2.8985e-04 -7.6098e-04 -8.2993e-04 -8.1439e-04 -7.3818e-04 -6.2517e-04 -4.9756e-04 -3.7331e-04 -2.6448e-04 -1.7709e-04 -1.1209e-04 -6.7048e-05 -3.7884e-05 -2.0203e-05 -1.0158e-05 -4.8097e-06 -2.1413e-06 -8.9492e-07 -3.5045e-07 -1.2833e-07 -4.3841e-08 -1.3940e-08 -4.1141e-09 -1.1238e-09 -2.8320e-10 -6.5622e-11 -1.3930e-11 -2.6981e-12 -4.7482e-13 -7.5567e-14 -1.0822e-14 -1.3872e-15 -1.5821e-16 -1.5955e-17 -1.4132e-18 -1.0912e-19 -7.2872e-21 -4.1729e-22 -2.0298e-23 -8.3030e-25 -2.8246e-26 -7.8966e-28 -1.7906e-29 -3.2468e-31 -4.6351e-33 -5.1221e-35 -4.3006e-37 -2.6882e-39 -1.2233e-41 -3.9541e-44 -8.8351e-47 -1.3245e-49 -1.2887e-52 -7.8449e-56 -2.8686e-59 -6.0217e-63 -6.8985e-67 -4.0759e-71 -1.1657e-75 -1.5029e-80 -8.0611e-86 -1.6427e-91 -1.1476e-97 -2.4451e-104 -1.3903e-111 -1.8108e-119 -4.5322e-128 -1.7799e-137 -8.6722e-148 -3.9879e-159 -1.2571e-171 -1.8651e-185 -8.3523e-201 -6.6572e-218 -5.0208e-237 -1.6744e-258 -9.8156e-283 -3.2750e-310 -0.0000e+00 -0.0000e+00 -0.0000e+00 -0.0000e+00 -0.0000e+00 -0.0000e+00 -0.0000e+00 -0.0000e+00 -0.0000e+00 -0.0000e+00 -0.0000e+00 -0.0000e+00 -0.0000e+00 -0.0000e+00 -0.0000e+00 -0.0000e+00 -0.0000e+00 -0.0000e+00 -0.0000e+00 -0.0000e+00 -0.0000e+00 -0.0000e+00 0.0000e+00 -7.5920e-04 -8.2558e-04 -8.0683e-04 -7.2752e-04 -6.1224e-04 -4.8365e-04 -3.5978e-04 -2.5246e-04 -1.6724e-04 -1.0462e-04 -6.1793e-05 -3.4441e-05 -1.8101e-05 -8.9613e-06 -4.1741e-06 -1.8266e-06 -7.4976e-07 -2.8814e-07 -1.0347e-07 -3.4642e-08 -1.0787e-08 -3.1157e-09 -8.3241e-10 -2.0506e-10 -4.6423e-11 -9.6226e-12 -1.8191e-12 -3.1230e-13 -4.8466e-14 -6.7653e-15 -8.4488e-16 -9.3852e-17 -9.2151e-18 -7.9436e-19 -5.9678e-20 -3.8765e-21 -2.1585e-22 -1.0207e-23 -4.0575e-25 -1.3411e-26 -3.6418e-28 -8.0192e-30 -1.4117e-31 -1.9562e-33 -2.0977e-35 -1.7087e-37 -1.0360e-39 -4.5716e-42 -1.4325e-44 -3.1024e-47 -4.5066e-50 -4.2477e-53 -2.5043e-56 -8.8660e-60 -1.8014e-63 -1.9967e-67 -1.1411e-71 -3.1557e-76 -3.9325e-81 -2.0378e-86 -4.0106e-92 -2.7046e-98 -5.5596e-105 -3.0484e-112 -3.8266e-120 -9.2249e-129 -3.4871e-138 -1.6342e-148 -7.2224e-160 -2.1862e-172 -3.1121e-186 -1.3358e-201 -1.0193e-218 -7.3517e-238 -2.3416e-259 -1.3091e-283 -4.1593e-311 -0.0000e+00 -0.0000e+00 -0.0000e+00 -0.0000e+00 -0.0000e+00 -0.0000e+00 -0.0000e+00 -0.0000e+00 -0.0000e+00 -0.0000e+00 -0.0000e+00 -0.0000e+00 -0.0000e+00 -0.0000e+00 -0.0000e+00 -0.0000e+00 -0.0000e+00 -0.0000e+00 -0.0000e+00 -0.0000e+00 -0.0000e+00 -0.0000e+00
-7.6098e-04 1.1577e-03 -1.1179e-03 -1.1168e-03 -1.0354e-03 -9.0090e-04 -7.3963e-04 -5.7458e-04 -4.2293e-04 -2.9509e-04 -1.9515e-04 -1.2226e-04 -7.2498e-05 -4.0648e-05 -2.1520e-05 -1.0743e-05 -5.0485e-06 -2.2293e-06 -9.2316e-07 -3.5773e-07 -1.2942e-07 -4.3601e-08 -1.3642e-08 -3.9526e-09 -1.0571e-09 -2.6009e-10 -5.8653e-11 -1.2076e-11 -2.2602e-12 -3.8280e-13 -5.8380e-14 -7.9744e-15 -9.7000e-16 -1.0442e-16 -9.8805e-18 -8.1589e-19 -5.8332e-20 -3.5801e-21 -1.8689e-22 -8.2145e-24 -3.0072e-25 -9.0610e-27 -2.2181e-28 -4.3496e-30 -6.7283e-32 -8.0727e-34 -7.3752e-36 -5.0280e-38 -2.5016e-40 -8.8643e-43 -2.1775e-45 -3.5996e-48 -3.8746e-51 -2.6186e-54 -1.0670e-57 -2.5057e-61 -3.2253e-65 -2.1509e-69 -6.9778e-74 -1.0259e-78 -6.3108e-84 -1.4841e-89 -1.2045e-95 -3.0029e-102 -2.0138e-109 -3.1199e-117 -9.3749e-126 -4.4653e-135 -2.6681e-145 -1.5231e-156 -6.0403e-169 -1.1444e-182 -6.6519e-198 -7.0084e-215 -7.1305e-234 -3.2819e-255 -2.7241e-279 -1.3248e-306 -0.0000e+00 -0.0000e+00 -0.0000e+00 -0.0000e+00 -0.0000e+00 -0.0000e+00 -0.0000e+00 -0.0000e+00 -0.0000e+00 -0.0000e+00 -0.0000e+00 -0.0000e+00 -0.0000e+00 -0.0000e+00 -0.0000e+00 -0.0000e+00 -0.0000e+00 -0.0000e+00 -0.0000e+00 -0.0000e+00 -0.0000e+00 -0.0000e+00 -7.5920e-04 0.0000e+00 -1.0949e-03 -1.0766e-03 -9.7847e-04 -8.3138e-04 -6.6425e-04 -5.0062e-04 -3.5651e-04 -2.4009e-04 -1.5294e-04 -9.2139e-05 -5.2469e-05 -2.8220e-05 -1.4321e-05 -6.8483e-06 -3.0818e-06 -1.3029e-06 -5.1652e-07 -1.9164e-07 -6.6393e-08 -2.1426e-08 -6.4242e-09 -1.7843e-09 -4.5768e-10 -1.0805e-10 -2.3393e-11 -4.6261e-12 -8.3210e-13 -1.3551e-13 -1.9882e-14 -2.6139e-15 -3.0618e-16 -3.1755e-17 -2.8963e-18 -2.3063e-19 -1.5907e-20 -9.4219e-22 -4.7483e-23 -2.0156e-24 -7.1286e-26 -2.0756e-27 -4.9111e-29 -9.3110e-31 -1.3928e-32 -1.6162e-34 -1.4283e-36 -9.4202e-39 -4.5348e-41 -1.5548e-43 -3.6956e-46 -5.9114e-49 -6.1570e-52 -4.0260e-55 -1.5871e-58 -3.6056e-62 -4.4888e-66 -2.8949e-70 -9.0801e-75 -1.2904e-79 -7.6704e-85 -1.7425e-90 -1.3656e-96 -3.2864e-103 -2.1264e-110 -3.1768e-118 -9.2004e-127 -4.2210e-136 -2.4277e-146 -1.3330e-157 -5.0808e-170 -9.2430e-184 -5.1542e-199 -5.2041e-216 -5.0681e-235 -2.2301e-256 -1.7671e-280 -8.1914e-308 -0.0000e+00 -0.0000e+00 -0.0000e+00 -0.0000e+00 -0.0000e+00 -0.0000e+00 -0.0000e+00 -0.0000e+00 -0.0000e+00 -0.0000e+00 -0.0000e+00 -0.0000e+00 -0.0000e+00 -0.0000e+00 -0.0000e+00 -0.0000e+00 -0.0000e+00 -0.0000e+00 -0.0000e+00 -0.0000e+00 -0.0000e+00 -0.0000e+00
-8.2993e-04 -1.1179e-03 2.5984e-03 -1.2964e-03 -1.2443e-03 -1.1269e-03 -9.6703e-04 -7.8786e-04 -6.0968e-04 -4.4802e-04 -3.1242e-04 -2.0653e-04 -1.2929e-04 -7.6541e-05 -4.2792e-05 -2.2557e-05 -1.1193e-05 -5.2188e-06 -2.2819e-06 -9.3374e-07 -3.5675e-07 -1.2695e-07 -4.1968e-08 -1.2852e-08 -3.6343e-09 -9.4592e-10 -2.2579e-10 -4.9237e-11 -9.7679e-12 -1.7549e-12 -2.8415e-13 -4.1247e-14 -5.3372e-15 -6.1183e-16 -6.1725e-17 -5.4409e-18 -4.1579e-19 -2.7314e-20 -1.5284e-21 -7.2128e-23 -2.8396e-24 -9.2171e-26 -2.4352e-27 -5.1640e-29 -8.6562e-31 -1.1279e-32 -1.1217e-34 -8.3448e-37 -4.5425e-39 -1.7660e-41 -4.7735e-44 -8.7103e-47 -1.0384e-49 -7.8000e-53 -3.5460e-56 -9.3288e-60 -1.3510e-63 -1.0184e-67 -3.7531e-72 -6.3018e-77 -4.4530e-82 -1.2104e-87 -1.1431e-93 -3.3403e-100 -2.6463e-107 -4.8848e-115 -1.7653e-123 -1.0215e-132 -7.4982e-143 -5.3229e-154 -2.6607e-166 -6.4479e-180 -4.8737e-195 -6.8000e-212 -9.3503e-231 -5.9505e-252 -7.0063e-276 -4.9757e-303 -0.0000e+00 -0.0000e+00 -0.0000e+00 -0.0000e+00 -0.0000e+00 -0.0000e+00 -0.0000e+00 -0.0000e+00 -0.0000e+00 -0.0000e+00 -0.0000e+00 -0.0000e+00 -0.0000e+00 -0.0000e+00 -0.0000e+00 -0.0000e+00 -0.0000e+00 -0.0000e+00 -0.0000e+00 -0.0000e+00 -0.0000e+00 -0.0000e+00 -8.2558e-04 -1.0949e-03 0.0000e+00 -1.1966e-03 -1.1016e-03 -9.5082e-04 -7.7373e-04 -5.9545e-04 -4.3407e-04 -2.9995e-04 -1.9650e-04 -1.2200e-04 -7.1751e-05 -3.9932e-05 -2.1008e-05 -1.0433e-05 -4.8841e-06 -2.1514e-06 -8.9006e-07 -3.4511e-07 -1.2512e-07 -4.2316e-08 -1.3313e-08 -3.8851e-09 -1.0483e-09 -2.6068e-10 -5.9517e-11 -1.2427e-11 -2.3631e-12 -4.0733e-13 -6.3334e-14 -8.8357e-15 -1.0997e-15 -1.2134e-16 -1.1790e-17 -1.0017e-18 -7.3814e-20 -4.6785e-21 -2.5271e-22 -1.1517e-23 -4.3802e-25 -1.3741e-26 -3.5096e-28 -7.1969e-30 -1.1669e-31 -1.4710e-33 -1.4155e-35 -1.0191e-37 -5.3694e-40 -2.0205e-42 -5.2868e-45 -9.3385e-48 -1.0777e-50 -7.8356e-54 -3.4478e-57 -8.7782e-61 -1.2301e-64 -8.9710e-69 -3.1979e-73 -5.1925e-78 -3.5471e-83 -9.3180e-89 -8.5012e-95 -2.3989e-101 -1.8344e-108 -3.2669e-116 -1.1383e-124 -6.3476e-134 -4.4869e-144 -3.0650e-155 -1.4731e-167 -3.4294e-181 -2.4878e-196 -3.3277e-213 -4.3818e-232 -2.6669e-253 -2.9991e-277 -2.0310e-304 -0.0000e+00 -0.0000e+00 -0.0000e+00 -0.0000e+00 -0.0000e+00 -0.0000e+00 -0.0000e+00 -0.0000e+00 -0.0000e+00 -0.0000e+00 -0.0000e+00 -0.0000e+00 -0.0000e+00 -0.0000e+00 -0.0000e+00 -0.0000e+00 -0.0000e+00 -0.0000e+00 -0.0000e+00 -0.0000e+00 -0.0000e+00 -0.0000e+00
-8.1439e-04 -1.1168e-03 -1.2964e-03 4.6044e-03 -1.3858e-03 -1.3167e-03 -1.1889e-03 -1.0209e-03 -8.3320e-04 -6.4586e-04 -4.7501e-04 -3.3109e-04 -2.1845e-04 -1.3626e-04 -8.0246e-05 -4.4554e-05 -2.3285e-05 -1.1435e-05 -5.2675e-06 -2.2713e-06 -9.1479e-07 -3.4333e-07 -1.1976e-07 -3.8721e-08 -1.1568e-08 -3.1834e-09 -8.0399e-10 -1.8565e-10 -3.9035e-11 -7.4399e-12 -1.2792e-12 -1.9738e-13 -2.7179e-14 -3.3194e-15 -3.5722e-16 -3.3631e-17 -2.7487e-18 -1.9340e-19 -1.1608e-20 -5.8853e-22 -2.4934e-23 -8.7250e-25 -2.4897e-26 -5.7135e-28 -1.0386e-29 -1.4708e-31 -1.5933e-33 -1.2944e-35 -7.7149e-38 -3.2930e-40 -9.8016e-43 -1.9756e-45 -2.6103e-48 -2.1809e-51 -1.1069e-54 -3.2646e-58 -5.3229e-62 -4.5386e-66 -1.9014e-70 -3.6489e-75 -2.9638e-80 -9.3183e-86 -1.0247e-91 -3.5122e-98 -3.2894e-105 -7.2400e-113 -3.1489e-121 -2.2154e-130 -1.9992e-140 -1.7662e-151 -1.1136e-163 -3.4548e-177 -3.3984e-192 -6.2843e-209 -1.1688e-227 -1.0294e-248 -1.7209e-272 -1.7865e-299 -0.0000e+00 -0.0000e+00 -0.0000e+00 -0.0000e+00 -0.0000e+00 -0.0000e+00 -0.0000e+00 -0.0000e+00 -0.0000e+00 -0.0000e+00 -0.0000e+00 -0.0000e+00 -0.0000e+00 -0.0000e+00 -0.0000e+00 -0.0000e+00 -0.0000e+00 -0.0000e+00 -0.0000e+00 -0.0000e+00 -0.0000e+00 -0.0000e+00 -8.0683e-04 -1.0766e-03 -1.1966e-03 0.0000e+00 -1.1296e-03 -9.9591e-04 -8.3059e-04 -6.5712e-04 -4.9385e-04 -3.5273e-04 -2.3941e-04 -1.5434e-04 -9.4427e-05 -5.4768e-05 -3.0076e-05 -1.5614e-05 -7.6512e-06 -3.5323e-06 -1.5333e-06 -6.2450e-07 -2.3809e-07 -8.4751e-08 -2.8092e-08 -8.6455e-09 -2.4626e-09 -6.4700e-10 -1.5623e-10 -3.4534e-11 -6.9589e-12 -1.2725e-12 -2.1011e-13 -3.1162e-14 -4.1278e-15 -4.8534e-16 -5.0318e-17 -4.5669e-18 -3.6004e-19 -2.4448e-20 -1.4169e-21 -6.9394e-23 -2.8412e-24 -9.6112e-26 -2.6522e-27 -5.8875e-29 -1.0355e-30 -1.4191e-32 -1.4881e-34 -1.1703e-36 -6.7530e-39 -2.7908e-41 -8.0436e-44 -1.5699e-46 -2.0085e-49 -1.6247e-52 -7.9840e-56 -2.2794e-59 -3.5972e-63 -2.9683e-67 -1.2031e-71 -2.2333e-76 -1.7541e-81 -5.3313e-87 -5.6652e-93 -1.8756e-99 -1.6960e-106 -3.6021e-114 -1.5109e-122 -1.0246e-131 -8.9060e-142 -7.5731e-153 -4.5919e-165 -1.3689e-178 -1.2926e-193 -2.2921e-210 -4.0834e-229 -3.4401e-250 -5.4940e-274 -5.4397e-301 -0.0000e+00 -0.0000e+00 -0.0000e+00 -0.0000e+00 -0.0000e+00 -0.0000e+00 -0.0000e+00 -0.0000e+00 -0.0000e+00 -0.0000e+00 -0.0000e+00 -0.0000e+00 -0.0000e+00 -0.0000e+00 -0.0000e+00 -0.0000e+00 -0.0000e+00 -0.0000e+00 -0.0000e+00 -0.0000e+00 -0.0000e+00 -0.0000e+00
-7.3818e-04 -1.0354e-03 -1.2443e-03 -1.3858e-03 7.1658e-03 -1.4599e-03 -1.3899e-03 -1.2585e-03 -1.0827e-03 -8.8410e-04 -6.8456e-04 -5.0211e-04 -3.4851e-04 -2.2866e-04 -1.4164e-04 -8.2724e-05 -4.5489e-05 -2.3514e-05 -1.1405e-05 -5.1807e-06 -2.1993e-06 -8.7053e-07 -3.2046e-07 -1.0942e-07 -3.4547e-08 -1.0055e-08 -2.6879e-09 -6.5754e-10 -1.4660e-10 -2.9654e-11 -5.4169e-12 -8.8894e-13 -1.3032e-13 -1.6966e-14 -1.9486e-15 -1.9604e-16 -1.7145e-17 -1.2926e-18 -8.3264e-20 -4.5375e-21 -2.0697e-22 -7.8114e-24 -2.4086e-25 -5.9843e-27 -1.1802e-28 -1.8172e-30 -2.1455e-32 -1.9043e-34 -1.2432e-36 -5.8287e-39 -1.9113e-41 -4.2574e-44 -6.2373e-47 -5.7988e-50 -3.2876e-53 -1.0874e-56 -1.9971e-60 -1.9271e-64 -9.1820e-69 -2.0148e-73 -1.8821e-78 -6.8476e-84 -8.7728e-90 -3.5287e-96 -3.9090e-103 -1.0264e-110 -5.3755e-119 -4.6007e-128 -5.1072e-138 -5.6186e-149 -4.4710e-161 -1.7769e-174 -2.2763e-189 -5.5829e-206 -1.4056e-224 -1.7145e-245 -4.0732e-269 -6.1861e-296 -0.0000e+00 -0.0000e+00 -0.0000e+00 -0.0000e+00 -0.0000e+00 -0.0000e+00 -0.0000e+00 -0.0000e+00 -0.0000e+00 -0.0000e+00 -0.0000e+00 -0.0000e+00 -0.0000e+00 -0.0000e+00 -0.0000e+00 -0.0000e+00 -0.0000e+00 -0.0000e+00 -0.0000e+00 -0.0000e+00 -0.0000e+00 -0.0000e+00 -7.2752e-04 -9.7847e-04 -1.1016e-03 -1.1296e-03 0.0000e+00 -9.7969e-04 -8.4188e-04 -6.8851e-04 -5.3640e-04 -3.9815e-04 -2.8143e-04 -1.8930e-04 -1.2103e-04 -7.3460e-05 -4.2267e-05 -2.3017e-05 -1.1842e-05 -5.7453e-06 -2.6232e-06 -1.1247e-06 -4.5172e-07 -1.6954e-07 -5.9298e-08 -1.9272e-08 -5.8015e-09 -1.6123e-09 -4.1216e-10 -9.6539e-11 -2.0632e-11 -4.0051e-12 -7.0276e-13 -1.1088e-13 -1.5642e-14 -1.9610e-15 -2.1703e-16 -2.1055e-17 -1.7766e-18 -1.2931e-19 -8.0446e-21 -4.2359e-22 -1.8677e-23 -6.8161e-25 -2.0329e-26 -4.8869e-28 -9.3271e-30 -1.3901e-31 -1.5890e-33 -1.3656e-35 -8.6334e-38 -3.9199e-40 -1.2449e-42 -2.6856e-45 -3.8104e-48 -3.4306e-51 -1.8834e-54 -6.0316e-58 -1.0724e-61 -1.0016e-65 -4.6180e-70 -9.8032e-75 -8.8566e-80 -3.1155e-85 -3.8576e-91 -1.4990e-97 -1.6035e-104 -4.0635e-112 -2.0528e-120 -1.6937e-129 -1.8112e-139 -1.9181e-150 -1.4681e-162 -5.6074e-176 -6.8964e-191 -1.6222e-207 -3.9126e-226 -4.5658e-247 -1.0364e-270 -1.5014e-297 -0.0000e+00 -0.0000e+00 -0.0000e+00 -0.0000e+00 -0.0000e+00 -0.0000e+00 -0.0000e+00 -0.0000e+00 -0.0000e+00 -0.0000e+00 -0.0000e+00 -0.0000e+00 -0.0000e+00 -0.0000e+00 -0.0000e+00 -0.0000e+00 -0.0000e+00 -0.0000e+00 -0.0000e+00 -0.0000e+00 -0.0000e+00 -0.0000e+00
-6.2517e-04 -9.0090e-04 -1.1269e-03 -1.3167e-03 -1.4599e-03 1.0272e-02 -1.5460e-03 -1.4746e-03 -1.3353e-03 -1.1469e-03 -9.3365e-04 -7.1981e-04 -5.2511e-04 -3.6214e-04 -2.3585e-04 -1.4487e-04 -8.3819e-05 -4.5606e-05 -2.3297e-05 -1.1151e-05 -4.9913e-06 -2.0844e-06 -8.1008e-07 -2.9221e-07 -9.7544e-08 -3.0037e-08 -8.5032e-09 -2.2046e-09 -5.2139e-10 -1.1199e-10 -2.1742e-11 -3.7962e-12 -5.9279e-13 -8.2292e-14 -1.0091e-14 -1.0852e-15 -1.0160e-16 -8.2112e-18 -5.6783e-19 -3.3273e-20 -1.6347e-21 -6.6565e-23 -2.2186e-24 -5.9703e-26 -1.2779e-27 -2.1402e-29 -2.7549e-31 -2.6723e-33 -1.9117e-35 -9.8487e-38 -3.5591e-40 -8.7645e-43 -1.4243e-45 -1.4740e-48 -9.3384e-52 -3.4655e-55 -7.1723e-59 -7.8351e-63 -4.2477e-67 -1.0662e-71 -1.1459e-76 -4.8270e-82 -7.2081e-88 -3.4040e-94 -4.4626e-101 -1.3986e-108 -8.8253e-117 -9.1937e-126 -1.2562e-135 -1.7220e-146 -1.7306e-158 -8.8171e-172 -1.4720e-186 -4.7920e-203 -1.6346e-221 -2.7637e-242 -9.3393e-266 -2.0772e-292 -7.9051e-323 -0.0000e+00 -0.0000e+00 -0.0000e+00 -0.0000e+00 -0.0000e+00 -0.0000e+00 -0.0000e+00 -0.0000e+00 -0.0000e+00 -0.0000e+00 -0.0000e+00 -0.0000e+00 -0.0000e+00 -0.0000e+00 -0.0000e+00 -0.0000e+00 -0.0000e+00 -0.0000e+00 -0.0000e+00 -0.0000e+00 -0.0000e+00 -6.1224e-04 -8.3138e-04 -9.5082e-04 -9.9591e-04 -9.7969e-04 0.0000e+00 -8.1318e-04 -6.9046e-04 -5.5993e-04 -4.3354e-04 -3.2024e-04 -2.2542e-04 -1.5101e-04 -9.6142e-05 -5.8077e-05 -3.3231e-05 -1.7978e-05 -9.1784e-06 -4.4129e-06 -1.9937e-06 -8.4435e-07 -3.3439e-07 -1.2350e-07 -4.2412e-08 -1.3502e-08 -3.9712e-09 -1.0753e-09 -2.6699e-10 -6.0543e-11 -1.2482e-11 -2.3284e-12 -3.9096e-13 -5.8758e-14 -7.8567e-15 -9.2857e-16 -9.6320e-17 -8.7020e-18 -6.7908e-19 -4.5364e-20 -2.5689e-21 -1.2202e-22 -4.8055e-24 -1.5495e-25 -4.0350e-27 -8.3595e-29 -1.3554e-30 -1.6894e-32 -1.5870e-34 -1.0996e-36 -5.4867e-39 -1.9206e-41 -4.5811e-44 -7.2109e-47 -7.2280e-50 -4.4347e-53 -1.5937e-56 -3.1933e-60 -3.3769e-64 -1.7717e-68 -4.3030e-73 -4.4733e-78 -1.8220e-83 -2.6298e-89 -1.1999e-95 -1.5192e-102 -4.5958e-110 -2.7975e-118 -2.8097e-127 -3.6987e-137 -4.8813e-148 -4.7191e-160 -2.3107e-173 -3.7040e-188 -1.1566e-204 -3.7797e-223 -6.1146e-244 -1.9744e-267 -4.1894e-294 -0.0000e+00 -0.0000e+00 -0.0000e+00 -0.0000e+00 -0.0000e+00 -0.0000e+00 -0.0000e+00 -0.0000e+00 -0.0000e+00 -0.0000e+00 -0.0000e+00 -0.0000e+00 -0.0000e+00 -0.0000e+00 -0.0000e+00 -0.0000e+00 -0.0000e+00 -0.0000e+00 -0.0000e+00 -0.0000e+00 -0.0000e+00 -0.0000e+00
-4.9756e-04 -7.3963e-04 -9.6703e-04 -1.1889e-03 -1.3899e-03 -1.5460e-03 1.3913e-02 -1.6401e-03 -1.5614e-03 -1.4093e-03 -1.2053e-03 -9.7632e-04 -7.4844e-04 -5.4255e-04 -3.7154e-04 -2.4007e-04 -1.4618e-04 -8.3750e-05 -4.5071e-05 -2.2742e-05 -1.0737e-05 -4.7323e-06 -1.9424e-06 -7.4052e-07 -2.6145e-07 -8.5216e-08 -2.5555e-08 -7.0245e-09 -1.7629e-09 -4.0219e-10 -8.3021e-11 -1.5428e-11 -2.5668e-12 -3.8011e-13 -4.9777e-14 -5.7249e-15 -5.7389e-16 -4.9737e-17 -3.6938e-18 -2.3281e-19 -1.2323e-20 -5.4160e-22 -1.9519e-23 -5.6908e-25 -1.3224e-26 -2.4098e-28 -3.3830e-30 -3.5878e-32 -2.8135e-34 -1.5932e-36 -6.3476e-39 -1.7287e-41 -3.1174e-44 -3.5928e-47 -2.5444e-50 -1.0599e-53 -2.4728e-57 -3.0596e-61 -1.8881e-65 -5.4239e-70 -6.7103e-75 -3.2741e-80 -5.7015e-86 -3.1630e-92 -4.9098e-99 -1.8378e-106 -1.3980e-114 -1.7738e-123 -2.9851e-133 -5.1023e-144 -6.4810e-156 -4.2361e-169 -9.2239e-184 -3.9893e-200 -1.8453e-218 -4.3291e-239 -2.0832e-262 -6.7933e-289 -3.8306e-319 -0.0000e+00 -0.0000e+00 -0.0000e+00 -0.0000e+00 -0.0000e+00 -0.0000e+00 -0.0000e+00 -0.0000e+00 -0.0000e+00 -0.0000e+00 -0.0000e+00 -0.0000e+00 -0.0000e+00 -0.0000e+00 -0.0000e+00 -0.0000e+00 -0.0000e+00 -0.0000e+00 -0.0000e+00 -0.0000e+00 -0.0000e+00 -4.8365e-04 -6.6425e-04 -7.7373e-04 -8.3059e-04 -8.4188e-04 -8.1318e-04 0.0000e+00 -6.6442e-04 -5.6252e-04 -4.5551e-04 -3.5239e-04 -2.6007e-04 -1.8285e-04 -1.2227e-04 -7.7628e-05 -4.6717e-05 -2.6599e-05 -1.4300e-05 -7.2444e-06 -3.4507e-06 -1.5418e-06 -6.4461e-07 -2.5149e-07 -9.1303e-08 -3.0749e-08 -9.5749e-09 -2.7470e-09 -7.2332e-10 -1.7409e-10 -3.8131e-11 -7.5641e-12 -1.3520e-12 -2.1655e-13 -3.0892e-14 -3.9000e-15 -4.3268e-16 -4.1865e-17 -3.5038e-18 -2.5140e-19 -1.5315e-20 -7.8388e-22 -3.3324e-23 -1.1620e-24 -3.2789e-26 -7.3760e-28 -1.3014e-29 -1.7693e-31 -1.8173e-33 -1.3804e-35 -7.5721e-38 -2.9225e-40 -7.7102e-43 -1.3468e-45 -1.5036e-48 -1.0313e-51 -4.1603e-55 -9.3988e-59 -1.1258e-62 -6.7243e-67 -1.8692e-71 -2.2370e-76 -1.0555e-81 -1.7767e-87 -9.5240e-94 -1.4278e-100 -5.1591e-108 -3.7862e-116 -4.6318e-125 -7.5105e-135 -1.2360e-145 -1.5104e-157 -9.4885e-171 -1.9840e-185 -8.2307e-202 -3.6476e-220 -8.1887e-241 -3.7652e-264 -1.1715e-290 -6.2895e-321 -0.0000e+00 -0.0000e+00 -0.0000e+00 -0.0000e+00 -0.0000e+00 -0.0000e+00 -0.0000e+00 -0.0000e+00 -0.0000e+00 -0.0000e+00 -0.0000e+00 -0.0000e+00 -0.0000e+00 -0.0000e+00 -0.0000e+00 -0.0000e+00 -0.0000e+00 -0.0000e+00 -0.0000e+00 -0.0000e+00 -0.0000e+00
-3.7331e-04 -5.7458e-04 -7.8786e-04 -1.0209e-03 -1.2585e-03 -1.4746e-03 -1.6401e-03 1.8079e-02 -1.7305e-03 -1.6407e-03 -1.4740e-03 -1.2545e-03 -1.0107e-03 -7.7027e-04 -5.5481e-04 -3.7724e-04 -2.4183e-04 -1.4594e-04 -8.2776e-05 -4.4044e-05 -2.1941e-05 -1.0210e-05 -4.4278e-06 -1.7847e-06 -6.6665e-07 -2.3007e-07 -7.3110e-08 -2.1314e-08 -5.6781e-09 -1.3764e-09 -3.0217e-10 -5.9783e-11 -1.0601e-11 -1.6751e-12 -2.3436e-13 -2.8832e-14 -3.0959e-15 -2.8781e-16 -2.2962e-17 -1.5572e-18 -8.8833e-20 -4.2152e-21 -1.6432e-22 -5.1922e-24 -1.3104e-25 -2.5991e-27 -3.9807e-29 -4.6172e-31 -3.9704e-33 -2.4724e-35 -1.0864e-37 -3.2734e-40 -6.5527e-43 -8.4135e-46 -6.6636e-49 -3.1169e-52 -8.2018e-56 -1.1499e-59 -8.0816e-64 -2.6583e-68 -3.7877e-73 -2.1418e-78 -4.3520e-84 -2.8378e-90 -5.2190e-97 -2.3346e-104 -2.1424e-112 -3.3130e-121 -6.8723e-131 -1.4658e-141 -2.3552e-153 -1.9766e-166 -5.6191e-181 -3.2319e-197 -2.0293e-215 -6.6137e-236 -4.5373e-259 -2.1723e-285 -1.8594e-315 -0.0000e+00 -0.0000e+00 -0.0000e+00 -0.0000e+00 -0.0000e+00 -0.0000e+00 -0.0000e+00 -0.0000e+00 -0.0000e+00 -0.0000e+00 -0.0000e+00 -0.0000e+00 -0.0000e+00 -0.0000e+00 -0.0000e+00 -0.0000e+00 -0.0000e+00 -0.0000e+00 -0.0000e+00 -0.0000e+00 -0.0000e+00 -3.5978e-04 -5.0062e-04 -5.9545e-04 -6.5712e-04 -6.8851e-04 -6.9046e-04 -6.6442e-04 0.0000e+00 -5.4355e-04 -4.6113e-04 -3.7415e-04 -2.8987e-04 -2.1409e-04 -1.5049e-04 -1.0050e-04 -6.3647e-05 -3.8158e-05 -2.1614e-05 -1.1543e-05 -5.7991e-06 -2.7347e-06 -1.2074e-06 -4.9780e-07 -1.9111e-07 -6.8111e-08 -2.2461e-08 -6.8298e-09 -1.9077e-09 -4.8747e-10 -1.1346e-10 -2.3942e-11 -4.5569e-12 -7.7801e-13 -1.1845e-13 -1.5978e-14 -1.8964e-15 -1.9657e-16 -1.7649e-17 -1.3605e-18 -8.9191e-20 -4.9205e-21 -2.2586e-22 -8.5202e-24 -2.6058e-25 -6.3669e-27 -1.2229e-28 -1.8139e-30 -2.0379e-32 -1.6976e-34 -1.0241e-36 -4.3593e-39 -1.2726e-41 -2.4678e-44 -3.0695e-47 -2.3548e-50 -1.0668e-53 -2.7183e-57 -3.6897e-61 -2.5100e-65 -7.9896e-70 -1.1013e-74 -6.0225e-80 -1.1830e-85 -7.4542e-92 -1.3241e-98 -5.7179e-106 -5.0625e-114 -7.5487e-123 -1.5088e-132 -3.0987e-143 -4.7900e-155 -3.8641e-168 -1.0549e-182 -5.8199e-199 -3.5015e-217 -1.0920e-237 -7.1591e-261 -3.2704e-287 -2.6663e-317 -0.0000e+00 -0.0000e+00 -0.0000e+00 -0.0000e+00 -0.0000e+00 -0.0000e+00 -0.0000e+00 -0.0000e+00 -0.0000e+00 -0.0000e+00 -0.0000e+00 -0.0000e+00 -0.0000e+00 -0.0000e+00 -0.0000e+00 -0.0000e+00 -0.0000e+00 -0.0000e+00 -0.0000e+00 -0.0000e+00 -0.0000e+00
-2.6448e-04 -4.2293e-04 -6.0968e-04 -8.3320e-04 -1.0827e-03 -1.3353e-03 -1.5614e-03 -1.7305e-03 2.2763e-02 -1.8104e-03 -1.7088e-03 -1.5283e-03 -1.2944e-03 -1.0375e-03 -7.8631e-04 -5.6281e-04 -3.7998e-04 -2.4164e-04 -1.4449e-04 -8.1105e-05 -4.2646e-05 -2.0961e-05 -9.6067e-06 -4.0951e-06 -1.6190e-06 -5.9179e-07 -1.9934e-07 -6.1654e-08 -1.7441e-08 -4.4933e-09 -1.0495e-09 -2.2113e-10 -4.1808e-11 -7.0513e-12 -1.0543e-12 -1.3879e-13 -1.5968e-14 -1.5928e-15 -1.3656e-16 -9.9677e-18 -6.1307e-19 -3.1418e-20 -1.3253e-21 -4.5401e-23 -1.2449e-24 -2.6885e-26 -4.4940e-28 -5.7032e-30 -5.3799e-32 -3.6853e-34 -1.7867e-36 -5.9589e-39 -1.3248e-41 -1.8959e-44 -1.6801e-47 -8.8287e-51 -2.6215e-54 -4.1669e-58 -3.3369e-62 -1.2575e-66 -2.0647e-71 -1.3539e-76 -3.2120e-82 -2.4635e-88 -5.3715e-95 -2.8736e-102 -3.1836e-110 -6.0051e-119 -1.5367e-128 -4.0937e-139 -8.3280e-151 -8.9835e-164 -3.3376e-178 -2.5557e-194 -2.1811e-212 -9.8875e-233 -9.6843e-256 -6.8176e-282 -8.8724e-312 -0.0000e+00 -0.0000e+00 -0.0000e+00 -0.0000e+00 -0.0000e+00 -0.0000e+00 -0.0000e+00 -0.0000e+00 -0.0000e+00 -0.0000e+00 -0.0000e+00 -0.0000e+00 -0.0000e+00 -0.0000e+00 -0.0000e+00 -0.0000e+00 -0.0000e+00 -0.0000e+00 -0.0000e+00 -0.0000e+00 -0.0000e+00 -2.5246e-04 -3.5651e-04 -4.3407e-04 -4.9385e-04 -5.3640e-04 -5.5993e-04 -5.6252e-04 -5.4355e-04 0.0000e+00 -4.4893e-04 -3.8241e-04 -3.1126e-04 -2.4167e-04 -1.7867e-04 -1.2556e-04 -8.3728e-05 -5.2879e-05 -3.1568e-05 -1.7778e-05 -9.4245e-06 -4.6920e-06 -2.1884e-06 -9.5377e-07 -3.8732e-07 -1.4612e-07 -5.1047e-08 -1.6456e-08 -4.8772e-09 -1.3236e-09 -3.2748e-10 -7.3527e-11 -1.4906e-11 -2.7136e-12 -4.4102e-13 -6.3583e-14 -8.0762e-15 -8.9706e-16 -8.6432e-17 -7.1609e-18 -5.0531e-19 -3.0058e-20 -1.4903e-21 -6.0833e-23 -2.0173e-24 -5.3555e-26 -1.1201e-27 -1.8134e-29 -2.2293e-31 -2.0372e-33 -1.3520e-35 -6.3508e-38 -2.0521e-40 -4.4200e-43 -6.1279e-46 -5.2602e-49 -2.6773e-52 -7.6985e-56 -1.1848e-59 -9.1844e-64 -3.3494e-68 -5.3206e-73 -3.3743e-78 -7.7390e-84 -5.7358e-90 -1.2080e-96 -6.2390e-104 -6.6691e-112 -1.2130e-120 -2.9911e-130 -7.6729e-141 -1.5018e-152 -1.5572e-165 -5.5560e-180 -4.0813e-196 -3.3374e-214 -1.4479e-234 -1.3552e-257 -9.1032e-284 -1.1285e-313 -0.0000e+00 -0.0000e+00 -0.0000e+00 -0.0000e+00 -0.0000e+00 -0.0000e+00 -0.0000e+00 -0.0000e+00 -0.0000e+00 -0.0000e+00 -0.0000e+00 -0.0000e+00 -0.0000e+00 -0.0000e+00 -0.0000e+00 -0.0000e+00 -0.0000e+00 -0.0000e+00 -0.0000e+00 -0.0000e+00 -0.0000e+00
-1.7709e-04 -2.9509e-04 -4.4802e-04 -6.4586e-04 -8.8410e-04 -1.1469e-03 -1.4093e-03 -1.6407e-03 -1.8104e-03 2.7961e-02 -1.8786e-03 -1.7662e-03 -1.5732e-03 -1.3267e-03 -1.0583e-03 -7.9771e-04 -5.6743e-04 -3.8036e-04 -2.3989e-04 -1.4209e-04 -7.8888e-05 -4.0965e-05 -1.9850e-05 -8.9517e-06 -3.7468e-06 -1.4511e-06 -5.1830e-07 -1.7012e-07 -5.1118e-08 -1.4002e-08 -3.4805e-09 -7.8128e-10 -1.5753e-10 -2.8369e-11 -4.5345e-12 -6.3896e-13 -7.8798e-14 -8.4371e-15 -7.7759e-16 -6.1112e-17 -4.0538e-18 -2.2446e-19 -1.0249e-20 -3.8080e-22 -1.1348e-23 -2.6697e-25 -4.8725e-27 -6.7683e-29 -7.0070e-31 -5.2826e-33 -2.8271e-35 -1.0441e-37 -2.5792e-40 -4.1160e-43 -4.0831e-46 -2.4119e-49 -8.0857e-53 -1.4579e-56 -1.3311e-60 -5.7505e-65 -1.0888e-69 -8.2848e-75 -2.2964e-80 -2.0731e-86 -5.3632e-93 -3.4340e-100 -4.5969e-108 -1.0586e-116 -3.3449e-126 -1.1141e-136 -2.8726e-148 -3.9872e-161 -1.9383e-175 -1.9785e-191 -2.2980e-209 -1.4512e-229 -2.0325e-252 -2.1075e-278 -4.1779e-308 -0.0000e+00 -0.0000e+00 -0.0000e+00 -0.0000e+00 -0.0000e+00 -0.0000e+00 -0.0000e+00 -0.0000e+00 -0.0000e+00 -0.0000e+00 -0.0000e+00 -0.0000e+00 -0.0000e+00 -0.0000e+00 -0.0000e+00 -0.0000e+00 -0.0000e+00 -0.0000e+00 -0.0000e+00 -0.0000e+00 -0.0000e+00 -1.6724e-04 -2.4009e-04 -2.9995e-04 -3.5273e-04 -3.9815e-04 -4.3354e-04 -4.5551e-04 -4.6113e-04 -4.4893e-04 0.0000e+00 -3.7538e-04 -3.2120e-04 -2.6230e-04 -2.0406e-04 -1.5098e-04 -1.0604e-04 -7.0576e-05 -4.4423e-05 -2.6391e-05 -1.4766e-05 -7.7637e-06 -3.8265e-06 -1.7634e-06 -7.5774e-07 -3.0270e-07 -1.1205e-07 -3.8309e-08 -1.2051e-08 -3.4742e-09 -9.1401e-10 -2.1843e-10 -4.7179e-11 -9.1610e-12 -1.5899e-12 -2.4507e-13 -3.3322e-14 -3.9676e-15 -4.1037e-16 -3.6551e-17 -2.7773e-18 -1.7819e-19 -9.5458e-21 -4.2183e-22 -1.5173e-23 -4.3782e-25 -9.9751e-27 -1.7634e-28 -2.3729e-30 -2.3800e-32 -1.7385e-34 -9.0145e-37 -3.2257e-39 -7.7202e-42 -1.1936e-44 -1.1471e-47 -6.5629e-51 -2.1307e-54 -3.7200e-58 -3.2879e-62 -1.3746e-66 -2.5180e-71 -1.8531e-76 -4.9661e-82 -4.3324e-88 -1.0827e-94 -6.6927e-102 -8.6446e-110 -1.9197e-118 -5.8451e-128 -1.8747e-138 -4.6507e-150 -6.2055e-163 -2.8971e-177 -2.8369e-193 -3.1575e-211 -1.9082e-231 -2.5541e-254 -2.5270e-280 -4.7721e-310 -0.0000e+00 -0.0000e+00 -0.0000e+00 -0.0000e+00 -0.0000e+00 -0.0000e+00 -0.0000e+00 -0.0000e+00 -0.0000e+00 -0.0000e+00 -0.0000e+00 -0.0000e+00 -0.0000e+00 -0.0000e+00 -0.0000e+00 -0.0000e+00 -0.0000e+00 -0.0000e+00 -0.0000e+00 -0.0000e+00 -0.0000e+00
-1.1209e-04 -1.9515e-04 -3.1242e-04 -4.7501e-04 -6.8456e-04 -9.3365e-04 -1.2053e-03 -1.4740e-03 -1.7088e-03 -1.8786e-03 3.3672e-02 -1.9367e-03 -1.8149e-03 -1.6108e-03 -1.3530e-03 -1.0743e-03 -8.0544e-04 -5.6932e-04 -3.7882e-04 -2.3687e-04 -1.3891e-04 -7.6236e-05 -3.9068e-05 -1.8646e-05 -8.2653e-06 -3.3927e-06 -1.2854e-06 -4.4790e-07 -1.4300e-07 -4.1660e-08 -1.1025e-08 -2.6374e-09 -5.6736e-10 -1.0913e-10 -1.8654e-11 -2.8147e-12 -3.7220e-13 -4.2793e-14 -4.2414e-15 -3.5904e-16 -2.5697e-17 -1.5379e-18 -7.6041e-20 -3.0657e-21 -9.9340e-23 -2.5468e-24 -5.0774e-26 -7.7236e-28 -8.7795e-30 -7.2881e-32 -4.3076e-34 -1.7626e-36 -4.8404e-39 -8.6188e-42 -9.5766e-45 -6.3624e-48 -2.4096e-51 -4.9317e-55 -5.1372e-59 -2.5458e-63 -5.5621e-68 -4.9150e-73 -1.5930e-78 -1.6940e-84 -5.2042e-91 -3.9919e-98 -6.4627e-106 -1.8188e-114 -7.1035e-124 -2.9612e-134 -9.6888e-146 -1.7326e-158 -1.1036e-172 -1.5037e-188 -2.3807e-206 -2.0977e-226 -4.2086e-249 -6.4397e-275 -1.9486e-304 -0.0000e+00 -0.0000e+00 -0.0000e+00 -0.0000e+00 -0.0000e+00 -0.0000e+00 -0.0000e+00 -0.0000e+00 -0.0000e+00 -0.0000e+00 -0.0000e+00 -0.0000e+00 -0.0000e+00 -0.0000e+00 -0.0000e+00 -0.0000e+00 -0.0000e+00 -0.0000e+00 -0.0000e+00 -0.0000e+00 -0.0000e+00 -1.0462e-04 -1.5294e-04 -1.9650e-04 -2.3941e-04 -2.8143e-04 -3.2024e-04 -3.5239e-04 -3.7415e-04 -3.8241e-04 -3.7538e-04 0.0000e+00 -3.1783e-04 -2.7311e-04 -2.2368e-04 -1.7430e-04 -1.2899e-04 -9.0502e-05 -6.0081e-05 -3.7665e-05 -2.2251e-05 -1.2359e-05 -6.4390e-06 -3.1387e-06 -1.4275e-06 -6.0402e-07 -2.3702e-07 -8.5961e-08 -2.8710e-08 -8.7957e-09 -2.4613e-09 -6.2625e-10 -1.4417e-10 -2.9869e-11 -5.5374e-12 -9.1286e-13 -1.3292e-13 -1.6971e-14 -1.8850e-15 -1.8057e-16 -1.4780e-17 -1.0232e-18 -5.9247e-20 -2.8353e-21 -1.1066e-22 -3.4724e-24 -8.6218e-26 -1.6650e-27 -2.4537e-29 -2.7023e-31 -2.1735e-33 -1.2448e-35 -4.9352e-38 -1.3132e-40 -2.2654e-43 -2.4385e-46 -1.5693e-49 -5.7559e-53 -1.1407e-56 -1.1503e-60 -5.5170e-65 -1.1662e-69 -9.9673e-75 -3.1233e-80 -3.2098e-86 -9.5257e-93 -7.0543e-100 -1.1020e-107 -2.9908e-116 -1.1257e-125 -4.5187e-136 -1.4225e-147 -2.4455e-160 -1.4959e-174 -1.9555e-190 -2.9667e-208 -2.5018e-228 -4.7968e-251 -7.0038e-277 -2.0189e-306 -0.0000e+00 -0.0000e+00 -0.0000e+00 -0.0000e+00 -0.0000e+00 -0.0000e+00 -0.0000e+00 -0.0000e+00 -0.0000e+00 -0.0000e+00 -0.0000e+00 -0.0000e+00 -0.0000e+00 -0.0000e+00 -0.0000e+00 -0.0000e+00 -0.0000e+00 -0.0000e+00 -0.0000e+00 -0.0000e+00 -0.0000e+00
-6.7048e-05 -1.2226e-04 -2.0653e-04 -3.3109e-04 -5.0211e-04 -7.1981e-04 -9.7632e-04 -1.2545e-03 -1.5283e-03 -1.7662e-03 -1.9367e-03 3.9900e-02 -1.9867e-03 -1.8567e-03 -1.6428e-03 -1.3746e-03 -1.0866e-03 -8.1020e-04 -5.6898e-04 -3.7570e-04 -2.3280e-04 -1.3508e-04 -7.3236e-05 -3.7004e-05 -1.7378e-05 -7.5632e-06 -3.0405e-06 -1.1252e-06 -3.8186e-07 -1.1836e-07 -3.3357e-08 -8.5073e-09 -1.9533e-09 -4.0146e-10 -7.3416e-11 -1.1867e-11 -1.6832e-12 -2.0789e-13 -2.2167e-14 -2.0221e-15 -1.5622e-16 -1.0110e-17 -5.4154e-19 -2.3701e-20 -8.3547e-22 -2.3353e-23 -5.0881e-25 -8.4801e-27 -1.0590e-28 -9.6845e-31 -6.3251e-33 -2.8691e-35 -8.7643e-38 -1.7423e-40 -2.1697e-43 -1.6223e-46 -6.9459e-50 -1.6148e-53 -1.9204e-57 -1.0925e-61 -2.7565e-66 -2.8310e-71 -1.0738e-76 -1.3463e-82 -4.9163e-89 -4.5219e-96 -8.8631e-104 -3.0516e-112 -1.4749e-121 -7.7047e-132 -3.2030e-143 -7.3896e-156 -6.1757e-170 -1.1251e-185 -2.4321e-203 -2.9955e-223 -8.6255e-246 -1.9518e-271 -9.0357e-301 -0.0000e+00 -0.0000e+00 -0.0000e+00 -0.0000e+00 -0.0000e+00 -0.0000e+00 -0.0000e+00 -0.0000e+00 -0.0000e+00 -0.0000e+00 -0.0000e+00 -0.0000e+00 -0.0000e+00 -0.0000e+00 -0.0000e+00 -0.0000e+00 -0.0000e+00 -0.0000e+00 -0.0000e+00 -0.0000e+00 -0.0000e+00 -6.1793e-05 -9.2139e-05 -1.2200e-04 -1.5434e-04 -1.8930e-04 -2.2542e-04 -2.6007e-04 -2.8987e-04 -3.1126e-04 -3.2120e-04 -3.1783e-04 0.0000e+00 -2.7226e-04 -2.3483e-04 -1.9279e-04 -1.5040e-04 -1.1127e-04 -7.7938e-05 -5.1576e-05 -3.2180e-05 -1.8889e-05 -1.0406e-05 -5.3673e-06 -2.5847e-06 -1.1588e-06 -4.8215e-07 -1.8557e-07 -6.5827e-08 -2.1438e-08 -6.3832e-09 -1.7298e-09 -4.2459e-10 -9.3892e-11 -1.8600e-11 -3.2807e-12 -5.1177e-13 -7.0094e-14 -8.3637e-15 -8.6201e-16 -7.6033e-17 -5.6818e-18 -3.5579e-19 -1.8447e-20 -7.8164e-22 -2.6682e-23 -7.2235e-25 -1.5246e-26 -2.4617e-28 -2.9785e-30 -2.6394e-32 -1.6703e-34 -7.3417e-37 -2.1731e-39 -4.1855e-42 -5.0496e-45 -3.6574e-48 -1.5166e-51 -3.4140e-55 -3.9307e-59 -2.1643e-63 -5.2835e-68 -5.2484e-73 -1.9247e-78 -2.3322e-84 -8.2270e-91 -7.3060e-98 -1.3818e-105 -4.5880e-114 -2.1370e-123 -1.0750e-133 -4.3001e-145 -9.5372e-158 -7.6549e-172 -1.3380e-187 -2.7715e-205 -3.2670e-225 -8.9907e-248 -1.9413e-273 -8.5615e-303 -0.0000e+00 -0.0000e+00 -0.0000e+00 -0.0000e+00 -0.0000e+00 -0.0000e+00 -0.0000e+00 -0.0000e+00 -0.0000e+00 -0.0000e+00 -0.0000e+00 -0.0000e+00 -0.0000e+00 -0.0000e+00 -0.0000e+00 -0.0000e+00 -0.0000e+00 -0.0000e+00 -0.0000e+00 -0.0000e+00 -0.0000e+00
-3.7884e-05 -7.2498e-05 -1.2929e-04 -2.1845e-04 -3.4851e-04 -5.2511e-04 -7.4844e-04 -1.0107e-03 -1.2944e-03 -1.5732e-03 -1.8149e-03 -1.9867e-03 4.6651e-02 -2.0308e-03 -1.8935e-03 -1.6704e-03 -1.3926e-03 -1.0958e-03 -8.1252e-04 -5.6676e-04 -3.7121e-04 -2.2782e-04 -1.3072e-04 -6.9954e-05 -3.4818e-05 -1.6072e-05 -6.8587e-06 -2.6966e-06 -9.7311e-07 -3.2103e-07 -9.6396e-08 -2.6221e-08 -6.4279e-09 -1.4123e-09 -2.7641e-10 -4.7881e-11 -7.2883e-12 -9.6739e-13 -1.1103e-13 -1.0919e-14 -9.1094e-16 -6.3776e-17 -3.7030e-18 -1.7602e-19 -6.7532e-21 -2.0591e-22 -4.9058e-24 -8.9630e-26 -1.2303e-27 -1.2403e-29 -8.9562e-32 -4.5065e-34 -1.5323e-36 -3.4029e-39 -4.7528e-42 -4.0024e-45 -1.9386e-48 -5.1230e-52 -6.9616e-56 -4.5505e-60 -1.3270e-64 -1.5853e-69 -7.0435e-75 -1.0422e-80 -4.5285e-87 -5.0001e-94 -1.1878e-101 -5.0094e-110 -2.9999e-119 -1.9664e-129 -1.0402e-140 -3.1006e-153 -3.4056e-167 -8.3097e-183 -2.4570e-200 -4.2384e-220 -1.7554e-242 -5.8876e-268 -4.1806e-297 -0.0000e+00 -0.0000e+00 -0.0000e+00 -0.0000e+00 -0.0000e+00 -0.0000e+00 -0.0000e+00 -0.0000e+00 -0.0000e+00 -0.0000e+00 -0.0000e+00 -0.0000e+00 -0.0000e+00 -0.0000e+00 -0.0000e+00 -0.0000e+00 -0.0000e+00 -0.0000e+00 -0.0000e+00 -0.0000e+00 -0.0000e+00 -3.4441e-05 -5.2469e-05 -7.1751e-05 -9.4427e-05 -1.2103e-04 -1.5101e-04 -1.8285e-04 -2.1409e-04 -2.4167e-04 -2.6230e-04 -2.7311e-04 -2.7226e-04 0.0000e+00 -2.3568e-04 -2.0394e-04 -1.6775e-04 -1.3093e-04 -9.6793e-05 -6.7640e-05 -4.4590e-05 -2.7670e-05 -1.6125e-05 -8.8028e-06 -4.4900e-06 -2.1337e-06 -9.4172e-07 -3.8477e-07 -1.4502e-07 -5.0225e-08 -1.5918e-08 -4.5963e-09 -1.2033e-09 -2.8413e-10 -6.0173e-11 -1.1360e-11 -1.8992e-12 -2.7916e-13 -3.5799e-14 -3.9715e-15 -3.7767e-16 -3.0479e-17 -2.0649e-18 -1.1605e-19 -5.3408e-21 -1.9843e-22 -5.8605e-24 -1.3526e-25 -2.3942e-27 -3.1842e-29 -3.1105e-31 -2.1766e-33 -1.0612e-35 -3.4964e-38 -7.5235e-41 -1.0180e-43 -8.3046e-47 -3.8958e-50 -9.9696e-54 -1.3116e-57 -8.2977e-62 -2.3413e-66 -2.7055e-71 -1.1622e-76 -1.6621e-82 -6.9764e-89 -7.4372e-96 -1.7049e-103 -6.9340e-112 -4.0018e-121 -2.5261e-131 -1.2857e-142 -3.6845e-155 -3.8868e-169 -9.0989e-185 -2.5781e-202 -4.2565e-222 -1.6850e-244 -5.3925e-270 -3.6476e-299 -0.0000e+00 -0.0000e+00 -0.0000e+00 -0.0000e+00 -0.0000e+00 -0.0000e+00 -0.0000e+00 -0.0000e+00 -0.0000e+00 -0.0000e+00 -0.0000e+00 -0.0000e+00 -0.0000e+00 -0.0000e+00 -0.0000e+00 -0.0000e+00 -0.0000e+00 -0.0000e+00 -0.0000e+00 -0.0000e+00 -0.0000e+00
-2.0203e-05 -4.0648e-05 -7.6541e-05 -1.3626e-04 -2.2866e-04 -3.6214e-04 -5.4255e-04 -7.7027e-04 -1.0375e-03 -1.3267e-03 -1.6108e-03 -1.8567e-03 -2.0308e-03 5.3935e-02 -2.0705e-03 -1.9265e-03 -1.6948e-03 -1.4078e-03 -1.1026e-03 -8.1278e-04 -5.6292e-04 -3.6555e-04 -2.2208e-04 -1.2591e-04 -6.6446e-05 -3.2545e-05 -1.4749e-05 -6.1629e-06 -2.3659e-06 -8.3110e-07 -2.6599e-07 -7.7200e-08 -2.0216e-08 -4.7500e-09 -9.9549e-10 -1.8488e-10 -3.0215e-11 -4.3121e-12 -5.3295e-13 -5.6531e-14 -5.0957e-15 -3.8616e-16 -2.4315e-17 -1.2560e-18 -5.2476e-20 -1.7465e-21 -4.5523e-23 -9.1231e-25 -1.3773e-26 -1.5315e-28 -1.2236e-30 -6.8341e-33 -2.5882e-35 -6.4260e-38 -1.0073e-40 -9.5612e-44 -5.2433e-47 -1.5764e-50 -2.4498e-54 -1.8415e-58 -6.2125e-63 -8.6422e-68 -4.5021e-73 -7.8708e-79 -4.0736e-85 -5.4056e-92 -1.5584e-99 -8.0606e-108 -5.9892e-117 -4.9335e-127 -3.3256e-138 -1.2830e-150 -1.8552e-164 -6.0742e-180 -2.4616e-197 -5.9603e-217 -3.5589e-239 -1.7737e-264 -1.9370e-293 -0.0000e+00 -0.0000e+00 -0.0000e+00 -0.0000e+00 -0.0000e+00 -0.0000e+00 -0.0000e+00 -0.0000e+00 -0.0000e+00 -0.0000e+00 -0.0000e+00 -0.0000e+00 -0.0000e+00 -0.0000e+00 -0.0000e+00 -0.0000e+00 -0.0000e+00 -0.0000e+00 -0.0000e+00 -0.0000e+00 -0.0000e+00 -1.8101e-05 -2.8220e-05 -3.9932e-05 -5.4768e-05 -7.3460e-05 -9.6142e-05 -1.2227e-04 -1.5049e-04 -1.7867e-04 -2.0406e-04 -2.2368e-04 -2.3483e-04 -2.3568e-04 0.0000e+00 -2.0595e-04 -1.7870e-04 -1.4720e-04 -1.1489e-04 -8.4814e-05 -5.9096e-05 -3.8782e-05 -2.3915e-05 -1.3825e-05 -7.4718e-06 -3.7649e-06 -1.7633e-06 -7.6514e-07 -3.0652e-07 -1.1294e-07 -3.8117e-08 -1.1732e-08 -3.2773e-09 -8.2668e-10 -1.8724e-10 -3.7852e-11 -6.7851e-12 -1.0708e-12 -1.4766e-13 -1.7641e-14 -1.8095e-15 -1.5778e-16 -1.1571e-17 -7.0526e-19 -3.5271e-20 -1.4272e-21 -4.6007e-23 -1.1617e-24 -2.2557e-26 -3.2997e-28 -3.5555e-30 -2.7528e-32 -1.4898e-34 -5.4675e-37 -1.3153e-39 -1.9976e-42 -1.8367e-45 -9.7558e-49 -2.8403e-52 -4.2733e-56 -3.1090e-60 -1.0149e-64 -1.3656e-69 -6.8787e-75 -1.1623e-80 -5.8112e-87 -7.4455e-94 -2.0714e-101 -1.0332e-109 -7.3987e-119 -5.8692e-129 -3.8068e-140 -1.4119e-152 -1.9609e-166 -6.1598e-182 -2.3925e-199 -5.5437e-219 -3.1637e-241 -1.5046e-266 -1.5654e-295 -0.0000e+00 -0.0000e+00 -0.0000e+00 -0.0000e+00 -0.0000e+00 -0.0000e+00 -0.0000e+00 -0.0000e+00 -0.0000e+00 -0.0000e+00 -0.0000e+00 -0.0000e+00 -0.0000e+00 -0.0000e+00 -0.0000e+00 -0.0000e+00 -0.0000e+00 -0.0000e+00 -0.0000e+00 -0.0000e+00 -0.0000e+00
-1.0158e-05 -2.1520e-05 -4.2792e-05 -8.0246e-05 -1.4164e-04 -2.3585e-04 -3.7154e-04 -5.5481e-04 -7.8631e-04 -1.0583e-03 -1.3530e-03 -1.6428e-03 -1.8935e-03 -2.0705e-03 6.1766e-02 -2.1071e-03 -1.9567e-03 -1.7166e-03 -1.4206e-03 -1.1072e-03 -8.1124e-04 -5.5763e-04 -3.5883e-04 -2.1564e-04 -1.2071e-04 -6.2762e-05 -3.0217e-05 -1.3426e-05 -5.4854e-06 -2.0527e-06 -7.0057e-07 -2.1705e-07 -6.0742e-08 -1.5271e-08 -3.4285e-09 -6.8303e-10 -1.1991e-10 -1.8409e-11 -2.4514e-12 -2.8061e-13 -2.7344e-14 -2.2442e-15 -1.5333e-16 -8.6116e-18 -3.9207e-19 -1.4251e-20 -4.0667e-22 -8.9452e-24 -1.4863e-25 -1.8242e-27 -1.6137e-29 -1.0011e-31 -4.2263e-34 -1.1740e-36 -2.0672e-39 -2.2134e-42 -1.3754e-45 -4.7088e-49 -8.3761e-53 -7.2476e-57 -2.8316e-61 -4.5914e-66 -2.8077e-71 -5.8060e-77 -3.5838e-83 -5.7227e-90 -2.0048e-97 -1.2736e-105 -1.1759e-114 -1.2191e-124 -1.0490e-135 -5.2470e-148 -1.0008e-161 -4.4058e-177 -2.4526e-194 -8.3547e-214 -7.2101e-236 -5.3544e-261 -9.0198e-290 -6.4229e-323 -0.0000e+00 -0.0000e+00 -0.0000e+00 -0.0000e+00 -0.0000e+00 -0.0000e+00 -0.0000e+00 -0.0000e+00 -0.0000e+00 -0.0000e+00 -0.0000e+00 -0.0000e+00 -0.0000e+00 -0.0000e+00 -0.0000e+00 -0.0000e+00 -0.0000e+00 -0.0000e+00 -0.0000e+00 -0.0000e+00 -8.9613e-06 -1.4321e-05 -2.1008e-05 -3.0076e-05 -4.2267e-05 -5.8077e-05 -7.7628e-05 -1.0050e-04 -1.2556e-04 -1.5098e-04 -1.7430e-04 -1.9279e-04 -2.0394e-04 -2.0595e-04 0.0000e+00 -1.8149e-04 -1.5783e-04 -1.3013e-04 -1.0152e-04 -7.4792e-05 -5.1928e-05 -3.3900e-05 -2.0759e-05 -1.1893e-05 -6.3570e-06 -3.1608e-06 -1.4572e-06 -6.2077e-07 -2.4344e-07 -8.7529e-08 -2.8729e-08 -8.5677e-09 -2.3097e-09 -5.5976e-10 -1.2123e-10 -2.3312e-11 -3.9522e-12 -5.8628e-13 -7.5468e-14 -8.3542e-15 -7.8754e-16 -6.2549e-17 -4.1370e-18 -2.2497e-19 -9.9192e-21 -3.4923e-22 -9.6548e-24 -2.0577e-25 -3.3129e-27 -3.9402e-29 -3.3777e-31 -2.0306e-33 -8.3069e-36 -2.2359e-38 -3.8145e-41 -3.9564e-44 -2.3813e-47 -7.8949e-51 -1.3596e-54 -1.1387e-58 -4.3048e-63 -6.7518e-68 -3.9923e-73 -7.9790e-79 -4.7579e-85 -7.3358e-92 -2.4800e-99 -1.5194e-107 -1.3520e-116 -1.3499e-126 -1.1177e-137 -5.3745e-150 -9.8471e-164 -4.1586e-179 -2.2185e-196 -7.2331e-216 -5.9661e-238 -4.2280e-263 -6.7853e-292 -0.0000e+00 -0.0000e+00 -0.0000e+00 -0.0000e+00 -0.0000e+00 -0.0000e+00 -0.0000e+00 -0.0000e+00 -0.0000e+00 -0.0000e+00 -0.0000e+00 -0.0000e+00 -0.0000e+00 -0.0000e+00 -0.0000e+00 -0.0000e+00 -0.0000e+00 -0.0000e+00 -0.0000e+00 -0.0000e+00 -0.0000e+00
-4.8097e-06 -1.0743e-05 -2.2557e-05 -4.4554e-05 -8.2724e-05 -1.4487e-04 -2.4007e-04 -3.7724e-04 -5.6281e-04 -7.9771e-04 -1.0743e-03 -1.3746e-03 -1.6704e-03 -1.9265e-03 -2.1071e-03 7.0160e-02 -2.1414e-03 -1.9850e-03 -1.7366e-03 -1.4316e-03 -1.1101e-03 -8.0809e-04 -5.5104e-04 -3.5116e-04 -2.0860e-04 -1.1519e-04 -5.8945e-05 -2.7862e-05 -1.2121e-05 -4.8342e-06 -1.7602e-06 -5.8245e-07 -1.7428e-07 -4.6904e-08 -1.1287e-08 -2.4134e-09 -4.5535e-10 -7.5246e-11 -1.0802e-11 -1.3351e-12 -1.4073e-13 -1.2516e-14 -9.2851e-16 -5.6736e-17 -2.8164e-18 -1.1188e-19 -3.4976e-21 -8.4503e-23 -1.5464e-24 -2.0965e-26 -2.0549e-28 -1.4172e-30 -6.6743e-33 -2.0761e-35 -4.1099e-38 -4.9683e-41 -3.5018e-44 -1.3665e-47 -2.7851e-51 -2.7769e-55 -1.2578e-59 -2.3800e-64 -1.7105e-69 -4.1890e-75 -3.0877e-81 -5.9415e-88 -2.5330e-95 -1.9794e-103 -2.2746e-112 -2.9732e-122 -3.2716e-133 -2.1257e-145 -5.3591e-159 -3.1791e-174 -2.4367e-191 -1.1708e-210 -1.4643e-232 -1.6251e-257 -4.2366e-286 -4.9505e-319 -0.0000e+00 -0.0000e+00 -0.0000e+00 -0.0000e+00 -0.0000e+00 -0.0000e+00 -0.0000e+00 -0.0000e+00 -0.0000e+00 -0.0000e+00 -0.0000e+00 -0.0000e+00 -0.0000e+00 -0.0000e+00 -0.0000e+00 -0.0000e+00 -0.0000e+00 -0.0000e+00 -0.0000e+00 -0.0000e+00 -4.1741e-06 -6.8483e-06 -1.0433e-05 -1.5614e-05 -2.3017e-05 -3.3231e-05 -4.6717e-05 -6.3647e-05 -8.3728e-05 -1.0604e-04 -1.2899e-04 -1.5040e-04 -1.6775e-04 -1.7870e-04 -1.8149e-04 0.0000e+00 -1.6115e-04 -1.4040e-04 -1.1580e-04 -9.0250e-05 -6.6323e-05 -4.5856e-05 -2.9759e-05 -1.8080e-05 -1.0257e-05 -5.4163e-06 -2.6543e-06 -1.2029e-06 -5.0232e-07 -1.9251e-07 -6.7415e-08 -2.1473e-08 -6.1897e-09 -1.6059e-09 -3.7280e-10 -7.6942e-11 -1.4020e-11 -2.2387e-12 -3.1066e-13 -3.7135e-14 -3.7867e-15 -3.2592e-16 -2.3406e-17 -1.3848e-18 -6.6578e-20 -2.5618e-21 -7.7591e-23 -1.8164e-24 -3.2209e-26 -4.2316e-28 -4.0193e-30 -2.6863e-32 -1.2259e-34 -3.6950e-37 -7.0872e-40 -8.2998e-43 -5.6663e-46 -2.1412e-49 -4.2253e-53 -4.0777e-57 -1.7872e-61 -3.2712e-66 -2.2732e-71 -5.3807e-77 -3.8316e-83 -7.1190e-90 -2.9289e-97 -2.2072e-105 -2.4446e-114 -3.0773e-124 -3.2583e-135 -2.0355e-147 -4.9286e-161 -2.8051e-176 -2.0604e-193 -9.4753e-213 -1.1327e-234 -1.1997e-259 -2.9795e-288 -3.3102e-321 -0.0000e+00 -0.0000e+00 -0.0000e+00 -0.0000e+00 -0.0000e+00 -0.0000e+00 -0.0000e+00 -0.0000e+00 -0.0000e+00 -0.0000e+00 -0.0000e+00 -0.0000e+00 -0.0000e+00 -0.0000e+00 -0.0000e+00 -0.0000e+00 -0.0000e+00 -0.0000e+00 -0.0000e+00 -0.0000e+00
