2.6588e-04 -1.9047e-04 -2.0803e-04 -2.0454e-04 -1.8588e-04 -1.5791e-04 -1.2613e-04 -9.5023e-05 -6.7631e-05 -4.5510e-05 -2.8961e-05 -1.7424e-05 -9.9050e-06 -5.3161e-06 -2.6909e-06 -1.2829e-06 -5.7524e-07 -2.4217e-07 -9.5542e-08 -3.5251e-08 -1.2136e-08 -3.8887e-09 -1.1567e-09 -3.1843e-10 -8.0880e-11 -1.8889e-11 -4.0412e-12 -7.8889e-13 -1.3991e-13 -2.2440e-14 -3.2384e-15 -4.1826e-16 -4.8065e-17 -4.8837e-18 -4.3576e-19 -3.3894e-20 -2.2800e-21 -1.3150e-22 -6.4422e-24 -2.6537e-25 -9.0907e-27 -2.5590e-28 -5.8422e-30 -1.0665e-31 -1.5328e-33 -1.7050e-35 -1.4410e-37 -9.0666e-40 -4.1527e-42 -1.3509e-44 -3.0380e-47 -4.5833e-50 -4.4879e-53 -2.7494e-56 -1.0117e-59 -2.1372e-63 -2.4639e-67 -1.4650e-71 -4.2165e-76 -5.4706e-81 -2.9529e-86 -6.0559e-92 -4.2578e-98 -9.1300e-105 -5.2250e-112 -6.8497e-120 -1.7257e-128 -6.8219e-138 -3.3459e-148 -1.5490e-159 -4.9158e-172 -7.3434e-186 -3.3113e-201 -2.6577e-218 -2.0185e-237 -6.7800e-259 -4.0031e-283 -1.3454e-310 0.0000e+00 0.0000e+00 0.0000e+00 0.0000e+00 0.0000e+00 0.0000e+00 0.0000e+00 0.0000e+00 0.0000e+00 0.0000e+00 0.0000e+00 0.0000e+00 0.0000e+00 0.0000e+00 0.0000e+00 0.0000e+00 0.0000e+00 0.0000e+00 0.0000e+00 0.0000e+00 0.0000e+00 0.0000e+00 0.0000e+00 1.8958e-04 2.0585e-04 2.0076e-04 1.8055e-04 1.5145e-04 1.1918e-04 8.8259e-05 6.1617e-05 4.0586e-05 2.5228e-05 1.4796e-05 8.1835e-06 4.2650e-06 2.0924e-06 9.6507e-07 4.1788e-07 1.6959e-07 6.4388e-08 2.2823e-08 7.5361e-09 2.3123e-09 6.5749e-10 1.7276e-10 4.1812e-11 9.2895e-12 1.8876e-12 3.4938e-13 5.8653e-14 8.8889e-15 1.2100e-15 1.4712e-16 1.5886e-17 1.5135e-18 1.2636e-19 9.1746e-21 5.7469e-22 3.0782e-23 1.3964e-24 5.3096e-26 1.6731e-27 4.3154e-29 8.9883e-31 1.4896e-32 1.9327e-34 1.9284e-36 1.4508e-38 8.0531e-41 3.2188e-43 9.0160e-46 1.7161e-48 2.1427e-51 1.6834e-54 7.9060e-58 2.0716e-61 2.7052e-65 1.3036e-69 -2.3978e-74 -3.4302e-78 -7.7768e-83 -5.8727e-88 -1.5238e-93 -1.2794e-99 -3.1550e-106 -2.0218e-113 -2.9092e-121 -7.9201e-130 -3.3412e-139 -1.7306e-149 -8.3859e-161 -2.7644e-173 -4.2605e-187 -1.9701e-202 -1.6125e-219 -1.2426e-238 -4.2144e-260 -2.5012e-284 -8.4126e-312 0.0000e+00 0.0000e+00 0.0000e+00 0.0000e+00 0.0000e+00 0.0000e+00 0.0000e+00 0.0000e+00 0.0000e+00 0.0000e+00 0.0000e+00 0.0000e+00 0.0000e+00 0.0000e+00 0.0000e+00 0.0000e+00 0.0000e+00 0.0000e+00 0.0000e+00 0.0000e+00 0.0000e+00 0.0000e+00
-1.9047e-04 1.0629e-03 -2.8237e-04 -2.8424e-04 -2.6601e-04 -2.3398e-04 -1.9442e-04 -1.5301e-04 -1.1416e-04 -8.0781e-05 -5.4187e-05 -3.4434e-05 -2.0709e-05 -1.1773e-05 -6.3183e-06 -3.1961e-06 -1.5213e-06 -6.8011e-07 -2.8502e-07 -1.1172e-07 -4.0869e-08 -1.3916e-08 -4.3992e-09 -1.2873e-09 -3.4758e-10 -8.6308e-11 -1.9637e-11 -4.0779e-12 -7.6963e-13 -1.3141e-13 -2.0199e-14 -2.7802e-15 -3.4070e-16 -3.6942e-17 -3.5205e-18 -2.9272e-19 -2.1070e-20 -1.3018e-21 -6.8396e-23 -3.0255e-24 -1.1146e-25 -3.3790e-27 -8.3218e-29 -1.6416e-30 -2.5543e-32 -3.0825e-34 -2.8323e-36 -1.9418e-38 -9.7152e-41 -3.4615e-43 -8.5496e-46 -1.4209e-48 -1.5377e-51 -1.0447e-54 -4.2791e-58 -1.0101e-61 -1.3069e-65 -8.7600e-70 -2.8563e-74 -4.2205e-79 -2.6092e-84 -6.1664e-90 -5.0292e-96 -1.2600e-102 -8.4906e-110 -1.3218e-117 -3.9910e-126 -1.9101e-135 -1.1467e-145 -6.5772e-157 -2.6208e-169 -4.9886e-183 -2.9134e-198 -3.0840e-215 -3.1524e-234 -1.4577e-255 -1.2156e-279 -5.9392e-307 0.0000e+00 0.0000e+00 0.0000e+00 0.0000e+00 0.0000e+00 0.0000e+00 0.0000e+00 0.0000e+00 0.0000e+00 0.0000e+00 0.0000e+00 0.0000e+00 0.0000e+00 0.0000e+00 0.0000e+00 0.0000e+00 0.0000e+00 0.0000e+00 0.0000e+00 0.0000e+00 0.0000e+00 0.0000e+00 1.8958e-04 0.0000e+00 2.7085e-04 2.6415e-04 2.3753e-04 1.9922e-04 1.5673e-04 1.1602e-04 8.0954e-05 5.3280e-05 3.3082e-05 1.9373e-05 1.0694e-05 5.5592e-06 2.7184e-06 1.2487e-06 5.3789e-07 2.1689e-07 8.1697e-08 2.8677e-08 9.3563e-09 2.8290e-09 7.9015e-10 2.0311e-10 4.7858e-11 1.0288e-11 2.0069e-12 3.5307e-13 5.5598e-14 7.7637e-15 9.4958e-16 9.9947e-17 8.7959e-18 6.1113e-19 2.8378e-20 9.0841e-23 -1.4253e-22 -1.7203e-23 -1.3056e-24 -7.3911e-26 -3.2629e-27 -1.1375e-28 -3.1314e-30 -6.7636e-32 -1.1343e-33 -1.4573e-35 -1.4114e-37 -1.0116e-39 -5.2547e-42 -1.9324e-44 -4.9013e-47 -8.3283e-50 -9.1783e-53 -6.3283e-56 -2.6223e-59 -6.2449e-63 -8.1295e-67 -5.4698e-71 -1.7863e-75 -2.6381e-80 -1.6269e-85 -3.8284e-91 -3.1035e-97 -7.7149e-104 -5.1501e-111 -7.9294e-119 -2.3642e-127 -1.1155e-136 -6.5927e-147 -3.7165e-158 -1.4532e-170 -2.7100e-184 -1.5481e-199 -1.6001e-216 -1.5943e-235 -7.1733e-257 -5.8089e-281 -2.7505e-308 0.0000e+00 0.0000e+00 0.0000e+00 0.0000e+00 0.0000e+00 0.0000e+00 0.0000e+00 0.0000e+00 0.0000e+00 0.0000e+00 0.0000e+00 0.0000e+00 0.0000e+00 0.0000e+00 0.0000e+00 0.0000e+00 0.0000e+00 0.0000e+00 0.0000e+00 0.0000e+00 0.0000e+00 0.0000e+00
-2.0803e-04 -2.8237e-04 2.3893e-03 -3.3666e-04 -3.2912e-04 -3.0406e-04 -2.6643e-04 -2.2167e-04 -1.7512e-04 -1.3129e-04 -9.3317e-05 -6.2820e-05 -4.0005e-05 -2.4068e-05 -1.3661e-05 -7.3049e-06 -3.6738e-06 -1.7347e-06 -7.6765e-07 -3.1770e-07 -1.2270e-07 -4.4113e-08 -1.4727e-08 -4.5521e-09 -1.2989e-09 -3.4100e-10 -8.2076e-11 -1.8042e-11 -3.6069e-12 -6.5289e-13 -1.0648e-13 -1.5565e-14 -2.0278e-15 -2.3400e-16 -2.3760e-17 -2.1075e-18 -1.6204e-19 -1.0708e-20 -6.0269e-22 -2.8602e-23 -1.1323e-24 -3.6952e-26 -9.8146e-28 -2.0921e-29 -3.5246e-31 -4.6154e-33 -4.6124e-35 -3.4478e-37 -1.8856e-39 -7.3643e-42 -1.9996e-44 -3.6650e-47 -4.3883e-50 -3.3105e-53 -1.5114e-56 -3.9927e-60 -5.8059e-64 -4.3943e-68 -1.6259e-72 -2.7409e-77 -1.9443e-82 -5.3052e-88 -5.0292e-94 -1.4751e-100 -1.1730e-107 -2.1732e-115 -7.8820e-124 -4.5775e-133 -3.3720e-143 -2.4022e-154 -1.2050e-166 -2.9303e-180 -2.2225e-195 -3.1116e-212 -4.2931e-231 -2.7413e-252 -3.2386e-276 -2.3077e-303 0.0000e+00 0.0000e+00 0.0000e+00 0.0000e+00 0.0000e+00 0.0000e+00 0.0000e+00 0.0000e+00 0.0000e+00 0.0000e+00 0.0000e+00 0.0000e+00 0.0000e+00 0.0000e+00 0.0000e+00 0.0000e+00 0.0000e+00 0.0000e+00 0.0000e+00 0.0000e+00 0.0000e+00 0.0000e+00 2.0585e-04 2.7085e-04 0.0000e+00 2.8675e-04 2.5777e-04 2.1604e-04 1.6978e-04 1.2547e-04 8.7314e-05 5.7249e-05 3.5358e-05 2.0556e-05 1.1235e-05 5.7638e-06 2.7694e-06 1.2429e-06 5.1925e-07 2.0104e-07 7.1716e-08 2.3383e-08 6.8855e-09 1.7954e-09 3.9915e-10 6.8824e-11 5.9193e-12 -1.6187e-12 -1.0618e-12 -3.6338e-13 -9.5476e-14 -2.0907e-14 -3.9274e-15 -6.4020e-16 -9.0902e-17 -1.1241e-17 -1.2072e-18 -1.1209e-19 -8.9473e-21 -6.0965e-22 -3.5176e-23 -1.7031e-24 -6.8498e-26 -2.2630e-27 -6.0655e-29 -1.3011e-30 -2.2005e-32 -2.8863e-34 -2.8835e-36 -2.1508e-38 -1.1718e-40 -4.5524e-43 -1.2278e-45 -2.2324e-48 -2.6483e-51 -1.9771e-54 -8.9227e-58 -2.3277e-61 -3.3389e-65 -2.4904e-69 -9.0722e-74 -1.5042e-78 -1.0486e-83 -2.8089e-89 -2.6117e-95 -7.5067e-102 -5.8435e-109 -1.0588e-116 -3.7522e-125 -2.1269e-134 -1.5276e-144 -1.0599e-155 -5.1719e-168 -1.2221e-181 -8.9946e-197 -1.2204e-213 -1.6294e-232 -1.0053e-253 -1.1457e-277 -7.8611e-305 0.0000e+00 0.0000e+00 0.0000e+00 0.0000e+00 0.0000e+00 0.0000e+00 0.0000e+00 0.0000e+00 0.0000e+00 0.0000e+00 0.0000e+00 0.0000e+00 0.0000e+00 0.0000e+00 0.0000e+00 0.0000e+00 0.0000e+00 0.0000e+00 0.0000e+00 0.0000e+00 0.0000e+00 0.0000e+00
-2.0454e-04 -2.8424e-04 -3.3666e-04 4.2422e-03 -3.7910e-04 -3.7035e-04 -3.4365e-04 -3.0281e-04 -2.5319e-04 -2.0070e-04 -1.5067e-04 -1.0702e-04 -7.1851e-05 -4.5544e-05 -2.7224e-05 -1.5326e-05 -8.1140e-06 -4.0335e-06 -1.8793e-06 -8.1915e-07 -3.3331e-07 -1.2631e-07 -4.4471e-08 -1.4506e-08 -4.3704e-09 -1.2124e-09 -3.0858e-10 -7.1788e-11 -1.5202e-11 -2.9174e-12 -5.0495e-13 -7.8415e-14 -1.0864e-14 -1.3348e-15 -1.4448e-16 -1.3679e-17 -1.1241e-18 -7.9505e-20 -4.7965e-21 -2.4439e-22 -1.0404e-23 -3.6576e-25 -1.0485e-26 -2.4168e-28 -4.4123e-30 -6.2748e-32 -6.8260e-34 -5.5678e-36 -3.3315e-38 -1.4275e-40 -4.2650e-43 -8.6284e-46 -1.1442e-48 -9.5934e-52 -4.8862e-55 -1.4460e-58 -2.3656e-62 -2.0237e-66 -8.5056e-71 -1.6375e-75 -1.3342e-80 -4.2078e-86 -4.6413e-92 -1.5956e-98 -1.4988e-105 -3.3085e-113 -1.4431e-121 -1.0182e-130 -9.2144e-141 -8.1633e-152 -5.1610e-164 -1.6056e-177 -1.5836e-192 -2.9363e-209 -5.4758e-228 -4.8352e-249 -8.1047e-273 -8.4351e-300 0.0000e+00 0.0000e+00 0.0000e+00 0.0000e+00 0.0000e+00 0.0000e+00 0.0000e+00 0.0000e+00 0.0000e+00 0.0000e+00 0.0000e+00 0.0000e+00 0.0000e+00 0.0000e+00 0.0000e+00 0.0000e+00 0.0000e+00 0.0000e+00 0.0000e+00 0.0000e+00 0.0000e+00 0.0000e+00 2.0076e-04 2.6415e-04 2.8675e-04 0.0000e+00 2.5098e-04 2.0997e-04 1.6449e-04 1.2094e-04 8.3514e-05 5.4127e-05 3.2869e-05 1.8648e-05 9.8401e-06 4.7975e-06 2.1386e-06 8.5619e-07 2.9729e-07 8.2051e-08 1.2262e-08 -4.2528e-09 -5.0414e-09 -2.9736e-09 -1.3637e-09 -5.3213e-10 -1.8250e-10 -5.5796e-11 -1.5302e-11 -3.7726e-12 -8.3609e-13 -1.6628e-13 -2.9593e-14 -4.6954e-15 -6.6119e-16 -8.2203e-17 -8.9700e-18 -8.5345e-19 -7.0287e-20 -4.9706e-21 -2.9920e-22 -1.5182e-23 -6.4263e-25 -2.2431e-26 -6.3754e-28 -1.4554e-29 -2.6284e-31 -3.6939e-33 -3.9673e-35 -3.1922e-37 -1.8826e-39 -7.9445e-42 -2.3359e-44 -4.6474e-47 -6.0564e-50 -4.9869e-53 -2.4928e-56 -7.2351e-60 -1.1601e-63 -9.7212e-68 -3.9995e-72 -7.5319e-77 -5.9992e-82 -1.8482e-87 -1.9901e-93 -6.6738e-100 -6.1106e-107 -1.3138e-114 -5.5766e-123 -3.8257e-132 -3.3632e-142 -2.8917e-153 -1.7724e-165 -5.3401e-179 -5.0951e-194 -9.1274e-211 -1.6424e-229 -1.3973e-250 -2.2531e-274 -2.2521e-301 0.0000e+00 0.0000e+00 0.0000e+00 0.0000e+00 0.0000e+00 0.0000e+00 0.0000e+00 0.0000e+00 0.0000e+00 0.0000e+00 0.0000e+00 0.0000e+00 0.0000e+00 0.0000e+00 0.0000e+00 0.0000e+00 0.0000e+00 0.0000e+00 0.0000e+00 0.0000e+00 0.0000e+00 0.0000e+00
-1.8588e-04 -2.6601e-04 -3.2912e-04 -3.7910e-04 6.6186e-03 -4.2747e-04 -4.1976e-04 -3.9088e-04 -3.4487e-04 -2.8809e-04 -2.2768e-04 -1.7013e-04 -1.2011e-04 -8.0036e-05 -5.0294e-05 -2.9768e-05 -1.6574e-05 -8.6671e-06 -4.2499e-06 -1.9505e-06 -8.3608e-07 -3.3399e-07 -1.2403e-07 -4.2698e-08 -1.3588e-08 -3.9844e-09 -1.0728e-09 -2.6424e-10 -5.9300e-11 -1.2071e-11 -2.2184e-12 -3.6615e-13 -5.3980e-14 -7.0651e-15 -8.1562e-16 -8.2466e-17 -7.2469e-18 -5.4893e-19 -3.5518e-20 -1.9440e-21 -8.9048e-23 -3.3745e-24 -1.0446e-25 -2.6055e-27 -5.1576e-29 -7.9704e-31 -9.4439e-33 -8.4111e-35 -5.5097e-37 -2.5917e-39 -8.5257e-42 -1.9050e-44 -2.7995e-47 -2.6105e-50 -1.4844e-53 -4.9238e-57 -9.0686e-61 -8.7748e-65 -4.1923e-69 -9.2237e-74 -8.6386e-79 -3.1511e-84 -4.0473e-90 -1.6320e-96 -1.8123e-103 -4.7703e-111 -2.5043e-119 -2.1484e-128 -2.3904e-138 -2.6358e-149 -2.1022e-161 -8.3738e-175 -1.0751e-189 -2.6426e-206 -6.6678e-225 -8.1505e-246 -1.9405e-269 -2.9533e-296 0.0000e+00 0.0000e+00 0.0000e+00 0.0000e+00 0.0000e+00 0.0000e+00 0.0000e+00 0.0000e+00 0.0000e+00 0.0000e+00 0.0000e+00 0.0000e+00 0.0000e+00 0.0000e+00 0.0000e+00 0.0000e+00 0.0000e+00 0.0000e+00 0.0000e+00 0.0000e+00 0.0000e+00 0.0000e+00 1.8055e-04 2.3753e-04 2.5777e-04 2.5098e-04 0.0000e+00 1.8739e-04 1.4574e-04 1.0589e-04 7.1737e-05 4.5113e-05 2.6121e-05 1.3726e-05 6.3646e-06 2.4375e-06 6.0830e-07 -8.5585e-08 -2.5003e-07 -2.1707e-07 -1.4093e-07 -7.7547e-08 -3.7713e-08 -1.6506e-08 -6.5581e-09 -2.3748e-09 -7.8491e-10 -2.3672e-10 -6.5054e-11 -1.6255e-11 -3.6821e-12 -7.5352e-13 -1.3874e-13 -2.2878e-14 -3.3612e-15 -4.3753e-16 -5.0144e-17 -5.0254e-18 -4.3714e-19 -3.2736e-20 -2.0919e-21 -1.1297e-22 -5.1012e-24 -1.9041e-25 -5.8020e-27 -1.4234e-28 -2.7699e-30 -4.2054e-32 -4.8927e-34 -4.2765e-36 -2.7477e-38 -1.2671e-40 -4.0847e-43 -8.9396e-46 -1.2861e-48 -1.1735e-51 -6.5260e-55 -2.1162e-58 -3.8082e-62 -3.5985e-66 -1.6781e-70 -3.6019e-75 -3.2891e-80 -1.1691e-85 -1.4623e-91 -5.7386e-98 -6.1980e-105 -1.5855e-112 -8.0836e-121 -6.7294e-130 -7.2599e-140 -7.7548e-151 -5.9856e-163 -2.3051e-176 -2.8580e-191 -6.7762e-208 -1.6471e-226 -1.9369e-247 -4.4298e-271 -6.4655e-298 0.0000e+00 0.0000e+00 0.0000e+00 0.0000e+00 0.0000e+00 0.0000e+00 0.0000e+00 0.0000e+00 0.0000e+00 0.0000e+00 0.0000e+00 0.0000e+00 0.0000e+00 0.0000e+00 0.0000e+00 0.0000e+00 0.0000e+00 0.0000e+00 0.0000e+00 0.0000e+00 0.0000e+00 0.0000e+00
-1.5791e-04 -2.3398e-04 -3.0406e-04 -3.7035e-04 -4.2747e-04 9.5152e-03 -4.8513e-04 -4.7616e-04 -4.4218e-04 -3.8839e-04 -3.2257e-04 -2.5322e-04 -1.8778e-04 -1.3147e-04 -8.6812e-05 -5.4012e-05 -3.1624e-05 -1.7399e-05 -8.9805e-06 -4.3407e-06 -1.9608e-06 -8.2594e-07 -3.2362e-07 -1.1764e-07 -3.9559e-08 -1.2266e-08 -3.4954e-09 -9.1196e-10 -2.1697e-10 -4.6871e-11 -9.1498e-12 -1.6059e-12 -2.5203e-13 -3.5156e-14 -4.3308e-15 -4.6785e-16 -4.3987e-17 -3.5698e-18 -2.4785e-19 -1.4579e-20 -7.1892e-22 -2.9380e-23 -9.8266e-25 -2.6533e-26 -5.6976e-28 -9.5728e-30 -1.2360e-31 -1.2026e-33 -8.6284e-36 -4.4578e-38 -1.6154e-40 -3.9889e-43 -6.4995e-46 -6.7439e-49 -4.2833e-52 -1.5935e-55 -3.3059e-59 -3.6200e-63 -1.9671e-67 -4.9489e-72 -5.3308e-77 -2.2504e-82 -3.3678e-88 -1.5939e-94 -2.0939e-101 -6.5760e-109 -4.1579e-117 -4.3401e-126 -5.9419e-136 -8.1611e-147 -8.2178e-159 -4.1947e-172 -7.0160e-187 -2.2883e-203 -7.8199e-222 -1.3246e-242 -4.4842e-266 -9.9915e-293 -3.9525e-323 0.0000e+00 0.0000e+00 0.0000e+00 0.0000e+00 0.0000e+00 0.0000e+00 0.0000e+00 0.0000e+00 0.0000e+00 0.0000e+00 0.0000e+00 0.0000e+00 0.0000e+00 0.0000e+00 0.0000e+00 0.0000e+00 0.0000e+00 0.0000e+00 0.0000e+00 0.0000e+00 0.0000e+00 1.5145e-04 1.9922e-04 2.1604e-04 2.0997e-04 1.8739e-04 0.0000e+00 1.1871e-04 8.4079e-05 5.4505e-05 3.1714e-05 1.5863e-05 6.0235e-06 7.3393e-07 -1.5354e-06 -2.0755e-06 -1.8093e-06 -1.2966e-06 -8.1512e-07 -4.6139e-07 -2.3808e-07 -1.1268e-07 -4.9059e-08 -1.9668e-08 -7.2582e-09 -2.4627e-09 -7.6677e-10 -2.1853e-10 -5.6843e-11 -1.3447e-11 -2.8820e-12 -5.5715e-13 -9.6687e-14 -1.4983e-14 -2.0613e-15 -2.5018e-16 -2.6605e-17 -2.4605e-18 -1.9628e-19 -1.3387e-20 -7.7314e-22 -3.7413e-23 -1.4997e-24 -4.9177e-26 -1.3013e-27 -2.7374e-29 -4.5039e-31 -5.6927e-33 -5.4200e-35 -3.8040e-37 -1.9218e-39 -6.8079e-42 -1.6427e-44 -2.6145e-47 -2.6489e-50 -1.6422e-53 -5.9608e-57 -1.2061e-60 -1.2875e-64 -6.8174e-69 -1.6705e-73 -1.7518e-78 -7.1955e-84 -1.0472e-89 -4.8164e-96 -6.1457e-103 -1.8735e-110 -1.1490e-118 -1.1624e-127 -1.5412e-137 -2.0483e-148 -1.9939e-160 -9.8291e-174 -1.5860e-188 -4.9848e-205 -1.6394e-223 -2.6689e-244 -8.6713e-268 -1.8512e-294 -0.0000e+00 0.0000e+00 0.0000e+00 0.0000e+00 0.0000e+00 0.0000e+00 0.0000e+00 0.0000e+00 0.0000e+00 0.0000e+00 0.0000e+00 0.0000e+00 0.0000e+00 0.0000e+00 0.0000e+00 0.0000e+00 0.0000e+00 0.0000e+00 0.0000e+00 0.0000e+00 0.0000e+00 0.0000e+00
-1.2613e-04 -1.9442e-04 -2.6643e-04 -3.4365e-04 -4.1976e-04 -4.8513e-04 1.2930e-02 -5.4725e-04 -5.3406e-04 -4.9269e-04 -4.2968e-04 -3.5420e-04 -2.7588e-04 -2.0291e-04 -1.4082e-04 -9.2120e-05 -5.6734e-05 -3.2850e-05 -1.7854e-05 -9.0921e-06 -4.3297e-06 -1.9238e-06 -7.9570e-07 -3.0553e-07 -1.0861e-07 -3.5626e-08 -1.0749e-08 -2.9717e-09 -7.4989e-10 -1.7197e-10 -3.5676e-11 -6.6612e-12 -1.1133e-12 -1.6558e-13 -2.1775e-14 -2.5143e-15 -2.5302e-16 -2.2010e-17 -1.6404e-18 -1.0374e-19 -5.5097e-21 -2.4292e-22 -8.7821e-24 -2.5681e-25 -5.9850e-27 -1.0937e-28 -1.5396e-30 -1.6372e-32 -1.2871e-34 -7.3072e-37 -2.9184e-39 -7.9671e-42 -1.4400e-44 -1.6634e-47 -1.1807e-50 -4.9286e-54 -1.1523e-57 -1.4288e-61 -8.8349e-66 -2.5431e-70 -3.1524e-75 -1.5411e-80 -2.6887e-86 -1.4944e-92 -2.3239e-99 -8.7142e-107 -6.6406e-115 -8.4401e-124 -1.4228e-133 -2.4361e-144 -3.0996e-156 -2.0292e-169 -4.4258e-184 -1.9173e-200 -8.8823e-219 -2.0872e-239 -1.0059e-262 -3.2853e-289 -1.8554e-319 0.0000e+00 0.0000e+00 0.0000e+00 0.0000e+00 0.0000e+00 0.0000e+00 0.0000e+00 0.0000e+00 0.0000e+00 0.0000e+00 0.0000e+00 0.0000e+00 0.0000e+00 0.0000e+00 0.0000e+00 0.0000e+00 0.0000e+00 0.0000e+00 0.0000e+00 0.0000e+00 0.0000e+00 1.1918e-04 1.5673e-04 1.6978e-04 1.6449e-04 1.4574e-04 1.1871e-04 0.0000e+00 5.9410e-05 3.4639e-05 1.5813e-05 3.2113e-06 -3.9228e-06 -6.9154e-06 -7.2271e-06 -6.1328e-06 -4.5583e-06 -3.0564e-06 -1.8747e-06 -1.0594e-06 -5.5352e-07 -2.6779e-07 -1.2000e-07 -4.9765e-08 -1.9075e-08 -6.7445e-09 -2.1944e-09 -6.5516e-10 -1.7891e-10 -4.4521e-11 -1.0056e-11 -2.0522e-12 -3.7663e-13 -6.1822e-14 -9.0241e-15 -1.1640e-15 -1.3177e-16 -1.2994e-17 -1.1072e-18 -8.0803e-20 -5.0023e-21 -2.5997e-22 -1.1213e-23 -3.9646e-25 -1.1336e-26 -2.5824e-28 -4.6119e-30 -6.3428e-32 -6.5880e-34 -5.0579e-36 -2.8033e-38 -1.0927e-40 -2.9106e-43 -5.1316e-46 -5.7802e-49 -3.9993e-52 -1.6269e-55 -3.7054e-59 -4.4737e-63 -2.6927e-67 -7.5411e-72 -9.0908e-77 -4.3198e-82 -7.3222e-88 -3.9516e-94 -5.9633e-101 -2.1686e-108 -1.6016e-116 -1.9714e-125 -3.2160e-135 -5.3240e-146 -6.5437e-158 -4.1344e-171 -8.6932e-186 -3.6264e-202 -1.6158e-220 -3.6468e-241 -1.6857e-264 -5.2718e-291 -2.8458e-321 0.0000e+00 0.0000e+00 0.0000e+00 0.0000e+00 0.0000e+00 0.0000e+00 0.0000e+00 0.0000e+00 0.0000e+00 0.0000e+00 0.0000e+00 0.0000e+00 0.0000e+00 0.0000e+00 0.0000e+00 0.0000e+00 0.0000e+00 0.0000e+00 0.0000e+00 0.0000e+00 0.0000e+00
-9.5023e-05 -1.5301e-04 -2.2167e-04 -3.0281e-04 -3.9088e-04 -4.7616e-04 -5.4725e-04 1.6860e-02 -6.0841e-04 -5.8926e-04 -5.3956e-04 -4.6707e-04 -3.8215e-04 -2.9536e-04 -2.1549e-04 -1.4826e-04 -9.6082e-05 -5.8570e-05 -3.3532e-05 -1.7997e-05 -9.0385e-06 -4.2381e-06 -1.8510e-06 -7.5104e-07 -2.8231e-07 -9.8009e-08 -3.1320e-08 -9.1792e-09 -2.4577e-09 -5.9860e-10 -1.3202e-10 -2.6232e-11 -4.6709e-12 -7.4098e-13 -1.0406e-13 -1.2849e-14 -1.3844e-15 -1.2913e-16 -1.0335e-17 -7.0307e-19 -4.0229e-20 -1.9144e-21 -7.4837e-23 -2.3711e-24 -5.9995e-26 -1.1930e-27 -1.8316e-29 -2.1296e-31 -1.8354e-33 -1.1455e-35 -5.0444e-38 -1.5232e-40 -3.0554e-43 -3.9311e-46 -3.1196e-49 -1.4620e-52 -3.8544e-56 -5.4139e-60 -3.8118e-64 -1.2560e-68 -1.7928e-73 -1.0155e-78 -2.0668e-84 -1.3500e-90 -2.4867e-97 -1.1141e-104 -1.0240e-112 -1.5860e-121 -3.2948e-131 -7.0382e-142 -1.1325e-153 -9.5186e-167 -2.7098e-181 -1.5608e-197 -9.8139e-216 -3.2029e-236 -2.2003e-259 -1.0549e-285 -9.0413e-316 0.0000e+00 0.0000e+00 0.0000e+00 0.0000e+00 0.0000e+00 0.0000e+00 0.0000e+00 0.0000e+00 0.0000e+00 0.0000e+00 0.0000e+00 0.0000e+00 0.0000e+00 0.0000e+00 0.0000e+00 0.0000e+00 0.0000e+00 0.0000e+00 0.0000e+00 0.0000e+00 0.0000e+00 8.8259e-05 1.1602e-04 1.2547e-04 1.2094e-04 1.0589e-04 8.4079e-05 5.9410e-05 0.0000e+00 1.4933e-05 -5.0035e-07 -1.0383e-05 -1.5219e-05 -1.6142e-05 -1.4528e-05 -1.1664e-05 -8.5361e-06 -5.7547e-06 -3.5941e-06 -2.0852e-06 -1.1252e-06 -5.6470e-07 -2.6339e-07 -1.1403e-07 -4.5732e-08 -1.6954e-08 -5.7949e-09 -1.8205e-09 -5.2395e-10 -1.3763e-10 -3.2860e-11 -7.0997e-12 -1.3813e-12 -2.4072e-13 -3.7359e-14 -5.1312e-15 -6.1945e-16 -6.5244e-17 -5.9473e-18 -4.6509e-19 -3.0907e-20 -1.7273e-21 -8.0269e-23 -3.0638e-24 -9.4762e-26 -2.3404e-27 -4.5416e-29 -6.8036e-31 -7.7168e-33 -6.4871e-35 -3.9480e-37 -1.6950e-39 -4.9886e-42 -9.7515e-45 -1.2222e-47 -9.4466e-51 -4.3104e-54 -1.1061e-57 -1.5116e-61 -1.0351e-65 -3.3161e-70 -4.5997e-75 -2.5308e-80 -5.0010e-86 -3.1696e-92 -5.6622e-99 -2.4588e-106 -2.1889e-114 -3.2812e-123 -6.5927e-133 -1.3609e-143 -2.1143e-155 -1.7141e-168 -4.7020e-183 -2.6066e-199 -1.5756e-217 -4.9367e-238 -3.2512e-261 -1.4918e-287 -1.2217e-317 0.0000e+00 0.0000e+00 0.0000e+00 0.0000e+00 0.0000e+00 0.0000e+00 0.0000e+00 0.0000e+00 0.0000e+00 0.0000e+00 0.0000e+00 0.0000e+00 0.0000e+00 0.0000e+00 0.0000e+00 0.0000e+00 0.0000e+00 0.0000e+00 0.0000e+00 0.0000e+00 0.0000e+00
-6.7631e-05 -1.1416e-04 -1.7512e-04 -2.5319e-04 -3.4487e-04 -4.4218e-04 -5.3406e-04 -6.0841e-04 2.1307e-02 -6.6553e-04 -6.3989e-04 -5.8183e-04 -5.0020e-04 -4.0640e-04 -3.1181e-04 -2.2571e-04 -1.5397e-04 -9.8852e-05 -5.9636e-05 -3.3748e-05 -1.7881e-05 -8.8510e-06 -4.0836e-06 -1.7516e-06 -6.9652e-07 -2.5600e-07 -8.6681e-08 -2.6941e-08 -7.6564e-09 -1.9812e-09 -4.6469e-10 -9.8301e-11 -1.8655e-11 -3.1578e-12 -4.7377e-13 -6.2575e-14 -7.2223e-15 -7.2263e-16 -6.2135e-17 -4.5481e-18 -2.8049e-19 -1.4412e-20 -6.0945e-22 -2.0929e-23 -5.7522e-25 -1.2451e-26 -2.0859e-28 -2.6529e-30 -2.5077e-32 -1.7213e-34 -8.3616e-37 -2.7940e-39 -6.2233e-42 -8.9224e-45 -7.9207e-48 -4.1695e-51 -1.2402e-54 -1.9745e-58 -1.5838e-62 -5.9779e-67 -9.8306e-72 -6.4562e-77 -1.5340e-82 -1.1782e-88 -2.5727e-95 -1.3783e-102 -1.5291e-110 -2.8883e-119 -7.4010e-129 -1.9743e-139 -4.0217e-151 -4.3439e-164 -1.6159e-178 -1.2389e-194 -1.0586e-212 -4.8051e-233 -4.7122e-256 -3.3213e-282 -4.3276e-312 0.0000e+00 0.0000e+00 0.0000e+00 0.0000e+00 0.0000e+00 0.0000e+00 0.0000e+00 0.0000e+00 0.0000e+00 0.0000e+00 0.0000e+00 0.0000e+00 0.0000e+00 0.0000e+00 0.0000e+00 0.0000e+00 0.0000e+00 0.0000e+00 0.0000e+00 0.0000e+00 0.0000e+00 6.1617e-05 8.0954e-05 8.7314e-05 8.3514e-05 7.1737e-05 5.4505e-05 3.4639e-05 1.4933e-05 0.0000e+00 -1.5218e-05 -2.3308e-05 -2.6672e-05 -2.6171e-05 -2.3040e-05 -1.8565e-05 -1.3832e-05 -9.5781e-06 -6.1817e-06 -3.7226e-06 -2.0919e-06 -1.0962e-06 -5.3511e-07 -2.4290e-07 -1.0232e-07 -3.9904e-08 -1.4368e-08 -4.7618e-09 -1.4476e-09 -4.0218e-10 -1.0169e-10 -2.3299e-11 -4.8131e-12 -8.9180e-13 -1.4735e-13 -2.1577e-14 -2.7811e-15 -3.1321e-16 -3.0575e-17 -2.5648e-18 -1.8313e-19 -1.1016e-20 -5.5205e-22 -2.2767e-23 -7.6239e-25 -2.0430e-26 -4.3113e-28 -7.0404e-30 -8.7270e-32 -8.0391e-34 -5.3765e-36 -2.5443e-38 -8.2804e-41 -1.7959e-43 -2.5067e-46 -2.1658e-49 -1.1093e-52 -3.2095e-56 -4.9688e-60 -3.8742e-64 -1.4209e-68 -2.2695e-73 -1.4470e-78 -3.3363e-84 -2.4854e-90 -5.2607e-97 -2.7303e-104 -2.9326e-112 -5.3590e-121 -1.3275e-130 -3.4208e-141 -6.7251e-153 -7.0038e-166 -2.5096e-180 -1.8512e-196 -1.5201e-214 -6.6216e-235 -6.2228e-258 -4.1965e-284 -5.2226e-314 0.0000e+00 0.0000e+00 0.0000e+00 0.0000e+00 0.0000e+00 0.0000e+00 0.0000e+00 0.0000e+00 0.0000e+00 0.0000e+00 0.0000e+00 0.0000e+00 0.0000e+00 0.0000e+00 0.0000e+00 0.0000e+00 0.0000e+00 0.0000e+00 0.0000e+00 0.0000e+00 0.0000e+00
-4.5510e-05 -8.0781e-05 -1.3129e-04 -2.0070e-04 -2.8809e-04 -3.8839e-04 -4.9269e-04 -5.8926e-04 -6.6553e-04 2.6272e-02 -7.1759e-04 -6.8556e-04 -6.1951e-04 -5.2928e-04 -4.2721e-04 -3.2549e-04 -2.3382e-04 -1.5816e-04 -1.0058e-04 -6.0037e-05 -3.3571e-05 -1.7549e-05 -8.5564e-06 -3.8811e-06 -1.6333e-06 -6.3580e-07 -2.2819e-07 -7.5239e-08 -2.2705e-08 -6.2444e-09 -1.5582e-09 -3.5105e-10 -7.1031e-11 -1.2834e-11 -2.0579e-12 -2.9086e-13 -3.5974e-14 -3.8626e-15 -3.5694e-16 -2.8125e-17 -1.8703e-18 -1.0380e-19 -4.7505e-21 -1.7690e-22 -5.2833e-24 -1.2455e-25 -2.2777e-27 -3.1702e-29 -3.2882e-31 -2.4835e-33 -1.3315e-35 -4.9261e-38 -1.2189e-40 -1.9485e-43 -1.9360e-46 -1.1454e-49 -3.8458e-53 -6.9447e-57 -6.3501e-61 -2.7472e-65 -5.2087e-70 -3.9690e-75 -1.1016e-80 -9.9581e-87 -2.5796e-93 -1.6538e-100 -2.2167e-108 -5.1112e-117 -1.6170e-126 -5.3921e-137 -1.3920e-148 -1.9344e-161 -9.4144e-176 -9.6207e-192 -1.1187e-209 -7.0726e-230 -9.9166e-253 -1.0294e-278 -2.0428e-308 0.0000e+00 0.0000e+00 0.0000e+00 0.0000e+00 0.0000e+00 0.0000e+00 0.0000e+00 0.0000e+00 0.0000e+00 0.0000e+00 0.0000e+00 0.0000e+00 0.0000e+00 0.0000e+00 0.0000e+00 0.0000e+00 0.0000e+00 0.0000e+00 0.0000e+00 0.0000e+00 0.0000e+00 4.0586e-05 5.3280e-05 5.7249e-05 5.4127e-05 4.5113e-05 3.1714e-05 1.5813e-05 -5.0035e-07 -1.5218e-05 0.0000e+00 -3.4039e-05 -3.6955e-05 -3.5962e-05 -3.2056e-05 -2.6460e-05 -2.0341e-05 -1.4607e-05 -9.8113e-06 -6.1663e-06 -3.6246e-06 -1.9907e-06 -1.0201e-06 -4.8678e-07 -2.1587e-07 -8.8739e-08 -3.3721e-08 -1.1808e-08 -3.7975e-09 -1.1174e-09 -2.9960e-10 -7.2872e-11 -1.6002e-11 -3.1555e-12 -5.5562e-13 -8.6820e-14 -1.1958e-14 -1.4412e-15 -1.5079e-16 -1.3579e-17 -1.0426e-18 -6.7555e-20 -3.6533e-21 -1.6290e-22 -5.9104e-24 -1.7197e-25 -3.9492e-27 -7.0350e-29 -9.5365e-31 -9.6329e-33 -7.0845e-35 -3.6978e-37 -1.3317e-39 -3.2068e-42 -4.9878e-45 -4.8210e-48 -2.7739e-51 -9.0551e-55 -1.5893e-58 -1.4120e-62 -5.9331e-67 -1.0922e-71 -8.0763e-77 -2.1744e-82 -1.9056e-88 -4.7835e-95 -2.9699e-102 -3.8525e-110 -8.5911e-119 -2.6266e-128 -8.4581e-139 -2.1066e-150 -2.8218e-163 -1.3224e-177 -1.2999e-193 -1.4521e-211 -8.8078e-232 -1.1832e-254 -1.1748e-280 -2.2262e-310 0.0000e+00 0.0000e+00 0.0000e+00 0.0000e+00 0.0000e+00 0.0000e+00 0.0000e+00 0.0000e+00 0.0000e+00 0.0000e+00 0.0000e+00 0.0000e+00 0.0000e+00 0.0000e+00 0.0000e+00 0.0000e+00 0.0000e+00 0.0000e+00 0.0000e+00 0.0000e+00 0.0000e+00
-2.8961e-05 -5.4187e-05 -9.3317e-05 -1.5067e-04 -2.2768e-04 -3.2257e-04 -4.2968e-04 -5.3956e-04 -6.3989e-04 -7.1759e-04 3.1760e-02 -7.6459e-04 -7.2651e-04 -6.5294e-04 -5.5467e-04 -4.4496e-04 -3.3673e-04 -2.4006e-04 -1.6100e-04 -1.0140e-04 -5.9866e-05 -3.3062e-05 -1.7041e-05 -8.1775e-06 -3.6433e-06 -1.5026e-06 -5.7185e-07 -2.0011e-07 -6.4144e-08 -1.8757e-08 -4.9815e-09 -1.1957e-09 -2.5806e-10 -4.9791e-11 -8.5360e-12 -1.2916e-12 -1.7125e-13 -1.9740e-14 -1.9613e-15 -1.6642e-16 -1.1938e-17 -7.1605e-19 -3.5480e-20 -1.4333e-21 -4.6537e-23 -1.1954e-24 -2.3875e-26 -3.6384e-28 -4.1430e-30 -3.4450e-32 -2.0395e-34 -8.3586e-37 -2.2990e-39 -4.0998e-42 -4.5622e-45 -3.0353e-48 -1.1512e-51 -2.3594e-55 -2.4610e-59 -1.2212e-63 -2.6715e-68 -2.3636e-73 -7.6701e-79 -8.1665e-85 -2.5119e-91 -1.9290e-98 -3.1266e-106 -8.8092e-115 -3.4444e-124 -1.4374e-134 -4.7082e-146 -8.4286e-159 -5.3741e-173 -7.3305e-189 -1.1618e-206 -1.0247e-226 -2.0579e-249 -3.1520e-275 -9.5474e-305 0.0000e+00 0.0000e+00 0.0000e+00 0.0000e+00 0.0000e+00 0.0000e+00 0.0000e+00 0.0000e+00 0.0000e+00 0.0000e+00 0.0000e+00 0.0000e+00 0.0000e+00 0.0000e+00 0.0000e+00 0.0000e+00 0.0000e+00 0.0000e+00 0.0000e+00 0.0000e+00 0.0000e+00 2.5228e-05 3.3082e-05 3.5358e-05 3.2869e-05 2.6121e-05 1.5863e-05 3.2113e-06 -1.0383e-05 -2.3308e-05 -3.4039e-05 0.0000e+00 -4.4832e-05 -4.4357e-05 -4.0630e-05 -3.4690e-05 -2.7708e-05 -2.0741e-05 -1.4559e-05 -9.5813e-06 -5.9074e-06 -3.4081e-06 -1.8369e-06 -9.2319e-07 -4.3166e-07 -1.8730e-07 -7.5211e-08 -2.7861e-08 -9.4890e-09 -2.9601e-09 -8.4238e-10 -2.1772e-10 -5.0860e-11 -1.0683e-11 -2.0062e-12 -3.3477e-13 -4.9309e-14 -6.3643e-15 -7.1419e-16 -6.9086e-17 -5.7075e-18 -3.9863e-19 -2.3279e-20 -1.1231e-21 -4.4176e-23 -1.3964e-24 -3.4921e-26 -6.7902e-28 -1.0073e-29 -1.1164e-31 -9.0348e-34 -5.2049e-36 -2.0755e-38 -5.5531e-41 -9.6315e-44 -1.0422e-46 -6.7407e-50 -2.4846e-53 -4.9476e-57 -5.0124e-61 -2.4150e-65 -5.1274e-70 -4.4012e-75 -1.3850e-80 -1.4292e-86 -4.2585e-93 -3.1661e-100 -4.9652e-108 -1.3526e-116 -5.1098e-126 -2.0587e-136 -6.5042e-148 -1.1221e-160 -6.8874e-175 -9.0342e-191 -1.3752e-208 -1.1635e-228 -2.2381e-251 -3.2783e-277 -9.4798e-307 0.0000e+00 0.0000e+00 0.0000e+00 0.0000e+00 0.0000e+00 0.0000e+00 0.0000e+00 0.0000e+00 0.0000e+00 0.0000e+00 0.0000e+00 0.0000e+00 0.0000e+00 0.0000e+00 0.0000e+00 0.0000e+00 0.0000e+00 0.0000e+00 0.0000e+00 0.0000e+00 0.0000e+00
-1.7424e-05 -3.4434e-05 -6.2820e-05 -1.0702e-04 -1.7013e-04 -2.5322e-04 -3.5420e-04 -4.6707e-04 -5.8183e-04 -6.8556e-04 -7.6459e-04 3.7778e-02 -8.0695e-04 -7.6322e-04 -6.8261e-04 -5.7681e-04 -4.6001e-04 -3.4580e-04 -2.4466e-04 -1.6266e-04 -1.0143e-04 -5.9203e-05 -3.2272e-05 -1.6390e-05 -7.7337e-06 -3.3808e-06 -1.3648e-06 -5.0706e-07 -1.7272e-07 -5.3724e-08 -1.5192e-08 -3.8867e-09 -8.9505e-10 -1.8449e-10 -3.3830e-11 -5.4823e-12 -7.7957e-13 -9.6511e-14 -1.0315e-14 -9.4298e-16 -7.3003e-17 -4.7340e-18 -2.5409e-19 -1.1141e-20 -3.9345e-22 -1.1017e-23 -2.4045e-25 -4.0141e-27 -5.0207e-29 -4.5988e-31 -3.0081e-33 -1.3665e-35 -4.1802e-38 -8.3216e-41 -1.0377e-43 -7.7695e-47 -3.3308e-50 -7.7532e-54 -9.2322e-58 -5.2587e-62 -1.3284e-66 -1.3658e-71 -5.1863e-77 -6.5100e-83 -2.3799e-89 -2.1913e-96 -4.2996e-104 -1.4819e-112 -7.1697e-122 -3.7492e-132 -1.5602e-143 -3.6030e-156 -3.0141e-170 -5.4964e-186 -1.1892e-203 -1.4661e-223 -4.2256e-246 -9.5703e-272 -4.4346e-301 0.0000e+00 0.0000e+00 0.0000e+00 0.0000e+00 0.0000e+00 0.0000e+00 0.0000e+00 0.0000e+00 0.0000e+00 0.0000e+00 0.0000e+00 0.0000e+00 0.0000e+00 0.0000e+00 0.0000e+00 0.0000e+00 0.0000e+00 0.0000e+00 0.0000e+00 0.0000e+00 0.0000e+00 1.4796e-05 1.9373e-05 2.0556e-05 1.8648e-05 1.3726e-05 6.0235e-06 -3.9228e-06 -1.5219e-05 -2.6672e-05 -3.6955e-05 -4.4832e-05 0.0000e+00 -5.0299e-05 -4.7717e-05 -4.2377e-05 -3.5316e-05 -2.7646e-05 -2.0333e-05 -1.4043e-05 -9.0988e-06 -5.5232e-06 -3.1358e-06 -1.6619e-06 -8.2026e-07 -3.7610e-07 -1.5975e-07 -6.2658e-08 -2.2619e-08 -7.4869e-09 -2.2631e-09 -6.2200e-10 -1.5469e-10 -3.4633e-11 -6.9412e-12 -1.2378e-12 -1.9509e-13 -2.6983e-14 -3.2497e-15 -3.3790e-16 -3.0056e-17 -2.2641e-18 -1.4286e-19 -7.4616e-21 -3.1838e-22 -1.0942e-23 -2.9814e-25 -6.3316e-27 -1.0285e-28 -1.2516e-30 -1.1153e-32 -7.0960e-35 -3.1352e-37 -9.3266e-40 -1.8052e-42 -2.1882e-45 -1.5922e-48 -6.6317e-52 -1.4994e-55 -1.7336e-59 -9.5851e-64 -2.3493e-68 -2.3429e-73 -8.6247e-79 -1.0490e-84 -3.7140e-91 -3.3101e-98 -6.2825e-106 -2.0932e-114 -9.7823e-124 -4.9374e-134 -1.9814e-145 -4.4087e-158 -3.5498e-172 -6.2238e-188 -1.2931e-205 -1.5289e-225 -4.2200e-248 -9.1392e-274 -4.0420e-303 0.0000e+00 0.0000e+00 0.0000e+00 0.0000e+00 0.0000e+00 0.0000e+00 0.0000e+00 0.0000e+00 0.0000e+00 0.0000e+00 0.0000e+00 0.0000e+00 0.0000e+00 0.0000e+00 0.0000e+00 0.0000e+00 0.0000e+00 0.0000e+00 0.0000e+00 0.0000e+00 0.0000e+00
-9.9050e-06 -2.0709e-05 -4.0005e-05 -7.1851e-05 -1.2011e-04 -1.8778e-04 -2.7588e-04 -3.8215e-04 -5.0020e-04 -6.1951e-04 -7.2651e-04 -8.0695e-04 4.4334e-02 -8.4520e-04 -7.9621e-04 -7.0898e-04 -5.9612e-04 -4.7269e-04 -3.5297e-04 -2.4781e-04 -1.6328e-04 -1.0077e-04 -5.8117e-05 -3.1249e-05 -1.5623e-05 -7.2419e-06 -3.1026e-06 -1.2243e-06 -4.4335e-07 -1.4674e-07 -4.4200e-08 -1.2058e-08 -2.9643e-09 -6.5303e-10 -1.2814e-10 -2.2250e-11 -3.3947e-12 -4.5159e-13 -5.1941e-14 -5.1184e-15 -4.2785e-16 -3.0011e-17 -1.7457e-18 -8.3125e-20 -3.1946e-21 -9.7570e-23 -2.3282e-24 -4.2603e-26 -5.8564e-28 -5.9125e-30 -4.2756e-32 -2.1543e-34 -7.3345e-37 -1.6310e-39 -2.2809e-42 -1.9231e-45 -9.3259e-49 -2.4674e-52 -3.3568e-56 -2.1966e-60 -6.4128e-65 -7.6696e-70 -3.4111e-75 -5.0527e-81 -2.1976e-87 -2.4289e-94 -5.7759e-102 -2.4382e-110 -1.4615e-119 -9.5891e-130 -5.0769e-141 -1.5148e-153 -1.6652e-167 -4.0668e-183 -1.2035e-200 -2.0779e-220 -8.6134e-243 -2.8913e-268 -2.0547e-297 0.0000e+00 0.0000e+00 0.0000e+00 0.0000e+00 0.0000e+00 0.0000e+00 0.0000e+00 0.0000e+00 0.0000e+00 0.0000e+00 0.0000e+00 0.0000e+00 0.0000e+00 0.0000e+00 0.0000e+00 0.0000e+00 0.0000e+00 0.0000e+00 0.0000e+00 0.0000e+00 0.0000e+00 8.1835e-06 1.0694e-05 1.1235e-05 9.8401e-06 6.3646e-06 7.3393e-07 -6.9154e-06 -1.6142e-05 -2.6171e-05 -3.5962e-05 -4.4357e-05 -5.0299e-05 0.0000e+00 -5.2378e-05 -4.8557e-05 -4.2338e-05 -3.4740e-05 -2.6822e-05 -1.9472e-05 -1.3277e-05 -8.4904e-06 -5.0834e-06 -2.8438e-06 -1.4831e-06 -7.1920e-07 -3.2339e-07 -1.3441e-07 -5.1469e-08 -1.8089e-08 -5.8122e-09 -1.6998e-09 -4.5036e-10 -1.0754e-10 -2.3017e-11 -4.3888e-12 -7.4067e-13 -1.0985e-13 -1.4206e-14 -1.5888e-15 -1.5224e-16 -1.2377e-17 -8.4437e-19 -4.7772e-20 -2.2127e-21 -8.2716e-23 -2.4574e-24 -5.7037e-26 -1.0152e-27 -1.3573e-29 -1.3326e-31 -9.3709e-34 -4.5907e-36 -1.5195e-38 -3.2842e-41 -4.4633e-44 -3.6563e-47 -1.7223e-50 -4.4249e-54 -5.8438e-58 -3.7111e-62 -1.0510e-66 -1.2189e-71 -5.2543e-77 -7.5402e-83 -3.1755e-89 -3.3964e-96 -7.8113e-104 -3.1869e-112 -1.8449e-121 -1.1682e-131 -5.9634e-143 -1.7140e-155 -1.8133e-169 -4.2570e-185 -1.2096e-202 -2.0027e-222 -7.9483e-245 -2.5507e-270 -1.7300e-299 0.0000e+00 0.0000e+00 0.0000e+00 0.0000e+00 0.0000e+00 0.0000e+00 0.0000e+00 0.0000e+00 0.0000e+00 0.0000e+00 0.0000e+00 0.0000e+00 0.0000e+00 0.0000e+00 0.0000e+00 0.0000e+00 0.0000e+00 0.0000e+00 0.0000e+00 0.0000e+00 0.0000e+00
-5.3161e-06 -1.1773e-05 -2.4068e-05 -4.5544e-05 -8.0036e-05 -1.3147e-04 -2.0291e-04 -2.9536e-04 -4.0640e-04 -5.2928e-04 -6.5294e-04 -7.6322e-04 -8.4520e-04 5.1442e-02 -8.7992e-04 -8.2601e-04 -7.3253e-04 -6.1297e-04 -4.8329e-04 -3.5847e-04 -2.4968e-04 -1.6299e-04 -9.9497e-05 -5.6666e-05 -3.0031e-05 -1.4767e-05 -6.7166e-06 -2.8164e-06 -1.0847e-06 -3.8222e-07 -1.2269e-07 -3.5707e-08 -9.3748e-09 -2.2083e-09 -4.6390e-10 -8.6351e-11 -1.4143e-11 -2.0226e-12 -2.5048e-13 -2.6619e-14 -2.4038e-15 -1.8249e-16 -1.1510e-17 -5.9552e-19 -2.4921e-20 -8.3067e-22 -2.1684e-23 -4.3519e-25 -6.5791e-27 -7.3257e-29 -5.8606e-31 -3.2774e-33 -1.2428e-35 -3.0892e-38 -4.8484e-41 -4.6071e-44 -2.5293e-47 -7.6128e-51 -1.1843e-54 -8.9116e-59 -3.0096e-63 -4.1908e-68 -2.1853e-73 -3.8242e-79 -1.9811e-85 -2.6313e-92 -7.5930e-100 -3.9308e-108 -2.9233e-117 -2.4101e-127 -1.6260e-138 -6.2783e-151 -9.0860e-165 -2.9773e-180 -1.2076e-197 -2.9262e-217 -1.7486e-239 -8.7218e-265 -9.5321e-294 0.0000e+00 0.0000e+00 0.0000e+00 0.0000e+00 0.0000e+00 0.0000e+00 0.0000e+00 0.0000e+00 0.0000e+00 0.0000e+00 0.0000e+00 0.0000e+00 0.0000e+00 0.0000e+00 0.0000e+00 0.0000e+00 0.0000e+00 0.0000e+00 0.0000e+00 0.0000e+00 0.0000e+00 4.2650e-06 5.5592e-06 5.7638e-06 4.7975e-06 2.4375e-06 -1.5354e-06 -7.2271e-06 -1.4528e-05 -2.3040e-05 -3.2056e-05 -4.0630e-05 -4.7717e-05 -5.2378e-05 0.0000e+00 -5.2373e-05 -4.7875e-05 -4.1246e-05 -3.3478e-05 -2.5578e-05 -1.8374e-05 -1.2391e-05 -7.8311e-06 -4.6285e-06 -2.5526e-06 -1.3102e-06 -6.2412e-07 -2.7508e-07 -1.1181e-07 -4.1752e-08 -1.4269e-08 -4.4433e-09 -1.2549e-09 -3.1981e-10 -7.3141e-11 -1.4921e-11 -2.6979e-12 -4.2929e-13 -5.9657e-14 -7.1800e-15 -7.4168e-16 -6.5109e-17 -4.8054e-18 -2.9470e-19 -1.4825e-20 -6.0327e-22 -1.9553e-23 -4.9633e-25 -9.6857e-27 -1.4237e-28 -1.5413e-30 -1.1987e-32 -6.5162e-35 -2.4015e-37 -5.8011e-40 -8.8457e-43 -8.1648e-46 -4.3531e-49 -1.2720e-52 -1.9206e-56 -1.4023e-60 -4.5931e-65 -6.2008e-70 -3.1335e-75 -5.3114e-81 -2.6639e-87 -3.4234e-94 -9.5525e-102 -4.7788e-110 -3.4318e-119 -2.7300e-129 -1.7756e-140 -6.6036e-153 -9.1958e-167 -2.8965e-182 -1.1277e-199 -2.6200e-219 -1.4989e-241 -7.1467e-267 -7.4534e-296 0.0000e+00 0.0000e+00 0.0000e+00 0.0000e+00 0.0000e+00 0.0000e+00 0.0000e+00 0.0000e+00 0.0000e+00 0.0000e+00 0.0000e+00 0.0000e+00 0.0000e+00 0.0000e+00 0.0000e+00 0.0000e+00 0.0000e+00 0.0000e+00 0.0000e+00 0.0000e+00 0.0000e+00
-2.6909e-06 -6.3183e-06 -1.3661e-05 -2.7224e-05 -5.0294e-05 -8.6812e-05 -1.4082e-04 -2.1549e-04 -3.1181e-04 -4.2721e-04 -5.5467e-04 -6.8261e-04 -7.9621e-04 -8.7992e-04 5.9113e-02 -9.1166e-04 -8.5313e-04 -7.5369e-04 -6.2771e-04 -4.9209e-04 -3.6248e-04 -2.5040e-04 -1.6187e-04 -9.7693e-05 -5.4904e-05 -2.8653e-05 -1.3843e-05 -6.1708e-06 -2.5289e-06 -9.4912e-07 -3.2481e-07 -1.0090e-07 -2.8306e-08 -7.1328e-09 -1.6050e-09 -3.2043e-10 -5.6367e-11 -8.6707e-12 -1.1568e-12 -1.3265e-13 -1.2949e-14 -1.0645e-15 -7.2847e-17 -4.0976e-18 -1.8683e-19 -6.8005e-21 -1.9433e-22 -4.2804e-24 -7.1213e-26 -8.7516e-28 -7.7510e-30 -4.8144e-32 -2.0348e-34 -5.6587e-37 -9.9751e-40 -1.0692e-42 -6.6510e-46 -2.2793e-49 -4.0585e-53 -3.5151e-57 -1.3747e-61 -2.2311e-66 -1.3656e-71 -2.8264e-77 -1.7462e-83 -2.7907e-90 -9.7852e-98 -6.2213e-106 -5.7489e-115 -5.9651e-125 -5.1368e-136 -2.5714e-148 -4.9084e-162 -2.1625e-177 -1.2047e-194 -4.1069e-214 -3.5469e-236 -2.6359e-261 -4.4436e-290 -3.4585e-323 0.0000e+00 0.0000e+00 0.0000e+00 0.0000e+00 0.0000e+00 0.0000e+00 0.0000e+00 0.0000e+00 0.0000e+00 0.0000e+00 0.0000e+00 0.0000e+00 0.0000e+00 0.0000e+00 0.0000e+00 0.0000e+00 0.0000e+00 0.0000e+00 0.0000e+00 0.0000e+00 2.0924e-06 2.7184e-06 2.7694e-06 2.1386e-06 6.0830e-07 -2.0755e-06 -6.1328e-06 -1.1664e-05 -1.8565e-05 -2.6460e-05 -3.4690e-05 -4.2377e-05 -4.8557e-05 -5.2373e-05 0.0000e+00 -5.1132e-05 -4.6314e-05 -3.9565e-05 -3.1848e-05 -2.4126e-05 -1.7173e-05 -1.1466e-05 -7.1652e-06 -4.1817e-06 -2.2734e-06 -1.1481e-06 -5.3695e-07 -2.3180e-07 -9.2033e-08 -3.3474e-08 -1.1106e-08 -3.3456e-09 -9.1049e-10 -2.2264e-10 -4.8626e-11 -9.4252e-12 -1.6100e-12 -2.4055e-13 -3.1177e-14 -3.4738e-15 -3.2951e-16 -2.6326e-17 -1.7511e-18 -9.5745e-20 -4.2437e-21 -1.5016e-22 -4.1715e-24 -8.9319e-26 -1.4445e-27 -1.7255e-29 -1.4854e-31 -8.9664e-34 -3.6824e-36 -9.9494e-39 -1.7037e-41 -1.7735e-44 -1.0712e-47 -3.5634e-51 -6.1572e-55 -5.1733e-59 -1.9619e-63 -3.0867e-68 -1.8306e-73 -3.6694e-79 -2.1944e-85 -3.3929e-92 -1.1502e-99 -7.0659e-108 -6.3042e-117 -6.3108e-127 -5.2386e-138 -2.5258e-150 -4.6380e-164 -1.9637e-179 -1.0501e-196 -3.4319e-216 -2.8374e-238 -2.0154e-263 -3.2418e-292 0.0000e+00 0.0000e+00 0.0000e+00 0.0000e+00 0.0000e+00 0.0000e+00 0.0000e+00 0.0000e+00 0.0000e+00 0.0000e+00 0.0000e+00 0.0000e+00 0.0000e+00 0.0000e+00 0.0000e+00 0.0000e+00 0.0000e+00 0.0000e+00 0.0000e+00 0.0000e+00 0.0000e+00
-1.2829e-06 -3.1961e-06 -7.3049e-06 -1.5326e-05 -2.9768e-05 -5.4012e-05 -9.2120e-05 -1.4826e-04 -2.2571e-04 -3.2549e-04 -4.4496e-04 -5.7681e-04 -7.0898e-04 -8.2601e-04 -9.1166e-04 6.7365e-02 -9.4093e-04 -8.7801e-04 -7.7281e-04 -6.4063e-04 -4.9930e-04 -3.6517e-04 -2.5010e-04 -1.6002e-04 -9.5418e-05 -5.2874e-05 -2.7146e-05 -1.2871e-05 -5.6156e-06 -2.2459e-06 -8.1987e-07 -2.7196e-07 -8.1566e-08 -2.2000e-08 -5.3054e-09 -1.1367e-09 -2.1487e-10 -3.5572e-11 -5.1155e-12 -6.3337e-13 -6.6867e-14 -5.9563e-15 -4.4253e-16 -2.7080e-17 -1.3462e-18 -5.3545e-20 -1.6762e-21 -4.0547e-23 -7.4292e-25 -1.0084e-26 -9.8952e-29 -6.8321e-31 -3.2211e-33 -1.0030e-35 -1.9876e-38 -2.4052e-41 -1.6969e-44 -6.6280e-48 -1.3522e-51 -1.3494e-55 -6.1176e-60 -1.1586e-64 -8.3340e-70 -2.0427e-75 -1.5069e-81 -2.9020e-88 -1.2382e-95 -9.6833e-104 -1.1136e-112 -1.4568e-122 -1.6042e-133 -1.0431e-145 -2.6316e-159 -1.5622e-174 -1.1982e-191 -5.7613e-211 -7.2109e-233 -8.0084e-258 -2.0891e-286 -2.4428e-319 0.0000e+00 0.0000e+00 0.0000e+00 0.0000e+00 0.0000e+00 0.0000e+00 0.0000e+00 0.0000e+00 0.0000e+00 0.0000e+00 0.0000e+00 0.0000e+00 0.0000e+00 0.0000e+00 0.0000e+00 0.0000e+00 0.0000e+00 0.0000e+00 0.0000e+00 0.0000e+00 9.6507e-07 1.2487e-06 1.2429e-06 8.5619e-07 -8.5585e-08 -1.8093e-06 -4.5583e-06 -8.5361e-06 -1.3832e-05 -2.0341e-05 -2.7708e-05 -3.5316e-05 -4.2338e-05 -4.7875e-05 -5.1132e-05 0.0000e+00 -4.9193e-05 -4.4276e-05 -3.7584e-05 -3.0050e-05 -2.2595e-05 -1.5948e-05 -1.0546e-05 -6.5176e-06 -3.7555e-06 -2.0120e-06 -9.9914e-07 -4.5842e-07 -1.9363e-07 -7.5000e-08 -2.6528e-08 -8.5289e-09 -2.4802e-09 -6.4883e-10 -1.5180e-10 -3.1563e-11 -5.7919e-12 -9.3098e-13 -1.3001e-13 -1.5636e-14 -1.6036e-15 -1.3878e-16 -1.0019e-17 -5.9582e-19 -2.8784e-20 -1.1127e-21 -3.3855e-23 -7.9596e-25 -1.4174e-26 -1.8697e-28 -1.7828e-30 -1.1961e-32 -5.4784e-35 -1.6571e-37 -3.1893e-40 -3.7475e-43 -2.5668e-46 -9.7304e-50 -1.9261e-53 -1.8644e-57 -8.1954e-62 -1.5044e-66 -1.0484e-71 -2.4882e-77 -1.7767e-83 -3.3096e-90 -1.3652e-97 -1.0314e-105 -1.1451e-114 -1.4451e-124 -1.5338e-135 -9.6033e-148 -2.3308e-161 -1.3296e-176 -9.7883e-194 -4.5113e-213 -5.4047e-235 -5.7366e-260 -1.4277e-288 -1.5909e-321 0.0000e+00 0.0000e+00 0.0000e+00 0.0000e+00 0.0000e+00 0.0000e+00 0.0000e+00 0.0000e+00 0.0000e+00 0.0000e+00 0.0000e+00 0.0000e+00 0.0000e+00 0.0000e+00 0.0000e+00 0.0000e+00 0.0000e+00 0.0000e+00 0.0000e+00 0.0000e+00
