2.9524e-08 -1.8638e-08 -3.4275e-08 -5.2832e-08 -7.3915e-08 -9.7230e-08 -1.2251e-07 -1.4946e-07 -1.7775e-07 -2.0696e-07 -2.3658e-07 -2.6598e-07 -2.9439e-07 -3.2092e-07 -3.4456e-07 -3.6419e-07 -3.7867e-07 -3.8690e-07 -3.8790e-07 -3.8098e-07 -3.6580e-07 -3.4256e-07 -3.1204e-07 -2.7561e-07 -2.3522e-07 -1.9322e-07 -1.5208e-07 -1.1412e-07 -8.1188e-08 -5.4411e-08 -3.4110e-08 -1.9844e-08 -1.0618e-08 -5.1729e-09 -2.2690e-09 -8.8474e-10 -3.0232e-10 -8.9079e-11 -2.2225e-11 -4.5996e-12 -7.7141e-13 -1.0211e-13 -1.0352e-14 -7.7692e-16 -4.1513e-17 -1.5108e-18 -3.5595e-20 -5.1224e-22 -4.2116e-24 -1.8319e-26 -3.8579e-29 -3.5500e-32 -1.2673e-35 -1.5287e-39 -5.3032e-44 -4.3828e-49 -6.9189e-55 -1.6091e-61 -4.0567e-69 -7.7110e-78 -7.1754e-88 -1.9524e-99 -8.3766e-113 -2.6946e-128 -2.6455e-146 -2.6598e-167 -7.2169e-192 -1.0278e-220 -1.0171e-254 -5.6699e-295 -0.0000e+00 -0.0000e+00 -0.0000e+00 -0.0000e+00 -0.0000e+00 -0.0000e+00 -0.0000e+00 -0.0000e+00 -0.0000e+00 -0.0000e+00 -0.0000e+00 -0.0000e+00 -0.0000e+00 -0.0000e+00 -0.0000e+00 -0.0000e+00 -0.0000e+00 -0.0000e+00 -0.0000e+00 -0.0000e+00 -0.0000e+00 -0.0000e+00 -0.0000e+00 -0.0000e+00 -0.0000e+00 -0.0000e+00 -0.0000e+00 -0.0000e+00 -0.0000e+00 -0.0000e+00 0.0000e+00 -1.8638e-08 -3.4275e-08 -5.2832e-08 -7.3915e-08 -9.7230e-08 -1.2251e-07 -1.4946e-07 -1.7775e-07 -2.0696e-07 -2.3658e-07 -2.6598e-07 -2.9439e-07 -3.2092e-07 -3.4456e-07 -3.6419e-07 -3.7867e-07 -3.8690e-07 -3.8790e-07 -3.8098e-07 -3.6580e-07 -3.4256e-07 -3.1203e-07 -2.7561e-07 -2.3522e-07 -1.9322e-07 -1.5208e-07 -1.1412e-07 -8.1187e-08 -5.4411e-08 -3.4110e-08 -1.9844e-08 -1.0618e-08 -5.1728e-09 -2.2689e-09 -8.8472e-10 -3.0231e-10 -8.9076e-11 -2.2224e-11 -4.5994e-12 -7.7138e-13 -1.0211e-13 -1.0352e-14 -7.7687e-16 -4.1510e-17 -1.5107e-18 -3.5592e-20 -5.1219e-22 -4.2110e-24 -1.8317e-26 -3.8573e-29 -3.5494e-32 -1.2671e-35 -1.5284e-39 -5.3019e-44 -4.3815e-49 -6.9167e-55 -1.6085e-61 -4.0550e-69 -7.7072e-78 -7.1715e-88 -1.9512e-99 -8.3705e-113 -2.6924e-128 -2.6430e-146 -2.6569e-167 -7.2079e-192 -1.0263e-220 -1.0154e-254 -5.6589e-295 -0.0000e+00 -0.0000e+00 -0.0000e+00 -0.0000e+00 -0.0000e+00 -0.0000e+00 -0.0000e+00 -0.0000e+00 -0.0000e+00 -0.0000e+00 -0.0000e+00 -0.0000e+00 -0.0000e+00 -0.0000e+00 -0.0000e+00 -0.0000e+00 -0.0000e+00 -0.0000e+00 -0.0000e+00 -0.0000e+00 -0.0000e+00 -0.0000e+00 -0.0000e+00 -0.0000e+00 -0.0000e+00 -0.0000e+00 -0.0000e+00 -0.0000e+00 -0.0000e+00 -0.0000e+00
-1.8638e-08 4.7284e-07 -9.7010e-08 -1.4953e-07 -2.0921e-07 -2.7520e-07 -3.4674e-07 -4.2302e-07 -5.0308e-07 -5.8577e-07 -6.6961e-07 -7.5282e-07 -8.3324e-07 -9.0834e-07 -9.7524e-07 -1.0308e-06 -1.0718e-06 -1.0951e-06 -1.0979e-06 -1.0783e-06 -1.0354e-06 -9.6963e-07 -8.8323e-07 -7.8013e-07 -6.6583e-07 -5.4695e-07 -4.3050e-07 -3.2306e-07 -2.2983e-07 -1.5404e-07 -9.6568e-08 -5.6182e-08 -3.0062e-08 -1.4647e-08 -6.4249e-09 -2.5054e-09 -8.5617e-10 -2.5229e-10 -6.2953e-11 -1.3030e-11 -2.1855e-12 -2.8933e-13 -2.9338e-14 -2.2022e-15 -1.1769e-16 -4.2842e-18 -1.0096e-19 -1.4533e-21 -1.1953e-23 -5.2011e-26 -1.0958e-28 -1.0088e-31 -3.6032e-35 -4.3488e-39 -1.5097e-43 -1.2486e-48 -1.9729e-54 -4.5927e-61 -1.1592e-68 -2.2064e-77 -2.0563e-87 -5.6048e-99 -2.4095e-112 -7.7690e-128 -7.6480e-146 -7.7135e-167 -2.1006e-191 -3.0045e-220 -2.9882e-254 -1.6757e-294 -0.0000e+00 -0.0000e+00 -0.0000e+00 -0.0000e+00 -0.0000e+00 -0.0000e+00 -0.0000e+00 -0.0000e+00 -0.0000e+00 -0.0000e+00 -0.0000e+00 -0.0000e+00 -0.0000e+00 -0.0000e+00 -0.0000e+00 -0.0000e+00 -0.0000e+00 -0.0000e+00 -0.0000e+00 -0.0000e+00 -0.0000e+00 -0.0000e+00 -0.0000e+00 -0.0000e+00 -0.0000e+00 -0.0000e+00 -0.0000e+00 -0.0000e+00 -0.0000e+00 -0.0000e+00 -1.8638e-08 0.0000e+00 -9.7010e-08 -1.4953e-07 -2.0921e-07 -2.7520e-07 -3.4674e-07 -4.2302e-07 -5.0308e-07 -5.8577e-07 -6.6961e-07 -7.5282e-07 -8.3324e-07 -9.0833e-07 -9.7523e-07 -1.0308e-06 -1.0718e-06 -1.0951e-06 -1.0979e-06 -1.0783e-06 -1.0354e-06 -9.6959e-07 -8.8319e-07 -7.8008e-07 -6.6579e-07 -5.4690e-07 -4.3046e-07 -3.2302e-07 -2.2980e-07 -1.5401e-07 -9.6551e-08 -5.6170e-08 -3.0055e-08 -1.4643e-08 -6.4229e-09 -2.5045e-09 -8.5581e-10 -2.5217e-10 -6.2918e-11 -1.3022e-11 -2.1840e-12 -2.8910e-13 -2.9312e-14 -2.1999e-15 -1.1755e-16 -4.2785e-18 -1.0081e-19 -1.4508e-21 -1.1930e-23 -5.1896e-26 -1.0930e-28 -1.0059e-31 -3.5917e-35 -4.3331e-39 -1.5035e-43 -1.2428e-48 -1.9625e-54 -4.5653e-61 -1.1514e-68 -2.1894e-77 -2.0382e-87 -5.5488e-99 -2.3820e-112 -7.6677e-128 -7.5339e-146 -7.5816e-167 -2.0594e-191 -2.9366e-220 -2.9103e-254 -1.6252e-294 -0.0000e+00 -0.0000e+00 -0.0000e+00 -0.0000e+00 -0.0000e+00 -0.0000e+00 -0.0000e+00 -0.0000e+00 -0.0000e+00 -0.0000e+00 -0.0000e+00 -0.0000e+00 -0.0000e+00 -0.0000e+00 -0.0000e+00 -0.0000e+00 -0.0000e+00 -0.0000e+00 -0.0000e+00 -0.0000e+00 -0.0000e+00 -0.0000e+00 -0.0000e+00 -0.0000e+00 -0.0000e+00 -0.0000e+00 -0.0000e+00 -0.0000e+00 -0.0000e+00 -0.0000e+00
-3.4275e-08 -9.7010e-08 2.3976e-06 -2.7499e-07 -3.8473e-07 -5.0608e-07 -6.3765e-07 -7.7793e-07 -9.2517e-07 -1.0772e-06 -1.2314e-06 -1.3845e-06 -1.5324e-06 -1.6705e-06 -1.7935e-06 -1.8957e-06 -1.9712e-06 -2.0140e-06 -2.0193e-06 -1.9834e-06 -1.9044e-06 -1.7835e-06 -1.6247e-06 -1.4351e-06 -1.2249e-06 -1.0063e-06 -7.9214e-07 -5.9450e-07 -4.2299e-07 -2.8353e-07 -1.7778e-07 -1.0345e-07 -5.5363e-08 -2.6980e-08 -1.1838e-08 -4.6176e-09 -1.5785e-09 -4.6531e-10 -1.1615e-10 -2.4052e-11 -4.0365e-12 -5.3470e-13 -5.4254e-14 -4.0754e-15 -2.1799e-16 -7.9428e-18 -1.8739e-19 -2.7007e-21 -2.2242e-23 -9.6934e-26 -2.0458e-28 -1.8871e-31 -6.7557e-35 -8.1746e-39 -2.8460e-43 -2.3616e-48 -3.7454e-54 -8.7562e-61 -2.2209e-68 -4.2505e-77 -3.9864e-87 -1.0945e-98 -4.7445e-112 -1.5445e-127 -1.5372e-145 -1.5702e-166 -4.3392e-191 -6.3123e-220 -6.4024e-254 -3.6732e-294 -0.0000e+00 -0.0000e+00 -0.0000e+00 -0.0000e+00 -0.0000e+00 -0.0000e+00 -0.0000e+00 -0.0000e+00 -0.0000e+00 -0.0000e+00 -0.0000e+00 -0.0000e+00 -0.0000e+00 -0.0000e+00 -0.0000e+00 -0.0000e+00 -0.0000e+00 -0.0000e+00 -0.0000e+00 -0.0000e+00 -0.0000e+00 -0.0000e+00 -0.0000e+00 -0.0000e+00 -0.0000e+00 -0.0000e+00 -0.0000e+00 -0.0000e+00 -0.0000e+00 -0.0000e+00 -3.4275e-08 -9.7010e-08 0.0000e+00 -2.7499e-07 -3.8473e-07 -5.0608e-07 -6.3765e-07 -7.7793e-07 -9.2517e-07 -1.0772e-06 -1.2314e-06 -1.3844e-06 -1.5323e-06 -1.6704e-06 -1.7935e-06 -1.8957e-06 -1.9710e-06 -2.0139e-06 -2.0191e-06 -1.9831e-06 -1.9042e-06 -1.7832e-06 -1.6243e-06 -1.4347e-06 -1.2245e-06 -1.0059e-06 -7.9177e-07 -5.9417e-07 -4.2271e-07 -2.8331e-07 -1.7762e-07 -1.0334e-07 -5.5297e-08 -2.6943e-08 -1.1819e-08 -4.6091e-09 -1.5752e-09 -4.6419e-10 -1.1583e-10 -2.3977e-11 -4.0221e-12 -5.3253e-13 -5.4004e-14 -4.0541e-15 -2.1670e-16 -7.8895e-18 -1.8596e-19 -2.6774e-21 -2.2025e-23 -9.5865e-26 -2.0203e-28 -1.8605e-31 -6.6482e-35 -8.0275e-39 -2.7881e-43 -2.3073e-48 -3.6480e-54 -8.4986e-61 -2.1469e-68 -4.0902e-77 -3.8162e-87 -1.0415e-98 -4.4842e-112 -1.4483e-127 -1.4286e-145 -1.4442e-166 -3.9438e-191 -5.6586e-220 -5.6490e-254 -3.1819e-294 -0.0000e+00 -0.0000e+00 -0.0000e+00 -0.0000e+00 -0.0000e+00 -0.0000e+00 -0.0000e+00 -0.0000e+00 -0.0000e+00 -0.0000e+00 -0.0000e+00 -0.0000e+00 -0.0000e+00 -0.0000e+00 -0.0000e+00 -0.0000e+00 -0.0000e+00 -0.0000e+00 -0.0000e+00 -0.0000e+00 -0.0000e+00 -0.0000e+00 -0.0000e+00 -0.0000e+00 -0.0000e+00 -0.0000e+00 -0.0000e+00 -0.0000e+00 -0.0000e+00 -0.0000e+00
-5.2832e-08 -1.4953e-07 -2.7499e-07 7.5948e-06 -5.9303e-07 -7.8009e-07 -9.8289e-07 -1.1991e-06 -1.4261e-06 -1.6605e-06 -1.8982e-06 -2.1341e-06 -2.3622e-06 -2.5752e-06 -2.7649e-06 -2.9226e-06 -3.0390e-06 -3.1053e-06 -3.1137e-06 -3.0585e-06 -2.9370e-06 -2.7509e-06 -2.5062e-06 -2.2141e-06 -1.8902e-06 -1.5532e-06 -1.2229e-06 -9.1803e-07 -6.5339e-07 -4.3813e-07 -2.7483e-07 -1.5999e-07 -8.5670e-08 -4.1775e-08 -1.8342e-08 -7.1600e-09 -2.4497e-09 -7.2285e-10 -1.8064e-10 -3.7453e-11 -6.2943e-12 -8.3510e-13 -8.4886e-14 -6.3892e-15 -3.4253e-16 -1.2512e-17 -2.9603e-19 -4.2803e-21 -3.5380e-23 -1.5482e-25 -3.2825e-28 -3.0436e-31 -1.0960e-34 -1.3349e-38 -4.6821e-43 -3.9178e-48 -6.2724e-54 -1.4821e-60 -3.8046e-68 -7.3811e-77 -7.0297e-87 -1.9638e-98 -8.6816e-112 -2.8894e-127 -2.9487e-145 -3.0983e-166 -8.8397e-191 -1.3330e-219 -1.4080e-253 -8.4547e-294 -0.0000e+00 -0.0000e+00 -0.0000e+00 -0.0000e+00 -0.0000e+00 -0.0000e+00 -0.0000e+00 -0.0000e+00 -0.0000e+00 -0.0000e+00 -0.0000e+00 -0.0000e+00 -0.0000e+00 -0.0000e+00 -0.0000e+00 -0.0000e+00 -0.0000e+00 -0.0000e+00 -0.0000e+00 -0.0000e+00 -0.0000e+00 -0.0000e+00 -0.0000e+00 -0.0000e+00 -0.0000e+00 -0.0000e+00 -0.0000e+00 -0.0000e+00 -0.0000e+00 -0.0000e+00 -5.2832e-08 -1.4953e-07 -2.7499e-07 0.0000e+00 -5.9303e-07 -7.8008e-07 -9.8288e-07 -1.1991e-06 -1.4261e-06 -1.6605e-06 -1.8981e-06 -2.1340e-06 -2.3620e-06 -2.5749e-06 -2.7646e-06 -2.9221e-06 -3.0384e-06 -3.1045e-06 -3.1127e-06 -3.0572e-06 -2.9356e-06 -2.7492e-06 -2.5044e-06 -2.2122e-06 -1.8882e-06 -1.5512e-06 -1.2211e-06 -9.1641e-07 -6.5204e-07 -4.3707e-07 -2.7405e-07 -1.5947e-07 -8.5347e-08 -4.1592e-08 -1.8250e-08 -7.1187e-09 -2.4335e-09 -7.1739e-10 -1.7908e-10 -3.7085e-11 -6.2238e-12 -8.2448e-13 -8.3662e-14 -6.2848e-15 -3.3619e-16 -1.2250e-17 -2.8903e-19 -4.1660e-21 -3.4314e-23 -1.4956e-25 -3.1569e-28 -2.9125e-31 -1.0428e-34 -1.2621e-38 -4.3951e-43 -3.6480e-48 -5.7875e-54 -1.3535e-60 -3.4344e-68 -6.5763e-77 -6.1714e-87 -1.6956e-98 -7.3562e-112 -2.3970e-127 -2.3886e-145 -2.4433e-166 -6.7641e-191 -9.8613e-220 -1.0029e-253 -5.7731e-294 -0.0000e+00 -0.0000e+00 -0.0000e+00 -0.0000e+00 -0.0000e+00 -0.0000e+00 -0.0000e+00 -0.0000e+00 -0.0000e+00 -0.0000e+00 -0.0000e+00 -0.0000e+00 -0.0000e+00 -0.0000e+00 -0.0000e+00 -0.0000e+00 -0.0000e+00 -0.0000e+00 -0.0000e+00 -0.0000e+00 -0.0000e+00 -0.0000e+00 -0.0000e+00 -0.0000e+00 -0.0000e+00 -0.0000e+00 -0.0000e+00 -0.0000e+00 -0.0000e+00 -0.0000e+00
-7.3915e-08 -2.0921e-07 -3.8473e-07 -5.9303e-07 1.8596e-05 -1.0914e-06 -1.3751e-06 -1.6777e-06 -1.9953e-06 -2.3233e-06 -2.6559e-06 -2.9861e-06 -3.3053e-06 -3.6035e-06 -3.8693e-06 -4.0903e-06 -4.2537e-06 -4.3470e-06 -4.3593e-06 -4.2827e-06 -4.1136e-06 -3.8538e-06 -3.5120e-06 -3.1037e-06 -2.6506e-06 -2.1789e-06 -1.7165e-06 -1.2893e-06 -9.1825e-07 -6.1619e-07 -3.8685e-07 -2.2543e-07 -1.2085e-07 -5.9001e-08 -2.5943e-08 -1.0143e-08 -3.4768e-09 -1.0280e-09 -2.5750e-10 -5.3526e-11 -9.0218e-12 -1.2009e-12 -1.2252e-13 -9.2599e-15 -4.9873e-16 -1.8313e-17 -4.3579e-19 -6.3420e-21 -5.2803e-23 -2.3294e-25 -4.9839e-28 -4.6682e-31 -1.7001e-34 -2.0970e-38 -7.4590e-43 -6.3399e-48 -1.0328e-53 -2.4882e-60 -6.5261e-68 -1.2966e-76 -1.2679e-86 -3.6470e-98 -1.6650e-111 -5.7419e-127 -6.0933e-145 -6.6832e-166 -1.9987e-190 -3.1736e-219 -3.5467e-253 -2.2654e-293 -0.0000e+00 -0.0000e+00 -0.0000e+00 -0.0000e+00 -0.0000e+00 -0.0000e+00 -0.0000e+00 -0.0000e+00 -0.0000e+00 -0.0000e+00 -0.0000e+00 -0.0000e+00 -0.0000e+00 -0.0000e+00 -0.0000e+00 -0.0000e+00 -0.0000e+00 -0.0000e+00 -0.0000e+00 -0.0000e+00 -0.0000e+00 -0.0000e+00 -0.0000e+00 -0.0000e+00 -0.0000e+00 -0.0000e+00 -0.0000e+00 -0.0000e+00 -0.0000e+00 -0.0000e+00 -7.3915e-08 -2.0921e-07 -3.8473e-07 -5.9303e-07 0.0000e+00 -1.0914e-06 -1.3751e-06 -1.6777e-06 -1.9952e-06 -2.3231e-06 -2.6557e-06 -2.9858e-06 -3.3048e-06 -3.6027e-06 -3.8682e-06 -4.0888e-06 -4.2516e-06 -4.3442e-06 -4.3559e-06 -4.2785e-06 -4.1086e-06 -3.8481e-06 -3.5057e-06 -3.0970e-06 -2.6438e-06 -2.1722e-06 -1.7102e-06 -1.2838e-06 -9.1362e-07 -6.1256e-07 -3.8420e-07 -2.2364e-07 -1.1973e-07 -5.8376e-08 -2.5626e-08 -1.0001e-08 -3.4211e-09 -1.0092e-09 -2.5213e-10 -5.2258e-11 -8.7792e-12 -1.1643e-12 -1.1829e-13 -8.8991e-15 -4.7681e-16 -1.7406e-17 -4.1151e-19 -5.9451e-21 -4.9096e-23 -2.1462e-25 -4.5452e-28 -4.2091e-31 -1.5135e-34 -1.8406e-38 -6.4445e-43 -5.3822e-48 -8.5985e-54 -2.0270e-60 -5.1901e-68 -1.0041e-76 -9.5340e-87 -2.6548e-98 -1.1695e-111 -3.8783e-127 -3.9431e-145 -4.1275e-166 -1.1733e-190 -1.7633e-219 -1.8571e-253 -1.1130e-293 -0.0000e+00 -0.0000e+00 -0.0000e+00 -0.0000e+00 -0.0000e+00 -0.0000e+00 -0.0000e+00 -0.0000e+00 -0.0000e+00 -0.0000e+00 -0.0000e+00 -0.0000e+00 -0.0000e+00 -0.0000e+00 -0.0000e+00 -0.0000e+00 -0.0000e+00 -0.0000e+00 -0.0000e+00 -0.0000e+00 -0.0000e+00 -0.0000e+00 -0.0000e+00 -0.0000e+00 -0.0000e+00 -0.0000e+00 -0.0000e+00 -0.0000e+00 -0.0000e+00 -0.0000e+00
-9.7230e-08 -2.7520e-07 -5.0608e-07 -7.8009e-07 -1.0914e-06 3.8698e-05 -1.8089e-06 -2.2070e-06 -2.6248e-06 -3.0564e-06 -3.4941e-06 -3.9287e-06 -4.3490e-06 -4.7419e-06 -5.0922e-06 -5.3839e-06 -5.5999e-06 -5.7239e-06 -5.7417e-06 -5.6426e-06 -5.4217e-06 -5.0815e-06 -4.6332e-06 -4.0970e-06 -3.5013e-06 -2.8806e-06 -2.2713e-06 -1.7078e-06 -1.2178e-06 -8.1832e-07 -5.1455e-07 -3.0038e-07 -1.6135e-07 -7.8954e-08 -3.4805e-08 -1.3648e-08 -4.6932e-09 -1.3928e-09 -3.5029e-10 -7.3149e-11 -1.2393e-11 -1.6591e-12 -1.7035e-13 -1.2967e-14 -7.0393e-16 -2.6076e-17 -6.2663e-19 -9.2188e-21 -7.7681e-23 -3.4727e-25 -7.5396e-28 -7.1770e-31 -2.6605e-34 -3.3462e-38 -1.2160e-42 -1.0580e-47 -1.7681e-53 -4.3796e-60 -1.1839e-67 -2.4308e-76 -2.4629e-86 -7.3619e-98 -3.5036e-111 -1.2636e-126 -1.4074e-144 -1.6263e-165 -5.1453e-190 -8.6827e-219 -1.0365e-252 -7.1130e-293 -0.0000e+00 -0.0000e+00 -0.0000e+00 -0.0000e+00 -0.0000e+00 -0.0000e+00 -0.0000e+00 -0.0000e+00 -0.0000e+00 -0.0000e+00 -0.0000e+00 -0.0000e+00 -0.0000e+00 -0.0000e+00 -0.0000e+00 -0.0000e+00 -0.0000e+00 -0.0000e+00 -0.0000e+00 -0.0000e+00 -0.0000e+00 -0.0000e+00 -0.0000e+00 -0.0000e+00 -0.0000e+00 -0.0000e+00 -0.0000e+00 -0.0000e+00 -0.0000e+00 -0.0000e+00 -9.7230e-08 -2.7520e-07 -5.0608e-07 -7.8008e-07 -1.0914e-06 0.0000e+00 -1.8089e-06 -2.2068e-06 -2.6246e-06 -3.0560e-06 -3.4935e-06 -3.9278e-06 -4.3476e-06 -4.7397e-06 -5.0891e-06 -5.3796e-06 -5.5941e-06 -5.7165e-06 -5.7323e-06 -5.6311e-06 -5.4080e-06 -5.0659e-06 -4.6159e-06 -4.0786e-06 -3.4825e-06 -2.8622e-06 -2.2541e-06 -1.6926e-06 -1.2051e-06 -8.0836e-07 -5.0728e-07 -2.9545e-07 -1.5829e-07 -7.7234e-08 -3.3935e-08 -1.3257e-08 -4.5399e-09 -1.3410e-09 -3.3549e-10 -6.9647e-11 -1.1722e-11 -1.5577e-12 -1.5863e-13 -1.1964e-14 -6.4292e-16 -2.3547e-17 -5.5876e-19 -8.1059e-21 -6.7253e-23 -2.9555e-25 -6.2963e-28 -5.8697e-31 -2.1265e-34 -2.6081e-38 -9.2196e-43 -7.7833e-48 -1.2587e-53 -3.0082e-60 -7.8231e-68 -1.5403e-76 -1.4918e-86 -4.2483e-98 -1.9197e-111 -6.5514e-127 -6.8810e-145 -7.4726e-166 -2.2145e-190 -3.4887e-219 -3.8756e-253 -2.4672e-293 -0.0000e+00 -0.0000e+00 -0.0000e+00 -0.0000e+00 -0.0000e+00 -0.0000e+00 -0.0000e+00 -0.0000e+00 -0.0000e+00 -0.0000e+00 -0.0000e+00 -0.0000e+00 -0.0000e+00 -0.0000e+00 -0.0000e+00 -0.0000e+00 -0.0000e+00 -0.0000e+00 -0.0000e+00 -0.0000e+00 -0.0000e+00 -0.0000e+00 -0.0000e+00 -0.0000e+00 -0.0000e+00 -0.0000e+00 -0.0000e+00 -0.0000e+00 -0.0000e+00 -0.0000e+00
-1.2251e-07 -3.4674e-07 -6.3765e-07 -9.8289e-07 -1.3751e-06 -1.8089e-06 7.1995e-05 -2.7808e-06 -3.3075e-06 -3.8515e-06 -4.4034e-06 -4.9516e-06 -5.4820e-06 -5.9781e-06 -6.4211e-06 -6.7905e-06 -7.0650e-06 -7.2241e-06 -7.2497e-06 -7.1282e-06 -6.8534e-06 -6.4280e-06 -5.8658e-06 -5.1920e-06 -4.4422e-06 -3.6594e-06 -2.8897e-06 -2.1766e-06 -1.5551e-06 -1.0473e-06 -6.6024e-07 -3.8653e-07 -2.0830e-07 -1.0231e-07 -4.5285e-08 -1.7839e-08 -6.1664e-09 -1.8406e-09 -4.6590e-10 -9.7994e-11 -1.6734e-11 -2.2602e-12 -2.3435e-13 -1.8031e-14 -9.9057e-16 -3.7176e-17 -9.0625e-19 -1.3543e-20 -1.1608e-22 -5.2869e-25 -1.1713e-27 -1.1396e-30 -4.3260e-34 -5.5818e-38 -2.0849e-42 -1.8685e-47 -3.2232e-53 -8.2595e-60 -2.3154e-67 -4.9419e-76 -5.2194e-86 -1.6309e-97 -8.1387e-111 -3.0885e-126 -3.6331e-144 -4.4528e-165 -1.5014e-189 -2.7148e-218 -3.4942e-252 -2.6037e-292 -0.0000e+00 -0.0000e+00 -0.0000e+00 -0.0000e+00 -0.0000e+00 -0.0000e+00 -0.0000e+00 -0.0000e+00 -0.0000e+00 -0.0000e+00 -0.0000e+00 -0.0000e+00 -0.0000e+00 -0.0000e+00 -0.0000e+00 -0.0000e+00 -0.0000e+00 -0.0000e+00 -0.0000e+00 -0.0000e+00 -0.0000e+00 -0.0000e+00 -0.0000e+00 -0.0000e+00 -0.0000e+00 -0.0000e+00 -0.0000e+00 -0.0000e+00 -0.0000e+00 -0.0000e+00 -1.2251e-07 -3.4674e-07 -6.3765e-07 -9.8288e-07 -1.3751e-06 -1.8089e-06 0.0000e+00 -2.7806e-06 -3.3070e-06 -3.8506e-06 -4.4020e-06 -4.9494e-06 -5.4786e-06 -5.9730e-06 -6.4138e-06 -6.7804e-06 -7.0515e-06 -7.2066e-06 -7.2276e-06 -7.1012e-06 -6.8213e-06 -6.3913e-06 -5.8253e-06 -5.1489e-06 -4.3981e-06 -3.6162e-06 -2.8494e-06 -2.1409e-06 -1.5253e-06 -1.0239e-06 -6.4310e-07 -3.7493e-07 -2.0110e-07 -9.8248e-08 -4.3230e-08 -1.6916e-08 -5.8036e-09 -1.7178e-09 -4.3078e-10 -8.9665e-11 -1.5136e-11 -2.0181e-12 -2.0629e-13 -1.5625e-14 -8.4359e-16 -3.1061e-17 -7.4146e-19 -1.0829e-20 -9.0518e-23 -4.0114e-25 -8.6267e-28 -8.1277e-31 -2.9797e-34 -3.7032e-38 -1.3287e-42 -1.1405e-47 -1.8791e-53 -4.5858e-60 -1.2208e-67 -2.4672e-76 -2.4605e-86 -7.2395e-98 -3.3929e-111 -1.2061e-126 -1.3258e-144 -1.5147e-165 -4.7504e-190 -7.9717e-219 -9.5022e-253 -6.5436e-293 -0.0000e+00 -0.0000e+00 -0.0000e+00 -0.0000e+00 -0.0000e+00 -0.0000e+00 -0.0000e+00 -0.0000e+00 -0.0000e+00 -0.0000e+00 -0.0000e+00 -0.0000e+00 -0.0000e+00 -0.0000e+00 -0.0000e+00 -0.0000e+00 -0.0000e+00 -0.0000e+00 -0.0000e+00 -0.0000e+00 -0.0000e+00 -0.0000e+00 -0.0000e+00 -0.0000e+00 -0.0000e+00 -0.0000e+00 -0.0000e+00 -0.0000e+00 -0.0000e+00 -0.0000e+00
-1.4946e-07 -4.2302e-07 -7.7793e-07 -1.1991e-06 -1.6777e-06 -2.2070e-06 -2.7808e-06 1.2342e-04 -4.0357e-06 -4.6999e-06 -5.3740e-06 -6.0439e-06 -6.6926e-06 -7.2999e-06 -7.8432e-06 -8.2975e-06 -8.6370e-06 -8.8364e-06 -8.8736e-06 -8.7318e-06 -8.4030e-06 -7.8901e-06 -7.2094e-06 -6.3909e-06 -5.4774e-06 -4.5212e-06 -3.5784e-06 -2.7024e-06 -1.9366e-06 -1.3086e-06 -8.2813e-07 -4.8692e-07 -2.6367e-07 -1.3021e-07 -5.7987e-08 -2.2999e-08 -8.0098e-09 -2.4108e-09 -6.1592e-10 -1.3087e-10 -2.2600e-11 -3.0901e-12 -3.2472e-13 -2.5354e-14 -1.4151e-15 -5.4033e-17 -1.3419e-18 -2.0460e-20 -1.7920e-22 -8.3528e-25 -1.8969e-27 -1.8951e-30 -7.3989e-34 -9.8370e-38 -3.7932e-42 -3.5162e-47 -6.2872e-53 -1.6737e-59 -4.8858e-67 -1.0888e-75 -1.2041e-85 -3.9522e-97 -2.0792e-110 -8.3516e-126 -1.0446e-143 -1.3683e-164 -4.9596e-189 -9.7044e-218 -1.3619e-251 -1.1161e-291 -0.0000e+00 -0.0000e+00 -0.0000e+00 -0.0000e+00 -0.0000e+00 -0.0000e+00 -0.0000e+00 -0.0000e+00 -0.0000e+00 -0.0000e+00 -0.0000e+00 -0.0000e+00 -0.0000e+00 -0.0000e+00 -0.0000e+00 -0.0000e+00 -0.0000e+00 -0.0000e+00 -0.0000e+00 -0.0000e+00 -0.0000e+00 -0.0000e+00 -0.0000e+00 -0.0000e+00 -0.0000e+00 -0.0000e+00 -0.0000e+00 -0.0000e+00 -0.0000e+00 -0.0000e+00 -1.4946e-07 -4.2302e-07 -7.7793e-07 -1.1991e-06 -1.6777e-06 -2.2068e-06 -2.7806e-06 0.0000e+00 -4.0347e-06 -4.6981e-06 -5.3711e-06 -6.0392e-06 -6.6854e-06 -7.2893e-06 -7.8280e-06 -8.2764e-06 -8.6087e-06 -8.7997e-06 -8.8273e-06 -8.6752e-06 -8.3360e-06 -7.8134e-06 -7.1245e-06 -6.3004e-06 -5.3849e-06 -4.4306e-06 -3.4939e-06 -2.6275e-06 -1.8738e-06 -1.2594e-06 -7.9207e-07 -4.6249e-07 -2.4849e-07 -1.2164e-07 -5.3641e-08 -2.1043e-08 -7.2396e-09 -2.1497e-09 -5.4100e-10 -1.1306e-10 -1.9171e-11 -2.5691e-12 -2.6410e-13 -2.0130e-14 -1.0946e-15 -4.0623e-17 -9.7834e-19 -1.4430e-20 -1.2196e-22 -5.4717e-25 -1.1929e-27 -1.1412e-30 -4.2554e-34 -5.3896e-38 -1.9747e-42 -1.7350e-47 -2.9334e-53 -7.3666e-60 -2.0241e-67 -4.2369e-76 -4.3923e-86 -1.3489e-97 -6.6279e-111 -2.4822e-126 -2.8901e-144 -3.5184e-165 -1.1835e-189 -2.1457e-218 -2.7858e-252 -2.1087e-292 -0.0000e+00 -0.0000e+00 -0.0000e+00 -0.0000e+00 -0.0000e+00 -0.0000e+00 -0.0000e+00 -0.0000e+00 -0.0000e+00 -0.0000e+00 -0.0000e+00 -0.0000e+00 -0.0000e+00 -0.0000e+00 -0.0000e+00 -0.0000e+00 -0.0000e+00 -0.0000e+00 -0.0000e+00 -0.0000e+00 -0.0000e+00 -0.0000e+00 -0.0000e+00 -0.0000e+00 -0.0000e+00 -0.0000e+00 -0.0000e+00 -0.0000e+00 -0.0000e+00 -0.0000e+00
-1.7775e-07 -5.0308e-07 -9.2517e-07 -1.4261e-06 -1.9953e-06 -2.6248e-06 -3.3075e-06 -4.0357e-06 1.9879e-04 -5.5913e-06 -6.3943e-06 -7.1930e-06 -7.9672e-06 -8.6933e-06 -9.3444e-06 -9.8911e-06 -1.0303e-05 -1.0549e-05 -1.0604e-05 -1.0446e-05 -1.0067e-05 -9.4675e-06 -8.6669e-06 -7.6996e-06 -6.6156e-06 -5.4764e-06 -4.3487e-06 -3.2965e-06 -2.3723e-06 -1.6108e-06 -1.0249e-06 -6.0625e-07 -3.3052e-07 -1.6445e-07 -7.3850e-08 -2.9561e-08 -1.0401e-08 -3.1655e-09 -8.1864e-10 -1.7627e-10 -3.0884e-11 -4.2892e-12 -4.5839e-13 -3.6445e-14 -2.0742e-15 -8.0860e-17 -2.0532e-18 -3.2051e-20 -2.8784e-22 -1.3777e-24 -3.2175e-27 -3.3111e-30 -1.3339e-33 -1.8331e-37 -7.3202e-42 -7.0418e-47 -1.3096e-52 -3.6350e-59 -1.1094e-66 -2.5928e-75 -3.0173e-85 -1.0462e-96 -5.8388e-110 -2.5000e-125 -3.3515e-143 -4.7341e-164 -1.8633e-188 -3.9898e-217 -6.1817e-251 -5.6491e-291 -0.0000e+00 -0.0000e+00 -0.0000e+00 -0.0000e+00 -0.0000e+00 -0.0000e+00 -0.0000e+00 -0.0000e+00 -0.0000e+00 -0.0000e+00 -0.0000e+00 -0.0000e+00 -0.0000e+00 -0.0000e+00 -0.0000e+00 -0.0000e+00 -0.0000e+00 -0.0000e+00 -0.0000e+00 -0.0000e+00 -0.0000e+00 -0.0000e+00 -0.0000e+00 -0.0000e+00 -0.0000e+00 -0.0000e+00 -0.0000e+00 -0.0000e+00 -0.0000e+00 -0.0000e+00 -1.7775e-07 -5.0308e-07 -9.2517e-07 -1.4261e-06 -1.9952e-06 -2.6246e-06 -3.3070e-06 -4.0347e-06 0.0000e+00 -5.5880e-06 -6.3887e-06 -7.1840e-06 -7.9534e-06 -8.6728e-06 -9.3152e-06 -9.8506e-06 -1.0248e-05 -1.0479e-05 -1.0515e-05 -1.0338e-05 -9.9382e-06 -9.3202e-06 -8.5039e-06 -7.5259e-06 -6.4378e-06 -5.3022e-06 -4.1859e-06 -3.1521e-06 -2.2514e-06 -1.5157e-06 -9.5515e-07 -5.5895e-07 -3.0108e-07 -1.4780e-07 -6.5385e-08 -2.5743e-08 -8.8927e-09 -2.6526e-09 -6.7100e-10 -1.4103e-10 -2.4068e-11 -3.2486e-12 -3.3663e-13 -2.5889e-14 -1.4218e-15 -5.3353e-17 -1.3008e-18 -1.9449e-20 -1.6689e-22 -7.6138e-25 -1.6910e-27 -1.6511e-30 -6.2971e-34 -8.1762e-38 -3.0789e-42 -2.7878e-47 -4.8716e-53 -1.2686e-59 -3.6270e-67 -7.9295e-76 -8.6215e-86 -2.7894e-97 -1.4510e-110 -5.7840e-126 -7.2104e-144 -9.4601e-165 -3.4542e-189 -6.8532e-218 -9.8252e-252 -8.2962e-292 -0.0000e+00 -0.0000e+00 -0.0000e+00 -0.0000e+00 -0.0000e+00 -0.0000e+00 -0.0000e+00 -0.0000e+00 -0.0000e+00 -0.0000e+00 -0.0000e+00 -0.0000e+00 -0.0000e+00 -0.0000e+00 -0.0000e+00 -0.0000e+00 -0.0000e+00 -0.0000e+00 -0.0000e+00 -0.0000e+00 -0.0000e+00 -0.0000e+00 -0.0000e+00 -0.0000e+00 -0.0000e+00 -0.0000e+00 -0.0000e+00 -0.0000e+00 -0.0000e+00 -0.0000e+00
-2.0696e-07 -5.8577e-07 -1.0772e-06 -1.6605e-06 -2.3233e-06 -3.0564e-06 -3.8515e-06 -4.6999e-06 -5.5913e-06 3.0486e-04 -7.4505e-06 -8.3836e-06 -9.2895e-06 -1.0141e-05 -1.0907e-05 -1.1554e-05 -1.2046e-05 -1.2349e-05 -1.2429e-05 -1.2265e-05 -1.1842e-05 -1.1162e-05 -1.0244e-05 -9.1283e-06 -7.8703e-06 -6.5408e-06 -5.2174e-06 -3.9751e-06 -2.8772e-06 -1.9663e-06 -1.2601e-06 -7.5137e-07 -4.1329e-07 -2.0766e-07 -9.4261e-08 -3.8179e-08 -1.3606e-08 -4.1990e-09 -1.1024e-09 -2.4124e-10 -4.3006e-11 -6.0846e-12 -6.6326e-13 -5.3852e-14 -3.1338e-15 -1.2507e-16 -3.2557e-18 -5.2168e-20 -4.8158e-22 -2.3728e-24 -5.7134e-27 -6.0720e-30 -2.5306e-33 -3.6049e-37 -1.4954e-41 -1.4979e-46 -2.9082e-52 -8.4517e-59 -2.7096e-66 -6.6757e-75 -8.2229e-85 -3.0313e-96 -1.8079e-109 -8.3181e-125 -1.2058e-142 -1.8547e-163 -8.0118e-188 -1.8996e-216 -3.2916e-250 -3.4023e-290 -0.0000e+00 -0.0000e+00 -0.0000e+00 -0.0000e+00 -0.0000e+00 -0.0000e+00 -0.0000e+00 -0.0000e+00 -0.0000e+00 -0.0000e+00 -0.0000e+00 -0.0000e+00 -0.0000e+00 -0.0000e+00 -0.0000e+00 -0.0000e+00 -0.0000e+00 -0.0000e+00 -0.0000e+00 -0.0000e+00 -0.0000e+00 -0.0000e+00 -0.0000e+00 -0.0000e+00 -0.0000e+00 -0.0000e+00 -0.0000e+00 -0.0000e+00 -0.0000e+00 -0.0000e+00 -2.0696e-07 -5.8577e-07 -1.0772e-06 -1.6605e-06 -2.3231e-06 -3.0560e-06 -3.8506e-06 -4.6981e-06 -5.5880e-06 0.0000e+00 -7.4405e-06 -8.3675e-06 -9.2648e-06 -1.0105e-05 -1.0855e-05 -1.1482e-05 -1.1950e-05 -1.2223e-05 -1.2271e-05 -1.2071e-05 -1.1611e-05 -1.0898e-05 -9.9522e-06 -8.8168e-06 -7.5512e-06 -6.2279e-06 -4.9247e-06 -3.7152e-06 -2.6591e-06 -1.7945e-06 -1.1339e-06 -6.6562e-07 -3.5979e-07 -1.7731e-07 -7.8792e-08 -3.1176e-08 -1.0830e-08 -3.2507e-09 -8.2806e-10 -1.7541e-10 -3.0196e-11 -4.1154e-12 -4.3106e-13 -3.3549e-14 -1.8669e-15 -7.1085e-17 -1.7613e-18 -2.6806e-20 -2.3455e-22 -1.0932e-24 -2.4858e-27 -2.4905e-30 -9.7701e-34 -1.3082e-37 -5.0944e-42 -4.7847e-47 -8.7010e-53 -2.3661e-59 -7.0913e-67 -1.6318e-75 -1.8758e-85 -6.4479e-97 -3.5826e-110 -1.5343e-125 -2.0683e-143 -2.9556e-164 -1.1848e-188 -2.6039e-217 -4.1771e-251 -3.9914e-291 -0.0000e+00 -0.0000e+00 -0.0000e+00 -0.0000e+00 -0.0000e+00 -0.0000e+00 -0.0000e+00 -0.0000e+00 -0.0000e+00 -0.0000e+00 -0.0000e+00 -0.0000e+00 -0.0000e+00 -0.0000e+00 -0.0000e+00 -0.0000e+00 -0.0000e+00 -0.0000e+00 -0.0000e+00 -0.0000e+00 -0.0000e+00 -0.0000e+00 -0.0000e+00 -0.0000e+00 -0.0000e+00 -0.0000e+00 -0.0000e+00 -0.0000e+00 -0.0000e+00 -0.0000e+00
-2.3658e-07 -6.6961e-07 -1.2314e-06 -1.8982e-06 -2.6559e-06 -3.4941e-06 -4.4034e-06 -5.3740e-06 -6.3943e-06 -7.4505e-06 4.4941e-04 -9.5966e-06 -1.0639e-05 -1.1622e-05 -1.2511e-05 -1.3267e-05 -1.3850e-05 -1.4219e-05 -1.4338e-05 -1.4179e-05 -1.3725e-05 -1.2976e-05 -1.1951e-05 -1.0691e-05 -9.2601e-06 -7.7360e-06 -6.2072e-06 -4.7607e-06 -3.4715e-06 -2.3921e-06 -1.5471e-06 -9.3188e-07 -5.1829e-07 -2.6358e-07 -1.2123e-07 -4.9805e-08 -1.8022e-08 -5.6541e-09 -1.5106e-09 -3.3679e-10 -6.1237e-11 -8.8469e-12 -9.8583e-13 -8.1920e-14 -4.8847e-15 -2.0001e-16 -5.3480e-18 -8.8149e-20 -8.3824e-22 -4.2611e-24 -1.0604e-26 -1.1668e-29 -5.0453e-33 -7.4737e-37 -3.2319e-41 -3.3840e-46 -6.8891e-52 -2.1064e-58 -7.1315e-66 -1.8632e-74 -2.4451e-84 -9.6519e-96 -6.1990e-109 -3.0910e-124 -4.8901e-142 -8.2736e-163 -3.9658e-187 -1.0537e-215 -2.0690e-249 -2.4539e-289 -0.0000e+00 -0.0000e+00 -0.0000e+00 -0.0000e+00 -0.0000e+00 -0.0000e+00 -0.0000e+00 -0.0000e+00 -0.0000e+00 -0.0000e+00 -0.0000e+00 -0.0000e+00 -0.0000e+00 -0.0000e+00 -0.0000e+00 -0.0000e+00 -0.0000e+00 -0.0000e+00 -0.0000e+00 -0.0000e+00 -0.0000e+00 -0.0000e+00 -0.0000e+00 -0.0000e+00 -0.0000e+00 -0.0000e+00 -0.0000e+00 -0.0000e+00 -0.0000e+00 -0.0000e+00 -2.3658e-07 -6.6961e-07 -1.2314e-06 -1.8981e-06 -2.6557e-06 -3.4935e-06 -4.4020e-06 -5.3711e-06 -6.3887e-06 -7.4405e-06 0.0000e+00 -9.5695e-06 -1.0598e-05 -1.1561e-05 -1.2423e-05 -1.3145e-05 -1.3686e-05 -1.4006e-05 -1.4070e-05 -1.3851e-05 -1.3336e-05 -1.2529e-05 -1.1456e-05 -1.0163e-05 -8.7188e-06 -7.2044e-06 -5.7092e-06 -4.3178e-06 -3.0992e-06 -2.0983e-06 -1.3307e-06 -7.8437e-07 -4.2596e-07 -2.1103e-07 -9.4329e-08 -3.7571e-08 -1.3148e-08 -3.9791e-09 -1.0230e-09 -2.1891e-10 -3.8113e-11 -5.2595e-12 -5.5855e-13 -4.4137e-14 -2.4974e-15 -9.6855e-17 -2.4485e-18 -3.8093e-20 -3.4140e-22 -1.6334e-24 -3.8213e-27 -3.9487e-30 -1.6019e-33 -2.2243e-37 -9.0096e-42 -8.8301e-47 -1.6815e-52 -4.8063e-59 -1.5203e-66 -3.7086e-75 -4.5411e-85 -1.6715e-96 -1.0003e-109 -4.6441e-125 -6.8347e-143 -1.0747e-163 -4.7828e-188 -1.1785e-216 -2.1433e-250 -2.3511e-290 -0.0000e+00 -0.0000e+00 -0.0000e+00 -0.0000e+00 -0.0000e+00 -0.0000e+00 -0.0000e+00 -0.0000e+00 -0.0000e+00 -0.0000e+00 -0.0000e+00 -0.0000e+00 -0.0000e+00 -0.0000e+00 -0.0000e+00 -0.0000e+00 -0.0000e+00 -0.0000e+00 -0.0000e+00 -0.0000e+00 -0.0000e+00 -0.0000e+00 -0.0000e+00 -0.0000e+00 -0.0000e+00 -0.0000e+00 -0.0000e+00 -0.0000e+00 -0.0000e+00 -0.0000e+00
-2.6598e-07 -7.5282e-07 -1.3845e-06 -2.1341e-06 -2.9861e-06 -3.9287e-06 -4.9516e-06 -6.0439e-06 -7.1930e-06 -8.3836e-06 -9.5966e-06 6.4129e-04 -1.1991e-05 -1.3111e-05 -1.4130e-05 -1.5004e-05 -1.5689e-05 -1.6140e-05 -1.6314e-05 -1.6180e-05 -1.5714e-05 -1.4913e-05 -1.3797e-05 -1.2407e-05 -1.0809e-05 -9.0899e-06 -7.3479e-06 -5.6826e-06 -4.1821e-06 -2.9112e-06 -1.9039e-06 -1.1609e-06 -6.5424e-07 -3.3750e-07 -1.5762e-07 -6.5825e-08 -2.4238e-08 -7.7460e-09 -2.1103e-09 -4.8028e-10 -8.9237e-11 -1.3188e-11 -1.5050e-12 -1.2822e-13 -7.8478e-15 -3.3027e-16 -9.0890e-18 -1.5441e-19 -1.5159e-21 -7.9698e-24 -2.0552e-26 -2.3485e-29 -1.0571e-32 -1.6342e-36 -7.3968e-41 -8.1320e-46 -1.7443e-51 -5.6411e-58 -2.0287e-65 -5.6562e-74 -7.9619e-84 -3.3905e-95 -2.3640e-108 -1.2886e-123 -2.2459e-141 -4.2227e-162 -2.2712e-186 -6.8455e-215 -1.5435e-248 -2.1314e-288 -0.0000e+00 -0.0000e+00 -0.0000e+00 -0.0000e+00 -0.0000e+00 -0.0000e+00 -0.0000e+00 -0.0000e+00 -0.0000e+00 -0.0000e+00 -0.0000e+00 -0.0000e+00 -0.0000e+00 -0.0000e+00 -0.0000e+00 -0.0000e+00 -0.0000e+00 -0.0000e+00 -0.0000e+00 -0.0000e+00 -0.0000e+00 -0.0000e+00 -0.0000e+00 -0.0000e+00 -0.0000e+00 -0.0000e+00 -0.0000e+00 -0.0000e+00 -0.0000e+00 -0.0000e+00 -2.6598e-07 -7.5282e-07 -1.3844e-06 -2.1340e-06 -2.9858e-06 -3.9278e-06 -4.9494e-06 -6.0392e-06 -7.1840e-06 -8.3675e-06 -9.5695e-06 0.0000e+00 -1.1925e-05 -1.3012e-05 -1.3988e-05 -1.4808e-05 -1.5426e-05 -1.5798e-05 -1.5883e-05 -1.5651e-05 -1.5087e-05 -1.4194e-05 -1.2999e-05 -1.1554e-05 -9.9327e-06 -8.2280e-06 -6.5390e-06 -4.9615e-06 -3.5745e-06 -2.4303e-06 -1.5486e-06 -9.1773e-07 -5.0140e-07 -2.5010e-07 -1.1264e-07 -4.5247e-08 -1.5984e-08 -4.8883e-09 -1.2713e-09 -2.7557e-10 -4.8657e-11 -6.8195e-12 -7.3663e-13 -5.9301e-14 -3.4244e-15 -1.3578e-16 -3.5160e-18 -5.6149e-20 -5.1768e-22 -2.5539e-24 -6.1759e-27 -6.6140e-30 -2.7885e-33 -4.0363e-37 -1.7097e-41 -1.7584e-46 -3.5270e-52 -1.0662e-58 -3.5822e-66 -9.3265e-75 -1.2253e-84 -4.8668e-96 -3.1629e-109 -1.6058e-124 -2.6048e-142 -4.5535e-163 -2.2748e-187 -6.3612e-216 -1.3290e-249 -1.6982e-289 -0.0000e+00 -0.0000e+00 -0.0000e+00 -0.0000e+00 -0.0000e+00 -0.0000e+00 -0.0000e+00 -0.0000e+00 -0.0000e+00 -0.0000e+00 -0.0000e+00 -0.0000e+00 -0.0000e+00 -0.0000e+00 -0.0000e+00 -0.0000e+00 -0.0000e+00 -0.0000e+00 -0.0000e+00 -0.0000e+00 -0.0000e+00 -0.0000e+00 -0.0000e+00 -0.0000e+00 -0.0000e+00 -0.0000e+00 -0.0000e+00 -0.0000e+00 -0.0000e+00 -0.0000e+00
-2.9439e-07 -8.3324e-07 -1.5324e-06 -2.3622e-06 -3.3053e-06 -4.3490e-06 -5.4820e-06 -6.6926e-06 -7.9672e-06 -9.2895e-06 -1.0639e-05 -1.1991e-05 8.9053e-04 -1.4576e-05 -1.5731e-05 -1.6733e-05 -1.7535e-05 -1.8086e-05 -1.8338e-05 -1.8253e-05 -1.7802e-05 -1.6979e-05 -1.5796e-05 -1.4296e-05 -1.2546e-05 -1.0637e-05 -8.6766e-06 -6.7779e-06 -5.0434e-06 -3.5534e-06 -2.3545e-06 -1.4560e-06 -8.3310e-07 -4.3677e-07 -2.0752e-07 -8.8253e-08 -3.3126e-08 -1.0802e-08 -3.0057e-09 -6.9939e-10 -1.3300e-10 -2.0137e-11 -2.3571e-12 -2.0623e-13 -1.2980e-14 -5.6248e-16 -1.5964e-17 -2.8019e-19 -2.8470e-21 -1.5523e-23 -4.1609e-26 -4.9544e-29 -2.3299e-32 -3.7745e-36 -1.7960e-40 -2.0832e-45 -4.7327e-51 -1.6280e-57 -6.2564e-65 -1.8737e-73 -2.8490e-83 -1.3188e-94 -1.0064e-107 -6.0501e-123 -1.1729e-140 -2.4764e-161 -1.5116e-185 -5.2323e-214 -1.3731e-247 -2.2406e-287 -0.0000e+00 -0.0000e+00 -0.0000e+00 -0.0000e+00 -0.0000e+00 -0.0000e+00 -0.0000e+00 -0.0000e+00 -0.0000e+00 -0.0000e+00 -0.0000e+00 -0.0000e+00 -0.0000e+00 -0.0000e+00 -0.0000e+00 -0.0000e+00 -0.0000e+00 -0.0000e+00 -0.0000e+00 -0.0000e+00 -0.0000e+00 -0.0000e+00 -0.0000e+00 -0.0000e+00 -0.0000e+00 -0.0000e+00 -0.0000e+00 -0.0000e+00 -0.0000e+00 -0.0000e+00 -2.9439e-07 -8.3324e-07 -1.5323e-06 -2.3620e-06 -3.3048e-06 -4.3476e-06 -5.4786e-06 -6.6854e-06 -7.9534e-06 -9.2648e-06 -1.0598e-05 -1.1925e-05 0.0000e+00 -1.4424e-05 -1.5513e-05 -1.6432e-05 -1.7131e-05 -1.7559e-05 -1.7673e-05 -1.7437e-05 -1.6834e-05 -1.5865e-05 -1.4560e-05 -1.2972e-05 -1.1183e-05 -9.2936e-06 -7.4130e-06 -5.6481e-06 -4.0885e-06 -2.7947e-06 -1.7917e-06 -1.0690e-06 -5.8852e-07 -2.9606e-07 -1.3461e-07 -5.4644e-08 -1.9530e-08 -6.0501e-09 -1.5959e-09 -3.5135e-10 -6.3103e-11 -9.0101e-12 -9.9316e-13 -8.1733e-14 -4.8338e-15 -1.9667e-16 -5.2372e-18 -8.6192e-20 -8.2085e-22 -4.1933e-24 -1.0528e-26 -1.1738e-29 -5.1675e-33 -7.8352e-37 -3.4886e-41 -3.7852e-46 -8.0421e-52 -2.5862e-58 -9.2879e-66 -2.5982e-74 -3.6885e-84 -1.5931e-95 -1.1336e-108 -6.3500e-124 -1.1461e-141 -2.2507e-162 -1.2766e-186 -4.1011e-215 -9.9765e-249 -1.5069e-288 -0.0000e+00 -0.0000e+00 -0.0000e+00 -0.0000e+00 -0.0000e+00 -0.0000e+00 -0.0000e+00 -0.0000e+00 -0.0000e+00 -0.0000e+00 -0.0000e+00 -0.0000e+00 -0.0000e+00 -0.0000e+00 -0.0000e+00 -0.0000e+00 -0.0000e+00 -0.0000e+00 -0.0000e+00 -0.0000e+00 -0.0000e+00 -0.0000e+00 -0.0000e+00 -0.0000e+00 -0.0000e+00 -0.0000e+00 -0.0000e+00 -0.0000e+00 -0.0000e+00 -0.0000e+00
-3.2092e-07 -9.0834e-07 -1.6705e-06 -2.5752e-06 -3.6035e-06 -4.7419e-06 -5.9781e-06 -7.2999e-06 -8.6933e-06 -1.0141e-05 -1.1622e-05 -1.3111e-05 -1.4576e-05 1.2085e-03 -1.7276e-05 -1.8419e-05 -1.9354e-05 -2.0026e-05 -2.0384e-05 -2.0381e-05 -1.9983e-05 -1.9174e-05 -1.7962e-05 -1.6383e-05 -1.4503e-05 -1.2417e-05 -1.0238e-05 -8.0919e-06 -6.0987e-06 -4.3566e-06 -2.9299e-06 -1.8407e-06 -1.0711e-06 -5.7162e-07 -2.7673e-07 -1.2002e-07 -4.5988e-08 -1.5323e-08 -4.3609e-09 -1.0389e-09 -2.0248e-10 -3.1458e-11 -3.7830e-12 -3.4050e-13 -2.2079e-14 -9.8736e-16 -2.8969e-17 -5.2661e-19 -5.5538e-21 -3.1504e-23 -8.8073e-26 -1.0968e-28 -5.4105e-32 -9.2247e-36 -4.6361e-40 -5.7018e-45 -1.3794e-50 -5.0760e-57 -2.0976e-64 -6.7927e-73 -1.1238e-82 -5.6980e-94 -4.7990e-107 -3.2108e-122 -6.9918e-140 -1.6752e-160 -1.1739e-184 -4.7259e-213 -1.4636e-246 -2.8651e-286 -0.0000e+00 -0.0000e+00 -0.0000e+00 -0.0000e+00 -0.0000e+00 -0.0000e+00 -0.0000e+00 -0.0000e+00 -0.0000e+00 -0.0000e+00 -0.0000e+00 -0.0000e+00 -0.0000e+00 -0.0000e+00 -0.0000e+00 -0.0000e+00 -0.0000e+00 -0.0000e+00 -0.0000e+00 -0.0000e+00 -0.0000e+00 -0.0000e+00 -0.0000e+00 -0.0000e+00 -0.0000e+00 -0.0000e+00 -0.0000e+00 -0.0000e+00 -0.0000e+00 -0.0000e+00 -3.2092e-07 -9.0833e-07 -1.6704e-06 -2.5749e-06 -3.6027e-06 -4.7397e-06 -5.9730e-06 -7.2893e-06 -8.6728e-06 -1.0105e-05 -1.1561e-05 -1.3012e-05 -1.4424e-05 0.0000e+00 -1.6953e-05 -1.7972e-05 -1.8753e-05 -1.9244e-05 -1.9395e-05 -1.9168e-05 -1.8540e-05 -1.7513e-05 -1.6114e-05 -1.4401e-05 -1.2458e-05 -1.0395e-05 -8.3295e-06 -6.3797e-06 -4.6455e-06 -3.1967e-06 -2.0648e-06 -1.2424e-06 -6.9039e-07 -3.5094e-07 -1.6142e-07 -6.6366e-08 -2.4055e-08 -7.5673e-09 -2.0300e-09 -4.5520e-10 -8.3404e-11 -1.2170e-11 -1.3733e-12 -1.1592e-13 -7.0452e-15 -2.9520e-16 -8.1128e-18 -1.3812e-19 -1.3640e-21 -7.2445e-24 -1.8961e-26 -2.2105e-29 -1.0208e-32 -1.6289e-36 -7.6613e-41 -8.8159e-46 -1.9950e-51 -6.8653e-58 -2.6520e-65 -8.0248e-74 -1.2399e-83 -5.8681e-95 -4.6101e-108 -2.8749e-123 -5.8304e-141 -1.2998e-161 -8.4663e-186 -3.1643e-214 -9.0864e-248 -1.6470e-287 -0.0000e+00 -0.0000e+00 -0.0000e+00 -0.0000e+00 -0.0000e+00 -0.0000e+00 -0.0000e+00 -0.0000e+00 -0.0000e+00 -0.0000e+00 -0.0000e+00 -0.0000e+00 -0.0000e+00 -0.0000e+00 -0.0000e+00 -0.0000e+00 -0.0000e+00 -0.0000e+00 -0.0000e+00 -0.0000e+00 -0.0000e+00 -0.0000e+00 -0.0000e+00 -0.0000e+00 -0.0000e+00 -0.0000e+00 -0.0000e+00 -0.0000e+00 -0.0000e+00 -0.0000e+00
-3.4456e-07 -9.7524e-07 -1.7935e-06 -2.7649e-06 -3.8693e-06 -5.0922e-06 -6.4211e-06 -7.8432e-06 -9.3444e-06 -1.0907e-05 -1.2511e-05 -1.4130e-05 -1.5731e-05 -1.7276e-05 1.6078e-03 -2.0015e-05 -2.1102e-05 -2.1923e-05 -2.2420e-05 -2.2541e-05 -2.2242e-05 -2.1497e-05 -2.0305e-05 -1.8692e-05 -1.6717e-05 -1.4474e-05 -1.2082e-05 -9.6785e-06 -7.4002e-06 -5.3684e-06 -3.6698e-06 -2.3459e-06 -1.3901e-06 -7.5623e-07 -3.7350e-07 -1.6542e-07 -6.4785e-08 -2.2084e-08 -6.4368e-09 -1.5722e-09 -3.1452e-10 -5.0223e-11 -6.2160e-12 -5.7671e-13 -3.8612e-14 -1.7861e-15 -5.4315e-17 -1.0256e-18 -1.1262e-20 -6.6684e-23 -1.9514e-25 -2.5515e-28 -1.3259e-31 -2.3899e-35 -1.2747e-39 -1.6709e-44 -4.3281e-50 -1.7140e-56 -7.6646e-64 -2.7022e-72 -4.8996e-82 -2.7429e-93 -2.5714e-106 -1.9323e-121 -4.7735e-139 -1.3121e-159 -1.0681e-183 -5.0655e-212 -1.8775e-245 -4.4779e-285 -0.0000e+00 -0.0000e+00 -0.0000e+00 -0.0000e+00 -0.0000e+00 -0.0000e+00 -0.0000e+00 -0.0000e+00 -0.0000e+00 -0.0000e+00 -0.0000e+00 -0.0000e+00 -0.0000e+00 -0.0000e+00 -0.0000e+00 -0.0000e+00 -0.0000e+00 -0.0000e+00 -0.0000e+00 -0.0000e+00 -0.0000e+00 -0.0000e+00 -0.0000e+00 -0.0000e+00 -0.0000e+00 -0.0000e+00 -0.0000e+00 -0.0000e+00 -0.0000e+00 -0.0000e+00 -3.4456e-07 -9.7523e-07 -1.7935e-06 -2.7646e-06 -3.8682e-06 -5.0891e-06 -6.4138e-06 -7.8280e-06 -9.3152e-06 -1.0855e-05 -1.2423e-05 -1.3988e-05 -1.5513e-05 -1.6953e-05 0.0000e+00 -1.9375e-05 -2.0241e-05 -2.0801e-05 -2.0999e-05 -2.0795e-05 -2.0162e-05 -1.9099e-05 -1.7630e-05 -1.5816e-05 -1.3742e-05 -1.1523e-05 -9.2859e-06 -7.1579e-06 -5.2500e-06 -3.6422e-06 -2.3740e-06 -1.4430e-06 -8.1095e-07 -4.1739e-07 -1.9464e-07 -8.1236e-08 -2.9933e-08 -9.5873e-09 -2.6226e-09 -6.0066e-10 -1.1260e-10 -1.6841e-11 -1.9515e-12 -1.6949e-13 -1.0621e-14 -4.5986e-16 -1.3089e-17 -2.3134e-19 -2.3780e-21 -1.3182e-23 -3.6114e-26 -4.4207e-29 -2.1507e-32 -3.6291e-36 -1.8119e-40 -2.2228e-45 -5.3874e-51 -1.9958e-57 -8.3452e-65 -2.7501e-73 -4.6584e-83 -2.4349e-94 -2.1299e-107 -1.4923e-122 -3.4344e-140 -8.7863e-161 -6.6498e-185 -2.9287e-213 -1.0068e-246 -2.2239e-286 -0.0000e+00 -0.0000e+00 -0.0000e+00 -0.0000e+00 -0.0000e+00 -0.0000e+00 -0.0000e+00 -0.0000e+00 -0.0000e+00 -0.0000e+00 -0.0000e+00 -0.0000e+00 -0.0000e+00 -0.0000e+00 -0.0000e+00 -0.0000e+00 -0.0000e+00 -0.0000e+00 -0.0000e+00 -0.0000e+00 -0.0000e+00 -0.0000e+00 -0.0000e+00 -0.0000e+00 -0.0000e+00 -0.0000e+00 -0.0000e+00 -0.0000e+00 -0.0000e+00 -0.0000e+00
-3.6419e-07 -1.0308e-06 -1.8957e-06 -2.9226e-06 -4.0903e-06 -5.3839e-06 -6.7905e-06 -8.2975e-06 -9.8911e-06 -1.1554e-05 -1.3267e-05 -1.5004e-05 -1.6733e-05 -1.8419e-05 -2.0015e-05 2.1027e-03 -2.2729e-05 -2.3729e-05 -2.4406e-05 -2.4699e-05 -2.4557e-05 -2.3939e-05 -2.2829e-05 -2.1241e-05 -1.9221e-05 -1.6857e-05 -1.4267e-05 -1.1600e-05 -9.0105e-06 -6.6470e-06 -4.6249e-06 -3.0118e-06 -1.8198e-06 -1.0102e-06 -5.0965e-07 -2.3077e-07 -9.2487e-08 -3.2297e-08 -9.6541e-09 -2.4212e-09 -4.9801e-10 -8.1883e-11 -1.0452e-11 -1.0018e-12 -6.9419e-14 -3.3305e-15 -1.0527e-16 -2.0711e-18 -2.3758e-20 -1.4737e-22 -4.5315e-25 -6.2462e-28 -3.4341e-31 -6.5741e-35 -3.7399e-39 -5.2525e-44 -1.4650e-49 -6.2815e-56 -3.0593e-63 -1.1825e-71 -2.3674e-81 -1.4751e-92 -1.5527e-105 -1.3229e-120 -3.7456e-138 -1.1943e-158 -1.1431e-182 -6.4710e-211 -2.9121e-244 -8.5975e-284 -0.0000e+00 -0.0000e+00 -0.0000e+00 -0.0000e+00 -0.0000e+00 -0.0000e+00 -0.0000e+00 -0.0000e+00 -0.0000e+00 -0.0000e+00 -0.0000e+00 -0.0000e+00 -0.0000e+00 -0.0000e+00 -0.0000e+00 -0.0000e+00 -0.0000e+00 -0.0000e+00 -0.0000e+00 -0.0000e+00 -0.0000e+00 -0.0000e+00 -0.0000e+00 -0.0000e+00 -0.0000e+00 -0.0000e+00 -0.0000e+00 -0.0000e+00 -0.0000e+00 -0.0000e+00 -3.6419e-07 -1.0308e-06 -1.8957e-06 -2.9221e-06 -4.0888e-06 -5.3796e-06 -6.7804e-06 -8.2764e-06 -9.8506e-06 -1.1482e-05 -1.3145e-05 -1.4808e-05 -1.6432e-05 -1.7972e-05 -1.9375e-05 0.0000e+00 -2.1535e-05 -2.2169e-05 -2.2428e-05 -2.2265e-05 -2.1651e-05 -2.0580e-05 -1.9074e-05 -1.7189e-05 -1.5015e-05 -1.2666e-05 -1.0277e-05 -7.9836e-06 -5.9067e-06 -4.1378e-06 -2.7264e-06 -1.6772e-06 -9.5513e-07 -4.9881e-07 -2.3634e-07 -1.0038e-07 -3.7693e-08 -1.2323e-08 -3.4465e-09 -8.0845e-10 -1.5550e-10 -2.3907e-11 -2.8535e-12 -2.5577e-13 -1.6578e-14 -7.4409e-16 -2.2008e-17 -4.0524e-19 -4.3514e-21 -2.5271e-23 -7.2759e-26 -9.3913e-29 -4.8351e-32 -8.6674e-36 -4.6168e-40 -6.0701e-45 -1.5847e-50 -6.3576e-57 -2.8962e-64 -1.0466e-72 -1.9582e-82 -1.1395e-93 -1.1195e-106 -8.8954e-122 -2.3469e-139 -6.9666e-160 -6.2007e-184 -3.2605e-212 -1.3612e-245 -3.7228e-285 -0.0000e+00 -0.0000e+00 -0.0000e+00 -0.0000e+00 -0.0000e+00 -0.0000e+00 -0.0000e+00 -0.0000e+00 -0.0000e+00 -0.0000e+00 -0.0000e+00 -0.0000e+00 -0.0000e+00 -0.0000e+00 -0.0000e+00 -0.0000e+00 -0.0000e+00 -0.0000e+00 -0.0000e+00 -0.0000e+00 -0.0000e+00 -0.0000e+00 -0.0000e+00 -0.0000e+00 -0.0000e+00 -0.0000e+00 -0.0000e+00 -0.0000e+00 -0.0000e+00 -0.0000e+00
