4.7193e-12 -8.0180e-12 -2.2131e-11 -4.5533e-11 -7.9774e-11 -1.2628e-10 -1.8644e-10 -2.6157e-10 -3.5303e-10 -4.6216e-10 -5.9031e-10 -7.3883e-10 -9.0905e-10 -1.1023e-09 -1.3196e-09 -1.5619e-09 -1.8299e-09 -2.1236e-09 -2.4423e-09 -2.7843e-09 -3.1463e-09 -3.5232e-09 -3.9076e-09 -4.2890e-09 -4.6534e-09 -4.9832e-09 -5.2569e-09 -5.4498e-09 -5.5359e-09 -5.4898e-09 -5.2914e-09 -4.9307e-09 -4.4134e-09 -3.7653e-09 -3.0335e-09 -2.2823e-09 -1.5823e-09 -9.9478e-10 -5.5638e-10 -2.7055e-10 -1.1127e-10 -3.7443e-11 -9.9079e-12 -1.9654e-12 -2.7588e-13 -2.5563e-14 -1.4376e-15 -4.4317e-17 -6.6189e-19 -4.1213e-21 -8.9083e-24 -5.3439e-27 -6.7624e-31 -1.2885e-35 -2.4396e-41 -2.7446e-48 -9.6919e-57 -4.8505e-67 -1.2728e-79 -5.0220e-95 -6.1656e-114 -3.1986e-137 -5.5146e-166 -1.2186e-201 -5.2220e-246 -1.9074e-301 0.0000e+00 0.0000e+00 0.0000e+00 0.0000e+00 0.0000e+00 0.0000e+00 0.0000e+00 0.0000e+00 0.0000e+00 0.0000e+00 0.0000e+00 0.0000e+00 0.0000e+00 0.0000e+00 0.0000e+00 0.0000e+00 0.0000e+00 0.0000e+00 0.0000e+00 0.0000e+00 0.0000e+00 0.0000e+00 0.0000e+00 0.0000e+00 0.0000e+00 0.0000e+00 0.0000e+00 0.0000e+00 0.0000e+00 0.0000e+00 0.0000e+00 0.0000e+00 0.0000e+00 0.0000e+00 0.0000e+00 8.0180e-12 2.2131e-11 4.5533e-11 7.9774e-11 1.2628e-10 1.8644e-10 2.6157e-10 3.5303e-10 4.6216e-10 5.9031e-10 7.3883e-10 9.0905e-10 1.1023e-09 1.3196e-09 1.5619e-09 1.8299e-09 2.1236e-09 2.4423e-09 2.7843e-09 3.1463e-09 3.5232e-09 3.9076e-09 4.2890e-09 4.6534e-09 4.9832e-09 5.2569e-09 5.4498e-09 5.5359e-09 5.4898e-09 5.2914e-09 4.9307e-09 4.4134e-09 3.7653e-09 3.0335e-09 2.2823e-09 1.5823e-09 9.9478e-10 5.5638e-10 2.7055e-10 1.1127e-10 3.7443e-11 9.9079e-12 1.9654e-12 2.7588e-13 2.5563e-14 1.4376e-15 4.4317e-17 6.6189e-19 4.1213e-21 8.9083e-24 5.3439e-27 6.7624e-31 1.2885e-35 2.4396e-41 2.7446e-48 9.6919e-57 4.8505e-67 1.2728e-79 5.0220e-95 6.1656e-114 3.1986e-137 5.5146e-166 1.2186e-201 5.2220e-246 1.9074e-301 0.0000e+00 0.0000e+00 0.0000e+00 0.0000e+00 0.0000e+00 0.0000e+00 0.0000e+00 0.0000e+00 0.0000e+00 0.0000e+00 0.0000e+00 0.0000e+00 0.0000e+00 0.0000e+00 0.0000e+00 0.0000e+00 0.0000e+00 0.0000e+00 0.0000e+00 0.0000e+00 0.0000e+00 0.0000e+00 0.0000e+00 0.0000e+00 0.0000e+00 0.0000e+00 0.0000e+00 0.0000e+00 0.0000e+00 0.0000e+00 0.0000e+00 0.0000e+00 0.0000e+00 0.0000e+00
-8.0180e-12 3.0830e-10 -1.2531e-10 -2.5782e-10 -4.5170e-10 -7.1507e-10 -1.0557e-09 -1.4811e-09 -1.9990e-09 -2.6169e-09 -3.3425e-09 -4.1835e-09 -5.1474e-09 -6.2413e-09 -7.4718e-09 -8.8441e-09 -1.0362e-08 -1.2025e-08 -1.3829e-08 -1.5765e-08 -1.7815e-08 -1.9950e-08 -2.2126e-08 -2.4285e-08 -2.6349e-08 -2.8216e-08 -2.9766e-08 -3.0859e-08 -3.1346e-08 -3.1085e-08 -2.9962e-08 -2.7919e-08 -2.4990e-08 -2.1320e-08 -1.7177e-08 -1.2923e-08 -8.9594e-09 -5.6328e-09 -3.1504e-09 -1.5319e-09 -6.3003e-10 -2.1201e-10 -5.6102e-11 -1.1129e-11 -1.5621e-12 -1.4475e-13 -8.1401e-15 -2.5094e-16 -3.7478e-18 -2.3336e-20 -5.0442e-23 -3.0259e-26 -3.8291e-30 -7.2961e-35 -1.3814e-40 -1.5541e-47 -5.4879e-56 -2.7465e-66 -7.2068e-79 -2.8436e-94 -3.4912e-113 -1.8112e-136 -3.1226e-165 -6.9000e-201 -2.9570e-245 -1.0801e-300 0.0000e+00 0.0000e+00 0.0000e+00 0.0000e+00 0.0000e+00 0.0000e+00 0.0000e+00 0.0000e+00 0.0000e+00 0.0000e+00 0.0000e+00 0.0000e+00 0.0000e+00 0.0000e+00 0.0000e+00 0.0000e+00 0.0000e+00 0.0000e+00 0.0000e+00 0.0000e+00 0.0000e+00 0.0000e+00 0.0000e+00 0.0000e+00 0.0000e+00 0.0000e+00 0.0000e+00 0.0000e+00 0.0000e+00 0.0000e+00 0.0000e+00 0.0000e+00 0.0000e+00 0.0000e+00 8.0180e-12 0.0000e+00 1.2531e-10 2.5782e-10 4.5170e-10 7.1507e-10 1.0557e-09 1.4811e-09 1.9990e-09 2.6169e-09 3.3425e-09 4.1835e-09 5.1474e-09 6.2413e-09 7.4718e-09 8.8441e-09 1.0362e-08 1.2025e-08 1.3829e-08 1.5765e-08 1.7815e-08 1.9950e-08 2.2126e-08 2.4285e-08 2.6349e-08 2.8216e-08 2.9766e-08 3.0859e-08 3.1346e-08 3.1085e-08 2.9962e-08 2.7919e-08 2.4990e-08 2.1320e-08 1.7177e-08 1.2923e-08 8.9594e-09 5.6328e-09 3.1504e-09 1.5319e-09 6.3003e-10 2.1201e-10 5.6102e-11 1.1129e-11 1.5621e-12 1.4475e-13 8.1401e-15 2.5094e-16 3.7478e-18 2.3336e-20 5.0442e-23 3.0259e-26 3.8291e-30 7.2961e-35 1.3814e-40 1.5541e-47 5.4879e-56 2.7465e-66 7.2067e-79 2.8436e-94 3.4912e-113 1.8112e-136 3.1226e-165 6.8998e-201 2.9569e-245 1.0800e-300 0.0000e+00 0.0000e+00 0.0000e+00 0.0000e+00 0.0000e+00 0.0000e+00 0.0000e+00 0.0000e+00 0.0000e+00 0.0000e+00 0.0000e+00 0.0000e+00 0.0000e+00 0.0000e+00 0.0000e+00 0.0000e+00 0.0000e+00 0.0000e+00 0.0000e+00 0.0000e+00 0.0000e+00 0.0000e+00 0.0000e+00 0.0000e+00 0.0000e+00 0.0000e+00 0.0000e+00 0.0000e+00 0.0000e+00 0.0000e+00 0.0000e+00 0.0000e+00 0.0000e+00 0.0000e+00
-2.2131e-11 -1.2531e-10 3.5090e-09 -7.1162e-10 -1.2468e-09 -1.9737e-09 -2.9138e-09 -4.0881e-09 -5.5175e-09 -7.2230e-09 -9.2258e-09 -1.1547e-08 -1.4207e-08 -1.7227e-08 -2.0623e-08 -2.4411e-08 -2.8599e-08 -3.3189e-08 -3.8170e-08 -4.3514e-08 -4.9172e-08 -5.5063e-08 -6.1071e-08 -6.7031e-08 -7.2727e-08 -7.7881e-08 -8.2158e-08 -8.5174e-08 -8.6519e-08 -8.5799e-08 -8.2698e-08 -7.7061e-08 -6.8976e-08 -5.8846e-08 -4.7410e-08 -3.5670e-08 -2.4729e-08 -1.5547e-08 -8.6956e-09 -4.2283e-09 -1.7390e-09 -5.8518e-10 -1.5485e-10 -3.0716e-11 -4.3117e-12 -3.9953e-13 -2.2468e-14 -6.9263e-16 -1.0345e-17 -6.4412e-20 -1.3923e-22 -8.3521e-26 -1.0569e-29 -2.0139e-34 -3.8130e-40 -4.2898e-47 -1.5148e-55 -7.5815e-66 -1.9894e-78 -7.8498e-94 -9.6377e-113 -5.0001e-136 -8.6208e-165 -1.9050e-200 -8.1644e-245 -2.9825e-300 0.0000e+00 0.0000e+00 0.0000e+00 0.0000e+00 0.0000e+00 0.0000e+00 0.0000e+00 0.0000e+00 0.0000e+00 0.0000e+00 0.0000e+00 0.0000e+00 0.0000e+00 0.0000e+00 0.0000e+00 0.0000e+00 0.0000e+00 0.0000e+00 0.0000e+00 0.0000e+00 0.0000e+00 0.0000e+00 0.0000e+00 0.0000e+00 0.0000e+00 0.0000e+00 0.0000e+00 0.0000e+00 0.0000e+00 0.0000e+00 0.0000e+00 0.0000e+00 0.0000e+00 0.0000e+00 2.2131e-11 1.2531e-10 0.0000e+00 7.1162e-10 1.2468e-09 1.9737e-09 2.9138e-09 4.0881e-09 5.5175e-09 7.2230e-09 9.2258e-09 1.1547e-08 1.4207e-08 1.7227e-08 2.0623e-08 2.4411e-08 2.8599e-08 3.3189e-08 3.8170e-08 4.3514e-08 4.9172e-08 5.5063e-08 6.1071e-08 6.7031e-08 7.2727e-08 7.7881e-08 8.2158e-08 8.5174e-08 8.6519e-08 8.5799e-08 8.2698e-08 7.7061e-08 6.8976e-08 5.8846e-08 4.7410e-08 3.5670e-08 2.4729e-08 1.5547e-08 8.6956e-09 4.2283e-09 1.7389e-09 5.8518e-10 1.5485e-10 3.0716e-11 4.3117e-12 3.9952e-13 2.2468e-14 6.9262e-16 1.0344e-17 6.4411e-20 1.3923e-22 8.3519e-26 1.0569e-29 2.0138e-34 3.8128e-40 4.2895e-47 1.5147e-55 7.5807e-66 1.9892e-78 7.8487e-94 9.6361e-113 4.9990e-136 8.6187e-165 1.9044e-200 8.1613e-245 2.9811e-300 0.0000e+00 0.0000e+00 0.0000e+00 0.0000e+00 0.0000e+00 0.0000e+00 0.0000e+00 0.0000e+00 0.0000e+00 0.0000e+00 0.0000e+00 0.0000e+00 0.0000e+00 0.0000e+00 0.0000e+00 0.0000e+00 0.0000e+00 0.0000e+00 0.0000e+00 0.0000e+00 0.0000e+00 0.0000e+00 0.0000e+00 0.0000e+00 0.0000e+00 0.0000e+00 0.0000e+00 0.0000e+00 0.0000e+00 0.0000e+00 0.0000e+00 0.0000e+00 0.0000e+00 0.0000e+00
-4.5533e-11 -2.5782e-10 -7.1162e-10 1.9781e-08 -2.5651e-09 -4.0607e-09 -5.9949e-09 -8.4110e-09 -1.1352e-08 -1.4861e-08 -1.8982e-08 -2.3757e-08 -2.9231e-08 -3.5443e-08 -4.2431e-08 -5.0224e-08 -5.8842e-08 -6.8285e-08 -7.8533e-08 -8.9529e-08 -1.0117e-07 -1.1329e-07 -1.2565e-07 -1.3791e-07 -1.4963e-07 -1.6024e-07 -1.6904e-07 -1.7524e-07 -1.7801e-07 -1.7653e-07 -1.7015e-07 -1.5855e-07 -1.4191e-07 -1.2107e-07 -9.7543e-08 -7.3389e-08 -5.0879e-08 -3.1988e-08 -1.7891e-08 -8.6997e-09 -3.5779e-09 -1.2040e-09 -3.1860e-10 -6.3199e-11 -8.8714e-12 -8.2204e-13 -4.6229e-14 -1.4251e-15 -2.1285e-17 -1.3254e-19 -2.8649e-22 -1.7186e-25 -2.1749e-29 -4.1443e-34 -7.8470e-40 -8.8286e-47 -3.1178e-55 -1.5605e-65 -4.0952e-78 -1.6161e-93 -1.9845e-112 -1.0297e-135 -1.7758e-164 -3.9251e-200 -1.6827e-244 -6.1496e-300 0.0000e+00 0.0000e+00 0.0000e+00 0.0000e+00 0.0000e+00 0.0000e+00 0.0000e+00 0.0000e+00 0.0000e+00 0.0000e+00 0.0000e+00 0.0000e+00 0.0000e+00 0.0000e+00 0.0000e+00 0.0000e+00 0.0000e+00 0.0000e+00 0.0000e+00 0.0000e+00 0.0000e+00 0.0000e+00 0.0000e+00 0.0000e+00 0.0000e+00 0.0000e+00 0.0000e+00 0.0000e+00 0.0000e+00 0.0000e+00 0.0000e+00 0.0000e+00 0.0000e+00 0.0000e+00 4.5533e-11 2.5782e-10 7.1162e-10 0.0000e+00 2.5651e-09 4.0607e-09 5.9949e-09 8.4110e-09 1.1352e-08 1.4861e-08 1.8982e-08 2.3757e-08 2.9231e-08 3.5443e-08 4.2431e-08 5.0224e-08 5.8842e-08 6.8285e-08 7.8533e-08 8.9529e-08 1.0117e-07 1.1329e-07 1.2565e-07 1.3791e-07 1.4963e-07 1.6024e-07 1.6904e-07 1.7524e-07 1.7801e-07 1.7653e-07 1.7015e-07 1.5855e-07 1.4191e-07 1.2107e-07 9.7543e-08 7.3388e-08 5.0879e-08 3.1987e-08 1.7891e-08 8.6995e-09 3.5778e-09 1.2040e-09 3.1859e-10 6.3197e-11 8.8710e-12 8.2200e-13 4.6226e-14 1.4250e-15 2.1283e-17 1.3252e-19 2.8645e-22 1.7183e-25 2.1745e-29 4.1433e-34 7.8447e-40 8.8254e-47 3.1164e-55 1.5597e-65 4.0926e-78 1.6148e-93 1.9826e-112 1.0285e-135 1.7732e-164 3.9183e-200 1.6791e-244 6.1334e-300 0.0000e+00 0.0000e+00 0.0000e+00 0.0000e+00 0.0000e+00 0.0000e+00 0.0000e+00 0.0000e+00 0.0000e+00 0.0000e+00 0.0000e+00 0.0000e+00 0.0000e+00 0.0000e+00 0.0000e+00 0.0000e+00 0.0000e+00 0.0000e+00 0.0000e+00 0.0000e+00 0.0000e+00 0.0000e+00 0.0000e+00 0.0000e+00 0.0000e+00 0.0000e+00 0.0000e+00 0.0000e+00 0.0000e+00 0.0000e+00 0.0000e+00 0.0000e+00 0.0000e+00 0.0000e+00
-7.9774e-11 -4.5170e-10 -1.2468e-09 -2.5651e-09 7.5789e-08 -7.1144e-09 -1.0503e-08 -1.4736e-08 -1.9889e-08 -2.6036e-08 -3.3256e-08 -4.1623e-08 -5.1213e-08 -6.2097e-08 -7.4339e-08 -8.7993e-08 -1.0309e-07 -1.1964e-07 -1.3759e-07 -1.5685e-07 -1.7725e-07 -1.9848e-07 -2.2014e-07 -2.4162e-07 -2.6215e-07 -2.8073e-07 -2.9615e-07 -3.0703e-07 -3.1187e-07 -3.0928e-07 -2.9810e-07 -2.7778e-07 -2.4864e-07 -2.1212e-07 -1.7090e-07 -1.2858e-07 -8.9143e-08 -5.6045e-08 -3.1346e-08 -1.5243e-08 -6.2688e-09 -2.1096e-09 -5.5824e-10 -1.1074e-10 -1.5545e-11 -1.4405e-12 -8.1010e-14 -2.4974e-15 -3.7302e-17 -2.3228e-19 -5.0213e-22 -3.0125e-25 -3.8127e-29 -7.2661e-34 -1.3760e-39 -1.5484e-46 -5.4692e-55 -2.7382e-65 -7.1880e-78 -2.8377e-93 -3.4862e-112 -1.8100e-135 -3.1237e-164 -6.9107e-200 -2.9660e-244 -1.0855e-299 0.0000e+00 0.0000e+00 0.0000e+00 0.0000e+00 0.0000e+00 0.0000e+00 0.0000e+00 0.0000e+00 0.0000e+00 0.0000e+00 0.0000e+00 0.0000e+00 0.0000e+00 0.0000e+00 0.0000e+00 0.0000e+00 0.0000e+00 0.0000e+00 0.0000e+00 0.0000e+00 0.0000e+00 0.0000e+00 0.0000e+00 0.0000e+00 0.0000e+00 0.0000e+00 0.0000e+00 0.0000e+00 0.0000e+00 0.0000e+00 0.0000e+00 0.0000e+00 0.0000e+00 0.0000e+00 7.9774e-11 4.5170e-10 1.2468e-09 2.5651e-09 0.0000e+00 7.1144e-09 1.0503e-08 1.4736e-08 1.9889e-08 2.6036e-08 3.3256e-08 4.1623e-08 5.1213e-08 6.2097e-08 7.4339e-08 8.7993e-08 1.0309e-07 1.1964e-07 1.3759e-07 1.5685e-07 1.7725e-07 1.9848e-07 2.2014e-07 2.4162e-07 2.6215e-07 2.8073e-07 2.9615e-07 3.0702e-07 3.1187e-07 3.0927e-07 2.9810e-07 2.7778e-07 2.4863e-07 2.1212e-07 1.7090e-07 1.2858e-07 8.9140e-08 5.6042e-08 3.1345e-08 1.5242e-08 6.2683e-09 2.1094e-09 5.5817e-10 1.1072e-10 1.5542e-11 1.4401e-12 8.0989e-14 2.4967e-15 3.7288e-17 2.3218e-19 5.0186e-22 3.0106e-25 3.8097e-29 7.2591e-34 1.3744e-39 1.5462e-46 5.4600e-55 2.7326e-65 7.1702e-78 2.8292e-93 3.4735e-112 1.8020e-135 3.1067e-164 6.8649e-200 2.9419e-244 1.0746e-299 0.0000e+00 0.0000e+00 0.0000e+00 0.0000e+00 0.0000e+00 0.0000e+00 0.0000e+00 0.0000e+00 0.0000e+00 0.0000e+00 0.0000e+00 0.0000e+00 0.0000e+00 0.0000e+00 0.0000e+00 0.0000e+00 0.0000e+00 0.0000e+00 0.0000e+00 0.0000e+00 0.0000e+00 0.0000e+00 0.0000e+00 0.0000e+00 0.0000e+00 0.0000e+00 0.0000e+00 0.0000e+00 0.0000e+00 0.0000e+00 0.0000e+00 0.0000e+00 0.0000e+00 0.0000e+00
-1.2628e-10 -7.1507e-10 -1.9737e-09 -4.0607e-09 -7.1144e-09 2.2752e-07 -1.6627e-08 -2.3328e-08 -3.1484e-08 -4.1217e-08 -5.2645e-08 -6.5891e-08 -8.1072e-08 -9.8302e-08 -1.1768e-07 -1.3930e-07 -1.6320e-07 -1.8939e-07 -2.1781e-07 -2.4831e-07 -2.8059e-07 -3.1421e-07 -3.4849e-07 -3.8250e-07 -4.1500e-07 -4.4442e-07 -4.6883e-07 -4.8604e-07 -4.9371e-07 -4.8961e-07 -4.7191e-07 -4.3975e-07 -3.9361e-07 -3.3582e-07 -2.7055e-07 -2.0356e-07 -1.4113e-07 -8.8729e-08 -4.9628e-08 -2.4133e-08 -9.9254e-09 -3.3402e-09 -8.8393e-10 -1.7535e-10 -2.4617e-11 -2.2813e-12 -1.2831e-13 -3.9560e-15 -5.9095e-17 -3.6805e-19 -7.9577e-22 -4.7753e-25 -6.0452e-29 -1.1524e-33 -2.1833e-39 -2.4580e-46 -8.6873e-55 -4.3524e-65 -1.1435e-77 -4.5192e-93 -5.5592e-112 -2.8909e-135 -4.9987e-164 -1.1086e-199 -4.7722e-244 -1.7530e-299 0.0000e+00 0.0000e+00 0.0000e+00 0.0000e+00 0.0000e+00 0.0000e+00 0.0000e+00 0.0000e+00 0.0000e+00 0.0000e+00 0.0000e+00 0.0000e+00 0.0000e+00 0.0000e+00 0.0000e+00 0.0000e+00 0.0000e+00 0.0000e+00 0.0000e+00 0.0000e+00 0.0000e+00 0.0000e+00 0.0000e+00 0.0000e+00 0.0000e+00 0.0000e+00 0.0000e+00 0.0000e+00 0.0000e+00 0.0000e+00 0.0000e+00 0.0000e+00 0.0000e+00 0.0000e+00 1.2628e-10 7.1507e-10 1.9737e-09 4.0607e-09 7.1144e-09 0.0000e+00 1.6627e-08 2.3328e-08 3.1484e-08 4.1217e-08 5.2645e-08 6.5891e-08 8.1072e-08 9.8301e-08 1.1768e-07 1.3930e-07 1.6320e-07 1.8939e-07 2.1781e-07 2.4831e-07 2.8059e-07 3.1421e-07 3.4849e-07 3.8250e-07 4.1500e-07 4.4441e-07 4.6882e-07 4.8603e-07 4.9370e-07 4.8959e-07 4.7190e-07 4.3973e-07 3.9360e-07 3.3580e-07 2.7053e-07 2.0354e-07 1.4111e-07 8.8717e-08 4.9620e-08 2.4128e-08 9.9230e-09 3.3392e-09 8.8361e-10 1.7528e-10 2.4604e-11 2.2798e-12 1.2821e-13 3.9523e-15 5.9029e-17 3.6755e-19 7.9446e-22 4.7658e-25 6.0309e-29 1.1491e-33 2.1757e-39 2.4477e-46 8.6434e-55 4.3258e-65 1.1351e-77 4.4787e-93 5.4987e-112 2.8526e-135 4.9181e-164 1.0867e-199 4.6571e-244 1.7011e-299 0.0000e+00 0.0000e+00 0.0000e+00 0.0000e+00 0.0000e+00 0.0000e+00 0.0000e+00 0.0000e+00 0.0000e+00 0.0000e+00 0.0000e+00 0.0000e+00 0.0000e+00 0.0000e+00 0.0000e+00 0.0000e+00 0.0000e+00 0.0000e+00 0.0000e+00 0.0000e+00 0.0000e+00 0.0000e+00 0.0000e+00 0.0000e+00 0.0000e+00 0.0000e+00 0.0000e+00 0.0000e+00 0.0000e+00 0.0000e+00 0.0000e+00 0.0000e+00 0.0000e+00 0.0000e+00
-1.8644e-10 -1.0557e-09 -2.9138e-09 -5.9949e-09 -1.0503e-08 -1.6627e-08 5.7735e-07 -3.4439e-08 -4.6481e-08 -6.0849e-08 -7.7721e-08 -9.7276e-08 -1.1969e-07 -1.4512e-07 -1.7374e-07 -2.0565e-07 -2.4093e-07 -2.7960e-07 -3.2156e-07 -3.6658e-07 -4.1424e-07 -4.6388e-07 -5.1449e-07 -5.6470e-07 -6.1268e-07 -6.5611e-07 -6.9215e-07 -7.1757e-07 -7.2890e-07 -7.2284e-07 -6.9673e-07 -6.4925e-07 -5.8114e-07 -4.9582e-07 -3.9947e-07 -3.0056e-07 -2.0839e-07 -1.3102e-07 -7.3286e-08 -3.5639e-08 -1.4659e-08 -4.9335e-09 -1.3057e-09 -2.5905e-10 -3.6372e-11 -3.3712e-12 -1.8965e-13 -5.8487e-15 -8.7395e-17 -5.4449e-19 -1.1778e-21 -7.0712e-25 -8.9574e-29 -1.7089e-33 -3.2404e-39 -3.6521e-46 -1.2925e-54 -6.4859e-65 -1.7074e-77 -6.7640e-93 -8.3450e-112 -4.3552e-135 -7.5640e-164 -1.6866e-199 -7.3092e-244 -2.7071e-299 0.0000e+00 0.0000e+00 0.0000e+00 0.0000e+00 0.0000e+00 0.0000e+00 0.0000e+00 0.0000e+00 0.0000e+00 0.0000e+00 0.0000e+00 0.0000e+00 0.0000e+00 0.0000e+00 0.0000e+00 0.0000e+00 0.0000e+00 0.0000e+00 0.0000e+00 0.0000e+00 0.0000e+00 0.0000e+00 0.0000e+00 0.0000e+00 0.0000e+00 0.0000e+00 0.0000e+00 0.0000e+00 0.0000e+00 0.0000e+00 0.0000e+00 0.0000e+00 0.0000e+00 0.0000e+00 1.8644e-10 1.0557e-09 2.9138e-09 5.9949e-09 1.0503e-08 1.6627e-08 0.0000e+00 3.4439e-08 4.6481e-08 6.0849e-08 7.7721e-08 9.7276e-08 1.1969e-07 1.4512e-07 1.7374e-07 2.0565e-07 2.4093e-07 2.7960e-07 3.2156e-07 3.6658e-07 4.1424e-07 4.6387e-07 5.1448e-07 5.6469e-07 6.1267e-07 6.5609e-07 6.9213e-07 7.1754e-07 7.2887e-07 7.2280e-07 6.9668e-07 6.4918e-07 5.8107e-07 4.9574e-07 3.9940e-07 3.0049e-07 2.0833e-07 1.3098e-07 7.3255e-08 3.5621e-08 1.4650e-08 4.9298e-09 1.3045e-09 2.5876e-10 3.6323e-11 3.3657e-12 1.8928e-13 5.8349e-15 8.7145e-17 5.4262e-19 1.1729e-21 7.0359e-25 8.9035e-29 1.6965e-33 3.2121e-39 3.6136e-46 1.2760e-54 6.3863e-65 1.6757e-77 6.6120e-93 8.1177e-112 4.2113e-135 7.2605e-164 1.6043e-199 6.8751e-244 2.5112e-299 0.0000e+00 0.0000e+00 0.0000e+00 0.0000e+00 0.0000e+00 0.0000e+00 0.0000e+00 0.0000e+00 0.0000e+00 0.0000e+00 0.0000e+00 0.0000e+00 0.0000e+00 0.0000e+00 0.0000e+00 0.0000e+00 0.0000e+00 0.0000e+00 0.0000e+00 0.0000e+00 0.0000e+00 0.0000e+00 0.0000e+00 0.0000e+00 0.0000e+00 0.0000e+00 0.0000e+00 0.0000e+00 0.0000e+00 0.0000e+00 0.0000e+00 0.0000e+00 0.0000e+00 0.0000e+00
-2.6157e-10 -1.4811e-09 -4.0881e-09 -8.4110e-09 -1.4736e-08 -2.3328e-08 -3.4439e-08 1.2959e-06 -6.5214e-08 -8.5372e-08 -1.0904e-07 -1.3648e-07 -1.6792e-07 -2.0361e-07 -2.4376e-07 -2.8853e-07 -3.3803e-07 -3.9228e-07 -4.5116e-07 -5.1432e-07 -5.8119e-07 -6.5083e-07 -7.2184e-07 -7.9230e-07 -8.5962e-07 -9.2056e-07 -9.7113e-07 -1.0068e-06 -1.0227e-06 -1.0142e-06 -9.7762e-07 -9.1101e-07 -8.1548e-07 -6.9577e-07 -5.6059e-07 -4.2181e-07 -2.9247e-07 -1.8390e-07 -1.0287e-07 -5.0034e-08 -2.0582e-08 -6.9283e-09 -1.8340e-09 -3.6396e-10 -5.1116e-11 -4.7395e-12 -2.6673e-13 -8.2301e-15 -1.2305e-16 -7.6721e-19 -1.6610e-21 -9.9827e-25 -1.2662e-28 -2.4193e-33 -4.5958e-39 -5.1914e-46 -1.8422e-54 -9.2747e-65 -2.4513e-77 -9.7575e-93 -1.2109e-111 -6.3645e-135 -1.1150e-163 -2.5125e-199 -1.1029e-243 -4.1491e-299 0.0000e+00 0.0000e+00 0.0000e+00 0.0000e+00 0.0000e+00 0.0000e+00 0.0000e+00 0.0000e+00 0.0000e+00 0.0000e+00 0.0000e+00 0.0000e+00 0.0000e+00 0.0000e+00 0.0000e+00 0.0000e+00 0.0000e+00 0.0000e+00 0.0000e+00 0.0000e+00 0.0000e+00 0.0000e+00 0.0000e+00 0.0000e+00 0.0000e+00 0.0000e+00 0.0000e+00 0.0000e+00 0.0000e+00 0.0000e+00 0.0000e+00 0.0000e+00 0.0000e+00 0.0000e+00 2.6157e-10 1.4811e-09 4.0881e-09 8.4110e-09 1.4736e-08 2.3328e-08 3.4439e-08 0.0000e+00 6.5214e-08 8.5372e-08 1.0904e-07 1.3648e-07 1.6792e-07 2.0361e-07 2.4375e-07 2.8852e-07 3.3803e-07 3.9228e-07 4.5115e-07 5.1432e-07 5.8119e-07 6.5082e-07 7.2182e-07 7.9227e-07 8.5959e-07 9.2051e-07 9.7107e-07 1.0067e-06 1.0226e-06 1.0141e-06 9.7745e-07 9.1082e-07 8.1525e-07 6.9553e-07 5.6036e-07 4.2160e-07 2.9229e-07 1.8376e-07 1.0278e-07 4.9976e-08 2.0553e-08 6.9165e-09 1.8302e-09 3.6305e-10 5.0962e-11 4.7222e-12 2.6556e-13 8.1864e-15 1.2227e-16 7.6130e-19 1.6456e-21 9.8715e-25 1.2492e-28 2.3802e-33 4.5065e-39 5.0699e-46 1.7903e-54 8.9599e-65 2.3510e-77 9.2765e-93 1.1389e-111 5.9082e-135 1.0186e-163 2.2506e-199 9.6443e-244 3.5224e-299 0.0000e+00 0.0000e+00 0.0000e+00 0.0000e+00 0.0000e+00 0.0000e+00 0.0000e+00 0.0000e+00 0.0000e+00 0.0000e+00 0.0000e+00 0.0000e+00 0.0000e+00 0.0000e+00 0.0000e+00 0.0000e+00 0.0000e+00 0.0000e+00 0.0000e+00 0.0000e+00 0.0000e+00 0.0000e+00 0.0000e+00 0.0000e+00 0.0000e+00 0.0000e+00 0.0000e+00 0.0000e+00 0.0000e+00 0.0000e+00 0.0000e+00 0.0000e+00 0.0000e+00 0.0000e+00
-3.5303e-10 -1.9990e-09 -5.5175e-09 -1.1352e-08 -1.9889e-08 -3.1484e-08 -4.6481e-08 -6.5214e-08 2.6490e-06 -1.1522e-07 -1.4717e-07 -1.8420e-07 -2.2664e-07 -2.7481e-07 -3.2899e-07 -3.8941e-07 -4.5623e-07 -5.2945e-07 -6.0891e-07 -6.9416e-07 -7.8442e-07 -8.7841e-07 -9.7426e-07 -1.0694e-06 -1.1602e-06 -1.2425e-06 -1.3108e-06 -1.3590e-06 -1.3805e-06 -1.3691e-06 -1.3197e-06 -1.2298e-06 -1.1009e-06 -9.3938e-07 -7.5694e-07 -5.6961e-07 -3.9500e-07 -2.4841e-07 -1.3898e-07 -6.7610e-08 -2.7820e-08 -9.3675e-09 -2.4806e-09 -4.9250e-10 -6.9207e-11 -6.4210e-12 -3.6165e-13 -1.1169e-14 -1.6719e-16 -1.0438e-18 -2.2635e-21 -1.3631e-24 -1.7329e-28 -3.3205e-33 -6.3294e-39 -7.1789e-46 -2.5601e-54 -1.2966e-64 -3.4515e-77 -1.3858e-92 -1.7377e-111 -9.2481e-135 -1.6446e-163 -3.7731e-199 -1.6922e-243 -6.5304e-299 0.0000e+00 0.0000e+00 0.0000e+00 0.0000e+00 0.0000e+00 0.0000e+00 0.0000e+00 0.0000e+00 0.0000e+00 0.0000e+00 0.0000e+00 0.0000e+00 0.0000e+00 0.0000e+00 0.0000e+00 0.0000e+00 0.0000e+00 0.0000e+00 0.0000e+00 0.0000e+00 0.0000e+00 0.0000e+00 0.0000e+00 0.0000e+00 0.0000e+00 0.0000e+00 0.0000e+00 0.0000e+00 0.0000e+00 0.0000e+00 0.0000e+00 0.0000e+00 0.0000e+00 0.0000e+00 3.5303e-10 1.9990e-09 5.5175e-09 1.1352e-08 1.9889e-08 3.1484e-08 4.6481e-08 6.5214e-08 0.0000e+00 1.1522e-07 1.4717e-07 1.8420e-07 2.2664e-07 2.7481e-07 3.2898e-07 3.8941e-07 4.5622e-07 5.2944e-07 6.0890e-07 6.9415e-07 7.8440e-07 8.7838e-07 9.7421e-07 1.0693e-06 1.1601e-06 1.2424e-06 1.3106e-06 1.3587e-06 1.3802e-06 1.3687e-06 1.3192e-06 1.2293e-06 1.1003e-06 9.3873e-07 7.5629e-07 5.6901e-07 3.9448e-07 2.4801e-07 1.3871e-07 6.7451e-08 2.7740e-08 9.3349e-09 2.4702e-09 4.8999e-10 6.8781e-11 6.3733e-12 3.5841e-13 1.1049e-14 1.6502e-16 1.0275e-18 2.2209e-21 1.3323e-24 1.6859e-28 3.2124e-33 6.0822e-39 6.8425e-46 2.4162e-54 1.2092e-64 3.1729e-77 1.2519e-92 1.5369e-111 7.9725e-135 1.3743e-163 3.0363e-199 1.3008e-243 4.7491e-299 0.0000e+00 0.0000e+00 0.0000e+00 0.0000e+00 0.0000e+00 0.0000e+00 0.0000e+00 0.0000e+00 0.0000e+00 0.0000e+00 0.0000e+00 0.0000e+00 0.0000e+00 0.0000e+00 0.0000e+00 0.0000e+00 0.0000e+00 0.0000e+00 0.0000e+00 0.0000e+00 0.0000e+00 0.0000e+00 0.0000e+00 0.0000e+00 0.0000e+00 0.0000e+00 0.0000e+00 0.0000e+00 0.0000e+00 0.0000e+00 0.0000e+00 0.0000e+00 0.0000e+00 0.0000e+00
-4.6216e-10 -2.6169e-09 -7.2230e-09 -1.4861e-08 -2.6036e-08 -4.1217e-08 -6.0849e-08 -8.5372e-08 -1.1522e-07 5.0310e-06 -1.9266e-07 -2.4114e-07 -2.9670e-07 -3.5975e-07 -4.3068e-07 -5.0978e-07 -5.9726e-07 -6.9312e-07 -7.9714e-07 -9.0876e-07 -1.0269e-06 -1.1500e-06 -1.2755e-06 -1.4000e-06 -1.5190e-06 -1.6267e-06 -1.7162e-06 -1.7793e-06 -1.8076e-06 -1.7927e-06 -1.7282e-06 -1.6106e-06 -1.4420e-06 -1.2305e-06 -9.9168e-07 -7.4639e-07 -5.1770e-07 -3.2565e-07 -1.8226e-07 -8.8698e-08 -3.6513e-08 -1.2302e-08 -3.2598e-09 -6.4771e-10 -9.1103e-11 -8.4622e-12 -4.7727e-13 -1.4764e-14 -2.2144e-16 -1.3857e-18 -3.0135e-21 -1.8209e-24 -2.3243e-28 -4.4753e-33 -8.5803e-39 -9.7996e-46 -3.5237e-54 -1.8023e-64 -4.8545e-77 -1.9766e-92 -2.5198e-111 -1.3676e-134 -2.4886e-163 -5.8650e-199 -2.7140e-243 -1.0859e-298 0.0000e+00 0.0000e+00 0.0000e+00 0.0000e+00 0.0000e+00 0.0000e+00 0.0000e+00 0.0000e+00 0.0000e+00 0.0000e+00 0.0000e+00 0.0000e+00 0.0000e+00 0.0000e+00 0.0000e+00 0.0000e+00 0.0000e+00 0.0000e+00 0.0000e+00 0.0000e+00 0.0000e+00 0.0000e+00 0.0000e+00 0.0000e+00 0.0000e+00 0.0000e+00 0.0000e+00 0.0000e+00 0.0000e+00 0.0000e+00 0.0000e+00 0.0000e+00 0.0000e+00 0.0000e+00 4.6216e-10 2.6169e-09 7.2230e-09 1.4861e-08 2.6036e-08 4.1217e-08 6.0849e-08 8.5372e-08 1.1522e-07 0.0000e+00 1.9266e-07 2.4114e-07 2.9670e-07 3.5975e-07 4.3068e-07 5.0978e-07 5.9725e-07 6.9310e-07 7.9712e-07 9.0872e-07 1.0269e-06 1.1499e-06 1.2754e-06 1.3998e-06 1.5188e-06 1.6264e-06 1.7157e-06 1.7787e-06 1.8068e-06 1.7918e-06 1.7270e-06 1.6093e-06 1.4404e-06 1.2289e-06 9.9007e-07 7.4490e-07 5.1643e-07 3.2468e-07 1.8159e-07 8.8301e-08 3.6315e-08 1.2220e-08 3.2337e-09 6.4145e-10 9.0041e-11 8.3433e-12 4.6920e-13 1.4464e-14 2.1602e-16 1.3451e-18 2.9074e-21 1.7441e-24 2.2070e-28 4.2053e-33 7.9619e-39 8.9571e-46 3.1628e-54 1.5828e-64 4.1528e-77 1.6384e-92 2.0111e-111 1.0430e-134 1.7973e-163 3.9687e-199 1.6989e-243 6.1949e-299 0.0000e+00 0.0000e+00 0.0000e+00 0.0000e+00 0.0000e+00 0.0000e+00 0.0000e+00 0.0000e+00 0.0000e+00 0.0000e+00 0.0000e+00 0.0000e+00 0.0000e+00 0.0000e+00 0.0000e+00 0.0000e+00 0.0000e+00 0.0000e+00 0.0000e+00 0.0000e+00 0.0000e+00 0.0000e+00 0.0000e+00 0.0000e+00 0.0000e+00 0.0000e+00 0.0000e+00 0.0000e+00 0.0000e+00 0.0000e+00 0.0000e+00 0.0000e+00 0.0000e+00 0.0000e+00
-5.9031e-10 -3.3425e-09 -9.2258e-09 -1.8982e-08 -3.3256e-08 -5.2645e-08 -7.7721e-08 -1.0904e-07 -1.4717e-07 -1.9266e-07 9.0049e-06 -3.0800e-07 -3.7897e-07 -4.5951e-07 -5.5010e-07 -6.5114e-07 -7.6287e-07 -8.8532e-07 -1.0182e-06 -1.1608e-06 -1.3117e-06 -1.4689e-06 -1.6292e-06 -1.7884e-06 -1.9404e-06 -2.0781e-06 -2.1925e-06 -2.2733e-06 -2.3095e-06 -2.2908e-06 -2.2085e-06 -2.0586e-06 -1.8433e-06 -1.5733e-06 -1.2683e-06 -9.5485e-07 -6.6253e-07 -4.1694e-07 -2.3347e-07 -1.1369e-07 -4.6838e-08 -1.5795e-08 -4.1900e-09 -8.3363e-10 -1.1744e-10 -1.0929e-11 -6.1779e-13 -1.9163e-14 -2.8833e-16 -1.8113e-18 -3.9570e-21 -2.4041e-24 -3.0888e-28 -5.9933e-33 -1.1596e-38 -1.3388e-45 -4.8759e-54 -2.5316e-64 -6.9399e-77 -2.8842e-92 -3.7654e-111 -2.1004e-134 -3.9442e-163 -9.6339e-199 -4.6416e-243 -1.9433e-298 0.0000e+00 0.0000e+00 0.0000e+00 0.0000e+00 0.0000e+00 0.0000e+00 0.0000e+00 0.0000e+00 0.0000e+00 0.0000e+00 0.0000e+00 0.0000e+00 0.0000e+00 0.0000e+00 0.0000e+00 0.0000e+00 0.0000e+00 0.0000e+00 0.0000e+00 0.0000e+00 0.0000e+00 0.0000e+00 0.0000e+00 0.0000e+00 0.0000e+00 0.0000e+00 0.0000e+00 0.0000e+00 0.0000e+00 0.0000e+00 0.0000e+00 0.0000e+00 0.0000e+00 0.0000e+00 5.9031e-10 3.3425e-09 9.2258e-09 1.8982e-08 3.3256e-08 5.2645e-08 7.7721e-08 1.0904e-07 1.4717e-07 1.9266e-07 0.0000e+00 3.0800e-07 3.7896e-07 4.5950e-07 5.5010e-07 6.5113e-07 7.6285e-07 8.8529e-07 1.0181e-06 1.1607e-06 1.3116e-06 1.4687e-06 1.6290e-06 1.7880e-06 1.9399e-06 2.0774e-06 2.1915e-06 2.2719e-06 2.3078e-06 2.2886e-06 2.2059e-06 2.0555e-06 1.8398e-06 1.5697e-06 1.2646e-06 9.5144e-07 6.5962e-07 4.1470e-07 2.3194e-07 1.1278e-07 4.6384e-08 1.5609e-08 4.1304e-09 8.1931e-10 1.1501e-10 1.0657e-11 5.9929e-13 1.8475e-14 2.7592e-16 1.7180e-18 3.7135e-21 2.2276e-24 2.8188e-28 5.3709e-33 1.0168e-38 1.1438e-45 4.0386e-54 2.0208e-64 5.3009e-77 2.0907e-92 2.5651e-111 1.3294e-134 2.2884e-163 5.0448e-199 2.1540e-243 7.8222e-299 0.0000e+00 0.0000e+00 0.0000e+00 0.0000e+00 0.0000e+00 0.0000e+00 0.0000e+00 0.0000e+00 0.0000e+00 0.0000e+00 0.0000e+00 0.0000e+00 0.0000e+00 0.0000e+00 0.0000e+00 0.0000e+00 0.0000e+00 0.0000e+00 0.0000e+00 0.0000e+00 0.0000e+00 0.0000e+00 0.0000e+00 0.0000e+00 0.0000e+00 0.0000e+00 0.0000e+00 0.0000e+00 0.0000e+00 0.0000e+00 0.0000e+00 0.0000e+00 0.0000e+00 0.0000e+00
-7.3883e-10 -4.1835e-09 -1.1547e-08 -2.3757e-08 -4.1623e-08 -6.5891e-08 -9.7276e-08 -1.3648e-07 -1.8420e-07 -2.4114e-07 -3.0800e-07 1.5350e-05 -4.7431e-07 -5.7512e-07 -6.8851e-07 -8.1498e-07 -9.5482e-07 -1.1081e-06 -1.2744e-06 -1.4529e-06 -1.6418e-06 -1.8387e-06 -2.0394e-06 -2.2386e-06 -2.4291e-06 -2.6016e-06 -2.7450e-06 -2.8464e-06 -2.8922e-06 -2.8691e-06 -2.7666e-06 -2.5793e-06 -2.3102e-06 -1.9725e-06 -1.5906e-06 -1.1981e-06 -8.3178e-07 -5.2382e-07 -2.9357e-07 -1.4310e-07 -5.9024e-08 -1.9933e-08 -5.2969e-09 -1.0560e-09 -1.4914e-10 -1.3921e-11 -7.8967e-13 -2.4598e-14 -3.7195e-16 -2.3505e-18 -5.1710e-21 -3.1677e-24 -4.1097e-28 -8.0661e-33 -1.5817e-38 -1.8549e-45 -6.8790e-54 -3.6472e-64 -1.0240e-76 -4.3738e-92 -5.8894e-111 -3.4014e-134 -6.6398e-163 -1.6931e-198 -8.5541e-243 -3.7735e-298 0.0000e+00 0.0000e+00 0.0000e+00 0.0000e+00 0.0000e+00 0.0000e+00 0.0000e+00 0.0000e+00 0.0000e+00 0.0000e+00 0.0000e+00 0.0000e+00 0.0000e+00 0.0000e+00 0.0000e+00 0.0000e+00 0.0000e+00 0.0000e+00 0.0000e+00 0.0000e+00 0.0000e+00 0.0000e+00 0.0000e+00 0.0000e+00 0.0000e+00 0.0000e+00 0.0000e+00 0.0000e+00 0.0000e+00 0.0000e+00 0.0000e+00 0.0000e+00 0.0000e+00 0.0000e+00 7.3883e-10 4.1835e-09 1.1547e-08 2.3757e-08 4.1623e-08 6.5891e-08 9.7276e-08 1.3648e-07 1.8420e-07 2.4114e-07 3.0800e-07 0.0000e+00 4.7431e-07 5.7511e-07 6.8850e-07 8.1496e-07 9.5479e-07 1.1080e-06 1.2743e-06 1.4527e-06 1.6416e-06 1.8383e-06 2.0388e-06 2.2378e-06 2.4280e-06 2.6000e-06 2.7428e-06 2.8435e-06 2.8884e-06 2.8644e-06 2.7609e-06 2.5727e-06 2.3027e-06 1.9646e-06 1.5828e-06 1.1908e-06 8.2558e-07 5.1904e-07 2.9030e-07 1.4116e-07 5.8054e-08 1.9536e-08 5.1696e-09 1.0254e-09 1.4394e-10 1.3338e-11 7.5006e-13 2.3122e-14 3.4533e-16 2.1502e-18 4.6474e-21 2.7877e-24 3.5274e-28 6.7204e-33 1.2722e-38 1.4308e-45 5.0506e-54 2.5262e-64 6.6228e-77 2.6097e-92 3.1977e-111 1.6539e-134 2.8380e-163 6.2255e-199 2.6372e-243 9.4545e-299 0.0000e+00 0.0000e+00 0.0000e+00 0.0000e+00 0.0000e+00 0.0000e+00 0.0000e+00 0.0000e+00 0.0000e+00 0.0000e+00 0.0000e+00 0.0000e+00 0.0000e+00 0.0000e+00 0.0000e+00 0.0000e+00 0.0000e+00 0.0000e+00 0.0000e+00 0.0000e+00 0.0000e+00 0.0000e+00 0.0000e+00 0.0000e+00 0.0000e+00 0.0000e+00 0.0000e+00 0.0000e+00 0.0000e+00 0.0000e+00 0.0000e+00 0.0000e+00 0.0000e+00 0.0000e+00
-9.0905e-10 -5.1474e-09 -1.4207e-08 -2.9231e-08 -5.1213e-08 -8.1072e-08 -1.1969e-07 -1.6792e-07 -2.2664e-07 -2.9670e-07 -3.7897e-07 -4.7431e-07 2.5121e-05 -7.0763e-07 -8.4715e-07 -1.0028e-06 -1.1748e-06 -1.3634e-06 -1.5681e-06 -1.7878e-06 -2.0203e-06 -2.2626e-06 -2.5097e-06 -2.7550e-06 -2.9897e-06 -3.2023e-06 -3.3792e-06 -3.5045e-06 -3.5615e-06 -3.5338e-06 -3.4085e-06 -3.1788e-06 -2.8483e-06 -2.4331e-06 -1.9632e-06 -1.4799e-06 -1.0283e-06 -6.4826e-07 -3.6377e-07 -1.7759e-07 -7.3386e-08 -2.4837e-08 -6.6176e-09 -1.3235e-09 -1.8761e-10 -1.7589e-11 -1.0030e-12 -3.1438e-14 -4.7889e-16 -3.0525e-18 -6.7835e-21 -4.2048e-24 -5.5306e-28 -1.1029e-32 -2.2025e-38 -2.6374e-45 -1.0016e-53 -5.4545e-64 -1.5782e-76 -6.9696e-92 -9.7382e-111 -5.8576e-134 -1.1955e-162 -3.2006e-198 -1.7055e-242 -7.9766e-298 0.0000e+00 0.0000e+00 0.0000e+00 0.0000e+00 0.0000e+00 0.0000e+00 0.0000e+00 0.0000e+00 0.0000e+00 0.0000e+00 0.0000e+00 0.0000e+00 0.0000e+00 0.0000e+00 0.0000e+00 0.0000e+00 0.0000e+00 0.0000e+00 0.0000e+00 0.0000e+00 0.0000e+00 0.0000e+00 0.0000e+00 0.0000e+00 0.0000e+00 0.0000e+00 0.0000e+00 0.0000e+00 0.0000e+00 0.0000e+00 0.0000e+00 0.0000e+00 0.0000e+00 0.0000e+00 9.0905e-10 5.1474e-09 1.4207e-08 2.9231e-08 5.1213e-08 8.1072e-08 1.1969e-07 1.6792e-07 2.2664e-07 2.9670e-07 3.7896e-07 4.7431e-07 0.0000e+00 7.0762e-07 8.4713e-07 1.0027e-06 1.1748e-06 1.3633e-06 1.5679e-06 1.7874e-06 2.0198e-06 2.2618e-06 2.5086e-06 2.7534e-06 2.9874e-06 3.1991e-06 3.3748e-06 3.4987e-06 3.5539e-06 3.5243e-06 3.3969e-06 3.1654e-06 2.8333e-06 2.4172e-06 1.9474e-06 1.4652e-06 1.0158e-06 6.3862e-07 3.5718e-07 1.7368e-07 7.1430e-08 2.4037e-08 6.3605e-09 1.2617e-09 1.7710e-10 1.6410e-11 9.2283e-13 2.8447e-14 4.2485e-16 2.6451e-18 5.7169e-21 3.4289e-24 4.3381e-28 8.2632e-33 1.5637e-38 1.7579e-45 6.2009e-54 3.0984e-64 8.1102e-77 3.1883e-92 3.8925e-111 2.0019e-134 3.4046e-163 7.3607e-199 3.0434e-243 1.0458e-298 0.0000e+00 0.0000e+00 0.0000e+00 0.0000e+00 0.0000e+00 0.0000e+00 0.0000e+00 0.0000e+00 0.0000e+00 0.0000e+00 0.0000e+00 0.0000e+00 0.0000e+00 0.0000e+00 0.0000e+00 0.0000e+00 0.0000e+00 0.0000e+00 0.0000e+00 0.0000e+00 0.0000e+00 0.0000e+00 0.0000e+00 0.0000e+00 0.0000e+00 0.0000e+00 0.0000e+00 0.0000e+00 0.0000e+00 0.0000e+00 0.0000e+00 0.0000e+00 0.0000e+00 0.0000e+00
-1.1023e-09 -6.2413e-09 -1.7227e-08 -3.5443e-08 -6.2097e-08 -9.8302e-08 -1.4512e-07 -2.0361e-07 -2.7481e-07 -3.5975e-07 -4.5951e-07 -5.7512e-07 -7.0763e-07 3.9713e-05 -1.0272e-06 -1.2159e-06 -1.4246e-06 -1.6533e-06 -1.9015e-06 -2.1679e-06 -2.4500e-06 -2.7440e-06 -3.0439e-06 -3.3417e-06 -3.6267e-06 -3.8852e-06 -4.1004e-06 -4.2534e-06 -4.3237e-06 -4.2915e-06 -4.1409e-06 -3.8639e-06 -3.4642e-06 -2.9614e-06 -2.3916e-06 -1.8047e-06 -1.2557e-06 -7.9284e-07 -4.4574e-07 -2.1810e-07 -9.0369e-08 -3.0684e-08 -8.2068e-09 -1.6488e-09 -2.3499e-10 -2.2171e-11 -1.2738e-12 -4.0278e-14 -6.1986e-16 -3.9983e-18 -9.0085e-21 -5.6732e-24 -7.5982e-28 -1.5466e-32 -3.1612e-38 -3.8851e-45 -1.5187e-53 -8.5388e-64 -2.5587e-76 -1.1741e-91 -1.7105e-110 -1.0767e-133 -2.3089e-162 -6.5249e-198 -3.6898e-242 -1.8428e-297 0.0000e+00 0.0000e+00 0.0000e+00 0.0000e+00 0.0000e+00 0.0000e+00 0.0000e+00 0.0000e+00 0.0000e+00 0.0000e+00 0.0000e+00 0.0000e+00 0.0000e+00 0.0000e+00 0.0000e+00 0.0000e+00 0.0000e+00 0.0000e+00 0.0000e+00 0.0000e+00 0.0000e+00 0.0000e+00 0.0000e+00 0.0000e+00 0.0000e+00 0.0000e+00 0.0000e+00 0.0000e+00 0.0000e+00 0.0000e+00 0.0000e+00 0.0000e+00 0.0000e+00 0.0000e+00 1.1023e-09 6.2413e-09 1.7227e-08 3.5443e-08 6.2097e-08 9.8301e-08 1.4512e-07 2.0361e-07 2.7481e-07 3.5975e-07 4.5950e-07 5.7511e-07 7.0762e-07 0.0000e+00 1.0272e-06 1.2158e-06 1.4244e-06 1.6530e-06 1.9011e-06 2.1673e-06 2.4491e-06 2.7425e-06 3.0417e-06 3.3386e-06 3.6222e-06 3.8790e-06 4.0920e-06 4.2422e-06 4.3092e-06 4.2733e-06 4.1189e-06 3.8381e-06 3.4354e-06 2.9309e-06 2.3613e-06 1.7766e-06 1.2317e-06 7.7435e-07 4.3309e-07 2.1059e-07 8.6609e-08 2.9145e-08 7.7121e-09 1.5298e-09 2.1473e-10 1.9896e-11 1.1188e-12 3.4487e-14 5.1501e-16 3.2062e-18 6.9283e-21 4.1545e-24 5.2542e-28 1.0003e-32 1.8915e-38 2.1240e-45 7.4791e-54 3.7273e-64 9.7179e-77 3.7969e-92 4.5908e-111 2.3245e-134 3.8521e-163 7.9613e-199 3.0260e-243 8.6956e-299 0.0000e+00 0.0000e+00 0.0000e+00 0.0000e+00 0.0000e+00 0.0000e+00 0.0000e+00 0.0000e+00 0.0000e+00 0.0000e+00 0.0000e+00 0.0000e+00 0.0000e+00 0.0000e+00 0.0000e+00 0.0000e+00 0.0000e+00 0.0000e+00 0.0000e+00 0.0000e+00 0.0000e+00 0.0000e+00 0.0000e+00 0.0000e+00 0.0000e+00 0.0000e+00 0.0000e+00 0.0000e+00 0.0000e+00 0.0000e+00 0.0000e+00 0.0000e+00 0.0000e+00 0.0000e+00
-1.3196e-09 -7.4718e-09 -2.0623e-08 -4.2431e-08 -7.4339e-08 -1.1768e-07 -1.7374e-07 -2.4376e-07 -3.2899e-07 -4.3068e-07 -5.5010e-07 -6.8851e-07 -8.4715e-07 -1.0272e-06 6.0946e-05 -1.4557e-06 -1.7055e-06 -1.9794e-06 -2.2767e-06 -2.5957e-06 -2.9337e-06 -3.2859e-06 -3.6454e-06 -4.0026e-06 -4.3446e-06 -4.6551e-06 -4.9143e-06 -5.0992e-06 -5.1854e-06 -5.1493e-06 -4.9715e-06 -4.6421e-06 -4.1656e-06 -3.5647e-06 -2.8826e-06 -2.1786e-06 -1.5186e-06 -9.6105e-07 -5.4177e-07 -2.6594e-07 -1.1062e-07 -3.7730e-08 -1.0146e-08 -2.0514e-09 -2.9456e-10 -2.8036e-11 -1.6273e-12 -5.2064e-14 -8.1220e-16 -5.3212e-18 -1.2203e-20 -7.8405e-24 -1.0740e-27 -2.2414e-32 -4.7098e-38 -5.9668e-45 -2.4111e-53 -1.4055e-63 -4.3799e-76 -2.0969e-91 -3.1987e-110 -2.1170e-133 -4.7961e-162 -1.4398e-197 -8.7070e-242 -4.6870e-297 0.0000e+00 0.0000e+00 0.0000e+00 0.0000e+00 0.0000e+00 0.0000e+00 0.0000e+00 0.0000e+00 0.0000e+00 0.0000e+00 0.0000e+00 0.0000e+00 0.0000e+00 0.0000e+00 0.0000e+00 0.0000e+00 0.0000e+00 0.0000e+00 0.0000e+00 0.0000e+00 0.0000e+00 0.0000e+00 0.0000e+00 0.0000e+00 0.0000e+00 0.0000e+00 0.0000e+00 0.0000e+00 0.0000e+00 0.0000e+00 0.0000e+00 0.0000e+00 0.0000e+00 0.0000e+00 1.3196e-09 7.4718e-09 2.0623e-08 4.2431e-08 7.4339e-08 1.1768e-07 1.7374e-07 2.4375e-07 3.2898e-07 4.3068e-07 5.5010e-07 6.8850e-07 8.4713e-07 1.0272e-06 0.0000e+00 1.4555e-06 1.7053e-06 1.9790e-06 2.2759e-06 2.5946e-06 2.9319e-06 3.2832e-06 3.6414e-06 3.9968e-06 4.3364e-06 4.6437e-06 4.8988e-06 5.0786e-06 5.1588e-06 5.1158e-06 4.9309e-06 4.5948e-06 4.1127e-06 3.5088e-06 2.8268e-06 2.1268e-06 1.4745e-06 9.2700e-07 5.1847e-07 2.5211e-07 1.0368e-07 3.4890e-08 9.2321e-09 1.8312e-09 2.5703e-10 2.3815e-11 1.3391e-12 4.1271e-14 6.1620e-16 3.8351e-18 8.2843e-21 4.9648e-24 6.2738e-28 1.1930e-32 2.2517e-38 2.5215e-45 8.8421e-54 4.3784e-64 1.1301e-76 4.3453e-92 5.1162e-111 2.4744e-134 3.7659e-163 6.4989e-199 1.4642e-243 -3.0637e-299 0.0000e+00 0.0000e+00 0.0000e+00 0.0000e+00 0.0000e+00 0.0000e+00 0.0000e+00 0.0000e+00 0.0000e+00 0.0000e+00 0.0000e+00 0.0000e+00 0.0000e+00 0.0000e+00 0.0000e+00 0.0000e+00 0.0000e+00 0.0000e+00 0.0000e+00 0.0000e+00 0.0000e+00 0.0000e+00 0.0000e+00 0.0000e+00 0.0000e+00 0.0000e+00 0.0000e+00 0.0000e+00 0.0000e+00 0.0000e+00 0.0000e+00 0.0000e+00 0.0000e+00 0.0000e+00
-1.5619e-09 -8.8441e-09 -2.4411e-08 -5.0224e-08 -8.7993e-08 -1.3930e-07 -2.0565e-07 -2.8853e-07 -3.8941e-07 -5.0978e-07 -6.5114e-07 -8.1498e-07 -1.0028e-06 -1.2159e-06 -1.4557e-06 9.1162e-05 -2.0189e-06 -2.3432e-06 -2.6952e-06 -3.0732e-06 -3.4736e-06 -3.8910e-06 -4.3172e-06 -4.7411e-06 -5.1474e-06 -5.5168e-06 -5.8260e-06 -6.0479e-06 -6.1535e-06 -6.1147e-06 -5.9084e-06 -5.5226e-06 -4.9617e-06 -4.2524e-06 -3.4450e-06 -2.6093e-06 -1.8236e-06 -1.1577e-06 -6.5508e-07 -3.2301e-07 -1.3506e-07 -4.6357e-08 -1.2557e-08 -2.5609e-09 -3.7139e-10 -3.5758e-11 -2.1031e-12 -6.8314e-14 -1.0841e-15 -7.2414e-18 -1.6969e-20 -1.1167e-23 -1.5704e-27 -3.3735e-32 -7.3148e-38 -9.5876e-45 -4.0193e-53 -2.4378e-63 -7.9301e-76 -3.9778e-91 -6.3844e-110 -4.4679e-133 -1.0765e-161 -3.4611e-197 -2.2597e-241 -1.3259e-296 0.0000e+00 0.0000e+00 0.0000e+00 0.0000e+00 0.0000e+00 0.0000e+00 0.0000e+00 0.0000e+00 0.0000e+00 0.0000e+00 0.0000e+00 0.0000e+00 0.0000e+00 0.0000e+00 0.0000e+00 0.0000e+00 0.0000e+00 0.0000e+00 0.0000e+00 0.0000e+00 0.0000e+00 0.0000e+00 0.0000e+00 0.0000e+00 0.0000e+00 0.0000e+00 0.0000e+00 0.0000e+00 0.0000e+00 0.0000e+00 0.0000e+00 0.0000e+00 0.0000e+00 0.0000e+00 1.5619e-09 8.8441e-09 2.4411e-08 5.0224e-08 8.7993e-08 1.3930e-07 2.0565e-07 2.8852e-07 3.8941e-07 5.0978e-07 6.5113e-07 8.1496e-07 1.0027e-06 1.2158e-06 1.4555e-06 0.0000e+00 2.0185e-06 2.3424e-06 2.6940e-06 3.0711e-06 3.4704e-06 3.8862e-06 4.3102e-06 4.7309e-06 5.1328e-06 5.4966e-06 5.7985e-06 6.0114e-06 6.1063e-06 6.0554e-06 5.8366e-06 5.4387e-06 4.8681e-06 4.1532e-06 3.3460e-06 2.5174e-06 1.7453e-06 1.0972e-06 6.1368e-07 2.9840e-07 1.2272e-07 4.1294e-08 1.0926e-08 2.1672e-09 3.0416e-10 2.8178e-11 1.5841e-12 4.8810e-14 7.2848e-16 4.5314e-18 9.7800e-21 5.8540e-24 7.3837e-28 1.4001e-32 2.6316e-38 2.9281e-45 1.0166e-53 4.9544e-64 1.2459e-76 4.5805e-92 4.9667e-111 2.0221e-134 1.8939e-163 -1.8402e-199 -5.3591e-243 -5.0323e-298 0.0000e+00 0.0000e+00 0.0000e+00 0.0000e+00 0.0000e+00 0.0000e+00 0.0000e+00 0.0000e+00 0.0000e+00 0.0000e+00 0.0000e+00 0.0000e+00 0.0000e+00 0.0000e+00 0.0000e+00 0.0000e+00 0.0000e+00 0.0000e+00 0.0000e+00 0.0000e+00 0.0000e+00 0.0000e+00 0.0000e+00 0.0000e+00 0.0000e+00 0.0000e+00 0.0000e+00 0.0000e+00 0.0000e+00 0.0000e+00 0.0000e+00 0.0000e+00 0.0000e+00 0.0000e+00
-1.8299e-09 -1.0362e-08 -2.8599e-08 -5.8842e-08 -1.0309e-07 -1.6320e-07 -2.4093e-07 -3.3803e-07 -4.5623e-07 -5.9726e-07 -7.6287e-07 -9.5482e-07 -1.1748e-06 -1.4246e-06 -1.7055e-06 -2.0189e-06 1.3333e-04 -2.7457e-06 -3.1584e-06 -3.6016e-06 -4.0713e-06 -4.5611e-06 -5.0618e-06 -5.5601e-06 -6.0384e-06 -6.4744e-06 -6.8405e-06 -7.1054e-06 -7.2349e-06 -7.1960e-06 -6.9613e-06 -6.5158e-06 -5.8640e-06 -5.0361e-06 -4.0901e-06 -3.1072e-06 -2.1794e-06 -1.3895e-06 -7.9025e-07 -3.9200e-07 -1.6507e-07 -5.7127e-08 -1.5624e-08 -3.2218e-09 -4.7324e-10 -4.6232e-11 -2.7643e-12 -9.1468e-14 -1.4819e-15 -1.0126e-17 -2.4332e-20 -1.6456e-23 -2.3840e-27 -5.2879e-32 -1.1869e-37 -1.6146e-44 -7.0458e-53 -4.4631e-63 -1.5220e-75 -8.0390e-91 -1.3657e-109 -1.0177e-132 -2.6298e-161 -9.1430e-197 -6.5179e-241 -4.2231e-296 0.0000e+00 0.0000e+00 0.0000e+00 0.0000e+00 0.0000e+00 0.0000e+00 0.0000e+00 0.0000e+00 0.0000e+00 0.0000e+00 0.0000e+00 0.0000e+00 0.0000e+00 0.0000e+00 0.0000e+00 0.0000e+00 0.0000e+00 0.0000e+00 0.0000e+00 0.0000e+00 0.0000e+00 0.0000e+00 0.0000e+00 0.0000e+00 0.0000e+00 0.0000e+00 0.0000e+00 0.0000e+00 0.0000e+00 0.0000e+00 0.0000e+00 0.0000e+00 0.0000e+00 0.0000e+00 1.8299e-09 1.0362e-08 2.8599e-08 5.8842e-08 1.0309e-07 1.6320e-07 2.4093e-07 3.3803e-07 4.5622e-07 5.9725e-07 7.6285e-07 9.5479e-07 1.1748e-06 1.4244e-06 1.7053e-06 2.0185e-06 0.0000e+00 2.7443e-06 3.1562e-06 3.5981e-06 4.0659e-06 4.5530e-06 5.0498e-06 5.5426e-06 6.0135e-06 6.4397e-06 6.7934e-06 7.0428e-06 7.1540e-06 7.0944e-06 6.8380e-06 6.3719e-06 5.7033e-06 4.8658e-06 3.9201e-06 2.9493e-06 2.0447e-06 1.2855e-06 7.1894e-07 3.4957e-07 1.4376e-07 4.8371e-08 1.2798e-08 2.5380e-09 3.5615e-10 3.2985e-11 1.8537e-12 5.7085e-14 8.5128e-16 5.2888e-18 1.1394e-20 6.8018e-24 8.5444e-28 1.6102e-32 2.9975e-38 3.2849e-45 1.1126e-53 5.1990e-64 1.2112e-76 3.8087e-92 2.7191e-111 -2.9956e-135 -5.6352e-163 -3.2805e-198 -3.0440e-242 -2.2945e-297 0.0000e+00 0.0000e+00 0.0000e+00 0.0000e+00 0.0000e+00 0.0000e+00 0.0000e+00 0.0000e+00 0.0000e+00 0.0000e+00 0.0000e+00 0.0000e+00 0.0000e+00 0.0000e+00 0.0000e+00 0.0000e+00 0.0000e+00 0.0000e+00 0.0000e+00 0.0000e+00 0.0000e+00 0.0000e+00 0.0000e+00 0.0000e+00 0.0000e+00 0.0000e+00 0.0000e+00 0.0000e+00 0.0000e+00 0.0000e+00 0.0000e+00 0.0000e+00 0.0000e+00 0.0000e+00
