2.9495e-08 -1.6568e-08 -3.0474e-08 -4.6996e-08 -6.5819e-08 -8.6746e-08 -1.0964e-07 -1.3442e-07 -1.6101e-07 -1.8938e-07 -2.1948e-07 -2.5130e-07 -2.8483e-07 -3.2003e-07 -3.5691e-07 -3.9545e-07 -4.3561e-07 -4.7737e-07 -5.2068e-07 -5.6548e-07 -6.1170e-07 -6.5922e-07 -7.0791e-07 -7.5761e-07 -8.0811e-07 -8.5915e-07 -9.1044e-07 -9.6159e-07 -1.0122e-06 -1.0617e-06 -1.1096e-06 -1.1552e-06 -1.1976e-06 -1.2362e-06 -1.2699e-06 -1.2977e-06 -1.3186e-06 -1.3315e-06 -1.3351e-06 -1.3286e-06 -1.3108e-06 -1.2809e-06 -1.2384e-06 -1.1831e-06 -1.1151e-06 -1.0351e-06 -9.4449e-07 -8.4521e-07 -7.3986e-07 -6.3159e-07 -5.2397e-07 -4.2074e-07 -3.2547e-07 -2.4123e-07 -1.7021e-07 -1.1349e-07 -7.0876e-08 -4.1035e-08 -2.1759e-08 -1.0415e-08 -4.4230e-09 -1.6329e-09 -5.1126e-10 -1.3180e-10 -2.6991e-11 -4.2036e-12 -4.7207e-13 -3.5807e-14 -1.6922e-15 -4.5070e-17 -5.9669e-19 -3.3526e-21 -6.5412e-24 -3.4289e-27 -3.4686e-31 -4.4007e-36 -3.9743e-42 -1.2034e-49 -4.4407e-59 -5.0330e-71 -2.6134e-86 -4.3173e-106 -5.0653e-132 -1.6879e-166 -4.4471e-213 -3.7301e-277 -0.0000e+00 -0.0000e+00 -0.0000e+00 -0.0000e+00 -0.0000e+00 -0.0000e+00 -0.0000e+00 -0.0000e+00 -0.0000e+00 -0.0000e+00 -0.0000e+00 -0.0000e+00 -0.0000e+00 -0.0000e+00 0.0000e+00 -1.6568e-08 -3.0474e-08 -4.6996e-08 -6.5819e-08 -8.6746e-08 -1.0964e-07 -1.3442e-07 -1.6101e-07 -1.8938e-07 -2.1948e-07 -2.5130e-07 -2.8483e-07 -3.2003e-07 -3.5691e-07 -3.9545e-07 -4.3561e-07 -4.7737e-07 -5.2068e-07 -5.6548e-07 -6.1170e-07 -6.5922e-07 -7.0791e-07 -7.5761e-07 -8.0811e-07 -8.5915e-07 -9.1044e-07 -9.6159e-07 -1.0122e-06 -1.0617e-06 -1.1096e-06 -1.1552e-06 -1.1976e-06 -1.2362e-06 -1.2699e-06 -1.2977e-06 -1.3186e-06 -1.3315e-06 -1.3351e-06 -1.3286e-06 -1.3108e-06 -1.2809e-06 -1.2384e-06 -1.1831e-06 -1.1151e-06 -1.0351e-06 -9.4449e-07 -8.4521e-07 -7.3986e-07 -6.3159e-07 -5.2397e-07 -4.2074e-07 -3.2547e-07 -2.4123e-07 -1.7021e-07 -1.1349e-07 -7.0876e-08 -4.1035e-08 -2.1759e-08 -1.0415e-08 -4.4230e-09 -1.6329e-09 -5.1126e-10 -1.3180e-10 -2.6991e-11 -4.2036e-12 -4.7207e-13 -3.5807e-14 -1.6922e-15 -4.5070e-17 -5.9669e-19 -3.3526e-21 -6.5412e-24 -3.4289e-27 -3.4686e-31 -4.4007e-36 -3.9742e-42 -1.2034e-49 -4.4407e-59 -5.0329e-71 -2.6133e-86 -4.3172e-106 -5.0651e-132 -1.6878e-166 -4.4468e-213 -3.7298e-277 -0.0000e+00 -0.0000e+00 -0.0000e+00 -0.0000e+00 -0.0000e+00 -0.0000e+00 -0.0000e+00 -0.0000e+00 -0.0000e+00 -0.0000e+00 -0.0000e+00 -0.0000e+00 -0.0000e+00 -0.0000e+00
-1.6568e-08 4.7238e-07 -8.6255e-08 -1.3302e-07 -1.8630e-07 -2.4553e-07 -3.1034e-07 -3.8047e-07 -4.5575e-07 -5.3603e-07 -6.2124e-07 -7.1131e-07 -8.0619e-07 -9.0585e-07 -1.0102e-06 -1.1193e-06 -1.2330e-06 -1.3512e-06 -1.4738e-06 -1.6006e-06 -1.7314e-06 -1.8659e-06 -2.0037e-06 -2.1444e-06 -2.2873e-06 -2.4318e-06 -2.5770e-06 -2.7218e-06 -2.8650e-06 -3.0052e-06 -3.1407e-06 -3.2696e-06 -3.3899e-06 -3.4990e-06 -3.5944e-06 -3.6732e-06 -3.7323e-06 -3.7687e-06 -3.7791e-06 -3.7605e-06 -3.7101e-06 -3.6256e-06 -3.5054e-06 -3.3487e-06 -3.1562e-06 -2.9298e-06 -2.6734e-06 -2.3924e-06 -2.0942e-06 -1.7877e-06 -1.4831e-06 -1.1909e-06 -9.2125e-07 -6.8280e-07 -4.8178e-07 -3.2123e-07 -2.0061e-07 -1.1615e-07 -6.1588e-08 -2.9479e-08 -1.2519e-08 -4.6219e-09 -1.4471e-09 -3.7307e-10 -7.6401e-11 -1.1899e-11 -1.3362e-12 -1.0136e-13 -4.7901e-15 -1.2758e-16 -1.6891e-18 -9.4903e-21 -1.8517e-23 -9.7068e-27 -9.8193e-31 -1.2458e-35 -1.1252e-41 -3.4072e-49 -1.2573e-58 -1.4252e-70 -7.4008e-86 -1.2228e-105 -1.4348e-131 -4.7823e-166 -1.2603e-212 -1.0575e-276 -0.0000e+00 -0.0000e+00 -0.0000e+00 -0.0000e+00 -0.0000e+00 -0.0000e+00 -0.0000e+00 -0.0000e+00 -0.0000e+00 -0.0000e+00 -0.0000e+00 -0.0000e+00 -0.0000e+00 -0.0000e+00 -1.6568e-08 0.0000e+00 -8.6255e-08 -1.3302e-07 -1.8630e-07 -2.4553e-07 -3.1034e-07 -3.8047e-07 -4.5575e-07 -5.3603e-07 -6.2124e-07 -7.1131e-07 -8.0619e-07 -9.0585e-07 -1.0102e-06 -1.1193e-06 -1.2330e-06 -1.3512e-06 -1.4738e-06 -1.6006e-06 -1.7314e-06 -1.8659e-06 -2.0037e-06 -2.1444e-06 -2.2873e-06 -2.4318e-06 -2.5770e-06 -2.7218e-06 -2.8650e-06 -3.0052e-06 -3.1407e-06 -3.2696e-06 -3.3899e-06 -3.4990e-06 -3.5944e-06 -3.6732e-06 -3.7323e-06 -3.7687e-06 -3.7791e-06 -3.7605e-06 -3.7101e-06 -3.6256e-06 -3.5054e-06 -3.3487e-06 -3.1562e-06 -2.9298e-06 -2.6734e-06 -2.3924e-06 -2.0942e-06 -1.7877e-06 -1.4831e-06 -1.1909e-06 -9.2124e-07 -6.8279e-07 -4.8178e-07 -3.2122e-07 -2.0061e-07 -1.1615e-07 -6.1587e-08 -2.9478e-08 -1.2519e-08 -4.6218e-09 -1.4471e-09 -3.7307e-10 -7.6399e-11 -1.1898e-11 -1.3362e-12 -1.0135e-13 -4.7899e-15 -1.2757e-16 -1.6890e-18 -9.4896e-21 -1.8515e-23 -9.7059e-27 -9.8182e-31 -1.2457e-35 -1.1250e-41 -3.4065e-49 -1.2571e-58 -1.4247e-70 -7.3982e-86 -1.2222e-105 -1.4340e-131 -4.7789e-166 -1.2592e-212 -1.0563e-276 -0.0000e+00 -0.0000e+00 -0.0000e+00 -0.0000e+00 -0.0000e+00 -0.0000e+00 -0.0000e+00 -0.0000e+00 -0.0000e+00 -0.0000e+00 -0.0000e+00 -0.0000e+00 -0.0000e+00 -0.0000e+00
-3.0474e-08 -8.6255e-08 2.3953e-06 -2.4467e-07 -3.4267e-07 -4.5161e-07 -5.7082e-07 -6.9982e-07 -8.3827e-07 -9.8594e-07 -1.1427e-06 -1.3083e-06 -1.4829e-06 -1.6662e-06 -1.8582e-06 -2.0588e-06 -2.2679e-06 -2.4853e-06 -2.7108e-06 -2.9440e-06 -3.1846e-06 -3.4320e-06 -3.6855e-06 -3.9443e-06 -4.2072e-06 -4.4729e-06 -4.7399e-06 -5.0062e-06 -5.2696e-06 -5.5275e-06 -5.7768e-06 -6.0139e-06 -6.2351e-06 -6.4358e-06 -6.6113e-06 -6.7562e-06 -6.8649e-06 -6.9318e-06 -6.9510e-06 -6.9168e-06 -6.8242e-06 -6.6688e-06 -6.4476e-06 -6.1595e-06 -5.8054e-06 -5.3890e-06 -4.9173e-06 -4.4004e-06 -3.8519e-06 -3.2883e-06 -2.7280e-06 -2.1905e-06 -1.6945e-06 -1.2559e-06 -8.8619e-07 -5.9087e-07 -3.6901e-07 -2.1365e-07 -1.1329e-07 -5.4225e-08 -2.3029e-08 -8.5020e-09 -2.6621e-09 -6.8630e-10 -1.4055e-10 -2.1889e-11 -2.4583e-12 -1.8647e-13 -8.8129e-15 -2.3473e-16 -3.1078e-18 -1.7463e-20 -3.4075e-23 -1.7864e-26 -1.8073e-30 -2.2934e-35 -2.0715e-41 -6.2743e-49 -2.3160e-58 -2.6259e-70 -1.3642e-85 -2.2551e-105 -2.6480e-131 -8.8336e-166 -2.3309e-212 -1.9591e-276 -0.0000e+00 -0.0000e+00 -0.0000e+00 -0.0000e+00 -0.0000e+00 -0.0000e+00 -0.0000e+00 -0.0000e+00 -0.0000e+00 -0.0000e+00 -0.0000e+00 -0.0000e+00 -0.0000e+00 -0.0000e+00 -3.0474e-08 -8.6255e-08 0.0000e+00 -2.4467e-07 -3.4267e-07 -4.5161e-07 -5.7082e-07 -6.9982e-07 -8.3827e-07 -9.8594e-07 -1.1427e-06 -1.3083e-06 -1.4829e-06 -1.6662e-06 -1.8582e-06 -2.0588e-06 -2.2679e-06 -2.4853e-06 -2.7108e-06 -2.9440e-06 -3.1846e-06 -3.4320e-06 -3.6855e-06 -3.9443e-06 -4.2072e-06 -4.4729e-06 -4.7399e-06 -5.0062e-06 -5.2696e-06 -5.5275e-06 -5.7767e-06 -6.0139e-06 -6.2351e-06 -6.4358e-06 -6.6112e-06 -6.7561e-06 -6.8649e-06 -6.9318e-06 -6.9510e-06 -6.9168e-06 -6.8241e-06 -6.6687e-06 -6.4476e-06 -6.1594e-06 -5.8053e-06 -5.3889e-06 -4.9172e-06 -4.4003e-06 -3.8519e-06 -3.2882e-06 -2.7279e-06 -2.1905e-06 -1.6945e-06 -1.2559e-06 -8.8616e-07 -5.9084e-07 -3.6900e-07 -2.1364e-07 -1.1328e-07 -5.4221e-08 -2.3028e-08 -8.5013e-09 -2.6618e-09 -6.8622e-10 -1.4053e-10 -2.1886e-11 -2.4579e-12 -1.8644e-13 -8.8110e-15 -2.3467e-16 -3.1069e-18 -1.7457e-20 -3.4061e-23 -1.7856e-26 -1.8063e-30 -2.2918e-35 -2.0699e-41 -6.2682e-49 -2.3132e-58 -2.6221e-70 -1.3617e-85 -2.2501e-105 -2.6406e-131 -8.8025e-166 -2.3203e-212 -1.9475e-276 -0.0000e+00 -0.0000e+00 -0.0000e+00 -0.0000e+00 -0.0000e+00 -0.0000e+00 -0.0000e+00 -0.0000e+00 -0.0000e+00 -0.0000e+00 -0.0000e+00 -0.0000e+00 -0.0000e+00 -0.0000e+00
-4.6996e-08 -1.3302e-07 -2.4467e-07 7.5873e-06 -5.2845e-07 -6.9647e-07 -8.8031e-07 -1.0792e-06 -1.2928e-06 -1.5205e-06 -1.7622e-06 -2.0177e-06 -2.2868e-06 -2.5695e-06 -2.8656e-06 -3.1750e-06 -3.4975e-06 -3.8327e-06 -4.1805e-06 -4.5402e-06 -4.9112e-06 -5.2928e-06 -5.6837e-06 -6.0828e-06 -6.4882e-06 -6.8980e-06 -7.3098e-06 -7.7205e-06 -8.1267e-06 -8.5244e-06 -8.9088e-06 -9.2746e-06 -9.6157e-06 -9.9253e-06 -1.0196e-05 -1.0419e-05 -1.0587e-05 -1.0690e-05 -1.0720e-05 -1.0667e-05 -1.0524e-05 -1.0285e-05 -9.9436e-06 -9.4993e-06 -8.9532e-06 -8.3111e-06 -7.5836e-06 -6.7865e-06 -5.9407e-06 -5.0714e-06 -4.2073e-06 -3.3784e-06 -2.6135e-06 -1.9371e-06 -1.3668e-06 -9.1134e-07 -5.6917e-07 -3.2954e-07 -1.7474e-07 -8.3642e-08 -3.5524e-08 -1.3115e-08 -4.1066e-09 -1.0588e-09 -2.1684e-10 -3.3773e-11 -3.7931e-12 -2.8775e-13 -1.3601e-14 -3.6230e-16 -4.7975e-18 -2.6961e-20 -5.2619e-23 -2.7593e-26 -2.7923e-30 -3.5446e-35 -3.2031e-41 -9.7068e-49 -3.5853e-58 -4.0686e-70 -2.1160e-85 -3.5027e-105 -4.1205e-131 -1.3780e-165 -3.6478e-212 -3.0798e-276 -0.0000e+00 -0.0000e+00 -0.0000e+00 -0.0000e+00 -0.0000e+00 -0.0000e+00 -0.0000e+00 -0.0000e+00 -0.0000e+00 -0.0000e+00 -0.0000e+00 -0.0000e+00 -0.0000e+00 -0.0000e+00 -4.6996e-08 -1.3302e-07 -2.4467e-07 0.0000e+00 -5.2845e-07 -6.9647e-07 -8.8031e-07 -1.0792e-06 -1.2928e-06 -1.5205e-06 -1.7622e-06 -2.0177e-06 -2.2868e-06 -2.5695e-06 -2.8656e-06 -3.1750e-06 -3.4974e-06 -3.8327e-06 -4.1805e-06 -4.5402e-06 -4.9112e-06 -5.2928e-06 -5.6837e-06 -6.0828e-06 -6.4882e-06 -6.8980e-06 -7.3098e-06 -7.7205e-06 -8.1267e-06 -8.5244e-06 -8.9088e-06 -9.2746e-06 -9.6156e-06 -9.9252e-06 -1.0196e-05 -1.0419e-05 -1.0587e-05 -1.0690e-05 -1.0720e-05 -1.0667e-05 -1.0524e-05 -1.0284e-05 -9.9434e-06 -9.4990e-06 -8.9529e-06 -8.3108e-06 -7.5833e-06 -6.7862e-06 -5.9404e-06 -5.0711e-06 -4.2070e-06 -3.3782e-06 -2.6133e-06 -1.9369e-06 -1.3667e-06 -9.1123e-07 -5.6909e-07 -3.2949e-07 -1.7471e-07 -8.3625e-08 -3.5516e-08 -1.3112e-08 -4.1054e-09 -1.0584e-09 -2.1675e-10 -3.3758e-11 -3.7911e-12 -2.8758e-13 -1.3591e-14 -3.6201e-16 -4.7930e-18 -2.6932e-20 -5.2552e-23 -2.7551e-26 -2.7873e-30 -3.5370e-35 -3.1949e-41 -9.6769e-49 -3.5720e-58 -4.0501e-70 -2.1041e-85 -3.4783e-105 -4.0846e-131 -1.3627e-165 -3.5960e-212 -3.0229e-276 -0.0000e+00 -0.0000e+00 -0.0000e+00 -0.0000e+00 -0.0000e+00 -0.0000e+00 -0.0000e+00 -0.0000e+00 -0.0000e+00 -0.0000e+00 -0.0000e+00 -0.0000e+00 -0.0000e+00 -0.0000e+00
-6.5819e-08 -1.8630e-07 -3.4267e-07 -5.2845e-07 1.8578e-05 -9.7543e-07 -1.2329e-06 -1.5115e-06 -1.8105e-06 -2.1295e-06 -2.4680e-06 -2.8258e-06 -3.2028e-06 -3.5987e-06 -4.0134e-06 -4.4467e-06 -4.8983e-06 -5.3679e-06 -5.8549e-06 -6.3587e-06 -6.8784e-06 -7.4127e-06 -7.9603e-06 -8.5191e-06 -9.0870e-06 -9.6610e-06 -1.0238e-05 -1.0813e-05 -1.1382e-05 -1.1939e-05 -1.2477e-05 -1.2990e-05 -1.3467e-05 -1.3901e-05 -1.4280e-05 -1.4593e-05 -1.4828e-05 -1.4972e-05 -1.5014e-05 -1.4940e-05 -1.4740e-05 -1.4405e-05 -1.3927e-05 -1.3305e-05 -1.2540e-05 -1.1641e-05 -1.0622e-05 -9.5057e-06 -8.3210e-06 -7.1035e-06 -5.8933e-06 -4.7324e-06 -3.6609e-06 -2.7135e-06 -1.9147e-06 -1.2767e-06 -7.9737e-07 -4.6169e-07 -2.4483e-07 -1.1719e-07 -4.9777e-08 -1.8378e-08 -5.7552e-09 -1.4839e-09 -3.0394e-10 -4.7346e-11 -5.3183e-12 -4.0352e-13 -1.9077e-14 -5.0829e-16 -6.7326e-18 -3.7850e-20 -7.3901e-23 -3.8772e-26 -3.9260e-30 -4.9873e-35 -4.5110e-41 -1.3686e-48 -5.0621e-58 -5.7547e-70 -2.9997e-85 -4.9801e-105 -5.8810e-131 -1.9766e-165 -5.2680e-212 -4.4887e-276 -0.0000e+00 -0.0000e+00 -0.0000e+00 -0.0000e+00 -0.0000e+00 -0.0000e+00 -0.0000e+00 -0.0000e+00 -0.0000e+00 -0.0000e+00 -0.0000e+00 -0.0000e+00 -0.0000e+00 -0.0000e+00 -6.5819e-08 -1.8630e-07 -3.4267e-07 -5.2845e-07 0.0000e+00 -9.7543e-07 -1.2329e-06 -1.5115e-06 -1.8105e-06 -2.1295e-06 -2.4680e-06 -2.8258e-06 -3.2028e-06 -3.5987e-06 -4.0134e-06 -4.4467e-06 -4.8983e-06 -5.3679e-06 -5.8549e-06 -6.3587e-06 -6.8784e-06 -7.4127e-06 -7.9603e-06 -8.5191e-06 -9.0870e-06 -9.6609e-06 -1.0238e-05 -1.0813e-05 -1.1382e-05 -1.1939e-05 -1.2477e-05 -1.2989e-05 -1.3467e-05 -1.3901e-05 -1.4280e-05 -1.4593e-05 -1.4828e-05 -1.4972e-05 -1.5013e-05 -1.4940e-05 -1.4740e-05 -1.4404e-05 -1.3926e-05 -1.3304e-05 -1.2539e-05 -1.1640e-05 -1.0621e-05 -9.5047e-06 -8.3200e-06 -7.1025e-06 -5.8924e-06 -4.7315e-06 -3.6602e-06 -2.7128e-06 -1.9142e-06 -1.2763e-06 -7.9711e-07 -4.6152e-07 -2.4472e-07 -1.1714e-07 -4.9749e-08 -1.8367e-08 -5.7510e-09 -1.4827e-09 -3.0365e-10 -4.7294e-11 -5.3116e-12 -4.0293e-13 -1.9045e-14 -5.0730e-16 -6.7173e-18 -3.7749e-20 -7.3669e-23 -3.8628e-26 -3.9088e-30 -4.9614e-35 -4.4829e-41 -1.3583e-48 -5.0163e-58 -5.6911e-70 -2.9589e-85 -4.8963e-105 -5.7571e-131 -1.9240e-165 -5.0891e-212 -4.2917e-276 -0.0000e+00 -0.0000e+00 -0.0000e+00 -0.0000e+00 -0.0000e+00 -0.0000e+00 -0.0000e+00 -0.0000e+00 -0.0000e+00 -0.0000e+00 -0.0000e+00 -0.0000e+00 -0.0000e+00 -0.0000e+00
-8.6746e-08 -2.4553e-07 -4.5161e-07 -6.9647e-07 -9.7543e-07 3.8660e-05 -1.6249e-06 -1.9921e-06 -2.3862e-06 -2.8066e-06 -3.2527e-06 -3.7243e-06 -4.2211e-06 -4.7429e-06 -5.2894e-06 -5.8605e-06 -6.4557e-06 -7.0746e-06 -7.7164e-06 -8.3804e-06 -9.0653e-06 -9.7696e-06 -1.0491e-05 -1.1228e-05 -1.1976e-05 -1.2733e-05 -1.3493e-05 -1.4251e-05 -1.5001e-05 -1.5735e-05 -1.6445e-05 -1.7120e-05 -1.7750e-05 -1.8321e-05 -1.8821e-05 -1.9233e-05 -1.9543e-05 -1.9734e-05 -1.9789e-05 -1.9692e-05 -1.9428e-05 -1.8986e-05 -1.8357e-05 -1.7537e-05 -1.6529e-05 -1.5344e-05 -1.4001e-05 -1.2530e-05 -1.0969e-05 -9.3641e-06 -7.7690e-06 -6.2388e-06 -4.8265e-06 -3.5775e-06 -2.5245e-06 -1.6834e-06 -1.0515e-06 -6.0885e-07 -3.2289e-07 -1.5458e-07 -6.5662e-08 -2.4247e-08 -7.5940e-09 -1.9584e-09 -4.0120e-10 -6.2511e-11 -7.0236e-12 -5.3308e-13 -2.5211e-14 -6.7204e-16 -8.9062e-18 -5.0101e-20 -9.7893e-23 -5.1406e-26 -5.2110e-30 -6.6286e-35 -6.0054e-41 -1.8257e-48 -6.7702e-58 -7.7211e-70 -4.0411e-85 -6.7443e-105 -8.0184e-131 -2.7190e-165 -7.3324e-212 -6.3470e-276 -0.0000e+00 -0.0000e+00 -0.0000e+00 -0.0000e+00 -0.0000e+00 -0.0000e+00 -0.0000e+00 -0.0000e+00 -0.0000e+00 -0.0000e+00 -0.0000e+00 -0.0000e+00 -0.0000e+00 -0.0000e+00 -8.6746e-08 -2.4553e-07 -4.5161e-07 -6.9647e-07 -9.7543e-07 0.0000e+00 -1.6249e-06 -1.9921e-06 -2.3862e-06 -2.8066e-06 -3.2527e-06 -3.7243e-06 -4.2211e-06 -4.7429e-06 -5.2894e-06 -5.8605e-06 -6.4557e-06 -7.0745e-06 -7.7164e-06 -8.3804e-06 -9.0653e-06 -9.7695e-06 -1.0491e-05 -1.1228e-05 -1.1976e-05 -1.2733e-05 -1.3493e-05 -1.4251e-05 -1.5001e-05 -1.5735e-05 -1.6444e-05 -1.7119e-05 -1.7749e-05 -1.8320e-05 -1.8820e-05 -1.9232e-05 -1.9542e-05 -1.9733e-05 -1.9787e-05 -1.9690e-05 -1.9426e-05 -1.8984e-05 -1.8355e-05 -1.7534e-05 -1.6527e-05 -1.5341e-05 -1.3999e-05 -1.2527e-05 -1.0966e-05 -9.3614e-06 -7.7665e-06 -6.2365e-06 -4.8245e-06 -3.5758e-06 -2.5232e-06 -1.6824e-06 -1.0507e-06 -6.0838e-07 -3.2260e-07 -1.5442e-07 -6.5586e-08 -2.4215e-08 -7.5825e-09 -1.9550e-09 -4.0041e-10 -6.2368e-11 -7.0051e-12 -5.3146e-13 -2.5123e-14 -6.6930e-16 -8.8639e-18 -4.9823e-20 -9.7256e-23 -5.1012e-26 -5.1639e-30 -6.5573e-35 -5.9282e-41 -1.7975e-48 -6.6439e-58 -7.5459e-70 -3.9288e-85 -6.5129e-105 -7.6761e-131 -2.5734e-165 -6.8354e-212 -5.7977e-276 -0.0000e+00 -0.0000e+00 -0.0000e+00 -0.0000e+00 -0.0000e+00 -0.0000e+00 -0.0000e+00 -0.0000e+00 -0.0000e+00 -0.0000e+00 -0.0000e+00 -0.0000e+00 -0.0000e+00 -0.0000e+00
-1.0964e-07 -3.1034e-07 -5.7082e-07 -8.8031e-07 -1.2329e-06 -1.6249e-06 7.1925e-05 -2.5179e-06 -3.0161e-06 -3.5474e-06 -4.1113e-06 -4.7074e-06 -5.3353e-06 -5.9948e-06 -6.6856e-06 -7.4074e-06 -8.1598e-06 -8.9420e-06 -9.7533e-06 -1.0593e-05 -1.1458e-05 -1.2348e-05 -1.3261e-05 -1.4192e-05 -1.5138e-05 -1.6094e-05 -1.7055e-05 -1.8013e-05 -1.8961e-05 -1.9889e-05 -2.0786e-05 -2.1640e-05 -2.2436e-05 -2.3158e-05 -2.3790e-05 -2.4312e-05 -2.4704e-05 -2.4945e-05 -2.5014e-05 -2.4892e-05 -2.4559e-05 -2.4001e-05 -2.3206e-05 -2.2170e-05 -2.0896e-05 -1.9399e-05 -1.7702e-05 -1.5842e-05 -1.3869e-05 -1.1840e-05 -9.8239e-06 -7.8894e-06 -6.1038e-06 -4.5246e-06 -3.1931e-06 -2.1294e-06 -1.3302e-06 -7.7035e-07 -4.0859e-07 -1.9564e-07 -8.3119e-08 -3.0699e-08 -9.6172e-09 -2.4808e-09 -5.0840e-10 -7.9244e-11 -8.9077e-12 -6.7643e-13 -3.2010e-14 -8.5390e-16 -1.1326e-17 -6.3779e-20 -1.2477e-22 -6.5619e-26 -6.6638e-30 -8.4952e-35 -7.7172e-41 -2.3539e-48 -8.7651e-58 -1.0048e-69 -5.2935e-85 -8.9082e-105 -1.0705e-130 -3.6805e-165 -1.0106e-211 -8.9584e-276 -0.0000e+00 -0.0000e+00 -0.0000e+00 -0.0000e+00 -0.0000e+00 -0.0000e+00 -0.0000e+00 -0.0000e+00 -0.0000e+00 -0.0000e+00 -0.0000e+00 -0.0000e+00 -0.0000e+00 -0.0000e+00 -1.0964e-07 -3.1034e-07 -5.7082e-07 -8.8031e-07 -1.2329e-06 -1.6249e-06 0.0000e+00 -2.5179e-06 -3.0161e-06 -3.5474e-06 -4.1113e-06 -4.7074e-06 -5.3353e-06 -5.9948e-06 -6.6856e-06 -7.4074e-06 -8.1597e-06 -8.9420e-06 -9.7533e-06 -1.0593e-05 -1.1458e-05 -1.2348e-05 -1.3260e-05 -1.4191e-05 -1.5137e-05 -1.6094e-05 -1.7054e-05 -1.8012e-05 -1.8960e-05 -1.9888e-05 -2.0785e-05 -2.1639e-05 -2.2434e-05 -2.3157e-05 -2.3788e-05 -2.4309e-05 -2.4701e-05 -2.4942e-05 -2.5011e-05 -2.4888e-05 -2.4555e-05 -2.3996e-05 -2.3201e-05 -2.2164e-05 -2.0890e-05 -1.9392e-05 -1.7695e-05 -1.5836e-05 -1.3862e-05 -1.1834e-05 -9.8179e-06 -7.8839e-06 -6.0990e-06 -4.5206e-06 -3.1899e-06 -2.1270e-06 -1.3285e-06 -7.6922e-07 -4.0791e-07 -1.9527e-07 -8.2940e-08 -3.0624e-08 -9.5902e-09 -2.4729e-09 -5.0653e-10 -7.8909e-11 -8.8643e-12 -6.7263e-13 -3.1802e-14 -8.4746e-16 -1.1227e-17 -6.3125e-20 -1.2327e-22 -6.4692e-26 -6.5526e-30 -8.3270e-35 -7.5351e-41 -2.2873e-48 -8.4665e-58 -9.6333e-70 -5.0271e-85 -8.3586e-105 -9.8896e-131 -3.3325e-165 -8.9128e-212 -7.6309e-276 -0.0000e+00 -0.0000e+00 -0.0000e+00 -0.0000e+00 -0.0000e+00 -0.0000e+00 -0.0000e+00 -0.0000e+00 -0.0000e+00 -0.0000e+00 -0.0000e+00 -0.0000e+00 -0.0000e+00 -0.0000e+00
-1.3442e-07 -3.8047e-07 -6.9982e-07 -1.0792e-06 -1.5115e-06 -1.9921e-06 -2.5179e-06 1.2330e-04 -3.6976e-06 -4.3490e-06 -5.0404e-06 -5.7711e-06 -6.5410e-06 -7.3495e-06 -8.1965e-06 -9.0814e-06 -1.0004e-05 -1.0963e-05 -1.1957e-05 -1.2986e-05 -1.4048e-05 -1.5139e-05 -1.6257e-05 -1.7399e-05 -1.8559e-05 -1.9731e-05 -2.0909e-05 -2.2084e-05 -2.3246e-05 -2.4384e-05 -2.5484e-05 -2.6531e-05 -2.7507e-05 -2.8394e-05 -2.9168e-05 -2.9808e-05 -3.0289e-05 -3.0586e-05 -3.0671e-05 -3.0522e-05 -3.0115e-05 -2.9431e-05 -2.8457e-05 -2.7187e-05 -2.5626e-05 -2.3791e-05 -2.1711e-05 -1.9431e-05 -1.7011e-05 -1.4524e-05 -1.2052e-05 -9.6793e-06 -7.4894e-06 -5.5523e-06 -3.9189e-06 -2.6138e-06 -1.6330e-06 -9.4591e-07 -5.0182e-07 -2.4033e-07 -1.0214e-07 -3.7736e-08 -1.1826e-08 -3.0519e-09 -6.2576e-10 -9.7593e-11 -1.0978e-11 -8.3430e-13 -3.9518e-14 -1.0554e-15 -1.4017e-17 -7.9055e-20 -1.5495e-22 -8.1673e-26 -8.3169e-30 -1.0638e-34 -9.7029e-41 -2.9743e-48 -1.1144e-57 -1.2873e-69 -6.8473e-85 -1.1663e-104 -1.4232e-130 -4.9898e-165 -1.4048e-211 -1.2858e-275 -0.0000e+00 -0.0000e+00 -0.0000e+00 -0.0000e+00 -0.0000e+00 -0.0000e+00 -0.0000e+00 -0.0000e+00 -0.0000e+00 -0.0000e+00 -0.0000e+00 -0.0000e+00 -0.0000e+00 -0.0000e+00 -1.3442e-07 -3.8047e-07 -6.9982e-07 -1.0792e-06 -1.5115e-06 -1.9921e-06 -2.5179e-06 0.0000e+00 -3.6976e-06 -4.3490e-06 -5.0404e-06 -5.7711e-06 -6.5410e-06 -7.3495e-06 -8.1964e-06 -9.0814e-06 -1.0004e-05 -1.0963e-05 -1.1957e-05 -1.2986e-05 -1.4048e-05 -1.5139e-05 -1.6257e-05 -1.7399e-05 -1.8558e-05 -1.9731e-05 -2.0908e-05 -2.2083e-05 -2.3245e-05 -2.4383e-05 -2.5482e-05 -2.6529e-05 -2.7505e-05 -2.8390e-05 -2.9164e-05 -2.9804e-05 -3.0284e-05 -3.0580e-05 -3.0665e-05 -3.0514e-05 -3.0106e-05 -2.9421e-05 -2.8446e-05 -2.7175e-05 -2.5614e-05 -2.3777e-05 -2.1697e-05 -1.9417e-05 -1.6998e-05 -1.4511e-05 -1.2039e-05 -9.6679e-06 -7.4794e-06 -5.5439e-06 -3.9122e-06 -2.6087e-06 -1.6294e-06 -9.4355e-07 -5.0039e-07 -2.3955e-07 -1.0176e-07 -3.7577e-08 -1.1769e-08 -3.0352e-09 -6.2182e-10 -9.6887e-11 -1.0886e-11 -8.2630e-13 -3.9080e-14 -1.0418e-15 -1.3807e-17 -7.7677e-20 -1.5179e-22 -7.9717e-26 -8.0822e-30 -1.0283e-34 -9.3178e-41 -2.8335e-48 -1.0511e-57 -1.1993e-69 -6.2805e-85 -1.0490e-104 -1.2485e-130 -4.2399e-165 -1.1458e-211 -9.9489e-276 -0.0000e+00 -0.0000e+00 -0.0000e+00 -0.0000e+00 -0.0000e+00 -0.0000e+00 -0.0000e+00 -0.0000e+00 -0.0000e+00 -0.0000e+00 -0.0000e+00 -0.0000e+00 -0.0000e+00 -0.0000e+00
-1.6101e-07 -4.5575e-07 -8.3827e-07 -1.2928e-06 -1.8105e-06 -2.3862e-06 -3.0161e-06 -3.6976e-06 1.9860e-04 -5.2094e-06 -6.0375e-06 -6.9129e-06 -7.8350e-06 -8.8036e-06 -9.8181e-06 -1.0878e-05 -1.1983e-05 -1.3132e-05 -1.4323e-05 -1.5556e-05 -1.6827e-05 -1.8134e-05 -1.9474e-05 -2.0842e-05 -2.2231e-05 -2.3635e-05 -2.5047e-05 -2.6454e-05 -2.7847e-05 -2.9210e-05 -3.0528e-05 -3.1782e-05 -3.2952e-05 -3.4014e-05 -3.4943e-05 -3.5711e-05 -3.6287e-05 -3.6643e-05 -3.6747e-05 -3.6569e-05 -3.6082e-05 -3.5264e-05 -3.4099e-05 -3.2579e-05 -3.0710e-05 -2.8512e-05 -2.6021e-05 -2.3290e-05 -2.0392e-05 -1.7412e-05 -1.4450e-05 -1.1607e-05 -8.9820e-06 -6.6600e-06 -4.7016e-06 -3.1365e-06 -1.9601e-06 -1.1356e-06 -6.0267e-07 -2.8873e-07 -1.2276e-07 -4.5376e-08 -1.4228e-08 -3.6742e-09 -7.5388e-10 -1.1768e-10 -1.3250e-11 -1.0082e-12 -4.7819e-14 -1.2791e-15 -1.7021e-17 -9.6217e-20 -1.8910e-22 -9.9997e-26 -1.0223e-29 -1.3137e-34 -1.2052e-40 -3.7204e-48 -1.4059e-57 -1.6415e-69 -8.8462e-85 -1.5316e-104 -1.9073e-130 -6.8585e-165 -1.9930e-211 -1.8977e-275 -0.0000e+00 -0.0000e+00 -0.0000e+00 -0.0000e+00 -0.0000e+00 -0.0000e+00 -0.0000e+00 -0.0000e+00 -0.0000e+00 -0.0000e+00 -0.0000e+00 -0.0000e+00 -0.0000e+00 -0.0000e+00 -1.6101e-07 -4.5575e-07 -8.3827e-07 -1.2928e-06 -1.8105e-06 -2.3862e-06 -3.0161e-06 -3.6976e-06 0.0000e+00 -5.2094e-06 -6.0375e-06 -6.9129e-06 -7.8350e-06 -8.8035e-06 -9.8180e-06 -1.0878e-05 -1.1983e-05 -1.3132e-05 -1.4323e-05 -1.5555e-05 -1.6827e-05 -1.8134e-05 -1.9474e-05 -2.0841e-05 -2.2230e-05 -2.3634e-05 -2.5045e-05 -2.6452e-05 -2.7844e-05 -2.9207e-05 -3.0525e-05 -3.1778e-05 -3.2947e-05 -3.4008e-05 -3.4936e-05 -3.5702e-05 -3.6277e-05 -3.6632e-05 -3.6734e-05 -3.6554e-05 -3.6065e-05 -3.5245e-05 -3.4078e-05 -3.2556e-05 -3.0686e-05 -2.8486e-05 -2.5994e-05 -2.3263e-05 -2.0365e-05 -1.7387e-05 -1.4426e-05 -1.1585e-05 -8.9627e-06 -6.6438e-06 -4.6886e-06 -3.1267e-06 -1.9531e-06 -1.1311e-06 -5.9991e-07 -2.8723e-07 -1.2203e-07 -4.5069e-08 -1.4118e-08 -3.6418e-09 -7.4628e-10 -1.1631e-10 -1.3074e-11 -9.9270e-13 -4.6972e-14 -1.2529e-15 -1.6616e-17 -9.3549e-20 -1.8298e-22 -9.6205e-26 -9.7672e-30 -1.2447e-34 -1.1303e-40 -3.4458e-48 -1.2823e-57 -1.4690e-69 -7.7323e-85 -1.2999e-104 -1.5603e-130 -5.3580e-165 -1.4695e-211 -1.3014e-275 -0.0000e+00 -0.0000e+00 -0.0000e+00 -0.0000e+00 -0.0000e+00 -0.0000e+00 -0.0000e+00 -0.0000e+00 -0.0000e+00 -0.0000e+00 -0.0000e+00 -0.0000e+00 -0.0000e+00 -0.0000e+00
-1.8938e-07 -5.3603e-07 -9.8594e-07 -1.5205e-06 -2.1295e-06 -2.8066e-06 -3.5474e-06 -4.3490e-06 -5.2094e-06 3.0457e-04 -7.1011e-06 -8.1307e-06 -9.2153e-06 -1.0354e-05 -1.1548e-05 -1.2794e-05 -1.4094e-05 -1.5445e-05 -1.6847e-05 -1.8296e-05 -1.9792e-05 -2.1329e-05 -2.2905e-05 -2.4514e-05 -2.6148e-05 -2.7800e-05 -2.9460e-05 -3.1116e-05 -3.2755e-05 -3.4359e-05 -3.5909e-05 -3.7385e-05 -3.8762e-05 -4.0012e-05 -4.1106e-05 -4.2010e-05 -4.2689e-05 -4.3109e-05 -4.3233e-05 -4.3026e-05 -4.2455e-05 -4.1494e-05 -4.0125e-05 -3.8339e-05 -3.6143e-05 -3.3559e-05 -3.0630e-05 -2.7419e-05 -2.4009e-05 -2.0504e-05 -1.7018e-05 -1.3672e-05 -1.0582e-05 -7.8485e-06 -5.5420e-06 -3.6983e-06 -2.3119e-06 -1.3400e-06 -7.1143e-07 -3.4101e-07 -1.4507e-07 -5.3658e-08 -1.6838e-08 -4.3520e-09 -8.9388e-10 -1.3969e-10 -1.5751e-11 -1.2004e-12 -5.7046e-14 -1.5293e-15 -2.0404e-17 -1.1570e-19 -2.2824e-22 -1.2123e-25 -1.2460e-29 -1.6115e-34 -1.4898e-40 -4.6420e-48 -1.7742e-57 -2.1002e-69 -1.1510e-84 -2.0343e-104 -2.5977e-130 -9.6321e-165 -2.9056e-211 -2.8953e-275 -0.0000e+00 -0.0000e+00 -0.0000e+00 -0.0000e+00 -0.0000e+00 -0.0000e+00 -0.0000e+00 -0.0000e+00 -0.0000e+00 -0.0000e+00 -0.0000e+00 -0.0000e+00 -0.0000e+00 -0.0000e+00 -1.8938e-07 -5.3603e-07 -9.8594e-07 -1.5205e-06 -2.1295e-06 -2.8066e-06 -3.5474e-06 -4.3490e-06 -5.2094e-06 0.0000e+00 -7.1011e-06 -8.1307e-06 -9.2152e-06 -1.0354e-05 -1.1548e-05 -1.2794e-05 -1.4094e-05 -1.5445e-05 -1.6846e-05 -1.8296e-05 -1.9791e-05 -2.1329e-05 -2.2904e-05 -2.4512e-05 -2.6146e-05 -2.7798e-05 -2.9457e-05 -3.1113e-05 -3.2750e-05 -3.4353e-05 -3.5903e-05 -3.7378e-05 -3.8753e-05 -4.0001e-05 -4.1092e-05 -4.1994e-05 -4.2671e-05 -4.3088e-05 -4.3209e-05 -4.2998e-05 -4.2424e-05 -4.1460e-05 -4.0087e-05 -3.8298e-05 -3.6099e-05 -3.3513e-05 -3.0582e-05 -2.7370e-05 -2.3961e-05 -2.0458e-05 -1.6974e-05 -1.3632e-05 -1.0548e-05 -7.8193e-06 -5.5187e-06 -3.6806e-06 -2.2994e-06 -1.3318e-06 -7.0646e-07 -3.3830e-07 -1.4376e-07 -5.3105e-08 -1.6640e-08 -4.2935e-09 -8.8013e-10 -1.3723e-10 -1.5432e-11 -1.1724e-12 -5.5513e-14 -1.4818e-15 -1.9670e-17 -1.1087e-19 -2.1714e-22 -1.1435e-25 -1.1631e-29 -1.4858e-34 -1.3530e-40 -4.1396e-48 -1.5474e-57 -1.7825e-69 -9.4485e-85 -1.6028e-104 -1.9463e-130 -6.7849e-165 -1.8981e-211 -1.7259e-275 -0.0000e+00 -0.0000e+00 -0.0000e+00 -0.0000e+00 -0.0000e+00 -0.0000e+00 -0.0000e+00 -0.0000e+00 -0.0000e+00 -0.0000e+00 -0.0000e+00 -0.0000e+00 -0.0000e+00 -0.0000e+00
-2.1948e-07 -6.2124e-07 -1.1427e-06 -1.7622e-06 -2.4680e-06 -3.2527e-06 -4.1113e-06 -5.0404e-06 -6.0375e-06 -7.1011e-06 4.4899e-04 -9.4232e-06 -1.0680e-05 -1.2000e-05 -1.3383e-05 -1.4828e-05 -1.6334e-05 -1.7901e-05 -1.9525e-05 -2.1205e-05 -2.2938e-05 -2.4721e-05 -2.6547e-05 -2.8412e-05 -3.0306e-05 -3.2221e-05 -3.4146e-05 -3.6066e-05 -3.7965e-05 -3.9825e-05 -4.1623e-05 -4.3335e-05 -4.4932e-05 -4.6382e-05 -4.7651e-05 -4.8700e-05 -4.9491e-05 -4.9980e-05 -5.0126e-05 -4.9888e-05 -4.9229e-05 -4.8119e-05 -4.6535e-05 -4.4468e-05 -4.1924e-05 -3.8931e-05 -3.5538e-05 -3.1817e-05 -2.7866e-05 -2.3802e-05 -1.9759e-05 -1.5878e-05 -1.2293e-05 -9.1202e-06 -6.4423e-06 -4.3008e-06 -2.6898e-06 -1.5598e-06 -8.2863e-07 -3.9746e-07 -1.6921e-07 -6.2646e-08 -1.9679e-08 -5.0922e-09 -1.0474e-09 -1.6394e-10 -1.8520e-11 -1.4145e-12 -6.7391e-14 -1.8120e-15 -2.4261e-17 -1.3815e-19 -2.7385e-22 -1.4631e-25 -1.5141e-29 -1.9744e-34 -1.8434e-40 -5.8121e-48 -2.2532e-57 -2.7129e-69 -1.5175e-84 -2.7485e-104 -3.6142e-130 -1.3880e-164 -4.3662e-211 -4.5740e-275 -0.0000e+00 -0.0000e+00 -0.0000e+00 -0.0000e+00 -0.0000e+00 -0.0000e+00 -0.0000e+00 -0.0000e+00 -0.0000e+00 -0.0000e+00 -0.0000e+00 -0.0000e+00 -0.0000e+00 -0.0000e+00 -2.1948e-07 -6.2124e-07 -1.1427e-06 -1.7622e-06 -2.4680e-06 -3.2527e-06 -4.1113e-06 -5.0404e-06 -6.0375e-06 -7.1011e-06 0.0000e+00 -9.4232e-06 -1.0680e-05 -1.2000e-05 -1.3383e-05 -1.4828e-05 -1.6334e-05 -1.7900e-05 -1.9524e-05 -2.1204e-05 -2.2937e-05 -2.4719e-05 -2.6545e-05 -2.8409e-05 -3.0303e-05 -3.2218e-05 -3.4141e-05 -3.6060e-05 -3.7958e-05 -3.9816e-05 -4.1612e-05 -4.3321e-05 -4.4916e-05 -4.6363e-05 -4.7628e-05 -4.8674e-05 -4.9459e-05 -4.9944e-05 -5.0084e-05 -4.9841e-05 -4.9176e-05 -4.8060e-05 -4.6470e-05 -4.4398e-05 -4.1849e-05 -3.8853e-05 -3.5456e-05 -3.1734e-05 -2.7783e-05 -2.3722e-05 -1.9685e-05 -1.5810e-05 -1.2234e-05 -9.0703e-06 -6.4024e-06 -4.2705e-06 -2.6683e-06 -1.5457e-06 -8.2012e-07 -3.9283e-07 -1.6697e-07 -6.1699e-08 -1.9340e-08 -4.9921e-09 -1.0238e-09 -1.5972e-10 -1.7973e-11 -1.3665e-12 -6.4760e-14 -1.7305e-15 -2.2999e-17 -1.2983e-19 -2.5472e-22 -1.3443e-25 -1.3709e-29 -1.7567e-34 -1.6060e-40 -4.9370e-48 -1.8564e-57 -2.1544e-69 -1.1527e-84 -1.9788e-104 -2.4396e-130 -8.6731e-165 -2.4890e-211 -2.3402e-275 -0.0000e+00 -0.0000e+00 -0.0000e+00 -0.0000e+00 -0.0000e+00 -0.0000e+00 -0.0000e+00 -0.0000e+00 -0.0000e+00 -0.0000e+00 -0.0000e+00 -0.0000e+00 -0.0000e+00 -0.0000e+00
-2.5130e-07 -7.1131e-07 -1.3083e-06 -2.0177e-06 -2.8258e-06 -3.7243e-06 -4.7074e-06 -5.7711e-06 -6.9129e-06 -8.1307e-06 -9.4232e-06 6.4071e-04 -1.2229e-05 -1.3740e-05 -1.5324e-05 -1.6978e-05 -1.8703e-05 -2.0496e-05 -2.2356e-05 -2.4280e-05 -2.6265e-05 -2.8306e-05 -3.0398e-05 -3.2533e-05 -3.4702e-05 -3.6896e-05 -3.9100e-05 -4.1299e-05 -4.3475e-05 -4.5605e-05 -4.7666e-05 -4.9628e-05 -5.1458e-05 -5.3121e-05 -5.4576e-05 -5.5781e-05 -5.6689e-05 -5.7252e-05 -5.7423e-05 -5.7155e-05 -5.6405e-05 -5.5138e-05 -5.3329e-05 -5.0966e-05 -4.8058e-05 -4.4634e-05 -4.0750e-05 -3.6491e-05 -3.1966e-05 -2.7311e-05 -2.2679e-05 -1.8230e-05 -1.4119e-05 -1.0479e-05 -7.4057e-06 -4.9465e-06 -3.0955e-06 -1.7964e-06 -9.5503e-07 -4.5850e-07 -1.9540e-07 -7.2426e-08 -2.2782e-08 -5.9045e-09 -1.2166e-09 -1.9084e-10 -2.1610e-11 -1.6552e-12 -7.9118e-14 -2.1356e-15 -2.8722e-17 -1.6441e-19 -3.2795e-22 -1.7649e-25 -1.8424e-29 -2.4272e-34 -2.2937e-40 -7.3362e-48 -2.8926e-57 -3.5533e-69 -2.0352e-84 -3.7903e-104 -5.1505e-130 -2.0559e-164 -6.7677e-211 -7.4816e-275 -0.0000e+00 -0.0000e+00 -0.0000e+00 -0.0000e+00 -0.0000e+00 -0.0000e+00 -0.0000e+00 -0.0000e+00 -0.0000e+00 -0.0000e+00 -0.0000e+00 -0.0000e+00 -0.0000e+00 -0.0000e+00 -2.5130e-07 -7.1131e-07 -1.3083e-06 -2.0177e-06 -2.8258e-06 -3.7243e-06 -4.7074e-06 -5.7711e-06 -6.9129e-06 -8.1307e-06 -9.4232e-06 0.0000e+00 -1.2229e-05 -1.3740e-05 -1.5324e-05 -1.6978e-05 -1.8702e-05 -2.0495e-05 -2.2355e-05 -2.4279e-05 -2.6263e-05 -2.8304e-05 -3.0395e-05 -3.2529e-05 -3.4697e-05 -3.6890e-05 -3.9092e-05 -4.1289e-05 -4.3463e-05 -4.5591e-05 -4.7648e-05 -4.9606e-05 -5.1432e-05 -5.3089e-05 -5.4539e-05 -5.5737e-05 -5.6638e-05 -5.7193e-05 -5.7356e-05 -5.7079e-05 -5.6319e-05 -5.5042e-05 -5.3223e-05 -5.0852e-05 -4.7935e-05 -4.4505e-05 -4.0617e-05 -3.6355e-05 -3.1832e-05 -2.7181e-05 -2.2557e-05 -1.8119e-05 -1.4022e-05 -1.0398e-05 -7.3404e-06 -4.8971e-06 -3.0604e-06 -1.7733e-06 -9.4111e-07 -4.5091e-07 -1.9173e-07 -7.0876e-08 -2.2227e-08 -5.7404e-09 -1.1780e-09 -1.8392e-10 -2.0713e-11 -1.5764e-12 -7.4794e-14 -2.0014e-15 -2.6644e-17 -1.5069e-19 -2.9635e-22 -1.5684e-25 -1.6049e-29 -2.0651e-34 -1.8975e-40 -5.8695e-48 -2.2241e-57 -2.6059e-69 -1.4111e-84 -2.4593e-104 -3.0908e-130 -1.1262e-164 -3.3357e-211 -3.2671e-275 -0.0000e+00 -0.0000e+00 -0.0000e+00 -0.0000e+00 -0.0000e+00 -0.0000e+00 -0.0000e+00 -0.0000e+00 -0.0000e+00 -0.0000e+00 -0.0000e+00 -0.0000e+00 -0.0000e+00 -0.0000e+00
-2.8483e-07 -8.0619e-07 -1.4829e-06 -2.2868e-06 -3.2028e-06 -4.2211e-06 -5.3353e-06 -6.5410e-06 -7.8350e-06 -9.2153e-06 -1.0680e-05 -1.2229e-05 8.8977e-04 -1.5573e-05 -1.7368e-05 -1.9243e-05 -2.1198e-05 -2.3231e-05 -2.5339e-05 -2.7520e-05 -2.9770e-05 -3.2083e-05 -3.4454e-05 -3.6875e-05 -3.9335e-05 -4.1822e-05 -4.4321e-05 -4.6815e-05 -4.9282e-05 -5.1699e-05 -5.4036e-05 -5.6262e-05 -5.8340e-05 -6.0228e-05 -6.1881e-05 -6.3251e-05 -6.4284e-05 -6.4928e-05 -6.5128e-05 -6.4830e-05 -6.3987e-05 -6.2557e-05 -6.0512e-05 -5.7840e-05 -5.4549e-05 -5.0673e-05 -4.6275e-05 -4.1448e-05 -3.6319e-05 -3.1040e-05 -2.5785e-05 -2.0736e-05 -1.6067e-05 -1.1931e-05 -8.4369e-06 -5.6391e-06 -3.5317e-06 -2.0513e-06 -1.0917e-06 -5.2471e-07 -2.2391e-07 -8.3119e-08 -2.6191e-08 -6.8016e-09 -1.4047e-09 -2.2092e-10 -2.5094e-11 -1.9289e-12 -9.2584e-14 -2.5111e-15 -3.3962e-17 -1.9568e-19 -3.9332e-22 -2.1357e-25 -2.2528e-29 -3.0045e-34 -2.8801e-40 -9.3667e-48 -3.7659e-57 -4.7322e-69 -2.7830e-84 -5.3443e-104 -7.5254e-130 -3.1309e-164 -1.0819e-210 -1.2666e-274 -0.0000e+00 -0.0000e+00 -0.0000e+00 -0.0000e+00 -0.0000e+00 -0.0000e+00 -0.0000e+00 -0.0000e+00 -0.0000e+00 -0.0000e+00 -0.0000e+00 -0.0000e+00 -0.0000e+00 -0.0000e+00 -2.8483e-07 -8.0619e-07 -1.4829e-06 -2.2868e-06 -3.2028e-06 -4.2211e-06 -5.3353e-06 -6.5410e-06 -7.8350e-06 -9.2152e-06 -1.0680e-05 -1.2229e-05 0.0000e+00 -1.5573e-05 -1.7368e-05 -1.9243e-05 -2.1197e-05 -2.3230e-05 -2.5337e-05 -2.7518e-05 -2.9767e-05 -3.2080e-05 -3.4450e-05 -3.6869e-05 -3.9327e-05 -4.1812e-05 -4.4308e-05 -4.6799e-05 -4.9263e-05 -5.1675e-05 -5.4008e-05 -5.6228e-05 -5.8298e-05 -6.0178e-05 -6.1822e-05 -6.3182e-05 -6.4204e-05 -6.4836e-05 -6.5022e-05 -6.4709e-05 -6.3851e-05 -6.2406e-05 -6.0346e-05 -5.7660e-05 -5.4356e-05 -5.0470e-05 -4.6064e-05 -4.1235e-05 -3.6107e-05 -3.0836e-05 -2.5593e-05 -2.0561e-05 -1.5914e-05 -1.1803e-05 -8.3339e-06 -5.5612e-06 -3.4764e-06 -2.0149e-06 -1.0697e-06 -5.1274e-07 -2.1811e-07 -8.0672e-08 -2.5314e-08 -6.5423e-09 -1.3437e-09 -2.0998e-10 -2.3674e-11 -1.8041e-12 -8.5727e-14 -2.2980e-15 -3.0658e-17 -1.7383e-19 -3.4289e-22 -1.8212e-25 -1.8718e-29 -2.4213e-34 -2.2391e-40 -6.9809e-48 -2.6710e-57 -3.1673e-69 -1.7410e-84 -3.0915e-104 -3.9780e-130 -1.4932e-164 -4.5932e-211 -4.7209e-275 -0.0000e+00 -0.0000e+00 -0.0000e+00 -0.0000e+00 -0.0000e+00 -0.0000e+00 -0.0000e+00 -0.0000e+00 -0.0000e+00 -0.0000e+00 -0.0000e+00 -0.0000e+00 -0.0000e+00 -0.0000e+00
-3.2003e-07 -9.0585e-07 -1.6662e-06 -2.5695e-06 -3.5987e-06 -4.7429e-06 -5.9948e-06 -7.3495e-06 -8.8036e-06 -1.0354e-05 -1.2000e-05 -1.3740e-05 -1.5573e-05 1.2075e-03 -1.9515e-05 -2.1623e-05 -2.3819e-05 -2.6103e-05 -2.8472e-05 -3.0923e-05 -3.3451e-05 -3.6051e-05 -3.8716e-05 -4.1437e-05 -4.4202e-05 -4.6997e-05 -4.9807e-05 -5.2611e-05 -5.5386e-05 -5.8104e-05 -6.0733e-05 -6.3238e-05 -6.5576e-05 -6.7702e-05 -6.9566e-05 -7.1111e-05 -7.2279e-05 -7.3010e-05 -7.3243e-05 -7.2917e-05 -7.1978e-05 -7.0381e-05 -6.8093e-05 -6.5099e-05 -6.1409e-05 -5.7059e-05 -5.2121e-05 -4.6700e-05 -4.0936e-05 -3.5000e-05 -2.9088e-05 -2.3404e-05 -1.8146e-05 -1.3484e-05 -9.5421e-06 -6.3833e-06 -4.0017e-06 -2.3269e-06 -1.2399e-06 -5.9682e-07 -2.5511e-07 -9.4880e-08 -2.9962e-08 -7.8003e-09 -1.6156e-09 -2.5493e-10 -2.9067e-11 -2.2441e-12 -1.0826e-13 -2.9536e-15 -4.0219e-17 -2.3356e-19 -4.7375e-22 -2.5998e-25 -2.7760e-29 -3.7549e-34 -3.6586e-40 -1.2125e-47 -4.9817e-57 -6.4181e-69 -3.8842e-84 -7.7087e-104 -1.1275e-129 -4.9020e-164 -1.7835e-210 -2.2199e-274 -0.0000e+00 -0.0000e+00 -0.0000e+00 -0.0000e+00 -0.0000e+00 -0.0000e+00 -0.0000e+00 -0.0000e+00 -0.0000e+00 -0.0000e+00 -0.0000e+00 -0.0000e+00 -0.0000e+00 -0.0000e+00 -3.2003e-07 -9.0585e-07 -1.6662e-06 -2.5695e-06 -3.5987e-06 -4.7429e-06 -5.9948e-06 -7.3495e-06 -8.8035e-06 -1.0354e-05 -1.2000e-05 -1.3740e-05 -1.5573e-05 0.0000e+00 -1.9515e-05 -2.1622e-05 -2.3818e-05 -2.6101e-05 -2.8470e-05 -3.0920e-05 -3.3447e-05 -3.6046e-05 -3.8709e-05 -4.1427e-05 -4.4190e-05 -4.6982e-05 -4.9788e-05 -5.2587e-05 -5.5356e-05 -5.8068e-05 -6.0689e-05 -6.3185e-05 -6.5513e-05 -6.7627e-05 -6.9476e-05 -7.1006e-05 -7.2157e-05 -7.2869e-05 -7.3080e-05 -7.2732e-05 -7.1771e-05 -7.0150e-05 -6.7839e-05 -6.4824e-05 -6.1114e-05 -5.6749e-05 -5.1801e-05 -4.6375e-05 -4.0613e-05 -3.4688e-05 -2.8795e-05 -2.3137e-05 -1.7912e-05 -1.3287e-05 -9.3848e-06 -6.2643e-06 -3.9172e-06 -2.2713e-06 -1.2064e-06 -5.7852e-07 -2.4624e-07 -9.1136e-08 -2.8619e-08 -7.4032e-09 -1.5221e-09 -2.3814e-10 -2.6886e-11 -2.0522e-12 -9.7706e-14 -2.6251e-15 -3.5115e-17 -1.9974e-19 -3.9548e-22 -2.1101e-25 -2.1806e-29 -2.8393e-34 -2.6467e-40 -8.3325e-48 -3.2264e-57 -3.8825e-69 -2.1732e-84 -3.9468e-104 -5.2230e-130 -2.0305e-164 -6.5266e-211 -7.0895e-275 -0.0000e+00 -0.0000e+00 -0.0000e+00 -0.0000e+00 -0.0000e+00 -0.0000e+00 -0.0000e+00 -0.0000e+00 -0.0000e+00 -0.0000e+00 -0.0000e+00 -0.0000e+00 -0.0000e+00 -0.0000e+00
-3.5691e-07 -1.0102e-06 -1.8582e-06 -2.8656e-06 -4.0134e-06 -5.2894e-06 -6.6856e-06 -8.1965e-06 -9.8181e-06 -1.1548e-05 -1.3383e-05 -1.5324e-05 -1.7368e-05 -1.9515e-05 1.6065e-03 -2.4115e-05 -2.6565e-05 -2.9112e-05 -3.1754e-05 -3.4488e-05 -3.7308e-05 -4.0209e-05 -4.3182e-05 -4.6217e-05 -4.9302e-05 -5.2421e-05 -5.5557e-05 -5.8687e-05 -6.1784e-05 -6.4819e-05 -6.7756e-05 -7.0554e-05 -7.3168e-05 -7.5546e-05 -7.7631e-05 -7.9363e-05 -8.0676e-05 -8.1502e-05 -8.1773e-05 -8.1421e-05 -8.0387e-05 -7.8619e-05 -7.6080e-05 -7.2753e-05 -6.8648e-05 -6.3806e-05 -5.8305e-05 -5.2262e-05 -4.5832e-05 -3.9206e-05 -3.2603e-05 -2.6249e-05 -2.0367e-05 -1.5147e-05 -1.0729e-05 -7.1851e-06 -4.5098e-06 -2.6260e-06 -1.4015e-06 -6.7582e-07 -2.8947e-07 -1.0791e-07 -3.4168e-08 -8.9225e-09 -1.8545e-09 -2.9381e-10 -3.3654e-11 -2.6120e-12 -1.2677e-13 -3.4828e-15 -4.7807e-17 -2.8019e-19 -5.7437e-22 -3.1903e-25 -3.4542e-29 -4.7471e-34 -4.7101e-40 -1.5936e-47 -6.7035e-57 -8.8711e-69 -5.5352e-84 -1.1376e-103 -1.7321e-129 -7.8907e-164 -3.0329e-210 -4.0309e-274 -0.0000e+00 -0.0000e+00 -0.0000e+00 -0.0000e+00 -0.0000e+00 -0.0000e+00 -0.0000e+00 -0.0000e+00 -0.0000e+00 -0.0000e+00 -0.0000e+00 -0.0000e+00 -0.0000e+00 -0.0000e+00 -3.5691e-07 -1.0102e-06 -1.8582e-06 -2.8656e-06 -4.0134e-06 -5.2894e-06 -6.6856e-06 -8.1964e-06 -9.8180e-06 -1.1548e-05 -1.3383e-05 -1.5324e-05 -1.7368e-05 -1.9515e-05 0.0000e+00 -2.4113e-05 -2.6563e-05 -2.9109e-05 -3.1751e-05 -3.4483e-05 -3.7302e-05 -4.0201e-05 -4.3171e-05 -4.6203e-05 -4.9284e-05 -5.2399e-05 -5.5529e-05 -5.8652e-05 -6.1741e-05 -6.4766e-05 -6.7691e-05 -7.0476e-05 -7.3074e-05 -7.5434e-05 -7.7499e-05 -7.9207e-05 -8.0494e-05 -8.1292e-05 -8.1532e-05 -8.1148e-05 -8.0080e-05 -7.8277e-05 -7.5703e-05 -7.2345e-05 -6.8211e-05 -6.3346e-05 -5.7829e-05 -5.1779e-05 -4.5353e-05 -3.8743e-05 -3.2167e-05 -2.5853e-05 -2.0019e-05 -1.4855e-05 -1.0495e-05 -7.0081e-06 -4.3842e-06 -2.5433e-06 -1.3516e-06 -6.4857e-07 -2.7625e-07 -1.0233e-07 -3.2165e-08 -8.3297e-09 -1.7148e-09 -2.6869e-10 -3.0388e-11 -2.3243e-12 -1.1092e-13 -2.9885e-15 -4.0109e-17 -2.2905e-19 -4.5564e-22 -2.4447e-25 -2.5433e-29 -3.3383e-34 -3.1423e-40 -1.0010e-47 -3.9320e-57 -4.8152e-69 -2.7538e-84 -5.1352e-104 -7.0207e-130 -2.8415e-164 -9.6010e-211 -1.1098e-274 -0.0000e+00 -0.0000e+00 -0.0000e+00 -0.0000e+00 -0.0000e+00 -0.0000e+00 -0.0000e+00 -0.0000e+00 -0.0000e+00 -0.0000e+00 -0.0000e+00 -0.0000e+00 -0.0000e+00 -0.0000e+00
-3.9545e-07 -1.1193e-06 -2.0588e-06 -3.1750e-06 -4.4467e-06 -5.8605e-06 -7.4074e-06 -9.0814e-06 -1.0878e-05 -1.2794e-05 -1.4828e-05 -1.6978e-05 -1.9243e-05 -2.1623e-05 -2.4115e-05 2.1012e-03 -2.9433e-05 -3.2256e-05 -3.5184e-05 -3.8214e-05 -4.1339e-05 -4.4554e-05 -4.7849e-05 -5.1214e-05 -5.4634e-05 -5.8092e-05 -6.1569e-05 -6.5040e-05 -6.8477e-05 -7.1844e-05 -7.5104e-05 -7.8211e-05 -8.1115e-05 -8.3759e-05 -8.6081e-05 -8.8011e-05 -8.9479e-05 -9.0409e-05 -9.0724e-05 -9.0352e-05 -8.9223e-05 -8.7282e-05 -8.4486e-05 -8.0816e-05 -7.6283e-05 -7.0931e-05 -6.4844e-05 -5.8152e-05 -5.1026e-05 -4.3677e-05 -3.6346e-05 -2.9287e-05 -2.2744e-05 -1.6932e-05 -1.2008e-05 -8.0521e-06 -5.0616e-06 -2.9523e-06 -1.5787e-06 -7.6291e-07 -3.2758e-07 -1.2246e-07 -3.8901e-08 -1.0196e-08 -2.1280e-09 -3.3875e-10 -3.9014e-11 -3.0469e-12 -1.4894e-13 -4.1249e-15 -5.7145e-17 -3.3846e-19 -7.0216e-22 -3.9535e-25 -4.3469e-29 -6.0790e-34 -6.1517e-40 -2.1282e-47 -9.1802e-57 -1.2499e-68 -8.0550e-84 -1.7177e-103 -2.7289e-129 -1.3064e-163 -5.3246e-210 -7.5931e-274 -0.0000e+00 -0.0000e+00 -0.0000e+00 -0.0000e+00 -0.0000e+00 -0.0000e+00 -0.0000e+00 -0.0000e+00 -0.0000e+00 -0.0000e+00 -0.0000e+00 -0.0000e+00 -0.0000e+00 -0.0000e+00 -3.9545e-07 -1.1193e-06 -2.0588e-06 -3.1750e-06 -4.4467e-06 -5.8605e-06 -7.4074e-06 -9.0814e-06 -1.0878e-05 -1.2794e-05 -1.4828e-05 -1.6978e-05 -1.9243e-05 -2.1622e-05 -2.4113e-05 0.0000e+00 -2.9431e-05 -3.2253e-05 -3.5179e-05 -3.8207e-05 -4.1330e-05 -4.4542e-05 -4.7834e-05 -5.1194e-05 -5.4608e-05 -5.8060e-05 -6.1529e-05 -6.4990e-05 -6.8414e-05 -7.1767e-05 -7.5010e-05 -7.8098e-05 -8.0979e-05 -8.3597e-05 -8.5888e-05 -8.7785e-05 -8.9216e-05 -9.0104e-05 -9.0375e-05 -8.9955e-05 -8.8778e-05 -8.6786e-05 -8.3941e-05 -8.0225e-05 -7.5650e-05 -7.0264e-05 -6.4154e-05 -5.7451e-05 -5.0331e-05 -4.3005e-05 -3.5714e-05 -2.8712e-05 -2.2240e-05 -1.6508e-05 -1.1668e-05 -7.7950e-06 -4.8790e-06 -2.8320e-06 -1.5060e-06 -7.2325e-07 -3.0834e-07 -1.1433e-07 -3.5981e-08 -9.3305e-09 -1.9238e-09 -3.0200e-10 -3.4229e-11 -2.6246e-12 -1.2562e-13 -3.3962e-15 -4.5766e-17 -2.6260e-19 -5.2536e-22 -2.8379e-25 -2.9762e-29 -3.9445e-34 -3.7562e-40 -1.2134e-47 -4.8476e-57 -6.0596e-69 -3.5529e-84 -6.8295e-104 -9.6896e-130 -4.1037e-164 -1.4659e-210 -1.8149e-274 -0.0000e+00 -0.0000e+00 -0.0000e+00 -0.0000e+00 -0.0000e+00 -0.0000e+00 -0.0000e+00 -0.0000e+00 -0.0000e+00 -0.0000e+00 -0.0000e+00 -0.0000e+00 -0.0000e+00 -0.0000e+00
