2.6596e-04 -2.0765e-04 -2.4702e-04 -2.7381e-04 -2.9043e-04 -2.9825e-04 -2.9838e-04 -2.9187e-04 -2.7977e-04 -2.6319e-04 -2.4321e-04 -2.2090e-04 -1.9729e-04 -1.7329e-04 -1.4971e-04 -1.2720e-04 -1.0627e-04 -8.7288e-05 -7.0462e-05 -5.5880e-05 -4.3517e-05 -3.3262e-05 -2.4939e-05 -1.8329e-05 -1.3196e-05 -9.2992e-06 -6.4087e-06 -4.3153e-06 -2.8360e-06 -1.8172e-06 -1.1339e-06 -6.8804e-07 -4.0545e-07 -2.3167e-07 -1.2814e-07 -6.8490e-08 -3.5302e-08 -1.7511e-08 -8.3393e-09 -3.8036e-09 -1.6569e-09 -6.8736e-10 -2.7065e-10 -1.0080e-10 -3.5372e-11 -1.1646e-11 -3.5809e-12 -1.0231e-12 -2.7011e-13 -6.5492e-14 -1.4486e-14 -2.9010e-15 -5.2171e-16 -8.3489e-17 -1.1769e-17 -1.4448e-18 -1.5256e-19 -1.3660e-20 -1.0209e-21 -6.2566e-23 -3.0819e-24 -1.1929e-25 -3.5361e-27 -7.7972e-29 -1.2370e-30 -1.3591e-32 -9.8976e-35 -4.5421e-37 -1.2386e-39 -1.8748e-42 -1.4540e-45 -5.2607e-49 -7.9464e-53 -4.3918e-57 -7.5844e-62 -3.3843e-67 -3.0985e-73 -4.3918e-80 -6.8093e-88 -7.4977e-97 -3.4075e-107 -3.2081e-119 -2.5795e-133 -5.5841e-150 -7.0726e-170 -6.7338e-194 -2.8997e-223 -1.1067e-259 -1.3329e-305 0.0000e+00 0.0000e+00 0.0000e+00 0.0000e+00 0.0000e+00 0.0000e+00 0.0000e+00 0.0000e+00 0.0000e+00 0.0000e+00 0.0000e+00 0.0000e+00 2.0759e-04 2.4685e-04 2.7349e-04 2.8989e-04 2.9746e-04 2.9731e-04 2.9049e-04 2.7810e-04 2.6124e-04 2.4103e-04 2.1854e-04 1.9481e-04 1.7076e-04 1.4719e-04 1.2475e-04 1.0396e-04 8.5151e-05 6.8533e-05 5.4178e-05 4.2050e-05 3.2026e-05 2.3921e-05 1.7511e-05 1.2554e-05 8.8069e-06 6.0409e-06 4.0474e-06 2.6461e-06 1.6862e-06 1.0460e-06 6.3088e-07 3.6939e-07 2.0965e-07 1.1515e-07 6.1086e-08 3.1241e-08 1.5370e-08 7.2569e-09 3.2801e-09 1.4154e-09 5.8130e-10 2.2650e-10 8.3431e-11 2.8939e-11 9.4124e-12 2.8572e-12 8.0538e-13 2.0962e-13 5.0070e-14 1.0901e-14 2.1470e-15 3.7940e-16 5.9598e-17 8.2379e-18 9.9063e-19 1.0233e-19 8.9521e-21 6.5280e-22 3.8976e-23 1.8675e-24 7.0184e-26 2.0163e-27 4.3000e-29 6.5830e-31 6.9628e-33 4.8685e-35 2.1389e-37 5.5660e-40 8.0108e-43 5.8848e-46 2.0079e-49 2.8461e-53 1.4680e-57 2.3512e-62 9.6607e-68 8.0776e-74 1.0355e-80 1.4355e-88 1.3939e-97 5.4924e-108 4.3878e-120 2.9102e-134 4.9976e-151 4.7378e-171 3.0634e-195 7.3155e-225 7.1160e-262 -1.4200e-307 0.0000e+00 0.0000e+00 0.0000e+00 0.0000e+00 0.0000e+00 0.0000e+00 0.0000e+00 0.0000e+00 0.0000e+00 0.0000e+00 0.0000e+00
-2.0765e-04 1.0641e-03 -3.4390e-04 -3.8179e-04 -4.0575e-04 -4.1769e-04 -4.1907e-04 -4.1129e-04 -3.9573e-04 -3.7383e-04 -3.4706e-04 -3.1684e-04 -2.8455e-04 -2.5145e-04 -2.1863e-04 -1.8705e-04 -1.5744e-04 -1.3033e-04 -1.0609e-04 -8.4879e-05 -6.6717e-05 -5.1495e-05 -3.9007e-05 -2.8979e-05 -2.1099e-05 -1.5044e-05 -1.0496e-05 -7.1584e-06 -4.7676e-06 -3.0975e-06 -1.9607e-06 -1.2076e-06 -7.2276e-07 -4.1966e-07 -2.3602e-07 -1.2834e-07 -6.7338e-08 -3.4023e-08 -1.6515e-08 -7.6821e-09 -3.4153e-09 -1.4468e-09 -5.8220e-10 -2.2174e-10 -7.9630e-11 -2.6850e-11 -8.4618e-12 -2.4799e-12 -6.7210e-13 -1.6743e-13 -3.8082e-14 -7.8497e-15 -1.4544e-15 -2.4002e-16 -3.4926e-17 -4.4312e-18 -4.8407e-19 -4.4895e-20 -3.4799e-21 -2.2148e-22 -1.1346e-23 -4.5736e-25 -1.4143e-26 -3.2587e-28 -5.4119e-30 -6.2369e-32 -4.7744e-34 -2.3084e-36 -6.6490e-39 -1.0659e-41 -8.7822e-45 -3.3869e-48 -5.4732e-52 -3.2496e-56 -6.0565e-61 -2.9317e-66 -2.9291e-72 -4.5605e-79 -7.8267e-87 -9.6232e-96 -4.9333e-106 -5.3015e-118 -4.9335e-132 -1.2565e-148 -1.9095e-168 -2.2336e-192 -1.2164e-221 -6.0843e-258 -1.0045e-303 0.0000e+00 0.0000e+00 0.0000e+00 0.0000e+00 0.0000e+00 0.0000e+00 0.0000e+00 0.0000e+00 0.0000e+00 0.0000e+00 0.0000e+00 2.0759e-04 0.0000e+00 3.4299e-04 3.8000e-04 4.0279e-04 4.1330e-04 4.1309e-04 4.0362e-04 3.8641e-04 3.6298e-04 3.3489e-04 3.0365e-04 2.7067e-04 2.3725e-04 2.0450e-04 1.7333e-04 1.4443e-04 1.1830e-04 9.5210e-05 7.5265e-05 5.8415e-05 4.4488e-05 3.3227e-05 2.4322e-05 1.7435e-05 1.2231e-05 8.3886e-06 5.6198e-06 3.6737e-06 2.3407e-06 1.4518e-06 8.7545e-07 5.1249e-07 2.9080e-07 1.5967e-07 8.4682e-08 4.3294e-08 2.1291e-08 1.0048e-08 4.5395e-09 1.9577e-09 8.0352e-10 3.1286e-10 1.1515e-10 3.9902e-11 1.2964e-11 3.9306e-12 1.1064e-12 2.8753e-13 6.8554e-14 1.4895e-14 2.9267e-15 5.1578e-16 8.0770e-17 1.1125e-17 1.3322e-18 1.3696e-19 1.1915e-20 8.6323e-22 5.1149e-23 2.4288e-24 9.0318e-26 2.5622e-27 5.3821e-29 8.0906e-31 8.3694e-33 5.6944e-35 2.4181e-37 6.0285e-40 8.2114e-43 5.6108e-46 1.7355e-49 2.1415e-53 8.9576e-58 1.0044e-62 1.8204e-68 -1.0353e-74 -5.7563e-81 -1.6457e-88 -2.7643e-97 -1.7608e-107 -2.2215e-119 -2.3354e-133 -6.5303e-150 -1.0653e-169 -1.3126e-193 -7.4068e-223 -3.7816e-259 -6.2823e-305 0.0000e+00 0.0000e+00 0.0000e+00 0.0000e+00 0.0000e+00 0.0000e+00 0.0000e+00 0.0000e+00 0.0000e+00 0.0000e+00 0.0000e+00
-2.4702e-04 -3.4390e-04 2.3950e-03 -4.5667e-04 -4.8692e-04 -5.0325e-04 -5.0730e-04 -5.0056e-04 -4.8457e-04 -4.6086e-04 -4.3105e-04 -3.9671e-04 -3.5940e-04 -3.2057e-04 -2.8152e-04 -2.4341e-04 -2.0716e-04 -1.7351e-04 -1.4297e-04 -1.1586e-04 -9.2284e-05 -7.2217e-05 -5.5489e-05 -4.1835e-05 -3.0926e-05 -2.2398e-05 -1.5880e-05 -1.1010e-05 -7.4575e-06 -4.9295e-06 -3.1759e-06 -1.9918e-06 -1.2142e-06 -7.1838e-07 -4.1183e-07 -2.2835e-07 -1.2222e-07 -6.3013e-08 -3.1223e-08 -1.4832e-08 -6.7364e-09 -2.9165e-09 -1.1999e-09 -4.6742e-10 -1.7176e-10 -5.9289e-11 -1.9137e-11 -5.7468e-12 -1.5968e-12 -4.0806e-13 -9.5262e-14 -2.0167e-14 -3.8402e-15 -6.5181e-16 -9.7625e-17 -1.2759e-17 -1.4371e-18 -1.3756e-19 -1.1016e-20 -7.2522e-22 -3.8475e-23 -1.6085e-24 -5.1658e-26 -1.2382e-27 -2.1429e-29 -2.5785e-31 -2.0654e-33 -1.0474e-35 -3.1723e-38 -5.3628e-41 -4.6745e-44 -1.9138e-47 -3.2962e-51 -2.0950e-55 -4.2002e-60 -2.1993e-65 -2.3916e-71 -4.0818e-78 -7.7408e-86 -1.0615e-94 -6.1337e-105 -7.5222e-117 -8.1046e-131 -2.4308e-147 -4.4392e-167 -6.3936e-191 -4.4156e-220 -2.9049e-256 -6.6019e-302 0.0000e+00 0.0000e+00 0.0000e+00 0.0000e+00 0.0000e+00 0.0000e+00 0.0000e+00 0.0000e+00 0.0000e+00 0.0000e+00 0.0000e+00 2.4685e-04 3.4299e-04 0.0000e+00 4.5188e-04 4.7898e-04 4.9148e-04 4.9122e-04 4.7996e-04 4.5948e-04 4.3162e-04 3.9821e-04 3.6105e-04 3.2183e-04 2.8209e-04 2.4313e-04 2.0606e-04 1.7170e-04 1.4062e-04 1.1316e-04 8.9441e-05 6.9406e-05 5.2848e-05 3.9463e-05 2.8879e-05 2.0696e-05 1.4513e-05 9.9496e-06 6.6624e-06 4.3529e-06 2.7717e-06 1.7179e-06 1.0350e-06 6.0534e-07 3.4312e-07 1.8816e-07 9.9651e-08 5.0864e-08 2.4968e-08 1.1758e-08 5.2992e-09 2.2790e-09 9.3244e-10 3.6174e-10 1.3258e-10 4.5723e-11 1.4773e-11 4.4507e-12 1.2436e-12 3.2040e-13 7.5634e-14 1.6242e-14 3.1479e-15 5.4584e-16 8.3850e-17 1.1286e-17 1.3146e-18 1.3066e-19 1.0904e-20 7.5000e-22 4.1597e-23 1.8121e-24 6.0004e-26 1.4451e-27 2.3660e-29 2.2942e-31 7.1311e-34 -9.7340e-36 -1.2286e-37 -5.8011e-40 -1.3077e-42 -1.4034e-45 -6.7376e-49 -1.3162e-52 -9.2603e-57 -2.0170e-61 -1.1302e-66 -1.2988e-72 -2.3176e-79 -4.5522e-87 -6.4106e-96 -3.7748e-106 -4.6830e-118 -5.0684e-132 -1.5167e-148 -2.7445e-168 -3.8899e-192 -2.6247e-221 -1.6743e-257 -3.6594e-303 0.0000e+00 0.0000e+00 0.0000e+00 0.0000e+00 0.0000e+00 0.0000e+00 0.0000e+00 0.0000e+00 0.0000e+00 0.0000e+00 0.0000e+00
-2.7381e-04 -3.8179e-04 -4.5667e-04 4.2599e-03 -5.4636e-04 -5.6780e-04 -5.7605e-04 -5.7258e-04 -5.5884e-04 -5.3631e-04 -5.0654e-04 -4.7112e-04 -4.3163e-04 -3.8959e-04 -3.4643e-04 -3.0346e-04 -2.6179e-04 -2.2237e-04 -1.8591e-04 -1.5291e-04 -1.2367e-04 -9.8297e-05 -7.6739e-05 -5.8800e-05 -4.4189e-05 -3.2543e-05 -2.3465e-05 -1.6550e-05 -1.1407e-05 -7.6731e-06 -5.0319e-06 -3.2127e-06 -1.9943e-06 -1.2017e-06 -7.0172e-07 -3.9641e-07 -2.1621e-07 -1.1362e-07 -5.7400e-08 -2.7806e-08 -1.2882e-08 -5.6909e-09 -2.3897e-09 -9.5049e-10 -3.5675e-10 -1.2583e-10 -4.1520e-11 -1.2753e-11 -3.6260e-12 -9.4873e-13 -2.2691e-13 -4.9247e-14 -9.6204e-15 -1.6765e-15 -2.5801e-16 -3.4682e-17 -4.0216e-18 -3.9672e-19 -3.2779e-20 -2.2292e-21 -1.2234e-22 -5.2984e-24 -1.7657e-25 -4.3989e-27 -7.9282e-29 -9.9553e-31 -8.3402e-33 -4.4343e-35 -1.4120e-37 -2.5170e-40 -2.3210e-43 -1.0090e-46 -1.8527e-50 -1.2610e-54 -2.7209e-59 -1.5420e-64 -1.8265e-70 -3.4201e-77 -7.1740e-85 -1.0983e-93 -7.1627e-104 -1.0038e-115 -1.2540e-129 -4.4364e-146 -9.7533e-166 -1.7330e-189 -1.5211e-218 -1.3192e-254 -4.1378e-300 0.0000e+00 0.0000e+00 0.0000e+00 0.0000e+00 0.0000e+00 0.0000e+00 0.0000e+00 0.0000e+00 0.0000e+00 0.0000e+00 0.0000e+00 2.7349e-04 3.8000e-04 4.5188e-04 0.0000e+00 5.3066e-04 5.4450e-04 5.4421e-04 5.3173e-04 5.0903e-04 4.7815e-04 4.4111e-04 3.9993e-04 3.5646e-04 3.1240e-04 2.6922e-04 2.2813e-04 1.9005e-04 1.5561e-04 1.2518e-04 9.8908e-05 7.6718e-05 5.8385e-05 4.3570e-05 3.1861e-05 2.2813e-05 1.5981e-05 1.0944e-05 7.3181e-06 4.7737e-06 3.0340e-06 1.8765e-06 1.1278e-06 6.5773e-07 3.7159e-07 2.0300e-07 1.0704e-07 5.4357e-08 2.6525e-08 1.2406e-08 5.5468e-09 2.3634e-09 9.5647e-10 3.6634e-10 1.3225e-10 4.4802e-11 1.4170e-11 4.1608e-12 1.1270e-12 2.7951e-13 6.2930e-14 1.2730e-14 2.2842e-15 3.5751e-16 4.7656e-17 5.2030e-18 4.2891e-19 2.0182e-20 -7.4998e-22 -2.7440e-22 -3.2176e-23 -2.4577e-24 -1.3430e-25 -5.3354e-27 -1.5268e-28 -3.0787e-30 -4.2405e-32 -3.8370e-34 -2.1761e-36 -7.3150e-39 -1.3645e-41 -1.3066e-44 -5.8589e-48 -1.1030e-51 -7.6544e-56 -1.6756e-60 -9.5871e-66 -1.1413e-71 -2.1384e-78 -4.4695e-86 -6.7894e-95 -4.3746e-105 -6.0313e-117 -7.3800e-131 -2.5456e-147 -5.4300e-167 -9.3128e-191 -7.8456e-220 -6.4906e-256 -1.9285e-301 0.0000e+00 0.0000e+00 0.0000e+00 0.0000e+00 0.0000e+00 0.0000e+00 0.0000e+00 0.0000e+00 0.0000e+00 0.0000e+00 0.0000e+00
-2.9043e-04 -4.0575e-04 -4.8692e-04 -5.4636e-04 6.6604e-03 -6.1593e-04 -6.2992e-04 -6.3181e-04 -6.2284e-04 -6.0426e-04 -5.7741e-04 -5.4372e-04 -5.0466e-04 -4.6172e-04 -4.1639e-04 -3.7005e-04 -3.2402e-04 -2.7942e-04 -2.3723e-04 -1.9819e-04 -1.6285e-04 -1.3152e-04 -1.0434e-04 -8.1257e-05 -6.2069e-05 -4.6466e-05 -3.4061e-05 -2.4425e-05 -1.7116e-05 -1.1708e-05 -7.8085e-06 -5.0707e-06 -3.2017e-06 -1.9627e-06 -1.1662e-06 -6.7046e-07 -3.7223e-07 -1.9916e-07 -1.0246e-07 -5.0558e-08 -2.3866e-08 -1.0746e-08 -4.6010e-09 -1.8667e-09 -7.1498e-10 -2.5746e-10 -8.6772e-11 -2.7237e-11 -7.9191e-12 -2.1201e-12 -5.1917e-13 -1.1545e-13 -2.3127e-14 -4.1359e-15 -6.5384e-16 -9.0367e-17 -1.0785e-17 -1.0963e-18 -9.3448e-20 -6.5647e-21 -3.7268e-22 -1.6722e-23 -5.7827e-25 -1.4977e-26 -2.8116e-28 -3.6851e-30 -3.2298e-32 -1.8011e-34 -6.0316e-37 -1.1342e-39 -1.1070e-42 -5.1122e-46 -1.0013e-49 -7.3020e-54 -1.6969e-58 -1.0416e-63 -1.3448e-69 -2.7647e-76 -6.4199e-84 -1.0983e-92 -8.0912e-103 -1.2971e-114 -1.8809e-128 -7.8582e-145 -2.0824e-164 -4.5708e-188 -5.1063e-217 -5.8479e-253 -2.5360e-298 0.0000e+00 0.0000e+00 0.0000e+00 0.0000e+00 0.0000e+00 0.0000e+00 0.0000e+00 0.0000e+00 0.0000e+00 0.0000e+00 0.0000e+00 2.8989e-04 4.0279e-04 4.7898e-04 5.3066e-04 0.0000e+00 5.7714e-04 5.7682e-04 5.6357e-04 5.3948e-04 5.0671e-04 4.6742e-04 4.2371e-04 3.7759e-04 3.3084e-04 2.8503e-04 2.4144e-04 2.0104e-04 1.6452e-04 1.3226e-04 1.0441e-04 8.0909e-05 6.1502e-05 4.5832e-05 3.3459e-05 2.3911e-05 1.6712e-05 1.1413e-05 7.6074e-06 4.9438e-06 3.1284e-06 1.9249e-06 1.1500e-06 6.6589e-07 3.7306e-07 2.0181e-07 1.0517e-07 5.2672e-08 2.5280e-08 1.1591e-08 5.0589e-09 2.0930e-09 8.1691e-10 2.9902e-10 1.0190e-10 3.2020e-11 9.1550e-12 2.3329e-12 5.1049e-13 8.7960e-14 8.3933e-15 -1.4134e-15 -1.0340e-15 -3.4137e-16 -8.3353e-17 -1.6445e-17 -2.6902e-18 -3.6694e-19 -4.1579e-20 -3.8778e-21 -2.9373e-22 -1.7769e-23 -8.4138e-25 -3.0455e-26 -8.1984e-28 -1.5899e-29 -2.1410e-31 -1.9187e-33 -1.0891e-35 -3.6980e-38 -7.0236e-41 -6.8995e-44 -3.1962e-47 -6.2594e-51 -4.5503e-55 -1.0509e-59 -6.3914e-65 -8.1522e-71 -1.6507e-77 -3.7637e-85 -6.3028e-94 -4.5301e-104 -7.0611e-116 -9.9201e-130 -3.9998e-146 -1.0186e-165 -2.1389e-189 -2.2743e-218 -2.4649e-254 -1.0050e-299 0.0000e+00 0.0000e+00 0.0000e+00 0.0000e+00 0.0000e+00 0.0000e+00 0.0000e+00 0.0000e+00 0.0000e+00 0.0000e+00 0.0000e+00
-2.9825e-04 -4.1769e-04 -5.0325e-04 -5.6780e-04 -6.1593e-04 9.5987e-03 -6.7094e-04 -6.8008e-04 -6.7817e-04 -6.6610e-04 -6.4486e-04 -6.1557e-04 -5.7948e-04 -5.3794e-04 -4.9237e-04 -4.4424e-04 -3.9496e-04 -3.4589e-04 -2.9825e-04 -2.5308e-04 -2.1121e-04 -1.7327e-04 -1.3963e-04 -1.1046e-04 -8.5706e-05 -6.5177e-05 -4.8535e-05 -3.5358e-05 -2.5173e-05 -1.7496e-05 -1.1857e-05 -7.8249e-06 -5.0218e-06 -3.1295e-06 -1.8906e-06 -1.1054e-06 -6.2426e-07 -3.3984e-07 -1.7794e-07 -8.9391e-08 -4.2975e-08 -1.9715e-08 -8.6030e-09 -3.5590e-09 -1.3906e-09 -5.1109e-10 -1.7590e-10 -5.6417e-11 -1.6771e-11 -4.5935e-12 -1.1517e-12 -2.6240e-13 -5.3899e-14 -9.8929e-15 -1.6066e-15 -2.2832e-16 -2.8051e-17 -2.9384e-18 -2.5845e-19 -1.8759e-20 -1.1019e-21 -5.1233e-23 -1.8390e-24 -4.9529e-26 -9.6876e-28 -1.3258e-29 -1.2161e-31 -7.1149e-34 -2.5069e-36 -4.9750e-39 -5.1415e-42 -2.5235e-45 -5.2744e-49 -4.1237e-53 -1.0326e-57 -6.8688e-63 -9.6727e-69 -2.1847e-75 -5.6198e-83 -1.0752e-91 -8.9543e-102 -1.6433e-113 -2.7685e-127 -1.3673e-143 -4.3716e-163 -1.1867e-186 -1.6895e-215 -2.5582e-251 -1.5360e-296 0.0000e+00 0.0000e+00 0.0000e+00 0.0000e+00 0.0000e+00 0.0000e+00 0.0000e+00 0.0000e+00 0.0000e+00 0.0000e+00 0.0000e+00 2.9746e-04 4.1330e-04 4.9148e-04 5.4450e-04 5.7714e-04 0.0000e+00 5.9182e-04 5.7818e-04 5.5342e-04 5.1973e-04 4.7933e-04 4.3440e-04 3.8698e-04 3.3892e-04 2.9183e-04 2.4703e-04 2.0552e-04 1.6800e-04 1.3488e-04 1.0632e-04 8.2225e-05 6.2359e-05 4.6341e-05 3.3719e-05 2.4001e-05 1.6696e-05 1.1338e-05 7.5069e-06 4.8395e-06 3.0331e-06 1.8449e-06 1.0869e-06 6.1888e-07 3.3968e-07 1.7917e-07 9.0495e-08 4.3571e-08 1.9884e-08 8.5345e-09 3.4077e-09 1.2438e-09 4.0197e-10 1.0694e-10 1.7912e-11 -2.5511e-12 -4.1912e-12 -2.4788e-12 -1.1021e-12 -4.1176e-13 -1.3398e-13 -3.8468e-14 -9.7809e-15 -2.1994e-15 -4.3540e-16 -7.5365e-17 -1.1306e-17 -1.4542e-18 -1.5840e-19 -1.4401e-20 -1.0748e-21 -6.4615e-23 -3.0623e-24 -1.1162e-25 -3.0422e-27 -6.0026e-29 -8.2623e-31 -7.6015e-33 -4.4492e-35 -1.5643e-37 -3.0902e-40 -3.1716e-43 -1.5423e-46 -3.1867e-50 -2.4573e-54 -6.0547e-59 -3.9539e-64 -5.4530e-70 -1.2033e-76 -3.0161e-84 -5.6079e-93 -4.5260e-103 -8.0251e-115 -1.3020e-128 -6.1700e-145 -1.8857e-164 -4.8719e-188 -6.5693e-217 -9.3705e-253 -5.2669e-298 0.0000e+00 0.0000e+00 0.0000e+00 0.0000e+00 0.0000e+00 0.0000e+00 0.0000e+00 0.0000e+00 0.0000e+00 0.0000e+00 0.0000e+00
-2.9838e-04 -4.1907e-04 -5.0730e-04 -5.7605e-04 -6.2992e-04 -6.7094e-04 1.3078e-02 -7.1808e-04 -7.2520e-04 -7.2190e-04 -7.0871e-04 -6.8635e-04 -6.5570e-04 -6.1786e-04 -5.7413e-04 -5.2592e-04 -4.7475e-04 -4.2214e-04 -3.6957e-04 -3.1839e-04 -2.6977e-04 -2.2467e-04 -1.8380e-04 -1.4760e-04 -1.1626e-04 -8.9759e-05 -6.7858e-05 -5.0191e-05 -3.6283e-05 -2.5608e-05 -1.7625e-05 -1.1815e-05 -7.7037e-06 -4.8783e-06 -2.9955e-06 -1.7805e-06 -1.0225e-06 -5.6622e-07 -3.0167e-07 -1.5426e-07 -7.5519e-08 -3.5291e-08 -1.5695e-08 -6.6202e-09 -2.6387e-09 -9.8984e-10 -3.4791e-10 -1.1402e-10 -3.4657e-11 -9.7124e-12 -2.4933e-12 -5.8213e-13 -1.2263e-13 -2.3104e-14 -3.8550e-15 -5.6346e-16 -7.1271e-17 -7.6957e-18 -6.9858e-19 -5.2400e-20 -3.1854e-21 -1.5352e-22 -5.7217e-24 -1.6029e-25 -3.2675e-27 -4.6704e-29 -4.4849e-31 -2.7541e-33 -1.0213e-35 -2.1398e-38 -2.3425e-41 -1.2225e-44 -2.7279e-48 -2.2875e-52 -6.1752e-57 -4.4537e-62 -6.8443e-68 -1.6993e-74 -4.8452e-82 -1.0373e-90 -9.7730e-101 -2.0548e-112 -4.0250e-126 -2.3517e-142 -9.0809e-162 -3.0517e-185 -5.5423e-214 -1.1109e-249 -9.2480e-295 0.0000e+00 0.0000e+00 0.0000e+00 0.0000e+00 0.0000e+00 0.0000e+00 0.0000e+00 0.0000e+00 0.0000e+00 0.0000e+00 0.0000e+00 2.9731e-04 4.1309e-04 4.9122e-04 5.4421e-04 5.7682e-04 5.9182e-04 0.0000e+00 5.7773e-04 5.5289e-04 5.1911e-04 4.7861e-04 4.3355e-04 3.8600e-04 3.3782e-04 2.9060e-04 2.4569e-04 2.0410e-04 1.6653e-04 1.3339e-04 1.0485e-04 8.0810e-05 6.1029e-05 4.5123e-05 3.2630e-05 2.3052e-05 1.5889e-05 1.0670e-05 6.9686e-06 4.4174e-06 2.7112e-06 1.6065e-06 9.1557e-07 4.9949e-07 2.5915e-07 1.2666e-07 5.7438e-08 2.3519e-08 8.1843e-09 1.9829e-09 -1.0596e-10 -5.5629e-10 -4.7655e-10 -3.0030e-10 -1.6080e-10 -7.6529e-11 -3.2962e-11 -1.2945e-11 -4.6468e-12 -1.5234e-12 -4.5494e-13 -1.2323e-13 -3.0111e-14 -6.5929e-15 -1.2834e-15 -2.2013e-16 -3.2925e-17 -4.2447e-18 -4.6547e-19 -4.2771e-20 -3.2380e-21 -1.9812e-22 -9.5863e-24 -3.5784e-25 -1.0018e-26 -2.0364e-28 -2.8966e-30 -2.7626e-32 -1.6817e-34 -6.1704e-37 -1.2767e-39 -1.3778e-42 -7.0744e-46 -1.5504e-49 -1.2744e-53 -3.3657e-58 -2.3701e-63 -3.5487e-69 -8.5657e-76 -2.3689e-83 -4.9070e-92 -4.4615e-102 -9.0271e-114 -1.6964e-127 -9.4763e-144 -3.4857e-163 -1.1112e-186 -1.9055e-215 -3.5873e-251 -2.7875e-296 0.0000e+00 0.0000e+00 0.0000e+00 0.0000e+00 0.0000e+00 0.0000e+00 0.0000e+00 0.0000e+00 0.0000e+00 0.0000e+00 0.0000e+00
-2.9187e-04 -4.1129e-04 -5.0056e-04 -5.7258e-04 -6.3181e-04 -6.8008e-04 -7.1808e-04 1.7101e-02 -7.6363e-04 -7.7098e-04 -7.6799e-04 -7.5484e-04 -7.3200e-04 -7.0020e-04 -6.6048e-04 -6.1415e-04 -5.6272e-04 -5.0784e-04 -4.5120e-04 -3.9446e-04 -3.3915e-04 -2.8660e-04 -2.3791e-04 -1.9385e-04 -1.5494e-04 -1.2138e-04 -9.3121e-05 -6.9902e-05 -5.1292e-05 -3.6750e-05 -2.5682e-05 -1.7484e-05 -1.1579e-05 -7.4495e-06 -4.6485e-06 -2.8087e-06 -1.6402e-06 -9.2383e-07 -5.0082e-07 -2.6068e-07 -1.2995e-07 -6.1866e-08 -2.8042e-08 -1.2061e-08 -4.9043e-09 -1.8779e-09 -6.7413e-10 -2.2578e-10 -7.0180e-11 -2.0127e-11 -5.2912e-12 -1.2661e-12 -2.7359e-13 -5.2919e-14 -9.0737e-15 -1.3643e-15 -1.7771e-16 -1.9783e-17 -1.8538e-18 -1.4374e-19 -9.0454e-21 -4.5199e-22 -1.7495e-23 -5.0993e-25 -1.0837e-26 -1.6184e-28 -1.6275e-30 -1.0493e-32 -4.0968e-35 -9.0648e-38 -1.0516e-40 -5.8372e-44 -1.3912e-47 -1.2518e-51 -3.6447e-56 -2.8515e-61 -4.7845e-67 -1.3065e-73 -4.1316e-81 -9.9037e-90 -1.0563e-99 -2.5462e-111 -5.8033e-125 -4.0146e-141 -1.8739e-160 -7.8033e-184 -1.8099e-212 -4.8085e-248 -5.5574e-293 0.0000e+00 0.0000e+00 0.0000e+00 0.0000e+00 0.0000e+00 0.0000e+00 0.0000e+00 0.0000e+00 0.0000e+00 0.0000e+00 0.0000e+00 2.9049e-04 4.0362e-04 4.7996e-04 5.3173e-04 5.6357e-04 5.7818e-04 5.7773e-04 0.0000e+00 5.3986e-04 5.0668e-04 4.6691e-04 4.2267e-04 3.7597e-04 3.2864e-04 2.8228e-04 2.3819e-04 1.9738e-04 1.6055e-04 1.2811e-04 1.0022e-04 7.6786e-05 5.7567e-05 4.2178e-05 3.0158e-05 2.1007e-05 1.4226e-05 9.3411e-06 5.9277e-06 3.6194e-06 2.1134e-06 1.1695e-06 6.0439e-07 2.8402e-07 1.1430e-07 3.2285e-08 -2.0347e-09 -1.2666e-08 -1.3025e-08 -9.9677e-09 -6.5631e-09 -3.8932e-09 -2.1213e-09 -1.0711e-09 -5.0311e-10 -2.2006e-10 -8.9562e-11 -3.3843e-11 -1.1836e-11 -3.8160e-12 -1.1286e-12 -3.0447e-13 -7.4438e-14 -1.6371e-14 -3.2120e-15 -5.5691e-16 -8.4437e-17 -1.1062e-17 -1.2358e-18 -1.1594e-19 -8.9826e-21 -5.6372e-22 -2.8040e-23 -1.0785e-24 -3.1185e-26 -6.5639e-28 -9.6925e-30 -9.6230e-32 -6.1158e-34 -2.3502e-36 -5.1102e-39 -5.8166e-42 -3.1627e-45 -7.3722e-49 -6.4765e-53 -1.8378e-57 -1.3988e-62 -2.2790e-68 -6.0307e-75 -1.8440e-82 -4.2642e-91 -4.3765e-101 -1.0125e-112 -2.2081e-126 -1.4569e-142 -6.4622e-162 -2.5469e-185 -5.5656e-214 -1.3858e-249 -1.4921e-294 0.0000e+00 0.0000e+00 0.0000e+00 0.0000e+00 0.0000e+00 0.0000e+00 0.0000e+00 0.0000e+00 0.0000e+00 0.0000e+00 0.0000e+00
-2.7977e-04 -3.9573e-04 -4.8457e-04 -5.5884e-04 -6.2284e-04 -6.7817e-04 -7.2520e-04 -7.6363e-04 2.1672e-02 -8.1228e-04 -8.2121e-04 -8.1928e-04 -8.0643e-04 -7.8295e-04 -7.4952e-04 -7.0723e-04 -6.5750e-04 -6.0199e-04 -5.4257e-04 -4.8115e-04 -4.1960e-04 -3.5966e-04 -3.0281e-04 -2.5027e-04 -2.0291e-04 -1.6126e-04 -1.2552e-04 -9.5606e-05 -7.1195e-05 -5.1777e-05 -3.6734e-05 -2.5394e-05 -1.7082e-05 -1.1165e-05 -7.0801e-06 -4.3486e-06 -2.5822e-06 -1.4795e-06 -8.1614e-07 -4.3245e-07 -2.1954e-07 -1.0649e-07 -4.9198e-08 -2.1579e-08 -8.9531e-09 -3.4998e-09 -1.2834e-09 -4.3933e-10 -1.3967e-10 -4.0997e-11 -1.1039e-11 -2.7078e-12 -6.0028e-13 -1.1923e-13 -2.1012e-14 -3.2506e-15 -4.3613e-16 -5.0068e-17 -4.8443e-18 -3.8835e-19 -2.5305e-20 -1.3113e-21 -5.2728e-23 -1.5995e-24 -3.5448e-26 -5.5321e-28 -5.8278e-30 -3.9461e-32 -1.6227e-34 -3.7933e-37 -4.6649e-40 -2.7553e-43 -7.0169e-47 -6.7775e-51 -2.1292e-55 -1.8079e-60 -3.3136e-66 -9.9577e-73 -3.4942e-80 -9.3840e-89 -1.1337e-98 -3.1353e-110 -8.3213e-124 -6.8215e-140 -3.8523e-159 -1.9899e-182 -5.9012e-211 -2.0807e-246 -3.3435e-291 0.0000e+00 0.0000e+00 0.0000e+00 0.0000e+00 0.0000e+00 0.0000e+00 0.0000e+00 0.0000e+00 0.0000e+00 0.0000e+00 0.0000e+00 2.7810e-04 3.8641e-04 4.5948e-04 5.0903e-04 5.3948e-04 5.5342e-04 5.5289e-04 5.3986e-04 0.0000e+00 4.8432e-04 4.4596e-04 4.0328e-04 3.5822e-04 3.1256e-04 2.6783e-04 2.2531e-04 1.8599e-04 1.5054e-04 1.1939e-04 9.2659e-05 7.0292e-05 5.2036e-05 3.7515e-05 2.6271e-05 1.7809e-05 1.1633e-05 7.2734e-06 4.3082e-06 2.3758e-06 1.1788e-06 4.8336e-07 1.1313e-07 -5.8434e-08 -1.1770e-07 -1.2017e-07 -9.9027e-08 -7.2289e-08 -4.8363e-08 -3.0115e-08 -1.7586e-08 -9.6655e-09 -5.0060e-09 -2.4428e-09 -1.1217e-09 -4.8360e-10 -1.9522e-10 -7.3537e-11 -2.5742e-11 -8.3346e-12 -2.4827e-12 -6.7633e-13 -1.6735e-13 -3.7330e-14 -7.4432e-15 -1.3140e-15 -2.0322e-16 -2.7208e-17 -3.1114e-18 -2.9938e-19 -2.3832e-20 -1.5396e-21 -7.8988e-23 -3.1400e-24 -9.4040e-26 -2.0549e-27 -3.1577e-29 -3.2711e-31 -2.1751e-33 -8.7721e-36 -2.0083e-38 -2.4154e-41 -1.3932e-44 -3.4600e-48 -3.2539e-52 -9.9368e-57 -8.1876e-62 -1.4536e-67 -4.2232e-74 -1.4298e-81 -3.6965e-90 -4.2887e-100 -1.1360e-111 -2.8796e-125 -2.2474e-141 -1.2040e-160 -5.8765e-184 -1.6392e-212 -5.4084e-248 -8.0842e-293 0.0000e+00 0.0000e+00 0.0000e+00 0.0000e+00 0.0000e+00 0.0000e+00 0.0000e+00 0.0000e+00 0.0000e+00 0.0000e+00 0.0000e+00
-2.6319e-04 -3.7383e-04 -4.6086e-04 -5.3631e-04 -6.0426e-04 -6.6610e-04 -7.2190e-04 -7.7098e-04 -8.1228e-04 2.6796e-02 -8.6667e-04 -8.7758e-04 -8.7664e-04 -8.6364e-04 -8.3880e-04 -8.0288e-04 -7.5707e-04 -7.0297e-04 -6.4251e-04 -5.7777e-04 -5.1092e-04 -4.4406e-04 -3.7913e-04 -3.1777e-04 -2.6129e-04 -2.1063e-04 -1.6632e-04 -1.2854e-04 -9.7134e-05 -7.1702e-05 -5.1645e-05 -3.6253e-05 -2.4770e-05 -1.6449e-05 -1.0601e-05 -6.6193e-06 -3.9972e-06 -2.3298e-06 -1.3079e-06 -7.0558e-07 -3.6483e-07 -1.8031e-07 -8.4925e-08 -3.7992e-08 -1.6086e-08 -6.4203e-09 -2.4052e-09 -8.4172e-10 -2.7374e-10 -8.2251e-11 -2.2690e-11 -5.7060e-12 -1.2980e-12 -2.6478e-13 -4.7972e-14 -7.6373e-15 -1.0557e-15 -1.2500e-16 -1.2491e-17 -1.0356e-18 -6.9885e-20 -3.7567e-21 -1.5696e-22 -4.9567e-24 -1.1459e-25 -1.8694e-27 -2.0636e-29 -1.4680e-31 -6.3600e-34 -1.5712e-36 -2.0491e-39 -1.2883e-42 -3.5070e-46 -3.6378e-50 -1.2337e-54 -1.1374e-59 -2.2784e-65 -7.5386e-72 -2.9372e-79 -8.8431e-88 -1.2110e-97 -3.8451e-109 -1.1893e-122 -1.1563e-138 -7.9083e-158 -5.0727e-181 -1.9257e-209 -9.0232e-245 -2.0192e-289 0.0000e+00 0.0000e+00 0.0000e+00 0.0000e+00 0.0000e+00 0.0000e+00 0.0000e+00 0.0000e+00 0.0000e+00 0.0000e+00 0.0000e+00 2.6124e-04 3.6298e-04 4.3162e-04 4.7815e-04 5.0671e-04 5.1973e-04 5.1911e-04 5.0668e-04 4.8432e-04 0.0000e+00 4.1753e-04 3.7700e-04 3.3419e-04 2.9081e-04 2.4832e-04 2.0794e-04 1.7063e-04 1.3705e-04 1.0761e-04 8.2451e-05 6.1504e-05 4.4531e-05 3.1163e-05 2.0951e-05 1.3407e-05 8.0395e-06 4.3851e-06 2.0267e-06 6.0778e-07 -1.6292e-07 -5.1207e-07 -6.0751e-07 -5.6662e-07 -4.6613e-07 -3.5202e-07 -2.4847e-07 -1.6540e-07 -1.0432e-07 -6.2481e-08 -3.5559e-08 -1.9223e-08 -9.8588e-09 -4.7885e-09 -2.1975e-09 -9.5005e-10 -3.8567e-10 -1.4644e-10 -5.1782e-11 -1.6969e-11 -5.1250e-12 -1.4179e-12 -3.5687e-13 -8.1094e-14 -1.6496e-14 -2.9756e-15 -4.7091e-16 -6.4611e-17 -7.5839e-18 -7.5021e-19 -6.1495e-20 -4.0980e-21 -2.1727e-22 -8.9431e-24 -2.7789e-25 -6.3139e-27 -1.0113e-28 -1.0946e-30 -7.6258e-33 -3.2318e-35 -7.8003e-38 -9.9258e-41 -6.0809e-44 -1.6108e-47 -1.6235e-51 -5.3417e-56 -4.7701e-61 -9.2393e-67 -2.9504e-73 -1.1072e-80 -3.2040e-89 -4.2072e-99 -1.2776e-110 -3.7688e-124 -3.4838e-140 -2.2573e-159 -1.3664e-182 -4.8731e-211 -2.1341e-246 -4.4373e-291 0.0000e+00 0.0000e+00 0.0000e+00 0.0000e+00 0.0000e+00 0.0000e+00 0.0000e+00 0.0000e+00 0.0000e+00 0.0000e+00 0.0000e+00
-2.4321e-04 -3.4706e-04 -4.3105e-04 -5.0654e-04 -5.7741e-04 -6.4486e-04 -7.0871e-04 -7.6799e-04 -8.2121e-04 -8.6667e-04 3.2480e-02 -9.2751e-04 -9.4007e-04 -9.3948e-04 -9.2546e-04 -8.9831e-04 -8.5889e-04 -8.0859e-04 -7.4925e-04 -6.8305e-04 -6.1237e-04 -5.3961e-04 -4.6712e-04 -3.9701e-04 -3.3107e-04 -2.7069e-04 -2.1683e-04 -1.7002e-04 -1.3039e-04 -9.7697e-05 -7.1443e-05 -5.0930e-05 -3.5347e-05 -2.3851e-05 -1.5623e-05 -9.9183e-06 -6.0915e-06 -3.6124e-06 -2.0641e-06 -1.1338e-06 -5.9716e-07 -3.0078e-07 -1.4444e-07 -6.5914e-08 -2.8484e-08 -1.1610e-08 -4.4441e-09 -1.5902e-09 -5.2911e-10 -1.6278e-10 -4.6008e-11 -1.1865e-11 -2.7700e-12 -5.8045e-13 -1.0814e-13 -1.7720e-14 -2.5240e-15 -3.0834e-16 -3.1828e-17 -2.7295e-18 -1.9082e-19 -1.0643e-20 -4.6220e-22 -1.5199e-23 -3.6661e-25 -6.2544e-27 -7.2367e-29 -5.4101e-31 -2.4703e-33 -6.4519e-36 -8.9262e-39 -5.9762e-42 -1.7398e-45 -1.9388e-49 -7.1014e-54 -7.1124e-59 -1.5579e-64 -5.6787e-71 -2.4582e-78 -8.3021e-87 -1.2896e-96 -4.7048e-108 -1.6973e-121 -1.9591e-137 -1.6243e-156 -1.2953e-179 -6.3030e-208 -3.9307e-243 -1.2271e-287 0.0000e+00 0.0000e+00 0.0000e+00 0.0000e+00 0.0000e+00 0.0000e+00 0.0000e+00 0.0000e+00 0.0000e+00 0.0000e+00 0.0000e+00 2.4103e-04 3.3489e-04 3.9821e-04 4.4111e-04 4.6742e-04 4.7933e-04 4.7861e-04 4.6691e-04 4.4596e-04 4.1753e-04 0.0000e+00 3.4546e-04 3.0535e-04 2.6468e-04 2.2483e-04 1.8699e-04 1.5205e-04 1.2068e-04 9.3256e-05 6.9934e-05 5.0655e-05 3.5191e-05 2.3187e-05 1.4205e-05 7.7653e-06 3.3828e-06 5.9811e-07 -1.0016e-06 -1.7691e-06 -1.9904e-06 -1.8862e-06 -1.6160e-06 -1.2878e-06 -9.6768e-07 -6.9064e-07 -4.6998e-07 -3.0551e-07 -1.8984e-07 -1.1274e-07 -6.3922e-08 -3.4558e-08 -1.7779e-08 -8.6849e-09 -4.0170e-09 -1.7537e-09 -7.2015e-10 -2.7703e-10 -9.9390e-11 -3.3091e-11 -1.0167e-11 -2.8653e-12 -7.3553e-13 -1.7069e-13 -3.5503e-14 -6.5567e-15 -1.0638e-15 -1.4984e-16 -1.8082e-17 -1.8416e-18 -1.5567e-19 -1.0715e-20 -5.8784e-22 -2.5083e-23 -8.0960e-25 -1.9148e-26 -3.1998e-28 -3.6226e-30 -2.6470e-32 -1.1800e-34 -3.0054e-37 -4.0499e-40 -2.6376e-43 -7.4597e-47 -8.0652e-51 -2.8617e-55 -2.7721e-60 -5.8632e-66 -2.0599e-72 -8.5777e-80 -2.7809e-88 -4.1372e-98 -1.4419e-109 -4.9555e-123 -5.4322e-139 -4.2627e-158 -3.2046e-181 -1.4635e-209 -8.5224e-245 -2.4697e-289 0.0000e+00 0.0000e+00 0.0000e+00 0.0000e+00 0.0000e+00 0.0000e+00 0.0000e+00 0.0000e+00 0.0000e+00 0.0000e+00 0.0000e+00
-2.2090e-04 -3.1684e-04 -3.9671e-04 -4.7112e-04 -5.4372e-04 -6.1557e-04 -6.8635e-04 -7.5484e-04 -8.1928e-04 -8.7758e-04 -9.2751e-04 3.8729e-02 -9.9415e-04 -1.0076e-03 -1.0064e-03 -9.9041e-04 -9.5996e-04 -9.1610e-04 -8.6047e-04 -7.9516e-04 -7.2265e-04 -6.4557e-04 -5.6660e-04 -4.8830e-04 -4.1295e-04 -3.4246e-04 -2.7830e-04 -2.2143e-04 -1.7234e-04 -1.3108e-04 -9.7328e-05 -7.0467e-05 -4.9684e-05 -3.4068e-05 -2.2685e-05 -1.4644e-05 -9.1483e-06 -5.5204e-06 -3.2109e-06 -1.7961e-06 -9.6379e-07 -4.9478e-07 -2.4229e-07 -1.1281e-07 -4.9762e-08 -2.0716e-08 -8.1042e-09 -2.9654e-09 -1.0097e-09 -3.1810e-10 -9.2141e-11 -2.4371e-11 -5.8406e-12 -1.2575e-12 -2.4094e-13 -4.0649e-14 -5.9675e-15 -7.5229e-16 -8.0234e-17 -7.1194e-18 -5.1574e-19 -2.9855e-20 -1.3479e-21 -4.6168e-23 -1.1623e-24 -2.0741e-26 -2.5163e-28 -1.9776e-30 -9.5203e-33 -2.6297e-35 -3.8612e-38 -2.7540e-41 -8.5771e-45 -1.0274e-48 -4.0662e-53 -4.4264e-58 -1.0608e-63 -4.2624e-70 -2.0512e-77 -7.7766e-86 -1.3712e-95 -5.7528e-107 -2.4228e-120 -3.3233e-136 -3.3442e-155 -3.3195e-178 -2.0734e-206 -1.7237e-241 -7.5207e-286 0.0000e+00 0.0000e+00 0.0000e+00 0.0000e+00 0.0000e+00 0.0000e+00 0.0000e+00 0.0000e+00 0.0000e+00 0.0000e+00 0.0000e+00 2.1854e-04 3.0365e-04 3.6105e-04 3.9993e-04 4.2371e-04 4.3440e-04 4.3355e-04 4.2267e-04 4.0328e-04 3.7700e-04 3.4546e-04 0.0000e+00 2.7317e-04 2.3547e-04 1.9852e-04 1.6344e-04 1.3108e-04 1.0209e-04 7.6846e-05 5.5508e-05 3.8033e-05 2.4210e-05 1.3701e-05 6.0812e-06 8.8062e-07 -2.3791e-06 -4.1545e-06 -4.8577e-06 -4.8404e-06 -4.3875e-06 -3.7159e-06 -2.9795e-06 -2.2779e-06 -1.6671e-06 -1.1704e-06 -7.8884e-07 -5.1051e-07 -3.1704e-07 -1.8875e-07 -1.0756e-07 -5.8569e-08 -3.0405e-08 -1.5011e-08 -7.0271e-09 -3.1093e-09 -1.2956e-09 -5.0636e-10 -1.8478e-10 -6.2642e-11 -1.9620e-11 -5.6425e-12 -1.4798e-12 -3.5123e-13 -7.4808e-14 -1.4164e-14 -2.3588e-15 -3.4149e-16 -4.2413e-17 -4.4522e-18 -3.8847e-19 -2.7647e-20 -1.5708e-21 -6.9546e-23 -2.3337e-24 -5.7503e-26 -1.0034e-27 -1.1891e-29 -9.1201e-32 -4.2799e-34 -1.1512e-36 -1.6441e-39 -1.1392e-42 -3.4424e-46 -3.9957e-50 -1.5301e-54 -1.6091e-59 -3.7197e-65 -1.4390e-71 -6.6549e-79 -2.4196e-87 -4.0823e-97 -1.6346e-108 -6.5525e-122 -8.5283e-138 -8.1153e-157 -7.5879e-180 -4.4447e-208 -3.4477e-243 -1.3953e-287 0.0000e+00 0.0000e+00 0.0000e+00 0.0000e+00 0.0000e+00 0.0000e+00 0.0000e+00 0.0000e+00 0.0000e+00 0.0000e+00 0.0000e+00
-1.9729e-04 -2.8455e-04 -3.5940e-04 -4.3163e-04 -5.0466e-04 -5.7948e-04 -6.5570e-04 -7.3200e-04 -8.0643e-04 -8.7664e-04 -9.4007e-04 -9.9415e-04 4.5552e-02 -1.0651e-03 -1.0786e-03 -1.0759e-03 -1.0570e-03 -1.0223e-03 -9.7329e-04 -9.1166e-04 -8.3985e-04 -7.6060e-04 -6.7684e-04 -5.9149e-04 -5.0731e-04 -4.2676e-04 -3.5185e-04 -2.8408e-04 -2.2441e-04 -1.7329e-04 -1.3066e-04 -9.6089e-05 -6.8836e-05 -4.7971e-05 -3.2473e-05 -2.1318e-05 -1.3549e-05 -8.3207e-06 -4.9273e-06 -2.8072e-06 -1.5349e-06 -8.0326e-07 -4.0118e-07 -1.9060e-07 -8.5839e-08 -3.6505e-08 -1.4597e-08 -5.4632e-09 -1.9039e-09 -6.1433e-10 -1.8240e-10 -4.9491e-11 -1.2178e-11 -2.6945e-12 -5.3109e-13 -9.2267e-14 -1.3964e-14 -1.8170e-15 -2.0028e-16 -1.8392e-17 -1.3810e-18 -8.2991e-20 -3.8966e-21 -1.3906e-22 -3.6550e-24 -6.8247e-26 -8.6843e-28 -7.1776e-30 -3.6442e-32 -1.0650e-34 -1.6602e-37 -1.2620e-40 -4.2069e-44 -5.4194e-48 -2.3187e-52 -2.7449e-57 -7.2018e-63 -3.1917e-69 -1.7087e-76 -7.2775e-85 -1.4579e-94 -7.0396e-106 -3.4645e-119 -5.6532e-135 -6.9125e-154 -8.5526e-177 -6.8675e-205 -7.6243e-240 -4.6588e-284 0.0000e+00 0.0000e+00 0.0000e+00 0.0000e+00 0.0000e+00 0.0000e+00 0.0000e+00 0.0000e+00 0.0000e+00 0.0000e+00 0.0000e+00 1.9481e-04 2.7067e-04 3.2183e-04 3.5646e-04 3.7759e-04 3.8698e-04 3.8600e-04 3.7597e-04 3.5822e-04 3.3419e-04 3.0535e-04 2.7317e-04 0.0000e+00 2.0448e-04 1.7053e-04 1.3828e-04 1.0856e-04 8.1996e-05 5.8963e-05 3.9635e-05 2.3990e-05 1.1841e-05 2.8705e-06 -3.3283e-06 -7.2139e-06 -9.2592e-06 -9.9200e-06 -9.6109e-06 -8.6880e-06 -7.4394e-06 -6.0836e-06 -4.7729e-06 -3.6018e-06 -2.6179e-06 -1.8334e-06 -1.2370e-06 -8.0356e-07 -5.0204e-07 -3.0125e-07 -1.7331e-07 -9.5408e-08 -5.0139e-08 -2.5087e-08 -1.1916e-08 -5.3553e-09 -2.2688e-09 -9.0244e-10 -3.3548e-10 -1.1598e-10 -3.7078e-11 -1.0895e-11 -2.9226e-12 -7.1024e-13 -1.5506e-13 -3.0126e-14 -5.1548e-15 -7.6769e-16 -9.8211e-17 -1.0634e-17 -9.5854e-19 -7.0583e-20 -4.1565e-21 -1.9107e-22 -6.6702e-24 -1.7135e-25 -3.1242e-27 -3.8785e-29 -3.1243e-31 -1.5445e-33 -4.3902e-36 -6.6492e-39 -4.9052e-42 -1.5849e-45 -1.9763e-49 -8.1739e-54 -9.3398e-59 -2.3614e-64 -1.0068e-70 -5.1754e-78 -2.1122e-86 -4.0454e-96 -1.8630e-107 -8.7203e-121 -1.3492e-136 -1.5590e-155 -1.8157e-178 -1.3664e-206 -1.4146e-241 -8.0127e-286 0.0000e+00 0.0000e+00 0.0000e+00 0.0000e+00 0.0000e+00 0.0000e+00 0.0000e+00 0.0000e+00 0.0000e+00 0.0000e+00 0.0000e+00
-1.7329e-04 -2.5145e-04 -3.2057e-04 -3.8959e-04 -4.6172e-04 -5.3794e-04 -6.1786e-04 -7.0020e-04 -7.8295e-04 -8.6364e-04 -9.3948e-04 -1.0076e-03 -1.0651e-03 5.2959e-02 -1.1389e-03 -1.1514e-03 -1.1464e-03 -1.1238e-03 -1.0844e-03 -1.0295e-03 -9.6143e-04 -8.8274e-04 -7.9648e-04 -7.0585e-04 -6.1404e-04 -5.2401e-04 -4.3836e-04 -3.5919e-04 -2.8804e-04 -2.2583e-04 -1.7293e-04 -1.2920e-04 -9.4048e-05 -6.6621e-05 -4.5855e-05 -3.0619e-05 -1.9800e-05 -1.2377e-05 -7.4629e-06 -4.3311e-06 -2.4134e-06 -1.2877e-06 -6.5605e-07 -3.1811e-07 -1.4629e-07 -6.3565e-08 -2.5986e-08 -9.9493e-09 -3.5494e-09 -1.1733e-09 -3.5715e-10 -9.9429e-11 -2.5125e-11 -5.7145e-12 -1.1589e-12 -2.0738e-13 -3.2364e-14 -4.3477e-15 -4.9541e-16 -4.7096e-17 -3.6661e-18 -2.2879e-19 -1.1175e-20 -4.1563e-22 -1.1409e-23 -2.2298e-25 -2.9771e-27 -2.5886e-29 -1.3867e-31 -4.2894e-34 -7.1021e-37 -5.7565e-40 -2.0549e-43 -2.8481e-47 -1.3181e-51 -1.6979e-56 -4.8799e-62 -2.3871e-68 -1.4227e-75 -6.8125e-84 -1.5518e-93 -8.6323e-105 -4.9697e-118 -9.6581e-134 -1.4369e-152 -2.2191e-175 -2.2946e-203 -3.4084e-238 -2.9232e-282 0.0000e+00 0.0000e+00 0.0000e+00 0.0000e+00 0.0000e+00 0.0000e+00 0.0000e+00 0.0000e+00 0.0000e+00 0.0000e+00 0.0000e+00 1.7076e-04 2.3725e-04 2.8209e-04 3.1240e-04 3.3084e-04 3.3892e-04 3.3782e-04 3.2864e-04 3.1256e-04 2.9081e-04 2.6468e-04 2.3547e-04 2.0448e-04 0.0000e+00 1.4195e-04 1.1249e-04 8.5350e-05 6.1132e-05 4.0227e-05 2.2826e-05 8.9345e-06 -1.6041e-06 -9.0791e-06 -1.3876e-05 -1.6438e-05 -1.7233e-05 -1.6717e-05 -1.5312e-05 -1.3383e-05 -1.1228e-05 -9.0737e-06 -7.0769e-06 -5.3321e-06 -3.8821e-06 -2.7304e-06 -1.8540e-06 -1.2142e-06 -7.6592e-07 -4.6465e-07 -2.7059e-07 -1.5094e-07 -8.0459e-08 -4.0875e-08 -1.9730e-08 -9.0193e-09 -3.8901e-09 -1.5767e-09 -5.9776e-10 -2.1094e-10 -6.8904e-11 -2.0707e-11 -5.6859e-12 -1.4159e-12 -3.1710e-13 -6.3270e-14 -1.1130e-14 -1.7063e-15 -2.2500e-16 -2.5147e-17 -2.3430e-18 -1.7862e-19 -1.0909e-20 -5.2098e-22 -1.8932e-23 -5.0734e-25 -9.6717e-27 -1.2584e-28 -1.0654e-30 -5.5512e-33 -1.6686e-35 -2.6818e-38 -2.1077e-41 -7.2862e-45 -9.7679e-49 -4.3664e-53 -5.4248e-58 -1.5014e-63 -7.0601e-70 -4.0376e-77 -1.8514e-85 -4.0293e-95 -2.1364e-106 -1.1691e-119 -2.1530e-135 -3.0251e-154 -4.3956e-177 -4.2572e-205 -5.8936e-240 -4.6832e-284 0.0000e+00 0.0000e+00 0.0000e+00 0.0000e+00 0.0000e+00 0.0000e+00 0.0000e+00 0.0000e+00 0.0000e+00 0.0000e+00 0.0000e+00
-1.4971e-04 -2.1863e-04 -2.8152e-04 -3.4643e-04 -4.1639e-04 -4.9237e-04 -5.7413e-04 -6.6048e-04 -7.4952e-04 -8.3880e-04 -9.2546e-04 -1.0064e-03 -1.0786e-03 -1.1389e-03 6.0959e-02 -1.2139e-03 -1.2249e-03 -1.2169e-03 -1.1901e-03 -1.1453e-03 -1.0843e-03 -1.0093e-03 -9.2349e-04 -8.3003e-04 -7.3245e-04 -6.3416e-04 -5.3835e-04 -4.4774e-04 -3.6451e-04 -2.9021e-04 -2.2573e-04 -1.7134e-04 -1.2676e-04 -9.1284e-05 -6.3895e-05 -4.3402e-05 -2.8561e-05 -1.8175e-05 -1.1161e-05 -6.5992e-06 -3.7481e-06 -2.0394e-06 -1.0600e-06 -5.2467e-07 -2.4643e-07 -1.0942e-07 -4.5742e-08 -1.7919e-08 -6.5455e-09 -2.2170e-09 -6.9201e-10 -1.9772e-10 -5.1320e-11 -1.2001e-11 -2.5047e-12 -4.6176e-13 -7.4329e-14 -1.0312e-14 -1.2150e-15 -1.1960e-16 -9.6552e-18 -6.2590e-19 -3.1811e-20 -1.2335e-21 -3.5375e-23 -7.2392e-25 -1.0145e-26 -9.2837e-29 -5.2492e-31 -1.7193e-33 -3.0251e-36 -2.6157e-39 -1.0004e-42 -1.4927e-46 -7.4767e-51 -1.0486e-55 -3.3036e-61 -1.7850e-67 -1.1853e-74 -6.3865e-83 -1.6557e-92 -1.0621e-103 -7.1611e-117 -1.6596e-132 -3.0082e-151 -5.8085e-174 -7.7479e-202 -1.5430e-236 -1.8618e-280 0.0000e+00 0.0000e+00 0.0000e+00 0.0000e+00 0.0000e+00 0.0000e+00 0.0000e+00 0.0000e+00 0.0000e+00 0.0000e+00 0.0000e+00 1.4719e-04 2.0450e-04 2.4313e-04 2.6922e-04 2.8503e-04 2.9183e-04 2.9060e-04 2.8228e-04 2.6783e-04 2.4832e-04 2.2483e-04 1.9852e-04 1.7053e-04 1.4195e-04 0.0000e+00 8.6987e-05 6.2269e-05 4.0232e-05 2.1279e-05 5.6298e-06 -6.6754e-06 -1.5755e-05 -2.1863e-05 -2.5355e-05 -2.6657e-05 -2.6228e-05 -2.4526e-05 -2.1982e-05 -1.8976e-05 -1.5824e-05 -1.2768e-05 -9.9749e-06 -7.5477e-06 -5.5301e-06 -3.9209e-06 -2.6878e-06 -1.7793e-06 -1.1358e-06 -6.9800e-07 -4.1215e-07 -2.3333e-07 -1.2633e-07 -6.5242e-08 -3.2040e-08 -1.4913e-08 -6.5548e-09 -2.7094e-09 -1.0485e-09 -3.7799e-10 -1.2625e-10 -3.8826e-11 -1.0921e-11 -2.7887e-12 -6.4105e-13 -1.3143e-13 -2.3786e-14 -3.7558e-15 -5.1076e-16 -5.8953e-17 -5.6810e-18 -4.4863e-19 -2.8428e-20 -1.4113e-21 -5.3417e-23 -1.4940e-24 -2.9795e-26 -4.0655e-28 -3.6192e-30 -1.9889e-32 -6.3254e-35 -1.0795e-37 -9.0438e-41 -3.3473e-44 -4.8275e-48 -2.3340e-52 -3.1553e-57 -9.5665e-63 -4.9659e-69 -3.1623e-76 -1.6307e-84 -4.0370e-94 -2.4671e-105 -1.5802e-118 -3.4687e-134 -5.9352e-153 -1.0777e-175 -1.3458e-203 -2.4968e-238 -2.7901e-282 0.0000e+00 0.0000e+00 0.0000e+00 0.0000e+00 0.0000e+00 0.0000e+00 0.0000e+00 0.0000e+00 0.0000e+00 0.0000e+00 0.0000e+00
-1.2720e-04 -1.8705e-04 -2.4341e-04 -3.0346e-04 -3.7005e-04 -4.4424e-04 -5.2592e-04 -6.1415e-04 -7.0723e-04 -8.0288e-04 -8.9831e-04 -9.9041e-04 -1.0759e-03 -1.1514e-03 -1.2139e-03 6.9564e-02 -1.2890e-03 -1.2980e-03 -1.2867e-03 -1.2552e-03 -1.2047e-03 -1.1371e-03 -1.0551e-03 -9.6192e-04 -8.6114e-04 -7.5654e-04 -6.5181e-04 -5.5030e-04 -4.5489e-04 -3.6783e-04 -2.9065e-04 -2.2418e-04 -1.6858e-04 -1.2344e-04 -8.7877e-05 -6.0733e-05 -4.0678e-05 -2.6356e-05 -1.6485e-05 -9.9328e-06 -5.7512e-06 -3.1917e-06 -1.6929e-06 -8.5546e-07 -4.1045e-07 -1.8628e-07 -7.9641e-08 -3.1929e-08 -1.1944e-08 -4.1462e-09 -1.3274e-09 -3.8931e-10 -1.0382e-10 -2.4967e-11 -5.3641e-12 -1.0191e-12 -1.6924e-13 -2.4253e-14 -2.9557e-15 -3.0138e-16 -2.5239e-17 -1.7001e-18 -8.9941e-20 -3.6373e-21 -1.0901e-22 -2.3368e-24 -3.4386e-26 -3.3130e-28 -1.9781e-30 -6.8639e-33 -1.2839e-35 -1.1849e-38 -4.8578e-42 -7.8078e-46 -4.2353e-50 -6.4720e-55 -2.2366e-60 -1.3358e-66 -9.8914e-74 -6.0024e-82 -1.7728e-91 -1.3130e-102 -1.0379e-115 -2.8722e-131 -6.3529e-150 -1.5362e-172 -2.6485e-200 -7.0873e-235 -1.2063e-278 0.0000e+00 0.0000e+00 0.0000e+00 0.0000e+00 0.0000e+00 0.0000e+00 0.0000e+00 0.0000e+00 0.0000e+00 0.0000e+00 0.0000e+00 1.2475e-04 1.7333e-04 2.0606e-04 2.2813e-04 2.4144e-04 2.4703e-04 2.4569e-04 2.3819e-04 2.2531e-04 2.0794e-04 1.8699e-04 1.6344e-04 1.3828e-04 1.1249e-04 8.6987e-05 0.0000e+00 4.0094e-05 2.0002e-05 2.7580e-06 -1.1386e-05 -2.2346e-05 -3.0194e-05 -3.5139e-05 -3.7500e-05 -3.7678e-05 -3.6119e-05 -3.3282e-05 -2.9607e-05 -2.5495e-05 -2.1284e-05 -1.7238e-05 -1.3548e-05 -1.0331e-05 -7.6391e-06 -5.4730e-06 -3.7953e-06 -2.5440e-06 -1.6460e-06 -1.0260e-06 -6.1506e-07 -3.5376e-07 -1.9475e-07 -1.0233e-07 -5.1175e-08 -2.4273e-08 -1.0880e-08 -4.5897e-09 -1.8141e-09 -6.6855e-10 -2.2845e-10 -7.1944e-11 -2.0742e-11 -5.4337e-12 -1.2828e-12 -2.7038e-13 -5.0364e-14 -8.1953e-15 -1.1500e-15 -1.3714e-16 -1.3675e-17 -1.1192e-18 -7.3626e-20 -3.8015e-21 -1.4993e-22 -4.3790e-24 -9.1401e-26 -1.3086e-27 -1.2257e-29 -7.1077e-32 -2.3931e-34 -4.3393e-37 -3.8777e-40 -1.5376e-43 -2.3872e-47 -1.2493e-51 -1.8390e-56 -6.1131e-62 -3.5059e-68 -2.4883e-75 -1.4444e-83 -4.0719e-93 -2.8715e-104 -2.1556e-117 -5.6477e-133 -1.1787e-151 -2.6791e-174 -4.3226e-202 -1.0771e-236 -1.6972e-280 0.0000e+00 0.0000e+00 0.0000e+00 0.0000e+00 0.0000e+00 0.0000e+00 0.0000e+00 0.0000e+00 0.0000e+00 0.0000e+00 0.0000e+00
