2.9262e-08 -4.1419e-08 -7.6184e-08 -1.1749e-07 -1.6456e-07 -2.1689e-07 -2.7417e-07 -3.3617e-07 -4.0277e-07 -4.7387e-07 -5.4944e-07 -6.2946e-07 -7.1395e-07 -8.0297e-07 -8.9656e-07 -9.9482e-07 -1.0978e-06 -1.2057e-06 -1.3186e-06 -1.4365e-06 -1.5597e-06 -1.6883e-06 -1.8224e-06 -1.9620e-06 -2.1075e-06 -2.2587e-06 -2.4159e-06 -2.5790e-06 -2.7482e-06 -2.9233e-06 -3.1043e-06 -3.2911e-06 -3.4833e-06 -3.6808e-06 -3.8831e-06 -4.0895e-06 -4.2993e-06 -4.5115e-06 -4.7250e-06 -4.9382e-06 -5.1495e-06 -5.3566e-06 -5.5571e-06 -5.7480e-06 -5.9259e-06 -6.0868e-06 -6.2263e-06 -6.3395e-06 -6.4208e-06 -6.4643e-06 -6.4641e-06 -6.4138e-06 -6.3075e-06 -6.1399e-06 -5.9069e-06 -5.6060e-06 -5.2374e-06 -4.8046e-06 -4.3149e-06 -3.7802e-06 -3.2170e-06 -2.6459e-06 -2.0905e-06 -1.5750e-06 -1.1215e-06 -7.4670e-07 -4.5873e-07 -2.5585e-07 -1.2697e-07 -5.4683e-08 -1.9810e-08 -5.8035e-09 -1.3078e-09 -2.1265e-10 -2.2973e-11 -1.4808e-12 -4.9440e-14 -7.0856e-16 -3.3854e-18 -3.8221e-21 -6.3392e-25 -7.9322e-30 -2.8960e-36 -7.7623e-45 -1.9744e-56 -2.1367e-72 -7.8048e-95 -4.0929e-127 -7.7604e-175 -1.1249e-247 -0.0000e+00 -0.0000e+00 -0.0000e+00 -0.0000e+00 -0.0000e+00 -0.0000e+00 -0.0000e+00 -0.0000e+00 -0.0000e+00 -0.0000e+00 0.0000e+00 -4.1419e-08 -7.6184e-08 -1.1749e-07 -1.6456e-07 -2.1689e-07 -2.7417e-07 -3.3617e-07 -4.0277e-07 -4.7387e-07 -5.4944e-07 -6.2946e-07 -7.1395e-07 -8.0297e-07 -8.9656e-07 -9.9482e-07 -1.0978e-06 -1.2057e-06 -1.3186e-06 -1.4365e-06 -1.5597e-06 -1.6883e-06 -1.8224e-06 -1.9620e-06 -2.1075e-06 -2.2587e-06 -2.4159e-06 -2.5790e-06 -2.7482e-06 -2.9233e-06 -3.1043e-06 -3.2911e-06 -3.4833e-06 -3.6808e-06 -3.8831e-06 -4.0895e-06 -4.2993e-06 -4.5115e-06 -4.7250e-06 -4.9382e-06 -5.1495e-06 -5.3566e-06 -5.5571e-06 -5.7480e-06 -5.9259e-06 -6.0868e-06 -6.2263e-06 -6.3395e-06 -6.4208e-06 -6.4643e-06 -6.4641e-06 -6.4138e-06 -6.3075e-06 -6.1399e-06 -5.9069e-06 -5.6060e-06 -5.2374e-06 -4.8046e-06 -4.3149e-06 -3.7802e-06 -3.2170e-06 -2.6459e-06 -2.0905e-06 -1.5750e-06 -1.1215e-06 -7.4670e-07 -4.5873e-07 -2.5585e-07 -1.2697e-07 -5.4683e-08 -1.9810e-08 -5.8035e-09 -1.3078e-09 -2.1265e-10 -2.2973e-11 -1.4807e-12 -4.9440e-14 -7.0856e-16 -3.3854e-18 -3.8221e-21 -6.3392e-25 -7.9322e-30 -2.8960e-36 -7.7622e-45 -1.9744e-56 -2.1367e-72 -7.8048e-95 -4.0929e-127 -7.7603e-175 -1.1248e-247 -0.0000e+00 -0.0000e+00 -0.0000e+00 -0.0000e+00 -0.0000e+00 -0.0000e+00 -0.0000e+00 -0.0000e+00 -0.0000e+00 -0.0000e+00
-4.1419e-08 4.7796e-07 -2.1564e-07 -3.3256e-07 -4.6577e-07 -6.1390e-07 -7.7602e-07 -9.5154e-07 -1.1400e-06 -1.3413e-06 -1.5552e-06 -1.7817e-06 -2.0208e-06 -2.2728e-06 -2.5377e-06 -2.8158e-06 -3.1074e-06 -3.4128e-06 -3.7322e-06 -4.0661e-06 -4.4148e-06 -4.7787e-06 -5.1582e-06 -5.5535e-06 -5.9651e-06 -6.3932e-06 -6.8381e-06 -7.2999e-06 -7.7786e-06 -8.2743e-06 -8.7866e-06 -9.3153e-06 -9.8595e-06 -1.0419e-05 -1.0991e-05 -1.1575e-05 -1.2169e-05 -1.2770e-05 -1.3374e-05 -1.3978e-05 -1.4575e-05 -1.5162e-05 -1.5729e-05 -1.6270e-05 -1.6773e-05 -1.7229e-05 -1.7624e-05 -1.7944e-05 -1.8174e-05 -1.8297e-05 -1.8296e-05 -1.8154e-05 -1.7853e-05 -1.7379e-05 -1.6719e-05 -1.5868e-05 -1.4824e-05 -1.3599e-05 -1.2213e-05 -1.0700e-05 -9.1056e-06 -7.4892e-06 -5.9170e-06 -4.4579e-06 -3.1744e-06 -2.1135e-06 -1.2984e-06 -7.2417e-07 -3.5938e-07 -1.5478e-07 -5.6072e-08 -1.6427e-08 -3.7017e-09 -6.0191e-10 -6.5024e-11 -4.1913e-12 -1.3994e-13 -2.0056e-15 -9.5826e-18 -1.0819e-20 -1.7943e-24 -2.2453e-29 -8.1974e-36 -2.1972e-44 -5.5890e-56 -6.0486e-72 -2.2094e-94 -1.1587e-126 -2.1971e-174 -3.1851e-247 -0.0000e+00 -0.0000e+00 -0.0000e+00 -0.0000e+00 -0.0000e+00 -0.0000e+00 -0.0000e+00 -0.0000e+00 -0.0000e+00 -0.0000e+00 -4.1419e-08 0.0000e+00 -2.1564e-07 -3.3256e-07 -4.6577e-07 -6.1390e-07 -7.7602e-07 -9.5154e-07 -1.1400e-06 -1.3413e-06 -1.5552e-06 -1.7817e-06 -2.0208e-06 -2.2728e-06 -2.5377e-06 -2.8158e-06 -3.1074e-06 -3.4128e-06 -3.7322e-06 -4.0661e-06 -4.4148e-06 -4.7787e-06 -5.1582e-06 -5.5535e-06 -5.9651e-06 -6.3932e-06 -6.8381e-06 -7.2999e-06 -7.7786e-06 -8.2743e-06 -8.7866e-06 -9.3153e-06 -9.8595e-06 -1.0419e-05 -1.0991e-05 -1.1575e-05 -1.2169e-05 -1.2770e-05 -1.3374e-05 -1.3978e-05 -1.4575e-05 -1.5162e-05 -1.5729e-05 -1.6270e-05 -1.6773e-05 -1.7229e-05 -1.7624e-05 -1.7944e-05 -1.8174e-05 -1.8297e-05 -1.8296e-05 -1.8154e-05 -1.7853e-05 -1.7379e-05 -1.6719e-05 -1.5868e-05 -1.4824e-05 -1.3599e-05 -1.2213e-05 -1.0700e-05 -9.1056e-06 -7.4892e-06 -5.9170e-06 -4.4579e-06 -3.1744e-06 -2.1135e-06 -1.2984e-06 -7.2417e-07 -3.5938e-07 -1.5478e-07 -5.6072e-08 -1.6427e-08 -3.7017e-09 -6.0191e-10 -6.5024e-11 -4.1912e-12 -1.3994e-13 -2.0056e-15 -9.5824e-18 -1.0819e-20 -1.7943e-24 -2.2452e-29 -8.1971e-36 -2.1971e-44 -5.5887e-56 -6.0482e-72 -2.2092e-94 -1.1585e-126 -2.1967e-174 -3.1842e-247 -0.0000e+00 -0.0000e+00 -0.0000e+00 -0.0000e+00 -0.0000e+00 -0.0000e+00 -0.0000e+00 -0.0000e+00 -0.0000e+00 -0.0000e+00
-7.6184e-08 -2.1564e-07 2.4236e-06 -6.1169e-07 -8.5672e-07 -1.1292e-06 -1.4274e-06 -1.7502e-06 -2.0969e-06 -2.4671e-06 -2.8605e-06 -3.2771e-06 -3.7170e-06 -4.1804e-06 -4.6677e-06 -5.1792e-06 -5.7156e-06 -6.2772e-06 -6.8648e-06 -7.4789e-06 -8.1203e-06 -8.7897e-06 -9.4876e-06 -1.0215e-05 -1.0972e-05 -1.1759e-05 -1.2578e-05 -1.3427e-05 -1.4307e-05 -1.5219e-05 -1.6162e-05 -1.7134e-05 -1.8135e-05 -1.9163e-05 -2.0216e-05 -2.1291e-05 -2.2383e-05 -2.3488e-05 -2.4599e-05 -2.5709e-05 -2.6809e-05 -2.7888e-05 -2.8931e-05 -2.9925e-05 -3.0851e-05 -3.1689e-05 -3.2416e-05 -3.3005e-05 -3.3428e-05 -3.3655e-05 -3.3653e-05 -3.3392e-05 -3.2838e-05 -3.1966e-05 -3.0753e-05 -2.9186e-05 -2.7267e-05 -2.5014e-05 -2.2464e-05 -1.9681e-05 -1.6748e-05 -1.3775e-05 -1.0883e-05 -8.1997e-06 -5.8389e-06 -3.8875e-06 -2.3883e-06 -1.3320e-06 -6.6103e-07 -2.8470e-07 -1.0314e-07 -3.0215e-08 -6.8090e-09 -1.1072e-09 -1.1961e-10 -7.7096e-12 -2.5741e-13 -3.6892e-15 -1.7627e-17 -1.9902e-20 -3.3009e-24 -4.1305e-29 -1.5081e-35 -4.0425e-44 -1.0284e-55 -1.1130e-71 -4.0663e-94 -2.1330e-126 -4.0458e-174 -5.8678e-247 -0.0000e+00 -0.0000e+00 -0.0000e+00 -0.0000e+00 -0.0000e+00 -0.0000e+00 -0.0000e+00 -0.0000e+00 -0.0000e+00 -0.0000e+00 -7.6184e-08 -2.1564e-07 0.0000e+00 -6.1169e-07 -8.5672e-07 -1.1292e-06 -1.4274e-06 -1.7502e-06 -2.0969e-06 -2.4671e-06 -2.8605e-06 -3.2771e-06 -3.7170e-06 -4.1804e-06 -4.6677e-06 -5.1792e-06 -5.7156e-06 -6.2772e-06 -6.8648e-06 -7.4789e-06 -8.1203e-06 -8.7897e-06 -9.4876e-06 -1.0215e-05 -1.0972e-05 -1.1759e-05 -1.2578e-05 -1.3427e-05 -1.4307e-05 -1.5219e-05 -1.6162e-05 -1.7134e-05 -1.8135e-05 -1.9163e-05 -2.0216e-05 -2.1291e-05 -2.2383e-05 -2.3488e-05 -2.4599e-05 -2.5709e-05 -2.6809e-05 -2.7888e-05 -2.8931e-05 -2.9925e-05 -3.0851e-05 -3.1689e-05 -3.2416e-05 -3.3005e-05 -3.3428e-05 -3.3655e-05 -3.3653e-05 -3.3392e-05 -3.2838e-05 -3.1966e-05 -3.0752e-05 -2.9186e-05 -2.7267e-05 -2.5014e-05 -2.2464e-05 -1.9681e-05 -1.6748e-05 -1.3775e-05 -1.0883e-05 -8.1997e-06 -5.8389e-06 -3.8875e-06 -2.3882e-06 -1.3320e-06 -6.6102e-07 -2.8469e-07 -1.0314e-07 -3.0214e-08 -6.8088e-09 -1.1071e-09 -1.1960e-10 -7.7093e-12 -2.5740e-13 -3.6890e-15 -1.7626e-17 -1.9900e-20 -3.3005e-24 -4.1299e-29 -1.5078e-35 -4.0416e-44 -1.0281e-55 -1.1126e-71 -4.0643e-94 -2.1315e-126 -4.0421e-174 -5.8600e-247 -0.0000e+00 -0.0000e+00 -0.0000e+00 -0.0000e+00 -0.0000e+00 -0.0000e+00 -0.0000e+00 -0.0000e+00 -0.0000e+00 -0.0000e+00
-1.1749e-07 -3.3256e-07 -6.1169e-07 7.6772e-06 -1.3212e-06 -1.7414e-06 -2.2013e-06 -2.6992e-06 -3.2339e-06 -3.8048e-06 -4.4115e-06 -5.0540e-06 -5.7324e-06 -6.4471e-06 -7.1985e-06 -7.9874e-06 -8.8146e-06 -9.6807e-06 -1.0587e-05 -1.1534e-05 -1.2523e-05 -1.3555e-05 -1.4632e-05 -1.5753e-05 -1.6921e-05 -1.8135e-05 -1.9397e-05 -2.0707e-05 -2.2065e-05 -2.3471e-05 -2.4924e-05 -2.6424e-05 -2.7968e-05 -2.9554e-05 -3.1177e-05 -3.2835e-05 -3.4519e-05 -3.6223e-05 -3.7937e-05 -3.9649e-05 -4.1345e-05 -4.3009e-05 -4.4618e-05 -4.6151e-05 -4.7579e-05 -4.8872e-05 -4.9992e-05 -5.0900e-05 -5.1553e-05 -5.1903e-05 -5.1901e-05 -5.1497e-05 -5.0644e-05 -4.9298e-05 -4.7427e-05 -4.5011e-05 -4.2052e-05 -3.8577e-05 -3.4645e-05 -3.0352e-05 -2.5830e-05 -2.1245e-05 -1.6785e-05 -1.2646e-05 -9.0050e-06 -5.9955e-06 -3.6833e-06 -2.0543e-06 -1.0195e-06 -4.3908e-07 -1.5907e-07 -4.6601e-08 -1.0502e-08 -1.7076e-09 -1.8448e-10 -1.1891e-11 -3.9705e-13 -5.6907e-15 -2.7191e-17 -3.0701e-20 -5.0924e-24 -6.3730e-29 -2.3271e-35 -6.2389e-44 -1.5874e-55 -1.7186e-71 -6.2812e-94 -3.2967e-126 -6.2585e-174 -9.0886e-247 -0.0000e+00 -0.0000e+00 -0.0000e+00 -0.0000e+00 -0.0000e+00 -0.0000e+00 -0.0000e+00 -0.0000e+00 -0.0000e+00 -0.0000e+00 -1.1749e-07 -3.3256e-07 -6.1169e-07 0.0000e+00 -1.3212e-06 -1.7414e-06 -2.2013e-06 -2.6992e-06 -3.2339e-06 -3.8048e-06 -4.4115e-06 -5.0540e-06 -5.7324e-06 -6.4471e-06 -7.1985e-06 -7.9874e-06 -8.8146e-06 -9.6807e-06 -1.0587e-05 -1.1534e-05 -1.2523e-05 -1.3555e-05 -1.4632e-05 -1.5753e-05 -1.6921e-05 -1.8135e-05 -1.9397e-05 -2.0707e-05 -2.2065e-05 -2.3471e-05 -2.4924e-05 -2.6424e-05 -2.7968e-05 -2.9554e-05 -3.1177e-05 -3.2835e-05 -3.4519e-05 -3.6223e-05 -3.7937e-05 -3.9649e-05 -4.1345e-05 -4.3008e-05 -4.4618e-05 -4.6151e-05 -4.7579e-05 -4.8871e-05 -4.9992e-05 -5.0900e-05 -5.1553e-05 -5.1902e-05 -5.1900e-05 -5.1497e-05 -5.0643e-05 -4.9298e-05 -4.7427e-05 -4.5011e-05 -4.2052e-05 -3.8577e-05 -3.4645e-05 -3.0352e-05 -2.5830e-05 -2.1244e-05 -1.6785e-05 -1.2646e-05 -9.0048e-06 -5.9954e-06 -3.6832e-06 -2.0542e-06 -1.0194e-06 -4.3906e-07 -1.5906e-07 -4.6598e-08 -1.0501e-08 -1.7075e-09 -1.8446e-10 -1.1890e-11 -3.9699e-13 -5.6896e-15 -2.7185e-17 -3.0692e-20 -5.0906e-24 -6.3702e-29 -2.3258e-35 -6.2345e-44 -1.5860e-55 -1.7166e-71 -6.2714e-94 -3.2897e-126 -6.2400e-174 -9.0504e-247 -0.0000e+00 -0.0000e+00 -0.0000e+00 -0.0000e+00 -0.0000e+00 -0.0000e+00 -0.0000e+00 -0.0000e+00 -0.0000e+00 -0.0000e+00
-1.6456e-07 -4.6577e-07 -8.5672e-07 -1.3212e-06 1.8798e-05 -2.4390e-06 -3.0831e-06 -3.7804e-06 -4.5293e-06 -5.3289e-06 -6.1786e-06 -7.0785e-06 -8.0286e-06 -9.0296e-06 -1.0082e-05 -1.1187e-05 -1.2345e-05 -1.3559e-05 -1.4828e-05 -1.6154e-05 -1.7540e-05 -1.8986e-05 -2.0493e-05 -2.2064e-05 -2.3699e-05 -2.5400e-05 -2.7167e-05 -2.9002e-05 -3.0904e-05 -3.2873e-05 -3.4909e-05 -3.7009e-05 -3.9171e-05 -4.1392e-05 -4.3666e-05 -4.5987e-05 -4.8347e-05 -5.0733e-05 -5.3134e-05 -5.5532e-05 -5.7908e-05 -6.0237e-05 -6.2492e-05 -6.4639e-05 -6.6639e-05 -6.8449e-05 -7.0018e-05 -7.1290e-05 -7.2204e-05 -7.2694e-05 -7.2692e-05 -7.2126e-05 -7.0931e-05 -6.9047e-05 -6.6426e-05 -6.3043e-05 -5.8898e-05 -5.4031e-05 -4.8525e-05 -4.2512e-05 -3.6178e-05 -2.9756e-05 -2.3509e-05 -1.7712e-05 -1.2613e-05 -8.3977e-06 -5.1592e-06 -2.8775e-06 -1.4280e-06 -6.1504e-07 -2.2282e-07 -6.5278e-08 -1.4711e-08 -2.3922e-09 -2.5844e-10 -1.6660e-11 -5.5629e-13 -7.9736e-15 -3.8103e-17 -4.3026e-20 -7.1378e-24 -8.9343e-29 -3.2632e-35 -8.7513e-44 -2.2277e-55 -2.4132e-71 -8.8273e-94 -4.6386e-126 -8.8218e-174 -1.2846e-246 -0.0000e+00 -0.0000e+00 -0.0000e+00 -0.0000e+00 -0.0000e+00 -0.0000e+00 -0.0000e+00 -0.0000e+00 -0.0000e+00 -0.0000e+00 -1.6456e-07 -4.6577e-07 -8.5672e-07 -1.3212e-06 0.0000e+00 -2.4390e-06 -3.0831e-06 -3.7804e-06 -4.5293e-06 -5.3289e-06 -6.1786e-06 -7.0785e-06 -8.0286e-06 -9.0296e-06 -1.0082e-05 -1.1187e-05 -1.2345e-05 -1.3559e-05 -1.4828e-05 -1.6154e-05 -1.7540e-05 -1.8986e-05 -2.0493e-05 -2.2064e-05 -2.3699e-05 -2.5400e-05 -2.7167e-05 -2.9002e-05 -3.0904e-05 -3.2873e-05 -3.4909e-05 -3.7009e-05 -3.9171e-05 -4.1392e-05 -4.3666e-05 -4.5987e-05 -4.8347e-05 -5.0733e-05 -5.3134e-05 -5.5532e-05 -5.7907e-05 -6.0237e-05 -6.2491e-05 -6.4638e-05 -6.6639e-05 -6.8448e-05 -7.0017e-05 -7.1290e-05 -7.2204e-05 -7.2694e-05 -7.2691e-05 -7.2125e-05 -7.0930e-05 -6.9046e-05 -6.6425e-05 -6.3042e-05 -5.8897e-05 -5.4030e-05 -4.8523e-05 -4.2510e-05 -3.6177e-05 -2.9754e-05 -2.3508e-05 -1.7712e-05 -1.2612e-05 -8.3972e-06 -5.1587e-06 -2.8772e-06 -1.4279e-06 -6.1496e-07 -2.2279e-07 -6.5267e-08 -1.4708e-08 -2.3916e-09 -2.5837e-10 -1.6654e-11 -5.5607e-13 -7.9698e-15 -3.8081e-17 -4.2996e-20 -7.1317e-24 -8.9247e-29 -3.2588e-35 -8.7364e-44 -2.2227e-55 -2.4063e-71 -8.7935e-94 -4.6145e-126 -8.7584e-174 -1.2715e-246 -0.0000e+00 -0.0000e+00 -0.0000e+00 -0.0000e+00 -0.0000e+00 -0.0000e+00 -0.0000e+00 -0.0000e+00 -0.0000e+00 -0.0000e+00
-2.1689e-07 -6.1390e-07 -1.1292e-06 -1.7414e-06 -2.4390e-06 3.9118e-05 -4.0636e-06 -4.9826e-06 -5.9697e-06 -7.0236e-06 -8.1435e-06 -9.3296e-06 -1.0582e-05 -1.1901e-05 -1.3288e-05 -1.4745e-05 -1.6272e-05 -1.7871e-05 -1.9543e-05 -2.1292e-05 -2.3118e-05 -2.5023e-05 -2.7010e-05 -2.9081e-05 -3.1236e-05 -3.3478e-05 -3.5807e-05 -3.8225e-05 -4.0732e-05 -4.3328e-05 -4.6010e-05 -4.8779e-05 -5.1629e-05 -5.4556e-05 -5.7553e-05 -6.0613e-05 -6.3722e-05 -6.6868e-05 -7.0032e-05 -7.3193e-05 -7.6324e-05 -7.9394e-05 -8.2366e-05 -8.5195e-05 -8.7832e-05 -9.0218e-05 -9.2286e-05 -9.3963e-05 -9.5168e-05 -9.5814e-05 -9.5810e-05 -9.5065e-05 -9.3491e-05 -9.1007e-05 -8.7553e-05 -8.3094e-05 -7.7632e-05 -7.1217e-05 -6.3959e-05 -5.6034e-05 -4.7686e-05 -3.9221e-05 -3.0988e-05 -2.3347e-05 -1.6626e-05 -1.1070e-05 -6.8007e-06 -3.7931e-06 -1.8825e-06 -8.1080e-07 -2.9375e-07 -8.6061e-08 -1.9396e-08 -3.1541e-09 -3.4078e-10 -2.1969e-11 -7.3367e-13 -1.0517e-14 -5.0267e-17 -5.6774e-20 -9.4209e-24 -1.1796e-28 -4.3103e-35 -1.1566e-43 -2.9466e-55 -3.1956e-71 -1.1707e-93 -6.1654e-126 -1.1763e-173 -1.7213e-246 -0.0000e+00 -0.0000e+00 -0.0000e+00 -0.0000e+00 -0.0000e+00 -0.0000e+00 -0.0000e+00 -0.0000e+00 -0.0000e+00 -0.0000e+00 -2.1689e-07 -6.1390e-07 -1.1292e-06 -1.7414e-06 -2.4390e-06 0.0000e+00 -4.0636e-06 -4.9826e-06 -5.9697e-06 -7.0236e-06 -8.1435e-06 -9.3296e-06 -1.0582e-05 -1.1901e-05 -1.3288e-05 -1.4745e-05 -1.6272e-05 -1.7871e-05 -1.9543e-05 -2.1292e-05 -2.3118e-05 -2.5023e-05 -2.7010e-05 -2.9081e-05 -3.1236e-05 -3.3478e-05 -3.5807e-05 -3.8225e-05 -4.0732e-05 -4.3327e-05 -4.6010e-05 -4.8779e-05 -5.1629e-05 -5.4556e-05 -5.7553e-05 -6.0612e-05 -6.3722e-05 -6.6867e-05 -7.0031e-05 -7.3192e-05 -7.6323e-05 -7.9393e-05 -8.2365e-05 -8.5195e-05 -8.7831e-05 -9.0217e-05 -9.2285e-05 -9.3961e-05 -9.5166e-05 -9.5812e-05 -9.5809e-05 -9.5063e-05 -9.3488e-05 -9.1004e-05 -8.7550e-05 -8.3091e-05 -7.7629e-05 -7.1214e-05 -6.3956e-05 -5.6030e-05 -4.7682e-05 -3.9218e-05 -3.0985e-05 -2.3345e-05 -1.6624e-05 -1.1068e-05 -6.7996e-06 -3.7924e-06 -1.8821e-06 -8.1059e-07 -2.9366e-07 -8.6031e-08 -1.9388e-08 -3.1526e-09 -3.4059e-10 -2.1954e-11 -7.3307e-13 -1.0507e-14 -5.0207e-17 -5.6691e-20 -9.4041e-24 -1.1770e-28 -4.2983e-35 -1.1525e-43 -2.9331e-55 -3.1765e-71 -1.1614e-93 -6.0992e-126 -1.1589e-173 -1.6852e-246 -0.0000e+00 -0.0000e+00 -0.0000e+00 -0.0000e+00 -0.0000e+00 -0.0000e+00 -0.0000e+00 -0.0000e+00 -0.0000e+00 -0.0000e+00
-2.7417e-07 -7.7602e-07 -1.4274e-06 -2.2013e-06 -3.0831e-06 -4.0636e-06 7.2777e-05 -6.2985e-06 -7.5462e-06 -8.8784e-06 -1.0294e-05 -1.1793e-05 -1.3376e-05 -1.5044e-05 -1.6798e-05 -1.8639e-05 -2.0569e-05 -2.2590e-05 -2.4704e-05 -2.6915e-05 -2.9223e-05 -3.1632e-05 -3.4143e-05 -3.6760e-05 -3.9485e-05 -4.2319e-05 -4.5263e-05 -4.8320e-05 -5.1489e-05 -5.4770e-05 -5.8161e-05 -6.1661e-05 -6.5263e-05 -6.8964e-05 -7.2753e-05 -7.6620e-05 -8.0551e-05 -8.4527e-05 -8.8527e-05 -9.2522e-05 -9.6481e-05 -1.0036e-04 -1.0412e-04 -1.0770e-04 -1.1103e-04 -1.1404e-04 -1.1666e-04 -1.1878e-04 -1.2030e-04 -1.2112e-04 -1.2112e-04 -1.2017e-04 -1.1818e-04 -1.1505e-04 -1.1068e-04 -1.0504e-04 -9.8139e-05 -9.0030e-05 -8.0856e-05 -7.0838e-05 -6.0285e-05 -4.9584e-05 -3.9177e-05 -2.9517e-05 -2.1020e-05 -1.3996e-05 -8.5986e-06 -4.7960e-06 -2.3803e-06 -1.0253e-06 -3.7146e-07 -1.0884e-07 -2.4531e-08 -3.9896e-09 -4.3110e-10 -2.7796e-11 -9.2840e-13 -1.3312e-14 -6.3639e-17 -7.1902e-20 -1.1936e-23 -1.4954e-28 -5.4684e-35 -1.4688e-43 -3.7468e-55 -4.0707e-71 -1.4951e-93 -7.9020e-126 -1.5156e-173 -2.2355e-246 -0.0000e+00 -0.0000e+00 -0.0000e+00 -0.0000e+00 -0.0000e+00 -0.0000e+00 -0.0000e+00 -0.0000e+00 -0.0000e+00 -0.0000e+00 -2.7417e-07 -7.7602e-07 -1.4274e-06 -2.2013e-06 -3.0831e-06 -4.0636e-06 0.0000e+00 -6.2985e-06 -7.5462e-06 -8.8784e-06 -1.0294e-05 -1.1793e-05 -1.3376e-05 -1.5044e-05 -1.6798e-05 -1.8639e-05 -2.0569e-05 -2.2590e-05 -2.4704e-05 -2.6915e-05 -2.9223e-05 -3.1632e-05 -3.4143e-05 -3.6760e-05 -3.9485e-05 -4.2319e-05 -4.5263e-05 -4.8320e-05 -5.1489e-05 -5.4770e-05 -5.8161e-05 -6.1660e-05 -6.5263e-05 -6.8963e-05 -7.2752e-05 -7.6619e-05 -8.0550e-05 -8.4526e-05 -8.8526e-05 -9.2522e-05 -9.6480e-05 -1.0036e-04 -1.0412e-04 -1.0769e-04 -1.1103e-04 -1.1404e-04 -1.1666e-04 -1.1878e-04 -1.2030e-04 -1.2112e-04 -1.2111e-04 -1.2017e-04 -1.1818e-04 -1.1504e-04 -1.1067e-04 -1.0504e-04 -9.8131e-05 -9.0022e-05 -8.0847e-05 -7.0829e-05 -6.0277e-05 -4.9577e-05 -3.9170e-05 -2.9511e-05 -2.1015e-05 -1.3992e-05 -8.5959e-06 -4.7943e-06 -2.3793e-06 -1.0248e-06 -3.7126e-07 -1.0877e-07 -2.4512e-08 -3.9860e-09 -4.3064e-10 -2.7760e-11 -9.2699e-13 -1.3287e-14 -6.3499e-17 -7.1707e-20 -1.1897e-23 -1.4892e-28 -5.4400e-35 -1.4591e-43 -3.7151e-55 -4.0258e-71 -1.4732e-93 -7.7460e-126 -1.4744e-173 -2.1499e-246 -0.0000e+00 -0.0000e+00 -0.0000e+00 -0.0000e+00 -0.0000e+00 -0.0000e+00 -0.0000e+00 -0.0000e+00 -0.0000e+00 -0.0000e+00
-3.3617e-07 -9.5154e-07 -1.7502e-06 -2.6992e-06 -3.7804e-06 -4.9826e-06 -6.2985e-06 1.2476e-04 -9.2530e-06 -1.0886e-05 -1.2622e-05 -1.4461e-05 -1.6402e-05 -1.8447e-05 -2.0597e-05 -2.2854e-05 -2.5221e-05 -2.7699e-05 -3.0292e-05 -3.3002e-05 -3.5832e-05 -3.8786e-05 -4.1866e-05 -4.5074e-05 -4.8415e-05 -5.1890e-05 -5.5500e-05 -5.9248e-05 -6.3134e-05 -6.7157e-05 -7.1316e-05 -7.5606e-05 -8.0024e-05 -8.4561e-05 -8.9208e-05 -9.3949e-05 -9.8769e-05 -1.0365e-04 -1.0855e-04 -1.1345e-04 -1.1830e-04 -1.2306e-04 -1.2767e-04 -1.3206e-04 -1.3614e-04 -1.3984e-04 -1.4305e-04 -1.4565e-04 -1.4752e-04 -1.4852e-04 -1.4851e-04 -1.4736e-04 -1.4492e-04 -1.4107e-04 -1.3572e-04 -1.2881e-04 -1.2035e-04 -1.1040e-04 -9.9154e-05 -8.6870e-05 -7.3930e-05 -6.0809e-05 -4.8046e-05 -3.6201e-05 -2.5780e-05 -1.7166e-05 -1.0547e-05 -5.8829e-06 -2.9199e-06 -1.2578e-06 -4.5575e-07 -1.3355e-07 -3.0103e-08 -4.8966e-09 -5.2920e-10 -3.4128e-11 -1.1402e-12 -1.6354e-14 -7.8218e-17 -8.8419e-20 -1.4688e-23 -1.8418e-28 -6.7425e-35 -1.8138e-43 -4.6361e-55 -5.0508e-71 -1.8621e-93 -9.8959e-126 -1.9132e-173 -2.8553e-246 -0.0000e+00 -0.0000e+00 -0.0000e+00 -0.0000e+00 -0.0000e+00 -0.0000e+00 -0.0000e+00 -0.0000e+00 -0.0000e+00 -0.0000e+00 -3.3617e-07 -9.5154e-07 -1.7502e-06 -2.6992e-06 -3.7804e-06 -4.9826e-06 -6.2985e-06 0.0000e+00 -9.2530e-06 -1.0886e-05 -1.2622e-05 -1.4461e-05 -1.6402e-05 -1.8447e-05 -2.0597e-05 -2.2854e-05 -2.5221e-05 -2.7699e-05 -3.0292e-05 -3.3002e-05 -3.5832e-05 -3.8786e-05 -4.1866e-05 -4.5074e-05 -4.8415e-05 -5.1890e-05 -5.5500e-05 -5.9248e-05 -6.3134e-05 -6.7157e-05 -7.1315e-05 -7.5606e-05 -8.0024e-05 -8.4561e-05 -8.9207e-05 -9.3948e-05 -9.8768e-05 -1.0364e-04 -1.0855e-04 -1.1345e-04 -1.1830e-04 -1.2306e-04 -1.2767e-04 -1.3205e-04 -1.3614e-04 -1.3984e-04 -1.4304e-04 -1.4564e-04 -1.4751e-04 -1.4851e-04 -1.4851e-04 -1.4735e-04 -1.4491e-04 -1.4106e-04 -1.3571e-04 -1.2880e-04 -1.2033e-04 -1.1039e-04 -9.9136e-05 -8.6852e-05 -7.3913e-05 -6.0793e-05 -4.8032e-05 -3.6188e-05 -2.5770e-05 -1.7158e-05 -1.0541e-05 -5.8794e-06 -2.9179e-06 -1.2568e-06 -4.5532e-07 -1.3340e-07 -3.0064e-08 -4.8890e-09 -5.2824e-10 -3.4054e-11 -1.1373e-12 -1.6303e-14 -7.7922e-17 -8.8011e-20 -1.4605e-23 -1.8288e-28 -6.6828e-35 -1.7934e-43 -4.5692e-55 -4.9560e-71 -1.8160e-93 -9.5664e-126 -1.8260e-173 -2.6738e-246 -0.0000e+00 -0.0000e+00 -0.0000e+00 -0.0000e+00 -0.0000e+00 -0.0000e+00 -0.0000e+00 -0.0000e+00 -0.0000e+00 -0.0000e+00
-4.0277e-07 -1.1400e-06 -2.0969e-06 -3.2339e-06 -4.5293e-06 -5.9697e-06 -7.5462e-06 -9.2530e-06 2.0095e-04 -1.3043e-05 -1.5123e-05 -1.7325e-05 -1.9651e-05 -2.2101e-05 -2.4677e-05 -2.7382e-05 -3.0217e-05 -3.3186e-05 -3.6293e-05 -3.9540e-05 -4.2931e-05 -4.6470e-05 -5.0159e-05 -5.4004e-05 -5.8006e-05 -6.2169e-05 -6.6496e-05 -7.0986e-05 -7.5642e-05 -8.0462e-05 -8.5444e-05 -9.0585e-05 -9.5878e-05 -1.0131e-04 -1.0688e-04 -1.1256e-04 -1.1834e-04 -1.2418e-04 -1.3006e-04 -1.3593e-04 -1.4174e-04 -1.4744e-04 -1.5296e-04 -1.5822e-04 -1.6312e-04 -1.6755e-04 -1.7139e-04 -1.7451e-04 -1.7675e-04 -1.7795e-04 -1.7795e-04 -1.7657e-04 -1.7364e-04 -1.6904e-04 -1.6262e-04 -1.5435e-04 -1.4420e-04 -1.3229e-04 -1.1882e-04 -1.0410e-04 -8.8595e-05 -7.2873e-05 -5.7580e-05 -4.3386e-05 -3.0898e-05 -2.0575e-05 -1.2642e-05 -7.0523e-06 -3.5006e-06 -1.5081e-06 -5.4651e-07 -1.6017e-07 -3.6110e-08 -5.8749e-09 -6.3509e-10 -4.0971e-11 -1.3694e-12 -1.9650e-14 -9.4038e-17 -1.0638e-19 -1.7690e-23 -2.2210e-28 -8.1440e-35 -2.1956e-43 -5.6283e-55 -6.1562e-71 -2.2822e-93 -1.2223e-125 -2.3896e-173 -3.6255e-246 -0.0000e+00 -0.0000e+00 -0.0000e+00 -0.0000e+00 -0.0000e+00 -0.0000e+00 -0.0000e+00 -0.0000e+00 -0.0000e+00 -0.0000e+00 -4.0277e-07 -1.1400e-06 -2.0969e-06 -3.2339e-06 -4.5293e-06 -5.9697e-06 -7.5462e-06 -9.2530e-06 0.0000e+00 -1.3043e-05 -1.5123e-05 -1.7325e-05 -1.9651e-05 -2.2101e-05 -2.4677e-05 -2.7382e-05 -3.0217e-05 -3.3186e-05 -3.6293e-05 -3.9540e-05 -4.2931e-05 -4.6469e-05 -5.0159e-05 -5.4004e-05 -5.8006e-05 -6.2169e-05 -6.6495e-05 -7.0986e-05 -7.5641e-05 -8.0461e-05 -8.5443e-05 -9.0584e-05 -9.5877e-05 -1.0131e-04 -1.0688e-04 -1.1256e-04 -1.1834e-04 -1.2418e-04 -1.3005e-04 -1.3592e-04 -1.4174e-04 -1.4744e-04 -1.5296e-04 -1.5821e-04 -1.6311e-04 -1.6754e-04 -1.7138e-04 -1.7450e-04 -1.7673e-04 -1.7793e-04 -1.7793e-04 -1.7654e-04 -1.7362e-04 -1.6901e-04 -1.6260e-04 -1.5432e-04 -1.4417e-04 -1.3226e-04 -1.1878e-04 -1.0406e-04 -8.8562e-05 -7.2842e-05 -5.7552e-05 -4.3362e-05 -3.0879e-05 -2.0560e-05 -1.2631e-05 -7.0454e-06 -3.4967e-06 -1.5061e-06 -5.4567e-07 -1.5988e-07 -3.6034e-08 -5.8603e-09 -6.3323e-10 -4.0828e-11 -1.3636e-12 -1.9552e-14 -9.3467e-17 -1.0560e-19 -1.7529e-23 -2.1958e-28 -8.0285e-35 -2.1561e-43 -5.4989e-55 -5.9725e-71 -2.1927e-93 -1.1582e-125 -2.2198e-173 -3.2704e-246 -0.0000e+00 -0.0000e+00 -0.0000e+00 -0.0000e+00 -0.0000e+00 -0.0000e+00 -0.0000e+00 -0.0000e+00 -0.0000e+00 -0.0000e+00
-4.7387e-07 -1.3413e-06 -2.4671e-06 -3.8048e-06 -5.3289e-06 -7.0236e-06 -8.8784e-06 -1.0886e-05 -1.3043e-05 3.0818e-04 -1.7793e-05 -2.0384e-05 -2.3120e-05 -2.6003e-05 -2.9034e-05 -3.2215e-05 -3.5551e-05 -3.9045e-05 -4.2700e-05 -4.6520e-05 -5.0510e-05 -5.4673e-05 -5.9014e-05 -6.3538e-05 -6.8247e-05 -7.3145e-05 -7.8234e-05 -8.3518e-05 -8.8995e-05 -9.4666e-05 -1.0053e-04 -1.0658e-04 -1.1280e-04 -1.1920e-04 -1.2575e-04 -1.3243e-04 -1.3923e-04 -1.4610e-04 -1.5302e-04 -1.5992e-04 -1.6677e-04 -1.7348e-04 -1.7997e-04 -1.8616e-04 -1.9192e-04 -1.9714e-04 -2.0166e-04 -2.0533e-04 -2.0796e-04 -2.0938e-04 -2.0938e-04 -2.0776e-04 -2.0432e-04 -1.9890e-04 -1.9136e-04 -1.8162e-04 -1.6969e-04 -1.5568e-04 -1.3982e-04 -1.2251e-04 -1.0427e-04 -8.5766e-05 -6.7772e-05 -5.1068e-05 -3.6372e-05 -2.4221e-05 -1.4884e-05 -8.3037e-06 -4.1223e-06 -1.7762e-06 -6.4377e-07 -1.8871e-07 -4.2556e-08 -6.9257e-09 -7.4896e-10 -4.8338e-11 -1.6165e-12 -2.3212e-14 -1.1118e-16 -1.2591e-19 -2.0965e-23 -2.6368e-28 -9.6911e-35 -2.6205e-43 -6.7448e-55 -7.4178e-71 -2.7707e-93 -1.4996e-125 -2.9760e-173 -4.6137e-246 -0.0000e+00 -0.0000e+00 -0.0000e+00 -0.0000e+00 -0.0000e+00 -0.0000e+00 -0.0000e+00 -0.0000e+00 -0.0000e+00 -0.0000e+00 -4.7387e-07 -1.3413e-06 -2.4671e-06 -3.8048e-06 -5.3289e-06 -7.0236e-06 -8.8784e-06 -1.0886e-05 -1.3043e-05 0.0000e+00 -1.7793e-05 -2.0384e-05 -2.3120e-05 -2.6003e-05 -2.9034e-05 -3.2215e-05 -3.5551e-05 -3.9045e-05 -4.2700e-05 -4.6520e-05 -5.0509e-05 -5.4673e-05 -5.9014e-05 -6.3537e-05 -6.8246e-05 -7.3144e-05 -7.8234e-05 -8.3517e-05 -8.8994e-05 -9.4665e-05 -1.0053e-04 -1.0658e-04 -1.1280e-04 -1.1920e-04 -1.2575e-04 -1.3243e-04 -1.3923e-04 -1.4610e-04 -1.5301e-04 -1.5992e-04 -1.6676e-04 -1.7347e-04 -1.7996e-04 -1.8615e-04 -1.9191e-04 -1.9712e-04 -2.0164e-04 -2.0530e-04 -2.0794e-04 -2.0935e-04 -2.0934e-04 -2.0772e-04 -2.0428e-04 -1.9885e-04 -1.9131e-04 -1.8157e-04 -1.6963e-04 -1.5562e-04 -1.3976e-04 -1.2245e-04 -1.0421e-04 -8.5710e-05 -6.7721e-05 -5.1024e-05 -3.6336e-05 -2.4194e-05 -1.4865e-05 -8.2913e-06 -4.1152e-06 -1.7726e-06 -6.4227e-07 -1.8819e-07 -4.2419e-08 -6.8994e-09 -7.4560e-10 -4.8080e-11 -1.6062e-12 -2.3034e-14 -1.1015e-16 -1.2448e-19 -2.0674e-23 -2.5914e-28 -9.4821e-35 -2.5492e-43 -6.5103e-55 -7.0847e-71 -2.6080e-93 -1.3829e-125 -2.6653e-173 -3.9603e-246 -0.0000e+00 -0.0000e+00 -0.0000e+00 -0.0000e+00 -0.0000e+00 -0.0000e+00 -0.0000e+00 -0.0000e+00 -0.0000e+00 -0.0000e+00
-5.4944e-07 -1.5552e-06 -2.8605e-06 -4.4115e-06 -6.1786e-06 -8.1435e-06 -1.0294e-05 -1.2622e-05 -1.5123e-05 -1.7793e-05 4.5431e-04 -2.3634e-05 -2.6807e-05 -3.0149e-05 -3.3663e-05 -3.7353e-05 -4.1221e-05 -4.5271e-05 -4.9509e-05 -5.3938e-05 -5.8564e-05 -6.3391e-05 -6.8425e-05 -7.3670e-05 -7.9130e-05 -8.4809e-05 -9.0710e-05 -9.6836e-05 -1.0319e-04 -1.0976e-04 -1.1656e-04 -1.2357e-04 -1.3079e-04 -1.3821e-04 -1.4580e-04 -1.5356e-04 -1.6143e-04 -1.6940e-04 -1.7742e-04 -1.8543e-04 -1.9337e-04 -2.0115e-04 -2.0868e-04 -2.1585e-04 -2.2254e-04 -2.2859e-04 -2.3383e-04 -2.3809e-04 -2.4115e-04 -2.4279e-04 -2.4279e-04 -2.4092e-04 -2.3694e-04 -2.3066e-04 -2.2192e-04 -2.1063e-04 -1.9680e-04 -1.8055e-04 -1.6217e-04 -1.4209e-04 -1.2094e-04 -9.9489e-05 -7.8620e-05 -5.9247e-05 -4.2201e-05 -2.8106e-05 -1.7273e-05 -9.6381e-06 -4.7855e-06 -2.0623e-06 -7.4768e-07 -2.1923e-07 -4.9455e-08 -8.0517e-09 -8.7116e-10 -5.6259e-11 -1.8828e-12 -2.7061e-14 -1.2976e-16 -1.4717e-19 -2.4550e-23 -3.0950e-28 -1.1410e-34 -3.0978e-43 -8.0163e-55 -8.8801e-71 -3.3497e-93 -1.8379e-125 -3.7175e-173 -5.9205e-246 -0.0000e+00 -0.0000e+00 -0.0000e+00 -0.0000e+00 -0.0000e+00 -0.0000e+00 -0.0000e+00 -0.0000e+00 -0.0000e+00 -0.0000e+00 -5.4944e-07 -1.5552e-06 -2.8605e-06 -4.4115e-06 -6.1786e-06 -8.1435e-06 -1.0294e-05 -1.2622e-05 -1.5123e-05 -1.7793e-05 0.0000e+00 -2.3634e-05 -2.6807e-05 -3.0149e-05 -3.3663e-05 -3.7353e-05 -4.1221e-05 -4.5271e-05 -4.9509e-05 -5.3938e-05 -5.8564e-05 -6.3391e-05 -6.8425e-05 -7.3669e-05 -7.9129e-05 -8.4808e-05 -9.0709e-05 -9.6835e-05 -1.0319e-04 -1.0976e-04 -1.1656e-04 -1.2357e-04 -1.3079e-04 -1.3821e-04 -1.4580e-04 -1.5355e-04 -1.6143e-04 -1.6940e-04 -1.7741e-04 -1.8542e-04 -1.9335e-04 -2.0113e-04 -2.0866e-04 -2.1583e-04 -2.2251e-04 -2.2856e-04 -2.3380e-04 -2.3805e-04 -2.4110e-04 -2.4274e-04 -2.4274e-04 -2.4085e-04 -2.3686e-04 -2.3058e-04 -2.2183e-04 -2.1054e-04 -1.9670e-04 -1.8045e-04 -1.6207e-04 -1.4199e-04 -1.2084e-04 -9.9393e-05 -7.8534e-05 -5.9173e-05 -4.2140e-05 -2.8060e-05 -1.7240e-05 -9.6168e-06 -4.7733e-06 -2.0562e-06 -7.4510e-07 -2.1834e-07 -4.9221e-08 -8.0069e-09 -8.6542e-10 -5.5818e-11 -1.8651e-12 -2.6756e-14 -1.2799e-16 -1.4473e-19 -2.4051e-23 -3.0171e-28 -1.1052e-34 -2.9753e-43 -7.6131e-55 -8.3063e-71 -3.0688e-93 -1.6357e-125 -3.1766e-173 -4.7738e-246 -0.0000e+00 -0.0000e+00 -0.0000e+00 -0.0000e+00 -0.0000e+00 -0.0000e+00 -0.0000e+00 -0.0000e+00 -0.0000e+00 -0.0000e+00
-6.2946e-07 -1.7817e-06 -3.2771e-06 -5.0540e-06 -7.0785e-06 -9.3296e-06 -1.1793e-05 -1.4461e-05 -1.7325e-05 -2.0384e-05 -2.3634e-05 6.4830e-04 -3.0711e-05 -3.4540e-05 -3.8566e-05 -4.2793e-05 -4.7224e-05 -5.1864e-05 -5.6719e-05 -6.1794e-05 -6.7093e-05 -7.2624e-05 -7.8391e-05 -8.4399e-05 -9.0654e-05 -9.7161e-05 -1.0392e-04 -1.1094e-04 -1.1822e-04 -1.2575e-04 -1.3354e-04 -1.4157e-04 -1.4984e-04 -1.5834e-04 -1.6704e-04 -1.7592e-04 -1.8495e-04 -1.9408e-04 -2.0327e-04 -2.1245e-04 -2.2154e-04 -2.3045e-04 -2.3909e-04 -2.4731e-04 -2.5497e-04 -2.6190e-04 -2.6791e-04 -2.7279e-04 -2.7630e-04 -2.7819e-04 -2.7820e-04 -2.7605e-04 -2.7150e-04 -2.6431e-04 -2.5430e-04 -2.4137e-04 -2.2553e-04 -2.0693e-04 -1.8587e-04 -1.6286e-04 -1.3863e-04 -1.1405e-04 -9.0134e-05 -6.7931e-05 -4.8392e-05 -3.2234e-05 -1.9813e-05 -1.1057e-05 -5.4915e-06 -2.3672e-06 -8.5846e-07 -2.5181e-07 -5.6829e-08 -9.2573e-09 -1.0023e-09 -6.4777e-11 -2.1699e-12 -3.1227e-14 -1.4996e-16 -1.7040e-19 -2.8495e-23 -3.6034e-28 -1.3338e-34 -3.6402e-43 -9.4849e-55 -1.0604e-70 -4.0503e-93 -2.2602e-125 -4.6794e-173 -7.6952e-246 -0.0000e+00 -0.0000e+00 -0.0000e+00 -0.0000e+00 -0.0000e+00 -0.0000e+00 -0.0000e+00 -0.0000e+00 -0.0000e+00 -0.0000e+00 -6.2946e-07 -1.7817e-06 -3.2771e-06 -5.0540e-06 -7.0785e-06 -9.3296e-06 -1.1793e-05 -1.4461e-05 -1.7325e-05 -2.0384e-05 -2.3634e-05 0.0000e+00 -3.0711e-05 -3.4540e-05 -3.8566e-05 -4.2793e-05 -4.7224e-05 -5.1864e-05 -5.6719e-05 -6.1794e-05 -6.7093e-05 -7.2623e-05 -7.8390e-05 -8.4398e-05 -9.0653e-05 -9.7160e-05 -1.0392e-04 -1.1094e-04 -1.1821e-04 -1.2575e-04 -1.3353e-04 -1.4157e-04 -1.4984e-04 -1.5834e-04 -1.6704e-04 -1.7591e-04 -1.8494e-04 -1.9407e-04 -2.0325e-04 -2.1243e-04 -2.2152e-04 -2.3043e-04 -2.3906e-04 -2.4727e-04 -2.5493e-04 -2.6185e-04 -2.6786e-04 -2.7273e-04 -2.7623e-04 -2.7811e-04 -2.7810e-04 -2.7594e-04 -2.7138e-04 -2.6418e-04 -2.5416e-04 -2.4122e-04 -2.2537e-04 -2.0676e-04 -1.8569e-04 -1.6269e-04 -1.3846e-04 -1.1389e-04 -8.9993e-05 -6.7809e-05 -4.8292e-05 -3.2158e-05 -1.9759e-05 -1.1023e-05 -5.4715e-06 -2.3572e-06 -8.5424e-07 -2.5036e-07 -5.6447e-08 -9.1839e-09 -9.9287e-10 -6.4055e-11 -2.1411e-12 -3.0728e-14 -1.4707e-16 -1.6640e-19 -2.7676e-23 -3.4756e-28 -1.2749e-34 -3.4387e-43 -8.8209e-55 -9.6571e-71 -3.5849e-93 -1.9238e-125 -3.7731e-173 -5.7545e-246 -0.0000e+00 -0.0000e+00 -0.0000e+00 -0.0000e+00 -0.0000e+00 -0.0000e+00 -0.0000e+00 -0.0000e+00 -0.0000e+00 -0.0000e+00
-7.1395e-07 -2.0208e-06 -3.7170e-06 -5.7324e-06 -8.0286e-06 -1.0582e-05 -1.3376e-05 -1.6402e-05 -1.9651e-05 -2.3120e-05 -2.6807e-05 -3.0711e-05 9.0031e-04 -3.9176e-05 -4.3743e-05 -4.8537e-05 -5.3563e-05 -5.8826e-05 -6.4333e-05 -7.0089e-05 -7.6100e-05 -8.2373e-05 -8.8913e-05 -9.5729e-05 -1.0282e-04 -1.1020e-04 -1.1787e-04 -1.2583e-04 -1.3409e-04 -1.4263e-04 -1.5146e-04 -1.6058e-04 -1.6996e-04 -1.7960e-04 -1.8947e-04 -1.9954e-04 -2.0978e-04 -2.2014e-04 -2.3056e-04 -2.4098e-04 -2.5129e-04 -2.6141e-04 -2.7120e-04 -2.8052e-04 -2.8922e-04 -2.9709e-04 -3.0391e-04 -3.0945e-04 -3.1344e-04 -3.1559e-04 -3.1560e-04 -3.1317e-04 -3.0802e-04 -2.9987e-04 -2.8853e-04 -2.7387e-04 -2.5591e-04 -2.3481e-04 -2.1093e-04 -1.8484e-04 -1.5735e-04 -1.2946e-04 -1.0233e-04 -7.7130e-05 -5.4953e-05 -3.6611e-05 -2.2508e-05 -1.2565e-05 -6.2418e-06 -2.6915e-06 -9.7649e-07 -2.8656e-07 -6.4711e-08 -1.0549e-08 -1.1430e-09 -7.3951e-11 -2.4804e-12 -3.5750e-14 -1.7202e-16 -1.9595e-19 -3.2868e-23 -4.1727e-28 -1.5523e-34 -4.2646e-43 -1.1208e-54 -1.2675e-70 -4.9151e-93 -2.7992e-125 -5.9560e-173 -1.0161e-245 -0.0000e+00 -0.0000e+00 -0.0000e+00 -0.0000e+00 -0.0000e+00 -0.0000e+00 -0.0000e+00 -0.0000e+00 -0.0000e+00 -0.0000e+00 -7.1395e-07 -2.0208e-06 -3.7170e-06 -5.7324e-06 -8.0286e-06 -1.0582e-05 -1.3376e-05 -1.6402e-05 -1.9651e-05 -2.3120e-05 -2.6807e-05 -3.0711e-05 0.0000e+00 -3.9176e-05 -4.3743e-05 -4.8537e-05 -5.3563e-05 -5.8826e-05 -6.4333e-05 -7.0088e-05 -7.6099e-05 -8.2372e-05 -8.8913e-05 -9.5728e-05 -1.0282e-04 -1.1020e-04 -1.1787e-04 -1.2583e-04 -1.3408e-04 -1.4263e-04 -1.5146e-04 -1.6057e-04 -1.6995e-04 -1.7959e-04 -1.8946e-04 -1.9953e-04 -2.0977e-04 -2.2012e-04 -2.3054e-04 -2.4095e-04 -2.5126e-04 -2.6137e-04 -2.7115e-04 -2.8047e-04 -2.8915e-04 -2.9701e-04 -3.0382e-04 -3.0935e-04 -3.1332e-04 -3.1546e-04 -3.1545e-04 -3.1301e-04 -3.0783e-04 -2.9967e-04 -2.8830e-04 -2.7363e-04 -2.5566e-04 -2.3455e-04 -2.1066e-04 -1.8457e-04 -1.5709e-04 -1.2921e-04 -1.0210e-04 -7.6938e-05 -5.4796e-05 -3.6491e-05 -2.2424e-05 -1.2510e-05 -6.2104e-06 -2.6758e-06 -9.6984e-07 -2.8429e-07 -6.4108e-08 -1.0433e-08 -1.1282e-09 -7.2813e-11 -2.4348e-12 -3.4962e-14 -1.6745e-16 -1.8962e-19 -3.1572e-23 -3.9704e-28 -1.4591e-34 -3.9449e-43 -1.0152e-54 -1.1164e-70 -4.1696e-93 -2.2571e-125 -4.4826e-173 -6.9645e-246 -0.0000e+00 -0.0000e+00 -0.0000e+00 -0.0000e+00 -0.0000e+00 -0.0000e+00 -0.0000e+00 -0.0000e+00 -0.0000e+00 -0.0000e+00
-8.0297e-07 -2.2728e-06 -4.1804e-06 -6.4471e-06 -9.0296e-06 -1.1901e-05 -1.5044e-05 -1.8447e-05 -2.2101e-05 -2.6003e-05 -3.0149e-05 -3.4540e-05 -3.9176e-05 1.2218e-03 -4.9197e-05 -5.4588e-05 -6.0241e-05 -6.6161e-05 -7.2354e-05 -7.8827e-05 -8.5588e-05 -9.2643e-05 -9.9999e-05 -1.0766e-04 -1.1564e-04 -1.2394e-04 -1.3257e-04 -1.4152e-04 -1.5081e-04 -1.6042e-04 -1.7035e-04 -1.8060e-04 -1.9116e-04 -2.0200e-04 -2.1310e-04 -2.2443e-04 -2.3595e-04 -2.4760e-04 -2.5932e-04 -2.7104e-04 -2.8264e-04 -2.9402e-04 -3.0504e-04 -3.1553e-04 -3.2531e-04 -3.3417e-04 -3.4185e-04 -3.4809e-04 -3.5258e-04 -3.5501e-04 -3.5504e-04 -3.5232e-04 -3.4653e-04 -3.3738e-04 -3.2463e-04 -3.0816e-04 -2.8797e-04 -2.6425e-04 -2.3739e-04 -2.0805e-04 -1.7712e-04 -1.4575e-04 -1.1522e-04 -8.6861e-05 -6.1899e-05 -4.1248e-05 -2.5366e-05 -1.4164e-05 -7.0390e-06 -3.0366e-06 -1.1022e-06 -3.2367e-07 -7.3143e-08 -1.1934e-08 -1.2945e-09 -8.3859e-11 -2.8172e-12 -4.0685e-14 -1.9625e-16 -2.2422e-19 -3.7756e-23 -4.8169e-28 -1.8032e-34 -4.9940e-43 -1.3264e-54 -1.5206e-70 -6.0035e-93 -3.5008e-125 -7.6838e-173 -1.3655e-245 -0.0000e+00 -0.0000e+00 -0.0000e+00 -0.0000e+00 -0.0000e+00 -0.0000e+00 -0.0000e+00 -0.0000e+00 -0.0000e+00 -0.0000e+00 -8.0297e-07 -2.2728e-06 -4.1804e-06 -6.4471e-06 -9.0296e-06 -1.1901e-05 -1.5044e-05 -1.8447e-05 -2.2101e-05 -2.6003e-05 -3.0149e-05 -3.4540e-05 -3.9176e-05 0.0000e+00 -4.9197e-05 -5.4588e-05 -6.0241e-05 -6.6161e-05 -7.2354e-05 -7.8827e-05 -8.5587e-05 -9.2642e-05 -9.9998e-05 -1.0766e-04 -1.1564e-04 -1.2394e-04 -1.3257e-04 -1.4152e-04 -1.5080e-04 -1.6041e-04 -1.7034e-04 -1.8059e-04 -1.9115e-04 -2.0198e-04 -2.1308e-04 -2.2441e-04 -2.3592e-04 -2.4757e-04 -2.5929e-04 -2.7099e-04 -2.8259e-04 -2.9396e-04 -3.0497e-04 -3.1545e-04 -3.2522e-04 -3.3406e-04 -3.4172e-04 -3.4794e-04 -3.5241e-04 -3.5481e-04 -3.5481e-04 -3.5207e-04 -3.4625e-04 -3.3707e-04 -3.2429e-04 -3.0780e-04 -2.8759e-04 -2.6384e-04 -2.3698e-04 -2.0764e-04 -1.7672e-04 -1.4537e-04 -1.1488e-04 -8.6569e-05 -6.1660e-05 -4.1065e-05 -2.5236e-05 -1.4081e-05 -6.9910e-06 -3.0126e-06 -1.0921e-06 -3.2019e-07 -7.2222e-08 -1.1757e-08 -1.2719e-09 -8.2119e-11 -2.7476e-12 -3.9480e-14 -1.8925e-16 -2.1454e-19 -3.5769e-23 -4.5061e-28 -1.6598e-34 -4.5012e-43 -1.1631e-54 -1.2861e-70 -4.8407e-93 -2.6490e-125 -5.3433e-173 -8.4931e-246 -0.0000e+00 -0.0000e+00 -0.0000e+00 -0.0000e+00 -0.0000e+00 -0.0000e+00 -0.0000e+00 -0.0000e+00 -0.0000e+00 -0.0000e+00
-8.9656e-07 -2.5377e-06 -4.6677e-06 -7.1985e-06 -1.0082e-05 -1.3288e-05 -1.6798e-05 -2.0597e-05 -2.4677e-05 -2.9034e-05 -3.3663e-05 -3.8566e-05 -4.3743e-05 -4.9197e-05 1.6256e-03 -6.0951e-05 -6.7263e-05 -7.3873e-05 -8.0788e-05 -8.8016e-05 -9.5564e-05 -1.0344e-04 -1.1166e-04 -1.2021e-04 -1.2912e-04 -1.3839e-04 -1.4802e-04 -1.5802e-04 -1.6839e-04 -1.7912e-04 -1.9021e-04 -2.0166e-04 -2.1344e-04 -2.2555e-04 -2.3795e-04 -2.5060e-04 -2.6346e-04 -2.7648e-04 -2.8957e-04 -3.0265e-04 -3.1561e-04 -3.2833e-04 -3.4063e-04 -3.5236e-04 -3.6329e-04 -3.7318e-04 -3.8177e-04 -3.8875e-04 -3.9378e-04 -3.9650e-04 -3.9655e-04 -3.9353e-04 -3.8708e-04 -3.7688e-04 -3.6266e-04 -3.4429e-04 -3.2176e-04 -2.9527e-04 -2.6529e-04 -2.3253e-04 -1.9799e-04 -1.6295e-04 -1.2884e-04 -9.7148e-05 -6.9246e-05 -4.6157e-05 -2.8394e-05 -1.5861e-05 -7.8861e-06 -3.4039e-06 -1.2364e-06 -3.6333e-07 -8.2181e-08 -1.3423e-08 -1.4580e-09 -9.4604e-11 -3.1845e-12 -4.6101e-14 -2.2304e-16 -2.5580e-19 -4.3276e-23 -5.5541e-28 -2.0950e-34 -5.8584e-43 -1.5754e-54 -1.8352e-70 -7.3968e-93 -4.4299e-125 -1.0063e-172 -1.8691e-245 -0.0000e+00 -0.0000e+00 -0.0000e+00 -0.0000e+00 -0.0000e+00 -0.0000e+00 -0.0000e+00 -0.0000e+00 -0.0000e+00 -0.0000e+00 -8.9656e-07 -2.5377e-06 -4.6677e-06 -7.1985e-06 -1.0082e-05 -1.3288e-05 -1.6798e-05 -2.0597e-05 -2.4677e-05 -2.9034e-05 -3.3663e-05 -3.8566e-05 -4.3743e-05 -4.9197e-05 0.0000e+00 -6.0951e-05 -6.7263e-05 -7.3872e-05 -8.0787e-05 -8.8015e-05 -9.5563e-05 -1.0344e-04 -1.1165e-04 -1.2021e-04 -1.2912e-04 -1.3839e-04 -1.4802e-04 -1.5802e-04 -1.6838e-04 -1.7911e-04 -1.9020e-04 -2.0164e-04 -2.1343e-04 -2.2553e-04 -2.3792e-04 -2.5057e-04 -2.6343e-04 -2.7643e-04 -2.8952e-04 -3.0259e-04 -3.1554e-04 -3.2824e-04 -3.4053e-04 -3.5223e-04 -3.6314e-04 -3.7301e-04 -3.8158e-04 -3.8852e-04 -3.9352e-04 -3.9621e-04 -3.9621e-04 -3.9315e-04 -3.8666e-04 -3.7641e-04 -3.6216e-04 -3.4374e-04 -3.2118e-04 -2.9467e-04 -2.6468e-04 -2.3191e-04 -1.9740e-04 -1.6239e-04 -1.2833e-04 -9.6713e-05 -6.8891e-05 -4.5885e-05 -2.8202e-05 -1.5737e-05 -7.8147e-06 -3.3682e-06 -1.2213e-06 -3.5815e-07 -8.0811e-08 -1.3160e-08 -1.4243e-09 -9.2013e-11 -3.0807e-12 -4.4304e-14 -2.1260e-16 -2.4134e-19 -4.0306e-23 -5.0889e-28 -1.8798e-34 -5.1174e-43 -1.3290e-54 -1.4797e-70 -5.6224e-93 -3.1178e-125 -6.4089e-173 -1.0469e-245 -0.0000e+00 -0.0000e+00 -0.0000e+00 -0.0000e+00 -0.0000e+00 -0.0000e+00 -0.0000e+00 -0.0000e+00 -0.0000e+00 -0.0000e+00
-9.9482e-07 -2.8158e-06 -5.1792e-06 -7.9874e-06 -1.1187e-05 -1.4745e-05 -1.8639e-05 -2.2854e-05 -2.7382e-05 -3.2215e-05 -3.7353e-05 -4.2793e-05 -4.8537e-05 -5.4588e-05 -6.0951e-05 2.1261e-03 -7.4635e-05 -8.1969e-05 -8.9642e-05 -9.7662e-05 -1.0604e-04 -1.1478e-04 -1.2389e-04 -1.3339e-04 -1.4328e-04 -1.5356e-04 -1.6425e-04 -1.7534e-04 -1.8684e-04 -1.9875e-04 -2.1106e-04 -2.2377e-04 -2.3685e-04 -2.5028e-04 -2.6404e-04 -2.7808e-04 -2.9236e-04 -3.0680e-04 -3.2133e-04 -3.3585e-04 -3.5024e-04 -3.6435e-04 -3.7802e-04 -3.9104e-04 -4.0318e-04 -4.1417e-04 -4.2371e-04 -4.3147e-04 -4.3707e-04 -4.4011e-04 -4.4018e-04 -4.3685e-04 -4.2972e-04 -4.1842e-04 -4.0267e-04 -3.8230e-04 -3.5731e-04 -3.2794e-04 -2.9468e-04 -2.5832e-04 -2.2000e-04 -1.8109e-04 -1.4321e-04 -1.0802e-04 -7.7018e-05 -5.1355e-05 -3.1605e-05 -1.7663e-05 -8.7870e-06 -3.7953e-06 -1.3796e-06 -4.0581e-07 -9.1894e-08 -1.5030e-08 -1.6352e-09 -1.0631e-10 -3.5872e-12 -5.2085e-14 -2.5292e-16 -2.9138e-19 -4.9576e-23 -6.4080e-28 -2.4388e-34 -6.8975e-43 -1.8816e-54 -2.2323e-70 -9.2086e-93 -5.6795e-125 -1.3390e-172 -2.6070e-245 -0.0000e+00 -0.0000e+00 -0.0000e+00 -0.0000e+00 -0.0000e+00 -0.0000e+00 -0.0000e+00 -0.0000e+00 -0.0000e+00 -0.0000e+00 -9.9482e-07 -2.8158e-06 -5.1792e-06 -7.9874e-06 -1.1187e-05 -1.4745e-05 -1.8639e-05 -2.2854e-05 -2.7382e-05 -3.2215e-05 -3.7353e-05 -4.2793e-05 -4.8537e-05 -5.4588e-05 -6.0951e-05 0.0000e+00 -7.4634e-05 -8.1968e-05 -8.9641e-05 -9.7661e-05 -1.0604e-04 -1.1478e-04 -1.2389e-04 -1.3339e-04 -1.4327e-04 -1.5356e-04 -1.6424e-04 -1.7533e-04 -1.8683e-04 -1.9874e-04 -2.1105e-04 -2.2375e-04 -2.3682e-04 -2.5025e-04 -2.6400e-04 -2.7804e-04 -2.9230e-04 -3.0674e-04 -3.2126e-04 -3.3576e-04 -3.5013e-04 -3.6422e-04 -3.7787e-04 -3.9086e-04 -4.0297e-04 -4.1392e-04 -4.2343e-04 -4.3114e-04 -4.3669e-04 -4.3968e-04 -4.3969e-04 -4.3630e-04 -4.2911e-04 -4.1775e-04 -4.0193e-04 -3.8151e-04 -3.5648e-04 -3.2707e-04 -2.9379e-04 -2.5743e-04 -2.1913e-04 -1.8028e-04 -1.4248e-04 -1.0739e-04 -7.6502e-05 -5.0960e-05 -3.1325e-05 -1.7483e-05 -8.6833e-06 -3.7434e-06 -1.3577e-06 -3.9829e-07 -8.9901e-08 -1.4647e-08 -1.5861e-09 -1.0254e-10 -3.4361e-12 -4.9467e-14 -2.3769e-16 -2.7026e-19 -4.5233e-23 -5.7265e-28 -2.1228e-34 -5.8058e-43 -1.5172e-54 -1.7034e-70 -6.5468e-93 -3.6887e-125 -7.7549e-173 -1.3083e-245 -0.0000e+00 -0.0000e+00 -0.0000e+00 -0.0000e+00 -0.0000e+00 -0.0000e+00 -0.0000e+00 -0.0000e+00 -0.0000e+00 -0.0000e+00
