3.0426e-08 -8.2839e-08 -1.5237e-07 -2.3498e-07 -3.2910e-07 -4.3373e-07 -5.4822e-07 -6.7210e-07 -8.0507e-07 -9.4689e-07 -1.0974e-06 -1.2565e-06 -1.4241e-06 -1.6002e-06 -1.7846e-06 -1.9772e-06 -2.1780e-06 -2.3868e-06 -2.6034e-06 -2.8274e-06 -3.0585e-06 -3.2961e-06 -3.5396e-06 -3.7881e-06 -4.0405e-06 -4.2958e-06 -4.5522e-06 -4.8080e-06 -5.0609e-06 -5.3086e-06 -5.5480e-06 -5.7758e-06 -5.9882e-06 -6.1809e-06 -6.3494e-06 -6.4886e-06 -6.5930e-06 -6.6573e-06 -6.6757e-06 -6.6429e-06 -6.5539e-06 -6.4046e-06 -6.1922e-06 -5.9155e-06 -5.5754e-06 -5.1755e-06 -4.7225e-06 -4.2261e-06 -3.6993e-06 -3.1579e-06 -2.6199e-06 -2.1037e-06 -1.6274e-06 -1.2061e-06 -8.5105e-07 -5.6744e-07 -3.5438e-07 -2.0518e-07 -1.0879e-07 -5.2073e-08 -2.2115e-08 -8.1643e-09 -2.5563e-09 -6.5901e-10 -1.3496e-10 -2.1018e-11 -2.3603e-12 -1.7904e-13 -8.4612e-15 -2.2535e-16 -2.9835e-18 -1.6763e-20 -3.2706e-23 -1.7145e-26 -1.7343e-30 -2.2004e-35 -1.9871e-41 -6.0172e-49 -2.2204e-58 -2.5165e-70 -1.3067e-85 -2.1587e-105 -2.5326e-131 -8.4395e-166 -2.2235e-212 -1.8651e-276 -0.0000e+00 -0.0000e+00 -0.0000e+00 -0.0000e+00 -0.0000e+00 -0.0000e+00 -0.0000e+00 -0.0000e+00 -0.0000e+00 -0.0000e+00 -0.0000e+00 -0.0000e+00 -0.0000e+00 -0.0000e+00 0.0000e+00 -8.2839e-08 -1.5237e-07 -2.3498e-07 -3.2910e-07 -4.3373e-07 -5.4822e-07 -6.7210e-07 -8.0507e-07 -9.4689e-07 -1.0974e-06 -1.2565e-06 -1.4241e-06 -1.6002e-06 -1.7846e-06 -1.9772e-06 -2.1780e-06 -2.3868e-06 -2.6034e-06 -2.8274e-06 -3.0585e-06 -3.2961e-06 -3.5396e-06 -3.7881e-06 -4.0405e-06 -4.2958e-06 -4.5522e-06 -4.8080e-06 -5.0609e-06 -5.3086e-06 -5.5480e-06 -5.7758e-06 -5.9882e-06 -6.1809e-06 -6.3494e-06 -6.4886e-06 -6.5930e-06 -6.6573e-06 -6.6757e-06 -6.6429e-06 -6.5539e-06 -6.4046e-06 -6.1922e-06 -5.9155e-06 -5.5754e-06 -5.1755e-06 -4.7225e-06 -4.2261e-06 -3.6993e-06 -3.1579e-06 -2.6199e-06 -2.1037e-06 -1.6274e-06 -1.2061e-06 -8.5105e-07 -5.6744e-07 -3.5438e-07 -2.0518e-07 -1.0879e-07 -5.2073e-08 -2.2115e-08 -8.1643e-09 -2.5563e-09 -6.5901e-10 -1.3496e-10 -2.1018e-11 -2.3603e-12 -1.7904e-13 -8.4612e-15 -2.2535e-16 -2.9834e-18 -1.6763e-20 -3.2706e-23 -1.7145e-26 -1.7343e-30 -2.2003e-35 -1.9871e-41 -6.0171e-49 -2.2203e-58 -2.5165e-70 -1.3067e-85 -2.1586e-105 -2.5326e-131 -8.4391e-166 -2.2234e-212 -1.8649e-276 -0.0000e+00 -0.0000e+00 -0.0000e+00 -0.0000e+00 -0.0000e+00 -0.0000e+00 -0.0000e+00 -0.0000e+00 -0.0000e+00 -0.0000e+00 -0.0000e+00 -0.0000e+00 -0.0000e+00 -0.0000e+00
-8.2839e-08 4.8729e-07 -4.3127e-07 -6.6510e-07 -9.3150e-07 -1.2277e-06 -1.5517e-06 -1.9024e-06 -2.2787e-06 -2.6802e-06 -3.1062e-06 -3.5566e-06 -4.0310e-06 -4.5293e-06 -5.0512e-06 -5.5965e-06 -6.1649e-06 -6.7559e-06 -7.3689e-06 -8.0029e-06 -8.6570e-06 -9.3295e-06 -1.0019e-05 -1.0722e-05 -1.1437e-05 -1.2159e-05 -1.2885e-05 -1.3609e-05 -1.4325e-05 -1.5026e-05 -1.5703e-05 -1.6348e-05 -1.6949e-05 -1.7495e-05 -1.7972e-05 -1.8366e-05 -1.8661e-05 -1.8843e-05 -1.8895e-05 -1.8802e-05 -1.8551e-05 -1.8128e-05 -1.7527e-05 -1.6744e-05 -1.5781e-05 -1.4649e-05 -1.3367e-05 -1.1962e-05 -1.0471e-05 -8.9385e-06 -7.4155e-06 -5.9545e-06 -4.6062e-06 -3.4140e-06 -2.4089e-06 -1.6061e-06 -1.0031e-06 -5.8075e-07 -3.0794e-07 -1.4739e-07 -6.2597e-08 -2.3109e-08 -7.2357e-09 -1.8654e-09 -3.8201e-10 -5.9494e-11 -6.6812e-12 -5.0678e-13 -2.3951e-14 -6.3790e-16 -8.4453e-18 -4.7451e-20 -9.2584e-23 -4.8534e-26 -4.9096e-30 -6.2292e-35 -5.6258e-41 -1.7036e-48 -6.2867e-58 -7.1258e-70 -3.7004e-85 -6.1138e-105 -7.1741e-131 -2.3911e-165 -6.3016e-212 -5.2877e-276 -0.0000e+00 -0.0000e+00 -0.0000e+00 -0.0000e+00 -0.0000e+00 -0.0000e+00 -0.0000e+00 -0.0000e+00 -0.0000e+00 -0.0000e+00 -0.0000e+00 -0.0000e+00 -0.0000e+00 -0.0000e+00 -8.2839e-08 0.0000e+00 -4.3127e-07 -6.6510e-07 -9.3150e-07 -1.2277e-06 -1.5517e-06 -1.9024e-06 -2.2787e-06 -2.6802e-06 -3.1062e-06 -3.5566e-06 -4.0310e-06 -4.5293e-06 -5.0512e-06 -5.5965e-06 -6.1649e-06 -6.7559e-06 -7.3689e-06 -8.0029e-06 -8.6570e-06 -9.3295e-06 -1.0019e-05 -1.0722e-05 -1.1437e-05 -1.2159e-05 -1.2885e-05 -1.3609e-05 -1.4325e-05 -1.5026e-05 -1.5703e-05 -1.6348e-05 -1.6949e-05 -1.7495e-05 -1.7972e-05 -1.8366e-05 -1.8661e-05 -1.8843e-05 -1.8895e-05 -1.8802e-05 -1.8551e-05 -1.8128e-05 -1.7527e-05 -1.6744e-05 -1.5781e-05 -1.4649e-05 -1.3367e-05 -1.1962e-05 -1.0471e-05 -8.9385e-06 -7.4155e-06 -5.9545e-06 -4.6062e-06 -3.4140e-06 -2.4089e-06 -1.6061e-06 -1.0031e-06 -5.8075e-07 -3.0794e-07 -1.4739e-07 -6.2596e-08 -2.3109e-08 -7.2356e-09 -1.8653e-09 -3.8200e-10 -5.9492e-11 -6.6810e-12 -5.0677e-13 -2.3950e-14 -6.3787e-16 -8.4448e-18 -4.7448e-20 -9.2576e-23 -4.8529e-26 -4.9091e-30 -6.2284e-35 -5.6249e-41 -1.7033e-48 -6.2853e-58 -7.1237e-70 -3.6991e-85 -6.1111e-105 -7.1702e-131 -2.3895e-165 -6.2960e-212 -5.2815e-276 -0.0000e+00 -0.0000e+00 -0.0000e+00 -0.0000e+00 -0.0000e+00 -0.0000e+00 -0.0000e+00 -0.0000e+00 -0.0000e+00 -0.0000e+00 -0.0000e+00 -0.0000e+00 -0.0000e+00 -0.0000e+00
-1.5237e-07 -4.3127e-07 2.4709e-06 -1.2233e-06 -1.7133e-06 -2.2581e-06 -2.8541e-06 -3.4991e-06 -4.1913e-06 -4.9297e-06 -5.7133e-06 -6.5417e-06 -7.4143e-06 -8.3308e-06 -9.2908e-06 -1.0294e-05 -1.1339e-05 -1.2426e-05 -1.3554e-05 -1.4720e-05 -1.5923e-05 -1.7160e-05 -1.8428e-05 -1.9721e-05 -2.1036e-05 -2.2365e-05 -2.3699e-05 -2.5031e-05 -2.6348e-05 -2.7637e-05 -2.8884e-05 -3.0070e-05 -3.1175e-05 -3.2179e-05 -3.3056e-05 -3.3781e-05 -3.4325e-05 -3.4659e-05 -3.4755e-05 -3.4584e-05 -3.4121e-05 -3.3344e-05 -3.2238e-05 -3.0797e-05 -2.9027e-05 -2.6945e-05 -2.4586e-05 -2.2002e-05 -1.9260e-05 -1.6441e-05 -1.3640e-05 -1.0953e-05 -8.4727e-06 -6.2797e-06 -4.4310e-06 -2.9543e-06 -1.8451e-06 -1.0683e-06 -5.6644e-07 -2.7112e-07 -1.1515e-07 -4.2510e-08 -1.3310e-08 -3.4315e-09 -7.0274e-10 -1.0945e-10 -1.2291e-11 -9.3235e-13 -4.4065e-14 -1.1737e-15 -1.5539e-17 -8.7315e-20 -1.7038e-22 -8.9321e-26 -9.0366e-30 -1.1467e-34 -1.0358e-40 -3.1372e-48 -1.1580e-57 -1.3129e-69 -6.8208e-85 -1.1275e-104 -1.3240e-130 -4.4168e-165 -1.1654e-211 -9.7957e-276 -0.0000e+00 -0.0000e+00 -0.0000e+00 -0.0000e+00 -0.0000e+00 -0.0000e+00 -0.0000e+00 -0.0000e+00 -0.0000e+00 -0.0000e+00 -0.0000e+00 -0.0000e+00 -0.0000e+00 -0.0000e+00 -1.5237e-07 -4.3127e-07 0.0000e+00 -1.2233e-06 -1.7133e-06 -2.2581e-06 -2.8541e-06 -3.4991e-06 -4.1913e-06 -4.9297e-06 -5.7133e-06 -6.5417e-06 -7.4143e-06 -8.3308e-06 -9.2908e-06 -1.0294e-05 -1.1339e-05 -1.2426e-05 -1.3554e-05 -1.4720e-05 -1.5923e-05 -1.7160e-05 -1.8428e-05 -1.9721e-05 -2.1036e-05 -2.2365e-05 -2.3699e-05 -2.5031e-05 -2.6348e-05 -2.7637e-05 -2.8884e-05 -3.0070e-05 -3.1175e-05 -3.2179e-05 -3.3056e-05 -3.3781e-05 -3.4325e-05 -3.4659e-05 -3.4755e-05 -3.4584e-05 -3.4121e-05 -3.3344e-05 -3.2238e-05 -3.0797e-05 -2.9027e-05 -2.6945e-05 -2.4586e-05 -2.2002e-05 -1.9259e-05 -1.6441e-05 -1.3640e-05 -1.0952e-05 -8.4724e-06 -6.2795e-06 -4.4308e-06 -2.9542e-06 -1.8450e-06 -1.0682e-06 -5.6641e-07 -2.7111e-07 -1.1514e-07 -4.2506e-08 -1.3309e-08 -3.4311e-09 -7.0265e-10 -1.0943e-10 -1.2289e-11 -9.3218e-13 -4.4055e-14 -1.1734e-15 -1.5535e-17 -8.7285e-20 -1.7031e-22 -8.9279e-26 -9.0315e-30 -1.1459e-34 -1.0349e-40 -3.1341e-48 -1.1566e-57 -1.3111e-69 -6.8087e-85 -1.1250e-104 -1.3203e-130 -4.4012e-165 -1.1602e-211 -9.7377e-276 -0.0000e+00 -0.0000e+00 -0.0000e+00 -0.0000e+00 -0.0000e+00 -0.0000e+00 -0.0000e+00 -0.0000e+00 -0.0000e+00 -0.0000e+00 -0.0000e+00 -0.0000e+00 -0.0000e+00 -0.0000e+00
-2.3498e-07 -6.6510e-07 -1.2233e-06 7.8269e-06 -2.6423e-06 -3.4823e-06 -4.4015e-06 -5.3962e-06 -6.4638e-06 -7.6025e-06 -8.8110e-06 -1.0088e-05 -1.1434e-05 -1.2848e-05 -1.4328e-05 -1.5875e-05 -1.7487e-05 -1.9164e-05 -2.0902e-05 -2.2701e-05 -2.4556e-05 -2.6464e-05 -2.8419e-05 -3.0414e-05 -3.2441e-05 -3.4490e-05 -3.6549e-05 -3.8603e-05 -4.0634e-05 -4.2622e-05 -4.4544e-05 -4.6373e-05 -4.8079e-05 -4.9626e-05 -5.0979e-05 -5.2097e-05 -5.2935e-05 -5.3451e-05 -5.3599e-05 -5.3336e-05 -5.2622e-05 -5.1423e-05 -4.9718e-05 -4.7496e-05 -4.4766e-05 -4.1556e-05 -3.7918e-05 -3.3933e-05 -2.9703e-05 -2.5357e-05 -2.1037e-05 -1.6892e-05 -1.3067e-05 -9.6853e-06 -6.8341e-06 -4.5567e-06 -2.8458e-06 -1.6477e-06 -8.7371e-07 -4.1821e-07 -1.7762e-07 -6.5575e-08 -2.0533e-08 -5.2938e-09 -1.0842e-09 -1.6887e-10 -1.8965e-11 -1.4387e-12 -6.8004e-14 -1.8115e-15 -2.3987e-17 -1.3481e-19 -2.6310e-22 -1.3796e-25 -1.3962e-29 -1.7723e-34 -1.6015e-40 -4.8534e-48 -1.7927e-57 -2.0343e-69 -1.0580e-84 -1.7514e-104 -2.0603e-130 -6.8898e-165 -1.8239e-211 -1.5399e-275 -0.0000e+00 -0.0000e+00 -0.0000e+00 -0.0000e+00 -0.0000e+00 -0.0000e+00 -0.0000e+00 -0.0000e+00 -0.0000e+00 -0.0000e+00 -0.0000e+00 -0.0000e+00 -0.0000e+00 -0.0000e+00 -2.3498e-07 -6.6510e-07 -1.2233e-06 0.0000e+00 -2.6423e-06 -3.4823e-06 -4.4015e-06 -5.3962e-06 -6.4638e-06 -7.6025e-06 -8.8110e-06 -1.0088e-05 -1.1434e-05 -1.2848e-05 -1.4328e-05 -1.5875e-05 -1.7487e-05 -1.9164e-05 -2.0902e-05 -2.2701e-05 -2.4556e-05 -2.6464e-05 -2.8419e-05 -3.0414e-05 -3.2441e-05 -3.4490e-05 -3.6549e-05 -3.8602e-05 -4.0634e-05 -4.2622e-05 -4.4544e-05 -4.6373e-05 -4.8078e-05 -4.9626e-05 -5.0979e-05 -5.2096e-05 -5.2935e-05 -5.3451e-05 -5.3599e-05 -5.3335e-05 -5.2621e-05 -5.1422e-05 -4.9717e-05 -4.7495e-05 -4.4765e-05 -4.1554e-05 -3.7917e-05 -3.3931e-05 -2.9702e-05 -2.5355e-05 -2.1035e-05 -1.6891e-05 -1.3066e-05 -9.6844e-06 -6.8334e-06 -4.5561e-06 -2.8454e-06 -1.6475e-06 -8.7356e-07 -4.1812e-07 -1.7758e-07 -6.5558e-08 -2.0527e-08 -5.2920e-09 -1.0838e-09 -1.6879e-10 -1.8956e-11 -1.4379e-12 -6.7957e-14 -1.8100e-15 -2.3965e-17 -1.3466e-19 -2.6276e-22 -1.3776e-25 -1.3937e-29 -1.7685e-34 -1.5975e-40 -4.8385e-48 -1.7860e-57 -2.0250e-69 -1.0521e-84 -1.7392e-104 -2.0423e-130 -6.8136e-165 -1.7980e-211 -1.5114e-275 -0.0000e+00 -0.0000e+00 -0.0000e+00 -0.0000e+00 -0.0000e+00 -0.0000e+00 -0.0000e+00 -0.0000e+00 -0.0000e+00 -0.0000e+00 -0.0000e+00 -0.0000e+00 -0.0000e+00 -0.0000e+00
-3.2910e-07 -9.3150e-07 -1.7133e-06 -2.6423e-06 1.9164e-05 -4.8771e-06 -6.1645e-06 -7.5576e-06 -9.0527e-06 -1.0647e-05 -1.2340e-05 -1.4129e-05 -1.6014e-05 -1.7993e-05 -2.0067e-05 -2.2233e-05 -2.4491e-05 -2.6839e-05 -2.9275e-05 -3.1793e-05 -3.4392e-05 -3.7064e-05 -3.9801e-05 -4.2596e-05 -4.5435e-05 -4.8305e-05 -5.1188e-05 -5.4064e-05 -5.6909e-05 -5.9694e-05 -6.2386e-05 -6.4948e-05 -6.7336e-05 -6.9504e-05 -7.1399e-05 -7.2964e-05 -7.4140e-05 -7.4862e-05 -7.5070e-05 -7.4701e-05 -7.3701e-05 -7.2023e-05 -6.9636e-05 -6.6524e-05 -6.2700e-05 -5.8204e-05 -5.3110e-05 -4.7528e-05 -4.1605e-05 -3.5517e-05 -2.9467e-05 -2.3662e-05 -1.8305e-05 -1.3567e-05 -9.5736e-06 -6.3834e-06 -3.9869e-06 -2.3085e-06 -1.2241e-06 -5.8597e-07 -2.4888e-07 -9.1892e-08 -2.8776e-08 -7.4196e-09 -1.5197e-09 -2.3673e-10 -2.6592e-11 -2.0176e-12 -9.5385e-14 -2.5415e-15 -3.3663e-17 -1.8925e-19 -3.6950e-22 -1.9386e-25 -1.9630e-29 -2.4937e-34 -2.2555e-40 -6.8428e-48 -2.5311e-57 -2.8773e-69 -1.4998e-84 -2.4901e-104 -2.9405e-130 -9.8830e-165 -2.6340e-211 -2.2443e-275 -0.0000e+00 -0.0000e+00 -0.0000e+00 -0.0000e+00 -0.0000e+00 -0.0000e+00 -0.0000e+00 -0.0000e+00 -0.0000e+00 -0.0000e+00 -0.0000e+00 -0.0000e+00 -0.0000e+00 -0.0000e+00 -3.2910e-07 -9.3150e-07 -1.7133e-06 -2.6423e-06 0.0000e+00 -4.8771e-06 -6.1645e-06 -7.5576e-06 -9.0527e-06 -1.0647e-05 -1.2340e-05 -1.4129e-05 -1.6014e-05 -1.7993e-05 -2.0067e-05 -2.2233e-05 -2.4491e-05 -2.6839e-05 -2.9274e-05 -3.1793e-05 -3.4392e-05 -3.7064e-05 -3.9801e-05 -4.2596e-05 -4.5435e-05 -4.8305e-05 -5.1188e-05 -5.4064e-05 -5.6909e-05 -5.9694e-05 -6.2386e-05 -6.4947e-05 -6.7335e-05 -6.9503e-05 -7.1398e-05 -7.2963e-05 -7.4138e-05 -7.4860e-05 -7.5067e-05 -7.4698e-05 -7.3698e-05 -7.2020e-05 -6.9632e-05 -6.6520e-05 -6.2696e-05 -5.8199e-05 -5.3105e-05 -4.7523e-05 -4.1600e-05 -3.5513e-05 -2.9462e-05 -2.3658e-05 -1.8301e-05 -1.3564e-05 -9.5711e-06 -6.3816e-06 -3.9855e-06 -2.3076e-06 -1.2236e-06 -5.8568e-07 -2.4875e-07 -9.1834e-08 -2.8755e-08 -7.4135e-09 -1.5183e-09 -2.3647e-10 -2.6558e-11 -2.0147e-12 -9.5223e-14 -2.5365e-15 -3.3586e-17 -1.8874e-19 -3.6834e-22 -1.9314e-25 -1.9544e-29 -2.4807e-34 -2.2414e-40 -6.7916e-48 -2.5081e-57 -2.8455e-69 -1.4795e-84 -2.4481e-104 -2.8786e-130 -9.6202e-165 -2.5446e-211 -2.1458e-275 -0.0000e+00 -0.0000e+00 -0.0000e+00 -0.0000e+00 -0.0000e+00 -0.0000e+00 -0.0000e+00 -0.0000e+00 -0.0000e+00 -0.0000e+00 -0.0000e+00 -0.0000e+00 -0.0000e+00 -0.0000e+00
-4.3373e-07 -1.2277e-06 -2.2581e-06 -3.4823e-06 -4.8771e-06 3.9881e-05 -8.1245e-06 -9.9604e-06 -1.1931e-05 -1.4033e-05 -1.6263e-05 -1.8621e-05 -2.1105e-05 -2.3714e-05 -2.6447e-05 -2.9302e-05 -3.2278e-05 -3.5373e-05 -3.8582e-05 -4.1902e-05 -4.5327e-05 -4.8848e-05 -5.2456e-05 -5.6139e-05 -5.9881e-05 -6.3664e-05 -6.7464e-05 -7.1255e-05 -7.5004e-05 -7.8675e-05 -8.2223e-05 -8.5599e-05 -8.8748e-05 -9.1605e-05 -9.4103e-05 -9.6166e-05 -9.7716e-05 -9.8669e-05 -9.8943e-05 -9.8458e-05 -9.7141e-05 -9.4930e-05 -9.1784e-05 -8.7684e-05 -8.2645e-05 -7.6720e-05 -7.0007e-05 -6.2651e-05 -5.4844e-05 -4.6820e-05 -3.8845e-05 -3.1194e-05 -2.4132e-05 -1.7888e-05 -1.2623e-05 -8.4170e-06 -5.2573e-06 -3.0443e-06 -1.6145e-06 -7.7289e-07 -3.2831e-07 -1.2123e-07 -3.7970e-08 -9.7918e-09 -2.0060e-09 -3.1255e-10 -3.5118e-11 -2.6654e-12 -1.2606e-13 -3.3602e-15 -4.4531e-17 -2.5050e-19 -4.8946e-22 -2.5703e-25 -2.6055e-29 -3.3143e-34 -3.0027e-40 -9.1283e-48 -3.3851e-57 -3.8606e-69 -2.0205e-84 -3.3722e-104 -4.0092e-130 -1.3595e-164 -3.6662e-211 -3.1735e-275 -0.0000e+00 -0.0000e+00 -0.0000e+00 -0.0000e+00 -0.0000e+00 -0.0000e+00 -0.0000e+00 -0.0000e+00 -0.0000e+00 -0.0000e+00 -0.0000e+00 -0.0000e+00 -0.0000e+00 -0.0000e+00 -4.3373e-07 -1.2277e-06 -2.2581e-06 -3.4823e-06 -4.8771e-06 0.0000e+00 -8.1245e-06 -9.9604e-06 -1.1931e-05 -1.4033e-05 -1.6263e-05 -1.8621e-05 -2.1105e-05 -2.3714e-05 -2.6447e-05 -2.9302e-05 -3.2278e-05 -3.5373e-05 -3.8582e-05 -4.1902e-05 -4.5326e-05 -4.8848e-05 -5.2456e-05 -5.6139e-05 -5.9881e-05 -6.3663e-05 -6.7463e-05 -7.1254e-05 -7.5003e-05 -7.8673e-05 -8.2221e-05 -8.5597e-05 -8.8745e-05 -9.1602e-05 -9.4099e-05 -9.6162e-05 -9.7711e-05 -9.8663e-05 -9.8936e-05 -9.8450e-05 -9.7132e-05 -9.4920e-05 -9.1773e-05 -8.7672e-05 -8.2633e-05 -7.6707e-05 -6.9993e-05 -6.2637e-05 -5.4830e-05 -4.6807e-05 -3.8832e-05 -3.1182e-05 -2.4122e-05 -1.7879e-05 -1.2616e-05 -8.4119e-06 -5.2537e-06 -3.0419e-06 -1.6130e-06 -7.7210e-07 -3.2793e-07 -1.2107e-07 -3.7912e-08 -9.7749e-09 -2.0020e-09 -3.1184e-10 -3.5026e-11 -2.6573e-12 -1.2561e-13 -3.3465e-15 -4.4320e-17 -2.4911e-19 -4.8628e-22 -2.5506e-25 -2.5819e-29 -3.2786e-34 -2.9641e-40 -8.9874e-48 -3.3219e-57 -3.7730e-69 -1.9644e-84 -3.2565e-104 -3.8381e-130 -1.2867e-164 -3.4177e-211 -2.8988e-275 -0.0000e+00 -0.0000e+00 -0.0000e+00 -0.0000e+00 -0.0000e+00 -0.0000e+00 -0.0000e+00 -0.0000e+00 -0.0000e+00 -0.0000e+00 -0.0000e+00 -0.0000e+00 -0.0000e+00 -0.0000e+00
-5.4822e-07 -1.5517e-06 -2.8541e-06 -4.4015e-06 -6.1645e-06 -8.1245e-06 7.4196e-05 -1.2590e-05 -1.5080e-05 -1.7737e-05 -2.0556e-05 -2.3537e-05 -2.6676e-05 -2.9974e-05 -3.3428e-05 -3.7037e-05 -4.0799e-05 -4.4710e-05 -4.8767e-05 -5.2963e-05 -5.7291e-05 -6.1742e-05 -6.6303e-05 -7.0958e-05 -7.5688e-05 -8.0469e-05 -8.5273e-05 -9.0065e-05 -9.4804e-05 -9.9444e-05 -1.0393e-04 -1.0820e-04 -1.1218e-04 -1.1579e-04 -1.1895e-04 -1.2156e-04 -1.2352e-04 -1.2472e-04 -1.2507e-04 -1.2446e-04 -1.2280e-04 -1.2000e-04 -1.1603e-04 -1.1085e-04 -1.0448e-04 -9.6993e-05 -8.8509e-05 -7.9211e-05 -6.9343e-05 -5.9201e-05 -4.9119e-05 -3.9447e-05 -3.0519e-05 -2.2623e-05 -1.5966e-05 -1.0647e-05 -6.6510e-06 -3.8517e-06 -2.0430e-06 -9.7818e-07 -4.1559e-07 -1.5350e-07 -4.8086e-08 -1.2404e-08 -2.5420e-09 -3.9622e-10 -4.4538e-11 -3.3822e-12 -1.6005e-13 -4.2695e-15 -5.6630e-17 -3.1890e-19 -6.2387e-22 -3.2809e-25 -3.3319e-29 -4.2476e-34 -3.8586e-40 -1.1769e-47 -4.3825e-57 -5.0240e-69 -2.6467e-84 -4.4541e-104 -5.3524e-130 -1.8403e-164 -5.0531e-211 -4.4792e-275 -0.0000e+00 -0.0000e+00 -0.0000e+00 -0.0000e+00 -0.0000e+00 -0.0000e+00 -0.0000e+00 -0.0000e+00 -0.0000e+00 -0.0000e+00 -0.0000e+00 -0.0000e+00 -0.0000e+00 -0.0000e+00 -5.4822e-07 -1.5517e-06 -2.8541e-06 -4.4015e-06 -6.1645e-06 -8.1245e-06 0.0000e+00 -1.2590e-05 -1.5080e-05 -1.7737e-05 -2.0556e-05 -2.3537e-05 -2.6676e-05 -2.9974e-05 -3.3428e-05 -3.7037e-05 -4.0799e-05 -4.4710e-05 -4.8766e-05 -5.2963e-05 -5.7291e-05 -6.1742e-05 -6.6302e-05 -7.0957e-05 -7.5687e-05 -8.0468e-05 -8.5271e-05 -9.0062e-05 -9.4801e-05 -9.9441e-05 -1.0393e-04 -1.0819e-04 -1.1217e-04 -1.1578e-04 -1.1894e-04 -1.2155e-04 -1.2351e-04 -1.2471e-04 -1.2506e-04 -1.2444e-04 -1.2278e-04 -1.1998e-04 -1.1600e-04 -1.1082e-04 -1.0445e-04 -9.6962e-05 -8.8476e-05 -7.9178e-05 -6.9310e-05 -5.9170e-05 -4.9090e-05 -3.9420e-05 -3.0495e-05 -2.2603e-05 -1.5950e-05 -1.0635e-05 -6.6424e-06 -3.8461e-06 -2.0396e-06 -9.7633e-07 -4.1470e-07 -1.5312e-07 -4.7951e-08 -1.2364e-08 -2.5327e-09 -3.9454e-10 -4.4321e-11 -3.3631e-12 -1.5901e-13 -4.2373e-15 -5.6133e-17 -3.1563e-19 -6.1637e-22 -3.2346e-25 -3.2763e-29 -4.1635e-34 -3.7675e-40 -1.1437e-47 -4.2332e-57 -4.8167e-69 -2.5136e-84 -4.1793e-104 -4.9448e-130 -1.6663e-164 -4.4564e-211 -3.8154e-275 -0.0000e+00 -0.0000e+00 -0.0000e+00 -0.0000e+00 -0.0000e+00 -0.0000e+00 -0.0000e+00 -0.0000e+00 -0.0000e+00 -0.0000e+00 -0.0000e+00 -0.0000e+00 -0.0000e+00 -0.0000e+00
-6.7210e-07 -1.9024e-06 -3.4991e-06 -5.3962e-06 -7.5576e-06 -9.9604e-06 -1.2590e-05 1.2719e-04 -1.8488e-05 -2.1745e-05 -2.5202e-05 -2.8856e-05 -3.2705e-05 -3.6748e-05 -4.0982e-05 -4.5407e-05 -5.0019e-05 -5.4814e-05 -5.9787e-05 -6.4932e-05 -7.0239e-05 -7.5696e-05 -8.1287e-05 -8.6995e-05 -9.2794e-05 -9.8656e-05 -1.0455e-04 -1.1042e-04 -1.1623e-04 -1.2192e-04 -1.2742e-04 -1.3266e-04 -1.3754e-04 -1.4197e-04 -1.4584e-04 -1.4904e-04 -1.5145e-04 -1.5293e-04 -1.5336e-04 -1.5261e-04 -1.5057e-04 -1.4715e-04 -1.4228e-04 -1.3594e-04 -1.2813e-04 -1.1895e-04 -1.0855e-04 -9.7155e-05 -8.5057e-05 -7.2621e-05 -6.0259e-05 -4.8397e-05 -3.7447e-05 -2.7762e-05 -1.9595e-05 -1.3069e-05 -8.1652e-06 -4.7296e-06 -2.5091e-06 -1.2017e-06 -5.1069e-07 -1.8868e-07 -5.9130e-08 -1.5260e-08 -3.1288e-09 -4.8796e-10 -5.4889e-11 -4.1715e-12 -1.9759e-13 -5.2768e-15 -7.0083e-17 -3.9527e-19 -7.7474e-22 -4.0836e-25 -4.1584e-29 -5.3189e-34 -4.8514e-40 -1.4872e-47 -5.5719e-57 -6.4367e-69 -3.4237e-84 -5.8317e-104 -7.1161e-130 -2.4949e-164 -7.0240e-211 -6.4290e-275 -0.0000e+00 -0.0000e+00 -0.0000e+00 -0.0000e+00 -0.0000e+00 -0.0000e+00 -0.0000e+00 -0.0000e+00 -0.0000e+00 -0.0000e+00 -0.0000e+00 -0.0000e+00 -0.0000e+00 -0.0000e+00 -6.7210e-07 -1.9024e-06 -3.4991e-06 -5.3962e-06 -7.5576e-06 -9.9604e-06 -1.2590e-05 0.0000e+00 -1.8488e-05 -2.1745e-05 -2.5202e-05 -2.8856e-05 -3.2705e-05 -3.6748e-05 -4.0982e-05 -4.5407e-05 -5.0018e-05 -5.4813e-05 -5.9787e-05 -6.4931e-05 -7.0238e-05 -7.5694e-05 -8.1286e-05 -8.6993e-05 -9.2791e-05 -9.8653e-05 -1.0454e-04 -1.1042e-04 -1.1623e-04 -1.2191e-04 -1.2741e-04 -1.3264e-04 -1.3752e-04 -1.4195e-04 -1.4582e-04 -1.4902e-04 -1.5142e-04 -1.5290e-04 -1.5332e-04 -1.5257e-04 -1.5053e-04 -1.4711e-04 -1.4223e-04 -1.3588e-04 -1.2807e-04 -1.1889e-04 -1.0848e-04 -9.7085e-05 -8.4988e-05 -7.2555e-05 -6.0196e-05 -4.8340e-05 -3.7397e-05 -2.7720e-05 -1.9561e-05 -1.3044e-05 -8.1472e-06 -4.7177e-06 -2.5020e-06 -1.1978e-06 -5.0880e-07 -1.8789e-07 -5.8846e-08 -1.5176e-08 -3.1091e-09 -4.8444e-10 -5.4432e-11 -4.1315e-12 -1.9540e-13 -5.2090e-15 -6.9036e-17 -3.8839e-19 -7.5895e-22 -3.9859e-25 -4.0411e-29 -5.1413e-34 -4.6589e-40 -1.4167e-47 -5.2555e-57 -5.9964e-69 -3.1403e-84 -5.2450e-104 -6.2425e-130 -2.1199e-164 -5.7290e-211 -4.9745e-275 -0.0000e+00 -0.0000e+00 -0.0000e+00 -0.0000e+00 -0.0000e+00 -0.0000e+00 -0.0000e+00 -0.0000e+00 -0.0000e+00 -0.0000e+00 -0.0000e+00 -0.0000e+00 -0.0000e+00 -0.0000e+00
-8.0507e-07 -2.2787e-06 -4.1913e-06 -6.4638e-06 -9.0527e-06 -1.1931e-05 -1.5080e-05 -1.8488e-05 2.0487e-04 -2.6047e-05 -3.0188e-05 -3.4564e-05 -3.9175e-05 -4.4018e-05 -4.9090e-05 -5.4390e-05 -5.9914e-05 -6.5658e-05 -7.1616e-05 -7.7779e-05 -8.4135e-05 -9.0672e-05 -9.7371e-05 -1.0421e-04 -1.1115e-04 -1.1818e-04 -1.2523e-04 -1.3227e-04 -1.3923e-04 -1.4605e-04 -1.5264e-04 -1.5891e-04 -1.6476e-04 -1.7007e-04 -1.7472e-04 -1.7855e-04 -1.8144e-04 -1.8322e-04 -1.8374e-04 -1.8285e-04 -1.8041e-04 -1.7632e-04 -1.7049e-04 -1.6289e-04 -1.5355e-04 -1.4256e-04 -1.3010e-04 -1.1645e-04 -1.0196e-04 -8.7062e-05 -7.2249e-05 -5.8034e-05 -4.4910e-05 -3.3300e-05 -2.3508e-05 -1.5682e-05 -9.8003e-06 -5.6782e-06 -3.0133e-06 -1.4437e-06 -6.1379e-07 -2.2688e-07 -7.1140e-08 -1.8371e-08 -3.7694e-09 -5.8838e-10 -6.6250e-11 -5.0408e-12 -2.3910e-13 -6.3955e-15 -8.5104e-17 -4.8108e-19 -9.4549e-22 -4.9998e-25 -5.1113e-29 -6.5687e-34 -6.0259e-40 -1.8602e-47 -7.0297e-57 -8.2073e-69 -4.4231e-84 -7.6580e-104 -9.5363e-130 -3.4293e-164 -9.9650e-211 -9.4884e-275 -0.0000e+00 -0.0000e+00 -0.0000e+00 -0.0000e+00 -0.0000e+00 -0.0000e+00 -0.0000e+00 -0.0000e+00 -0.0000e+00 -0.0000e+00 -0.0000e+00 -0.0000e+00 -0.0000e+00 -0.0000e+00 -8.0507e-07 -2.2787e-06 -4.1913e-06 -6.4638e-06 -9.0527e-06 -1.1931e-05 -1.5080e-05 -1.8488e-05 0.0000e+00 -2.6047e-05 -3.0188e-05 -3.4564e-05 -3.9175e-05 -4.4018e-05 -4.9090e-05 -5.4390e-05 -5.9914e-05 -6.5658e-05 -7.1615e-05 -7.7777e-05 -8.4134e-05 -9.0670e-05 -9.7368e-05 -1.0420e-04 -1.1115e-04 -1.1817e-04 -1.2523e-04 -1.3226e-04 -1.3922e-04 -1.4604e-04 -1.5262e-04 -1.5889e-04 -1.6474e-04 -1.7004e-04 -1.7468e-04 -1.7851e-04 -1.8139e-04 -1.8316e-04 -1.8367e-04 -1.8277e-04 -1.8033e-04 -1.7623e-04 -1.7039e-04 -1.6278e-04 -1.5343e-04 -1.4243e-04 -1.2997e-04 -1.1632e-04 -1.0183e-04 -8.6933e-05 -7.2128e-05 -5.7924e-05 -4.4814e-05 -3.3219e-05 -2.3443e-05 -1.5633e-05 -9.7656e-06 -5.6554e-06 -2.9996e-06 -1.4362e-06 -6.1015e-07 -2.2535e-07 -7.0592e-08 -1.8209e-08 -3.7314e-09 -5.8157e-10 -6.5368e-11 -4.9635e-12 -2.3486e-13 -6.2643e-15 -8.3078e-17 -4.6775e-19 -9.1489e-22 -4.8103e-25 -4.8836e-29 -6.2236e-34 -5.6513e-40 -1.7229e-47 -6.4117e-57 -7.3450e-69 -3.8661e-84 -6.4997e-104 -7.8016e-130 -2.6790e-164 -7.3473e-211 -6.5070e-275 -0.0000e+00 -0.0000e+00 -0.0000e+00 -0.0000e+00 -0.0000e+00 -0.0000e+00 -0.0000e+00 -0.0000e+00 -0.0000e+00 -0.0000e+00 -0.0000e+00 -0.0000e+00 -0.0000e+00 -0.0000e+00
-9.4689e-07 -2.6802e-06 -4.9297e-06 -7.6025e-06 -1.0647e-05 -1.4033e-05 -1.7737e-05 -2.1745e-05 -2.6047e-05 3.1419e-04 -3.5506e-05 -4.0653e-05 -4.6076e-05 -5.1772e-05 -5.7738e-05 -6.3972e-05 -7.0470e-05 -7.7226e-05 -8.4233e-05 -9.1481e-05 -9.8959e-05 -1.0665e-04 -1.1453e-04 -1.2257e-04 -1.3074e-04 -1.3900e-04 -1.4730e-04 -1.5558e-04 -1.6377e-04 -1.7179e-04 -1.7955e-04 -1.8693e-04 -1.9381e-04 -2.0006e-04 -2.0553e-04 -2.1005e-04 -2.1345e-04 -2.1555e-04 -2.1617e-04 -2.1513e-04 -2.1227e-04 -2.0747e-04 -2.0063e-04 -1.9170e-04 -1.8071e-04 -1.6779e-04 -1.5315e-04 -1.3709e-04 -1.2005e-04 -1.0252e-04 -8.5090e-05 -6.8361e-05 -5.2912e-05 -3.9242e-05 -2.7710e-05 -1.8491e-05 -1.1560e-05 -6.7001e-06 -3.5571e-06 -1.7051e-06 -7.2534e-07 -2.6829e-07 -8.4190e-08 -2.1760e-08 -4.4694e-09 -6.9847e-10 -7.8755e-11 -6.0020e-12 -2.8523e-13 -7.6466e-15 -1.0202e-16 -5.7852e-19 -1.1412e-21 -6.0617e-25 -6.2299e-29 -8.0574e-34 -7.4488e-40 -2.3210e-47 -8.8711e-57 -1.0501e-68 -5.7552e-84 -1.0171e-103 -1.2988e-129 -4.8160e-164 -1.4528e-210 -1.4477e-274 -0.0000e+00 -0.0000e+00 -0.0000e+00 -0.0000e+00 -0.0000e+00 -0.0000e+00 -0.0000e+00 -0.0000e+00 -0.0000e+00 -0.0000e+00 -0.0000e+00 -0.0000e+00 -0.0000e+00 -0.0000e+00 -9.4689e-07 -2.6802e-06 -4.9297e-06 -7.6025e-06 -1.0647e-05 -1.4033e-05 -1.7737e-05 -2.1745e-05 -2.6047e-05 0.0000e+00 -3.5506e-05 -4.0653e-05 -4.6076e-05 -5.1772e-05 -5.7738e-05 -6.3971e-05 -7.0469e-05 -7.7224e-05 -8.4231e-05 -9.1479e-05 -9.8955e-05 -1.0664e-04 -1.1452e-04 -1.2256e-04 -1.3073e-04 -1.3899e-04 -1.4729e-04 -1.5556e-04 -1.6375e-04 -1.7177e-04 -1.7951e-04 -1.8689e-04 -1.9376e-04 -2.0000e-04 -2.0546e-04 -2.0997e-04 -2.1336e-04 -2.1544e-04 -2.1604e-04 -2.1499e-04 -2.1212e-04 -2.0730e-04 -2.0044e-04 -1.9149e-04 -1.8049e-04 -1.6756e-04 -1.5291e-04 -1.3685e-04 -1.1981e-04 -1.0229e-04 -8.4872e-05 -6.8162e-05 -5.2738e-05 -3.9096e-05 -2.7593e-05 -1.8403e-05 -1.1497e-05 -6.6588e-06 -3.5323e-06 -1.6915e-06 -7.1878e-07 -2.6553e-07 -8.3200e-08 -2.1467e-08 -4.4007e-09 -6.8616e-10 -7.7160e-11 -5.8622e-12 -2.7757e-13 -7.4091e-15 -9.8350e-17 -5.5434e-19 -1.0857e-21 -5.7174e-25 -5.8157e-29 -7.4288e-34 -6.7651e-40 -2.0698e-47 -7.7368e-57 -8.9124e-69 -4.7243e-84 -8.0141e-104 -9.7314e-130 -3.3925e-164 -9.4903e-211 -8.6293e-275 -0.0000e+00 -0.0000e+00 -0.0000e+00 -0.0000e+00 -0.0000e+00 -0.0000e+00 -0.0000e+00 -0.0000e+00 -0.0000e+00 -0.0000e+00 -0.0000e+00 -0.0000e+00 -0.0000e+00 -0.0000e+00
-1.0974e-06 -3.1062e-06 -5.7133e-06 -8.8110e-06 -1.2340e-05 -1.6263e-05 -2.0556e-05 -2.5202e-05 -3.0188e-05 -3.5506e-05 4.6317e-04 -4.7116e-05 -5.3401e-05 -6.0002e-05 -6.6917e-05 -7.4142e-05 -8.1672e-05 -8.9503e-05 -9.7624e-05 -1.0603e-04 -1.1469e-04 -1.2360e-04 -1.3274e-04 -1.4206e-04 -1.5153e-04 -1.6111e-04 -1.7073e-04 -1.8033e-04 -1.8983e-04 -1.9912e-04 -2.0812e-04 -2.1667e-04 -2.2466e-04 -2.3191e-04 -2.3825e-04 -2.4350e-04 -2.4745e-04 -2.4990e-04 -2.5063e-04 -2.4944e-04 -2.4615e-04 -2.4059e-04 -2.3267e-04 -2.2234e-04 -2.0962e-04 -1.9466e-04 -1.7769e-04 -1.5909e-04 -1.3933e-04 -1.1901e-04 -9.8796e-05 -7.9392e-05 -6.1467e-05 -4.5601e-05 -3.2212e-05 -2.1504e-05 -1.3449e-05 -7.7992e-06 -4.1432e-06 -1.9873e-06 -8.4607e-07 -3.1323e-07 -9.8393e-08 -2.5461e-08 -5.2369e-09 -8.1972e-10 -9.2599e-11 -7.0724e-12 -3.3696e-13 -9.0602e-15 -1.2131e-16 -6.9073e-19 -1.3693e-21 -7.3153e-25 -7.5704e-29 -9.8722e-34 -9.2169e-40 -2.9060e-47 -1.1266e-56 -1.3564e-68 -7.5877e-84 -1.3742e-103 -1.8071e-129 -6.9401e-164 -2.1831e-210 -2.2870e-274 -0.0000e+00 -0.0000e+00 -0.0000e+00 -0.0000e+00 -0.0000e+00 -0.0000e+00 -0.0000e+00 -0.0000e+00 -0.0000e+00 -0.0000e+00 -0.0000e+00 -0.0000e+00 -0.0000e+00 -0.0000e+00 -1.0974e-06 -3.1062e-06 -5.7133e-06 -8.8110e-06 -1.2340e-05 -1.6263e-05 -2.0556e-05 -2.5202e-05 -3.0188e-05 -3.5506e-05 0.0000e+00 -4.7116e-05 -5.3401e-05 -6.0002e-05 -6.6916e-05 -7.4141e-05 -8.1671e-05 -8.9500e-05 -9.7621e-05 -1.0602e-04 -1.1469e-04 -1.2360e-04 -1.3273e-04 -1.4205e-04 -1.5152e-04 -1.6109e-04 -1.7070e-04 -1.8030e-04 -1.8979e-04 -1.9908e-04 -2.0806e-04 -2.1661e-04 -2.2458e-04 -2.3181e-04 -2.3814e-04 -2.4337e-04 -2.4730e-04 -2.4972e-04 -2.5042e-04 -2.4920e-04 -2.4588e-04 -2.4030e-04 -2.3235e-04 -2.2199e-04 -2.0925e-04 -1.9426e-04 -1.7728e-04 -1.5867e-04 -1.3892e-04 -1.1861e-04 -9.8423e-05 -7.9052e-05 -6.1170e-05 -4.5351e-05 -3.2012e-05 -2.1353e-05 -1.3342e-05 -7.7287e-06 -4.1006e-06 -1.9641e-06 -8.3484e-07 -3.0850e-07 -9.6698e-08 -2.4960e-08 -5.1191e-09 -7.9862e-10 -8.9865e-11 -6.8325e-12 -3.2380e-13 -8.6523e-15 -1.1500e-16 -6.4913e-19 -1.2736e-21 -6.7213e-25 -6.8546e-29 -8.7836e-34 -8.0299e-40 -2.4685e-47 -9.2820e-57 -1.0772e-68 -5.7636e-84 -9.8938e-104 -1.2198e-129 -4.3366e-164 -1.2445e-210 -1.1701e-274 -0.0000e+00 -0.0000e+00 -0.0000e+00 -0.0000e+00 -0.0000e+00 -0.0000e+00 -0.0000e+00 -0.0000e+00 -0.0000e+00 -0.0000e+00 -0.0000e+00 -0.0000e+00 -0.0000e+00 -0.0000e+00
-1.2565e-06 -3.5566e-06 -6.5417e-06 -1.0088e-05 -1.4129e-05 -1.8621e-05 -2.3537e-05 -2.8856e-05 -3.4564e-05 -4.0653e-05 -4.7116e-05 6.6094e-04 -6.1144e-05 -6.8702e-05 -7.6620e-05 -8.4892e-05 -9.3515e-05 -1.0248e-04 -1.1178e-04 -1.2140e-04 -1.3132e-04 -1.4153e-04 -1.5199e-04 -1.6266e-04 -1.7351e-04 -1.8448e-04 -1.9550e-04 -2.0650e-04 -2.1737e-04 -2.2803e-04 -2.3833e-04 -2.4814e-04 -2.5729e-04 -2.6560e-04 -2.7288e-04 -2.7890e-04 -2.8344e-04 -2.8626e-04 -2.8712e-04 -2.8578e-04 -2.8203e-04 -2.7569e-04 -2.6664e-04 -2.5483e-04 -2.4029e-04 -2.2317e-04 -2.0375e-04 -1.8245e-04 -1.5983e-04 -1.3655e-04 -1.1339e-04 -9.1151e-05 -7.0597e-05 -5.2396e-05 -3.7029e-05 -2.4733e-05 -1.5478e-05 -8.9819e-06 -4.7752e-06 -2.2925e-06 -9.7701e-07 -3.6213e-07 -1.1391e-07 -2.9522e-08 -6.0831e-09 -9.5418e-10 -1.0805e-10 -8.2759e-12 -3.9559e-13 -1.0678e-14 -1.4361e-16 -8.2205e-19 -1.6397e-21 -8.8247e-25 -9.2118e-29 -1.2136e-33 -1.1469e-39 -3.6681e-47 -1.4463e-56 -1.7767e-68 -1.0176e-83 -1.8952e-103 -2.5753e-129 -1.0279e-163 -3.3838e-210 -3.7408e-274 -0.0000e+00 -0.0000e+00 -0.0000e+00 -0.0000e+00 -0.0000e+00 -0.0000e+00 -0.0000e+00 -0.0000e+00 -0.0000e+00 -0.0000e+00 -0.0000e+00 -0.0000e+00 -0.0000e+00 -0.0000e+00 -1.2565e-06 -3.5566e-06 -6.5417e-06 -1.0088e-05 -1.4129e-05 -1.8621e-05 -2.3537e-05 -2.8856e-05 -3.4564e-05 -4.0653e-05 -4.7116e-05 0.0000e+00 -6.1143e-05 -6.8701e-05 -7.6618e-05 -8.4890e-05 -9.3512e-05 -1.0248e-04 -1.1178e-04 -1.2139e-04 -1.3132e-04 -1.4152e-04 -1.5197e-04 -1.6264e-04 -1.7349e-04 -1.8445e-04 -1.9546e-04 -2.0645e-04 -2.1731e-04 -2.2795e-04 -2.3824e-04 -2.4803e-04 -2.5716e-04 -2.6545e-04 -2.7270e-04 -2.7869e-04 -2.8319e-04 -2.8597e-04 -2.8678e-04 -2.8539e-04 -2.8160e-04 -2.7521e-04 -2.6612e-04 -2.5426e-04 -2.3968e-04 -2.2252e-04 -2.0308e-04 -1.8178e-04 -1.5916e-04 -1.3591e-04 -1.1278e-04 -9.0597e-05 -7.0111e-05 -5.1988e-05 -3.6702e-05 -2.4485e-05 -1.5302e-05 -8.8665e-06 -4.7056e-06 -2.2546e-06 -9.5863e-07 -3.5438e-07 -1.1113e-07 -2.8702e-08 -5.8901e-09 -9.1958e-10 -1.0356e-10 -7.8820e-12 -3.7397e-13 -1.0007e-14 -1.3322e-16 -7.5346e-19 -1.4818e-21 -7.8419e-25 -8.0247e-29 -1.0326e-33 -9.4874e-40 -2.9347e-47 -1.1120e-56 -1.3029e-68 -7.0555e-84 -1.2296e-103 -1.5454e-129 -5.6309e-164 -1.6678e-210 -1.6335e-274 -0.0000e+00 -0.0000e+00 -0.0000e+00 -0.0000e+00 -0.0000e+00 -0.0000e+00 -0.0000e+00 -0.0000e+00 -0.0000e+00 -0.0000e+00 -0.0000e+00 -0.0000e+00 -0.0000e+00 -0.0000e+00
-1.4241e-06 -4.0310e-06 -7.4143e-06 -1.1434e-05 -1.6014e-05 -2.1105e-05 -2.6676e-05 -3.2705e-05 -3.9175e-05 -4.6076e-05 -5.3401e-05 -6.1144e-05 9.1785e-04 -7.7867e-05 -8.6841e-05 -9.6217e-05 -1.0599e-04 -1.1615e-04 -1.2669e-04 -1.3760e-04 -1.4885e-04 -1.6042e-04 -1.7227e-04 -1.8437e-04 -1.9667e-04 -2.0911e-04 -2.2160e-04 -2.3407e-04 -2.4641e-04 -2.5849e-04 -2.7018e-04 -2.8131e-04 -2.9170e-04 -3.0114e-04 -3.0941e-04 -3.1625e-04 -3.2142e-04 -3.2464e-04 -3.2564e-04 -3.2415e-04 -3.1993e-04 -3.1278e-04 -3.0256e-04 -2.8920e-04 -2.7275e-04 -2.5337e-04 -2.3137e-04 -2.0724e-04 -1.8159e-04 -1.5520e-04 -1.2892e-04 -1.0368e-04 -8.0336e-05 -5.9656e-05 -4.2185e-05 -2.8196e-05 -1.7658e-05 -1.0257e-05 -5.4583e-06 -2.6235e-06 -1.1196e-06 -4.1559e-07 -1.3095e-07 -3.4008e-08 -7.0235e-09 -1.1046e-09 -1.2547e-10 -9.6445e-12 -4.6292e-13 -1.2555e-14 -1.6981e-16 -9.7842e-19 -1.9666e-21 -1.0679e-24 -1.1264e-28 -1.5022e-33 -1.4400e-39 -4.6833e-47 -1.8829e-56 -2.3661e-68 -1.3915e-83 -2.6721e-103 -3.7627e-129 -1.5655e-163 -5.4095e-210 -6.3331e-274 -0.0000e+00 -0.0000e+00 -0.0000e+00 -0.0000e+00 -0.0000e+00 -0.0000e+00 -0.0000e+00 -0.0000e+00 -0.0000e+00 -0.0000e+00 -0.0000e+00 -0.0000e+00 -0.0000e+00 -0.0000e+00 -1.4241e-06 -4.0310e-06 -7.4143e-06 -1.1434e-05 -1.6014e-05 -2.1105e-05 -2.6676e-05 -3.2705e-05 -3.9175e-05 -4.6076e-05 -5.3401e-05 -6.1143e-05 0.0000e+00 -7.7866e-05 -8.6839e-05 -9.6215e-05 -1.0599e-04 -1.1615e-04 -1.2669e-04 -1.3759e-04 -1.4883e-04 -1.6040e-04 -1.7225e-04 -1.8434e-04 -1.9663e-04 -2.0906e-04 -2.2154e-04 -2.3400e-04 -2.4631e-04 -2.5838e-04 -2.7004e-04 -2.8114e-04 -2.9149e-04 -3.0089e-04 -3.0911e-04 -3.1591e-04 -3.2102e-04 -3.2418e-04 -3.2511e-04 -3.2355e-04 -3.1925e-04 -3.1203e-04 -3.0173e-04 -2.8830e-04 -2.7178e-04 -2.5235e-04 -2.3032e-04 -2.0617e-04 -1.8054e-04 -1.5418e-04 -1.2796e-04 -1.0280e-04 -7.9571e-05 -5.9013e-05 -4.1670e-05 -2.7806e-05 -1.7382e-05 -1.0075e-05 -5.3486e-06 -2.5637e-06 -1.0906e-06 -4.0336e-07 -1.2657e-07 -3.2712e-08 -6.7185e-09 -1.0499e-09 -1.1837e-10 -9.0204e-12 -4.2864e-13 -1.1490e-14 -1.5329e-16 -8.6917e-19 -1.7145e-21 -9.1062e-25 -9.3592e-29 -1.2106e-33 -1.1195e-39 -3.4905e-47 -1.3355e-56 -1.5836e-68 -8.7048e-84 -1.5457e-103 -1.9890e-129 -7.4661e-164 -2.2966e-210 -2.3604e-274 -0.0000e+00 -0.0000e+00 -0.0000e+00 -0.0000e+00 -0.0000e+00 -0.0000e+00 -0.0000e+00 -0.0000e+00 -0.0000e+00 -0.0000e+00 -0.0000e+00 -0.0000e+00 -0.0000e+00 -0.0000e+00
-1.6002e-06 -4.5293e-06 -8.3308e-06 -1.2848e-05 -1.7993e-05 -2.3714e-05 -2.9974e-05 -3.6748e-05 -4.4018e-05 -5.1772e-05 -6.0002e-05 -6.8702e-05 -7.7867e-05 1.2456e-03 -9.7577e-05 -1.0811e-04 -1.1910e-04 -1.3051e-04 -1.4236e-04 -1.5461e-04 -1.6726e-04 -1.8026e-04 -1.9358e-04 -2.0718e-04 -2.2101e-04 -2.3499e-04 -2.4903e-04 -2.6305e-04 -2.7693e-04 -2.9052e-04 -3.0367e-04 -3.1619e-04 -3.2788e-04 -3.3851e-04 -3.4783e-04 -3.5555e-04 -3.6140e-04 -3.6505e-04 -3.6621e-04 -3.6458e-04 -3.5989e-04 -3.5190e-04 -3.4046e-04 -3.2549e-04 -3.0704e-04 -2.8530e-04 -2.6061e-04 -2.3350e-04 -2.0468e-04 -1.7500e-04 -1.4544e-04 -1.1702e-04 -9.0729e-05 -6.7419e-05 -4.7710e-05 -3.1917e-05 -2.0008e-05 -1.1634e-05 -6.1996e-06 -2.9841e-06 -1.2756e-06 -4.7440e-07 -1.4981e-07 -3.9002e-08 -8.0780e-09 -1.2747e-09 -1.4534e-10 -1.1221e-11 -5.4131e-13 -1.4768e-14 -2.0109e-16 -1.1678e-18 -2.3687e-21 -1.2999e-24 -1.3880e-28 -1.8774e-33 -1.8293e-39 -6.0625e-47 -2.4909e-56 -3.2091e-68 -1.9421e-83 -3.8544e-103 -5.6374e-129 -2.4510e-163 -8.9176e-210 -1.1099e-273 -0.0000e+00 -0.0000e+00 -0.0000e+00 -0.0000e+00 -0.0000e+00 -0.0000e+00 -0.0000e+00 -0.0000e+00 -0.0000e+00 -0.0000e+00 -0.0000e+00 -0.0000e+00 -0.0000e+00 -0.0000e+00 -1.6002e-06 -4.5293e-06 -8.3308e-06 -1.2848e-05 -1.7993e-05 -2.3714e-05 -2.9974e-05 -3.6748e-05 -4.4018e-05 -5.1772e-05 -6.0002e-05 -6.8701e-05 -7.7866e-05 0.0000e+00 -9.7574e-05 -1.0811e-04 -1.1909e-04 -1.3051e-04 -1.4235e-04 -1.5460e-04 -1.6723e-04 -1.8023e-04 -1.9355e-04 -2.0714e-04 -2.2095e-04 -2.3491e-04 -2.4894e-04 -2.6294e-04 -2.7678e-04 -2.9034e-04 -3.0345e-04 -3.1592e-04 -3.2756e-04 -3.3813e-04 -3.4738e-04 -3.5503e-04 -3.6078e-04 -3.6434e-04 -3.6540e-04 -3.6366e-04 -3.5885e-04 -3.5075e-04 -3.3920e-04 -3.2412e-04 -3.0557e-04 -2.8375e-04 -2.5900e-04 -2.3187e-04 -2.0307e-04 -1.7344e-04 -1.4397e-04 -1.1569e-04 -8.9560e-05 -6.6437e-05 -4.6924e-05 -3.1321e-05 -1.9586e-05 -1.1357e-05 -6.0318e-06 -2.8926e-06 -1.2312e-06 -4.5568e-07 -1.4310e-07 -3.7016e-08 -7.6103e-09 -1.1907e-09 -1.3443e-10 -1.0261e-11 -4.8853e-13 -1.3125e-14 -1.7557e-16 -9.9869e-19 -1.9774e-21 -1.0551e-24 -1.0903e-28 -1.4197e-33 -1.3234e-39 -4.1663e-47 -1.6132e-56 -1.9412e-68 -1.0866e-83 -1.9734e-103 -2.6115e-129 -1.0153e-163 -3.2633e-210 -3.5447e-274 -0.0000e+00 -0.0000e+00 -0.0000e+00 -0.0000e+00 -0.0000e+00 -0.0000e+00 -0.0000e+00 -0.0000e+00 -0.0000e+00 -0.0000e+00 -0.0000e+00 -0.0000e+00 -0.0000e+00 -0.0000e+00
-1.7846e-06 -5.0512e-06 -9.2908e-06 -1.4328e-05 -2.0067e-05 -2.6447e-05 -3.3428e-05 -4.0982e-05 -4.9090e-05 -5.7738e-05 -6.6917e-05 -7.6620e-05 -8.6841e-05 -9.7577e-05 1.6572e-03 -1.2057e-04 -1.3282e-04 -1.4556e-04 -1.5877e-04 -1.7244e-04 -1.8654e-04 -2.0104e-04 -2.1591e-04 -2.3108e-04 -2.4651e-04 -2.6211e-04 -2.7778e-04 -2.9343e-04 -3.0892e-04 -3.2409e-04 -3.3878e-04 -3.5277e-04 -3.6584e-04 -3.7773e-04 -3.8816e-04 -3.9682e-04 -4.0338e-04 -4.0751e-04 -4.0886e-04 -4.0711e-04 -4.0194e-04 -3.9309e-04 -3.8040e-04 -3.6376e-04 -3.4324e-04 -3.1903e-04 -2.9153e-04 -2.6131e-04 -2.2916e-04 -1.9603e-04 -1.6301e-04 -1.3125e-04 -1.0183e-04 -7.5734e-05 -5.3645e-05 -3.5926e-05 -2.2549e-05 -1.3130e-05 -7.0075e-06 -3.3791e-06 -1.4473e-06 -5.3955e-07 -1.7084e-07 -4.4612e-08 -9.2725e-09 -1.4690e-09 -1.6827e-10 -1.3060e-11 -6.3387e-13 -1.7414e-14 -2.3903e-16 -1.4010e-18 -2.8718e-21 -1.5952e-24 -1.7271e-28 -2.3736e-33 -2.3550e-39 -7.9679e-47 -3.3518e-56 -4.4356e-68 -2.7676e-83 -5.6881e-103 -8.6606e-129 -3.9453e-163 -1.5165e-209 -2.0154e-273 -0.0000e+00 -0.0000e+00 -0.0000e+00 -0.0000e+00 -0.0000e+00 -0.0000e+00 -0.0000e+00 -0.0000e+00 -0.0000e+00 -0.0000e+00 -0.0000e+00 -0.0000e+00 -0.0000e+00 -0.0000e+00 -1.7846e-06 -5.0512e-06 -9.2908e-06 -1.4328e-05 -2.0067e-05 -2.6447e-05 -3.3428e-05 -4.0982e-05 -4.9090e-05 -5.7738e-05 -6.6916e-05 -7.6618e-05 -8.6839e-05 -9.7574e-05 0.0000e+00 -1.2057e-04 -1.3281e-04 -1.4555e-04 -1.5875e-04 -1.7242e-04 -1.8651e-04 -2.0100e-04 -2.1586e-04 -2.3102e-04 -2.4642e-04 -2.6200e-04 -2.7764e-04 -2.9326e-04 -3.0870e-04 -3.2383e-04 -3.3846e-04 -3.5238e-04 -3.6537e-04 -3.7717e-04 -3.8749e-04 -3.9604e-04 -4.0247e-04 -4.0646e-04 -4.0766e-04 -4.0574e-04 -4.0040e-04 -3.9138e-04 -3.7852e-04 -3.6172e-04 -3.4106e-04 -3.1673e-04 -2.8915e-04 -2.5889e-04 -2.2676e-04 -1.9372e-04 -1.6084e-04 -1.2926e-04 -1.0010e-04 -7.4274e-05 -5.2476e-05 -3.5041e-05 -2.1921e-05 -1.2717e-05 -6.7578e-06 -3.2428e-06 -1.3813e-06 -5.1165e-07 -1.6083e-07 -4.1648e-08 -8.5738e-09 -1.3434e-09 -1.5194e-10 -1.1621e-11 -5.5461e-13 -1.4943e-14 -2.0055e-16 -1.1452e-18 -2.2782e-21 -1.2224e-24 -1.2717e-28 -1.6692e-33 -1.5711e-39 -5.0050e-47 -1.9660e-56 -2.4076e-68 -1.3769e-83 -2.5676e-103 -3.5104e-129 -1.4208e-163 -4.8005e-210 -5.5488e-274 -0.0000e+00 -0.0000e+00 -0.0000e+00 -0.0000e+00 -0.0000e+00 -0.0000e+00 -0.0000e+00 -0.0000e+00 -0.0000e+00 -0.0000e+00 -0.0000e+00 -0.0000e+00 -0.0000e+00 -0.0000e+00
-1.9772e-06 -5.5965e-06 -1.0294e-05 -1.5875e-05 -2.2233e-05 -2.9302e-05 -3.7037e-05 -4.5407e-05 -5.4390e-05 -6.3972e-05 -7.4142e-05 -8.4892e-05 -9.6217e-05 -1.0811e-04 -1.2057e-04 2.1674e-03 -1.4717e-04 -1.6128e-04 -1.7592e-04 -1.9107e-04 -2.0670e-04 -2.2277e-04 -2.3925e-04 -2.5607e-04 -2.7317e-04 -2.9046e-04 -3.0785e-04 -3.2520e-04 -3.4238e-04 -3.5922e-04 -3.7552e-04 -3.9106e-04 -4.0558e-04 -4.1880e-04 -4.3040e-04 -4.4006e-04 -4.4740e-04 -4.5204e-04 -4.5362e-04 -4.5176e-04 -4.4612e-04 -4.3641e-04 -4.2243e-04 -4.0408e-04 -3.8142e-04 -3.5465e-04 -3.2422e-04 -2.9076e-04 -2.5513e-04 -2.1839e-04 -1.8173e-04 -1.4643e-04 -1.1372e-04 -8.4662e-05 -6.0039e-05 -4.0261e-05 -2.5308e-05 -1.4761e-05 -7.8933e-06 -3.8146e-06 -1.6379e-06 -6.1232e-07 -1.9450e-07 -5.0979e-08 -1.0640e-08 -1.6938e-09 -1.9507e-10 -1.5235e-11 -7.4468e-13 -2.0624e-14 -2.8573e-16 -1.6923e-18 -3.5108e-21 -1.9767e-24 -2.1735e-28 -3.0395e-33 -3.0758e-39 -1.0641e-46 -4.5901e-56 -6.2496e-68 -4.0275e-83 -8.5884e-103 -1.3645e-128 -6.5319e-163 -2.6623e-209 -3.7966e-273 -0.0000e+00 -0.0000e+00 -0.0000e+00 -0.0000e+00 -0.0000e+00 -0.0000e+00 -0.0000e+00 -0.0000e+00 -0.0000e+00 -0.0000e+00 -0.0000e+00 -0.0000e+00 -0.0000e+00 -0.0000e+00 -1.9772e-06 -5.5965e-06 -1.0294e-05 -1.5875e-05 -2.2233e-05 -2.9302e-05 -3.7037e-05 -4.5407e-05 -5.4390e-05 -6.3971e-05 -7.4141e-05 -8.4890e-05 -9.6215e-05 -1.0811e-04 -1.2057e-04 0.0000e+00 -1.4715e-04 -1.6126e-04 -1.7590e-04 -1.9104e-04 -2.0665e-04 -2.2271e-04 -2.3917e-04 -2.5597e-04 -2.7304e-04 -2.9030e-04 -3.0764e-04 -3.2495e-04 -3.4207e-04 -3.5884e-04 -3.7505e-04 -3.9049e-04 -4.0490e-04 -4.1798e-04 -4.2944e-04 -4.3893e-04 -4.4608e-04 -4.5052e-04 -4.5188e-04 -4.4978e-04 -4.4389e-04 -4.3393e-04 -4.1970e-04 -4.0112e-04 -3.7825e-04 -3.5132e-04 -3.2077e-04 -2.8726e-04 -2.5165e-04 -2.1502e-04 -1.7857e-04 -1.4356e-04 -1.1120e-04 -8.2542e-05 -5.8341e-05 -3.8975e-05 -2.4395e-05 -1.4160e-05 -7.5301e-06 -3.6162e-06 -1.5417e-06 -5.7166e-07 -1.7990e-07 -4.6652e-08 -9.6191e-09 -1.5100e-09 -1.7115e-10 -1.3123e-11 -6.2811e-13 -1.6981e-14 -2.2883e-16 -1.3130e-18 -2.6268e-21 -1.4189e-24 -1.4881e-28 -1.9722e-33 -1.8781e-39 -6.0671e-47 -2.4238e-56 -3.0298e-68 -1.7764e-83 -3.4148e-103 -4.8448e-129 -2.0518e-163 -7.3297e-210 -9.0745e-274 -0.0000e+00 -0.0000e+00 -0.0000e+00 -0.0000e+00 -0.0000e+00 -0.0000e+00 -0.0000e+00 -0.0000e+00 -0.0000e+00 -0.0000e+00 -0.0000e+00 -0.0000e+00 -0.0000e+00 -0.0000e+00
