2.5154e-04 -8.5173e-05 -1.0390e-04 -1.1929e-04 -1.3240e-04 -1.4375e-04 -1.5363e-04 -1.6222e-04 -1.6966e-04 -1.7603e-04 -1.8141e-04 -1.8583e-04 -1.8934e-04 -1.9197e-04 -1.9376e-04 -1.9473e-04 -1.9491e-04 -1.9433e-04 -1.9302e-04 -1.9100e-04 -1.8831e-04 -1.8497e-04 -1.8103e-04 -1.7652e-04 -1.7148e-04 -1.6595e-04 -1.5997e-04 -1.5359e-04 -1.4687e-04 -1.3984e-04 -1.3256e-04 -1.2508e-04 -1.1747e-04 -1.0977e-04 -1.0204e-04 -9.4328e-05 -8.6699e-05 -7.9203e-05 -7.1890e-05 -6.4808e-05 -5.8001e-05 -5.1512e-05 -4.5375e-05 -3.9621e-05 -3.4275e-05 -2.9355e-05 -2.4874e-05 -2.0835e-05 -1.7237e-05 -1.4072e-05 -1.1323e-05 -8.9710e-06 -6.9883e-06 -5.3450e-06 -4.0074e-06 -2.9401e-06 -2.1065e-06 -1.4706e-06 -9.9789e-07 -6.5629e-07 -4.1702e-07 -2.5509e-07 -1.4961e-07 -8.3738e-08 -4.4493e-08 -2.2306e-08 -1.0479e-08 -4.5755e-09 -1.8397e-09 -6.7381e-10 -2.2195e-10 -6.4779e-11 -1.6458e-11 -3.5639e-12 -6.4149e-13 -9.3108e-14 -1.0504e-14 -8.8053e-16 -5.1893e-17 -2.0068e-18 -4.6697e-20 -5.8569e-22 -3.4370e-24 -7.8479e-27 -5.4635e-30 -8.3553e-34 -1.7913e-38 -2.8720e-44 -1.3984e-51 -5.4751e-61 -2.2733e-73 -4.0323e-90 -1.4655e-113 -8.8964e-148 -1.5503e-200 -4.2841e-288 0.0000e+00 0.0000e+00 0.0000e+00 0.0000e+00 0.0000e+00 8.5173e-05 1.0389e-04 1.1929e-04 1.3240e-04 1.4374e-04 1.5361e-04 1.6220e-04 1.6964e-04 1.7600e-04 1.8136e-04 1.8577e-04 1.8927e-04 1.9190e-04 1.9367e-04 1.9463e-04 1.9480e-04 1.9421e-04 1.9288e-04 1.9085e-04 1.8814e-04 1.8479e-04 1.8084e-04 1.7631e-04 1.7126e-04 1.6571e-04 1.5972e-04 1.5334e-04 1.4660e-04 1.3956e-04 1.3228e-04 1.2480e-04 1.1718e-04 1.0948e-04 1.0175e-04 9.4042e-05 8.6418e-05 7.8928e-05 7.1623e-05 6.4550e-05 5.7756e-05 5.1279e-05 4.5156e-05 3.9417e-05 3.4087e-05 2.9184e-05 2.4720e-05 2.0698e-05 1.7116e-05 1.3967e-05 1.1234e-05 8.8953e-06 6.9255e-06 5.2939e-06 3.9667e-06 2.9083e-06 2.0822e-06 1.4526e-06 9.8484e-07 6.4714e-07 4.1081e-07 2.5104e-07 1.4707e-07 8.2221e-08 4.3630e-08 2.1843e-08 1.0246e-08 4.4662e-09 1.7925e-09 6.5520e-10 2.1535e-10 6.2698e-11 1.5886e-11 3.4299e-12 6.1530e-13 8.8972e-14 9.9950e-15 8.3390e-16 4.8880e-17 1.8786e-18 4.3405e-20 5.3995e-22 3.1384e-24 7.0861e-27 4.8680e-30 7.3273e-34 1.5411e-38 2.4134e-44 1.1414e-51 4.3079e-61 1.7065e-73 2.8464e-90 9.5255e-114 5.1597e-148 7.6355e-201 1.6490e-288 0.0000e+00 0.0000e+00 0.0000e+00 0.0000e+00
-8.5173e-05 1.0066e-03 -1.4658e-04 -1.6831e-04 -1.8682e-04 -2.0284e-04 -2.1679e-04 -2.2894e-04 -2.3947e-04 -2.4849e-04 -2.5610e-04 -2.6238e-04 -2.6737e-04 -2.7114e-04 -2.7371e-04 -2.7513e-04 -2.7545e-04 -2.7469e-04 -2.7289e-04 -2.7011e-04 -2.6637e-04 -2.6173e-04 -2.5623e-04 -2.4992e-04 -2.4287e-04 -2.3511e-04 -2.2673e-04 -2.1778e-04 -2.0833e-04 -1.9844e-04 -1.8820e-04 -1.7768e-04 -1.6695e-04 -1.5609e-04 -1.4518e-04 -1.3429e-04 -1.2351e-04 -1.1291e-04 -1.0256e-04 -9.2522e-05 -8.2871e-05 -7.3660e-05 -6.4942e-05 -5.6760e-05 -4.9150e-05 -4.2140e-05 -3.5746e-05 -2.9978e-05 -2.4832e-05 -2.0299e-05 -1.6357e-05 -1.2978e-05 -1.0126e-05 -7.7581e-06 -5.8273e-06 -4.2835e-06 -3.0753e-06 -2.1517e-06 -1.4635e-06 -9.6496e-07 -6.1483e-07 -3.7720e-07 -2.2192e-07 -1.2464e-07 -6.6468e-08 -3.3457e-08 -1.5785e-08 -6.9249e-09 -2.7987e-09 -1.0308e-09 -3.4163e-10 -1.0038e-10 -2.5692e-11 -5.6094e-12 -1.0188e-12 -1.4937e-13 -1.7041e-14 -1.4465e-15 -8.6457e-17 -3.3968e-18 -8.0472e-20 -1.0301e-21 -6.1874e-24 -1.4511e-26 -1.0419e-29 -1.6516e-33 -3.6927e-38 -6.2202e-44 -3.2115e-51 -1.3487e-60 -6.0944e-73 -1.1987e-89 -4.9509e-113 -3.5315e-147 -7.5815e-200 -2.7751e-287 0.0000e+00 0.0000e+00 0.0000e+00 0.0000e+00 8.5173e-05 0.0000e+00 1.4657e-04 1.6829e-04 1.8678e-04 2.0279e-04 2.1671e-04 2.2883e-04 2.3932e-04 2.4830e-04 2.5587e-04 2.6209e-04 2.6703e-04 2.7073e-04 2.7323e-04 2.7458e-04 2.7482e-04 2.7399e-04 2.7211e-04 2.6924e-04 2.6543e-04 2.6070e-04 2.5512e-04 2.4874e-04 2.4161e-04 2.3379e-04 2.2534e-04 2.1633e-04 2.0682e-04 1.9689e-04 1.8662e-04 1.7607e-04 1.6532e-04 1.5445e-04 1.4354e-04 1.3267e-04 1.2192e-04 1.1135e-04 1.0104e-04 9.1067e-05 8.1481e-05 7.2344e-05 6.3706e-05 5.5610e-05 4.8090e-05 4.1173e-05 3.4874e-05 2.9200e-05 2.4148e-05 1.9704e-05 1.5848e-05 1.2549e-05 9.7704e-06 7.4685e-06 5.5961e-06 4.1029e-06 2.9375e-06 2.0492e-06 1.3894e-06 9.1295e-07 5.7955e-07 3.5416e-07 2.0748e-07 1.1599e-07 6.1550e-08 3.0814e-08 1.4453e-08 6.3003e-09 2.5286e-09 9.2423e-10 3.0377e-10 8.8439e-11 2.2407e-11 4.8377e-12 8.6781e-13 1.2548e-13 1.4095e-14 1.1759e-15 6.8918e-17 2.6484e-18 6.1181e-20 7.6091e-22 4.4215e-24 9.9790e-27 6.8518e-30 1.0306e-33 2.1652e-38 3.3857e-44 1.5976e-51 6.0087e-61 2.3668e-73 3.9091e-90 1.2846e-113 6.7043e-148 9.0762e-201 1.4701e-288 0.0000e+00 0.0000e+00 0.0000e+00 0.0000e+00
-1.0390e-04 -1.4658e-04 2.2667e-03 -2.0534e-04 -2.2794e-04 -2.4751e-04 -2.6457e-04 -2.7944e-04 -2.9233e-04 -3.0340e-04 -3.1276e-04 -3.2049e-04 -3.2668e-04 -3.3136e-04 -3.3460e-04 -3.3645e-04 -3.3695e-04 -3.3614e-04 -3.3407e-04 -3.3080e-04 -3.2636e-04 -3.2082e-04 -3.1424e-04 -3.0667e-04 -2.9817e-04 -2.8883e-04 -2.7870e-04 -2.6787e-04 -2.5642e-04 -2.4444e-04 -2.3200e-04 -2.1920e-04 -2.0614e-04 -1.9290e-04 -1.7959e-04 -1.6629e-04 -1.5310e-04 -1.4011e-04 -1.2742e-04 -1.1509e-04 -1.0322e-04 -9.1874e-05 -8.1117e-05 -7.1006e-05 -6.1585e-05 -5.2891e-05 -4.4947e-05 -3.7765e-05 -3.1346e-05 -2.5678e-05 -2.0739e-05 -1.6494e-05 -1.2902e-05 -9.9115e-06 -7.4661e-06 -5.5049e-06 -3.9651e-06 -2.7839e-06 -1.9005e-06 -1.2580e-06 -8.0494e-07 -4.9606e-07 -2.9327e-07 -1.6557e-07 -8.8790e-08 -4.4962e-08 -2.1351e-08 -9.4326e-09 -3.8411e-09 -1.4264e-09 -4.7697e-10 -1.4151e-10 -3.6602e-11 -8.0837e-12 -1.4868e-12 -2.2100e-13 -2.5597e-14 -2.2093e-15 -1.3450e-16 -5.3927e-18 -1.3067e-19 -1.7151e-21 -1.0594e-23 -2.5636e-26 -1.9066e-29 -3.1445e-33 -7.3537e-38 -1.3038e-43 -7.1385e-51 -3.2087e-60 -1.5701e-72 -3.3950e-89 -1.5733e-112 -1.2964e-146 -3.3596e-199 -1.5948e-286 0.0000e+00 0.0000e+00 0.0000e+00 0.0000e+00 1.0389e-04 1.4657e-04 0.0000e+00 2.0528e-04 2.2784e-04 2.4736e-04 2.6435e-04 2.7913e-04 2.9192e-04 3.0288e-04 3.1211e-04 3.1970e-04 3.2572e-04 3.3023e-04 3.3329e-04 3.3494e-04 3.3523e-04 3.3421e-04 3.3192e-04 3.2843e-04 3.2377e-04 3.1801e-04 3.1120e-04 3.0341e-04 2.9471e-04 2.8517e-04 2.7487e-04 2.6388e-04 2.5228e-04 2.4017e-04 2.2764e-04 2.1477e-04 2.0165e-04 1.8840e-04 1.7509e-04 1.6183e-04 1.4871e-04 1.3583e-04 1.2325e-04 1.1108e-04 9.9390e-05 8.8244e-05 7.7707e-05 6.7832e-05 5.8659e-05 5.0222e-05 4.2538e-05 3.5617e-05 2.9454e-05 2.4034e-05 1.9331e-05 1.5307e-05 1.1917e-05 9.1095e-06 6.8257e-06 5.0043e-06 3.5829e-06 2.4994e-06 1.6946e-06 1.1135e-06 7.0683e-07 4.3192e-07 2.5303e-07 1.4145e-07 7.5059e-08 3.7576e-08 1.7624e-08 7.6820e-09 3.0829e-09 1.1268e-09 3.7030e-10 1.0780e-10 2.7308e-11 5.8948e-12 1.0572e-12 1.5283e-13 1.7163e-14 1.4312e-15 8.3845e-17 3.2201e-18 7.4329e-20 9.2350e-22 5.3590e-24 1.2073e-26 8.2692e-30 1.2394e-33 2.5910e-38 4.0214e-44 1.8759e-51 6.9257e-61 2.6422e-73 4.1099e-90 1.1863e-113 4.2657e-148 -1.5095e-201 -5.5036e-288 0.0000e+00 0.0000e+00 0.0000e+00 0.0000e+00
-1.1929e-04 -1.6831e-04 -2.0534e-04 4.0340e-03 -2.6180e-04 -2.8432e-04 -3.0397e-04 -3.2111e-04 -3.3601e-04 -3.4882e-04 -3.5968e-04 -3.6870e-04 -3.7594e-04 -3.8147e-04 -3.8536e-04 -3.8766e-04 -3.8841e-04 -3.8767e-04 -3.8550e-04 -3.8194e-04 -3.7705e-04 -3.7089e-04 -3.6353e-04 -3.5502e-04 -3.4546e-04 -3.3490e-04 -3.2344e-04 -3.1115e-04 -2.9814e-04 -2.8449e-04 -2.7030e-04 -2.5568e-04 -2.4072e-04 -2.2555e-04 -2.1025e-04 -1.9495e-04 -1.7975e-04 -1.6475e-04 -1.5006e-04 -1.3577e-04 -1.2198e-04 -1.0877e-04 -9.6225e-05 -8.4404e-05 -7.3364e-05 -6.3151e-05 -5.3795e-05 -4.5315e-05 -3.7713e-05 -3.0982e-05 -2.5097e-05 -2.0023e-05 -1.5715e-05 -1.2115e-05 -9.1599e-06 -6.7805e-06 -4.9044e-06 -3.4587e-06 -2.3723e-06 -1.5783e-06 -1.0152e-06 -6.2922e-07 -3.7425e-07 -2.1265e-07 -1.1483e-07 -5.8575e-08 -2.8035e-08 -1.2490e-08 -5.1322e-09 -1.9243e-09 -6.5019e-10 -1.9507e-10 -5.1067e-11 -1.1426e-11 -2.1311e-12 -3.2161e-13 -3.7866e-14 -3.3269e-15 -2.0649e-16 -8.4557e-18 -2.0965e-19 -2.8220e-21 -1.7920e-23 -4.4704e-26 -3.4386e-29 -5.8881e-33 -1.4360e-37 -2.6697e-43 -1.5431e-50 -7.3849e-60 -3.8903e-72 -9.1916e-89 -4.7519e-112 -4.5013e-146 -1.4040e-198 -8.6390e-286 0.0000e+00 0.0000e+00 0.0000e+00 0.0000e+00 1.1929e-04 1.6829e-04 2.0528e-04 0.0000e+00 2.6160e-04 2.8401e-04 3.0352e-04 3.2049e-04 3.3518e-04 3.4776e-04 3.5835e-04 3.6707e-04 3.7398e-04 3.7916e-04 3.8267e-04 3.8457e-04 3.8490e-04 3.8373e-04 3.8111e-04 3.7709e-04 3.7174e-04 3.6512e-04 3.5731e-04 3.4837e-04 3.3838e-04 3.2743e-04 3.1559e-04 3.0297e-04 2.8966e-04 2.7576e-04 2.6136e-04 2.4658e-04 2.3153e-04 2.1631e-04 2.0103e-04 1.8581e-04 1.7075e-04 1.5595e-04 1.4151e-04 1.2754e-04 1.1411e-04 1.0132e-04 8.9218e-05 7.7879e-05 6.7347e-05 5.7659e-05 4.8838e-05 4.0891e-05 3.3816e-05 2.7593e-05 2.2192e-05 1.7573e-05 1.3681e-05 1.0458e-05 7.8355e-06 5.7446e-06 4.1127e-06 2.8689e-06 1.9450e-06 1.2780e-06 8.1122e-07 4.9568e-07 2.9036e-07 1.6231e-07 8.6117e-08 4.3107e-08 2.0216e-08 8.8103e-09 3.5351e-09 1.2918e-09 4.2441e-10 1.2351e-10 3.1278e-11 6.7486e-12 1.2097e-12 1.7475e-13 1.9607e-14 1.6334e-15 9.5556e-17 3.6634e-18 8.4372e-20 1.0451e-21 6.0407e-24 1.3534e-26 9.1991e-30 1.3637e-33 2.8042e-38 4.2425e-44 1.8975e-51 6.4968e-61 2.1240e-73 2.1691e-90 -1.9699e-114 -1.2451e-147 -6.4453e-200 -4.9967e-287 0.0000e+00 0.0000e+00 0.0000e+00 0.0000e+00
-1.3240e-04 -1.8682e-04 -2.2794e-04 -2.6180e-04 6.3120e-03 -3.1576e-04 -3.3765e-04 -3.5679e-04 -3.7345e-04 -3.8782e-04 -4.0004e-04 -4.1023e-04 -4.1847e-04 -4.2484e-04 -4.2939e-04 -4.3219e-04 -4.3330e-04 -4.3275e-04 -4.3062e-04 -4.2696e-04 -4.2182e-04 -4.1528e-04 -4.0739e-04 -3.9823e-04 -3.8788e-04 -3.7641e-04 -3.6393e-04 -3.5051e-04 -3.3625e-04 -3.2126e-04 -3.0565e-04 -2.8952e-04 -2.7299e-04 -2.5618e-04 -2.3919e-04 -2.2216e-04 -2.0521e-04 -1.8844e-04 -1.7197e-04 -1.5592e-04 -1.4039e-04 -1.2548e-04 -1.1127e-04 -9.7848e-05 -8.5276e-05 -7.3608e-05 -6.2887e-05 -5.3136e-05 -4.4365e-05 -3.6570e-05 -2.9730e-05 -2.3809e-05 -1.8760e-05 -1.4523e-05 -1.1029e-05 -8.2016e-06 -5.9613e-06 -4.2257e-06 -2.9142e-06 -1.9499e-06 -1.2619e-06 -7.8713e-07 -4.7135e-07 -2.6975e-07 -1.4677e-07 -7.5476e-08 -3.6434e-08 -1.6380e-08 -6.7958e-09 -2.5743e-09 -8.7936e-10 -2.6691e-10 -7.0746e-11 -1.6040e-11 -3.0344e-12 -4.6492e-13 -5.5637e-14 -4.9745e-15 -3.1462e-16 -1.3148e-17 -3.3325e-19 -4.5944e-21 -2.9947e-23 -7.6880e-26 -6.1040e-29 -1.0827e-32 -2.7472e-37 -5.3420e-43 -3.2515e-50 -1.6528e-59 -9.3540e-72 -2.4112e-88 -1.3894e-111 -1.5131e-145 -5.6850e-198 -4.5437e-285 0.0000e+00 0.0000e+00 0.0000e+00 0.0000e+00 1.3240e-04 1.8678e-04 2.2784e-04 2.6160e-04 0.0000e+00 3.1522e-04 3.3687e-04 3.5571e-04 3.7201e-04 3.8597e-04 3.9773e-04 4.0741e-04 4.1508e-04 4.2083e-04 4.2473e-04 4.2683e-04 4.2720e-04 4.2590e-04 4.2298e-04 4.1853e-04 4.1259e-04 4.0525e-04 3.9657e-04 3.8665e-04 3.7556e-04 3.6341e-04 3.5027e-04 3.3626e-04 3.2149e-04 3.0606e-04 2.9008e-04 2.7368e-04 2.5697e-04 2.4008e-04 2.2312e-04 2.0622e-04 1.8950e-04 1.7308e-04 1.5706e-04 1.4155e-04 1.2664e-04 1.1244e-04 9.9012e-05 8.6428e-05 7.4739e-05 6.3987e-05 5.4196e-05 4.5377e-05 3.7524e-05 3.0618e-05 2.4625e-05 1.9498e-05 1.5179e-05 1.1602e-05 8.6929e-06 6.3728e-06 4.5622e-06 3.1822e-06 2.1572e-06 1.4173e-06 8.9955e-07 5.4958e-07 3.2189e-07 1.7990e-07 9.5430e-08 4.7758e-08 2.2390e-08 9.7548e-09 3.9125e-09 1.4290e-09 4.6923e-10 1.3646e-10 3.4528e-11 7.4424e-12 1.3324e-12 1.9218e-13 2.1521e-14 1.7884e-15 1.0430e-16 3.9823e-18 9.1223e-20 1.1219e-21 6.4202e-24 1.4186e-26 9.4482e-30 1.3583e-33 2.6592e-38 3.6944e-44 1.3951e-51 3.0528e-61 -3.4558e-74 -5.5667e-90 -5.4439e-113 -7.7840e-147 -3.3752e-199 -2.8401e-286 0.0000e+00 0.0000e+00 0.0000e+00 0.0000e+00
-1.4375e-04 -2.0284e-04 -2.4751e-04 -2.8432e-04 -3.1576e-04 9.1049e-03 -3.6695e-04 -3.8787e-04 -4.0613e-04 -4.2193e-04 -4.3542e-04 -4.4673e-04 -4.5595e-04 -4.6316e-04 -4.6842e-04 -4.7180e-04 -4.7335e-04 -4.7313e-04 -4.7119e-04 -4.6760e-04 -4.6241e-04 -4.5569e-04 -4.4751e-04 -4.3794e-04 -4.2706e-04 -4.1496e-04 -4.0172e-04 -3.8744e-04 -3.7222e-04 -3.5617e-04 -3.3940e-04 -3.2203e-04 -3.0418e-04 -2.8597e-04 -2.6753e-04 -2.4898e-04 -2.3046e-04 -2.1210e-04 -1.9402e-04 -1.7634e-04 -1.5918e-04 -1.4265e-04 -1.2685e-04 -1.1187e-04 -9.7793e-05 -8.4682e-05 -7.2589e-05 -6.1548e-05 -5.1577e-05 -4.2678e-05 -3.4834e-05 -2.8014e-05 -2.2171e-05 -1.7242e-05 -1.3157e-05 -9.8345e-06 -7.1862e-06 -5.1225e-06 -3.5534e-06 -2.3922e-06 -1.5582e-06 -9.7856e-07 -5.9018e-07 -3.4029e-07 -1.8662e-07 -9.6770e-08 -4.7124e-08 -2.1382e-08 -8.9581e-09 -3.4285e-09 -1.1840e-09 -3.6352e-10 -9.7537e-11 -2.2402e-11 -4.2968e-12 -6.6806e-13 -8.1207e-14 -7.3834e-15 -4.7544e-16 -2.0257e-17 -5.2432e-19 -7.3950e-21 -4.9418e-23 -1.3039e-25 -1.0672e-28 -1.9583e-32 -5.1635e-37 -1.0491e-42 -6.7180e-50 -3.6250e-59 -2.2034e-71 -6.1970e-88 -3.9821e-111 -4.9897e-145 -2.2615e-197 -2.3524e-284 0.0000e+00 0.0000e+00 0.0000e+00 0.0000e+00 1.4374e-04 2.0279e-04 2.4736e-04 2.8401e-04 3.1522e-04 0.0000e+00 3.6573e-04 3.8618e-04 4.0388e-04 4.1904e-04 4.3180e-04 4.4231e-04 4.5064e-04 4.5688e-04 4.6111e-04 4.6339e-04 4.6379e-04 4.6238e-04 4.5922e-04 4.5438e-04 4.4793e-04 4.3996e-04 4.3054e-04 4.1977e-04 4.0773e-04 3.9453e-04 3.8027e-04 3.6506e-04 3.4902e-04 3.3226e-04 3.1492e-04 2.9711e-04 2.7897e-04 2.6063e-04 2.4222e-04 2.2387e-04 2.0572e-04 1.8789e-04 1.7049e-04 1.5365e-04 1.3747e-04 1.2205e-04 1.0748e-04 9.3813e-05 8.1124e-05 6.9451e-05 5.8822e-05 4.9249e-05 4.0724e-05 3.3227e-05 2.6722e-05 2.1157e-05 1.6470e-05 1.2588e-05 9.4303e-06 6.9127e-06 4.9481e-06 3.4509e-06 2.3390e-06 1.5364e-06 9.7496e-07 5.9551e-07 3.4869e-07 1.9481e-07 1.0330e-07 5.1673e-08 2.4213e-08 1.0542e-08 4.2251e-09 1.5417e-09 5.0570e-10 1.4687e-10 3.7103e-11 7.9816e-12 1.4254e-12 2.0496e-13 2.2863e-14 1.8904e-15 1.0953e-16 4.1461e-18 9.3872e-20 1.1360e-21 6.3526e-24 1.3564e-26 8.5615e-30 1.1235e-33 1.8425e-38 1.6182e-44 -2.1075e-52 -7.1467e-61 -7.4940e-73 -2.8334e-89 -2.1723e-112 -3.0051e-146 -1.4136e-198 -1.4398e-285 0.0000e+00 0.0000e+00 0.0000e+00 0.0000e+00
-1.5363e-04 -2.1679e-04 -2.6457e-04 -3.0397e-04 -3.3765e-04 -3.6695e-04 1.2418e-02 -4.1518e-04 -4.3490e-04 -4.5203e-04 -4.6674e-04 -4.7914e-04 -4.8934e-04 -4.9742e-04 -5.0345e-04 -5.0749e-04 -5.0960e-04 -5.0983e-04 -5.0824e-04 -5.0489e-04 -4.9984e-04 -4.9316e-04 -4.8490e-04 -4.7515e-04 -4.6398e-04 -4.5148e-04 -4.3774e-04 -4.2286e-04 -4.0693e-04 -3.9007e-04 -3.7238e-04 -3.5401e-04 -3.3505e-04 -3.1566e-04 -2.9595e-04 -2.7607e-04 -2.5615e-04 -2.3633e-04 -2.1675e-04 -1.9753e-04 -1.7882e-04 -1.6072e-04 -1.4336e-04 -1.2684e-04 -1.1125e-04 -9.6677e-05 -8.3174e-05 -7.0792e-05 -5.9559e-05 -4.9487e-05 -4.0567e-05 -3.2771e-05 -2.6057e-05 -2.0365e-05 -1.5619e-05 -1.1737e-05 -8.6242e-06 -6.1833e-06 -4.3153e-06 -2.9236e-06 -1.9169e-06 -1.2122e-06 -7.3639e-07 -4.2782e-07 -2.3649e-07 -1.2365e-07 -6.0738e-08 -2.7812e-08 -1.1764e-08 -4.5480e-09 -1.5873e-09 -4.9283e-10 -1.3380e-10 -3.1117e-11 -6.0481e-12 -9.5369e-13 -1.1768e-13 -1.0873e-14 -7.1234e-16 -3.0922e-17 -8.1669e-19 -1.1775e-20 -8.0613e-23 -2.1846e-25 -1.8420e-28 -3.4951e-32 -9.5721e-37 -2.0314e-42 -1.3685e-49 -7.8394e-59 -5.1192e-71 -1.5717e-87 -1.1270e-110 -1.6266e-144 -8.9054e-197 -1.2078e-283 0.0000e+00 0.0000e+00 0.0000e+00 0.0000e+00 1.5361e-04 2.1671e-04 2.6435e-04 3.0352e-04 3.3687e-04 3.6573e-04 0.0000e+00 4.1271e-04 4.3162e-04 4.4782e-04 4.6146e-04 4.7268e-04 4.8159e-04 4.8826e-04 4.9278e-04 4.9522e-04 4.9565e-04 4.9413e-04 4.9075e-04 4.8558e-04 4.7869e-04 4.7017e-04 4.6011e-04 4.4859e-04 4.3573e-04 4.2162e-04 4.0638e-04 3.9012e-04 3.7298e-04 3.5507e-04 3.3653e-04 3.1750e-04 2.9811e-04 2.7851e-04 2.5883e-04 2.3922e-04 2.1982e-04 2.0076e-04 1.8217e-04 1.6418e-04 1.4689e-04 1.3041e-04 1.1483e-04 1.0022e-04 8.6664e-05 7.4191e-05 6.2833e-05 5.2603e-05 4.3495e-05 3.5485e-05 2.8535e-05 2.2590e-05 1.7584e-05 1.3437e-05 1.0065e-05 7.3766e-06 5.2791e-06 3.6809e-06 2.4942e-06 1.6379e-06 1.0390e-06 6.3433e-07 3.7124e-07 2.0729e-07 1.0985e-07 5.4903e-08 2.5702e-08 1.1178e-08 4.4740e-09 1.6300e-09 5.3361e-10 1.5461e-10 3.8944e-11 8.3473e-12 1.4840e-12 2.1215e-13 2.3490e-14 1.9235e-15 1.1001e-16 4.0910e-18 9.0343e-20 1.0540e-21 5.5711e-24 1.0825e-26 5.7090e-30 4.7521e-34 -2.3636e-39 -3.4585e-44 -4.0901e-51 -3.2040e-60 -2.5489e-72 -8.8757e-89 -6.8474e-112 -1.0167e-145 -5.4868e-198 -7.0063e-285 0.0000e+00 0.0000e+00 0.0000e+00 0.0000e+00
-1.6222e-04 -2.2894e-04 -2.7944e-04 -3.2111e-04 -3.5679e-04 -3.8787e-04 -4.1518e-04 1.6257e-02 -4.6029e-04 -4.7869e-04 -4.9457e-04 -5.0805e-04 -5.1925e-04 -5.2825e-04 -5.3511e-04 -5.3990e-04 -5.4268e-04 -5.4350e-04 -5.4242e-04 -5.3948e-04 -5.3476e-04 -5.2831e-04 -5.2020e-04 -5.1050e-04 -4.9927e-04 -4.8662e-04 -4.7262e-04 -4.5737e-04 -4.4097e-04 -4.2352e-04 -4.0516e-04 -3.8599e-04 -3.6614e-04 -3.4575e-04 -3.2495e-04 -3.0389e-04 -2.8271e-04 -2.6155e-04 -2.4056e-04 -2.1989e-04 -1.9967e-04 -1.8004e-04 -1.6113e-04 -1.4306e-04 -1.2593e-04 -1.0984e-04 -9.4863e-05 -8.1066e-05 -6.8489e-05 -5.7154e-05 -4.7063e-05 -3.8198e-05 -3.0520e-05 -2.3973e-05 -1.8484e-05 -1.3965e-05 -1.0320e-05 -7.4425e-06 -5.2259e-06 -3.5631e-06 -2.3517e-06 -1.4974e-06 -9.1620e-07 -5.3627e-07 -2.9875e-07 -1.5748e-07 -7.8017e-08 -3.6043e-08 -1.5388e-08 -6.0076e-09 -2.1183e-09 -6.6486e-10 -1.8258e-10 -4.2976e-11 -8.4606e-12 -1.3524e-12 -1.6933e-13 -1.5891e-14 -1.0587e-15 -4.6801e-17 -1.2607e-18 -1.8575e-20 -1.3023e-22 -3.6237e-25 -3.1471e-28 -6.1738e-32 -1.7562e-36 -3.8935e-42 -2.7599e-49 -1.6789e-58 -1.1784e-70 -3.9515e-87 -3.1646e-110 -5.2660e-144 -3.4873e-196 -6.1777e-283 0.0000e+00 0.0000e+00 0.0000e+00 0.0000e+00 1.6220e-04 2.2883e-04 2.7913e-04 3.2049e-04 3.5571e-04 3.8618e-04 4.1271e-04 0.0000e+00 4.5576e-04 4.7286e-04 4.8727e-04 4.9912e-04 5.0852e-04 5.1556e-04 5.2033e-04 5.2291e-04 5.2336e-04 5.2176e-04 5.1819e-04 5.1273e-04 5.0546e-04 4.9646e-04 4.8583e-04 4.7367e-04 4.6008e-04 4.4518e-04 4.2909e-04 4.1192e-04 3.9381e-04 3.7490e-04 3.5532e-04 3.3522e-04 3.1474e-04 2.9404e-04 2.7326e-04 2.5256e-04 2.3207e-04 2.1194e-04 1.9231e-04 1.7331e-04 1.5505e-04 1.3765e-04 1.2119e-04 1.0578e-04 9.1459e-05 7.8290e-05 6.6299e-05 5.5499e-05 4.5884e-05 3.7430e-05 3.0095e-05 2.3821e-05 1.8538e-05 1.4163e-05 1.0606e-05 7.7712e-06 5.5597e-06 3.8751e-06 2.6247e-06 1.7227e-06 1.0921e-06 6.6634e-07 3.8966e-07 2.1738e-07 1.1506e-07 5.7438e-08 2.6848e-08 1.1655e-08 4.6545e-09 1.6912e-09 5.5183e-10 1.5925e-10 3.9910e-11 8.5003e-12 1.4990e-12 2.1206e-13 2.3156e-14 1.8609e-15 1.0368e-16 3.7128e-18 7.7403e-20 8.2134e-22 3.6341e-24 4.5534e-27 -5.3075e-31 -9.0969e-34 -4.6469e-38 -1.4305e-43 -1.2546e-50 -8.8134e-60 -6.8045e-72 -2.4148e-88 -1.9781e-111 -3.2579e-145 -2.0629e-197 -3.3572e-284 0.0000e+00 0.0000e+00 0.0000e+00 0.0000e+00
-1.6966e-04 -2.3947e-04 -2.9233e-04 -3.3601e-04 -3.7345e-04 -4.0613e-04 -4.3490e-04 -4.6029e-04 2.0630e-02 -5.0227e-04 -5.1929e-04 -5.3386e-04 -5.4608e-04 -5.5604e-04 -5.6381e-04 -5.6946e-04 -5.7303e-04 -5.7457e-04 -5.7415e-04 -5.7181e-04 -5.6761e-04 -5.6160e-04 -5.5384e-04 -5.4441e-04 -5.3336e-04 -5.2079e-04 -5.0676e-04 -4.9138e-04 -4.7474e-04 -4.5695e-04 -4.3811e-04 -4.1836e-04 -3.9782e-04 -3.7661e-04 -3.5489e-04 -3.3280e-04 -3.1048e-04 -2.8809e-04 -2.6578e-04 -2.4371e-04 -2.2202e-04 -2.0088e-04 -1.8041e-04 -1.6076e-04 -1.4204e-04 -1.2438e-04 -1.0785e-04 -9.2552e-05 -7.8531e-05 -6.5827e-05 -5.4455e-05 -4.4408e-05 -3.5658e-05 -2.8152e-05 -2.1820e-05 -1.6577e-05 -1.2319e-05 -8.9364e-06 -6.3131e-06 -4.3315e-06 -2.8776e-06 -1.8447e-06 -1.1367e-06 -6.7020e-07 -3.7622e-07 -1.9989e-07 -9.9851e-08 -4.6530e-08 -2.0046e-08 -7.9006e-09 -2.8137e-09 -8.9245e-10 -2.4781e-10 -5.9020e-11 -1.1765e-11 -1.9058e-12 -2.4204e-13 -2.3065e-14 -1.5623e-15 -7.0311e-17 -1.9315e-18 -2.9075e-20 -2.0874e-22 -5.9636e-25 -5.3345e-28 -1.0821e-31 -3.1976e-36 -7.4072e-42 -5.5263e-49 -3.5715e-58 -2.6956e-70 -9.8800e-87 -8.8438e-110 -1.6985e-143 -1.3622e-195 -3.1573e-282 0.0000e+00 0.0000e+00 0.0000e+00 0.0000e+00 1.6964e-04 2.3932e-04 2.9192e-04 3.3518e-04 3.7201e-04 4.0388e-04 4.3162e-04 4.5576e-04 0.0000e+00 4.9453e-04 5.0960e-04 5.2199e-04 5.3182e-04 5.3919e-04 5.4418e-04 5.4687e-04 5.4734e-04 5.4567e-04 5.4194e-04 5.3622e-04 5.2861e-04 5.1920e-04 5.0808e-04 4.9536e-04 4.8114e-04 4.6556e-04 4.4872e-04 4.3077e-04 4.1182e-04 3.9204e-04 3.7156e-04 3.5053e-04 3.2912e-04 3.0746e-04 2.8573e-04 2.6407e-04 2.4264e-04 2.2158e-04 2.0105e-04 1.8117e-04 1.6207e-04 1.4387e-04 1.2667e-04 1.1054e-04 9.5571e-05 8.1800e-05 6.9262e-05 5.7971e-05 4.7920e-05 3.9083e-05 3.1417e-05 2.4862e-05 1.9342e-05 1.4773e-05 1.1059e-05 8.0993e-06 5.7916e-06 4.0344e-06 2.7308e-06 1.7910e-06 1.1344e-06 6.9142e-07 4.0384e-07 2.2496e-07 1.1888e-07 5.9221e-08 2.7614e-08 1.1952e-08 4.7564e-09 1.7207e-09 5.5843e-10 1.6007e-10 3.9774e-11 8.3785e-12 1.4563e-12 2.0208e-13 2.1486e-14 1.6620e-15 8.7428e-17 2.8515e-18 5.0050e-20 3.5201e-22 -1.6346e-25 -7.5601e-27 -1.2533e-29 -3.5874e-33 -1.3293e-37 -3.6055e-43 -3.0055e-50 -2.0941e-59 -1.6540e-71 -6.1756e-88 -5.4865e-111 -1.0178e-144 -7.6500e-197 -1.6020e-283 0.0000e+00 0.0000e+00 0.0000e+00 0.0000e+00
-1.7603e-04 -2.4849e-04 -3.0340e-04 -3.4882e-04 -3.8782e-04 -4.2193e-04 -4.5203e-04 -4.7869e-04 -5.0227e-04 2.5546e-02 -5.4119e-04 -5.5684e-04 -5.7012e-04 -5.8110e-04 -5.8986e-04 -5.9645e-04 -6.0094e-04 -6.0335e-04 -6.0375e-04 -6.0218e-04 -5.9869e-04 -5.9332e-04 -5.8613e-04 -5.7719e-04 -5.6654e-04 -5.5428e-04 -5.4046e-04 -5.2519e-04 -5.0854e-04 -4.9062e-04 -4.7154e-04 -4.5141e-04 -4.3036e-04 -4.0853e-04 -3.8604e-04 -3.6306e-04 -3.3973e-04 -3.1620e-04 -2.9265e-04 -2.6924e-04 -2.4612e-04 -2.2347e-04 -2.0143e-04 -1.8016e-04 -1.5980e-04 -1.4049e-04 -1.2233e-04 -1.0542e-04 -8.9841e-05 -7.5647e-05 -6.2870e-05 -5.1517e-05 -4.1571e-05 -3.2988e-05 -2.5704e-05 -1.9633e-05 -1.4672e-05 -1.0705e-05 -7.6079e-06 -5.2523e-06 -3.5117e-06 -2.2662e-06 -1.4060e-06 -8.3495e-07 -4.7219e-07 -2.5283e-07 -1.2732e-07 -5.9833e-08 -2.6005e-08 -1.0345e-08 -3.7202e-09 -1.1922e-09 -3.3465e-10 -8.0626e-11 -1.6271e-11 -2.6705e-12 -3.4396e-13 -3.3278e-14 -2.2914e-15 -1.0498e-16 -2.9407e-18 -4.5228e-20 -3.3251e-22 -9.7542e-25 -8.9882e-28 -1.8854e-31 -5.7894e-36 -1.4017e-41 -1.1011e-48 -7.5635e-58 -6.1422e-70 -2.4621e-86 -2.4653e-109 -5.4697e-143 -5.3198e-195 -1.6160e-281 0.0000e+00 0.0000e+00 0.0000e+00 0.0000e+00 1.7600e-04 2.4830e-04 3.0288e-04 3.4776e-04 3.8597e-04 4.1904e-04 4.4782e-04 4.7286e-04 4.9453e-04 0.0000e+00 5.2872e-04 5.4158e-04 5.5178e-04 5.5942e-04 5.6460e-04 5.6739e-04 5.6788e-04 5.6614e-04 5.6226e-04 5.5633e-04 5.4843e-04 5.3866e-04 5.2712e-04 5.1392e-04 4.9917e-04 4.8299e-04 4.6552e-04 4.4688e-04 4.2723e-04 4.0669e-04 3.8544e-04 3.6362e-04 3.4139e-04 3.1891e-04 2.9636e-04 2.7388e-04 2.5164e-04 2.2979e-04 2.0848e-04 1.8785e-04 1.6804e-04 1.4915e-04 1.3130e-04 1.1457e-04 9.9040e-05 8.4755e-05 7.1751e-05 6.0041e-05 4.9619e-05 4.0458e-05 3.2512e-05 2.5719e-05 2.0001e-05 1.5269e-05 1.1424e-05 8.3614e-06 5.9747e-06 4.1585e-06 2.8121e-06 1.8422e-06 1.1653e-06 7.0916e-07 4.1345e-07 2.2982e-07 1.2113e-07 6.0154e-08 2.7944e-08 1.2040e-08 4.7643e-09 1.7115e-09 5.5058e-10 1.5604e-10 3.8210e-11 7.8934e-12 1.3359e-12 1.7849e-13 1.7938e-14 1.2678e-15 5.6653e-17 1.2692e-18 7.2801e-22 -4.8602e-22 -6.9278e-24 -2.9225e-26 -3.4219e-29 -8.5050e-33 -2.9538e-37 -7.8159e-43 -6.5273e-50 -4.6545e-59 -3.8392e-71 -1.5303e-87 -1.4908e-110 -3.1420e-144 -2.8234e-196 -7.6558e-283 0.0000e+00 0.0000e+00 0.0000e+00 0.0000e+00
-1.8141e-04 -2.5610e-04 -3.1276e-04 -3.5968e-04 -4.0004e-04 -4.3542e-04 -4.6674e-04 -4.9457e-04 -5.1929e-04 -5.4119e-04 3.1012e-02 -5.7719e-04 -5.9156e-04 -6.0363e-04 -6.1345e-04 -6.2110e-04 -6.2662e-04 -6.3005e-04 -6.3142e-04 -6.3080e-04 -6.2820e-04 -6.2367e-04 -6.1727e-04 -6.0904e-04 -5.9903e-04 -5.8730e-04 -5.7394e-04 -5.5900e-04 -5.4257e-04 -5.2475e-04 -5.0564e-04 -4.8534e-04 -4.6399e-04 -4.4170e-04 -4.1861e-04 -3.9488e-04 -3.7066e-04 -3.4611e-04 -3.2139e-04 -2.9669e-04 -2.7217e-04 -2.4801e-04 -2.2439e-04 -2.0147e-04 -1.7941e-04 -1.5836e-04 -1.3846e-04 -1.1984e-04 -1.0258e-04 -8.6761e-05 -7.2442e-05 -5.9644e-05 -4.8365e-05 -3.8573e-05 -3.0212e-05 -2.3200e-05 -1.7434e-05 -1.2793e-05 -9.1453e-06 -6.3520e-06 -4.2737e-06 -2.7759e-06 -1.7339e-06 -1.0369e-06 -5.9066e-07 -3.1866e-07 -1.6174e-07 -7.6640e-08 -3.3600e-08 -1.3488e-08 -4.8973e-09 -1.5853e-09 -4.4982e-10 -1.0962e-10 -2.2392e-11 -3.7233e-12 -4.8633e-13 -4.7769e-14 -3.3435e-15 -1.5595e-16 -4.4547e-18 -7.0004e-20 -5.2709e-22 -1.5879e-24 -1.5076e-27 -3.2712e-31 -1.0440e-35 -2.6428e-41 -2.1867e-48 -1.5972e-57 -1.3963e-69 -6.1255e-86 -6.8664e-109 -1.7618e-142 -2.0806e-194 -8.2975e-281 0.0000e+00 0.0000e+00 0.0000e+00 0.0000e+00 1.8136e-04 2.5587e-04 3.1211e-04 3.5835e-04 3.9773e-04 4.3180e-04 4.6146e-04 4.8727e-04 5.0960e-04 5.2872e-04 0.0000e+00 5.5808e-04 5.6859e-04 5.7646e-04 5.8179e-04 5.8467e-04 5.8517e-04 5.8338e-04 5.7938e-04 5.7326e-04 5.6512e-04 5.5505e-04 5.4315e-04 5.2954e-04 5.1433e-04 4.9766e-04 4.7965e-04 4.6043e-04 4.4017e-04 4.1900e-04 3.9709e-04 3.7459e-04 3.5168e-04 3.2851e-04 3.0526e-04 2.8209e-04 2.5916e-04 2.3664e-04 2.1467e-04 1.9341e-04 1.7299e-04 1.5353e-04 1.3513e-04 1.1789e-04 1.0189e-04 8.7174e-05 7.3780e-05 6.1721e-05 5.0990e-05 4.1560e-05 3.3383e-05 2.6394e-05 2.0514e-05 1.5650e-05 1.1700e-05 8.5562e-06 6.1076e-06 4.2459e-06 2.8672e-06 1.8753e-06 1.1840e-06 7.1887e-07 4.1798e-07 2.3159e-07 1.2159e-07 6.0100e-08 2.7758e-08 1.1875e-08 4.6572e-09 1.6542e-09 5.2439e-10 1.4577e-10 3.4770e-11 6.9231e-12 1.1098e-12 1.3609e-13 1.1751e-14 5.9413e-16 4.7248e-18 -1.3832e-18 -8.1839e-20 -1.8937e-21 -1.8380e-23 -6.6358e-26 -7.2021e-29 -1.7267e-32 -5.9288e-37 -1.5794e-42 -1.3487e-49 -9.9833e-59 -8.6905e-71 -3.7284e-87 -4.0088e-110 -9.6526e-144 -1.0422e-195 -3.6766e-282 0.0000e+00 0.0000e+00 0.0000e+00 0.0000e+00
-1.8583e-04 -2.6238e-04 -3.2049e-04 -3.6870e-04 -4.1023e-04 -4.4673e-04 -4.7914e-04 -5.0805e-04 -5.3386e-04 -5.5684e-04 -5.7719e-04 3.7041e-02 -6.1056e-04 -6.2376e-04 -6.3474e-04 -6.4355e-04 -6.5022e-04 -6.5480e-04 -6.5731e-04 -6.5780e-04 -6.5629e-04 -6.5281e-04 -6.4740e-04 -6.4010e-04 -6.3095e-04 -6.2000e-04 -6.0731e-04 -5.9295e-04 -5.7698e-04 -5.5948e-04 -5.4056e-04 -5.2031e-04 -4.9884e-04 -4.7628e-04 -4.5277e-04 -4.2844e-04 -4.0346e-04 -3.7798e-04 -3.5218e-04 -3.2625e-04 -3.0036e-04 -2.7471e-04 -2.4948e-04 -2.2486e-04 -2.0103e-04 -1.7817e-04 -1.5643e-04 -1.3597e-04 -1.1689e-04 -9.9316e-05 -8.3308e-05 -6.8915e-05 -5.6154e-05 -4.5009e-05 -3.5434e-05 -2.7354e-05 -2.0667e-05 -1.5250e-05 -1.0965e-05 -7.6613e-06 -5.1864e-06 -3.3902e-06 -2.1316e-06 -1.2835e-06 -7.3639e-07 -4.0026e-07 -2.0474e-07 -9.7809e-08 -4.3249e-08 -1.7518e-08 -6.4212e-09 -2.0996e-09 -6.0212e-10 -1.4841e-10 -3.0686e-11 -5.1692e-12 -6.8471e-13 -6.8281e-14 -4.8584e-15 -2.3070e-16 -6.7209e-18 -1.0793e-19 -8.3240e-22 -2.5757e-24 -2.5201e-27 -5.6577e-31 -1.8773e-35 -4.9704e-41 -4.3337e-48 -3.3675e-57 -3.1710e-69 -1.5235e-85 -1.9135e-108 -5.6837e-142 -8.1611e-194 -4.2806e-280 0.0000e+00 0.0000e+00 0.0000e+00 0.0000e+00 1.8577e-04 2.6209e-04 3.1970e-04 3.6707e-04 4.0741e-04 4.4231e-04 4.7268e-04 4.9912e-04 5.2199e-04 5.4158e-04 5.5808e-04 0.0000e+00 5.8241e-04 5.9048e-04 5.9594e-04 5.9888e-04 5.9939e-04 5.9755e-04 5.9345e-04 5.8718e-04 5.7883e-04 5.6851e-04 5.5631e-04 5.4236e-04 5.2678e-04 5.0969e-04 4.9123e-04 4.7154e-04 4.5077e-04 4.2908e-04 4.0662e-04 3.8356e-04 3.6008e-04 3.3633e-04 3.1250e-04 2.8876e-04 2.6526e-04 2.4218e-04 2.1968e-04 1.9789e-04 1.7697e-04 1.5703e-04 1.3818e-04 1.2053e-04 1.0414e-04 8.9069e-05 7.5357e-05 6.3015e-05 5.2035e-05 4.2389e-05 3.4028e-05 2.6886e-05 2.0880e-05 1.5915e-05 1.1885e-05 8.6806e-06 6.1876e-06 4.2943e-06 2.8942e-06 1.8885e-06 1.1890e-06 7.1959e-07 4.1675e-07 2.2981e-07 1.1996e-07 5.8873e-08 2.6951e-08 1.1401e-08 4.4073e-09 1.5361e-09 4.7473e-10 1.2738e-10 2.8858e-11 5.3032e-12 7.4002e-13 6.7731e-14 1.8641e-15 -4.7769e-16 -7.7851e-17 -5.6137e-18 -2.1436e-19 -4.1750e-21 -3.7183e-23 -1.2835e-25 -1.3645e-28 -3.2580e-32 -1.1289e-36 -3.0707e-42 -2.7088e-49 -2.0980e-58 -1.9395e-70 -9.0021e-87 -1.0731e-109 -2.9637e-143 -3.8594e-195 -1.7780e-281 0.0000e+00 0.0000e+00 0.0000e+00 0.0000e+00
-1.8934e-04 -2.6737e-04 -3.2668e-04 -3.7594e-04 -4.1847e-04 -4.5595e-04 -4.8934e-04 -5.1925e-04 -5.4608e-04 -5.7012e-04 -5.9156e-04 -6.1056e-04 4.3644e-02 -6.4162e-04 -6.5383e-04 -6.6389e-04 -6.7184e-04 -6.7771e-04 -6.8152e-04 -6.8329e-04 -6.8305e-04 -6.8082e-04 -6.7661e-04 -6.7046e-04 -6.6240e-04 -6.5246e-04 -6.4068e-04 -6.2713e-04 -6.1185e-04 -5.9491e-04 -5.7640e-04 -5.5641e-04 -5.3504e-04 -5.1240e-04 -4.8863e-04 -4.6386e-04 -4.3825e-04 -4.1196e-04 -3.8517e-04 -3.5807e-04 -3.3085e-04 -3.0372e-04 -2.7687e-04 -2.5052e-04 -2.2486e-04 -2.0010e-04 -1.7641e-04 -1.5399e-04 -1.3296e-04 -1.1347e-04 -9.5613e-05 -7.9465e-05 -6.5061e-05 -5.2405e-05 -4.1465e-05 -3.2176e-05 -2.4440e-05 -1.8134e-05 -1.3112e-05 -9.2154e-06 -6.2764e-06 -4.1285e-06 -2.6127e-06 -1.5839e-06 -9.1515e-07 -5.0110e-07 -2.5830e-07 -1.2440e-07 -5.5473e-08 -2.2671e-08 -8.3890e-09 -2.7707e-09 -8.0306e-10 -2.0019e-10 -4.1899e-11 -7.1508e-12 -9.6059e-13 -9.7260e-14 -7.0356e-15 -3.4017e-16 -1.0108e-17 -1.6590e-19 -1.3108e-21 -4.1671e-24 -4.2027e-27 -9.7649e-31 -3.3697e-35 -9.3347e-41 -8.5801e-48 -7.0963e-57 -7.2020e-69 -3.7921e-85 -5.3411e-108 -1.8386e-141 -3.2144e-193 -2.2217e-279 0.0000e+00 0.0000e+00 0.0000e+00 0.0000e+00 1.8927e-04 2.6703e-04 3.2572e-04 3.7398e-04 4.1508e-04 4.5064e-04 4.8159e-04 5.0852e-04 5.3182e-04 5.5178e-04 5.6859e-04 5.8241e-04 0.0000e+00 6.0159e-04 6.0715e-04 6.1014e-04 6.1066e-04 6.0878e-04 6.0460e-04 5.9820e-04 5.8969e-04 5.7917e-04 5.6673e-04 5.5251e-04 5.3662e-04 5.1920e-04 5.0037e-04 4.8030e-04 4.5912e-04 4.3700e-04 4.1411e-04 3.9060e-04 3.6666e-04 3.4245e-04 3.1815e-04 2.9394e-04 2.6999e-04 2.4647e-04 2.2352e-04 2.0132e-04 1.7999e-04 1.5967e-04 1.4047e-04 1.2248e-04 1.0579e-04 9.0445e-05 7.6485e-05 6.3924e-05 5.2753e-05 4.2943e-05 3.4445e-05 2.7189e-05 2.1093e-05 1.6057e-05 1.1974e-05 8.7305e-06 6.2107e-06 4.3003e-06 2.8902e-06 1.8797e-06 1.1789e-06 7.1007e-07 4.0889e-07 2.2389e-07 1.1585e-07 5.6239e-08 2.5387e-08 1.0546e-08 3.9788e-09 1.3410e-09 3.9494e-10 9.8426e-11 1.9683e-11 2.8142e-12 1.7538e-13 -3.6353e-14 -1.3190e-14 -2.1141e-15 -2.0459e-16 -1.2158e-17 -4.2152e-19 -7.7883e-21 -6.7448e-23 -2.3008e-25 -2.4464e-28 -5.9009e-32 -2.0846e-36 -5.8347e-42 -5.3496e-49 -4.3565e-58 -4.2948e-70 -2.1644e-86 -2.8697e-109 -9.1191e-143 -1.4367e-194 -8.6718e-281 0.0000e+00 0.0000e+00 0.0000e+00 0.0000e+00
-1.9197e-04 -2.7114e-04 -3.3136e-04 -3.8147e-04 -4.2484e-04 -4.6316e-04 -4.9742e-04 -5.2825e-04 -5.5604e-04 -5.8110e-04 -6.0363e-04 -6.2376e-04 -6.4162e-04 5.0833e-02 -6.7080e-04 -6.8221e-04 -6.9155e-04 -6.9884e-04 -7.0410e-04 -7.0733e-04 -7.0854e-04 -7.0774e-04 -7.0495e-04 -7.0017e-04 -6.9342e-04 -6.8472e-04 -6.7409e-04 -6.6158e-04 -6.4723e-04 -6.3109e-04 -6.1322e-04 -5.9371e-04 -5.7265e-04 -5.5013e-04 -5.2628e-04 -5.0124e-04 -4.7514e-04 -4.4817e-04 -4.2049e-04 -3.9230e-04 -3.6380e-04 -3.3520e-04 -3.0673e-04 -2.7861e-04 -2.5106e-04 -2.2431e-04 -1.9858e-04 -1.7406e-04 -1.5094e-04 -1.2938e-04 -1.0952e-04 -9.1438e-05 -7.5218e-05 -6.0880e-05 -4.8411e-05 -3.7758e-05 -2.8831e-05 -2.1508e-05 -1.5639e-05 -1.1055e-05 -7.5745e-06 -5.0134e-06 -3.1932e-06 -1.9488e-06 -1.1339e-06 -6.2542e-07 -3.2486e-07 -1.5771e-07 -7.0928e-08 -2.9247e-08 -1.0925e-08 -3.6445e-09 -1.0677e-09 -2.6920e-10 -5.7032e-11 -9.8620e-12 -1.3437e-12 -1.3814e-13 -1.0161e-14 -5.0027e-16 -1.5165e-17 -2.5443e-19 -2.0600e-21 -6.7293e-24 -6.9976e-27 -1.6832e-30 -6.0427e-35 -1.7521e-40 -1.6985e-47 -1.4960e-56 -1.6374e-68 -9.4550e-85 -1.4948e-107 -5.9700e-141 -1.2727e-192 -1.1614e-278 0.0000e+00 0.0000e+00 0.0000e+00 0.0000e+00 1.9190e-04 2.7073e-04 3.3023e-04 3.7916e-04 4.2083e-04 4.5688e-04 4.8826e-04 5.1556e-04 5.3919e-04 5.5942e-04 5.7646e-04 5.9048e-04 6.0159e-04 0.0000e+00 6.1555e-04 6.1858e-04 6.1910e-04 6.1719e-04 6.1294e-04 6.0645e-04 5.9781e-04 5.8712e-04 5.7451e-04 5.6007e-04 5.4395e-04 5.2627e-04 5.0717e-04 4.8679e-04 4.6531e-04 4.4286e-04 4.1962e-04 3.9577e-04 3.7147e-04 3.4691e-04 3.2225e-04 2.9769e-04 2.7339e-04 2.4951e-04 2.2624e-04 2.0371e-04 1.8208e-04 1.6147e-04 1.4200e-04 1.2377e-04 1.0685e-04 9.1302e-05 7.7161e-05 6.4443e-05 5.3137e-05 4.3215e-05 3.4626e-05 2.7298e-05 2.1146e-05 1.6070e-05 1.1960e-05 8.7001e-06 6.1721e-06 4.2597e-06 2.8519e-06 1.8462e-06 1.1514e-06 6.8878e-07 3.9329e-07 2.1309e-07 1.0880e-07 5.1904e-08 2.2899e-08 9.2184e-09 3.3264e-09 1.0483e-09 2.7642e-10 5.5715e-11 6.2086e-12 -8.3466e-13 -6.5277e-13 -1.8941e-13 -3.5429e-14 -4.5474e-15 -3.9469e-16 -2.2079e-17 -7.3966e-19 -1.3423e-20 -1.1551e-22 -3.9509e-25 -4.2452e-28 -1.0424e-31 -3.7770e-36 -1.0930e-41 -1.0457e-48 -8.9847e-58 -9.4738e-70 -5.1981e-86 -7.6857e-109 -2.8172e-142 -5.3838e-194 -4.2709e-280 0.0000e+00 0.0000e+00 0.0000e+00 0.0000e+00
-1.9376e-04 -2.7371e-04 -3.3460e-04 -3.8536e-04 -4.2939e-04 -4.6842e-04 -5.0345e-04 -5.3511e-04 -5.6381e-04 -5.8986e-04 -6.1345e-04 -6.3474e-04 -6.5383e-04 -6.7080e-04 5.8624e-02 -6.9855e-04 -7.0939e-04 -7.1824e-04 -7.2508e-04 -7.2993e-04 -7.3277e-04 -7.3360e-04 -7.3242e-04 -7.2923e-04 -7.2401e-04 -7.1678e-04 -7.0755e-04 -6.9633e-04 -6.8314e-04 -6.6803e-04 -6.5105e-04 -6.3224e-04 -6.1170e-04 -5.8952e-04 -5.6579e-04 -5.4064e-04 -5.1423e-04 -4.8670e-04 -4.5824e-04 -4.2905e-04 -3.9932e-04 -3.6930e-04 -3.3921e-04 -3.0929e-04 -2.7981e-04 -2.5100e-04 -2.2311e-04 -1.9638e-04 -1.7102e-04 -1.4723e-04 -1.2518e-04 -1.0499e-04 -8.6771e-05 -7.0567e-05 -5.6390e-05 -4.4203e-05 -3.3928e-05 -2.5447e-05 -1.8606e-05 -1.3228e-05 -9.1169e-06 -6.0714e-06 -3.8920e-06 -2.3911e-06 -1.4010e-06 -7.7838e-07 -4.0742e-07 -1.9938e-07 -9.0430e-08 -3.7624e-08 -1.4187e-08 -4.7807e-09 -1.4156e-09 -3.6104e-10 -7.7432e-11 -1.3567e-11 -1.8750e-12 -1.9577e-13 -1.4643e-14 -7.3427e-16 -2.2710e-17 -3.8957e-19 -3.2326e-21 -1.0854e-23 -1.1641e-26 -2.8995e-30 -1.0833e-34 -3.2891e-40 -3.3644e-47 -3.1573e-56 -3.7291e-68 -2.3635e-84 -4.1980e-107 -1.9476e-140 -5.0702e-192 -6.1220e-278 0.0000e+00 0.0000e+00 0.0000e+00 0.0000e+00 1.9367e-04 2.7323e-04 3.3329e-04 3.8267e-04 4.2473e-04 4.6111e-04 4.9278e-04 5.2033e-04 5.4418e-04 5.6460e-04 5.8179e-04 5.9594e-04 6.0715e-04 6.1555e-04 0.0000e+00 6.2428e-04 6.2480e-04 6.2286e-04 6.1857e-04 6.1201e-04 6.0327e-04 5.9248e-04 5.7973e-04 5.6514e-04 5.4885e-04 5.3098e-04 5.1168e-04 4.9110e-04 4.6938e-04 4.4670e-04 4.2323e-04 3.9912e-04 3.7457e-04 3.4975e-04 3.2484e-04 3.0002e-04 2.7547e-04 2.5136e-04 2.2785e-04 2.0510e-04 1.8325e-04 1.6244e-04 1.4279e-04 1.2439e-04 1.0732e-04 9.1635e-05 7.7380e-05 6.4565e-05 5.3181e-05 4.3197e-05 3.4561e-05 2.7202e-05 2.1030e-05 1.5946e-05 1.1836e-05 8.5826e-06 6.0659e-06 4.1676e-06 2.7751e-06 1.7847e-06 1.1040e-06 6.5385e-07 3.6863e-07 1.9649e-07 9.8193e-08 4.5507e-08 1.9275e-08 7.3054e-09 2.3930e-09 6.3158e-10 1.0816e-10 -4.8619e-12 -1.2919e-11 -6.0273e-12 -1.8361e-12 -4.0936e-13 -6.7623e-14 -8.1015e-15 -6.7531e-16 -3.6910e-17 -1.2222e-18 -2.2116e-20 -1.9111e-22 -6.6057e-25 -7.2158e-28 -1.8124e-31 -6.7614e-36 -2.0297e-41 -2.0321e-48 -1.8466e-57 -2.0874e-69 -1.2497e-85 -2.0650e-108 -8.7506e-142 -2.0335e-193 -2.1262e-279 0.0000e+00 0.0000e+00 0.0000e+00 0.0000e+00
-1.9473e-04 -2.7513e-04 -3.3645e-04 -3.8766e-04 -4.3219e-04 -4.7180e-04 -5.0749e-04 -5.3990e-04 -5.6946e-04 -5.9645e-04 -6.2110e-04 -6.4355e-04 -6.6389e-04 -6.8221e-04 -6.9855e-04 6.7032e-02 -7.2539e-04 -7.3590e-04 -7.4448e-04 -7.5109e-04 -7.5574e-04 -7.5839e-04 -7.5902e-04 -7.5762e-04 -7.5416e-04 -7.4863e-04 -7.4102e-04 -7.3132e-04 -7.1955e-04 -7.0572e-04 -6.8985e-04 -6.7200e-04 -6.5221e-04 -6.3057e-04 -6.0717e-04 -5.8212e-04 -5.5555e-04 -5.2763e-04 -4.9852e-04 -4.6842e-04 -4.3755e-04 -4.0615e-04 -3.7446e-04 -3.4274e-04 -3.1128e-04 -2.8034e-04 -2.5020e-04 -2.2113e-04 -1.9339e-04 -1.6720e-04 -1.4278e-04 -1.2030e-04 -9.9880e-05 -8.1613e-05 -6.5534e-05 -5.1629e-05 -3.9832e-05 -3.0034e-05 -2.2081e-05 -1.5787e-05 -1.0946e-05 -7.3341e-06 -4.7315e-06 -2.9263e-06 -1.7265e-06 -9.6625e-07 -5.0963e-07 -2.5142e-07 -1.1500e-07 -4.8279e-08 -1.8379e-08 -6.2562e-09 -1.8726e-09 -4.8312e-10 -1.0490e-10 -1.8627e-11 -2.6114e-12 -2.7693e-13 -2.1067e-14 -1.0761e-15 -3.3965e-17 -5.9583e-19 -5.0685e-21 -1.7497e-23 -1.9358e-26 -4.9949e-30 -1.9429e-34 -6.1793e-40 -6.6725e-47 -6.6757e-56 -8.5144e-68 -5.9278e-84 -1.1841e-106 -6.3889e-140 -2.0345e-191 -3.2576e-277 0.0000e+00 0.0000e+00 0.0000e+00 0.0000e+00 1.9463e-04 2.7458e-04 3.3494e-04 3.8457e-04 4.2683e-04 4.6339e-04 4.9522e-04 5.2291e-04 5.4687e-04 5.6739e-04 5.8467e-04 5.9888e-04 6.1014e-04 6.1858e-04 6.2428e-04 0.0000e+00 6.2786e-04 6.2590e-04 6.2157e-04 6.1496e-04 6.0617e-04 5.9531e-04 5.8248e-04 5.6780e-04 5.5140e-04 5.3342e-04 5.1399e-04 4.9328e-04 4.7142e-04 4.4860e-04 4.2497e-04 4.0071e-04 3.7600e-04 3.5102e-04 3.2596e-04 3.0098e-04 2.7627e-04 2.5201e-04 2.2836e-04 2.0548e-04 1.8351e-04 1.6258e-04 1.4283e-04 1.2433e-04 1.0718e-04 9.1440e-05 7.7134e-05 6.4282e-05 5.2874e-05 4.2878e-05 3.4241e-05 2.6890e-05 2.0736e-05 1.5674e-05 1.1592e-05 8.3699e-06 5.8850e-06 4.0180e-06 2.6550e-06 1.6913e-06 1.0339e-06 6.0305e-07 3.3331e-07 1.7301e-07 8.3335e-08 3.6606e-08 1.4259e-08 4.6658e-09 1.1072e-09 5.7620e-11 -1.2384e-10 -8.8600e-11 -3.9460e-11 -1.3269e-11 -3.4970e-12 -7.2043e-13 -1.1356e-13 -1.3227e-14 -1.0849e-15 -5.8859e-17 -1.9478e-18 -3.5426e-20 -3.0927e-22 -1.0854e-24 -1.2100e-27 -3.1186e-31 -1.2012e-35 -3.7493e-41 -3.9365e-48 -3.7911e-57 -4.6029e-69 -3.0124e-85 -5.5734e-108 -2.7360e-141 -7.7493e-193 -1.0709e-278 0.0000e+00 0.0000e+00 0.0000e+00 0.0000e+00
-1.9491e-04 -2.7545e-04 -3.3695e-04 -3.8841e-04 -4.3330e-04 -4.7335e-04 -5.0960e-04 -5.4268e-04 -5.7303e-04 -6.0094e-04 -6.2662e-04 -6.5022e-04 -6.7184e-04 -6.9155e-04 -7.0939e-04 -7.2539e-04 7.6073e-02 -7.5184e-04 -7.6227e-04 -7.7081e-04 -7.7741e-04 -7.8206e-04 -7.8470e-04 -7.8529e-04 -7.8381e-04 -7.8020e-04 -7.7445e-04 -7.6653e-04 -7.5641e-04 -7.4410e-04 -7.2960e-04 -7.1294e-04 -6.9415e-04 -6.7329e-04 -6.5043e-04 -6.2568e-04 -5.9915e-04 -5.7100e-04 -5.4139e-04 -5.1051e-04 -4.7859e-04 -4.4587e-04 -4.1262e-04 -3.7910e-04 -3.4563e-04 -3.1250e-04 -2.8002e-04 -2.4850e-04 -2.1823e-04 -1.8949e-04 -1.6252e-04 -1.3754e-04 -1.1472e-04 -9.4177e-05 -7.5989e-05 -6.0163e-05 -4.6655e-05 -3.5365e-05 -2.6143e-05 -1.8798e-05 -1.3110e-05 -8.8381e-06 -5.7383e-06 -3.5727e-06 -2.1226e-06 -1.1966e-06 -6.3602e-07 -3.1632e-07 -1.4593e-07 -6.1817e-08 -2.3760e-08 -8.1705e-09 -2.4722e-09 -6.4529e-10 -1.4187e-10 -2.5531e-11 -3.6316e-12 -3.9121e-13 -3.0273e-14 -1.5755e-15 -5.0757e-17 -9.1076e-19 -7.9442e-21 -2.8202e-23 -3.2199e-26 -8.6092e-30 -3.4877e-34 -1.1625e-39 -1.3258e-46 -1.4150e-55 -1.9502e-67 -1.4927e-83 -3.3566e-106 -2.1092e-139 -8.2302e-191 -1.7517e-276 0.0000e+00 0.0000e+00 0.0000e+00 0.0000e+00 1.9480e-04 2.7482e-04 3.3523e-04 3.8490e-04 4.2720e-04 4.6379e-04 4.9565e-04 5.2336e-04 5.4734e-04 5.6788e-04 5.8517e-04 5.9939e-04 6.1066e-04 6.1910e-04 6.2480e-04 6.2786e-04 0.0000e+00 6.2639e-04 6.2204e-04 6.1541e-04 6.0659e-04 5.9570e-04 5.8283e-04 5.6811e-04 5.5167e-04 5.3364e-04 5.1417e-04 4.9339e-04 4.7148e-04 4.4859e-04 4.2490e-04 4.0058e-04 3.7580e-04 3.5076e-04 3.2563e-04 3.0059e-04 2.7582e-04 2.5150e-04 2.2779e-04 2.0486e-04 1.8285e-04 1.6190e-04 1.4211e-04 1.2361e-04 1.0645e-04 9.0707e-05 7.6413e-05 6.3582e-05 5.2203e-05 4.2245e-05 3.3652e-05 2.6351e-05 2.0250e-05 1.5244e-05 1.1219e-05 8.0526e-06 5.6212e-06 3.8040e-06 2.4859e-06 1.5615e-06 9.3733e-07 5.3373e-07 2.8543e-07 1.4133e-07 6.3355e-08 2.4661e-08 7.5326e-09 1.1251e-09 -6.2010e-10 -7.1537e-10 -4.3742e-10 -2.0230e-10 -7.5702e-11 -2.3224e-11 -5.7980e-12 -1.1553e-12 -1.7845e-13 -2.0551e-14 -1.6780e-15 -9.1113e-17 -3.0321e-18 -5.5693e-20 -4.9312e-22 -1.7628e-24 -2.0109e-27 -5.3306e-31 -2.1241e-35 -6.9068e-41 -7.6177e-48 -7.7876e-57 -1.0172e-68 -7.2894e-85 -1.5127e-107 -8.6187e-141 -2.9821e-192 -5.4627e-278 0.0000e+00 0.0000e+00 0.0000e+00 0.0000e+00
