4.7193e-12 -7.0158e-12 -1.9364e-11 -3.9841e-11 -6.9802e-11 -1.1050e-10 -1.6313e-10 -2.2888e-10 -3.0890e-10 -4.0439e-10 -5.1652e-10 -6.4648e-10 -7.9542e-10 -9.6447e-10 -1.1546e-09 -1.3667e-09 -1.6012e-09 -1.8582e-09 -2.1370e-09 -2.4362e-09 -2.7530e-09 -3.0828e-09 -3.4191e-09 -3.7528e-09 -4.0717e-09 -4.3603e-09 -4.5998e-09 -4.7686e-09 -4.8439e-09 -4.8036e-09 -4.6300e-09 -4.3144e-09 -3.8617e-09 -3.2946e-09 -2.6543e-09 -1.9970e-09 -1.3845e-09 -8.7043e-10 -4.8684e-10 -2.3673e-10 -9.7358e-11 -3.2762e-11 -8.6694e-12 -1.7197e-12 -2.4140e-13 -2.2368e-14 -1.2579e-15 -3.8777e-17 -5.7915e-19 -3.6061e-21 -7.7948e-24 -4.6759e-27 -5.9171e-31 -1.1275e-35 -2.1347e-41 -2.4015e-48 -8.4804e-57 -4.2442e-67 -1.1137e-79 -4.3942e-95 -5.3949e-114 -2.7988e-137 -4.8253e-166 -1.0662e-201 -4.5693e-246 -1.6690e-301 0.0000e+00 0.0000e+00 0.0000e+00 0.0000e+00 0.0000e+00 0.0000e+00 0.0000e+00 0.0000e+00 0.0000e+00 0.0000e+00 0.0000e+00 0.0000e+00 0.0000e+00 0.0000e+00 0.0000e+00 0.0000e+00 0.0000e+00 0.0000e+00 0.0000e+00 0.0000e+00 0.0000e+00 0.0000e+00 0.0000e+00 0.0000e+00 0.0000e+00 0.0000e+00 0.0000e+00 0.0000e+00 0.0000e+00 0.0000e+00 0.0000e+00 0.0000e+00 0.0000e+00 0.0000e+00 0.0000e+00 7.0158e-12 1.9364e-11 3.9841e-11 6.9802e-11 1.1050e-10 1.6313e-10 2.2888e-10 3.0890e-10 4.0439e-10 5.1652e-10 6.4648e-10 7.9542e-10 9.6447e-10 1.1546e-09 1.3667e-09 1.6012e-09 1.8582e-09 2.1370e-09 2.4362e-09 2.7530e-09 3.0828e-09 3.4191e-09 3.7528e-09 4.0717e-09 4.3603e-09 4.5998e-09 4.7686e-09 4.8439e-09 4.8036e-09 4.6300e-09 4.3144e-09 3.8617e-09 3.2946e-09 2.6543e-09 1.9970e-09 1.3845e-09 8.7043e-10 4.8684e-10 2.3673e-10 9.7358e-11 3.2762e-11 8.6694e-12 1.7197e-12 2.4140e-13 2.2368e-14 1.2579e-15 3.8777e-17 5.7915e-19 3.6061e-21 7.7948e-24 4.6759e-27 5.9171e-31 1.1275e-35 2.1347e-41 2.4015e-48 8.4804e-57 4.2442e-67 1.1137e-79 4.3942e-95 5.3949e-114 2.7988e-137 4.8253e-166 1.0662e-201 4.5693e-246 1.6690e-301 0.0000e+00 0.0000e+00 0.0000e+00 0.0000e+00 0.0000e+00 0.0000e+00 0.0000e+00 0.0000e+00 0.0000e+00 0.0000e+00 0.0000e+00 0.0000e+00 0.0000e+00 0.0000e+00 0.0000e+00 0.0000e+00 0.0000e+00 0.0000e+00 0.0000e+00 0.0000e+00 0.0000e+00 0.0000e+00 0.0000e+00 0.0000e+00 0.0000e+00 0.0000e+00 0.0000e+00 0.0000e+00 0.0000e+00 0.0000e+00 0.0000e+00 0.0000e+00 0.0000e+00 0.0000e+00
-7.0158e-12 3.0757e-10 -1.0965e-10 -2.2559e-10 -3.9524e-10 -6.2568e-10 -9.2371e-10 -1.2960e-09 -1.7491e-09 -2.2898e-09 -2.9247e-09 -3.6606e-09 -4.5039e-09 -5.4611e-09 -6.5378e-09 -7.7386e-09 -9.0664e-09 -1.0522e-08 -1.2101e-08 -1.3795e-08 -1.5588e-08 -1.7456e-08 -1.9360e-08 -2.1250e-08 -2.3055e-08 -2.4689e-08 -2.6045e-08 -2.7001e-08 -2.7428e-08 -2.7199e-08 -2.6216e-08 -2.4429e-08 -2.1866e-08 -1.8655e-08 -1.5030e-08 -1.1308e-08 -7.8395e-09 -4.9287e-09 -2.7566e-09 -1.3404e-09 -5.5127e-10 -1.8551e-10 -4.9089e-11 -9.7375e-12 -1.3669e-12 -1.2666e-13 -7.1226e-15 -2.1957e-16 -3.2793e-18 -2.0419e-20 -4.4137e-23 -2.6477e-26 -3.3505e-30 -6.3841e-35 -1.2087e-40 -1.3598e-47 -4.8019e-56 -2.4032e-66 -6.3060e-79 -2.4882e-94 -3.0548e-113 -1.5848e-136 -2.7323e-165 -6.0375e-201 -2.5873e-245 -9.4508e-301 0.0000e+00 0.0000e+00 0.0000e+00 0.0000e+00 0.0000e+00 0.0000e+00 0.0000e+00 0.0000e+00 0.0000e+00 0.0000e+00 0.0000e+00 0.0000e+00 0.0000e+00 0.0000e+00 0.0000e+00 0.0000e+00 0.0000e+00 0.0000e+00 0.0000e+00 0.0000e+00 0.0000e+00 0.0000e+00 0.0000e+00 0.0000e+00 0.0000e+00 0.0000e+00 0.0000e+00 0.0000e+00 0.0000e+00 0.0000e+00 0.0000e+00 0.0000e+00 0.0000e+00 0.0000e+00 7.0158e-12 0.0000e+00 1.0965e-10 2.2559e-10 3.9524e-10 6.2568e-10 9.2371e-10 1.2960e-09 1.7491e-09 2.2898e-09 2.9247e-09 3.6606e-09 4.5039e-09 5.4611e-09 6.5378e-09 7.7386e-09 9.0664e-09 1.0522e-08 1.2101e-08 1.3795e-08 1.5588e-08 1.7456e-08 1.9360e-08 2.1250e-08 2.3055e-08 2.4689e-08 2.6045e-08 2.7001e-08 2.7428e-08 2.7199e-08 2.6216e-08 2.4429e-08 2.1866e-08 1.8655e-08 1.5030e-08 1.1308e-08 7.8395e-09 4.9287e-09 2.7566e-09 1.3404e-09 5.5127e-10 1.8551e-10 4.9089e-11 9.7375e-12 1.3669e-12 1.2665e-13 7.1226e-15 2.1957e-16 3.2793e-18 2.0419e-20 4.4137e-23 2.6477e-26 3.3505e-30 6.3841e-35 1.2087e-40 1.3598e-47 4.8019e-56 2.4032e-66 6.3059e-79 2.4882e-94 3.0548e-113 1.5848e-136 2.7322e-165 6.0374e-201 2.5873e-245 9.4504e-301 0.0000e+00 0.0000e+00 0.0000e+00 0.0000e+00 0.0000e+00 0.0000e+00 0.0000e+00 0.0000e+00 0.0000e+00 0.0000e+00 0.0000e+00 0.0000e+00 0.0000e+00 0.0000e+00 0.0000e+00 0.0000e+00 0.0000e+00 0.0000e+00 0.0000e+00 0.0000e+00 0.0000e+00 0.0000e+00 0.0000e+00 0.0000e+00 0.0000e+00 0.0000e+00 0.0000e+00 0.0000e+00 0.0000e+00 0.0000e+00 0.0000e+00 0.0000e+00 0.0000e+00 0.0000e+00
-1.9364e-11 -1.0965e-10 3.5021e-09 -6.2267e-10 -1.0909e-09 -1.7270e-09 -2.5496e-09 -3.5771e-09 -4.8278e-09 -6.3201e-09 -8.0726e-09 -1.0104e-08 -1.2431e-08 -1.5073e-08 -1.8045e-08 -2.1360e-08 -2.5024e-08 -2.9041e-08 -3.3399e-08 -3.8075e-08 -4.3025e-08 -4.8180e-08 -5.3437e-08 -5.8652e-08 -6.3636e-08 -6.8146e-08 -7.1888e-08 -7.4527e-08 -7.5704e-08 -7.5074e-08 -7.2361e-08 -6.7428e-08 -6.0354e-08 -5.1491e-08 -4.1484e-08 -3.1211e-08 -2.1638e-08 -1.3604e-08 -7.6086e-09 -3.6998e-09 -1.5216e-09 -5.1203e-10 -1.3549e-10 -2.6877e-11 -3.7727e-12 -3.4959e-13 -1.9660e-14 -6.0605e-16 -9.0515e-18 -5.6361e-20 -1.2183e-22 -7.3081e-26 -9.2480e-30 -1.7622e-34 -3.3364e-40 -3.7536e-47 -1.3255e-55 -6.6338e-66 -1.7407e-78 -6.8686e-94 -8.4330e-113 -4.3750e-136 -7.5432e-165 -1.6669e-200 -7.1439e-245 -2.6097e-300 0.0000e+00 0.0000e+00 0.0000e+00 0.0000e+00 0.0000e+00 0.0000e+00 0.0000e+00 0.0000e+00 0.0000e+00 0.0000e+00 0.0000e+00 0.0000e+00 0.0000e+00 0.0000e+00 0.0000e+00 0.0000e+00 0.0000e+00 0.0000e+00 0.0000e+00 0.0000e+00 0.0000e+00 0.0000e+00 0.0000e+00 0.0000e+00 0.0000e+00 0.0000e+00 0.0000e+00 0.0000e+00 0.0000e+00 0.0000e+00 0.0000e+00 0.0000e+00 0.0000e+00 0.0000e+00 1.9364e-11 1.0965e-10 0.0000e+00 6.2267e-10 1.0909e-09 1.7270e-09 2.5496e-09 3.5771e-09 4.8278e-09 6.3201e-09 8.0726e-09 1.0104e-08 1.2431e-08 1.5073e-08 1.8045e-08 2.1360e-08 2.5024e-08 2.9041e-08 3.3399e-08 3.8075e-08 4.3025e-08 4.8180e-08 5.3437e-08 5.8652e-08 6.3636e-08 6.8146e-08 7.1888e-08 7.4527e-08 7.5704e-08 7.5074e-08 7.2361e-08 6.7428e-08 6.0354e-08 5.1491e-08 4.1484e-08 3.1211e-08 2.1638e-08 1.3604e-08 7.6086e-09 3.6998e-09 1.5216e-09 5.1203e-10 1.3549e-10 2.6877e-11 3.7727e-12 3.4958e-13 1.9659e-14 6.0604e-16 9.0514e-18 5.6359e-20 1.2182e-22 7.3079e-26 9.2477e-30 1.7621e-34 3.3362e-40 3.7533e-47 1.3254e-55 6.6332e-66 1.7405e-78 6.8676e-94 8.4316e-113 4.3741e-136 7.5413e-165 1.6664e-200 7.1412e-245 2.6084e-300 0.0000e+00 0.0000e+00 0.0000e+00 0.0000e+00 0.0000e+00 0.0000e+00 0.0000e+00 0.0000e+00 0.0000e+00 0.0000e+00 0.0000e+00 0.0000e+00 0.0000e+00 0.0000e+00 0.0000e+00 0.0000e+00 0.0000e+00 0.0000e+00 0.0000e+00 0.0000e+00 0.0000e+00 0.0000e+00 0.0000e+00 0.0000e+00 0.0000e+00 0.0000e+00 0.0000e+00 0.0000e+00 0.0000e+00 0.0000e+00 0.0000e+00 0.0000e+00 0.0000e+00 0.0000e+00
-3.9841e-11 -2.2559e-10 -6.2267e-10 1.9742e-08 -2.2445e-09 -3.5531e-09 -5.2456e-09 -7.3596e-09 -9.9329e-09 -1.3003e-08 -1.6609e-08 -2.0788e-08 -2.5577e-08 -3.1013e-08 -3.7127e-08 -4.3946e-08 -5.1486e-08 -5.9750e-08 -6.8717e-08 -7.8337e-08 -8.8523e-08 -9.9128e-08 -1.0994e-07 -1.2067e-07 -1.3093e-07 -1.4021e-07 -1.4791e-07 -1.5334e-07 -1.5576e-07 -1.5446e-07 -1.4888e-07 -1.3873e-07 -1.2417e-07 -1.0594e-07 -8.5351e-08 -6.4215e-08 -4.4519e-08 -2.7989e-08 -1.5655e-08 -7.6122e-09 -3.1306e-09 -1.0535e-09 -2.7878e-10 -5.5299e-11 -7.7625e-12 -7.1929e-13 -4.0451e-14 -1.2470e-15 -1.8625e-17 -1.1597e-19 -2.5068e-22 -1.5038e-25 -1.9030e-29 -3.6263e-34 -6.8661e-40 -7.7250e-47 -2.7281e-55 -1.3655e-65 -3.5833e-78 -1.4141e-93 -1.7364e-112 -9.0100e-136 -1.5538e-164 -3.4345e-200 -1.4724e-244 -5.3809e-300 0.0000e+00 0.0000e+00 0.0000e+00 0.0000e+00 0.0000e+00 0.0000e+00 0.0000e+00 0.0000e+00 0.0000e+00 0.0000e+00 0.0000e+00 0.0000e+00 0.0000e+00 0.0000e+00 0.0000e+00 0.0000e+00 0.0000e+00 0.0000e+00 0.0000e+00 0.0000e+00 0.0000e+00 0.0000e+00 0.0000e+00 0.0000e+00 0.0000e+00 0.0000e+00 0.0000e+00 0.0000e+00 0.0000e+00 0.0000e+00 0.0000e+00 0.0000e+00 0.0000e+00 0.0000e+00 3.9841e-11 2.2559e-10 6.2267e-10 0.0000e+00 2.2445e-09 3.5531e-09 5.2456e-09 7.3596e-09 9.9329e-09 1.3003e-08 1.6609e-08 2.0788e-08 2.5577e-08 3.1013e-08 3.7127e-08 4.3946e-08 5.1486e-08 5.9750e-08 6.8717e-08 7.8337e-08 8.8522e-08 9.9128e-08 1.0994e-07 1.2067e-07 1.3093e-07 1.4021e-07 1.4791e-07 1.5334e-07 1.5576e-07 1.5446e-07 1.4888e-07 1.3873e-07 1.2417e-07 1.0594e-07 8.5350e-08 6.4215e-08 4.4519e-08 2.7989e-08 1.5654e-08 7.6121e-09 3.1306e-09 1.0535e-09 2.7877e-10 5.5297e-11 7.7621e-12 7.1925e-13 4.0448e-14 1.2469e-15 1.8623e-17 1.1596e-19 2.5064e-22 1.5036e-25 1.9027e-29 3.6254e-34 6.8641e-40 7.7222e-47 2.7269e-55 1.3647e-65 3.5810e-78 1.4130e-93 1.7348e-112 8.9996e-136 1.5516e-164 3.4285e-200 1.4693e-244 5.3667e-300 0.0000e+00 0.0000e+00 0.0000e+00 0.0000e+00 0.0000e+00 0.0000e+00 0.0000e+00 0.0000e+00 0.0000e+00 0.0000e+00 0.0000e+00 0.0000e+00 0.0000e+00 0.0000e+00 0.0000e+00 0.0000e+00 0.0000e+00 0.0000e+00 0.0000e+00 0.0000e+00 0.0000e+00 0.0000e+00 0.0000e+00 0.0000e+00 0.0000e+00 0.0000e+00 0.0000e+00 0.0000e+00 0.0000e+00 0.0000e+00 0.0000e+00 0.0000e+00 0.0000e+00 0.0000e+00
-6.9802e-11 -3.9524e-10 -1.0909e-09 -2.2445e-09 7.5641e-08 -6.2251e-09 -9.1902e-09 -1.2894e-08 -1.7402e-08 -2.2782e-08 -2.9099e-08 -3.6420e-08 -4.4811e-08 -5.4335e-08 -6.5047e-08 -7.6994e-08 -9.0205e-08 -1.0468e-07 -1.2039e-07 -1.3725e-07 -1.5509e-07 -1.7367e-07 -1.9262e-07 -2.1142e-07 -2.2939e-07 -2.4564e-07 -2.5913e-07 -2.6865e-07 -2.7289e-07 -2.7062e-07 -2.6084e-07 -2.4306e-07 -2.1756e-07 -1.8561e-07 -1.4954e-07 -1.1251e-07 -7.8000e-08 -4.9039e-08 -2.7428e-08 -1.3337e-08 -5.4852e-09 -1.8459e-09 -4.8846e-10 -9.6895e-11 -1.3602e-11 -1.2604e-12 -7.0883e-14 -2.1853e-15 -3.2639e-17 -2.0325e-19 -4.3937e-22 -2.6360e-25 -3.3361e-29 -6.3578e-34 -1.2040e-39 -1.3548e-46 -4.7856e-55 -2.3959e-65 -6.2895e-78 -2.4830e-93 -3.0504e-112 -1.5838e-135 -2.7332e-164 -6.0469e-200 -2.5953e-244 -9.4977e-300 0.0000e+00 0.0000e+00 0.0000e+00 0.0000e+00 0.0000e+00 0.0000e+00 0.0000e+00 0.0000e+00 0.0000e+00 0.0000e+00 0.0000e+00 0.0000e+00 0.0000e+00 0.0000e+00 0.0000e+00 0.0000e+00 0.0000e+00 0.0000e+00 0.0000e+00 0.0000e+00 0.0000e+00 0.0000e+00 0.0000e+00 0.0000e+00 0.0000e+00 0.0000e+00 0.0000e+00 0.0000e+00 0.0000e+00 0.0000e+00 0.0000e+00 0.0000e+00 0.0000e+00 0.0000e+00 6.9802e-11 3.9524e-10 1.0909e-09 2.2445e-09 0.0000e+00 6.2251e-09 9.1902e-09 1.2894e-08 1.7402e-08 2.2782e-08 2.9099e-08 3.6420e-08 4.4811e-08 5.4335e-08 6.5047e-08 7.6994e-08 9.0204e-08 1.0468e-07 1.2039e-07 1.3725e-07 1.5509e-07 1.7367e-07 1.9262e-07 2.1142e-07 2.2938e-07 2.4564e-07 2.5913e-07 2.6865e-07 2.7289e-07 2.7062e-07 2.6084e-07 2.4305e-07 2.1755e-07 1.8561e-07 1.4953e-07 1.1250e-07 7.7998e-08 4.9037e-08 2.7426e-08 1.3336e-08 5.4848e-09 1.8457e-09 4.8840e-10 9.6881e-11 1.3599e-11 1.2601e-12 7.0865e-14 2.1846e-15 3.2627e-17 2.0316e-19 4.3913e-22 2.6342e-25 3.3335e-29 6.3517e-34 1.2026e-39 1.3529e-46 4.7775e-55 2.3910e-65 6.2739e-78 2.4755e-93 3.0393e-112 1.5767e-135 2.7184e-164 6.0067e-200 2.5741e-244 9.4025e-300 0.0000e+00 0.0000e+00 0.0000e+00 0.0000e+00 0.0000e+00 0.0000e+00 0.0000e+00 0.0000e+00 0.0000e+00 0.0000e+00 0.0000e+00 0.0000e+00 0.0000e+00 0.0000e+00 0.0000e+00 0.0000e+00 0.0000e+00 0.0000e+00 0.0000e+00 0.0000e+00 0.0000e+00 0.0000e+00 0.0000e+00 0.0000e+00 0.0000e+00 0.0000e+00 0.0000e+00 0.0000e+00 0.0000e+00 0.0000e+00 0.0000e+00 0.0000e+00 0.0000e+00 0.0000e+00
-1.1050e-10 -6.2568e-10 -1.7270e-09 -3.5531e-09 -6.2251e-09 2.2707e-07 -1.4549e-08 -2.0412e-08 -2.7549e-08 -3.6065e-08 -4.6065e-08 -5.7654e-08 -7.0938e-08 -8.6014e-08 -1.0297e-07 -1.2188e-07 -1.4280e-07 -1.6572e-07 -1.9059e-07 -2.1727e-07 -2.4552e-07 -2.7493e-07 -3.0493e-07 -3.3469e-07 -3.6313e-07 -3.8886e-07 -4.1022e-07 -4.2528e-07 -4.3200e-07 -4.2841e-07 -4.1293e-07 -3.8478e-07 -3.4441e-07 -2.9384e-07 -2.3674e-07 -1.7812e-07 -1.2349e-07 -7.7638e-08 -4.3424e-08 -2.1116e-08 -8.6848e-09 -2.9227e-09 -7.7344e-10 -1.5343e-10 -2.1540e-11 -1.9961e-12 -1.1227e-13 -3.4615e-15 -5.1708e-17 -3.2204e-19 -6.9630e-22 -4.1783e-25 -5.2896e-29 -1.0084e-33 -1.9104e-39 -2.1507e-46 -7.6013e-55 -3.8083e-65 -1.0006e-77 -3.9543e-93 -4.8643e-112 -2.5295e-135 -4.3739e-164 -9.7001e-200 -4.1757e-244 -1.5338e-299 0.0000e+00 0.0000e+00 0.0000e+00 0.0000e+00 0.0000e+00 0.0000e+00 0.0000e+00 0.0000e+00 0.0000e+00 0.0000e+00 0.0000e+00 0.0000e+00 0.0000e+00 0.0000e+00 0.0000e+00 0.0000e+00 0.0000e+00 0.0000e+00 0.0000e+00 0.0000e+00 0.0000e+00 0.0000e+00 0.0000e+00 0.0000e+00 0.0000e+00 0.0000e+00 0.0000e+00 0.0000e+00 0.0000e+00 0.0000e+00 0.0000e+00 0.0000e+00 0.0000e+00 0.0000e+00 1.1050e-10 6.2568e-10 1.7270e-09 3.5531e-09 6.2251e-09 0.0000e+00 1.4549e-08 2.0412e-08 2.7549e-08 3.6065e-08 4.6065e-08 5.7654e-08 7.0938e-08 8.6014e-08 1.0297e-07 1.2188e-07 1.4280e-07 1.6572e-07 1.9059e-07 2.1727e-07 2.4552e-07 2.7493e-07 3.0493e-07 3.3469e-07 3.6313e-07 3.8886e-07 4.1022e-07 4.2528e-07 4.3199e-07 4.2839e-07 4.1291e-07 3.8477e-07 3.4440e-07 2.9382e-07 2.3672e-07 1.7810e-07 1.2347e-07 7.7628e-08 4.3417e-08 2.1112e-08 8.6826e-09 2.9218e-09 7.7316e-10 1.5337e-10 2.1528e-11 1.9948e-12 1.1218e-13 3.4583e-15 5.1650e-17 3.2160e-19 6.9516e-22 4.1701e-25 5.2770e-29 1.0055e-33 1.9038e-39 2.1418e-46 7.5630e-55 3.7851e-65 9.9319e-78 3.9189e-93 4.8113e-112 2.4960e-135 4.3033e-164 9.5089e-200 4.0749e-244 1.4884e-299 0.0000e+00 0.0000e+00 0.0000e+00 0.0000e+00 0.0000e+00 0.0000e+00 0.0000e+00 0.0000e+00 0.0000e+00 0.0000e+00 0.0000e+00 0.0000e+00 0.0000e+00 0.0000e+00 0.0000e+00 0.0000e+00 0.0000e+00 0.0000e+00 0.0000e+00 0.0000e+00 0.0000e+00 0.0000e+00 0.0000e+00 0.0000e+00 0.0000e+00 0.0000e+00 0.0000e+00 0.0000e+00 0.0000e+00 0.0000e+00 0.0000e+00 0.0000e+00 0.0000e+00 0.0000e+00
-1.6313e-10 -9.2371e-10 -2.5496e-09 -5.2456e-09 -9.1902e-09 -1.4549e-08 5.7622e-07 -3.0134e-08 -4.0671e-08 -5.3243e-08 -6.8006e-08 -8.5116e-08 -1.0473e-07 -1.2698e-07 -1.5202e-07 -1.7994e-07 -2.1082e-07 -2.4465e-07 -2.8137e-07 -3.2076e-07 -3.6246e-07 -4.0589e-07 -4.5018e-07 -4.9411e-07 -5.3610e-07 -5.7410e-07 -6.0563e-07 -6.2787e-07 -6.3779e-07 -6.3249e-07 -6.0964e-07 -5.6809e-07 -5.0850e-07 -4.3384e-07 -3.4954e-07 -2.6299e-07 -1.8234e-07 -1.1464e-07 -6.4125e-08 -3.1184e-08 -1.2826e-08 -4.3168e-09 -1.1425e-09 -2.2667e-10 -3.1826e-11 -2.9498e-12 -1.6594e-13 -5.1176e-15 -7.6470e-17 -4.7643e-19 -1.0305e-21 -6.1873e-25 -7.8377e-29 -1.4953e-33 -2.8353e-39 -3.1956e-46 -1.1309e-54 -5.6752e-65 -1.4940e-77 -5.9185e-93 -7.3019e-112 -3.8108e-135 -6.6185e-164 -1.4758e-199 -6.3955e-244 -2.3687e-299 0.0000e+00 0.0000e+00 0.0000e+00 0.0000e+00 0.0000e+00 0.0000e+00 0.0000e+00 0.0000e+00 0.0000e+00 0.0000e+00 0.0000e+00 0.0000e+00 0.0000e+00 0.0000e+00 0.0000e+00 0.0000e+00 0.0000e+00 0.0000e+00 0.0000e+00 0.0000e+00 0.0000e+00 0.0000e+00 0.0000e+00 0.0000e+00 0.0000e+00 0.0000e+00 0.0000e+00 0.0000e+00 0.0000e+00 0.0000e+00 0.0000e+00 0.0000e+00 0.0000e+00 0.0000e+00 1.6313e-10 9.2371e-10 2.5496e-09 5.2456e-09 9.1902e-09 1.4549e-08 0.0000e+00 3.0134e-08 4.0671e-08 5.3243e-08 6.8006e-08 8.5116e-08 1.0473e-07 1.2698e-07 1.5202e-07 1.7994e-07 2.1081e-07 2.4465e-07 2.8136e-07 3.2076e-07 3.6246e-07 4.0589e-07 4.5017e-07 4.9411e-07 5.3609e-07 5.7408e-07 6.0561e-07 6.2785e-07 6.3776e-07 6.3245e-07 6.0959e-07 5.6804e-07 5.0844e-07 4.3377e-07 3.4947e-07 2.6293e-07 1.8229e-07 1.1460e-07 6.4098e-08 3.1168e-08 1.2818e-08 4.3135e-09 1.1414e-09 2.2642e-10 3.1783e-11 2.9450e-12 1.6562e-13 5.1055e-15 7.6252e-17 4.7479e-19 1.0263e-21 6.1564e-25 7.7906e-29 1.4844e-33 2.8105e-39 3.1619e-46 1.1165e-54 5.5880e-65 1.4663e-77 5.7855e-93 7.1030e-112 3.6849e-135 6.3530e-164 1.4038e-199 6.0157e-244 2.1973e-299 0.0000e+00 0.0000e+00 0.0000e+00 0.0000e+00 0.0000e+00 0.0000e+00 0.0000e+00 0.0000e+00 0.0000e+00 0.0000e+00 0.0000e+00 0.0000e+00 0.0000e+00 0.0000e+00 0.0000e+00 0.0000e+00 0.0000e+00 0.0000e+00 0.0000e+00 0.0000e+00 0.0000e+00 0.0000e+00 0.0000e+00 0.0000e+00 0.0000e+00 0.0000e+00 0.0000e+00 0.0000e+00 0.0000e+00 0.0000e+00 0.0000e+00 0.0000e+00 0.0000e+00 0.0000e+00
-2.2888e-10 -1.2960e-09 -3.5771e-09 -7.3596e-09 -1.2894e-08 -2.0412e-08 -3.0134e-08 1.2933e-06 -5.7062e-08 -7.4701e-08 -9.5414e-08 -1.1942e-07 -1.4693e-07 -1.7816e-07 -2.1329e-07 -2.5246e-07 -2.9578e-07 -3.4325e-07 -3.9476e-07 -4.5003e-07 -5.0855e-07 -5.6948e-07 -6.3161e-07 -6.9326e-07 -7.5217e-07 -8.0549e-07 -8.4974e-07 -8.8095e-07 -8.9488e-07 -8.8746e-07 -8.5541e-07 -7.9714e-07 -7.1354e-07 -6.0880e-07 -4.9052e-07 -3.6909e-07 -2.5591e-07 -1.6091e-07 -9.0015e-08 -4.3780e-08 -1.8010e-08 -6.0623e-09 -1.6048e-09 -3.1847e-10 -4.4727e-11 -4.1470e-12 -2.3339e-13 -7.2013e-15 -1.0767e-16 -6.7131e-19 -1.4533e-21 -8.7349e-25 -1.1079e-28 -2.1169e-33 -4.0214e-39 -4.5424e-46 -1.6119e-54 -8.1153e-65 -2.1449e-77 -8.5379e-93 -1.0595e-111 -5.5690e-135 -9.7561e-164 -2.1984e-199 -9.6503e-244 -3.6304e-299 0.0000e+00 0.0000e+00 0.0000e+00 0.0000e+00 0.0000e+00 0.0000e+00 0.0000e+00 0.0000e+00 0.0000e+00 0.0000e+00 0.0000e+00 0.0000e+00 0.0000e+00 0.0000e+00 0.0000e+00 0.0000e+00 0.0000e+00 0.0000e+00 0.0000e+00 0.0000e+00 0.0000e+00 0.0000e+00 0.0000e+00 0.0000e+00 0.0000e+00 0.0000e+00 0.0000e+00 0.0000e+00 0.0000e+00 0.0000e+00 0.0000e+00 0.0000e+00 0.0000e+00 0.0000e+00 2.2888e-10 1.2960e-09 3.5771e-09 7.3596e-09 1.2894e-08 2.0412e-08 3.0134e-08 0.0000e+00 5.7062e-08 7.4701e-08 9.5414e-08 1.1942e-07 1.4693e-07 1.7816e-07 2.1329e-07 2.5246e-07 2.9578e-07 3.4325e-07 3.9476e-07 4.5003e-07 5.0854e-07 5.6947e-07 6.3160e-07 6.9324e-07 7.5214e-07 8.0545e-07 8.4968e-07 8.8088e-07 8.9478e-07 8.8733e-07 8.5527e-07 7.9696e-07 7.1335e-07 6.0859e-07 4.9031e-07 3.6890e-07 2.5575e-07 1.6079e-07 8.9930e-08 4.3729e-08 1.7984e-08 6.0520e-09 1.6014e-09 3.1767e-10 4.4591e-11 4.1319e-12 2.3236e-13 7.1631e-15 1.0698e-16 6.6614e-19 1.4399e-21 8.6375e-25 1.0930e-28 2.0827e-33 3.9432e-39 4.4362e-46 1.5665e-54 7.8399e-65 2.0572e-77 8.1169e-93 9.9653e-112 5.1697e-135 8.9127e-164 1.9693e-199 8.4387e-244 3.0821e-299 0.0000e+00 0.0000e+00 0.0000e+00 0.0000e+00 0.0000e+00 0.0000e+00 0.0000e+00 0.0000e+00 0.0000e+00 0.0000e+00 0.0000e+00 0.0000e+00 0.0000e+00 0.0000e+00 0.0000e+00 0.0000e+00 0.0000e+00 0.0000e+00 0.0000e+00 0.0000e+00 0.0000e+00 0.0000e+00 0.0000e+00 0.0000e+00 0.0000e+00 0.0000e+00 0.0000e+00 0.0000e+00 0.0000e+00 0.0000e+00 0.0000e+00 0.0000e+00 0.0000e+00 0.0000e+00
-3.0890e-10 -1.7491e-09 -4.8278e-09 -9.9329e-09 -1.7402e-08 -2.7549e-08 -4.0671e-08 -5.7062e-08 2.6438e-06 -1.0082e-07 -1.2878e-07 -1.6117e-07 -1.9831e-07 -2.4046e-07 -2.8786e-07 -3.4073e-07 -3.9920e-07 -4.6327e-07 -5.3279e-07 -6.0739e-07 -6.8637e-07 -7.6861e-07 -8.5248e-07 -9.3569e-07 -1.0152e-06 -1.0872e-06 -1.1469e-06 -1.1891e-06 -1.2079e-06 -1.1979e-06 -1.1547e-06 -1.0761e-06 -9.6331e-07 -8.2196e-07 -6.6232e-07 -4.9841e-07 -3.4562e-07 -2.1735e-07 -1.2161e-07 -5.9159e-08 -2.4342e-08 -8.1966e-09 -2.1706e-09 -4.3094e-10 -6.0556e-11 -5.6184e-12 -3.1645e-13 -9.7732e-15 -1.4629e-16 -9.1333e-19 -1.9805e-21 -1.1927e-24 -1.5163e-28 -2.9054e-33 -5.5382e-39 -6.2816e-46 -2.2401e-54 -1.1345e-64 -3.0201e-77 -1.2126e-92 -1.5205e-111 -8.0921e-135 -1.4390e-163 -3.3015e-199 -1.4806e-243 -5.7141e-299 0.0000e+00 0.0000e+00 0.0000e+00 0.0000e+00 0.0000e+00 0.0000e+00 0.0000e+00 0.0000e+00 0.0000e+00 0.0000e+00 0.0000e+00 0.0000e+00 0.0000e+00 0.0000e+00 0.0000e+00 0.0000e+00 0.0000e+00 0.0000e+00 0.0000e+00 0.0000e+00 0.0000e+00 0.0000e+00 0.0000e+00 0.0000e+00 0.0000e+00 0.0000e+00 0.0000e+00 0.0000e+00 0.0000e+00 0.0000e+00 0.0000e+00 0.0000e+00 0.0000e+00 0.0000e+00 3.0890e-10 1.7491e-09 4.8278e-09 9.9329e-09 1.7402e-08 2.7549e-08 4.0671e-08 5.7062e-08 0.0000e+00 1.0082e-07 1.2878e-07 1.6117e-07 1.9831e-07 2.4045e-07 2.8786e-07 3.4073e-07 3.9919e-07 4.6326e-07 5.3279e-07 6.0738e-07 6.8635e-07 7.6858e-07 8.5244e-07 9.3563e-07 1.0151e-06 1.0871e-06 1.1468e-06 1.1889e-06 1.2076e-06 1.1976e-06 1.1543e-06 1.0756e-06 9.6277e-07 8.2139e-07 6.6175e-07 4.9788e-07 3.4517e-07 2.1701e-07 1.2137e-07 5.9019e-08 2.4273e-08 8.1680e-09 2.1614e-09 4.2874e-10 6.0183e-11 5.5766e-12 3.1361e-13 9.6677e-15 1.4439e-16 8.9905e-19 1.9433e-21 1.1658e-24 1.4752e-28 2.8109e-33 5.3219e-39 5.9872e-46 2.1142e-54 1.0581e-64 2.7763e-77 1.0954e-92 1.3448e-111 6.9759e-135 1.2025e-163 2.6567e-199 1.1382e-243 4.1555e-299 0.0000e+00 0.0000e+00 0.0000e+00 0.0000e+00 0.0000e+00 0.0000e+00 0.0000e+00 0.0000e+00 0.0000e+00 0.0000e+00 0.0000e+00 0.0000e+00 0.0000e+00 0.0000e+00 0.0000e+00 0.0000e+00 0.0000e+00 0.0000e+00 0.0000e+00 0.0000e+00 0.0000e+00 0.0000e+00 0.0000e+00 0.0000e+00 0.0000e+00 0.0000e+00 0.0000e+00 0.0000e+00 0.0000e+00 0.0000e+00 0.0000e+00 0.0000e+00 0.0000e+00 0.0000e+00
-4.0439e-10 -2.2898e-09 -6.3201e-09 -1.3003e-08 -2.2782e-08 -3.6065e-08 -5.3243e-08 -7.4701e-08 -1.0082e-07 5.0212e-06 -1.6858e-07 -2.1100e-07 -2.5961e-07 -3.1478e-07 -3.7685e-07 -4.4606e-07 -5.2260e-07 -6.0648e-07 -6.9750e-07 -7.9516e-07 -8.9856e-07 -1.0062e-06 -1.1160e-06 -1.2250e-06 -1.3291e-06 -1.4234e-06 -1.5017e-06 -1.5569e-06 -1.5816e-06 -1.5686e-06 -1.5122e-06 -1.4093e-06 -1.2617e-06 -1.0767e-06 -8.6772e-07 -6.5309e-07 -4.5298e-07 -2.8495e-07 -1.5948e-07 -7.7610e-08 -3.1949e-08 -1.0764e-08 -2.8523e-09 -5.6674e-10 -7.9715e-11 -7.4045e-12 -4.1761e-13 -1.2919e-14 -1.9376e-16 -1.2125e-18 -2.6368e-21 -1.5932e-24 -2.0338e-28 -3.9159e-33 -7.5077e-39 -8.5746e-46 -3.0832e-54 -1.5770e-64 -4.2477e-77 -1.7295e-92 -2.2048e-111 -1.1966e-134 -2.1775e-163 -5.1319e-199 -2.3747e-243 -9.5019e-299 0.0000e+00 0.0000e+00 0.0000e+00 0.0000e+00 0.0000e+00 0.0000e+00 0.0000e+00 0.0000e+00 0.0000e+00 0.0000e+00 0.0000e+00 0.0000e+00 0.0000e+00 0.0000e+00 0.0000e+00 0.0000e+00 0.0000e+00 0.0000e+00 0.0000e+00 0.0000e+00 0.0000e+00 0.0000e+00 0.0000e+00 0.0000e+00 0.0000e+00 0.0000e+00 0.0000e+00 0.0000e+00 0.0000e+00 0.0000e+00 0.0000e+00 0.0000e+00 0.0000e+00 0.0000e+00 4.0439e-10 2.2898e-09 6.3201e-09 1.3003e-08 2.2782e-08 3.6065e-08 5.3243e-08 7.4701e-08 1.0082e-07 0.0000e+00 1.6858e-07 2.1100e-07 2.5961e-07 3.1478e-07 3.7684e-07 4.4606e-07 5.2259e-07 6.0647e-07 6.9748e-07 7.9513e-07 8.9851e-07 1.0062e-06 1.1159e-06 1.2248e-06 1.3289e-06 1.4231e-06 1.5013e-06 1.5564e-06 1.5809e-06 1.5678e-06 1.5111e-06 1.4081e-06 1.2604e-06 1.0753e-06 8.6631e-07 6.5178e-07 4.5187e-07 2.8409e-07 1.5889e-07 7.7263e-08 3.1776e-08 1.0693e-08 2.8295e-09 5.6127e-10 7.8786e-11 7.3004e-12 4.1055e-13 1.2656e-14 1.8902e-16 1.1770e-18 2.5440e-21 1.5261e-24 1.9312e-28 3.6797e-33 6.9667e-39 7.8374e-46 2.7675e-54 1.3850e-64 3.6337e-77 1.4336e-92 1.7597e-111 9.1261e-135 1.5727e-163 3.4726e-199 1.4865e-243 5.4205e-299 0.0000e+00 0.0000e+00 0.0000e+00 0.0000e+00 0.0000e+00 0.0000e+00 0.0000e+00 0.0000e+00 0.0000e+00 0.0000e+00 0.0000e+00 0.0000e+00 0.0000e+00 0.0000e+00 0.0000e+00 0.0000e+00 0.0000e+00 0.0000e+00 0.0000e+00 0.0000e+00 0.0000e+00 0.0000e+00 0.0000e+00 0.0000e+00 0.0000e+00 0.0000e+00 0.0000e+00 0.0000e+00 0.0000e+00 0.0000e+00 0.0000e+00 0.0000e+00 0.0000e+00 0.0000e+00
-5.1652e-10 -2.9247e-09 -8.0726e-09 -1.6609e-08 -2.9099e-08 -4.6065e-08 -6.8006e-08 -9.5414e-08 -1.2878e-07 -1.6858e-07 8.9873e-06 -2.6950e-07 -3.3160e-07 -4.0207e-07 -4.8134e-07 -5.6975e-07 -6.6751e-07 -7.7465e-07 -8.9092e-07 -1.0157e-06 -1.1478e-06 -1.2853e-06 -1.4256e-06 -1.5648e-06 -1.6979e-06 -1.8184e-06 -1.9184e-06 -1.9891e-06 -2.0209e-06 -2.0044e-06 -1.9325e-06 -1.8013e-06 -1.6129e-06 -1.3767e-06 -1.1097e-06 -8.3550e-07 -5.7971e-07 -3.6482e-07 -2.0429e-07 -9.9481e-08 -4.0984e-08 -1.3820e-08 -3.6662e-09 -7.2942e-10 -1.0276e-10 -9.5629e-12 -5.4057e-13 -1.6768e-14 -2.5229e-16 -1.5849e-18 -3.4624e-21 -2.1036e-24 -2.7027e-28 -5.2441e-33 -1.0147e-38 -1.1715e-45 -4.2664e-54 -2.2152e-64 -6.0724e-77 -2.5237e-92 -3.2947e-111 -1.8379e-134 -3.4512e-163 -8.4297e-199 -4.0614e-243 -1.7004e-298 0.0000e+00 0.0000e+00 0.0000e+00 0.0000e+00 0.0000e+00 0.0000e+00 0.0000e+00 0.0000e+00 0.0000e+00 0.0000e+00 0.0000e+00 0.0000e+00 0.0000e+00 0.0000e+00 0.0000e+00 0.0000e+00 0.0000e+00 0.0000e+00 0.0000e+00 0.0000e+00 0.0000e+00 0.0000e+00 0.0000e+00 0.0000e+00 0.0000e+00 0.0000e+00 0.0000e+00 0.0000e+00 0.0000e+00 0.0000e+00 0.0000e+00 0.0000e+00 0.0000e+00 0.0000e+00 5.1652e-10 2.9247e-09 8.0726e-09 1.6609e-08 2.9099e-08 4.6065e-08 6.8006e-08 9.5414e-08 1.2878e-07 1.6858e-07 0.0000e+00 2.6950e-07 3.3159e-07 4.0207e-07 4.8133e-07 5.6974e-07 6.6750e-07 7.7463e-07 8.9088e-07 1.0156e-06 1.1477e-06 1.2851e-06 1.4254e-06 1.5645e-06 1.6974e-06 1.8177e-06 1.9175e-06 1.9879e-06 2.0193e-06 2.0025e-06 1.9301e-06 1.7986e-06 1.6099e-06 1.3734e-06 1.1065e-06 8.3251e-07 5.7717e-07 3.6286e-07 2.0295e-07 9.8687e-08 4.0586e-08 1.3658e-08 3.6141e-09 7.1690e-10 1.0063e-10 9.3246e-12 5.2438e-13 1.6165e-14 2.4143e-16 1.5033e-18 3.2493e-21 1.9492e-24 2.4665e-28 4.6995e-33 8.8972e-39 1.0009e-45 3.5338e-54 1.7682e-64 4.6383e-77 1.8294e-92 2.2445e-111 1.1632e-134 2.0024e-163 4.4142e-199 1.8847e-243 6.8445e-299 0.0000e+00 0.0000e+00 0.0000e+00 0.0000e+00 0.0000e+00 0.0000e+00 0.0000e+00 0.0000e+00 0.0000e+00 0.0000e+00 0.0000e+00 0.0000e+00 0.0000e+00 0.0000e+00 0.0000e+00 0.0000e+00 0.0000e+00 0.0000e+00 0.0000e+00 0.0000e+00 0.0000e+00 0.0000e+00 0.0000e+00 0.0000e+00 0.0000e+00 0.0000e+00 0.0000e+00 0.0000e+00 0.0000e+00 0.0000e+00 0.0000e+00 0.0000e+00 0.0000e+00 0.0000e+00
-6.4648e-10 -3.6606e-09 -1.0104e-08 -2.0788e-08 -3.6420e-08 -5.7654e-08 -8.5116e-08 -1.1942e-07 -1.6117e-07 -2.1100e-07 -2.6950e-07 1.5320e-05 -4.1503e-07 -5.0323e-07 -6.0245e-07 -7.1311e-07 -8.3547e-07 -9.6958e-07 -1.1151e-06 -1.2713e-06 -1.4366e-06 -1.6088e-06 -1.7845e-06 -1.9588e-06 -2.1255e-06 -2.2764e-06 -2.4019e-06 -2.4906e-06 -2.5307e-06 -2.5105e-06 -2.4207e-06 -2.2569e-06 -2.0214e-06 -1.7259e-06 -1.3918e-06 -1.0483e-06 -7.2781e-07 -4.5834e-07 -2.5687e-07 -1.2521e-07 -5.1646e-08 -1.7441e-08 -4.6348e-09 -9.2404e-10 -1.3050e-10 -1.2180e-11 -6.9096e-13 -2.1523e-14 -3.2546e-16 -2.0567e-18 -4.5246e-21 -2.7717e-24 -3.5960e-28 -7.0579e-33 -1.3840e-38 -1.6230e-45 -6.0191e-54 -3.1913e-64 -8.9604e-77 -3.8270e-92 -5.1533e-111 -2.9762e-134 -5.8098e-163 -1.4815e-198 -7.4848e-243 -3.3018e-298 0.0000e+00 0.0000e+00 0.0000e+00 0.0000e+00 0.0000e+00 0.0000e+00 0.0000e+00 0.0000e+00 0.0000e+00 0.0000e+00 0.0000e+00 0.0000e+00 0.0000e+00 0.0000e+00 0.0000e+00 0.0000e+00 0.0000e+00 0.0000e+00 0.0000e+00 0.0000e+00 0.0000e+00 0.0000e+00 0.0000e+00 0.0000e+00 0.0000e+00 0.0000e+00 0.0000e+00 0.0000e+00 0.0000e+00 0.0000e+00 0.0000e+00 0.0000e+00 0.0000e+00 0.0000e+00 6.4648e-10 3.6606e-09 1.0104e-08 2.0788e-08 3.6420e-08 5.7654e-08 8.5116e-08 1.1942e-07 1.6117e-07 2.1100e-07 2.6950e-07 0.0000e+00 4.1502e-07 5.0322e-07 6.0244e-07 7.1309e-07 8.3544e-07 9.6952e-07 1.1150e-06 1.2711e-06 1.4364e-06 1.6085e-06 1.7840e-06 1.9581e-06 2.1245e-06 2.2750e-06 2.4000e-06 2.4881e-06 2.5274e-06 2.5063e-06 2.4157e-06 2.2511e-06 2.0149e-06 1.7190e-06 1.3849e-06 1.0420e-06 7.2238e-07 4.5416e-07 2.5401e-07 1.2352e-07 5.0798e-08 1.7094e-08 4.5234e-09 8.9727e-10 1.2595e-10 1.1671e-11 6.5630e-13 2.0232e-14 3.0216e-16 1.8814e-18 4.0665e-21 2.4393e-24 3.0865e-28 5.8804e-33 1.1131e-38 1.2520e-45 4.4192e-54 2.2104e-64 5.7949e-77 2.2835e-92 2.7980e-111 1.4471e-134 2.4833e-163 5.4473e-199 2.3075e-243 8.2727e-299 0.0000e+00 0.0000e+00 0.0000e+00 0.0000e+00 0.0000e+00 0.0000e+00 0.0000e+00 0.0000e+00 0.0000e+00 0.0000e+00 0.0000e+00 0.0000e+00 0.0000e+00 0.0000e+00 0.0000e+00 0.0000e+00 0.0000e+00 0.0000e+00 0.0000e+00 0.0000e+00 0.0000e+00 0.0000e+00 0.0000e+00 0.0000e+00 0.0000e+00 0.0000e+00 0.0000e+00 0.0000e+00 0.0000e+00 0.0000e+00 0.0000e+00 0.0000e+00 0.0000e+00 0.0000e+00
-7.9542e-10 -4.5039e-09 -1.2431e-08 -2.5577e-08 -4.4811e-08 -7.0938e-08 -1.0473e-07 -1.4693e-07 -1.9831e-07 -2.5961e-07 -3.3160e-07 -4.1503e-07 2.5072e-05 -6.1918e-07 -7.4126e-07 -8.7742e-07 -1.0280e-06 -1.1930e-06 -1.3721e-06 -1.5643e-06 -1.7678e-06 -1.9797e-06 -2.1960e-06 -2.4107e-06 -2.6160e-06 -2.8020e-06 -2.9568e-06 -3.0665e-06 -3.1163e-06 -3.0921e-06 -2.9824e-06 -2.7815e-06 -2.4922e-06 -2.1289e-06 -1.7178e-06 -1.2949e-06 -8.9975e-07 -5.6723e-07 -3.1830e-07 -1.5539e-07 -6.4213e-08 -2.1733e-08 -5.7904e-09 -1.1581e-09 -1.6416e-10 -1.5390e-11 -8.7765e-13 -2.7508e-14 -4.1903e-16 -2.6709e-18 -5.9355e-21 -3.6792e-24 -4.8393e-28 -9.6500e-33 -1.9272e-38 -2.3077e-45 -8.7639e-54 -4.7727e-64 -1.3809e-76 -6.0984e-92 -8.5209e-111 -5.1254e-134 -1.0461e-162 -2.8005e-198 -1.4924e-242 -6.9795e-298 0.0000e+00 0.0000e+00 0.0000e+00 0.0000e+00 0.0000e+00 0.0000e+00 0.0000e+00 0.0000e+00 0.0000e+00 0.0000e+00 0.0000e+00 0.0000e+00 0.0000e+00 0.0000e+00 0.0000e+00 0.0000e+00 0.0000e+00 0.0000e+00 0.0000e+00 0.0000e+00 0.0000e+00 0.0000e+00 0.0000e+00 0.0000e+00 0.0000e+00 0.0000e+00 0.0000e+00 0.0000e+00 0.0000e+00 0.0000e+00 0.0000e+00 0.0000e+00 0.0000e+00 0.0000e+00 7.9542e-10 4.5039e-09 1.2431e-08 2.5577e-08 4.4811e-08 7.0938e-08 1.0473e-07 1.4693e-07 1.9831e-07 2.5961e-07 3.3159e-07 4.1502e-07 0.0000e+00 6.1917e-07 7.4124e-07 8.7738e-07 1.0279e-06 1.1929e-06 1.3719e-06 1.5640e-06 1.7673e-06 1.9791e-06 2.1950e-06 2.4092e-06 2.6139e-06 2.7992e-06 2.9529e-06 3.0613e-06 3.1097e-06 3.0838e-06 2.9723e-06 2.7697e-06 2.4791e-06 2.1151e-06 1.7040e-06 1.2820e-06 8.8882e-07 5.5880e-07 3.1254e-07 1.5197e-07 6.2501e-08 2.1032e-08 5.5655e-09 1.1040e-09 1.5496e-10 1.4359e-11 8.0748e-13 2.4891e-14 3.7174e-16 2.3145e-18 5.0023e-21 3.0003e-24 3.7958e-28 7.2303e-33 1.3683e-38 1.5382e-45 5.4258e-54 2.7111e-64 7.0964e-77 2.7898e-92 3.4059e-111 1.7516e-134 2.9790e-163 6.4406e-199 2.6629e-243 9.1506e-299 0.0000e+00 0.0000e+00 0.0000e+00 0.0000e+00 0.0000e+00 0.0000e+00 0.0000e+00 0.0000e+00 0.0000e+00 0.0000e+00 0.0000e+00 0.0000e+00 0.0000e+00 0.0000e+00 0.0000e+00 0.0000e+00 0.0000e+00 0.0000e+00 0.0000e+00 0.0000e+00 0.0000e+00 0.0000e+00 0.0000e+00 0.0000e+00 0.0000e+00 0.0000e+00 0.0000e+00 0.0000e+00 0.0000e+00 0.0000e+00 0.0000e+00 0.0000e+00 0.0000e+00 0.0000e+00
-9.6447e-10 -5.4611e-09 -1.5073e-08 -3.1013e-08 -5.4335e-08 -8.6014e-08 -1.2698e-07 -1.7816e-07 -2.4046e-07 -3.1478e-07 -4.0207e-07 -5.0323e-07 -6.1918e-07 3.9635e-05 -8.9881e-07 -1.0639e-06 -1.2465e-06 -1.4466e-06 -1.6638e-06 -1.8969e-06 -2.1438e-06 -2.4010e-06 -2.6634e-06 -2.9240e-06 -3.1734e-06 -3.3995e-06 -3.5879e-06 -3.7218e-06 -3.7832e-06 -3.7551e-06 -3.6233e-06 -3.3809e-06 -3.0311e-06 -2.5912e-06 -2.0927e-06 -1.5791e-06 -1.0987e-06 -6.9373e-07 -3.9002e-07 -1.9084e-07 -7.9073e-08 -2.6848e-08 -7.1809e-09 -1.4427e-09 -2.0562e-10 -1.9400e-11 -1.1146e-12 -3.5243e-14 -5.4237e-16 -3.4985e-18 -7.8824e-21 -4.9640e-24 -6.6485e-28 -1.3533e-32 -2.7661e-38 -3.3995e-45 -1.3288e-53 -7.4715e-64 -2.2389e-76 -1.0274e-91 -1.4967e-110 -9.4209e-134 -2.0203e-162 -5.7093e-198 -3.2286e-242 -1.6125e-297 0.0000e+00 0.0000e+00 0.0000e+00 0.0000e+00 0.0000e+00 0.0000e+00 0.0000e+00 0.0000e+00 0.0000e+00 0.0000e+00 0.0000e+00 0.0000e+00 0.0000e+00 0.0000e+00 0.0000e+00 0.0000e+00 0.0000e+00 0.0000e+00 0.0000e+00 0.0000e+00 0.0000e+00 0.0000e+00 0.0000e+00 0.0000e+00 0.0000e+00 0.0000e+00 0.0000e+00 0.0000e+00 0.0000e+00 0.0000e+00 0.0000e+00 0.0000e+00 0.0000e+00 0.0000e+00 9.6447e-10 5.4611e-09 1.5073e-08 3.1013e-08 5.4335e-08 8.6014e-08 1.2698e-07 1.7816e-07 2.4045e-07 3.1478e-07 4.0207e-07 5.0322e-07 6.1917e-07 0.0000e+00 8.9877e-07 1.0638e-06 1.2464e-06 1.4464e-06 1.6635e-06 1.8964e-06 2.1429e-06 2.3997e-06 2.6615e-06 2.9213e-06 3.1695e-06 3.3941e-06 3.5805e-06 3.7119e-06 3.7706e-06 3.7392e-06 3.6040e-06 3.3583e-06 3.0060e-06 2.5646e-06 2.0661e-06 1.5545e-06 1.0777e-06 6.7755e-07 3.7896e-07 1.8427e-07 7.5783e-08 2.5502e-08 6.7481e-09 1.3385e-09 1.8789e-10 1.7409e-11 9.7897e-13 3.0176e-14 4.5063e-16 2.8054e-18 6.0623e-21 3.6352e-24 4.5974e-28 8.7526e-33 1.6550e-38 1.8585e-45 6.5442e-54 3.2614e-64 8.5031e-77 3.3223e-92 4.0169e-111 2.0339e-134 3.3706e-163 6.9661e-199 2.6477e-243 7.6086e-299 0.0000e+00 0.0000e+00 0.0000e+00 0.0000e+00 0.0000e+00 0.0000e+00 0.0000e+00 0.0000e+00 0.0000e+00 0.0000e+00 0.0000e+00 0.0000e+00 0.0000e+00 0.0000e+00 0.0000e+00 0.0000e+00 0.0000e+00 0.0000e+00 0.0000e+00 0.0000e+00 0.0000e+00 0.0000e+00 0.0000e+00 0.0000e+00 0.0000e+00 0.0000e+00 0.0000e+00 0.0000e+00 0.0000e+00 0.0000e+00 0.0000e+00 0.0000e+00 0.0000e+00 0.0000e+00
-1.1546e-09 -6.5378e-09 -1.8045e-08 -3.7127e-08 -6.5047e-08 -1.0297e-07 -1.5202e-07 -2.1329e-07 -2.8786e-07 -3.7685e-07 -4.8134e-07 -6.0245e-07 -7.4126e-07 -8.9881e-07 6.0827e-05 -1.2737e-06 -1.4923e-06 -1.7320e-06 -1.9921e-06 -2.2713e-06 -2.5670e-06 -2.8751e-06 -3.1897e-06 -3.5022e-06 -3.8015e-06 -4.0732e-06 -4.3000e-06 -4.4618e-06 -4.5373e-06 -4.5056e-06 -4.3501e-06 -4.0619e-06 -3.6449e-06 -3.1191e-06 -2.5223e-06 -1.9063e-06 -1.3288e-06 -8.4092e-07 -4.7405e-07 -2.3270e-07 -9.6790e-08 -3.3014e-08 -8.8777e-09 -1.7950e-09 -2.5774e-10 -2.4532e-11 -1.4239e-12 -4.5556e-14 -7.1068e-16 -4.6561e-18 -1.0678e-20 -6.8604e-24 -9.3971e-28 -1.9612e-32 -4.1211e-38 -5.2210e-45 -2.1097e-53 -1.2298e-63 -3.8324e-76 -1.8348e-91 -2.7989e-110 -1.8524e-133 -4.1966e-162 -1.2598e-197 -7.6186e-242 -4.1011e-297 0.0000e+00 0.0000e+00 0.0000e+00 0.0000e+00 0.0000e+00 0.0000e+00 0.0000e+00 0.0000e+00 0.0000e+00 0.0000e+00 0.0000e+00 0.0000e+00 0.0000e+00 0.0000e+00 0.0000e+00 0.0000e+00 0.0000e+00 0.0000e+00 0.0000e+00 0.0000e+00 0.0000e+00 0.0000e+00 0.0000e+00 0.0000e+00 0.0000e+00 0.0000e+00 0.0000e+00 0.0000e+00 0.0000e+00 0.0000e+00 0.0000e+00 0.0000e+00 0.0000e+00 0.0000e+00 1.1546e-09 6.5378e-09 1.8045e-08 3.7127e-08 6.5047e-08 1.0297e-07 1.5202e-07 2.1329e-07 2.8786e-07 3.7684e-07 4.8133e-07 6.0244e-07 7.4124e-07 8.9877e-07 0.0000e+00 1.2736e-06 1.4921e-06 1.7316e-06 1.9914e-06 2.2703e-06 2.5654e-06 2.8728e-06 3.1862e-06 3.4972e-06 3.7943e-06 4.0632e-06 4.2864e-06 4.4438e-06 4.5139e-06 4.4763e-06 4.3146e-06 4.0205e-06 3.5986e-06 3.0702e-06 2.4735e-06 1.8610e-06 1.2902e-06 8.1113e-07 4.5366e-07 2.2060e-07 9.0722e-08 3.0528e-08 8.0781e-09 1.6023e-09 2.2490e-10 2.0838e-11 1.1717e-12 3.6112e-14 5.3917e-16 3.3557e-18 7.2488e-21 4.3442e-24 5.4896e-28 1.0438e-32 1.9702e-38 2.2063e-45 7.7369e-54 3.8311e-64 9.8887e-77 3.8021e-92 4.4767e-111 2.1651e-134 3.2951e-163 5.6865e-199 1.2811e-243 -2.6808e-299 0.0000e+00 0.0000e+00 0.0000e+00 0.0000e+00 0.0000e+00 0.0000e+00 0.0000e+00 0.0000e+00 0.0000e+00 0.0000e+00 0.0000e+00 0.0000e+00 0.0000e+00 0.0000e+00 0.0000e+00 0.0000e+00 0.0000e+00 0.0000e+00 0.0000e+00 0.0000e+00 0.0000e+00 0.0000e+00 0.0000e+00 0.0000e+00 0.0000e+00 0.0000e+00 0.0000e+00 0.0000e+00 0.0000e+00 0.0000e+00 0.0000e+00 0.0000e+00 0.0000e+00 0.0000e+00
-1.3667e-09 -7.7386e-09 -2.1360e-08 -4.3946e-08 -7.6994e-08 -1.2188e-07 -1.7994e-07 -2.5246e-07 -3.4073e-07 -4.4606e-07 -5.6975e-07 -7.1311e-07 -8.7742e-07 -1.0639e-06 -1.2737e-06 9.0983e-05 -1.7666e-06 -2.0503e-06 -2.3583e-06 -2.6890e-06 -3.0394e-06 -3.4046e-06 -3.7776e-06 -4.1484e-06 -4.5039e-06 -4.8272e-06 -5.0977e-06 -5.2919e-06 -5.3843e-06 -5.3503e-06 -5.1699e-06 -4.8323e-06 -4.3415e-06 -3.7209e-06 -3.0144e-06 -2.2831e-06 -1.5957e-06 -1.0130e-06 -5.7320e-07 -2.8263e-07 -1.1818e-07 -4.0562e-08 -1.0988e-08 -2.2407e-09 -3.2497e-10 -3.1288e-11 -1.8403e-12 -5.9775e-14 -9.4863e-16 -6.3362e-18 -1.4848e-20 -9.7710e-24 -1.3741e-27 -2.9519e-32 -6.4004e-38 -8.3891e-45 -3.5169e-53 -2.1331e-63 -6.9388e-76 -3.4806e-91 -5.5864e-110 -3.9094e-133 -9.4197e-162 -3.0285e-197 -1.9773e-241 -1.1602e-296 0.0000e+00 0.0000e+00 0.0000e+00 0.0000e+00 0.0000e+00 0.0000e+00 0.0000e+00 0.0000e+00 0.0000e+00 0.0000e+00 0.0000e+00 0.0000e+00 0.0000e+00 0.0000e+00 0.0000e+00 0.0000e+00 0.0000e+00 0.0000e+00 0.0000e+00 0.0000e+00 0.0000e+00 0.0000e+00 0.0000e+00 0.0000e+00 0.0000e+00 0.0000e+00 0.0000e+00 0.0000e+00 0.0000e+00 0.0000e+00 0.0000e+00 0.0000e+00 0.0000e+00 0.0000e+00 1.3667e-09 7.7386e-09 2.1360e-08 4.3946e-08 7.6994e-08 1.2188e-07 1.7994e-07 2.5246e-07 3.4073e-07 4.4606e-07 5.6974e-07 7.1309e-07 8.7738e-07 1.0638e-06 1.2736e-06 0.0000e+00 1.7662e-06 2.0496e-06 2.3572e-06 2.6872e-06 3.0366e-06 3.4004e-06 3.7714e-06 4.1395e-06 4.4912e-06 4.8095e-06 5.0737e-06 5.2599e-06 5.3430e-06 5.2985e-06 5.1070e-06 4.7589e-06 4.2596e-06 3.6340e-06 2.9278e-06 2.2028e-06 1.5271e-06 9.6009e-07 5.3697e-07 2.6110e-07 1.0738e-07 3.6132e-08 9.5606e-09 1.8963e-09 2.6614e-10 2.4655e-11 1.3861e-12 4.2709e-14 6.3742e-16 3.9649e-18 8.5575e-21 5.1222e-24 6.4608e-28 1.2251e-32 2.3027e-38 2.5621e-45 8.8950e-54 4.3351e-64 1.0901e-76 4.0080e-92 4.3459e-111 1.7693e-134 1.6571e-163 -1.6102e-199 -4.6892e-243 -4.4033e-298 0.0000e+00 0.0000e+00 0.0000e+00 0.0000e+00 0.0000e+00 0.0000e+00 0.0000e+00 0.0000e+00 0.0000e+00 0.0000e+00 0.0000e+00 0.0000e+00 0.0000e+00 0.0000e+00 0.0000e+00 0.0000e+00 0.0000e+00 0.0000e+00 0.0000e+00 0.0000e+00 0.0000e+00 0.0000e+00 0.0000e+00 0.0000e+00 0.0000e+00 0.0000e+00 0.0000e+00 0.0000e+00 0.0000e+00 0.0000e+00 0.0000e+00 0.0000e+00 0.0000e+00 0.0000e+00
-1.6012e-09 -9.0664e-09 -2.5024e-08 -5.1486e-08 -9.0205e-08 -1.4280e-07 -2.1082e-07 -2.9578e-07 -3.9920e-07 -5.2260e-07 -6.6751e-07 -8.3547e-07 -1.0280e-06 -1.2465e-06 -1.4923e-06 -1.7666e-06 1.3307e-04 -2.4025e-06 -2.7636e-06 -3.1514e-06 -3.5624e-06 -3.9910e-06 -4.4291e-06 -4.8651e-06 -5.2836e-06 -5.6651e-06 -5.9855e-06 -6.2172e-06 -6.3306e-06 -6.2965e-06 -6.0911e-06 -5.7013e-06 -5.1310e-06 -4.4066e-06 -3.5788e-06 -2.7188e-06 -1.9070e-06 -1.2158e-06 -6.9147e-07 -3.4300e-07 -1.4444e-07 -4.9986e-08 -1.3671e-08 -2.8191e-09 -4.1409e-10 -4.0453e-11 -2.4188e-12 -8.0035e-14 -1.2966e-15 -8.8606e-18 -2.1291e-20 -1.4399e-23 -2.0860e-27 -4.6269e-32 -1.0385e-37 -1.4128e-44 -6.1651e-53 -3.9052e-63 -1.3318e-75 -7.0341e-91 -1.1950e-109 -8.9048e-133 -2.3011e-161 -8.0001e-197 -5.7032e-241 -3.6952e-296 0.0000e+00 0.0000e+00 0.0000e+00 0.0000e+00 0.0000e+00 0.0000e+00 0.0000e+00 0.0000e+00 0.0000e+00 0.0000e+00 0.0000e+00 0.0000e+00 0.0000e+00 0.0000e+00 0.0000e+00 0.0000e+00 0.0000e+00 0.0000e+00 0.0000e+00 0.0000e+00 0.0000e+00 0.0000e+00 0.0000e+00 0.0000e+00 0.0000e+00 0.0000e+00 0.0000e+00 0.0000e+00 0.0000e+00 0.0000e+00 0.0000e+00 0.0000e+00 0.0000e+00 0.0000e+00 1.6012e-09 9.0664e-09 2.5024e-08 5.1486e-08 9.0204e-08 1.4280e-07 2.1081e-07 2.9578e-07 3.9919e-07 5.2259e-07 6.6750e-07 8.3544e-07 1.0279e-06 1.2464e-06 1.4921e-06 1.7662e-06 0.0000e+00 2.4013e-06 2.7617e-06 3.1483e-06 3.5576e-06 3.9839e-06 4.4185e-06 4.8498e-06 5.2618e-06 5.6348e-06 5.9442e-06 6.1624e-06 6.2597e-06 6.2076e-06 5.9833e-06 5.5754e-06 4.9904e-06 4.2575e-06 3.4301e-06 2.5807e-06 1.7891e-06 1.1248e-06 6.2907e-07 3.0588e-07 1.2579e-07 4.2325e-08 1.1198e-08 2.2208e-09 3.1163e-10 2.8862e-11 1.6220e-12 4.9949e-14 7.4487e-16 4.6277e-18 9.9699e-21 5.9515e-24 7.4763e-28 1.4089e-32 2.6228e-38 2.8743e-45 9.7350e-54 4.5492e-64 1.0598e-76 3.3327e-92 2.3793e-111 -2.6211e-135 -4.9308e-163 -2.8705e-198 -2.6635e-242 -2.0077e-297 0.0000e+00 0.0000e+00 0.0000e+00 0.0000e+00 0.0000e+00 0.0000e+00 0.0000e+00 0.0000e+00 0.0000e+00 0.0000e+00 0.0000e+00 0.0000e+00 0.0000e+00 0.0000e+00 0.0000e+00 0.0000e+00 0.0000e+00 0.0000e+00 0.0000e+00 0.0000e+00 0.0000e+00 0.0000e+00 0.0000e+00 0.0000e+00 0.0000e+00 0.0000e+00 0.0000e+00 0.0000e+00 0.0000e+00 0.0000e+00 0.0000e+00 0.0000e+00 0.0000e+00 0.0000e+00
