-2.9802e-07 -5.0113e-11 -1.3832e-10 -2.8458e-10 -4.9859e-10 -7.8930e-10 -1.1653e-09 -1.6350e-09 -2.2070e-09 -2.8898e-09 -3.6924e-09 -4.6240e-09 -5.6944e-09 -6.9136e-09 -8.2924e-09 -9.8421e-09 -1.1574e-08 -1.3502e-08 -1.5637e-08 -1.7994e-08 -2.0586e-08 -2.3426e-08 -2.6529e-08 -2.9906e-08 -3.3568e-08 -3.7523e-08 -4.1778e-08 -4.6332e-08 -5.1177e-08 -5.6297e-08 -6.1663e-08 -6.7229e-08 -7.2928e-08 -7.8671e-08 -8.4333e-08 -8.9759e-08 -9.4749e-08 -9.9065e-08 -1.0243e-07 -1.0452e-07 -1.0501e-07 -1.0358e-07 -9.9951e-08 -9.3966e-08 -8.5624e-08 -7.5159e-08 -6.3079e-08 -5.0160e-08 -3.7377e-08 -2.5751e-08 -1.6136e-08 -9.0139e-09 -4.3798e-09 -1.7958e-09 -5.9862e-10 -1.5490e-10 -2.9380e-11 -3.8031e-12 -3.0722e-13 -1.3844e-14 -3.0198e-16 -2.6648e-18 -7.5679e-21 -5.1608e-24 -5.7960e-28 -6.5789e-33 -3.9941e-39 -5.6275e-47 -6.1064e-57 -1.1748e-69 -5.5822e-86 -4.5419e-107 -1.6499e-134 -1.7434e-170 -4.7778e-218 -1.6843e-281 0.0000e+00 0.0000e+00 0.0000e+00 0.0000e+00 0.0000e+00 0.0000e+00 0.0000e+00 0.0000e+00 0.0000e+00 0.0000e+00 0.0000e+00 0.0000e+00 0.0000e+00 0.0000e+00 0.0000e+00 0.0000e+00 0.0000e+00 0.0000e+00 0.0000e+00 0.0000e+00 0.0000e+00 0.0000e+00 0.0000e+00 0.0000e+00 0.0000e+00 5.0113e-11 1.3832e-10 2.8458e-10 4.9859e-10 7.8930e-10 1.1653e-09 1.6350e-09 2.2070e-09 2.8898e-09 3.6924e-09 4.6240e-09 5.6944e-09 6.9136e-09 8.2924e-09 9.8421e-09 1.1574e-08 1.3502e-08 1.5637e-08 1.7994e-08 2.0586e-08 2.3426e-08 2.6529e-08 2.9906e-08 3.3568e-08 3.7523e-08 4.1778e-08 4.6332e-08 5.1177e-08 5.6297e-08 6.1663e-08 6.7229e-08 7.2928e-08 7.8671e-08 8.4333e-08 8.9759e-08 9.4749e-08 9.9065e-08 1.0243e-07 1.0452e-07 1.0501e-07 1.0358e-07 9.9951e-08 9.3966e-08 8.5624e-08 7.5159e-08 6.3079e-08 5.0160e-08 3.7377e-08 2.5751e-08 1.6136e-08 9.0139e-09 4.3798e-09 1.7958e-09 5.9862e-10 1.5490e-10 2.9380e-11 3.8031e-12 3.0722e-13 1.3844e-14 3.0198e-16 2.6648e-18 7.5679e-21 5.1608e-24 5.7960e-28 6.5789e-33 3.9941e-39 5.6275e-47 6.1064e-57 1.1748e-69 5.5822e-86 4.5419e-107 1.6499e-134 1.7434e-170 4.7778e-218 1.6843e-281 0.0000e+00 0.0000e+00 0.0000e+00 0.0000e+00 0.0000e+00 0.0000e+00 0.0000e+00 0.0000e+00 0.0000e+00 0.0000e+00 0.0000e+00 0.0000e+00 0.0000e+00 0.0000e+00 0.0000e+00 0.0000e+00 0.0000e+00 0.0000e+00 0.0000e+00 0.0000e+00 0.0000e+00 0.0000e+00 0.0000e+00 0.0000e+00
-5.0113e-11 3.0248e-10 -7.8320e-10 -1.6114e-09 -2.8232e-09 -4.4693e-09 -6.5983e-09 -9.2580e-09 -1.2497e-08 -1.6363e-08 -2.0908e-08 -2.6183e-08 -3.2244e-08 -3.9147e-08 -4.6954e-08 -5.5729e-08 -6.5538e-08 -7.6452e-08 -8.8544e-08 -1.0189e-07 -1.1657e-07 -1.3265e-07 -1.5021e-07 -1.6933e-07 -1.9007e-07 -2.1247e-07 -2.3656e-07 -2.6235e-07 -2.8978e-07 -3.1877e-07 -3.4916e-07 -3.8067e-07 -4.1295e-07 -4.4546e-07 -4.7752e-07 -5.0824e-07 -5.3650e-07 -5.6094e-07 -5.7997e-07 -5.9181e-07 -5.9459e-07 -5.8648e-07 -5.6595e-07 -5.3206e-07 -4.8483e-07 -4.2558e-07 -3.5717e-07 -2.8402e-07 -2.1164e-07 -1.4581e-07 -9.1368e-08 -5.1040e-08 -2.4800e-08 -1.0169e-08 -3.3896e-09 -8.7710e-10 -1.6636e-10 -2.1534e-11 -1.7396e-12 -7.8387e-14 -1.7099e-15 -1.5089e-17 -4.2852e-20 -2.9222e-23 -3.2819e-27 -3.7252e-32 -2.2616e-38 -3.1865e-46 -3.4576e-56 -6.6523e-69 -3.1608e-85 -2.5718e-106 -9.3423e-134 -9.8717e-170 -2.7054e-217 -9.5369e-281 0.0000e+00 0.0000e+00 0.0000e+00 0.0000e+00 0.0000e+00 0.0000e+00 0.0000e+00 0.0000e+00 0.0000e+00 0.0000e+00 0.0000e+00 0.0000e+00 0.0000e+00 0.0000e+00 0.0000e+00 0.0000e+00 0.0000e+00 0.0000e+00 0.0000e+00 0.0000e+00 0.0000e+00 0.0000e+00 0.0000e+00 0.0000e+00 5.0113e-11 0.0000e+00 7.8320e-10 1.6114e-09 2.8232e-09 4.4693e-09 6.5983e-09 9.2580e-09 1.2497e-08 1.6363e-08 2.0908e-08 2.6183e-08 3.2244e-08 3.9147e-08 4.6954e-08 5.5729e-08 6.5538e-08 7.6452e-08 8.8544e-08 1.0189e-07 1.1657e-07 1.3265e-07 1.5021e-07 1.6933e-07 1.9007e-07 2.1247e-07 2.3656e-07 2.6235e-07 2.8978e-07 3.1877e-07 3.4916e-07 3.8067e-07 4.1295e-07 4.4546e-07 4.7752e-07 5.0824e-07 5.3650e-07 5.6094e-07 5.7997e-07 5.9181e-07 5.9459e-07 5.8648e-07 5.6595e-07 5.3206e-07 4.8483e-07 4.2558e-07 3.5717e-07 2.8402e-07 2.1164e-07 1.4581e-07 9.1368e-08 5.1040e-08 2.4800e-08 1.0169e-08 3.3896e-09 8.7710e-10 1.6636e-10 2.1534e-11 1.7396e-12 7.8387e-14 1.7099e-15 1.5089e-17 4.2852e-20 2.9222e-23 3.2819e-27 3.7252e-32 2.2616e-38 3.1865e-46 3.4576e-56 6.6522e-69 3.1608e-85 2.5718e-106 9.3422e-134 9.8717e-170 2.7054e-217 9.5369e-281 0.0000e+00 0.0000e+00 0.0000e+00 0.0000e+00 0.0000e+00 0.0000e+00 0.0000e+00 0.0000e+00 0.0000e+00 0.0000e+00 0.0000e+00 0.0000e+00 0.0000e+00 0.0000e+00 0.0000e+00 0.0000e+00 0.0000e+00 0.0000e+00 0.0000e+00 0.0000e+00 0.0000e+00 0.0000e+00 0.0000e+00 0.0000e+00
-1.3832e-10 -7.8320e-10 3.4537e-09 -4.4476e-09 -7.7923e-09 -1.2336e-08 -1.8212e-08 -2.5553e-08 -3.4492e-08 -4.5164e-08 -5.7708e-08 -7.2268e-08 -8.8996e-08 -1.0805e-07 -1.2960e-07 -1.5382e-07 -1.8089e-07 -2.1102e-07 -2.4439e-07 -2.8123e-07 -3.2173e-07 -3.6613e-07 -4.1461e-07 -4.6739e-07 -5.2462e-07 -5.8644e-07 -6.5294e-07 -7.2411e-07 -7.9983e-07 -8.7986e-07 -9.6372e-07 -1.0507e-06 -1.1398e-06 -1.2295e-06 -1.3180e-06 -1.4028e-06 -1.4808e-06 -1.5483e-06 -1.6008e-06 -1.6335e-06 -1.6411e-06 -1.6188e-06 -1.5621e-06 -1.4686e-06 -1.3382e-06 -1.1746e-06 -9.8584e-07 -7.8393e-07 -5.8415e-07 -4.0245e-07 -2.5219e-07 -1.4088e-07 -6.8450e-08 -2.8067e-08 -9.3557e-09 -2.4209e-09 -4.5918e-10 -5.9437e-11 -4.8015e-12 -2.1636e-13 -4.7196e-15 -4.1648e-17 -1.1828e-19 -8.0656e-23 -9.0585e-27 -1.0282e-31 -6.2422e-38 -8.7952e-46 -9.5435e-56 -1.8361e-68 -8.7243e-85 -7.0986e-106 -2.5786e-133 -2.7248e-169 -7.4674e-217 -2.6324e-280 0.0000e+00 0.0000e+00 0.0000e+00 0.0000e+00 0.0000e+00 0.0000e+00 0.0000e+00 0.0000e+00 0.0000e+00 0.0000e+00 0.0000e+00 0.0000e+00 0.0000e+00 0.0000e+00 0.0000e+00 0.0000e+00 0.0000e+00 0.0000e+00 0.0000e+00 0.0000e+00 0.0000e+00 0.0000e+00 0.0000e+00 0.0000e+00 1.3832e-10 7.8320e-10 0.0000e+00 4.4476e-09 7.7923e-09 1.2336e-08 1.8212e-08 2.5553e-08 3.4492e-08 4.5164e-08 5.7708e-08 7.2268e-08 8.8996e-08 1.0805e-07 1.2960e-07 1.5382e-07 1.8089e-07 2.1102e-07 2.4439e-07 2.8123e-07 3.2173e-07 3.6613e-07 4.1461e-07 4.6739e-07 5.2462e-07 5.8644e-07 6.5294e-07 7.2411e-07 7.9983e-07 8.7986e-07 9.6372e-07 1.0507e-06 1.1398e-06 1.2295e-06 1.3180e-06 1.4028e-06 1.4808e-06 1.5483e-06 1.6008e-06 1.6335e-06 1.6411e-06 1.6188e-06 1.5621e-06 1.4686e-06 1.3382e-06 1.1746e-06 9.8584e-07 7.8393e-07 5.8415e-07 4.0245e-07 2.5219e-07 1.4088e-07 6.8450e-08 2.8067e-08 9.3557e-09 2.4209e-09 4.5918e-10 5.9437e-11 4.8015e-12 2.1636e-13 4.7196e-15 4.1648e-17 1.1828e-19 8.0656e-23 9.0584e-27 1.0282e-31 6.2422e-38 8.7951e-46 9.5435e-56 1.8361e-68 8.7242e-85 7.0985e-106 2.5786e-133 2.7247e-169 7.4672e-217 2.6323e-280 0.0000e+00 0.0000e+00 0.0000e+00 0.0000e+00 0.0000e+00 0.0000e+00 0.0000e+00 0.0000e+00 0.0000e+00 0.0000e+00 0.0000e+00 0.0000e+00 0.0000e+00 0.0000e+00 0.0000e+00 0.0000e+00 0.0000e+00 0.0000e+00 0.0000e+00 0.0000e+00 0.0000e+00 0.0000e+00 0.0000e+00 0.0000e+00
-2.8458e-10 -1.6114e-09 -4.4476e-09 2.1363e-08 -1.6032e-08 -2.5380e-08 -3.7470e-08 -5.2575e-08 -7.0966e-08 -9.2923e-08 -1.1873e-07 -1.4869e-07 -1.8310e-07 -2.2231e-07 -2.6665e-07 -3.1648e-07 -3.7218e-07 -4.3416e-07 -5.0282e-07 -5.7861e-07 -6.6195e-07 -7.5329e-07 -8.5304e-07 -9.6162e-07 -1.0794e-06 -1.2066e-06 -1.3434e-06 -1.4898e-06 -1.6456e-06 -1.8103e-06 -1.9828e-06 -2.1618e-06 -2.3450e-06 -2.5297e-06 -2.7118e-06 -2.8862e-06 -3.0467e-06 -3.1855e-06 -3.2935e-06 -3.3608e-06 -3.3766e-06 -3.3305e-06 -3.2139e-06 -3.0215e-06 -2.7533e-06 -2.4168e-06 -2.0283e-06 -1.6129e-06 -1.2019e-06 -8.2803e-07 -5.1886e-07 -2.8985e-07 -1.4083e-07 -5.7746e-08 -1.9249e-08 -4.9809e-09 -9.4474e-10 -1.2229e-10 -9.8790e-12 -4.4515e-13 -9.7105e-15 -8.5690e-17 -2.4335e-19 -1.6595e-22 -1.8638e-26 -2.1155e-31 -1.2843e-37 -1.8096e-45 -1.9636e-55 -3.7779e-68 -1.7951e-84 -1.4606e-105 -5.3058e-133 -5.6067e-169 -1.5366e-216 -5.4170e-280 0.0000e+00 0.0000e+00 0.0000e+00 0.0000e+00 0.0000e+00 0.0000e+00 0.0000e+00 0.0000e+00 0.0000e+00 0.0000e+00 0.0000e+00 0.0000e+00 0.0000e+00 0.0000e+00 0.0000e+00 0.0000e+00 0.0000e+00 0.0000e+00 0.0000e+00 0.0000e+00 0.0000e+00 0.0000e+00 0.0000e+00 0.0000e+00 2.8458e-10 1.6114e-09 4.4476e-09 0.0000e+00 1.6032e-08 2.5380e-08 3.7470e-08 5.2575e-08 7.0966e-08 9.2923e-08 1.1873e-07 1.4869e-07 1.8310e-07 2.2231e-07 2.6665e-07 3.1648e-07 3.7218e-07 4.3416e-07 5.0282e-07 5.7861e-07 6.6195e-07 7.5329e-07 8.5304e-07 9.6162e-07 1.0794e-06 1.2066e-06 1.3434e-06 1.4898e-06 1.6456e-06 1.8103e-06 1.9828e-06 2.1618e-06 2.3450e-06 2.5297e-06 2.7118e-06 2.8862e-06 3.0467e-06 3.1855e-06 3.2935e-06 3.3608e-06 3.3766e-06 3.3305e-06 3.2139e-06 3.0215e-06 2.7533e-06 2.4168e-06 2.0283e-06 1.6129e-06 1.2019e-06 8.2803e-07 5.1886e-07 2.8985e-07 1.4083e-07 5.7746e-08 1.9249e-08 4.9809e-09 9.4474e-10 1.2229e-10 9.8789e-12 4.4515e-13 9.7104e-15 8.5689e-17 2.4335e-19 1.6595e-22 1.8637e-26 2.1155e-31 1.2843e-37 1.8096e-45 1.9635e-55 3.7777e-68 1.7950e-84 1.4605e-105 5.3053e-133 5.6060e-169 1.5363e-216 5.4158e-280 0.0000e+00 0.0000e+00 0.0000e+00 0.0000e+00 0.0000e+00 0.0000e+00 0.0000e+00 0.0000e+00 0.0000e+00 0.0000e+00 0.0000e+00 0.0000e+00 0.0000e+00 0.0000e+00 0.0000e+00 0.0000e+00 0.0000e+00 0.0000e+00 0.0000e+00 0.0000e+00 0.0000e+00 0.0000e+00 0.0000e+00 0.0000e+00
-4.9859e-10 -2.8232e-09 -7.7923e-09 -1.6032e-08 8.2005e-08 -4.4466e-08 -6.5648e-08 -9.2112e-08 -1.2433e-07 -1.6280e-07 -2.0802e-07 -2.6050e-07 -3.2080e-07 -3.8949e-07 -4.6717e-07 -5.5447e-07 -6.5206e-07 -7.6065e-07 -8.8096e-07 -1.0137e-06 -1.1597e-06 -1.3198e-06 -1.4945e-06 -1.6848e-06 -1.8911e-06 -2.1139e-06 -2.3536e-06 -2.6102e-06 -2.8831e-06 -3.1716e-06 -3.4739e-06 -3.7874e-06 -4.1085e-06 -4.4320e-06 -4.7511e-06 -5.0567e-06 -5.3379e-06 -5.5810e-06 -5.7703e-06 -5.8882e-06 -5.9158e-06 -5.8351e-06 -5.6309e-06 -5.2937e-06 -4.8238e-06 -4.2342e-06 -3.5537e-06 -2.8258e-06 -2.1057e-06 -1.4507e-06 -9.0906e-07 -5.0782e-07 -2.4674e-07 -1.0117e-07 -3.3725e-08 -8.7267e-09 -1.6552e-09 -2.1426e-10 -1.7308e-11 -7.7992e-13 -1.7013e-14 -1.5013e-16 -4.2637e-19 -2.9075e-22 -3.2655e-26 -3.7066e-31 -2.2503e-37 -3.1708e-45 -3.4407e-55 -6.6199e-68 -3.1456e-84 -2.5596e-105 -9.2986e-133 -9.8267e-169 -2.6934e-216 -9.4967e-280 0.0000e+00 0.0000e+00 0.0000e+00 0.0000e+00 0.0000e+00 0.0000e+00 0.0000e+00 0.0000e+00 0.0000e+00 0.0000e+00 0.0000e+00 0.0000e+00 0.0000e+00 0.0000e+00 0.0000e+00 0.0000e+00 0.0000e+00 0.0000e+00 0.0000e+00 0.0000e+00 0.0000e+00 0.0000e+00 0.0000e+00 0.0000e+00 4.9859e-10 2.8232e-09 7.7923e-09 1.6032e-08 0.0000e+00 4.4466e-08 6.5648e-08 9.2112e-08 1.2433e-07 1.6280e-07 2.0802e-07 2.6050e-07 3.2080e-07 3.8949e-07 4.6717e-07 5.5447e-07 6.5206e-07 7.6065e-07 8.8096e-07 1.0137e-06 1.1597e-06 1.3198e-06 1.4945e-06 1.6848e-06 1.8911e-06 2.1139e-06 2.3536e-06 2.6102e-06 2.8831e-06 3.1716e-06 3.4739e-06 3.7874e-06 4.1085e-06 4.4320e-06 4.7511e-06 5.0567e-06 5.3378e-06 5.5810e-06 5.7703e-06 5.8882e-06 5.9158e-06 5.8351e-06 5.6309e-06 5.2937e-06 4.8238e-06 4.2342e-06 3.5536e-06 2.8258e-06 2.1057e-06 1.4507e-06 9.0906e-07 5.0782e-07 2.4674e-07 1.0117e-07 3.3724e-08 8.7266e-09 1.6552e-09 2.1425e-10 1.7308e-11 7.7990e-13 1.7013e-14 1.5013e-16 4.2635e-19 2.9074e-22 3.2653e-26 3.7063e-31 2.2501e-37 3.1704e-45 3.4401e-55 6.6186e-68 3.1448e-84 2.5588e-105 9.2949e-133 9.8217e-169 2.6917e-216 9.4886e-280 0.0000e+00 0.0000e+00 0.0000e+00 0.0000e+00 0.0000e+00 0.0000e+00 0.0000e+00 0.0000e+00 0.0000e+00 0.0000e+00 0.0000e+00 0.0000e+00 0.0000e+00 0.0000e+00 0.0000e+00 0.0000e+00 0.0000e+00 0.0000e+00 0.0000e+00 0.0000e+00 0.0000e+00 0.0000e+00 0.0000e+00 0.0000e+00
-7.8930e-10 -4.4693e-09 -1.2336e-08 -2.5380e-08 -4.4466e-08 2.4623e-07 -1.0393e-07 -1.4582e-07 -1.9683e-07 -2.5773e-07 -3.2931e-07 -4.1239e-07 -5.0785e-07 -6.1659e-07 -7.3955e-07 -8.7776e-07 -1.0323e-06 -1.2042e-06 -1.3946e-06 -1.6048e-06 -1.8360e-06 -2.0893e-06 -2.3660e-06 -2.6671e-06 -2.9937e-06 -3.3465e-06 -3.7260e-06 -4.1321e-06 -4.5642e-06 -5.0208e-06 -5.4994e-06 -5.9958e-06 -6.5041e-06 -7.0162e-06 -7.5212e-06 -8.0051e-06 -8.4502e-06 -8.8351e-06 -9.1348e-06 -9.3213e-06 -9.3651e-06 -9.2374e-06 -8.9141e-06 -8.3803e-06 -7.6364e-06 -6.7031e-06 -5.6257e-06 -4.4735e-06 -3.3335e-06 -2.2966e-06 -1.4391e-06 -8.0392e-07 -3.9061e-07 -1.6016e-07 -5.3389e-08 -1.3815e-08 -2.6204e-09 -3.3919e-10 -2.7401e-11 -1.2347e-12 -2.6935e-14 -2.3769e-16 -6.7503e-19 -4.6033e-22 -5.1702e-26 -5.8688e-31 -3.5632e-37 -5.0208e-45 -5.4485e-55 -1.0484e-67 -4.9821e-84 -4.0545e-105 -1.4732e-132 -1.5572e-168 -4.2695e-216 -1.5060e-279 0.0000e+00 0.0000e+00 0.0000e+00 0.0000e+00 0.0000e+00 0.0000e+00 0.0000e+00 0.0000e+00 0.0000e+00 0.0000e+00 0.0000e+00 0.0000e+00 0.0000e+00 0.0000e+00 0.0000e+00 0.0000e+00 0.0000e+00 0.0000e+00 0.0000e+00 0.0000e+00 0.0000e+00 0.0000e+00 0.0000e+00 0.0000e+00 7.8930e-10 4.4693e-09 1.2336e-08 2.5380e-08 4.4466e-08 0.0000e+00 1.0393e-07 1.4582e-07 1.9683e-07 2.5773e-07 3.2931e-07 4.1239e-07 5.0785e-07 6.1659e-07 7.3955e-07 8.7776e-07 1.0323e-06 1.2042e-06 1.3946e-06 1.6048e-06 1.8360e-06 2.0893e-06 2.3660e-06 2.6671e-06 2.9937e-06 3.3465e-06 3.7260e-06 4.1321e-06 4.5642e-06 5.0208e-06 5.4994e-06 5.9958e-06 6.5041e-06 7.0162e-06 7.5212e-06 8.0051e-06 8.4501e-06 8.8351e-06 9.1348e-06 9.3213e-06 9.3651e-06 9.2374e-06 8.9140e-06 8.3803e-06 7.6363e-06 6.7030e-06 5.6256e-06 4.4735e-06 3.3334e-06 2.2966e-06 1.4391e-06 8.0390e-07 3.9061e-07 1.6016e-07 5.3388e-08 1.3815e-08 2.6203e-09 3.3918e-10 2.7400e-11 1.2346e-12 2.6932e-14 2.3766e-16 6.7494e-19 4.6026e-22 5.1691e-26 5.8674e-31 3.5621e-37 5.0189e-45 5.4459e-55 1.0478e-67 4.9784e-84 4.0507e-105 1.4714e-132 1.5548e-168 4.2611e-216 1.5021e-279 0.0000e+00 0.0000e+00 0.0000e+00 0.0000e+00 0.0000e+00 0.0000e+00 0.0000e+00 0.0000e+00 0.0000e+00 0.0000e+00 0.0000e+00 0.0000e+00 0.0000e+00 0.0000e+00 0.0000e+00 0.0000e+00 0.0000e+00 0.0000e+00 0.0000e+00 0.0000e+00 0.0000e+00 0.0000e+00 0.0000e+00 0.0000e+00
-1.1653e-09 -6.5983e-09 -1.8212e-08 -3.7470e-08 -6.5648e-08 -1.0393e-07 6.2483e-07 -2.1528e-07 -2.9059e-07 -3.8050e-07 -4.8618e-07 -6.0884e-07 -7.4977e-07 -9.1031e-07 -1.0919e-06 -1.2959e-06 -1.5240e-06 -1.7778e-06 -2.0590e-06 -2.3693e-06 -2.7105e-06 -3.0845e-06 -3.4930e-06 -3.9376e-06 -4.4198e-06 -4.9407e-06 -5.5009e-06 -6.1005e-06 -6.7384e-06 -7.4126e-06 -8.1191e-06 -8.8519e-06 -9.6024e-06 -1.0358e-05 -1.1104e-05 -1.1818e-05 -1.2476e-05 -1.3044e-05 -1.3486e-05 -1.3762e-05 -1.3826e-05 -1.3638e-05 -1.3160e-05 -1.2372e-05 -1.1274e-05 -9.8963e-06 -8.3056e-06 -6.6046e-06 -4.9215e-06 -3.3907e-06 -2.1247e-06 -1.1869e-06 -5.7671e-07 -2.3647e-07 -7.8826e-08 -2.0397e-08 -3.8689e-09 -5.0081e-10 -4.0458e-11 -1.8231e-12 -3.9771e-14 -3.5097e-16 -9.9679e-19 -6.7979e-22 -7.6354e-26 -8.6678e-31 -5.2630e-37 -7.4168e-45 -8.0498e-55 -1.5492e-67 -7.3638e-84 -5.9946e-105 -2.1790e-132 -2.3044e-168 -6.3224e-216 -2.2321e-279 0.0000e+00 0.0000e+00 0.0000e+00 0.0000e+00 0.0000e+00 0.0000e+00 0.0000e+00 0.0000e+00 0.0000e+00 0.0000e+00 0.0000e+00 0.0000e+00 0.0000e+00 0.0000e+00 0.0000e+00 0.0000e+00 0.0000e+00 0.0000e+00 0.0000e+00 0.0000e+00 0.0000e+00 0.0000e+00 0.0000e+00 0.0000e+00 1.1653e-09 6.5983e-09 1.8212e-08 3.7470e-08 6.5648e-08 1.0393e-07 0.0000e+00 2.1528e-07 2.9059e-07 3.8050e-07 4.8618e-07 6.0884e-07 7.4977e-07 9.1031e-07 1.0919e-06 1.2959e-06 1.5240e-06 1.7778e-06 2.0590e-06 2.3693e-06 2.7105e-06 3.0845e-06 3.4930e-06 3.9376e-06 4.4198e-06 4.9407e-06 5.5009e-06 6.1005e-06 6.7384e-06 7.4126e-06 8.1191e-06 8.8519e-06 9.6024e-06 1.0358e-05 1.1104e-05 1.1818e-05 1.2476e-05 1.3044e-05 1.3486e-05 1.3762e-05 1.3826e-05 1.3638e-05 1.3160e-05 1.2372e-05 1.1274e-05 9.8962e-06 8.3055e-06 6.6045e-06 4.9214e-06 3.3906e-06 2.1246e-06 1.1869e-06 5.7668e-07 2.3646e-07 7.8820e-08 2.0396e-08 3.8685e-09 5.0075e-10 4.0452e-11 1.8228e-12 3.9762e-14 3.5088e-16 9.9646e-19 6.7951e-22 7.6315e-26 8.6624e-31 5.2589e-37 7.4097e-45 8.0402e-55 1.5469e-67 7.3500e-84 5.9803e-105 2.1724e-132 2.2955e-168 6.2909e-216 2.2177e-279 0.0000e+00 0.0000e+00 0.0000e+00 0.0000e+00 0.0000e+00 0.0000e+00 0.0000e+00 0.0000e+00 0.0000e+00 0.0000e+00 0.0000e+00 0.0000e+00 0.0000e+00 0.0000e+00 0.0000e+00 0.0000e+00 0.0000e+00 0.0000e+00 0.0000e+00 0.0000e+00 0.0000e+00 0.0000e+00 0.0000e+00 0.0000e+00
-1.6350e-09 -9.2580e-09 -2.5553e-08 -5.2575e-08 -9.2112e-08 -1.4582e-07 -2.1528e-07 1.4025e-06 -4.0773e-07 -5.3388e-07 -6.8215e-07 -8.5427e-07 -1.0520e-06 -1.2773e-06 -1.5320e-06 -1.8183e-06 -2.1383e-06 -2.4944e-06 -2.8889e-06 -3.3243e-06 -3.8032e-06 -4.3279e-06 -4.9011e-06 -5.5249e-06 -6.2014e-06 -6.9323e-06 -7.7183e-06 -8.5596e-06 -9.4547e-06 -1.0401e-05 -1.1392e-05 -1.2420e-05 -1.3473e-05 -1.4534e-05 -1.5580e-05 -1.6583e-05 -1.7505e-05 -1.8302e-05 -1.8923e-05 -1.9309e-05 -1.9400e-05 -1.9135e-05 -1.8466e-05 -1.7360e-05 -1.5819e-05 -1.3886e-05 -1.1654e-05 -9.2671e-06 -6.9055e-06 -4.7576e-06 -2.9813e-06 -1.6654e-06 -8.0923e-07 -3.3182e-07 -1.1061e-07 -2.8623e-08 -5.4292e-09 -7.0280e-10 -5.6778e-11 -2.5586e-12 -5.5818e-14 -4.9262e-16 -1.3992e-18 -9.5431e-22 -1.0720e-25 -1.2171e-30 -7.3916e-37 -1.0419e-44 -1.1311e-54 -2.1777e-67 -1.0356e-83 -8.4358e-105 -3.0688e-132 -3.2489e-168 -8.9260e-216 -3.1571e-279 0.0000e+00 0.0000e+00 0.0000e+00 0.0000e+00 0.0000e+00 0.0000e+00 0.0000e+00 0.0000e+00 0.0000e+00 0.0000e+00 0.0000e+00 0.0000e+00 0.0000e+00 0.0000e+00 0.0000e+00 0.0000e+00 0.0000e+00 0.0000e+00 0.0000e+00 0.0000e+00 0.0000e+00 0.0000e+00 0.0000e+00 0.0000e+00 1.6350e-09 9.2580e-09 2.5553e-08 5.2575e-08 9.2112e-08 1.4582e-07 2.1528e-07 0.0000e+00 4.0773e-07 5.3388e-07 6.8215e-07 8.5427e-07 1.0520e-06 1.2773e-06 1.5320e-06 1.8183e-06 2.1383e-06 2.4944e-06 2.8889e-06 3.3243e-06 3.8032e-06 4.3279e-06 4.9011e-06 5.5249e-06 6.2014e-06 6.9323e-06 7.7183e-06 8.5596e-06 9.4547e-06 1.0401e-05 1.1392e-05 1.2420e-05 1.3473e-05 1.4534e-05 1.5580e-05 1.6582e-05 1.7504e-05 1.8302e-05 1.8923e-05 1.9309e-05 1.9400e-05 1.9135e-05 1.8465e-05 1.7360e-05 1.5819e-05 1.3885e-05 1.1654e-05 9.2667e-06 6.9052e-06 4.7573e-06 2.9811e-06 1.6653e-06 8.0914e-07 3.3177e-07 1.1059e-07 2.8617e-08 5.4279e-09 7.0260e-10 5.6758e-11 2.5575e-12 5.5790e-14 4.9232e-16 1.3981e-18 9.5342e-22 1.0708e-25 1.2154e-30 7.3788e-37 1.0397e-44 1.1281e-54 2.1704e-67 1.0313e-83 8.3910e-105 3.0481e-132 3.2208e-168 8.8268e-216 3.1116e-279 0.0000e+00 0.0000e+00 0.0000e+00 0.0000e+00 0.0000e+00 0.0000e+00 0.0000e+00 0.0000e+00 0.0000e+00 0.0000e+00 0.0000e+00 0.0000e+00 0.0000e+00 0.0000e+00 0.0000e+00 0.0000e+00 0.0000e+00 0.0000e+00 0.0000e+00 0.0000e+00 0.0000e+00 0.0000e+00 0.0000e+00 0.0000e+00
-2.2070e-09 -1.2497e-08 -3.4492e-08 -7.0966e-08 -1.2433e-07 -1.9683e-07 -2.9059e-07 -4.0773e-07 2.8668e-06 -7.2064e-07 -9.2078e-07 -1.1531e-06 -1.4200e-06 -1.7241e-06 -2.0679e-06 -2.4543e-06 -2.8863e-06 -3.3670e-06 -3.8995e-06 -4.4873e-06 -5.1336e-06 -5.8419e-06 -6.6155e-06 -7.4576e-06 -8.3708e-06 -9.3573e-06 -1.0418e-05 -1.1554e-05 -1.2762e-05 -1.4039e-05 -1.5377e-05 -1.6765e-05 -1.8186e-05 -1.9618e-05 -2.1031e-05 -2.2383e-05 -2.3628e-05 -2.4704e-05 -2.5543e-05 -2.6064e-05 -2.6187e-05 -2.5830e-05 -2.4926e-05 -2.3433e-05 -2.1353e-05 -1.8744e-05 -1.5731e-05 -1.2510e-05 -9.3217e-06 -6.4224e-06 -4.0245e-06 -2.2482e-06 -1.0924e-06 -4.4795e-07 -1.4933e-07 -3.8643e-08 -7.3302e-09 -9.4893e-10 -7.6667e-11 -3.4551e-12 -7.5384e-14 -6.6538e-16 -1.8901e-18 -1.2894e-21 -1.4487e-25 -1.6453e-30 -9.9953e-37 -1.4095e-44 -1.5311e-54 -2.9498e-67 -1.4041e-83 -1.1450e-104 -4.1716e-132 -4.4251e-168 -1.2189e-215 -4.3258e-279 0.0000e+00 0.0000e+00 0.0000e+00 0.0000e+00 0.0000e+00 0.0000e+00 0.0000e+00 0.0000e+00 0.0000e+00 0.0000e+00 0.0000e+00 0.0000e+00 0.0000e+00 0.0000e+00 0.0000e+00 0.0000e+00 0.0000e+00 0.0000e+00 0.0000e+00 0.0000e+00 0.0000e+00 0.0000e+00 0.0000e+00 0.0000e+00 2.2070e-09 1.2497e-08 3.4492e-08 7.0966e-08 1.2433e-07 1.9683e-07 2.9059e-07 4.0773e-07 0.0000e+00 7.2064e-07 9.2078e-07 1.1531e-06 1.4200e-06 1.7241e-06 2.0679e-06 2.4543e-06 2.8863e-06 3.3670e-06 3.8995e-06 4.4873e-06 5.1336e-06 5.8419e-06 6.6155e-06 7.4576e-06 8.3708e-06 9.3573e-06 1.0418e-05 1.1554e-05 1.2762e-05 1.4039e-05 1.5377e-05 1.6765e-05 1.8186e-05 1.9618e-05 2.1030e-05 2.2383e-05 2.3628e-05 2.4704e-05 2.5542e-05 2.6064e-05 2.6186e-05 2.5829e-05 2.4925e-05 2.3432e-05 2.1352e-05 1.8743e-05 1.5730e-05 1.2508e-05 9.3207e-06 6.4215e-06 4.0239e-06 2.2478e-06 1.0922e-06 4.4783e-07 1.4928e-07 3.8628e-08 7.3267e-09 9.4838e-10 7.6613e-11 3.4522e-12 7.5306e-14 6.6454e-16 1.8872e-18 1.2869e-21 1.4454e-25 1.6406e-30 9.9601e-37 1.4034e-44 1.5228e-54 2.9297e-67 1.3920e-83 1.1326e-104 4.1144e-132 4.3475e-168 1.1915e-215 4.2001e-279 0.0000e+00 0.0000e+00 0.0000e+00 0.0000e+00 0.0000e+00 0.0000e+00 0.0000e+00 0.0000e+00 0.0000e+00 0.0000e+00 0.0000e+00 0.0000e+00 0.0000e+00 0.0000e+00 0.0000e+00 0.0000e+00 0.0000e+00 0.0000e+00 0.0000e+00 0.0000e+00 0.0000e+00 0.0000e+00 0.0000e+00 0.0000e+00
-2.8898e-09 -1.6363e-08 -4.5164e-08 -9.2923e-08 -1.6280e-07 -2.5773e-07 -3.8050e-07 -5.3388e-07 -7.2064e-07 5.4448e-06 -1.2057e-06 -1.5099e-06 -1.8594e-06 -2.2575e-06 -2.7077e-06 -3.2137e-06 -3.7794e-06 -4.4087e-06 -5.1060e-06 -5.8756e-06 -6.7219e-06 -7.6494e-06 -8.6624e-06 -9.7649e-06 -1.0961e-05 -1.2252e-05 -1.3642e-05 -1.5129e-05 -1.6711e-05 -1.8383e-05 -2.0135e-05 -2.1952e-05 -2.3813e-05 -2.5688e-05 -2.7537e-05 -2.9309e-05 -3.0939e-05 -3.2348e-05 -3.3446e-05 -3.4129e-05 -3.4289e-05 -3.3822e-05 -3.2639e-05 -3.0685e-05 -2.7961e-05 -2.4544e-05 -2.0600e-05 -1.6381e-05 -1.2207e-05 -8.4104e-06 -5.2704e-06 -2.9443e-06 -1.4307e-06 -5.8669e-07 -1.9559e-07 -5.0617e-08 -9.6022e-09 -1.2432e-09 -1.0045e-10 -4.5276e-12 -9.8800e-14 -8.7223e-16 -2.4784e-18 -1.6912e-21 -1.9009e-25 -2.1599e-30 -1.3129e-36 -1.8529e-44 -2.0147e-54 -3.8862e-67 -1.8527e-83 -1.5139e-104 -5.5300e-132 -5.8859e-168 -1.6285e-215 -5.8135e-279 0.0000e+00 0.0000e+00 0.0000e+00 0.0000e+00 0.0000e+00 0.0000e+00 0.0000e+00 0.0000e+00 0.0000e+00 0.0000e+00 0.0000e+00 0.0000e+00 0.0000e+00 0.0000e+00 0.0000e+00 0.0000e+00 0.0000e+00 0.0000e+00 0.0000e+00 0.0000e+00 0.0000e+00 0.0000e+00 0.0000e+00 0.0000e+00 2.8898e-09 1.6363e-08 4.5164e-08 9.2923e-08 1.6280e-07 2.5773e-07 3.8050e-07 5.3388e-07 7.2064e-07 0.0000e+00 1.2057e-06 1.5099e-06 1.8594e-06 2.2575e-06 2.7077e-06 3.2137e-06 3.7794e-06 4.4087e-06 5.1060e-06 5.8756e-06 6.7219e-06 7.6494e-06 8.6624e-06 9.7649e-06 1.0961e-05 1.2252e-05 1.3642e-05 1.5129e-05 1.6711e-05 1.8383e-05 2.0135e-05 2.1952e-05 2.3813e-05 2.5688e-05 2.7537e-05 2.9309e-05 3.0938e-05 3.2347e-05 3.3445e-05 3.4128e-05 3.4288e-05 3.3820e-05 3.2636e-05 3.0682e-05 2.7958e-05 2.4542e-05 2.0597e-05 1.6378e-05 1.2204e-05 8.4083e-06 5.2689e-06 2.9433e-06 1.4301e-06 5.8639e-07 1.9547e-07 5.0579e-08 9.5935e-09 1.2418e-09 1.0032e-10 4.5203e-12 9.8606e-14 8.7014e-16 2.4711e-18 1.6851e-21 1.8925e-25 2.1482e-30 1.3042e-36 1.8375e-44 1.9939e-54 3.8361e-67 1.8227e-83 1.4831e-104 5.3873e-132 5.6926e-168 1.5601e-215 5.4994e-279 0.0000e+00 0.0000e+00 0.0000e+00 0.0000e+00 0.0000e+00 0.0000e+00 0.0000e+00 0.0000e+00 0.0000e+00 0.0000e+00 0.0000e+00 0.0000e+00 0.0000e+00 0.0000e+00 0.0000e+00 0.0000e+00 0.0000e+00 0.0000e+00 0.0000e+00 0.0000e+00 0.0000e+00 0.0000e+00 0.0000e+00 0.0000e+00
-3.6924e-09 -2.0908e-08 -5.7708e-08 -1.1873e-07 -2.0802e-07 -3.2931e-07 -4.8618e-07 -6.8215e-07 -9.2078e-07 -1.2057e-06 9.7455e-06 -1.9292e-06 -2.3758e-06 -2.8845e-06 -3.4597e-06 -4.1063e-06 -4.8290e-06 -5.6332e-06 -6.5241e-06 -7.5074e-06 -8.5888e-06 -9.7739e-06 -1.1068e-05 -1.2477e-05 -1.4005e-05 -1.5655e-05 -1.7431e-05 -1.9330e-05 -2.1352e-05 -2.3488e-05 -2.5727e-05 -2.8049e-05 -3.0427e-05 -3.2823e-05 -3.5186e-05 -3.7450e-05 -3.9532e-05 -4.1333e-05 -4.2736e-05 -4.3609e-05 -4.3814e-05 -4.3218e-05 -4.1706e-05 -3.9209e-05 -3.5730e-05 -3.1364e-05 -2.6324e-05 -2.0934e-05 -1.5600e-05 -1.0748e-05 -6.7358e-06 -3.7631e-06 -1.8287e-06 -7.4994e-07 -2.5003e-07 -6.4713e-08 -1.2278e-08 -1.5898e-09 -1.2848e-10 -5.7925e-12 -1.2644e-13 -1.1166e-15 -3.1740e-18 -2.1670e-21 -2.4373e-25 -2.7716e-30 -1.6865e-36 -2.3830e-44 -2.5952e-54 -5.0162e-67 -2.3976e-83 -1.9657e-104 -7.2108e-132 -7.7174e-168 -2.1506e-215 -7.7499e-279 0.0000e+00 0.0000e+00 0.0000e+00 0.0000e+00 0.0000e+00 0.0000e+00 0.0000e+00 0.0000e+00 0.0000e+00 0.0000e+00 0.0000e+00 0.0000e+00 0.0000e+00 0.0000e+00 0.0000e+00 0.0000e+00 0.0000e+00 0.0000e+00 0.0000e+00 0.0000e+00 0.0000e+00 0.0000e+00 0.0000e+00 0.0000e+00 3.6924e-09 2.0908e-08 5.7708e-08 1.1873e-07 2.0802e-07 3.2931e-07 4.8618e-07 6.8215e-07 9.2078e-07 1.2057e-06 0.0000e+00 1.9292e-06 2.3758e-06 2.8845e-06 3.4597e-06 4.1063e-06 4.8290e-06 5.6332e-06 6.5241e-06 7.5074e-06 8.5888e-06 9.7739e-06 1.1068e-05 1.2477e-05 1.4005e-05 1.5655e-05 1.7430e-05 1.9330e-05 2.1352e-05 2.3488e-05 2.5727e-05 2.8049e-05 3.0427e-05 3.2822e-05 3.5185e-05 3.7449e-05 3.9531e-05 4.1331e-05 4.2733e-05 4.3606e-05 4.3811e-05 4.3213e-05 4.1701e-05 3.9204e-05 3.5724e-05 3.1358e-05 2.6317e-05 2.0927e-05 1.5594e-05 1.0744e-05 6.7322e-06 3.7607e-06 1.8273e-06 7.4925e-07 2.4975e-07 6.4627e-08 1.2258e-08 1.5867e-09 1.2818e-10 5.7757e-12 1.2599e-13 1.1118e-15 3.1574e-18 2.1531e-21 2.4182e-25 2.7448e-30 1.6664e-36 2.3479e-44 2.5476e-54 4.9015e-67 2.3289e-83 1.8949e-104 6.8834e-132 7.2734e-168 1.9933e-215 7.0263e-279 0.0000e+00 0.0000e+00 0.0000e+00 0.0000e+00 0.0000e+00 0.0000e+00 0.0000e+00 0.0000e+00 0.0000e+00 0.0000e+00 0.0000e+00 0.0000e+00 0.0000e+00 0.0000e+00 0.0000e+00 0.0000e+00 0.0000e+00 0.0000e+00 0.0000e+00 0.0000e+00 0.0000e+00 0.0000e+00 0.0000e+00 0.0000e+00
-4.6240e-09 -2.6183e-08 -7.2268e-08 -1.4869e-07 -2.6050e-07 -4.1239e-07 -6.0884e-07 -8.5427e-07 -1.1531e-06 -1.5099e-06 -1.9292e-06 1.6613e-05 -2.9752e-06 -3.6122e-06 -4.3326e-06 -5.1423e-06 -6.0474e-06 -7.0545e-06 -8.1702e-06 -9.4016e-06 -1.0756e-05 -1.2240e-05 -1.3861e-05 -1.5625e-05 -1.7538e-05 -1.9605e-05 -2.1828e-05 -2.4208e-05 -2.6739e-05 -2.9415e-05 -3.2218e-05 -3.5126e-05 -3.8105e-05 -4.1105e-05 -4.4064e-05 -4.6900e-05 -4.9508e-05 -5.1764e-05 -5.3520e-05 -5.4614e-05 -5.4872e-05 -5.4125e-05 -5.2233e-05 -4.9107e-05 -4.4750e-05 -3.9283e-05 -3.2971e-05 -2.6221e-05 -1.9541e-05 -1.3464e-05 -8.4384e-06 -4.7147e-06 -2.2913e-06 -9.3977e-07 -3.1336e-07 -8.1118e-08 -1.5393e-08 -1.9937e-09 -1.6117e-10 -7.2687e-12 -1.5873e-13 -1.4025e-15 -3.9895e-18 -2.7260e-21 -3.0691e-25 -3.4945e-30 -2.1298e-36 -3.0154e-44 -3.2922e-54 -6.3836e-67 -3.0635e-83 -2.5246e-104 -9.3226e-132 -1.0062e-167 -2.8349e-215 -1.0360e-278 0.0000e+00 0.0000e+00 0.0000e+00 0.0000e+00 0.0000e+00 0.0000e+00 0.0000e+00 0.0000e+00 0.0000e+00 0.0000e+00 0.0000e+00 0.0000e+00 0.0000e+00 0.0000e+00 0.0000e+00 0.0000e+00 0.0000e+00 0.0000e+00 0.0000e+00 0.0000e+00 0.0000e+00 0.0000e+00 0.0000e+00 0.0000e+00 4.6240e-09 2.6183e-08 7.2268e-08 1.4869e-07 2.6050e-07 4.1239e-07 6.0884e-07 8.5427e-07 1.1531e-06 1.5099e-06 1.9292e-06 0.0000e+00 2.9752e-06 3.6122e-06 4.3326e-06 5.1423e-06 6.0474e-06 7.0545e-06 8.1702e-06 9.4016e-06 1.0756e-05 1.2240e-05 1.3861e-05 1.5625e-05 1.7538e-05 1.9605e-05 2.1828e-05 2.4208e-05 2.6739e-05 2.9414e-05 3.2218e-05 3.5126e-05 3.8104e-05 4.1104e-05 4.4063e-05 4.6897e-05 4.9505e-05 5.1760e-05 5.3516e-05 5.4608e-05 5.4865e-05 5.4117e-05 5.2222e-05 4.9095e-05 4.4737e-05 3.9269e-05 3.2958e-05 2.6207e-05 1.9529e-05 1.3454e-05 8.4308e-06 4.7096e-06 2.2883e-06 9.3829e-07 3.1277e-07 8.0933e-08 1.5351e-08 1.9870e-09 1.6052e-10 7.2330e-12 1.5778e-13 1.3923e-15 3.9541e-18 2.6964e-21 3.0283e-25 3.4374e-30 2.0868e-36 2.9403e-44 3.1904e-54 6.1381e-67 2.9165e-83 2.3730e-104 8.6198e-132 9.1079e-168 2.4959e-215 8.7972e-279 0.0000e+00 0.0000e+00 0.0000e+00 0.0000e+00 0.0000e+00 0.0000e+00 0.0000e+00 0.0000e+00 0.0000e+00 0.0000e+00 0.0000e+00 0.0000e+00 0.0000e+00 0.0000e+00 0.0000e+00 0.0000e+00 0.0000e+00 0.0000e+00 0.0000e+00 0.0000e+00 0.0000e+00 0.0000e+00 0.0000e+00 0.0000e+00
-5.6944e-09 -3.2244e-08 -8.8996e-08 -1.8310e-07 -3.2080e-07 -5.0785e-07 -7.4977e-07 -1.0520e-06 -1.4200e-06 -1.8594e-06 -2.3758e-06 -2.9752e-06 2.7187e-05 -4.4484e-06 -5.3355e-06 -6.3326e-06 -7.4472e-06 -8.6874e-06 -1.0061e-05 -1.1578e-05 -1.3246e-05 -1.5073e-05 -1.7069e-05 -1.9242e-05 -2.1598e-05 -2.4144e-05 -2.6881e-05 -2.9811e-05 -3.2929e-05 -3.6224e-05 -3.9676e-05 -4.3258e-05 -4.6926e-05 -5.0621e-05 -5.4265e-05 -5.7757e-05 -6.0970e-05 -6.3748e-05 -6.5913e-05 -6.7261e-05 -6.7579e-05 -6.6661e-05 -6.4331e-05 -6.0483e-05 -5.5119e-05 -4.8387e-05 -4.0615e-05 -3.2301e-05 -2.4073e-05 -1.6589e-05 -1.0398e-05 -5.8100e-06 -2.8240e-06 -1.1585e-06 -3.8636e-07 -1.0004e-07 -1.8990e-08 -2.4604e-09 -1.9899e-10 -8.9793e-12 -1.9621e-13 -1.7352e-15 -4.9408e-18 -3.3802e-21 -3.8117e-25 -4.3484e-30 -2.6566e-36 -3.7727e-44 -4.1346e-54 -8.0555e-67 -3.8893e-83 -3.2297e-104 -1.2042e-131 -1.3159e-167 -3.7655e-215 -1.4036e-278 0.0000e+00 0.0000e+00 0.0000e+00 0.0000e+00 0.0000e+00 0.0000e+00 0.0000e+00 0.0000e+00 0.0000e+00 0.0000e+00 0.0000e+00 0.0000e+00 0.0000e+00 0.0000e+00 0.0000e+00 0.0000e+00 0.0000e+00 0.0000e+00 0.0000e+00 0.0000e+00 0.0000e+00 0.0000e+00 0.0000e+00 0.0000e+00 5.6944e-09 3.2244e-08 8.8996e-08 1.8310e-07 3.2080e-07 5.0785e-07 7.4977e-07 1.0520e-06 1.4200e-06 1.8594e-06 2.3758e-06 2.9752e-06 0.0000e+00 4.4484e-06 5.3355e-06 6.3326e-06 7.4472e-06 8.6874e-06 1.0061e-05 1.1578e-05 1.3246e-05 1.5073e-05 1.7069e-05 1.9242e-05 2.1598e-05 2.4143e-05 2.6881e-05 2.9811e-05 3.2929e-05 3.6223e-05 3.9675e-05 4.3256e-05 4.6924e-05 5.0618e-05 5.4262e-05 5.7753e-05 6.0964e-05 6.3741e-05 6.5903e-05 6.7249e-05 6.7564e-05 6.6643e-05 6.4310e-05 6.0460e-05 5.5092e-05 4.8359e-05 4.0586e-05 3.2274e-05 2.4049e-05 1.6569e-05 1.0382e-05 5.7998e-06 2.8180e-06 1.1555e-06 3.8517e-07 9.9666e-08 1.8904e-08 2.4470e-09 1.9767e-10 8.9073e-12 1.9430e-13 1.7146e-15 4.8694e-18 3.3205e-21 3.7293e-25 4.2330e-30 2.5698e-36 3.6208e-44 3.9289e-54 7.5587e-67 3.5914e-83 2.9221e-104 1.0614e-131 1.1214e-167 3.0726e-215 1.0828e-278 0.0000e+00 0.0000e+00 0.0000e+00 0.0000e+00 0.0000e+00 0.0000e+00 0.0000e+00 0.0000e+00 0.0000e+00 0.0000e+00 0.0000e+00 0.0000e+00 0.0000e+00 0.0000e+00 0.0000e+00 0.0000e+00 0.0000e+00 0.0000e+00 0.0000e+00 0.0000e+00 0.0000e+00 0.0000e+00 0.0000e+00 0.0000e+00
-6.9136e-09 -3.9147e-08 -1.0805e-07 -2.2231e-07 -3.8949e-07 -6.1659e-07 -9.1031e-07 -1.2773e-06 -1.7241e-06 -2.2575e-06 -2.8845e-06 -3.6122e-06 -4.4484e-06 4.2979e-05 -6.4779e-06 -7.6885e-06 -9.0418e-06 -1.0547e-05 -1.2216e-05 -1.4057e-05 -1.6082e-05 -1.8301e-05 -2.0724e-05 -2.3362e-05 -2.6223e-05 -2.9313e-05 -3.2637e-05 -3.6195e-05 -3.9980e-05 -4.3980e-05 -4.8172e-05 -5.2521e-05 -5.6975e-05 -6.1462e-05 -6.5887e-05 -7.0127e-05 -7.4028e-05 -7.7403e-05 -8.0032e-05 -8.1671e-05 -8.2059e-05 -8.0946e-05 -7.8120e-05 -7.3450e-05 -6.6939e-05 -5.8767e-05 -4.9330e-05 -3.9236e-05 -2.9245e-05 -2.0155e-05 -1.2635e-05 -7.0612e-06 -3.4329e-06 -1.4086e-06 -4.6993e-07 -1.2172e-07 -2.3116e-08 -2.9967e-09 -2.4253e-10 -1.0953e-11 -2.3958e-13 -2.1213e-15 -6.0492e-18 -4.1462e-21 -4.6862e-25 -5.3613e-30 -3.2870e-36 -4.6887e-44 -5.1668e-54 -1.0136e-66 -4.9361e-83 -4.1435e-104 -1.5660e-131 -1.7402e-167 -5.0854e-215 -1.9455e-278 0.0000e+00 0.0000e+00 0.0000e+00 0.0000e+00 0.0000e+00 0.0000e+00 0.0000e+00 0.0000e+00 0.0000e+00 0.0000e+00 0.0000e+00 0.0000e+00 0.0000e+00 0.0000e+00 0.0000e+00 0.0000e+00 0.0000e+00 0.0000e+00 0.0000e+00 0.0000e+00 0.0000e+00 0.0000e+00 0.0000e+00 0.0000e+00 6.9136e-09 3.9147e-08 1.0805e-07 2.2231e-07 3.8949e-07 6.1659e-07 9.1031e-07 1.2773e-06 1.7241e-06 2.2575e-06 2.8845e-06 3.6122e-06 4.4484e-06 0.0000e+00 6.4779e-06 7.6885e-06 9.0418e-06 1.0547e-05 1.2216e-05 1.4057e-05 1.6082e-05 1.8300e-05 2.0724e-05 2.3362e-05 2.6222e-05 2.9313e-05 3.2637e-05 3.6194e-05 3.9979e-05 4.3979e-05 4.8170e-05 5.2518e-05 5.6971e-05 6.1456e-05 6.5880e-05 7.0118e-05 7.4017e-05 7.7388e-05 8.0014e-05 8.1647e-05 8.2031e-05 8.0912e-05 7.8080e-05 7.3405e-05 6.6888e-05 5.8713e-05 4.9276e-05 3.9184e-05 2.9198e-05 2.0116e-05 1.2605e-05 7.0416e-06 3.4214e-06 1.4029e-06 4.6764e-07 1.2101e-07 2.2952e-08 2.9709e-09 2.4000e-10 1.0814e-11 2.3590e-13 2.0817e-15 5.9119e-18 4.0315e-21 4.5277e-25 5.1393e-30 3.1200e-36 4.3960e-44 4.7699e-54 9.1765e-67 4.3599e-83 3.5471e-104 1.2883e-131 1.3609e-167 3.7277e-215 1.3129e-278 0.0000e+00 0.0000e+00 0.0000e+00 0.0000e+00 0.0000e+00 0.0000e+00 0.0000e+00 0.0000e+00 0.0000e+00 0.0000e+00 0.0000e+00 0.0000e+00 0.0000e+00 0.0000e+00 0.0000e+00 0.0000e+00 0.0000e+00 0.0000e+00 0.0000e+00 0.0000e+00 0.0000e+00 0.0000e+00 0.0000e+00 0.0000e+00
-8.2924e-09 -4.6954e-08 -1.2960e-07 -2.6665e-07 -4.6717e-07 -7.3955e-07 -1.0919e-06 -1.5320e-06 -2.0679e-06 -2.7077e-06 -3.4597e-06 -4.3326e-06 -5.3355e-06 -6.4779e-06 6.5960e-05 -9.2218e-06 -1.0845e-05 -1.2651e-05 -1.4652e-05 -1.6860e-05 -1.9289e-05 -2.1950e-05 -2.4857e-05 -2.8021e-05 -3.1453e-05 -3.5159e-05 -3.9146e-05 -4.3413e-05 -4.7954e-05 -5.2752e-05 -5.7781e-05 -6.2997e-05 -6.8340e-05 -7.3722e-05 -7.9031e-05 -8.4119e-05 -8.8800e-05 -9.2849e-05 -9.6006e-05 -9.7974e-05 -9.8443e-05 -9.7112e-05 -9.3726e-05 -8.8128e-05 -8.0321e-05 -7.0521e-05 -5.9203e-05 -4.7094e-05 -3.5107e-05 -2.4199e-05 -1.5173e-05 -8.4821e-06 -4.1250e-06 -1.6932e-06 -5.6512e-07 -1.4646e-07 -2.7832e-08 -3.6109e-09 -2.9252e-10 -1.3226e-11 -2.8972e-13 -2.5698e-15 -7.3441e-18 -5.0472e-21 -5.7233e-25 -6.5744e-30 -4.0510e-36 -5.8143e-44 -6.4566e-54 -1.2787e-66 -6.3009e-83 -5.3666e-104 -2.0648e-131 -2.3455e-167 -7.0389e-215 -2.7806e-278 0.0000e+00 0.0000e+00 0.0000e+00 0.0000e+00 0.0000e+00 0.0000e+00 0.0000e+00 0.0000e+00 0.0000e+00 0.0000e+00 0.0000e+00 0.0000e+00 0.0000e+00 0.0000e+00 0.0000e+00 0.0000e+00 0.0000e+00 0.0000e+00 0.0000e+00 0.0000e+00 0.0000e+00 0.0000e+00 0.0000e+00 0.0000e+00 8.2924e-09 4.6954e-08 1.2960e-07 2.6665e-07 4.6717e-07 7.3955e-07 1.0919e-06 1.5320e-06 2.0679e-06 2.7077e-06 3.4597e-06 4.3326e-06 5.3355e-06 6.4779e-06 0.0000e+00 9.2218e-06 1.0845e-05 1.2651e-05 1.4652e-05 1.6860e-05 1.9289e-05 2.1950e-05 2.4857e-05 2.8021e-05 3.1452e-05 3.5159e-05 3.9145e-05 4.3412e-05 4.7952e-05 5.2749e-05 5.7777e-05 6.2992e-05 6.8333e-05 7.3713e-05 7.9019e-05 8.4102e-05 8.8778e-05 9.2822e-05 9.5971e-05 9.7931e-05 9.8390e-05 9.7049e-05 9.3652e-05 8.8044e-05 8.0228e-05 7.0423e-05 5.9104e-05 4.6999e-05 3.5021e-05 2.4128e-05 1.5119e-05 8.4459e-06 4.1038e-06 1.6827e-06 5.6090e-07 1.4514e-07 2.7529e-08 3.5634e-09 2.8786e-10 1.2971e-11 2.8295e-13 2.4969e-15 7.0909e-18 4.8354e-21 5.4306e-25 6.1640e-30 3.7421e-36 5.2723e-44 5.7206e-54 1.1005e-66 5.2282e-83 4.2529e-104 1.5442e-131 1.6306e-167 4.4633e-215 1.5700e-278 0.0000e+00 0.0000e+00 0.0000e+00 0.0000e+00 0.0000e+00 0.0000e+00 0.0000e+00 0.0000e+00 0.0000e+00 0.0000e+00 0.0000e+00 0.0000e+00 0.0000e+00 0.0000e+00 0.0000e+00 0.0000e+00 0.0000e+00 0.0000e+00 0.0000e+00 0.0000e+00 0.0000e+00 0.0000e+00 0.0000e+00 0.0000e+00
-9.8421e-09 -5.5729e-08 -1.5382e-07 -3.1648e-07 -5.5447e-07 -8.7776e-07 -1.2959e-06 -1.8183e-06 -2.4543e-06 -3.2137e-06 -4.1063e-06 -5.1423e-06 -6.3326e-06 -7.6885e-06 -9.2218e-06 9.8660e-05 -1.2872e-05 -1.5015e-05 -1.7390e-05 -2.0011e-05 -2.2893e-05 -2.6052e-05 -2.9503e-05 -3.3258e-05 -3.7331e-05 -4.1730e-05 -4.6463e-05 -5.1527e-05 -5.6917e-05 -6.2612e-05 -6.8581e-05 -7.4773e-05 -8.1115e-05 -8.7505e-05 -9.3808e-05 -9.9848e-05 -1.0541e-04 -1.1022e-04 -1.1397e-04 -1.1631e-04 -1.1687e-04 -1.1530e-04 -1.1128e-04 -1.0465e-04 -9.5385e-05 -8.3758e-05 -7.0325e-05 -5.5951e-05 -4.1718e-05 -2.8763e-05 -1.8040e-05 -1.0089e-05 -4.9083e-06 -2.0158e-06 -6.7322e-07 -1.7461e-07 -3.3212e-08 -4.3137e-09 -3.4993e-10 -1.5848e-11 -3.4787e-13 -3.0932e-15 -8.8667e-18 -6.1163e-21 -6.9672e-25 -8.0480e-30 -4.9930e-36 -7.2270e-44 -8.1085e-54 -1.6263e-66 -8.1376e-83 -7.0615e-104 -2.7788e-131 -3.2427e-167 -1.0048e-214 -4.1210e-278 0.0000e+00 0.0000e+00 0.0000e+00 0.0000e+00 0.0000e+00 0.0000e+00 0.0000e+00 0.0000e+00 0.0000e+00 0.0000e+00 0.0000e+00 0.0000e+00 0.0000e+00 0.0000e+00 0.0000e+00 0.0000e+00 0.0000e+00 0.0000e+00 0.0000e+00 0.0000e+00 0.0000e+00 0.0000e+00 0.0000e+00 0.0000e+00 9.8421e-09 5.5729e-08 1.5382e-07 3.1648e-07 5.5447e-07 8.7776e-07 1.2959e-06 1.8183e-06 2.4543e-06 3.2137e-06 4.1063e-06 5.1423e-06 6.3326e-06 7.6885e-06 9.2218e-06 0.0000e+00 1.2872e-05 1.5015e-05 1.7390e-05 2.0011e-05 2.2893e-05 2.6052e-05 2.9502e-05 3.3257e-05 3.7330e-05 4.1729e-05 4.6461e-05 5.1525e-05 5.6913e-05 6.2607e-05 6.8574e-05 7.4764e-05 8.1102e-05 8.7488e-05 9.3785e-05 9.9819e-05 1.0537e-04 1.1017e-04 1.1391e-04 1.1623e-04 1.1678e-04 1.1518e-04 1.1115e-04 1.0450e-04 9.5221e-05 8.3583e-05 7.0149e-05 5.5781e-05 4.1566e-05 2.8637e-05 1.7945e-05 1.0024e-05 4.8706e-06 1.9971e-06 6.6572e-07 1.7226e-07 3.2673e-08 4.2293e-09 3.4166e-10 1.5395e-11 3.3583e-13 2.9635e-15 8.4159e-18 5.7389e-21 6.4452e-25 7.3155e-30 4.4410e-36 6.2568e-44 6.7882e-54 1.3057e-66 6.2020e-83 5.0434e-104 1.8303e-131 1.9309e-167 5.2770e-215 1.8511e-278 0.0000e+00 0.0000e+00 0.0000e+00 0.0000e+00 0.0000e+00 0.0000e+00 0.0000e+00 0.0000e+00 0.0000e+00 0.0000e+00 0.0000e+00 0.0000e+00 0.0000e+00 0.0000e+00 0.0000e+00 0.0000e+00 0.0000e+00 0.0000e+00 0.0000e+00 0.0000e+00 0.0000e+00 0.0000e+00 0.0000e+00 0.0000e+00
-1.1574e-08 -6.5538e-08 -1.8089e-07 -3.7218e-07 -6.5206e-07 -1.0323e-06 -1.5240e-06 -2.1383e-06 -2.8863e-06 -3.7794e-06 -4.8290e-06 -6.0474e-06 -7.4472e-06 -9.0418e-06 -1.0845e-05 -1.2872e-05 1.4430e-04 -1.7658e-05 -2.0451e-05 -2.3533e-05 -2.6923e-05 -3.0638e-05 -3.4696e-05 -3.9112e-05 -4.3902e-05 -4.9076e-05 -5.4642e-05 -6.0598e-05 -6.6937e-05 -7.3635e-05 -8.0656e-05 -8.7939e-05 -9.5399e-05 -1.0292e-04 -1.1033e-04 -1.1744e-04 -1.2398e-04 -1.2964e-04 -1.3406e-04 -1.3682e-04 -1.3749e-04 -1.3565e-04 -1.3094e-04 -1.2315e-04 -1.1226e-04 -9.8595e-05 -8.2800e-05 -6.5891e-05 -4.9144e-05 -3.3895e-05 -2.1268e-05 -1.1899e-05 -5.7928e-06 -2.3807e-06 -7.9581e-07 -2.0662e-07 -3.9352e-08 -5.1192e-09 -4.1605e-10 -1.8886e-11 -4.1570e-13 -3.7088e-15 -1.0675e-17 -7.4010e-21 -8.4824e-25 -9.8716e-30 -6.1802e-36 -9.0442e-44 -1.0283e-53 -2.0958e-66 -1.0691e-82 -9.4919e-104 -3.8375e-131 -4.6218e-167 -1.4855e-214 -6.3551e-278 0.0000e+00 0.0000e+00 0.0000e+00 0.0000e+00 0.0000e+00 0.0000e+00 0.0000e+00 0.0000e+00 0.0000e+00 0.0000e+00 0.0000e+00 0.0000e+00 0.0000e+00 0.0000e+00 0.0000e+00 0.0000e+00 0.0000e+00 0.0000e+00 0.0000e+00 0.0000e+00 0.0000e+00 0.0000e+00 0.0000e+00 0.0000e+00 1.1574e-08 6.5538e-08 1.8089e-07 3.7218e-07 6.5206e-07 1.0323e-06 1.5240e-06 2.1383e-06 2.8863e-06 3.7794e-06 4.8290e-06 6.0474e-06 7.4472e-06 9.0418e-06 1.0845e-05 1.2872e-05 0.0000e+00 1.7658e-05 2.0451e-05 2.3533e-05 2.6923e-05 3.0638e-05 3.4695e-05 3.9111e-05 4.3900e-05 4.9074e-05 5.4638e-05 6.0594e-05 6.6931e-05 7.3627e-05 8.0644e-05 8.7923e-05 9.5377e-05 1.0289e-04 1.1029e-04 1.1739e-04 1.2392e-04 1.2956e-04 1.3395e-04 1.3669e-04 1.3733e-04 1.3546e-04 1.3072e-04 1.2289e-04 1.1198e-04 9.8295e-05 8.2496e-05 6.5600e-05 4.8882e-05 3.3677e-05 2.1103e-05 1.1789e-05 5.7279e-06 2.3486e-06 7.8289e-07 2.0258e-07 3.8424e-08 4.9737e-09 4.0179e-10 1.8105e-11 3.9493e-13 3.4850e-15 9.8969e-18 6.7487e-21 7.5791e-25 8.6022e-30 5.2218e-36 7.3560e-44 7.9796e-54 1.5345e-66 7.2857e-83 5.9207e-104 2.1463e-131 2.2599e-167 6.1550e-215 2.1457e-278 0.0000e+00 0.0000e+00 0.0000e+00 0.0000e+00 0.0000e+00 0.0000e+00 0.0000e+00 0.0000e+00 0.0000e+00 0.0000e+00 0.0000e+00 0.0000e+00 0.0000e+00 0.0000e+00 0.0000e+00 0.0000e+00 0.0000e+00 0.0000e+00 0.0000e+00 0.0000e+00 0.0000e+00 0.0000e+00 0.0000e+00 0.0000e+00
