1.0398e-04 -3.5338e-05 -4.3258e-05 -4.9915e-05 -5.5757e-05 -6.1011e-05 -6.5814e-05 -7.0253e-05 -7.4388e-05 -7.8263e-05 -8.1910e-05 -8.5356e-05 -8.8620e-05 -9.1717e-05 -9.4661e-05 -9.7463e-05 -1.0013e-04 -1.0267e-04 -1.0510e-04 -1.0741e-04 -1.0961e-04 -1.1171e-04 -1.1371e-04 -1.1561e-04 -1.1742e-04 -1.1913e-04 -1.2076e-04 -1.2230e-04 -1.2376e-04 -1.2513e-04 -1.2643e-04 -1.2765e-04 -1.2879e-04 -1.2985e-04 -1.3084e-04 -1.3176e-04 -1.3260e-04 -1.3338e-04 -1.3409e-04 -1.3473e-04 -1.3530e-04 -1.3581e-04 -1.3625e-04 -1.3663e-04 -1.3695e-04 -1.3721e-04 -1.3741e-04 -1.3755e-04 -1.3764e-04 -1.3767e-04 -1.3764e-04 -1.3756e-04 -1.3742e-04 -1.3724e-04 -1.3700e-04 -1.3672e-04 -1.3638e-04 -1.3600e-04 -1.3557e-04 -1.3510e-04 -1.3458e-04 -1.3402e-04 -1.3342e-04 -1.3278e-04 -1.3210e-04 -1.3138e-04 -1.3062e-04 -1.2983e-04 -1.2900e-04 -1.2814e-04 -1.2725e-04 -1.2632e-04 -1.2536e-04 -1.2438e-04 -1.2336e-04 -1.2232e-04 -1.2126e-04 -1.2016e-04 -1.1905e-04 -1.1791e-04 -1.1675e-04 -1.1557e-04 -1.1437e-04 -1.1315e-04 -1.1192e-04 -1.1066e-04 -1.0940e-04 -1.0812e-04 -1.0682e-04 -1.0551e-04 -1.0420e-04 -1.0287e-04 -1.0153e-04 -1.0018e-04 -9.8829e-05 -9.7469e-05 -9.6103e-05 -9.4732e-05 -9.3357e-05 -9.1979e-05 0.0000e+00 3.5338e-05 4.3258e-05 4.9915e-05 5.5757e-05 6.1011e-05 6.5814e-05 7.0253e-05 7.4388e-05 7.8262e-05 8.1910e-05 8.5356e-05 8.8619e-05 9.1717e-05 9.4661e-05 9.7463e-05 1.0013e-04 1.0267e-04 1.0510e-04 1.0741e-04 1.0961e-04 1.1171e-04 1.1371e-04 1.1561e-04 1.1741e-04 1.1913e-04 1.2076e-04 1.2230e-04 1.2376e-04 1.2513e-04 1.2643e-04 1.2764e-04 1.2878e-04 1.2985e-04 1.3084e-04 1.3175e-04 1.3260e-04 1.3338e-04 1.3408e-04 1.3472e-04 1.3530e-04 1.3580e-04 1.3625e-04 1.3663e-04 1.3695e-04 1.3721e-04 1.3741e-04 1.3755e-04 1.3763e-04 1.3766e-04 1.3763e-04 1.3755e-04 1.3742e-04 1.3723e-04 1.3699e-04 1.3671e-04 1.3637e-04 1.3599e-04 1.3556e-04 1.3509e-04 1.3457e-04 1.3401e-04 1.3341e-04 1.3277e-04 1.3209e-04 1.3137e-04 1.3061e-04 1.2982e-04 1.2899e-04 1.2813e-04 1.2723e-04 1.2631e-04 1.2535e-04 1.2436e-04 1.2335e-04 1.2231e-04 1.2124e-04 1.2015e-04 1.1903e-04 1.1789e-04 1.1673e-04 1.1555e-04 1.1435e-04 1.1314e-04 1.1190e-04 1.1065e-04 1.0938e-04 1.0810e-04 1.0680e-04 1.0550e-04 1.0418e-04 1.0285e-04 1.0151e-04 1.0017e-04 9.8812e-05 9.7451e-05 9.6085e-05 9.4714e-05 9.3339e-05 9.1961e-05
-3.5338e-05 4.1591e-04 -6.1158e-05 -7.0569e-05 -7.8828e-05 -8.6257e-05 -9.3047e-05 -9.9323e-05 -1.0517e-04 -1.1065e-04 -1.1580e-04 -1.2068e-04 -1.2529e-04 -1.2967e-04 -1.3383e-04 -1.3779e-04 -1.4157e-04 -1.4516e-04 -1.4859e-04 -1.5186e-04 -1.5497e-04 -1.5794e-04 -1.6076e-04 -1.6345e-04 -1.6601e-04 -1.6844e-04 -1.7074e-04 -1.7292e-04 -1.7498e-04 -1.7692e-04 -1.7876e-04 -1.8048e-04 -1.8209e-04 -1.8359e-04 -1.8499e-04 -1.8629e-04 -1.8749e-04 -1.8859e-04 -1.8959e-04 -1.9049e-04 -1.9131e-04 -1.9202e-04 -1.9265e-04 -1.9319e-04 -1.9365e-04 -1.9402e-04 -1.9430e-04 -1.9450e-04 -1.9462e-04 -1.9466e-04 -1.9462e-04 -1.9451e-04 -1.9432e-04 -1.9406e-04 -1.9373e-04 -1.9333e-04 -1.9285e-04 -1.9232e-04 -1.9171e-04 -1.9105e-04 -1.9032e-04 -1.8953e-04 -1.8868e-04 -1.8777e-04 -1.8681e-04 -1.8579e-04 -1.8472e-04 -1.8360e-04 -1.8243e-04 -1.8122e-04 -1.7995e-04 -1.7864e-04 -1.7729e-04 -1.7590e-04 -1.7447e-04 -1.7300e-04 -1.7149e-04 -1.6995e-04 -1.6837e-04 -1.6676e-04 -1.6512e-04 -1.6346e-04 -1.6176e-04 -1.6004e-04 -1.5829e-04 -1.5652e-04 -1.5473e-04 -1.5292e-04 -1.5109e-04 -1.4925e-04 -1.4738e-04 -1.4551e-04 -1.4362e-04 -1.4171e-04 -1.3980e-04 -1.3788e-04 -1.3595e-04 -1.3401e-04 -1.3206e-04 -1.3012e-04 3.5338e-05 0.0000e+00 6.1158e-05 7.0569e-05 7.8828e-05 8.6257e-05 9.3047e-05 9.9322e-05 1.0517e-04 1.1065e-04 1.1580e-04 1.2068e-04 1.2529e-04 1.2967e-04 1.3383e-04 1.3779e-04 1.4156e-04 1.4516e-04 1.4859e-04 1.5185e-04 1.5497e-04 1.5793e-04 1.6076e-04 1.6344e-04 1.6600e-04 1.6843e-04 1.7073e-04 1.7291e-04 1.7497e-04 1.7691e-04 1.7874e-04 1.8046e-04 1.8207e-04 1.8358e-04 1.8498e-04 1.8627e-04 1.8747e-04 1.8856e-04 1.8956e-04 1.9047e-04 1.9128e-04 1.9200e-04 1.9263e-04 1.9316e-04 1.9362e-04 1.9398e-04 1.9427e-04 1.9446e-04 1.9458e-04 1.9462e-04 1.9458e-04 1.9447e-04 1.9428e-04 1.9402e-04 1.9368e-04 1.9328e-04 1.9280e-04 1.9226e-04 1.9166e-04 1.9099e-04 1.9026e-04 1.8947e-04 1.8862e-04 1.8771e-04 1.8674e-04 1.8573e-04 1.8466e-04 1.8353e-04 1.8236e-04 1.8114e-04 1.7988e-04 1.7857e-04 1.7722e-04 1.7582e-04 1.7439e-04 1.7292e-04 1.7141e-04 1.6986e-04 1.6829e-04 1.6668e-04 1.6504e-04 1.6337e-04 1.6167e-04 1.5995e-04 1.5820e-04 1.5643e-04 1.5464e-04 1.5283e-04 1.5100e-04 1.4915e-04 1.4729e-04 1.4541e-04 1.4352e-04 1.4161e-04 1.3970e-04 1.3778e-04 1.3584e-04 1.3391e-04 1.3196e-04 1.3001e-04
-4.3258e-05 -6.1158e-05 9.3580e-04 -8.6387e-05 -9.6496e-05 -1.0559e-04 -1.1390e-04 -1.2159e-04 -1.2874e-04 -1.3545e-04 -1.4176e-04 -1.4773e-04 -1.5338e-04 -1.5874e-04 -1.6383e-04 -1.6868e-04 -1.7330e-04 -1.7771e-04 -1.8190e-04 -1.8590e-04 -1.8971e-04 -1.9335e-04 -1.9681e-04 -2.0010e-04 -2.0323e-04 -2.0620e-04 -2.0902e-04 -2.1169e-04 -2.1422e-04 -2.1660e-04 -2.1884e-04 -2.2095e-04 -2.2292e-04 -2.2477e-04 -2.2648e-04 -2.2808e-04 -2.2954e-04 -2.3089e-04 -2.3212e-04 -2.3323e-04 -2.3422e-04 -2.3511e-04 -2.3588e-04 -2.3654e-04 -2.3710e-04 -2.3755e-04 -2.3790e-04 -2.3815e-04 -2.3830e-04 -2.3835e-04 -2.3831e-04 -2.3817e-04 -2.3794e-04 -2.3763e-04 -2.3722e-04 -2.3673e-04 -2.3616e-04 -2.3550e-04 -2.3476e-04 -2.3395e-04 -2.3306e-04 -2.3209e-04 -2.3106e-04 -2.2995e-04 -2.2877e-04 -2.2753e-04 -2.2623e-04 -2.2486e-04 -2.2343e-04 -2.2194e-04 -2.2040e-04 -2.1880e-04 -2.1715e-04 -2.1544e-04 -2.1369e-04 -2.1189e-04 -2.1005e-04 -2.0817e-04 -2.0624e-04 -2.0427e-04 -2.0227e-04 -2.0023e-04 -1.9815e-04 -1.9605e-04 -1.9391e-04 -1.9175e-04 -1.8956e-04 -1.8734e-04 -1.8511e-04 -1.8285e-04 -1.8057e-04 -1.7827e-04 -1.7596e-04 -1.7363e-04 -1.7129e-04 -1.6893e-04 -1.6657e-04 -1.6420e-04 -1.6182e-04 -1.5944e-04 4.3258e-05 6.1158e-05 0.0000e+00 8.6386e-05 9.6496e-05 1.0559e-04 1.1390e-04 1.2158e-04 1.2874e-04 1.3545e-04 1.4176e-04 1.4772e-04 1.5337e-04 1.5873e-04 1.6383e-04 1.6868e-04 1.7329e-04 1.7769e-04 1.8189e-04 1.8589e-04 1.8970e-04 1.9333e-04 1.9679e-04 2.0008e-04 2.0321e-04 2.0618e-04 2.0899e-04 2.1166e-04 2.1418e-04 2.1656e-04 2.1880e-04 2.2091e-04 2.2288e-04 2.2472e-04 2.2643e-04 2.2802e-04 2.2949e-04 2.3083e-04 2.3205e-04 2.3316e-04 2.3415e-04 2.3503e-04 2.3580e-04 2.3646e-04 2.3701e-04 2.3746e-04 2.3781e-04 2.3805e-04 2.3820e-04 2.3824e-04 2.3820e-04 2.3806e-04 2.3782e-04 2.3750e-04 2.3709e-04 2.3660e-04 2.3602e-04 2.3536e-04 2.3462e-04 2.3380e-04 2.3290e-04 2.3193e-04 2.3089e-04 2.2978e-04 2.2860e-04 2.2735e-04 2.2604e-04 2.2467e-04 2.2324e-04 2.2175e-04 2.2020e-04 2.1859e-04 2.1694e-04 2.1523e-04 2.1348e-04 2.1167e-04 2.0983e-04 2.0794e-04 2.0601e-04 2.0404e-04 2.0203e-04 1.9998e-04 1.9791e-04 1.9580e-04 1.9366e-04 1.9149e-04 1.8930e-04 1.8708e-04 1.8484e-04 1.8258e-04 1.8030e-04 1.7800e-04 1.7568e-04 1.7335e-04 1.7101e-04 1.6866e-04 1.6629e-04 1.6392e-04 1.6154e-04 1.5915e-04
-4.9915e-05 -7.0569e-05 -8.6387e-05 1.6636e-03 -1.1135e-04 -1.2184e-04 -1.3143e-04 -1.4030e-04 -1.4856e-04 -1.5630e-04 -1.6358e-04 -1.7046e-04 -1.7698e-04 -1.8317e-04 -1.8905e-04 -1.9465e-04 -1.9998e-04 -2.0506e-04 -2.0991e-04 -2.1452e-04 -2.1892e-04 -2.2312e-04 -2.2711e-04 -2.3091e-04 -2.3452e-04 -2.3796e-04 -2.4121e-04 -2.4429e-04 -2.4721e-04 -2.4996e-04 -2.5255e-04 -2.5499e-04 -2.5727e-04 -2.5940e-04 -2.6138e-04 -2.6322e-04 -2.6492e-04 -2.6647e-04 -2.6789e-04 -2.6918e-04 -2.7033e-04 -2.7135e-04 -2.7225e-04 -2.7302e-04 -2.7366e-04 -2.7419e-04 -2.7460e-04 -2.7489e-04 -2.7506e-04 -2.7513e-04 -2.7508e-04 -2.7493e-04 -2.7467e-04 -2.7431e-04 -2.7384e-04 -2.7328e-04 -2.7262e-04 -2.7187e-04 -2.7102e-04 -2.7009e-04 -2.6906e-04 -2.6796e-04 -2.6676e-04 -2.6549e-04 -2.6414e-04 -2.6271e-04 -2.6120e-04 -2.5963e-04 -2.5798e-04 -2.5627e-04 -2.5449e-04 -2.5265e-04 -2.5075e-04 -2.4879e-04 -2.4677e-04 -2.4470e-04 -2.4258e-04 -2.4040e-04 -2.3818e-04 -2.3592e-04 -2.3361e-04 -2.3126e-04 -2.2887e-04 -2.2644e-04 -2.2398e-04 -2.2149e-04 -2.1896e-04 -2.1641e-04 -2.1383e-04 -2.1122e-04 -2.0860e-04 -2.0595e-04 -2.0328e-04 -2.0060e-04 -1.9790e-04 -1.9518e-04 -1.9246e-04 -1.8973e-04 -1.8698e-04 -1.8423e-04 4.9915e-05 7.0569e-05 8.6386e-05 0.0000e+00 1.1135e-04 1.2184e-04 1.3143e-04 1.4029e-04 1.4855e-04 1.5629e-04 1.6357e-04 1.7046e-04 1.7697e-04 1.8316e-04 1.8904e-04 1.9463e-04 1.9996e-04 2.0504e-04 2.0988e-04 2.1450e-04 2.1889e-04 2.2308e-04 2.2707e-04 2.3087e-04 2.3448e-04 2.3790e-04 2.4116e-04 2.4423e-04 2.4714e-04 2.4989e-04 2.5248e-04 2.5491e-04 2.5718e-04 2.5930e-04 2.6128e-04 2.6311e-04 2.6480e-04 2.6635e-04 2.6776e-04 2.6904e-04 2.7019e-04 2.7120e-04 2.7209e-04 2.7285e-04 2.7349e-04 2.7400e-04 2.7440e-04 2.7468e-04 2.7485e-04 2.7491e-04 2.7485e-04 2.7469e-04 2.7442e-04 2.7405e-04 2.7358e-04 2.7301e-04 2.7234e-04 2.7158e-04 2.7072e-04 2.6978e-04 2.6874e-04 2.6763e-04 2.6642e-04 2.6514e-04 2.6378e-04 2.6234e-04 2.6083e-04 2.5925e-04 2.5759e-04 2.5587e-04 2.5408e-04 2.5223e-04 2.5032e-04 2.4835e-04 2.4633e-04 2.4425e-04 2.4212e-04 2.3994e-04 2.3771e-04 2.3544e-04 2.3312e-04 2.3076e-04 2.2836e-04 2.2593e-04 2.2346e-04 2.2096e-04 2.1843e-04 2.1587e-04 2.1329e-04 2.1068e-04 2.0804e-04 2.0539e-04 2.0272e-04 2.0003e-04 1.9733e-04 1.9461e-04 1.9188e-04 1.8914e-04 1.8640e-04 1.8365e-04
-5.5757e-05 -7.8828e-05 -9.6496e-05 -1.1135e-04 2.5994e-03 -1.3610e-04 -1.4682e-04 -1.5672e-04 -1.6594e-04 -1.7459e-04 -1.8273e-04 -1.9042e-04 -1.9770e-04 -2.0461e-04 -2.1118e-04 -2.1744e-04 -2.2340e-04 -2.2907e-04 -2.3449e-04 -2.3965e-04 -2.4456e-04 -2.4925e-04 -2.5371e-04 -2.5796e-04 -2.6200e-04 -2.6584e-04 -2.6948e-04 -2.7292e-04 -2.7618e-04 -2.7926e-04 -2.8216e-04 -2.8488e-04 -2.8743e-04 -2.8982e-04 -2.9204e-04 -2.9409e-04 -2.9599e-04 -2.9774e-04 -2.9933e-04 -3.0077e-04 -3.0206e-04 -3.0321e-04 -3.0421e-04 -3.0507e-04 -3.0580e-04 -3.0639e-04 -3.0685e-04 -3.0718e-04 -3.0739e-04 -3.0746e-04 -3.0742e-04 -3.0725e-04 -3.0697e-04 -3.0657e-04 -3.0606e-04 -3.0544e-04 -3.0470e-04 -3.0387e-04 -3.0293e-04 -3.0189e-04 -3.0075e-04 -2.9952e-04 -2.9819e-04 -2.9678e-04 -2.9527e-04 -2.9368e-04 -2.9201e-04 -2.9025e-04 -2.8842e-04 -2.8651e-04 -2.8453e-04 -2.8248e-04 -2.8036e-04 -2.7818e-04 -2.7593e-04 -2.7362e-04 -2.7125e-04 -2.6883e-04 -2.6636e-04 -2.6383e-04 -2.6125e-04 -2.5863e-04 -2.5597e-04 -2.5326e-04 -2.5052e-04 -2.4774e-04 -2.4492e-04 -2.4207e-04 -2.3919e-04 -2.3629e-04 -2.3335e-04 -2.3040e-04 -2.2742e-04 -2.2443e-04 -2.2141e-04 -2.1839e-04 -2.1535e-04 -2.1229e-04 -2.0923e-04 -2.0616e-04 5.5757e-05 7.8828e-05 9.6496e-05 1.1135e-04 0.0000e+00 1.3610e-04 1.4681e-04 1.5671e-04 1.6594e-04 1.7458e-04 1.8272e-04 1.9040e-04 1.9768e-04 2.0459e-04 2.1116e-04 2.1741e-04 2.2336e-04 2.2904e-04 2.3444e-04 2.3960e-04 2.4451e-04 2.4919e-04 2.5365e-04 2.5789e-04 2.6192e-04 2.6575e-04 2.6938e-04 2.7282e-04 2.7607e-04 2.7913e-04 2.8202e-04 2.8474e-04 2.8728e-04 2.8965e-04 2.9186e-04 2.9390e-04 2.9579e-04 2.9752e-04 2.9910e-04 3.0053e-04 3.0180e-04 3.0294e-04 3.0393e-04 3.0478e-04 3.0549e-04 3.0607e-04 3.0652e-04 3.0683e-04 3.0702e-04 3.0708e-04 3.0702e-04 3.0684e-04 3.0654e-04 3.0612e-04 3.0560e-04 3.0496e-04 3.0421e-04 3.0336e-04 3.0240e-04 3.0135e-04 3.0019e-04 2.9895e-04 2.9760e-04 2.9617e-04 2.9465e-04 2.9304e-04 2.9135e-04 2.8958e-04 2.8774e-04 2.8581e-04 2.8382e-04 2.8175e-04 2.7962e-04 2.7742e-04 2.7516e-04 2.7283e-04 2.7045e-04 2.6802e-04 2.6553e-04 2.6299e-04 2.6040e-04 2.5777e-04 2.5509e-04 2.5237e-04 2.4962e-04 2.4682e-04 2.4400e-04 2.4114e-04 2.3825e-04 2.3533e-04 2.3239e-04 2.2943e-04 2.2644e-04 2.2344e-04 2.2042e-04 2.1738e-04 2.1434e-04 2.1128e-04 2.0821e-04 2.0514e-04
-6.1011e-05 -8.6257e-05 -1.0559e-04 -1.2184e-04 -1.3610e-04 3.7432e-03 -1.6065e-04 -1.7149e-04 -1.8159e-04 -1.9105e-04 -1.9995e-04 -2.0837e-04 -2.1634e-04 -2.2391e-04 -2.3110e-04 -2.3794e-04 -2.4446e-04 -2.5068e-04 -2.5660e-04 -2.6225e-04 -2.6764e-04 -2.7277e-04 -2.7766e-04 -2.8231e-04 -2.8673e-04 -2.9093e-04 -2.9492e-04 -2.9869e-04 -3.0227e-04 -3.0564e-04 -3.0881e-04 -3.1180e-04 -3.1460e-04 -3.1721e-04 -3.1965e-04 -3.2190e-04 -3.2399e-04 -3.2590e-04 -3.2765e-04 -3.2923e-04 -3.3065e-04 -3.3191e-04 -3.3301e-04 -3.3397e-04 -3.3477e-04 -3.3543e-04 -3.3594e-04 -3.3630e-04 -3.3653e-04 -3.3662e-04 -3.3658e-04 -3.3641e-04 -3.3610e-04 -3.3568e-04 -3.3512e-04 -3.3445e-04 -3.3366e-04 -3.3275e-04 -3.3173e-04 -3.3060e-04 -3.2937e-04 -3.2802e-04 -3.2658e-04 -3.2504e-04 -3.2340e-04 -3.2167e-04 -3.1984e-04 -3.1793e-04 -3.1593e-04 -3.1385e-04 -3.1169e-04 -3.0946e-04 -3.0714e-04 -3.0476e-04 -3.0231e-04 -2.9979e-04 -2.9720e-04 -2.9456e-04 -2.9186e-04 -2.8910e-04 -2.8629e-04 -2.8343e-04 -2.8052e-04 -2.7756e-04 -2.7456e-04 -2.7152e-04 -2.6845e-04 -2.6533e-04 -2.6219e-04 -2.5901e-04 -2.5581e-04 -2.5258e-04 -2.4933e-04 -2.4605e-04 -2.4276e-04 -2.3945e-04 -2.3613e-04 -2.3279e-04 -2.2944e-04 -2.2609e-04 6.1011e-05 8.6257e-05 1.0559e-04 1.2184e-04 1.3610e-04 0.0000e+00 1.6065e-04 1.7148e-04 1.8157e-04 1.9103e-04 1.9994e-04 2.0835e-04 2.1631e-04 2.2387e-04 2.3106e-04 2.3790e-04 2.4441e-04 2.5062e-04 2.5654e-04 2.6218e-04 2.6755e-04 2.7267e-04 2.7755e-04 2.8219e-04 2.8660e-04 2.9079e-04 2.9476e-04 2.9853e-04 3.0208e-04 3.0544e-04 3.0860e-04 3.1157e-04 3.1435e-04 3.1695e-04 3.1936e-04 3.2160e-04 3.2367e-04 3.2556e-04 3.2729e-04 3.2885e-04 3.3025e-04 3.3149e-04 3.3257e-04 3.3350e-04 3.3428e-04 3.3491e-04 3.3540e-04 3.3575e-04 3.3595e-04 3.3602e-04 3.3595e-04 3.3575e-04 3.3543e-04 3.3497e-04 3.3439e-04 3.3370e-04 3.3288e-04 3.3195e-04 3.3090e-04 3.2975e-04 3.2849e-04 3.2712e-04 3.2565e-04 3.2408e-04 3.2242e-04 3.2066e-04 3.1881e-04 3.1688e-04 3.1485e-04 3.1275e-04 3.1057e-04 3.0830e-04 3.0597e-04 3.0356e-04 3.0109e-04 2.9855e-04 2.9594e-04 2.9327e-04 2.9055e-04 2.8777e-04 2.8494e-04 2.8206e-04 2.7913e-04 2.7616e-04 2.7314e-04 2.7008e-04 2.6699e-04 2.6386e-04 2.6070e-04 2.5751e-04 2.5429e-04 2.5105e-04 2.4778e-04 2.4450e-04 2.4119e-04 2.3787e-04 2.3454e-04 2.3119e-04 2.2783e-04 2.2447e-04
-6.5814e-05 -9.3047e-05 -1.1390e-04 -1.3143e-04 -1.4682e-04 -1.6065e-04 5.0948e-03 -1.8499e-04 -1.9588e-04 -2.0609e-04 -2.1570e-04 -2.2478e-04 -2.3338e-04 -2.4154e-04 -2.4930e-04 -2.5669e-04 -2.6373e-04 -2.7044e-04 -2.7683e-04 -2.8293e-04 -2.8874e-04 -2.9428e-04 -2.9955e-04 -3.0458e-04 -3.0935e-04 -3.1389e-04 -3.1819e-04 -3.2227e-04 -3.2613e-04 -3.2978e-04 -3.3321e-04 -3.3643e-04 -3.3946e-04 -3.4228e-04 -3.4492e-04 -3.4736e-04 -3.4961e-04 -3.5169e-04 -3.5358e-04 -3.5529e-04 -3.5683e-04 -3.5820e-04 -3.5940e-04 -3.6044e-04 -3.6131e-04 -3.6203e-04 -3.6259e-04 -3.6299e-04 -3.6325e-04 -3.6336e-04 -3.6332e-04 -3.6314e-04 -3.6283e-04 -3.6237e-04 -3.6179e-04 -3.6107e-04 -3.6023e-04 -3.5926e-04 -3.5817e-04 -3.5696e-04 -3.5564e-04 -3.5420e-04 -3.5265e-04 -3.5100e-04 -3.4924e-04 -3.4738e-04 -3.4542e-04 -3.4337e-04 -3.4123e-04 -3.3899e-04 -3.3667e-04 -3.3427e-04 -3.3178e-04 -3.2922e-04 -3.2658e-04 -3.2387e-04 -3.2109e-04 -3.1825e-04 -3.1534e-04 -3.1237e-04 -3.0935e-04 -3.0627e-04 -3.0314e-04 -2.9996e-04 -2.9673e-04 -2.9346e-04 -2.9015e-04 -2.8680e-04 -2.8341e-04 -2.7999e-04 -2.7654e-04 -2.7306e-04 -2.6956e-04 -2.6603e-04 -2.6248e-04 -2.5892e-04 -2.5534e-04 -2.5174e-04 -2.4813e-04 -2.4452e-04 6.5814e-05 9.3047e-05 1.1390e-04 1.3143e-04 1.4681e-04 1.6065e-04 0.0000e+00 1.8498e-04 1.9587e-04 2.0607e-04 2.1568e-04 2.2475e-04 2.3334e-04 2.4150e-04 2.4925e-04 2.5663e-04 2.6365e-04 2.7035e-04 2.7673e-04 2.8282e-04 2.8861e-04 2.9414e-04 2.9940e-04 3.0440e-04 3.0916e-04 3.1368e-04 3.1797e-04 3.2203e-04 3.2586e-04 3.2948e-04 3.3289e-04 3.3610e-04 3.3910e-04 3.4190e-04 3.4450e-04 3.4692e-04 3.4915e-04 3.5119e-04 3.5305e-04 3.5473e-04 3.5624e-04 3.5758e-04 3.5875e-04 3.5976e-04 3.6060e-04 3.6128e-04 3.6180e-04 3.6218e-04 3.6240e-04 3.6247e-04 3.6240e-04 3.6218e-04 3.6183e-04 3.6134e-04 3.6072e-04 3.5996e-04 3.5908e-04 3.5808e-04 3.5695e-04 3.5571e-04 3.5434e-04 3.5287e-04 3.5129e-04 3.4959e-04 3.4780e-04 3.4590e-04 3.4391e-04 3.4182e-04 3.3964e-04 3.3737e-04 3.3501e-04 3.3257e-04 3.3006e-04 3.2746e-04 3.2479e-04 3.2205e-04 3.1924e-04 3.1636e-04 3.1342e-04 3.1043e-04 3.0737e-04 3.0426e-04 3.0110e-04 2.9789e-04 2.9464e-04 2.9134e-04 2.8801e-04 2.8463e-04 2.8122e-04 2.7778e-04 2.7431e-04 2.7081e-04 2.6729e-04 2.6374e-04 2.6018e-04 2.5660e-04 2.5300e-04 2.4939e-04 2.4577e-04 2.4214e-04
-7.0253e-05 -9.9323e-05 -1.2159e-04 -1.4030e-04 -1.5672e-04 -1.7149e-04 -1.8499e-04 6.6544e-03 -2.0910e-04 -2.2000e-04 -2.3026e-04 -2.3995e-04 -2.4913e-04 -2.5785e-04 -2.6614e-04 -2.7402e-04 -2.8154e-04 -2.8870e-04 -2.9553e-04 -3.0204e-04 -3.0825e-04 -3.1417e-04 -3.1981e-04 -3.2517e-04 -3.3028e-04 -3.3513e-04 -3.3973e-04 -3.4409e-04 -3.4822e-04 -3.5211e-04 -3.5578e-04 -3.5923e-04 -3.6247e-04 -3.6550e-04 -3.6831e-04 -3.7093e-04 -3.7335e-04 -3.7557e-04 -3.7760e-04 -3.7943e-04 -3.8109e-04 -3.8256e-04 -3.8385e-04 -3.8497e-04 -3.8592e-04 -3.8669e-04 -3.8730e-04 -3.8774e-04 -3.8803e-04 -3.8815e-04 -3.8813e-04 -3.8795e-04 -3.8762e-04 -3.8715e-04 -3.8654e-04 -3.8579e-04 -3.8490e-04 -3.8388e-04 -3.8272e-04 -3.8145e-04 -3.8004e-04 -3.7852e-04 -3.7688e-04 -3.7513e-04 -3.7326e-04 -3.7129e-04 -3.6921e-04 -3.6703e-04 -3.6476e-04 -3.6238e-04 -3.5992e-04 -3.5736e-04 -3.5472e-04 -3.5200e-04 -3.4919e-04 -3.4631e-04 -3.4336e-04 -3.4033e-04 -3.3724e-04 -3.3408e-04 -3.3086e-04 -3.2758e-04 -3.2425e-04 -3.2086e-04 -3.1742e-04 -3.1394e-04 -3.1041e-04 -3.0685e-04 -3.0324e-04 -2.9960e-04 -2.9592e-04 -2.9221e-04 -2.8848e-04 -2.8472e-04 -2.8094e-04 -2.7714e-04 -2.7332e-04 -2.6949e-04 -2.6564e-04 -2.6179e-04 7.0253e-05 9.9322e-05 1.2158e-04 1.4029e-04 1.5671e-04 1.7148e-04 1.8498e-04 0.0000e+00 2.0908e-04 2.1997e-04 2.3022e-04 2.3991e-04 2.4908e-04 2.5778e-04 2.6606e-04 2.7394e-04 2.8144e-04 2.8858e-04 2.9540e-04 3.0189e-04 3.0808e-04 3.1398e-04 3.1959e-04 3.2493e-04 3.3001e-04 3.3484e-04 3.3941e-04 3.4374e-04 3.4784e-04 3.5171e-04 3.5535e-04 3.5876e-04 3.6197e-04 3.6496e-04 3.6774e-04 3.7032e-04 3.7269e-04 3.7487e-04 3.7686e-04 3.7866e-04 3.8027e-04 3.8170e-04 3.8295e-04 3.8402e-04 3.8492e-04 3.8564e-04 3.8621e-04 3.8660e-04 3.8684e-04 3.8692e-04 3.8684e-04 3.8661e-04 3.8623e-04 3.8571e-04 3.8505e-04 3.8424e-04 3.8330e-04 3.8223e-04 3.8103e-04 3.7970e-04 3.7824e-04 3.7667e-04 3.7498e-04 3.7317e-04 3.7126e-04 3.6923e-04 3.6710e-04 3.6487e-04 3.6255e-04 3.6012e-04 3.5761e-04 3.5500e-04 3.5232e-04 3.4954e-04 3.4669e-04 3.4377e-04 3.4077e-04 3.3770e-04 3.3456e-04 3.3136e-04 3.2810e-04 3.2478e-04 3.2141e-04 3.1798e-04 3.1451e-04 3.1099e-04 3.0743e-04 3.0383e-04 3.0019e-04 2.9652e-04 2.9281e-04 2.8908e-04 2.8532e-04 2.8153e-04 2.7773e-04 2.7390e-04 2.7006e-04 2.6621e-04 2.6234e-04 2.5847e-04
-7.4388e-05 -1.0517e-04 -1.2874e-04 -1.4856e-04 -1.6594e-04 -1.8159e-04 -1.9588e-04 -2.0910e-04 8.4219e-03 -2.3295e-04 -2.4382e-04 -2.5409e-04 -2.6381e-04 -2.7304e-04 -2.8182e-04 -2.9018e-04 -2.9814e-04 -3.0573e-04 -3.1297e-04 -3.1987e-04 -3.2645e-04 -3.3272e-04 -3.3869e-04 -3.4438e-04 -3.4979e-04 -3.5493e-04 -3.5981e-04 -3.6444e-04 -3.6882e-04 -3.7295e-04 -3.7685e-04 -3.8051e-04 -3.8395e-04 -3.8716e-04 -3.9016e-04 -3.9294e-04 -3.9550e-04 -3.9787e-04 -4.0003e-04 -4.0199e-04 -4.0375e-04 -4.0532e-04 -4.0670e-04 -4.0790e-04 -4.0891e-04 -4.0974e-04 -4.1040e-04 -4.1089e-04 -4.1120e-04 -4.1135e-04 -4.1134e-04 -4.1116e-04 -4.1083e-04 -4.1034e-04 -4.0971e-04 -4.0893e-04 -4.0800e-04 -4.0693e-04 -4.0573e-04 -4.0439e-04 -4.0292e-04 -4.0132e-04 -3.9960e-04 -3.9776e-04 -3.9580e-04 -3.9373e-04 -3.9154e-04 -3.8925e-04 -3.8685e-04 -3.8435e-04 -3.8175e-04 -3.7906e-04 -3.7628e-04 -3.7341e-04 -3.7045e-04 -3.6741e-04 -3.6430e-04 -3.6110e-04 -3.5784e-04 -3.5451e-04 -3.5111e-04 -3.4765e-04 -3.4413e-04 -3.4056e-04 -3.3693e-04 -3.3325e-04 -3.2953e-04 -3.2576e-04 -3.2195e-04 -3.1810e-04 -3.1421e-04 -3.1030e-04 -3.0635e-04 -3.0238e-04 -2.9838e-04 -2.9436e-04 -2.9033e-04 -2.8627e-04 -2.8221e-04 -2.7813e-04 7.4388e-05 1.0517e-04 1.2874e-04 1.4855e-04 1.6594e-04 1.8157e-04 1.9587e-04 2.0908e-04 0.0000e+00 2.3292e-04 2.4377e-04 2.5403e-04 2.6374e-04 2.7296e-04 2.8172e-04 2.9006e-04 2.9800e-04 3.0557e-04 3.1278e-04 3.1966e-04 3.2621e-04 3.3246e-04 3.3840e-04 3.4406e-04 3.4944e-04 3.5455e-04 3.5939e-04 3.6398e-04 3.6831e-04 3.7241e-04 3.7626e-04 3.7988e-04 3.8327e-04 3.8644e-04 3.8938e-04 3.9211e-04 3.9463e-04 3.9694e-04 3.9904e-04 4.0095e-04 4.0265e-04 4.0416e-04 4.0549e-04 4.0662e-04 4.0757e-04 4.0834e-04 4.0894e-04 4.0936e-04 4.0961e-04 4.0969e-04 4.0961e-04 4.0937e-04 4.0897e-04 4.0841e-04 4.0771e-04 4.0686e-04 4.0586e-04 4.0473e-04 4.0345e-04 4.0204e-04 4.0050e-04 3.9884e-04 3.9705e-04 3.9514e-04 3.9311e-04 3.9096e-04 3.8871e-04 3.8635e-04 3.8388e-04 3.8132e-04 3.7866e-04 3.7590e-04 3.7305e-04 3.7012e-04 3.6710e-04 3.6400e-04 3.6082e-04 3.5757e-04 3.5425e-04 3.5086e-04 3.4741e-04 3.4390e-04 3.4033e-04 3.3670e-04 3.3302e-04 3.2930e-04 3.2553e-04 3.2171e-04 3.1786e-04 3.1397e-04 3.1004e-04 3.0609e-04 3.0211e-04 2.9810e-04 2.9407e-04 2.9002e-04 2.8596e-04 2.8188e-04 2.7778e-04 2.7368e-04
-7.8263e-05 -1.1065e-04 -1.3545e-04 -1.5630e-04 -1.7459e-04 -1.9105e-04 -2.0609e-04 -2.2000e-04 -2.3295e-04 1.0397e-02 -2.5653e-04 -2.6734e-04 -2.7757e-04 -2.8729e-04 -2.9653e-04 -3.0532e-04 -3.1370e-04 -3.2169e-04 -3.2931e-04 -3.3658e-04 -3.4351e-04 -3.5011e-04 -3.5641e-04 -3.6240e-04 -3.6810e-04 -3.7352e-04 -3.7866e-04 -3.8354e-04 -3.8815e-04 -3.9251e-04 -3.9662e-04 -4.0049e-04 -4.0411e-04 -4.0751e-04 -4.1067e-04 -4.1361e-04 -4.1632e-04 -4.1882e-04 -4.2111e-04 -4.2318e-04 -4.2505e-04 -4.2672e-04 -4.2819e-04 -4.2946e-04 -4.3054e-04 -4.3143e-04 -4.3214e-04 -4.3267e-04 -4.3302e-04 -4.3319e-04 -4.3319e-04 -4.3302e-04 -4.3269e-04 -4.3220e-04 -4.3155e-04 -4.3074e-04 -4.2978e-04 -4.2868e-04 -4.2743e-04 -4.2604e-04 -4.2451e-04 -4.2284e-04 -4.2105e-04 -4.1913e-04 -4.1708e-04 -4.1492e-04 -4.1264e-04 -4.1024e-04 -4.0773e-04 -4.0512e-04 -4.0240e-04 -3.9959e-04 -3.9667e-04 -3.9367e-04 -3.9057e-04 -3.8739e-04 -3.8413e-04 -3.8079e-04 -3.7737e-04 -3.7388e-04 -3.7032e-04 -3.6669e-04 -3.6300e-04 -3.5925e-04 -3.5545e-04 -3.5159e-04 -3.4768e-04 -3.4373e-04 -3.3973e-04 -3.3569e-04 -3.3161e-04 -3.2750e-04 -3.2336e-04 -3.1919e-04 -3.1499e-04 -3.1077e-04 -3.0653e-04 -3.0227e-04 -2.9800e-04 -2.9372e-04 7.8262e-05 1.1065e-04 1.3545e-04 1.5629e-04 1.7458e-04 1.9103e-04 2.0607e-04 2.1997e-04 2.3292e-04 0.0000e+00 2.5647e-04 2.6726e-04 2.7748e-04 2.8718e-04 2.9640e-04 3.0517e-04 3.1352e-04 3.2149e-04 3.2908e-04 3.3631e-04 3.4321e-04 3.4977e-04 3.5603e-04 3.6198e-04 3.6764e-04 3.7301e-04 3.7811e-04 3.8294e-04 3.8750e-04 3.9181e-04 3.9586e-04 3.9967e-04 4.0324e-04 4.0657e-04 4.0967e-04 4.1254e-04 4.1519e-04 4.1762e-04 4.1983e-04 4.2183e-04 4.2363e-04 4.2522e-04 4.2661e-04 4.2780e-04 4.2880e-04 4.2961e-04 4.3024e-04 4.3068e-04 4.3094e-04 4.3103e-04 4.3095e-04 4.3069e-04 4.3027e-04 4.2969e-04 4.2895e-04 4.2805e-04 4.2700e-04 4.2581e-04 4.2447e-04 4.2299e-04 4.2137e-04 4.1961e-04 4.1773e-04 4.1572e-04 4.1358e-04 4.1133e-04 4.0896e-04 4.0647e-04 4.0388e-04 4.0118e-04 3.9838e-04 3.9548e-04 3.9248e-04 3.8940e-04 3.8622e-04 3.8296e-04 3.7962e-04 3.7620e-04 3.7271e-04 3.6914e-04 3.6551e-04 3.6181e-04 3.5806e-04 3.5424e-04 3.5037e-04 3.4645e-04 3.4248e-04 3.3847e-04 3.3442e-04 3.3032e-04 3.2619e-04 3.2203e-04 3.1785e-04 3.1363e-04 3.0939e-04 3.0513e-04 3.0085e-04 2.9656e-04 2.9225e-04 2.8794e-04
-8.1910e-05 -1.1580e-04 -1.4176e-04 -1.6358e-04 -1.8273e-04 -1.9995e-04 -2.1570e-04 -2.3026e-04 -2.4382e-04 -2.5653e-04 1.2580e-02 -2.7981e-04 -2.9053e-04 -3.0070e-04 -3.1038e-04 -3.1959e-04 -3.2837e-04 -3.3673e-04 -3.4471e-04 -3.5233e-04 -3.5959e-04 -3.6651e-04 -3.7310e-04 -3.7938e-04 -3.8536e-04 -3.9104e-04 -3.9643e-04 -4.0155e-04 -4.0639e-04 -4.1096e-04 -4.1527e-04 -4.1933e-04 -4.2314e-04 -4.2671e-04 -4.3003e-04 -4.3312e-04 -4.3598e-04 -4.3861e-04 -4.4102e-04 -4.4320e-04 -4.4518e-04 -4.4694e-04 -4.4849e-04 -4.4984e-04 -4.5099e-04 -4.5194e-04 -4.5270e-04 -4.5327e-04 -4.5365e-04 -4.5385e-04 -4.5387e-04 -4.5372e-04 -4.5339e-04 -4.5289e-04 -4.5223e-04 -4.5141e-04 -4.5042e-04 -4.4929e-04 -4.4800e-04 -4.4656e-04 -4.4498e-04 -4.4326e-04 -4.4141e-04 -4.3941e-04 -4.3729e-04 -4.3505e-04 -4.3268e-04 -4.3019e-04 -4.2758e-04 -4.2487e-04 -4.2204e-04 -4.1912e-04 -4.1609e-04 -4.1296e-04 -4.0974e-04 -4.0643e-04 -4.0303e-04 -3.9955e-04 -3.9598e-04 -3.9235e-04 -3.8863e-04 -3.8485e-04 -3.8101e-04 -3.7710e-04 -3.7313e-04 -3.6911e-04 -3.6503e-04 -3.6090e-04 -3.5673e-04 -3.5252e-04 -3.4826e-04 -3.4397e-04 -3.3965e-04 -3.3529e-04 -3.3091e-04 -3.2650e-04 -3.2207e-04 -3.1762e-04 -3.1316e-04 -3.0868e-04 8.1910e-05 1.1580e-04 1.4176e-04 1.6357e-04 1.8272e-04 1.9994e-04 2.1568e-04 2.3022e-04 2.4377e-04 2.5647e-04 0.0000e+00 2.7972e-04 2.9041e-04 3.0056e-04 3.1021e-04 3.1939e-04 3.2814e-04 3.3647e-04 3.4441e-04 3.5199e-04 3.5920e-04 3.6608e-04 3.7262e-04 3.7885e-04 3.8478e-04 3.9040e-04 3.9573e-04 4.0079e-04 4.0556e-04 4.1007e-04 4.1431e-04 4.1830e-04 4.2203e-04 4.2552e-04 4.2876e-04 4.3177e-04 4.3454e-04 4.3708e-04 4.3940e-04 4.4149e-04 4.4337e-04 4.4504e-04 4.4649e-04 4.4774e-04 4.4879e-04 4.4964e-04 4.5029e-04 4.5075e-04 4.5103e-04 4.5112e-04 4.5103e-04 4.5076e-04 4.5032e-04 4.4972e-04 4.4894e-04 4.4800e-04 4.4691e-04 4.4565e-04 4.4425e-04 4.4270e-04 4.4101e-04 4.3917e-04 4.3720e-04 4.3509e-04 4.3286e-04 4.3050e-04 4.2802e-04 4.2542e-04 4.2271e-04 4.1988e-04 4.1695e-04 4.1391e-04 4.1078e-04 4.0755e-04 4.0422e-04 4.0081e-04 3.9731e-04 3.9373e-04 3.9008e-04 3.8635e-04 3.8254e-04 3.7868e-04 3.7474e-04 3.7075e-04 3.6670e-04 3.6260e-04 3.5844e-04 3.5424e-04 3.5000e-04 3.4572e-04 3.4140e-04 3.3704e-04 3.3266e-04 3.2825e-04 3.2381e-04 3.1935e-04 3.1487e-04 3.1038e-04 3.0588e-04 3.0136e-04
-8.5356e-05 -1.2068e-04 -1.4773e-04 -1.7046e-04 -1.9042e-04 -2.0837e-04 -2.2478e-04 -2.3995e-04 -2.5409e-04 -2.6734e-04 -2.7981e-04 1.4972e-02 -3.0278e-04 -3.1338e-04 -3.2347e-04 -3.3307e-04 -3.4222e-04 -3.5095e-04 -3.5927e-04 -3.6721e-04 -3.7479e-04 -3.8201e-04 -3.8889e-04 -3.9545e-04 -4.0168e-04 -4.0761e-04 -4.1325e-04 -4.1859e-04 -4.2365e-04 -4.2843e-04 -4.3294e-04 -4.3718e-04 -4.4116e-04 -4.4489e-04 -4.4837e-04 -4.5161e-04 -4.5460e-04 -4.5736e-04 -4.5989e-04 -4.6219e-04 -4.6426e-04 -4.6612e-04 -4.6775e-04 -4.6918e-04 -4.7040e-04 -4.7141e-04 -4.7222e-04 -4.7284e-04 -4.7326e-04 -4.7349e-04 -4.7353e-04 -4.7339e-04 -4.7307e-04 -4.7257e-04 -4.7191e-04 -4.7107e-04 -4.7007e-04 -4.6891e-04 -4.6759e-04 -4.6612e-04 -4.6449e-04 -4.6272e-04 -4.6081e-04 -4.5876e-04 -4.5657e-04 -4.5425e-04 -4.5180e-04 -4.4923e-04 -4.4654e-04 -4.4373e-04 -4.4081e-04 -4.3778e-04 -4.3464e-04 -4.3141e-04 -4.2807e-04 -4.2464e-04 -4.2112e-04 -4.1751e-04 -4.1381e-04 -4.1004e-04 -4.0619e-04 -4.0227e-04 -3.9828e-04 -3.9422e-04 -3.9010e-04 -3.8593e-04 -3.8169e-04 -3.7741e-04 -3.7308e-04 -3.6870e-04 -3.6428e-04 -3.5982e-04 -3.5532e-04 -3.5080e-04 -3.4624e-04 -3.4166e-04 -3.3705e-04 -3.3242e-04 -3.2778e-04 -3.2312e-04 8.5356e-05 1.2068e-04 1.4772e-04 1.7046e-04 1.9040e-04 2.0835e-04 2.2475e-04 2.3991e-04 2.5403e-04 2.6726e-04 2.7972e-04 0.0000e+00 3.0263e-04 3.1320e-04 3.2326e-04 3.3283e-04 3.4194e-04 3.5062e-04 3.5890e-04 3.6679e-04 3.7431e-04 3.8148e-04 3.8830e-04 3.9479e-04 4.0096e-04 4.0682e-04 4.1238e-04 4.1764e-04 4.2262e-04 4.2732e-04 4.3174e-04 4.3589e-04 4.3978e-04 4.4342e-04 4.4680e-04 4.4993e-04 4.5282e-04 4.5547e-04 4.5788e-04 4.6007e-04 4.6202e-04 4.6376e-04 4.6528e-04 4.6658e-04 4.6767e-04 4.6855e-04 4.6923e-04 4.6972e-04 4.7000e-04 4.7010e-04 4.7000e-04 4.6973e-04 4.6927e-04 4.6863e-04 4.6783e-04 4.6685e-04 4.6571e-04 4.6440e-04 4.6294e-04 4.6132e-04 4.5956e-04 4.5765e-04 4.5559e-04 4.5340e-04 4.5107e-04 4.4861e-04 4.4602e-04 4.4332e-04 4.4049e-04 4.3754e-04 4.3449e-04 4.3132e-04 4.2806e-04 4.2469e-04 4.2123e-04 4.1767e-04 4.1403e-04 4.1030e-04 4.0649e-04 4.0260e-04 3.9864e-04 3.9460e-04 3.9051e-04 3.8635e-04 3.8213e-04 3.7785e-04 3.7352e-04 3.6915e-04 3.6472e-04 3.6026e-04 3.5576e-04 3.5122e-04 3.4665e-04 3.4205e-04 3.3743e-04 3.3278e-04 3.2812e-04 3.2344e-04 3.1874e-04 3.1404e-04
-8.8620e-05 -1.2529e-04 -1.5338e-04 -1.7698e-04 -1.9770e-04 -2.1634e-04 -2.3338e-04 -2.4913e-04 -2.6381e-04 -2.7757e-04 -2.9053e-04 -3.0278e-04 1.7571e-02 -3.2540e-04 -3.3587e-04 -3.4585e-04 -3.5536e-04 -3.6443e-04 -3.7308e-04 -3.8133e-04 -3.8920e-04 -3.9671e-04 -4.0387e-04 -4.1068e-04 -4.1717e-04 -4.2334e-04 -4.2920e-04 -4.3476e-04 -4.4003e-04 -4.4501e-04 -4.4970e-04 -4.5413e-04 -4.5828e-04 -4.6217e-04 -4.6580e-04 -4.6918e-04 -4.7231e-04 -4.7519e-04 -4.7783e-04 -4.8024e-04 -4.8242e-04 -4.8436e-04 -4.8609e-04 -4.8759e-04 -4.8888e-04 -4.8995e-04 -4.9082e-04 -4.9148e-04 -4.9194e-04 -4.9220e-04 -4.9227e-04 -4.9215e-04 -4.9184e-04 -4.9135e-04 -4.9069e-04 -4.8984e-04 -4.8883e-04 -4.8765e-04 -4.8631e-04 -4.8480e-04 -4.8314e-04 -4.8133e-04 -4.7937e-04 -4.7726e-04 -4.7502e-04 -4.7264e-04 -4.7012e-04 -4.6748e-04 -4.6471e-04 -4.6182e-04 -4.5881e-04 -4.5568e-04 -4.5245e-04 -4.4911e-04 -4.4567e-04 -4.4213e-04 -4.3850e-04 -4.3477e-04 -4.3096e-04 -4.2707e-04 -4.2309e-04 -4.1904e-04 -4.1491e-04 -4.1072e-04 -4.0646e-04 -4.0214e-04 -3.9777e-04 -3.9333e-04 -3.8885e-04 -3.8432e-04 -3.7975e-04 -3.7513e-04 -3.7048e-04 -3.6579e-04 -3.6107e-04 -3.5633e-04 -3.5156e-04 -3.4676e-04 -3.4195e-04 -3.3712e-04 8.8619e-05 1.2529e-04 1.5337e-04 1.7697e-04 1.9768e-04 2.1631e-04 2.3334e-04 2.4908e-04 2.6374e-04 2.7748e-04 2.9041e-04 3.0263e-04 0.0000e+00 3.2518e-04 3.3562e-04 3.4555e-04 3.5501e-04 3.6403e-04 3.7262e-04 3.8082e-04 3.8862e-04 3.9606e-04 4.0315e-04 4.0989e-04 4.1629e-04 4.2238e-04 4.2815e-04 4.3361e-04 4.3878e-04 4.4366e-04 4.4825e-04 4.5256e-04 4.5660e-04 4.6037e-04 4.6388e-04 4.6713e-04 4.7013e-04 4.7288e-04 4.7539e-04 4.7766e-04 4.7969e-04 4.8149e-04 4.8306e-04 4.8442e-04 4.8555e-04 4.8647e-04 4.8718e-04 4.8768e-04 4.8797e-04 4.8807e-04 4.8797e-04 4.8769e-04 4.8721e-04 4.8655e-04 4.8571e-04 4.8470e-04 4.8351e-04 4.8216e-04 4.8064e-04 4.7896e-04 4.7713e-04 4.7514e-04 4.7301e-04 4.7073e-04 4.6832e-04 4.6576e-04 4.6308e-04 4.6026e-04 4.5733e-04 4.5427e-04 4.5110e-04 4.4782e-04 4.4442e-04 4.4093e-04 4.3733e-04 4.3364e-04 4.2986e-04 4.2598e-04 4.2203e-04 4.1799e-04 4.1388e-04 4.0969e-04 4.0544e-04 4.0112e-04 3.9674e-04 3.9230e-04 3.8780e-04 3.8326e-04 3.7867e-04 3.7403e-04 3.6936e-04 3.6465e-04 3.5991e-04 3.5513e-04 3.5033e-04 3.4551e-04 3.4066e-04 3.3580e-04 3.3093e-04 3.2604e-04
-9.1717e-05 -1.2967e-04 -1.5874e-04 -1.8317e-04 -2.0461e-04 -2.2391e-04 -2.4154e-04 -2.5785e-04 -2.7304e-04 -2.8729e-04 -3.0070e-04 -3.1338e-04 -3.2540e-04 2.0377e-02 -3.4766e-04 -3.5799e-04 -3.6784e-04 -3.7723e-04 -3.8619e-04 -3.9474e-04 -4.0290e-04 -4.1068e-04 -4.1810e-04 -4.2517e-04 -4.3190e-04 -4.3830e-04 -4.4438e-04 -4.5015e-04 -4.5561e-04 -4.6078e-04 -4.6566e-04 -4.7026e-04 -4.7458e-04 -4.7862e-04 -4.8240e-04 -4.8592e-04 -4.8917e-04 -4.9218e-04 -4.9494e-04 -4.9745e-04 -4.9973e-04 -5.0177e-04 -5.0358e-04 -5.0516e-04 -5.0651e-04 -5.0765e-04 -5.0857e-04 -5.0929e-04 -5.0979e-04 -5.1009e-04 -5.1019e-04 -5.1009e-04 -5.0980e-04 -5.0932e-04 -5.0866e-04 -5.0782e-04 -5.0680e-04 -5.0560e-04 -5.0424e-04 -5.0271e-04 -5.0102e-04 -4.9918e-04 -4.9718e-04 -4.9503e-04 -4.9273e-04 -4.9030e-04 -4.8772e-04 -4.8501e-04 -4.8217e-04 -4.7921e-04 -4.7612e-04 -4.7292e-04 -4.6960e-04 -4.6617e-04 -4.6263e-04 -4.5899e-04 -4.5526e-04 -4.5143e-04 -4.4751e-04 -4.4350e-04 -4.3941e-04 -4.3524e-04 -4.3099e-04 -4.2667e-04 -4.2229e-04 -4.1783e-04 -4.1332e-04 -4.0876e-04 -4.0413e-04 -3.9946e-04 -3.9474e-04 -3.8998e-04 -3.8518e-04 -3.8035e-04 -3.7548e-04 -3.7058e-04 -3.6565e-04 -3.6070e-04 -3.5574e-04 -3.5075e-04 9.1717e-05 1.2967e-04 1.5873e-04 1.8316e-04 2.0459e-04 2.2387e-04 2.4150e-04 2.5778e-04 2.7296e-04 2.8718e-04 3.0056e-04 3.1320e-04 3.2518e-04 0.0000e+00 3.4735e-04 3.5763e-04 3.6742e-04 3.7675e-04 3.8565e-04 3.9413e-04 4.0221e-04 4.0991e-04 4.1724e-04 4.2421e-04 4.3084e-04 4.3714e-04 4.4311e-04 4.4877e-04 4.5412e-04 4.5916e-04 4.6391e-04 4.6838e-04 4.7256e-04 4.7646e-04 4.8009e-04 4.8346e-04 4.8656e-04 4.8941e-04 4.9200e-04 4.9435e-04 4.9645e-04 4.9832e-04 4.9995e-04 5.0135e-04 5.0252e-04 5.0347e-04 5.0420e-04 5.0472e-04 5.0503e-04 5.0513e-04 5.0503e-04 5.0473e-04 5.0424e-04 5.0356e-04 5.0269e-04 5.0164e-04 5.0041e-04 4.9901e-04 4.9744e-04 4.9570e-04 4.9380e-04 4.9175e-04 4.8954e-04 4.8718e-04 4.8468e-04 4.8204e-04 4.7926e-04 4.7635e-04 4.7331e-04 4.7015e-04 4.6687e-04 4.6347e-04 4.5996e-04 4.5634e-04 4.5262e-04 4.4879e-04 4.4488e-04 4.4087e-04 4.3678e-04 4.3260e-04 4.2834e-04 4.2401e-04 4.1961e-04 4.1514e-04 4.1060e-04 4.0601e-04 4.0136e-04 3.9665e-04 3.9190e-04 3.8711e-04 3.8227e-04 3.7739e-04 3.7248e-04 3.6754e-04 3.6257e-04 3.5758e-04 3.5257e-04 3.4754e-04 3.4249e-04 3.3744e-04
-9.4661e-05 -1.3383e-04 -1.6383e-04 -1.8905e-04 -2.1118e-04 -2.3110e-04 -2.4930e-04 -2.6614e-04 -2.8182e-04 -2.9653e-04 -3.1038e-04 -3.2347e-04 -3.3587e-04 -3.4766e-04 2.3392e-02 -3.6954e-04 -3.7971e-04 -3.8941e-04 -3.9867e-04 -4.0751e-04 -4.1594e-04 -4.2399e-04 -4.3165e-04 -4.3896e-04 -4.4592e-04 -4.5255e-04 -4.5884e-04 -4.6481e-04 -4.7047e-04 -4.7582e-04 -4.8088e-04 -4.8564e-04 -4.9012e-04 -4.9432e-04 -4.9824e-04 -5.0189e-04 -5.0528e-04 -5.0840e-04 -5.1128e-04 -5.1390e-04 -5.1627e-04 -5.1840e-04 -5.2030e-04 -5.2196e-04 -5.2338e-04 -5.2459e-04 -5.2557e-04 -5.2633e-04 -5.2688e-04 -5.2722e-04 -5.2735e-04 -5.2728e-04 -5.2702e-04 -5.2656e-04 -5.2590e-04 -5.2506e-04 -5.2404e-04 -5.2284e-04 -5.2147e-04 -5.1992e-04 -5.1821e-04 -5.1634e-04 -5.1431e-04 -5.1212e-04 -5.0978e-04 -5.0730e-04 -5.0467e-04 -5.0191e-04 -4.9901e-04 -4.9598e-04 -4.9282e-04 -4.8955e-04 -4.8615e-04 -4.8264e-04 -4.7902e-04 -4.7529e-04 -4.7146e-04 -4.6754e-04 -4.6352e-04 -4.5941e-04 -4.5521e-04 -4.5093e-04 -4.4657e-04 -4.4214e-04 -4.3763e-04 -4.3306e-04 -4.2843e-04 -4.2373e-04 -4.1899e-04 -4.1418e-04 -4.0933e-04 -4.0444e-04 -3.9950e-04 -3.9452e-04 -3.8951e-04 -3.8447e-04 -3.7940e-04 -3.7431e-04 -3.6919e-04 -3.6406e-04 9.4661e-05 1.3383e-04 1.6383e-04 1.8904e-04 2.1116e-04 2.3106e-04 2.4925e-04 2.6606e-04 2.8172e-04 2.9640e-04 3.1021e-04 3.2326e-04 3.3562e-04 3.4735e-04 0.0000e+00 3.6911e-04 3.7922e-04 3.8885e-04 3.9803e-04 4.0678e-04 4.1512e-04 4.2306e-04 4.3063e-04 4.3783e-04 4.4467e-04 4.5117e-04 4.5734e-04 4.6317e-04 4.6869e-04 4.7390e-04 4.7881e-04 4.8341e-04 4.8773e-04 4.9176e-04 4.9550e-04 4.9898e-04 5.0218e-04 5.0512e-04 5.0780e-04 5.1022e-04 5.1239e-04 5.1431e-04 5.1600e-04 5.1744e-04 5.1865e-04 5.1963e-04 5.2039e-04 5.2092e-04 5.2124e-04 5.2134e-04 5.2124e-04 5.2093e-04 5.2042e-04 5.1972e-04 5.1882e-04 5.1774e-04 5.1647e-04 5.1503e-04 5.1341e-04 5.1161e-04 5.0966e-04 5.0753e-04 5.0526e-04 5.0282e-04 5.0024e-04 4.9751e-04 4.9465e-04 4.9164e-04 4.8850e-04 4.8524e-04 4.8185e-04 4.7834e-04 4.7472e-04 4.7099e-04 4.6714e-04 4.6320e-04 4.5916e-04 4.5502e-04 4.5080e-04 4.4648e-04 4.4209e-04 4.3762e-04 4.3308e-04 4.2846e-04 4.2378e-04 4.1904e-04 4.1424e-04 4.0939e-04 4.0448e-04 3.9953e-04 3.9454e-04 3.8951e-04 3.8444e-04 3.7934e-04 3.7421e-04 3.6906e-04 3.6388e-04 3.5869e-04 3.5348e-04 3.4827e-04
-9.7463e-05 -1.3779e-04 -1.6868e-04 -1.9465e-04 -2.1744e-04 -2.3794e-04 -2.5669e-04 -2.7402e-04 -2.9018e-04 -3.0532e-04 -3.1959e-04 -3.3307e-04 -3.4585e-04 -3.5799e-04 -3.6954e-04 2.6614e-02 -3.9102e-04 -4.0102e-04 -4.1057e-04 -4.1968e-04 -4.2837e-04 -4.3667e-04 -4.4458e-04 -4.5212e-04 -4.5930e-04 -4.6614e-04 -4.7263e-04 -4.7880e-04 -4.8465e-04 -4.9018e-04 -4.9541e-04 -5.0033e-04 -5.0496e-04 -5.0931e-04 -5.1337e-04 -5.1716e-04 -5.2067e-04 -5.2392e-04 -5.2690e-04 -5.2963e-04 -5.3210e-04 -5.3433e-04 -5.3631e-04 -5.3805e-04 -5.3955e-04 -5.4082e-04 -5.4186e-04 -5.4268e-04 -5.4328e-04 -5.4366e-04 -5.4383e-04 -5.4379e-04 -5.4355e-04 -5.4311e-04 -5.4248e-04 -5.4165e-04 -5.4063e-04 -5.3943e-04 -5.3805e-04 -5.3650e-04 -5.3477e-04 -5.3288e-04 -5.3082e-04 -5.2860e-04 -5.2623e-04 -5.2371e-04 -5.2104e-04 -5.1822e-04 -5.1527e-04 -5.1219e-04 -5.0897e-04 -5.0563e-04 -5.0217e-04 -4.9858e-04 -4.9489e-04 -4.9108e-04 -4.8717e-04 -4.8316e-04 -4.7905e-04 -4.7485e-04 -4.7055e-04 -4.6617e-04 -4.6171e-04 -4.5717e-04 -4.5256e-04 -4.4788e-04 -4.4313e-04 -4.3832e-04 -4.3346e-04 -4.2853e-04 -4.2356e-04 -4.1854e-04 -4.1347e-04 -4.0837e-04 -4.0323e-04 -3.9805e-04 -3.9285e-04 -3.8762e-04 -3.8236e-04 -3.7709e-04 9.7463e-05 1.3779e-04 1.6868e-04 1.9463e-04 2.1741e-04 2.3790e-04 2.5663e-04 2.7394e-04 2.9006e-04 3.0517e-04 3.1939e-04 3.3283e-04 3.4555e-04 3.5763e-04 3.6911e-04 0.0000e+00 3.9044e-04 4.0036e-04 4.0981e-04 4.1882e-04 4.2740e-04 4.3559e-04 4.4338e-04 4.5079e-04 4.5783e-04 4.6453e-04 4.7087e-04 4.7688e-04 4.8257e-04 4.8793e-04 4.9298e-04 4.9772e-04 5.0216e-04 5.0631e-04 5.1017e-04 5.1375e-04 5.1704e-04 5.2007e-04 5.2283e-04 5.2532e-04 5.2756e-04 5.2954e-04 5.3127e-04 5.3276e-04 5.3400e-04 5.3501e-04 5.3579e-04 5.3634e-04 5.3667e-04 5.3678e-04 5.3667e-04 5.3635e-04 5.3583e-04 5.3510e-04 5.3418e-04 5.3306e-04 5.3176e-04 5.3027e-04 5.2860e-04 5.2676e-04 5.2474e-04 5.2256e-04 5.2021e-04 5.1771e-04 5.1505e-04 5.1224e-04 5.0929e-04 5.0619e-04 5.0296e-04 4.9960e-04 4.9611e-04 4.9250e-04 4.8877e-04 4.8493e-04 4.8097e-04 4.7691e-04 4.7275e-04 4.6849e-04 4.6414e-04 4.5970e-04 4.5518e-04 4.5057e-04 4.4589e-04 4.4114e-04 4.3632e-04 4.3144e-04 4.2650e-04 4.2150e-04 4.1645e-04 4.1136e-04 4.0621e-04 4.0103e-04 3.9582e-04 3.9057e-04 3.8529e-04 3.7998e-04 3.7465e-04 3.6931e-04 3.6395e-04 3.5857e-04
-1.0013e-04 -1.4157e-04 -1.7330e-04 -1.9998e-04 -2.2340e-04 -2.4446e-04 -2.6373e-04 -2.8154e-04 -2.9814e-04 -3.1370e-04 -3.2837e-04 -3.4222e-04 -3.5536e-04 -3.6784e-04 -3.7971e-04 -3.9102e-04 3.0044e-02 -4.1209e-04 -4.2191e-04 -4.3128e-04 -4.4023e-04 -4.4876e-04 -4.5691e-04 -4.6467e-04 -4.7207e-04 -4.7911e-04 -4.8581e-04 -4.9216e-04 -4.9819e-04 -5.0390e-04 -5.0929e-04 -5.1438e-04 -5.1916e-04 -5.2365e-04 -5.2785e-04 -5.3177e-04 -5.3541e-04 -5.3878e-04 -5.4187e-04 -5.4470e-04 -5.4728e-04 -5.4959e-04 -5.5166e-04 -5.5348e-04 -5.5506e-04 -5.5640e-04 -5.5750e-04 -5.5838e-04 -5.5903e-04 -5.5946e-04 -5.5967e-04 -5.5967e-04 -5.5946e-04 -5.5905e-04 -5.5843e-04 -5.5762e-04 -5.5661e-04 -5.5542e-04 -5.5404e-04 -5.5248e-04 -5.5074e-04 -5.4884e-04 -5.4676e-04 -5.4452e-04 -5.4212e-04 -5.3957e-04 -5.3687e-04 -5.3401e-04 -5.3102e-04 -5.2789e-04 -5.2462e-04 -5.2122e-04 -5.1770e-04 -5.1405e-04 -5.1029e-04 -5.0642e-04 -5.0243e-04 -4.9834e-04 -4.9415e-04 -4.8986e-04 -4.8548e-04 -4.8101e-04 -4.7646e-04 -4.7183e-04 -4.6712e-04 -4.6234e-04 -4.5748e-04 -4.5257e-04 -4.4759e-04 -4.4256e-04 -4.3747e-04 -4.3233e-04 -4.2715e-04 -4.2193e-04 -4.1666e-04 -4.1136e-04 -4.0603e-04 -4.0067e-04 -3.9529e-04 -3.8989e-04 1.0013e-04 1.4156e-04 1.7329e-04 1.9996e-04 2.2336e-04 2.4441e-04 2.6365e-04 2.8144e-04 2.9800e-04 3.1352e-04 3.2814e-04 3.4194e-04 3.5501e-04 3.6742e-04 3.7922e-04 3.9044e-04 0.0000e+00 4.1132e-04 4.2103e-04 4.3029e-04 4.3911e-04 4.4751e-04 4.5552e-04 4.6313e-04 4.7037e-04 4.7725e-04 4.8377e-04 4.8994e-04 4.9578e-04 5.0129e-04 5.0648e-04 5.1135e-04 5.1591e-04 5.2017e-04 5.2414e-04 5.2781e-04 5.3120e-04 5.3431e-04 5.3714e-04 5.3970e-04 5.4200e-04 5.4404e-04 5.4582e-04 5.4734e-04 5.4862e-04 5.4966e-04 5.5046e-04 5.5103e-04 5.5136e-04 5.5147e-04 5.5136e-04 5.5104e-04 5.5050e-04 5.4975e-04 5.4881e-04 5.4766e-04 5.4632e-04 5.4479e-04 5.4307e-04 5.4118e-04 5.3911e-04 5.3686e-04 5.3445e-04 5.3188e-04 5.2915e-04 5.2626e-04 5.2323e-04 5.2005e-04 5.1673e-04 5.1328e-04 5.0970e-04 5.0598e-04 5.0215e-04 4.9820e-04 4.9414e-04 4.8997e-04 4.8569e-04 4.8132e-04 4.7685e-04 4.7228e-04 4.6764e-04 4.6291e-04 4.5810e-04 4.5322e-04 4.4827e-04 4.4325e-04 4.3817e-04 4.3304e-04 4.2785e-04 4.2262e-04 4.1733e-04 4.1201e-04 4.0665e-04 4.0126e-04 3.9583e-04 3.9038e-04 3.8491e-04 3.7942e-04 3.7391e-04 3.6839e-04
