2.5154e-04 -1.7035e-04 -2.0779e-04 -2.3858e-04 -2.6480e-04 -2.8749e-04 -3.0724e-04 -3.2443e-04 -3.3931e-04 -3.5205e-04 -3.6279e-04 -3.7163e-04 -3.7864e-04 -3.8390e-04 -3.8747e-04 -3.8941e-04 -3.8977e-04 -3.8860e-04 -3.8597e-04 -3.8192e-04 -3.7653e-04 -3.6985e-04 -3.6197e-04 -3.5294e-04 -3.4285e-04 -3.3178e-04 -3.1982e-04 -3.0706e-04 -2.9360e-04 -2.7954e-04 -2.6498e-04 -2.5003e-04 -2.3479e-04 -2.1939e-04 -2.0393e-04 -1.8851e-04 -1.7326e-04 -1.5827e-04 -1.4365e-04 -1.2949e-04 -1.1588e-04 -1.0291e-04 -9.0640e-05 -7.9140e-05 -6.8456e-05 -5.8625e-05 -4.9670e-05 -4.1601e-05 -3.4414e-05 -2.8091e-05 -2.2602e-05 -1.7904e-05 -1.3945e-05 -1.0664e-05 -7.9945e-06 -5.8643e-06 -4.2009e-06 -2.9322e-06 -1.9893e-06 -1.3080e-06 -8.3093e-07 -5.0816e-07 -2.9795e-07 -1.6672e-07 -8.8554e-08 -4.4381e-08 -2.0841e-08 -9.0963e-09 -3.6558e-09 -1.3383e-09 -4.4060e-10 -1.2852e-10 -3.2629e-11 -7.0607e-12 -1.2699e-12 -1.8414e-13 -2.0753e-14 -1.7377e-15 -1.0228e-16 -3.9493e-18 -9.1743e-20 -1.1484e-21 -6.7242e-24 -1.5313e-26 -1.0628e-29 -1.6194e-33 -3.4567e-38 -5.5129e-44 -2.6671e-51 -1.0360e-60 -4.2596e-73 -7.4623e-90 -2.6693e-113 -1.5876e-147 -2.6935e-200 -7.1861e-288 -0.0000e+00 -0.0000e+00 -0.0000e+00 -0.0000e+00 0.0000e+00 -1.7035e-04 -2.0779e-04 -2.3858e-04 -2.6480e-04 -2.8748e-04 -3.0723e-04 -3.2441e-04 -3.3928e-04 -3.5202e-04 -3.6275e-04 -3.7158e-04 -3.7858e-04 -3.8383e-04 -3.8739e-04 -3.8931e-04 -3.8966e-04 -3.8848e-04 -3.8583e-04 -3.8177e-04 -3.7636e-04 -3.6967e-04 -3.6177e-04 -3.5273e-04 -3.4262e-04 -3.3154e-04 -3.1957e-04 -3.0680e-04 -2.9333e-04 -2.7926e-04 -2.6470e-04 -2.4974e-04 -2.3451e-04 -2.1910e-04 -2.0364e-04 -1.8823e-04 -1.7298e-04 -1.5799e-04 -1.4338e-04 -1.2923e-04 -1.1563e-04 -1.0267e-04 -9.0421e-05 -7.8936e-05 -6.8268e-05 -5.8454e-05 -4.9516e-05 -4.1464e-05 -3.4293e-05 -2.7986e-05 -2.2512e-05 -1.7828e-05 -1.3882e-05 -1.0613e-05 -7.9538e-06 -5.8325e-06 -4.1766e-06 -2.9141e-06 -1.9762e-06 -1.2989e-06 -8.2473e-07 -5.0411e-07 -2.9541e-07 -1.6520e-07 -8.7692e-08 -4.3918e-08 -2.0608e-08 -8.9870e-09 -3.6086e-09 -1.3197e-09 -4.3399e-10 -1.2643e-10 -3.2057e-11 -6.9267e-12 -1.2437e-12 -1.8001e-13 -2.0244e-14 -1.6911e-15 -9.9263e-17 -3.8211e-18 -8.8451e-20 -1.1027e-21 -6.4256e-24 -1.4551e-26 -1.0032e-29 -1.5166e-33 -3.2064e-38 -5.0543e-44 -2.4101e-51 -9.1931e-61 -3.6928e-73 -6.2764e-90 -2.1564e-113 -1.2139e-147 -1.9068e-200 -4.5510e-288 -0.0000e+00 -0.0000e+00 -0.0000e+00 -0.0000e+00
-1.7035e-04 1.0066e-03 -2.9316e-04 -3.3661e-04 -3.7362e-04 -4.0565e-04 -4.3355e-04 -4.5783e-04 -4.7886e-04 -4.9689e-04 -5.1209e-04 -5.2461e-04 -5.3457e-04 -5.4207e-04 -5.4718e-04 -5.4999e-04 -5.5058e-04 -5.4902e-04 -5.4540e-04 -5.3978e-04 -5.3227e-04 -5.2294e-04 -5.1190e-04 -4.9925e-04 -4.8510e-04 -4.6957e-04 -4.5277e-04 -4.3483e-04 -4.1590e-04 -3.9611e-04 -3.7561e-04 -3.5455e-04 -3.3308e-04 -3.1136e-04 -2.8953e-04 -2.6777e-04 -2.4622e-04 -2.2504e-04 -2.0435e-04 -1.8432e-04 -1.6505e-04 -1.4666e-04 -1.2927e-04 -1.1294e-04 -9.7770e-05 -8.3796e-05 -7.1056e-05 -5.9566e-05 -4.9322e-05 -4.0300e-05 -3.2460e-05 -2.5742e-05 -2.0074e-05 -1.5371e-05 -1.1539e-05 -8.4765e-06 -6.0816e-06 -4.2521e-06 -2.8899e-06 -1.9039e-06 -1.2120e-06 -7.4284e-07 -4.3660e-07 -2.4494e-07 -1.3047e-07 -6.5588e-08 -3.0902e-08 -1.3536e-08 -5.4617e-09 -2.0081e-09 -6.6424e-10 -1.9476e-10 -4.9732e-11 -1.0830e-11 -1.9616e-12 -2.8671e-13 -3.2597e-14 -2.7565e-15 -1.6406e-16 -6.4153e-18 -1.5118e-19 -1.9238e-21 -1.1478e-23 -2.6717e-26 -1.9020e-29 -2.9859e-33 -6.6024e-38 -1.0982e-43 -5.5884e-51 -2.3083e-60 -1.0235e-72 -1.9697e-89 -7.9348e-113 -5.5004e-147 -1.1427e-199 -4.0261e-287 -0.0000e+00 -0.0000e+00 -0.0000e+00 -0.0000e+00 -1.7035e-04 0.0000e+00 -2.9315e-04 -3.3659e-04 -3.7359e-04 -4.0560e-04 -4.3347e-04 -4.5772e-04 -4.7871e-04 -4.9670e-04 -5.1185e-04 -5.2432e-04 -5.3423e-04 -5.4166e-04 -5.4670e-04 -5.4944e-04 -5.4996e-04 -5.4832e-04 -5.4462e-04 -5.3892e-04 -5.3132e-04 -5.2192e-04 -5.1080e-04 -4.9807e-04 -4.8384e-04 -4.6824e-04 -4.5137e-04 -4.3338e-04 -4.1440e-04 -3.9456e-04 -3.7403e-04 -3.5294e-04 -3.3145e-04 -3.0972e-04 -2.8790e-04 -2.6615e-04 -2.4463e-04 -2.2348e-04 -2.0284e-04 -1.8286e-04 -1.6366e-04 -1.4535e-04 -1.2803e-04 -1.1179e-04 -9.6710e-05 -8.2829e-05 -7.0184e-05 -5.8788e-05 -4.8637e-05 -3.9706e-05 -3.1951e-05 -2.5313e-05 -1.9718e-05 -1.5082e-05 -1.1308e-05 -8.2959e-06 -5.9438e-06 -4.1496e-06 -2.8157e-06 -1.8518e-06 -1.1767e-06 -7.1980e-07 -4.2216e-07 -2.3629e-07 -1.2555e-07 -6.2945e-08 -2.9570e-08 -1.2912e-08 -5.1916e-09 -1.9015e-09 -6.2637e-10 -1.8282e-10 -4.6448e-11 -1.0059e-11 -1.8106e-12 -2.6281e-13 -2.9651e-14 -2.4859e-15 -1.4652e-16 -5.6669e-18 -1.3189e-19 -1.6546e-21 -9.7124e-24 -2.2185e-26 -1.5453e-29 -2.3648e-33 -5.0749e-38 -8.1471e-44 -3.9746e-51 -1.5605e-60 -6.5070e-73 -1.1619e-89 -4.2685e-113 -2.6393e-147 -4.7527e-200 -1.3981e-287 -0.0000e+00 -0.0000e+00 -0.0000e+00 -0.0000e+00
-2.0779e-04 -2.9316e-04 2.2667e-03 -4.1065e-04 -4.5583e-04 -4.9494e-04 -5.2903e-04 -5.5872e-04 -5.8446e-04 -6.0654e-04 -6.2519e-04 -6.4059e-04 -6.5287e-04 -6.6216e-04 -6.6855e-04 -6.7214e-04 -6.7303e-04 -6.7131e-04 -6.6707e-04 -6.6041e-04 -6.5143e-04 -6.4024e-04 -6.2696e-04 -6.1170e-04 -5.9461e-04 -5.7582e-04 -5.5548e-04 -5.3374e-04 -5.1077e-04 -4.8674e-04 -4.6181e-04 -4.3618e-04 -4.1003e-04 -3.8355e-04 -3.5693e-04 -3.3035e-04 -3.0401e-04 -2.7808e-04 -2.5275e-04 -2.2818e-04 -2.0452e-04 -1.8193e-04 -1.6053e-04 -1.4042e-04 -1.2170e-04 -1.0444e-04 -8.8686e-05 -7.4453e-05 -6.1744e-05 -5.0532e-05 -4.0772e-05 -3.2393e-05 -2.5310e-05 -1.9421e-05 -1.4611e-05 -1.0758e-05 -7.7383e-06 -5.4249e-06 -3.6975e-06 -2.4434e-06 -1.5605e-06 -9.5987e-07 -5.6630e-07 -3.1899e-07 -1.7066e-07 -8.6202e-08 -4.0823e-08 -1.7982e-08 -7.2995e-09 -2.7014e-09 -9.0000e-10 -2.6596e-10 -6.8496e-11 -1.5057e-11 -2.7555e-12 -4.0735e-13 -4.6899e-14 -4.0218e-15 -2.4311e-16 -9.6727e-18 -2.3241e-19 -3.0226e-21 -1.8484e-23 -4.4237e-26 -3.2507e-29 -5.2912e-33 -1.2197e-37 -2.1286e-43 -1.1456e-50 -5.0531e-60 -2.4222e-72 -5.1203e-89 -2.3145e-112 -1.8551e-146 -4.6608e-199 -2.1356e-286 -0.0000e+00 -0.0000e+00 -0.0000e+00 -0.0000e+00 -2.0779e-04 -2.9315e-04 0.0000e+00 -4.1059e-04 -4.5573e-04 -4.9479e-04 -5.2881e-04 -5.5842e-04 -5.8405e-04 -6.0602e-04 -6.2454e-04 -6.3980e-04 -6.5192e-04 -6.6103e-04 -6.6724e-04 -6.7063e-04 -6.7132e-04 -6.6938e-04 -6.6492e-04 -6.5804e-04 -6.4883e-04 -6.3742e-04 -6.2392e-04 -6.0845e-04 -5.9116e-04 -5.7217e-04 -5.5165e-04 -5.2975e-04 -5.0663e-04 -4.8247e-04 -4.5745e-04 -4.3175e-04 -4.0555e-04 -3.7905e-04 -3.5243e-04 -3.2589e-04 -2.9962e-04 -2.7379e-04 -2.4859e-04 -2.2417e-04 -2.0069e-04 -1.7830e-04 -1.5712e-04 -1.3725e-04 -1.1878e-04 -1.0177e-04 -8.6278e-05 -7.2306e-05 -5.9852e-05 -4.8889e-05 -3.9364e-05 -3.1206e-05 -2.4325e-05 -1.8619e-05 -1.3970e-05 -1.0258e-05 -7.3561e-06 -5.1404e-06 -3.4916e-06 -2.2988e-06 -1.4624e-06 -8.9573e-07 -5.2606e-07 -2.9488e-07 -1.5693e-07 -7.8816e-08 -3.7096e-08 -1.6231e-08 -6.5413e-09 -2.4018e-09 -7.9333e-10 -2.3224e-10 -5.9203e-11 -1.2868e-11 -2.3260e-12 -3.3918e-13 -3.8465e-14 -3.2437e-15 -1.9246e-16 -7.5000e-18 -1.7607e-19 -2.2310e-21 -1.3248e-23 -3.0675e-26 -2.1710e-29 -3.3861e-33 -7.4341e-38 -1.2270e-43 -6.1931e-51 -2.5370e-60 -1.1163e-72 -2.1363e-89 -8.5983e-113 -6.0141e-147 -1.2861e-199 -4.8579e-287 -0.0000e+00 -0.0000e+00 -0.0000e+00 -0.0000e+00
-2.3858e-04 -3.3661e-04 -4.1065e-04 4.0340e-03 -5.2350e-04 -5.6848e-04 -6.0771e-04 -6.4192e-04 -6.7160e-04 -6.9711e-04 -7.1870e-04 -7.3658e-04 -7.5090e-04 -7.6179e-04 -7.6938e-04 -7.7377e-04 -7.7507e-04 -7.7337e-04 -7.6880e-04 -7.6145e-04 -7.5144e-04 -7.3890e-04 -7.2394e-04 -7.0672e-04 -6.8737e-04 -6.6606e-04 -6.4295e-04 -6.1821e-04 -5.9203e-04 -5.6461e-04 -5.3613e-04 -5.0680e-04 -4.7684e-04 -4.4647e-04 -4.1589e-04 -3.8532e-04 -3.5498e-04 -3.2508e-04 -2.9583e-04 -2.6741e-04 -2.4001e-04 -2.1381e-04 -1.8894e-04 -1.6553e-04 -1.4371e-04 -1.2355e-04 -1.0510e-04 -8.8408e-05 -7.3469e-05 -6.0260e-05 -4.8734e-05 -3.8814e-05 -3.0406e-05 -2.3396e-05 -1.7653e-05 -1.3039e-05 -9.4100e-06 -6.6201e-06 -4.5292e-06 -3.0050e-06 -1.9275e-06 -1.1910e-06 -7.0609e-07 -3.9982e-07 -2.1511e-07 -1.0931e-07 -5.2103e-08 -2.3111e-08 -9.4522e-09 -3.5266e-09 -1.1853e-09 -3.5360e-10 -9.2011e-11 -2.0454e-11 -3.7891e-12 -5.6763e-13 -6.6310e-14 -5.7775e-15 -3.5539e-16 -1.4414e-17 -3.5376e-19 -4.7100e-21 -2.9562e-23 -7.2833e-26 -5.5284e-29 -9.3329e-33 -2.2419e-37 -4.1009e-43 -2.3296e-50 -1.0943e-59 -5.6500e-72 -1.3062e-88 -6.5946e-112 -6.0856e-146 -1.8436e-198 -1.0979e-285 -0.0000e+00 -0.0000e+00 -0.0000e+00 -0.0000e+00 -2.3858e-04 -3.3659e-04 -4.1059e-04 0.0000e+00 -5.2330e-04 -5.6817e-04 -6.0726e-04 -6.4129e-04 -6.7077e-04 -6.9605e-04 -7.1737e-04 -7.3495e-04 -7.4894e-04 -7.5948e-04 -7.6669e-04 -7.7068e-04 -7.7156e-04 -7.6943e-04 -7.6441e-04 -7.5660e-04 -7.4613e-04 -7.3313e-04 -7.1773e-04 -7.0006e-04 -6.8030e-04 -6.5859e-04 -6.3511e-04 -6.1003e-04 -5.8356e-04 -5.5587e-04 -5.2719e-04 -4.9771e-04 -4.6765e-04 -4.3723e-04 -4.0667e-04 -3.7618e-04 -3.4598e-04 -3.1628e-04 -2.8729e-04 -2.5918e-04 -2.3215e-04 -2.0635e-04 -1.8193e-04 -1.5901e-04 -1.3769e-04 -1.1805e-04 -1.0014e-04 -8.3985e-05 -6.9571e-05 -5.6872e-05 -4.5829e-05 -3.6364e-05 -2.8373e-05 -2.1738e-05 -1.6329e-05 -1.2003e-05 -8.6183e-06 -6.0303e-06 -4.1018e-06 -2.7047e-06 -1.7234e-06 -1.0574e-06 -6.2220e-07 -3.4948e-07 -1.8640e-07 -9.3842e-08 -4.4283e-08 -1.9431e-08 -7.8551e-09 -2.8940e-09 -9.5948e-10 -2.8204e-10 -7.2222e-11 -1.5777e-11 -2.8676e-12 -4.2077e-13 -4.8051e-14 -4.0839e-15 -2.4445e-16 -9.6222e-18 -2.2848e-19 -2.9332e-21 -1.7683e-23 -4.1664e-26 -3.0096e-29 -4.8085e-33 -1.0863e-37 -1.8554e-43 -9.7620e-51 -4.2077e-60 -1.9722e-72 -4.0877e-89 -1.8230e-112 -1.4597e-146 -3.7520e-199 -1.8403e-286 -0.0000e+00 -0.0000e+00 -0.0000e+00 -0.0000e+00
-2.6480e-04 -3.7362e-04 -4.5583e-04 -5.2350e-04 6.3120e-03 -6.3124e-04 -6.7491e-04 -7.1304e-04 -7.4618e-04 -7.7471e-04 -7.9893e-04 -8.1905e-04 -8.3525e-04 -8.4767e-04 -8.5645e-04 -8.6170e-04 -8.6354e-04 -8.6208e-04 -8.5742e-04 -8.4970e-04 -8.3902e-04 -8.2553e-04 -8.0936e-04 -7.9066e-04 -7.6959e-04 -7.4631e-04 -7.2101e-04 -6.9388e-04 -6.6511e-04 -6.3491e-04 -6.0350e-04 -5.7110e-04 -5.3795e-04 -5.0428e-04 -4.7033e-04 -4.3633e-04 -4.0253e-04 -3.6917e-04 -3.3646e-04 -3.0463e-04 -2.7388e-04 -2.4441e-04 -2.1638e-04 -1.8996e-04 -1.6525e-04 -1.4238e-04 -1.2140e-04 -1.0237e-04 -8.5285e-05 -7.0141e-05 -5.6886e-05 -4.5443e-05 -3.5713e-05 -2.7571e-05 -2.0877e-05 -1.5479e-05 -1.1215e-05 -7.9230e-06 -5.4448e-06 -3.6296e-06 -2.3398e-06 -1.4535e-06 -8.6667e-07 -4.9373e-07 -2.6736e-07 -1.3680e-07 -6.5686e-08 -2.9366e-08 -1.2112e-08 -4.5598e-09 -1.5474e-09 -4.6646e-10 -1.2274e-10 -2.7617e-11 -5.1827e-12 -7.8737e-13 -9.3385e-14 -8.2715e-15 -5.1798e-16 -2.1422e-17 -5.3706e-19 -7.3192e-21 -4.7133e-23 -1.1946e-25 -9.3583e-29 -1.6366e-32 -4.0908e-37 -7.8294e-43 -4.6858e-50 -2.3394e-59 -1.2987e-71 -3.2787e-88 -1.8470e-111 -1.9622e-145 -7.1745e-198 -5.5643e-285 -0.0000e+00 -0.0000e+00 -0.0000e+00 -0.0000e+00 -2.6480e-04 -3.7359e-04 -4.5573e-04 -5.2330e-04 0.0000e+00 -6.3071e-04 -6.7413e-04 -7.1196e-04 -7.4474e-04 -7.7287e-04 -7.9662e-04 -8.1622e-04 -8.3186e-04 -8.4366e-04 -8.5178e-04 -8.5634e-04 -8.5744e-04 -8.5522e-04 -8.4978e-04 -8.4126e-04 -8.2979e-04 -8.1550e-04 -7.9855e-04 -7.7908e-04 -7.5728e-04 -7.3331e-04 -7.0736e-04 -6.7964e-04 -6.5034e-04 -6.1970e-04 -5.8793e-04 -5.5526e-04 -5.2193e-04 -4.8818e-04 -4.5425e-04 -4.2039e-04 -3.8683e-04 -3.5381e-04 -3.2154e-04 -2.9025e-04 -2.6013e-04 -2.3137e-04 -2.0412e-04 -1.7853e-04 -1.5472e-04 -1.3276e-04 -1.1271e-04 -9.4607e-05 -7.8444e-05 -6.4189e-05 -5.1781e-05 -4.1133e-05 -3.2132e-05 -2.4650e-05 -1.8541e-05 -1.3650e-05 -9.8156e-06 -6.8796e-06 -4.6878e-06 -3.0970e-06 -1.9775e-06 -1.2160e-06 -7.1720e-07 -4.0388e-07 -2.1602e-07 -1.0908e-07 -5.1642e-08 -2.2741e-08 -9.2287e-09 -3.4145e-09 -1.1373e-09 -3.3601e-10 -8.6526e-11 -1.9019e-11 -3.4807e-12 -5.1462e-13 -5.9269e-14 -5.0853e-15 -3.0766e-16 -1.2257e-17 -2.9503e-19 -3.8467e-21 -2.3606e-23 -5.6769e-26 -4.1991e-29 -6.8968e-33 -1.6095e-37 -2.8568e-43 -1.5738e-50 -7.1716e-60 -3.5984e-72 -8.1182e-89 -4.0316e-112 -3.7131e-146 -1.1520e-198 -7.3660e-286 -0.0000e+00 -0.0000e+00 -0.0000e+00 -0.0000e+00
-2.8749e-04 -4.0565e-04 -4.9494e-04 -5.6848e-04 -6.3124e-04 9.1049e-03 -7.3329e-04 -7.7490e-04 -8.1113e-04 -8.4241e-04 -8.6903e-04 -8.9125e-04 -9.0925e-04 -9.2318e-04 -9.3319e-04 -9.3940e-04 -9.4192e-04 -9.4088e-04 -9.3639e-04 -9.2858e-04 -9.1758e-04 -9.0351e-04 -8.8652e-04 -8.6678e-04 -8.4444e-04 -8.1968e-04 -7.9268e-04 -7.6366e-04 -7.3281e-04 -7.0035e-04 -6.6652e-04 -6.3156e-04 -5.9570e-04 -5.5921e-04 -5.2234e-04 -4.8535e-04 -4.4850e-04 -4.1203e-04 -3.7621e-04 -3.4127e-04 -3.0744e-04 -2.7493e-04 -2.4394e-04 -2.1464e-04 -1.8718e-04 -1.6168e-04 -1.3823e-04 -1.1689e-04 -9.7672e-05 -8.0578e-05 -6.5565e-05 -5.2557e-05 -4.1453e-05 -3.2125e-05 -2.4423e-05 -1.8185e-05 -1.3234e-05 -9.3940e-06 -6.4879e-06 -4.3477e-06 -2.8184e-06 -1.7611e-06 -1.0566e-06 -6.0591e-07 -3.3040e-07 -1.7031e-07 -8.2421e-08 -3.7156e-08 -1.5462e-08 -5.8760e-09 -2.0142e-09 -6.1372e-10 -1.6336e-10 -3.7207e-11 -7.0747e-12 -1.0901e-12 -1.3126e-13 -1.1818e-14 -7.5321e-16 -3.1753e-17 -8.1277e-19 -1.1331e-20 -7.4813e-23 -1.9492e-25 -1.5744e-28 -2.8493e-32 -7.4038e-37 -1.4813e-42 -9.3321e-50 -4.9489e-59 -2.9528e-71 -8.1407e-88 -5.1196e-111 -6.2671e-145 -2.7695e-197 -2.8026e-284 -0.0000e+00 -0.0000e+00 -0.0000e+00 -0.0000e+00 -2.8748e-04 -4.0560e-04 -4.9479e-04 -5.6817e-04 -6.3071e-04 0.0000e+00 -7.3207e-04 -7.7321e-04 -8.0888e-04 -8.3952e-04 -8.6542e-04 -8.8682e-04 -9.0393e-04 -9.1690e-04 -9.2587e-04 -9.3098e-04 -9.3236e-04 -9.3013e-04 -9.2442e-04 -9.1536e-04 -9.0309e-04 -8.8777e-04 -8.6955e-04 -8.4861e-04 -8.2511e-04 -7.9925e-04 -7.7124e-04 -7.4128e-04 -7.0961e-04 -6.7645e-04 -6.4204e-04 -6.0664e-04 -5.7050e-04 -5.3388e-04 -4.9704e-04 -4.6024e-04 -4.2375e-04 -3.8782e-04 -3.5268e-04 -3.1858e-04 -2.8573e-04 -2.5434e-04 -2.2457e-04 -1.9659e-04 -1.7051e-04 -1.4645e-04 -1.2446e-04 -1.0459e-04 -8.6818e-05 -7.1128e-05 -5.7452e-05 -4.5700e-05 -3.5752e-05 -2.7470e-05 -2.0696e-05 -1.5263e-05 -1.0996e-05 -7.7224e-06 -5.2735e-06 -3.4920e-06 -2.2351e-06 -1.3781e-06 -8.1512e-07 -4.6043e-07 -2.4708e-07 -1.2521e-07 -5.9509e-08 -2.6316e-08 -1.0729e-08 -3.9892e-09 -1.3360e-09 -3.9707e-10 -1.0292e-10 -2.2787e-11 -4.2034e-12 -6.2696e-13 -7.2915e-14 -6.3245e-15 -3.8731e-16 -1.5641e-17 -3.8232e-19 -5.0723e-21 -3.1748e-23 -7.8091e-26 -5.9280e-29 -1.0033e-32 -2.4246e-37 -4.4837e-43 -2.5931e-50 -1.2525e-59 -6.7446e-72 -1.6603e-88 -9.2030e-112 -9.7698e-146 -3.6663e-198 -3.0622e-285 -0.0000e+00 -0.0000e+00 -0.0000e+00 -0.0000e+00
-3.0724e-04 -4.3355e-04 -5.2903e-04 -6.0771e-04 -6.7491e-04 -7.3329e-04 1.2418e-02 -8.2912e-04 -8.6816e-04 -9.0196e-04 -9.3084e-04 -9.5505e-04 -9.7481e-04 -9.9026e-04 -1.0016e-03 -1.0088e-03 -1.0122e-03 -1.0118e-03 -1.0077e-03 -1.0001e-03 -9.8909e-04 -9.7480e-04 -9.5738e-04 -9.3699e-04 -9.1380e-04 -8.8799e-04 -8.5975e-04 -8.2929e-04 -7.9682e-04 -7.6256e-04 -7.2676e-04 -6.8967e-04 -6.5154e-04 -6.1264e-04 -5.7323e-04 -5.3360e-04 -4.9401e-04 -4.5475e-04 -4.1607e-04 -3.7825e-04 -3.4153e-04 -3.0614e-04 -2.7232e-04 -2.4024e-04 -2.1008e-04 -1.8198e-04 -1.5605e-04 -1.3237e-04 -1.1097e-04 -9.1868e-05 -7.5021e-05 -6.0366e-05 -4.7801e-05 -3.7199e-05 -2.8405e-05 -2.1247e-05 -1.5537e-05 -1.1085e-05 -7.6963e-06 -5.1865e-06 -3.3819e-06 -2.1264e-06 -1.2841e-06 -7.4144e-07 -4.0724e-07 -2.1153e-07 -1.0320e-07 -4.6921e-08 -1.9702e-08 -7.5593e-09 -2.6176e-09 -8.0619e-10 -2.1705e-10 -5.0042e-11 -9.6396e-12 -1.5060e-12 -1.8406e-13 -1.6839e-14 -1.0919e-15 -4.6899e-17 -1.2251e-18 -1.7463e-20 -1.1815e-22 -3.1623e-25 -2.6322e-28 -4.9276e-32 -1.3305e-36 -2.7818e-42 -1.8447e-49 -1.0391e-58 -6.6658e-71 -2.0078e-87 -1.4107e-110 -1.9919e-144 -1.0653e-196 -1.4088e-283 -0.0000e+00 -0.0000e+00 -0.0000e+00 -0.0000e+00 -3.0723e-04 -4.3347e-04 -5.2881e-04 -6.0726e-04 -6.7413e-04 -7.3207e-04 0.0000e+00 -8.2665e-04 -8.6488e-04 -8.9774e-04 -9.2556e-04 -9.4860e-04 -9.6705e-04 -9.8110e-04 -9.9089e-04 -9.9656e-04 -9.9826e-04 -9.9611e-04 -9.9024e-04 -9.8080e-04 -9.6794e-04 -9.5181e-04 -9.3258e-04 -9.1043e-04 -8.8554e-04 -8.5813e-04 -8.2839e-04 -7.9656e-04 -7.6287e-04 -7.2757e-04 -6.9091e-04 -6.5316e-04 -6.1460e-04 -5.7549e-04 -5.3611e-04 -4.9675e-04 -4.5769e-04 -4.1918e-04 -3.8150e-04 -3.4489e-04 -3.0960e-04 -2.7583e-04 -2.4378e-04 -2.1362e-04 -1.8549e-04 -1.5949e-04 -1.3571e-04 -1.1418e-04 -9.4908e-05 -7.7866e-05 -6.2990e-05 -5.0185e-05 -3.9327e-05 -3.0271e-05 -2.2851e-05 -1.6886e-05 -1.2192e-05 -8.5823e-06 -5.8753e-06 -3.9008e-06 -2.5039e-06 -1.5485e-06 -9.1894e-07 -5.2091e-07 -2.8060e-07 -1.4278e-07 -6.8162e-08 -3.0287e-08 -1.2412e-08 -4.6413e-09 -1.5640e-09 -4.6797e-10 -1.2219e-10 -2.7272e-11 -5.0755e-12 -7.6447e-13 -8.9873e-14 -7.8892e-15 -4.8960e-16 -2.0068e-17 -4.9877e-19 -6.7423e-21 -4.3103e-23 -1.0860e-25 -8.4735e-29 -1.4800e-32 -3.7096e-37 -7.1583e-43 -4.3527e-50 -2.2317e-59 -1.2917e-71 -3.4742e-88 -2.1522e-111 -2.6369e-145 -1.1985e-197 -1.3095e-284 -0.0000e+00 -0.0000e+00 -0.0000e+00 -0.0000e+00
-3.2443e-04 -4.5783e-04 -5.5872e-04 -6.4192e-04 -7.1304e-04 -7.7490e-04 -8.2912e-04 1.6257e-02 -9.1832e-04 -9.5446e-04 -9.8548e-04 -1.0116e-03 -1.0331e-03 -1.0501e-03 -1.0628e-03 -1.0713e-03 -1.0757e-03 -1.0761e-03 -1.0727e-03 -1.0656e-03 -1.0548e-03 -1.0407e-03 -1.0232e-03 -1.0025e-03 -9.7888e-04 -9.5244e-04 -9.2338e-04 -8.9191e-04 -8.5824e-04 -8.2261e-04 -7.8526e-04 -7.4644e-04 -7.0641e-04 -6.6546e-04 -6.2387e-04 -5.8191e-04 -5.3988e-04 -4.9806e-04 -4.5676e-04 -4.1624e-04 -3.7677e-04 -3.3863e-04 -3.0204e-04 -2.6722e-04 -2.3437e-04 -2.0366e-04 -1.7521e-04 -1.4913e-04 -1.2547e-04 -1.0425e-04 -8.5466e-05 -6.9049e-05 -5.4909e-05 -4.2919e-05 -3.2925e-05 -2.4746e-05 -1.8188e-05 -1.3045e-05 -9.1074e-06 -6.1730e-06 -4.0497e-06 -2.5625e-06 -1.5578e-06 -9.0578e-07 -5.0117e-07 -2.6233e-07 -1.2902e-07 -5.9167e-08 -2.5068e-08 -9.7102e-09 -3.3964e-09 -1.0572e-09 -2.8786e-10 -6.7166e-11 -1.3104e-11 -2.0754e-12 -2.5738e-13 -2.3918e-14 -1.5775e-15 -6.9007e-17 -1.8390e-18 -2.6793e-20 -1.8568e-22 -5.1046e-25 -4.3777e-28 -8.4758e-32 -2.3780e-36 -5.1962e-42 -3.6274e-49 -2.1713e-58 -1.4981e-70 -4.9334e-87 -3.8754e-110 -6.3179e-144 -4.0938e-196 -7.0862e-283 -0.0000e+00 -0.0000e+00 -0.0000e+00 -0.0000e+00 -3.2441e-04 -4.5772e-04 -5.5842e-04 -6.4129e-04 -7.1196e-04 -7.7321e-04 -8.2665e-04 0.0000e+00 -9.1378e-04 -9.4863e-04 -9.7818e-04 -1.0027e-03 -1.0224e-03 -1.0375e-03 -1.0480e-03 -1.0543e-03 -1.0564e-03 -1.0544e-03 -1.0485e-03 -1.0388e-03 -1.0255e-03 -1.0088e-03 -9.8879e-04 -9.6569e-04 -9.3969e-04 -9.1100e-04 -8.7985e-04 -8.4646e-04 -8.1109e-04 -7.7398e-04 -7.3542e-04 -6.9567e-04 -6.5502e-04 -6.1376e-04 -5.7218e-04 -5.3057e-04 -4.8924e-04 -4.4846e-04 -4.0851e-04 -3.6966e-04 -3.3215e-04 -2.9623e-04 -2.6210e-04 -2.2994e-04 -1.9990e-04 -1.7211e-04 -1.4665e-04 -1.2356e-04 -1.0286e-04 -8.4529e-05 -6.8497e-05 -5.4671e-05 -4.2926e-05 -3.3109e-05 -2.5047e-05 -1.8552e-05 -1.3428e-05 -9.4773e-06 -6.5061e-06 -4.3326e-06 -2.7900e-06 -1.7314e-06 -1.0312e-06 -5.8688e-07 -3.1748e-07 -1.6229e-07 -7.7855e-08 -3.4779e-08 -1.4335e-08 -5.3939e-09 -1.8299e-09 -5.5159e-10 -1.4519e-10 -3.2690e-11 -6.1427e-12 -9.3502e-13 -1.1121e-13 -9.8881e-15 -6.2244e-16 -2.5919e-17 -6.5563e-19 -9.0391e-21 -5.9082e-23 -1.5264e-25 -1.2253e-28 -2.2110e-32 -5.7534e-37 -1.1596e-42 -7.4207e-50 -4.0425e-59 -2.5170e-71 -7.4036e-88 -5.1303e-111 -7.2618e-145 -4.0018e-197 -5.7275e-284 -0.0000e+00 -0.0000e+00 -0.0000e+00 -0.0000e+00
-3.3931e-04 -4.7886e-04 -5.8446e-04 -6.7160e-04 -7.4618e-04 -8.1113e-04 -8.6816e-04 -9.1832e-04 2.0630e-02 -1.0007e-03 -1.0337e-03 -1.0618e-03 -1.0850e-03 -1.1036e-03 -1.1178e-03 -1.1276e-03 -1.1332e-03 -1.1347e-03 -1.1322e-03 -1.1258e-03 -1.1157e-03 -1.1019e-03 -1.0847e-03 -1.0642e-03 -1.0405e-03 -1.0138e-03 -9.8435e-04 -9.5228e-04 -9.1783e-04 -8.8122e-04 -8.4271e-04 -8.0255e-04 -7.6100e-04 -7.1834e-04 -6.7487e-04 -6.3088e-04 -5.8666e-04 -5.4253e-04 -4.9879e-04 -4.5573e-04 -4.1364e-04 -3.7282e-04 -3.3351e-04 -2.9598e-04 -2.6043e-04 -2.2705e-04 -1.9601e-04 -1.6744e-04 -1.4140e-04 -1.1795e-04 -9.7089e-05 -7.8772e-05 -6.2917e-05 -4.9405e-05 -3.8082e-05 -2.8765e-05 -2.1252e-05 -1.5325e-05 -1.0760e-05 -7.3359e-06 -4.8422e-06 -3.0836e-06 -1.8872e-06 -1.1051e-06 -6.1593e-07 -3.2489e-07 -1.6109e-07 -7.4499e-08 -3.1847e-08 -1.2452e-08 -4.3988e-09 -1.3836e-09 -3.8093e-10 -8.9937e-11 -1.7768e-11 -2.8520e-12 -3.5881e-13 -3.3864e-14 -2.2710e-15 -1.0116e-16 -2.7498e-18 -4.0942e-20 -2.9062e-22 -8.2052e-25 -7.2501e-28 -1.4519e-31 -4.2334e-36 -9.6698e-42 -7.1086e-49 -4.5233e-58 -3.3586e-70 -1.2099e-86 -1.0635e-109 -2.0036e-143 -1.5747e-195 -3.5728e-282 -0.0000e+00 -0.0000e+00 -0.0000e+00 -0.0000e+00 -3.3928e-04 -4.7871e-04 -5.8405e-04 -6.7077e-04 -7.4474e-04 -8.0888e-04 -8.6488e-04 -9.1378e-04 0.0000e+00 -9.9293e-04 -1.0240e-03 -1.0499e-03 -1.0708e-03 -1.0868e-03 -1.0982e-03 -1.1050e-03 -1.1075e-03 -1.1058e-03 -1.0999e-03 -1.0902e-03 -1.0767e-03 -1.0595e-03 -1.0390e-03 -1.0151e-03 -9.8828e-04 -9.5860e-04 -9.2631e-04 -8.9167e-04 -8.5491e-04 -8.1632e-04 -7.7616e-04 -7.3472e-04 -6.9230e-04 -6.4919e-04 -6.0571e-04 -5.6215e-04 -5.1882e-04 -4.7603e-04 -4.3406e-04 -3.9319e-04 -3.5370e-04 -3.1582e-04 -2.7977e-04 -2.4576e-04 -2.1395e-04 -1.8448e-04 -1.5742e-04 -1.3286e-04 -1.1079e-04 -9.1209e-05 -7.4052e-05 -5.9225e-05 -4.6602e-05 -3.6026e-05 -2.7320e-05 -2.0288e-05 -1.4725e-05 -1.0422e-05 -7.1772e-06 -4.7953e-06 -3.0989e-06 -1.9303e-06 -1.1544e-06 -6.5981e-07 -3.5859e-07 -1.8422e-07 -8.8852e-08 -3.9921e-08 -1.6557e-08 -6.2722e-09 -2.1435e-09 -6.5124e-10 -1.7290e-10 -3.9296e-11 -7.4598e-12 -1.1483e-12 -1.3826e-13 -1.2461e-14 -7.9614e-16 -3.3703e-17 -8.6829e-19 -1.2218e-20 -8.1709e-23 -2.1661e-25 -1.7903e-28 -3.3396e-32 -9.0284e-37 -1.9020e-42 -1.2817e-49 -7.4238e-59 -4.9756e-71 -1.6017e-87 -1.2425e-110 -2.0335e-144 -1.3601e-196 -2.5532e-283 -0.0000e+00 -0.0000e+00 -0.0000e+00 -0.0000e+00
-3.5205e-04 -4.9689e-04 -6.0654e-04 -6.9711e-04 -7.7471e-04 -8.4241e-04 -9.0196e-04 -9.5446e-04 -1.0007e-03 2.5546e-02 -1.0761e-03 -1.1060e-03 -1.1311e-03 -1.1513e-03 -1.1671e-03 -1.1783e-03 -1.1853e-03 -1.1880e-03 -1.1867e-03 -1.1814e-03 -1.1722e-03 -1.1592e-03 -1.1426e-03 -1.1226e-03 -1.0992e-03 -1.0727e-03 -1.0432e-03 -1.0109e-03 -9.7611e-04 -9.3893e-04 -8.9965e-04 -8.5851e-04 -8.1578e-04 -7.7176e-04 -7.2671e-04 -6.8096e-04 -6.3481e-04 -5.8858e-04 -5.4257e-04 -4.9711e-04 -4.5252e-04 -4.0908e-04 -3.6710e-04 -3.2684e-04 -2.8855e-04 -2.5245e-04 -2.1873e-04 -1.8754e-04 -1.5900e-04 -1.3317e-04 -1.1007e-04 -8.9696e-05 -7.1967e-05 -5.6777e-05 -4.3977e-05 -3.3387e-05 -2.4796e-05 -1.7978e-05 -1.2695e-05 -8.7066e-06 -5.7824e-06 -3.7060e-06 -2.2833e-06 -1.3464e-06 -7.5591e-07 -4.0177e-07 -2.0081e-07 -9.3648e-08 -4.0386e-08 -1.5938e-08 -5.6854e-09 -1.8069e-09 -5.0293e-10 -1.2013e-10 -2.4029e-11 -3.9084e-12 -4.9876e-13 -4.7798e-14 -3.2591e-15 -1.4782e-16 -4.0980e-18 -6.2354e-20 -4.5336e-22 -1.3147e-24 -1.1970e-27 -2.4798e-31 -7.5160e-36 -1.7952e-41 -1.3903e-48 -9.4083e-58 -7.5218e-70 -2.9661e-86 -2.9194e-109 -6.3616e-143 -6.0716e-195 -1.8083e-281 -0.0000e+00 -0.0000e+00 -0.0000e+00 -0.0000e+00 -3.5202e-04 -4.9670e-04 -6.0602e-04 -6.9605e-04 -7.7287e-04 -8.3952e-04 -8.9774e-04 -9.4863e-04 -9.9293e-04 0.0000e+00 -1.0637e-03 -1.0908e-03 -1.1127e-03 -1.1297e-03 -1.1418e-03 -1.1493e-03 -1.1522e-03 -1.1508e-03 -1.1452e-03 -1.1355e-03 -1.1219e-03 -1.1045e-03 -1.0836e-03 -1.0593e-03 -1.0318e-03 -1.0014e-03 -9.6827e-04 -9.3264e-04 -8.9480e-04 -8.5500e-04 -8.1354e-04 -7.7071e-04 -7.2681e-04 -6.8214e-04 -6.3703e-04 -5.9178e-04 -5.4672e-04 -5.0216e-04 -4.5840e-04 -4.1573e-04 -3.7443e-04 -3.3477e-04 -2.9697e-04 -2.6125e-04 -2.2778e-04 -1.9671e-04 -1.6815e-04 -1.4216e-04 -1.1878e-04 -9.7978e-05 -7.9716e-05 -6.3898e-05 -5.0397e-05 -3.9058e-05 -2.9698e-05 -2.2116e-05 -1.6099e-05 -1.1432e-05 -7.8988e-06 -5.2964e-06 -3.4359e-06 -2.1490e-06 -1.2908e-06 -7.4122e-07 -4.0485e-07 -2.0910e-07 -1.0143e-07 -4.5856e-08 -1.9145e-08 -7.3048e-09 -2.5158e-09 -7.7077e-10 -2.0650e-10 -4.7397e-11 -9.0946e-12 -1.4164e-12 -1.7274e-13 -1.5788e-14 -1.0244e-15 -4.4111e-17 -1.1580e-18 -1.6640e-20 -1.1392e-22 -3.1004e-25 -2.6397e-28 -5.0932e-32 -1.4312e-36 -3.1529e-42 -2.2387e-49 -1.3794e-58 -9.9574e-71 -3.5100e-87 -3.0502e-110 -5.7770e-144 -4.6946e-196 -1.1575e-282 -0.0000e+00 -0.0000e+00 -0.0000e+00 -0.0000e+00
-3.6279e-04 -5.1209e-04 -6.2519e-04 -7.1870e-04 -7.9893e-04 -8.6903e-04 -9.3084e-04 -9.8548e-04 -1.0337e-03 -1.0761e-03 3.1012e-02 -1.1448e-03 -1.1716e-03 -1.1936e-03 -1.2110e-03 -1.2239e-03 -1.2325e-03 -1.2367e-03 -1.2367e-03 -1.2327e-03 -1.2247e-03 -1.2129e-03 -1.1973e-03 -1.1781e-03 -1.1554e-03 -1.1295e-03 -1.1004e-03 -1.0683e-03 -1.0335e-03 -9.9610e-04 -9.5642e-04 -9.1467e-04 -8.7112e-04 -8.2605e-04 -7.7974e-04 -7.3251e-04 -6.8466e-04 -6.3653e-04 -5.8844e-04 -5.4072e-04 -4.9371e-04 -4.4772e-04 -4.0308e-04 -3.6009e-04 -3.1901e-04 -2.8011e-04 -2.4360e-04 -2.0968e-04 -1.7847e-04 -1.5010e-04 -1.2460e-04 -1.0198e-04 -8.2202e-05 -6.5159e-05 -5.0719e-05 -3.8701e-05 -2.8895e-05 -2.1065e-05 -1.4959e-05 -1.0320e-05 -6.8961e-06 -4.4481e-06 -2.7587e-06 -1.6380e-06 -9.2629e-07 -4.9606e-07 -2.4989e-07 -1.1751e-07 -5.1119e-08 -2.0359e-08 -7.3328e-09 -2.3544e-09 -6.6247e-10 -1.6007e-10 -3.2414e-11 -5.3421e-12 -6.9144e-13 -6.7283e-14 -4.6644e-15 -2.1541e-16 -6.0910e-18 -9.4717e-20 -7.0546e-22 -2.1014e-24 -1.9720e-27 -4.2272e-31 -1.3322e-35 -3.3283e-41 -2.7164e-48 -1.9559e-57 -1.6846e-69 -7.2763e-86 -8.0252e-109 -2.0246e-142 -2.3492e-194 -9.1980e-281 -0.0000e+00 -0.0000e+00 -0.0000e+00 -0.0000e+00 -3.6275e-04 -5.1185e-04 -6.2454e-04 -7.1737e-04 -7.9662e-04 -8.6542e-04 -9.2556e-04 -9.7818e-04 -1.0240e-03 -1.0637e-03 0.0000e+00 -1.1257e-03 -1.1486e-03 -1.1665e-03 -1.1794e-03 -1.1875e-03 -1.1910e-03 -1.1900e-03 -1.1847e-03 -1.1752e-03 -1.1616e-03 -1.1442e-03 -1.1232e-03 -1.0986e-03 -1.0707e-03 -1.0398e-03 -1.0061e-03 -9.6973e-04 -9.3107e-04 -8.9035e-04 -8.4787e-04 -8.0392e-04 -7.5882e-04 -7.1286e-04 -6.6639e-04 -6.1971e-04 -5.7316e-04 -5.2706e-04 -4.8172e-04 -4.3744e-04 -3.9452e-04 -3.5323e-04 -3.1382e-04 -2.7651e-04 -2.4149e-04 -2.0892e-04 -1.7892e-04 -1.5156e-04 -1.2689e-04 -1.0490e-04 -8.5542e-05 -6.8734e-05 -5.4351e-05 -4.2236e-05 -3.2207e-05 -2.4057e-05 -1.7569e-05 -1.2518e-05 -8.6809e-06 -5.8433e-06 -3.8063e-06 -2.3911e-06 -1.4429e-06 -8.3268e-07 -4.5723e-07 -2.3749e-07 -1.1591e-07 -5.2743e-08 -2.2176e-08 -8.5250e-09 -2.9599e-09 -9.1481e-10 -2.4742e-10 -5.7374e-11 -1.1132e-11 -1.7548e-12 -2.1686e-13 -2.0108e-14 -1.3256e-15 -5.8083e-17 -1.5545e-18 -2.2820e-20 -1.5999e-22 -4.4719e-25 -3.9237e-28 -7.8338e-32 -2.2890e-36 -5.2756e-42 -3.9486e-49 -2.5893e-58 -2.0143e-70 -7.7801e-87 -7.5791e-110 -1.6626e-143 -1.6433e-195 -5.3290e-282 -0.0000e+00 -0.0000e+00 -0.0000e+00 -0.0000e+00
-3.7163e-04 -5.2461e-04 -6.4059e-04 -7.3658e-04 -8.1905e-04 -8.9125e-04 -9.5505e-04 -1.0116e-03 -1.0618e-03 -1.1060e-03 -1.1448e-03 3.7041e-02 -1.2070e-03 -1.2308e-03 -1.2500e-03 -1.2647e-03 -1.2749e-03 -1.2809e-03 -1.2826e-03 -1.2801e-03 -1.2736e-03 -1.2632e-03 -1.2490e-03 -1.2310e-03 -1.2094e-03 -1.1844e-03 -1.1560e-03 -1.1246e-03 -1.0902e-03 -1.0530e-03 -1.0133e-03 -9.7131e-04 -9.2728e-04 -8.8149e-04 -8.3422e-04 -7.8577e-04 -7.3648e-04 -6.8666e-04 -6.3665e-04 -5.8681e-04 -5.3748e-04 -4.8901e-04 -4.4173e-04 -3.9598e-04 -3.5207e-04 -3.1028e-04 -2.7087e-04 -2.3406e-04 -2.0004e-04 -1.6895e-04 -1.4085e-04 -1.1580e-04 -9.3771e-05 -7.4685e-05 -5.8420e-05 -4.4805e-05 -3.3629e-05 -2.4650e-05 -1.7604e-05 -1.2216e-05 -8.2129e-06 -5.3310e-06 -3.3282e-06 -1.9896e-06 -1.1332e-06 -6.1143e-07 -3.1043e-07 -1.4718e-07 -6.4579e-08 -2.5954e-08 -9.4380e-09 -3.0612e-09 -8.7068e-10 -2.1281e-10 -4.3625e-11 -7.2849e-12 -9.5634e-13 -9.4496e-14 -6.6605e-15 -3.1322e-16 -9.0343e-18 -1.4359e-19 -1.0957e-21 -3.3535e-24 -3.2440e-27 -7.1976e-31 -2.3592e-35 -6.1676e-41 -5.3072e-48 -4.0678e-57 -3.7764e-69 -1.7877e-85 -2.2112e-108 -6.4643e-142 -9.1298e-194 -4.7074e-280 -0.0000e+00 -0.0000e+00 -0.0000e+00 -0.0000e+00 -3.7158e-04 -5.2432e-04 -6.3980e-04 -7.3495e-04 -8.1622e-04 -8.8682e-04 -9.4860e-04 -1.0027e-03 -1.0499e-03 -1.0908e-03 -1.1257e-03 0.0000e+00 -1.1789e-03 -1.1976e-03 -1.2112e-03 -1.2200e-03 -1.2241e-03 -1.2236e-03 -1.2187e-03 -1.2095e-03 -1.1962e-03 -1.1789e-03 -1.1579e-03 -1.1332e-03 -1.1052e-03 -1.0741e-03 -1.0400e-03 -1.0032e-03 -9.6395e-04 -9.2258e-04 -8.7935e-04 -8.3456e-04 -7.8852e-04 -7.4154e-04 -6.9395e-04 -6.4609e-04 -5.9828e-04 -5.5086e-04 -5.0414e-04 -4.5845e-04 -4.1408e-04 -3.7132e-04 -3.3043e-04 -2.9165e-04 -2.5517e-04 -2.2118e-04 -1.8979e-04 -1.6111e-04 -1.3519e-04 -1.1202e-04 -9.1575e-05 -7.3774e-05 -5.8497e-05 -4.5590e-05 -3.4871e-05 -2.6132e-05 -1.9150e-05 -1.3694e-05 -9.5333e-06 -6.4435e-06 -4.2155e-06 -2.6604e-06 -1.6133e-06 -9.3593e-07 -5.1680e-07 -2.7004e-07 -1.3264e-07 -6.0768e-08 -2.5737e-08 -9.9719e-09 -3.4916e-09 -1.0890e-09 -2.9742e-10 -6.9701e-11 -1.3680e-11 -2.1834e-12 -2.7349e-13 -2.5737e-14 -1.7243e-15 -7.6907e-17 -2.0990e-18 -3.1489e-20 -2.2616e-22 -6.4947e-25 -5.8747e-28 -1.2141e-31 -3.6903e-36 -8.9012e-42 -7.0257e-49 -4.9054e-58 -4.1145e-70 -1.7424e-86 -1.9042e-109 -4.8421e-143 -5.8277e-195 -2.4897e-281 -0.0000e+00 -0.0000e+00 -0.0000e+00 -0.0000e+00
-3.7864e-04 -5.3457e-04 -6.5287e-04 -7.5090e-04 -8.3525e-04 -9.0925e-04 -9.7481e-04 -1.0331e-03 -1.0850e-03 -1.1311e-03 -1.1716e-03 -1.2070e-03 4.3644e-02 -1.2632e-03 -1.2842e-03 -1.3008e-03 -1.3130e-03 -1.3208e-03 -1.3244e-03 -1.3238e-03 -1.3191e-03 -1.3105e-03 -1.2979e-03 -1.2814e-03 -1.2613e-03 -1.2376e-03 -1.2104e-03 -1.1800e-03 -1.1463e-03 -1.1098e-03 -1.0704e-03 -1.0286e-03 -9.8443e-04 -9.3825e-04 -8.9032e-04 -8.4095e-04 -7.9046e-04 -7.3917e-04 -6.8743e-04 -6.3561e-04 -5.8406e-04 -5.3317e-04 -4.8328e-04 -4.3476e-04 -3.8796e-04 -3.4319e-04 -3.0076e-04 -2.6093e-04 -2.2392e-04 -1.8991e-04 -1.5902e-04 -1.3133e-04 -1.0683e-04 -8.5495e-05 -6.7205e-05 -5.1805e-05 -3.9088e-05 -2.8807e-05 -2.0688e-05 -1.4440e-05 -9.7670e-06 -6.3797e-06 -4.0089e-06 -2.4129e-06 -1.3841e-06 -7.5233e-07 -3.8494e-07 -1.8399e-07 -8.1429e-08 -3.3023e-08 -1.2124e-08 -3.9723e-09 -1.1420e-09 -2.8235e-10 -5.8597e-11 -9.9147e-12 -1.3202e-12 -1.3247e-13 -9.4940e-15 -4.5468e-16 -1.3379e-17 -2.1739e-19 -1.6999e-21 -5.3464e-24 -5.3327e-27 -1.2250e-30 -4.1774e-35 -1.1431e-40 -1.0375e-47 -8.4692e-57 -8.4796e-69 -4.4025e-85 -6.1115e-108 -2.0724e-141 -3.5673e-193 -2.4264e-279 -0.0000e+00 -0.0000e+00 -0.0000e+00 -0.0000e+00 -3.7858e-04 -5.3423e-04 -6.5192e-04 -7.4894e-04 -8.3186e-04 -9.0393e-04 -9.6705e-04 -1.0224e-03 -1.0708e-03 -1.1127e-03 -1.1486e-03 -1.1789e-03 0.0000e+00 -1.2231e-03 -1.2376e-03 -1.2471e-03 -1.2518e-03 -1.2519e-03 -1.2475e-03 -1.2387e-03 -1.2258e-03 -1.2088e-03 -1.1880e-03 -1.1635e-03 -1.1355e-03 -1.1044e-03 -1.0701e-03 -1.0331e-03 -9.9362e-04 -9.5187e-04 -9.0815e-04 -8.6277e-04 -8.1605e-04 -7.6830e-04 -7.1985e-04 -6.7104e-04 -6.2220e-04 -5.7367e-04 -5.2578e-04 -4.7885e-04 -4.3320e-04 -3.8912e-04 -3.4688e-04 -3.0673e-04 -2.6889e-04 -2.3354e-04 -2.0083e-04 -1.7087e-04 -1.4372e-04 -1.1939e-04 -9.7855e-05 -7.9052e-05 -6.2866e-05 -4.9147e-05 -3.7714e-05 -2.8360e-05 -2.0859e-05 -1.4974e-05 -1.0467e-05 -7.1048e-06 -4.6695e-06 -2.9612e-06 -1.8050e-06 -1.0529e-06 -5.8479e-07 -3.0747e-07 -1.5203e-07 -7.0145e-08 -2.9934e-08 -1.1692e-08 -4.1297e-09 -1.3001e-09 -3.5866e-10 -8.4971e-11 -1.6873e-11 -2.7276e-12 -3.4640e-13 -3.3092e-14 -2.2538e-15 -1.0236e-16 -2.8496e-18 -4.3699e-20 -3.2162e-22 -9.4918e-25 -8.8536e-28 -1.8945e-31 -5.9924e-36 -1.5133e-41 -1.2601e-48 -9.3725e-58 -8.4807e-70 -3.9398e-86 -4.8339e-109 -1.4263e-142 -2.0929e-194 -1.1799e-280 -0.0000e+00 -0.0000e+00 -0.0000e+00 -0.0000e+00
-3.8390e-04 -5.4207e-04 -6.6216e-04 -7.6179e-04 -8.4767e-04 -9.2318e-04 -9.9026e-04 -1.0501e-03 -1.1036e-03 -1.1513e-03 -1.1936e-03 -1.2308e-03 -1.2632e-03 5.0833e-02 -1.3139e-03 -1.3325e-03 -1.3467e-03 -1.3566e-03 -1.3623e-03 -1.3639e-03 -1.3613e-03 -1.3547e-03 -1.3441e-03 -1.3296e-03 -1.3113e-03 -1.2893e-03 -1.2637e-03 -1.2346e-03 -1.2021e-03 -1.1665e-03 -1.1280e-03 -1.0866e-03 -1.0427e-03 -9.9646e-04 -9.4820e-04 -8.9819e-04 -8.4676e-04 -7.9422e-04 -7.4095e-04 -6.8730e-04 -6.3366e-04 -5.8041e-04 -5.2794e-04 -4.7665e-04 -4.2691e-04 -3.7908e-04 -3.3351e-04 -2.9050e-04 -2.5033e-04 -2.1321e-04 -1.7931e-04 -1.4874e-04 -1.2156e-04 -9.7743e-05 -7.7210e-05 -5.9819e-05 -4.5370e-05 -3.3618e-05 -2.4279e-05 -1.7045e-05 -1.1598e-05 -7.6227e-06 -4.8211e-06 -2.9214e-06 -1.6877e-06 -9.2412e-07 -4.7651e-07 -2.2962e-07 -1.0249e-07 -4.1941e-08 -1.5546e-08 -5.1454e-09 -1.4953e-09 -3.7397e-10 -7.8572e-11 -1.3472e-11 -1.8196e-12 -1.8542e-13 -1.3515e-14 -6.5922e-16 -1.9792e-17 -3.2882e-19 -2.6354e-21 -8.5197e-24 -8.7646e-27 -2.0850e-30 -7.4000e-35 -2.1205e-40 -2.0308e-47 -1.7663e-56 -1.9084e-68 -1.0874e-84 -1.6956e-107 -6.6765e-141 -1.4026e-192 -1.2608e-278 -0.0000e+00 -0.0000e+00 -0.0000e+00 -0.0000e+00 -3.8383e-04 -5.4166e-04 -6.6103e-04 -7.5948e-04 -8.4366e-04 -9.1690e-04 -9.8110e-04 -1.0375e-03 -1.0868e-03 -1.1297e-03 -1.1665e-03 -1.1976e-03 -1.2231e-03 0.0000e+00 -1.2586e-03 -1.2688e-03 -1.2743e-03 -1.2750e-03 -1.2712e-03 -1.2630e-03 -1.2506e-03 -1.2341e-03 -1.2137e-03 -1.1895e-03 -1.1618e-03 -1.1308e-03 -1.0967e-03 -1.0598e-03 -1.0202e-03 -9.7832e-04 -9.3437e-04 -8.8866e-04 -8.4151e-04 -7.9324e-04 -7.4417e-04 -6.9464e-04 -6.4500e-04 -5.9557e-04 -5.4670e-04 -4.9872e-04 -4.5194e-04 -4.0668e-04 -3.6322e-04 -3.2181e-04 -2.8270e-04 -2.4607e-04 -2.1209e-04 -1.8088e-04 -1.5252e-04 -1.2704e-04 -1.0442e-04 -8.4602e-05 -6.7488e-05 -5.2933e-05 -4.0759e-05 -3.0761e-05 -2.2712e-05 -1.6370e-05 -1.1491e-05 -7.8357e-06 -5.1745e-06 -3.2981e-06 -2.0212e-06 -1.1857e-06 -6.6256e-07 -3.5061e-07 -1.7455e-07 -8.1126e-08 -3.4891e-08 -1.3743e-08 -4.8973e-09 -1.5566e-09 -4.3386e-10 -1.0393e-10 -2.0887e-11 -3.4203e-12 -4.4052e-13 -4.2731e-14 -2.9592e-15 -1.3687e-16 -3.8880e-18 -6.0962e-20 -4.5989e-22 -1.3952e-24 -1.3424e-27 -2.9753e-31 -9.7962e-36 -2.5910e-41 -2.2771e-48 -1.8051e-57 -1.7629e-69 -8.9906e-86 -1.2394e-108 -4.2476e-142 -7.6090e-194 -5.6711e-280 -0.0000e+00 -0.0000e+00 -0.0000e+00 -0.0000e+00
-3.8747e-04 -5.4718e-04 -6.6855e-04 -7.6938e-04 -8.5645e-04 -9.3319e-04 -1.0016e-03 -1.0628e-03 -1.1178e-03 -1.1671e-03 -1.2110e-03 -1.2500e-03 -1.2842e-03 -1.3139e-03 5.8624e-02 -1.3598e-03 -1.3763e-03 -1.3885e-03 -1.3965e-03 -1.4004e-03 -1.4002e-03 -1.3960e-03 -1.3877e-03 -1.3755e-03 -1.3594e-03 -1.3394e-03 -1.3157e-03 -1.2884e-03 -1.2576e-03 -1.2233e-03 -1.1859e-03 -1.1454e-03 -1.1021e-03 -1.0562e-03 -1.0079e-03 -9.5758e-04 -9.0548e-04 -8.5195e-04 -7.9734e-04 -7.4203e-04 -6.8642e-04 -6.3091e-04 -5.7591e-04 -5.2184e-04 -4.6913e-04 -4.1817e-04 -3.6934e-04 -3.2300e-04 -2.7948e-04 -2.3905e-04 -2.0192e-04 -1.6825e-04 -1.3813e-04 -1.1160e-04 -8.8584e-05 -6.8977e-05 -5.2588e-05 -3.9176e-05 -2.8450e-05 -2.0088e-05 -1.3750e-05 -9.0938e-06 -5.7888e-06 -3.5315e-06 -2.0545e-06 -1.1333e-06 -5.8889e-07 -2.8608e-07 -1.2879e-07 -5.3182e-08 -1.9902e-08 -6.6544e-09 -1.9549e-09 -4.9459e-10 -1.0521e-10 -1.8281e-11 -2.5049e-12 -2.5927e-13 -1.9220e-14 -9.5501e-16 -2.9261e-17 -4.9715e-19 -4.0847e-21 -1.3577e-23 -1.4409e-26 -3.5508e-30 -1.3121e-34 -3.9387e-40 -3.9820e-47 -3.6922e-56 -4.3073e-68 -2.6955e-84 -4.7254e-107 -2.1630e-140 -5.5536e-192 -6.6111e-278 -0.0000e+00 -0.0000e+00 -0.0000e+00 -0.0000e+00 -3.8739e-04 -5.4670e-04 -6.6724e-04 -7.6669e-04 -8.5178e-04 -9.2587e-04 -9.9089e-04 -1.0480e-03 -1.0982e-03 -1.1418e-03 -1.1794e-03 -1.2112e-03 -1.2376e-03 -1.2586e-03 0.0000e+00 -1.2855e-03 -1.2917e-03 -1.2931e-03 -1.2900e-03 -1.2825e-03 -1.2707e-03 -1.2549e-03 -1.2350e-03 -1.2114e-03 -1.1842e-03 -1.1536e-03 -1.1199e-03 -1.0832e-03 -1.0438e-03 -1.0020e-03 -9.5809e-04 -9.1231e-04 -8.6498e-04 -8.1643e-04 -7.6697e-04 -7.1696e-04 -6.6672e-04 -6.1660e-04 -5.6694e-04 -5.1808e-04 -4.7035e-04 -4.2405e-04 -3.7949e-04 -3.3694e-04 -2.9664e-04 -2.5880e-04 -2.2360e-04 -1.9119e-04 -1.6164e-04 -1.3501e-04 -1.1130e-04 -9.0456e-05 -7.2393e-05 -5.6975e-05 -4.4030e-05 -3.3356e-05 -2.4726e-05 -1.7897e-05 -1.2619e-05 -8.6452e-06 -5.7375e-06 -3.6762e-06 -2.2654e-06 -1.3369e-06 -7.5167e-07 -4.0041e-07 -2.0075e-07 -9.4007e-08 -4.0755e-08 -1.6190e-08 -5.8224e-09 -1.8688e-09 -5.2637e-10 -1.2752e-10 -2.5941e-11 -4.3043e-12 -5.6232e-13 -5.5398e-14 -3.9018e-15 -1.8384e-16 -5.3293e-18 -8.5461e-20 -6.6099e-22 -2.0619e-24 -2.0470e-27 -4.7006e-31 -1.6116e-35 -4.4661e-41 -4.1443e-48 -3.5029e-57 -3.6949e-69 -2.0700e-85 -3.2089e-108 -1.2788e-141 -2.8005e-193 -2.7648e-279 -0.0000e+00 -0.0000e+00 -0.0000e+00 -0.0000e+00
-3.8941e-04 -5.4999e-04 -6.7214e-04 -7.7377e-04 -8.6170e-04 -9.3940e-04 -1.0088e-03 -1.0713e-03 -1.1276e-03 -1.1783e-03 -1.2239e-03 -1.2647e-03 -1.3008e-03 -1.3325e-03 -1.3598e-03 6.7032e-02 -1.4017e-03 -1.4164e-03 -1.4270e-03 -1.4335e-03 -1.4360e-03 -1.4344e-03 -1.4287e-03 -1.4191e-03 -1.4055e-03 -1.3880e-03 -1.3666e-03 -1.3415e-03 -1.3126e-03 -1.2802e-03 -1.2443e-03 -1.2050e-03 -1.1627e-03 -1.1174e-03 -1.0695e-03 -1.0192e-03 -9.6669e-04 -9.1242e-04 -8.5671e-04 -7.9993e-04 -7.4250e-04 -6.8483e-04 -6.2736e-04 -5.7054e-04 -5.1483e-04 -4.6066e-04 -4.0847e-04 -3.5866e-04 -3.1162e-04 -2.6766e-04 -2.2707e-04 -1.9005e-04 -1.5675e-04 -1.2724e-04 -1.0149e-04 -7.9423e-05 -6.0866e-05 -4.5585e-05 -3.3288e-05 -2.3639e-05 -1.6278e-05 -1.0832e-05 -6.9399e-06 -4.2623e-06 -2.4971e-06 -1.3876e-06 -7.2666e-07 -3.5589e-07 -1.6160e-07 -6.7337e-08 -2.5442e-08 -8.5943e-09 -2.5524e-09 -6.5332e-10 -1.4072e-10 -2.4782e-11 -3.4453e-12 -3.6224e-13 -2.7316e-14 -1.3829e-15 -4.3250e-17 -7.5162e-19 -6.3324e-21 -2.1645e-23 -2.3706e-26 -6.0537e-30 -2.3298e-34 -7.3290e-40 -7.8256e-47 -7.7397e-56 -9.7553e-68 -6.7098e-84 -1.3237e-106 -7.0516e-140 -2.2164e-191 -3.5015e-277 -0.0000e+00 -0.0000e+00 -0.0000e+00 -0.0000e+00 -3.8931e-04 -5.4944e-04 -6.7063e-04 -7.7068e-04 -8.5634e-04 -9.3098e-04 -9.9656e-04 -1.0543e-03 -1.1050e-03 -1.1493e-03 -1.1875e-03 -1.2200e-03 -1.2471e-03 -1.2688e-03 -1.2855e-03 0.0000e+00 -1.3042e-03 -1.3064e-03 -1.3041e-03 -1.2974e-03 -1.2864e-03 -1.2713e-03 -1.2522e-03 -1.2293e-03 -1.2027e-03 -1.1728e-03 -1.1396e-03 -1.1034e-03 -1.0645e-03 -1.0230e-03 -9.7937e-04 -9.3375e-04 -8.8649e-04 -8.3790e-04 -7.8830e-04 -7.3802e-04 -6.8741e-04 -6.3680e-04 -5.8655e-04 -5.3699e-04 -4.8845e-04 -4.4126e-04 -3.9573e-04 -3.5213e-04 -3.1074e-04 -2.7176e-04 -2.3540e-04 -2.0181e-04 -1.7110e-04 -1.4334e-04 -1.1853e-04 -9.6643e-05 -7.7608e-05 -6.1298e-05 -4.7549e-05 -3.6164e-05 -2.6919e-05 -1.9570e-05 -1.3862e-05 -9.5433e-06 -6.3660e-06 -4.1011e-06 -2.5418e-06 -1.5090e-06 -8.5395e-07 -4.5800e-07 -2.3128e-07 -1.0914e-07 -4.7704e-08 -1.9116e-08 -6.9389e-09 -2.2494e-09 -6.4039e-10 -1.5693e-10 -3.2321e-11 -5.4348e-12 -7.2034e-13 -7.2087e-14 -5.1648e-15 -2.4794e-16 -7.3369e-18 -1.2036e-19 -9.5463e-22 -3.0629e-24 -3.1383e-27 -7.4688e-31 -2.6673e-35 -7.7478e-41 -7.5946e-48 -6.8484e-57 -7.8063e-69 -4.8078e-85 -8.3890e-108 -3.8916e-141 -1.0435e-192 -1.3675e-278 -0.0000e+00 -0.0000e+00 -0.0000e+00 -0.0000e+00
