1.1989e-04 -1.7642e-04 -2.1564e-04 -2.4831e-04 -2.7662e-04 -3.0169e-04 -3.2418e-04 -3.4449e-04 -3.6291e-04 -3.7965e-04 -3.9485e-04 -4.0863e-04 -4.2109e-04 -4.3229e-04 -4.4231e-04 -4.5119e-04 -4.5898e-04 -4.6573e-04 -4.7147e-04 -4.7623e-04 -4.8006e-04 -4.8299e-04 -4.8504e-04 -4.8625e-04 -4.8665e-04 -4.8628e-04 -4.8515e-04 -4.8331e-04 -4.8079e-04 -4.7761e-04 -4.7381e-04 -4.6943e-04 -4.6448e-04 -4.5901e-04 -4.5304e-04 -4.4661e-04 -4.3975e-04 -4.3249e-04 -4.2487e-04 -4.1691e-04 -4.0864e-04 -4.0010e-04 -3.9131e-04 -3.8231e-04 -3.7312e-04 -3.6377e-04 -3.5428e-04 -3.4469e-04 -3.3502e-04 -3.2529e-04 -3.1553e-04 -3.0576e-04 -2.9600e-04 -2.8627e-04 -2.7659e-04 -2.6699e-04 -2.5746e-04 -2.4805e-04 -2.3874e-04 -2.2958e-04 -2.2055e-04 -2.1169e-04 -2.0299e-04 -1.9447e-04 -1.8613e-04 -1.7799e-04 -1.7005e-04 -1.6232e-04 -1.5479e-04 -1.4749e-04 -1.4040e-04 -1.3353e-04 -1.2688e-04 -1.2046e-04 -1.1426e-04 -1.0828e-04 -1.0253e-04 -9.6991e-05 -9.1674e-05 -8.6572e-05 -8.1682e-05 -7.7001e-05 -7.2525e-05 -6.8250e-05 -6.4171e-05 -6.0283e-05 -5.6582e-05 -5.3062e-05 -4.9718e-05 -4.6544e-05 -4.3536e-05 -4.0687e-05 -3.7992e-05 -3.5445e-05 -3.3041e-05 -3.0773e-05 -2.8636e-05 -2.6625e-05 -2.4735e-05 -2.2959e-05 0.0000e+00 1.7642e-04 2.1564e-04 2.4831e-04 2.7662e-04 3.0169e-04 3.2417e-04 3.4448e-04 3.6290e-04 3.7963e-04 3.9483e-04 4.0861e-04 4.2107e-04 4.3227e-04 4.4228e-04 4.5115e-04 4.5894e-04 4.6568e-04 4.7141e-04 4.7617e-04 4.7999e-04 4.8291e-04 4.8496e-04 4.8616e-04 4.8656e-04 4.8617e-04 4.8504e-04 4.8319e-04 4.8066e-04 4.7748e-04 4.7367e-04 4.6927e-04 4.6432e-04 4.5884e-04 4.5286e-04 4.4643e-04 4.3956e-04 4.3229e-04 4.2466e-04 4.1669e-04 4.0842e-04 3.9987e-04 3.9108e-04 3.8207e-04 3.7288e-04 3.6352e-04 3.5403e-04 3.4444e-04 3.3476e-04 3.2503e-04 3.1527e-04 3.0550e-04 2.9573e-04 2.8600e-04 2.7633e-04 2.6672e-04 2.5720e-04 2.4778e-04 2.3848e-04 2.2931e-04 2.2029e-04 2.1143e-04 2.0273e-04 1.9421e-04 1.8588e-04 1.7774e-04 1.6981e-04 1.6208e-04 1.5456e-04 1.4725e-04 1.4017e-04 1.3331e-04 1.2666e-04 1.2025e-04 1.1405e-04 1.0808e-04 1.0233e-04 9.6802e-05 9.1491e-05 8.6395e-05 8.1511e-05 7.6836e-05 7.2366e-05 6.8096e-05 6.4023e-05 6.0141e-05 5.6445e-05 5.2931e-05 4.9592e-05 4.6424e-05 4.3421e-05 4.0577e-05 3.7887e-05 3.5345e-05 3.2945e-05 3.0682e-05 2.8550e-05 2.6544e-05 2.4657e-05 2.2885e-05
-1.7642e-04 4.7956e-04 -3.0460e-04 -3.5074e-04 -3.9074e-04 -4.2616e-04 -4.5792e-04 -4.8662e-04 -5.1266e-04 -5.3631e-04 -5.5779e-04 -5.7728e-04 -5.9489e-04 -6.1074e-04 -6.2491e-04 -6.3747e-04 -6.4850e-04 -6.5805e-04 -6.6619e-04 -6.7295e-04 -6.7838e-04 -6.8254e-04 -6.8547e-04 -6.8722e-04 -6.8782e-04 -6.8732e-04 -6.8577e-04 -6.8320e-04 -6.7967e-04 -6.7522e-04 -6.6989e-04 -6.6372e-04 -6.5677e-04 -6.4907e-04 -6.4068e-04 -6.3163e-04 -6.2197e-04 -6.1175e-04 -6.0101e-04 -5.8979e-04 -5.7814e-04 -5.6610e-04 -5.5372e-04 -5.4102e-04 -5.2806e-04 -5.1487e-04 -5.0149e-04 -4.8796e-04 -4.7431e-04 -4.6058e-04 -4.4681e-04 -4.3301e-04 -4.1923e-04 -4.0549e-04 -3.9183e-04 -3.7826e-04 -3.6481e-04 -3.5150e-04 -3.3836e-04 -3.2540e-04 -3.1265e-04 -3.0012e-04 -2.8782e-04 -2.7577e-04 -2.6398e-04 -2.5247e-04 -2.4123e-04 -2.3029e-04 -2.1965e-04 -2.0931e-04 -1.9927e-04 -1.8955e-04 -1.8014e-04 -1.7104e-04 -1.6226e-04 -1.5380e-04 -1.4564e-04 -1.3780e-04 -1.3027e-04 -1.2304e-04 -1.1610e-04 -1.0947e-04 -1.0312e-04 -9.7057e-05 -9.1271e-05 -8.5755e-05 -8.0503e-05 -7.5508e-05 -7.0761e-05 -6.6256e-05 -6.1984e-05 -5.7938e-05 -5.4110e-05 -5.0491e-05 -4.7075e-05 -4.3852e-05 -4.0814e-05 -3.7955e-05 -3.5267e-05 -3.2741e-05 1.7642e-04 0.0000e+00 3.0460e-04 3.5074e-04 3.9073e-04 4.2614e-04 4.5790e-04 4.8658e-04 5.1260e-04 5.3624e-04 5.5771e-04 5.7717e-04 5.9476e-04 6.1058e-04 6.2473e-04 6.3726e-04 6.4826e-04 6.5778e-04 6.6588e-04 6.7260e-04 6.7800e-04 6.8212e-04 6.8501e-04 6.8671e-04 6.8727e-04 6.8673e-04 6.8513e-04 6.8252e-04 6.7894e-04 6.7444e-04 6.6906e-04 6.6285e-04 6.5586e-04 6.4811e-04 6.3968e-04 6.3058e-04 6.2089e-04 6.1062e-04 5.9984e-04 5.8859e-04 5.7690e-04 5.6483e-04 5.5241e-04 5.3968e-04 5.2669e-04 5.1348e-04 5.0008e-04 4.8652e-04 4.7286e-04 4.5911e-04 4.4532e-04 4.3152e-04 4.1773e-04 4.0399e-04 3.9031e-04 3.7674e-04 3.6329e-04 3.4999e-04 3.3686e-04 3.2391e-04 3.1117e-04 2.9864e-04 2.8636e-04 2.7433e-04 2.6256e-04 2.5107e-04 2.3985e-04 2.2894e-04 2.1832e-04 2.0800e-04 1.9799e-04 1.8830e-04 1.7892e-04 1.6985e-04 1.6110e-04 1.5267e-04 1.4454e-04 1.3673e-04 1.2923e-04 1.2203e-04 1.1514e-04 1.0853e-04 1.0222e-04 9.6187e-05 9.0433e-05 8.4950e-05 7.9730e-05 7.4765e-05 7.0050e-05 6.5575e-05 6.1333e-05 5.7316e-05 5.3516e-05 4.9926e-05 4.6536e-05 4.3339e-05 4.0328e-05 3.7494e-05 3.4829e-05 3.2326e-05
-2.1564e-04 -3.0460e-04 1.0789e-03 -4.2872e-04 -4.7762e-04 -5.2092e-04 -5.5976e-04 -5.9486e-04 -6.2670e-04 -6.5563e-04 -6.8192e-04 -7.0577e-04 -7.2733e-04 -7.4674e-04 -7.6410e-04 -7.7950e-04 -7.9303e-04 -8.0476e-04 -8.1475e-04 -8.2307e-04 -8.2977e-04 -8.3492e-04 -8.3856e-04 -8.4076e-04 -8.4156e-04 -8.4102e-04 -8.3919e-04 -8.3613e-04 -8.3188e-04 -8.2651e-04 -8.2006e-04 -8.1260e-04 -8.0417e-04 -7.9483e-04 -7.8463e-04 -7.7364e-04 -7.6190e-04 -7.4947e-04 -7.3640e-04 -7.2275e-04 -7.0856e-04 -6.9390e-04 -6.7881e-04 -6.6333e-04 -6.4753e-04 -6.3145e-04 -6.1513e-04 -5.9863e-04 -5.8198e-04 -5.6522e-04 -5.4840e-04 -5.3156e-04 -5.1473e-04 -4.9794e-04 -4.8124e-04 -4.6466e-04 -4.4821e-04 -4.3194e-04 -4.1587e-04 -4.0002e-04 -3.8442e-04 -3.6908e-04 -3.5403e-04 -3.3927e-04 -3.2484e-04 -3.1073e-04 -2.9697e-04 -2.8356e-04 -2.7051e-04 -2.5783e-04 -2.4553e-04 -2.3360e-04 -2.2205e-04 -2.1089e-04 -2.0011e-04 -1.8972e-04 -1.7970e-04 -1.7007e-04 -1.6081e-04 -1.5192e-04 -1.4340e-04 -1.3524e-04 -1.2743e-04 -1.1997e-04 -1.1284e-04 -1.0605e-04 -9.9585e-05 -9.3431e-05 -8.7582e-05 -8.2029e-05 -7.6762e-05 -7.1772e-05 -6.7049e-05 -6.2583e-05 -5.8365e-05 -5.4385e-05 -5.0634e-05 -4.7101e-05 -4.3778e-05 -4.0655e-05 2.1564e-04 3.0460e-04 0.0000e+00 4.2870e-04 4.7758e-04 5.2087e-04 5.5969e-04 5.9475e-04 6.2655e-04 6.5544e-04 6.8168e-04 7.0548e-04 7.2698e-04 7.4632e-04 7.6360e-04 7.7892e-04 7.9237e-04 8.0401e-04 8.1390e-04 8.2212e-04 8.2872e-04 8.3376e-04 8.3729e-04 8.3937e-04 8.4005e-04 8.3938e-04 8.3743e-04 8.3424e-04 8.2987e-04 8.2437e-04 8.1780e-04 8.1021e-04 8.0165e-04 7.9219e-04 7.8187e-04 7.7076e-04 7.5891e-04 7.4636e-04 7.3319e-04 7.1943e-04 7.0515e-04 6.9039e-04 6.7521e-04 6.5965e-04 6.4378e-04 6.2762e-04 6.1124e-04 5.9468e-04 5.7797e-04 5.6117e-04 5.4432e-04 5.2744e-04 5.1059e-04 4.9379e-04 4.7708e-04 4.6049e-04 4.4405e-04 4.2779e-04 4.1174e-04 3.9591e-04 3.8034e-04 3.6503e-04 3.5002e-04 3.3531e-04 3.2093e-04 3.0688e-04 2.9317e-04 2.7983e-04 2.6685e-04 2.5424e-04 2.4200e-04 2.3015e-04 2.1869e-04 2.0761e-04 1.9691e-04 1.8660e-04 1.7668e-04 1.6713e-04 1.5796e-04 1.4916e-04 1.4073e-04 1.3266e-04 1.2494e-04 1.1757e-04 1.1054e-04 1.0383e-04 9.7453e-05 9.1385e-05 8.5621e-05 8.0152e-05 7.4967e-05 7.0057e-05 6.5412e-05 6.1024e-05 5.6880e-05 5.2973e-05 4.9292e-05 4.5828e-05 4.2571e-05 3.9512e-05
-2.4831e-04 -3.5074e-04 -4.2872e-04 1.9180e-03 -5.4999e-04 -5.9988e-04 -6.4462e-04 -6.8506e-04 -7.2176e-04 -7.5511e-04 -7.8543e-04 -8.1294e-04 -8.3782e-04 -8.6022e-04 -8.8028e-04 -8.9809e-04 -9.1374e-04 -9.2733e-04 -9.3892e-04 -9.4859e-04 -9.5640e-04 -9.6243e-04 -9.6672e-04 -9.6936e-04 -9.7039e-04 -9.6987e-04 -9.6788e-04 -9.6446e-04 -9.5969e-04 -9.5362e-04 -9.4631e-04 -9.3782e-04 -9.2823e-04 -9.1759e-04 -9.0596e-04 -8.9341e-04 -8.7999e-04 -8.6578e-04 -8.5083e-04 -8.3520e-04 -8.1895e-04 -8.0215e-04 -7.8485e-04 -7.6711e-04 -7.4899e-04 -7.3053e-04 -7.1180e-04 -6.9285e-04 -6.7372e-04 -6.5446e-04 -6.3513e-04 -6.1576e-04 -5.9640e-04 -5.7709e-04 -5.5787e-04 -5.3878e-04 -5.1984e-04 -5.0110e-04 -4.8258e-04 -4.6431e-04 -4.4632e-04 -4.2862e-04 -4.1125e-04 -3.9423e-04 -3.7756e-04 -3.6127e-04 -3.4537e-04 -3.2987e-04 -3.1478e-04 -3.0012e-04 -2.8588e-04 -2.7208e-04 -2.5871e-04 -2.4579e-04 -2.3330e-04 -2.2125e-04 -2.0964e-04 -1.9847e-04 -1.8773e-04 -1.7741e-04 -1.6752e-04 -1.5804e-04 -1.4897e-04 -1.4030e-04 -1.3202e-04 -1.2412e-04 -1.1659e-04 -1.0943e-04 -1.0261e-04 -9.6145e-05 -9.0007e-05 -8.4189e-05 -7.8680e-05 -7.3469e-05 -6.8545e-05 -6.3897e-05 -5.9514e-05 -5.5385e-05 -5.1499e-05 -4.7845e-05 2.4831e-04 3.5074e-04 4.2870e-04 0.0000e+00 5.4992e-04 5.9977e-04 6.4446e-04 6.8484e-04 7.2146e-04 7.5473e-04 7.8494e-04 8.1234e-04 8.3709e-04 8.5936e-04 8.7926e-04 8.9691e-04 9.1239e-04 9.2579e-04 9.3718e-04 9.4665e-04 9.5425e-04 9.6005e-04 9.6411e-04 9.6651e-04 9.6729e-04 9.6653e-04 9.6428e-04 9.6060e-04 9.5557e-04 9.4924e-04 9.4167e-04 9.3293e-04 9.2308e-04 9.1218e-04 9.0031e-04 8.8751e-04 8.7386e-04 8.5942e-04 8.4424e-04 8.2840e-04 8.1196e-04 7.9496e-04 7.7748e-04 7.5957e-04 7.4129e-04 7.2269e-04 7.0383e-04 6.8475e-04 6.6552e-04 6.4618e-04 6.2677e-04 6.0734e-04 5.8793e-04 5.6858e-04 5.4934e-04 5.3024e-04 5.1131e-04 4.9259e-04 4.7410e-04 4.5588e-04 4.3795e-04 4.2032e-04 4.0304e-04 3.8610e-04 3.6954e-04 3.5336e-04 3.3758e-04 3.2221e-04 3.0726e-04 2.9275e-04 2.7866e-04 2.6502e-04 2.5181e-04 2.3905e-04 2.2674e-04 2.1487e-04 2.0344e-04 1.9244e-04 1.8188e-04 1.7175e-04 1.6204e-04 1.5275e-04 1.4386e-04 1.3538e-04 1.2728e-04 1.1956e-04 1.1221e-04 1.0523e-04 9.8589e-05 9.2291e-05 8.6321e-05 8.0667e-05 7.5320e-05 7.0266e-05 6.5495e-05 6.0996e-05 5.6758e-05 5.2769e-05 4.9018e-05 4.5496e-05
-2.7662e-04 -3.9074e-04 -4.7762e-04 -5.4999e-04 2.9965e-03 -6.6834e-04 -7.1822e-04 -7.6331e-04 -8.0424e-04 -8.4145e-04 -8.7528e-04 -9.0600e-04 -9.3380e-04 -9.5884e-04 -9.8128e-04 -1.0012e-03 -1.0188e-03 -1.0340e-03 -1.0471e-03 -1.0580e-03 -1.0668e-03 -1.0737e-03 -1.0786e-03 -1.0817e-03 -1.0830e-03 -1.0826e-03 -1.0805e-03 -1.0768e-03 -1.0717e-03 -1.0651e-03 -1.0571e-03 -1.0478e-03 -1.0373e-03 -1.0256e-03 -1.0128e-03 -9.9897e-04 -9.8417e-04 -9.6848e-04 -9.5197e-04 -9.3469e-04 -9.1672e-04 -8.9813e-04 -8.7897e-04 -8.5931e-04 -8.3922e-04 -8.1875e-04 -7.9797e-04 -7.7693e-04 -7.5569e-04 -7.3429e-04 -7.1280e-04 -6.9127e-04 -6.6973e-04 -6.4824e-04 -6.2685e-04 -6.0558e-04 -5.8448e-04 -5.6359e-04 -5.4293e-04 -5.2255e-04 -5.0247e-04 -4.8272e-04 -4.6332e-04 -4.4429e-04 -4.2566e-04 -4.0744e-04 -3.8965e-04 -3.7231e-04 -3.5541e-04 -3.3899e-04 -3.2303e-04 -3.0756e-04 -2.9256e-04 -2.7806e-04 -2.6404e-04 -2.5051e-04 -2.3746e-04 -2.2490e-04 -2.1282e-04 -2.0121e-04 -1.9008e-04 -1.7940e-04 -1.6918e-04 -1.5940e-04 -1.5006e-04 -1.4115e-04 -1.3265e-04 -1.2456e-04 -1.1686e-04 -1.0955e-04 -1.0260e-04 -9.6016e-05 -8.9778e-05 -8.3874e-05 -7.8292e-05 -7.3020e-05 -6.8046e-05 -6.3358e-05 -5.8943e-05 -5.4790e-05 2.7662e-04 3.9073e-04 4.7758e-04 5.4992e-04 0.0000e+00 6.6815e-04 7.1794e-04 7.6292e-04 8.0372e-04 8.4078e-04 8.7444e-04 9.0496e-04 9.3254e-04 9.5734e-04 9.7952e-04 9.9917e-04 1.0164e-03 1.0313e-03 1.0440e-03 1.0546e-03 1.0630e-03 1.0695e-03 1.0740e-03 1.0767e-03 1.0776e-03 1.0767e-03 1.0742e-03 1.0701e-03 1.0645e-03 1.0575e-03 1.0490e-03 1.0393e-03 1.0283e-03 1.0162e-03 1.0030e-03 9.8870e-04 9.7349e-04 9.5740e-04 9.4050e-04 9.2285e-04 9.0453e-04 8.8560e-04 8.6613e-04 8.4617e-04 8.2581e-04 8.0509e-04 7.8407e-04 7.6283e-04 7.4140e-04 7.1985e-04 6.9822e-04 6.7658e-04 6.5496e-04 6.3341e-04 6.1198e-04 5.9070e-04 5.6961e-04 5.4875e-04 5.2816e-04 5.0786e-04 4.8788e-04 4.6824e-04 4.4899e-04 4.3012e-04 4.1167e-04 3.9364e-04 3.7607e-04 3.5895e-04 3.4229e-04 3.2612e-04 3.1043e-04 2.9523e-04 2.8052e-04 2.6631e-04 2.5259e-04 2.3936e-04 2.2663e-04 2.1438e-04 2.0262e-04 1.9133e-04 1.8052e-04 1.7016e-04 1.6026e-04 1.5081e-04 1.4179e-04 1.3319e-04 1.2500e-04 1.1722e-04 1.0983e-04 1.0281e-04 9.6160e-05 8.9862e-05 8.3905e-05 7.8275e-05 7.2960e-05 6.7948e-05 6.3227e-05 5.8783e-05 5.4605e-05 5.0681e-05
-3.0169e-04 -4.2616e-04 -5.2092e-04 -5.9988e-04 -6.6834e-04 4.3145e-03 -7.8345e-04 -8.3268e-04 -8.7738e-04 -9.1804e-04 -9.5502e-04 -9.8861e-04 -1.0190e-03 -1.0465e-03 -1.0711e-03 -1.0929e-03 -1.1122e-03 -1.1290e-03 -1.1434e-03 -1.1555e-03 -1.1653e-03 -1.1730e-03 -1.1785e-03 -1.1821e-03 -1.1837e-03 -1.1835e-03 -1.1814e-03 -1.1777e-03 -1.1723e-03 -1.1653e-03 -1.1568e-03 -1.1469e-03 -1.1356e-03 -1.1231e-03 -1.1093e-03 -1.0944e-03 -1.0785e-03 -1.0616e-03 -1.0438e-03 -1.0251e-03 -1.0057e-03 -9.8556e-04 -9.6482e-04 -9.4352e-04 -9.2174e-04 -8.9954e-04 -8.7699e-04 -8.5414e-04 -8.3106e-04 -8.0781e-04 -7.8444e-04 -7.6100e-04 -7.3756e-04 -7.1415e-04 -6.9083e-04 -6.6764e-04 -6.4463e-04 -6.2183e-04 -5.9928e-04 -5.7701e-04 -5.5506e-04 -5.3346e-04 -5.1223e-04 -4.9141e-04 -4.7100e-04 -4.5104e-04 -4.3154e-04 -4.1251e-04 -3.9398e-04 -3.7594e-04 -3.5841e-04 -3.4140e-04 -3.2491e-04 -3.0895e-04 -2.9352e-04 -2.7861e-04 -2.6424e-04 -2.5039e-04 -2.3706e-04 -2.2424e-04 -2.1194e-04 -2.0014e-04 -1.8884e-04 -1.7802e-04 -1.6768e-04 -1.5781e-04 -1.4839e-04 -1.3942e-04 -1.3087e-04 -1.2275e-04 -1.1504e-04 -1.0771e-04 -1.0078e-04 -9.4203e-05 -8.7986e-05 -8.2111e-05 -7.6564e-05 -7.1332e-05 -6.6402e-05 -6.1762e-05 3.0169e-04 4.2614e-04 5.2087e-04 5.9977e-04 6.6815e-04 0.0000e+00 7.8301e-04 8.3207e-04 8.7656e-04 9.1698e-04 9.5369e-04 9.8698e-04 1.0171e-03 1.0441e-03 1.0683e-03 1.0897e-03 1.1085e-03 1.1248e-03 1.1387e-03 1.1502e-03 1.1594e-03 1.1664e-03 1.1714e-03 1.1743e-03 1.1752e-03 1.1743e-03 1.1716e-03 1.1671e-03 1.1610e-03 1.1533e-03 1.1441e-03 1.1335e-03 1.1215e-03 1.1083e-03 1.0939e-03 1.0783e-03 1.0617e-03 1.0442e-03 1.0257e-03 1.0065e-03 9.8651e-04 9.6586e-04 9.4463e-04 9.2287e-04 9.0065e-04 8.7805e-04 8.5514e-04 8.3196e-04 8.0859e-04 7.8509e-04 7.6151e-04 7.3790e-04 7.1432e-04 6.9082e-04 6.6744e-04 6.4423e-04 6.2123e-04 5.9848e-04 5.7602e-04 5.5388e-04 5.3209e-04 5.1068e-04 4.8967e-04 4.6910e-04 4.4897e-04 4.2932e-04 4.1015e-04 3.9147e-04 3.7331e-04 3.5567e-04 3.3856e-04 3.2198e-04 3.0594e-04 2.9044e-04 2.7547e-04 2.6105e-04 2.4716e-04 2.3381e-04 2.2098e-04 2.0867e-04 1.9687e-04 1.8558e-04 1.7478e-04 1.6447e-04 1.5463e-04 1.4526e-04 1.3633e-04 1.2784e-04 1.1978e-04 1.1212e-04 1.0487e-04 9.8002e-05 9.1505e-05 8.5365e-05 7.9569e-05 7.4103e-05 6.8953e-05 6.4107e-05 5.9550e-05 5.5270e-05
-3.2418e-04 -4.5792e-04 -5.5976e-04 -6.4462e-04 -7.1822e-04 -7.8345e-04 5.8716e-03 -8.9497e-04 -9.4308e-04 -9.8686e-04 -1.0267e-03 -1.0629e-03 -1.0957e-03 -1.1254e-03 -1.1520e-03 -1.1756e-03 -1.1966e-03 -1.2148e-03 -1.2305e-03 -1.2436e-03 -1.2544e-03 -1.2629e-03 -1.2691e-03 -1.2732e-03 -1.2752e-03 -1.2752e-03 -1.2733e-03 -1.2695e-03 -1.2640e-03 -1.2568e-03 -1.2479e-03 -1.2376e-03 -1.2257e-03 -1.2125e-03 -1.1980e-03 -1.1823e-03 -1.1654e-03 -1.1475e-03 -1.1286e-03 -1.1087e-03 -1.0881e-03 -1.0667e-03 -1.0446e-03 -1.0219e-03 -9.9866e-04 -9.7496e-04 -9.5087e-04 -9.2645e-04 -9.0176e-04 -8.7687e-04 -8.5185e-04 -8.2674e-04 -8.0160e-04 -7.7649e-04 -7.5146e-04 -7.2655e-04 -7.0182e-04 -6.7730e-04 -6.5303e-04 -6.2906e-04 -6.0542e-04 -5.8213e-04 -5.5924e-04 -5.3677e-04 -5.1474e-04 -4.9317e-04 -4.7209e-04 -4.5151e-04 -4.3144e-04 -4.1191e-04 -3.9291e-04 -3.7447e-04 -3.5658e-04 -3.3925e-04 -3.2249e-04 -3.0628e-04 -2.9065e-04 -2.7557e-04 -2.6105e-04 -2.4709e-04 -2.3367e-04 -2.2080e-04 -2.0845e-04 -1.9663e-04 -1.8533e-04 -1.7452e-04 -1.6421e-04 -1.5438e-04 -1.4501e-04 -1.3610e-04 -1.2763e-04 -1.1959e-04 -1.1195e-04 -1.0472e-04 -9.7878e-05 -9.1404e-05 -8.5287e-05 -7.9514e-05 -7.4070e-05 -6.8942e-05 3.2417e-04 4.5790e-04 5.5969e-04 6.4446e-04 7.1794e-04 7.8301e-04 0.0000e+00 8.9407e-04 9.4188e-04 9.8531e-04 1.0248e-03 1.0605e-03 1.0928e-03 1.1219e-03 1.1479e-03 1.1709e-03 1.1912e-03 1.2086e-03 1.2235e-03 1.2359e-03 1.2458e-03 1.2534e-03 1.2587e-03 1.2618e-03 1.2628e-03 1.2618e-03 1.2589e-03 1.2541e-03 1.2475e-03 1.2393e-03 1.2294e-03 1.2180e-03 1.2051e-03 1.1909e-03 1.1754e-03 1.1587e-03 1.1408e-03 1.1220e-03 1.1022e-03 1.0815e-03 1.0600e-03 1.0378e-03 1.0150e-03 9.9163e-04 9.6777e-04 9.4348e-04 9.1886e-04 8.9396e-04 8.6884e-04 8.4359e-04 8.1825e-04 7.9288e-04 7.6754e-04 7.4229e-04 7.1717e-04 6.9223e-04 6.6752e-04 6.4307e-04 6.1894e-04 5.9515e-04 5.7173e-04 5.4873e-04 5.2615e-04 5.0405e-04 4.8242e-04 4.6130e-04 4.4070e-04 4.2064e-04 4.0112e-04 3.8217e-04 3.6378e-04 3.4596e-04 3.2873e-04 3.1207e-04 2.9599e-04 2.8049e-04 2.6557e-04 2.5122e-04 2.3743e-04 2.2421e-04 2.1153e-04 1.9940e-04 1.8780e-04 1.7672e-04 1.6614e-04 1.5607e-04 1.4648e-04 1.3736e-04 1.2869e-04 1.2047e-04 1.1268e-04 1.0530e-04 9.8315e-05 9.1718e-05 8.5490e-05 7.9617e-05 7.4084e-05 6.8876e-05 6.3981e-05 5.9382e-05
-3.4449e-04 -4.8662e-04 -5.9486e-04 -6.8506e-04 -7.6331e-04 -8.3268e-04 -8.9497e-04 7.6678e-03 -1.0026e-03 -1.0492e-03 -1.0917e-03 -1.1303e-03 -1.1653e-03 -1.1970e-03 -1.2254e-03 -1.2508e-03 -1.2733e-03 -1.2929e-03 -1.3098e-03 -1.3241e-03 -1.3358e-03 -1.3451e-03 -1.3520e-03 -1.3567e-03 -1.3592e-03 -1.3595e-03 -1.3578e-03 -1.3541e-03 -1.3486e-03 -1.3412e-03 -1.3322e-03 -1.3215e-03 -1.3093e-03 -1.2956e-03 -1.2805e-03 -1.2641e-03 -1.2465e-03 -1.2277e-03 -1.2079e-03 -1.1871e-03 -1.1654e-03 -1.1429e-03 -1.1197e-03 -1.0958e-03 -1.0713e-03 -1.0463e-03 -1.0209e-03 -9.9513e-04 -9.6904e-04 -9.4272e-04 -9.1623e-04 -8.8963e-04 -8.6299e-04 -8.3636e-04 -8.0979e-04 -7.8334e-04 -7.5705e-04 -7.3097e-04 -7.0515e-04 -6.7962e-04 -6.5443e-04 -6.2960e-04 -6.0517e-04 -5.8117e-04 -5.5763e-04 -5.3457e-04 -5.1201e-04 -4.8998e-04 -4.6848e-04 -4.4753e-04 -4.2715e-04 -4.0735e-04 -3.8813e-04 -3.6950e-04 -3.5146e-04 -3.3401e-04 -3.1716e-04 -3.0090e-04 -2.8524e-04 -2.7016e-04 -2.5566e-04 -2.4173e-04 -2.2837e-04 -2.1557e-04 -2.0332e-04 -1.9160e-04 -1.8040e-04 -1.6972e-04 -1.5953e-04 -1.4984e-04 -1.4061e-04 -1.3184e-04 -1.2352e-04 -1.1563e-04 -1.0815e-04 -1.0107e-04 -9.4379e-05 -8.8056e-05 -8.2090e-05 -7.6465e-05 3.4448e-04 4.8658e-04 5.9475e-04 6.8484e-04 7.6292e-04 8.3207e-04 8.9407e-04 0.0000e+00 1.0009e-03 1.0470e-03 1.0890e-03 1.1270e-03 1.1613e-03 1.1922e-03 1.2198e-03 1.2443e-03 1.2658e-03 1.2844e-03 1.3002e-03 1.3133e-03 1.3238e-03 1.3319e-03 1.3375e-03 1.3409e-03 1.3419e-03 1.3409e-03 1.3378e-03 1.3327e-03 1.3257e-03 1.3169e-03 1.3064e-03 1.2943e-03 1.2806e-03 1.2655e-03 1.2490e-03 1.2313e-03 1.2123e-03 1.1923e-03 1.1712e-03 1.1492e-03 1.1264e-03 1.1029e-03 1.0786e-03 1.0538e-03 1.0284e-03 1.0026e-03 9.7641e-04 9.4995e-04 9.2327e-04 8.9643e-04 8.6950e-04 8.4254e-04 8.1562e-04 7.8878e-04 7.6209e-04 7.3559e-04 7.0933e-04 6.8335e-04 6.5770e-04 6.3242e-04 6.0754e-04 5.8309e-04 5.5910e-04 5.3561e-04 5.1263e-04 4.9018e-04 4.6829e-04 4.4697e-04 4.2623e-04 4.0609e-04 3.8655e-04 3.6762e-04 3.4930e-04 3.3160e-04 3.1452e-04 2.9805e-04 2.8219e-04 2.6694e-04 2.5229e-04 2.3824e-04 2.2477e-04 2.1187e-04 1.9955e-04 1.8777e-04 1.7654e-04 1.6583e-04 1.5564e-04 1.4595e-04 1.3674e-04 1.2800e-04 1.1972e-04 1.1188e-04 1.0446e-04 9.7450e-05 9.0832e-05 8.4591e-05 7.8712e-05 7.3179e-05 6.7977e-05 6.3091e-05
-3.6291e-04 -5.1266e-04 -6.2670e-04 -7.2176e-04 -8.0424e-04 -8.7738e-04 -9.4308e-04 -1.0026e-03 9.7028e-03 -1.1059e-03 -1.1508e-03 -1.1917e-03 -1.2288e-03 -1.2623e-03 -1.2925e-03 -1.3195e-03 -1.3435e-03 -1.3644e-03 -1.3825e-03 -1.3979e-03 -1.4106e-03 -1.4207e-03 -1.4284e-03 -1.4337e-03 -1.4367e-03 -1.4374e-03 -1.4360e-03 -1.4325e-03 -1.4271e-03 -1.4198e-03 -1.4107e-03 -1.3998e-03 -1.3873e-03 -1.3733e-03 -1.3578e-03 -1.3409e-03 -1.3227e-03 -1.3033e-03 -1.2828e-03 -1.2613e-03 -1.2387e-03 -1.2153e-03 -1.1912e-03 -1.1663e-03 -1.1407e-03 -1.1146e-03 -1.0881e-03 -1.0611e-03 -1.0338e-03 -1.0062e-03 -9.7843e-04 -9.5052e-04 -9.2254e-04 -8.9454e-04 -8.6660e-04 -8.3875e-04 -8.1105e-04 -7.8356e-04 -7.5631e-04 -7.2936e-04 -7.0273e-04 -6.7647e-04 -6.5062e-04 -6.2520e-04 -6.0025e-04 -5.7578e-04 -5.5183e-04 -5.2842e-04 -5.0556e-04 -4.8328e-04 -4.6158e-04 -4.4047e-04 -4.1997e-04 -4.0008e-04 -3.8081e-04 -3.6216e-04 -3.4413e-04 -3.2672e-04 -3.0993e-04 -2.9375e-04 -2.7819e-04 -2.6323e-04 -2.4886e-04 -2.3509e-04 -2.2189e-04 -2.0925e-04 -1.9718e-04 -1.8564e-04 -1.7464e-04 -1.6415e-04 -1.5416e-04 -1.4466e-04 -1.3564e-04 -1.2707e-04 -1.1895e-04 -1.1125e-04 -1.0397e-04 -9.7081e-05 -9.0576e-05 -8.4439e-05 3.6290e-04 5.1260e-04 6.2655e-04 7.2146e-04 8.0372e-04 8.7656e-04 9.4188e-04 1.0009e-03 0.0000e+00 1.1030e-03 1.1472e-03 1.1872e-03 1.2234e-03 1.2560e-03 1.2850e-03 1.3108e-03 1.3335e-03 1.3530e-03 1.3697e-03 1.3835e-03 1.3946e-03 1.4031e-03 1.4091e-03 1.4125e-03 1.4137e-03 1.4126e-03 1.4093e-03 1.4039e-03 1.3966e-03 1.3873e-03 1.3762e-03 1.3635e-03 1.3491e-03 1.3331e-03 1.3158e-03 1.2971e-03 1.2771e-03 1.2560e-03 1.2338e-03 1.2107e-03 1.1867e-03 1.1618e-03 1.1363e-03 1.1101e-03 1.0834e-03 1.0562e-03 1.0286e-03 1.0007e-03 9.7262e-04 9.4435e-04 9.1598e-04 8.8758e-04 8.5921e-04 8.3094e-04 8.0282e-04 7.7490e-04 7.4723e-04 7.1987e-04 6.9285e-04 6.6621e-04 6.4000e-04 6.1424e-04 5.8897e-04 5.6422e-04 5.4001e-04 5.1637e-04 4.9331e-04 4.7085e-04 4.4900e-04 4.2778e-04 4.0719e-04 3.8725e-04 3.6795e-04 3.4931e-04 3.3131e-04 3.1396e-04 2.9725e-04 2.8119e-04 2.6575e-04 2.5095e-04 2.3676e-04 2.2318e-04 2.1019e-04 1.9779e-04 1.8595e-04 1.7467e-04 1.6394e-04 1.5373e-04 1.4403e-04 1.3482e-04 1.2610e-04 1.1784e-04 1.1002e-04 1.0264e-04 9.5668e-05 8.9094e-05 8.2901e-05 7.7073e-05 7.1593e-05 6.6447e-05
-3.7965e-04 -5.3631e-04 -6.5563e-04 -7.5511e-04 -8.4145e-04 -9.1804e-04 -9.8686e-04 -1.0492e-03 -1.1059e-03 1.1976e-02 -1.2047e-03 -1.2477e-03 -1.2868e-03 -1.3221e-03 -1.3540e-03 -1.3825e-03 -1.4079e-03 -1.4301e-03 -1.4494e-03 -1.4659e-03 -1.4796e-03 -1.4906e-03 -1.4990e-03 -1.5050e-03 -1.5086e-03 -1.5098e-03 -1.5088e-03 -1.5057e-03 -1.5005e-03 -1.4933e-03 -1.4842e-03 -1.4733e-03 -1.4607e-03 -1.4465e-03 -1.4308e-03 -1.4135e-03 -1.3950e-03 -1.3751e-03 -1.3541e-03 -1.3319e-03 -1.3087e-03 -1.2846e-03 -1.2597e-03 -1.2340e-03 -1.2075e-03 -1.1805e-03 -1.1530e-03 -1.1250e-03 -1.0966e-03 -1.0680e-03 -1.0391e-03 -1.0100e-03 -9.8082e-04 -9.5162e-04 -9.2243e-04 -8.9332e-04 -8.6435e-04 -8.3557e-04 -8.0702e-04 -7.7874e-04 -7.5080e-04 -7.2321e-04 -6.9603e-04 -6.6928e-04 -6.4300e-04 -6.1721e-04 -5.9195e-04 -5.6723e-04 -5.4307e-04 -5.1950e-04 -4.9652e-04 -4.7416e-04 -4.5242e-04 -4.3131e-04 -4.1084e-04 -3.9101e-04 -3.7182e-04 -3.5328e-04 -3.3538e-04 -3.1812e-04 -3.0150e-04 -2.8551e-04 -2.7014e-04 -2.5538e-04 -2.4124e-04 -2.2768e-04 -2.1472e-04 -2.0232e-04 -1.9048e-04 -1.7919e-04 -1.6842e-04 -1.5818e-04 -1.4843e-04 -1.3917e-04 -1.3039e-04 -1.2205e-04 -1.1416e-04 -1.0669e-04 -9.9626e-05 -9.2955e-05 3.7963e-04 5.3624e-04 6.5544e-04 7.5473e-04 8.4078e-04 9.1698e-04 9.8531e-04 1.0470e-03 1.1030e-03 0.0000e+00 1.2001e-03 1.2420e-03 1.2798e-03 1.3139e-03 1.3443e-03 1.3713e-03 1.3949e-03 1.4154e-03 1.4329e-03 1.4473e-03 1.4589e-03 1.4678e-03 1.4740e-03 1.4777e-03 1.4789e-03 1.4777e-03 1.4743e-03 1.4687e-03 1.4610e-03 1.4513e-03 1.4397e-03 1.4263e-03 1.4113e-03 1.3946e-03 1.3765e-03 1.3569e-03 1.3360e-03 1.3139e-03 1.2907e-03 1.2665e-03 1.2414e-03 1.2154e-03 1.1886e-03 1.1613e-03 1.1333e-03 1.1049e-03 1.0760e-03 1.0469e-03 1.0174e-03 9.8787e-04 9.5819e-04 9.2848e-04 8.9881e-04 8.6923e-04 8.3981e-04 8.1060e-04 7.8166e-04 7.5303e-04 7.2476e-04 6.9690e-04 6.6948e-04 6.4253e-04 6.1610e-04 5.9020e-04 5.6488e-04 5.4014e-04 5.1601e-04 4.9252e-04 4.6966e-04 4.4746e-04 4.2593e-04 4.0507e-04 3.8488e-04 3.6537e-04 3.4654e-04 3.2839e-04 3.1092e-04 2.9411e-04 2.7797e-04 2.6248e-04 2.4764e-04 2.3343e-04 2.1984e-04 2.0687e-04 1.9449e-04 1.8269e-04 1.7146e-04 1.6078e-04 1.5063e-04 1.4101e-04 1.3188e-04 1.2324e-04 1.1506e-04 1.0734e-04 1.0005e-04 9.3173e-05 8.6695e-05 8.0599e-05 7.4867e-05 6.9484e-05
-3.9485e-04 -5.5779e-04 -6.8192e-04 -7.8543e-04 -8.7528e-04 -9.5502e-04 -1.0267e-03 -1.0917e-03 -1.1508e-03 -1.2047e-03 1.4488e-02 -1.2989e-03 -1.3398e-03 -1.3769e-03 -1.4103e-03 -1.4403e-03 -1.4671e-03 -1.4906e-03 -1.5111e-03 -1.5286e-03 -1.5433e-03 -1.5553e-03 -1.5645e-03 -1.5712e-03 -1.5755e-03 -1.5773e-03 -1.5768e-03 -1.5741e-03 -1.5692e-03 -1.5623e-03 -1.5534e-03 -1.5426e-03 -1.5301e-03 -1.5158e-03 -1.5000e-03 -1.4826e-03 -1.4638e-03 -1.4436e-03 -1.4222e-03 -1.3996e-03 -1.3760e-03 -1.3513e-03 -1.3258e-03 -1.2994e-03 -1.2723e-03 -1.2445e-03 -1.2162e-03 -1.1873e-03 -1.1581e-03 -1.1285e-03 -1.0986e-03 -1.0685e-03 -1.0383e-03 -1.0080e-03 -9.7772e-04 -9.4748e-04 -9.1735e-04 -8.8739e-04 -8.5765e-04 -8.2817e-04 -7.9899e-04 -7.7017e-04 -7.4175e-04 -7.1375e-04 -6.8621e-04 -6.5917e-04 -6.3265e-04 -6.0668e-04 -5.8128e-04 -5.5647e-04 -5.3226e-04 -5.0868e-04 -4.8573e-04 -4.6343e-04 -4.4178e-04 -4.2078e-04 -4.0045e-04 -3.8079e-04 -3.6179e-04 -3.4345e-04 -3.2577e-04 -3.0875e-04 -2.9237e-04 -2.7663e-04 -2.6152e-04 -2.4704e-04 -2.3317e-04 -2.1989e-04 -2.0720e-04 -1.9508e-04 -1.8352e-04 -1.7251e-04 -1.6202e-04 -1.5205e-04 -1.4257e-04 -1.3358e-04 -1.2505e-04 -1.1697e-04 -1.0932e-04 -1.0209e-04 3.9483e-04 5.5771e-04 6.8168e-04 7.8494e-04 8.7444e-04 9.5369e-04 1.0248e-03 1.0890e-03 1.1472e-03 1.2001e-03 0.0000e+00 1.2917e-03 1.3311e-03 1.3665e-03 1.3981e-03 1.4262e-03 1.4508e-03 1.4721e-03 1.4902e-03 1.5053e-03 1.5173e-03 1.5266e-03 1.5330e-03 1.5368e-03 1.5381e-03 1.5369e-03 1.5333e-03 1.5274e-03 1.5194e-03 1.5094e-03 1.4973e-03 1.4834e-03 1.4678e-03 1.4504e-03 1.4315e-03 1.4112e-03 1.3895e-03 1.3665e-03 1.3424e-03 1.3172e-03 1.2910e-03 1.2640e-03 1.2362e-03 1.2077e-03 1.1787e-03 1.1491e-03 1.1191e-03 1.0887e-03 1.0582e-03 1.0274e-03 9.9652e-04 9.6562e-04 9.3475e-04 9.0399e-04 8.7339e-04 8.4301e-04 8.1291e-04 7.8313e-04 7.5373e-04 7.2475e-04 6.9623e-04 6.6821e-04 6.4071e-04 6.1378e-04 5.8744e-04 5.6171e-04 5.3662e-04 5.1218e-04 4.8841e-04 4.6532e-04 4.4292e-04 4.2123e-04 4.0023e-04 3.7994e-04 3.6036e-04 3.4148e-04 3.2331e-04 3.0583e-04 2.8904e-04 2.7293e-04 2.5750e-04 2.4272e-04 2.2859e-04 2.1509e-04 2.0222e-04 1.8995e-04 1.7827e-04 1.6716e-04 1.5661e-04 1.4660e-04 1.3711e-04 1.2813e-04 1.1963e-04 1.1159e-04 1.0401e-04 9.6861e-05 9.0125e-05 8.3786e-05 7.7826e-05 7.2229e-05
-4.0863e-04 -5.7728e-04 -7.0577e-04 -8.1294e-04 -9.0600e-04 -9.8861e-04 -1.0629e-03 -1.1303e-03 -1.1917e-03 -1.2477e-03 -1.2989e-03 1.7237e-02 -1.3883e-03 -1.4270e-03 -1.4619e-03 -1.4934e-03 -1.5215e-03 -1.5463e-03 -1.5680e-03 -1.5866e-03 -1.6023e-03 -1.6152e-03 -1.6254e-03 -1.6329e-03 -1.6378e-03 -1.6403e-03 -1.6404e-03 -1.6382e-03 -1.6338e-03 -1.6273e-03 -1.6187e-03 -1.6082e-03 -1.5958e-03 -1.5817e-03 -1.5659e-03 -1.5485e-03 -1.5296e-03 -1.5093e-03 -1.4877e-03 -1.4649e-03 -1.4409e-03 -1.4159e-03 -1.3899e-03 -1.3630e-03 -1.3354e-03 -1.3070e-03 -1.2780e-03 -1.2485e-03 -1.2185e-03 -1.1881e-03 -1.1574e-03 -1.1264e-03 -1.0953e-03 -1.0641e-03 -1.0328e-03 -1.0015e-03 -9.7037e-04 -9.3934e-04 -9.0850e-04 -8.7791e-04 -8.4760e-04 -8.1764e-04 -7.8805e-04 -7.5887e-04 -7.3015e-04 -7.0192e-04 -6.7420e-04 -6.4703e-04 -6.2042e-04 -5.9441e-04 -5.6901e-04 -5.4424e-04 -5.2011e-04 -4.9663e-04 -4.7382e-04 -4.5168e-04 -4.3021e-04 -4.0943e-04 -3.8933e-04 -3.6991e-04 -3.5117e-04 -3.3310e-04 -3.1570e-04 -2.9897e-04 -2.8289e-04 -2.6745e-04 -2.5265e-04 -2.3848e-04 -2.2491e-04 -2.1195e-04 -1.9957e-04 -1.8776e-04 -1.7650e-04 -1.6579e-04 -1.5559e-04 -1.4591e-04 -1.3672e-04 -1.2800e-04 -1.1974e-04 -1.1193e-04 4.0861e-04 5.7717e-04 7.0548e-04 8.1234e-04 9.0496e-04 9.8698e-04 1.0605e-03 1.1270e-03 1.1872e-03 1.2420e-03 1.2917e-03 0.0000e+00 1.3775e-03 1.4142e-03 1.4469e-03 1.4760e-03 1.5014e-03 1.5235e-03 1.5422e-03 1.5578e-03 1.5703e-03 1.5798e-03 1.5865e-03 1.5905e-03 1.5918e-03 1.5905e-03 1.5868e-03 1.5808e-03 1.5725e-03 1.5620e-03 1.5496e-03 1.5352e-03 1.5190e-03 1.5010e-03 1.4815e-03 1.4604e-03 1.4380e-03 1.4142e-03 1.3892e-03 1.3631e-03 1.3361e-03 1.3081e-03 1.2793e-03 1.2498e-03 1.2198e-03 1.1891e-03 1.1581e-03 1.1267e-03 1.0950e-03 1.0632e-03 1.0313e-03 9.9927e-04 9.6733e-04 9.3549e-04 9.0382e-04 8.7238e-04 8.4122e-04 8.1041e-04 7.7998e-04 7.4998e-04 7.2046e-04 6.9146e-04 6.6300e-04 6.3513e-04 6.0787e-04 5.8124e-04 5.5527e-04 5.2998e-04 5.0538e-04 4.8149e-04 4.5831e-04 4.3585e-04 4.1412e-04 3.9312e-04 3.7286e-04 3.5332e-04 3.3451e-04 3.1643e-04 2.9905e-04 2.8238e-04 2.6641e-04 2.5111e-04 2.3649e-04 2.2253e-04 2.0920e-04 1.9651e-04 1.8442e-04 1.7293e-04 1.6201e-04 1.5165e-04 1.4183e-04 1.3253e-04 1.2374e-04 1.1543e-04 1.0758e-04 1.0018e-04 9.3215e-05 8.6656e-05 8.0490e-05 7.4699e-05
-4.2109e-04 -5.9489e-04 -7.2733e-04 -8.3782e-04 -9.3380e-04 -1.0190e-03 -1.0957e-03 -1.1653e-03 -1.2288e-03 -1.2868e-03 -1.3398e-03 -1.3883e-03 2.0225e-02 -1.4727e-03 -1.5092e-03 -1.5420e-03 -1.5714e-03 -1.5975e-03 -1.6204e-03 -1.6401e-03 -1.6569e-03 -1.6708e-03 -1.6819e-03 -1.6903e-03 -1.6960e-03 -1.6993e-03 -1.7000e-03 -1.6985e-03 -1.6946e-03 -1.6886e-03 -1.6805e-03 -1.6704e-03 -1.6584e-03 -1.6445e-03 -1.6289e-03 -1.6116e-03 -1.5928e-03 -1.5726e-03 -1.5509e-03 -1.5280e-03 -1.5038e-03 -1.4786e-03 -1.4523e-03 -1.4251e-03 -1.3971e-03 -1.3683e-03 -1.3388e-03 -1.3087e-03 -1.2781e-03 -1.2471e-03 -1.2157e-03 -1.1840e-03 -1.1521e-03 -1.1200e-03 -1.0879e-03 -1.0557e-03 -1.0236e-03 -9.9165e-04 -9.5982e-04 -9.2820e-04 -8.9685e-04 -8.6582e-04 -8.3514e-04 -8.0486e-04 -7.7501e-04 -7.4564e-04 -7.1678e-04 -6.8845e-04 -6.6069e-04 -6.3351e-04 -6.0695e-04 -5.8101e-04 -5.5572e-04 -5.3109e-04 -5.0712e-04 -4.8384e-04 -4.6125e-04 -4.3935e-04 -4.1814e-04 -3.9763e-04 -3.7782e-04 -3.5870e-04 -3.4027e-04 -3.2252e-04 -3.0544e-04 -2.8904e-04 -2.7329e-04 -2.5819e-04 -2.4373e-04 -2.2989e-04 -2.1665e-04 -2.0402e-04 -1.9196e-04 -1.8047e-04 -1.6954e-04 -1.5913e-04 -1.4924e-04 -1.3986e-04 -1.3096e-04 -1.2252e-04 4.2107e-04 5.9476e-04 7.2698e-04 8.3709e-04 9.3254e-04 1.0171e-03 1.0928e-03 1.1613e-03 1.2234e-03 1.2798e-03 1.3311e-03 1.3775e-03 0.0000e+00 1.4573e-03 1.4910e-03 1.5209e-03 1.5472e-03 1.5699e-03 1.5892e-03 1.6053e-03 1.6182e-03 1.6280e-03 1.6349e-03 1.6389e-03 1.6403e-03 1.6390e-03 1.6352e-03 1.6289e-03 1.6204e-03 1.6096e-03 1.5968e-03 1.5820e-03 1.5653e-03 1.5468e-03 1.5266e-03 1.5049e-03 1.4818e-03 1.4573e-03 1.4315e-03 1.4047e-03 1.3768e-03 1.3479e-03 1.3183e-03 1.2879e-03 1.2569e-03 1.2253e-03 1.1933e-03 1.1610e-03 1.1284e-03 1.0955e-03 1.0626e-03 1.0297e-03 9.9674e-04 9.6393e-04 9.3129e-04 8.9889e-04 8.6678e-04 8.3502e-04 8.0367e-04 7.7275e-04 7.4233e-04 7.1244e-04 6.8312e-04 6.5439e-04 6.2630e-04 5.9886e-04 5.7210e-04 5.4603e-04 5.2068e-04 4.9606e-04 4.7217e-04 4.4903e-04 4.2664e-04 4.0500e-04 3.8412e-04 3.6399e-04 3.4460e-04 3.2596e-04 3.0806e-04 2.9088e-04 2.7442e-04 2.5867e-04 2.4360e-04 2.2921e-04 2.1548e-04 2.0240e-04 1.8995e-04 1.7811e-04 1.6686e-04 1.5618e-04 1.4607e-04 1.3649e-04 1.2743e-04 1.1886e-04 1.1078e-04 1.0316e-04 9.5981e-05 8.9225e-05 8.2873e-05 7.6908e-05
-4.3229e-04 -6.1074e-04 -7.4674e-04 -8.6022e-04 -9.5884e-04 -1.0465e-03 -1.1254e-03 -1.1970e-03 -1.2623e-03 -1.3221e-03 -1.3769e-03 -1.4270e-03 -1.4727e-03 2.3449e-02 -1.5523e-03 -1.5865e-03 -1.6172e-03 -1.6445e-03 -1.6686e-03 -1.6895e-03 -1.7074e-03 -1.7223e-03 -1.7344e-03 -1.7437e-03 -1.7503e-03 -1.7544e-03 -1.7560e-03 -1.7551e-03 -1.7520e-03 -1.7466e-03 -1.7391e-03 -1.7295e-03 -1.7179e-03 -1.7044e-03 -1.6892e-03 -1.6722e-03 -1.6537e-03 -1.6336e-03 -1.6120e-03 -1.5891e-03 -1.5650e-03 -1.5397e-03 -1.5133e-03 -1.4859e-03 -1.4577e-03 -1.4286e-03 -1.3987e-03 -1.3683e-03 -1.3372e-03 -1.3057e-03 -1.2737e-03 -1.2414e-03 -1.2088e-03 -1.1761e-03 -1.1432e-03 -1.1103e-03 -1.0774e-03 -1.0445e-03 -1.0118e-03 -9.7923e-04 -9.4692e-04 -9.1489e-04 -8.8319e-04 -8.5187e-04 -8.2097e-04 -7.9051e-04 -7.6055e-04 -7.3112e-04 -7.0223e-04 -6.7392e-04 -6.4622e-04 -6.1914e-04 -5.9271e-04 -5.6693e-04 -5.4183e-04 -5.1741e-04 -4.9369e-04 -4.7067e-04 -4.4835e-04 -4.2674e-04 -4.0585e-04 -3.8566e-04 -3.6617e-04 -3.4739e-04 -3.2930e-04 -3.1190e-04 -2.9517e-04 -2.7912e-04 -2.6373e-04 -2.4898e-04 -2.3487e-04 -2.2138e-04 -2.0849e-04 -1.9619e-04 -1.8448e-04 -1.7332e-04 -1.6270e-04 -1.5261e-04 -1.4303e-04 -1.3394e-04 4.3227e-04 6.1058e-04 7.4632e-04 8.5936e-04 9.5734e-04 1.0441e-03 1.1219e-03 1.1922e-03 1.2560e-03 1.3139e-03 1.3665e-03 1.4142e-03 1.4573e-03 0.0000e+00 1.5307e-03 1.5614e-03 1.5883e-03 1.6117e-03 1.6315e-03 1.6480e-03 1.6612e-03 1.6713e-03 1.6784e-03 1.6825e-03 1.6839e-03 1.6826e-03 1.6786e-03 1.6722e-03 1.6635e-03 1.6524e-03 1.6393e-03 1.6240e-03 1.6069e-03 1.5879e-03 1.5672e-03 1.5449e-03 1.5212e-03 1.4960e-03 1.4696e-03 1.4420e-03 1.4133e-03 1.3837e-03 1.3533e-03 1.3221e-03 1.2903e-03 1.2579e-03 1.2250e-03 1.1918e-03 1.1583e-03 1.1246e-03 1.0908e-03 1.0570e-03 1.0232e-03 9.8948e-04 9.5597e-04 9.2271e-04 8.8974e-04 8.5713e-04 8.2494e-04 7.9320e-04 7.6197e-04 7.3128e-04 7.0117e-04 6.7168e-04 6.4284e-04 6.1467e-04 5.8719e-04 5.6043e-04 5.3440e-04 5.0912e-04 4.8460e-04 4.6084e-04 4.3785e-04 4.1564e-04 3.9420e-04 3.7353e-04 3.5364e-04 3.3450e-04 3.1612e-04 2.9849e-04 2.8159e-04 2.6542e-04 2.4995e-04 2.3518e-04 2.2109e-04 2.0766e-04 1.9488e-04 1.8272e-04 1.7118e-04 1.6022e-04 1.4984e-04 1.4001e-04 1.3071e-04 1.2192e-04 1.1363e-04 1.0580e-04 9.8437e-05 9.1504e-05 8.4987e-05 7.8866e-05
-4.4231e-04 -6.2491e-04 -7.6410e-04 -8.8028e-04 -9.8128e-04 -1.0711e-03 -1.1520e-03 -1.2254e-03 -1.2925e-03 -1.3540e-03 -1.4103e-03 -1.4619e-03 -1.5092e-03 -1.5523e-03 2.6910e-02 -1.6271e-03 -1.6591e-03 -1.6876e-03 -1.7129e-03 -1.7349e-03 -1.7539e-03 -1.7699e-03 -1.7831e-03 -1.7934e-03 -1.8010e-03 -1.8060e-03 -1.8084e-03 -1.8085e-03 -1.8061e-03 -1.8014e-03 -1.7946e-03 -1.7857e-03 -1.7747e-03 -1.7618e-03 -1.7470e-03 -1.7305e-03 -1.7123e-03 -1.6925e-03 -1.6713e-03 -1.6486e-03 -1.6246e-03 -1.5994e-03 -1.5731e-03 -1.5457e-03 -1.5173e-03 -1.4881e-03 -1.4580e-03 -1.4273e-03 -1.3959e-03 -1.3640e-03 -1.3316e-03 -1.2989e-03 -1.2658e-03 -1.2325e-03 -1.1990e-03 -1.1653e-03 -1.1317e-03 -1.0981e-03 -1.0645e-03 -1.0311e-03 -9.9795e-04 -9.6500e-04 -9.3236e-04 -9.0005e-04 -8.6814e-04 -8.3666e-04 -8.0565e-04 -7.7514e-04 -7.4517e-04 -7.1576e-04 -6.8695e-04 -6.5875e-04 -6.3119e-04 -6.0428e-04 -5.7805e-04 -5.5250e-04 -5.2764e-04 -5.0350e-04 -4.8006e-04 -4.5735e-04 -4.3535e-04 -4.1407e-04 -3.9351e-04 -3.7367e-04 -3.5454e-04 -3.3612e-04 -3.1840e-04 -3.0136e-04 -2.8501e-04 -2.6932e-04 -2.5429e-04 -2.3991e-04 -2.2616e-04 -2.1302e-04 -2.0048e-04 -1.8853e-04 -1.7715e-04 -1.6632e-04 -1.5603e-04 -1.4625e-04 4.4228e-04 6.2473e-04 7.6360e-04 8.7926e-04 9.7952e-04 1.0683e-03 1.1479e-03 1.2198e-03 1.2850e-03 1.3443e-03 1.3981e-03 1.4469e-03 1.4910e-03 1.5307e-03 0.0000e+00 1.5976e-03 1.6251e-03 1.6490e-03 1.6693e-03 1.6861e-03 1.6997e-03 1.7100e-03 1.7172e-03 1.7215e-03 1.7229e-03 1.7215e-03 1.7175e-03 1.7110e-03 1.7020e-03 1.6907e-03 1.6772e-03 1.6616e-03 1.6441e-03 1.6246e-03 1.6035e-03 1.5807e-03 1.5563e-03 1.5306e-03 1.5036e-03 1.4753e-03 1.4460e-03 1.4157e-03 1.3846e-03 1.3527e-03 1.3201e-03 1.2869e-03 1.2533e-03 1.2193e-03 1.1850e-03 1.1506e-03 1.1160e-03 1.0813e-03 1.0468e-03 1.0123e-03 9.7799e-04 9.4395e-04 9.1022e-04 8.7685e-04 8.4391e-04 8.1143e-04 7.7947e-04 7.4807e-04 7.1726e-04 6.8708e-04 6.5757e-04 6.2874e-04 6.0063e-04 5.7324e-04 5.4661e-04 5.2074e-04 4.9565e-04 4.7134e-04 4.4782e-04 4.2509e-04 4.0316e-04 3.8201e-04 3.6165e-04 3.4208e-04 3.2327e-04 3.0523e-04 2.8794e-04 2.7139e-04 2.5557e-04 2.4046e-04 2.2605e-04 2.1231e-04 1.9923e-04 1.8680e-04 1.7499e-04 1.6378e-04 1.5316e-04 1.4311e-04 1.3360e-04 1.2461e-04 1.1613e-04 1.0813e-04 1.0059e-04 9.3503e-05 8.6838e-05 8.0579e-05
-4.5119e-04 -6.3747e-04 -7.7950e-04 -8.9809e-04 -1.0012e-03 -1.0929e-03 -1.1756e-03 -1.2508e-03 -1.3195e-03 -1.3825e-03 -1.4403e-03 -1.4934e-03 -1.5420e-03 -1.5865e-03 -1.6271e-03 3.0607e-02 -1.6971e-03 -1.7269e-03 -1.7534e-03 -1.7766e-03 -1.7968e-03 -1.8139e-03 -1.8282e-03 -1.8395e-03 -1.8482e-03 -1.8542e-03 -1.8576e-03 -1.8586e-03 -1.8571e-03 -1.8533e-03 -1.8473e-03 -1.8391e-03 -1.8289e-03 -1.8167e-03 -1.8025e-03 -1.7866e-03 -1.7689e-03 -1.7497e-03 -1.7288e-03 -1.7065e-03 -1.6828e-03 -1.6579e-03 -1.6317e-03 -1.6044e-03 -1.5762e-03 -1.5469e-03 -1.5168e-03 -1.4860e-03 -1.4544e-03 -1.4223e-03 -1.3896e-03 -1.3565e-03 -1.3230e-03 -1.2892e-03 -1.2552e-03 -1.2210e-03 -1.1867e-03 -1.1525e-03 -1.1182e-03 -1.0840e-03 -1.0500e-03 -1.0163e-03 -9.8273e-04 -9.4951e-04 -9.1665e-04 -8.8420e-04 -8.5218e-04 -8.2064e-04 -7.8962e-04 -7.5914e-04 -7.2924e-04 -6.9994e-04 -6.7126e-04 -6.4323e-04 -6.1587e-04 -5.8919e-04 -5.6321e-04 -5.3793e-04 -5.1337e-04 -4.8953e-04 -4.6642e-04 -4.4404e-04 -4.2238e-04 -4.0146e-04 -3.8127e-04 -3.6179e-04 -3.4304e-04 -3.2499e-04 -3.0764e-04 -2.9098e-04 -2.7501e-04 -2.5969e-04 -2.4504e-04 -2.3102e-04 -2.1763e-04 -2.0485e-04 -1.9266e-04 -1.8105e-04 -1.7001e-04 -1.5951e-04 4.5115e-04 6.3726e-04 7.7892e-04 8.9691e-04 9.9917e-04 1.0897e-03 1.1709e-03 1.2443e-03 1.3108e-03 1.3713e-03 1.4262e-03 1.4760e-03 1.5209e-03 1.5614e-03 1.5976e-03 0.0000e+00 1.6577e-03 1.6821e-03 1.7028e-03 1.7200e-03 1.7338e-03 1.7443e-03 1.7517e-03 1.7560e-03 1.7574e-03 1.7561e-03 1.7520e-03 1.7453e-03 1.7361e-03 1.7246e-03 1.7108e-03 1.6949e-03 1.6770e-03 1.6572e-03 1.6356e-03 1.6124e-03 1.5875e-03 1.5613e-03 1.5337e-03 1.5049e-03 1.4750e-03 1.4441e-03 1.4123e-03 1.3797e-03 1.3465e-03 1.3127e-03 1.2784e-03 1.2437e-03 1.2087e-03 1.1735e-03 1.1382e-03 1.1029e-03 1.0676e-03 1.0325e-03 9.9747e-04 9.6274e-04 9.2833e-04 8.9428e-04 8.6067e-04 8.2754e-04 7.9493e-04 7.6289e-04 7.3147e-04 7.0068e-04 6.7057e-04 6.4116e-04 6.1248e-04 5.8454e-04 5.5737e-04 5.3098e-04 5.0538e-04 4.8059e-04 4.5659e-04 4.3341e-04 4.1103e-04 3.8946e-04 3.6869e-04 3.4873e-04 3.2954e-04 3.1114e-04 2.9351e-04 2.7663e-04 2.6049e-04 2.4508e-04 2.3038e-04 2.1637e-04 2.0304e-04 1.9036e-04 1.7831e-04 1.6689e-04 1.5606e-04 1.4580e-04 1.3610e-04 1.2694e-04 1.1829e-04 1.1014e-04 1.0246e-04 9.5228e-05 8.8434e-05 8.2054e-05
-4.5898e-04 -6.4850e-04 -7.9303e-04 -9.1374e-04 -1.0188e-03 -1.1122e-03 -1.1966e-03 -1.2733e-03 -1.3435e-03 -1.4079e-03 -1.4671e-03 -1.5215e-03 -1.5714e-03 -1.6172e-03 -1.6591e-03 -1.6971e-03 3.4540e-02 -1.7626e-03 -1.7903e-03 -1.8148e-03 -1.8361e-03 -1.8544e-03 -1.8698e-03 -1.8823e-03 -1.8921e-03 -1.8992e-03 -1.9037e-03 -1.9057e-03 -1.9052e-03 -1.9024e-03 -1.8973e-03 -1.8900e-03 -1.8807e-03 -1.8693e-03 -1.8559e-03 -1.8407e-03 -1.8237e-03 -1.8050e-03 -1.7848e-03 -1.7630e-03 -1.7398e-03 -1.7152e-03 -1.6894e-03 -1.6624e-03 -1.6343e-03 -1.6052e-03 -1.5752e-03 -1.5444e-03 -1.5128e-03 -1.4806e-03 -1.4477e-03 -1.4144e-03 -1.3806e-03 -1.3465e-03 -1.3120e-03 -1.2774e-03 -1.2426e-03 -1.2077e-03 -1.1729e-03 -1.1380e-03 -1.1033e-03 -1.0687e-03 -1.0344e-03 -1.0003e-03 -9.6658e-04 -9.3319e-04 -9.0022e-04 -8.6769e-04 -8.3565e-04 -8.0413e-04 -7.7316e-04 -7.4278e-04 -7.1301e-04 -6.8387e-04 -6.5539e-04 -6.2758e-04 -6.0046e-04 -5.7405e-04 -5.4835e-04 -5.2338e-04 -4.9913e-04 -4.7563e-04 -4.5286e-04 -4.3083e-04 -4.0954e-04 -3.8899e-04 -3.6917e-04 -3.5008e-04 -3.3170e-04 -3.1404e-04 -2.9707e-04 -2.8080e-04 -2.6520e-04 -2.5026e-04 -2.3597e-04 -2.2232e-04 -2.0929e-04 -1.9687e-04 -1.8503e-04 -1.7376e-04 4.5894e-04 6.4826e-04 7.9237e-04 9.1239e-04 1.0164e-03 1.1085e-03 1.1912e-03 1.2658e-03 1.3335e-03 1.3949e-03 1.4508e-03 1.5014e-03 1.5472e-03 1.5883e-03 1.6251e-03 1.6577e-03 0.0000e+00 1.7111e-03 1.7322e-03 1.7497e-03 1.7637e-03 1.7744e-03 1.7819e-03 1.7863e-03 1.7878e-03 1.7863e-03 1.7822e-03 1.7754e-03 1.7661e-03 1.7543e-03 1.7403e-03 1.7242e-03 1.7059e-03 1.6858e-03 1.6638e-03 1.6401e-03 1.6149e-03 1.5882e-03 1.5601e-03 1.5308e-03 1.5003e-03 1.4689e-03 1.4366e-03 1.4034e-03 1.3696e-03 1.3352e-03 1.3003e-03 1.2650e-03 1.2294e-03 1.1936e-03 1.1577e-03 1.1218e-03 1.0859e-03 1.0501e-03 1.0145e-03 9.7917e-04 9.4415e-04 9.0952e-04 8.7532e-04 8.4161e-04 8.0843e-04 7.7583e-04 7.4386e-04 7.1253e-04 6.8190e-04 6.5198e-04 6.2280e-04 5.9438e-04 5.6674e-04 5.3989e-04 5.1385e-04 4.8862e-04 4.6421e-04 4.4062e-04 4.1786e-04 3.9592e-04 3.7479e-04 3.5448e-04 3.3497e-04 3.1625e-04 2.9831e-04 2.8115e-04 2.6473e-04 2.4906e-04 2.3411e-04 2.1986e-04 2.0630e-04 1.9340e-04 1.8115e-04 1.6954e-04 1.5852e-04 1.4810e-04 1.3824e-04 1.2892e-04 1.2013e-04 1.1184e-04 1.0403e-04 9.6684e-05 8.9779e-05 8.3295e-05
