1.1989e-04 -1.7669e-04 -2.1629e-04 -2.4958e-04 -2.7878e-04 -3.0506e-04 -3.2907e-04 -3.5126e-04 -3.7194e-04 -3.9131e-04 -4.0955e-04 -4.2678e-04 -4.4310e-04 -4.5859e-04 -4.7331e-04 -4.8732e-04 -5.0066e-04 -5.1337e-04 -5.2549e-04 -5.3705e-04 -5.4806e-04 -5.5855e-04 -5.6854e-04 -5.7805e-04 -5.8708e-04 -5.9566e-04 -6.0380e-04 -6.1151e-04 -6.1880e-04 -6.2567e-04 -6.3215e-04 -6.3823e-04 -6.4393e-04 -6.4925e-04 -6.5420e-04 -6.5879e-04 -6.6302e-04 -6.6690e-04 -6.7043e-04 -6.7363e-04 -6.7650e-04 -6.7904e-04 -6.8126e-04 -6.8317e-04 -6.8477e-04 -6.8607e-04 -6.8707e-04 -6.8777e-04 -6.8819e-04 -6.8833e-04 -6.8820e-04 -6.8779e-04 -6.8712e-04 -6.8620e-04 -6.8502e-04 -6.8359e-04 -6.8191e-04 -6.8001e-04 -6.7787e-04 -6.7550e-04 -6.7292e-04 -6.7012e-04 -6.6711e-04 -6.6390e-04 -6.6050e-04 -6.5690e-04 -6.5311e-04 -6.4915e-04 -6.4501e-04 -6.4070e-04 -6.3623e-04 -6.3160e-04 -6.2681e-04 -6.2189e-04 -6.1682e-04 -6.1161e-04 -6.0628e-04 -6.0082e-04 -5.9524e-04 -5.8955e-04 -5.8375e-04 -5.7785e-04 -5.7185e-04 -5.6576e-04 -5.5958e-04 -5.5332e-04 -5.4698e-04 -5.4058e-04 -5.3410e-04 -5.2757e-04 -5.2098e-04 -5.1434e-04 -5.0765e-04 -5.0092e-04 -4.9415e-04 -4.8734e-04 -4.8051e-04 -4.7366e-04 -4.6679e-04 -4.5990e-04 0.0000e+00 1.7669e-04 2.1629e-04 2.4958e-04 2.7878e-04 3.0506e-04 3.2907e-04 3.5126e-04 3.7194e-04 3.9131e-04 4.0955e-04 4.2678e-04 4.4310e-04 4.5858e-04 4.7330e-04 4.8731e-04 5.0066e-04 5.1337e-04 5.2549e-04 5.3704e-04 5.4805e-04 5.5854e-04 5.6853e-04 5.7804e-04 5.8707e-04 5.9566e-04 6.0379e-04 6.1150e-04 6.1879e-04 6.2566e-04 6.3214e-04 6.3822e-04 6.4392e-04 6.4923e-04 6.5418e-04 6.5877e-04 6.6300e-04 6.6688e-04 6.7041e-04 6.7361e-04 6.7648e-04 6.7902e-04 6.8124e-04 6.8315e-04 6.8474e-04 6.8604e-04 6.8704e-04 6.8774e-04 6.8816e-04 6.8830e-04 6.8816e-04 6.8776e-04 6.8709e-04 6.8616e-04 6.8497e-04 6.8354e-04 6.8187e-04 6.7996e-04 6.7782e-04 6.7545e-04 6.7287e-04 6.7007e-04 6.6706e-04 6.6385e-04 6.6044e-04 6.5684e-04 6.5305e-04 6.4909e-04 6.4495e-04 6.4064e-04 6.3616e-04 6.3153e-04 6.2675e-04 6.2182e-04 6.1675e-04 6.1154e-04 6.0620e-04 6.0074e-04 5.9516e-04 5.8947e-04 5.8367e-04 5.7777e-04 5.7177e-04 5.6568e-04 5.5950e-04 5.5324e-04 5.4690e-04 5.4049e-04 5.3402e-04 5.2748e-04 5.2089e-04 5.1425e-04 5.0756e-04 5.0083e-04 4.9406e-04 4.8726e-04 4.8042e-04 4.7357e-04 4.6669e-04 4.5980e-04
-1.7669e-04 4.7957e-04 -3.0579e-04 -3.5285e-04 -3.9414e-04 -4.3129e-04 -4.6524e-04 -4.9661e-04 -5.2584e-04 -5.5324e-04 -5.7902e-04 -6.0338e-04 -6.2645e-04 -6.4835e-04 -6.6916e-04 -6.8897e-04 -7.0784e-04 -7.2582e-04 -7.4296e-04 -7.5929e-04 -7.7486e-04 -7.8970e-04 -8.0382e-04 -8.1726e-04 -8.3004e-04 -8.4218e-04 -8.5369e-04 -8.6459e-04 -8.7489e-04 -8.8462e-04 -8.9378e-04 -9.0238e-04 -9.1044e-04 -9.1797e-04 -9.2497e-04 -9.3146e-04 -9.3744e-04 -9.4293e-04 -9.4794e-04 -9.5247e-04 -9.5653e-04 -9.6012e-04 -9.6327e-04 -9.6597e-04 -9.6824e-04 -9.7008e-04 -9.7150e-04 -9.7250e-04 -9.7310e-04 -9.7331e-04 -9.7312e-04 -9.7255e-04 -9.7161e-04 -9.7031e-04 -9.6864e-04 -9.6663e-04 -9.6427e-04 -9.6158e-04 -9.5856e-04 -9.5523e-04 -9.5158e-04 -9.4763e-04 -9.4338e-04 -9.3885e-04 -9.3404e-04 -9.2896e-04 -9.2361e-04 -9.1801e-04 -9.1217e-04 -9.0608e-04 -8.9976e-04 -8.9322e-04 -8.8647e-04 -8.7950e-04 -8.7234e-04 -8.6499e-04 -8.5745e-04 -8.4974e-04 -8.4186e-04 -8.3382e-04 -8.2562e-04 -8.1728e-04 -8.0881e-04 -8.0020e-04 -7.9147e-04 -7.8262e-04 -7.7367e-04 -7.6462e-04 -7.5547e-04 -7.4623e-04 -7.3692e-04 -7.2753e-04 -7.1808e-04 -7.0856e-04 -6.9900e-04 -6.8938e-04 -6.7973e-04 -6.7004e-04 -6.6032e-04 -6.5059e-04 1.7669e-04 0.0000e+00 3.0579e-04 3.5285e-04 3.9414e-04 4.3128e-04 4.6523e-04 4.9661e-04 5.2584e-04 5.5323e-04 5.7902e-04 6.0338e-04 6.2645e-04 6.4834e-04 6.6915e-04 6.8896e-04 7.0782e-04 7.2580e-04 7.4293e-04 7.5927e-04 7.7483e-04 7.8966e-04 8.0379e-04 8.1722e-04 8.3000e-04 8.4213e-04 8.5364e-04 8.6453e-04 8.7483e-04 8.8456e-04 8.9371e-04 9.0231e-04 9.1036e-04 9.1788e-04 9.2488e-04 9.3136e-04 9.3734e-04 9.4282e-04 9.4782e-04 9.5234e-04 9.5640e-04 9.5999e-04 9.6313e-04 9.6582e-04 9.6808e-04 9.6991e-04 9.7133e-04 9.7232e-04 9.7292e-04 9.7311e-04 9.7292e-04 9.7234e-04 9.7140e-04 9.7008e-04 9.6841e-04 9.6639e-04 9.6402e-04 9.6132e-04 9.5830e-04 9.5495e-04 9.5130e-04 9.4734e-04 9.4308e-04 9.3854e-04 9.3372e-04 9.2863e-04 9.2328e-04 9.1767e-04 9.1182e-04 9.0572e-04 8.9940e-04 8.9285e-04 8.8609e-04 8.7912e-04 8.7195e-04 8.6459e-04 8.5704e-04 8.4932e-04 8.4144e-04 8.3339e-04 8.2519e-04 8.1684e-04 8.0836e-04 7.9975e-04 7.9101e-04 7.8216e-04 7.7320e-04 7.6414e-04 7.5499e-04 7.4575e-04 7.3643e-04 7.2704e-04 7.1758e-04 7.0806e-04 6.9849e-04 6.8888e-04 6.7922e-04 6.6953e-04 6.5981e-04 6.5007e-04
-2.1629e-04 -3.0579e-04 1.0790e-03 -4.3193e-04 -4.8248e-04 -5.2795e-04 -5.6951e-04 -6.0793e-04 -6.4371e-04 -6.7724e-04 -7.0881e-04 -7.3863e-04 -7.6688e-04 -7.9368e-04 -8.1916e-04 -8.4342e-04 -8.6651e-04 -8.8853e-04 -9.0951e-04 -9.2951e-04 -9.4857e-04 -9.6674e-04 -9.8404e-04 -1.0005e-03 -1.0161e-03 -1.0310e-03 -1.0451e-03 -1.0585e-03 -1.0711e-03 -1.0830e-03 -1.0942e-03 -1.1047e-03 -1.1146e-03 -1.1238e-03 -1.1324e-03 -1.1404e-03 -1.1477e-03 -1.1544e-03 -1.1606e-03 -1.1661e-03 -1.1711e-03 -1.1755e-03 -1.1794e-03 -1.1827e-03 -1.1855e-03 -1.1878e-03 -1.1895e-03 -1.1907e-03 -1.1915e-03 -1.1918e-03 -1.1915e-03 -1.1909e-03 -1.1897e-03 -1.1881e-03 -1.1861e-03 -1.1837e-03 -1.1808e-03 -1.1775e-03 -1.1738e-03 -1.1697e-03 -1.1653e-03 -1.1605e-03 -1.1553e-03 -1.1497e-03 -1.1439e-03 -1.1377e-03 -1.1311e-03 -1.1243e-03 -1.1171e-03 -1.1097e-03 -1.1020e-03 -1.0940e-03 -1.0857e-03 -1.0772e-03 -1.0685e-03 -1.0595e-03 -1.0503e-03 -1.0408e-03 -1.0312e-03 -1.0214e-03 -1.0113e-03 -1.0011e-03 -9.9077e-04 -9.8024e-04 -9.6956e-04 -9.5874e-04 -9.4779e-04 -9.3672e-04 -9.2553e-04 -9.1423e-04 -9.0283e-04 -8.9135e-04 -8.7978e-04 -8.6814e-04 -8.5644e-04 -8.4467e-04 -8.3286e-04 -8.2101e-04 -8.0912e-04 -7.9720e-04 2.1629e-04 3.0579e-04 0.0000e+00 4.3193e-04 4.8248e-04 5.2795e-04 5.6951e-04 6.0792e-04 6.4370e-04 6.7723e-04 7.0880e-04 7.3861e-04 7.6685e-04 7.9365e-04 8.1913e-04 8.4338e-04 8.6647e-04 8.8847e-04 9.0945e-04 9.2944e-04 9.4850e-04 9.6665e-04 9.8394e-04 1.0004e-03 1.0160e-03 1.0309e-03 1.0450e-03 1.0583e-03 1.0709e-03 1.0828e-03 1.0940e-03 1.1045e-03 1.1144e-03 1.1236e-03 1.1322e-03 1.1401e-03 1.1474e-03 1.1541e-03 1.1603e-03 1.1658e-03 1.1708e-03 1.1752e-03 1.1790e-03 1.1823e-03 1.1851e-03 1.1873e-03 1.1890e-03 1.1903e-03 1.1910e-03 1.1912e-03 1.1910e-03 1.1903e-03 1.1891e-03 1.1875e-03 1.1855e-03 1.1830e-03 1.1801e-03 1.1768e-03 1.1731e-03 1.1690e-03 1.1645e-03 1.1597e-03 1.1545e-03 1.1489e-03 1.1430e-03 1.1368e-03 1.1302e-03 1.1234e-03 1.1162e-03 1.1087e-03 1.1010e-03 1.0930e-03 1.0847e-03 1.0762e-03 1.0674e-03 1.0584e-03 1.0491e-03 1.0397e-03 1.0300e-03 1.0202e-03 1.0101e-03 9.9992e-04 9.8954e-04 9.7900e-04 9.6830e-04 9.5747e-04 9.4650e-04 9.3541e-04 9.2421e-04 9.1290e-04 9.0149e-04 8.8999e-04 8.7842e-04 8.6676e-04 8.5505e-04 8.4328e-04 8.3145e-04 8.1959e-04 8.0769e-04 7.9577e-04
-2.4958e-04 -3.5285e-04 -4.3193e-04 1.9182e-03 -5.5673e-04 -6.0920e-04 -6.5716e-04 -7.0149e-04 -7.4278e-04 -7.8148e-04 -8.1791e-04 -8.5232e-04 -8.8491e-04 -9.1585e-04 -9.4526e-04 -9.7325e-04 -9.9990e-04 -1.0253e-03 -1.0495e-03 -1.0726e-03 -1.0946e-03 -1.1156e-03 -1.1356e-03 -1.1546e-03 -1.1726e-03 -1.1898e-03 -1.2061e-03 -1.2215e-03 -1.2361e-03 -1.2498e-03 -1.2628e-03 -1.2749e-03 -1.2863e-03 -1.2970e-03 -1.3069e-03 -1.3161e-03 -1.3246e-03 -1.3324e-03 -1.3395e-03 -1.3459e-03 -1.3517e-03 -1.3568e-03 -1.3612e-03 -1.3651e-03 -1.3683e-03 -1.3709e-03 -1.3730e-03 -1.3744e-03 -1.3753e-03 -1.3756e-03 -1.3754e-03 -1.3746e-03 -1.3733e-03 -1.3715e-03 -1.3692e-03 -1.3664e-03 -1.3631e-03 -1.3593e-03 -1.3551e-03 -1.3504e-03 -1.3453e-03 -1.3398e-03 -1.3338e-03 -1.3274e-03 -1.3207e-03 -1.3135e-03 -1.3060e-03 -1.2981e-03 -1.2899e-03 -1.2814e-03 -1.2725e-03 -1.2633e-03 -1.2538e-03 -1.2439e-03 -1.2339e-03 -1.2235e-03 -1.2129e-03 -1.2020e-03 -1.1909e-03 -1.1796e-03 -1.1680e-03 -1.1563e-03 -1.1443e-03 -1.1322e-03 -1.1199e-03 -1.1074e-03 -1.0948e-03 -1.0820e-03 -1.0691e-03 -1.0561e-03 -1.0430e-03 -1.0297e-03 -1.0164e-03 -1.0030e-03 -9.8948e-04 -9.7592e-04 -9.6230e-04 -9.4863e-04 -9.3491e-04 -9.2117e-04 2.4958e-04 3.5285e-04 4.3193e-04 0.0000e+00 5.5673e-04 6.0920e-04 6.5715e-04 7.0147e-04 7.4276e-04 7.8145e-04 8.1787e-04 8.5228e-04 8.8487e-04 9.1579e-04 9.4519e-04 9.7317e-04 9.9981e-04 1.0252e-03 1.0494e-03 1.0725e-03 1.0945e-03 1.1154e-03 1.1354e-03 1.1543e-03 1.1724e-03 1.1895e-03 1.2058e-03 1.2212e-03 1.2357e-03 1.2495e-03 1.2624e-03 1.2745e-03 1.2859e-03 1.2965e-03 1.3064e-03 1.3156e-03 1.3240e-03 1.3318e-03 1.3388e-03 1.3452e-03 1.3509e-03 1.3560e-03 1.3604e-03 1.3642e-03 1.3674e-03 1.3700e-03 1.3720e-03 1.3734e-03 1.3743e-03 1.3745e-03 1.3743e-03 1.3735e-03 1.3721e-03 1.3703e-03 1.3679e-03 1.3650e-03 1.3617e-03 1.3579e-03 1.3536e-03 1.3489e-03 1.3437e-03 1.3381e-03 1.3321e-03 1.3257e-03 1.3189e-03 1.3117e-03 1.3042e-03 1.2962e-03 1.2880e-03 1.2794e-03 1.2704e-03 1.2612e-03 1.2516e-03 1.2418e-03 1.2316e-03 1.2212e-03 1.2106e-03 1.1997e-03 1.1885e-03 1.1772e-03 1.1656e-03 1.1538e-03 1.1418e-03 1.1297e-03 1.1173e-03 1.1048e-03 1.0922e-03 1.0794e-03 1.0664e-03 1.0534e-03 1.0402e-03 1.0270e-03 1.0136e-03 1.0002e-03 9.8663e-04 9.7305e-04 9.5941e-04 9.4572e-04 9.3199e-04 9.1823e-04
-2.7878e-04 -3.9414e-04 -4.8248e-04 -5.5673e-04 2.9972e-03 -6.8050e-04 -7.3408e-04 -7.8359e-04 -8.2972e-04 -8.7295e-04 -9.1364e-04 -9.5209e-04 -9.8850e-04 -1.0231e-03 -1.0559e-03 -1.0872e-03 -1.1170e-03 -1.1454e-03 -1.1724e-03 -1.1982e-03 -1.2228e-03 -1.2463e-03 -1.2686e-03 -1.2898e-03 -1.3100e-03 -1.3292e-03 -1.3474e-03 -1.3646e-03 -1.3809e-03 -1.3963e-03 -1.4108e-03 -1.4244e-03 -1.4372e-03 -1.4491e-03 -1.4602e-03 -1.4705e-03 -1.4800e-03 -1.4887e-03 -1.4966e-03 -1.5038e-03 -1.5103e-03 -1.5160e-03 -1.5211e-03 -1.5254e-03 -1.5290e-03 -1.5320e-03 -1.5343e-03 -1.5359e-03 -1.5369e-03 -1.5373e-03 -1.5371e-03 -1.5363e-03 -1.5348e-03 -1.5328e-03 -1.5303e-03 -1.5272e-03 -1.5235e-03 -1.5193e-03 -1.5147e-03 -1.5095e-03 -1.5038e-03 -1.4976e-03 -1.4910e-03 -1.4839e-03 -1.4764e-03 -1.4684e-03 -1.4600e-03 -1.4513e-03 -1.4421e-03 -1.4326e-03 -1.4227e-03 -1.4124e-03 -1.4018e-03 -1.3909e-03 -1.3797e-03 -1.3681e-03 -1.3563e-03 -1.3442e-03 -1.3318e-03 -1.3191e-03 -1.3063e-03 -1.2932e-03 -1.2798e-03 -1.2663e-03 -1.2526e-03 -1.2387e-03 -1.2246e-03 -1.2104e-03 -1.1960e-03 -1.1814e-03 -1.1668e-03 -1.1520e-03 -1.1371e-03 -1.1221e-03 -1.1071e-03 -1.0919e-03 -1.0767e-03 -1.0615e-03 -1.0462e-03 -1.0308e-03 2.7878e-04 3.9414e-04 4.8248e-04 5.5673e-04 0.0000e+00 6.8049e-04 7.3406e-04 7.8356e-04 8.2968e-04 8.7290e-04 9.1359e-04 9.5202e-04 9.8842e-04 1.0230e-03 1.0558e-03 1.0871e-03 1.1168e-03 1.1452e-03 1.1722e-03 1.1980e-03 1.2225e-03 1.2460e-03 1.2682e-03 1.2894e-03 1.3096e-03 1.3287e-03 1.3469e-03 1.3641e-03 1.3803e-03 1.3957e-03 1.4101e-03 1.4237e-03 1.4364e-03 1.4483e-03 1.4593e-03 1.4695e-03 1.4790e-03 1.4876e-03 1.4955e-03 1.5026e-03 1.5090e-03 1.5147e-03 1.5196e-03 1.5239e-03 1.5275e-03 1.5304e-03 1.5326e-03 1.5342e-03 1.5351e-03 1.5354e-03 1.5351e-03 1.5342e-03 1.5327e-03 1.5306e-03 1.5280e-03 1.5248e-03 1.5211e-03 1.5168e-03 1.5120e-03 1.5067e-03 1.5010e-03 1.4947e-03 1.4880e-03 1.4809e-03 1.4733e-03 1.4652e-03 1.4568e-03 1.4479e-03 1.4387e-03 1.4291e-03 1.4191e-03 1.4088e-03 1.3981e-03 1.3871e-03 1.3758e-03 1.3642e-03 1.3523e-03 1.3401e-03 1.3276e-03 1.3149e-03 1.3020e-03 1.2888e-03 1.2754e-03 1.2619e-03 1.2481e-03 1.2341e-03 1.2200e-03 1.2057e-03 1.1912e-03 1.1767e-03 1.1620e-03 1.1471e-03 1.1322e-03 1.1172e-03 1.1021e-03 1.0869e-03 1.0717e-03 1.0564e-03 1.0411e-03 1.0257e-03
-3.0506e-04 -4.3129e-04 -5.2795e-04 -6.0920e-04 -6.8050e-04 4.3158e-03 -8.0326e-04 -8.5745e-04 -9.0793e-04 -9.5524e-04 -9.9977e-04 -1.0418e-03 -1.0817e-03 -1.1195e-03 -1.1555e-03 -1.1897e-03 -1.2223e-03 -1.2534e-03 -1.2830e-03 -1.3113e-03 -1.3382e-03 -1.3638e-03 -1.3883e-03 -1.4115e-03 -1.4337e-03 -1.4547e-03 -1.4746e-03 -1.4935e-03 -1.5113e-03 -1.5282e-03 -1.5441e-03 -1.5590e-03 -1.5730e-03 -1.5861e-03 -1.5982e-03 -1.6095e-03 -1.6199e-03 -1.6295e-03 -1.6382e-03 -1.6461e-03 -1.6532e-03 -1.6595e-03 -1.6651e-03 -1.6698e-03 -1.6739e-03 -1.6771e-03 -1.6797e-03 -1.6815e-03 -1.6827e-03 -1.6831e-03 -1.6829e-03 -1.6820e-03 -1.6805e-03 -1.6784e-03 -1.6756e-03 -1.6723e-03 -1.6683e-03 -1.6638e-03 -1.6587e-03 -1.6530e-03 -1.6468e-03 -1.6401e-03 -1.6329e-03 -1.6252e-03 -1.6170e-03 -1.6083e-03 -1.5992e-03 -1.5897e-03 -1.5797e-03 -1.5693e-03 -1.5585e-03 -1.5473e-03 -1.5357e-03 -1.5238e-03 -1.5115e-03 -1.4989e-03 -1.4860e-03 -1.4728e-03 -1.4593e-03 -1.4455e-03 -1.4314e-03 -1.4171e-03 -1.4026e-03 -1.3878e-03 -1.3728e-03 -1.3576e-03 -1.3422e-03 -1.3267e-03 -1.3109e-03 -1.2951e-03 -1.2791e-03 -1.2629e-03 -1.2466e-03 -1.2303e-03 -1.2138e-03 -1.1973e-03 -1.1806e-03 -1.1640e-03 -1.1472e-03 -1.1304e-03 3.0506e-04 4.3128e-04 5.2795e-04 6.0920e-04 6.8049e-04 0.0000e+00 8.0324e-04 8.5741e-04 9.0787e-04 9.5517e-04 9.9969e-04 1.0417e-03 1.0816e-03 1.1194e-03 1.1553e-03 1.1895e-03 1.2221e-03 1.2531e-03 1.2827e-03 1.3109e-03 1.3378e-03 1.3634e-03 1.3878e-03 1.4110e-03 1.4330e-03 1.4540e-03 1.4738e-03 1.4926e-03 1.5104e-03 1.5272e-03 1.5430e-03 1.5578e-03 1.5718e-03 1.5847e-03 1.5968e-03 1.6080e-03 1.6183e-03 1.6278e-03 1.6364e-03 1.6442e-03 1.6512e-03 1.6574e-03 1.6629e-03 1.6675e-03 1.6714e-03 1.6746e-03 1.6770e-03 1.6787e-03 1.6798e-03 1.6801e-03 1.6798e-03 1.6788e-03 1.6771e-03 1.6749e-03 1.6720e-03 1.6685e-03 1.6644e-03 1.6597e-03 1.6545e-03 1.6487e-03 1.6424e-03 1.6356e-03 1.6282e-03 1.6204e-03 1.6121e-03 1.6033e-03 1.5941e-03 1.5844e-03 1.5743e-03 1.5637e-03 1.5528e-03 1.5415e-03 1.5298e-03 1.5178e-03 1.5054e-03 1.4927e-03 1.4797e-03 1.4664e-03 1.4528e-03 1.4389e-03 1.4247e-03 1.4103e-03 1.3956e-03 1.3808e-03 1.3657e-03 1.3504e-03 1.3349e-03 1.3193e-03 1.3035e-03 1.2876e-03 1.2715e-03 1.2552e-03 1.2389e-03 1.2225e-03 1.2060e-03 1.1894e-03 1.1727e-03 1.1559e-03 1.1392e-03 1.1223e-03
-3.2907e-04 -4.6524e-04 -5.6951e-04 -6.5716e-04 -7.3408e-04 -8.0326e-04 5.8740e-03 -9.2496e-04 -9.7942e-04 -1.0305e-03 -1.0785e-03 -1.1239e-03 -1.1669e-03 -1.2077e-03 -1.2465e-03 -1.2835e-03 -1.3186e-03 -1.3522e-03 -1.3842e-03 -1.4146e-03 -1.4437e-03 -1.4714e-03 -1.4978e-03 -1.5229e-03 -1.5468e-03 -1.5694e-03 -1.5910e-03 -1.6114e-03 -1.6307e-03 -1.6489e-03 -1.6660e-03 -1.6822e-03 -1.6973e-03 -1.7114e-03 -1.7246e-03 -1.7368e-03 -1.7481e-03 -1.7584e-03 -1.7679e-03 -1.7765e-03 -1.7842e-03 -1.7910e-03 -1.7970e-03 -1.8022e-03 -1.8066e-03 -1.8101e-03 -1.8129e-03 -1.8150e-03 -1.8163e-03 -1.8168e-03 -1.8166e-03 -1.8157e-03 -1.8141e-03 -1.8119e-03 -1.8089e-03 -1.8054e-03 -1.8011e-03 -1.7963e-03 -1.7908e-03 -1.7848e-03 -1.7782e-03 -1.7710e-03 -1.7633e-03 -1.7550e-03 -1.7462e-03 -1.7369e-03 -1.7271e-03 -1.7169e-03 -1.7061e-03 -1.6950e-03 -1.6833e-03 -1.6713e-03 -1.6589e-03 -1.6461e-03 -1.6329e-03 -1.6194e-03 -1.6055e-03 -1.5912e-03 -1.5767e-03 -1.5619e-03 -1.5467e-03 -1.5313e-03 -1.5157e-03 -1.4998e-03 -1.4836e-03 -1.4673e-03 -1.4507e-03 -1.4340e-03 -1.4170e-03 -1.3999e-03 -1.3827e-03 -1.3653e-03 -1.3478e-03 -1.3302e-03 -1.3124e-03 -1.2946e-03 -1.2767e-03 -1.2587e-03 -1.2407e-03 -1.2226e-03 3.2907e-04 4.6523e-04 5.6951e-04 6.5715e-04 7.3406e-04 8.0324e-04 0.0000e+00 9.2490e-04 9.7934e-04 1.0304e-03 1.0784e-03 1.1237e-03 1.1667e-03 1.2075e-03 1.2462e-03 1.2831e-03 1.3183e-03 1.3517e-03 1.3837e-03 1.4141e-03 1.4431e-03 1.4707e-03 1.4970e-03 1.5220e-03 1.5458e-03 1.5684e-03 1.5898e-03 1.6101e-03 1.6293e-03 1.6474e-03 1.6645e-03 1.6805e-03 1.6955e-03 1.7095e-03 1.7225e-03 1.7346e-03 1.7457e-03 1.7559e-03 1.7653e-03 1.7737e-03 1.7812e-03 1.7879e-03 1.7938e-03 1.7988e-03 1.8030e-03 1.8064e-03 1.8090e-03 1.8109e-03 1.8120e-03 1.8124e-03 1.8120e-03 1.8109e-03 1.8092e-03 1.8067e-03 1.8036e-03 1.7998e-03 1.7954e-03 1.7904e-03 1.7848e-03 1.7785e-03 1.7717e-03 1.7643e-03 1.7564e-03 1.7480e-03 1.7390e-03 1.7295e-03 1.7195e-03 1.7091e-03 1.6982e-03 1.6868e-03 1.6751e-03 1.6629e-03 1.6503e-03 1.6373e-03 1.6239e-03 1.6102e-03 1.5962e-03 1.5818e-03 1.5671e-03 1.5521e-03 1.5369e-03 1.5213e-03 1.5055e-03 1.4895e-03 1.4732e-03 1.4567e-03 1.4400e-03 1.4232e-03 1.4061e-03 1.3889e-03 1.3716e-03 1.3541e-03 1.3364e-03 1.3187e-03 1.3009e-03 1.2830e-03 1.2650e-03 1.2469e-03 1.2288e-03 1.2107e-03
-3.5126e-04 -4.9661e-04 -6.0793e-04 -7.0149e-04 -7.8359e-04 -8.5745e-04 -9.2496e-04 7.6719e-03 -1.0455e-03 -1.1000e-03 -1.1513e-03 -1.1998e-03 -1.2457e-03 -1.2892e-03 -1.3307e-03 -1.3701e-03 -1.4077e-03 -1.4435e-03 -1.4777e-03 -1.5102e-03 -1.5413e-03 -1.5709e-03 -1.5990e-03 -1.6259e-03 -1.6514e-03 -1.6756e-03 -1.6986e-03 -1.7204e-03 -1.7411e-03 -1.7606e-03 -1.7789e-03 -1.7962e-03 -1.8124e-03 -1.8275e-03 -1.8416e-03 -1.8547e-03 -1.8667e-03 -1.8778e-03 -1.8880e-03 -1.8972e-03 -1.9054e-03 -1.9128e-03 -1.9193e-03 -1.9249e-03 -1.9296e-03 -1.9334e-03 -1.9365e-03 -1.9387e-03 -1.9401e-03 -1.9408e-03 -1.9406e-03 -1.9397e-03 -1.9381e-03 -1.9358e-03 -1.9327e-03 -1.9289e-03 -1.9245e-03 -1.9194e-03 -1.9136e-03 -1.9072e-03 -1.9002e-03 -1.8926e-03 -1.8844e-03 -1.8756e-03 -1.8663e-03 -1.8565e-03 -1.8461e-03 -1.8352e-03 -1.8238e-03 -1.8119e-03 -1.7996e-03 -1.7868e-03 -1.7736e-03 -1.7600e-03 -1.7460e-03 -1.7316e-03 -1.7168e-03 -1.7017e-03 -1.6862e-03 -1.6704e-03 -1.6543e-03 -1.6379e-03 -1.6212e-03 -1.6043e-03 -1.5871e-03 -1.5697e-03 -1.5521e-03 -1.5342e-03 -1.5162e-03 -1.4980e-03 -1.4796e-03 -1.4611e-03 -1.4424e-03 -1.4236e-03 -1.4047e-03 -1.3857e-03 -1.3666e-03 -1.3474e-03 -1.3282e-03 -1.3089e-03 3.5126e-04 4.9661e-04 6.0792e-04 7.0147e-04 7.8356e-04 8.5741e-04 9.2490e-04 0.0000e+00 1.0454e-03 1.0998e-03 1.1511e-03 1.1995e-03 1.2454e-03 1.2889e-03 1.3303e-03 1.3697e-03 1.4072e-03 1.4429e-03 1.4770e-03 1.5095e-03 1.5404e-03 1.5699e-03 1.5980e-03 1.6247e-03 1.6501e-03 1.6742e-03 1.6971e-03 1.7187e-03 1.7392e-03 1.7585e-03 1.7767e-03 1.7938e-03 1.8098e-03 1.8248e-03 1.8387e-03 1.8516e-03 1.8635e-03 1.8744e-03 1.8843e-03 1.8933e-03 1.9014e-03 1.9085e-03 1.9147e-03 1.9201e-03 1.9246e-03 1.9282e-03 1.9310e-03 1.9330e-03 1.9342e-03 1.9346e-03 1.9342e-03 1.9331e-03 1.9312e-03 1.9286e-03 1.9252e-03 1.9212e-03 1.9165e-03 1.9111e-03 1.9051e-03 1.8985e-03 1.8912e-03 1.8833e-03 1.8749e-03 1.8659e-03 1.8563e-03 1.8462e-03 1.8355e-03 1.8244e-03 1.8127e-03 1.8006e-03 1.7880e-03 1.7750e-03 1.7616e-03 1.7477e-03 1.7335e-03 1.7188e-03 1.7038e-03 1.6885e-03 1.6728e-03 1.6568e-03 1.6405e-03 1.6239e-03 1.6070e-03 1.5899e-03 1.5726e-03 1.5550e-03 1.5372e-03 1.5191e-03 1.5009e-03 1.4826e-03 1.4641e-03 1.4454e-03 1.4266e-03 1.4077e-03 1.3886e-03 1.3695e-03 1.3503e-03 1.3310e-03 1.3117e-03 1.2924e-03
-3.7194e-04 -5.2584e-04 -6.4371e-04 -7.4278e-04 -8.2972e-04 -9.0793e-04 -9.7942e-04 -1.0455e-03 9.7093e-03 -1.1648e-03 -1.2191e-03 -1.2704e-03 -1.3191e-03 -1.3652e-03 -1.4091e-03 -1.4509e-03 -1.4907e-03 -1.5286e-03 -1.5648e-03 -1.5993e-03 -1.6322e-03 -1.6636e-03 -1.6935e-03 -1.7219e-03 -1.7490e-03 -1.7747e-03 -1.7991e-03 -1.8222e-03 -1.8441e-03 -1.8647e-03 -1.8842e-03 -1.9026e-03 -1.9197e-03 -1.9358e-03 -1.9508e-03 -1.9647e-03 -1.9775e-03 -1.9893e-03 -2.0001e-03 -2.0099e-03 -2.0187e-03 -2.0266e-03 -2.0335e-03 -2.0395e-03 -2.0446e-03 -2.0487e-03 -2.0520e-03 -2.0544e-03 -2.0560e-03 -2.0567e-03 -2.0567e-03 -2.0558e-03 -2.0541e-03 -2.0517e-03 -2.0485e-03 -2.0446e-03 -2.0400e-03 -2.0347e-03 -2.0286e-03 -2.0220e-03 -2.0146e-03 -2.0066e-03 -1.9980e-03 -1.9888e-03 -1.9790e-03 -1.9686e-03 -1.9577e-03 -1.9462e-03 -1.9342e-03 -1.9217e-03 -1.9088e-03 -1.8953e-03 -1.8814e-03 -1.8670e-03 -1.8522e-03 -1.8371e-03 -1.8215e-03 -1.8055e-03 -1.7892e-03 -1.7725e-03 -1.7556e-03 -1.7383e-03 -1.7207e-03 -1.7028e-03 -1.6846e-03 -1.6663e-03 -1.6476e-03 -1.6288e-03 -1.6097e-03 -1.5905e-03 -1.5711e-03 -1.5515e-03 -1.5318e-03 -1.5119e-03 -1.4919e-03 -1.4718e-03 -1.4516e-03 -1.4314e-03 -1.4110e-03 -1.3906e-03 3.7194e-04 5.2584e-04 6.4370e-04 7.4276e-04 8.2968e-04 9.0787e-04 9.7934e-04 1.0454e-03 0.0000e+00 1.1646e-03 1.2189e-03 1.2701e-03 1.3187e-03 1.3648e-03 1.4086e-03 1.4503e-03 1.4900e-03 1.5278e-03 1.5639e-03 1.5983e-03 1.6311e-03 1.6623e-03 1.6920e-03 1.7203e-03 1.7472e-03 1.7727e-03 1.7969e-03 1.8199e-03 1.8416e-03 1.8620e-03 1.8813e-03 1.8994e-03 1.9164e-03 1.9322e-03 1.9469e-03 1.9606e-03 1.9731e-03 1.9847e-03 1.9952e-03 2.0047e-03 2.0133e-03 2.0208e-03 2.0274e-03 2.0331e-03 2.0379e-03 2.0417e-03 2.0447e-03 2.0468e-03 2.0480e-03 2.0484e-03 2.0480e-03 2.0468e-03 2.0448e-03 2.0421e-03 2.0385e-03 2.0343e-03 2.0293e-03 2.0236e-03 2.0173e-03 2.0102e-03 2.0025e-03 1.9942e-03 1.9852e-03 1.9757e-03 1.9655e-03 1.9548e-03 1.9436e-03 1.9317e-03 1.9194e-03 1.9066e-03 1.8933e-03 1.8795e-03 1.8653e-03 1.8506e-03 1.8355e-03 1.8200e-03 1.8041e-03 1.7879e-03 1.7713e-03 1.7543e-03 1.7371e-03 1.7195e-03 1.7016e-03 1.6835e-03 1.6651e-03 1.6465e-03 1.6276e-03 1.6086e-03 1.5893e-03 1.5698e-03 1.5502e-03 1.5305e-03 1.5105e-03 1.4905e-03 1.4704e-03 1.4501e-03 1.4298e-03 1.4094e-03 1.3889e-03 1.3684e-03
-3.9131e-04 -5.5324e-04 -6.7724e-04 -7.8148e-04 -8.7295e-04 -9.5524e-04 -1.0305e-03 -1.1000e-03 -1.1648e-03 1.1986e-02 -1.2827e-03 -1.3367e-03 -1.3879e-03 -1.4364e-03 -1.4826e-03 -1.5266e-03 -1.5685e-03 -1.6085e-03 -1.6466e-03 -1.6829e-03 -1.7175e-03 -1.7506e-03 -1.7820e-03 -1.8120e-03 -1.8405e-03 -1.8676e-03 -1.8933e-03 -1.9177e-03 -1.9408e-03 -1.9626e-03 -1.9831e-03 -2.0024e-03 -2.0206e-03 -2.0375e-03 -2.0534e-03 -2.0680e-03 -2.0816e-03 -2.0941e-03 -2.1055e-03 -2.1159e-03 -2.1253e-03 -2.1336e-03 -2.1409e-03 -2.1473e-03 -2.1527e-03 -2.1572e-03 -2.1607e-03 -2.1633e-03 -2.1651e-03 -2.1659e-03 -2.1659e-03 -2.1651e-03 -2.1634e-03 -2.1610e-03 -2.1577e-03 -2.1537e-03 -2.1489e-03 -2.1434e-03 -2.1371e-03 -2.1302e-03 -2.1225e-03 -2.1142e-03 -2.1053e-03 -2.0956e-03 -2.0854e-03 -2.0746e-03 -2.0632e-03 -2.0512e-03 -2.0387e-03 -2.0256e-03 -2.0120e-03 -1.9979e-03 -1.9834e-03 -1.9683e-03 -1.9529e-03 -1.9370e-03 -1.9207e-03 -1.9039e-03 -1.8868e-03 -1.8694e-03 -1.8516e-03 -1.8334e-03 -1.8150e-03 -1.7963e-03 -1.7772e-03 -1.7579e-03 -1.7384e-03 -1.7186e-03 -1.6986e-03 -1.6784e-03 -1.6581e-03 -1.6375e-03 -1.6168e-03 -1.5959e-03 -1.5750e-03 -1.5539e-03 -1.5327e-03 -1.5114e-03 -1.4900e-03 -1.4686e-03 3.9131e-04 5.5323e-04 6.7723e-04 7.8145e-04 8.7290e-04 9.5517e-04 1.0304e-03 1.0998e-03 1.1646e-03 0.0000e+00 1.2824e-03 1.3363e-03 1.3874e-03 1.4359e-03 1.4820e-03 1.5258e-03 1.5676e-03 1.6074e-03 1.6454e-03 1.6816e-03 1.7160e-03 1.7489e-03 1.7802e-03 1.8099e-03 1.8382e-03 1.8651e-03 1.8906e-03 1.9147e-03 1.9375e-03 1.9590e-03 1.9793e-03 1.9983e-03 2.0162e-03 2.0328e-03 2.0483e-03 2.0627e-03 2.0759e-03 2.0881e-03 2.0991e-03 2.1092e-03 2.1181e-03 2.1261e-03 2.1330e-03 2.1390e-03 2.1440e-03 2.1481e-03 2.1512e-03 2.1534e-03 2.1547e-03 2.1552e-03 2.1547e-03 2.1535e-03 2.1514e-03 2.1484e-03 2.1447e-03 2.1403e-03 2.1350e-03 2.1290e-03 2.1223e-03 2.1149e-03 2.1068e-03 2.0981e-03 2.0886e-03 2.0786e-03 2.0679e-03 2.0566e-03 2.0448e-03 2.0324e-03 2.0194e-03 2.0059e-03 1.9919e-03 1.9774e-03 1.9624e-03 1.9470e-03 1.9311e-03 1.9148e-03 1.8981e-03 1.8810e-03 1.8635e-03 1.8457e-03 1.8275e-03 1.8091e-03 1.7903e-03 1.7712e-03 1.7519e-03 1.7323e-03 1.7124e-03 1.6923e-03 1.6721e-03 1.6516e-03 1.6310e-03 1.6102e-03 1.5892e-03 1.5681e-03 1.5470e-03 1.5257e-03 1.5043e-03 1.4828e-03 1.4613e-03 1.4397e-03
-4.0955e-04 -5.7902e-04 -7.0881e-04 -8.1791e-04 -9.1364e-04 -9.9977e-04 -1.0785e-03 -1.1513e-03 -1.2191e-03 -1.2827e-03 1.4502e-02 -1.3991e-03 -1.4527e-03 -1.5035e-03 -1.5519e-03 -1.5979e-03 -1.6418e-03 -1.6837e-03 -1.7236e-03 -1.7616e-03 -1.7979e-03 -1.8325e-03 -1.8655e-03 -1.8969e-03 -1.9268e-03 -1.9552e-03 -1.9822e-03 -2.0077e-03 -2.0319e-03 -2.0548e-03 -2.0764e-03 -2.0967e-03 -2.1157e-03 -2.1335e-03 -2.1502e-03 -2.1656e-03 -2.1799e-03 -2.1930e-03 -2.2051e-03 -2.2160e-03 -2.2259e-03 -2.2347e-03 -2.2425e-03 -2.2492e-03 -2.2550e-03 -2.2597e-03 -2.2635e-03 -2.2664e-03 -2.2683e-03 -2.2693e-03 -2.2694e-03 -2.2686e-03 -2.2669e-03 -2.2645e-03 -2.2612e-03 -2.2570e-03 -2.2521e-03 -2.2464e-03 -2.2400e-03 -2.2328e-03 -2.2249e-03 -2.2163e-03 -2.2070e-03 -2.1971e-03 -2.1865e-03 -2.1752e-03 -2.1634e-03 -2.1509e-03 -2.1379e-03 -2.1243e-03 -2.1102e-03 -2.0956e-03 -2.0804e-03 -2.0648e-03 -2.0487e-03 -2.0321e-03 -2.0151e-03 -1.9977e-03 -1.9799e-03 -1.9617e-03 -1.9432e-03 -1.9243e-03 -1.9050e-03 -1.8855e-03 -1.8657e-03 -1.8455e-03 -1.8252e-03 -1.8045e-03 -1.7837e-03 -1.7626e-03 -1.7413e-03 -1.7199e-03 -1.6982e-03 -1.6765e-03 -1.6545e-03 -1.6325e-03 -1.6104e-03 -1.5881e-03 -1.5658e-03 -1.5434e-03 4.0955e-04 5.7902e-04 7.0880e-04 8.1787e-04 9.1359e-04 9.9969e-04 1.0784e-03 1.1511e-03 1.2189e-03 1.2824e-03 0.0000e+00 1.3986e-03 1.4521e-03 1.5028e-03 1.5510e-03 1.5970e-03 1.6407e-03 1.6824e-03 1.7221e-03 1.7599e-03 1.7960e-03 1.8304e-03 1.8631e-03 1.8943e-03 1.9239e-03 1.9520e-03 1.9787e-03 2.0039e-03 2.0278e-03 2.0503e-03 2.0716e-03 2.0915e-03 2.1102e-03 2.1276e-03 2.1438e-03 2.1588e-03 2.1727e-03 2.1854e-03 2.1970e-03 2.2075e-03 2.2169e-03 2.2252e-03 2.2325e-03 2.2387e-03 2.2439e-03 2.2482e-03 2.2515e-03 2.2538e-03 2.2551e-03 2.2556e-03 2.2552e-03 2.2538e-03 2.2516e-03 2.2486e-03 2.2447e-03 2.2400e-03 2.2345e-03 2.2283e-03 2.2213e-03 2.2135e-03 2.2050e-03 2.1959e-03 2.1860e-03 2.1755e-03 2.1643e-03 2.1525e-03 2.1401e-03 2.1271e-03 2.1135e-03 2.0994e-03 2.0847e-03 2.0696e-03 2.0539e-03 2.0377e-03 2.0211e-03 2.0041e-03 1.9866e-03 1.9687e-03 1.9504e-03 1.9317e-03 1.9127e-03 1.8934e-03 1.8737e-03 1.8538e-03 1.8335e-03 1.8130e-03 1.7922e-03 1.7712e-03 1.7500e-03 1.7286e-03 1.7070e-03 1.6852e-03 1.6633e-03 1.6412e-03 1.6191e-03 1.5968e-03 1.5744e-03 1.5519e-03 1.5294e-03 1.5068e-03
-4.2678e-04 -6.0338e-04 -7.3863e-04 -8.5232e-04 -9.5209e-04 -1.0418e-03 -1.1239e-03 -1.1998e-03 -1.2704e-03 -1.3367e-03 -1.3991e-03 1.7258e-02 -1.5139e-03 -1.5669e-03 -1.6173e-03 -1.6654e-03 -1.7111e-03 -1.7548e-03 -1.7964e-03 -1.8361e-03 -1.8739e-03 -1.9100e-03 -1.9445e-03 -1.9772e-03 -2.0084e-03 -2.0381e-03 -2.0662e-03 -2.0929e-03 -2.1182e-03 -2.1421e-03 -2.1647e-03 -2.1859e-03 -2.2058e-03 -2.2245e-03 -2.2419e-03 -2.2580e-03 -2.2730e-03 -2.2868e-03 -2.2994e-03 -2.3109e-03 -2.3213e-03 -2.3306e-03 -2.3388e-03 -2.3459e-03 -2.3520e-03 -2.3571e-03 -2.3611e-03 -2.3642e-03 -2.3663e-03 -2.3674e-03 -2.3676e-03 -2.3669e-03 -2.3653e-03 -2.3629e-03 -2.3595e-03 -2.3554e-03 -2.3504e-03 -2.3445e-03 -2.3379e-03 -2.3306e-03 -2.3225e-03 -2.3136e-03 -2.3040e-03 -2.2938e-03 -2.2828e-03 -2.2713e-03 -2.2590e-03 -2.2462e-03 -2.2327e-03 -2.2187e-03 -2.2041e-03 -2.1889e-03 -2.1732e-03 -2.1570e-03 -2.1403e-03 -2.1232e-03 -2.1056e-03 -2.0875e-03 -2.0691e-03 -2.0502e-03 -2.0310e-03 -2.0114e-03 -1.9914e-03 -1.9711e-03 -1.9505e-03 -1.9296e-03 -1.9085e-03 -1.8870e-03 -1.8654e-03 -1.8435e-03 -1.8214e-03 -1.7991e-03 -1.7766e-03 -1.7540e-03 -1.7312e-03 -1.7083e-03 -1.6853e-03 -1.6621e-03 -1.6389e-03 -1.6156e-03 4.2678e-04 6.0338e-04 7.3861e-04 8.5228e-04 9.5202e-04 1.0417e-03 1.1237e-03 1.1995e-03 1.2701e-03 1.3363e-03 1.3986e-03 0.0000e+00 1.5131e-03 1.5660e-03 1.6163e-03 1.6641e-03 1.7097e-03 1.7531e-03 1.7945e-03 1.8340e-03 1.8716e-03 1.9074e-03 1.9415e-03 1.9740e-03 2.0048e-03 2.0341e-03 2.0619e-03 2.0882e-03 2.1131e-03 2.1366e-03 2.1587e-03 2.1795e-03 2.1989e-03 2.2171e-03 2.2340e-03 2.2496e-03 2.2641e-03 2.2773e-03 2.2894e-03 2.3003e-03 2.3101e-03 2.3188e-03 2.3264e-03 2.3329e-03 2.3383e-03 2.3428e-03 2.3462e-03 2.3486e-03 2.3500e-03 2.3505e-03 2.3500e-03 2.3486e-03 2.3463e-03 2.3432e-03 2.3391e-03 2.3342e-03 2.3285e-03 2.3220e-03 2.3147e-03 2.3066e-03 2.2978e-03 2.2882e-03 2.2780e-03 2.2670e-03 2.2553e-03 2.2431e-03 2.2301e-03 2.2166e-03 2.2024e-03 2.1877e-03 2.1724e-03 2.1566e-03 2.1403e-03 2.1234e-03 2.1061e-03 2.0884e-03 2.0701e-03 2.0515e-03 2.0324e-03 2.0130e-03 1.9932e-03 1.9730e-03 1.9525e-03 1.9317e-03 1.9106e-03 1.8893e-03 1.8676e-03 1.8457e-03 1.8236e-03 1.8013e-03 1.7788e-03 1.7561e-03 1.7333e-03 1.7103e-03 1.6872e-03 1.6639e-03 1.6406e-03 1.6172e-03 1.5937e-03 1.5702e-03
-4.4310e-04 -6.2645e-04 -7.6688e-04 -8.8491e-04 -9.8850e-04 -1.0817e-03 -1.1669e-03 -1.2457e-03 -1.3191e-03 -1.3879e-03 -1.4527e-03 -1.5139e-03 2.0253e-02 -1.6270e-03 -1.6794e-03 -1.7293e-03 -1.7768e-03 -1.8221e-03 -1.8654e-03 -1.9067e-03 -1.9460e-03 -1.9836e-03 -2.0193e-03 -2.0534e-03 -2.0859e-03 -2.1167e-03 -2.1460e-03 -2.1738e-03 -2.2001e-03 -2.2250e-03 -2.2485e-03 -2.2706e-03 -2.2914e-03 -2.3109e-03 -2.3290e-03 -2.3459e-03 -2.3615e-03 -2.3760e-03 -2.3892e-03 -2.4012e-03 -2.4121e-03 -2.4218e-03 -2.4304e-03 -2.4379e-03 -2.4444e-03 -2.4498e-03 -2.4541e-03 -2.4574e-03 -2.4597e-03 -2.4610e-03 -2.4614e-03 -2.4607e-03 -2.4592e-03 -2.4568e-03 -2.4534e-03 -2.4492e-03 -2.4442e-03 -2.4383e-03 -2.4315e-03 -2.4240e-03 -2.4157e-03 -2.4066e-03 -2.3968e-03 -2.3863e-03 -2.3751e-03 -2.3632e-03 -2.3506e-03 -2.3374e-03 -2.3235e-03 -2.3091e-03 -2.2940e-03 -2.2784e-03 -2.2623e-03 -2.2456e-03 -2.2284e-03 -2.2107e-03 -2.1925e-03 -2.1739e-03 -2.1548e-03 -2.1353e-03 -2.1154e-03 -2.0952e-03 -2.0746e-03 -2.0536e-03 -2.0323e-03 -2.0107e-03 -1.9888e-03 -1.9667e-03 -1.9443e-03 -1.9216e-03 -1.8987e-03 -1.8757e-03 -1.8524e-03 -1.8290e-03 -1.8054e-03 -1.7816e-03 -1.7578e-03 -1.7338e-03 -1.7098e-03 -1.6856e-03 4.4310e-04 6.2645e-04 7.6685e-04 8.8487e-04 9.8842e-04 1.0816e-03 1.1667e-03 1.2454e-03 1.3187e-03 1.3874e-03 1.4521e-03 1.5131e-03 0.0000e+00 1.6259e-03 1.6781e-03 1.7278e-03 1.7751e-03 1.8202e-03 1.8631e-03 1.9041e-03 1.9431e-03 1.9803e-03 2.0157e-03 2.0494e-03 2.0815e-03 2.1119e-03 2.1407e-03 2.1681e-03 2.1939e-03 2.2183e-03 2.2412e-03 2.2628e-03 2.2830e-03 2.3019e-03 2.3194e-03 2.3357e-03 2.3506e-03 2.3644e-03 2.3769e-03 2.3883e-03 2.3984e-03 2.4074e-03 2.4153e-03 2.4221e-03 2.4277e-03 2.4323e-03 2.4359e-03 2.4384e-03 2.4399e-03 2.4404e-03 2.4399e-03 2.4384e-03 2.4361e-03 2.4328e-03 2.4286e-03 2.4235e-03 2.4176e-03 2.4108e-03 2.4032e-03 2.3948e-03 2.3856e-03 2.3757e-03 2.3650e-03 2.3537e-03 2.3416e-03 2.3288e-03 2.3154e-03 2.3013e-03 2.2866e-03 2.2714e-03 2.2555e-03 2.2391e-03 2.2221e-03 2.2046e-03 2.1867e-03 2.1682e-03 2.1493e-03 2.1299e-03 2.1101e-03 2.0900e-03 2.0694e-03 2.0485e-03 2.0272e-03 2.0056e-03 1.9837e-03 1.9615e-03 1.9390e-03 1.9163e-03 1.8933e-03 1.8702e-03 1.8468e-03 1.8232e-03 1.7995e-03 1.7757e-03 1.7517e-03 1.7275e-03 1.7033e-03 1.6790e-03 1.6546e-03 1.6302e-03
-4.5859e-04 -6.4835e-04 -7.9368e-04 -9.1585e-04 -1.0231e-03 -1.1195e-03 -1.2077e-03 -1.2892e-03 -1.3652e-03 -1.4364e-03 -1.5035e-03 -1.5669e-03 -1.6270e-03 2.3487e-02 -1.7383e-03 -1.7899e-03 -1.8392e-03 -1.8862e-03 -1.9310e-03 -1.9737e-03 -2.0145e-03 -2.0534e-03 -2.0905e-03 -2.1258e-03 -2.1595e-03 -2.1915e-03 -2.2219e-03 -2.2507e-03 -2.2781e-03 -2.3039e-03 -2.3283e-03 -2.3513e-03 -2.3729e-03 -2.3931e-03 -2.4120e-03 -2.4296e-03 -2.4459e-03 -2.4609e-03 -2.4747e-03 -2.4873e-03 -2.4986e-03 -2.5088e-03 -2.5179e-03 -2.5258e-03 -2.5326e-03 -2.5383e-03 -2.5429e-03 -2.5464e-03 -2.5489e-03 -2.5504e-03 -2.5509e-03 -2.5505e-03 -2.5490e-03 -2.5466e-03 -2.5433e-03 -2.5391e-03 -2.5340e-03 -2.5280e-03 -2.5212e-03 -2.5136e-03 -2.5051e-03 -2.4959e-03 -2.4859e-03 -2.4751e-03 -2.4637e-03 -2.4515e-03 -2.4386e-03 -2.4251e-03 -2.4109e-03 -2.3960e-03 -2.3806e-03 -2.3646e-03 -2.3480e-03 -2.3308e-03 -2.3132e-03 -2.2950e-03 -2.2763e-03 -2.2571e-03 -2.2375e-03 -2.2175e-03 -2.1970e-03 -2.1762e-03 -2.1549e-03 -2.1334e-03 -2.1114e-03 -2.0892e-03 -2.0666e-03 -2.0438e-03 -2.0207e-03 -1.9973e-03 -1.9737e-03 -1.9499e-03 -1.9259e-03 -1.9017e-03 -1.8774e-03 -1.8529e-03 -1.8283e-03 -1.8035e-03 -1.7787e-03 -1.7537e-03 4.5858e-04 6.4834e-04 7.9365e-04 9.1579e-04 1.0230e-03 1.1194e-03 1.2075e-03 1.2889e-03 1.3648e-03 1.4359e-03 1.5028e-03 1.5660e-03 1.6259e-03 0.0000e+00 1.7367e-03 1.7881e-03 1.8371e-03 1.8838e-03 1.9282e-03 1.9706e-03 2.0110e-03 2.0495e-03 2.0862e-03 2.1211e-03 2.1542e-03 2.1857e-03 2.2156e-03 2.2438e-03 2.2706e-03 2.2958e-03 2.3196e-03 2.3419e-03 2.3628e-03 2.3823e-03 2.4005e-03 2.4173e-03 2.4328e-03 2.4470e-03 2.4600e-03 2.4718e-03 2.4823e-03 2.4916e-03 2.4997e-03 2.5067e-03 2.5126e-03 2.5174e-03 2.5210e-03 2.5236e-03 2.5251e-03 2.5256e-03 2.5251e-03 2.5237e-03 2.5212e-03 2.5178e-03 2.5134e-03 2.5082e-03 2.5021e-03 2.4950e-03 2.4872e-03 2.4785e-03 2.4690e-03 2.4587e-03 2.4477e-03 2.4359e-03 2.4234e-03 2.4102e-03 2.3963e-03 2.3818e-03 2.3666e-03 2.3507e-03 2.3343e-03 2.3173e-03 2.2998e-03 2.2817e-03 2.2631e-03 2.2440e-03 2.2244e-03 2.2044e-03 2.1839e-03 2.1630e-03 2.1417e-03 2.1200e-03 2.0980e-03 2.0757e-03 2.0530e-03 2.0300e-03 2.0068e-03 1.9833e-03 1.9595e-03 1.9355e-03 1.9113e-03 1.8870e-03 1.8624e-03 1.8377e-03 1.8129e-03 1.7879e-03 1.7628e-03 1.7377e-03 1.7125e-03 1.6872e-03
-4.7331e-04 -6.6916e-04 -8.1916e-04 -9.4526e-04 -1.0559e-03 -1.1555e-03 -1.2465e-03 -1.3307e-03 -1.4091e-03 -1.4826e-03 -1.5519e-03 -1.6173e-03 -1.6794e-03 -1.7383e-03 2.6959e-02 -1.8477e-03 -1.8985e-03 -1.9471e-03 -1.9934e-03 -2.0376e-03 -2.0797e-03 -2.1199e-03 -2.1583e-03 -2.1948e-03 -2.2296e-03 -2.2627e-03 -2.2942e-03 -2.3240e-03 -2.3523e-03 -2.3791e-03 -2.4044e-03 -2.4282e-03 -2.4506e-03 -2.4716e-03 -2.4912e-03 -2.5094e-03 -2.5264e-03 -2.5420e-03 -2.5564e-03 -2.5695e-03 -2.5814e-03 -2.5920e-03 -2.6015e-03 -2.6098e-03 -2.6169e-03 -2.6229e-03 -2.6278e-03 -2.6317e-03 -2.6344e-03 -2.6361e-03 -2.6368e-03 -2.6364e-03 -2.6351e-03 -2.6328e-03 -2.6295e-03 -2.6253e-03 -2.6202e-03 -2.6142e-03 -2.6073e-03 -2.5996e-03 -2.5911e-03 -2.5817e-03 -2.5715e-03 -2.5606e-03 -2.5489e-03 -2.5365e-03 -2.5234e-03 -2.5095e-03 -2.4950e-03 -2.4799e-03 -2.4641e-03 -2.4477e-03 -2.4307e-03 -2.4132e-03 -2.3951e-03 -2.3765e-03 -2.3573e-03 -2.3377e-03 -2.3176e-03 -2.2970e-03 -2.2760e-03 -2.2546e-03 -2.2329e-03 -2.2107e-03 -2.1882e-03 -2.1653e-03 -2.1421e-03 -2.1187e-03 -2.0949e-03 -2.0709e-03 -2.0467e-03 -2.0222e-03 -1.9975e-03 -1.9726e-03 -1.9476e-03 -1.9224e-03 -1.8970e-03 -1.8715e-03 -1.8460e-03 -1.8203e-03 4.7330e-04 6.6915e-04 8.1913e-04 9.4519e-04 1.0558e-03 1.1553e-03 1.2462e-03 1.3303e-03 1.4086e-03 1.4820e-03 1.5510e-03 1.6163e-03 1.6781e-03 1.7367e-03 0.0000e+00 1.8456e-03 1.8961e-03 1.9442e-03 1.9901e-03 2.0339e-03 2.0756e-03 2.1153e-03 2.1531e-03 2.1891e-03 2.2234e-03 2.2559e-03 2.2867e-03 2.3159e-03 2.3435e-03 2.3695e-03 2.3940e-03 2.4171e-03 2.4386e-03 2.4588e-03 2.4775e-03 2.4949e-03 2.5109e-03 2.5256e-03 2.5390e-03 2.5511e-03 2.5620e-03 2.5716e-03 2.5800e-03 2.5872e-03 2.5933e-03 2.5982e-03 2.6019e-03 2.6046e-03 2.6062e-03 2.6067e-03 2.6062e-03 2.6047e-03 2.6021e-03 2.5986e-03 2.5941e-03 2.5887e-03 2.5824e-03 2.5751e-03 2.5670e-03 2.5581e-03 2.5483e-03 2.5377e-03 2.5263e-03 2.5141e-03 2.5012e-03 2.4876e-03 2.4732e-03 2.4582e-03 2.4425e-03 2.4262e-03 2.4093e-03 2.3917e-03 2.3736e-03 2.3549e-03 2.3357e-03 2.3160e-03 2.2958e-03 2.2751e-03 2.2540e-03 2.2324e-03 2.2105e-03 2.1881e-03 2.1654e-03 2.1423e-03 2.1189e-03 2.0952e-03 2.0712e-03 2.0469e-03 2.0224e-03 1.9977e-03 1.9727e-03 1.9475e-03 1.9222e-03 1.8967e-03 1.8711e-03 1.8453e-03 1.8194e-03 1.7935e-03 1.7674e-03 1.7413e-03
-4.8732e-04 -6.8897e-04 -8.4342e-04 -9.7325e-04 -1.0872e-03 -1.1897e-03 -1.2835e-03 -1.3701e-03 -1.4509e-03 -1.5266e-03 -1.5979e-03 -1.6654e-03 -1.7293e-03 -1.7899e-03 -1.8477e-03 3.0671e-02 -1.9551e-03 -2.0051e-03 -2.0528e-03 -2.0984e-03 -2.1419e-03 -2.1833e-03 -2.2229e-03 -2.2606e-03 -2.2965e-03 -2.3307e-03 -2.3632e-03 -2.3940e-03 -2.4232e-03 -2.4509e-03 -2.4770e-03 -2.5017e-03 -2.5248e-03 -2.5466e-03 -2.5669e-03 -2.5858e-03 -2.6034e-03 -2.6196e-03 -2.6345e-03 -2.6482e-03 -2.6605e-03 -2.6716e-03 -2.6815e-03 -2.6902e-03 -2.6977e-03 -2.7041e-03 -2.7093e-03 -2.7134e-03 -2.7164e-03 -2.7183e-03 -2.7192e-03 -2.7190e-03 -2.7178e-03 -2.7156e-03 -2.7124e-03 -2.7082e-03 -2.7032e-03 -2.6972e-03 -2.6903e-03 -2.6825e-03 -2.6738e-03 -2.6644e-03 -2.6541e-03 -2.6430e-03 -2.6311e-03 -2.6185e-03 -2.6052e-03 -2.5911e-03 -2.5764e-03 -2.5609e-03 -2.5449e-03 -2.5282e-03 -2.5108e-03 -2.4929e-03 -2.4744e-03 -2.4554e-03 -2.4359e-03 -2.4158e-03 -2.3952e-03 -2.3742e-03 -2.3528e-03 -2.3309e-03 -2.3086e-03 -2.2859e-03 -2.2628e-03 -2.2394e-03 -2.2157e-03 -2.1916e-03 -2.1673e-03 -2.1427e-03 -2.1178e-03 -2.0927e-03 -2.0674e-03 -2.0418e-03 -2.0161e-03 -1.9903e-03 -1.9642e-03 -1.9381e-03 -1.9118e-03 -1.8854e-03 4.8731e-04 6.8896e-04 8.4338e-04 9.7317e-04 1.0871e-03 1.1895e-03 1.2831e-03 1.3697e-03 1.4503e-03 1.5258e-03 1.5970e-03 1.6641e-03 1.7278e-03 1.7881e-03 1.8456e-03 0.0000e+00 1.9522e-03 2.0018e-03 2.0490e-03 2.0941e-03 2.1370e-03 2.1779e-03 2.2169e-03 2.2539e-03 2.2892e-03 2.3226e-03 2.3544e-03 2.3844e-03 2.4128e-03 2.4396e-03 2.4649e-03 2.4886e-03 2.5108e-03 2.5316e-03 2.5508e-03 2.5687e-03 2.5852e-03 2.6003e-03 2.6141e-03 2.6266e-03 2.6378e-03 2.6477e-03 2.6563e-03 2.6638e-03 2.6700e-03 2.6751e-03 2.6790e-03 2.6817e-03 2.6833e-03 2.6839e-03 2.6833e-03 2.6818e-03 2.6791e-03 2.6755e-03 2.6709e-03 2.6653e-03 2.6588e-03 2.6514e-03 2.6430e-03 2.6338e-03 2.6237e-03 2.6128e-03 2.6011e-03 2.5885e-03 2.5752e-03 2.5612e-03 2.5464e-03 2.5310e-03 2.5148e-03 2.4980e-03 2.4806e-03 2.4625e-03 2.4439e-03 2.4246e-03 2.4049e-03 2.3845e-03 2.3637e-03 2.3424e-03 2.3207e-03 2.2985e-03 2.2759e-03 2.2529e-03 2.2295e-03 2.2057e-03 2.1816e-03 2.1572e-03 2.1325e-03 2.1075e-03 2.0823e-03 2.0568e-03 2.0311e-03 2.0052e-03 1.9791e-03 1.9528e-03 1.9264e-03 1.8999e-03 1.8733e-03 1.8465e-03 1.8197e-03 1.7929e-03
-5.0066e-04 -7.0784e-04 -8.6651e-04 -9.9990e-04 -1.1170e-03 -1.2223e-03 -1.3186e-03 -1.4077e-03 -1.4907e-03 -1.5685e-03 -1.6418e-03 -1.7111e-03 -1.7768e-03 -1.8392e-03 -1.8985e-03 -1.9551e-03 3.4622e-02 -2.0604e-03 -2.1095e-03 -2.1564e-03 -2.2011e-03 -2.2438e-03 -2.2845e-03 -2.3234e-03 -2.3604e-03 -2.3956e-03 -2.4290e-03 -2.4608e-03 -2.4910e-03 -2.5195e-03 -2.5465e-03 -2.5719e-03 -2.5958e-03 -2.6183e-03 -2.6393e-03 -2.6589e-03 -2.6771e-03 -2.6939e-03 -2.7094e-03 -2.7235e-03 -2.7364e-03 -2.7480e-03 -2.7583e-03 -2.7674e-03 -2.7753e-03 -2.7820e-03 -2.7875e-03 -2.7919e-03 -2.7952e-03 -2.7973e-03 -2.7984e-03 -2.7984e-03 -2.7973e-03 -2.7952e-03 -2.7922e-03 -2.7881e-03 -2.7831e-03 -2.7771e-03 -2.7702e-03 -2.7624e-03 -2.7537e-03 -2.7442e-03 -2.7338e-03 -2.7226e-03 -2.7106e-03 -2.6979e-03 -2.6843e-03 -2.6701e-03 -2.6551e-03 -2.6394e-03 -2.6231e-03 -2.6061e-03 -2.5885e-03 -2.5703e-03 -2.5515e-03 -2.5321e-03 -2.5122e-03 -2.4917e-03 -2.4708e-03 -2.4493e-03 -2.4274e-03 -2.4051e-03 -2.3823e-03 -2.3591e-03 -2.3356e-03 -2.3117e-03 -2.2874e-03 -2.2628e-03 -2.2380e-03 -2.2128e-03 -2.1874e-03 -2.1617e-03 -2.1358e-03 -2.1096e-03 -2.0833e-03 -2.0568e-03 -2.0302e-03 -2.0034e-03 -1.9765e-03 -1.9494e-03 5.0066e-04 7.0782e-04 8.6647e-04 9.9981e-04 1.1168e-03 1.2221e-03 1.3183e-03 1.4072e-03 1.4900e-03 1.5676e-03 1.6407e-03 1.7097e-03 1.7751e-03 1.8371e-03 1.8961e-03 1.9522e-03 0.0000e+00 2.0566e-03 2.1051e-03 2.1514e-03 2.1955e-03 2.2376e-03 2.2776e-03 2.3157e-03 2.3519e-03 2.3862e-03 2.4188e-03 2.4497e-03 2.4789e-03 2.5064e-03 2.5324e-03 2.5567e-03 2.5796e-03 2.6009e-03 2.6207e-03 2.6391e-03 2.6560e-03 2.6715e-03 2.6857e-03 2.6985e-03 2.7100e-03 2.7202e-03 2.7291e-03 2.7367e-03 2.7431e-03 2.7483e-03 2.7523e-03 2.7551e-03 2.7568e-03 2.7574e-03 2.7568e-03 2.7552e-03 2.7525e-03 2.7488e-03 2.7440e-03 2.7383e-03 2.7316e-03 2.7239e-03 2.7154e-03 2.7059e-03 2.6955e-03 2.6843e-03 2.6723e-03 2.6594e-03 2.6457e-03 2.6313e-03 2.6162e-03 2.6003e-03 2.5837e-03 2.5664e-03 2.5485e-03 2.5299e-03 2.5108e-03 2.4910e-03 2.4707e-03 2.4498e-03 2.4285e-03 2.4066e-03 2.3842e-03 2.3614e-03 2.3382e-03 2.3145e-03 2.2905e-03 2.2661e-03 2.2413e-03 2.2163e-03 2.1909e-03 2.1652e-03 2.1393e-03 2.1131e-03 2.0867e-03 2.0601e-03 2.0333e-03 2.0063e-03 1.9792e-03 1.9519e-03 1.9245e-03 1.8971e-03 1.8695e-03 1.8419e-03
