-5.9557e-09 -8.0180e-12 -2.2131e-11 -4.5533e-11 -7.9774e-11 -1.2629e-10 -1.8644e-10 -2.6160e-10 -3.5310e-10 -4.6233e-10 -5.9070e-10 -7.3967e-10 -9.1074e-10 -1.1055e-09 -1.3255e-09 -1.5725e-09 -1.8480e-09 -2.1538e-09 -2.4914e-09 -2.8622e-09 -3.2673e-09 -3.7077e-09 -4.1833e-09 -4.6937e-09 -5.2371e-09 -5.8103e-09 -6.4080e-09 -7.0227e-09 -7.6437e-09 -8.2565e-09 -8.8424e-09 -9.3780e-09 -9.8350e-09 -1.0181e-08 -1.0379e-08 -1.0393e-08 -1.0189e-08 -9.7419e-09 -9.0410e-09 -8.0983e-09 -6.9538e-09 -5.6774e-09 -4.3639e-09 -3.1207e-09 -2.0467e-09 -1.2099e-09 -6.3132e-10 -2.8349e-10 -1.0623e-10 -3.1992e-11 -7.3982e-12 -1.2423e-12 -1.4143e-13 -1.0036e-14 -4.0005e-16 -7.8790e-18 -6.5364e-20 -1.8726e-22 -1.4449e-25 -2.1976e-29 -4.4440e-34 -7.2542e-40 -5.0624e-47 -6.6938e-56 -5.8823e-67 -8.8469e-81 -3.8864e-98 -4.9032e-120 -8.2918e-148 -3.1778e-183 -1.1554e-228 -2.4026e-287 0.0000e+00 0.0000e+00 0.0000e+00 0.0000e+00 0.0000e+00 0.0000e+00 0.0000e+00 0.0000e+00 0.0000e+00 0.0000e+00 0.0000e+00 0.0000e+00 0.0000e+00 0.0000e+00 0.0000e+00 0.0000e+00 0.0000e+00 0.0000e+00 0.0000e+00 0.0000e+00 0.0000e+00 0.0000e+00 0.0000e+00 0.0000e+00 0.0000e+00 0.0000e+00 0.0000e+00 0.0000e+00 0.0000e+00 8.0180e-12 2.2131e-11 4.5533e-11 7.9774e-11 1.2629e-10 1.8644e-10 2.6160e-10 3.5310e-10 4.6233e-10 5.9070e-10 7.3967e-10 9.1074e-10 1.1055e-09 1.3255e-09 1.5725e-09 1.8480e-09 2.1538e-09 2.4914e-09 2.8622e-09 3.2673e-09 3.7077e-09 4.1833e-09 4.6937e-09 5.2371e-09 5.8103e-09 6.4080e-09 7.0227e-09 7.6437e-09 8.2565e-09 8.8424e-09 9.3780e-09 9.8350e-09 1.0181e-08 1.0379e-08 1.0393e-08 1.0189e-08 9.7419e-09 9.0410e-09 8.0983e-09 6.9538e-09 5.6774e-09 4.3639e-09 3.1207e-09 2.0467e-09 1.2099e-09 6.3132e-10 2.8349e-10 1.0623e-10 3.1992e-11 7.3982e-12 1.2423e-12 1.4143e-13 1.0036e-14 4.0005e-16 7.8790e-18 6.5364e-20 1.8726e-22 1.4449e-25 2.1976e-29 4.4440e-34 7.2542e-40 5.0624e-47 6.6938e-56 5.8823e-67 8.8469e-81 3.8864e-98 4.9032e-120 8.2918e-148 3.1778e-183 1.1554e-228 2.4026e-287 0.0000e+00 0.0000e+00 0.0000e+00 0.0000e+00 0.0000e+00 0.0000e+00 0.0000e+00 0.0000e+00 0.0000e+00 0.0000e+00 0.0000e+00 0.0000e+00 0.0000e+00 0.0000e+00 0.0000e+00 0.0000e+00 0.0000e+00 0.0000e+00 0.0000e+00 0.0000e+00 0.0000e+00 0.0000e+00 0.0000e+00 0.0000e+00 0.0000e+00 0.0000e+00 0.0000e+00 0.0000e+00
-8.0180e-12 3.0248e-10 -1.2531e-10 -2.5782e-10 -4.5171e-10 -7.1508e-10 -1.0557e-09 -1.4813e-09 -1.9994e-09 -2.6179e-09 -3.3447e-09 -4.1882e-09 -5.1569e-09 -6.2596e-09 -7.5055e-09 -8.9039e-09 -1.0464e-08 -1.2196e-08 -1.4107e-08 -1.6207e-08 -1.8501e-08 -2.0994e-08 -2.3687e-08 -2.6577e-08 -2.9654e-08 -3.2900e-08 -3.6284e-08 -3.9765e-08 -4.3281e-08 -4.6751e-08 -5.0069e-08 -5.3102e-08 -5.5689e-08 -5.7646e-08 -5.8769e-08 -5.8849e-08 -5.7695e-08 -5.5162e-08 -5.1193e-08 -4.5855e-08 -3.9375e-08 -3.2147e-08 -2.4710e-08 -1.7670e-08 -1.1589e-08 -6.8508e-09 -3.5747e-09 -1.6052e-09 -6.0148e-10 -1.8115e-10 -4.1891e-11 -7.0341e-12 -8.0083e-13 -5.6825e-14 -2.2652e-15 -4.4613e-17 -3.7011e-19 -1.0603e-21 -8.1813e-25 -1.2443e-28 -2.5163e-33 -4.1076e-39 -2.8665e-46 -3.7902e-55 -3.3308e-66 -5.0094e-80 -2.2006e-97 -2.7764e-119 -4.6951e-147 -1.7994e-182 -6.5421e-228 -1.3604e-286 0.0000e+00 0.0000e+00 0.0000e+00 0.0000e+00 0.0000e+00 0.0000e+00 0.0000e+00 0.0000e+00 0.0000e+00 0.0000e+00 0.0000e+00 0.0000e+00 0.0000e+00 0.0000e+00 0.0000e+00 0.0000e+00 0.0000e+00 0.0000e+00 0.0000e+00 0.0000e+00 0.0000e+00 0.0000e+00 0.0000e+00 0.0000e+00 0.0000e+00 0.0000e+00 0.0000e+00 0.0000e+00 8.0180e-12 0.0000e+00 1.2531e-10 2.5782e-10 4.5171e-10 7.1508e-10 1.0557e-09 1.4813e-09 1.9994e-09 2.6179e-09 3.3447e-09 4.1882e-09 5.1569e-09 6.2596e-09 7.5055e-09 8.9039e-09 1.0464e-08 1.2196e-08 1.4107e-08 1.6207e-08 1.8501e-08 2.0994e-08 2.3687e-08 2.6577e-08 2.9654e-08 3.2900e-08 3.6284e-08 3.9765e-08 4.3281e-08 4.6751e-08 5.0069e-08 5.3102e-08 5.5689e-08 5.7646e-08 5.8769e-08 5.8849e-08 5.7695e-08 5.5162e-08 5.1193e-08 4.5855e-08 3.9375e-08 3.2147e-08 2.4710e-08 1.7670e-08 1.1589e-08 6.8508e-09 3.5747e-09 1.6052e-09 6.0148e-10 1.8115e-10 4.1891e-11 7.0341e-12 8.0083e-13 5.6825e-14 2.2652e-15 4.4613e-17 3.7011e-19 1.0603e-21 8.1813e-25 1.2443e-28 2.5163e-33 4.1076e-39 2.8665e-46 3.7902e-55 3.3308e-66 5.0094e-80 2.2006e-97 2.7764e-119 4.6951e-147 1.7994e-182 6.5420e-228 1.3604e-286 0.0000e+00 0.0000e+00 0.0000e+00 0.0000e+00 0.0000e+00 0.0000e+00 0.0000e+00 0.0000e+00 0.0000e+00 0.0000e+00 0.0000e+00 0.0000e+00 0.0000e+00 0.0000e+00 0.0000e+00 0.0000e+00 0.0000e+00 0.0000e+00 0.0000e+00 0.0000e+00 0.0000e+00 0.0000e+00 0.0000e+00 0.0000e+00 0.0000e+00 0.0000e+00 0.0000e+00 0.0000e+00
-2.2131e-11 -1.2531e-10 3.5119e-09 -7.1162e-10 -1.2468e-09 -1.9737e-09 -2.9139e-09 -4.0885e-09 -5.5185e-09 -7.2257e-09 -9.2319e-09 -1.1560e-08 -1.4234e-08 -1.7277e-08 -2.0716e-08 -2.4576e-08 -2.8882e-08 -3.3661e-08 -3.8937e-08 -4.4732e-08 -5.1064e-08 -5.7946e-08 -6.5380e-08 -7.3357e-08 -8.1849e-08 -9.0807e-08 -1.0015e-07 -1.0976e-07 -1.1946e-07 -1.2904e-07 -1.3820e-07 -1.4657e-07 -1.5371e-07 -1.5911e-07 -1.6221e-07 -1.6243e-07 -1.5924e-07 -1.5225e-07 -1.4130e-07 -1.2657e-07 -1.0868e-07 -8.8730e-08 -6.8202e-08 -4.8772e-08 -3.1987e-08 -1.8909e-08 -9.8667e-09 -4.4306e-09 -1.6602e-09 -5.0000e-10 -1.1563e-10 -1.9415e-11 -2.2104e-12 -1.5684e-13 -6.2524e-15 -1.2314e-16 -1.0216e-18 -2.9266e-21 -2.2581e-24 -3.4345e-28 -6.9455e-33 -1.1338e-38 -7.9120e-46 -1.0462e-54 -9.1936e-66 -1.3827e-79 -6.0741e-97 -7.6634e-119 -1.2960e-146 -4.9669e-182 -1.8058e-227 -3.7554e-286 0.0000e+00 0.0000e+00 0.0000e+00 0.0000e+00 0.0000e+00 0.0000e+00 0.0000e+00 0.0000e+00 0.0000e+00 0.0000e+00 0.0000e+00 0.0000e+00 0.0000e+00 0.0000e+00 0.0000e+00 0.0000e+00 0.0000e+00 0.0000e+00 0.0000e+00 0.0000e+00 0.0000e+00 0.0000e+00 0.0000e+00 0.0000e+00 0.0000e+00 0.0000e+00 0.0000e+00 0.0000e+00 2.2131e-11 1.2531e-10 0.0000e+00 7.1162e-10 1.2468e-09 1.9737e-09 2.9139e-09 4.0885e-09 5.5185e-09 7.2257e-09 9.2319e-09 1.1560e-08 1.4234e-08 1.7277e-08 2.0716e-08 2.4576e-08 2.8882e-08 3.3661e-08 3.8937e-08 4.4732e-08 5.1064e-08 5.7946e-08 6.5380e-08 7.3357e-08 8.1849e-08 9.0807e-08 1.0015e-07 1.0976e-07 1.1946e-07 1.2904e-07 1.3820e-07 1.4657e-07 1.5371e-07 1.5911e-07 1.6221e-07 1.6243e-07 1.5924e-07 1.5225e-07 1.4130e-07 1.2657e-07 1.0868e-07 8.8730e-08 6.8202e-08 4.8772e-08 3.1987e-08 1.8909e-08 9.8667e-09 4.4306e-09 1.6602e-09 5.0000e-10 1.1563e-10 1.9415e-11 2.2104e-12 1.5684e-13 6.2523e-15 1.2314e-16 1.0216e-18 2.9266e-21 2.2581e-24 3.4345e-28 6.9454e-33 1.1337e-38 7.9119e-46 1.0462e-54 9.1934e-66 1.3827e-79 6.0739e-97 7.6631e-119 1.2959e-146 4.9665e-182 1.8057e-227 3.7550e-286 0.0000e+00 0.0000e+00 0.0000e+00 0.0000e+00 0.0000e+00 0.0000e+00 0.0000e+00 0.0000e+00 0.0000e+00 0.0000e+00 0.0000e+00 0.0000e+00 0.0000e+00 0.0000e+00 0.0000e+00 0.0000e+00 0.0000e+00 0.0000e+00 0.0000e+00 0.0000e+00 0.0000e+00 0.0000e+00 0.0000e+00 0.0000e+00 0.0000e+00 0.0000e+00 0.0000e+00 0.0000e+00
-4.5533e-11 -2.5782e-10 -7.1162e-10 1.9781e-08 -2.5652e-09 -4.0608e-09 -5.9952e-09 -8.4118e-09 -1.1354e-08 -1.4866e-08 -1.8994e-08 -2.3784e-08 -2.9285e-08 -3.5547e-08 -4.2622e-08 -5.0563e-08 -5.9424e-08 -6.9256e-08 -8.0111e-08 -9.2034e-08 -1.0506e-07 -1.1922e-07 -1.3452e-07 -1.5093e-07 -1.6840e-07 -1.8683e-07 -2.0605e-07 -2.2582e-07 -2.4579e-07 -2.6549e-07 -2.8433e-07 -3.0155e-07 -3.1625e-07 -3.2736e-07 -3.3374e-07 -3.3419e-07 -3.2764e-07 -3.1325e-07 -2.9072e-07 -2.6040e-07 -2.2360e-07 -1.8256e-07 -1.4032e-07 -1.0035e-07 -6.5811e-08 -3.8904e-08 -2.0300e-08 -9.1157e-09 -3.4157e-09 -1.0287e-09 -2.3789e-10 -3.9946e-11 -4.5478e-12 -3.2270e-13 -1.2864e-14 -2.5336e-16 -2.1019e-18 -6.0215e-21 -4.6462e-24 -7.0667e-28 -1.4291e-32 -2.3328e-38 -1.6280e-45 -2.1526e-54 -1.8917e-65 -2.8452e-79 -1.2499e-96 -1.5770e-118 -2.6671e-146 -1.0222e-181 -3.7169e-227 -7.7305e-286 0.0000e+00 0.0000e+00 0.0000e+00 0.0000e+00 0.0000e+00 0.0000e+00 0.0000e+00 0.0000e+00 0.0000e+00 0.0000e+00 0.0000e+00 0.0000e+00 0.0000e+00 0.0000e+00 0.0000e+00 0.0000e+00 0.0000e+00 0.0000e+00 0.0000e+00 0.0000e+00 0.0000e+00 0.0000e+00 0.0000e+00 0.0000e+00 0.0000e+00 0.0000e+00 0.0000e+00 0.0000e+00 4.5533e-11 2.5782e-10 7.1162e-10 0.0000e+00 2.5652e-09 4.0608e-09 5.9952e-09 8.4118e-09 1.1354e-08 1.4866e-08 1.8994e-08 2.3784e-08 2.9285e-08 3.5547e-08 4.2622e-08 5.0563e-08 5.9424e-08 6.9256e-08 8.0111e-08 9.2034e-08 1.0506e-07 1.1922e-07 1.3452e-07 1.5093e-07 1.6840e-07 1.8683e-07 2.0605e-07 2.2582e-07 2.4579e-07 2.6549e-07 2.8433e-07 3.0155e-07 3.1625e-07 3.2736e-07 3.3374e-07 3.3419e-07 3.2764e-07 3.1325e-07 2.9072e-07 2.6040e-07 2.2360e-07 1.8256e-07 1.4032e-07 1.0035e-07 6.5811e-08 3.8904e-08 2.0300e-08 9.1156e-09 3.4157e-09 1.0287e-09 2.3789e-10 3.9945e-11 4.5477e-12 3.2270e-13 1.2864e-14 2.5335e-16 2.1018e-18 6.0213e-21 4.6460e-24 7.0663e-28 1.4290e-32 2.3326e-38 1.6278e-45 2.1524e-54 1.8915e-65 2.8447e-79 1.2497e-96 1.5766e-118 2.6663e-146 1.0218e-181 3.7151e-227 7.7256e-286 0.0000e+00 0.0000e+00 0.0000e+00 0.0000e+00 0.0000e+00 0.0000e+00 0.0000e+00 0.0000e+00 0.0000e+00 0.0000e+00 0.0000e+00 0.0000e+00 0.0000e+00 0.0000e+00 0.0000e+00 0.0000e+00 0.0000e+00 0.0000e+00 0.0000e+00 0.0000e+00 0.0000e+00 0.0000e+00 0.0000e+00 0.0000e+00 0.0000e+00 0.0000e+00 0.0000e+00 0.0000e+00
-7.9774e-11 -4.5171e-10 -1.2468e-09 -2.5652e-09 7.5789e-08 -7.1146e-09 -1.0504e-08 -1.4738e-08 -1.9893e-08 -2.6046e-08 -3.3278e-08 -4.1670e-08 -5.1308e-08 -6.2279e-08 -7.4675e-08 -8.8588e-08 -1.0411e-07 -1.2134e-07 -1.4036e-07 -1.6124e-07 -1.8407e-07 -2.0888e-07 -2.3567e-07 -2.6443e-07 -2.9504e-07 -3.2733e-07 -3.6101e-07 -3.9564e-07 -4.3062e-07 -4.6514e-07 -4.9815e-07 -5.2833e-07 -5.5407e-07 -5.7354e-07 -5.8472e-07 -5.8551e-07 -5.7403e-07 -5.4883e-07 -5.0934e-07 -4.5623e-07 -3.9176e-07 -3.1984e-07 -2.4585e-07 -1.7581e-07 -1.1530e-07 -6.8162e-08 -3.5567e-08 -1.5971e-08 -5.9845e-09 -1.8024e-09 -4.1681e-10 -6.9988e-11 -7.9681e-12 -5.6541e-13 -2.2539e-14 -4.4391e-16 -3.6828e-18 -1.0551e-20 -8.1411e-24 -1.2383e-27 -2.5042e-32 -4.0879e-38 -2.8530e-45 -3.7726e-54 -3.3156e-65 -4.9872e-79 -2.1912e-96 -2.7650e-118 -4.6770e-146 -1.7930e-181 -6.5213e-227 -1.3568e-285 0.0000e+00 0.0000e+00 0.0000e+00 0.0000e+00 0.0000e+00 0.0000e+00 0.0000e+00 0.0000e+00 0.0000e+00 0.0000e+00 0.0000e+00 0.0000e+00 0.0000e+00 0.0000e+00 0.0000e+00 0.0000e+00 0.0000e+00 0.0000e+00 0.0000e+00 0.0000e+00 0.0000e+00 0.0000e+00 0.0000e+00 0.0000e+00 0.0000e+00 0.0000e+00 0.0000e+00 0.0000e+00 7.9774e-11 4.5171e-10 1.2468e-09 2.5652e-09 0.0000e+00 7.1146e-09 1.0504e-08 1.4738e-08 1.9893e-08 2.6046e-08 3.3278e-08 4.1670e-08 5.1308e-08 6.2279e-08 7.4675e-08 8.8588e-08 1.0411e-07 1.2134e-07 1.4036e-07 1.6124e-07 1.8407e-07 2.0888e-07 2.3567e-07 2.6443e-07 2.9504e-07 3.2733e-07 3.6101e-07 3.9564e-07 4.3062e-07 4.6514e-07 4.9815e-07 5.2833e-07 5.5407e-07 5.7354e-07 5.8471e-07 5.8551e-07 5.7402e-07 5.4883e-07 5.0934e-07 4.5623e-07 3.9176e-07 3.1984e-07 2.4585e-07 1.7581e-07 1.1530e-07 6.8161e-08 3.5566e-08 1.5971e-08 5.9844e-09 1.8023e-09 4.1679e-10 6.9985e-11 7.9677e-12 5.6537e-13 2.2538e-14 4.4387e-16 3.6824e-18 1.0549e-20 8.1398e-24 1.2380e-27 2.5036e-32 4.0868e-38 2.8520e-45 3.7710e-54 3.3139e-65 4.9840e-79 2.1894e-96 2.7623e-118 4.6713e-146 1.7903e-181 6.5089e-227 1.3535e-285 0.0000e+00 0.0000e+00 0.0000e+00 0.0000e+00 0.0000e+00 0.0000e+00 0.0000e+00 0.0000e+00 0.0000e+00 0.0000e+00 0.0000e+00 0.0000e+00 0.0000e+00 0.0000e+00 0.0000e+00 0.0000e+00 0.0000e+00 0.0000e+00 0.0000e+00 0.0000e+00 0.0000e+00 0.0000e+00 0.0000e+00 0.0000e+00 0.0000e+00 0.0000e+00 0.0000e+00 0.0000e+00
-1.2629e-10 -7.1508e-10 -1.9737e-09 -4.0608e-09 -7.1146e-09 2.2752e-07 -1.6628e-08 -2.3330e-08 -3.1491e-08 -4.1233e-08 -5.2681e-08 -6.5967e-08 -8.1224e-08 -9.8592e-08 -1.1821e-07 -1.4024e-07 -1.6481e-07 -1.9208e-07 -2.2219e-07 -2.5526e-07 -2.9139e-07 -3.3066e-07 -3.7309e-07 -4.1860e-07 -4.6707e-07 -5.1818e-07 -5.7149e-07 -6.2632e-07 -6.8170e-07 -7.3635e-07 -7.8860e-07 -8.3637e-07 -8.7713e-07 -9.0796e-07 -9.2564e-07 -9.2690e-07 -9.0872e-07 -8.6883e-07 -8.0632e-07 -7.2225e-07 -6.2018e-07 -5.0634e-07 -3.8920e-07 -2.7832e-07 -1.8254e-07 -1.0791e-07 -5.6306e-08 -2.5284e-08 -9.4742e-09 -2.8534e-09 -6.5987e-10 -1.1080e-10 -1.2615e-11 -8.9518e-13 -3.5686e-14 -7.0286e-16 -5.8313e-18 -1.6707e-20 -1.2892e-23 -1.9610e-27 -3.9661e-32 -6.4750e-38 -4.5195e-45 -5.9772e-54 -5.2542e-65 -7.9050e-79 -3.4741e-96 -4.3856e-118 -7.4218e-146 -2.8470e-181 -1.0363e-226 -2.1582e-285 0.0000e+00 0.0000e+00 0.0000e+00 0.0000e+00 0.0000e+00 0.0000e+00 0.0000e+00 0.0000e+00 0.0000e+00 0.0000e+00 0.0000e+00 0.0000e+00 0.0000e+00 0.0000e+00 0.0000e+00 0.0000e+00 0.0000e+00 0.0000e+00 0.0000e+00 0.0000e+00 0.0000e+00 0.0000e+00 0.0000e+00 0.0000e+00 0.0000e+00 0.0000e+00 0.0000e+00 0.0000e+00 1.2629e-10 7.1508e-10 1.9737e-09 4.0608e-09 7.1146e-09 0.0000e+00 1.6628e-08 2.3330e-08 3.1491e-08 4.1233e-08 5.2681e-08 6.5967e-08 8.1224e-08 9.8592e-08 1.1821e-07 1.4024e-07 1.6481e-07 1.9208e-07 2.2219e-07 2.5526e-07 2.9139e-07 3.3066e-07 3.7308e-07 4.1860e-07 4.6707e-07 5.1818e-07 5.7149e-07 6.2632e-07 6.8170e-07 7.3635e-07 7.8860e-07 8.3637e-07 8.7713e-07 9.0795e-07 9.2564e-07 9.2690e-07 9.0871e-07 8.6882e-07 8.0631e-07 7.2224e-07 6.2017e-07 5.0633e-07 3.8919e-07 2.7832e-07 1.8253e-07 1.0790e-07 5.6303e-08 2.5283e-08 9.4736e-09 2.8532e-09 6.5981e-10 1.1079e-10 1.2613e-11 8.9502e-13 3.5678e-14 7.0268e-16 5.8294e-18 1.6700e-20 1.2886e-23 1.9599e-27 3.9633e-32 6.4696e-38 4.5149e-45 5.9698e-54 5.2461e-65 7.8900e-79 3.4660e-96 4.3729e-118 7.3950e-146 2.8341e-181 1.0304e-226 2.1427e-285 0.0000e+00 0.0000e+00 0.0000e+00 0.0000e+00 0.0000e+00 0.0000e+00 0.0000e+00 0.0000e+00 0.0000e+00 0.0000e+00 0.0000e+00 0.0000e+00 0.0000e+00 0.0000e+00 0.0000e+00 0.0000e+00 0.0000e+00 0.0000e+00 0.0000e+00 0.0000e+00 0.0000e+00 0.0000e+00 0.0000e+00 0.0000e+00 0.0000e+00 0.0000e+00 0.0000e+00 0.0000e+00
-1.8644e-10 -1.0557e-09 -2.9139e-09 -5.9952e-09 -1.0504e-08 -1.6628e-08 5.7735e-07 -3.4444e-08 -4.6492e-08 -6.0874e-08 -7.7776e-08 -9.7390e-08 -1.1992e-07 -1.4556e-07 -1.7453e-07 -2.0704e-07 -2.4332e-07 -2.8359e-07 -3.2803e-07 -3.7686e-07 -4.3020e-07 -4.8818e-07 -5.5081e-07 -6.1801e-07 -6.8956e-07 -7.6502e-07 -8.4373e-07 -9.2467e-07 -1.0064e-06 -1.0871e-06 -1.1643e-06 -1.2348e-06 -1.2950e-06 -1.3405e-06 -1.3666e-06 -1.3685e-06 -1.3416e-06 -1.2827e-06 -1.1904e-06 -1.0663e-06 -9.1563e-07 -7.4756e-07 -5.7462e-07 -4.1092e-07 -2.6950e-07 -1.5932e-07 -8.3134e-08 -3.7332e-08 -1.3989e-08 -4.2132e-09 -9.7436e-10 -1.6362e-10 -1.8629e-11 -1.3220e-12 -5.2703e-14 -1.0381e-15 -8.6133e-18 -2.4680e-20 -1.9047e-23 -2.8976e-27 -5.8615e-32 -9.5717e-38 -6.6829e-45 -8.8415e-54 -7.7754e-65 -1.1705e-78 -5.1476e-96 -6.5037e-118 -1.1018e-145 -4.2325e-181 -1.5433e-226 -3.2217e-285 0.0000e+00 0.0000e+00 0.0000e+00 0.0000e+00 0.0000e+00 0.0000e+00 0.0000e+00 0.0000e+00 0.0000e+00 0.0000e+00 0.0000e+00 0.0000e+00 0.0000e+00 0.0000e+00 0.0000e+00 0.0000e+00 0.0000e+00 0.0000e+00 0.0000e+00 0.0000e+00 0.0000e+00 0.0000e+00 0.0000e+00 0.0000e+00 0.0000e+00 0.0000e+00 0.0000e+00 0.0000e+00 1.8644e-10 1.0557e-09 2.9139e-09 5.9952e-09 1.0504e-08 1.6628e-08 0.0000e+00 3.4444e-08 4.6492e-08 6.0874e-08 7.7776e-08 9.7390e-08 1.1992e-07 1.4556e-07 1.7453e-07 2.0704e-07 2.4332e-07 2.8359e-07 3.2803e-07 3.7686e-07 4.3020e-07 4.8818e-07 5.5081e-07 6.1801e-07 6.8956e-07 7.6502e-07 8.4373e-07 9.2467e-07 1.0064e-06 1.0871e-06 1.1643e-06 1.2348e-06 1.2950e-06 1.3405e-06 1.3666e-06 1.3684e-06 1.3416e-06 1.2827e-06 1.1904e-06 1.0663e-06 9.1560e-07 7.4752e-07 5.7458e-07 4.1089e-07 2.6948e-07 1.5930e-07 8.3124e-08 3.7326e-08 1.3986e-08 4.2123e-09 9.7411e-10 1.6357e-10 1.8622e-11 1.3214e-12 5.2674e-14 1.0374e-15 8.6063e-18 2.4656e-20 1.9024e-23 2.8935e-27 5.8513e-32 9.5515e-38 6.6656e-45 8.8135e-54 7.7451e-65 1.1648e-78 5.1171e-96 6.4559e-118 1.0918e-145 4.1842e-181 1.5212e-226 3.1634e-285 0.0000e+00 0.0000e+00 0.0000e+00 0.0000e+00 0.0000e+00 0.0000e+00 0.0000e+00 0.0000e+00 0.0000e+00 0.0000e+00 0.0000e+00 0.0000e+00 0.0000e+00 0.0000e+00 0.0000e+00 0.0000e+00 0.0000e+00 0.0000e+00 0.0000e+00 0.0000e+00 0.0000e+00 0.0000e+00 0.0000e+00 0.0000e+00 0.0000e+00 0.0000e+00 0.0000e+00 0.0000e+00
-2.6160e-10 -1.4813e-09 -4.0885e-09 -8.4118e-09 -1.4738e-08 -2.3330e-08 -3.4444e-08 1.2959e-06 -6.5233e-08 -8.5412e-08 -1.0913e-07 -1.3665e-07 -1.6825e-07 -2.0423e-07 -2.4488e-07 -2.9050e-07 -3.4141e-07 -3.9790e-07 -4.6026e-07 -5.2876e-07 -6.0361e-07 -6.8496e-07 -7.7283e-07 -8.6712e-07 -9.6751e-07 -1.0734e-06 -1.1838e-06 -1.2974e-06 -1.4121e-06 -1.5253e-06 -1.6336e-06 -1.7325e-06 -1.8170e-06 -1.8808e-06 -1.9175e-06 -1.9201e-06 -1.8824e-06 -1.7998e-06 -1.6703e-06 -1.4962e-06 -1.2848e-06 -1.0490e-06 -8.0630e-07 -5.7661e-07 -3.7817e-07 -2.2357e-07 -1.1666e-07 -5.2389e-08 -1.9632e-08 -5.9131e-09 -1.3676e-09 -2.2966e-10 -2.6150e-11 -1.8559e-12 -7.3998e-14 -1.4577e-15 -1.2097e-17 -3.4670e-20 -2.6763e-23 -4.0729e-27 -8.2420e-32 -1.3465e-37 -9.4069e-45 -1.2454e-53 -1.0963e-64 -1.6521e-78 -7.2758e-96 -9.2088e-118 -1.5636e-145 -6.0233e-181 -2.2043e-226 -4.6226e-285 0.0000e+00 0.0000e+00 0.0000e+00 0.0000e+00 0.0000e+00 0.0000e+00 0.0000e+00 0.0000e+00 0.0000e+00 0.0000e+00 0.0000e+00 0.0000e+00 0.0000e+00 0.0000e+00 0.0000e+00 0.0000e+00 0.0000e+00 0.0000e+00 0.0000e+00 0.0000e+00 0.0000e+00 0.0000e+00 0.0000e+00 0.0000e+00 0.0000e+00 0.0000e+00 0.0000e+00 0.0000e+00 2.6160e-10 1.4813e-09 4.0885e-09 8.4118e-09 1.4738e-08 2.3330e-08 3.4444e-08 0.0000e+00 6.5233e-08 8.5412e-08 1.0913e-07 1.3665e-07 1.6825e-07 2.0423e-07 2.4488e-07 2.9050e-07 3.4141e-07 3.9790e-07 4.6026e-07 5.2876e-07 6.0361e-07 6.8496e-07 7.7283e-07 8.6712e-07 9.6751e-07 1.0734e-06 1.1838e-06 1.2974e-06 1.4121e-06 1.5253e-06 1.6336e-06 1.7325e-06 1.8169e-06 1.8808e-06 1.9174e-06 1.9200e-06 1.8824e-06 1.7997e-06 1.6702e-06 1.4961e-06 1.2847e-06 1.0488e-06 8.0619e-07 5.7652e-07 3.7810e-07 2.2352e-07 1.1663e-07 5.2372e-08 1.9624e-08 5.9103e-09 1.3668e-09 2.2950e-10 2.6128e-11 1.8540e-12 7.3906e-14 1.4556e-15 1.2075e-17 3.4594e-20 2.6693e-23 4.0598e-27 8.2099e-32 1.3402e-37 9.3524e-45 1.2366e-53 1.0867e-64 1.6344e-78 7.1797e-96 9.0582e-118 1.5318e-145 5.8707e-181 2.1344e-226 4.4385e-285 0.0000e+00 0.0000e+00 0.0000e+00 0.0000e+00 0.0000e+00 0.0000e+00 0.0000e+00 0.0000e+00 0.0000e+00 0.0000e+00 0.0000e+00 0.0000e+00 0.0000e+00 0.0000e+00 0.0000e+00 0.0000e+00 0.0000e+00 0.0000e+00 0.0000e+00 0.0000e+00 0.0000e+00 0.0000e+00 0.0000e+00 0.0000e+00 0.0000e+00 0.0000e+00 0.0000e+00 0.0000e+00
-3.5310e-10 -1.9994e-09 -5.5185e-09 -1.1354e-08 -1.9893e-08 -3.1491e-08 -4.6492e-08 -6.5233e-08 2.6490e-06 -1.1529e-07 -1.4730e-07 -1.8444e-07 -2.2710e-07 -2.7567e-07 -3.3053e-07 -3.9211e-07 -4.6083e-07 -5.3708e-07 -6.2126e-07 -7.1372e-07 -8.1475e-07 -9.2455e-07 -1.0432e-06 -1.1704e-06 -1.3059e-06 -1.4489e-06 -1.5979e-06 -1.7512e-06 -1.9061e-06 -2.0589e-06 -2.2050e-06 -2.3386e-06 -2.4526e-06 -2.5388e-06 -2.5883e-06 -2.5918e-06 -2.5410e-06 -2.4295e-06 -2.2548e-06 -2.0197e-06 -1.7343e-06 -1.4160e-06 -1.0885e-06 -7.7843e-07 -5.1056e-07 -3.0184e-07 -1.5751e-07 -7.0739e-08 -2.6510e-08 -7.9855e-09 -1.8470e-09 -3.1022e-10 -3.5328e-11 -2.5077e-12 -1.0001e-13 -1.9707e-15 -1.6359e-17 -4.6903e-20 -3.6224e-23 -5.5159e-27 -1.1170e-31 -1.8266e-37 -1.2774e-44 -1.6936e-53 -1.4932e-64 -2.2549e-78 -9.9568e-96 -1.2643e-117 -2.1556e-145 -8.3469e-181 -3.0748e-226 -6.5022e-285 0.0000e+00 0.0000e+00 0.0000e+00 0.0000e+00 0.0000e+00 0.0000e+00 0.0000e+00 0.0000e+00 0.0000e+00 0.0000e+00 0.0000e+00 0.0000e+00 0.0000e+00 0.0000e+00 0.0000e+00 0.0000e+00 0.0000e+00 0.0000e+00 0.0000e+00 0.0000e+00 0.0000e+00 0.0000e+00 0.0000e+00 0.0000e+00 0.0000e+00 0.0000e+00 0.0000e+00 0.0000e+00 3.5310e-10 1.9994e-09 5.5185e-09 1.1354e-08 1.9893e-08 3.1491e-08 4.6492e-08 6.5233e-08 0.0000e+00 1.1529e-07 1.4730e-07 1.8444e-07 2.2710e-07 2.7567e-07 3.3053e-07 3.9211e-07 4.6083e-07 5.3708e-07 6.2125e-07 7.1372e-07 8.1475e-07 9.2455e-07 1.0432e-06 1.1704e-06 1.3059e-06 1.4489e-06 1.5979e-06 1.7512e-06 1.9060e-06 2.0589e-06 2.2050e-06 2.3385e-06 2.4525e-06 2.5387e-06 2.5881e-06 2.5916e-06 2.5408e-06 2.4293e-06 2.2545e-06 2.0194e-06 1.7340e-06 1.4157e-06 1.0882e-06 7.7818e-07 5.1036e-07 3.0170e-07 1.5743e-07 7.0691e-08 2.6488e-08 7.9776e-09 1.8448e-09 3.0977e-10 3.5267e-11 2.5025e-12 9.9758e-14 1.9647e-15 1.6299e-17 4.6695e-20 3.6029e-23 5.4799e-27 1.1082e-31 1.8089e-37 1.2624e-44 1.6692e-53 1.4668e-64 2.2061e-78 9.6910e-96 1.2227e-117 2.0676e-145 7.9240e-181 2.8809e-226 5.9907e-285 0.0000e+00 0.0000e+00 0.0000e+00 0.0000e+00 0.0000e+00 0.0000e+00 0.0000e+00 0.0000e+00 0.0000e+00 0.0000e+00 0.0000e+00 0.0000e+00 0.0000e+00 0.0000e+00 0.0000e+00 0.0000e+00 0.0000e+00 0.0000e+00 0.0000e+00 0.0000e+00 0.0000e+00 0.0000e+00 0.0000e+00 0.0000e+00 0.0000e+00 0.0000e+00 0.0000e+00 0.0000e+00
-4.6233e-10 -2.6179e-09 -7.2257e-09 -1.4866e-08 -2.6046e-08 -4.1233e-08 -6.0874e-08 -8.5412e-08 -1.1529e-07 5.0310e-06 -1.9286e-07 -2.4150e-07 -2.9736e-07 -3.6094e-07 -4.3278e-07 -5.1341e-07 -6.0338e-07 -7.0322e-07 -8.1344e-07 -9.3450e-07 -1.0668e-06 -1.2106e-06 -1.3659e-06 -1.5325e-06 -1.7099e-06 -1.8971e-06 -2.0923e-06 -2.2930e-06 -2.4957e-06 -2.6958e-06 -2.8872e-06 -3.0621e-06 -3.2114e-06 -3.3243e-06 -3.3891e-06 -3.3938e-06 -3.3273e-06 -3.1813e-06 -2.9526e-06 -2.6448e-06 -2.2712e-06 -1.8544e-06 -1.4255e-06 -1.0195e-06 -6.6873e-07 -3.9538e-07 -2.0635e-07 -9.2679e-08 -3.4737e-08 -1.0465e-08 -2.4210e-09 -4.0671e-10 -4.6329e-11 -3.2897e-12 -1.3124e-13 -2.5874e-15 -2.1491e-17 -6.1658e-20 -4.7660e-23 -7.2647e-27 -1.4730e-31 -2.4125e-37 -1.6904e-44 -2.2463e-53 -1.9863e-64 -3.0104e-78 -1.3352e-95 -1.7050e-117 -2.9272e-145 -1.1434e-180 -4.2586e-226 -9.1304e-285 0.0000e+00 0.0000e+00 0.0000e+00 0.0000e+00 0.0000e+00 0.0000e+00 0.0000e+00 0.0000e+00 0.0000e+00 0.0000e+00 0.0000e+00 0.0000e+00 0.0000e+00 0.0000e+00 0.0000e+00 0.0000e+00 0.0000e+00 0.0000e+00 0.0000e+00 0.0000e+00 0.0000e+00 0.0000e+00 0.0000e+00 0.0000e+00 0.0000e+00 0.0000e+00 0.0000e+00 0.0000e+00 4.6233e-10 2.6179e-09 7.2257e-09 1.4866e-08 2.6046e-08 4.1233e-08 6.0874e-08 8.5412e-08 1.1529e-07 0.0000e+00 1.9286e-07 2.4150e-07 2.9736e-07 3.6094e-07 4.3278e-07 5.1341e-07 6.0338e-07 7.0322e-07 8.1344e-07 9.3450e-07 1.0668e-06 1.2106e-06 1.3659e-06 1.5325e-06 1.7099e-06 1.8971e-06 2.0922e-06 2.2929e-06 2.4957e-06 2.6957e-06 2.8871e-06 3.0619e-06 3.2111e-06 3.3240e-06 3.3887e-06 3.3933e-06 3.3268e-06 3.1807e-06 2.9519e-06 2.6441e-06 2.2704e-06 1.8537e-06 1.4248e-06 1.0189e-06 6.6824e-07 3.9503e-07 2.0612e-07 9.2559e-08 3.4683e-08 1.0445e-08 2.4155e-09 4.0560e-10 4.6177e-11 3.2766e-12 1.3062e-13 2.5725e-15 2.1341e-17 6.1139e-20 4.7175e-23 7.1750e-27 1.4510e-31 2.3685e-37 1.6529e-44 2.1855e-53 1.9206e-64 2.8884e-78 1.2689e-95 1.6008e-117 2.7071e-145 1.0374e-180 3.7716e-226 7.8424e-285 0.0000e+00 0.0000e+00 0.0000e+00 0.0000e+00 0.0000e+00 0.0000e+00 0.0000e+00 0.0000e+00 0.0000e+00 0.0000e+00 0.0000e+00 0.0000e+00 0.0000e+00 0.0000e+00 0.0000e+00 0.0000e+00 0.0000e+00 0.0000e+00 0.0000e+00 0.0000e+00 0.0000e+00 0.0000e+00 0.0000e+00 0.0000e+00 0.0000e+00 0.0000e+00 0.0000e+00 0.0000e+00
-5.9070e-10 -3.3447e-09 -9.2319e-09 -1.8994e-08 -3.3278e-08 -5.2681e-08 -7.7776e-08 -1.0913e-07 -1.4730e-07 -1.9286e-07 9.0049e-06 -3.0856e-07 -3.7992e-07 -4.6116e-07 -5.5295e-07 -6.5597e-07 -7.7091e-07 -8.9847e-07 -1.0393e-06 -1.1940e-06 -1.3630e-06 -1.5467e-06 -1.7451e-06 -1.9580e-06 -2.1847e-06 -2.4238e-06 -2.6732e-06 -2.9297e-06 -3.1888e-06 -3.4444e-06 -3.6889e-06 -3.9125e-06 -4.1032e-06 -4.2475e-06 -4.3304e-06 -4.3365e-06 -4.2516e-06 -4.0653e-06 -3.7730e-06 -3.3800e-06 -2.9026e-06 -2.3701e-06 -1.8221e-06 -1.3032e-06 -8.5490e-07 -5.0551e-07 -2.6386e-07 -1.1853e-07 -4.4436e-08 -1.3391e-08 -3.0987e-09 -5.2075e-10 -5.9346e-11 -4.2162e-12 -1.6832e-13 -3.3209e-15 -2.7609e-17 -7.9302e-20 -6.1384e-23 -9.3726e-27 -1.9044e-31 -3.1269e-37 -2.1978e-44 -2.9318e-53 -2.6047e-64 -3.9708e-78 -1.7739e-95 -2.2853e-117 -3.9670e-145 -1.5708e-180 -5.9491e-226 -1.3021e-284 0.0000e+00 0.0000e+00 0.0000e+00 0.0000e+00 0.0000e+00 0.0000e+00 0.0000e+00 0.0000e+00 0.0000e+00 0.0000e+00 0.0000e+00 0.0000e+00 0.0000e+00 0.0000e+00 0.0000e+00 0.0000e+00 0.0000e+00 0.0000e+00 0.0000e+00 0.0000e+00 0.0000e+00 0.0000e+00 0.0000e+00 0.0000e+00 0.0000e+00 0.0000e+00 0.0000e+00 0.0000e+00 5.9070e-10 3.3447e-09 9.2319e-09 1.8994e-08 3.3278e-08 5.2681e-08 7.7776e-08 1.0913e-07 1.4730e-07 1.9286e-07 0.0000e+00 3.0856e-07 3.7992e-07 4.6116e-07 5.5294e-07 6.5596e-07 7.7091e-07 8.9847e-07 1.0393e-06 1.1940e-06 1.3630e-06 1.5467e-06 1.7451e-06 1.9580e-06 2.1847e-06 2.4238e-06 2.6731e-06 2.9296e-06 3.1886e-06 3.4442e-06 3.6887e-06 3.9121e-06 4.1027e-06 4.2469e-06 4.3296e-06 4.3355e-06 4.2505e-06 4.0639e-06 3.7715e-06 3.3783e-06 2.9008e-06 2.3683e-06 1.8204e-06 1.3018e-06 8.5377e-07 5.0471e-07 2.6336e-07 1.1826e-07 4.4312e-08 1.3346e-08 3.0862e-09 5.1821e-10 5.8998e-11 4.1864e-12 1.6688e-13 3.2867e-15 2.7267e-17 7.8115e-20 6.0273e-23 9.1672e-27 1.8538e-31 3.0261e-37 2.1118e-44 2.7923e-53 2.4538e-64 3.6903e-78 1.6211e-95 2.0451e-117 3.4582e-145 1.3252e-180 4.8170e-226 1.0014e-284 0.0000e+00 0.0000e+00 0.0000e+00 0.0000e+00 0.0000e+00 0.0000e+00 0.0000e+00 0.0000e+00 0.0000e+00 0.0000e+00 0.0000e+00 0.0000e+00 0.0000e+00 0.0000e+00 0.0000e+00 0.0000e+00 0.0000e+00 0.0000e+00 0.0000e+00 0.0000e+00 0.0000e+00 0.0000e+00 0.0000e+00 0.0000e+00 0.0000e+00 0.0000e+00 0.0000e+00 0.0000e+00
-7.3967e-10 -4.1882e-09 -1.1560e-08 -2.3784e-08 -4.1670e-08 -6.5967e-08 -9.7390e-08 -1.3665e-07 -1.8444e-07 -2.4150e-07 -3.0856e-07 1.5350e-05 -4.7573e-07 -5.7746e-07 -6.9239e-07 -8.2139e-07 -9.6533e-07 -1.1251e-06 -1.3014e-06 -1.4951e-06 -1.7067e-06 -1.9367e-06 -2.1852e-06 -2.4518e-06 -2.7357e-06 -3.0351e-06 -3.3474e-06 -3.6686e-06 -3.9931e-06 -4.3133e-06 -4.6195e-06 -4.8995e-06 -5.1384e-06 -5.3193e-06 -5.4232e-06 -5.4309e-06 -5.3249e-06 -5.0917e-06 -4.7259e-06 -4.2338e-06 -3.6362e-06 -2.9693e-06 -2.2830e-06 -1.6331e-06 -1.0715e-06 -6.3370e-07 -3.3085e-07 -1.4867e-07 -5.5751e-08 -1.6807e-08 -3.8912e-09 -6.5431e-10 -7.4620e-11 -5.3058e-12 -2.1203e-13 -4.1885e-15 -3.4875e-17 -1.0035e-19 -7.7850e-23 -1.1919e-26 -2.4296e-31 -4.0051e-37 -2.8288e-44 -3.7959e-53 -3.3969e-64 -5.2244e-78 -2.3593e-95 -3.0799e-117 -5.4328e-145 -2.1936e-180 -8.5063e-226 -1.9154e-284 0.0000e+00 0.0000e+00 0.0000e+00 0.0000e+00 0.0000e+00 0.0000e+00 0.0000e+00 0.0000e+00 0.0000e+00 0.0000e+00 0.0000e+00 0.0000e+00 0.0000e+00 0.0000e+00 0.0000e+00 0.0000e+00 0.0000e+00 0.0000e+00 0.0000e+00 0.0000e+00 0.0000e+00 0.0000e+00 0.0000e+00 0.0000e+00 0.0000e+00 0.0000e+00 0.0000e+00 0.0000e+00 7.3967e-10 4.1882e-09 1.1560e-08 2.3784e-08 4.1670e-08 6.5967e-08 9.7390e-08 1.3665e-07 1.8444e-07 2.4150e-07 3.0856e-07 0.0000e+00 4.7573e-07 5.7746e-07 6.9239e-07 8.2139e-07 9.6532e-07 1.1251e-06 1.3014e-06 1.4951e-06 1.7067e-06 1.9367e-06 2.1852e-06 2.4518e-06 2.7356e-06 3.0350e-06 3.3473e-06 3.6684e-06 3.9927e-06 4.3128e-06 4.6189e-06 4.8987e-06 5.1374e-06 5.3179e-06 5.4215e-06 5.4289e-06 5.3224e-06 5.0887e-06 4.7226e-06 4.2302e-06 3.6324e-06 2.9656e-06 2.2795e-06 1.6301e-06 1.0691e-06 6.3199e-07 3.2977e-07 1.4808e-07 5.5487e-08 1.6711e-08 3.8645e-09 6.4890e-10 7.3877e-11 5.2422e-12 2.0897e-13 4.1156e-15 3.4143e-17 9.7814e-20 7.5472e-23 1.1479e-26 2.3213e-31 3.7892e-37 2.6442e-44 3.4963e-53 3.0723e-64 4.6204e-78 2.0295e-95 2.5602e-117 4.3285e-145 1.6583e-180 6.0255e-226 1.2518e-284 0.0000e+00 0.0000e+00 0.0000e+00 0.0000e+00 0.0000e+00 0.0000e+00 0.0000e+00 0.0000e+00 0.0000e+00 0.0000e+00 0.0000e+00 0.0000e+00 0.0000e+00 0.0000e+00 0.0000e+00 0.0000e+00 0.0000e+00 0.0000e+00 0.0000e+00 0.0000e+00 0.0000e+00 0.0000e+00 0.0000e+00 0.0000e+00 0.0000e+00 0.0000e+00 0.0000e+00 0.0000e+00
-9.1074e-10 -5.1569e-09 -1.4234e-08 -2.9285e-08 -5.1308e-08 -8.1224e-08 -1.1992e-07 -1.6825e-07 -2.2710e-07 -2.9736e-07 -3.7992e-07 -4.7573e-07 2.5121e-05 -7.1101e-07 -8.5253e-07 -1.0114e-06 -1.1886e-06 -1.3853e-06 -1.6024e-06 -1.8409e-06 -2.1015e-06 -2.3847e-06 -2.6906e-06 -3.0190e-06 -3.3685e-06 -3.7372e-06 -4.1218e-06 -4.5173e-06 -4.9168e-06 -5.3112e-06 -5.6884e-06 -6.0332e-06 -6.3277e-06 -6.5506e-06 -6.6788e-06 -6.6887e-06 -6.5584e-06 -6.2716e-06 -5.8216e-06 -5.2159e-06 -4.4801e-06 -3.6591e-06 -2.8138e-06 -2.0132e-06 -1.3212e-06 -7.8161e-07 -4.0822e-07 -1.8351e-07 -6.8853e-08 -2.0770e-08 -4.8122e-09 -8.0990e-10 -9.2463e-11 -6.5830e-12 -2.6348e-13 -5.2146e-15 -4.3517e-17 -1.2557e-19 -9.7734e-23 -1.5023e-26 -3.0774e-31 -5.1030e-37 -3.6301e-44 -4.9136e-53 -4.4434e-64 -6.9210e-78 -3.1735e-95 -4.2192e-117 -7.6069e-145 -3.1521e-180 -1.2602e-225 -2.9407e-284 0.0000e+00 0.0000e+00 0.0000e+00 0.0000e+00 0.0000e+00 0.0000e+00 0.0000e+00 0.0000e+00 0.0000e+00 0.0000e+00 0.0000e+00 0.0000e+00 0.0000e+00 0.0000e+00 0.0000e+00 0.0000e+00 0.0000e+00 0.0000e+00 0.0000e+00 0.0000e+00 0.0000e+00 0.0000e+00 0.0000e+00 0.0000e+00 0.0000e+00 0.0000e+00 0.0000e+00 0.0000e+00 9.1074e-10 5.1569e-09 1.4234e-08 2.9285e-08 5.1308e-08 8.1224e-08 1.1992e-07 1.6825e-07 2.2710e-07 2.9736e-07 3.7992e-07 4.7573e-07 0.0000e+00 7.1101e-07 8.5253e-07 1.0114e-06 1.1886e-06 1.3853e-06 1.6024e-06 1.8409e-06 2.1014e-06 2.3846e-06 2.6906e-06 3.0188e-06 3.3683e-06 3.7370e-06 4.1214e-06 4.5168e-06 4.9162e-06 5.3103e-06 5.6872e-06 6.0316e-06 6.3256e-06 6.5479e-06 6.6754e-06 6.6845e-06 6.5534e-06 6.2657e-06 5.8149e-06 5.2086e-06 4.4725e-06 3.6515e-06 2.8067e-06 2.0071e-06 1.3163e-06 7.7816e-07 4.0604e-07 1.8233e-07 6.8320e-08 2.0576e-08 4.7583e-09 7.9898e-10 9.0963e-11 6.4546e-12 2.5730e-13 5.0675e-15 4.2040e-17 1.2044e-19 9.2926e-23 1.4133e-26 2.8581e-31 4.6653e-37 3.2555e-44 4.3043e-53 3.7822e-64 5.6874e-78 2.4978e-95 3.1501e-117 5.3239e-145 2.0383e-180 7.3987e-226 1.5345e-284 0.0000e+00 0.0000e+00 0.0000e+00 0.0000e+00 0.0000e+00 0.0000e+00 0.0000e+00 0.0000e+00 0.0000e+00 0.0000e+00 0.0000e+00 0.0000e+00 0.0000e+00 0.0000e+00 0.0000e+00 0.0000e+00 0.0000e+00 0.0000e+00 0.0000e+00 0.0000e+00 0.0000e+00 0.0000e+00 0.0000e+00 0.0000e+00 0.0000e+00 0.0000e+00 0.0000e+00 0.0000e+00
-1.1055e-09 -6.2596e-09 -1.7277e-08 -3.5547e-08 -6.2279e-08 -9.8592e-08 -1.4556e-07 -2.0423e-07 -2.7567e-07 -3.6094e-07 -4.6116e-07 -5.7746e-07 -7.1101e-07 3.9713e-05 -1.0348e-06 -1.2276e-06 -1.4428e-06 -1.6815e-06 -1.9450e-06 -2.2345e-06 -2.5509e-06 -2.8947e-06 -3.2660e-06 -3.6646e-06 -4.0889e-06 -4.5365e-06 -5.0034e-06 -5.4835e-06 -5.9687e-06 -6.4475e-06 -6.9056e-06 -7.3245e-06 -7.6822e-06 -7.9532e-06 -8.1093e-06 -8.1219e-06 -7.9643e-06 -7.6168e-06 -7.0711e-06 -6.3364e-06 -5.4435e-06 -4.4468e-06 -3.4204e-06 -2.4480e-06 -1.6071e-06 -9.5118e-07 -4.9704e-07 -2.2358e-07 -8.3952e-08 -2.5348e-08 -5.8794e-09 -9.9080e-10 -1.1330e-10 -8.0815e-12 -3.2420e-13 -6.4342e-15 -5.3873e-17 -1.5607e-19 -1.2206e-22 -1.8872e-26 -3.8929e-31 -6.5095e-37 -4.6774e-44 -6.4079e-53 -5.8785e-64 -9.3138e-78 -4.3577e-95 -5.9325e-117 -1.0996e-144 -4.7045e-180 -1.9513e-225 -4.7482e-284 0.0000e+00 0.0000e+00 0.0000e+00 0.0000e+00 0.0000e+00 0.0000e+00 0.0000e+00 0.0000e+00 0.0000e+00 0.0000e+00 0.0000e+00 0.0000e+00 0.0000e+00 0.0000e+00 0.0000e+00 0.0000e+00 0.0000e+00 0.0000e+00 0.0000e+00 0.0000e+00 0.0000e+00 0.0000e+00 0.0000e+00 0.0000e+00 0.0000e+00 0.0000e+00 0.0000e+00 0.0000e+00 1.1055e-09 6.2596e-09 1.7277e-08 3.5547e-08 6.2279e-08 9.8592e-08 1.4556e-07 2.0423e-07 2.7567e-07 3.6094e-07 4.6116e-07 5.7746e-07 7.1101e-07 0.0000e+00 1.0348e-06 1.2276e-06 1.4427e-06 1.6815e-06 1.9450e-06 2.2345e-06 2.5508e-06 2.8946e-06 3.2659e-06 3.6644e-06 4.0886e-06 4.5361e-06 5.0027e-06 5.4826e-06 5.9674e-06 6.4458e-06 6.9032e-06 7.3214e-06 7.6782e-06 7.9480e-06 8.1028e-06 8.1138e-06 7.9547e-06 7.6055e-06 7.0583e-06 6.3223e-06 5.4288e-06 4.4323e-06 3.4069e-06 2.4363e-06 1.5978e-06 9.4455e-07 4.9287e-07 2.2132e-07 8.2929e-08 2.4976e-08 5.7758e-09 9.6982e-10 1.1041e-10 7.8347e-12 3.1232e-13 6.1510e-15 5.1028e-17 1.4618e-19 1.1279e-22 1.7155e-26 3.4689e-31 5.6621e-37 3.9509e-44 5.2232e-53 4.5888e-64 6.8987e-78 3.0286e-95 3.8173e-117 6.4452e-145 2.4638e-180 8.9199e-226 1.8419e-284 0.0000e+00 0.0000e+00 0.0000e+00 0.0000e+00 0.0000e+00 0.0000e+00 0.0000e+00 0.0000e+00 0.0000e+00 0.0000e+00 0.0000e+00 0.0000e+00 0.0000e+00 0.0000e+00 0.0000e+00 0.0000e+00 0.0000e+00 0.0000e+00 0.0000e+00 0.0000e+00 0.0000e+00 0.0000e+00 0.0000e+00 0.0000e+00 0.0000e+00 0.0000e+00 0.0000e+00 0.0000e+00
-1.3255e-09 -7.5055e-09 -2.0716e-08 -4.2622e-08 -7.4675e-08 -1.1821e-07 -1.7453e-07 -2.4488e-07 -3.3053e-07 -4.3278e-07 -5.5295e-07 -6.9239e-07 -8.5253e-07 -1.0348e-06 6.0947e-05 -1.4720e-06 -1.7299e-06 -2.0162e-06 -2.3322e-06 -2.6793e-06 -3.0586e-06 -3.4708e-06 -3.9162e-06 -4.3941e-06 -4.9029e-06 -5.4397e-06 -5.9996e-06 -6.5755e-06 -7.1574e-06 -7.7319e-06 -8.2815e-06 -8.7842e-06 -9.2138e-06 -9.5394e-06 -9.7275e-06 -9.7435e-06 -9.5557e-06 -9.1401e-06 -8.4867e-06 -7.6065e-06 -6.5363e-06 -5.3412e-06 -4.1099e-06 -2.9428e-06 -1.9329e-06 -1.1448e-06 -5.9866e-07 -2.6954e-07 -1.0132e-07 -3.0632e-08 -7.1162e-09 -1.2015e-09 -1.3770e-10 -9.8494e-12 -3.9642e-13 -7.8982e-15 -6.6443e-17 -1.9357e-19 -1.5241e-22 -2.3754e-26 -4.9470e-31 -8.3666e-37 -6.0932e-44 -8.4809e-53 -7.9262e-64 -1.2833e-77 -6.1569e-95 -8.6272e-117 -1.6524e-144 -7.3378e-180 -3.1736e-225 -8.0934e-284 0.0000e+00 0.0000e+00 0.0000e+00 0.0000e+00 0.0000e+00 0.0000e+00 0.0000e+00 0.0000e+00 0.0000e+00 0.0000e+00 0.0000e+00 0.0000e+00 0.0000e+00 0.0000e+00 0.0000e+00 0.0000e+00 0.0000e+00 0.0000e+00 0.0000e+00 0.0000e+00 0.0000e+00 0.0000e+00 0.0000e+00 0.0000e+00 0.0000e+00 0.0000e+00 0.0000e+00 0.0000e+00 1.3255e-09 7.5055e-09 2.0716e-08 4.2622e-08 7.4675e-08 1.1821e-07 1.7453e-07 2.4488e-07 3.3053e-07 4.3278e-07 5.5294e-07 6.9239e-07 8.5253e-07 1.0348e-06 0.0000e+00 1.4720e-06 1.7299e-06 2.0161e-06 2.3321e-06 2.6792e-06 3.0585e-06 3.4707e-06 3.9159e-06 4.3937e-06 4.9023e-06 5.4389e-06 5.9984e-06 6.5739e-06 7.1551e-06 7.7288e-06 8.2772e-06 8.7786e-06 9.2064e-06 9.5299e-06 9.7156e-06 9.7288e-06 9.5379e-06 9.1192e-06 8.4631e-06 7.5807e-06 6.5094e-06 5.3145e-06 4.0850e-06 2.9212e-06 1.9158e-06 1.1325e-06 5.9096e-07 2.6537e-07 9.9435e-08 2.9947e-08 6.9253e-09 1.1628e-09 1.3239e-10 9.3939e-12 3.7447e-13 7.3750e-15 6.1182e-17 1.7527e-19 1.3523e-22 2.0566e-26 4.1585e-31 6.7869e-37 4.7351e-44 6.2584e-53 5.4963e-64 8.2583e-78 3.6223e-95 4.5592e-117 7.6803e-145 2.9249e-180 1.0523e-225 2.1491e-284 0.0000e+00 0.0000e+00 0.0000e+00 0.0000e+00 0.0000e+00 0.0000e+00 0.0000e+00 0.0000e+00 0.0000e+00 0.0000e+00 0.0000e+00 0.0000e+00 0.0000e+00 0.0000e+00 0.0000e+00 0.0000e+00 0.0000e+00 0.0000e+00 0.0000e+00 0.0000e+00 0.0000e+00 0.0000e+00 0.0000e+00 0.0000e+00 0.0000e+00 0.0000e+00 0.0000e+00 0.0000e+00
-1.5725e-09 -8.9039e-09 -2.4576e-08 -5.0563e-08 -8.8588e-08 -1.4024e-07 -2.0704e-07 -2.9050e-07 -3.9211e-07 -5.1341e-07 -6.5597e-07 -8.2139e-07 -1.0114e-06 -1.2276e-06 -1.4720e-06 9.1163e-05 -2.0522e-06 -2.3918e-06 -2.7667e-06 -3.1785e-06 -3.6285e-06 -4.1176e-06 -4.6460e-06 -5.2130e-06 -5.8167e-06 -6.4537e-06 -7.1181e-06 -7.8016e-06 -8.4923e-06 -9.1743e-06 -9.8269e-06 -1.0424e-05 -1.0935e-05 -1.1322e-05 -1.1547e-05 -1.1568e-05 -1.1346e-05 -1.0855e-05 -1.0082e-05 -9.0388e-06 -7.7699e-06 -6.3520e-06 -4.8902e-06 -3.5037e-06 -2.3031e-06 -1.3652e-06 -7.1473e-07 -3.2221e-07 -1.2131e-07 -3.6743e-08 -8.5550e-09 -1.4483e-09 -1.6651e-10 -1.1955e-11 -4.8335e-13 -9.6823e-15 -8.1976e-17 -2.4065e-19 -1.9120e-22 -3.0118e-26 -6.3515e-31 -1.0901e-36 -8.0760e-44 -1.1466e-52 -1.0963e-63 -1.8219e-77 -9.0029e-95 -1.3042e-116 -2.5926e-144 -1.2000e-179 -5.4353e-225 -1.4593e-283 0.0000e+00 0.0000e+00 0.0000e+00 0.0000e+00 0.0000e+00 0.0000e+00 0.0000e+00 0.0000e+00 0.0000e+00 0.0000e+00 0.0000e+00 0.0000e+00 0.0000e+00 0.0000e+00 0.0000e+00 0.0000e+00 0.0000e+00 0.0000e+00 0.0000e+00 0.0000e+00 0.0000e+00 0.0000e+00 0.0000e+00 0.0000e+00 0.0000e+00 0.0000e+00 0.0000e+00 0.0000e+00 1.5725e-09 8.9039e-09 2.4576e-08 5.0563e-08 8.8588e-08 1.4024e-07 2.0704e-07 2.9050e-07 3.9211e-07 5.1341e-07 6.5596e-07 8.2139e-07 1.0114e-06 1.2276e-06 1.4720e-06 0.0000e+00 2.0522e-06 2.3918e-06 2.7666e-06 3.1784e-06 3.6283e-06 4.1173e-06 4.6455e-06 5.2123e-06 5.8157e-06 6.4522e-06 7.1160e-06 7.7986e-06 8.4882e-06 9.1687e-06 9.8194e-06 1.0414e-05 1.0922e-05 1.1305e-05 1.1526e-05 1.1541e-05 1.1315e-05 1.0818e-05 1.0040e-05 8.9931e-06 7.7221e-06 6.3046e-06 4.8460e-06 3.4655e-06 2.2728e-06 1.3436e-06 7.0106e-07 3.1481e-07 1.1796e-07 3.5526e-08 8.2155e-09 1.3795e-09 1.5705e-10 1.1144e-11 4.4422e-13 8.7485e-15 7.2574e-17 2.0789e-19 1.6039e-22 2.4390e-26 4.9310e-31 8.0460e-37 5.6116e-44 7.4131e-53 6.5053e-64 9.7621e-78 4.2735e-95 5.3615e-117 8.9846e-145 3.3914e-180 1.2014e-225 2.3854e-284 0.0000e+00 0.0000e+00 0.0000e+00 0.0000e+00 0.0000e+00 0.0000e+00 0.0000e+00 0.0000e+00 0.0000e+00 0.0000e+00 0.0000e+00 0.0000e+00 0.0000e+00 0.0000e+00 0.0000e+00 0.0000e+00 0.0000e+00 0.0000e+00 0.0000e+00 0.0000e+00 0.0000e+00 0.0000e+00 0.0000e+00 0.0000e+00 0.0000e+00 0.0000e+00 0.0000e+00 0.0000e+00
-1.8480e-09 -1.0464e-08 -2.8882e-08 -5.9424e-08 -1.0411e-07 -1.6481e-07 -2.4332e-07 -3.4141e-07 -4.6083e-07 -6.0338e-07 -7.7091e-07 -9.6533e-07 -1.1886e-06 -1.4428e-06 -1.7299e-06 -2.0522e-06 1.3334e-04 -2.8110e-06 -3.2516e-06 -3.7356e-06 -4.2645e-06 -4.8393e-06 -5.4604e-06 -6.1269e-06 -6.8366e-06 -7.5854e-06 -8.3666e-06 -9.1703e-06 -9.9827e-06 -1.0785e-05 -1.1553e-05 -1.2256e-05 -1.2858e-05 -1.3315e-05 -1.3582e-05 -1.3609e-05 -1.3352e-05 -1.2777e-05 -1.1871e-05 -1.0648e-05 -9.1575e-06 -7.4909e-06 -5.7712e-06 -4.1386e-06 -2.7233e-06 -1.6163e-06 -8.4744e-07 -3.8272e-07 -1.4440e-07 -4.3848e-08 -1.0240e-08 -1.7399e-09 -2.0090e-10 -1.4498e-11 -5.8973e-13 -1.1898e-14 -1.0159e-16 -3.0122e-19 -2.4213e-22 -3.8662e-26 -8.2829e-31 -1.4476e-36 -1.0950e-43 -1.5918e-52 -1.5632e-63 -2.6767e-77 -1.3675e-94 -2.0555e-116 -4.2568e-144 -2.0616e-179 -9.8205e-225 -2.7900e-283 0.0000e+00 0.0000e+00 0.0000e+00 0.0000e+00 0.0000e+00 0.0000e+00 0.0000e+00 0.0000e+00 0.0000e+00 0.0000e+00 0.0000e+00 0.0000e+00 0.0000e+00 0.0000e+00 0.0000e+00 0.0000e+00 0.0000e+00 0.0000e+00 0.0000e+00 0.0000e+00 0.0000e+00 0.0000e+00 0.0000e+00 0.0000e+00 0.0000e+00 0.0000e+00 0.0000e+00 0.0000e+00 1.8480e-09 1.0464e-08 2.8882e-08 5.9424e-08 1.0411e-07 1.6481e-07 2.4332e-07 3.4141e-07 4.6083e-07 6.0338e-07 7.7091e-07 9.6532e-07 1.1886e-06 1.4427e-06 1.7299e-06 2.0522e-06 0.0000e+00 2.8109e-06 3.2514e-06 3.7354e-06 4.2641e-06 4.8388e-06 5.4596e-06 6.1257e-06 6.8348e-06 7.5828e-06 8.3630e-06 9.1652e-06 9.9756e-06 1.0775e-05 1.1540e-05 1.2239e-05 1.2835e-05 1.3287e-05 1.3545e-05 1.3564e-05 1.3298e-05 1.2714e-05 1.1799e-05 1.0569e-05 9.0753e-06 7.4094e-06 5.6952e-06 4.0727e-06 2.6710e-06 1.5790e-06 8.2391e-07 3.6997e-07 1.3863e-07 4.1751e-08 9.6549e-09 1.6212e-09 1.8456e-10 1.3096e-11 5.2201e-13 1.0280e-14 8.5274e-17 2.4425e-19 1.8842e-22 2.8647e-26 5.7897e-31 9.4428e-37 6.5811e-44 8.6844e-53 7.6079e-64 1.1386e-77 4.9626e-95 6.1817e-117 1.0234e-144 3.7819e-180 1.2878e-225 2.3596e-284 0.0000e+00 0.0000e+00 0.0000e+00 0.0000e+00 0.0000e+00 0.0000e+00 0.0000e+00 0.0000e+00 0.0000e+00 0.0000e+00 0.0000e+00 0.0000e+00 0.0000e+00 0.0000e+00 0.0000e+00 0.0000e+00 0.0000e+00 0.0000e+00 0.0000e+00 0.0000e+00 0.0000e+00 0.0000e+00 0.0000e+00 0.0000e+00 0.0000e+00 0.0000e+00 0.0000e+00 0.0000e+00
