-9.3085e-09 -5.0113e-11 -1.3832e-10 -2.8458e-10 -4.9859e-10 -7.8929e-10 -1.1653e-09 -1.6349e-09 -2.2068e-09 -2.8892e-09 -3.6911e-09 -4.6212e-09 -5.6888e-09 -6.9028e-09 -8.2725e-09 -9.8068e-09 -1.1514e-08 -1.3401e-08 -1.5472e-08 -1.7731e-08 -2.0176e-08 -2.2798e-08 -2.5581e-08 -2.8501e-08 -3.1517e-08 -3.4573e-08 -3.7591e-08 -4.0471e-08 -4.3087e-08 -4.5286e-08 -4.6891e-08 -4.7714e-08 -4.7566e-08 -4.6283e-08 -4.3761e-08 -3.9989e-08 -3.5090e-08 -2.9338e-08 -2.3154e-08 -1.7057e-08 -1.1573e-08 -7.1150e-09 -3.8879e-09 -1.8445e-09 -7.3862e-10 -2.4131e-10 -6.1729e-11 -1.1763e-11 -1.5717e-12 -1.3681e-13 -7.0929e-15 -1.9627e-16 -2.5344e-18 -1.2947e-20 -2.1343e-23 -8.8266e-27 -6.6983e-31 -6.3181e-36 -4.5507e-42 -1.3573e-49 -7.7475e-59 -3.1818e-70 -2.7048e-84 -9.6562e-102 -1.8573e-123 -1.3472e-150 -1.1520e-184 -1.2315e-227 -4.0518e-282 0.0000e+00 0.0000e+00 0.0000e+00 0.0000e+00 0.0000e+00 0.0000e+00 0.0000e+00 0.0000e+00 0.0000e+00 0.0000e+00 0.0000e+00 0.0000e+00 0.0000e+00 0.0000e+00 0.0000e+00 0.0000e+00 0.0000e+00 0.0000e+00 0.0000e+00 0.0000e+00 0.0000e+00 0.0000e+00 0.0000e+00 0.0000e+00 0.0000e+00 0.0000e+00 0.0000e+00 0.0000e+00 0.0000e+00 0.0000e+00 0.0000e+00 0.0000e+00 5.0113e-11 1.3832e-10 2.8458e-10 4.9859e-10 7.8929e-10 1.1653e-09 1.6349e-09 2.2068e-09 2.8892e-09 3.6911e-09 4.6212e-09 5.6888e-09 6.9028e-09 8.2725e-09 9.8068e-09 1.1514e-08 1.3401e-08 1.5472e-08 1.7731e-08 2.0176e-08 2.2798e-08 2.5581e-08 2.8501e-08 3.1517e-08 3.4573e-08 3.7591e-08 4.0471e-08 4.3087e-08 4.5286e-08 4.6891e-08 4.7714e-08 4.7566e-08 4.6283e-08 4.3761e-08 3.9989e-08 3.5090e-08 2.9338e-08 2.3154e-08 1.7057e-08 1.1573e-08 7.1150e-09 3.8879e-09 1.8445e-09 7.3862e-10 2.4131e-10 6.1729e-11 1.1763e-11 1.5717e-12 1.3681e-13 7.0929e-15 1.9627e-16 2.5344e-18 1.2947e-20 2.1343e-23 8.8266e-27 6.6983e-31 6.3181e-36 4.5507e-42 1.3573e-49 7.7475e-59 3.1818e-70 2.7048e-84 9.6562e-102 1.8573e-123 1.3472e-150 1.1520e-184 1.2315e-227 4.0518e-282 0.0000e+00 0.0000e+00 0.0000e+00 0.0000e+00 0.0000e+00 0.0000e+00 0.0000e+00 0.0000e+00 0.0000e+00 0.0000e+00 0.0000e+00 0.0000e+00 0.0000e+00 0.0000e+00 0.0000e+00 0.0000e+00 0.0000e+00 0.0000e+00 0.0000e+00 0.0000e+00 0.0000e+00 0.0000e+00 0.0000e+00 0.0000e+00 0.0000e+00 0.0000e+00 0.0000e+00 0.0000e+00 0.0000e+00 0.0000e+00 0.0000e+00
-5.0113e-11 3.0248e-10 -7.8320e-10 -1.6114e-09 -2.8232e-09 -4.4692e-09 -6.5981e-09 -9.2576e-09 -1.2495e-08 -1.6360e-08 -2.0900e-08 -2.6167e-08 -3.2212e-08 -3.9086e-08 -4.6842e-08 -5.5529e-08 -6.5195e-08 -7.5879e-08 -8.7610e-08 -1.0040e-07 -1.1424e-07 -1.2909e-07 -1.4485e-07 -1.6138e-07 -1.7846e-07 -1.9576e-07 -2.1285e-07 -2.2916e-07 -2.4397e-07 -2.5642e-07 -2.6551e-07 -2.7017e-07 -2.6933e-07 -2.6207e-07 -2.4779e-07 -2.2643e-07 -1.9869e-07 -1.6612e-07 -1.3111e-07 -9.6583e-08 -6.5528e-08 -4.0288e-08 -2.2014e-08 -1.0444e-08 -4.1823e-09 -1.3664e-09 -3.4953e-10 -6.6604e-11 -8.8994e-12 -7.7467e-13 -4.0162e-14 -1.1114e-15 -1.4351e-17 -7.3309e-20 -1.2085e-22 -4.9979e-26 -3.7928e-30 -3.5775e-35 -2.5768e-41 -7.6856e-49 -4.3869e-58 -1.8016e-69 -1.5315e-83 -5.4677e-101 -1.0517e-122 -7.6285e-150 -6.5228e-184 -6.9730e-227 -2.2943e-281 0.0000e+00 0.0000e+00 0.0000e+00 0.0000e+00 0.0000e+00 0.0000e+00 0.0000e+00 0.0000e+00 0.0000e+00 0.0000e+00 0.0000e+00 0.0000e+00 0.0000e+00 0.0000e+00 0.0000e+00 0.0000e+00 0.0000e+00 0.0000e+00 0.0000e+00 0.0000e+00 0.0000e+00 0.0000e+00 0.0000e+00 0.0000e+00 0.0000e+00 0.0000e+00 0.0000e+00 0.0000e+00 0.0000e+00 0.0000e+00 0.0000e+00 5.0113e-11 0.0000e+00 7.8320e-10 1.6114e-09 2.8232e-09 4.4692e-09 6.5981e-09 9.2576e-09 1.2495e-08 1.6360e-08 2.0900e-08 2.6167e-08 3.2212e-08 3.9086e-08 4.6842e-08 5.5529e-08 6.5195e-08 7.5879e-08 8.7610e-08 1.0040e-07 1.1424e-07 1.2909e-07 1.4485e-07 1.6138e-07 1.7846e-07 1.9576e-07 2.1285e-07 2.2916e-07 2.4397e-07 2.5642e-07 2.6551e-07 2.7017e-07 2.6933e-07 2.6207e-07 2.4779e-07 2.2643e-07 1.9869e-07 1.6612e-07 1.3111e-07 9.6583e-08 6.5528e-08 4.0288e-08 2.2014e-08 1.0444e-08 4.1823e-09 1.3664e-09 3.4953e-10 6.6604e-11 8.8994e-12 7.7467e-13 4.0162e-14 1.1114e-15 1.4351e-17 7.3309e-20 1.2085e-22 4.9979e-26 3.7928e-30 3.5775e-35 2.5768e-41 7.6856e-49 4.3869e-58 1.8016e-69 1.5315e-83 5.4677e-101 1.0517e-122 7.6284e-150 6.5227e-184 6.9729e-227 2.2943e-281 0.0000e+00 0.0000e+00 0.0000e+00 0.0000e+00 0.0000e+00 0.0000e+00 0.0000e+00 0.0000e+00 0.0000e+00 0.0000e+00 0.0000e+00 0.0000e+00 0.0000e+00 0.0000e+00 0.0000e+00 0.0000e+00 0.0000e+00 0.0000e+00 0.0000e+00 0.0000e+00 0.0000e+00 0.0000e+00 0.0000e+00 0.0000e+00 0.0000e+00 0.0000e+00 0.0000e+00 0.0000e+00 0.0000e+00 0.0000e+00 0.0000e+00
-1.3832e-10 -7.8320e-10 3.7993e-09 -4.4476e-09 -7.7923e-09 -1.2336e-08 -1.8212e-08 -2.5552e-08 -3.4489e-08 -4.5155e-08 -5.7687e-08 -7.2224e-08 -8.8908e-08 -1.0788e-07 -1.2929e-07 -1.5327e-07 -1.7995e-07 -2.0943e-07 -2.4181e-07 -2.7712e-07 -3.1532e-07 -3.5630e-07 -3.9981e-07 -4.4544e-07 -4.9257e-07 -5.4033e-07 -5.8750e-07 -6.3252e-07 -6.7340e-07 -7.0776e-07 -7.3285e-07 -7.4571e-07 -7.4339e-07 -7.2335e-07 -6.8393e-07 -6.2499e-07 -5.4842e-07 -4.5852e-07 -3.6187e-07 -2.6658e-07 -1.8086e-07 -1.1120e-07 -6.0762e-08 -2.8827e-08 -1.1544e-08 -3.7715e-09 -9.6475e-10 -1.8384e-10 -2.4564e-11 -2.1382e-12 -1.1085e-13 -3.0675e-15 -3.9610e-17 -2.0234e-19 -3.3357e-22 -1.3795e-25 -1.0469e-29 -9.8747e-35 -7.1124e-41 -2.1214e-48 -1.2109e-57 -4.9730e-69 -4.2275e-83 -1.5093e-100 -2.9030e-122 -2.1058e-149 -1.8006e-183 -1.9249e-226 -6.3338e-281 0.0000e+00 0.0000e+00 0.0000e+00 0.0000e+00 0.0000e+00 0.0000e+00 0.0000e+00 0.0000e+00 0.0000e+00 0.0000e+00 0.0000e+00 0.0000e+00 0.0000e+00 0.0000e+00 0.0000e+00 0.0000e+00 0.0000e+00 0.0000e+00 0.0000e+00 0.0000e+00 0.0000e+00 0.0000e+00 0.0000e+00 0.0000e+00 0.0000e+00 0.0000e+00 0.0000e+00 0.0000e+00 0.0000e+00 0.0000e+00 0.0000e+00 1.3832e-10 7.8320e-10 0.0000e+00 4.4476e-09 7.7923e-09 1.2336e-08 1.8212e-08 2.5552e-08 3.4489e-08 4.5155e-08 5.7687e-08 7.2224e-08 8.8908e-08 1.0788e-07 1.2929e-07 1.5327e-07 1.7995e-07 2.0943e-07 2.4181e-07 2.7712e-07 3.1532e-07 3.5630e-07 3.9981e-07 4.4544e-07 4.9257e-07 5.4033e-07 5.8750e-07 6.3252e-07 6.7340e-07 7.0776e-07 7.3285e-07 7.4571e-07 7.4339e-07 7.2335e-07 6.8393e-07 6.2499e-07 5.4842e-07 4.5852e-07 3.6187e-07 2.6658e-07 1.8086e-07 1.1120e-07 6.0762e-08 2.8827e-08 1.1544e-08 3.7714e-09 9.6475e-10 1.8384e-10 2.4563e-11 2.1382e-12 1.1085e-13 3.0675e-15 3.9610e-17 2.0234e-19 3.3357e-22 1.3795e-25 1.0469e-29 9.8745e-35 7.1122e-41 2.1213e-48 1.2108e-57 4.9727e-69 4.2272e-83 1.5091e-100 2.9027e-122 2.1055e-149 1.8004e-183 1.9246e-226 6.3325e-281 0.0000e+00 0.0000e+00 0.0000e+00 0.0000e+00 0.0000e+00 0.0000e+00 0.0000e+00 0.0000e+00 0.0000e+00 0.0000e+00 0.0000e+00 0.0000e+00 0.0000e+00 0.0000e+00 0.0000e+00 0.0000e+00 0.0000e+00 0.0000e+00 0.0000e+00 0.0000e+00 0.0000e+00 0.0000e+00 0.0000e+00 0.0000e+00 0.0000e+00 0.0000e+00 0.0000e+00 0.0000e+00 0.0000e+00 0.0000e+00 0.0000e+00
-2.8458e-10 -1.6114e-09 -4.4476e-09 2.1408e-08 -1.6032e-08 -2.5380e-08 -3.7469e-08 -5.2572e-08 -7.0959e-08 -9.2904e-08 -1.1869e-07 -1.4860e-07 -1.8292e-07 -2.2196e-07 -2.6601e-07 -3.1534e-07 -3.7023e-07 -4.3090e-07 -4.9752e-07 -5.7015e-07 -6.4875e-07 -7.3306e-07 -8.2258e-07 -9.1646e-07 -1.0134e-06 -1.1117e-06 -1.2088e-06 -1.3014e-06 -1.3855e-06 -1.4562e-06 -1.5078e-06 -1.5343e-06 -1.5295e-06 -1.4882e-06 -1.4071e-06 -1.2859e-06 -1.1283e-06 -9.4338e-07 -7.4453e-07 -5.4848e-07 -3.7212e-07 -2.2879e-07 -1.2502e-07 -5.9310e-08 -2.3751e-08 -7.7596e-09 -1.9850e-09 -3.7824e-10 -5.0539e-11 -4.3993e-12 -2.2808e-13 -6.3115e-15 -8.1500e-17 -4.1633e-19 -6.8635e-22 -2.8385e-25 -2.1541e-29 -2.0319e-34 -1.4635e-40 -4.3653e-48 -2.4918e-57 -1.0234e-68 -8.7002e-83 -3.1063e-100 -5.9753e-122 -4.3348e-149 -3.7070e-183 -3.9636e-226 -1.3045e-280 0.0000e+00 0.0000e+00 0.0000e+00 0.0000e+00 0.0000e+00 0.0000e+00 0.0000e+00 0.0000e+00 0.0000e+00 0.0000e+00 0.0000e+00 0.0000e+00 0.0000e+00 0.0000e+00 0.0000e+00 0.0000e+00 0.0000e+00 0.0000e+00 0.0000e+00 0.0000e+00 0.0000e+00 0.0000e+00 0.0000e+00 0.0000e+00 0.0000e+00 0.0000e+00 0.0000e+00 0.0000e+00 0.0000e+00 0.0000e+00 0.0000e+00 2.8458e-10 1.6114e-09 4.4476e-09 0.0000e+00 1.6032e-08 2.5380e-08 3.7469e-08 5.2572e-08 7.0959e-08 9.2904e-08 1.1869e-07 1.4860e-07 1.8292e-07 2.2196e-07 2.6601e-07 3.1534e-07 3.7023e-07 4.3090e-07 4.9752e-07 5.7015e-07 6.4875e-07 7.3306e-07 8.2258e-07 9.1646e-07 1.0134e-06 1.1117e-06 1.2088e-06 1.3014e-06 1.3855e-06 1.4562e-06 1.5078e-06 1.5343e-06 1.5295e-06 1.4882e-06 1.4071e-06 1.2859e-06 1.1283e-06 9.4337e-07 7.4453e-07 5.4848e-07 3.7212e-07 2.2879e-07 1.2501e-07 5.9310e-08 2.3751e-08 7.7595e-09 1.9849e-09 3.7823e-10 5.0538e-11 4.3992e-12 2.2807e-13 6.3112e-15 8.1496e-17 4.1631e-19 6.8630e-22 2.8382e-25 2.1538e-29 2.0316e-34 1.4633e-40 4.3645e-48 2.4912e-57 1.0231e-68 8.6972e-83 3.1050e-100 5.9722e-122 4.3320e-149 3.7041e-183 3.9598e-226 1.3029e-280 0.0000e+00 0.0000e+00 0.0000e+00 0.0000e+00 0.0000e+00 0.0000e+00 0.0000e+00 0.0000e+00 0.0000e+00 0.0000e+00 0.0000e+00 0.0000e+00 0.0000e+00 0.0000e+00 0.0000e+00 0.0000e+00 0.0000e+00 0.0000e+00 0.0000e+00 0.0000e+00 0.0000e+00 0.0000e+00 0.0000e+00 0.0000e+00 0.0000e+00 0.0000e+00 0.0000e+00 0.0000e+00 0.0000e+00 0.0000e+00 0.0000e+00
-4.9859e-10 -2.8232e-09 -7.7923e-09 -1.6032e-08 8.2022e-08 -4.4466e-08 -6.5647e-08 -9.2107e-08 -1.2432e-07 -1.6277e-07 -2.0794e-07 -2.6034e-07 -3.2048e-07 -3.8888e-07 -4.6605e-07 -5.5248e-07 -6.4865e-07 -7.5494e-07 -8.7166e-07 -9.9892e-07 -1.1366e-06 -1.2843e-06 -1.4412e-06 -1.6057e-06 -1.7756e-06 -1.9477e-06 -2.1177e-06 -2.2800e-06 -2.4274e-06 -2.5512e-06 -2.6417e-06 -2.6880e-06 -2.6797e-06 -2.6074e-06 -2.4653e-06 -2.2529e-06 -1.9769e-06 -1.6528e-06 -1.3044e-06 -9.6096e-07 -6.5197e-07 -4.0084e-07 -2.1903e-07 -1.0391e-07 -4.1613e-08 -1.3596e-08 -3.4778e-09 -6.6272e-10 -8.8551e-11 -7.7083e-12 -3.9964e-13 -1.1059e-14 -1.4281e-16 -7.2954e-19 -1.2027e-21 -4.9743e-25 -3.7751e-29 -3.5612e-34 -2.5652e-40 -7.6521e-48 -4.3685e-57 -1.7944e-68 -1.5258e-82 -5.4487e-100 -1.0484e-121 -7.6082e-149 -6.5092e-183 -6.9635e-226 -2.2933e-280 0.0000e+00 0.0000e+00 0.0000e+00 0.0000e+00 0.0000e+00 0.0000e+00 0.0000e+00 0.0000e+00 0.0000e+00 0.0000e+00 0.0000e+00 0.0000e+00 0.0000e+00 0.0000e+00 0.0000e+00 0.0000e+00 0.0000e+00 0.0000e+00 0.0000e+00 0.0000e+00 0.0000e+00 0.0000e+00 0.0000e+00 0.0000e+00 0.0000e+00 0.0000e+00 0.0000e+00 0.0000e+00 0.0000e+00 0.0000e+00 0.0000e+00 4.9859e-10 2.8232e-09 7.7923e-09 1.6032e-08 0.0000e+00 4.4466e-08 6.5647e-08 9.2107e-08 1.2432e-07 1.6277e-07 2.0794e-07 2.6034e-07 3.2048e-07 3.8888e-07 4.6605e-07 5.5248e-07 6.4865e-07 7.5494e-07 8.7166e-07 9.9892e-07 1.1366e-06 1.2843e-06 1.4412e-06 1.6057e-06 1.7756e-06 1.9477e-06 2.1177e-06 2.2800e-06 2.4274e-06 2.5512e-06 2.6417e-06 2.6880e-06 2.6797e-06 2.6074e-06 2.4653e-06 2.2529e-06 1.9769e-06 1.6528e-06 1.3044e-06 9.6094e-07 6.5196e-07 4.0084e-07 2.1903e-07 1.0391e-07 4.1611e-08 1.3595e-08 3.4776e-09 6.6267e-10 8.8543e-11 7.7074e-12 3.9959e-13 1.1057e-14 1.4278e-16 7.2937e-19 1.2024e-21 4.9726e-25 3.7736e-29 3.5594e-34 2.5637e-40 7.6466e-48 4.3646e-57 1.7925e-68 1.5238e-82 5.4400e-100 1.0463e-121 7.5898e-149 6.4897e-183 6.9376e-226 2.2826e-280 0.0000e+00 0.0000e+00 0.0000e+00 0.0000e+00 0.0000e+00 0.0000e+00 0.0000e+00 0.0000e+00 0.0000e+00 0.0000e+00 0.0000e+00 0.0000e+00 0.0000e+00 0.0000e+00 0.0000e+00 0.0000e+00 0.0000e+00 0.0000e+00 0.0000e+00 0.0000e+00 0.0000e+00 0.0000e+00 0.0000e+00 0.0000e+00 0.0000e+00 0.0000e+00 0.0000e+00 0.0000e+00 0.0000e+00 0.0000e+00 0.0000e+00
-7.8929e-10 -4.4692e-09 -1.2336e-08 -2.5380e-08 -4.4466e-08 2.4623e-07 -1.0392e-07 -1.4581e-07 -1.9681e-07 -2.5767e-07 -3.2919e-07 -4.1214e-07 -5.0734e-07 -6.1562e-07 -7.3778e-07 -8.7461e-07 -1.0268e-06 -1.1951e-06 -1.3799e-06 -1.5813e-06 -1.7993e-06 -2.0332e-06 -2.2814e-06 -2.5418e-06 -2.8108e-06 -3.0833e-06 -3.3525e-06 -3.6094e-06 -3.8427e-06 -4.0387e-06 -4.1819e-06 -4.2553e-06 -4.2421e-06 -4.1278e-06 -3.9028e-06 -3.5665e-06 -3.1296e-06 -2.6166e-06 -2.0650e-06 -1.5213e-06 -1.0321e-06 -6.3459e-07 -3.4676e-07 -1.6451e-07 -6.5881e-08 -2.1525e-08 -5.5063e-09 -1.0493e-09 -1.4021e-10 -1.2205e-11 -6.3282e-13 -1.7513e-14 -2.2616e-16 -1.1554e-18 -1.9051e-21 -7.8798e-25 -5.9810e-29 -5.6430e-34 -4.0657e-40 -1.2131e-47 -6.9277e-57 -2.8467e-68 -2.4217e-82 -8.6532e-100 -1.6662e-121 -1.2103e-148 -1.0366e-182 -1.1106e-225 -3.6640e-280 0.0000e+00 0.0000e+00 0.0000e+00 0.0000e+00 0.0000e+00 0.0000e+00 0.0000e+00 0.0000e+00 0.0000e+00 0.0000e+00 0.0000e+00 0.0000e+00 0.0000e+00 0.0000e+00 0.0000e+00 0.0000e+00 0.0000e+00 0.0000e+00 0.0000e+00 0.0000e+00 0.0000e+00 0.0000e+00 0.0000e+00 0.0000e+00 0.0000e+00 0.0000e+00 0.0000e+00 0.0000e+00 0.0000e+00 0.0000e+00 0.0000e+00 7.8929e-10 4.4692e-09 1.2336e-08 2.5380e-08 4.4466e-08 0.0000e+00 1.0392e-07 1.4581e-07 1.9681e-07 2.5767e-07 3.2919e-07 4.1214e-07 5.0734e-07 6.1562e-07 7.3778e-07 8.7461e-07 1.0268e-06 1.1951e-06 1.3799e-06 1.5813e-06 1.7993e-06 2.0332e-06 2.2814e-06 2.5418e-06 2.8108e-06 3.0833e-06 3.3525e-06 3.6094e-06 3.8427e-06 4.0387e-06 4.1819e-06 4.2553e-06 4.2421e-06 4.1277e-06 3.9028e-06 3.5664e-06 3.1295e-06 2.6165e-06 2.0650e-06 1.5212e-06 1.0321e-06 6.3454e-07 3.4673e-07 1.6450e-07 6.5873e-08 2.1521e-08 5.5052e-09 1.0490e-09 1.4017e-10 1.2201e-11 6.3257e-13 1.7504e-14 2.2603e-16 1.1546e-18 1.9035e-21 7.8719e-25 5.9737e-29 5.6347e-34 4.0585e-40 1.2105e-47 6.9095e-57 2.8376e-68 2.4122e-82 8.6117e-100 1.6564e-121 1.2015e-148 1.0274e-182 1.0983e-225 3.6135e-280 0.0000e+00 0.0000e+00 0.0000e+00 0.0000e+00 0.0000e+00 0.0000e+00 0.0000e+00 0.0000e+00 0.0000e+00 0.0000e+00 0.0000e+00 0.0000e+00 0.0000e+00 0.0000e+00 0.0000e+00 0.0000e+00 0.0000e+00 0.0000e+00 0.0000e+00 0.0000e+00 0.0000e+00 0.0000e+00 0.0000e+00 0.0000e+00 0.0000e+00 0.0000e+00 0.0000e+00 0.0000e+00 0.0000e+00 0.0000e+00 0.0000e+00
-1.1653e-09 -6.5981e-09 -1.8212e-08 -3.7469e-08 -6.5647e-08 -1.0392e-07 6.2483e-07 -2.1527e-07 -2.9055e-07 -3.8041e-07 -4.8599e-07 -6.0846e-07 -7.4902e-07 -9.0886e-07 -1.0892e-06 -1.2912e-06 -1.5160e-06 -1.7644e-06 -2.0372e-06 -2.3346e-06 -2.6564e-06 -3.0017e-06 -3.3682e-06 -3.7526e-06 -4.1498e-06 -4.5521e-06 -4.9495e-06 -5.3287e-06 -5.6732e-06 -5.9626e-06 -6.1741e-06 -6.2825e-06 -6.2630e-06 -6.0941e-06 -5.7621e-06 -5.2655e-06 -4.6205e-06 -3.8631e-06 -3.0489e-06 -2.2461e-06 -1.5239e-06 -9.3698e-07 -5.1201e-07 -2.4292e-07 -9.7283e-08 -3.1785e-08 -8.1315e-09 -1.5496e-09 -2.0708e-10 -1.8028e-11 -9.3482e-13 -2.5874e-14 -3.3418e-16 -1.7076e-18 -2.8161e-21 -1.1651e-24 -8.8465e-29 -8.3499e-34 -6.0189e-40 -1.7970e-47 -1.0269e-56 -4.2235e-68 -3.5968e-82 -1.2869e-99 -2.4822e-121 -1.8067e-148 -1.5515e-182 -1.6676e-225 -5.5246e-280 0.0000e+00 0.0000e+00 0.0000e+00 0.0000e+00 0.0000e+00 0.0000e+00 0.0000e+00 0.0000e+00 0.0000e+00 0.0000e+00 0.0000e+00 0.0000e+00 0.0000e+00 0.0000e+00 0.0000e+00 0.0000e+00 0.0000e+00 0.0000e+00 0.0000e+00 0.0000e+00 0.0000e+00 0.0000e+00 0.0000e+00 0.0000e+00 0.0000e+00 0.0000e+00 0.0000e+00 0.0000e+00 0.0000e+00 0.0000e+00 0.0000e+00 1.1653e-09 6.5981e-09 1.8212e-08 3.7469e-08 6.5647e-08 1.0392e-07 0.0000e+00 2.1527e-07 2.9055e-07 3.8041e-07 4.8599e-07 6.0846e-07 7.4902e-07 9.0886e-07 1.0892e-06 1.2912e-06 1.5160e-06 1.7644e-06 2.0372e-06 2.3346e-06 2.6564e-06 3.0017e-06 3.3682e-06 3.7526e-06 4.1497e-06 4.5521e-06 4.9495e-06 5.3287e-06 5.6731e-06 5.9626e-06 6.1740e-06 6.2823e-06 6.2628e-06 6.0939e-06 5.7618e-06 5.2652e-06 4.6202e-06 3.8628e-06 3.0486e-06 2.2458e-06 1.5237e-06 9.3681e-07 5.1190e-07 2.4285e-07 9.7251e-08 3.1773e-08 8.1276e-09 1.5487e-09 2.0694e-10 1.8013e-11 9.3389e-13 2.5842e-14 3.3370e-16 1.7046e-18 2.8102e-21 1.1622e-24 8.8193e-29 8.3188e-34 5.9917e-40 1.7871e-47 1.0201e-56 4.1893e-68 3.5612e-82 1.2714e-99 2.4454e-121 1.7738e-148 1.5167e-182 1.6214e-225 5.3348e-280 0.0000e+00 0.0000e+00 0.0000e+00 0.0000e+00 0.0000e+00 0.0000e+00 0.0000e+00 0.0000e+00 0.0000e+00 0.0000e+00 0.0000e+00 0.0000e+00 0.0000e+00 0.0000e+00 0.0000e+00 0.0000e+00 0.0000e+00 0.0000e+00 0.0000e+00 0.0000e+00 0.0000e+00 0.0000e+00 0.0000e+00 0.0000e+00 0.0000e+00 0.0000e+00 0.0000e+00 0.0000e+00 0.0000e+00 0.0000e+00 0.0000e+00
-1.6349e-09 -9.2576e-09 -2.5552e-08 -5.2572e-08 -9.2107e-08 -1.4581e-07 -2.1527e-07 1.4025e-06 -4.0767e-07 -5.3374e-07 -6.8188e-07 -8.5371e-07 -1.0509e-06 -1.2752e-06 -1.5282e-06 -1.8117e-06 -2.1270e-06 -2.4756e-06 -2.8583e-06 -3.2756e-06 -3.7272e-06 -4.2115e-06 -4.7258e-06 -5.2652e-06 -5.8224e-06 -6.3869e-06 -6.9445e-06 -7.4767e-06 -7.9599e-06 -8.3661e-06 -8.6628e-06 -8.8150e-06 -8.7877e-06 -8.5508e-06 -8.0850e-06 -7.3884e-06 -6.4834e-06 -5.4208e-06 -4.2784e-06 -3.1519e-06 -2.1386e-06 -1.3149e-06 -7.1858e-07 -3.4095e-07 -1.3655e-07 -4.4619e-08 -1.1416e-08 -2.1758e-09 -2.9079e-10 -2.5321e-11 -1.3132e-12 -3.6357e-14 -4.6973e-16 -2.4011e-18 -3.9616e-21 -1.6399e-24 -1.2460e-28 -1.1770e-33 -8.4924e-40 -2.5385e-47 -1.4528e-56 -5.9858e-68 -5.1088e-82 -1.8329e-99 -3.5472e-121 -2.5928e-148 -2.2382e-182 -2.4213e-225 -8.0869e-280 0.0000e+00 0.0000e+00 0.0000e+00 0.0000e+00 0.0000e+00 0.0000e+00 0.0000e+00 0.0000e+00 0.0000e+00 0.0000e+00 0.0000e+00 0.0000e+00 0.0000e+00 0.0000e+00 0.0000e+00 0.0000e+00 0.0000e+00 0.0000e+00 0.0000e+00 0.0000e+00 0.0000e+00 0.0000e+00 0.0000e+00 0.0000e+00 0.0000e+00 0.0000e+00 0.0000e+00 0.0000e+00 0.0000e+00 0.0000e+00 0.0000e+00 1.6349e-09 9.2576e-09 2.5552e-08 5.2572e-08 9.2107e-08 1.4581e-07 2.1527e-07 0.0000e+00 4.0767e-07 5.3374e-07 6.8188e-07 8.5371e-07 1.0509e-06 1.2752e-06 1.5282e-06 1.8117e-06 2.1270e-06 2.4756e-06 2.8583e-06 3.2756e-06 3.7272e-06 4.2115e-06 4.7258e-06 5.2652e-06 5.8224e-06 6.3868e-06 6.9444e-06 7.4765e-06 7.9597e-06 8.3659e-06 8.6625e-06 8.8145e-06 8.7871e-06 8.5501e-06 8.0842e-06 7.3875e-06 6.4824e-06 5.4198e-06 4.2774e-06 3.1511e-06 2.1379e-06 1.3144e-06 7.1822e-07 3.4074e-07 1.3645e-07 4.4579e-08 1.1404e-08 2.1730e-09 2.9035e-10 2.5274e-11 1.3103e-12 3.6259e-14 4.6820e-16 2.3917e-18 3.9429e-21 1.6306e-24 1.2374e-28 1.1672e-33 8.4068e-40 2.5074e-47 1.4312e-56 5.8779e-68 4.9966e-82 1.7838e-99 3.4311e-121 2.4888e-148 2.1280e-182 2.2748e-225 7.4846e-280 0.0000e+00 0.0000e+00 0.0000e+00 0.0000e+00 0.0000e+00 0.0000e+00 0.0000e+00 0.0000e+00 0.0000e+00 0.0000e+00 0.0000e+00 0.0000e+00 0.0000e+00 0.0000e+00 0.0000e+00 0.0000e+00 0.0000e+00 0.0000e+00 0.0000e+00 0.0000e+00 0.0000e+00 0.0000e+00 0.0000e+00 0.0000e+00 0.0000e+00 0.0000e+00 0.0000e+00 0.0000e+00 0.0000e+00 0.0000e+00 0.0000e+00
-2.2068e-09 -1.2495e-08 -3.4489e-08 -7.0959e-08 -1.2432e-07 -1.9681e-07 -2.9055e-07 -4.0767e-07 2.8668e-06 -7.2042e-07 -9.2036e-07 -1.1523e-06 -1.4185e-06 -1.7212e-06 -2.0627e-06 -2.4453e-06 -2.8709e-06 -3.3414e-06 -3.8580e-06 -4.4212e-06 -5.0307e-06 -5.6845e-06 -6.3787e-06 -7.1068e-06 -7.8588e-06 -8.6208e-06 -9.3735e-06 -1.0092e-05 -1.0744e-05 -1.1293e-05 -1.1693e-05 -1.1899e-05 -1.1862e-05 -1.1542e-05 -1.0914e-05 -9.9737e-06 -8.7523e-06 -7.3181e-06 -5.7761e-06 -4.2555e-06 -2.8876e-06 -1.7756e-06 -9.7041e-07 -4.6048e-07 -1.8445e-07 -6.0279e-08 -1.5425e-08 -2.9407e-09 -3.9313e-10 -3.4243e-11 -1.7767e-12 -4.9210e-14 -6.3616e-16 -3.2542e-18 -5.3735e-21 -2.2267e-24 -1.6939e-28 -1.6025e-33 -1.1584e-39 -3.4701e-47 -1.9914e-56 -8.2323e-68 -7.0548e-82 -2.5438e-99 -4.9533e-121 -3.6480e-148 -3.1786e-182 -3.4786e-225 -1.1785e-279 0.0000e+00 0.0000e+00 0.0000e+00 0.0000e+00 0.0000e+00 0.0000e+00 0.0000e+00 0.0000e+00 0.0000e+00 0.0000e+00 0.0000e+00 0.0000e+00 0.0000e+00 0.0000e+00 0.0000e+00 0.0000e+00 0.0000e+00 0.0000e+00 0.0000e+00 0.0000e+00 0.0000e+00 0.0000e+00 0.0000e+00 0.0000e+00 0.0000e+00 0.0000e+00 0.0000e+00 0.0000e+00 0.0000e+00 0.0000e+00 0.0000e+00 2.2068e-09 1.2495e-08 3.4489e-08 7.0959e-08 1.2432e-07 1.9681e-07 2.9055e-07 4.0767e-07 0.0000e+00 7.2042e-07 9.2036e-07 1.1523e-06 1.4185e-06 1.7212e-06 2.0627e-06 2.4453e-06 2.8709e-06 3.3414e-06 3.8580e-06 4.4212e-06 5.0307e-06 5.6845e-06 6.3786e-06 7.1067e-06 7.8587e-06 8.6206e-06 9.3732e-06 1.0091e-05 1.0744e-05 1.1292e-05 1.1692e-05 1.1897e-05 1.1860e-05 1.1541e-05 1.0912e-05 9.9712e-06 8.7496e-06 7.3153e-06 5.7734e-06 4.2531e-06 2.8856e-06 1.7741e-06 9.6942e-07 4.5991e-07 1.8417e-07 6.0171e-08 1.5392e-08 2.9330e-09 3.9189e-10 3.4113e-11 1.7686e-12 4.8940e-14 6.3195e-16 3.2282e-18 5.3219e-21 2.2009e-24 1.6702e-28 1.5754e-33 1.1347e-39 3.3844e-47 1.9318e-56 7.9335e-68 6.7441e-82 2.4077e-99 4.6309e-121 3.3590e-148 2.8720e-182 3.0700e-225 1.0100e-279 0.0000e+00 0.0000e+00 0.0000e+00 0.0000e+00 0.0000e+00 0.0000e+00 0.0000e+00 0.0000e+00 0.0000e+00 0.0000e+00 0.0000e+00 0.0000e+00 0.0000e+00 0.0000e+00 0.0000e+00 0.0000e+00 0.0000e+00 0.0000e+00 0.0000e+00 0.0000e+00 0.0000e+00 0.0000e+00 0.0000e+00 0.0000e+00 0.0000e+00 0.0000e+00 0.0000e+00 0.0000e+00 0.0000e+00 0.0000e+00 0.0000e+00
-2.8892e-09 -1.6360e-08 -4.5155e-08 -9.2904e-08 -1.6277e-07 -2.5767e-07 -3.8041e-07 -5.3374e-07 -7.2042e-07 5.4448e-06 -1.2050e-06 -1.5087e-06 -1.8572e-06 -2.2535e-06 -2.7007e-06 -3.2016e-06 -3.7588e-06 -4.3748e-06 -5.0512e-06 -5.7886e-06 -6.5866e-06 -7.4426e-06 -8.3515e-06 -9.3048e-06 -1.0290e-05 -1.1287e-05 -1.2273e-05 -1.3213e-05 -1.4068e-05 -1.4786e-05 -1.5311e-05 -1.5580e-05 -1.5532e-05 -1.5114e-05 -1.4292e-05 -1.3061e-05 -1.1462e-05 -9.5847e-06 -7.5656e-06 -5.5745e-06 -3.7829e-06 -2.3265e-06 -1.2717e-06 -6.0356e-07 -2.4181e-07 -7.9049e-08 -2.0235e-08 -3.8592e-09 -5.1617e-10 -4.4986e-11 -2.3357e-12 -6.4749e-14 -8.3788e-16 -4.2912e-18 -7.0964e-21 -2.9458e-24 -2.2458e-28 -2.1301e-33 -1.5446e-39 -4.6451e-47 -2.6781e-56 -1.1134e-67 -9.6074e-82 -3.4934e-99 -6.8723e-121 -5.1248e-148 -4.5336e-182 -5.0535e-225 -1.7505e-279 0.0000e+00 0.0000e+00 0.0000e+00 0.0000e+00 0.0000e+00 0.0000e+00 0.0000e+00 0.0000e+00 0.0000e+00 0.0000e+00 0.0000e+00 0.0000e+00 0.0000e+00 0.0000e+00 0.0000e+00 0.0000e+00 0.0000e+00 0.0000e+00 0.0000e+00 0.0000e+00 0.0000e+00 0.0000e+00 0.0000e+00 0.0000e+00 0.0000e+00 0.0000e+00 0.0000e+00 0.0000e+00 0.0000e+00 0.0000e+00 0.0000e+00 2.8892e-09 1.6360e-08 4.5155e-08 9.2904e-08 1.6277e-07 2.5767e-07 3.8041e-07 5.3374e-07 7.2042e-07 0.0000e+00 1.2050e-06 1.5087e-06 1.8572e-06 2.2535e-06 2.7007e-06 3.2015e-06 3.7588e-06 4.3748e-06 5.0511e-06 5.7886e-06 6.5865e-06 7.4425e-06 8.3514e-06 9.3045e-06 1.0289e-05 1.1287e-05 1.2272e-05 1.3212e-05 1.4066e-05 1.4784e-05 1.5308e-05 1.5577e-05 1.5528e-05 1.5110e-05 1.4286e-05 1.3055e-05 1.1456e-05 9.5778e-06 7.5589e-06 5.5685e-06 3.7780e-06 2.3228e-06 1.2692e-06 6.0215e-07 2.4113e-07 7.8780e-08 2.0152e-08 3.8401e-09 5.1309e-10 4.4663e-11 2.3155e-12 6.4075e-14 8.2739e-16 4.2266e-18 6.9678e-21 2.8815e-24 2.1867e-28 2.0626e-33 1.4856e-39 4.4310e-47 2.5292e-56 1.0387e-67 8.8293e-82 3.1520e-99 6.0623e-121 4.3970e-148 3.7591e-182 4.0176e-225 1.3214e-279 0.0000e+00 0.0000e+00 0.0000e+00 0.0000e+00 0.0000e+00 0.0000e+00 0.0000e+00 0.0000e+00 0.0000e+00 0.0000e+00 0.0000e+00 0.0000e+00 0.0000e+00 0.0000e+00 0.0000e+00 0.0000e+00 0.0000e+00 0.0000e+00 0.0000e+00 0.0000e+00 0.0000e+00 0.0000e+00 0.0000e+00 0.0000e+00 0.0000e+00 0.0000e+00 0.0000e+00 0.0000e+00 0.0000e+00 0.0000e+00 0.0000e+00
-3.6911e-09 -2.0900e-08 -5.7687e-08 -1.1869e-07 -2.0794e-07 -3.2919e-07 -4.8599e-07 -6.8188e-07 -9.2036e-07 -1.2050e-06 9.7455e-06 -1.9274e-06 -2.3726e-06 -2.8789e-06 -3.4502e-06 -4.0901e-06 -4.8020e-06 -5.5890e-06 -6.4531e-06 -7.3952e-06 -8.4147e-06 -9.5083e-06 -1.0670e-05 -1.1887e-05 -1.3146e-05 -1.4420e-05 -1.5680e-05 -1.6882e-05 -1.7973e-05 -1.8891e-05 -1.9562e-05 -1.9907e-05 -1.9847e-05 -1.9314e-05 -1.8264e-05 -1.6693e-05 -1.4650e-05 -1.2252e-05 -9.6720e-06 -7.1277e-06 -4.8378e-06 -2.9759e-06 -1.6271e-06 -7.7249e-07 -3.0961e-07 -1.0126e-07 -2.5935e-08 -4.9495e-09 -6.6254e-10 -5.7798e-11 -3.0044e-12 -8.3400e-14 -1.0810e-15 -5.5477e-18 -9.1964e-21 -3.8287e-24 -2.9291e-28 -2.7900e-33 -2.0335e-39 -6.1530e-47 -3.5739e-56 -1.4992e-67 -1.3077e-81 -4.8173e-99 -9.6258e-121 -7.3134e-148 -6.6153e-182 -7.5711e-225 -2.7054e-279 0.0000e+00 0.0000e+00 0.0000e+00 0.0000e+00 0.0000e+00 0.0000e+00 0.0000e+00 0.0000e+00 0.0000e+00 0.0000e+00 0.0000e+00 0.0000e+00 0.0000e+00 0.0000e+00 0.0000e+00 0.0000e+00 0.0000e+00 0.0000e+00 0.0000e+00 0.0000e+00 0.0000e+00 0.0000e+00 0.0000e+00 0.0000e+00 0.0000e+00 0.0000e+00 0.0000e+00 0.0000e+00 0.0000e+00 0.0000e+00 0.0000e+00 3.6911e-09 2.0900e-08 5.7687e-08 1.1869e-07 2.0794e-07 3.2919e-07 4.8599e-07 6.8188e-07 9.2036e-07 1.2050e-06 0.0000e+00 1.9274e-06 2.3726e-06 2.8789e-06 3.4502e-06 4.0901e-06 4.8020e-06 5.5889e-06 6.4530e-06 7.3951e-06 8.4145e-06 9.5081e-06 1.0669e-05 1.1887e-05 1.3145e-05 1.4419e-05 1.5678e-05 1.6879e-05 1.7970e-05 1.8887e-05 1.9557e-05 1.9900e-05 1.9838e-05 1.9303e-05 1.8251e-05 1.6678e-05 1.4635e-05 1.2236e-05 9.6568e-06 7.1140e-06 4.8265e-06 2.9674e-06 1.6215e-06 7.6927e-07 3.0805e-07 1.0064e-07 2.5745e-08 4.9058e-09 6.5549e-10 5.7059e-11 2.9582e-12 8.1858e-14 1.0570e-15 5.3996e-18 8.9015e-21 3.6812e-24 2.7935e-28 2.6350e-33 1.8978e-39 5.6605e-47 3.2308e-56 1.3268e-67 1.1278e-81 4.0257e-99 7.7417e-121 5.6139e-148 4.7979e-182 5.1252e-225 1.6843e-279 0.0000e+00 0.0000e+00 0.0000e+00 0.0000e+00 0.0000e+00 0.0000e+00 0.0000e+00 0.0000e+00 0.0000e+00 0.0000e+00 0.0000e+00 0.0000e+00 0.0000e+00 0.0000e+00 0.0000e+00 0.0000e+00 0.0000e+00 0.0000e+00 0.0000e+00 0.0000e+00 0.0000e+00 0.0000e+00 0.0000e+00 0.0000e+00 0.0000e+00 0.0000e+00 0.0000e+00 0.0000e+00 0.0000e+00 0.0000e+00 0.0000e+00
-4.6212e-09 -2.6167e-08 -7.2224e-08 -1.4860e-07 -2.6034e-07 -4.1214e-07 -6.0846e-07 -8.5371e-07 -1.1523e-06 -1.5087e-06 -1.9274e-06 1.6613e-05 -2.9705e-06 -3.6044e-06 -4.3197e-06 -5.1208e-06 -6.0122e-06 -6.9974e-06 -8.0793e-06 -9.2589e-06 -1.0535e-05 -1.1905e-05 -1.3359e-05 -1.4884e-05 -1.6459e-05 -1.8055e-05 -1.9633e-05 -2.1138e-05 -2.2506e-05 -2.3656e-05 -2.4497e-05 -2.4930e-05 -2.4856e-05 -2.4191e-05 -2.2878e-05 -2.0912e-05 -1.8356e-05 -1.5353e-05 -1.2123e-05 -8.9360e-06 -6.0670e-06 -3.7333e-06 -2.0421e-06 -9.6999e-07 -3.8901e-07 -1.2732e-07 -3.2639e-08 -6.2354e-09 -8.3572e-10 -7.3017e-11 -3.8024e-12 -1.0578e-13 -1.3748e-15 -7.0773e-18 -1.1776e-20 -4.9250e-24 -3.7882e-28 -3.6319e-33 -2.6678e-39 -8.1476e-47 -4.7853e-56 -2.0341e-67 -1.8024e-81 -6.7638e-99 -1.3813e-120 -1.0767e-147 -1.0032e-181 -1.1882e-224 -4.4156e-279 0.0000e+00 0.0000e+00 0.0000e+00 0.0000e+00 0.0000e+00 0.0000e+00 0.0000e+00 0.0000e+00 0.0000e+00 0.0000e+00 0.0000e+00 0.0000e+00 0.0000e+00 0.0000e+00 0.0000e+00 0.0000e+00 0.0000e+00 0.0000e+00 0.0000e+00 0.0000e+00 0.0000e+00 0.0000e+00 0.0000e+00 0.0000e+00 0.0000e+00 0.0000e+00 0.0000e+00 0.0000e+00 0.0000e+00 0.0000e+00 0.0000e+00 4.6212e-09 2.6167e-08 7.2224e-08 1.4860e-07 2.6034e-07 4.1214e-07 6.0846e-07 8.5371e-07 1.1523e-06 1.5087e-06 1.9274e-06 0.0000e+00 2.9705e-06 3.6044e-06 4.3196e-06 5.1208e-06 6.0121e-06 6.9973e-06 8.0791e-06 9.2587e-06 1.0535e-05 1.1904e-05 1.3358e-05 1.4882e-05 1.6457e-05 1.8053e-05 1.9629e-05 2.1133e-05 2.2499e-05 2.3647e-05 2.4485e-05 2.4915e-05 2.4837e-05 2.4167e-05 2.2850e-05 2.0881e-05 1.8323e-05 1.5319e-05 1.2090e-05 8.9067e-06 6.0428e-06 3.7152e-06 2.0301e-06 9.6312e-07 3.8568e-07 1.2601e-07 3.2233e-08 6.1421e-09 8.2068e-10 7.1437e-11 3.7036e-12 1.0249e-13 1.3234e-15 6.7602e-18 1.1144e-20 4.6087e-24 3.4973e-28 3.2988e-33 2.3759e-39 7.0858e-47 4.0441e-56 1.6606e-67 1.4113e-81 5.0365e-99 9.6817e-121 7.0164e-148 5.9910e-182 6.3901e-225 2.0950e-279 0.0000e+00 0.0000e+00 0.0000e+00 0.0000e+00 0.0000e+00 0.0000e+00 0.0000e+00 0.0000e+00 0.0000e+00 0.0000e+00 0.0000e+00 0.0000e+00 0.0000e+00 0.0000e+00 0.0000e+00 0.0000e+00 0.0000e+00 0.0000e+00 0.0000e+00 0.0000e+00 0.0000e+00 0.0000e+00 0.0000e+00 0.0000e+00 0.0000e+00 0.0000e+00 0.0000e+00 0.0000e+00 0.0000e+00 0.0000e+00 0.0000e+00
-5.6888e-09 -3.2212e-08 -8.8908e-08 -1.8292e-07 -3.2048e-07 -5.0734e-07 -7.4902e-07 -1.0509e-06 -1.4185e-06 -1.8572e-06 -2.3726e-06 -2.9705e-06 2.7187e-05 -4.4371e-06 -5.3175e-06 -6.3038e-06 -7.4010e-06 -8.6139e-06 -9.9457e-06 -1.1398e-05 -1.2969e-05 -1.4655e-05 -1.6445e-05 -1.8323e-05 -2.0263e-05 -2.2228e-05 -2.4171e-05 -2.6025e-05 -2.7710e-05 -2.9128e-05 -3.0165e-05 -3.0701e-05 -3.0613e-05 -2.9797e-05 -2.8184e-05 -2.5766e-05 -2.2622e-05 -1.8926e-05 -1.4949e-05 -1.1023e-05 -7.4874e-06 -4.6098e-06 -2.5232e-06 -1.1995e-06 -4.8149e-07 -1.5776e-07 -4.0498e-08 -7.7492e-09 -1.0406e-09 -9.1129e-11 -4.7586e-12 -1.3282e-13 -1.7330e-15 -8.9634e-18 -1.4999e-20 -6.3146e-24 -4.8958e-28 -4.7383e-33 -3.5195e-39 -1.0892e-46 -6.4969e-56 -2.8122e-67 -2.5451e-81 -9.7875e-99 -2.0559e-120 -1.6547e-147 -1.5989e-181 -1.9727e-224 -7.6744e-279 0.0000e+00 0.0000e+00 0.0000e+00 0.0000e+00 0.0000e+00 0.0000e+00 0.0000e+00 0.0000e+00 0.0000e+00 0.0000e+00 0.0000e+00 0.0000e+00 0.0000e+00 0.0000e+00 0.0000e+00 0.0000e+00 0.0000e+00 0.0000e+00 0.0000e+00 0.0000e+00 0.0000e+00 0.0000e+00 0.0000e+00 0.0000e+00 0.0000e+00 0.0000e+00 0.0000e+00 0.0000e+00 0.0000e+00 0.0000e+00 0.0000e+00 5.6888e-09 3.2212e-08 8.8908e-08 1.8292e-07 3.2048e-07 5.0734e-07 7.4902e-07 1.0509e-06 1.4185e-06 1.8572e-06 2.3726e-06 2.9705e-06 0.0000e+00 4.4370e-06 5.3175e-06 6.3037e-06 7.4009e-06 8.6137e-06 9.9454e-06 1.1397e-05 1.2969e-05 1.4654e-05 1.6443e-05 1.8320e-05 2.0259e-05 2.2223e-05 2.4163e-05 2.6014e-05 2.7696e-05 2.9109e-05 3.0141e-05 3.0670e-05 3.0575e-05 2.9750e-05 2.8129e-05 2.5705e-05 2.2556e-05 1.8858e-05 1.4883e-05 1.0964e-05 7.4387e-06 4.5734e-06 2.4991e-06 1.1856e-06 4.7477e-07 1.5511e-07 3.9679e-08 7.5608e-09 1.0102e-09 8.7939e-11 4.5591e-12 1.2616e-13 1.6290e-15 8.3215e-18 1.3718e-20 5.6729e-24 4.3047e-28 4.0601e-33 2.9239e-39 8.7193e-47 4.9755e-56 2.0425e-67 1.7351e-81 6.1880e-99 1.1883e-120 8.5982e-148 7.3230e-182 7.7791e-225 2.5333e-279 0.0000e+00 0.0000e+00 0.0000e+00 0.0000e+00 0.0000e+00 0.0000e+00 0.0000e+00 0.0000e+00 0.0000e+00 0.0000e+00 0.0000e+00 0.0000e+00 0.0000e+00 0.0000e+00 0.0000e+00 0.0000e+00 0.0000e+00 0.0000e+00 0.0000e+00 0.0000e+00 0.0000e+00 0.0000e+00 0.0000e+00 0.0000e+00 0.0000e+00 0.0000e+00 0.0000e+00 0.0000e+00 0.0000e+00 0.0000e+00 0.0000e+00
-6.9028e-09 -3.9086e-08 -1.0788e-07 -2.2196e-07 -3.8888e-07 -6.1562e-07 -9.0886e-07 -1.2752e-06 -1.7212e-06 -2.2535e-06 -2.8789e-06 -3.6044e-06 -4.4371e-06 4.2978e-05 -6.4524e-06 -7.6491e-06 -8.9806e-06 -1.0452e-05 -1.2068e-05 -1.3831e-05 -1.5738e-05 -1.7784e-05 -1.9956e-05 -2.2235e-05 -2.4590e-05 -2.6976e-05 -2.9334e-05 -3.1586e-05 -3.3634e-05 -3.5357e-05 -3.6620e-05 -3.7275e-05 -3.7174e-05 -3.6189e-05 -3.4237e-05 -3.1309e-05 -2.7497e-05 -2.3013e-05 -1.8186e-05 -1.3417e-05 -9.1198e-06 -5.6194e-06 -3.0787e-06 -1.4652e-06 -5.8899e-07 -1.9331e-07 -4.9720e-08 -9.5365e-09 -1.2843e-09 -1.1284e-10 -5.9163e-12 -1.6593e-13 -2.1772e-15 -1.1337e-17 -1.9122e-20 -8.1264e-24 -6.3705e-28 -6.2458e-33 -4.7100e-39 -1.4834e-46 -9.0296e-56 -4.0005e-67 -3.7177e-81 -1.4732e-98 -3.2005e-120 -2.6746e-147 -2.6946e-181 -3.4817e-224 -1.4254e-278 0.0000e+00 0.0000e+00 0.0000e+00 0.0000e+00 0.0000e+00 0.0000e+00 0.0000e+00 0.0000e+00 0.0000e+00 0.0000e+00 0.0000e+00 0.0000e+00 0.0000e+00 0.0000e+00 0.0000e+00 0.0000e+00 0.0000e+00 0.0000e+00 0.0000e+00 0.0000e+00 0.0000e+00 0.0000e+00 0.0000e+00 0.0000e+00 0.0000e+00 0.0000e+00 0.0000e+00 0.0000e+00 0.0000e+00 0.0000e+00 0.0000e+00 6.9028e-09 3.9086e-08 1.0788e-07 2.2196e-07 3.8888e-07 6.1562e-07 9.0886e-07 1.2752e-06 1.7212e-06 2.2535e-06 2.8789e-06 3.6044e-06 4.4370e-06 0.0000e+00 6.4523e-06 7.6490e-06 8.9804e-06 1.0452e-05 1.2068e-05 1.3830e-05 1.5736e-05 1.7781e-05 1.9953e-05 2.2230e-05 2.4582e-05 2.6966e-05 2.9320e-05 3.1566e-05 3.3606e-05 3.5321e-05 3.6573e-05 3.7215e-05 3.7100e-05 3.6099e-05 3.4132e-05 3.1190e-05 2.7369e-05 2.2883e-05 1.8059e-05 1.3304e-05 9.0262e-06 5.5495e-06 3.0324e-06 1.4386e-06 5.7610e-07 1.8822e-07 4.8146e-08 9.1743e-09 1.2258e-09 1.0670e-10 5.5319e-12 1.5307e-13 1.9766e-15 1.0096e-17 1.6643e-20 6.8822e-24 5.2219e-28 4.9245e-33 3.5457e-39 1.0570e-46 6.0290e-56 2.4732e-67 2.0988e-81 7.4730e-99 1.4314e-120 1.0315e-147 8.7279e-182 9.1709e-225 2.9312e-279 0.0000e+00 0.0000e+00 0.0000e+00 0.0000e+00 0.0000e+00 0.0000e+00 0.0000e+00 0.0000e+00 0.0000e+00 0.0000e+00 0.0000e+00 0.0000e+00 0.0000e+00 0.0000e+00 0.0000e+00 0.0000e+00 0.0000e+00 0.0000e+00 0.0000e+00 0.0000e+00 0.0000e+00 0.0000e+00 0.0000e+00 0.0000e+00 0.0000e+00 0.0000e+00 0.0000e+00 0.0000e+00 0.0000e+00 0.0000e+00 0.0000e+00
-8.2725e-09 -4.6842e-08 -1.2929e-07 -2.6601e-07 -4.6605e-07 -7.3778e-07 -1.0892e-06 -1.5282e-06 -2.0627e-06 -2.7007e-06 -3.4502e-06 -4.3197e-06 -5.3175e-06 -6.4524e-06 6.5957e-05 -9.1670e-06 -1.0763e-05 -1.2527e-05 -1.4464e-05 -1.6576e-05 -1.8862e-05 -2.1314e-05 -2.3918e-05 -2.6650e-05 -2.9474e-05 -3.2335e-05 -3.5164e-05 -3.7867e-05 -4.0325e-05 -4.2396e-05 -4.3917e-05 -4.4710e-05 -4.4598e-05 -4.3428e-05 -4.1098e-05 -3.7597e-05 -3.3035e-05 -2.7664e-05 -2.1875e-05 -1.6153e-05 -1.0990e-05 -6.7793e-06 -3.7194e-06 -1.7731e-06 -7.1418e-07 -2.3495e-07 -6.0603e-08 -1.1663e-08 -1.5769e-09 -1.3922e-10 -7.3405e-12 -2.0724e-13 -2.7407e-15 -1.4403e-17 -2.4557e-20 -1.0568e-23 -8.4065e-28 -8.3818e-33 -6.4439e-39 -2.0746e-46 -1.2947e-55 -5.8986e-67 -5.6553e-81 -2.3200e-98 -5.2364e-120 -4.5638e-147 -4.8154e-181 -6.5472e-224 -2.8359e-278 0.0000e+00 0.0000e+00 0.0000e+00 0.0000e+00 0.0000e+00 0.0000e+00 0.0000e+00 0.0000e+00 0.0000e+00 0.0000e+00 0.0000e+00 0.0000e+00 0.0000e+00 0.0000e+00 0.0000e+00 0.0000e+00 0.0000e+00 0.0000e+00 0.0000e+00 0.0000e+00 0.0000e+00 0.0000e+00 0.0000e+00 0.0000e+00 0.0000e+00 0.0000e+00 0.0000e+00 0.0000e+00 0.0000e+00 0.0000e+00 0.0000e+00 8.2725e-09 4.6842e-08 1.2929e-07 2.6601e-07 4.6605e-07 7.3778e-07 1.0892e-06 1.5282e-06 2.0627e-06 2.7007e-06 3.4502e-06 4.3196e-06 5.3175e-06 6.4523e-06 0.0000e+00 9.1668e-06 1.0762e-05 1.2526e-05 1.4463e-05 1.6574e-05 1.8859e-05 2.1310e-05 2.3912e-05 2.6641e-05 2.9460e-05 3.2316e-05 3.5138e-05 3.7830e-05 4.0275e-05 4.2330e-05 4.3831e-05 4.4600e-05 4.4461e-05 4.3262e-05 4.0905e-05 3.7380e-05 3.2800e-05 2.7423e-05 2.1643e-05 1.5944e-05 1.0817e-05 6.6506e-06 3.6341e-06 1.7241e-06 6.9041e-07 2.2556e-07 5.7699e-08 1.0995e-08 1.4690e-09 1.2787e-10 6.6292e-12 1.8343e-13 2.3684e-15 1.2097e-17 1.9940e-20 8.2442e-24 6.2540e-28 5.8960e-33 4.2433e-39 1.2641e-46 7.2024e-56 2.9498e-67 2.4970e-81 8.8558e-99 1.6857e-120 1.2024e-147 1.0001e-181 1.0198e-224 3.0831e-279 0.0000e+00 0.0000e+00 0.0000e+00 0.0000e+00 0.0000e+00 0.0000e+00 0.0000e+00 0.0000e+00 0.0000e+00 0.0000e+00 0.0000e+00 0.0000e+00 0.0000e+00 0.0000e+00 0.0000e+00 0.0000e+00 0.0000e+00 0.0000e+00 0.0000e+00 0.0000e+00 0.0000e+00 0.0000e+00 0.0000e+00 0.0000e+00 0.0000e+00 0.0000e+00 0.0000e+00 0.0000e+00 0.0000e+00 0.0000e+00 0.0000e+00
-9.8068e-09 -5.5529e-08 -1.5327e-07 -3.1534e-07 -5.5248e-07 -8.7461e-07 -1.2912e-06 -1.8117e-06 -2.4453e-06 -3.2016e-06 -4.0901e-06 -5.1208e-06 -6.3038e-06 -7.6491e-06 -9.1670e-06 9.8655e-05 -1.2759e-05 -1.4850e-05 -1.7147e-05 -1.9651e-05 -2.2361e-05 -2.5269e-05 -2.8358e-05 -3.1598e-05 -3.4948e-05 -3.8344e-05 -4.1702e-05 -4.4911e-05 -4.7833e-05 -5.0298e-05 -5.2113e-05 -5.3067e-05 -5.2950e-05 -5.1579e-05 -4.8834e-05 -4.4699e-05 -3.9300e-05 -3.2936e-05 -2.6069e-05 -1.9271e-05 -1.3129e-05 -8.1126e-06 -4.4596e-06 -2.1310e-06 -8.6071e-07 -2.8410e-07 -7.3568e-08 -1.4224e-08 -1.9339e-09 -1.7184e-10 -9.1297e-12 -2.6007e-13 -3.4753e-15 -1.8485e-17 -3.1960e-20 -1.3976e-23 -1.1322e-27 -1.1526e-32 -9.0700e-39 -2.9972e-46 -1.9254e-55 -9.0570e-67 -8.9937e-81 -3.8341e-98 -9.0256e-120 -8.2374e-147 -9.1443e-181 -1.3152e-223 -6.0665e-278 0.0000e+00 0.0000e+00 0.0000e+00 0.0000e+00 0.0000e+00 0.0000e+00 0.0000e+00 0.0000e+00 0.0000e+00 0.0000e+00 0.0000e+00 0.0000e+00 0.0000e+00 0.0000e+00 0.0000e+00 0.0000e+00 0.0000e+00 0.0000e+00 0.0000e+00 0.0000e+00 0.0000e+00 0.0000e+00 0.0000e+00 0.0000e+00 0.0000e+00 0.0000e+00 0.0000e+00 0.0000e+00 0.0000e+00 0.0000e+00 0.0000e+00 9.8068e-09 5.5529e-08 1.5327e-07 3.1534e-07 5.5248e-07 8.7461e-07 1.2912e-06 1.8117e-06 2.4453e-06 3.2015e-06 4.0901e-06 5.1208e-06 6.3037e-06 7.6490e-06 9.1668e-06 0.0000e+00 1.2758e-05 1.4849e-05 1.7145e-05 1.9648e-05 2.2356e-05 2.5262e-05 2.8347e-05 3.1582e-05 3.4924e-05 3.8310e-05 4.1654e-05 4.4846e-05 4.7745e-05 5.0181e-05 5.1960e-05 5.2872e-05 5.2707e-05 5.1286e-05 4.8491e-05 4.4312e-05 3.8883e-05 3.2509e-05 2.5657e-05 1.8901e-05 1.2823e-05 7.8840e-06 4.3081e-06 2.0438e-06 8.1844e-07 2.6739e-07 6.8398e-08 1.3033e-08 1.7414e-09 1.5157e-10 7.8575e-12 2.1741e-13 2.8068e-15 1.4335e-17 2.3622e-20 9.7637e-24 7.4033e-28 6.9747e-33 5.0144e-39 1.4915e-46 8.4778e-56 3.4593e-67 2.9113e-81 1.0229e-98 1.9173e-120 1.3320e-147 1.0564e-181 9.8082e-225 2.3816e-279 0.0000e+00 0.0000e+00 0.0000e+00 0.0000e+00 0.0000e+00 0.0000e+00 0.0000e+00 0.0000e+00 0.0000e+00 0.0000e+00 0.0000e+00 0.0000e+00 0.0000e+00 0.0000e+00 0.0000e+00 0.0000e+00 0.0000e+00 0.0000e+00 0.0000e+00 0.0000e+00 0.0000e+00 0.0000e+00 0.0000e+00 0.0000e+00 0.0000e+00 0.0000e+00 0.0000e+00 0.0000e+00 0.0000e+00 0.0000e+00 0.0000e+00
-1.1514e-08 -6.5195e-08 -1.7995e-07 -3.7023e-07 -6.4865e-07 -1.0268e-06 -1.5160e-06 -2.1270e-06 -2.8709e-06 -3.7588e-06 -4.8020e-06 -6.0122e-06 -7.4010e-06 -8.9806e-06 -1.0763e-05 -1.2759e-05 1.4429e-04 -1.7436e-05 -2.0132e-05 -2.3073e-05 -2.6256e-05 -2.9672e-05 -3.3300e-05 -3.7107e-05 -4.1044e-05 -4.5036e-05 -4.8986e-05 -5.2764e-05 -5.6207e-05 -5.9117e-05 -6.1268e-05 -6.2410e-05 -6.2299e-05 -6.0717e-05 -5.7521e-05 -5.2689e-05 -4.6368e-05 -3.8902e-05 -3.0831e-05 -2.2828e-05 -1.5582e-05 -9.6496e-06 -5.3188e-06 -2.5497e-06 -1.0337e-06 -3.4275e-07 -8.9227e-08 -1.7360e-08 -2.3775e-09 -2.1308e-10 -1.1434e-11 -3.2946e-13 -4.4614e-15 -2.4093e-17 -4.2379e-20 -1.8897e-23 -1.5647e-27 -1.6320e-32 -1.3193e-38 -4.4904e-46 -2.9795e-55 -1.4519e-66 -1.4983e-80 -6.6611e-98 -1.6418e-119 -1.5763e-146 -1.8510e-180 -2.8350e-223 -1.4037e-277 0.0000e+00 0.0000e+00 0.0000e+00 0.0000e+00 0.0000e+00 0.0000e+00 0.0000e+00 0.0000e+00 0.0000e+00 0.0000e+00 0.0000e+00 0.0000e+00 0.0000e+00 0.0000e+00 0.0000e+00 0.0000e+00 0.0000e+00 0.0000e+00 0.0000e+00 0.0000e+00 0.0000e+00 0.0000e+00 0.0000e+00 0.0000e+00 0.0000e+00 0.0000e+00 0.0000e+00 0.0000e+00 0.0000e+00 0.0000e+00 0.0000e+00 1.1514e-08 6.5195e-08 1.7995e-07 3.7023e-07 6.4865e-07 1.0268e-06 1.5160e-06 2.1270e-06 2.8709e-06 3.7588e-06 4.8020e-06 6.0121e-06 7.4009e-06 8.9804e-06 1.0762e-05 1.2758e-05 0.0000e+00 1.7434e-05 2.0129e-05 2.3068e-05 2.6248e-05 2.9659e-05 3.3281e-05 3.7079e-05 4.1003e-05 4.4978e-05 4.8905e-05 5.2652e-05 5.6055e-05 5.8915e-05 6.1004e-05 6.2075e-05 6.1882e-05 6.0213e-05 5.6932e-05 5.2025e-05 4.5651e-05 3.8168e-05 3.0123e-05 2.2191e-05 1.5055e-05 9.2563e-06 5.0579e-06 2.3995e-06 9.6087e-07 3.1392e-07 8.0298e-08 1.5300e-08 2.0442e-09 1.7792e-10 9.2224e-12 2.5514e-13 3.2933e-15 1.6814e-17 2.7696e-20 1.1440e-23 8.6659e-28 8.1522e-33 5.8480e-39 1.7335e-46 9.8014e-56 3.9660e-67 3.2926e-81 1.1308e-98 2.0363e-120 1.3114e-147 8.8220e-182 4.9899e-225 -9.8724e-280 0.0000e+00 0.0000e+00 0.0000e+00 0.0000e+00 0.0000e+00 0.0000e+00 0.0000e+00 0.0000e+00 0.0000e+00 0.0000e+00 0.0000e+00 0.0000e+00 0.0000e+00 0.0000e+00 0.0000e+00 0.0000e+00 0.0000e+00 0.0000e+00 0.0000e+00 0.0000e+00 0.0000e+00 0.0000e+00 0.0000e+00 0.0000e+00 0.0000e+00 0.0000e+00 0.0000e+00 0.0000e+00 0.0000e+00 0.0000e+00 0.0000e+00
