2.4671e-04 -7.6098e-05 -8.2993e-05 -8.1439e-05 -7.3818e-05 -6.2517e-05 -4.9756e-05 -3.7331e-05 -2.6448e-05 -1.7709e-05 -1.1209e-05 -6.7048e-06 -3.7884e-06 -2.0203e-06 -1.0158e-06 -4.8097e-07 -2.1413e-07 -8.9492e-08 -3.5045e-08 -1.2833e-08 -4.3841e-09 -1.3940e-09 -4.1141e-10 -1.1238e-10 -2.8320e-11 -6.5622e-12 -1.3930e-12 -2.6981e-13 -4.7482e-14 -7.5567e-15 -1.0822e-15 -1.3872e-16 -1.5821e-17 -1.5955e-18 -1.4132e-19 -1.0912e-20 -7.2872e-22 -4.1729e-23 -2.0298e-24 -8.3030e-26 -2.8246e-27 -7.8966e-29 -1.7906e-30 -3.2468e-32 -4.6351e-34 -5.1221e-36 -4.3006e-38 -2.6882e-40 -1.2233e-42 -3.9541e-45 -8.8351e-48 -1.3245e-50 -1.2887e-53 -7.8449e-57 -2.8686e-60 -6.0217e-64 -6.8985e-68 -4.0759e-72 -1.1657e-76 -1.5029e-81 -8.0611e-87 -1.6427e-92 -1.1476e-98 -2.4451e-105 -1.3903e-112 -1.8108e-120 -4.5322e-129 -1.7799e-138 -8.6722e-149 -3.9879e-160 -1.2571e-172 -1.8651e-186 -8.3523e-202 -6.6572e-219 -5.0208e-238 -1.6744e-259 -9.8156e-284 -3.2750e-311 -0.0000e+00 -0.0000e+00 -0.0000e+00 -0.0000e+00 -0.0000e+00 -0.0000e+00 -0.0000e+00 -0.0000e+00 -0.0000e+00 -0.0000e+00 -0.0000e+00 -0.0000e+00 -0.0000e+00 -0.0000e+00 -0.0000e+00 -0.0000e+00 -0.0000e+00 -0.0000e+00 -0.0000e+00 -0.0000e+00 -0.0000e+00 -0.0000e+00 0.0000e+00 -7.5920e-05 -8.2558e-05 -8.0683e-05 -7.2752e-05 -6.1224e-05 -4.8365e-05 -3.5978e-05 -2.5246e-05 -1.6724e-05 -1.0462e-05 -6.1793e-06 -3.4441e-06 -1.8101e-06 -8.9613e-07 -4.1741e-07 -1.8266e-07 -7.4976e-08 -2.8814e-08 -1.0347e-08 -3.4642e-09 -1.0787e-09 -3.1157e-10 -8.3241e-11 -2.0506e-11 -4.6423e-12 -9.6226e-13 -1.8191e-13 -3.1230e-14 -4.8466e-15 -6.7653e-16 -8.4488e-17 -9.3852e-18 -9.2151e-19 -7.9436e-20 -5.9678e-21 -3.8765e-22 -2.1585e-23 -1.0207e-24 -4.0575e-26 -1.3411e-27 -3.6418e-29 -8.0192e-31 -1.4117e-32 -1.9562e-34 -2.0977e-36 -1.7087e-38 -1.0360e-40 -4.5716e-43 -1.4325e-45 -3.1024e-48 -4.5066e-51 -4.2477e-54 -2.5043e-57 -8.8660e-61 -1.8014e-64 -1.9967e-68 -1.1411e-72 -3.1557e-77 -3.9325e-82 -2.0378e-87 -4.0106e-93 -2.7046e-99 -5.5596e-106 -3.0484e-113 -3.8266e-121 -9.2249e-130 -3.4871e-139 -1.6342e-149 -7.2224e-161 -2.1862e-173 -3.1121e-187 -1.3358e-202 -1.0193e-219 -7.3517e-239 -2.3416e-260 -1.3091e-284 -4.1593e-312 -0.0000e+00 -0.0000e+00 -0.0000e+00 -0.0000e+00 -0.0000e+00 -0.0000e+00 -0.0000e+00 -0.0000e+00 -0.0000e+00 -0.0000e+00 -0.0000e+00 -0.0000e+00 -0.0000e+00 -0.0000e+00 -0.0000e+00 -0.0000e+00 -0.0000e+00 -0.0000e+00 -0.0000e+00 -0.0000e+00 -0.0000e+00 -0.0000e+00
-7.6098e-05 9.8709e-04 -1.1179e-04 -1.1168e-04 -1.0354e-04 -9.0090e-05 -7.3963e-05 -5.7458e-05 -4.2293e-05 -2.9509e-05 -1.9515e-05 -1.2226e-05 -7.2498e-06 -4.0648e-06 -2.1520e-06 -1.0743e-06 -5.0485e-07 -2.2293e-07 -9.2316e-08 -3.5773e-08 -1.2942e-08 -4.3601e-09 -1.3642e-09 -3.9526e-10 -1.0571e-10 -2.6009e-11 -5.8653e-12 -1.2076e-12 -2.2602e-13 -3.8280e-14 -5.8380e-15 -7.9744e-16 -9.7000e-17 -1.0442e-17 -9.8805e-19 -8.1589e-20 -5.8332e-21 -3.5801e-22 -1.8689e-23 -8.2145e-25 -3.0072e-26 -9.0610e-28 -2.2181e-29 -4.3496e-31 -6.7283e-33 -8.0727e-35 -7.3752e-37 -5.0280e-39 -2.5016e-41 -8.8643e-44 -2.1775e-46 -3.5996e-49 -3.8746e-52 -2.6186e-55 -1.0670e-58 -2.5057e-62 -3.2253e-66 -2.1509e-70 -6.9778e-75 -1.0259e-79 -6.3108e-85 -1.4841e-90 -1.2045e-96 -3.0029e-103 -2.0138e-110 -3.1199e-118 -9.3749e-127 -4.4653e-136 -2.6681e-146 -1.5231e-157 -6.0403e-170 -1.1444e-183 -6.6519e-199 -7.0084e-216 -7.1305e-235 -3.2819e-256 -2.7241e-280 -1.3248e-307 -0.0000e+00 -0.0000e+00 -0.0000e+00 -0.0000e+00 -0.0000e+00 -0.0000e+00 -0.0000e+00 -0.0000e+00 -0.0000e+00 -0.0000e+00 -0.0000e+00 -0.0000e+00 -0.0000e+00 -0.0000e+00 -0.0000e+00 -0.0000e+00 -0.0000e+00 -0.0000e+00 -0.0000e+00 -0.0000e+00 -0.0000e+00 -0.0000e+00 -7.5920e-05 0.0000e+00 -1.0949e-04 -1.0766e-04 -9.7847e-05 -8.3138e-05 -6.6425e-05 -5.0062e-05 -3.5651e-05 -2.4009e-05 -1.5294e-05 -9.2139e-06 -5.2469e-06 -2.8220e-06 -1.4321e-06 -6.8483e-07 -3.0818e-07 -1.3029e-07 -5.1652e-08 -1.9164e-08 -6.6393e-09 -2.1426e-09 -6.4242e-10 -1.7843e-10 -4.5768e-11 -1.0805e-11 -2.3393e-12 -4.6261e-13 -8.3210e-14 -1.3551e-14 -1.9882e-15 -2.6139e-16 -3.0618e-17 -3.1755e-18 -2.8963e-19 -2.3063e-20 -1.5907e-21 -9.4219e-23 -4.7483e-24 -2.0156e-25 -7.1286e-27 -2.0756e-28 -4.9111e-30 -9.3110e-32 -1.3928e-33 -1.6162e-35 -1.4283e-37 -9.4202e-40 -4.5348e-42 -1.5548e-44 -3.6956e-47 -5.9114e-50 -6.1570e-53 -4.0260e-56 -1.5871e-59 -3.6056e-63 -4.4888e-67 -2.8949e-71 -9.0801e-76 -1.2904e-80 -7.6704e-86 -1.7425e-91 -1.3656e-97 -3.2864e-104 -2.1264e-111 -3.1768e-119 -9.2004e-128 -4.2210e-137 -2.4277e-147 -1.3330e-158 -5.0808e-171 -9.2430e-185 -5.1542e-200 -5.2041e-217 -5.0681e-236 -2.2301e-257 -1.7671e-281 -8.1914e-309 -0.0000e+00 -0.0000e+00 -0.0000e+00 -0.0000e+00 -0.0000e+00 -0.0000e+00 -0.0000e+00 -0.0000e+00 -0.0000e+00 -0.0000e+00 -0.0000e+00 -0.0000e+00 -0.0000e+00 -0.0000e+00 -0.0000e+00 -0.0000e+00 -0.0000e+00 -0.0000e+00 -0.0000e+00 -0.0000e+00 -0.0000e+00 -0.0000e+00
-8.2993e-05 -1.1179e-04 2.2219e-03 -1.2964e-04 -1.2443e-04 -1.1269e-04 -9.6703e-05 -7.8786e-05 -6.0968e-05 -4.4802e-05 -3.1242e-05 -2.0653e-05 -1.2929e-05 -7.6541e-06 -4.2792e-06 -2.2557e-06 -1.1193e-06 -5.2188e-07 -2.2819e-07 -9.3374e-08 -3.5675e-08 -1.2695e-08 -4.1968e-09 -1.2852e-09 -3.6343e-10 -9.4592e-11 -2.2579e-11 -4.9237e-12 -9.7679e-13 -1.7549e-13 -2.8415e-14 -4.1247e-15 -5.3372e-16 -6.1183e-17 -6.1725e-18 -5.4409e-19 -4.1579e-20 -2.7314e-21 -1.5284e-22 -7.2128e-24 -2.8396e-25 -9.2171e-27 -2.4352e-28 -5.1640e-30 -8.6562e-32 -1.1279e-33 -1.1217e-35 -8.3448e-38 -4.5425e-40 -1.7660e-42 -4.7735e-45 -8.7103e-48 -1.0384e-50 -7.8000e-54 -3.5460e-57 -9.3288e-61 -1.3510e-64 -1.0184e-68 -3.7531e-73 -6.3018e-78 -4.4530e-83 -1.2104e-88 -1.1431e-94 -3.3403e-101 -2.6463e-108 -4.8848e-116 -1.7653e-124 -1.0215e-133 -7.4982e-144 -5.3229e-155 -2.6607e-167 -6.4479e-181 -4.8737e-196 -6.8000e-213 -9.3503e-232 -5.9505e-253 -7.0063e-277 -4.9757e-304 -0.0000e+00 -0.0000e+00 -0.0000e+00 -0.0000e+00 -0.0000e+00 -0.0000e+00 -0.0000e+00 -0.0000e+00 -0.0000e+00 -0.0000e+00 -0.0000e+00 -0.0000e+00 -0.0000e+00 -0.0000e+00 -0.0000e+00 -0.0000e+00 -0.0000e+00 -0.0000e+00 -0.0000e+00 -0.0000e+00 -0.0000e+00 -0.0000e+00 -8.2558e-05 -1.0949e-04 0.0000e+00 -1.1966e-04 -1.1016e-04 -9.5082e-05 -7.7373e-05 -5.9545e-05 -4.3407e-05 -2.9995e-05 -1.9650e-05 -1.2200e-05 -7.1751e-06 -3.9932e-06 -2.1008e-06 -1.0433e-06 -4.8841e-07 -2.1514e-07 -8.9006e-08 -3.4511e-08 -1.2512e-08 -4.2316e-09 -1.3313e-09 -3.8851e-10 -1.0483e-10 -2.6068e-11 -5.9517e-12 -1.2427e-12 -2.3631e-13 -4.0733e-14 -6.3334e-15 -8.8357e-16 -1.0997e-16 -1.2134e-17 -1.1790e-18 -1.0017e-19 -7.3814e-21 -4.6785e-22 -2.5271e-23 -1.1517e-24 -4.3802e-26 -1.3741e-27 -3.5096e-29 -7.1969e-31 -1.1669e-32 -1.4710e-34 -1.4155e-36 -1.0191e-38 -5.3694e-41 -2.0205e-43 -5.2868e-46 -9.3385e-49 -1.0777e-51 -7.8356e-55 -3.4478e-58 -8.7782e-62 -1.2301e-65 -8.9710e-70 -3.1979e-74 -5.1925e-79 -3.5471e-84 -9.3180e-90 -8.5012e-96 -2.3989e-102 -1.8344e-109 -3.2669e-117 -1.1383e-125 -6.3476e-135 -4.4869e-145 -3.0650e-156 -1.4731e-168 -3.4294e-182 -2.4878e-197 -3.3277e-214 -4.3818e-233 -2.6669e-254 -2.9991e-278 -2.0310e-305 -0.0000e+00 -0.0000e+00 -0.0000e+00 -0.0000e+00 -0.0000e+00 -0.0000e+00 -0.0000e+00 -0.0000e+00 -0.0000e+00 -0.0000e+00 -0.0000e+00 -0.0000e+00 -0.0000e+00 -0.0000e+00 -0.0000e+00 -0.0000e+00 -0.0000e+00 -0.0000e+00 -0.0000e+00 -0.0000e+00 -0.0000e+00 -0.0000e+00
-8.1439e-05 -1.1168e-04 -1.2964e-04 3.9525e-03 -1.3858e-04 -1.3167e-04 -1.1889e-04 -1.0209e-04 -8.3320e-05 -6.4586e-05 -4.7501e-05 -3.3109e-05 -2.1845e-05 -1.3626e-05 -8.0246e-06 -4.4554e-06 -2.3285e-06 -1.1435e-06 -5.2675e-07 -2.2713e-07 -9.1479e-08 -3.4333e-08 -1.1976e-08 -3.8721e-09 -1.1568e-09 -3.1834e-10 -8.0399e-11 -1.8565e-11 -3.9035e-12 -7.4399e-13 -1.2792e-13 -1.9738e-14 -2.7179e-15 -3.3194e-16 -3.5722e-17 -3.3631e-18 -2.7487e-19 -1.9340e-20 -1.1608e-21 -5.8853e-23 -2.4934e-24 -8.7250e-26 -2.4897e-27 -5.7135e-29 -1.0386e-30 -1.4708e-32 -1.5933e-34 -1.2944e-36 -7.7149e-39 -3.2930e-41 -9.8016e-44 -1.9756e-46 -2.6103e-49 -2.1809e-52 -1.1069e-55 -3.2646e-59 -5.3229e-63 -4.5386e-67 -1.9014e-71 -3.6489e-76 -2.9638e-81 -9.3183e-87 -1.0247e-92 -3.5122e-99 -3.2894e-106 -7.2400e-114 -3.1489e-122 -2.2154e-131 -1.9992e-141 -1.7662e-152 -1.1136e-164 -3.4548e-178 -3.3984e-193 -6.2843e-210 -1.1688e-228 -1.0294e-249 -1.7209e-273 -1.7865e-300 -0.0000e+00 -0.0000e+00 -0.0000e+00 -0.0000e+00 -0.0000e+00 -0.0000e+00 -0.0000e+00 -0.0000e+00 -0.0000e+00 -0.0000e+00 -0.0000e+00 -0.0000e+00 -0.0000e+00 -0.0000e+00 -0.0000e+00 -0.0000e+00 -0.0000e+00 -0.0000e+00 -0.0000e+00 -0.0000e+00 -0.0000e+00 -0.0000e+00 -8.0683e-05 -1.0766e-04 -1.1966e-04 0.0000e+00 -1.1296e-04 -9.9591e-05 -8.3059e-05 -6.5712e-05 -4.9385e-05 -3.5273e-05 -2.3941e-05 -1.5434e-05 -9.4427e-06 -5.4768e-06 -3.0076e-06 -1.5614e-06 -7.6512e-07 -3.5323e-07 -1.5333e-07 -6.2450e-08 -2.3809e-08 -8.4751e-09 -2.8092e-09 -8.6455e-10 -2.4626e-10 -6.4700e-11 -1.5623e-11 -3.4534e-12 -6.9589e-13 -1.2725e-13 -2.1011e-14 -3.1162e-15 -4.1278e-16 -4.8534e-17 -5.0318e-18 -4.5669e-19 -3.6004e-20 -2.4448e-21 -1.4169e-22 -6.9394e-24 -2.8412e-25 -9.6112e-27 -2.6522e-28 -5.8875e-30 -1.0355e-31 -1.4191e-33 -1.4881e-35 -1.1703e-37 -6.7530e-40 -2.7908e-42 -8.0436e-45 -1.5699e-47 -2.0085e-50 -1.6247e-53 -7.9840e-57 -2.2794e-60 -3.5972e-64 -2.9683e-68 -1.2031e-72 -2.2333e-77 -1.7541e-82 -5.3313e-88 -5.6652e-94 -1.8756e-100 -1.6960e-107 -3.6021e-115 -1.5109e-123 -1.0246e-132 -8.9060e-143 -7.5731e-154 -4.5919e-166 -1.3689e-179 -1.2926e-194 -2.2921e-211 -4.0834e-230 -3.4401e-251 -5.4940e-275 -5.4397e-302 -0.0000e+00 -0.0000e+00 -0.0000e+00 -0.0000e+00 -0.0000e+00 -0.0000e+00 -0.0000e+00 -0.0000e+00 -0.0000e+00 -0.0000e+00 -0.0000e+00 -0.0000e+00 -0.0000e+00 -0.0000e+00 -0.0000e+00 -0.0000e+00 -0.0000e+00 -0.0000e+00 -0.0000e+00 -0.0000e+00 -0.0000e+00 -0.0000e+00
-7.3818e-05 -1.0354e-04 -1.2443e-04 -1.3858e-04 6.1809e-03 -1.4599e-04 -1.3899e-04 -1.2585e-04 -1.0827e-04 -8.8410e-05 -6.8456e-05 -5.0211e-05 -3.4851e-05 -2.2866e-05 -1.4164e-05 -8.2724e-06 -4.5489e-06 -2.3514e-06 -1.1405e-06 -5.1807e-07 -2.1993e-07 -8.7053e-08 -3.2046e-08 -1.0942e-08 -3.4547e-09 -1.0055e-09 -2.6879e-10 -6.5754e-11 -1.4660e-11 -2.9654e-12 -5.4169e-13 -8.8894e-14 -1.3032e-14 -1.6966e-15 -1.9486e-16 -1.9604e-17 -1.7145e-18 -1.2926e-19 -8.3264e-21 -4.5375e-22 -2.0697e-23 -7.8114e-25 -2.4086e-26 -5.9843e-28 -1.1802e-29 -1.8172e-31 -2.1455e-33 -1.9043e-35 -1.2432e-37 -5.8287e-40 -1.9113e-42 -4.2574e-45 -6.2373e-48 -5.7988e-51 -3.2876e-54 -1.0874e-57 -1.9971e-61 -1.9271e-65 -9.1820e-70 -2.0148e-74 -1.8821e-79 -6.8476e-85 -8.7728e-91 -3.5287e-97 -3.9090e-104 -1.0264e-111 -5.3755e-120 -4.6007e-129 -5.1072e-139 -5.6186e-150 -4.4710e-162 -1.7769e-175 -2.2763e-190 -5.5829e-207 -1.4056e-225 -1.7145e-246 -4.0732e-270 -6.1861e-297 -0.0000e+00 -0.0000e+00 -0.0000e+00 -0.0000e+00 -0.0000e+00 -0.0000e+00 -0.0000e+00 -0.0000e+00 -0.0000e+00 -0.0000e+00 -0.0000e+00 -0.0000e+00 -0.0000e+00 -0.0000e+00 -0.0000e+00 -0.0000e+00 -0.0000e+00 -0.0000e+00 -0.0000e+00 -0.0000e+00 -0.0000e+00 -0.0000e+00 -7.2752e-05 -9.7847e-05 -1.1016e-04 -1.1296e-04 0.0000e+00 -9.7969e-05 -8.4188e-05 -6.8851e-05 -5.3640e-05 -3.9815e-05 -2.8143e-05 -1.8930e-05 -1.2103e-05 -7.3460e-06 -4.2267e-06 -2.3017e-06 -1.1842e-06 -5.7453e-07 -2.6232e-07 -1.1247e-07 -4.5172e-08 -1.6954e-08 -5.9298e-09 -1.9272e-09 -5.8015e-10 -1.6123e-10 -4.1216e-11 -9.6539e-12 -2.0632e-12 -4.0051e-13 -7.0276e-14 -1.1088e-14 -1.5642e-15 -1.9610e-16 -2.1703e-17 -2.1055e-18 -1.7766e-19 -1.2931e-20 -8.0446e-22 -4.2359e-23 -1.8677e-24 -6.8161e-26 -2.0329e-27 -4.8869e-29 -9.3271e-31 -1.3901e-32 -1.5890e-34 -1.3656e-36 -8.6334e-39 -3.9199e-41 -1.2449e-43 -2.6856e-46 -3.8104e-49 -3.4306e-52 -1.8834e-55 -6.0316e-59 -1.0724e-62 -1.0016e-66 -4.6180e-71 -9.8032e-76 -8.8566e-81 -3.1155e-86 -3.8576e-92 -1.4990e-98 -1.6035e-105 -4.0635e-113 -2.0528e-121 -1.6937e-130 -1.8112e-140 -1.9181e-151 -1.4681e-163 -5.6074e-177 -6.8964e-192 -1.6222e-208 -3.9126e-227 -4.5658e-248 -1.0364e-271 -1.5014e-298 -0.0000e+00 -0.0000e+00 -0.0000e+00 -0.0000e+00 -0.0000e+00 -0.0000e+00 -0.0000e+00 -0.0000e+00 -0.0000e+00 -0.0000e+00 -0.0000e+00 -0.0000e+00 -0.0000e+00 -0.0000e+00 -0.0000e+00 -0.0000e+00 -0.0000e+00 -0.0000e+00 -0.0000e+00 -0.0000e+00 -0.0000e+00 -0.0000e+00
-6.2517e-05 -9.0090e-05 -1.1269e-04 -1.3167e-04 -1.4599e-04 8.9098e-03 -1.5460e-04 -1.4746e-04 -1.3353e-04 -1.1469e-04 -9.3365e-05 -7.1981e-05 -5.2511e-05 -3.6214e-05 -2.3585e-05 -1.4487e-05 -8.3819e-06 -4.5606e-06 -2.3297e-06 -1.1151e-06 -4.9913e-07 -2.0844e-07 -8.1008e-08 -2.9221e-08 -9.7544e-09 -3.0037e-09 -8.5032e-10 -2.2046e-10 -5.2139e-11 -1.1199e-11 -2.1742e-12 -3.7962e-13 -5.9279e-14 -8.2292e-15 -1.0091e-15 -1.0852e-16 -1.0160e-17 -8.2112e-19 -5.6783e-20 -3.3273e-21 -1.6347e-22 -6.6565e-24 -2.2186e-25 -5.9703e-27 -1.2779e-28 -2.1402e-30 -2.7549e-32 -2.6723e-34 -1.9117e-36 -9.8487e-39 -3.5591e-41 -8.7645e-44 -1.4243e-46 -1.4740e-49 -9.3384e-53 -3.4655e-56 -7.1723e-60 -7.8351e-64 -4.2477e-68 -1.0662e-72 -1.1459e-77 -4.8270e-83 -7.2081e-89 -3.4040e-95 -4.4626e-102 -1.3986e-109 -8.8253e-118 -9.1937e-127 -1.2562e-136 -1.7220e-147 -1.7306e-159 -8.8171e-173 -1.4720e-187 -4.7920e-204 -1.6346e-222 -2.7637e-243 -9.3393e-267 -2.0772e-293 -9.8813e-324 -0.0000e+00 -0.0000e+00 -0.0000e+00 -0.0000e+00 -0.0000e+00 -0.0000e+00 -0.0000e+00 -0.0000e+00 -0.0000e+00 -0.0000e+00 -0.0000e+00 -0.0000e+00 -0.0000e+00 -0.0000e+00 -0.0000e+00 -0.0000e+00 -0.0000e+00 -0.0000e+00 -0.0000e+00 -0.0000e+00 -0.0000e+00 -6.1224e-05 -8.3138e-05 -9.5082e-05 -9.9591e-05 -9.7969e-05 0.0000e+00 -8.1318e-05 -6.9046e-05 -5.5993e-05 -4.3354e-05 -3.2024e-05 -2.2542e-05 -1.5101e-05 -9.6142e-06 -5.8077e-06 -3.3231e-06 -1.7978e-06 -9.1784e-07 -4.4129e-07 -1.9937e-07 -8.4435e-08 -3.3439e-08 -1.2350e-08 -4.2412e-09 -1.3502e-09 -3.9712e-10 -1.0753e-10 -2.6699e-11 -6.0543e-12 -1.2482e-12 -2.3284e-13 -3.9096e-14 -5.8758e-15 -7.8567e-16 -9.2857e-17 -9.6320e-18 -8.7020e-19 -6.7908e-20 -4.5364e-21 -2.5689e-22 -1.2202e-23 -4.8055e-25 -1.5495e-26 -4.0350e-28 -8.3595e-30 -1.3554e-31 -1.6894e-33 -1.5870e-35 -1.0996e-37 -5.4867e-40 -1.9206e-42 -4.5811e-45 -7.2109e-48 -7.2280e-51 -4.4347e-54 -1.5937e-57 -3.1933e-61 -3.3769e-65 -1.7717e-69 -4.3030e-74 -4.4733e-79 -1.8220e-84 -2.6298e-90 -1.1999e-96 -1.5192e-103 -4.5958e-111 -2.7975e-119 -2.8097e-128 -3.6987e-138 -4.8813e-149 -4.7191e-161 -2.3107e-174 -3.7040e-189 -1.1566e-205 -3.7797e-224 -6.1146e-245 -1.9744e-268 -4.1894e-295 -0.0000e+00 -0.0000e+00 -0.0000e+00 -0.0000e+00 -0.0000e+00 -0.0000e+00 -0.0000e+00 -0.0000e+00 -0.0000e+00 -0.0000e+00 -0.0000e+00 -0.0000e+00 -0.0000e+00 -0.0000e+00 -0.0000e+00 -0.0000e+00 -0.0000e+00 -0.0000e+00 -0.0000e+00 -0.0000e+00 -0.0000e+00 -0.0000e+00
-4.9756e-05 -7.3963e-05 -9.6703e-05 -1.1889e-04 -1.3899e-04 -1.5460e-04 1.2143e-02 -1.6401e-04 -1.5614e-04 -1.4093e-04 -1.2053e-04 -9.7632e-05 -7.4844e-05 -5.4255e-05 -3.7154e-05 -2.4007e-05 -1.4618e-05 -8.3750e-06 -4.5071e-06 -2.2742e-06 -1.0737e-06 -4.7323e-07 -1.9424e-07 -7.4052e-08 -2.6145e-08 -8.5216e-09 -2.5555e-09 -7.0245e-10 -1.7629e-10 -4.0219e-11 -8.3021e-12 -1.5428e-12 -2.5668e-13 -3.8011e-14 -4.9777e-15 -5.7249e-16 -5.7389e-17 -4.9737e-18 -3.6938e-19 -2.3281e-20 -1.2323e-21 -5.4160e-23 -1.9519e-24 -5.6908e-26 -1.3224e-27 -2.4098e-29 -3.3830e-31 -3.5878e-33 -2.8135e-35 -1.5932e-37 -6.3476e-40 -1.7287e-42 -3.1174e-45 -3.5928e-48 -2.5444e-51 -1.0599e-54 -2.4728e-58 -3.0596e-62 -1.8881e-66 -5.4239e-71 -6.7103e-76 -3.2741e-81 -5.7015e-87 -3.1630e-93 -4.9098e-100 -1.8378e-107 -1.3980e-115 -1.7738e-124 -2.9851e-134 -5.1023e-145 -6.4810e-157 -4.2361e-170 -9.2239e-185 -3.9893e-201 -1.8453e-219 -4.3291e-240 -2.0832e-263 -6.7933e-290 -3.8305e-320 -0.0000e+00 -0.0000e+00 -0.0000e+00 -0.0000e+00 -0.0000e+00 -0.0000e+00 -0.0000e+00 -0.0000e+00 -0.0000e+00 -0.0000e+00 -0.0000e+00 -0.0000e+00 -0.0000e+00 -0.0000e+00 -0.0000e+00 -0.0000e+00 -0.0000e+00 -0.0000e+00 -0.0000e+00 -0.0000e+00 -0.0000e+00 -4.8365e-05 -6.6425e-05 -7.7373e-05 -8.3059e-05 -8.4188e-05 -8.1318e-05 0.0000e+00 -6.6442e-05 -5.6252e-05 -4.5551e-05 -3.5239e-05 -2.6007e-05 -1.8285e-05 -1.2227e-05 -7.7628e-06 -4.6717e-06 -2.6599e-06 -1.4300e-06 -7.2444e-07 -3.4507e-07 -1.5418e-07 -6.4461e-08 -2.5149e-08 -9.1303e-09 -3.0749e-09 -9.5749e-10 -2.7470e-10 -7.2332e-11 -1.7409e-11 -3.8131e-12 -7.5641e-13 -1.3520e-13 -2.1655e-14 -3.0892e-15 -3.9000e-16 -4.3268e-17 -4.1865e-18 -3.5038e-19 -2.5140e-20 -1.5315e-21 -7.8388e-23 -3.3324e-24 -1.1620e-25 -3.2789e-27 -7.3760e-29 -1.3014e-30 -1.7693e-32 -1.8173e-34 -1.3804e-36 -7.5721e-39 -2.9225e-41 -7.7102e-44 -1.3468e-46 -1.5036e-49 -1.0313e-52 -4.1603e-56 -9.3988e-60 -1.1258e-63 -6.7243e-68 -1.8692e-72 -2.2370e-77 -1.0555e-82 -1.7767e-88 -9.5240e-95 -1.4278e-101 -5.1591e-109 -3.7862e-117 -4.6318e-126 -7.5105e-136 -1.2360e-146 -1.5104e-158 -9.4885e-172 -1.9840e-186 -8.2307e-203 -3.6476e-221 -8.1887e-242 -3.7652e-265 -1.1715e-291 -6.2746e-322 -0.0000e+00 -0.0000e+00 -0.0000e+00 -0.0000e+00 -0.0000e+00 -0.0000e+00 -0.0000e+00 -0.0000e+00 -0.0000e+00 -0.0000e+00 -0.0000e+00 -0.0000e+00 -0.0000e+00 -0.0000e+00 -0.0000e+00 -0.0000e+00 -0.0000e+00 -0.0000e+00 -0.0000e+00 -0.0000e+00 -0.0000e+00
-3.7331e-05 -5.7458e-05 -7.8786e-05 -1.0209e-04 -1.2585e-04 -1.4746e-04 -1.6401e-04 1.5885e-02 -1.7305e-04 -1.6407e-04 -1.4740e-04 -1.2545e-04 -1.0107e-04 -7.7027e-05 -5.5481e-05 -3.7724e-05 -2.4183e-05 -1.4594e-05 -8.2776e-06 -4.4044e-06 -2.1941e-06 -1.0210e-06 -4.4278e-07 -1.7847e-07 -6.6665e-08 -2.3007e-08 -7.3110e-09 -2.1314e-09 -5.6781e-10 -1.3764e-10 -3.0217e-11 -5.9783e-12 -1.0601e-12 -1.6751e-13 -2.3436e-14 -2.8832e-15 -3.0959e-16 -2.8781e-17 -2.2962e-18 -1.5572e-19 -8.8833e-21 -4.2152e-22 -1.6432e-23 -5.1922e-25 -1.3104e-26 -2.5991e-28 -3.9807e-30 -4.6172e-32 -3.9704e-34 -2.4724e-36 -1.0864e-38 -3.2734e-41 -6.5527e-44 -8.4135e-47 -6.6636e-50 -3.1169e-53 -8.2018e-57 -1.1499e-60 -8.0816e-65 -2.6583e-69 -3.7877e-74 -2.1418e-79 -4.3520e-85 -2.8378e-91 -5.2190e-98 -2.3346e-105 -2.1424e-113 -3.3130e-122 -6.8723e-132 -1.4658e-142 -2.3552e-154 -1.9766e-167 -5.6191e-182 -3.2319e-198 -2.0293e-216 -6.6137e-237 -4.5373e-260 -2.1723e-286 -1.8594e-316 -0.0000e+00 -0.0000e+00 -0.0000e+00 -0.0000e+00 -0.0000e+00 -0.0000e+00 -0.0000e+00 -0.0000e+00 -0.0000e+00 -0.0000e+00 -0.0000e+00 -0.0000e+00 -0.0000e+00 -0.0000e+00 -0.0000e+00 -0.0000e+00 -0.0000e+00 -0.0000e+00 -0.0000e+00 -0.0000e+00 -0.0000e+00 -3.5978e-05 -5.0062e-05 -5.9545e-05 -6.5712e-05 -6.8851e-05 -6.9046e-05 -6.6442e-05 0.0000e+00 -5.4355e-05 -4.6113e-05 -3.7415e-05 -2.8987e-05 -2.1409e-05 -1.5049e-05 -1.0050e-05 -6.3647e-06 -3.8158e-06 -2.1614e-06 -1.1543e-06 -5.7991e-07 -2.7347e-07 -1.2074e-07 -4.9780e-08 -1.9111e-08 -6.8111e-09 -2.2461e-09 -6.8298e-10 -1.9077e-10 -4.8747e-11 -1.1346e-11 -2.3942e-12 -4.5569e-13 -7.7801e-14 -1.1845e-14 -1.5978e-15 -1.8964e-16 -1.9657e-17 -1.7649e-18 -1.3605e-19 -8.9191e-21 -4.9205e-22 -2.2586e-23 -8.5202e-25 -2.6058e-26 -6.3669e-28 -1.2229e-29 -1.8139e-31 -2.0379e-33 -1.6976e-35 -1.0241e-37 -4.3593e-40 -1.2726e-42 -2.4678e-45 -3.0695e-48 -2.3548e-51 -1.0668e-54 -2.7183e-58 -3.6897e-62 -2.5100e-66 -7.9896e-71 -1.1013e-75 -6.0225e-81 -1.1830e-86 -7.4542e-93 -1.3241e-99 -5.7179e-107 -5.0625e-115 -7.5487e-124 -1.5088e-133 -3.0987e-144 -4.7900e-156 -3.8641e-169 -1.0549e-183 -5.8199e-200 -3.5015e-218 -1.0920e-238 -7.1591e-262 -3.2704e-288 -2.6663e-318 -0.0000e+00 -0.0000e+00 -0.0000e+00 -0.0000e+00 -0.0000e+00 -0.0000e+00 -0.0000e+00 -0.0000e+00 -0.0000e+00 -0.0000e+00 -0.0000e+00 -0.0000e+00 -0.0000e+00 -0.0000e+00 -0.0000e+00 -0.0000e+00 -0.0000e+00 -0.0000e+00 -0.0000e+00 -0.0000e+00 -0.0000e+00
-2.6448e-05 -4.2293e-05 -6.0968e-05 -8.3320e-05 -1.0827e-04 -1.3353e-04 -1.5614e-04 -1.7305e-04 2.0142e-02 -1.8104e-04 -1.7088e-04 -1.5283e-04 -1.2944e-04 -1.0375e-04 -7.8631e-05 -5.6281e-05 -3.7998e-05 -2.4164e-05 -1.4449e-05 -8.1105e-06 -4.2646e-06 -2.0961e-06 -9.6067e-07 -4.0951e-07 -1.6190e-07 -5.9179e-08 -1.9934e-08 -6.1654e-09 -1.7441e-09 -4.4933e-10 -1.0495e-10 -2.2113e-11 -4.1808e-12 -7.0513e-13 -1.0543e-13 -1.3879e-14 -1.5968e-15 -1.5928e-16 -1.3656e-17 -9.9677e-19 -6.1307e-20 -3.1418e-21 -1.3253e-22 -4.5401e-24 -1.2449e-25 -2.6885e-27 -4.4940e-29 -5.7032e-31 -5.3799e-33 -3.6853e-35 -1.7867e-37 -5.9589e-40 -1.3248e-42 -1.8959e-45 -1.6801e-48 -8.8287e-52 -2.6215e-55 -4.1669e-59 -3.3369e-63 -1.2575e-67 -2.0647e-72 -1.3539e-77 -3.2120e-83 -2.4635e-89 -5.3715e-96 -2.8736e-103 -3.1836e-111 -6.0051e-120 -1.5367e-129 -4.0937e-140 -8.3280e-152 -8.9835e-165 -3.3376e-179 -2.5557e-195 -2.1811e-213 -9.8875e-234 -9.6843e-257 -6.8176e-283 -8.8724e-313 -0.0000e+00 -0.0000e+00 -0.0000e+00 -0.0000e+00 -0.0000e+00 -0.0000e+00 -0.0000e+00 -0.0000e+00 -0.0000e+00 -0.0000e+00 -0.0000e+00 -0.0000e+00 -0.0000e+00 -0.0000e+00 -0.0000e+00 -0.0000e+00 -0.0000e+00 -0.0000e+00 -0.0000e+00 -0.0000e+00 -0.0000e+00 -2.5246e-05 -3.5651e-05 -4.3407e-05 -4.9385e-05 -5.3640e-05 -5.5993e-05 -5.6252e-05 -5.4355e-05 0.0000e+00 -4.4893e-05 -3.8241e-05 -3.1126e-05 -2.4167e-05 -1.7867e-05 -1.2556e-05 -8.3728e-06 -5.2879e-06 -3.1568e-06 -1.7778e-06 -9.4245e-07 -4.6920e-07 -2.1884e-07 -9.5377e-08 -3.8732e-08 -1.4612e-08 -5.1047e-09 -1.6456e-09 -4.8772e-10 -1.3236e-10 -3.2748e-11 -7.3527e-12 -1.4906e-12 -2.7136e-13 -4.4102e-14 -6.3583e-15 -8.0762e-16 -8.9706e-17 -8.6432e-18 -7.1609e-19 -5.0531e-20 -3.0058e-21 -1.4903e-22 -6.0833e-24 -2.0173e-25 -5.3555e-27 -1.1201e-28 -1.8134e-30 -2.2293e-32 -2.0372e-34 -1.3520e-36 -6.3508e-39 -2.0521e-41 -4.4200e-44 -6.1279e-47 -5.2602e-50 -2.6773e-53 -7.6985e-57 -1.1848e-60 -9.1844e-65 -3.3494e-69 -5.3206e-74 -3.3743e-79 -7.7390e-85 -5.7358e-91 -1.2080e-97 -6.2390e-105 -6.6691e-113 -1.2130e-121 -2.9911e-131 -7.6729e-142 -1.5018e-153 -1.5572e-166 -5.5560e-181 -4.0813e-197 -3.3374e-215 -1.4479e-235 -1.3552e-258 -9.1032e-285 -1.1285e-314 -0.0000e+00 -0.0000e+00 -0.0000e+00 -0.0000e+00 -0.0000e+00 -0.0000e+00 -0.0000e+00 -0.0000e+00 -0.0000e+00 -0.0000e+00 -0.0000e+00 -0.0000e+00 -0.0000e+00 -0.0000e+00 -0.0000e+00 -0.0000e+00 -0.0000e+00 -0.0000e+00 -0.0000e+00 -0.0000e+00 -0.0000e+00
-1.7709e-05 -2.9509e-05 -4.4802e-05 -6.4586e-05 -8.8410e-05 -1.1469e-04 -1.4093e-04 -1.6407e-04 -1.8104e-04 2.4921e-02 -1.8786e-04 -1.7662e-04 -1.5732e-04 -1.3267e-04 -1.0583e-04 -7.9771e-05 -5.6743e-05 -3.8036e-05 -2.3989e-05 -1.4209e-05 -7.8888e-06 -4.0965e-06 -1.9850e-06 -8.9517e-07 -3.7468e-07 -1.4511e-07 -5.1830e-08 -1.7012e-08 -5.1118e-09 -1.4002e-09 -3.4805e-10 -7.8128e-11 -1.5753e-11 -2.8369e-12 -4.5345e-13 -6.3896e-14 -7.8798e-15 -8.4371e-16 -7.7759e-17 -6.1112e-18 -4.0538e-19 -2.2446e-20 -1.0249e-21 -3.8080e-23 -1.1348e-24 -2.6697e-26 -4.8725e-28 -6.7683e-30 -7.0070e-32 -5.2826e-34 -2.8271e-36 -1.0441e-38 -2.5792e-41 -4.1160e-44 -4.0831e-47 -2.4119e-50 -8.0857e-54 -1.4579e-57 -1.3311e-61 -5.7505e-66 -1.0888e-70 -8.2848e-76 -2.2964e-81 -2.0731e-87 -5.3632e-94 -3.4340e-101 -4.5969e-109 -1.0586e-117 -3.3449e-127 -1.1141e-137 -2.8726e-149 -3.9872e-162 -1.9383e-176 -1.9785e-192 -2.2980e-210 -1.4512e-230 -2.0325e-253 -2.1075e-279 -4.1779e-309 -0.0000e+00 -0.0000e+00 -0.0000e+00 -0.0000e+00 -0.0000e+00 -0.0000e+00 -0.0000e+00 -0.0000e+00 -0.0000e+00 -0.0000e+00 -0.0000e+00 -0.0000e+00 -0.0000e+00 -0.0000e+00 -0.0000e+00 -0.0000e+00 -0.0000e+00 -0.0000e+00 -0.0000e+00 -0.0000e+00 -0.0000e+00 -1.6724e-05 -2.4009e-05 -2.9995e-05 -3.5273e-05 -3.9815e-05 -4.3354e-05 -4.5551e-05 -4.6113e-05 -4.4893e-05 0.0000e+00 -3.7538e-05 -3.2120e-05 -2.6230e-05 -2.0406e-05 -1.5098e-05 -1.0604e-05 -7.0576e-06 -4.4423e-06 -2.6391e-06 -1.4766e-06 -7.7637e-07 -3.8265e-07 -1.7634e-07 -7.5774e-08 -3.0270e-08 -1.1205e-08 -3.8309e-09 -1.2051e-09 -3.4742e-10 -9.1401e-11 -2.1843e-11 -4.7179e-12 -9.1610e-13 -1.5899e-13 -2.4507e-14 -3.3322e-15 -3.9676e-16 -4.1037e-17 -3.6551e-18 -2.7773e-19 -1.7819e-20 -9.5458e-22 -4.2183e-23 -1.5173e-24 -4.3782e-26 -9.9751e-28 -1.7634e-29 -2.3729e-31 -2.3800e-33 -1.7385e-35 -9.0145e-38 -3.2257e-40 -7.7202e-43 -1.1936e-45 -1.1471e-48 -6.5629e-52 -2.1307e-55 -3.7200e-59 -3.2879e-63 -1.3746e-67 -2.5180e-72 -1.8531e-77 -4.9661e-83 -4.3324e-89 -1.0827e-95 -6.6927e-103 -8.6446e-111 -1.9197e-119 -5.8451e-129 -1.8747e-139 -4.6507e-151 -6.2055e-164 -2.8971e-178 -2.8369e-194 -3.1575e-212 -1.9082e-232 -2.5541e-255 -2.5270e-281 -4.7721e-311 -0.0000e+00 -0.0000e+00 -0.0000e+00 -0.0000e+00 -0.0000e+00 -0.0000e+00 -0.0000e+00 -0.0000e+00 -0.0000e+00 -0.0000e+00 -0.0000e+00 -0.0000e+00 -0.0000e+00 -0.0000e+00 -0.0000e+00 -0.0000e+00 -0.0000e+00 -0.0000e+00 -0.0000e+00 -0.0000e+00 -0.0000e+00
-1.1209e-05 -1.9515e-05 -3.1242e-05 -4.7501e-05 -6.8456e-05 -9.3365e-05 -1.2053e-04 -1.4740e-04 -1.7088e-04 -1.8786e-04 3.0230e-02 -1.9367e-04 -1.8149e-04 -1.6108e-04 -1.3530e-04 -1.0743e-04 -8.0544e-05 -5.6932e-05 -3.7882e-05 -2.3687e-05 -1.3891e-05 -7.6236e-06 -3.9068e-06 -1.8646e-06 -8.2653e-07 -3.3927e-07 -1.2854e-07 -4.4790e-08 -1.4300e-08 -4.1660e-09 -1.1025e-09 -2.6374e-10 -5.6736e-11 -1.0913e-11 -1.8654e-12 -2.8147e-13 -3.7220e-14 -4.2793e-15 -4.2414e-16 -3.5904e-17 -2.5697e-18 -1.5379e-19 -7.6041e-21 -3.0657e-22 -9.9340e-24 -2.5468e-25 -5.0774e-27 -7.7236e-29 -8.7795e-31 -7.2881e-33 -4.3076e-35 -1.7626e-37 -4.8404e-40 -8.6188e-43 -9.5766e-46 -6.3624e-49 -2.4096e-52 -4.9317e-56 -5.1372e-60 -2.5458e-64 -5.5621e-69 -4.9150e-74 -1.5930e-79 -1.6940e-85 -5.2042e-92 -3.9919e-99 -6.4627e-107 -1.8188e-115 -7.1035e-125 -2.9612e-135 -9.6888e-147 -1.7326e-159 -1.1036e-173 -1.5037e-189 -2.3807e-207 -2.0977e-227 -4.2086e-250 -6.4397e-276 -1.9486e-305 -0.0000e+00 -0.0000e+00 -0.0000e+00 -0.0000e+00 -0.0000e+00 -0.0000e+00 -0.0000e+00 -0.0000e+00 -0.0000e+00 -0.0000e+00 -0.0000e+00 -0.0000e+00 -0.0000e+00 -0.0000e+00 -0.0000e+00 -0.0000e+00 -0.0000e+00 -0.0000e+00 -0.0000e+00 -0.0000e+00 -0.0000e+00 -1.0462e-05 -1.5294e-05 -1.9650e-05 -2.3941e-05 -2.8143e-05 -3.2024e-05 -3.5239e-05 -3.7415e-05 -3.8241e-05 -3.7538e-05 0.0000e+00 -3.1783e-05 -2.7311e-05 -2.2368e-05 -1.7430e-05 -1.2899e-05 -9.0502e-06 -6.0081e-06 -3.7665e-06 -2.2251e-06 -1.2359e-06 -6.4390e-07 -3.1387e-07 -1.4275e-07 -6.0402e-08 -2.3702e-08 -8.5961e-09 -2.8710e-09 -8.7957e-10 -2.4613e-10 -6.2625e-11 -1.4417e-11 -2.9869e-12 -5.5374e-13 -9.1286e-14 -1.3292e-14 -1.6971e-15 -1.8850e-16 -1.8057e-17 -1.4780e-18 -1.0232e-19 -5.9247e-21 -2.8353e-22 -1.1066e-23 -3.4724e-25 -8.6218e-27 -1.6650e-28 -2.4537e-30 -2.7023e-32 -2.1735e-34 -1.2448e-36 -4.9352e-39 -1.3132e-41 -2.2654e-44 -2.4385e-47 -1.5693e-50 -5.7559e-54 -1.1407e-57 -1.1503e-61 -5.5170e-66 -1.1662e-70 -9.9673e-76 -3.1233e-81 -3.2098e-87 -9.5257e-94 -7.0543e-101 -1.1020e-108 -2.9908e-117 -1.1257e-126 -4.5187e-137 -1.4225e-148 -2.4455e-161 -1.4959e-175 -1.9555e-191 -2.9667e-209 -2.5018e-229 -4.7968e-252 -7.0038e-278 -2.0189e-307 -0.0000e+00 -0.0000e+00 -0.0000e+00 -0.0000e+00 -0.0000e+00 -0.0000e+00 -0.0000e+00 -0.0000e+00 -0.0000e+00 -0.0000e+00 -0.0000e+00 -0.0000e+00 -0.0000e+00 -0.0000e+00 -0.0000e+00 -0.0000e+00 -0.0000e+00 -0.0000e+00 -0.0000e+00 -0.0000e+00 -0.0000e+00
-6.7048e-06 -1.2226e-05 -2.0653e-05 -3.3109e-05 -5.0211e-05 -7.1981e-05 -9.7632e-05 -1.2545e-04 -1.5283e-04 -1.7662e-04 -1.9367e-04 3.6080e-02 -1.9867e-04 -1.8567e-04 -1.6428e-04 -1.3746e-04 -1.0866e-04 -8.1020e-05 -5.6898e-05 -3.7570e-05 -2.3280e-05 -1.3508e-05 -7.3236e-06 -3.7004e-06 -1.7378e-06 -7.5632e-07 -3.0405e-07 -1.1252e-07 -3.8186e-08 -1.1836e-08 -3.3357e-09 -8.5073e-10 -1.9533e-10 -4.0146e-11 -7.3416e-12 -1.1867e-12 -1.6832e-13 -2.0789e-14 -2.2167e-15 -2.0221e-16 -1.5622e-17 -1.0110e-18 -5.4154e-20 -2.3701e-21 -8.3547e-23 -2.3353e-24 -5.0881e-26 -8.4801e-28 -1.0590e-29 -9.6845e-32 -6.3251e-34 -2.8691e-36 -8.7643e-39 -1.7423e-41 -2.1697e-44 -1.6223e-47 -6.9459e-51 -1.6148e-54 -1.9204e-58 -1.0925e-62 -2.7565e-67 -2.8310e-72 -1.0738e-77 -1.3463e-83 -4.9163e-90 -4.5219e-97 -8.8631e-105 -3.0516e-113 -1.4749e-122 -7.7047e-133 -3.2030e-144 -7.3896e-157 -6.1757e-171 -1.1251e-186 -2.4321e-204 -2.9955e-224 -8.6255e-247 -1.9518e-272 -9.0357e-302 -0.0000e+00 -0.0000e+00 -0.0000e+00 -0.0000e+00 -0.0000e+00 -0.0000e+00 -0.0000e+00 -0.0000e+00 -0.0000e+00 -0.0000e+00 -0.0000e+00 -0.0000e+00 -0.0000e+00 -0.0000e+00 -0.0000e+00 -0.0000e+00 -0.0000e+00 -0.0000e+00 -0.0000e+00 -0.0000e+00 -0.0000e+00 -6.1793e-06 -9.2139e-06 -1.2200e-05 -1.5434e-05 -1.8930e-05 -2.2542e-05 -2.6007e-05 -2.8987e-05 -3.1126e-05 -3.2120e-05 -3.1783e-05 0.0000e+00 -2.7226e-05 -2.3483e-05 -1.9279e-05 -1.5040e-05 -1.1127e-05 -7.7938e-06 -5.1576e-06 -3.2180e-06 -1.8889e-06 -1.0406e-06 -5.3673e-07 -2.5847e-07 -1.1588e-07 -4.8215e-08 -1.8557e-08 -6.5827e-09 -2.1438e-09 -6.3832e-10 -1.7298e-10 -4.2459e-11 -9.3892e-12 -1.8600e-12 -3.2807e-13 -5.1177e-14 -7.0094e-15 -8.3637e-16 -8.6201e-17 -7.6033e-18 -5.6818e-19 -3.5579e-20 -1.8447e-21 -7.8164e-23 -2.6682e-24 -7.2235e-26 -1.5246e-27 -2.4617e-29 -2.9785e-31 -2.6394e-33 -1.6703e-35 -7.3417e-38 -2.1731e-40 -4.1855e-43 -5.0496e-46 -3.6574e-49 -1.5166e-52 -3.4140e-56 -3.9307e-60 -2.1643e-64 -5.2835e-69 -5.2484e-74 -1.9247e-79 -2.3322e-85 -8.2270e-92 -7.3060e-99 -1.3818e-106 -4.5880e-115 -2.1370e-124 -1.0750e-134 -4.3001e-146 -9.5372e-159 -7.6549e-173 -1.3380e-188 -2.7715e-206 -3.2670e-226 -8.9907e-249 -1.9413e-274 -8.5615e-304 -0.0000e+00 -0.0000e+00 -0.0000e+00 -0.0000e+00 -0.0000e+00 -0.0000e+00 -0.0000e+00 -0.0000e+00 -0.0000e+00 -0.0000e+00 -0.0000e+00 -0.0000e+00 -0.0000e+00 -0.0000e+00 -0.0000e+00 -0.0000e+00 -0.0000e+00 -0.0000e+00 -0.0000e+00 -0.0000e+00 -0.0000e+00
-3.7884e-06 -7.2498e-06 -1.2929e-05 -2.1845e-05 -3.4851e-05 -5.2511e-05 -7.4844e-05 -1.0107e-04 -1.2944e-04 -1.5732e-04 -1.8149e-04 -1.9867e-04 4.2481e-02 -2.0308e-04 -1.8935e-04 -1.6704e-04 -1.3926e-04 -1.0958e-04 -8.1252e-05 -5.6676e-05 -3.7121e-05 -2.2782e-05 -1.3072e-05 -6.9954e-06 -3.4818e-06 -1.6072e-06 -6.8587e-07 -2.6966e-07 -9.7311e-08 -3.2103e-08 -9.6396e-09 -2.6221e-09 -6.4279e-10 -1.4123e-10 -2.7641e-11 -4.7881e-12 -7.2883e-13 -9.6739e-14 -1.1103e-14 -1.0919e-15 -9.1094e-17 -6.3776e-18 -3.7030e-19 -1.7602e-20 -6.7532e-22 -2.0591e-23 -4.9058e-25 -8.9630e-27 -1.2303e-28 -1.2403e-30 -8.9562e-33 -4.5065e-35 -1.5323e-37 -3.4029e-40 -4.7528e-43 -4.0024e-46 -1.9386e-49 -5.1230e-53 -6.9616e-57 -4.5505e-61 -1.3270e-65 -1.5853e-70 -7.0435e-76 -1.0422e-81 -4.5285e-88 -5.0001e-95 -1.1878e-102 -5.0094e-111 -2.9999e-120 -1.9664e-130 -1.0402e-141 -3.1006e-154 -3.4056e-168 -8.3097e-184 -2.4570e-201 -4.2384e-221 -1.7554e-243 -5.8876e-269 -4.1806e-298 -0.0000e+00 -0.0000e+00 -0.0000e+00 -0.0000e+00 -0.0000e+00 -0.0000e+00 -0.0000e+00 -0.0000e+00 -0.0000e+00 -0.0000e+00 -0.0000e+00 -0.0000e+00 -0.0000e+00 -0.0000e+00 -0.0000e+00 -0.0000e+00 -0.0000e+00 -0.0000e+00 -0.0000e+00 -0.0000e+00 -0.0000e+00 -3.4441e-06 -5.2469e-06 -7.1751e-06 -9.4427e-06 -1.2103e-05 -1.5101e-05 -1.8285e-05 -2.1409e-05 -2.4167e-05 -2.6230e-05 -2.7311e-05 -2.7226e-05 0.0000e+00 -2.3568e-05 -2.0394e-05 -1.6775e-05 -1.3093e-05 -9.6793e-06 -6.7640e-06 -4.4590e-06 -2.7670e-06 -1.6125e-06 -8.8028e-07 -4.4900e-07 -2.1337e-07 -9.4172e-08 -3.8477e-08 -1.4502e-08 -5.0225e-09 -1.5918e-09 -4.5963e-10 -1.2033e-10 -2.8413e-11 -6.0173e-12 -1.1360e-12 -1.8992e-13 -2.7916e-14 -3.5799e-15 -3.9715e-16 -3.7767e-17 -3.0479e-18 -2.0649e-19 -1.1605e-20 -5.3408e-22 -1.9843e-23 -5.8605e-25 -1.3526e-26 -2.3942e-28 -3.1842e-30 -3.1105e-32 -2.1766e-34 -1.0612e-36 -3.4964e-39 -7.5235e-42 -1.0180e-44 -8.3046e-48 -3.8958e-51 -9.9696e-55 -1.3116e-58 -8.2977e-63 -2.3413e-67 -2.7055e-72 -1.1622e-77 -1.6621e-83 -6.9764e-90 -7.4372e-97 -1.7049e-104 -6.9340e-113 -4.0018e-122 -2.5261e-132 -1.2857e-143 -3.6845e-156 -3.8868e-170 -9.0989e-186 -2.5781e-203 -4.2565e-223 -1.6850e-245 -5.3925e-271 -3.6476e-300 -0.0000e+00 -0.0000e+00 -0.0000e+00 -0.0000e+00 -0.0000e+00 -0.0000e+00 -0.0000e+00 -0.0000e+00 -0.0000e+00 -0.0000e+00 -0.0000e+00 -0.0000e+00 -0.0000e+00 -0.0000e+00 -0.0000e+00 -0.0000e+00 -0.0000e+00 -0.0000e+00 -0.0000e+00 -0.0000e+00 -0.0000e+00
-2.0203e-06 -4.0648e-06 -7.6541e-06 -1.3626e-05 -2.2866e-05 -3.6214e-05 -5.4255e-05 -7.7027e-05 -1.0375e-04 -1.3267e-04 -1.6108e-04 -1.8567e-04 -2.0308e-04 4.9447e-02 -2.0705e-04 -1.9265e-04 -1.6948e-04 -1.4078e-04 -1.1026e-04 -8.1278e-05 -5.6292e-05 -3.6555e-05 -2.2208e-05 -1.2591e-05 -6.6446e-06 -3.2545e-06 -1.4749e-06 -6.1629e-07 -2.3659e-07 -8.3110e-08 -2.6599e-08 -7.7200e-09 -2.0216e-09 -4.7500e-10 -9.9549e-11 -1.8488e-11 -3.0215e-12 -4.3121e-13 -5.3295e-14 -5.6531e-15 -5.0957e-16 -3.8616e-17 -2.4315e-18 -1.2560e-19 -5.2476e-21 -1.7465e-22 -4.5523e-24 -9.1231e-26 -1.3773e-27 -1.5315e-29 -1.2236e-31 -6.8341e-34 -2.5882e-36 -6.4260e-39 -1.0073e-41 -9.5612e-45 -5.2433e-48 -1.5764e-51 -2.4498e-55 -1.8415e-59 -6.2125e-64 -8.6422e-69 -4.5021e-74 -7.8708e-80 -4.0736e-86 -5.4056e-93 -1.5584e-100 -8.0606e-109 -5.9892e-118 -4.9335e-128 -3.3256e-139 -1.2830e-151 -1.8552e-165 -6.0742e-181 -2.4616e-198 -5.9603e-218 -3.5589e-240 -1.7737e-265 -1.9370e-294 -0.0000e+00 -0.0000e+00 -0.0000e+00 -0.0000e+00 -0.0000e+00 -0.0000e+00 -0.0000e+00 -0.0000e+00 -0.0000e+00 -0.0000e+00 -0.0000e+00 -0.0000e+00 -0.0000e+00 -0.0000e+00 -0.0000e+00 -0.0000e+00 -0.0000e+00 -0.0000e+00 -0.0000e+00 -0.0000e+00 -0.0000e+00 -1.8101e-06 -2.8220e-06 -3.9932e-06 -5.4768e-06 -7.3460e-06 -9.6142e-06 -1.2227e-05 -1.5049e-05 -1.7867e-05 -2.0406e-05 -2.2368e-05 -2.3483e-05 -2.3568e-05 0.0000e+00 -2.0595e-05 -1.7870e-05 -1.4720e-05 -1.1489e-05 -8.4814e-06 -5.9096e-06 -3.8782e-06 -2.3915e-06 -1.3825e-06 -7.4718e-07 -3.7649e-07 -1.7633e-07 -7.6514e-08 -3.0652e-08 -1.1294e-08 -3.8117e-09 -1.1732e-09 -3.2773e-10 -8.2668e-11 -1.8724e-11 -3.7852e-12 -6.7851e-13 -1.0708e-13 -1.4766e-14 -1.7641e-15 -1.8095e-16 -1.5778e-17 -1.1571e-18 -7.0526e-20 -3.5271e-21 -1.4272e-22 -4.6007e-24 -1.1617e-25 -2.2557e-27 -3.2997e-29 -3.5555e-31 -2.7528e-33 -1.4898e-35 -5.4675e-38 -1.3153e-40 -1.9976e-43 -1.8367e-46 -9.7558e-50 -2.8403e-53 -4.2733e-57 -3.1090e-61 -1.0149e-65 -1.3656e-70 -6.8787e-76 -1.1623e-81 -5.8112e-88 -7.4455e-95 -2.0714e-102 -1.0332e-110 -7.3987e-120 -5.8692e-130 -3.8068e-141 -1.4119e-153 -1.9609e-167 -6.1598e-183 -2.3925e-200 -5.5437e-220 -3.1637e-242 -1.5046e-267 -1.5654e-296 -0.0000e+00 -0.0000e+00 -0.0000e+00 -0.0000e+00 -0.0000e+00 -0.0000e+00 -0.0000e+00 -0.0000e+00 -0.0000e+00 -0.0000e+00 -0.0000e+00 -0.0000e+00 -0.0000e+00 -0.0000e+00 -0.0000e+00 -0.0000e+00 -0.0000e+00 -0.0000e+00 -0.0000e+00 -0.0000e+00 -0.0000e+00
-1.0158e-06 -2.1520e-06 -4.2792e-06 -8.0246e-06 -1.4164e-05 -2.3585e-05 -3.7154e-05 -5.5481e-05 -7.8631e-05 -1.0583e-04 -1.3530e-04 -1.6428e-04 -1.8935e-04 -2.0705e-04 5.6990e-02 -2.1071e-04 -1.9567e-04 -1.7166e-04 -1.4206e-04 -1.1072e-04 -8.1124e-05 -5.5763e-05 -3.5883e-05 -2.1564e-05 -1.2071e-05 -6.2762e-06 -3.0217e-06 -1.3426e-06 -5.4854e-07 -2.0527e-07 -7.0057e-08 -2.1705e-08 -6.0742e-09 -1.5271e-09 -3.4285e-10 -6.8303e-11 -1.1991e-11 -1.8409e-12 -2.4514e-13 -2.8061e-14 -2.7344e-15 -2.2442e-16 -1.5333e-17 -8.6116e-19 -3.9207e-20 -1.4251e-21 -4.0667e-23 -8.9452e-25 -1.4863e-26 -1.8242e-28 -1.6137e-30 -1.0011e-32 -4.2263e-35 -1.1740e-37 -2.0672e-40 -2.2134e-43 -1.3754e-46 -4.7088e-50 -8.3761e-54 -7.2476e-58 -2.8316e-62 -4.5914e-67 -2.8077e-72 -5.8060e-78 -3.5838e-84 -5.7227e-91 -2.0048e-98 -1.2736e-106 -1.1759e-115 -1.2191e-125 -1.0490e-136 -5.2470e-149 -1.0008e-162 -4.4058e-178 -2.4526e-195 -8.3547e-215 -7.2101e-237 -5.3544e-262 -9.0198e-291 -4.9407e-324 -0.0000e+00 -0.0000e+00 -0.0000e+00 -0.0000e+00 -0.0000e+00 -0.0000e+00 -0.0000e+00 -0.0000e+00 -0.0000e+00 -0.0000e+00 -0.0000e+00 -0.0000e+00 -0.0000e+00 -0.0000e+00 -0.0000e+00 -0.0000e+00 -0.0000e+00 -0.0000e+00 -0.0000e+00 -0.0000e+00 -8.9613e-07 -1.4321e-06 -2.1008e-06 -3.0076e-06 -4.2267e-06 -5.8077e-06 -7.7628e-06 -1.0050e-05 -1.2556e-05 -1.5098e-05 -1.7430e-05 -1.9279e-05 -2.0394e-05 -2.0595e-05 0.0000e+00 -1.8149e-05 -1.5783e-05 -1.3013e-05 -1.0152e-05 -7.4792e-06 -5.1928e-06 -3.3900e-06 -2.0759e-06 -1.1893e-06 -6.3570e-07 -3.1608e-07 -1.4572e-07 -6.2077e-08 -2.4344e-08 -8.7529e-09 -2.8729e-09 -8.5677e-10 -2.3097e-10 -5.5976e-11 -1.2123e-11 -2.3312e-12 -3.9522e-13 -5.8628e-14 -7.5468e-15 -8.3542e-16 -7.8754e-17 -6.2549e-18 -4.1370e-19 -2.2497e-20 -9.9192e-22 -3.4923e-23 -9.6548e-25 -2.0577e-26 -3.3129e-28 -3.9402e-30 -3.3777e-32 -2.0306e-34 -8.3069e-37 -2.2359e-39 -3.8145e-42 -3.9564e-45 -2.3813e-48 -7.8949e-52 -1.3596e-55 -1.1387e-59 -4.3048e-64 -6.7518e-69 -3.9923e-74 -7.9790e-80 -4.7579e-86 -7.3358e-93 -2.4800e-100 -1.5194e-108 -1.3520e-117 -1.3499e-127 -1.1177e-138 -5.3745e-151 -9.8471e-165 -4.1586e-180 -2.2185e-197 -7.2331e-217 -5.9661e-239 -4.2280e-264 -6.7853e-293 -0.0000e+00 -0.0000e+00 -0.0000e+00 -0.0000e+00 -0.0000e+00 -0.0000e+00 -0.0000e+00 -0.0000e+00 -0.0000e+00 -0.0000e+00 -0.0000e+00 -0.0000e+00 -0.0000e+00 -0.0000e+00 -0.0000e+00 -0.0000e+00 -0.0000e+00 -0.0000e+00 -0.0000e+00 -0.0000e+00 -0.0000e+00
-4.8097e-07 -1.0743e-06 -2.2557e-06 -4.4554e-06 -8.2724e-06 -1.4487e-05 -2.4007e-05 -3.7724e-05 -5.6281e-05 -7.9771e-05 -1.0743e-04 -1.3746e-04 -1.6704e-04 -1.9265e-04 -2.1071e-04 6.5129e-02 -2.1414e-04 -1.9850e-04 -1.7366e-04 -1.4316e-04 -1.1101e-04 -8.0809e-05 -5.5104e-05 -3.5116e-05 -2.0860e-05 -1.1519e-05 -5.8945e-06 -2.7862e-06 -1.2121e-06 -4.8342e-07 -1.7602e-07 -5.8245e-08 -1.7428e-08 -4.6904e-09 -1.1287e-09 -2.4134e-10 -4.5535e-11 -7.5246e-12 -1.0802e-12 -1.3351e-13 -1.4073e-14 -1.2516e-15 -9.2851e-17 -5.6736e-18 -2.8164e-19 -1.1188e-20 -3.4976e-22 -8.4503e-24 -1.5464e-25 -2.0965e-27 -2.0549e-29 -1.4172e-31 -6.6743e-34 -2.0761e-36 -4.1099e-39 -4.9683e-42 -3.5018e-45 -1.3665e-48 -2.7851e-52 -2.7769e-56 -1.2578e-60 -2.3800e-65 -1.7105e-70 -4.1890e-76 -3.0877e-82 -5.9415e-89 -2.5330e-96 -1.9794e-104 -2.2746e-113 -2.9732e-123 -3.2716e-134 -2.1257e-146 -5.3591e-160 -3.1791e-175 -2.4367e-192 -1.1708e-211 -1.4643e-233 -1.6251e-258 -4.2366e-287 -4.9505e-320 -0.0000e+00 -0.0000e+00 -0.0000e+00 -0.0000e+00 -0.0000e+00 -0.0000e+00 -0.0000e+00 -0.0000e+00 -0.0000e+00 -0.0000e+00 -0.0000e+00 -0.0000e+00 -0.0000e+00 -0.0000e+00 -0.0000e+00 -0.0000e+00 -0.0000e+00 -0.0000e+00 -0.0000e+00 -0.0000e+00 -4.1741e-07 -6.8483e-07 -1.0433e-06 -1.5614e-06 -2.3017e-06 -3.3231e-06 -4.6717e-06 -6.3647e-06 -8.3728e-06 -1.0604e-05 -1.2899e-05 -1.5040e-05 -1.6775e-05 -1.7870e-05 -1.8149e-05 0.0000e+00 -1.6115e-05 -1.4040e-05 -1.1580e-05 -9.0250e-06 -6.6323e-06 -4.5856e-06 -2.9759e-06 -1.8080e-06 -1.0257e-06 -5.4163e-07 -2.6543e-07 -1.2029e-07 -5.0232e-08 -1.9251e-08 -6.7415e-09 -2.1473e-09 -6.1897e-10 -1.6059e-10 -3.7280e-11 -7.6942e-12 -1.4020e-12 -2.2387e-13 -3.1066e-14 -3.7135e-15 -3.7867e-16 -3.2592e-17 -2.3406e-18 -1.3848e-19 -6.6578e-21 -2.5618e-22 -7.7591e-24 -1.8164e-25 -3.2209e-27 -4.2316e-29 -4.0193e-31 -2.6863e-33 -1.2259e-35 -3.6950e-38 -7.0872e-41 -8.2998e-44 -5.6663e-47 -2.1412e-50 -4.2253e-54 -4.0777e-58 -1.7872e-62 -3.2712e-67 -2.2732e-72 -5.3807e-78 -3.8316e-84 -7.1190e-91 -2.9289e-98 -2.2072e-106 -2.4446e-115 -3.0773e-125 -3.2583e-136 -2.0355e-148 -4.9286e-162 -2.8051e-177 -2.0604e-194 -9.4753e-214 -1.1327e-235 -1.1997e-260 -2.9795e-289 -3.3102e-322 -0.0000e+00 -0.0000e+00 -0.0000e+00 -0.0000e+00 -0.0000e+00 -0.0000e+00 -0.0000e+00 -0.0000e+00 -0.0000e+00 -0.0000e+00 -0.0000e+00 -0.0000e+00 -0.0000e+00 -0.0000e+00 -0.0000e+00 -0.0000e+00 -0.0000e+00 -0.0000e+00 -0.0000e+00 -0.0000e+00
