2.9494e-08 -1.6568e-08 -3.0472e-08 -4.6988e-08 -6.5793e-08 -8.6676e-08 -1.0948e-07 -1.3408e-07 -1.6035e-07 -1.8818e-07 -2.1744e-07 -2.4797e-07 -2.7959e-07 -3.1208e-07 -3.4517e-07 -3.7851e-07 -4.1172e-07 -4.4433e-07 -4.7579e-07 -5.0549e-07 -5.3272e-07 -5.5674e-07 -5.7672e-07 -5.9182e-07 -6.0122e-07 -6.0413e-07 -5.9986e-07 -5.8792e-07 -5.6803e-07 -5.4021e-07 -5.0485e-07 -4.6276e-07 -4.1514e-07 -3.6360e-07 -3.1007e-07 -2.5665e-07 -2.0547e-07 -1.5847e-07 -1.1722e-07 -8.2731e-08 -5.5395e-08 -3.4958e-08 -2.0637e-08 -1.1301e-08 -5.6851e-09 -2.5984e-09 -1.0655e-09 -3.8631e-10 -1.2181e-10 -3.2764e-11 -7.3539e-12 -1.3425e-12 -1.9351e-13 -2.1276e-14 -1.7139e-15 -9.6514e-17 -3.5953e-18 -8.3031e-20 -1.1011e-21 -7.6577e-24 -2.5072e-26 -3.3976e-29 -1.6332e-32 -2.3125e-36 -7.7052e-41 -4.5982e-46 -3.5218e-52 -2.2991e-59 -7.7176e-68 -7.1090e-78 -8.1932e-90 -4.3942e-104 -3.1270e-121 -5.9331e-142 -3.7884e-167 -5.5024e-198 -5.2638e-236 -2.9962e-283 -0.0000e+00 -0.0000e+00 -0.0000e+00 -0.0000e+00 -0.0000e+00 -0.0000e+00 -0.0000e+00 -0.0000e+00 -0.0000e+00 -0.0000e+00 -0.0000e+00 -0.0000e+00 -0.0000e+00 -0.0000e+00 -0.0000e+00 -0.0000e+00 -0.0000e+00 -0.0000e+00 -0.0000e+00 -0.0000e+00 -0.0000e+00 -0.0000e+00 0.0000e+00 -1.6568e-08 -3.0472e-08 -4.6988e-08 -6.5793e-08 -8.6676e-08 -1.0948e-07 -1.3408e-07 -1.6035e-07 -1.8818e-07 -2.1744e-07 -2.4797e-07 -2.7959e-07 -3.1208e-07 -3.4517e-07 -3.7851e-07 -4.1172e-07 -4.4433e-07 -4.7579e-07 -5.0549e-07 -5.3272e-07 -5.5674e-07 -5.7672e-07 -5.9182e-07 -6.0122e-07 -6.0413e-07 -5.9986e-07 -5.8792e-07 -5.6803e-07 -5.4021e-07 -5.0485e-07 -4.6276e-07 -4.1514e-07 -3.6360e-07 -3.1007e-07 -2.5665e-07 -2.0547e-07 -1.5847e-07 -1.1722e-07 -8.2731e-08 -5.5395e-08 -3.4958e-08 -2.0637e-08 -1.1301e-08 -5.6851e-09 -2.5984e-09 -1.0655e-09 -3.8631e-10 -1.2180e-10 -3.2764e-11 -7.3539e-12 -1.3425e-12 -1.9351e-13 -2.1275e-14 -1.7139e-15 -9.6512e-17 -3.5952e-18 -8.3029e-20 -1.1011e-21 -7.6574e-24 -2.5071e-26 -3.3975e-29 -1.6331e-32 -2.3124e-36 -7.7047e-41 -4.5979e-46 -3.5215e-52 -2.2989e-59 -7.7168e-68 -7.1081e-78 -8.1920e-90 -4.3935e-104 -3.1264e-121 -5.9318e-142 -3.7873e-167 -5.5006e-198 -5.2618e-236 -2.9948e-283 -0.0000e+00 -0.0000e+00 -0.0000e+00 -0.0000e+00 -0.0000e+00 -0.0000e+00 -0.0000e+00 -0.0000e+00 -0.0000e+00 -0.0000e+00 -0.0000e+00 -0.0000e+00 -0.0000e+00 -0.0000e+00 -0.0000e+00 -0.0000e+00 -0.0000e+00 -0.0000e+00 -0.0000e+00 -0.0000e+00 -0.0000e+00 -0.0000e+00
-1.6568e-08 4.7237e-07 -8.6249e-08 -1.3300e-07 -1.8623e-07 -2.4533e-07 -3.0987e-07 -3.7949e-07 -4.5386e-07 -5.3263e-07 -6.1545e-07 -7.0187e-07 -7.9138e-07 -8.8334e-07 -9.7697e-07 -1.0714e-06 -1.1653e-06 -1.2576e-06 -1.3467e-06 -1.4308e-06 -1.5079e-06 -1.5758e-06 -1.6324e-06 -1.6751e-06 -1.7017e-06 -1.7100e-06 -1.6979e-06 -1.6641e-06 -1.6078e-06 -1.5290e-06 -1.4290e-06 -1.3098e-06 -1.1751e-06 -1.0292e-06 -8.7767e-07 -7.2646e-07 -5.8160e-07 -4.4856e-07 -3.3180e-07 -2.3418e-07 -1.5680e-07 -9.8953e-08 -5.8418e-08 -3.1990e-08 -1.6093e-08 -7.3556e-09 -3.0162e-09 -1.0936e-09 -3.4482e-10 -9.2755e-11 -2.0819e-11 -3.8008e-12 -5.4787e-13 -6.0238e-14 -4.8529e-15 -2.7329e-16 -1.0181e-17 -2.3514e-19 -3.1185e-21 -2.1689e-23 -7.1020e-26 -9.6253e-29 -4.6273e-32 -6.5531e-36 -2.1838e-40 -1.3035e-45 -9.9858e-52 -6.5208e-59 -2.1896e-67 -2.0177e-77 -2.3265e-89 -1.2484e-103 -8.8898e-121 -1.6881e-141 -1.0789e-166 -1.5688e-197 -1.5030e-235 -8.5702e-283 -0.0000e+00 -0.0000e+00 -0.0000e+00 -0.0000e+00 -0.0000e+00 -0.0000e+00 -0.0000e+00 -0.0000e+00 -0.0000e+00 -0.0000e+00 -0.0000e+00 -0.0000e+00 -0.0000e+00 -0.0000e+00 -0.0000e+00 -0.0000e+00 -0.0000e+00 -0.0000e+00 -0.0000e+00 -0.0000e+00 -0.0000e+00 -0.0000e+00 -1.6568e-08 0.0000e+00 -8.6249e-08 -1.3300e-07 -1.8623e-07 -2.4533e-07 -3.0987e-07 -3.7949e-07 -4.5386e-07 -5.3263e-07 -6.1545e-07 -7.0187e-07 -7.9138e-07 -8.8334e-07 -9.7697e-07 -1.0714e-06 -1.1653e-06 -1.2576e-06 -1.3467e-06 -1.4308e-06 -1.5079e-06 -1.5758e-06 -1.6324e-06 -1.6751e-06 -1.7017e-06 -1.7100e-06 -1.6979e-06 -1.6641e-06 -1.6078e-06 -1.5290e-06 -1.4290e-06 -1.3098e-06 -1.1750e-06 -1.0292e-06 -8.7765e-07 -7.2645e-07 -5.8158e-07 -4.4855e-07 -3.3179e-07 -2.3417e-07 -1.5679e-07 -9.8948e-08 -5.8414e-08 -3.1988e-08 -1.6092e-08 -7.3549e-09 -3.0159e-09 -1.0935e-09 -3.4478e-10 -9.2742e-11 -2.0816e-11 -3.8002e-12 -5.4776e-13 -6.0225e-14 -4.8516e-15 -2.7321e-16 -1.0178e-17 -2.3505e-19 -3.1172e-21 -2.1679e-23 -7.0981e-26 -9.6192e-29 -4.6240e-32 -6.5477e-36 -2.1817e-40 -1.3021e-45 -9.9733e-52 -6.5113e-59 -2.1859e-67 -2.0138e-77 -2.3212e-89 -1.2451e-103 -8.8621e-121 -1.6819e-141 -1.0742e-166 -1.5607e-197 -1.4937e-235 -8.5065e-283 -0.0000e+00 -0.0000e+00 -0.0000e+00 -0.0000e+00 -0.0000e+00 -0.0000e+00 -0.0000e+00 -0.0000e+00 -0.0000e+00 -0.0000e+00 -0.0000e+00 -0.0000e+00 -0.0000e+00 -0.0000e+00 -0.0000e+00 -0.0000e+00 -0.0000e+00 -0.0000e+00 -0.0000e+00 -0.0000e+00 -0.0000e+00 -0.0000e+00
-3.0472e-08 -8.6249e-08 2.3953e-06 -2.4462e-07 -3.4252e-07 -4.5123e-07 -5.6994e-07 -6.9799e-07 -8.3476e-07 -9.7965e-07 -1.1320e-06 -1.2909e-06 -1.4556e-06 -1.6247e-06 -1.7969e-06 -1.9705e-06 -2.1434e-06 -2.3131e-06 -2.4769e-06 -2.6316e-06 -2.7734e-06 -2.8984e-06 -3.0024e-06 -3.0811e-06 -3.1300e-06 -3.1451e-06 -3.1230e-06 -3.0608e-06 -2.9573e-06 -2.8125e-06 -2.6284e-06 -2.4093e-06 -2.1614e-06 -1.8931e-06 -1.6144e-06 -1.3363e-06 -1.0699e-06 -8.2517e-07 -6.1038e-07 -4.3082e-07 -2.8848e-07 -1.8206e-07 -1.0748e-07 -5.8861e-08 -2.9613e-08 -1.3536e-08 -5.5507e-09 -2.0127e-09 -6.3469e-10 -1.7074e-10 -3.8329e-11 -6.9983e-12 -1.0089e-12 -1.1095e-13 -8.9397e-15 -5.0354e-16 -1.8763e-17 -4.3347e-19 -5.7507e-21 -4.0011e-23 -1.3107e-25 -1.7772e-28 -8.5484e-32 -1.2114e-35 -4.0399e-40 -2.4134e-45 -1.8507e-51 -1.2100e-58 -4.0686e-67 -3.7553e-77 -4.3384e-89 -2.3335e-103 -1.6663e-120 -3.1747e-141 -2.0373e-166 -2.9772e-197 -2.8696e-235 -1.6486e-282 -0.0000e+00 -0.0000e+00 -0.0000e+00 -0.0000e+00 -0.0000e+00 -0.0000e+00 -0.0000e+00 -0.0000e+00 -0.0000e+00 -0.0000e+00 -0.0000e+00 -0.0000e+00 -0.0000e+00 -0.0000e+00 -0.0000e+00 -0.0000e+00 -0.0000e+00 -0.0000e+00 -0.0000e+00 -0.0000e+00 -0.0000e+00 -0.0000e+00 -3.0472e-08 -8.6249e-08 0.0000e+00 -2.4462e-07 -3.4252e-07 -4.5123e-07 -5.6994e-07 -6.9799e-07 -8.3476e-07 -9.7965e-07 -1.1320e-06 -1.2909e-06 -1.4555e-06 -1.6247e-06 -1.7969e-06 -1.9705e-06 -2.1434e-06 -2.3131e-06 -2.4769e-06 -2.6315e-06 -2.7733e-06 -2.8984e-06 -3.0024e-06 -3.0810e-06 -3.1299e-06 -3.1451e-06 -3.1229e-06 -3.0607e-06 -2.9572e-06 -2.8123e-06 -2.6283e-06 -2.4091e-06 -2.1613e-06 -1.8930e-06 -1.6143e-06 -1.3362e-06 -1.0697e-06 -8.2505e-07 -6.1028e-07 -4.3073e-07 -2.8841e-07 -1.8201e-07 -1.0745e-07 -5.8842e-08 -2.9601e-08 -1.3530e-08 -5.5480e-09 -2.0116e-09 -6.3430e-10 -1.7062e-10 -3.8299e-11 -6.9920e-12 -1.0079e-12 -1.1082e-13 -8.9280e-15 -5.0280e-16 -1.8732e-17 -4.3265e-19 -5.7382e-21 -3.9912e-23 -1.3070e-25 -1.7715e-28 -8.5172e-32 -1.2063e-35 -4.0205e-40 -2.4002e-45 -1.8390e-51 -1.2011e-58 -4.0342e-67 -3.7185e-77 -4.2890e-89 -2.3025e-103 -1.6404e-120 -3.1166e-141 -1.9933e-166 -2.9010e-197 -2.7822e-235 -1.5885e-282 -0.0000e+00 -0.0000e+00 -0.0000e+00 -0.0000e+00 -0.0000e+00 -0.0000e+00 -0.0000e+00 -0.0000e+00 -0.0000e+00 -0.0000e+00 -0.0000e+00 -0.0000e+00 -0.0000e+00 -0.0000e+00 -0.0000e+00 -0.0000e+00 -0.0000e+00 -0.0000e+00 -0.0000e+00 -0.0000e+00 -0.0000e+00 -0.0000e+00
-4.6988e-08 -1.3300e-07 -2.4462e-07 7.5873e-06 -5.2816e-07 -6.9580e-07 -8.7885e-07 -1.0763e-06 -1.2872e-06 -1.5106e-06 -1.7455e-06 -1.9906e-06 -2.2445e-06 -2.5053e-06 -2.7709e-06 -3.0386e-06 -3.3052e-06 -3.5670e-06 -3.8196e-06 -4.0580e-06 -4.2767e-06 -4.4695e-06 -4.6300e-06 -4.7513e-06 -4.8268e-06 -4.8502e-06 -4.8161e-06 -4.7204e-06 -4.5608e-06 -4.3375e-06 -4.0538e-06 -3.7160e-06 -3.3337e-06 -2.9201e-06 -2.4903e-06 -2.0614e-06 -1.6505e-06 -1.2731e-06 -9.4175e-07 -6.6475e-07 -4.4516e-07 -2.8096e-07 -1.6590e-07 -9.0862e-08 -4.5718e-08 -2.0901e-08 -8.5726e-09 -3.1091e-09 -9.8066e-10 -2.6389e-10 -5.9255e-11 -1.0823e-11 -1.5609e-12 -1.7172e-13 -1.3843e-14 -7.8020e-16 -2.9091e-17 -6.7255e-19 -8.9300e-21 -6.2191e-23 -2.0395e-25 -2.7690e-28 -1.3339e-31 -1.8934e-35 -6.3268e-40 -3.7884e-45 -2.9129e-51 -1.9103e-58 -6.4472e-67 -5.9765e-77 -6.9400e-89 -3.7555e-103 -2.7011e-120 -5.1910e-141 -3.3660e-166 -4.9810e-197 -4.8745e-235 -2.8528e-282 -0.0000e+00 -0.0000e+00 -0.0000e+00 -0.0000e+00 -0.0000e+00 -0.0000e+00 -0.0000e+00 -0.0000e+00 -0.0000e+00 -0.0000e+00 -0.0000e+00 -0.0000e+00 -0.0000e+00 -0.0000e+00 -0.0000e+00 -0.0000e+00 -0.0000e+00 -0.0000e+00 -0.0000e+00 -0.0000e+00 -0.0000e+00 -0.0000e+00 -4.6988e-08 -1.3300e-07 -2.4462e-07 0.0000e+00 -5.2816e-07 -6.9580e-07 -8.7885e-07 -1.0763e-06 -1.2872e-06 -1.5106e-06 -1.7455e-06 -1.9906e-06 -2.2445e-06 -2.5053e-06 -2.7709e-06 -3.0385e-06 -3.3051e-06 -3.5669e-06 -3.8195e-06 -4.0579e-06 -4.2766e-06 -4.4694e-06 -4.6298e-06 -4.7510e-06 -4.8265e-06 -4.8499e-06 -4.8157e-06 -4.7199e-06 -4.5602e-06 -4.3369e-06 -4.0531e-06 -3.7152e-06 -3.3330e-06 -2.9193e-06 -2.4895e-06 -2.0607e-06 -1.6498e-06 -1.2724e-06 -9.4123e-07 -6.6434e-07 -4.4484e-07 -2.8074e-07 -1.6574e-07 -9.0767e-08 -4.5664e-08 -2.0873e-08 -8.5596e-09 -3.1038e-09 -9.7875e-10 -2.6330e-10 -5.9107e-11 -1.0792e-11 -1.5559e-12 -1.7110e-13 -1.3787e-14 -7.7657e-16 -2.8938e-17 -6.6853e-19 -8.8692e-21 -6.1710e-23 -2.0215e-25 -2.7412e-28 -1.3186e-31 -1.8686e-35 -6.2321e-40 -3.7233e-45 -2.8554e-51 -1.8670e-58 -6.2784e-67 -5.7957e-77 -6.6967e-89 -3.6025e-103 -2.5730e-120 -4.9036e-141 -3.1478e-166 -4.6019e-197 -4.4379e-235 -2.5513e-282 -0.0000e+00 -0.0000e+00 -0.0000e+00 -0.0000e+00 -0.0000e+00 -0.0000e+00 -0.0000e+00 -0.0000e+00 -0.0000e+00 -0.0000e+00 -0.0000e+00 -0.0000e+00 -0.0000e+00 -0.0000e+00 -0.0000e+00 -0.0000e+00 -0.0000e+00 -0.0000e+00 -0.0000e+00 -0.0000e+00 -0.0000e+00 -0.0000e+00
-6.5793e-08 -1.8623e-07 -3.4252e-07 -5.2816e-07 1.8578e-05 -9.7427e-07 -1.2306e-06 -1.5071e-06 -1.8024e-06 -2.1152e-06 -2.4441e-06 -2.7873e-06 -3.1428e-06 -3.5080e-06 -3.8799e-06 -4.2547e-06 -4.6281e-06 -4.9947e-06 -5.3484e-06 -5.6824e-06 -5.9887e-06 -6.2588e-06 -6.4836e-06 -6.6536e-06 -6.7595e-06 -6.7925e-06 -6.7450e-06 -6.6111e-06 -6.3879e-06 -6.0755e-06 -5.6784e-06 -5.2054e-06 -4.6704e-06 -4.0911e-06 -3.4893e-06 -2.8887e-06 -2.3131e-06 -1.7844e-06 -1.3202e-06 -9.3205e-07 -6.2428e-07 -3.9410e-07 -2.3275e-07 -1.2751e-07 -6.4180e-08 -2.9351e-08 -1.2043e-08 -4.3697e-09 -1.3789e-09 -3.7127e-10 -8.3421e-11 -1.5247e-11 -2.2008e-12 -2.4234e-13 -1.9557e-14 -1.1035e-15 -4.1202e-17 -9.5402e-19 -1.2690e-20 -8.8552e-23 -2.9107e-25 -3.9622e-28 -1.9145e-31 -2.7271e-35 -9.1499e-40 -5.5045e-45 -4.2556e-51 -2.8087e-58 -9.5495e-67 -8.9294e-77 -1.0475e-88 -5.7362e-103 -4.1842e-120 -8.1756e-141 -5.4063e-166 -8.1884e-197 -8.2374e-235 -4.9814e-282 -0.0000e+00 -0.0000e+00 -0.0000e+00 -0.0000e+00 -0.0000e+00 -0.0000e+00 -0.0000e+00 -0.0000e+00 -0.0000e+00 -0.0000e+00 -0.0000e+00 -0.0000e+00 -0.0000e+00 -0.0000e+00 -0.0000e+00 -0.0000e+00 -0.0000e+00 -0.0000e+00 -0.0000e+00 -0.0000e+00 -0.0000e+00 -0.0000e+00 -6.5793e-08 -1.8623e-07 -3.4252e-07 -5.2816e-07 0.0000e+00 -9.7426e-07 -1.2306e-06 -1.5071e-06 -1.8024e-06 -2.1152e-06 -2.4441e-06 -2.7873e-06 -3.1428e-06 -3.5080e-06 -3.8798e-06 -4.2546e-06 -4.6279e-06 -4.9945e-06 -5.3482e-06 -5.6820e-06 -5.9882e-06 -6.2582e-06 -6.4829e-06 -6.6527e-06 -6.7585e-06 -6.7912e-06 -6.7434e-06 -6.6093e-06 -6.3858e-06 -6.0732e-06 -5.6759e-06 -5.2028e-06 -4.6676e-06 -4.0884e-06 -3.4867e-06 -2.8861e-06 -2.3107e-06 -1.7823e-06 -1.3184e-06 -9.3063e-07 -6.2319e-07 -3.9332e-07 -2.3223e-07 -1.2719e-07 -6.3995e-08 -2.9255e-08 -1.1998e-08 -4.3514e-09 -1.3724e-09 -3.6927e-10 -8.2913e-11 -1.5142e-11 -2.1836e-12 -2.4021e-13 -1.9362e-14 -1.0910e-15 -4.0675e-17 -9.4017e-19 -1.2481e-20 -8.6896e-23 -2.8488e-25 -3.8665e-28 -1.8618e-31 -2.6417e-35 -8.8227e-40 -5.2797e-45 -4.0567e-51 -2.6584e-58 -8.9634e-67 -8.3000e-77 -9.6257e-89 -5.2010e-103 -3.7343e-120 -7.1617e-141 -4.6326e-166 -6.8359e-197 -6.6675e-235 -3.8870e-282 -0.0000e+00 -0.0000e+00 -0.0000e+00 -0.0000e+00 -0.0000e+00 -0.0000e+00 -0.0000e+00 -0.0000e+00 -0.0000e+00 -0.0000e+00 -0.0000e+00 -0.0000e+00 -0.0000e+00 -0.0000e+00 -0.0000e+00 -0.0000e+00 -0.0000e+00 -0.0000e+00 -0.0000e+00 -0.0000e+00 -0.0000e+00 -0.0000e+00
-8.6676e-08 -2.4533e-07 -4.5123e-07 -6.9580e-07 -9.7427e-07 3.8660e-05 -1.6212e-06 -1.9854e-06 -2.3744e-06 -2.7866e-06 -3.2199e-06 -3.6720e-06 -4.1403e-06 -4.6215e-06 -5.1115e-06 -5.6053e-06 -6.0973e-06 -6.5804e-06 -7.0465e-06 -7.4867e-06 -7.8904e-06 -8.2465e-06 -8.5430e-06 -8.7674e-06 -8.9073e-06 -8.9512e-06 -8.8891e-06 -8.7133e-06 -8.4196e-06 -8.0086e-06 -7.4859e-06 -6.8632e-06 -6.1585e-06 -5.3955e-06 -4.6026e-06 -3.8110e-06 -3.0523e-06 -2.3552e-06 -1.7430e-06 -1.2309e-06 -8.2473e-07 -5.2084e-07 -3.0774e-07 -1.6868e-07 -8.4946e-08 -3.8872e-08 -1.5961e-08 -5.7959e-09 -1.8306e-09 -4.9338e-10 -1.1099e-10 -2.0312e-11 -2.9361e-12 -3.2385e-13 -2.6184e-14 -1.4806e-15 -5.5415e-17 -1.2866e-18 -1.7167e-20 -1.2023e-22 -3.9681e-25 -5.4269e-28 -2.6363e-31 -3.7784e-35 -1.2767e-39 -7.7428e-45 -6.0421e-51 -4.0308e-58 -1.3876e-66 -1.3162e-76 -1.5698e-88 -8.7630e-103 -6.5353e-120 -1.3102e-140 -8.9245e-166 -1.3988e-196 -1.4640e-234 -9.2655e-282 -0.0000e+00 -0.0000e+00 -0.0000e+00 -0.0000e+00 -0.0000e+00 -0.0000e+00 -0.0000e+00 -0.0000e+00 -0.0000e+00 -0.0000e+00 -0.0000e+00 -0.0000e+00 -0.0000e+00 -0.0000e+00 -0.0000e+00 -0.0000e+00 -0.0000e+00 -0.0000e+00 -0.0000e+00 -0.0000e+00 -0.0000e+00 -0.0000e+00 -8.6676e-08 -2.4533e-07 -4.5123e-07 -6.9580e-07 -9.7426e-07 0.0000e+00 -1.6212e-06 -1.9854e-06 -2.3744e-06 -2.7866e-06 -3.2198e-06 -3.6720e-06 -4.1403e-06 -4.6214e-06 -5.1113e-06 -5.6051e-06 -6.0969e-06 -6.5798e-06 -7.0458e-06 -7.4857e-06 -7.8892e-06 -8.2449e-06 -8.5410e-06 -8.7649e-06 -8.9043e-06 -8.9476e-06 -8.8848e-06 -8.7084e-06 -8.4141e-06 -8.0024e-06 -7.4791e-06 -6.8560e-06 -6.1510e-06 -5.3880e-06 -4.5952e-06 -3.8040e-06 -3.0458e-06 -2.3495e-06 -1.7382e-06 -1.2270e-06 -8.2176e-07 -5.1871e-07 -3.0631e-07 -1.6779e-07 -8.4438e-08 -3.8609e-08 -1.5838e-08 -5.7456e-09 -1.8126e-09 -4.8790e-10 -1.0959e-10 -2.0023e-11 -2.8889e-12 -3.1797e-13 -2.5646e-14 -1.4462e-15 -5.3961e-17 -1.2485e-18 -1.6591e-20 -1.1566e-22 -3.7972e-25 -5.1621e-28 -2.4904e-31 -3.5413e-35 -1.1857e-39 -7.1167e-45 -5.4872e-51 -3.6102e-58 -1.2231e-66 -1.1389e-76 -1.3295e-88 -7.2401e-103 -5.2470e-120 -1.0176e-140 -6.6710e-166 -1.0004e-196 -9.9509e-235 -5.9415e-282 -0.0000e+00 -0.0000e+00 -0.0000e+00 -0.0000e+00 -0.0000e+00 -0.0000e+00 -0.0000e+00 -0.0000e+00 -0.0000e+00 -0.0000e+00 -0.0000e+00 -0.0000e+00 -0.0000e+00 -0.0000e+00 -0.0000e+00 -0.0000e+00 -0.0000e+00 -0.0000e+00 -0.0000e+00 -0.0000e+00 -0.0000e+00 -0.0000e+00
-1.0948e-07 -3.0987e-07 -5.6994e-07 -8.7885e-07 -1.2306e-06 -1.6212e-06 7.1925e-05 -2.5077e-06 -2.9992e-06 -3.5197e-06 -4.0670e-06 -4.6382e-06 -5.2298e-06 -5.8376e-06 -6.4566e-06 -7.0805e-06 -7.7020e-06 -8.3124e-06 -8.9016e-06 -9.4579e-06 -9.9683e-06 -1.0419e-05 -1.0794e-05 -1.1078e-05 -1.1256e-05 -1.1312e-05 -1.1235e-05 -1.1014e-05 -1.0644e-05 -1.0126e-05 -9.4663e-06 -8.6805e-06 -7.7908e-06 -6.8272e-06 -5.8255e-06 -4.8251e-06 -3.8658e-06 -2.9841e-06 -2.2094e-06 -1.5611e-06 -1.0465e-06 -6.6135e-07 -3.9104e-07 -2.1451e-07 -1.0813e-07 -4.9530e-08 -2.0361e-08 -7.4032e-09 -2.3417e-09 -6.3217e-10 -1.4247e-10 -2.6129e-11 -3.7859e-12 -4.1871e-13 -3.3956e-14 -1.9267e-15 -7.2393e-17 -1.6883e-18 -2.2639e-20 -1.5945e-22 -5.2964e-25 -7.2966e-28 -3.5740e-31 -5.1710e-35 -1.7661e-39 -1.0842e-44 -8.5792e-51 -5.8146e-58 -2.0379e-66 -1.9730e-76 -2.4083e-88 -1.3802e-102 -1.0604e-119 -2.1986e-140 -1.5557e-165 -2.5450e-196 -2.7951e-234 -1.8678e-281 -0.0000e+00 -0.0000e+00 -0.0000e+00 -0.0000e+00 -0.0000e+00 -0.0000e+00 -0.0000e+00 -0.0000e+00 -0.0000e+00 -0.0000e+00 -0.0000e+00 -0.0000e+00 -0.0000e+00 -0.0000e+00 -0.0000e+00 -0.0000e+00 -0.0000e+00 -0.0000e+00 -0.0000e+00 -0.0000e+00 -0.0000e+00 -0.0000e+00 -1.0948e-07 -3.0987e-07 -5.6994e-07 -8.7885e-07 -1.2306e-06 -1.6212e-06 0.0000e+00 -2.5077e-06 -2.9991e-06 -3.5197e-06 -4.0669e-06 -4.6380e-06 -5.2296e-06 -5.8373e-06 -6.4561e-06 -7.0798e-06 -7.7011e-06 -8.3112e-06 -8.8999e-06 -9.4556e-06 -9.9654e-06 -1.0415e-05 -1.0789e-05 -1.1072e-05 -1.1249e-05 -1.1304e-05 -1.1225e-05 -1.1002e-05 -1.0631e-05 -1.0111e-05 -9.4505e-06 -8.6636e-06 -7.7733e-06 -6.8096e-06 -5.8082e-06 -4.8086e-06 -3.8506e-06 -2.9707e-06 -2.1981e-06 -1.5519e-06 -1.0396e-06 -6.5634e-07 -3.8767e-07 -2.1242e-07 -1.0693e-07 -4.8909e-08 -2.0072e-08 -7.2846e-09 -2.2993e-09 -6.1924e-10 -1.3918e-10 -2.5448e-11 -3.6746e-12 -4.0483e-13 -3.2686e-14 -1.8454e-15 -6.8950e-17 -1.5978e-18 -2.1271e-20 -1.4859e-22 -4.8897e-25 -6.6652e-28 -3.2255e-31 -4.6031e-35 -1.5477e-39 -9.3336e-45 -7.2367e-51 -4.7925e-58 -1.6360e-66 -1.5371e-76 -1.8133e-88 -9.9982e-103 -7.3531e-120 -1.4511e-140 -9.7132e-166 -1.4933e-196 -1.5302e-234 -9.4691e-282 -0.0000e+00 -0.0000e+00 -0.0000e+00 -0.0000e+00 -0.0000e+00 -0.0000e+00 -0.0000e+00 -0.0000e+00 -0.0000e+00 -0.0000e+00 -0.0000e+00 -0.0000e+00 -0.0000e+00 -0.0000e+00 -0.0000e+00 -0.0000e+00 -0.0000e+00 -0.0000e+00 -0.0000e+00 -0.0000e+00 -0.0000e+00 -0.0000e+00
-1.3408e-07 -3.7949e-07 -6.9799e-07 -1.0763e-06 -1.5071e-06 -1.9854e-06 -2.5077e-06 1.2330e-04 -3.6730e-06 -4.3106e-06 -4.9809e-06 -5.6804e-06 -6.4050e-06 -7.1495e-06 -7.9077e-06 -8.6721e-06 -9.4337e-06 -1.0182e-05 -1.0904e-05 -1.1586e-05 -1.2212e-05 -1.2764e-05 -1.3225e-05 -1.3574e-05 -1.3794e-05 -1.3865e-05 -1.3772e-05 -1.3503e-05 -1.3052e-05 -1.2420e-05 -1.1614e-05 -1.0653e-05 -9.5642e-06 -8.3844e-06 -7.1572e-06 -5.9309e-06 -4.7543e-06 -3.6722e-06 -2.7207e-06 -1.9238e-06 -1.2909e-06 -8.1653e-07 -4.8333e-07 -2.6546e-07 -1.3400e-07 -6.1476e-08 -2.5316e-08 -9.2233e-09 -2.9239e-09 -7.9132e-10 -1.7884e-10 -3.2903e-11 -4.7844e-12 -5.3127e-13 -4.3279e-14 -2.4682e-15 -9.3270e-17 -2.1892e-18 -2.9570e-20 -2.0997e-22 -7.0389e-25 -9.7980e-28 -4.8555e-31 -7.1175e-35 -2.4668e-39 -1.5397e-44 -1.2410e-50 -8.5870e-58 -3.0800e-66 -3.0599e-76 -3.8440e-88 -2.2746e-102 -1.8108e-119 -3.9056e-140 -2.8871e-165 -4.9585e-196 -5.7486e-234 -4.0808e-281 -0.0000e+00 -0.0000e+00 -0.0000e+00 -0.0000e+00 -0.0000e+00 -0.0000e+00 -0.0000e+00 -0.0000e+00 -0.0000e+00 -0.0000e+00 -0.0000e+00 -0.0000e+00 -0.0000e+00 -0.0000e+00 -0.0000e+00 -0.0000e+00 -0.0000e+00 -0.0000e+00 -0.0000e+00 -0.0000e+00 -0.0000e+00 -0.0000e+00 -1.3408e-07 -3.7949e-07 -6.9799e-07 -1.0763e-06 -1.5071e-06 -1.9854e-06 -2.5077e-06 0.0000e+00 -3.6729e-06 -4.3105e-06 -4.9807e-06 -5.6801e-06 -6.4046e-06 -7.1489e-06 -7.9068e-06 -8.6707e-06 -9.4317e-06 -1.0179e-05 -1.0900e-05 -1.1581e-05 -1.2206e-05 -1.2756e-05 -1.3215e-05 -1.3562e-05 -1.3779e-05 -1.3847e-05 -1.3751e-05 -1.3479e-05 -1.3025e-05 -1.2389e-05 -1.1581e-05 -1.0617e-05 -9.5274e-06 -8.3472e-06 -7.1207e-06 -5.8962e-06 -4.7224e-06 -3.6440e-06 -2.6969e-06 -1.9046e-06 -1.2762e-06 -8.0599e-07 -4.7625e-07 -2.6106e-07 -1.3148e-07 -6.0170e-08 -2.4708e-08 -8.9732e-09 -2.8345e-09 -7.6404e-10 -1.7189e-10 -3.1465e-11 -4.5491e-12 -5.0188e-13 -4.0588e-14 -2.2958e-15 -8.5956e-17 -1.9966e-18 -2.6653e-20 -1.8676e-22 -6.1679e-25 -8.4419e-28 -4.1046e-31 -5.8894e-35 -1.9925e-39 -1.2104e-44 -9.4631e-51 -6.3280e-58 -2.1847e-66 -2.0798e-76 -2.4916e-88 -1.3988e-102 -1.0507e-119 -2.1257e-140 -1.4651e-165 -2.3314e-196 -2.4885e-234 -1.6160e-281 -0.0000e+00 -0.0000e+00 -0.0000e+00 -0.0000e+00 -0.0000e+00 -0.0000e+00 -0.0000e+00 -0.0000e+00 -0.0000e+00 -0.0000e+00 -0.0000e+00 -0.0000e+00 -0.0000e+00 -0.0000e+00 -0.0000e+00 -0.0000e+00 -0.0000e+00 -0.0000e+00 -0.0000e+00 -0.0000e+00 -0.0000e+00 -0.0000e+00
-1.6035e-07 -4.5386e-07 -8.3476e-07 -1.2872e-06 -1.8024e-06 -2.3744e-06 -2.9992e-06 -3.6730e-06 1.9860e-04 -5.1554e-06 -5.9571e-06 -6.7938e-06 -7.6606e-06 -8.5512e-06 -9.4584e-06 -1.0373e-05 -1.1284e-05 -1.2180e-05 -1.3044e-05 -1.3861e-05 -1.4611e-05 -1.5274e-05 -1.5827e-05 -1.6248e-05 -1.6513e-05 -1.6601e-05 -1.6493e-05 -1.6176e-05 -1.5640e-05 -1.4887e-05 -1.3926e-05 -1.2779e-05 -1.1479e-05 -1.0068e-05 -8.5998e-06 -7.1313e-06 -5.7211e-06 -4.4228e-06 -3.2801e-06 -2.3220e-06 -1.5600e-06 -9.8815e-07 -5.8584e-07 -3.2235e-07 -1.6303e-07 -7.4967e-08 -3.0950e-08 -1.1308e-08 -3.5961e-09 -9.7669e-10 -2.2162e-10 -4.0956e-11 -5.9851e-12 -6.6832e-13 -5.4786e-14 -3.1463e-15 -1.1983e-16 -2.8373e-18 -3.8699e-20 -2.7780e-22 -9.4264e-25 -1.3300e-27 -6.6902e-31 -9.9714e-35 -3.5202e-39 -2.2423e-44 -1.8485e-50 -1.3111e-57 -4.8326e-66 -4.9469e-76 -6.4222e-88 -3.9398e-102 -3.2634e-119 -7.3519e-140 -5.7024e-165 -1.0330e-195 -1.2708e-233 -9.6416e-281 -0.0000e+00 -0.0000e+00 -0.0000e+00 -0.0000e+00 -0.0000e+00 -0.0000e+00 -0.0000e+00 -0.0000e+00 -0.0000e+00 -0.0000e+00 -0.0000e+00 -0.0000e+00 -0.0000e+00 -0.0000e+00 -0.0000e+00 -0.0000e+00 -0.0000e+00 -0.0000e+00 -0.0000e+00 -0.0000e+00 -0.0000e+00 -0.0000e+00 -1.6035e-07 -4.5386e-07 -8.3476e-07 -1.2872e-06 -1.8024e-06 -2.3744e-06 -2.9991e-06 -3.6729e-06 0.0000e+00 -5.1552e-06 -5.9568e-06 -6.7933e-06 -7.6598e-06 -8.5500e-06 -9.4565e-06 -1.0370e-05 -1.1281e-05 -1.2175e-05 -1.3037e-05 -1.3852e-05 -1.4600e-05 -1.5259e-05 -1.5808e-05 -1.6224e-05 -1.6484e-05 -1.6567e-05 -1.6453e-05 -1.6129e-05 -1.5587e-05 -1.4828e-05 -1.3862e-05 -1.2711e-05 -1.1408e-05 -9.9965e-06 -8.5294e-06 -7.0643e-06 -5.6595e-06 -4.3684e-06 -3.2341e-06 -2.2849e-06 -1.5316e-06 -9.6779e-07 -5.7216e-07 -3.1383e-07 -1.5816e-07 -7.2439e-08 -2.9772e-08 -1.0823e-08 -3.4227e-09 -9.2376e-10 -2.0813e-10 -3.8158e-11 -5.5269e-12 -6.1102e-13 -4.9531e-14 -2.8091e-15 -1.0549e-16 -2.4589e-18 -3.2953e-20 -2.3194e-22 -7.6992e-25 -1.0600e-27 -5.1884e-31 -7.5017e-35 -2.5605e-39 -1.5712e-44 -1.2429e-50 -8.4244e-58 -2.9542e-66 -2.8635e-76 -3.5030e-88 -2.0149e-102 -1.5567e-119 -3.2541e-140 -2.3299e-165 -3.8756e-196 -4.3557e-234 -3.0039e-281 -0.0000e+00 -0.0000e+00 -0.0000e+00 -0.0000e+00 -0.0000e+00 -0.0000e+00 -0.0000e+00 -0.0000e+00 -0.0000e+00 -0.0000e+00 -0.0000e+00 -0.0000e+00 -0.0000e+00 -0.0000e+00 -0.0000e+00 -0.0000e+00 -0.0000e+00 -0.0000e+00 -0.0000e+00 -0.0000e+00 -0.0000e+00 -0.0000e+00
-1.8818e-07 -5.3263e-07 -9.7965e-07 -1.5106e-06 -2.1152e-06 -2.7866e-06 -3.5197e-06 -4.3106e-06 -5.1554e-06 3.0457e-04 -6.9914e-06 -7.9735e-06 -8.9910e-06 -1.0037e-05 -1.1102e-05 -1.2176e-05 -1.3246e-05 -1.4299e-05 -1.5315e-05 -1.6276e-05 -1.7159e-05 -1.7940e-05 -1.8592e-05 -1.9090e-05 -1.9406e-05 -1.9515e-05 -1.9394e-05 -1.9027e-05 -1.8404e-05 -1.7526e-05 -1.6403e-05 -1.5061e-05 -1.3538e-05 -1.1883e-05 -1.0159e-05 -8.4323e-06 -6.7721e-06 -5.2418e-06 -3.8929e-06 -2.7600e-06 -1.8575e-06 -1.1789e-06 -7.0049e-07 -3.8638e-07 -1.9596e-07 -9.0385e-08 -3.7443e-08 -1.3733e-08 -4.3862e-09 -1.1970e-09 -2.7306e-10 -5.0764e-11 -7.4678e-12 -8.4004e-13 -6.9428e-14 -4.0235e-15 -1.5479e-16 -3.7059e-18 -5.1172e-20 -3.7234e-22 -1.2824e-24 -1.8393e-27 -9.4200e-31 -1.4319e-34 -5.1649e-39 -3.3681e-44 -2.8485e-50 -2.0774e-57 -7.8929e-66 -8.3505e-76 -1.1238e-87 -7.1700e-102 -6.1999e-119 -1.4644e-139 -1.1969e-164 -2.2982e-195 -3.0180e-233 -2.4649e-280 -0.0000e+00 -0.0000e+00 -0.0000e+00 -0.0000e+00 -0.0000e+00 -0.0000e+00 -0.0000e+00 -0.0000e+00 -0.0000e+00 -0.0000e+00 -0.0000e+00 -0.0000e+00 -0.0000e+00 -0.0000e+00 -0.0000e+00 -0.0000e+00 -0.0000e+00 -0.0000e+00 -0.0000e+00 -0.0000e+00 -0.0000e+00 -0.0000e+00 -1.8818e-07 -5.3263e-07 -9.7965e-07 -1.5106e-06 -2.1152e-06 -2.7866e-06 -3.5197e-06 -4.3105e-06 -5.1552e-06 0.0000e+00 -6.9908e-06 -7.9726e-06 -8.9895e-06 -1.0034e-05 -1.1098e-05 -1.2171e-05 -1.3240e-05 -1.4289e-05 -1.5302e-05 -1.6259e-05 -1.7137e-05 -1.7912e-05 -1.8558e-05 -1.9048e-05 -1.9354e-05 -1.9453e-05 -1.9321e-05 -1.8943e-05 -1.8309e-05 -1.7420e-05 -1.6288e-05 -1.4939e-05 -1.3410e-05 -1.1754e-05 -1.0032e-05 -8.3114e-06 -6.6611e-06 -5.1436e-06 -3.8098e-06 -2.6931e-06 -1.8063e-06 -1.1422e-06 -6.7576e-07 -3.7097e-07 -1.8714e-07 -8.5806e-08 -3.5310e-08 -1.2854e-08 -4.0713e-09 -1.1008e-09 -2.4850e-10 -4.5663e-11 -6.6307e-12 -7.3517e-13 -5.9789e-14 -3.4034e-15 -1.2835e-16 -3.0058e-18 -4.0500e-20 -2.8682e-22 -9.5875e-25 -1.3305e-27 -6.5717e-31 -9.6007e-35 -3.3159e-39 -2.0625e-44 -1.6570e-50 -1.1432e-57 -4.0912e-66 -4.0592e-76 -5.1004e-88 -3.0251e-102 -2.4211e-119 -5.2704e-140 -3.9533e-165 -6.9378e-196 -8.2931e-234 -6.1406e-281 -0.0000e+00 -0.0000e+00 -0.0000e+00 -0.0000e+00 -0.0000e+00 -0.0000e+00 -0.0000e+00 -0.0000e+00 -0.0000e+00 -0.0000e+00 -0.0000e+00 -0.0000e+00 -0.0000e+00 -0.0000e+00 -0.0000e+00 -0.0000e+00 -0.0000e+00 -0.0000e+00 -0.0000e+00 -0.0000e+00 -0.0000e+00 -0.0000e+00
-2.1744e-07 -6.1545e-07 -1.1320e-06 -1.7455e-06 -2.4441e-06 -3.2199e-06 -4.0670e-06 -4.9809e-06 -5.9571e-06 -6.9914e-06 4.4899e-04 -9.2141e-06 -1.0390e-05 -1.1599e-05 -1.2831e-05 -1.4073e-05 -1.5312e-05 -1.6529e-05 -1.7706e-05 -1.8820e-05 -1.9844e-05 -2.0751e-05 -2.1511e-05 -2.2093e-05 -2.2465e-05 -2.2599e-05 -2.2469e-05 -2.2054e-05 -2.1344e-05 -2.0338e-05 -1.9049e-05 -1.7504e-05 -1.5748e-05 -1.3837e-05 -1.1843e-05 -9.8432e-06 -7.9169e-06 -6.1380e-06 -4.5669e-06 -3.2447e-06 -2.1888e-06 -1.3928e-06 -8.3000e-07 -4.5931e-07 -2.3379e-07 -1.0827e-07 -4.5057e-08 -1.6608e-08 -5.3341e-09 -1.4647e-09 -3.3642e-10 -6.3018e-11 -9.3481e-12 -1.0613e-12 -8.8606e-14 -5.1925e-15 -2.0221e-16 -4.9066e-18 -6.8747e-20 -5.0827e-22 -1.7812e-24 -2.6031e-27 -1.3607e-30 -2.1146e-34 -7.8121e-39 -5.2278e-44 -4.5464e-50 -3.4175e-57 -1.3416e-65 -1.4708e-75 -2.0574e-87 -1.3695e-101 -1.2407e-118 -3.0854e-139 -2.6703e-164 -5.4667e-195 -7.7160e-233 -6.8393e-280 -0.0000e+00 -0.0000e+00 -0.0000e+00 -0.0000e+00 -0.0000e+00 -0.0000e+00 -0.0000e+00 -0.0000e+00 -0.0000e+00 -0.0000e+00 -0.0000e+00 -0.0000e+00 -0.0000e+00 -0.0000e+00 -0.0000e+00 -0.0000e+00 -0.0000e+00 -0.0000e+00 -0.0000e+00 -0.0000e+00 -0.0000e+00 -0.0000e+00 -2.1744e-07 -6.1545e-07 -1.1320e-06 -1.7455e-06 -2.4441e-06 -3.2198e-06 -4.0669e-06 -4.9807e-06 -5.9568e-06 -6.9908e-06 0.0000e+00 -9.2124e-06 -1.0388e-05 -1.1595e-05 -1.2825e-05 -1.4065e-05 -1.5300e-05 -1.6514e-05 -1.7685e-05 -1.8792e-05 -1.9808e-05 -2.0705e-05 -2.1453e-05 -2.2021e-05 -2.2378e-05 -2.2494e-05 -2.2345e-05 -2.1911e-05 -2.1182e-05 -2.0158e-05 -1.8852e-05 -1.7295e-05 -1.5530e-05 -1.3617e-05 -1.1626e-05 -9.6368e-06 -7.7272e-06 -5.9703e-06 -4.4250e-06 -3.1302e-06 -2.1012e-06 -1.3298e-06 -7.8763e-07 -4.3288e-07 -2.1866e-07 -1.0041e-07 -4.1387e-08 -1.5095e-08 -4.7911e-09 -1.2985e-09 -2.9392e-10 -5.4173e-11 -7.8933e-12 -8.7853e-13 -7.1760e-14 -4.1050e-15 -1.5567e-16 -3.6686e-18 -4.9783e-20 -3.5542e-22 -1.1990e-24 -1.6811e-27 -8.4020e-31 -1.2439e-34 -4.3619e-39 -2.7602e-44 -2.2613e-50 -1.5951e-57 -5.8543e-66 -5.9775e-76 -7.7595e-88 -4.7759e-102 -3.9866e-119 -9.1037e-140 -7.2109e-165 -1.3465e-195 -1.7278e-233 -1.3874e-280 -0.0000e+00 -0.0000e+00 -0.0000e+00 -0.0000e+00 -0.0000e+00 -0.0000e+00 -0.0000e+00 -0.0000e+00 -0.0000e+00 -0.0000e+00 -0.0000e+00 -0.0000e+00 -0.0000e+00 -0.0000e+00 -0.0000e+00 -0.0000e+00 -0.0000e+00 -0.0000e+00 -0.0000e+00 -0.0000e+00 -0.0000e+00 -0.0000e+00
-2.4797e-07 -7.0187e-07 -1.2909e-06 -1.9906e-06 -2.7873e-06 -3.6720e-06 -4.6382e-06 -5.6804e-06 -6.7938e-06 -7.9735e-06 -9.2141e-06 6.4070e-04 -1.1851e-05 -1.3231e-05 -1.4637e-05 -1.6055e-05 -1.7470e-05 -1.8862e-05 -2.0208e-05 -2.1483e-05 -2.2657e-05 -2.3699e-05 -2.4574e-05 -2.5248e-05 -2.5684e-05 -2.5850e-05 -2.5714e-05 -2.5256e-05 -2.4460e-05 -2.3326e-05 -2.1867e-05 -2.0116e-05 -1.8119e-05 -1.5942e-05 -1.3665e-05 -1.1377e-05 -9.1683e-06 -7.1235e-06 -5.3131e-06 -3.7850e-06 -2.5610e-06 -1.6352e-06 -9.7807e-07 -5.4351e-07 -2.7793e-07 -1.2938e-07 -5.4146e-08 -2.0084e-08 -6.4954e-09 -1.7972e-09 -4.1627e-10 -7.8695e-11 -1.1792e-11 -1.3535e-12 -1.1437e-13 -6.7904e-15 -2.6821e-16 -6.6087e-18 -9.4147e-20 -7.0863e-22 -2.5318e-24 -3.7777e-27 -2.0193e-30 -3.2143e-34 -1.2185e-38 -8.3839e-44 -7.5128e-50 -5.8330e-57 -2.3717e-65 -2.7012e-75 -3.9398e-87 -2.7456e-101 -2.6166e-118 -6.8839e-139 -6.3444e-164 -1.3938e-194 -2.1306e-232 -2.0676e-279 -0.0000e+00 -0.0000e+00 -0.0000e+00 -0.0000e+00 -0.0000e+00 -0.0000e+00 -0.0000e+00 -0.0000e+00 -0.0000e+00 -0.0000e+00 -0.0000e+00 -0.0000e+00 -0.0000e+00 -0.0000e+00 -0.0000e+00 -0.0000e+00 -0.0000e+00 -0.0000e+00 -0.0000e+00 -0.0000e+00 -0.0000e+00 -0.0000e+00 -2.4797e-07 -7.0187e-07 -1.2909e-06 -1.9906e-06 -2.7873e-06 -3.6720e-06 -4.6380e-06 -5.6801e-06 -6.7933e-06 -7.9726e-06 -9.2124e-06 0.0000e+00 -1.1847e-05 -1.3224e-05 -1.4627e-05 -1.6042e-05 -1.7451e-05 -1.8836e-05 -2.0174e-05 -2.1437e-05 -2.2598e-05 -2.3623e-05 -2.4480e-05 -2.5131e-05 -2.5541e-05 -2.5679e-05 -2.5513e-05 -2.5023e-05 -2.4196e-05 -2.3032e-05 -2.1547e-05 -1.9774e-05 -1.7764e-05 -1.5583e-05 -1.3312e-05 -1.1040e-05 -8.8585e-06 -6.8496e-06 -5.0810e-06 -3.5977e-06 -2.4177e-06 -1.5320e-06 -9.0858e-07 -5.0013e-07 -2.5307e-07 -1.1643e-07 -4.8098e-08 -1.7585e-08 -5.5972e-09 -1.5216e-09 -3.4565e-10 -6.3959e-11 -9.3607e-12 -1.0471e-12 -8.6009e-14 -4.9513e-15 -1.8911e-16 -4.4927e-18 -6.1522e-20 -4.4374e-22 -1.5143e-24 -2.1510e-27 -1.0909e-30 -1.6421e-34 -5.8663e-39 -3.7910e-44 -3.1802e-50 -2.3040e-57 -8.7141e-66 -9.2039e-76 -1.2412e-87 -7.9750e-102 -6.9876e-119 -1.6854e-139 -1.4201e-164 -2.8442e-195 -3.9517e-233 -3.4745e-280 -0.0000e+00 -0.0000e+00 -0.0000e+00 -0.0000e+00 -0.0000e+00 -0.0000e+00 -0.0000e+00 -0.0000e+00 -0.0000e+00 -0.0000e+00 -0.0000e+00 -0.0000e+00 -0.0000e+00 -0.0000e+00 -0.0000e+00 -0.0000e+00 -0.0000e+00 -0.0000e+00 -0.0000e+00 -0.0000e+00 -0.0000e+00 -0.0000e+00
-2.7959e-07 -7.9138e-07 -1.4556e-06 -2.2445e-06 -3.1428e-06 -4.1403e-06 -5.2298e-06 -6.4050e-06 -7.6606e-06 -8.9910e-06 -1.0390e-05 -1.1851e-05 8.8975e-04 -1.4922e-05 -1.6509e-05 -1.8111e-05 -1.9710e-05 -2.1284e-05 -2.2808e-05 -2.4252e-05 -2.5585e-05 -2.6771e-05 -2.7771e-05 -2.8545e-05 -2.9054e-05 -2.9259e-05 -2.9126e-05 -2.8630e-05 -2.7753e-05 -2.6494e-05 -2.4868e-05 -2.2907e-05 -2.0664e-05 -1.8213e-05 -1.5643e-05 -1.3052e-05 -1.0543e-05 -8.2145e-06 -6.1455e-06 -4.3930e-06 -2.9836e-06 -1.9131e-06 -1.1496e-06 -6.4216e-07 -3.3026e-07 -1.5471e-07 -6.5195e-08 -2.4367e-08 -7.9461e-09 -2.2187e-09 -5.1900e-10 -9.9178e-11 -1.5036e-11 -1.7478e-12 -1.4972e-13 -9.0210e-15 -3.6201e-16 -9.0727e-18 -1.3163e-19 -1.0103e-21 -3.6855e-24 -5.6235e-27 -3.0787e-30 -5.0280e-34 -1.9592e-38 -1.3885e-43 -1.2847e-49 -1.0326e-56 -4.3598e-65 -5.1743e-75 -7.8960e-87 -5.7842e-101 -5.8260e-118 -1.6301e-138 -1.6097e-163 -3.8216e-194 -6.3773e-232 -6.8369e-279 -0.0000e+00 -0.0000e+00 -0.0000e+00 -0.0000e+00 -0.0000e+00 -0.0000e+00 -0.0000e+00 -0.0000e+00 -0.0000e+00 -0.0000e+00 -0.0000e+00 -0.0000e+00 -0.0000e+00 -0.0000e+00 -0.0000e+00 -0.0000e+00 -0.0000e+00 -0.0000e+00 -0.0000e+00 -0.0000e+00 -0.0000e+00 -0.0000e+00 -2.7959e-07 -7.9138e-07 -1.4555e-06 -2.2445e-06 -3.1428e-06 -4.1403e-06 -5.2296e-06 -6.4046e-06 -7.6598e-06 -8.9895e-06 -1.0388e-05 -1.1847e-05 0.0000e+00 -1.4912e-05 -1.6495e-05 -1.8091e-05 -1.9681e-05 -2.1244e-05 -2.2754e-05 -2.4181e-05 -2.5493e-05 -2.6653e-05 -2.7622e-05 -2.8361e-05 -2.8830e-05 -2.8991e-05 -2.8811e-05 -2.8265e-05 -2.7339e-05 -2.6034e-05 -2.4365e-05 -2.2371e-05 -2.0107e-05 -1.7649e-05 -1.5087e-05 -1.2522e-05 -1.0056e-05 -7.7833e-06 -5.7800e-06 -4.0977e-06 -2.7575e-06 -1.7501e-06 -1.0398e-06 -5.7347e-07 -2.9083e-07 -1.3414e-07 -5.5568e-08 -2.0381e-08 -6.5099e-09 -1.7768e-09 -4.0541e-10 -7.5394e-11 -1.1096e-11 -1.2491e-12 -1.0333e-13 -5.9959e-15 -2.3105e-16 -5.5442e-18 -7.6779e-20 -5.6078e-22 -1.9408e-24 -2.8008e-27 -1.4458e-30 -2.2198e-34 -8.1083e-39 -5.3715e-44 -4.6328e-50 -3.4621e-57 -1.3556e-65 -1.4885e-75 -2.0963e-87 -1.4140e-101 -1.3082e-118 -3.3543e-139 -3.0276e-164 -6.5533e-195 -9.9424e-233 -9.6615e-280 -0.0000e+00 -0.0000e+00 -0.0000e+00 -0.0000e+00 -0.0000e+00 -0.0000e+00 -0.0000e+00 -0.0000e+00 -0.0000e+00 -0.0000e+00 -0.0000e+00 -0.0000e+00 -0.0000e+00 -0.0000e+00 -0.0000e+00 -0.0000e+00 -0.0000e+00 -0.0000e+00 -0.0000e+00 -0.0000e+00 -0.0000e+00 -0.0000e+00
-3.1208e-07 -8.8334e-07 -1.6247e-06 -2.5053e-06 -3.5080e-06 -4.6215e-06 -5.8376e-06 -7.1495e-06 -8.5512e-06 -1.0037e-05 -1.1599e-05 -1.3231e-05 -1.4922e-05 1.2074e-03 -1.8436e-05 -2.0228e-05 -2.2018e-05 -2.3781e-05 -2.5490e-05 -2.7113e-05 -2.8614e-05 -2.9952e-05 -3.1087e-05 -3.1972e-05 -3.2564e-05 -3.2819e-05 -3.2700e-05 -3.2175e-05 -3.1227e-05 -2.9850e-05 -2.8060e-05 -2.5891e-05 -2.3401e-05 -2.0670e-05 -1.7796e-05 -1.4889e-05 -1.2064e-05 -9.4315e-06 -7.0826e-06 -5.0841e-06 -3.4691e-06 -2.2358e-06 -1.3512e-06 -7.5945e-07 -3.9326e-07 -1.8560e-07 -7.8853e-08 -2.9735e-08 -9.7907e-09 -2.7625e-09 -6.5355e-10 -1.2642e-10 -1.9419e-11 -2.2894e-12 -1.9909e-13 -1.2190e-14 -4.9768e-16 -1.2704e-17 -1.8795e-19 -1.4729e-21 -5.4942e-24 -8.5847e-27 -4.8207e-30 -8.0903e-34 -3.2462e-38 -2.3745e-43 -2.2734e-49 -1.8966e-56 -8.3400e-65 -1.0349e-74 -1.6588e-86 -1.2830e-100 -1.3727e-117 -4.1081e-138 -4.3743e-163 -1.1305e-193 -2.0764e-231 -2.4822e-278 -0.0000e+00 -0.0000e+00 -0.0000e+00 -0.0000e+00 -0.0000e+00 -0.0000e+00 -0.0000e+00 -0.0000e+00 -0.0000e+00 -0.0000e+00 -0.0000e+00 -0.0000e+00 -0.0000e+00 -0.0000e+00 -0.0000e+00 -0.0000e+00 -0.0000e+00 -0.0000e+00 -0.0000e+00 -0.0000e+00 -0.0000e+00 -0.0000e+00 -3.1208e-07 -8.8334e-07 -1.6247e-06 -2.5053e-06 -3.5080e-06 -4.6214e-06 -5.8373e-06 -7.1489e-06 -8.5500e-06 -1.0034e-05 -1.1595e-05 -1.3224e-05 -1.4912e-05 0.0000e+00 -1.8414e-05 -2.0197e-05 -2.1974e-05 -2.3721e-05 -2.5409e-05 -2.7005e-05 -2.8473e-05 -2.9773e-05 -3.0861e-05 -3.1693e-05 -3.2225e-05 -3.2413e-05 -3.2222e-05 -3.1622e-05 -3.0599e-05 -2.9151e-05 -2.7297e-05 -2.5077e-05 -2.2555e-05 -1.9812e-05 -1.6951e-05 -1.4083e-05 -1.1322e-05 -8.7739e-06 -6.5247e-06 -4.6329e-06 -3.1232e-06 -1.9861e-06 -1.1826e-06 -6.5390e-07 -3.3254e-07 -1.5386e-07 -6.3964e-08 -2.3553e-08 -7.5564e-09 -2.0727e-09 -4.7555e-10 -8.8987e-11 -1.3188e-11 -1.4961e-12 -1.2484e-13 -7.3146e-15 -2.8494e-16 -6.9202e-18 -9.7133e-20 -7.2018e-22 -2.5346e-24 -3.7265e-27 -1.9640e-30 -3.0857e-34 -1.1564e-38 -7.8820e-44 -7.0167e-50 -5.4313e-57 -2.2114e-65 -2.5359e-75 -3.7484e-87 -2.6683e-101 -2.6218e-118 -7.1908e-139 -7.0003e-164 -1.6499e-194 -2.7563e-232 -2.9881e-279 -0.0000e+00 -0.0000e+00 -0.0000e+00 -0.0000e+00 -0.0000e+00 -0.0000e+00 -0.0000e+00 -0.0000e+00 -0.0000e+00 -0.0000e+00 -0.0000e+00 -0.0000e+00 -0.0000e+00 -0.0000e+00 -0.0000e+00 -0.0000e+00 -0.0000e+00 -0.0000e+00 -0.0000e+00 -0.0000e+00 -0.0000e+00 -0.0000e+00
-3.4517e-07 -9.7697e-07 -1.7969e-06 -2.7709e-06 -3.8799e-06 -5.1115e-06 -6.4566e-06 -7.9077e-06 -9.4584e-06 -1.1102e-05 -1.2831e-05 -1.4637e-05 -1.6509e-05 -1.8436e-05 1.6065e-03 -2.2390e-05 -2.4376e-05 -2.6335e-05 -2.8237e-05 -3.0046e-05 -3.1724e-05 -3.3226e-05 -3.4506e-05 -3.5514e-05 -3.6202e-05 -3.6522e-05 -3.6429e-05 -3.5891e-05 -3.4883e-05 -3.3401e-05 -3.1456e-05 -2.9086e-05 -2.6352e-05 -2.3339e-05 -2.0153e-05 -1.6917e-05 -1.3759e-05 -1.0800e-05 -8.1476e-06 -5.8781e-06 -4.0331e-06 -2.6152e-06 -1.5911e-06 -9.0082e-07 -4.7018e-07 -2.2383e-07 -9.5990e-08 -3.6565e-08 -1.2171e-08 -3.4747e-09 -8.3244e-10 -1.6320e-10 -2.5431e-11 -3.0443e-12 -2.6908e-13 -1.6763e-14 -6.9704e-16 -1.8144e-17 -2.7405e-19 -2.1956e-21 -8.3850e-24 -1.3435e-26 -7.7507e-30 -1.3390e-33 -5.5432e-38 -4.1942e-43 -4.1661e-49 -3.6179e-56 -1.6624e-64 -2.1651e-74 -3.6602e-86 -3.0031e-100 -3.4309e-117 -1.1048e-137 -1.2770e-162 -3.6193e-193 -7.3785e-231 -9.9298e-278 -0.0000e+00 -0.0000e+00 -0.0000e+00 -0.0000e+00 -0.0000e+00 -0.0000e+00 -0.0000e+00 -0.0000e+00 -0.0000e+00 -0.0000e+00 -0.0000e+00 -0.0000e+00 -0.0000e+00 -0.0000e+00 -0.0000e+00 -0.0000e+00 -0.0000e+00 -0.0000e+00 -0.0000e+00 -0.0000e+00 -0.0000e+00 -0.0000e+00 -3.4517e-07 -9.7697e-07 -1.7969e-06 -2.7709e-06 -3.8798e-06 -5.1113e-06 -6.4561e-06 -7.9068e-06 -9.4565e-06 -1.1098e-05 -1.2825e-05 -1.4627e-05 -1.6495e-05 -1.8414e-05 0.0000e+00 -2.2343e-05 -2.4311e-05 -2.6246e-05 -2.8117e-05 -2.9887e-05 -3.1517e-05 -3.2962e-05 -3.4174e-05 -3.5104e-05 -3.5703e-05 -3.5923e-05 -3.5725e-05 -3.5075e-05 -3.3957e-05 -3.2369e-05 -3.0330e-05 -2.7885e-05 -2.5101e-05 -2.2070e-05 -1.8903e-05 -1.5724e-05 -1.2659e-05 -9.8246e-06 -7.3188e-06 -5.2069e-06 -3.5179e-06 -2.2426e-06 -1.3390e-06 -7.4268e-07 -3.7900e-07 -1.7604e-07 -7.3501e-08 -2.7196e-08 -8.7726e-09 -2.4208e-09 -5.5919e-10 -1.0543e-10 -1.5756e-11 -1.8041e-12 -1.5212e-13 -9.0163e-15 -3.5575e-16 -8.7641e-18 -1.2497e-19 -9.4295e-22 -3.3836e-24 -5.0826e-27 -2.7431e-30 -4.4243e-34 -1.7068e-38 -1.2012e-43 -1.1078e-49 -8.9173e-57 -3.7913e-65 -4.5609e-75 -7.1096e-87 -5.3687e-101 -5.6340e-118 -1.6630e-138 -1.7580e-163 -4.5461e-194 -8.4330e-232 -1.0296e-278 -0.0000e+00 -0.0000e+00 -0.0000e+00 -0.0000e+00 -0.0000e+00 -0.0000e+00 -0.0000e+00 -0.0000e+00 -0.0000e+00 -0.0000e+00 -0.0000e+00 -0.0000e+00 -0.0000e+00 -0.0000e+00 -0.0000e+00 -0.0000e+00 -0.0000e+00 -0.0000e+00 -0.0000e+00 -0.0000e+00 -0.0000e+00 -0.0000e+00
-3.7851e-07 -1.0714e-06 -1.9705e-06 -3.0386e-06 -4.2547e-06 -5.6053e-06 -7.0805e-06 -8.6721e-06 -1.0373e-05 -1.2176e-05 -1.4073e-05 -1.6055e-05 -1.8111e-05 -2.0228e-05 -2.2390e-05 2.1011e-03 -2.6764e-05 -2.8925e-05 -3.1026e-05 -3.3029e-05 -3.4893e-05 -3.6569e-05 -3.8008e-05 -3.9154e-05 -3.9954e-05 -4.0354e-05 -4.0307e-05 -3.9774e-05 -3.8726e-05 -3.7155e-05 -3.5072e-05 -3.2512e-05 -2.9541e-05 -2.6247e-05 -2.2746e-05 -1.9170e-05 -1.5660e-05 -1.2353e-05 -9.3693e-06 -6.7996e-06 -4.6957e-06 -3.0664e-06 -1.8800e-06 -1.0733e-06 -5.6530e-07 -2.7174e-07 -1.1777e-07 -4.5366e-08 -1.5284e-08 -4.4195e-09 -1.0733e-09 -2.1350e-10 -3.3785e-11 -4.1108e-12 -3.6967e-13 -2.3455e-14 -9.9443e-16 -2.6423e-17 -4.0794e-19 -3.3455e-21 -1.3099e-23 -2.1556e-26 -1.2797e-29 -2.2803e-33 -9.7613e-38 -7.6593e-43 -7.9154e-49 -7.1780e-56 -3.4586e-64 -4.7461e-74 -8.5004e-86 -7.4350e-100 -9.1200e-117 -3.1793e-137 -4.0163e-162 -1.2580e-192 -2.8710e-230 -4.3920e-277 -0.0000e+00 -0.0000e+00 -0.0000e+00 -0.0000e+00 -0.0000e+00 -0.0000e+00 -0.0000e+00 -0.0000e+00 -0.0000e+00 -0.0000e+00 -0.0000e+00 -0.0000e+00 -0.0000e+00 -0.0000e+00 -0.0000e+00 -0.0000e+00 -0.0000e+00 -0.0000e+00 -0.0000e+00 -0.0000e+00 -0.0000e+00 -0.0000e+00 -3.7851e-07 -1.0714e-06 -1.9705e-06 -3.0385e-06 -4.2546e-06 -5.6051e-06 -7.0798e-06 -8.6707e-06 -1.0370e-05 -1.2171e-05 -1.4065e-05 -1.6042e-05 -1.8091e-05 -2.0197e-05 -2.2343e-05 0.0000e+00 -2.6671e-05 -2.8797e-05 -3.0853e-05 -3.2801e-05 -3.4597e-05 -3.6191e-05 -3.7531e-05 -3.8564e-05 -3.9236e-05 -3.9494e-05 -3.9295e-05 -3.8602e-05 -3.7394e-05 -3.5670e-05 -3.3450e-05 -3.0782e-05 -2.7737e-05 -2.4416e-05 -2.0941e-05 -1.7445e-05 -1.4068e-05 -1.0939e-05 -8.1666e-06 -5.8240e-06 -3.9454e-06 -2.5227e-06 -1.5114e-06 -8.4142e-07 -4.3121e-07 -2.0123e-07 -8.4460e-08 -3.1434e-08 -1.0206e-08 -2.8368e-09 -6.6056e-10 -1.2566e-10 -1.8966e-11 -2.1957e-12 -1.8740e-13 -1.1258e-14 -4.5088e-16 -1.1292e-17 -1.6396e-19 -1.2621e-21 -4.6294e-24 -7.1245e-27 -3.9488e-30 -6.5583e-34 -2.6128e-38 -1.9051e-43 -1.8269e-49 -1.5349e-56 -6.8422e-65 -8.6727e-75 -1.4324e-86 -1.1533e-100 -1.2999e-117 -4.1553e-138 -4.8026e-163 -1.3730e-193 -2.8525e-231 -3.9606e-278 -0.0000e+00 -0.0000e+00 -0.0000e+00 -0.0000e+00 -0.0000e+00 -0.0000e+00 -0.0000e+00 -0.0000e+00 -0.0000e+00 -0.0000e+00 -0.0000e+00 -0.0000e+00 -0.0000e+00 -0.0000e+00 -0.0000e+00 -0.0000e+00 -0.0000e+00 -0.0000e+00 -0.0000e+00 -0.0000e+00 -0.0000e+00 -0.0000e+00
