4.7193e-12 -4.0090e-12 -1.1065e-11 -2.2766e-11 -3.9887e-11 -6.3144e-11 -9.3224e-11 -1.3080e-10 -1.7656e-10 -2.3119e-10 -2.9541e-10 -3.6997e-10 -4.5564e-10 -5.5326e-10 -6.6371e-10 -7.8793e-10 -9.2693e-10 -1.0818e-09 -1.2536e-09 -1.4438e-09 -1.6535e-09 -1.8843e-09 -2.1378e-09 -2.4156e-09 -2.7195e-09 -3.0514e-09 -3.4136e-09 -3.8082e-09 -4.2375e-09 -4.7042e-09 -5.2108e-09 -5.7601e-09 -6.3549e-09 -6.9981e-09 -7.6926e-09 -8.4410e-09 -9.2458e-09 -1.0109e-08 -1.1032e-08 -1.2015e-08 -1.3058e-08 -1.4157e-08 -1.5307e-08 -1.6500e-08 -1.7722e-08 -1.8956e-08 -2.0177e-08 -2.1351e-08 -2.2436e-08 -2.3378e-08 -2.4115e-08 -2.4571e-08 -2.4664e-08 -2.4310e-08 -2.3433e-08 -2.1978e-08 -1.9933e-08 -1.7343e-08 -1.4336e-08 -1.1119e-08 -7.9660e-09 -5.1685e-09 -2.9610e-09 -1.4501e-09 -5.8220e-10 -1.8155e-10 -4.0973e-11 -6.1008e-12 -5.3027e-13 -2.2858e-14 -3.9264e-16 -1.9984e-18 -2.0100e-21 -2.2846e-25 -1.3451e-30 -1.3643e-37 -4.9418e-47 -6.5393e-60 -1.1066e-77 -1.5984e-102 -9.6817e-138 -1.8191e-188 -7.8811e-263 0.0000e+00 0.0000e+00 0.0000e+00 0.0000e+00 0.0000e+00 0.0000e+00 0.0000e+00 0.0000e+00 0.0000e+00 0.0000e+00 0.0000e+00 0.0000e+00 0.0000e+00 0.0000e+00 0.0000e+00 0.0000e+00 0.0000e+00 0.0000e+00 4.0090e-12 1.1065e-11 2.2766e-11 3.9887e-11 6.3144e-11 9.3224e-11 1.3080e-10 1.7656e-10 2.3119e-10 2.9541e-10 3.6997e-10 4.5564e-10 5.5326e-10 6.6371e-10 7.8793e-10 9.2693e-10 1.0818e-09 1.2536e-09 1.4438e-09 1.6535e-09 1.8843e-09 2.1378e-09 2.4156e-09 2.7195e-09 3.0514e-09 3.4136e-09 3.8082e-09 4.2375e-09 4.7042e-09 5.2108e-09 5.7601e-09 6.3549e-09 6.9981e-09 7.6926e-09 8.4410e-09 9.2458e-09 1.0109e-08 1.1032e-08 1.2015e-08 1.3058e-08 1.4157e-08 1.5307e-08 1.6500e-08 1.7722e-08 1.8956e-08 2.0177e-08 2.1351e-08 2.2436e-08 2.3378e-08 2.4115e-08 2.4571e-08 2.4664e-08 2.4310e-08 2.3433e-08 2.1978e-08 1.9933e-08 1.7343e-08 1.4336e-08 1.1119e-08 7.9660e-09 5.1685e-09 2.9610e-09 1.4501e-09 5.8220e-10 1.8155e-10 4.0973e-11 6.1008e-12 5.3027e-13 2.2858e-14 3.9264e-16 1.9984e-18 2.0100e-21 2.2846e-25 1.3451e-30 1.3643e-37 4.9418e-47 6.5393e-60 1.1066e-77 1.5984e-102 9.6817e-138 1.8191e-188 7.8811e-263 0.0000e+00 0.0000e+00 0.0000e+00 0.0000e+00 0.0000e+00 0.0000e+00 0.0000e+00 0.0000e+00 0.0000e+00 0.0000e+00 0.0000e+00 0.0000e+00 0.0000e+00 0.0000e+00 0.0000e+00 0.0000e+00 0.0000e+00
-4.0090e-12 -2.3539e-08 -6.2656e-11 -1.2891e-10 -2.2585e-10 -3.5754e-10 -5.2786e-10 -7.4065e-10 -9.9975e-10 -1.3091e-09 -1.6727e-09 -2.0949e-09 -2.5800e-09 -3.1328e-09 -3.7582e-09 -4.4615e-09 -5.2486e-09 -6.1254e-09 -7.0986e-09 -8.1752e-09 -9.3628e-09 -1.0670e-08 -1.2105e-08 -1.3678e-08 -1.5399e-08 -1.7278e-08 -1.9329e-08 -2.1563e-08 -2.3994e-08 -2.6637e-08 -2.9505e-08 -3.2615e-08 -3.5983e-08 -3.9626e-08 -4.3558e-08 -4.7796e-08 -5.2353e-08 -5.7241e-08 -6.2467e-08 -6.8035e-08 -7.3938e-08 -8.0161e-08 -8.6673e-08 -9.3427e-08 -1.0035e-07 -1.0734e-07 -1.1425e-07 -1.2090e-07 -1.2704e-07 -1.3238e-07 -1.3655e-07 -1.3913e-07 -1.3965e-07 -1.3765e-07 -1.3268e-07 -1.2445e-07 -1.1287e-07 -9.8204e-08 -8.1174e-08 -6.2958e-08 -4.5106e-08 -2.9266e-08 -1.6766e-08 -8.2107e-09 -3.2966e-09 -1.0280e-09 -2.3200e-10 -3.4545e-11 -3.0026e-12 -1.2943e-13 -2.2233e-15 -1.1315e-17 -1.1381e-20 -1.2936e-24 -7.6164e-30 -7.7252e-37 -2.7982e-46 -3.7028e-59 -6.2657e-77 -9.0508e-102 -5.4821e-137 -1.0301e-187 -4.4625e-262 0.0000e+00 0.0000e+00 0.0000e+00 0.0000e+00 0.0000e+00 0.0000e+00 0.0000e+00 0.0000e+00 0.0000e+00 0.0000e+00 0.0000e+00 0.0000e+00 0.0000e+00 0.0000e+00 0.0000e+00 0.0000e+00 0.0000e+00 4.0090e-12 0.0000e+00 6.2656e-11 1.2891e-10 2.2585e-10 3.5754e-10 5.2786e-10 7.4065e-10 9.9975e-10 1.3091e-09 1.6727e-09 2.0949e-09 2.5800e-09 3.1328e-09 3.7582e-09 4.4615e-09 5.2486e-09 6.1254e-09 7.0986e-09 8.1752e-09 9.3628e-09 1.0670e-08 1.2105e-08 1.3678e-08 1.5399e-08 1.7278e-08 1.9329e-08 2.1563e-08 2.3994e-08 2.6637e-08 2.9505e-08 3.2615e-08 3.5983e-08 3.9626e-08 4.3558e-08 4.7796e-08 5.2353e-08 5.7241e-08 6.2467e-08 6.8035e-08 7.3938e-08 8.0161e-08 8.6673e-08 9.3427e-08 1.0035e-07 1.0734e-07 1.1425e-07 1.2090e-07 1.2704e-07 1.3238e-07 1.3655e-07 1.3913e-07 1.3965e-07 1.3765e-07 1.3268e-07 1.2445e-07 1.1287e-07 9.8204e-08 8.1174e-08 6.2958e-08 4.5106e-08 2.9266e-08 1.6766e-08 8.2107e-09 3.2966e-09 1.0280e-09 2.3200e-10 3.4545e-11 3.0026e-12 1.2943e-13 2.2233e-15 1.1315e-17 1.1381e-20 1.2936e-24 7.6164e-30 7.7252e-37 2.7982e-46 3.7028e-59 6.2657e-77 9.0508e-102 5.4821e-137 1.0301e-187 4.4625e-262 0.0000e+00 0.0000e+00 0.0000e+00 0.0000e+00 0.0000e+00 0.0000e+00 0.0000e+00 0.0000e+00 0.0000e+00 0.0000e+00 0.0000e+00 0.0000e+00 0.0000e+00 0.0000e+00 0.0000e+00 0.0000e+00 0.0000e+00
-1.1065e-11 -6.2656e-11 3.4537e-09 -3.5581e-10 -6.2338e-10 -9.8686e-10 -1.4570e-09 -2.0443e-09 -2.7594e-09 -3.6133e-09 -4.6169e-09 -5.7821e-09 -7.1211e-09 -8.6468e-09 -1.0373e-08 -1.2314e-08 -1.4487e-08 -1.6907e-08 -1.9593e-08 -2.2564e-08 -2.5843e-08 -2.9450e-08 -3.3411e-08 -3.7752e-08 -4.2502e-08 -4.7690e-08 -5.3350e-08 -5.9517e-08 -6.6227e-08 -7.3520e-08 -8.1438e-08 -9.0022e-08 -9.9319e-08 -1.0937e-07 -1.2023e-07 -1.3192e-07 -1.4450e-07 -1.5799e-07 -1.7242e-07 -1.8778e-07 -2.0408e-07 -2.2125e-07 -2.3923e-07 -2.5787e-07 -2.7698e-07 -2.9626e-07 -3.1534e-07 -3.3369e-07 -3.5064e-07 -3.6538e-07 -3.7689e-07 -3.8401e-07 -3.8546e-07 -3.7993e-07 -3.6622e-07 -3.4349e-07 -3.1152e-07 -2.7106e-07 -2.2405e-07 -1.7377e-07 -1.2450e-07 -8.0777e-08 -4.6277e-08 -2.2663e-08 -9.0990e-09 -2.8373e-09 -6.4036e-10 -9.5348e-11 -8.2875e-12 -3.5725e-13 -6.1365e-15 -3.1232e-17 -3.1414e-20 -3.5705e-24 -2.1022e-29 -2.1323e-36 -7.7234e-46 -1.0220e-58 -1.7294e-76 -2.4981e-101 -1.5131e-136 -2.8431e-187 -1.2317e-261 0.0000e+00 0.0000e+00 0.0000e+00 0.0000e+00 0.0000e+00 0.0000e+00 0.0000e+00 0.0000e+00 0.0000e+00 0.0000e+00 0.0000e+00 0.0000e+00 0.0000e+00 0.0000e+00 0.0000e+00 0.0000e+00 0.0000e+00 1.1065e-11 6.2656e-11 0.0000e+00 3.5581e-10 6.2338e-10 9.8686e-10 1.4570e-09 2.0443e-09 2.7594e-09 3.6133e-09 4.6169e-09 5.7821e-09 7.1211e-09 8.6468e-09 1.0373e-08 1.2314e-08 1.4487e-08 1.6907e-08 1.9593e-08 2.2564e-08 2.5843e-08 2.9450e-08 3.3411e-08 3.7752e-08 4.2502e-08 4.7690e-08 5.3350e-08 5.9517e-08 6.6227e-08 7.3520e-08 8.1438e-08 9.0022e-08 9.9319e-08 1.0937e-07 1.2023e-07 1.3192e-07 1.4450e-07 1.5799e-07 1.7242e-07 1.8778e-07 2.0408e-07 2.2125e-07 2.3923e-07 2.5787e-07 2.7698e-07 2.9626e-07 3.1534e-07 3.3369e-07 3.5064e-07 3.6538e-07 3.7689e-07 3.8401e-07 3.8546e-07 3.7993e-07 3.6622e-07 3.4349e-07 3.1152e-07 2.7106e-07 2.2405e-07 1.7377e-07 1.2450e-07 8.0777e-08 4.6277e-08 2.2663e-08 9.0990e-09 2.8373e-09 6.4036e-10 9.5348e-11 8.2875e-12 3.5725e-13 6.1365e-15 3.1232e-17 3.1414e-20 3.5705e-24 2.1022e-29 2.1323e-36 7.7234e-46 1.0220e-58 1.7294e-76 2.4981e-101 1.5131e-136 2.8431e-187 1.2317e-261 0.0000e+00 0.0000e+00 0.0000e+00 0.0000e+00 0.0000e+00 0.0000e+00 0.0000e+00 0.0000e+00 0.0000e+00 0.0000e+00 0.0000e+00 0.0000e+00 0.0000e+00 0.0000e+00 0.0000e+00 0.0000e+00 0.0000e+00
-2.2766e-11 -1.2891e-10 -3.5581e-10 1.9471e-08 -1.2826e-09 -2.0304e-09 -2.9976e-09 -4.2060e-09 -5.6774e-09 -7.4341e-09 -9.4991e-09 -1.1896e-08 -1.4651e-08 -1.7790e-08 -2.1342e-08 -2.5336e-08 -2.9806e-08 -3.4785e-08 -4.0311e-08 -4.6425e-08 -5.3170e-08 -6.0592e-08 -6.8742e-08 -7.7673e-08 -8.7445e-08 -9.8120e-08 -1.0977e-07 -1.2245e-07 -1.3626e-07 -1.5126e-07 -1.6755e-07 -1.8522e-07 -2.0434e-07 -2.2503e-07 -2.4736e-07 -2.7142e-07 -2.9730e-07 -3.2506e-07 -3.5474e-07 -3.8636e-07 -4.1988e-07 -4.5522e-07 -4.9220e-07 -5.3056e-07 -5.6987e-07 -6.0955e-07 -6.4879e-07 -6.8654e-07 -7.2143e-07 -7.5174e-07 -7.7542e-07 -7.9008e-07 -7.9306e-07 -7.8168e-07 -7.5349e-07 -7.0672e-07 -6.4095e-07 -5.5768e-07 -4.6097e-07 -3.5752e-07 -2.5615e-07 -1.6619e-07 -9.5212e-08 -4.6627e-08 -1.8721e-08 -5.8377e-09 -1.3175e-09 -1.9617e-10 -1.7051e-11 -7.3502e-13 -1.2626e-14 -6.4258e-17 -6.4633e-20 -7.3462e-24 -4.3252e-29 -4.3870e-36 -1.5891e-45 -2.1027e-58 -3.5582e-76 -5.1398e-101 -3.1132e-136 -5.8496e-187 -2.5342e-261 0.0000e+00 0.0000e+00 0.0000e+00 0.0000e+00 0.0000e+00 0.0000e+00 0.0000e+00 0.0000e+00 0.0000e+00 0.0000e+00 0.0000e+00 0.0000e+00 0.0000e+00 0.0000e+00 0.0000e+00 0.0000e+00 0.0000e+00 2.2766e-11 1.2891e-10 3.5581e-10 0.0000e+00 1.2826e-09 2.0304e-09 2.9976e-09 4.2060e-09 5.6774e-09 7.4341e-09 9.4991e-09 1.1896e-08 1.4651e-08 1.7790e-08 2.1342e-08 2.5336e-08 2.9806e-08 3.4785e-08 4.0311e-08 4.6425e-08 5.3170e-08 6.0592e-08 6.8742e-08 7.7673e-08 8.7445e-08 9.8120e-08 1.0977e-07 1.2245e-07 1.3626e-07 1.5126e-07 1.6755e-07 1.8522e-07 2.0434e-07 2.2503e-07 2.4736e-07 2.7142e-07 2.9730e-07 3.2506e-07 3.5474e-07 3.8636e-07 4.1988e-07 4.5522e-07 4.9220e-07 5.3056e-07 5.6987e-07 6.0955e-07 6.4879e-07 6.8654e-07 7.2143e-07 7.5174e-07 7.7542e-07 7.9008e-07 7.9306e-07 7.8168e-07 7.5349e-07 7.0672e-07 6.4095e-07 5.5768e-07 4.6097e-07 3.5752e-07 2.5615e-07 1.6619e-07 9.5211e-08 4.6627e-08 1.8721e-08 5.8377e-09 1.3175e-09 1.9617e-10 1.7051e-11 7.3502e-13 1.2626e-14 6.4258e-17 6.4633e-20 7.3461e-24 4.3252e-29 4.3870e-36 1.5890e-45 2.1027e-58 3.5582e-76 5.1398e-101 3.1132e-136 5.8495e-187 2.5342e-261 0.0000e+00 0.0000e+00 0.0000e+00 0.0000e+00 0.0000e+00 0.0000e+00 0.0000e+00 0.0000e+00 0.0000e+00 0.0000e+00 0.0000e+00 0.0000e+00 0.0000e+00 0.0000e+00 0.0000e+00 0.0000e+00 0.0000e+00
-3.9887e-11 -2.2585e-10 -6.2338e-10 -1.2826e-09 7.5161e-08 -3.5573e-09 -5.2519e-09 -7.3690e-09 -9.9469e-09 -1.3025e-08 -1.6643e-08 -2.0843e-08 -2.5669e-08 -3.1169e-08 -3.7391e-08 -4.4389e-08 -5.2220e-08 -6.0944e-08 -7.0626e-08 -8.1338e-08 -9.3154e-08 -1.0616e-07 -1.2044e-07 -1.3608e-07 -1.5321e-07 -1.7191e-07 -1.9231e-07 -2.1454e-07 -2.3873e-07 -2.6502e-07 -2.9356e-07 -3.2450e-07 -3.5801e-07 -3.9425e-07 -4.3337e-07 -4.7554e-07 -5.2088e-07 -5.6951e-07 -6.2151e-07 -6.7690e-07 -7.3563e-07 -7.9755e-07 -8.6235e-07 -9.2954e-07 -9.9842e-07 -1.0679e-06 -1.1367e-06 -1.2028e-06 -1.2640e-06 -1.3171e-06 -1.3586e-06 -1.3842e-06 -1.3895e-06 -1.3695e-06 -1.3201e-06 -1.2382e-06 -1.1229e-06 -9.7707e-07 -8.0763e-07 -6.2639e-07 -4.4878e-07 -2.9117e-07 -1.6681e-07 -8.1691e-08 -3.2799e-08 -1.0228e-08 -2.3083e-09 -3.4370e-10 -2.9874e-11 -1.2878e-12 -2.2120e-14 -1.1258e-16 -1.1324e-19 -1.2871e-23 -7.5779e-29 -7.6862e-36 -2.7841e-45 -3.6841e-58 -6.2341e-76 -9.0053e-101 -5.4546e-136 -1.0249e-186 -4.4403e-261 0.0000e+00 0.0000e+00 0.0000e+00 0.0000e+00 0.0000e+00 0.0000e+00 0.0000e+00 0.0000e+00 0.0000e+00 0.0000e+00 0.0000e+00 0.0000e+00 0.0000e+00 0.0000e+00 0.0000e+00 0.0000e+00 0.0000e+00 3.9887e-11 2.2585e-10 6.2338e-10 1.2826e-09 0.0000e+00 3.5573e-09 5.2519e-09 7.3690e-09 9.9469e-09 1.3025e-08 1.6643e-08 2.0843e-08 2.5669e-08 3.1169e-08 3.7391e-08 4.4389e-08 5.2220e-08 6.0944e-08 7.0626e-08 8.1338e-08 9.3154e-08 1.0616e-07 1.2044e-07 1.3608e-07 1.5321e-07 1.7191e-07 1.9231e-07 2.1454e-07 2.3873e-07 2.6502e-07 2.9356e-07 3.2450e-07 3.5801e-07 3.9425e-07 4.3337e-07 4.7554e-07 5.2088e-07 5.6951e-07 6.2151e-07 6.7690e-07 7.3563e-07 7.9755e-07 8.6235e-07 9.2954e-07 9.9842e-07 1.0679e-06 1.1367e-06 1.2028e-06 1.2640e-06 1.3171e-06 1.3586e-06 1.3842e-06 1.3895e-06 1.3695e-06 1.3201e-06 1.2382e-06 1.1229e-06 9.7707e-07 8.0763e-07 6.2639e-07 4.4878e-07 2.9117e-07 1.6681e-07 8.1691e-08 3.2799e-08 1.0228e-08 2.3083e-09 3.4370e-10 2.9874e-11 1.2878e-12 2.2120e-14 1.1258e-16 1.1324e-19 1.2871e-23 7.5779e-29 7.6861e-36 2.7840e-45 3.6840e-58 6.2340e-76 9.0050e-101 5.4543e-136 1.0248e-186 4.4399e-261 0.0000e+00 0.0000e+00 0.0000e+00 0.0000e+00 0.0000e+00 0.0000e+00 0.0000e+00 0.0000e+00 0.0000e+00 0.0000e+00 0.0000e+00 0.0000e+00 0.0000e+00 0.0000e+00 0.0000e+00 0.0000e+00 0.0000e+00
-6.3144e-11 -3.5754e-10 -9.8686e-10 -2.0304e-09 -3.5573e-09 2.2577e-07 -8.3141e-09 -1.1666e-08 -1.5747e-08 -2.0619e-08 -2.6346e-08 -3.2995e-08 -4.0636e-08 -4.9342e-08 -5.9193e-08 -7.0271e-08 -8.2667e-08 -9.6478e-08 -1.1181e-07 -1.2876e-07 -1.4747e-07 -1.6805e-07 -1.9066e-07 -2.1543e-07 -2.4253e-07 -2.7214e-07 -3.0444e-07 -3.3963e-07 -3.7792e-07 -4.1954e-07 -4.6472e-07 -5.1371e-07 -5.6676e-07 -6.2412e-07 -6.8606e-07 -7.5280e-07 -8.2458e-07 -9.0157e-07 -9.8389e-07 -1.0716e-06 -1.1646e-06 -1.2626e-06 -1.3651e-06 -1.4715e-06 -1.5806e-06 -1.6906e-06 -1.7995e-06 -1.9042e-06 -2.0009e-06 -2.0850e-06 -2.1507e-06 -2.1913e-06 -2.1996e-06 -2.1680e-06 -2.0898e-06 -1.9601e-06 -1.7777e-06 -1.5468e-06 -1.2785e-06 -9.9161e-07 -7.1044e-07 -4.6095e-07 -2.6407e-07 -1.2932e-07 -5.1923e-08 -1.6191e-08 -3.6542e-09 -5.4410e-10 -4.7292e-11 -2.0386e-12 -3.5018e-14 -1.7822e-16 -1.7927e-19 -2.0375e-23 -1.1997e-28 -1.2168e-35 -4.4075e-45 -5.8324e-58 -9.8695e-76 -1.4257e-100 -8.6357e-136 -1.6227e-186 -7.0305e-261 0.0000e+00 0.0000e+00 0.0000e+00 0.0000e+00 0.0000e+00 0.0000e+00 0.0000e+00 0.0000e+00 0.0000e+00 0.0000e+00 0.0000e+00 0.0000e+00 0.0000e+00 0.0000e+00 0.0000e+00 0.0000e+00 0.0000e+00 6.3144e-11 3.5754e-10 9.8686e-10 2.0304e-09 3.5573e-09 0.0000e+00 8.3141e-09 1.1666e-08 1.5747e-08 2.0619e-08 2.6346e-08 3.2995e-08 4.0636e-08 4.9342e-08 5.9193e-08 7.0271e-08 8.2667e-08 9.6478e-08 1.1181e-07 1.2876e-07 1.4747e-07 1.6805e-07 1.9066e-07 2.1543e-07 2.4253e-07 2.7214e-07 3.0444e-07 3.3963e-07 3.7792e-07 4.1954e-07 4.6472e-07 5.1371e-07 5.6676e-07 6.2412e-07 6.8606e-07 7.5280e-07 8.2458e-07 9.0157e-07 9.8389e-07 1.0716e-06 1.1646e-06 1.2626e-06 1.3651e-06 1.4715e-06 1.5806e-06 1.6906e-06 1.7995e-06 1.9042e-06 2.0009e-06 2.0850e-06 2.1507e-06 2.1913e-06 2.1996e-06 2.1680e-06 2.0898e-06 1.9601e-06 1.7777e-06 1.5468e-06 1.2785e-06 9.9161e-07 7.1044e-07 4.6095e-07 2.6407e-07 1.2932e-07 5.1923e-08 1.6191e-08 3.6542e-09 5.4410e-10 4.7292e-11 2.0386e-12 3.5018e-14 1.7822e-16 1.7926e-19 2.0375e-23 1.1996e-28 1.2168e-35 4.4073e-45 5.8321e-58 9.8688e-76 1.4256e-100 8.6345e-136 1.6224e-186 7.0287e-261 0.0000e+00 0.0000e+00 0.0000e+00 0.0000e+00 0.0000e+00 0.0000e+00 0.0000e+00 0.0000e+00 0.0000e+00 0.0000e+00 0.0000e+00 0.0000e+00 0.0000e+00 0.0000e+00 0.0000e+00 0.0000e+00 0.0000e+00
-9.3224e-11 -5.2786e-10 -1.4570e-09 -2.9976e-09 -5.2519e-09 -8.3141e-09 5.7282e-07 -1.7223e-08 -2.3248e-08 -3.0441e-08 -3.8897e-08 -4.8713e-08 -5.9994e-08 -7.2848e-08 -8.7391e-08 -1.0375e-07 -1.2205e-07 -1.4244e-07 -1.6507e-07 -1.9010e-07 -2.1772e-07 -2.4811e-07 -2.8148e-07 -3.1806e-07 -3.5807e-07 -4.0178e-07 -4.4947e-07 -5.0142e-07 -5.5795e-07 -6.1940e-07 -6.8610e-07 -7.5842e-07 -8.3674e-07 -9.2144e-07 -1.0129e-06 -1.1114e-06 -1.2174e-06 -1.3310e-06 -1.4526e-06 -1.5820e-06 -1.7193e-06 -1.8640e-06 -2.0155e-06 -2.1725e-06 -2.3335e-06 -2.4960e-06 -2.6567e-06 -2.8112e-06 -2.9541e-06 -3.0782e-06 -3.1752e-06 -3.2352e-06 -3.2474e-06 -3.2008e-06 -3.0854e-06 -2.8939e-06 -2.6245e-06 -2.2836e-06 -1.8876e-06 -1.4640e-06 -1.0489e-06 -6.8053e-07 -3.8987e-07 -1.9093e-07 -7.6658e-08 -2.3904e-08 -5.3950e-09 -8.0330e-10 -6.9822e-11 -3.0098e-12 -5.1700e-14 -2.6313e-16 -2.6467e-19 -3.0082e-23 -1.7712e-28 -1.7965e-35 -6.5075e-45 -8.6115e-58 -1.4573e-75 -2.1052e-100 -1.2752e-135 -2.3964e-186 -1.0384e-260 0.0000e+00 0.0000e+00 0.0000e+00 0.0000e+00 0.0000e+00 0.0000e+00 0.0000e+00 0.0000e+00 0.0000e+00 0.0000e+00 0.0000e+00 0.0000e+00 0.0000e+00 0.0000e+00 0.0000e+00 0.0000e+00 0.0000e+00 9.3224e-11 5.2786e-10 1.4570e-09 2.9976e-09 5.2519e-09 8.3141e-09 0.0000e+00 1.7223e-08 2.3248e-08 3.0441e-08 3.8897e-08 4.8713e-08 5.9994e-08 7.2848e-08 8.7391e-08 1.0375e-07 1.2205e-07 1.4244e-07 1.6507e-07 1.9010e-07 2.1772e-07 2.4811e-07 2.8148e-07 3.1806e-07 3.5807e-07 4.0178e-07 4.4947e-07 5.0142e-07 5.5795e-07 6.1940e-07 6.8610e-07 7.5842e-07 8.3674e-07 9.2144e-07 1.0129e-06 1.1114e-06 1.2174e-06 1.3310e-06 1.4526e-06 1.5820e-06 1.7193e-06 1.8640e-06 2.0155e-06 2.1725e-06 2.3335e-06 2.4960e-06 2.6567e-06 2.8112e-06 2.9541e-06 3.0782e-06 3.1752e-06 3.2352e-06 3.2474e-06 3.2008e-06 3.0854e-06 2.8939e-06 2.6245e-06 2.2836e-06 1.8876e-06 1.4640e-06 1.0489e-06 6.8053e-07 3.8987e-07 1.9093e-07 7.6657e-08 2.3904e-08 5.3949e-09 8.0329e-10 6.9821e-11 3.0097e-12 5.1699e-14 2.6312e-16 2.6466e-19 3.0081e-23 1.7711e-28 1.7964e-35 6.5068e-45 8.6103e-58 1.4570e-75 2.1046e-100 1.2748e-135 2.3952e-186 1.0377e-260 0.0000e+00 0.0000e+00 0.0000e+00 0.0000e+00 0.0000e+00 0.0000e+00 0.0000e+00 0.0000e+00 0.0000e+00 0.0000e+00 0.0000e+00 0.0000e+00 0.0000e+00 0.0000e+00 0.0000e+00 0.0000e+00 0.0000e+00
-1.3080e-10 -7.4065e-10 -2.0443e-09 -4.2060e-09 -7.3690e-09 -1.1666e-08 -1.7223e-08 1.2857e-06 -3.2619e-08 -4.2712e-08 -5.4577e-08 -6.8350e-08 -8.4178e-08 -1.0221e-07 -1.2262e-07 -1.4557e-07 -1.7125e-07 -1.9986e-07 -2.3161e-07 -2.6673e-07 -3.0548e-07 -3.4813e-07 -3.9495e-07 -4.4627e-07 -5.0241e-07 -5.6375e-07 -6.3065e-07 -7.0355e-07 -7.8287e-07 -8.6908e-07 -9.6267e-07 -1.0642e-06 -1.1740e-06 -1.2929e-06 -1.4212e-06 -1.5594e-06 -1.7081e-06 -1.8676e-06 -2.0381e-06 -2.2198e-06 -2.4124e-06 -2.6154e-06 -2.8279e-06 -3.0483e-06 -3.2741e-06 -3.5021e-06 -3.7276e-06 -3.9445e-06 -4.1449e-06 -4.3191e-06 -4.4552e-06 -4.5394e-06 -4.5565e-06 -4.4911e-06 -4.3291e-06 -4.0604e-06 -3.6825e-06 -3.2042e-06 -2.6485e-06 -2.0542e-06 -1.4717e-06 -9.5487e-07 -5.4704e-07 -2.6790e-07 -1.0756e-07 -3.3541e-08 -7.5698e-09 -1.1271e-09 -9.7970e-11 -4.2232e-12 -7.2543e-14 -3.6921e-16 -3.7138e-19 -4.2212e-23 -2.4854e-28 -2.5210e-35 -9.1319e-45 -1.2085e-57 -2.0452e-75 -2.9547e-100 -1.7900e-135 -3.3644e-186 -1.4582e-260 0.0000e+00 0.0000e+00 0.0000e+00 0.0000e+00 0.0000e+00 0.0000e+00 0.0000e+00 0.0000e+00 0.0000e+00 0.0000e+00 0.0000e+00 0.0000e+00 0.0000e+00 0.0000e+00 0.0000e+00 0.0000e+00 0.0000e+00 1.3080e-10 7.4065e-10 2.0443e-09 4.2060e-09 7.3690e-09 1.1666e-08 1.7223e-08 0.0000e+00 3.2619e-08 4.2712e-08 5.4577e-08 6.8350e-08 8.4178e-08 1.0221e-07 1.2262e-07 1.4557e-07 1.7125e-07 1.9986e-07 2.3161e-07 2.6673e-07 3.0548e-07 3.4813e-07 3.9495e-07 4.4627e-07 5.0241e-07 5.6375e-07 6.3065e-07 7.0355e-07 7.8287e-07 8.6908e-07 9.6267e-07 1.0642e-06 1.1740e-06 1.2929e-06 1.4212e-06 1.5594e-06 1.7081e-06 1.8676e-06 2.0381e-06 2.2198e-06 2.4124e-06 2.6154e-06 2.8279e-06 3.0483e-06 3.2741e-06 3.5021e-06 3.7276e-06 3.9445e-06 4.1449e-06 4.3191e-06 4.4552e-06 4.5393e-06 4.5565e-06 4.4911e-06 4.3291e-06 4.0604e-06 3.6825e-06 3.2041e-06 2.6485e-06 2.0541e-06 1.4717e-06 9.5486e-07 5.4703e-07 2.6789e-07 1.0756e-07 3.3540e-08 7.5697e-09 1.1271e-09 9.7966e-11 4.2230e-12 7.2539e-14 3.6919e-16 3.7134e-19 4.2207e-23 2.4850e-28 2.5205e-35 9.1298e-45 1.2081e-57 2.0443e-75 2.9530e-100 1.7887e-135 3.3608e-186 1.4560e-260 0.0000e+00 0.0000e+00 0.0000e+00 0.0000e+00 0.0000e+00 0.0000e+00 0.0000e+00 0.0000e+00 0.0000e+00 0.0000e+00 0.0000e+00 0.0000e+00 0.0000e+00 0.0000e+00 0.0000e+00 0.0000e+00 0.0000e+00
-1.7656e-10 -9.9975e-10 -2.7594e-09 -5.6774e-09 -9.9469e-09 -1.5747e-08 -2.3248e-08 -3.2619e-08 2.6282e-06 -5.7654e-08 -7.3669e-08 -9.2262e-08 -1.1363e-07 -1.3797e-07 -1.6551e-07 -1.9649e-07 -2.3115e-07 -2.6977e-07 -3.1263e-07 -3.6005e-07 -4.1235e-07 -4.6991e-07 -5.3312e-07 -6.0239e-07 -6.7817e-07 -7.6096e-07 -8.5128e-07 -9.4967e-07 -1.0567e-06 -1.1731e-06 -1.2994e-06 -1.4364e-06 -1.5848e-06 -1.7452e-06 -1.9184e-06 -2.1050e-06 -2.3057e-06 -2.5210e-06 -2.7511e-06 -2.9963e-06 -3.2563e-06 -3.5304e-06 -3.8172e-06 -4.1147e-06 -4.4195e-06 -4.7273e-06 -5.0316e-06 -5.3244e-06 -5.5950e-06 -5.8301e-06 -6.0137e-06 -6.1274e-06 -6.1505e-06 -6.0623e-06 -5.8436e-06 -5.4809e-06 -4.9708e-06 -4.3251e-06 -3.5750e-06 -2.7728e-06 -1.9866e-06 -1.2889e-06 -7.3842e-07 -3.6162e-07 -1.4519e-07 -4.5275e-08 -1.0218e-08 -1.5215e-09 -1.3225e-10 -5.7008e-12 -9.7926e-14 -4.9841e-16 -5.0134e-19 -5.6985e-23 -3.3553e-28 -3.4035e-35 -1.2330e-44 -1.6318e-57 -2.7619e-75 -3.9907e-100 -2.4182e-135 -4.5464e-186 -1.9714e-260 0.0000e+00 0.0000e+00 0.0000e+00 0.0000e+00 0.0000e+00 0.0000e+00 0.0000e+00 0.0000e+00 0.0000e+00 0.0000e+00 0.0000e+00 0.0000e+00 0.0000e+00 0.0000e+00 0.0000e+00 0.0000e+00 0.0000e+00 1.7656e-10 9.9975e-10 2.7594e-09 5.6774e-09 9.9469e-09 1.5747e-08 2.3248e-08 3.2619e-08 0.0000e+00 5.7654e-08 7.3669e-08 9.2262e-08 1.1363e-07 1.3797e-07 1.6551e-07 1.9649e-07 2.3115e-07 2.6977e-07 3.1263e-07 3.6005e-07 4.1235e-07 4.6991e-07 5.3312e-07 6.0239e-07 6.7817e-07 7.6096e-07 8.5128e-07 9.4967e-07 1.0567e-06 1.1731e-06 1.2994e-06 1.4364e-06 1.5848e-06 1.7452e-06 1.9184e-06 2.1050e-06 2.3057e-06 2.5210e-06 2.7511e-06 2.9963e-06 3.2563e-06 3.5304e-06 3.8172e-06 4.1147e-06 4.4195e-06 4.7273e-06 5.0316e-06 5.3244e-06 5.5949e-06 5.8300e-06 6.0137e-06 6.1273e-06 6.1505e-06 6.0623e-06 5.8436e-06 5.4809e-06 4.9708e-06 4.3251e-06 3.5750e-06 2.7727e-06 1.9865e-06 1.2889e-06 7.3840e-07 3.6161e-07 1.4519e-07 4.5274e-08 1.0218e-08 1.5214e-09 1.3224e-10 5.7004e-12 9.7916e-14 4.9834e-16 5.0125e-19 5.6972e-23 3.3544e-28 3.4023e-35 1.2324e-44 1.6308e-57 2.7595e-75 3.9861e-100 2.4144e-135 4.5365e-186 1.9654e-260 0.0000e+00 0.0000e+00 0.0000e+00 0.0000e+00 0.0000e+00 0.0000e+00 0.0000e+00 0.0000e+00 0.0000e+00 0.0000e+00 0.0000e+00 0.0000e+00 0.0000e+00 0.0000e+00 0.0000e+00 0.0000e+00 0.0000e+00
-2.3119e-10 -1.3091e-09 -3.6133e-09 -7.4341e-09 -1.3025e-08 -2.0619e-08 -3.0441e-08 -4.2712e-08 -5.7654e-08 4.9916e-06 -9.6464e-08 -1.2081e-07 -1.4878e-07 -1.8066e-07 -2.1673e-07 -2.5729e-07 -3.0268e-07 -3.5324e-07 -4.0936e-07 -4.7145e-07 -5.3994e-07 -6.1531e-07 -6.9807e-07 -7.8878e-07 -8.8801e-07 -9.9642e-07 -1.1147e-06 -1.2435e-06 -1.3837e-06 -1.5361e-06 -1.7015e-06 -1.8809e-06 -2.0751e-06 -2.2852e-06 -2.5119e-06 -2.7563e-06 -3.0191e-06 -3.3010e-06 -3.6024e-06 -3.9235e-06 -4.2639e-06 -4.6228e-06 -4.9983e-06 -5.3878e-06 -5.7870e-06 -6.1900e-06 -6.5885e-06 -6.9719e-06 -7.3261e-06 -7.6340e-06 -7.8745e-06 -8.0233e-06 -8.0536e-06 -7.9381e-06 -7.6517e-06 -7.1769e-06 -6.5089e-06 -5.6634e-06 -4.6813e-06 -3.6308e-06 -2.6013e-06 -1.6878e-06 -9.6691e-07 -4.7352e-07 -1.9012e-07 -5.9286e-08 -1.3380e-08 -1.9924e-09 -1.7318e-10 -7.4653e-12 -1.2824e-13 -6.5271e-16 -6.5656e-19 -7.4632e-23 -4.3947e-28 -4.4581e-35 -1.6152e-44 -2.1379e-57 -3.6192e-75 -5.2309e-100 -3.1709e-135 -5.9648e-186 -2.5885e-260 0.0000e+00 0.0000e+00 0.0000e+00 0.0000e+00 0.0000e+00 0.0000e+00 0.0000e+00 0.0000e+00 0.0000e+00 0.0000e+00 0.0000e+00 0.0000e+00 0.0000e+00 0.0000e+00 0.0000e+00 0.0000e+00 0.0000e+00 2.3119e-10 1.3091e-09 3.6133e-09 7.4341e-09 1.3025e-08 2.0619e-08 3.0441e-08 4.2712e-08 5.7654e-08 0.0000e+00 9.6464e-08 1.2081e-07 1.4878e-07 1.8066e-07 2.1673e-07 2.5729e-07 3.0268e-07 3.5324e-07 4.0936e-07 4.7145e-07 5.3994e-07 6.1531e-07 6.9807e-07 7.8878e-07 8.8801e-07 9.9642e-07 1.1147e-06 1.2435e-06 1.3837e-06 1.5361e-06 1.7015e-06 1.8809e-06 2.0751e-06 2.2852e-06 2.5119e-06 2.7563e-06 3.0191e-06 3.3010e-06 3.6024e-06 3.9235e-06 4.2639e-06 4.6228e-06 4.9983e-06 5.3878e-06 5.7870e-06 6.1900e-06 6.5885e-06 6.9719e-06 7.3261e-06 7.6340e-06 7.8745e-06 8.0233e-06 8.0536e-06 7.9380e-06 7.6517e-06 7.1768e-06 6.5088e-06 5.6633e-06 4.6812e-06 3.6307e-06 2.6012e-06 1.6877e-06 9.6688e-07 4.7350e-07 1.9011e-07 5.9282e-08 1.3379e-08 1.9922e-09 1.7315e-10 7.4641e-12 1.2821e-13 6.5254e-16 6.5635e-19 7.4601e-23 4.3923e-28 4.4550e-35 1.6137e-44 2.1353e-57 3.6133e-75 5.2195e-100 3.1614e-135 5.9402e-186 2.5735e-260 0.0000e+00 0.0000e+00 0.0000e+00 0.0000e+00 0.0000e+00 0.0000e+00 0.0000e+00 0.0000e+00 0.0000e+00 0.0000e+00 0.0000e+00 0.0000e+00 0.0000e+00 0.0000e+00 0.0000e+00 0.0000e+00 0.0000e+00
-2.9541e-10 -1.6727e-09 -4.6169e-09 -9.4991e-09 -1.6643e-08 -2.6346e-08 -3.8897e-08 -5.4577e-08 -7.3669e-08 -9.6464e-08 8.9344e-06 -1.5437e-07 -1.9011e-07 -2.3085e-07 -2.7693e-07 -3.2876e-07 -3.8675e-07 -4.5136e-07 -5.2308e-07 -6.0241e-07 -6.8993e-07 -7.8623e-07 -8.9198e-07 -1.0079e-06 -1.1347e-06 -1.2732e-06 -1.4243e-06 -1.5889e-06 -1.7681e-06 -1.9628e-06 -2.1742e-06 -2.4033e-06 -2.6515e-06 -2.9199e-06 -3.2097e-06 -3.5219e-06 -3.8577e-06 -4.2179e-06 -4.6031e-06 -5.0133e-06 -5.4483e-06 -5.9069e-06 -6.3868e-06 -6.8844e-06 -7.3945e-06 -7.9094e-06 -8.4187e-06 -8.9085e-06 -9.3612e-06 -9.7546e-06 -1.0062e-05 -1.0252e-05 -1.0291e-05 -1.0143e-05 -9.7773e-06 -9.1705e-06 -8.3170e-06 -7.2366e-06 -5.9817e-06 -4.6394e-06 -3.3239e-06 -2.1566e-06 -1.2355e-06 -6.0507e-07 -2.4294e-07 -7.5758e-08 -1.7098e-08 -2.5460e-09 -2.2130e-10 -9.5402e-12 -1.6389e-13 -8.3418e-16 -8.3916e-19 -9.5394e-23 -5.6178e-28 -5.6996e-35 -2.0653e-44 -2.7344e-57 -4.6304e-75 -6.6954e-100 -4.0613e-135 -7.6466e-186 -3.3228e-260 0.0000e+00 0.0000e+00 0.0000e+00 0.0000e+00 0.0000e+00 0.0000e+00 0.0000e+00 0.0000e+00 0.0000e+00 0.0000e+00 0.0000e+00 0.0000e+00 0.0000e+00 0.0000e+00 0.0000e+00 0.0000e+00 0.0000e+00 2.9541e-10 1.6727e-09 4.6169e-09 9.4991e-09 1.6643e-08 2.6346e-08 3.8897e-08 5.4577e-08 7.3669e-08 9.6464e-08 0.0000e+00 1.5437e-07 1.9011e-07 2.3085e-07 2.7693e-07 3.2876e-07 3.8675e-07 4.5136e-07 5.2308e-07 6.0241e-07 6.8993e-07 7.8623e-07 8.9198e-07 1.0079e-06 1.1347e-06 1.2732e-06 1.4243e-06 1.5889e-06 1.7681e-06 1.9628e-06 2.1742e-06 2.4033e-06 2.6515e-06 2.9199e-06 3.2097e-06 3.5219e-06 3.8577e-06 4.2179e-06 4.6030e-06 5.0133e-06 5.4483e-06 5.9068e-06 6.3868e-06 6.8844e-06 7.3945e-06 7.9094e-06 8.4186e-06 8.9085e-06 9.3611e-06 9.7545e-06 1.0062e-05 1.0252e-05 1.0291e-05 1.0143e-05 9.7771e-06 9.1703e-06 8.3168e-06 7.2364e-06 5.9815e-06 4.6392e-06 3.3238e-06 2.1565e-06 1.2355e-06 6.0503e-07 2.4292e-07 7.5749e-08 1.7096e-08 2.5455e-09 2.2125e-10 9.5375e-12 1.6383e-13 8.3380e-16 8.3867e-19 9.5323e-23 5.6124e-28 5.6925e-35 2.0619e-44 2.7285e-57 4.6170e-75 6.6693e-100 4.0396e-135 7.5902e-186 3.2883e-260 0.0000e+00 0.0000e+00 0.0000e+00 0.0000e+00 0.0000e+00 0.0000e+00 0.0000e+00 0.0000e+00 0.0000e+00 0.0000e+00 0.0000e+00 0.0000e+00 0.0000e+00 0.0000e+00 0.0000e+00 0.0000e+00 0.0000e+00
-3.6997e-10 -2.0949e-09 -5.7821e-09 -1.1896e-08 -2.0843e-08 -3.2995e-08 -4.8713e-08 -6.8350e-08 -9.2262e-08 -1.2081e-07 -1.5437e-07 1.5230e-05 -2.3809e-07 -2.8910e-07 -3.4682e-07 -4.1173e-07 -4.8436e-07 -5.6528e-07 -6.5509e-07 -7.5444e-07 -8.6404e-07 -9.8466e-07 -1.1171e-06 -1.2622e-06 -1.4210e-06 -1.5945e-06 -1.7838e-06 -1.9899e-06 -2.2143e-06 -2.4581e-06 -2.7229e-06 -3.0099e-06 -3.3207e-06 -3.6568e-06 -4.0197e-06 -4.4108e-06 -4.8313e-06 -5.2824e-06 -5.7647e-06 -6.2785e-06 -6.8233e-06 -7.3976e-06 -7.9986e-06 -8.6219e-06 -9.2607e-06 -9.9055e-06 -1.0543e-05 -1.1157e-05 -1.1724e-05 -1.2216e-05 -1.2601e-05 -1.2839e-05 -1.2888e-05 -1.2703e-05 -1.2245e-05 -1.1485e-05 -1.0416e-05 -9.0631e-06 -7.4915e-06 -5.8104e-06 -4.1629e-06 -2.7010e-06 -1.5474e-06 -7.5782e-07 -3.0427e-07 -9.4886e-08 -2.1416e-08 -3.1890e-09 -2.7720e-10 -1.1950e-11 -2.0530e-13 -1.0450e-15 -1.0514e-18 -1.1953e-22 -7.0403e-28 -7.1443e-35 -2.5895e-44 -3.4297e-57 -5.8108e-75 -8.4083e-100 -5.1053e-135 -9.6263e-186 -4.1919e-260 0.0000e+00 0.0000e+00 0.0000e+00 0.0000e+00 0.0000e+00 0.0000e+00 0.0000e+00 0.0000e+00 0.0000e+00 0.0000e+00 0.0000e+00 0.0000e+00 0.0000e+00 0.0000e+00 0.0000e+00 0.0000e+00 0.0000e+00 3.6997e-10 2.0949e-09 5.7821e-09 1.1896e-08 2.0843e-08 3.2995e-08 4.8713e-08 6.8350e-08 9.2262e-08 1.2081e-07 1.5437e-07 0.0000e+00 2.3809e-07 2.8910e-07 3.4682e-07 4.1173e-07 4.8436e-07 5.6528e-07 6.5509e-07 7.5444e-07 8.6404e-07 9.8466e-07 1.1171e-06 1.2622e-06 1.4210e-06 1.5945e-06 1.7838e-06 1.9899e-06 2.2143e-06 2.4581e-06 2.7229e-06 3.0099e-06 3.3207e-06 3.6568e-06 4.0197e-06 4.4108e-06 4.8313e-06 5.2824e-06 5.7647e-06 6.2785e-06 6.8233e-06 7.3976e-06 7.9986e-06 8.6219e-06 9.2607e-06 9.9055e-06 1.0543e-05 1.1157e-05 1.1724e-05 1.2216e-05 1.2601e-05 1.2839e-05 1.2888e-05 1.2703e-05 1.2245e-05 1.1485e-05 1.0416e-05 9.0627e-06 7.4911e-06 5.8100e-06 4.1626e-06 2.7008e-06 1.5472e-06 7.5772e-07 3.0422e-07 9.4866e-08 2.1410e-08 3.1880e-09 2.7709e-10 1.1945e-11 2.0517e-13 1.0442e-15 1.0503e-18 1.1938e-22 7.0288e-28 7.1291e-35 2.5823e-44 3.4171e-57 5.7823e-75 8.3525e-100 5.0591e-135 9.5058e-186 4.1182e-260 0.0000e+00 0.0000e+00 0.0000e+00 0.0000e+00 0.0000e+00 0.0000e+00 0.0000e+00 0.0000e+00 0.0000e+00 0.0000e+00 0.0000e+00 0.0000e+00 0.0000e+00 0.0000e+00 0.0000e+00 0.0000e+00 0.0000e+00
-4.5564e-10 -2.5800e-09 -7.1211e-09 -1.4651e-08 -2.5669e-08 -4.0636e-08 -5.9994e-08 -8.4178e-08 -1.1363e-07 -1.4878e-07 -1.9011e-07 -2.3809e-07 2.4924e-05 -3.5605e-07 -4.2713e-07 -5.0707e-07 -5.9652e-07 -6.9618e-07 -8.0678e-07 -9.2914e-07 -1.0641e-06 -1.2127e-06 -1.3758e-06 -1.5545e-06 -1.7501e-06 -1.9638e-06 -2.1968e-06 -2.4507e-06 -2.7271e-06 -3.0274e-06 -3.3534e-06 -3.7069e-06 -4.0897e-06 -4.5036e-06 -4.9506e-06 -5.4322e-06 -5.9501e-06 -6.5057e-06 -7.0997e-06 -7.7325e-06 -8.4034e-06 -9.1107e-06 -9.8509e-06 -1.0618e-05 -1.1405e-05 -1.2199e-05 -1.2985e-05 -1.3740e-05 -1.4439e-05 -1.5045e-05 -1.5519e-05 -1.5813e-05 -1.5873e-05 -1.5645e-05 -1.5081e-05 -1.4145e-05 -1.2828e-05 -1.1162e-05 -9.2265e-06 -7.1561e-06 -5.1271e-06 -3.3267e-06 -1.9059e-06 -9.3339e-07 -3.7477e-07 -1.1687e-07 -2.6379e-08 -3.9282e-09 -3.4148e-10 -1.4722e-11 -2.5294e-13 -1.2877e-15 -1.2956e-18 -1.4733e-22 -8.6797e-28 -8.8107e-35 -3.1948e-44 -4.2338e-57 -7.1788e-75 -1.0399e-99 -6.3239e-135 -1.1950e-185 -5.2206e-260 0.0000e+00 0.0000e+00 0.0000e+00 0.0000e+00 0.0000e+00 0.0000e+00 0.0000e+00 0.0000e+00 0.0000e+00 0.0000e+00 0.0000e+00 0.0000e+00 0.0000e+00 0.0000e+00 0.0000e+00 0.0000e+00 0.0000e+00 4.5564e-10 2.5800e-09 7.1211e-09 1.4651e-08 2.5669e-08 4.0636e-08 5.9994e-08 8.4178e-08 1.1363e-07 1.4878e-07 1.9011e-07 2.3809e-07 0.0000e+00 3.5605e-07 4.2713e-07 5.0707e-07 5.9652e-07 6.9618e-07 8.0678e-07 9.2914e-07 1.0641e-06 1.2127e-06 1.3758e-06 1.5545e-06 1.7501e-06 1.9638e-06 2.1968e-06 2.4507e-06 2.7271e-06 3.0274e-06 3.3534e-06 3.7069e-06 4.0897e-06 4.5036e-06 4.9505e-06 5.4322e-06 5.9501e-06 6.5056e-06 7.0997e-06 7.7324e-06 8.4034e-06 9.1106e-06 9.8508e-06 1.0618e-05 1.1405e-05 1.2199e-05 1.2985e-05 1.3740e-05 1.4438e-05 1.5045e-05 1.5519e-05 1.5812e-05 1.5872e-05 1.5644e-05 1.5080e-05 1.4144e-05 1.2828e-05 1.1161e-05 9.2258e-06 7.1554e-06 5.1265e-06 3.3262e-06 1.9055e-06 9.3318e-07 3.7467e-07 1.1683e-07 2.6368e-08 3.9262e-09 3.4126e-10 1.4710e-11 2.5268e-13 1.2860e-15 1.2935e-18 1.4702e-22 8.6564e-28 8.7800e-35 3.1803e-44 4.2084e-57 7.1212e-75 1.0287e-99 6.2306e-135 1.1707e-185 5.0718e-260 0.0000e+00 0.0000e+00 0.0000e+00 0.0000e+00 0.0000e+00 0.0000e+00 0.0000e+00 0.0000e+00 0.0000e+00 0.0000e+00 0.0000e+00 0.0000e+00 0.0000e+00 0.0000e+00 0.0000e+00 0.0000e+00 0.0000e+00
-5.5326e-10 -3.1328e-09 -8.6468e-09 -1.7790e-08 -3.1169e-08 -4.9342e-08 -7.2848e-08 -1.0221e-07 -1.3797e-07 -1.8066e-07 -2.3085e-07 -2.8910e-07 -3.5605e-07 3.9402e-05 -5.1864e-07 -6.1571e-07 -7.2433e-07 -8.4533e-07 -9.7964e-07 -1.1282e-06 -1.2921e-06 -1.4725e-06 -1.6705e-06 -1.8876e-06 -2.1251e-06 -2.3845e-06 -2.6675e-06 -2.9758e-06 -3.3113e-06 -3.6760e-06 -4.0718e-06 -4.5011e-06 -4.9659e-06 -5.4685e-06 -6.0112e-06 -6.5960e-06 -7.2249e-06 -7.8995e-06 -8.6208e-06 -9.3891e-06 -1.0204e-05 -1.1063e-05 -1.1961e-05 -1.2894e-05 -1.3849e-05 -1.4813e-05 -1.5767e-05 -1.6684e-05 -1.7532e-05 -1.8269e-05 -1.8845e-05 -1.9201e-05 -1.9274e-05 -1.8997e-05 -1.8312e-05 -1.7176e-05 -1.5577e-05 -1.3554e-05 -1.1204e-05 -8.6898e-06 -6.2260e-06 -4.0397e-06 -2.3145e-06 -1.1335e-06 -4.5514e-07 -1.4194e-07 -3.2039e-08 -4.7712e-09 -4.1479e-10 -1.7885e-11 -3.0731e-13 -1.5647e-15 -1.5747e-18 -1.7911e-22 -1.0556e-27 -1.0720e-34 -3.8896e-44 -5.1589e-57 -8.7576e-75 -1.2707e-99 -7.7448e-135 -1.4683e-185 -6.4448e-260 0.0000e+00 0.0000e+00 0.0000e+00 0.0000e+00 0.0000e+00 0.0000e+00 0.0000e+00 0.0000e+00 0.0000e+00 0.0000e+00 0.0000e+00 0.0000e+00 0.0000e+00 0.0000e+00 0.0000e+00 0.0000e+00 0.0000e+00 5.5326e-10 3.1328e-09 8.6468e-09 1.7790e-08 3.1169e-08 4.9342e-08 7.2848e-08 1.0221e-07 1.3797e-07 1.8066e-07 2.3085e-07 2.8910e-07 3.5605e-07 0.0000e+00 5.1864e-07 6.1571e-07 7.2433e-07 8.4533e-07 9.7964e-07 1.1282e-06 1.2921e-06 1.4725e-06 1.6705e-06 1.8876e-06 2.1251e-06 2.3845e-06 2.6675e-06 2.9758e-06 3.3113e-06 3.6760e-06 4.0718e-06 4.5011e-06 4.9659e-06 5.4685e-06 6.0112e-06 6.5960e-06 7.2249e-06 7.8995e-06 8.6208e-06 9.3891e-06 1.0204e-05 1.1063e-05 1.1961e-05 1.2893e-05 1.3849e-05 1.4813e-05 1.5767e-05 1.6684e-05 1.7532e-05 1.8269e-05 1.8844e-05 1.9200e-05 1.9273e-05 1.8996e-05 1.8311e-05 1.7175e-05 1.5576e-05 1.3553e-05 1.1202e-05 8.6885e-06 6.2249e-06 4.0388e-06 2.3138e-06 1.1331e-06 4.5494e-07 1.4187e-07 3.2018e-08 4.7674e-09 4.1437e-10 1.7862e-11 3.0682e-13 1.5616e-15 1.5707e-18 1.7852e-22 1.0511e-27 1.0661e-34 3.8617e-44 5.1100e-57 8.6470e-75 1.2491e-99 7.5655e-135 1.4215e-185 6.1584e-260 0.0000e+00 0.0000e+00 0.0000e+00 0.0000e+00 0.0000e+00 0.0000e+00 0.0000e+00 0.0000e+00 0.0000e+00 0.0000e+00 0.0000e+00 0.0000e+00 0.0000e+00 0.0000e+00 0.0000e+00 0.0000e+00 0.0000e+00
-6.6371e-10 -3.7582e-09 -1.0373e-08 -2.1342e-08 -3.7391e-08 -5.9193e-08 -8.7391e-08 -1.2262e-07 -1.6551e-07 -2.1673e-07 -2.7693e-07 -3.4682e-07 -4.2713e-07 -5.1864e-07 6.0470e-05 -7.3863e-07 -8.6893e-07 -1.0141e-06 -1.1752e-06 -1.3534e-06 -1.5501e-06 -1.7664e-06 -2.0040e-06 -2.2644e-06 -2.5493e-06 -2.8605e-06 -3.2000e-06 -3.5699e-06 -3.9724e-06 -4.4098e-06 -4.8847e-06 -5.3997e-06 -5.9573e-06 -6.5602e-06 -7.2113e-06 -7.9128e-06 -8.6673e-06 -9.4765e-06 -1.0342e-05 -1.1264e-05 -1.2241e-05 -1.3271e-05 -1.4349e-05 -1.5468e-05 -1.6614e-05 -1.7771e-05 -1.8915e-05 -2.0015e-05 -2.1033e-05 -2.1916e-05 -2.2607e-05 -2.3034e-05 -2.3122e-05 -2.2790e-05 -2.1969e-05 -2.0605e-05 -1.8688e-05 -1.6261e-05 -1.3441e-05 -1.0425e-05 -7.4697e-06 -4.8468e-06 -2.7769e-06 -1.3601e-06 -5.4613e-07 -1.7033e-07 -3.8448e-08 -5.7262e-09 -4.9787e-10 -2.1470e-11 -3.6898e-13 -1.8791e-15 -1.8917e-18 -2.1525e-22 -1.2692e-27 -1.2898e-34 -4.6840e-44 -6.2203e-57 -1.0577e-74 -1.5383e-99 -9.4065e-135 -1.7917e-185 -7.9171e-260 0.0000e+00 0.0000e+00 0.0000e+00 0.0000e+00 0.0000e+00 0.0000e+00 0.0000e+00 0.0000e+00 0.0000e+00 0.0000e+00 0.0000e+00 0.0000e+00 0.0000e+00 0.0000e+00 0.0000e+00 0.0000e+00 0.0000e+00 6.6371e-10 3.7582e-09 1.0373e-08 2.1342e-08 3.7391e-08 5.9193e-08 8.7391e-08 1.2262e-07 1.6551e-07 2.1673e-07 2.7693e-07 3.4682e-07 4.2713e-07 5.1864e-07 0.0000e+00 7.3863e-07 8.6893e-07 1.0141e-06 1.1752e-06 1.3534e-06 1.5501e-06 1.7664e-06 2.0040e-06 2.2644e-06 2.5493e-06 2.8605e-06 3.2000e-06 3.5699e-06 3.9724e-06 4.4098e-06 4.8847e-06 5.3996e-06 5.9573e-06 6.5602e-06 7.2112e-06 7.9128e-06 8.6673e-06 9.4765e-06 1.0342e-05 1.1263e-05 1.2241e-05 1.3271e-05 1.4349e-05 1.5467e-05 1.6613e-05 1.7770e-05 1.8914e-05 2.0015e-05 2.1032e-05 2.1916e-05 2.2606e-05 2.3033e-05 2.3120e-05 2.2789e-05 2.1967e-05 2.0603e-05 1.8686e-05 1.6258e-05 1.3439e-05 1.0423e-05 7.4675e-06 4.8451e-06 2.7757e-06 1.3593e-06 5.4577e-07 1.7019e-07 3.8410e-08 5.7191e-09 4.9709e-10 2.1428e-11 3.6807e-13 1.8733e-15 1.8843e-18 2.1416e-22 1.2609e-27 1.2789e-34 4.6326e-44 6.1301e-57 1.0373e-74 1.4984e-99 9.0758e-135 1.7053e-185 7.3875e-260 0.0000e+00 0.0000e+00 0.0000e+00 0.0000e+00 0.0000e+00 0.0000e+00 0.0000e+00 0.0000e+00 0.0000e+00 0.0000e+00 0.0000e+00 0.0000e+00 0.0000e+00 0.0000e+00 0.0000e+00 0.0000e+00 0.0000e+00
-7.8793e-10 -4.4615e-09 -1.2314e-08 -2.5336e-08 -4.4389e-08 -7.0271e-08 -1.0375e-07 -1.4557e-07 -1.9649e-07 -2.5729e-07 -3.2876e-07 -4.1173e-07 -5.0707e-07 -6.1571e-07 -7.3863e-07 9.0450e-05 -1.0316e-06 -1.2039e-06 -1.3952e-06 -1.6068e-06 -1.8402e-06 -2.0970e-06 -2.3791e-06 -2.6882e-06 -3.0264e-06 -3.3959e-06 -3.7989e-06 -4.2380e-06 -4.7158e-06 -5.2352e-06 -5.7989e-06 -6.4102e-06 -7.0722e-06 -7.7881e-06 -8.5609e-06 -9.3938e-06 -1.0289e-05 -1.1250e-05 -1.2277e-05 -1.3372e-05 -1.4532e-05 -1.5755e-05 -1.7035e-05 -1.8363e-05 -1.9723e-05 -2.1097e-05 -2.2455e-05 -2.3762e-05 -2.4969e-05 -2.6019e-05 -2.6839e-05 -2.7346e-05 -2.7450e-05 -2.7057e-05 -2.6081e-05 -2.4463e-05 -2.2187e-05 -1.9306e-05 -1.5959e-05 -1.2378e-05 -8.8691e-06 -5.7550e-06 -3.2974e-06 -1.6150e-06 -6.4855e-07 -2.0228e-07 -4.5667e-08 -6.8022e-09 -5.9150e-10 -2.5513e-11 -4.3856e-13 -2.2342e-15 -2.2501e-18 -2.5617e-22 -1.5115e-27 -1.5376e-34 -5.5910e-44 -7.4376e-57 -1.2677e-74 -1.8497e-99 -1.1363e-134 -2.1785e-185 -9.7154e-260 0.0000e+00 0.0000e+00 0.0000e+00 0.0000e+00 0.0000e+00 0.0000e+00 0.0000e+00 0.0000e+00 0.0000e+00 0.0000e+00 0.0000e+00 0.0000e+00 0.0000e+00 0.0000e+00 0.0000e+00 0.0000e+00 0.0000e+00 7.8793e-10 4.4615e-09 1.2314e-08 2.5336e-08 4.4389e-08 7.0271e-08 1.0375e-07 1.4557e-07 1.9649e-07 2.5729e-07 3.2876e-07 4.1173e-07 5.0707e-07 6.1571e-07 7.3863e-07 0.0000e+00 1.0316e-06 1.2039e-06 1.3952e-06 1.6068e-06 1.8402e-06 2.0970e-06 2.3791e-06 2.6882e-06 3.0264e-06 3.3959e-06 3.7989e-06 4.2380e-06 4.7158e-06 5.2352e-06 5.7989e-06 6.4102e-06 7.0722e-06 7.7880e-06 8.5609e-06 9.3938e-06 1.0289e-05 1.1250e-05 1.2277e-05 1.3372e-05 1.4532e-05 1.5755e-05 1.7035e-05 1.8362e-05 1.9723e-05 2.1096e-05 2.2454e-05 2.3761e-05 2.4968e-05 2.6017e-05 2.6837e-05 2.7344e-05 2.7447e-05 2.7054e-05 2.6078e-05 2.4459e-05 2.2183e-05 1.9301e-05 1.5954e-05 1.2374e-05 8.8652e-06 5.7519e-06 3.2952e-06 1.6137e-06 6.4791e-07 2.0204e-07 4.5598e-08 6.7895e-09 5.9013e-10 2.5439e-11 4.3696e-13 2.2239e-15 2.2369e-18 2.5425e-22 1.4969e-27 1.5183e-34 5.4996e-44 7.2774e-57 1.2315e-74 1.7788e-99 1.0774e-134 2.0244e-185 8.7696e-260 0.0000e+00 0.0000e+00 0.0000e+00 0.0000e+00 0.0000e+00 0.0000e+00 0.0000e+00 0.0000e+00 0.0000e+00 0.0000e+00 0.0000e+00 0.0000e+00 0.0000e+00 0.0000e+00 0.0000e+00 0.0000e+00 0.0000e+00
-9.2693e-10 -5.2486e-09 -1.4487e-08 -2.9806e-08 -5.2220e-08 -8.2667e-08 -1.2205e-07 -1.7125e-07 -2.3115e-07 -3.0268e-07 -3.8675e-07 -4.8436e-07 -5.9652e-07 -7.2433e-07 -8.6893e-07 -1.0316e-06 1.3229e-04 -1.4163e-06 -1.6413e-06 -1.8902e-06 -2.1648e-06 -2.4670e-06 -2.7988e-06 -3.1624e-06 -3.5603e-06 -3.9949e-06 -4.4691e-06 -4.9856e-06 -5.5477e-06 -6.1587e-06 -6.8219e-06 -7.5411e-06 -8.3198e-06 -9.1619e-06 -1.0071e-05 -1.1051e-05 -1.2105e-05 -1.3235e-05 -1.4443e-05 -1.5731e-05 -1.7095e-05 -1.8534e-05 -2.0040e-05 -2.1602e-05 -2.3203e-05 -2.4818e-05 -2.6417e-05 -2.7954e-05 -2.9375e-05 -3.0609e-05 -3.1574e-05 -3.2171e-05 -3.2294e-05 -3.1831e-05 -3.0684e-05 -2.8781e-05 -2.6104e-05 -2.2714e-05 -1.8777e-05 -1.4564e-05 -1.0436e-05 -6.7718e-06 -3.8802e-06 -1.9006e-06 -7.6331e-07 -2.3810e-07 -5.3760e-08 -8.0090e-09 -6.9659e-10 -3.0054e-11 -5.1680e-13 -2.6340e-15 -2.6542e-18 -3.0241e-22 -1.7861e-27 -1.8193e-34 -6.6273e-44 -8.8373e-57 -1.5112e-74 -2.2150e-99 -1.3692e-134 -2.6480e-185 -1.1956e-259 0.0000e+00 0.0000e+00 0.0000e+00 0.0000e+00 0.0000e+00 0.0000e+00 0.0000e+00 0.0000e+00 0.0000e+00 0.0000e+00 0.0000e+00 0.0000e+00 0.0000e+00 0.0000e+00 0.0000e+00 0.0000e+00 0.0000e+00 9.2693e-10 5.2486e-09 1.4487e-08 2.9806e-08 5.2220e-08 8.2667e-08 1.2205e-07 1.7125e-07 2.3115e-07 3.0268e-07 3.8675e-07 4.8436e-07 5.9652e-07 7.2433e-07 8.6893e-07 1.0316e-06 0.0000e+00 1.4163e-06 1.6413e-06 1.8902e-06 2.1648e-06 2.4670e-06 2.7988e-06 3.1624e-06 3.5603e-06 3.9949e-06 4.4691e-06 4.9856e-06 5.5477e-06 6.1587e-06 6.8219e-06 7.5410e-06 8.3198e-06 9.1619e-06 1.0071e-05 1.1051e-05 1.2105e-05 1.3235e-05 1.4443e-05 1.5730e-05 1.7095e-05 1.8534e-05 2.0040e-05 2.1601e-05 2.3202e-05 2.4817e-05 2.6415e-05 2.7952e-05 2.9373e-05 3.0607e-05 3.1571e-05 3.2168e-05 3.2289e-05 3.1826e-05 3.0678e-05 2.8774e-05 2.6096e-05 2.2706e-05 1.8768e-05 1.4557e-05 1.0429e-05 6.7665e-06 3.8765e-06 1.8984e-06 7.6221e-07 2.3768e-07 5.3642e-08 7.9872e-09 6.9423e-10 2.9926e-11 5.1404e-13 2.6162e-15 2.6315e-18 2.9910e-22 1.7610e-27 1.7861e-34 6.4697e-44 8.5612e-57 1.4487e-74 2.0926e-99 1.2674e-134 2.3813e-185 1.0315e-259 0.0000e+00 0.0000e+00 0.0000e+00 0.0000e+00 0.0000e+00 0.0000e+00 0.0000e+00 0.0000e+00 0.0000e+00 0.0000e+00 0.0000e+00 0.0000e+00 0.0000e+00 0.0000e+00 0.0000e+00 0.0000e+00 0.0000e+00
