-1.8579e-09 -1.0023e-11 -2.7663e-11 -5.6916e-11 -9.9717e-11 -1.5786e-10 -2.3305e-10 -3.2699e-10 -4.4135e-10 -5.7785e-10 -7.3822e-10 -9.2425e-10 -1.1378e-09 -1.3806e-09 -1.6545e-09 -1.9614e-09 -2.3028e-09 -2.6801e-09 -3.0945e-09 -3.5463e-09 -4.0351e-09 -4.5595e-09 -5.1163e-09 -5.7002e-09 -6.3034e-09 -6.9146e-09 -7.5182e-09 -8.0943e-09 -8.6174e-09 -9.0571e-09 -9.3782e-09 -9.5428e-09 -9.5131e-09 -9.2566e-09 -8.7522e-09 -7.9979e-09 -7.0181e-09 -5.8676e-09 -4.6308e-09 -3.4114e-09 -2.3145e-09 -1.4230e-09 -7.7757e-10 -3.6889e-10 -1.4772e-10 -4.8263e-11 -1.2346e-11 -2.3525e-12 -3.1434e-13 -2.7362e-14 -1.4186e-15 -3.9255e-17 -5.0689e-19 -2.5894e-21 -4.2687e-24 -1.7653e-27 -1.3397e-31 -1.2636e-36 -9.1014e-43 -2.7146e-50 -1.5495e-59 -6.3635e-71 -5.4095e-85 -1.9312e-102 -3.7146e-124 -2.6944e-151 -2.3039e-185 -2.4629e-228 -8.1036e-283 0.0000e+00 0.0000e+00 0.0000e+00 0.0000e+00 0.0000e+00 0.0000e+00 0.0000e+00 0.0000e+00 0.0000e+00 0.0000e+00 0.0000e+00 0.0000e+00 0.0000e+00 0.0000e+00 0.0000e+00 0.0000e+00 0.0000e+00 0.0000e+00 0.0000e+00 0.0000e+00 0.0000e+00 0.0000e+00 0.0000e+00 0.0000e+00 0.0000e+00 0.0000e+00 0.0000e+00 0.0000e+00 0.0000e+00 0.0000e+00 0.0000e+00 0.0000e+00 1.0023e-11 2.7663e-11 5.6916e-11 9.9717e-11 1.5786e-10 2.3305e-10 3.2699e-10 4.4135e-10 5.7785e-10 7.3822e-10 9.2425e-10 1.1378e-09 1.3806e-09 1.6545e-09 1.9614e-09 2.3028e-09 2.6801e-09 3.0945e-09 3.5463e-09 4.0351e-09 4.5595e-09 5.1163e-09 5.7002e-09 6.3034e-09 6.9146e-09 7.5182e-09 8.0943e-09 8.6174e-09 9.0571e-09 9.3782e-09 9.5428e-09 9.5131e-09 9.2566e-09 8.7522e-09 7.9979e-09 7.0181e-09 5.8676e-09 4.6308e-09 3.4114e-09 2.3145e-09 1.4230e-09 7.7757e-10 3.6889e-10 1.4772e-10 4.8263e-11 1.2346e-11 2.3525e-12 3.1434e-13 2.7362e-14 1.4186e-15 3.9255e-17 5.0689e-19 2.5894e-21 4.2687e-24 1.7653e-27 1.3397e-31 1.2636e-36 9.1014e-43 2.7146e-50 1.5495e-59 6.3635e-71 5.4095e-85 1.9312e-102 3.7146e-124 2.6944e-151 2.3039e-185 2.4629e-228 8.1036e-283 0.0000e+00 0.0000e+00 0.0000e+00 0.0000e+00 0.0000e+00 0.0000e+00 0.0000e+00 0.0000e+00 0.0000e+00 0.0000e+00 0.0000e+00 0.0000e+00 0.0000e+00 0.0000e+00 0.0000e+00 0.0000e+00 0.0000e+00 0.0000e+00 0.0000e+00 0.0000e+00 0.0000e+00 0.0000e+00 0.0000e+00 0.0000e+00 0.0000e+00 0.0000e+00 0.0000e+00 0.0000e+00 0.0000e+00 0.0000e+00 0.0000e+00
-1.0023e-11 3.0248e-10 -1.5664e-10 -3.2228e-10 -5.6463e-10 -8.9384e-10 -1.3196e-09 -1.8515e-09 -2.4991e-09 -3.2720e-09 -4.1800e-09 -5.2334e-09 -6.4423e-09 -7.8172e-09 -9.3684e-09 -1.1106e-08 -1.3039e-08 -1.5176e-08 -1.7522e-08 -2.0080e-08 -2.2848e-08 -2.5817e-08 -2.8970e-08 -3.2277e-08 -3.5692e-08 -3.9153e-08 -4.2571e-08 -4.5832e-08 -4.8795e-08 -5.1284e-08 -5.3103e-08 -5.4035e-08 -5.3867e-08 -5.2414e-08 -4.9558e-08 -4.5287e-08 -3.9739e-08 -3.3224e-08 -2.6221e-08 -1.9317e-08 -1.3106e-08 -8.0575e-09 -4.4029e-09 -2.0888e-09 -8.3646e-10 -2.7328e-10 -6.9906e-11 -1.3321e-11 -1.7799e-12 -1.5493e-13 -8.0324e-15 -2.2227e-16 -2.8702e-18 -1.4662e-20 -2.4171e-23 -9.9958e-27 -7.5856e-31 -7.1551e-36 -5.1535e-42 -1.5371e-49 -8.7738e-59 -3.6033e-70 -3.0631e-84 -1.0935e-101 -2.1033e-123 -1.5257e-150 -1.3046e-184 -1.3946e-227 -4.5886e-282 0.0000e+00 0.0000e+00 0.0000e+00 0.0000e+00 0.0000e+00 0.0000e+00 0.0000e+00 0.0000e+00 0.0000e+00 0.0000e+00 0.0000e+00 0.0000e+00 0.0000e+00 0.0000e+00 0.0000e+00 0.0000e+00 0.0000e+00 0.0000e+00 0.0000e+00 0.0000e+00 0.0000e+00 0.0000e+00 0.0000e+00 0.0000e+00 0.0000e+00 0.0000e+00 0.0000e+00 0.0000e+00 0.0000e+00 0.0000e+00 0.0000e+00 1.0023e-11 0.0000e+00 1.5664e-10 3.2228e-10 5.6463e-10 8.9384e-10 1.3196e-09 1.8515e-09 2.4991e-09 3.2720e-09 4.1800e-09 5.2334e-09 6.4423e-09 7.8172e-09 9.3684e-09 1.1106e-08 1.3039e-08 1.5176e-08 1.7522e-08 2.0080e-08 2.2848e-08 2.5817e-08 2.8970e-08 3.2277e-08 3.5692e-08 3.9153e-08 4.2571e-08 4.5832e-08 4.8795e-08 5.1284e-08 5.3103e-08 5.4035e-08 5.3867e-08 5.2414e-08 4.9558e-08 4.5287e-08 3.9739e-08 3.3224e-08 2.6221e-08 1.9317e-08 1.3106e-08 8.0575e-09 4.4029e-09 2.0888e-09 8.3646e-10 2.7328e-10 6.9906e-11 1.3321e-11 1.7799e-12 1.5493e-13 8.0324e-15 2.2227e-16 2.8702e-18 1.4662e-20 2.4171e-23 9.9958e-27 7.5855e-31 7.1551e-36 5.1535e-42 1.5371e-49 8.7737e-59 3.6033e-70 3.0630e-84 1.0935e-101 2.1033e-123 1.5257e-150 1.3045e-184 1.3946e-227 4.5885e-282 0.0000e+00 0.0000e+00 0.0000e+00 0.0000e+00 0.0000e+00 0.0000e+00 0.0000e+00 0.0000e+00 0.0000e+00 0.0000e+00 0.0000e+00 0.0000e+00 0.0000e+00 0.0000e+00 0.0000e+00 0.0000e+00 0.0000e+00 0.0000e+00 0.0000e+00 0.0000e+00 0.0000e+00 0.0000e+00 0.0000e+00 0.0000e+00 0.0000e+00 0.0000e+00 0.0000e+00 0.0000e+00 0.0000e+00 0.0000e+00 0.0000e+00
-2.7663e-11 -1.5664e-10 3.5229e-09 -8.8952e-10 -1.5585e-09 -2.4671e-09 -3.6423e-09 -5.1104e-09 -6.8978e-09 -9.0310e-09 -1.1537e-08 -1.4445e-08 -1.7782e-08 -2.1576e-08 -2.5858e-08 -3.0654e-08 -3.5989e-08 -4.1887e-08 -4.8363e-08 -5.5424e-08 -6.3064e-08 -7.1259e-08 -7.9961e-08 -8.9088e-08 -9.8515e-08 -1.0807e-07 -1.1750e-07 -1.2650e-07 -1.3468e-07 -1.4155e-07 -1.4657e-07 -1.4914e-07 -1.4868e-07 -1.4467e-07 -1.3679e-07 -1.2500e-07 -1.0968e-07 -9.1704e-08 -7.2374e-08 -5.3316e-08 -3.6173e-08 -2.2240e-08 -1.2152e-08 -5.7654e-09 -2.3088e-09 -7.5429e-10 -1.9295e-10 -3.6767e-11 -4.9127e-12 -4.2764e-13 -2.2171e-14 -6.1350e-16 -7.9221e-18 -4.0469e-20 -6.6715e-23 -2.7590e-26 -2.0937e-30 -1.9749e-35 -1.4225e-41 -4.2428e-49 -2.4218e-58 -9.9459e-70 -8.4549e-84 -3.0185e-101 -5.8060e-123 -4.2116e-150 -3.6012e-184 -3.8499e-227 -1.2668e-281 0.0000e+00 0.0000e+00 0.0000e+00 0.0000e+00 0.0000e+00 0.0000e+00 0.0000e+00 0.0000e+00 0.0000e+00 0.0000e+00 0.0000e+00 0.0000e+00 0.0000e+00 0.0000e+00 0.0000e+00 0.0000e+00 0.0000e+00 0.0000e+00 0.0000e+00 0.0000e+00 0.0000e+00 0.0000e+00 0.0000e+00 0.0000e+00 0.0000e+00 0.0000e+00 0.0000e+00 0.0000e+00 0.0000e+00 0.0000e+00 0.0000e+00 2.7663e-11 1.5664e-10 0.0000e+00 8.8952e-10 1.5585e-09 2.4671e-09 3.6423e-09 5.1104e-09 6.8978e-09 9.0310e-09 1.1537e-08 1.4445e-08 1.7782e-08 2.1576e-08 2.5858e-08 3.0654e-08 3.5989e-08 4.1887e-08 4.8363e-08 5.5424e-08 6.3064e-08 7.1259e-08 7.9961e-08 8.9088e-08 9.8515e-08 1.0807e-07 1.1750e-07 1.2650e-07 1.3468e-07 1.4155e-07 1.4657e-07 1.4914e-07 1.4868e-07 1.4467e-07 1.3679e-07 1.2500e-07 1.0968e-07 9.1703e-08 7.2374e-08 5.3316e-08 3.6173e-08 2.2240e-08 1.2152e-08 5.7654e-09 2.3087e-09 7.5429e-10 1.9295e-10 3.6767e-11 4.9127e-12 4.2764e-13 2.2171e-14 6.1350e-16 7.9220e-18 4.0468e-20 6.6714e-23 2.7590e-26 2.0937e-30 1.9749e-35 1.4224e-41 4.2426e-49 2.4217e-58 9.9454e-70 8.4544e-84 3.0183e-101 5.8055e-123 4.2111e-150 3.6007e-184 3.8492e-227 1.2665e-281 0.0000e+00 0.0000e+00 0.0000e+00 0.0000e+00 0.0000e+00 0.0000e+00 0.0000e+00 0.0000e+00 0.0000e+00 0.0000e+00 0.0000e+00 0.0000e+00 0.0000e+00 0.0000e+00 0.0000e+00 0.0000e+00 0.0000e+00 0.0000e+00 0.0000e+00 0.0000e+00 0.0000e+00 0.0000e+00 0.0000e+00 0.0000e+00 0.0000e+00 0.0000e+00 0.0000e+00 0.0000e+00 0.0000e+00 0.0000e+00 0.0000e+00
-5.6916e-11 -3.2228e-10 -8.8952e-10 1.9859e-08 -3.2064e-09 -5.0760e-09 -7.4939e-09 -1.0514e-08 -1.4192e-08 -1.8581e-08 -2.3738e-08 -2.9720e-08 -3.6585e-08 -4.4392e-08 -5.3201e-08 -6.3068e-08 -7.4046e-08 -8.6180e-08 -9.9503e-08 -1.1403e-07 -1.2975e-07 -1.4661e-07 -1.6452e-07 -1.8329e-07 -2.0269e-07 -2.2234e-07 -2.4175e-07 -2.6027e-07 -2.7710e-07 -2.9123e-07 -3.0156e-07 -3.0685e-07 -3.0590e-07 -2.9765e-07 -2.8143e-07 -2.5718e-07 -2.2567e-07 -1.8868e-07 -1.4891e-07 -1.0970e-07 -7.4424e-08 -4.5757e-08 -2.5003e-08 -1.1862e-08 -4.7502e-09 -1.5519e-09 -3.9699e-10 -7.5648e-11 -1.0108e-11 -8.7986e-13 -4.5616e-14 -1.2623e-15 -1.6300e-17 -8.3266e-20 -1.3727e-22 -5.6769e-26 -4.3081e-30 -4.0638e-35 -2.9270e-41 -8.7306e-49 -4.9836e-58 -2.0468e-69 -1.7400e-83 -6.2125e-101 -1.1951e-122 -8.6696e-150 -7.4141e-184 -7.9273e-227 -2.6089e-281 0.0000e+00 0.0000e+00 0.0000e+00 0.0000e+00 0.0000e+00 0.0000e+00 0.0000e+00 0.0000e+00 0.0000e+00 0.0000e+00 0.0000e+00 0.0000e+00 0.0000e+00 0.0000e+00 0.0000e+00 0.0000e+00 0.0000e+00 0.0000e+00 0.0000e+00 0.0000e+00 0.0000e+00 0.0000e+00 0.0000e+00 0.0000e+00 0.0000e+00 0.0000e+00 0.0000e+00 0.0000e+00 0.0000e+00 0.0000e+00 0.0000e+00 5.6916e-11 3.2228e-10 8.8952e-10 0.0000e+00 3.2064e-09 5.0760e-09 7.4939e-09 1.0514e-08 1.4192e-08 1.8581e-08 2.3738e-08 2.9720e-08 3.6585e-08 4.4392e-08 5.3201e-08 6.3068e-08 7.4046e-08 8.6180e-08 9.9503e-08 1.1403e-07 1.2975e-07 1.4661e-07 1.6452e-07 1.8329e-07 2.0269e-07 2.2234e-07 2.4175e-07 2.6027e-07 2.7710e-07 2.9123e-07 3.0156e-07 3.0685e-07 3.0590e-07 2.9765e-07 2.8143e-07 2.5717e-07 2.2567e-07 1.8867e-07 1.4891e-07 1.0970e-07 7.4424e-08 4.5757e-08 2.5003e-08 1.1862e-08 4.7501e-09 1.5519e-09 3.9698e-10 7.5647e-11 1.0108e-11 8.7984e-13 4.5615e-14 1.2622e-15 1.6299e-17 8.3261e-20 1.3726e-22 5.6764e-26 4.3077e-30 4.0632e-35 2.9266e-41 8.7290e-49 4.9824e-58 2.0462e-69 1.7394e-83 6.2099e-101 1.1944e-122 8.6641e-150 7.4083e-184 7.9196e-227 2.6057e-281 0.0000e+00 0.0000e+00 0.0000e+00 0.0000e+00 0.0000e+00 0.0000e+00 0.0000e+00 0.0000e+00 0.0000e+00 0.0000e+00 0.0000e+00 0.0000e+00 0.0000e+00 0.0000e+00 0.0000e+00 0.0000e+00 0.0000e+00 0.0000e+00 0.0000e+00 0.0000e+00 0.0000e+00 0.0000e+00 0.0000e+00 0.0000e+00 0.0000e+00 0.0000e+00 0.0000e+00 0.0000e+00 0.0000e+00 0.0000e+00 0.0000e+00
-9.9717e-11 -5.6463e-10 -1.5585e-09 -3.2064e-09 7.6086e-08 -8.8931e-09 -1.3129e-08 -1.8421e-08 -2.4864e-08 -3.2554e-08 -4.1589e-08 -5.2069e-08 -6.4097e-08 -7.7776e-08 -9.3209e-08 -1.1050e-07 -1.2973e-07 -1.5099e-07 -1.7433e-07 -1.9978e-07 -2.2732e-07 -2.5687e-07 -2.8823e-07 -3.2113e-07 -3.5511e-07 -3.8954e-07 -4.2355e-07 -4.5600e-07 -4.8548e-07 -5.1025e-07 -5.2834e-07 -5.3761e-07 -5.3594e-07 -5.2149e-07 -4.9307e-07 -4.5058e-07 -3.9538e-07 -3.3056e-07 -2.6089e-07 -1.9219e-07 -1.3039e-07 -8.0169e-08 -4.3807e-08 -2.0783e-08 -8.3226e-09 -2.7191e-09 -6.9557e-10 -1.3254e-10 -1.7710e-11 -1.5417e-12 -7.9928e-14 -2.2118e-15 -2.8562e-17 -1.4591e-19 -2.4055e-22 -9.9485e-26 -7.5502e-30 -7.1223e-35 -5.1305e-41 -1.5304e-48 -8.7370e-58 -3.5888e-69 -3.0515e-83 -1.0897e-100 -2.0968e-122 -1.5216e-149 -1.3018e-183 -1.3927e-226 -4.5865e-281 0.0000e+00 0.0000e+00 0.0000e+00 0.0000e+00 0.0000e+00 0.0000e+00 0.0000e+00 0.0000e+00 0.0000e+00 0.0000e+00 0.0000e+00 0.0000e+00 0.0000e+00 0.0000e+00 0.0000e+00 0.0000e+00 0.0000e+00 0.0000e+00 0.0000e+00 0.0000e+00 0.0000e+00 0.0000e+00 0.0000e+00 0.0000e+00 0.0000e+00 0.0000e+00 0.0000e+00 0.0000e+00 0.0000e+00 0.0000e+00 0.0000e+00 9.9717e-11 5.6463e-10 1.5585e-09 3.2064e-09 0.0000e+00 8.8931e-09 1.3129e-08 1.8421e-08 2.4864e-08 3.2554e-08 4.1589e-08 5.2069e-08 6.4097e-08 7.7776e-08 9.3209e-08 1.1050e-07 1.2973e-07 1.5099e-07 1.7433e-07 1.9978e-07 2.2732e-07 2.5687e-07 2.8823e-07 3.2113e-07 3.5511e-07 3.8954e-07 4.2355e-07 4.5600e-07 4.8547e-07 5.1025e-07 5.2834e-07 5.3761e-07 5.3594e-07 5.2149e-07 4.9307e-07 4.5057e-07 3.9537e-07 3.3056e-07 2.6088e-07 1.9219e-07 1.3039e-07 8.0167e-08 4.3806e-08 2.0782e-08 8.3223e-09 2.7190e-09 6.9552e-10 1.3253e-10 1.7709e-11 1.5415e-12 7.9917e-14 2.2115e-15 2.8556e-17 1.4587e-19 2.4048e-22 9.9452e-26 7.5471e-30 7.1188e-35 5.1274e-41 1.5293e-48 8.7293e-58 3.5850e-69 3.0475e-83 1.0880e-100 2.0927e-122 1.5180e-149 1.2979e-183 1.3875e-226 4.5653e-281 0.0000e+00 0.0000e+00 0.0000e+00 0.0000e+00 0.0000e+00 0.0000e+00 0.0000e+00 0.0000e+00 0.0000e+00 0.0000e+00 0.0000e+00 0.0000e+00 0.0000e+00 0.0000e+00 0.0000e+00 0.0000e+00 0.0000e+00 0.0000e+00 0.0000e+00 0.0000e+00 0.0000e+00 0.0000e+00 0.0000e+00 0.0000e+00 0.0000e+00 0.0000e+00 0.0000e+00 0.0000e+00 0.0000e+00 0.0000e+00 0.0000e+00
-1.5786e-10 -8.9384e-10 -2.4671e-09 -5.0760e-09 -8.8931e-09 2.2841e-07 -2.0784e-08 -2.9162e-08 -3.9361e-08 -5.1534e-08 -6.5837e-08 -8.2428e-08 -1.0147e-07 -1.2312e-07 -1.4756e-07 -1.7492e-07 -2.0537e-07 -2.3902e-07 -2.7598e-07 -3.1627e-07 -3.5987e-07 -4.0663e-07 -4.5629e-07 -5.0837e-07 -5.6216e-07 -6.1667e-07 -6.7050e-07 -7.2188e-07 -7.6854e-07 -8.0775e-07 -8.3639e-07 -8.5107e-07 -8.4843e-07 -8.2555e-07 -7.8056e-07 -7.1330e-07 -6.2591e-07 -5.2331e-07 -4.1301e-07 -3.0426e-07 -2.0643e-07 -1.2692e-07 -6.9353e-08 -3.2903e-08 -1.3176e-08 -4.3049e-09 -1.1013e-09 -2.0985e-10 -2.8041e-11 -2.4410e-12 -1.2656e-13 -3.5025e-15 -4.5232e-17 -2.3109e-19 -3.8101e-22 -1.5760e-25 -1.1962e-29 -1.1286e-34 -8.1315e-41 -2.4262e-48 -1.3855e-57 -5.6935e-69 -4.8434e-83 -1.7306e-100 -3.3324e-122 -2.4205e-149 -2.0732e-183 -2.2211e-226 -7.3281e-281 0.0000e+00 0.0000e+00 0.0000e+00 0.0000e+00 0.0000e+00 0.0000e+00 0.0000e+00 0.0000e+00 0.0000e+00 0.0000e+00 0.0000e+00 0.0000e+00 0.0000e+00 0.0000e+00 0.0000e+00 0.0000e+00 0.0000e+00 0.0000e+00 0.0000e+00 0.0000e+00 0.0000e+00 0.0000e+00 0.0000e+00 0.0000e+00 0.0000e+00 0.0000e+00 0.0000e+00 0.0000e+00 0.0000e+00 0.0000e+00 0.0000e+00 1.5786e-10 8.9384e-10 2.4671e-09 5.0760e-09 8.8931e-09 0.0000e+00 2.0784e-08 2.9162e-08 3.9361e-08 5.1534e-08 6.5837e-08 8.2428e-08 1.0147e-07 1.2312e-07 1.4756e-07 1.7492e-07 2.0537e-07 2.3902e-07 2.7598e-07 3.1627e-07 3.5987e-07 4.0663e-07 4.5629e-07 5.0837e-07 5.6216e-07 6.1667e-07 6.7050e-07 7.2188e-07 7.6853e-07 8.0774e-07 8.3638e-07 8.5106e-07 8.4842e-07 8.2554e-07 7.8055e-07 7.1328e-07 6.2589e-07 5.2329e-07 4.1299e-07 3.0424e-07 2.0642e-07 1.2691e-07 6.9346e-08 3.2899e-08 1.3175e-08 4.3043e-09 1.1010e-09 2.0981e-10 2.8034e-11 2.4403e-12 1.2651e-13 3.5009e-15 4.5206e-17 2.3093e-19 3.8070e-22 1.5744e-25 1.1947e-29 1.1269e-34 8.1170e-41 2.4210e-48 1.3819e-57 5.6752e-69 4.8244e-83 1.7223e-100 3.3128e-122 2.4030e-149 2.0547e-183 2.1965e-226 7.2271e-281 0.0000e+00 0.0000e+00 0.0000e+00 0.0000e+00 0.0000e+00 0.0000e+00 0.0000e+00 0.0000e+00 0.0000e+00 0.0000e+00 0.0000e+00 0.0000e+00 0.0000e+00 0.0000e+00 0.0000e+00 0.0000e+00 0.0000e+00 0.0000e+00 0.0000e+00 0.0000e+00 0.0000e+00 0.0000e+00 0.0000e+00 0.0000e+00 0.0000e+00 0.0000e+00 0.0000e+00 0.0000e+00 0.0000e+00 0.0000e+00 0.0000e+00
-2.3305e-10 -1.3196e-09 -3.6423e-09 -7.4939e-09 -1.3129e-08 -2.0784e-08 5.7961e-07 -4.3053e-08 -5.8111e-08 -7.6083e-08 -9.7198e-08 -1.2169e-07 -1.4980e-07 -1.8177e-07 -2.1784e-07 -2.5824e-07 -3.0320e-07 -3.5288e-07 -4.0744e-07 -4.6692e-07 -5.3129e-07 -6.0033e-07 -6.7364e-07 -7.5053e-07 -8.2995e-07 -9.1042e-07 -9.8990e-07 -1.0657e-06 -1.1346e-06 -1.1925e-06 -1.2348e-06 -1.2565e-06 -1.2526e-06 -1.2188e-06 -1.1524e-06 -1.0531e-06 -9.2410e-07 -7.7263e-07 -6.0978e-07 -4.4922e-07 -3.0479e-07 -1.8740e-07 -1.0240e-07 -4.8584e-08 -1.9457e-08 -6.3571e-09 -1.6263e-09 -3.0993e-10 -4.1416e-11 -3.6056e-12 -1.8696e-13 -5.1747e-15 -6.6837e-17 -3.4153e-19 -5.6323e-22 -2.3303e-25 -1.7693e-29 -1.6700e-34 -1.2038e-40 -3.5939e-48 -2.0538e-57 -8.4470e-69 -7.1936e-83 -2.5739e-100 -4.9644e-122 -3.6134e-149 -3.1031e-183 -3.3353e-226 -1.1049e-280 0.0000e+00 0.0000e+00 0.0000e+00 0.0000e+00 0.0000e+00 0.0000e+00 0.0000e+00 0.0000e+00 0.0000e+00 0.0000e+00 0.0000e+00 0.0000e+00 0.0000e+00 0.0000e+00 0.0000e+00 0.0000e+00 0.0000e+00 0.0000e+00 0.0000e+00 0.0000e+00 0.0000e+00 0.0000e+00 0.0000e+00 0.0000e+00 0.0000e+00 0.0000e+00 0.0000e+00 0.0000e+00 0.0000e+00 0.0000e+00 0.0000e+00 2.3305e-10 1.3196e-09 3.6423e-09 7.4939e-09 1.3129e-08 2.0784e-08 0.0000e+00 4.3053e-08 5.8111e-08 7.6083e-08 9.7198e-08 1.2169e-07 1.4980e-07 1.8177e-07 2.1784e-07 2.5824e-07 3.0320e-07 3.5288e-07 4.0744e-07 4.6692e-07 5.3129e-07 6.0033e-07 6.7364e-07 7.5053e-07 8.2995e-07 9.1041e-07 9.8989e-07 1.0657e-06 1.1346e-06 1.1925e-06 1.2348e-06 1.2565e-06 1.2526e-06 1.2188e-06 1.1524e-06 1.0530e-06 9.2404e-07 7.7256e-07 6.0972e-07 4.4917e-07 3.0474e-07 1.8736e-07 1.0238e-07 4.8571e-08 1.9450e-08 6.3546e-09 1.6255e-09 3.0975e-10 4.1387e-11 3.6027e-12 1.8678e-13 5.1685e-15 6.6740e-17 3.4093e-19 5.6204e-22 2.3243e-25 1.7639e-29 1.6638e-34 1.1983e-40 3.5742e-48 2.0401e-57 8.3786e-69 7.1225e-83 2.5428e-100 4.8908e-122 3.5477e-149 3.0334e-183 3.2428e-226 1.0670e-280 0.0000e+00 0.0000e+00 0.0000e+00 0.0000e+00 0.0000e+00 0.0000e+00 0.0000e+00 0.0000e+00 0.0000e+00 0.0000e+00 0.0000e+00 0.0000e+00 0.0000e+00 0.0000e+00 0.0000e+00 0.0000e+00 0.0000e+00 0.0000e+00 0.0000e+00 0.0000e+00 0.0000e+00 0.0000e+00 0.0000e+00 0.0000e+00 0.0000e+00 0.0000e+00 0.0000e+00 0.0000e+00 0.0000e+00 0.0000e+00 0.0000e+00
-3.2699e-10 -1.8515e-09 -5.1104e-09 -1.0514e-08 -1.8421e-08 -2.9162e-08 -4.3053e-08 1.3009e-06 -8.1533e-08 -1.0675e-07 -1.3638e-07 -1.7074e-07 -2.1018e-07 -2.5504e-07 -3.0565e-07 -3.6233e-07 -4.2540e-07 -4.9511e-07 -5.7166e-07 -6.5512e-07 -7.4543e-07 -8.4231e-07 -9.4517e-07 -1.0530e-06 -1.1645e-06 -1.2774e-06 -1.3889e-06 -1.4953e-06 -1.5920e-06 -1.6732e-06 -1.7326e-06 -1.7630e-06 -1.7575e-06 -1.7102e-06 -1.6170e-06 -1.4777e-06 -1.2967e-06 -1.0842e-06 -8.5567e-07 -6.3039e-07 -4.2772e-07 -2.6299e-07 -1.4372e-07 -6.8189e-08 -2.7310e-08 -8.9237e-09 -2.2831e-09 -4.3515e-10 -5.8159e-11 -5.0642e-12 -2.6265e-13 -7.2713e-15 -9.3945e-17 -4.8023e-19 -7.9232e-22 -3.2799e-25 -2.4920e-29 -2.3540e-34 -1.6985e-40 -5.0769e-48 -2.9056e-57 -1.1972e-68 -1.0218e-82 -3.6659e-100 -7.0945e-122 -5.1855e-149 -4.4763e-183 -4.8426e-226 -1.6174e-280 0.0000e+00 0.0000e+00 0.0000e+00 0.0000e+00 0.0000e+00 0.0000e+00 0.0000e+00 0.0000e+00 0.0000e+00 0.0000e+00 0.0000e+00 0.0000e+00 0.0000e+00 0.0000e+00 0.0000e+00 0.0000e+00 0.0000e+00 0.0000e+00 0.0000e+00 0.0000e+00 0.0000e+00 0.0000e+00 0.0000e+00 0.0000e+00 0.0000e+00 0.0000e+00 0.0000e+00 0.0000e+00 0.0000e+00 0.0000e+00 0.0000e+00 3.2699e-10 1.8515e-09 5.1104e-09 1.0514e-08 1.8421e-08 2.9162e-08 4.3053e-08 0.0000e+00 8.1533e-08 1.0675e-07 1.3638e-07 1.7074e-07 2.1018e-07 2.5504e-07 3.0565e-07 3.6233e-07 4.2540e-07 4.9511e-07 5.7166e-07 6.5512e-07 7.4543e-07 8.4230e-07 9.4516e-07 1.0530e-06 1.1645e-06 1.2774e-06 1.3889e-06 1.4953e-06 1.5919e-06 1.6732e-06 1.7325e-06 1.7629e-06 1.7574e-06 1.7100e-06 1.6168e-06 1.4775e-06 1.2965e-06 1.0840e-06 8.5548e-07 6.3021e-07 4.2757e-07 2.6288e-07 1.4364e-07 6.8148e-08 2.7290e-08 8.9159e-09 2.2807e-09 4.3460e-10 5.8069e-11 5.0548e-12 2.6206e-13 7.2517e-15 9.3640e-17 4.7835e-19 7.8858e-22 3.2612e-25 2.4748e-29 2.3344e-34 1.6814e-40 5.0149e-48 2.8625e-57 1.1756e-68 9.9933e-83 3.5677e-100 6.8621e-122 4.9775e-149 4.2560e-183 4.5497e-226 1.4969e-280 0.0000e+00 0.0000e+00 0.0000e+00 0.0000e+00 0.0000e+00 0.0000e+00 0.0000e+00 0.0000e+00 0.0000e+00 0.0000e+00 0.0000e+00 0.0000e+00 0.0000e+00 0.0000e+00 0.0000e+00 0.0000e+00 0.0000e+00 0.0000e+00 0.0000e+00 0.0000e+00 0.0000e+00 0.0000e+00 0.0000e+00 0.0000e+00 0.0000e+00 0.0000e+00 0.0000e+00 0.0000e+00 0.0000e+00 0.0000e+00 0.0000e+00
-4.4135e-10 -2.4991e-09 -6.8978e-09 -1.4192e-08 -2.4864e-08 -3.9361e-08 -5.8111e-08 -8.1533e-08 2.6594e-06 -1.4408e-07 -1.8407e-07 -2.3046e-07 -2.8369e-07 -3.4424e-07 -4.1255e-07 -4.8906e-07 -5.7419e-07 -6.6828e-07 -7.7160e-07 -8.8425e-07 -1.0061e-06 -1.1369e-06 -1.2757e-06 -1.4214e-06 -1.5718e-06 -1.7242e-06 -1.8747e-06 -2.0184e-06 -2.1488e-06 -2.2585e-06 -2.3386e-06 -2.3797e-06 -2.3724e-06 -2.3085e-06 -2.1828e-06 -1.9947e-06 -1.7505e-06 -1.4636e-06 -1.1552e-06 -8.5111e-07 -5.7751e-07 -3.5512e-07 -1.9408e-07 -9.2096e-08 -3.6889e-08 -1.2056e-08 -3.0851e-09 -5.8813e-10 -7.8626e-11 -6.8486e-12 -3.5534e-13 -9.8421e-15 -1.2723e-16 -6.5084e-19 -1.0747e-21 -4.4534e-25 -3.3878e-29 -3.2050e-34 -2.3167e-40 -6.9403e-48 -3.9828e-57 -1.6465e-68 -1.4110e-82 -5.0876e-100 -9.9066e-122 -7.2960e-149 -6.3573e-183 -6.9573e-226 -2.3570e-280 0.0000e+00 0.0000e+00 0.0000e+00 0.0000e+00 0.0000e+00 0.0000e+00 0.0000e+00 0.0000e+00 0.0000e+00 0.0000e+00 0.0000e+00 0.0000e+00 0.0000e+00 0.0000e+00 0.0000e+00 0.0000e+00 0.0000e+00 0.0000e+00 0.0000e+00 0.0000e+00 0.0000e+00 0.0000e+00 0.0000e+00 0.0000e+00 0.0000e+00 0.0000e+00 0.0000e+00 0.0000e+00 0.0000e+00 0.0000e+00 0.0000e+00 4.4135e-10 2.4991e-09 6.8978e-09 1.4192e-08 2.4864e-08 3.9361e-08 5.8111e-08 8.1533e-08 0.0000e+00 1.4408e-07 1.8407e-07 2.3046e-07 2.8369e-07 3.4424e-07 4.1255e-07 4.8906e-07 5.7418e-07 6.6828e-07 7.7159e-07 8.8424e-07 1.0061e-06 1.1369e-06 1.2757e-06 1.4213e-06 1.5717e-06 1.7241e-06 1.8746e-06 2.0183e-06 2.1487e-06 2.2584e-06 2.3384e-06 2.3795e-06 2.3721e-06 2.3081e-06 2.1823e-06 1.9942e-06 1.7499e-06 1.4631e-06 1.1547e-06 8.5063e-07 5.7711e-07 3.5482e-07 1.9388e-07 9.1982e-08 3.6834e-08 1.2034e-08 3.0784e-09 5.8660e-10 7.8379e-11 6.8226e-12 3.5372e-13 9.7880e-15 1.2639e-16 6.4564e-19 1.0644e-21 4.4017e-25 3.3404e-29 3.1508e-34 2.2694e-40 6.7688e-48 3.8636e-57 1.5867e-68 1.3488e-82 4.8153e-100 9.2617e-122 6.7180e-149 5.7440e-183 6.1401e-226 2.0200e-280 0.0000e+00 0.0000e+00 0.0000e+00 0.0000e+00 0.0000e+00 0.0000e+00 0.0000e+00 0.0000e+00 0.0000e+00 0.0000e+00 0.0000e+00 0.0000e+00 0.0000e+00 0.0000e+00 0.0000e+00 0.0000e+00 0.0000e+00 0.0000e+00 0.0000e+00 0.0000e+00 0.0000e+00 0.0000e+00 0.0000e+00 0.0000e+00 0.0000e+00 0.0000e+00 0.0000e+00 0.0000e+00 0.0000e+00 0.0000e+00 0.0000e+00
-5.7785e-10 -3.2720e-09 -9.0310e-09 -1.8581e-08 -3.2554e-08 -5.1534e-08 -7.6083e-08 -1.0675e-07 -1.4408e-07 5.0507e-06 -2.4100e-07 -3.0173e-07 -3.7143e-07 -4.5070e-07 -5.4013e-07 -6.4031e-07 -7.5177e-07 -8.7496e-07 -1.0102e-06 -1.1577e-06 -1.3173e-06 -1.4885e-06 -1.6703e-06 -1.8610e-06 -2.0579e-06 -2.2574e-06 -2.4546e-06 -2.6427e-06 -2.8135e-06 -2.9572e-06 -3.0621e-06 -3.1160e-06 -3.1065e-06 -3.0229e-06 -2.8584e-06 -2.6123e-06 -2.2925e-06 -1.9169e-06 -1.5131e-06 -1.1149e-06 -7.5659e-07 -4.6530e-07 -2.5434e-07 -1.2071e-07 -4.8363e-08 -1.5810e-08 -4.0471e-09 -7.7183e-10 -1.0323e-10 -8.9973e-12 -4.6714e-13 -1.2950e-14 -1.6758e-16 -8.5825e-19 -1.4193e-21 -5.8917e-25 -4.4915e-29 -4.2602e-34 -3.0892e-40 -9.2901e-48 -5.3561e-57 -2.2268e-68 -1.9215e-82 -6.9868e-100 -1.3745e-121 -1.0250e-148 -9.0671e-183 -1.0107e-225 -3.5010e-280 0.0000e+00 0.0000e+00 0.0000e+00 0.0000e+00 0.0000e+00 0.0000e+00 0.0000e+00 0.0000e+00 0.0000e+00 0.0000e+00 0.0000e+00 0.0000e+00 0.0000e+00 0.0000e+00 0.0000e+00 0.0000e+00 0.0000e+00 0.0000e+00 0.0000e+00 0.0000e+00 0.0000e+00 0.0000e+00 0.0000e+00 0.0000e+00 0.0000e+00 0.0000e+00 0.0000e+00 0.0000e+00 0.0000e+00 0.0000e+00 0.0000e+00 5.7785e-10 3.2720e-09 9.0310e-09 1.8581e-08 3.2554e-08 5.1534e-08 7.6083e-08 1.0675e-07 1.4408e-07 0.0000e+00 2.4100e-07 3.0173e-07 3.7143e-07 4.5070e-07 5.4013e-07 6.4031e-07 7.5176e-07 8.7496e-07 1.0102e-06 1.1577e-06 1.3173e-06 1.4885e-06 1.6703e-06 1.8609e-06 2.0578e-06 2.2573e-06 2.4544e-06 2.6425e-06 2.8133e-06 2.9568e-06 3.0616e-06 3.1154e-06 3.1057e-06 3.0219e-06 2.8573e-06 2.6110e-06 2.2911e-06 1.9156e-06 1.5118e-06 1.1137e-06 7.5560e-07 4.6456e-07 2.5385e-07 1.2043e-07 4.8226e-08 1.5756e-08 4.0304e-09 7.6801e-10 1.0262e-10 8.9327e-12 4.6311e-13 1.2815e-14 1.6548e-16 8.4532e-19 1.3936e-21 5.7631e-25 4.3734e-29 4.1252e-34 2.9712e-40 8.8620e-48 5.0583e-57 2.0773e-68 1.7659e-82 6.3040e-100 1.2125e-121 8.7939e-149 7.5182e-183 8.0353e-226 2.6428e-280 0.0000e+00 0.0000e+00 0.0000e+00 0.0000e+00 0.0000e+00 0.0000e+00 0.0000e+00 0.0000e+00 0.0000e+00 0.0000e+00 0.0000e+00 0.0000e+00 0.0000e+00 0.0000e+00 0.0000e+00 0.0000e+00 0.0000e+00 0.0000e+00 0.0000e+00 0.0000e+00 0.0000e+00 0.0000e+00 0.0000e+00 0.0000e+00 0.0000e+00 0.0000e+00 0.0000e+00 0.0000e+00 0.0000e+00 0.0000e+00 0.0000e+00
-7.3822e-10 -4.1800e-09 -1.1537e-08 -2.3738e-08 -4.1589e-08 -6.5837e-08 -9.7198e-08 -1.3638e-07 -1.8407e-07 -2.4100e-07 9.0402e-06 -3.8547e-07 -4.7452e-07 -5.7579e-07 -6.9004e-07 -8.1802e-07 -9.6041e-07 -1.1178e-06 -1.2906e-06 -1.4790e-06 -1.6829e-06 -1.9017e-06 -2.1339e-06 -2.3775e-06 -2.6291e-06 -2.8841e-06 -3.1359e-06 -3.3763e-06 -3.5947e-06 -3.7783e-06 -3.9125e-06 -3.9814e-06 -3.9694e-06 -3.8628e-06 -3.6528e-06 -3.3385e-06 -2.9301e-06 -2.4504e-06 -1.9344e-06 -1.4255e-06 -9.6757e-07 -5.9518e-07 -3.2542e-07 -1.5450e-07 -6.1923e-08 -2.0252e-08 -5.1871e-09 -9.8990e-10 -1.3251e-10 -1.1560e-11 -6.0088e-13 -1.6680e-14 -2.1621e-16 -1.1095e-18 -1.8393e-21 -7.6574e-25 -5.8581e-29 -5.5800e-34 -4.0670e-40 -1.2306e-47 -7.1479e-57 -2.9984e-68 -2.6155e-82 -9.6347e-100 -1.9252e-121 -1.4627e-148 -1.3231e-182 -1.5142e-225 -5.4108e-280 0.0000e+00 0.0000e+00 0.0000e+00 0.0000e+00 0.0000e+00 0.0000e+00 0.0000e+00 0.0000e+00 0.0000e+00 0.0000e+00 0.0000e+00 0.0000e+00 0.0000e+00 0.0000e+00 0.0000e+00 0.0000e+00 0.0000e+00 0.0000e+00 0.0000e+00 0.0000e+00 0.0000e+00 0.0000e+00 0.0000e+00 0.0000e+00 0.0000e+00 0.0000e+00 0.0000e+00 0.0000e+00 0.0000e+00 0.0000e+00 0.0000e+00 7.3822e-10 4.1800e-09 1.1537e-08 2.3738e-08 4.1589e-08 6.5837e-08 9.7198e-08 1.3638e-07 1.8407e-07 2.4100e-07 0.0000e+00 3.8547e-07 4.7452e-07 5.7579e-07 6.9004e-07 8.1802e-07 9.6040e-07 1.1178e-06 1.2906e-06 1.4790e-06 1.6829e-06 1.9016e-06 2.1338e-06 2.3774e-06 2.6289e-06 2.8838e-06 3.1356e-06 3.3758e-06 3.5940e-06 3.7774e-06 3.9113e-06 3.9800e-06 3.9676e-06 3.8606e-06 3.6502e-06 3.3356e-06 2.9270e-06 2.4472e-06 1.9314e-06 1.4228e-06 9.6530e-07 5.9349e-07 3.2430e-07 1.5385e-07 6.1611e-08 2.0129e-08 5.1490e-09 9.8116e-10 1.3110e-10 1.1412e-11 5.9164e-13 1.6372e-14 2.1140e-16 1.0799e-18 1.7803e-21 7.3624e-25 5.5871e-29 5.2700e-34 3.7957e-40 1.1321e-47 6.4617e-57 2.6536e-68 2.2556e-82 8.0515e-100 1.5483e-121 1.1228e-148 9.5958e-183 1.0250e-225 3.3686e-280 0.0000e+00 0.0000e+00 0.0000e+00 0.0000e+00 0.0000e+00 0.0000e+00 0.0000e+00 0.0000e+00 0.0000e+00 0.0000e+00 0.0000e+00 0.0000e+00 0.0000e+00 0.0000e+00 0.0000e+00 0.0000e+00 0.0000e+00 0.0000e+00 0.0000e+00 0.0000e+00 0.0000e+00 0.0000e+00 0.0000e+00 0.0000e+00 0.0000e+00 0.0000e+00 0.0000e+00 0.0000e+00 0.0000e+00 0.0000e+00 0.0000e+00
-9.2425e-10 -5.2334e-09 -1.4445e-08 -2.9720e-08 -5.2069e-08 -8.2428e-08 -1.2169e-07 -1.7074e-07 -2.3046e-07 -3.0173e-07 -3.8547e-07 1.5410e-05 -5.9410e-07 -7.2088e-07 -8.6393e-07 -1.0242e-06 -1.2024e-06 -1.3995e-06 -1.6159e-06 -1.8518e-06 -2.1071e-06 -2.3809e-06 -2.6717e-06 -2.9767e-06 -3.2918e-06 -3.6111e-06 -3.9265e-06 -4.2276e-06 -4.5011e-06 -4.7312e-06 -4.8994e-06 -4.9860e-06 -4.9713e-06 -4.8381e-06 -4.5755e-06 -4.1824e-06 -3.6712e-06 -3.0706e-06 -2.4246e-06 -1.7872e-06 -1.2134e-06 -7.4666e-07 -4.0841e-07 -1.9400e-07 -7.7803e-08 -2.5464e-08 -6.5278e-09 -1.2471e-09 -1.6714e-10 -1.4603e-11 -7.6048e-13 -2.1157e-14 -2.7495e-16 -1.4155e-18 -2.3553e-21 -9.8500e-25 -7.5765e-29 -7.2638e-34 -5.3356e-40 -1.6295e-47 -9.5707e-57 -4.0682e-68 -3.6047e-82 -1.3528e-99 -2.7627e-121 -2.1533e-148 -2.0065e-182 -2.3764e-225 -8.8313e-280 0.0000e+00 0.0000e+00 0.0000e+00 0.0000e+00 0.0000e+00 0.0000e+00 0.0000e+00 0.0000e+00 0.0000e+00 0.0000e+00 0.0000e+00 0.0000e+00 0.0000e+00 0.0000e+00 0.0000e+00 0.0000e+00 0.0000e+00 0.0000e+00 0.0000e+00 0.0000e+00 0.0000e+00 0.0000e+00 0.0000e+00 0.0000e+00 0.0000e+00 0.0000e+00 0.0000e+00 0.0000e+00 0.0000e+00 0.0000e+00 0.0000e+00 9.2425e-10 5.2334e-09 1.4445e-08 2.9720e-08 5.2069e-08 8.2428e-08 1.2169e-07 1.7074e-07 2.3046e-07 3.0173e-07 3.8547e-07 0.0000e+00 5.9409e-07 7.2088e-07 8.6393e-07 1.0242e-06 1.2024e-06 1.3995e-06 1.6158e-06 1.8517e-06 2.1070e-06 2.3808e-06 2.6715e-06 2.9765e-06 3.2914e-06 3.6105e-06 3.9258e-06 4.2266e-06 4.4997e-06 4.7293e-06 4.8970e-06 4.9829e-06 4.9674e-06 4.8335e-06 4.5701e-06 4.1762e-06 3.6646e-06 3.0639e-06 2.4180e-06 1.7813e-06 1.2086e-06 7.4304e-07 4.0602e-07 1.9262e-07 7.7137e-08 2.5201e-08 6.4466e-09 1.2284e-09 1.6414e-10 1.4287e-11 7.4072e-13 2.0497e-14 2.6468e-16 1.3520e-18 2.2289e-21 9.2175e-25 6.9947e-29 6.5975e-34 4.7517e-40 1.4172e-47 8.0882e-57 3.3212e-68 2.8226e-82 1.0073e-99 1.9363e-121 1.4033e-148 1.1982e-182 1.2780e-225 4.1899e-280 0.0000e+00 0.0000e+00 0.0000e+00 0.0000e+00 0.0000e+00 0.0000e+00 0.0000e+00 0.0000e+00 0.0000e+00 0.0000e+00 0.0000e+00 0.0000e+00 0.0000e+00 0.0000e+00 0.0000e+00 0.0000e+00 0.0000e+00 0.0000e+00 0.0000e+00 0.0000e+00 0.0000e+00 0.0000e+00 0.0000e+00 0.0000e+00 0.0000e+00 0.0000e+00 0.0000e+00 0.0000e+00 0.0000e+00 0.0000e+00 0.0000e+00
-1.1378e-09 -6.4423e-09 -1.7782e-08 -3.6585e-08 -6.4097e-08 -1.0147e-07 -1.4980e-07 -2.1018e-07 -2.8369e-07 -3.7143e-07 -4.7452e-07 -5.9410e-07 2.5219e-05 -8.8741e-07 -1.0635e-06 -1.2608e-06 -1.4802e-06 -1.7228e-06 -1.9891e-06 -2.2796e-06 -2.5939e-06 -2.9310e-06 -3.2890e-06 -3.6646e-06 -4.0525e-06 -4.4457e-06 -4.8341e-06 -5.2050e-06 -5.5420e-06 -5.8255e-06 -6.0331e-06 -6.1402e-06 -6.1227e-06 -5.9594e-06 -5.6367e-06 -5.1533e-06 -4.5244e-06 -3.7853e-06 -2.9898e-06 -2.2046e-06 -1.4975e-06 -9.2197e-07 -5.0464e-07 -2.3989e-07 -9.6298e-08 -3.1553e-08 -8.0995e-09 -1.5498e-09 -2.0812e-10 -1.8226e-11 -9.5173e-13 -2.6565e-14 -3.4660e-16 -1.7927e-18 -2.9997e-21 -1.2629e-24 -9.7917e-29 -9.4765e-34 -7.0390e-40 -2.1783e-47 -1.2994e-56 -5.6244e-68 -5.0901e-82 -1.9575e-99 -4.1118e-121 -3.3093e-148 -3.1978e-182 -3.9455e-225 -1.5349e-279 0.0000e+00 0.0000e+00 0.0000e+00 0.0000e+00 0.0000e+00 0.0000e+00 0.0000e+00 0.0000e+00 0.0000e+00 0.0000e+00 0.0000e+00 0.0000e+00 0.0000e+00 0.0000e+00 0.0000e+00 0.0000e+00 0.0000e+00 0.0000e+00 0.0000e+00 0.0000e+00 0.0000e+00 0.0000e+00 0.0000e+00 0.0000e+00 0.0000e+00 0.0000e+00 0.0000e+00 0.0000e+00 0.0000e+00 0.0000e+00 0.0000e+00 1.1378e-09 6.4423e-09 1.7782e-08 3.6585e-08 6.4097e-08 1.0147e-07 1.4980e-07 2.1018e-07 2.8369e-07 3.7143e-07 4.7452e-07 5.9409e-07 0.0000e+00 8.8741e-07 1.0635e-06 1.2607e-06 1.4802e-06 1.7227e-06 1.9891e-06 2.2795e-06 2.5937e-06 2.9308e-06 3.2887e-06 3.6640e-06 4.0518e-06 4.4446e-06 4.8326e-06 5.2029e-06 5.5392e-06 5.8218e-06 6.0282e-06 6.1340e-06 6.1149e-06 5.9500e-06 5.6258e-06 5.1409e-06 4.5111e-06 3.7716e-06 2.9766e-06 2.1928e-06 1.4877e-06 9.1469e-07 4.9981e-07 2.3712e-07 9.4955e-08 3.1023e-08 7.9357e-09 1.5122e-09 2.0205e-10 1.7588e-11 9.1182e-13 2.5232e-14 3.2581e-16 1.6643e-18 2.7436e-21 1.1346e-24 8.6095e-29 8.1202e-34 5.8479e-40 1.7439e-47 9.9510e-57 4.0849e-68 3.4701e-82 1.2376e-99 2.3766e-121 1.7196e-148 1.4646e-182 1.5558e-225 5.0665e-280 0.0000e+00 0.0000e+00 0.0000e+00 0.0000e+00 0.0000e+00 0.0000e+00 0.0000e+00 0.0000e+00 0.0000e+00 0.0000e+00 0.0000e+00 0.0000e+00 0.0000e+00 0.0000e+00 0.0000e+00 0.0000e+00 0.0000e+00 0.0000e+00 0.0000e+00 0.0000e+00 0.0000e+00 0.0000e+00 0.0000e+00 0.0000e+00 0.0000e+00 0.0000e+00 0.0000e+00 0.0000e+00 0.0000e+00 0.0000e+00 0.0000e+00
-1.3806e-09 -7.8172e-09 -2.1576e-08 -4.4392e-08 -7.7776e-08 -1.2312e-07 -1.8177e-07 -2.5504e-07 -3.4424e-07 -4.5070e-07 -5.7579e-07 -7.2088e-07 -8.8741e-07 3.9869e-05 -1.2905e-06 -1.5298e-06 -1.7961e-06 -2.0905e-06 -2.4137e-06 -2.7661e-06 -3.1475e-06 -3.5567e-06 -3.9912e-06 -4.4470e-06 -4.9179e-06 -5.3952e-06 -5.8669e-06 -6.3173e-06 -6.7267e-06 -7.0714e-06 -7.3241e-06 -7.4550e-06 -7.4348e-06 -7.2378e-06 -6.8474e-06 -6.2618e-06 -5.4994e-06 -4.6027e-06 -3.6371e-06 -2.6835e-06 -1.8240e-06 -1.1239e-06 -6.1574e-07 -2.9305e-07 -1.1780e-07 -3.8662e-08 -9.9441e-09 -1.9073e-09 -2.5685e-10 -2.2569e-11 -1.1833e-12 -3.3185e-14 -4.3544e-16 -2.2674e-18 -3.8243e-21 -1.6253e-24 -1.2741e-28 -1.2492e-33 -9.4200e-40 -2.9668e-47 -1.8059e-56 -8.0009e-68 -7.4353e-82 -2.9464e-99 -6.4010e-121 -5.3491e-148 -5.3891e-182 -6.9634e-225 -2.8508e-279 0.0000e+00 0.0000e+00 0.0000e+00 0.0000e+00 0.0000e+00 0.0000e+00 0.0000e+00 0.0000e+00 0.0000e+00 0.0000e+00 0.0000e+00 0.0000e+00 0.0000e+00 0.0000e+00 0.0000e+00 0.0000e+00 0.0000e+00 0.0000e+00 0.0000e+00 0.0000e+00 0.0000e+00 0.0000e+00 0.0000e+00 0.0000e+00 0.0000e+00 0.0000e+00 0.0000e+00 0.0000e+00 0.0000e+00 0.0000e+00 0.0000e+00 1.3806e-09 7.8172e-09 2.1576e-08 4.4392e-08 7.7776e-08 1.2312e-07 1.8177e-07 2.5504e-07 3.4424e-07 4.5070e-07 5.7579e-07 7.2088e-07 8.8741e-07 0.0000e+00 1.2905e-06 1.5298e-06 1.7961e-06 2.0904e-06 2.4136e-06 2.7660e-06 3.1472e-06 3.5563e-06 3.9905e-06 4.4460e-06 4.9165e-06 5.3931e-06 5.8639e-06 6.3132e-06 6.7213e-06 7.0642e-06 7.3147e-06 7.4431e-06 7.4199e-06 7.2198e-06 6.8264e-06 6.2381e-06 5.4738e-06 4.5765e-06 3.6119e-06 2.6608e-06 1.8052e-06 1.1099e-06 6.0648e-07 2.8772e-07 1.1522e-07 3.7643e-08 9.6292e-09 1.8349e-09 2.4517e-10 2.1341e-11 1.1064e-12 3.0615e-14 3.9531e-16 2.0193e-18 3.3287e-21 1.3764e-24 1.0444e-28 9.8490e-34 7.0915e-40 2.1141e-47 1.2058e-56 4.9464e-68 4.1976e-82 1.4946e-99 2.8628e-121 2.0630e-148 1.7456e-182 1.8342e-225 5.8625e-280 0.0000e+00 0.0000e+00 0.0000e+00 0.0000e+00 0.0000e+00 0.0000e+00 0.0000e+00 0.0000e+00 0.0000e+00 0.0000e+00 0.0000e+00 0.0000e+00 0.0000e+00 0.0000e+00 0.0000e+00 0.0000e+00 0.0000e+00 0.0000e+00 0.0000e+00 0.0000e+00 0.0000e+00 0.0000e+00 0.0000e+00 0.0000e+00 0.0000e+00 0.0000e+00 0.0000e+00 0.0000e+00 0.0000e+00 0.0000e+00 0.0000e+00
-1.6545e-09 -9.3684e-09 -2.5858e-08 -5.3201e-08 -9.3209e-08 -1.4756e-07 -2.1784e-07 -3.0565e-07 -4.1255e-07 -5.4013e-07 -6.9004e-07 -8.6393e-07 -1.0635e-06 -1.2905e-06 6.1186e-05 -1.8334e-06 -2.1526e-06 -2.5053e-06 -2.8927e-06 -3.3152e-06 -3.7723e-06 -4.2628e-06 -4.7836e-06 -5.3301e-06 -5.8947e-06 -6.4671e-06 -7.0329e-06 -7.5734e-06 -8.0650e-06 -8.4793e-06 -8.7834e-06 -8.9420e-06 -8.9196e-06 -8.6856e-06 -8.2197e-06 -7.5195e-06 -6.6070e-06 -5.5328e-06 -4.3750e-06 -3.2305e-06 -2.1979e-06 -1.3559e-06 -7.4388e-07 -3.5462e-07 -1.4284e-07 -4.6990e-08 -1.2121e-08 -2.3326e-09 -3.1539e-10 -2.7844e-11 -1.4681e-12 -4.1448e-14 -5.4814e-16 -2.8806e-18 -4.9114e-21 -2.1136e-24 -1.6813e-28 -1.6764e-33 -1.2888e-39 -4.1492e-47 -2.5893e-56 -1.1797e-67 -1.1311e-81 -4.6400e-99 -1.0473e-120 -9.1275e-148 -9.6308e-182 -1.3094e-224 -5.6718e-279 0.0000e+00 0.0000e+00 0.0000e+00 0.0000e+00 0.0000e+00 0.0000e+00 0.0000e+00 0.0000e+00 0.0000e+00 0.0000e+00 0.0000e+00 0.0000e+00 0.0000e+00 0.0000e+00 0.0000e+00 0.0000e+00 0.0000e+00 0.0000e+00 0.0000e+00 0.0000e+00 0.0000e+00 0.0000e+00 0.0000e+00 0.0000e+00 0.0000e+00 0.0000e+00 0.0000e+00 0.0000e+00 0.0000e+00 0.0000e+00 0.0000e+00 1.6545e-09 9.3684e-09 2.5858e-08 5.3201e-08 9.3209e-08 1.4756e-07 2.1784e-07 3.0565e-07 4.1255e-07 5.4013e-07 6.9004e-07 8.6393e-07 1.0635e-06 1.2905e-06 0.0000e+00 1.8334e-06 2.1525e-06 2.5052e-06 2.8925e-06 3.3148e-06 3.7718e-06 4.2619e-06 4.7824e-06 5.3282e-06 5.8920e-06 6.4633e-06 7.0275e-06 7.5660e-06 8.0550e-06 8.4660e-06 8.7662e-06 8.9200e-06 8.8923e-06 8.6525e-06 8.1810e-06 7.4759e-06 6.5600e-06 5.4847e-06 4.3286e-06 3.1888e-06 2.1634e-06 1.3301e-06 7.2682e-07 3.4482e-07 1.3808e-07 4.5112e-08 1.1540e-08 2.1989e-09 2.9380e-10 2.5574e-11 1.3258e-12 3.6686e-14 4.7369e-16 2.4195e-18 3.9880e-21 1.6488e-24 1.2508e-28 1.1792e-33 8.4865e-40 2.5282e-47 1.4405e-56 5.8996e-68 4.9939e-82 1.7712e-99 3.3714e-121 2.4048e-148 2.0002e-182 2.0397e-225 6.1662e-280 0.0000e+00 0.0000e+00 0.0000e+00 0.0000e+00 0.0000e+00 0.0000e+00 0.0000e+00 0.0000e+00 0.0000e+00 0.0000e+00 0.0000e+00 0.0000e+00 0.0000e+00 0.0000e+00 0.0000e+00 0.0000e+00 0.0000e+00 0.0000e+00 0.0000e+00 0.0000e+00 0.0000e+00 0.0000e+00 0.0000e+00 0.0000e+00 0.0000e+00 0.0000e+00 0.0000e+00 0.0000e+00 0.0000e+00 0.0000e+00 0.0000e+00
-1.9614e-09 -1.1106e-08 -3.0654e-08 -6.3068e-08 -1.1050e-07 -1.7492e-07 -2.5824e-07 -3.6233e-07 -4.8906e-07 -6.4031e-07 -8.1802e-07 -1.0242e-06 -1.2608e-06 -1.5298e-06 -1.8334e-06 9.1519e-05 -2.5518e-06 -2.9701e-06 -3.4294e-06 -3.9302e-06 -4.4723e-06 -5.0538e-06 -5.6716e-06 -6.3197e-06 -6.9895e-06 -7.6687e-06 -8.3404e-06 -8.9823e-06 -9.5666e-06 -1.0060e-05 -1.0423e-05 -1.0613e-05 -1.0590e-05 -1.0316e-05 -9.7669e-06 -8.9397e-06 -7.8600e-06 -6.5873e-06 -5.2138e-06 -3.8542e-06 -2.6259e-06 -1.6225e-06 -8.9192e-07 -4.2619e-07 -1.7214e-07 -5.6820e-08 -1.4714e-08 -2.8449e-09 -3.8677e-10 -3.4369e-11 -1.8259e-12 -5.2013e-14 -6.9506e-16 -3.6971e-18 -6.3919e-21 -2.7952e-24 -2.2645e-28 -2.3051e-33 -1.8140e-39 -5.9944e-47 -3.8508e-56 -1.8114e-67 -1.7987e-81 -7.6682e-99 -1.8051e-120 -1.6475e-147 -1.8289e-181 -2.6305e-224 -1.2133e-278 0.0000e+00 0.0000e+00 0.0000e+00 0.0000e+00 0.0000e+00 0.0000e+00 0.0000e+00 0.0000e+00 0.0000e+00 0.0000e+00 0.0000e+00 0.0000e+00 0.0000e+00 0.0000e+00 0.0000e+00 0.0000e+00 0.0000e+00 0.0000e+00 0.0000e+00 0.0000e+00 0.0000e+00 0.0000e+00 0.0000e+00 0.0000e+00 0.0000e+00 0.0000e+00 0.0000e+00 0.0000e+00 0.0000e+00 0.0000e+00 0.0000e+00 1.9614e-09 1.1106e-08 3.0654e-08 6.3068e-08 1.1050e-07 1.7492e-07 2.5824e-07 3.6233e-07 4.8906e-07 6.4031e-07 8.1802e-07 1.0242e-06 1.2607e-06 1.5298e-06 1.8334e-06 0.0000e+00 2.5517e-06 2.9698e-06 3.4290e-06 3.9296e-06 4.4713e-06 5.0524e-06 5.6693e-06 6.3164e-06 6.9848e-06 7.6620e-06 8.3309e-06 8.9692e-06 9.5489e-06 1.0036e-05 1.0392e-05 1.0574e-05 1.0541e-05 1.0257e-05 9.6982e-06 8.8624e-06 7.7767e-06 6.5019e-06 5.1314e-06 3.7802e-06 2.5647e-06 1.5768e-06 8.6161e-07 4.0876e-07 1.6369e-07 5.3478e-08 1.3680e-08 2.6066e-09 3.4827e-10 3.0314e-11 1.5715e-12 4.3481e-14 5.6137e-16 2.8669e-18 4.7245e-21 1.9527e-24 1.4807e-28 1.3949e-33 1.0029e-39 2.9830e-47 1.6956e-56 6.9187e-68 5.8225e-82 2.0458e-99 3.8346e-121 2.6641e-148 2.1128e-182 1.9616e-225 4.7633e-280 0.0000e+00 0.0000e+00 0.0000e+00 0.0000e+00 0.0000e+00 0.0000e+00 0.0000e+00 0.0000e+00 0.0000e+00 0.0000e+00 0.0000e+00 0.0000e+00 0.0000e+00 0.0000e+00 0.0000e+00 0.0000e+00 0.0000e+00 0.0000e+00 0.0000e+00 0.0000e+00 0.0000e+00 0.0000e+00 0.0000e+00 0.0000e+00 0.0000e+00 0.0000e+00 0.0000e+00 0.0000e+00 0.0000e+00 0.0000e+00 0.0000e+00
-2.3028e-09 -1.3039e-08 -3.5989e-08 -7.4046e-08 -1.2973e-07 -2.0537e-07 -3.0320e-07 -4.2540e-07 -5.7419e-07 -7.5177e-07 -9.6041e-07 -1.2024e-06 -1.4802e-06 -1.7961e-06 -2.1526e-06 -2.5518e-06 1.3386e-04 -3.4872e-06 -4.0265e-06 -4.6147e-06 -5.2512e-06 -5.9343e-06 -6.6600e-06 -7.4215e-06 -8.2087e-06 -9.0073e-06 -9.7973e-06 -1.0553e-05 -1.1241e-05 -1.1823e-05 -1.2254e-05 -1.2482e-05 -1.2460e-05 -1.2143e-05 -1.1504e-05 -1.0538e-05 -9.2735e-06 -7.7804e-06 -6.1662e-06 -4.5655e-06 -3.1163e-06 -1.9299e-06 -1.0638e-06 -5.0993e-07 -2.0675e-07 -6.8549e-08 -1.7845e-08 -3.4720e-09 -4.7550e-10 -4.2616e-11 -2.2867e-12 -6.5893e-14 -8.9227e-16 -4.8186e-18 -8.4758e-21 -3.7794e-24 -3.1294e-28 -3.2640e-33 -2.6386e-39 -8.9809e-47 -5.9589e-56 -2.9038e-67 -2.9966e-81 -1.3322e-98 -3.2836e-120 -3.1526e-147 -3.7020e-181 -5.6701e-224 -2.8073e-278 0.0000e+00 0.0000e+00 0.0000e+00 0.0000e+00 0.0000e+00 0.0000e+00 0.0000e+00 0.0000e+00 0.0000e+00 0.0000e+00 0.0000e+00 0.0000e+00 0.0000e+00 0.0000e+00 0.0000e+00 0.0000e+00 0.0000e+00 0.0000e+00 0.0000e+00 0.0000e+00 0.0000e+00 0.0000e+00 0.0000e+00 0.0000e+00 0.0000e+00 0.0000e+00 0.0000e+00 0.0000e+00 0.0000e+00 0.0000e+00 0.0000e+00 2.3028e-09 1.3039e-08 3.5989e-08 7.4046e-08 1.2973e-07 2.0537e-07 3.0320e-07 4.2540e-07 5.7418e-07 7.5176e-07 9.6040e-07 1.2024e-06 1.4802e-06 1.7961e-06 2.1525e-06 2.5517e-06 0.0000e+00 3.4868e-06 4.0258e-06 4.6136e-06 5.2496e-06 5.9318e-06 6.6562e-06 7.4159e-06 8.2006e-06 8.9957e-06 9.7810e-06 1.0530e-05 1.1211e-05 1.1783e-05 1.2201e-05 1.2415e-05 1.2376e-05 1.2043e-05 1.1386e-05 1.0405e-05 9.1303e-06 7.6336e-06 6.0245e-06 4.4381e-06 3.0111e-06 1.8513e-06 1.0116e-06 4.7990e-07 1.9217e-07 6.2783e-08 1.6060e-08 3.0600e-09 4.0883e-10 3.5584e-11 1.8445e-12 5.1027e-14 6.5866e-16 3.3628e-18 5.5392e-21 2.2880e-24 1.7332e-28 1.6304e-33 1.1696e-39 3.4671e-47 1.9603e-56 7.9320e-68 6.5851e-82 2.2616e-99 4.0727e-121 2.6228e-148 1.7644e-182 9.9799e-226 -1.9745e-280 0.0000e+00 0.0000e+00 0.0000e+00 0.0000e+00 0.0000e+00 0.0000e+00 0.0000e+00 0.0000e+00 0.0000e+00 0.0000e+00 0.0000e+00 0.0000e+00 0.0000e+00 0.0000e+00 0.0000e+00 0.0000e+00 0.0000e+00 0.0000e+00 0.0000e+00 0.0000e+00 0.0000e+00 0.0000e+00 0.0000e+00 0.0000e+00 0.0000e+00 0.0000e+00 0.0000e+00 0.0000e+00 0.0000e+00 0.0000e+00 0.0000e+00
