4.7193e-12 -1.0023e-11 -2.7663e-11 -5.6916e-11 -9.9718e-11 -1.5786e-10 -2.3306e-10 -3.2701e-10 -4.4141e-10 -5.7798e-10 -7.3853e-10 -9.2492e-10 -1.1391e-09 -1.3832e-09 -1.6593e-09 -1.9698e-09 -2.3173e-09 -2.7044e-09 -3.1341e-09 -3.6095e-09 -4.1338e-09 -4.7109e-09 -5.3445e-09 -6.0389e-09 -6.7987e-09 -7.6286e-09 -8.5340e-09 -9.5204e-09 -1.0594e-08 -1.1760e-08 -1.3027e-08 -1.4400e-08 -1.5887e-08 -1.7495e-08 -1.9231e-08 -2.1102e-08 -2.3114e-08 -2.5273e-08 -2.7580e-08 -3.0038e-08 -3.2645e-08 -3.5392e-08 -3.8268e-08 -4.1250e-08 -4.4306e-08 -4.7391e-08 -5.0442e-08 -5.3377e-08 -5.6089e-08 -5.8446e-08 -6.0287e-08 -6.1427e-08 -6.1659e-08 -6.0774e-08 -5.8582e-08 -5.4946e-08 -4.9832e-08 -4.3359e-08 -3.5839e-08 -2.7797e-08 -1.9915e-08 -1.2921e-08 -7.4025e-09 -3.6251e-09 -1.4555e-09 -4.5387e-10 -1.0243e-10 -1.5252e-11 -1.3257e-12 -5.7146e-14 -9.8160e-16 -4.9959e-18 -5.0250e-21 -5.7115e-25 -3.3628e-30 -3.4108e-37 -1.2354e-46 -1.6348e-59 -2.7664e-77 -3.9961e-102 -2.4204e-137 -4.5478e-188 -1.9703e-262 -0.0000e+00 -0.0000e+00 -0.0000e+00 -0.0000e+00 -0.0000e+00 -0.0000e+00 -0.0000e+00 -0.0000e+00 -0.0000e+00 -0.0000e+00 -0.0000e+00 -0.0000e+00 -0.0000e+00 -0.0000e+00 -0.0000e+00 -0.0000e+00 -0.0000e+00 0.0000e+00 -1.0023e-11 -2.7663e-11 -5.6916e-11 -9.9718e-11 -1.5786e-10 -2.3306e-10 -3.2701e-10 -4.4141e-10 -5.7798e-10 -7.3853e-10 -9.2492e-10 -1.1391e-09 -1.3832e-09 -1.6593e-09 -1.9698e-09 -2.3173e-09 -2.7044e-09 -3.1341e-09 -3.6095e-09 -4.1338e-09 -4.7109e-09 -5.3445e-09 -6.0389e-09 -6.7987e-09 -7.6286e-09 -8.5340e-09 -9.5204e-09 -1.0594e-08 -1.1760e-08 -1.3027e-08 -1.4400e-08 -1.5887e-08 -1.7495e-08 -1.9231e-08 -2.1102e-08 -2.3114e-08 -2.5273e-08 -2.7580e-08 -3.0038e-08 -3.2645e-08 -3.5392e-08 -3.8268e-08 -4.1250e-08 -4.4306e-08 -4.7391e-08 -5.0442e-08 -5.3377e-08 -5.6089e-08 -5.8446e-08 -6.0287e-08 -6.1427e-08 -6.1659e-08 -6.0774e-08 -5.8582e-08 -5.4946e-08 -4.9832e-08 -4.3359e-08 -3.5839e-08 -2.7797e-08 -1.9915e-08 -1.2921e-08 -7.4025e-09 -3.6251e-09 -1.4555e-09 -4.5387e-10 -1.0243e-10 -1.5252e-11 -1.3257e-12 -5.7146e-14 -9.8160e-16 -4.9959e-18 -5.0250e-21 -5.7115e-25 -3.3628e-30 -3.4108e-37 -1.2354e-46 -1.6348e-59 -2.7664e-77 -3.9961e-102 -2.4204e-137 -4.5478e-188 -1.9703e-262 -0.0000e+00 -0.0000e+00 -0.0000e+00 -0.0000e+00 -0.0000e+00 -0.0000e+00 -0.0000e+00 -0.0000e+00 -0.0000e+00 -0.0000e+00 -0.0000e+00 -0.0000e+00 -0.0000e+00 -0.0000e+00 -0.0000e+00 -0.0000e+00 -0.0000e+00
-1.0023e-11 -2.9500e-08 -1.5664e-10 -3.2228e-10 -5.6463e-10 -8.9385e-10 -1.3197e-09 -1.8516e-09 -2.4994e-09 -3.2727e-09 -4.1818e-09 -5.2372e-09 -6.4500e-09 -7.8319e-09 -9.3954e-09 -1.1154e-08 -1.3121e-08 -1.5313e-08 -1.7746e-08 -2.0438e-08 -2.3407e-08 -2.6675e-08 -3.0262e-08 -3.4194e-08 -3.8496e-08 -4.3196e-08 -4.8322e-08 -5.3908e-08 -5.9986e-08 -6.6591e-08 -7.3763e-08 -8.1538e-08 -8.9959e-08 -9.9064e-08 -1.0889e-07 -1.1949e-07 -1.3088e-07 -1.4310e-07 -1.5617e-07 -1.7009e-07 -1.8484e-07 -2.0040e-07 -2.1668e-07 -2.3357e-07 -2.5087e-07 -2.6834e-07 -2.8562e-07 -3.0224e-07 -3.1760e-07 -3.3094e-07 -3.4137e-07 -3.4782e-07 -3.4913e-07 -3.4412e-07 -3.3171e-07 -3.1112e-07 -2.8217e-07 -2.4551e-07 -2.0293e-07 -1.5739e-07 -1.1276e-07 -7.3164e-08 -4.1915e-08 -2.0527e-08 -8.2415e-09 -2.5699e-09 -5.8001e-10 -8.6362e-11 -7.5065e-12 -3.2358e-13 -5.5582e-15 -2.8288e-17 -2.8453e-20 -3.2340e-24 -1.9041e-29 -1.9313e-36 -6.9955e-46 -9.2569e-59 -1.5664e-76 -2.2627e-101 -1.3705e-136 -2.5751e-187 -1.1156e-261 -0.0000e+00 -0.0000e+00 -0.0000e+00 -0.0000e+00 -0.0000e+00 -0.0000e+00 -0.0000e+00 -0.0000e+00 -0.0000e+00 -0.0000e+00 -0.0000e+00 -0.0000e+00 -0.0000e+00 -0.0000e+00 -0.0000e+00 -0.0000e+00 -0.0000e+00 -1.0023e-11 0.0000e+00 -1.5664e-10 -3.2228e-10 -5.6463e-10 -8.9385e-10 -1.3197e-09 -1.8516e-09 -2.4994e-09 -3.2727e-09 -4.1818e-09 -5.2372e-09 -6.4500e-09 -7.8319e-09 -9.3954e-09 -1.1154e-08 -1.3121e-08 -1.5313e-08 -1.7746e-08 -2.0438e-08 -2.3407e-08 -2.6675e-08 -3.0262e-08 -3.4194e-08 -3.8496e-08 -4.3196e-08 -4.8322e-08 -5.3908e-08 -5.9986e-08 -6.6591e-08 -7.3763e-08 -8.1538e-08 -8.9959e-08 -9.9064e-08 -1.0889e-07 -1.1949e-07 -1.3088e-07 -1.4310e-07 -1.5617e-07 -1.7009e-07 -1.8484e-07 -2.0040e-07 -2.1668e-07 -2.3357e-07 -2.5087e-07 -2.6834e-07 -2.8562e-07 -3.0224e-07 -3.1760e-07 -3.3094e-07 -3.4137e-07 -3.4782e-07 -3.4913e-07 -3.4412e-07 -3.3171e-07 -3.1112e-07 -2.8217e-07 -2.4551e-07 -2.0293e-07 -1.5739e-07 -1.1276e-07 -7.3164e-08 -4.1915e-08 -2.0527e-08 -8.2415e-09 -2.5699e-09 -5.8001e-10 -8.6362e-11 -7.5065e-12 -3.2358e-13 -5.5582e-15 -2.8288e-17 -2.8453e-20 -3.2340e-24 -1.9041e-29 -1.9313e-36 -6.9955e-46 -9.2569e-59 -1.5664e-76 -2.2627e-101 -1.3705e-136 -2.5751e-187 -1.1156e-261 -0.0000e+00 -0.0000e+00 -0.0000e+00 -0.0000e+00 -0.0000e+00 -0.0000e+00 -0.0000e+00 -0.0000e+00 -0.0000e+00 -0.0000e+00 -0.0000e+00 -0.0000e+00 -0.0000e+00 -0.0000e+00 -0.0000e+00 -0.0000e+00 -0.0000e+00
-2.7663e-11 -1.5664e-10 3.4537e-09 -8.8952e-10 -1.5585e-09 -2.4671e-09 -3.6424e-09 -5.1107e-09 -6.8986e-09 -9.0332e-09 -1.1542e-08 -1.4455e-08 -1.7803e-08 -2.1617e-08 -2.5932e-08 -3.0786e-08 -3.6217e-08 -4.2267e-08 -4.8982e-08 -5.6411e-08 -6.4607e-08 -7.3625e-08 -8.3528e-08 -9.4381e-08 -1.0625e-07 -1.1923e-07 -1.3338e-07 -1.4879e-07 -1.6557e-07 -1.8380e-07 -2.0359e-07 -2.2506e-07 -2.4830e-07 -2.7343e-07 -3.0056e-07 -3.2980e-07 -3.6125e-07 -3.9498e-07 -4.3104e-07 -4.6946e-07 -5.1019e-07 -5.5313e-07 -5.9807e-07 -6.4468e-07 -6.9244e-07 -7.4066e-07 -7.8835e-07 -8.3421e-07 -8.7660e-07 -9.1344e-07 -9.4221e-07 -9.6002e-07 -9.6365e-07 -9.4982e-07 -9.1556e-07 -8.5874e-07 -7.7881e-07 -6.7764e-07 -5.6013e-07 -4.3443e-07 -3.1125e-07 -2.0194e-07 -1.1569e-07 -5.6656e-08 -2.2747e-08 -7.0934e-09 -1.6009e-09 -2.3837e-10 -2.0719e-11 -8.9312e-13 -1.5341e-14 -7.8079e-17 -7.8535e-20 -8.9263e-24 -5.2556e-29 -5.3306e-36 -1.9308e-45 -2.5550e-58 -4.3235e-76 -6.2454e-101 -3.7828e-136 -7.1077e-187 -3.0793e-261 -0.0000e+00 -0.0000e+00 -0.0000e+00 -0.0000e+00 -0.0000e+00 -0.0000e+00 -0.0000e+00 -0.0000e+00 -0.0000e+00 -0.0000e+00 -0.0000e+00 -0.0000e+00 -0.0000e+00 -0.0000e+00 -0.0000e+00 -0.0000e+00 -0.0000e+00 -2.7663e-11 -1.5664e-10 0.0000e+00 -8.8952e-10 -1.5585e-09 -2.4671e-09 -3.6424e-09 -5.1107e-09 -6.8986e-09 -9.0332e-09 -1.1542e-08 -1.4455e-08 -1.7803e-08 -2.1617e-08 -2.5932e-08 -3.0786e-08 -3.6217e-08 -4.2267e-08 -4.8982e-08 -5.6411e-08 -6.4607e-08 -7.3625e-08 -8.3528e-08 -9.4381e-08 -1.0625e-07 -1.1923e-07 -1.3338e-07 -1.4879e-07 -1.6557e-07 -1.8380e-07 -2.0359e-07 -2.2506e-07 -2.4830e-07 -2.7343e-07 -3.0056e-07 -3.2980e-07 -3.6125e-07 -3.9498e-07 -4.3104e-07 -4.6946e-07 -5.1019e-07 -5.5313e-07 -5.9807e-07 -6.4468e-07 -6.9244e-07 -7.4066e-07 -7.8835e-07 -8.3421e-07 -8.7660e-07 -9.1344e-07 -9.4221e-07 -9.6002e-07 -9.6365e-07 -9.4982e-07 -9.1556e-07 -8.5874e-07 -7.7881e-07 -6.7764e-07 -5.6013e-07 -4.3443e-07 -3.1125e-07 -2.0194e-07 -1.1569e-07 -5.6656e-08 -2.2747e-08 -7.0934e-09 -1.6009e-09 -2.3837e-10 -2.0719e-11 -8.9312e-13 -1.5341e-14 -7.8079e-17 -7.8535e-20 -8.9263e-24 -5.2556e-29 -5.3306e-36 -1.9308e-45 -2.5550e-58 -4.3235e-76 -6.2454e-101 -3.7828e-136 -7.1077e-187 -3.0793e-261 -0.0000e+00 -0.0000e+00 -0.0000e+00 -0.0000e+00 -0.0000e+00 -0.0000e+00 -0.0000e+00 -0.0000e+00 -0.0000e+00 -0.0000e+00 -0.0000e+00 -0.0000e+00 -0.0000e+00 -0.0000e+00 -0.0000e+00 -0.0000e+00 -0.0000e+00
-5.6916e-11 -3.2228e-10 -8.8952e-10 1.9471e-08 -3.2065e-09 -5.0760e-09 -7.4941e-09 -1.0515e-08 -1.4194e-08 -1.8585e-08 -2.3748e-08 -2.9741e-08 -3.6628e-08 -4.4476e-08 -5.3355e-08 -6.3340e-08 -7.4514e-08 -8.6962e-08 -1.0078e-07 -1.1606e-07 -1.3292e-07 -1.5148e-07 -1.7185e-07 -1.9418e-07 -2.1861e-07 -2.4530e-07 -2.7441e-07 -3.0613e-07 -3.4065e-07 -3.7816e-07 -4.1888e-07 -4.6304e-07 -5.1086e-07 -5.6257e-07 -6.1839e-07 -6.7856e-07 -7.4325e-07 -8.1265e-07 -8.8685e-07 -9.6589e-07 -1.0497e-06 -1.1380e-06 -1.2305e-06 -1.3264e-06 -1.4247e-06 -1.5239e-06 -1.6220e-06 -1.7164e-06 -1.8036e-06 -1.8794e-06 -1.9386e-06 -1.9752e-06 -1.9827e-06 -1.9542e-06 -1.8837e-06 -1.7668e-06 -1.6024e-06 -1.3942e-06 -1.1524e-06 -8.9381e-07 -6.4037e-07 -4.1548e-07 -2.3803e-07 -1.1657e-07 -4.6802e-08 -1.4594e-08 -3.2938e-09 -4.9044e-10 -4.2628e-11 -1.8375e-12 -3.1564e-14 -1.6064e-16 -1.6158e-19 -1.8365e-23 -1.0813e-28 -1.0967e-35 -3.9726e-45 -5.2569e-58 -8.8955e-76 -1.2850e-100 -7.7830e-136 -1.4624e-186 -6.3356e-261 -0.0000e+00 -0.0000e+00 -0.0000e+00 -0.0000e+00 -0.0000e+00 -0.0000e+00 -0.0000e+00 -0.0000e+00 -0.0000e+00 -0.0000e+00 -0.0000e+00 -0.0000e+00 -0.0000e+00 -0.0000e+00 -0.0000e+00 -0.0000e+00 -0.0000e+00 -5.6916e-11 -3.2228e-10 -8.8952e-10 0.0000e+00 -3.2065e-09 -5.0760e-09 -7.4941e-09 -1.0515e-08 -1.4194e-08 -1.8585e-08 -2.3748e-08 -2.9741e-08 -3.6628e-08 -4.4476e-08 -5.3355e-08 -6.3340e-08 -7.4514e-08 -8.6962e-08 -1.0078e-07 -1.1606e-07 -1.3292e-07 -1.5148e-07 -1.7185e-07 -1.9418e-07 -2.1861e-07 -2.4530e-07 -2.7441e-07 -3.0613e-07 -3.4065e-07 -3.7816e-07 -4.1888e-07 -4.6304e-07 -5.1086e-07 -5.6257e-07 -6.1839e-07 -6.7856e-07 -7.4325e-07 -8.1265e-07 -8.8685e-07 -9.6589e-07 -1.0497e-06 -1.1380e-06 -1.2305e-06 -1.3264e-06 -1.4247e-06 -1.5239e-06 -1.6220e-06 -1.7164e-06 -1.8036e-06 -1.8794e-06 -1.9386e-06 -1.9752e-06 -1.9827e-06 -1.9542e-06 -1.8837e-06 -1.7668e-06 -1.6024e-06 -1.3942e-06 -1.1524e-06 -8.9381e-07 -6.4037e-07 -4.1548e-07 -2.3803e-07 -1.1657e-07 -4.6802e-08 -1.4594e-08 -3.2938e-09 -4.9044e-10 -4.2628e-11 -1.8375e-12 -3.1564e-14 -1.6064e-16 -1.6158e-19 -1.8365e-23 -1.0813e-28 -1.0967e-35 -3.9726e-45 -5.2569e-58 -8.8954e-76 -1.2850e-100 -7.7829e-136 -1.4624e-186 -6.3355e-261 -0.0000e+00 -0.0000e+00 -0.0000e+00 -0.0000e+00 -0.0000e+00 -0.0000e+00 -0.0000e+00 -0.0000e+00 -0.0000e+00 -0.0000e+00 -0.0000e+00 -0.0000e+00 -0.0000e+00 -0.0000e+00 -0.0000e+00 -0.0000e+00 -0.0000e+00
-9.9718e-11 -5.6463e-10 -1.5585e-09 -3.2065e-09 7.5300e-08 -8.8933e-09 -1.3130e-08 -1.8423e-08 -2.4867e-08 -3.2562e-08 -4.1607e-08 -5.2107e-08 -6.4173e-08 -7.7922e-08 -9.3478e-08 -1.1097e-07 -1.3055e-07 -1.5236e-07 -1.7657e-07 -2.0334e-07 -2.3289e-07 -2.6539e-07 -3.0109e-07 -3.4021e-07 -3.8301e-07 -4.2977e-07 -4.8078e-07 -5.3635e-07 -5.9682e-07 -6.6254e-07 -7.3389e-07 -8.1126e-07 -8.9503e-07 -9.8562e-07 -1.0834e-06 -1.1888e-06 -1.3022e-06 -1.4238e-06 -1.5538e-06 -1.6923e-06 -1.8391e-06 -1.9939e-06 -2.1559e-06 -2.3239e-06 -2.4960e-06 -2.6698e-06 -2.8417e-06 -3.0071e-06 -3.1599e-06 -3.2927e-06 -3.3964e-06 -3.4606e-06 -3.4736e-06 -3.4238e-06 -3.3003e-06 -3.0955e-06 -2.8074e-06 -2.4427e-06 -2.0191e-06 -1.5660e-06 -1.1219e-06 -7.2794e-07 -4.1703e-07 -2.0423e-07 -8.1997e-08 -2.5569e-08 -5.7707e-09 -8.5925e-10 -7.4685e-11 -3.2194e-12 -5.5300e-14 -2.8145e-16 -2.8310e-19 -3.2177e-23 -1.8945e-28 -1.9215e-35 -6.9602e-45 -9.2102e-58 -1.5585e-75 -2.2513e-100 -1.3636e-135 -2.5622e-186 -1.1101e-260 -0.0000e+00 -0.0000e+00 -0.0000e+00 -0.0000e+00 -0.0000e+00 -0.0000e+00 -0.0000e+00 -0.0000e+00 -0.0000e+00 -0.0000e+00 -0.0000e+00 -0.0000e+00 -0.0000e+00 -0.0000e+00 -0.0000e+00 -0.0000e+00 -0.0000e+00 -9.9718e-11 -5.6463e-10 -1.5585e-09 -3.2065e-09 0.0000e+00 -8.8933e-09 -1.3130e-08 -1.8423e-08 -2.4867e-08 -3.2562e-08 -4.1607e-08 -5.2107e-08 -6.4173e-08 -7.7922e-08 -9.3478e-08 -1.1097e-07 -1.3055e-07 -1.5236e-07 -1.7657e-07 -2.0334e-07 -2.3289e-07 -2.6539e-07 -3.0109e-07 -3.4021e-07 -3.8301e-07 -4.2977e-07 -4.8078e-07 -5.3635e-07 -5.9682e-07 -6.6254e-07 -7.3389e-07 -8.1126e-07 -8.9503e-07 -9.8562e-07 -1.0834e-06 -1.1888e-06 -1.3022e-06 -1.4238e-06 -1.5538e-06 -1.6923e-06 -1.8391e-06 -1.9939e-06 -2.1559e-06 -2.3239e-06 -2.4960e-06 -2.6698e-06 -2.8417e-06 -3.0071e-06 -3.1599e-06 -3.2927e-06 -3.3964e-06 -3.4606e-06 -3.4736e-06 -3.4238e-06 -3.3003e-06 -3.0955e-06 -2.8074e-06 -2.4427e-06 -2.0191e-06 -1.5660e-06 -1.1219e-06 -7.2794e-07 -4.1703e-07 -2.0423e-07 -8.1997e-08 -2.5569e-08 -5.7707e-09 -8.5925e-10 -7.4684e-11 -3.2194e-12 -5.5300e-14 -2.8145e-16 -2.8309e-19 -3.2176e-23 -1.8945e-28 -1.9215e-35 -6.9601e-45 -9.2101e-58 -1.5585e-75 -2.2513e-100 -1.3636e-135 -2.5621e-186 -1.1100e-260 -0.0000e+00 -0.0000e+00 -0.0000e+00 -0.0000e+00 -0.0000e+00 -0.0000e+00 -0.0000e+00 -0.0000e+00 -0.0000e+00 -0.0000e+00 -0.0000e+00 -0.0000e+00 -0.0000e+00 -0.0000e+00 -0.0000e+00 -0.0000e+00 -0.0000e+00
-1.5786e-10 -8.9385e-10 -2.4671e-09 -5.0760e-09 -8.8933e-09 2.2622e-07 -2.0785e-08 -2.9164e-08 -3.9367e-08 -5.1547e-08 -6.5866e-08 -8.2489e-08 -1.0159e-07 -1.2336e-07 -1.4798e-07 -1.7568e-07 -2.0667e-07 -2.4119e-07 -2.7951e-07 -3.2191e-07 -3.6867e-07 -4.2014e-07 -4.7665e-07 -5.3858e-07 -6.0634e-07 -6.8035e-07 -7.6110e-07 -8.4907e-07 -9.4480e-07 -1.0488e-06 -1.1618e-06 -1.2843e-06 -1.4169e-06 -1.5603e-06 -1.7151e-06 -1.8820e-06 -2.0615e-06 -2.2539e-06 -2.4597e-06 -2.6789e-06 -2.9114e-06 -3.1564e-06 -3.4129e-06 -3.6788e-06 -3.9514e-06 -4.2265e-06 -4.4986e-06 -4.7604e-06 -5.0023e-06 -5.2125e-06 -5.3767e-06 -5.4783e-06 -5.4990e-06 -5.4201e-06 -5.2246e-06 -4.9003e-06 -4.4442e-06 -3.8669e-06 -3.1963e-06 -2.4790e-06 -1.7761e-06 -1.1524e-06 -6.6019e-07 -3.2331e-07 -1.2981e-07 -4.0478e-08 -9.1355e-09 -1.3603e-09 -1.1823e-10 -5.0966e-12 -8.7544e-14 -4.4556e-16 -4.4816e-19 -5.0938e-23 -2.9991e-28 -3.0420e-35 -1.1019e-44 -1.4581e-57 -2.4673e-75 -3.5641e-100 -2.1589e-135 -4.0565e-186 -1.7575e-260 -0.0000e+00 -0.0000e+00 -0.0000e+00 -0.0000e+00 -0.0000e+00 -0.0000e+00 -0.0000e+00 -0.0000e+00 -0.0000e+00 -0.0000e+00 -0.0000e+00 -0.0000e+00 -0.0000e+00 -0.0000e+00 -0.0000e+00 -0.0000e+00 -0.0000e+00 -1.5786e-10 -8.9385e-10 -2.4671e-09 -5.0760e-09 -8.8933e-09 0.0000e+00 -2.0785e-08 -2.9164e-08 -3.9367e-08 -5.1547e-08 -6.5866e-08 -8.2489e-08 -1.0159e-07 -1.2336e-07 -1.4798e-07 -1.7568e-07 -2.0667e-07 -2.4119e-07 -2.7951e-07 -3.2191e-07 -3.6867e-07 -4.2014e-07 -4.7665e-07 -5.3858e-07 -6.0634e-07 -6.8035e-07 -7.6110e-07 -8.4907e-07 -9.4480e-07 -1.0488e-06 -1.1618e-06 -1.2843e-06 -1.4169e-06 -1.5603e-06 -1.7151e-06 -1.8820e-06 -2.0615e-06 -2.2539e-06 -2.4597e-06 -2.6789e-06 -2.9114e-06 -3.1564e-06 -3.4129e-06 -3.6788e-06 -3.9514e-06 -4.2265e-06 -4.4986e-06 -4.7604e-06 -5.0023e-06 -5.2125e-06 -5.3767e-06 -5.4783e-06 -5.4990e-06 -5.4201e-06 -5.2246e-06 -4.9003e-06 -4.4442e-06 -3.8669e-06 -3.1963e-06 -2.4790e-06 -1.7761e-06 -1.1524e-06 -6.6019e-07 -3.2331e-07 -1.2981e-07 -4.0478e-08 -9.1355e-09 -1.3603e-09 -1.1823e-10 -5.0965e-12 -8.7544e-14 -4.4556e-16 -4.4816e-19 -5.0938e-23 -2.9991e-28 -3.0419e-35 -1.1018e-44 -1.4580e-57 -2.4672e-75 -3.5640e-100 -2.1587e-135 -4.0561e-186 -1.7573e-260 -0.0000e+00 -0.0000e+00 -0.0000e+00 -0.0000e+00 -0.0000e+00 -0.0000e+00 -0.0000e+00 -0.0000e+00 -0.0000e+00 -0.0000e+00 -0.0000e+00 -0.0000e+00 -0.0000e+00 -0.0000e+00 -0.0000e+00 -0.0000e+00 -0.0000e+00
-2.3306e-10 -1.3197e-09 -3.6424e-09 -7.4941e-09 -1.3130e-08 -2.0785e-08 5.7395e-07 -4.3057e-08 -5.8120e-08 -7.6103e-08 -9.7242e-08 -1.2178e-07 -1.4999e-07 -1.8212e-07 -2.1848e-07 -2.5937e-07 -3.0512e-07 -3.5609e-07 -4.1267e-07 -4.7525e-07 -5.4430e-07 -6.2028e-07 -7.0371e-07 -7.9514e-07 -8.9518e-07 -1.0045e-06 -1.1237e-06 -1.2535e-06 -1.3949e-06 -1.5485e-06 -1.7152e-06 -1.8961e-06 -2.0919e-06 -2.3036e-06 -2.5322e-06 -2.7785e-06 -3.0435e-06 -3.3276e-06 -3.6315e-06 -3.9551e-06 -4.2983e-06 -4.6601e-06 -5.0387e-06 -5.4313e-06 -5.8337e-06 -6.2399e-06 -6.6417e-06 -7.0281e-06 -7.3852e-06 -7.6956e-06 -7.9380e-06 -8.0880e-06 -8.1186e-06 -8.0021e-06 -7.7134e-06 -7.2347e-06 -6.5614e-06 -5.7090e-06 -4.7190e-06 -3.6600e-06 -2.6222e-06 -1.7013e-06 -9.7468e-07 -4.7732e-07 -1.9164e-07 -5.9761e-08 -1.3487e-08 -2.0082e-09 -1.7455e-10 -7.5245e-12 -1.2925e-13 -6.5782e-16 -6.6166e-19 -7.5205e-23 -4.4279e-28 -4.4912e-35 -1.6268e-44 -2.1528e-57 -3.6430e-75 -5.2626e-100 -3.1878e-135 -5.9902e-186 -2.5955e-260 -0.0000e+00 -0.0000e+00 -0.0000e+00 -0.0000e+00 -0.0000e+00 -0.0000e+00 -0.0000e+00 -0.0000e+00 -0.0000e+00 -0.0000e+00 -0.0000e+00 -0.0000e+00 -0.0000e+00 -0.0000e+00 -0.0000e+00 -0.0000e+00 -0.0000e+00 -2.3306e-10 -1.3197e-09 -3.6424e-09 -7.4941e-09 -1.3130e-08 -2.0785e-08 0.0000e+00 -4.3057e-08 -5.8120e-08 -7.6103e-08 -9.7242e-08 -1.2178e-07 -1.4999e-07 -1.8212e-07 -2.1848e-07 -2.5937e-07 -3.0512e-07 -3.5609e-07 -4.1267e-07 -4.7525e-07 -5.4430e-07 -6.2028e-07 -7.0371e-07 -7.9514e-07 -8.9518e-07 -1.0045e-06 -1.1237e-06 -1.2535e-06 -1.3949e-06 -1.5485e-06 -1.7152e-06 -1.8961e-06 -2.0919e-06 -2.3036e-06 -2.5322e-06 -2.7785e-06 -3.0435e-06 -3.3276e-06 -3.6315e-06 -3.9551e-06 -4.2983e-06 -4.6601e-06 -5.0387e-06 -5.4313e-06 -5.8337e-06 -6.2399e-06 -6.6417e-06 -7.0281e-06 -7.3852e-06 -7.6956e-06 -7.9380e-06 -8.0880e-06 -8.1186e-06 -8.0021e-06 -7.7134e-06 -7.2347e-06 -6.5614e-06 -5.7090e-06 -4.7190e-06 -3.6600e-06 -2.6222e-06 -1.7013e-06 -9.7468e-07 -4.7732e-07 -1.9164e-07 -5.9760e-08 -1.3487e-08 -2.0082e-09 -1.7455e-10 -7.5244e-12 -1.2925e-13 -6.5781e-16 -6.6165e-19 -7.5203e-23 -4.4278e-28 -4.4910e-35 -1.6267e-44 -2.1526e-57 -3.6427e-75 -5.2619e-100 -3.1872e-135 -5.9888e-186 -2.5947e-260 -0.0000e+00 -0.0000e+00 -0.0000e+00 -0.0000e+00 -0.0000e+00 -0.0000e+00 -0.0000e+00 -0.0000e+00 -0.0000e+00 -0.0000e+00 -0.0000e+00 -0.0000e+00 -0.0000e+00 -0.0000e+00 -0.0000e+00 -0.0000e+00 -0.0000e+00
-3.2701e-10 -1.8516e-09 -5.1107e-09 -1.0515e-08 -1.8423e-08 -2.9164e-08 -4.3057e-08 1.2883e-06 -8.1548e-08 -1.0678e-07 -1.3644e-07 -1.7088e-07 -2.1045e-07 -2.5553e-07 -3.0655e-07 -3.6392e-07 -4.2812e-07 -4.9964e-07 -5.7902e-07 -6.6684e-07 -7.6371e-07 -8.7032e-07 -9.8738e-07 -1.1157e-06 -1.2560e-06 -1.4094e-06 -1.5766e-06 -1.7589e-06 -1.9572e-06 -2.1727e-06 -2.4067e-06 -2.6604e-06 -2.9351e-06 -3.2322e-06 -3.5529e-06 -3.8986e-06 -4.2703e-06 -4.6690e-06 -5.0953e-06 -5.5495e-06 -6.0310e-06 -6.5386e-06 -7.0698e-06 -7.6207e-06 -8.1854e-06 -8.7553e-06 -9.3190e-06 -9.8612e-06 -1.0362e-05 -1.0798e-05 -1.1138e-05 -1.1348e-05 -1.1391e-05 -1.1228e-05 -1.0823e-05 -1.0151e-05 -9.2063e-06 -8.0104e-06 -6.6212e-06 -5.1354e-06 -3.6792e-06 -2.3872e-06 -1.3676e-06 -6.6974e-07 -2.6890e-07 -8.3852e-08 -1.8925e-08 -2.8178e-09 -2.4492e-10 -1.0558e-11 -1.8136e-13 -9.2302e-16 -9.2842e-19 -1.0553e-22 -6.2132e-28 -6.3022e-35 -2.2829e-44 -3.0210e-57 -5.1124e-75 -7.3857e-100 -4.4742e-135 -8.4087e-186 -3.6441e-260 -0.0000e+00 -0.0000e+00 -0.0000e+00 -0.0000e+00 -0.0000e+00 -0.0000e+00 -0.0000e+00 -0.0000e+00 -0.0000e+00 -0.0000e+00 -0.0000e+00 -0.0000e+00 -0.0000e+00 -0.0000e+00 -0.0000e+00 -0.0000e+00 -0.0000e+00 -3.2701e-10 -1.8516e-09 -5.1107e-09 -1.0515e-08 -1.8423e-08 -2.9164e-08 -4.3057e-08 0.0000e+00 -8.1548e-08 -1.0678e-07 -1.3644e-07 -1.7088e-07 -2.1045e-07 -2.5553e-07 -3.0655e-07 -3.6392e-07 -4.2812e-07 -4.9964e-07 -5.7902e-07 -6.6684e-07 -7.6371e-07 -8.7032e-07 -9.8738e-07 -1.1157e-06 -1.2560e-06 -1.4094e-06 -1.5766e-06 -1.7589e-06 -1.9572e-06 -2.1727e-06 -2.4067e-06 -2.6604e-06 -2.9351e-06 -3.2322e-06 -3.5529e-06 -3.8986e-06 -4.2703e-06 -4.6690e-06 -5.0953e-06 -5.5495e-06 -6.0310e-06 -6.5386e-06 -7.0698e-06 -7.6207e-06 -8.1854e-06 -8.7553e-06 -9.3190e-06 -9.8612e-06 -1.0362e-05 -1.0798e-05 -1.1138e-05 -1.1348e-05 -1.1391e-05 -1.1228e-05 -1.0823e-05 -1.0151e-05 -9.2063e-06 -8.0104e-06 -6.6212e-06 -5.1354e-06 -3.6792e-06 -2.3872e-06 -1.3676e-06 -6.6974e-07 -2.6890e-07 -8.3851e-08 -1.8924e-08 -2.8178e-09 -2.4492e-10 -1.0558e-11 -1.8135e-13 -9.2299e-16 -9.2838e-19 -1.0552e-22 -6.2128e-28 -6.3016e-35 -2.2826e-44 -3.0205e-57 -5.1114e-75 -7.3837e-100 -4.4725e-135 -8.4042e-186 -3.6414e-260 -0.0000e+00 -0.0000e+00 -0.0000e+00 -0.0000e+00 -0.0000e+00 -0.0000e+00 -0.0000e+00 -0.0000e+00 -0.0000e+00 -0.0000e+00 -0.0000e+00 -0.0000e+00 -0.0000e+00 -0.0000e+00 -0.0000e+00 -0.0000e+00 -0.0000e+00
-4.4141e-10 -2.4994e-09 -6.8986e-09 -1.4194e-08 -2.4867e-08 -3.9367e-08 -5.8120e-08 -8.1548e-08 2.6334e-06 -1.4414e-07 -1.8417e-07 -2.3065e-07 -2.8407e-07 -3.4493e-07 -4.1379e-07 -4.9123e-07 -5.7789e-07 -6.7443e-07 -7.8158e-07 -9.0012e-07 -1.0309e-06 -1.1748e-06 -1.3328e-06 -1.5060e-06 -1.6954e-06 -1.9024e-06 -2.1282e-06 -2.3742e-06 -2.6419e-06 -2.9328e-06 -3.2486e-06 -3.5911e-06 -3.9619e-06 -4.3629e-06 -4.7959e-06 -5.2625e-06 -5.7642e-06 -6.3024e-06 -6.8779e-06 -7.4909e-06 -8.1408e-06 -8.8260e-06 -9.5431e-06 -1.0287e-05 -1.1049e-05 -1.1818e-05 -1.2579e-05 -1.3311e-05 -1.3987e-05 -1.4575e-05 -1.5034e-05 -1.5318e-05 -1.5376e-05 -1.5156e-05 -1.4609e-05 -1.3702e-05 -1.2427e-05 -1.0813e-05 -8.9376e-06 -6.9319e-06 -4.9664e-06 -3.2223e-06 -1.8460e-06 -9.0404e-07 -3.6297e-07 -1.1319e-07 -2.5545e-08 -3.8037e-09 -3.3061e-10 -1.4252e-11 -2.4481e-13 -1.2460e-15 -1.2533e-18 -1.4245e-22 -8.3877e-28 -8.5081e-35 -3.0820e-44 -4.0788e-57 -6.9032e-75 -9.9739e-100 -6.0431e-135 -1.1360e-185 -4.9247e-260 -0.0000e+00 -0.0000e+00 -0.0000e+00 -0.0000e+00 -0.0000e+00 -0.0000e+00 -0.0000e+00 -0.0000e+00 -0.0000e+00 -0.0000e+00 -0.0000e+00 -0.0000e+00 -0.0000e+00 -0.0000e+00 -0.0000e+00 -0.0000e+00 -0.0000e+00 -4.4141e-10 -2.4994e-09 -6.8986e-09 -1.4194e-08 -2.4867e-08 -3.9367e-08 -5.8120e-08 -8.1548e-08 0.0000e+00 -1.4414e-07 -1.8417e-07 -2.3065e-07 -2.8407e-07 -3.4493e-07 -4.1379e-07 -4.9123e-07 -5.7789e-07 -6.7443e-07 -7.8158e-07 -9.0012e-07 -1.0309e-06 -1.1748e-06 -1.3328e-06 -1.5060e-06 -1.6954e-06 -1.9024e-06 -2.1282e-06 -2.3742e-06 -2.6419e-06 -2.9328e-06 -3.2486e-06 -3.5911e-06 -3.9619e-06 -4.3629e-06 -4.7959e-06 -5.2625e-06 -5.7642e-06 -6.3024e-06 -6.8779e-06 -7.4909e-06 -8.1408e-06 -8.8260e-06 -9.5431e-06 -1.0287e-05 -1.1049e-05 -1.1818e-05 -1.2579e-05 -1.3311e-05 -1.3987e-05 -1.4575e-05 -1.5034e-05 -1.5318e-05 -1.5376e-05 -1.5156e-05 -1.4609e-05 -1.3702e-05 -1.2427e-05 -1.0813e-05 -8.9376e-06 -6.9319e-06 -4.9663e-06 -3.2223e-06 -1.8460e-06 -9.0403e-07 -3.6297e-07 -1.1318e-07 -2.5545e-08 -3.8036e-09 -3.3060e-10 -1.4251e-11 -2.4480e-13 -1.2459e-15 -1.2532e-18 -1.4244e-22 -8.3866e-28 -8.5065e-35 -3.0813e-44 -4.0775e-57 -6.9002e-75 -9.9682e-100 -6.0383e-135 -1.1347e-185 -4.9172e-260 -0.0000e+00 -0.0000e+00 -0.0000e+00 -0.0000e+00 -0.0000e+00 -0.0000e+00 -0.0000e+00 -0.0000e+00 -0.0000e+00 -0.0000e+00 -0.0000e+00 -0.0000e+00 -0.0000e+00 -0.0000e+00 -0.0000e+00 -0.0000e+00 -0.0000e+00
-5.7798e-10 -3.2727e-09 -9.0332e-09 -1.8585e-08 -3.2562e-08 -5.1547e-08 -7.6103e-08 -1.0678e-07 -1.4414e-07 5.0015e-06 -2.4116e-07 -3.0202e-07 -3.7196e-07 -4.5165e-07 -5.4182e-07 -6.4323e-07 -7.5669e-07 -8.8311e-07 -1.0234e-06 -1.1786e-06 -1.3499e-06 -1.5383e-06 -1.7452e-06 -1.9719e-06 -2.2200e-06 -2.4910e-06 -2.7867e-06 -3.1088e-06 -3.4593e-06 -3.8402e-06 -4.2538e-06 -4.7022e-06 -5.1878e-06 -5.7129e-06 -6.2798e-06 -6.8908e-06 -7.5478e-06 -8.2525e-06 -9.0060e-06 -9.8087e-06 -1.0660e-05 -1.1557e-05 -1.2496e-05 -1.3470e-05 -1.4468e-05 -1.5475e-05 -1.6471e-05 -1.7430e-05 -1.8315e-05 -1.9085e-05 -1.9686e-05 -2.0058e-05 -2.0134e-05 -1.9845e-05 -1.9129e-05 -1.7942e-05 -1.6272e-05 -1.4158e-05 -1.1703e-05 -9.0768e-06 -6.5031e-06 -4.2194e-06 -2.4173e-06 -1.1838e-06 -4.7529e-07 -1.4821e-07 -3.3450e-08 -4.9808e-09 -4.3293e-10 -1.8663e-11 -3.2058e-13 -1.6317e-15 -1.6413e-18 -1.8656e-22 -1.0985e-27 -1.1143e-34 -4.0370e-44 -5.3432e-57 -9.0443e-75 -1.3070e-99 -7.9213e-135 -1.4897e-185 -6.4619e-260 -0.0000e+00 -0.0000e+00 -0.0000e+00 -0.0000e+00 -0.0000e+00 -0.0000e+00 -0.0000e+00 -0.0000e+00 -0.0000e+00 -0.0000e+00 -0.0000e+00 -0.0000e+00 -0.0000e+00 -0.0000e+00 -0.0000e+00 -0.0000e+00 -0.0000e+00 -5.7798e-10 -3.2727e-09 -9.0332e-09 -1.8585e-08 -3.2562e-08 -5.1547e-08 -7.6103e-08 -1.0678e-07 -1.4414e-07 0.0000e+00 -2.4116e-07 -3.0202e-07 -3.7196e-07 -4.5165e-07 -5.4182e-07 -6.4323e-07 -7.5669e-07 -8.8311e-07 -1.0234e-06 -1.1786e-06 -1.3499e-06 -1.5383e-06 -1.7452e-06 -1.9719e-06 -2.2200e-06 -2.4910e-06 -2.7867e-06 -3.1088e-06 -3.4593e-06 -3.8402e-06 -4.2538e-06 -4.7022e-06 -5.1878e-06 -5.7129e-06 -6.2798e-06 -6.8908e-06 -7.5478e-06 -8.2525e-06 -9.0060e-06 -9.8087e-06 -1.0660e-05 -1.1557e-05 -1.2496e-05 -1.3470e-05 -1.4468e-05 -1.5475e-05 -1.6471e-05 -1.7430e-05 -1.8315e-05 -1.9085e-05 -1.9686e-05 -2.0058e-05 -2.0134e-05 -1.9845e-05 -1.9129e-05 -1.7942e-05 -1.6272e-05 -1.4158e-05 -1.1703e-05 -9.0767e-06 -6.5030e-06 -4.2193e-06 -2.4172e-06 -1.1838e-06 -4.7528e-07 -1.4821e-07 -3.3449e-08 -4.9805e-09 -4.3290e-10 -1.8661e-11 -3.2055e-13 -1.6315e-15 -1.6410e-18 -1.8652e-22 -1.0982e-27 -1.1139e-34 -4.0351e-44 -5.3400e-57 -9.0370e-75 -1.3056e-99 -7.9095e-135 -1.4866e-185 -6.4431e-260 -0.0000e+00 -0.0000e+00 -0.0000e+00 -0.0000e+00 -0.0000e+00 -0.0000e+00 -0.0000e+00 -0.0000e+00 -0.0000e+00 -0.0000e+00 -0.0000e+00 -0.0000e+00 -0.0000e+00 -0.0000e+00 -0.0000e+00 -0.0000e+00 -0.0000e+00
-7.3853e-10 -4.1818e-09 -1.1542e-08 -2.3748e-08 -4.1607e-08 -6.5866e-08 -9.7242e-08 -1.3644e-07 -1.8417e-07 -2.4116e-07 8.9520e-06 -3.8592e-07 -4.7528e-07 -5.7711e-07 -6.9232e-07 -8.2190e-07 -9.6689e-07 -1.1284e-06 -1.3077e-06 -1.5060e-06 -1.7248e-06 -1.9656e-06 -2.2300e-06 -2.5197e-06 -2.8367e-06 -3.1830e-06 -3.5608e-06 -3.9723e-06 -4.4202e-06 -4.9070e-06 -5.4354e-06 -6.0084e-06 -6.6288e-06 -7.2998e-06 -8.0242e-06 -8.8049e-06 -9.6444e-06 -1.0545e-05 -1.1508e-05 -1.2533e-05 -1.3621e-05 -1.4767e-05 -1.5967e-05 -1.7211e-05 -1.8486e-05 -1.9774e-05 -2.1047e-05 -2.2271e-05 -2.3403e-05 -2.4386e-05 -2.5155e-05 -2.5630e-05 -2.5727e-05 -2.5358e-05 -2.4443e-05 -2.2926e-05 -2.0792e-05 -1.8091e-05 -1.4954e-05 -1.1598e-05 -8.3096e-06 -5.3915e-06 -3.0888e-06 -1.5127e-06 -6.0734e-07 -1.8939e-07 -4.2744e-08 -6.3647e-09 -5.5323e-10 -2.3849e-11 -4.0968e-13 -2.0852e-15 -2.0976e-18 -2.3844e-22 -1.4041e-27 -1.4245e-34 -5.1611e-44 -6.8323e-57 -1.1568e-74 -1.6722e-99 -1.0140e-134 -1.9081e-185 -8.2854e-260 -0.0000e+00 -0.0000e+00 -0.0000e+00 -0.0000e+00 -0.0000e+00 -0.0000e+00 -0.0000e+00 -0.0000e+00 -0.0000e+00 -0.0000e+00 -0.0000e+00 -0.0000e+00 -0.0000e+00 -0.0000e+00 -0.0000e+00 -0.0000e+00 -0.0000e+00 -7.3853e-10 -4.1818e-09 -1.1542e-08 -2.3748e-08 -4.1607e-08 -6.5866e-08 -9.7242e-08 -1.3644e-07 -1.8417e-07 -2.4116e-07 0.0000e+00 -3.8592e-07 -4.7528e-07 -5.7711e-07 -6.9232e-07 -8.2190e-07 -9.6689e-07 -1.1284e-06 -1.3077e-06 -1.5060e-06 -1.7248e-06 -1.9656e-06 -2.2300e-06 -2.5197e-06 -2.8367e-06 -3.1830e-06 -3.5608e-06 -3.9723e-06 -4.4202e-06 -4.9070e-06 -5.4354e-06 -6.0084e-06 -6.6288e-06 -7.2998e-06 -8.0242e-06 -8.8049e-06 -9.6444e-06 -1.0545e-05 -1.1508e-05 -1.2533e-05 -1.3621e-05 -1.4767e-05 -1.5967e-05 -1.7211e-05 -1.8486e-05 -1.9773e-05 -2.1047e-05 -2.2271e-05 -2.3403e-05 -2.4386e-05 -2.5154e-05 -2.5630e-05 -2.5727e-05 -2.5358e-05 -2.4443e-05 -2.2926e-05 -2.0792e-05 -1.8091e-05 -1.4954e-05 -1.1598e-05 -8.3095e-06 -5.3914e-06 -3.0887e-06 -1.5126e-06 -6.0731e-07 -1.8938e-07 -4.2741e-08 -6.3641e-09 -5.5316e-10 -2.3845e-11 -4.0960e-13 -2.0847e-15 -2.0970e-18 -2.3835e-22 -1.4034e-27 -1.4236e-34 -5.1569e-44 -6.8249e-57 -1.1551e-74 -1.6690e-99 -1.0113e-134 -1.9011e-185 -8.2423e-260 -0.0000e+00 -0.0000e+00 -0.0000e+00 -0.0000e+00 -0.0000e+00 -0.0000e+00 -0.0000e+00 -0.0000e+00 -0.0000e+00 -0.0000e+00 -0.0000e+00 -0.0000e+00 -0.0000e+00 -0.0000e+00 -0.0000e+00 -0.0000e+00 -0.0000e+00
-9.2492e-10 -5.2372e-09 -1.4455e-08 -2.9741e-08 -5.2107e-08 -8.2489e-08 -1.2178e-07 -1.7088e-07 -2.3065e-07 -3.0202e-07 -3.8592e-07 1.5260e-05 -5.9523e-07 -7.2276e-07 -8.6705e-07 -1.0293e-06 -1.2109e-06 -1.4132e-06 -1.6377e-06 -1.8861e-06 -2.1601e-06 -2.4616e-06 -2.7927e-06 -3.1556e-06 -3.5526e-06 -3.9863e-06 -4.4594e-06 -4.9748e-06 -5.5357e-06 -6.1453e-06 -6.8071e-06 -7.5247e-06 -8.3018e-06 -9.1421e-06 -1.0049e-05 -1.1027e-05 -1.2078e-05 -1.3206e-05 -1.4412e-05 -1.5696e-05 -1.7058e-05 -1.8494e-05 -1.9997e-05 -2.1555e-05 -2.3152e-05 -2.4764e-05 -2.6358e-05 -2.7892e-05 -2.9309e-05 -3.0541e-05 -3.1503e-05 -3.2098e-05 -3.2220e-05 -3.1758e-05 -3.0612e-05 -2.8712e-05 -2.6040e-05 -2.2657e-05 -1.8728e-05 -1.4526e-05 -1.0407e-05 -6.7523e-06 -3.8684e-06 -1.8945e-06 -7.6065e-07 -2.3720e-07 -5.3536e-08 -7.9718e-09 -6.9293e-10 -2.9872e-11 -5.1317e-13 -2.6121e-15 -2.6278e-18 -2.9873e-22 -1.7594e-27 -1.7851e-34 -6.4693e-44 -8.5664e-57 -1.4509e-74 -2.0986e-99 -1.2734e-134 -2.3990e-185 -1.0434e-259 -0.0000e+00 -0.0000e+00 -0.0000e+00 -0.0000e+00 -0.0000e+00 -0.0000e+00 -0.0000e+00 -0.0000e+00 -0.0000e+00 -0.0000e+00 -0.0000e+00 -0.0000e+00 -0.0000e+00 -0.0000e+00 -0.0000e+00 -0.0000e+00 -0.0000e+00 -9.2492e-10 -5.2372e-09 -1.4455e-08 -2.9741e-08 -5.2107e-08 -8.2489e-08 -1.2178e-07 -1.7088e-07 -2.3065e-07 -3.0202e-07 -3.8592e-07 0.0000e+00 -5.9523e-07 -7.2276e-07 -8.6705e-07 -1.0293e-06 -1.2109e-06 -1.4132e-06 -1.6377e-06 -1.8861e-06 -2.1601e-06 -2.4616e-06 -2.7927e-06 -3.1556e-06 -3.5526e-06 -3.9863e-06 -4.4594e-06 -4.9748e-06 -5.5357e-06 -6.1453e-06 -6.8071e-06 -7.5247e-06 -8.3018e-06 -9.1421e-06 -1.0049e-05 -1.1027e-05 -1.2078e-05 -1.3206e-05 -1.4412e-05 -1.5696e-05 -1.7058e-05 -1.8494e-05 -1.9997e-05 -2.1555e-05 -2.3152e-05 -2.4764e-05 -2.6358e-05 -2.7892e-05 -2.9309e-05 -3.0541e-05 -3.1503e-05 -3.2098e-05 -3.2220e-05 -3.1757e-05 -3.0612e-05 -2.8712e-05 -2.6040e-05 -2.2657e-05 -1.8728e-05 -1.4525e-05 -1.0407e-05 -6.7520e-06 -3.8682e-06 -1.8944e-06 -7.6059e-07 -2.3718e-07 -5.3529e-08 -7.9705e-09 -6.9280e-10 -2.9865e-11 -5.1301e-13 -2.6111e-15 -2.6265e-18 -2.9854e-22 -1.7579e-27 -1.7832e-34 -6.4603e-44 -8.5506e-57 -1.4473e-74 -2.0916e-99 -1.2677e-134 -2.3840e-185 -1.0341e-259 -0.0000e+00 -0.0000e+00 -0.0000e+00 -0.0000e+00 -0.0000e+00 -0.0000e+00 -0.0000e+00 -0.0000e+00 -0.0000e+00 -0.0000e+00 -0.0000e+00 -0.0000e+00 -0.0000e+00 -0.0000e+00 -0.0000e+00 -0.0000e+00 -0.0000e+00
-1.1391e-09 -6.4500e-09 -1.7803e-08 -3.6628e-08 -6.4173e-08 -1.0159e-07 -1.4999e-07 -2.1045e-07 -2.8407e-07 -3.7196e-07 -4.7528e-07 -5.9523e-07 2.4973e-05 -8.9013e-07 -1.0678e-06 -1.2677e-06 -1.4913e-06 -1.7404e-06 -2.0170e-06 -2.3229e-06 -2.6603e-06 -3.0317e-06 -3.4394e-06 -3.8863e-06 -4.3753e-06 -4.9094e-06 -5.4921e-06 -6.1269e-06 -6.8176e-06 -7.5684e-06 -8.3835e-06 -9.2672e-06 -1.0224e-05 -1.1259e-05 -1.2376e-05 -1.3580e-05 -1.4875e-05 -1.6264e-05 -1.7749e-05 -1.9331e-05 -2.1008e-05 -2.2777e-05 -2.4627e-05 -2.6546e-05 -2.8513e-05 -3.0498e-05 -3.2462e-05 -3.4351e-05 -3.6097e-05 -3.7613e-05 -3.8798e-05 -3.9532e-05 -3.9681e-05 -3.9112e-05 -3.7701e-05 -3.5362e-05 -3.2071e-05 -2.7905e-05 -2.3066e-05 -1.7890e-05 -1.2817e-05 -8.3163e-06 -4.7645e-06 -2.3333e-06 -9.3687e-07 -2.9216e-07 -6.5941e-08 -9.8193e-09 -8.5355e-10 -3.6798e-11 -6.3219e-13 -3.2182e-15 -3.2378e-18 -3.6813e-22 -2.1685e-27 -2.2008e-34 -7.9780e-44 -1.0569e-56 -1.7911e-74 -2.5928e-99 -1.5751e-134 -2.9724e-185 -1.2958e-259 -0.0000e+00 -0.0000e+00 -0.0000e+00 -0.0000e+00 -0.0000e+00 -0.0000e+00 -0.0000e+00 -0.0000e+00 -0.0000e+00 -0.0000e+00 -0.0000e+00 -0.0000e+00 -0.0000e+00 -0.0000e+00 -0.0000e+00 -0.0000e+00 -0.0000e+00 -1.1391e-09 -6.4500e-09 -1.7803e-08 -3.6628e-08 -6.4173e-08 -1.0159e-07 -1.4999e-07 -2.1045e-07 -2.8407e-07 -3.7196e-07 -4.7528e-07 -5.9523e-07 0.0000e+00 -8.9013e-07 -1.0678e-06 -1.2677e-06 -1.4913e-06 -1.7404e-06 -2.0170e-06 -2.3229e-06 -2.6603e-06 -3.0317e-06 -3.4394e-06 -3.8863e-06 -4.3753e-06 -4.9094e-06 -5.4921e-06 -6.1269e-06 -6.8176e-06 -7.5684e-06 -8.3835e-06 -9.2672e-06 -1.0224e-05 -1.1259e-05 -1.2376e-05 -1.3580e-05 -1.4875e-05 -1.6264e-05 -1.7749e-05 -1.9331e-05 -2.1008e-05 -2.2777e-05 -2.4627e-05 -2.6546e-05 -2.8513e-05 -3.0498e-05 -3.2462e-05 -3.4351e-05 -3.6096e-05 -3.7613e-05 -3.8798e-05 -3.9531e-05 -3.9681e-05 -3.9111e-05 -3.7701e-05 -3.5361e-05 -3.2070e-05 -2.7904e-05 -2.3065e-05 -1.7889e-05 -1.2817e-05 -8.3157e-06 -4.7641e-06 -2.3331e-06 -9.3674e-07 -2.9211e-07 -6.5928e-08 -9.8167e-09 -8.5328e-10 -3.6784e-11 -6.3187e-13 -3.2161e-15 -3.2352e-18 -3.6775e-22 -2.1656e-27 -2.1969e-34 -7.9598e-44 -1.0537e-56 -1.7839e-74 -2.5787e-99 -1.5635e-134 -2.9419e-185 -1.2772e-259 -0.0000e+00 -0.0000e+00 -0.0000e+00 -0.0000e+00 -0.0000e+00 -0.0000e+00 -0.0000e+00 -0.0000e+00 -0.0000e+00 -0.0000e+00 -0.0000e+00 -0.0000e+00 -0.0000e+00 -0.0000e+00 -0.0000e+00 -0.0000e+00 -0.0000e+00
-1.3832e-09 -7.8319e-09 -2.1617e-08 -4.4476e-08 -7.7922e-08 -1.2336e-07 -1.8212e-07 -2.5553e-07 -3.4493e-07 -4.5165e-07 -5.7711e-07 -7.2276e-07 -8.9013e-07 3.9480e-05 -1.2966e-06 -1.5393e-06 -1.8108e-06 -2.1133e-06 -2.4491e-06 -2.8205e-06 -3.2303e-06 -3.6812e-06 -4.1763e-06 -4.7190e-06 -5.3127e-06 -5.9612e-06 -6.6687e-06 -7.4395e-06 -8.2783e-06 -9.1899e-06 -1.0180e-05 -1.1253e-05 -1.2415e-05 -1.3671e-05 -1.5028e-05 -1.6490e-05 -1.8062e-05 -1.9749e-05 -2.1552e-05 -2.3473e-05 -2.5510e-05 -2.7657e-05 -2.9904e-05 -3.2234e-05 -3.4622e-05 -3.7033e-05 -3.9417e-05 -4.1711e-05 -4.3830e-05 -4.5672e-05 -4.7111e-05 -4.8002e-05 -4.8184e-05 -4.7492e-05 -4.5780e-05 -4.2939e-05 -3.8943e-05 -3.3884e-05 -2.8009e-05 -2.1724e-05 -1.5564e-05 -1.0099e-05 -5.7857e-06 -2.8335e-06 -1.1377e-06 -3.5481e-07 -8.0084e-08 -1.1926e-08 -1.0367e-09 -4.4698e-11 -7.6797e-13 -3.9098e-15 -3.9343e-18 -4.4741e-22 -2.6361e-27 -2.6763e-34 -9.7065e-44 -1.2867e-56 -2.1825e-74 -3.1632e-99 -1.9250e-134 -3.6415e-185 -1.5933e-259 -0.0000e+00 -0.0000e+00 -0.0000e+00 -0.0000e+00 -0.0000e+00 -0.0000e+00 -0.0000e+00 -0.0000e+00 -0.0000e+00 -0.0000e+00 -0.0000e+00 -0.0000e+00 -0.0000e+00 -0.0000e+00 -0.0000e+00 -0.0000e+00 -0.0000e+00 -1.3832e-09 -7.8319e-09 -2.1617e-08 -4.4476e-08 -7.7922e-08 -1.2336e-07 -1.8212e-07 -2.5553e-07 -3.4493e-07 -4.5165e-07 -5.7711e-07 -7.2276e-07 -8.9013e-07 0.0000e+00 -1.2966e-06 -1.5393e-06 -1.8108e-06 -2.1133e-06 -2.4491e-06 -2.8205e-06 -3.2303e-06 -3.6812e-06 -4.1763e-06 -4.7190e-06 -5.3127e-06 -5.9612e-06 -6.6687e-06 -7.4395e-06 -8.2783e-06 -9.1899e-06 -1.0180e-05 -1.1253e-05 -1.2415e-05 -1.3671e-05 -1.5028e-05 -1.6490e-05 -1.8062e-05 -1.9749e-05 -2.1552e-05 -2.3473e-05 -2.5509e-05 -2.7656e-05 -2.9903e-05 -3.2234e-05 -3.4622e-05 -3.7033e-05 -3.9417e-05 -4.1710e-05 -4.3830e-05 -4.5672e-05 -4.7111e-05 -4.8001e-05 -4.8183e-05 -4.7491e-05 -4.5778e-05 -4.2937e-05 -3.8941e-05 -3.3883e-05 -2.8007e-05 -2.1722e-05 -1.5563e-05 -1.0098e-05 -5.7849e-06 -2.8330e-06 -1.1375e-06 -3.5471e-07 -8.0057e-08 -1.1921e-08 -1.0362e-09 -4.4670e-11 -7.6736e-13 -3.9059e-15 -3.9292e-18 -4.4668e-22 -2.6306e-27 -2.6690e-34 -9.6716e-44 -1.2806e-56 -2.1687e-74 -3.1361e-99 -1.9026e-134 -3.5830e-185 -1.5575e-259 -0.0000e+00 -0.0000e+00 -0.0000e+00 -0.0000e+00 -0.0000e+00 -0.0000e+00 -0.0000e+00 -0.0000e+00 -0.0000e+00 -0.0000e+00 -0.0000e+00 -0.0000e+00 -0.0000e+00 -0.0000e+00 -0.0000e+00 -0.0000e+00 -0.0000e+00
-1.6593e-09 -9.3954e-09 -2.5932e-08 -5.3355e-08 -9.3478e-08 -1.4798e-07 -2.1848e-07 -3.0655e-07 -4.1379e-07 -5.4182e-07 -6.9232e-07 -8.6705e-07 -1.0678e-06 -1.2966e-06 6.0589e-05 -1.8466e-06 -2.1723e-06 -2.5352e-06 -2.9380e-06 -3.3836e-06 -3.8752e-06 -4.4161e-06 -5.0101e-06 -5.6611e-06 -6.3733e-06 -7.1513e-06 -8.0000e-06 -8.9247e-06 -9.9309e-06 -1.1025e-05 -1.2212e-05 -1.3499e-05 -1.4893e-05 -1.6401e-05 -1.8028e-05 -1.9782e-05 -2.1668e-05 -2.3691e-05 -2.5855e-05 -2.8159e-05 -3.0602e-05 -3.3178e-05 -3.5873e-05 -3.8669e-05 -4.1534e-05 -4.4426e-05 -4.7287e-05 -5.0038e-05 -5.2581e-05 -5.4791e-05 -5.6517e-05 -5.7585e-05 -5.7804e-05 -5.6975e-05 -5.4920e-05 -5.1512e-05 -4.6719e-05 -4.0651e-05 -3.3602e-05 -2.6062e-05 -1.8673e-05 -1.2116e-05 -6.9416e-06 -3.3997e-06 -1.3651e-06 -4.2573e-07 -9.6096e-08 -1.4311e-08 -1.2442e-09 -5.3649e-11 -9.2188e-13 -4.6942e-15 -4.7246e-18 -5.3744e-22 -3.1678e-27 -3.2177e-34 -1.1678e-43 -1.5494e-56 -2.6315e-74 -3.8207e-99 -2.3309e-134 -4.4251e-185 -1.9461e-259 -0.0000e+00 -0.0000e+00 -0.0000e+00 -0.0000e+00 -0.0000e+00 -0.0000e+00 -0.0000e+00 -0.0000e+00 -0.0000e+00 -0.0000e+00 -0.0000e+00 -0.0000e+00 -0.0000e+00 -0.0000e+00 -0.0000e+00 -0.0000e+00 -0.0000e+00 -1.6593e-09 -9.3954e-09 -2.5932e-08 -5.3355e-08 -9.3478e-08 -1.4798e-07 -2.1848e-07 -3.0655e-07 -4.1379e-07 -5.4182e-07 -6.9232e-07 -8.6705e-07 -1.0678e-06 -1.2966e-06 0.0000e+00 -1.8466e-06 -2.1723e-06 -2.5352e-06 -2.9380e-06 -3.3836e-06 -3.8752e-06 -4.4161e-06 -5.0101e-06 -5.6611e-06 -6.3733e-06 -7.1513e-06 -8.0000e-06 -8.9247e-06 -9.9309e-06 -1.1025e-05 -1.2212e-05 -1.3499e-05 -1.4893e-05 -1.6401e-05 -1.8028e-05 -1.9782e-05 -2.1668e-05 -2.3691e-05 -2.5854e-05 -2.8159e-05 -3.0602e-05 -3.3178e-05 -3.5873e-05 -3.8669e-05 -4.1534e-05 -4.4426e-05 -4.7286e-05 -5.0037e-05 -5.2580e-05 -5.4790e-05 -5.6516e-05 -5.7584e-05 -5.7802e-05 -5.6973e-05 -5.4918e-05 -5.1509e-05 -4.6716e-05 -4.0647e-05 -3.3599e-05 -2.6059e-05 -1.8670e-05 -1.2114e-05 -6.9401e-06 -3.3988e-06 -1.3646e-06 -4.2555e-07 -9.6048e-08 -1.4302e-08 -1.2432e-09 -5.3596e-11 -9.2075e-13 -4.6869e-15 -4.7153e-18 -5.3609e-22 -3.1575e-27 -3.2041e-34 -1.1614e-43 -1.5382e-56 -2.6060e-74 -3.7709e-99 -2.2896e-134 -4.3171e-185 -1.8799e-259 -0.0000e+00 -0.0000e+00 -0.0000e+00 -0.0000e+00 -0.0000e+00 -0.0000e+00 -0.0000e+00 -0.0000e+00 -0.0000e+00 -0.0000e+00 -0.0000e+00 -0.0000e+00 -0.0000e+00 -0.0000e+00 -0.0000e+00 -0.0000e+00 -0.0000e+00
-1.9698e-09 -1.1154e-08 -3.0786e-08 -6.3340e-08 -1.1097e-07 -1.7568e-07 -2.5937e-07 -3.6392e-07 -4.9123e-07 -6.4323e-07 -8.2190e-07 -1.0293e-06 -1.2677e-06 -1.5393e-06 -1.8466e-06 9.0628e-05 -2.5789e-06 -3.0097e-06 -3.4879e-06 -4.0169e-06 -4.6004e-06 -5.2426e-06 -5.9478e-06 -6.7206e-06 -7.5661e-06 -8.4897e-06 -9.4973e-06 -1.0595e-05 -1.1790e-05 -1.3088e-05 -1.4497e-05 -1.6026e-05 -1.7681e-05 -1.9470e-05 -2.1402e-05 -2.3484e-05 -2.5724e-05 -2.8125e-05 -3.0693e-05 -3.3429e-05 -3.6330e-05 -3.9387e-05 -4.2588e-05 -4.5906e-05 -4.9308e-05 -5.2741e-05 -5.6137e-05 -5.9404e-05 -6.2423e-05 -6.5046e-05 -6.7096e-05 -6.8364e-05 -6.8624e-05 -6.7640e-05 -6.5201e-05 -6.1156e-05 -5.5465e-05 -4.8262e-05 -3.9894e-05 -3.0943e-05 -2.2170e-05 -1.4385e-05 -8.2421e-06 -4.0368e-06 -1.6210e-06 -5.0556e-07 -1.1412e-07 -1.6997e-08 -1.4779e-09 -6.3735e-11 -1.0954e-12 -5.5791e-15 -5.6170e-18 -6.3922e-22 -3.7697e-27 -3.8319e-34 -1.3920e-43 -1.8494e-56 -3.1466e-74 -4.5800e-99 -2.8039e-134 -5.3496e-185 -2.3695e-259 -0.0000e+00 -0.0000e+00 -0.0000e+00 -0.0000e+00 -0.0000e+00 -0.0000e+00 -0.0000e+00 -0.0000e+00 -0.0000e+00 -0.0000e+00 -0.0000e+00 -0.0000e+00 -0.0000e+00 -0.0000e+00 -0.0000e+00 -0.0000e+00 -0.0000e+00 -1.9698e-09 -1.1154e-08 -3.0786e-08 -6.3340e-08 -1.1097e-07 -1.7568e-07 -2.5937e-07 -3.6392e-07 -4.9123e-07 -6.4323e-07 -8.2190e-07 -1.0293e-06 -1.2677e-06 -1.5393e-06 -1.8466e-06 0.0000e+00 -2.5789e-06 -3.0097e-06 -3.4879e-06 -4.0169e-06 -4.6004e-06 -5.2426e-06 -5.9478e-06 -6.7206e-06 -7.5661e-06 -8.4897e-06 -9.4973e-06 -1.0595e-05 -1.1790e-05 -1.3088e-05 -1.4497e-05 -1.6026e-05 -1.7681e-05 -1.9470e-05 -2.1402e-05 -2.3484e-05 -2.5724e-05 -2.8125e-05 -3.0693e-05 -3.3429e-05 -3.6330e-05 -3.9387e-05 -4.2587e-05 -4.5906e-05 -4.9307e-05 -5.2740e-05 -5.6136e-05 -5.9403e-05 -6.2421e-05 -6.5044e-05 -6.7093e-05 -6.8362e-05 -6.8620e-05 -6.7636e-05 -6.5197e-05 -6.1151e-05 -5.5460e-05 -4.8256e-05 -3.9888e-05 -3.0937e-05 -2.2165e-05 -1.4382e-05 -8.2394e-06 -4.0351e-06 -1.6202e-06 -5.0525e-07 -1.1404e-07 -1.6982e-08 -1.4762e-09 -6.3643e-11 -1.0934e-12 -5.5662e-15 -5.6005e-18 -6.3682e-22 -3.7515e-27 -3.8078e-34 -1.3806e-43 -1.8294e-56 -3.1013e-74 -4.4913e-99 -2.7303e-134 -5.1569e-185 -2.2513e-259 -0.0000e+00 -0.0000e+00 -0.0000e+00 -0.0000e+00 -0.0000e+00 -0.0000e+00 -0.0000e+00 -0.0000e+00 -0.0000e+00 -0.0000e+00 -0.0000e+00 -0.0000e+00 -0.0000e+00 -0.0000e+00 -0.0000e+00 -0.0000e+00 -0.0000e+00
