-9.3085e-09 -1.0023e-10 -2.7663e-10 -5.6916e-10 -9.9717e-10 -1.5786e-09 -2.3305e-09 -3.2699e-09 -4.4135e-09 -5.7785e-09 -7.3822e-09 -9.2425e-09 -1.1378e-08 -1.3806e-08 -1.6545e-08 -1.9614e-08 -2.3028e-08 -2.6801e-08 -3.0945e-08 -3.5463e-08 -4.0351e-08 -4.5595e-08 -5.1163e-08 -5.7002e-08 -6.3034e-08 -6.9146e-08 -7.5182e-08 -8.0943e-08 -8.6174e-08 -9.0571e-08 -9.3782e-08 -9.5428e-08 -9.5131e-08 -9.2566e-08 -8.7522e-08 -7.9979e-08 -7.0181e-08 -5.8676e-08 -4.6308e-08 -3.4114e-08 -2.3145e-08 -1.4230e-08 -7.7757e-09 -3.6889e-09 -1.4772e-09 -4.8263e-10 -1.2346e-10 -2.3525e-11 -3.1434e-12 -2.7362e-13 -1.4186e-14 -3.9255e-16 -5.0689e-18 -2.5894e-20 -4.2687e-23 -1.7653e-26 -1.3397e-30 -1.2636e-35 -9.1014e-42 -2.7146e-49 -1.5495e-58 -6.3635e-70 -5.4095e-84 -1.9312e-101 -3.7146e-123 -2.6944e-150 -2.3039e-184 -2.4629e-227 -8.1036e-282 -0.0000e+00 -0.0000e+00 -0.0000e+00 -0.0000e+00 -0.0000e+00 -0.0000e+00 -0.0000e+00 -0.0000e+00 -0.0000e+00 -0.0000e+00 -0.0000e+00 -0.0000e+00 -0.0000e+00 -0.0000e+00 -0.0000e+00 -0.0000e+00 -0.0000e+00 -0.0000e+00 -0.0000e+00 -0.0000e+00 -0.0000e+00 -0.0000e+00 -0.0000e+00 -0.0000e+00 -0.0000e+00 -0.0000e+00 -0.0000e+00 -0.0000e+00 -0.0000e+00 -0.0000e+00 -0.0000e+00 0.0000e+00 -1.0023e-10 -2.7663e-10 -5.6916e-10 -9.9717e-10 -1.5786e-09 -2.3305e-09 -3.2699e-09 -4.4135e-09 -5.7785e-09 -7.3822e-09 -9.2425e-09 -1.1378e-08 -1.3806e-08 -1.6545e-08 -1.9614e-08 -2.3028e-08 -2.6801e-08 -3.0945e-08 -3.5463e-08 -4.0351e-08 -4.5595e-08 -5.1163e-08 -5.7002e-08 -6.3034e-08 -6.9146e-08 -7.5182e-08 -8.0943e-08 -8.6174e-08 -9.0571e-08 -9.3782e-08 -9.5428e-08 -9.5131e-08 -9.2566e-08 -8.7522e-08 -7.9979e-08 -7.0181e-08 -5.8676e-08 -4.6308e-08 -3.4114e-08 -2.3145e-08 -1.4230e-08 -7.7757e-09 -3.6889e-09 -1.4772e-09 -4.8263e-10 -1.2346e-10 -2.3525e-11 -3.1434e-12 -2.7362e-13 -1.4186e-14 -3.9255e-16 -5.0689e-18 -2.5894e-20 -4.2687e-23 -1.7653e-26 -1.3397e-30 -1.2636e-35 -9.1014e-42 -2.7146e-49 -1.5495e-58 -6.3635e-70 -5.4095e-84 -1.9312e-101 -3.7146e-123 -2.6944e-150 -2.3039e-184 -2.4629e-227 -8.1036e-282 -0.0000e+00 -0.0000e+00 -0.0000e+00 -0.0000e+00 -0.0000e+00 -0.0000e+00 -0.0000e+00 -0.0000e+00 -0.0000e+00 -0.0000e+00 -0.0000e+00 -0.0000e+00 -0.0000e+00 -0.0000e+00 -0.0000e+00 -0.0000e+00 -0.0000e+00 -0.0000e+00 -0.0000e+00 -0.0000e+00 -0.0000e+00 -0.0000e+00 -0.0000e+00 -0.0000e+00 -0.0000e+00 -0.0000e+00 -0.0000e+00 -0.0000e+00 -0.0000e+00 -0.0000e+00 -0.0000e+00
-1.0023e-10 3.0248e-10 -1.5664e-09 -3.2228e-09 -5.6463e-09 -8.9384e-09 -1.3196e-08 -1.8515e-08 -2.4991e-08 -3.2720e-08 -4.1800e-08 -5.2334e-08 -6.4423e-08 -7.8172e-08 -9.3684e-08 -1.1106e-07 -1.3039e-07 -1.5176e-07 -1.7522e-07 -2.0080e-07 -2.2848e-07 -2.5817e-07 -2.8970e-07 -3.2277e-07 -3.5692e-07 -3.9153e-07 -4.2571e-07 -4.5832e-07 -4.8795e-07 -5.1284e-07 -5.3103e-07 -5.4035e-07 -5.3867e-07 -5.2414e-07 -4.9558e-07 -4.5287e-07 -3.9739e-07 -3.3224e-07 -2.6221e-07 -1.9317e-07 -1.3106e-07 -8.0575e-08 -4.4029e-08 -2.0888e-08 -8.3646e-09 -2.7328e-09 -6.9906e-10 -1.3321e-10 -1.7799e-11 -1.5493e-12 -8.0324e-14 -2.2227e-15 -2.8702e-17 -1.4662e-19 -2.4171e-22 -9.9958e-26 -7.5856e-30 -7.1551e-35 -5.1535e-41 -1.5371e-48 -8.7738e-58 -3.6033e-69 -3.0631e-83 -1.0935e-100 -2.1033e-122 -1.5257e-149 -1.3046e-183 -1.3946e-226 -4.5886e-281 -0.0000e+00 -0.0000e+00 -0.0000e+00 -0.0000e+00 -0.0000e+00 -0.0000e+00 -0.0000e+00 -0.0000e+00 -0.0000e+00 -0.0000e+00 -0.0000e+00 -0.0000e+00 -0.0000e+00 -0.0000e+00 -0.0000e+00 -0.0000e+00 -0.0000e+00 -0.0000e+00 -0.0000e+00 -0.0000e+00 -0.0000e+00 -0.0000e+00 -0.0000e+00 -0.0000e+00 -0.0000e+00 -0.0000e+00 -0.0000e+00 -0.0000e+00 -0.0000e+00 -0.0000e+00 -0.0000e+00 -1.0023e-10 0.0000e+00 -1.5664e-09 -3.2228e-09 -5.6463e-09 -8.9384e-09 -1.3196e-08 -1.8515e-08 -2.4991e-08 -3.2720e-08 -4.1800e-08 -5.2334e-08 -6.4423e-08 -7.8172e-08 -9.3684e-08 -1.1106e-07 -1.3039e-07 -1.5176e-07 -1.7522e-07 -2.0080e-07 -2.2848e-07 -2.5817e-07 -2.8970e-07 -3.2277e-07 -3.5692e-07 -3.9153e-07 -4.2571e-07 -4.5832e-07 -4.8795e-07 -5.1284e-07 -5.3103e-07 -5.4035e-07 -5.3867e-07 -5.2414e-07 -4.9558e-07 -4.5287e-07 -3.9739e-07 -3.3224e-07 -2.6221e-07 -1.9317e-07 -1.3106e-07 -8.0575e-08 -4.4029e-08 -2.0888e-08 -8.3646e-09 -2.7328e-09 -6.9906e-10 -1.3321e-10 -1.7799e-11 -1.5493e-12 -8.0324e-14 -2.2227e-15 -2.8702e-17 -1.4662e-19 -2.4171e-22 -9.9958e-26 -7.5855e-30 -7.1551e-35 -5.1535e-41 -1.5371e-48 -8.7737e-58 -3.6033e-69 -3.0631e-83 -1.0935e-100 -2.1033e-122 -1.5257e-149 -1.3046e-183 -1.3946e-226 -4.5886e-281 -0.0000e+00 -0.0000e+00 -0.0000e+00 -0.0000e+00 -0.0000e+00 -0.0000e+00 -0.0000e+00 -0.0000e+00 -0.0000e+00 -0.0000e+00 -0.0000e+00 -0.0000e+00 -0.0000e+00 -0.0000e+00 -0.0000e+00 -0.0000e+00 -0.0000e+00 -0.0000e+00 -0.0000e+00 -0.0000e+00 -0.0000e+00 -0.0000e+00 -0.0000e+00 -0.0000e+00 -0.0000e+00 -0.0000e+00 -0.0000e+00 -0.0000e+00 -0.0000e+00 -0.0000e+00 -0.0000e+00
-2.7663e-10 -1.5664e-09 3.7993e-09 -8.8952e-09 -1.5585e-08 -2.4671e-08 -3.6423e-08 -5.1104e-08 -6.8978e-08 -9.0310e-08 -1.1537e-07 -1.4445e-07 -1.7782e-07 -2.1576e-07 -2.5858e-07 -3.0654e-07 -3.5989e-07 -4.1887e-07 -4.8363e-07 -5.5424e-07 -6.3064e-07 -7.1259e-07 -7.9961e-07 -8.9088e-07 -9.8515e-07 -1.0807e-06 -1.1750e-06 -1.2650e-06 -1.3468e-06 -1.4155e-06 -1.4657e-06 -1.4914e-06 -1.4868e-06 -1.4467e-06 -1.3679e-06 -1.2500e-06 -1.0968e-06 -9.1704e-07 -7.2374e-07 -5.3316e-07 -3.6173e-07 -2.2240e-07 -1.2152e-07 -5.7654e-08 -2.3088e-08 -7.5429e-09 -1.9295e-09 -3.6767e-10 -4.9127e-11 -4.2764e-12 -2.2171e-13 -6.1350e-15 -7.9221e-17 -4.0469e-19 -6.6715e-22 -2.7590e-25 -2.0937e-29 -1.9749e-34 -1.4225e-40 -4.2427e-48 -2.4217e-57 -9.9458e-69 -8.4548e-83 -3.0185e-100 -5.8059e-122 -4.2114e-149 -3.6011e-183 -3.8497e-226 -1.2667e-280 -0.0000e+00 -0.0000e+00 -0.0000e+00 -0.0000e+00 -0.0000e+00 -0.0000e+00 -0.0000e+00 -0.0000e+00 -0.0000e+00 -0.0000e+00 -0.0000e+00 -0.0000e+00 -0.0000e+00 -0.0000e+00 -0.0000e+00 -0.0000e+00 -0.0000e+00 -0.0000e+00 -0.0000e+00 -0.0000e+00 -0.0000e+00 -0.0000e+00 -0.0000e+00 -0.0000e+00 -0.0000e+00 -0.0000e+00 -0.0000e+00 -0.0000e+00 -0.0000e+00 -0.0000e+00 -0.0000e+00 -2.7663e-10 -1.5664e-09 0.0000e+00 -8.8952e-09 -1.5585e-08 -2.4671e-08 -3.6423e-08 -5.1104e-08 -6.8978e-08 -9.0310e-08 -1.1537e-07 -1.4445e-07 -1.7782e-07 -2.1576e-07 -2.5858e-07 -3.0654e-07 -3.5989e-07 -4.1887e-07 -4.8363e-07 -5.5424e-07 -6.3064e-07 -7.1259e-07 -7.9961e-07 -8.9088e-07 -9.8515e-07 -1.0807e-06 -1.1750e-06 -1.2650e-06 -1.3468e-06 -1.4155e-06 -1.4657e-06 -1.4914e-06 -1.4868e-06 -1.4467e-06 -1.3679e-06 -1.2500e-06 -1.0968e-06 -9.1703e-07 -7.2374e-07 -5.3316e-07 -3.6173e-07 -2.2240e-07 -1.2152e-07 -5.7654e-08 -2.3087e-08 -7.5429e-09 -1.9295e-09 -3.6767e-10 -4.9127e-11 -4.2764e-12 -2.2171e-13 -6.1350e-15 -7.9220e-17 -4.0468e-19 -6.6714e-22 -2.7590e-25 -2.0937e-29 -1.9749e-34 -1.4224e-40 -4.2427e-48 -2.4217e-57 -9.9456e-69 -8.4545e-83 -3.0183e-100 -5.8056e-122 -4.2112e-149 -3.6008e-183 -3.8494e-226 -1.2666e-280 -0.0000e+00 -0.0000e+00 -0.0000e+00 -0.0000e+00 -0.0000e+00 -0.0000e+00 -0.0000e+00 -0.0000e+00 -0.0000e+00 -0.0000e+00 -0.0000e+00 -0.0000e+00 -0.0000e+00 -0.0000e+00 -0.0000e+00 -0.0000e+00 -0.0000e+00 -0.0000e+00 -0.0000e+00 -0.0000e+00 -0.0000e+00 -0.0000e+00 -0.0000e+00 -0.0000e+00 -0.0000e+00 -0.0000e+00 -0.0000e+00 -0.0000e+00 -0.0000e+00 -0.0000e+00 -0.0000e+00
-5.6916e-10 -3.2228e-09 -8.8952e-09 2.1408e-08 -3.2064e-08 -5.0760e-08 -7.4939e-08 -1.0514e-07 -1.4192e-07 -1.8581e-07 -2.3738e-07 -2.9720e-07 -3.6585e-07 -4.4392e-07 -5.3201e-07 -6.3068e-07 -7.4046e-07 -8.6180e-07 -9.9503e-07 -1.1403e-06 -1.2975e-06 -1.4661e-06 -1.6452e-06 -1.8329e-06 -2.0269e-06 -2.2234e-06 -2.4175e-06 -2.6027e-06 -2.7710e-06 -2.9123e-06 -3.0156e-06 -3.0685e-06 -3.0590e-06 -2.9765e-06 -2.8143e-06 -2.5717e-06 -2.2567e-06 -1.8868e-06 -1.4891e-06 -1.0970e-06 -7.4424e-07 -4.5757e-07 -2.5003e-07 -1.1862e-07 -4.7502e-08 -1.5519e-08 -3.9699e-09 -7.5648e-10 -1.0108e-10 -8.7986e-12 -4.5616e-13 -1.2623e-14 -1.6300e-16 -8.3265e-19 -1.3727e-21 -5.6768e-25 -4.3080e-29 -4.0636e-34 -2.9269e-40 -8.7302e-48 -4.9833e-57 -2.0466e-68 -1.7399e-82 -6.2119e-100 -1.1949e-121 -8.6682e-149 -7.4126e-183 -7.9254e-226 -2.6081e-280 -0.0000e+00 -0.0000e+00 -0.0000e+00 -0.0000e+00 -0.0000e+00 -0.0000e+00 -0.0000e+00 -0.0000e+00 -0.0000e+00 -0.0000e+00 -0.0000e+00 -0.0000e+00 -0.0000e+00 -0.0000e+00 -0.0000e+00 -0.0000e+00 -0.0000e+00 -0.0000e+00 -0.0000e+00 -0.0000e+00 -0.0000e+00 -0.0000e+00 -0.0000e+00 -0.0000e+00 -0.0000e+00 -0.0000e+00 -0.0000e+00 -0.0000e+00 -0.0000e+00 -0.0000e+00 -0.0000e+00 -5.6916e-10 -3.2228e-09 -8.8952e-09 0.0000e+00 -3.2064e-08 -5.0760e-08 -7.4939e-08 -1.0514e-07 -1.4192e-07 -1.8581e-07 -2.3738e-07 -2.9720e-07 -3.6585e-07 -4.4392e-07 -5.3201e-07 -6.3068e-07 -7.4046e-07 -8.6180e-07 -9.9503e-07 -1.1403e-06 -1.2975e-06 -1.4661e-06 -1.6452e-06 -1.8329e-06 -2.0269e-06 -2.2234e-06 -2.4175e-06 -2.6027e-06 -2.7710e-06 -2.9123e-06 -3.0156e-06 -3.0685e-06 -3.0590e-06 -2.9765e-06 -2.8143e-06 -2.5717e-06 -2.2567e-06 -1.8867e-06 -1.4891e-06 -1.0970e-06 -7.4424e-07 -4.5757e-07 -2.5003e-07 -1.1862e-07 -4.7501e-08 -1.5519e-08 -3.9699e-09 -7.5647e-10 -1.0108e-10 -8.7984e-12 -4.5615e-13 -1.2623e-14 -1.6299e-16 -8.3263e-19 -1.3726e-21 -5.6766e-25 -4.3078e-29 -4.0634e-34 -2.9267e-40 -8.7294e-48 -4.9827e-57 -2.0464e-68 -1.7396e-82 -6.2106e-100 -1.1946e-121 -8.6654e-149 -7.4097e-183 -7.9215e-226 -2.6065e-280 -0.0000e+00 -0.0000e+00 -0.0000e+00 -0.0000e+00 -0.0000e+00 -0.0000e+00 -0.0000e+00 -0.0000e+00 -0.0000e+00 -0.0000e+00 -0.0000e+00 -0.0000e+00 -0.0000e+00 -0.0000e+00 -0.0000e+00 -0.0000e+00 -0.0000e+00 -0.0000e+00 -0.0000e+00 -0.0000e+00 -0.0000e+00 -0.0000e+00 -0.0000e+00 -0.0000e+00 -0.0000e+00 -0.0000e+00 -0.0000e+00 -0.0000e+00 -0.0000e+00 -0.0000e+00 -0.0000e+00
-9.9717e-10 -5.6463e-09 -1.5585e-08 -3.2064e-08 8.2022e-08 -8.8931e-08 -1.3129e-07 -1.8421e-07 -2.4864e-07 -3.2554e-07 -4.1589e-07 -5.2069e-07 -6.4097e-07 -7.7776e-07 -9.3209e-07 -1.1050e-06 -1.2973e-06 -1.5099e-06 -1.7433e-06 -1.9978e-06 -2.2732e-06 -2.5687e-06 -2.8823e-06 -3.2113e-06 -3.5511e-06 -3.8954e-06 -4.2355e-06 -4.5600e-06 -4.8548e-06 -5.1025e-06 -5.2834e-06 -5.3761e-06 -5.3594e-06 -5.2149e-06 -4.9307e-06 -4.5058e-06 -3.9537e-06 -3.3056e-06 -2.6089e-06 -1.9219e-06 -1.3039e-06 -8.0168e-07 -4.3806e-07 -2.0783e-07 -8.3225e-08 -2.7191e-08 -6.9555e-09 -1.3254e-09 -1.7710e-10 -1.5416e-11 -7.9925e-13 -2.2117e-14 -2.8560e-16 -1.4590e-18 -2.4053e-21 -9.9477e-25 -7.5494e-29 -7.1214e-34 -5.1297e-40 -1.5302e-47 -8.7350e-57 -3.5879e-68 -3.0505e-82 -1.0893e-99 -2.0958e-121 -1.5207e-148 -1.3009e-182 -1.3914e-225 -4.5812e-280 -0.0000e+00 -0.0000e+00 -0.0000e+00 -0.0000e+00 -0.0000e+00 -0.0000e+00 -0.0000e+00 -0.0000e+00 -0.0000e+00 -0.0000e+00 -0.0000e+00 -0.0000e+00 -0.0000e+00 -0.0000e+00 -0.0000e+00 -0.0000e+00 -0.0000e+00 -0.0000e+00 -0.0000e+00 -0.0000e+00 -0.0000e+00 -0.0000e+00 -0.0000e+00 -0.0000e+00 -0.0000e+00 -0.0000e+00 -0.0000e+00 -0.0000e+00 -0.0000e+00 -0.0000e+00 -0.0000e+00 -9.9717e-10 -5.6463e-09 -1.5585e-08 -3.2064e-08 0.0000e+00 -8.8931e-08 -1.3129e-07 -1.8421e-07 -2.4864e-07 -3.2554e-07 -4.1589e-07 -5.2069e-07 -6.4097e-07 -7.7776e-07 -9.3209e-07 -1.1050e-06 -1.2973e-06 -1.5099e-06 -1.7433e-06 -1.9978e-06 -2.2732e-06 -2.5687e-06 -2.8823e-06 -3.2113e-06 -3.5511e-06 -3.8954e-06 -4.2355e-06 -4.5600e-06 -4.8547e-06 -5.1025e-06 -5.2834e-06 -5.3761e-06 -5.3594e-06 -5.2149e-06 -4.9307e-06 -4.5057e-06 -3.9537e-06 -3.3056e-06 -2.6088e-06 -1.9219e-06 -1.3039e-06 -8.0167e-07 -4.3806e-07 -2.0782e-07 -8.3224e-08 -2.7190e-08 -6.9553e-09 -1.3254e-09 -1.7709e-10 -1.5415e-11 -7.9920e-13 -2.2115e-14 -2.8558e-16 -1.4588e-18 -2.4050e-21 -9.9460e-25 -7.5479e-29 -7.1197e-34 -5.1282e-40 -1.5296e-47 -8.7312e-57 -3.5860e-68 -3.0485e-82 -1.0884e-99 -2.0937e-121 -1.5189e-148 -1.2989e-182 -1.3888e-225 -4.5706e-280 -0.0000e+00 -0.0000e+00 -0.0000e+00 -0.0000e+00 -0.0000e+00 -0.0000e+00 -0.0000e+00 -0.0000e+00 -0.0000e+00 -0.0000e+00 -0.0000e+00 -0.0000e+00 -0.0000e+00 -0.0000e+00 -0.0000e+00 -0.0000e+00 -0.0000e+00 -0.0000e+00 -0.0000e+00 -0.0000e+00 -0.0000e+00 -0.0000e+00 -0.0000e+00 -0.0000e+00 -0.0000e+00 -0.0000e+00 -0.0000e+00 -0.0000e+00 -0.0000e+00 -0.0000e+00 -0.0000e+00
-1.5786e-09 -8.9384e-09 -2.4671e-08 -5.0760e-08 -8.8931e-08 2.4623e-07 -2.0784e-07 -2.9162e-07 -3.9361e-07 -5.1534e-07 -6.5837e-07 -8.2428e-07 -1.0147e-06 -1.2312e-06 -1.4756e-06 -1.7492e-06 -2.0537e-06 -2.3902e-06 -2.7598e-06 -3.1627e-06 -3.5987e-06 -4.0663e-06 -4.5629e-06 -5.0837e-06 -5.6216e-06 -6.1667e-06 -6.7050e-06 -7.2188e-06 -7.6853e-06 -8.0775e-06 -8.3639e-06 -8.5107e-06 -8.4842e-06 -8.2555e-06 -7.8056e-06 -7.1329e-06 -6.2591e-06 -5.2331e-06 -4.1300e-06 -3.0425e-06 -2.0643e-06 -1.2692e-06 -6.9351e-07 -3.2902e-07 -1.3176e-07 -4.3048e-08 -1.1012e-08 -2.0984e-09 -2.8039e-10 -2.4409e-11 -1.2655e-12 -3.5021e-14 -4.5225e-16 -2.3105e-18 -3.8093e-21 -1.5756e-24 -1.1958e-28 -1.1282e-33 -8.1278e-40 -2.4249e-47 -1.3846e-56 -5.6889e-68 -4.8386e-82 -1.7286e-99 -3.3275e-121 -2.4161e-148 -2.0686e-182 -2.2150e-225 -7.3028e-280 -0.0000e+00 -0.0000e+00 -0.0000e+00 -0.0000e+00 -0.0000e+00 -0.0000e+00 -0.0000e+00 -0.0000e+00 -0.0000e+00 -0.0000e+00 -0.0000e+00 -0.0000e+00 -0.0000e+00 -0.0000e+00 -0.0000e+00 -0.0000e+00 -0.0000e+00 -0.0000e+00 -0.0000e+00 -0.0000e+00 -0.0000e+00 -0.0000e+00 -0.0000e+00 -0.0000e+00 -0.0000e+00 -0.0000e+00 -0.0000e+00 -0.0000e+00 -0.0000e+00 -0.0000e+00 -0.0000e+00 -1.5786e-09 -8.9384e-09 -2.4671e-08 -5.0760e-08 -8.8931e-08 0.0000e+00 -2.0784e-07 -2.9162e-07 -3.9361e-07 -5.1534e-07 -6.5837e-07 -8.2428e-07 -1.0147e-06 -1.2312e-06 -1.4756e-06 -1.7492e-06 -2.0537e-06 -2.3902e-06 -2.7598e-06 -3.1627e-06 -3.5987e-06 -4.0663e-06 -4.5629e-06 -5.0837e-06 -5.6216e-06 -6.1667e-06 -6.7050e-06 -7.2188e-06 -7.6853e-06 -8.0775e-06 -8.3639e-06 -8.5106e-06 -8.4842e-06 -8.2554e-06 -7.8055e-06 -7.1328e-06 -6.2590e-06 -5.2330e-06 -4.1300e-06 -3.0425e-06 -2.0642e-06 -1.2691e-06 -6.9348e-07 -3.2900e-07 -1.3175e-07 -4.3044e-08 -1.1011e-08 -2.0982e-09 -2.8036e-10 -2.4405e-11 -1.2653e-12 -3.5013e-14 -4.5212e-16 -2.3097e-18 -3.8077e-21 -1.5748e-24 -1.1951e-28 -1.1274e-33 -8.1206e-40 -2.4223e-47 -1.3828e-56 -5.6798e-68 -4.8291e-82 -1.7244e-99 -3.3177e-121 -2.4074e-148 -2.0593e-182 -2.2027e-225 -7.2523e-280 -0.0000e+00 -0.0000e+00 -0.0000e+00 -0.0000e+00 -0.0000e+00 -0.0000e+00 -0.0000e+00 -0.0000e+00 -0.0000e+00 -0.0000e+00 -0.0000e+00 -0.0000e+00 -0.0000e+00 -0.0000e+00 -0.0000e+00 -0.0000e+00 -0.0000e+00 -0.0000e+00 -0.0000e+00 -0.0000e+00 -0.0000e+00 -0.0000e+00 -0.0000e+00 -0.0000e+00 -0.0000e+00 -0.0000e+00 -0.0000e+00 -0.0000e+00 -0.0000e+00 -0.0000e+00 -0.0000e+00
-2.3305e-09 -1.3196e-08 -3.6423e-08 -7.4939e-08 -1.3129e-07 -2.0784e-07 6.2483e-07 -4.3053e-07 -5.8111e-07 -7.6083e-07 -9.7198e-07 -1.2169e-06 -1.4980e-06 -1.8177e-06 -2.1784e-06 -2.5824e-06 -3.0320e-06 -3.5288e-06 -4.0744e-06 -4.6692e-06 -5.3129e-06 -6.0033e-06 -6.7364e-06 -7.5053e-06 -8.2995e-06 -9.1042e-06 -9.8990e-06 -1.0657e-05 -1.1346e-05 -1.1925e-05 -1.2348e-05 -1.2565e-05 -1.2526e-05 -1.2188e-05 -1.1524e-05 -1.0531e-05 -9.2408e-06 -7.7261e-06 -6.0977e-06 -4.4921e-06 -3.0478e-06 -1.8739e-06 -1.0240e-06 -4.8581e-07 -1.9455e-07 -6.3564e-08 -1.6261e-08 -3.0988e-09 -4.1409e-10 -3.6049e-11 -1.8692e-12 -5.1731e-14 -6.6812e-16 -3.4138e-18 -5.6293e-21 -2.3288e-24 -1.7679e-28 -1.6684e-33 -1.2024e-39 -3.5890e-47 -2.0504e-56 -8.4299e-68 -7.1758e-82 -2.5661e-99 -4.9460e-121 -3.5970e-148 -3.0856e-182 -3.3121e-225 -1.0954e-279 -0.0000e+00 -0.0000e+00 -0.0000e+00 -0.0000e+00 -0.0000e+00 -0.0000e+00 -0.0000e+00 -0.0000e+00 -0.0000e+00 -0.0000e+00 -0.0000e+00 -0.0000e+00 -0.0000e+00 -0.0000e+00 -0.0000e+00 -0.0000e+00 -0.0000e+00 -0.0000e+00 -0.0000e+00 -0.0000e+00 -0.0000e+00 -0.0000e+00 -0.0000e+00 -0.0000e+00 -0.0000e+00 -0.0000e+00 -0.0000e+00 -0.0000e+00 -0.0000e+00 -0.0000e+00 -0.0000e+00 -2.3305e-09 -1.3196e-08 -3.6423e-08 -7.4939e-08 -1.3129e-07 -2.0784e-07 0.0000e+00 -4.3053e-07 -5.8111e-07 -7.6083e-07 -9.7198e-07 -1.2169e-06 -1.4980e-06 -1.8177e-06 -2.1784e-06 -2.5824e-06 -3.0320e-06 -3.5288e-06 -4.0744e-06 -4.6692e-06 -5.3129e-06 -6.0033e-06 -6.7364e-06 -7.5053e-06 -8.2995e-06 -9.1041e-06 -9.8989e-06 -1.0657e-05 -1.1346e-05 -1.1925e-05 -1.2348e-05 -1.2565e-05 -1.2526e-05 -1.2188e-05 -1.1524e-05 -1.0531e-05 -9.2405e-06 -7.7258e-06 -6.0973e-06 -4.4918e-06 -3.0475e-06 -1.8737e-06 -1.0239e-06 -4.8574e-07 -1.9452e-07 -6.3552e-08 -1.6257e-08 -3.0979e-09 -4.1394e-10 -3.6034e-11 -1.8682e-12 -5.1700e-14 -6.6764e-16 -3.4108e-18 -5.6234e-21 -2.3258e-24 -1.7652e-28 -1.6653e-33 -1.1997e-39 -3.5791e-47 -2.0436e-56 -8.3957e-68 -7.1402e-82 -2.5505e-99 -4.9092e-121 -3.5641e-148 -3.0508e-182 -3.2659e-225 -1.0764e-279 -0.0000e+00 -0.0000e+00 -0.0000e+00 -0.0000e+00 -0.0000e+00 -0.0000e+00 -0.0000e+00 -0.0000e+00 -0.0000e+00 -0.0000e+00 -0.0000e+00 -0.0000e+00 -0.0000e+00 -0.0000e+00 -0.0000e+00 -0.0000e+00 -0.0000e+00 -0.0000e+00 -0.0000e+00 -0.0000e+00 -0.0000e+00 -0.0000e+00 -0.0000e+00 -0.0000e+00 -0.0000e+00 -0.0000e+00 -0.0000e+00 -0.0000e+00 -0.0000e+00 -0.0000e+00 -0.0000e+00
-3.2699e-09 -1.8515e-08 -5.1104e-08 -1.0514e-07 -1.8421e-07 -2.9162e-07 -4.3053e-07 1.4025e-06 -8.1533e-07 -1.0675e-06 -1.3638e-06 -1.7074e-06 -2.1018e-06 -2.5504e-06 -3.0565e-06 -3.6233e-06 -4.2540e-06 -4.9511e-06 -5.7166e-06 -6.5512e-06 -7.4543e-06 -8.4231e-06 -9.4516e-06 -1.0530e-05 -1.1645e-05 -1.2774e-05 -1.3889e-05 -1.4953e-05 -1.5920e-05 -1.6732e-05 -1.7325e-05 -1.7630e-05 -1.7575e-05 -1.7101e-05 -1.6170e-05 -1.4776e-05 -1.2966e-05 -1.0841e-05 -8.5562e-06 -6.3034e-06 -4.2768e-06 -2.6296e-06 -1.4370e-06 -6.8179e-07 -2.7305e-07 -8.9218e-08 -2.2825e-08 -4.3501e-09 -5.8136e-10 -5.0618e-11 -2.6250e-12 -7.2664e-14 -9.3869e-16 -4.7976e-18 -7.9138e-21 -3.2752e-24 -2.4877e-28 -2.3491e-33 -1.6942e-39 -5.0614e-47 -2.8948e-56 -1.1918e-67 -1.0161e-81 -3.6413e-99 -7.0363e-121 -5.1334e-148 -4.4211e-182 -4.7692e-225 -1.5872e-279 -0.0000e+00 -0.0000e+00 -0.0000e+00 -0.0000e+00 -0.0000e+00 -0.0000e+00 -0.0000e+00 -0.0000e+00 -0.0000e+00 -0.0000e+00 -0.0000e+00 -0.0000e+00 -0.0000e+00 -0.0000e+00 -0.0000e+00 -0.0000e+00 -0.0000e+00 -0.0000e+00 -0.0000e+00 -0.0000e+00 -0.0000e+00 -0.0000e+00 -0.0000e+00 -0.0000e+00 -0.0000e+00 -0.0000e+00 -0.0000e+00 -0.0000e+00 -0.0000e+00 -0.0000e+00 -0.0000e+00 -3.2699e-09 -1.8515e-08 -5.1104e-08 -1.0514e-07 -1.8421e-07 -2.9162e-07 -4.3053e-07 0.0000e+00 -8.1533e-07 -1.0675e-06 -1.3638e-06 -1.7074e-06 -2.1018e-06 -2.5504e-06 -3.0565e-06 -3.6233e-06 -4.2540e-06 -4.9511e-06 -5.7166e-06 -6.5512e-06 -7.4543e-06 -8.4230e-06 -9.4516e-06 -1.0530e-05 -1.1645e-05 -1.2774e-05 -1.3889e-05 -1.4953e-05 -1.5920e-05 -1.6732e-05 -1.7325e-05 -1.7629e-05 -1.7574e-05 -1.7101e-05 -1.6169e-05 -1.4775e-05 -1.2965e-05 -1.0840e-05 -8.5552e-06 -6.3026e-06 -4.2761e-06 -2.6291e-06 -1.4366e-06 -6.8158e-07 -2.7295e-07 -8.9178e-08 -2.2813e-08 -4.3474e-09 -5.8092e-10 -5.0571e-11 -2.6221e-12 -7.2566e-14 -9.3716e-16 -4.7882e-18 -7.8951e-21 -3.2658e-24 -2.4791e-28 -2.3393e-33 -1.6856e-39 -5.0304e-47 -2.8732e-56 -1.1810e-67 -1.0049e-81 -3.5922e-99 -6.9201e-121 -5.0294e-148 -4.3110e-182 -4.6227e-225 -1.5269e-279 -0.0000e+00 -0.0000e+00 -0.0000e+00 -0.0000e+00 -0.0000e+00 -0.0000e+00 -0.0000e+00 -0.0000e+00 -0.0000e+00 -0.0000e+00 -0.0000e+00 -0.0000e+00 -0.0000e+00 -0.0000e+00 -0.0000e+00 -0.0000e+00 -0.0000e+00 -0.0000e+00 -0.0000e+00 -0.0000e+00 -0.0000e+00 -0.0000e+00 -0.0000e+00 -0.0000e+00 -0.0000e+00 -0.0000e+00 -0.0000e+00 -0.0000e+00 -0.0000e+00 -0.0000e+00 -0.0000e+00
-4.4135e-09 -2.4991e-08 -6.8978e-08 -1.4192e-07 -2.4864e-07 -3.9361e-07 -5.8111e-07 -8.1533e-07 2.8668e-06 -1.4408e-06 -1.8407e-06 -2.3046e-06 -2.8369e-06 -3.4424e-06 -4.1255e-06 -4.8906e-06 -5.7419e-06 -6.6828e-06 -7.7159e-06 -8.8425e-06 -1.0061e-05 -1.1369e-05 -1.2757e-05 -1.4213e-05 -1.5718e-05 -1.7242e-05 -1.8747e-05 -2.0183e-05 -2.1488e-05 -2.2585e-05 -2.3386e-05 -2.3797e-05 -2.3723e-05 -2.3084e-05 -2.1827e-05 -1.9946e-05 -1.7503e-05 -1.4635e-05 -1.1551e-05 -8.5099e-06 -5.7741e-06 -3.5504e-06 -1.9403e-06 -9.2067e-07 -3.6876e-07 -1.2050e-07 -3.0834e-08 -5.8775e-09 -7.8564e-10 -6.8421e-11 -3.5493e-12 -9.8285e-14 -1.2702e-15 -6.4954e-18 -1.0721e-20 -4.4405e-24 -3.3759e-28 -3.1914e-33 -2.3049e-39 -6.8974e-47 -3.9529e-56 -1.6315e-67 -1.3954e-81 -5.0194e-99 -9.7449e-121 -7.1510e-148 -6.2033e-182 -6.7519e-225 -2.2722e-279 -0.0000e+00 -0.0000e+00 -0.0000e+00 -0.0000e+00 -0.0000e+00 -0.0000e+00 -0.0000e+00 -0.0000e+00 -0.0000e+00 -0.0000e+00 -0.0000e+00 -0.0000e+00 -0.0000e+00 -0.0000e+00 -0.0000e+00 -0.0000e+00 -0.0000e+00 -0.0000e+00 -0.0000e+00 -0.0000e+00 -0.0000e+00 -0.0000e+00 -0.0000e+00 -0.0000e+00 -0.0000e+00 -0.0000e+00 -0.0000e+00 -0.0000e+00 -0.0000e+00 -0.0000e+00 -0.0000e+00 -4.4135e-09 -2.4991e-08 -6.8978e-08 -1.4192e-07 -2.4864e-07 -3.9361e-07 -5.8111e-07 -8.1533e-07 0.0000e+00 -1.4408e-06 -1.8407e-06 -2.3046e-06 -2.8369e-06 -3.4424e-06 -4.1255e-06 -4.8906e-06 -5.7419e-06 -6.6828e-06 -7.7159e-06 -8.8425e-06 -1.0061e-05 -1.1369e-05 -1.2757e-05 -1.4213e-05 -1.5717e-05 -1.7241e-05 -1.8747e-05 -2.0183e-05 -2.1487e-05 -2.2584e-05 -2.3385e-05 -2.3795e-05 -2.3721e-05 -2.3082e-05 -2.1824e-05 -1.9944e-05 -1.7501e-05 -1.4632e-05 -1.1548e-05 -8.5075e-06 -5.7721e-06 -3.5489e-06 -1.9393e-06 -9.2011e-07 -3.6848e-07 -1.2040e-07 -3.0801e-08 -5.8698e-09 -7.8440e-10 -6.8291e-11 -3.5412e-12 -9.8015e-14 -1.2660e-15 -6.4694e-18 -1.0670e-20 -4.4147e-24 -3.3522e-28 -3.1643e-33 -2.2812e-39 -6.8116e-47 -3.8933e-56 -1.6016e-67 -1.3643e-81 -4.8832e-99 -9.4225e-121 -6.8620e-148 -5.8967e-182 -6.3433e-225 -2.1037e-279 -0.0000e+00 -0.0000e+00 -0.0000e+00 -0.0000e+00 -0.0000e+00 -0.0000e+00 -0.0000e+00 -0.0000e+00 -0.0000e+00 -0.0000e+00 -0.0000e+00 -0.0000e+00 -0.0000e+00 -0.0000e+00 -0.0000e+00 -0.0000e+00 -0.0000e+00 -0.0000e+00 -0.0000e+00 -0.0000e+00 -0.0000e+00 -0.0000e+00 -0.0000e+00 -0.0000e+00 -0.0000e+00 -0.0000e+00 -0.0000e+00 -0.0000e+00 -0.0000e+00 -0.0000e+00 -0.0000e+00
-5.7785e-09 -3.2720e-08 -9.0310e-08 -1.8581e-07 -3.2554e-07 -5.1534e-07 -7.6083e-07 -1.0675e-06 -1.4408e-06 5.4448e-06 -2.4100e-06 -3.0173e-06 -3.7143e-06 -4.5070e-06 -5.4013e-06 -6.4031e-06 -7.5177e-06 -8.7496e-06 -1.0102e-05 -1.1577e-05 -1.3173e-05 -1.4885e-05 -1.6703e-05 -1.8609e-05 -2.0579e-05 -2.2574e-05 -2.4545e-05 -2.6426e-05 -2.8135e-05 -2.9571e-05 -3.0620e-05 -3.1158e-05 -3.1063e-05 -3.0226e-05 -2.8581e-05 -2.6119e-05 -2.2921e-05 -1.9166e-05 -1.5128e-05 -1.1146e-05 -7.5634e-06 -4.6511e-06 -2.5421e-06 -1.2064e-06 -4.8329e-07 -1.5796e-07 -4.0429e-08 -7.7088e-09 -1.0308e-09 -8.9811e-11 -4.6614e-12 -1.2916e-13 -1.6705e-15 -8.5501e-18 -1.4128e-20 -5.8595e-24 -4.4620e-28 -4.2264e-33 -3.0597e-39 -9.1829e-47 -5.2815e-56 -2.1893e-67 -1.8824e-81 -6.8154e-99 -1.3337e-120 -9.8832e-148 -8.6767e-182 -9.5838e-225 -3.2838e-279 -0.0000e+00 -0.0000e+00 -0.0000e+00 -0.0000e+00 -0.0000e+00 -0.0000e+00 -0.0000e+00 -0.0000e+00 -0.0000e+00 -0.0000e+00 -0.0000e+00 -0.0000e+00 -0.0000e+00 -0.0000e+00 -0.0000e+00 -0.0000e+00 -0.0000e+00 -0.0000e+00 -0.0000e+00 -0.0000e+00 -0.0000e+00 -0.0000e+00 -0.0000e+00 -0.0000e+00 -0.0000e+00 -0.0000e+00 -0.0000e+00 -0.0000e+00 -0.0000e+00 -0.0000e+00 -0.0000e+00 -5.7785e-09 -3.2720e-08 -9.0310e-08 -1.8581e-07 -3.2554e-07 -5.1534e-07 -7.6083e-07 -1.0675e-06 -1.4408e-06 0.0000e+00 -2.4100e-06 -3.0173e-06 -3.7143e-06 -4.5070e-06 -5.4013e-06 -6.4031e-06 -7.5176e-06 -8.7496e-06 -1.0102e-05 -1.1577e-05 -1.3173e-05 -1.4885e-05 -1.6703e-05 -1.8609e-05 -2.0578e-05 -2.2574e-05 -2.4544e-05 -2.6425e-05 -2.8133e-05 -2.9569e-05 -3.0618e-05 -3.1155e-05 -3.1059e-05 -3.0222e-05 -2.8575e-05 -2.6113e-05 -2.2915e-05 -1.9159e-05 -1.5121e-05 -1.1140e-05 -7.5585e-06 -4.6474e-06 -2.5397e-06 -1.2050e-06 -4.8260e-07 -1.5769e-07 -4.0346e-08 -7.6897e-09 -1.0277e-09 -8.9488e-11 -4.6412e-12 -1.2849e-13 -1.6600e-15 -8.4855e-18 -1.4000e-20 -5.7952e-24 -4.4029e-28 -4.1589e-33 -3.0007e-39 -8.9688e-47 -5.1326e-56 -2.1146e-67 -1.8046e-81 -6.4739e-99 -1.2527e-120 -9.1554e-148 -7.9023e-182 -8.5479e-225 -2.8547e-279 -0.0000e+00 -0.0000e+00 -0.0000e+00 -0.0000e+00 -0.0000e+00 -0.0000e+00 -0.0000e+00 -0.0000e+00 -0.0000e+00 -0.0000e+00 -0.0000e+00 -0.0000e+00 -0.0000e+00 -0.0000e+00 -0.0000e+00 -0.0000e+00 -0.0000e+00 -0.0000e+00 -0.0000e+00 -0.0000e+00 -0.0000e+00 -0.0000e+00 -0.0000e+00 -0.0000e+00 -0.0000e+00 -0.0000e+00 -0.0000e+00 -0.0000e+00 -0.0000e+00 -0.0000e+00 -0.0000e+00
-7.3822e-09 -4.1800e-08 -1.1537e-07 -2.3738e-07 -4.1589e-07 -6.5837e-07 -9.7198e-07 -1.3638e-06 -1.8407e-06 -2.4100e-06 9.7455e-06 -3.8547e-06 -4.7452e-06 -5.7579e-06 -6.9004e-06 -8.1802e-06 -9.6041e-06 -1.1178e-05 -1.2906e-05 -1.4790e-05 -1.6829e-05 -1.9017e-05 -2.1339e-05 -2.3775e-05 -2.6291e-05 -2.8840e-05 -3.1359e-05 -3.3762e-05 -3.5945e-05 -3.7781e-05 -3.9122e-05 -3.9811e-05 -3.9690e-05 -3.8623e-05 -3.6522e-05 -3.3378e-05 -2.9293e-05 -2.4496e-05 -1.9336e-05 -1.4249e-05 -9.6700e-06 -5.9476e-06 -3.2514e-06 -1.5434e-06 -6.1845e-07 -2.0221e-07 -5.1775e-08 -9.8772e-09 -1.3215e-09 -1.1523e-10 -5.9857e-12 -1.6603e-13 -2.1501e-15 -1.1021e-17 -1.8245e-20 -7.5835e-24 -5.7902e-28 -5.5023e-33 -3.9990e-39 -1.2059e-46 -6.9756e-56 -2.9118e-67 -2.5249e-81 -9.2358e-99 -1.8301e-120 -1.3767e-147 -1.2309e-181 -1.3897e-224 -4.8890e-279 -0.0000e+00 -0.0000e+00 -0.0000e+00 -0.0000e+00 -0.0000e+00 -0.0000e+00 -0.0000e+00 -0.0000e+00 -0.0000e+00 -0.0000e+00 -0.0000e+00 -0.0000e+00 -0.0000e+00 -0.0000e+00 -0.0000e+00 -0.0000e+00 -0.0000e+00 -0.0000e+00 -0.0000e+00 -0.0000e+00 -0.0000e+00 -0.0000e+00 -0.0000e+00 -0.0000e+00 -0.0000e+00 -0.0000e+00 -0.0000e+00 -0.0000e+00 -0.0000e+00 -0.0000e+00 -0.0000e+00 -7.3822e-09 -4.1800e-08 -1.1537e-07 -2.3738e-07 -4.1589e-07 -6.5837e-07 -9.7198e-07 -1.3638e-06 -1.8407e-06 -2.4100e-06 0.0000e+00 -3.8547e-06 -4.7452e-06 -5.7579e-06 -6.9004e-06 -8.1802e-06 -9.6041e-06 -1.1178e-05 -1.2906e-05 -1.4790e-05 -1.6829e-05 -1.9016e-05 -2.1339e-05 -2.3774e-05 -2.6290e-05 -2.8839e-05 -3.1357e-05 -3.3760e-05 -3.5942e-05 -3.7776e-05 -3.9116e-05 -3.9803e-05 -3.9681e-05 -3.8612e-05 -3.6509e-05 -3.3364e-05 -2.9278e-05 -2.4480e-05 -1.9321e-05 -1.4235e-05 -9.6587e-06 -5.9391e-06 -3.2458e-06 -1.5401e-06 -6.1689e-07 -2.0160e-07 -5.1585e-08 -9.8335e-09 -1.3145e-09 -1.1449e-10 -5.9395e-12 -1.6449e-13 -2.1260e-15 -1.0873e-17 -1.7950e-20 -7.4361e-24 -5.6547e-28 -5.3473e-33 -3.8633e-39 -1.1566e-46 -6.6325e-56 -2.7393e-67 -2.3450e-81 -8.4442e-99 -1.6416e-120 -1.2067e-147 -1.0491e-181 -1.1451e-224 -3.8679e-279 -0.0000e+00 -0.0000e+00 -0.0000e+00 -0.0000e+00 -0.0000e+00 -0.0000e+00 -0.0000e+00 -0.0000e+00 -0.0000e+00 -0.0000e+00 -0.0000e+00 -0.0000e+00 -0.0000e+00 -0.0000e+00 -0.0000e+00 -0.0000e+00 -0.0000e+00 -0.0000e+00 -0.0000e+00 -0.0000e+00 -0.0000e+00 -0.0000e+00 -0.0000e+00 -0.0000e+00 -0.0000e+00 -0.0000e+00 -0.0000e+00 -0.0000e+00 -0.0000e+00 -0.0000e+00 -0.0000e+00
-9.2425e-09 -5.2334e-08 -1.4445e-07 -2.9720e-07 -5.2069e-07 -8.2428e-07 -1.2169e-06 -1.7074e-06 -2.3046e-06 -3.0173e-06 -3.8547e-06 1.6613e-05 -5.9410e-06 -7.2088e-06 -8.6393e-06 -1.0242e-05 -1.2024e-05 -1.3995e-05 -1.6158e-05 -1.8518e-05 -2.1071e-05 -2.3809e-05 -2.6717e-05 -2.9767e-05 -3.2917e-05 -3.6109e-05 -3.9263e-05 -4.2273e-05 -4.5008e-05 -4.7307e-05 -4.8988e-05 -4.9853e-05 -4.9703e-05 -4.8370e-05 -4.5742e-05 -4.1808e-05 -3.6695e-05 -3.0689e-05 -2.4229e-05 -1.7857e-05 -1.2122e-05 -7.4575e-06 -4.0782e-06 -1.9366e-06 -7.7636e-07 -2.5398e-07 -6.5075e-08 -1.2424e-08 -1.6639e-09 -1.4524e-10 -7.5554e-12 -2.0992e-13 -2.7238e-15 -1.3996e-17 -2.3236e-20 -9.6914e-24 -7.4305e-28 -7.0966e-33 -5.1889e-39 -1.5761e-46 -9.1973e-56 -3.8798e-67 -3.4071e-81 -1.2652e-98 -2.5528e-120 -1.9621e-147 -1.7995e-181 -2.0936e-224 -7.6281e-279 -0.0000e+00 -0.0000e+00 -0.0000e+00 -0.0000e+00 -0.0000e+00 -0.0000e+00 -0.0000e+00 -0.0000e+00 -0.0000e+00 -0.0000e+00 -0.0000e+00 -0.0000e+00 -0.0000e+00 -0.0000e+00 -0.0000e+00 -0.0000e+00 -0.0000e+00 -0.0000e+00 -0.0000e+00 -0.0000e+00 -0.0000e+00 -0.0000e+00 -0.0000e+00 -0.0000e+00 -0.0000e+00 -0.0000e+00 -0.0000e+00 -0.0000e+00 -0.0000e+00 -0.0000e+00 -0.0000e+00 -9.2425e-09 -5.2334e-08 -1.4445e-07 -2.9720e-07 -5.2069e-07 -8.2428e-07 -1.2169e-06 -1.7074e-06 -2.3046e-06 -3.0173e-06 -3.8547e-06 0.0000e+00 -5.9410e-06 -7.2088e-06 -8.6393e-06 -1.0242e-05 -1.2024e-05 -1.3995e-05 -1.6158e-05 -1.8517e-05 -2.1070e-05 -2.3808e-05 -2.6716e-05 -2.9765e-05 -3.2915e-05 -3.6107e-05 -3.9259e-05 -4.2268e-05 -4.5001e-05 -4.7298e-05 -4.8976e-05 -4.9837e-05 -4.9684e-05 -4.8347e-05 -4.5715e-05 -4.1778e-05 -3.6662e-05 -3.0656e-05 -2.4197e-05 -1.7828e-05 -1.2098e-05 -7.4395e-06 -4.0662e-06 -1.9297e-06 -7.7303e-07 -2.5267e-07 -6.4669e-08 -1.2331e-08 -1.6489e-09 -1.4366e-10 -7.4566e-12 -2.0662e-13 -2.6724e-15 -1.3679e-17 -2.2604e-20 -9.3751e-24 -7.1396e-28 -6.7634e-33 -4.8970e-39 -1.4699e-46 -8.4561e-56 -3.5063e-67 -3.0160e-81 -1.0925e-98 -2.1396e-120 -1.5871e-147 -1.3953e-181 -1.5444e-224 -5.3075e-279 -0.0000e+00 -0.0000e+00 -0.0000e+00 -0.0000e+00 -0.0000e+00 -0.0000e+00 -0.0000e+00 -0.0000e+00 -0.0000e+00 -0.0000e+00 -0.0000e+00 -0.0000e+00 -0.0000e+00 -0.0000e+00 -0.0000e+00 -0.0000e+00 -0.0000e+00 -0.0000e+00 -0.0000e+00 -0.0000e+00 -0.0000e+00 -0.0000e+00 -0.0000e+00 -0.0000e+00 -0.0000e+00 -0.0000e+00 -0.0000e+00 -0.0000e+00 -0.0000e+00 -0.0000e+00 -0.0000e+00
-1.1378e-08 -6.4423e-08 -1.7782e-07 -3.6585e-07 -6.4097e-07 -1.0147e-06 -1.4980e-06 -2.1018e-06 -2.8369e-06 -3.7143e-06 -4.7452e-06 -5.9410e-06 2.7187e-05 -8.8741e-06 -1.0635e-05 -1.2607e-05 -1.4802e-05 -1.7228e-05 -1.9891e-05 -2.2796e-05 -2.5938e-05 -2.9310e-05 -3.2889e-05 -3.6644e-05 -4.0523e-05 -4.4454e-05 -4.8337e-05 -5.2045e-05 -5.5413e-05 -5.8246e-05 -6.0319e-05 -6.1387e-05 -6.1207e-05 -5.9571e-05 -5.6340e-05 -5.1502e-05 -4.5211e-05 -3.7818e-05 -2.9865e-05 -2.2017e-05 -1.4950e-05 -9.2015e-06 -5.0343e-06 -2.3920e-06 -9.5962e-07 -3.1420e-07 -8.0585e-08 -1.5404e-08 -2.0660e-09 -1.8066e-10 -9.4173e-12 -2.6231e-13 -3.4139e-15 -1.7605e-17 -2.9354e-20 -1.2307e-23 -9.4945e-28 -9.1352e-33 -6.7388e-39 -2.0686e-46 -1.2224e-55 -5.2340e-67 -4.6780e-81 -1.7737e-98 -3.6667e-120 -2.8993e-147 -2.7477e-181 -3.3197e-224 -1.2629e-278 -0.0000e+00 -0.0000e+00 -0.0000e+00 -0.0000e+00 -0.0000e+00 -0.0000e+00 -0.0000e+00 -0.0000e+00 -0.0000e+00 -0.0000e+00 -0.0000e+00 -0.0000e+00 -0.0000e+00 -0.0000e+00 -0.0000e+00 -0.0000e+00 -0.0000e+00 -0.0000e+00 -0.0000e+00 -0.0000e+00 -0.0000e+00 -0.0000e+00 -0.0000e+00 -0.0000e+00 -0.0000e+00 -0.0000e+00 -0.0000e+00 -0.0000e+00 -0.0000e+00 -0.0000e+00 -0.0000e+00 -1.1378e-08 -6.4423e-08 -1.7782e-07 -3.6585e-07 -6.4097e-07 -1.0147e-06 -1.4980e-06 -2.1018e-06 -2.8369e-06 -3.7143e-06 -4.7452e-06 -5.9410e-06 0.0000e+00 -8.8741e-06 -1.0635e-05 -1.2607e-05 -1.4802e-05 -1.7228e-05 -1.9891e-05 -2.2795e-05 -2.5938e-05 -2.9308e-05 -3.2888e-05 -3.6642e-05 -4.0520e-05 -4.4449e-05 -4.8330e-05 -5.2034e-05 -5.5399e-05 -5.8227e-05 -6.0294e-05 -6.1355e-05 -6.1169e-05 -5.9524e-05 -5.6285e-05 -5.1440e-05 -4.5144e-05 -3.7750e-05 -2.9799e-05 -2.1958e-05 -1.4902e-05 -9.1651e-06 -5.0102e-06 -2.3781e-06 -9.5291e-07 -3.1155e-07 -7.9766e-08 -1.5216e-08 -2.0357e-09 -1.7747e-10 -9.2178e-12 -2.5564e-13 -3.3099e-15 -1.6963e-17 -2.8074e-20 -1.1665e-23 -8.9034e-28 -8.4570e-33 -6.1432e-39 -1.8514e-46 -1.0703e-55 -4.4642e-67 -3.8680e-81 -1.4137e-98 -2.7991e-120 -2.1044e-147 -1.8811e-181 -2.1248e-224 -7.4874e-279 -0.0000e+00 -0.0000e+00 -0.0000e+00 -0.0000e+00 -0.0000e+00 -0.0000e+00 -0.0000e+00 -0.0000e+00 -0.0000e+00 -0.0000e+00 -0.0000e+00 -0.0000e+00 -0.0000e+00 -0.0000e+00 -0.0000e+00 -0.0000e+00 -0.0000e+00 -0.0000e+00 -0.0000e+00 -0.0000e+00 -0.0000e+00 -0.0000e+00 -0.0000e+00 -0.0000e+00 -0.0000e+00 -0.0000e+00 -0.0000e+00 -0.0000e+00 -0.0000e+00 -0.0000e+00 -0.0000e+00
-1.3806e-08 -7.8172e-08 -2.1576e-07 -4.4392e-07 -7.7776e-07 -1.2312e-06 -1.8177e-06 -2.5504e-06 -3.4424e-06 -4.5070e-06 -5.7579e-06 -7.2088e-06 -8.8741e-06 4.2978e-05 -1.2905e-05 -1.5298e-05 -1.7961e-05 -2.0905e-05 -2.4137e-05 -2.7661e-05 -3.1475e-05 -3.5566e-05 -3.9910e-05 -4.4467e-05 -4.9176e-05 -5.3947e-05 -5.8661e-05 -6.3163e-05 -6.7254e-05 -7.0696e-05 -7.3217e-05 -7.4520e-05 -7.4311e-05 -7.2333e-05 -6.8422e-05 -6.2558e-05 -5.4930e-05 -4.5962e-05 -3.6308e-05 -2.6778e-05 -1.8193e-05 -1.1204e-05 -6.1342e-06 -2.9172e-06 -1.1715e-06 -3.8407e-07 -9.8653e-08 -1.8892e-08 -2.5392e-09 -2.2261e-10 -1.1640e-11 -3.2540e-13 -4.2537e-15 -2.2050e-17 -3.6997e-20 -1.5626e-23 -1.2162e-27 -1.1824e-32 -8.8304e-39 -2.7503e-46 -1.6531e-55 -7.2201e-67 -6.6038e-81 -2.5714e-98 -5.4808e-120 -4.4874e-147 -4.4241e-181 -5.5887e-224 -2.2352e-278 -0.0000e+00 -0.0000e+00 -0.0000e+00 -0.0000e+00 -0.0000e+00 -0.0000e+00 -0.0000e+00 -0.0000e+00 -0.0000e+00 -0.0000e+00 -0.0000e+00 -0.0000e+00 -0.0000e+00 -0.0000e+00 -0.0000e+00 -0.0000e+00 -0.0000e+00 -0.0000e+00 -0.0000e+00 -0.0000e+00 -0.0000e+00 -0.0000e+00 -0.0000e+00 -0.0000e+00 -0.0000e+00 -0.0000e+00 -0.0000e+00 -0.0000e+00 -0.0000e+00 -0.0000e+00 -0.0000e+00 -1.3806e-08 -7.8172e-08 -2.1576e-07 -4.4392e-07 -7.7776e-07 -1.2312e-06 -1.8177e-06 -2.5504e-06 -3.4424e-06 -4.5070e-06 -5.7579e-06 -7.2088e-06 -8.8741e-06 0.0000e+00 -1.2905e-05 -1.5298e-05 -1.7961e-05 -2.0904e-05 -2.4136e-05 -2.7660e-05 -3.1473e-05 -3.5564e-05 -3.9907e-05 -4.4462e-05 -4.9168e-05 -5.3936e-05 -5.8647e-05 -6.3142e-05 -6.7226e-05 -7.0660e-05 -7.3170e-05 -7.4461e-05 -7.4236e-05 -7.2243e-05 -6.8317e-05 -6.2440e-05 -5.4802e-05 -4.5831e-05 -3.6182e-05 -2.6665e-05 -1.8099e-05 -1.1134e-05 -6.0879e-06 -2.8905e-06 -1.1586e-06 -3.7898e-07 -9.7078e-08 -1.8529e-08 -2.4808e-09 -2.1647e-10 -1.1255e-11 -3.1255e-13 -4.0530e-15 -2.0810e-17 -3.4518e-20 -1.4382e-23 -1.1013e-27 -1.0503e-32 -7.6662e-39 -2.3240e-46 -1.3530e-55 -5.6929e-67 -4.9849e-81 -1.8455e-98 -3.7118e-120 -2.8444e-147 -2.6024e-181 -3.0241e-224 -1.1029e-278 -0.0000e+00 -0.0000e+00 -0.0000e+00 -0.0000e+00 -0.0000e+00 -0.0000e+00 -0.0000e+00 -0.0000e+00 -0.0000e+00 -0.0000e+00 -0.0000e+00 -0.0000e+00 -0.0000e+00 -0.0000e+00 -0.0000e+00 -0.0000e+00 -0.0000e+00 -0.0000e+00 -0.0000e+00 -0.0000e+00 -0.0000e+00 -0.0000e+00 -0.0000e+00 -0.0000e+00 -0.0000e+00 -0.0000e+00 -0.0000e+00 -0.0000e+00 -0.0000e+00 -0.0000e+00 -0.0000e+00
-1.6545e-08 -9.3684e-08 -2.5858e-07 -5.3201e-07 -9.3209e-07 -1.4756e-06 -2.1784e-06 -3.0565e-06 -4.1255e-06 -5.4013e-06 -6.9004e-06 -8.6393e-06 -1.0635e-05 -1.2905e-05 6.5957e-05 -1.8334e-05 -2.1525e-05 -2.5053e-05 -2.8927e-05 -3.3151e-05 -3.7722e-05 -4.2626e-05 -4.7833e-05 -5.3296e-05 -5.8940e-05 -6.4661e-05 -7.0315e-05 -7.5715e-05 -8.0625e-05 -8.4759e-05 -8.7791e-05 -8.9365e-05 -8.9128e-05 -8.6773e-05 -8.2100e-05 -7.5086e-05 -6.5952e-05 -5.5208e-05 -4.3634e-05 -3.2201e-05 -2.1893e-05 -1.3494e-05 -7.3961e-06 -3.5217e-06 -1.4165e-06 -4.6520e-07 -1.1975e-07 -2.2991e-08 -3.0998e-09 -2.7275e-10 -1.4324e-11 -4.0251e-13 -5.2941e-15 -2.7645e-17 -4.6784e-20 -1.9962e-23 -1.5722e-27 -1.5501e-32 -1.1766e-38 -3.7345e-46 -2.2940e-55 -1.0273e-66 -9.6668e-81 -3.8873e-98 -8.5914e-120 -7.3258e-147 -7.5576e-181 -1.0042e-223 -4.2499e-278 -0.0000e+00 -0.0000e+00 -0.0000e+00 -0.0000e+00 -0.0000e+00 -0.0000e+00 -0.0000e+00 -0.0000e+00 -0.0000e+00 -0.0000e+00 -0.0000e+00 -0.0000e+00 -0.0000e+00 -0.0000e+00 -0.0000e+00 -0.0000e+00 -0.0000e+00 -0.0000e+00 -0.0000e+00 -0.0000e+00 -0.0000e+00 -0.0000e+00 -0.0000e+00 -0.0000e+00 -0.0000e+00 -0.0000e+00 -0.0000e+00 -0.0000e+00 -0.0000e+00 -0.0000e+00 -0.0000e+00 -1.6545e-08 -9.3684e-08 -2.5858e-07 -5.3201e-07 -9.3209e-07 -1.4756e-06 -2.1784e-06 -3.0565e-06 -4.1255e-06 -5.4013e-06 -6.9004e-06 -8.6393e-06 -1.0635e-05 -1.2905e-05 0.0000e+00 -1.8334e-05 -2.1525e-05 -2.5052e-05 -2.8926e-05 -3.3149e-05 -3.7719e-05 -4.2621e-05 -4.7827e-05 -5.3287e-05 -5.8927e-05 -6.4642e-05 -7.0289e-05 -7.5678e-05 -8.0575e-05 -8.4693e-05 -8.7705e-05 -8.9255e-05 -8.8991e-05 -8.6608e-05 -8.1906e-05 -7.4868e-05 -6.5718e-05 -5.4967e-05 -4.3402e-05 -3.1992e-05 -2.1721e-05 -1.3366e-05 -7.3108e-06 -3.4726e-06 -1.3927e-06 -4.5581e-07 -1.1685e-07 -2.2323e-08 -2.9918e-09 -2.6140e-10 -1.3612e-11 -3.7871e-13 -4.9218e-15 -2.5339e-17 -4.2167e-20 -1.7638e-23 -1.3570e-27 -1.3015e-32 -9.5656e-39 -2.9240e-46 -1.7196e-55 -7.3239e-67 -6.5084e-81 -2.4529e-98 -5.0407e-120 -3.9644e-147 -3.7423e-181 -4.5150e-224 -1.7223e-278 -0.0000e+00 -0.0000e+00 -0.0000e+00 -0.0000e+00 -0.0000e+00 -0.0000e+00 -0.0000e+00 -0.0000e+00 -0.0000e+00 -0.0000e+00 -0.0000e+00 -0.0000e+00 -0.0000e+00 -0.0000e+00 -0.0000e+00 -0.0000e+00 -0.0000e+00 -0.0000e+00 -0.0000e+00 -0.0000e+00 -0.0000e+00 -0.0000e+00 -0.0000e+00 -0.0000e+00 -0.0000e+00 -0.0000e+00 -0.0000e+00 -0.0000e+00 -0.0000e+00 -0.0000e+00 -0.0000e+00
-1.9614e-08 -1.1106e-07 -3.0654e-07 -6.3068e-07 -1.1050e-06 -1.7492e-06 -2.5824e-06 -3.6233e-06 -4.8906e-06 -6.4031e-06 -8.1802e-06 -1.0242e-05 -1.2607e-05 -1.5298e-05 -1.8334e-05 9.8655e-05 -2.5518e-05 -2.9700e-05 -3.4293e-05 -3.9301e-05 -4.4720e-05 -5.0535e-05 -5.6710e-05 -6.3189e-05 -6.9884e-05 -7.6671e-05 -8.3380e-05 -8.9790e-05 -9.5622e-05 -1.0054e-04 -1.0415e-04 -1.0604e-04 -1.0578e-04 -1.0301e-04 -9.7497e-05 -8.9204e-05 -7.8392e-05 -6.5659e-05 -5.1932e-05 -3.8357e-05 -2.6105e-05 -1.6111e-05 -8.8433e-06 -4.2183e-06 -1.7002e-06 -5.5982e-07 -1.4454e-07 -2.7851e-08 -3.7710e-09 -3.3350e-10 -1.7619e-11 -4.9864e-13 -6.6132e-15 -3.4872e-17 -5.9694e-20 -2.5812e-23 -2.0647e-27 -2.0722e-32 -1.6055e-38 -5.2158e-46 -3.2898e-55 -1.5177e-66 -1.4766e-80 -6.1624e-98 -1.4193e-119 -1.2670e-146 -1.3752e-180 -1.9339e-223 -8.7205e-278 -0.0000e+00 -0.0000e+00 -0.0000e+00 -0.0000e+00 -0.0000e+00 -0.0000e+00 -0.0000e+00 -0.0000e+00 -0.0000e+00 -0.0000e+00 -0.0000e+00 -0.0000e+00 -0.0000e+00 -0.0000e+00 -0.0000e+00 -0.0000e+00 -0.0000e+00 -0.0000e+00 -0.0000e+00 -0.0000e+00 -0.0000e+00 -0.0000e+00 -0.0000e+00 -0.0000e+00 -0.0000e+00 -0.0000e+00 -0.0000e+00 -0.0000e+00 -0.0000e+00 -0.0000e+00 -0.0000e+00 -1.9614e-08 -1.1106e-07 -3.0654e-07 -6.3068e-07 -1.1050e-06 -1.7492e-06 -2.5824e-06 -3.6233e-06 -4.8906e-06 -6.4031e-06 -8.1802e-06 -1.0242e-05 -1.2607e-05 -1.5298e-05 -1.8334e-05 0.0000e+00 -2.5517e-05 -2.9699e-05 -3.4291e-05 -3.9297e-05 -4.4715e-05 -5.0527e-05 -5.6699e-05 -6.3172e-05 -6.9860e-05 -7.6637e-05 -8.3333e-05 -8.9725e-05 -9.5533e-05 -1.0042e-04 -1.0400e-04 -1.0584e-04 -1.0554e-04 -1.0272e-04 -9.7154e-05 -8.8817e-05 -7.7975e-05 -6.5232e-05 -5.1520e-05 -3.7987e-05 -2.5800e-05 -1.5882e-05 -8.6918e-06 -4.1311e-06 -1.6580e-06 -5.4311e-07 -1.3937e-07 -2.6660e-08 -3.5785e-09 -3.1322e-10 -1.6347e-11 -4.5598e-13 -5.9448e-15 -3.0721e-17 -5.1357e-20 -2.1599e-23 -1.6728e-27 -1.6171e-32 -1.1999e-38 -3.7101e-46 -2.2122e-55 -9.5791e-67 -8.6831e-81 -3.3512e-98 -7.0852e-120 -5.7643e-147 -5.6645e-181 -7.1674e-224 -2.8922e-278 -0.0000e+00 -0.0000e+00 -0.0000e+00 -0.0000e+00 -0.0000e+00 -0.0000e+00 -0.0000e+00 -0.0000e+00 -0.0000e+00 -0.0000e+00 -0.0000e+00 -0.0000e+00 -0.0000e+00 -0.0000e+00 -0.0000e+00 -0.0000e+00 -0.0000e+00 -0.0000e+00 -0.0000e+00 -0.0000e+00 -0.0000e+00 -0.0000e+00 -0.0000e+00 -0.0000e+00 -0.0000e+00 -0.0000e+00 -0.0000e+00 -0.0000e+00 -0.0000e+00 -0.0000e+00 -0.0000e+00
