8.5626e-10 -1.9402e-09 -8.0359e-09 -2.2057e-08 -4.8340e-08 -9.1913e-08 -1.5848e-07 -2.5444e-07 -3.8692e-07 -5.6381e-07 -7.9382e-07 -1.0866e-06 -1.4527e-06 -1.9038e-06 -2.4529e-06 -3.1141e-06 -3.9029e-06 -4.8368e-06 -5.9344e-06 -7.2168e-06 -8.7066e-06 -1.0429e-05 -1.2410e-05 -1.4680e-05 -1.7269e-05 -2.0210e-05 -2.3534e-05 -2.7274e-05 -3.1458e-05 -3.6106e-05 -4.1229e-05 -4.6818e-05 -5.2835e-05 -5.9201e-05 -6.5779e-05 -7.2354e-05 -7.8614e-05 -8.4127e-05 -8.8339e-05 -9.0585e-05 -9.0148e-05 -8.6378e-05 -7.8882e-05 -6.7765e-05 -5.3856e-05 -3.8757e-05 -2.4569e-05 -1.3243e-05 -5.7993e-06 -1.9453e-06 -4.6325e-07 -7.0969e-08 -6.1532e-09 -2.5549e-10 -4.0835e-12 -1.8859e-14 -1.7249e-17 -1.8954e-21 -1.2879e-26 -2.2299e-33 -2.9948e-42 -6.2724e-54 -2.3255e-69 -7.8348e-90 -4.0625e-117 -1.1516e-153 -6.9001e-203 -1.4106e-269 0.0000e+00 0.0000e+00 0.0000e+00 0.0000e+00 0.0000e+00 0.0000e+00 0.0000e+00 0.0000e+00 0.0000e+00 0.0000e+00 0.0000e+00 0.0000e+00 0.0000e+00 0.0000e+00 0.0000e+00 0.0000e+00 0.0000e+00 0.0000e+00 0.0000e+00 0.0000e+00 0.0000e+00 0.0000e+00 0.0000e+00 0.0000e+00 0.0000e+00 0.0000e+00 0.0000e+00 0.0000e+00 0.0000e+00 0.0000e+00 0.0000e+00 0.0000e+00 0.0000e+00 1.9402e-09 8.0359e-09 2.2057e-08 4.8340e-08 9.1913e-08 1.5848e-07 2.5444e-07 3.8692e-07 5.6381e-07 7.9382e-07 1.0866e-06 1.4527e-06 1.9038e-06 2.4529e-06 3.1141e-06 3.9029e-06 4.8368e-06 5.9344e-06 7.2168e-06 8.7066e-06 1.0429e-05 1.2410e-05 1.4680e-05 1.7269e-05 2.0210e-05 2.3534e-05 2.7274e-05 3.1458e-05 3.6106e-05 4.1229e-05 4.6818e-05 5.2835e-05 5.9201e-05 6.5779e-05 7.2354e-05 7.8614e-05 8.4127e-05 8.8339e-05 9.0585e-05 9.0148e-05 8.6378e-05 7.8882e-05 6.7765e-05 5.3856e-05 3.8757e-05 2.4569e-05 1.3243e-05 5.7993e-06 1.9453e-06 4.6325e-07 7.0969e-08 6.1532e-09 2.5549e-10 4.0835e-12 1.8859e-14 1.7249e-17 1.8954e-21 1.2879e-26 2.2299e-33 2.9948e-42 6.2724e-54 2.3255e-69 7.8348e-90 4.0625e-117 1.1516e-153 6.9001e-203 1.4106e-269 0.0000e+00 0.0000e+00 0.0000e+00 0.0000e+00 0.0000e+00 0.0000e+00 0.0000e+00 0.0000e+00 0.0000e+00 0.0000e+00 0.0000e+00 0.0000e+00 0.0000e+00 0.0000e+00 0.0000e+00 0.0000e+00 0.0000e+00 0.0000e+00 0.0000e+00 0.0000e+00 0.0000e+00 0.0000e+00 0.0000e+00 0.0000e+00 0.0000e+00 0.0000e+00 0.0000e+00 0.0000e+00 0.0000e+00 0.0000e+00 0.0000e+00 0.0000e+00
-1.9402e-09 2.1963e-07 -9.1026e-08 -2.4985e-07 -5.4757e-07 -1.0411e-06 -1.7952e-06 -2.8822e-06 -4.3828e-06 -6.3865e-06 -8.9919e-06 -1.2308e-05 -1.6455e-05 -2.1566e-05 -2.7785e-05 -3.5274e-05 -4.4210e-05 -5.4788e-05 -6.7222e-05 -8.1748e-05 -9.8624e-05 -1.1813e-04 -1.4058e-04 -1.6629e-04 -1.9562e-04 -2.2893e-04 -2.6658e-04 -3.0895e-04 -3.5633e-04 -4.0899e-04 -4.6702e-04 -5.3033e-04 -5.9848e-04 -6.7059e-04 -7.4511e-04 -8.1959e-04 -8.9049e-04 -9.5294e-04 -1.0007e-03 -1.0261e-03 -1.0211e-03 -9.7844e-04 -8.9353e-04 -7.6761e-04 -6.1005e-04 -4.3902e-04 -2.7831e-04 -1.5001e-04 -6.5691e-05 -2.2035e-05 -5.2474e-06 -8.0389e-07 -6.9699e-08 -2.8941e-09 -4.6255e-11 -2.1363e-13 -1.9539e-16 -2.1470e-20 -1.4588e-25 -2.5259e-32 -3.3923e-41 -7.1050e-53 -2.6341e-68 -8.8748e-89 -4.6018e-116 -1.3044e-152 -7.8160e-202 -1.5979e-268 0.0000e+00 0.0000e+00 0.0000e+00 0.0000e+00 0.0000e+00 0.0000e+00 0.0000e+00 0.0000e+00 0.0000e+00 0.0000e+00 0.0000e+00 0.0000e+00 0.0000e+00 0.0000e+00 0.0000e+00 0.0000e+00 0.0000e+00 0.0000e+00 0.0000e+00 0.0000e+00 0.0000e+00 0.0000e+00 0.0000e+00 0.0000e+00 0.0000e+00 0.0000e+00 0.0000e+00 0.0000e+00 0.0000e+00 0.0000e+00 0.0000e+00 0.0000e+00 1.9402e-09 0.0000e+00 9.1026e-08 2.4985e-07 5.4757e-07 1.0411e-06 1.7952e-06 2.8822e-06 4.3828e-06 6.3865e-06 8.9919e-06 1.2308e-05 1.6455e-05 2.1566e-05 2.7785e-05 3.5274e-05 4.4210e-05 5.4788e-05 6.7222e-05 8.1748e-05 9.8624e-05 1.1813e-04 1.4058e-04 1.6629e-04 1.9562e-04 2.2893e-04 2.6658e-04 3.0895e-04 3.5633e-04 4.0899e-04 4.6702e-04 5.3033e-04 5.9848e-04 6.7059e-04 7.4511e-04 8.1959e-04 8.9049e-04 9.5294e-04 1.0007e-03 1.0261e-03 1.0211e-03 9.7844e-04 8.9353e-04 7.6761e-04 6.1005e-04 4.3902e-04 2.7831e-04 1.5001e-04 6.5691e-05 2.2035e-05 5.2474e-06 8.0389e-07 6.9699e-08 2.8941e-09 4.6255e-11 2.1363e-13 1.9539e-16 2.1470e-20 1.4588e-25 2.5259e-32 3.3923e-41 7.1050e-53 2.6341e-68 8.8748e-89 4.6018e-116 1.3044e-152 7.8160e-202 1.5979e-268 0.0000e+00 0.0000e+00 0.0000e+00 0.0000e+00 0.0000e+00 0.0000e+00 0.0000e+00 0.0000e+00 0.0000e+00 0.0000e+00 0.0000e+00 0.0000e+00 0.0000e+00 0.0000e+00 0.0000e+00 0.0000e+00 0.0000e+00 0.0000e+00 0.0000e+00 0.0000e+00 0.0000e+00 0.0000e+00 0.0000e+00 0.0000e+00 0.0000e+00 0.0000e+00 0.0000e+00 0.0000e+00 0.0000e+00 0.0000e+00 0.0000e+00 0.0000e+00
-8.0359e-09 -9.1026e-08 -2.9746e-03 -1.0348e-06 -2.2680e-06 -4.3122e-06 -7.4354e-06 -1.1938e-05 -1.8153e-05 -2.6452e-05 -3.7243e-05 -5.0979e-05 -6.8156e-05 -8.9322e-05 -1.1508e-04 -1.4610e-04 -1.8311e-04 -2.2692e-04 -2.7842e-04 -3.3859e-04 -4.0848e-04 -4.8928e-04 -5.8225e-04 -6.8875e-04 -8.1022e-04 -9.4818e-04 -1.1041e-03 -1.2796e-03 -1.4759e-03 -1.6940e-03 -1.9343e-03 -2.1965e-03 -2.4788e-03 -2.7775e-03 -3.0861e-03 -3.3946e-03 -3.6883e-03 -3.9470e-03 -4.1446e-03 -4.2499e-03 -4.2294e-03 -4.0526e-03 -3.7009e-03 -3.1793e-03 -2.5267e-03 -1.8183e-03 -1.1527e-03 -6.2133e-04 -2.7208e-04 -9.1266e-05 -2.1734e-05 -3.3296e-06 -2.8869e-07 -1.1987e-08 -1.9158e-10 -8.8481e-13 -8.0928e-16 -8.8925e-20 -6.0423e-25 -1.0462e-31 -1.4050e-40 -2.9428e-52 -1.0910e-67 -3.6758e-88 -1.9060e-115 -5.4028e-152 -3.2373e-201 -6.6181e-268 0.0000e+00 0.0000e+00 0.0000e+00 0.0000e+00 0.0000e+00 0.0000e+00 0.0000e+00 0.0000e+00 0.0000e+00 0.0000e+00 0.0000e+00 0.0000e+00 0.0000e+00 0.0000e+00 0.0000e+00 0.0000e+00 0.0000e+00 0.0000e+00 0.0000e+00 0.0000e+00 0.0000e+00 0.0000e+00 0.0000e+00 0.0000e+00 0.0000e+00 0.0000e+00 0.0000e+00 0.0000e+00 0.0000e+00 0.0000e+00 0.0000e+00 0.0000e+00 8.0359e-09 9.1026e-08 0.0000e+00 1.0348e-06 2.2680e-06 4.3122e-06 7.4354e-06 1.1938e-05 1.8153e-05 2.6452e-05 3.7243e-05 5.0979e-05 6.8156e-05 8.9322e-05 1.1508e-04 1.4610e-04 1.8311e-04 2.2692e-04 2.7842e-04 3.3859e-04 4.0848e-04 4.8928e-04 5.8225e-04 6.8875e-04 8.1022e-04 9.4818e-04 1.1041e-03 1.2796e-03 1.4759e-03 1.6940e-03 1.9343e-03 2.1965e-03 2.4788e-03 2.7775e-03 3.0861e-03 3.3946e-03 3.6883e-03 3.9470e-03 4.1446e-03 4.2499e-03 4.2294e-03 4.0526e-03 3.7009e-03 3.1793e-03 2.5267e-03 1.8183e-03 1.1527e-03 6.2133e-04 2.7208e-04 9.1266e-05 2.1734e-05 3.3296e-06 2.8869e-07 1.1987e-08 1.9158e-10 8.8481e-13 8.0928e-16 8.8925e-20 6.0423e-25 1.0462e-31 1.4050e-40 2.9428e-52 1.0910e-67 3.6758e-88 1.9060e-115 5.4028e-152 3.2373e-201 6.6181e-268 0.0000e+00 0.0000e+00 0.0000e+00 0.0000e+00 0.0000e+00 0.0000e+00 0.0000e+00 0.0000e+00 0.0000e+00 0.0000e+00 0.0000e+00 0.0000e+00 0.0000e+00 0.0000e+00 0.0000e+00 0.0000e+00 0.0000e+00 0.0000e+00 0.0000e+00 0.0000e+00 0.0000e+00 0.0000e+00 0.0000e+00 0.0000e+00 0.0000e+00 0.0000e+00 0.0000e+00 0.0000e+00 0.0000e+00 0.0000e+00 0.0000e+00 0.0000e+00
-2.2057e-08 -2.4985e-07 -1.0348e-06 5.6662e-05 -6.2251e-06 -1.1836e-05 -2.0409e-05 -3.2766e-05 -4.9827e-05 -7.2605e-05 -1.0223e-04 -1.3993e-04 -1.8707e-04 -2.4517e-04 -3.1588e-04 -4.0102e-04 -5.0261e-04 -6.2286e-04 -7.6422e-04 -9.2936e-04 -1.1212e-03 -1.3430e-03 -1.5982e-03 -1.8905e-03 -2.2239e-03 -2.6026e-03 -3.0307e-03 -3.5123e-03 -4.0510e-03 -4.6496e-03 -5.3094e-03 -6.0291e-03 -6.8039e-03 -7.6237e-03 -8.4708e-03 -9.3176e-03 -1.0124e-02 -1.0834e-02 -1.1376e-02 -1.1665e-02 -1.1609e-02 -1.1124e-02 -1.0158e-02 -8.7266e-03 -6.9354e-03 -4.9910e-03 -3.1640e-03 -1.7054e-03 -7.4681e-04 -2.5051e-04 -5.9656e-05 -9.1391e-06 -7.9239e-07 -3.2902e-08 -5.2586e-10 -2.4286e-12 -2.2213e-15 -2.4408e-19 -1.6585e-24 -2.8716e-31 -3.8566e-40 -8.0774e-52 -2.9947e-67 -1.0089e-87 -5.2316e-115 -1.4830e-151 -8.8857e-201 -1.8166e-267 0.0000e+00 0.0000e+00 0.0000e+00 0.0000e+00 0.0000e+00 0.0000e+00 0.0000e+00 0.0000e+00 0.0000e+00 0.0000e+00 0.0000e+00 0.0000e+00 0.0000e+00 0.0000e+00 0.0000e+00 0.0000e+00 0.0000e+00 0.0000e+00 0.0000e+00 0.0000e+00 0.0000e+00 0.0000e+00 0.0000e+00 0.0000e+00 0.0000e+00 0.0000e+00 0.0000e+00 0.0000e+00 0.0000e+00 0.0000e+00 0.0000e+00 0.0000e+00 2.2057e-08 2.4985e-07 1.0348e-06 0.0000e+00 6.2251e-06 1.1836e-05 2.0409e-05 3.2766e-05 4.9827e-05 7.2605e-05 1.0223e-04 1.3993e-04 1.8707e-04 2.4517e-04 3.1588e-04 4.0102e-04 5.0261e-04 6.2286e-04 7.6422e-04 9.2936e-04 1.1212e-03 1.3430e-03 1.5982e-03 1.8905e-03 2.2239e-03 2.6026e-03 3.0307e-03 3.5123e-03 4.0510e-03 4.6496e-03 5.3094e-03 6.0291e-03 6.8039e-03 7.6237e-03 8.4708e-03 9.3176e-03 1.0124e-02 1.0834e-02 1.1376e-02 1.1665e-02 1.1609e-02 1.1124e-02 1.0158e-02 8.7266e-03 6.9354e-03 4.9910e-03 3.1640e-03 1.7054e-03 7.4681e-04 2.5051e-04 5.9656e-05 9.1391e-06 7.9239e-07 3.2902e-08 5.2586e-10 2.4286e-12 2.2213e-15 2.4408e-19 1.6585e-24 2.8716e-31 3.8566e-40 8.0774e-52 2.9947e-67 1.0089e-87 5.2316e-115 1.4830e-151 8.8857e-201 1.8166e-267 0.0000e+00 0.0000e+00 0.0000e+00 0.0000e+00 0.0000e+00 0.0000e+00 0.0000e+00 0.0000e+00 0.0000e+00 0.0000e+00 0.0000e+00 0.0000e+00 0.0000e+00 0.0000e+00 0.0000e+00 0.0000e+00 0.0000e+00 0.0000e+00 0.0000e+00 0.0000e+00 0.0000e+00 0.0000e+00 0.0000e+00 0.0000e+00 0.0000e+00 0.0000e+00 0.0000e+00 0.0000e+00 0.0000e+00 0.0000e+00 0.0000e+00 0.0000e+00
-4.8340e-08 -5.4757e-07 -2.2680e-06 -6.2251e-06 3.3970e-04 -2.5941e-05 -4.4728e-05 -7.1811e-05 -1.0920e-04 -1.5912e-04 -2.2404e-04 -3.0667e-04 -4.0999e-04 -5.3732e-04 -6.9228e-04 -8.7888e-04 -1.1015e-03 -1.3651e-03 -1.6749e-03 -2.0368e-03 -2.4573e-03 -2.9433e-03 -3.5026e-03 -4.1432e-03 -4.8739e-03 -5.7038e-03 -6.6421e-03 -7.6976e-03 -8.8782e-03 -1.0190e-02 -1.1636e-02 -1.3213e-02 -1.4912e-02 -1.6708e-02 -1.8565e-02 -2.0421e-02 -2.2187e-02 -2.3743e-02 -2.4932e-02 -2.5566e-02 -2.5443e-02 -2.4379e-02 -2.2263e-02 -1.9125e-02 -1.5200e-02 -1.0938e-02 -6.9342e-03 -3.7377e-03 -1.6367e-03 -5.4902e-04 -1.3074e-04 -2.0029e-05 -1.7366e-06 -7.2108e-08 -1.1525e-09 -5.3226e-12 -4.8683e-15 -5.3494e-19 -3.6348e-24 -6.2934e-31 -8.4521e-40 -1.7703e-51 -6.5632e-67 -2.2112e-87 -1.1466e-114 -3.2501e-151 -1.9474e-200 -3.9812e-267 0.0000e+00 0.0000e+00 0.0000e+00 0.0000e+00 0.0000e+00 0.0000e+00 0.0000e+00 0.0000e+00 0.0000e+00 0.0000e+00 0.0000e+00 0.0000e+00 0.0000e+00 0.0000e+00 0.0000e+00 0.0000e+00 0.0000e+00 0.0000e+00 0.0000e+00 0.0000e+00 0.0000e+00 0.0000e+00 0.0000e+00 0.0000e+00 0.0000e+00 0.0000e+00 0.0000e+00 0.0000e+00 0.0000e+00 0.0000e+00 0.0000e+00 0.0000e+00 4.8340e-08 5.4757e-07 2.2680e-06 6.2251e-06 0.0000e+00 2.5941e-05 4.4728e-05 7.1811e-05 1.0920e-04 1.5912e-04 2.2404e-04 3.0667e-04 4.0999e-04 5.3732e-04 6.9228e-04 8.7888e-04 1.1015e-03 1.3651e-03 1.6749e-03 2.0368e-03 2.4573e-03 2.9433e-03 3.5026e-03 4.1432e-03 4.8739e-03 5.7038e-03 6.6421e-03 7.6976e-03 8.8782e-03 1.0190e-02 1.1636e-02 1.3213e-02 1.4912e-02 1.6708e-02 1.8565e-02 2.0421e-02 2.2187e-02 2.3743e-02 2.4932e-02 2.5566e-02 2.5443e-02 2.4379e-02 2.2263e-02 1.9125e-02 1.5200e-02 1.0938e-02 6.9342e-03 3.7377e-03 1.6367e-03 5.4902e-04 1.3074e-04 2.0029e-05 1.7366e-06 7.2108e-08 1.1525e-09 5.3226e-12 4.8683e-15 5.3493e-19 3.6348e-24 6.2934e-31 8.4521e-40 1.7703e-51 6.5631e-67 2.2112e-87 1.1466e-114 3.2501e-151 1.9474e-200 3.9812e-267 0.0000e+00 0.0000e+00 0.0000e+00 0.0000e+00 0.0000e+00 0.0000e+00 0.0000e+00 0.0000e+00 0.0000e+00 0.0000e+00 0.0000e+00 0.0000e+00 0.0000e+00 0.0000e+00 0.0000e+00 0.0000e+00 0.0000e+00 0.0000e+00 0.0000e+00 0.0000e+00 0.0000e+00 0.0000e+00 0.0000e+00 0.0000e+00 0.0000e+00 0.0000e+00 0.0000e+00 0.0000e+00 0.0000e+00 0.0000e+00 0.0000e+00 0.0000e+00
-9.1913e-08 -1.0411e-06 -4.3122e-06 -1.1836e-05 -2.5941e-05 1.4827e-03 -8.5044e-05 -1.3654e-04 -2.0763e-04 -3.0255e-04 -4.2598e-04 -5.8309e-04 -7.7955e-04 -1.0216e-03 -1.3163e-03 -1.6711e-03 -2.0944e-03 -2.5955e-03 -3.1846e-03 -3.8727e-03 -4.6722e-03 -5.5963e-03 -6.6597e-03 -7.8778e-03 -9.2672e-03 -1.0845e-02 -1.2629e-02 -1.4636e-02 -1.6881e-02 -1.9375e-02 -2.2124e-02 -2.5124e-02 -2.8352e-02 -3.1769e-02 -3.5299e-02 -3.8827e-02 -4.2186e-02 -4.5145e-02 -4.7405e-02 -4.8610e-02 -4.8376e-02 -4.6353e-02 -4.2330e-02 -3.6364e-02 -2.8900e-02 -2.0798e-02 -1.3184e-02 -7.1067e-03 -3.1120e-03 -1.0439e-03 -2.4859e-04 -3.8083e-05 -3.3019e-06 -1.3710e-07 -2.1913e-09 -1.0120e-11 -9.2564e-15 -1.0171e-18 -6.9111e-24 -1.1966e-30 -1.6071e-39 -3.3659e-51 -1.2479e-66 -4.2044e-87 -2.1801e-114 -6.1798e-151 -3.7029e-200 -7.5701e-267 0.0000e+00 0.0000e+00 0.0000e+00 0.0000e+00 0.0000e+00 0.0000e+00 0.0000e+00 0.0000e+00 0.0000e+00 0.0000e+00 0.0000e+00 0.0000e+00 0.0000e+00 0.0000e+00 0.0000e+00 0.0000e+00 0.0000e+00 0.0000e+00 0.0000e+00 0.0000e+00 0.0000e+00 0.0000e+00 0.0000e+00 0.0000e+00 0.0000e+00 0.0000e+00 0.0000e+00 0.0000e+00 0.0000e+00 0.0000e+00 0.0000e+00 0.0000e+00 9.1913e-08 1.0411e-06 4.3122e-06 1.1836e-05 2.5941e-05 0.0000e+00 8.5044e-05 1.3654e-04 2.0763e-04 3.0255e-04 4.2598e-04 5.8309e-04 7.7955e-04 1.0216e-03 1.3163e-03 1.6711e-03 2.0944e-03 2.5955e-03 3.1846e-03 3.8727e-03 4.6722e-03 5.5963e-03 6.6597e-03 7.8778e-03 9.2672e-03 1.0845e-02 1.2629e-02 1.4636e-02 1.6881e-02 1.9375e-02 2.2124e-02 2.5124e-02 2.8352e-02 3.1769e-02 3.5299e-02 3.8827e-02 4.2186e-02 4.5145e-02 4.7405e-02 4.8610e-02 4.8376e-02 4.6353e-02 4.2330e-02 3.6364e-02 2.8900e-02 2.0798e-02 1.3184e-02 7.1067e-03 3.1120e-03 1.0439e-03 2.4859e-04 3.8083e-05 3.3019e-06 1.3710e-07 2.1913e-09 1.0120e-11 9.2563e-15 1.0171e-18 6.9111e-24 1.1966e-30 1.6071e-39 3.3659e-51 1.2479e-66 4.2043e-87 2.1800e-114 6.1797e-151 3.7027e-200 7.5697e-267 0.0000e+00 0.0000e+00 0.0000e+00 0.0000e+00 0.0000e+00 0.0000e+00 0.0000e+00 0.0000e+00 0.0000e+00 0.0000e+00 0.0000e+00 0.0000e+00 0.0000e+00 0.0000e+00 0.0000e+00 0.0000e+00 0.0000e+00 0.0000e+00 0.0000e+00 0.0000e+00 0.0000e+00 0.0000e+00 0.0000e+00 0.0000e+00 0.0000e+00 0.0000e+00 0.0000e+00 0.0000e+00 0.0000e+00 0.0000e+00 0.0000e+00 0.0000e+00
-1.5848e-07 -1.7952e-06 -7.4354e-06 -2.0409e-05 -4.4728e-05 -8.5044e-05 5.1326e-03 -2.3543e-04 -3.5801e-04 -5.2167e-04 -7.3450e-04 -1.0054e-03 -1.3441e-03 -1.7616e-03 -2.2696e-03 -2.8814e-03 -3.6113e-03 -4.4753e-03 -5.4910e-03 -6.6775e-03 -8.0560e-03 -9.6495e-03 -1.1483e-02 -1.3583e-02 -1.5979e-02 -1.8700e-02 -2.1776e-02 -2.5236e-02 -2.9107e-02 -3.3408e-02 -3.8148e-02 -4.3319e-02 -4.8887e-02 -5.4777e-02 -6.0863e-02 -6.6947e-02 -7.2739e-02 -7.7841e-02 -8.1738e-02 -8.3816e-02 -8.3411e-02 -7.9923e-02 -7.2987e-02 -6.2701e-02 -4.9832e-02 -3.5861e-02 -2.2733e-02 -1.2254e-02 -5.3659e-03 -1.7999e-03 -4.2863e-04 -6.5665e-05 -5.6934e-06 -2.3640e-07 -3.7784e-09 -1.7450e-11 -1.5960e-14 -1.7538e-18 -1.1917e-23 -2.0633e-30 -2.7710e-39 -5.8038e-51 -2.1518e-66 -7.2497e-87 -3.7592e-114 -1.0656e-150 -6.3852e-200 -1.3054e-266 0.0000e+00 0.0000e+00 0.0000e+00 0.0000e+00 0.0000e+00 0.0000e+00 0.0000e+00 0.0000e+00 0.0000e+00 0.0000e+00 0.0000e+00 0.0000e+00 0.0000e+00 0.0000e+00 0.0000e+00 0.0000e+00 0.0000e+00 0.0000e+00 0.0000e+00 0.0000e+00 0.0000e+00 0.0000e+00 0.0000e+00 0.0000e+00 0.0000e+00 0.0000e+00 0.0000e+00 0.0000e+00 0.0000e+00 0.0000e+00 0.0000e+00 0.0000e+00 1.5848e-07 1.7952e-06 7.4354e-06 2.0409e-05 4.4728e-05 8.5044e-05 0.0000e+00 2.3543e-04 3.5801e-04 5.2167e-04 7.3450e-04 1.0054e-03 1.3441e-03 1.7616e-03 2.2696e-03 2.8814e-03 3.6113e-03 4.4753e-03 5.4910e-03 6.6775e-03 8.0560e-03 9.6495e-03 1.1483e-02 1.3583e-02 1.5979e-02 1.8700e-02 2.1776e-02 2.5236e-02 2.9107e-02 3.3408e-02 3.8148e-02 4.3319e-02 4.8887e-02 5.4777e-02 6.0863e-02 6.6947e-02 7.2739e-02 7.7841e-02 8.1738e-02 8.3816e-02 8.3411e-02 7.9923e-02 7.2987e-02 6.2701e-02 4.9832e-02 3.5861e-02 2.2733e-02 1.2254e-02 5.3659e-03 1.7999e-03 4.2863e-04 6.5665e-05 5.6933e-06 2.3640e-07 3.7783e-09 1.7450e-11 1.5960e-14 1.7537e-18 1.1916e-23 2.0633e-30 2.7710e-39 5.8037e-51 2.1517e-66 7.2493e-87 3.7589e-114 1.0655e-150 6.3844e-200 1.3052e-266 0.0000e+00 0.0000e+00 0.0000e+00 0.0000e+00 0.0000e+00 0.0000e+00 0.0000e+00 0.0000e+00 0.0000e+00 0.0000e+00 0.0000e+00 0.0000e+00 0.0000e+00 0.0000e+00 0.0000e+00 0.0000e+00 0.0000e+00 0.0000e+00 0.0000e+00 0.0000e+00 0.0000e+00 0.0000e+00 0.0000e+00 0.0000e+00 0.0000e+00 0.0000e+00 0.0000e+00 0.0000e+00 0.0000e+00 0.0000e+00 0.0000e+00 0.0000e+00
-2.5444e-07 -2.8822e-06 -1.1938e-05 -3.2766e-05 -7.1811e-05 -1.3654e-04 -2.3543e-04 1.5083e-02 -5.7478e-04 -8.3755e-04 -1.1792e-03 -1.6142e-03 -2.1580e-03 -2.8282e-03 -3.6439e-03 -4.6260e-03 -5.7980e-03 -7.1852e-03 -8.8158e-03 -1.0721e-02 -1.2934e-02 -1.5492e-02 -1.8436e-02 -2.1808e-02 -2.5654e-02 -3.0022e-02 -3.4961e-02 -4.0517e-02 -4.6731e-02 -5.3637e-02 -6.1247e-02 -6.9550e-02 -7.8488e-02 -8.7945e-02 -9.7717e-02 -1.0748e-01 -1.1678e-01 -1.2497e-01 -1.3123e-01 -1.3457e-01 -1.3392e-01 -1.2832e-01 -1.1718e-01 -1.0067e-01 -8.0005e-02 -5.7575e-02 -3.6499e-02 -1.9673e-02 -8.6150e-03 -2.8898e-03 -6.8818e-04 -1.0543e-04 -9.1408e-06 -3.7955e-07 -6.0663e-09 -2.8017e-11 -2.5625e-14 -2.8157e-18 -1.9133e-23 -3.3127e-30 -4.4491e-39 -9.3187e-51 -3.4549e-66 -1.1641e-86 -6.0362e-114 -1.7112e-150 -1.0254e-199 -2.0965e-266 0.0000e+00 0.0000e+00 0.0000e+00 0.0000e+00 0.0000e+00 0.0000e+00 0.0000e+00 0.0000e+00 0.0000e+00 0.0000e+00 0.0000e+00 0.0000e+00 0.0000e+00 0.0000e+00 0.0000e+00 0.0000e+00 0.0000e+00 0.0000e+00 0.0000e+00 0.0000e+00 0.0000e+00 0.0000e+00 0.0000e+00 0.0000e+00 0.0000e+00 0.0000e+00 0.0000e+00 0.0000e+00 0.0000e+00 0.0000e+00 0.0000e+00 0.0000e+00 2.5444e-07 2.8822e-06 1.1938e-05 3.2766e-05 7.1811e-05 1.3654e-04 2.3543e-04 0.0000e+00 5.7478e-04 8.3755e-04 1.1792e-03 1.6142e-03 2.1580e-03 2.8282e-03 3.6439e-03 4.6260e-03 5.7980e-03 7.1852e-03 8.8158e-03 1.0721e-02 1.2934e-02 1.5492e-02 1.8436e-02 2.1808e-02 2.5654e-02 3.0022e-02 3.4961e-02 4.0517e-02 4.6731e-02 5.3637e-02 6.1247e-02 6.9550e-02 7.8488e-02 8.7945e-02 9.7717e-02 1.0748e-01 1.1678e-01 1.2497e-01 1.3123e-01 1.3457e-01 1.3392e-01 1.2832e-01 1.1718e-01 1.0067e-01 8.0005e-02 5.7575e-02 3.6498e-02 1.9673e-02 8.6150e-03 2.8898e-03 6.8817e-04 1.0543e-04 9.1407e-06 3.7954e-07 6.0662e-09 2.8016e-11 2.5624e-14 2.8157e-18 1.9132e-23 3.3126e-30 4.4488e-39 9.3178e-51 3.4545e-66 1.1639e-86 6.0350e-114 1.7107e-150 1.0250e-199 2.0955e-266 0.0000e+00 0.0000e+00 0.0000e+00 0.0000e+00 0.0000e+00 0.0000e+00 0.0000e+00 0.0000e+00 0.0000e+00 0.0000e+00 0.0000e+00 0.0000e+00 0.0000e+00 0.0000e+00 0.0000e+00 0.0000e+00 0.0000e+00 0.0000e+00 0.0000e+00 0.0000e+00 0.0000e+00 0.0000e+00 0.0000e+00 0.0000e+00 0.0000e+00 0.0000e+00 0.0000e+00 0.0000e+00 0.0000e+00 0.0000e+00 0.0000e+00 0.0000e+00
-3.8692e-07 -4.3828e-06 -1.8153e-05 -4.9827e-05 -1.0920e-04 -2.0763e-04 -3.5801e-04 -5.7478e-04 3.9129e-02 -1.2736e-03 -1.7932e-03 -2.4546e-03 -3.2816e-03 -4.3008e-03 -5.5411e-03 -7.0346e-03 -8.8167e-03 -1.0926e-02 -1.3406e-02 -1.6303e-02 -1.9668e-02 -2.3559e-02 -2.8035e-02 -3.3163e-02 -3.9011e-02 -4.5654e-02 -5.3164e-02 -6.1612e-02 -7.1062e-02 -8.1563e-02 -9.3136e-02 -1.0576e-01 -1.1935e-01 -1.3373e-01 -1.4859e-01 -1.6345e-01 -1.7759e-01 -1.9004e-01 -1.9956e-01 -2.0463e-01 -2.0364e-01 -1.9513e-01 -1.7819e-01 -1.5308e-01 -1.2166e-01 -8.7552e-02 -5.5502e-02 -2.9917e-02 -1.3101e-02 -4.3944e-03 -1.0465e-03 -1.6032e-04 -1.3900e-05 -5.7717e-07 -9.2249e-09 -4.2605e-11 -3.8968e-14 -4.2820e-18 -2.9096e-23 -5.0380e-30 -6.7663e-39 -1.4172e-50 -5.2547e-66 -1.7706e-86 -9.1819e-114 -2.6032e-150 -1.5601e-199 -3.1904e-266 0.0000e+00 0.0000e+00 0.0000e+00 0.0000e+00 0.0000e+00 0.0000e+00 0.0000e+00 0.0000e+00 0.0000e+00 0.0000e+00 0.0000e+00 0.0000e+00 0.0000e+00 0.0000e+00 0.0000e+00 0.0000e+00 0.0000e+00 0.0000e+00 0.0000e+00 0.0000e+00 0.0000e+00 0.0000e+00 0.0000e+00 0.0000e+00 0.0000e+00 0.0000e+00 0.0000e+00 0.0000e+00 0.0000e+00 0.0000e+00 0.0000e+00 0.0000e+00 3.8692e-07 4.3828e-06 1.8153e-05 4.9827e-05 1.0920e-04 2.0763e-04 3.5801e-04 5.7478e-04 0.0000e+00 1.2736e-03 1.7932e-03 2.4546e-03 3.2816e-03 4.3008e-03 5.5411e-03 7.0346e-03 8.8167e-03 1.0926e-02 1.3406e-02 1.6303e-02 1.9668e-02 2.3559e-02 2.8035e-02 3.3163e-02 3.9011e-02 4.5654e-02 5.3164e-02 6.1612e-02 7.1062e-02 8.1563e-02 9.3136e-02 1.0576e-01 1.1935e-01 1.3373e-01 1.4859e-01 1.6345e-01 1.7759e-01 1.9004e-01 1.9956e-01 2.0463e-01 2.0364e-01 1.9513e-01 1.7819e-01 1.5308e-01 1.2166e-01 8.7551e-02 5.5502e-02 2.9917e-02 1.3100e-02 4.3944e-03 1.0465e-03 1.6032e-04 1.3900e-05 5.7716e-07 9.2246e-09 4.2603e-11 3.8966e-14 4.2817e-18 2.9093e-23 5.0373e-30 6.7652e-39 1.4169e-50 5.2532e-66 1.7699e-86 9.1772e-114 2.6014e-150 1.5587e-199 3.1866e-266 0.0000e+00 0.0000e+00 0.0000e+00 0.0000e+00 0.0000e+00 0.0000e+00 0.0000e+00 0.0000e+00 0.0000e+00 0.0000e+00 0.0000e+00 0.0000e+00 0.0000e+00 0.0000e+00 0.0000e+00 0.0000e+00 0.0000e+00 0.0000e+00 0.0000e+00 0.0000e+00 0.0000e+00 0.0000e+00 0.0000e+00 0.0000e+00 0.0000e+00 0.0000e+00 0.0000e+00 0.0000e+00 0.0000e+00 0.0000e+00 0.0000e+00 0.0000e+00
-5.6381e-07 -6.3865e-06 -2.6452e-05 -7.2605e-05 -1.5912e-04 -3.0255e-04 -5.2167e-04 -8.3755e-04 -1.2736e-03 9.2033e-02 -2.6130e-03 -3.5767e-03 -4.7819e-03 -6.2669e-03 -8.0743e-03 -1.0251e-02 -1.2847e-02 -1.5921e-02 -1.9535e-02 -2.3756e-02 -2.8660e-02 -3.4329e-02 -4.0851e-02 -4.8323e-02 -5.6846e-02 -6.6525e-02 -7.7468e-02 -8.9779e-02 -1.0355e-01 -1.1885e-01 -1.3571e-01 -1.5411e-01 -1.7392e-01 -1.9487e-01 -2.1653e-01 -2.3817e-01 -2.5878e-01 -2.7692e-01 -2.9079e-01 -2.9818e-01 -2.9674e-01 -2.8433e-01 -2.5966e-01 -2.2307e-01 -1.7728e-01 -1.2758e-01 -8.0876e-02 -4.3594e-02 -1.9090e-02 -6.4035e-03 -1.5249e-03 -2.3362e-04 -2.0256e-05 -8.4107e-07 -1.3443e-08 -6.2086e-11 -5.6788e-14 -6.2403e-18 -4.2404e-23 -7.3425e-30 -9.8620e-39 -2.0658e-50 -7.6601e-66 -2.5813e-86 -1.3389e-113 -3.7967e-150 -2.2761e-199 -4.6564e-266 0.0000e+00 0.0000e+00 0.0000e+00 0.0000e+00 0.0000e+00 0.0000e+00 0.0000e+00 0.0000e+00 0.0000e+00 0.0000e+00 0.0000e+00 0.0000e+00 0.0000e+00 0.0000e+00 0.0000e+00 0.0000e+00 0.0000e+00 0.0000e+00 0.0000e+00 0.0000e+00 0.0000e+00 0.0000e+00 0.0000e+00 0.0000e+00 0.0000e+00 0.0000e+00 0.0000e+00 0.0000e+00 0.0000e+00 0.0000e+00 0.0000e+00 0.0000e+00 5.6381e-07 6.3865e-06 2.6452e-05 7.2605e-05 1.5912e-04 3.0255e-04 5.2167e-04 8.3755e-04 1.2736e-03 0.0000e+00 2.6130e-03 3.5767e-03 4.7819e-03 6.2669e-03 8.0743e-03 1.0251e-02 1.2847e-02 1.5921e-02 1.9535e-02 2.3756e-02 2.8660e-02 3.4329e-02 4.0851e-02 4.8323e-02 5.6846e-02 6.6525e-02 7.7468e-02 8.9779e-02 1.0355e-01 1.1885e-01 1.3571e-01 1.5411e-01 1.7392e-01 1.9487e-01 2.1653e-01 2.3817e-01 2.5878e-01 2.7692e-01 2.9079e-01 2.9818e-01 2.9674e-01 2.8433e-01 2.5966e-01 2.2306e-01 1.7728e-01 1.2758e-01 8.0875e-02 4.3593e-02 1.9090e-02 6.4034e-03 1.5249e-03 2.3361e-04 2.0255e-05 8.4101e-07 1.3442e-08 6.2079e-11 5.6780e-14 6.2391e-18 4.2394e-23 7.3402e-30 9.8579e-39 2.0647e-50 7.6548e-66 2.5790e-86 1.3373e-113 3.7907e-150 2.2713e-199 4.6434e-266 0.0000e+00 0.0000e+00 0.0000e+00 0.0000e+00 0.0000e+00 0.0000e+00 0.0000e+00 0.0000e+00 0.0000e+00 0.0000e+00 0.0000e+00 0.0000e+00 0.0000e+00 0.0000e+00 0.0000e+00 0.0000e+00 0.0000e+00 0.0000e+00 0.0000e+00 0.0000e+00 0.0000e+00 0.0000e+00 0.0000e+00 0.0000e+00 0.0000e+00 0.0000e+00 0.0000e+00 0.0000e+00 0.0000e+00 0.0000e+00 0.0000e+00 0.0000e+00
-7.9382e-07 -8.9919e-06 -3.7243e-05 -1.0223e-04 -2.2404e-04 -4.2598e-04 -7.3450e-04 -1.1792e-03 -1.7932e-03 -2.6130e-03 2.0000e-01 -5.0359e-03 -6.7327e-03 -8.8236e-03 -1.1368e-02 -1.4433e-02 -1.8089e-02 -2.2417e-02 -2.7504e-02 -3.3447e-02 -4.0352e-02 -4.8334e-02 -5.7517e-02 -6.8038e-02 -8.0037e-02 -9.3665e-02 -1.0907e-01 -1.2641e-01 -1.4579e-01 -1.6734e-01 -1.9108e-01 -2.1698e-01 -2.4487e-01 -2.7437e-01 -3.0486e-01 -3.3534e-01 -3.6435e-01 -3.8990e-01 -4.0942e-01 -4.1983e-01 -4.1781e-01 -4.0033e-01 -3.6559e-01 -3.1407e-01 -2.4961e-01 -1.7963e-01 -1.1387e-01 -6.1380e-02 -2.6879e-02 -9.0162e-03 -2.1471e-03 -3.2894e-04 -2.8521e-05 -1.1843e-06 -1.8929e-08 -8.7427e-11 -7.9969e-14 -8.7880e-18 -5.9720e-23 -1.0342e-29 -1.3892e-38 -2.9104e-50 -1.0794e-65 -3.6383e-86 -1.8877e-113 -5.3555e-150 -3.2125e-199 -6.5776e-266 0.0000e+00 0.0000e+00 0.0000e+00 0.0000e+00 0.0000e+00 0.0000e+00 0.0000e+00 0.0000e+00 0.0000e+00 0.0000e+00 0.0000e+00 0.0000e+00 0.0000e+00 0.0000e+00 0.0000e+00 0.0000e+00 0.0000e+00 0.0000e+00 0.0000e+00 0.0000e+00 0.0000e+00 0.0000e+00 0.0000e+00 0.0000e+00 0.0000e+00 0.0000e+00 0.0000e+00 0.0000e+00 0.0000e+00 0.0000e+00 0.0000e+00 0.0000e+00 7.9382e-07 8.9919e-06 3.7243e-05 1.0223e-04 2.2404e-04 4.2598e-04 7.3450e-04 1.1792e-03 1.7932e-03 2.6130e-03 0.0000e+00 5.0359e-03 6.7327e-03 8.8236e-03 1.1368e-02 1.4433e-02 1.8089e-02 2.2417e-02 2.7504e-02 3.3447e-02 4.0352e-02 4.8334e-02 5.7517e-02 6.8038e-02 8.0037e-02 9.3665e-02 1.0907e-01 1.2641e-01 1.4579e-01 1.6734e-01 1.9108e-01 2.1698e-01 2.4487e-01 2.7437e-01 3.0486e-01 3.3534e-01 3.6435e-01 3.8990e-01 4.0942e-01 4.1983e-01 4.1780e-01 4.0033e-01 3.6559e-01 3.1407e-01 2.4960e-01 1.7962e-01 1.1387e-01 6.1378e-02 2.6877e-02 9.0157e-03 2.1470e-03 3.2891e-04 2.8518e-05 1.1841e-06 1.8926e-08 8.7406e-11 7.9944e-14 8.7844e-18 5.9689e-23 1.0335e-29 1.3880e-38 2.9070e-50 1.0778e-65 3.6311e-86 1.8828e-113 5.3372e-150 3.1979e-199 6.5377e-266 0.0000e+00 0.0000e+00 0.0000e+00 0.0000e+00 0.0000e+00 0.0000e+00 0.0000e+00 0.0000e+00 0.0000e+00 0.0000e+00 0.0000e+00 0.0000e+00 0.0000e+00 0.0000e+00 0.0000e+00 0.0000e+00 0.0000e+00 0.0000e+00 0.0000e+00 0.0000e+00 0.0000e+00 0.0000e+00 0.0000e+00 0.0000e+00 0.0000e+00 0.0000e+00 0.0000e+00 0.0000e+00 0.0000e+00 0.0000e+00 0.0000e+00 0.0000e+00
-1.0866e-06 -1.2308e-05 -5.0979e-05 -1.3993e-04 -3.0667e-04 -5.8309e-04 -1.0054e-03 -1.6142e-03 -2.4546e-03 -3.5767e-03 -5.0359e-03 4.0728e-01 -9.2157e-03 -1.2078e-02 -1.5561e-02 -1.9755e-02 -2.4760e-02 -3.0684e-02 -3.7647e-02 -4.5783e-02 -5.5234e-02 -6.6159e-02 -7.8730e-02 -9.3130e-02 -1.0956e-01 -1.2821e-01 -1.4930e-01 -1.7302e-01 -1.9956e-01 -2.2905e-01 -2.6155e-01 -2.9701e-01 -3.3518e-01 -3.7557e-01 -4.1730e-01 -4.5901e-01 -4.9872e-01 -5.3370e-01 -5.6042e-01 -5.7467e-01 -5.7190e-01 -5.4798e-01 -5.0043e-01 -4.2991e-01 -3.4167e-01 -2.4588e-01 -1.5587e-01 -8.4020e-02 -3.6793e-02 -1.2342e-02 -2.9392e-03 -4.5030e-04 -3.9044e-05 -1.6213e-06 -2.5915e-08 -1.1970e-10 -1.0950e-13 -1.2034e-17 -8.1790e-23 -1.4166e-29 -1.9033e-38 -3.9885e-50 -1.4798e-65 -4.9903e-86 -2.5909e-113 -7.3567e-150 -4.4181e-199 -9.0600e-266 0.0000e+00 0.0000e+00 0.0000e+00 0.0000e+00 0.0000e+00 0.0000e+00 0.0000e+00 0.0000e+00 0.0000e+00 0.0000e+00 0.0000e+00 0.0000e+00 0.0000e+00 0.0000e+00 0.0000e+00 0.0000e+00 0.0000e+00 0.0000e+00 0.0000e+00 0.0000e+00 0.0000e+00 0.0000e+00 0.0000e+00 0.0000e+00 0.0000e+00 0.0000e+00 0.0000e+00 0.0000e+00 0.0000e+00 0.0000e+00 0.0000e+00 0.0000e+00 1.0866e-06 1.2308e-05 5.0979e-05 1.3993e-04 3.0667e-04 5.8309e-04 1.0054e-03 1.6142e-03 2.4546e-03 3.5767e-03 5.0359e-03 0.0000e+00 9.2157e-03 1.2078e-02 1.5561e-02 1.9755e-02 2.4760e-02 3.0684e-02 3.7647e-02 4.5783e-02 5.5234e-02 6.6159e-02 7.8730e-02 9.3130e-02 1.0956e-01 1.2821e-01 1.4930e-01 1.7302e-01 1.9956e-01 2.2905e-01 2.6155e-01 2.9701e-01 3.3518e-01 3.7556e-01 4.1729e-01 4.5901e-01 4.9872e-01 5.3369e-01 5.6041e-01 5.7466e-01 5.7189e-01 5.4797e-01 5.0042e-01 4.2990e-01 3.4166e-01 2.4587e-01 1.5586e-01 8.4014e-02 3.6790e-02 1.2341e-02 2.9388e-03 4.5022e-04 3.9035e-05 1.6208e-06 2.5905e-08 1.1964e-10 1.0943e-13 1.2024e-17 8.1702e-23 1.4146e-29 1.8998e-38 3.9791e-50 1.4752e-65 4.9703e-86 2.5772e-113 7.3055e-150 4.3773e-199 8.9488e-266 0.0000e+00 0.0000e+00 0.0000e+00 0.0000e+00 0.0000e+00 0.0000e+00 0.0000e+00 0.0000e+00 0.0000e+00 0.0000e+00 0.0000e+00 0.0000e+00 0.0000e+00 0.0000e+00 0.0000e+00 0.0000e+00 0.0000e+00 0.0000e+00 0.0000e+00 0.0000e+00 0.0000e+00 0.0000e+00 0.0000e+00 0.0000e+00 0.0000e+00 0.0000e+00 0.0000e+00 0.0000e+00 0.0000e+00 0.0000e+00 0.0000e+00 0.0000e+00
-1.4527e-06 -1.6455e-05 -6.8156e-05 -1.8707e-04 -4.0999e-04 -7.7955e-04 -1.3441e-03 -2.1580e-03 -3.2816e-03 -4.7819e-03 -6.7327e-03 -9.2157e-03 7.8544e-01 -1.6147e-02 -2.0804e-02 -2.6412e-02 -3.3102e-02 -4.1022e-02 -5.0332e-02 -6.1209e-02 -7.3844e-02 -8.8451e-02 -1.0526e-01 -1.2451e-01 -1.4647e-01 -1.7141e-01 -1.9960e-01 -2.3132e-01 -2.6680e-01 -3.0623e-01 -3.4968e-01 -3.9708e-01 -4.4812e-01 -5.0211e-01 -5.5790e-01 -6.1367e-01 -6.6676e-01 -7.1352e-01 -7.4925e-01 -7.6830e-01 -7.6460e-01 -7.3263e-01 -6.6905e-01 -5.7477e-01 -4.5680e-01 -3.2874e-01 -2.0840e-01 -1.1234e-01 -4.9194e-02 -1.6502e-02 -3.9301e-03 -6.0213e-04 -5.2211e-05 -2.1682e-06 -3.4660e-08 -1.6011e-10 -1.4648e-13 -1.6101e-17 -1.0946e-22 -1.8963e-29 -2.5488e-38 -5.3440e-50 -1.9840e-65 -6.6967e-86 -3.4809e-113 -9.8992e-150 -5.9574e-199 -1.2251e-265 0.0000e+00 0.0000e+00 0.0000e+00 0.0000e+00 0.0000e+00 0.0000e+00 0.0000e+00 0.0000e+00 0.0000e+00 0.0000e+00 0.0000e+00 0.0000e+00 0.0000e+00 0.0000e+00 0.0000e+00 0.0000e+00 0.0000e+00 0.0000e+00 0.0000e+00 0.0000e+00 0.0000e+00 0.0000e+00 0.0000e+00 0.0000e+00 0.0000e+00 0.0000e+00 0.0000e+00 0.0000e+00 0.0000e+00 0.0000e+00 0.0000e+00 0.0000e+00 1.4527e-06 1.6455e-05 6.8156e-05 1.8707e-04 4.0999e-04 7.7955e-04 1.3441e-03 2.1580e-03 3.2816e-03 4.7819e-03 6.7327e-03 9.2157e-03 0.0000e+00 1.6147e-02 2.0804e-02 2.6412e-02 3.3102e-02 4.1022e-02 5.0332e-02 6.1209e-02 7.3844e-02 8.8451e-02 1.0526e-01 1.2451e-01 1.4647e-01 1.7141e-01 1.9960e-01 2.3132e-01 2.6680e-01 3.0623e-01 3.4968e-01 3.9708e-01 4.4811e-01 5.0211e-01 5.5790e-01 6.1367e-01 6.6676e-01 7.1352e-01 7.4924e-01 7.6829e-01 7.6458e-01 7.3261e-01 6.6903e-01 5.7474e-01 4.5678e-01 3.2871e-01 2.0838e-01 1.1232e-01 4.9186e-02 1.6499e-02 3.9290e-03 6.0191e-04 5.2187e-05 2.1669e-06 3.4634e-08 1.5995e-10 1.4630e-13 1.6076e-17 1.0923e-22 1.8913e-29 2.5400e-38 5.3199e-50 1.9723e-65 6.6450e-86 3.4456e-113 9.7670e-150 5.8522e-199 1.1964e-265 0.0000e+00 0.0000e+00 0.0000e+00 0.0000e+00 0.0000e+00 0.0000e+00 0.0000e+00 0.0000e+00 0.0000e+00 0.0000e+00 0.0000e+00 0.0000e+00 0.0000e+00 0.0000e+00 0.0000e+00 0.0000e+00 0.0000e+00 0.0000e+00 0.0000e+00 0.0000e+00 0.0000e+00 0.0000e+00 0.0000e+00 0.0000e+00 0.0000e+00 0.0000e+00 0.0000e+00 0.0000e+00 0.0000e+00 0.0000e+00 0.0000e+00 0.0000e+00
-1.9038e-06 -2.1566e-05 -8.9322e-05 -2.4517e-04 -5.3732e-04 -1.0216e-03 -1.7616e-03 -2.8282e-03 -4.3008e-03 -6.2669e-03 -8.8236e-03 -1.2078e-02 -1.6147e-02 1.4465e+00 -2.7265e-02 -3.4614e-02 -4.3383e-02 -5.3762e-02 -6.5964e-02 -8.0218e-02 -9.6778e-02 -1.1592e-01 -1.3795e-01 -1.6318e-01 -1.9196e-01 -2.2464e-01 -2.6159e-01 -3.0316e-01 -3.4966e-01 -4.0133e-01 -4.5828e-01 -5.2040e-01 -5.8728e-01 -6.5805e-01 -7.3117e-01 -8.0426e-01 -8.7384e-01 -9.3512e-01 -9.8195e-01 -1.0069e+00 -1.0021e+00 -9.6018e-01 -8.7686e-01 -7.5330e-01 -5.9870e-01 -4.3086e-01 -2.7315e-01 -1.4724e-01 -6.4481e-02 -2.1631e-02 -5.1518e-03 -7.8936e-04 -6.8452e-05 -2.8430e-06 -4.5452e-08 -2.1000e-10 -1.9217e-13 -2.1130e-17 -1.4370e-22 -2.4909e-29 -3.3502e-38 -7.0303e-50 -2.6131e-65 -8.8335e-86 -4.6009e-113 -1.3120e-149 -7.9242e-199 -1.6375e-265 0.0000e+00 0.0000e+00 0.0000e+00 0.0000e+00 0.0000e+00 0.0000e+00 0.0000e+00 0.0000e+00 0.0000e+00 0.0000e+00 0.0000e+00 0.0000e+00 0.0000e+00 0.0000e+00 0.0000e+00 0.0000e+00 0.0000e+00 0.0000e+00 0.0000e+00 0.0000e+00 0.0000e+00 0.0000e+00 0.0000e+00 0.0000e+00 0.0000e+00 0.0000e+00 0.0000e+00 0.0000e+00 0.0000e+00 0.0000e+00 0.0000e+00 0.0000e+00 1.9038e-06 2.1566e-05 8.9322e-05 2.4517e-04 5.3732e-04 1.0216e-03 1.7616e-03 2.8282e-03 4.3008e-03 6.2669e-03 8.8236e-03 1.2078e-02 1.6147e-02 0.0000e+00 2.7265e-02 3.4614e-02 4.3383e-02 5.3762e-02 6.5964e-02 8.0218e-02 9.6778e-02 1.1592e-01 1.3795e-01 1.6318e-01 1.9196e-01 2.2464e-01 2.6159e-01 3.0316e-01 3.4966e-01 4.0133e-01 4.5828e-01 5.2040e-01 5.8728e-01 6.5804e-01 7.3116e-01 8.0425e-01 8.7382e-01 9.3511e-01 9.8192e-01 1.0069e+00 1.0020e+00 9.6013e-01 8.7680e-01 7.5324e-01 5.9863e-01 4.3080e-01 2.7310e-01 1.4720e-01 6.4461e-02 2.1623e-02 5.1492e-03 7.8884e-04 6.8395e-05 2.8399e-06 4.5390e-08 2.0963e-10 1.9173e-13 2.1068e-17 1.4315e-22 2.4786e-29 3.3288e-38 6.9720e-50 2.5848e-65 8.7086e-86 4.5156e-113 1.2800e-149 7.6696e-199 1.5679e-265 0.0000e+00 0.0000e+00 0.0000e+00 0.0000e+00 0.0000e+00 0.0000e+00 0.0000e+00 0.0000e+00 0.0000e+00 0.0000e+00 0.0000e+00 0.0000e+00 0.0000e+00 0.0000e+00 0.0000e+00 0.0000e+00 0.0000e+00 0.0000e+00 0.0000e+00 0.0000e+00 0.0000e+00 0.0000e+00 0.0000e+00 0.0000e+00 0.0000e+00 0.0000e+00 0.0000e+00 0.0000e+00 0.0000e+00 0.0000e+00 0.0000e+00 0.0000e+00
-2.4529e-06 -2.7785e-05 -1.1508e-04 -3.1588e-04 -6.9228e-04 -1.3163e-03 -2.2696e-03 -3.6439e-03 -5.5411e-03 -8.0743e-03 -1.1368e-02 -1.5561e-02 -2.0804e-02 -2.7265e-02 2.5606e+00 -4.4597e-02 -5.5894e-02 -6.9267e-02 -8.4987e-02 -1.0335e-01 -1.2469e-01 -1.4935e-01 -1.7773e-01 -2.1024e-01 -2.4732e-01 -2.8943e-01 -3.3704e-01 -3.9059e-01 -4.5050e-01 -5.1708e-01 -5.9045e-01 -6.7049e-01 -7.5666e-01 -8.4783e-01 -9.4204e-01 -1.0362e+00 -1.1259e+00 -1.2048e+00 -1.2652e+00 -1.2973e+00 -1.2911e+00 -1.2371e+00 -1.1298e+00 -9.7062e-01 -7.7143e-01 -5.5518e-01 -3.5197e-01 -1.8974e-01 -8.3097e-02 -2.7878e-02 -6.6402e-03 -1.0175e-03 -8.8250e-05 -3.6659e-06 -5.8623e-08 -2.7093e-10 -2.4803e-13 -2.7286e-17 -1.8569e-22 -3.2214e-29 -4.3376e-38 -9.1159e-50 -3.3948e-65 -1.1505e-85 -6.0128e-113 -1.7223e-149 -1.0464e-198 -2.1796e-265 0.0000e+00 0.0000e+00 0.0000e+00 0.0000e+00 0.0000e+00 0.0000e+00 0.0000e+00 0.0000e+00 0.0000e+00 0.0000e+00 0.0000e+00 0.0000e+00 0.0000e+00 0.0000e+00 0.0000e+00 0.0000e+00 0.0000e+00 0.0000e+00 0.0000e+00 0.0000e+00 0.0000e+00 0.0000e+00 0.0000e+00 0.0000e+00 0.0000e+00 0.0000e+00 0.0000e+00 0.0000e+00 0.0000e+00 0.0000e+00 0.0000e+00 0.0000e+00 2.4529e-06 2.7785e-05 1.1508e-04 3.1588e-04 6.9228e-04 1.3163e-03 2.2696e-03 3.6439e-03 5.5411e-03 8.0743e-03 1.1368e-02 1.5561e-02 2.0804e-02 2.7265e-02 0.0000e+00 4.4597e-02 5.5894e-02 6.9267e-02 8.4987e-02 1.0335e-01 1.2469e-01 1.4935e-01 1.7773e-01 2.1024e-01 2.4732e-01 2.8943e-01 3.3704e-01 3.9059e-01 4.5050e-01 5.1707e-01 5.9044e-01 6.7048e-01 7.5665e-01 8.4782e-01 9.4202e-01 1.0362e+00 1.1258e+00 1.2048e+00 1.2651e+00 1.2973e+00 1.2910e+00 1.2370e+00 1.1297e+00 9.7047e-01 7.7128e-01 5.5504e-01 3.5186e-01 1.8966e-01 8.3051e-02 2.7859e-02 6.6342e-03 1.0163e-03 8.8120e-05 3.6589e-06 5.8480e-08 2.7008e-10 2.4703e-13 2.7144e-17 1.8444e-22 3.1934e-29 4.2888e-38 8.9827e-50 3.3303e-65 1.1220e-85 5.8179e-113 1.6492e-149 9.8812e-199 2.0200e-265 0.0000e+00 0.0000e+00 0.0000e+00 0.0000e+00 0.0000e+00 0.0000e+00 0.0000e+00 0.0000e+00 0.0000e+00 0.0000e+00 0.0000e+00 0.0000e+00 0.0000e+00 0.0000e+00 0.0000e+00 0.0000e+00 0.0000e+00 0.0000e+00 0.0000e+00 0.0000e+00 0.0000e+00 0.0000e+00 0.0000e+00 0.0000e+00 0.0000e+00 0.0000e+00 0.0000e+00 0.0000e+00 0.0000e+00 0.0000e+00 0.0000e+00 0.0000e+00
-3.1141e-06 -3.5274e-05 -1.4610e-04 -4.0102e-04 -8.7888e-04 -1.6711e-03 -2.8814e-03 -4.6260e-03 -7.0346e-03 -1.0251e-02 -1.4433e-02 -1.9755e-02 -2.6412e-02 -3.4614e-02 -4.4597e-02 4.3802e+00 -7.0960e-02 -8.7938e-02 -1.0789e-01 -1.3121e-01 -1.5830e-01 -1.8961e-01 -2.2563e-01 -2.6690e-01 -3.1398e-01 -3.6744e-01 -4.2788e-01 -4.9588e-01 -5.7193e-01 -6.5645e-01 -7.4960e-01 -8.5121e-01 -9.6061e-01 -1.0764e+00 -1.1960e+00 -1.3155e+00 -1.4293e+00 -1.5296e+00 -1.6062e+00 -1.6471e+00 -1.6392e+00 -1.5707e+00 -1.4345e+00 -1.2324e+00 -9.7950e-01 -7.0495e-01 -4.4695e-01 -2.4095e-01 -1.0554e-01 -3.5410e-02 -8.4354e-03 -1.2928e-03 -1.1215e-04 -4.6603e-06 -7.4553e-08 -3.4473e-10 -3.1578e-13 -3.4768e-17 -2.3686e-22 -4.1150e-29 -5.5509e-38 -1.1694e-49 -4.3684e-65 -1.4866e-85 -7.8109e-113 -2.2533e-149 -1.3819e-198 -2.9139e-265 0.0000e+00 0.0000e+00 0.0000e+00 0.0000e+00 0.0000e+00 0.0000e+00 0.0000e+00 0.0000e+00 0.0000e+00 0.0000e+00 0.0000e+00 0.0000e+00 0.0000e+00 0.0000e+00 0.0000e+00 0.0000e+00 0.0000e+00 0.0000e+00 0.0000e+00 0.0000e+00 0.0000e+00 0.0000e+00 0.0000e+00 0.0000e+00 0.0000e+00 0.0000e+00 0.0000e+00 0.0000e+00 0.0000e+00 0.0000e+00 0.0000e+00 0.0000e+00 3.1141e-06 3.5274e-05 1.4610e-04 4.0102e-04 8.7888e-04 1.6711e-03 2.8814e-03 4.6260e-03 7.0346e-03 1.0251e-02 1.4433e-02 1.9755e-02 2.6412e-02 3.4614e-02 4.4597e-02 0.0000e+00 7.0960e-02 8.7938e-02 1.0789e-01 1.3121e-01 1.5830e-01 1.8961e-01 2.2563e-01 2.6690e-01 3.1398e-01 3.6744e-01 4.2788e-01 4.9587e-01 5.7193e-01 6.5645e-01 7.4959e-01 8.5120e-01 9.6060e-01 1.0763e+00 1.1959e+00 1.3155e+00 1.4293e+00 1.5295e+00 1.6061e+00 1.6469e+00 1.6390e+00 1.5705e+00 1.4342e+00 1.2320e+00 9.7916e-01 7.0464e-01 4.4670e-01 2.4078e-01 1.0544e-01 3.5368e-02 8.4224e-03 1.2903e-03 1.1187e-04 4.6451e-06 7.4242e-08 3.4288e-10 3.1361e-13 3.4460e-17 2.3415e-22 4.0542e-29 5.4448e-38 1.1404e-49 4.2279e-65 1.4244e-85 7.3859e-113 2.0936e-149 1.2544e-198 2.5642e-265 0.0000e+00 0.0000e+00 0.0000e+00 0.0000e+00 0.0000e+00 0.0000e+00 0.0000e+00 0.0000e+00 0.0000e+00 0.0000e+00 0.0000e+00 0.0000e+00 0.0000e+00 0.0000e+00 0.0000e+00 0.0000e+00 0.0000e+00 0.0000e+00 0.0000e+00 0.0000e+00 0.0000e+00 0.0000e+00 0.0000e+00 0.0000e+00 0.0000e+00 0.0000e+00 0.0000e+00 0.0000e+00 0.0000e+00 0.0000e+00 0.0000e+00 0.0000e+00
-3.9029e-06 -4.4210e-05 -1.8311e-04 -5.0261e-04 -1.1015e-03 -2.0944e-03 -3.6113e-03 -5.7980e-03 -8.8167e-03 -1.2847e-02 -1.8089e-02 -2.4760e-02 -3.3102e-02 -4.3383e-02 -5.5894e-02 -7.0960e-02 7.2722e+00 -1.1021e-01 -1.3523e-01 -1.6445e-01 -1.9840e-01 -2.3764e-01 -2.8279e-01 -3.3452e-01 -3.9352e-01 -4.6052e-01 -5.3628e-01 -6.2150e-01 -7.1682e-01 -8.2275e-01 -9.3949e-01 -1.0669e+00 -1.2040e+00 -1.3490e+00 -1.4990e+00 -1.6488e+00 -1.7915e+00 -1.9172e+00 -2.0132e+00 -2.0645e+00 -2.0546e+00 -1.9688e+00 -1.7981e+00 -1.5448e+00 -1.2279e+00 -8.8380e-01 -5.6038e-01 -3.0214e-01 -1.3235e-01 -4.4415e-02 -1.0583e-02 -1.6225e-03 -1.4080e-04 -5.8533e-06 -9.3696e-08 -4.3358e-10 -3.9758e-13 -4.3832e-17 -2.9911e-22 -5.2079e-29 -7.0453e-38 -1.4897e-49 -5.5923e-65 -1.9152e-85 -1.0146e-112 -2.9587e-149 -1.8401e-198 -3.9511e-265 0.0000e+00 0.0000e+00 0.0000e+00 0.0000e+00 0.0000e+00 0.0000e+00 0.0000e+00 0.0000e+00 0.0000e+00 0.0000e+00 0.0000e+00 0.0000e+00 0.0000e+00 0.0000e+00 0.0000e+00 0.0000e+00 0.0000e+00 0.0000e+00 0.0000e+00 0.0000e+00 0.0000e+00 0.0000e+00 0.0000e+00 0.0000e+00 0.0000e+00 0.0000e+00 0.0000e+00 0.0000e+00 0.0000e+00 0.0000e+00 0.0000e+00 0.0000e+00 3.9029e-06 4.4210e-05 1.8311e-04 5.0261e-04 1.1015e-03 2.0944e-03 3.6113e-03 5.7980e-03 8.8167e-03 1.2847e-02 1.8089e-02 2.4760e-02 3.3102e-02 4.3383e-02 5.5894e-02 7.0960e-02 0.0000e+00 1.1021e-01 1.3523e-01 1.6445e-01 1.9840e-01 2.3764e-01 2.8279e-01 3.3452e-01 3.9352e-01 4.6052e-01 5.3627e-01 6.2149e-01 7.1682e-01 8.2274e-01 9.3948e-01 1.0668e+00 1.2039e+00 1.3490e+00 1.4989e+00 1.6487e+00 1.7914e+00 1.9170e+00 2.0130e+00 2.0642e+00 2.0542e+00 1.9683e+00 1.7975e+00 1.5442e+00 1.2272e+00 8.8315e-01 5.5986e-01 3.0177e-01 1.3215e-01 4.4327e-02 1.0556e-02 1.6172e-03 1.4021e-04 5.8219e-06 9.3050e-08 4.2974e-10 3.9306e-13 4.3190e-17 2.9347e-22 5.0812e-29 6.8241e-38 1.4293e-49 5.2988e-65 1.7852e-85 9.2564e-113 2.6237e-149 1.5719e-198 3.2127e-265 0.0000e+00 0.0000e+00 0.0000e+00 0.0000e+00 0.0000e+00 0.0000e+00 0.0000e+00 0.0000e+00 0.0000e+00 0.0000e+00 0.0000e+00 0.0000e+00 0.0000e+00 0.0000e+00 0.0000e+00 0.0000e+00 0.0000e+00 0.0000e+00 0.0000e+00 0.0000e+00 0.0000e+00 0.0000e+00 0.0000e+00 0.0000e+00 0.0000e+00 0.0000e+00 0.0000e+00 0.0000e+00 0.0000e+00 0.0000e+00 0.0000e+00 0.0000e+00
