-1.1129e-09 -6.0135e-12 -1.6598e-11 -3.4150e-11 -5.9830e-11 -9.4715e-11 -1.3983e-10 -1.9619e-10 -2.6481e-10 -3.4671e-10 -4.4293e-10 -5.5455e-10 -6.8265e-10 -8.2834e-10 -9.9271e-10 -1.1768e-09 -1.3817e-09 -1.6081e-09 -1.8567e-09 -2.1278e-09 -2.4211e-09 -2.7357e-09 -3.0698e-09 -3.4201e-09 -3.7821e-09 -4.1487e-09 -4.5109e-09 -4.8566e-09 -5.1704e-09 -5.4343e-09 -5.6269e-09 -5.7257e-09 -5.7079e-09 -5.5540e-09 -5.2513e-09 -4.7987e-09 -4.2108e-09 -3.5206e-09 -2.7785e-09 -2.0469e-09 -1.3887e-09 -8.5380e-10 -4.6654e-10 -2.2134e-10 -8.8635e-11 -2.8958e-11 -7.4075e-12 -1.4115e-12 -1.8860e-13 -1.6417e-14 -8.5114e-16 -2.3553e-17 -3.0413e-19 -1.5536e-21 -2.5612e-24 -1.0592e-27 -8.0379e-32 -7.5818e-37 -5.4609e-43 -1.6288e-50 -9.2969e-60 -3.8181e-71 -3.2457e-85 -1.1587e-102 -2.2288e-124 -1.6167e-151 -1.3823e-185 -1.4778e-228 -4.8622e-283 0.0000e+00 0.0000e+00 0.0000e+00 0.0000e+00 0.0000e+00 0.0000e+00 0.0000e+00 0.0000e+00 0.0000e+00 0.0000e+00 0.0000e+00 0.0000e+00 0.0000e+00 0.0000e+00 0.0000e+00 0.0000e+00 0.0000e+00 0.0000e+00 0.0000e+00 0.0000e+00 0.0000e+00 0.0000e+00 0.0000e+00 0.0000e+00 0.0000e+00 0.0000e+00 0.0000e+00 0.0000e+00 0.0000e+00 0.0000e+00 0.0000e+00 0.0000e+00 6.0135e-12 1.6598e-11 3.4150e-11 5.9830e-11 9.4715e-11 1.3983e-10 1.9619e-10 2.6481e-10 3.4671e-10 4.4293e-10 5.5455e-10 6.8265e-10 8.2834e-10 9.9271e-10 1.1768e-09 1.3817e-09 1.6081e-09 1.8567e-09 2.1278e-09 2.4211e-09 2.7357e-09 3.0698e-09 3.4201e-09 3.7821e-09 4.1487e-09 4.5109e-09 4.8566e-09 5.1704e-09 5.4343e-09 5.6269e-09 5.7257e-09 5.7079e-09 5.5540e-09 5.2513e-09 4.7987e-09 4.2108e-09 3.5206e-09 2.7785e-09 2.0469e-09 1.3887e-09 8.5380e-10 4.6654e-10 2.2134e-10 8.8635e-11 2.8958e-11 7.4075e-12 1.4115e-12 1.8860e-13 1.6417e-14 8.5114e-16 2.3553e-17 3.0413e-19 1.5536e-21 2.5612e-24 1.0592e-27 8.0379e-32 7.5818e-37 5.4609e-43 1.6288e-50 9.2969e-60 3.8181e-71 3.2457e-85 1.1587e-102 2.2288e-124 1.6167e-151 1.3823e-185 1.4777e-228 4.8622e-283 0.0000e+00 0.0000e+00 0.0000e+00 0.0000e+00 0.0000e+00 0.0000e+00 0.0000e+00 0.0000e+00 0.0000e+00 0.0000e+00 0.0000e+00 0.0000e+00 0.0000e+00 0.0000e+00 0.0000e+00 0.0000e+00 0.0000e+00 0.0000e+00 0.0000e+00 0.0000e+00 0.0000e+00 0.0000e+00 0.0000e+00 0.0000e+00 0.0000e+00 0.0000e+00 0.0000e+00 0.0000e+00 0.0000e+00 0.0000e+00 0.0000e+00
-6.0135e-12 3.0248e-10 -9.3984e-11 -1.9337e-10 -3.3878e-10 -5.3631e-10 -7.9177e-10 -1.1109e-09 -1.4994e-09 -1.9632e-09 -2.5080e-09 -3.1400e-09 -3.8654e-09 -4.6903e-09 -5.6210e-09 -6.6635e-09 -7.8234e-09 -9.1054e-09 -1.0513e-08 -1.2048e-08 -1.3709e-08 -1.5490e-08 -1.7382e-08 -1.9366e-08 -2.1415e-08 -2.3492e-08 -2.5542e-08 -2.7499e-08 -2.9277e-08 -3.0771e-08 -3.1862e-08 -3.2421e-08 -3.2320e-08 -3.1448e-08 -2.9735e-08 -2.7172e-08 -2.3843e-08 -1.9935e-08 -1.5733e-08 -1.1590e-08 -7.8633e-09 -4.8345e-09 -2.6417e-09 -1.2533e-09 -5.0188e-10 -1.6397e-10 -4.1944e-11 -7.9925e-12 -1.0679e-12 -9.2960e-14 -4.8195e-15 -1.3336e-16 -1.7221e-18 -8.7971e-21 -1.4502e-23 -5.9975e-27 -4.5513e-31 -4.2931e-36 -3.0921e-42 -9.2227e-50 -5.2643e-59 -2.1620e-70 -1.8378e-84 -6.5612e-102 -1.2620e-123 -9.1542e-151 -7.8274e-185 -8.3676e-228 -2.7532e-282 0.0000e+00 0.0000e+00 0.0000e+00 0.0000e+00 0.0000e+00 0.0000e+00 0.0000e+00 0.0000e+00 0.0000e+00 0.0000e+00 0.0000e+00 0.0000e+00 0.0000e+00 0.0000e+00 0.0000e+00 0.0000e+00 0.0000e+00 0.0000e+00 0.0000e+00 0.0000e+00 0.0000e+00 0.0000e+00 0.0000e+00 0.0000e+00 0.0000e+00 0.0000e+00 0.0000e+00 0.0000e+00 0.0000e+00 0.0000e+00 0.0000e+00 6.0135e-12 0.0000e+00 9.3984e-11 1.9337e-10 3.3878e-10 5.3631e-10 7.9177e-10 1.1109e-09 1.4994e-09 1.9632e-09 2.5080e-09 3.1400e-09 3.8654e-09 4.6903e-09 5.6210e-09 6.6635e-09 7.8234e-09 9.1054e-09 1.0513e-08 1.2048e-08 1.3709e-08 1.5490e-08 1.7382e-08 1.9366e-08 2.1415e-08 2.3492e-08 2.5542e-08 2.7499e-08 2.9277e-08 3.0771e-08 3.1862e-08 3.2421e-08 3.2320e-08 3.1448e-08 2.9735e-08 2.7172e-08 2.3843e-08 1.9935e-08 1.5733e-08 1.1590e-08 7.8633e-09 4.8345e-09 2.6417e-09 1.2533e-09 5.0188e-10 1.6397e-10 4.1944e-11 7.9925e-12 1.0679e-12 9.2960e-14 4.8195e-15 1.3336e-16 1.7221e-18 8.7971e-21 1.4502e-23 5.9975e-27 4.5513e-31 4.2930e-36 3.0921e-42 9.2227e-50 5.2642e-59 2.1620e-70 1.8378e-84 6.5612e-102 1.2620e-123 9.1541e-151 7.8273e-185 8.3675e-228 2.7531e-282 0.0000e+00 0.0000e+00 0.0000e+00 0.0000e+00 0.0000e+00 0.0000e+00 0.0000e+00 0.0000e+00 0.0000e+00 0.0000e+00 0.0000e+00 0.0000e+00 0.0000e+00 0.0000e+00 0.0000e+00 0.0000e+00 0.0000e+00 0.0000e+00 0.0000e+00 0.0000e+00 0.0000e+00 0.0000e+00 0.0000e+00 0.0000e+00 0.0000e+00 0.0000e+00 0.0000e+00 0.0000e+00 0.0000e+00 0.0000e+00 0.0000e+00
-1.6598e-11 -9.3984e-11 3.4952e-09 -5.3371e-10 -9.3507e-10 -1.4803e-09 -2.1854e-09 -3.0662e-09 -4.1387e-09 -5.4186e-09 -6.9225e-09 -8.6669e-09 -1.0669e-08 -1.2946e-08 -1.5515e-08 -1.8392e-08 -2.1594e-08 -2.5132e-08 -2.9018e-08 -3.3254e-08 -3.7838e-08 -4.2756e-08 -4.7977e-08 -5.3453e-08 -5.9109e-08 -6.4840e-08 -7.0500e-08 -7.5902e-08 -8.0808e-08 -8.4931e-08 -8.7942e-08 -8.9485e-08 -8.9207e-08 -8.6802e-08 -8.2071e-08 -7.4998e-08 -6.5810e-08 -5.5022e-08 -4.3424e-08 -3.1990e-08 -2.1704e-08 -1.3344e-08 -7.2915e-09 -3.4592e-09 -1.3853e-09 -4.5257e-10 -1.1577e-10 -2.2060e-11 -2.9476e-12 -2.5658e-13 -1.3302e-14 -3.6810e-16 -4.7533e-18 -2.4281e-20 -4.0029e-23 -1.6554e-26 -1.2562e-30 -1.1850e-35 -8.5349e-42 -2.5457e-49 -1.4531e-58 -5.9676e-70 -5.0729e-84 -1.8111e-101 -3.4836e-123 -2.5269e-150 -2.1607e-184 -2.3099e-227 -7.6006e-282 0.0000e+00 0.0000e+00 0.0000e+00 0.0000e+00 0.0000e+00 0.0000e+00 0.0000e+00 0.0000e+00 0.0000e+00 0.0000e+00 0.0000e+00 0.0000e+00 0.0000e+00 0.0000e+00 0.0000e+00 0.0000e+00 0.0000e+00 0.0000e+00 0.0000e+00 0.0000e+00 0.0000e+00 0.0000e+00 0.0000e+00 0.0000e+00 0.0000e+00 0.0000e+00 0.0000e+00 0.0000e+00 0.0000e+00 0.0000e+00 0.0000e+00 1.6598e-11 9.3984e-11 0.0000e+00 5.3371e-10 9.3507e-10 1.4803e-09 2.1854e-09 3.0662e-09 4.1387e-09 5.4186e-09 6.9225e-09 8.6669e-09 1.0669e-08 1.2946e-08 1.5515e-08 1.8392e-08 2.1594e-08 2.5132e-08 2.9018e-08 3.3254e-08 3.7838e-08 4.2756e-08 4.7977e-08 5.3453e-08 5.9109e-08 6.4840e-08 7.0500e-08 7.5902e-08 8.0808e-08 8.4931e-08 8.7942e-08 8.9485e-08 8.9207e-08 8.6802e-08 8.2071e-08 7.4998e-08 6.5810e-08 5.5022e-08 4.3424e-08 3.1990e-08 2.1704e-08 1.3344e-08 7.2915e-09 3.4592e-09 1.3852e-09 4.5257e-10 1.1577e-10 2.2060e-11 2.9476e-12 2.5658e-13 1.3302e-14 3.6810e-16 4.7532e-18 2.4281e-20 4.0028e-23 1.6554e-26 1.2562e-30 1.1849e-35 8.5346e-42 2.5456e-49 1.4530e-58 5.9673e-70 5.0726e-84 1.8110e-101 3.4833e-123 2.5267e-150 2.1604e-184 2.3095e-227 7.5990e-282 0.0000e+00 0.0000e+00 0.0000e+00 0.0000e+00 0.0000e+00 0.0000e+00 0.0000e+00 0.0000e+00 0.0000e+00 0.0000e+00 0.0000e+00 0.0000e+00 0.0000e+00 0.0000e+00 0.0000e+00 0.0000e+00 0.0000e+00 0.0000e+00 0.0000e+00 0.0000e+00 0.0000e+00 0.0000e+00 0.0000e+00 0.0000e+00 0.0000e+00 0.0000e+00 0.0000e+00 0.0000e+00 0.0000e+00 0.0000e+00 0.0000e+00
-3.4150e-11 -1.9337e-10 -5.3371e-10 1.9704e-08 -1.9239e-09 -3.0456e-09 -4.4963e-09 -6.3086e-09 -8.5150e-09 -1.1149e-08 -1.4243e-08 -1.7832e-08 -2.1951e-08 -2.6635e-08 -3.1921e-08 -3.7841e-08 -4.4428e-08 -5.1708e-08 -5.9702e-08 -6.8419e-08 -7.7850e-08 -8.7967e-08 -9.8709e-08 -1.0998e-07 -1.2161e-07 -1.3340e-07 -1.4505e-07 -1.5616e-07 -1.6626e-07 -1.7474e-07 -1.8094e-07 -1.8411e-07 -1.8354e-07 -1.7859e-07 -1.6886e-07 -1.5431e-07 -1.3540e-07 -1.1321e-07 -8.9343e-08 -6.5818e-08 -4.4654e-08 -2.7454e-08 -1.5002e-08 -7.1172e-09 -2.8501e-09 -9.3116e-10 -2.3819e-10 -4.5389e-11 -6.0647e-12 -5.2792e-13 -2.7370e-14 -7.5738e-16 -9.7800e-18 -4.9960e-20 -8.2362e-23 -3.4062e-26 -2.5849e-30 -2.4383e-35 -1.7562e-41 -5.2384e-49 -2.9901e-58 -1.2281e-69 -1.0440e-83 -3.7275e-101 -7.1703e-123 -5.2017e-150 -4.4485e-184 -4.7564e-227 -1.5653e-281 0.0000e+00 0.0000e+00 0.0000e+00 0.0000e+00 0.0000e+00 0.0000e+00 0.0000e+00 0.0000e+00 0.0000e+00 0.0000e+00 0.0000e+00 0.0000e+00 0.0000e+00 0.0000e+00 0.0000e+00 0.0000e+00 0.0000e+00 0.0000e+00 0.0000e+00 0.0000e+00 0.0000e+00 0.0000e+00 0.0000e+00 0.0000e+00 0.0000e+00 0.0000e+00 0.0000e+00 0.0000e+00 0.0000e+00 0.0000e+00 0.0000e+00 3.4150e-11 1.9337e-10 5.3371e-10 0.0000e+00 1.9239e-09 3.0456e-09 4.4963e-09 6.3086e-09 8.5150e-09 1.1149e-08 1.4243e-08 1.7832e-08 2.1951e-08 2.6635e-08 3.1921e-08 3.7841e-08 4.4428e-08 5.1708e-08 5.9702e-08 6.8419e-08 7.7850e-08 8.7967e-08 9.8709e-08 1.0998e-07 1.2161e-07 1.3340e-07 1.4505e-07 1.5616e-07 1.6626e-07 1.7474e-07 1.8094e-07 1.8411e-07 1.8354e-07 1.7859e-07 1.6886e-07 1.5430e-07 1.3540e-07 1.1320e-07 8.9343e-08 6.5817e-08 4.4654e-08 2.7454e-08 1.5002e-08 7.1171e-09 2.8501e-09 9.3114e-10 2.3819e-10 4.5388e-11 6.0645e-12 5.2790e-13 2.7369e-14 7.5734e-16 9.7795e-18 4.9957e-20 8.2356e-23 3.4059e-26 2.5846e-30 2.4379e-35 1.7560e-41 5.2374e-49 2.9895e-58 1.2277e-69 1.0437e-83 3.7260e-101 7.1666e-123 5.1984e-150 4.4450e-184 4.7517e-227 1.5634e-281 0.0000e+00 0.0000e+00 0.0000e+00 0.0000e+00 0.0000e+00 0.0000e+00 0.0000e+00 0.0000e+00 0.0000e+00 0.0000e+00 0.0000e+00 0.0000e+00 0.0000e+00 0.0000e+00 0.0000e+00 0.0000e+00 0.0000e+00 0.0000e+00 0.0000e+00 0.0000e+00 0.0000e+00 0.0000e+00 0.0000e+00 0.0000e+00 0.0000e+00 0.0000e+00 0.0000e+00 0.0000e+00 0.0000e+00 0.0000e+00 0.0000e+00
-5.9830e-11 -3.3878e-10 -9.3507e-10 -1.9239e-09 7.5492e-08 -5.3359e-09 -7.8776e-09 -1.1053e-08 -1.4918e-08 -1.9532e-08 -2.4953e-08 -3.1241e-08 -3.8458e-08 -4.6666e-08 -5.5925e-08 -6.6298e-08 -7.7838e-08 -9.0593e-08 -1.0460e-07 -1.1987e-07 -1.3639e-07 -1.5412e-07 -1.7294e-07 -1.9268e-07 -2.1307e-07 -2.3373e-07 -2.5413e-07 -2.7360e-07 -2.9129e-07 -3.0615e-07 -3.1700e-07 -3.2257e-07 -3.2156e-07 -3.1289e-07 -2.9584e-07 -2.7035e-07 -2.3723e-07 -1.9834e-07 -1.5653e-07 -1.1531e-07 -7.8236e-08 -4.8101e-08 -2.6284e-08 -1.2470e-08 -4.9936e-09 -1.6315e-09 -4.1734e-10 -7.9526e-11 -1.0626e-11 -9.2499e-13 -4.7957e-14 -1.3271e-15 -1.7137e-17 -8.7545e-20 -1.4433e-22 -5.9691e-26 -4.5301e-30 -4.2734e-35 -3.0783e-41 -9.1826e-49 -5.2422e-58 -2.1533e-69 -1.8309e-83 -6.5384e-101 -1.2581e-122 -9.1299e-150 -7.8110e-184 -8.3561e-227 -2.7519e-281 0.0000e+00 0.0000e+00 0.0000e+00 0.0000e+00 0.0000e+00 0.0000e+00 0.0000e+00 0.0000e+00 0.0000e+00 0.0000e+00 0.0000e+00 0.0000e+00 0.0000e+00 0.0000e+00 0.0000e+00 0.0000e+00 0.0000e+00 0.0000e+00 0.0000e+00 0.0000e+00 0.0000e+00 0.0000e+00 0.0000e+00 0.0000e+00 0.0000e+00 0.0000e+00 0.0000e+00 0.0000e+00 0.0000e+00 0.0000e+00 0.0000e+00 5.9830e-11 3.3878e-10 9.3507e-10 1.9239e-09 0.0000e+00 5.3359e-09 7.8776e-09 1.1053e-08 1.4918e-08 1.9532e-08 2.4953e-08 3.1241e-08 3.8458e-08 4.6666e-08 5.5925e-08 6.6298e-08 7.7838e-08 9.0593e-08 1.0460e-07 1.1987e-07 1.3639e-07 1.5412e-07 1.7294e-07 1.9268e-07 2.1307e-07 2.3373e-07 2.5413e-07 2.7360e-07 2.9128e-07 3.0615e-07 3.1700e-07 3.2256e-07 3.2156e-07 3.1289e-07 2.9584e-07 2.7034e-07 2.3722e-07 1.9834e-07 1.5653e-07 1.1531e-07 7.8235e-08 4.8100e-08 2.6283e-08 1.2469e-08 4.9934e-09 1.6314e-09 4.1731e-10 7.9520e-11 1.0625e-11 9.2489e-13 4.7950e-14 1.3269e-15 1.7134e-17 8.7525e-20 1.4429e-22 5.9671e-26 4.5283e-30 4.2713e-35 3.0765e-41 9.1759e-49 5.2376e-58 2.1510e-69 1.8285e-83 6.5279e-101 1.2556e-122 9.1077e-150 7.7876e-184 8.3251e-227 2.7392e-281 0.0000e+00 0.0000e+00 0.0000e+00 0.0000e+00 0.0000e+00 0.0000e+00 0.0000e+00 0.0000e+00 0.0000e+00 0.0000e+00 0.0000e+00 0.0000e+00 0.0000e+00 0.0000e+00 0.0000e+00 0.0000e+00 0.0000e+00 0.0000e+00 0.0000e+00 0.0000e+00 0.0000e+00 0.0000e+00 0.0000e+00 0.0000e+00 0.0000e+00 0.0000e+00 0.0000e+00 0.0000e+00 0.0000e+00 0.0000e+00 0.0000e+00
-9.4715e-11 -5.3631e-10 -1.4803e-09 -3.0456e-09 -5.3359e-09 2.2663e-07 -1.2471e-08 -1.7497e-08 -2.3617e-08 -3.0921e-08 -3.9502e-08 -4.9457e-08 -6.0881e-08 -7.3874e-08 -8.8533e-08 -1.0495e-07 -1.2322e-07 -1.4341e-07 -1.6559e-07 -1.8976e-07 -2.1592e-07 -2.4398e-07 -2.7377e-07 -3.0502e-07 -3.3730e-07 -3.7000e-07 -4.0230e-07 -4.3313e-07 -4.6112e-07 -4.8465e-07 -5.0183e-07 -5.1064e-07 -5.0906e-07 -4.9533e-07 -4.6834e-07 -4.2798e-07 -3.7555e-07 -3.1399e-07 -2.4781e-07 -1.8256e-07 -1.2386e-07 -7.6151e-08 -4.1612e-08 -1.9742e-08 -7.9058e-09 -2.5830e-09 -6.6075e-10 -1.2591e-10 -1.6825e-11 -1.4646e-12 -7.5938e-14 -2.1015e-15 -2.7139e-17 -1.3865e-19 -2.2861e-22 -9.4558e-26 -7.1772e-30 -6.7716e-35 -4.8789e-41 -1.4557e-48 -8.3132e-58 -3.4161e-69 -2.9060e-83 -1.0384e-100 -1.9994e-122 -1.4523e-149 -1.2439e-183 -1.3327e-226 -4.3968e-281 0.0000e+00 0.0000e+00 0.0000e+00 0.0000e+00 0.0000e+00 0.0000e+00 0.0000e+00 0.0000e+00 0.0000e+00 0.0000e+00 0.0000e+00 0.0000e+00 0.0000e+00 0.0000e+00 0.0000e+00 0.0000e+00 0.0000e+00 0.0000e+00 0.0000e+00 0.0000e+00 0.0000e+00 0.0000e+00 0.0000e+00 0.0000e+00 0.0000e+00 0.0000e+00 0.0000e+00 0.0000e+00 0.0000e+00 0.0000e+00 0.0000e+00 9.4715e-11 5.3631e-10 1.4803e-09 3.0456e-09 5.3359e-09 0.0000e+00 1.2471e-08 1.7497e-08 2.3617e-08 3.0921e-08 3.9502e-08 4.9457e-08 6.0881e-08 7.3874e-08 8.8533e-08 1.0495e-07 1.2322e-07 1.4341e-07 1.6559e-07 1.8976e-07 2.1592e-07 2.4398e-07 2.7377e-07 3.0502e-07 3.3730e-07 3.7000e-07 4.0230e-07 4.3313e-07 4.6112e-07 4.8465e-07 5.0183e-07 5.1064e-07 5.0905e-07 4.9532e-07 4.6833e-07 4.2797e-07 3.7554e-07 3.1398e-07 2.4780e-07 1.8255e-07 1.2385e-07 7.6145e-08 4.1608e-08 1.9740e-08 7.9048e-09 2.5826e-09 6.6063e-10 1.2588e-10 1.6820e-11 1.4642e-12 7.5908e-14 2.1005e-15 2.7124e-17 1.3856e-19 2.2842e-22 9.4463e-26 7.1685e-30 6.7617e-35 4.8702e-41 1.4526e-48 8.2913e-58 3.4051e-69 2.8946e-83 1.0334e-100 1.9877e-122 1.4418e-149 1.2328e-183 1.3179e-226 4.3362e-281 0.0000e+00 0.0000e+00 0.0000e+00 0.0000e+00 0.0000e+00 0.0000e+00 0.0000e+00 0.0000e+00 0.0000e+00 0.0000e+00 0.0000e+00 0.0000e+00 0.0000e+00 0.0000e+00 0.0000e+00 0.0000e+00 0.0000e+00 0.0000e+00 0.0000e+00 0.0000e+00 0.0000e+00 0.0000e+00 0.0000e+00 0.0000e+00 0.0000e+00 0.0000e+00 0.0000e+00 0.0000e+00 0.0000e+00 0.0000e+00 0.0000e+00
-1.3983e-10 -7.9177e-10 -2.1854e-09 -4.4963e-09 -7.8776e-09 -1.2471e-08 5.7509e-07 -2.5832e-08 -3.4866e-08 -4.5650e-08 -5.8319e-08 -7.3015e-08 -8.9882e-08 -1.0906e-07 -1.3071e-07 -1.5495e-07 -1.8192e-07 -2.1173e-07 -2.4446e-07 -2.8015e-07 -3.1877e-07 -3.6020e-07 -4.0419e-07 -4.5032e-07 -4.9797e-07 -5.4625e-07 -5.9394e-07 -6.3945e-07 -6.8078e-07 -7.1552e-07 -7.4089e-07 -7.5389e-07 -7.5156e-07 -7.3130e-07 -6.9145e-07 -6.3186e-07 -5.5446e-07 -4.6358e-07 -3.6587e-07 -2.6953e-07 -1.8287e-07 -1.1244e-07 -6.1441e-08 -2.9150e-08 -1.1674e-08 -3.8142e-09 -9.7578e-10 -1.8596e-10 -2.4850e-11 -2.1634e-12 -1.1218e-13 -3.1048e-15 -4.0102e-17 -2.0492e-19 -3.3794e-22 -1.3982e-25 -1.0616e-29 -1.0020e-34 -7.2227e-41 -2.1563e-48 -1.2323e-57 -5.0682e-69 -4.3161e-83 -1.5443e-100 -2.9786e-122 -2.1681e-149 -1.8618e-183 -2.0012e-226 -6.6295e-281 0.0000e+00 0.0000e+00 0.0000e+00 0.0000e+00 0.0000e+00 0.0000e+00 0.0000e+00 0.0000e+00 0.0000e+00 0.0000e+00 0.0000e+00 0.0000e+00 0.0000e+00 0.0000e+00 0.0000e+00 0.0000e+00 0.0000e+00 0.0000e+00 0.0000e+00 0.0000e+00 0.0000e+00 0.0000e+00 0.0000e+00 0.0000e+00 0.0000e+00 0.0000e+00 0.0000e+00 0.0000e+00 0.0000e+00 0.0000e+00 0.0000e+00 1.3983e-10 7.9177e-10 2.1854e-09 4.4963e-09 7.8776e-09 1.2471e-08 0.0000e+00 2.5832e-08 3.4866e-08 4.5650e-08 5.8319e-08 7.3015e-08 8.9882e-08 1.0906e-07 1.3071e-07 1.5495e-07 1.8192e-07 2.1173e-07 2.4446e-07 2.8015e-07 3.1877e-07 3.6020e-07 4.0418e-07 4.5032e-07 4.9797e-07 5.4625e-07 5.9394e-07 6.3944e-07 6.8077e-07 7.1551e-07 7.4088e-07 7.5388e-07 7.5153e-07 7.3127e-07 6.9142e-07 6.3183e-07 5.5442e-07 4.6354e-07 3.6583e-07 2.6950e-07 1.8285e-07 1.1242e-07 6.1428e-08 2.9142e-08 1.1670e-08 3.8127e-09 9.7532e-10 1.8585e-10 2.4832e-11 2.1616e-12 1.1207e-13 3.1011e-15 4.0044e-17 2.0456e-19 3.3722e-22 1.3946e-25 1.0583e-29 9.9826e-35 7.1901e-41 2.1445e-48 1.2241e-57 5.0272e-69 4.2735e-83 1.5257e-100 2.9345e-122 2.1286e-149 1.8201e-183 1.9457e-226 6.4017e-281 0.0000e+00 0.0000e+00 0.0000e+00 0.0000e+00 0.0000e+00 0.0000e+00 0.0000e+00 0.0000e+00 0.0000e+00 0.0000e+00 0.0000e+00 0.0000e+00 0.0000e+00 0.0000e+00 0.0000e+00 0.0000e+00 0.0000e+00 0.0000e+00 0.0000e+00 0.0000e+00 0.0000e+00 0.0000e+00 0.0000e+00 0.0000e+00 0.0000e+00 0.0000e+00 0.0000e+00 0.0000e+00 0.0000e+00 0.0000e+00 0.0000e+00
-1.9619e-10 -1.1109e-09 -3.0662e-09 -6.3086e-09 -1.1053e-08 -1.7497e-08 -2.5832e-08 1.2908e-06 -4.8920e-08 -6.4049e-08 -8.1825e-08 -1.0245e-07 -1.2611e-07 -1.5302e-07 -1.8339e-07 -2.1740e-07 -2.5524e-07 -2.9707e-07 -3.4300e-07 -3.9307e-07 -4.4726e-07 -5.0538e-07 -5.6710e-07 -6.3183e-07 -6.9869e-07 -7.6643e-07 -8.3334e-07 -8.9720e-07 -9.5519e-07 -1.0039e-06 -1.0395e-06 -1.0578e-06 -1.0545e-06 -1.0261e-06 -9.7020e-07 -8.8661e-07 -7.7801e-07 -6.5050e-07 -5.1340e-07 -3.7823e-07 -2.5663e-07 -1.5779e-07 -8.6230e-08 -4.0913e-08 -1.6386e-08 -5.3542e-09 -1.3699e-09 -2.6109e-10 -3.4895e-11 -3.0385e-12 -1.5759e-13 -4.3628e-15 -5.6367e-17 -2.8814e-19 -4.7539e-22 -1.9679e-25 -1.4952e-29 -1.4124e-34 -1.0191e-40 -3.0461e-48 -1.7433e-57 -7.1830e-69 -6.1306e-83 -2.1995e-100 -4.2567e-122 -3.1113e-149 -2.6858e-183 -2.9056e-226 -9.7042e-281 0.0000e+00 0.0000e+00 0.0000e+00 0.0000e+00 0.0000e+00 0.0000e+00 0.0000e+00 0.0000e+00 0.0000e+00 0.0000e+00 0.0000e+00 0.0000e+00 0.0000e+00 0.0000e+00 0.0000e+00 0.0000e+00 0.0000e+00 0.0000e+00 0.0000e+00 0.0000e+00 0.0000e+00 0.0000e+00 0.0000e+00 0.0000e+00 0.0000e+00 0.0000e+00 0.0000e+00 0.0000e+00 0.0000e+00 0.0000e+00 0.0000e+00 1.9619e-10 1.1109e-09 3.0662e-09 6.3086e-09 1.1053e-08 1.7497e-08 2.5832e-08 0.0000e+00 4.8920e-08 6.4049e-08 8.1825e-08 1.0245e-07 1.2611e-07 1.5302e-07 1.8339e-07 2.1740e-07 2.5524e-07 2.9707e-07 3.4300e-07 3.9307e-07 4.4726e-07 5.0538e-07 5.6710e-07 6.3182e-07 6.9868e-07 7.6642e-07 8.3333e-07 8.9718e-07 9.5517e-07 1.0039e-06 1.0395e-06 1.0577e-06 1.0545e-06 1.0260e-06 9.7010e-07 8.8650e-07 7.7789e-07 6.5037e-07 5.1329e-07 3.7813e-07 2.5654e-07 1.5773e-07 8.6187e-08 4.0889e-08 1.6374e-08 5.3495e-09 1.3684e-09 2.6076e-10 3.4842e-11 3.0329e-12 1.5724e-13 4.3510e-15 5.6184e-17 2.8701e-19 4.7315e-22 1.9567e-25 1.4849e-29 1.4006e-34 1.0088e-40 3.0089e-48 1.7175e-57 7.0534e-69 5.9960e-83 2.1406e-100 4.1173e-122 2.9865e-149 2.5536e-183 2.7298e-226 8.9816e-281 0.0000e+00 0.0000e+00 0.0000e+00 0.0000e+00 0.0000e+00 0.0000e+00 0.0000e+00 0.0000e+00 0.0000e+00 0.0000e+00 0.0000e+00 0.0000e+00 0.0000e+00 0.0000e+00 0.0000e+00 0.0000e+00 0.0000e+00 0.0000e+00 0.0000e+00 0.0000e+00 0.0000e+00 0.0000e+00 0.0000e+00 0.0000e+00 0.0000e+00 0.0000e+00 0.0000e+00 0.0000e+00 0.0000e+00 0.0000e+00 0.0000e+00
-2.6481e-10 -1.4994e-09 -4.1387e-09 -8.5150e-09 -1.4918e-08 -2.3617e-08 -3.4866e-08 -4.8920e-08 2.6386e-06 -8.6450e-08 -1.1044e-07 -1.3827e-07 -1.7022e-07 -2.0654e-07 -2.4753e-07 -2.9344e-07 -3.4451e-07 -4.0097e-07 -4.6296e-07 -5.3055e-07 -6.0369e-07 -6.8214e-07 -7.6544e-07 -8.5281e-07 -9.4306e-07 -1.0345e-06 -1.1248e-06 -1.2110e-06 -1.2893e-06 -1.3551e-06 -1.4032e-06 -1.4278e-06 -1.4234e-06 -1.3851e-06 -1.3097e-06 -1.1968e-06 -1.0503e-06 -8.7817e-07 -6.9313e-07 -5.1067e-07 -3.4651e-07 -2.1307e-07 -1.1645e-07 -5.5257e-08 -2.2134e-08 -7.2335e-09 -1.8510e-09 -3.5288e-10 -4.7176e-11 -4.1092e-12 -2.1320e-13 -5.9052e-15 -7.6340e-17 -3.9050e-19 -6.4483e-22 -2.6720e-25 -2.0327e-29 -1.9230e-34 -1.3900e-40 -4.1642e-48 -2.3897e-57 -9.8787e-69 -8.4658e-83 -3.0526e-100 -5.9440e-122 -4.3776e-149 -3.8144e-183 -4.1744e-226 -1.4142e-280 0.0000e+00 0.0000e+00 0.0000e+00 0.0000e+00 0.0000e+00 0.0000e+00 0.0000e+00 0.0000e+00 0.0000e+00 0.0000e+00 0.0000e+00 0.0000e+00 0.0000e+00 0.0000e+00 0.0000e+00 0.0000e+00 0.0000e+00 0.0000e+00 0.0000e+00 0.0000e+00 0.0000e+00 0.0000e+00 0.0000e+00 0.0000e+00 0.0000e+00 0.0000e+00 0.0000e+00 0.0000e+00 0.0000e+00 0.0000e+00 0.0000e+00 2.6481e-10 1.4994e-09 4.1387e-09 8.5150e-09 1.4918e-08 2.3617e-08 3.4866e-08 4.8920e-08 0.0000e+00 8.6450e-08 1.1044e-07 1.3827e-07 1.7022e-07 2.0654e-07 2.4753e-07 2.9343e-07 3.4451e-07 4.0097e-07 4.6296e-07 5.3055e-07 6.0368e-07 6.8214e-07 7.6544e-07 8.5280e-07 9.4304e-07 1.0345e-06 1.1248e-06 1.2110e-06 1.2892e-06 1.3550e-06 1.4031e-06 1.4277e-06 1.4232e-06 1.3849e-06 1.3094e-06 1.1965e-06 1.0500e-06 8.7784e-07 6.9280e-07 5.1038e-07 3.4627e-07 2.1289e-07 1.1633e-07 5.5189e-08 2.2101e-08 7.2205e-09 1.8470e-09 3.5196e-10 4.7027e-11 4.0936e-12 2.1223e-13 5.8728e-15 7.5834e-17 3.8739e-19 6.3863e-22 2.6410e-25 2.0042e-29 1.8905e-34 1.3616e-40 4.0613e-48 2.3181e-57 9.5202e-69 8.0929e-83 2.8892e-100 5.5570e-122 4.0308e-149 3.4464e-183 3.6841e-226 1.2120e-280 0.0000e+00 0.0000e+00 0.0000e+00 0.0000e+00 0.0000e+00 0.0000e+00 0.0000e+00 0.0000e+00 0.0000e+00 0.0000e+00 0.0000e+00 0.0000e+00 0.0000e+00 0.0000e+00 0.0000e+00 0.0000e+00 0.0000e+00 0.0000e+00 0.0000e+00 0.0000e+00 0.0000e+00 0.0000e+00 0.0000e+00 0.0000e+00 0.0000e+00 0.0000e+00 0.0000e+00 0.0000e+00 0.0000e+00 0.0000e+00 0.0000e+00
-3.4671e-10 -1.9632e-09 -5.4186e-09 -1.1149e-08 -1.9532e-08 -3.0921e-08 -4.5650e-08 -6.4049e-08 -8.6450e-08 5.0113e-06 -1.4460e-07 -1.8104e-07 -2.2286e-07 -2.7042e-07 -3.2408e-07 -3.8419e-07 -4.5106e-07 -5.2498e-07 -6.0614e-07 -6.9464e-07 -7.9040e-07 -8.9312e-07 -1.0022e-06 -1.1166e-06 -1.2347e-06 -1.3545e-06 -1.4727e-06 -1.5856e-06 -1.6881e-06 -1.7743e-06 -1.8373e-06 -1.8696e-06 -1.8639e-06 -1.8137e-06 -1.7150e-06 -1.5674e-06 -1.3755e-06 -1.1502e-06 -9.0787e-07 -6.6894e-07 -4.5395e-07 -2.7918e-07 -1.5260e-07 -7.2427e-08 -2.9018e-08 -9.4859e-09 -2.4282e-09 -4.6310e-10 -6.1940e-11 -5.3984e-12 -2.8029e-13 -7.7698e-15 -1.0055e-16 -5.1495e-19 -8.5157e-22 -3.5350e-25 -2.6949e-29 -2.5561e-34 -1.8535e-40 -5.5741e-48 -3.2137e-57 -1.3361e-68 -1.1529e-82 -4.1921e-100 -8.2468e-122 -6.1497e-149 -5.4403e-183 -6.0642e-226 -2.1006e-280 0.0000e+00 0.0000e+00 0.0000e+00 0.0000e+00 0.0000e+00 0.0000e+00 0.0000e+00 0.0000e+00 0.0000e+00 0.0000e+00 0.0000e+00 0.0000e+00 0.0000e+00 0.0000e+00 0.0000e+00 0.0000e+00 0.0000e+00 0.0000e+00 0.0000e+00 0.0000e+00 0.0000e+00 0.0000e+00 0.0000e+00 0.0000e+00 0.0000e+00 0.0000e+00 0.0000e+00 0.0000e+00 0.0000e+00 0.0000e+00 0.0000e+00 3.4671e-10 1.9632e-09 5.4186e-09 1.1149e-08 1.9532e-08 3.0921e-08 4.5650e-08 6.4049e-08 8.6450e-08 0.0000e+00 1.4460e-07 1.8104e-07 2.2286e-07 2.7042e-07 3.2408e-07 3.8419e-07 4.5106e-07 5.2497e-07 6.0613e-07 6.9463e-07 7.9039e-07 8.9310e-07 1.0022e-06 1.1165e-06 1.2347e-06 1.3544e-06 1.4726e-06 1.5855e-06 1.6880e-06 1.7741e-06 1.8370e-06 1.8692e-06 1.8634e-06 1.8132e-06 1.7144e-06 1.5666e-06 1.3747e-06 1.1493e-06 9.0707e-07 6.6822e-07 4.5336e-07 2.7873e-07 1.5231e-07 7.2258e-08 2.8936e-08 9.4536e-09 2.4183e-09 4.6081e-10 6.1571e-11 5.3596e-12 2.7787e-13 7.6890e-15 9.9287e-17 5.0719e-19 8.3613e-22 3.4578e-25 2.6240e-29 2.4751e-34 1.7827e-40 5.3172e-48 3.0350e-57 1.2464e-68 1.0595e-82 3.7824e-100 7.2747e-122 5.2764e-149 4.5109e-183 4.8212e-226 1.5857e-280 0.0000e+00 0.0000e+00 0.0000e+00 0.0000e+00 0.0000e+00 0.0000e+00 0.0000e+00 0.0000e+00 0.0000e+00 0.0000e+00 0.0000e+00 0.0000e+00 0.0000e+00 0.0000e+00 0.0000e+00 0.0000e+00 0.0000e+00 0.0000e+00 0.0000e+00 0.0000e+00 0.0000e+00 0.0000e+00 0.0000e+00 0.0000e+00 0.0000e+00 0.0000e+00 0.0000e+00 0.0000e+00 0.0000e+00 0.0000e+00 0.0000e+00
-4.4293e-10 -2.5080e-09 -6.9225e-09 -1.4243e-08 -2.4953e-08 -3.9502e-08 -5.8319e-08 -8.1825e-08 -1.1044e-07 -1.4460e-07 8.9696e-06 -2.3128e-07 -2.8471e-07 -3.4547e-07 -4.1402e-07 -4.9081e-07 -5.7625e-07 -6.7068e-07 -7.7437e-07 -8.8743e-07 -1.0098e-06 -1.1410e-06 -1.2803e-06 -1.4265e-06 -1.5775e-06 -1.7304e-06 -1.8816e-06 -2.0258e-06 -2.1568e-06 -2.2670e-06 -2.3475e-06 -2.3889e-06 -2.3816e-06 -2.3177e-06 -2.1917e-06 -2.0031e-06 -1.7581e-06 -1.4702e-06 -1.1606e-06 -8.5532e-07 -5.8054e-07 -3.5711e-07 -1.9525e-07 -9.2698e-08 -3.7154e-08 -1.2151e-08 -3.1122e-09 -5.9394e-10 -7.9504e-11 -6.9358e-12 -3.6053e-13 -1.0008e-14 -1.2972e-16 -6.6572e-19 -1.1036e-21 -4.5945e-25 -3.5149e-29 -3.3480e-34 -2.4402e-40 -7.3836e-48 -4.2887e-57 -1.7991e-68 -1.5693e-82 -5.7808e-100 -1.1551e-121 -8.7761e-149 -7.9383e-183 -9.0853e-226 -3.2465e-280 0.0000e+00 0.0000e+00 0.0000e+00 0.0000e+00 0.0000e+00 0.0000e+00 0.0000e+00 0.0000e+00 0.0000e+00 0.0000e+00 0.0000e+00 0.0000e+00 0.0000e+00 0.0000e+00 0.0000e+00 0.0000e+00 0.0000e+00 0.0000e+00 0.0000e+00 0.0000e+00 0.0000e+00 0.0000e+00 0.0000e+00 0.0000e+00 0.0000e+00 0.0000e+00 0.0000e+00 0.0000e+00 0.0000e+00 0.0000e+00 0.0000e+00 4.4293e-10 2.5080e-09 6.9225e-09 1.4243e-08 2.4953e-08 3.9502e-08 5.8319e-08 8.1825e-08 1.1044e-07 1.4460e-07 0.0000e+00 2.3128e-07 2.8471e-07 3.4547e-07 4.1402e-07 4.9081e-07 5.7624e-07 6.7067e-07 7.7436e-07 8.8741e-07 1.0097e-06 1.1410e-06 1.2803e-06 1.4264e-06 1.5774e-06 1.7303e-06 1.8814e-06 2.0255e-06 2.1564e-06 2.2664e-06 2.3468e-06 2.3880e-06 2.3806e-06 2.3164e-06 2.1901e-06 2.0014e-06 1.7562e-06 1.4683e-06 1.1588e-06 8.5368e-07 5.7918e-07 3.5609e-07 1.9458e-07 9.2312e-08 3.6966e-08 1.2077e-08 3.0894e-09 5.8870e-10 7.8659e-11 6.8471e-12 3.5498e-13 9.8230e-15 1.2684e-16 6.4795e-19 1.0682e-21 4.4175e-25 3.3523e-29 3.1620e-34 2.2774e-40 6.7925e-48 3.8770e-57 1.5921e-68 1.3533e-82 4.8309e-100 9.2900e-122 6.7366e-149 5.7575e-183 6.1502e-226 2.0212e-280 0.0000e+00 0.0000e+00 0.0000e+00 0.0000e+00 0.0000e+00 0.0000e+00 0.0000e+00 0.0000e+00 0.0000e+00 0.0000e+00 0.0000e+00 0.0000e+00 0.0000e+00 0.0000e+00 0.0000e+00 0.0000e+00 0.0000e+00 0.0000e+00 0.0000e+00 0.0000e+00 0.0000e+00 0.0000e+00 0.0000e+00 0.0000e+00 0.0000e+00 0.0000e+00 0.0000e+00 0.0000e+00 0.0000e+00 0.0000e+00 0.0000e+00
-5.5455e-10 -3.1400e-09 -8.6669e-09 -1.7832e-08 -3.1241e-08 -4.9457e-08 -7.3015e-08 -1.0245e-07 -1.3827e-07 -1.8104e-07 -2.3128e-07 1.5290e-05 -3.5646e-07 -4.3253e-07 -5.1836e-07 -6.1450e-07 -7.2146e-07 -8.3969e-07 -9.6951e-07 -1.1111e-06 -1.2642e-06 -1.4286e-06 -1.6030e-06 -1.7860e-06 -1.9751e-06 -2.1666e-06 -2.3559e-06 -2.5366e-06 -2.7007e-06 -2.8387e-06 -2.9397e-06 -2.9916e-06 -2.9828e-06 -2.9029e-06 -2.7453e-06 -2.5094e-06 -2.2027e-06 -1.8424e-06 -1.4547e-06 -1.0723e-06 -7.2804e-07 -4.4799e-07 -2.4505e-07 -1.1640e-07 -4.6682e-08 -1.5278e-08 -3.9167e-09 -7.4825e-10 -1.0029e-10 -8.7621e-12 -4.5629e-13 -1.2694e-14 -1.6497e-16 -8.4927e-19 -1.4132e-21 -5.9100e-25 -4.5459e-29 -4.3583e-34 -3.2013e-40 -9.7772e-48 -5.7424e-57 -2.4409e-68 -2.1628e-82 -8.1165e-100 -1.6576e-121 -1.2920e-148 -1.2039e-182 -1.4258e-225 -5.2988e-280 0.0000e+00 0.0000e+00 0.0000e+00 0.0000e+00 0.0000e+00 0.0000e+00 0.0000e+00 0.0000e+00 0.0000e+00 0.0000e+00 0.0000e+00 0.0000e+00 0.0000e+00 0.0000e+00 0.0000e+00 0.0000e+00 0.0000e+00 0.0000e+00 0.0000e+00 0.0000e+00 0.0000e+00 0.0000e+00 0.0000e+00 0.0000e+00 0.0000e+00 0.0000e+00 0.0000e+00 0.0000e+00 0.0000e+00 0.0000e+00 0.0000e+00 5.5455e-10 3.1400e-09 8.6669e-09 1.7832e-08 3.1241e-08 4.9457e-08 7.3015e-08 1.0245e-07 1.3827e-07 1.8104e-07 2.3128e-07 0.0000e+00 3.5646e-07 4.3253e-07 5.1836e-07 6.1449e-07 7.2145e-07 8.3968e-07 9.6949e-07 1.1110e-06 1.2642e-06 1.4285e-06 1.6029e-06 1.7859e-06 1.9749e-06 2.1663e-06 2.3555e-06 2.5359e-06 2.6998e-06 2.8376e-06 2.9382e-06 2.9898e-06 2.9805e-06 2.9001e-06 2.7421e-06 2.5057e-06 2.1988e-06 1.8383e-06 1.4508e-06 1.0688e-06 7.2513e-07 4.4583e-07 2.4361e-07 1.1557e-07 4.6282e-08 1.5121e-08 3.8679e-09 7.3705e-10 9.8481e-11 8.5725e-12 4.4443e-13 1.2298e-14 1.5881e-16 8.1122e-19 1.3373e-21 5.5305e-25 4.1968e-29 3.9585e-34 2.8510e-40 8.5030e-48 4.8529e-57 1.9927e-68 1.6935e-82 6.0438e-100 1.1618e-121 8.4197e-149 7.1892e-183 7.6682e-226 2.5140e-280 0.0000e+00 0.0000e+00 0.0000e+00 0.0000e+00 0.0000e+00 0.0000e+00 0.0000e+00 0.0000e+00 0.0000e+00 0.0000e+00 0.0000e+00 0.0000e+00 0.0000e+00 0.0000e+00 0.0000e+00 0.0000e+00 0.0000e+00 0.0000e+00 0.0000e+00 0.0000e+00 0.0000e+00 0.0000e+00 0.0000e+00 0.0000e+00 0.0000e+00 0.0000e+00 0.0000e+00 0.0000e+00 0.0000e+00 0.0000e+00 0.0000e+00
-6.8265e-10 -3.8654e-09 -1.0669e-08 -2.1951e-08 -3.8458e-08 -6.0881e-08 -8.9882e-08 -1.2611e-07 -1.7022e-07 -2.2286e-07 -2.8471e-07 -3.5646e-07 2.5022e-05 -5.3245e-07 -6.3810e-07 -7.5645e-07 -8.8812e-07 -1.0337e-06 -1.1935e-06 -1.3678e-06 -1.5563e-06 -1.7586e-06 -1.9734e-06 -2.1987e-06 -2.4315e-06 -2.6674e-06 -2.9005e-06 -3.1230e-06 -3.3252e-06 -3.4953e-06 -3.6199e-06 -3.6841e-06 -3.6736e-06 -3.5756e-06 -3.3820e-06 -3.0920e-06 -2.7146e-06 -2.2712e-06 -1.7939e-06 -1.3228e-06 -8.9849e-07 -5.5318e-07 -3.0278e-07 -1.4394e-07 -5.7779e-08 -1.8932e-08 -4.8597e-09 -9.2991e-10 -1.2487e-10 -1.0935e-11 -5.7104e-13 -1.5939e-14 -2.0796e-16 -1.0756e-18 -1.7998e-21 -7.5775e-25 -5.8750e-29 -5.6859e-34 -4.2234e-40 -1.3070e-47 -7.7963e-57 -3.3747e-68 -3.0541e-82 -1.1745e-99 -2.4671e-121 -1.9856e-148 -1.9187e-182 -2.3673e-225 -9.2093e-280 0.0000e+00 0.0000e+00 0.0000e+00 0.0000e+00 0.0000e+00 0.0000e+00 0.0000e+00 0.0000e+00 0.0000e+00 0.0000e+00 0.0000e+00 0.0000e+00 0.0000e+00 0.0000e+00 0.0000e+00 0.0000e+00 0.0000e+00 0.0000e+00 0.0000e+00 0.0000e+00 0.0000e+00 0.0000e+00 0.0000e+00 0.0000e+00 0.0000e+00 0.0000e+00 0.0000e+00 0.0000e+00 0.0000e+00 0.0000e+00 0.0000e+00 6.8265e-10 3.8654e-09 1.0669e-08 2.1951e-08 3.8458e-08 6.0881e-08 8.9882e-08 1.2611e-07 1.7022e-07 2.2286e-07 2.8471e-07 3.5646e-07 0.0000e+00 5.3244e-07 6.3810e-07 7.5644e-07 8.8811e-07 1.0336e-06 1.1934e-06 1.3677e-06 1.5562e-06 1.7585e-06 1.9732e-06 2.1984e-06 2.4311e-06 2.6668e-06 2.8996e-06 3.1217e-06 3.3235e-06 3.4931e-06 3.6169e-06 3.6804e-06 3.6690e-06 3.5700e-06 3.3755e-06 3.0846e-06 2.7067e-06 2.2630e-06 1.7860e-06 1.3157e-06 8.9264e-07 5.4881e-07 2.9989e-07 1.4227e-07 5.6973e-08 1.8614e-08 4.7614e-09 9.0730e-10 1.2123e-10 1.0553e-11 5.4709e-13 1.5139e-14 1.9548e-16 9.9858e-19 1.6462e-21 6.8075e-25 5.1657e-29 4.8721e-34 3.5087e-40 1.0463e-47 5.9706e-57 2.4509e-68 2.0821e-82 7.4255e-100 1.4260e-121 1.0318e-148 8.7877e-183 9.3350e-226 3.0399e-280 0.0000e+00 0.0000e+00 0.0000e+00 0.0000e+00 0.0000e+00 0.0000e+00 0.0000e+00 0.0000e+00 0.0000e+00 0.0000e+00 0.0000e+00 0.0000e+00 0.0000e+00 0.0000e+00 0.0000e+00 0.0000e+00 0.0000e+00 0.0000e+00 0.0000e+00 0.0000e+00 0.0000e+00 0.0000e+00 0.0000e+00 0.0000e+00 0.0000e+00 0.0000e+00 0.0000e+00 0.0000e+00 0.0000e+00 0.0000e+00 0.0000e+00
-8.2834e-10 -4.6903e-09 -1.2946e-08 -2.6635e-08 -4.6666e-08 -7.3874e-08 -1.0906e-07 -1.5302e-07 -2.0654e-07 -2.7042e-07 -3.4547e-07 -4.3253e-07 -5.3245e-07 3.9558e-05 -7.7428e-07 -9.1789e-07 -1.0777e-06 -1.2543e-06 -1.4482e-06 -1.6597e-06 -1.8885e-06 -2.1340e-06 -2.3947e-06 -2.6682e-06 -2.9507e-06 -3.2371e-06 -3.5201e-06 -3.7904e-06 -4.0360e-06 -4.2429e-06 -4.3945e-06 -4.4730e-06 -4.4609e-06 -4.3427e-06 -4.1085e-06 -3.7571e-06 -3.2996e-06 -2.7616e-06 -2.1823e-06 -1.6101e-06 -1.0944e-06 -6.7432e-07 -3.6944e-07 -1.7583e-07 -7.0679e-08 -2.3197e-08 -5.9664e-09 -1.1444e-09 -1.5411e-10 -1.3541e-11 -7.0996e-13 -1.9911e-14 -2.6126e-16 -1.3604e-18 -2.2946e-21 -9.7517e-25 -7.6446e-29 -7.4950e-34 -5.6520e-40 -1.7801e-47 -1.0835e-56 -4.8006e-68 -4.4612e-82 -1.7678e-99 -3.8406e-121 -3.2095e-148 -3.2335e-182 -4.1780e-225 -1.7105e-279 0.0000e+00 0.0000e+00 0.0000e+00 0.0000e+00 0.0000e+00 0.0000e+00 0.0000e+00 0.0000e+00 0.0000e+00 0.0000e+00 0.0000e+00 0.0000e+00 0.0000e+00 0.0000e+00 0.0000e+00 0.0000e+00 0.0000e+00 0.0000e+00 0.0000e+00 0.0000e+00 0.0000e+00 0.0000e+00 0.0000e+00 0.0000e+00 0.0000e+00 0.0000e+00 0.0000e+00 0.0000e+00 0.0000e+00 0.0000e+00 0.0000e+00 8.2834e-10 4.6903e-09 1.2946e-08 2.6635e-08 4.6666e-08 7.3874e-08 1.0906e-07 1.5302e-07 2.0654e-07 2.7042e-07 3.4547e-07 4.3253e-07 5.3244e-07 0.0000e+00 7.7428e-07 9.1788e-07 1.0776e-06 1.2542e-06 1.4481e-06 1.6596e-06 1.8883e-06 2.1338e-06 2.3943e-06 2.6676e-06 2.9499e-06 3.2359e-06 3.5184e-06 3.7879e-06 4.0328e-06 4.2385e-06 4.3888e-06 4.4658e-06 4.4520e-06 4.3319e-06 4.0958e-06 3.7428e-06 3.2843e-06 2.7459e-06 2.1671e-06 1.5965e-06 1.0831e-06 6.6594e-07 3.6389e-07 1.7263e-07 6.9132e-08 2.2586e-08 5.7775e-09 1.1009e-09 1.4710e-10 1.2804e-11 6.6383e-13 1.8369e-14 2.3719e-16 1.2116e-18 1.9972e-21 8.2586e-25 6.2663e-29 5.9094e-34 4.2549e-40 1.2684e-47 7.2348e-57 2.9679e-68 2.5186e-82 8.9676e-100 1.7177e-121 1.2378e-148 1.0473e-182 1.1005e-225 3.5175e-280 0.0000e+00 0.0000e+00 0.0000e+00 0.0000e+00 0.0000e+00 0.0000e+00 0.0000e+00 0.0000e+00 0.0000e+00 0.0000e+00 0.0000e+00 0.0000e+00 0.0000e+00 0.0000e+00 0.0000e+00 0.0000e+00 0.0000e+00 0.0000e+00 0.0000e+00 0.0000e+00 0.0000e+00 0.0000e+00 0.0000e+00 0.0000e+00 0.0000e+00 0.0000e+00 0.0000e+00 0.0000e+00 0.0000e+00 0.0000e+00 0.0000e+00
-9.9271e-10 -5.6210e-09 -1.5515e-08 -3.1921e-08 -5.5925e-08 -8.8533e-08 -1.3071e-07 -1.8339e-07 -2.4753e-07 -3.2408e-07 -4.1402e-07 -5.1836e-07 -6.3810e-07 -7.7428e-07 6.0708e-05 -1.1000e-06 -1.2915e-06 -1.5032e-06 -1.7356e-06 -1.9891e-06 -2.2634e-06 -2.5577e-06 -2.8702e-06 -3.1980e-06 -3.5368e-06 -3.8803e-06 -4.2197e-06 -4.5440e-06 -4.8390e-06 -5.0876e-06 -5.2701e-06 -5.3652e-06 -5.3518e-06 -5.2113e-06 -4.9318e-06 -4.5117e-06 -3.9642e-06 -3.3197e-06 -2.6250e-06 -1.9383e-06 -1.3187e-06 -8.1352e-07 -4.4633e-07 -2.1277e-07 -8.5701e-08 -2.8194e-08 -7.2723e-09 -1.3996e-09 -1.8923e-10 -1.6707e-11 -8.8086e-13 -2.4869e-14 -3.2889e-16 -1.7284e-18 -2.9468e-21 -1.2682e-24 -1.0088e-28 -1.0058e-33 -7.7327e-40 -2.4895e-47 -1.5536e-56 -7.0783e-68 -6.7864e-82 -2.7840e-99 -6.2837e-121 -5.4765e-148 -5.7785e-182 -7.8566e-225 -3.4031e-279 0.0000e+00 0.0000e+00 0.0000e+00 0.0000e+00 0.0000e+00 0.0000e+00 0.0000e+00 0.0000e+00 0.0000e+00 0.0000e+00 0.0000e+00 0.0000e+00 0.0000e+00 0.0000e+00 0.0000e+00 0.0000e+00 0.0000e+00 0.0000e+00 0.0000e+00 0.0000e+00 0.0000e+00 0.0000e+00 0.0000e+00 0.0000e+00 0.0000e+00 0.0000e+00 0.0000e+00 0.0000e+00 0.0000e+00 0.0000e+00 0.0000e+00 9.9271e-10 5.6210e-09 1.5515e-08 3.1921e-08 5.5925e-08 8.8533e-08 1.3071e-07 1.8339e-07 2.4753e-07 3.2408e-07 4.1402e-07 5.1836e-07 6.3810e-07 7.7428e-07 0.0000e+00 1.1000e-06 1.2915e-06 1.5031e-06 1.7355e-06 1.9889e-06 2.2631e-06 2.5572e-06 2.8694e-06 3.1969e-06 3.5352e-06 3.8780e-06 4.2165e-06 4.5396e-06 4.8330e-06 5.0796e-06 5.2597e-06 5.3520e-06 5.3354e-06 5.1915e-06 4.9086e-06 4.4855e-06 3.9360e-06 3.2908e-06 2.5971e-06 1.9133e-06 1.2981e-06 7.9808e-07 4.3609e-07 2.0689e-07 8.2849e-08 2.7067e-08 6.9239e-09 1.3193e-09 1.7628e-10 1.5345e-11 7.9550e-13 2.2012e-14 2.8421e-16 1.4517e-18 2.3928e-21 9.8930e-25 7.5048e-29 7.0752e-34 5.0919e-40 1.5169e-47 8.6428e-57 3.5397e-68 2.9964e-82 1.0627e-99 2.0228e-121 1.4429e-148 1.2001e-182 1.2238e-225 3.6997e-280 0.0000e+00 0.0000e+00 0.0000e+00 0.0000e+00 0.0000e+00 0.0000e+00 0.0000e+00 0.0000e+00 0.0000e+00 0.0000e+00 0.0000e+00 0.0000e+00 0.0000e+00 0.0000e+00 0.0000e+00 0.0000e+00 0.0000e+00 0.0000e+00 0.0000e+00 0.0000e+00 0.0000e+00 0.0000e+00 0.0000e+00 0.0000e+00 0.0000e+00 0.0000e+00 0.0000e+00 0.0000e+00 0.0000e+00 0.0000e+00 0.0000e+00
-1.1768e-09 -6.6635e-09 -1.8392e-08 -3.7841e-08 -6.6298e-08 -1.0495e-07 -1.5495e-07 -2.1740e-07 -2.9344e-07 -3.8419e-07 -4.9081e-07 -6.1450e-07 -7.5645e-07 -9.1789e-07 -1.1000e-06 9.0806e-05 -1.5311e-06 -1.7820e-06 -2.0576e-06 -2.3581e-06 -2.6834e-06 -3.0323e-06 -3.4029e-06 -3.7918e-06 -4.1937e-06 -4.6012e-06 -5.0042e-06 -5.3894e-06 -5.7400e-06 -6.0358e-06 -6.2536e-06 -6.3681e-06 -6.3540e-06 -6.1895e-06 -5.8601e-06 -5.3638e-06 -4.7160e-06 -3.9524e-06 -3.1283e-06 -2.3125e-06 -1.5755e-06 -9.7351e-07 -5.3515e-07 -2.5572e-07 -1.0328e-07 -3.4092e-08 -8.8281e-09 -1.7069e-09 -2.3206e-10 -2.0621e-11 -1.0956e-12 -3.1208e-14 -4.1703e-16 -2.2183e-18 -3.8351e-21 -1.6771e-24 -1.3587e-28 -1.3831e-33 -1.0884e-39 -3.5966e-47 -2.3105e-56 -1.0868e-67 -1.0792e-81 -4.6009e-99 -1.0831e-120 -9.8849e-148 -1.0973e-181 -1.5783e-224 -7.2798e-279 0.0000e+00 0.0000e+00 0.0000e+00 0.0000e+00 0.0000e+00 0.0000e+00 0.0000e+00 0.0000e+00 0.0000e+00 0.0000e+00 0.0000e+00 0.0000e+00 0.0000e+00 0.0000e+00 0.0000e+00 0.0000e+00 0.0000e+00 0.0000e+00 0.0000e+00 0.0000e+00 0.0000e+00 0.0000e+00 0.0000e+00 0.0000e+00 0.0000e+00 0.0000e+00 0.0000e+00 0.0000e+00 0.0000e+00 0.0000e+00 0.0000e+00 1.1768e-09 6.6635e-09 1.8392e-08 3.7841e-08 6.6298e-08 1.0495e-07 1.5495e-07 2.1740e-07 2.9343e-07 3.8419e-07 4.9081e-07 6.1449e-07 7.5644e-07 9.1788e-07 1.1000e-06 0.0000e+00 1.5310e-06 1.7819e-06 2.0574e-06 2.3578e-06 2.6828e-06 3.0314e-06 3.4016e-06 3.7898e-06 4.1909e-06 4.5972e-06 4.9985e-06 5.3815e-06 5.7293e-06 6.0217e-06 6.2352e-06 6.3446e-06 6.3249e-06 6.1543e-06 5.8189e-06 5.3174e-06 4.6660e-06 3.9011e-06 3.0788e-06 2.2681e-06 1.5388e-06 9.4609e-07 5.1697e-07 2.4526e-07 9.8213e-08 3.2087e-08 8.2078e-09 1.5640e-09 2.0896e-10 1.8189e-11 9.4290e-13 2.6089e-14 3.3682e-16 1.7202e-18 2.8347e-21 1.1716e-24 8.8840e-29 8.3696e-34 6.0173e-40 1.7898e-47 1.0173e-56 4.1512e-68 3.4935e-82 1.2275e-99 2.3008e-121 1.5985e-148 1.2677e-182 1.1770e-225 2.8580e-280 0.0000e+00 0.0000e+00 0.0000e+00 0.0000e+00 0.0000e+00 0.0000e+00 0.0000e+00 0.0000e+00 0.0000e+00 0.0000e+00 0.0000e+00 0.0000e+00 0.0000e+00 0.0000e+00 0.0000e+00 0.0000e+00 0.0000e+00 0.0000e+00 0.0000e+00 0.0000e+00 0.0000e+00 0.0000e+00 0.0000e+00 0.0000e+00 0.0000e+00 0.0000e+00 0.0000e+00 0.0000e+00 0.0000e+00 0.0000e+00 0.0000e+00
-1.3817e-09 -7.8234e-09 -2.1594e-08 -4.4428e-08 -7.7838e-08 -1.2322e-07 -1.8192e-07 -2.5524e-07 -3.4451e-07 -4.5106e-07 -5.7625e-07 -7.2146e-07 -8.8812e-07 -1.0777e-06 -1.2915e-06 -1.5311e-06 1.3281e-04 -2.0923e-06 -2.4159e-06 -2.7688e-06 -3.1507e-06 -3.5606e-06 -3.9960e-06 -4.4529e-06 -4.9252e-06 -5.4044e-06 -5.8784e-06 -6.3317e-06 -6.7449e-06 -7.0941e-06 -7.3521e-06 -7.4892e-06 -7.4759e-06 -7.2860e-06 -6.9025e-06 -6.3227e-06 -5.5641e-06 -4.6682e-06 -3.6997e-06 -2.7393e-06 -1.8698e-06 -1.1580e-06 -6.3826e-07 -3.0596e-07 -1.2405e-07 -4.1130e-08 -1.0707e-08 -2.0832e-09 -2.8530e-10 -2.5569e-11 -1.3720e-12 -3.9536e-14 -5.3536e-16 -2.8912e-18 -5.0855e-21 -2.2677e-24 -1.8776e-28 -1.9584e-33 -1.5831e-39 -5.3885e-47 -3.5754e-56 -1.7423e-67 -1.7979e-81 -7.9933e-99 -1.9702e-120 -1.8916e-147 -2.2212e-181 -3.4021e-224 -1.6844e-278 0.0000e+00 0.0000e+00 0.0000e+00 0.0000e+00 0.0000e+00 0.0000e+00 0.0000e+00 0.0000e+00 0.0000e+00 0.0000e+00 0.0000e+00 0.0000e+00 0.0000e+00 0.0000e+00 0.0000e+00 0.0000e+00 0.0000e+00 0.0000e+00 0.0000e+00 0.0000e+00 0.0000e+00 0.0000e+00 0.0000e+00 0.0000e+00 0.0000e+00 0.0000e+00 0.0000e+00 0.0000e+00 0.0000e+00 0.0000e+00 0.0000e+00 1.3817e-09 7.8234e-09 2.1594e-08 4.4428e-08 7.7838e-08 1.2322e-07 1.8192e-07 2.5524e-07 3.4451e-07 4.5106e-07 5.7624e-07 7.2145e-07 8.8811e-07 1.0776e-06 1.2915e-06 1.5310e-06 0.0000e+00 2.0921e-06 2.4155e-06 2.7682e-06 3.1497e-06 3.5591e-06 3.9937e-06 4.4495e-06 4.9204e-06 5.3974e-06 5.8686e-06 6.3183e-06 6.7266e-06 7.0698e-06 7.3205e-06 7.4490e-06 7.4258e-06 7.2256e-06 6.8318e-06 6.2430e-06 5.4782e-06 4.5801e-06 3.6147e-06 2.6629e-06 1.8066e-06 1.1108e-06 6.0694e-07 2.8794e-07 1.1530e-07 3.7670e-08 9.6358e-09 1.8360e-09 2.4530e-10 2.1350e-11 1.1067e-12 3.0616e-14 3.9519e-16 2.0177e-18 3.3235e-21 1.3728e-24 1.0399e-28 9.7827e-34 7.0176e-40 2.0802e-47 1.1762e-56 4.7592e-68 3.9511e-82 1.3570e-99 2.4436e-121 1.5737e-148 1.0586e-182 5.9879e-226 -1.1847e-280 0.0000e+00 0.0000e+00 0.0000e+00 0.0000e+00 0.0000e+00 0.0000e+00 0.0000e+00 0.0000e+00 0.0000e+00 0.0000e+00 0.0000e+00 0.0000e+00 0.0000e+00 0.0000e+00 0.0000e+00 0.0000e+00 0.0000e+00 0.0000e+00 0.0000e+00 0.0000e+00 0.0000e+00 0.0000e+00 0.0000e+00 0.0000e+00 0.0000e+00 0.0000e+00 0.0000e+00 0.0000e+00 0.0000e+00 0.0000e+00 0.0000e+00
