1.1863e-08 -1.4142e-08 -2.5981e-08 -4.0000e-08 -5.5901e-08 -7.3484e-08 -9.2599e-08 -1.1313e-07 -1.3499e-07 -1.5810e-07 -1.8239e-07 -2.0780e-07 -2.3429e-07 -2.6182e-07 -2.9033e-07 -3.1979e-07 -3.5017e-07 -3.8144e-07 -4.1356e-07 -4.4650e-07 -4.8024e-07 -5.1474e-07 -5.4998e-07 -5.8593e-07 -6.2256e-07 -6.5985e-07 -6.9776e-07 -7.3627e-07 -7.7535e-07 -8.1496e-07 -8.5507e-07 -8.9566e-07 -9.3668e-07 -9.7810e-07 -1.0199e-06 -1.0620e-06 -1.1044e-06 -1.1471e-06 -1.1899e-06 -1.2329e-06 -1.2761e-06 -1.3193e-06 -1.3625e-06 -1.4056e-06 -1.4487e-06 -1.4916e-06 -1.5344e-06 -1.5768e-06 -1.6189e-06 -1.6607e-06 -1.7019e-06 -1.7427e-06 -1.7829e-06 -1.8224e-06 -1.8611e-06 -1.8991e-06 -1.9361e-06 -1.9723e-06 -2.0073e-06 -2.0413e-06 -2.0741e-06 -2.1056e-06 -2.1358e-06 -2.1646e-06 -2.1919e-06 -2.2176e-06 -2.2416e-06 -2.2640e-06 -2.2846e-06 -2.3033e-06 -2.3200e-06 -2.3348e-06 -2.3476e-06 -2.3582e-06 -2.3667e-06 -2.3730e-06 -2.3771e-06 -2.3788e-06 -2.3782e-06 -2.3753e-06 -2.3700e-06 -2.3623e-06 -2.3522e-06 -2.3397e-06 -2.3248e-06 -2.3076e-06 -2.2879e-06 -2.2659e-06 -2.2417e-06 -2.2151e-06 -2.1863e-06 -2.1554e-06 -2.1224e-06 -2.0873e-06 -2.0503e-06 -2.0115e-06 -1.9708e-06 -1.9285e-06 -1.8847e-06 -1.8394e-06 0.0000e+00 -1.4142e-08 -2.5981e-08 -4.0000e-08 -5.5901e-08 -7.3484e-08 -9.2599e-08 -1.1313e-07 -1.3499e-07 -1.5810e-07 -1.8239e-07 -2.0780e-07 -2.3429e-07 -2.6182e-07 -2.9033e-07 -3.1979e-07 -3.5017e-07 -3.8144e-07 -4.1356e-07 -4.4650e-07 -4.8024e-07 -5.1474e-07 -5.4998e-07 -5.8593e-07 -6.2256e-07 -6.5985e-07 -6.9776e-07 -7.3627e-07 -7.7535e-07 -8.1496e-07 -8.5507e-07 -8.9566e-07 -9.3668e-07 -9.7810e-07 -1.0199e-06 -1.0620e-06 -1.1044e-06 -1.1471e-06 -1.1899e-06 -1.2329e-06 -1.2761e-06 -1.3193e-06 -1.3625e-06 -1.4056e-06 -1.4487e-06 -1.4916e-06 -1.5344e-06 -1.5768e-06 -1.6189e-06 -1.6607e-06 -1.7019e-06 -1.7427e-06 -1.7829e-06 -1.8224e-06 -1.8611e-06 -1.8991e-06 -1.9361e-06 -1.9723e-06 -2.0073e-06 -2.0413e-06 -2.0741e-06 -2.1056e-06 -2.1358e-06 -2.1646e-06 -2.1919e-06 -2.2176e-06 -2.2416e-06 -2.2640e-06 -2.2846e-06 -2.3033e-06 -2.3200e-06 -2.3348e-06 -2.3476e-06 -2.3582e-06 -2.3667e-06 -2.3730e-06 -2.3771e-06 -2.3788e-06 -2.3782e-06 -2.3753e-06 -2.3700e-06 -2.3623e-06 -2.3522e-06 -2.3397e-06 -2.3248e-06 -2.3076e-06 -2.2879e-06 -2.2659e-06 -2.2417e-06 -2.2151e-06 -2.1863e-06 -2.1554e-06 -2.1224e-06 -2.0873e-06 -2.0503e-06 -2.0115e-06 -1.9708e-06 -1.9285e-06 -1.8847e-06 -1.8394e-06
-1.4142e-08 1.6314e-07 -7.3485e-08 -1.1314e-07 -1.5811e-07 -2.0784e-07 -2.6191e-07 -3.1999e-07 -3.8181e-07 -4.4717e-07 -5.1587e-07 -5.8776e-07 -6.6268e-07 -7.4053e-07 -8.2117e-07 -9.0450e-07 -9.9043e-07 -1.0789e-06 -1.1697e-06 -1.2629e-06 -1.3583e-06 -1.4559e-06 -1.5556e-06 -1.6573e-06 -1.7609e-06 -1.8663e-06 -1.9736e-06 -2.0825e-06 -2.1930e-06 -2.3050e-06 -2.4185e-06 -2.5333e-06 -2.6493e-06 -2.7665e-06 -2.8847e-06 -3.0038e-06 -3.1238e-06 -3.2444e-06 -3.3656e-06 -3.4873e-06 -3.6093e-06 -3.7314e-06 -3.8536e-06 -3.9757e-06 -4.0976e-06 -4.2190e-06 -4.3398e-06 -4.4599e-06 -4.5790e-06 -4.6971e-06 -4.8138e-06 -4.9291e-06 -5.0427e-06 -5.1544e-06 -5.2640e-06 -5.3714e-06 -5.4762e-06 -5.5784e-06 -5.6776e-06 -5.7737e-06 -5.8665e-06 -5.9557e-06 -6.0410e-06 -6.1224e-06 -6.1996e-06 -6.2723e-06 -6.3403e-06 -6.4035e-06 -6.4617e-06 -6.5146e-06 -6.5621e-06 -6.6039e-06 -6.6400e-06 -6.6701e-06 -6.6941e-06 -6.7119e-06 -6.7233e-06 -6.7283e-06 -6.7266e-06 -6.7184e-06 -6.7034e-06 -6.6816e-06 -6.6531e-06 -6.6178e-06 -6.5757e-06 -6.5268e-06 -6.4712e-06 -6.4091e-06 -6.3404e-06 -6.2652e-06 -6.1839e-06 -6.0964e-06 -6.0029e-06 -5.9038e-06 -5.7992e-06 -5.6893e-06 -5.5744e-06 -5.4547e-06 -5.3307e-06 -5.2026e-06 -1.4142e-08 0.0000e+00 -7.3485e-08 -1.1314e-07 -1.5811e-07 -2.0784e-07 -2.6191e-07 -3.1999e-07 -3.8181e-07 -4.4717e-07 -5.1587e-07 -5.8776e-07 -6.6268e-07 -7.4053e-07 -8.2117e-07 -9.0450e-07 -9.9043e-07 -1.0789e-06 -1.1697e-06 -1.2629e-06 -1.3583e-06 -1.4559e-06 -1.5556e-06 -1.6573e-06 -1.7609e-06 -1.8663e-06 -1.9736e-06 -2.0825e-06 -2.1930e-06 -2.3050e-06 -2.4185e-06 -2.5333e-06 -2.6493e-06 -2.7665e-06 -2.8847e-06 -3.0038e-06 -3.1238e-06 -3.2444e-06 -3.3656e-06 -3.4873e-06 -3.6093e-06 -3.7314e-06 -3.8536e-06 -3.9757e-06 -4.0976e-06 -4.2190e-06 -4.3398e-06 -4.4599e-06 -4.5790e-06 -4.6971e-06 -4.8138e-06 -4.9291e-06 -5.0427e-06 -5.1544e-06 -5.2640e-06 -5.3714e-06 -5.4762e-06 -5.5784e-06 -5.6776e-06 -5.7737e-06 -5.8665e-06 -5.9557e-06 -6.0410e-06 -6.1224e-06 -6.1996e-06 -6.2723e-06 -6.3403e-06 -6.4035e-06 -6.4617e-06 -6.5146e-06 -6.5621e-06 -6.6039e-06 -6.6400e-06 -6.6701e-06 -6.6941e-06 -6.7119e-06 -6.7233e-06 -6.7283e-06 -6.7266e-06 -6.7184e-06 -6.7034e-06 -6.6816e-06 -6.6531e-06 -6.6178e-06 -6.5757e-06 -6.5268e-06 -6.4712e-06 -6.4091e-06 -6.3404e-06 -6.2652e-06 -6.1839e-06 -6.0964e-06 -6.0029e-06 -5.9038e-06 -5.7992e-06 -5.6893e-06 -5.5744e-06 -5.4547e-06 -5.3307e-06 -5.2026e-06
-2.5981e-08 -7.3485e-08 8.2612e-07 -2.0785e-07 -2.9047e-07 -3.8183e-07 -4.8116e-07 -5.8785e-07 -7.0143e-07 -8.2150e-07 -9.4771e-07 -1.0798e-06 -1.2174e-06 -1.3604e-06 -1.5086e-06 -1.6617e-06 -1.8195e-06 -1.9820e-06 -2.1489e-06 -2.3201e-06 -2.4954e-06 -2.6747e-06 -2.8578e-06 -3.0446e-06 -3.2349e-06 -3.4287e-06 -3.6257e-06 -3.8258e-06 -4.0288e-06 -4.2346e-06 -4.4431e-06 -4.6540e-06 -4.8671e-06 -5.0824e-06 -5.2995e-06 -5.5184e-06 -5.7387e-06 -5.9603e-06 -6.1830e-06 -6.4065e-06 -6.6306e-06 -6.8551e-06 -7.0796e-06 -7.3039e-06 -7.5277e-06 -7.7507e-06 -7.9727e-06 -8.1933e-06 -8.4122e-06 -8.6291e-06 -8.8435e-06 -9.0553e-06 -9.2640e-06 -9.4692e-06 -9.6706e-06 -9.8679e-06 -1.0061e-05 -1.0248e-05 -1.0430e-05 -1.0607e-05 -1.0777e-05 -1.0941e-05 -1.1098e-05 -1.1248e-05 -1.1389e-05 -1.1523e-05 -1.1648e-05 -1.1764e-05 -1.1871e-05 -1.1968e-05 -1.2055e-05 -1.2132e-05 -1.2198e-05 -1.2254e-05 -1.2298e-05 -1.2331e-05 -1.2352e-05 -1.2361e-05 -1.2358e-05 -1.2342e-05 -1.2315e-05 -1.2275e-05 -1.2223e-05 -1.2158e-05 -1.2080e-05 -1.1990e-05 -1.1888e-05 -1.1774e-05 -1.1648e-05 -1.1510e-05 -1.1360e-05 -1.1200e-05 -1.1028e-05 -1.0846e-05 -1.0654e-05 -1.0452e-05 -1.0241e-05 -1.0021e-05 -9.7932e-06 -9.5578e-06 -2.5981e-08 -7.3485e-08 0.0000e+00 -2.0785e-07 -2.9047e-07 -3.8183e-07 -4.8116e-07 -5.8785e-07 -7.0143e-07 -8.2150e-07 -9.4771e-07 -1.0798e-06 -1.2174e-06 -1.3604e-06 -1.5086e-06 -1.6617e-06 -1.8195e-06 -1.9820e-06 -2.1489e-06 -2.3201e-06 -2.4954e-06 -2.6747e-06 -2.8578e-06 -3.0446e-06 -3.2349e-06 -3.4287e-06 -3.6257e-06 -3.8258e-06 -4.0288e-06 -4.2346e-06 -4.4431e-06 -4.6540e-06 -4.8671e-06 -5.0824e-06 -5.2995e-06 -5.5184e-06 -5.7387e-06 -5.9603e-06 -6.1830e-06 -6.4065e-06 -6.6306e-06 -6.8551e-06 -7.0796e-06 -7.3039e-06 -7.5277e-06 -7.7507e-06 -7.9727e-06 -8.1933e-06 -8.4122e-06 -8.6291e-06 -8.8435e-06 -9.0553e-06 -9.2640e-06 -9.4692e-06 -9.6706e-06 -9.8679e-06 -1.0061e-05 -1.0248e-05 -1.0430e-05 -1.0607e-05 -1.0777e-05 -1.0941e-05 -1.1098e-05 -1.1248e-05 -1.1389e-05 -1.1523e-05 -1.1648e-05 -1.1764e-05 -1.1871e-05 -1.1968e-05 -1.2055e-05 -1.2132e-05 -1.2198e-05 -1.2254e-05 -1.2298e-05 -1.2331e-05 -1.2352e-05 -1.2361e-05 -1.2358e-05 -1.2342e-05 -1.2315e-05 -1.2275e-05 -1.2222e-05 -1.2158e-05 -1.2080e-05 -1.1990e-05 -1.1888e-05 -1.1774e-05 -1.1648e-05 -1.1510e-05 -1.1360e-05 -1.1200e-05 -1.1028e-05 -1.0846e-05 -1.0654e-05 -1.0452e-05 -1.0241e-05 -1.0021e-05 -9.7932e-06 -9.5578e-06
-4.0000e-08 -1.1314e-07 -2.0785e-07 2.6109e-06 -4.4721e-07 -5.8787e-07 -7.4079e-07 -9.0506e-07 -1.0799e-06 -1.2648e-06 -1.4591e-06 -1.6624e-06 -1.8743e-06 -2.0945e-06 -2.3226e-06 -2.5583e-06 -2.8014e-06 -3.0515e-06 -3.3084e-06 -3.5720e-06 -3.8419e-06 -4.1179e-06 -4.3998e-06 -4.6874e-06 -4.9805e-06 -5.2788e-06 -5.5821e-06 -5.8902e-06 -6.2027e-06 -6.5196e-06 -6.8405e-06 -7.1652e-06 -7.4934e-06 -7.8248e-06 -8.1591e-06 -8.4961e-06 -8.8353e-06 -9.1765e-06 -9.5194e-06 -9.8635e-06 -1.0209e-05 -1.0554e-05 -1.0900e-05 -1.1245e-05 -1.1590e-05 -1.1933e-05 -1.2275e-05 -1.2614e-05 -1.2951e-05 -1.3285e-05 -1.3615e-05 -1.3942e-05 -1.4263e-05 -1.4579e-05 -1.4889e-05 -1.5193e-05 -1.5489e-05 -1.5778e-05 -1.6059e-05 -1.6331e-05 -1.6593e-05 -1.6845e-05 -1.7087e-05 -1.7317e-05 -1.7535e-05 -1.7741e-05 -1.7933e-05 -1.8112e-05 -1.8276e-05 -1.8426e-05 -1.8560e-05 -1.8679e-05 -1.8781e-05 -1.8866e-05 -1.8934e-05 -1.8984e-05 -1.9016e-05 -1.9030e-05 -1.9026e-05 -1.9002e-05 -1.8960e-05 -1.8898e-05 -1.8818e-05 -1.8718e-05 -1.8599e-05 -1.8461e-05 -1.8303e-05 -1.8128e-05 -1.7933e-05 -1.7721e-05 -1.7491e-05 -1.7243e-05 -1.6979e-05 -1.6698e-05 -1.6403e-05 -1.6092e-05 -1.5767e-05 -1.5428e-05 -1.5078e-05 -1.4715e-05 -4.0000e-08 -1.1314e-07 -2.0785e-07 0.0000e+00 -4.4721e-07 -5.8787e-07 -7.4079e-07 -9.0506e-07 -1.0799e-06 -1.2648e-06 -1.4591e-06 -1.6624e-06 -1.8743e-06 -2.0945e-06 -2.3226e-06 -2.5583e-06 -2.8014e-06 -3.0515e-06 -3.3084e-06 -3.5720e-06 -3.8419e-06 -4.1179e-06 -4.3998e-06 -4.6874e-06 -4.9805e-06 -5.2788e-06 -5.5821e-06 -5.8902e-06 -6.2027e-06 -6.5196e-06 -6.8405e-06 -7.1652e-06 -7.4934e-06 -7.8248e-06 -8.1591e-06 -8.4961e-06 -8.8353e-06 -9.1765e-06 -9.5194e-06 -9.8635e-06 -1.0209e-05 -1.0554e-05 -1.0900e-05 -1.1245e-05 -1.1590e-05 -1.1933e-05 -1.2275e-05 -1.2614e-05 -1.2951e-05 -1.3285e-05 -1.3615e-05 -1.3942e-05 -1.4263e-05 -1.4579e-05 -1.4889e-05 -1.5193e-05 -1.5489e-05 -1.5778e-05 -1.6059e-05 -1.6331e-05 -1.6593e-05 -1.6845e-05 -1.7087e-05 -1.7317e-05 -1.7535e-05 -1.7741e-05 -1.7933e-05 -1.8112e-05 -1.8276e-05 -1.8426e-05 -1.8560e-05 -1.8679e-05 -1.8781e-05 -1.8866e-05 -1.8934e-05 -1.8984e-05 -1.9016e-05 -1.9030e-05 -1.9026e-05 -1.9002e-05 -1.8960e-05 -1.8898e-05 -1.8818e-05 -1.8718e-05 -1.8599e-05 -1.8461e-05 -1.8303e-05 -1.8128e-05 -1.7933e-05 -1.7721e-05 -1.7491e-05 -1.7243e-05 -1.6979e-05 -1.6698e-05 -1.6402e-05 -1.6092e-05 -1.5767e-05 -1.5428e-05 -1.5078e-05 -1.4715e-05
-5.5901e-08 -1.5811e-07 -2.9047e-07 -4.4721e-07 6.3743e-06 -8.2157e-07 -1.0353e-06 -1.2649e-06 -1.5092e-06 -1.7676e-06 -2.0391e-06 -2.3233e-06 -2.6195e-06 -2.9272e-06 -3.2459e-06 -3.5753e-06 -3.9150e-06 -4.2646e-06 -4.6237e-06 -4.9920e-06 -5.3692e-06 -5.7549e-06 -6.1489e-06 -6.5509e-06 -6.9604e-06 -7.3773e-06 -7.8012e-06 -8.2317e-06 -8.6686e-06 -9.1114e-06 -9.5599e-06 -1.0014e-05 -1.0472e-05 -1.0935e-05 -1.1403e-05 -1.1874e-05 -1.2348e-05 -1.2825e-05 -1.3304e-05 -1.3785e-05 -1.4267e-05 -1.4750e-05 -1.5233e-05 -1.5715e-05 -1.6197e-05 -1.6677e-05 -1.7154e-05 -1.7629e-05 -1.8100e-05 -1.8567e-05 -1.9028e-05 -1.9484e-05 -1.9933e-05 -2.0374e-05 -2.0808e-05 -2.1232e-05 -2.1647e-05 -2.2050e-05 -2.2443e-05 -2.2823e-05 -2.3189e-05 -2.3542e-05 -2.3879e-05 -2.4201e-05 -2.4506e-05 -2.4793e-05 -2.5062e-05 -2.5312e-05 -2.5542e-05 -2.5751e-05 -2.5939e-05 -2.6104e-05 -2.6247e-05 -2.6366e-05 -2.6461e-05 -2.6531e-05 -2.6576e-05 -2.6596e-05 -2.6589e-05 -2.6557e-05 -2.6497e-05 -2.6411e-05 -2.6299e-05 -2.6159e-05 -2.5993e-05 -2.5799e-05 -2.5580e-05 -2.5334e-05 -2.5062e-05 -2.4766e-05 -2.4444e-05 -2.4098e-05 -2.3729e-05 -2.3337e-05 -2.2923e-05 -2.2489e-05 -2.2035e-05 -2.1562e-05 -2.1072e-05 -2.0565e-05 -5.5901e-08 -1.5811e-07 -2.9047e-07 -4.4721e-07 0.0000e+00 -8.2157e-07 -1.0353e-06 -1.2649e-06 -1.5092e-06 -1.7676e-06 -2.0391e-06 -2.3233e-06 -2.6195e-06 -2.9272e-06 -3.2459e-06 -3.5753e-06 -3.9150e-06 -4.2646e-06 -4.6237e-06 -4.9920e-06 -5.3692e-06 -5.7549e-06 -6.1489e-06 -6.5509e-06 -6.9604e-06 -7.3773e-06 -7.8012e-06 -8.2317e-06 -8.6686e-06 -9.1114e-06 -9.5599e-06 -1.0014e-05 -1.0472e-05 -1.0935e-05 -1.1403e-05 -1.1874e-05 -1.2348e-05 -1.2825e-05 -1.3304e-05 -1.3785e-05 -1.4267e-05 -1.4750e-05 -1.5233e-05 -1.5715e-05 -1.6197e-05 -1.6677e-05 -1.7154e-05 -1.7629e-05 -1.8100e-05 -1.8567e-05 -1.9028e-05 -1.9484e-05 -1.9933e-05 -2.0374e-05 -2.0808e-05 -2.1232e-05 -2.1647e-05 -2.2050e-05 -2.2443e-05 -2.2823e-05 -2.3189e-05 -2.3542e-05 -2.3879e-05 -2.4201e-05 -2.4506e-05 -2.4793e-05 -2.5062e-05 -2.5312e-05 -2.5542e-05 -2.5751e-05 -2.5939e-05 -2.6104e-05 -2.6247e-05 -2.6366e-05 -2.6461e-05 -2.6531e-05 -2.6576e-05 -2.6596e-05 -2.6589e-05 -2.6556e-05 -2.6497e-05 -2.6411e-05 -2.6299e-05 -2.6159e-05 -2.5992e-05 -2.5799e-05 -2.5580e-05 -2.5334e-05 -2.5062e-05 -2.4765e-05 -2.4444e-05 -2.4098e-05 -2.3729e-05 -2.3337e-05 -2.2923e-05 -2.2489e-05 -2.2035e-05 -2.1562e-05 -2.1071e-05 -2.0565e-05
-7.3484e-08 -2.0784e-07 -3.8183e-07 -5.8787e-07 -8.2157e-07 1.3218e-05 -1.3609e-06 -1.6627e-06 -1.9839e-06 -2.3235e-06 -2.6805e-06 -3.0540e-06 -3.4434e-06 -3.8478e-06 -4.2669e-06 -4.6999e-06 -5.1464e-06 -5.6059e-06 -6.0779e-06 -6.5621e-06 -7.0579e-06 -7.5650e-06 -8.0829e-06 -8.6113e-06 -9.1497e-06 -9.6977e-06 -1.0255e-05 -1.0821e-05 -1.1395e-05 -1.1977e-05 -1.2567e-05 -1.3163e-05 -1.3766e-05 -1.4375e-05 -1.4989e-05 -1.5608e-05 -1.6231e-05 -1.6858e-05 -1.7488e-05 -1.8120e-05 -1.8754e-05 -1.9389e-05 -2.0024e-05 -2.0658e-05 -2.1291e-05 -2.1922e-05 -2.2550e-05 -2.3174e-05 -2.3793e-05 -2.4406e-05 -2.5013e-05 -2.5612e-05 -2.6202e-05 -2.6783e-05 -2.7352e-05 -2.7910e-05 -2.8455e-05 -2.8986e-05 -2.9502e-05 -3.0001e-05 -3.0483e-05 -3.0946e-05 -3.1390e-05 -3.1813e-05 -3.2214e-05 -3.2591e-05 -3.2945e-05 -3.3273e-05 -3.3576e-05 -3.3851e-05 -3.4097e-05 -3.4315e-05 -3.4502e-05 -3.4659e-05 -3.4783e-05 -3.4876e-05 -3.4935e-05 -3.4961e-05 -3.4952e-05 -3.4909e-05 -3.4832e-05 -3.4719e-05 -3.4570e-05 -3.4387e-05 -3.4168e-05 -3.3914e-05 -3.3625e-05 -3.3302e-05 -3.2945e-05 -3.2555e-05 -3.2132e-05 -3.1678e-05 -3.1192e-05 -3.0677e-05 -3.0133e-05 -2.9562e-05 -2.8965e-05 -2.8344e-05 -2.7699e-05 -2.7034e-05 -7.3484e-08 -2.0784e-07 -3.8183e-07 -5.8787e-07 -8.2157e-07 0.0000e+00 -1.3609e-06 -1.6627e-06 -1.9839e-06 -2.3235e-06 -2.6805e-06 -3.0540e-06 -3.4434e-06 -3.8478e-06 -4.2669e-06 -4.6999e-06 -5.1464e-06 -5.6059e-06 -6.0779e-06 -6.5621e-06 -7.0579e-06 -7.5650e-06 -8.0829e-06 -8.6113e-06 -9.1497e-06 -9.6977e-06 -1.0255e-05 -1.0821e-05 -1.1395e-05 -1.1977e-05 -1.2567e-05 -1.3163e-05 -1.3766e-05 -1.4375e-05 -1.4989e-05 -1.5608e-05 -1.6231e-05 -1.6858e-05 -1.7488e-05 -1.8120e-05 -1.8754e-05 -1.9389e-05 -2.0024e-05 -2.0658e-05 -2.1291e-05 -2.1922e-05 -2.2550e-05 -2.3174e-05 -2.3793e-05 -2.4406e-05 -2.5013e-05 -2.5612e-05 -2.6202e-05 -2.6783e-05 -2.7352e-05 -2.7910e-05 -2.8455e-05 -2.8986e-05 -2.9502e-05 -3.0001e-05 -3.0483e-05 -3.0946e-05 -3.1390e-05 -3.1813e-05 -3.2213e-05 -3.2591e-05 -3.2945e-05 -3.3273e-05 -3.3576e-05 -3.3850e-05 -3.4097e-05 -3.4315e-05 -3.4502e-05 -3.4658e-05 -3.4783e-05 -3.4876e-05 -3.4935e-05 -3.4961e-05 -3.4952e-05 -3.4909e-05 -3.4831e-05 -3.4718e-05 -3.4570e-05 -3.4387e-05 -3.4168e-05 -3.3914e-05 -3.3625e-05 -3.3302e-05 -3.2945e-05 -3.2555e-05 -3.2132e-05 -3.1677e-05 -3.1192e-05 -3.0677e-05 -3.0133e-05 -2.9562e-05 -2.8965e-05 -2.8344e-05 -2.7699e-05 -2.7033e-05
-9.2599e-08 -2.6191e-07 -4.8116e-07 -7.4079e-07 -1.0353e-06 -1.3609e-06 2.4488e-05 -2.0952e-06 -2.5000e-06 -2.9279e-06 -3.3778e-06 -3.8485e-06 -4.3391e-06 -4.8488e-06 -5.3768e-06 -5.9225e-06 -6.4851e-06 -7.0641e-06 -7.6590e-06 -8.2691e-06 -8.8939e-06 -9.5329e-06 -1.0186e-05 -1.0851e-05 -1.1530e-05 -1.2220e-05 -1.2922e-05 -1.3636e-05 -1.4359e-05 -1.5093e-05 -1.5836e-05 -1.6587e-05 -1.7347e-05 -1.8114e-05 -1.8888e-05 -1.9668e-05 -2.0454e-05 -2.1244e-05 -2.2037e-05 -2.2834e-05 -2.3633e-05 -2.4432e-05 -2.5233e-05 -2.6032e-05 -2.6830e-05 -2.7625e-05 -2.8416e-05 -2.9202e-05 -2.9982e-05 -3.0755e-05 -3.1520e-05 -3.2274e-05 -3.3018e-05 -3.3750e-05 -3.4468e-05 -3.5171e-05 -3.5857e-05 -3.6526e-05 -3.7176e-05 -3.7805e-05 -3.8412e-05 -3.8996e-05 -3.9555e-05 -4.0088e-05 -4.0593e-05 -4.1069e-05 -4.1515e-05 -4.1929e-05 -4.2310e-05 -4.2656e-05 -4.2967e-05 -4.3241e-05 -4.3477e-05 -4.3675e-05 -4.3832e-05 -4.3948e-05 -4.4023e-05 -4.4055e-05 -4.4045e-05 -4.3991e-05 -4.3893e-05 -4.3750e-05 -4.3563e-05 -4.3332e-05 -4.3057e-05 -4.2737e-05 -4.2373e-05 -4.1966e-05 -4.1516e-05 -4.1024e-05 -4.0491e-05 -3.9918e-05 -3.9307e-05 -3.8658e-05 -3.7973e-05 -3.7253e-05 -3.6501e-05 -3.5717e-05 -3.4905e-05 -3.4067e-05 -9.2599e-08 -2.6191e-07 -4.8116e-07 -7.4079e-07 -1.0353e-06 -1.3609e-06 0.0000e+00 -2.0952e-06 -2.5000e-06 -2.9279e-06 -3.3778e-06 -3.8485e-06 -4.3391e-06 -4.8488e-06 -5.3768e-06 -5.9225e-06 -6.4851e-06 -7.0641e-06 -7.6590e-06 -8.2691e-06 -8.8939e-06 -9.5329e-06 -1.0186e-05 -1.0851e-05 -1.1530e-05 -1.2220e-05 -1.2922e-05 -1.3636e-05 -1.4359e-05 -1.5093e-05 -1.5836e-05 -1.6587e-05 -1.7347e-05 -1.8114e-05 -1.8888e-05 -1.9668e-05 -2.0454e-05 -2.1244e-05 -2.2037e-05 -2.2834e-05 -2.3633e-05 -2.4432e-05 -2.5233e-05 -2.6032e-05 -2.6830e-05 -2.7625e-05 -2.8416e-05 -2.9202e-05 -2.9982e-05 -3.0755e-05 -3.1520e-05 -3.2274e-05 -3.3018e-05 -3.3750e-05 -3.4468e-05 -3.5170e-05 -3.5857e-05 -3.6526e-05 -3.7176e-05 -3.7805e-05 -3.8412e-05 -3.8996e-05 -3.9555e-05 -4.0088e-05 -4.0593e-05 -4.1069e-05 -4.1515e-05 -4.1929e-05 -4.2310e-05 -4.2656e-05 -4.2967e-05 -4.3241e-05 -4.3477e-05 -4.3674e-05 -4.3832e-05 -4.3948e-05 -4.4023e-05 -4.4055e-05 -4.4044e-05 -4.3990e-05 -4.3892e-05 -4.3750e-05 -4.3563e-05 -4.3332e-05 -4.3056e-05 -4.2736e-05 -4.2372e-05 -4.1965e-05 -4.1515e-05 -4.1024e-05 -4.0491e-05 -3.9918e-05 -3.9306e-05 -3.8657e-05 -3.7972e-05 -3.7252e-05 -3.6500e-05 -3.5717e-05 -3.4905e-05 -3.4066e-05
-1.1313e-07 -3.1999e-07 -5.8785e-07 -9.0506e-07 -1.2649e-06 -1.6627e-06 -2.0952e-06 4.1775e-05 -3.0544e-06 -3.5772e-06 -4.1268e-06 -4.7019e-06 -5.3012e-06 -5.9240e-06 -6.5691e-06 -7.2357e-06 -7.9231e-06 -8.6306e-06 -9.3573e-06 -1.0103e-05 -1.0866e-05 -1.1647e-05 -1.2444e-05 -1.3258e-05 -1.4086e-05 -1.4930e-05 -1.5788e-05 -1.6659e-05 -1.7543e-05 -1.8440e-05 -1.9347e-05 -2.0266e-05 -2.1194e-05 -2.2131e-05 -2.3077e-05 -2.4030e-05 -2.4989e-05 -2.5954e-05 -2.6924e-05 -2.7897e-05 -2.8873e-05 -2.9850e-05 -3.0828e-05 -3.1805e-05 -3.2779e-05 -3.3750e-05 -3.4717e-05 -3.5678e-05 -3.6631e-05 -3.7575e-05 -3.8509e-05 -3.9431e-05 -4.0340e-05 -4.1234e-05 -4.2111e-05 -4.2970e-05 -4.3808e-05 -4.4626e-05 -4.5420e-05 -4.6188e-05 -4.6930e-05 -4.7644e-05 -4.8327e-05 -4.8978e-05 -4.9595e-05 -5.0177e-05 -5.0721e-05 -5.1227e-05 -5.1692e-05 -5.2115e-05 -5.2495e-05 -5.2830e-05 -5.3119e-05 -5.3360e-05 -5.3552e-05 -5.3694e-05 -5.3785e-05 -5.3825e-05 -5.3812e-05 -5.3746e-05 -5.3626e-05 -5.3452e-05 -5.3224e-05 -5.2942e-05 -5.2605e-05 -5.2214e-05 -5.1770e-05 -5.1272e-05 -5.0723e-05 -5.0122e-05 -4.9471e-05 -4.8771e-05 -4.8024e-05 -4.7231e-05 -4.6394e-05 -4.5515e-05 -4.4595e-05 -4.3639e-05 -4.2647e-05 -4.1622e-05 -1.1313e-07 -3.1999e-07 -5.8785e-07 -9.0506e-07 -1.2649e-06 -1.6627e-06 -2.0952e-06 0.0000e+00 -3.0544e-06 -3.5772e-06 -4.1268e-06 -4.7019e-06 -5.3012e-06 -5.9240e-06 -6.5691e-06 -7.2357e-06 -7.9231e-06 -8.6306e-06 -9.3573e-06 -1.0103e-05 -1.0866e-05 -1.1647e-05 -1.2444e-05 -1.3258e-05 -1.4086e-05 -1.4930e-05 -1.5788e-05 -1.6659e-05 -1.7543e-05 -1.8440e-05 -1.9347e-05 -2.0266e-05 -2.1194e-05 -2.2131e-05 -2.3077e-05 -2.4030e-05 -2.4989e-05 -2.5954e-05 -2.6924e-05 -2.7897e-05 -2.8873e-05 -2.9850e-05 -3.0828e-05 -3.1805e-05 -3.2779e-05 -3.3750e-05 -3.4717e-05 -3.5678e-05 -3.6631e-05 -3.7575e-05 -3.8509e-05 -3.9431e-05 -4.0340e-05 -4.1234e-05 -4.2111e-05 -4.2969e-05 -4.3808e-05 -4.4626e-05 -4.5419e-05 -4.6188e-05 -4.6930e-05 -4.7643e-05 -4.8326e-05 -4.8977e-05 -4.9595e-05 -5.0176e-05 -5.0721e-05 -5.1226e-05 -5.1692e-05 -5.2115e-05 -5.2495e-05 -5.2830e-05 -5.3118e-05 -5.3359e-05 -5.3551e-05 -5.3693e-05 -5.3785e-05 -5.3824e-05 -5.3811e-05 -5.3745e-05 -5.3625e-05 -5.3451e-05 -5.3223e-05 -5.2940e-05 -5.2604e-05 -5.2213e-05 -5.1768e-05 -5.1271e-05 -5.0721e-05 -5.0121e-05 -4.9470e-05 -4.8770e-05 -4.8022e-05 -4.7229e-05 -4.6392e-05 -4.5513e-05 -4.4594e-05 -4.3637e-05 -4.2645e-05 -4.1620e-05
-1.3499e-07 -3.8181e-07 -7.0143e-07 -1.0799e-06 -1.5092e-06 -1.9839e-06 -2.5000e-06 -3.0544e-06 6.6915e-05 -4.2684e-06 -4.9241e-06 -5.6103e-06 -6.3255e-06 -7.0686e-06 -7.8383e-06 -8.6338e-06 -9.4540e-06 -1.0298e-05 -1.1165e-05 -1.2055e-05 -1.2966e-05 -1.3897e-05 -1.4848e-05 -1.5819e-05 -1.6808e-05 -1.7815e-05 -1.8838e-05 -1.9878e-05 -2.0933e-05 -2.2002e-05 -2.3085e-05 -2.4181e-05 -2.5289e-05 -2.6407e-05 -2.7535e-05 -2.8672e-05 -2.9817e-05 -3.0969e-05 -3.2126e-05 -3.3287e-05 -3.4452e-05 -3.5618e-05 -3.6784e-05 -3.7950e-05 -3.9113e-05 -4.0272e-05 -4.1425e-05 -4.2571e-05 -4.3708e-05 -4.4835e-05 -4.5950e-05 -4.7050e-05 -4.8134e-05 -4.9201e-05 -5.0247e-05 -5.1272e-05 -5.2273e-05 -5.3248e-05 -5.4196e-05 -5.5113e-05 -5.5998e-05 -5.6849e-05 -5.7665e-05 -5.8441e-05 -5.9178e-05 -5.9872e-05 -6.0522e-05 -6.1125e-05 -6.1680e-05 -6.2185e-05 -6.2639e-05 -6.3038e-05 -6.3383e-05 -6.3670e-05 -6.3899e-05 -6.4069e-05 -6.4178e-05 -6.4226e-05 -6.4210e-05 -6.4131e-05 -6.3988e-05 -6.3781e-05 -6.3509e-05 -6.3172e-05 -6.2770e-05 -6.2304e-05 -6.1774e-05 -6.1180e-05 -6.0524e-05 -5.9808e-05 -5.9031e-05 -5.8196e-05 -5.7304e-05 -5.6358e-05 -5.5359e-05 -5.4310e-05 -5.3214e-05 -5.2072e-05 -5.0888e-05 -4.9665e-05 -1.3499e-07 -3.8181e-07 -7.0143e-07 -1.0799e-06 -1.5092e-06 -1.9839e-06 -2.5000e-06 -3.0544e-06 0.0000e+00 -4.2684e-06 -4.9241e-06 -5.6103e-06 -6.3255e-06 -7.0686e-06 -7.8383e-06 -8.6338e-06 -9.4540e-06 -1.0298e-05 -1.1165e-05 -1.2055e-05 -1.2966e-05 -1.3897e-05 -1.4848e-05 -1.5819e-05 -1.6808e-05 -1.7815e-05 -1.8838e-05 -1.9878e-05 -2.0933e-05 -2.2002e-05 -2.3085e-05 -2.4181e-05 -2.5289e-05 -2.6407e-05 -2.7535e-05 -2.8672e-05 -2.9817e-05 -3.0969e-05 -3.2126e-05 -3.3287e-05 -3.4452e-05 -3.5618e-05 -3.6784e-05 -3.7950e-05 -3.9113e-05 -4.0271e-05 -4.1425e-05 -4.2571e-05 -4.3708e-05 -4.4835e-05 -4.5949e-05 -4.7050e-05 -4.8134e-05 -4.9200e-05 -5.0247e-05 -5.1272e-05 -5.2273e-05 -5.3248e-05 -5.4195e-05 -5.5112e-05 -5.5998e-05 -5.6849e-05 -5.7664e-05 -5.8441e-05 -5.9177e-05 -5.9871e-05 -6.0521e-05 -6.1124e-05 -6.1679e-05 -6.2184e-05 -6.2638e-05 -6.3037e-05 -6.3381e-05 -6.3669e-05 -6.3898e-05 -6.4068e-05 -6.4177e-05 -6.4224e-05 -6.4209e-05 -6.4130e-05 -6.3987e-05 -6.3779e-05 -6.3507e-05 -6.3170e-05 -6.2768e-05 -6.2301e-05 -6.1771e-05 -6.1178e-05 -6.0522e-05 -5.9805e-05 -5.9028e-05 -5.8193e-05 -5.7301e-05 -5.6355e-05 -5.5356e-05 -5.4307e-05 -5.3211e-05 -5.2069e-05 -5.0885e-05 -4.9662e-05
-1.5810e-07 -4.4717e-07 -8.2150e-07 -1.2648e-06 -1.7676e-06 -2.3235e-06 -2.9279e-06 -3.5772e-06 -4.2684e-06 1.0199e-04 -5.7670e-06 -6.5707e-06 -7.4083e-06 -8.2785e-06 -9.1800e-06 -1.0112e-05 -1.1072e-05 -1.2061e-05 -1.3076e-05 -1.4118e-05 -1.5185e-05 -1.6276e-05 -1.7390e-05 -1.8527e-05 -1.9685e-05 -2.0864e-05 -2.2063e-05 -2.3281e-05 -2.4516e-05 -2.5769e-05 -2.7037e-05 -2.8320e-05 -2.9617e-05 -3.0927e-05 -3.2249e-05 -3.3580e-05 -3.4921e-05 -3.6270e-05 -3.7625e-05 -3.8985e-05 -4.0349e-05 -4.1715e-05 -4.3081e-05 -4.4446e-05 -4.5808e-05 -4.7165e-05 -4.8516e-05 -4.9858e-05 -5.1190e-05 -5.2510e-05 -5.3815e-05 -5.5104e-05 -5.6374e-05 -5.7623e-05 -5.8849e-05 -6.0049e-05 -6.1221e-05 -6.2363e-05 -6.3473e-05 -6.4547e-05 -6.5584e-05 -6.6581e-05 -6.7536e-05 -6.8446e-05 -6.9308e-05 -7.0121e-05 -7.0882e-05 -7.1589e-05 -7.2239e-05 -7.2831e-05 -7.3362e-05 -7.3830e-05 -7.4233e-05 -7.4570e-05 -7.4839e-05 -7.5038e-05 -7.5165e-05 -7.5221e-05 -7.5203e-05 -7.5111e-05 -7.4943e-05 -7.4700e-05 -7.4382e-05 -7.3987e-05 -7.3516e-05 -7.2970e-05 -7.2350e-05 -7.1655e-05 -7.0887e-05 -7.0047e-05 -6.9138e-05 -6.8160e-05 -6.7116e-05 -6.6008e-05 -6.4838e-05 -6.3610e-05 -6.2325e-05 -6.0988e-05 -5.9602e-05 -5.8170e-05 -1.5810e-07 -4.4717e-07 -8.2150e-07 -1.2648e-06 -1.7676e-06 -2.3235e-06 -2.9279e-06 -3.5772e-06 -4.2684e-06 0.0000e+00 -5.7670e-06 -6.5707e-06 -7.4083e-06 -8.2785e-06 -9.1800e-06 -1.0112e-05 -1.1072e-05 -1.2061e-05 -1.3076e-05 -1.4118e-05 -1.5185e-05 -1.6276e-05 -1.7390e-05 -1.8527e-05 -1.9685e-05 -2.0864e-05 -2.2063e-05 -2.3281e-05 -2.4516e-05 -2.5769e-05 -2.7037e-05 -2.8320e-05 -2.9617e-05 -3.0927e-05 -3.2249e-05 -3.3580e-05 -3.4921e-05 -3.6270e-05 -3.7625e-05 -3.8985e-05 -4.0349e-05 -4.1715e-05 -4.3081e-05 -4.4446e-05 -4.5808e-05 -4.7165e-05 -4.8516e-05 -4.9858e-05 -5.1190e-05 -5.2510e-05 -5.3815e-05 -5.5104e-05 -5.6373e-05 -5.7622e-05 -5.8848e-05 -6.0048e-05 -6.1221e-05 -6.2363e-05 -6.3472e-05 -6.4546e-05 -6.5583e-05 -6.6580e-05 -6.7535e-05 -6.8444e-05 -6.9307e-05 -7.0120e-05 -7.0881e-05 -7.1587e-05 -7.2238e-05 -7.2829e-05 -7.3360e-05 -7.3828e-05 -7.4231e-05 -7.4568e-05 -7.4836e-05 -7.5035e-05 -7.5163e-05 -7.5218e-05 -7.5200e-05 -7.5108e-05 -7.4940e-05 -7.4697e-05 -7.4378e-05 -7.3983e-05 -7.3513e-05 -7.2966e-05 -7.2346e-05 -7.1650e-05 -7.0883e-05 -7.0043e-05 -6.9133e-05 -6.8155e-05 -6.7111e-05 -6.6002e-05 -6.4833e-05 -6.3604e-05 -6.2320e-05 -6.0983e-05 -5.9596e-05 -5.8164e-05
-1.8239e-07 -5.1587e-07 -9.4771e-07 -1.4591e-06 -2.0391e-06 -2.6805e-06 -3.3778e-06 -4.1268e-06 -4.9241e-06 -5.7670e-06 1.4932e-04 -7.5801e-06 -8.5465e-06 -9.5504e-06 -1.0590e-05 -1.1665e-05 -1.2773e-05 -1.3914e-05 -1.5086e-05 -1.6287e-05 -1.7518e-05 -1.8776e-05 -2.0062e-05 -2.1373e-05 -2.2710e-05 -2.4070e-05 -2.5453e-05 -2.6857e-05 -2.8283e-05 -2.9728e-05 -3.1191e-05 -3.2671e-05 -3.4168e-05 -3.5679e-05 -3.7203e-05 -3.8740e-05 -4.0287e-05 -4.1842e-05 -4.3406e-05 -4.4975e-05 -4.6548e-05 -4.8124e-05 -4.9700e-05 -5.1274e-05 -5.2846e-05 -5.4412e-05 -5.5970e-05 -5.7519e-05 -5.9055e-05 -6.0578e-05 -6.2084e-05 -6.3570e-05 -6.5035e-05 -6.6476e-05 -6.7890e-05 -6.9275e-05 -7.0627e-05 -7.1945e-05 -7.3225e-05 -7.4465e-05 -7.5661e-05 -7.6811e-05 -7.7912e-05 -7.8962e-05 -7.9957e-05 -8.0895e-05 -8.1773e-05 -8.2589e-05 -8.3339e-05 -8.4022e-05 -8.4634e-05 -8.5174e-05 -8.5640e-05 -8.6028e-05 -8.6338e-05 -8.6568e-05 -8.6716e-05 -8.6780e-05 -8.6759e-05 -8.6653e-05 -8.6460e-05 -8.6180e-05 -8.5812e-05 -8.5357e-05 -8.4814e-05 -8.4185e-05 -8.3469e-05 -8.2667e-05 -8.1781e-05 -8.0813e-05 -7.9764e-05 -7.8636e-05 -7.7431e-05 -7.6153e-05 -7.4804e-05 -7.3387e-05 -7.1905e-05 -7.0363e-05 -6.8764e-05 -6.7111e-05 -1.8239e-07 -5.1587e-07 -9.4771e-07 -1.4591e-06 -2.0391e-06 -2.6805e-06 -3.3778e-06 -4.1268e-06 -4.9241e-06 -5.7670e-06 0.0000e+00 -7.5801e-06 -8.5465e-06 -9.5504e-06 -1.0590e-05 -1.1665e-05 -1.2773e-05 -1.3914e-05 -1.5086e-05 -1.6287e-05 -1.7518e-05 -1.8776e-05 -2.0062e-05 -2.1373e-05 -2.2710e-05 -2.4070e-05 -2.5453e-05 -2.6857e-05 -2.8283e-05 -2.9728e-05 -3.1191e-05 -3.2671e-05 -3.4168e-05 -3.5679e-05 -3.7203e-05 -3.8740e-05 -4.0286e-05 -4.1842e-05 -4.3406e-05 -4.4975e-05 -4.6548e-05 -4.8123e-05 -4.9699e-05 -5.1274e-05 -5.2845e-05 -5.4411e-05 -5.5970e-05 -5.7518e-05 -5.9055e-05 -6.0577e-05 -6.2083e-05 -6.3570e-05 -6.5035e-05 -6.6475e-05 -6.7889e-05 -6.9274e-05 -7.0626e-05 -7.1944e-05 -7.3224e-05 -7.4463e-05 -7.5659e-05 -7.6809e-05 -7.7911e-05 -7.8960e-05 -7.9955e-05 -8.0893e-05 -8.1771e-05 -8.2586e-05 -8.3336e-05 -8.4019e-05 -8.4631e-05 -8.5171e-05 -8.5636e-05 -8.6025e-05 -8.6334e-05 -8.6564e-05 -8.6711e-05 -8.6775e-05 -8.6754e-05 -8.6648e-05 -8.6454e-05 -8.6174e-05 -8.5806e-05 -8.5351e-05 -8.4808e-05 -8.4178e-05 -8.3462e-05 -8.2660e-05 -8.1774e-05 -8.0805e-05 -7.9756e-05 -7.8627e-05 -7.7423e-05 -7.6144e-05 -7.4795e-05 -7.3377e-05 -7.1896e-05 -7.0353e-05 -6.8754e-05 -6.7102e-05
-2.0780e-07 -5.8776e-07 -1.0798e-06 -1.6624e-06 -2.3233e-06 -3.0540e-06 -3.8485e-06 -4.7019e-06 -5.6103e-06 -6.5707e-06 -7.5801e-06 2.1149e-04 -9.7374e-06 -1.0881e-05 -1.2066e-05 -1.3291e-05 -1.4553e-05 -1.5853e-05 -1.7188e-05 -1.8557e-05 -1.9959e-05 -2.1393e-05 -2.2857e-05 -2.4352e-05 -2.5874e-05 -2.7424e-05 -2.8999e-05 -3.0600e-05 -3.2224e-05 -3.3870e-05 -3.5537e-05 -3.7224e-05 -3.8929e-05 -4.0651e-05 -4.2388e-05 -4.4138e-05 -4.5901e-05 -4.7673e-05 -4.9454e-05 -5.1242e-05 -5.3035e-05 -5.4830e-05 -5.6625e-05 -5.8420e-05 -6.0210e-05 -6.1994e-05 -6.3769e-05 -6.5534e-05 -6.7285e-05 -6.9020e-05 -7.0735e-05 -7.2429e-05 -7.4098e-05 -7.5740e-05 -7.7351e-05 -7.8929e-05 -8.0470e-05 -8.1971e-05 -8.3430e-05 -8.4842e-05 -8.6205e-05 -8.7516e-05 -8.8771e-05 -8.9967e-05 -9.1101e-05 -9.2169e-05 -9.3170e-05 -9.4099e-05 -9.4954e-05 -9.5732e-05 -9.6430e-05 -9.7045e-05 -9.7576e-05 -9.8019e-05 -9.8372e-05 -9.8634e-05 -9.8802e-05 -9.8876e-05 -9.8852e-05 -9.8731e-05 -9.8512e-05 -9.8193e-05 -9.7774e-05 -9.7256e-05 -9.6638e-05 -9.5920e-05 -9.5105e-05 -9.4192e-05 -9.3183e-05 -9.2080e-05 -9.0884e-05 -8.9599e-05 -8.8227e-05 -8.6771e-05 -8.5234e-05 -8.3619e-05 -8.1932e-05 -8.0174e-05 -7.8352e-05 -7.6470e-05 -2.0780e-07 -5.8776e-07 -1.0798e-06 -1.6624e-06 -2.3233e-06 -3.0540e-06 -3.8485e-06 -4.7019e-06 -5.6103e-06 -6.5707e-06 -7.5801e-06 0.0000e+00 -9.7374e-06 -1.0881e-05 -1.2066e-05 -1.3291e-05 -1.4553e-05 -1.5853e-05 -1.7188e-05 -1.8557e-05 -1.9959e-05 -2.1393e-05 -2.2857e-05 -2.4352e-05 -2.5874e-05 -2.7424e-05 -2.8999e-05 -3.0600e-05 -3.2224e-05 -3.3870e-05 -3.5537e-05 -3.7224e-05 -3.8929e-05 -4.0651e-05 -4.2387e-05 -4.4138e-05 -4.5900e-05 -4.7673e-05 -4.9454e-05 -5.1242e-05 -5.3034e-05 -5.4829e-05 -5.6625e-05 -5.8419e-05 -6.0209e-05 -6.1993e-05 -6.3769e-05 -6.5533e-05 -6.7284e-05 -6.9019e-05 -7.0734e-05 -7.2428e-05 -7.4097e-05 -7.5739e-05 -7.7350e-05 -7.8927e-05 -8.0468e-05 -8.1969e-05 -8.3428e-05 -8.4840e-05 -8.6203e-05 -8.7513e-05 -8.8768e-05 -8.9964e-05 -9.1097e-05 -9.2166e-05 -9.3166e-05 -9.4095e-05 -9.4950e-05 -9.5727e-05 -9.6425e-05 -9.7040e-05 -9.7570e-05 -9.8013e-05 -9.8366e-05 -9.8627e-05 -9.8795e-05 -9.8868e-05 -9.8844e-05 -9.8723e-05 -9.8503e-05 -9.8184e-05 -9.7765e-05 -9.7246e-05 -9.6627e-05 -9.5909e-05 -9.5093e-05 -9.4180e-05 -9.3171e-05 -9.2067e-05 -9.0871e-05 -8.9586e-05 -8.8214e-05 -8.6757e-05 -8.5219e-05 -8.3605e-05 -8.1917e-05 -8.0159e-05 -7.8337e-05 -7.6454e-05
-2.3429e-07 -6.6268e-07 -1.2174e-06 -1.8743e-06 -2.6195e-06 -3.4434e-06 -4.3391e-06 -5.3012e-06 -6.3255e-06 -7.4083e-06 -8.5465e-06 -9.7374e-06 2.9129e-04 -1.2268e-05 -1.3604e-05 -1.4985e-05 -1.6409e-05 -1.7874e-05 -1.9379e-05 -2.0922e-05 -2.2503e-05 -2.4120e-05 -2.5771e-05 -2.7456e-05 -2.9173e-05 -3.0920e-05 -3.2696e-05 -3.4501e-05 -3.6332e-05 -3.8188e-05 -4.0068e-05 -4.1970e-05 -4.3892e-05 -4.5833e-05 -4.7791e-05 -4.9765e-05 -5.1752e-05 -5.3751e-05 -5.5759e-05 -5.7775e-05 -5.9796e-05 -6.1820e-05 -6.3844e-05 -6.5867e-05 -6.7886e-05 -6.9897e-05 -7.1899e-05 -7.3889e-05 -7.5863e-05 -7.7819e-05 -7.9753e-05 -8.1663e-05 -8.3545e-05 -8.5396e-05 -8.7213e-05 -8.8992e-05 -9.0730e-05 -9.2422e-05 -9.4067e-05 -9.5659e-05 -9.7196e-05 -9.8674e-05 -1.0009e-04 -1.0144e-04 -1.0272e-04 -1.0392e-04 -1.0505e-04 -1.0610e-04 -1.0706e-04 -1.0794e-04 -1.0873e-04 -1.0942e-04 -1.1002e-04 -1.1052e-04 -1.1092e-04 -1.1121e-04 -1.1140e-04 -1.1149e-04 -1.1146e-04 -1.1132e-04 -1.1108e-04 -1.1072e-04 -1.1024e-04 -1.0966e-04 -1.0896e-04 -1.0816e-04 -1.0724e-04 -1.0621e-04 -1.0507e-04 -1.0383e-04 -1.0248e-04 -1.0103e-04 -9.9483e-05 -9.7841e-05 -9.6109e-05 -9.4289e-05 -9.2386e-05 -9.0405e-05 -8.8351e-05 -8.6229e-05 -2.3429e-07 -6.6268e-07 -1.2174e-06 -1.8743e-06 -2.6195e-06 -3.4434e-06 -4.3391e-06 -5.3012e-06 -6.3255e-06 -7.4083e-06 -8.5465e-06 -9.7374e-06 0.0000e+00 -1.2268e-05 -1.3604e-05 -1.4985e-05 -1.6409e-05 -1.7874e-05 -1.9379e-05 -2.0922e-05 -2.2503e-05 -2.4120e-05 -2.5771e-05 -2.7456e-05 -2.9173e-05 -3.0920e-05 -3.2696e-05 -3.4501e-05 -3.6332e-05 -3.8188e-05 -4.0068e-05 -4.1969e-05 -4.3892e-05 -4.5833e-05 -4.7791e-05 -4.9765e-05 -5.1752e-05 -5.3750e-05 -5.5759e-05 -5.7774e-05 -5.9795e-05 -6.1819e-05 -6.3844e-05 -6.5866e-05 -6.7885e-05 -6.9896e-05 -7.1898e-05 -7.3888e-05 -7.5862e-05 -7.7817e-05 -7.9752e-05 -8.1661e-05 -8.3543e-05 -8.5394e-05 -8.7211e-05 -8.8989e-05 -9.0727e-05 -9.2419e-05 -9.4064e-05 -9.5656e-05 -9.7192e-05 -9.8670e-05 -1.0008e-04 -1.0143e-04 -1.0271e-04 -1.0392e-04 -1.0504e-04 -1.0609e-04 -1.0705e-04 -1.0793e-04 -1.0872e-04 -1.0941e-04 -1.1001e-04 -1.1051e-04 -1.1091e-04 -1.1120e-04 -1.1139e-04 -1.1147e-04 -1.1145e-04 -1.1131e-04 -1.1106e-04 -1.1070e-04 -1.1023e-04 -1.0964e-04 -1.0895e-04 -1.0814e-04 -1.0722e-04 -1.0619e-04 -1.0505e-04 -1.0381e-04 -1.0246e-04 -1.0101e-04 -9.9462e-05 -9.7820e-05 -9.6086e-05 -9.4266e-05 -9.2363e-05 -9.0381e-05 -8.8327e-05 -8.6204e-05
-2.6182e-07 -7.4053e-07 -1.3604e-06 -2.0945e-06 -2.9272e-06 -3.8478e-06 -4.8488e-06 -5.9240e-06 -7.0686e-06 -8.2785e-06 -9.5504e-06 -1.0881e-05 -1.2268e-05 3.9180e-04 -1.5202e-05 -1.6745e-05 -1.8336e-05 -1.9973e-05 -2.1655e-05 -2.3380e-05 -2.5147e-05 -2.6953e-05 -2.8799e-05 -3.0681e-05 -3.2599e-05 -3.4552e-05 -3.6537e-05 -3.8554e-05 -4.0600e-05 -4.2674e-05 -4.4774e-05 -4.6900e-05 -4.9048e-05 -5.1217e-05 -5.3405e-05 -5.5611e-05 -5.7831e-05 -6.0065e-05 -6.2309e-05 -6.4562e-05 -6.6820e-05 -6.9082e-05 -7.1344e-05 -7.3605e-05 -7.5860e-05 -7.8108e-05 -8.0346e-05 -8.2569e-05 -8.4775e-05 -8.6961e-05 -8.9122e-05 -9.1257e-05 -9.3360e-05 -9.5429e-05 -9.7459e-05 -9.9447e-05 -1.0139e-04 -1.0328e-04 -1.0512e-04 -1.0690e-04 -1.0862e-04 -1.1027e-04 -1.1185e-04 -1.1336e-04 -1.1479e-04 -1.1613e-04 -1.1739e-04 -1.1856e-04 -1.1964e-04 -1.2062e-04 -1.2150e-04 -1.2228e-04 -1.2295e-04 -1.2351e-04 -1.2395e-04 -1.2428e-04 -1.2449e-04 -1.2459e-04 -1.2456e-04 -1.2441e-04 -1.2413e-04 -1.2373e-04 -1.2320e-04 -1.2255e-04 -1.2177e-04 -1.2087e-04 -1.1984e-04 -1.1869e-04 -1.1742e-04 -1.1603e-04 -1.1453e-04 -1.1291e-04 -1.1118e-04 -1.0935e-04 -1.0741e-04 -1.0538e-04 -1.0325e-04 -1.0104e-04 -9.8743e-05 -9.6372e-05 -2.6182e-07 -7.4053e-07 -1.3604e-06 -2.0945e-06 -2.9272e-06 -3.8478e-06 -4.8488e-06 -5.9240e-06 -7.0686e-06 -8.2785e-06 -9.5504e-06 -1.0881e-05 -1.2268e-05 0.0000e+00 -1.5202e-05 -1.6745e-05 -1.8336e-05 -1.9973e-05 -2.1655e-05 -2.3380e-05 -2.5147e-05 -2.6953e-05 -2.8799e-05 -3.0681e-05 -3.2599e-05 -3.4552e-05 -3.6537e-05 -3.8553e-05 -4.0600e-05 -4.2674e-05 -4.4774e-05 -4.6899e-05 -4.9047e-05 -5.1217e-05 -5.3405e-05 -5.5610e-05 -5.7831e-05 -6.0064e-05 -6.2308e-05 -6.4561e-05 -6.6819e-05 -6.9081e-05 -7.1343e-05 -7.3604e-05 -7.5859e-05 -7.8107e-05 -8.0344e-05 -8.2567e-05 -8.4773e-05 -8.6958e-05 -8.9120e-05 -9.1254e-05 -9.3357e-05 -9.5426e-05 -9.7455e-05 -9.9443e-05 -1.0138e-04 -1.0328e-04 -1.0511e-04 -1.0689e-04 -1.0861e-04 -1.1026e-04 -1.1184e-04 -1.1335e-04 -1.1478e-04 -1.1612e-04 -1.1738e-04 -1.1855e-04 -1.1963e-04 -1.2061e-04 -1.2149e-04 -1.2227e-04 -1.2293e-04 -1.2349e-04 -1.2394e-04 -1.2427e-04 -1.2448e-04 -1.2457e-04 -1.2454e-04 -1.2439e-04 -1.2411e-04 -1.2371e-04 -1.2318e-04 -1.2253e-04 -1.2175e-04 -1.2084e-04 -1.1982e-04 -1.1867e-04 -1.1739e-04 -1.1600e-04 -1.1450e-04 -1.1288e-04 -1.1115e-04 -1.0931e-04 -1.0738e-04 -1.0534e-04 -1.0322e-04 -1.0100e-04 -9.8707e-05 -9.6335e-05
-2.9033e-07 -8.2117e-07 -1.5086e-06 -2.3226e-06 -3.2459e-06 -4.2669e-06 -5.3768e-06 -6.5691e-06 -7.8383e-06 -9.1800e-06 -1.0590e-05 -1.2066e-05 -1.3604e-05 -1.5202e-05 5.1632e-04 -1.8569e-05 -2.0333e-05 -2.2148e-05 -2.4013e-05 -2.5926e-05 -2.7885e-05 -2.9889e-05 -3.1935e-05 -3.4022e-05 -3.6149e-05 -3.8315e-05 -4.0516e-05 -4.2752e-05 -4.5021e-05 -4.7321e-05 -4.9650e-05 -5.2007e-05 -5.4389e-05 -5.6794e-05 -5.9221e-05 -6.1667e-05 -6.4129e-05 -6.6606e-05 -6.9095e-05 -7.1592e-05 -7.4097e-05 -7.6605e-05 -7.9114e-05 -8.1621e-05 -8.4122e-05 -8.6615e-05 -8.9096e-05 -9.1561e-05 -9.4008e-05 -9.6432e-05 -9.8829e-05 -1.0120e-04 -1.0353e-04 -1.0582e-04 -1.0807e-04 -1.1028e-04 -1.1243e-04 -1.1453e-04 -1.1657e-04 -1.1854e-04 -1.2045e-04 -1.2228e-04 -1.2403e-04 -1.2570e-04 -1.2729e-04 -1.2878e-04 -1.3018e-04 -1.3148e-04 -1.3268e-04 -1.3376e-04 -1.3474e-04 -1.3560e-04 -1.3634e-04 -1.3696e-04 -1.3746e-04 -1.3782e-04 -1.3806e-04 -1.3816e-04 -1.3813e-04 -1.3797e-04 -1.3766e-04 -1.3722e-04 -1.3663e-04 -1.3591e-04 -1.3505e-04 -1.3405e-04 -1.3291e-04 -1.3163e-04 -1.3022e-04 -1.2868e-04 -1.2702e-04 -1.2522e-04 -1.2331e-04 -1.2127e-04 -1.1913e-04 -1.1687e-04 -1.1451e-04 -1.1206e-04 -1.0952e-04 -1.0689e-04 -2.9033e-07 -8.2117e-07 -1.5086e-06 -2.3226e-06 -3.2459e-06 -4.2669e-06 -5.3768e-06 -6.5691e-06 -7.8383e-06 -9.1800e-06 -1.0590e-05 -1.2066e-05 -1.3604e-05 -1.5202e-05 0.0000e+00 -1.8569e-05 -2.0333e-05 -2.2148e-05 -2.4013e-05 -2.5926e-05 -2.7885e-05 -2.9888e-05 -3.1935e-05 -3.4022e-05 -3.6149e-05 -3.8314e-05 -4.0516e-05 -4.2752e-05 -4.5021e-05 -4.7321e-05 -4.9650e-05 -5.2007e-05 -5.4389e-05 -5.6794e-05 -5.9221e-05 -6.1666e-05 -6.4129e-05 -6.6605e-05 -6.9094e-05 -7.1592e-05 -7.4096e-05 -7.6604e-05 -7.9113e-05 -8.1619e-05 -8.4120e-05 -8.6613e-05 -8.9094e-05 -9.1559e-05 -9.4005e-05 -9.6429e-05 -9.8825e-05 -1.0119e-04 -1.0352e-04 -1.0582e-04 -1.0807e-04 -1.1027e-04 -1.1243e-04 -1.1452e-04 -1.1656e-04 -1.1853e-04 -1.2044e-04 -1.2227e-04 -1.2402e-04 -1.2569e-04 -1.2728e-04 -1.2877e-04 -1.3017e-04 -1.3147e-04 -1.3266e-04 -1.3375e-04 -1.3472e-04 -1.3558e-04 -1.3632e-04 -1.3694e-04 -1.3744e-04 -1.3780e-04 -1.3804e-04 -1.3814e-04 -1.3811e-04 -1.3794e-04 -1.3763e-04 -1.3718e-04 -1.3660e-04 -1.3587e-04 -1.3501e-04 -1.3401e-04 -1.3287e-04 -1.3159e-04 -1.3018e-04 -1.2864e-04 -1.2697e-04 -1.2518e-04 -1.2326e-04 -1.2122e-04 -1.1908e-04 -1.1682e-04 -1.1446e-04 -1.1201e-04 -1.0946e-04 -1.0683e-04
-3.1979e-07 -9.0450e-07 -1.6617e-06 -2.5583e-06 -3.5753e-06 -4.6999e-06 -5.9225e-06 -7.2357e-06 -8.6338e-06 -1.0112e-05 -1.1665e-05 -1.3291e-05 -1.4985e-05 -1.6745e-05 -1.8569e-05 6.6840e-04 -2.2396e-05 -2.4396e-05 -2.6450e-05 -2.8557e-05 -3.0715e-05 -3.2922e-05 -3.5176e-05 -3.7475e-05 -3.9818e-05 -4.2203e-05 -4.4628e-05 -4.7091e-05 -4.9590e-05 -5.2123e-05 -5.4689e-05 -5.7285e-05 -5.9909e-05 -6.2558e-05 -6.5231e-05 -6.7925e-05 -7.0638e-05 -7.3366e-05 -7.6107e-05 -7.8858e-05 -8.1617e-05 -8.4380e-05 -8.7143e-05 -8.9905e-05 -9.2660e-05 -9.5406e-05 -9.8139e-05 -1.0085e-04 -1.0355e-04 -1.0622e-04 -1.0886e-04 -1.1147e-04 -1.1404e-04 -1.1656e-04 -1.1904e-04 -1.2147e-04 -1.2385e-04 -1.2616e-04 -1.2840e-04 -1.3058e-04 -1.3267e-04 -1.3469e-04 -1.3662e-04 -1.3847e-04 -1.4021e-04 -1.4186e-04 -1.4340e-04 -1.4483e-04 -1.4615e-04 -1.4735e-04 -1.4842e-04 -1.4937e-04 -1.5019e-04 -1.5087e-04 -1.5142e-04 -1.5182e-04 -1.5208e-04 -1.5220e-04 -1.5216e-04 -1.5198e-04 -1.5164e-04 -1.5116e-04 -1.5051e-04 -1.4972e-04 -1.4877e-04 -1.4767e-04 -1.4641e-04 -1.4501e-04 -1.4346e-04 -1.4176e-04 -1.3993e-04 -1.3795e-04 -1.3584e-04 -1.3360e-04 -1.3124e-04 -1.2876e-04 -1.2616e-04 -1.2346e-04 -1.2066e-04 -1.1776e-04 -3.1979e-07 -9.0450e-07 -1.6617e-06 -2.5583e-06 -3.5753e-06 -4.6999e-06 -5.9225e-06 -7.2357e-06 -8.6338e-06 -1.0112e-05 -1.1665e-05 -1.3291e-05 -1.4985e-05 -1.6745e-05 -1.8569e-05 0.0000e+00 -2.2396e-05 -2.4396e-05 -2.6450e-05 -2.8557e-05 -3.0715e-05 -3.2922e-05 -3.5176e-05 -3.7475e-05 -3.9818e-05 -4.2203e-05 -4.4628e-05 -4.7091e-05 -4.9590e-05 -5.2123e-05 -5.4689e-05 -5.7285e-05 -5.9908e-05 -6.2558e-05 -6.5231e-05 -6.7925e-05 -7.0637e-05 -7.3365e-05 -7.6106e-05 -7.8857e-05 -8.1616e-05 -8.4378e-05 -8.7142e-05 -8.9903e-05 -9.2658e-05 -9.5403e-05 -9.8136e-05 -1.0085e-04 -1.0355e-04 -1.0622e-04 -1.0886e-04 -1.1146e-04 -1.1403e-04 -1.1656e-04 -1.1904e-04 -1.2146e-04 -1.2384e-04 -1.2615e-04 -1.2839e-04 -1.3056e-04 -1.3266e-04 -1.3468e-04 -1.3661e-04 -1.3845e-04 -1.4020e-04 -1.4184e-04 -1.4338e-04 -1.4481e-04 -1.4613e-04 -1.4732e-04 -1.4840e-04 -1.4934e-04 -1.5016e-04 -1.5084e-04 -1.5139e-04 -1.5179e-04 -1.5205e-04 -1.5216e-04 -1.5213e-04 -1.5194e-04 -1.5160e-04 -1.5111e-04 -1.5047e-04 -1.4967e-04 -1.4872e-04 -1.4761e-04 -1.4636e-04 -1.4495e-04 -1.4340e-04 -1.4170e-04 -1.3986e-04 -1.3789e-04 -1.3578e-04 -1.3353e-04 -1.3117e-04 -1.2868e-04 -1.2609e-04 -1.2338e-04 -1.2058e-04 -1.1768e-04
