-1.2991e-09 -7.0158e-12 -1.9364e-11 -3.9841e-11 -6.9802e-11 -1.1050e-10 -1.6314e-10 -2.2889e-10 -3.0895e-10 -4.0449e-10 -5.1675e-10 -6.4697e-10 -7.9643e-10 -9.6639e-10 -1.1582e-09 -1.3730e-09 -1.6119e-09 -1.8761e-09 -2.1661e-09 -2.4824e-09 -2.8246e-09 -3.1917e-09 -3.5814e-09 -3.9902e-09 -4.4124e-09 -4.8402e-09 -5.2628e-09 -5.6660e-09 -6.0322e-09 -6.3400e-09 -6.5648e-09 -6.6800e-09 -6.6592e-09 -6.4796e-09 -6.1265e-09 -5.5985e-09 -4.9126e-09 -4.1073e-09 -3.2416e-09 -2.3880e-09 -1.6202e-09 -9.9610e-10 -5.4430e-10 -2.5823e-10 -1.0341e-10 -3.3784e-11 -8.6421e-12 -1.6468e-12 -2.2004e-13 -1.9154e-14 -9.9300e-16 -2.7478e-17 -3.5482e-19 -1.8125e-21 -2.9881e-24 -1.2357e-27 -9.3776e-32 -8.8454e-37 -6.3710e-43 -1.9002e-50 -1.0846e-59 -4.4545e-71 -3.7867e-85 -1.3519e-102 -2.6002e-124 -1.8861e-151 -1.6127e-185 -1.7240e-228 -5.6725e-283 0.0000e+00 0.0000e+00 0.0000e+00 0.0000e+00 0.0000e+00 0.0000e+00 0.0000e+00 0.0000e+00 0.0000e+00 0.0000e+00 0.0000e+00 0.0000e+00 0.0000e+00 0.0000e+00 0.0000e+00 0.0000e+00 0.0000e+00 0.0000e+00 0.0000e+00 0.0000e+00 0.0000e+00 0.0000e+00 0.0000e+00 0.0000e+00 0.0000e+00 0.0000e+00 0.0000e+00 0.0000e+00 0.0000e+00 0.0000e+00 0.0000e+00 0.0000e+00 7.0158e-12 1.9364e-11 3.9841e-11 6.9802e-11 1.1050e-10 1.6314e-10 2.2889e-10 3.0895e-10 4.0449e-10 5.1675e-10 6.4697e-10 7.9643e-10 9.6639e-10 1.1582e-09 1.3730e-09 1.6119e-09 1.8761e-09 2.1661e-09 2.4824e-09 2.8246e-09 3.1917e-09 3.5814e-09 3.9902e-09 4.4124e-09 4.8402e-09 5.2628e-09 5.6660e-09 6.0322e-09 6.3400e-09 6.5648e-09 6.6800e-09 6.6592e-09 6.4796e-09 6.1265e-09 5.5985e-09 4.9126e-09 4.1073e-09 3.2416e-09 2.3880e-09 1.6202e-09 9.9610e-10 5.4430e-10 2.5823e-10 1.0341e-10 3.3784e-11 8.6421e-12 1.6468e-12 2.2004e-13 1.9154e-14 9.9300e-16 2.7478e-17 3.5482e-19 1.8125e-21 2.9881e-24 1.2357e-27 9.3776e-32 8.8454e-37 6.3710e-43 1.9002e-50 1.0846e-59 4.4545e-71 3.7867e-85 1.3519e-102 2.6002e-124 1.8861e-151 1.6127e-185 1.7240e-228 5.6725e-283 0.0000e+00 0.0000e+00 0.0000e+00 0.0000e+00 0.0000e+00 0.0000e+00 0.0000e+00 0.0000e+00 0.0000e+00 0.0000e+00 0.0000e+00 0.0000e+00 0.0000e+00 0.0000e+00 0.0000e+00 0.0000e+00 0.0000e+00 0.0000e+00 0.0000e+00 0.0000e+00 0.0000e+00 0.0000e+00 0.0000e+00 0.0000e+00 0.0000e+00 0.0000e+00 0.0000e+00 0.0000e+00 0.0000e+00 0.0000e+00 0.0000e+00
-7.0158e-12 3.0248e-10 -1.0965e-10 -2.2559e-10 -3.9524e-10 -6.2569e-10 -9.2374e-10 -1.2961e-09 -1.7494e-09 -2.2904e-09 -2.9260e-09 -3.6634e-09 -4.5096e-09 -5.4720e-09 -6.5579e-09 -7.7741e-09 -9.1273e-09 -1.0623e-08 -1.2265e-08 -1.4056e-08 -1.5994e-08 -1.8072e-08 -2.0279e-08 -2.2594e-08 -2.4985e-08 -2.7407e-08 -2.9799e-08 -3.2083e-08 -3.4156e-08 -3.5899e-08 -3.7172e-08 -3.7824e-08 -3.7707e-08 -3.6690e-08 -3.4690e-08 -3.1701e-08 -2.7817e-08 -2.3257e-08 -1.8355e-08 -1.3522e-08 -9.1739e-09 -5.6403e-09 -3.0820e-09 -1.4622e-09 -5.8553e-10 -1.9130e-10 -4.8934e-11 -9.3246e-12 -1.2459e-12 -1.0845e-13 -5.6227e-15 -1.5559e-16 -2.0091e-18 -1.0263e-20 -1.6919e-23 -6.9971e-27 -5.3099e-31 -5.0086e-36 -3.6075e-42 -1.0760e-49 -6.1416e-59 -2.5223e-70 -2.1441e-84 -7.6548e-102 -1.4723e-123 -1.0680e-150 -9.1320e-185 -9.7622e-228 -3.2120e-282 0.0000e+00 0.0000e+00 0.0000e+00 0.0000e+00 0.0000e+00 0.0000e+00 0.0000e+00 0.0000e+00 0.0000e+00 0.0000e+00 0.0000e+00 0.0000e+00 0.0000e+00 0.0000e+00 0.0000e+00 0.0000e+00 0.0000e+00 0.0000e+00 0.0000e+00 0.0000e+00 0.0000e+00 0.0000e+00 0.0000e+00 0.0000e+00 0.0000e+00 0.0000e+00 0.0000e+00 0.0000e+00 0.0000e+00 0.0000e+00 0.0000e+00 7.0158e-12 0.0000e+00 1.0965e-10 2.2559e-10 3.9524e-10 6.2569e-10 9.2374e-10 1.2961e-09 1.7494e-09 2.2904e-09 2.9260e-09 3.6634e-09 4.5096e-09 5.4720e-09 6.5579e-09 7.7741e-09 9.1273e-09 1.0623e-08 1.2265e-08 1.4056e-08 1.5994e-08 1.8072e-08 2.0279e-08 2.2594e-08 2.4985e-08 2.7407e-08 2.9799e-08 3.2083e-08 3.4156e-08 3.5899e-08 3.7172e-08 3.7824e-08 3.7707e-08 3.6690e-08 3.4690e-08 3.1701e-08 2.7817e-08 2.3257e-08 1.8355e-08 1.3522e-08 9.1739e-09 5.6403e-09 3.0820e-09 1.4622e-09 5.8553e-10 1.9130e-10 4.8934e-11 9.3246e-12 1.2459e-12 1.0845e-13 5.6227e-15 1.5559e-16 2.0091e-18 1.0263e-20 1.6919e-23 6.9971e-27 5.3099e-31 5.0086e-36 3.6075e-42 1.0760e-49 6.1416e-59 2.5223e-70 2.1441e-84 7.6547e-102 1.4723e-123 1.0680e-150 9.1318e-185 9.7621e-228 3.2120e-282 0.0000e+00 0.0000e+00 0.0000e+00 0.0000e+00 0.0000e+00 0.0000e+00 0.0000e+00 0.0000e+00 0.0000e+00 0.0000e+00 0.0000e+00 0.0000e+00 0.0000e+00 0.0000e+00 0.0000e+00 0.0000e+00 0.0000e+00 0.0000e+00 0.0000e+00 0.0000e+00 0.0000e+00 0.0000e+00 0.0000e+00 0.0000e+00 0.0000e+00 0.0000e+00 0.0000e+00 0.0000e+00 0.0000e+00 0.0000e+00 0.0000e+00
-1.9364e-11 -1.0965e-10 3.5021e-09 -6.2267e-10 -1.0909e-09 -1.7270e-09 -2.5496e-09 -3.5773e-09 -4.8284e-09 -6.3217e-09 -8.0762e-09 -1.0111e-08 -1.2447e-08 -1.5104e-08 -1.8101e-08 -2.1458e-08 -2.5193e-08 -2.9321e-08 -3.3854e-08 -3.8796e-08 -4.4145e-08 -4.9882e-08 -5.5973e-08 -6.2361e-08 -6.8960e-08 -7.5646e-08 -8.2250e-08 -8.8552e-08 -9.4276e-08 -9.9086e-08 -1.0260e-07 -1.0440e-07 -1.0408e-07 -1.0127e-07 -9.5750e-08 -8.7498e-08 -7.6778e-08 -6.4192e-08 -5.0662e-08 -3.7322e-08 -2.5321e-08 -1.5568e-08 -8.5067e-09 -4.0358e-09 -1.6161e-09 -5.2800e-10 -1.3507e-10 -2.5737e-11 -3.4389e-12 -2.9935e-13 -1.5519e-14 -4.2945e-16 -5.5455e-18 -2.8328e-20 -4.6700e-23 -1.9313e-26 -1.4656e-30 -1.3825e-35 -9.9573e-42 -2.9699e-49 -1.6952e-58 -6.9621e-70 -5.9184e-84 -2.1130e-101 -4.0642e-123 -2.9481e-150 -2.5209e-184 -2.6949e-227 -8.8674e-282 0.0000e+00 0.0000e+00 0.0000e+00 0.0000e+00 0.0000e+00 0.0000e+00 0.0000e+00 0.0000e+00 0.0000e+00 0.0000e+00 0.0000e+00 0.0000e+00 0.0000e+00 0.0000e+00 0.0000e+00 0.0000e+00 0.0000e+00 0.0000e+00 0.0000e+00 0.0000e+00 0.0000e+00 0.0000e+00 0.0000e+00 0.0000e+00 0.0000e+00 0.0000e+00 0.0000e+00 0.0000e+00 0.0000e+00 0.0000e+00 0.0000e+00 1.9364e-11 1.0965e-10 0.0000e+00 6.2267e-10 1.0909e-09 1.7270e-09 2.5496e-09 3.5773e-09 4.8284e-09 6.3217e-09 8.0762e-09 1.0111e-08 1.2447e-08 1.5104e-08 1.8101e-08 2.1458e-08 2.5193e-08 2.9321e-08 3.3854e-08 3.8796e-08 4.4145e-08 4.9882e-08 5.5973e-08 6.2361e-08 6.8960e-08 7.5646e-08 8.2250e-08 8.8552e-08 9.4276e-08 9.9086e-08 1.0260e-07 1.0440e-07 1.0408e-07 1.0127e-07 9.5750e-08 8.7498e-08 7.6778e-08 6.4192e-08 5.0662e-08 3.7321e-08 2.5321e-08 1.5568e-08 8.5067e-09 4.0358e-09 1.6161e-09 5.2800e-10 1.3507e-10 2.5737e-11 3.4389e-12 2.9935e-13 1.5519e-14 4.2945e-16 5.5454e-18 2.8328e-20 4.6700e-23 1.9313e-26 1.4656e-30 1.3824e-35 9.9571e-42 2.9698e-49 1.6952e-58 6.9618e-70 5.9181e-84 2.1128e-101 4.0638e-123 2.9478e-150 2.5205e-184 2.6945e-227 8.8655e-282 0.0000e+00 0.0000e+00 0.0000e+00 0.0000e+00 0.0000e+00 0.0000e+00 0.0000e+00 0.0000e+00 0.0000e+00 0.0000e+00 0.0000e+00 0.0000e+00 0.0000e+00 0.0000e+00 0.0000e+00 0.0000e+00 0.0000e+00 0.0000e+00 0.0000e+00 0.0000e+00 0.0000e+00 0.0000e+00 0.0000e+00 0.0000e+00 0.0000e+00 0.0000e+00 0.0000e+00 0.0000e+00 0.0000e+00 0.0000e+00 0.0000e+00
-3.9841e-11 -2.2559e-10 -6.2267e-10 1.9742e-08 -2.2445e-09 -3.5532e-09 -5.2457e-09 -7.3601e-09 -9.9342e-09 -1.3007e-08 -1.6616e-08 -2.0804e-08 -2.5609e-08 -3.1075e-08 -3.7241e-08 -4.4148e-08 -5.1832e-08 -6.0326e-08 -6.9652e-08 -7.9822e-08 -9.0825e-08 -1.0263e-07 -1.1516e-07 -1.2831e-07 -1.4188e-07 -1.5564e-07 -1.6923e-07 -1.8219e-07 -1.9397e-07 -2.0386e-07 -2.1109e-07 -2.1480e-07 -2.1413e-07 -2.0835e-07 -1.9700e-07 -1.8002e-07 -1.5797e-07 -1.3207e-07 -1.0423e-07 -7.6787e-08 -5.2097e-08 -3.2030e-08 -1.7502e-08 -8.3034e-09 -3.3251e-09 -1.0864e-09 -2.7789e-10 -5.2954e-11 -7.0755e-12 -6.1590e-13 -3.1931e-14 -8.8360e-16 -1.1410e-17 -5.8286e-20 -9.6089e-23 -3.9739e-26 -3.0157e-30 -2.8446e-35 -2.0489e-41 -6.1114e-49 -3.4885e-58 -1.4328e-69 -1.2180e-83 -4.3488e-101 -8.3654e-123 -6.0687e-150 -5.1899e-184 -5.5491e-227 -1.8262e-281 0.0000e+00 0.0000e+00 0.0000e+00 0.0000e+00 0.0000e+00 0.0000e+00 0.0000e+00 0.0000e+00 0.0000e+00 0.0000e+00 0.0000e+00 0.0000e+00 0.0000e+00 0.0000e+00 0.0000e+00 0.0000e+00 0.0000e+00 0.0000e+00 0.0000e+00 0.0000e+00 0.0000e+00 0.0000e+00 0.0000e+00 0.0000e+00 0.0000e+00 0.0000e+00 0.0000e+00 0.0000e+00 0.0000e+00 0.0000e+00 0.0000e+00 3.9841e-11 2.2559e-10 6.2267e-10 0.0000e+00 2.2445e-09 3.5532e-09 5.2457e-09 7.3601e-09 9.9342e-09 1.3007e-08 1.6616e-08 2.0804e-08 2.5609e-08 3.1075e-08 3.7241e-08 4.4148e-08 5.1832e-08 6.0326e-08 6.9652e-08 7.9822e-08 9.0825e-08 1.0263e-07 1.1516e-07 1.2831e-07 1.4188e-07 1.5564e-07 1.6923e-07 1.8219e-07 1.9397e-07 2.0386e-07 2.1109e-07 2.1480e-07 2.1413e-07 2.0835e-07 1.9700e-07 1.8002e-07 1.5797e-07 1.3207e-07 1.0423e-07 7.6787e-08 5.2097e-08 3.2030e-08 1.7502e-08 8.3033e-09 3.3251e-09 1.0863e-09 2.7789e-10 5.2953e-11 7.0753e-12 6.1589e-13 3.1930e-14 8.8357e-16 1.1409e-17 5.8283e-20 9.6082e-23 3.9735e-26 3.0154e-30 2.8443e-35 2.0486e-41 6.1103e-49 3.4877e-58 1.4324e-69 1.2176e-83 4.3470e-101 8.3611e-123 6.0649e-150 5.1858e-184 5.5437e-227 1.8240e-281 0.0000e+00 0.0000e+00 0.0000e+00 0.0000e+00 0.0000e+00 0.0000e+00 0.0000e+00 0.0000e+00 0.0000e+00 0.0000e+00 0.0000e+00 0.0000e+00 0.0000e+00 0.0000e+00 0.0000e+00 0.0000e+00 0.0000e+00 0.0000e+00 0.0000e+00 0.0000e+00 0.0000e+00 0.0000e+00 0.0000e+00 0.0000e+00 0.0000e+00 0.0000e+00 0.0000e+00 0.0000e+00 0.0000e+00 0.0000e+00 0.0000e+00
-6.9802e-11 -3.9524e-10 -1.0909e-09 -2.2445e-09 7.5641e-08 -6.2252e-09 -9.1906e-09 -1.2895e-08 -1.7405e-08 -2.2788e-08 -2.9112e-08 -3.6448e-08 -4.4868e-08 -5.4443e-08 -6.5246e-08 -7.7347e-08 -9.0811e-08 -1.0569e-07 -1.2203e-07 -1.3985e-07 -1.5913e-07 -1.7981e-07 -2.0176e-07 -2.2479e-07 -2.4858e-07 -2.7268e-07 -2.9648e-07 -3.1920e-07 -3.3983e-07 -3.5717e-07 -3.6984e-07 -3.7633e-07 -3.7516e-07 -3.6504e-07 -3.4515e-07 -3.1540e-07 -2.7676e-07 -2.3139e-07 -1.8262e-07 -1.3453e-07 -9.1276e-08 -5.6118e-08 -3.0665e-08 -1.4548e-08 -5.8258e-09 -1.9034e-09 -4.8690e-10 -9.2780e-11 -1.2397e-11 -1.0792e-12 -5.5949e-14 -1.5483e-15 -1.9993e-17 -1.0214e-19 -1.6838e-22 -6.9640e-26 -5.2851e-30 -4.9856e-35 -3.5913e-41 -1.0713e-48 -6.1159e-58 -2.5122e-69 -2.1361e-83 -7.6281e-101 -1.4678e-122 -1.0651e-149 -9.1129e-184 -9.7488e-227 -3.2106e-281 0.0000e+00 0.0000e+00 0.0000e+00 0.0000e+00 0.0000e+00 0.0000e+00 0.0000e+00 0.0000e+00 0.0000e+00 0.0000e+00 0.0000e+00 0.0000e+00 0.0000e+00 0.0000e+00 0.0000e+00 0.0000e+00 0.0000e+00 0.0000e+00 0.0000e+00 0.0000e+00 0.0000e+00 0.0000e+00 0.0000e+00 0.0000e+00 0.0000e+00 0.0000e+00 0.0000e+00 0.0000e+00 0.0000e+00 0.0000e+00 0.0000e+00 6.9802e-11 3.9524e-10 1.0909e-09 2.2445e-09 0.0000e+00 6.2252e-09 9.1906e-09 1.2895e-08 1.7405e-08 2.2788e-08 2.9112e-08 3.6448e-08 4.4868e-08 5.4443e-08 6.5246e-08 7.7347e-08 9.0811e-08 1.0569e-07 1.2203e-07 1.3985e-07 1.5913e-07 1.7981e-07 2.0176e-07 2.2479e-07 2.4858e-07 2.7268e-07 2.9648e-07 3.1920e-07 3.3983e-07 3.5717e-07 3.6984e-07 3.7633e-07 3.7516e-07 3.6504e-07 3.4515e-07 3.1540e-07 2.7676e-07 2.3139e-07 1.8262e-07 1.3453e-07 9.1274e-08 5.6117e-08 3.0664e-08 1.4548e-08 5.8256e-09 1.9033e-09 4.8687e-10 9.2774e-11 1.2396e-11 1.0790e-12 5.5942e-14 1.5480e-15 1.9989e-17 1.0211e-19 1.6834e-22 6.9616e-26 5.2830e-30 4.9832e-35 3.5892e-41 1.0705e-48 6.1105e-58 2.5095e-69 2.1333e-83 7.6159e-101 1.4649e-122 1.0626e-149 9.0856e-184 9.7126e-227 3.1957e-281 0.0000e+00 0.0000e+00 0.0000e+00 0.0000e+00 0.0000e+00 0.0000e+00 0.0000e+00 0.0000e+00 0.0000e+00 0.0000e+00 0.0000e+00 0.0000e+00 0.0000e+00 0.0000e+00 0.0000e+00 0.0000e+00 0.0000e+00 0.0000e+00 0.0000e+00 0.0000e+00 0.0000e+00 0.0000e+00 0.0000e+00 0.0000e+00 0.0000e+00 0.0000e+00 0.0000e+00 0.0000e+00 0.0000e+00 0.0000e+00 0.0000e+00
-1.1050e-10 -6.2569e-10 -1.7270e-09 -3.5532e-09 -6.2252e-09 2.2707e-07 -1.4549e-08 -2.0413e-08 -2.7553e-08 -3.6074e-08 -4.6086e-08 -5.7700e-08 -7.1028e-08 -8.6186e-08 -1.0329e-07 -1.2244e-07 -1.4376e-07 -1.6732e-07 -1.9318e-07 -2.2139e-07 -2.5191e-07 -2.8464e-07 -3.1940e-07 -3.5586e-07 -3.9351e-07 -4.3167e-07 -4.6935e-07 -5.0531e-07 -5.3797e-07 -5.6542e-07 -5.8547e-07 -5.9575e-07 -5.9390e-07 -5.7789e-07 -5.4640e-07 -4.9931e-07 -4.3814e-07 -3.6632e-07 -2.8911e-07 -2.1298e-07 -1.4450e-07 -8.8842e-08 -4.8547e-08 -2.3032e-08 -9.2234e-09 -3.0134e-09 -7.7088e-10 -1.4690e-10 -1.9629e-11 -1.7087e-12 -8.8594e-14 -2.4518e-15 -3.1662e-17 -1.6176e-19 -2.6671e-22 -1.1032e-25 -8.3734e-30 -7.9003e-35 -5.6920e-41 -1.6984e-48 -9.6988e-58 -3.9854e-69 -3.3904e-83 -1.2114e-100 -2.3327e-122 -1.6944e-149 -1.4513e-183 -1.5548e-226 -5.1296e-281 0.0000e+00 0.0000e+00 0.0000e+00 0.0000e+00 0.0000e+00 0.0000e+00 0.0000e+00 0.0000e+00 0.0000e+00 0.0000e+00 0.0000e+00 0.0000e+00 0.0000e+00 0.0000e+00 0.0000e+00 0.0000e+00 0.0000e+00 0.0000e+00 0.0000e+00 0.0000e+00 0.0000e+00 0.0000e+00 0.0000e+00 0.0000e+00 0.0000e+00 0.0000e+00 0.0000e+00 0.0000e+00 0.0000e+00 0.0000e+00 0.0000e+00 1.1050e-10 6.2569e-10 1.7270e-09 3.5532e-09 6.2252e-09 0.0000e+00 1.4549e-08 2.0413e-08 2.7553e-08 3.6074e-08 4.6086e-08 5.7700e-08 7.1028e-08 8.6186e-08 1.0329e-07 1.2244e-07 1.4376e-07 1.6732e-07 1.9318e-07 2.2139e-07 2.5191e-07 2.8464e-07 3.1940e-07 3.5586e-07 3.9351e-07 4.3167e-07 4.6935e-07 5.0531e-07 5.3797e-07 5.6542e-07 5.8547e-07 5.9574e-07 5.9389e-07 5.7788e-07 5.4639e-07 4.9930e-07 4.3813e-07 3.6631e-07 2.8909e-07 2.1297e-07 1.4449e-07 8.8836e-08 4.8543e-08 2.3030e-08 9.2222e-09 3.0130e-09 7.7073e-10 1.4687e-10 1.9624e-11 1.7082e-12 8.8559e-14 2.4506e-15 3.1644e-17 1.6165e-19 2.6649e-22 1.1021e-25 8.3632e-30 7.8886e-35 5.6819e-41 1.6947e-48 9.6732e-58 3.9727e-69 3.3771e-83 1.2056e-100 2.3190e-122 1.6821e-149 1.4383e-183 1.5376e-226 5.0590e-281 0.0000e+00 0.0000e+00 0.0000e+00 0.0000e+00 0.0000e+00 0.0000e+00 0.0000e+00 0.0000e+00 0.0000e+00 0.0000e+00 0.0000e+00 0.0000e+00 0.0000e+00 0.0000e+00 0.0000e+00 0.0000e+00 0.0000e+00 0.0000e+00 0.0000e+00 0.0000e+00 0.0000e+00 0.0000e+00 0.0000e+00 0.0000e+00 0.0000e+00 0.0000e+00 0.0000e+00 0.0000e+00 0.0000e+00 0.0000e+00 0.0000e+00
-1.6314e-10 -9.2374e-10 -2.5496e-09 -5.2457e-09 -9.1906e-09 -1.4549e-08 5.7622e-07 -3.0137e-08 -4.0678e-08 -5.3258e-08 -6.8039e-08 -8.5184e-08 -1.0486e-07 -1.2724e-07 -1.5249e-07 -1.8077e-07 -2.1224e-07 -2.4702e-07 -2.8521e-07 -3.2684e-07 -3.7190e-07 -4.2023e-07 -4.7155e-07 -5.2537e-07 -5.8097e-07 -6.3729e-07 -6.9293e-07 -7.4602e-07 -7.9424e-07 -8.3477e-07 -8.6437e-07 -8.7954e-07 -8.7682e-07 -8.5318e-07 -8.0669e-07 -7.3718e-07 -6.4687e-07 -5.4084e-07 -4.2685e-07 -3.1446e-07 -2.1335e-07 -1.3118e-07 -7.1681e-08 -3.4009e-08 -1.3620e-08 -4.4499e-09 -1.1384e-09 -2.1695e-10 -2.8991e-11 -2.5240e-12 -1.3087e-13 -3.6223e-15 -4.6786e-17 -2.3907e-19 -3.9426e-22 -1.6312e-25 -1.2385e-29 -1.1690e-34 -8.4264e-41 -2.5157e-48 -1.4377e-57 -5.9129e-69 -5.0355e-83 -1.8017e-100 -3.4751e-122 -2.5294e-149 -2.1721e-183 -2.3347e-226 -7.7345e-281 0.0000e+00 0.0000e+00 0.0000e+00 0.0000e+00 0.0000e+00 0.0000e+00 0.0000e+00 0.0000e+00 0.0000e+00 0.0000e+00 0.0000e+00 0.0000e+00 0.0000e+00 0.0000e+00 0.0000e+00 0.0000e+00 0.0000e+00 0.0000e+00 0.0000e+00 0.0000e+00 0.0000e+00 0.0000e+00 0.0000e+00 0.0000e+00 0.0000e+00 0.0000e+00 0.0000e+00 0.0000e+00 0.0000e+00 0.0000e+00 0.0000e+00 1.6314e-10 9.2374e-10 2.5496e-09 5.2457e-09 9.1906e-09 1.4549e-08 0.0000e+00 3.0137e-08 4.0678e-08 5.3258e-08 6.8039e-08 8.5184e-08 1.0486e-07 1.2724e-07 1.5249e-07 1.8077e-07 2.1224e-07 2.4702e-07 2.8520e-07 3.2684e-07 3.7190e-07 4.2023e-07 4.7155e-07 5.2537e-07 5.8096e-07 6.3729e-07 6.9292e-07 7.4602e-07 7.9423e-07 8.3476e-07 8.6435e-07 8.7952e-07 8.7679e-07 8.5315e-07 8.0665e-07 7.3713e-07 6.4683e-07 5.4080e-07 4.2680e-07 3.1442e-07 2.1332e-07 1.3115e-07 7.1666e-08 3.4000e-08 1.3615e-08 4.4482e-09 1.1379e-09 2.1682e-10 2.8971e-11 2.5219e-12 1.3074e-13 3.6179e-15 4.6718e-17 2.3865e-19 3.9343e-22 1.6270e-25 1.2347e-29 1.1646e-34 8.3884e-41 2.5020e-48 1.4281e-57 5.8650e-69 4.9857e-83 1.7799e-100 3.4236e-122 2.4834e-149 2.1234e-183 2.2700e-226 7.4687e-281 0.0000e+00 0.0000e+00 0.0000e+00 0.0000e+00 0.0000e+00 0.0000e+00 0.0000e+00 0.0000e+00 0.0000e+00 0.0000e+00 0.0000e+00 0.0000e+00 0.0000e+00 0.0000e+00 0.0000e+00 0.0000e+00 0.0000e+00 0.0000e+00 0.0000e+00 0.0000e+00 0.0000e+00 0.0000e+00 0.0000e+00 0.0000e+00 0.0000e+00 0.0000e+00 0.0000e+00 0.0000e+00 0.0000e+00 0.0000e+00 0.0000e+00
-2.2889e-10 -1.2961e-09 -3.5773e-09 -7.3601e-09 -1.2895e-08 -2.0413e-08 -3.0137e-08 1.2933e-06 -5.7073e-08 -7.4724e-08 -9.5463e-08 -1.1952e-07 -1.4713e-07 -1.7853e-07 -2.1395e-07 -2.5363e-07 -2.9778e-07 -3.4658e-07 -4.0016e-07 -4.5859e-07 -5.2180e-07 -5.8961e-07 -6.6162e-07 -7.3713e-07 -8.1514e-07 -8.9417e-07 -9.7223e-07 -1.0467e-06 -1.1144e-06 -1.1713e-06 -1.2128e-06 -1.2341e-06 -1.2303e-06 -1.1971e-06 -1.1319e-06 -1.0344e-06 -9.0768e-07 -7.5891e-07 -5.9897e-07 -4.4127e-07 -2.9940e-07 -1.8409e-07 -1.0060e-07 -4.7732e-08 -1.9117e-08 -6.2466e-09 -1.5982e-09 -3.0461e-10 -4.0711e-11 -3.5449e-12 -1.8385e-13 -5.0899e-15 -6.5762e-17 -3.3616e-19 -5.5462e-22 -2.2959e-25 -1.7444e-29 -1.6478e-34 -1.1889e-40 -3.5538e-48 -2.0339e-57 -8.3801e-69 -7.1524e-83 -2.5661e-100 -4.9661e-122 -3.6299e-149 -3.1334e-183 -3.3898e-226 -1.1322e-280 0.0000e+00 0.0000e+00 0.0000e+00 0.0000e+00 0.0000e+00 0.0000e+00 0.0000e+00 0.0000e+00 0.0000e+00 0.0000e+00 0.0000e+00 0.0000e+00 0.0000e+00 0.0000e+00 0.0000e+00 0.0000e+00 0.0000e+00 0.0000e+00 0.0000e+00 0.0000e+00 0.0000e+00 0.0000e+00 0.0000e+00 0.0000e+00 0.0000e+00 0.0000e+00 0.0000e+00 0.0000e+00 0.0000e+00 0.0000e+00 0.0000e+00 2.2889e-10 1.2961e-09 3.5773e-09 7.3601e-09 1.2895e-08 2.0413e-08 3.0137e-08 0.0000e+00 5.7073e-08 7.4724e-08 9.5463e-08 1.1952e-07 1.4713e-07 1.7853e-07 2.1395e-07 2.5363e-07 2.9778e-07 3.4658e-07 4.0016e-07 4.5858e-07 5.2180e-07 5.8961e-07 6.6161e-07 7.3713e-07 8.1513e-07 8.9416e-07 9.7222e-07 1.0467e-06 1.1144e-06 1.1712e-06 1.2127e-06 1.2340e-06 1.2302e-06 1.1970e-06 1.1318e-06 1.0342e-06 9.0754e-07 7.5877e-07 5.9883e-07 4.4115e-07 2.9930e-07 1.8402e-07 1.0055e-07 4.7704e-08 1.9103e-08 6.2411e-09 1.5965e-09 3.0422e-10 4.0648e-11 3.5383e-12 1.8344e-13 5.0762e-15 6.5548e-17 3.3484e-19 5.5200e-22 2.2828e-25 1.7324e-29 1.6341e-34 1.1769e-40 3.5104e-48 2.0037e-57 8.2290e-69 6.9953e-83 2.4974e-100 4.8035e-122 3.4843e-149 2.9792e-183 3.1848e-226 1.0479e-280 0.0000e+00 0.0000e+00 0.0000e+00 0.0000e+00 0.0000e+00 0.0000e+00 0.0000e+00 0.0000e+00 0.0000e+00 0.0000e+00 0.0000e+00 0.0000e+00 0.0000e+00 0.0000e+00 0.0000e+00 0.0000e+00 0.0000e+00 0.0000e+00 0.0000e+00 0.0000e+00 0.0000e+00 0.0000e+00 0.0000e+00 0.0000e+00 0.0000e+00 0.0000e+00 0.0000e+00 0.0000e+00 0.0000e+00 0.0000e+00 0.0000e+00
-3.0895e-10 -1.7494e-09 -4.8284e-09 -9.9342e-09 -1.7405e-08 -2.7553e-08 -4.0678e-08 -5.7073e-08 2.6438e-06 -1.0086e-07 -1.2885e-07 -1.6132e-07 -1.9859e-07 -2.4097e-07 -2.8878e-07 -3.4234e-07 -4.0193e-07 -4.6780e-07 -5.4012e-07 -6.1897e-07 -7.0430e-07 -7.9583e-07 -8.9302e-07 -9.9495e-07 -1.1002e-06 -1.2069e-06 -1.3123e-06 -1.4129e-06 -1.5042e-06 -1.5810e-06 -1.6370e-06 -1.6658e-06 -1.6607e-06 -1.6159e-06 -1.5279e-06 -1.3963e-06 -1.2253e-06 -1.0245e-06 -8.0865e-07 -5.9578e-07 -4.0426e-07 -2.4858e-07 -1.3586e-07 -6.4467e-08 -2.5823e-08 -8.4391e-09 -2.1595e-09 -4.1169e-10 -5.5038e-11 -4.7940e-12 -2.4874e-13 -6.8894e-15 -8.9063e-17 -4.5559e-19 -7.5230e-22 -3.1174e-25 -2.3714e-29 -2.2435e-34 -1.6217e-40 -4.8582e-48 -2.7879e-57 -1.1525e-68 -9.8768e-83 -3.5613e-100 -6.9346e-122 -5.1072e-149 -4.4501e-183 -4.8701e-226 -1.6499e-280 0.0000e+00 0.0000e+00 0.0000e+00 0.0000e+00 0.0000e+00 0.0000e+00 0.0000e+00 0.0000e+00 0.0000e+00 0.0000e+00 0.0000e+00 0.0000e+00 0.0000e+00 0.0000e+00 0.0000e+00 0.0000e+00 0.0000e+00 0.0000e+00 0.0000e+00 0.0000e+00 0.0000e+00 0.0000e+00 0.0000e+00 0.0000e+00 0.0000e+00 0.0000e+00 0.0000e+00 0.0000e+00 0.0000e+00 0.0000e+00 0.0000e+00 3.0895e-10 1.7494e-09 4.8284e-09 9.9342e-09 1.7405e-08 2.7553e-08 4.0678e-08 5.7073e-08 0.0000e+00 1.0086e-07 1.2885e-07 1.6132e-07 1.9859e-07 2.4097e-07 2.8878e-07 3.4234e-07 4.0193e-07 4.6779e-07 5.4012e-07 6.1897e-07 7.0430e-07 7.9583e-07 8.9301e-07 9.9493e-07 1.1002e-06 1.2069e-06 1.3122e-06 1.4128e-06 1.5041e-06 1.5808e-06 1.6369e-06 1.6656e-06 1.6604e-06 1.6157e-06 1.5276e-06 1.3960e-06 1.2249e-06 1.0241e-06 8.0827e-07 5.9544e-07 4.0398e-07 2.4837e-07 1.3572e-07 6.4388e-08 2.5784e-08 8.4239e-09 2.1549e-09 4.1062e-10 5.4865e-11 4.7758e-12 2.4760e-13 6.8516e-15 8.8473e-17 4.5195e-19 7.4506e-22 3.0812e-25 2.3382e-29 2.2056e-34 1.5886e-40 4.7381e-48 2.7045e-57 1.1107e-68 9.4417e-83 3.3707e-100 6.4832e-122 4.7026e-149 4.0208e-183 4.2981e-226 1.4140e-280 0.0000e+00 0.0000e+00 0.0000e+00 0.0000e+00 0.0000e+00 0.0000e+00 0.0000e+00 0.0000e+00 0.0000e+00 0.0000e+00 0.0000e+00 0.0000e+00 0.0000e+00 0.0000e+00 0.0000e+00 0.0000e+00 0.0000e+00 0.0000e+00 0.0000e+00 0.0000e+00 0.0000e+00 0.0000e+00 0.0000e+00 0.0000e+00 0.0000e+00 0.0000e+00 0.0000e+00 0.0000e+00 0.0000e+00 0.0000e+00 0.0000e+00
-4.0449e-10 -2.2904e-09 -6.3217e-09 -1.3007e-08 -2.2788e-08 -3.6074e-08 -5.3258e-08 -7.4724e-08 -1.0086e-07 5.0212e-06 -1.6870e-07 -2.1121e-07 -2.6000e-07 -3.1549e-07 -3.7809e-07 -4.4822e-07 -5.2624e-07 -6.1247e-07 -7.0716e-07 -8.1041e-07 -9.2213e-07 -1.0420e-06 -1.1692e-06 -1.3027e-06 -1.4405e-06 -1.5802e-06 -1.7182e-06 -1.8499e-06 -1.9695e-06 -2.0700e-06 -2.1435e-06 -2.1812e-06 -2.1745e-06 -2.1160e-06 -2.0009e-06 -1.8286e-06 -1.6047e-06 -1.3419e-06 -1.0592e-06 -7.8043e-07 -5.2961e-07 -3.2571e-07 -1.7804e-07 -8.4498e-08 -3.3854e-08 -1.1067e-08 -2.8329e-09 -5.4028e-10 -7.2264e-11 -6.2981e-12 -3.2700e-13 -9.0648e-15 -1.1730e-16 -6.0077e-19 -9.9350e-22 -4.1242e-25 -3.1441e-29 -2.9822e-34 -2.1625e-40 -6.5031e-48 -3.7493e-57 -1.5587e-68 -1.3450e-82 -4.8908e-100 -9.6212e-122 -7.1747e-149 -6.3470e-183 -7.0749e-226 -2.4507e-280 0.0000e+00 0.0000e+00 0.0000e+00 0.0000e+00 0.0000e+00 0.0000e+00 0.0000e+00 0.0000e+00 0.0000e+00 0.0000e+00 0.0000e+00 0.0000e+00 0.0000e+00 0.0000e+00 0.0000e+00 0.0000e+00 0.0000e+00 0.0000e+00 0.0000e+00 0.0000e+00 0.0000e+00 0.0000e+00 0.0000e+00 0.0000e+00 0.0000e+00 0.0000e+00 0.0000e+00 0.0000e+00 0.0000e+00 0.0000e+00 0.0000e+00 4.0449e-10 2.2904e-09 6.3217e-09 1.3007e-08 2.2788e-08 3.6074e-08 5.3258e-08 7.4724e-08 1.0086e-07 0.0000e+00 1.6870e-07 2.1121e-07 2.6000e-07 3.1549e-07 3.7809e-07 4.4822e-07 5.2623e-07 6.1247e-07 7.0716e-07 8.1040e-07 9.2212e-07 1.0420e-06 1.1692e-06 1.3026e-06 1.4405e-06 1.5801e-06 1.7181e-06 1.8497e-06 1.9693e-06 2.0698e-06 2.1431e-06 2.1808e-06 2.1740e-06 2.1154e-06 2.0001e-06 1.8277e-06 1.6038e-06 1.3409e-06 1.0582e-06 7.7959e-07 5.2892e-07 3.2519e-07 1.7769e-07 8.4301e-08 3.3758e-08 1.1029e-08 2.8213e-09 5.3761e-10 7.1833e-11 6.2529e-12 3.2418e-13 8.9706e-15 1.1584e-16 5.9173e-19 9.7549e-22 4.0341e-25 3.0614e-29 2.8876e-34 2.0799e-40 6.2034e-48 3.5408e-57 1.4541e-68 1.2361e-82 4.4128e-100 8.4872e-122 6.1558e-149 5.2628e-183 5.6247e-226 1.8500e-280 0.0000e+00 0.0000e+00 0.0000e+00 0.0000e+00 0.0000e+00 0.0000e+00 0.0000e+00 0.0000e+00 0.0000e+00 0.0000e+00 0.0000e+00 0.0000e+00 0.0000e+00 0.0000e+00 0.0000e+00 0.0000e+00 0.0000e+00 0.0000e+00 0.0000e+00 0.0000e+00 0.0000e+00 0.0000e+00 0.0000e+00 0.0000e+00 0.0000e+00 0.0000e+00 0.0000e+00 0.0000e+00 0.0000e+00 0.0000e+00 0.0000e+00
-5.1675e-10 -2.9260e-09 -8.0762e-09 -1.6616e-08 -2.9112e-08 -4.6086e-08 -6.8039e-08 -9.5463e-08 -1.2885e-07 -1.6870e-07 8.9873e-06 -2.6983e-07 -3.3216e-07 -4.0305e-07 -4.8303e-07 -5.7261e-07 -6.7229e-07 -7.8246e-07 -9.0343e-07 -1.0353e-06 -1.1781e-06 -1.3312e-06 -1.4937e-06 -1.6642e-06 -1.8404e-06 -2.0189e-06 -2.1952e-06 -2.3634e-06 -2.5163e-06 -2.6448e-06 -2.7387e-06 -2.7870e-06 -2.7786e-06 -2.7040e-06 -2.5570e-06 -2.3370e-06 -2.0511e-06 -1.7152e-06 -1.3541e-06 -9.9788e-07 -6.7730e-07 -4.1663e-07 -2.2779e-07 -1.0815e-07 -4.3346e-08 -1.4176e-08 -3.6309e-09 -6.9293e-10 -9.2755e-11 -8.0917e-12 -4.2061e-13 -1.1676e-14 -1.5135e-16 -7.7668e-19 -1.2875e-21 -5.3602e-25 -4.1007e-29 -3.9060e-34 -2.8469e-40 -8.6142e-48 -5.0035e-57 -2.0989e-68 -1.8308e-82 -6.7443e-100 -1.3476e-121 -1.0239e-148 -9.2614e-183 -1.0600e-225 -3.7876e-280 0.0000e+00 0.0000e+00 0.0000e+00 0.0000e+00 0.0000e+00 0.0000e+00 0.0000e+00 0.0000e+00 0.0000e+00 0.0000e+00 0.0000e+00 0.0000e+00 0.0000e+00 0.0000e+00 0.0000e+00 0.0000e+00 0.0000e+00 0.0000e+00 0.0000e+00 0.0000e+00 0.0000e+00 0.0000e+00 0.0000e+00 0.0000e+00 0.0000e+00 0.0000e+00 0.0000e+00 0.0000e+00 0.0000e+00 0.0000e+00 0.0000e+00 5.1675e-10 2.9260e-09 8.0762e-09 1.6616e-08 2.9112e-08 4.6086e-08 6.8039e-08 9.5463e-08 1.2885e-07 1.6870e-07 0.0000e+00 2.6983e-07 3.3216e-07 4.0305e-07 4.8303e-07 5.7261e-07 6.7228e-07 7.8245e-07 9.0342e-07 1.0353e-06 1.1780e-06 1.3311e-06 1.4937e-06 1.6642e-06 1.8403e-06 2.0187e-06 2.1949e-06 2.3631e-06 2.5158e-06 2.6442e-06 2.7379e-06 2.7860e-06 2.7773e-06 2.7024e-06 2.5552e-06 2.3350e-06 2.0489e-06 1.7130e-06 1.3519e-06 9.9595e-07 6.7571e-07 4.1544e-07 2.2701e-07 1.0770e-07 4.3128e-08 1.4090e-08 3.6043e-09 6.8681e-10 9.1769e-11 7.9883e-12 4.1415e-13 1.1460e-14 1.4798e-16 7.5595e-19 1.2462e-21 5.1537e-25 3.9110e-29 3.6890e-34 2.6570e-40 7.9246e-48 4.5232e-57 1.8575e-68 1.5789e-82 5.6360e-100 1.0838e-121 7.8594e-149 6.7171e-183 7.1753e-226 2.3580e-280 0.0000e+00 0.0000e+00 0.0000e+00 0.0000e+00 0.0000e+00 0.0000e+00 0.0000e+00 0.0000e+00 0.0000e+00 0.0000e+00 0.0000e+00 0.0000e+00 0.0000e+00 0.0000e+00 0.0000e+00 0.0000e+00 0.0000e+00 0.0000e+00 0.0000e+00 0.0000e+00 0.0000e+00 0.0000e+00 0.0000e+00 0.0000e+00 0.0000e+00 0.0000e+00 0.0000e+00 0.0000e+00 0.0000e+00 0.0000e+00 0.0000e+00
-6.4697e-10 -3.6634e-09 -1.0111e-08 -2.0804e-08 -3.6448e-08 -5.7700e-08 -8.5184e-08 -1.1952e-07 -1.6132e-07 -2.1121e-07 -2.6983e-07 1.5320e-05 -4.1587e-07 -5.0462e-07 -6.0475e-07 -7.1691e-07 -8.4170e-07 -9.7964e-07 -1.1311e-06 -1.2962e-06 -1.4750e-06 -1.6667e-06 -1.8702e-06 -2.0837e-06 -2.3043e-06 -2.5278e-06 -2.7486e-06 -2.9593e-06 -3.1508e-06 -3.3118e-06 -3.4296e-06 -3.4902e-06 -3.4799e-06 -3.3867e-06 -3.2029e-06 -2.9276e-06 -2.5698e-06 -2.1494e-06 -1.6972e-06 -1.2510e-06 -8.4938e-07 -5.2266e-07 -2.8589e-07 -1.3580e-07 -5.4462e-08 -1.7825e-08 -4.5694e-09 -8.7296e-10 -1.1700e-10 -1.0222e-11 -5.3234e-13 -1.4810e-14 -1.9247e-16 -9.9082e-19 -1.6487e-21 -6.8950e-25 -5.3035e-29 -5.0847e-34 -3.7349e-40 -1.1407e-47 -6.6995e-57 -2.8477e-68 -2.5233e-82 -9.4693e-100 -1.9339e-121 -1.5073e-148 -1.4045e-182 -1.6635e-225 -6.1819e-280 0.0000e+00 0.0000e+00 0.0000e+00 0.0000e+00 0.0000e+00 0.0000e+00 0.0000e+00 0.0000e+00 0.0000e+00 0.0000e+00 0.0000e+00 0.0000e+00 0.0000e+00 0.0000e+00 0.0000e+00 0.0000e+00 0.0000e+00 0.0000e+00 0.0000e+00 0.0000e+00 0.0000e+00 0.0000e+00 0.0000e+00 0.0000e+00 0.0000e+00 0.0000e+00 0.0000e+00 0.0000e+00 0.0000e+00 0.0000e+00 0.0000e+00 6.4697e-10 3.6634e-09 1.0111e-08 2.0804e-08 3.6448e-08 5.7700e-08 8.5184e-08 1.1952e-07 1.6132e-07 2.1121e-07 2.6983e-07 0.0000e+00 4.1587e-07 5.0462e-07 6.0475e-07 7.1691e-07 8.4170e-07 9.7963e-07 1.1311e-06 1.2962e-06 1.4749e-06 1.6666e-06 1.8701e-06 2.0835e-06 2.3040e-06 2.5274e-06 2.7480e-06 2.9586e-06 3.1498e-06 3.3105e-06 3.4279e-06 3.4880e-06 3.4772e-06 3.3834e-06 3.1991e-06 2.9234e-06 2.5652e-06 2.1447e-06 1.6926e-06 1.2469e-06 8.4599e-07 5.2013e-07 2.8421e-07 1.3484e-07 5.3996e-08 1.7641e-08 4.5126e-09 8.5989e-10 1.1489e-10 1.0001e-11 5.1851e-13 1.4348e-14 1.8527e-16 9.4643e-19 1.5602e-21 6.4522e-25 4.8963e-29 4.6183e-34 3.3262e-40 9.9202e-48 5.6617e-57 2.3248e-68 1.9758e-82 7.0511e-100 1.3554e-121 9.8230e-149 8.3874e-183 8.9462e-226 2.9329e-280 0.0000e+00 0.0000e+00 0.0000e+00 0.0000e+00 0.0000e+00 0.0000e+00 0.0000e+00 0.0000e+00 0.0000e+00 0.0000e+00 0.0000e+00 0.0000e+00 0.0000e+00 0.0000e+00 0.0000e+00 0.0000e+00 0.0000e+00 0.0000e+00 0.0000e+00 0.0000e+00 0.0000e+00 0.0000e+00 0.0000e+00 0.0000e+00 0.0000e+00 0.0000e+00 0.0000e+00 0.0000e+00 0.0000e+00 0.0000e+00 0.0000e+00
-7.9643e-10 -4.5096e-09 -1.2447e-08 -2.5609e-08 -4.4868e-08 -7.1028e-08 -1.0486e-07 -1.4713e-07 -1.9859e-07 -2.6000e-07 -3.3216e-07 -4.1587e-07 2.5072e-05 -6.2119e-07 -7.4445e-07 -8.8253e-07 -1.0361e-06 -1.2059e-06 -1.3924e-06 -1.5957e-06 -1.8157e-06 -2.0517e-06 -2.3023e-06 -2.5652e-06 -2.8368e-06 -3.1120e-06 -3.3839e-06 -3.6435e-06 -3.8794e-06 -4.0779e-06 -4.2232e-06 -4.2982e-06 -4.2859e-06 -4.1716e-06 -3.9457e-06 -3.6073e-06 -3.1671e-06 -2.6497e-06 -2.0928e-06 -1.5432e-06 -1.0482e-06 -6.4538e-07 -3.5325e-07 -1.6792e-07 -6.7409e-08 -2.2087e-08 -5.6697e-09 -1.0849e-09 -1.4569e-10 -1.2758e-11 -6.6621e-13 -1.8595e-14 -2.4262e-16 -1.2549e-18 -2.0998e-21 -8.8404e-25 -6.8542e-29 -6.6336e-34 -4.9273e-40 -1.5248e-47 -9.0956e-57 -3.9371e-68 -3.5631e-82 -1.3702e-99 -2.8782e-121 -2.3165e-148 -2.2385e-182 -2.7618e-225 -1.0744e-279 0.0000e+00 0.0000e+00 0.0000e+00 0.0000e+00 0.0000e+00 0.0000e+00 0.0000e+00 0.0000e+00 0.0000e+00 0.0000e+00 0.0000e+00 0.0000e+00 0.0000e+00 0.0000e+00 0.0000e+00 0.0000e+00 0.0000e+00 0.0000e+00 0.0000e+00 0.0000e+00 0.0000e+00 0.0000e+00 0.0000e+00 0.0000e+00 0.0000e+00 0.0000e+00 0.0000e+00 0.0000e+00 0.0000e+00 0.0000e+00 0.0000e+00 7.9643e-10 4.5096e-09 1.2447e-08 2.5609e-08 4.4868e-08 7.1028e-08 1.0486e-07 1.4713e-07 1.9859e-07 2.6000e-07 3.3216e-07 4.1587e-07 0.0000e+00 6.2118e-07 7.4445e-07 8.8252e-07 1.0361e-06 1.2059e-06 1.3924e-06 1.5956e-06 1.8156e-06 2.0515e-06 2.3021e-06 2.5648e-06 2.8362e-06 3.1112e-06 3.3828e-06 3.6420e-06 3.8774e-06 4.0752e-06 4.2197e-06 4.2938e-06 4.2804e-06 4.1650e-06 3.9380e-06 3.5987e-06 3.1578e-06 2.6401e-06 2.0836e-06 1.5350e-06 1.0414e-06 6.4028e-07 3.4987e-07 1.6598e-07 6.6468e-08 2.1716e-08 5.5550e-09 1.0585e-09 1.4143e-10 1.2311e-11 6.3827e-13 1.7662e-14 2.2806e-16 1.1650e-18 1.9205e-21 7.9420e-25 6.0266e-29 5.6841e-34 4.0935e-40 1.2207e-47 6.9657e-57 2.8594e-68 2.4291e-82 8.6631e-100 1.6636e-121 1.2037e-148 1.0252e-182 1.0891e-225 3.5466e-280 0.0000e+00 0.0000e+00 0.0000e+00 0.0000e+00 0.0000e+00 0.0000e+00 0.0000e+00 0.0000e+00 0.0000e+00 0.0000e+00 0.0000e+00 0.0000e+00 0.0000e+00 0.0000e+00 0.0000e+00 0.0000e+00 0.0000e+00 0.0000e+00 0.0000e+00 0.0000e+00 0.0000e+00 0.0000e+00 0.0000e+00 0.0000e+00 0.0000e+00 0.0000e+00 0.0000e+00 0.0000e+00 0.0000e+00 0.0000e+00 0.0000e+00
-9.6639e-10 -5.4720e-09 -1.5104e-08 -3.1075e-08 -5.4443e-08 -8.6186e-08 -1.2724e-07 -1.7853e-07 -2.4097e-07 -3.1549e-07 -4.0305e-07 -5.0462e-07 -6.2119e-07 3.9635e-05 -9.0333e-07 -1.0709e-06 -1.2573e-06 -1.4633e-06 -1.6896e-06 -1.9363e-06 -2.2033e-06 -2.4897e-06 -2.7938e-06 -3.1129e-06 -3.4425e-06 -3.7766e-06 -4.1068e-06 -4.4221e-06 -4.7087e-06 -4.9500e-06 -5.1269e-06 -5.2185e-06 -5.2044e-06 -5.0665e-06 -4.7932e-06 -4.3832e-06 -3.8496e-06 -3.2219e-06 -2.5460e-06 -1.8784e-06 -1.2768e-06 -7.8671e-07 -4.3102e-07 -2.0513e-07 -8.2459e-08 -2.7063e-08 -6.9608e-09 -1.3351e-09 -1.7980e-10 -1.5798e-11 -8.2828e-13 -2.3230e-14 -3.0481e-16 -1.5872e-18 -2.6770e-21 -1.1377e-24 -8.9187e-29 -8.7442e-34 -6.5940e-40 -2.0767e-47 -1.2641e-56 -5.6007e-68 -5.2047e-82 -2.0625e-99 -4.4807e-121 -3.7444e-148 -3.7724e-182 -4.8744e-225 -1.9956e-279 0.0000e+00 0.0000e+00 0.0000e+00 0.0000e+00 0.0000e+00 0.0000e+00 0.0000e+00 0.0000e+00 0.0000e+00 0.0000e+00 0.0000e+00 0.0000e+00 0.0000e+00 0.0000e+00 0.0000e+00 0.0000e+00 0.0000e+00 0.0000e+00 0.0000e+00 0.0000e+00 0.0000e+00 0.0000e+00 0.0000e+00 0.0000e+00 0.0000e+00 0.0000e+00 0.0000e+00 0.0000e+00 0.0000e+00 0.0000e+00 0.0000e+00 9.6639e-10 5.4720e-09 1.5104e-08 3.1075e-08 5.4443e-08 8.6186e-08 1.2724e-07 1.7853e-07 2.4097e-07 3.1549e-07 4.0305e-07 5.0462e-07 6.2118e-07 0.0000e+00 9.0332e-07 1.0709e-06 1.2573e-06 1.4633e-06 1.6895e-06 1.9362e-06 2.2031e-06 2.4894e-06 2.7934e-06 3.1122e-06 3.4415e-06 3.7752e-06 4.1048e-06 4.4193e-06 4.7049e-06 4.9450e-06 5.1203e-06 5.2101e-06 5.1939e-06 5.0539e-06 4.7785e-06 4.3667e-06 3.8317e-06 3.2036e-06 2.5283e-06 1.8626e-06 1.2637e-06 7.7692e-07 4.2453e-07 2.0141e-07 8.0653e-08 2.6350e-08 6.7405e-09 1.2844e-09 1.7162e-10 1.4939e-11 7.7447e-13 2.1430e-14 2.7672e-16 1.4135e-18 2.3301e-21 9.6351e-25 7.3107e-29 6.8943e-34 4.9640e-40 1.4799e-47 8.4406e-57 3.4625e-68 2.9383e-82 1.0462e-99 2.0040e-121 1.4441e-148 1.2219e-182 1.2839e-225 4.1037e-280 0.0000e+00 0.0000e+00 0.0000e+00 0.0000e+00 0.0000e+00 0.0000e+00 0.0000e+00 0.0000e+00 0.0000e+00 0.0000e+00 0.0000e+00 0.0000e+00 0.0000e+00 0.0000e+00 0.0000e+00 0.0000e+00 0.0000e+00 0.0000e+00 0.0000e+00 0.0000e+00 0.0000e+00 0.0000e+00 0.0000e+00 0.0000e+00 0.0000e+00 0.0000e+00 0.0000e+00 0.0000e+00 0.0000e+00 0.0000e+00 0.0000e+00
-1.1582e-09 -6.5579e-09 -1.8101e-08 -3.7241e-08 -6.5246e-08 -1.0329e-07 -1.5249e-07 -2.1395e-07 -2.8878e-07 -3.7809e-07 -4.8303e-07 -6.0475e-07 -7.4445e-07 -9.0333e-07 6.0828e-05 -1.2834e-06 -1.5068e-06 -1.7537e-06 -2.0249e-06 -2.3206e-06 -2.6406e-06 -2.9839e-06 -3.3485e-06 -3.7310e-06 -4.1263e-06 -4.5270e-06 -4.9230e-06 -5.3014e-06 -5.6455e-06 -5.9355e-06 -6.1484e-06 -6.2594e-06 -6.2438e-06 -6.0799e-06 -5.7538e-06 -5.2636e-06 -4.6249e-06 -3.8730e-06 -3.0625e-06 -2.2614e-06 -1.5385e-06 -9.4910e-07 -5.2072e-07 -2.4824e-07 -9.9985e-08 -3.2893e-08 -8.4844e-09 -1.6328e-09 -2.2077e-10 -1.9491e-11 -1.0277e-12 -2.9014e-14 -3.8370e-16 -2.0164e-18 -3.4380e-21 -1.4796e-24 -1.1769e-28 -1.1734e-33 -9.0214e-40 -2.9044e-47 -1.8125e-56 -8.2580e-68 -7.9175e-82 -3.2480e-99 -7.3309e-121 -6.3893e-148 -6.7416e-182 -9.1661e-225 -3.9703e-279 0.0000e+00 0.0000e+00 0.0000e+00 0.0000e+00 0.0000e+00 0.0000e+00 0.0000e+00 0.0000e+00 0.0000e+00 0.0000e+00 0.0000e+00 0.0000e+00 0.0000e+00 0.0000e+00 0.0000e+00 0.0000e+00 0.0000e+00 0.0000e+00 0.0000e+00 0.0000e+00 0.0000e+00 0.0000e+00 0.0000e+00 0.0000e+00 0.0000e+00 0.0000e+00 0.0000e+00 0.0000e+00 0.0000e+00 0.0000e+00 0.0000e+00 1.1582e-09 6.5579e-09 1.8101e-08 3.7241e-08 6.5246e-08 1.0329e-07 1.5249e-07 2.1395e-07 2.8878e-07 3.7809e-07 4.8303e-07 6.0475e-07 7.4445e-07 9.0332e-07 0.0000e+00 1.2833e-06 1.5067e-06 1.7536e-06 2.0248e-06 2.3204e-06 2.6402e-06 2.9833e-06 3.3477e-06 3.7297e-06 4.1244e-06 4.5243e-06 4.9193e-06 5.2962e-06 5.6385e-06 5.9262e-06 6.1363e-06 6.2440e-06 6.2246e-06 6.0567e-06 5.7267e-06 5.2331e-06 4.5920e-06 3.8393e-06 3.0300e-06 2.2321e-06 1.5144e-06 9.3109e-07 5.0877e-07 2.4137e-07 9.6657e-08 3.1579e-08 8.0779e-09 1.5392e-09 2.0566e-10 1.7902e-11 9.2808e-13 2.5680e-14 3.3158e-16 1.6936e-18 2.7916e-21 1.1542e-24 8.7556e-29 8.2543e-34 5.9406e-40 1.7697e-47 1.0083e-56 4.1297e-68 3.4957e-82 1.2398e-99 2.3600e-121 1.6834e-148 1.4001e-182 1.4278e-225 4.3163e-280 0.0000e+00 0.0000e+00 0.0000e+00 0.0000e+00 0.0000e+00 0.0000e+00 0.0000e+00 0.0000e+00 0.0000e+00 0.0000e+00 0.0000e+00 0.0000e+00 0.0000e+00 0.0000e+00 0.0000e+00 0.0000e+00 0.0000e+00 0.0000e+00 0.0000e+00 0.0000e+00 0.0000e+00 0.0000e+00 0.0000e+00 0.0000e+00 0.0000e+00 0.0000e+00 0.0000e+00 0.0000e+00 0.0000e+00 0.0000e+00 0.0000e+00
-1.3730e-09 -7.7741e-09 -2.1458e-08 -4.4148e-08 -7.7347e-08 -1.2244e-07 -1.8077e-07 -2.5363e-07 -3.4234e-07 -4.4822e-07 -5.7261e-07 -7.1691e-07 -8.8253e-07 -1.0709e-06 -1.2834e-06 9.0984e-05 -1.7863e-06 -2.0790e-06 -2.4005e-06 -2.7511e-06 -3.1306e-06 -3.5377e-06 -3.9701e-06 -4.4238e-06 -4.8927e-06 -5.3681e-06 -5.8383e-06 -6.2876e-06 -6.6966e-06 -7.0418e-06 -7.2958e-06 -7.4294e-06 -7.4130e-06 -7.2211e-06 -6.8368e-06 -6.2578e-06 -5.5020e-06 -4.6111e-06 -3.6496e-06 -2.6980e-06 -1.8381e-06 -1.1358e-06 -6.2435e-07 -2.9834e-07 -1.2050e-07 -3.9774e-08 -1.0300e-08 -1.9914e-09 -2.7074e-10 -2.4058e-11 -1.2782e-12 -3.6409e-14 -4.8654e-16 -2.5880e-18 -4.4743e-21 -1.9567e-24 -1.5851e-28 -1.6136e-33 -1.2698e-39 -4.1961e-47 -2.6955e-56 -1.2680e-67 -1.2591e-81 -5.3677e-99 -1.2636e-120 -1.1532e-147 -1.2802e-181 -1.8413e-224 -8.4930e-279 0.0000e+00 0.0000e+00 0.0000e+00 0.0000e+00 0.0000e+00 0.0000e+00 0.0000e+00 0.0000e+00 0.0000e+00 0.0000e+00 0.0000e+00 0.0000e+00 0.0000e+00 0.0000e+00 0.0000e+00 0.0000e+00 0.0000e+00 0.0000e+00 0.0000e+00 0.0000e+00 0.0000e+00 0.0000e+00 0.0000e+00 0.0000e+00 0.0000e+00 0.0000e+00 0.0000e+00 0.0000e+00 0.0000e+00 0.0000e+00 0.0000e+00 1.3730e-09 7.7741e-09 2.1458e-08 4.4148e-08 7.7347e-08 1.2244e-07 1.8077e-07 2.5363e-07 3.4234e-07 4.4822e-07 5.7261e-07 7.1691e-07 8.8252e-07 1.0709e-06 1.2833e-06 0.0000e+00 1.7862e-06 2.0789e-06 2.4003e-06 2.7507e-06 3.1299e-06 3.5367e-06 3.9685e-06 4.4215e-06 4.8894e-06 5.3634e-06 5.8316e-06 6.2785e-06 6.6842e-06 7.0253e-06 7.2744e-06 7.4020e-06 7.3790e-06 7.1800e-06 6.7888e-06 6.2037e-06 5.4437e-06 4.5513e-06 3.5920e-06 2.6461e-06 1.7953e-06 1.1038e-06 6.0313e-07 2.8613e-07 1.1458e-07 3.7434e-08 9.5757e-09 1.8246e-09 2.4379e-10 2.1220e-11 1.1001e-12 3.0437e-14 3.9296e-16 2.0068e-18 3.3071e-21 1.3669e-24 1.0365e-28 9.7646e-34 7.0202e-40 2.0881e-47 1.1869e-56 4.8431e-68 4.0758e-82 1.4321e-99 2.6842e-121 1.8649e-148 1.4790e-182 1.3731e-225 3.3343e-280 0.0000e+00 0.0000e+00 0.0000e+00 0.0000e+00 0.0000e+00 0.0000e+00 0.0000e+00 0.0000e+00 0.0000e+00 0.0000e+00 0.0000e+00 0.0000e+00 0.0000e+00 0.0000e+00 0.0000e+00 0.0000e+00 0.0000e+00 0.0000e+00 0.0000e+00 0.0000e+00 0.0000e+00 0.0000e+00 0.0000e+00 0.0000e+00 0.0000e+00 0.0000e+00 0.0000e+00 0.0000e+00 0.0000e+00 0.0000e+00 0.0000e+00
-1.6119e-09 -9.1273e-09 -2.5193e-08 -5.1832e-08 -9.0811e-08 -1.4376e-07 -2.1224e-07 -2.9778e-07 -4.0193e-07 -5.2624e-07 -6.7229e-07 -8.4170e-07 -1.0361e-06 -1.2573e-06 -1.5068e-06 -1.7863e-06 1.3307e-04 -2.4410e-06 -2.8185e-06 -3.2303e-06 -3.6759e-06 -4.1540e-06 -4.6620e-06 -5.1950e-06 -5.7461e-06 -6.3051e-06 -6.8581e-06 -7.3870e-06 -7.8690e-06 -8.2764e-06 -8.5775e-06 -8.7374e-06 -8.7218e-06 -8.5004e-06 -8.0530e-06 -7.3765e-06 -6.4915e-06 -5.4463e-06 -4.3164e-06 -3.1959e-06 -2.1814e-06 -1.3509e-06 -7.4463e-07 -3.5695e-07 -1.4472e-07 -4.7985e-08 -1.2492e-08 -2.4304e-09 -3.3285e-10 -2.9831e-11 -1.6007e-12 -4.6125e-14 -6.2459e-16 -3.3730e-18 -5.9331e-21 -2.6456e-24 -2.1906e-28 -2.2848e-33 -1.8470e-39 -6.2866e-47 -4.1713e-56 -2.0326e-67 -2.0976e-81 -9.3255e-99 -2.2986e-120 -2.2068e-147 -2.5914e-181 -3.9691e-224 -1.9651e-278 0.0000e+00 0.0000e+00 0.0000e+00 0.0000e+00 0.0000e+00 0.0000e+00 0.0000e+00 0.0000e+00 0.0000e+00 0.0000e+00 0.0000e+00 0.0000e+00 0.0000e+00 0.0000e+00 0.0000e+00 0.0000e+00 0.0000e+00 0.0000e+00 0.0000e+00 0.0000e+00 0.0000e+00 0.0000e+00 0.0000e+00 0.0000e+00 0.0000e+00 0.0000e+00 0.0000e+00 0.0000e+00 0.0000e+00 0.0000e+00 0.0000e+00 1.6119e-09 9.1273e-09 2.5193e-08 5.1832e-08 9.0811e-08 1.4376e-07 2.1224e-07 2.9778e-07 4.0193e-07 5.2623e-07 6.7228e-07 8.4170e-07 1.0361e-06 1.2573e-06 1.5067e-06 1.7862e-06 0.0000e+00 2.4407e-06 2.8181e-06 3.2295e-06 3.6747e-06 4.1523e-06 4.6593e-06 5.1911e-06 5.7404e-06 6.2970e-06 6.8467e-06 7.3713e-06 7.8477e-06 8.2481e-06 8.5406e-06 8.6905e-06 8.6634e-06 8.4298e-06 7.9704e-06 7.2835e-06 6.3912e-06 5.3435e-06 4.2172e-06 3.1067e-06 2.1078e-06 1.2959e-06 7.0810e-07 3.3593e-07 1.3452e-07 4.3948e-08 1.1242e-08 2.1420e-09 2.8618e-10 2.4909e-11 1.2911e-12 3.5719e-14 4.6106e-16 2.3540e-18 3.8774e-21 1.6016e-24 1.2132e-28 1.1413e-33 8.1872e-40 2.4270e-47 1.3722e-56 5.5524e-68 4.6096e-82 1.5831e-99 2.8509e-121 1.8359e-148 1.2351e-182 6.9859e-226 -1.3821e-280 0.0000e+00 0.0000e+00 0.0000e+00 0.0000e+00 0.0000e+00 0.0000e+00 0.0000e+00 0.0000e+00 0.0000e+00 0.0000e+00 0.0000e+00 0.0000e+00 0.0000e+00 0.0000e+00 0.0000e+00 0.0000e+00 0.0000e+00 0.0000e+00 0.0000e+00 0.0000e+00 0.0000e+00 0.0000e+00 0.0000e+00 0.0000e+00 0.0000e+00 0.0000e+00 0.0000e+00 0.0000e+00 0.0000e+00 0.0000e+00 0.0000e+00
