1.0199e-08 -1.4142e-08 -2.5979e-08 -3.9990e-08 -5.5867e-08 -7.3389e-08 -9.2379e-08 -1.1267e-07 -1.3412e-07 -1.5654e-07 -1.7976e-07 -2.0358e-07 -2.2776e-07 -2.5204e-07 -2.7613e-07 -2.9970e-07 -3.2238e-07 -3.4379e-07 -3.6350e-07 -3.8109e-07 -3.9613e-07 -4.0819e-07 -4.1690e-07 -4.2189e-07 -4.2290e-07 -4.1973e-07 -4.1230e-07 -4.0065e-07 -3.8495e-07 -3.6549e-07 -3.4271e-07 -3.1718e-07 -2.8954e-07 -2.6051e-07 -2.3087e-07 -2.0136e-07 -1.7272e-07 -1.4557e-07 -1.2046e-07 -9.7784e-08 -7.7792e-08 -6.0597e-08 -4.6175e-08 -3.4385e-08 -2.4998e-08 -1.7725e-08 -1.2243e-08 -8.2304e-09 -5.3783e-09 -3.4126e-09 -2.1001e-09 -1.2519e-09 -7.2210e-10 -4.0247e-10 -2.1650e-10 -1.1225e-10 -5.6024e-11 -2.6880e-11 -1.2381e-11 -5.4670e-12 -2.3110e-12 -9.3387e-13 -3.6022e-13 -1.3243e-13 -4.6337e-14 -1.5405e-14 -4.8593e-15 -1.4519e-15 -4.1025e-16 -1.0945e-16 -2.7525e-17 -6.5136e-18 -1.4480e-18 -3.0188e-19 -5.8916e-20 -1.0745e-20 -1.8279e-21 -2.8953e-22 -4.2622e-23 -5.8201e-24 -7.3582e-25 -8.5965e-26 -9.2626e-27 -9.1863e-28 -8.3693e-29 -6.9902e-30 -5.3414e-31 -3.7264e-32 -2.3686e-33 -1.3687e-34 -7.1755e-36 -3.4052e-37 -1.4597e-38 -5.6392e-40 -1.9591e-41 -6.1063e-43 -1.7038e-44 -4.2455e-46 -9.4261e-48 -1.8603e-49 0.0000e+00 -1.4142e-08 -2.5979e-08 -3.9990e-08 -5.5867e-08 -7.3389e-08 -9.2379e-08 -1.1267e-07 -1.3412e-07 -1.5654e-07 -1.7976e-07 -2.0358e-07 -2.2776e-07 -2.5204e-07 -2.7613e-07 -2.9970e-07 -3.2238e-07 -3.4379e-07 -3.6350e-07 -3.8109e-07 -3.9613e-07 -4.0819e-07 -4.1690e-07 -4.2189e-07 -4.2290e-07 -4.1973e-07 -4.1230e-07 -4.0065e-07 -3.8494e-07 -3.6549e-07 -3.4271e-07 -3.1718e-07 -2.8954e-07 -2.6051e-07 -2.3087e-07 -2.0136e-07 -1.7272e-07 -1.4557e-07 -1.2046e-07 -9.7784e-08 -7.7792e-08 -6.0597e-08 -4.6175e-08 -3.4385e-08 -2.4998e-08 -1.7724e-08 -1.2243e-08 -8.2303e-09 -5.3783e-09 -3.4126e-09 -2.1001e-09 -1.2519e-09 -7.2209e-10 -4.0247e-10 -2.1650e-10 -1.1225e-10 -5.6024e-11 -2.6880e-11 -1.2381e-11 -5.4669e-12 -2.3110e-12 -9.3385e-13 -3.6021e-13 -1.3243e-13 -4.6336e-14 -1.5405e-14 -4.8592e-15 -1.4519e-15 -4.1024e-16 -1.0945e-16 -2.7524e-17 -6.5134e-18 -1.4480e-18 -3.0187e-19 -5.8914e-20 -1.0745e-20 -1.8279e-21 -2.8952e-22 -4.2620e-23 -5.8198e-24 -7.3579e-25 -8.5961e-26 -9.2621e-27 -9.1859e-28 -8.3689e-29 -6.9898e-30 -5.3411e-31 -3.7262e-32 -2.3684e-33 -1.3686e-34 -7.1750e-36 -3.4050e-37 -1.4596e-38 -5.6387e-40 -1.9589e-41 -6.1058e-43 -1.7036e-44 -4.2451e-46 -9.4252e-48 -1.8601e-49
-1.4142e-08 1.6318e-07 -7.3478e-08 -1.1311e-07 -1.5801e-07 -2.0757e-07 -2.6128e-07 -3.1869e-07 -3.7933e-07 -4.4276e-07 -5.0844e-07 -5.7580e-07 -6.4420e-07 -7.1288e-07 -7.8101e-07 -8.4767e-07 -9.1182e-07 -9.7236e-07 -1.0281e-06 -1.0779e-06 -1.1204e-06 -1.1545e-06 -1.1792e-06 -1.1933e-06 -1.1961e-06 -1.1872e-06 -1.1662e-06 -1.1332e-06 -1.0888e-06 -1.0338e-06 -9.6935e-07 -8.9713e-07 -8.1894e-07 -7.3685e-07 -6.5300e-07 -5.6955e-07 -4.8853e-07 -4.1176e-07 -3.4073e-07 -2.7659e-07 -2.2004e-07 -1.7140e-07 -1.3061e-07 -9.7263e-08 -7.0712e-08 -5.0137e-08 -3.4633e-08 -2.3281e-08 -1.5214e-08 -9.6536e-09 -5.9408e-09 -3.5416e-09 -2.0427e-09 -1.1386e-09 -6.1247e-10 -3.1756e-10 -1.5850e-10 -7.6046e-11 -3.5028e-11 -1.5467e-11 -6.5384e-12 -2.6422e-12 -1.0192e-12 -3.7471e-13 -1.3111e-13 -4.3591e-14 -1.3750e-14 -4.1085e-15 -1.1609e-15 -3.0974e-16 -7.7895e-17 -1.8434e-17 -4.0982e-18 -8.5440e-19 -1.6676e-19 -3.0414e-20 -5.1741e-21 -8.1960e-22 -1.2066e-22 -1.6477e-23 -2.0832e-24 -2.4339e-25 -2.6226e-26 -2.6012e-27 -2.3699e-28 -1.9795e-29 -1.5127e-30 -1.0554e-31 -6.7087e-33 -3.8770e-34 -2.0326e-35 -9.6468e-37 -4.1355e-38 -1.5978e-39 -5.5512e-41 -1.7304e-42 -4.8285e-44 -1.2033e-45 -2.6718e-47 -5.2735e-49 -1.4142e-08 0.0000e+00 -7.3478e-08 -1.1311e-07 -1.5801e-07 -2.0757e-07 -2.6128e-07 -3.1869e-07 -3.7933e-07 -4.4276e-07 -5.0844e-07 -5.7580e-07 -6.4420e-07 -7.1288e-07 -7.8101e-07 -8.4767e-07 -9.1182e-07 -9.7236e-07 -1.0281e-06 -1.0779e-06 -1.1204e-06 -1.1545e-06 -1.1791e-06 -1.1933e-06 -1.1961e-06 -1.1872e-06 -1.1661e-06 -1.1332e-06 -1.0888e-06 -1.0337e-06 -9.6933e-07 -8.9711e-07 -8.1893e-07 -7.3683e-07 -6.5298e-07 -5.6953e-07 -4.8852e-07 -4.1174e-07 -3.4072e-07 -2.7658e-07 -2.2003e-07 -1.7140e-07 -1.3060e-07 -9.7257e-08 -7.0707e-08 -5.0133e-08 -3.4630e-08 -2.3279e-08 -1.5213e-08 -9.6526e-09 -5.9401e-09 -3.5411e-09 -2.0425e-09 -1.1384e-09 -6.1238e-10 -3.1751e-10 -1.5847e-10 -7.6032e-11 -3.5021e-11 -1.5464e-11 -6.5370e-12 -2.6416e-12 -1.0189e-12 -3.7461e-13 -1.3107e-13 -4.3578e-14 -1.3746e-14 -4.1071e-15 -1.1605e-15 -3.0962e-16 -7.7863e-17 -1.8426e-17 -4.0963e-18 -8.5399e-19 -1.6667e-19 -3.0397e-20 -5.1712e-21 -8.1911e-22 -1.2058e-22 -1.6466e-23 -2.0818e-24 -2.4321e-25 -2.6206e-26 -2.5991e-27 -2.3680e-28 -1.9778e-29 -1.5113e-30 -1.0544e-31 -6.7020e-33 -3.8729e-34 -2.0304e-35 -9.6358e-37 -4.1305e-38 -1.5958e-39 -5.5440e-41 -1.7281e-42 -4.8216e-44 -1.2015e-45 -2.6677e-47 -5.2651e-49
-2.5979e-08 -7.3478e-08 8.2611e-07 -2.0778e-07 -2.9027e-07 -3.8131e-07 -4.7998e-07 -5.8543e-07 -6.9684e-07 -8.1334e-07 -9.3400e-07 -1.0578e-06 -1.1834e-06 -1.3096e-06 -1.4347e-06 -1.5572e-06 -1.6750e-06 -1.7862e-06 -1.8887e-06 -1.9801e-06 -2.0582e-06 -2.1209e-06 -2.1662e-06 -2.1921e-06 -2.1974e-06 -2.1809e-06 -2.1423e-06 -2.0818e-06 -2.0002e-06 -1.8992e-06 -1.7809e-06 -1.6482e-06 -1.5046e-06 -1.3538e-06 -1.1997e-06 -1.0464e-06 -8.9759e-07 -7.5655e-07 -6.2607e-07 -5.0822e-07 -4.0432e-07 -3.1497e-07 -2.4001e-07 -1.7874e-07 -1.2995e-07 -9.2141e-08 -6.3651e-08 -4.2790e-08 -2.7964e-08 -1.7744e-08 -1.0920e-08 -6.5105e-09 -3.7554e-09 -2.0933e-09 -1.1261e-09 -5.8392e-10 -2.9146e-10 -1.3985e-10 -6.4421e-11 -2.8449e-11 -1.2027e-11 -4.8607e-12 -1.8751e-12 -6.8948e-13 -2.4127e-13 -8.0225e-14 -2.5309e-14 -7.5630e-15 -2.1374e-15 -5.7032e-16 -1.4345e-16 -3.3952e-17 -7.5492e-18 -1.5741e-18 -3.0728e-19 -5.6051e-20 -9.5375e-21 -1.5110e-21 -2.2249e-22 -3.0388e-23 -3.8429e-24 -4.4908e-25 -4.8400e-26 -4.8015e-27 -4.3757e-28 -3.6558e-29 -2.7944e-30 -1.9501e-31 -1.2399e-32 -7.1676e-34 -3.7589e-35 -1.7845e-36 -7.6523e-38 -2.9575e-39 -1.0278e-40 -3.2051e-42 -8.9465e-44 -2.2303e-45 -4.9541e-47 -9.7819e-49 -2.5979e-08 -7.3478e-08 0.0000e+00 -2.0778e-07 -2.9027e-07 -3.8131e-07 -4.7998e-07 -5.8543e-07 -6.9684e-07 -8.1334e-07 -9.3400e-07 -1.0578e-06 -1.1834e-06 -1.3096e-06 -1.4347e-06 -1.5572e-06 -1.6750e-06 -1.7862e-06 -1.8887e-06 -1.9801e-06 -2.0582e-06 -2.1209e-06 -2.1661e-06 -2.1921e-06 -2.1973e-06 -2.1808e-06 -2.1422e-06 -2.0817e-06 -2.0001e-06 -1.8990e-06 -1.7807e-06 -1.6480e-06 -1.5044e-06 -1.3536e-06 -1.1996e-06 -1.0463e-06 -8.9746e-07 -7.5642e-07 -6.2595e-07 -5.0811e-07 -4.0423e-07 -3.1489e-07 -2.3995e-07 -1.7868e-07 -1.2991e-07 -9.2108e-08 -6.3625e-08 -4.2772e-08 -2.7951e-08 -1.7735e-08 -1.0914e-08 -6.5066e-09 -3.7530e-09 -2.0918e-09 -1.1253e-09 -5.8345e-10 -2.9121e-10 -1.3972e-10 -6.4358e-11 -2.8419e-11 -1.2014e-11 -4.8549e-12 -1.8728e-12 -6.8854e-13 -2.4092e-13 -8.0102e-14 -2.5268e-14 -7.5499e-15 -2.1335e-15 -5.6921e-16 -1.4315e-16 -3.3878e-17 -7.5318e-18 -1.5703e-18 -3.0649e-19 -5.5900e-20 -9.5104e-21 -1.5065e-21 -2.2179e-22 -3.0288e-23 -3.8296e-24 -4.4744e-25 -4.8215e-26 -4.7823e-27 -4.3573e-28 -3.6397e-29 -2.7815e-30 -1.9407e-31 -1.2337e-32 -7.1297e-34 -3.7382e-35 -1.7742e-36 -7.6062e-38 -2.9389e-39 -1.0211e-40 -3.1832e-42 -8.8828e-44 -2.2138e-45 -4.9159e-47 -9.7035e-49
-3.9990e-08 -1.1311e-07 -2.0778e-07 2.6109e-06 -4.4682e-07 -5.8697e-07 -7.3885e-07 -9.0117e-07 -1.0727e-06 -1.2520e-06 -1.4377e-06 -1.6282e-06 -1.8216e-06 -2.0159e-06 -2.2086e-06 -2.3971e-06 -2.5785e-06 -2.7497e-06 -2.9074e-06 -3.0481e-06 -3.1685e-06 -3.2650e-06 -3.3347e-06 -3.3747e-06 -3.3828e-06 -3.3576e-06 -3.2982e-06 -3.2051e-06 -3.0796e-06 -2.9241e-06 -2.7420e-06 -2.5378e-06 -2.3167e-06 -2.0846e-06 -1.8475e-06 -1.6115e-06 -1.3824e-06 -1.1652e-06 -9.6431e-07 -7.8284e-07 -6.2285e-07 -4.8523e-07 -3.6979e-07 -2.7541e-07 -2.0025e-07 -1.4200e-07 -9.8105e-08 -6.5960e-08 -4.3110e-08 -2.7359e-08 -1.6840e-08 -1.0041e-08 -5.7928e-09 -3.2294e-09 -1.7376e-09 -9.0116e-10 -4.4989e-10 -2.1592e-10 -9.9481e-11 -4.3942e-11 -1.8581e-11 -7.5113e-12 -2.8984e-12 -1.0660e-12 -3.7313e-13 -1.2411e-13 -3.9165e-14 -1.1707e-14 -3.3097e-15 -8.8344e-16 -2.2228e-16 -5.2632e-17 -1.1707e-17 -2.4422e-18 -4.7692e-19 -8.7037e-20 -1.4817e-20 -2.3486e-21 -3.4598e-22 -4.7280e-23 -5.9823e-24 -6.9947e-25 -7.5431e-26 -7.4876e-27 -6.8279e-28 -5.7082e-29 -4.3661e-30 -3.0490e-31 -1.9400e-32 -1.1223e-33 -5.8902e-35 -2.7985e-36 -1.2010e-37 -4.6456e-39 -1.6160e-40 -5.0434e-42 -1.4091e-43 -3.5161e-45 -7.8178e-47 -1.5452e-48 -3.9990e-08 -1.1311e-07 -2.0778e-07 0.0000e+00 -4.4682e-07 -5.8697e-07 -7.3884e-07 -9.0117e-07 -1.0727e-06 -1.2520e-06 -1.4377e-06 -1.6282e-06 -1.8216e-06 -2.0159e-06 -2.2085e-06 -2.3970e-06 -2.5784e-06 -2.7496e-06 -2.9073e-06 -3.0480e-06 -3.1683e-06 -3.2648e-06 -3.3344e-06 -3.3744e-06 -3.3825e-06 -3.3572e-06 -3.2978e-06 -3.2046e-06 -3.0791e-06 -2.9235e-06 -2.7413e-06 -2.5371e-06 -2.3160e-06 -2.0839e-06 -1.8468e-06 -1.6108e-06 -1.3817e-06 -1.1646e-06 -9.6374e-07 -7.8233e-07 -6.2240e-07 -4.8485e-07 -3.6947e-07 -2.7514e-07 -2.0004e-07 -1.4184e-07 -9.7982e-08 -6.5870e-08 -4.3047e-08 -2.7316e-08 -1.6811e-08 -1.0022e-08 -5.7811e-09 -3.2224e-09 -1.7335e-09 -8.9890e-10 -4.4868e-10 -2.1529e-10 -9.9174e-11 -4.3797e-11 -1.8516e-11 -7.4830e-12 -2.8868e-12 -1.0614e-12 -3.7144e-13 -1.2351e-13 -3.8964e-14 -1.1644e-14 -3.2906e-15 -8.7805e-16 -2.2085e-16 -5.2272e-17 -1.1623e-17 -2.4236e-18 -4.7310e-19 -8.6301e-20 -1.4685e-20 -2.3265e-21 -3.4257e-22 -4.6790e-23 -5.9172e-24 -6.9148e-25 -7.4527e-26 -7.3936e-27 -6.7380e-28 -5.6295e-29 -4.3031e-30 -3.0031e-31 -1.9094e-32 -1.1038e-33 -5.7888e-35 -2.7482e-36 -1.1785e-37 -4.5549e-39 -1.5831e-40 -4.9365e-42 -1.3780e-43 -3.4353e-45 -7.6309e-47 -1.5068e-48
-5.5867e-08 -1.5801e-07 -2.9027e-07 -4.4682e-07 6.3743e-06 -8.2001e-07 -1.0322e-06 -1.2590e-06 -1.4985e-06 -1.7491e-06 -2.0086e-06 -2.2747e-06 -2.5449e-06 -2.8163e-06 -3.0855e-06 -3.3489e-06 -3.6024e-06 -3.8416e-06 -4.0620e-06 -4.2587e-06 -4.4269e-06 -4.5619e-06 -4.6594e-06 -4.7154e-06 -4.7269e-06 -4.6918e-06 -4.6091e-06 -4.4792e-06 -4.3040e-06 -4.0868e-06 -3.8326e-06 -3.5474e-06 -3.2387e-06 -2.9144e-06 -2.5832e-06 -2.2534e-06 -1.9332e-06 -1.6297e-06 -1.3489e-06 -1.0952e-06 -8.7150e-07 -6.7905e-07 -5.1758e-07 -3.8555e-07 -2.8039e-07 -1.9887e-07 -1.3742e-07 -9.2418e-08 -6.0418e-08 -3.8354e-08 -2.3614e-08 -1.4084e-08 -8.1279e-09 -4.5328e-09 -2.4398e-09 -1.2658e-09 -6.3218e-10 -3.0353e-10 -1.3991e-10 -6.1827e-11 -2.6157e-11 -1.0579e-11 -4.0844e-12 -1.5030e-12 -5.2641e-13 -1.7520e-13 -5.5322e-14 -1.6548e-14 -4.6815e-15 -1.2505e-15 -3.1489e-16 -7.4618e-17 -1.6611e-17 -3.4682e-18 -6.7789e-19 -1.2383e-19 -2.1100e-20 -3.3479e-21 -4.9371e-22 -6.7541e-23 -8.5553e-24 -1.0015e-24 -1.0813e-25 -1.0747e-26 -9.8123e-28 -8.2141e-29 -6.2914e-30 -4.3998e-31 -2.8036e-32 -1.6243e-33 -8.5381e-35 -4.0631e-36 -1.7466e-37 -6.7675e-39 -2.3582e-40 -7.3732e-42 -2.0638e-43 -5.1597e-45 -1.1495e-46 -2.2765e-48 -5.5867e-08 -1.5801e-07 -2.9027e-07 -4.4682e-07 0.0000e+00 -8.2001e-07 -1.0322e-06 -1.2590e-06 -1.4985e-06 -1.7491e-06 -2.0086e-06 -2.2747e-06 -2.5449e-06 -2.8162e-06 -3.0854e-06 -3.3487e-06 -3.6022e-06 -3.8414e-06 -4.0617e-06 -4.2583e-06 -4.4264e-06 -4.5612e-06 -4.6585e-06 -4.7144e-06 -4.7257e-06 -4.6904e-06 -4.6075e-06 -4.4775e-06 -4.3021e-06 -4.0848e-06 -3.8304e-06 -3.5451e-06 -3.2363e-06 -2.9120e-06 -2.5808e-06 -2.2511e-06 -1.9310e-06 -1.6276e-06 -1.3469e-06 -1.0934e-06 -8.6996e-07 -6.7773e-07 -5.1648e-07 -3.8465e-07 -2.7967e-07 -1.9832e-07 -1.3701e-07 -9.2113e-08 -6.0202e-08 -3.8205e-08 -2.3515e-08 -1.4020e-08 -8.0881e-09 -4.5089e-09 -2.4259e-09 -1.2581e-09 -6.2804e-10 -3.0140e-10 -1.3886e-10 -6.1331e-11 -2.5933e-11 -1.0482e-11 -4.0446e-12 -1.4875e-12 -5.2061e-13 -1.7315e-13 -5.4636e-14 -1.6331e-14 -4.6163e-15 -1.2321e-15 -3.0998e-16 -7.3388e-17 -1.6323e-17 -3.4046e-18 -6.6479e-19 -1.2131e-19 -2.0648e-20 -3.2725e-21 -4.8202e-22 -6.5862e-23 -8.3321e-24 -9.7409e-25 -1.0503e-25 -1.0424e-26 -9.5039e-28 -7.9440e-29 -6.0752e-30 -4.2418e-31 -2.6985e-32 -1.5607e-33 -8.1896e-35 -3.8902e-36 -1.6692e-37 -6.4551e-39 -2.2449e-40 -7.0046e-42 -1.9566e-43 -4.8810e-45 -1.0850e-46 -2.1439e-48
-7.3389e-08 -2.0757e-07 -3.8131e-07 -5.8697e-07 -8.2001e-07 1.3218e-05 -1.3559e-06 -1.6538e-06 -1.9686e-06 -2.2977e-06 -2.6386e-06 -2.9883e-06 -3.3433e-06 -3.6998e-06 -4.0535e-06 -4.3995e-06 -4.7327e-06 -5.0471e-06 -5.3367e-06 -5.5953e-06 -5.8165e-06 -5.9942e-06 -6.1225e-06 -6.1964e-06 -6.2119e-06 -6.1662e-06 -6.0580e-06 -5.8877e-06 -5.6580e-06 -5.3731e-06 -5.0394e-06 -4.6650e-06 -4.2596e-06 -3.8337e-06 -3.3985e-06 -2.9652e-06 -2.5444e-06 -2.1454e-06 -1.7761e-06 -1.4424e-06 -1.1481e-06 -8.9482e-07 -6.8226e-07 -5.0839e-07 -3.6985e-07 -2.6243e-07 -1.8141e-07 -1.2205e-07 -7.9828e-08 -5.0700e-08 -3.1231e-08 -1.8638e-08 -1.0762e-08 -6.0053e-09 -3.2344e-09 -1.6792e-09 -8.3924e-10 -4.0325e-10 -1.8602e-10 -8.2274e-11 -3.4838e-11 -1.4103e-11 -5.4500e-12 -2.0076e-12 -7.0386e-13 -2.3451e-13 -7.4137e-14 -2.2203e-14 -6.2890e-15 -1.6821e-15 -4.2413e-16 -1.0064e-16 -2.2438e-17 -4.6918e-18 -9.1852e-19 -1.6806e-19 -2.8685e-20 -4.5594e-21 -6.7360e-22 -9.2324e-23 -1.1717e-23 -1.3744e-24 -1.4870e-25 -1.4811e-26 -1.3554e-27 -1.1372e-28 -8.7307e-30 -6.1206e-31 -3.9099e-32 -2.2711e-33 -1.1970e-34 -5.7118e-36 -2.4623e-37 -9.5680e-39 -3.3439e-40 -1.0487e-41 -2.9446e-43 -7.3855e-45 -1.6507e-46 -3.2803e-48 -7.3389e-08 -2.0757e-07 -3.8131e-07 -5.8697e-07 -8.2001e-07 0.0000e+00 -1.3559e-06 -1.6538e-06 -1.9686e-06 -2.2977e-06 -2.6386e-06 -2.9882e-06 -3.3431e-06 -3.6996e-06 -4.0532e-06 -4.3992e-06 -4.7321e-06 -5.0464e-06 -5.3358e-06 -5.5942e-06 -5.8151e-06 -5.9924e-06 -6.1203e-06 -6.1938e-06 -6.2088e-06 -6.1626e-06 -6.0538e-06 -5.8830e-06 -5.6528e-06 -5.3674e-06 -5.0333e-06 -4.6587e-06 -4.2530e-06 -3.8271e-06 -3.3919e-06 -2.9588e-06 -2.5382e-06 -2.1396e-06 -1.7708e-06 -1.4376e-06 -1.1439e-06 -8.9123e-07 -6.7925e-07 -5.0593e-07 -3.6790e-07 -2.6091e-07 -1.8027e-07 -1.2122e-07 -7.9237e-08 -5.0293e-08 -3.0960e-08 -1.8463e-08 -1.0653e-08 -5.9400e-09 -3.1966e-09 -1.6581e-09 -8.2794e-10 -3.9743e-10 -1.8315e-10 -8.0918e-11 -3.4225e-11 -1.3839e-11 -5.3413e-12 -1.9650e-12 -6.8800e-13 -2.2891e-13 -7.2258e-14 -2.1607e-14 -6.1103e-15 -1.6316e-15 -4.1068e-16 -9.7276e-17 -2.1646e-17 -4.5174e-18 -8.8257e-19 -1.6114e-19 -2.7444e-20 -4.3523e-21 -6.4148e-22 -8.7709e-23 -1.1104e-23 -1.2990e-24 -1.4017e-25 -1.3922e-26 -1.2704e-27 -1.0627e-28 -8.1341e-30 -5.6844e-31 -3.6195e-32 -2.0954e-33 -1.1006e-34 -5.2333e-36 -2.2478e-37 -8.7020e-39 -3.0296e-40 -9.4640e-42 -2.6466e-43 -6.6105e-45 -1.4713e-46 -2.9109e-48
-9.2379e-08 -2.6128e-07 -4.7998e-07 -7.3885e-07 -1.0322e-06 -1.3559e-06 2.4487e-05 -2.0818e-06 -2.4780e-06 -2.8923e-06 -3.3215e-06 -3.7616e-06 -4.2085e-06 -4.6574e-06 -5.1027e-06 -5.5385e-06 -5.9581e-06 -6.3541e-06 -6.7191e-06 -7.0450e-06 -7.3239e-06 -7.5481e-06 -7.7103e-06 -7.8041e-06 -7.8244e-06 -7.7676e-06 -7.6322e-06 -7.4187e-06 -7.1303e-06 -6.7724e-06 -6.3530e-06 -5.8823e-06 -5.3723e-06 -4.8363e-06 -4.2885e-06 -3.7428e-06 -3.2127e-06 -2.7098e-06 -2.2442e-06 -1.8233e-06 -1.4519e-06 -1.1322e-06 -8.6365e-07 -6.4389e-07 -4.6870e-07 -3.3277e-07 -2.3019e-07 -1.5498e-07 -1.0144e-07 -6.4476e-08 -3.9750e-08 -2.3743e-08 -1.3722e-08 -7.6649e-09 -4.1326e-09 -2.1478e-09 -1.0747e-09 -5.1701e-10 -2.3881e-10 -1.0576e-10 -4.4846e-11 -1.8181e-11 -7.0368e-12 -2.5963e-12 -9.1178e-13 -3.0432e-13 -9.6381e-14 -2.8919e-14 -8.2077e-15 -2.1998e-15 -5.5586e-16 -1.3220e-16 -2.9541e-17 -6.1917e-18 -1.2151e-18 -2.2290e-19 -3.8147e-20 -6.0800e-21 -9.0079e-22 -1.2382e-22 -1.5763e-23 -1.8547e-24 -2.0131e-25 -2.0117e-26 -1.8471e-27 -1.5552e-28 -1.1983e-29 -8.4317e-31 -5.4066e-32 -3.1527e-33 -1.6682e-34 -7.9930e-36 -3.4601e-37 -1.3503e-38 -4.7398e-40 -1.4931e-41 -4.2117e-43 -1.0613e-44 -2.3834e-46 -4.7592e-48 -9.2379e-08 -2.6128e-07 -4.7998e-07 -7.3884e-07 -1.0322e-06 -1.3559e-06 0.0000e+00 -2.0818e-06 -2.4779e-06 -2.8923e-06 -3.3213e-06 -3.7614e-06 -4.2082e-06 -4.6570e-06 -5.1021e-06 -5.5377e-06 -5.9569e-06 -6.3525e-06 -6.7170e-06 -7.0423e-06 -7.3205e-06 -7.5439e-06 -7.7051e-06 -7.7979e-06 -7.8170e-06 -7.7591e-06 -7.6225e-06 -7.4078e-06 -7.1182e-06 -6.7593e-06 -6.3390e-06 -5.8675e-06 -5.3570e-06 -4.8209e-06 -4.2731e-06 -3.7278e-06 -3.1983e-06 -2.6963e-06 -2.2318e-06 -1.8122e-06 -1.4421e-06 -1.1238e-06 -8.5663e-07 -6.3816e-07 -4.6414e-07 -3.2924e-07 -2.2753e-07 -1.5303e-07 -1.0006e-07 -6.3525e-08 -3.9117e-08 -2.3334e-08 -1.3468e-08 -7.5121e-09 -4.0440e-09 -2.0985e-09 -1.0483e-09 -5.0340e-10 -2.3209e-10 -1.0259e-10 -4.3411e-11 -1.7562e-11 -6.7819e-12 -2.4964e-12 -8.7456e-13 -2.9115e-13 -9.1967e-14 -2.7518e-14 -7.7877e-15 -2.0810e-15 -5.2419e-16 -1.2426e-16 -2.7675e-17 -5.7804e-18 -1.1303e-18 -2.0657e-19 -3.5216e-20 -5.5904e-21 -8.2482e-22 -1.1290e-22 -1.4309e-23 -1.6759e-24 -1.8106e-25 -1.8006e-26 -1.6451e-27 -1.3781e-28 -1.0562e-29 -7.3920e-31 -4.7137e-32 -2.7330e-33 -1.4378e-34 -6.8475e-36 -2.9461e-37 -1.1425e-38 -3.9847e-40 -1.2470e-41 -3.4940e-43 -8.7439e-45 -1.9500e-46 -3.8660e-48
-1.1267e-07 -3.1869e-07 -5.8543e-07 -9.0117e-07 -1.2590e-06 -1.6538e-06 -2.0818e-06 4.1774e-05 -3.0224e-06 -3.5278e-06 -4.0513e-06 -4.5883e-06 -5.1335e-06 -5.6812e-06 -6.2246e-06 -6.7565e-06 -7.2686e-06 -7.7522e-06 -8.1980e-06 -8.5963e-06 -8.9374e-06 -9.2119e-06 -9.4109e-06 -9.5266e-06 -9.5528e-06 -9.4851e-06 -9.3215e-06 -9.0627e-06 -8.7124e-06 -8.2773e-06 -7.7669e-06 -7.1937e-06 -6.5723e-06 -5.9189e-06 -5.2506e-06 -4.5846e-06 -3.9371e-06 -3.3226e-06 -2.7533e-06 -2.2383e-06 -1.7836e-06 -1.3917e-06 -1.0625e-06 -7.9279e-07 -5.7759e-07 -4.1046e-07 -2.8422e-07 -1.9156e-07 -1.2552e-07 -7.9877e-08 -4.9307e-08 -2.9490e-08 -1.7068e-08 -9.5480e-09 -5.1559e-09 -2.6841e-09 -1.3454e-09 -6.4839e-10 -3.0006e-10 -1.3315e-10 -5.6578e-11 -2.2987e-11 -8.9172e-12 -3.2978e-12 -1.1610e-12 -3.8850e-13 -1.2337e-13 -3.7121e-14 -1.0566e-14 -2.8403e-15 -7.1991e-16 -1.7176e-16 -3.8509e-17 -8.0992e-18 -1.5951e-18 -2.9367e-19 -5.0448e-20 -8.0717e-21 -1.2006e-21 -1.6572e-22 -2.1185e-23 -2.5035e-24 -2.7294e-25 -2.7399e-26 -2.5275e-27 -2.1383e-28 -1.6556e-29 -1.1708e-30 -7.5458e-32 -4.4231e-33 -2.3529e-34 -1.1335e-35 -4.9340e-37 -1.9364e-38 -6.8361e-40 -2.1661e-41 -6.1464e-43 -1.5581e-44 -3.5208e-46 -7.0743e-48 -1.1267e-07 -3.1869e-07 -5.8543e-07 -9.0117e-07 -1.2590e-06 -1.6538e-06 -2.0818e-06 0.0000e+00 -3.0224e-06 -3.5277e-06 -4.0511e-06 -4.5879e-06 -5.1329e-06 -5.6803e-06 -6.2233e-06 -6.7546e-06 -7.2661e-06 -7.7489e-06 -8.1936e-06 -8.5907e-06 -8.9303e-06 -9.2031e-06 -9.4001e-06 -9.5137e-06 -9.5376e-06 -9.4674e-06 -9.3013e-06 -9.0400e-06 -8.6873e-06 -8.2499e-06 -7.7377e-06 -7.1630e-06 -6.5405e-06 -5.8867e-06 -5.2185e-06 -4.5533e-06 -3.9071e-06 -3.2945e-06 -2.7275e-06 -2.2151e-06 -1.7632e-06 -1.3743e-06 -1.0479e-06 -7.8083e-07 -5.6808e-07 -4.0309e-07 -2.7867e-07 -1.8749e-07 -1.2264e-07 -7.7891e-08 -4.7984e-08 -2.8637e-08 -1.6537e-08 -9.2284e-09 -4.9707e-09 -2.5808e-09 -1.2900e-09 -6.1987e-10 -2.8598e-10 -1.2649e-10 -5.3568e-11 -2.1687e-11 -8.3820e-12 -3.0880e-12 -1.0828e-12 -3.6082e-13 -1.1408e-13 -3.4171e-14 -9.6806e-15 -2.5897e-15 -6.5309e-16 -1.5500e-16 -3.4564e-17 -7.2289e-18 -1.4155e-18 -2.5905e-19 -4.4227e-20 -7.0315e-21 -1.0391e-21 -1.4246e-22 -1.8086e-23 -2.1221e-24 -2.2967e-25 -2.2883e-26 -2.0948e-27 -1.7583e-28 -1.3504e-29 -9.4711e-31 -6.0529e-32 -3.5175e-33 -1.8548e-34 -8.8550e-36 -3.8193e-37 -1.4849e-38 -5.1927e-40 -1.6295e-41 -4.5783e-43 -1.1490e-44 -2.5700e-46 -5.1107e-48
-1.3412e-07 -3.7933e-07 -6.9684e-07 -1.0727e-06 -1.4985e-06 -1.9686e-06 -2.4780e-06 -3.0224e-06 6.6914e-05 -4.1994e-06 -4.8226e-06 -5.4618e-06 -6.1111e-06 -6.7633e-06 -7.4106e-06 -8.0442e-06 -8.6545e-06 -9.2311e-06 -9.7628e-06 -1.0238e-05 -1.0646e-05 -1.0974e-05 -1.1213e-05 -1.1353e-05 -1.1387e-05 -1.1309e-05 -1.1117e-05 -1.0812e-05 -1.0398e-05 -9.8819e-06 -9.2765e-06 -8.5958e-06 -7.8572e-06 -7.0799e-06 -6.2843e-06 -5.4908e-06 -4.7186e-06 -3.9852e-06 -3.3051e-06 -2.6893e-06 -2.1450e-06 -1.6755e-06 -1.2805e-06 -9.5658e-07 -6.9780e-07 -4.9655e-07 -3.4432e-07 -2.3241e-07 -1.5253e-07 -9.7232e-08 -6.0128e-08 -3.6030e-08 -2.0895e-08 -1.1713e-08 -6.3389e-09 -3.3076e-09 -1.6619e-09 -8.0297e-10 -3.7258e-10 -1.6579e-10 -7.0650e-11 -2.8791e-11 -1.1204e-11 -4.1569e-12 -1.4684e-12 -4.9309e-13 -1.5715e-13 -4.7463e-14 -1.3562e-14 -3.6604e-15 -9.3163e-16 -2.2323e-16 -5.0268e-17 -1.0620e-17 -2.1014e-18 -3.8873e-19 -6.7107e-20 -1.0791e-20 -1.6135e-21 -2.2388e-22 -2.8775e-23 -3.4192e-24 -3.7488e-25 -3.7850e-26 -3.5122e-27 -2.9891e-28 -2.3285e-29 -1.6569e-30 -1.0746e-31 -6.3395e-33 -3.3944e-34 -1.6460e-35 -7.2132e-37 -2.8501e-38 -1.0132e-39 -3.2328e-41 -9.2382e-43 -2.3587e-44 -5.3684e-46 -1.0866e-47 -1.3412e-07 -3.7933e-07 -6.9684e-07 -1.0727e-06 -1.4985e-06 -1.9686e-06 -2.4779e-06 -3.0224e-06 0.0000e+00 -4.1991e-06 -4.8221e-06 -5.4611e-06 -6.1099e-06 -6.7616e-06 -7.4081e-06 -8.0407e-06 -8.6498e-06 -9.2247e-06 -9.7544e-06 -1.0228e-05 -1.0632e-05 -1.0958e-05 -1.1193e-05 -1.1329e-05 -1.1358e-05 -1.1275e-05 -1.1079e-05 -1.0768e-05 -1.0350e-05 -9.8297e-06 -9.2207e-06 -8.5371e-06 -7.7966e-06 -7.0185e-06 -6.2231e-06 -5.4310e-06 -4.6614e-06 -3.9316e-06 -3.2558e-06 -2.6450e-06 -2.1060e-06 -1.6421e-06 -1.2525e-06 -9.3372e-07 -6.7960e-07 -4.8245e-07 -3.3369e-07 -2.2463e-07 -1.4701e-07 -9.3427e-08 -5.7591e-08 -3.4393e-08 -1.9875e-08 -1.1099e-08 -5.9832e-09 -3.1091e-09 -1.5554e-09 -7.4810e-10 -3.4547e-10 -1.5296e-10 -6.4846e-11 -2.6283e-11 -1.0170e-11 -3.7514e-12 -1.3171e-12 -4.3948e-13 -1.3915e-13 -4.1740e-14 -1.1843e-14 -3.1731e-15 -8.0156e-16 -1.9057e-16 -4.2572e-17 -8.9201e-18 -1.7501e-18 -3.2092e-19 -5.4904e-20 -8.7478e-21 -1.2956e-21 -1.7804e-22 -2.2657e-23 -2.6650e-24 -2.8917e-25 -2.8888e-26 -2.6517e-27 -2.2320e-28 -1.7193e-29 -1.2094e-30 -7.7531e-32 -4.5199e-33 -2.3912e-34 -1.1454e-35 -4.9575e-37 -1.9343e-38 -6.7890e-40 -2.1384e-41 -6.0314e-43 -1.5197e-44 -3.4129e-46 -6.8151e-48
-1.5654e-07 -4.4276e-07 -8.1334e-07 -1.2520e-06 -1.7491e-06 -2.2977e-06 -2.8923e-06 -3.5278e-06 -4.1994e-06 1.0199e-04 -5.6293e-06 -6.3757e-06 -7.1339e-06 -7.8956e-06 -8.6518e-06 -9.3923e-06 -1.0106e-05 -1.0780e-05 -1.1403e-05 -1.1960e-05 -1.2438e-05 -1.2825e-05 -1.3107e-05 -1.3274e-05 -1.3318e-05 -1.3231e-05 -1.3011e-05 -1.2659e-05 -1.2180e-05 -1.1582e-05 -1.0879e-05 -1.0087e-05 -9.2266e-06 -8.3202e-06 -7.3913e-06 -6.4638e-06 -5.5603e-06 -4.7010e-06 -3.9032e-06 -3.1798e-06 -2.5396e-06 -1.9865e-06 -1.5205e-06 -1.1377e-06 -8.3134e-07 -5.9265e-07 -4.1175e-07 -2.7850e-07 -1.8318e-07 -1.1703e-07 -7.2548e-08 -4.3582e-08 -2.5342e-08 -1.4246e-08 -7.7323e-09 -4.0471e-09 -2.0400e-09 -9.8895e-10 -4.6047e-10 -2.0565e-10 -8.7966e-11 -3.5988e-11 -1.4061e-11 -5.2391e-12 -1.8588e-12 -6.2697e-13 -2.0075e-13 -6.0920e-14 -1.7493e-14 -4.7453e-15 -1.2141e-15 -2.9245e-16 -6.6218e-17 -1.4069e-17 -2.7997e-18 -5.2095e-19 -9.0471e-20 -1.4637e-20 -2.2022e-21 -3.0751e-22 -3.9780e-23 -4.7580e-24 -5.2516e-25 -5.3384e-26 -4.9878e-27 -4.2747e-28 -3.3537e-29 -2.4035e-30 -1.5702e-31 -9.3316e-33 -5.0338e-34 -2.4594e-35 -1.0860e-36 -4.3240e-38 -1.5491e-39 -4.9816e-41 -1.4348e-42 -3.6927e-44 -8.4721e-46 -1.7287e-47 -1.5654e-07 -4.4276e-07 -8.1334e-07 -1.2520e-06 -1.7491e-06 -2.2977e-06 -2.8923e-06 -3.5277e-06 -4.1991e-06 0.0000e+00 -5.6285e-06 -6.3744e-06 -7.1318e-06 -7.8926e-06 -8.6474e-06 -9.3861e-06 -1.0097e-05 -1.0769e-05 -1.1388e-05 -1.1941e-05 -1.2414e-05 -1.2795e-05 -1.3071e-05 -1.3230e-05 -1.3266e-05 -1.3171e-05 -1.2943e-05 -1.2582e-05 -1.2095e-05 -1.1489e-05 -1.0779e-05 -9.9824e-06 -9.1187e-06 -8.2107e-06 -7.2823e-06 -6.3573e-06 -5.4583e-06 -4.6053e-06 -3.8153e-06 -3.1008e-06 -2.4701e-06 -1.9269e-06 -1.4705e-06 -1.0968e-06 -7.9881e-07 -5.6743e-07 -3.9274e-07 -2.6458e-07 -1.7328e-07 -1.1022e-07 -6.7999e-08 -4.0646e-08 -2.3511e-08 -1.3144e-08 -7.0929e-09 -3.6900e-09 -1.8482e-09 -8.9007e-10 -4.1158e-10 -1.8249e-10 -7.7478e-11 -3.1451e-11 -1.2189e-11 -4.5038e-12 -1.5841e-12 -5.2953e-13 -1.6798e-13 -5.0490e-14 -1.4356e-14 -3.8548e-15 -9.7594e-16 -2.3257e-16 -5.2082e-17 -1.0940e-17 -2.1521e-18 -3.9571e-19 -6.7891e-20 -1.0849e-20 -1.6116e-21 -2.2216e-22 -2.8362e-23 -3.3472e-24 -3.6444e-25 -3.6537e-26 -3.3661e-27 -2.8440e-28 -2.1991e-29 -1.5531e-30 -9.9974e-32 -5.8528e-33 -3.1097e-34 -1.4963e-35 -6.5054e-37 -2.5502e-38 -8.9934e-40 -2.8467e-41 -8.0695e-43 -2.0437e-44 -4.6139e-46 -9.2630e-48
-1.7976e-07 -5.0844e-07 -9.3400e-07 -1.4377e-06 -2.0086e-06 -2.6386e-06 -3.3215e-06 -4.0513e-06 -4.8226e-06 -5.6293e-06 1.4932e-04 -7.3226e-06 -8.1938e-06 -9.0693e-06 -9.9388e-06 -1.0791e-05 -1.1612e-05 -1.2389e-05 -1.3106e-05 -1.3749e-05 -1.4303e-05 -1.4751e-05 -1.5081e-05 -1.5279e-05 -1.5335e-05 -1.5242e-05 -1.4997e-05 -1.4599e-05 -1.4055e-05 -1.3375e-05 -1.2572e-05 -1.1667e-05 -1.0682e-05 -9.6424e-06 -8.5754e-06 -7.5083e-06 -6.4672e-06 -5.4755e-06 -4.5531e-06 -3.7153e-06 -2.9724e-06 -2.3294e-06 -1.7865e-06 -1.3396e-06 -9.8105e-07 -7.0105e-07 -4.8829e-07 -3.3115e-07 -2.1842e-07 -1.3996e-07 -8.7033e-08 -5.2455e-08 -3.0606e-08 -1.7267e-08 -9.4069e-09 -4.9427e-09 -2.5015e-09 -1.2178e-09 -5.6953e-10 -2.5551e-10 -1.0981e-10 -4.5141e-11 -1.7726e-11 -6.6387e-12 -2.3678e-12 -8.0305e-13 -2.5857e-13 -7.8919e-14 -2.2795e-14 -6.2209e-15 -1.6014e-15 -3.8819e-16 -8.8461e-17 -1.8918e-17 -3.7898e-18 -7.0998e-19 -1.2415e-19 -2.0228e-20 -3.0649e-21 -4.3108e-22 -5.6174e-23 -6.7688e-24 -7.5272e-25 -7.7098e-26 -7.2588e-27 -6.2695e-28 -4.9573e-29 -3.5809e-30 -2.3582e-31 -1.4128e-32 -7.6831e-34 -3.7847e-35 -1.6850e-36 -6.7653e-38 -2.4440e-39 -7.9264e-41 -2.3025e-42 -5.9768e-44 -1.3831e-45 -2.8469e-47 -1.7976e-07 -5.0844e-07 -9.3400e-07 -1.4377e-06 -2.0086e-06 -2.6386e-06 -3.3213e-06 -4.0511e-06 -4.8221e-06 -5.6285e-06 0.0000e+00 -7.3204e-06 -8.1904e-06 -9.0642e-06 -9.9314e-06 -1.0780e-05 -1.1598e-05 -1.2370e-05 -1.3081e-05 -1.3717e-05 -1.4262e-05 -1.4701e-05 -1.5019e-05 -1.5205e-05 -1.5248e-05 -1.5141e-05 -1.4881e-05 -1.4469e-05 -1.3912e-05 -1.3218e-05 -1.2405e-05 -1.1491e-05 -1.0500e-05 -9.4580e-06 -8.3917e-06 -7.3288e-06 -6.2952e-06 -5.3140e-06 -4.4047e-06 -3.5819e-06 -2.8551e-06 -2.2286e-06 -1.7020e-06 -1.2705e-06 -9.2600e-07 -6.5836e-07 -4.5609e-07 -3.0755e-07 -2.0164e-07 -1.2839e-07 -7.9305e-08 -4.7463e-08 -2.7490e-08 -1.5389e-08 -8.3167e-09 -4.3333e-09 -2.1739e-09 -1.0487e-09 -4.8579e-10 -2.1580e-10 -9.1796e-11 -3.7339e-11 -1.4502e-11 -5.3704e-12 -1.8933e-12 -6.3443e-13 -2.0177e-13 -6.0805e-14 -1.7336e-14 -4.6683e-15 -1.1854e-15 -2.8336e-16 -6.3656e-17 -1.3416e-17 -2.6481e-18 -4.8863e-19 -8.4140e-20 -1.3496e-20 -2.0127e-21 -2.7857e-22 -3.5712e-23 -4.2326e-24 -4.6288e-25 -4.6616e-26 -4.3146e-27 -3.6629e-28 -2.8463e-29 -2.0204e-30 -1.3073e-31 -7.6939e-33 -4.1102e-34 -1.9887e-35 -8.6960e-37 -3.4288e-38 -1.2164e-39 -3.8740e-41 -1.1050e-42 -2.8165e-44 -6.4000e-46 -1.2934e-47
-2.0358e-07 -5.7580e-07 -1.0578e-06 -1.6282e-06 -2.2747e-06 -2.9883e-06 -3.7616e-06 -4.5883e-06 -5.4618e-06 -6.3757e-06 -7.3226e-06 2.1147e-04 -9.2818e-06 -1.0275e-05 -1.1261e-05 -1.2228e-05 -1.3160e-05 -1.4043e-05 -1.4860e-05 -1.5594e-05 -1.6227e-05 -1.6741e-05 -1.7122e-05 -1.7355e-05 -1.7428e-05 -1.7333e-05 -1.7066e-05 -1.6626e-05 -1.6020e-05 -1.5258e-05 -1.4357e-05 -1.3338e-05 -1.2227e-05 -1.1051e-05 -9.8425e-06 -8.6311e-06 -7.4468e-06 -6.3162e-06 -5.2624e-06 -4.3031e-06 -3.4503e-06 -2.7104e-06 -2.0840e-06 -1.5668e-06 -1.1507e-06 -8.2479e-07 -5.7631e-07 -3.9215e-07 -2.5957e-07 -1.6695e-07 -1.0421e-07 -6.3063e-08 -3.6951e-08 -2.0938e-08 -1.1459e-08 -6.0495e-09 -3.0767e-09 -1.5055e-09 -7.0774e-10 -3.1923e-10 -1.3796e-10 -5.7040e-11 -2.2530e-11 -8.4890e-12 -3.0465e-12 -1.0398e-12 -3.3697e-13 -1.0353e-13 -3.0104e-14 -8.2721e-15 -2.1443e-15 -5.2350e-16 -1.2016e-16 -2.5884e-17 -5.2240e-18 -9.8603e-19 -1.7374e-19 -2.8526e-20 -4.3561e-21 -6.1753e-22 -8.1112e-23 -9.8525e-24 -1.1046e-24 -1.1407e-25 -1.0829e-26 -9.4309e-28 -7.5199e-29 -5.4783e-30 -3.6386e-31 -2.1987e-32 -1.2061e-33 -5.9935e-35 -2.6920e-36 -1.0904e-37 -3.9746e-39 -1.3007e-40 -3.8126e-42 -9.9874e-44 -2.3326e-45 -4.8457e-47 -2.0358e-07 -5.7580e-07 -1.0578e-06 -1.6282e-06 -2.2747e-06 -2.9882e-06 -3.7614e-06 -4.5879e-06 -5.4611e-06 -6.3744e-06 -7.3204e-06 0.0000e+00 -9.2763e-06 -1.0266e-05 -1.1249e-05 -1.2211e-05 -1.3138e-05 -1.4013e-05 -1.4820e-05 -1.5542e-05 -1.6161e-05 -1.6661e-05 -1.7024e-05 -1.7237e-05 -1.7289e-05 -1.7171e-05 -1.6880e-05 -1.6417e-05 -1.5789e-05 -1.5007e-05 -1.4088e-05 -1.3055e-05 -1.1934e-05 -1.0755e-05 -9.5470e-06 -8.3423e-06 -7.1699e-06 -6.0563e-06 -5.0234e-06 -4.0880e-06 -3.2611e-06 -2.5477e-06 -1.9475e-06 -1.4551e-06 -1.0617e-06 -7.5569e-07 -5.2415e-07 -3.5389e-07 -2.3233e-07 -1.4815e-07 -9.1647e-08 -5.4937e-08 -3.1872e-08 -1.7875e-08 -9.6780e-09 -5.0525e-09 -2.5400e-09 -1.2280e-09 -5.7013e-10 -2.5387e-10 -1.0826e-10 -4.4153e-11 -1.7196e-11 -6.3860e-12 -2.2580e-12 -7.5899e-13 -2.4216e-13 -7.3223e-14 -2.0949e-14 -5.6616e-15 -1.4430e-15 -3.4628e-16 -7.8103e-17 -1.6529e-17 -3.2765e-18 -6.0728e-19 -1.0505e-19 -1.6929e-20 -2.5370e-21 -3.5288e-22 -4.5472e-23 -5.4179e-24 -5.9572e-25 -6.0329e-26 -5.6159e-27 -4.7956e-28 -3.7490e-29 -2.6775e-30 -1.7434e-31 -1.0327e-32 -5.5532e-34 -2.7050e-35 -1.1910e-36 -4.7291e-38 -1.6898e-39 -5.4208e-41 -1.5578e-42 -4.0006e-44 -9.1610e-46 -1.8660e-47
-2.2776e-07 -6.4420e-07 -1.1834e-06 -1.8216e-06 -2.5449e-06 -3.3433e-06 -4.2085e-06 -5.1335e-06 -6.1111e-06 -7.1339e-06 -8.1938e-06 -9.2818e-06 2.9127e-04 -1.1500e-05 -1.2606e-05 -1.3690e-05 -1.4738e-05 -1.5731e-05 -1.6651e-05 -1.7479e-05 -1.8195e-05 -1.8781e-05 -1.9219e-05 -1.9492e-05 -1.9587e-05 -1.9495e-05 -1.9211e-05 -1.8734e-05 -1.8069e-05 -1.7230e-05 -1.6234e-05 -1.5103e-05 -1.3865e-05 -1.2553e-05 -1.1201e-05 -9.8414e-06 -8.5088e-06 -7.2335e-06 -6.0413e-06 -4.9528e-06 -3.9823e-06 -3.1375e-06 -2.4199e-06 -1.8254e-06 -1.3454e-06 -9.6785e-07 -6.7889e-07 -4.6383e-07 -3.0832e-07 -1.9918e-07 -1.2491e-07 -7.5954e-08 -4.4727e-08 -2.5475e-08 -1.4017e-08 -7.4413e-09 -3.8062e-09 -1.8734e-09 -8.8605e-10 -4.0214e-10 -1.7490e-10 -7.2785e-11 -2.8941e-11 -1.0979e-11 -3.9675e-12 -1.3637e-12 -4.4511e-13 -1.3775e-13 -4.0355e-14 -1.1172e-14 -2.9183e-15 -7.1797e-16 -1.6609e-16 -3.6062e-17 -7.3366e-18 -1.3960e-18 -2.4800e-19 -4.1055e-20 -6.3217e-21 -9.0373e-22 -1.1972e-22 -1.4666e-23 -1.6585e-24 -1.7276e-25 -1.6545e-26 -1.4537e-27 -1.1695e-28 -8.5964e-30 -5.7614e-31 -3.5133e-32 -1.9450e-33 -9.7550e-35 -4.4225e-36 -1.8083e-37 -6.6540e-39 -2.1983e-40 -6.5062e-42 -1.7209e-43 -4.0588e-45 -8.5151e-47 -2.2776e-07 -6.4420e-07 -1.1834e-06 -1.8216e-06 -2.5449e-06 -3.3431e-06 -4.2082e-06 -5.1329e-06 -6.1099e-06 -7.1318e-06 -8.1904e-06 -9.2763e-06 0.0000e+00 -1.1488e-05 -1.2588e-05 -1.3665e-05 -1.4703e-05 -1.5684e-05 -1.6589e-05 -1.7399e-05 -1.8095e-05 -1.8657e-05 -1.9067e-05 -1.9309e-05 -1.9372e-05 -1.9245e-05 -1.8924e-05 -1.8411e-05 -1.7713e-05 -1.6842e-05 -1.5818e-05 -1.4666e-05 -1.3414e-05 -1.2095e-05 -1.0743e-05 -9.3943e-06 -8.0801e-06 -6.8306e-06 -5.6707e-06 -4.6191e-06 -3.6885e-06 -2.8848e-06 -2.2078e-06 -1.6517e-06 -1.2067e-06 -8.6013e-07 -5.9749e-07 -4.0406e-07 -2.6572e-07 -1.6975e-07 -1.0521e-07 -6.3194e-08 -3.6741e-08 -2.0651e-08 -1.1208e-08 -5.8658e-09 -2.9565e-09 -1.4332e-09 -6.6735e-10 -2.9805e-10 -1.2750e-10 -5.2169e-11 -2.0387e-11 -7.5980e-12 -2.6964e-12 -9.0986e-13 -2.9145e-13 -8.8491e-14 -2.5426e-14 -6.9020e-15 -1.7672e-15 -4.2609e-16 -9.6577e-17 -2.0542e-17 -4.0933e-18 -7.6273e-19 -1.3267e-19 -2.1502e-20 -3.2411e-21 -4.5353e-22 -5.8802e-23 -7.0504e-24 -7.8025e-25 -7.9541e-26 -7.4546e-27 -6.4100e-28 -5.0466e-29 -3.6305e-30 -2.3814e-31 -1.4213e-32 -7.7019e-34 -3.7812e-35 -1.6782e-36 -6.7181e-38 -2.4204e-39 -7.8305e-41 -2.2696e-42 -5.8798e-44 -1.3584e-45 -2.7919e-47
-2.5204e-07 -7.1288e-07 -1.3096e-06 -2.0159e-06 -2.8163e-06 -3.6998e-06 -4.6574e-06 -5.6812e-06 -6.7633e-06 -7.8956e-06 -9.0693e-06 -1.0275e-05 -1.1500e-05 3.9175e-04 -1.3960e-05 -1.5165e-05 -1.6329e-05 -1.7435e-05 -1.8461e-05 -1.9388e-05 -2.0193e-05 -2.0855e-05 -2.1355e-05 -2.1675e-05 -2.1800e-05 -2.1718e-05 -2.1424e-05 -2.0916e-05 -2.0202e-05 -1.9291e-05 -1.8204e-05 -1.6966e-05 -1.5605e-05 -1.4158e-05 -1.2660e-05 -1.1151e-05 -9.6657e-06 -8.2397e-06 -6.9021e-06 -5.6764e-06 -4.5794e-06 -3.6208e-06 -2.8032e-06 -2.1229e-06 -1.5712e-06 -1.1352e-06 -7.9995e-07 -5.4915e-07 -3.6686e-07 -2.3823e-07 -1.5020e-07 -9.1842e-08 -5.4394e-08 -3.1166e-08 -1.7253e-08 -9.2167e-09 -4.7448e-09 -2.3508e-09 -1.1194e-09 -5.1156e-10 -2.2405e-10 -9.3911e-11 -3.7615e-11 -1.4376e-11 -5.2342e-12 -1.8129e-12 -5.9634e-13 -1.8601e-13 -5.4927e-14 -1.5330e-14 -4.0369e-15 -1.0014e-15 -2.3357e-16 -5.1143e-17 -1.0493e-17 -2.0138e-18 -3.6084e-19 -6.0257e-20 -9.3603e-21 -1.3500e-21 -1.8043e-22 -2.2305e-23 -2.5452e-24 -2.6757e-25 -2.5862e-26 -2.2936e-27 -1.8626e-28 -1.3821e-29 -9.3520e-31 -5.7579e-32 -3.2188e-33 -1.6302e-34 -7.4642e-36 -3.0826e-37 -1.1458e-38 -3.8240e-40 -1.1434e-41 -3.0558e-43 -7.2825e-45 -1.5440e-46 -2.5204e-07 -7.1288e-07 -1.3096e-06 -2.0159e-06 -2.8162e-06 -3.6996e-06 -4.6570e-06 -5.6803e-06 -6.7616e-06 -7.8926e-06 -9.0642e-06 -1.0266e-05 -1.1488e-05 0.0000e+00 -1.3933e-05 -1.5127e-05 -1.6277e-05 -1.7365e-05 -1.8370e-05 -1.9269e-05 -2.0043e-05 -2.0669e-05 -2.1129e-05 -2.1403e-05 -2.1478e-05 -2.1344e-05 -2.0997e-05 -2.0436e-05 -1.9670e-05 -1.8712e-05 -1.7584e-05 -1.6313e-05 -1.4930e-05 -1.3472e-05 -1.1976e-05 -1.0481e-05 -9.0237e-06 -7.6361e-06 -6.3463e-06 -5.1756e-06 -4.1381e-06 -3.2409e-06 -2.4839e-06 -1.8611e-06 -1.3620e-06 -9.7255e-07 -6.7686e-07 -4.5865e-07 -3.0226e-07 -1.9352e-07 -1.2023e-07 -7.2396e-08 -4.2202e-08 -2.3787e-08 -1.2947e-08 -6.7967e-09 -3.4367e-09 -1.6716e-09 -7.8107e-10 -3.5012e-10 -1.5035e-10 -6.1761e-11 -2.4235e-11 -9.0709e-12 -3.2335e-12 -1.0961e-12 -3.5281e-13 -1.0765e-13 -3.1089e-14 -8.4842e-15 -2.1843e-15 -5.2962e-16 -1.2074e-16 -2.5835e-17 -5.1797e-18 -9.7128e-19 -1.7004e-19 -2.7743e-20 -4.2105e-21 -5.9330e-22 -7.7476e-23 -9.3577e-24 -1.0434e-24 -1.0718e-25 -1.0124e-26 -8.7747e-28 -6.9647e-29 -5.0520e-30 -3.3419e-31 -2.0118e-32 -1.0998e-33 -5.4475e-35 -2.4396e-36 -9.8567e-38 -3.5845e-39 -1.1707e-40 -3.4261e-42 -8.9631e-44 -2.0913e-45 -4.3418e-47
-2.7613e-07 -7.8101e-07 -1.4347e-06 -2.2086e-06 -3.0855e-06 -4.0535e-06 -5.1027e-06 -6.2246e-06 -7.4106e-06 -8.6518e-06 -9.9388e-06 -1.1261e-05 -1.2606e-05 -1.3960e-05 5.1624e-04 -1.6634e-05 -1.7917e-05 -1.9138e-05 -2.0274e-05 -2.1303e-05 -2.2201e-05 -2.2946e-05 -2.3515e-05 -2.3889e-05 -2.4052e-05 -2.3990e-05 -2.3696e-05 -2.3168e-05 -2.2413e-05 -2.1441e-05 -2.0272e-05 -1.8932e-05 -1.7454e-05 -1.5875e-05 -1.4234e-05 -1.2573e-05 -1.0932e-05 -9.3504e-06 -7.8601e-06 -6.4885e-06 -5.2553e-06 -4.1726e-06 -3.2446e-06 -2.4686e-06 -1.8359e-06 -1.3332e-06 -9.4441e-07 -6.5187e-07 -4.3796e-07 -2.8607e-07 -1.8146e-07 -1.1165e-07 -6.6552e-08 -3.8384e-08 -2.1393e-08 -1.1507e-08 -5.9661e-09 -2.9772e-09 -1.4281e-09 -6.5753e-10 -2.9018e-10 -1.2257e-10 -4.9479e-11 -1.9060e-11 -6.9958e-12 -2.4428e-12 -8.1017e-13 -2.5481e-13 -7.5878e-14 -2.1357e-14 -5.6725e-15 -1.4193e-15 -3.3396e-16 -7.3771e-17 -1.5271e-17 -2.9571e-18 -5.3468e-19 -9.0106e-20 -1.4127e-20 -2.0565e-21 -2.7745e-22 -3.4624e-23 -3.9888e-24 -4.2339e-25 -4.1323e-26 -3.7010e-27 -3.0354e-28 -2.2751e-29 -1.5551e-30 -9.6726e-32 -5.4633e-33 -2.7960e-34 -1.2937e-35 -5.3997e-37 -2.0286e-38 -6.8442e-40 -2.0689e-41 -5.5907e-43 -1.3473e-44 -2.8889e-46 -2.7613e-07 -7.8101e-07 -1.4347e-06 -2.2085e-06 -3.0854e-06 -4.0532e-06 -5.1021e-06 -6.2233e-06 -7.4081e-06 -8.6474e-06 -9.9314e-06 -1.1249e-05 -1.2588e-05 -1.3933e-05 0.0000e+00 -1.6579e-05 -1.7842e-05 -1.9037e-05 -2.0141e-05 -2.1132e-05 -2.1985e-05 -2.2677e-05 -2.3187e-05 -2.3496e-05 -2.3587e-05 -2.3449e-05 -2.3078e-05 -2.2473e-05 -2.1642e-05 -2.0601e-05 -1.9373e-05 -1.7986e-05 -1.6475e-05 -1.4879e-05 -1.3240e-05 -1.1600e-05 -9.9983e-06 -8.4714e-06 -7.0500e-06 -5.7579e-06 -4.6109e-06 -3.6172e-06 -2.7772e-06 -2.0849e-06 -1.5289e-06 -1.0941e-06 -7.6319e-07 -5.1841e-07 -3.4253e-07 -2.1990e-07 -1.3701e-07 -8.2751e-08 -4.8392e-08 -2.7367e-08 -1.4948e-08 -7.8759e-09 -3.9977e-09 -1.9523e-09 -9.1604e-10 -4.1241e-10 -1.7790e-10 -7.3424e-11 -2.8953e-11 -1.0892e-11 -3.9031e-12 -1.3303e-12 -4.3060e-13 -1.3215e-13 -3.8394e-14 -1.0542e-14 -2.7314e-15 -6.6662e-16 -1.5300e-16 -3.2964e-17 -6.6558e-18 -1.2572e-18 -2.2173e-19 -3.6453e-20 -5.5755e-21 -7.9192e-22 -1.0426e-22 -1.2697e-23 -1.4277e-24 -1.4793e-25 -1.4096e-26 -1.2328e-27 -9.8745e-29 -7.2293e-30 -4.8275e-31 -2.9341e-32 -1.6196e-33 -8.1022e-35 -3.6652e-36 -1.4960e-37 -5.4968e-39 -1.8142e-40 -5.3658e-42 -1.4190e-43 -3.3471e-45 -7.0260e-47
-2.9970e-07 -8.4767e-07 -1.5572e-06 -2.3971e-06 -3.3489e-06 -4.3995e-06 -5.5385e-06 -6.7565e-06 -8.0442e-06 -9.3923e-06 -1.0791e-05 -1.2228e-05 -1.3690e-05 -1.5165e-05 -1.6634e-05 6.6826e-04 -1.9483e-05 -2.0820e-05 -2.2068e-05 -2.3203e-05 -2.4200e-05 -2.5033e-05 -2.5680e-05 -2.6118e-05 -2.6329e-05 -2.6298e-05 -2.6017e-05 -2.5482e-05 -2.4699e-05 -2.3678e-05 -2.2439e-05 -2.1009e-05 -1.9422e-05 -1.7717e-05 -1.5936e-05 -1.4124e-05 -1.2326e-05 -1.0583e-05 -8.9330e-06 -7.4063e-06 -6.0262e-06 -4.8077e-06 -3.7573e-06 -2.8738e-06 -2.1489e-06 -1.5695e-06 -1.1184e-06 -7.7667e-07 -5.2510e-07 -3.4523e-07 -2.2045e-07 -1.3657e-07 -8.1978e-08 -4.7621e-08 -2.6736e-08 -1.4489e-08 -7.5688e-09 -3.8063e-09 -1.8401e-09 -8.5397e-10 -3.7992e-10 -1.6179e-10 -6.5850e-11 -2.5579e-11 -9.4680e-12 -3.3343e-12 -1.1154e-12 -3.5388e-13 -1.0631e-13 -3.0189e-14 -8.0904e-15 -2.0427e-15 -4.8505e-16 -1.0814e-16 -2.2594e-17 -4.4165e-18 -8.0618e-19 -1.3717e-19 -2.1714e-20 -3.1921e-21 -4.3493e-22 -5.4820e-23 -6.3796e-24 -6.8409e-25 -6.7458e-26 -6.1048e-27 -5.0598e-28 -3.8329e-29 -2.6481e-30 -1.6651e-31 -9.5084e-33 -4.9203e-34 -2.3022e-35 -9.7187e-37 -3.6932e-38 -1.2605e-39 -3.8551e-41 -1.0541e-42 -2.5708e-44 -5.5789e-46 -2.9970e-07 -8.4767e-07 -1.5572e-06 -2.3970e-06 -3.3487e-06 -4.3992e-06 -5.5377e-06 -6.7546e-06 -8.0407e-06 -9.3861e-06 -1.0780e-05 -1.2211e-05 -1.3665e-05 -1.5127e-05 -1.6579e-05 0.0000e+00 -1.9377e-05 -2.0678e-05 -2.1881e-05 -2.2963e-05 -2.3896e-05 -2.4656e-05 -2.5219e-05 -2.5564e-05 -2.5674e-05 -2.5537e-05 -2.5146e-05 -2.4502e-05 -2.3613e-05 -2.2494e-05 -2.1170e-05 -1.9673e-05 -1.8038e-05 -1.6309e-05 -1.4530e-05 -1.2746e-05 -1.1002e-05 -9.3356e-06 -7.7819e-06 -6.3668e-06 -5.1081e-06 -4.0154e-06 -3.0896e-06 -2.3248e-06 -1.7090e-06 -1.2261e-06 -8.5763e-07 -5.8426e-07 -3.8723e-07 -2.4940e-07 -1.5592e-07 -9.4514e-08 -5.5480e-08 -3.1500e-08 -1.7277e-08 -9.1423e-09 -4.6615e-09 -2.2872e-09 -1.0784e-09 -4.8800e-10 -2.1162e-10 -8.7823e-11 -3.4828e-11 -1.3179e-11 -4.7514e-12 -1.6296e-12 -5.3089e-13 -1.6402e-13 -4.7980e-14 -1.3268e-14 -3.4624e-15 -8.5131e-16 -1.9688e-16 -4.2750e-17 -8.7008e-18 -1.6569e-18 -2.9468e-19 -4.8859e-20 -7.5384e-21 -1.0803e-21 -1.4350e-22 -1.7639e-23 -2.0021e-24 -2.0943e-25 -2.0151e-26 -1.7798e-27 -1.4400e-28 -1.0650e-29 -7.1860e-31 -4.4136e-32 -2.4624e-33 -1.2452e-34 -5.6950e-36 -2.3504e-37 -8.7341e-39 -2.9157e-40 -8.7238e-42 -2.3341e-43 -5.5712e-45 -1.1836e-46
