-5.5407e-10 -6.0135e-12 -1.6598e-11 -3.4150e-11 -5.9830e-11 -9.4715e-11 -1.3983e-10 -1.9619e-10 -2.6481e-10 -3.4671e-10 -4.4293e-10 -5.5455e-10 -6.8265e-10 -8.2834e-10 -9.9271e-10 -1.1768e-09 -1.3817e-09 -1.6081e-09 -1.8567e-09 -2.1278e-09 -2.4211e-09 -2.7357e-09 -3.0698e-09 -3.4201e-09 -3.7821e-09 -4.1487e-09 -4.5109e-09 -4.8566e-09 -5.1704e-09 -5.4343e-09 -5.6269e-09 -5.7257e-09 -5.7079e-09 -5.5540e-09 -5.2513e-09 -4.7987e-09 -4.2108e-09 -3.5206e-09 -2.7785e-09 -2.0469e-09 -1.3887e-09 -8.5380e-10 -4.6654e-10 -2.2134e-10 -8.8635e-11 -2.8958e-11 -7.4075e-12 -1.4115e-12 -1.8860e-13 -1.6417e-14 -8.5114e-16 -2.3553e-17 -3.0413e-19 -1.5536e-21 -2.5612e-24 -1.0592e-27 -8.0379e-32 -7.5818e-37 -5.4609e-43 -1.6288e-50 -9.2969e-60 -3.8181e-71 -3.2457e-85 -1.1587e-102 -2.2288e-124 -1.6167e-151 -1.3823e-185 -1.4778e-228 -4.8622e-283 -0.0000e+00 -0.0000e+00 -0.0000e+00 -0.0000e+00 -0.0000e+00 -0.0000e+00 -0.0000e+00 -0.0000e+00 -0.0000e+00 -0.0000e+00 -0.0000e+00 -0.0000e+00 -0.0000e+00 -0.0000e+00 -0.0000e+00 -0.0000e+00 -0.0000e+00 -0.0000e+00 -0.0000e+00 -0.0000e+00 -0.0000e+00 -0.0000e+00 -0.0000e+00 -0.0000e+00 -0.0000e+00 -0.0000e+00 -0.0000e+00 -0.0000e+00 -0.0000e+00 -0.0000e+00 -0.0000e+00 0.0000e+00 -6.0135e-12 -1.6598e-11 -3.4150e-11 -5.9830e-11 -9.4715e-11 -1.3983e-10 -1.9619e-10 -2.6481e-10 -3.4671e-10 -4.4293e-10 -5.5455e-10 -6.8265e-10 -8.2834e-10 -9.9271e-10 -1.1768e-09 -1.3817e-09 -1.6081e-09 -1.8567e-09 -2.1278e-09 -2.4211e-09 -2.7357e-09 -3.0698e-09 -3.4201e-09 -3.7821e-09 -4.1487e-09 -4.5109e-09 -4.8566e-09 -5.1704e-09 -5.4343e-09 -5.6269e-09 -5.7257e-09 -5.7079e-09 -5.5540e-09 -5.2513e-09 -4.7987e-09 -4.2108e-09 -3.5206e-09 -2.7785e-09 -2.0469e-09 -1.3887e-09 -8.5380e-10 -4.6654e-10 -2.2134e-10 -8.8635e-11 -2.8958e-11 -7.4075e-12 -1.4115e-12 -1.8860e-13 -1.6417e-14 -8.5114e-16 -2.3553e-17 -3.0413e-19 -1.5536e-21 -2.5612e-24 -1.0592e-27 -8.0379e-32 -7.5818e-37 -5.4609e-43 -1.6288e-50 -9.2969e-60 -3.8181e-71 -3.2457e-85 -1.1587e-102 -2.2288e-124 -1.6167e-151 -1.3823e-185 -1.4777e-228 -4.8622e-283 -0.0000e+00 -0.0000e+00 -0.0000e+00 -0.0000e+00 -0.0000e+00 -0.0000e+00 -0.0000e+00 -0.0000e+00 -0.0000e+00 -0.0000e+00 -0.0000e+00 -0.0000e+00 -0.0000e+00 -0.0000e+00 -0.0000e+00 -0.0000e+00 -0.0000e+00 -0.0000e+00 -0.0000e+00 -0.0000e+00 -0.0000e+00 -0.0000e+00 -0.0000e+00 -0.0000e+00 -0.0000e+00 -0.0000e+00 -0.0000e+00 -0.0000e+00 -0.0000e+00 -0.0000e+00 -0.0000e+00
-6.0135e-12 3.0248e-10 -9.3984e-11 -1.9337e-10 -3.3878e-10 -5.3631e-10 -7.9177e-10 -1.1109e-09 -1.4994e-09 -1.9632e-09 -2.5080e-09 -3.1400e-09 -3.8654e-09 -4.6903e-09 -5.6210e-09 -6.6635e-09 -7.8234e-09 -9.1054e-09 -1.0513e-08 -1.2048e-08 -1.3709e-08 -1.5490e-08 -1.7382e-08 -1.9366e-08 -2.1415e-08 -2.3492e-08 -2.5542e-08 -2.7499e-08 -2.9277e-08 -3.0771e-08 -3.1862e-08 -3.2421e-08 -3.2320e-08 -3.1448e-08 -2.9735e-08 -2.7172e-08 -2.3843e-08 -1.9935e-08 -1.5733e-08 -1.1590e-08 -7.8633e-09 -4.8345e-09 -2.6417e-09 -1.2533e-09 -5.0188e-10 -1.6397e-10 -4.1944e-11 -7.9925e-12 -1.0679e-12 -9.2960e-14 -4.8195e-15 -1.3336e-16 -1.7221e-18 -8.7971e-21 -1.4502e-23 -5.9975e-27 -4.5513e-31 -4.2931e-36 -3.0921e-42 -9.2227e-50 -5.2643e-59 -2.1620e-70 -1.8378e-84 -6.5612e-102 -1.2620e-123 -9.1542e-151 -7.8274e-185 -8.3676e-228 -2.7532e-282 -0.0000e+00 -0.0000e+00 -0.0000e+00 -0.0000e+00 -0.0000e+00 -0.0000e+00 -0.0000e+00 -0.0000e+00 -0.0000e+00 -0.0000e+00 -0.0000e+00 -0.0000e+00 -0.0000e+00 -0.0000e+00 -0.0000e+00 -0.0000e+00 -0.0000e+00 -0.0000e+00 -0.0000e+00 -0.0000e+00 -0.0000e+00 -0.0000e+00 -0.0000e+00 -0.0000e+00 -0.0000e+00 -0.0000e+00 -0.0000e+00 -0.0000e+00 -0.0000e+00 -0.0000e+00 -0.0000e+00 -6.0135e-12 0.0000e+00 -9.3984e-11 -1.9337e-10 -3.3878e-10 -5.3631e-10 -7.9177e-10 -1.1109e-09 -1.4994e-09 -1.9632e-09 -2.5080e-09 -3.1400e-09 -3.8654e-09 -4.6903e-09 -5.6210e-09 -6.6635e-09 -7.8234e-09 -9.1054e-09 -1.0513e-08 -1.2048e-08 -1.3709e-08 -1.5490e-08 -1.7382e-08 -1.9366e-08 -2.1415e-08 -2.3492e-08 -2.5542e-08 -2.7499e-08 -2.9277e-08 -3.0771e-08 -3.1862e-08 -3.2421e-08 -3.2320e-08 -3.1448e-08 -2.9735e-08 -2.7172e-08 -2.3843e-08 -1.9935e-08 -1.5733e-08 -1.1590e-08 -7.8633e-09 -4.8345e-09 -2.6417e-09 -1.2533e-09 -5.0188e-10 -1.6397e-10 -4.1944e-11 -7.9925e-12 -1.0679e-12 -9.2960e-14 -4.8195e-15 -1.3336e-16 -1.7221e-18 -8.7971e-21 -1.4502e-23 -5.9975e-27 -4.5513e-31 -4.2931e-36 -3.0921e-42 -9.2227e-50 -5.2642e-59 -2.1620e-70 -1.8378e-84 -6.5612e-102 -1.2620e-123 -9.1541e-151 -7.8273e-185 -8.3675e-228 -2.7531e-282 -0.0000e+00 -0.0000e+00 -0.0000e+00 -0.0000e+00 -0.0000e+00 -0.0000e+00 -0.0000e+00 -0.0000e+00 -0.0000e+00 -0.0000e+00 -0.0000e+00 -0.0000e+00 -0.0000e+00 -0.0000e+00 -0.0000e+00 -0.0000e+00 -0.0000e+00 -0.0000e+00 -0.0000e+00 -0.0000e+00 -0.0000e+00 -0.0000e+00 -0.0000e+00 -0.0000e+00 -0.0000e+00 -0.0000e+00 -0.0000e+00 -0.0000e+00 -0.0000e+00 -0.0000e+00 -0.0000e+00
-1.6598e-11 -9.3984e-11 3.4745e-09 -5.3371e-10 -9.3507e-10 -1.4803e-09 -2.1854e-09 -3.0662e-09 -4.1387e-09 -5.4186e-09 -6.9225e-09 -8.6669e-09 -1.0669e-08 -1.2946e-08 -1.5515e-08 -1.8392e-08 -2.1594e-08 -2.5132e-08 -2.9018e-08 -3.3254e-08 -3.7838e-08 -4.2756e-08 -4.7977e-08 -5.3453e-08 -5.9109e-08 -6.4840e-08 -7.0500e-08 -7.5902e-08 -8.0808e-08 -8.4931e-08 -8.7942e-08 -8.9485e-08 -8.9207e-08 -8.6802e-08 -8.2071e-08 -7.4998e-08 -6.5810e-08 -5.5022e-08 -4.3424e-08 -3.1990e-08 -2.1704e-08 -1.3344e-08 -7.2915e-09 -3.4592e-09 -1.3853e-09 -4.5257e-10 -1.1577e-10 -2.2060e-11 -2.9476e-12 -2.5658e-13 -1.3302e-14 -3.6810e-16 -4.7532e-18 -2.4281e-20 -4.0029e-23 -1.6554e-26 -1.2562e-30 -1.1850e-35 -8.5348e-42 -2.5456e-49 -1.4530e-58 -5.9675e-70 -5.0729e-84 -1.8111e-101 -3.4835e-123 -2.5269e-150 -2.1607e-184 -2.3098e-227 -7.6002e-282 -0.0000e+00 -0.0000e+00 -0.0000e+00 -0.0000e+00 -0.0000e+00 -0.0000e+00 -0.0000e+00 -0.0000e+00 -0.0000e+00 -0.0000e+00 -0.0000e+00 -0.0000e+00 -0.0000e+00 -0.0000e+00 -0.0000e+00 -0.0000e+00 -0.0000e+00 -0.0000e+00 -0.0000e+00 -0.0000e+00 -0.0000e+00 -0.0000e+00 -0.0000e+00 -0.0000e+00 -0.0000e+00 -0.0000e+00 -0.0000e+00 -0.0000e+00 -0.0000e+00 -0.0000e+00 -0.0000e+00 -1.6598e-11 -9.3984e-11 0.0000e+00 -5.3371e-10 -9.3507e-10 -1.4803e-09 -2.1854e-09 -3.0662e-09 -4.1387e-09 -5.4186e-09 -6.9225e-09 -8.6669e-09 -1.0669e-08 -1.2946e-08 -1.5515e-08 -1.8392e-08 -2.1594e-08 -2.5132e-08 -2.9018e-08 -3.3254e-08 -3.7838e-08 -4.2756e-08 -4.7977e-08 -5.3453e-08 -5.9109e-08 -6.4840e-08 -7.0500e-08 -7.5902e-08 -8.0808e-08 -8.4931e-08 -8.7942e-08 -8.9485e-08 -8.9207e-08 -8.6802e-08 -8.2071e-08 -7.4998e-08 -6.5810e-08 -5.5022e-08 -4.3424e-08 -3.1990e-08 -2.1704e-08 -1.3344e-08 -7.2915e-09 -3.4592e-09 -1.3852e-09 -4.5257e-10 -1.1577e-10 -2.2060e-11 -2.9476e-12 -2.5658e-13 -1.3302e-14 -3.6810e-16 -4.7532e-18 -2.4281e-20 -4.0029e-23 -1.6554e-26 -1.2562e-30 -1.1849e-35 -8.5347e-42 -2.5456e-49 -1.4530e-58 -5.9673e-70 -5.0727e-84 -1.8110e-101 -3.4834e-123 -2.5267e-150 -2.1605e-184 -2.3096e-227 -7.5994e-282 -0.0000e+00 -0.0000e+00 -0.0000e+00 -0.0000e+00 -0.0000e+00 -0.0000e+00 -0.0000e+00 -0.0000e+00 -0.0000e+00 -0.0000e+00 -0.0000e+00 -0.0000e+00 -0.0000e+00 -0.0000e+00 -0.0000e+00 -0.0000e+00 -0.0000e+00 -0.0000e+00 -0.0000e+00 -0.0000e+00 -0.0000e+00 -0.0000e+00 -0.0000e+00 -0.0000e+00 -0.0000e+00 -0.0000e+00 -0.0000e+00 -0.0000e+00 -0.0000e+00 -0.0000e+00 -0.0000e+00
-3.4150e-11 -1.9337e-10 -5.3371e-10 1.9588e-08 -1.9239e-09 -3.0456e-09 -4.4963e-09 -6.3086e-09 -8.5150e-09 -1.1149e-08 -1.4243e-08 -1.7832e-08 -2.1951e-08 -2.6635e-08 -3.1921e-08 -3.7841e-08 -4.4428e-08 -5.1708e-08 -5.9702e-08 -6.8419e-08 -7.7850e-08 -8.7967e-08 -9.8709e-08 -1.0998e-07 -1.2161e-07 -1.3340e-07 -1.4505e-07 -1.5616e-07 -1.6626e-07 -1.7474e-07 -1.8094e-07 -1.8411e-07 -1.8354e-07 -1.7859e-07 -1.6886e-07 -1.5430e-07 -1.3540e-07 -1.1321e-07 -8.9343e-08 -6.5818e-08 -4.4654e-08 -2.7454e-08 -1.5002e-08 -7.1172e-09 -2.8501e-09 -9.3115e-10 -2.3819e-10 -4.5389e-11 -6.0647e-12 -5.2791e-13 -2.7369e-14 -7.5737e-16 -9.7798e-18 -4.9959e-20 -8.2361e-23 -3.4061e-26 -2.5848e-30 -2.4382e-35 -1.7562e-41 -5.2381e-49 -2.9900e-58 -1.2280e-69 -1.0439e-83 -3.7271e-101 -7.1694e-123 -5.2009e-150 -4.4476e-184 -4.7552e-227 -1.5649e-281 -0.0000e+00 -0.0000e+00 -0.0000e+00 -0.0000e+00 -0.0000e+00 -0.0000e+00 -0.0000e+00 -0.0000e+00 -0.0000e+00 -0.0000e+00 -0.0000e+00 -0.0000e+00 -0.0000e+00 -0.0000e+00 -0.0000e+00 -0.0000e+00 -0.0000e+00 -0.0000e+00 -0.0000e+00 -0.0000e+00 -0.0000e+00 -0.0000e+00 -0.0000e+00 -0.0000e+00 -0.0000e+00 -0.0000e+00 -0.0000e+00 -0.0000e+00 -0.0000e+00 -0.0000e+00 -0.0000e+00 -3.4150e-11 -1.9337e-10 -5.3371e-10 0.0000e+00 -1.9239e-09 -3.0456e-09 -4.4963e-09 -6.3086e-09 -8.5150e-09 -1.1149e-08 -1.4243e-08 -1.7832e-08 -2.1951e-08 -2.6635e-08 -3.1921e-08 -3.7841e-08 -4.4428e-08 -5.1708e-08 -5.9702e-08 -6.8419e-08 -7.7850e-08 -8.7967e-08 -9.8709e-08 -1.0998e-07 -1.2161e-07 -1.3340e-07 -1.4505e-07 -1.5616e-07 -1.6626e-07 -1.7474e-07 -1.8094e-07 -1.8411e-07 -1.8354e-07 -1.7859e-07 -1.6886e-07 -1.5430e-07 -1.3540e-07 -1.1320e-07 -8.9343e-08 -6.5817e-08 -4.4654e-08 -2.7454e-08 -1.5002e-08 -7.1172e-09 -2.8501e-09 -9.3115e-10 -2.3819e-10 -4.5388e-11 -6.0646e-12 -5.2791e-13 -2.7369e-14 -7.5735e-16 -9.7796e-18 -4.9958e-20 -8.2358e-23 -3.4059e-26 -2.5847e-30 -2.4380e-35 -1.7560e-41 -5.2376e-49 -2.9896e-58 -1.2278e-69 -1.0438e-83 -3.7264e-101 -7.1676e-123 -5.1993e-150 -4.4458e-184 -4.7529e-227 -1.5639e-281 -0.0000e+00 -0.0000e+00 -0.0000e+00 -0.0000e+00 -0.0000e+00 -0.0000e+00 -0.0000e+00 -0.0000e+00 -0.0000e+00 -0.0000e+00 -0.0000e+00 -0.0000e+00 -0.0000e+00 -0.0000e+00 -0.0000e+00 -0.0000e+00 -0.0000e+00 -0.0000e+00 -0.0000e+00 -0.0000e+00 -0.0000e+00 -0.0000e+00 -0.0000e+00 -0.0000e+00 -0.0000e+00 -0.0000e+00 -0.0000e+00 -0.0000e+00 -0.0000e+00 -0.0000e+00 -0.0000e+00
-5.9830e-11 -3.3878e-10 -9.3507e-10 -1.9239e-09 7.5047e-08 -5.3359e-09 -7.8776e-09 -1.1053e-08 -1.4918e-08 -1.9532e-08 -2.4953e-08 -3.1241e-08 -3.8458e-08 -4.6666e-08 -5.5925e-08 -6.6298e-08 -7.7838e-08 -9.0593e-08 -1.0460e-07 -1.1987e-07 -1.3639e-07 -1.5412e-07 -1.7294e-07 -1.9268e-07 -2.1307e-07 -2.3373e-07 -2.5413e-07 -2.7360e-07 -2.9129e-07 -3.0615e-07 -3.1700e-07 -3.2257e-07 -3.2156e-07 -3.1289e-07 -2.9584e-07 -2.7035e-07 -2.3722e-07 -1.9834e-07 -1.5653e-07 -1.1531e-07 -7.8236e-08 -4.8101e-08 -2.6284e-08 -1.2470e-08 -4.9935e-09 -1.6314e-09 -4.1733e-10 -7.9525e-11 -1.0626e-11 -9.2497e-13 -4.7955e-14 -1.3270e-15 -1.7136e-17 -8.7540e-20 -1.4432e-22 -5.9686e-26 -4.5296e-30 -4.2729e-35 -3.0778e-41 -9.1809e-49 -5.2410e-58 -2.1527e-69 -1.8303e-83 -6.5358e-101 -1.2575e-122 -9.1243e-150 -7.8052e-184 -8.3484e-227 -2.7487e-281 -0.0000e+00 -0.0000e+00 -0.0000e+00 -0.0000e+00 -0.0000e+00 -0.0000e+00 -0.0000e+00 -0.0000e+00 -0.0000e+00 -0.0000e+00 -0.0000e+00 -0.0000e+00 -0.0000e+00 -0.0000e+00 -0.0000e+00 -0.0000e+00 -0.0000e+00 -0.0000e+00 -0.0000e+00 -0.0000e+00 -0.0000e+00 -0.0000e+00 -0.0000e+00 -0.0000e+00 -0.0000e+00 -0.0000e+00 -0.0000e+00 -0.0000e+00 -0.0000e+00 -0.0000e+00 -0.0000e+00 -5.9830e-11 -3.3878e-10 -9.3507e-10 -1.9239e-09 0.0000e+00 -5.3359e-09 -7.8776e-09 -1.1053e-08 -1.4918e-08 -1.9532e-08 -2.4953e-08 -3.1241e-08 -3.8458e-08 -4.6666e-08 -5.5925e-08 -6.6298e-08 -7.7838e-08 -9.0593e-08 -1.0460e-07 -1.1987e-07 -1.3639e-07 -1.5412e-07 -1.7294e-07 -1.9268e-07 -2.1307e-07 -2.3373e-07 -2.5413e-07 -2.7360e-07 -2.9128e-07 -3.0615e-07 -3.1700e-07 -3.2257e-07 -3.2156e-07 -3.1289e-07 -2.9584e-07 -2.7034e-07 -2.3722e-07 -1.9834e-07 -1.5653e-07 -1.1531e-07 -7.8235e-08 -4.8100e-08 -2.6284e-08 -1.2469e-08 -4.9934e-09 -1.6314e-09 -4.1732e-10 -7.9522e-11 -1.0625e-11 -9.2492e-13 -4.7952e-14 -1.3269e-15 -1.7135e-17 -8.7530e-20 -1.4430e-22 -5.9676e-26 -4.5287e-30 -4.2718e-35 -3.0769e-41 -9.1776e-49 -5.2387e-58 -2.1516e-69 -1.8291e-83 -6.5306e-101 -1.2562e-122 -9.1133e-150 -7.7935e-184 -8.3329e-227 -2.7424e-281 -0.0000e+00 -0.0000e+00 -0.0000e+00 -0.0000e+00 -0.0000e+00 -0.0000e+00 -0.0000e+00 -0.0000e+00 -0.0000e+00 -0.0000e+00 -0.0000e+00 -0.0000e+00 -0.0000e+00 -0.0000e+00 -0.0000e+00 -0.0000e+00 -0.0000e+00 -0.0000e+00 -0.0000e+00 -0.0000e+00 -0.0000e+00 -0.0000e+00 -0.0000e+00 -0.0000e+00 -0.0000e+00 -0.0000e+00 -0.0000e+00 -0.0000e+00 -0.0000e+00 -0.0000e+00 -0.0000e+00
-9.4715e-11 -5.3631e-10 -1.4803e-09 -3.0456e-09 -5.3359e-09 2.2529e-07 -1.2471e-08 -1.7497e-08 -2.3617e-08 -3.0921e-08 -3.9502e-08 -4.9457e-08 -6.0881e-08 -7.3874e-08 -8.8533e-08 -1.0495e-07 -1.2322e-07 -1.4341e-07 -1.6559e-07 -1.8976e-07 -2.1592e-07 -2.4398e-07 -2.7377e-07 -3.0502e-07 -3.3730e-07 -3.7000e-07 -4.0230e-07 -4.3313e-07 -4.6112e-07 -4.8465e-07 -5.0183e-07 -5.1064e-07 -5.0905e-07 -4.9533e-07 -4.6834e-07 -4.2798e-07 -3.7554e-07 -3.1398e-07 -2.4780e-07 -1.8255e-07 -1.2386e-07 -7.6149e-08 -4.1611e-08 -1.9741e-08 -7.9055e-09 -2.5829e-09 -6.6072e-10 -1.2591e-10 -1.6824e-11 -1.4645e-12 -7.5930e-14 -2.1013e-15 -2.7135e-17 -1.3863e-19 -2.2856e-22 -9.4534e-26 -7.1750e-30 -6.7692e-35 -4.8767e-41 -1.4550e-48 -8.3078e-58 -3.4134e-69 -2.9032e-83 -1.0371e-100 -1.9965e-122 -1.4497e-149 -1.2412e-183 -1.3290e-226 -4.3817e-281 -0.0000e+00 -0.0000e+00 -0.0000e+00 -0.0000e+00 -0.0000e+00 -0.0000e+00 -0.0000e+00 -0.0000e+00 -0.0000e+00 -0.0000e+00 -0.0000e+00 -0.0000e+00 -0.0000e+00 -0.0000e+00 -0.0000e+00 -0.0000e+00 -0.0000e+00 -0.0000e+00 -0.0000e+00 -0.0000e+00 -0.0000e+00 -0.0000e+00 -0.0000e+00 -0.0000e+00 -0.0000e+00 -0.0000e+00 -0.0000e+00 -0.0000e+00 -0.0000e+00 -0.0000e+00 -0.0000e+00 -9.4715e-11 -5.3631e-10 -1.4803e-09 -3.0456e-09 -5.3359e-09 0.0000e+00 -1.2471e-08 -1.7497e-08 -2.3617e-08 -3.0921e-08 -3.9502e-08 -4.9457e-08 -6.0881e-08 -7.3874e-08 -8.8533e-08 -1.0495e-07 -1.2322e-07 -1.4341e-07 -1.6559e-07 -1.8976e-07 -2.1592e-07 -2.4398e-07 -2.7377e-07 -3.0502e-07 -3.3730e-07 -3.7000e-07 -4.0230e-07 -4.3313e-07 -4.6112e-07 -4.8465e-07 -5.0183e-07 -5.1064e-07 -5.0905e-07 -4.9532e-07 -4.6833e-07 -4.2797e-07 -3.7554e-07 -3.1398e-07 -2.4780e-07 -1.8255e-07 -1.2385e-07 -7.6147e-08 -4.1609e-08 -1.9740e-08 -7.9050e-09 -2.5827e-09 -6.6066e-10 -1.2589e-10 -1.6821e-11 -1.4643e-12 -7.5916e-14 -2.1008e-15 -2.7127e-17 -1.3858e-19 -2.2846e-22 -9.4486e-26 -7.1707e-30 -6.7642e-35 -4.8724e-41 -1.4534e-48 -8.2968e-58 -3.4079e-69 -2.8975e-83 -1.0347e-100 -1.9906e-122 -1.4444e-149 -1.2356e-183 -1.3216e-226 -4.3514e-281 -0.0000e+00 -0.0000e+00 -0.0000e+00 -0.0000e+00 -0.0000e+00 -0.0000e+00 -0.0000e+00 -0.0000e+00 -0.0000e+00 -0.0000e+00 -0.0000e+00 -0.0000e+00 -0.0000e+00 -0.0000e+00 -0.0000e+00 -0.0000e+00 -0.0000e+00 -0.0000e+00 -0.0000e+00 -0.0000e+00 -0.0000e+00 -0.0000e+00 -0.0000e+00 -0.0000e+00 -0.0000e+00 -0.0000e+00 -0.0000e+00 -0.0000e+00 -0.0000e+00 -0.0000e+00 -0.0000e+00
-1.3983e-10 -7.9177e-10 -2.1854e-09 -4.4963e-09 -7.8776e-09 -1.2471e-08 5.7170e-07 -2.5832e-08 -3.4866e-08 -4.5650e-08 -5.8319e-08 -7.3015e-08 -8.9882e-08 -1.0906e-07 -1.3071e-07 -1.5495e-07 -1.8192e-07 -2.1173e-07 -2.4446e-07 -2.8015e-07 -3.1877e-07 -3.6020e-07 -4.0418e-07 -4.5032e-07 -4.9797e-07 -5.4625e-07 -5.9394e-07 -6.3945e-07 -6.8078e-07 -7.1551e-07 -7.4089e-07 -7.5389e-07 -7.5155e-07 -7.3129e-07 -6.9144e-07 -6.3186e-07 -5.5445e-07 -4.6357e-07 -3.6586e-07 -2.6953e-07 -1.8287e-07 -1.1243e-07 -6.1438e-08 -2.9148e-08 -1.1673e-08 -3.8139e-09 -9.7566e-10 -1.8593e-10 -2.4845e-11 -2.1629e-12 -1.1215e-13 -3.1039e-15 -4.0087e-17 -2.0483e-19 -3.3776e-22 -1.3973e-25 -1.0608e-29 -1.0011e-34 -7.2145e-41 -2.1534e-48 -1.2302e-57 -5.0580e-69 -4.3055e-83 -1.5397e-100 -2.9676e-122 -2.1582e-149 -1.8514e-183 -1.9873e-226 -6.5725e-281 -0.0000e+00 -0.0000e+00 -0.0000e+00 -0.0000e+00 -0.0000e+00 -0.0000e+00 -0.0000e+00 -0.0000e+00 -0.0000e+00 -0.0000e+00 -0.0000e+00 -0.0000e+00 -0.0000e+00 -0.0000e+00 -0.0000e+00 -0.0000e+00 -0.0000e+00 -0.0000e+00 -0.0000e+00 -0.0000e+00 -0.0000e+00 -0.0000e+00 -0.0000e+00 -0.0000e+00 -0.0000e+00 -0.0000e+00 -0.0000e+00 -0.0000e+00 -0.0000e+00 -0.0000e+00 -0.0000e+00 -1.3983e-10 -7.9177e-10 -2.1854e-09 -4.4963e-09 -7.8776e-09 -1.2471e-08 0.0000e+00 -2.5832e-08 -3.4866e-08 -4.5650e-08 -5.8319e-08 -7.3015e-08 -8.9882e-08 -1.0906e-07 -1.3071e-07 -1.5495e-07 -1.8192e-07 -2.1173e-07 -2.4446e-07 -2.8015e-07 -3.1877e-07 -3.6020e-07 -4.0418e-07 -4.5032e-07 -4.9797e-07 -5.4625e-07 -5.9394e-07 -6.3944e-07 -6.8077e-07 -7.1551e-07 -7.4088e-07 -7.5388e-07 -7.5154e-07 -7.3128e-07 -6.9143e-07 -6.3184e-07 -5.5443e-07 -4.6355e-07 -3.6584e-07 -2.6951e-07 -1.8285e-07 -1.1242e-07 -6.1431e-08 -2.9144e-08 -1.1671e-08 -3.8131e-09 -9.7543e-10 -1.8588e-10 -2.4837e-11 -2.1620e-12 -1.1209e-13 -3.1020e-15 -4.0058e-17 -2.0465e-19 -3.3740e-22 -1.3955e-25 -1.0591e-29 -9.9919e-35 -7.1982e-41 -2.1475e-48 -1.2261e-57 -5.0374e-69 -4.2841e-83 -1.5303e-100 -2.9455e-122 -2.1385e-149 -1.8305e-183 -1.9595e-226 -6.4586e-281 -0.0000e+00 -0.0000e+00 -0.0000e+00 -0.0000e+00 -0.0000e+00 -0.0000e+00 -0.0000e+00 -0.0000e+00 -0.0000e+00 -0.0000e+00 -0.0000e+00 -0.0000e+00 -0.0000e+00 -0.0000e+00 -0.0000e+00 -0.0000e+00 -0.0000e+00 -0.0000e+00 -0.0000e+00 -0.0000e+00 -0.0000e+00 -0.0000e+00 -0.0000e+00 -0.0000e+00 -0.0000e+00 -0.0000e+00 -0.0000e+00 -0.0000e+00 -0.0000e+00 -0.0000e+00 -0.0000e+00
-1.9619e-10 -1.1109e-09 -3.0662e-09 -6.3086e-09 -1.1053e-08 -1.7497e-08 -2.5832e-08 1.2832e-06 -4.8920e-08 -6.4049e-08 -8.1825e-08 -1.0245e-07 -1.2611e-07 -1.5302e-07 -1.8339e-07 -2.1740e-07 -2.5524e-07 -2.9707e-07 -3.4300e-07 -3.9307e-07 -4.4726e-07 -5.0538e-07 -5.6710e-07 -6.3183e-07 -6.9869e-07 -7.6643e-07 -8.3334e-07 -8.9719e-07 -9.5519e-07 -1.0039e-06 -1.0395e-06 -1.0578e-06 -1.0545e-06 -1.0261e-06 -9.7018e-07 -8.8658e-07 -7.7798e-07 -6.5047e-07 -5.1337e-07 -3.7821e-07 -2.5661e-07 -1.5778e-07 -8.6219e-08 -4.0907e-08 -1.6383e-08 -5.3531e-09 -1.3695e-09 -2.6101e-10 -3.4882e-11 -3.0371e-12 -1.5750e-13 -4.3598e-15 -5.6321e-17 -2.8785e-19 -4.7483e-22 -1.9651e-25 -1.4926e-29 -1.4094e-34 -1.0165e-40 -3.0368e-48 -1.7369e-57 -7.1505e-69 -6.0969e-83 -2.1848e-100 -4.2218e-122 -3.0801e-149 -2.6527e-183 -2.8615e-226 -9.5230e-281 -0.0000e+00 -0.0000e+00 -0.0000e+00 -0.0000e+00 -0.0000e+00 -0.0000e+00 -0.0000e+00 -0.0000e+00 -0.0000e+00 -0.0000e+00 -0.0000e+00 -0.0000e+00 -0.0000e+00 -0.0000e+00 -0.0000e+00 -0.0000e+00 -0.0000e+00 -0.0000e+00 -0.0000e+00 -0.0000e+00 -0.0000e+00 -0.0000e+00 -0.0000e+00 -0.0000e+00 -0.0000e+00 -0.0000e+00 -0.0000e+00 -0.0000e+00 -0.0000e+00 -0.0000e+00 -0.0000e+00 -1.9619e-10 -1.1109e-09 -3.0662e-09 -6.3086e-09 -1.1053e-08 -1.7497e-08 -2.5832e-08 0.0000e+00 -4.8920e-08 -6.4049e-08 -8.1825e-08 -1.0245e-07 -1.2611e-07 -1.5302e-07 -1.8339e-07 -2.1740e-07 -2.5524e-07 -2.9707e-07 -3.4300e-07 -3.9307e-07 -4.4726e-07 -5.0538e-07 -5.6710e-07 -6.3182e-07 -6.9868e-07 -7.6642e-07 -8.3333e-07 -8.9719e-07 -9.5517e-07 -1.0039e-06 -1.0395e-06 -1.0578e-06 -1.0545e-06 -1.0260e-06 -9.7013e-07 -8.8653e-07 -7.7792e-07 -6.5041e-07 -5.1331e-07 -3.7815e-07 -2.5657e-07 -1.5774e-07 -8.6198e-08 -4.0895e-08 -1.6377e-08 -5.3507e-09 -1.3688e-09 -2.6084e-10 -3.4855e-11 -3.0343e-12 -1.5732e-13 -4.3540e-15 -5.6230e-17 -2.8729e-19 -4.7371e-22 -1.9595e-25 -1.4875e-29 -1.4036e-34 -1.0114e-40 -3.0182e-48 -1.7239e-57 -7.0858e-69 -6.0296e-83 -2.1553e-100 -4.1521e-122 -3.0177e-149 -2.5866e-183 -2.7736e-226 -9.1616e-281 -0.0000e+00 -0.0000e+00 -0.0000e+00 -0.0000e+00 -0.0000e+00 -0.0000e+00 -0.0000e+00 -0.0000e+00 -0.0000e+00 -0.0000e+00 -0.0000e+00 -0.0000e+00 -0.0000e+00 -0.0000e+00 -0.0000e+00 -0.0000e+00 -0.0000e+00 -0.0000e+00 -0.0000e+00 -0.0000e+00 -0.0000e+00 -0.0000e+00 -0.0000e+00 -0.0000e+00 -0.0000e+00 -0.0000e+00 -0.0000e+00 -0.0000e+00 -0.0000e+00 -0.0000e+00 -0.0000e+00
-2.6481e-10 -1.4994e-09 -4.1387e-09 -8.5150e-09 -1.4918e-08 -2.3617e-08 -3.4866e-08 -4.8920e-08 2.6230e-06 -8.6450e-08 -1.1044e-07 -1.3827e-07 -1.7022e-07 -2.0654e-07 -2.4753e-07 -2.9343e-07 -3.4451e-07 -4.0097e-07 -4.6296e-07 -5.3055e-07 -6.0369e-07 -6.8214e-07 -7.6544e-07 -8.5281e-07 -9.4306e-07 -1.0345e-06 -1.1248e-06 -1.2110e-06 -1.2893e-06 -1.3551e-06 -1.4031e-06 -1.4278e-06 -1.4234e-06 -1.3850e-06 -1.3096e-06 -1.1968e-06 -1.0502e-06 -8.7809e-07 -6.9305e-07 -5.1059e-07 -3.4645e-07 -2.1303e-07 -1.1642e-07 -5.5240e-08 -2.2125e-08 -7.2302e-09 -1.8500e-09 -3.5265e-10 -4.7138e-11 -4.1053e-12 -2.1296e-13 -5.8971e-15 -7.6213e-17 -3.8972e-19 -6.4328e-22 -2.6643e-25 -2.0255e-29 -1.9148e-34 -1.3829e-40 -4.1384e-48 -2.3718e-57 -9.7890e-69 -8.3724e-83 -3.0116e-100 -5.8470e-122 -4.2906e-149 -3.7220e-183 -4.0511e-226 -1.3633e-280 -0.0000e+00 -0.0000e+00 -0.0000e+00 -0.0000e+00 -0.0000e+00 -0.0000e+00 -0.0000e+00 -0.0000e+00 -0.0000e+00 -0.0000e+00 -0.0000e+00 -0.0000e+00 -0.0000e+00 -0.0000e+00 -0.0000e+00 -0.0000e+00 -0.0000e+00 -0.0000e+00 -0.0000e+00 -0.0000e+00 -0.0000e+00 -0.0000e+00 -0.0000e+00 -0.0000e+00 -0.0000e+00 -0.0000e+00 -0.0000e+00 -0.0000e+00 -0.0000e+00 -0.0000e+00 -0.0000e+00 -2.6481e-10 -1.4994e-09 -4.1387e-09 -8.5150e-09 -1.4918e-08 -2.3617e-08 -3.4866e-08 -4.8920e-08 0.0000e+00 -8.6450e-08 -1.1044e-07 -1.3827e-07 -1.7022e-07 -2.0654e-07 -2.4753e-07 -2.9343e-07 -3.4451e-07 -4.0097e-07 -4.6296e-07 -5.3055e-07 -6.0368e-07 -6.8214e-07 -7.6544e-07 -8.5280e-07 -9.4305e-07 -1.0345e-06 -1.1248e-06 -1.2110e-06 -1.2892e-06 -1.3550e-06 -1.4031e-06 -1.4277e-06 -1.4233e-06 -1.3849e-06 -1.3095e-06 -1.1966e-06 -1.0500e-06 -8.7792e-07 -6.9288e-07 -5.1045e-07 -3.4633e-07 -2.1294e-07 -1.1636e-07 -5.5206e-08 -2.2109e-08 -7.2237e-09 -1.8480e-09 -3.5219e-10 -4.7064e-11 -4.0975e-12 -2.1247e-13 -5.8809e-15 -7.5961e-17 -3.8817e-19 -6.4018e-22 -2.6488e-25 -2.0113e-29 -1.8986e-34 -1.3687e-40 -4.0870e-48 -2.3360e-57 -9.6097e-69 -8.1859e-83 -2.9299e-100 -5.6535e-122 -4.1172e-149 -3.5380e-183 -3.8060e-226 -1.2622e-280 -0.0000e+00 -0.0000e+00 -0.0000e+00 -0.0000e+00 -0.0000e+00 -0.0000e+00 -0.0000e+00 -0.0000e+00 -0.0000e+00 -0.0000e+00 -0.0000e+00 -0.0000e+00 -0.0000e+00 -0.0000e+00 -0.0000e+00 -0.0000e+00 -0.0000e+00 -0.0000e+00 -0.0000e+00 -0.0000e+00 -0.0000e+00 -0.0000e+00 -0.0000e+00 -0.0000e+00 -0.0000e+00 -0.0000e+00 -0.0000e+00 -0.0000e+00 -0.0000e+00 -0.0000e+00 -0.0000e+00
-3.4671e-10 -1.9632e-09 -5.4186e-09 -1.1149e-08 -1.9532e-08 -3.0921e-08 -4.5650e-08 -6.4049e-08 -8.6450e-08 4.9818e-06 -1.4460e-07 -1.8104e-07 -2.2286e-07 -2.7042e-07 -3.2408e-07 -3.8419e-07 -4.5106e-07 -5.2498e-07 -6.0614e-07 -6.9463e-07 -7.9039e-07 -8.9311e-07 -1.0022e-06 -1.1166e-06 -1.2347e-06 -1.3545e-06 -1.4727e-06 -1.5856e-06 -1.6881e-06 -1.7742e-06 -1.8372e-06 -1.8695e-06 -1.8638e-06 -1.8136e-06 -1.7149e-06 -1.5672e-06 -1.3753e-06 -1.1500e-06 -9.0767e-07 -6.6876e-07 -4.5380e-07 -2.7907e-07 -1.5253e-07 -7.2385e-08 -2.8997e-08 -9.4778e-09 -2.4257e-09 -4.6253e-10 -6.1848e-11 -5.3887e-12 -2.7968e-13 -7.7496e-15 -1.0023e-16 -5.1301e-19 -8.4771e-22 -3.5157e-25 -2.6772e-29 -2.5359e-34 -1.8358e-40 -5.5097e-48 -3.1689e-57 -1.3136e-68 -1.1295e-82 -4.0892e-100 -8.0025e-122 -5.9299e-149 -5.2060e-183 -5.7503e-226 -1.9703e-280 -0.0000e+00 -0.0000e+00 -0.0000e+00 -0.0000e+00 -0.0000e+00 -0.0000e+00 -0.0000e+00 -0.0000e+00 -0.0000e+00 -0.0000e+00 -0.0000e+00 -0.0000e+00 -0.0000e+00 -0.0000e+00 -0.0000e+00 -0.0000e+00 -0.0000e+00 -0.0000e+00 -0.0000e+00 -0.0000e+00 -0.0000e+00 -0.0000e+00 -0.0000e+00 -0.0000e+00 -0.0000e+00 -0.0000e+00 -0.0000e+00 -0.0000e+00 -0.0000e+00 -0.0000e+00 -0.0000e+00 -3.4671e-10 -1.9632e-09 -5.4186e-09 -1.1149e-08 -1.9532e-08 -3.0921e-08 -4.5650e-08 -6.4049e-08 -8.6450e-08 0.0000e+00 -1.4460e-07 -1.8104e-07 -2.2286e-07 -2.7042e-07 -3.2408e-07 -3.8419e-07 -4.5106e-07 -5.2497e-07 -6.0614e-07 -6.9463e-07 -7.9039e-07 -8.9310e-07 -1.0022e-06 -1.1166e-06 -1.2347e-06 -1.3544e-06 -1.4727e-06 -1.5855e-06 -1.6880e-06 -1.7741e-06 -1.8371e-06 -1.8693e-06 -1.8635e-06 -1.8133e-06 -1.7145e-06 -1.5668e-06 -1.3749e-06 -1.1495e-06 -9.0727e-07 -6.6840e-07 -4.5351e-07 -2.7884e-07 -1.5238e-07 -7.2300e-08 -2.8956e-08 -9.4617e-09 -2.4208e-09 -4.6138e-10 -6.1664e-11 -5.3693e-12 -2.7847e-13 -7.7092e-15 -9.9602e-17 -5.0913e-19 -8.3999e-22 -3.4771e-25 -2.6417e-29 -2.4954e-34 -1.8004e-40 -5.3813e-48 -3.0795e-57 -1.2688e-68 -1.0828e-82 -3.8844e-100 -7.5164e-122 -5.4932e-149 -4.7414e-183 -5.1288e-226 -1.7128e-280 -0.0000e+00 -0.0000e+00 -0.0000e+00 -0.0000e+00 -0.0000e+00 -0.0000e+00 -0.0000e+00 -0.0000e+00 -0.0000e+00 -0.0000e+00 -0.0000e+00 -0.0000e+00 -0.0000e+00 -0.0000e+00 -0.0000e+00 -0.0000e+00 -0.0000e+00 -0.0000e+00 -0.0000e+00 -0.0000e+00 -0.0000e+00 -0.0000e+00 -0.0000e+00 -0.0000e+00 -0.0000e+00 -0.0000e+00 -0.0000e+00 -0.0000e+00 -0.0000e+00 -0.0000e+00 -0.0000e+00
-4.4293e-10 -2.5080e-09 -6.9225e-09 -1.4243e-08 -2.4953e-08 -3.9502e-08 -5.8319e-08 -8.1825e-08 -1.1044e-07 -1.4460e-07 8.9167e-06 -2.3128e-07 -2.8471e-07 -3.4547e-07 -4.1402e-07 -4.9081e-07 -5.7625e-07 -6.7068e-07 -7.7436e-07 -8.8742e-07 -1.0098e-06 -1.1410e-06 -1.2803e-06 -1.4265e-06 -1.5774e-06 -1.7304e-06 -1.8815e-06 -2.0257e-06 -2.1567e-06 -2.2668e-06 -2.3473e-06 -2.3886e-06 -2.3814e-06 -2.3174e-06 -2.1913e-06 -2.0027e-06 -1.7576e-06 -1.4697e-06 -1.1602e-06 -8.5491e-07 -5.8020e-07 -3.5685e-07 -1.9508e-07 -9.2602e-08 -3.7107e-08 -1.2133e-08 -3.1065e-09 -5.9263e-10 -7.9293e-11 -6.9136e-12 -3.5914e-13 -9.9617e-15 -1.2900e-16 -6.6128e-19 -1.0947e-21 -4.5501e-25 -3.4741e-29 -3.3014e-34 -2.3994e-40 -7.2353e-48 -4.1853e-57 -1.7471e-68 -1.5149e-82 -5.5415e-100 -1.0980e-121 -8.2602e-149 -7.3852e-183 -8.3384e-226 -2.9334e-280 -0.0000e+00 -0.0000e+00 -0.0000e+00 -0.0000e+00 -0.0000e+00 -0.0000e+00 -0.0000e+00 -0.0000e+00 -0.0000e+00 -0.0000e+00 -0.0000e+00 -0.0000e+00 -0.0000e+00 -0.0000e+00 -0.0000e+00 -0.0000e+00 -0.0000e+00 -0.0000e+00 -0.0000e+00 -0.0000e+00 -0.0000e+00 -0.0000e+00 -0.0000e+00 -0.0000e+00 -0.0000e+00 -0.0000e+00 -0.0000e+00 -0.0000e+00 -0.0000e+00 -0.0000e+00 -0.0000e+00 -4.4293e-10 -2.5080e-09 -6.9225e-09 -1.4243e-08 -2.4953e-08 -3.9502e-08 -5.8319e-08 -8.1825e-08 -1.1044e-07 -1.4460e-07 0.0000e+00 -2.3128e-07 -2.8471e-07 -3.4547e-07 -4.1402e-07 -4.9081e-07 -5.7624e-07 -6.7067e-07 -7.7436e-07 -8.8742e-07 -1.0098e-06 -1.1410e-06 -1.2803e-06 -1.4264e-06 -1.5774e-06 -1.7303e-06 -1.8814e-06 -2.0256e-06 -2.1565e-06 -2.2666e-06 -2.3470e-06 -2.3882e-06 -2.3808e-06 -2.3167e-06 -2.1905e-06 -2.0018e-06 -1.7567e-06 -1.4688e-06 -1.1593e-06 -8.5409e-07 -5.7952e-07 -3.5635e-07 -1.9475e-07 -9.2409e-08 -3.7013e-08 -1.2096e-08 -3.0951e-09 -5.9001e-10 -7.8871e-11 -6.8692e-12 -3.5637e-13 -9.8692e-15 -1.2756e-16 -6.5239e-19 -1.0770e-21 -4.4616e-25 -3.3928e-29 -3.2084e-34 -2.3180e-40 -6.9398e-48 -3.9795e-57 -1.6436e-68 -1.4070e-82 -5.0665e-100 -9.8498e-122 -7.2405e-149 -6.2948e-183 -6.8709e-226 -2.3207e-280 -0.0000e+00 -0.0000e+00 -0.0000e+00 -0.0000e+00 -0.0000e+00 -0.0000e+00 -0.0000e+00 -0.0000e+00 -0.0000e+00 -0.0000e+00 -0.0000e+00 -0.0000e+00 -0.0000e+00 -0.0000e+00 -0.0000e+00 -0.0000e+00 -0.0000e+00 -0.0000e+00 -0.0000e+00 -0.0000e+00 -0.0000e+00 -0.0000e+00 -0.0000e+00 -0.0000e+00 -0.0000e+00 -0.0000e+00 -0.0000e+00 -0.0000e+00 -0.0000e+00 -0.0000e+00 -0.0000e+00
-5.5455e-10 -3.1400e-09 -8.6669e-09 -1.7832e-08 -3.1241e-08 -4.9457e-08 -7.3015e-08 -1.0245e-07 -1.3827e-07 -1.8104e-07 -2.3128e-07 1.5200e-05 -3.5646e-07 -4.3253e-07 -5.1836e-07 -6.1450e-07 -7.2146e-07 -8.3969e-07 -9.6951e-07 -1.1111e-06 -1.2642e-06 -1.4285e-06 -1.6030e-06 -1.7860e-06 -1.9750e-06 -2.1666e-06 -2.3558e-06 -2.5364e-06 -2.7005e-06 -2.8384e-06 -2.9393e-06 -2.9912e-06 -2.9822e-06 -2.9022e-06 -2.7445e-06 -2.5085e-06 -2.2017e-06 -1.8414e-06 -1.4538e-06 -1.0714e-06 -7.2731e-07 -4.4745e-07 -2.4469e-07 -1.1619e-07 -4.6582e-08 -1.5239e-08 -3.9045e-09 -7.4545e-10 -9.9835e-11 -8.7146e-12 -4.5332e-13 -1.2595e-14 -1.6343e-16 -8.3974e-19 -1.3942e-21 -5.8148e-25 -4.4583e-29 -4.2579e-34 -3.1133e-40 -9.4567e-48 -5.5184e-57 -2.3279e-68 -2.0442e-82 -7.5915e-100 -1.5317e-121 -1.1773e-148 -1.0797e-182 -1.2561e-225 -4.5769e-280 -0.0000e+00 -0.0000e+00 -0.0000e+00 -0.0000e+00 -0.0000e+00 -0.0000e+00 -0.0000e+00 -0.0000e+00 -0.0000e+00 -0.0000e+00 -0.0000e+00 -0.0000e+00 -0.0000e+00 -0.0000e+00 -0.0000e+00 -0.0000e+00 -0.0000e+00 -0.0000e+00 -0.0000e+00 -0.0000e+00 -0.0000e+00 -0.0000e+00 -0.0000e+00 -0.0000e+00 -0.0000e+00 -0.0000e+00 -0.0000e+00 -0.0000e+00 -0.0000e+00 -0.0000e+00 -0.0000e+00 -5.5455e-10 -3.1400e-09 -8.6669e-09 -1.7832e-08 -3.1241e-08 -4.9457e-08 -7.3015e-08 -1.0245e-07 -1.3827e-07 -1.8104e-07 -2.3128e-07 0.0000e+00 -3.5646e-07 -4.3253e-07 -5.1836e-07 -6.1449e-07 -7.2146e-07 -8.3968e-07 -9.6950e-07 -1.1110e-06 -1.2642e-06 -1.4285e-06 -1.6030e-06 -1.7859e-06 -1.9749e-06 -2.1664e-06 -2.3556e-06 -2.5361e-06 -2.7000e-06 -2.8379e-06 -2.9386e-06 -2.9902e-06 -2.9810e-06 -2.9008e-06 -2.7429e-06 -2.5067e-06 -2.1997e-06 -1.8393e-06 -1.4518e-06 -1.0697e-06 -7.2586e-07 -4.4637e-07 -2.4397e-07 -1.1578e-07 -4.6382e-08 -1.5160e-08 -3.8801e-09 -7.3985e-10 -9.8932e-11 -8.6198e-12 -4.4739e-13 -1.2397e-14 -1.6034e-16 -8.2072e-19 -1.3562e-21 -5.6251e-25 -4.2838e-29 -4.0581e-34 -2.9382e-40 -8.8196e-48 -5.0737e-57 -2.1038e-68 -1.8096e-82 -6.5551e-100 -1.2837e-121 -9.5225e-149 -8.3721e-183 -9.2664e-226 -3.1845e-280 -0.0000e+00 -0.0000e+00 -0.0000e+00 -0.0000e+00 -0.0000e+00 -0.0000e+00 -0.0000e+00 -0.0000e+00 -0.0000e+00 -0.0000e+00 -0.0000e+00 -0.0000e+00 -0.0000e+00 -0.0000e+00 -0.0000e+00 -0.0000e+00 -0.0000e+00 -0.0000e+00 -0.0000e+00 -0.0000e+00 -0.0000e+00 -0.0000e+00 -0.0000e+00 -0.0000e+00 -0.0000e+00 -0.0000e+00 -0.0000e+00 -0.0000e+00 -0.0000e+00 -0.0000e+00 -0.0000e+00
-6.8265e-10 -3.8654e-09 -1.0669e-08 -2.1951e-08 -3.8458e-08 -6.0881e-08 -8.9882e-08 -1.2611e-07 -1.7022e-07 -2.2286e-07 -2.8471e-07 -3.5646e-07 2.4875e-05 -5.3245e-07 -6.3810e-07 -7.5645e-07 -8.8812e-07 -1.0337e-06 -1.1935e-06 -1.3677e-06 -1.5563e-06 -1.7586e-06 -1.9734e-06 -2.1987e-06 -2.4314e-06 -2.6672e-06 -2.9002e-06 -3.1227e-06 -3.3248e-06 -3.4948e-06 -3.6191e-06 -3.6832e-06 -3.6724e-06 -3.5742e-06 -3.3804e-06 -3.0901e-06 -2.7127e-06 -2.2691e-06 -1.7919e-06 -1.3210e-06 -8.9703e-07 -5.5209e-07 -3.0206e-07 -1.4352e-07 -5.7577e-08 -1.8852e-08 -4.8351e-09 -9.2425e-10 -1.2396e-10 -1.0840e-11 -5.6504e-13 -1.5738e-14 -2.0483e-16 -1.0563e-18 -1.7613e-21 -7.3841e-25 -5.6967e-29 -5.4811e-34 -4.0433e-40 -1.2412e-47 -7.3344e-57 -3.1404e-68 -2.8068e-82 -1.0642e-99 -2.2000e-121 -1.7396e-148 -1.6486e-182 -1.9918e-225 -7.5771e-280 -0.0000e+00 -0.0000e+00 -0.0000e+00 -0.0000e+00 -0.0000e+00 -0.0000e+00 -0.0000e+00 -0.0000e+00 -0.0000e+00 -0.0000e+00 -0.0000e+00 -0.0000e+00 -0.0000e+00 -0.0000e+00 -0.0000e+00 -0.0000e+00 -0.0000e+00 -0.0000e+00 -0.0000e+00 -0.0000e+00 -0.0000e+00 -0.0000e+00 -0.0000e+00 -0.0000e+00 -0.0000e+00 -0.0000e+00 -0.0000e+00 -0.0000e+00 -0.0000e+00 -0.0000e+00 -0.0000e+00 -6.8265e-10 -3.8654e-09 -1.0669e-08 -2.1951e-08 -3.8458e-08 -6.0881e-08 -8.9882e-08 -1.2611e-07 -1.7022e-07 -2.2286e-07 -2.8471e-07 -3.5646e-07 0.0000e+00 -5.3244e-07 -6.3810e-07 -7.5644e-07 -8.8811e-07 -1.0337e-06 -1.1935e-06 -1.3677e-06 -1.5563e-06 -1.7585e-06 -1.9733e-06 -2.1985e-06 -2.4312e-06 -2.6669e-06 -2.8998e-06 -3.1220e-06 -3.3239e-06 -3.4936e-06 -3.6177e-06 -3.6813e-06 -3.6701e-06 -3.5714e-06 -3.3771e-06 -3.0864e-06 -2.7087e-06 -2.2650e-06 -1.7879e-06 -1.3175e-06 -8.9410e-07 -5.4990e-07 -3.0061e-07 -1.4269e-07 -5.7174e-08 -1.8693e-08 -4.7860e-09 -9.1295e-10 -1.2214e-10 -1.0648e-11 -5.5307e-13 -1.5338e-14 -1.9859e-16 -1.0178e-18 -1.6844e-21 -6.9991e-25 -5.3420e-29 -5.0742e-34 -3.6859e-40 -1.1108e-47 -6.4216e-57 -2.6785e-68 -2.3208e-82 -8.4823e-100 -1.6795e-121 -1.2626e-148 -1.1286e-182 -1.2749e-225 -4.4925e-280 -0.0000e+00 -0.0000e+00 -0.0000e+00 -0.0000e+00 -0.0000e+00 -0.0000e+00 -0.0000e+00 -0.0000e+00 -0.0000e+00 -0.0000e+00 -0.0000e+00 -0.0000e+00 -0.0000e+00 -0.0000e+00 -0.0000e+00 -0.0000e+00 -0.0000e+00 -0.0000e+00 -0.0000e+00 -0.0000e+00 -0.0000e+00 -0.0000e+00 -0.0000e+00 -0.0000e+00 -0.0000e+00 -0.0000e+00 -0.0000e+00 -0.0000e+00 -0.0000e+00 -0.0000e+00 -0.0000e+00
-8.2834e-10 -4.6903e-09 -1.2946e-08 -2.6635e-08 -4.6666e-08 -7.3874e-08 -1.0906e-07 -1.5302e-07 -2.0654e-07 -2.7042e-07 -3.4547e-07 -4.3253e-07 -5.3245e-07 3.9324e-05 -7.7428e-07 -9.1789e-07 -1.0777e-06 -1.2543e-06 -1.4482e-06 -1.6597e-06 -1.8885e-06 -2.1340e-06 -2.3946e-06 -2.6680e-06 -2.9505e-06 -3.2368e-06 -3.5197e-06 -3.7898e-06 -4.0352e-06 -4.2418e-06 -4.3930e-06 -4.4712e-06 -4.4587e-06 -4.3400e-06 -4.1053e-06 -3.7535e-06 -3.2958e-06 -2.7577e-06 -2.1785e-06 -1.6067e-06 -1.0916e-06 -6.7222e-07 -3.6805e-07 -1.7503e-07 -7.0292e-08 -2.3044e-08 -5.9192e-09 -1.1335e-09 -1.5235e-10 -1.3357e-11 -6.9839e-13 -1.9524e-14 -2.5522e-16 -1.3230e-18 -2.2198e-21 -9.3757e-25 -7.2970e-29 -7.0944e-34 -5.2983e-40 -1.6502e-47 -9.9186e-57 -4.3321e-68 -3.9623e-82 -1.5429e-99 -3.2885e-121 -2.6925e-148 -2.6545e-182 -3.3532e-225 -1.3411e-279 -0.0000e+00 -0.0000e+00 -0.0000e+00 -0.0000e+00 -0.0000e+00 -0.0000e+00 -0.0000e+00 -0.0000e+00 -0.0000e+00 -0.0000e+00 -0.0000e+00 -0.0000e+00 -0.0000e+00 -0.0000e+00 -0.0000e+00 -0.0000e+00 -0.0000e+00 -0.0000e+00 -0.0000e+00 -0.0000e+00 -0.0000e+00 -0.0000e+00 -0.0000e+00 -0.0000e+00 -0.0000e+00 -0.0000e+00 -0.0000e+00 -0.0000e+00 -0.0000e+00 -0.0000e+00 -0.0000e+00 -8.2834e-10 -4.6903e-09 -1.2946e-08 -2.6635e-08 -4.6666e-08 -7.3874e-08 -1.0906e-07 -1.5302e-07 -2.0654e-07 -2.7042e-07 -3.4547e-07 -4.3253e-07 -5.3244e-07 0.0000e+00 -7.7428e-07 -9.1788e-07 -1.0777e-06 -1.2543e-06 -1.4482e-06 -1.6596e-06 -1.8884e-06 -2.1338e-06 -2.3944e-06 -2.6677e-06 -2.9501e-06 -3.2362e-06 -3.5188e-06 -3.7885e-06 -4.0336e-06 -4.2396e-06 -4.3902e-06 -4.4676e-06 -4.4542e-06 -4.3346e-06 -4.0990e-06 -3.7464e-06 -3.2881e-06 -2.7498e-06 -2.1709e-06 -1.5999e-06 -1.0859e-06 -6.6803e-07 -3.6527e-07 -1.7343e-07 -6.9518e-08 -2.2739e-08 -5.8247e-09 -1.1118e-09 -1.4885e-10 -1.2988e-11 -6.7533e-13 -1.8753e-14 -2.4318e-16 -1.2486e-18 -2.0711e-21 -8.6292e-25 -6.6079e-29 -6.3016e-34 -4.5997e-40 -1.3944e-47 -8.1182e-57 -3.4157e-68 -2.9910e-82 -1.1073e-99 -2.2271e-121 -1.7066e-148 -1.5614e-182 -1.8144e-225 -6.6174e-280 -0.0000e+00 -0.0000e+00 -0.0000e+00 -0.0000e+00 -0.0000e+00 -0.0000e+00 -0.0000e+00 -0.0000e+00 -0.0000e+00 -0.0000e+00 -0.0000e+00 -0.0000e+00 -0.0000e+00 -0.0000e+00 -0.0000e+00 -0.0000e+00 -0.0000e+00 -0.0000e+00 -0.0000e+00 -0.0000e+00 -0.0000e+00 -0.0000e+00 -0.0000e+00 -0.0000e+00 -0.0000e+00 -0.0000e+00 -0.0000e+00 -0.0000e+00 -0.0000e+00 -0.0000e+00 -0.0000e+00
-9.9271e-10 -5.6210e-09 -1.5515e-08 -3.1921e-08 -5.5925e-08 -8.8533e-08 -1.3071e-07 -1.8339e-07 -2.4753e-07 -3.2408e-07 -4.1402e-07 -5.1836e-07 -6.3810e-07 -7.7428e-07 6.0350e-05 -1.1000e-06 -1.2915e-06 -1.5032e-06 -1.7356e-06 -1.9890e-06 -2.2633e-06 -2.5575e-06 -2.8700e-06 -3.1978e-06 -3.5364e-06 -3.8797e-06 -4.2189e-06 -4.5429e-06 -4.8375e-06 -5.0856e-06 -5.2675e-06 -5.3619e-06 -5.3477e-06 -5.2064e-06 -4.9260e-06 -4.5051e-06 -3.9571e-06 -3.3125e-06 -2.6180e-06 -1.9320e-06 -1.3136e-06 -8.0965e-07 -4.4377e-07 -2.1130e-07 -8.4987e-08 -2.7912e-08 -7.1850e-09 -1.3795e-09 -1.8599e-10 -1.6365e-11 -8.5942e-13 -2.4151e-14 -3.1765e-16 -1.6587e-18 -2.8070e-21 -1.1977e-24 -9.4334e-29 -9.3005e-34 -7.0597e-40 -2.2407e-47 -1.3764e-56 -6.1636e-68 -5.8001e-82 -2.3324e-99 -5.1548e-121 -4.3955e-148 -4.5345e-182 -6.0254e-225 -2.5500e-279 -0.0000e+00 -0.0000e+00 -0.0000e+00 -0.0000e+00 -0.0000e+00 -0.0000e+00 -0.0000e+00 -0.0000e+00 -0.0000e+00 -0.0000e+00 -0.0000e+00 -0.0000e+00 -0.0000e+00 -0.0000e+00 -0.0000e+00 -0.0000e+00 -0.0000e+00 -0.0000e+00 -0.0000e+00 -0.0000e+00 -0.0000e+00 -0.0000e+00 -0.0000e+00 -0.0000e+00 -0.0000e+00 -0.0000e+00 -0.0000e+00 -0.0000e+00 -0.0000e+00 -0.0000e+00 -0.0000e+00 -9.9271e-10 -5.6210e-09 -1.5515e-08 -3.1921e-08 -5.5925e-08 -8.8533e-08 -1.3071e-07 -1.8339e-07 -2.4753e-07 -3.2408e-07 -4.1402e-07 -5.1836e-07 -6.3810e-07 -7.7428e-07 0.0000e+00 -1.1000e-06 -1.2915e-06 -1.5031e-06 -1.7355e-06 -1.9889e-06 -2.2631e-06 -2.5573e-06 -2.8696e-06 -3.1972e-06 -3.5356e-06 -3.8785e-06 -4.2173e-06 -4.5407e-06 -4.8345e-06 -5.0816e-06 -5.2623e-06 -5.3553e-06 -5.3395e-06 -5.1965e-06 -4.9144e-06 -4.4921e-06 -3.9431e-06 -3.2980e-06 -2.6041e-06 -1.9195e-06 -1.3032e-06 -8.0193e-07 -4.3865e-07 -2.0836e-07 -8.3561e-08 -2.7349e-08 -7.0108e-09 -1.3394e-09 -1.7951e-10 -1.5684e-11 -8.1675e-13 -2.2722e-14 -2.9531e-16 -1.5203e-18 -2.5300e-21 -1.0583e-24 -8.1420e-29 -7.8090e-34 -5.7393e-40 -1.7544e-47 -1.0318e-56 -4.3944e-68 -3.9050e-82 -1.4717e-99 -3.0244e-121 -2.3786e-148 -2.2454e-182 -2.7090e-225 -1.0334e-279 -0.0000e+00 -0.0000e+00 -0.0000e+00 -0.0000e+00 -0.0000e+00 -0.0000e+00 -0.0000e+00 -0.0000e+00 -0.0000e+00 -0.0000e+00 -0.0000e+00 -0.0000e+00 -0.0000e+00 -0.0000e+00 -0.0000e+00 -0.0000e+00 -0.0000e+00 -0.0000e+00 -0.0000e+00 -0.0000e+00 -0.0000e+00 -0.0000e+00 -0.0000e+00 -0.0000e+00 -0.0000e+00 -0.0000e+00 -0.0000e+00 -0.0000e+00 -0.0000e+00 -0.0000e+00 -0.0000e+00
-1.1768e-09 -6.6635e-09 -1.8392e-08 -3.7841e-08 -6.6298e-08 -1.0495e-07 -1.5495e-07 -2.1740e-07 -2.9343e-07 -3.8419e-07 -4.9081e-07 -6.1450e-07 -7.5645e-07 -9.1789e-07 -1.1000e-06 9.0271e-05 -1.5311e-06 -1.7820e-06 -2.0576e-06 -2.3580e-06 -2.6832e-06 -3.0321e-06 -3.4026e-06 -3.7913e-06 -4.1930e-06 -4.6002e-06 -5.0028e-06 -5.3874e-06 -5.7373e-06 -6.0323e-06 -6.2490e-06 -6.3622e-06 -6.3467e-06 -6.1807e-06 -5.8498e-06 -5.3522e-06 -4.7035e-06 -3.9395e-06 -3.1159e-06 -2.3014e-06 -1.5663e-06 -9.6665e-07 -5.3060e-07 -2.5310e-07 -1.0201e-07 -3.3589e-08 -8.6726e-09 -1.6711e-09 -2.2626e-10 -2.0010e-11 -1.0572e-12 -2.9918e-14 -3.9679e-16 -2.0923e-18 -3.5816e-21 -1.5487e-24 -1.2388e-28 -1.2433e-33 -9.6327e-40 -3.1295e-47 -1.9739e-56 -9.1060e-68 -8.8593e-82 -3.6974e-99 -8.5161e-121 -7.6018e-148 -8.2514e-182 -1.1603e-224 -5.2323e-279 -0.0000e+00 -0.0000e+00 -0.0000e+00 -0.0000e+00 -0.0000e+00 -0.0000e+00 -0.0000e+00 -0.0000e+00 -0.0000e+00 -0.0000e+00 -0.0000e+00 -0.0000e+00 -0.0000e+00 -0.0000e+00 -0.0000e+00 -0.0000e+00 -0.0000e+00 -0.0000e+00 -0.0000e+00 -0.0000e+00 -0.0000e+00 -0.0000e+00 -0.0000e+00 -0.0000e+00 -0.0000e+00 -0.0000e+00 -0.0000e+00 -0.0000e+00 -0.0000e+00 -0.0000e+00 -0.0000e+00 -1.1768e-09 -6.6635e-09 -1.8392e-08 -3.7841e-08 -6.6298e-08 -1.0495e-07 -1.5495e-07 -2.1740e-07 -2.9343e-07 -3.8419e-07 -4.9081e-07 -6.1449e-07 -7.5644e-07 -9.1788e-07 -1.1000e-06 0.0000e+00 -1.5310e-06 -1.7819e-06 -2.0574e-06 -2.3578e-06 -2.6829e-06 -3.0316e-06 -3.4019e-06 -3.7903e-06 -4.1916e-06 -4.5982e-06 -5.0000e-06 -5.3835e-06 -5.7320e-06 -6.0252e-06 -6.2398e-06 -6.3505e-06 -6.3322e-06 -6.1631e-06 -5.8292e-06 -5.3290e-06 -4.6785e-06 -3.9139e-06 -3.0912e-06 -2.2792e-06 -1.5480e-06 -9.5293e-07 -5.2151e-07 -2.4787e-07 -9.9478e-08 -3.2587e-08 -8.3624e-09 -1.5996e-09 -2.1471e-10 -1.8793e-11 -9.8082e-13 -2.7359e-14 -3.5669e-16 -1.8433e-18 -3.0814e-21 -1.2960e-24 -1.0037e-28 -9.7026e-34 -7.1994e-40 -2.2261e-47 -1.3273e-56 -5.7475e-68 -5.2099e-82 -2.0107e-99 -4.2511e-121 -3.4586e-148 -3.3987e-182 -4.3005e-225 -1.7353e-279 -0.0000e+00 -0.0000e+00 -0.0000e+00 -0.0000e+00 -0.0000e+00 -0.0000e+00 -0.0000e+00 -0.0000e+00 -0.0000e+00 -0.0000e+00 -0.0000e+00 -0.0000e+00 -0.0000e+00 -0.0000e+00 -0.0000e+00 -0.0000e+00 -0.0000e+00 -0.0000e+00 -0.0000e+00 -0.0000e+00 -0.0000e+00 -0.0000e+00 -0.0000e+00 -0.0000e+00 -0.0000e+00 -0.0000e+00 -0.0000e+00 -0.0000e+00 -0.0000e+00 -0.0000e+00 -0.0000e+00
