-2.6817e-08 -9.0203e-12 -2.4897e-11 -5.1224e-11 -8.9746e-11 -1.4207e-10 -2.0975e-10 -2.9430e-10 -3.9726e-10 -5.2017e-10 -6.6463e-10 -8.3233e-10 -1.0250e-09 -1.2445e-09 -1.4926e-09 -1.7716e-09 -2.0834e-09 -2.4303e-09 -2.8147e-09 -3.2390e-09 -3.7055e-09 -4.2168e-09 -4.7752e-09 -5.3830e-09 -6.0422e-09 -6.7542e-09 -7.5201e-09 -8.3397e-09 -9.2119e-09 -1.0134e-08 -1.1099e-08 -1.2101e-08 -1.3127e-08 -1.4161e-08 -1.5180e-08 -1.6157e-08 -1.7055e-08 -1.7832e-08 -1.8437e-08 -1.8813e-08 -1.8901e-08 -1.8644e-08 -1.7991e-08 -1.6914e-08 -1.5412e-08 -1.3529e-08 -1.1354e-08 -9.0287e-09 -6.7278e-09 -4.6351e-09 -2.9045e-09 -1.6225e-09 -7.8836e-10 -3.2325e-10 -1.0775e-10 -2.7882e-11 -5.2885e-12 -6.8455e-13 -5.5300e-14 -2.4918e-15 -5.4357e-17 -4.7967e-19 -1.3622e-21 -9.2894e-25 -1.0433e-28 -1.1842e-33 -7.1893e-40 -1.0130e-47 -1.0991e-57 -2.1147e-70 -1.0048e-86 -8.1755e-108 -2.9698e-135 -3.1381e-171 -8.6001e-219 -3.0317e-282 -0.0000e+00 -0.0000e+00 -0.0000e+00 -0.0000e+00 -0.0000e+00 -0.0000e+00 -0.0000e+00 -0.0000e+00 -0.0000e+00 -0.0000e+00 -0.0000e+00 -0.0000e+00 -0.0000e+00 -0.0000e+00 -0.0000e+00 -0.0000e+00 -0.0000e+00 -0.0000e+00 -0.0000e+00 -0.0000e+00 -0.0000e+00 -0.0000e+00 -0.0000e+00 -0.0000e+00 0.0000e+00 -9.0203e-12 -2.4897e-11 -5.1224e-11 -8.9746e-11 -1.4207e-10 -2.0975e-10 -2.9430e-10 -3.9726e-10 -5.2017e-10 -6.6463e-10 -8.3233e-10 -1.0250e-09 -1.2445e-09 -1.4926e-09 -1.7716e-09 -2.0834e-09 -2.4303e-09 -2.8147e-09 -3.2390e-09 -3.7055e-09 -4.2168e-09 -4.7752e-09 -5.3830e-09 -6.0422e-09 -6.7542e-09 -7.5201e-09 -8.3397e-09 -9.2119e-09 -1.0134e-08 -1.1099e-08 -1.2101e-08 -1.3127e-08 -1.4161e-08 -1.5180e-08 -1.6157e-08 -1.7055e-08 -1.7832e-08 -1.8437e-08 -1.8813e-08 -1.8901e-08 -1.8644e-08 -1.7991e-08 -1.6914e-08 -1.5412e-08 -1.3529e-08 -1.1354e-08 -9.0287e-09 -6.7278e-09 -4.6351e-09 -2.9045e-09 -1.6225e-09 -7.8836e-10 -3.2325e-10 -1.0775e-10 -2.7882e-11 -5.2885e-12 -6.8455e-13 -5.5300e-14 -2.4918e-15 -5.4357e-17 -4.7967e-19 -1.3622e-21 -9.2894e-25 -1.0433e-28 -1.1842e-33 -7.1893e-40 -1.0130e-47 -1.0991e-57 -2.1147e-70 -1.0048e-86 -8.1755e-108 -2.9698e-135 -3.1381e-171 -8.6001e-219 -3.0317e-282 -0.0000e+00 -0.0000e+00 -0.0000e+00 -0.0000e+00 -0.0000e+00 -0.0000e+00 -0.0000e+00 -0.0000e+00 -0.0000e+00 -0.0000e+00 -0.0000e+00 -0.0000e+00 -0.0000e+00 -0.0000e+00 -0.0000e+00 -0.0000e+00 -0.0000e+00 -0.0000e+00 -0.0000e+00 -0.0000e+00 -0.0000e+00 -0.0000e+00 -0.0000e+00 -0.0000e+00
-9.0203e-12 3.0248e-10 -1.4098e-10 -2.9005e-10 -5.0817e-10 -8.0447e-10 -1.1877e-09 -1.6664e-09 -2.2494e-09 -2.9453e-09 -3.7634e-09 -4.7129e-09 -5.8038e-09 -7.0465e-09 -8.4518e-09 -1.0031e-08 -1.1797e-08 -1.3761e-08 -1.5938e-08 -1.8340e-08 -2.0982e-08 -2.3877e-08 -2.7039e-08 -3.0480e-08 -3.4213e-08 -3.8245e-08 -4.2581e-08 -4.7222e-08 -5.2161e-08 -5.7379e-08 -6.2848e-08 -6.8521e-08 -7.4330e-08 -8.0183e-08 -8.5954e-08 -9.1484e-08 -9.6570e-08 -1.0097e-07 -1.0439e-07 -1.0653e-07 -1.0703e-07 -1.0557e-07 -1.0187e-07 -9.5772e-08 -8.7270e-08 -7.6604e-08 -6.4291e-08 -5.1124e-08 -3.8095e-08 -2.6246e-08 -1.6446e-08 -9.1872e-09 -4.4639e-09 -1.8304e-09 -6.1013e-10 -1.5788e-10 -2.9945e-11 -3.8762e-12 -3.1313e-13 -1.4110e-14 -3.0779e-16 -2.7161e-18 -7.7134e-21 -5.2599e-24 -5.9074e-28 -6.7054e-33 -4.0708e-39 -5.7357e-47 -6.2237e-57 -1.1974e-69 -5.6895e-86 -4.6292e-107 -1.6816e-134 -1.7769e-170 -4.8697e-218 -1.7166e-281 -0.0000e+00 -0.0000e+00 -0.0000e+00 -0.0000e+00 -0.0000e+00 -0.0000e+00 -0.0000e+00 -0.0000e+00 -0.0000e+00 -0.0000e+00 -0.0000e+00 -0.0000e+00 -0.0000e+00 -0.0000e+00 -0.0000e+00 -0.0000e+00 -0.0000e+00 -0.0000e+00 -0.0000e+00 -0.0000e+00 -0.0000e+00 -0.0000e+00 -0.0000e+00 -0.0000e+00 -9.0203e-12 0.0000e+00 -1.4098e-10 -2.9005e-10 -5.0817e-10 -8.0447e-10 -1.1877e-09 -1.6664e-09 -2.2494e-09 -2.9453e-09 -3.7634e-09 -4.7129e-09 -5.8038e-09 -7.0465e-09 -8.4518e-09 -1.0031e-08 -1.1797e-08 -1.3761e-08 -1.5938e-08 -1.8340e-08 -2.0982e-08 -2.3877e-08 -2.7039e-08 -3.0480e-08 -3.4213e-08 -3.8245e-08 -4.2581e-08 -4.7222e-08 -5.2161e-08 -5.7379e-08 -6.2848e-08 -6.8521e-08 -7.4330e-08 -8.0183e-08 -8.5954e-08 -9.1484e-08 -9.6570e-08 -1.0097e-07 -1.0439e-07 -1.0653e-07 -1.0703e-07 -1.0557e-07 -1.0187e-07 -9.5772e-08 -8.7270e-08 -7.6604e-08 -6.4291e-08 -5.1124e-08 -3.8095e-08 -2.6246e-08 -1.6446e-08 -9.1872e-09 -4.4639e-09 -1.8304e-09 -6.1013e-10 -1.5788e-10 -2.9945e-11 -3.8762e-12 -3.1313e-13 -1.4110e-14 -3.0779e-16 -2.7161e-18 -7.7134e-21 -5.2599e-24 -5.9074e-28 -6.7054e-33 -4.0708e-39 -5.7357e-47 -6.2237e-57 -1.1974e-69 -5.6895e-86 -4.6292e-107 -1.6816e-134 -1.7769e-170 -4.8697e-218 -1.7166e-281 -0.0000e+00 -0.0000e+00 -0.0000e+00 -0.0000e+00 -0.0000e+00 -0.0000e+00 -0.0000e+00 -0.0000e+00 -0.0000e+00 -0.0000e+00 -0.0000e+00 -0.0000e+00 -0.0000e+00 -0.0000e+00 -0.0000e+00 -0.0000e+00 -0.0000e+00 -0.0000e+00 -0.0000e+00 -0.0000e+00 -0.0000e+00 -0.0000e+00 -0.0000e+00 -0.0000e+00
-2.4897e-11 -1.4098e-10 3.4537e-09 -8.0057e-10 -1.4026e-09 -2.2204e-09 -3.2782e-09 -4.5996e-09 -6.2086e-09 -8.1295e-09 -1.0387e-08 -1.3008e-08 -1.6019e-08 -1.9449e-08 -2.3328e-08 -2.7687e-08 -3.2561e-08 -3.7983e-08 -4.3991e-08 -5.0621e-08 -5.7912e-08 -6.5903e-08 -7.4630e-08 -8.4129e-08 -9.4431e-08 -1.0556e-07 -1.1753e-07 -1.3034e-07 -1.4397e-07 -1.5837e-07 -1.7347e-07 -1.8913e-07 -2.0516e-07 -2.2131e-07 -2.3724e-07 -2.5251e-07 -2.6655e-07 -2.7869e-07 -2.8814e-07 -2.9403e-07 -2.9541e-07 -2.9138e-07 -2.8118e-07 -2.6434e-07 -2.4088e-07 -2.1144e-07 -1.7745e-07 -1.4111e-07 -1.0515e-07 -7.2442e-08 -4.5394e-08 -2.5358e-08 -1.2321e-08 -5.0520e-09 -1.6840e-09 -4.3576e-10 -8.2652e-11 -1.0699e-11 -8.6428e-13 -3.8945e-14 -8.4953e-16 -7.4967e-18 -2.1290e-20 -1.4518e-23 -1.6305e-27 -1.8508e-32 -1.1236e-38 -1.5831e-46 -1.7178e-56 -3.3050e-69 -1.5704e-85 -1.2777e-106 -4.6415e-134 -4.9046e-170 -1.3441e-217 -4.7383e-281 -0.0000e+00 -0.0000e+00 -0.0000e+00 -0.0000e+00 -0.0000e+00 -0.0000e+00 -0.0000e+00 -0.0000e+00 -0.0000e+00 -0.0000e+00 -0.0000e+00 -0.0000e+00 -0.0000e+00 -0.0000e+00 -0.0000e+00 -0.0000e+00 -0.0000e+00 -0.0000e+00 -0.0000e+00 -0.0000e+00 -0.0000e+00 -0.0000e+00 -0.0000e+00 -0.0000e+00 -2.4897e-11 -1.4098e-10 0.0000e+00 -8.0057e-10 -1.4026e-09 -2.2204e-09 -3.2782e-09 -4.5996e-09 -6.2086e-09 -8.1295e-09 -1.0387e-08 -1.3008e-08 -1.6019e-08 -1.9449e-08 -2.3328e-08 -2.7687e-08 -3.2561e-08 -3.7983e-08 -4.3991e-08 -5.0621e-08 -5.7912e-08 -6.5903e-08 -7.4630e-08 -8.4129e-08 -9.4431e-08 -1.0556e-07 -1.1753e-07 -1.3034e-07 -1.4397e-07 -1.5837e-07 -1.7347e-07 -1.8913e-07 -2.0516e-07 -2.2131e-07 -2.3724e-07 -2.5251e-07 -2.6655e-07 -2.7869e-07 -2.8814e-07 -2.9403e-07 -2.9541e-07 -2.9138e-07 -2.8118e-07 -2.6434e-07 -2.4088e-07 -2.1144e-07 -1.7745e-07 -1.4111e-07 -1.0515e-07 -7.2442e-08 -4.5394e-08 -2.5358e-08 -1.2321e-08 -5.0520e-09 -1.6840e-09 -4.3576e-10 -8.2652e-11 -1.0699e-11 -8.6428e-13 -3.8944e-14 -8.4953e-16 -7.4967e-18 -2.1290e-20 -1.4518e-23 -1.6305e-27 -1.8508e-32 -1.1236e-38 -1.5831e-46 -1.7178e-56 -3.3050e-69 -1.5704e-85 -1.2777e-106 -4.6415e-134 -4.9045e-170 -1.3441e-217 -4.7382e-281 -0.0000e+00 -0.0000e+00 -0.0000e+00 -0.0000e+00 -0.0000e+00 -0.0000e+00 -0.0000e+00 -0.0000e+00 -0.0000e+00 -0.0000e+00 -0.0000e+00 -0.0000e+00 -0.0000e+00 -0.0000e+00 -0.0000e+00 -0.0000e+00 -0.0000e+00 -0.0000e+00 -0.0000e+00 -0.0000e+00 -0.0000e+00 -0.0000e+00 -0.0000e+00 -0.0000e+00
-5.1224e-11 -2.9005e-10 -8.0057e-10 1.9642e-08 -2.8858e-09 -4.5684e-09 -6.7446e-09 -9.4634e-09 -1.2774e-08 -1.6726e-08 -2.1371e-08 -2.6764e-08 -3.2959e-08 -4.0016e-08 -4.7996e-08 -5.6966e-08 -6.6992e-08 -7.8148e-08 -9.0508e-08 -1.0415e-07 -1.1915e-07 -1.3559e-07 -1.5355e-07 -1.7309e-07 -1.9429e-07 -2.1718e-07 -2.4181e-07 -2.6817e-07 -2.9621e-07 -3.2585e-07 -3.5690e-07 -3.8912e-07 -4.2211e-07 -4.5534e-07 -4.8812e-07 -5.1952e-07 -5.4840e-07 -5.7338e-07 -5.9284e-07 -6.0494e-07 -6.0778e-07 -5.9949e-07 -5.7851e-07 -5.4387e-07 -4.9559e-07 -4.3502e-07 -3.6510e-07 -2.9032e-07 -2.1634e-07 -1.4904e-07 -9.3395e-08 -5.2172e-08 -2.5350e-08 -1.0394e-08 -3.4648e-09 -8.9656e-10 -1.7005e-10 -2.2012e-11 -1.7782e-12 -8.0127e-14 -1.7479e-15 -1.5424e-17 -4.3803e-20 -2.9871e-23 -3.3548e-27 -3.8079e-32 -2.3118e-38 -3.2573e-46 -3.5344e-56 -6.8001e-69 -3.2311e-85 -2.6290e-106 -9.5503e-134 -1.0092e-169 -2.7657e-217 -9.7501e-281 -0.0000e+00 -0.0000e+00 -0.0000e+00 -0.0000e+00 -0.0000e+00 -0.0000e+00 -0.0000e+00 -0.0000e+00 -0.0000e+00 -0.0000e+00 -0.0000e+00 -0.0000e+00 -0.0000e+00 -0.0000e+00 -0.0000e+00 -0.0000e+00 -0.0000e+00 -0.0000e+00 -0.0000e+00 -0.0000e+00 -0.0000e+00 -0.0000e+00 -0.0000e+00 -0.0000e+00 -5.1224e-11 -2.9005e-10 -8.0057e-10 0.0000e+00 -2.8858e-09 -4.5684e-09 -6.7446e-09 -9.4634e-09 -1.2774e-08 -1.6726e-08 -2.1371e-08 -2.6764e-08 -3.2959e-08 -4.0016e-08 -4.7996e-08 -5.6966e-08 -6.6992e-08 -7.8148e-08 -9.0508e-08 -1.0415e-07 -1.1915e-07 -1.3559e-07 -1.5355e-07 -1.7309e-07 -1.9429e-07 -2.1718e-07 -2.4181e-07 -2.6817e-07 -2.9621e-07 -3.2585e-07 -3.5690e-07 -3.8912e-07 -4.2211e-07 -4.5534e-07 -4.8812e-07 -5.1952e-07 -5.4840e-07 -5.7338e-07 -5.9284e-07 -6.0494e-07 -6.0778e-07 -5.9949e-07 -5.7851e-07 -5.4387e-07 -4.9559e-07 -4.3502e-07 -3.6510e-07 -2.9032e-07 -2.1634e-07 -1.4904e-07 -9.3395e-08 -5.2172e-08 -2.5350e-08 -1.0394e-08 -3.4648e-09 -8.9656e-10 -1.7005e-10 -2.2012e-11 -1.7782e-12 -8.0126e-14 -1.7479e-15 -1.5424e-17 -4.3803e-20 -2.9870e-23 -3.3547e-27 -3.8079e-32 -2.3118e-38 -3.2572e-46 -3.5344e-56 -6.7999e-69 -3.2310e-85 -2.6289e-106 -9.5498e-134 -1.0091e-169 -2.7655e-217 -9.7490e-281 -0.0000e+00 -0.0000e+00 -0.0000e+00 -0.0000e+00 -0.0000e+00 -0.0000e+00 -0.0000e+00 -0.0000e+00 -0.0000e+00 -0.0000e+00 -0.0000e+00 -0.0000e+00 -0.0000e+00 -0.0000e+00 -0.0000e+00 -0.0000e+00 -0.0000e+00 -0.0000e+00 -0.0000e+00 -0.0000e+00 -0.0000e+00 -0.0000e+00 -0.0000e+00 -0.0000e+00
-8.9746e-11 -5.0817e-10 -1.4026e-09 -2.8858e-09 7.5268e-08 -8.0039e-09 -1.1817e-08 -1.6580e-08 -2.2380e-08 -2.9304e-08 -3.7443e-08 -4.6891e-08 -5.7744e-08 -7.0108e-08 -8.4090e-08 -9.9804e-08 -1.1737e-07 -1.3692e-07 -1.5857e-07 -1.8247e-07 -2.0875e-07 -2.3756e-07 -2.6902e-07 -3.0326e-07 -3.4039e-07 -3.8051e-07 -4.2366e-07 -4.6983e-07 -5.1897e-07 -5.7089e-07 -6.2530e-07 -6.8174e-07 -7.3954e-07 -7.9777e-07 -8.5519e-07 -9.1021e-07 -9.6081e-07 -1.0046e-06 -1.0387e-06 -1.0599e-06 -1.0648e-06 -1.0503e-06 -1.0136e-06 -9.5287e-07 -8.6828e-07 -7.6216e-07 -6.3966e-07 -5.0865e-07 -3.7902e-07 -2.6113e-07 -1.6363e-07 -9.1407e-08 -4.4414e-08 -1.8211e-08 -6.0704e-09 -1.5708e-09 -2.9794e-10 -3.8566e-11 -3.1155e-12 -1.4038e-13 -3.0624e-15 -2.7024e-17 -7.6746e-20 -5.2335e-23 -5.8778e-27 -6.6718e-32 -4.0505e-38 -5.7072e-46 -6.1929e-56 -1.1915e-68 -5.6617e-85 -4.6069e-106 -1.6736e-133 -1.7686e-169 -4.8474e-217 -1.7090e-280 -0.0000e+00 -0.0000e+00 -0.0000e+00 -0.0000e+00 -0.0000e+00 -0.0000e+00 -0.0000e+00 -0.0000e+00 -0.0000e+00 -0.0000e+00 -0.0000e+00 -0.0000e+00 -0.0000e+00 -0.0000e+00 -0.0000e+00 -0.0000e+00 -0.0000e+00 -0.0000e+00 -0.0000e+00 -0.0000e+00 -0.0000e+00 -0.0000e+00 -0.0000e+00 -0.0000e+00 -8.9746e-11 -5.0817e-10 -1.4026e-09 -2.8858e-09 0.0000e+00 -8.0039e-09 -1.1817e-08 -1.6580e-08 -2.2380e-08 -2.9304e-08 -3.7443e-08 -4.6891e-08 -5.7744e-08 -7.0108e-08 -8.4090e-08 -9.9804e-08 -1.1737e-07 -1.3692e-07 -1.5857e-07 -1.8247e-07 -2.0875e-07 -2.3756e-07 -2.6902e-07 -3.0326e-07 -3.4039e-07 -3.8051e-07 -4.2366e-07 -4.6983e-07 -5.1897e-07 -5.7089e-07 -6.2530e-07 -6.8174e-07 -7.3954e-07 -7.9777e-07 -8.5519e-07 -9.1021e-07 -9.6081e-07 -1.0046e-06 -1.0387e-06 -1.0599e-06 -1.0648e-06 -1.0503e-06 -1.0136e-06 -9.5287e-07 -8.6828e-07 -7.6216e-07 -6.3966e-07 -5.0865e-07 -3.7902e-07 -2.6113e-07 -1.6363e-07 -9.1407e-08 -4.4414e-08 -1.8211e-08 -6.0704e-09 -1.5708e-09 -2.9794e-10 -3.8566e-11 -3.1155e-12 -1.4038e-13 -3.0623e-15 -2.7023e-17 -7.6744e-20 -5.2334e-23 -5.8776e-27 -6.6716e-32 -4.0503e-38 -5.7068e-46 -6.1925e-56 -1.1914e-68 -5.6610e-85 -4.6062e-106 -1.6733e-133 -1.7681e-169 -4.8458e-217 -1.7083e-280 -0.0000e+00 -0.0000e+00 -0.0000e+00 -0.0000e+00 -0.0000e+00 -0.0000e+00 -0.0000e+00 -0.0000e+00 -0.0000e+00 -0.0000e+00 -0.0000e+00 -0.0000e+00 -0.0000e+00 -0.0000e+00 -0.0000e+00 -0.0000e+00 -0.0000e+00 -0.0000e+00 -0.0000e+00 -0.0000e+00 -0.0000e+00 -0.0000e+00 -0.0000e+00 -0.0000e+00
-1.4207e-10 -8.0447e-10 -2.2204e-09 -4.5684e-09 -8.0039e-09 2.2596e-07 -1.8707e-08 -2.6247e-08 -3.5429e-08 -4.6391e-08 -5.9275e-08 -7.4231e-08 -9.1413e-08 -1.1099e-07 -1.3312e-07 -1.5800e-07 -1.8581e-07 -2.1675e-07 -2.5103e-07 -2.8886e-07 -3.3047e-07 -3.7607e-07 -4.2587e-07 -4.8008e-07 -5.3887e-07 -6.0237e-07 -6.7067e-07 -7.4377e-07 -8.2156e-07 -9.0375e-07 -9.8989e-07 -1.0792e-06 -1.1707e-06 -1.2629e-06 -1.3538e-06 -1.4409e-06 -1.5210e-06 -1.5903e-06 -1.6443e-06 -1.6778e-06 -1.6857e-06 -1.6627e-06 -1.6045e-06 -1.5085e-06 -1.3745e-06 -1.2066e-06 -1.0126e-06 -8.0523e-07 -6.0002e-07 -4.1339e-07 -2.5904e-07 -1.4470e-07 -7.0310e-08 -2.8829e-08 -9.6100e-09 -2.4867e-09 -4.7166e-10 -6.1054e-11 -4.9322e-12 -2.2225e-13 -4.8481e-15 -4.2783e-17 -1.2150e-19 -8.2857e-23 -9.3058e-27 -1.0563e-31 -6.4132e-38 -9.0366e-46 -9.8061e-56 -1.8868e-68 -8.9661e-85 -7.2964e-106 -2.6510e-133 -2.8019e-169 -7.6813e-217 -2.7090e-280 -0.0000e+00 -0.0000e+00 -0.0000e+00 -0.0000e+00 -0.0000e+00 -0.0000e+00 -0.0000e+00 -0.0000e+00 -0.0000e+00 -0.0000e+00 -0.0000e+00 -0.0000e+00 -0.0000e+00 -0.0000e+00 -0.0000e+00 -0.0000e+00 -0.0000e+00 -0.0000e+00 -0.0000e+00 -0.0000e+00 -0.0000e+00 -0.0000e+00 -0.0000e+00 -0.0000e+00 -1.4207e-10 -8.0447e-10 -2.2204e-09 -4.5684e-09 -8.0039e-09 0.0000e+00 -1.8707e-08 -2.6247e-08 -3.5429e-08 -4.6391e-08 -5.9275e-08 -7.4231e-08 -9.1413e-08 -1.1099e-07 -1.3312e-07 -1.5800e-07 -1.8581e-07 -2.1675e-07 -2.5103e-07 -2.8886e-07 -3.3047e-07 -3.7607e-07 -4.2587e-07 -4.8008e-07 -5.3887e-07 -6.0237e-07 -6.7067e-07 -7.4377e-07 -8.2156e-07 -9.0375e-07 -9.8989e-07 -1.0792e-06 -1.1707e-06 -1.2629e-06 -1.3538e-06 -1.4409e-06 -1.5210e-06 -1.5903e-06 -1.6443e-06 -1.6778e-06 -1.6857e-06 -1.6627e-06 -1.6045e-06 -1.5084e-06 -1.3745e-06 -1.2065e-06 -1.0126e-06 -8.0522e-07 -6.0002e-07 -4.1338e-07 -2.5904e-07 -1.4470e-07 -7.0310e-08 -2.8829e-08 -9.6099e-09 -2.4867e-09 -4.7166e-10 -6.1052e-11 -4.9320e-12 -2.2224e-13 -4.8479e-15 -4.2780e-17 -1.2149e-19 -8.2850e-23 -9.3049e-27 -1.0562e-31 -6.4122e-38 -9.0349e-46 -9.8038e-56 -1.8862e-68 -8.9628e-85 -7.2930e-106 -2.6494e-133 -2.7998e-169 -7.6737e-217 -2.7055e-280 -0.0000e+00 -0.0000e+00 -0.0000e+00 -0.0000e+00 -0.0000e+00 -0.0000e+00 -0.0000e+00 -0.0000e+00 -0.0000e+00 -0.0000e+00 -0.0000e+00 -0.0000e+00 -0.0000e+00 -0.0000e+00 -0.0000e+00 -0.0000e+00 -0.0000e+00 -0.0000e+00 -0.0000e+00 -0.0000e+00 -0.0000e+00 -0.0000e+00 -0.0000e+00 -0.0000e+00
-2.0975e-10 -1.1877e-09 -3.2782e-09 -6.7446e-09 -1.1817e-08 -1.8707e-08 5.7339e-07 -3.8751e-08 -5.2306e-08 -6.8490e-08 -8.7512e-08 -1.0959e-07 -1.3496e-07 -1.6386e-07 -1.9653e-07 -2.3326e-07 -2.7432e-07 -3.2000e-07 -3.7061e-07 -4.2647e-07 -4.8790e-07 -5.5522e-07 -6.2874e-07 -7.0877e-07 -7.9556e-07 -8.8932e-07 -9.9016e-07 -1.0981e-06 -1.2129e-06 -1.3343e-06 -1.4614e-06 -1.5933e-06 -1.7284e-06 -1.8645e-06 -1.9987e-06 -2.1273e-06 -2.2456e-06 -2.3479e-06 -2.4275e-06 -2.4771e-06 -2.4887e-06 -2.4548e-06 -2.3689e-06 -2.2270e-06 -2.0293e-06 -1.7813e-06 -1.4950e-06 -1.1888e-06 -8.8586e-07 -6.1032e-07 -3.8244e-07 -2.1364e-07 -1.0381e-07 -4.2564e-08 -1.4188e-08 -3.6714e-09 -6.9638e-10 -9.0143e-11 -7.2822e-12 -3.2814e-13 -7.1584e-15 -6.3171e-17 -1.7941e-19 -1.2235e-22 -1.3742e-26 -1.5600e-31 -9.4715e-38 -1.3347e-45 -1.4485e-55 -2.7875e-68 -1.3249e-84 -1.0784e-105 -3.9192e-133 -4.1439e-169 -1.1366e-216 -4.0112e-280 -0.0000e+00 -0.0000e+00 -0.0000e+00 -0.0000e+00 -0.0000e+00 -0.0000e+00 -0.0000e+00 -0.0000e+00 -0.0000e+00 -0.0000e+00 -0.0000e+00 -0.0000e+00 -0.0000e+00 -0.0000e+00 -0.0000e+00 -0.0000e+00 -0.0000e+00 -0.0000e+00 -0.0000e+00 -0.0000e+00 -0.0000e+00 -0.0000e+00 -0.0000e+00 -0.0000e+00 -2.0975e-10 -1.1877e-09 -3.2782e-09 -6.7446e-09 -1.1817e-08 -1.8707e-08 0.0000e+00 -3.8751e-08 -5.2306e-08 -6.8490e-08 -8.7512e-08 -1.0959e-07 -1.3496e-07 -1.6386e-07 -1.9653e-07 -2.3326e-07 -2.7432e-07 -3.2000e-07 -3.7061e-07 -4.2647e-07 -4.8790e-07 -5.5522e-07 -6.2874e-07 -7.0877e-07 -7.9556e-07 -8.8932e-07 -9.9016e-07 -1.0981e-06 -1.2129e-06 -1.3343e-06 -1.4614e-06 -1.5933e-06 -1.7284e-06 -1.8645e-06 -1.9987e-06 -2.1273e-06 -2.2456e-06 -2.3479e-06 -2.4275e-06 -2.4771e-06 -2.4887e-06 -2.4548e-06 -2.3689e-06 -2.2270e-06 -2.0293e-06 -1.7813e-06 -1.4950e-06 -1.1888e-06 -8.8585e-07 -6.1031e-07 -3.8244e-07 -2.1364e-07 -1.0380e-07 -4.2563e-08 -1.4188e-08 -3.6713e-09 -6.9635e-10 -9.0137e-11 -7.2816e-12 -3.2811e-13 -7.1575e-15 -6.3162e-17 -1.7938e-19 -1.2232e-22 -1.3739e-26 -1.5595e-31 -9.4679e-38 -1.3341e-45 -1.4477e-55 -2.7854e-68 -1.3236e-84 -1.0771e-105 -3.9133e-133 -4.1359e-169 -1.1338e-216 -3.9983e-280 -0.0000e+00 -0.0000e+00 -0.0000e+00 -0.0000e+00 -0.0000e+00 -0.0000e+00 -0.0000e+00 -0.0000e+00 -0.0000e+00 -0.0000e+00 -0.0000e+00 -0.0000e+00 -0.0000e+00 -0.0000e+00 -0.0000e+00 -0.0000e+00 -0.0000e+00 -0.0000e+00 -0.0000e+00 -0.0000e+00 -0.0000e+00 -0.0000e+00 -0.0000e+00 -0.0000e+00
-2.9430e-10 -1.6664e-09 -4.5996e-09 -9.4634e-09 -1.6580e-08 -2.6247e-08 -3.8751e-08 1.2870e-06 -7.3391e-08 -9.6098e-08 -1.2279e-07 -1.5377e-07 -1.8936e-07 -2.2991e-07 -2.7576e-07 -3.2729e-07 -3.8490e-07 -4.4899e-07 -5.2001e-07 -5.9838e-07 -6.8457e-07 -7.7903e-07 -8.8219e-07 -9.9448e-07 -1.1163e-06 -1.2478e-06 -1.3893e-06 -1.5407e-06 -1.7019e-06 -1.8721e-06 -2.0506e-06 -2.2356e-06 -2.4252e-06 -2.6161e-06 -2.8044e-06 -2.9849e-06 -3.1508e-06 -3.2943e-06 -3.4061e-06 -3.4757e-06 -3.4920e-06 -3.4444e-06 -3.3238e-06 -3.1248e-06 -2.8474e-06 -2.4994e-06 -2.0977e-06 -1.6681e-06 -1.2430e-06 -8.5636e-07 -5.3662e-07 -2.9977e-07 -1.4566e-07 -5.9725e-08 -1.9909e-08 -5.1518e-09 -9.7719e-10 -1.2649e-10 -1.0219e-11 -4.6050e-13 -1.0046e-14 -8.8658e-17 -2.5181e-19 -1.7174e-22 -1.9291e-26 -2.1901e-31 -1.3299e-37 -1.8744e-45 -2.0347e-55 -3.9166e-68 -1.8622e-84 -1.5164e-105 -5.5145e-133 -5.8354e-169 -1.6022e-216 -5.6622e-280 -0.0000e+00 -0.0000e+00 -0.0000e+00 -0.0000e+00 -0.0000e+00 -0.0000e+00 -0.0000e+00 -0.0000e+00 -0.0000e+00 -0.0000e+00 -0.0000e+00 -0.0000e+00 -0.0000e+00 -0.0000e+00 -0.0000e+00 -0.0000e+00 -0.0000e+00 -0.0000e+00 -0.0000e+00 -0.0000e+00 -0.0000e+00 -0.0000e+00 -0.0000e+00 -0.0000e+00 -2.9430e-10 -1.6664e-09 -4.5996e-09 -9.4634e-09 -1.6580e-08 -2.6247e-08 -3.8751e-08 0.0000e+00 -7.3391e-08 -9.6098e-08 -1.2279e-07 -1.5377e-07 -1.8936e-07 -2.2991e-07 -2.7576e-07 -3.2729e-07 -3.8490e-07 -4.4899e-07 -5.2001e-07 -5.9838e-07 -6.8457e-07 -7.7903e-07 -8.8219e-07 -9.9448e-07 -1.1163e-06 -1.2478e-06 -1.3893e-06 -1.5407e-06 -1.7019e-06 -1.8721e-06 -2.0505e-06 -2.2356e-06 -2.4252e-06 -2.6161e-06 -2.8044e-06 -2.9848e-06 -3.1508e-06 -3.2943e-06 -3.4061e-06 -3.4756e-06 -3.4920e-06 -3.4443e-06 -3.3238e-06 -3.1248e-06 -2.8474e-06 -2.4994e-06 -2.0977e-06 -1.6680e-06 -1.2429e-06 -8.5633e-07 -5.3660e-07 -2.9976e-07 -1.4565e-07 -5.9721e-08 -1.9908e-08 -5.1513e-09 -9.7708e-10 -1.2648e-10 -1.0217e-11 -4.6040e-13 -1.0043e-14 -8.8631e-17 -2.5171e-19 -1.7166e-22 -1.9280e-26 -2.1885e-31 -1.3288e-37 -1.8724e-45 -2.0320e-55 -3.9101e-68 -1.8583e-84 -1.5124e-105 -5.4959e-133 -5.8101e-169 -1.5933e-216 -5.6213e-280 -0.0000e+00 -0.0000e+00 -0.0000e+00 -0.0000e+00 -0.0000e+00 -0.0000e+00 -0.0000e+00 -0.0000e+00 -0.0000e+00 -0.0000e+00 -0.0000e+00 -0.0000e+00 -0.0000e+00 -0.0000e+00 -0.0000e+00 -0.0000e+00 -0.0000e+00 -0.0000e+00 -0.0000e+00 -0.0000e+00 -0.0000e+00 -0.0000e+00 -0.0000e+00 -0.0000e+00
-3.9726e-10 -2.2494e-09 -6.2086e-09 -1.2774e-08 -2.2380e-08 -3.5429e-08 -5.2306e-08 -7.3391e-08 2.6308e-06 -1.2971e-07 -1.6574e-07 -2.0756e-07 -2.5560e-07 -3.1033e-07 -3.7222e-07 -4.4178e-07 -5.1954e-07 -6.0606e-07 -7.0191e-07 -8.0771e-07 -9.2405e-07 -1.0515e-06 -1.1908e-06 -1.3424e-06 -1.5067e-06 -1.6843e-06 -1.8753e-06 -2.0797e-06 -2.2972e-06 -2.5270e-06 -2.7679e-06 -3.0177e-06 -3.2735e-06 -3.5313e-06 -3.7855e-06 -4.0290e-06 -4.2530e-06 -4.4468e-06 -4.5976e-06 -4.6915e-06 -4.7136e-06 -4.6493e-06 -4.4866e-06 -4.2180e-06 -3.8435e-06 -3.3738e-06 -2.8316e-06 -2.2517e-06 -1.6779e-06 -1.1560e-06 -7.2439e-07 -4.0467e-07 -1.9663e-07 -8.0626e-08 -2.6877e-08 -6.9551e-09 -1.3193e-09 -1.7078e-10 -1.3798e-11 -6.2179e-13 -1.3566e-14 -1.1973e-16 -3.4009e-19 -2.3198e-22 -2.6062e-26 -2.9594e-31 -1.7976e-37 -2.5344e-45 -2.7522e-55 -5.3006e-68 -2.5219e-84 -2.0554e-105 -7.4831e-133 -7.9302e-169 -2.1816e-216 -7.7298e-280 -0.0000e+00 -0.0000e+00 -0.0000e+00 -0.0000e+00 -0.0000e+00 -0.0000e+00 -0.0000e+00 -0.0000e+00 -0.0000e+00 -0.0000e+00 -0.0000e+00 -0.0000e+00 -0.0000e+00 -0.0000e+00 -0.0000e+00 -0.0000e+00 -0.0000e+00 -0.0000e+00 -0.0000e+00 -0.0000e+00 -0.0000e+00 -0.0000e+00 -0.0000e+00 -0.0000e+00 -3.9726e-10 -2.2494e-09 -6.2086e-09 -1.2774e-08 -2.2380e-08 -3.5429e-08 -5.2306e-08 -7.3391e-08 0.0000e+00 -1.2971e-07 -1.6574e-07 -2.0756e-07 -2.5560e-07 -3.1033e-07 -3.7222e-07 -4.4178e-07 -5.1954e-07 -6.0606e-07 -7.0191e-07 -8.0771e-07 -9.2405e-07 -1.0515e-06 -1.1908e-06 -1.3424e-06 -1.5067e-06 -1.6843e-06 -1.8753e-06 -2.0797e-06 -2.2972e-06 -2.5270e-06 -2.7679e-06 -3.0177e-06 -3.2735e-06 -3.5313e-06 -3.7855e-06 -4.0290e-06 -4.2530e-06 -4.4467e-06 -4.5976e-06 -4.6915e-06 -4.7135e-06 -4.6492e-06 -4.4865e-06 -4.2179e-06 -3.8434e-06 -3.3737e-06 -2.8315e-06 -2.2516e-06 -1.6778e-06 -1.1559e-06 -7.2433e-07 -4.0463e-07 -1.9661e-07 -8.0615e-08 -2.6873e-08 -6.9537e-09 -1.3190e-09 -1.7073e-10 -1.3793e-11 -6.2153e-13 -1.3559e-14 -1.1965e-16 -3.3983e-19 -2.3176e-22 -2.6032e-26 -2.9552e-31 -1.7944e-37 -2.5288e-45 -2.7447e-55 -5.2825e-68 -2.5111e-84 -2.0443e-105 -7.4316e-133 -7.8604e-169 -2.1569e-216 -7.6166e-280 -0.0000e+00 -0.0000e+00 -0.0000e+00 -0.0000e+00 -0.0000e+00 -0.0000e+00 -0.0000e+00 -0.0000e+00 -0.0000e+00 -0.0000e+00 -0.0000e+00 -0.0000e+00 -0.0000e+00 -0.0000e+00 -0.0000e+00 -0.0000e+00 -0.0000e+00 -0.0000e+00 -0.0000e+00 -0.0000e+00 -0.0000e+00 -0.0000e+00 -0.0000e+00 -0.0000e+00
-5.2017e-10 -2.9453e-09 -8.1295e-09 -1.6726e-08 -2.9304e-08 -4.6391e-08 -6.8490e-08 -9.6098e-08 -1.2971e-07 4.9965e-06 -2.1702e-07 -2.7178e-07 -3.3469e-07 -4.0635e-07 -4.8738e-07 -5.7847e-07 -6.8028e-07 -7.9357e-07 -9.1908e-07 -1.0576e-06 -1.2099e-06 -1.3769e-06 -1.5592e-06 -1.7577e-06 -1.9729e-06 -2.2054e-06 -2.4555e-06 -2.7231e-06 -3.0079e-06 -3.3089e-06 -3.6242e-06 -3.9514e-06 -4.2864e-06 -4.6239e-06 -4.9567e-06 -5.2756e-06 -5.5689e-06 -5.8226e-06 -6.0202e-06 -6.1431e-06 -6.1720e-06 -6.0879e-06 -5.8749e-06 -5.5231e-06 -5.0329e-06 -4.4179e-06 -3.7078e-06 -2.9485e-06 -2.1971e-06 -1.5138e-06 -9.4861e-07 -5.2993e-07 -2.5750e-07 -1.0559e-07 -3.5200e-08 -9.1094e-09 -1.7280e-09 -2.2371e-10 -1.8075e-11 -8.1464e-13 -1.7775e-14 -1.5691e-16 -4.4578e-19 -3.0414e-22 -3.4179e-26 -3.8825e-31 -2.3593e-37 -3.3283e-45 -3.6170e-55 -6.9725e-68 -3.3213e-84 -2.7111e-105 -9.8897e-133 -1.0507e-168 -2.9004e-216 -1.0323e-279 -0.0000e+00 -0.0000e+00 -0.0000e+00 -0.0000e+00 -0.0000e+00 -0.0000e+00 -0.0000e+00 -0.0000e+00 -0.0000e+00 -0.0000e+00 -0.0000e+00 -0.0000e+00 -0.0000e+00 -0.0000e+00 -0.0000e+00 -0.0000e+00 -0.0000e+00 -0.0000e+00 -0.0000e+00 -0.0000e+00 -0.0000e+00 -0.0000e+00 -0.0000e+00 -0.0000e+00 -5.2017e-10 -2.9453e-09 -8.1295e-09 -1.6726e-08 -2.9304e-08 -4.6391e-08 -6.8490e-08 -9.6098e-08 -1.2971e-07 0.0000e+00 -2.1702e-07 -2.7178e-07 -3.3469e-07 -4.0635e-07 -4.8738e-07 -5.7847e-07 -6.8028e-07 -7.9357e-07 -9.1908e-07 -1.0576e-06 -1.2099e-06 -1.3769e-06 -1.5592e-06 -1.7577e-06 -1.9729e-06 -2.2054e-06 -2.4555e-06 -2.7231e-06 -3.0079e-06 -3.3089e-06 -3.6242e-06 -3.9514e-06 -4.2864e-06 -4.6239e-06 -4.9567e-06 -5.2756e-06 -5.5689e-06 -5.8226e-06 -6.0201e-06 -6.1430e-06 -6.1719e-06 -6.0877e-06 -5.8747e-06 -5.5229e-06 -5.0326e-06 -4.4176e-06 -3.7076e-06 -2.9482e-06 -2.1969e-06 -1.5136e-06 -9.4847e-07 -5.2984e-07 -2.5745e-07 -1.0556e-07 -3.5189e-08 -9.1059e-09 -1.7272e-09 -2.2359e-10 -1.8063e-11 -8.1398e-13 -1.7758e-14 -1.5672e-16 -4.4513e-19 -3.0359e-22 -3.4103e-26 -3.8720e-31 -2.3514e-37 -3.3145e-45 -3.5983e-55 -6.9275e-68 -3.2944e-84 -2.6834e-105 -9.7613e-133 -1.0334e-168 -2.8388e-216 -1.0040e-279 -0.0000e+00 -0.0000e+00 -0.0000e+00 -0.0000e+00 -0.0000e+00 -0.0000e+00 -0.0000e+00 -0.0000e+00 -0.0000e+00 -0.0000e+00 -0.0000e+00 -0.0000e+00 -0.0000e+00 -0.0000e+00 -0.0000e+00 -0.0000e+00 -0.0000e+00 -0.0000e+00 -0.0000e+00 -0.0000e+00 -0.0000e+00 -0.0000e+00 -0.0000e+00 -0.0000e+00
-6.6463e-10 -3.7634e-09 -1.0387e-08 -2.1371e-08 -3.7443e-08 -5.9275e-08 -8.7512e-08 -1.2279e-07 -1.6574e-07 -2.1702e-07 8.9432e-06 -3.4726e-07 -4.2764e-07 -5.1920e-07 -6.2275e-07 -7.3913e-07 -8.6922e-07 -1.0140e-06 -1.1743e-06 -1.3513e-06 -1.5460e-06 -1.7593e-06 -1.9923e-06 -2.2459e-06 -2.5209e-06 -2.8180e-06 -3.1375e-06 -3.4795e-06 -3.8433e-06 -4.2279e-06 -4.6308e-06 -5.0488e-06 -5.4769e-06 -5.9081e-06 -6.3334e-06 -6.7409e-06 -7.1157e-06 -7.4399e-06 -7.6923e-06 -7.8495e-06 -7.8864e-06 -7.7790e-06 -7.5068e-06 -7.0574e-06 -6.4311e-06 -5.6452e-06 -4.7380e-06 -3.7678e-06 -2.8077e-06 -1.9345e-06 -1.2123e-06 -6.7726e-07 -3.2910e-07 -1.3496e-07 -4.4993e-08 -1.1645e-08 -2.2091e-09 -2.8603e-10 -2.3113e-11 -1.0419e-12 -2.2738e-14 -2.0077e-16 -5.7058e-19 -3.8943e-22 -4.3785e-26 -4.9768e-31 -3.0266e-37 -4.2736e-45 -4.6500e-55 -8.9775e-68 -4.2847e-84 -3.5063e-105 -1.2832e-132 -1.3691e-168 -3.8001e-216 -1.3623e-279 -0.0000e+00 -0.0000e+00 -0.0000e+00 -0.0000e+00 -0.0000e+00 -0.0000e+00 -0.0000e+00 -0.0000e+00 -0.0000e+00 -0.0000e+00 -0.0000e+00 -0.0000e+00 -0.0000e+00 -0.0000e+00 -0.0000e+00 -0.0000e+00 -0.0000e+00 -0.0000e+00 -0.0000e+00 -0.0000e+00 -0.0000e+00 -0.0000e+00 -0.0000e+00 -0.0000e+00 -6.6463e-10 -3.7634e-09 -1.0387e-08 -2.1371e-08 -3.7443e-08 -5.9275e-08 -8.7512e-08 -1.2279e-07 -1.6574e-07 -2.1702e-07 0.0000e+00 -3.4726e-07 -4.2764e-07 -5.1920e-07 -6.2275e-07 -7.3913e-07 -8.6922e-07 -1.0140e-06 -1.1743e-06 -1.3513e-06 -1.5460e-06 -1.7593e-06 -1.9923e-06 -2.2459e-06 -2.5209e-06 -2.8180e-06 -3.1375e-06 -3.4795e-06 -3.8433e-06 -4.2278e-06 -4.6308e-06 -5.0488e-06 -5.4768e-06 -5.9081e-06 -6.3333e-06 -6.7408e-06 -7.1156e-06 -7.4397e-06 -7.6921e-06 -7.8492e-06 -7.8861e-06 -7.7786e-06 -7.5064e-06 -7.0569e-06 -6.4305e-06 -5.6447e-06 -4.7374e-06 -3.7672e-06 -2.8072e-06 -1.9341e-06 -1.2120e-06 -6.7704e-07 -3.2898e-07 -1.3490e-07 -4.4968e-08 -1.1637e-08 -2.2073e-09 -2.8575e-10 -2.3086e-11 -1.0404e-12 -2.2699e-14 -2.0034e-16 -5.6909e-19 -3.8819e-22 -4.3613e-26 -4.9527e-31 -3.0085e-37 -4.2420e-45 -4.6072e-55 -8.8743e-68 -4.2229e-84 -3.4427e-105 -1.2537e-132 -1.3291e-168 -3.6584e-216 -1.2972e-279 -0.0000e+00 -0.0000e+00 -0.0000e+00 -0.0000e+00 -0.0000e+00 -0.0000e+00 -0.0000e+00 -0.0000e+00 -0.0000e+00 -0.0000e+00 -0.0000e+00 -0.0000e+00 -0.0000e+00 -0.0000e+00 -0.0000e+00 -0.0000e+00 -0.0000e+00 -0.0000e+00 -0.0000e+00 -0.0000e+00 -0.0000e+00 -0.0000e+00 -0.0000e+00 -0.0000e+00
-8.3233e-10 -4.7129e-09 -1.3008e-08 -2.6764e-08 -4.6891e-08 -7.4231e-08 -1.0959e-07 -1.5377e-07 -2.0756e-07 -2.7178e-07 -3.4726e-07 1.5245e-05 -5.3554e-07 -6.5020e-07 -7.7987e-07 -9.2561e-07 -1.0885e-06 -1.2698e-06 -1.4706e-06 -1.6923e-06 -1.9361e-06 -2.2032e-06 -2.4950e-06 -2.8125e-06 -3.1569e-06 -3.5290e-06 -3.9291e-06 -4.3574e-06 -4.8131e-06 -5.2946e-06 -5.7993e-06 -6.3227e-06 -6.8588e-06 -7.3989e-06 -7.9315e-06 -8.4418e-06 -8.9113e-06 -9.3173e-06 -9.6335e-06 -9.8303e-06 -9.8766e-06 -9.7422e-06 -9.4014e-06 -8.8388e-06 -8.0544e-06 -7.0704e-06 -5.9342e-06 -4.7192e-06 -3.5168e-06 -2.4231e-06 -1.5186e-06 -8.4842e-07 -4.1230e-07 -1.6909e-07 -5.6379e-08 -1.4593e-08 -2.7689e-09 -3.5857e-10 -2.8982e-11 -1.3068e-12 -2.8529e-14 -2.5200e-16 -7.1652e-19 -4.8934e-22 -5.5061e-26 -6.2644e-31 -3.8142e-37 -5.3939e-45 -5.8801e-55 -1.1380e-67 -5.4480e-84 -4.4759e-105 -1.6463e-132 -1.7681e-168 -4.9494e-216 -1.7940e-279 -0.0000e+00 -0.0000e+00 -0.0000e+00 -0.0000e+00 -0.0000e+00 -0.0000e+00 -0.0000e+00 -0.0000e+00 -0.0000e+00 -0.0000e+00 -0.0000e+00 -0.0000e+00 -0.0000e+00 -0.0000e+00 -0.0000e+00 -0.0000e+00 -0.0000e+00 -0.0000e+00 -0.0000e+00 -0.0000e+00 -0.0000e+00 -0.0000e+00 -0.0000e+00 -0.0000e+00 -8.3233e-10 -4.7129e-09 -1.3008e-08 -2.6764e-08 -4.6891e-08 -7.4231e-08 -1.0959e-07 -1.5377e-07 -2.0756e-07 -2.7178e-07 -3.4726e-07 0.0000e+00 -5.3554e-07 -6.5020e-07 -7.7987e-07 -9.2561e-07 -1.0885e-06 -1.2698e-06 -1.4706e-06 -1.6923e-06 -1.9360e-06 -2.2032e-06 -2.4949e-06 -2.8125e-06 -3.1569e-06 -3.5290e-06 -3.9291e-06 -4.3574e-06 -4.8130e-06 -5.2946e-06 -5.7992e-06 -6.3227e-06 -6.8587e-06 -7.3988e-06 -7.9313e-06 -8.4416e-06 -8.9110e-06 -9.3169e-06 -9.6330e-06 -9.8298e-06 -9.8760e-06 -9.7414e-06 -9.4005e-06 -8.8377e-06 -8.0532e-06 -7.0691e-06 -5.9330e-06 -4.7179e-06 -3.5157e-06 -2.4222e-06 -1.5179e-06 -8.4796e-07 -4.1204e-07 -1.6896e-07 -5.6325e-08 -1.4576e-08 -2.7650e-09 -3.5797e-10 -2.8923e-11 -1.3036e-12 -2.8443e-14 -2.5108e-16 -7.1333e-19 -4.8668e-22 -5.4693e-26 -6.2129e-31 -3.7756e-37 -5.3263e-45 -5.7885e-55 -1.1159e-67 -5.3157e-84 -4.3394e-105 -1.5831e-132 -1.6822e-168 -4.6443e-216 -1.6533e-279 -0.0000e+00 -0.0000e+00 -0.0000e+00 -0.0000e+00 -0.0000e+00 -0.0000e+00 -0.0000e+00 -0.0000e+00 -0.0000e+00 -0.0000e+00 -0.0000e+00 -0.0000e+00 -0.0000e+00 -0.0000e+00 -0.0000e+00 -0.0000e+00 -0.0000e+00 -0.0000e+00 -0.0000e+00 -0.0000e+00 -0.0000e+00 -0.0000e+00 -0.0000e+00 -0.0000e+00
-1.0250e-09 -5.8038e-09 -1.6019e-08 -3.2959e-08 -5.7744e-08 -9.1413e-08 -1.3496e-07 -1.8936e-07 -2.5560e-07 -3.3469e-07 -4.2764e-07 -5.3554e-07 2.4949e-05 -8.0071e-07 -9.6040e-07 -1.1399e-06 -1.3405e-06 -1.5637e-06 -1.8111e-06 -2.0840e-06 -2.3842e-06 -2.7132e-06 -3.0725e-06 -3.4635e-06 -3.8877e-06 -4.3458e-06 -4.8386e-06 -5.3660e-06 -5.9272e-06 -6.5202e-06 -7.1417e-06 -7.7864e-06 -8.4466e-06 -9.1117e-06 -9.7676e-06 -1.0396e-05 -1.0974e-05 -1.1474e-05 -1.1864e-05 -1.2106e-05 -1.2164e-05 -1.1998e-05 -1.1579e-05 -1.0886e-05 -9.9202e-06 -8.7084e-06 -7.3093e-06 -5.8129e-06 -4.3321e-06 -2.9851e-06 -1.8709e-06 -1.0453e-06 -5.0806e-07 -2.0839e-07 -6.9492e-08 -1.7990e-08 -3.4143e-09 -4.4227e-10 -3.5759e-11 -1.6130e-12 -3.5233e-14 -3.1141e-16 -8.8612e-19 -6.0575e-22 -6.8239e-26 -7.7751e-31 -4.7427e-37 -6.7224e-45 -7.3496e-55 -1.4276e-67 -6.8662e-84 -5.6744e-105 -2.1030e-132 -2.2805e-168 -6.4633e-216 -2.3804e-279 -0.0000e+00 -0.0000e+00 -0.0000e+00 -0.0000e+00 -0.0000e+00 -0.0000e+00 -0.0000e+00 -0.0000e+00 -0.0000e+00 -0.0000e+00 -0.0000e+00 -0.0000e+00 -0.0000e+00 -0.0000e+00 -0.0000e+00 -0.0000e+00 -0.0000e+00 -0.0000e+00 -0.0000e+00 -0.0000e+00 -0.0000e+00 -0.0000e+00 -0.0000e+00 -0.0000e+00 -1.0250e-09 -5.8038e-09 -1.6019e-08 -3.2959e-08 -5.7744e-08 -9.1413e-08 -1.3496e-07 -1.8936e-07 -2.5560e-07 -3.3469e-07 -4.2764e-07 -5.3554e-07 0.0000e+00 -8.0071e-07 -9.6040e-07 -1.1399e-06 -1.3405e-06 -1.5637e-06 -1.8111e-06 -2.0840e-06 -2.3842e-06 -2.7132e-06 -3.0725e-06 -3.4635e-06 -3.8877e-06 -4.3458e-06 -4.8386e-06 -5.3660e-06 -5.9272e-06 -6.5202e-06 -7.1416e-06 -7.7862e-06 -8.4464e-06 -9.1114e-06 -9.7673e-06 -1.0396e-05 -1.0974e-05 -1.1474e-05 -1.1863e-05 -1.2105e-05 -1.2162e-05 -1.1997e-05 -1.1577e-05 -1.0884e-05 -9.9178e-06 -8.7059e-06 -7.3068e-06 -5.8105e-06 -4.3299e-06 -2.9833e-06 -1.8695e-06 -1.0444e-06 -5.0752e-07 -2.0812e-07 -6.9384e-08 -1.7957e-08 -3.4066e-09 -4.4106e-10 -3.5641e-11 -1.6065e-12 -3.5061e-14 -3.0956e-16 -8.7970e-19 -6.0038e-22 -6.7497e-26 -7.6713e-31 -4.6647e-37 -6.5857e-45 -7.1643e-55 -1.3829e-67 -6.5982e-84 -5.3975e-105 -1.9744e-132 -2.1054e-168 -5.8397e-216 -2.0917e-279 -0.0000e+00 -0.0000e+00 -0.0000e+00 -0.0000e+00 -0.0000e+00 -0.0000e+00 -0.0000e+00 -0.0000e+00 -0.0000e+00 -0.0000e+00 -0.0000e+00 -0.0000e+00 -0.0000e+00 -0.0000e+00 -0.0000e+00 -0.0000e+00 -0.0000e+00 -0.0000e+00 -0.0000e+00 -0.0000e+00 -0.0000e+00 -0.0000e+00 -0.0000e+00 -0.0000e+00
-1.2445e-09 -7.0465e-09 -1.9449e-08 -4.0016e-08 -7.0108e-08 -1.1099e-07 -1.6386e-07 -2.2991e-07 -3.1033e-07 -4.0635e-07 -5.1920e-07 -6.5020e-07 -8.0071e-07 3.9441e-05 -1.1660e-06 -1.3839e-06 -1.6275e-06 -1.8985e-06 -2.1988e-06 -2.5302e-06 -2.8947e-06 -3.2941e-06 -3.7303e-06 -4.2051e-06 -4.7201e-06 -5.2763e-06 -5.8747e-06 -6.5150e-06 -7.1963e-06 -7.9164e-06 -8.6709e-06 -9.4536e-06 -1.0255e-05 -1.1063e-05 -1.1859e-05 -1.2622e-05 -1.3325e-05 -1.3932e-05 -1.4405e-05 -1.4700e-05 -1.4769e-05 -1.4569e-05 -1.4060e-05 -1.3219e-05 -1.2047e-05 -1.0576e-05 -8.8770e-06 -7.0601e-06 -5.2620e-06 -3.6261e-06 -2.2729e-06 -1.2701e-06 -6.1741e-07 -2.5329e-07 -8.4484e-08 -2.1878e-08 -4.1535e-09 -5.3824e-10 -4.3541e-11 -1.9653e-12 -4.2959e-14 -3.8005e-16 -1.0827e-18 -7.4115e-22 -8.3638e-26 -9.5503e-31 -5.8413e-37 -8.3075e-45 -9.1210e-55 -1.7811e-67 -8.6243e-84 -7.1880e-105 -2.6927e-132 -2.9599e-168 -8.5342e-216 -3.2120e-279 -0.0000e+00 -0.0000e+00 -0.0000e+00 -0.0000e+00 -0.0000e+00 -0.0000e+00 -0.0000e+00 -0.0000e+00 -0.0000e+00 -0.0000e+00 -0.0000e+00 -0.0000e+00 -0.0000e+00 -0.0000e+00 -0.0000e+00 -0.0000e+00 -0.0000e+00 -0.0000e+00 -0.0000e+00 -0.0000e+00 -0.0000e+00 -0.0000e+00 -0.0000e+00 -0.0000e+00 -1.2445e-09 -7.0465e-09 -1.9449e-08 -4.0016e-08 -7.0108e-08 -1.1099e-07 -1.6386e-07 -2.2991e-07 -3.1033e-07 -4.0635e-07 -5.1920e-07 -6.5020e-07 -8.0071e-07 0.0000e+00 -1.1660e-06 -1.3839e-06 -1.6275e-06 -1.8985e-06 -2.1988e-06 -2.5302e-06 -2.8947e-06 -3.2941e-06 -3.7303e-06 -4.2051e-06 -4.7201e-06 -5.2763e-06 -5.8746e-06 -6.5149e-06 -7.1962e-06 -7.9162e-06 -8.6707e-06 -9.4534e-06 -1.0255e-05 -1.1062e-05 -1.1859e-05 -1.2622e-05 -1.3324e-05 -1.3931e-05 -1.4403e-05 -1.4698e-05 -1.4767e-05 -1.4566e-05 -1.4056e-05 -1.3215e-05 -1.2042e-05 -1.0571e-05 -8.8722e-06 -7.0554e-06 -5.2578e-06 -3.6227e-06 -2.2703e-06 -1.2684e-06 -6.1637e-07 -2.5278e-07 -8.4278e-08 -2.1813e-08 -4.1387e-09 -5.3592e-10 -4.3313e-11 -1.9528e-12 -4.2628e-14 -3.7649e-16 -1.0703e-18 -7.3082e-22 -8.2211e-26 -9.3504e-31 -5.6910e-37 -8.0441e-45 -8.7638e-55 -1.6948e-67 -8.1058e-84 -6.6513e-105 -2.4428e-132 -2.6185e-168 -7.3123e-216 -2.6427e-279 -0.0000e+00 -0.0000e+00 -0.0000e+00 -0.0000e+00 -0.0000e+00 -0.0000e+00 -0.0000e+00 -0.0000e+00 -0.0000e+00 -0.0000e+00 -0.0000e+00 -0.0000e+00 -0.0000e+00 -0.0000e+00 -0.0000e+00 -0.0000e+00 -0.0000e+00 -0.0000e+00 -0.0000e+00 -0.0000e+00 -0.0000e+00 -0.0000e+00 -0.0000e+00 -0.0000e+00
-1.4926e-09 -8.4518e-09 -2.3328e-08 -4.7996e-08 -8.4090e-08 -1.3312e-07 -1.9653e-07 -2.7576e-07 -3.7222e-07 -4.8738e-07 -6.2275e-07 -7.7987e-07 -9.6040e-07 -1.1660e-06 6.0530e-05 -1.6599e-06 -1.9521e-06 -2.2772e-06 -2.6373e-06 -3.0348e-06 -3.4720e-06 -3.9510e-06 -4.4743e-06 -5.0438e-06 -5.6614e-06 -6.3287e-06 -7.0463e-06 -7.8144e-06 -8.6316e-06 -9.4953e-06 -1.0400e-05 -1.1339e-05 -1.2301e-05 -1.3270e-05 -1.4225e-05 -1.5141e-05 -1.5983e-05 -1.6712e-05 -1.7279e-05 -1.7633e-05 -1.7717e-05 -1.7477e-05 -1.6867e-05 -1.5859e-05 -1.4454e-05 -1.2689e-05 -1.0652e-05 -8.4726e-06 -6.3154e-06 -4.3527e-06 -2.7287e-06 -1.5252e-06 -7.4154e-07 -3.0430e-07 -1.0153e-07 -2.6303e-08 -4.9961e-09 -6.4783e-10 -5.2444e-11 -2.3692e-12 -5.1845e-14 -4.5927e-16 -1.3105e-18 -8.9895e-22 -1.0170e-25 -1.1649e-30 -7.1523e-37 -1.0221e-44 -1.1289e-54 -2.2210e-67 -1.0855e-83 -9.1535e-105 -3.4794e-132 -3.8948e-168 -1.1486e-215 -4.4454e-279 -0.0000e+00 -0.0000e+00 -0.0000e+00 -0.0000e+00 -0.0000e+00 -0.0000e+00 -0.0000e+00 -0.0000e+00 -0.0000e+00 -0.0000e+00 -0.0000e+00 -0.0000e+00 -0.0000e+00 -0.0000e+00 -0.0000e+00 -0.0000e+00 -0.0000e+00 -0.0000e+00 -0.0000e+00 -0.0000e+00 -0.0000e+00 -0.0000e+00 -0.0000e+00 -0.0000e+00 -1.4926e-09 -8.4518e-09 -2.3328e-08 -4.7996e-08 -8.4090e-08 -1.3312e-07 -1.9653e-07 -2.7576e-07 -3.7222e-07 -4.8738e-07 -6.2275e-07 -7.7987e-07 -9.6040e-07 -1.1660e-06 0.0000e+00 -1.6599e-06 -1.9521e-06 -2.2772e-06 -2.6373e-06 -3.0348e-06 -3.4720e-06 -3.9510e-06 -4.4743e-06 -5.0438e-06 -5.6614e-06 -6.3286e-06 -7.0462e-06 -7.8142e-06 -8.6314e-06 -9.4950e-06 -1.0400e-05 -1.1339e-05 -1.2300e-05 -1.3269e-05 -1.4224e-05 -1.5139e-05 -1.5981e-05 -1.6709e-05 -1.7276e-05 -1.7629e-05 -1.7713e-05 -1.7472e-05 -1.6861e-05 -1.5852e-05 -1.4445e-05 -1.2681e-05 -1.0643e-05 -8.4640e-06 -6.3077e-06 -4.3462e-06 -2.7239e-06 -1.5219e-06 -7.3963e-07 -3.0335e-07 -1.0115e-07 -2.6184e-08 -4.9688e-09 -6.4355e-10 -5.2025e-11 -2.3463e-12 -5.1236e-14 -4.5271e-16 -1.2877e-18 -8.7989e-22 -9.9065e-26 -1.1279e-30 -6.8743e-37 -9.7331e-45 -1.0627e-54 -2.0606e-67 -9.8896e-84 -8.1512e-105 -3.0108e-132 -3.2514e-168 -9.1684e-216 -3.3559e-279 -0.0000e+00 -0.0000e+00 -0.0000e+00 -0.0000e+00 -0.0000e+00 -0.0000e+00 -0.0000e+00 -0.0000e+00 -0.0000e+00 -0.0000e+00 -0.0000e+00 -0.0000e+00 -0.0000e+00 -0.0000e+00 -0.0000e+00 -0.0000e+00 -0.0000e+00 -0.0000e+00 -0.0000e+00 -0.0000e+00 -0.0000e+00 -0.0000e+00 -0.0000e+00 -0.0000e+00
-1.7716e-09 -1.0031e-08 -2.7687e-08 -5.6966e-08 -9.9804e-08 -1.5800e-07 -2.3326e-07 -3.2729e-07 -4.4178e-07 -5.7847e-07 -7.3913e-07 -9.2561e-07 -1.1399e-06 -1.3839e-06 -1.6599e-06 9.0539e-05 -2.3169e-06 -2.7027e-06 -3.1302e-06 -3.6020e-06 -4.1208e-06 -4.6894e-06 -5.3104e-06 -5.9864e-06 -6.7195e-06 -7.5114e-06 -8.3632e-06 -9.2748e-06 -1.0245e-05 -1.1270e-05 -1.2344e-05 -1.3459e-05 -1.4600e-05 -1.5750e-05 -1.6884e-05 -1.7971e-05 -1.8971e-05 -1.9837e-05 -2.0511e-05 -2.0932e-05 -2.1033e-05 -2.0748e-05 -2.0025e-05 -1.8830e-05 -1.7162e-05 -1.5069e-05 -1.2651e-05 -1.0064e-05 -7.5024e-06 -5.1717e-06 -3.2429e-06 -1.8130e-06 -8.8181e-07 -3.6200e-07 -1.2084e-07 -3.1324e-08 -5.9539e-09 -7.7267e-10 -6.2615e-11 -2.8323e-12 -6.2073e-14 -5.5092e-16 -1.5757e-18 -1.0839e-21 -1.2305e-25 -1.4155e-30 -8.7378e-37 -1.2569e-44 -1.3997e-54 -2.7816e-67 -1.3766e-83 -1.1789e-104 -4.5668e-132 -5.2321e-168 -1.5872e-215 -6.3555e-279 -0.0000e+00 -0.0000e+00 -0.0000e+00 -0.0000e+00 -0.0000e+00 -0.0000e+00 -0.0000e+00 -0.0000e+00 -0.0000e+00 -0.0000e+00 -0.0000e+00 -0.0000e+00 -0.0000e+00 -0.0000e+00 -0.0000e+00 -0.0000e+00 -0.0000e+00 -0.0000e+00 -0.0000e+00 -0.0000e+00 -0.0000e+00 -0.0000e+00 -0.0000e+00 -0.0000e+00 -1.7716e-09 -1.0031e-08 -2.7687e-08 -5.6966e-08 -9.9804e-08 -1.5800e-07 -2.3326e-07 -3.2729e-07 -4.4178e-07 -5.7847e-07 -7.3913e-07 -9.2561e-07 -1.1399e-06 -1.3839e-06 -1.6599e-06 0.0000e+00 -2.3169e-06 -2.7027e-06 -3.1302e-06 -3.6020e-06 -4.1208e-06 -4.6894e-06 -5.3104e-06 -5.9863e-06 -6.7194e-06 -7.5113e-06 -8.3630e-06 -9.2746e-06 -1.0245e-05 -1.1269e-05 -1.2344e-05 -1.3458e-05 -1.4599e-05 -1.5749e-05 -1.6882e-05 -1.7969e-05 -1.8968e-05 -1.9832e-05 -2.0506e-05 -2.0925e-05 -2.1024e-05 -2.0738e-05 -2.0013e-05 -1.8816e-05 -1.7147e-05 -1.5053e-05 -1.2635e-05 -1.0048e-05 -7.4887e-06 -5.1603e-06 -3.2343e-06 -1.8073e-06 -8.7841e-07 -3.6032e-07 -1.2017e-07 -3.1113e-08 -5.9054e-09 -7.6507e-10 -6.1870e-11 -2.7915e-12 -6.0990e-14 -5.3925e-16 -1.5351e-18 -1.0499e-21 -1.1835e-25 -1.3496e-30 -8.2410e-37 -1.1696e-44 -1.2808e-54 -2.4932e-67 -1.2024e-83 -9.9724e-105 -3.7131e-132 -4.0515e-168 -1.1578e-215 -4.3126e-279 -0.0000e+00 -0.0000e+00 -0.0000e+00 -0.0000e+00 -0.0000e+00 -0.0000e+00 -0.0000e+00 -0.0000e+00 -0.0000e+00 -0.0000e+00 -0.0000e+00 -0.0000e+00 -0.0000e+00 -0.0000e+00 -0.0000e+00 -0.0000e+00 -0.0000e+00 -0.0000e+00 -0.0000e+00 -0.0000e+00 -0.0000e+00 -0.0000e+00 -0.0000e+00 -0.0000e+00
