1.0466e-08 -1.4142e-08 -2.5981e-08 -4.0000e-08 -5.5900e-08 -7.3481e-08 -9.2592e-08 -1.1312e-07 -1.3496e-07 -1.5805e-07 -1.8231e-07 -2.0767e-07 -2.3409e-07 -2.6151e-07 -2.8989e-07 -3.1916e-07 -3.4930e-07 -3.8024e-07 -4.1194e-07 -4.4436e-07 -4.7744e-07 -5.1113e-07 -5.4538e-07 -5.8013e-07 -6.1531e-07 -6.5087e-07 -6.8673e-07 -7.2282e-07 -7.5907e-07 -7.9539e-07 -8.3171e-07 -8.6792e-07 -9.0394e-07 -9.3967e-07 -9.7500e-07 -1.0098e-06 -1.0440e-06 -1.0775e-06 -1.1101e-06 -1.1418e-06 -1.1723e-06 -1.2017e-06 -1.2297e-06 -1.2561e-06 -1.2810e-06 -1.3041e-06 -1.3254e-06 -1.3447e-06 -1.3618e-06 -1.3767e-06 -1.3893e-06 -1.3995e-06 -1.4071e-06 -1.4120e-06 -1.4143e-06 -1.4139e-06 -1.4106e-06 -1.4045e-06 -1.3956e-06 -1.3838e-06 -1.3691e-06 -1.3517e-06 -1.3314e-06 -1.3085e-06 -1.2830e-06 -1.2550e-06 -1.2247e-06 -1.1921e-06 -1.1574e-06 -1.1208e-06 -1.0825e-06 -1.0426e-06 -1.0014e-06 -9.5917e-07 -9.1603e-07 -8.7223e-07 -8.2801e-07 -7.8360e-07 -7.3923e-07 -6.9512e-07 -6.5148e-07 -6.0852e-07 -5.6644e-07 -5.2541e-07 -4.8560e-07 -4.4716e-07 -4.1023e-07 -3.7490e-07 -3.4128e-07 -3.0944e-07 -2.7942e-07 -2.5128e-07 -2.2501e-07 -2.0061e-07 -1.7808e-07 -1.5737e-07 -1.3843e-07 -1.2120e-07 -1.0561e-07 -9.1578e-08 0.0000e+00 1.4142e-08 2.5981e-08 4.0000e-08 5.5900e-08 7.3481e-08 9.2592e-08 1.1312e-07 1.3496e-07 1.5805e-07 1.8231e-07 2.0767e-07 2.3409e-07 2.6151e-07 2.8989e-07 3.1916e-07 3.4930e-07 3.8024e-07 4.1194e-07 4.4436e-07 4.7744e-07 5.1113e-07 5.4538e-07 5.8013e-07 6.1531e-07 6.5087e-07 6.8673e-07 7.2282e-07 7.5907e-07 7.9539e-07 8.3171e-07 8.6792e-07 9.0394e-07 9.3967e-07 9.7500e-07 1.0098e-06 1.0440e-06 1.0775e-06 1.1101e-06 1.1418e-06 1.1723e-06 1.2017e-06 1.2297e-06 1.2561e-06 1.2810e-06 1.3041e-06 1.3254e-06 1.3447e-06 1.3618e-06 1.3767e-06 1.3893e-06 1.3995e-06 1.4071e-06 1.4120e-06 1.4143e-06 1.4139e-06 1.4106e-06 1.4045e-06 1.3956e-06 1.3838e-06 1.3691e-06 1.3517e-06 1.3314e-06 1.3085e-06 1.2830e-06 1.2550e-06 1.2247e-06 1.1921e-06 1.1574e-06 1.1208e-06 1.0825e-06 1.0426e-06 1.0014e-06 9.5917e-07 9.1603e-07 8.7223e-07 8.2801e-07 7.8360e-07 7.3923e-07 6.9512e-07 6.5148e-07 6.0852e-07 5.6644e-07 5.2541e-07 4.8560e-07 4.4716e-07 4.1023e-07 3.7490e-07 3.4128e-07 3.0944e-07 2.7942e-07 2.5128e-07 2.2501e-07 2.0061e-07 1.7808e-07 1.5737e-07 1.3843e-07 1.2120e-07 1.0561e-07 9.1578e-08
-1.4142e-08 1.6637e-07 -7.3484e-08 -1.1314e-07 -1.5811e-07 -2.0784e-07 -2.6189e-07 -3.1995e-07 -3.8174e-07 -4.4703e-07 -5.1564e-07 -5.8739e-07 -6.6212e-07 -7.3967e-07 -8.1992e-07 -9.0273e-07 -9.8796e-07 -1.0755e-06 -1.1651e-06 -1.2568e-06 -1.3504e-06 -1.4457e-06 -1.5426e-06 -1.6408e-06 -1.7404e-06 -1.8409e-06 -1.9424e-06 -2.0444e-06 -2.1470e-06 -2.2497e-06 -2.3524e-06 -2.4548e-06 -2.5567e-06 -2.6578e-06 -2.7577e-06 -2.8562e-06 -2.9530e-06 -3.0477e-06 -3.1400e-06 -3.2295e-06 -3.3159e-06 -3.3989e-06 -3.4780e-06 -3.5529e-06 -3.6233e-06 -3.6887e-06 -3.7488e-06 -3.8033e-06 -3.8518e-06 -3.8940e-06 -3.9296e-06 -3.9583e-06 -3.9798e-06 -3.9939e-06 -4.0003e-06 -3.9990e-06 -3.9898e-06 -3.9725e-06 -3.9472e-06 -3.9138e-06 -3.8724e-06 -3.8231e-06 -3.7659e-06 -3.7011e-06 -3.6290e-06 -3.5498e-06 -3.4639e-06 -3.3717e-06 -3.2736e-06 -3.1700e-06 -3.0617e-06 -2.9489e-06 -2.8325e-06 -2.7130e-06 -2.5909e-06 -2.4670e-06 -2.3420e-06 -2.2164e-06 -2.0909e-06 -1.9661e-06 -1.8427e-06 -1.7212e-06 -1.6021e-06 -1.4861e-06 -1.3735e-06 -1.2648e-06 -1.1603e-06 -1.0604e-06 -9.6529e-07 -8.7522e-07 -7.9033e-07 -7.1072e-07 -6.3642e-07 -5.6742e-07 -5.0369e-07 -4.4510e-07 -3.9153e-07 -3.4280e-07 -2.9871e-07 -2.5902e-07 1.4142e-08 0.0000e+00 7.3484e-08 1.1314e-07 1.5811e-07 2.0784e-07 2.6189e-07 3.1995e-07 3.8174e-07 4.4703e-07 5.1564e-07 5.8739e-07 6.6212e-07 7.3967e-07 8.1992e-07 9.0273e-07 9.8796e-07 1.0755e-06 1.1651e-06 1.2568e-06 1.3504e-06 1.4457e-06 1.5426e-06 1.6408e-06 1.7404e-06 1.8409e-06 1.9424e-06 2.0444e-06 2.1470e-06 2.2497e-06 2.3524e-06 2.4548e-06 2.5567e-06 2.6578e-06 2.7577e-06 2.8562e-06 2.9530e-06 3.0477e-06 3.1400e-06 3.2295e-06 3.3159e-06 3.3989e-06 3.4780e-06 3.5529e-06 3.6233e-06 3.6887e-06 3.7488e-06 3.8033e-06 3.8518e-06 3.8940e-06 3.9296e-06 3.9583e-06 3.9798e-06 3.9939e-06 4.0003e-06 3.9990e-06 3.9898e-06 3.9725e-06 3.9472e-06 3.9138e-06 3.8724e-06 3.8231e-06 3.7659e-06 3.7011e-06 3.6290e-06 3.5498e-06 3.4639e-06 3.3717e-06 3.2736e-06 3.1700e-06 3.0617e-06 2.9489e-06 2.8325e-06 2.7130e-06 2.5909e-06 2.4670e-06 2.3420e-06 2.2164e-06 2.0909e-06 1.9661e-06 1.8427e-06 1.7212e-06 1.6021e-06 1.4861e-06 1.3735e-06 1.2648e-06 1.1603e-06 1.0604e-06 9.6528e-07 8.7522e-07 7.9033e-07 7.1071e-07 6.3641e-07 5.6742e-07 5.0368e-07 4.4510e-07 3.9153e-07 3.4280e-07 2.9870e-07 2.5902e-07
-2.5981e-08 -7.3484e-08 8.4223e-07 -2.0784e-07 -2.9047e-07 -3.8182e-07 -4.8112e-07 -5.8778e-07 -7.0129e-07 -8.2125e-07 -9.4729e-07 -1.0791e-06 -1.2164e-06 -1.3589e-06 -1.5063e-06 -1.6584e-06 -1.8150e-06 -1.9758e-06 -2.1405e-06 -2.3090e-06 -2.4809e-06 -2.6559e-06 -2.8339e-06 -3.0144e-06 -3.1972e-06 -3.3820e-06 -3.5683e-06 -3.7559e-06 -3.9442e-06 -4.1330e-06 -4.3217e-06 -4.5098e-06 -4.6970e-06 -4.8826e-06 -5.0662e-06 -5.2472e-06 -5.4250e-06 -5.5989e-06 -5.7684e-06 -5.9329e-06 -6.0917e-06 -6.2441e-06 -6.3894e-06 -6.5271e-06 -6.6563e-06 -6.7765e-06 -6.8870e-06 -6.9871e-06 -7.0762e-06 -7.1537e-06 -7.2191e-06 -7.2718e-06 -7.3113e-06 -7.3372e-06 -7.3491e-06 -7.3467e-06 -7.3297e-06 -7.2980e-06 -7.2515e-06 -7.1902e-06 -7.1141e-06 -7.0234e-06 -6.9184e-06 -6.7994e-06 -6.6669e-06 -6.5214e-06 -6.3636e-06 -6.1942e-06 -6.0139e-06 -5.8238e-06 -5.6246e-06 -5.4176e-06 -5.2037e-06 -4.9840e-06 -4.7598e-06 -4.5323e-06 -4.3025e-06 -4.0717e-06 -3.8412e-06 -3.6120e-06 -3.3852e-06 -3.1620e-06 -2.9433e-06 -2.7301e-06 -2.5233e-06 -2.3236e-06 -2.1316e-06 -1.9481e-06 -1.7734e-06 -1.6079e-06 -1.4519e-06 -1.3057e-06 -1.1692e-06 -1.0424e-06 -9.2534e-07 -8.1771e-07 -7.1929e-07 -6.2977e-07 -5.4877e-07 -4.7587e-07 2.5981e-08 7.3484e-08 0.0000e+00 2.0784e-07 2.9047e-07 3.8182e-07 4.8112e-07 5.8778e-07 7.0129e-07 8.2125e-07 9.4729e-07 1.0791e-06 1.2164e-06 1.3589e-06 1.5063e-06 1.6584e-06 1.8150e-06 1.9758e-06 2.1405e-06 2.3090e-06 2.4809e-06 2.6559e-06 2.8339e-06 3.0144e-06 3.1972e-06 3.3820e-06 3.5683e-06 3.7559e-06 3.9442e-06 4.1330e-06 4.3217e-06 4.5098e-06 4.6970e-06 4.8826e-06 5.0662e-06 5.2472e-06 5.4249e-06 5.5989e-06 5.7684e-06 5.9329e-06 6.0917e-06 6.2441e-06 6.3894e-06 6.5271e-06 6.6563e-06 6.7765e-06 6.8870e-06 6.9871e-06 7.0762e-06 7.1537e-06 7.2191e-06 7.2718e-06 7.3113e-06 7.3372e-06 7.3491e-06 7.3467e-06 7.3297e-06 7.2980e-06 7.2515e-06 7.1902e-06 7.1141e-06 7.0234e-06 6.9184e-06 6.7994e-06 6.6669e-06 6.5214e-06 6.3636e-06 6.1941e-06 6.0139e-06 5.8237e-06 5.6246e-06 5.4175e-06 5.2036e-06 4.9840e-06 4.7598e-06 4.5322e-06 4.3024e-06 4.0717e-06 3.8411e-06 3.6119e-06 3.3852e-06 3.1620e-06 2.9433e-06 2.7301e-06 2.5233e-06 2.3235e-06 2.1316e-06 1.9480e-06 1.7733e-06 1.6079e-06 1.4519e-06 1.3057e-06 1.1692e-06 1.0424e-06 9.2532e-07 8.1769e-07 7.1928e-07 6.2976e-07 5.4875e-07 4.7585e-07
-4.0000e-08 -1.1314e-07 -2.0784e-07 2.6619e-06 -4.4720e-07 -5.8784e-07 -7.4073e-07 -9.0494e-07 -1.0797e-06 -1.2644e-06 -1.4584e-06 -1.6614e-06 -1.8727e-06 -2.0921e-06 -2.3191e-06 -2.5533e-06 -2.7943e-06 -3.0419e-06 -3.2955e-06 -3.5548e-06 -3.8195e-06 -4.0890e-06 -4.3630e-06 -4.6410e-06 -4.9224e-06 -5.2069e-06 -5.4938e-06 -5.7825e-06 -6.0725e-06 -6.3631e-06 -6.6536e-06 -6.9433e-06 -7.2314e-06 -7.5173e-06 -7.7999e-06 -8.0785e-06 -8.3522e-06 -8.6200e-06 -8.8811e-06 -9.1343e-06 -9.3787e-06 -9.6134e-06 -9.8371e-06 -1.0049e-05 -1.0248e-05 -1.0433e-05 -1.0603e-05 -1.0757e-05 -1.0894e-05 -1.1014e-05 -1.1114e-05 -1.1196e-05 -1.1256e-05 -1.1296e-05 -1.1315e-05 -1.1311e-05 -1.1285e-05 -1.1236e-05 -1.1164e-05 -1.1070e-05 -1.0953e-05 -1.0813e-05 -1.0652e-05 -1.0468e-05 -1.0264e-05 -1.0040e-05 -9.7975e-06 -9.5366e-06 -9.2591e-06 -8.9663e-06 -8.6598e-06 -8.3410e-06 -8.0116e-06 -7.6735e-06 -7.3283e-06 -6.9779e-06 -6.6242e-06 -6.2689e-06 -5.9140e-06 -5.5611e-06 -5.2120e-06 -4.8683e-06 -4.5316e-06 -4.2034e-06 -3.8849e-06 -3.5774e-06 -3.2819e-06 -2.9993e-06 -2.7304e-06 -2.4756e-06 -2.2355e-06 -2.0103e-06 -1.8001e-06 -1.6050e-06 -1.4247e-06 -1.2590e-06 -1.1075e-06 -9.6964e-07 -8.4492e-07 -7.3268e-07 4.0000e-08 1.1314e-07 2.0784e-07 0.0000e+00 4.4720e-07 5.8784e-07 7.4073e-07 9.0494e-07 1.0797e-06 1.2644e-06 1.4584e-06 1.6614e-06 1.8727e-06 2.0921e-06 2.3191e-06 2.5533e-06 2.7943e-06 3.0419e-06 3.2955e-06 3.5548e-06 3.8195e-06 4.0890e-06 4.3630e-06 4.6410e-06 4.9224e-06 5.2069e-06 5.4938e-06 5.7825e-06 6.0725e-06 6.3631e-06 6.6536e-06 6.9433e-06 7.2314e-06 7.5173e-06 7.7999e-06 8.0785e-06 8.3522e-06 8.6200e-06 8.8810e-06 9.1343e-06 9.3787e-06 9.6133e-06 9.8371e-06 1.0049e-05 1.0248e-05 1.0433e-05 1.0603e-05 1.0757e-05 1.0894e-05 1.1014e-05 1.1114e-05 1.1196e-05 1.1256e-05 1.1296e-05 1.1315e-05 1.1311e-05 1.1285e-05 1.1236e-05 1.1164e-05 1.1070e-05 1.0953e-05 1.0813e-05 1.0651e-05 1.0468e-05 1.0264e-05 1.0040e-05 9.7973e-06 9.5364e-06 9.2589e-06 8.9662e-06 8.6596e-06 8.3408e-06 8.0115e-06 7.6733e-06 7.3281e-06 6.9778e-06 6.6240e-06 6.2687e-06 5.9138e-06 5.5609e-06 5.2118e-06 4.8681e-06 4.5315e-06 4.2032e-06 3.8848e-06 3.5773e-06 3.2818e-06 2.9992e-06 2.7302e-06 2.4755e-06 2.2354e-06 2.0102e-06 1.8000e-06 1.6049e-06 1.4246e-06 1.2589e-06 1.1074e-06 9.6957e-07 8.4485e-07 7.3262e-07
-5.5900e-08 -1.5811e-07 -2.9047e-07 -4.4720e-07 6.4987e-06 -8.2152e-07 -1.0352e-06 -1.2647e-06 -1.5089e-06 -1.7670e-06 -2.0382e-06 -2.3218e-06 -2.6172e-06 -2.9237e-06 -3.2409e-06 -3.5683e-06 -3.9051e-06 -4.2511e-06 -4.6055e-06 -4.9680e-06 -5.3378e-06 -5.7145e-06 -6.0974e-06 -6.4859e-06 -6.8792e-06 -7.2767e-06 -7.6776e-06 -8.0812e-06 -8.4864e-06 -8.8925e-06 -9.2985e-06 -9.7034e-06 -1.0106e-05 -1.0506e-05 -1.0901e-05 -1.1290e-05 -1.1672e-05 -1.2047e-05 -1.2412e-05 -1.2765e-05 -1.3107e-05 -1.3435e-05 -1.3748e-05 -1.4044e-05 -1.4322e-05 -1.4581e-05 -1.4818e-05 -1.5034e-05 -1.5225e-05 -1.5392e-05 -1.5533e-05 -1.5646e-05 -1.5731e-05 -1.5787e-05 -1.5813e-05 -1.5807e-05 -1.5771e-05 -1.5703e-05 -1.5603e-05 -1.5471e-05 -1.5307e-05 -1.5112e-05 -1.4886e-05 -1.4630e-05 -1.4345e-05 -1.4032e-05 -1.3693e-05 -1.3328e-05 -1.2940e-05 -1.2531e-05 -1.2103e-05 -1.1657e-05 -1.1197e-05 -1.0724e-05 -1.0242e-05 -9.7522e-06 -9.2578e-06 -8.7613e-06 -8.2653e-06 -7.7721e-06 -7.2842e-06 -6.8039e-06 -6.3334e-06 -5.8747e-06 -5.4296e-06 -4.9999e-06 -4.5869e-06 -4.1919e-06 -3.8160e-06 -3.4600e-06 -3.1244e-06 -2.8097e-06 -2.5160e-06 -2.2432e-06 -1.9913e-06 -1.7597e-06 -1.5479e-06 -1.3552e-06 -1.1809e-06 -1.0241e-06 5.5900e-08 1.5811e-07 2.9047e-07 4.4720e-07 0.0000e+00 8.2152e-07 1.0352e-06 1.2647e-06 1.5089e-06 1.7670e-06 2.0382e-06 2.3218e-06 2.6172e-06 2.9237e-06 3.2409e-06 3.5683e-06 3.9051e-06 4.2511e-06 4.6055e-06 4.9680e-06 5.3378e-06 5.7145e-06 6.0974e-06 6.4859e-06 6.8792e-06 7.2767e-06 7.6776e-06 8.0812e-06 8.4864e-06 8.8925e-06 9.2985e-06 9.7034e-06 1.0106e-05 1.0506e-05 1.0901e-05 1.1290e-05 1.1672e-05 1.2047e-05 1.2411e-05 1.2765e-05 1.3107e-05 1.3435e-05 1.3748e-05 1.4044e-05 1.4322e-05 1.4580e-05 1.4818e-05 1.5033e-05 1.5225e-05 1.5392e-05 1.5533e-05 1.5646e-05 1.5731e-05 1.5787e-05 1.5812e-05 1.5807e-05 1.5771e-05 1.5702e-05 1.5602e-05 1.5470e-05 1.5307e-05 1.5112e-05 1.4886e-05 1.4630e-05 1.4345e-05 1.4032e-05 1.3692e-05 1.3327e-05 1.2940e-05 1.2530e-05 1.2102e-05 1.1656e-05 1.1196e-05 1.0724e-05 1.0241e-05 9.7516e-06 9.2572e-06 8.7607e-06 8.2646e-06 7.7714e-06 7.2836e-06 6.8033e-06 6.3328e-06 5.8741e-06 5.4291e-06 4.9993e-06 4.5864e-06 4.1914e-06 3.8155e-06 3.4595e-06 3.1240e-06 2.8093e-06 2.5156e-06 2.2429e-06 1.9909e-06 1.7594e-06 1.5476e-06 1.3550e-06 1.1807e-06 1.0238e-06
-7.3481e-08 -2.0784e-07 -3.8182e-07 -5.8784e-07 -8.2152e-07 1.3476e-05 -1.3608e-06 -1.6624e-06 -1.9835e-06 -2.3227e-06 -2.6792e-06 -3.0520e-06 -3.4403e-06 -3.8433e-06 -4.2602e-06 -4.6905e-06 -5.1333e-06 -5.5880e-06 -6.0540e-06 -6.5304e-06 -7.0166e-06 -7.5117e-06 -8.0150e-06 -8.5257e-06 -9.0427e-06 -9.5653e-06 -1.0092e-05 -1.0623e-05 -1.1155e-05 -1.1689e-05 -1.2223e-05 -1.2755e-05 -1.3285e-05 -1.3810e-05 -1.4329e-05 -1.4841e-05 -1.5343e-05 -1.5835e-05 -1.6315e-05 -1.6780e-05 -1.7229e-05 -1.7660e-05 -1.8071e-05 -1.8461e-05 -1.8826e-05 -1.9166e-05 -1.9479e-05 -1.9762e-05 -2.0014e-05 -2.0233e-05 -2.0418e-05 -2.0567e-05 -2.0679e-05 -2.0752e-05 -2.0786e-05 -2.0779e-05 -2.0731e-05 -2.0642e-05 -2.0510e-05 -2.0337e-05 -2.0122e-05 -1.9865e-05 -1.9568e-05 -1.9232e-05 -1.8857e-05 -1.8446e-05 -1.8000e-05 -1.7520e-05 -1.7011e-05 -1.6473e-05 -1.5910e-05 -1.5324e-05 -1.4719e-05 -1.4098e-05 -1.3464e-05 -1.2820e-05 -1.2170e-05 -1.1518e-05 -1.0866e-05 -1.0217e-05 -9.5759e-06 -8.9446e-06 -8.3261e-06 -7.7231e-06 -7.1380e-06 -6.5731e-06 -6.0302e-06 -5.5110e-06 -5.0168e-06 -4.5488e-06 -4.1076e-06 -3.6939e-06 -3.3078e-06 -2.9492e-06 -2.6180e-06 -2.3135e-06 -2.0351e-06 -1.7818e-06 -1.5527e-06 -1.3464e-06 7.3481e-08 2.0784e-07 3.8182e-07 5.8784e-07 8.2152e-07 0.0000e+00 1.3608e-06 1.6624e-06 1.9835e-06 2.3227e-06 2.6792e-06 3.0520e-06 3.4403e-06 3.8433e-06 4.2602e-06 4.6905e-06 5.1333e-06 5.5880e-06 6.0540e-06 6.5304e-06 7.0166e-06 7.5117e-06 8.0150e-06 8.5257e-06 9.0427e-06 9.5652e-06 1.0092e-05 1.0623e-05 1.1155e-05 1.1689e-05 1.2223e-05 1.2755e-05 1.3284e-05 1.3810e-05 1.4329e-05 1.4841e-05 1.5343e-05 1.5835e-05 1.6315e-05 1.6780e-05 1.7229e-05 1.7660e-05 1.8071e-05 1.8460e-05 1.8826e-05 1.9166e-05 1.9478e-05 1.9761e-05 2.0014e-05 2.0233e-05 2.0418e-05 2.0567e-05 2.0678e-05 2.0752e-05 2.0785e-05 2.0778e-05 2.0731e-05 2.0641e-05 2.0509e-05 2.0336e-05 2.0121e-05 1.9864e-05 1.9567e-05 1.9231e-05 1.8856e-05 1.8444e-05 1.7998e-05 1.7519e-05 1.7009e-05 1.6471e-05 1.5908e-05 1.5322e-05 1.4717e-05 1.4096e-05 1.3462e-05 1.2818e-05 1.2169e-05 1.1516e-05 1.0864e-05 1.0216e-05 9.5742e-06 8.9429e-06 8.3245e-06 7.7215e-06 7.1365e-06 6.5716e-06 6.0288e-06 5.5096e-06 5.0155e-06 4.5475e-06 4.1065e-06 3.6928e-06 3.3067e-06 2.9483e-06 2.6171e-06 2.3127e-06 2.0343e-06 1.7811e-06 1.5520e-06 1.3458e-06
-9.2592e-08 -2.6189e-07 -4.8112e-07 -7.4073e-07 -1.0352e-06 -1.3608e-06 2.4965e-05 -2.0948e-06 -2.4993e-06 -2.9269e-06 -3.3761e-06 -3.8458e-06 -4.3351e-06 -4.8428e-06 -5.3683e-06 -5.9104e-06 -6.4684e-06 -7.0414e-06 -7.6286e-06 -8.2289e-06 -8.8415e-06 -9.4654e-06 -1.0100e-05 -1.0743e-05 -1.1395e-05 -1.2053e-05 -1.2717e-05 -1.3386e-05 -1.4057e-05 -1.4730e-05 -1.5402e-05 -1.6073e-05 -1.6740e-05 -1.7401e-05 -1.8056e-05 -1.8701e-05 -1.9334e-05 -1.9954e-05 -2.0558e-05 -2.1145e-05 -2.1711e-05 -2.2254e-05 -2.2772e-05 -2.3262e-05 -2.3723e-05 -2.4152e-05 -2.4545e-05 -2.4902e-05 -2.5220e-05 -2.5496e-05 -2.5729e-05 -2.5917e-05 -2.6058e-05 -2.6151e-05 -2.6193e-05 -2.6185e-05 -2.6124e-05 -2.6012e-05 -2.5846e-05 -2.5628e-05 -2.5357e-05 -2.5033e-05 -2.4659e-05 -2.4235e-05 -2.3763e-05 -2.3245e-05 -2.2683e-05 -2.2079e-05 -2.1437e-05 -2.0759e-05 -2.0049e-05 -1.9312e-05 -1.8549e-05 -1.7767e-05 -1.6968e-05 -1.6156e-05 -1.5338e-05 -1.4515e-05 -1.3693e-05 -1.2877e-05 -1.2068e-05 -1.1273e-05 -1.0493e-05 -9.7335e-06 -8.9962e-06 -8.2843e-06 -7.6001e-06 -6.9458e-06 -6.3230e-06 -5.7332e-06 -5.1772e-06 -4.6558e-06 -4.1692e-06 -3.7173e-06 -3.2998e-06 -2.9161e-06 -2.5652e-06 -2.2460e-06 -1.9571e-06 -1.6972e-06 9.2592e-08 2.6189e-07 4.8112e-07 7.4073e-07 1.0352e-06 1.3608e-06 0.0000e+00 2.0948e-06 2.4993e-06 2.9269e-06 3.3761e-06 3.8458e-06 4.3351e-06 4.8428e-06 5.3683e-06 5.9104e-06 6.4684e-06 7.0414e-06 7.6285e-06 8.2289e-06 8.8415e-06 9.4654e-06 1.0100e-05 1.0743e-05 1.1395e-05 1.2053e-05 1.2717e-05 1.3386e-05 1.4057e-05 1.4729e-05 1.5402e-05 1.6073e-05 1.6740e-05 1.7401e-05 1.8055e-05 1.8700e-05 1.9334e-05 1.9954e-05 2.0558e-05 2.1144e-05 2.1710e-05 2.2253e-05 2.2771e-05 2.3262e-05 2.3722e-05 2.4151e-05 2.4544e-05 2.4901e-05 2.5219e-05 2.5495e-05 2.5728e-05 2.5916e-05 2.6057e-05 2.6149e-05 2.6191e-05 2.6183e-05 2.6122e-05 2.6009e-05 2.5844e-05 2.5625e-05 2.5354e-05 2.5031e-05 2.4656e-05 2.4232e-05 2.3760e-05 2.3242e-05 2.2679e-05 2.2075e-05 2.1433e-05 2.0755e-05 2.0045e-05 1.9308e-05 1.8545e-05 1.7762e-05 1.6963e-05 1.6152e-05 1.5333e-05 1.4511e-05 1.3689e-05 1.2872e-05 1.2064e-05 1.1269e-05 1.0490e-05 9.7298e-06 8.9926e-06 8.2808e-06 7.5968e-06 6.9426e-06 6.3200e-06 5.7303e-06 5.1745e-06 4.6532e-06 4.1668e-06 3.7151e-06 3.2978e-06 2.9142e-06 2.5634e-06 2.2444e-06 1.9557e-06 1.6959e-06
-1.1312e-07 -3.1995e-07 -5.8778e-07 -9.0494e-07 -1.2647e-06 -1.6624e-06 -2.0948e-06 4.2590e-05 -3.0534e-06 -3.5757e-06 -4.1245e-06 -4.6984e-06 -5.2961e-06 -5.9164e-06 -6.5583e-06 -7.2206e-06 -7.9024e-06 -8.6024e-06 -9.3197e-06 -1.0053e-05 -1.0802e-05 -1.1564e-05 -1.2339e-05 -1.3125e-05 -1.3921e-05 -1.4725e-05 -1.5536e-05 -1.6353e-05 -1.7173e-05 -1.7995e-05 -1.8816e-05 -1.9636e-05 -2.0451e-05 -2.1259e-05 -2.2058e-05 -2.2846e-05 -2.3621e-05 -2.4378e-05 -2.5116e-05 -2.5833e-05 -2.6524e-05 -2.7188e-05 -2.7821e-05 -2.8420e-05 -2.8983e-05 -2.9506e-05 -2.9987e-05 -3.0424e-05 -3.0812e-05 -3.1149e-05 -3.1434e-05 -3.1664e-05 -3.1836e-05 -3.1949e-05 -3.2001e-05 -3.1991e-05 -3.1918e-05 -3.1780e-05 -3.1578e-05 -3.1311e-05 -3.0980e-05 -3.0585e-05 -3.0128e-05 -2.9611e-05 -2.9034e-05 -2.8401e-05 -2.7714e-05 -2.6977e-05 -2.6192e-05 -2.5364e-05 -2.4497e-05 -2.3596e-05 -2.2665e-05 -2.1709e-05 -2.0733e-05 -1.9742e-05 -1.8741e-05 -1.7737e-05 -1.6733e-05 -1.5735e-05 -1.4747e-05 -1.3775e-05 -1.2823e-05 -1.1894e-05 -1.0994e-05 -1.0124e-05 -9.2878e-06 -8.4883e-06 -7.7274e-06 -7.0066e-06 -6.3273e-06 -5.6901e-06 -5.0955e-06 -4.5433e-06 -4.0331e-06 -3.5642e-06 -3.1353e-06 -2.7452e-06 -2.3923e-06 -2.0746e-06 1.1312e-07 3.1995e-07 5.8778e-07 9.0494e-07 1.2647e-06 1.6624e-06 2.0948e-06 0.0000e+00 3.0534e-06 3.5757e-06 4.1245e-06 4.6984e-06 5.2961e-06 5.9164e-06 6.5583e-06 7.2206e-06 7.9024e-06 8.6024e-06 9.3197e-06 1.0053e-05 1.0802e-05 1.1564e-05 1.2339e-05 1.3125e-05 1.3921e-05 1.4725e-05 1.5536e-05 1.6353e-05 1.7173e-05 1.7995e-05 1.8816e-05 1.9636e-05 2.0450e-05 2.1259e-05 2.2058e-05 2.2846e-05 2.3620e-05 2.4377e-05 2.5116e-05 2.5832e-05 2.6523e-05 2.7186e-05 2.7819e-05 2.8419e-05 2.8981e-05 2.9505e-05 2.9986e-05 3.0421e-05 3.0809e-05 3.1147e-05 3.1432e-05 3.1661e-05 3.1833e-05 3.1946e-05 3.1997e-05 3.1987e-05 3.1913e-05 3.1775e-05 3.1573e-05 3.1306e-05 3.0974e-05 3.0579e-05 3.0122e-05 2.9604e-05 2.9027e-05 2.8394e-05 2.7707e-05 2.6969e-05 2.6184e-05 2.5356e-05 2.4489e-05 2.3588e-05 2.2656e-05 2.1700e-05 2.0724e-05 1.9733e-05 1.8733e-05 1.7728e-05 1.6724e-05 1.5726e-05 1.4739e-05 1.3767e-05 1.2815e-05 1.1887e-05 1.0986e-05 1.0117e-05 9.2808e-06 8.4816e-06 7.7210e-06 7.0006e-06 6.3216e-06 5.6848e-06 5.0905e-06 4.5386e-06 4.0288e-06 3.5602e-06 3.1317e-06 2.7419e-06 2.3892e-06 2.0718e-06
-1.3496e-07 -3.8174e-07 -7.0129e-07 -1.0797e-06 -1.5089e-06 -1.9835e-06 -2.4993e-06 -3.0534e-06 6.8220e-05 -4.2662e-06 -4.9210e-06 -5.6057e-06 -6.3189e-06 -7.0590e-06 -7.8249e-06 -8.6151e-06 -9.4285e-06 -1.0264e-05 -1.1120e-05 -1.1995e-05 -1.2888e-05 -1.3797e-05 -1.4722e-05 -1.5659e-05 -1.6609e-05 -1.7569e-05 -1.8537e-05 -1.9511e-05 -2.0490e-05 -2.1470e-05 -2.2451e-05 -2.3428e-05 -2.4401e-05 -2.5365e-05 -2.6319e-05 -2.7259e-05 -2.8183e-05 -2.9087e-05 -2.9967e-05 -3.0822e-05 -3.1647e-05 -3.2439e-05 -3.3194e-05 -3.3910e-05 -3.4581e-05 -3.5206e-05 -3.5780e-05 -3.6301e-05 -3.6764e-05 -3.7167e-05 -3.7507e-05 -3.7781e-05 -3.7987e-05 -3.8122e-05 -3.8184e-05 -3.8172e-05 -3.8085e-05 -3.7921e-05 -3.7680e-05 -3.7362e-05 -3.6967e-05 -3.6496e-05 -3.5952e-05 -3.5334e-05 -3.4646e-05 -3.3891e-05 -3.3072e-05 -3.2192e-05 -3.1256e-05 -3.0268e-05 -2.9234e-05 -2.8159e-05 -2.7048e-05 -2.5907e-05 -2.4743e-05 -2.3560e-05 -2.2367e-05 -2.1168e-05 -1.9970e-05 -1.8779e-05 -1.7601e-05 -1.6441e-05 -1.5305e-05 -1.4197e-05 -1.3122e-05 -1.2084e-05 -1.1087e-05 -1.0132e-05 -9.2243e-06 -8.3641e-06 -7.5533e-06 -6.7929e-06 -6.0831e-06 -5.4240e-06 -4.8151e-06 -4.2553e-06 -3.7435e-06 -3.2778e-06 -2.8564e-06 -2.4772e-06 1.3496e-07 3.8174e-07 7.0129e-07 1.0797e-06 1.5089e-06 1.9835e-06 2.4993e-06 3.0534e-06 0.0000e+00 4.2662e-06 4.9210e-06 5.6057e-06 6.3189e-06 7.0590e-06 7.8249e-06 8.6151e-06 9.4285e-06 1.0264e-05 1.1120e-05 1.1995e-05 1.2888e-05 1.3797e-05 1.4721e-05 1.5659e-05 1.6609e-05 1.7569e-05 1.8537e-05 1.9511e-05 2.0489e-05 2.1470e-05 2.2450e-05 2.3428e-05 2.4400e-05 2.5364e-05 2.6318e-05 2.7258e-05 2.8182e-05 2.9085e-05 2.9966e-05 3.0820e-05 3.1645e-05 3.2437e-05 3.3192e-05 3.3907e-05 3.4578e-05 3.5203e-05 3.5776e-05 3.6297e-05 3.6759e-05 3.7162e-05 3.7502e-05 3.7775e-05 3.7981e-05 3.8115e-05 3.8177e-05 3.8164e-05 3.8076e-05 3.7912e-05 3.7670e-05 3.7352e-05 3.6956e-05 3.6485e-05 3.5940e-05 3.5322e-05 3.4633e-05 3.3877e-05 3.3058e-05 3.2177e-05 3.1241e-05 3.0253e-05 2.9219e-05 2.8143e-05 2.7032e-05 2.5891e-05 2.4726e-05 2.3544e-05 2.2350e-05 2.1152e-05 1.9954e-05 1.8763e-05 1.7585e-05 1.6426e-05 1.5290e-05 1.4182e-05 1.3108e-05 1.2070e-05 1.1073e-05 1.0120e-05 9.2121e-06 8.3526e-06 7.5425e-06 6.7827e-06 6.0736e-06 5.4152e-06 4.8069e-06 4.2478e-06 3.7365e-06 3.2715e-06 2.8507e-06 2.4720e-06
-1.5805e-07 -4.4703e-07 -8.2125e-07 -1.2644e-06 -1.7670e-06 -2.3227e-06 -2.9269e-06 -3.5757e-06 -4.2662e-06 1.0398e-04 -5.7628e-06 -6.5646e-06 -7.3997e-06 -8.2665e-06 -9.1634e-06 -1.0089e-05 -1.1041e-05 -1.2019e-05 -1.3022e-05 -1.4046e-05 -1.5092e-05 -1.6157e-05 -1.7240e-05 -1.8338e-05 -1.9450e-05 -2.0574e-05 -2.1708e-05 -2.2849e-05 -2.3995e-05 -2.5143e-05 -2.6291e-05 -2.7436e-05 -2.8575e-05 -2.9704e-05 -3.0821e-05 -3.1922e-05 -3.3004e-05 -3.4063e-05 -3.5094e-05 -3.6095e-05 -3.7061e-05 -3.7989e-05 -3.8874e-05 -3.9711e-05 -4.0498e-05 -4.1230e-05 -4.1903e-05 -4.2512e-05 -4.3055e-05 -4.3528e-05 -4.3926e-05 -4.4247e-05 -4.4489e-05 -4.4647e-05 -4.4720e-05 -4.4707e-05 -4.4605e-05 -4.4413e-05 -4.4131e-05 -4.3759e-05 -4.3297e-05 -4.2746e-05 -4.2108e-05 -4.1386e-05 -4.0580e-05 -3.9696e-05 -3.8737e-05 -3.7707e-05 -3.6611e-05 -3.5455e-05 -3.4244e-05 -3.2985e-05 -3.1685e-05 -3.0349e-05 -2.8985e-05 -2.7601e-05 -2.6203e-05 -2.4799e-05 -2.3396e-05 -2.2001e-05 -2.0622e-05 -1.9263e-05 -1.7932e-05 -1.6635e-05 -1.5376e-05 -1.4160e-05 -1.2991e-05 -1.1873e-05 -1.0810e-05 -9.8019e-06 -8.8520e-06 -7.9611e-06 -7.1295e-06 -6.3573e-06 -5.6438e-06 -4.9879e-06 -4.3881e-06 -3.8424e-06 -3.3485e-06 -2.9041e-06 1.5805e-07 4.4703e-07 8.2125e-07 1.2644e-06 1.7670e-06 2.3227e-06 2.9269e-06 3.5757e-06 4.2662e-06 0.0000e+00 5.7628e-06 6.5646e-06 7.3997e-06 8.2665e-06 9.1633e-06 1.0089e-05 1.1041e-05 1.2019e-05 1.3022e-05 1.4046e-05 1.5092e-05 1.6157e-05 1.7240e-05 1.8338e-05 1.9450e-05 2.0574e-05 2.1708e-05 2.2848e-05 2.3994e-05 2.5142e-05 2.6290e-05 2.7435e-05 2.8574e-05 2.9703e-05 3.0820e-05 3.1921e-05 3.3002e-05 3.4060e-05 3.5092e-05 3.6092e-05 3.7058e-05 3.7985e-05 3.8869e-05 3.9707e-05 4.0493e-05 4.1224e-05 4.1896e-05 4.2505e-05 4.3047e-05 4.3519e-05 4.3917e-05 4.4237e-05 4.4477e-05 4.4635e-05 4.4707e-05 4.4693e-05 4.4589e-05 4.4397e-05 4.4114e-05 4.3741e-05 4.3278e-05 4.2726e-05 4.2087e-05 4.1363e-05 4.0557e-05 3.9672e-05 3.8712e-05 3.7681e-05 3.6585e-05 3.5428e-05 3.4217e-05 3.2957e-05 3.1656e-05 3.0320e-05 2.8956e-05 2.7571e-05 2.6173e-05 2.4770e-05 2.3367e-05 2.1973e-05 2.0593e-05 1.9235e-05 1.7905e-05 1.6608e-05 1.5350e-05 1.4135e-05 1.2967e-05 1.1851e-05 1.0788e-05 9.7813e-06 8.8326e-06 7.9428e-06 7.1125e-06 6.3414e-06 5.6291e-06 4.9744e-06 4.3757e-06 3.8310e-06 3.3383e-06 2.8948e-06
-1.8231e-07 -5.1564e-07 -9.4729e-07 -1.4584e-06 -2.0382e-06 -2.6792e-06 -3.3761e-06 -4.1245e-06 -4.9210e-06 -5.7628e-06 1.5223e-04 -7.5721e-06 -8.5354e-06 -9.5352e-06 -1.0570e-05 -1.1637e-05 -1.2736e-05 -1.3864e-05 -1.5020e-05 -1.6202e-05 -1.7408e-05 -1.8637e-05 -1.9886e-05 -2.1153e-05 -2.2436e-05 -2.3732e-05 -2.5040e-05 -2.6356e-05 -2.7678e-05 -2.9002e-05 -3.0327e-05 -3.1647e-05 -3.2961e-05 -3.4264e-05 -3.5552e-05 -3.6823e-05 -3.8070e-05 -3.9292e-05 -4.0482e-05 -4.1637e-05 -4.2751e-05 -4.3821e-05 -4.4842e-05 -4.5809e-05 -4.6717e-05 -4.7561e-05 -4.8337e-05 -4.9041e-05 -4.9667e-05 -5.0213e-05 -5.0673e-05 -5.1044e-05 -5.1322e-05 -5.1506e-05 -5.1591e-05 -5.1576e-05 -5.1458e-05 -5.1238e-05 -5.0913e-05 -5.0484e-05 -4.9952e-05 -4.9318e-05 -4.8582e-05 -4.7749e-05 -4.6821e-05 -4.5802e-05 -4.4696e-05 -4.3508e-05 -4.2245e-05 -4.0911e-05 -3.9515e-05 -3.8063e-05 -3.6563e-05 -3.5022e-05 -3.3449e-05 -3.1852e-05 -3.0240e-05 -2.8621e-05 -2.7003e-05 -2.5394e-05 -2.3802e-05 -2.2235e-05 -2.0699e-05 -1.9202e-05 -1.7749e-05 -1.6346e-05 -1.4998e-05 -1.3708e-05 -1.2480e-05 -1.1317e-05 -1.0221e-05 -9.1926e-06 -8.2328e-06 -7.3415e-06 -6.5178e-06 -5.7606e-06 -5.0682e-06 -4.4381e-06 -3.8680e-06 -3.3547e-06 1.8231e-07 5.1564e-07 9.4729e-07 1.4584e-06 2.0382e-06 2.6792e-06 3.3761e-06 4.1245e-06 4.9210e-06 5.7628e-06 0.0000e+00 7.5721e-06 8.5354e-06 9.5352e-06 1.0570e-05 1.1637e-05 1.2736e-05 1.3864e-05 1.5020e-05 1.6202e-05 1.7408e-05 1.8637e-05 1.9885e-05 2.1152e-05 2.2435e-05 2.3732e-05 2.5039e-05 2.6355e-05 2.7677e-05 2.9001e-05 3.0325e-05 3.1646e-05 3.2959e-05 3.4262e-05 3.5550e-05 3.6820e-05 3.8067e-05 3.9288e-05 4.0477e-05 4.1632e-05 4.2746e-05 4.3815e-05 4.4835e-05 4.5801e-05 4.6708e-05 4.7551e-05 4.8326e-05 4.9029e-05 4.9654e-05 5.0198e-05 5.0657e-05 5.1026e-05 5.1303e-05 5.1485e-05 5.1569e-05 5.1552e-05 5.1433e-05 5.1210e-05 5.0884e-05 5.0454e-05 4.9920e-05 4.9283e-05 4.8547e-05 4.7712e-05 4.6782e-05 4.5761e-05 4.4654e-05 4.3465e-05 4.2200e-05 4.0865e-05 3.9468e-05 3.8015e-05 3.6514e-05 3.4973e-05 3.3400e-05 3.1803e-05 3.0190e-05 2.8571e-05 2.6953e-05 2.5345e-05 2.3754e-05 2.2188e-05 2.0653e-05 1.9157e-05 1.7706e-05 1.6304e-05 1.4957e-05 1.3669e-05 1.2444e-05 1.1283e-05 1.0188e-05 9.1619e-06 8.2041e-06 7.3147e-06 6.4930e-06 5.7378e-06 5.0472e-06 4.4190e-06 3.8506e-06 3.3391e-06
-2.0767e-07 -5.8739e-07 -1.0791e-06 -1.6614e-06 -2.3218e-06 -3.0520e-06 -3.8458e-06 -4.6984e-06 -5.6057e-06 -6.5646e-06 -7.5721e-06 2.1561e-04 -9.7230e-06 -1.0862e-05 -1.2040e-05 -1.3256e-05 -1.4508e-05 -1.5793e-05 -1.7110e-05 -1.8457e-05 -1.9831e-05 -2.1230e-05 -2.2653e-05 -2.4096e-05 -2.5557e-05 -2.7034e-05 -2.8524e-05 -3.0023e-05 -3.1529e-05 -3.3038e-05 -3.4547e-05 -3.6051e-05 -3.7548e-05 -3.9032e-05 -4.0500e-05 -4.1947e-05 -4.3369e-05 -4.4760e-05 -4.6117e-05 -4.7432e-05 -4.8702e-05 -4.9922e-05 -5.1085e-05 -5.2186e-05 -5.3221e-05 -5.4183e-05 -5.5068e-05 -5.5870e-05 -5.6584e-05 -5.7206e-05 -5.7731e-05 -5.8154e-05 -5.8472e-05 -5.8682e-05 -5.8780e-05 -5.8763e-05 -5.8630e-05 -5.8380e-05 -5.8011e-05 -5.7523e-05 -5.6918e-05 -5.6196e-05 -5.5359e-05 -5.4411e-05 -5.3354e-05 -5.2194e-05 -5.0935e-05 -4.9582e-05 -4.8144e-05 -4.6626e-05 -4.5035e-05 -4.3382e-05 -4.1673e-05 -3.9918e-05 -3.8127e-05 -3.6308e-05 -3.4471e-05 -3.2627e-05 -3.0783e-05 -2.8950e-05 -2.7136e-05 -2.5351e-05 -2.3601e-05 -2.1895e-05 -2.0239e-05 -1.8640e-05 -1.7103e-05 -1.5633e-05 -1.4234e-05 -1.2908e-05 -1.1659e-05 -1.0486e-05 -9.3920e-06 -8.3757e-06 -7.4365e-06 -6.5730e-06 -5.7833e-06 -5.0647e-06 -4.4144e-06 -3.8289e-06 2.0767e-07 5.8739e-07 1.0791e-06 1.6614e-06 2.3218e-06 3.0520e-06 3.8458e-06 4.6984e-06 5.6057e-06 6.5646e-06 7.5721e-06 0.0000e+00 9.7230e-06 1.0862e-05 1.2040e-05 1.3256e-05 1.4508e-05 1.5793e-05 1.7110e-05 1.8456e-05 1.9830e-05 2.1230e-05 2.2652e-05 2.4095e-05 2.5557e-05 2.7034e-05 2.8523e-05 3.0022e-05 3.1528e-05 3.3036e-05 3.4545e-05 3.6049e-05 3.7545e-05 3.9029e-05 4.0496e-05 4.1943e-05 4.3364e-05 4.4754e-05 4.6109e-05 4.7424e-05 4.8693e-05 4.9911e-05 5.1073e-05 5.2173e-05 5.3207e-05 5.4167e-05 5.5050e-05 5.5850e-05 5.6563e-05 5.7182e-05 5.7705e-05 5.8126e-05 5.8442e-05 5.8649e-05 5.8744e-05 5.8725e-05 5.8589e-05 5.8336e-05 5.7964e-05 5.7474e-05 5.6866e-05 5.6141e-05 5.5301e-05 5.4350e-05 5.3291e-05 5.2128e-05 5.0867e-05 4.9512e-05 4.8071e-05 4.6551e-05 4.4960e-05 4.3305e-05 4.1595e-05 3.9839e-05 3.8047e-05 3.6228e-05 3.4391e-05 3.2547e-05 3.0704e-05 2.8871e-05 2.7059e-05 2.5275e-05 2.3527e-05 2.1823e-05 2.0169e-05 1.8573e-05 1.7039e-05 1.5571e-05 1.4175e-05 1.2852e-05 1.1606e-05 1.0437e-05 9.3456e-06 8.3325e-06 7.3965e-06 6.5362e-06 5.7495e-06 5.0339e-06 4.3864e-06 3.8037e-06
-2.3409e-07 -6.6212e-07 -1.2164e-06 -1.8727e-06 -2.6172e-06 -3.4403e-06 -4.3351e-06 -5.2961e-06 -6.3189e-06 -7.3997e-06 -8.5354e-06 -9.7230e-06 2.9697e-04 -1.2244e-05 -1.3572e-05 -1.4943e-05 -1.6354e-05 -1.7802e-05 -1.9287e-05 -2.0805e-05 -2.2354e-05 -2.3931e-05 -2.5535e-05 -2.7162e-05 -2.8809e-05 -3.0474e-05 -3.2153e-05 -3.3843e-05 -3.5541e-05 -3.7242e-05 -3.8943e-05 -4.0639e-05 -4.2326e-05 -4.3999e-05 -4.5654e-05 -4.7286e-05 -4.8889e-05 -5.0457e-05 -5.1986e-05 -5.3470e-05 -5.4902e-05 -5.6277e-05 -5.7589e-05 -5.8831e-05 -5.9998e-05 -6.1083e-05 -6.2081e-05 -6.2986e-05 -6.3792e-05 -6.4494e-05 -6.5086e-05 -6.5564e-05 -6.5924e-05 -6.6161e-05 -6.6273e-05 -6.6255e-05 -6.6106e-05 -6.5825e-05 -6.5411e-05 -6.4862e-05 -6.4181e-05 -6.3368e-05 -6.2426e-05 -6.1358e-05 -6.0169e-05 -5.8862e-05 -5.7443e-05 -5.5920e-05 -5.4299e-05 -5.2589e-05 -5.0797e-05 -4.8934e-05 -4.7008e-05 -4.5030e-05 -4.3011e-05 -4.0961e-05 -3.8891e-05 -3.6811e-05 -3.4733e-05 -3.2666e-05 -3.0621e-05 -2.8608e-05 -2.6635e-05 -2.4711e-05 -2.2844e-05 -2.1040e-05 -1.9307e-05 -1.7649e-05 -1.6070e-05 -1.4574e-05 -1.3164e-05 -1.1841e-05 -1.0607e-05 -9.4596e-06 -8.3996e-06 -7.4249e-06 -6.5334e-06 -5.7222e-06 -4.9879e-06 -4.3268e-06 2.3409e-07 6.6212e-07 1.2164e-06 1.8727e-06 2.6172e-06 3.4403e-06 4.3351e-06 5.2961e-06 6.3189e-06 7.3997e-06 8.5354e-06 9.7230e-06 0.0000e+00 1.2244e-05 1.3572e-05 1.4943e-05 1.6354e-05 1.7802e-05 1.9287e-05 2.0804e-05 2.2353e-05 2.3931e-05 2.5534e-05 2.7161e-05 2.8808e-05 3.0473e-05 3.2152e-05 3.3841e-05 3.5539e-05 3.7239e-05 3.8939e-05 4.0635e-05 4.2321e-05 4.3994e-05 4.5648e-05 4.7279e-05 4.8880e-05 5.0448e-05 5.1975e-05 5.3457e-05 5.4888e-05 5.6261e-05 5.7571e-05 5.8811e-05 5.9975e-05 6.1058e-05 6.2054e-05 6.2956e-05 6.3759e-05 6.4457e-05 6.5046e-05 6.5521e-05 6.5877e-05 6.6110e-05 6.6217e-05 6.6195e-05 6.6043e-05 6.5757e-05 6.5338e-05 6.4785e-05 6.4100e-05 6.3283e-05 6.2337e-05 6.1264e-05 6.0071e-05 5.8760e-05 5.7338e-05 5.5811e-05 5.4187e-05 5.2473e-05 5.0679e-05 4.8814e-05 4.6886e-05 4.4907e-05 4.2887e-05 4.0837e-05 3.8766e-05 3.6687e-05 3.4610e-05 3.2544e-05 3.0501e-05 2.8490e-05 2.6520e-05 2.4599e-05 2.2735e-05 2.0936e-05 1.9206e-05 1.7552e-05 1.5978e-05 1.4487e-05 1.3082e-05 1.1764e-05 1.0534e-05 9.3925e-06 8.3374e-06 7.3677e-06 6.4809e-06 5.6743e-06 4.9444e-06 4.2876e-06
-2.6151e-07 -7.3967e-07 -1.3589e-06 -2.0921e-06 -2.9237e-06 -3.8433e-06 -4.8428e-06 -5.9164e-06 -7.0590e-06 -8.2665e-06 -9.5352e-06 -1.0862e-05 -1.2244e-05 3.9944e-04 -1.5162e-05 -1.6693e-05 -1.8269e-05 -1.9888e-05 -2.1546e-05 -2.3242e-05 -2.4972e-05 -2.6734e-05 -2.8526e-05 -3.0344e-05 -3.2184e-05 -3.4044e-05 -3.5920e-05 -3.7808e-05 -3.9705e-05 -4.1605e-05 -4.3505e-05 -4.5400e-05 -4.7285e-05 -4.9155e-05 -5.1004e-05 -5.2828e-05 -5.4619e-05 -5.6371e-05 -5.8080e-05 -5.9738e-05 -6.1338e-05 -6.2875e-05 -6.4341e-05 -6.5730e-05 -6.7034e-05 -6.8248e-05 -6.9364e-05 -7.0376e-05 -7.1277e-05 -7.2063e-05 -7.2726e-05 -7.3261e-05 -7.3664e-05 -7.3931e-05 -7.4057e-05 -7.4039e-05 -7.3874e-05 -7.3562e-05 -7.3100e-05 -7.2489e-05 -7.1730e-05 -7.0824e-05 -6.9773e-05 -6.8582e-05 -6.7254e-05 -6.5796e-05 -6.4213e-05 -6.2512e-05 -6.0703e-05 -5.8793e-05 -5.6793e-05 -5.4712e-05 -5.2561e-05 -5.0352e-05 -4.8097e-05 -4.5807e-05 -4.3494e-05 -4.1171e-05 -3.8849e-05 -3.6540e-05 -3.4255e-05 -3.2004e-05 -2.9799e-05 -2.7649e-05 -2.5561e-05 -2.3545e-05 -2.1607e-05 -1.9753e-05 -1.7988e-05 -1.6315e-05 -1.4738e-05 -1.3258e-05 -1.1877e-05 -1.0594e-05 -9.4074e-06 -8.3168e-06 -7.3190e-06 -6.4109e-06 -5.5889e-06 -4.8488e-06 2.6151e-07 7.3967e-07 1.3589e-06 2.0921e-06 2.9237e-06 3.8433e-06 4.8428e-06 5.9164e-06 7.0590e-06 8.2665e-06 9.5352e-06 1.0862e-05 1.2244e-05 0.0000e+00 1.5162e-05 1.6693e-05 1.8269e-05 1.9887e-05 2.1546e-05 2.3241e-05 2.4972e-05 2.6734e-05 2.8525e-05 3.0342e-05 3.2182e-05 3.4042e-05 3.5918e-05 3.7805e-05 3.9701e-05 4.1601e-05 4.3500e-05 4.5395e-05 4.7279e-05 4.9147e-05 5.0995e-05 5.2817e-05 5.4606e-05 5.6357e-05 5.8063e-05 5.9719e-05 6.1317e-05 6.2851e-05 6.4314e-05 6.5700e-05 6.7001e-05 6.8210e-05 6.9322e-05 7.0330e-05 7.1227e-05 7.2007e-05 7.2665e-05 7.3195e-05 7.3593e-05 7.3854e-05 7.3973e-05 7.3949e-05 7.3779e-05 7.3460e-05 7.2992e-05 7.2374e-05 7.1608e-05 7.0695e-05 6.9638e-05 6.8441e-05 6.7107e-05 6.5643e-05 6.4054e-05 6.2348e-05 6.0534e-05 5.8620e-05 5.6616e-05 5.4531e-05 5.2378e-05 5.0167e-05 4.7911e-05 4.5620e-05 4.3307e-05 4.0984e-05 3.8664e-05 3.6356e-05 3.4074e-05 3.1827e-05 2.9626e-05 2.7480e-05 2.5398e-05 2.3388e-05 2.1456e-05 1.9608e-05 1.7850e-05 1.6184e-05 1.4615e-05 1.3142e-05 1.1768e-05 1.0493e-05 9.3140e-06 8.2307e-06 7.2400e-06 6.3389e-06 5.5236e-06 4.7898e-06
-2.8989e-07 -8.1992e-07 -1.5063e-06 -2.3191e-06 -3.2409e-06 -4.2602e-06 -5.3683e-06 -6.5583e-06 -7.8249e-06 -9.1634e-06 -1.0570e-05 -1.2040e-05 -1.3572e-05 -1.5162e-05 5.2639e-04 -1.8504e-05 -2.0251e-05 -2.2046e-05 -2.3884e-05 -2.5763e-05 -2.7682e-05 -2.9635e-05 -3.1621e-05 -3.3636e-05 -3.5676e-05 -3.7738e-05 -3.9818e-05 -4.1911e-05 -4.4014e-05 -4.6121e-05 -4.8227e-05 -5.0328e-05 -5.2418e-05 -5.4491e-05 -5.6541e-05 -5.8563e-05 -6.0549e-05 -6.2492e-05 -6.4387e-05 -6.6226e-05 -6.8001e-05 -6.9705e-05 -7.1331e-05 -7.2872e-05 -7.4319e-05 -7.5665e-05 -7.6904e-05 -7.8027e-05 -7.9028e-05 -7.9900e-05 -8.0637e-05 -8.1233e-05 -8.1682e-05 -8.1979e-05 -8.2121e-05 -8.2103e-05 -8.1923e-05 -8.1579e-05 -8.1069e-05 -8.0395e-05 -7.9555e-05 -7.8553e-05 -7.7391e-05 -7.6072e-05 -7.4603e-05 -7.2988e-05 -7.1235e-05 -6.9352e-05 -6.7348e-05 -6.5233e-05 -6.3016e-05 -6.0711e-05 -5.8328e-05 -5.5881e-05 -5.3381e-05 -5.0843e-05 -4.8279e-05 -4.5704e-05 -4.3129e-05 -4.0569e-05 -3.8035e-05 -3.5539e-05 -3.3093e-05 -3.0708e-05 -2.8392e-05 -2.6155e-05 -2.4005e-05 -2.1947e-05 -1.9988e-05 -1.8131e-05 -1.6380e-05 -1.4738e-05 -1.3204e-05 -1.1778e-05 -1.0461e-05 -9.2494e-06 -8.1409e-06 -7.1319e-06 -6.2184e-06 -5.3957e-06 2.8989e-07 8.1992e-07 1.5063e-06 2.3191e-06 3.2409e-06 4.2602e-06 5.3683e-06 6.5583e-06 7.8249e-06 9.1633e-06 1.0570e-05 1.2040e-05 1.3572e-05 1.5162e-05 0.0000e+00 1.8504e-05 2.0251e-05 2.2045e-05 2.3883e-05 2.5763e-05 2.7681e-05 2.9634e-05 3.1620e-05 3.3634e-05 3.5674e-05 3.7735e-05 3.9814e-05 4.1907e-05 4.4009e-05 4.6115e-05 4.8220e-05 5.0320e-05 5.2408e-05 5.4479e-05 5.6528e-05 5.8547e-05 6.0530e-05 6.2471e-05 6.4363e-05 6.6198e-05 6.7970e-05 6.9670e-05 7.1292e-05 7.2827e-05 7.4270e-05 7.5611e-05 7.6843e-05 7.7960e-05 7.8954e-05 7.9819e-05 8.0549e-05 8.1137e-05 8.1577e-05 8.1866e-05 8.1999e-05 8.1972e-05 8.1783e-05 8.1429e-05 8.0911e-05 8.0226e-05 7.9377e-05 7.8365e-05 7.7194e-05 7.5866e-05 7.4388e-05 7.2764e-05 7.1003e-05 6.9113e-05 6.7102e-05 6.4980e-05 6.2758e-05 6.0448e-05 5.8061e-05 5.5610e-05 5.3109e-05 5.0569e-05 4.8006e-05 4.5431e-05 4.2858e-05 4.0301e-05 3.7771e-05 3.5280e-05 3.2840e-05 3.0462e-05 2.8154e-05 2.5925e-05 2.3784e-05 2.1736e-05 1.9786e-05 1.7940e-05 1.6200e-05 1.4568e-05 1.3045e-05 1.1631e-05 1.0325e-05 9.1236e-06 8.0255e-06 7.0266e-06 6.1228e-06 5.3094e-06
-3.1916e-07 -9.0273e-07 -1.6584e-06 -2.5533e-06 -3.5683e-06 -4.6905e-06 -5.9104e-06 -7.2206e-06 -8.6151e-06 -1.0089e-05 -1.1637e-05 -1.3256e-05 -1.4943e-05 -1.6693e-05 -1.8504e-05 6.8142e-04 -2.2297e-05 -2.4272e-05 -2.6296e-05 -2.8366e-05 -3.0478e-05 -3.2629e-05 -3.4815e-05 -3.7034e-05 -3.9280e-05 -4.1550e-05 -4.3840e-05 -4.6145e-05 -4.8460e-05 -5.0780e-05 -5.3100e-05 -5.5414e-05 -5.7715e-05 -5.9998e-05 -6.2256e-05 -6.4482e-05 -6.6670e-05 -6.8810e-05 -7.0897e-05 -7.2923e-05 -7.4878e-05 -7.6756e-05 -7.8548e-05 -8.0246e-05 -8.1841e-05 -8.3325e-05 -8.4690e-05 -8.5929e-05 -8.7033e-05 -8.7996e-05 -8.8809e-05 -8.9468e-05 -8.9965e-05 -9.0295e-05 -9.0454e-05 -9.0437e-05 -9.0242e-05 -8.9866e-05 -8.9308e-05 -8.8569e-05 -8.7647e-05 -8.6547e-05 -8.5270e-05 -8.3822e-05 -8.2207e-05 -8.0432e-05 -7.8505e-05 -7.6434e-05 -7.4230e-05 -7.1903e-05 -6.9465e-05 -6.6928e-05 -6.4306e-05 -6.1612e-05 -5.8861e-05 -5.6066e-05 -5.3244e-05 -5.0408e-05 -4.7573e-05 -4.4753e-05 -4.1961e-05 -3.9212e-05 -3.6517e-05 -3.3889e-05 -3.1337e-05 -2.8872e-05 -2.6501e-05 -2.4232e-05 -2.2072e-05 -2.0024e-05 -1.8093e-05 -1.6281e-05 -1.4589e-05 -1.3016e-05 -1.1562e-05 -1.0224e-05 -9.0006e-06 -7.8864e-06 -6.8774e-06 -5.9687e-06 3.1916e-07 9.0273e-07 1.6584e-06 2.5533e-06 3.5683e-06 4.6905e-06 5.9104e-06 7.2206e-06 8.6151e-06 1.0089e-05 1.1637e-05 1.3256e-05 1.4943e-05 1.6693e-05 1.8504e-05 0.0000e+00 2.2296e-05 2.4272e-05 2.6295e-05 2.8365e-05 3.0476e-05 3.2627e-05 3.4813e-05 3.7031e-05 3.9277e-05 4.1546e-05 4.3835e-05 4.6139e-05 4.8453e-05 5.0772e-05 5.3090e-05 5.5401e-05 5.7701e-05 5.9981e-05 6.2236e-05 6.4460e-05 6.6643e-05 6.8780e-05 7.0863e-05 7.2884e-05 7.4834e-05 7.6706e-05 7.8492e-05 8.0182e-05 8.1770e-05 8.3247e-05 8.4604e-05 8.5833e-05 8.6928e-05 8.7881e-05 8.8684e-05 8.9331e-05 8.9816e-05 9.0134e-05 9.0280e-05 9.0251e-05 9.0042e-05 8.9653e-05 8.9082e-05 8.8328e-05 8.7394e-05 8.6280e-05 8.4990e-05 8.3528e-05 8.1900e-05 8.0113e-05 7.8174e-05 7.6093e-05 7.3878e-05 7.1542e-05 6.9096e-05 6.6552e-05 6.3925e-05 6.1226e-05 5.8472e-05 5.5676e-05 5.2854e-05 5.0019e-05 4.7187e-05 4.4371e-05 4.1585e-05 3.8843e-05 3.6157e-05 3.3538e-05 3.0997e-05 2.8544e-05 2.6186e-05 2.3931e-05 2.1785e-05 1.9752e-05 1.7836e-05 1.6039e-05 1.4363e-05 1.2806e-05 1.1367e-05 1.0045e-05 8.8360e-06 7.7363e-06 6.7412e-06 5.8456e-06
-3.4930e-07 -9.8796e-07 -1.8150e-06 -2.7943e-06 -3.9051e-06 -5.1333e-06 -6.4684e-06 -7.9024e-06 -9.4285e-06 -1.1041e-05 -1.2736e-05 -1.4508e-05 -1.6354e-05 -1.8269e-05 -2.0251e-05 -2.2297e-05 8.6842e-04 -2.6564e-05 -2.8779e-05 -3.1044e-05 -3.3355e-05 -3.5710e-05 -3.8103e-05 -4.0531e-05 -4.2989e-05 -4.5474e-05 -4.7981e-05 -5.0504e-05 -5.3038e-05 -5.5577e-05 -5.8116e-05 -6.0649e-05 -6.3168e-05 -6.5668e-05 -6.8140e-05 -7.0577e-05 -7.2972e-05 -7.5316e-05 -7.7601e-05 -7.9819e-05 -8.1961e-05 -8.4018e-05 -8.5981e-05 -8.7841e-05 -8.9588e-05 -9.1215e-05 -9.2712e-05 -9.4071e-05 -9.5282e-05 -9.6338e-05 -9.7232e-05 -9.7956e-05 -9.8503e-05 -9.8868e-05 -9.9046e-05 -9.9031e-05 -9.8822e-05 -9.8414e-05 -9.7808e-05 -9.7003e-05 -9.5999e-05 -9.4799e-05 -9.3405e-05 -9.1824e-05 -9.0060e-05 -8.8122e-05 -8.6016e-05 -8.3753e-05 -8.1344e-05 -7.8800e-05 -7.6134e-05 -7.3359e-05 -7.0491e-05 -6.7545e-05 -6.4535e-05 -6.1477e-05 -5.8388e-05 -5.5284e-05 -5.2180e-05 -4.9093e-05 -4.6036e-05 -4.3025e-05 -4.0074e-05 -3.7194e-05 -3.4398e-05 -3.1696e-05 -2.9098e-05 -2.6611e-05 -2.4242e-05 -2.1997e-05 -1.9879e-05 -1.7891e-05 -1.6034e-05 -1.4308e-05 -1.2712e-05 -1.1244e-05 -9.8999e-06 -8.6762e-06 -7.5678e-06 -6.5693e-06 3.4930e-07 9.8796e-07 1.8150e-06 2.7943e-06 3.9051e-06 5.1333e-06 6.4684e-06 7.9024e-06 9.4285e-06 1.1041e-05 1.2736e-05 1.4508e-05 1.6354e-05 1.8269e-05 2.0251e-05 2.2296e-05 0.0000e+00 2.6563e-05 2.8778e-05 3.1043e-05 3.3354e-05 3.5707e-05 3.8100e-05 4.0527e-05 4.2985e-05 4.5469e-05 4.7974e-05 5.0495e-05 5.3028e-05 5.5565e-05 5.8102e-05 6.0632e-05 6.3148e-05 6.5644e-05 6.8112e-05 7.0545e-05 7.2935e-05 7.5274e-05 7.7553e-05 7.9765e-05 8.1899e-05 8.3948e-05 8.5902e-05 8.7753e-05 8.9490e-05 9.1106e-05 9.2591e-05 9.3937e-05 9.5135e-05 9.6178e-05 9.7056e-05 9.7765e-05 9.8296e-05 9.8644e-05 9.8804e-05 9.8772e-05 9.8544e-05 9.8118e-05 9.7492e-05 9.6668e-05 9.5645e-05 9.4425e-05 9.3014e-05 9.1414e-05 8.9632e-05 8.7677e-05 8.5555e-05 8.3277e-05 8.0853e-05 7.8297e-05 7.5619e-05 7.2836e-05 6.9960e-05 6.7007e-05 6.3993e-05 6.0933e-05 5.7844e-05 5.4741e-05 5.1642e-05 4.8560e-05 4.5512e-05 4.2511e-05 3.9571e-05 3.6705e-05 3.3924e-05 3.1238e-05 2.8658e-05 2.6190e-05 2.3841e-05 2.1617e-05 1.9520e-05 1.7554e-05 1.5719e-05 1.4015e-05 1.2440e-05 1.0993e-05 9.6702e-06 8.4666e-06 7.3776e-06 6.3975e-06
