1.1986e-04 -1.6829e-04 -1.9626e-04 -2.1159e-04 -2.1659e-04 -2.1302e-04 -2.0256e-04 -1.8694e-04 -1.6784e-04 -1.4686e-04 -1.2537e-04 -1.0451e-04 -8.5132e-05 -6.7797e-05 -5.2808e-05 -4.0243e-05 -3.0012e-05 -2.1909e-05 -1.5658e-05 -1.0958e-05 -7.5099e-06 -5.0408e-06 -3.3142e-06 -2.1345e-06 -1.3468e-06 -8.3252e-07 -5.0422e-07 -2.9922e-07 -1.7399e-07 -9.9138e-08 -5.5354e-08 -3.0288e-08 -1.6241e-08 -8.5343e-09 -4.3951e-09 -2.2183e-09 -1.0973e-09 -5.3196e-10 -2.5276e-10 -1.1771e-10 -5.3723e-11 -2.4033e-11 -1.0537e-11 -4.5284e-12 -1.9074e-12 -7.8745e-13 -3.1864e-13 -1.2638e-13 -4.9128e-14 -1.8720e-14 -6.9912e-15 -2.5593e-15 -9.1828e-16 -3.2295e-16 -1.1133e-16 -3.7615e-17 -1.2457e-17 -4.0439e-18 -1.2867e-18 -4.0128e-19 -1.2267e-19 -3.6755e-20 -1.0795e-20 -3.1075e-21 -8.7683e-22 -2.4251e-22 -6.5741e-23 -1.7468e-23 -4.5496e-24 -1.1615e-24 -2.9063e-25 -7.1281e-26 -1.7136e-26 -4.0380e-27 -9.3264e-28 -2.1114e-28 -4.6853e-29 -1.0191e-29 -2.1726e-30 -4.5399e-31 -9.2987e-32 -1.8668e-32 -3.6736e-33 -7.0857e-34 -1.3396e-34 -2.4824e-35 -4.5089e-36 -8.0275e-37 -1.4008e-37 -2.3961e-38 -4.0171e-39 -6.6013e-40 -1.0633e-40 -1.6787e-41 -2.5978e-42 -3.9403e-43 -5.8582e-44 -8.5370e-45 -1.2194e-45 -1.7072e-46 0.0000e+00 1.6816e-04 1.9590e-04 2.1092e-04 2.1552e-04 2.1149e-04 2.0059e-04 1.8457e-04 1.6516e-04 1.4397e-04 1.2240e-04 1.0157e-04 8.2333e-05 6.5224e-05 5.0517e-05 3.8267e-05 2.8357e-05 2.0562e-05 1.4592e-05 1.0136e-05 6.8929e-06 4.5893e-06 2.9920e-06 1.9102e-06 1.1943e-06 7.3137e-07 4.3868e-07 2.5773e-07 1.4833e-07 8.3624e-08 4.6186e-08 2.4990e-08 1.3248e-08 6.8804e-09 3.5012e-09 1.7456e-09 8.5277e-10 4.0819e-10 1.9145e-10 8.7986e-11 3.9623e-11 1.7485e-11 7.5607e-12 3.2037e-12 1.3303e-12 5.4130e-13 2.1584e-13 8.4343e-14 3.2298e-14 1.2120e-14 4.4574e-15 1.6065e-15 5.6740e-16 1.9640e-16 6.6621e-17 2.2148e-17 7.2157e-18 2.3039e-18 7.2094e-19 2.2109e-19 6.6450e-20 1.9573e-20 5.6503e-21 1.5986e-21 4.4325e-22 1.2045e-22 3.2080e-23 8.3736e-24 2.1421e-24 5.3706e-25 1.3197e-25 3.1781e-26 7.5011e-27 1.7352e-27 3.9339e-28 8.7409e-29 1.9035e-29 4.0627e-30 8.4984e-31 1.7423e-31 3.5008e-32 6.8940e-33 1.3306e-33 2.5170e-34 4.6663e-35 8.4788e-36 1.5099e-36 2.6354e-37 4.5081e-38 7.5580e-39 1.2419e-39 2.0000e-40 3.1566e-41 4.8830e-42 7.4030e-43 1.1000e-43 1.6019e-44 2.2864e-45 3.1983e-46 4.3848e-47
-1.6829e-04 4.7905e-04 -2.7080e-04 -2.9318e-04 -3.0171e-04 -2.9865e-04 -2.8615e-04 -2.6638e-04 -2.4151e-04 -2.1359e-04 -1.8449e-04 -1.5575e-04 -1.2860e-04 -1.0390e-04 -8.2167e-05 -6.3624e-05 -4.8247e-05 -3.5837e-05 -2.6077e-05 -1.8591e-05 -1.2987e-05 -8.8893e-06 -5.9627e-06 -3.9197e-06 -2.5252e-06 -1.5943e-06 -9.8656e-07 -5.9832e-07 -3.5565e-07 -2.0719e-07 -1.1830e-07 -6.6208e-08 -3.6316e-08 -1.9523e-08 -1.0287e-08 -5.3127e-09 -2.6891e-09 -1.3341e-09 -6.4868e-10 -3.0914e-10 -1.4439e-10 -6.6102e-11 -2.9659e-11 -1.3043e-11 -5.6216e-12 -2.3747e-12 -9.8320e-13 -3.9897e-13 -1.5867e-13 -6.1850e-14 -2.3629e-14 -8.8474e-15 -3.2468e-15 -1.1678e-15 -4.1167e-16 -1.4223e-16 -4.8163e-17 -1.5985e-17 -5.1995e-18 -1.6576e-18 -5.1795e-19 -1.5862e-19 -4.7610e-20 -1.4006e-20 -4.0383e-21 -1.1412e-21 -3.1607e-22 -8.5801e-23 -2.2828e-23 -5.9529e-24 -1.5215e-24 -3.8113e-25 -9.3573e-26 -2.2517e-26 -5.3107e-27 -1.2276e-27 -2.7814e-28 -6.1766e-29 -1.3443e-29 -2.8678e-30 -5.9961e-31 -1.2288e-31 -2.4681e-32 -4.8587e-33 -9.3751e-34 -1.7730e-34 -3.2865e-35 -5.9710e-36 -1.0633e-36 -1.8558e-37 -3.1746e-38 -5.3229e-39 -8.7476e-40 -1.4090e-40 -2.2246e-41 -3.4424e-42 -5.2211e-43 -7.7616e-44 -1.1309e-44 -1.6151e-45 1.6816e-04 0.0000e+00 2.6886e-04 2.8946e-04 2.9578e-04 2.9025e-04 2.7529e-04 2.5330e-04 2.2666e-04 1.9757e-04 1.6796e-04 1.3938e-04 1.1298e-04 8.9493e-05 6.9309e-05 5.2496e-05 3.8897e-05 2.8201e-05 2.0010e-05 1.3897e-05 9.4482e-06 6.2890e-06 4.0989e-06 2.6160e-06 1.6350e-06 1.0008e-06 5.9996e-07 3.5229e-07 2.0262e-07 1.1416e-07 6.3000e-08 3.4059e-08 1.8038e-08 9.3587e-09 4.7568e-09 2.3687e-09 1.1555e-09 5.5229e-10 2.5861e-10 1.1864e-10 5.3323e-11 2.3481e-11 1.0130e-11 4.2819e-12 1.7732e-12 7.1946e-13 2.8599e-13 1.1138e-13 4.2496e-14 1.5886e-14 5.8176e-15 2.0873e-15 7.3366e-16 2.5263e-16 8.5222e-17 2.8162e-17 9.1168e-18 2.8911e-18 8.9805e-19 2.7325e-19 8.1437e-20 2.3772e-20 6.7967e-21 1.9031e-21 5.2189e-22 1.4015e-22 3.6855e-23 9.4897e-24 2.3924e-24 5.9049e-25 1.4267e-25 3.3743e-26 7.8108e-27 1.7693e-27 3.9217e-28 8.5040e-29 1.8037e-29 3.7413e-30 7.5872e-31 1.5039e-31 2.9127e-32 5.5096e-33 1.0174e-33 1.8332e-34 3.2202e-35 5.5105e-36 9.1751e-37 1.4843e-37 2.3285e-38 3.5330e-39 5.1648e-40 7.2341e-41 9.6216e-42 1.1965e-42 1.3494e-43 1.2800e-44 7.5553e-46 -5.8279e-47 -3.2546e-47 -7.9726e-48
-1.9626e-04 -2.7080e-04 1.0764e-03 -3.4699e-04 -3.6020e-04 -3.6029e-04 -3.4940e-04 -3.2972e-04 -3.0346e-04 -2.7280e-04 -2.3979e-04 -2.0623e-04 -1.7363e-04 -1.4315e-04 -1.1561e-04 -9.1469e-05 -7.0909e-05 -5.3864e-05 -4.0097e-05 -2.9250e-05 -2.0911e-05 -1.4651e-05 -1.0059e-05 -6.7689e-06 -4.4637e-06 -2.8847e-06 -1.8270e-06 -1.1339e-06 -6.8971e-07 -4.1111e-07 -2.4014e-07 -1.3747e-07 -7.7114e-08 -4.2392e-08 -2.2838e-08 -1.2057e-08 -6.2376e-09 -3.1624e-09 -1.5712e-09 -7.6501e-10 -3.6502e-10 -1.7068e-10 -7.8210e-11 -3.5121e-11 -1.5456e-11 -6.6657e-12 -2.8173e-12 -1.1669e-12 -4.7366e-13 -1.8843e-13 -7.3459e-14 -2.8066e-14 -1.0509e-14 -3.8564e-15 -1.3869e-15 -4.8882e-16 -1.6885e-16 -5.7162e-17 -1.8965e-17 -6.1668e-18 -1.9652e-18 -6.1380e-19 -1.8789e-19 -5.6366e-20 -1.6573e-20 -4.7759e-21 -1.3489e-21 -3.7337e-22 -1.0129e-22 -2.6933e-23 -7.0189e-24 -1.7927e-24 -4.4878e-25 -1.1011e-25 -2.6478e-26 -6.2406e-27 -1.4416e-27 -3.2638e-28 -7.2426e-29 -1.5752e-29 -3.3579e-30 -7.0157e-31 -1.4367e-31 -2.8836e-32 -5.6726e-33 -1.0937e-33 -2.0670e-34 -3.8286e-35 -6.9508e-36 -1.2368e-36 -2.1571e-37 -3.6875e-38 -6.1784e-39 -1.0146e-39 -1.6332e-40 -2.5766e-41 -3.9842e-42 -6.0386e-43 -8.9706e-44 -1.3062e-44 1.9590e-04 2.6886e-04 0.0000e+00 3.3723e-04 3.4458e-04 3.3814e-04 3.2070e-04 2.9507e-04 2.6402e-04 2.3011e-04 1.9560e-04 1.6229e-04 1.3151e-04 1.0415e-04 8.0631e-05 6.1046e-05 4.5209e-05 3.2757e-05 2.3225e-05 1.6116e-05 1.0946e-05 7.2771e-06 4.7363e-06 3.0179e-06 1.8828e-06 1.1500e-06 6.8782e-07 4.0280e-07 2.3097e-07 1.2968e-07 7.1292e-08 3.8376e-08 2.0226e-08 1.0437e-08 5.2732e-09 2.6082e-09 1.2629e-09 5.9861e-10 2.7772e-10 1.2611e-10 5.6037e-11 2.4366e-11 1.0365e-11 4.3133e-12 1.7554e-12 6.9857e-13 2.7176e-13 1.0331e-13 3.8369e-14 1.3914e-14 4.9248e-15 1.7000e-15 5.7194e-16 1.8733e-16 5.9660e-17 1.8443e-17 5.5215e-18 1.5958e-18 4.4316e-19 1.1740e-19 2.9319e-20 6.7512e-21 1.3657e-21 2.0960e-22 5.6198e-24 -1.3744e-23 -8.0126e-24 -3.3066e-24 -1.1783e-24 -3.8448e-25 -1.1786e-25 -3.4401e-26 -9.6360e-27 -2.6035e-27 -6.8088e-28 -1.7278e-28 -4.2618e-29 -1.0232e-29 -2.3939e-30 -5.4619e-31 -1.2161e-31 -2.6440e-32 -5.6153e-33 -1.1654e-33 -2.3645e-34 -4.6911e-35 -9.1025e-36 -1.7278e-36 -3.2090e-37 -5.8323e-38 -1.0375e-38 -1.8064e-39 -3.0790e-40 -5.1381e-41 -8.3953e-42 -1.3432e-42 -2.1045e-43 -3.2292e-44 -4.8527e-45 -7.1425e-46
-2.1159e-04 -2.9318e-04 -3.4699e-04 1.9100e-03 -4.0104e-04 -4.0677e-04 -4.0078e-04 -3.8490e-04 -3.6104e-04 -3.3118e-04 -2.9733e-04 -2.6139e-04 -2.2508e-04 -1.8988e-04 -1.5694e-04 -1.2711e-04 -1.0087e-04 -7.8441e-05 -5.9769e-05 -4.4624e-05 -3.2645e-05 -2.3400e-05 -1.6434e-05 -1.1309e-05 -7.6251e-06 -5.0373e-06 -3.2604e-06 -2.0677e-06 -1.2848e-06 -7.8222e-07 -4.6661e-07 -2.7272e-07 -1.5619e-07 -8.7642e-08 -4.8188e-08 -2.5961e-08 -1.3705e-08 -7.0891e-09 -3.5933e-09 -1.7847e-09 -8.6861e-10 -4.1426e-10 -1.9360e-10 -8.8665e-11 -3.9792e-11 -1.7500e-11 -7.5423e-12 -3.1855e-12 -1.3185e-12 -5.3479e-13 -2.1258e-13 -8.2810e-14 -3.1614e-14 -1.1828e-14 -4.3369e-15 -1.5585e-15 -5.4884e-16 -1.8943e-16 -6.4075e-17 -2.1242e-17 -6.9014e-18 -2.1976e-18 -6.8580e-19 -2.0976e-19 -6.2878e-20 -1.8473e-20 -5.3192e-21 -1.5011e-21 -4.1520e-22 -1.1255e-22 -2.9905e-23 -7.7874e-24 -1.9875e-24 -4.9718e-25 -1.2189e-25 -2.9291e-26 -6.8986e-27 -1.5924e-27 -3.6029e-28 -7.9894e-29 -1.7365e-29 -3.6991e-30 -7.7234e-31 -1.5805e-31 -3.1702e-32 -6.2325e-33 -1.2009e-33 -2.2681e-34 -4.1985e-35 -7.6176e-36 -1.3547e-36 -2.3612e-37 -4.0339e-38 -6.7548e-39 -1.1086e-39 -1.7834e-40 -2.8120e-41 -4.3459e-42 -6.5830e-43 -9.7740e-44 2.1092e-04 2.8946e-04 3.3723e-04 0.0000e+00 3.7097e-04 3.6402e-04 3.4521e-04 3.1758e-04 2.8411e-04 2.4756e-04 2.1036e-04 1.7445e-04 1.4128e-04 1.1180e-04 8.6471e-05 6.5388e-05 4.8354e-05 3.4973e-05 2.4743e-05 1.7126e-05 1.1596e-05 7.6821e-06 4.9790e-06 3.1571e-06 1.9584e-06 1.1884e-06 7.0533e-07 4.0941e-07 2.3238e-07 1.2894e-07 6.9931e-08 3.7058e-08 1.9181e-08 9.6933e-09 4.7799e-09 2.2985e-09 1.0769e-09 4.9107e-10 2.1765e-10 9.3592e-11 3.8947e-11 1.5630e-11 6.0171e-12 2.2041e-12 7.5756e-13 2.3784e-13 6.4048e-14 1.1845e-14 -9.8998e-16 -2.6398e-15 -1.8826e-15 -1.0374e-15 -5.0478e-16 -2.2697e-16 -9.6314e-17 -3.9018e-17 -1.5195e-17 -5.7148e-18 -2.0821e-18 -7.3652e-19 -2.5338e-19 -8.4883e-20 -2.7718e-20 -8.8292e-21 -2.7453e-21 -8.3367e-22 -2.4735e-22 -7.1733e-23 -2.0339e-23 -5.6399e-24 -1.5298e-24 -4.0597e-25 -1.0543e-25 -2.6794e-26 -6.6655e-27 -1.6233e-27 -3.8702e-28 -9.0349e-29 -2.0653e-29 -4.6234e-30 -1.0136e-30 -2.1764e-31 -4.5772e-32 -9.4291e-33 -1.9027e-33 -3.7611e-34 -7.2833e-35 -1.3817e-35 -2.5680e-36 -4.6762e-37 -8.3427e-38 -1.4583e-38 -2.4976e-39 -4.1914e-40 -6.8922e-41 -1.1105e-41 -1.7533e-42 -2.7125e-43 -4.1123e-44 -6.1093e-45
-2.1659e-04 -3.0171e-04 -3.6020e-04 -4.0104e-04 2.9773e-03 -4.4087e-04 -4.4263e-04 -4.3384e-04 -4.1581e-04 -3.9006e-04 -3.5832e-04 -3.2243e-04 -2.8423e-04 -2.4546e-04 -2.0768e-04 -1.7213e-04 -1.3977e-04 -1.1118e-04 -8.6626e-05 -6.6118e-05 -4.9435e-05 -3.6205e-05 -2.5974e-05 -1.8254e-05 -1.2566e-05 -8.4744e-06 -5.5984e-06 -3.6232e-06 -2.2971e-06 -1.4268e-06 -8.6824e-07 -5.1762e-07 -3.0234e-07 -1.7302e-07 -9.7016e-08 -5.3299e-08 -2.8690e-08 -1.5132e-08 -7.8206e-09 -3.9604e-09 -1.9653e-09 -9.5561e-10 -4.5533e-10 -2.1260e-10 -9.7275e-11 -4.3616e-11 -1.9164e-11 -8.2520e-12 -3.4821e-12 -1.4399e-12 -5.8354e-13 -2.3176e-13 -9.0204e-14 -3.4407e-14 -1.2862e-14 -4.7123e-15 -1.6920e-15 -5.9538e-16 -2.0533e-16 -6.9400e-17 -2.2989e-17 -7.4636e-18 -2.3748e-18 -7.4058e-19 -2.2635e-19 -6.7804e-20 -1.9906e-20 -5.7280e-21 -1.6154e-21 -4.4651e-22 -1.2096e-22 -3.2119e-23 -8.3586e-24 -2.1320e-24 -5.3299e-25 -1.3060e-25 -3.1363e-26 -7.3823e-27 -1.7031e-27 -3.8511e-28 -8.5351e-29 -1.8540e-29 -3.9474e-30 -8.2376e-31 -1.6849e-31 -3.3778e-32 -6.6371e-33 -1.2783e-33 -2.4129e-34 -4.4644e-35 -8.0962e-36 -1.4391e-36 -2.5072e-37 -4.2813e-38 -7.1658e-39 -1.1756e-39 -1.8903e-40 -2.9792e-41 -4.6022e-42 -6.9685e-43 2.1552e-04 2.9578e-04 3.4458e-04 3.7097e-04 0.0000e+00 3.7188e-04 3.5261e-04 3.2430e-04 2.9000e-04 2.5256e-04 2.1443e-04 1.7765e-04 1.4368e-04 1.1350e-04 8.7597e-05 6.6060e-05 4.8687e-05 3.5068e-05 2.4686e-05 1.6982e-05 1.1414e-05 7.4950e-06 4.8063e-06 3.0090e-06 1.8382e-06 1.0952e-06 6.3585e-07 3.5940e-07 1.9751e-07 1.0536e-07 5.4432e-08 2.7145e-08 1.3006e-08 5.9432e-09 2.5588e-09 1.0147e-09 3.5244e-10 9.1791e-11 2.6519e-12 -1.9549e-11 -1.9253e-11 -1.3642e-11 -8.3795e-12 -4.7214e-12 -2.5014e-12 -1.2626e-12 -6.1187e-13 -2.8613e-13 -1.2955e-13 -5.6929e-14 -2.4324e-14 -1.0119e-14 -4.1025e-15 -1.6225e-15 -6.2632e-16 -2.3612e-16 -8.6976e-17 -3.1314e-17 -1.1023e-17 -3.7950e-18 -1.2781e-18 -4.2113e-19 -1.3580e-19 -4.2857e-20 -1.3240e-20 -4.0042e-21 -1.1857e-21 -3.4378e-22 -9.7610e-23 -2.7142e-23 -7.3917e-24 -1.9717e-24 -5.1515e-25 -1.3185e-25 -3.3056e-26 -8.1189e-27 -1.9536e-27 -4.6055e-28 -1.0637e-28 -2.4072e-29 -5.3374e-30 -1.1596e-30 -2.4685e-31 -5.1490e-32 -1.0525e-32 -2.1080e-33 -4.1374e-34 -7.9576e-35 -1.4998e-35 -2.7703e-36 -5.0144e-37 -8.8948e-38 -1.5463e-38 -2.6343e-39 -4.3983e-40 -7.1968e-41 -1.1541e-41 -1.8138e-42 -2.7939e-43 -4.2176e-44
-2.1302e-04 -2.9865e-04 -3.6029e-04 -4.0677e-04 -4.4087e-04 4.2751e-03 -4.7528e-04 -4.7628e-04 -4.6707e-04 -4.4849e-04 -4.2178e-04 -3.8852e-04 -3.5052e-04 -3.0973e-04 -2.6803e-04 -2.2715e-04 -1.8852e-04 -1.5322e-04 -1.2195e-04 -9.5047e-05 -7.2550e-05 -5.4233e-05 -3.9705e-05 -2.8470e-05 -1.9994e-05 -1.3754e-05 -9.2671e-06 -6.1165e-06 -3.9545e-06 -2.5047e-06 -1.5541e-06 -9.4469e-07 -5.6260e-07 -3.2826e-07 -1.8765e-07 -1.0511e-07 -5.7682e-08 -3.1017e-08 -1.6343e-08 -8.4376e-09 -4.2686e-09 -2.1161e-09 -1.0280e-09 -4.8934e-10 -2.2827e-10 -1.0435e-10 -4.6746e-11 -2.0522e-11 -8.8289e-12 -3.7224e-12 -1.5381e-12 -6.2281e-13 -2.4716e-13 -9.6125e-14 -3.6639e-14 -1.3686e-14 -5.0106e-15 -1.7978e-15 -6.3219e-16 -2.1788e-16 -7.3592e-17 -2.4362e-17 -7.9043e-18 -2.5135e-18 -7.8335e-19 -2.3928e-19 -7.1634e-20 -2.1019e-20 -6.0447e-21 -1.7038e-21 -4.7069e-22 -1.2745e-22 -3.3822e-23 -8.7973e-24 -2.2428e-24 -5.6040e-25 -1.3725e-25 -3.2945e-26 -7.7509e-27 -1.7873e-27 -4.0397e-28 -8.9492e-29 -1.9431e-29 -4.1353e-30 -8.6260e-31 -1.7636e-31 -3.5341e-32 -6.9416e-33 -1.3364e-33 -2.5217e-34 -4.6638e-35 -8.4546e-36 -1.5022e-36 -2.6163e-37 -4.4660e-38 -7.4723e-39 -1.2254e-39 -1.9698e-40 -3.1034e-41 -4.7926e-42 2.1149e-04 2.9025e-04 3.3814e-04 3.6402e-04 3.7188e-04 0.0000e+00 3.4579e-04 3.1787e-04 2.8404e-04 2.4710e-04 2.0950e-04 1.7322e-04 1.3974e-04 1.1002e-04 8.4546e-05 6.3413e-05 4.6415e-05 3.3146e-05 2.3083e-05 1.5668e-05 1.0357e-05 6.6604e-06 4.1611e-06 2.5206e-06 1.4765e-06 8.3309e-07 4.5016e-07 2.3077e-07 1.1040e-07 4.7684e-08 1.7094e-08 3.5128e-09 -1.6191e-09 -2.9070e-09 -2.6788e-09 -2.0169e-09 -1.3639e-09 -8.5874e-10 -5.1236e-10 -2.9256e-10 -1.6087e-10 -8.5525e-11 -4.4089e-11 -2.2083e-11 -1.0764e-11 -5.1117e-12 -2.3672e-12 -1.0698e-12 -4.7213e-13 -2.0355e-13 -8.5773e-14 -3.5336e-14 -1.4237e-14 -5.6111e-15 -2.1637e-15 -8.1650e-16 -3.0157e-16 -1.0903e-16 -3.8592e-17 -1.3375e-17 -4.5389e-18 -1.5084e-18 -4.9095e-19 -1.5651e-19 -4.8869e-20 -1.4947e-20 -4.4785e-21 -1.3146e-21 -3.7802e-22 -1.0650e-22 -2.9396e-23 -7.9502e-24 -2.1067e-24 -5.4700e-25 -1.3917e-25 -3.4695e-26 -8.4757e-27 -2.0290e-27 -4.7598e-28 -1.0942e-28 -2.4651e-29 -5.4423e-30 -1.1775e-30 -2.4967e-31 -5.1883e-32 -1.0566e-32 -2.1089e-33 -4.1251e-34 -7.9082e-35 -1.4858e-35 -2.7361e-36 -4.9381e-37 -8.7347e-38 -1.5143e-38 -2.5730e-39 -4.2849e-40 -6.9940e-41 -1.1189e-41 -1.7544e-42 -2.6963e-43
-2.0256e-04 -2.8615e-04 -3.4940e-04 -4.0078e-04 -4.4263e-04 -4.7528e-04 5.7999e-03 -5.1100e-04 -5.1301e-04 -5.0429e-04 -4.8540e-04 -4.5746e-04 -4.2211e-04 -3.8130e-04 -3.3719e-04 -2.9191e-04 -2.4739e-04 -2.0526e-04 -1.6673e-04 -1.3260e-04 -1.0326e-04 -7.8736e-05 -5.8791e-05 -4.2991e-05 -3.0788e-05 -2.1595e-05 -1.4836e-05 -9.9837e-06 -6.5811e-06 -4.2496e-06 -2.6883e-06 -1.6660e-06 -1.0115e-06 -6.0170e-07 -3.5068e-07 -2.0025e-07 -1.1204e-07 -6.1425e-08 -3.2997e-08 -1.7369e-08 -8.9586e-09 -4.5280e-09 -2.2427e-09 -1.0885e-09 -5.1771e-10 -2.4130e-10 -1.1022e-10 -4.9336e-11 -2.1642e-11 -9.3040e-12 -3.9199e-12 -1.6185e-12 -6.5493e-13 -2.5973e-13 -1.0095e-13 -3.8453e-14 -1.4355e-14 -5.2522e-15 -1.8834e-15 -6.6189e-16 -2.2798e-16 -7.6963e-17 -2.5464e-17 -8.2575e-18 -2.6244e-18 -8.1751e-19 -2.4959e-19 -7.4685e-20 -2.1904e-20 -6.2962e-21 -1.7739e-21 -4.8983e-22 -1.3257e-22 -3.5167e-23 -9.1434e-24 -2.3300e-24 -5.8198e-25 -1.4247e-25 -3.4186e-26 -8.0400e-27 -1.8533e-27 -4.1873e-28 -9.2729e-29 -2.0127e-29 -4.2819e-30 -8.9288e-31 -1.8249e-31 -3.6558e-32 -7.1783e-33 -1.3815e-33 -2.6060e-34 -4.8184e-35 -8.7322e-36 -1.5511e-36 -2.7006e-37 -4.6087e-38 -7.7089e-39 -1.2639e-39 -2.0310e-40 -3.1991e-41 2.0059e-04 2.7529e-04 3.2070e-04 3.4521e-04 3.5261e-04 3.4579e-04 0.0000e+00 3.0088e-04 2.6852e-04 2.3318e-04 1.9720e-04 1.6250e-04 1.3049e-04 1.0212e-04 7.7857e-05 5.7799e-05 4.1747e-05 2.9302e-05 1.9954e-05 1.3153e-05 8.3643e-06 5.1059e-06 2.9685e-06 1.6220e-06 8.1204e-07 3.5133e-07 1.0784e-07 -7.4964e-09 -5.1990e-08 -6.0665e-08 -5.3664e-08 -4.1710e-08 -2.9904e-08 -2.0218e-08 -1.3047e-08 -8.0934e-09 -4.8490e-09 -2.8149e-09 -1.5869e-09 -8.7030e-10 -4.6490e-10 -2.4214e-10 -1.2306e-10 -6.1066e-11 -2.9603e-11 -1.4026e-11 -6.4970e-12 -2.9433e-12 -1.3043e-12 -5.6556e-13 -2.3999e-13 -9.9676e-14 -4.0527e-14 -1.6133e-14 -6.2881e-15 -2.4001e-15 -8.9716e-16 -3.2846e-16 -1.1778e-16 -4.1373e-17 -1.4236e-17 -4.7988e-18 -1.5848e-18 -5.1275e-19 -1.6254e-19 -5.0486e-20 -1.5364e-20 -4.5817e-21 -1.3388e-21 -3.8334e-22 -1.0756e-22 -2.9574e-23 -7.9686e-24 -2.1041e-24 -5.4448e-25 -1.3808e-25 -3.4317e-26 -8.3584e-27 -1.9952e-27 -4.6677e-28 -1.0702e-28 -2.4049e-29 -5.2966e-30 -1.1433e-30 -2.4187e-31 -5.0151e-32 -1.0192e-32 -2.0301e-33 -3.9631e-34 -7.5832e-35 -1.4222e-35 -2.6142e-36 -4.7099e-37 -8.3171e-38 -1.4396e-38 -2.4422e-39 -4.0609e-40 -6.6185e-41 -1.0573e-41 -1.6555e-42
-1.8694e-04 -2.6638e-04 -3.2972e-04 -3.8490e-04 -4.3384e-04 -4.7628e-04 -5.1100e-04 7.5476e-03 -5.5133e-04 -5.5461e-04 -5.4606e-04 -5.2617e-04 -4.9614e-04 -4.5780e-04 -4.1338e-04 -3.6530e-04 -3.1592e-04 -2.6743e-04 -2.2159e-04 -1.7974e-04 -1.4273e-04 -1.1098e-04 -8.4496e-05 -6.2998e-05 -4.5998e-05 -3.2894e-05 -2.3039e-05 -1.5807e-05 -1.0623e-05 -6.9932e-06 -4.5101e-06 -2.8496e-06 -1.7639e-06 -1.0698e-06 -6.3566e-07 -3.7008e-07 -2.1112e-07 -1.1801e-07 -6.4634e-08 -3.4689e-08 -1.8243e-08 -9.4018e-09 -4.7480e-09 -2.3498e-09 -1.1396e-09 -5.4161e-10 -2.5226e-10 -1.1514e-10 -5.1505e-11 -2.2579e-11 -9.7003e-12 -4.0843e-12 -1.6854e-12 -6.8159e-13 -2.7015e-13 -1.0494e-13 -3.9950e-14 -1.4906e-14 -5.4510e-15 -1.9537e-15 -6.8627e-16 -2.3627e-16 -7.9722e-17 -2.6365e-17 -8.5458e-18 -2.7149e-18 -8.4534e-19 -2.5798e-19 -7.7164e-20 -2.2622e-20 -6.5002e-21 -1.8307e-21 -5.0532e-22 -1.3672e-22 -3.6254e-23 -9.4227e-24 -2.4004e-24 -5.9935e-25 -1.4668e-25 -3.5185e-26 -8.2722e-27 -1.9063e-27 -4.3057e-28 -9.5322e-29 -2.0684e-29 -4.3992e-30 -9.1709e-31 -1.8739e-31 -3.7529e-32 -7.3670e-33 -1.4175e-33 -2.6732e-34 -4.9414e-35 -8.9530e-36 -1.5900e-36 -2.7676e-37 -4.7220e-38 -7.8966e-39 -1.2944e-39 -2.0796e-40 1.8457e-04 2.5330e-04 2.9507e-04 3.1758e-04 3.2430e-04 3.1787e-04 3.0088e-04 0.0000e+00 2.4581e-04 2.1285e-04 1.7927e-04 1.4689e-04 1.1705e-04 9.0647e-05 6.8143e-05 4.9637e-05 3.4942e-05 2.3677e-05 1.5349e-05 9.4256e-06 5.3852e-06 2.7588e-06 1.1484e-06 2.3425e-07 -2.2705e-07 -4.1208e-07 -4.4211e-07 -3.9574e-07 -3.2047e-07 -2.4248e-07 -1.7421e-07 -1.1995e-07 -7.9604e-08 -5.1120e-08 -3.1852e-08 -1.9293e-08 -1.1378e-08 -6.5398e-09 -3.6671e-09 -2.0074e-09 -1.0734e-09 -5.6088e-10 -2.8653e-10 -1.4315e-10 -6.9956e-11 -3.3450e-11 -1.5653e-11 -7.1695e-12 -3.2147e-12 -1.4113e-12 -6.0667e-13 -2.5539e-13 -1.0529e-13 -4.2518e-14 -1.6818e-14 -6.5161e-15 -2.4733e-15 -9.1973e-16 -3.3507e-16 -1.1960e-16 -4.1830e-17 -1.4334e-17 -4.8133e-18 -1.5837e-18 -5.1063e-19 -1.6134e-19 -4.9953e-20 -1.5157e-20 -4.5069e-21 -1.3133e-21 -3.7507e-22 -1.0498e-22 -2.8795e-23 -7.7411e-24 -2.0396e-24 -5.2667e-25 -1.3329e-25 -3.3063e-26 -8.0381e-27 -1.9153e-27 -4.4730e-28 -1.0239e-28 -2.2971e-29 -5.0512e-30 -1.0887e-30 -2.2998e-31 -4.7620e-32 -9.6644e-33 -1.9225e-33 -3.7483e-34 -7.1633e-35 -1.3418e-35 -2.4636e-36 -4.4337e-37 -7.8208e-38 -1.3522e-38 -2.2917e-39 -3.8068e-40 -6.1984e-41 -9.8925e-42
-1.6784e-04 -2.4151e-04 -3.0346e-04 -3.6104e-04 -4.1581e-04 -4.6707e-04 -5.1301e-04 -5.5133e-04 9.5143e-03 -5.9652e-04 -6.0036e-04 -5.9103e-04 -5.6912e-04 -5.3607e-04 -4.9397e-04 -4.4534e-04 -3.9286e-04 -3.3916e-04 -2.8657e-04 -2.3702e-04 -1.9192e-04 -1.5214e-04 -1.1810e-04 -8.9766e-05 -6.6822e-05 -4.8717e-05 -3.4788e-05 -2.4333e-05 -1.6672e-05 -1.1190e-05 -7.3577e-06 -4.7397e-06 -2.9913e-06 -1.8497e-06 -1.1206e-06 -6.6524e-07 -3.8694e-07 -2.2053e-07 -1.2316e-07 -6.7401e-08 -3.6145e-08 -1.8994e-08 -9.7815e-09 -4.9362e-09 -2.4412e-09 -1.1831e-09 -5.6194e-10 -2.6156e-10 -1.1931e-10 -5.3340e-11 -2.3370e-11 -1.0035e-11 -4.2228e-12 -1.7416e-12 -7.0398e-13 -2.7888e-13 -1.0828e-13 -4.1204e-14 -1.5367e-14 -5.6170e-15 -2.0123e-15 -7.0657e-16 -2.4316e-16 -8.2016e-17 -2.7113e-17 -8.7851e-18 -2.7899e-18 -8.6838e-19 -2.6492e-19 -7.9214e-20 -2.3215e-20 -6.6685e-21 -1.8775e-21 -5.1809e-22 -1.4013e-22 -3.7147e-23 -9.6522e-24 -2.4582e-24 -6.1361e-25 -1.5013e-25 -3.6003e-26 -8.4624e-27 -1.9496e-27 -4.4025e-28 -9.7442e-29 -2.1139e-29 -4.4950e-30 -9.3684e-31 -1.9138e-31 -3.8321e-32 -7.5208e-33 -1.4468e-33 -2.7279e-34 -5.0415e-35 -9.1326e-36 -1.6215e-36 -2.8220e-37 -4.8139e-38 -8.0490e-39 -1.3191e-39 1.6516e-04 2.2666e-04 2.6402e-04 2.8411e-04 2.9000e-04 2.8404e-04 2.6852e-04 2.4581e-04 0.0000e+00 1.8816e-04 1.5747e-04 1.2786e-04 1.0060e-04 7.6528e-05 5.6104e-05 3.9429e-05 2.6338e-05 1.6475e-05 9.3711e-06 4.5124e-06 1.3950e-06 -4.3783e-07 -1.3737e-06 -1.7225e-06 -1.7183e-06 -1.5273e-06 -1.2599e-06 -9.8343e-07 -7.3417e-07 -5.2766e-07 -3.6667e-07 -2.4709e-07 -1.6182e-07 -1.0315e-07 -6.4080e-08 -3.8831e-08 -2.2971e-08 -1.3273e-08 -7.4949e-09 -4.1376e-09 -2.2338e-09 -1.1798e-09 -6.0969e-10 -3.0836e-10 -1.5266e-10 -7.3989e-11 -3.5112e-11 -1.6316e-11 -7.4256e-12 -3.3098e-12 -1.4451e-12 -6.1802e-13 -2.5893e-13 -1.0628e-13 -4.2736e-14 -1.6838e-14 -6.5000e-15 -2.4587e-15 -9.1129e-16 -3.3097e-16 -1.1779e-16 -4.1083e-17 -1.4042e-17 -4.7032e-18 -1.5438e-18 -4.9663e-19 -1.5658e-19 -4.8379e-20 -1.4650e-20 -4.3481e-21 -1.2648e-21 -3.6058e-22 -1.0076e-22 -2.7593e-23 -7.4066e-24 -1.9486e-24 -5.0247e-25 -1.2699e-25 -3.1459e-26 -7.6386e-27 -1.8179e-27 -4.2405e-28 -9.6956e-29 -2.1728e-29 -4.7729e-30 -1.0277e-30 -2.1688e-31 -4.4863e-32 -9.0963e-33 -1.8078e-33 -3.5217e-34 -6.7246e-35 -1.2586e-35 -2.3090e-36 -4.1521e-37 -7.3187e-38 -1.2645e-38 -2.1414e-39 -3.5548e-40 -5.7841e-41
-1.4686e-04 -2.1359e-04 -2.7280e-04 -3.3118e-04 -3.9006e-04 -4.4849e-04 -5.0429e-04 -5.5461e-04 -5.9652e-04 1.1695e-02 -6.4497e-04 -6.4831e-04 -6.3718e-04 -6.1238e-04 -5.7562e-04 -5.2927e-04 -4.7612e-04 -4.1912e-04 -3.6107e-04 -3.0448e-04 -2.5135e-04 -2.0314e-04 -1.6076e-04 -1.2458e-04 -9.4546e-05 -7.0275e-05 -5.1163e-05 -3.6485e-05 -2.5487e-05 -1.7442e-05 -1.1693e-05 -7.6803e-06 -4.9424e-06 -3.1161e-06 -1.9250e-06 -1.1652e-06 -6.9110e-07 -4.0165e-07 -2.2873e-07 -1.2764e-07 -6.9802e-08 -3.7406e-08 -1.9644e-08 -1.0109e-08 -5.0984e-09 -2.5199e-09 -1.2205e-09 -5.7938e-10 -2.6953e-10 -1.2289e-10 -5.4909e-11 -2.4045e-11 -1.0320e-11 -4.3408e-12 -1.7895e-12 -7.2300e-13 -2.8630e-13 -1.1111e-13 -4.2265e-14 -1.5757e-14 -5.7574e-15 -2.0619e-15 -7.2371e-16 -2.4897e-16 -8.3949e-17 -2.7743e-17 -8.9863e-18 -2.8529e-18 -8.8773e-19 -2.7074e-19 -8.0932e-20 -2.3712e-20 -6.8095e-21 -1.9166e-21 -5.2876e-22 -1.4298e-22 -3.7894e-23 -9.8439e-24 -2.5064e-24 -6.2551e-25 -1.5301e-25 -3.6684e-26 -8.6209e-27 -1.9857e-27 -4.4831e-28 -9.9205e-29 -2.1518e-29 -4.5746e-30 -9.5325e-31 -1.9470e-31 -3.8978e-32 -7.6484e-33 -1.4711e-33 -2.7732e-34 -5.1245e-35 -9.2813e-36 -1.6477e-36 -2.8671e-37 -4.8900e-38 -8.1750e-39 1.4397e-04 1.9757e-04 2.3011e-04 2.4756e-04 2.5256e-04 2.4710e-04 2.3318e-04 2.1285e-04 1.8816e-04 0.0000e+00 1.3352e-04 1.0687e-04 8.2345e-05 6.0744e-05 4.2507e-05 2.7755e-05 1.6354e-05 7.9792e-06 2.1902e-06 -1.5030e-06 -3.5881e-06 -4.5113e-06 -4.6536e-06 -4.3196e-06 -3.7380e-06 -3.0683e-06 -2.4126e-06 -1.8282e-06 -1.3405e-06 -9.5377e-07 -6.5979e-07 -4.4445e-07 -2.9187e-07 -1.8702e-07 -1.1702e-07 -7.1529e-08 -4.2738e-08 -2.4970e-08 -1.4270e-08 -7.9785e-09 -4.3656e-09 -2.3381e-09 -1.2259e-09 -6.2934e-10 -3.1637e-10 -1.5575e-10 -7.5100e-11 -3.5470e-11 -1.6410e-11 -7.4376e-12 -3.3026e-12 -1.4367e-12 -6.1241e-13 -2.5577e-13 -1.0467e-13 -4.1975e-14 -1.6494e-14 -6.3518e-15 -2.3970e-15 -8.8646e-16 -3.2128e-16 -1.1412e-16 -3.9725e-17 -1.3553e-17 -4.5317e-18 -1.4851e-18 -4.7700e-19 -1.5016e-19 -4.6331e-20 -1.4011e-20 -4.1529e-21 -1.2065e-21 -3.4354e-22 -9.5881e-23 -2.6229e-23 -7.0329e-24 -1.8484e-24 -4.7614e-25 -1.2023e-25 -2.9755e-26 -7.2182e-27 -1.7164e-27 -4.0004e-28 -9.1391e-29 -2.0465e-29 -4.4921e-30 -9.6648e-31 -2.0382e-31 -4.2133e-32 -8.5372e-33 -1.6956e-33 -3.3010e-34 -6.2994e-35 -1.1783e-35 -2.1605e-36 -3.8829e-37 -6.8404e-38 -1.1812e-38 -1.9994e-39 -3.3173e-40
-1.2537e-04 -1.8449e-04 -2.3979e-04 -2.9733e-04 -3.5832e-04 -4.2178e-04 -4.8540e-04 -5.4606e-04 -6.0036e-04 -6.4497e-04 1.4087e-02 -6.9457e-04 -6.9645e-04 -6.8273e-04 -6.5446e-04 -6.1361e-04 -5.6282e-04 -5.0512e-04 -4.4366e-04 -3.8142e-04 -3.2100e-04 -2.6450e-04 -2.1340e-04 -1.6860e-04 -1.3046e-04 -9.8864e-05 -7.3385e-05 -5.3358e-05 -3.8005e-05 -2.6518e-05 -1.8128e-05 -1.2141e-05 -7.9664e-06 -5.1217e-06 -3.2263e-06 -1.9914e-06 -1.2044e-06 -7.1381e-07 -4.1454e-07 -2.3591e-07 -1.3156e-07 -7.1898e-08 -3.8505e-08 -2.0209e-08 -1.0394e-08 -5.2392e-09 -2.5881e-09 -1.2529e-09 -5.9446e-10 -2.7642e-10 -1.2597e-10 -5.6261e-11 -2.4627e-11 -1.0565e-11 -4.4421e-12 -1.8305e-12 -7.3933e-13 -2.9266e-13 -1.1354e-13 -4.3174e-14 -1.6090e-14 -5.8774e-15 -2.1042e-15 -7.3834e-16 -2.5393e-16 -8.5596e-17 -2.8280e-17 -9.1577e-18 -2.9066e-18 -9.0419e-19 -2.7569e-19 -8.2392e-20 -2.4134e-20 -6.9291e-21 -1.9499e-21 -5.3781e-22 -1.4539e-22 -3.8526e-23 -1.0006e-23 -2.5472e-24 -6.3557e-25 -1.5544e-25 -3.7261e-26 -8.7547e-27 -2.0162e-27 -4.5511e-28 -1.0069e-28 -2.1837e-29 -4.6417e-30 -9.6707e-31 -1.9749e-31 -3.9531e-32 -7.7558e-33 -1.4915e-33 -2.8114e-34 -5.1942e-35 -9.4064e-36 -1.6697e-36 -2.9050e-37 -4.9540e-38 1.2240e-04 1.6796e-04 1.9560e-04 2.1036e-04 2.1443e-04 2.0950e-04 1.9720e-04 1.7927e-04 1.5747e-04 1.3352e-04 0.0000e+00 8.5301e-05 6.3470e-05 4.4274e-05 2.8152e-05 1.5253e-05 5.4791e-06 -1.4537e-06 -5.9489e-06 -8.4705e-06 -9.4899e-06 -9.4455e-06 -8.7165e-06 -7.6088e-06 -6.3525e-06 -5.1065e-06 -3.9698e-06 -2.9935e-06 -2.1943e-06 -1.5661e-06 -1.0895e-06 -7.3960e-07 -4.9023e-07 -3.1747e-07 -2.0097e-07 -1.2440e-07 -7.5325e-08 -4.4627e-08 -2.5876e-08 -1.4686e-08 -8.1606e-09 -4.4401e-09 -2.3657e-09 -1.2345e-09 -6.3099e-10 -3.1592e-10 -1.5495e-10 -7.4457e-11 -3.5053e-11 -1.6169e-11 -7.3076e-12 -3.2363e-12 -1.4044e-12 -5.9725e-13 -2.4890e-13 -1.0165e-13 -4.0684e-14 -1.5958e-14 -6.1344e-15 -2.3111e-15 -8.5336e-16 -3.0882e-16 -1.0954e-16 -3.8079e-17 -1.2975e-17 -4.3330e-18 -1.4183e-18 -4.5503e-19 -1.4309e-19 -4.4103e-20 -1.3324e-20 -3.9455e-21 -1.1452e-21 -3.2581e-22 -9.0854e-23 -2.4834e-23 -6.6535e-24 -1.7473e-24 -4.4979e-25 -1.1349e-25 -2.8069e-26 -6.8049e-27 -1.6171e-27 -3.7666e-28 -8.5999e-29 -1.9247e-29 -4.2223e-30 -9.0794e-31 -1.9138e-31 -3.9541e-32 -8.0079e-33 -1.5897e-33 -3.0935e-34 -5.9006e-35 -1.1032e-35 -2.0220e-36 -3.6324e-37 -6.3966e-38 -1.1041e-38 -1.8682e-39
-1.0451e-04 -1.5575e-04 -2.0623e-04 -2.6139e-04 -3.2243e-04 -3.8852e-04 -4.5746e-04 -5.2617e-04 -5.9103e-04 -6.4831e-04 -6.9457e-04 1.6685e-02 -7.4345e-04 -7.4321e-04 -7.2644e-04 -6.9443e-04 -6.4940e-04 -5.9420e-04 -5.3208e-04 -4.6635e-04 -4.0014e-04 -3.3614e-04 -2.7650e-04 -2.2273e-04 -1.7572e-04 -1.3577e-04 -1.0276e-04 -7.6183e-05 -5.5329e-05 -3.9366e-05 -2.7440e-05 -1.8740e-05 -1.2539e-05 -8.2206e-06 -5.2808e-06 -3.3240e-06 -2.0501e-06 -1.2391e-06 -7.3384e-07 -4.2590e-07 -2.4222e-07 -1.3500e-07 -7.3736e-08 -3.9468e-08 -2.0703e-08 -1.0643e-08 -5.3622e-09 -2.6476e-09 -1.2812e-09 -6.0760e-10 -2.8241e-10 -1.2865e-10 -5.7435e-11 -2.5132e-11 -1.0778e-11 -4.5300e-12 -1.8661e-12 -7.5346e-13 -2.9816e-13 -1.1564e-13 -4.3959e-14 -1.6378e-14 -5.9809e-15 -2.1407e-15 -7.5095e-16 -2.5820e-16 -8.7014e-17 -2.8742e-17 -9.3050e-18 -2.9527e-18 -9.1833e-19 -2.7995e-19 -8.3646e-20 -2.4497e-20 -7.0317e-21 -1.9784e-21 -5.4557e-22 -1.4746e-22 -3.9068e-23 -1.0145e-23 -2.5821e-24 -6.4418e-25 -1.5752e-25 -3.7753e-26 -8.8691e-27 -2.0422e-27 -4.6092e-28 -1.0196e-28 -2.2109e-29 -4.6989e-30 -9.7887e-31 -1.9987e-31 -4.0003e-32 -7.8475e-33 -1.5089e-33 -2.8439e-34 -5.2537e-35 -9.5129e-36 -1.6884e-36 -2.9372e-37 1.0157e-04 1.3938e-04 1.6229e-04 1.7445e-04 1.7765e-04 1.7322e-04 1.6250e-04 1.4689e-04 1.2786e-04 1.0687e-04 8.5301e-05 0.0000e+00 4.5033e-05 2.8041e-05 1.3830e-05 2.5822e-06 -5.7510e-06 -1.1402e-05 -1.4731e-05 -1.6170e-05 -1.6172e-05 -1.5170e-05 -1.3545e-05 -1.1612e-05 -9.6086e-06 -7.7033e-06 -5.9983e-06 -4.5449e-06 -3.3555e-06 -2.4166e-06 -1.6990e-06 -1.1669e-06 -7.8329e-07 -5.1413e-07 -3.3009e-07 -2.0735e-07 -1.2747e-07 -7.6712e-08 -4.5196e-08 -2.6073e-08 -1.4730e-08 -8.1508e-09 -4.4176e-09 -2.3454e-09 -1.2199e-09 -6.2163e-10 -3.1036e-10 -1.5182e-10 -7.2775e-11 -3.4183e-11 -1.5734e-11 -7.0968e-12 -3.1370e-12 -1.3589e-12 -5.7693e-13 -2.4005e-13 -9.7890e-14 -3.9123e-14 -1.5325e-14 -5.8837e-15 -2.2140e-15 -8.1656e-16 -2.9518e-16 -1.0459e-16 -3.6323e-17 -1.2365e-17 -4.1255e-18 -1.3492e-18 -4.3250e-19 -1.3590e-19 -4.1854e-20 -1.2635e-20 -3.7389e-21 -1.0845e-21 -3.0833e-22 -8.5927e-23 -2.3473e-23 -6.2852e-24 -1.6497e-24 -4.2442e-25 -1.0703e-25 -2.6459e-26 -6.4112e-27 -1.5228e-27 -3.5454e-28 -8.0913e-29 -1.8101e-29 -3.9692e-30 -8.5317e-31 -1.7976e-31 -3.7126e-32 -7.5162e-33 -1.4916e-33 -2.9015e-34 -5.5325e-35 -1.0341e-35 -1.8946e-36 -3.4026e-37 -5.9900e-38 -1.0337e-38
-8.5132e-05 -1.2860e-04 -1.7363e-04 -2.2508e-04 -2.8423e-04 -3.5052e-04 -4.2211e-04 -4.9614e-04 -5.6912e-04 -6.3718e-04 -6.9645e-04 -7.4345e-04 1.9486e-02 -7.9034e-04 -7.8762e-04 -7.6761e-04 -7.3183e-04 -6.8268e-04 -6.2324e-04 -5.5692e-04 -4.8719e-04 -4.1727e-04 -3.4996e-04 -2.8743e-04 -2.3121e-04 -1.8216e-04 -1.4058e-04 -1.0627e-04 -7.8702e-05 -5.7100e-05 -4.0587e-05 -2.8265e-05 -1.9287e-05 -1.2895e-05 -8.4472e-06 -5.4224e-06 -3.4107e-06 -2.1023e-06 -1.2698e-06 -7.5158e-07 -4.3594e-07 -2.4780e-07 -1.3804e-07 -7.5357e-08 -4.0317e-08 -2.1139e-08 -1.0862e-08 -5.4702e-09 -2.6999e-09 -1.3060e-09 -6.1912e-10 -2.8766e-10 -1.3099e-10 -5.8463e-11 -2.5573e-11 -1.0964e-11 -4.6068e-12 -1.8972e-12 -7.6579e-13 -3.0295e-13 -1.1747e-13 -4.4643e-14 -1.6629e-14 -6.0710e-15 -2.1724e-15 -7.6191e-16 -2.6191e-16 -8.8247e-17 -2.9143e-17 -9.4330e-18 -2.9927e-18 -9.3060e-19 -2.8364e-19 -8.4733e-20 -2.4811e-20 -7.1206e-21 -2.0031e-21 -5.5229e-22 -1.4926e-22 -3.9537e-23 -1.0265e-23 -2.6124e-24 -6.5162e-25 -1.5932e-25 -3.8179e-26 -8.9679e-27 -2.0647e-27 -4.6593e-28 -1.0306e-28 -2.2344e-29 -4.7483e-30 -9.8906e-31 -2.0193e-31 -4.0410e-32 -7.9264e-33 -1.5240e-33 -2.8719e-34 -5.3049e-35 -9.6047e-36 -1.7045e-36 8.2333e-05 1.1298e-04 1.3151e-04 1.4128e-04 1.4368e-04 1.3974e-04 1.3049e-04 1.1705e-04 1.0060e-04 8.2345e-05 6.3470e-05 4.5033e-05 0.0000e+00 1.2858e-05 2.6707e-07 -9.6163e-06 -1.6783e-05 -2.1403e-05 -2.3783e-05 -2.4316e-05 -2.3431e-05 -2.1553e-05 -1.9070e-05 -1.6308e-05 -1.3524e-05 -1.0901e-05 -8.5546e-06 -6.5447e-06 -4.8860e-06 -3.5622e-06 -2.5377e-06 -1.7674e-06 -1.2039e-06 -8.0226e-07 -5.2318e-07 -3.3396e-07 -2.0869e-07 -1.2770e-07 -7.6520e-08 -4.4908e-08 -2.5816e-08 -1.4538e-08 -8.0201e-09 -4.3348e-09 -2.2956e-09 -1.1912e-09 -6.0565e-10 -3.0176e-10 -1.4734e-10 -7.0499e-11 -3.3058e-11 -1.5192e-11 -6.8424e-12 -3.0203e-12 -1.3067e-12 -5.5406e-13 -2.3026e-13 -9.3794e-14 -3.7447e-14 -1.4654e-14 -5.6206e-15 -2.1131e-15 -7.7867e-16 -2.8125e-16 -9.9576e-17 -3.4556e-17 -1.1755e-17 -3.9193e-18 -1.2809e-18 -4.1035e-19 -1.2886e-19 -3.9664e-20 -1.1967e-20 -3.5394e-21 -1.0261e-21 -2.9158e-22 -8.1220e-23 -2.2177e-23 -5.9356e-24 -1.5572e-24 -4.0047e-25 -1.0095e-25 -2.4946e-26 -6.0425e-27 -1.4347e-27 -3.3391e-28 -7.6179e-29 -1.7036e-29 -3.7346e-30 -8.0249e-31 -1.6903e-31 -3.4901e-32 -7.0636e-33 -1.4014e-33 -2.7253e-34 -5.1952e-35 -9.7079e-36 -1.7782e-36 -3.1928e-37 -5.6194e-38
-6.7797e-05 -1.0390e-04 -1.4315e-04 -1.8988e-04 -2.4546e-04 -3.0973e-04 -3.8130e-04 -4.5780e-04 -5.3607e-04 -6.1238e-04 -6.8273e-04 -7.4321e-04 -7.9034e-04 2.2485e-02 -8.3450e-04 -8.2917e-04 -8.0594e-04 -7.6649e-04 -7.1341e-04 -6.4996e-04 -5.7971e-04 -5.0625e-04 -4.3291e-04 -3.6254e-04 -2.9736e-04 -2.3889e-04 -1.8799e-04 -1.4492e-04 -1.0944e-04 -8.0970e-05 -5.8692e-05 -4.1683e-05 -2.9006e-05 -1.9777e-05 -1.3213e-05 -8.6497e-06 -5.5488e-06 -3.4881e-06 -2.1487e-06 -1.2971e-06 -7.6735e-07 -4.4487e-07 -2.5275e-07 -1.4073e-07 -7.6794e-08 -4.1068e-08 -2.1524e-08 -1.1056e-08 -5.5657e-09 -2.7460e-09 -1.3278e-09 -6.2929e-10 -2.9229e-10 -1.3306e-10 -5.9369e-11 -2.5962e-11 -1.1127e-11 -4.6743e-12 -1.9245e-12 -7.7662e-13 -3.0717e-13 -1.1908e-13 -4.5244e-14 -1.6849e-14 -6.1500e-15 -2.2002e-15 -7.7152e-16 -2.6517e-16 -8.9326e-17 -2.9494e-17 -9.5450e-18 -3.0277e-18 -9.4134e-19 -2.8686e-19 -8.5683e-20 -2.5085e-20 -7.1983e-21 -2.0246e-21 -5.5816e-22 -1.5082e-22 -3.9946e-23 -1.0370e-23 -2.6387e-24 -6.5812e-25 -1.6089e-25 -3.8550e-26 -9.0541e-27 -2.0843e-27 -4.7031e-28 -1.0402e-28 -2.2549e-29 -4.7914e-30 -9.9792e-31 -2.0372e-31 -4.0764e-32 -7.9952e-33 -1.5370e-33 -2.8963e-34 -5.3494e-35 -9.6846e-36 6.5224e-05 8.9493e-05 1.0415e-04 1.1180e-04 1.1350e-04 1.1002e-04 1.0212e-04 9.0647e-05 7.6528e-05 6.0744e-05 4.4274e-05 2.8041e-05 1.2858e-05 0.0000e+00 -1.1913e-05 -2.0759e-05 -2.7081e-05 -3.0979e-05 -3.2694e-05 -3.2568e-05 -3.1000e-05 -2.8401e-05 -2.5163e-05 -2.1628e-05 -1.8075e-05 -1.4712e-05 -1.1676e-05 -9.0452e-06 -6.8441e-06 -5.0612e-06 -3.6596e-06 -2.5883e-06 -1.7913e-06 -1.2132e-06 -8.0444e-07 -5.2223e-07 -3.3199e-07 -2.0670e-07 -1.2606e-07 -7.5306e-08 -4.4072e-08 -2.5270e-08 -1.4197e-08 -7.8148e-09 -4.2153e-09 -2.2281e-09 -1.1541e-09 -5.8587e-10 -2.9146e-10 -1.4211e-10 -6.7904e-11 -3.1802e-11 -1.4597e-11 -6.5672e-12 -2.8958e-12 -1.2516e-12 -5.3020e-13 -2.2015e-13 -8.9600e-14 -3.5744e-14 -1.3977e-14 -5.3570e-15 -2.0126e-15 -7.4116e-16 -2.6754e-16 -9.4663e-17 -3.2832e-17 -1.1162e-17 -3.7198e-18 -1.2151e-18 -3.8908e-19 -1.2212e-19 -3.7574e-20 -1.1332e-20 -3.3501e-21 -9.7082e-22 -2.7577e-22 -7.6789e-23 -2.0960e-23 -5.6078e-24 -1.4708e-24 -3.7812e-25 -9.5290e-26 -2.3540e-26 -5.7001e-27 -1.3530e-27 -3.1482e-28 -7.1805e-29 -1.6054e-29 -3.5184e-30 -7.5586e-31 -1.5917e-31 -3.2858e-32 -6.6487e-33 -1.3188e-33 -2.5641e-34 -4.8871e-35 -9.1304e-36 -1.6721e-36 -3.0017e-37
-5.2808e-05 -8.2167e-05 -1.1561e-04 -1.5694e-04 -2.0768e-04 -2.6803e-04 -3.3719e-04 -4.1338e-04 -4.9397e-04 -5.7562e-04 -6.5446e-04 -7.2644e-04 -7.8762e-04 -8.3450e-04 2.5681e-02 -8.7563e-04 -8.6770e-04 -8.4135e-04 -7.9841e-04 -7.4164e-04 -6.7445e-04 -6.0055e-04 -5.2364e-04 -4.4716e-04 -3.7398e-04 -3.0637e-04 -2.4585e-04 -1.9327e-04 -1.4884e-04 -1.1230e-04 -8.3015e-05 -6.0126e-05 -4.2669e-05 -2.9671e-05 -2.0217e-05 -1.3498e-05 -8.8312e-06 -5.6620e-06 -3.5573e-06 -2.1902e-06 -1.3215e-06 -7.8143e-07 -4.5283e-07 -2.5717e-07 -1.4313e-07 -7.8073e-08 -4.1737e-08 -2.1867e-08 -1.1228e-08 -5.6506e-09 -2.7870e-09 -1.3473e-09 -6.3831e-10 -2.9640e-10 -1.3490e-10 -6.0171e-11 -2.6306e-11 -1.1272e-11 -4.7341e-12 -1.9487e-12 -7.8620e-13 -3.1089e-13 -1.2050e-13 -4.5774e-14 -1.7043e-14 -6.2198e-15 -2.2248e-15 -7.8001e-16 -2.6804e-16 -9.0279e-17 -2.9804e-17 -9.6438e-18 -3.0586e-18 -9.5080e-19 -2.8970e-19 -8.6520e-20 -2.5327e-20 -7.2667e-21 -2.0436e-21 -5.6332e-22 -1.5220e-22 -4.0306e-23 -1.0462e-23 -2.6619e-24 -6.6383e-25 -1.6226e-25 -3.8877e-26 -9.1298e-27 -2.1015e-27 -4.7415e-28 -1.0486e-28 -2.2729e-29 -4.8292e-30 -1.0057e-30 -2.0529e-31 -4.1075e-32 -8.0556e-33 -1.5485e-33 -2.9177e-34 -5.3886e-35 5.0517e-05 6.9309e-05 8.0631e-05 8.6471e-05 8.7597e-05 8.4546e-05 7.7857e-05 6.8143e-05 5.6104e-05 4.2507e-05 2.8152e-05 1.3830e-05 2.6707e-07 -1.1913e-05 0.0000e+00 -3.0361e-05 -3.6169e-05 -3.9674e-05 -4.1043e-05 -4.0555e-05 -3.8566e-05 -3.5465e-05 -3.1641e-05 -2.7450e-05 -2.3194e-05 -1.9113e-05 -1.5374e-05 -1.2081e-05 -9.2783e-06 -6.9684e-06 -5.1198e-06 -3.6809e-06 -2.5903e-06 -1.7846e-06 -1.2039e-06 -7.9534e-07 -5.1464e-07 -3.2620e-07 -2.0255e-07 -1.2322e-07 -7.3445e-08 -4.2894e-08 -2.4547e-08 -1.3766e-08 -7.5655e-09 -4.0746e-09 -2.1507e-09 -1.1126e-09 -5.6408e-10 -2.8030e-10 -1.3651e-10 -6.5166e-11 -3.0490e-11 -1.3983e-11 -6.2854e-12 -2.7694e-12 -1.1960e-12 -5.0630e-13 -2.1008e-13 -8.5447e-14 -3.4066e-14 -1.3313e-14 -5.0998e-15 -1.9150e-15 -7.0485e-16 -2.5431e-16 -8.9941e-17 -3.1181e-17 -1.0596e-17 -3.5298e-18 -1.1526e-18 -3.6893e-19 -1.1576e-19 -3.5603e-20 -1.0734e-20 -3.1723e-21 -9.1902e-22 -2.6098e-22 -7.2650e-23 -1.9824e-23 -5.3027e-24 -1.3904e-24 -3.5737e-25 -9.0039e-26 -2.2237e-26 -5.3836e-27 -1.2776e-27 -2.9722e-28 -6.7776e-29 -1.5150e-29 -3.3197e-30 -7.1304e-31 -1.5013e-31 -3.0986e-32 -6.2689e-33 -1.2432e-33 -2.4169e-34 -4.6057e-35 -8.6035e-36 -1.5754e-36
-4.0243e-05 -6.3624e-05 -9.1469e-05 -1.2711e-04 -1.7213e-04 -2.2715e-04 -2.9191e-04 -3.6530e-04 -4.4534e-04 -5.2927e-04 -6.1361e-04 -6.9443e-04 -7.6761e-04 -8.2917e-04 -8.7563e-04 2.9069e-02 -9.1364e-04 -9.0323e-04 -8.7392e-04 -8.2771e-04 -7.6750e-04 -6.9684e-04 -6.1957e-04 -5.3950e-04 -4.6012e-04 -3.8438e-04 -3.1455e-04 -2.5217e-04 -1.9805e-04 -1.5239e-04 -1.1489e-04 -8.4862e-05 -6.1420e-05 -4.3558e-05 -3.0270e-05 -2.0612e-05 -1.3755e-05 -8.9943e-06 -5.7636e-06 -3.6194e-06 -2.2275e-06 -1.3434e-06 -7.9405e-07 -4.5996e-07 -2.6112e-07 -1.4528e-07 -7.9217e-08 -4.2334e-08 -2.2173e-08 -1.1382e-08 -5.7264e-09 -2.8236e-09 -1.3646e-09 -6.4635e-10 -3.0006e-10 -1.3653e-10 -6.0886e-11 -2.6613e-11 -1.1401e-11 -4.7873e-12 -1.9702e-12 -7.9473e-13 -3.1421e-13 -1.2176e-13 -4.6246e-14 -1.7216e-14 -6.2819e-15 -2.2466e-15 -7.8754e-16 -2.7059e-16 -9.1124e-17 -3.0079e-17 -9.7314e-18 -3.0860e-18 -9.5919e-19 -2.9223e-19 -8.7263e-20 -2.5541e-20 -7.3274e-21 -2.0604e-21 -5.6790e-22 -1.5342e-22 -4.0625e-23 -1.0544e-23 -2.6825e-24 -6.6889e-25 -1.6349e-25 -3.9166e-26 -9.1969e-27 -2.1168e-27 -4.7755e-28 -1.0560e-28 -2.2889e-29 -4.8627e-30 -1.0126e-30 -2.0668e-31 -4.1351e-32 -8.1089e-33 -1.5587e-33 -2.9366e-34 3.8267e-05 5.2496e-05 6.1046e-05 6.5388e-05 6.6060e-05 6.3413e-05 5.7799e-05 4.9637e-05 3.9429e-05 2.7755e-05 1.5253e-05 2.5822e-06 -9.6163e-06 -2.0759e-05 -3.0361e-05 0.0000e+00 -4.3660e-05 -4.7087e-05 -4.8431e-05 -4.7899e-05 -4.5787e-05 -4.2451e-05 -3.8265e-05 -3.3593e-05 -2.8760e-05 -2.4035e-05 -1.9622e-05 -1.5659e-05 -1.2220e-05 -9.3293e-06 -6.9702e-06 -5.0975e-06 -3.6499e-06 -2.5591e-06 -1.7573e-06 -1.1820e-06 -7.7881e-07 -5.0273e-07 -3.1795e-07 -1.9703e-07 -1.1964e-07 -7.1189e-08 -4.1511e-08 -2.3722e-08 -1.3286e-08 -7.2923e-09 -3.9229e-09 -2.0684e-09 -1.0689e-09 -5.4143e-10 -2.6881e-10 -1.3081e-10 -6.2395e-11 -2.9172e-11 -1.3369e-11 -6.0057e-12 -2.6445e-12 -1.1414e-12 -4.8292e-13 -2.0028e-13 -8.1418e-14 -3.2445e-14 -1.2674e-14 -4.8528e-15 -1.8215e-15 -6.7017e-16 -2.4171e-16 -8.5454e-17 -2.9615e-17 -1.0061e-17 -3.3504e-18 -1.0937e-18 -3.4998e-19 -1.0978e-19 -3.3756e-20 -1.0175e-20 -3.0062e-21 -8.7071e-22 -2.4721e-22 -6.8801e-23 -1.8770e-23 -5.0197e-24 -1.3159e-24 -3.3816e-25 -8.5185e-26 -2.1035e-26 -5.0916e-27 -1.2081e-27 -2.8101e-28 -6.4070e-29 -1.4320e-29 -3.1372e-30 -6.7376e-31 -1.4184e-31 -2.9271e-32 -5.9212e-33 -1.1741e-33 -2.2823e-34 -4.3487e-35 -8.1224e-36
