-2.9798e-08 -1.0023e-11 -2.7663e-11 -5.6916e-11 -9.9718e-11 -1.5786e-10 -2.3306e-10 -3.2700e-10 -4.4140e-10 -5.7796e-10 -7.3848e-10 -9.2481e-10 -1.1389e-09 -1.3827e-09 -1.6585e-09 -1.9684e-09 -2.3149e-09 -2.7004e-09 -3.1275e-09 -3.5988e-09 -4.1172e-09 -4.6853e-09 -5.3058e-09 -5.9811e-09 -6.7135e-09 -7.5047e-09 -8.3557e-09 -9.2664e-09 -1.0235e-08 -1.1259e-08 -1.2333e-08 -1.3446e-08 -1.4586e-08 -1.5734e-08 -1.6867e-08 -1.7952e-08 -1.8950e-08 -1.9813e-08 -2.0485e-08 -2.0903e-08 -2.1002e-08 -2.0715e-08 -1.9990e-08 -1.8793e-08 -1.7125e-08 -1.5032e-08 -1.2616e-08 -1.0032e-08 -7.4754e-09 -5.1502e-09 -3.2272e-09 -1.8028e-09 -8.7595e-10 -3.5917e-10 -1.1972e-10 -3.0980e-11 -5.8761e-12 -7.6062e-13 -6.1445e-14 -2.7687e-15 -6.0397e-17 -5.3297e-19 -1.5136e-21 -1.0322e-24 -1.1592e-28 -1.3158e-33 -7.9881e-40 -1.1255e-47 -1.2213e-57 -2.3496e-70 -1.1164e-86 -9.0839e-108 -3.2998e-135 -3.4868e-171 -9.5557e-219 -3.3685e-282 -0.0000e+00 -0.0000e+00 -0.0000e+00 -0.0000e+00 -0.0000e+00 -0.0000e+00 -0.0000e+00 -0.0000e+00 -0.0000e+00 -0.0000e+00 -0.0000e+00 -0.0000e+00 -0.0000e+00 -0.0000e+00 -0.0000e+00 -0.0000e+00 -0.0000e+00 -0.0000e+00 -0.0000e+00 -0.0000e+00 -0.0000e+00 -0.0000e+00 -0.0000e+00 -0.0000e+00 0.0000e+00 -1.0023e-11 -2.7663e-11 -5.6916e-11 -9.9718e-11 -1.5786e-10 -2.3306e-10 -3.2700e-10 -4.4140e-10 -5.7796e-10 -7.3848e-10 -9.2481e-10 -1.1389e-09 -1.3827e-09 -1.6585e-09 -1.9684e-09 -2.3149e-09 -2.7004e-09 -3.1275e-09 -3.5988e-09 -4.1172e-09 -4.6853e-09 -5.3058e-09 -5.9811e-09 -6.7135e-09 -7.5047e-09 -8.3557e-09 -9.2664e-09 -1.0235e-08 -1.1259e-08 -1.2333e-08 -1.3446e-08 -1.4586e-08 -1.5734e-08 -1.6867e-08 -1.7952e-08 -1.8950e-08 -1.9813e-08 -2.0485e-08 -2.0903e-08 -2.1002e-08 -2.0715e-08 -1.9990e-08 -1.8793e-08 -1.7125e-08 -1.5032e-08 -1.2616e-08 -1.0032e-08 -7.4754e-09 -5.1502e-09 -3.2272e-09 -1.8028e-09 -8.7595e-10 -3.5917e-10 -1.1972e-10 -3.0980e-11 -5.8761e-12 -7.6062e-13 -6.1445e-14 -2.7687e-15 -6.0397e-17 -5.3297e-19 -1.5136e-21 -1.0322e-24 -1.1592e-28 -1.3158e-33 -7.9881e-40 -1.1255e-47 -1.2213e-57 -2.3496e-70 -1.1164e-86 -9.0839e-108 -3.2998e-135 -3.4868e-171 -9.5557e-219 -3.3685e-282 -0.0000e+00 -0.0000e+00 -0.0000e+00 -0.0000e+00 -0.0000e+00 -0.0000e+00 -0.0000e+00 -0.0000e+00 -0.0000e+00 -0.0000e+00 -0.0000e+00 -0.0000e+00 -0.0000e+00 -0.0000e+00 -0.0000e+00 -0.0000e+00 -0.0000e+00 -0.0000e+00 -0.0000e+00 -0.0000e+00 -0.0000e+00 -0.0000e+00 -0.0000e+00 -0.0000e+00
-1.0023e-11 3.0248e-10 -1.5664e-10 -3.2228e-10 -5.6463e-10 -8.9385e-10 -1.3197e-09 -1.8516e-09 -2.4993e-09 -3.2726e-09 -4.1815e-09 -5.2366e-09 -6.4487e-09 -7.8294e-09 -9.3909e-09 -1.1146e-08 -1.3108e-08 -1.5290e-08 -1.7709e-08 -2.0378e-08 -2.3313e-08 -2.6530e-08 -3.0043e-08 -3.3867e-08 -3.8014e-08 -4.2494e-08 -4.7312e-08 -5.2469e-08 -5.7956e-08 -6.3755e-08 -6.9831e-08 -7.6134e-08 -8.2589e-08 -8.9092e-08 -9.5505e-08 -1.0165e-07 -1.0730e-07 -1.1219e-07 -1.1599e-07 -1.1836e-07 -1.1892e-07 -1.1730e-07 -1.1319e-07 -1.0641e-07 -9.6966e-08 -8.5116e-08 -7.1435e-08 -5.6804e-08 -4.2328e-08 -2.9162e-08 -1.8274e-08 -1.0208e-08 -4.9599e-09 -2.0337e-09 -6.7792e-10 -1.7542e-10 -3.3272e-11 -4.3069e-12 -3.4792e-13 -1.5677e-14 -3.4199e-16 -3.0178e-18 -8.5704e-21 -5.8444e-24 -6.5638e-28 -7.4504e-33 -4.5231e-39 -6.3730e-47 -6.9153e-57 -1.3304e-69 -6.3216e-86 -5.1436e-107 -1.8685e-134 -1.9743e-170 -5.4107e-218 -1.9074e-281 -0.0000e+00 -0.0000e+00 -0.0000e+00 -0.0000e+00 -0.0000e+00 -0.0000e+00 -0.0000e+00 -0.0000e+00 -0.0000e+00 -0.0000e+00 -0.0000e+00 -0.0000e+00 -0.0000e+00 -0.0000e+00 -0.0000e+00 -0.0000e+00 -0.0000e+00 -0.0000e+00 -0.0000e+00 -0.0000e+00 -0.0000e+00 -0.0000e+00 -0.0000e+00 -0.0000e+00 -1.0023e-11 0.0000e+00 -1.5664e-10 -3.2228e-10 -5.6463e-10 -8.9385e-10 -1.3197e-09 -1.8516e-09 -2.4993e-09 -3.2726e-09 -4.1815e-09 -5.2366e-09 -6.4487e-09 -7.8294e-09 -9.3909e-09 -1.1146e-08 -1.3108e-08 -1.5290e-08 -1.7709e-08 -2.0378e-08 -2.3313e-08 -2.6530e-08 -3.0043e-08 -3.3867e-08 -3.8014e-08 -4.2494e-08 -4.7312e-08 -5.2469e-08 -5.7956e-08 -6.3755e-08 -6.9831e-08 -7.6134e-08 -8.2589e-08 -8.9092e-08 -9.5505e-08 -1.0165e-07 -1.0730e-07 -1.1219e-07 -1.1599e-07 -1.1836e-07 -1.1892e-07 -1.1730e-07 -1.1319e-07 -1.0641e-07 -9.6966e-08 -8.5116e-08 -7.1435e-08 -5.6804e-08 -4.2328e-08 -2.9162e-08 -1.8274e-08 -1.0208e-08 -4.9599e-09 -2.0337e-09 -6.7792e-10 -1.7542e-10 -3.3272e-11 -4.3069e-12 -3.4792e-13 -1.5677e-14 -3.4199e-16 -3.0178e-18 -8.5704e-21 -5.8444e-24 -6.5638e-28 -7.4504e-33 -4.5231e-39 -6.3730e-47 -6.9153e-57 -1.3304e-69 -6.3216e-86 -5.1436e-107 -1.8685e-134 -1.9743e-170 -5.4107e-218 -1.9074e-281 -0.0000e+00 -0.0000e+00 -0.0000e+00 -0.0000e+00 -0.0000e+00 -0.0000e+00 -0.0000e+00 -0.0000e+00 -0.0000e+00 -0.0000e+00 -0.0000e+00 -0.0000e+00 -0.0000e+00 -0.0000e+00 -0.0000e+00 -0.0000e+00 -0.0000e+00 -0.0000e+00 -0.0000e+00 -0.0000e+00 -0.0000e+00 -0.0000e+00 -0.0000e+00 -0.0000e+00
-2.7663e-11 -1.5664e-10 3.4537e-09 -8.8952e-10 -1.5585e-09 -2.4671e-09 -3.6424e-09 -5.1107e-09 -6.8985e-09 -9.0328e-09 -1.1542e-08 -1.4454e-08 -1.7799e-08 -2.1610e-08 -2.5920e-08 -3.0764e-08 -3.6179e-08 -4.2203e-08 -4.8878e-08 -5.6245e-08 -6.4347e-08 -7.3225e-08 -8.2922e-08 -9.3477e-08 -1.0492e-07 -1.1729e-07 -1.3059e-07 -1.4482e-07 -1.5997e-07 -1.7597e-07 -1.9274e-07 -2.1014e-07 -2.2796e-07 -2.4590e-07 -2.6360e-07 -2.8056e-07 -2.9616e-07 -3.0965e-07 -3.2016e-07 -3.2670e-07 -3.2823e-07 -3.2375e-07 -3.1242e-07 -2.9371e-07 -2.6764e-07 -2.3493e-07 -1.9717e-07 -1.5679e-07 -1.1683e-07 -8.0491e-08 -5.0438e-08 -2.8175e-08 -1.3690e-08 -5.6133e-09 -1.8711e-09 -4.8418e-10 -9.1836e-11 -1.1887e-11 -9.6031e-13 -4.3272e-14 -9.4393e-16 -8.3296e-18 -2.3655e-20 -1.6131e-23 -1.8117e-27 -2.0564e-32 -1.2484e-38 -1.7590e-46 -1.9087e-56 -3.6722e-69 -1.7449e-85 -1.4197e-106 -5.1572e-134 -5.4495e-170 -1.4935e-217 -5.2648e-281 -0.0000e+00 -0.0000e+00 -0.0000e+00 -0.0000e+00 -0.0000e+00 -0.0000e+00 -0.0000e+00 -0.0000e+00 -0.0000e+00 -0.0000e+00 -0.0000e+00 -0.0000e+00 -0.0000e+00 -0.0000e+00 -0.0000e+00 -0.0000e+00 -0.0000e+00 -0.0000e+00 -0.0000e+00 -0.0000e+00 -0.0000e+00 -0.0000e+00 -0.0000e+00 -0.0000e+00 -2.7663e-11 -1.5664e-10 0.0000e+00 -8.8952e-10 -1.5585e-09 -2.4671e-09 -3.6424e-09 -5.1107e-09 -6.8985e-09 -9.0328e-09 -1.1542e-08 -1.4454e-08 -1.7799e-08 -2.1610e-08 -2.5920e-08 -3.0764e-08 -3.6179e-08 -4.2203e-08 -4.8878e-08 -5.6245e-08 -6.4347e-08 -7.3225e-08 -8.2922e-08 -9.3477e-08 -1.0492e-07 -1.1729e-07 -1.3059e-07 -1.4482e-07 -1.5997e-07 -1.7597e-07 -1.9274e-07 -2.1014e-07 -2.2796e-07 -2.4590e-07 -2.6360e-07 -2.8056e-07 -2.9616e-07 -3.0965e-07 -3.2016e-07 -3.2670e-07 -3.2823e-07 -3.2375e-07 -3.1242e-07 -2.9371e-07 -2.6764e-07 -2.3493e-07 -1.9717e-07 -1.5679e-07 -1.1683e-07 -8.0491e-08 -5.0438e-08 -2.8175e-08 -1.3690e-08 -5.6133e-09 -1.8711e-09 -4.8418e-10 -9.1836e-11 -1.1887e-11 -9.6031e-13 -4.3272e-14 -9.4393e-16 -8.3296e-18 -2.3655e-20 -1.6131e-23 -1.8117e-27 -2.0564e-32 -1.2484e-38 -1.7590e-46 -1.9087e-56 -3.6722e-69 -1.7449e-85 -1.4197e-106 -5.1572e-134 -5.4495e-170 -1.4934e-217 -5.2647e-281 -0.0000e+00 -0.0000e+00 -0.0000e+00 -0.0000e+00 -0.0000e+00 -0.0000e+00 -0.0000e+00 -0.0000e+00 -0.0000e+00 -0.0000e+00 -0.0000e+00 -0.0000e+00 -0.0000e+00 -0.0000e+00 -0.0000e+00 -0.0000e+00 -0.0000e+00 -0.0000e+00 -0.0000e+00 -0.0000e+00 -0.0000e+00 -0.0000e+00 -0.0000e+00 -0.0000e+00
-5.6916e-11 -3.2228e-10 -8.8952e-10 1.9660e-08 -3.2064e-09 -5.0760e-09 -7.4941e-09 -1.0515e-08 -1.4193e-08 -1.8585e-08 -2.3746e-08 -2.9738e-08 -3.6621e-08 -4.4462e-08 -5.3329e-08 -6.3295e-08 -7.4436e-08 -8.6831e-08 -1.0056e-07 -1.1572e-07 -1.3239e-07 -1.5066e-07 -1.7061e-07 -1.9232e-07 -2.1587e-07 -2.4132e-07 -2.6868e-07 -2.9796e-07 -3.2912e-07 -3.6205e-07 -3.9656e-07 -4.3235e-07 -4.6901e-07 -5.0594e-07 -5.4235e-07 -5.7724e-07 -6.0934e-07 -6.3709e-07 -6.5871e-07 -6.7216e-07 -6.7531e-07 -6.6610e-07 -6.4279e-07 -6.0430e-07 -5.5065e-07 -4.8336e-07 -4.0566e-07 -3.2258e-07 -2.4037e-07 -1.6561e-07 -1.0377e-07 -5.7969e-08 -2.8167e-08 -1.1549e-08 -3.8498e-09 -9.9618e-10 -1.8895e-10 -2.4458e-11 -1.9758e-12 -8.9029e-14 -1.9421e-15 -1.7138e-17 -4.8670e-20 -3.3189e-23 -3.7275e-27 -4.2310e-32 -2.5687e-38 -3.6192e-46 -3.9272e-56 -7.5557e-69 -3.5901e-85 -2.9211e-106 -1.0611e-133 -1.1213e-169 -3.0730e-217 -1.0833e-280 -0.0000e+00 -0.0000e+00 -0.0000e+00 -0.0000e+00 -0.0000e+00 -0.0000e+00 -0.0000e+00 -0.0000e+00 -0.0000e+00 -0.0000e+00 -0.0000e+00 -0.0000e+00 -0.0000e+00 -0.0000e+00 -0.0000e+00 -0.0000e+00 -0.0000e+00 -0.0000e+00 -0.0000e+00 -0.0000e+00 -0.0000e+00 -0.0000e+00 -0.0000e+00 -0.0000e+00 -5.6916e-11 -3.2228e-10 -8.8952e-10 0.0000e+00 -3.2064e-09 -5.0760e-09 -7.4941e-09 -1.0515e-08 -1.4193e-08 -1.8585e-08 -2.3746e-08 -2.9738e-08 -3.6621e-08 -4.4462e-08 -5.3329e-08 -6.3295e-08 -7.4436e-08 -8.6831e-08 -1.0056e-07 -1.1572e-07 -1.3239e-07 -1.5066e-07 -1.7061e-07 -1.9232e-07 -2.1587e-07 -2.4132e-07 -2.6868e-07 -2.9796e-07 -3.2912e-07 -3.6205e-07 -3.9656e-07 -4.3235e-07 -4.6901e-07 -5.0594e-07 -5.4235e-07 -5.7724e-07 -6.0934e-07 -6.3709e-07 -6.5871e-07 -6.7216e-07 -6.7531e-07 -6.6610e-07 -6.4279e-07 -6.0430e-07 -5.5065e-07 -4.8335e-07 -4.0566e-07 -3.2258e-07 -2.4037e-07 -1.6561e-07 -1.0377e-07 -5.7969e-08 -2.8167e-08 -1.1549e-08 -3.8498e-09 -9.9618e-10 -1.8895e-10 -2.4458e-11 -1.9758e-12 -8.9029e-14 -1.9421e-15 -1.7138e-17 -4.8670e-20 -3.3189e-23 -3.7275e-27 -4.2310e-32 -2.5686e-38 -3.6191e-46 -3.9271e-56 -7.5555e-69 -3.5900e-85 -2.9210e-106 -1.0611e-133 -1.1212e-169 -3.0728e-217 -1.0832e-280 -0.0000e+00 -0.0000e+00 -0.0000e+00 -0.0000e+00 -0.0000e+00 -0.0000e+00 -0.0000e+00 -0.0000e+00 -0.0000e+00 -0.0000e+00 -0.0000e+00 -0.0000e+00 -0.0000e+00 -0.0000e+00 -0.0000e+00 -0.0000e+00 -0.0000e+00 -0.0000e+00 -0.0000e+00 -0.0000e+00 -0.0000e+00 -0.0000e+00 -0.0000e+00 -0.0000e+00
-9.9718e-11 -5.6463e-10 -1.5585e-09 -3.2064e-09 7.5342e-08 -8.8932e-09 -1.3130e-08 -1.8422e-08 -2.4867e-08 -3.2560e-08 -4.1604e-08 -5.2101e-08 -6.4161e-08 -7.7898e-08 -9.3433e-08 -1.1089e-07 -1.3041e-07 -1.5213e-07 -1.7619e-07 -2.0275e-07 -2.3195e-07 -2.6395e-07 -2.9891e-07 -3.3695e-07 -3.7822e-07 -4.2279e-07 -4.7073e-07 -5.2204e-07 -5.7663e-07 -6.3432e-07 -6.9478e-07 -7.5749e-07 -8.2171e-07 -8.8641e-07 -9.5021e-07 -1.0113e-06 -1.0676e-06 -1.1162e-06 -1.1541e-06 -1.1776e-06 -1.1832e-06 -1.1670e-06 -1.1262e-06 -1.0587e-06 -9.6475e-07 -8.4685e-07 -7.1073e-07 -5.6517e-07 -4.2114e-07 -2.9014e-07 -1.8181e-07 -1.0156e-07 -4.9348e-08 -2.0234e-08 -6.7449e-09 -1.7453e-09 -3.3104e-10 -4.2851e-11 -3.4616e-12 -1.5598e-13 -3.4026e-15 -3.0026e-17 -8.5273e-20 -5.8150e-23 -6.5309e-27 -7.4131e-32 -4.5006e-38 -6.3413e-46 -6.8810e-56 -1.3239e-68 -6.2908e-85 -5.1188e-106 -1.8595e-133 -1.9651e-169 -5.3860e-217 -1.8989e-280 -0.0000e+00 -0.0000e+00 -0.0000e+00 -0.0000e+00 -0.0000e+00 -0.0000e+00 -0.0000e+00 -0.0000e+00 -0.0000e+00 -0.0000e+00 -0.0000e+00 -0.0000e+00 -0.0000e+00 -0.0000e+00 -0.0000e+00 -0.0000e+00 -0.0000e+00 -0.0000e+00 -0.0000e+00 -0.0000e+00 -0.0000e+00 -0.0000e+00 -0.0000e+00 -0.0000e+00 -9.9718e-11 -5.6463e-10 -1.5585e-09 -3.2064e-09 0.0000e+00 -8.8932e-09 -1.3130e-08 -1.8422e-08 -2.4867e-08 -3.2560e-08 -4.1604e-08 -5.2101e-08 -6.4161e-08 -7.7898e-08 -9.3433e-08 -1.1089e-07 -1.3041e-07 -1.5213e-07 -1.7619e-07 -2.0275e-07 -2.3195e-07 -2.6395e-07 -2.9891e-07 -3.3695e-07 -3.7822e-07 -4.2279e-07 -4.7073e-07 -5.2204e-07 -5.7663e-07 -6.3432e-07 -6.9478e-07 -7.5749e-07 -8.2171e-07 -8.8641e-07 -9.5021e-07 -1.0113e-06 -1.0676e-06 -1.1162e-06 -1.1541e-06 -1.1776e-06 -1.1832e-06 -1.1670e-06 -1.1262e-06 -1.0587e-06 -9.6475e-07 -8.4685e-07 -7.1073e-07 -5.6516e-07 -4.2114e-07 -2.9014e-07 -1.8181e-07 -1.0156e-07 -4.9348e-08 -2.0234e-08 -6.7449e-09 -1.7453e-09 -3.3104e-10 -4.2851e-11 -3.4616e-12 -1.5598e-13 -3.4026e-15 -3.0026e-17 -8.5271e-20 -5.8149e-23 -6.5307e-27 -7.4128e-32 -4.5003e-38 -6.3409e-46 -6.8805e-56 -1.3238e-68 -6.2900e-85 -5.1180e-106 -1.8592e-133 -1.9646e-169 -5.3842e-217 -1.8981e-280 -0.0000e+00 -0.0000e+00 -0.0000e+00 -0.0000e+00 -0.0000e+00 -0.0000e+00 -0.0000e+00 -0.0000e+00 -0.0000e+00 -0.0000e+00 -0.0000e+00 -0.0000e+00 -0.0000e+00 -0.0000e+00 -0.0000e+00 -0.0000e+00 -0.0000e+00 -0.0000e+00 -0.0000e+00 -0.0000e+00 -0.0000e+00 -0.0000e+00 -0.0000e+00 -0.0000e+00
-1.5786e-10 -8.9385e-10 -2.4671e-09 -5.0760e-09 -8.8932e-09 2.2618e-07 -2.0785e-08 -2.9164e-08 -3.9366e-08 -5.1545e-08 -6.5861e-08 -8.2478e-08 -1.0157e-07 -1.2332e-07 -1.4791e-07 -1.7555e-07 -2.0645e-07 -2.4083e-07 -2.7892e-07 -3.2096e-07 -3.6719e-07 -4.1786e-07 -4.7319e-07 -5.3342e-07 -5.9874e-07 -6.6930e-07 -7.4519e-07 -8.2642e-07 -9.1284e-07 -1.0042e-06 -1.0999e-06 -1.1992e-06 -1.3008e-06 -1.4032e-06 -1.5042e-06 -1.6010e-06 -1.6900e-06 -1.7670e-06 -1.8270e-06 -1.8643e-06 -1.8730e-06 -1.8475e-06 -1.7828e-06 -1.6761e-06 -1.5273e-06 -1.3406e-06 -1.1251e-06 -8.9470e-07 -6.6669e-07 -4.5932e-07 -2.8782e-07 -1.6078e-07 -7.8122e-08 -3.2033e-08 -1.0678e-08 -2.7630e-09 -5.2407e-10 -6.7838e-11 -5.4802e-12 -2.4694e-13 -5.3868e-15 -4.7536e-17 -1.3500e-19 -9.2063e-23 -1.0340e-26 -1.1737e-31 -7.1258e-38 -1.0041e-45 -1.0896e-55 -2.0964e-68 -9.9624e-85 -8.1071e-106 -2.9455e-133 -3.1132e-169 -8.5347e-217 -3.0100e-280 -0.0000e+00 -0.0000e+00 -0.0000e+00 -0.0000e+00 -0.0000e+00 -0.0000e+00 -0.0000e+00 -0.0000e+00 -0.0000e+00 -0.0000e+00 -0.0000e+00 -0.0000e+00 -0.0000e+00 -0.0000e+00 -0.0000e+00 -0.0000e+00 -0.0000e+00 -0.0000e+00 -0.0000e+00 -0.0000e+00 -0.0000e+00 -0.0000e+00 -0.0000e+00 -0.0000e+00 -1.5786e-10 -8.9385e-10 -2.4671e-09 -5.0760e-09 -8.8932e-09 0.0000e+00 -2.0785e-08 -2.9164e-08 -3.9366e-08 -5.1545e-08 -6.5861e-08 -8.2478e-08 -1.0157e-07 -1.2332e-07 -1.4791e-07 -1.7555e-07 -2.0645e-07 -2.4083e-07 -2.7892e-07 -3.2096e-07 -3.6719e-07 -4.1786e-07 -4.7319e-07 -5.3342e-07 -5.9874e-07 -6.6930e-07 -7.4519e-07 -8.2642e-07 -9.1284e-07 -1.0042e-06 -1.0999e-06 -1.1992e-06 -1.3008e-06 -1.4032e-06 -1.5042e-06 -1.6010e-06 -1.6900e-06 -1.7670e-06 -1.8270e-06 -1.8643e-06 -1.8730e-06 -1.8475e-06 -1.7828e-06 -1.6761e-06 -1.5273e-06 -1.3406e-06 -1.1251e-06 -8.9469e-07 -6.6669e-07 -4.5932e-07 -2.8782e-07 -1.6078e-07 -7.8122e-08 -3.2032e-08 -1.0678e-08 -2.7630e-09 -5.2406e-10 -6.7836e-11 -5.4800e-12 -2.4693e-13 -5.3866e-15 -4.7534e-17 -1.3499e-19 -9.2055e-23 -1.0339e-26 -1.1735e-31 -7.1247e-38 -1.0039e-45 -1.0893e-55 -2.0958e-68 -9.9587e-85 -8.1033e-106 -2.9438e-133 -3.1109e-169 -8.5264e-217 -3.0061e-280 -0.0000e+00 -0.0000e+00 -0.0000e+00 -0.0000e+00 -0.0000e+00 -0.0000e+00 -0.0000e+00 -0.0000e+00 -0.0000e+00 -0.0000e+00 -0.0000e+00 -0.0000e+00 -0.0000e+00 -0.0000e+00 -0.0000e+00 -0.0000e+00 -0.0000e+00 -0.0000e+00 -0.0000e+00 -0.0000e+00 -0.0000e+00 -0.0000e+00 -0.0000e+00 -0.0000e+00
-2.3306e-10 -1.3197e-09 -3.6424e-09 -7.4941e-09 -1.3130e-08 -2.0785e-08 5.7396e-07 -4.3056e-08 -5.8118e-08 -7.6100e-08 -9.7235e-08 -1.2177e-07 -1.4995e-07 -1.8206e-07 -2.1837e-07 -2.5918e-07 -3.0480e-07 -3.5556e-07 -4.1179e-07 -4.7386e-07 -5.4211e-07 -6.1691e-07 -6.9860e-07 -7.8752e-07 -8.8396e-07 -9.8813e-07 -1.1002e-06 -1.2201e-06 -1.3477e-06 -1.4825e-06 -1.6238e-06 -1.7704e-06 -1.9205e-06 -2.0717e-06 -2.2208e-06 -2.3637e-06 -2.4951e-06 -2.6088e-06 -2.6973e-06 -2.7523e-06 -2.7653e-06 -2.7276e-06 -2.6321e-06 -2.4745e-06 -2.2548e-06 -1.9792e-06 -1.6611e-06 -1.3209e-06 -9.8429e-07 -6.7813e-07 -4.2494e-07 -2.3738e-07 -1.1534e-07 -4.7293e-08 -1.5765e-08 -4.0794e-09 -7.7376e-10 -1.0016e-10 -8.0913e-12 -3.6460e-13 -7.9537e-15 -7.0190e-17 -1.9934e-19 -1.3594e-22 -1.5269e-26 -1.7333e-31 -1.0524e-37 -1.4830e-45 -1.6095e-55 -3.0972e-68 -1.4721e-84 -1.1982e-105 -4.3547e-133 -4.6044e-169 -1.2629e-216 -4.4569e-280 -0.0000e+00 -0.0000e+00 -0.0000e+00 -0.0000e+00 -0.0000e+00 -0.0000e+00 -0.0000e+00 -0.0000e+00 -0.0000e+00 -0.0000e+00 -0.0000e+00 -0.0000e+00 -0.0000e+00 -0.0000e+00 -0.0000e+00 -0.0000e+00 -0.0000e+00 -0.0000e+00 -0.0000e+00 -0.0000e+00 -0.0000e+00 -0.0000e+00 -0.0000e+00 -0.0000e+00 -2.3306e-10 -1.3197e-09 -3.6424e-09 -7.4941e-09 -1.3130e-08 -2.0785e-08 0.0000e+00 -4.3056e-08 -5.8118e-08 -7.6100e-08 -9.7235e-08 -1.2177e-07 -1.4995e-07 -1.8206e-07 -2.1837e-07 -2.5918e-07 -3.0480e-07 -3.5556e-07 -4.1179e-07 -4.7386e-07 -5.4211e-07 -6.1691e-07 -6.9860e-07 -7.8752e-07 -8.8396e-07 -9.8813e-07 -1.1002e-06 -1.2201e-06 -1.3477e-06 -1.4825e-06 -1.6238e-06 -1.7704e-06 -1.9205e-06 -2.0717e-06 -2.2208e-06 -2.3637e-06 -2.4951e-06 -2.6088e-06 -2.6973e-06 -2.7523e-06 -2.7653e-06 -2.7276e-06 -2.6321e-06 -2.4745e-06 -2.2548e-06 -1.9792e-06 -1.6611e-06 -1.3209e-06 -9.8428e-07 -6.7812e-07 -4.2493e-07 -2.3737e-07 -1.1534e-07 -4.7292e-08 -1.5764e-08 -4.0792e-09 -7.7372e-10 -1.0015e-10 -8.0907e-12 -3.6457e-13 -7.9528e-15 -7.0180e-17 -1.9931e-19 -1.3592e-22 -1.5265e-26 -1.7327e-31 -1.0520e-37 -1.4823e-45 -1.6085e-55 -3.0949e-68 -1.4707e-84 -1.1968e-105 -4.3481e-133 -4.5955e-169 -1.2598e-216 -4.4425e-280 -0.0000e+00 -0.0000e+00 -0.0000e+00 -0.0000e+00 -0.0000e+00 -0.0000e+00 -0.0000e+00 -0.0000e+00 -0.0000e+00 -0.0000e+00 -0.0000e+00 -0.0000e+00 -0.0000e+00 -0.0000e+00 -0.0000e+00 -0.0000e+00 -0.0000e+00 -0.0000e+00 -0.0000e+00 -0.0000e+00 -0.0000e+00 -0.0000e+00 -0.0000e+00 -0.0000e+00
-3.2700e-10 -1.8516e-09 -5.1107e-09 -1.0515e-08 -1.8422e-08 -2.9164e-08 -4.3056e-08 1.2883e-06 -8.1546e-08 -1.0678e-07 -1.3643e-07 -1.7085e-07 -2.1040e-07 -2.5545e-07 -3.0640e-07 -3.6366e-07 -4.2766e-07 -4.9888e-07 -5.7779e-07 -6.6487e-07 -7.6063e-07 -8.6559e-07 -9.8021e-07 -1.1050e-06 -1.2403e-06 -1.3865e-06 -1.5437e-06 -1.7119e-06 -1.8909e-06 -2.0801e-06 -2.2784e-06 -2.4840e-06 -2.6946e-06 -2.9068e-06 -3.1160e-06 -3.3165e-06 -3.5009e-06 -3.6604e-06 -3.7846e-06 -3.8618e-06 -3.8800e-06 -3.8271e-06 -3.6931e-06 -3.4720e-06 -3.1638e-06 -2.7771e-06 -2.3308e-06 -1.8534e-06 -1.3811e-06 -9.5151e-07 -5.9625e-07 -3.3308e-07 -1.6184e-07 -6.6361e-08 -2.2121e-08 -5.7243e-09 -1.0858e-09 -1.4055e-10 -1.1355e-11 -5.1167e-13 -1.1162e-14 -9.8509e-17 -2.7979e-19 -1.9082e-22 -2.1434e-26 -2.4334e-31 -1.4777e-37 -2.0827e-45 -2.2608e-55 -4.3518e-68 -2.0691e-84 -1.6849e-105 -6.1273e-133 -6.4838e-169 -1.7802e-216 -6.2914e-280 -0.0000e+00 -0.0000e+00 -0.0000e+00 -0.0000e+00 -0.0000e+00 -0.0000e+00 -0.0000e+00 -0.0000e+00 -0.0000e+00 -0.0000e+00 -0.0000e+00 -0.0000e+00 -0.0000e+00 -0.0000e+00 -0.0000e+00 -0.0000e+00 -0.0000e+00 -0.0000e+00 -0.0000e+00 -0.0000e+00 -0.0000e+00 -0.0000e+00 -0.0000e+00 -0.0000e+00 -3.2700e-10 -1.8516e-09 -5.1107e-09 -1.0515e-08 -1.8422e-08 -2.9164e-08 -4.3056e-08 0.0000e+00 -8.1546e-08 -1.0678e-07 -1.3643e-07 -1.7085e-07 -2.1040e-07 -2.5545e-07 -3.0640e-07 -3.6366e-07 -4.2766e-07 -4.9888e-07 -5.7779e-07 -6.6487e-07 -7.6063e-07 -8.6559e-07 -9.8021e-07 -1.1050e-06 -1.2403e-06 -1.3865e-06 -1.5437e-06 -1.7119e-06 -1.8909e-06 -2.0801e-06 -2.2784e-06 -2.4840e-06 -2.6946e-06 -2.9068e-06 -3.1160e-06 -3.3165e-06 -3.5009e-06 -3.6604e-06 -3.7845e-06 -3.8618e-06 -3.8800e-06 -3.8270e-06 -3.6931e-06 -3.4720e-06 -3.1637e-06 -2.7771e-06 -2.3307e-06 -1.8534e-06 -1.3811e-06 -9.5148e-07 -5.9623e-07 -3.3306e-07 -1.6183e-07 -6.6357e-08 -2.2119e-08 -5.7237e-09 -1.0856e-09 -1.4053e-10 -1.1353e-11 -5.1156e-13 -1.1159e-14 -9.8479e-17 -2.7968e-19 -1.9073e-22 -2.1422e-26 -2.4317e-31 -1.4764e-37 -2.0804e-45 -2.2578e-55 -4.3445e-68 -2.0647e-84 -1.6804e-105 -6.1066e-133 -6.4557e-169 -1.7703e-216 -6.2459e-280 -0.0000e+00 -0.0000e+00 -0.0000e+00 -0.0000e+00 -0.0000e+00 -0.0000e+00 -0.0000e+00 -0.0000e+00 -0.0000e+00 -0.0000e+00 -0.0000e+00 -0.0000e+00 -0.0000e+00 -0.0000e+00 -0.0000e+00 -0.0000e+00 -0.0000e+00 -0.0000e+00 -0.0000e+00 -0.0000e+00 -0.0000e+00 -0.0000e+00 -0.0000e+00 -0.0000e+00
-4.4140e-10 -2.4993e-09 -6.8985e-09 -1.4193e-08 -2.4867e-08 -3.9366e-08 -5.8118e-08 -8.1546e-08 2.6334e-06 -1.4413e-07 -1.8416e-07 -2.3062e-07 -2.8400e-07 -3.4481e-07 -4.1358e-07 -4.9087e-07 -5.7727e-07 -6.7340e-07 -7.7990e-07 -8.9745e-07 -1.0267e-06 -1.1684e-06 -1.3231e-06 -1.4915e-06 -1.6742e-06 -1.8715e-06 -2.0837e-06 -2.3108e-06 -2.5524e-06 -2.8078e-06 -3.0754e-06 -3.3530e-06 -3.6373e-06 -3.9237e-06 -4.2061e-06 -4.4767e-06 -4.7256e-06 -4.9409e-06 -5.1085e-06 -5.2128e-06 -5.2373e-06 -5.1659e-06 -4.9851e-06 -4.6866e-06 -4.2706e-06 -3.7487e-06 -3.1462e-06 -2.5018e-06 -1.8643e-06 -1.2844e-06 -8.0487e-07 -4.4963e-07 -2.1848e-07 -8.9585e-08 -2.9863e-08 -7.7279e-09 -1.4659e-09 -1.8976e-10 -1.5331e-11 -6.9088e-13 -1.5073e-14 -1.3303e-16 -3.7788e-19 -2.5775e-22 -2.8958e-26 -3.2882e-31 -1.9973e-37 -2.8160e-45 -3.0580e-55 -5.8895e-68 -2.8021e-84 -2.2838e-105 -8.3146e-133 -8.8113e-169 -2.4240e-216 -8.5886e-280 -0.0000e+00 -0.0000e+00 -0.0000e+00 -0.0000e+00 -0.0000e+00 -0.0000e+00 -0.0000e+00 -0.0000e+00 -0.0000e+00 -0.0000e+00 -0.0000e+00 -0.0000e+00 -0.0000e+00 -0.0000e+00 -0.0000e+00 -0.0000e+00 -0.0000e+00 -0.0000e+00 -0.0000e+00 -0.0000e+00 -0.0000e+00 -0.0000e+00 -0.0000e+00 -0.0000e+00 -4.4140e-10 -2.4993e-09 -6.8985e-09 -1.4193e-08 -2.4867e-08 -3.9366e-08 -5.8118e-08 -8.1546e-08 0.0000e+00 -1.4413e-07 -1.8416e-07 -2.3062e-07 -2.8400e-07 -3.4481e-07 -4.1358e-07 -4.9087e-07 -5.7727e-07 -6.7340e-07 -7.7990e-07 -8.9745e-07 -1.0267e-06 -1.1684e-06 -1.3231e-06 -1.4915e-06 -1.6742e-06 -1.8715e-06 -2.0837e-06 -2.3108e-06 -2.5524e-06 -2.8078e-06 -3.0754e-06 -3.3530e-06 -3.6373e-06 -3.9237e-06 -4.2061e-06 -4.4767e-06 -4.7256e-06 -4.9408e-06 -5.1084e-06 -5.2128e-06 -5.2372e-06 -5.1658e-06 -4.9850e-06 -4.6865e-06 -4.2705e-06 -3.7486e-06 -3.1461e-06 -2.5017e-06 -1.8642e-06 -1.2843e-06 -8.0481e-07 -4.4959e-07 -2.1845e-07 -8.9572e-08 -2.9858e-08 -7.7263e-09 -1.4655e-09 -1.8970e-10 -1.5325e-11 -6.9059e-13 -1.5065e-14 -1.3295e-16 -3.7759e-19 -2.5751e-22 -2.8924e-26 -3.2835e-31 -1.9938e-37 -2.8098e-45 -3.0497e-55 -5.8694e-68 -2.7901e-84 -2.2715e-105 -8.2573e-133 -8.7338e-169 -2.3966e-216 -8.4629e-280 -0.0000e+00 -0.0000e+00 -0.0000e+00 -0.0000e+00 -0.0000e+00 -0.0000e+00 -0.0000e+00 -0.0000e+00 -0.0000e+00 -0.0000e+00 -0.0000e+00 -0.0000e+00 -0.0000e+00 -0.0000e+00 -0.0000e+00 -0.0000e+00 -0.0000e+00 -0.0000e+00 -0.0000e+00 -0.0000e+00 -0.0000e+00 -0.0000e+00 -0.0000e+00 -0.0000e+00
-5.7796e-10 -3.2726e-09 -9.0328e-09 -1.8585e-08 -3.2560e-08 -5.1545e-08 -7.6100e-08 -1.0678e-07 -1.4413e-07 5.0015e-06 -2.4113e-07 -3.0197e-07 -3.7187e-07 -4.5150e-07 -5.4154e-07 -6.4274e-07 -7.5587e-07 -8.8174e-07 -1.0212e-06 -1.1751e-06 -1.3444e-06 -1.5299e-06 -1.7325e-06 -1.9530e-06 -2.1921e-06 -2.4505e-06 -2.7283e-06 -3.0257e-06 -3.3421e-06 -3.6765e-06 -4.0269e-06 -4.3904e-06 -4.7626e-06 -5.1376e-06 -5.5075e-06 -5.8618e-06 -6.1877e-06 -6.4696e-06 -6.6891e-06 -6.8257e-06 -6.8578e-06 -6.7643e-06 -6.5276e-06 -6.1368e-06 -5.5921e-06 -4.9087e-06 -4.1198e-06 -3.2761e-06 -2.4413e-06 -1.6820e-06 -1.0540e-06 -5.8881e-07 -2.8611e-07 -1.1732e-07 -3.9111e-08 -1.0122e-08 -1.9200e-09 -2.4857e-10 -2.0083e-11 -9.0516e-13 -1.9750e-14 -1.7434e-16 -4.9531e-19 -3.3793e-22 -3.7976e-26 -4.3139e-31 -2.6215e-37 -3.6981e-45 -4.0189e-55 -7.7473e-68 -3.6903e-84 -3.0124e-105 -1.0989e-132 -1.1675e-168 -3.2227e-216 -1.1470e-279 -0.0000e+00 -0.0000e+00 -0.0000e+00 -0.0000e+00 -0.0000e+00 -0.0000e+00 -0.0000e+00 -0.0000e+00 -0.0000e+00 -0.0000e+00 -0.0000e+00 -0.0000e+00 -0.0000e+00 -0.0000e+00 -0.0000e+00 -0.0000e+00 -0.0000e+00 -0.0000e+00 -0.0000e+00 -0.0000e+00 -0.0000e+00 -0.0000e+00 -0.0000e+00 -0.0000e+00 -5.7796e-10 -3.2726e-09 -9.0328e-09 -1.8585e-08 -3.2560e-08 -5.1545e-08 -7.6100e-08 -1.0678e-07 -1.4413e-07 0.0000e+00 -2.4113e-07 -3.0197e-07 -3.7187e-07 -4.5150e-07 -5.4154e-07 -6.4274e-07 -7.5587e-07 -8.8174e-07 -1.0212e-06 -1.1751e-06 -1.3444e-06 -1.5299e-06 -1.7325e-06 -1.9530e-06 -2.1921e-06 -2.4505e-06 -2.7283e-06 -3.0257e-06 -3.3421e-06 -3.6765e-06 -4.0269e-06 -4.3904e-06 -4.7626e-06 -5.1376e-06 -5.5074e-06 -5.8617e-06 -6.1876e-06 -6.4695e-06 -6.6890e-06 -6.8256e-06 -6.8576e-06 -6.7642e-06 -6.5274e-06 -6.1366e-06 -5.5918e-06 -4.9084e-06 -4.1195e-06 -3.2758e-06 -2.4410e-06 -1.6818e-06 -1.0539e-06 -5.8871e-07 -2.8605e-07 -1.1729e-07 -3.9099e-08 -1.0118e-08 -1.9191e-09 -2.4843e-10 -2.0070e-11 -9.0442e-13 -1.9731e-14 -1.7413e-16 -4.9459e-19 -3.3733e-22 -3.7893e-26 -4.3022e-31 -2.6127e-37 -3.6828e-45 -3.9981e-55 -7.6972e-68 -3.6604e-84 -2.9815e-105 -1.0846e-132 -1.1482e-168 -3.1543e-216 -1.1155e-279 -0.0000e+00 -0.0000e+00 -0.0000e+00 -0.0000e+00 -0.0000e+00 -0.0000e+00 -0.0000e+00 -0.0000e+00 -0.0000e+00 -0.0000e+00 -0.0000e+00 -0.0000e+00 -0.0000e+00 -0.0000e+00 -0.0000e+00 -0.0000e+00 -0.0000e+00 -0.0000e+00 -0.0000e+00 -0.0000e+00 -0.0000e+00 -0.0000e+00 -0.0000e+00 -0.0000e+00
-7.3848e-10 -4.1815e-09 -1.1542e-08 -2.3746e-08 -4.1604e-08 -6.5861e-08 -9.7235e-08 -1.3643e-07 -1.8416e-07 -2.4113e-07 8.9520e-06 -3.8584e-07 -4.7516e-07 -5.7689e-07 -6.9194e-07 -8.2125e-07 -9.6580e-07 -1.1266e-06 -1.3048e-06 -1.5015e-06 -1.7178e-06 -1.9548e-06 -2.2136e-06 -2.4954e-06 -2.8010e-06 -3.1311e-06 -3.4861e-06 -3.8661e-06 -4.2704e-06 -4.6976e-06 -5.1454e-06 -5.6098e-06 -6.0854e-06 -6.5646e-06 -7.0371e-06 -7.4899e-06 -7.9063e-06 -8.2665e-06 -8.5470e-06 -8.7216e-06 -8.7627e-06 -8.6433e-06 -8.3409e-06 -7.8416e-06 -7.1456e-06 -6.2725e-06 -5.2645e-06 -4.1864e-06 -3.1197e-06 -2.1494e-06 -1.3470e-06 -7.5251e-07 -3.6567e-07 -1.4995e-07 -4.9992e-08 -1.2938e-08 -2.4546e-09 -3.1781e-10 -2.5681e-11 -1.1577e-12 -2.5265e-14 -2.2308e-16 -6.3397e-19 -4.3270e-22 -4.8650e-26 -5.5297e-31 -3.3629e-37 -4.7485e-45 -5.1666e-55 -9.9750e-68 -4.7608e-84 -3.8959e-105 -1.4258e-132 -1.5212e-168 -4.2223e-216 -1.5136e-279 -0.0000e+00 -0.0000e+00 -0.0000e+00 -0.0000e+00 -0.0000e+00 -0.0000e+00 -0.0000e+00 -0.0000e+00 -0.0000e+00 -0.0000e+00 -0.0000e+00 -0.0000e+00 -0.0000e+00 -0.0000e+00 -0.0000e+00 -0.0000e+00 -0.0000e+00 -0.0000e+00 -0.0000e+00 -0.0000e+00 -0.0000e+00 -0.0000e+00 -0.0000e+00 -0.0000e+00 -7.3848e-10 -4.1815e-09 -1.1542e-08 -2.3746e-08 -4.1604e-08 -6.5861e-08 -9.7235e-08 -1.3643e-07 -1.8416e-07 -2.4113e-07 0.0000e+00 -3.8584e-07 -4.7516e-07 -5.7689e-07 -6.9194e-07 -8.2125e-07 -9.6580e-07 -1.1266e-06 -1.3048e-06 -1.5015e-06 -1.7178e-06 -1.9548e-06 -2.2136e-06 -2.4954e-06 -2.8010e-06 -3.1311e-06 -3.4861e-06 -3.8661e-06 -4.2704e-06 -4.6976e-06 -5.1453e-06 -5.6098e-06 -6.0854e-06 -6.5645e-06 -7.0370e-06 -7.4898e-06 -7.9062e-06 -8.2664e-06 -8.5468e-06 -8.7214e-06 -8.7623e-06 -8.6429e-06 -8.3404e-06 -7.8410e-06 -7.1450e-06 -6.2718e-06 -5.2638e-06 -4.1858e-06 -3.1191e-06 -2.1490e-06 -1.3466e-06 -7.5227e-07 -3.6553e-07 -1.4988e-07 -4.9965e-08 -1.2930e-08 -2.4526e-09 -3.1750e-10 -2.5651e-11 -1.1560e-12 -2.5221e-14 -2.2260e-16 -6.3232e-19 -4.3132e-22 -4.8459e-26 -5.5030e-31 -3.3428e-37 -4.7133e-45 -5.1191e-55 -9.8603e-68 -4.6921e-84 -3.8252e-105 -1.3930e-132 -1.4768e-168 -4.0649e-216 -1.4413e-279 -0.0000e+00 -0.0000e+00 -0.0000e+00 -0.0000e+00 -0.0000e+00 -0.0000e+00 -0.0000e+00 -0.0000e+00 -0.0000e+00 -0.0000e+00 -0.0000e+00 -0.0000e+00 -0.0000e+00 -0.0000e+00 -0.0000e+00 -0.0000e+00 -0.0000e+00 -0.0000e+00 -0.0000e+00 -0.0000e+00 -0.0000e+00 -0.0000e+00 -0.0000e+00 -0.0000e+00
-9.2481e-10 -5.2366e-09 -1.4454e-08 -2.9738e-08 -5.2101e-08 -8.2478e-08 -1.2177e-07 -1.7085e-07 -2.3062e-07 -3.0197e-07 -3.8584e-07 1.5260e-05 -5.9504e-07 -7.2245e-07 -8.6653e-07 -1.0285e-06 -1.2095e-06 -1.4109e-06 -1.6340e-06 -1.8803e-06 -2.1512e-06 -2.4480e-06 -2.7722e-06 -3.1250e-06 -3.5077e-06 -3.9211e-06 -4.3657e-06 -4.8415e-06 -5.3479e-06 -5.8829e-06 -6.4436e-06 -7.0253e-06 -7.6209e-06 -8.2210e-06 -8.8128e-06 -9.3798e-06 -9.9014e-06 -1.0353e-05 -1.0704e-05 -1.0923e-05 -1.0974e-05 -1.0825e-05 -1.0446e-05 -9.8208e-06 -8.9493e-06 -7.8559e-06 -6.5936e-06 -5.2435e-06 -3.9075e-06 -2.6924e-06 -1.6873e-06 -9.4269e-07 -4.5812e-07 -1.8788e-07 -6.2643e-08 -1.6214e-08 -3.0765e-09 -3.9841e-10 -3.2202e-11 -1.4520e-12 -3.1698e-14 -2.8000e-16 -7.9613e-19 -5.4372e-22 -6.1179e-26 -6.9604e-31 -4.2380e-37 -5.9932e-45 -6.5334e-55 -1.2644e-67 -6.0533e-84 -4.9732e-105 -1.8293e-132 -1.9646e-168 -5.4993e-216 -1.9934e-279 -0.0000e+00 -0.0000e+00 -0.0000e+00 -0.0000e+00 -0.0000e+00 -0.0000e+00 -0.0000e+00 -0.0000e+00 -0.0000e+00 -0.0000e+00 -0.0000e+00 -0.0000e+00 -0.0000e+00 -0.0000e+00 -0.0000e+00 -0.0000e+00 -0.0000e+00 -0.0000e+00 -0.0000e+00 -0.0000e+00 -0.0000e+00 -0.0000e+00 -0.0000e+00 -0.0000e+00 -9.2481e-10 -5.2366e-09 -1.4454e-08 -2.9738e-08 -5.2101e-08 -8.2478e-08 -1.2177e-07 -1.7085e-07 -2.3062e-07 -3.0197e-07 -3.8584e-07 0.0000e+00 -5.9504e-07 -7.2245e-07 -8.6653e-07 -1.0285e-06 -1.2095e-06 -1.4109e-06 -1.6340e-06 -1.8803e-06 -2.1512e-06 -2.4480e-06 -2.7722e-06 -3.1250e-06 -3.5077e-06 -3.9211e-06 -4.3657e-06 -4.8415e-06 -5.3478e-06 -5.8829e-06 -6.4436e-06 -7.0252e-06 -7.6208e-06 -8.2209e-06 -8.8126e-06 -9.3796e-06 -9.9011e-06 -1.0352e-05 -1.0703e-05 -1.0922e-05 -1.0973e-05 -1.0824e-05 -1.0445e-05 -9.8197e-06 -8.9480e-06 -7.8546e-06 -6.5922e-06 -5.2422e-06 -3.9063e-06 -2.6914e-06 -1.6865e-06 -9.4218e-07 -4.5782e-07 -1.8773e-07 -6.2584e-08 -1.6196e-08 -3.0723e-09 -3.9774e-10 -3.2136e-11 -1.4484e-12 -3.1604e-14 -2.7898e-16 -7.9259e-19 -5.4076e-22 -6.0770e-26 -6.9033e-31 -4.1951e-37 -5.9181e-45 -6.4317e-55 -1.2399e-67 -5.9064e-84 -4.8216e-105 -1.7590e-132 -1.8691e-168 -5.1603e-216 -1.8371e-279 -0.0000e+00 -0.0000e+00 -0.0000e+00 -0.0000e+00 -0.0000e+00 -0.0000e+00 -0.0000e+00 -0.0000e+00 -0.0000e+00 -0.0000e+00 -0.0000e+00 -0.0000e+00 -0.0000e+00 -0.0000e+00 -0.0000e+00 -0.0000e+00 -0.0000e+00 -0.0000e+00 -0.0000e+00 -0.0000e+00 -0.0000e+00 -0.0000e+00 -0.0000e+00 -0.0000e+00
-1.1389e-09 -6.4487e-09 -1.7799e-08 -3.6621e-08 -6.4161e-08 -1.0157e-07 -1.4995e-07 -2.1040e-07 -2.8400e-07 -3.7187e-07 -4.7516e-07 -5.9504e-07 2.4973e-05 -8.8967e-07 -1.0671e-06 -1.2665e-06 -1.4894e-06 -1.7375e-06 -2.0123e-06 -2.3156e-06 -2.6491e-06 -3.0146e-06 -3.4139e-06 -3.8484e-06 -4.3196e-06 -4.8287e-06 -5.3763e-06 -5.9623e-06 -6.5858e-06 -7.2447e-06 -7.9352e-06 -8.6515e-06 -9.3851e-06 -1.0124e-05 -1.0853e-05 -1.1551e-05 -1.2194e-05 -1.2749e-05 -1.3182e-05 -1.3452e-05 -1.3515e-05 -1.3331e-05 -1.2865e-05 -1.2095e-05 -1.1022e-05 -9.6760e-06 -8.1215e-06 -6.4588e-06 -4.8135e-06 -3.3168e-06 -2.0788e-06 -1.1615e-06 -5.6451e-07 -2.3154e-07 -7.7213e-08 -1.9989e-08 -3.7937e-09 -4.9141e-10 -3.9732e-11 -1.7923e-12 -3.9147e-14 -3.4601e-16 -9.8458e-19 -6.7306e-22 -7.5821e-26 -8.6390e-31 -5.2697e-37 -7.4694e-45 -8.1662e-55 -1.5862e-67 -7.6291e-84 -6.3049e-105 -2.3367e-132 -2.5339e-168 -7.1814e-216 -2.6449e-279 -0.0000e+00 -0.0000e+00 -0.0000e+00 -0.0000e+00 -0.0000e+00 -0.0000e+00 -0.0000e+00 -0.0000e+00 -0.0000e+00 -0.0000e+00 -0.0000e+00 -0.0000e+00 -0.0000e+00 -0.0000e+00 -0.0000e+00 -0.0000e+00 -0.0000e+00 -0.0000e+00 -0.0000e+00 -0.0000e+00 -0.0000e+00 -0.0000e+00 -0.0000e+00 -0.0000e+00 -1.1389e-09 -6.4487e-09 -1.7799e-08 -3.6621e-08 -6.4161e-08 -1.0157e-07 -1.4995e-07 -2.1040e-07 -2.8400e-07 -3.7187e-07 -4.7516e-07 -5.9504e-07 0.0000e+00 -8.8967e-07 -1.0671e-06 -1.2665e-06 -1.4894e-06 -1.7375e-06 -2.0123e-06 -2.3156e-06 -2.6491e-06 -3.0146e-06 -3.4138e-06 -3.8484e-06 -4.3196e-06 -4.8287e-06 -5.3762e-06 -5.9622e-06 -6.5857e-06 -7.2446e-06 -7.9351e-06 -8.6514e-06 -9.3849e-06 -1.0124e-05 -1.0853e-05 -1.1551e-05 -1.2193e-05 -1.2749e-05 -1.3181e-05 -1.3450e-05 -1.3514e-05 -1.3330e-05 -1.2863e-05 -1.2093e-05 -1.1020e-05 -9.6732e-06 -8.1187e-06 -6.4561e-06 -4.8110e-06 -3.3147e-06 -2.0772e-06 -1.1605e-06 -5.6391e-07 -2.3125e-07 -7.7093e-08 -1.9952e-08 -3.7851e-09 -4.9007e-10 -3.9601e-11 -1.7851e-12 -3.8956e-14 -3.4395e-16 -9.7744e-19 -6.6709e-22 -7.4997e-26 -8.5236e-31 -5.1830e-37 -7.3175e-45 -7.9604e-55 -1.5365e-67 -7.3313e-84 -5.9973e-105 -2.1938e-132 -2.3394e-168 -6.4886e-216 -2.3241e-279 -0.0000e+00 -0.0000e+00 -0.0000e+00 -0.0000e+00 -0.0000e+00 -0.0000e+00 -0.0000e+00 -0.0000e+00 -0.0000e+00 -0.0000e+00 -0.0000e+00 -0.0000e+00 -0.0000e+00 -0.0000e+00 -0.0000e+00 -0.0000e+00 -0.0000e+00 -0.0000e+00 -0.0000e+00 -0.0000e+00 -0.0000e+00 -0.0000e+00 -0.0000e+00 -0.0000e+00
-1.3827e-09 -7.8294e-09 -2.1610e-08 -4.4462e-08 -7.7898e-08 -1.2332e-07 -1.8206e-07 -2.5545e-07 -3.4481e-07 -4.5150e-07 -5.7689e-07 -7.2245e-07 -8.8967e-07 3.9480e-05 -1.2956e-06 -1.5377e-06 -1.8084e-06 -2.1095e-06 -2.4431e-06 -2.8114e-06 -3.2163e-06 -3.6601e-06 -4.1448e-06 -4.6724e-06 -5.2445e-06 -5.8626e-06 -6.5274e-06 -7.2389e-06 -7.9959e-06 -8.7959e-06 -9.6344e-06 -1.0504e-05 -1.1395e-05 -1.2292e-05 -1.3177e-05 -1.4025e-05 -1.4805e-05 -1.5480e-05 -1.6006e-05 -1.6333e-05 -1.6410e-05 -1.6188e-05 -1.5622e-05 -1.4688e-05 -1.3385e-05 -1.1751e-05 -9.8634e-06 -7.8446e-06 -5.8466e-06 -4.0290e-06 -2.5254e-06 -1.4113e-06 -6.8601e-07 -2.8143e-07 -9.3871e-08 -2.4309e-08 -4.6150e-09 -5.9805e-10 -4.8379e-11 -2.1836e-12 -4.7732e-14 -4.2227e-16 -1.2030e-18 -8.2350e-22 -9.2931e-26 -1.0611e-30 -6.4903e-37 -9.2306e-45 -1.0134e-54 -1.9790e-67 -9.5826e-84 -7.9867e-105 -2.9919e-132 -3.2888e-168 -9.4825e-216 -3.5689e-279 -0.0000e+00 -0.0000e+00 -0.0000e+00 -0.0000e+00 -0.0000e+00 -0.0000e+00 -0.0000e+00 -0.0000e+00 -0.0000e+00 -0.0000e+00 -0.0000e+00 -0.0000e+00 -0.0000e+00 -0.0000e+00 -0.0000e+00 -0.0000e+00 -0.0000e+00 -0.0000e+00 -0.0000e+00 -0.0000e+00 -0.0000e+00 -0.0000e+00 -0.0000e+00 -0.0000e+00 -1.3827e-09 -7.8294e-09 -2.1610e-08 -4.4462e-08 -7.7898e-08 -1.2332e-07 -1.8206e-07 -2.5545e-07 -3.4481e-07 -4.5150e-07 -5.7689e-07 -7.2245e-07 -8.8967e-07 0.0000e+00 -1.2956e-06 -1.5377e-06 -1.8084e-06 -2.1095e-06 -2.4431e-06 -2.8114e-06 -3.2163e-06 -3.6601e-06 -4.1448e-06 -4.6724e-06 -5.2445e-06 -5.8626e-06 -6.5273e-06 -7.2388e-06 -7.9958e-06 -8.7958e-06 -9.6342e-06 -1.0504e-05 -1.1394e-05 -1.2292e-05 -1.3176e-05 -1.4024e-05 -1.4804e-05 -1.5478e-05 -1.6004e-05 -1.6331e-05 -1.6408e-05 -1.6184e-05 -1.5618e-05 -1.4683e-05 -1.3380e-05 -1.1745e-05 -9.8580e-06 -7.8394e-06 -5.8420e-06 -4.0252e-06 -2.5225e-06 -1.4093e-06 -6.8486e-07 -2.8086e-07 -9.3642e-08 -2.4237e-08 -4.5985e-09 -5.9547e-10 -4.8126e-11 -2.1698e-12 -4.7364e-14 -4.1832e-16 -1.1892e-18 -8.1203e-22 -9.1346e-26 -1.0389e-30 -6.3233e-37 -8.9379e-45 -9.7375e-55 -1.8831e-67 -9.0064e-84 -7.3904e-105 -2.7142e-132 -2.9094e-168 -8.1247e-216 -2.9364e-279 -0.0000e+00 -0.0000e+00 -0.0000e+00 -0.0000e+00 -0.0000e+00 -0.0000e+00 -0.0000e+00 -0.0000e+00 -0.0000e+00 -0.0000e+00 -0.0000e+00 -0.0000e+00 -0.0000e+00 -0.0000e+00 -0.0000e+00 -0.0000e+00 -0.0000e+00 -0.0000e+00 -0.0000e+00 -0.0000e+00 -0.0000e+00 -0.0000e+00 -0.0000e+00 -0.0000e+00
-1.6585e-09 -9.3909e-09 -2.5920e-08 -5.3329e-08 -9.3433e-08 -1.4791e-07 -2.1837e-07 -3.0640e-07 -4.1358e-07 -5.4154e-07 -6.9194e-07 -8.6653e-07 -1.0671e-06 -1.2956e-06 6.0589e-05 -1.8444e-06 -2.1690e-06 -2.5302e-06 -2.9304e-06 -3.3721e-06 -3.8578e-06 -4.3901e-06 -4.9714e-06 -5.6042e-06 -6.2905e-06 -7.0318e-06 -7.8292e-06 -8.6826e-06 -9.5907e-06 -1.0550e-05 -1.1556e-05 -1.2599e-05 -1.3668e-05 -1.4744e-05 -1.5806e-05 -1.6823e-05 -1.7759e-05 -1.8569e-05 -1.9199e-05 -1.9593e-05 -1.9686e-05 -1.9419e-05 -1.8741e-05 -1.7621e-05 -1.6059e-05 -1.4099e-05 -1.1836e-05 -9.4140e-06 -7.0171e-06 -4.8363e-06 -3.0319e-06 -1.6946e-06 -8.2393e-07 -3.3811e-07 -1.1281e-07 -2.9226e-08 -5.5512e-09 -7.1981e-10 -5.8271e-11 -2.6324e-12 -5.7605e-14 -5.1030e-16 -1.4561e-18 -9.9884e-22 -1.1300e-25 -1.2943e-30 -7.9470e-37 -1.1356e-44 -1.2543e-54 -2.4678e-67 -1.2061e-83 -1.0171e-104 -3.8660e-132 -4.3276e-168 -1.2763e-215 -4.9394e-279 -0.0000e+00 -0.0000e+00 -0.0000e+00 -0.0000e+00 -0.0000e+00 -0.0000e+00 -0.0000e+00 -0.0000e+00 -0.0000e+00 -0.0000e+00 -0.0000e+00 -0.0000e+00 -0.0000e+00 -0.0000e+00 -0.0000e+00 -0.0000e+00 -0.0000e+00 -0.0000e+00 -0.0000e+00 -0.0000e+00 -0.0000e+00 -0.0000e+00 -0.0000e+00 -0.0000e+00 -1.6585e-09 -9.3909e-09 -2.5920e-08 -5.3329e-08 -9.3433e-08 -1.4791e-07 -2.1837e-07 -3.0640e-07 -4.1358e-07 -5.4154e-07 -6.9194e-07 -8.6653e-07 -1.0671e-06 -1.2956e-06 0.0000e+00 -1.8444e-06 -2.1690e-06 -2.5302e-06 -2.9304e-06 -3.3720e-06 -3.8577e-06 -4.3900e-06 -4.9714e-06 -5.6042e-06 -6.2904e-06 -7.0318e-06 -7.8291e-06 -8.6825e-06 -9.5905e-06 -1.0550e-05 -1.1556e-05 -1.2599e-05 -1.3667e-05 -1.4743e-05 -1.5804e-05 -1.6821e-05 -1.7757e-05 -1.8566e-05 -1.9196e-05 -1.9588e-05 -1.9681e-05 -1.9413e-05 -1.8734e-05 -1.7613e-05 -1.6050e-05 -1.4089e-05 -1.1826e-05 -9.4045e-06 -7.0085e-06 -4.8292e-06 -3.0265e-06 -1.6910e-06 -8.2181e-07 -3.3706e-07 -1.1239e-07 -2.9094e-08 -5.5209e-09 -7.1505e-10 -5.7805e-11 -2.6070e-12 -5.6928e-14 -5.0302e-16 -1.4308e-18 -9.7766e-22 -1.1007e-25 -1.2533e-30 -7.6381e-37 -1.0815e-44 -1.1807e-54 -2.2895e-67 -1.0988e-83 -9.0569e-105 -3.3454e-132 -3.6127e-168 -1.0187e-215 -3.7288e-279 -0.0000e+00 -0.0000e+00 -0.0000e+00 -0.0000e+00 -0.0000e+00 -0.0000e+00 -0.0000e+00 -0.0000e+00 -0.0000e+00 -0.0000e+00 -0.0000e+00 -0.0000e+00 -0.0000e+00 -0.0000e+00 -0.0000e+00 -0.0000e+00 -0.0000e+00 -0.0000e+00 -0.0000e+00 -0.0000e+00 -0.0000e+00 -0.0000e+00 -0.0000e+00 -0.0000e+00
-1.9684e-09 -1.1146e-08 -3.0764e-08 -6.3295e-08 -1.1089e-07 -1.7555e-07 -2.5918e-07 -3.6366e-07 -4.9087e-07 -6.4274e-07 -8.2125e-07 -1.0285e-06 -1.2665e-06 -1.5377e-06 -1.8444e-06 9.0628e-05 -2.5743e-06 -3.0030e-06 -3.4780e-06 -4.0022e-06 -4.5787e-06 -5.2105e-06 -5.9005e-06 -6.6515e-06 -7.4661e-06 -8.3460e-06 -9.2924e-06 -1.0305e-05 -1.1383e-05 -1.2522e-05 -1.3716e-05 -1.4954e-05 -1.6222e-05 -1.7500e-05 -1.8760e-05 -1.9968e-05 -2.1079e-05 -2.2041e-05 -2.2790e-05 -2.3258e-05 -2.3369e-05 -2.3054e-05 -2.2250e-05 -2.0922e-05 -1.9069e-05 -1.6743e-05 -1.4056e-05 -1.1182e-05 -8.3360e-06 -5.7464e-06 -3.6033e-06 -2.0145e-06 -9.7978e-07 -4.0222e-07 -1.3427e-07 -3.4804e-08 -6.6154e-09 -8.5852e-10 -6.9572e-11 -3.1470e-12 -6.8970e-14 -6.1214e-16 -1.7507e-18 -1.2043e-21 -1.3672e-25 -1.5728e-30 -9.7087e-37 -1.3966e-44 -1.5552e-54 -3.0907e-67 -1.5296e-83 -1.3099e-104 -5.0742e-132 -5.8135e-168 -1.7636e-215 -7.0617e-279 -0.0000e+00 -0.0000e+00 -0.0000e+00 -0.0000e+00 -0.0000e+00 -0.0000e+00 -0.0000e+00 -0.0000e+00 -0.0000e+00 -0.0000e+00 -0.0000e+00 -0.0000e+00 -0.0000e+00 -0.0000e+00 -0.0000e+00 -0.0000e+00 -0.0000e+00 -0.0000e+00 -0.0000e+00 -0.0000e+00 -0.0000e+00 -0.0000e+00 -0.0000e+00 -0.0000e+00 -1.9684e-09 -1.1146e-08 -3.0764e-08 -6.3295e-08 -1.1089e-07 -1.7555e-07 -2.5918e-07 -3.6366e-07 -4.9087e-07 -6.4274e-07 -8.2125e-07 -1.0285e-06 -1.2665e-06 -1.5377e-06 -1.8444e-06 0.0000e+00 -2.5743e-06 -3.0030e-06 -3.4780e-06 -4.0022e-06 -4.5787e-06 -5.2104e-06 -5.9004e-06 -6.6515e-06 -7.4660e-06 -8.3459e-06 -9.2922e-06 -1.0305e-05 -1.1383e-05 -1.2522e-05 -1.3715e-05 -1.4953e-05 -1.6221e-05 -1.7498e-05 -1.8758e-05 -1.9965e-05 -2.1076e-05 -2.2036e-05 -2.2784e-05 -2.3250e-05 -2.3360e-05 -2.3043e-05 -2.2237e-05 -2.0907e-05 -1.9052e-05 -1.6725e-05 -1.4039e-05 -1.1165e-05 -8.3208e-06 -5.7337e-06 -3.5937e-06 -2.0081e-06 -9.7601e-07 -4.0035e-07 -1.3352e-07 -3.4570e-08 -6.5616e-09 -8.5008e-10 -6.8745e-11 -3.1016e-12 -6.7766e-14 -5.9917e-16 -1.7057e-18 -1.1666e-21 -1.3151e-25 -1.4996e-30 -9.1567e-37 -1.2996e-44 -1.4231e-54 -2.7702e-67 -1.3360e-83 -1.1080e-104 -4.1257e-132 -4.5017e-168 -1.2865e-215 -4.7918e-279 -0.0000e+00 -0.0000e+00 -0.0000e+00 -0.0000e+00 -0.0000e+00 -0.0000e+00 -0.0000e+00 -0.0000e+00 -0.0000e+00 -0.0000e+00 -0.0000e+00 -0.0000e+00 -0.0000e+00 -0.0000e+00 -0.0000e+00 -0.0000e+00 -0.0000e+00 -0.0000e+00 -0.0000e+00 -0.0000e+00 -0.0000e+00 -0.0000e+00 -0.0000e+00 -0.0000e+00
