-1.4854e-09 -8.0180e-12 -2.2131e-11 -4.5533e-11 -7.9774e-11 -1.2629e-10 -1.8644e-10 -2.6159e-10 -3.5308e-10 -4.6228e-10 -5.9058e-10 -7.3940e-10 -9.1020e-10 -1.1045e-09 -1.3236e-09 -1.5691e-09 -1.8422e-09 -2.1441e-09 -2.4756e-09 -2.8370e-09 -3.2281e-09 -3.6476e-09 -4.0930e-09 -4.5602e-09 -5.0428e-09 -5.5316e-09 -6.0146e-09 -6.4754e-09 -6.8939e-09 -7.2457e-09 -7.5026e-09 -7.6343e-09 -7.6105e-09 -7.4053e-09 -7.0018e-09 -6.3983e-09 -5.6144e-09 -4.6941e-09 -3.7046e-09 -2.7291e-09 -1.8516e-09 -1.1384e-09 -6.2206e-10 -2.9512e-10 -1.1818e-10 -3.8610e-11 -9.8767e-12 -1.8820e-12 -2.5147e-13 -2.1890e-14 -1.1349e-15 -3.1404e-17 -4.0551e-19 -2.0715e-21 -3.4149e-24 -1.4123e-27 -1.0717e-31 -1.0109e-36 -7.2811e-43 -2.1717e-50 -1.2396e-59 -5.0908e-71 -4.3276e-85 -1.5450e-102 -2.9717e-124 -2.1556e-151 -1.8431e-185 -1.9703e-228 -6.4829e-283 0.0000e+00 0.0000e+00 0.0000e+00 0.0000e+00 0.0000e+00 0.0000e+00 0.0000e+00 0.0000e+00 0.0000e+00 0.0000e+00 0.0000e+00 0.0000e+00 0.0000e+00 0.0000e+00 0.0000e+00 0.0000e+00 0.0000e+00 0.0000e+00 0.0000e+00 0.0000e+00 0.0000e+00 0.0000e+00 0.0000e+00 0.0000e+00 0.0000e+00 0.0000e+00 0.0000e+00 0.0000e+00 0.0000e+00 0.0000e+00 0.0000e+00 0.0000e+00 8.0180e-12 2.2131e-11 4.5533e-11 7.9774e-11 1.2629e-10 1.8644e-10 2.6159e-10 3.5308e-10 4.6228e-10 5.9058e-10 7.3940e-10 9.1020e-10 1.1045e-09 1.3236e-09 1.5691e-09 1.8422e-09 2.1441e-09 2.4756e-09 2.8370e-09 3.2281e-09 3.6476e-09 4.0930e-09 4.5602e-09 5.0428e-09 5.5316e-09 6.0146e-09 6.4754e-09 6.8939e-09 7.2457e-09 7.5026e-09 7.6343e-09 7.6105e-09 7.4053e-09 7.0018e-09 6.3983e-09 5.6144e-09 4.6941e-09 3.7046e-09 2.7291e-09 1.8516e-09 1.1384e-09 6.2206e-10 2.9512e-10 1.1818e-10 3.8610e-11 9.8767e-12 1.8820e-12 2.5147e-13 2.1890e-14 1.1349e-15 3.1404e-17 4.0551e-19 2.0715e-21 3.4149e-24 1.4123e-27 1.0717e-31 1.0109e-36 7.2811e-43 2.1717e-50 1.2396e-59 5.0908e-71 4.3276e-85 1.5450e-102 2.9717e-124 2.1556e-151 1.8431e-185 1.9703e-228 6.4829e-283 0.0000e+00 0.0000e+00 0.0000e+00 0.0000e+00 0.0000e+00 0.0000e+00 0.0000e+00 0.0000e+00 0.0000e+00 0.0000e+00 0.0000e+00 0.0000e+00 0.0000e+00 0.0000e+00 0.0000e+00 0.0000e+00 0.0000e+00 0.0000e+00 0.0000e+00 0.0000e+00 0.0000e+00 0.0000e+00 0.0000e+00 0.0000e+00 0.0000e+00 0.0000e+00 0.0000e+00 0.0000e+00 0.0000e+00 0.0000e+00 0.0000e+00
-8.0180e-12 3.0248e-10 -1.2531e-10 -2.5782e-10 -4.5171e-10 -7.1507e-10 -1.0557e-09 -1.4812e-09 -1.9993e-09 -2.6176e-09 -3.3440e-09 -4.1867e-09 -5.1539e-09 -6.2538e-09 -7.4947e-09 -8.8847e-09 -1.0431e-08 -1.2141e-08 -1.4018e-08 -1.6064e-08 -1.8279e-08 -2.0654e-08 -2.3176e-08 -2.5821e-08 -2.8554e-08 -3.1322e-08 -3.4057e-08 -3.6666e-08 -3.9036e-08 -4.1027e-08 -4.2482e-08 -4.3228e-08 -4.3093e-08 -4.1931e-08 -3.9646e-08 -3.6229e-08 -3.1791e-08 -2.6580e-08 -2.0977e-08 -1.5453e-08 -1.0484e-08 -6.4460e-09 -3.5223e-09 -1.6710e-09 -6.6917e-10 -2.1862e-10 -5.5925e-11 -1.0657e-11 -1.4239e-12 -1.2395e-13 -6.4259e-15 -1.7782e-16 -2.2961e-18 -1.1729e-20 -1.9337e-23 -7.9967e-27 -6.0684e-31 -5.7241e-36 -4.1228e-42 -1.2297e-49 -7.0190e-59 -2.8826e-70 -2.4505e-84 -8.7483e-102 -1.6827e-123 -1.2206e-150 -1.0437e-184 -1.1157e-227 -3.6709e-282 0.0000e+00 0.0000e+00 0.0000e+00 0.0000e+00 0.0000e+00 0.0000e+00 0.0000e+00 0.0000e+00 0.0000e+00 0.0000e+00 0.0000e+00 0.0000e+00 0.0000e+00 0.0000e+00 0.0000e+00 0.0000e+00 0.0000e+00 0.0000e+00 0.0000e+00 0.0000e+00 0.0000e+00 0.0000e+00 0.0000e+00 0.0000e+00 0.0000e+00 0.0000e+00 0.0000e+00 0.0000e+00 0.0000e+00 0.0000e+00 0.0000e+00 8.0180e-12 0.0000e+00 1.2531e-10 2.5782e-10 4.5171e-10 7.1507e-10 1.0557e-09 1.4812e-09 1.9993e-09 2.6176e-09 3.3440e-09 4.1867e-09 5.1539e-09 6.2538e-09 7.4947e-09 8.8847e-09 1.0431e-08 1.2141e-08 1.4018e-08 1.6064e-08 1.8279e-08 2.0654e-08 2.3176e-08 2.5821e-08 2.8554e-08 3.1322e-08 3.4057e-08 3.6666e-08 3.9036e-08 4.1027e-08 4.2482e-08 4.3228e-08 4.3093e-08 4.1931e-08 3.9646e-08 3.6229e-08 3.1791e-08 2.6580e-08 2.0977e-08 1.5453e-08 1.0484e-08 6.4460e-09 3.5223e-09 1.6710e-09 6.6917e-10 2.1862e-10 5.5925e-11 1.0657e-11 1.4239e-12 1.2395e-13 6.4259e-15 1.7782e-16 2.2961e-18 1.1729e-20 1.9337e-23 7.9967e-27 6.0684e-31 5.7241e-36 4.1228e-42 1.2297e-49 7.0190e-59 2.8826e-70 2.4504e-84 8.7482e-102 1.6827e-123 1.2205e-150 1.0436e-184 1.1157e-227 3.6708e-282 0.0000e+00 0.0000e+00 0.0000e+00 0.0000e+00 0.0000e+00 0.0000e+00 0.0000e+00 0.0000e+00 0.0000e+00 0.0000e+00 0.0000e+00 0.0000e+00 0.0000e+00 0.0000e+00 0.0000e+00 0.0000e+00 0.0000e+00 0.0000e+00 0.0000e+00 0.0000e+00 0.0000e+00 0.0000e+00 0.0000e+00 0.0000e+00 0.0000e+00 0.0000e+00 0.0000e+00 0.0000e+00 0.0000e+00 0.0000e+00 0.0000e+00
-2.2131e-11 -1.2531e-10 3.5090e-09 -7.1162e-10 -1.2468e-09 -1.9737e-09 -2.9139e-09 -4.0883e-09 -5.5182e-09 -7.2248e-09 -9.2300e-09 -1.1556e-08 -1.4225e-08 -1.7261e-08 -2.0686e-08 -2.4523e-08 -2.8791e-08 -3.3510e-08 -3.8690e-08 -4.4339e-08 -5.0451e-08 -5.7007e-08 -6.3969e-08 -7.1270e-08 -7.8812e-08 -8.6453e-08 -9.4000e-08 -1.0120e-07 -1.0774e-07 -1.1324e-07 -1.1726e-07 -1.1931e-07 -1.1894e-07 -1.1574e-07 -1.0943e-07 -9.9998e-08 -8.7747e-08 -7.3363e-08 -5.7899e-08 -4.2653e-08 -2.8938e-08 -1.7792e-08 -9.7220e-09 -4.6123e-09 -1.8470e-09 -6.0343e-10 -1.5436e-10 -2.9414e-11 -3.9302e-12 -3.4211e-13 -1.7737e-14 -4.9080e-16 -6.3377e-18 -3.2375e-20 -5.3372e-23 -2.2072e-26 -1.6750e-30 -1.5799e-35 -1.1380e-41 -3.3942e-49 -1.9374e-58 -7.9567e-70 -6.7639e-84 -2.4148e-101 -4.6448e-123 -3.3692e-150 -2.8810e-184 -3.0799e-227 -1.0134e-281 0.0000e+00 0.0000e+00 0.0000e+00 0.0000e+00 0.0000e+00 0.0000e+00 0.0000e+00 0.0000e+00 0.0000e+00 0.0000e+00 0.0000e+00 0.0000e+00 0.0000e+00 0.0000e+00 0.0000e+00 0.0000e+00 0.0000e+00 0.0000e+00 0.0000e+00 0.0000e+00 0.0000e+00 0.0000e+00 0.0000e+00 0.0000e+00 0.0000e+00 0.0000e+00 0.0000e+00 0.0000e+00 0.0000e+00 0.0000e+00 0.0000e+00 2.2131e-11 1.2531e-10 0.0000e+00 7.1162e-10 1.2468e-09 1.9737e-09 2.9139e-09 4.0883e-09 5.5182e-09 7.2248e-09 9.2300e-09 1.1556e-08 1.4225e-08 1.7261e-08 2.0686e-08 2.4523e-08 2.8791e-08 3.3510e-08 3.8690e-08 4.4339e-08 5.0451e-08 5.7007e-08 6.3969e-08 7.1270e-08 7.8812e-08 8.6453e-08 9.4000e-08 1.0120e-07 1.0774e-07 1.1324e-07 1.1726e-07 1.1931e-07 1.1894e-07 1.1574e-07 1.0943e-07 9.9998e-08 8.7747e-08 7.3363e-08 5.7899e-08 4.2653e-08 2.8938e-08 1.7792e-08 9.7220e-09 4.6123e-09 1.8470e-09 6.0343e-10 1.5436e-10 2.9414e-11 3.9301e-12 3.4211e-13 1.7736e-14 4.9080e-16 6.3376e-18 3.2375e-20 5.3371e-23 2.2072e-26 1.6750e-30 1.5799e-35 1.1380e-41 3.3941e-49 1.9373e-58 7.9563e-70 6.7635e-84 2.4146e-101 4.6444e-123 3.3689e-150 2.8806e-184 3.0794e-227 1.0132e-281 0.0000e+00 0.0000e+00 0.0000e+00 0.0000e+00 0.0000e+00 0.0000e+00 0.0000e+00 0.0000e+00 0.0000e+00 0.0000e+00 0.0000e+00 0.0000e+00 0.0000e+00 0.0000e+00 0.0000e+00 0.0000e+00 0.0000e+00 0.0000e+00 0.0000e+00 0.0000e+00 0.0000e+00 0.0000e+00 0.0000e+00 0.0000e+00 0.0000e+00 0.0000e+00 0.0000e+00 0.0000e+00 0.0000e+00 0.0000e+00 0.0000e+00
-4.5533e-11 -2.5782e-10 -7.1162e-10 1.9781e-08 -2.5652e-09 -4.0608e-09 -5.9951e-09 -8.4115e-09 -1.1353e-08 -1.4865e-08 -1.8990e-08 -2.3776e-08 -2.9268e-08 -3.5514e-08 -4.2561e-08 -5.0455e-08 -5.9237e-08 -6.8944e-08 -7.9603e-08 -9.1225e-08 -1.0380e-07 -1.1729e-07 -1.3161e-07 -1.4663e-07 -1.6215e-07 -1.7787e-07 -1.9340e-07 -2.0822e-07 -2.2168e-07 -2.3299e-07 -2.4125e-07 -2.4548e-07 -2.4472e-07 -2.3812e-07 -2.2514e-07 -2.0574e-07 -1.8053e-07 -1.5094e-07 -1.1912e-07 -8.7757e-08 -5.9539e-08 -3.6606e-08 -2.0003e-08 -9.4896e-09 -3.8001e-09 -1.2415e-09 -3.1759e-10 -6.0518e-11 -8.0863e-12 -7.0389e-13 -3.6493e-14 -1.0098e-15 -1.3040e-17 -6.6613e-20 -1.0982e-22 -4.5415e-26 -3.4465e-30 -3.2510e-35 -2.3416e-41 -6.9845e-49 -3.9869e-58 -1.6374e-69 -1.3920e-83 -4.9700e-101 -9.5604e-123 -6.9357e-150 -5.9313e-184 -6.3418e-227 -2.0871e-281 0.0000e+00 0.0000e+00 0.0000e+00 0.0000e+00 0.0000e+00 0.0000e+00 0.0000e+00 0.0000e+00 0.0000e+00 0.0000e+00 0.0000e+00 0.0000e+00 0.0000e+00 0.0000e+00 0.0000e+00 0.0000e+00 0.0000e+00 0.0000e+00 0.0000e+00 0.0000e+00 0.0000e+00 0.0000e+00 0.0000e+00 0.0000e+00 0.0000e+00 0.0000e+00 0.0000e+00 0.0000e+00 0.0000e+00 0.0000e+00 0.0000e+00 4.5533e-11 2.5782e-10 7.1162e-10 0.0000e+00 2.5652e-09 4.0608e-09 5.9951e-09 8.4115e-09 1.1353e-08 1.4865e-08 1.8990e-08 2.3776e-08 2.9268e-08 3.5514e-08 4.2561e-08 5.0455e-08 5.9237e-08 6.8944e-08 7.9603e-08 9.1225e-08 1.0380e-07 1.1729e-07 1.3161e-07 1.4663e-07 1.6215e-07 1.7787e-07 1.9340e-07 2.0822e-07 2.2168e-07 2.3299e-07 2.4125e-07 2.4548e-07 2.4472e-07 2.3812e-07 2.2514e-07 2.0574e-07 1.8053e-07 1.5094e-07 1.1912e-07 8.7756e-08 5.9539e-08 3.6606e-08 2.0002e-08 9.4895e-09 3.8001e-09 1.2415e-09 3.1759e-10 6.0517e-11 8.0861e-12 7.0387e-13 3.6492e-14 1.0098e-15 1.3039e-17 6.6609e-20 1.0981e-22 4.5412e-26 3.4461e-30 3.2506e-35 2.3413e-41 6.9832e-49 3.9859e-58 1.6370e-69 1.3916e-83 4.9680e-101 9.5555e-123 6.9313e-150 5.9266e-184 6.3357e-227 2.0846e-281 0.0000e+00 0.0000e+00 0.0000e+00 0.0000e+00 0.0000e+00 0.0000e+00 0.0000e+00 0.0000e+00 0.0000e+00 0.0000e+00 0.0000e+00 0.0000e+00 0.0000e+00 0.0000e+00 0.0000e+00 0.0000e+00 0.0000e+00 0.0000e+00 0.0000e+00 0.0000e+00 0.0000e+00 0.0000e+00 0.0000e+00 0.0000e+00 0.0000e+00 0.0000e+00 0.0000e+00 0.0000e+00 0.0000e+00 0.0000e+00 0.0000e+00
-7.9774e-11 -4.5171e-10 -1.2468e-09 -2.5652e-09 7.5789e-08 -7.1145e-09 -1.0503e-08 -1.4737e-08 -1.9891e-08 -2.6043e-08 -3.3271e-08 -4.1655e-08 -5.1278e-08 -6.2221e-08 -7.4567e-08 -8.8397e-08 -1.0378e-07 -1.2079e-07 -1.3947e-07 -1.5983e-07 -1.8186e-07 -2.0549e-07 -2.3059e-07 -2.5691e-07 -2.8409e-07 -3.1163e-07 -3.3884e-07 -3.6480e-07 -3.8838e-07 -4.0820e-07 -4.2267e-07 -4.3009e-07 -4.2875e-07 -4.1719e-07 -3.9446e-07 -3.6046e-07 -3.1630e-07 -2.6445e-07 -2.0871e-07 -1.5375e-07 -1.0432e-07 -6.4135e-08 -3.5045e-08 -1.6626e-08 -6.6581e-09 -2.1753e-09 -5.5645e-10 -1.0603e-10 -1.4168e-11 -1.2333e-12 -6.3942e-14 -1.7694e-15 -2.2849e-17 -1.1673e-19 -1.9244e-22 -7.9588e-26 -6.0401e-30 -5.6979e-35 -4.1044e-41 -1.2243e-48 -6.9896e-58 -2.8711e-69 -2.4412e-83 -8.7179e-101 -1.6774e-122 -1.2173e-149 -1.0415e-183 -1.1142e-226 -3.6692e-281 0.0000e+00 0.0000e+00 0.0000e+00 0.0000e+00 0.0000e+00 0.0000e+00 0.0000e+00 0.0000e+00 0.0000e+00 0.0000e+00 0.0000e+00 0.0000e+00 0.0000e+00 0.0000e+00 0.0000e+00 0.0000e+00 0.0000e+00 0.0000e+00 0.0000e+00 0.0000e+00 0.0000e+00 0.0000e+00 0.0000e+00 0.0000e+00 0.0000e+00 0.0000e+00 0.0000e+00 0.0000e+00 0.0000e+00 0.0000e+00 0.0000e+00 7.9774e-11 4.5171e-10 1.2468e-09 2.5652e-09 0.0000e+00 7.1145e-09 1.0503e-08 1.4737e-08 1.9891e-08 2.6043e-08 3.3271e-08 4.1655e-08 5.1278e-08 6.2221e-08 7.4567e-08 8.8397e-08 1.0378e-07 1.2079e-07 1.3947e-07 1.5983e-07 1.8186e-07 2.0549e-07 2.3059e-07 2.5691e-07 2.8409e-07 3.1163e-07 3.3884e-07 3.6480e-07 3.8838e-07 4.0820e-07 4.2267e-07 4.3009e-07 4.2875e-07 4.1719e-07 3.9445e-07 3.6046e-07 3.1630e-07 2.6445e-07 2.0871e-07 1.5375e-07 1.0431e-07 6.4134e-08 3.5044e-08 1.6626e-08 6.6578e-09 2.1752e-09 5.5642e-10 1.0603e-10 1.4167e-11 1.2332e-12 6.3934e-14 1.7692e-15 2.2845e-17 1.1670e-19 1.9239e-22 7.9561e-26 6.0377e-30 5.6951e-35 4.1019e-41 1.2235e-48 6.9834e-58 2.8680e-69 2.4380e-83 8.7039e-101 1.6741e-122 1.2144e-149 1.0384e-183 1.1100e-226 3.6522e-281 0.0000e+00 0.0000e+00 0.0000e+00 0.0000e+00 0.0000e+00 0.0000e+00 0.0000e+00 0.0000e+00 0.0000e+00 0.0000e+00 0.0000e+00 0.0000e+00 0.0000e+00 0.0000e+00 0.0000e+00 0.0000e+00 0.0000e+00 0.0000e+00 0.0000e+00 0.0000e+00 0.0000e+00 0.0000e+00 0.0000e+00 0.0000e+00 0.0000e+00 0.0000e+00 0.0000e+00 0.0000e+00 0.0000e+00 0.0000e+00 0.0000e+00
-1.2629e-10 -7.1507e-10 -1.9737e-09 -4.0608e-09 -7.1145e-09 2.2752e-07 -1.6628e-08 -2.3330e-08 -3.1489e-08 -4.1228e-08 -5.2670e-08 -6.5942e-08 -8.1175e-08 -9.8499e-08 -1.1804e-07 -1.3994e-07 -1.6429e-07 -1.9122e-07 -2.2078e-07 -2.5301e-07 -2.8789e-07 -3.2531e-07 -3.6503e-07 -4.0669e-07 -4.4973e-07 -4.9333e-07 -5.3640e-07 -5.7750e-07 -6.1483e-07 -6.4620e-07 -6.6911e-07 -6.8086e-07 -6.7874e-07 -6.6044e-07 -6.2445e-07 -5.7064e-07 -5.0073e-07 -4.1865e-07 -3.3041e-07 -2.4341e-07 -1.6514e-07 -1.0153e-07 -5.5482e-08 -2.6322e-08 -1.0541e-08 -3.4439e-09 -8.8100e-10 -1.6788e-10 -2.2433e-11 -1.9528e-12 -1.0125e-13 -2.8020e-15 -3.6185e-17 -1.8487e-19 -3.0481e-22 -1.2608e-25 -9.5696e-30 -9.0289e-35 -6.5052e-41 -1.9410e-48 -1.1084e-57 -4.5548e-69 -3.8747e-83 -1.3845e-100 -2.6659e-122 -1.9364e-149 -1.6586e-183 -1.7769e-226 -5.8624e-281 0.0000e+00 0.0000e+00 0.0000e+00 0.0000e+00 0.0000e+00 0.0000e+00 0.0000e+00 0.0000e+00 0.0000e+00 0.0000e+00 0.0000e+00 0.0000e+00 0.0000e+00 0.0000e+00 0.0000e+00 0.0000e+00 0.0000e+00 0.0000e+00 0.0000e+00 0.0000e+00 0.0000e+00 0.0000e+00 0.0000e+00 0.0000e+00 0.0000e+00 0.0000e+00 0.0000e+00 0.0000e+00 0.0000e+00 0.0000e+00 0.0000e+00 1.2629e-10 7.1507e-10 1.9737e-09 4.0608e-09 7.1145e-09 0.0000e+00 1.6628e-08 2.3330e-08 3.1489e-08 4.1228e-08 5.2670e-08 6.5942e-08 8.1175e-08 9.8499e-08 1.1804e-07 1.3994e-07 1.6429e-07 1.9122e-07 2.2078e-07 2.5301e-07 2.8789e-07 3.2531e-07 3.6503e-07 4.0669e-07 4.4973e-07 4.9333e-07 5.3640e-07 5.7750e-07 6.1483e-07 6.4620e-07 6.6911e-07 6.8085e-07 6.7873e-07 6.6043e-07 6.2444e-07 5.7062e-07 5.0072e-07 4.1864e-07 3.3039e-07 2.4339e-07 1.6513e-07 1.0153e-07 5.5477e-08 2.6319e-08 1.0540e-08 3.4434e-09 8.8084e-10 1.6785e-10 2.2427e-11 1.9522e-12 1.0121e-13 2.8007e-15 3.6165e-17 1.8474e-19 3.0456e-22 1.2595e-25 9.5580e-30 9.0156e-35 6.4936e-41 1.9368e-48 1.1055e-57 4.5402e-69 3.8595e-83 1.3779e-100 2.6502e-122 1.9224e-149 1.6438e-183 1.7572e-226 5.7817e-281 0.0000e+00 0.0000e+00 0.0000e+00 0.0000e+00 0.0000e+00 0.0000e+00 0.0000e+00 0.0000e+00 0.0000e+00 0.0000e+00 0.0000e+00 0.0000e+00 0.0000e+00 0.0000e+00 0.0000e+00 0.0000e+00 0.0000e+00 0.0000e+00 0.0000e+00 0.0000e+00 0.0000e+00 0.0000e+00 0.0000e+00 0.0000e+00 0.0000e+00 0.0000e+00 0.0000e+00 0.0000e+00 0.0000e+00 0.0000e+00 0.0000e+00
-1.8644e-10 -1.0557e-09 -2.9139e-09 -5.9951e-09 -1.0503e-08 -1.6628e-08 5.7735e-07 -3.4443e-08 -4.6489e-08 -6.0866e-08 -7.7759e-08 -9.7354e-08 -1.1984e-07 -1.4542e-07 -1.7427e-07 -2.0660e-07 -2.4256e-07 -2.8230e-07 -3.2595e-07 -3.7354e-07 -4.2503e-07 -4.8027e-07 -5.3891e-07 -6.0042e-07 -6.6396e-07 -7.2833e-07 -7.9192e-07 -8.5260e-07 -9.0771e-07 -9.5402e-07 -9.8785e-07 -1.0052e-06 -1.0021e-06 -9.7506e-07 -9.2193e-07 -8.4249e-07 -7.3928e-07 -6.1810e-07 -4.8782e-07 -3.5938e-07 -2.4383e-07 -1.4992e-07 -8.1922e-08 -3.8867e-08 -1.5565e-08 -5.0857e-09 -1.3010e-09 -2.4794e-10 -3.3133e-11 -2.8845e-12 -1.4957e-13 -4.1398e-15 -5.3469e-17 -2.7322e-19 -4.5058e-22 -1.8642e-25 -1.4154e-29 -1.3360e-34 -9.6302e-41 -2.8751e-48 -1.6431e-57 -6.7576e-69 -5.7549e-83 -2.0591e-100 -3.9715e-122 -2.8908e-149 -2.4825e-183 -2.6682e-226 -8.8394e-281 0.0000e+00 0.0000e+00 0.0000e+00 0.0000e+00 0.0000e+00 0.0000e+00 0.0000e+00 0.0000e+00 0.0000e+00 0.0000e+00 0.0000e+00 0.0000e+00 0.0000e+00 0.0000e+00 0.0000e+00 0.0000e+00 0.0000e+00 0.0000e+00 0.0000e+00 0.0000e+00 0.0000e+00 0.0000e+00 0.0000e+00 0.0000e+00 0.0000e+00 0.0000e+00 0.0000e+00 0.0000e+00 0.0000e+00 0.0000e+00 0.0000e+00 1.8644e-10 1.0557e-09 2.9139e-09 5.9951e-09 1.0503e-08 1.6628e-08 0.0000e+00 3.4443e-08 4.6489e-08 6.0866e-08 7.7759e-08 9.7354e-08 1.1984e-07 1.4542e-07 1.7427e-07 2.0660e-07 2.4256e-07 2.8230e-07 3.2595e-07 3.7354e-07 4.2503e-07 4.8026e-07 5.3891e-07 6.0042e-07 6.6396e-07 7.2833e-07 7.9191e-07 8.5259e-07 9.0770e-07 9.5401e-07 9.8783e-07 1.0052e-06 1.0020e-06 9.7502e-07 9.2189e-07 8.4244e-07 7.3923e-07 6.1805e-07 4.8778e-07 3.5934e-07 2.4379e-07 1.4989e-07 8.1904e-08 3.8857e-08 1.5560e-08 5.0837e-09 1.3004e-09 2.4780e-10 3.3110e-11 2.8821e-12 1.4942e-13 4.1348e-15 5.3392e-17 2.7274e-19 4.4963e-22 1.8595e-25 1.4111e-29 1.3310e-34 9.5868e-41 2.8594e-48 1.6321e-57 6.7029e-69 5.6980e-83 2.0342e-100 3.9127e-122 2.8381e-149 2.4268e-183 2.5942e-226 8.5356e-281 0.0000e+00 0.0000e+00 0.0000e+00 0.0000e+00 0.0000e+00 0.0000e+00 0.0000e+00 0.0000e+00 0.0000e+00 0.0000e+00 0.0000e+00 0.0000e+00 0.0000e+00 0.0000e+00 0.0000e+00 0.0000e+00 0.0000e+00 0.0000e+00 0.0000e+00 0.0000e+00 0.0000e+00 0.0000e+00 0.0000e+00 0.0000e+00 0.0000e+00 0.0000e+00 0.0000e+00 0.0000e+00 0.0000e+00 0.0000e+00 0.0000e+00
-2.6159e-10 -1.4812e-09 -4.0883e-09 -8.4115e-09 -1.4737e-08 -2.3330e-08 -3.4443e-08 1.2959e-06 -6.5227e-08 -8.5399e-08 -1.0910e-07 -1.3659e-07 -1.6815e-07 -2.0403e-07 -2.4452e-07 -2.8987e-07 -3.4032e-07 -3.9609e-07 -4.5733e-07 -5.2410e-07 -5.9635e-07 -6.7385e-07 -7.5613e-07 -8.4244e-07 -9.3159e-07 -1.0219e-06 -1.1111e-06 -1.1963e-06 -1.2736e-06 -1.3386e-06 -1.3861e-06 -1.4104e-06 -1.4060e-06 -1.3681e-06 -1.2936e-06 -1.1821e-06 -1.0373e-06 -8.6733e-07 -6.8454e-07 -5.0431e-07 -3.4217e-07 -2.1039e-07 -1.1497e-07 -5.4551e-08 -2.1848e-08 -7.1390e-09 -1.8265e-09 -3.4812e-10 -4.6527e-11 -4.0513e-12 -2.1012e-13 -5.8170e-15 -7.5156e-17 -3.8418e-19 -6.3386e-22 -2.6239e-25 -1.9936e-29 -1.8832e-34 -1.3588e-40 -4.0615e-48 -2.3244e-57 -9.5773e-69 -8.1741e-83 -2.9327e-100 -5.6756e-122 -4.1484e-149 -3.5811e-183 -3.8741e-226 -1.2939e-280 0.0000e+00 0.0000e+00 0.0000e+00 0.0000e+00 0.0000e+00 0.0000e+00 0.0000e+00 0.0000e+00 0.0000e+00 0.0000e+00 0.0000e+00 0.0000e+00 0.0000e+00 0.0000e+00 0.0000e+00 0.0000e+00 0.0000e+00 0.0000e+00 0.0000e+00 0.0000e+00 0.0000e+00 0.0000e+00 0.0000e+00 0.0000e+00 0.0000e+00 0.0000e+00 0.0000e+00 0.0000e+00 0.0000e+00 0.0000e+00 0.0000e+00 2.6159e-10 1.4812e-09 4.0883e-09 8.4115e-09 1.4737e-08 2.3330e-08 3.4443e-08 0.0000e+00 6.5227e-08 8.5399e-08 1.0910e-07 1.3659e-07 1.6815e-07 2.0403e-07 2.4452e-07 2.8987e-07 3.4032e-07 3.9609e-07 4.5733e-07 5.2410e-07 5.9634e-07 6.7384e-07 7.5613e-07 8.4243e-07 9.3158e-07 1.0219e-06 1.1111e-06 1.1962e-06 1.2736e-06 1.3385e-06 1.3860e-06 1.4103e-06 1.4059e-06 1.3680e-06 1.2935e-06 1.1820e-06 1.0372e-06 8.6717e-07 6.8438e-07 5.0417e-07 3.4206e-07 2.1030e-07 1.1492e-07 5.4518e-08 2.1832e-08 7.1327e-09 1.8246e-09 3.4768e-10 4.6455e-11 4.0438e-12 2.0965e-13 5.8014e-15 7.4912e-17 3.8268e-19 6.3086e-22 2.6089e-25 1.9798e-29 1.8675e-34 1.3451e-40 4.0119e-48 2.2900e-57 9.4046e-69 7.9946e-83 2.8541e-100 5.4897e-122 3.9820e-149 3.4048e-183 3.6398e-226 1.1975e-280 0.0000e+00 0.0000e+00 0.0000e+00 0.0000e+00 0.0000e+00 0.0000e+00 0.0000e+00 0.0000e+00 0.0000e+00 0.0000e+00 0.0000e+00 0.0000e+00 0.0000e+00 0.0000e+00 0.0000e+00 0.0000e+00 0.0000e+00 0.0000e+00 0.0000e+00 0.0000e+00 0.0000e+00 0.0000e+00 0.0000e+00 0.0000e+00 0.0000e+00 0.0000e+00 0.0000e+00 0.0000e+00 0.0000e+00 0.0000e+00 0.0000e+00
-3.5308e-10 -1.9993e-09 -5.5182e-09 -1.1353e-08 -1.9891e-08 -3.1489e-08 -4.6489e-08 -6.5227e-08 2.6490e-06 -1.1527e-07 -1.4726e-07 -1.8437e-07 -2.2696e-07 -2.7539e-07 -3.3004e-07 -3.9125e-07 -4.5935e-07 -5.3462e-07 -6.1728e-07 -7.0740e-07 -8.0492e-07 -9.0952e-07 -1.0206e-06 -1.1371e-06 -1.2574e-06 -1.3793e-06 -1.4998e-06 -1.6147e-06 -1.7191e-06 -1.8068e-06 -1.8709e-06 -1.9038e-06 -1.8979e-06 -1.8468e-06 -1.7462e-06 -1.5958e-06 -1.4004e-06 -1.1709e-06 -9.2417e-07 -6.8089e-07 -4.6201e-07 -2.8409e-07 -1.5526e-07 -7.3676e-08 -2.9511e-08 -9.6446e-09 -2.4681e-09 -4.7050e-10 -6.2901e-11 -5.4789e-12 -2.8427e-13 -7.8736e-15 -1.0179e-16 -5.2067e-19 -8.5977e-22 -3.5627e-25 -2.7102e-29 -2.5640e-34 -1.8534e-40 -5.5522e-48 -3.1862e-57 -1.3172e-68 -1.1288e-82 -4.0701e-100 -7.9253e-122 -5.8368e-149 -5.0858e-183 -5.5658e-226 -1.8856e-280 0.0000e+00 0.0000e+00 0.0000e+00 0.0000e+00 0.0000e+00 0.0000e+00 0.0000e+00 0.0000e+00 0.0000e+00 0.0000e+00 0.0000e+00 0.0000e+00 0.0000e+00 0.0000e+00 0.0000e+00 0.0000e+00 0.0000e+00 0.0000e+00 0.0000e+00 0.0000e+00 0.0000e+00 0.0000e+00 0.0000e+00 0.0000e+00 0.0000e+00 0.0000e+00 0.0000e+00 0.0000e+00 0.0000e+00 0.0000e+00 0.0000e+00 3.5308e-10 1.9993e-09 5.5182e-09 1.1353e-08 1.9891e-08 3.1489e-08 4.6489e-08 6.5227e-08 0.0000e+00 1.1527e-07 1.4726e-07 1.8437e-07 2.2696e-07 2.7539e-07 3.3004e-07 3.9125e-07 4.5935e-07 5.3462e-07 6.1727e-07 7.0740e-07 8.0491e-07 9.0951e-07 1.0206e-06 1.1371e-06 1.2574e-06 1.3793e-06 1.4997e-06 1.6146e-06 1.7190e-06 1.8067e-06 1.8707e-06 1.9036e-06 1.8977e-06 1.8465e-06 1.7459e-06 1.5954e-06 1.3999e-06 1.1705e-06 9.2374e-07 6.8050e-07 4.6169e-07 2.8386e-07 1.5511e-07 7.3586e-08 2.9468e-08 9.6273e-09 2.4627e-09 4.6928e-10 6.2703e-11 5.4581e-12 2.8297e-13 7.8304e-15 1.0111e-16 5.1652e-19 8.5150e-22 3.5214e-25 2.6723e-29 2.5206e-34 1.8155e-40 5.4150e-48 3.0908e-57 1.2694e-68 1.0790e-82 3.8522e-100 7.4094e-122 5.3744e-149 4.5952e-183 4.9121e-226 1.6160e-280 0.0000e+00 0.0000e+00 0.0000e+00 0.0000e+00 0.0000e+00 0.0000e+00 0.0000e+00 0.0000e+00 0.0000e+00 0.0000e+00 0.0000e+00 0.0000e+00 0.0000e+00 0.0000e+00 0.0000e+00 0.0000e+00 0.0000e+00 0.0000e+00 0.0000e+00 0.0000e+00 0.0000e+00 0.0000e+00 0.0000e+00 0.0000e+00 0.0000e+00 0.0000e+00 0.0000e+00 0.0000e+00 0.0000e+00 0.0000e+00 0.0000e+00
-4.6228e-10 -2.6176e-09 -7.2248e-09 -1.4865e-08 -2.6043e-08 -4.1228e-08 -6.0866e-08 -8.5399e-08 -1.1527e-07 5.0310e-06 -1.9280e-07 -2.4139e-07 -2.9715e-07 -3.6056e-07 -4.3211e-07 -5.1225e-07 -6.0141e-07 -6.9997e-07 -8.0818e-07 -9.2618e-07 -1.0539e-06 -1.1908e-06 -1.3362e-06 -1.4888e-06 -1.6463e-06 -1.8060e-06 -1.9636e-06 -2.1141e-06 -2.2508e-06 -2.3657e-06 -2.4497e-06 -2.4928e-06 -2.4852e-06 -2.4183e-06 -2.2867e-06 -2.0898e-06 -1.8340e-06 -1.5335e-06 -1.2105e-06 -8.9192e-07 -6.0527e-07 -3.7224e-07 -2.0347e-07 -9.6569e-08 -3.8690e-08 -1.2648e-08 -3.2377e-09 -6.1747e-10 -8.2587e-11 -7.1978e-12 -3.7372e-13 -1.0360e-14 -1.3406e-16 -6.8660e-19 -1.1354e-21 -4.7134e-25 -3.5932e-29 -3.4082e-34 -2.4714e-40 -7.4321e-48 -4.2849e-57 -1.7814e-68 -1.5372e-82 -5.5895e-100 -1.0996e-121 -8.1996e-149 -7.2537e-183 -8.0856e-226 -2.8008e-280 0.0000e+00 0.0000e+00 0.0000e+00 0.0000e+00 0.0000e+00 0.0000e+00 0.0000e+00 0.0000e+00 0.0000e+00 0.0000e+00 0.0000e+00 0.0000e+00 0.0000e+00 0.0000e+00 0.0000e+00 0.0000e+00 0.0000e+00 0.0000e+00 0.0000e+00 0.0000e+00 0.0000e+00 0.0000e+00 0.0000e+00 0.0000e+00 0.0000e+00 0.0000e+00 0.0000e+00 0.0000e+00 0.0000e+00 0.0000e+00 0.0000e+00 4.6228e-10 2.6176e-09 7.2248e-09 1.4865e-08 2.6043e-08 4.1228e-08 6.0866e-08 8.5399e-08 1.1527e-07 0.0000e+00 1.9280e-07 2.4139e-07 2.9715e-07 3.6056e-07 4.3211e-07 5.1225e-07 6.0141e-07 6.9997e-07 8.0818e-07 9.2617e-07 1.0538e-06 1.1908e-06 1.3362e-06 1.4887e-06 1.6463e-06 1.8059e-06 1.9635e-06 2.1140e-06 2.2506e-06 2.3654e-06 2.4493e-06 2.4923e-06 2.4845e-06 2.4175e-06 2.2858e-06 2.0888e-06 1.8329e-06 1.5324e-06 1.2094e-06 8.9096e-07 6.0448e-07 3.7164e-07 2.0308e-07 9.6344e-08 3.8581e-08 1.2605e-08 3.2244e-09 6.1441e-10 8.2095e-11 7.1461e-12 3.7049e-13 1.0252e-14 1.3238e-16 6.7626e-19 1.1148e-21 4.6104e-25 3.4987e-29 3.3002e-34 2.3770e-40 7.0896e-48 4.0466e-57 1.6619e-68 1.4127e-82 5.0432e-100 9.6996e-122 7.0351e-149 6.0146e-183 6.4282e-226 2.1143e-280 0.0000e+00 0.0000e+00 0.0000e+00 0.0000e+00 0.0000e+00 0.0000e+00 0.0000e+00 0.0000e+00 0.0000e+00 0.0000e+00 0.0000e+00 0.0000e+00 0.0000e+00 0.0000e+00 0.0000e+00 0.0000e+00 0.0000e+00 0.0000e+00 0.0000e+00 0.0000e+00 0.0000e+00 0.0000e+00 0.0000e+00 0.0000e+00 0.0000e+00 0.0000e+00 0.0000e+00 0.0000e+00 0.0000e+00 0.0000e+00 0.0000e+00
-5.9058e-10 -3.3440e-09 -9.2300e-09 -1.8990e-08 -3.3271e-08 -5.2670e-08 -7.7759e-08 -1.0910e-07 -1.4726e-07 -1.9280e-07 9.0049e-06 -3.0838e-07 -3.7961e-07 -4.6063e-07 -5.5203e-07 -6.5442e-07 -7.6833e-07 -8.9424e-07 -1.0325e-06 -1.1832e-06 -1.3464e-06 -1.5213e-06 -1.7071e-06 -1.9020e-06 -2.1033e-06 -2.3073e-06 -2.5088e-06 -2.7011e-06 -2.8758e-06 -3.0226e-06 -3.1300e-06 -3.1851e-06 -3.1755e-06 -3.0902e-06 -2.9222e-06 -2.6708e-06 -2.3441e-06 -1.9603e-06 -1.5475e-06 -1.1404e-06 -7.7406e-07 -4.7614e-07 -2.6034e-07 -1.2360e-07 -4.9538e-08 -1.6202e-08 -4.1496e-09 -7.9192e-10 -1.0601e-10 -9.2477e-12 -4.8070e-13 -1.3344e-14 -1.7297e-16 -8.8763e-19 -1.4714e-21 -6.1259e-25 -4.6865e-29 -4.4640e-34 -3.2536e-40 -9.8448e-48 -5.7183e-57 -2.3987e-68 -2.0924e-82 -7.7078e-100 -1.5401e-121 -1.1701e-148 -1.0584e-182 -1.2114e-225 -4.3287e-280 0.0000e+00 0.0000e+00 0.0000e+00 0.0000e+00 0.0000e+00 0.0000e+00 0.0000e+00 0.0000e+00 0.0000e+00 0.0000e+00 0.0000e+00 0.0000e+00 0.0000e+00 0.0000e+00 0.0000e+00 0.0000e+00 0.0000e+00 0.0000e+00 0.0000e+00 0.0000e+00 0.0000e+00 0.0000e+00 0.0000e+00 0.0000e+00 0.0000e+00 0.0000e+00 0.0000e+00 0.0000e+00 0.0000e+00 0.0000e+00 0.0000e+00 5.9058e-10 3.3440e-09 9.2300e-09 1.8990e-08 3.3271e-08 5.2670e-08 7.7759e-08 1.0910e-07 1.4726e-07 1.9280e-07 0.0000e+00 3.0838e-07 3.7961e-07 4.6063e-07 5.5203e-07 6.5441e-07 7.6832e-07 8.9423e-07 1.0325e-06 1.1832e-06 1.3463e-06 1.5213e-06 1.7071e-06 1.9019e-06 2.1032e-06 2.3071e-06 2.5085e-06 2.7007e-06 2.8752e-06 3.0219e-06 3.1291e-06 3.1840e-06 3.1741e-06 3.0885e-06 2.9202e-06 2.6685e-06 2.3416e-06 1.9577e-06 1.5451e-06 1.1382e-06 7.7224e-07 4.7479e-07 2.5944e-07 1.2308e-07 4.9289e-08 1.6103e-08 4.1192e-09 7.8493e-10 1.0488e-10 9.1294e-12 4.7331e-13 1.3097e-14 1.6912e-16 8.6394e-19 1.4242e-21 5.8899e-25 4.4697e-29 4.2160e-34 3.0366e-40 9.0567e-48 5.1693e-57 2.1229e-68 1.8044e-82 6.4412e-100 1.2387e-121 8.9822e-149 7.6766e-183 8.2003e-226 2.6949e-280 0.0000e+00 0.0000e+00 0.0000e+00 0.0000e+00 0.0000e+00 0.0000e+00 0.0000e+00 0.0000e+00 0.0000e+00 0.0000e+00 0.0000e+00 0.0000e+00 0.0000e+00 0.0000e+00 0.0000e+00 0.0000e+00 0.0000e+00 0.0000e+00 0.0000e+00 0.0000e+00 0.0000e+00 0.0000e+00 0.0000e+00 0.0000e+00 0.0000e+00 0.0000e+00 0.0000e+00 0.0000e+00 0.0000e+00 0.0000e+00 0.0000e+00
-7.3940e-10 -4.1867e-09 -1.1556e-08 -2.3776e-08 -4.1655e-08 -6.5942e-08 -9.7354e-08 -1.3659e-07 -1.8437e-07 -2.4139e-07 -3.0838e-07 1.5350e-05 -4.7528e-07 -5.7671e-07 -6.9115e-07 -8.1933e-07 -9.6195e-07 -1.1196e-06 -1.2927e-06 -1.4814e-06 -1.6857e-06 -1.9047e-06 -2.1374e-06 -2.3814e-06 -2.6335e-06 -2.8889e-06 -3.1412e-06 -3.3821e-06 -3.6009e-06 -3.7849e-06 -3.9195e-06 -3.9888e-06 -3.9770e-06 -3.8705e-06 -3.6604e-06 -3.3459e-06 -2.9370e-06 -2.4565e-06 -1.9397e-06 -1.4298e-06 -9.7072e-07 -5.9733e-07 -3.2673e-07 -1.5520e-07 -6.2242e-08 -2.0371e-08 -5.2222e-09 -9.9767e-10 -1.3372e-10 -1.1683e-11 -6.0838e-13 -1.6925e-14 -2.1996e-16 -1.1324e-18 -1.8842e-21 -7.8800e-25 -6.0612e-29 -5.8110e-34 -4.2684e-40 -1.3036e-47 -7.6565e-57 -3.2546e-68 -2.8838e-82 -1.0822e-99 -2.2102e-121 -1.7226e-148 -1.6052e-182 -1.9011e-225 -7.0650e-280 0.0000e+00 0.0000e+00 0.0000e+00 0.0000e+00 0.0000e+00 0.0000e+00 0.0000e+00 0.0000e+00 0.0000e+00 0.0000e+00 0.0000e+00 0.0000e+00 0.0000e+00 0.0000e+00 0.0000e+00 0.0000e+00 0.0000e+00 0.0000e+00 0.0000e+00 0.0000e+00 0.0000e+00 0.0000e+00 0.0000e+00 0.0000e+00 0.0000e+00 0.0000e+00 0.0000e+00 0.0000e+00 0.0000e+00 0.0000e+00 0.0000e+00 7.3940e-10 4.1867e-09 1.1556e-08 2.3776e-08 4.1655e-08 6.5942e-08 9.7354e-08 1.3659e-07 1.8437e-07 2.4139e-07 3.0838e-07 0.0000e+00 4.7528e-07 5.7671e-07 6.9114e-07 8.1932e-07 9.6194e-07 1.1196e-06 1.2927e-06 1.4814e-06 1.6856e-06 1.9047e-06 2.1372e-06 2.3812e-06 2.6332e-06 2.8884e-06 3.1406e-06 3.3812e-06 3.5998e-06 3.7834e-06 3.9176e-06 3.9863e-06 3.9740e-06 3.8668e-06 3.6561e-06 3.3410e-06 2.9317e-06 2.4511e-06 1.9344e-06 1.4251e-06 9.6685e-07 5.9444e-07 3.2482e-07 1.5410e-07 6.1709e-08 2.0161e-08 5.1573e-09 9.8273e-10 1.3131e-10 1.1430e-11 5.9258e-13 1.6398e-14 2.1174e-16 1.0816e-18 1.7831e-21 7.3740e-25 5.5958e-29 5.2780e-34 3.8014e-40 1.1337e-47 6.4706e-57 2.6569e-68 2.2580e-82 8.0584e-100 1.5491e-121 1.1226e-148 9.5856e-183 1.0224e-225 3.3519e-280 0.0000e+00 0.0000e+00 0.0000e+00 0.0000e+00 0.0000e+00 0.0000e+00 0.0000e+00 0.0000e+00 0.0000e+00 0.0000e+00 0.0000e+00 0.0000e+00 0.0000e+00 0.0000e+00 0.0000e+00 0.0000e+00 0.0000e+00 0.0000e+00 0.0000e+00 0.0000e+00 0.0000e+00 0.0000e+00 0.0000e+00 0.0000e+00 0.0000e+00 0.0000e+00 0.0000e+00 0.0000e+00 0.0000e+00 0.0000e+00 0.0000e+00
-9.1020e-10 -5.1539e-09 -1.4225e-08 -2.9268e-08 -5.1278e-08 -8.1175e-08 -1.1984e-07 -1.6815e-07 -2.2696e-07 -2.9715e-07 -3.7961e-07 -4.7528e-07 2.5121e-05 -7.0993e-07 -8.5080e-07 -1.0086e-06 -1.1842e-06 -1.3782e-06 -1.5913e-06 -1.8237e-06 -2.0751e-06 -2.3448e-06 -2.6312e-06 -2.9316e-06 -3.2420e-06 -3.5565e-06 -3.8673e-06 -4.1640e-06 -4.4336e-06 -4.6604e-06 -4.8265e-06 -4.9122e-06 -4.8981e-06 -4.7675e-06 -4.5094e-06 -4.1226e-06 -3.6195e-06 -3.0282e-06 -2.3918e-06 -1.7637e-06 -1.1980e-06 -7.3757e-07 -4.0371e-07 -1.9191e-07 -7.7038e-08 -2.5242e-08 -6.4796e-09 -1.2399e-09 -1.6650e-10 -1.4581e-11 -7.6138e-13 -2.1252e-14 -2.7728e-16 -1.4341e-18 -2.3998e-21 -1.0103e-24 -7.8333e-29 -7.5812e-34 -5.6312e-40 -1.7427e-47 -1.0395e-56 -4.4995e-68 -4.0721e-82 -1.5660e-99 -3.2894e-121 -2.6475e-148 -2.5582e-182 -3.1564e-225 -1.2279e-279 0.0000e+00 0.0000e+00 0.0000e+00 0.0000e+00 0.0000e+00 0.0000e+00 0.0000e+00 0.0000e+00 0.0000e+00 0.0000e+00 0.0000e+00 0.0000e+00 0.0000e+00 0.0000e+00 0.0000e+00 0.0000e+00 0.0000e+00 0.0000e+00 0.0000e+00 0.0000e+00 0.0000e+00 0.0000e+00 0.0000e+00 0.0000e+00 0.0000e+00 0.0000e+00 0.0000e+00 0.0000e+00 0.0000e+00 0.0000e+00 0.0000e+00 9.1020e-10 5.1539e-09 1.4225e-08 2.9268e-08 5.1278e-08 8.1175e-08 1.1984e-07 1.6815e-07 2.2696e-07 2.9715e-07 3.7961e-07 4.7528e-07 0.0000e+00 7.0993e-07 8.5080e-07 1.0086e-06 1.1841e-06 1.3782e-06 1.5913e-06 1.8236e-06 2.0750e-06 2.3446e-06 2.6309e-06 2.9312e-06 3.2414e-06 3.5557e-06 3.8661e-06 4.1623e-06 4.4313e-06 4.6574e-06 4.8226e-06 4.9072e-06 4.8919e-06 4.7600e-06 4.5006e-06 4.1127e-06 3.6089e-06 3.0173e-06 2.3813e-06 1.7543e-06 1.1902e-06 7.3175e-07 3.9985e-07 1.8970e-07 7.5964e-08 2.4818e-08 6.3486e-09 1.2097e-09 1.6164e-10 1.4070e-11 7.2946e-13 2.0185e-14 2.6065e-16 1.3314e-18 2.1949e-21 9.0766e-25 6.8876e-29 6.4961e-34 4.6783e-40 1.3951e-47 7.9608e-57 3.2679e-68 2.7761e-82 9.9007e-100 1.9013e-121 1.3757e-148 1.1717e-182 1.2447e-225 4.0532e-280 0.0000e+00 0.0000e+00 0.0000e+00 0.0000e+00 0.0000e+00 0.0000e+00 0.0000e+00 0.0000e+00 0.0000e+00 0.0000e+00 0.0000e+00 0.0000e+00 0.0000e+00 0.0000e+00 0.0000e+00 0.0000e+00 0.0000e+00 0.0000e+00 0.0000e+00 0.0000e+00 0.0000e+00 0.0000e+00 0.0000e+00 0.0000e+00 0.0000e+00 0.0000e+00 0.0000e+00 0.0000e+00 0.0000e+00 0.0000e+00 0.0000e+00
-1.1045e-09 -6.2538e-09 -1.7261e-08 -3.5514e-08 -6.2221e-08 -9.8499e-08 -1.4542e-07 -2.0403e-07 -2.7539e-07 -3.6056e-07 -4.6063e-07 -5.7671e-07 -7.0993e-07 3.9713e-05 -1.0324e-06 -1.2239e-06 -1.4369e-06 -1.6724e-06 -1.9310e-06 -2.2129e-06 -2.5180e-06 -2.8454e-06 -3.1930e-06 -3.5576e-06 -3.9343e-06 -4.3162e-06 -4.6935e-06 -5.0538e-06 -5.3814e-06 -5.6572e-06 -5.8593e-06 -5.9640e-06 -5.9478e-06 -5.7903e-06 -5.4779e-06 -5.0094e-06 -4.3995e-06 -3.6822e-06 -2.9097e-06 -2.1468e-06 -1.4592e-06 -8.9910e-07 -4.9259e-07 -2.3444e-07 -9.4239e-08 -3.0930e-08 -7.9553e-09 -1.5258e-09 -2.0548e-10 -1.8055e-11 -9.4661e-13 -2.6548e-14 -3.4835e-16 -1.8139e-18 -3.0595e-21 -1.3002e-24 -1.0193e-28 -9.9934e-34 -7.5360e-40 -2.3734e-47 -1.4447e-56 -6.4007e-68 -5.9482e-82 -2.3571e-99 -5.1208e-121 -4.2793e-148 -4.3113e-182 -5.5707e-225 -2.2806e-279 0.0000e+00 0.0000e+00 0.0000e+00 0.0000e+00 0.0000e+00 0.0000e+00 0.0000e+00 0.0000e+00 0.0000e+00 0.0000e+00 0.0000e+00 0.0000e+00 0.0000e+00 0.0000e+00 0.0000e+00 0.0000e+00 0.0000e+00 0.0000e+00 0.0000e+00 0.0000e+00 0.0000e+00 0.0000e+00 0.0000e+00 0.0000e+00 0.0000e+00 0.0000e+00 0.0000e+00 0.0000e+00 0.0000e+00 0.0000e+00 0.0000e+00 1.1045e-09 6.2538e-09 1.7261e-08 3.5514e-08 6.2221e-08 9.8499e-08 1.4542e-07 2.0403e-07 2.7539e-07 3.6056e-07 4.6063e-07 5.7671e-07 7.0993e-07 0.0000e+00 1.0324e-06 1.2238e-06 1.4369e-06 1.6723e-06 1.9309e-06 2.2128e-06 2.5178e-06 2.8450e-06 3.1924e-06 3.5568e-06 3.9332e-06 4.3145e-06 4.6912e-06 5.0506e-06 5.3770e-06 5.6514e-06 5.8518e-06 5.9544e-06 5.9359e-06 5.7759e-06 5.4611e-06 4.9905e-06 4.3791e-06 3.6612e-06 2.8895e-06 2.1286e-06 1.4442e-06 8.8791e-07 4.8518e-07 2.3018e-07 9.2175e-08 3.0114e-08 7.7034e-09 1.4679e-09 1.9613e-10 1.7073e-11 8.8511e-13 2.4492e-14 3.1625e-16 1.6154e-18 2.6629e-21 1.1012e-24 8.3551e-29 7.8792e-34 5.6732e-40 1.6913e-47 9.6464e-57 3.9572e-68 3.3581e-82 1.1957e-99 2.2903e-121 1.6504e-148 1.3965e-182 1.4673e-225 4.6900e-280 0.0000e+00 0.0000e+00 0.0000e+00 0.0000e+00 0.0000e+00 0.0000e+00 0.0000e+00 0.0000e+00 0.0000e+00 0.0000e+00 0.0000e+00 0.0000e+00 0.0000e+00 0.0000e+00 0.0000e+00 0.0000e+00 0.0000e+00 0.0000e+00 0.0000e+00 0.0000e+00 0.0000e+00 0.0000e+00 0.0000e+00 0.0000e+00 0.0000e+00 0.0000e+00 0.0000e+00 0.0000e+00 0.0000e+00 0.0000e+00 0.0000e+00
-1.3236e-09 -7.4947e-09 -2.0686e-08 -4.2561e-08 -7.4567e-08 -1.1804e-07 -1.7427e-07 -2.4452e-07 -3.3004e-07 -4.3211e-07 -5.5203e-07 -6.9115e-07 -8.5080e-07 -1.0324e-06 6.0947e-05 -1.4667e-06 -1.7220e-06 -2.0043e-06 -2.3142e-06 -2.6521e-06 -3.0178e-06 -3.4102e-06 -3.8269e-06 -4.2640e-06 -4.7158e-06 -5.1737e-06 -5.6263e-06 -6.0587e-06 -6.4520e-06 -6.7834e-06 -7.0268e-06 -7.1536e-06 -7.1357e-06 -6.9484e-06 -6.5757e-06 -6.0156e-06 -5.2856e-06 -4.4262e-06 -3.5000e-06 -2.5844e-06 -1.7583e-06 -1.0847e-06 -5.9510e-07 -2.8370e-07 -1.1427e-07 -3.7592e-08 -9.6964e-09 -1.8661e-09 -2.5231e-10 -2.2275e-11 -1.1745e-12 -3.3159e-14 -4.3851e-16 -2.3045e-18 -3.9291e-21 -1.6909e-24 -1.3450e-28 -1.3411e-33 -1.0310e-39 -3.3193e-47 -2.0715e-56 -9.4377e-68 -9.0486e-82 -3.7120e-99 -8.3782e-121 -7.3020e-148 -7.7046e-182 -1.0475e-224 -4.5375e-279 0.0000e+00 0.0000e+00 0.0000e+00 0.0000e+00 0.0000e+00 0.0000e+00 0.0000e+00 0.0000e+00 0.0000e+00 0.0000e+00 0.0000e+00 0.0000e+00 0.0000e+00 0.0000e+00 0.0000e+00 0.0000e+00 0.0000e+00 0.0000e+00 0.0000e+00 0.0000e+00 0.0000e+00 0.0000e+00 0.0000e+00 0.0000e+00 0.0000e+00 0.0000e+00 0.0000e+00 0.0000e+00 0.0000e+00 0.0000e+00 0.0000e+00 1.3236e-09 7.4947e-09 2.0686e-08 4.2561e-08 7.4567e-08 1.1804e-07 1.7427e-07 2.4452e-07 3.3004e-07 4.3211e-07 5.5203e-07 6.9114e-07 8.5080e-07 1.0324e-06 0.0000e+00 1.4667e-06 1.7220e-06 2.0042e-06 2.3140e-06 2.6518e-06 3.0174e-06 3.4095e-06 3.8259e-06 4.2626e-06 4.7136e-06 5.1706e-06 5.6220e-06 6.0528e-06 6.4440e-06 6.7728e-06 7.0129e-06 7.1360e-06 7.1138e-06 6.9220e-06 6.5448e-06 5.9807e-06 5.2480e-06 4.3877e-06 3.4629e-06 2.5510e-06 1.7308e-06 1.0641e-06 5.8145e-07 2.7585e-07 1.1047e-07 3.6090e-08 9.2318e-09 1.7591e-09 2.3504e-10 2.0459e-11 1.0607e-12 2.9349e-14 3.7895e-16 1.9356e-18 3.1904e-21 1.3191e-24 1.0006e-28 9.4335e-34 6.7892e-40 2.0226e-47 1.1524e-56 4.7197e-68 3.9951e-82 1.4169e-99 2.6971e-121 1.9239e-148 1.6001e-182 1.6317e-225 4.9330e-280 0.0000e+00 0.0000e+00 0.0000e+00 0.0000e+00 0.0000e+00 0.0000e+00 0.0000e+00 0.0000e+00 0.0000e+00 0.0000e+00 0.0000e+00 0.0000e+00 0.0000e+00 0.0000e+00 0.0000e+00 0.0000e+00 0.0000e+00 0.0000e+00 0.0000e+00 0.0000e+00 0.0000e+00 0.0000e+00 0.0000e+00 0.0000e+00 0.0000e+00 0.0000e+00 0.0000e+00 0.0000e+00 0.0000e+00 0.0000e+00 0.0000e+00
-1.5691e-09 -8.8847e-09 -2.4523e-08 -5.0455e-08 -8.8397e-08 -1.3994e-07 -2.0660e-07 -2.8987e-07 -3.9125e-07 -5.1225e-07 -6.5442e-07 -8.1933e-07 -1.0086e-06 -1.2239e-06 -1.4667e-06 9.1163e-05 -2.0415e-06 -2.3761e-06 -2.7435e-06 -3.1442e-06 -3.5778e-06 -4.0431e-06 -4.5372e-06 -5.0557e-06 -5.5916e-06 -6.1350e-06 -6.6723e-06 -7.1858e-06 -7.6533e-06 -8.0477e-06 -8.3381e-06 -8.4907e-06 -8.4720e-06 -8.2527e-06 -7.8135e-06 -7.1518e-06 -6.2880e-06 -5.2698e-06 -4.1710e-06 -3.0834e-06 -2.1007e-06 -1.2980e-06 -7.1354e-07 -3.4096e-07 -1.3771e-07 -4.5456e-08 -1.1771e-08 -2.2759e-09 -3.0942e-10 -2.7495e-11 -1.4608e-12 -4.1611e-14 -5.5604e-16 -2.9577e-18 -5.1135e-21 -2.2362e-24 -1.8116e-28 -1.8441e-33 -1.4512e-39 -4.7955e-47 -3.0806e-56 -1.4491e-67 -1.4390e-81 -6.1345e-99 -1.4441e-120 -1.3180e-147 -1.4631e-181 -2.1044e-224 -9.7063e-279 0.0000e+00 0.0000e+00 0.0000e+00 0.0000e+00 0.0000e+00 0.0000e+00 0.0000e+00 0.0000e+00 0.0000e+00 0.0000e+00 0.0000e+00 0.0000e+00 0.0000e+00 0.0000e+00 0.0000e+00 0.0000e+00 0.0000e+00 0.0000e+00 0.0000e+00 0.0000e+00 0.0000e+00 0.0000e+00 0.0000e+00 0.0000e+00 0.0000e+00 0.0000e+00 0.0000e+00 0.0000e+00 0.0000e+00 0.0000e+00 0.0000e+00 1.5691e-09 8.8847e-09 2.4523e-08 5.0455e-08 8.8397e-08 1.3994e-07 2.0660e-07 2.8987e-07 3.9125e-07 5.1225e-07 6.5441e-07 8.1932e-07 1.0086e-06 1.2238e-06 1.4667e-06 0.0000e+00 2.0413e-06 2.3759e-06 2.7432e-06 3.1437e-06 3.5770e-06 4.0419e-06 4.5355e-06 5.0531e-06 5.5878e-06 6.1296e-06 6.6647e-06 7.1754e-06 7.6391e-06 8.0289e-06 8.3136e-06 8.4595e-06 8.4332e-06 8.2058e-06 7.7586e-06 7.0899e-06 6.2213e-06 5.2015e-06 4.1051e-06 3.0241e-06 2.0517e-06 1.2614e-06 6.8929e-07 3.2701e-07 1.3095e-07 4.2782e-08 1.0944e-08 2.0853e-09 2.7862e-10 2.4252e-11 1.2572e-12 3.4785e-14 4.4909e-16 2.2935e-18 3.7796e-21 1.5622e-24 1.1845e-28 1.1160e-33 8.0231e-40 2.3864e-47 1.3565e-56 5.5349e-68 4.6580e-82 1.6366e-99 3.0677e-121 2.1313e-148 1.6903e-182 1.5693e-225 3.8106e-280 0.0000e+00 0.0000e+00 0.0000e+00 0.0000e+00 0.0000e+00 0.0000e+00 0.0000e+00 0.0000e+00 0.0000e+00 0.0000e+00 0.0000e+00 0.0000e+00 0.0000e+00 0.0000e+00 0.0000e+00 0.0000e+00 0.0000e+00 0.0000e+00 0.0000e+00 0.0000e+00 0.0000e+00 0.0000e+00 0.0000e+00 0.0000e+00 0.0000e+00 0.0000e+00 0.0000e+00 0.0000e+00 0.0000e+00 0.0000e+00 0.0000e+00
-1.8422e-09 -1.0431e-08 -2.8791e-08 -5.9237e-08 -1.0378e-07 -1.6429e-07 -2.4256e-07 -3.4032e-07 -4.5935e-07 -6.0141e-07 -7.6833e-07 -9.6195e-07 -1.1842e-06 -1.4369e-06 -1.7220e-06 -2.0415e-06 1.3333e-04 -2.7897e-06 -3.2212e-06 -3.6917e-06 -4.2010e-06 -4.7475e-06 -5.3280e-06 -5.9372e-06 -6.5670e-06 -7.2058e-06 -7.8378e-06 -8.4423e-06 -8.9931e-06 -9.4588e-06 -9.8028e-06 -9.9857e-06 -9.9678e-06 -9.7147e-06 -9.2034e-06 -8.4303e-06 -7.4188e-06 -6.2243e-06 -4.9330e-06 -3.6524e-06 -2.4931e-06 -1.5439e-06 -8.5101e-07 -4.0795e-07 -1.6540e-07 -5.4840e-08 -1.4276e-08 -2.7776e-09 -3.8040e-10 -3.4093e-11 -1.8294e-12 -5.2714e-14 -7.1382e-16 -3.8549e-18 -6.7807e-21 -3.0236e-24 -2.5035e-28 -2.6112e-33 -2.1109e-39 -7.1847e-47 -4.7672e-56 -2.3230e-67 -2.3973e-81 -1.0658e-98 -2.6269e-120 -2.5221e-147 -2.9616e-181 -4.5361e-224 -2.2459e-278 0.0000e+00 0.0000e+00 0.0000e+00 0.0000e+00 0.0000e+00 0.0000e+00 0.0000e+00 0.0000e+00 0.0000e+00 0.0000e+00 0.0000e+00 0.0000e+00 0.0000e+00 0.0000e+00 0.0000e+00 0.0000e+00 0.0000e+00 0.0000e+00 0.0000e+00 0.0000e+00 0.0000e+00 0.0000e+00 0.0000e+00 0.0000e+00 0.0000e+00 0.0000e+00 0.0000e+00 0.0000e+00 0.0000e+00 0.0000e+00 0.0000e+00 1.8422e-09 1.0431e-08 2.8791e-08 5.9237e-08 1.0378e-07 1.6429e-07 2.4256e-07 3.4032e-07 4.5935e-07 6.0141e-07 7.6832e-07 9.6194e-07 1.1841e-06 1.4369e-06 1.7220e-06 2.0413e-06 0.0000e+00 2.7894e-06 3.2207e-06 3.6909e-06 4.1997e-06 4.7454e-06 5.3249e-06 5.9327e-06 6.5605e-06 7.1965e-06 7.8248e-06 8.4243e-06 8.9688e-06 9.4264e-06 9.7607e-06 9.9320e-06 9.9011e-06 9.6341e-06 9.1091e-06 8.3240e-06 7.3042e-06 6.1069e-06 4.8196e-06 3.5505e-06 2.4089e-06 1.4810e-06 8.0926e-07 3.8392e-07 1.5374e-07 5.0227e-08 1.2848e-08 2.4480e-09 3.2707e-10 2.8467e-11 1.4756e-12 4.0822e-14 5.2693e-16 2.6902e-18 4.4314e-21 1.8304e-24 1.3865e-28 1.3044e-33 9.3568e-40 2.7737e-47 1.5682e-56 6.3456e-68 5.2681e-82 1.8093e-99 3.2581e-121 2.0982e-148 1.4115e-182 7.9839e-226 -1.5796e-280 0.0000e+00 0.0000e+00 0.0000e+00 0.0000e+00 0.0000e+00 0.0000e+00 0.0000e+00 0.0000e+00 0.0000e+00 0.0000e+00 0.0000e+00 0.0000e+00 0.0000e+00 0.0000e+00 0.0000e+00 0.0000e+00 0.0000e+00 0.0000e+00 0.0000e+00 0.0000e+00 0.0000e+00 0.0000e+00 0.0000e+00 0.0000e+00 0.0000e+00 0.0000e+00 0.0000e+00 0.0000e+00 0.0000e+00 0.0000e+00 0.0000e+00
