2.5153e-04 -8.3060e-05 -9.8807e-05 -1.0953e-04 -1.1617e-04 -1.1930e-04 -1.1935e-04 -1.1675e-04 -1.1191e-04 -1.0528e-04 -9.7282e-05 -8.8361e-05 -7.8917e-05 -6.9318e-05 -5.9884e-05 -5.0879e-05 -4.2509e-05 -3.4915e-05 -2.8185e-05 -2.2352e-05 -1.7407e-05 -1.3305e-05 -9.9754e-06 -7.3316e-06 -5.2784e-06 -3.7197e-06 -2.5635e-06 -1.7261e-06 -1.1344e-06 -7.2689e-07 -4.5355e-07 -2.7521e-07 -1.6218e-07 -9.2669e-08 -5.1258e-08 -2.7396e-08 -1.4121e-08 -7.0043e-09 -3.3357e-09 -1.5214e-09 -6.6278e-10 -2.7494e-10 -1.0826e-10 -4.0320e-11 -1.4149e-11 -4.6584e-12 -1.4324e-12 -4.0924e-13 -1.0804e-13 -2.6197e-14 -5.7942e-15 -1.1604e-15 -2.0869e-16 -3.3396e-17 -4.7075e-18 -5.7794e-19 -6.1023e-20 -5.4638e-21 -4.0836e-22 -2.5026e-23 -1.2328e-24 -4.7715e-26 -1.4144e-27 -3.1189e-29 -4.9479e-31 -5.4363e-33 -3.9590e-35 -1.8168e-37 -4.9545e-40 -7.4990e-43 -5.8161e-46 -2.1043e-49 -3.1786e-53 -1.7567e-57 -3.0338e-62 -1.3537e-67 -1.2394e-73 -1.7567e-80 -2.7237e-88 -2.9991e-97 -1.3630e-107 -1.2833e-119 -1.0318e-133 -2.2336e-150 -2.8290e-170 -2.6935e-194 -1.1599e-223 -4.4267e-260 -5.3317e-306 0.0000e+00 0.0000e+00 0.0000e+00 0.0000e+00 0.0000e+00 0.0000e+00 0.0000e+00 0.0000e+00 0.0000e+00 0.0000e+00 0.0000e+00 0.0000e+00 8.3036e-05 9.8742e-05 1.0940e-04 1.1596e-04 1.1898e-04 1.1892e-04 1.1620e-04 1.1124e-04 1.0450e-04 9.6411e-05 8.7417e-05 7.7925e-05 6.8304e-05 5.8876e-05 4.9902e-05 4.1584e-05 3.4060e-05 2.7413e-05 2.1671e-05 1.6820e-05 1.2810e-05 9.5683e-06 7.0042e-06 5.0214e-06 3.5228e-06 2.4163e-06 1.6190e-06 1.0584e-06 6.7448e-07 4.1841e-07 2.5235e-07 1.4776e-07 8.3861e-08 4.6058e-08 2.4435e-08 1.2497e-08 6.1479e-09 2.9028e-09 1.3120e-09 5.6615e-10 2.3252e-10 9.0601e-11 3.3373e-11 1.1576e-11 3.7649e-12 1.1429e-12 3.2215e-13 8.3850e-14 2.0028e-14 4.3604e-15 8.5882e-16 1.5176e-16 2.3839e-17 3.2952e-18 3.9625e-19 4.0932e-20 3.5808e-21 2.6112e-22 1.5591e-23 7.4698e-25 2.8073e-26 8.0652e-28 1.7200e-29 2.6332e-31 2.7851e-33 1.9474e-35 8.5555e-38 2.2264e-40 3.2043e-43 2.3539e-46 8.0314e-50 1.1385e-53 5.8721e-58 9.4050e-63 3.8643e-68 3.2310e-74 4.1420e-81 5.7420e-89 5.5757e-98 2.1970e-108 1.7551e-120 1.1641e-134 1.9990e-151 1.8951e-171 1.2253e-195 2.9262e-225 2.8464e-262 -5.6800e-308 0.0000e+00 0.0000e+00 0.0000e+00 0.0000e+00 0.0000e+00 0.0000e+00 0.0000e+00 0.0000e+00 0.0000e+00 0.0000e+00 0.0000e+00
-8.3060e-05 1.0065e-03 -1.3756e-04 -1.5271e-04 -1.6230e-04 -1.6708e-04 -1.6763e-04 -1.6451e-04 -1.5829e-04 -1.4953e-04 -1.3882e-04 -1.2674e-04 -1.1382e-04 -1.0058e-04 -8.7454e-05 -7.4821e-05 -6.2975e-05 -5.2133e-05 -4.2436e-05 -3.3951e-05 -2.6687e-05 -2.0598e-05 -1.5603e-05 -1.1591e-05 -8.4397e-06 -6.0178e-06 -4.1984e-06 -2.8634e-06 -1.9071e-06 -1.2390e-06 -7.8427e-07 -4.8306e-07 -2.8910e-07 -1.6787e-07 -9.4408e-08 -5.1335e-08 -2.6935e-08 -1.3609e-08 -6.6058e-09 -3.0728e-09 -1.3661e-09 -5.7874e-10 -2.3288e-10 -8.8696e-11 -3.1852e-11 -1.0740e-11 -3.3847e-12 -9.9194e-13 -2.6884e-13 -6.6972e-14 -1.5233e-14 -3.1399e-15 -5.8175e-16 -9.6007e-17 -1.3971e-17 -1.7725e-18 -1.9363e-19 -1.7958e-20 -1.3920e-21 -8.8591e-23 -4.5382e-24 -1.8295e-25 -5.6572e-27 -1.3035e-28 -2.1648e-30 -2.4948e-32 -1.9098e-34 -9.2336e-37 -2.6596e-39 -4.2636e-42 -3.5129e-45 -1.3547e-48 -2.1893e-52 -1.2998e-56 -2.4226e-61 -1.1727e-66 -1.1716e-72 -1.8242e-79 -3.1307e-87 -3.8493e-96 -1.9733e-106 -2.1206e-118 -1.9734e-132 -5.0261e-149 -7.6380e-169 -8.9345e-193 -4.8655e-222 -2.4337e-258 -4.0180e-304 0.0000e+00 0.0000e+00 0.0000e+00 0.0000e+00 0.0000e+00 0.0000e+00 0.0000e+00 0.0000e+00 0.0000e+00 0.0000e+00 0.0000e+00 8.3036e-05 0.0000e+00 1.3720e-04 1.5200e-04 1.6112e-04 1.6532e-04 1.6524e-04 1.6145e-04 1.5456e-04 1.4519e-04 1.3396e-04 1.2146e-04 1.0827e-04 9.4901e-05 8.1801e-05 6.9332e-05 5.7774e-05 4.7320e-05 3.8084e-05 3.0106e-05 2.3366e-05 1.7795e-05 1.3291e-05 9.7287e-06 6.9741e-06 4.8923e-06 3.3554e-06 2.2479e-06 1.4695e-06 9.3627e-07 5.8072e-07 3.5018e-07 2.0500e-07 1.1632e-07 6.3869e-08 3.3873e-08 1.7318e-08 8.5164e-09 4.0193e-09 1.8158e-09 7.8307e-10 3.2141e-10 1.2514e-10 4.6058e-11 1.5961e-11 5.1857e-12 1.5723e-12 4.4257e-13 1.1501e-13 2.7422e-14 5.9578e-15 1.1707e-15 2.0631e-16 3.2308e-17 4.4498e-18 5.3289e-19 5.4783e-20 4.7660e-21 3.4529e-22 2.0460e-23 9.7153e-25 3.6127e-26 1.0249e-27 2.1528e-29 3.2363e-31 3.3477e-33 2.2778e-35 9.6725e-38 2.4114e-40 3.2846e-43 2.2443e-46 6.9420e-50 8.5660e-54 3.5831e-58 4.0177e-63 7.2815e-69 -4.1414e-75 -2.3025e-81 -6.5829e-89 -1.1057e-97 -7.0431e-108 -8.8860e-120 -9.3416e-134 -2.6121e-150 -4.2610e-170 -5.2505e-194 -2.9627e-223 -1.5127e-259 -2.5129e-305 0.0000e+00 0.0000e+00 0.0000e+00 0.0000e+00 0.0000e+00 0.0000e+00 0.0000e+00 0.0000e+00 0.0000e+00 0.0000e+00 0.0000e+00
-9.8807e-05 -1.3756e-04 2.2660e-03 -1.8267e-04 -1.9477e-04 -2.0130e-04 -2.0292e-04 -2.0023e-04 -1.9383e-04 -1.8434e-04 -1.7242e-04 -1.5868e-04 -1.4376e-04 -1.2823e-04 -1.1261e-04 -9.7362e-05 -8.2864e-05 -6.9405e-05 -5.7190e-05 -4.6343e-05 -3.6914e-05 -2.8887e-05 -2.2196e-05 -1.6734e-05 -1.2370e-05 -8.9593e-06 -6.3518e-06 -4.4039e-06 -2.9830e-06 -1.9718e-06 -1.2704e-06 -7.9671e-07 -4.8568e-07 -2.8735e-07 -1.6473e-07 -9.1338e-08 -4.8887e-08 -2.5205e-08 -1.2489e-08 -5.9329e-09 -2.6945e-09 -1.1666e-09 -4.7994e-10 -1.8697e-10 -6.8704e-11 -2.3715e-11 -7.6547e-12 -2.2987e-12 -6.3873e-13 -1.6322e-13 -3.8105e-14 -8.0669e-15 -1.5361e-15 -2.6072e-16 -3.9050e-17 -5.1038e-18 -5.7486e-19 -5.5025e-20 -4.4066e-21 -2.9009e-22 -1.5390e-23 -6.4339e-25 -2.0663e-26 -4.9527e-28 -8.5716e-30 -1.0314e-31 -8.2617e-34 -4.1895e-36 -1.2689e-38 -2.1451e-41 -1.8698e-44 -7.6552e-48 -1.3185e-51 -8.3798e-56 -1.6801e-60 -8.7970e-66 -9.5663e-72 -1.6327e-78 -3.0963e-86 -4.2458e-95 -2.4535e-105 -3.0089e-117 -3.2419e-131 -9.7234e-148 -1.7757e-167 -2.5574e-191 -1.7662e-220 -1.1620e-256 -2.6407e-302 0.0000e+00 0.0000e+00 0.0000e+00 0.0000e+00 0.0000e+00 0.0000e+00 0.0000e+00 0.0000e+00 0.0000e+00 0.0000e+00 0.0000e+00 9.8742e-05 1.3720e-04 0.0000e+00 1.8075e-04 1.9159e-04 1.9659e-04 1.9649e-04 1.9198e-04 1.8379e-04 1.7265e-04 1.5928e-04 1.4442e-04 1.2873e-04 1.1284e-04 9.7254e-05 8.2424e-05 6.8678e-05 5.6247e-05 4.5263e-05 3.5777e-05 2.7762e-05 2.1139e-05 1.5785e-05 1.1551e-05 8.2783e-06 5.8051e-06 3.9799e-06 2.6650e-06 1.7412e-06 1.1087e-06 6.8716e-07 4.1402e-07 2.4214e-07 1.3725e-07 7.5265e-08 3.9861e-08 2.0346e-08 9.9871e-09 4.7034e-09 2.1197e-09 9.1160e-10 3.7298e-10 1.4469e-10 5.3032e-11 1.8289e-11 5.9094e-12 1.7803e-12 4.9743e-13 1.2816e-13 3.0253e-14 6.4967e-15 1.2592e-15 2.1834e-16 3.3540e-17 4.5145e-18 5.2585e-19 5.2264e-20 4.3617e-21 3.0000e-22 1.6639e-23 7.2485e-25 2.4002e-26 5.7805e-28 9.4640e-30 9.1767e-32 2.8524e-34 -3.8936e-36 -4.9143e-38 -2.3205e-40 -5.2308e-43 -5.6137e-46 -2.6950e-49 -5.2649e-53 -3.7041e-57 -8.0680e-62 -4.5207e-67 -5.1953e-73 -9.2705e-80 -1.8209e-87 -2.5642e-96 -1.5099e-106 -1.8732e-118 -2.0274e-132 -6.0667e-149 -1.0978e-168 -1.5559e-192 -1.0499e-221 -6.6972e-258 -1.4638e-303 0.0000e+00 0.0000e+00 0.0000e+00 0.0000e+00 0.0000e+00 0.0000e+00 0.0000e+00 0.0000e+00 0.0000e+00 0.0000e+00 0.0000e+00
-1.0953e-04 -1.5271e-04 -1.8267e-04 4.0320e-03 -2.1854e-04 -2.2712e-04 -2.3042e-04 -2.2903e-04 -2.2353e-04 -2.1452e-04 -2.0262e-04 -1.8845e-04 -1.7265e-04 -1.5583e-04 -1.3857e-04 -1.2138e-04 -1.0472e-04 -8.8948e-05 -7.4363e-05 -6.1163e-05 -4.9467e-05 -3.9319e-05 -3.0696e-05 -2.3520e-05 -1.7675e-05 -1.3017e-05 -9.3861e-06 -6.6202e-06 -4.5626e-06 -3.0692e-06 -2.0128e-06 -1.2851e-06 -7.9770e-07 -4.8066e-07 -2.8069e-07 -1.5856e-07 -8.6485e-08 -4.5449e-08 -2.2960e-08 -1.1122e-08 -5.1528e-09 -2.2763e-09 -9.5586e-10 -3.8020e-10 -1.4270e-10 -5.0333e-11 -1.6608e-11 -5.1010e-12 -1.4504e-12 -3.7949e-13 -9.0764e-14 -1.9699e-14 -3.8482e-15 -6.7059e-16 -1.0321e-16 -1.3873e-17 -1.6086e-18 -1.5869e-19 -1.3112e-20 -8.9169e-22 -4.8935e-23 -2.1194e-24 -7.0626e-26 -1.7595e-27 -3.1713e-29 -3.9821e-31 -3.3361e-33 -1.7737e-35 -5.6480e-38 -1.0068e-40 -9.2842e-44 -4.0360e-47 -7.4107e-51 -5.0438e-55 -1.0884e-59 -6.1681e-65 -7.3061e-71 -1.3680e-77 -2.8696e-85 -4.3933e-94 -2.8651e-104 -4.0151e-116 -5.0160e-130 -1.7746e-146 -3.9013e-166 -6.9319e-190 -6.0843e-219 -5.2768e-255 -1.6551e-300 0.0000e+00 0.0000e+00 0.0000e+00 0.0000e+00 0.0000e+00 0.0000e+00 0.0000e+00 0.0000e+00 0.0000e+00 0.0000e+00 0.0000e+00 1.0940e-04 1.5200e-04 1.8075e-04 0.0000e+00 2.1226e-04 2.1780e-04 2.1768e-04 2.1269e-04 2.0361e-04 1.9126e-04 1.7645e-04 1.5997e-04 1.4258e-04 1.2496e-04 1.0769e-04 9.1253e-05 7.6019e-05 6.2242e-05 5.0072e-05 3.9563e-05 3.0687e-05 2.3354e-05 1.7428e-05 1.2744e-05 9.1252e-06 6.3926e-06 4.3775e-06 2.9272e-06 1.9095e-06 1.2136e-06 7.5060e-07 4.5113e-07 2.6309e-07 1.4863e-07 8.1201e-08 4.2815e-08 2.1743e-08 1.0610e-08 4.9626e-09 2.2187e-09 9.4534e-10 3.8259e-10 1.4654e-10 5.2902e-11 1.7921e-11 5.6681e-12 1.6643e-12 4.5079e-13 1.1180e-13 2.5172e-14 5.0920e-15 9.1367e-16 1.4300e-16 1.9062e-17 2.0812e-18 1.7156e-19 8.0729e-21 -2.9999e-22 -1.0976e-22 -1.2871e-23 -9.8308e-25 -5.3720e-26 -2.1342e-27 -6.1073e-29 -1.2315e-30 -1.6962e-32 -1.5348e-34 -8.7043e-37 -2.9260e-39 -5.4579e-42 -5.2265e-45 -2.3436e-48 -4.4119e-52 -3.0618e-56 -6.7022e-61 -3.8349e-66 -4.5653e-72 -8.5538e-79 -1.7878e-86 -2.7158e-95 -1.7499e-105 -2.4125e-117 -2.9520e-131 -1.0183e-147 -2.1720e-167 -3.7251e-191 -3.1383e-220 -2.5963e-256 -7.7140e-302 0.0000e+00 0.0000e+00 0.0000e+00 0.0000e+00 0.0000e+00 0.0000e+00 0.0000e+00 0.0000e+00 0.0000e+00 0.0000e+00 0.0000e+00
-1.1617e-04 -1.6230e-04 -1.9477e-04 -2.1854e-04 6.3070e-03 -2.4637e-04 -2.5197e-04 -2.5272e-04 -2.4913e-04 -2.4170e-04 -2.3097e-04 -2.1749e-04 -2.0186e-04 -1.8469e-04 -1.6655e-04 -1.4802e-04 -1.2961e-04 -1.1177e-04 -9.4892e-05 -7.9277e-05 -6.5139e-05 -5.2609e-05 -4.1737e-05 -3.2503e-05 -2.4827e-05 -1.8586e-05 -1.3625e-05 -9.7701e-06 -6.8465e-06 -4.6833e-06 -3.1234e-06 -2.0283e-06 -1.2807e-06 -7.8509e-07 -4.6649e-07 -2.6818e-07 -1.4889e-07 -7.9663e-08 -4.0983e-08 -2.0223e-08 -9.5464e-09 -4.2985e-09 -1.8404e-09 -7.4669e-10 -2.8599e-10 -1.0298e-10 -3.4709e-11 -1.0895e-11 -3.1677e-12 -8.4803e-13 -2.0767e-13 -4.6180e-14 -9.2506e-15 -1.6544e-15 -2.6154e-16 -3.6147e-17 -4.3140e-18 -4.3851e-19 -3.7379e-20 -2.6259e-21 -1.4907e-22 -6.6888e-24 -2.3131e-25 -5.9907e-27 -1.1246e-28 -1.4740e-30 -1.2919e-32 -7.2043e-35 -2.4127e-37 -4.5369e-40 -4.4280e-43 -2.0449e-46 -4.0050e-50 -2.9208e-54 -6.7876e-59 -4.1663e-64 -5.3792e-70 -1.1059e-76 -2.5679e-84 -4.3933e-93 -3.2365e-103 -5.1883e-115 -7.5235e-129 -3.1433e-145 -8.3295e-165 -1.8283e-188 -2.0425e-217 -2.3392e-253 -1.0144e-298 0.0000e+00 0.0000e+00 0.0000e+00 0.0000e+00 0.0000e+00 0.0000e+00 0.0000e+00 0.0000e+00 0.0000e+00 0.0000e+00 0.0000e+00 1.1596e-04 1.6112e-04 1.9159e-04 2.1226e-04 0.0000e+00 2.3086e-04 2.3073e-04 2.2543e-04 2.1579e-04 2.0268e-04 1.8697e-04 1.6949e-04 1.5104e-04 1.3234e-04 1.1401e-04 9.6576e-05 8.0416e-05 6.5806e-05 5.2904e-05 4.1766e-05 3.2363e-05 2.4601e-05 1.8333e-05 1.3384e-05 9.5642e-06 6.6847e-06 4.5651e-06 3.0430e-06 1.9775e-06 1.2514e-06 7.6998e-07 4.5999e-07 2.6636e-07 1.4922e-07 8.0722e-08 4.2068e-08 2.1069e-08 1.0112e-08 4.6364e-09 2.0236e-09 8.3722e-10 3.2677e-10 1.1961e-10 4.0759e-11 1.2808e-11 3.6620e-12 9.3318e-13 2.0420e-13 3.5184e-14 3.3573e-15 -5.6537e-16 -4.1360e-16 -1.3655e-16 -3.3341e-17 -6.5779e-18 -1.0761e-18 -1.4678e-19 -1.6632e-20 -1.5511e-21 -1.1749e-22 -7.1076e-24 -3.3655e-25 -1.2182e-26 -3.2794e-28 -6.3597e-30 -8.5642e-32 -7.6747e-34 -4.3566e-36 -1.4792e-38 -2.8095e-41 -2.7598e-44 -1.2785e-47 -2.5037e-51 -1.8201e-55 -4.2036e-60 -2.5566e-65 -3.2609e-71 -6.6027e-78 -1.5055e-85 -2.5211e-94 -1.8121e-104 -2.8245e-116 -3.9680e-130 -1.5999e-146 -4.0745e-166 -8.5556e-190 -9.0971e-219 -9.8594e-255 -4.0201e-300 0.0000e+00 0.0000e+00 0.0000e+00 0.0000e+00 0.0000e+00 0.0000e+00 0.0000e+00 0.0000e+00 0.0000e+00 0.0000e+00 0.0000e+00
-1.1930e-04 -1.6708e-04 -2.0130e-04 -2.2712e-04 -2.4637e-04 9.0945e-03 -2.6837e-04 -2.7203e-04 -2.7127e-04 -2.6644e-04 -2.5794e-04 -2.4623e-04 -2.3179e-04 -2.1518e-04 -1.9695e-04 -1.7769e-04 -1.5798e-04 -1.3836e-04 -1.1930e-04 -1.0123e-04 -8.4486e-05 -6.9309e-05 -5.5853e-05 -4.4182e-05 -3.4282e-05 -2.6071e-05 -1.9414e-05 -1.4143e-05 -1.0069e-05 -6.9984e-06 -4.7427e-06 -3.1300e-06 -2.0087e-06 -1.2518e-06 -7.5626e-07 -4.4216e-07 -2.4970e-07 -1.3594e-07 -7.1174e-08 -3.5756e-08 -1.7190e-08 -7.8858e-09 -3.4412e-09 -1.4236e-09 -5.5624e-10 -2.0444e-10 -7.0362e-11 -2.2567e-11 -6.7084e-12 -1.8374e-12 -4.6067e-13 -1.0496e-13 -2.1560e-14 -3.9572e-15 -6.4264e-16 -9.1330e-17 -1.1220e-17 -1.1754e-18 -1.0338e-19 -7.5035e-21 -4.4074e-22 -2.0493e-23 -7.3561e-25 -1.9811e-26 -3.8751e-28 -5.3030e-30 -4.8643e-32 -2.8460e-34 -1.0028e-36 -1.9900e-39 -2.0566e-42 -1.0094e-45 -2.1098e-49 -1.6495e-53 -4.1304e-58 -2.7475e-63 -3.8691e-69 -8.7388e-76 -2.2479e-83 -4.3007e-92 -3.5817e-102 -6.5733e-114 -1.1074e-127 -5.4690e-144 -1.7487e-163 -4.7469e-187 -6.7578e-216 -1.0233e-251 -6.1439e-297 0.0000e+00 0.0000e+00 0.0000e+00 0.0000e+00 0.0000e+00 0.0000e+00 0.0000e+00 0.0000e+00 0.0000e+00 0.0000e+00 0.0000e+00 1.1898e-04 1.6532e-04 1.9659e-04 2.1780e-04 2.3086e-04 0.0000e+00 2.3673e-04 2.3127e-04 2.2137e-04 2.0789e-04 1.9173e-04 1.7376e-04 1.5479e-04 1.3557e-04 1.1673e-04 9.8811e-05 8.2206e-05 6.7199e-05 5.3953e-05 4.2527e-05 3.2890e-05 2.4943e-05 1.8537e-05 1.3488e-05 9.6005e-06 6.6784e-06 4.5352e-06 3.0028e-06 1.9358e-06 1.2132e-06 7.3795e-07 4.3477e-07 2.4755e-07 1.3587e-07 7.1668e-08 3.6198e-08 1.7428e-08 7.9534e-09 3.4138e-09 1.3631e-09 4.9750e-10 1.6079e-10 4.2777e-11 7.1649e-12 -1.0205e-12 -1.6765e-12 -9.9154e-13 -4.4083e-13 -1.6471e-13 -5.3593e-14 -1.5387e-14 -3.9124e-15 -8.7976e-16 -1.7416e-16 -3.0146e-17 -4.5223e-18 -5.8170e-19 -6.3361e-20 -5.7603e-21 -4.2991e-22 -2.5846e-23 -1.2249e-24 -4.4648e-26 -1.2169e-27 -2.4010e-29 -3.3049e-31 -3.0406e-33 -1.7797e-35 -6.2572e-38 -1.2361e-40 -1.2686e-43 -6.1693e-47 -1.2747e-50 -9.8290e-55 -2.4219e-59 -1.5815e-64 -2.1812e-70 -4.8130e-77 -1.2064e-84 -2.2432e-93 -1.8104e-103 -3.2100e-115 -5.2078e-129 -2.4680e-145 -7.5427e-165 -1.9487e-188 -2.6277e-217 -3.7482e-253 -2.1068e-298 0.0000e+00 0.0000e+00 0.0000e+00 0.0000e+00 0.0000e+00 0.0000e+00 0.0000e+00 0.0000e+00 0.0000e+00 0.0000e+00 0.0000e+00
-1.1935e-04 -1.6763e-04 -2.0292e-04 -2.3042e-04 -2.5197e-04 -2.6837e-04 1.2399e-02 -2.8723e-04 -2.9008e-04 -2.8876e-04 -2.8349e-04 -2.7454e-04 -2.6228e-04 -2.4715e-04 -2.2965e-04 -2.1037e-04 -1.8990e-04 -1.6886e-04 -1.4783e-04 -1.2735e-04 -1.0791e-04 -8.9869e-05 -7.3521e-05 -5.9041e-05 -4.6506e-05 -3.5904e-05 -2.7143e-05 -2.0076e-05 -1.4513e-05 -1.0243e-05 -7.0502e-06 -4.7261e-06 -3.0815e-06 -1.9513e-06 -1.1982e-06 -7.1219e-07 -4.0900e-07 -2.2649e-07 -1.2067e-07 -6.1705e-08 -3.0207e-08 -1.4117e-08 -6.2781e-09 -2.6481e-09 -1.0555e-09 -3.9594e-10 -1.3916e-10 -4.5608e-11 -1.3863e-11 -3.8850e-12 -9.9733e-13 -2.3285e-13 -4.9052e-14 -9.2416e-15 -1.5420e-15 -2.2538e-16 -2.8509e-17 -3.0783e-18 -2.7943e-19 -2.0960e-20 -1.2742e-21 -6.1409e-23 -2.2887e-24 -6.4115e-26 -1.3070e-27 -1.8682e-29 -1.7940e-31 -1.1016e-33 -4.0854e-36 -8.5592e-39 -9.3702e-42 -4.8898e-45 -1.0912e-48 -9.1501e-53 -2.4701e-57 -1.7815e-62 -2.7377e-68 -6.7973e-75 -1.9381e-82 -4.1492e-91 -3.9092e-101 -8.2194e-113 -1.6100e-126 -9.4067e-143 -3.6324e-162 -1.2207e-185 -2.2169e-214 -4.4438e-250 -3.6992e-295 0.0000e+00 0.0000e+00 0.0000e+00 0.0000e+00 0.0000e+00 0.0000e+00 0.0000e+00 0.0000e+00 0.0000e+00 0.0000e+00 0.0000e+00 1.1892e-04 1.6524e-04 1.9649e-04 2.1768e-04 2.3073e-04 2.3673e-04 0.0000e+00 2.3109e-04 2.2116e-04 2.0764e-04 1.9144e-04 1.7342e-04 1.5440e-04 1.3513e-04 1.1624e-04 9.8277e-05 8.1639e-05 6.6611e-05 5.3358e-05 4.1939e-05 3.2324e-05 2.4412e-05 1.8049e-05 1.3052e-05 9.2206e-06 6.3556e-06 4.2680e-06 2.7874e-06 1.7669e-06 1.0845e-06 6.4260e-07 3.6623e-07 1.9980e-07 1.0366e-07 5.0662e-08 2.2975e-08 9.4074e-09 3.2737e-09 7.9315e-10 -4.2382e-11 -2.2252e-10 -1.9062e-10 -1.2012e-10 -6.4321e-11 -3.0612e-11 -1.3185e-11 -5.1781e-12 -1.8587e-12 -6.0937e-13 -1.8198e-13 -4.9293e-14 -1.2044e-14 -2.6371e-15 -5.1336e-16 -8.8050e-17 -1.3170e-17 -1.6979e-18 -1.8619e-19 -1.7109e-20 -1.2952e-21 -7.9249e-23 -3.8345e-24 -1.4313e-25 -4.0070e-27 -8.1456e-29 -1.1586e-30 -1.1050e-32 -6.7267e-35 -2.4682e-37 -5.1069e-40 -5.5111e-43 -2.8298e-46 -6.2016e-50 -5.0976e-54 -1.3463e-58 -9.4803e-64 -1.4195e-69 -3.4263e-76 -9.4757e-84 -1.9628e-92 -1.7846e-102 -3.6109e-114 -6.7854e-128 -3.7905e-144 -1.3943e-163 -4.4448e-187 -7.6219e-216 -1.4349e-251 -1.1150e-296 0.0000e+00 0.0000e+00 0.0000e+00 0.0000e+00 0.0000e+00 0.0000e+00 0.0000e+00 0.0000e+00 0.0000e+00 0.0000e+00 0.0000e+00
-1.1675e-04 -1.6451e-04 -2.0023e-04 -2.2903e-04 -2.5272e-04 -2.7203e-04 -2.8723e-04 1.6225e-02 -3.0545e-04 -3.0839e-04 -3.0720e-04 -3.0194e-04 -2.9280e-04 -2.8008e-04 -2.6419e-04 -2.4566e-04 -2.2509e-04 -2.0314e-04 -1.8048e-04 -1.5778e-04 -1.3566e-04 -1.1464e-04 -9.5162e-05 -7.7540e-05 -6.1975e-05 -4.8551e-05 -3.7248e-05 -2.7961e-05 -2.0517e-05 -1.4700e-05 -1.0273e-05 -6.9934e-06 -4.6316e-06 -2.9798e-06 -1.8594e-06 -1.1235e-06 -6.5606e-07 -3.6953e-07 -2.0033e-07 -1.0427e-07 -5.1980e-08 -2.4747e-08 -1.1217e-08 -4.8243e-09 -1.9617e-09 -7.5116e-10 -2.6965e-10 -9.0313e-11 -2.8072e-11 -8.0507e-12 -2.1165e-12 -5.0645e-13 -1.0943e-13 -2.1167e-14 -3.6295e-15 -5.4571e-16 -7.1083e-17 -7.9134e-18 -7.4153e-19 -5.7496e-20 -3.6182e-21 -1.8080e-22 -6.9980e-24 -2.0397e-25 -4.3349e-27 -6.4734e-29 -6.5098e-31 -4.1971e-33 -1.6387e-35 -3.6259e-38 -4.2064e-41 -2.3349e-44 -5.5650e-48 -5.0073e-52 -1.4579e-56 -1.1406e-61 -1.9138e-67 -5.2262e-74 -1.6526e-81 -3.9615e-90 -4.2251e-100 -1.0185e-111 -2.3213e-125 -1.6058e-141 -7.4955e-161 -3.1213e-184 -7.2397e-213 -1.9234e-248 -2.2230e-293 0.0000e+00 0.0000e+00 0.0000e+00 0.0000e+00 0.0000e+00 0.0000e+00 0.0000e+00 0.0000e+00 0.0000e+00 0.0000e+00 0.0000e+00 1.1620e-04 1.6145e-04 1.9198e-04 2.1269e-04 2.2543e-04 2.3127e-04 2.3109e-04 0.0000e+00 2.1594e-04 2.0267e-04 1.8676e-04 1.6907e-04 1.5039e-04 1.3146e-04 1.1291e-04 9.5275e-05 7.8951e-05 6.4219e-05 5.1245e-05 4.0087e-05 3.0715e-05 2.3027e-05 1.6871e-05 1.2063e-05 8.4029e-06 5.6903e-06 3.7365e-06 2.3711e-06 1.4477e-06 8.4535e-07 4.6778e-07 2.4176e-07 1.1361e-07 4.5718e-08 1.2914e-08 -8.1389e-10 -5.0663e-09 -5.2102e-09 -3.9871e-09 -2.6252e-09 -1.5573e-09 -8.4850e-10 -4.2843e-10 -2.0124e-10 -8.8026e-11 -3.5825e-11 -1.3537e-11 -4.7345e-12 -1.5264e-12 -4.5144e-13 -1.2179e-13 -2.9775e-14 -6.5485e-15 -1.2848e-15 -2.2276e-16 -3.3775e-17 -4.4250e-18 -4.9430e-19 -4.6377e-20 -3.5930e-21 -2.2549e-22 -1.1216e-23 -4.3140e-25 -1.2474e-26 -2.6255e-28 -3.8770e-30 -3.8492e-32 -2.4463e-34 -9.4009e-37 -2.0441e-39 -2.3266e-42 -1.2651e-45 -2.9489e-49 -2.5906e-53 -7.3513e-58 -5.5954e-63 -9.1160e-69 -2.4123e-75 -7.3760e-83 -1.7057e-91 -1.7506e-101 -4.0498e-113 -8.8323e-127 -5.8274e-143 -2.5849e-162 -1.0188e-185 -2.2263e-214 -5.5433e-250 -5.9683e-295 0.0000e+00 0.0000e+00 0.0000e+00 0.0000e+00 0.0000e+00 0.0000e+00 0.0000e+00 0.0000e+00 0.0000e+00 0.0000e+00 0.0000e+00
-1.1191e-04 -1.5829e-04 -1.9383e-04 -2.2353e-04 -2.4913e-04 -2.7127e-04 -2.9008e-04 -3.0545e-04 2.0579e-02 -3.2491e-04 -3.2848e-04 -3.2771e-04 -3.2257e-04 -3.1318e-04 -2.9981e-04 -2.8289e-04 -2.6300e-04 -2.4080e-04 -2.1703e-04 -1.9246e-04 -1.6784e-04 -1.4386e-04 -1.2112e-04 -1.0011e-04 -8.1163e-05 -6.4502e-05 -5.0207e-05 -3.8243e-05 -2.8478e-05 -2.0711e-05 -1.4694e-05 -1.0158e-05 -6.8326e-06 -4.4660e-06 -2.8320e-06 -1.7394e-06 -1.0329e-06 -5.9180e-07 -3.2646e-07 -1.7298e-07 -8.7817e-08 -4.2594e-08 -1.9679e-08 -8.6316e-09 -3.5813e-09 -1.3999e-09 -5.1334e-10 -1.7573e-10 -5.5868e-11 -1.6399e-11 -4.4158e-12 -1.0831e-12 -2.4011e-13 -4.7691e-14 -8.4049e-15 -1.3002e-15 -1.7445e-16 -2.0027e-17 -1.9377e-18 -1.5534e-19 -1.0122e-20 -5.2453e-22 -2.1091e-23 -6.3979e-25 -1.4179e-26 -2.2129e-28 -2.3311e-30 -1.5784e-32 -6.4909e-35 -1.5173e-37 -1.8660e-40 -1.1021e-43 -2.8067e-47 -2.7110e-51 -8.5168e-56 -7.2316e-61 -1.3255e-66 -3.9831e-73 -1.3977e-80 -3.7536e-89 -4.5348e-99 -1.2541e-110 -3.3285e-124 -2.7286e-140 -1.5409e-159 -7.9597e-183 -2.3605e-211 -8.3226e-247 -1.3374e-291 0.0000e+00 0.0000e+00 0.0000e+00 0.0000e+00 0.0000e+00 0.0000e+00 0.0000e+00 0.0000e+00 0.0000e+00 0.0000e+00 0.0000e+00 1.1124e-04 1.5456e-04 1.8379e-04 2.0361e-04 2.1579e-04 2.2137e-04 2.2116e-04 2.1594e-04 0.0000e+00 1.9373e-04 1.7838e-04 1.6131e-04 1.4329e-04 1.2502e-04 1.0713e-04 9.0125e-05 7.4395e-05 6.0218e-05 4.7754e-05 3.7063e-05 2.8117e-05 2.0814e-05 1.5006e-05 1.0508e-05 7.1237e-06 4.6533e-06 2.9094e-06 1.7233e-06 9.5031e-07 4.7154e-07 1.9334e-07 4.5253e-08 -2.3374e-08 -4.7079e-08 -4.8066e-08 -3.9611e-08 -2.8916e-08 -1.9345e-08 -1.2046e-08 -7.0345e-09 -3.8662e-09 -2.0024e-09 -9.7713e-10 -4.4866e-10 -1.9344e-10 -7.8089e-11 -2.9415e-11 -1.0297e-11 -3.3338e-12 -9.9310e-13 -2.7053e-13 -6.6942e-14 -1.4932e-14 -2.9773e-15 -5.2560e-16 -8.1288e-17 -1.0883e-17 -1.2446e-18 -1.1975e-19 -9.5326e-21 -6.1583e-22 -3.1595e-23 -1.2560e-24 -3.7616e-26 -8.2196e-28 -1.2631e-29 -1.3084e-31 -8.7005e-34 -3.5088e-36 -8.0331e-39 -9.6617e-42 -5.5730e-45 -1.3840e-48 -1.3015e-52 -3.9747e-57 -3.2750e-62 -5.8145e-68 -1.6893e-74 -5.7192e-82 -1.4786e-90 -1.7155e-100 -4.5442e-112 -1.1519e-125 -8.9896e-142 -4.8161e-161 -2.3506e-184 -6.5569e-213 -2.1634e-248 -3.2337e-293 0.0000e+00 0.0000e+00 0.0000e+00 0.0000e+00 0.0000e+00 0.0000e+00 0.0000e+00 0.0000e+00 0.0000e+00 0.0000e+00 0.0000e+00
-1.0528e-04 -1.4953e-04 -1.8434e-04 -2.1452e-04 -2.4170e-04 -2.6644e-04 -2.8876e-04 -3.0839e-04 -3.2491e-04 2.5468e-02 -3.4667e-04 -3.5103e-04 -3.5066e-04 -3.4545e-04 -3.3552e-04 -3.2115e-04 -3.0283e-04 -2.8119e-04 -2.5700e-04 -2.3111e-04 -2.0437e-04 -1.7763e-04 -1.5165e-04 -1.2711e-04 -1.0452e-04 -8.4252e-05 -6.6528e-05 -5.1415e-05 -3.8854e-05 -2.8681e-05 -2.0658e-05 -1.4501e-05 -9.9078e-06 -6.5796e-06 -4.2404e-06 -2.6477e-06 -1.5989e-06 -9.3193e-07 -5.2318e-07 -2.8223e-07 -1.4593e-07 -7.2124e-08 -3.3970e-08 -1.5197e-08 -6.4343e-09 -2.5681e-09 -9.6208e-10 -3.3669e-10 -1.0950e-10 -3.2900e-11 -9.0758e-12 -2.2824e-12 -5.1919e-13 -1.0591e-13 -1.9189e-14 -3.0549e-15 -4.2226e-16 -5.0001e-17 -4.9963e-18 -4.1423e-19 -2.7954e-20 -1.5027e-21 -6.2784e-23 -1.9827e-24 -4.5834e-26 -7.4777e-28 -8.2543e-30 -5.8719e-32 -2.5440e-34 -6.2848e-37 -8.1963e-40 -5.1531e-43 -1.4028e-46 -1.4551e-50 -4.9348e-55 -4.5497e-60 -9.1138e-66 -3.0155e-72 -1.1749e-79 -3.5372e-88 -4.8439e-98 -1.5380e-109 -4.7571e-123 -4.6253e-139 -3.1633e-158 -2.0291e-181 -7.7029e-210 -3.6093e-245 -8.0770e-290 0.0000e+00 0.0000e+00 0.0000e+00 0.0000e+00 0.0000e+00 0.0000e+00 0.0000e+00 0.0000e+00 0.0000e+00 0.0000e+00 0.0000e+00 1.0450e-04 1.4519e-04 1.7265e-04 1.9126e-04 2.0268e-04 2.0789e-04 2.0764e-04 2.0267e-04 1.9373e-04 0.0000e+00 1.6701e-04 1.5080e-04 1.3368e-04 1.1632e-04 9.9326e-05 8.3175e-05 6.8251e-05 5.4821e-05 4.3045e-05 3.2980e-05 2.4602e-05 1.7812e-05 1.2465e-05 8.3802e-06 5.3626e-06 3.2158e-06 1.7541e-06 8.1070e-07 2.4311e-07 -6.5167e-08 -2.0483e-07 -2.4300e-07 -2.2665e-07 -1.8645e-07 -1.4081e-07 -9.9387e-08 -6.6159e-08 -4.1728e-08 -2.4992e-08 -1.4224e-08 -7.6890e-09 -3.9435e-09 -1.9154e-09 -8.7899e-10 -3.8002e-10 -1.5427e-10 -5.8576e-11 -2.0713e-11 -6.7876e-12 -2.0500e-12 -5.6715e-13 -1.4275e-13 -3.2437e-14 -6.5985e-15 -1.1902e-15 -1.8836e-16 -2.5844e-17 -3.0336e-18 -3.0008e-19 -2.4598e-20 -1.6392e-21 -8.6909e-23 -3.5772e-24 -1.1116e-25 -2.5256e-27 -4.0450e-29 -4.3782e-31 -3.0503e-33 -1.2927e-35 -3.1201e-38 -3.9703e-41 -2.4324e-44 -6.4432e-48 -6.4940e-52 -2.1367e-56 -1.9080e-61 -3.6957e-67 -1.1802e-73 -4.4290e-81 -1.2816e-89 -1.6829e-99 -5.1105e-111 -1.5075e-124 -1.3935e-140 -9.0293e-160 -5.4655e-183 -1.9492e-211 -8.5365e-247 -1.7749e-291 0.0000e+00 0.0000e+00 0.0000e+00 0.0000e+00 0.0000e+00 0.0000e+00 0.0000e+00 0.0000e+00 0.0000e+00 0.0000e+00 0.0000e+00
-9.7282e-05 -1.3882e-04 -1.7242e-04 -2.0262e-04 -2.3097e-04 -2.5794e-04 -2.8349e-04 -3.0720e-04 -3.2848e-04 -3.4667e-04 3.0901e-02 -3.7100e-04 -3.7603e-04 -3.7579e-04 -3.7019e-04 -3.5932e-04 -3.4355e-04 -3.2343e-04 -2.9970e-04 -2.7322e-04 -2.4495e-04 -2.1584e-04 -1.8685e-04 -1.5880e-04 -1.3243e-04 -1.0827e-04 -8.6731e-05 -6.8009e-05 -5.2155e-05 -3.9079e-05 -2.8577e-05 -2.0372e-05 -1.4139e-05 -9.5404e-06 -6.2493e-06 -3.9673e-06 -2.4366e-06 -1.4450e-06 -8.2564e-07 -4.5351e-07 -2.3887e-07 -1.2031e-07 -5.7775e-08 -2.6366e-08 -1.1393e-08 -4.6438e-09 -1.7776e-09 -6.3607e-10 -2.1164e-10 -6.5110e-11 -1.8403e-11 -4.7459e-12 -1.1080e-12 -2.3218e-13 -4.3255e-14 -7.0881e-15 -1.0096e-15 -1.2334e-16 -1.2731e-17 -1.0918e-18 -7.6329e-20 -4.2573e-21 -1.8488e-22 -6.0795e-24 -1.4664e-25 -2.5018e-27 -2.8947e-29 -2.1640e-31 -9.8811e-34 -2.5807e-36 -3.5705e-39 -2.3905e-42 -6.9590e-46 -7.7554e-50 -2.8406e-54 -2.8449e-59 -6.2318e-65 -2.2715e-71 -9.8328e-79 -3.3208e-87 -5.1584e-97 -1.8819e-108 -6.7892e-122 -7.8364e-138 -6.4974e-157 -5.1813e-180 -2.5212e-208 -1.5723e-243 -4.9084e-288 0.0000e+00 0.0000e+00 0.0000e+00 0.0000e+00 0.0000e+00 0.0000e+00 0.0000e+00 0.0000e+00 0.0000e+00 0.0000e+00 0.0000e+00 9.6411e-05 1.3396e-04 1.5928e-04 1.7645e-04 1.8697e-04 1.9173e-04 1.9144e-04 1.8676e-04 1.7838e-04 1.6701e-04 0.0000e+00 1.3819e-04 1.2214e-04 1.0587e-04 8.9933e-05 7.4795e-05 6.0821e-05 4.8272e-05 3.7302e-05 2.7974e-05 2.0262e-05 1.4076e-05 9.2749e-06 5.6821e-06 3.1061e-06 1.3531e-06 2.3924e-07 -4.0065e-07 -7.0762e-07 -7.9618e-07 -7.5446e-07 -6.4639e-07 -5.1510e-07 -3.8707e-07 -2.7626e-07 -1.8799e-07 -1.2221e-07 -7.5937e-08 -4.5094e-08 -2.5569e-08 -1.3823e-08 -7.1118e-09 -3.4739e-09 -1.6068e-09 -7.0150e-10 -2.8806e-10 -1.1081e-10 -3.9756e-11 -1.3236e-11 -4.0669e-12 -1.1461e-12 -2.9421e-13 -6.8275e-14 -1.4201e-14 -2.6227e-15 -4.2552e-16 -5.9937e-17 -7.2327e-18 -7.3664e-19 -6.2267e-20 -4.2861e-21 -2.3514e-22 -1.0033e-23 -3.2384e-25 -7.6593e-27 -1.2799e-28 -1.4490e-30 -1.0588e-32 -4.7200e-35 -1.2022e-37 -1.6200e-40 -1.0551e-43 -2.9839e-47 -3.2261e-51 -1.1447e-55 -1.1088e-60 -2.3453e-66 -8.2395e-73 -3.4311e-80 -1.1124e-88 -1.6549e-98 -5.7676e-110 -1.9822e-123 -2.1729e-139 -1.7051e-158 -1.2818e-181 -5.8541e-210 -3.4089e-245 -9.8788e-290 0.0000e+00 0.0000e+00 0.0000e+00 0.0000e+00 0.0000e+00 0.0000e+00 0.0000e+00 0.0000e+00 0.0000e+00 0.0000e+00 0.0000e+00
-8.8361e-05 -1.2674e-04 -1.5868e-04 -1.8845e-04 -2.1749e-04 -2.4623e-04 -2.7454e-04 -3.0194e-04 -3.2771e-04 -3.5103e-04 -3.7100e-04 3.6885e-02 -3.9766e-04 -4.0303e-04 -4.0257e-04 -3.9617e-04 -3.8398e-04 -3.6644e-04 -3.4419e-04 -3.1807e-04 -2.8906e-04 -2.5823e-04 -2.2664e-04 -1.9532e-04 -1.6518e-04 -1.3699e-04 -1.1132e-04 -8.8570e-05 -6.8935e-05 -5.2432e-05 -3.8931e-05 -2.8187e-05 -1.9874e-05 -1.3627e-05 -9.0738e-06 -5.8575e-06 -3.6593e-06 -2.2082e-06 -1.2844e-06 -7.1843e-07 -3.8551e-07 -1.9791e-07 -9.6916e-08 -4.5124e-08 -1.9905e-08 -8.2863e-09 -3.2417e-09 -1.1862e-09 -4.0388e-10 -1.2724e-10 -3.6856e-11 -9.7482e-12 -2.3362e-12 -5.0300e-13 -9.6376e-14 -1.6260e-14 -2.3870e-15 -3.0092e-16 -3.2094e-17 -2.8478e-18 -2.0630e-19 -1.1942e-20 -5.3917e-22 -1.8467e-23 -4.6492e-25 -8.2966e-27 -1.0065e-28 -7.9106e-31 -3.8081e-33 -1.0519e-35 -1.5445e-38 -1.1016e-41 -3.4308e-45 -4.1097e-49 -1.6265e-53 -1.7706e-58 -4.2433e-64 -1.7049e-70 -8.2048e-78 -3.1106e-86 -5.4850e-96 -2.3011e-107 -9.6914e-121 -1.3293e-136 -1.3377e-155 -1.3278e-178 -8.2935e-207 -6.8948e-242 -3.0083e-286 0.0000e+00 0.0000e+00 0.0000e+00 0.0000e+00 0.0000e+00 0.0000e+00 0.0000e+00 0.0000e+00 0.0000e+00 0.0000e+00 0.0000e+00 8.7417e-05 1.2146e-04 1.4442e-04 1.5997e-04 1.6949e-04 1.7376e-04 1.7342e-04 1.6907e-04 1.6131e-04 1.5080e-04 1.3819e-04 0.0000e+00 1.0927e-04 9.4188e-05 7.9409e-05 6.5374e-05 5.2433e-05 4.0836e-05 3.0738e-05 2.2203e-05 1.5213e-05 9.6841e-06 5.4805e-06 2.4325e-06 3.5225e-07 -9.5162e-07 -1.6618e-06 -1.9431e-06 -1.9362e-06 -1.7550e-06 -1.4864e-06 -1.1918e-06 -9.1117e-07 -6.6685e-07 -4.6815e-07 -3.1554e-07 -2.0420e-07 -1.2682e-07 -7.5498e-08 -4.3025e-08 -2.3428e-08 -1.2162e-08 -6.0043e-09 -2.8109e-09 -1.2437e-09 -5.1825e-10 -2.0254e-10 -7.3910e-11 -2.5057e-11 -7.8480e-12 -2.2570e-12 -5.9192e-13 -1.4049e-13 -2.9923e-14 -5.6655e-15 -9.4353e-16 -1.3660e-16 -1.6965e-17 -1.7809e-18 -1.5539e-19 -1.1059e-20 -6.2833e-22 -2.7818e-23 -9.3346e-25 -2.3001e-26 -4.0136e-28 -4.7565e-30 -3.6480e-32 -1.7120e-34 -4.6048e-37 -6.5762e-40 -4.5567e-43 -1.3770e-46 -1.5983e-50 -6.1203e-55 -6.4366e-60 -1.4879e-65 -5.7560e-72 -2.6619e-79 -9.6783e-88 -1.6329e-97 -6.5384e-109 -2.6210e-122 -3.4113e-138 -3.2461e-157 -3.0352e-180 -1.7779e-208 -1.3791e-243 -5.5814e-288 0.0000e+00 0.0000e+00 0.0000e+00 0.0000e+00 0.0000e+00 0.0000e+00 0.0000e+00 0.0000e+00 0.0000e+00 0.0000e+00 0.0000e+00
-7.8917e-05 -1.1382e-04 -1.4376e-04 -1.7265e-04 -2.0186e-04 -2.3179e-04 -2.6228e-04 -2.9280e-04 -3.2257e-04 -3.5066e-04 -3.7603e-04 -3.9766e-04 4.3432e-02 -4.2606e-04 -4.3142e-04 -4.3036e-04 -4.2279e-04 -4.0894e-04 -3.8931e-04 -3.6466e-04 -3.3594e-04 -3.0424e-04 -2.7073e-04 -2.3659e-04 -2.0292e-04 -1.7070e-04 -1.4074e-04 -1.1363e-04 -8.9766e-05 -6.9316e-05 -5.2264e-05 -3.8435e-05 -2.7534e-05 -1.9188e-05 -1.2989e-05 -8.5274e-06 -5.4196e-06 -3.3283e-06 -1.9709e-06 -1.1229e-06 -6.1395e-07 -3.2130e-07 -1.6047e-07 -7.6240e-08 -3.4336e-08 -1.4602e-08 -5.8390e-09 -2.1853e-09 -7.6155e-10 -2.4573e-10 -7.2961e-11 -1.9796e-11 -4.8712e-12 -1.0778e-12 -2.1244e-13 -3.6907e-14 -5.5857e-15 -7.2681e-16 -8.0113e-17 -7.3570e-18 -5.5239e-19 -3.3197e-20 -1.5587e-21 -5.5623e-23 -1.4620e-24 -2.7299e-26 -3.4737e-28 -2.8711e-30 -1.4577e-32 -4.2600e-35 -6.6408e-38 -5.0481e-41 -1.6828e-44 -2.1678e-48 -9.2749e-53 -1.0980e-57 -2.8807e-63 -1.2767e-69 -6.8349e-77 -2.9110e-85 -5.8315e-95 -2.8158e-106 -1.3858e-119 -2.2613e-135 -2.7650e-154 -3.4210e-177 -2.7470e-205 -3.0497e-240 -1.8635e-284 0.0000e+00 0.0000e+00 0.0000e+00 0.0000e+00 0.0000e+00 0.0000e+00 0.0000e+00 0.0000e+00 0.0000e+00 0.0000e+00 0.0000e+00 7.7925e-05 1.0827e-04 1.2873e-04 1.4258e-04 1.5104e-04 1.5479e-04 1.5440e-04 1.5039e-04 1.4329e-04 1.3368e-04 1.2214e-04 1.0927e-04 0.0000e+00 8.1792e-05 6.8211e-05 5.5311e-05 4.3425e-05 3.2799e-05 2.3585e-05 1.5854e-05 9.5960e-06 4.7364e-06 1.1482e-06 -1.3313e-06 -2.8856e-06 -3.7037e-06 -3.9680e-06 -3.8444e-06 -3.4752e-06 -2.9758e-06 -2.4334e-06 -1.9092e-06 -1.4407e-06 -1.0471e-06 -7.3335e-07 -4.9480e-07 -3.2142e-07 -2.0081e-07 -1.2050e-07 -6.9325e-08 -3.8163e-08 -2.0056e-08 -1.0035e-08 -4.7665e-09 -2.1421e-09 -9.0753e-10 -3.6098e-10 -1.3419e-10 -4.6390e-11 -1.4831e-11 -4.3581e-12 -1.1690e-12 -2.8410e-13 -6.2023e-14 -1.2051e-14 -2.0619e-15 -3.0708e-16 -3.9284e-17 -4.2537e-18 -3.8342e-19 -2.8233e-20 -1.6626e-21 -7.6428e-23 -2.6681e-24 -6.8540e-26 -1.2497e-27 -1.5514e-29 -1.2497e-31 -6.1779e-34 -1.7561e-36 -2.6597e-39 -1.9621e-42 -6.3395e-46 -7.9053e-50 -3.2696e-54 -3.7359e-59 -9.4458e-65 -4.0271e-71 -2.0702e-78 -8.4486e-87 -1.6182e-96 -7.4519e-108 -3.4881e-121 -5.3969e-137 -6.2360e-156 -7.2629e-179 -5.4657e-207 -5.6583e-242 -3.2051e-286 0.0000e+00 0.0000e+00 0.0000e+00 0.0000e+00 0.0000e+00 0.0000e+00 0.0000e+00 0.0000e+00 0.0000e+00 0.0000e+00 0.0000e+00
-6.9318e-05 -1.0058e-04 -1.2823e-04 -1.5583e-04 -1.8469e-04 -2.1518e-04 -2.4715e-04 -2.8008e-04 -3.1318e-04 -3.4545e-04 -3.7579e-04 -4.0303e-04 -4.2606e-04 5.0552e-02 -4.5555e-04 -4.6057e-04 -4.5857e-04 -4.4954e-04 -4.3376e-04 -4.1182e-04 -3.8457e-04 -3.5310e-04 -3.1859e-04 -2.8234e-04 -2.4562e-04 -2.0961e-04 -1.7535e-04 -1.4368e-04 -1.1521e-04 -9.0332e-05 -6.9173e-05 -5.1678e-05 -3.7619e-05 -2.6648e-05 -1.8342e-05 -1.2248e-05 -7.9200e-06 -4.9507e-06 -2.9851e-06 -1.7324e-06 -9.6535e-07 -5.1509e-07 -2.6242e-07 -1.2724e-07 -5.8517e-08 -2.5426e-08 -1.0394e-08 -3.9797e-09 -1.4198e-09 -4.6931e-10 -1.4286e-10 -3.9772e-11 -1.0050e-11 -2.2858e-12 -4.6355e-13 -8.2950e-14 -1.2946e-14 -1.7391e-15 -1.9816e-16 -1.8838e-17 -1.4665e-18 -9.1516e-20 -4.4699e-21 -1.6625e-22 -4.5636e-24 -8.9193e-26 -1.1909e-27 -1.0354e-29 -5.5467e-32 -1.7157e-34 -2.8408e-37 -2.3026e-40 -8.2194e-44 -1.1393e-47 -5.2725e-52 -6.7916e-57 -1.9520e-62 -9.5483e-69 -5.6908e-76 -2.7250e-84 -6.2071e-94 -3.4529e-105 -1.9879e-118 -3.8632e-134 -5.7474e-153 -8.8766e-176 -9.1784e-204 -1.3634e-238 -1.1693e-282 0.0000e+00 0.0000e+00 0.0000e+00 0.0000e+00 0.0000e+00 0.0000e+00 0.0000e+00 0.0000e+00 0.0000e+00 0.0000e+00 0.0000e+00 6.8304e-05 9.4901e-05 1.1284e-04 1.2496e-04 1.3234e-04 1.3557e-04 1.3513e-04 1.3146e-04 1.2502e-04 1.1632e-04 1.0587e-04 9.4188e-05 8.1792e-05 0.0000e+00 5.6778e-05 4.4995e-05 3.4140e-05 2.4453e-05 1.6091e-05 9.1303e-06 3.5738e-06 -6.4163e-07 -3.6316e-06 -5.5503e-06 -6.5752e-06 -6.8930e-06 -6.6867e-06 -6.1246e-06 -5.3530e-06 -4.4911e-06 -3.6295e-06 -2.8308e-06 -2.1328e-06 -1.5528e-06 -1.0922e-06 -7.4160e-07 -4.8567e-07 -3.0637e-07 -1.8586e-07 -1.0823e-07 -6.0376e-08 -3.2184e-08 -1.6350e-08 -7.8921e-09 -3.6077e-09 -1.5561e-09 -6.3066e-10 -2.3910e-10 -8.4377e-11 -2.7562e-11 -8.2826e-12 -2.2744e-12 -5.6637e-13 -1.2684e-13 -2.5308e-14 -4.4521e-15 -6.8254e-16 -9.0001e-17 -1.0059e-17 -9.3721e-19 -7.1449e-20 -4.3634e-21 -2.0839e-22 -7.5730e-24 -2.0294e-25 -3.8687e-27 -5.0337e-29 -4.2615e-31 -2.2205e-33 -6.6744e-36 -1.0727e-38 -8.4306e-42 -2.9145e-45 -3.9071e-49 -1.7466e-53 -2.1699e-58 -6.0055e-64 -2.8240e-70 -1.6150e-77 -7.4055e-86 -1.6117e-95 -8.5454e-107 -4.6763e-120 -8.6122e-136 -1.2101e-154 -1.7582e-177 -1.7029e-205 -2.3574e-240 -1.8733e-284 0.0000e+00 0.0000e+00 0.0000e+00 0.0000e+00 0.0000e+00 0.0000e+00 0.0000e+00 0.0000e+00 0.0000e+00 0.0000e+00 0.0000e+00
-5.9884e-05 -8.7454e-05 -1.1261e-04 -1.3857e-04 -1.6655e-04 -1.9695e-04 -2.2965e-04 -2.6419e-04 -2.9981e-04 -3.3552e-04 -3.7019e-04 -4.0257e-04 -4.3142e-04 -4.5555e-04 5.8259e-02 -4.8555e-04 -4.8995e-04 -4.8677e-04 -4.7605e-04 -4.5813e-04 -4.3371e-04 -4.0374e-04 -3.6939e-04 -3.3201e-04 -2.9298e-04 -2.5367e-04 -2.1534e-04 -1.7909e-04 -1.4580e-04 -1.1608e-04 -9.0292e-05 -6.8535e-05 -5.0704e-05 -3.6514e-05 -2.5558e-05 -1.7361e-05 -1.1425e-05 -7.2699e-06 -4.4643e-06 -2.6397e-06 -1.4992e-06 -8.1577e-07 -4.2401e-07 -2.0987e-07 -9.8573e-08 -4.3769e-08 -1.8297e-08 -7.1677e-09 -2.6182e-09 -8.8679e-10 -2.7680e-10 -7.9087e-11 -2.0528e-11 -4.8003e-12 -1.0019e-12 -1.8470e-13 -2.9732e-14 -4.1246e-15 -4.8599e-16 -4.7841e-17 -3.8621e-18 -2.5036e-19 -1.2724e-20 -4.9342e-22 -1.4150e-23 -2.8957e-25 -4.0580e-27 -3.7135e-29 -2.0997e-31 -6.8774e-34 -1.2100e-36 -1.0463e-39 -4.0015e-43 -5.9707e-47 -2.9907e-51 -4.1945e-56 -1.3215e-61 -7.1399e-68 -4.7412e-75 -2.5546e-83 -6.6227e-93 -4.2485e-104 -2.8644e-117 -6.6383e-133 -1.2033e-151 -2.3234e-174 -3.0992e-202 -6.1720e-237 -7.4474e-281 0.0000e+00 0.0000e+00 0.0000e+00 0.0000e+00 0.0000e+00 0.0000e+00 0.0000e+00 0.0000e+00 0.0000e+00 0.0000e+00 0.0000e+00 5.8876e-05 8.1801e-05 9.7254e-05 1.0769e-04 1.1401e-04 1.1673e-04 1.1624e-04 1.1291e-04 1.0713e-04 9.9326e-05 8.9933e-05 7.9409e-05 6.8211e-05 5.6778e-05 0.0000e+00 3.4795e-05 2.4908e-05 1.6093e-05 8.5117e-06 2.2519e-06 -2.6702e-06 -6.3020e-06 -8.7450e-06 -1.0142e-05 -1.0663e-05 -1.0491e-05 -9.8102e-06 -8.7927e-06 -7.5906e-06 -6.3298e-06 -5.1070e-06 -3.9899e-06 -3.0191e-06 -2.2120e-06 -1.5684e-06 -1.0751e-06 -7.1171e-07 -4.5433e-07 -2.7920e-07 -1.6486e-07 -9.3330e-08 -5.0532e-08 -2.6097e-08 -1.2816e-08 -5.9654e-09 -2.6219e-09 -1.0838e-09 -4.1940e-10 -1.5120e-10 -5.0498e-11 -1.5531e-11 -4.3685e-12 -1.1155e-12 -2.5642e-13 -5.2572e-14 -9.5142e-15 -1.5023e-15 -2.0430e-16 -2.3581e-17 -2.2724e-18 -1.7945e-19 -1.1371e-20 -5.6454e-22 -2.1367e-23 -5.9762e-25 -1.1918e-26 -1.6262e-28 -1.4477e-30 -7.9556e-33 -2.5302e-35 -4.3180e-38 -3.6175e-41 -1.3389e-44 -1.9310e-48 -9.3362e-53 -1.2621e-57 -3.8266e-63 -1.9864e-69 -1.2649e-76 -6.5228e-85 -1.6148e-94 -9.8684e-106 -6.3210e-119 -1.3875e-134 -2.3741e-153 -4.3107e-176 -5.3834e-204 -9.9872e-239 -1.1160e-282 0.0000e+00 0.0000e+00 0.0000e+00 0.0000e+00 0.0000e+00 0.0000e+00 0.0000e+00 0.0000e+00 0.0000e+00 0.0000e+00 0.0000e+00
-5.0879e-05 -7.4821e-05 -9.7362e-05 -1.2138e-04 -1.4802e-04 -1.7769e-04 -2.1037e-04 -2.4566e-04 -2.8289e-04 -3.2115e-04 -3.5932e-04 -3.9617e-04 -4.3036e-04 -4.6057e-04 -4.8555e-04 6.6567e-02 -5.1561e-04 -5.1920e-04 -5.1466e-04 -5.0208e-04 -4.8189e-04 -4.5486e-04 -4.2205e-04 -3.8477e-04 -3.4445e-04 -3.0262e-04 -2.6072e-04 -2.2012e-04 -1.8196e-04 -1.4713e-04 -1.1626e-04 -8.9672e-05 -6.7433e-05 -4.9375e-05 -3.5151e-05 -2.4293e-05 -1.6271e-05 -1.0542e-05 -6.5941e-06 -3.9731e-06 -2.3005e-06 -1.2767e-06 -6.7715e-07 -3.4218e-07 -1.6418e-07 -7.4512e-08 -3.1856e-08 -1.2772e-08 -4.7777e-09 -1.6585e-09 -5.3096e-10 -1.5573e-10 -4.1529e-11 -9.9867e-12 -2.1456e-12 -4.0764e-13 -6.7698e-14 -9.7012e-15 -1.1823e-15 -1.2055e-16 -1.0096e-17 -6.8002e-19 -3.5976e-20 -1.4549e-21 -4.3606e-23 -9.3470e-25 -1.3755e-26 -1.3252e-28 -7.9123e-31 -2.7456e-33 -5.1357e-36 -4.7397e-39 -1.9431e-42 -3.1231e-46 -1.6941e-50 -2.5888e-55 -8.9465e-61 -5.3433e-67 -3.9566e-74 -2.4010e-82 -7.0912e-92 -5.2519e-103 -4.1517e-116 -1.1489e-131 -2.5412e-150 -6.1449e-173 -1.0594e-200 -2.8349e-235 -4.8250e-279 0.0000e+00 0.0000e+00 0.0000e+00 0.0000e+00 0.0000e+00 0.0000e+00 0.0000e+00 0.0000e+00 0.0000e+00 0.0000e+00 0.0000e+00 4.9902e-05 6.9332e-05 8.2424e-05 9.1253e-05 9.6576e-05 9.8811e-05 9.8277e-05 9.5275e-05 9.0125e-05 8.3175e-05 7.4795e-05 6.5374e-05 5.5311e-05 4.4995e-05 3.4795e-05 0.0000e+00 1.6038e-05 8.0008e-06 1.1032e-06 -4.5545e-06 -8.9385e-06 -1.2078e-05 -1.4055e-05 -1.5000e-05 -1.5071e-05 -1.4448e-05 -1.3313e-05 -1.1843e-05 -1.0198e-05 -8.5136e-06 -6.8953e-06 -5.4193e-06 -4.1324e-06 -3.0556e-06 -2.1892e-06 -1.5181e-06 -1.0176e-06 -6.5838e-07 -4.1042e-07 -2.4602e-07 -1.4150e-07 -7.7899e-08 -4.0934e-08 -2.0470e-08 -9.7091e-09 -4.3519e-09 -1.8359e-09 -7.2566e-10 -2.6742e-10 -9.1378e-11 -2.8777e-11 -8.2967e-12 -2.1735e-12 -5.1310e-13 -1.0815e-13 -2.0146e-14 -3.2781e-15 -4.5999e-16 -5.4858e-17 -5.4700e-18 -4.4769e-19 -2.9451e-20 -1.5206e-21 -5.9972e-23 -1.7516e-24 -3.6561e-26 -5.2345e-28 -4.9027e-30 -2.8431e-32 -9.5726e-35 -1.7357e-37 -1.5511e-40 -6.1503e-44 -9.5489e-48 -4.9971e-52 -7.3561e-57 -2.4452e-62 -1.4024e-68 -9.9532e-76 -5.7777e-84 -1.6288e-93 -1.1486e-104 -8.6226e-118 -2.2591e-133 -4.7147e-152 -1.0716e-174 -1.7291e-202 -4.3085e-237 -6.7886e-281 0.0000e+00 0.0000e+00 0.0000e+00 0.0000e+00 0.0000e+00 0.0000e+00 0.0000e+00 0.0000e+00 0.0000e+00 0.0000e+00 0.0000e+00
