1.0199e-04 -3.4917e-05 -4.2236e-05 -4.7927e-05 -5.2396e-05 -5.5846e-05 -5.8399e-05 -6.0141e-05 -6.1145e-05 -6.1473e-05 -6.1188e-05 -6.0351e-05 -5.9023e-05 -5.7268e-05 -5.5147e-05 -5.2724e-05 -5.0058e-05 -4.7210e-05 -4.4233e-05 -4.1181e-05 -3.8102e-05 -3.5038e-05 -3.2027e-05 -2.9102e-05 -2.6289e-05 -2.3612e-05 -2.1086e-05 -1.8724e-05 -1.6533e-05 -1.4518e-05 -1.2678e-05 -1.1010e-05 -9.5096e-06 -8.1691e-06 -6.9796e-06 -5.9313e-06 -5.0134e-06 -4.2150e-06 -3.5249e-06 -2.9322e-06 -2.4262e-06 -1.9970e-06 -1.6351e-06 -1.3318e-06 -1.0790e-06 -8.6972e-07 -6.9735e-07 -5.5623e-07 -4.4137e-07 -3.4842e-07 -2.7362e-07 -2.1377e-07 -1.6615e-07 -1.2847e-07 -9.8831e-08 -7.5636e-08 -5.7589e-08 -4.3623e-08 -3.2875e-08 -2.4648e-08 -1.8386e-08 -1.3644e-08 -1.0074e-08 -7.4003e-09 -5.4084e-09 -3.9325e-09 -2.8449e-09 -2.0476e-09 -1.4662e-09 -1.0446e-09 -7.4048e-10 -5.2222e-10 -3.6643e-10 -2.5581e-10 -1.7769e-10 -1.2279e-10 -8.4430e-11 -5.7759e-11 -3.9314e-11 -2.6624e-11 -1.7939e-11 -1.2026e-11 -8.0215e-12 -5.3234e-12 -3.5150e-12 -2.3093e-12 -1.5095e-12 -9.8172e-13 -6.3527e-13 -4.0901e-13 -2.6201e-13 -1.6700e-13 -1.0590e-13 -6.6823e-14 -4.1952e-14 -2.6205e-14 -1.6287e-14 -1.0072e-14 -6.1969e-15 -3.7937e-15 0.0000e+00 -3.4917e-05 -4.2233e-05 -4.7922e-05 -5.2388e-05 -5.5833e-05 -5.8381e-05 -6.0117e-05 -6.1114e-05 -6.1435e-05 -6.1142e-05 -6.0297e-05 -5.8961e-05 -5.7198e-05 -5.5070e-05 -5.2640e-05 -4.9968e-05 -4.7114e-05 -4.4134e-05 -4.1079e-05 -3.7997e-05 -3.4932e-05 -3.1921e-05 -2.8997e-05 -2.6187e-05 -2.3513e-05 -2.0991e-05 -1.8633e-05 -1.6447e-05 -1.4437e-05 -1.2602e-05 -1.0940e-05 -9.4454e-06 -8.1106e-06 -6.9266e-06 -5.8837e-06 -4.9709e-06 -4.1774e-06 -3.4918e-06 -2.9032e-06 -2.4011e-06 -1.9753e-06 -1.6165e-06 -1.3159e-06 -1.0656e-06 -8.5839e-07 -6.8787e-07 -5.4836e-07 -4.3486e-07 -3.4307e-07 -2.6926e-07 -2.1023e-07 -1.6329e-07 -1.2618e-07 -9.7002e-08 -7.4187e-08 -5.6446e-08 -4.2728e-08 -3.2177e-08 -2.4108e-08 -1.7969e-08 -1.3326e-08 -9.8313e-09 -7.2163e-09 -5.2698e-09 -3.8288e-09 -2.7676e-09 -1.9903e-09 -1.4241e-09 -1.0137e-09 -7.1798e-10 -5.0592e-10 -3.5468e-10 -2.4739e-10 -1.7168e-10 -1.1854e-10 -8.1431e-11 -5.5656e-11 -3.7847e-11 -2.5606e-11 -1.7237e-11 -1.1544e-11 -7.6926e-12 -5.1001e-12 -3.3643e-12 -2.2080e-12 -1.4418e-12 -9.3675e-13 -6.0553e-13 -3.8946e-13 -2.4922e-13 -1.5868e-13 -1.0052e-13 -6.3356e-14 -3.9732e-14 -2.4791e-14 -1.5391e-14 -9.5066e-15 -5.8426e-15 -3.5727e-15
-3.4917e-05 4.0794e-04 -5.9299e-05 -6.7302e-05 -7.3597e-05 -7.8467e-05 -8.2084e-05 -8.4569e-05 -8.6021e-05 -8.6530e-05 -8.6179e-05 -8.5055e-05 -8.3242e-05 -8.0827e-05 -7.7897e-05 -7.4538e-05 -7.0835e-05 -6.6869e-05 -6.2718e-05 -5.8454e-05 -5.4145e-05 -4.9850e-05 -4.5623e-05 -4.1510e-05 -3.7549e-05 -3.3773e-05 -3.0204e-05 -2.6861e-05 -2.3756e-05 -2.0894e-05 -1.8276e-05 -1.5899e-05 -1.3757e-05 -1.1839e-05 -1.0134e-05 -8.6286e-06 -7.3078e-06 -6.1564e-06 -5.1592e-06 -4.3008e-06 -3.5664e-06 -2.9420e-06 -2.4143e-06 -1.9710e-06 -1.6007e-06 -1.2933e-06 -1.0396e-06 -8.3127e-07 -6.6130e-07 -5.2339e-07 -4.1212e-07 -3.2284e-07 -2.5161e-07 -1.9509e-07 -1.5050e-07 -1.1551e-07 -8.8205e-08 -6.7012e-08 -5.0652e-08 -3.8092e-08 -2.8502e-08 -2.1218e-08 -1.5715e-08 -1.1581e-08 -8.4912e-09 -6.1943e-09 -4.4959e-09 -3.2468e-09 -2.3329e-09 -1.6678e-09 -1.1863e-09 -8.3955e-10 -5.9118e-10 -4.1419e-10 -2.8873e-10 -2.0026e-10 -1.3820e-10 -9.4896e-11 -6.4833e-11 -4.4071e-11 -2.9808e-11 -2.0060e-11 -1.3432e-11 -8.9489e-12 -5.9323e-12 -3.9128e-12 -2.5679e-12 -1.6768e-12 -1.0894e-12 -7.0429e-13 -4.5302e-13 -2.8994e-13 -1.8464e-13 -1.1699e-13 -7.3759e-14 -4.6269e-14 -2.8880e-14 -1.7936e-14 -1.1083e-14 -6.8146e-15 -3.4917e-05 0.0000e+00 -5.9286e-05 -6.7276e-05 -7.3551e-05 -7.8396e-05 -8.1983e-05 -8.4434e-05 -8.5848e-05 -8.6314e-05 -8.5919e-05 -8.4750e-05 -8.2892e-05 -8.0433e-05 -7.7462e-05 -7.4065e-05 -7.0328e-05 -6.6333e-05 -6.2158e-05 -5.7876e-05 -5.3555e-05 -4.9255e-05 -4.5029e-05 -4.0922e-05 -3.6973e-05 -3.3213e-05 -2.9665e-05 -2.6347e-05 -2.3268e-05 -2.0436e-05 -1.7849e-05 -1.5504e-05 -1.3394e-05 -1.1508e-05 -9.8345e-06 -8.3592e-06 -7.0673e-06 -5.9431e-06 -4.9713e-06 -4.1364e-06 -3.4235e-06 -2.8186e-06 -2.3084e-06 -1.8807e-06 -1.5242e-06 -1.2289e-06 -9.8561e-07 -7.8640e-07 -6.2420e-07 -4.9290e-07 -3.8721e-07 -3.0261e-07 -2.3528e-07 -1.8199e-07 -1.4004e-07 -1.0721e-07 -8.1661e-08 -6.1879e-08 -4.6650e-08 -3.4989e-08 -2.6109e-08 -1.9384e-08 -1.4317e-08 -1.0521e-08 -7.6926e-09 -5.5957e-09 -4.0497e-09 -2.9160e-09 -2.0890e-09 -1.4890e-09 -1.0559e-09 -7.4502e-10 -5.2300e-10 -3.6529e-10 -2.5384e-10 -1.7551e-10 -1.2073e-10 -8.2634e-11 -5.6273e-11 -3.8127e-11 -2.5703e-11 -1.7240e-11 -1.1505e-11 -7.6393e-12 -5.0469e-12 -3.3175e-12 -2.1697e-12 -1.4119e-12 -9.1412e-13 -5.8888e-13 -3.7745e-13 -2.4071e-13 -1.5274e-13 -9.6433e-14 -6.0577e-14 -3.7862e-14 -2.3546e-14 -1.4570e-14 -8.9700e-15 -5.4948e-15
-4.2236e-05 -5.9299e-05 9.1784e-04 -8.1465e-05 -8.9122e-05 -9.5068e-05 -9.9511e-05 -1.0260e-04 -1.0444e-04 -1.0515e-04 -1.0483e-04 -1.0357e-04 -1.0148e-04 -9.8658e-05 -9.5209e-05 -9.1234e-05 -8.6833e-05 -8.2103e-05 -7.7136e-05 -7.2020e-05 -6.6835e-05 -6.1653e-05 -5.6540e-05 -5.1552e-05 -4.6735e-05 -4.2131e-05 -3.7768e-05 -3.3670e-05 -2.9852e-05 -2.6324e-05 -2.3087e-05 -2.0140e-05 -1.7475e-05 -1.5083e-05 -1.2949e-05 -1.1059e-05 -9.3951e-06 -7.9400e-06 -6.6754e-06 -5.5832e-06 -4.6455e-06 -3.8454e-06 -3.1667e-06 -2.5944e-06 -2.1147e-06 -1.7149e-06 -1.3836e-06 -1.1106e-06 -8.8689e-07 -7.0468e-07 -5.5706e-07 -4.3813e-07 -3.4286e-07 -2.6694e-07 -2.0679e-07 -1.5938e-07 -1.2222e-07 -9.3254e-08 -7.0794e-08 -5.3473e-08 -4.0187e-08 -3.0051e-08 -2.2358e-08 -1.6551e-08 -1.2191e-08 -8.9345e-09 -6.5151e-09 -4.7270e-09 -3.4125e-09 -2.4512e-09 -1.7519e-09 -1.2458e-09 -8.8150e-10 -6.2061e-10 -4.3475e-10 -3.0302e-10 -2.1016e-10 -1.4502e-10 -9.9573e-11 -6.8027e-11 -4.6243e-11 -3.1278e-11 -2.1050e-11 -1.4096e-11 -9.3921e-12 -6.2267e-12 -4.1075e-12 -2.6960e-12 -1.7608e-12 -1.1442e-12 -7.3983e-13 -4.7598e-13 -3.0470e-13 -1.9408e-13 -1.2301e-13 -7.7569e-14 -4.8673e-14 -3.0388e-14 -1.8878e-14 -1.1669e-14 -4.2233e-05 -5.9286e-05 0.0000e+00 -8.1392e-05 -8.8997e-05 -9.4876e-05 -9.9237e-05 -1.0223e-04 -1.0397e-04 -1.0456e-04 -1.0412e-04 -1.0274e-04 -1.0052e-04 -9.7584e-05 -9.4022e-05 -8.9942e-05 -8.5448e-05 -8.0638e-05 -7.5606e-05 -7.0441e-05 -6.5224e-05 -6.0026e-05 -5.4914e-05 -4.9942e-05 -4.5157e-05 -4.0597e-05 -3.6290e-05 -3.2258e-05 -2.8514e-05 -2.5065e-05 -2.1913e-05 -1.9053e-05 -1.6476e-05 -1.4171e-05 -1.2123e-05 -1.0316e-05 -8.7312e-06 -7.3509e-06 -6.1561e-06 -5.1284e-06 -4.2498e-06 -3.5034e-06 -2.8730e-06 -2.3437e-06 -1.9021e-06 -1.5356e-06 -1.2334e-06 -9.8550e-07 -7.8339e-07 -6.1953e-07 -4.8742e-07 -3.8152e-07 -2.9710e-07 -2.3018e-07 -1.7742e-07 -1.3605e-07 -1.0380e-07 -7.8793e-08 -5.9505e-08 -4.4710e-08 -3.3424e-08 -2.4859e-08 -1.8396e-08 -1.3544e-08 -9.9214e-09 -7.2310e-09 -5.2435e-09 -3.7831e-09 -2.7157e-09 -1.9396e-09 -1.3783e-09 -9.7452e-10 -6.8556e-10 -4.7985e-10 -3.3418e-10 -2.3156e-10 -1.5965e-10 -1.0951e-10 -7.4746e-11 -5.0760e-11 -3.4298e-11 -2.3059e-11 -1.5425e-11 -1.0267e-11 -6.7990e-12 -4.4800e-12 -2.9372e-12 -1.9161e-12 -1.2437e-12 -8.0321e-13 -5.1614e-13 -3.3001e-13 -2.0995e-13 -1.3290e-13 -8.3705e-14 -5.2457e-14 -3.2710e-14 -2.0295e-14 -1.2529e-14 -7.6961e-15
-4.7927e-05 -6.7302e-05 -8.1465e-05 1.6316e-03 -1.0129e-04 -1.0813e-04 -1.1327e-04 -1.1690e-04 -1.1913e-04 -1.2009e-04 -1.1988e-04 -1.1862e-04 -1.1641e-04 -1.1337e-04 -1.0961e-04 -1.0524e-04 -1.0037e-04 -9.5115e-05 -8.9568e-05 -8.3830e-05 -7.7992e-05 -7.2135e-05 -6.6335e-05 -6.0655e-05 -5.5151e-05 -4.9869e-05 -4.4846e-05 -4.0110e-05 -3.5681e-05 -3.1571e-05 -2.7787e-05 -2.4327e-05 -2.1187e-05 -1.8355e-05 -1.5819e-05 -1.3563e-05 -1.1569e-05 -9.8170e-06 -8.2877e-06 -6.9608e-06 -5.8166e-06 -4.8357e-06 -3.9998e-06 -3.2916e-06 -2.6951e-06 -2.1955e-06 -1.7795e-06 -1.4351e-06 -1.1515e-06 -9.1925e-07 -7.3018e-07 -5.7708e-07 -4.5380e-07 -3.5506e-07 -2.7641e-07 -2.1411e-07 -1.6502e-07 -1.2655e-07 -9.6557e-08 -7.3307e-08 -5.5377e-08 -4.1623e-08 -3.1129e-08 -2.3164e-08 -1.7151e-08 -1.2636e-08 -9.2626e-09 -6.7560e-09 -4.9031e-09 -3.5406e-09 -2.5440e-09 -1.8188e-09 -1.2938e-09 -9.1576e-10 -6.4495e-10 -4.5196e-10 -3.1513e-10 -2.1863e-10 -1.5093e-10 -1.0367e-10 -7.0852e-11 -4.8182e-11 -3.2602e-11 -2.1950e-11 -1.4704e-11 -9.8012e-12 -6.5004e-12 -4.2898e-12 -2.8168e-12 -1.8403e-12 -1.1964e-12 -7.7387e-13 -4.9807e-13 -3.1896e-13 -2.0324e-13 -1.2886e-13 -8.1291e-14 -5.1026e-14 -3.1869e-14 -1.9805e-14 -4.7922e-05 -6.7276e-05 -8.1392e-05 0.0000e+00 -1.0104e-04 -1.0774e-04 -1.1272e-04 -1.1616e-04 -1.1818e-04 -1.1890e-04 -1.1845e-04 -1.1694e-04 -1.1448e-04 -1.1120e-04 -1.0721e-04 -1.0263e-04 -9.7568e-05 -9.2145e-05 -8.6465e-05 -8.0626e-05 -7.4720e-05 -6.8831e-05 -6.3030e-05 -5.7381e-05 -5.1938e-05 -4.6744e-05 -4.1832e-05 -3.7228e-05 -3.2948e-05 -2.9000e-05 -2.5386e-05 -2.2102e-05 -1.9139e-05 -1.6485e-05 -1.4123e-05 -1.2036e-05 -1.0203e-05 -8.6035e-06 -7.2168e-06 -6.0220e-06 -4.9989e-06 -4.1280e-06 -3.3912e-06 -2.7715e-06 -2.2534e-06 -1.8227e-06 -1.4668e-06 -1.1743e-06 -9.3536e-07 -7.4121e-07 -5.8437e-07 -4.5837e-07 -3.5771e-07 -2.7774e-07 -2.1455e-07 -1.6490e-07 -1.2610e-07 -9.5941e-08 -7.2626e-08 -5.4699e-08 -4.0990e-08 -3.0562e-08 -2.2672e-08 -1.6734e-08 -1.2290e-08 -8.9803e-09 -6.5290e-09 -4.7230e-09 -3.3995e-09 -2.4346e-09 -1.7348e-09 -1.2300e-09 -8.6769e-10 -6.0905e-10 -4.2537e-10 -2.9560e-10 -2.0439e-10 -1.4062e-10 -9.6263e-11 -6.5569e-11 -4.4439e-11 -2.9968e-11 -2.0108e-11 -1.3425e-11 -8.9187e-12 -5.8954e-12 -3.8775e-12 -2.5376e-12 -1.6524e-12 -1.0707e-12 -6.9027e-13 -4.4281e-13 -2.8265e-13 -1.7952e-13 -1.1345e-13 -7.1341e-14 -4.4638e-14 -2.7791e-14 -1.7216e-14 -1.0612e-14
-5.2396e-05 -7.3597e-05 -8.9122e-05 -1.0129e-04 2.5492e-03 -1.1856e-04 -1.2434e-04 -1.2848e-04 -1.3112e-04 -1.3238e-04 -1.3238e-04 -1.3123e-04 -1.2905e-04 -1.2595e-04 -1.2206e-04 -1.1748e-04 -1.1234e-04 -1.0675e-04 -1.0081e-04 -9.4639e-05 -8.8325e-05 -8.1959e-05 -7.5624e-05 -6.9391e-05 -6.3322e-05 -5.7470e-05 -5.1879e-05 -4.6583e-05 -4.1606e-05 -3.6965e-05 -3.2671e-05 -2.8726e-05 -2.5127e-05 -2.1865e-05 -1.8930e-05 -1.6304e-05 -1.3972e-05 -1.1912e-05 -1.0104e-05 -8.5275e-06 -7.1606e-06 -5.9824e-06 -4.9729e-06 -4.1130e-06 -3.3846e-06 -2.7713e-06 -2.2578e-06 -1.8301e-06 -1.4761e-06 -1.1846e-06 -9.4588e-07 -7.5150e-07 -5.9408e-07 -4.6729e-07 -3.6573e-07 -2.8480e-07 -2.2068e-07 -1.7014e-07 -1.3052e-07 -9.9626e-08 -7.5664e-08 -5.7179e-08 -4.2994e-08 -3.2167e-08 -2.3946e-08 -1.7737e-08 -1.3073e-08 -9.5866e-09 -6.9951e-09 -5.0787e-09 -3.6688e-09 -2.6371e-09 -1.8861e-09 -1.3422e-09 -9.5038e-10 -6.6958e-10 -4.6938e-10 -3.2740e-10 -2.2723e-10 -1.5691e-10 -1.0782e-10 -7.3710e-11 -5.0142e-11 -3.3939e-11 -2.2857e-11 -1.5316e-11 -1.0212e-11 -6.7749e-12 -4.4721e-12 -2.9373e-12 -1.9195e-12 -1.2482e-12 -8.0756e-13 -5.1987e-13 -3.3299e-13 -2.1223e-13 -1.3458e-13 -8.4918e-14 -5.3313e-14 -3.3303e-14 -5.2388e-05 -7.3551e-05 -8.8997e-05 -1.0104e-04 0.0000e+00 -1.1789e-04 -1.2339e-04 -1.2721e-04 -1.2948e-04 -1.3035e-04 -1.2993e-04 -1.2835e-04 -1.2574e-04 -1.2223e-04 -1.1794e-04 -1.1299e-04 -1.0752e-04 -1.0165e-04 -9.5477e-05 -8.9126e-05 -8.2691e-05 -7.6263e-05 -6.9923e-05 -6.3739e-05 -5.7770e-05 -5.2065e-05 -4.6662e-05 -4.1589e-05 -3.6864e-05 -3.2499e-05 -2.8496e-05 -2.4852e-05 -2.1558e-05 -1.8602e-05 -1.5966e-05 -1.3632e-05 -1.1579e-05 -9.7831e-06 -8.2230e-06 -6.8760e-06 -5.7199e-06 -4.7337e-06 -3.8975e-06 -3.1925e-06 -2.6017e-06 -2.1094e-06 -1.7016e-06 -1.3656e-06 -1.0904e-06 -8.6627e-07 -6.8472e-07 -5.3849e-07 -4.2135e-07 -3.2803e-07 -2.5409e-07 -1.9583e-07 -1.5017e-07 -1.1458e-07 -8.6987e-08 -6.5707e-08 -4.9384e-08 -3.6931e-08 -2.7480e-08 -2.0345e-08 -1.4988e-08 -1.0986e-08 -8.0125e-09 -5.8147e-09 -4.1988e-09 -3.0168e-09 -2.1568e-09 -1.5342e-09 -1.0860e-09 -7.6484e-10 -5.3600e-10 -3.7376e-10 -2.5933e-10 -1.7905e-10 -1.2300e-10 -8.4079e-11 -5.7188e-11 -3.8705e-11 -2.6065e-11 -1.7466e-11 -1.1646e-11 -7.7267e-12 -5.1010e-12 -3.3508e-12 -2.1903e-12 -1.4246e-12 -9.2194e-13 -5.9370e-13 -3.8043e-13 -2.4257e-13 -1.5390e-13 -9.7155e-14 -6.1030e-14 -3.8148e-14 -2.3727e-14 -1.4684e-14
-5.5846e-05 -7.8467e-05 -9.5068e-05 -1.0813e-04 -1.1856e-04 3.6706e-03 -1.3317e-04 -1.3782e-04 -1.4089e-04 -1.4251e-04 -1.4281e-04 -1.4189e-04 -1.3988e-04 -1.3688e-04 -1.3302e-04 -1.2841e-04 -1.2317e-04 -1.1742e-04 -1.1126e-04 -1.0482e-04 -9.8187e-05 -9.1457e-05 -8.4719e-05 -7.8051e-05 -7.1520e-05 -6.5188e-05 -5.9102e-05 -5.3305e-05 -4.7826e-05 -4.2688e-05 -3.7907e-05 -3.3489e-05 -2.9435e-05 -2.5740e-05 -2.2395e-05 -1.9386e-05 -1.6696e-05 -1.4308e-05 -1.2199e-05 -1.0349e-05 -8.7355e-06 -7.3366e-06 -6.1309e-06 -5.0976e-06 -4.2173e-06 -3.4716e-06 -2.8434e-06 -2.3173e-06 -1.8791e-06 -1.5161e-06 -1.2172e-06 -9.7228e-07 -7.7278e-07 -6.1115e-07 -4.8090e-07 -3.7653e-07 -2.9333e-07 -2.2738e-07 -1.7537e-07 -1.3458e-07 -1.0277e-07 -7.8080e-08 -5.9026e-08 -4.4399e-08 -3.3229e-08 -2.4745e-08 -1.8335e-08 -1.3518e-08 -9.9161e-09 -7.2377e-09 -5.2563e-09 -3.7982e-09 -2.7308e-09 -1.9536e-09 -1.3906e-09 -9.8487e-10 -6.9403e-10 -4.8663e-10 -3.3950e-10 -2.3566e-10 -1.6277e-10 -1.1186e-10 -7.6486e-11 -5.2037e-11 -3.5226e-11 -2.3727e-11 -1.5901e-11 -1.0603e-11 -7.0351e-12 -4.6443e-12 -3.0506e-12 -1.9937e-12 -1.2965e-12 -8.3886e-13 -5.4005e-13 -3.4593e-13 -2.2048e-13 -1.3982e-13 -8.8222e-14 -5.5388e-14 -5.5833e-05 -7.8396e-05 -9.4876e-05 -1.0774e-04 -1.1789e-04 0.0000e+00 -1.3173e-04 -1.3587e-04 -1.3837e-04 -1.3939e-04 -1.3904e-04 -1.3746e-04 -1.3479e-04 -1.3114e-04 -1.2666e-04 -1.2148e-04 -1.1572e-04 -1.0953e-04 -1.0301e-04 -9.6283e-05 -8.9454e-05 -8.2619e-05 -7.5864e-05 -6.9262e-05 -6.2878e-05 -5.6765e-05 -5.0963e-05 -4.5504e-05 -4.0410e-05 -3.5693e-05 -3.1358e-05 -2.7404e-05 -2.3822e-05 -2.0600e-05 -1.7720e-05 -1.5164e-05 -1.2910e-05 -1.0933e-05 -9.2122e-06 -7.7222e-06 -6.4401e-06 -5.3435e-06 -4.4111e-06 -3.6229e-06 -2.9605e-06 -2.4070e-06 -1.9471e-06 -1.5671e-06 -1.2550e-06 -9.9995e-07 -7.9275e-07 -6.2535e-07 -4.9082e-07 -3.8331e-07 -2.9786e-07 -2.3030e-07 -1.7718e-07 -1.3563e-07 -1.0331e-07 -7.8298e-08 -5.9048e-08 -4.4309e-08 -3.3085e-08 -2.4581e-08 -1.8172e-08 -1.3368e-08 -9.7848e-09 -7.1267e-09 -5.1650e-09 -3.7248e-09 -2.6728e-09 -1.9085e-09 -1.3560e-09 -9.5868e-10 -6.7442e-10 -4.7211e-10 -3.2885e-10 -2.2793e-10 -1.5720e-10 -1.0788e-10 -7.3673e-11 -5.0062e-11 -3.3850e-11 -2.2775e-11 -1.5248e-11 -1.0158e-11 -6.7337e-12 -4.4417e-12 -2.9154e-12 -1.9041e-12 -1.2375e-12 -8.0029e-13 -5.1499e-13 -3.2976e-13 -2.1011e-13 -1.3321e-13 -8.4042e-14 -5.2759e-14 -3.2957e-14 -2.0485e-14
-5.8399e-05 -8.2084e-05 -9.9511e-05 -1.1327e-04 -1.2434e-04 -1.3317e-04 4.9955e-03 -1.4521e-04 -1.4874e-04 -1.5079e-04 -1.5147e-04 -1.5090e-04 -1.4917e-04 -1.4642e-04 -1.4274e-04 -1.3826e-04 -1.3309e-04 -1.2734e-04 -1.2113e-04 -1.1457e-04 -1.0777e-04 -1.0081e-04 -9.3788e-05 -8.6793e-05 -7.9896e-05 -7.3162e-05 -6.6649e-05 -6.0402e-05 -5.4461e-05 -4.8853e-05 -4.3600e-05 -3.8715e-05 -3.4204e-05 -3.0066e-05 -2.6296e-05 -2.2883e-05 -1.9813e-05 -1.7069e-05 -1.4631e-05 -1.2479e-05 -1.0590e-05 -8.9423e-06 -7.5130e-06 -6.2807e-06 -5.2243e-06 -4.3238e-06 -3.5606e-06 -2.9175e-06 -2.3786e-06 -1.9296e-06 -1.5574e-06 -1.2508e-06 -9.9951e-07 -7.9471e-07 -6.2871e-07 -4.9489e-07 -3.8760e-07 -3.0206e-07 -2.3421e-07 -1.8069e-07 -1.3871e-07 -1.0594e-07 -8.0511e-08 -6.0878e-08 -4.5802e-08 -3.4287e-08 -2.5538e-08 -1.8926e-08 -1.3955e-08 -1.0239e-08 -7.4742e-09 -5.4287e-09 -3.9233e-09 -2.8211e-09 -2.0183e-09 -1.4368e-09 -1.0177e-09 -7.1718e-10 -5.0289e-10 -3.5085e-10 -2.4356e-10 -1.6822e-10 -1.1561e-10 -7.9051e-11 -5.3782e-11 -3.6407e-11 -2.4522e-11 -1.6433e-11 -1.0958e-11 -7.2700e-12 -4.7991e-12 -3.1521e-12 -2.0600e-12 -1.3395e-12 -8.6662e-13 -5.5788e-13 -3.5732e-13 -2.2772e-13 -1.4440e-13 -9.1105e-14 -5.8381e-05 -8.1983e-05 -9.9237e-05 -1.1272e-04 -1.2339e-04 -1.3173e-04 0.0000e+00 -1.4243e-04 -1.4516e-04 -1.4633e-04 -1.4609e-04 -1.4457e-04 -1.4189e-04 -1.3820e-04 -1.3364e-04 -1.2833e-04 -1.2241e-04 -1.1602e-04 -1.0927e-04 -1.0229e-04 -9.5190e-05 -8.8065e-05 -8.1005e-05 -7.4091e-05 -6.7390e-05 -6.0957e-05 -5.4838e-05 -4.9066e-05 -4.3668e-05 -3.8656e-05 -3.4040e-05 -2.9818e-05 -2.5983e-05 -2.2524e-05 -1.9425e-05 -1.6666e-05 -1.4226e-05 -1.2081e-05 -1.0207e-05 -8.5807e-06 -7.1767e-06 -5.9721e-06 -4.9448e-06 -4.0736e-06 -3.3391e-06 -2.7233e-06 -2.2100e-06 -1.7845e-06 -1.4337e-06 -1.1462e-06 -9.1176e-07 -7.2167e-07 -5.6839e-07 -4.4544e-07 -3.4736e-07 -2.6954e-07 -2.0811e-07 -1.5989e-07 -1.2224e-07 -9.2992e-08 -7.0393e-08 -5.3023e-08 -3.9742e-08 -2.9641e-08 -2.1998e-08 -1.6246e-08 -1.1939e-08 -8.7300e-09 -6.3524e-09 -4.5995e-09 -3.3140e-09 -2.3760e-09 -1.6951e-09 -1.2034e-09 -8.5008e-10 -5.9756e-10 -4.1798e-10 -2.9094e-10 -2.0151e-10 -1.3888e-10 -9.5248e-11 -6.5002e-11 -4.4142e-11 -2.9829e-11 -2.0058e-11 -1.3421e-11 -8.9358e-12 -5.9203e-12 -3.9032e-12 -2.5606e-12 -1.6716e-12 -1.0858e-12 -7.0188e-13 -4.5145e-13 -2.8895e-13 -1.8403e-13 -1.1663e-13 -7.3549e-14 -4.6154e-14 -2.8820e-14
-6.0141e-05 -8.4569e-05 -1.0260e-04 -1.1690e-04 -1.2848e-04 -1.3782e-04 -1.4521e-04 6.5240e-03 -1.5487e-04 -1.5740e-04 -1.5855e-04 -1.5841e-04 -1.5710e-04 -1.5472e-04 -1.5137e-04 -1.4717e-04 -1.4222e-04 -1.3664e-04 -1.3053e-04 -1.2400e-04 -1.1716e-04 -1.1010e-04 -1.0292e-04 -9.5699e-05 -8.8526e-05 -8.1470e-05 -7.4592e-05 -6.7947e-05 -6.1581e-05 -5.5529e-05 -4.9819e-05 -4.4472e-05 -3.9499e-05 -3.4907e-05 -3.0693e-05 -2.6854e-05 -2.3377e-05 -2.0248e-05 -1.7451e-05 -1.4965e-05 -1.2768e-05 -1.0840e-05 -9.1567e-06 -7.6962e-06 -6.4362e-06 -5.3556e-06 -4.4340e-06 -3.6527e-06 -2.9939e-06 -2.4417e-06 -1.9813e-06 -1.5996e-06 -1.2850e-06 -1.0271e-06 -8.1686e-07 -6.4637e-07 -5.0890e-07 -3.9865e-07 -3.1072e-07 -2.4096e-07 -1.8593e-07 -1.4275e-07 -1.0904e-07 -8.2873e-08 -6.2670e-08 -4.7154e-08 -3.5300e-08 -2.6294e-08 -1.9487e-08 -1.4370e-08 -1.0543e-08 -7.6962e-09 -5.5900e-09 -4.0397e-09 -2.9047e-09 -2.0781e-09 -1.4793e-09 -1.0477e-09 -7.3832e-10 -5.1768e-10 -3.6115e-10 -2.5068e-10 -1.7313e-10 -1.1897e-10 -8.1343e-11 -5.5336e-11 -3.7456e-11 -2.5225e-11 -1.6903e-11 -1.1270e-11 -7.4761e-12 -4.9346e-12 -3.2407e-12 -2.1176e-12 -1.3768e-12 -8.9063e-13 -5.7326e-13 -3.6713e-13 -2.3394e-13 -1.4832e-13 -6.0117e-05 -8.4434e-05 -1.0223e-04 -1.1616e-04 -1.2721e-04 -1.3587e-04 -1.4243e-04 0.0000e+00 -1.5003e-04 -1.5138e-04 -1.5128e-04 -1.4986e-04 -1.4726e-04 -1.4361e-04 -1.3904e-04 -1.3371e-04 -1.2773e-04 -1.2126e-04 -1.1440e-04 -1.0728e-04 -1.0001e-04 -9.2703e-05 -8.5442e-05 -7.8311e-05 -7.1381e-05 -6.4711e-05 -5.8349e-05 -5.2332e-05 -4.6688e-05 -4.1434e-05 -3.6580e-05 -3.2128e-05 -2.8072e-05 -2.4403e-05 -2.1105e-05 -1.8160e-05 -1.5547e-05 -1.3243e-05 -1.1224e-05 -9.4649e-06 -7.9415e-06 -6.6302e-06 -5.5077e-06 -4.5526e-06 -3.7444e-06 -3.0645e-06 -2.4956e-06 -2.0222e-06 -1.6306e-06 -1.3083e-06 -1.0446e-06 -8.2987e-07 -6.5607e-07 -5.1611e-07 -4.0402e-07 -3.1471e-07 -2.4395e-07 -1.8816e-07 -1.4443e-07 -1.1031e-07 -8.3840e-08 -6.3409e-08 -4.7722e-08 -3.5740e-08 -2.6635e-08 -1.9753e-08 -1.4577e-08 -1.0704e-08 -7.8222e-09 -5.6881e-09 -4.1159e-09 -2.9637e-09 -2.1236e-09 -1.5142e-09 -1.0743e-09 -7.5853e-10 -5.3293e-10 -3.7259e-10 -2.5922e-10 -1.7946e-10 -1.2363e-10 -8.4752e-11 -5.7814e-11 -3.9245e-11 -2.6510e-11 -1.7819e-11 -1.1919e-11 -7.9329e-12 -5.2541e-12 -3.4628e-12 -2.2710e-12 -1.4821e-12 -9.6245e-13 -6.2194e-13 -3.9993e-13 -2.5590e-13 -1.6294e-13 -1.0324e-13 -6.5089e-14 -4.0835e-14
-6.1145e-05 -8.6021e-05 -1.0444e-04 -1.1913e-04 -1.3112e-04 -1.4089e-04 -1.4874e-04 -1.5487e-04 8.2558e-03 -1.6247e-04 -1.6415e-04 -1.6455e-04 -1.6376e-04 -1.6188e-04 -1.5900e-04 -1.5522e-04 -1.5064e-04 -1.4537e-04 -1.3950e-04 -1.3314e-04 -1.2640e-04 -1.1936e-04 -1.1213e-04 -1.0480e-04 -9.7441e-05 -9.0140e-05 -8.2964e-05 -7.5973e-05 -6.9221e-05 -6.2753e-05 -5.6603e-05 -5.0801e-05 -4.5364e-05 -4.0307e-05 -3.5634e-05 -3.1346e-05 -2.7435e-05 -2.3892e-05 -2.0703e-05 -1.7849e-05 -1.5311e-05 -1.3069e-05 -1.1099e-05 -9.3781e-06 -7.8846e-06 -6.5956e-06 -5.4896e-06 -4.5461e-06 -3.7458e-06 -3.0709e-06 -2.5049e-06 -2.0329e-06 -1.6416e-06 -1.3189e-06 -1.0543e-06 -8.3858e-07 -6.6361e-07 -5.2251e-07 -4.0934e-07 -3.1906e-07 -2.4744e-07 -1.9093e-07 -1.4658e-07 -1.1197e-07 -8.5099e-08 -6.4351e-08 -4.8416e-08 -3.6244e-08 -2.6995e-08 -2.0005e-08 -1.4751e-08 -1.0822e-08 -7.8990e-09 -5.7367e-09 -4.1454e-09 -2.9804e-09 -2.1320e-09 -1.5175e-09 -1.0746e-09 -7.5719e-10 -5.3084e-10 -3.7028e-10 -2.5699e-10 -1.7746e-10 -1.2193e-10 -8.3355e-11 -5.6697e-11 -3.8371e-11 -2.5838e-11 -1.7311e-11 -1.1540e-11 -7.6543e-12 -5.0514e-12 -3.3170e-12 -2.1671e-12 -1.4088e-12 -9.1118e-13 -5.8640e-13 -3.7549e-13 -2.3923e-13 -6.1114e-05 -8.5848e-05 -1.0397e-04 -1.1818e-04 -1.2948e-04 -1.3837e-04 -1.4516e-04 -1.5003e-04 0.0000e+00 -1.5470e-04 -1.5477e-04 -1.5350e-04 -1.5102e-04 -1.4748e-04 -1.4301e-04 -1.3774e-04 -1.3181e-04 -1.2535e-04 -1.1848e-04 -1.1132e-04 -1.0400e-04 -9.6604e-05 -8.9235e-05 -8.1977e-05 -7.4901e-05 -6.8070e-05 -6.1534e-05 -5.5334e-05 -4.9499e-05 -4.4051e-05 -3.9002e-05 -3.4355e-05 -3.0108e-05 -2.6252e-05 -2.2776e-05 -1.9660e-05 -1.6886e-05 -1.4431e-05 -1.2272e-05 -1.0384e-05 -8.7431e-06 -7.3251e-06 -6.1069e-06 -5.0662e-06 -4.1822e-06 -3.4355e-06 -2.8083e-06 -2.2843e-06 -1.8490e-06 -1.4894e-06 -1.1938e-06 -9.5220e-07 -7.5580e-07 -5.9697e-07 -4.6923e-07 -3.6701e-07 -2.8567e-07 -2.2127e-07 -1.7055e-07 -1.3081e-07 -9.9848e-08 -7.5841e-08 -5.7325e-08 -4.3118e-08 -3.2274e-08 -2.4039e-08 -1.7818e-08 -1.3143e-08 -9.6468e-09 -7.0462e-09 -5.1216e-09 -3.7045e-09 -2.6664e-09 -1.9098e-09 -1.3612e-09 -9.6548e-10 -6.8145e-10 -4.7862e-10 -3.3452e-10 -2.3266e-10 -1.6102e-10 -1.1090e-10 -7.6005e-11 -5.1835e-11 -3.5178e-11 -2.3756e-11 -1.5965e-11 -1.0676e-11 -7.1043e-12 -4.7043e-12 -3.0999e-12 -2.0326e-12 -1.3262e-12 -8.6112e-13 -5.5637e-13 -3.5770e-13 -2.2885e-13 -1.4569e-13 -9.2296e-14 -5.8182e-14
-6.1473e-05 -8.6530e-05 -1.0515e-04 -1.2009e-04 -1.3238e-04 -1.4251e-04 -1.5079e-04 -1.5740e-04 -1.6247e-04 1.0191e-02 -1.6838e-04 -1.6940e-04 -1.6923e-04 -1.6796e-04 -1.6567e-04 -1.6244e-04 -1.5836e-04 -1.5354e-04 -1.4805e-04 -1.4200e-04 -1.3548e-04 -1.2859e-04 -1.2143e-04 -1.1408e-04 -1.0663e-04 -9.9168e-05 -9.1762e-05 -8.4483e-05 -7.7391e-05 -7.0539e-05 -6.3971e-05 -5.7725e-05 -5.1827e-05 -4.6299e-05 -4.1153e-05 -3.6395e-05 -3.2026e-05 -2.8040e-05 -2.4427e-05 -2.1172e-05 -1.8259e-05 -1.5667e-05 -1.3375e-05 -1.1361e-05 -9.6020e-06 -8.0742e-06 -6.7552e-06 -5.6232e-06 -4.6572e-06 -3.8377e-06 -3.1465e-06 -2.5667e-06 -2.0832e-06 -1.6822e-06 -1.3516e-06 -1.0804e-06 -8.5932e-07 -6.8001e-07 -5.3540e-07 -4.1941e-07 -3.2689e-07 -2.5349e-07 -1.9559e-07 -1.5014e-07 -1.1468e-07 -8.7149e-08 -6.5894e-08 -4.9572e-08 -3.7104e-08 -2.7633e-08 -2.0475e-08 -1.5095e-08 -1.1073e-08 -8.0811e-09 -5.8681e-09 -4.2397e-09 -3.0477e-09 -2.1799e-09 -1.5513e-09 -1.0984e-09 -7.7383e-10 -5.4242e-10 -3.7830e-10 -2.6251e-10 -1.8125e-10 -1.2451e-10 -8.5106e-11 -5.7879e-11 -3.9165e-11 -2.6368e-11 -1.7664e-11 -1.1773e-11 -7.8077e-12 -5.1519e-12 -3.3824e-12 -2.2095e-12 -1.4361e-12 -9.2874e-13 -5.9761e-13 -3.8261e-13 -6.1435e-05 -8.6314e-05 -1.0456e-04 -1.1890e-04 -1.3035e-04 -1.3939e-04 -1.4633e-04 -1.5138e-04 -1.5470e-04 0.0000e+00 -1.5668e-04 -1.5560e-04 -1.5332e-04 -1.4995e-04 -1.4565e-04 -1.4053e-04 -1.3473e-04 -1.2837e-04 -1.2159e-04 -1.1450e-04 -1.0720e-04 -9.9814e-05 -9.2426e-05 -8.5123e-05 -7.7979e-05 -7.1059e-05 -6.4415e-05 -5.8091e-05 -5.2119e-05 -4.6523e-05 -4.1318e-05 -3.6510e-05 -3.2100e-05 -2.8082e-05 -2.4445e-05 -2.1174e-05 -1.8250e-05 -1.5652e-05 -1.3358e-05 -1.1345e-05 -9.5874e-06 -8.0627e-06 -6.7475e-06 -5.6192e-06 -4.6569e-06 -3.8406e-06 -3.1519e-06 -2.5742e-06 -2.0922e-06 -1.6921e-06 -1.3620e-06 -1.0909e-06 -8.6952e-07 -6.8971e-07 -5.4444e-07 -4.2768e-07 -3.3433e-07 -2.6009e-07 -2.0135e-07 -1.5512e-07 -1.1893e-07 -9.0734e-08 -6.8889e-08 -5.2049e-08 -3.9135e-08 -2.9282e-08 -2.1803e-08 -1.6155e-08 -1.1913e-08 -8.7412e-09 -6.3829e-09 -4.6382e-09 -3.3539e-09 -2.4135e-09 -1.7283e-09 -1.2316e-09 -8.7332e-10 -6.1627e-10 -4.3276e-10 -3.0241e-10 -2.1029e-10 -1.4552e-10 -1.0020e-10 -6.8664e-11 -4.6821e-11 -3.1771e-11 -2.1453e-11 -1.4415e-11 -9.6382e-12 -6.4130e-12 -4.2461e-12 -2.7976e-12 -1.8342e-12 -1.1967e-12 -7.7691e-13 -5.0192e-13 -3.2267e-13 -2.0642e-13 -1.3140e-13 -8.3235e-14
-6.1188e-05 -8.6179e-05 -1.0483e-04 -1.1988e-04 -1.3238e-04 -1.4281e-04 -1.5147e-04 -1.5855e-04 -1.6415e-04 -1.6838e-04 1.2329e-02 -1.7301e-04 -1.7355e-04 -1.7299e-04 -1.7139e-04 -1.6883e-04 -1.6538e-04 -1.6112e-04 -1.5614e-04 -1.5053e-04 -1.4436e-04 -1.3774e-04 -1.3076e-04 -1.2350e-04 -1.1606e-04 -1.0852e-04 -1.0096e-04 -9.3455e-05 -8.6074e-05 -7.8879e-05 -7.1922e-05 -6.5250e-05 -5.8899e-05 -5.2899e-05 -4.7272e-05 -4.2030e-05 -3.7181e-05 -3.2726e-05 -2.8659e-05 -2.4971e-05 -2.1648e-05 -1.8672e-05 -1.6023e-05 -1.3681e-05 -1.1622e-05 -9.8231e-06 -8.2605e-06 -6.9113e-06 -5.7532e-06 -4.7649e-06 -3.9264e-06 -3.2190e-06 -2.6258e-06 -2.1310e-06 -1.7207e-06 -1.3824e-06 -1.1050e-06 -8.7874e-07 -6.9530e-07 -5.4737e-07 -4.2873e-07 -3.3412e-07 -2.5906e-07 -1.9985e-07 -1.5340e-07 -1.1715e-07 -8.9011e-08 -6.7291e-08 -5.0615e-08 -3.7879e-08 -2.8205e-08 -2.0896e-08 -1.5403e-08 -1.1296e-08 -8.2430e-09 -5.9847e-09 -4.3232e-09 -3.1073e-09 -2.2221e-09 -1.5811e-09 -1.1193e-09 -7.8842e-10 -5.5256e-10 -3.8531e-10 -2.6733e-10 -1.8455e-10 -1.2676e-10 -8.6627e-11 -5.8904e-11 -3.9852e-11 -2.6827e-11 -1.7968e-11 -1.1974e-11 -7.9400e-12 -5.2384e-12 -3.4387e-12 -2.2460e-12 -1.4596e-12 -9.4379e-13 -6.0721e-13 -6.1142e-05 -8.5919e-05 -1.0412e-04 -1.1845e-04 -1.2993e-04 -1.3904e-04 -1.4609e-04 -1.5128e-04 -1.5477e-04 -1.5668e-04 0.0000e+00 -1.5629e-04 -1.5424e-04 -1.5112e-04 -1.4705e-04 -1.4215e-04 -1.3656e-04 -1.3040e-04 -1.2379e-04 -1.1684e-04 -1.0967e-04 -1.0237e-04 -9.5044e-05 -8.7775e-05 -8.0636e-05 -7.3695e-05 -6.7006e-05 -6.0614e-05 -5.4555e-05 -4.8855e-05 -4.3533e-05 -3.8598e-05 -3.4053e-05 -2.9896e-05 -2.6118e-05 -2.2705e-05 -1.9642e-05 -1.6910e-05 -1.4487e-05 -1.2351e-05 -1.0478e-05 -8.8471e-06 -7.4336e-06 -6.2158e-06 -5.1724e-06 -4.2833e-06 -3.5300e-06 -2.8951e-06 -2.3630e-06 -1.9194e-06 -1.5515e-06 -1.2481e-06 -9.9920e-07 -7.9607e-07 -6.3117e-07 -4.9802e-07 -3.9106e-07 -3.0559e-07 -2.3764e-07 -1.8391e-07 -1.4164e-07 -1.0856e-07 -8.2803e-08 -6.2851e-08 -4.7475e-08 -3.5687e-08 -2.6696e-08 -1.9874e-08 -1.4723e-08 -1.0854e-08 -7.9632e-09 -5.8138e-09 -4.2240e-09 -3.0540e-09 -2.1973e-09 -1.5733e-09 -1.1210e-09 -7.9480e-10 -5.6080e-10 -3.9376e-10 -2.7513e-10 -1.9130e-10 -1.3237e-10 -9.1139e-11 -6.2447e-11 -4.2579e-11 -2.8890e-11 -1.9506e-11 -1.3106e-11 -8.7626e-12 -5.8300e-12 -3.8599e-12 -2.5430e-12 -1.6672e-12 -1.0877e-12 -7.0611e-13 -4.5615e-13 -2.9324e-13 -1.8758e-13 -1.1940e-13
-6.0351e-05 -8.5055e-05 -1.0357e-04 -1.1862e-04 -1.3123e-04 -1.4189e-04 -1.5090e-04 -1.5841e-04 -1.6455e-04 -1.6940e-04 -1.7301e-04 1.4670e-02 -1.7676e-04 -1.7698e-04 -1.7617e-04 -1.7438e-04 -1.7166e-04 -1.6810e-04 -1.6374e-04 -1.5868e-04 -1.5299e-04 -1.4676e-04 -1.4007e-04 -1.3301e-04 -1.2567e-04 -1.1814e-04 -1.1051e-04 -1.0285e-04 -9.5236e-05 -8.7745e-05 -8.0437e-05 -7.3366e-05 -6.6578e-05 -6.0114e-05 -5.4003e-05 -4.8268e-05 -4.2924e-05 -3.7978e-05 -3.3431e-05 -2.9280e-05 -2.5514e-05 -2.2119e-05 -1.9079e-05 -1.6373e-05 -1.3980e-05 -1.1876e-05 -1.0037e-05 -8.4399e-06 -7.0609e-06 -5.8773e-06 -4.8672e-06 -4.0103e-06 -3.2874e-06 -2.6812e-06 -2.1757e-06 -1.7566e-06 -1.4110e-06 -1.1277e-06 -8.9665e-07 -7.0936e-07 -5.5835e-07 -4.3726e-07 -3.4070e-07 -2.6412e-07 -2.0372e-07 -1.5634e-07 -1.1937e-07 -9.0687e-08 -6.8546e-08 -5.1550e-08 -3.8572e-08 -2.8716e-08 -2.1270e-08 -1.5676e-08 -1.1495e-08 -8.3865e-09 -6.0878e-09 -4.3970e-09 -3.1597e-09 -2.2592e-09 -1.6072e-09 -1.1376e-09 -8.0121e-10 -5.6143e-10 -3.9144e-10 -2.7154e-10 -1.8742e-10 -1.2871e-10 -8.7951e-11 -5.9796e-11 -4.0450e-11 -2.7225e-11 -1.8232e-11 -1.2149e-11 -8.0545e-12 -5.3132e-12 -3.4874e-12 -2.2775e-12 -1.4799e-12 -9.5677e-13 -6.0297e-05 -8.4750e-05 -1.0274e-04 -1.1694e-04 -1.2835e-04 -1.3746e-04 -1.4457e-04 -1.4986e-04 -1.5350e-04 -1.5560e-04 -1.5629e-04 0.0000e+00 -1.5392e-04 -1.5108e-04 -1.4730e-04 -1.4269e-04 -1.3738e-04 -1.3149e-04 -1.2513e-04 -1.1840e-04 -1.1143e-04 -1.0430e-04 -9.7112e-05 -8.9948e-05 -8.2884e-05 -7.5986e-05 -6.9311e-05 -6.2905e-05 -5.6808e-05 -5.1048e-05 -4.5647e-05 -4.0618e-05 -3.5966e-05 -3.1693e-05 -2.7792e-05 -2.4254e-05 -2.1064e-05 -1.8205e-05 -1.5659e-05 -1.3404e-05 -1.1419e-05 -9.6808e-06 -8.1681e-06 -6.8588e-06 -5.7318e-06 -4.7670e-06 -3.9456e-06 -3.2501e-06 -2.6644e-06 -2.1737e-06 -1.7649e-06 -1.4262e-06 -1.1469e-06 -9.1785e-07 -7.3104e-07 -5.7945e-07 -4.5709e-07 -3.5883e-07 -2.8034e-07 -2.1796e-07 -1.6865e-07 -1.2986e-07 -9.9514e-08 -7.5890e-08 -5.7595e-08 -4.3499e-08 -3.2694e-08 -2.4454e-08 -1.8203e-08 -1.3483e-08 -9.9394e-09 -7.2914e-09 -5.3229e-09 -3.8670e-09 -2.7957e-09 -2.0113e-09 -1.4400e-09 -1.0259e-09 -7.2739e-10 -5.1321e-10 -3.6033e-10 -2.5176e-10 -1.7504e-10 -1.2111e-10 -8.3388e-11 -5.7134e-11 -3.8955e-11 -2.6430e-11 -1.7845e-11 -1.1989e-11 -8.0160e-12 -5.3332e-12 -3.5309e-12 -2.3262e-12 -1.5250e-12 -9.9491e-13 -6.4588e-13 -4.1724e-13 -2.6822e-13 -1.7158e-13
-5.9023e-05 -8.3242e-05 -1.0148e-04 -1.1641e-04 -1.2905e-04 -1.3988e-04 -1.4917e-04 -1.5710e-04 -1.6376e-04 -1.6923e-04 -1.7355e-04 -1.7676e-04 1.7214e-02 -1.7995e-04 -1.8000e-04 -1.7906e-04 -1.7718e-04 -1.7440e-04 -1.7078e-04 -1.6639e-04 -1.6128e-04 -1.5555e-04 -1.4926e-04 -1.4251e-04 -1.3538e-04 -1.2795e-04 -1.2033e-04 -1.1259e-04 -1.0482e-04 -9.7094e-05 -8.9480e-05 -8.2046e-05 -7.4849e-05 -6.7936e-05 -6.1349e-05 -5.5119e-05 -4.9269e-05 -4.3817e-05 -3.8769e-05 -3.4128e-05 -2.9890e-05 -2.6045e-05 -2.2579e-05 -1.9474e-05 -1.6711e-05 -1.4267e-05 -1.2118e-05 -1.0241e-05 -8.6100e-06 -7.2022e-06 -5.9940e-06 -4.9631e-06 -4.0886e-06 -3.3511e-06 -2.7327e-06 -2.2171e-06 -1.7897e-06 -1.4373e-06 -1.1485e-06 -9.1303e-07 -7.2218e-07 -5.6833e-07 -4.4500e-07 -3.4667e-07 -2.6870e-07 -2.0721e-07 -1.5899e-07 -1.2137e-07 -9.2189e-08 -6.9669e-08 -5.2385e-08 -3.9190e-08 -2.9171e-08 -2.1604e-08 -1.5919e-08 -1.1671e-08 -8.5135e-09 -6.1790e-09 -4.4621e-09 -3.2060e-09 -2.2920e-09 -1.6303e-09 -1.1538e-09 -8.1245e-10 -5.6922e-10 -3.9681e-10 -2.7523e-10 -1.8994e-10 -1.3043e-10 -8.9108e-11 -6.0574e-11 -4.0971e-11 -2.7572e-11 -1.8463e-11 -1.2301e-11 -8.1541e-12 -5.3783e-12 -3.5296e-12 -2.3048e-12 -1.4975e-12 -5.8961e-05 -8.2892e-05 -1.0052e-04 -1.1448e-04 -1.2574e-04 -1.3479e-04 -1.4189e-04 -1.4726e-04 -1.5102e-04 -1.5332e-04 -1.5424e-04 -1.5392e-04 0.0000e+00 -1.4993e-04 -1.4649e-04 -1.4223e-04 -1.3726e-04 -1.3170e-04 -1.2565e-04 -1.1922e-04 -1.1252e-04 -1.0563e-04 -9.8648e-05 -9.1657e-05 -8.4730e-05 -7.7936e-05 -7.1330e-05 -6.4963e-05 -5.8875e-05 -5.3098e-05 -4.7655e-05 -4.2564e-05 -3.7835e-05 -3.3469e-05 -2.9465e-05 -2.5817e-05 -2.2512e-05 -1.9537e-05 -1.6874e-05 -1.4505e-05 -1.2409e-05 -1.0565e-05 -8.9531e-06 -7.5506e-06 -6.3376e-06 -5.2941e-06 -4.4014e-06 -3.6418e-06 -2.9989e-06 -2.4578e-06 -2.0047e-06 -1.6273e-06 -1.3146e-06 -1.0570e-06 -8.4574e-07 -6.7348e-07 -5.3375e-07 -4.2097e-07 -3.3043e-07 -2.5812e-07 -2.0067e-07 -1.5525e-07 -1.1953e-07 -9.1592e-08 -6.9843e-08 -5.3002e-08 -4.0028e-08 -3.0083e-08 -2.2500e-08 -1.6747e-08 -1.2405e-08 -9.1441e-09 -6.7077e-09 -4.8967e-09 -3.5572e-09 -2.5717e-09 -1.8501e-09 -1.3246e-09 -9.4370e-10 -6.6907e-10 -4.7206e-10 -3.3143e-10 -2.3157e-10 -1.6101e-10 -1.1140e-10 -7.6700e-11 -5.2552e-11 -3.5831e-11 -2.4311e-11 -1.6414e-11 -1.1028e-11 -7.3733e-12 -4.9056e-12 -3.2478e-12 -2.1397e-12 -1.4028e-12 -9.1518e-13 -5.9413e-13 -3.8381e-13 -2.4673e-13
-5.7268e-05 -8.0827e-05 -9.8658e-05 -1.1337e-04 -1.2595e-04 -1.3688e-04 -1.4642e-04 -1.5472e-04 -1.6188e-04 -1.6796e-04 -1.7299e-04 -1.7698e-04 -1.7995e-04 1.9960e-02 -1.8288e-04 -1.8286e-04 -1.8189e-04 -1.7999e-04 -1.7720e-04 -1.7356e-04 -1.6915e-04 -1.6402e-04 -1.5824e-04 -1.5190e-04 -1.4508e-04 -1.3787e-04 -1.3035e-04 -1.2262e-04 -1.1476e-04 -1.0686e-04 -9.9001e-05 -9.1252e-05 -8.3680e-05 -7.6345e-05 -6.9298e-05 -6.2580e-05 -5.6225e-05 -5.0257e-05 -4.4693e-05 -3.9542e-05 -3.4806e-05 -3.0480e-05 -2.6556e-05 -2.3019e-05 -1.9851e-05 -1.7032e-05 -1.4538e-05 -1.2346e-05 -1.0432e-05 -8.7692e-06 -7.3340e-06 -6.1025e-06 -5.0519e-06 -4.1610e-06 -3.4098e-06 -2.7800e-06 -2.2550e-06 -1.8199e-06 -1.4613e-06 -1.1674e-06 -9.2791e-07 -7.3381e-07 -5.7737e-07 -4.5199e-07 -3.5204e-07 -2.7281e-07 -2.1035e-07 -1.6137e-07 -1.2317e-07 -9.3533e-08 -7.0673e-08 -5.3130e-08 -3.9741e-08 -2.9576e-08 -2.1900e-08 -1.6135e-08 -1.1827e-08 -8.6262e-09 -6.2598e-09 -4.5198e-09 -3.2470e-09 -2.3209e-09 -1.6506e-09 -1.1680e-09 -8.2236e-10 -5.7609e-10 -4.0154e-10 -2.7848e-10 -1.9216e-10 -1.3193e-10 -9.0125e-11 -6.1258e-11 -4.1428e-11 -2.7877e-11 -1.8664e-11 -1.2434e-11 -8.2414e-12 -5.4353e-12 -3.5667e-12 -2.3287e-12 -5.7198e-05 -8.0433e-05 -9.7584e-05 -1.1120e-04 -1.2223e-04 -1.3114e-04 -1.3820e-04 -1.4361e-04 -1.4748e-04 -1.4995e-04 -1.5112e-04 -1.5108e-04 -1.4993e-04 0.0000e+00 -1.4471e-04 -1.4084e-04 -1.3626e-04 -1.3109e-04 -1.2542e-04 -1.1934e-04 -1.1297e-04 -1.0638e-04 -9.9668e-05 -9.2910e-05 -8.6180e-05 -7.9545e-05 -7.3062e-05 -6.6783e-05 -6.0749e-05 -5.4996e-05 -4.9549e-05 -4.4430e-05 -3.9650e-05 -3.5216e-05 -3.1131e-05 -2.7389e-05 -2.3983e-05 -2.0902e-05 -1.8130e-05 -1.5652e-05 -1.3449e-05 -1.1501e-05 -9.7893e-06 -8.2928e-06 -6.9918e-06 -5.8670e-06 -4.8999e-06 -4.0728e-06 -3.3692e-06 -2.7740e-06 -2.2731e-06 -1.8537e-06 -1.5046e-06 -1.2154e-06 -9.7706e-07 -7.8174e-07 -6.2247e-07 -4.9328e-07 -3.8904e-07 -3.0535e-07 -2.3852e-07 -1.8542e-07 -1.4345e-07 -1.1045e-07 -8.4626e-08 -6.4530e-08 -4.8970e-08 -3.6982e-08 -2.7794e-08 -2.0788e-08 -1.5473e-08 -1.1461e-08 -8.4484e-09 -6.1974e-09 -4.5242e-09 -3.2867e-09 -2.3761e-09 -1.7095e-09 -1.2239e-09 -8.7198e-10 -6.1824e-10 -4.3620e-10 -3.0626e-10 -2.1399e-10 -1.4878e-10 -1.0295e-10 -7.0882e-11 -4.8567e-11 -3.3114e-11 -2.2468e-11 -1.5170e-11 -1.0193e-11 -6.8150e-12 -4.5342e-12 -3.0020e-12 -1.9779e-12 -1.2967e-12 -8.4599e-13 -5.4923e-13 -3.5482e-13
-5.5147e-05 -7.7897e-05 -9.5209e-05 -1.0961e-04 -1.2206e-04 -1.3302e-04 -1.4274e-04 -1.5137e-04 -1.5900e-04 -1.6567e-04 -1.7139e-04 -1.7617e-04 -1.8000e-04 -1.8288e-04 2.2908e-02 -1.8575e-04 -1.8574e-04 -1.8479e-04 -1.8290e-04 -1.8013e-04 -1.7650e-04 -1.7207e-04 -1.6691e-04 -1.6109e-04 -1.5468e-04 -1.4777e-04 -1.4046e-04 -1.3283e-04 -1.2497e-04 -1.1698e-04 -1.0893e-04 -1.0093e-04 -9.3029e-05 -8.5310e-05 -7.7830e-05 -7.0642e-05 -6.3789e-05 -5.7305e-05 -5.1216e-05 -4.5540e-05 -4.0285e-05 -3.5454e-05 -3.1043e-05 -2.7041e-05 -2.3435e-05 -2.0206e-05 -1.7333e-05 -1.4792e-05 -1.2560e-05 -1.0610e-05 -8.9169e-06 -7.4559e-06 -6.2026e-06 -5.1338e-06 -4.2275e-06 -3.4635e-06 -2.8232e-06 -2.2896e-06 -1.8475e-06 -1.4831e-06 -1.1846e-06 -9.4139e-07 -7.4432e-07 -5.8553e-07 -4.5829e-07 -3.5689e-07 -2.7652e-07 -2.1317e-07 -1.6350e-07 -1.2477e-07 -9.4737e-08 -7.1570e-08 -5.3796e-08 -4.0232e-08 -2.9937e-08 -2.2164e-08 -1.6327e-08 -1.1966e-08 -8.7264e-09 -6.3316e-09 -4.5710e-09 -3.2833e-09 -2.3466e-09 -1.6687e-09 -1.1806e-09 -8.3113e-10 -5.8216e-10 -4.0573e-10 -2.8135e-10 -1.9412e-10 -1.3326e-10 -9.1023e-11 -6.1862e-11 -4.1832e-11 -2.8146e-11 -1.8842e-11 -1.2551e-11 -8.3184e-12 -5.4855e-12 -3.5993e-12 -5.5070e-05 -7.7462e-05 -9.4022e-05 -1.0721e-04 -1.1794e-04 -1.2666e-04 -1.3364e-04 -1.3904e-04 -1.4301e-04 -1.4565e-04 -1.4705e-04 -1.4730e-04 -1.4649e-04 -1.4471e-04 0.0000e+00 -1.3860e-04 -1.3446e-04 -1.2972e-04 -1.2447e-04 -1.1880e-04 -1.1281e-04 -1.0658e-04 -1.0019e-04 -9.3716e-05 -8.7237e-05 -8.0813e-05 -7.4503e-05 -6.8358e-05 -6.2422e-05 -5.6732e-05 -5.1318e-05 -4.6203e-05 -4.1402e-05 -3.6926e-05 -3.2780e-05 -2.8963e-05 -2.5471e-05 -2.2295e-05 -1.9424e-05 -1.6843e-05 -1.4537e-05 -1.2488e-05 -1.0677e-05 -9.0858e-06 -7.6955e-06 -6.4872e-06 -5.4429e-06 -4.5452e-06 -3.7776e-06 -3.1248e-06 -2.5725e-06 -2.1079e-06 -1.7189e-06 -1.3951e-06 -1.1269e-06 -9.0593e-07 -7.2482e-07 -5.7714e-07 -4.5736e-07 -3.6071e-07 -2.8312e-07 -2.2115e-07 -1.7192e-07 -1.3301e-07 -1.0241e-07 -7.8471e-08 -5.9839e-08 -4.5411e-08 -3.4295e-08 -2.5776e-08 -1.9279e-08 -1.4350e-08 -1.0630e-08 -7.8360e-09 -5.7484e-09 -4.1966e-09 -3.0488e-09 -2.2042e-09 -1.5859e-09 -1.1354e-09 -8.0900e-10 -5.7360e-10 -4.0473e-10 -2.8418e-10 -1.9856e-10 -1.3807e-10 -9.5534e-11 -6.5781e-11 -4.5073e-11 -3.0734e-11 -2.0854e-11 -1.4081e-11 -9.4612e-12 -6.3260e-12 -4.2091e-12 -2.7869e-12 -1.8362e-12 -1.2039e-12 -7.8545e-13 -5.0994e-13
-5.2724e-05 -7.4538e-05 -9.1234e-05 -1.0524e-04 -1.1748e-04 -1.2841e-04 -1.3826e-04 -1.4717e-04 -1.5522e-04 -1.6244e-04 -1.6883e-04 -1.7438e-04 -1.7906e-04 -1.8286e-04 -1.8575e-04 2.6059e-02 -1.8870e-04 -1.8875e-04 -1.8784e-04 -1.8599e-04 -1.8323e-04 -1.7960e-04 -1.7515e-04 -1.6994e-04 -1.6405e-04 -1.5756e-04 -1.5055e-04 -1.4311e-04 -1.3535e-04 -1.2734e-04 -1.1920e-04 -1.1100e-04 -1.0284e-04 -9.4783e-05 -8.6909e-05 -7.9279e-05 -7.1947e-05 -6.4957e-05 -5.8344e-05 -5.2135e-05 -4.6348e-05 -4.0992e-05 -3.6069e-05 -3.1574e-05 -2.7498e-05 -2.3825e-05 -2.0538e-05 -1.7614e-05 -1.5028e-05 -1.2757e-05 -1.0774e-05 -9.0531e-06 -7.5682e-06 -6.2946e-06 -5.2088e-06 -4.2883e-06 -3.5126e-06 -2.8627e-06 -2.3211e-06 -1.8725e-06 -1.5029e-06 -1.2002e-06 -9.5360e-07 -7.5383e-07 -5.9291e-07 -4.6398e-07 -3.6125e-07 -2.7985e-07 -2.1570e-07 -1.6542e-07 -1.2621e-07 -9.5817e-08 -7.2375e-08 -5.4393e-08 -4.0673e-08 -3.0260e-08 -2.2400e-08 -1.6499e-08 -1.2091e-08 -8.8158e-09 -6.3957e-09 -4.6167e-09 -3.3157e-09 -2.3694e-09 -1.6847e-09 -1.1919e-09 -8.3895e-10 -5.8757e-10 -4.0945e-10 -2.8390e-10 -1.9586e-10 -1.3444e-10 -9.1821e-11 -6.2398e-11 -4.2191e-11 -2.8384e-11 -1.9000e-11 -1.2655e-11 -8.3866e-12 -5.5300e-12 -5.2640e-05 -7.4065e-05 -8.9942e-05 -1.0263e-04 -1.1299e-04 -1.2148e-04 -1.2833e-04 -1.3371e-04 -1.3774e-04 -1.4053e-04 -1.4215e-04 -1.4269e-04 -1.4223e-04 -1.4084e-04 -1.3860e-04 0.0000e+00 -1.3192e-04 -1.2764e-04 -1.2285e-04 -1.1763e-04 -1.1207e-04 -1.0624e-04 -1.0022e-04 -9.4086e-05 -8.7904e-05 -8.1738e-05 -7.5646e-05 -6.9680e-05 -6.3883e-05 -5.8296e-05 -5.2951e-05 -4.7872e-05 -4.3079e-05 -3.8586e-05 -3.4402e-05 -3.0529e-05 -2.6967e-05 -2.3709e-05 -2.0749e-05 -1.8073e-05 -1.5669e-05 -1.3522e-05 -1.1615e-05 -9.9295e-06 -8.4491e-06 -7.1558e-06 -6.0320e-06 -5.0608e-06 -4.2260e-06 -3.5123e-06 -2.9053e-06 -2.3919e-06 -1.9599e-06 -1.5983e-06 -1.2972e-06 -1.0479e-06 -8.4243e-07 -6.7403e-07 -5.3673e-07 -4.2535e-07 -3.3548e-07 -2.6333e-07 -2.0571e-07 -1.5992e-07 -1.2373e-07 -9.5274e-08 -7.3007e-08 -5.5675e-08 -4.2254e-08 -3.1913e-08 -2.3987e-08 -1.7942e-08 -1.3356e-08 -9.8938e-09 -7.2938e-09 -5.3510e-09 -3.9067e-09 -2.8383e-09 -2.0522e-09 -1.4766e-09 -1.0572e-09 -7.5332e-10 -5.3416e-10 -3.7692e-10 -2.6467e-10 -1.8494e-10 -1.2860e-10 -8.8988e-11 -6.1277e-11 -4.1990e-11 -2.8633e-11 -1.9429e-11 -1.3120e-11 -8.8157e-12 -5.8947e-12 -3.9223e-12 -2.5971e-12 -1.7112e-12 -1.1220e-12 -7.3207e-13
