2.9262e-08 -8.2839e-09 -1.5237e-08 -2.3498e-08 -3.2911e-08 -4.3378e-08 -5.4833e-08 -6.7235e-08 -8.0554e-08 -9.4775e-08 -1.0989e-07 -1.2589e-07 -1.4279e-07 -1.6059e-07 -1.7931e-07 -1.9896e-07 -2.1957e-07 -2.4114e-07 -2.6372e-07 -2.8731e-07 -3.1195e-07 -3.3766e-07 -3.6447e-07 -3.9241e-07 -4.2149e-07 -4.5174e-07 -4.8317e-07 -5.1580e-07 -5.4963e-07 -5.8465e-07 -6.2086e-07 -6.5821e-07 -6.9667e-07 -7.3617e-07 -7.7661e-07 -8.1789e-07 -8.5985e-07 -9.0230e-07 -9.4499e-07 -9.8764e-07 -1.0299e-06 -1.0713e-06 -1.1114e-06 -1.1496e-06 -1.1852e-06 -1.2174e-06 -1.2453e-06 -1.2679e-06 -1.2842e-06 -1.2929e-06 -1.2928e-06 -1.2828e-06 -1.2615e-06 -1.2280e-06 -1.1814e-06 -1.1212e-06 -1.0475e-06 -9.6092e-07 -8.6298e-07 -7.5604e-07 -6.4340e-07 -5.2918e-07 -4.1809e-07 -3.1499e-07 -2.2430e-07 -1.4934e-07 -9.1746e-08 -5.1169e-08 -2.5393e-08 -1.0937e-08 -3.9620e-09 -1.1607e-09 -2.6156e-10 -4.2530e-11 -4.5945e-12 -2.9615e-13 -9.8880e-15 -1.4171e-16 -6.7709e-19 -7.6443e-22 -1.2678e-25 -1.5864e-30 -5.7919e-37 -1.5525e-45 -3.9489e-57 -4.2735e-73 -1.5610e-95 -8.1858e-128 -1.5521e-175 -2.2497e-248 0.0000e+00 0.0000e+00 0.0000e+00 0.0000e+00 0.0000e+00 0.0000e+00 0.0000e+00 0.0000e+00 0.0000e+00 0.0000e+00 0.0000e+00 8.2839e-09 1.5237e-08 2.3498e-08 3.2911e-08 4.3378e-08 5.4833e-08 6.7235e-08 8.0554e-08 9.4775e-08 1.0989e-07 1.2589e-07 1.4279e-07 1.6059e-07 1.7931e-07 1.9896e-07 2.1957e-07 2.4114e-07 2.6372e-07 2.8731e-07 3.1195e-07 3.3766e-07 3.6447e-07 3.9241e-07 4.2149e-07 4.5174e-07 4.8317e-07 5.1580e-07 5.4963e-07 5.8465e-07 6.2086e-07 6.5821e-07 6.9667e-07 7.3617e-07 7.7661e-07 8.1789e-07 8.5985e-07 9.0230e-07 9.4499e-07 9.8764e-07 1.0299e-06 1.0713e-06 1.1114e-06 1.1496e-06 1.1852e-06 1.2174e-06 1.2453e-06 1.2679e-06 1.2842e-06 1.2929e-06 1.2928e-06 1.2828e-06 1.2615e-06 1.2280e-06 1.1814e-06 1.1212e-06 1.0475e-06 9.6092e-07 8.6298e-07 7.5604e-07 6.4340e-07 5.2918e-07 4.1809e-07 3.1499e-07 2.2430e-07 1.4934e-07 9.1746e-08 5.1169e-08 2.5393e-08 1.0937e-08 3.9620e-09 1.1607e-09 2.6156e-10 4.2530e-11 4.5945e-12 2.9615e-13 9.8880e-15 1.4171e-16 6.7708e-19 7.6443e-22 1.2678e-25 1.5864e-30 5.7919e-37 1.5524e-45 3.9488e-57 4.2734e-73 1.5609e-95 8.1857e-128 1.5521e-175 2.2497e-248 0.0000e+00 0.0000e+00 0.0000e+00 0.0000e+00 0.0000e+00 0.0000e+00 0.0000e+00 0.0000e+00 0.0000e+00 0.0000e+00
-8.2839e-09 4.7237e-07 -4.3128e-08 -6.6512e-08 -9.3155e-08 -1.2278e-07 -1.5520e-07 -1.9031e-07 -2.2801e-07 -2.6826e-07 -3.1104e-07 -3.5633e-07 -4.0417e-07 -4.5456e-07 -5.0754e-07 -5.6316e-07 -6.2148e-07 -6.8255e-07 -7.4644e-07 -8.1322e-07 -8.8296e-07 -9.5574e-07 -1.0316e-06 -1.1107e-06 -1.1930e-06 -1.2786e-06 -1.3676e-06 -1.4600e-06 -1.5557e-06 -1.6549e-06 -1.7573e-06 -1.8631e-06 -1.9719e-06 -2.0837e-06 -2.1982e-06 -2.3150e-06 -2.4338e-06 -2.5539e-06 -2.6748e-06 -2.7955e-06 -2.9151e-06 -3.0324e-06 -3.1459e-06 -3.2539e-06 -3.3546e-06 -3.4457e-06 -3.5247e-06 -3.5887e-06 -3.6348e-06 -3.6594e-06 -3.6593e-06 -3.6308e-06 -3.5707e-06 -3.4758e-06 -3.3439e-06 -3.1735e-06 -2.9649e-06 -2.7199e-06 -2.4427e-06 -2.1400e-06 -1.8211e-06 -1.4978e-06 -1.1834e-06 -8.9159e-07 -6.3489e-07 -4.2271e-07 -2.5969e-07 -1.4483e-07 -7.1876e-08 -3.0956e-08 -1.1214e-08 -3.2854e-09 -7.4035e-10 -1.2038e-10 -1.3005e-11 -8.3826e-13 -2.7988e-14 -4.0112e-16 -1.9165e-18 -2.1638e-21 -3.5887e-25 -4.4906e-30 -1.6395e-36 -4.3946e-45 -1.1178e-56 -1.2098e-72 -4.4191e-95 -2.3176e-127 -4.3947e-175 -6.3710e-248 0.0000e+00 0.0000e+00 0.0000e+00 0.0000e+00 0.0000e+00 0.0000e+00 0.0000e+00 0.0000e+00 0.0000e+00 0.0000e+00 8.2839e-09 0.0000e+00 4.3128e-08 6.6512e-08 9.3155e-08 1.2278e-07 1.5520e-07 1.9031e-07 2.2801e-07 2.6826e-07 3.1104e-07 3.5633e-07 4.0417e-07 4.5456e-07 5.0754e-07 5.6316e-07 6.2148e-07 6.8255e-07 7.4644e-07 8.1322e-07 8.8296e-07 9.5574e-07 1.0316e-06 1.1107e-06 1.1930e-06 1.2786e-06 1.3676e-06 1.4600e-06 1.5557e-06 1.6549e-06 1.7573e-06 1.8631e-06 1.9719e-06 2.0837e-06 2.1982e-06 2.3150e-06 2.4338e-06 2.5539e-06 2.6748e-06 2.7955e-06 2.9151e-06 3.0324e-06 3.1459e-06 3.2539e-06 3.3546e-06 3.4457e-06 3.5247e-06 3.5887e-06 3.6348e-06 3.6594e-06 3.6593e-06 3.6308e-06 3.5707e-06 3.4758e-06 3.3439e-06 3.1735e-06 2.9649e-06 2.7199e-06 2.4427e-06 2.1400e-06 1.8211e-06 1.4978e-06 1.1834e-06 8.9159e-07 6.3489e-07 4.2270e-07 2.5968e-07 1.4483e-07 7.1876e-08 3.0956e-08 1.1214e-08 3.2853e-09 7.4034e-10 1.2038e-10 1.3005e-11 8.3825e-13 2.7988e-14 4.0111e-16 1.9165e-18 2.1637e-21 3.5886e-25 4.4904e-30 1.6394e-36 4.3942e-45 1.1177e-56 1.2096e-72 4.4182e-95 2.3169e-127 4.3931e-175 6.3676e-248 0.0000e+00 0.0000e+00 0.0000e+00 0.0000e+00 0.0000e+00 0.0000e+00 0.0000e+00 0.0000e+00 0.0000e+00 0.0000e+00
-1.5237e-08 -4.3128e-08 2.3953e-06 -1.2234e-07 -1.7134e-07 -2.2583e-07 -2.8547e-07 -3.5004e-07 -4.1938e-07 -4.9342e-07 -5.7210e-07 -6.5542e-07 -7.4340e-07 -8.3608e-07 -9.3354e-07 -1.0358e-06 -1.1431e-06 -1.2554e-06 -1.3730e-06 -1.4958e-06 -1.6241e-06 -1.7579e-06 -1.8975e-06 -2.0430e-06 -2.1944e-06 -2.3519e-06 -2.5155e-06 -2.6854e-06 -2.8615e-06 -3.0438e-06 -3.2323e-06 -3.4268e-06 -3.6270e-06 -3.8326e-06 -4.0432e-06 -4.2581e-06 -4.4766e-06 -4.6976e-06 -4.9198e-06 -5.1419e-06 -5.3619e-06 -5.5775e-06 -5.7863e-06 -5.9851e-06 -6.1703e-06 -6.3379e-06 -6.4831e-06 -6.6009e-06 -6.6856e-06 -6.7309e-06 -6.7307e-06 -6.6783e-06 -6.5677e-06 -6.3932e-06 -6.1505e-06 -5.8372e-06 -5.4535e-06 -5.0028e-06 -4.4929e-06 -3.9361e-06 -3.3497e-06 -2.7550e-06 -2.1767e-06 -1.6399e-06 -1.1678e-06 -7.7751e-07 -4.7766e-07 -2.6640e-07 -1.3221e-07 -5.6940e-08 -2.0628e-08 -6.0431e-09 -1.3618e-09 -2.2144e-10 -2.3922e-11 -1.5419e-12 -5.1484e-14 -7.3787e-16 -3.5256e-18 -3.9805e-21 -6.6021e-25 -8.2616e-30 -3.0164e-36 -8.0859e-45 -2.0570e-56 -2.2265e-72 -8.1347e-95 -4.2674e-127 -8.0955e-175 -1.1744e-247 0.0000e+00 0.0000e+00 0.0000e+00 0.0000e+00 0.0000e+00 0.0000e+00 0.0000e+00 0.0000e+00 0.0000e+00 0.0000e+00 1.5237e-08 4.3128e-08 0.0000e+00 1.2234e-07 1.7134e-07 2.2583e-07 2.8547e-07 3.5004e-07 4.1938e-07 4.9342e-07 5.7210e-07 6.5542e-07 7.4340e-07 8.3608e-07 9.3354e-07 1.0358e-06 1.1431e-06 1.2554e-06 1.3730e-06 1.4958e-06 1.6241e-06 1.7579e-06 1.8975e-06 2.0430e-06 2.1944e-06 2.3519e-06 2.5155e-06 2.6854e-06 2.8615e-06 3.0438e-06 3.2323e-06 3.4268e-06 3.6270e-06 3.8326e-06 4.0432e-06 4.2581e-06 4.4766e-06 4.6976e-06 4.9198e-06 5.1419e-06 5.3618e-06 5.5775e-06 5.7863e-06 5.9851e-06 6.1703e-06 6.3379e-06 6.4831e-06 6.6009e-06 6.6856e-06 6.7309e-06 6.7307e-06 6.6783e-06 6.5676e-06 6.3931e-06 6.1505e-06 5.8372e-06 5.4534e-06 5.0028e-06 4.4929e-06 3.9361e-06 3.3497e-06 2.7550e-06 2.1767e-06 1.6399e-06 1.1678e-06 7.7750e-07 4.7765e-07 2.6640e-07 1.3220e-07 5.6938e-08 2.0627e-08 6.0428e-09 1.3617e-09 2.2142e-10 2.3920e-11 1.5418e-12 5.1479e-14 7.3778e-16 3.5250e-18 3.9798e-21 6.6006e-25 8.2593e-30 3.0154e-36 8.0824e-45 2.0558e-56 2.2248e-72 8.1266e-95 4.2616e-127 8.0803e-175 1.1712e-247 0.0000e+00 0.0000e+00 0.0000e+00 0.0000e+00 0.0000e+00 0.0000e+00 0.0000e+00 0.0000e+00 0.0000e+00 0.0000e+00
-2.3498e-08 -6.6512e-08 -1.2234e-07 7.5873e-06 -2.6425e-07 -3.4828e-07 -4.4026e-07 -5.3983e-07 -6.4678e-07 -7.6095e-07 -8.8230e-07 -1.0108e-06 -1.1465e-06 -1.2894e-06 -1.4397e-06 -1.5975e-06 -1.7629e-06 -1.9361e-06 -2.1174e-06 -2.3068e-06 -2.5046e-06 -2.7111e-06 -2.9264e-06 -3.1507e-06 -3.3842e-06 -3.6270e-06 -3.8794e-06 -4.1414e-06 -4.4130e-06 -4.6942e-06 -4.9849e-06 -5.2848e-06 -5.5936e-06 -5.9107e-06 -6.2355e-06 -6.5669e-06 -6.9038e-06 -7.2446e-06 -7.5874e-06 -7.9298e-06 -8.2691e-06 -8.6017e-06 -8.9237e-06 -9.2302e-06 -9.5159e-06 -9.7743e-06 -9.9984e-06 -1.0180e-05 -1.0311e-05 -1.0381e-05 -1.0380e-05 -1.0299e-05 -1.0129e-05 -9.8596e-06 -9.4854e-06 -9.0023e-06 -8.4105e-06 -7.7154e-06 -6.9291e-06 -6.0704e-06 -5.1660e-06 -4.2489e-06 -3.3570e-06 -2.5292e-06 -1.8010e-06 -1.1991e-06 -7.3668e-07 -4.1087e-07 -2.0390e-07 -8.7819e-08 -3.1815e-08 -9.3205e-09 -2.1004e-09 -3.4154e-10 -3.6898e-11 -2.3784e-12 -7.9416e-14 -1.1382e-15 -5.4389e-18 -6.1411e-21 -1.0187e-24 -1.2749e-29 -4.6555e-36 -1.2482e-44 -3.1763e-56 -3.4393e-72 -1.2572e-94 -6.6004e-127 -1.2535e-174 -1.8216e-247 0.0000e+00 0.0000e+00 0.0000e+00 0.0000e+00 0.0000e+00 0.0000e+00 0.0000e+00 0.0000e+00 0.0000e+00 0.0000e+00 2.3498e-08 6.6512e-08 1.2234e-07 0.0000e+00 2.6425e-07 3.4828e-07 4.4026e-07 5.3983e-07 6.4678e-07 7.6095e-07 8.8230e-07 1.0108e-06 1.1465e-06 1.2894e-06 1.4397e-06 1.5975e-06 1.7629e-06 1.9361e-06 2.1174e-06 2.3068e-06 2.5046e-06 2.7111e-06 2.9264e-06 3.1507e-06 3.3842e-06 3.6270e-06 3.8794e-06 4.1414e-06 4.4130e-06 4.6942e-06 4.9849e-06 5.2848e-06 5.5936e-06 5.9107e-06 6.2355e-06 6.5669e-06 6.9038e-06 7.2446e-06 7.5874e-06 7.9298e-06 8.2691e-06 8.6017e-06 8.9236e-06 9.2302e-06 9.5159e-06 9.7743e-06 9.9983e-06 1.0180e-05 1.0310e-05 1.0380e-05 1.0380e-05 1.0299e-05 1.0129e-05 9.8595e-06 9.4853e-06 9.0022e-06 8.4103e-06 7.7153e-06 6.9289e-06 6.0703e-06 5.1659e-06 4.2488e-06 3.3569e-06 2.5291e-06 1.8009e-06 1.1991e-06 7.3663e-07 4.1084e-07 2.0388e-07 8.7810e-08 3.1811e-08 9.3193e-09 2.1001e-09 3.4148e-10 3.6890e-11 2.3778e-12 7.9391e-14 1.1378e-15 5.4363e-18 6.1376e-21 1.0179e-24 1.2738e-29 4.6504e-36 1.2465e-44 3.1705e-56 3.4312e-72 1.2533e-94 6.5723e-127 1.2462e-174 1.8063e-247 0.0000e+00 0.0000e+00 0.0000e+00 0.0000e+00 0.0000e+00 0.0000e+00 0.0000e+00 0.0000e+00 0.0000e+00 0.0000e+00
-3.2911e-08 -9.3155e-08 -1.7134e-07 -2.6425e-07 1.8578e-05 -4.8780e-07 -6.1662e-07 -7.5608e-07 -9.0586e-07 -1.0658e-06 -1.2357e-06 -1.4157e-06 -1.6057e-06 -1.8059e-06 -2.0164e-06 -2.2374e-06 -2.4691e-06 -2.7117e-06 -2.9656e-06 -3.2309e-06 -3.5080e-06 -3.7971e-06 -4.0986e-06 -4.4128e-06 -4.7398e-06 -5.0800e-06 -5.4335e-06 -5.8004e-06 -6.1808e-06 -6.5746e-06 -6.9817e-06 -7.4018e-06 -7.8343e-06 -8.2784e-06 -8.7333e-06 -9.1975e-06 -9.6693e-06 -1.0147e-05 -1.0627e-05 -1.1106e-05 -1.1582e-05 -1.2047e-05 -1.2498e-05 -1.2928e-05 -1.3328e-05 -1.3690e-05 -1.4004e-05 -1.4258e-05 -1.4441e-05 -1.4539e-05 -1.4538e-05 -1.4425e-05 -1.4186e-05 -1.3809e-05 -1.3285e-05 -1.2609e-05 -1.1780e-05 -1.0806e-05 -9.7050e-06 -8.5024e-06 -7.2357e-06 -5.9513e-06 -4.7020e-06 -3.5426e-06 -2.5227e-06 -1.6796e-06 -1.0319e-06 -5.7552e-07 -2.8562e-07 -1.2302e-07 -4.4567e-08 -1.3057e-08 -2.9425e-09 -4.7849e-10 -5.1695e-11 -3.3325e-12 -1.1128e-13 -1.5951e-15 -7.6227e-18 -8.6082e-21 -1.4282e-24 -1.7878e-29 -6.5308e-36 -1.7518e-44 -4.4602e-56 -4.8334e-72 -1.7689e-94 -9.3013e-127 -1.7707e-174 -2.5823e-247 0.0000e+00 0.0000e+00 0.0000e+00 0.0000e+00 0.0000e+00 0.0000e+00 0.0000e+00 0.0000e+00 0.0000e+00 0.0000e+00 3.2911e-08 9.3155e-08 1.7134e-07 2.6425e-07 0.0000e+00 4.8780e-07 6.1662e-07 7.5608e-07 9.0586e-07 1.0658e-06 1.2357e-06 1.4157e-06 1.6057e-06 1.8059e-06 2.0164e-06 2.2374e-06 2.4691e-06 2.7117e-06 2.9656e-06 3.2309e-06 3.5080e-06 3.7971e-06 4.0986e-06 4.4128e-06 4.7398e-06 5.0800e-06 5.4334e-06 5.8004e-06 6.1808e-06 6.5746e-06 6.9817e-06 7.4018e-06 7.8343e-06 8.2784e-06 8.7333e-06 9.1975e-06 9.6693e-06 1.0147e-05 1.0627e-05 1.1106e-05 1.1581e-05 1.2047e-05 1.2498e-05 1.2928e-05 1.3328e-05 1.3690e-05 1.4003e-05 1.4258e-05 1.4441e-05 1.4539e-05 1.4538e-05 1.4425e-05 1.4186e-05 1.3809e-05 1.3285e-05 1.2608e-05 1.1779e-05 1.0806e-05 9.7045e-06 8.5019e-06 7.2352e-06 5.9508e-06 4.7016e-06 3.5422e-06 2.5224e-06 1.6794e-06 1.0317e-06 5.7541e-07 2.8556e-07 1.2299e-07 4.4554e-08 1.3052e-08 2.9413e-09 4.7827e-10 5.1667e-11 3.3303e-12 1.1119e-13 1.5936e-15 7.6140e-18 8.5962e-21 1.4257e-24 1.7840e-29 6.5132e-36 1.7458e-44 4.4406e-56 4.8056e-72 1.7553e-94 9.2050e-127 1.7453e-174 2.5298e-247 0.0000e+00 0.0000e+00 0.0000e+00 0.0000e+00 0.0000e+00 0.0000e+00 0.0000e+00 0.0000e+00 0.0000e+00 0.0000e+00
-4.3378e-08 -1.2278e-07 -2.2583e-07 -3.4828e-07 -4.8780e-07 3.8660e-05 -8.1271e-07 -9.9653e-07 -1.1939e-06 -1.4047e-06 -1.6287e-06 -1.8659e-06 -2.1164e-06 -2.3802e-06 -2.6577e-06 -2.9490e-06 -3.2543e-06 -3.5741e-06 -3.9087e-06 -4.2584e-06 -4.6236e-06 -5.0047e-06 -5.4021e-06 -5.8161e-06 -6.2472e-06 -6.6955e-06 -7.1614e-06 -7.6450e-06 -8.1464e-06 -8.6655e-06 -9.2021e-06 -9.7557e-06 -1.0326e-05 -1.0911e-05 -1.1511e-05 -1.2123e-05 -1.2744e-05 -1.3374e-05 -1.4006e-05 -1.4639e-05 -1.5265e-05 -1.5879e-05 -1.6473e-05 -1.7039e-05 -1.7567e-05 -1.8044e-05 -1.8457e-05 -1.8793e-05 -1.9034e-05 -1.9163e-05 -1.9162e-05 -1.9013e-05 -1.8698e-05 -1.8202e-05 -1.7511e-05 -1.6619e-05 -1.5527e-05 -1.4244e-05 -1.2792e-05 -1.1207e-05 -9.5375e-06 -7.8445e-06 -6.1979e-06 -4.6697e-06 -3.3253e-06 -2.2141e-06 -1.3603e-06 -7.5869e-07 -3.7654e-07 -1.6218e-07 -5.8758e-08 -1.7215e-08 -3.8799e-09 -6.3097e-10 -6.8176e-11 -4.3954e-12 -1.4679e-13 -2.1045e-15 -1.0059e-17 -1.1363e-20 -1.8859e-24 -2.3618e-29 -8.6327e-36 -2.3174e-44 -5.9067e-56 -6.4103e-72 -2.3507e-94 -1.2397e-126 -2.3701e-174 -3.4789e-247 0.0000e+00 0.0000e+00 0.0000e+00 0.0000e+00 0.0000e+00 0.0000e+00 0.0000e+00 0.0000e+00 0.0000e+00 0.0000e+00 4.3378e-08 1.2278e-07 2.2583e-07 3.4828e-07 4.8780e-07 0.0000e+00 8.1271e-07 9.9653e-07 1.1939e-06 1.4047e-06 1.6287e-06 1.8659e-06 2.1164e-06 2.3802e-06 2.6577e-06 2.9490e-06 3.2543e-06 3.5741e-06 3.9087e-06 4.2584e-06 4.6236e-06 5.0047e-06 5.4021e-06 5.8161e-06 6.2472e-06 6.6955e-06 7.1614e-06 7.6450e-06 8.1464e-06 8.6655e-06 9.2021e-06 9.7557e-06 1.0326e-05 1.0911e-05 1.1511e-05 1.2122e-05 1.2744e-05 1.3373e-05 1.4006e-05 1.4638e-05 1.5265e-05 1.5879e-05 1.6473e-05 1.7039e-05 1.7566e-05 1.8043e-05 1.8457e-05 1.8792e-05 1.9033e-05 1.9162e-05 1.9162e-05 1.9012e-05 1.8697e-05 1.8201e-05 1.7510e-05 1.6618e-05 1.5525e-05 1.4242e-05 1.2791e-05 1.1206e-05 9.5361e-06 7.8432e-06 6.1968e-06 4.6687e-06 3.3245e-06 2.2135e-06 1.3598e-06 7.5840e-07 3.7637e-07 1.6210e-07 5.8723e-08 1.7203e-08 3.8767e-09 6.3037e-10 6.8098e-11 4.3894e-12 1.4655e-13 2.1004e-15 1.0035e-17 1.1330e-20 1.8791e-24 2.3513e-29 8.5845e-36 2.3010e-44 5.8528e-56 6.3339e-72 2.3136e-94 1.2132e-126 2.3004e-174 3.3343e-247 0.0000e+00 0.0000e+00 0.0000e+00 0.0000e+00 0.0000e+00 0.0000e+00 0.0000e+00 0.0000e+00 0.0000e+00 0.0000e+00
-5.4833e-08 -1.5520e-07 -2.8547e-07 -4.4026e-07 -6.1662e-07 -8.1271e-07 7.1925e-05 -1.2597e-06 -1.5092e-06 -1.7757e-06 -2.0588e-06 -2.3587e-06 -2.6753e-06 -3.0088e-06 -3.3595e-06 -3.7277e-06 -4.1137e-06 -4.5180e-06 -4.9409e-06 -5.3829e-06 -5.8446e-06 -6.3263e-06 -6.8287e-06 -7.3521e-06 -7.8970e-06 -8.4637e-06 -9.0527e-06 -9.6640e-06 -1.0298e-05 -1.0954e-05 -1.1632e-05 -1.2332e-05 -1.3053e-05 -1.3793e-05 -1.4551e-05 -1.5324e-05 -1.6110e-05 -1.6905e-05 -1.7705e-05 -1.8505e-05 -1.9296e-05 -2.0072e-05 -2.0824e-05 -2.1539e-05 -2.2206e-05 -2.2809e-05 -2.3332e-05 -2.3756e-05 -2.4061e-05 -2.4224e-05 -2.4224e-05 -2.4035e-05 -2.3637e-05 -2.3010e-05 -2.2137e-05 -2.1009e-05 -1.9629e-05 -1.8007e-05 -1.6172e-05 -1.4168e-05 -1.2058e-05 -9.9176e-06 -7.8360e-06 -5.9040e-06 -4.2044e-06 -2.7995e-06 -1.7200e-06 -9.5937e-07 -4.7615e-07 -2.0510e-07 -7.4314e-08 -2.1775e-08 -4.9080e-09 -7.9827e-10 -8.6265e-11 -5.5626e-12 -1.8582e-13 -2.6648e-15 -1.2742e-17 -1.4400e-20 -2.3913e-24 -2.9970e-29 -1.0965e-35 -2.9473e-44 -7.5254e-56 -8.1865e-72 -3.0121e-94 -1.5960e-126 -3.0725e-174 -4.5568e-247 0.0000e+00 0.0000e+00 0.0000e+00 0.0000e+00 0.0000e+00 0.0000e+00 0.0000e+00 0.0000e+00 0.0000e+00 0.0000e+00 5.4833e-08 1.5520e-07 2.8547e-07 4.4026e-07 6.1662e-07 8.1271e-07 0.0000e+00 1.2597e-06 1.5092e-06 1.7757e-06 2.0588e-06 2.3587e-06 2.6753e-06 3.0088e-06 3.3595e-06 3.7277e-06 4.1137e-06 4.5180e-06 4.9409e-06 5.3829e-06 5.8446e-06 6.3263e-06 6.8287e-06 7.3521e-06 7.8969e-06 8.4637e-06 9.0526e-06 9.6640e-06 1.0298e-05 1.0954e-05 1.1632e-05 1.2332e-05 1.3053e-05 1.3793e-05 1.4550e-05 1.5324e-05 1.6110e-05 1.6905e-05 1.7705e-05 1.8504e-05 1.9296e-05 2.0072e-05 2.0823e-05 2.1539e-05 2.2205e-05 2.2808e-05 2.3331e-05 2.3755e-05 2.4059e-05 2.4223e-05 2.4222e-05 2.4033e-05 2.3635e-05 2.3007e-05 2.2134e-05 2.1006e-05 1.9625e-05 1.8004e-05 1.6169e-05 1.4165e-05 1.2055e-05 9.9146e-06 7.8333e-06 5.9016e-06 4.2025e-06 2.7980e-06 1.7189e-06 9.5869e-07 4.7576e-07 2.0490e-07 7.4231e-08 2.1746e-08 4.9005e-09 7.9684e-10 8.6082e-11 5.5486e-12 1.8526e-13 2.6551e-15 1.2686e-17 1.4322e-20 2.3754e-24 2.9723e-29 1.0852e-35 2.9086e-44 7.3984e-56 8.0066e-72 2.9245e-94 1.5336e-126 2.9078e-174 4.2146e-247 0.0000e+00 0.0000e+00 0.0000e+00 0.0000e+00 0.0000e+00 0.0000e+00 0.0000e+00 0.0000e+00 0.0000e+00 0.0000e+00
-6.7235e-08 -1.9031e-07 -3.5004e-07 -5.3983e-07 -7.5608e-07 -9.9653e-07 -1.2597e-06 1.2330e-04 -1.8506e-06 -2.1773e-06 -2.5245e-06 -2.8921e-06 -3.2804e-06 -3.6893e-06 -4.1194e-06 -4.5708e-06 -5.0442e-06 -5.5398e-06 -6.0584e-06 -6.6004e-06 -7.1665e-06 -7.7572e-06 -8.3731e-06 -9.0149e-06 -9.6830e-06 -1.0378e-05 -1.1100e-05 -1.1850e-05 -1.2627e-05 -1.3431e-05 -1.4263e-05 -1.5121e-05 -1.6005e-05 -1.6912e-05 -1.7842e-05 -1.8790e-05 -1.9754e-05 -2.0729e-05 -2.1710e-05 -2.2690e-05 -2.3661e-05 -2.4613e-05 -2.5534e-05 -2.6411e-05 -2.7229e-05 -2.7969e-05 -2.8610e-05 -2.9130e-05 -2.9504e-05 -2.9705e-05 -2.9704e-05 -2.9473e-05 -2.8985e-05 -2.8216e-05 -2.7146e-05 -2.5764e-05 -2.4071e-05 -2.2082e-05 -1.9833e-05 -1.7376e-05 -1.4788e-05 -1.2163e-05 -9.6107e-06 -7.2414e-06 -5.1570e-06 -3.4339e-06 -2.1099e-06 -1.1769e-06 -5.8419e-07 -2.5166e-07 -9.1193e-08 -2.6724e-08 -6.0246e-09 -9.8007e-10 -1.0594e-10 -6.8331e-12 -2.2834e-13 -3.2760e-15 -1.5673e-17 -1.7725e-20 -2.9460e-24 -3.6966e-29 -1.3545e-35 -3.6480e-44 -9.3391e-56 -1.0196e-71 -3.7705e-94 -2.0122e-126 -3.9138e-174 -5.8932e-247 0.0000e+00 0.0000e+00 0.0000e+00 0.0000e+00 0.0000e+00 0.0000e+00 0.0000e+00 0.0000e+00 0.0000e+00 0.0000e+00 6.7235e-08 1.9031e-07 3.5004e-07 5.3983e-07 7.5608e-07 9.9653e-07 1.2597e-06 0.0000e+00 1.8506e-06 2.1773e-06 2.5245e-06 2.8921e-06 3.2804e-06 3.6893e-06 4.1194e-06 4.5708e-06 5.0441e-06 5.5398e-06 6.0584e-06 6.6004e-06 7.1664e-06 7.7572e-06 8.3731e-06 9.0149e-06 9.6830e-06 1.0378e-05 1.1100e-05 1.1850e-05 1.2627e-05 1.3431e-05 1.4263e-05 1.5121e-05 1.6005e-05 1.6912e-05 1.7841e-05 1.8790e-05 1.9754e-05 2.0729e-05 2.1709e-05 2.2689e-05 2.3660e-05 2.4612e-05 2.5533e-05 2.6410e-05 2.7227e-05 2.7967e-05 2.8608e-05 2.9128e-05 2.9501e-05 2.9701e-05 2.9700e-05 2.9469e-05 2.8981e-05 2.8211e-05 2.7140e-05 2.5757e-05 2.4064e-05 2.2075e-05 1.9825e-05 1.7369e-05 1.4781e-05 1.2157e-05 9.6049e-06 7.2364e-06 5.1530e-06 3.4308e-06 2.1077e-06 1.1755e-06 5.8337e-07 2.5125e-07 9.1020e-08 2.6665e-08 6.0089e-09 9.7706e-10 1.0555e-10 6.8035e-12 2.2716e-13 3.2556e-15 1.5555e-17 1.7561e-20 2.9126e-24 3.6445e-29 1.3306e-35 3.5664e-44 9.0716e-56 9.8173e-72 3.5859e-94 1.8804e-126 3.5652e-174 5.1672e-247 0.0000e+00 0.0000e+00 0.0000e+00 0.0000e+00 0.0000e+00 0.0000e+00 0.0000e+00 0.0000e+00 0.0000e+00 0.0000e+00
-8.0554e-08 -2.2801e-07 -4.1938e-07 -6.4678e-07 -9.0586e-07 -1.1939e-06 -1.5092e-06 -1.8506e-06 1.9860e-04 -2.6086e-06 -3.0246e-06 -3.4651e-06 -3.9302e-06 -4.4202e-06 -4.9354e-06 -5.4763e-06 -6.0434e-06 -6.6373e-06 -7.2586e-06 -7.9080e-06 -8.5862e-06 -9.2939e-06 -1.0032e-05 -1.0801e-05 -1.1601e-05 -1.2434e-05 -1.3299e-05 -1.4197e-05 -1.5128e-05 -1.6092e-05 -1.7089e-05 -1.8117e-05 -1.9176e-05 -2.0263e-05 -2.1376e-05 -2.2513e-05 -2.3668e-05 -2.4836e-05 -2.6011e-05 -2.7186e-05 -2.8349e-05 -2.9489e-05 -3.0593e-05 -3.1645e-05 -3.2624e-05 -3.3511e-05 -3.4279e-05 -3.4903e-05 -3.5351e-05 -3.5592e-05 -3.5591e-05 -3.5315e-05 -3.4731e-05 -3.3810e-05 -3.2528e-05 -3.0872e-05 -2.8844e-05 -2.6462e-05 -2.3767e-05 -2.0823e-05 -1.7722e-05 -1.4578e-05 -1.1519e-05 -8.6796e-06 -6.1817e-06 -4.1165e-06 -2.5295e-06 -1.4111e-06 -7.0052e-07 -3.0181e-07 -1.0939e-07 -3.2062e-08 -7.2296e-09 -1.1764e-09 -1.2720e-10 -8.2084e-12 -2.7444e-13 -3.9399e-15 -1.8865e-17 -2.1356e-20 -3.5542e-24 -4.4671e-29 -1.6404e-35 -4.4306e-44 -1.1386e-55 -1.2496e-71 -4.6543e-94 -2.5089e-126 -4.9502e-174 -7.6094e-247 0.0000e+00 0.0000e+00 0.0000e+00 0.0000e+00 0.0000e+00 0.0000e+00 0.0000e+00 0.0000e+00 0.0000e+00 0.0000e+00 8.0554e-08 2.2801e-07 4.1938e-07 6.4678e-07 9.0586e-07 1.1939e-06 1.5092e-06 1.8506e-06 0.0000e+00 2.6086e-06 3.0246e-06 3.4651e-06 3.9302e-06 4.4202e-06 4.9354e-06 5.4763e-06 6.0434e-06 6.6373e-06 7.2586e-06 7.9080e-06 8.5861e-06 9.2939e-06 1.0032e-05 1.0801e-05 1.1601e-05 1.2434e-05 1.3299e-05 1.4197e-05 1.5128e-05 1.6092e-05 1.7089e-05 1.8117e-05 1.9175e-05 2.0262e-05 2.1376e-05 2.2512e-05 2.3667e-05 2.4835e-05 2.6010e-05 2.7184e-05 2.8347e-05 2.9487e-05 3.0591e-05 3.1642e-05 3.2621e-05 3.3507e-05 3.4275e-05 3.4898e-05 3.5345e-05 3.5585e-05 3.5584e-05 3.5307e-05 3.4722e-05 3.3799e-05 3.2516e-05 3.0860e-05 2.8831e-05 2.6449e-05 2.3753e-05 2.0809e-05 1.7709e-05 1.4565e-05 1.1508e-05 8.6700e-06 6.1738e-06 4.1105e-06 2.5252e-06 1.4084e-06 6.9893e-07 3.0102e-07 1.0905e-07 3.1947e-08 7.1993e-09 1.1706e-09 1.2646e-10 8.1513e-12 2.7216e-13 3.9005e-15 1.8636e-17 2.1040e-20 3.4896e-24 4.3665e-29 1.5942e-35 4.2729e-44 1.0869e-55 1.1762e-71 4.2961e-94 2.2528e-126 4.2708e-174 6.1888e-247 0.0000e+00 0.0000e+00 0.0000e+00 0.0000e+00 0.0000e+00 0.0000e+00 0.0000e+00 0.0000e+00 0.0000e+00 0.0000e+00
-9.4775e-08 -2.6826e-07 -4.9342e-07 -7.6095e-07 -1.0658e-06 -1.4047e-06 -1.7757e-06 -2.1773e-06 -2.6086e-06 3.0457e-04 -3.5585e-06 -4.0768e-06 -4.6240e-06 -5.2005e-06 -5.8067e-06 -6.4431e-06 -7.1103e-06 -7.8090e-06 -8.5400e-06 -9.3040e-06 -1.0102e-05 -1.0935e-05 -1.1803e-05 -1.2708e-05 -1.3649e-05 -1.4629e-05 -1.5647e-05 -1.6704e-05 -1.7799e-05 -1.8933e-05 -2.0106e-05 -2.1316e-05 -2.2561e-05 -2.3840e-05 -2.5150e-05 -2.6487e-05 -2.7846e-05 -2.9221e-05 -3.0604e-05 -3.1986e-05 -3.3354e-05 -3.4696e-05 -3.5996e-05 -3.7233e-05 -3.8386e-05 -3.9429e-05 -4.0334e-05 -4.1068e-05 -4.1595e-05 -4.1879e-05 -4.1879e-05 -4.1555e-05 -4.0868e-05 -3.9785e-05 -3.8277e-05 -3.6330e-05 -3.3944e-05 -3.1142e-05 -2.7971e-05 -2.4508e-05 -2.0859e-05 -1.7159e-05 -1.3559e-05 -1.0218e-05 -7.2779e-06 -4.8470e-06 -2.9787e-06 -1.6620e-06 -8.2517e-07 -3.5559e-07 -1.2891e-07 -3.7794e-08 -8.5249e-09 -1.3878e-09 -1.5013e-10 -9.6933e-12 -3.2433e-13 -4.6603e-15 -2.2339e-17 -2.5325e-20 -4.2223e-24 -5.3192e-29 -1.9591e-35 -5.3126e-44 -1.3725e-55 -1.5170e-71 -5.7050e-94 -3.1167e-126 -6.2657e-174 -9.8898e-247 0.0000e+00 0.0000e+00 0.0000e+00 0.0000e+00 0.0000e+00 0.0000e+00 0.0000e+00 0.0000e+00 0.0000e+00 0.0000e+00 9.4775e-08 2.6826e-07 4.9342e-07 7.6095e-07 1.0658e-06 1.4047e-06 1.7757e-06 2.1773e-06 2.6086e-06 0.0000e+00 3.5585e-06 4.0768e-06 4.6240e-06 5.2005e-06 5.8067e-06 6.4431e-06 7.1103e-06 7.8090e-06 8.5399e-06 9.3040e-06 1.0102e-05 1.0935e-05 1.1803e-05 1.2707e-05 1.3649e-05 1.4629e-05 1.5647e-05 1.6703e-05 1.7799e-05 1.8933e-05 2.0105e-05 2.1315e-05 2.2560e-05 2.3839e-05 2.5149e-05 2.6486e-05 2.7845e-05 2.9219e-05 3.0602e-05 3.1983e-05 3.3351e-05 3.4693e-05 3.5991e-05 3.7228e-05 3.8380e-05 3.9422e-05 4.0326e-05 4.1058e-05 4.1585e-05 4.1867e-05 4.1865e-05 4.1540e-05 4.0851e-05 3.9766e-05 3.8257e-05 3.6308e-05 3.3921e-05 3.1118e-05 2.7946e-05 2.4483e-05 2.0835e-05 1.7136e-05 1.3539e-05 1.0201e-05 7.2637e-06 4.8361e-06 2.9710e-06 1.6570e-06 8.2232e-07 3.5416e-07 1.2830e-07 3.7587e-08 8.4702e-09 1.3773e-09 1.4879e-10 9.5903e-12 3.2020e-13 4.5891e-15 2.1926e-17 2.4754e-20 4.1056e-24 5.1373e-29 1.8756e-35 5.0271e-44 1.2787e-55 1.3837e-71 5.0540e-94 2.6500e-126 5.0231e-174 7.2762e-247 0.0000e+00 0.0000e+00 0.0000e+00 0.0000e+00 0.0000e+00 0.0000e+00 0.0000e+00 0.0000e+00 0.0000e+00 0.0000e+00
-1.0989e-07 -3.1104e-07 -5.7210e-07 -8.8230e-07 -1.2357e-06 -1.6287e-06 -2.0588e-06 -2.5245e-06 -3.0246e-06 -3.5585e-06 4.4899e-04 -4.7269e-06 -5.3614e-06 -6.0298e-06 -6.7327e-06 -7.4705e-06 -8.2441e-06 -9.0542e-06 -9.9018e-06 -1.0788e-05 -1.1713e-05 -1.2678e-05 -1.3685e-05 -1.4734e-05 -1.5826e-05 -1.6962e-05 -1.8142e-05 -1.9367e-05 -2.0638e-05 -2.1953e-05 -2.3312e-05 -2.4715e-05 -2.6159e-05 -2.7642e-05 -2.9161e-05 -3.0712e-05 -3.2288e-05 -3.3882e-05 -3.5485e-05 -3.7087e-05 -3.8675e-05 -4.0231e-05 -4.1738e-05 -4.3173e-05 -4.4510e-05 -4.5720e-05 -4.6770e-05 -4.7621e-05 -4.8234e-05 -4.8564e-05 -4.8564e-05 -4.8190e-05 -4.7394e-05 -4.6139e-05 -4.4392e-05 -4.2135e-05 -3.9370e-05 -3.6121e-05 -3.2445e-05 -2.8429e-05 -2.4198e-05 -1.9907e-05 -1.5733e-05 -1.1857e-05 -8.4463e-06 -5.6259e-06 -3.4580e-06 -1.9297e-06 -9.5833e-07 -4.1308e-07 -1.4979e-07 -4.3934e-08 -9.9144e-09 -1.6148e-09 -1.7481e-10 -1.1296e-11 -3.7832e-13 -5.4427e-15 -2.6129e-17 -2.9678e-20 -4.9602e-24 -6.2681e-29 -2.3179e-35 -6.3186e-44 -1.6437e-55 -1.8337e-71 -6.9826e-94 -3.8800e-126 -7.9837e-174 -1.3011e-246 0.0000e+00 0.0000e+00 0.0000e+00 0.0000e+00 0.0000e+00 0.0000e+00 0.0000e+00 0.0000e+00 0.0000e+00 0.0000e+00 1.0989e-07 3.1104e-07 5.7210e-07 8.8230e-07 1.2357e-06 1.6287e-06 2.0588e-06 2.5245e-06 3.0246e-06 3.5585e-06 0.0000e+00 4.7269e-06 5.3614e-06 6.0298e-06 6.7327e-06 7.4705e-06 8.2441e-06 9.0542e-06 9.9017e-06 1.0788e-05 1.1713e-05 1.2678e-05 1.3685e-05 1.4734e-05 1.5826e-05 1.6962e-05 1.8142e-05 1.9367e-05 2.0637e-05 2.1952e-05 2.3311e-05 2.4714e-05 2.6158e-05 2.7641e-05 2.9160e-05 3.0710e-05 3.2285e-05 3.3879e-05 3.5482e-05 3.7083e-05 3.8670e-05 4.0225e-05 4.1731e-05 4.3164e-05 4.4500e-05 4.5708e-05 4.6756e-05 4.7606e-05 4.8216e-05 4.8543e-05 4.8541e-05 4.8164e-05 4.7366e-05 4.6107e-05 4.4357e-05 4.2098e-05 3.9330e-05 3.6080e-05 3.2403e-05 2.8387e-05 2.4158e-05 1.9869e-05 1.5698e-05 1.1827e-05 8.4219e-06 5.6073e-06 3.4448e-06 1.9212e-06 9.5345e-07 4.1064e-07 1.4876e-07 4.3581e-08 9.8209e-09 1.5969e-09 1.7251e-10 1.1120e-11 3.7126e-13 5.3208e-15 2.5422e-17 2.8702e-20 4.7603e-24 5.9564e-29 2.1746e-35 5.8286e-44 1.4825e-55 1.6042e-71 5.8588e-94 3.0714e-126 5.8199e-174 8.4241e-247 0.0000e+00 0.0000e+00 0.0000e+00 0.0000e+00 0.0000e+00 0.0000e+00 0.0000e+00 0.0000e+00 0.0000e+00 0.0000e+00
-1.2589e-07 -3.5633e-07 -6.5542e-07 -1.0108e-06 -1.4157e-06 -1.8659e-06 -2.3587e-06 -2.8921e-06 -3.4651e-06 -4.0768e-06 -4.7269e-06 6.4072e-04 -6.1422e-06 -6.9080e-06 -7.7132e-06 -8.5585e-06 -9.4448e-06 -1.0373e-05 -1.1344e-05 -1.2359e-05 -1.3419e-05 -1.4525e-05 -1.5678e-05 -1.6880e-05 -1.8131e-05 -1.9432e-05 -2.0784e-05 -2.2188e-05 -2.3643e-05 -2.5150e-05 -2.6708e-05 -2.8315e-05 -2.9969e-05 -3.1669e-05 -3.3409e-05 -3.5185e-05 -3.6991e-05 -3.8818e-05 -4.0655e-05 -4.2491e-05 -4.4310e-05 -4.6093e-05 -4.7820e-05 -4.9465e-05 -5.0997e-05 -5.2384e-05 -5.3588e-05 -5.4564e-05 -5.5267e-05 -5.5646e-05 -5.5649e-05 -5.5221e-05 -5.4311e-05 -5.2874e-05 -5.0874e-05 -4.8290e-05 -4.5123e-05 -4.1402e-05 -3.7190e-05 -3.2590e-05 -2.7743e-05 -2.2825e-05 -1.8041e-05 -1.3598e-05 -9.6883e-06 -6.4544e-06 -3.9680e-06 -2.2149e-06 -1.1003e-06 -4.7443e-07 -1.7211e-07 -5.0506e-08 -1.1404e-08 -1.8588e-09 -2.0139e-10 -1.3028e-11 -4.3688e-13 -6.2953e-15 -3.0283e-17 -3.4482e-20 -5.7812e-24 -7.3351e-29 -2.7266e-35 -7.4828e-44 -1.9638e-55 -2.2164e-71 -8.5710e-94 -4.8618e-126 -1.0283e-173 -1.7386e-246 0.0000e+00 0.0000e+00 0.0000e+00 0.0000e+00 0.0000e+00 0.0000e+00 0.0000e+00 0.0000e+00 0.0000e+00 0.0000e+00 1.2589e-07 3.5633e-07 6.5542e-07 1.0108e-06 1.4157e-06 1.8659e-06 2.3587e-06 2.8921e-06 3.4651e-06 4.0768e-06 4.7269e-06 0.0000e+00 6.1422e-06 6.9080e-06 7.7132e-06 8.5585e-06 9.4448e-06 1.0373e-05 1.1344e-05 1.2359e-05 1.3419e-05 1.4525e-05 1.5678e-05 1.6880e-05 1.8131e-05 1.9432e-05 2.0784e-05 2.2187e-05 2.3643e-05 2.5149e-05 2.6706e-05 2.8313e-05 2.9967e-05 3.1666e-05 3.3406e-05 3.5182e-05 3.6987e-05 3.8813e-05 4.0649e-05 4.2484e-05 4.4301e-05 4.6083e-05 4.7808e-05 4.9451e-05 5.0981e-05 5.2365e-05 5.3566e-05 5.4539e-05 5.5238e-05 5.5613e-05 5.5611e-05 5.5178e-05 5.4264e-05 5.2822e-05 5.0817e-05 4.8229e-05 4.5058e-05 4.1335e-05 3.7122e-05 3.2521e-05 2.7676e-05 2.2763e-05 1.7984e-05 1.3550e-05 9.6485e-06 6.4239e-06 3.9465e-06 2.2011e-06 1.0923e-06 4.7044e-07 1.7043e-07 4.9928e-08 1.1251e-08 1.8295e-09 1.9763e-10 1.2739e-11 4.2533e-13 6.0957e-15 2.9125e-17 3.2881e-20 5.4534e-24 6.8237e-29 2.4912e-35 6.6769e-44 1.6982e-55 1.8375e-71 6.7095e-94 3.5162e-126 6.6583e-174 9.6232e-247 0.0000e+00 0.0000e+00 0.0000e+00 0.0000e+00 0.0000e+00 0.0000e+00 0.0000e+00 0.0000e+00 0.0000e+00 0.0000e+00
-1.4279e-07 -4.0417e-07 -7.4340e-07 -1.1465e-06 -1.6057e-06 -2.1164e-06 -2.6753e-06 -3.2804e-06 -3.9302e-06 -4.6240e-06 -5.3614e-06 -6.1422e-06 8.8977e-04 -7.8353e-06 -8.7486e-06 -9.7074e-06 -1.0713e-05 -1.1765e-05 -1.2867e-05 -1.4018e-05 -1.5220e-05 -1.6475e-05 -1.7783e-05 -1.9146e-05 -2.0565e-05 -2.2041e-05 -2.3575e-05 -2.5167e-05 -2.6818e-05 -2.8527e-05 -3.0293e-05 -3.2116e-05 -3.3993e-05 -3.5921e-05 -3.7895e-05 -3.9910e-05 -4.1958e-05 -4.4031e-05 -4.6115e-05 -4.8198e-05 -5.0261e-05 -5.2285e-05 -5.4244e-05 -5.6110e-05 -5.7850e-05 -5.9425e-05 -6.0791e-05 -6.1900e-05 -6.2699e-05 -6.3131e-05 -6.3135e-05 -6.2652e-05 -6.1622e-05 -5.9995e-05 -5.7728e-05 -5.4799e-05 -5.1208e-05 -4.6989e-05 -4.2213e-05 -3.6995e-05 -3.1496e-05 -2.5917e-05 -2.0487e-05 -1.5445e-05 -1.1006e-05 -7.3342e-06 -4.5102e-06 -2.5184e-06 -1.2515e-06 -5.3988e-07 -1.9596e-07 -5.7541e-08 -1.3003e-08 -2.1213e-09 -2.3009e-10 -1.4904e-11 -5.0064e-13 -7.2289e-15 -3.4862e-17 -3.9823e-20 -6.7035e-24 -8.5487e-29 -3.1984e-35 -8.8512e-44 -2.3482e-55 -2.6878e-71 -1.0587e-93 -6.1516e-126 -1.3426e-173 -2.3643e-246 0.0000e+00 0.0000e+00 0.0000e+00 0.0000e+00 0.0000e+00 0.0000e+00 0.0000e+00 0.0000e+00 0.0000e+00 0.0000e+00 1.4279e-07 4.0417e-07 7.4340e-07 1.1465e-06 1.6057e-06 2.1164e-06 2.6753e-06 3.2804e-06 3.9302e-06 4.6240e-06 5.3614e-06 6.1422e-06 0.0000e+00 7.8353e-06 8.7486e-06 9.7073e-06 1.0713e-05 1.1765e-05 1.2867e-05 1.4018e-05 1.5220e-05 1.6474e-05 1.7782e-05 1.9145e-05 2.0564e-05 2.2040e-05 2.3574e-05 2.5166e-05 2.6816e-05 2.8525e-05 3.0291e-05 3.2114e-05 3.3990e-05 3.5917e-05 3.7891e-05 3.9905e-05 4.1952e-05 4.4023e-05 4.6106e-05 4.8187e-05 5.0248e-05 5.2269e-05 5.4226e-05 5.6089e-05 5.7824e-05 5.9395e-05 6.0756e-05 6.1860e-05 6.2653e-05 6.3078e-05 6.3076e-05 6.2585e-05 6.1548e-05 5.9913e-05 5.7639e-05 5.4703e-05 5.1106e-05 4.6883e-05 4.2105e-05 3.6887e-05 3.1391e-05 2.5818e-05 2.0399e-05 1.5368e-05 1.0944e-05 7.2862e-06 4.4762e-06 2.4965e-06 1.2389e-06 5.3359e-07 1.9330e-07 5.6630e-08 1.2761e-08 2.0750e-09 2.2416e-10 1.4449e-11 4.8242e-13 6.9139e-15 3.3034e-17 3.7294e-20 6.1852e-24 7.7393e-29 2.8253e-35 7.5722e-44 1.9257e-55 2.0833e-71 7.6047e-94 3.9830e-126 7.5326e-174 1.0856e-246 0.0000e+00 0.0000e+00 0.0000e+00 0.0000e+00 0.0000e+00 0.0000e+00 0.0000e+00 0.0000e+00 0.0000e+00 0.0000e+00
-1.6059e-07 -4.5456e-07 -8.3608e-07 -1.2894e-06 -1.8059e-06 -2.3802e-06 -3.0088e-06 -3.6893e-06 -4.4202e-06 -5.2005e-06 -6.0298e-06 -6.9080e-06 -7.8353e-06 1.2075e-03 -9.8393e-06 -1.0918e-05 -1.2048e-05 -1.3232e-05 -1.4471e-05 -1.5765e-05 -1.7118e-05 -1.8529e-05 -2.0000e-05 -2.1533e-05 -2.3129e-05 -2.4789e-05 -2.6514e-05 -2.8305e-05 -3.0162e-05 -3.2084e-05 -3.4071e-05 -3.6121e-05 -3.8232e-05 -4.0401e-05 -4.2622e-05 -4.4888e-05 -4.7192e-05 -4.9523e-05 -5.1868e-05 -5.4212e-05 -5.6533e-05 -5.8810e-05 -6.1015e-05 -6.3115e-05 -6.5073e-05 -6.6845e-05 -6.8384e-05 -6.9633e-05 -7.0534e-05 -7.1023e-05 -7.1030e-05 -7.0490e-05 -6.9335e-05 -6.7507e-05 -6.4961e-05 -6.1670e-05 -5.7634e-05 -5.2890e-05 -4.7519e-05 -4.1651e-05 -3.5465e-05 -2.9188e-05 -2.3077e-05 -1.7402e-05 -1.2404e-05 -8.2679e-06 -5.0861e-06 -2.8412e-06 -1.4126e-06 -6.0973e-07 -2.2146e-07 -6.5082e-08 -1.4721e-08 -2.4044e-09 -2.6117e-10 -1.6946e-11 -5.7043e-13 -8.2578e-15 -3.9952e-17 -4.5817e-20 -7.7509e-24 -9.9463e-29 -3.7509e-35 -1.0485e-43 -2.8179e-55 -3.2791e-71 -1.3193e-93 -7.8765e-126 -1.7795e-173 -3.2736e-246 0.0000e+00 0.0000e+00 0.0000e+00 0.0000e+00 0.0000e+00 0.0000e+00 0.0000e+00 0.0000e+00 0.0000e+00 0.0000e+00 1.6059e-07 4.5456e-07 8.3608e-07 1.2894e-06 1.8059e-06 2.3802e-06 3.0088e-06 3.6893e-06 4.4202e-06 5.2005e-06 6.0298e-06 6.9080e-06 7.8353e-06 0.0000e+00 9.8393e-06 1.0918e-05 1.2048e-05 1.3232e-05 1.4471e-05 1.5765e-05 1.7117e-05 1.8528e-05 2.0000e-05 2.1532e-05 2.3128e-05 2.4788e-05 2.6513e-05 2.8303e-05 3.0160e-05 3.2081e-05 3.4068e-05 3.6118e-05 3.8228e-05 4.0395e-05 4.2615e-05 4.4880e-05 4.7182e-05 4.9511e-05 5.1854e-05 5.4194e-05 5.6513e-05 5.8786e-05 6.0986e-05 6.3081e-05 6.5034e-05 6.6800e-05 6.8331e-05 6.9572e-05 7.0464e-05 7.0943e-05 7.0940e-05 7.0388e-05 6.9221e-05 6.7382e-05 6.4825e-05 6.1523e-05 5.7478e-05 5.2728e-05 4.7354e-05 4.1486e-05 3.5305e-05 2.9037e-05 2.2942e-05 1.7284e-05 1.2308e-05 8.1946e-06 5.0343e-06 2.8078e-06 1.3934e-06 6.0011e-07 2.1740e-07 6.3690e-08 1.4352e-08 2.3337e-09 2.5211e-10 1.6250e-11 5.4256e-13 7.7757e-15 3.7151e-17 4.1942e-20 6.9560e-24 8.7033e-29 3.1771e-35 8.5142e-44 2.1649e-55 2.3414e-71 8.5422e-94 4.4691e-126 8.4326e-174 1.2090e-246 0.0000e+00 0.0000e+00 0.0000e+00 0.0000e+00 0.0000e+00 0.0000e+00 0.0000e+00 0.0000e+00 0.0000e+00 0.0000e+00
-1.7931e-07 -5.0754e-07 -9.3354e-07 -1.4397e-06 -2.0164e-06 -2.6577e-06 -3.3595e-06 -4.1194e-06 -4.9354e-06 -5.8067e-06 -6.7327e-06 -7.7132e-06 -8.7486e-06 -9.8393e-06 1.6065e-03 -1.2190e-05 -1.3453e-05 -1.4775e-05 -1.6158e-05 -1.7603e-05 -1.9113e-05 -2.0688e-05 -2.2331e-05 -2.4043e-05 -2.5825e-05 -2.7679e-05 -2.9605e-05 -3.1605e-05 -3.3678e-05 -3.5825e-05 -3.8043e-05 -4.0333e-05 -4.2691e-05 -4.5112e-05 -4.7592e-05 -5.0123e-05 -5.2697e-05 -5.5300e-05 -5.7920e-05 -6.0537e-05 -6.3130e-05 -6.5674e-05 -6.8137e-05 -7.0484e-05 -7.2672e-05 -7.4654e-05 -7.6374e-05 -7.7772e-05 -7.8782e-05 -7.9330e-05 -7.9343e-05 -7.8743e-05 -7.7458e-05 -7.5422e-05 -7.2583e-05 -6.8912e-05 -6.4409e-05 -5.9115e-05 -5.3119e-05 -4.6567e-05 -3.9658e-05 -3.2645e-05 -2.5818e-05 -1.9473e-05 -1.3885e-05 -9.2586e-06 -5.6981e-06 -3.1847e-06 -1.5844e-06 -6.8435e-07 -2.4878e-07 -7.3183e-08 -1.6573e-08 -2.7109e-09 -2.9498e-10 -1.9181e-11 -6.4731e-13 -9.4004e-15 -4.5657e-17 -5.2613e-20 -8.9541e-24 -1.1577e-28 -4.4072e-35 -1.2467e-43 -3.4009e-55 -4.0329e-71 -1.6615e-93 -1.0219e-125 -2.3956e-173 -4.6151e-246 0.0000e+00 0.0000e+00 0.0000e+00 0.0000e+00 0.0000e+00 0.0000e+00 0.0000e+00 0.0000e+00 0.0000e+00 0.0000e+00 1.7931e-07 5.0754e-07 9.3354e-07 1.4397e-06 2.0164e-06 2.6577e-06 3.3595e-06 4.1194e-06 4.9354e-06 5.8067e-06 6.7327e-06 7.7132e-06 8.7486e-06 9.8393e-06 0.0000e+00 1.2190e-05 1.3453e-05 1.4774e-05 1.6157e-05 1.7603e-05 1.9113e-05 2.0688e-05 2.2331e-05 2.4042e-05 2.5824e-05 2.7677e-05 2.9603e-05 3.1602e-05 3.3675e-05 3.5821e-05 3.8039e-05 4.0327e-05 4.2684e-05 4.5104e-05 4.7582e-05 5.0111e-05 5.2682e-05 5.5282e-05 5.7898e-05 6.0511e-05 6.3100e-05 6.5638e-05 6.8095e-05 7.0434e-05 7.2614e-05 7.4586e-05 7.6296e-05 7.7682e-05 7.8678e-05 7.9212e-05 7.9209e-05 7.8592e-05 7.7290e-05 7.5237e-05 7.2381e-05 6.8694e-05 6.4178e-05 5.8874e-05 5.2874e-05 4.6321e-05 3.9420e-05 3.2422e-05 2.5616e-05 1.9299e-05 1.3743e-05 9.1498e-06 5.6211e-06 3.1350e-06 1.5558e-06 6.7006e-07 2.4274e-07 7.1113e-08 1.6025e-08 2.6057e-09 2.8149e-10 1.8144e-11 6.0579e-13 8.6818e-15 4.1480e-17 4.6828e-20 7.7660e-24 9.7163e-29 3.5466e-35 9.5027e-44 2.4156e-55 2.6112e-71 9.5176e-94 4.9700e-126 9.3400e-174 1.3266e-246 0.0000e+00 0.0000e+00 0.0000e+00 0.0000e+00 0.0000e+00 0.0000e+00 0.0000e+00 0.0000e+00 0.0000e+00 0.0000e+00
-1.9896e-07 -5.6316e-07 -1.0358e-06 -1.5975e-06 -2.2374e-06 -2.9490e-06 -3.7277e-06 -4.5708e-06 -5.4763e-06 -6.4431e-06 -7.4705e-06 -8.5585e-06 -9.7074e-06 -1.0918e-05 -1.2190e-05 2.1012e-03 -1.4927e-05 -1.6394e-05 -1.7928e-05 -1.9533e-05 -2.1208e-05 -2.2956e-05 -2.4779e-05 -2.6678e-05 -2.8656e-05 -3.0713e-05 -3.2850e-05 -3.5069e-05 -3.7370e-05 -3.9752e-05 -4.2214e-05 -4.4755e-05 -4.7372e-05 -5.0059e-05 -5.2811e-05 -5.5621e-05 -5.8477e-05 -6.1367e-05 -6.4275e-05 -6.7180e-05 -7.0059e-05 -7.2884e-05 -7.5619e-05 -7.8226e-05 -8.0656e-05 -8.2859e-05 -8.4771e-05 -8.6327e-05 -8.7451e-05 -8.8065e-05 -8.8084e-05 -8.7425e-05 -8.6005e-05 -8.3751e-05 -8.0607e-05 -7.6539e-05 -7.1547e-05 -6.5676e-05 -5.9025e-05 -5.1754e-05 -4.4085e-05 -3.6299e-05 -2.8716e-05 -2.1667e-05 -1.5455e-05 -1.0311e-05 -6.3490e-06 -3.5507e-06 -1.7678e-06 -7.6426e-07 -2.7812e-07 -8.1915e-08 -1.8578e-08 -3.0443e-09 -3.3195e-10 -2.1641e-11 -7.3262e-13 -1.0680e-14 -5.2115e-17 -6.0402e-20 -1.0353e-23 -1.3504e-28 -5.1974e-35 -1.4904e-43 -4.1350e-55 -5.0073e-71 -2.1170e-93 -1.3441e-125 -3.2764e-173 -6.6226e-246 0.0000e+00 0.0000e+00 0.0000e+00 0.0000e+00 0.0000e+00 0.0000e+00 0.0000e+00 0.0000e+00 0.0000e+00 0.0000e+00 1.9896e-07 5.6316e-07 1.0358e-06 1.5975e-06 2.2374e-06 2.9490e-06 3.7277e-06 4.5708e-06 5.4763e-06 6.4431e-06 7.4705e-06 8.5585e-06 9.7073e-06 1.0918e-05 1.2190e-05 0.0000e+00 1.4927e-05 1.6394e-05 1.7928e-05 1.9532e-05 2.1207e-05 2.2955e-05 2.4778e-05 2.6677e-05 2.8654e-05 3.0711e-05 3.2848e-05 3.5066e-05 3.7366e-05 3.9747e-05 4.2208e-05 4.4747e-05 4.7362e-05 5.0047e-05 5.2797e-05 5.5603e-05 5.8455e-05 6.1341e-05 6.4243e-05 6.7143e-05 7.0015e-05 7.2832e-05 7.5558e-05 7.8153e-05 8.0572e-05 8.2760e-05 8.4657e-05 8.6195e-05 8.7300e-05 8.7893e-05 8.7889e-05 8.7206e-05 8.5761e-05 8.3482e-05 8.0313e-05 7.6222e-05 7.1211e-05 6.5326e-05 5.8668e-05 5.1398e-05 4.3740e-05 3.5975e-05 2.8423e-05 2.1414e-05 1.5249e-05 1.0153e-05 6.2371e-06 3.4786e-06 1.7263e-06 7.4350e-07 2.6935e-07 7.8906e-08 1.7781e-08 2.8913e-09 3.1234e-10 2.0132e-11 6.7216e-13 9.6328e-15 4.6022e-17 5.1954e-20 8.6156e-24 1.0778e-28 3.9336e-35 1.0537e-43 2.6773e-55 2.8917e-71 1.0523e-93 5.4775e-126 1.0222e-173 1.4275e-246 0.0000e+00 0.0000e+00 0.0000e+00 0.0000e+00 0.0000e+00 0.0000e+00 0.0000e+00 0.0000e+00 0.0000e+00 0.0000e+00
-2.1957e-07 -6.2148e-07 -1.1431e-06 -1.7629e-06 -2.4691e-06 -3.2543e-06 -4.1137e-06 -5.0442e-06 -6.0434e-06 -7.1103e-06 -8.2441e-06 -9.4448e-06 -1.0713e-05 -1.2048e-05 -1.3453e-05 -1.4927e-05 2.7074e-03 -1.8092e-05 -1.9785e-05 -2.1555e-05 -2.3404e-05 -2.5333e-05 -2.7345e-05 -2.9441e-05 -3.1624e-05 -3.3894e-05 -3.6253e-05 -3.8702e-05 -4.1241e-05 -4.3870e-05 -4.6588e-05 -4.9392e-05 -5.2280e-05 -5.5247e-05 -5.8285e-05 -6.1386e-05 -6.4539e-05 -6.7730e-05 -7.0940e-05 -7.4148e-05 -7.7328e-05 -8.0448e-05 -8.3469e-05 -8.6349e-05 -8.9036e-05 -9.1470e-05 -9.3586e-05 -9.5308e-05 -9.6555e-05 -9.7239e-05 -9.7268e-05 -9.6548e-05 -9.4988e-05 -9.2510e-05 -8.9048e-05 -8.4565e-05 -7.9062e-05 -7.2588e-05 -6.5251e-05 -5.7227e-05 -4.8761e-05 -4.0162e-05 -3.1783e-05 -2.3991e-05 -1.7121e-05 -1.1429e-05 -7.0422e-06 -3.9415e-06 -1.9641e-06 -8.5004e-07 -3.0973e-07 -9.1362e-08 -2.0758e-08 -3.4087e-09 -3.7265e-10 -2.4369e-11 -8.2806e-13 -1.2126e-14 -5.9499e-17 -6.9428e-20 -1.1999e-23 -1.5810e-28 -6.1613e-35 -1.7940e-43 -5.0711e-55 -6.2824e-71 -2.7306e-93 -1.7927e-125 -4.5513e-173 -9.6716e-246 0.0000e+00 0.0000e+00 0.0000e+00 0.0000e+00 0.0000e+00 0.0000e+00 0.0000e+00 0.0000e+00 0.0000e+00 0.0000e+00 2.1957e-07 6.2148e-07 1.1431e-06 1.7629e-06 2.4691e-06 3.2543e-06 4.1137e-06 5.0441e-06 6.0434e-06 7.1103e-06 8.2441e-06 9.4448e-06 1.0713e-05 1.2048e-05 1.3453e-05 1.4927e-05 0.0000e+00 1.8091e-05 1.9785e-05 2.1555e-05 2.3403e-05 2.5332e-05 2.7344e-05 2.9440e-05 3.1621e-05 3.3891e-05 3.6249e-05 3.8697e-05 4.1235e-05 4.3862e-05 4.6578e-05 4.9381e-05 5.2266e-05 5.5229e-05 5.8264e-05 6.1361e-05 6.4509e-05 6.7693e-05 7.0896e-05 7.4096e-05 7.7266e-05 8.0373e-05 8.3382e-05 8.6246e-05 8.8915e-05 9.1330e-05 9.3423e-05 9.5121e-05 9.6341e-05 9.6994e-05 9.6991e-05 9.6236e-05 9.4641e-05 9.2127e-05 8.8630e-05 8.4115e-05 7.8585e-05 7.2091e-05 6.4743e-05 5.6720e-05 4.8269e-05 3.9700e-05 3.1366e-05 2.3632e-05 1.6828e-05 1.1204e-05 6.8830e-06 3.8388e-06 1.9051e-06 8.2048e-07 2.9724e-07 8.7076e-08 1.9622e-08 3.1906e-09 3.4467e-10 2.2216e-11 7.4172e-13 1.0629e-14 5.0782e-17 5.7324e-20 9.5053e-24 1.1889e-28 4.3381e-35 1.1616e-43 2.9492e-55 3.1810e-71 1.1545e-93 5.9773e-126 1.1021e-173 1.4926e-246 0.0000e+00 0.0000e+00 0.0000e+00 0.0000e+00 0.0000e+00 0.0000e+00 0.0000e+00 0.0000e+00 0.0000e+00 0.0000e+00
