4.7193e-12 -5.0113e-12 -1.3832e-11 -2.8458e-11 -4.9859e-11 -7.8930e-11 -1.1653e-10 -1.6350e-10 -2.2070e-10 -2.8899e-10 -3.6927e-10 -4.6246e-10 -5.6955e-10 -6.9158e-10 -8.2964e-10 -9.8491e-10 -1.1587e-09 -1.3522e-09 -1.5671e-09 -1.8047e-09 -2.0669e-09 -2.3554e-09 -2.6722e-09 -3.0195e-09 -3.3993e-09 -3.8143e-09 -4.2670e-09 -4.7602e-09 -5.2969e-09 -5.8802e-09 -6.5135e-09 -7.2001e-09 -7.9436e-09 -8.7476e-09 -9.6157e-09 -1.0551e-08 -1.1557e-08 -1.2636e-08 -1.3790e-08 -1.5019e-08 -1.6322e-08 -1.7696e-08 -1.9134e-08 -2.0625e-08 -2.2153e-08 -2.3695e-08 -2.5221e-08 -2.6688e-08 -2.8045e-08 -2.9223e-08 -3.0144e-08 -3.0713e-08 -3.0829e-08 -3.0387e-08 -2.9291e-08 -2.7473e-08 -2.4916e-08 -2.1679e-08 -1.7920e-08 -1.3898e-08 -9.9575e-09 -6.4606e-09 -3.7012e-09 -1.8126e-09 -7.2774e-10 -2.2693e-10 -5.1217e-11 -7.6260e-12 -6.6284e-13 -2.8573e-14 -4.9080e-16 -2.4979e-18 -2.5125e-21 -2.8557e-25 -1.6814e-30 -1.7054e-37 -6.1772e-47 -8.1741e-60 -1.3832e-77 -1.9980e-102 -1.2102e-137 -2.2739e-188 -9.8513e-263 0.0000e+00 0.0000e+00 0.0000e+00 0.0000e+00 0.0000e+00 0.0000e+00 0.0000e+00 0.0000e+00 0.0000e+00 0.0000e+00 0.0000e+00 0.0000e+00 0.0000e+00 0.0000e+00 0.0000e+00 0.0000e+00 0.0000e+00 0.0000e+00 5.0113e-12 1.3832e-11 2.8458e-11 4.9859e-11 7.8930e-11 1.1653e-10 1.6350e-10 2.2070e-10 2.8899e-10 3.6927e-10 4.6246e-10 5.6955e-10 6.9158e-10 8.2964e-10 9.8491e-10 1.1587e-09 1.3522e-09 1.5671e-09 1.8047e-09 2.0669e-09 2.3554e-09 2.6722e-09 3.0195e-09 3.3993e-09 3.8143e-09 4.2670e-09 4.7602e-09 5.2969e-09 5.8802e-09 6.5135e-09 7.2001e-09 7.9436e-09 8.7476e-09 9.6157e-09 1.0551e-08 1.1557e-08 1.2636e-08 1.3790e-08 1.5019e-08 1.6322e-08 1.7696e-08 1.9134e-08 2.0625e-08 2.2153e-08 2.3695e-08 2.5221e-08 2.6688e-08 2.8045e-08 2.9223e-08 3.0144e-08 3.0713e-08 3.0829e-08 3.0387e-08 2.9291e-08 2.7473e-08 2.4916e-08 2.1679e-08 1.7920e-08 1.3898e-08 9.9575e-09 6.4606e-09 3.7012e-09 1.8126e-09 7.2774e-10 2.2693e-10 5.1217e-11 7.6260e-12 6.6284e-13 2.8573e-14 4.9080e-16 2.4979e-18 2.5125e-21 2.8557e-25 1.6814e-30 1.7054e-37 6.1772e-47 8.1741e-60 1.3832e-77 1.9980e-102 1.2102e-137 2.2739e-188 9.8513e-263 0.0000e+00 0.0000e+00 0.0000e+00 0.0000e+00 0.0000e+00 0.0000e+00 0.0000e+00 0.0000e+00 0.0000e+00 0.0000e+00 0.0000e+00 0.0000e+00 0.0000e+00 0.0000e+00 0.0000e+00 0.0000e+00 0.0000e+00
-5.0113e-12 -2.9500e-08 -7.8320e-11 -1.6114e-10 -2.8232e-10 -4.4693e-10 -6.5983e-10 -9.2581e-10 -1.2497e-09 -1.6364e-09 -2.0909e-09 -2.6186e-09 -3.2250e-09 -3.9159e-09 -4.6977e-09 -5.5769e-09 -6.5607e-09 -7.6567e-09 -8.8732e-09 -1.0219e-08 -1.1704e-08 -1.3337e-08 -1.5131e-08 -1.7097e-08 -1.9248e-08 -2.1598e-08 -2.4161e-08 -2.6954e-08 -2.9993e-08 -3.3296e-08 -3.6881e-08 -4.0769e-08 -4.4979e-08 -4.9532e-08 -5.4447e-08 -5.9744e-08 -6.5441e-08 -7.1551e-08 -7.8084e-08 -8.5043e-08 -9.2422e-08 -1.0020e-07 -1.0834e-07 -1.1678e-07 -1.2544e-07 -1.3417e-07 -1.4281e-07 -1.5112e-07 -1.5880e-07 -1.6547e-07 -1.7068e-07 -1.7391e-07 -1.7457e-07 -1.7206e-07 -1.6585e-07 -1.5556e-07 -1.4108e-07 -1.2276e-07 -1.0147e-07 -7.8697e-08 -5.6382e-08 -3.6582e-08 -2.0958e-08 -1.0263e-08 -4.1207e-09 -1.2850e-09 -2.9001e-10 -4.3181e-11 -3.7532e-12 -1.6179e-13 -2.7791e-15 -1.4144e-17 -1.4227e-20 -1.6170e-24 -9.5205e-30 -9.6565e-37 -3.4977e-46 -4.6285e-59 -7.8321e-77 -1.1314e-101 -6.8526e-137 -1.2876e-187 -5.5781e-262 0.0000e+00 0.0000e+00 0.0000e+00 0.0000e+00 0.0000e+00 0.0000e+00 0.0000e+00 0.0000e+00 0.0000e+00 0.0000e+00 0.0000e+00 0.0000e+00 0.0000e+00 0.0000e+00 0.0000e+00 0.0000e+00 0.0000e+00 5.0113e-12 0.0000e+00 7.8320e-11 1.6114e-10 2.8232e-10 4.4693e-10 6.5983e-10 9.2581e-10 1.2497e-09 1.6364e-09 2.0909e-09 2.6186e-09 3.2250e-09 3.9159e-09 4.6977e-09 5.5769e-09 6.5607e-09 7.6567e-09 8.8732e-09 1.0219e-08 1.1704e-08 1.3337e-08 1.5131e-08 1.7097e-08 1.9248e-08 2.1598e-08 2.4161e-08 2.6954e-08 2.9993e-08 3.3296e-08 3.6881e-08 4.0769e-08 4.4979e-08 4.9532e-08 5.4447e-08 5.9744e-08 6.5441e-08 7.1551e-08 7.8084e-08 8.5043e-08 9.2422e-08 1.0020e-07 1.0834e-07 1.1678e-07 1.2544e-07 1.3417e-07 1.4281e-07 1.5112e-07 1.5880e-07 1.6547e-07 1.7068e-07 1.7391e-07 1.7457e-07 1.7206e-07 1.6585e-07 1.5556e-07 1.4108e-07 1.2276e-07 1.0147e-07 7.8697e-08 5.6382e-08 3.6582e-08 2.0958e-08 1.0263e-08 4.1207e-09 1.2850e-09 2.9001e-10 4.3181e-11 3.7532e-12 1.6179e-13 2.7791e-15 1.4144e-17 1.4227e-20 1.6170e-24 9.5205e-30 9.6565e-37 3.4977e-46 4.6285e-59 7.8321e-77 1.1314e-101 6.8526e-137 1.2876e-187 5.5781e-262 0.0000e+00 0.0000e+00 0.0000e+00 0.0000e+00 0.0000e+00 0.0000e+00 0.0000e+00 0.0000e+00 0.0000e+00 0.0000e+00 0.0000e+00 0.0000e+00 0.0000e+00 0.0000e+00 0.0000e+00 0.0000e+00 0.0000e+00
-1.3832e-11 -7.8320e-11 3.4537e-09 -4.4476e-10 -7.7923e-10 -1.2336e-09 -1.8212e-09 -2.5554e-09 -3.4493e-09 -4.5166e-09 -5.7712e-09 -7.2277e-09 -8.9014e-09 -1.0808e-08 -1.2966e-08 -1.5393e-08 -1.8108e-08 -2.1134e-08 -2.4491e-08 -2.8206e-08 -3.2303e-08 -3.6813e-08 -4.1764e-08 -4.7190e-08 -5.3127e-08 -5.9613e-08 -6.6688e-08 -7.4396e-08 -8.2784e-08 -9.1900e-08 -1.0180e-07 -1.1253e-07 -1.2415e-07 -1.3671e-07 -1.5028e-07 -1.6490e-07 -1.8062e-07 -1.9749e-07 -2.1552e-07 -2.3473e-07 -2.5510e-07 -2.7657e-07 -2.9904e-07 -3.2234e-07 -3.4622e-07 -3.7033e-07 -3.9417e-07 -4.1711e-07 -4.3830e-07 -4.5672e-07 -4.7111e-07 -4.8001e-07 -4.8183e-07 -4.7491e-07 -4.5778e-07 -4.2937e-07 -3.8941e-07 -3.3882e-07 -2.8006e-07 -2.1721e-07 -1.5562e-07 -1.0097e-07 -5.7846e-08 -2.8328e-08 -1.1374e-08 -3.5467e-09 -8.0045e-10 -1.1919e-10 -1.0359e-11 -4.4656e-13 -7.6706e-15 -3.9040e-17 -3.9268e-20 -4.4631e-24 -2.6278e-29 -2.6653e-36 -9.6542e-46 -1.2775e-58 -2.1618e-76 -3.1227e-101 -1.8914e-136 -3.5539e-187 -1.5396e-261 0.0000e+00 0.0000e+00 0.0000e+00 0.0000e+00 0.0000e+00 0.0000e+00 0.0000e+00 0.0000e+00 0.0000e+00 0.0000e+00 0.0000e+00 0.0000e+00 0.0000e+00 0.0000e+00 0.0000e+00 0.0000e+00 0.0000e+00 1.3832e-11 7.8320e-11 0.0000e+00 4.4476e-10 7.7923e-10 1.2336e-09 1.8212e-09 2.5554e-09 3.4493e-09 4.5166e-09 5.7712e-09 7.2277e-09 8.9014e-09 1.0808e-08 1.2966e-08 1.5393e-08 1.8108e-08 2.1134e-08 2.4491e-08 2.8206e-08 3.2303e-08 3.6813e-08 4.1764e-08 4.7190e-08 5.3127e-08 5.9613e-08 6.6688e-08 7.4396e-08 8.2784e-08 9.1900e-08 1.0180e-07 1.1253e-07 1.2415e-07 1.3671e-07 1.5028e-07 1.6490e-07 1.8062e-07 1.9749e-07 2.1552e-07 2.3473e-07 2.5510e-07 2.7657e-07 2.9904e-07 3.2234e-07 3.4622e-07 3.7033e-07 3.9417e-07 4.1711e-07 4.3830e-07 4.5672e-07 4.7111e-07 4.8001e-07 4.8183e-07 4.7491e-07 4.5778e-07 4.2937e-07 3.8941e-07 3.3882e-07 2.8006e-07 2.1721e-07 1.5562e-07 1.0097e-07 5.7846e-08 2.8328e-08 1.1374e-08 3.5467e-09 8.0045e-10 1.1919e-10 1.0359e-11 4.4656e-13 7.6706e-15 3.9040e-17 3.9268e-20 4.4631e-24 2.6278e-29 2.6653e-36 9.6542e-46 1.2775e-58 2.1618e-76 3.1227e-101 1.8914e-136 3.5538e-187 1.5396e-261 0.0000e+00 0.0000e+00 0.0000e+00 0.0000e+00 0.0000e+00 0.0000e+00 0.0000e+00 0.0000e+00 0.0000e+00 0.0000e+00 0.0000e+00 0.0000e+00 0.0000e+00 0.0000e+00 0.0000e+00 0.0000e+00 0.0000e+00
-2.8458e-11 -1.6114e-10 -4.4476e-10 1.9471e-08 -1.6032e-09 -2.5380e-09 -3.7470e-09 -5.2575e-09 -7.0968e-09 -9.2926e-09 -1.1874e-08 -1.4871e-08 -1.8314e-08 -2.2238e-08 -2.6677e-08 -3.1670e-08 -3.7257e-08 -4.3481e-08 -5.0389e-08 -5.8032e-08 -6.6462e-08 -7.5740e-08 -8.5927e-08 -9.7092e-08 -1.0931e-07 -1.2265e-07 -1.3721e-07 -1.5307e-07 -1.7032e-07 -1.8908e-07 -2.0944e-07 -2.3152e-07 -2.5543e-07 -2.8128e-07 -3.0920e-07 -3.3928e-07 -3.7163e-07 -4.0632e-07 -4.4342e-07 -4.8294e-07 -5.2485e-07 -5.6902e-07 -6.1525e-07 -6.6320e-07 -7.1233e-07 -7.6193e-07 -8.1099e-07 -8.5818e-07 -9.0178e-07 -9.3968e-07 -9.6928e-07 -9.8759e-07 -9.9133e-07 -9.7711e-07 -9.4186e-07 -8.8340e-07 -8.0118e-07 -6.9710e-07 -5.7621e-07 -4.4691e-07 -3.2019e-07 -2.0774e-07 -1.1901e-07 -5.8284e-08 -2.3401e-08 -7.2971e-09 -1.6469e-09 -2.4522e-10 -2.1314e-11 -9.1877e-13 -1.5782e-14 -8.0322e-17 -8.0791e-20 -9.1827e-24 -5.4065e-29 -5.4838e-36 -1.9863e-45 -2.6284e-58 -4.4477e-76 -6.4248e-101 -3.8915e-136 -7.3120e-187 -3.1678e-261 0.0000e+00 0.0000e+00 0.0000e+00 0.0000e+00 0.0000e+00 0.0000e+00 0.0000e+00 0.0000e+00 0.0000e+00 0.0000e+00 0.0000e+00 0.0000e+00 0.0000e+00 0.0000e+00 0.0000e+00 0.0000e+00 0.0000e+00 2.8458e-11 1.6114e-10 4.4476e-10 0.0000e+00 1.6032e-09 2.5380e-09 3.7470e-09 5.2575e-09 7.0968e-09 9.2926e-09 1.1874e-08 1.4871e-08 1.8314e-08 2.2238e-08 2.6677e-08 3.1670e-08 3.7257e-08 4.3481e-08 5.0389e-08 5.8032e-08 6.6462e-08 7.5740e-08 8.5927e-08 9.7092e-08 1.0931e-07 1.2265e-07 1.3721e-07 1.5307e-07 1.7032e-07 1.8908e-07 2.0944e-07 2.3152e-07 2.5543e-07 2.8128e-07 3.0920e-07 3.3928e-07 3.7163e-07 4.0632e-07 4.4342e-07 4.8294e-07 5.2485e-07 5.6902e-07 6.1525e-07 6.6320e-07 7.1233e-07 7.6193e-07 8.1099e-07 8.5818e-07 9.0178e-07 9.3968e-07 9.6928e-07 9.8759e-07 9.9133e-07 9.7711e-07 9.4186e-07 8.8340e-07 8.0118e-07 6.9710e-07 5.7621e-07 4.4691e-07 3.2019e-07 2.0774e-07 1.1901e-07 5.8284e-08 2.3401e-08 7.2971e-09 1.6469e-09 2.4522e-10 2.1314e-11 9.1877e-13 1.5782e-14 8.0322e-17 8.0791e-20 9.1827e-24 5.4065e-29 5.4837e-36 1.9863e-45 2.6284e-58 4.4477e-76 6.4247e-101 3.8915e-136 7.3118e-187 3.1677e-261 0.0000e+00 0.0000e+00 0.0000e+00 0.0000e+00 0.0000e+00 0.0000e+00 0.0000e+00 0.0000e+00 0.0000e+00 0.0000e+00 0.0000e+00 0.0000e+00 0.0000e+00 0.0000e+00 0.0000e+00 0.0000e+00 0.0000e+00
-4.9859e-11 -2.8232e-10 -7.7923e-10 -1.6032e-09 7.5300e-08 -4.4466e-09 -6.5649e-09 -9.2113e-09 -1.2434e-08 -1.6281e-08 -2.0803e-08 -2.6053e-08 -3.2087e-08 -3.8961e-08 -4.6739e-08 -5.5487e-08 -6.5275e-08 -7.6180e-08 -8.8283e-08 -1.0167e-07 -1.1644e-07 -1.3270e-07 -1.5055e-07 -1.7011e-07 -1.9151e-07 -2.1489e-07 -2.4039e-07 -2.6817e-07 -2.9841e-07 -3.3127e-07 -3.6695e-07 -4.0563e-07 -4.4752e-07 -4.9281e-07 -5.4172e-07 -5.9442e-07 -6.5109e-07 -7.1188e-07 -7.7689e-07 -8.4613e-07 -9.1954e-07 -9.9694e-07 -1.0779e-06 -1.1619e-06 -1.2480e-06 -1.3349e-06 -1.4209e-06 -1.5035e-06 -1.5799e-06 -1.6463e-06 -1.6982e-06 -1.7303e-06 -1.7368e-06 -1.7119e-06 -1.6501e-06 -1.5477e-06 -1.4037e-06 -1.2213e-06 -1.0095e-06 -7.8299e-07 -5.6097e-07 -3.6397e-07 -2.0852e-07 -1.0211e-07 -4.0999e-08 -1.2785e-08 -2.8854e-09 -4.2963e-10 -3.7342e-11 -1.6097e-12 -2.7650e-14 -1.4073e-16 -1.4155e-19 -1.6088e-23 -9.4724e-29 -9.6077e-36 -3.4801e-45 -4.6051e-58 -7.7927e-76 -1.1257e-100 -6.8182e-136 -1.2811e-186 -5.5504e-261 0.0000e+00 0.0000e+00 0.0000e+00 0.0000e+00 0.0000e+00 0.0000e+00 0.0000e+00 0.0000e+00 0.0000e+00 0.0000e+00 0.0000e+00 0.0000e+00 0.0000e+00 0.0000e+00 0.0000e+00 0.0000e+00 0.0000e+00 4.9859e-11 2.8232e-10 7.7923e-10 1.6032e-09 0.0000e+00 4.4466e-09 6.5649e-09 9.2113e-09 1.2434e-08 1.6281e-08 2.0803e-08 2.6053e-08 3.2087e-08 3.8961e-08 4.6739e-08 5.5487e-08 6.5275e-08 7.6180e-08 8.8283e-08 1.0167e-07 1.1644e-07 1.3270e-07 1.5055e-07 1.7011e-07 1.9151e-07 2.1489e-07 2.4039e-07 2.6817e-07 2.9841e-07 3.3127e-07 3.6695e-07 4.0563e-07 4.4752e-07 4.9281e-07 5.4172e-07 5.9442e-07 6.5109e-07 7.1188e-07 7.7689e-07 8.4613e-07 9.1954e-07 9.9694e-07 1.0779e-06 1.1619e-06 1.2480e-06 1.3349e-06 1.4209e-06 1.5035e-06 1.5799e-06 1.6463e-06 1.6982e-06 1.7303e-06 1.7368e-06 1.7119e-06 1.6501e-06 1.5477e-06 1.4037e-06 1.2213e-06 1.0095e-06 7.8299e-07 5.6097e-07 3.6397e-07 2.0852e-07 1.0211e-07 4.0999e-08 1.2785e-08 2.8854e-09 4.2963e-10 3.7342e-11 1.6097e-12 2.7650e-14 1.4073e-16 1.4155e-19 1.6088e-23 9.4723e-29 9.6076e-36 3.4800e-45 4.6050e-58 7.7925e-76 1.1256e-100 6.8179e-136 1.2810e-186 5.5499e-261 0.0000e+00 0.0000e+00 0.0000e+00 0.0000e+00 0.0000e+00 0.0000e+00 0.0000e+00 0.0000e+00 0.0000e+00 0.0000e+00 0.0000e+00 0.0000e+00 0.0000e+00 0.0000e+00 0.0000e+00 0.0000e+00 0.0000e+00
-7.8930e-11 -4.4693e-10 -1.2336e-09 -2.5380e-09 -4.4466e-09 2.2622e-07 -1.0393e-08 -1.4582e-08 -1.9683e-08 -2.5774e-08 -3.2933e-08 -4.1244e-08 -5.0795e-08 -6.1678e-08 -7.3991e-08 -8.7839e-08 -1.0333e-07 -1.2060e-07 -1.3976e-07 -1.6095e-07 -1.8434e-07 -2.1007e-07 -2.3832e-07 -2.6929e-07 -3.0317e-07 -3.4018e-07 -3.8055e-07 -4.2454e-07 -4.7240e-07 -5.2442e-07 -5.8090e-07 -6.4213e-07 -7.0845e-07 -7.8015e-07 -8.5757e-07 -9.4101e-07 -1.0307e-06 -1.1270e-06 -1.2299e-06 -1.3395e-06 -1.4557e-06 -1.5782e-06 -1.7064e-06 -1.8394e-06 -1.9757e-06 -2.1133e-06 -2.2493e-06 -2.3802e-06 -2.5011e-06 -2.6062e-06 -2.6883e-06 -2.7391e-06 -2.7495e-06 -2.7101e-06 -2.6123e-06 -2.4502e-06 -2.2221e-06 -1.9335e-06 -1.5982e-06 -1.2395e-06 -8.8805e-07 -5.7619e-07 -3.3009e-07 -1.6165e-07 -6.4904e-08 -2.0239e-08 -4.5677e-09 -6.8013e-10 -5.9115e-11 -2.5483e-12 -4.3772e-14 -2.2278e-16 -2.2408e-19 -2.5469e-23 -1.4996e-28 -1.5210e-35 -5.5094e-45 -7.2905e-58 -1.2337e-75 -1.7821e-100 -1.0795e-135 -2.0284e-186 -8.7882e-261 0.0000e+00 0.0000e+00 0.0000e+00 0.0000e+00 0.0000e+00 0.0000e+00 0.0000e+00 0.0000e+00 0.0000e+00 0.0000e+00 0.0000e+00 0.0000e+00 0.0000e+00 0.0000e+00 0.0000e+00 0.0000e+00 0.0000e+00 7.8930e-11 4.4693e-10 1.2336e-09 2.5380e-09 4.4466e-09 0.0000e+00 1.0393e-08 1.4582e-08 1.9683e-08 2.5774e-08 3.2933e-08 4.1244e-08 5.0795e-08 6.1678e-08 7.3991e-08 8.7839e-08 1.0333e-07 1.2060e-07 1.3976e-07 1.6095e-07 1.8434e-07 2.1007e-07 2.3832e-07 2.6929e-07 3.0317e-07 3.4018e-07 3.8055e-07 4.2454e-07 4.7240e-07 5.2442e-07 5.8090e-07 6.4213e-07 7.0845e-07 7.8015e-07 8.5757e-07 9.4101e-07 1.0307e-06 1.1270e-06 1.2299e-06 1.3395e-06 1.4557e-06 1.5782e-06 1.7064e-06 1.8394e-06 1.9757e-06 2.1133e-06 2.2493e-06 2.3802e-06 2.5011e-06 2.6062e-06 2.6883e-06 2.7391e-06 2.7495e-06 2.7101e-06 2.6123e-06 2.4502e-06 2.2221e-06 1.9335e-06 1.5982e-06 1.2395e-06 8.8805e-07 5.7618e-07 3.3009e-07 1.6165e-07 6.4904e-08 2.0239e-08 4.5677e-09 6.8012e-10 5.9115e-11 2.5483e-12 4.3772e-14 2.2278e-16 2.2408e-19 2.5469e-23 1.4995e-28 1.5209e-35 5.5091e-45 7.2901e-58 1.2336e-75 1.7819e-100 1.0793e-135 2.0280e-186 8.7858e-261 0.0000e+00 0.0000e+00 0.0000e+00 0.0000e+00 0.0000e+00 0.0000e+00 0.0000e+00 0.0000e+00 0.0000e+00 0.0000e+00 0.0000e+00 0.0000e+00 0.0000e+00 0.0000e+00 0.0000e+00 0.0000e+00 0.0000e+00
-1.1653e-10 -6.5983e-10 -1.8212e-09 -3.7470e-09 -6.5649e-09 -1.0393e-08 5.7395e-07 -2.1528e-08 -2.9060e-08 -3.8051e-08 -4.8621e-08 -6.0892e-08 -7.4993e-08 -9.1060e-08 -1.0924e-07 -1.2968e-07 -1.5256e-07 -1.7805e-07 -2.0633e-07 -2.3763e-07 -2.7215e-07 -3.1014e-07 -3.5185e-07 -3.9757e-07 -4.4759e-07 -5.0223e-07 -5.6183e-07 -6.2677e-07 -6.9744e-07 -7.7424e-07 -8.5762e-07 -9.4803e-07 -1.0459e-06 -1.1518e-06 -1.2661e-06 -1.3893e-06 -1.5217e-06 -1.6638e-06 -1.8157e-06 -1.9776e-06 -2.1491e-06 -2.3300e-06 -2.5193e-06 -2.7156e-06 -2.9169e-06 -3.1200e-06 -3.3208e-06 -3.5141e-06 -3.6926e-06 -3.8478e-06 -3.9690e-06 -4.0440e-06 -4.0593e-06 -4.0010e-06 -3.8567e-06 -3.6173e-06 -3.2807e-06 -2.8545e-06 -2.3595e-06 -1.8300e-06 -1.3111e-06 -8.5067e-07 -4.8734e-07 -2.3866e-07 -9.5822e-08 -2.9880e-08 -6.7437e-09 -1.0041e-09 -8.7277e-11 -3.7623e-12 -6.4625e-14 -3.2891e-16 -3.3083e-19 -3.7603e-23 -2.2140e-28 -2.2457e-35 -8.1344e-45 -1.0764e-57 -1.8216e-75 -2.6315e-100 -1.5940e-135 -2.9955e-186 -1.2980e-260 0.0000e+00 0.0000e+00 0.0000e+00 0.0000e+00 0.0000e+00 0.0000e+00 0.0000e+00 0.0000e+00 0.0000e+00 0.0000e+00 0.0000e+00 0.0000e+00 0.0000e+00 0.0000e+00 0.0000e+00 0.0000e+00 0.0000e+00 1.1653e-10 6.5983e-10 1.8212e-09 3.7470e-09 6.5649e-09 1.0393e-08 0.0000e+00 2.1528e-08 2.9060e-08 3.8051e-08 4.8621e-08 6.0892e-08 7.4993e-08 9.1060e-08 1.0924e-07 1.2968e-07 1.5256e-07 1.7805e-07 2.0633e-07 2.3763e-07 2.7215e-07 3.1014e-07 3.5185e-07 3.9757e-07 4.4759e-07 5.0223e-07 5.6183e-07 6.2677e-07 6.9744e-07 7.7424e-07 8.5762e-07 9.4803e-07 1.0459e-06 1.1518e-06 1.2661e-06 1.3893e-06 1.5217e-06 1.6638e-06 1.8157e-06 1.9776e-06 2.1491e-06 2.3300e-06 2.5193e-06 2.7156e-06 2.9169e-06 3.1200e-06 3.3208e-06 3.5141e-06 3.6926e-06 3.8478e-06 3.9690e-06 4.0440e-06 4.0593e-06 4.0010e-06 3.8567e-06 3.6173e-06 3.2807e-06 2.8545e-06 2.3595e-06 1.8300e-06 1.3111e-06 8.5066e-07 4.8734e-07 2.3866e-07 9.5822e-08 2.9880e-08 6.7437e-09 1.0041e-09 8.7276e-11 3.7622e-12 6.4624e-14 3.2890e-16 3.3082e-19 3.7601e-23 2.2139e-28 2.2455e-35 8.1335e-45 1.0763e-57 1.8212e-75 2.6308e-100 1.5935e-135 2.9940e-186 1.2971e-260 0.0000e+00 0.0000e+00 0.0000e+00 0.0000e+00 0.0000e+00 0.0000e+00 0.0000e+00 0.0000e+00 0.0000e+00 0.0000e+00 0.0000e+00 0.0000e+00 0.0000e+00 0.0000e+00 0.0000e+00 0.0000e+00 0.0000e+00
-1.6350e-10 -9.2581e-10 -2.5554e-09 -5.2575e-09 -9.2113e-09 -1.4582e-08 -2.1528e-08 1.2883e-06 -4.0774e-08 -5.3390e-08 -6.8221e-08 -8.5438e-08 -1.0522e-07 -1.2777e-07 -1.5327e-07 -1.8196e-07 -2.1406e-07 -2.4982e-07 -2.8951e-07 -3.3342e-07 -3.8186e-07 -4.3516e-07 -4.9369e-07 -5.5784e-07 -6.2802e-07 -7.0468e-07 -7.8832e-07 -8.7944e-07 -9.7859e-07 -1.0864e-06 -1.2033e-06 -1.3302e-06 -1.4676e-06 -1.6161e-06 -1.7765e-06 -1.9493e-06 -2.1352e-06 -2.3345e-06 -2.5477e-06 -2.7747e-06 -3.0155e-06 -3.2693e-06 -3.5349e-06 -3.8104e-06 -4.0927e-06 -4.3776e-06 -4.6595e-06 -4.9306e-06 -5.1812e-06 -5.3989e-06 -5.5689e-06 -5.6742e-06 -5.6956e-06 -5.6139e-06 -5.4114e-06 -5.0756e-06 -4.6032e-06 -4.0052e-06 -3.3106e-06 -2.5677e-06 -1.8396e-06 -1.1936e-06 -6.8380e-07 -3.3487e-07 -1.3445e-07 -4.1926e-08 -9.4623e-09 -1.4089e-09 -1.2246e-10 -5.2790e-12 -9.0679e-14 -4.6152e-16 -4.6422e-19 -5.2764e-23 -3.1067e-28 -3.1512e-35 -1.1415e-44 -1.5106e-57 -2.5565e-75 -3.6934e-100 -2.2375e-135 -4.2055e-186 -1.8227e-260 0.0000e+00 0.0000e+00 0.0000e+00 0.0000e+00 0.0000e+00 0.0000e+00 0.0000e+00 0.0000e+00 0.0000e+00 0.0000e+00 0.0000e+00 0.0000e+00 0.0000e+00 0.0000e+00 0.0000e+00 0.0000e+00 0.0000e+00 1.6350e-10 9.2581e-10 2.5554e-09 5.2575e-09 9.2113e-09 1.4582e-08 2.1528e-08 0.0000e+00 4.0774e-08 5.3390e-08 6.8221e-08 8.5438e-08 1.0522e-07 1.2777e-07 1.5327e-07 1.8196e-07 2.1406e-07 2.4982e-07 2.8951e-07 3.3342e-07 3.8186e-07 4.3516e-07 4.9369e-07 5.5784e-07 6.2802e-07 7.0468e-07 7.8832e-07 8.7944e-07 9.7859e-07 1.0864e-06 1.2033e-06 1.3302e-06 1.4676e-06 1.6161e-06 1.7765e-06 1.9493e-06 2.1352e-06 2.3345e-06 2.5477e-06 2.7747e-06 3.0155e-06 3.2693e-06 3.5349e-06 3.8104e-06 4.0927e-06 4.3776e-06 4.6595e-06 4.9306e-06 5.1812e-06 5.3989e-06 5.5689e-06 5.6742e-06 5.6956e-06 5.6139e-06 5.4114e-06 5.0755e-06 4.6032e-06 4.0052e-06 3.3106e-06 2.5677e-06 1.8396e-06 1.1936e-06 6.8379e-07 3.3487e-07 1.3445e-07 4.1925e-08 9.4621e-09 1.4089e-09 1.2246e-10 5.2788e-12 9.0674e-14 4.6149e-16 4.6418e-19 5.2759e-23 3.1063e-28 3.1507e-35 1.1412e-44 1.5101e-57 2.5554e-75 3.6913e-100 2.2358e-135 4.2010e-186 1.8200e-260 0.0000e+00 0.0000e+00 0.0000e+00 0.0000e+00 0.0000e+00 0.0000e+00 0.0000e+00 0.0000e+00 0.0000e+00 0.0000e+00 0.0000e+00 0.0000e+00 0.0000e+00 0.0000e+00 0.0000e+00 0.0000e+00 0.0000e+00
-2.2070e-10 -1.2497e-09 -3.4493e-09 -7.0968e-09 -1.2434e-08 -1.9683e-08 -2.9060e-08 -4.0774e-08 2.6334e-06 -7.2068e-08 -9.2087e-08 -1.1533e-07 -1.4203e-07 -1.7246e-07 -2.0689e-07 -2.4562e-07 -2.8894e-07 -3.3721e-07 -3.9079e-07 -4.5006e-07 -5.1544e-07 -5.8739e-07 -6.6640e-07 -7.5298e-07 -8.4772e-07 -9.5120e-07 -1.0641e-06 -1.1871e-06 -1.3209e-06 -1.4664e-06 -1.6243e-06 -1.7955e-06 -1.9810e-06 -2.1815e-06 -2.3979e-06 -2.6312e-06 -2.8821e-06 -3.1512e-06 -3.4389e-06 -3.7454e-06 -4.0704e-06 -4.4130e-06 -4.7715e-06 -5.1433e-06 -5.5244e-06 -5.9091e-06 -6.2895e-06 -6.6555e-06 -6.9937e-06 -7.2876e-06 -7.5171e-06 -7.6592e-06 -7.6882e-06 -7.5779e-06 -7.3045e-06 -6.8512e-06 -6.2135e-06 -5.4064e-06 -4.4688e-06 -3.4660e-06 -2.4832e-06 -1.6111e-06 -9.2302e-07 -4.5202e-07 -1.8149e-07 -5.6594e-08 -1.2773e-08 -1.9019e-09 -1.6531e-10 -7.1260e-12 -1.2241e-13 -6.2301e-16 -6.2667e-19 -7.1231e-23 -4.1942e-28 -4.2544e-35 -1.5412e-44 -2.0397e-57 -3.4523e-75 -4.9884e-100 -3.0227e-135 -5.6830e-186 -2.4643e-260 0.0000e+00 0.0000e+00 0.0000e+00 0.0000e+00 0.0000e+00 0.0000e+00 0.0000e+00 0.0000e+00 0.0000e+00 0.0000e+00 0.0000e+00 0.0000e+00 0.0000e+00 0.0000e+00 0.0000e+00 0.0000e+00 0.0000e+00 2.2070e-10 1.2497e-09 3.4493e-09 7.0968e-09 1.2434e-08 1.9683e-08 2.9060e-08 4.0774e-08 0.0000e+00 7.2068e-08 9.2087e-08 1.1533e-07 1.4203e-07 1.7246e-07 2.0689e-07 2.4562e-07 2.8894e-07 3.3721e-07 3.9079e-07 4.5006e-07 5.1544e-07 5.8739e-07 6.6640e-07 7.5298e-07 8.4772e-07 9.5120e-07 1.0641e-06 1.1871e-06 1.3209e-06 1.4664e-06 1.6243e-06 1.7955e-06 1.9810e-06 2.1815e-06 2.3979e-06 2.6312e-06 2.8821e-06 3.1512e-06 3.4389e-06 3.7454e-06 4.0704e-06 4.4130e-06 4.7715e-06 5.1433e-06 5.5244e-06 5.9091e-06 6.2895e-06 6.6555e-06 6.9937e-06 7.2876e-06 7.5171e-06 7.6592e-06 7.6881e-06 7.5778e-06 7.3045e-06 6.8511e-06 6.2135e-06 5.4063e-06 4.4688e-06 3.4659e-06 2.4832e-06 1.6111e-06 9.2300e-07 4.5201e-07 1.8148e-07 5.6592e-08 1.2772e-08 1.9018e-09 1.6530e-10 7.1254e-12 1.2239e-13 6.2293e-16 6.2657e-19 7.1215e-23 4.1930e-28 4.2529e-35 1.5405e-44 2.0384e-57 3.4494e-75 4.9826e-100 3.0180e-135 5.6706e-186 2.4567e-260 0.0000e+00 0.0000e+00 0.0000e+00 0.0000e+00 0.0000e+00 0.0000e+00 0.0000e+00 0.0000e+00 0.0000e+00 0.0000e+00 0.0000e+00 0.0000e+00 0.0000e+00 0.0000e+00 0.0000e+00 0.0000e+00 0.0000e+00
-2.8899e-10 -1.6364e-09 -4.5166e-09 -9.2926e-09 -1.6281e-08 -2.5774e-08 -3.8051e-08 -5.3390e-08 -7.2068e-08 5.0015e-06 -1.2058e-07 -1.5101e-07 -1.8598e-07 -2.2583e-07 -2.7091e-07 -3.2161e-07 -3.7835e-07 -4.4155e-07 -5.1171e-07 -5.8931e-07 -6.7493e-07 -7.6914e-07 -8.7259e-07 -9.8597e-07 -1.1100e-06 -1.2455e-06 -1.3933e-06 -1.5544e-06 -1.7296e-06 -1.9201e-06 -2.1269e-06 -2.3511e-06 -2.5939e-06 -2.8564e-06 -3.1399e-06 -3.4454e-06 -3.7739e-06 -4.1262e-06 -4.5030e-06 -4.9043e-06 -5.3299e-06 -5.7785e-06 -6.2479e-06 -6.7348e-06 -7.2338e-06 -7.7375e-06 -8.2357e-06 -8.7148e-06 -9.1577e-06 -9.5425e-06 -9.8431e-06 -1.0029e-05 -1.0067e-05 -9.9226e-06 -9.5647e-06 -8.9711e-06 -8.1361e-06 -7.0792e-06 -5.8516e-06 -4.5384e-06 -3.2516e-06 -2.1097e-06 -1.2086e-06 -5.9190e-07 -2.3765e-07 -7.4108e-08 -1.6726e-08 -2.4905e-09 -2.1647e-10 -9.3317e-12 -1.6030e-13 -8.1588e-16 -8.2070e-19 -9.3290e-23 -5.4933e-28 -5.5727e-35 -2.0190e-44 -2.6724e-57 -4.5240e-75 -6.5386e-100 -3.9636e-135 -7.4560e-186 -3.2357e-260 0.0000e+00 0.0000e+00 0.0000e+00 0.0000e+00 0.0000e+00 0.0000e+00 0.0000e+00 0.0000e+00 0.0000e+00 0.0000e+00 0.0000e+00 0.0000e+00 0.0000e+00 0.0000e+00 0.0000e+00 0.0000e+00 0.0000e+00 2.8899e-10 1.6364e-09 4.5166e-09 9.2926e-09 1.6281e-08 2.5774e-08 3.8051e-08 5.3390e-08 7.2068e-08 0.0000e+00 1.2058e-07 1.5101e-07 1.8598e-07 2.2583e-07 2.7091e-07 3.2161e-07 3.7835e-07 4.4155e-07 5.1171e-07 5.8931e-07 6.7493e-07 7.6914e-07 8.7259e-07 9.8597e-07 1.1100e-06 1.2455e-06 1.3933e-06 1.5544e-06 1.7296e-06 1.9201e-06 2.1269e-06 2.3511e-06 2.5939e-06 2.8564e-06 3.1399e-06 3.4454e-06 3.7739e-06 4.1262e-06 4.5030e-06 4.9043e-06 5.3299e-06 5.7785e-06 6.2479e-06 6.7348e-06 7.2338e-06 7.7375e-06 8.2356e-06 8.7148e-06 9.1577e-06 9.5425e-06 9.8431e-06 1.0029e-05 1.0067e-05 9.9226e-06 9.5646e-06 8.9710e-06 8.1361e-06 7.0791e-06 5.8515e-06 4.5384e-06 3.2515e-06 2.1096e-06 1.2086e-06 5.9187e-07 2.3764e-07 7.4103e-08 1.6724e-08 2.4902e-09 2.1644e-10 9.3302e-12 1.6027e-13 8.1567e-16 8.2044e-19 9.3251e-23 5.4904e-28 5.5688e-35 2.0171e-44 2.6692e-57 4.5167e-75 6.5244e-100 3.9518e-135 7.4252e-186 3.2168e-260 0.0000e+00 0.0000e+00 0.0000e+00 0.0000e+00 0.0000e+00 0.0000e+00 0.0000e+00 0.0000e+00 0.0000e+00 0.0000e+00 0.0000e+00 0.0000e+00 0.0000e+00 0.0000e+00 0.0000e+00 0.0000e+00 0.0000e+00
-3.6927e-10 -2.0909e-09 -5.7712e-09 -1.1874e-08 -2.0803e-08 -3.2933e-08 -4.8621e-08 -6.8221e-08 -9.2087e-08 -1.2058e-07 8.9520e-06 -1.9296e-07 -2.3764e-07 -2.8856e-07 -3.4616e-07 -4.1095e-07 -4.8344e-07 -5.6421e-07 -6.5384e-07 -7.5301e-07 -8.6241e-07 -9.8279e-07 -1.1150e-06 -1.2598e-06 -1.4183e-06 -1.5915e-06 -1.7804e-06 -1.9862e-06 -2.2101e-06 -2.4535e-06 -2.7177e-06 -3.0042e-06 -3.3144e-06 -3.6499e-06 -4.0121e-06 -4.4024e-06 -4.8222e-06 -5.2724e-06 -5.7538e-06 -6.2666e-06 -6.8104e-06 -7.3836e-06 -7.9835e-06 -8.6056e-06 -9.2432e-06 -9.8868e-06 -1.0523e-05 -1.1136e-05 -1.1701e-05 -1.2193e-05 -1.2577e-05 -1.2815e-05 -1.2863e-05 -1.2679e-05 -1.2222e-05 -1.1463e-05 -1.0396e-05 -9.0458e-06 -7.4771e-06 -5.7992e-06 -4.1549e-06 -2.6958e-06 -1.5444e-06 -7.5634e-07 -3.0368e-07 -9.4698e-08 -2.1373e-08 -3.1825e-09 -2.7663e-10 -1.1925e-11 -2.0486e-13 -1.0427e-15 -1.0489e-18 -1.1924e-22 -7.0222e-28 -7.1245e-35 -2.5816e-44 -3.4180e-57 -5.7880e-75 -8.3693e-100 -5.0766e-135 -9.5583e-186 -4.1535e-260 0.0000e+00 0.0000e+00 0.0000e+00 0.0000e+00 0.0000e+00 0.0000e+00 0.0000e+00 0.0000e+00 0.0000e+00 0.0000e+00 0.0000e+00 0.0000e+00 0.0000e+00 0.0000e+00 0.0000e+00 0.0000e+00 0.0000e+00 3.6927e-10 2.0909e-09 5.7712e-09 1.1874e-08 2.0803e-08 3.2933e-08 4.8621e-08 6.8221e-08 9.2087e-08 1.2058e-07 0.0000e+00 1.9296e-07 2.3764e-07 2.8856e-07 3.4616e-07 4.1095e-07 4.8344e-07 5.6421e-07 6.5384e-07 7.5301e-07 8.6241e-07 9.8279e-07 1.1150e-06 1.2598e-06 1.4183e-06 1.5915e-06 1.7804e-06 1.9862e-06 2.2101e-06 2.4535e-06 2.7177e-06 3.0042e-06 3.3144e-06 3.6499e-06 4.0121e-06 4.4024e-06 4.8222e-06 5.2724e-06 5.7538e-06 6.2666e-06 6.8104e-06 7.3836e-06 7.9834e-06 8.6055e-06 9.2431e-06 9.8867e-06 1.0523e-05 1.1136e-05 1.1701e-05 1.2193e-05 1.2577e-05 1.2815e-05 1.2863e-05 1.2679e-05 1.2221e-05 1.1463e-05 1.0396e-05 9.0455e-06 7.4769e-06 5.7990e-06 4.1547e-06 2.6956e-06 1.5443e-06 7.5628e-07 3.0365e-07 9.4686e-08 2.1370e-08 3.1819e-09 2.7657e-10 1.1922e-11 2.0478e-13 1.0422e-15 1.0483e-18 1.1915e-22 7.0155e-28 7.1156e-35 2.5774e-44 3.4106e-57 5.7713e-75 8.3367e-100 5.0495e-135 9.4878e-186 4.1104e-260 0.0000e+00 0.0000e+00 0.0000e+00 0.0000e+00 0.0000e+00 0.0000e+00 0.0000e+00 0.0000e+00 0.0000e+00 0.0000e+00 0.0000e+00 0.0000e+00 0.0000e+00 0.0000e+00 0.0000e+00 0.0000e+00 0.0000e+00
-4.6246e-10 -2.6186e-09 -7.2277e-09 -1.4871e-08 -2.6053e-08 -4.1244e-08 -6.0892e-08 -8.5438e-08 -1.1533e-07 -1.5101e-07 -1.9296e-07 1.5260e-05 -2.9762e-07 -3.6138e-07 -4.3352e-07 -5.1466e-07 -6.0545e-07 -7.0660e-07 -8.1886e-07 -9.4305e-07 -1.0801e-06 -1.2308e-06 -1.3964e-06 -1.5778e-06 -1.7763e-06 -1.9931e-06 -2.2297e-06 -2.4874e-06 -2.7679e-06 -3.0727e-06 -3.4036e-06 -3.7624e-06 -4.1509e-06 -4.5710e-06 -5.0246e-06 -5.5135e-06 -6.0392e-06 -6.6030e-06 -7.2059e-06 -7.8482e-06 -8.5291e-06 -9.2470e-06 -9.9983e-06 -1.0777e-05 -1.1576e-05 -1.2382e-05 -1.3179e-05 -1.3946e-05 -1.4655e-05 -1.5270e-05 -1.5752e-05 -1.6049e-05 -1.6110e-05 -1.5879e-05 -1.5306e-05 -1.4356e-05 -1.3020e-05 -1.1329e-05 -9.3643e-06 -7.2629e-06 -5.2036e-06 -3.3763e-06 -1.9343e-06 -9.4728e-07 -3.8034e-07 -1.1861e-07 -2.6770e-08 -3.9862e-09 -3.4650e-10 -1.4938e-11 -2.5662e-13 -1.3063e-15 -1.3142e-18 -1.4941e-22 -8.8004e-28 -8.9304e-35 -3.2369e-44 -4.2871e-57 -7.2635e-75 -1.0510e-99 -6.3817e-135 -1.2033e-185 -5.2398e-260 0.0000e+00 0.0000e+00 0.0000e+00 0.0000e+00 0.0000e+00 0.0000e+00 0.0000e+00 0.0000e+00 0.0000e+00 0.0000e+00 0.0000e+00 0.0000e+00 0.0000e+00 0.0000e+00 0.0000e+00 0.0000e+00 0.0000e+00 4.6246e-10 2.6186e-09 7.2277e-09 1.4871e-08 2.6053e-08 4.1244e-08 6.0892e-08 8.5438e-08 1.1533e-07 1.5101e-07 1.9296e-07 0.0000e+00 2.9762e-07 3.6138e-07 4.3352e-07 5.1466e-07 6.0545e-07 7.0660e-07 8.1886e-07 9.4305e-07 1.0801e-06 1.2308e-06 1.3964e-06 1.5778e-06 1.7763e-06 1.9931e-06 2.2297e-06 2.4874e-06 2.7679e-06 3.0727e-06 3.4036e-06 3.7624e-06 4.1509e-06 4.5710e-06 5.0246e-06 5.5135e-06 6.0392e-06 6.6030e-06 7.2059e-06 7.8482e-06 8.5291e-06 9.2470e-06 9.9983e-06 1.0777e-05 1.1576e-05 1.2382e-05 1.3179e-05 1.3946e-05 1.4655e-05 1.5270e-05 1.5751e-05 1.6049e-05 1.6110e-05 1.5879e-05 1.5306e-05 1.4356e-05 1.3020e-05 1.1328e-05 9.3638e-06 7.2625e-06 5.2032e-06 3.3759e-06 1.9341e-06 9.4715e-07 3.8028e-07 1.1858e-07 2.6763e-08 3.9849e-09 3.4636e-10 1.4931e-11 2.5647e-13 1.3053e-15 1.3129e-18 1.4922e-22 8.7860e-28 8.9114e-35 3.2279e-44 4.2714e-57 7.2278e-75 1.0441e-99 6.3239e-135 1.1882e-185 5.1477e-260 0.0000e+00 0.0000e+00 0.0000e+00 0.0000e+00 0.0000e+00 0.0000e+00 0.0000e+00 0.0000e+00 0.0000e+00 0.0000e+00 0.0000e+00 0.0000e+00 0.0000e+00 0.0000e+00 0.0000e+00 0.0000e+00 0.0000e+00
-5.6955e-10 -3.2250e-09 -8.9014e-09 -1.8314e-08 -3.2087e-08 -5.0795e-08 -7.4993e-08 -1.0522e-07 -1.4203e-07 -1.8598e-07 -2.3764e-07 -2.9762e-07 2.4973e-05 -4.4506e-07 -5.3391e-07 -6.3384e-07 -7.4565e-07 -8.7022e-07 -1.0085e-06 -1.1614e-06 -1.3302e-06 -1.5158e-06 -1.7197e-06 -1.9432e-06 -2.1876e-06 -2.4547e-06 -2.7460e-06 -3.0634e-06 -3.4088e-06 -3.7842e-06 -4.1917e-06 -4.6336e-06 -5.1121e-06 -5.6295e-06 -6.1882e-06 -6.7902e-06 -7.4377e-06 -8.1321e-06 -8.8746e-06 -9.6656e-06 -1.0504e-05 -1.1388e-05 -1.2314e-05 -1.3273e-05 -1.4257e-05 -1.5249e-05 -1.6231e-05 -1.7176e-05 -1.8048e-05 -1.8807e-05 -1.9399e-05 -1.9766e-05 -1.9841e-05 -1.9556e-05 -1.8851e-05 -1.7681e-05 -1.6036e-05 -1.3953e-05 -1.1533e-05 -8.9452e-06 -6.4089e-06 -4.1583e-06 -2.3824e-06 -1.1667e-06 -4.6847e-07 -1.4609e-07 -3.2974e-08 -4.9103e-09 -4.2684e-10 -1.8403e-11 -3.1617e-13 -1.6096e-15 -1.6196e-18 -1.8416e-22 -1.0850e-27 -1.1013e-34 -3.9935e-44 -5.2923e-57 -8.9735e-75 -1.2999e-99 -7.9049e-135 -1.4938e-185 -6.5258e-260 0.0000e+00 0.0000e+00 0.0000e+00 0.0000e+00 0.0000e+00 0.0000e+00 0.0000e+00 0.0000e+00 0.0000e+00 0.0000e+00 0.0000e+00 0.0000e+00 0.0000e+00 0.0000e+00 0.0000e+00 0.0000e+00 0.0000e+00 5.6955e-10 3.2250e-09 8.9014e-09 1.8314e-08 3.2087e-08 5.0795e-08 7.4993e-08 1.0522e-07 1.4203e-07 1.8598e-07 2.3764e-07 2.9762e-07 0.0000e+00 4.4506e-07 5.3391e-07 6.3384e-07 7.4565e-07 8.7022e-07 1.0085e-06 1.1614e-06 1.3302e-06 1.5158e-06 1.7197e-06 1.9432e-06 2.1876e-06 2.4547e-06 2.7460e-06 3.0634e-06 3.4088e-06 3.7842e-06 4.1917e-06 4.6336e-06 5.1121e-06 5.6295e-06 6.1882e-06 6.7902e-06 7.4376e-06 8.1321e-06 8.8746e-06 9.6655e-06 1.0504e-05 1.1388e-05 1.2314e-05 1.3273e-05 1.4256e-05 1.5249e-05 1.6231e-05 1.7175e-05 1.8048e-05 1.8806e-05 1.9399e-05 1.9766e-05 1.9840e-05 1.9556e-05 1.8850e-05 1.7680e-05 1.6035e-05 1.3952e-05 1.1532e-05 8.9443e-06 6.4081e-06 4.1577e-06 2.3819e-06 1.1665e-06 4.6834e-07 1.4604e-07 3.2960e-08 4.9077e-09 4.2657e-10 1.8388e-11 3.1586e-13 1.6075e-15 1.6169e-18 1.8378e-22 1.0821e-27 1.0975e-34 3.9753e-44 5.2605e-57 8.9016e-75 1.2858e-99 7.7883e-135 1.4634e-185 6.3398e-260 0.0000e+00 0.0000e+00 0.0000e+00 0.0000e+00 0.0000e+00 0.0000e+00 0.0000e+00 0.0000e+00 0.0000e+00 0.0000e+00 0.0000e+00 0.0000e+00 0.0000e+00 0.0000e+00 0.0000e+00 0.0000e+00 0.0000e+00
-6.9158e-10 -3.9159e-09 -1.0808e-08 -2.2238e-08 -3.8961e-08 -6.1678e-08 -9.1060e-08 -1.2777e-07 -1.7246e-07 -2.2583e-07 -2.8856e-07 -3.6138e-07 -4.4506e-07 3.9480e-05 -6.4831e-07 -7.6964e-07 -9.0541e-07 -1.0567e-06 -1.2245e-06 -1.4103e-06 -1.6151e-06 -1.8406e-06 -2.0882e-06 -2.3595e-06 -2.6563e-06 -2.9806e-06 -3.3344e-06 -3.7198e-06 -4.1392e-06 -4.5950e-06 -5.0898e-06 -5.6264e-06 -6.2074e-06 -6.8357e-06 -7.5140e-06 -8.2450e-06 -9.0312e-06 -9.8744e-06 -1.0776e-05 -1.1736e-05 -1.2755e-05 -1.3828e-05 -1.4952e-05 -1.6117e-05 -1.7311e-05 -1.8516e-05 -1.9709e-05 -2.0855e-05 -2.1915e-05 -2.2836e-05 -2.3556e-05 -2.4001e-05 -2.4092e-05 -2.3747e-05 -2.2890e-05 -2.1470e-05 -1.9472e-05 -1.6943e-05 -1.4005e-05 -1.0862e-05 -7.7826e-06 -5.0497e-06 -2.8931e-06 -1.4169e-06 -5.6893e-07 -1.7743e-07 -4.0048e-08 -5.9641e-09 -5.1849e-10 -2.2356e-11 -3.8414e-13 -1.9559e-15 -1.9684e-18 -2.2389e-22 -1.3195e-27 -1.3400e-34 -4.8620e-44 -6.4486e-57 -1.0947e-74 -1.5883e-99 -9.6810e-135 -1.8354e-185 -8.0560e-260 0.0000e+00 0.0000e+00 0.0000e+00 0.0000e+00 0.0000e+00 0.0000e+00 0.0000e+00 0.0000e+00 0.0000e+00 0.0000e+00 0.0000e+00 0.0000e+00 0.0000e+00 0.0000e+00 0.0000e+00 0.0000e+00 0.0000e+00 6.9158e-10 3.9159e-09 1.0808e-08 2.2238e-08 3.8961e-08 6.1678e-08 9.1060e-08 1.2777e-07 1.7246e-07 2.2583e-07 2.8856e-07 3.6138e-07 4.4506e-07 0.0000e+00 6.4831e-07 7.6964e-07 9.0541e-07 1.0567e-06 1.2245e-06 1.4103e-06 1.6151e-06 1.8406e-06 2.0882e-06 2.3595e-06 2.6563e-06 2.9806e-06 3.3344e-06 3.7198e-06 4.1392e-06 4.5950e-06 5.0898e-06 5.6263e-06 6.2074e-06 6.8357e-06 7.5140e-06 8.2450e-06 9.0312e-06 9.8744e-06 1.0776e-05 1.1736e-05 1.2755e-05 1.3828e-05 1.4952e-05 1.6117e-05 1.7311e-05 1.8516e-05 1.9708e-05 2.0855e-05 2.1915e-05 2.2836e-05 2.3555e-05 2.4000e-05 2.4091e-05 2.3745e-05 2.2889e-05 2.1468e-05 1.9470e-05 1.6941e-05 1.4003e-05 1.0861e-05 7.7811e-06 5.0485e-06 2.8923e-06 1.4164e-06 5.6868e-07 1.7733e-07 4.0022e-08 5.9592e-09 5.1796e-10 2.2328e-11 3.8353e-13 1.9520e-15 1.9634e-18 2.2316e-22 1.3139e-27 1.3326e-34 4.8271e-44 6.3875e-57 1.0809e-74 1.5613e-99 9.4569e-135 1.7769e-185 7.6979e-260 0.0000e+00 0.0000e+00 0.0000e+00 0.0000e+00 0.0000e+00 0.0000e+00 0.0000e+00 0.0000e+00 0.0000e+00 0.0000e+00 0.0000e+00 0.0000e+00 0.0000e+00 0.0000e+00 0.0000e+00 0.0000e+00 0.0000e+00
-8.2964e-10 -4.6977e-09 -1.2966e-08 -2.6677e-08 -4.6739e-08 -7.3991e-08 -1.0924e-07 -1.5327e-07 -2.0689e-07 -2.7091e-07 -3.4616e-07 -4.3352e-07 -5.3391e-07 -6.4831e-07 6.0589e-05 -9.2329e-07 -1.0862e-06 -1.2676e-06 -1.4690e-06 -1.6918e-06 -1.9376e-06 -2.2081e-06 -2.5050e-06 -2.8305e-06 -3.1866e-06 -3.5756e-06 -4.0000e-06 -4.4624e-06 -4.9655e-06 -5.5123e-06 -6.1059e-06 -6.7496e-06 -7.4466e-06 -8.2003e-06 -9.0141e-06 -9.8910e-06 -1.0834e-05 -1.1846e-05 -1.2927e-05 -1.4079e-05 -1.5301e-05 -1.6589e-05 -1.7937e-05 -1.9334e-05 -2.0767e-05 -2.2213e-05 -2.3643e-05 -2.5019e-05 -2.6291e-05 -2.7396e-05 -2.8259e-05 -2.8793e-05 -2.8902e-05 -2.8488e-05 -2.7461e-05 -2.5757e-05 -2.3360e-05 -2.0326e-05 -1.6802e-05 -1.3032e-05 -9.3372e-06 -6.0585e-06 -3.4712e-06 -1.7001e-06 -6.8266e-07 -2.1291e-07 -4.8060e-08 -7.1578e-09 -6.2233e-10 -2.6837e-11 -4.6122e-13 -2.3489e-15 -2.3646e-18 -2.6906e-22 -1.5865e-27 -1.6122e-34 -5.8550e-44 -7.7753e-57 -1.3221e-74 -1.9228e-99 -1.1758e-134 -2.2396e-185 -9.8963e-260 0.0000e+00 0.0000e+00 0.0000e+00 0.0000e+00 0.0000e+00 0.0000e+00 0.0000e+00 0.0000e+00 0.0000e+00 0.0000e+00 0.0000e+00 0.0000e+00 0.0000e+00 0.0000e+00 0.0000e+00 0.0000e+00 0.0000e+00 8.2964e-10 4.6977e-09 1.2966e-08 2.6677e-08 4.6739e-08 7.3991e-08 1.0924e-07 1.5327e-07 2.0689e-07 2.7091e-07 3.4616e-07 4.3352e-07 5.3391e-07 6.4831e-07 0.0000e+00 9.2329e-07 1.0862e-06 1.2676e-06 1.4690e-06 1.6918e-06 1.9376e-06 2.2081e-06 2.5050e-06 2.8305e-06 3.1866e-06 3.5756e-06 4.0000e-06 4.4624e-06 4.9655e-06 5.5123e-06 6.1059e-06 6.7496e-06 7.4466e-06 8.2003e-06 9.0141e-06 9.8910e-06 1.0834e-05 1.1846e-05 1.2927e-05 1.4079e-05 1.5301e-05 1.6589e-05 1.7937e-05 1.9334e-05 2.0767e-05 2.2213e-05 2.3643e-05 2.5019e-05 2.6290e-05 2.7395e-05 2.8258e-05 2.8792e-05 2.8900e-05 2.8486e-05 2.7458e-05 2.5754e-05 2.3357e-05 2.0323e-05 1.6798e-05 1.3029e-05 9.3344e-06 6.0564e-06 3.4696e-06 1.6992e-06 6.8221e-07 2.1273e-07 4.8012e-08 7.1489e-09 6.2137e-10 2.6785e-11 4.6009e-13 2.3416e-15 2.3553e-18 2.6770e-22 1.5762e-27 1.5987e-34 5.7907e-44 7.6627e-57 1.2966e-74 1.8730e-99 1.1345e-134 2.1316e-185 9.2344e-260 0.0000e+00 0.0000e+00 0.0000e+00 0.0000e+00 0.0000e+00 0.0000e+00 0.0000e+00 0.0000e+00 0.0000e+00 0.0000e+00 0.0000e+00 0.0000e+00 0.0000e+00 0.0000e+00 0.0000e+00 0.0000e+00 0.0000e+00
-9.8491e-10 -5.5769e-09 -1.5393e-08 -3.1670e-08 -5.5487e-08 -8.7839e-08 -1.2968e-07 -1.8196e-07 -2.4562e-07 -3.2161e-07 -4.1095e-07 -5.1466e-07 -6.3384e-07 -7.6964e-07 -9.2329e-07 9.0628e-05 -1.2894e-06 -1.5049e-06 -1.7439e-06 -2.0084e-06 -2.3002e-06 -2.6213e-06 -2.9739e-06 -3.3603e-06 -3.7830e-06 -4.2449e-06 -4.7487e-06 -5.2975e-06 -5.8948e-06 -6.5440e-06 -7.2487e-06 -8.0128e-06 -8.8403e-06 -9.7351e-06 -1.0701e-05 -1.1742e-05 -1.2862e-05 -1.4063e-05 -1.5347e-05 -1.6715e-05 -1.8165e-05 -1.9694e-05 -2.1294e-05 -2.2953e-05 -2.4654e-05 -2.6371e-05 -2.8069e-05 -2.9702e-05 -3.1212e-05 -3.2523e-05 -3.3548e-05 -3.4183e-05 -3.4313e-05 -3.3821e-05 -3.2602e-05 -3.0579e-05 -2.7734e-05 -2.4132e-05 -1.9948e-05 -1.5473e-05 -1.1086e-05 -7.1937e-06 -4.1217e-06 -2.0188e-06 -8.1069e-07 -2.5286e-07 -5.7083e-08 -8.5027e-09 -7.3938e-10 -3.1891e-11 -5.4821e-13 -2.7928e-15 -2.8126e-18 -3.2021e-22 -1.8894e-27 -1.9220e-34 -6.9888e-44 -9.2970e-57 -1.5847e-74 -2.3122e-99 -1.4204e-134 -2.7231e-185 -1.2144e-259 0.0000e+00 0.0000e+00 0.0000e+00 0.0000e+00 0.0000e+00 0.0000e+00 0.0000e+00 0.0000e+00 0.0000e+00 0.0000e+00 0.0000e+00 0.0000e+00 0.0000e+00 0.0000e+00 0.0000e+00 0.0000e+00 0.0000e+00 9.8491e-10 5.5769e-09 1.5393e-08 3.1670e-08 5.5487e-08 8.7839e-08 1.2968e-07 1.8196e-07 2.4562e-07 3.2161e-07 4.1095e-07 5.1466e-07 6.3384e-07 7.6964e-07 9.2329e-07 0.0000e+00 1.2894e-06 1.5049e-06 1.7439e-06 2.0084e-06 2.3002e-06 2.6213e-06 2.9739e-06 3.3603e-06 3.7830e-06 4.2449e-06 4.7487e-06 5.2975e-06 5.8948e-06 6.5440e-06 7.2487e-06 8.0128e-06 8.8403e-06 9.7350e-06 1.0701e-05 1.1742e-05 1.2862e-05 1.4063e-05 1.5347e-05 1.6714e-05 1.8165e-05 1.9694e-05 2.1294e-05 2.2953e-05 2.4653e-05 2.6370e-05 2.8068e-05 2.9701e-05 3.1210e-05 3.2522e-05 3.3546e-05 3.4180e-05 3.4309e-05 3.3817e-05 3.2597e-05 3.0574e-05 2.7728e-05 2.4126e-05 1.9942e-05 1.5467e-05 1.1081e-05 7.1898e-06 4.1190e-06 2.0172e-06 8.0989e-07 2.5255e-07 5.6998e-08 8.4868e-09 7.3766e-10 3.1798e-11 5.4620e-13 2.7799e-15 2.7961e-18 3.1781e-22 1.8712e-27 1.8979e-34 6.8745e-44 9.0968e-57 1.5393e-74 2.2235e-99 1.3468e-134 2.5304e-185 1.0962e-259 0.0000e+00 0.0000e+00 0.0000e+00 0.0000e+00 0.0000e+00 0.0000e+00 0.0000e+00 0.0000e+00 0.0000e+00 0.0000e+00 0.0000e+00 0.0000e+00 0.0000e+00 0.0000e+00 0.0000e+00 0.0000e+00 0.0000e+00
-1.1587e-09 -6.5607e-09 -1.8108e-08 -3.7257e-08 -6.5275e-08 -1.0333e-07 -1.5256e-07 -2.1406e-07 -2.8894e-07 -3.7835e-07 -4.8344e-07 -6.0545e-07 -7.4565e-07 -9.0541e-07 -1.0862e-06 -1.2894e-06 1.3255e-04 -1.7703e-06 -2.0516e-06 -2.3627e-06 -2.7060e-06 -3.0837e-06 -3.4985e-06 -3.9531e-06 -4.4504e-06 -4.9937e-06 -5.5863e-06 -6.2321e-06 -6.9347e-06 -7.6984e-06 -8.5274e-06 -9.4263e-06 -1.0400e-05 -1.1452e-05 -1.2589e-05 -1.3814e-05 -1.5131e-05 -1.6543e-05 -1.8054e-05 -1.9663e-05 -2.1369e-05 -2.3168e-05 -2.5050e-05 -2.7003e-05 -2.9003e-05 -3.1023e-05 -3.3021e-05 -3.4942e-05 -3.6718e-05 -3.8262e-05 -3.9468e-05 -4.0214e-05 -4.0367e-05 -3.9789e-05 -3.8355e-05 -3.5976e-05 -3.2630e-05 -2.8393e-05 -2.3471e-05 -1.8205e-05 -1.3045e-05 -8.4648e-06 -4.8503e-06 -2.3758e-06 -9.5413e-07 -2.9763e-07 -6.7200e-08 -1.0011e-08 -8.7074e-10 -3.7567e-11 -6.4600e-13 -3.2925e-15 -3.3178e-18 -3.7801e-22 -2.2327e-27 -2.2741e-34 -8.2841e-44 -1.1047e-56 -1.8890e-74 -2.7687e-99 -1.7115e-134 -3.3100e-185 -1.4945e-259 0.0000e+00 0.0000e+00 0.0000e+00 0.0000e+00 0.0000e+00 0.0000e+00 0.0000e+00 0.0000e+00 0.0000e+00 0.0000e+00 0.0000e+00 0.0000e+00 0.0000e+00 0.0000e+00 0.0000e+00 0.0000e+00 0.0000e+00 1.1587e-09 6.5607e-09 1.8108e-08 3.7257e-08 6.5275e-08 1.0333e-07 1.5256e-07 2.1406e-07 2.8894e-07 3.7835e-07 4.8344e-07 6.0545e-07 7.4565e-07 9.0541e-07 1.0862e-06 1.2894e-06 0.0000e+00 1.7703e-06 2.0516e-06 2.3627e-06 2.7060e-06 3.0837e-06 3.4985e-06 3.9531e-06 4.4504e-06 4.9937e-06 5.5863e-06 6.2320e-06 6.9347e-06 7.6983e-06 8.5274e-06 9.4263e-06 1.0400e-05 1.1452e-05 1.2589e-05 1.3814e-05 1.5131e-05 1.6543e-05 1.8054e-05 1.9663e-05 2.1369e-05 2.3168e-05 2.5050e-05 2.7002e-05 2.9002e-05 3.1022e-05 3.3019e-05 3.4940e-05 3.6716e-05 3.8259e-05 3.9464e-05 4.0210e-05 4.0362e-05 3.9783e-05 3.8347e-05 3.5967e-05 3.2620e-05 2.8382e-05 2.3460e-05 1.8196e-05 1.3036e-05 8.4582e-06 4.8456e-06 2.3730e-06 9.5276e-07 2.9710e-07 6.7052e-08 9.9840e-09 8.6779e-10 3.7408e-11 6.4256e-13 3.2703e-15 3.2894e-18 3.7387e-22 2.2013e-27 2.2327e-34 8.0871e-44 1.0701e-56 1.8108e-74 2.6157e-99 1.5843e-134 2.9766e-185 1.2894e-259 0.0000e+00 0.0000e+00 0.0000e+00 0.0000e+00 0.0000e+00 0.0000e+00 0.0000e+00 0.0000e+00 0.0000e+00 0.0000e+00 0.0000e+00 0.0000e+00 0.0000e+00 0.0000e+00 0.0000e+00 0.0000e+00 0.0000e+00
