-1.8622e-08 -2.0045e-10 -5.5327e-10 -1.1383e-09 -1.9943e-09 -3.1572e-09 -4.6611e-09 -6.5398e-09 -8.8270e-09 -1.1557e-08 -1.4764e-08 -1.8485e-08 -2.2755e-08 -2.7611e-08 -3.3090e-08 -3.9227e-08 -4.6055e-08 -5.3602e-08 -6.1889e-08 -7.0925e-08 -8.0702e-08 -9.1190e-08 -1.0233e-07 -1.1400e-07 -1.2607e-07 -1.3829e-07 -1.5036e-07 -1.6189e-07 -1.7235e-07 -1.8114e-07 -1.8756e-07 -1.9086e-07 -1.9026e-07 -1.8513e-07 -1.7504e-07 -1.5996e-07 -1.4036e-07 -1.1735e-07 -9.2616e-08 -6.8229e-08 -4.6290e-08 -2.8460e-08 -1.5551e-08 -7.3779e-09 -2.9545e-09 -9.6526e-10 -2.4692e-10 -4.7051e-11 -6.2867e-12 -5.4724e-13 -2.8371e-14 -7.8509e-16 -1.0138e-17 -5.1787e-20 -8.5374e-23 -3.5306e-26 -2.6793e-30 -2.5273e-35 -1.8203e-41 -5.4293e-49 -3.0990e-58 -1.2727e-69 -1.0819e-83 -3.8625e-101 -7.4292e-123 -5.3889e-150 -4.6078e-184 -4.9258e-227 -1.6207e-281 -0.0000e+00 -0.0000e+00 -0.0000e+00 -0.0000e+00 -0.0000e+00 -0.0000e+00 -0.0000e+00 -0.0000e+00 -0.0000e+00 -0.0000e+00 -0.0000e+00 -0.0000e+00 -0.0000e+00 -0.0000e+00 -0.0000e+00 -0.0000e+00 -0.0000e+00 -0.0000e+00 -0.0000e+00 -0.0000e+00 -0.0000e+00 -0.0000e+00 -0.0000e+00 -0.0000e+00 -0.0000e+00 -0.0000e+00 -0.0000e+00 -0.0000e+00 -0.0000e+00 -0.0000e+00 -0.0000e+00 0.0000e+00 -2.0045e-10 -5.5327e-10 -1.1383e-09 -1.9943e-09 -3.1572e-09 -4.6611e-09 -6.5398e-09 -8.8270e-09 -1.1557e-08 -1.4764e-08 -1.8485e-08 -2.2755e-08 -2.7611e-08 -3.3090e-08 -3.9227e-08 -4.6055e-08 -5.3602e-08 -6.1889e-08 -7.0925e-08 -8.0702e-08 -9.1190e-08 -1.0233e-07 -1.1400e-07 -1.2607e-07 -1.3829e-07 -1.5036e-07 -1.6189e-07 -1.7235e-07 -1.8114e-07 -1.8756e-07 -1.9086e-07 -1.9026e-07 -1.8513e-07 -1.7504e-07 -1.5996e-07 -1.4036e-07 -1.1735e-07 -9.2616e-08 -6.8229e-08 -4.6290e-08 -2.8460e-08 -1.5551e-08 -7.3779e-09 -2.9545e-09 -9.6526e-10 -2.4692e-10 -4.7051e-11 -6.2867e-12 -5.4724e-13 -2.8371e-14 -7.8509e-16 -1.0138e-17 -5.1787e-20 -8.5374e-23 -3.5306e-26 -2.6793e-30 -2.5273e-35 -1.8203e-41 -5.4293e-49 -3.0990e-58 -1.2727e-69 -1.0819e-83 -3.8625e-101 -7.4292e-123 -5.3889e-150 -4.6078e-184 -4.9258e-227 -1.6207e-281 -0.0000e+00 -0.0000e+00 -0.0000e+00 -0.0000e+00 -0.0000e+00 -0.0000e+00 -0.0000e+00 -0.0000e+00 -0.0000e+00 -0.0000e+00 -0.0000e+00 -0.0000e+00 -0.0000e+00 -0.0000e+00 -0.0000e+00 -0.0000e+00 -0.0000e+00 -0.0000e+00 -0.0000e+00 -0.0000e+00 -0.0000e+00 -0.0000e+00 -0.0000e+00 -0.0000e+00 -0.0000e+00 -0.0000e+00 -0.0000e+00 -0.0000e+00 -0.0000e+00 -0.0000e+00 -0.0000e+00
-2.0045e-10 3.0248e-10 -3.1328e-09 -6.4455e-09 -1.1293e-08 -1.7877e-08 -2.6392e-08 -3.7030e-08 -4.9981e-08 -6.5439e-08 -8.3601e-08 -1.0467e-07 -1.2885e-07 -1.5634e-07 -1.8737e-07 -2.2212e-07 -2.6078e-07 -3.0351e-07 -3.5044e-07 -4.0160e-07 -4.5696e-07 -5.1635e-07 -5.7940e-07 -6.4553e-07 -7.1384e-07 -7.8305e-07 -8.5141e-07 -9.1665e-07 -9.7589e-07 -1.0257e-06 -1.0621e-06 -1.0807e-06 -1.0773e-06 -1.0483e-06 -9.9116e-07 -9.0573e-07 -7.9477e-07 -6.6449e-07 -5.2442e-07 -3.8633e-07 -2.6211e-07 -1.6115e-07 -8.8057e-08 -4.1776e-08 -1.6729e-08 -5.4656e-09 -1.3981e-09 -2.6642e-10 -3.5598e-11 -3.0987e-12 -1.6065e-13 -4.4454e-15 -5.7403e-17 -2.9324e-19 -4.8341e-22 -1.9992e-25 -1.5171e-29 -1.4310e-34 -1.0307e-40 -3.0742e-48 -1.7548e-57 -7.2065e-69 -6.1261e-83 -2.1871e-100 -4.2067e-122 -3.0514e-149 -2.6091e-183 -2.7892e-226 -9.1772e-281 -0.0000e+00 -0.0000e+00 -0.0000e+00 -0.0000e+00 -0.0000e+00 -0.0000e+00 -0.0000e+00 -0.0000e+00 -0.0000e+00 -0.0000e+00 -0.0000e+00 -0.0000e+00 -0.0000e+00 -0.0000e+00 -0.0000e+00 -0.0000e+00 -0.0000e+00 -0.0000e+00 -0.0000e+00 -0.0000e+00 -0.0000e+00 -0.0000e+00 -0.0000e+00 -0.0000e+00 -0.0000e+00 -0.0000e+00 -0.0000e+00 -0.0000e+00 -0.0000e+00 -0.0000e+00 -0.0000e+00 -2.0045e-10 0.0000e+00 -3.1328e-09 -6.4455e-09 -1.1293e-08 -1.7877e-08 -2.6392e-08 -3.7030e-08 -4.9981e-08 -6.5439e-08 -8.3601e-08 -1.0467e-07 -1.2885e-07 -1.5634e-07 -1.8737e-07 -2.2212e-07 -2.6078e-07 -3.0351e-07 -3.5044e-07 -4.0160e-07 -4.5696e-07 -5.1635e-07 -5.7940e-07 -6.4553e-07 -7.1384e-07 -7.8305e-07 -8.5141e-07 -9.1665e-07 -9.7589e-07 -1.0257e-06 -1.0621e-06 -1.0807e-06 -1.0773e-06 -1.0483e-06 -9.9116e-07 -9.0573e-07 -7.9477e-07 -6.6449e-07 -5.2442e-07 -3.8633e-07 -2.6211e-07 -1.6115e-07 -8.8057e-08 -4.1776e-08 -1.6729e-08 -5.4656e-09 -1.3981e-09 -2.6642e-10 -3.5598e-11 -3.0987e-12 -1.6065e-13 -4.4454e-15 -5.7403e-17 -2.9324e-19 -4.8341e-22 -1.9992e-25 -1.5171e-29 -1.4310e-34 -1.0307e-40 -3.0742e-48 -1.7547e-57 -7.2065e-69 -6.1261e-83 -2.1871e-100 -4.2067e-122 -3.0514e-149 -2.6091e-183 -2.7892e-226 -9.1771e-281 -0.0000e+00 -0.0000e+00 -0.0000e+00 -0.0000e+00 -0.0000e+00 -0.0000e+00 -0.0000e+00 -0.0000e+00 -0.0000e+00 -0.0000e+00 -0.0000e+00 -0.0000e+00 -0.0000e+00 -0.0000e+00 -0.0000e+00 -0.0000e+00 -0.0000e+00 -0.0000e+00 -0.0000e+00 -0.0000e+00 -0.0000e+00 -0.0000e+00 -0.0000e+00 -0.0000e+00 -0.0000e+00 -0.0000e+00 -0.0000e+00 -0.0000e+00 -0.0000e+00 -0.0000e+00 -0.0000e+00
-5.5327e-10 -3.1328e-09 4.1450e-09 -1.7790e-08 -3.1169e-08 -4.9342e-08 -7.2846e-08 -1.0221e-07 -1.3796e-07 -1.8062e-07 -2.3075e-07 -2.8890e-07 -3.5563e-07 -4.3153e-07 -5.1716e-07 -6.1307e-07 -7.1979e-07 -8.3774e-07 -9.6725e-07 -1.1085e-06 -1.2613e-06 -1.4252e-06 -1.5992e-06 -1.7818e-06 -1.9703e-06 -2.1613e-06 -2.3500e-06 -2.5301e-06 -2.6936e-06 -2.8310e-06 -2.9314e-06 -2.9828e-06 -2.9736e-06 -2.8934e-06 -2.7357e-06 -2.4999e-06 -2.1937e-06 -1.8341e-06 -1.4475e-06 -1.0663e-06 -7.2346e-07 -4.4480e-07 -2.4305e-07 -1.1531e-07 -4.6175e-08 -1.5086e-08 -3.8590e-09 -7.3535e-10 -9.8254e-11 -8.5528e-12 -4.4341e-13 -1.2270e-14 -1.5844e-16 -8.0937e-19 -1.3343e-21 -5.5180e-25 -4.1875e-29 -3.9499e-34 -2.8449e-40 -8.4854e-48 -4.8435e-57 -1.9892e-68 -1.6910e-82 -6.0369e-100 -1.1612e-121 -8.4229e-149 -7.2022e-183 -7.6995e-226 -2.5334e-280 -0.0000e+00 -0.0000e+00 -0.0000e+00 -0.0000e+00 -0.0000e+00 -0.0000e+00 -0.0000e+00 -0.0000e+00 -0.0000e+00 -0.0000e+00 -0.0000e+00 -0.0000e+00 -0.0000e+00 -0.0000e+00 -0.0000e+00 -0.0000e+00 -0.0000e+00 -0.0000e+00 -0.0000e+00 -0.0000e+00 -0.0000e+00 -0.0000e+00 -0.0000e+00 -0.0000e+00 -0.0000e+00 -0.0000e+00 -0.0000e+00 -0.0000e+00 -0.0000e+00 -0.0000e+00 -0.0000e+00 -5.5327e-10 -3.1328e-09 0.0000e+00 -1.7790e-08 -3.1169e-08 -4.9342e-08 -7.2846e-08 -1.0221e-07 -1.3796e-07 -1.8062e-07 -2.3075e-07 -2.8890e-07 -3.5563e-07 -4.3153e-07 -5.1716e-07 -6.1307e-07 -7.1979e-07 -8.3774e-07 -9.6725e-07 -1.1085e-06 -1.2613e-06 -1.4252e-06 -1.5992e-06 -1.7818e-06 -1.9703e-06 -2.1613e-06 -2.3500e-06 -2.5301e-06 -2.6936e-06 -2.8310e-06 -2.9314e-06 -2.9828e-06 -2.9736e-06 -2.8934e-06 -2.7357e-06 -2.4999e-06 -2.1937e-06 -1.8341e-06 -1.4475e-06 -1.0663e-06 -7.2346e-07 -4.4480e-07 -2.4305e-07 -1.1531e-07 -4.6175e-08 -1.5086e-08 -3.8590e-09 -7.3534e-10 -9.8254e-11 -8.5527e-12 -4.4341e-13 -1.2270e-14 -1.5844e-16 -8.0937e-19 -1.3343e-21 -5.5180e-25 -4.1874e-29 -3.9498e-34 -2.8449e-40 -8.4853e-48 -4.8434e-57 -1.9891e-68 -1.6909e-82 -6.0367e-100 -1.1611e-121 -8.4224e-149 -7.2017e-183 -7.6988e-226 -2.5331e-280 -0.0000e+00 -0.0000e+00 -0.0000e+00 -0.0000e+00 -0.0000e+00 -0.0000e+00 -0.0000e+00 -0.0000e+00 -0.0000e+00 -0.0000e+00 -0.0000e+00 -0.0000e+00 -0.0000e+00 -0.0000e+00 -0.0000e+00 -0.0000e+00 -0.0000e+00 -0.0000e+00 -0.0000e+00 -0.0000e+00 -0.0000e+00 -0.0000e+00 -0.0000e+00 -0.0000e+00 -0.0000e+00 -0.0000e+00 -0.0000e+00 -0.0000e+00 -0.0000e+00 -0.0000e+00 -0.0000e+00
-1.1383e-09 -6.4455e-09 -1.7790e-08 2.3346e-08 -6.4129e-08 -1.0152e-07 -1.4988e-07 -2.1029e-07 -2.8383e-07 -3.7162e-07 -4.7475e-07 -5.9439e-07 -7.3169e-07 -8.8785e-07 -1.0640e-06 -1.2614e-06 -1.4809e-06 -1.7236e-06 -1.9901e-06 -2.2806e-06 -2.5950e-06 -2.9322e-06 -3.2903e-06 -3.6659e-06 -4.0538e-06 -4.4468e-06 -4.8350e-06 -5.2055e-06 -5.5419e-06 -5.8247e-06 -6.0312e-06 -6.1370e-06 -6.1180e-06 -5.9530e-06 -5.6286e-06 -5.1435e-06 -4.5134e-06 -3.7735e-06 -2.9781e-06 -2.1939e-06 -1.4885e-06 -9.1515e-07 -5.0006e-07 -2.3724e-07 -9.5003e-08 -3.1038e-08 -7.9398e-09 -1.5130e-09 -2.0216e-10 -1.7597e-11 -9.1232e-13 -2.5246e-14 -3.2599e-16 -1.6653e-18 -2.7454e-21 -1.1354e-24 -8.6160e-29 -8.1272e-34 -5.8539e-40 -1.7460e-47 -9.9666e-57 -4.0933e-68 -3.4798e-82 -1.2424e-99 -2.3898e-121 -1.7336e-148 -1.4825e-182 -1.5851e-225 -5.2162e-280 -0.0000e+00 -0.0000e+00 -0.0000e+00 -0.0000e+00 -0.0000e+00 -0.0000e+00 -0.0000e+00 -0.0000e+00 -0.0000e+00 -0.0000e+00 -0.0000e+00 -0.0000e+00 -0.0000e+00 -0.0000e+00 -0.0000e+00 -0.0000e+00 -0.0000e+00 -0.0000e+00 -0.0000e+00 -0.0000e+00 -0.0000e+00 -0.0000e+00 -0.0000e+00 -0.0000e+00 -0.0000e+00 -0.0000e+00 -0.0000e+00 -0.0000e+00 -0.0000e+00 -0.0000e+00 -0.0000e+00 -1.1383e-09 -6.4455e-09 -1.7790e-08 0.0000e+00 -6.4129e-08 -1.0152e-07 -1.4988e-07 -2.1029e-07 -2.8383e-07 -3.7162e-07 -4.7475e-07 -5.9439e-07 -7.3169e-07 -8.8785e-07 -1.0640e-06 -1.2614e-06 -1.4809e-06 -1.7236e-06 -1.9901e-06 -2.2806e-06 -2.5950e-06 -2.9322e-06 -3.2903e-06 -3.6659e-06 -4.0538e-06 -4.4468e-06 -4.8350e-06 -5.2055e-06 -5.5419e-06 -5.8247e-06 -6.0312e-06 -6.1370e-06 -6.1180e-06 -5.9530e-06 -5.6286e-06 -5.1435e-06 -4.5134e-06 -3.7735e-06 -2.9781e-06 -2.1939e-06 -1.4885e-06 -9.1514e-07 -5.0006e-07 -2.3724e-07 -9.5003e-08 -3.1038e-08 -7.9397e-09 -1.5129e-09 -2.0215e-10 -1.7597e-11 -9.1230e-13 -2.5245e-14 -3.2599e-16 -1.6653e-18 -2.7453e-21 -1.1353e-24 -8.6156e-29 -8.1267e-34 -5.8534e-40 -1.7459e-47 -9.9654e-57 -4.0927e-68 -3.4792e-82 -1.2421e-99 -2.3892e-121 -1.7331e-148 -1.4819e-182 -1.5843e-225 -5.2131e-280 -0.0000e+00 -0.0000e+00 -0.0000e+00 -0.0000e+00 -0.0000e+00 -0.0000e+00 -0.0000e+00 -0.0000e+00 -0.0000e+00 -0.0000e+00 -0.0000e+00 -0.0000e+00 -0.0000e+00 -0.0000e+00 -0.0000e+00 -0.0000e+00 -0.0000e+00 -0.0000e+00 -0.0000e+00 -0.0000e+00 -0.0000e+00 -0.0000e+00 -0.0000e+00 -0.0000e+00 -0.0000e+00 -0.0000e+00 -0.0000e+00 -0.0000e+00 -0.0000e+00 -0.0000e+00 -0.0000e+00
-1.9943e-09 -1.1293e-08 -3.1169e-08 -6.4129e-08 8.9443e-08 -1.7786e-07 -2.6259e-07 -3.6843e-07 -4.9728e-07 -6.5108e-07 -8.3177e-07 -1.0414e-06 -1.2819e-06 -1.5555e-06 -1.8642e-06 -2.2099e-06 -2.5946e-06 -3.0198e-06 -3.4866e-06 -3.9957e-06 -4.5465e-06 -5.1373e-06 -5.7647e-06 -6.4226e-06 -7.1023e-06 -7.7908e-06 -8.4710e-06 -9.1201e-06 -9.7095e-06 -1.0205e-05 -1.0567e-05 -1.0752e-05 -1.0719e-05 -1.0430e-05 -9.8614e-06 -9.0115e-06 -7.9075e-06 -6.6113e-06 -5.2177e-06 -3.8438e-06 -2.6079e-06 -1.6034e-06 -8.7613e-07 -4.1566e-07 -1.6645e-07 -5.4381e-08 -1.3911e-08 -2.6508e-09 -3.5420e-10 -3.0832e-11 -1.5985e-12 -4.4234e-14 -5.7121e-16 -2.9180e-18 -4.8106e-21 -1.9895e-24 -1.5099e-28 -1.4243e-33 -1.0259e-39 -3.0603e-47 -1.7470e-56 -7.1758e-68 -6.1010e-82 -2.1786e-99 -4.1915e-121 -3.0414e-148 -2.6017e-182 -2.7828e-225 -9.1624e-280 -0.0000e+00 -0.0000e+00 -0.0000e+00 -0.0000e+00 -0.0000e+00 -0.0000e+00 -0.0000e+00 -0.0000e+00 -0.0000e+00 -0.0000e+00 -0.0000e+00 -0.0000e+00 -0.0000e+00 -0.0000e+00 -0.0000e+00 -0.0000e+00 -0.0000e+00 -0.0000e+00 -0.0000e+00 -0.0000e+00 -0.0000e+00 -0.0000e+00 -0.0000e+00 -0.0000e+00 -0.0000e+00 -0.0000e+00 -0.0000e+00 -0.0000e+00 -0.0000e+00 -0.0000e+00 -0.0000e+00 -1.9943e-09 -1.1293e-08 -3.1169e-08 -6.4129e-08 0.0000e+00 -1.7786e-07 -2.6259e-07 -3.6843e-07 -4.9728e-07 -6.5108e-07 -8.3177e-07 -1.0414e-06 -1.2819e-06 -1.5555e-06 -1.8642e-06 -2.2099e-06 -2.5946e-06 -3.0198e-06 -3.4866e-06 -3.9957e-06 -4.5465e-06 -5.1373e-06 -5.7647e-06 -6.4226e-06 -7.1023e-06 -7.7908e-06 -8.4710e-06 -9.1201e-06 -9.7095e-06 -1.0205e-05 -1.0567e-05 -1.0752e-05 -1.0719e-05 -1.0430e-05 -9.8614e-06 -9.0115e-06 -7.9075e-06 -6.6112e-06 -5.2177e-06 -3.8438e-06 -2.6078e-06 -1.6033e-06 -8.7612e-07 -4.1565e-07 -1.6645e-07 -5.4380e-08 -1.3911e-08 -2.6507e-09 -3.5418e-10 -3.0831e-11 -1.5984e-12 -4.4231e-14 -5.7115e-16 -2.9177e-18 -4.8100e-21 -1.9892e-24 -1.5096e-28 -1.4239e-33 -1.0256e-39 -3.0592e-47 -1.7462e-56 -7.1719e-68 -6.0970e-82 -2.1769e-99 -4.1874e-121 -3.0378e-148 -2.5978e-182 -2.7776e-225 -9.1412e-280 -0.0000e+00 -0.0000e+00 -0.0000e+00 -0.0000e+00 -0.0000e+00 -0.0000e+00 -0.0000e+00 -0.0000e+00 -0.0000e+00 -0.0000e+00 -0.0000e+00 -0.0000e+00 -0.0000e+00 -0.0000e+00 -0.0000e+00 -0.0000e+00 -0.0000e+00 -0.0000e+00 -0.0000e+00 -0.0000e+00 -0.0000e+00 -0.0000e+00 -0.0000e+00 -0.0000e+00 -0.0000e+00 -0.0000e+00 -0.0000e+00 -0.0000e+00 -0.0000e+00 -0.0000e+00 -0.0000e+00
-3.1572e-09 -1.7877e-08 -4.9342e-08 -1.0152e-07 -1.7786e-07 2.6851e-07 -4.1569e-07 -5.8324e-07 -7.8722e-07 -1.0307e-06 -1.3167e-06 -1.6486e-06 -2.0294e-06 -2.4625e-06 -2.9511e-06 -3.4984e-06 -4.1074e-06 -4.7805e-06 -5.5195e-06 -6.3254e-06 -7.1973e-06 -8.1327e-06 -9.1258e-06 -1.0167e-05 -1.1243e-05 -1.2333e-05 -1.3410e-05 -1.4438e-05 -1.5371e-05 -1.6155e-05 -1.6728e-05 -1.7021e-05 -1.6968e-05 -1.6511e-05 -1.5611e-05 -1.4266e-05 -1.2518e-05 -1.0466e-05 -8.2601e-06 -6.0851e-06 -4.1285e-06 -2.5383e-06 -1.3870e-06 -6.5804e-07 -2.6352e-07 -8.6095e-08 -2.2024e-08 -4.1969e-09 -5.6079e-10 -4.8817e-11 -2.5310e-12 -7.0042e-14 -9.0451e-16 -4.6209e-18 -7.6187e-21 -3.1511e-24 -2.3917e-28 -2.2564e-33 -1.6256e-39 -4.8499e-47 -2.7693e-56 -1.1378e-67 -9.6772e-82 -3.4571e-99 -6.6550e-121 -4.8323e-148 -4.1372e-182 -4.4299e-225 -1.4606e-279 -0.0000e+00 -0.0000e+00 -0.0000e+00 -0.0000e+00 -0.0000e+00 -0.0000e+00 -0.0000e+00 -0.0000e+00 -0.0000e+00 -0.0000e+00 -0.0000e+00 -0.0000e+00 -0.0000e+00 -0.0000e+00 -0.0000e+00 -0.0000e+00 -0.0000e+00 -0.0000e+00 -0.0000e+00 -0.0000e+00 -0.0000e+00 -0.0000e+00 -0.0000e+00 -0.0000e+00 -0.0000e+00 -0.0000e+00 -0.0000e+00 -0.0000e+00 -0.0000e+00 -0.0000e+00 -0.0000e+00 -3.1572e-09 -1.7877e-08 -4.9342e-08 -1.0152e-07 -1.7786e-07 0.0000e+00 -4.1569e-07 -5.8324e-07 -7.8722e-07 -1.0307e-06 -1.3167e-06 -1.6486e-06 -2.0294e-06 -2.4625e-06 -2.9511e-06 -3.4984e-06 -4.1074e-06 -4.7805e-06 -5.5195e-06 -6.3254e-06 -7.1973e-06 -8.1327e-06 -9.1258e-06 -1.0167e-05 -1.1243e-05 -1.2333e-05 -1.3410e-05 -1.4438e-05 -1.5371e-05 -1.6155e-05 -1.6728e-05 -1.7021e-05 -1.6968e-05 -1.6511e-05 -1.5611e-05 -1.4266e-05 -1.2518e-05 -1.0466e-05 -8.2599e-06 -6.0849e-06 -4.1284e-06 -2.5382e-06 -1.3870e-06 -6.5800e-07 -2.6350e-07 -8.6088e-08 -2.2022e-08 -4.1964e-09 -5.6071e-10 -4.8809e-11 -2.5305e-12 -7.0025e-14 -9.0425e-16 -4.6193e-18 -7.6155e-21 -3.1495e-24 -2.3902e-28 -2.2547e-33 -1.6241e-39 -4.8446e-47 -2.7656e-56 -1.1360e-67 -9.6583e-82 -3.4488e-99 -6.6354e-121 -4.8148e-148 -4.1187e-182 -4.4053e-225 -1.4505e-279 -0.0000e+00 -0.0000e+00 -0.0000e+00 -0.0000e+00 -0.0000e+00 -0.0000e+00 -0.0000e+00 -0.0000e+00 -0.0000e+00 -0.0000e+00 -0.0000e+00 -0.0000e+00 -0.0000e+00 -0.0000e+00 -0.0000e+00 -0.0000e+00 -0.0000e+00 -0.0000e+00 -0.0000e+00 -0.0000e+00 -0.0000e+00 -0.0000e+00 -0.0000e+00 -0.0000e+00 -0.0000e+00 -0.0000e+00 -0.0000e+00 -0.0000e+00 -0.0000e+00 -0.0000e+00 -0.0000e+00
-4.6611e-09 -2.6392e-08 -7.2846e-08 -1.4988e-07 -2.6259e-07 -4.1569e-07 6.8136e-07 -8.6106e-07 -1.1622e-06 -1.5217e-06 -1.9440e-06 -2.4338e-06 -2.9961e-06 -3.6355e-06 -4.3568e-06 -5.1649e-06 -6.0639e-06 -7.0576e-06 -8.1487e-06 -9.3384e-06 -1.0626e-05 -1.2007e-05 -1.3473e-05 -1.5011e-05 -1.6599e-05 -1.8208e-05 -1.9798e-05 -2.1315e-05 -2.2693e-05 -2.3850e-05 -2.4696e-05 -2.5130e-05 -2.5052e-05 -2.4376e-05 -2.3048e-05 -2.1062e-05 -1.8482e-05 -1.5452e-05 -1.2195e-05 -8.9842e-06 -6.0955e-06 -3.7477e-06 -2.0479e-06 -9.7161e-07 -3.8910e-07 -1.2713e-07 -3.2522e-08 -6.1976e-09 -8.2817e-10 -7.2098e-11 -3.7384e-12 -1.0346e-13 -1.3362e-15 -6.8275e-18 -1.1259e-20 -4.6575e-24 -3.5359e-28 -3.3369e-33 -2.4048e-39 -7.1780e-47 -4.1008e-56 -1.6860e-67 -1.4352e-81 -5.1322e-99 -9.8920e-121 -7.1940e-148 -6.1713e-182 -6.6242e-225 -2.1908e-279 -0.0000e+00 -0.0000e+00 -0.0000e+00 -0.0000e+00 -0.0000e+00 -0.0000e+00 -0.0000e+00 -0.0000e+00 -0.0000e+00 -0.0000e+00 -0.0000e+00 -0.0000e+00 -0.0000e+00 -0.0000e+00 -0.0000e+00 -0.0000e+00 -0.0000e+00 -0.0000e+00 -0.0000e+00 -0.0000e+00 -0.0000e+00 -0.0000e+00 -0.0000e+00 -0.0000e+00 -0.0000e+00 -0.0000e+00 -0.0000e+00 -0.0000e+00 -0.0000e+00 -0.0000e+00 -0.0000e+00 -4.6611e-09 -2.6392e-08 -7.2846e-08 -1.4988e-07 -2.6259e-07 -4.1569e-07 0.0000e+00 -8.6106e-07 -1.1622e-06 -1.5217e-06 -1.9440e-06 -2.4338e-06 -2.9961e-06 -3.6355e-06 -4.3568e-06 -5.1649e-06 -6.0639e-06 -7.0576e-06 -8.1487e-06 -9.3384e-06 -1.0626e-05 -1.2007e-05 -1.3473e-05 -1.5011e-05 -1.6599e-05 -1.8208e-05 -1.9798e-05 -2.1315e-05 -2.2692e-05 -2.3850e-05 -2.4696e-05 -2.5129e-05 -2.5051e-05 -2.4376e-05 -2.3048e-05 -2.1061e-05 -1.8481e-05 -1.5452e-05 -1.2195e-05 -8.9837e-06 -6.0951e-06 -3.7474e-06 -2.0477e-06 -9.7148e-07 -3.8904e-07 -1.2710e-07 -3.2514e-08 -6.1959e-09 -8.2789e-10 -7.2068e-11 -3.7365e-12 -1.0340e-13 -1.3353e-15 -6.8216e-18 -1.1247e-20 -4.6516e-24 -3.5304e-28 -3.3306e-33 -2.3994e-39 -7.1583e-47 -4.0871e-56 -1.6791e-67 -1.4280e-81 -5.1011e-99 -9.8185e-121 -7.1282e-148 -6.1017e-182 -6.5318e-225 -2.1529e-279 -0.0000e+00 -0.0000e+00 -0.0000e+00 -0.0000e+00 -0.0000e+00 -0.0000e+00 -0.0000e+00 -0.0000e+00 -0.0000e+00 -0.0000e+00 -0.0000e+00 -0.0000e+00 -0.0000e+00 -0.0000e+00 -0.0000e+00 -0.0000e+00 -0.0000e+00 -0.0000e+00 -0.0000e+00 -0.0000e+00 -0.0000e+00 -0.0000e+00 -0.0000e+00 -0.0000e+00 -0.0000e+00 -0.0000e+00 -0.0000e+00 -0.0000e+00 -0.0000e+00 -0.0000e+00 -0.0000e+00
-6.5398e-09 -3.7030e-08 -1.0221e-07 -2.1029e-07 -3.6843e-07 -5.8324e-07 -8.6106e-07 1.5293e-06 -1.6307e-06 -2.1350e-06 -2.7275e-06 -3.4148e-06 -4.2037e-06 -5.1008e-06 -6.1129e-06 -7.2467e-06 -8.5081e-06 -9.9023e-06 -1.1433e-05 -1.3102e-05 -1.4909e-05 -1.6846e-05 -1.8903e-05 -2.1061e-05 -2.3290e-05 -2.5548e-05 -2.7778e-05 -2.9906e-05 -3.1840e-05 -3.3464e-05 -3.4651e-05 -3.5259e-05 -3.5150e-05 -3.4203e-05 -3.2339e-05 -2.9553e-05 -2.5933e-05 -2.1682e-05 -1.7112e-05 -1.2607e-05 -8.5536e-06 -5.2592e-06 -2.8740e-06 -1.3636e-06 -5.4610e-07 -1.7844e-07 -4.5651e-08 -8.7003e-09 -1.1627e-09 -1.0124e-10 -5.2500e-12 -1.4533e-13 -1.8774e-15 -9.5951e-18 -1.5828e-20 -6.5504e-24 -4.9754e-28 -4.6981e-33 -3.3884e-39 -1.0123e-46 -5.7895e-56 -2.3835e-67 -2.0323e-81 -7.2826e-99 -1.4073e-120 -1.0267e-147 -8.8422e-182 -9.5384e-225 -3.1743e-279 -0.0000e+00 -0.0000e+00 -0.0000e+00 -0.0000e+00 -0.0000e+00 -0.0000e+00 -0.0000e+00 -0.0000e+00 -0.0000e+00 -0.0000e+00 -0.0000e+00 -0.0000e+00 -0.0000e+00 -0.0000e+00 -0.0000e+00 -0.0000e+00 -0.0000e+00 -0.0000e+00 -0.0000e+00 -0.0000e+00 -0.0000e+00 -0.0000e+00 -0.0000e+00 -0.0000e+00 -0.0000e+00 -0.0000e+00 -0.0000e+00 -0.0000e+00 -0.0000e+00 -0.0000e+00 -0.0000e+00 -6.5398e-09 -3.7030e-08 -1.0221e-07 -2.1029e-07 -3.6843e-07 -5.8324e-07 -8.6106e-07 0.0000e+00 -1.6307e-06 -2.1350e-06 -2.7275e-06 -3.4148e-06 -4.2037e-06 -5.1008e-06 -6.1129e-06 -7.2467e-06 -8.5081e-06 -9.9023e-06 -1.1433e-05 -1.3102e-05 -1.4909e-05 -1.6846e-05 -1.8903e-05 -2.1061e-05 -2.3289e-05 -2.5547e-05 -2.7778e-05 -2.9906e-05 -3.1839e-05 -3.3464e-05 -3.4650e-05 -3.5258e-05 -3.5149e-05 -3.4201e-05 -3.2338e-05 -2.9551e-05 -2.5931e-05 -2.1680e-05 -1.7110e-05 -1.2605e-05 -8.5522e-06 -5.2581e-06 -2.8733e-06 -1.3632e-06 -5.4590e-07 -1.7836e-07 -4.5627e-08 -8.6947e-09 -1.1618e-09 -1.0114e-10 -5.2442e-12 -1.4513e-13 -1.8743e-15 -9.5763e-18 -1.5790e-20 -6.5317e-24 -4.9582e-28 -4.6785e-33 -3.3713e-39 -1.0061e-46 -5.7464e-56 -2.3619e-67 -2.0099e-81 -7.1844e-99 -1.3840e-120 -1.0059e-147 -8.6220e-182 -9.2455e-225 -3.0539e-279 -0.0000e+00 -0.0000e+00 -0.0000e+00 -0.0000e+00 -0.0000e+00 -0.0000e+00 -0.0000e+00 -0.0000e+00 -0.0000e+00 -0.0000e+00 -0.0000e+00 -0.0000e+00 -0.0000e+00 -0.0000e+00 -0.0000e+00 -0.0000e+00 -0.0000e+00 -0.0000e+00 -0.0000e+00 -0.0000e+00 -0.0000e+00 -0.0000e+00 -0.0000e+00 -0.0000e+00 -0.0000e+00 -0.0000e+00 -0.0000e+00 -0.0000e+00 -0.0000e+00 -0.0000e+00 -0.0000e+00
-8.8270e-09 -4.9981e-08 -1.3796e-07 -2.8383e-07 -4.9728e-07 -7.8722e-07 -1.1622e-06 -1.6307e-06 3.1262e-06 -2.8817e-06 -3.6814e-06 -4.6092e-06 -5.6739e-06 -6.8848e-06 -8.2509e-06 -9.7812e-06 -1.1484e-05 -1.3366e-05 -1.5432e-05 -1.7685e-05 -2.0123e-05 -2.2738e-05 -2.5515e-05 -2.8427e-05 -3.1435e-05 -3.4483e-05 -3.7494e-05 -4.0367e-05 -4.2976e-05 -4.5169e-05 -4.6771e-05 -4.7593e-05 -4.7446e-05 -4.6168e-05 -4.3653e-05 -3.9892e-05 -3.5007e-05 -2.9270e-05 -2.3102e-05 -1.7020e-05 -1.1548e-05 -7.1009e-06 -3.8806e-06 -1.8413e-06 -7.3751e-07 -2.4101e-07 -6.1668e-08 -1.1755e-08 -1.5713e-09 -1.3684e-10 -7.0986e-12 -1.9657e-13 -2.5404e-15 -1.2991e-17 -2.1443e-20 -8.8809e-24 -6.7518e-28 -6.3828e-33 -4.6097e-39 -1.3795e-46 -7.9059e-56 -3.2630e-67 -2.7908e-81 -1.0039e-98 -1.9490e-120 -1.4302e-147 -1.2407e-181 -1.3504e-224 -4.5443e-279 -0.0000e+00 -0.0000e+00 -0.0000e+00 -0.0000e+00 -0.0000e+00 -0.0000e+00 -0.0000e+00 -0.0000e+00 -0.0000e+00 -0.0000e+00 -0.0000e+00 -0.0000e+00 -0.0000e+00 -0.0000e+00 -0.0000e+00 -0.0000e+00 -0.0000e+00 -0.0000e+00 -0.0000e+00 -0.0000e+00 -0.0000e+00 -0.0000e+00 -0.0000e+00 -0.0000e+00 -0.0000e+00 -0.0000e+00 -0.0000e+00 -0.0000e+00 -0.0000e+00 -0.0000e+00 -0.0000e+00 -8.8270e-09 -4.9981e-08 -1.3796e-07 -2.8383e-07 -4.9728e-07 -7.8722e-07 -1.1622e-06 -1.6307e-06 0.0000e+00 -2.8817e-06 -3.6814e-06 -4.6092e-06 -5.6739e-06 -6.8848e-06 -8.2509e-06 -9.7812e-06 -1.1484e-05 -1.3366e-05 -1.5432e-05 -1.7685e-05 -2.0123e-05 -2.2738e-05 -2.5515e-05 -2.8427e-05 -3.1435e-05 -3.4483e-05 -3.7493e-05 -4.0366e-05 -4.2975e-05 -4.5168e-05 -4.6769e-05 -4.7591e-05 -4.7443e-05 -4.6164e-05 -4.3649e-05 -3.9887e-05 -3.5001e-05 -2.9264e-05 -2.3096e-05 -1.7015e-05 -1.1544e-05 -7.0979e-06 -3.8787e-06 -1.8402e-06 -7.3696e-07 -2.4079e-07 -6.1601e-08 -1.1740e-08 -1.5688e-09 -1.3658e-10 -7.0824e-12 -1.9603e-13 -2.5320e-15 -1.2939e-17 -2.1339e-20 -8.8293e-24 -6.7044e-28 -6.3287e-33 -4.5624e-39 -1.3623e-46 -7.7866e-56 -3.2032e-67 -2.7286e-81 -9.7664e-99 -1.8845e-120 -1.3724e-147 -1.1793e-181 -1.2687e-224 -4.2074e-279 -0.0000e+00 -0.0000e+00 -0.0000e+00 -0.0000e+00 -0.0000e+00 -0.0000e+00 -0.0000e+00 -0.0000e+00 -0.0000e+00 -0.0000e+00 -0.0000e+00 -0.0000e+00 -0.0000e+00 -0.0000e+00 -0.0000e+00 -0.0000e+00 -0.0000e+00 -0.0000e+00 -0.0000e+00 -0.0000e+00 -0.0000e+00 -0.0000e+00 -0.0000e+00 -0.0000e+00 -0.0000e+00 -0.0000e+00 -0.0000e+00 -0.0000e+00 -0.0000e+00 -0.0000e+00 -0.0000e+00
-1.1557e-08 -6.5439e-08 -1.8062e-07 -3.7162e-07 -6.5108e-07 -1.0307e-06 -1.5217e-06 -2.1350e-06 -2.8817e-06 5.9374e-06 -4.8200e-06 -6.0346e-06 -7.4286e-06 -9.0140e-06 -1.0803e-05 -1.2806e-05 -1.5035e-05 -1.7499e-05 -2.0205e-05 -2.3154e-05 -2.6346e-05 -2.9770e-05 -3.3406e-05 -3.7219e-05 -4.1158e-05 -4.5148e-05 -4.9090e-05 -5.2853e-05 -5.6269e-05 -5.9142e-05 -6.1240e-05 -6.2317e-05 -6.2125e-05 -6.0453e-05 -5.7162e-05 -5.2239e-05 -4.5843e-05 -3.8332e-05 -3.0256e-05 -2.2292e-05 -1.5127e-05 -9.3022e-06 -5.0843e-06 -2.4128e-06 -9.6657e-07 -3.1593e-07 -8.0858e-08 -1.5418e-08 -2.0616e-09 -1.7962e-10 -9.3227e-12 -2.5832e-13 -3.3410e-15 -1.7100e-17 -2.8257e-20 -1.1719e-23 -8.9239e-28 -8.4529e-33 -6.1194e-39 -1.8366e-46 -1.0563e-55 -4.3786e-67 -3.7649e-81 -1.3631e-98 -2.6675e-120 -1.9766e-147 -1.7353e-181 -1.9168e-224 -6.5676e-279 -0.0000e+00 -0.0000e+00 -0.0000e+00 -0.0000e+00 -0.0000e+00 -0.0000e+00 -0.0000e+00 -0.0000e+00 -0.0000e+00 -0.0000e+00 -0.0000e+00 -0.0000e+00 -0.0000e+00 -0.0000e+00 -0.0000e+00 -0.0000e+00 -0.0000e+00 -0.0000e+00 -0.0000e+00 -0.0000e+00 -0.0000e+00 -0.0000e+00 -0.0000e+00 -0.0000e+00 -0.0000e+00 -0.0000e+00 -0.0000e+00 -0.0000e+00 -0.0000e+00 -0.0000e+00 -0.0000e+00 -1.1557e-08 -6.5439e-08 -1.8062e-07 -3.7162e-07 -6.5108e-07 -1.0307e-06 -1.5217e-06 -2.1350e-06 -2.8817e-06 0.0000e+00 -4.8200e-06 -6.0346e-06 -7.4286e-06 -9.0140e-06 -1.0803e-05 -1.2806e-05 -1.5035e-05 -1.7499e-05 -2.0205e-05 -2.3154e-05 -2.6346e-05 -2.9770e-05 -3.3406e-05 -3.7218e-05 -4.1157e-05 -4.5147e-05 -4.9089e-05 -5.2850e-05 -5.6267e-05 -5.9138e-05 -6.1235e-05 -6.2310e-05 -6.2117e-05 -6.0443e-05 -5.7151e-05 -5.2226e-05 -4.5829e-05 -3.8318e-05 -3.0242e-05 -2.2280e-05 -1.5117e-05 -9.2948e-06 -5.0794e-06 -2.4100e-06 -9.6521e-07 -3.1539e-07 -8.0692e-08 -1.5379e-08 -2.0555e-09 -1.7898e-10 -9.2824e-12 -2.5697e-13 -3.3201e-15 -1.6971e-17 -2.8000e-20 -1.1590e-23 -8.8058e-28 -8.3178e-33 -6.0013e-39 -1.7938e-46 -1.0265e-55 -4.2292e-67 -3.6092e-81 -1.2948e-98 -2.5055e-120 -1.8311e-147 -1.5805e-181 -1.7096e-224 -5.7094e-279 -0.0000e+00 -0.0000e+00 -0.0000e+00 -0.0000e+00 -0.0000e+00 -0.0000e+00 -0.0000e+00 -0.0000e+00 -0.0000e+00 -0.0000e+00 -0.0000e+00 -0.0000e+00 -0.0000e+00 -0.0000e+00 -0.0000e+00 -0.0000e+00 -0.0000e+00 -0.0000e+00 -0.0000e+00 -0.0000e+00 -0.0000e+00 -0.0000e+00 -0.0000e+00 -0.0000e+00 -0.0000e+00 -0.0000e+00 -0.0000e+00 -0.0000e+00 -0.0000e+00 -0.0000e+00 -0.0000e+00
-1.4764e-08 -8.3601e-08 -2.3075e-07 -4.7475e-07 -8.3177e-07 -1.3167e-06 -1.9440e-06 -2.7275e-06 -3.6814e-06 -4.8200e-06 1.0627e-05 -7.7095e-06 -9.4904e-06 -1.1516e-05 -1.3801e-05 -1.6360e-05 -1.9208e-05 -2.2356e-05 -2.5812e-05 -2.9581e-05 -3.3659e-05 -3.8033e-05 -4.2678e-05 -4.7549e-05 -5.2582e-05 -5.7680e-05 -6.2717e-05 -6.7524e-05 -7.1890e-05 -7.5561e-05 -7.8244e-05 -7.9621e-05 -7.9379e-05 -7.7245e-05 -7.3043e-05 -6.6756e-05 -5.8586e-05 -4.8991e-05 -3.8673e-05 -2.8497e-05 -1.9340e-05 -1.1895e-05 -6.5028e-06 -3.0867e-06 -1.2369e-06 -4.0442e-07 -1.0355e-07 -1.9754e-08 -2.6431e-09 -2.3045e-10 -1.1971e-11 -3.3206e-13 -4.3001e-15 -2.2043e-17 -3.6490e-20 -1.5167e-23 -1.1580e-27 -1.1005e-32 -7.9979e-39 -2.4118e-46 -1.3951e-55 -5.8235e-67 -5.0498e-81 -1.8472e-98 -3.6601e-120 -2.7534e-147 -2.4617e-181 -2.7795e-224 -9.7779e-279 -0.0000e+00 -0.0000e+00 -0.0000e+00 -0.0000e+00 -0.0000e+00 -0.0000e+00 -0.0000e+00 -0.0000e+00 -0.0000e+00 -0.0000e+00 -0.0000e+00 -0.0000e+00 -0.0000e+00 -0.0000e+00 -0.0000e+00 -0.0000e+00 -0.0000e+00 -0.0000e+00 -0.0000e+00 -0.0000e+00 -0.0000e+00 -0.0000e+00 -0.0000e+00 -0.0000e+00 -0.0000e+00 -0.0000e+00 -0.0000e+00 -0.0000e+00 -0.0000e+00 -0.0000e+00 -0.0000e+00 -1.4764e-08 -8.3601e-08 -2.3075e-07 -4.7475e-07 -8.3177e-07 -1.3167e-06 -1.9440e-06 -2.7275e-06 -3.6814e-06 -4.8200e-06 0.0000e+00 -7.7095e-06 -9.4904e-06 -1.1516e-05 -1.3801e-05 -1.6360e-05 -1.9208e-05 -2.2356e-05 -2.5812e-05 -2.9581e-05 -3.3658e-05 -3.8033e-05 -4.2677e-05 -4.7548e-05 -5.2580e-05 -5.7678e-05 -6.2714e-05 -6.7519e-05 -7.1884e-05 -7.5553e-05 -7.8233e-05 -7.9607e-05 -7.9361e-05 -7.7223e-05 -7.3018e-05 -6.6727e-05 -5.8555e-05 -4.8960e-05 -3.8642e-05 -2.8470e-05 -1.9317e-05 -1.1878e-05 -6.4916e-06 -3.0803e-06 -1.2338e-06 -4.0319e-07 -1.0317e-07 -1.9667e-08 -2.6290e-09 -2.2897e-10 -1.1879e-11 -3.2897e-13 -4.2521e-15 -2.1746e-17 -3.5901e-20 -1.4872e-23 -1.1309e-27 -1.0695e-32 -7.7266e-39 -2.3133e-46 -1.3265e-55 -5.4787e-67 -4.6899e-81 -1.6888e-98 -3.2833e-120 -2.4135e-147 -2.0983e-181 -2.2903e-224 -7.7357e-279 -0.0000e+00 -0.0000e+00 -0.0000e+00 -0.0000e+00 -0.0000e+00 -0.0000e+00 -0.0000e+00 -0.0000e+00 -0.0000e+00 -0.0000e+00 -0.0000e+00 -0.0000e+00 -0.0000e+00 -0.0000e+00 -0.0000e+00 -0.0000e+00 -0.0000e+00 -0.0000e+00 -0.0000e+00 -0.0000e+00 -0.0000e+00 -0.0000e+00 -0.0000e+00 -0.0000e+00 -0.0000e+00 -0.0000e+00 -0.0000e+00 -0.0000e+00 -0.0000e+00 -0.0000e+00 -0.0000e+00
-1.8485e-08 -1.0467e-07 -2.8890e-07 -5.9439e-07 -1.0414e-06 -1.6486e-06 -2.4338e-06 -3.4148e-06 -4.6092e-06 -6.0346e-06 -7.7095e-06 1.8115e-05 -1.1882e-05 -1.4418e-05 -1.7279e-05 -2.0483e-05 -2.4049e-05 -2.7990e-05 -3.2317e-05 -3.7035e-05 -4.2141e-05 -4.7618e-05 -5.3434e-05 -5.9533e-05 -6.5834e-05 -7.2219e-05 -7.8526e-05 -8.4547e-05 -9.0015e-05 -9.4614e-05 -9.7976e-05 -9.9705e-05 -9.9407e-05 -9.6740e-05 -9.1483e-05 -8.3616e-05 -7.3391e-05 -6.1379e-05 -4.8459e-05 -3.5715e-05 -2.4244e-05 -1.4915e-05 -8.1563e-06 -3.8731e-06 -1.5527e-06 -5.0797e-07 -1.3015e-07 -2.4848e-08 -3.3278e-09 -2.9049e-10 -1.5111e-11 -4.1983e-13 -5.4476e-15 -2.7991e-17 -4.6472e-20 -1.9383e-23 -1.4861e-27 -1.4193e-32 -1.0378e-38 -3.1522e-46 -1.8395e-55 -7.7595e-67 -6.8141e-81 -2.5305e-98 -5.1055e-120 -3.9242e-147 -3.5989e-181 -4.1871e-224 -1.5256e-278 -0.0000e+00 -0.0000e+00 -0.0000e+00 -0.0000e+00 -0.0000e+00 -0.0000e+00 -0.0000e+00 -0.0000e+00 -0.0000e+00 -0.0000e+00 -0.0000e+00 -0.0000e+00 -0.0000e+00 -0.0000e+00 -0.0000e+00 -0.0000e+00 -0.0000e+00 -0.0000e+00 -0.0000e+00 -0.0000e+00 -0.0000e+00 -0.0000e+00 -0.0000e+00 -0.0000e+00 -0.0000e+00 -0.0000e+00 -0.0000e+00 -0.0000e+00 -0.0000e+00 -0.0000e+00 -0.0000e+00 -1.8485e-08 -1.0467e-07 -2.8890e-07 -5.9439e-07 -1.0414e-06 -1.6486e-06 -2.4338e-06 -3.4148e-06 -4.6092e-06 -6.0346e-06 -7.7095e-06 0.0000e+00 -1.1882e-05 -1.4418e-05 -1.7279e-05 -2.0483e-05 -2.4049e-05 -2.7989e-05 -3.2317e-05 -3.7035e-05 -4.2140e-05 -4.7617e-05 -5.3432e-05 -5.9531e-05 -6.5831e-05 -7.2214e-05 -7.8519e-05 -8.4536e-05 -9.0001e-05 -9.4596e-05 -9.7952e-05 -9.9674e-05 -9.9368e-05 -9.6693e-05 -9.1429e-05 -8.3555e-05 -7.3325e-05 -6.1311e-05 -4.8394e-05 -3.5656e-05 -2.4195e-05 -1.4879e-05 -8.1324e-06 -3.8594e-06 -1.5461e-06 -5.0534e-07 -1.2934e-07 -2.4662e-08 -3.2977e-09 -2.8733e-10 -1.4913e-11 -4.1324e-13 -5.3448e-15 -2.7357e-17 -4.5208e-20 -1.8750e-23 -1.4279e-27 -1.3527e-32 -9.7939e-39 -2.9399e-46 -1.6912e-55 -7.0125e-67 -6.0320e-81 -2.1850e-98 -4.2792e-120 -3.1742e-147 -2.7907e-181 -3.0888e-224 -1.0615e-278 -0.0000e+00 -0.0000e+00 -0.0000e+00 -0.0000e+00 -0.0000e+00 -0.0000e+00 -0.0000e+00 -0.0000e+00 -0.0000e+00 -0.0000e+00 -0.0000e+00 -0.0000e+00 -0.0000e+00 -0.0000e+00 -0.0000e+00 -0.0000e+00 -0.0000e+00 -0.0000e+00 -0.0000e+00 -0.0000e+00 -0.0000e+00 -0.0000e+00 -0.0000e+00 -0.0000e+00 -0.0000e+00 -0.0000e+00 -0.0000e+00 -0.0000e+00 -0.0000e+00 -0.0000e+00 -0.0000e+00
-2.2755e-08 -1.2885e-07 -3.5563e-07 -7.3169e-07 -1.2819e-06 -2.0294e-06 -2.9961e-06 -4.2037e-06 -5.6739e-06 -7.4286e-06 -9.4904e-06 -1.1882e-05 2.9646e-05 -1.7748e-05 -2.1270e-05 -2.5215e-05 -2.9604e-05 -3.4455e-05 -3.9783e-05 -4.5591e-05 -5.1877e-05 -5.8619e-05 -6.5779e-05 -7.3289e-05 -8.1047e-05 -8.8908e-05 -9.6675e-05 -1.0409e-04 -1.1083e-04 -1.1649e-04 -1.2064e-04 -1.2277e-04 -1.2241e-04 -1.1914e-04 -1.1268e-04 -1.0300e-04 -9.0422e-05 -7.5637e-05 -5.9730e-05 -4.4034e-05 -2.9901e-05 -1.8403e-05 -1.0069e-05 -4.7840e-06 -1.9192e-06 -6.2840e-07 -1.6117e-07 -3.0808e-08 -4.1321e-09 -3.6132e-10 -1.8835e-11 -5.2461e-13 -6.8277e-15 -3.5210e-17 -5.8709e-20 -2.4614e-23 -1.8989e-27 -1.8270e-32 -1.3478e-38 -4.1373e-46 -2.4448e-55 -1.0468e-66 -9.3560e-81 -3.5473e-98 -7.3333e-120 -5.7985e-147 -5.4953e-181 -6.6393e-224 -2.5257e-278 -0.0000e+00 -0.0000e+00 -0.0000e+00 -0.0000e+00 -0.0000e+00 -0.0000e+00 -0.0000e+00 -0.0000e+00 -0.0000e+00 -0.0000e+00 -0.0000e+00 -0.0000e+00 -0.0000e+00 -0.0000e+00 -0.0000e+00 -0.0000e+00 -0.0000e+00 -0.0000e+00 -0.0000e+00 -0.0000e+00 -0.0000e+00 -0.0000e+00 -0.0000e+00 -0.0000e+00 -0.0000e+00 -0.0000e+00 -0.0000e+00 -0.0000e+00 -0.0000e+00 -0.0000e+00 -0.0000e+00 -2.2755e-08 -1.2885e-07 -3.5563e-07 -7.3169e-07 -1.2819e-06 -2.0294e-06 -2.9961e-06 -4.2037e-06 -5.6739e-06 -7.4286e-06 -9.4904e-06 -1.1882e-05 0.0000e+00 -1.7748e-05 -2.1270e-05 -2.5215e-05 -2.9604e-05 -3.4455e-05 -3.9782e-05 -4.5590e-05 -5.1875e-05 -5.8617e-05 -6.5775e-05 -7.3283e-05 -8.1039e-05 -8.8897e-05 -9.6660e-05 -1.0407e-04 -1.1080e-04 -1.1645e-04 -1.2059e-04 -1.2271e-04 -1.2234e-04 -1.1905e-04 -1.1257e-04 -1.0288e-04 -9.0289e-05 -7.5501e-05 -5.9598e-05 -4.3915e-05 -2.9803e-05 -1.8330e-05 -1.0020e-05 -4.7563e-06 -1.9058e-06 -6.2310e-07 -1.5953e-07 -3.0432e-08 -4.0713e-09 -3.5494e-10 -1.8436e-11 -5.1128e-13 -6.6198e-15 -3.3926e-17 -5.6148e-20 -2.3330e-23 -1.7807e-27 -1.6914e-32 -1.2286e-38 -3.7028e-46 -2.1405e-55 -8.9284e-67 -7.7361e-81 -2.8274e-98 -5.5982e-120 -4.2088e-147 -3.7621e-181 -4.2497e-224 -1.4975e-278 -0.0000e+00 -0.0000e+00 -0.0000e+00 -0.0000e+00 -0.0000e+00 -0.0000e+00 -0.0000e+00 -0.0000e+00 -0.0000e+00 -0.0000e+00 -0.0000e+00 -0.0000e+00 -0.0000e+00 -0.0000e+00 -0.0000e+00 -0.0000e+00 -0.0000e+00 -0.0000e+00 -0.0000e+00 -0.0000e+00 -0.0000e+00 -0.0000e+00 -0.0000e+00 -0.0000e+00 -0.0000e+00 -0.0000e+00 -0.0000e+00 -0.0000e+00 -0.0000e+00 -0.0000e+00 -0.0000e+00
-2.7611e-08 -1.5634e-07 -4.3153e-07 -8.8785e-07 -1.5555e-06 -2.4625e-06 -3.6355e-06 -5.1008e-06 -6.8848e-06 -9.0140e-06 -1.1516e-05 -1.4418e-05 -1.7748e-05 4.6866e-05 -2.5809e-05 -3.0596e-05 -3.5922e-05 -4.1809e-05 -4.8273e-05 -5.5322e-05 -6.2949e-05 -7.1132e-05 -7.9821e-05 -8.8935e-05 -9.8351e-05 -1.0789e-04 -1.1732e-04 -1.2633e-04 -1.3451e-04 -1.4139e-04 -1.4643e-04 -1.4904e-04 -1.4862e-04 -1.4467e-04 -1.3684e-04 -1.2512e-04 -1.0986e-04 -9.1923e-05 -7.2616e-05 -5.3556e-05 -3.6385e-05 -2.2407e-05 -1.2268e-05 -5.8343e-06 -2.3431e-06 -7.6814e-07 -1.9731e-07 -3.7783e-08 -5.0785e-09 -4.4522e-10 -2.3280e-11 -6.5081e-13 -8.5073e-15 -4.4101e-17 -7.3993e-20 -3.1252e-23 -2.4323e-27 -2.3648e-32 -1.7661e-38 -5.5006e-46 -3.3062e-55 -1.4440e-66 -1.3208e-80 -5.1428e-98 -1.0962e-119 -8.9749e-147 -8.8483e-181 -1.1177e-223 -4.4704e-278 -0.0000e+00 -0.0000e+00 -0.0000e+00 -0.0000e+00 -0.0000e+00 -0.0000e+00 -0.0000e+00 -0.0000e+00 -0.0000e+00 -0.0000e+00 -0.0000e+00 -0.0000e+00 -0.0000e+00 -0.0000e+00 -0.0000e+00 -0.0000e+00 -0.0000e+00 -0.0000e+00 -0.0000e+00 -0.0000e+00 -0.0000e+00 -0.0000e+00 -0.0000e+00 -0.0000e+00 -0.0000e+00 -0.0000e+00 -0.0000e+00 -0.0000e+00 -0.0000e+00 -0.0000e+00 -0.0000e+00 -2.7611e-08 -1.5634e-07 -4.3153e-07 -8.8785e-07 -1.5555e-06 -2.4625e-06 -3.6355e-06 -5.1008e-06 -6.8848e-06 -9.0140e-06 -1.1516e-05 -1.4418e-05 -1.7748e-05 0.0000e+00 -2.5809e-05 -3.0596e-05 -3.5922e-05 -4.1808e-05 -4.8272e-05 -5.5320e-05 -6.2946e-05 -7.1127e-05 -7.9814e-05 -8.8925e-05 -9.8336e-05 -1.0787e-04 -1.1729e-04 -1.2628e-04 -1.3445e-04 -1.4132e-04 -1.4634e-04 -1.4892e-04 -1.4847e-04 -1.4449e-04 -1.3663e-04 -1.2488e-04 -1.0960e-04 -9.1661e-05 -7.2363e-05 -5.3329e-05 -3.6198e-05 -2.2268e-05 -1.2176e-05 -5.7811e-06 -2.3173e-06 -7.5795e-07 -1.9416e-07 -3.7059e-08 -4.9616e-09 -4.3294e-10 -2.2511e-11 -6.2511e-13 -8.1061e-15 -4.1620e-17 -6.9037e-20 -2.8764e-23 -2.2026e-27 -2.1005e-32 -1.5332e-38 -4.6479e-46 -2.7061e-55 -1.1386e-66 -9.9698e-81 -3.6910e-98 -7.4236e-120 -5.6888e-147 -5.2048e-181 -6.0481e-224 -2.2058e-278 -0.0000e+00 -0.0000e+00 -0.0000e+00 -0.0000e+00 -0.0000e+00 -0.0000e+00 -0.0000e+00 -0.0000e+00 -0.0000e+00 -0.0000e+00 -0.0000e+00 -0.0000e+00 -0.0000e+00 -0.0000e+00 -0.0000e+00 -0.0000e+00 -0.0000e+00 -0.0000e+00 -0.0000e+00 -0.0000e+00 -0.0000e+00 -0.0000e+00 -0.0000e+00 -0.0000e+00 -0.0000e+00 -0.0000e+00 -0.0000e+00 -0.0000e+00 -0.0000e+00 -0.0000e+00 -0.0000e+00
-3.3090e-08 -1.8737e-07 -5.1716e-07 -1.0640e-06 -1.8642e-06 -2.9511e-06 -4.3568e-06 -6.1129e-06 -8.2509e-06 -1.0803e-05 -1.3801e-05 -1.7279e-05 -2.1270e-05 -2.5809e-05 7.1922e-05 -3.6668e-05 -4.3051e-05 -5.0106e-05 -5.7853e-05 -6.6301e-05 -7.5443e-05 -8.5251e-05 -9.5666e-05 -1.0659e-04 -1.1788e-04 -1.2932e-04 -1.4063e-04 -1.5143e-04 -1.6125e-04 -1.6952e-04 -1.7558e-04 -1.7873e-04 -1.7826e-04 -1.7355e-04 -1.6420e-04 -1.5017e-04 -1.3190e-04 -1.1042e-04 -8.7268e-05 -6.4401e-05 -4.3786e-05 -2.6988e-05 -1.4792e-05 -7.0434e-06 -2.8329e-06 -9.3040e-07 -2.3950e-07 -4.5982e-08 -6.1995e-09 -5.4549e-10 -2.8647e-11 -8.0503e-13 -1.0588e-14 -5.5289e-17 -9.3568e-20 -3.9923e-23 -3.1445e-27 -3.1002e-32 -2.3532e-38 -7.4690e-46 -4.5881e-55 -2.0545e-66 -1.9334e-80 -7.7746e-98 -1.7183e-119 -1.4652e-146 -1.5115e-180 -2.0085e-223 -8.4999e-278 -0.0000e+00 -0.0000e+00 -0.0000e+00 -0.0000e+00 -0.0000e+00 -0.0000e+00 -0.0000e+00 -0.0000e+00 -0.0000e+00 -0.0000e+00 -0.0000e+00 -0.0000e+00 -0.0000e+00 -0.0000e+00 -0.0000e+00 -0.0000e+00 -0.0000e+00 -0.0000e+00 -0.0000e+00 -0.0000e+00 -0.0000e+00 -0.0000e+00 -0.0000e+00 -0.0000e+00 -0.0000e+00 -0.0000e+00 -0.0000e+00 -0.0000e+00 -0.0000e+00 -0.0000e+00 -0.0000e+00 -3.3090e-08 -1.8737e-07 -5.1716e-07 -1.0640e-06 -1.8642e-06 -2.9511e-06 -4.3568e-06 -6.1129e-06 -8.2509e-06 -1.0803e-05 -1.3801e-05 -1.7279e-05 -2.1270e-05 -2.5809e-05 0.0000e+00 -3.6667e-05 -4.3050e-05 -5.0105e-05 -5.7851e-05 -6.6298e-05 -7.5438e-05 -8.5243e-05 -9.5654e-05 -1.0657e-04 -1.1785e-04 -1.2928e-04 -1.4058e-04 -1.5136e-04 -1.6115e-04 -1.6939e-04 -1.7541e-04 -1.7851e-04 -1.7798e-04 -1.7322e-04 -1.6381e-04 -1.4974e-04 -1.3144e-04 -1.0993e-04 -8.6804e-05 -6.3984e-05 -4.3441e-05 -2.6731e-05 -1.4622e-05 -6.9453e-06 -2.7854e-06 -9.1162e-07 -2.3369e-07 -4.4645e-08 -5.9837e-09 -5.2279e-10 -2.7225e-11 -7.5741e-13 -9.8437e-15 -5.0678e-17 -8.4334e-20 -3.5275e-23 -2.7140e-27 -2.6030e-32 -1.9131e-38 -5.8480e-46 -3.4392e-55 -1.4648e-66 -1.3017e-80 -4.9057e-98 -1.0081e-119 -7.9288e-147 -7.4845e-181 -9.0299e-224 -3.4446e-278 -0.0000e+00 -0.0000e+00 -0.0000e+00 -0.0000e+00 -0.0000e+00 -0.0000e+00 -0.0000e+00 -0.0000e+00 -0.0000e+00 -0.0000e+00 -0.0000e+00 -0.0000e+00 -0.0000e+00 -0.0000e+00 -0.0000e+00 -0.0000e+00 -0.0000e+00 -0.0000e+00 -0.0000e+00 -0.0000e+00 -0.0000e+00 -0.0000e+00 -0.0000e+00 -0.0000e+00 -0.0000e+00 -0.0000e+00 -0.0000e+00 -0.0000e+00 -0.0000e+00 -0.0000e+00 -0.0000e+00
-3.9227e-08 -2.2212e-07 -6.1307e-07 -1.2614e-06 -2.2099e-06 -3.4984e-06 -5.1649e-06 -7.2467e-06 -9.7812e-06 -1.2806e-05 -1.6360e-05 -2.0483e-05 -2.5215e-05 -3.0596e-05 -3.6668e-05 1.0757e-04 -5.1036e-05 -5.9400e-05 -6.8585e-05 -7.8601e-05 -8.9440e-05 -1.0107e-04 -1.1342e-04 -1.2638e-04 -1.3977e-04 -1.5334e-04 -1.6676e-04 -1.7958e-04 -1.9124e-04 -2.0108e-04 -2.0830e-04 -2.1207e-04 -2.1156e-04 -2.0602e-04 -1.9499e-04 -1.7841e-04 -1.5678e-04 -1.3132e-04 -1.0386e-04 -7.6714e-05 -5.2211e-05 -3.2222e-05 -1.7687e-05 -8.4366e-06 -3.4005e-06 -1.1196e-06 -2.8909e-07 -5.5702e-08 -7.5421e-09 -6.6699e-10 -3.5238e-11 -9.9727e-13 -1.3226e-14 -6.9744e-17 -1.1939e-19 -5.1623e-23 -4.1294e-27 -4.1444e-32 -3.2109e-38 -1.0432e-45 -6.5796e-55 -3.0353e-66 -2.9531e-80 -1.2325e-97 -2.8387e-119 -2.5339e-146 -2.7505e-180 -3.8678e-223 -1.7441e-277 -0.0000e+00 -0.0000e+00 -0.0000e+00 -0.0000e+00 -0.0000e+00 -0.0000e+00 -0.0000e+00 -0.0000e+00 -0.0000e+00 -0.0000e+00 -0.0000e+00 -0.0000e+00 -0.0000e+00 -0.0000e+00 -0.0000e+00 -0.0000e+00 -0.0000e+00 -0.0000e+00 -0.0000e+00 -0.0000e+00 -0.0000e+00 -0.0000e+00 -0.0000e+00 -0.0000e+00 -0.0000e+00 -0.0000e+00 -0.0000e+00 -0.0000e+00 -0.0000e+00 -0.0000e+00 -0.0000e+00 -3.9227e-08 -2.2212e-07 -6.1307e-07 -1.2614e-06 -2.2099e-06 -3.4984e-06 -5.1649e-06 -7.2467e-06 -9.7812e-06 -1.2806e-05 -1.6360e-05 -2.0483e-05 -2.5215e-05 -3.0596e-05 -3.6667e-05 0.0000e+00 -5.1034e-05 -5.9398e-05 -6.8581e-05 -7.8595e-05 -8.9431e-05 -1.0105e-04 -1.1340e-04 -1.2634e-04 -1.3972e-04 -1.5327e-04 -1.6667e-04 -1.7945e-04 -1.9107e-04 -2.0084e-04 -2.0799e-04 -2.1168e-04 -2.1107e-04 -2.0544e-04 -1.9431e-04 -1.7763e-04 -1.5595e-04 -1.3046e-04 -1.0304e-04 -7.5974e-05 -5.1599e-05 -3.1764e-05 -1.7384e-05 -8.2623e-06 -3.3159e-06 -1.0862e-06 -2.7875e-07 -5.3319e-08 -7.1571e-09 -6.2645e-10 -3.2694e-11 -9.1195e-13 -1.1890e-14 -6.1442e-17 -1.0271e-19 -4.3198e-23 -3.3455e-27 -3.2342e-32 -2.3998e-38 -7.4202e-46 -4.4244e-55 -1.9158e-66 -1.7366e-80 -6.7024e-98 -1.4170e-119 -1.1529e-146 -1.1329e-180 -1.4335e-223 -5.7844e-278 -0.0000e+00 -0.0000e+00 -0.0000e+00 -0.0000e+00 -0.0000e+00 -0.0000e+00 -0.0000e+00 -0.0000e+00 -0.0000e+00 -0.0000e+00 -0.0000e+00 -0.0000e+00 -0.0000e+00 -0.0000e+00 -0.0000e+00 -0.0000e+00 -0.0000e+00 -0.0000e+00 -0.0000e+00 -0.0000e+00 -0.0000e+00 -0.0000e+00 -0.0000e+00 -0.0000e+00 -0.0000e+00 -0.0000e+00 -0.0000e+00 -0.0000e+00 -0.0000e+00 -0.0000e+00 -0.0000e+00
