2.5154e-04 -8.5482e-05 -1.0465e-04 -1.2077e-04 -1.3493e-04 -1.4767e-04 -1.5933e-04 -1.7012e-04 -1.8018e-04 -1.8961e-04 -1.9850e-04 -2.0690e-04 -2.1486e-04 -2.2242e-04 -2.2959e-04 -2.3641e-04 -2.4289e-04 -2.4905e-04 -2.5489e-04 -2.6042e-04 -2.6565e-04 -2.7058e-04 -2.7521e-04 -2.7954e-04 -2.8357e-04 -2.8729e-04 -2.9070e-04 -2.9379e-04 -2.9655e-04 -2.9898e-04 -3.0107e-04 -3.0280e-04 -3.0416e-04 -3.0514e-04 -3.0573e-04 -3.0590e-04 -3.0565e-04 -3.0496e-04 -3.0381e-04 -3.0218e-04 -3.0007e-04 -2.9744e-04 -2.9428e-04 -2.9058e-04 -2.8633e-04 -2.8150e-04 -2.7608e-04 -2.7006e-04 -2.6344e-04 -2.5621e-04 -2.4837e-04 -2.3992e-04 -2.3087e-04 -2.2124e-04 -2.1105e-04 -2.0034e-04 -1.8914e-04 -1.7750e-04 -1.6549e-04 -1.5318e-04 -1.4066e-04 -1.2802e-04 -1.1537e-04 -1.0285e-04 -9.0566e-05 -7.8665e-05 -6.7284e-05 -5.6559e-05 -4.6620e-05 -3.7580e-05 -2.9533e-05 -2.2544e-05 -1.6644e-05 -1.1823e-05 -8.0311e-06 -5.1776e-06 -3.1395e-06 -1.7708e-06 -9.1636e-07 -4.2774e-07 -1.7626e-07 -6.2400e-08 -1.8322e-08 -4.2626e-09 -7.3949e-10 -8.8174e-11 -6.4618e-12 -2.4887e-13 -4.0243e-15 -1.9614e-17 -1.7383e-20 -1.2567e-24 -1.9536e-30 -6.2198e-39 -4.6589e-52 -7.1153e-74 -4.1397e-114 -3.6361e-201 0.0000e+00 0.0000e+00 0.0000e+00 8.5482e-05 1.0465e-04 1.2077e-04 1.3493e-04 1.4767e-04 1.5933e-04 1.7012e-04 1.8018e-04 1.8961e-04 1.9850e-04 2.0690e-04 2.1486e-04 2.2241e-04 2.2959e-04 2.3640e-04 2.4288e-04 2.4904e-04 2.5488e-04 2.6041e-04 2.6564e-04 2.7056e-04 2.7519e-04 2.7952e-04 2.8354e-04 2.8726e-04 2.9067e-04 2.9376e-04 2.9652e-04 2.9895e-04 3.0103e-04 3.0276e-04 3.0411e-04 3.0509e-04 3.0567e-04 3.0584e-04 3.0559e-04 3.0489e-04 3.0374e-04 3.0211e-04 2.9999e-04 2.9735e-04 2.9419e-04 2.9049e-04 2.8623e-04 2.8139e-04 2.7597e-04 2.6995e-04 2.6333e-04 2.5609e-04 2.4825e-04 2.3979e-04 2.3074e-04 2.2111e-04 2.1092e-04 2.0020e-04 1.8900e-04 1.7736e-04 1.6535e-04 1.5304e-04 1.4052e-04 1.2789e-04 1.1525e-04 1.0273e-04 9.0455e-05 7.8561e-05 6.7189e-05 5.6473e-05 4.6543e-05 3.7513e-05 2.9477e-05 2.2498e-05 1.6607e-05 1.1795e-05 8.0100e-06 5.1627e-06 3.1297e-06 1.7647e-06 9.1288e-07 4.2594e-07 1.7544e-07 6.2076e-08 1.8216e-08 4.2346e-09 7.3398e-10 8.7424e-11 6.3984e-12 2.4603e-13 3.9703e-15 1.9301e-17 1.7047e-20 1.2267e-24 1.8947e-30 5.9761e-39 4.4129e-52 6.5836e-74 3.6722e-114 2.9552e-201 0.0000e+00 0.0000e+00
-8.5482e-05 1.0067e-03 -1.4796e-04 -1.7076e-04 -1.9077e-04 -2.0879e-04 -2.2528e-04 -2.4053e-04 -2.5475e-04 -2.6810e-04 -2.8067e-04 -2.9255e-04 -3.0381e-04 -3.1449e-04 -3.2464e-04 -3.3429e-04 -3.4345e-04 -3.5216e-04 -3.6043e-04 -3.6826e-04 -3.7566e-04 -3.8264e-04 -3.8919e-04 -3.9532e-04 -4.0103e-04 -4.0630e-04 -4.1113e-04 -4.1551e-04 -4.1943e-04 -4.2288e-04 -4.2584e-04 -4.2830e-04 -4.3024e-04 -4.3164e-04 -4.3249e-04 -4.3275e-04 -4.3242e-04 -4.3145e-04 -4.2985e-04 -4.2757e-04 -4.2459e-04 -4.2090e-04 -4.1646e-04 -4.1125e-04 -4.0525e-04 -3.9844e-04 -3.9080e-04 -3.8231e-04 -3.7297e-04 -3.6276e-04 -3.5169e-04 -3.3976e-04 -3.2698e-04 -3.1337e-04 -2.9898e-04 -2.8383e-04 -2.6800e-04 -2.5154e-04 -2.3456e-04 -2.1715e-04 -1.9943e-04 -1.8155e-04 -1.6365e-04 -1.4592e-04 -1.2852e-04 -1.1166e-04 -9.5536e-05 -8.0333e-05 -6.6238e-05 -5.3415e-05 -4.1995e-05 -3.2072e-05 -2.3691e-05 -1.6838e-05 -1.1445e-05 -7.3838e-06 -4.4809e-06 -2.5296e-06 -1.3104e-06 -6.1241e-07 -2.5271e-07 -8.9607e-08 -2.6360e-08 -6.1460e-09 -1.0690e-09 -1.2787e-10 -9.4066e-12 -3.6401e-13 -5.9210e-15 -2.9077e-17 -2.6024e-20 -1.9061e-24 -3.0169e-30 -9.8541e-39 -7.6672e-52 -1.2429e-73 -7.9926e-114 -8.4381e-201 0.0000e+00 0.0000e+00 8.5482e-05 0.0000e+00 1.4796e-04 1.7076e-04 1.9077e-04 2.0879e-04 2.2527e-04 2.4052e-04 2.5474e-04 2.6808e-04 2.8065e-04 2.9253e-04 3.0378e-04 3.1446e-04 3.2460e-04 3.3424e-04 3.4341e-04 3.5211e-04 3.6036e-04 3.6818e-04 3.7557e-04 3.8254e-04 3.8909e-04 3.9520e-04 4.0089e-04 4.0615e-04 4.1097e-04 4.1534e-04 4.1924e-04 4.2267e-04 4.2562e-04 4.2806e-04 4.2998e-04 4.3136e-04 4.3218e-04 4.3242e-04 4.3206e-04 4.3108e-04 4.2945e-04 4.2714e-04 4.2414e-04 4.2042e-04 4.1595e-04 4.1072e-04 4.0469e-04 3.9785e-04 3.9019e-04 3.8168e-04 3.7231e-04 3.6208e-04 3.5099e-04 3.3904e-04 3.2624e-04 3.1262e-04 2.9821e-04 2.8306e-04 2.6722e-04 2.5077e-04 2.3379e-04 2.1638e-04 1.9868e-04 1.8082e-04 1.6295e-04 1.4525e-04 1.2789e-04 1.1108e-04 9.4996e-05 7.9846e-05 6.5806e-05 5.3039e-05 4.1676e-05 3.1809e-05 2.3480e-05 1.6676e-05 1.1325e-05 7.2994e-06 4.4249e-06 2.4950e-06 1.2907e-06 6.0222e-07 2.4805e-07 8.7767e-08 2.5755e-08 5.9871e-09 1.0377e-09 1.2360e-10 9.0464e-12 3.4785e-13 5.6134e-15 2.7288e-17 2.4101e-20 1.7342e-24 2.6784e-30 8.4472e-39 6.2362e-52 9.2989e-74 5.1789e-114 4.1441e-201 0.0000e+00 0.0000e+00
-1.0465e-04 -1.4796e-04 2.2668e-03 -2.0905e-04 -2.3356e-04 -2.5562e-04 -2.7581e-04 -2.9448e-04 -3.1190e-04 -3.2824e-04 -3.4363e-04 -3.5818e-04 -3.7197e-04 -3.8506e-04 -3.9749e-04 -4.0931e-04 -4.2055e-04 -4.3122e-04 -4.4135e-04 -4.5095e-04 -4.6003e-04 -4.6859e-04 -4.7663e-04 -4.8415e-04 -4.9115e-04 -4.9763e-04 -5.0357e-04 -5.0895e-04 -5.1378e-04 -5.1803e-04 -5.2168e-04 -5.2472e-04 -5.2713e-04 -5.2888e-04 -5.2994e-04 -5.3030e-04 -5.2992e-04 -5.2878e-04 -5.2685e-04 -5.2410e-04 -5.2050e-04 -5.1601e-04 -5.1062e-04 -5.0428e-04 -4.9697e-04 -4.8868e-04 -4.7936e-04 -4.6901e-04 -4.5761e-04 -4.4515e-04 -4.3163e-04 -4.1705e-04 -4.0144e-04 -3.8480e-04 -3.6720e-04 -3.4867e-04 -3.2929e-04 -3.0915e-04 -2.8834e-04 -2.6701e-04 -2.4530e-04 -2.2338e-04 -2.0143e-04 -1.7966e-04 -1.5831e-04 -1.3761e-04 -1.1779e-04 -9.9096e-05 -8.1756e-05 -6.5969e-05 -5.1902e-05 -3.9668e-05 -2.9327e-05 -2.0864e-05 -1.4196e-05 -9.1695e-06 -5.5719e-06 -3.1503e-06 -1.6347e-06 -7.6545e-07 -3.1658e-07 -1.1254e-07 -3.3207e-08 -7.7699e-09 -1.3572e-09 -1.6315e-10 -1.2076e-11 -4.7078e-13 -7.7289e-15 -3.8401e-17 -3.4887e-20 -2.6059e-24 -4.2343e-30 -1.4340e-38 -1.1746e-51 -2.0541e-73 -1.4847e-113 -1.8979e-200 0.0000e+00 0.0000e+00 1.0465e-04 1.4796e-04 0.0000e+00 2.0905e-04 2.3355e-04 2.5561e-04 2.7579e-04 2.9446e-04 3.1187e-04 3.2820e-04 3.4359e-04 3.5813e-04 3.7190e-04 3.8498e-04 3.9740e-04 4.0920e-04 4.2041e-04 4.3107e-04 4.4117e-04 4.5075e-04 4.5980e-04 4.6833e-04 4.7634e-04 4.8383e-04 4.9079e-04 4.9723e-04 5.0313e-04 5.0847e-04 5.1326e-04 5.1746e-04 5.2106e-04 5.2405e-04 5.2640e-04 5.2809e-04 5.2910e-04 5.2939e-04 5.2895e-04 5.2775e-04 5.2575e-04 5.2293e-04 5.1925e-04 5.1470e-04 5.0923e-04 5.0282e-04 4.9544e-04 4.8707e-04 4.7769e-04 4.6727e-04 4.5580e-04 4.4328e-04 4.2970e-04 4.1507e-04 3.9940e-04 3.8273e-04 3.6509e-04 3.4654e-04 3.2714e-04 3.0700e-04 2.8621e-04 2.6491e-04 2.4324e-04 2.2137e-04 1.9949e-04 1.7782e-04 1.5657e-04 1.3598e-04 1.1630e-04 9.7751e-05 8.0563e-05 6.4933e-05 5.1022e-05 3.8942e-05 2.8746e-05 2.0416e-05 1.3865e-05 8.9363e-06 5.4172e-06 3.0545e-06 1.5801e-06 7.3726e-07 3.0367e-07 1.0745e-07 3.1529e-08 7.3295e-09 1.2704e-09 1.5132e-10 1.1074e-11 4.2582e-13 6.8713e-15 3.3401e-17 2.9497e-20 2.1222e-24 3.2769e-30 1.0330e-38 7.6183e-52 1.1332e-73 6.2672e-114 4.8744e-201 0.0000e+00 0.0000e+00
-1.2077e-04 -1.7076e-04 -2.0905e-04 4.0343e-03 -2.6954e-04 -2.9501e-04 -3.1830e-04 -3.3986e-04 -3.5997e-04 -3.7883e-04 -3.9660e-04 -4.1341e-04 -4.2933e-04 -4.4445e-04 -4.5881e-04 -4.7247e-04 -4.8545e-04 -4.9779e-04 -5.0950e-04 -5.2060e-04 -5.3110e-04 -5.4100e-04 -5.5031e-04 -5.5902e-04 -5.6714e-04 -5.7464e-04 -5.8153e-04 -5.8779e-04 -5.9340e-04 -5.9834e-04 -6.0261e-04 -6.0616e-04 -6.0899e-04 -6.1105e-04 -6.1234e-04 -6.1281e-04 -6.1243e-04 -6.1117e-04 -6.0901e-04 -6.0589e-04 -6.0180e-04 -5.9668e-04 -5.9052e-04 -5.8327e-04 -5.7491e-04 -5.6540e-04 -5.5471e-04 -5.4283e-04 -5.2974e-04 -5.1541e-04 -4.9986e-04 -4.8309e-04 -4.6511e-04 -4.4595e-04 -4.2566e-04 -4.0430e-04 -3.8195e-04 -3.5870e-04 -3.3469e-04 -3.1005e-04 -2.8495e-04 -2.5960e-04 -2.3420e-04 -2.0900e-04 -1.8427e-04 -1.6027e-04 -1.3728e-04 -1.1558e-04 -9.5428e-05 -7.7068e-05 -6.0692e-05 -4.6436e-05 -3.4370e-05 -2.4483e-05 -1.6683e-05 -1.0793e-05 -6.5706e-06 -3.7225e-06 -1.9362e-06 -9.0900e-07 -3.7708e-07 -1.3452e-07 -3.9854e-08 -9.3694e-09 -1.6457e-09 -1.9916e-10 -1.4858e-11 -5.8489e-13 -9.7166e-15 -4.8992e-17 -4.5342e-20 -3.4682e-24 -5.8126e-30 -2.0512e-38 -1.7769e-51 -3.3598e-73 -2.7206e-113 -4.1547e-200 0.0000e+00 0.0000e+00 1.2077e-04 1.7076e-04 2.0905e-04 0.0000e+00 2.6953e-04 2.9499e-04 3.1828e-04 3.3982e-04 3.5991e-04 3.7876e-04 3.9651e-04 4.1329e-04 4.2919e-04 4.4428e-04 4.5861e-04 4.7223e-04 4.8518e-04 4.9747e-04 5.0913e-04 5.2018e-04 5.3063e-04 5.4047e-04 5.4971e-04 5.5836e-04 5.6640e-04 5.7383e-04 5.8063e-04 5.8680e-04 5.9232e-04 5.9717e-04 6.0133e-04 6.0478e-04 6.0749e-04 6.0944e-04 6.1060e-04 6.1094e-04 6.1043e-04 6.0904e-04 6.0674e-04 6.0348e-04 5.9924e-04 5.9398e-04 5.8767e-04 5.8027e-04 5.7176e-04 5.6210e-04 5.5127e-04 5.3925e-04 5.2601e-04 5.1156e-04 4.9589e-04 4.7900e-04 4.6092e-04 4.4168e-04 4.2133e-04 3.9992e-04 3.7754e-04 3.5429e-04 3.3030e-04 3.0571e-04 2.8070e-04 2.5547e-04 2.3022e-04 2.0521e-04 1.8069e-04 1.5693e-04 1.3421e-04 1.1281e-04 9.2973e-05 7.4935e-05 5.8881e-05 4.4941e-05 3.3173e-05 2.3560e-05 1.6000e-05 1.0313e-05 6.2515e-06 3.5249e-06 1.8235e-06 8.5080e-07 3.5044e-07 1.2399e-07 3.6384e-08 8.4579e-09 1.4660e-09 1.7460e-10 1.2778e-11 4.9129e-13 7.9270e-15 3.8527e-17 3.4016e-20 2.4464e-24 3.7747e-30 1.1883e-38 8.7388e-52 1.2908e-73 6.9875e-114 4.9198e-201 0.0000e+00 0.0000e+00
-1.3493e-04 -1.9077e-04 -2.3356e-04 -2.6954e-04 6.3127e-03 -3.2960e-04 -3.5563e-04 -3.7972e-04 -4.0219e-04 -4.2328e-04 -4.4315e-04 -4.6194e-04 -4.7974e-04 -4.9665e-04 -5.1272e-04 -5.2800e-04 -5.4253e-04 -5.5634e-04 -5.6945e-04 -5.8188e-04 -5.9365e-04 -6.0475e-04 -6.1519e-04 -6.2496e-04 -6.3408e-04 -6.4251e-04 -6.5026e-04 -6.5730e-04 -6.6363e-04 -6.6922e-04 -6.7404e-04 -6.7808e-04 -6.8131e-04 -6.8370e-04 -6.8521e-04 -6.8581e-04 -6.8547e-04 -6.8415e-04 -6.8182e-04 -6.7843e-04 -6.7395e-04 -6.6833e-04 -6.6154e-04 -6.5353e-04 -6.4428e-04 -6.3375e-04 -6.2191e-04 -6.0872e-04 -5.9418e-04 -5.7826e-04 -5.6096e-04 -5.4230e-04 -5.2227e-04 -5.0092e-04 -4.7830e-04 -4.5446e-04 -4.2951e-04 -4.0354e-04 -3.7669e-04 -3.4913e-04 -3.2104e-04 -2.9264e-04 -2.6417e-04 -2.3591e-04 -2.0814e-04 -1.8117e-04 -1.5531e-04 -1.3088e-04 -1.0817e-04 -8.7457e-05 -6.8956e-05 -5.2829e-05 -3.9160e-05 -2.7941e-05 -1.9073e-05 -1.2365e-05 -7.5444e-06 -4.2851e-06 -2.2352e-06 -1.0528e-06 -4.3839e-07 -1.5706e-07 -4.6763e-08 -1.1057e-08 -1.9552e-09 -2.3849e-10 -1.7961e-11 -7.1505e-13 -1.2042e-14 -6.1739e-17 -5.8331e-20 -4.5785e-24 -7.9289e-30 -2.9188e-38 -2.6728e-51 -5.4487e-73 -4.9107e-113 -8.8755e-200 0.0000e+00 0.0000e+00 1.3493e-04 1.9077e-04 2.3355e-04 2.6953e-04 0.0000e+00 3.2956e-04 3.5558e-04 3.7965e-04 4.0210e-04 4.2315e-04 4.4299e-04 4.6174e-04 4.7950e-04 4.9635e-04 5.1237e-04 5.2758e-04 5.4204e-04 5.5578e-04 5.6881e-04 5.8115e-04 5.9282e-04 6.0382e-04 6.1414e-04 6.2380e-04 6.3279e-04 6.4108e-04 6.4869e-04 6.5558e-04 6.6174e-04 6.6716e-04 6.7181e-04 6.7566e-04 6.7869e-04 6.8087e-04 6.8217e-04 6.8255e-04 6.8198e-04 6.8043e-04 6.7785e-04 6.7422e-04 6.6948e-04 6.6360e-04 6.5655e-04 6.4829e-04 6.3878e-04 6.2798e-04 6.1588e-04 6.0245e-04 5.8767e-04 5.7152e-04 5.5401e-04 5.3515e-04 5.1495e-04 4.9345e-04 4.7071e-04 4.4679e-04 4.2179e-04 3.9582e-04 3.6901e-04 3.4155e-04 3.1360e-04 2.8541e-04 2.5720e-04 2.2926e-04 2.0187e-04 1.7532e-04 1.4994e-04 1.2603e-04 1.0387e-04 8.3717e-05 6.5782e-05 5.0207e-05 3.7061e-05 2.6321e-05 1.7875e-05 1.1521e-05 6.9840e-06 3.9379e-06 2.0371e-06 9.5046e-07 3.9148e-07 1.3851e-07 4.0643e-08 9.4476e-09 1.6374e-09 1.9501e-10 1.4270e-11 5.4859e-13 8.8496e-15 4.2997e-17 3.7944e-20 2.7265e-24 4.2004e-30 1.3183e-38 9.6323e-52 1.3994e-73 7.1677e-114 3.5208e-201 0.0000e+00 0.0000e+00
-1.4767e-04 -2.0879e-04 -2.5562e-04 -2.9501e-04 -3.2960e-04 9.1064e-03 -3.8925e-04 -4.1562e-04 -4.4023e-04 -4.6332e-04 -4.8508e-04 -5.0566e-04 -5.2517e-04 -5.4370e-04 -5.6131e-04 -5.7807e-04 -5.9400e-04 -6.0915e-04 -6.2354e-04 -6.3719e-04 -6.5012e-04 -6.6232e-04 -6.7380e-04 -6.8456e-04 -6.9459e-04 -7.0389e-04 -7.1244e-04 -7.2022e-04 -7.2722e-04 -7.3342e-04 -7.3879e-04 -7.4330e-04 -7.4693e-04 -7.4964e-04 -7.5140e-04 -7.5216e-04 -7.5190e-04 -7.5058e-04 -7.4814e-04 -7.4455e-04 -7.3977e-04 -7.3374e-04 -7.2644e-04 -7.1781e-04 -7.0781e-04 -6.9641e-04 -6.8357e-04 -6.6926e-04 -6.5346e-04 -6.3615e-04 -6.1733e-04 -5.9699e-04 -5.7516e-04 -5.5187e-04 -5.2716e-04 -5.0112e-04 -4.7383e-04 -4.4541e-04 -4.1601e-04 -3.8579e-04 -3.5498e-04 -3.2380e-04 -2.9252e-04 -2.6143e-04 -2.3085e-04 -2.0113e-04 -1.7260e-04 -1.4561e-04 -1.2049e-04 -9.7545e-05 -7.7022e-05 -5.9103e-05 -4.3887e-05 -3.1375e-05 -2.1464e-05 -1.3948e-05 -8.5330e-06 -4.8612e-06 -2.5443e-06 -1.2030e-06 -5.0309e-07 -1.8114e-07 -5.4237e-08 -1.2909e-08 -2.3001e-09 -2.8305e-10 -2.1541e-11 -8.6821e-13 -1.4839e-14 -7.7439e-17 -7.4758e-20 -6.0252e-24 -1.0783e-29 -4.1374e-38 -3.9970e-51 -8.7534e-73 -8.7398e-113 -1.8618e-199 0.0000e+00 0.0000e+00 1.4767e-04 2.0879e-04 2.5561e-04 2.9499e-04 3.2956e-04 0.0000e+00 3.8917e-04 4.1551e-04 4.4008e-04 4.6312e-04 4.8483e-04 5.0535e-04 5.2479e-04 5.4323e-04 5.6076e-04 5.7741e-04 5.9324e-04 6.0827e-04 6.2253e-04 6.3604e-04 6.4881e-04 6.6085e-04 6.7215e-04 6.8272e-04 6.9255e-04 7.0163e-04 7.0996e-04 7.1750e-04 7.2425e-04 7.3018e-04 7.3526e-04 7.3948e-04 7.4279e-04 7.4518e-04 7.4660e-04 7.4702e-04 7.4640e-04 7.4470e-04 7.4188e-04 7.3789e-04 7.3271e-04 7.2628e-04 7.1856e-04 7.0952e-04 6.9911e-04 6.8730e-04 6.7405e-04 6.5935e-04 6.4317e-04 6.2550e-04 6.0634e-04 5.8569e-04 5.6358e-04 5.4006e-04 5.1516e-04 4.8899e-04 4.6162e-04 4.3320e-04 4.0386e-04 3.7380e-04 3.4322e-04 3.1236e-04 2.8149e-04 2.5091e-04 2.2093e-04 1.9188e-04 1.6410e-04 1.3793e-04 1.1368e-04 9.1622e-05 7.1993e-05 5.4948e-05 4.0560e-05 2.8806e-05 1.9562e-05 1.2608e-05 7.6431e-06 4.3094e-06 2.2293e-06 1.0401e-06 4.2839e-07 1.5156e-07 4.4471e-08 1.0337e-08 1.7913e-09 2.1331e-10 1.5607e-11 5.9982e-13 9.6723e-15 4.6966e-17 4.1406e-20 2.9704e-24 4.5626e-30 1.4236e-38 1.0266e-51 1.4393e-73 6.4047e-114 -1.0011e-201 0.0000e+00 0.0000e+00
-1.5933e-04 -2.2528e-04 -2.7581e-04 -3.1830e-04 -3.5563e-04 -3.8925e-04 1.2421e-02 -4.4848e-04 -4.7505e-04 -4.9998e-04 -5.2348e-04 -5.4571e-04 -5.6679e-04 -5.8681e-04 -6.0585e-04 -6.2396e-04 -6.4120e-04 -6.5759e-04 -6.7317e-04 -6.8796e-04 -7.0196e-04 -7.1519e-04 -7.2764e-04 -7.3933e-04 -7.5023e-04 -7.6035e-04 -7.6966e-04 -7.7816e-04 -7.8581e-04 -7.9260e-04 -7.9851e-04 -8.0350e-04 -8.0753e-04 -8.1058e-04 -8.1261e-04 -8.1357e-04 -8.1344e-04 -8.1215e-04 -8.0967e-04 -8.0596e-04 -8.0095e-04 -7.9461e-04 -7.8689e-04 -7.7774e-04 -7.6712e-04 -7.5498e-04 -7.4129e-04 -7.2601e-04 -7.0911e-04 -6.9057e-04 -6.7040e-04 -6.4858e-04 -6.2513e-04 -6.0009e-04 -5.7352e-04 -5.4547e-04 -5.1606e-04 -4.8540e-04 -4.5365e-04 -4.2099e-04 -3.8766e-04 -3.5389e-04 -3.1998e-04 -2.8624e-04 -2.5301e-04 -2.2067e-04 -1.8959e-04 -1.6015e-04 -1.3271e-04 -1.0760e-04 -8.5106e-05 -6.5426e-05 -4.8680e-05 -3.4879e-05 -2.3919e-05 -1.5586e-05 -9.5642e-06 -5.4672e-06 -2.8724e-06 -1.3639e-06 -5.7315e-07 -2.0750e-07 -6.2519e-08 -1.4986e-08 -2.6924e-09 -3.3451e-10 -2.5740e-11 -1.0510e-12 -1.8240e-14 -9.6932e-17 -9.5631e-20 -7.9124e-24 -1.4623e-29 -5.8401e-38 -5.9396e-51 -1.3937e-72 -1.5377e-112 -3.8564e-199 0.0000e+00 0.0000e+00 1.5933e-04 2.2527e-04 2.7579e-04 3.1828e-04 3.5558e-04 3.8917e-04 0.0000e+00 4.4832e-04 4.7482e-04 4.9968e-04 5.2311e-04 5.4525e-04 5.6622e-04 5.8612e-04 6.0503e-04 6.2300e-04 6.4008e-04 6.5630e-04 6.7168e-04 6.8626e-04 7.0004e-04 7.1302e-04 7.2522e-04 7.3662e-04 7.4723e-04 7.5703e-04 7.6601e-04 7.7415e-04 7.8143e-04 7.8783e-04 7.9331e-04 7.9786e-04 8.0144e-04 8.0401e-04 8.0555e-04 8.0600e-04 8.0533e-04 8.0349e-04 8.0045e-04 7.9615e-04 7.9056e-04 7.8362e-04 7.7530e-04 7.6554e-04 7.5430e-04 7.4156e-04 7.2727e-04 7.1141e-04 6.9395e-04 6.7488e-04 6.5421e-04 6.3193e-04 6.0808e-04 5.8269e-04 5.5584e-04 5.2759e-04 4.9807e-04 4.6740e-04 4.3575e-04 4.0331e-04 3.7032e-04 3.3702e-04 3.0372e-04 2.7072e-04 2.3837e-04 2.0703e-04 1.7706e-04 1.4882e-04 1.2265e-04 9.8852e-05 7.7674e-05 5.9283e-05 4.3760e-05 3.1078e-05 2.1105e-05 1.3603e-05 8.2456e-06 4.6490e-06 2.4048e-06 1.1220e-06 4.6209e-07 1.6347e-07 4.7962e-08 1.1147e-08 1.9315e-09 2.2995e-10 1.6819e-11 6.4612e-13 1.0412e-14 5.0506e-17 4.4453e-20 3.1799e-24 4.8588e-30 1.5000e-38 1.0550e-51 1.3720e-73 3.9460e-114 -1.2110e-200 0.0000e+00 0.0000e+00
-1.7012e-04 -2.4053e-04 -2.9448e-04 -3.3986e-04 -3.7972e-04 -4.1562e-04 -4.4848e-04 1.6262e-02 -5.0728e-04 -5.3392e-04 -5.5904e-04 -5.8280e-04 -6.0534e-04 -6.2676e-04 -6.4713e-04 -6.6652e-04 -6.8498e-04 -7.0254e-04 -7.1923e-04 -7.3509e-04 -7.5011e-04 -7.6431e-04 -7.7770e-04 -7.9027e-04 -8.0201e-04 -8.1291e-04 -8.2297e-04 -8.3216e-04 -8.4046e-04 -8.4784e-04 -8.5428e-04 -8.5975e-04 -8.6421e-04 -8.6762e-04 -8.6995e-04 -8.7116e-04 -8.7118e-04 -8.6999e-04 -8.6754e-04 -8.6376e-04 -8.5861e-04 -8.5204e-04 -8.4400e-04 -8.3443e-04 -8.2330e-04 -8.1054e-04 -7.9611e-04 -7.7999e-04 -7.6214e-04 -7.4253e-04 -7.2115e-04 -6.9801e-04 -6.7311e-04 -6.4650e-04 -6.1821e-04 -5.8834e-04 -5.5697e-04 -5.2424e-04 -4.9031e-04 -4.5538e-04 -4.1968e-04 -3.8347e-04 -3.4706e-04 -3.1079e-04 -2.7503e-04 -2.4017e-04 -2.0662e-04 -1.7479e-04 -1.4507e-04 -1.1783e-04 -9.3366e-05 -7.1923e-05 -5.3635e-05 -3.8524e-05 -2.6491e-05 -1.7314e-05 -1.0660e-05 -6.1164e-06 -3.2268e-06 -1.5394e-06 -6.5027e-07 -2.3681e-07 -7.1828e-08 -1.7349e-08 -3.1438e-09 -3.9449e-10 -3.0705e-11 -1.2705e-12 -2.2392e-14 -1.2118e-16 -1.2214e-19 -1.0369e-23 -1.9769e-29 -8.2072e-38 -8.7729e-51 -2.2021e-72 -2.6819e-112 -7.9201e-199 0.0000e+00 0.0000e+00 1.7012e-04 2.4052e-04 2.9446e-04 3.3982e-04 3.7965e-04 4.1551e-04 4.4832e-04 0.0000e+00 5.0696e-04 5.3351e-04 5.5852e-04 5.8216e-04 6.0455e-04 6.2580e-04 6.4599e-04 6.6518e-04 6.8341e-04 7.0072e-04 7.1715e-04 7.3272e-04 7.4743e-04 7.6129e-04 7.7431e-04 7.8649e-04 7.9782e-04 8.0828e-04 8.1786e-04 8.2655e-04 8.3433e-04 8.4116e-04 8.4702e-04 8.5187e-04 8.5569e-04 8.5844e-04 8.6008e-04 8.6056e-04 8.5984e-04 8.5788e-04 8.5463e-04 8.5005e-04 8.4408e-04 8.3667e-04 8.2778e-04 8.1736e-04 8.0537e-04 7.9176e-04 7.7650e-04 7.5956e-04 7.4092e-04 7.2057e-04 6.9849e-04 6.7470e-04 6.4924e-04 6.2213e-04 5.9346e-04 5.6330e-04 5.3178e-04 4.9903e-04 4.6524e-04 4.3061e-04 3.9538e-04 3.5983e-04 3.2427e-04 2.8904e-04 2.5450e-04 2.2103e-04 1.8903e-04 1.5888e-04 1.3094e-04 1.0554e-04 8.2926e-05 6.3291e-05 4.6718e-05 3.3178e-05 2.2531e-05 1.4521e-05 8.8022e-06 4.9626e-06 2.5669e-06 1.1975e-06 4.9317e-07 1.7445e-07 5.1176e-08 1.1892e-08 2.0600e-09 2.4517e-10 1.7923e-11 6.8808e-13 1.1076e-14 5.3641e-17 4.7085e-20 3.3524e-24 5.0775e-30 1.5387e-38 1.0327e-51 1.1330e-73 -1.5340e-114 -3.6792e-200 0.0000e+00 0.0000e+00
-1.8018e-04 -2.5475e-04 -3.1190e-04 -3.5997e-04 -4.0219e-04 -4.4023e-04 -4.7505e-04 -5.0728e-04 2.0638e-02 -5.6560e-04 -5.9224e-04 -6.1745e-04 -6.4136e-04 -6.6409e-04 -6.8572e-04 -7.0631e-04 -7.2592e-04 -7.4459e-04 -7.6235e-04 -7.7922e-04 -7.9523e-04 -8.1036e-04 -8.2465e-04 -8.3807e-04 -8.5062e-04 -8.6230e-04 -8.7308e-04 -8.8296e-04 -8.9190e-04 -8.9987e-04 -9.0686e-04 -9.1283e-04 -9.1774e-04 -9.2154e-04 -9.2421e-04 -9.2569e-04 -9.2593e-04 -9.2489e-04 -9.2251e-04 -9.1875e-04 -9.1353e-04 -9.0682e-04 -8.9854e-04 -8.8866e-04 -8.7710e-04 -8.6383e-04 -8.4880e-04 -8.3196e-04 -8.1328e-04 -7.9272e-04 -7.7029e-04 -7.4596e-04 -7.1976e-04 -6.9172e-04 -6.6188e-04 -6.3032e-04 -5.9714e-04 -5.6249e-04 -5.2652e-04 -4.8944e-04 -4.5150e-04 -4.1296e-04 -3.7416e-04 -3.3546e-04 -2.9724e-04 -2.5992e-04 -2.2394e-04 -1.8974e-04 -1.5775e-04 -1.2837e-04 -1.0193e-04 -7.8697e-05 -5.8831e-05 -4.2370e-05 -2.9223e-05 -1.9162e-05 -1.1840e-05 -6.8207e-06 -3.6144e-06 -1.7328e-06 -7.3602e-07 -2.6970e-07 -8.2376e-08 -2.0054e-08 -3.6665e-09 -4.6476e-10 -3.6596e-11 -1.5345e-12 -2.7464e-14 -1.5130e-16 -1.5574e-19 -1.3556e-23 -2.6640e-29 -1.1485e-37 -1.2889e-50 -3.4580e-72 -4.6480e-112 -1.6176e-198 0.0000e+00 0.0000e+00 1.8018e-04 2.5474e-04 3.1187e-04 3.5991e-04 4.0210e-04 4.4008e-04 4.7482e-04 5.0696e-04 0.0000e+00 5.6505e-04 5.9154e-04 6.1657e-04 6.4029e-04 6.6280e-04 6.8418e-04 7.0450e-04 7.2381e-04 7.4215e-04 7.5955e-04 7.7604e-04 7.9162e-04 8.0630e-04 8.2009e-04 8.3299e-04 8.4498e-04 8.5607e-04 8.6622e-04 8.7542e-04 8.8365e-04 8.9089e-04 8.9709e-04 9.0224e-04 9.0628e-04 9.0919e-04 9.1093e-04 9.1144e-04 9.1068e-04 9.0860e-04 9.0516e-04 9.0030e-04 8.9398e-04 8.8613e-04 8.7672e-04 8.6568e-04 8.5298e-04 8.3857e-04 8.2241e-04 8.0447e-04 7.8473e-04 7.6316e-04 7.3978e-04 7.1459e-04 6.8762e-04 6.5891e-04 6.2854e-04 5.9660e-04 5.6321e-04 5.2853e-04 4.9274e-04 4.5606e-04 4.1874e-04 3.8109e-04 3.4343e-04 3.0611e-04 2.6953e-04 2.3409e-04 2.0020e-04 1.6827e-04 1.3868e-04 1.1177e-04 8.7820e-05 6.7026e-05 4.9473e-05 3.5134e-05 2.3858e-05 1.5376e-05 9.3200e-06 5.2543e-06 2.7176e-06 1.2677e-06 5.2201e-07 1.8463e-07 5.4150e-08 1.2579e-08 2.1784e-09 2.5912e-10 1.8930e-11 7.2594e-13 1.1667e-14 5.6360e-17 4.9265e-20 3.4817e-24 5.1979e-30 1.5256e-38 9.3541e-52 6.1871e-74 -1.2321e-113 -8.8990e-200 0.0000e+00 0.0000e+00
-1.8961e-04 -2.6810e-04 -3.2824e-04 -3.7883e-04 -4.2328e-04 -4.6332e-04 -4.9998e-04 -5.3392e-04 -5.6560e-04 2.5557e-02 -6.2343e-04 -6.5000e-04 -6.7521e-04 -6.9919e-04 -7.2201e-04 -7.4375e-04 -7.6446e-04 -7.8419e-04 -8.0297e-04 -8.2082e-04 -8.3777e-04 -8.5382e-04 -8.6897e-04 -8.8322e-04 -8.9658e-04 -9.0901e-04 -9.2052e-04 -9.3108e-04 -9.4067e-04 -9.4925e-04 -9.5681e-04 -9.6329e-04 -9.6867e-04 -9.7290e-04 -9.7594e-04 -9.7775e-04 -9.7826e-04 -9.7742e-04 -9.7519e-04 -9.7150e-04 -9.6629e-04 -9.5951e-04 -9.5109e-04 -9.4098e-04 -9.2911e-04 -9.1544e-04 -8.9990e-04 -8.8246e-04 -8.6307e-04 -8.4170e-04 -8.1833e-04 -7.9296e-04 -7.6558e-04 -7.3624e-04 -7.0498e-04 -6.7187e-04 -6.3702e-04 -6.0056e-04 -5.6267e-04 -5.2356e-04 -4.8347e-04 -4.4270e-04 -4.0159e-04 -3.6051e-04 -3.1988e-04 -2.8014e-04 -2.4175e-04 -2.0519e-04 -1.7092e-04 -1.3937e-04 -1.1091e-04 -8.5837e-05 -6.4338e-05 -4.6470e-05 -3.2152e-05 -2.1155e-05 -1.3122e-05 -7.5911e-06 -4.0414e-06 -1.9476e-06 -8.3200e-07 -3.0682e-07 -9.4387e-08 -2.3162e-08 -4.2733e-09 -5.4723e-10 -4.3590e-11 -1.8520e-12 -3.3653e-14 -1.8868e-16 -1.9824e-19 -1.7681e-23 -3.5789e-29 -1.6009e-37 -1.8852e-50 -5.4047e-72 -8.0199e-112 -3.2930e-198 0.0000e+00 0.0000e+00 1.8961e-04 2.6808e-04 3.2820e-04 3.7876e-04 4.2315e-04 4.6312e-04 4.9968e-04 5.3351e-04 5.6505e-04 0.0000e+00 6.2251e-04 6.4886e-04 6.7382e-04 6.9751e-04 7.2001e-04 7.4139e-04 7.6171e-04 7.8101e-04 7.9933e-04 8.1667e-04 8.3307e-04 8.4852e-04 8.6303e-04 8.7661e-04 8.8923e-04 9.0089e-04 9.1157e-04 9.2126e-04 9.2992e-04 9.3753e-04 9.4407e-04 9.4948e-04 9.5374e-04 9.5680e-04 9.5862e-04 9.5916e-04 9.5836e-04 9.5618e-04 9.5256e-04 9.4744e-04 9.4079e-04 9.3253e-04 9.2262e-04 9.1100e-04 8.9764e-04 8.8247e-04 8.6547e-04 8.4659e-04 8.2581e-04 8.0312e-04 7.7851e-04 7.5200e-04 7.2361e-04 6.9340e-04 6.6144e-04 6.2783e-04 5.9269e-04 5.5619e-04 5.1852e-04 4.7992e-04 4.4066e-04 4.0103e-04 3.6140e-04 3.2213e-04 2.8363e-04 2.4633e-04 2.1067e-04 1.7706e-04 1.4592e-04 1.1761e-04 9.2406e-05 7.0524e-05 5.2054e-05 3.6966e-05 2.5101e-05 1.6176e-05 9.8043e-06 5.5269e-06 2.8583e-06 1.3332e-06 5.4887e-07 1.9409e-07 5.6908e-08 1.3215e-08 2.2872e-09 2.7188e-10 1.9841e-11 7.5970e-13 1.2181e-14 5.8621e-17 5.0917e-20 3.5573e-24 5.1889e-30 1.4402e-38 7.2639e-52 -3.3297e-74 -3.2313e-113 -1.9639e-199 0.0000e+00 0.0000e+00
-1.9850e-04 -2.8067e-04 -3.4363e-04 -3.9660e-04 -4.4315e-04 -4.8508e-04 -5.2348e-04 -5.5904e-04 -5.9224e-04 -6.2343e-04 3.1030e-02 -6.8072e-04 -7.0718e-04 -7.3234e-04 -7.5630e-04 -7.7914e-04 -8.0091e-04 -8.2166e-04 -8.4143e-04 -8.6023e-04 -8.7810e-04 -8.9503e-04 -9.1103e-04 -9.2611e-04 -9.4025e-04 -9.5345e-04 -9.6568e-04 -9.7693e-04 -9.8718e-04 -9.9638e-04 -1.0045e-03 -1.0116e-03 -1.0174e-03 -1.0221e-03 -1.0256e-03 -1.0278e-03 -1.0286e-03 -1.0280e-03 -1.0260e-03 -1.0225e-03 -1.0173e-03 -1.0106e-03 -1.0021e-03 -9.9185e-04 -9.7977e-04 -9.6579e-04 -9.4986e-04 -9.3193e-04 -9.1195e-04 -8.8988e-04 -8.6570e-04 -8.3940e-04 -8.1098e-04 -7.8046e-04 -7.4790e-04 -7.1336e-04 -6.7695e-04 -6.3880e-04 -5.9909e-04 -5.5804e-04 -5.1590e-04 -4.7297e-04 -4.2960e-04 -3.8619e-04 -3.4318e-04 -3.0103e-04 -2.6023e-04 -2.2129e-04 -1.8470e-04 -1.5094e-04 -1.2040e-04 -9.3422e-05 -7.0219e-05 -5.0873e-05 -3.5315e-05 -2.3322e-05 -1.4524e-05 -8.4387e-06 -4.5143e-06 -2.1871e-06 -9.3982e-07 -3.4885e-07 -1.0810e-07 -2.6742e-08 -4.9785e-09 -6.4405e-10 -5.1894e-11 -2.2338e-12 -4.1197e-14 -2.3498e-16 -2.5190e-19 -2.3008e-23 -4.7947e-29 -2.2245e-37 -2.7479e-50 -8.4187e-72 -1.3798e-111 -6.6922e-198 0.0000e+00 0.0000e+00 1.9850e-04 2.8065e-04 3.4359e-04 3.9651e-04 4.4299e-04 4.8483e-04 5.2311e-04 5.5852e-04 5.9154e-04 6.2251e-04 0.0000e+00 6.7927e-04 7.0541e-04 7.3020e-04 7.5376e-04 7.7614e-04 7.9742e-04 8.1762e-04 8.3679e-04 8.5495e-04 8.7212e-04 8.8829e-04 9.0349e-04 9.1770e-04 9.3091e-04 9.4312e-04 9.5430e-04 9.6444e-04 9.7351e-04 9.8148e-04 9.8832e-04 9.9398e-04 9.9844e-04 1.0016e-03 1.0036e-03 1.0041e-03 1.0033e-03 1.0010e-03 9.9720e-04 9.9185e-04 9.8488e-04 9.7624e-04 9.6586e-04 9.5370e-04 9.3971e-04 9.2383e-04 9.0603e-04 8.8626e-04 8.6451e-04 8.4075e-04 8.1499e-04 7.8724e-04 7.5752e-04 7.2589e-04 6.9243e-04 6.5724e-04 6.2046e-04 5.8224e-04 5.4281e-04 5.0240e-04 4.6129e-04 4.1981e-04 3.7831e-04 3.3720e-04 2.9690e-04 2.5786e-04 2.2052e-04 1.8534e-04 1.5274e-04 1.2310e-04 9.6719e-05 7.3813e-05 5.4479e-05 3.8687e-05 2.6268e-05 1.6927e-05 1.0258e-05 5.7823e-06 2.9900e-06 1.3943e-06 5.7392e-07 2.0288e-07 5.9464e-08 1.3801e-08 2.3869e-09 2.8344e-10 2.0654e-11 7.8910e-13 1.2610e-14 6.0352e-17 5.1929e-20 3.5643e-24 5.0057e-30 1.2525e-38 3.5166e-52 -1.9741e-73 -6.8130e-113 -4.1386e-199 0.0000e+00 0.0000e+00
-2.0690e-04 -2.9255e-04 -3.5818e-04 -4.1341e-04 -4.6194e-04 -5.0566e-04 -5.4571e-04 -5.8280e-04 -6.1745e-04 -6.5000e-04 -6.8072e-04 3.7066e-02 -7.3746e-04 -7.6376e-04 -7.8882e-04 -8.1272e-04 -8.3552e-04 -8.5726e-04 -8.7798e-04 -8.9771e-04 -9.1647e-04 -9.3428e-04 -9.5112e-04 -9.6702e-04 -9.8194e-04 -9.9590e-04 -1.0089e-03 -1.0208e-03 -1.0317e-03 -1.0416e-03 -1.0503e-03 -1.0579e-03 -1.0644e-03 -1.0696e-03 -1.0735e-03 -1.0761e-03 -1.0773e-03 -1.0770e-03 -1.0753e-03 -1.0720e-03 -1.0670e-03 -1.0603e-03 -1.0519e-03 -1.0416e-03 -1.0294e-03 -1.0152e-03 -9.9903e-04 -9.8072e-04 -9.6026e-04 -9.3761e-04 -9.1273e-04 -8.8562e-04 -8.5627e-04 -8.2470e-04 -7.9096e-04 -7.5510e-04 -7.1724e-04 -6.7750e-04 -6.3607e-04 -5.9316e-04 -5.4903e-04 -5.0400e-04 -4.5843e-04 -4.1272e-04 -3.6734e-04 -3.2277e-04 -2.7954e-04 -2.3818e-04 -1.9923e-04 -1.6318e-04 -1.3050e-04 -1.0153e-04 -7.6537e-05 -5.5627e-05 -3.8749e-05 -2.5686e-05 -1.6062e-05 -9.3747e-06 -5.0399e-06 -2.4549e-06 -1.0613e-06 -3.9653e-07 -1.2377e-07 -3.0868e-08 -5.7985e-09 -7.5772e-10 -6.1748e-11 -2.6922e-12 -5.0383e-14 -2.9225e-16 -3.1953e-19 -2.9880e-23 -6.4080e-29 -3.0829e-37 -3.9949e-50 -1.3083e-71 -2.3701e-111 -1.3595e-197 0.0000e+00 0.0000e+00 2.0690e-04 2.9253e-04 3.5813e-04 4.1329e-04 4.6174e-04 5.0535e-04 5.4525e-04 5.8216e-04 6.1657e-04 6.4886e-04 6.7927e-04 0.0000e+00 7.3526e-04 7.6111e-04 7.8566e-04 8.0899e-04 8.3117e-04 8.5223e-04 8.7221e-04 8.9114e-04 9.0903e-04 9.2589e-04 9.4173e-04 9.5654e-04 9.7031e-04 9.8303e-04 9.9469e-04 1.0053e-03 1.0147e-03 1.0230e-03 1.0301e-03 1.0361e-03 1.0407e-03 1.0440e-03 1.0460e-03 1.0466e-03 1.0457e-03 1.0434e-03 1.0394e-03 1.0338e-03 1.0266e-03 1.0175e-03 1.0067e-03 9.9406e-04 9.7947e-04 9.6292e-04 9.4436e-04 9.2376e-04 9.0109e-04 8.7632e-04 8.4947e-04 8.2054e-04 7.8956e-04 7.5659e-04 7.2172e-04 6.8503e-04 6.4669e-04 6.0686e-04 5.6576e-04 5.2363e-04 4.8078e-04 4.3755e-04 3.9429e-04 3.5144e-04 3.0944e-04 2.6874e-04 2.2982e-04 1.9315e-04 1.5918e-04 1.2828e-04 1.0079e-04 7.6914e-05 5.6765e-05 4.0307e-05 2.7366e-05 1.7633e-05 1.0685e-05 6.0218e-06 3.1133e-06 1.4515e-06 5.9726e-07 2.1105e-07 6.1824e-08 1.4339e-08 2.4774e-09 2.9376e-10 2.1363e-11 8.1368e-13 1.2940e-14 6.1447e-17 5.2139e-20 3.4821e-24 4.5868e-30 9.2066e-39 -2.6764e-52 -4.6943e-73 -1.3099e-112 -8.5015e-199 0.0000e+00 0.0000e+00
-2.1486e-04 -3.0381e-04 -3.7197e-04 -4.2933e-04 -4.7974e-04 -5.2517e-04 -5.6679e-04 -6.0534e-04 -6.4136e-04 -6.7521e-04 -7.0718e-04 -7.3746e-04 4.3678e-02 -7.9364e-04 -8.1976e-04 -8.4468e-04 -8.6846e-04 -8.9117e-04 -9.1282e-04 -9.3347e-04 -9.5311e-04 -9.7177e-04 -9.8946e-04 -1.0062e-03 -1.0219e-03 -1.0366e-03 -1.0503e-03 -1.0630e-03 -1.0746e-03 -1.0851e-03 -1.0945e-03 -1.1027e-03 -1.1097e-03 -1.1155e-03 -1.1199e-03 -1.1230e-03 -1.1246e-03 -1.1247e-03 -1.1233e-03 -1.1203e-03 -1.1156e-03 -1.1091e-03 -1.1008e-03 -1.0906e-03 -1.0784e-03 -1.0641e-03 -1.0477e-03 -1.0291e-03 -1.0083e-03 -9.8517e-04 -9.5972e-04 -9.3192e-04 -9.0175e-04 -8.6924e-04 -8.3442e-04 -7.9736e-04 -7.5814e-04 -7.1691e-04 -6.7384e-04 -6.2915e-04 -5.8310e-04 -5.3602e-04 -4.8827e-04 -4.4029e-04 -3.9254e-04 -3.4554e-04 -2.9984e-04 -2.5601e-04 -2.1463e-04 -1.7622e-04 -1.4129e-04 -1.1024e-04 -8.3353e-05 -6.0780e-05 -4.2490e-05 -2.8275e-05 -1.7756e-05 -1.0411e-05 -5.6251e-06 -2.7551e-06 -1.1982e-06 -4.5065e-07 -1.4169e-07 -3.5623e-08 -6.7518e-09 -8.9111e-10 -7.3434e-11 -3.2422e-12 -6.1555e-14 -3.6302e-16 -4.0470e-19 -3.8735e-23 -8.5477e-29 -4.2640e-37 -5.7971e-50 -2.0302e-71 -4.0685e-111 -2.7640e-197 0.0000e+00 0.0000e+00 2.1486e-04 3.0378e-04 3.7190e-04 4.2919e-04 4.7950e-04 5.2479e-04 5.6622e-04 6.0455e-04 6.4029e-04 6.7382e-04 7.0541e-04 7.3526e-04 0.0000e+00 7.9038e-04 8.1588e-04 8.4011e-04 8.6314e-04 8.8501e-04 9.0576e-04 9.2542e-04 9.4400e-04 9.6151e-04 9.7795e-04 9.9333e-04 1.0076e-03 1.0208e-03 1.0330e-03 1.0439e-03 1.0537e-03 1.0624e-03 1.0698e-03 1.0759e-03 1.0807e-03 1.0842e-03 1.0863e-03 1.0869e-03 1.0860e-03 1.0835e-03 1.0794e-03 1.0736e-03 1.0660e-03 1.0567e-03 1.0455e-03 1.0323e-03 1.0171e-03 9.9995e-04 9.8068e-04 9.5928e-04 9.3573e-04 9.1002e-04 8.8213e-04 8.5208e-04 8.1991e-04 7.8567e-04 7.4945e-04 7.1136e-04 6.7154e-04 6.3017e-04 5.8749e-04 5.4374e-04 4.9924e-04 4.5434e-04 4.0942e-04 3.6492e-04 3.2129e-04 2.7903e-04 2.3862e-04 2.0054e-04 1.6526e-04 1.3318e-04 1.0463e-04 7.9842e-05 5.8922e-05 4.1835e-05 2.8401e-05 1.8297e-05 1.1086e-05 6.2465e-06 3.2286e-06 1.5048e-06 6.1894e-07 2.1859e-07 6.3988e-08 1.4826e-08 2.5582e-09 3.0277e-10 2.1956e-11 8.3274e-13 1.3155e-14 6.1764e-17 5.1334e-20 3.2829e-24 3.8484e-30 3.8624e-39 -1.2460e-51 -9.0945e-73 -2.3986e-112 -1.7211e-198 0.0000e+00 0.0000e+00
-2.2242e-04 -3.1449e-04 -3.8506e-04 -4.4445e-04 -4.9665e-04 -5.4370e-04 -5.8681e-04 -6.2676e-04 -6.6409e-04 -6.9919e-04 -7.3234e-04 -7.6376e-04 -7.9364e-04 5.0880e-02 -8.4924e-04 -8.7515e-04 -8.9990e-04 -9.2355e-04 -9.4612e-04 -9.6766e-04 -9.8818e-04 -1.0077e-03 -1.0262e-03 -1.0437e-03 -1.0602e-03 -1.0757e-03 -1.0902e-03 -1.1036e-03 -1.1159e-03 -1.1271e-03 -1.1372e-03 -1.1461e-03 -1.1537e-03 -1.1600e-03 -1.1650e-03 -1.1686e-03 -1.1708e-03 -1.1714e-03 -1.1704e-03 -1.1677e-03 -1.1633e-03 -1.1571e-03 -1.1490e-03 -1.1389e-03 -1.1268e-03 -1.1126e-03 -1.0961e-03 -1.0774e-03 -1.0563e-03 -1.0328e-03 -1.0069e-03 -9.7852e-04 -9.4766e-04 -9.1432e-04 -8.7854e-04 -8.4037e-04 -7.9990e-04 -7.5726e-04 -7.1263e-04 -6.6623e-04 -6.1831e-04 -5.6922e-04 -5.1933e-04 -4.6907e-04 -4.1894e-04 -3.6949e-04 -3.2127e-04 -2.7491e-04 -2.3101e-04 -1.9015e-04 -1.5287e-04 -1.1962e-04 -9.0729e-05 -6.6383e-05 -4.6577e-05 -3.1117e-05 -1.9625e-05 -1.1560e-05 -6.2777e-06 -3.0917e-06 -1.3527e-06 -5.1213e-07 -1.6219e-07 -4.1103e-08 -7.8597e-09 -1.0476e-09 -8.7282e-11 -3.9018e-12 -7.5134e-14 -4.5043e-16 -5.1190e-19 -5.0141e-23 -1.1385e-28 -5.8895e-37 -8.4027e-50 -3.1484e-71 -6.9852e-111 -5.6282e-197 0.0000e+00 0.0000e+00 2.2241e-04 3.1446e-04 3.8498e-04 4.4428e-04 4.9635e-04 5.4323e-04 5.8612e-04 6.2580e-04 6.6280e-04 6.9751e-04 7.3020e-04 7.6111e-04 7.9038e-04 0.0000e+00 8.4456e-04 8.6965e-04 8.9348e-04 9.1612e-04 9.3760e-04 9.5795e-04 9.7718e-04 9.9531e-04 1.0123e-03 1.0282e-03 1.0431e-03 1.0567e-03 1.0693e-03 1.0806e-03 1.0908e-03 1.0997e-03 1.1074e-03 1.1137e-03 1.1187e-03 1.1223e-03 1.1244e-03 1.1251e-03 1.1241e-03 1.1216e-03 1.1173e-03 1.1113e-03 1.1035e-03 1.0938e-03 1.0822e-03 1.0686e-03 1.0529e-03 1.0351e-03 1.0151e-03 9.9298e-04 9.6861e-04 9.4198e-04 9.1311e-04 8.8201e-04 8.4870e-04 8.1326e-04 7.7576e-04 7.3633e-04 6.9510e-04 6.5228e-04 6.0809e-04 5.6280e-04 5.1674e-04 4.7025e-04 4.2376e-04 3.7769e-04 3.3253e-04 2.8878e-04 2.4695e-04 2.0754e-04 1.7102e-04 1.3781e-04 1.0826e-04 8.2608e-05 6.0958e-05 4.3276e-05 2.9375e-05 1.8922e-05 1.1462e-05 6.4568e-06 3.3362e-06 1.5543e-06 6.3897e-07 2.2551e-07 6.5950e-08 1.5261e-08 2.6286e-09 3.1030e-10 2.2418e-11 8.4535e-13 1.3230e-14 6.1115e-17 4.9231e-20 2.9298e-24 2.6771e-30 -4.3208e-39 -2.7495e-51 -1.6101e-72 -4.2692e-112 -3.4565e-198 0.0000e+00 0.0000e+00
-2.2959e-04 -3.2464e-04 -3.9749e-04 -4.5881e-04 -5.1272e-04 -5.6131e-04 -6.0585e-04 -6.4713e-04 -6.8572e-04 -7.2201e-04 -7.5630e-04 -7.8882e-04 -8.1976e-04 -8.4924e-04 5.8685e-02 -9.0425e-04 -9.2995e-04 -9.5452e-04 -9.7799e-04 -1.0004e-03 -1.0218e-03 -1.0422e-03 -1.0615e-03 -1.0799e-03 -1.0972e-03 -1.1135e-03 -1.1287e-03 -1.1429e-03 -1.1559e-03 -1.1679e-03 -1.1786e-03 -1.1882e-03 -1.1965e-03 -1.2035e-03 -1.2091e-03 -1.2133e-03 -1.2160e-03 -1.2171e-03 -1.2166e-03 -1.2144e-03 -1.2104e-03 -1.2046e-03 -1.1968e-03 -1.1870e-03 -1.1750e-03 -1.1609e-03 -1.1444e-03 -1.1257e-03 -1.1044e-03 -1.0807e-03 -1.0545e-03 -1.0257e-03 -9.9421e-04 -9.6016e-04 -9.2352e-04 -8.8434e-04 -8.4272e-04 -7.9876e-04 -7.5265e-04 -7.0460e-04 -6.5487e-04 -6.0380e-04 -5.5178e-04 -4.9925e-04 -4.4672e-04 -3.9477e-04 -3.4398e-04 -2.9501e-04 -2.4849e-04 -2.0507e-04 -1.6532e-04 -1.2975e-04 -9.8730e-05 -7.2486e-05 -5.1048e-05 -3.4241e-05 -2.1689e-05 -1.2836e-05 -7.0060e-06 -3.4695e-06 -1.5271e-06 -5.8198e-07 -1.8564e-07 -4.7419e-08 -9.1470e-09 -1.2310e-09 -1.0369e-10 -4.6925e-12 -9.1635e-14 -5.5834e-16 -6.4681e-19 -6.4835e-23 -1.5148e-28 -8.1273e-37 -1.2173e-49 -4.8827e-71 -1.2004e-110 -1.1489e-196 0.0000e+00 0.0000e+00 2.2959e-04 3.2460e-04 3.9740e-04 4.5861e-04 5.1237e-04 5.6076e-04 6.0503e-04 6.4599e-04 6.8418e-04 7.2001e-04 7.5376e-04 7.8566e-04 8.1588e-04 8.4456e-04 0.0000e+00 8.9770e-04 9.2231e-04 9.4568e-04 9.6785e-04 9.8885e-04 1.0087e-03 1.0274e-03 1.0450e-03 1.0614e-03 1.0767e-03 1.0908e-03 1.1038e-03 1.1155e-03 1.1260e-03 1.1352e-03 1.1431e-03 1.1496e-03 1.1548e-03 1.1585e-03 1.1607e-03 1.1614e-03 1.1604e-03 1.1577e-03 1.1534e-03 1.1472e-03 1.1391e-03 1.1291e-03 1.1171e-03 1.1030e-03 1.0868e-03 1.0685e-03 1.0479e-03 1.0250e-03 9.9983e-04 9.7234e-04 9.4254e-04 9.1042e-04 8.7604e-04 8.3945e-04 8.0074e-04 7.6003e-04 7.1747e-04 6.7326e-04 6.2765e-04 5.8089e-04 5.3334e-04 4.8535e-04 4.3735e-04 3.8980e-04 3.4318e-04 2.9802e-04 2.5484e-04 2.1416e-04 1.7646e-04 1.4219e-04 1.1169e-04 8.5219e-05 6.2878e-05 4.4633e-05 3.0291e-05 1.9508e-05 1.1814e-05 6.6528e-06 3.4361e-06 1.6000e-06 6.5730e-07 2.3177e-07 6.7698e-08 1.5640e-08 2.6874e-09 3.1618e-10 2.2727e-11 8.5028e-13 1.3134e-14 5.9258e-17 4.5465e-20 2.3744e-24 9.2052e-31 -1.6470e-38 -5.0183e-51 -2.7140e-72 -7.4674e-112 -6.9148e-198 0.0000e+00 0.0000e+00
-2.3641e-04 -3.3429e-04 -4.0931e-04 -4.7247e-04 -5.2800e-04 -5.7807e-04 -6.2396e-04 -6.6652e-04 -7.0631e-04 -7.4375e-04 -7.7914e-04 -8.1272e-04 -8.4468e-04 -8.7515e-04 -9.0425e-04 6.7111e-02 -9.5870e-04 -9.8417e-04 -1.0085e-03 -1.0318e-03 -1.0541e-03 -1.0753e-03 -1.0955e-03 -1.1147e-03 -1.1328e-03 -1.1499e-03 -1.1659e-03 -1.1809e-03 -1.1947e-03 -1.2074e-03 -1.2189e-03 -1.2292e-03 -1.2382e-03 -1.2459e-03 -1.2522e-03 -1.2570e-03 -1.2604e-03 -1.2621e-03 -1.2622e-03 -1.2605e-03 -1.2570e-03 -1.2517e-03 -1.2443e-03 -1.2348e-03 -1.2231e-03 -1.2092e-03 -1.1929e-03 -1.1742e-03 -1.1530e-03 -1.1292e-03 -1.1027e-03 -1.0735e-03 -1.0416e-03 -1.0070e-03 -9.6956e-04 -9.2949e-04 -8.8680e-04 -8.4161e-04 -7.9409e-04 -7.4445e-04 -6.9295e-04 -6.3994e-04 -5.8580e-04 -5.3099e-04 -4.7604e-04 -4.2153e-04 -3.6811e-04 -3.1644e-04 -2.6721e-04 -2.2110e-04 -1.7875e-04 -1.4071e-04 -1.0742e-04 -7.9145e-05 -5.5947e-05 -3.7680e-05 -2.3970e-05 -1.4253e-05 -7.8192e-06 -3.8936e-06 -1.7241e-06 -6.6134e-07 -2.1246e-07 -5.4697e-08 -1.0642e-08 -1.4461e-09 -1.2312e-10 -5.6400e-12 -1.1168e-13 -6.9158e-16 -8.1663e-19 -8.3771e-23 -2.0141e-28 -1.1211e-36 -1.7635e-49 -7.5770e-71 -2.0661e-110 -2.3524e-196 0.0000e+00 0.0000e+00 2.3640e-04 3.3424e-04 4.0920e-04 4.7223e-04 5.2758e-04 5.7741e-04 6.2300e-04 6.6518e-04 7.0450e-04 7.4139e-04 7.7614e-04 8.0899e-04 8.4011e-04 8.6965e-04 8.9770e-04 0.0000e+00 9.4970e-04 9.7376e-04 9.9659e-04 1.0182e-03 1.0387e-03 1.0579e-03 1.0760e-03 1.0929e-03 1.1087e-03 1.1232e-03 1.1365e-03 1.1486e-03 1.1594e-03 1.1689e-03 1.1770e-03 1.1838e-03 1.1891e-03 1.1929e-03 1.1952e-03 1.1958e-03 1.1948e-03 1.1921e-03 1.1876e-03 1.1812e-03 1.1729e-03 1.1626e-03 1.1502e-03 1.1358e-03 1.1191e-03 1.1002e-03 1.0790e-03 1.0554e-03 1.0295e-03 1.0012e-03 9.7049e-04 9.3742e-04 9.0201e-04 8.6433e-04 8.2446e-04 7.8254e-04 7.3871e-04 6.9319e-04 6.4621e-04 5.9806e-04 5.4909e-04 4.9968e-04 4.5025e-04 4.0128e-04 3.5328e-04 3.0678e-04 2.6231e-04 2.2043e-04 1.8162e-04 1.4633e-04 1.1494e-04 8.7681e-05 6.4685e-05 4.5908e-05 3.1150e-05 2.0056e-05 1.2142e-05 6.8347e-06 3.5282e-06 1.6418e-06 6.7388e-07 2.3733e-07 6.9216e-08 1.5956e-08 2.7334e-09 3.2015e-10 2.2858e-11 8.4599e-13 1.2829e-14 5.5884e-17 3.9565e-20 1.5533e-24 -1.6256e-30 -3.4149e-38 -8.4006e-51 -4.4418e-72 -1.2922e-111 -1.3819e-197 0.0000e+00 0.0000e+00
-2.4289e-04 -3.4345e-04 -4.2055e-04 -4.8545e-04 -5.4253e-04 -5.9400e-04 -6.4120e-04 -6.8498e-04 -7.2592e-04 -7.6446e-04 -8.0091e-04 -8.3552e-04 -8.6846e-04 -8.9990e-04 -9.2995e-04 -9.5870e-04 7.6175e-02 -1.0126e-03 -1.0378e-03 -1.0620e-03 -1.0851e-03 -1.1072e-03 -1.1282e-03 -1.1482e-03 -1.1672e-03 -1.1851e-03 -1.2020e-03 -1.2177e-03 -1.2324e-03 -1.2459e-03 -1.2582e-03 -1.2692e-03 -1.2790e-03 -1.2874e-03 -1.2945e-03 -1.3001e-03 -1.3041e-03 -1.3065e-03 -1.3073e-03 -1.3062e-03 -1.3033e-03 -1.2985e-03 -1.2916e-03 -1.2826e-03 -1.2713e-03 -1.2577e-03 -1.2417e-03 -1.2232e-03 -1.2021e-03 -1.1783e-03 -1.1517e-03 -1.1223e-03 -1.0900e-03 -1.0549e-03 -1.0169e-03 -9.7598e-04 -9.3232e-04 -8.8599e-04 -8.3714e-04 -7.8597e-04 -7.3275e-04 -6.7782e-04 -6.2156e-04 -5.6446e-04 -5.0706e-04 -4.4995e-04 -3.9380e-04 -3.3933e-04 -2.8727e-04 -2.3834e-04 -1.9325e-04 -1.5260e-04 -1.1688e-04 -8.6418e-05 -6.1321e-05 -4.1467e-05 -2.6495e-05 -1.5829e-05 -8.7276e-06 -4.3698e-06 -1.9465e-06 -7.5150e-07 -2.4314e-07 -6.3082e-08 -1.2379e-08 -1.6982e-09 -1.4613e-10 -6.7757e-12 -1.3604e-13 -8.5615e-16 -1.0305e-18 -1.0819e-22 -2.6774e-28 -1.5466e-36 -2.5560e-49 -1.1771e-70 -3.5638e-110 -4.8352e-196 0.0000e+00 0.0000e+00 2.4288e-04 3.4341e-04 4.2041e-04 4.8518e-04 5.4204e-04 5.9324e-04 6.4008e-04 6.8341e-04 7.2381e-04 7.6171e-04 7.9742e-04 8.3117e-04 8.6314e-04 8.9348e-04 9.2231e-04 9.4970e-04 0.0000e+00 1.0005e-03 1.0239e-03 1.0461e-03 1.0671e-03 1.0869e-03 1.1055e-03 1.1229e-03 1.1391e-03 1.1540e-03 1.1677e-03 1.1801e-03 1.1912e-03 1.2009e-03 1.2093e-03 1.2162e-03 1.2217e-03 1.2256e-03 1.2279e-03 1.2286e-03 1.2276e-03 1.2248e-03 1.2201e-03 1.2136e-03 1.2050e-03 1.1945e-03 1.1818e-03 1.1669e-03 1.1497e-03 1.1303e-03 1.1085e-03 1.0843e-03 1.0577e-03 1.0286e-03 9.9703e-04 9.6305e-04 9.2667e-04 8.8795e-04 8.4698e-04 8.0390e-04 7.5887e-04 7.1209e-04 6.6382e-04 6.1435e-04 5.6403e-04 5.1326e-04 4.6247e-04 4.1216e-04 3.6284e-04 3.1506e-04 2.6938e-04 2.2635e-04 1.8648e-04 1.5024e-04 1.1799e-04 8.9997e-05 6.6382e-05 4.7102e-05 3.1952e-05 2.0565e-05 1.2445e-05 7.0019e-06 3.6122e-06 1.6794e-06 6.8857e-07 2.4215e-07 7.0480e-08 1.6202e-08 2.7646e-09 3.2191e-10 2.2776e-11 8.3053e-13 1.2265e-14 5.0601e-17 3.0924e-20 3.8334e-25 -5.2354e-30 -5.9519e-38 -1.3401e-50 -7.1344e-72 -2.2218e-111 -2.7644e-197 0.0000e+00 0.0000e+00
