1.2001e-08 -1.4142e-07 -2.5980e-07 -3.9997e-07 -5.5893e-07 -7.3461e-07 -9.2546e-07 -1.1302e-06 -1.3478e-06 -1.5772e-06 -1.8175e-06 -2.0677e-06 -2.3269e-06 -2.5941e-06 -2.8682e-06 -3.1480e-06 -3.4322e-06 -3.7195e-06 -4.0082e-06 -4.2968e-06 -4.5834e-06 -4.8660e-06 -5.1425e-06 -5.4108e-06 -5.6685e-06 -5.9131e-06 -6.1421e-06 -6.3529e-06 -6.5430e-06 -6.7098e-06 -6.8508e-06 -6.9638e-06 -7.0466e-06 -7.0974e-06 -7.1145e-06 -7.0968e-06 -7.0435e-06 -6.9543e-06 -6.8295e-06 -6.6698e-06 -6.4765e-06 -6.2517e-06 -5.9976e-06 -5.7175e-06 -5.4146e-06 -5.0930e-06 -4.7568e-06 -4.4104e-06 -4.0584e-06 -3.7054e-06 -3.3559e-06 -3.0139e-06 -2.6834e-06 -2.3678e-06 -2.0701e-06 -1.7926e-06 -1.5370e-06 -1.3045e-06 -1.0955e-06 -9.1009e-07 -7.4760e-07 -6.0707e-07 -4.8711e-07 -3.8608e-07 -3.0216e-07 -2.3342e-07 -1.7791e-07 -1.3375e-07 -9.9127e-08 -7.2404e-08 -5.2098e-08 -3.6913e-08 -2.5743e-08 -1.7663e-08 -1.1919e-08 -7.9057e-09 -5.1525e-09 -3.2980e-09 -2.0723e-09 -1.2777e-09 -7.7261e-10 -4.5798e-10 -2.6599e-10 -1.5129e-10 -8.4234e-11 -4.5883e-11 -2.4440e-11 -1.2723e-11 -6.4700e-12 -3.2123e-12 -1.5563e-12 -7.3539e-13 -3.3871e-13 -1.5198e-13 -6.6400e-14 -2.8230e-14 -1.1673e-14 -4.6917e-15 -1.8318e-15 -6.9440e-16 0.0000e+00 -1.4142e-07 -2.5980e-07 -3.9997e-07 -5.5893e-07 -7.3461e-07 -9.2546e-07 -1.1302e-06 -1.3478e-06 -1.5772e-06 -1.8175e-06 -2.0677e-06 -2.3269e-06 -2.5941e-06 -2.8682e-06 -3.1480e-06 -3.4322e-06 -3.7195e-06 -4.0082e-06 -4.2968e-06 -4.5834e-06 -4.8660e-06 -5.1425e-06 -5.4108e-06 -5.6685e-06 -5.9131e-06 -6.1421e-06 -6.3529e-06 -6.5430e-06 -6.7098e-06 -6.8508e-06 -6.9638e-06 -7.0466e-06 -7.0974e-06 -7.1145e-06 -7.0968e-06 -7.0435e-06 -6.9543e-06 -6.8295e-06 -6.6698e-06 -6.4765e-06 -6.2517e-06 -5.9976e-06 -5.7175e-06 -5.4146e-06 -5.0930e-06 -4.7568e-06 -4.4104e-06 -4.0584e-06 -3.7054e-06 -3.3559e-06 -3.0139e-06 -2.6834e-06 -2.3678e-06 -2.0701e-06 -1.7926e-06 -1.5370e-06 -1.3045e-06 -1.0955e-06 -9.1009e-07 -7.4760e-07 -6.0707e-07 -4.8711e-07 -3.8608e-07 -3.0216e-07 -2.3342e-07 -1.7791e-07 -1.3375e-07 -9.9127e-08 -7.2404e-08 -5.2098e-08 -3.6913e-08 -2.5743e-08 -1.7663e-08 -1.1919e-08 -7.9057e-09 -5.1524e-09 -3.2980e-09 -2.0723e-09 -1.2777e-09 -7.7261e-10 -4.5797e-10 -2.6599e-10 -1.5129e-10 -8.4234e-11 -4.5883e-11 -2.4440e-11 -1.2723e-11 -6.4700e-12 -3.2123e-12 -1.5563e-12 -7.3539e-13 -3.3871e-13 -1.5198e-13 -6.6400e-14 -2.8230e-14 -1.1673e-14 -4.6916e-15 -1.8318e-15 -6.9440e-16
-1.4142e-07 1.9183e-07 -7.3483e-07 -1.1313e-06 -1.5809e-06 -2.0778e-06 -2.6176e-06 -3.1967e-06 -3.8121e-06 -4.4610e-06 -5.1406e-06 -5.8484e-06 -6.5815e-06 -7.3373e-06 -8.1125e-06 -8.9038e-06 -9.7077e-06 -1.0520e-05 -1.1337e-05 -1.2153e-05 -1.2964e-05 -1.3763e-05 -1.4545e-05 -1.5304e-05 -1.6033e-05 -1.6725e-05 -1.7372e-05 -1.7969e-05 -1.8506e-05 -1.8978e-05 -1.9377e-05 -1.9697e-05 -1.9931e-05 -2.0074e-05 -2.0123e-05 -2.0073e-05 -1.9922e-05 -1.9670e-05 -1.9317e-05 -1.8865e-05 -1.8318e-05 -1.7682e-05 -1.6964e-05 -1.6172e-05 -1.5315e-05 -1.4405e-05 -1.3454e-05 -1.2475e-05 -1.1479e-05 -1.0481e-05 -9.4918e-06 -8.5246e-06 -7.5899e-06 -6.6973e-06 -5.8553e-06 -5.0703e-06 -4.3474e-06 -3.6897e-06 -3.0987e-06 -2.5742e-06 -2.1146e-06 -1.7171e-06 -1.3778e-06 -1.0920e-06 -8.5465e-07 -6.6022e-07 -5.0322e-07 -3.7830e-07 -2.8038e-07 -2.0480e-07 -1.4736e-07 -1.0441e-07 -7.2814e-08 -4.9961e-08 -3.3712e-08 -2.2362e-08 -1.4574e-08 -9.3287e-09 -5.8618e-09 -3.6141e-09 -2.1854e-09 -1.2954e-09 -7.5238e-10 -4.2795e-10 -2.3827e-10 -1.2979e-10 -6.9131e-11 -3.5989e-11 -1.8302e-11 -9.0867e-12 -4.4024e-12 -2.0802e-12 -9.5811e-13 -4.2991e-13 -1.8783e-13 -7.9857e-14 -3.3021e-14 -1.3272e-14 -5.1819e-15 -1.9643e-15 -1.4142e-07 0.0000e+00 -7.3483e-07 -1.1313e-06 -1.5809e-06 -2.0778e-06 -2.6176e-06 -3.1967e-06 -3.8121e-06 -4.4610e-06 -5.1406e-06 -5.8484e-06 -6.5815e-06 -7.3373e-06 -8.1125e-06 -8.9038e-06 -9.7077e-06 -1.0520e-05 -1.1337e-05 -1.2153e-05 -1.2964e-05 -1.3763e-05 -1.4545e-05 -1.5304e-05 -1.6033e-05 -1.6725e-05 -1.7372e-05 -1.7969e-05 -1.8506e-05 -1.8978e-05 -1.9377e-05 -1.9697e-05 -1.9931e-05 -2.0074e-05 -2.0123e-05 -2.0073e-05 -1.9922e-05 -1.9670e-05 -1.9317e-05 -1.8865e-05 -1.8318e-05 -1.7682e-05 -1.6964e-05 -1.6171e-05 -1.5315e-05 -1.4405e-05 -1.3454e-05 -1.2474e-05 -1.1479e-05 -1.0481e-05 -9.4918e-06 -8.5245e-06 -7.5898e-06 -6.6973e-06 -5.8552e-06 -5.0703e-06 -4.3473e-06 -3.6896e-06 -3.0986e-06 -2.5741e-06 -2.1145e-06 -1.7171e-06 -1.3778e-06 -1.0920e-06 -8.5463e-07 -6.6020e-07 -5.0321e-07 -3.7829e-07 -2.8038e-07 -2.0479e-07 -1.4736e-07 -1.0441e-07 -7.2812e-08 -4.9959e-08 -3.3711e-08 -2.2361e-08 -1.4574e-08 -9.3283e-09 -5.8615e-09 -3.6139e-09 -2.1853e-09 -1.2954e-09 -7.5235e-10 -4.2793e-10 -2.3826e-10 -1.2978e-10 -6.9127e-11 -3.5987e-11 -1.8300e-11 -9.0861e-12 -4.4021e-12 -2.0800e-12 -9.5804e-13 -4.2988e-13 -1.8781e-13 -7.9850e-14 -3.3018e-14 -1.3271e-14 -5.1814e-15 -1.9641e-15
-2.5980e-07 -7.3483e-07 9.7114e-07 -2.0783e-06 -2.9042e-06 -3.8171e-06 -4.8087e-06 -5.8726e-06 -7.0032e-06 -8.1952e-06 -9.4437e-06 -1.0744e-05 -1.2091e-05 -1.3479e-05 -1.4903e-05 -1.6357e-05 -1.7834e-05 -1.9327e-05 -2.0827e-05 -2.2326e-05 -2.3815e-05 -2.5284e-05 -2.6721e-05 -2.8115e-05 -2.9454e-05 -3.0725e-05 -3.1915e-05 -3.3010e-05 -3.3998e-05 -3.4864e-05 -3.5597e-05 -3.6185e-05 -3.6615e-05 -3.6879e-05 -3.6968e-05 -3.6876e-05 -3.6599e-05 -3.6136e-05 -3.5487e-05 -3.4657e-05 -3.3653e-05 -3.2485e-05 -3.1165e-05 -2.9709e-05 -2.8136e-05 -2.6464e-05 -2.4717e-05 -2.2918e-05 -2.1089e-05 -1.9255e-05 -1.7438e-05 -1.5661e-05 -1.3944e-05 -1.2304e-05 -1.0757e-05 -9.3152e-06 -7.9871e-06 -6.7787e-06 -5.6929e-06 -4.7293e-06 -3.8850e-06 -3.1547e-06 -2.5313e-06 -2.0063e-06 -1.5702e-06 -1.2130e-06 -9.2457e-07 -6.9506e-07 -5.1516e-07 -3.7628e-07 -2.7075e-07 -1.9184e-07 -1.3379e-07 -9.1799e-08 -6.1944e-08 -4.1089e-08 -2.6779e-08 -1.7141e-08 -1.0771e-08 -6.6411e-09 -4.0158e-09 -2.3805e-09 -1.3826e-09 -7.8642e-10 -4.3786e-10 -2.3851e-10 -1.2704e-10 -6.6139e-11 -3.3634e-11 -1.6700e-11 -8.0909e-12 -3.8232e-12 -1.7609e-12 -7.9017e-13 -3.4523e-13 -1.4678e-13 -6.0694e-14 -2.4395e-14 -9.5252e-15 -3.6109e-15 -2.5980e-07 -7.3483e-07 0.0000e+00 -2.0783e-06 -2.9042e-06 -3.8171e-06 -4.8087e-06 -5.8726e-06 -7.0032e-06 -8.1952e-06 -9.4437e-06 -1.0744e-05 -1.2091e-05 -1.3479e-05 -1.4903e-05 -1.6357e-05 -1.7834e-05 -1.9327e-05 -2.0827e-05 -2.2326e-05 -2.3815e-05 -2.5284e-05 -2.6721e-05 -2.8115e-05 -2.9454e-05 -3.0725e-05 -3.1915e-05 -3.3010e-05 -3.3998e-05 -3.4864e-05 -3.5597e-05 -3.6184e-05 -3.6615e-05 -3.6878e-05 -3.6967e-05 -3.6875e-05 -3.6599e-05 -3.6135e-05 -3.5487e-05 -3.4657e-05 -3.3653e-05 -3.2484e-05 -3.1164e-05 -2.9709e-05 -2.8135e-05 -2.6464e-05 -2.4717e-05 -2.2917e-05 -2.1088e-05 -1.9254e-05 -1.7437e-05 -1.5661e-05 -1.3943e-05 -1.2304e-05 -1.0757e-05 -9.3147e-06 -7.9866e-06 -6.7784e-06 -5.6926e-06 -4.7290e-06 -3.8847e-06 -3.1545e-06 -2.5311e-06 -2.0062e-06 -1.5701e-06 -1.2129e-06 -9.2448e-07 -6.9499e-07 -5.1510e-07 -3.7624e-07 -2.7072e-07 -1.9181e-07 -1.3377e-07 -9.1785e-08 -6.1934e-08 -4.1082e-08 -2.6775e-08 -1.7138e-08 -1.0769e-08 -6.6397e-09 -4.0149e-09 -2.3799e-09 -1.3823e-09 -7.8623e-10 -4.3774e-10 -2.3844e-10 -1.2701e-10 -6.6119e-11 -3.3624e-11 -1.6694e-11 -8.0881e-12 -3.8218e-12 -1.7603e-12 -7.8985e-13 -3.4509e-13 -1.4672e-13 -6.0667e-14 -2.4384e-14 -9.5206e-15 -3.6090e-15
-3.9997e-07 -1.1313e-06 -2.0783e-06 3.0693e-06 -4.4712e-06 -5.8765e-06 -7.4032e-06 -9.0411e-06 -1.0782e-05 -1.2617e-05 -1.4539e-05 -1.6541e-05 -1.8614e-05 -2.0752e-05 -2.2944e-05 -2.5182e-05 -2.7456e-05 -2.9754e-05 -3.2064e-05 -3.4372e-05 -3.6665e-05 -3.8926e-05 -4.1138e-05 -4.3284e-05 -4.5346e-05 -4.7302e-05 -4.9134e-05 -5.0821e-05 -5.2341e-05 -5.3676e-05 -5.4804e-05 -5.5708e-05 -5.6371e-05 -5.6777e-05 -5.6914e-05 -5.6773e-05 -5.6347e-05 -5.5634e-05 -5.4635e-05 -5.3358e-05 -5.1812e-05 -5.0014e-05 -4.7982e-05 -4.5741e-05 -4.3319e-05 -4.0746e-05 -3.8056e-05 -3.5285e-05 -3.2470e-05 -2.9646e-05 -2.6849e-05 -2.4114e-05 -2.1470e-05 -1.8945e-05 -1.6564e-05 -1.4343e-05 -1.2298e-05 -1.0438e-05 -8.7662e-06 -7.2825e-06 -5.9824e-06 -4.8580e-06 -3.8981e-06 -3.0897e-06 -2.4181e-06 -1.8681e-06 -1.4239e-06 -1.0704e-06 -7.9340e-07 -5.7953e-07 -4.1701e-07 -2.9547e-07 -2.0607e-07 -1.4140e-07 -9.5415e-08 -6.3292e-08 -4.1252e-08 -2.6406e-08 -1.6593e-08 -1.0231e-08 -6.1869e-09 -3.6675e-09 -2.1302e-09 -1.2117e-09 -6.7467e-10 -3.6752e-10 -1.9577e-10 -1.0192e-10 -5.1834e-11 -2.5737e-11 -1.2470e-11 -5.8928e-12 -2.7143e-12 -1.2180e-12 -5.3220e-13 -2.2629e-13 -9.3577e-14 -3.7614e-14 -1.4687e-14 -5.5682e-15 -3.9997e-07 -1.1313e-06 -2.0783e-06 0.0000e+00 -4.4712e-06 -5.8765e-06 -7.4032e-06 -9.0411e-06 -1.0782e-05 -1.2617e-05 -1.4539e-05 -1.6541e-05 -1.8614e-05 -2.0752e-05 -2.2944e-05 -2.5182e-05 -2.7456e-05 -2.9754e-05 -3.2064e-05 -3.4372e-05 -3.6665e-05 -3.8925e-05 -4.1138e-05 -4.3284e-05 -4.5345e-05 -4.7302e-05 -4.9134e-05 -5.0820e-05 -5.2341e-05 -5.3675e-05 -5.4803e-05 -5.5707e-05 -5.6370e-05 -5.6776e-05 -5.6913e-05 -5.6771e-05 -5.6345e-05 -5.5632e-05 -5.4633e-05 -5.3356e-05 -5.1810e-05 -5.0011e-05 -4.7979e-05 -4.5738e-05 -4.3316e-05 -4.0743e-05 -3.8053e-05 -3.5282e-05 -3.2467e-05 -2.9643e-05 -2.6847e-05 -2.4111e-05 -2.1467e-05 -1.8943e-05 -1.6561e-05 -1.4341e-05 -1.2296e-05 -1.0436e-05 -8.7645e-06 -7.2810e-06 -5.9811e-06 -4.8568e-06 -3.8971e-06 -3.0889e-06 -2.4174e-06 -1.8675e-06 -1.4234e-06 -1.0701e-06 -7.9311e-07 -5.7931e-07 -4.1684e-07 -2.9535e-07 -2.0598e-07 -1.4133e-07 -9.5367e-08 -6.3258e-08 -4.1228e-08 -2.6390e-08 -1.6583e-08 -1.0224e-08 -6.1826e-09 -3.6649e-09 -2.1286e-09 -1.2108e-09 -6.7411e-10 -3.6720e-10 -1.9559e-10 -1.0183e-10 -5.1782e-11 -2.5710e-11 -1.2457e-11 -5.8861e-12 -2.7111e-12 -1.2165e-12 -5.3151e-13 -2.2598e-13 -9.3444e-14 -3.7558e-14 -1.4665e-14 -5.5593e-15
-5.5893e-07 -1.5809e-06 -2.9042e-06 -4.4712e-06 7.4934e-06 -8.2119e-06 -1.0345e-05 -1.2634e-05 -1.5066e-05 -1.7631e-05 -2.0317e-05 -2.3114e-05 -2.6012e-05 -2.8999e-05 -3.2063e-05 -3.5190e-05 -3.8368e-05 -4.1579e-05 -4.4807e-05 -4.8032e-05 -5.1236e-05 -5.4396e-05 -5.7487e-05 -6.0487e-05 -6.3367e-05 -6.6102e-05 -6.8662e-05 -7.1019e-05 -7.3144e-05 -7.5009e-05 -7.6587e-05 -7.7850e-05 -7.8777e-05 -7.9345e-05 -7.9537e-05 -7.9340e-05 -7.8745e-05 -7.7749e-05 -7.6354e-05 -7.4570e-05 -7.2411e-05 -6.9898e-05 -6.7059e-05 -6.3927e-05 -6.0543e-05 -5.6947e-05 -5.3189e-05 -4.9317e-05 -4.5383e-05 -4.1437e-05 -3.7529e-05 -3.3705e-05 -3.0011e-05 -2.6482e-05 -2.3154e-05 -2.0050e-05 -1.7192e-05 -1.4592e-05 -1.2255e-05 -1.0181e-05 -8.3639e-06 -6.7920e-06 -5.4502e-06 -4.3201e-06 -3.3812e-06 -2.6122e-06 -1.9911e-06 -1.4970e-06 -1.1096e-06 -8.1052e-07 -5.8325e-07 -4.1328e-07 -2.8825e-07 -1.9780e-07 -1.3348e-07 -8.8547e-08 -5.7716e-08 -3.6947e-08 -2.3219e-08 -1.4317e-08 -8.6585e-09 -5.1331e-09 -2.9817e-09 -1.6962e-09 -9.4450e-10 -5.1455e-10 -2.7412e-10 -1.4272e-10 -7.2591e-11 -3.6047e-11 -1.7467e-11 -8.2551e-12 -3.8029e-12 -1.7067e-12 -7.4580e-13 -3.1715e-13 -1.3117e-13 -5.2730e-14 -2.0593e-14 -7.8079e-15 -5.5893e-07 -1.5809e-06 -2.9042e-06 -4.4712e-06 0.0000e+00 -8.2119e-06 -1.0345e-05 -1.2634e-05 -1.5066e-05 -1.7631e-05 -2.0317e-05 -2.3114e-05 -2.6012e-05 -2.8999e-05 -3.2063e-05 -3.5190e-05 -3.8367e-05 -4.1579e-05 -4.4806e-05 -4.8032e-05 -5.1236e-05 -5.4395e-05 -5.7487e-05 -6.0486e-05 -6.3366e-05 -6.6101e-05 -6.8660e-05 -7.1017e-05 -7.3142e-05 -7.5007e-05 -7.6584e-05 -7.7847e-05 -7.8773e-05 -7.9341e-05 -7.9532e-05 -7.9335e-05 -7.8739e-05 -7.7743e-05 -7.6348e-05 -7.4562e-05 -7.2403e-05 -6.9889e-05 -6.7050e-05 -6.3918e-05 -6.0533e-05 -5.6937e-05 -5.3179e-05 -4.9307e-05 -4.5373e-05 -4.1427e-05 -3.7519e-05 -3.3696e-05 -3.0001e-05 -2.6474e-05 -2.3145e-05 -2.0043e-05 -1.7185e-05 -1.4586e-05 -1.2249e-05 -1.0176e-05 -8.3594e-06 -6.7881e-06 -5.4469e-06 -4.3172e-06 -3.3789e-06 -2.6102e-06 -1.9896e-06 -1.4957e-06 -1.1086e-06 -8.0976e-07 -5.8267e-07 -4.1285e-07 -2.8793e-07 -1.9756e-07 -1.3332e-07 -8.8432e-08 -5.7637e-08 -3.6894e-08 -2.3183e-08 -1.4294e-08 -8.6439e-09 -5.1240e-09 -2.9762e-09 -1.6929e-09 -9.4258e-10 -5.1346e-10 -2.7350e-10 -1.4239e-10 -7.2414e-11 -3.5955e-11 -1.7421e-11 -8.2321e-12 -3.7918e-12 -1.7015e-12 -7.4344e-13 -3.1610e-13 -1.3071e-13 -5.2540e-14 -2.0516e-14 -7.7776e-15
-7.3461e-07 -2.0778e-06 -3.8171e-06 -5.8765e-06 -8.2119e-06 1.5538e-05 -1.3597e-05 -1.6605e-05 -1.9802e-05 -2.3172e-05 -2.6703e-05 -3.0379e-05 -3.4188e-05 -3.8114e-05 -4.2140e-05 -4.6251e-05 -5.0427e-05 -5.4648e-05 -5.8890e-05 -6.3130e-05 -6.7341e-05 -7.1494e-05 -7.5558e-05 -7.9500e-05 -8.3287e-05 -8.6881e-05 -9.0246e-05 -9.3345e-05 -9.6139e-05 -9.8591e-05 -1.0066e-04 -1.0233e-04 -1.0355e-04 -1.0429e-04 -1.0455e-04 -1.0429e-04 -1.0351e-04 -1.0220e-04 -1.0037e-04 -9.8024e-05 -9.5187e-05 -9.1885e-05 -8.8155e-05 -8.4040e-05 -7.9592e-05 -7.4868e-05 -6.9929e-05 -6.4840e-05 -5.9669e-05 -5.4482e-05 -4.9345e-05 -4.4320e-05 -3.9463e-05 -3.4825e-05 -3.0449e-05 -2.6369e-05 -2.2611e-05 -1.9192e-05 -1.6119e-05 -1.3392e-05 -1.1002e-05 -8.9352e-06 -7.1704e-06 -5.6839e-06 -4.4490e-06 -3.4373e-06 -2.6203e-06 -1.9701e-06 -1.4604e-06 -1.0669e-06 -7.6779e-07 -5.4410e-07 -3.7952e-07 -2.6046e-07 -1.7578e-07 -1.1662e-07 -7.6024e-08 -4.8673e-08 -3.0591e-08 -1.8866e-08 -1.1411e-08 -6.7656e-09 -3.9305e-09 -2.2363e-09 -1.2454e-09 -6.7861e-10 -3.6157e-10 -1.8829e-10 -9.5784e-11 -4.7573e-11 -2.3057e-11 -1.0899e-11 -5.0216e-12 -2.2541e-12 -9.8523e-13 -4.1905e-13 -1.7335e-13 -6.9704e-14 -2.7228e-14 -1.0326e-14 -7.3461e-07 -2.0778e-06 -3.8171e-06 -5.8765e-06 -8.2119e-06 0.0000e+00 -1.3597e-05 -1.6605e-05 -1.9802e-05 -2.3172e-05 -2.6703e-05 -3.0379e-05 -3.4188e-05 -3.8113e-05 -4.2140e-05 -4.6251e-05 -5.0427e-05 -5.4647e-05 -5.8890e-05 -6.3129e-05 -6.7340e-05 -7.1492e-05 -7.5556e-05 -7.9498e-05 -8.3284e-05 -8.6878e-05 -9.0242e-05 -9.3340e-05 -9.6133e-05 -9.8584e-05 -1.0066e-04 -1.0232e-04 -1.0354e-04 -1.0428e-04 -1.0453e-04 -1.0427e-04 -1.0349e-04 -1.0218e-04 -1.0035e-04 -9.8004e-05 -9.5165e-05 -9.1862e-05 -8.8131e-05 -8.4015e-05 -7.9566e-05 -7.4841e-05 -6.9901e-05 -6.4812e-05 -5.9641e-05 -5.4455e-05 -4.9318e-05 -4.4294e-05 -3.9438e-05 -3.4801e-05 -3.0426e-05 -2.6348e-05 -2.2592e-05 -1.9175e-05 -1.6104e-05 -1.3378e-05 -1.0990e-05 -8.9245e-06 -7.1612e-06 -5.6762e-06 -4.4426e-06 -3.4320e-06 -2.6160e-06 -1.9667e-06 -1.4577e-06 -1.0648e-06 -7.6622e-07 -5.4292e-07 -3.7865e-07 -2.5982e-07 -1.7533e-07 -1.1631e-07 -7.5808e-08 -4.8528e-08 -3.0495e-08 -1.8803e-08 -1.1371e-08 -6.7410e-09 -3.9155e-09 -2.2273e-09 -1.2402e-09 -6.7562e-10 -3.5990e-10 -1.8738e-10 -9.5300e-11 -4.7321e-11 -2.2929e-11 -1.0836e-11 -4.9914e-12 -2.2400e-12 -9.7878e-13 -4.1619e-13 -1.7212e-13 -6.9188e-14 -2.7018e-14 -1.0244e-14
-9.2546e-07 -2.6176e-06 -4.8087e-06 -7.4032e-06 -1.0345e-05 -1.3597e-05 2.8786e-05 -2.0919e-05 -2.4946e-05 -2.9193e-05 -3.3640e-05 -3.8272e-05 -4.3070e-05 -4.8015e-05 -5.3089e-05 -5.8268e-05 -6.3529e-05 -6.8846e-05 -7.4191e-05 -7.9533e-05 -8.4838e-05 -9.0070e-05 -9.5190e-05 -1.0016e-04 -1.0493e-04 -1.0946e-04 -1.1370e-04 -1.1760e-04 -1.2112e-04 -1.2421e-04 -1.2683e-04 -1.2892e-04 -1.3046e-04 -1.3141e-04 -1.3173e-04 -1.3141e-04 -1.3042e-04 -1.2878e-04 -1.2647e-04 -1.2352e-04 -1.1995e-04 -1.1579e-04 -1.1110e-04 -1.0591e-04 -1.0031e-04 -9.4362e-05 -8.8140e-05 -8.1730e-05 -7.5216e-05 -6.8681e-05 -6.2209e-05 -5.5876e-05 -4.9756e-05 -4.3911e-05 -3.8395e-05 -3.3253e-05 -2.8517e-05 -2.4206e-05 -2.0333e-05 -1.6894e-05 -1.3881e-05 -1.1274e-05 -9.0479e-06 -7.1730e-06 -5.6152e-06 -4.3388e-06 -3.3079e-06 -2.4874e-06 -1.8441e-06 -1.3474e-06 -9.6981e-07 -6.8736e-07 -4.7953e-07 -3.2914e-07 -2.2218e-07 -1.4743e-07 -9.6123e-08 -6.1553e-08 -3.8694e-08 -2.3868e-08 -1.4439e-08 -8.5631e-09 -4.9759e-09 -2.8318e-09 -1.5775e-09 -8.5974e-10 -4.5820e-10 -2.3868e-10 -1.2145e-10 -6.0338e-11 -2.9252e-11 -1.3831e-11 -6.3751e-12 -2.8626e-12 -1.2516e-12 -5.3254e-13 -2.2038e-13 -8.8648e-14 -3.4642e-14 -1.3143e-14 -9.2546e-07 -2.6176e-06 -4.8087e-06 -7.4032e-06 -1.0345e-05 -1.3597e-05 0.0000e+00 -2.0919e-05 -2.4946e-05 -2.9192e-05 -3.3640e-05 -3.8272e-05 -4.3070e-05 -4.8015e-05 -5.3088e-05 -5.8267e-05 -6.3528e-05 -6.8845e-05 -7.4189e-05 -7.9531e-05 -8.4835e-05 -9.0067e-05 -9.5186e-05 -1.0015e-04 -1.0492e-04 -1.0945e-04 -1.1369e-04 -1.1759e-04 -1.2111e-04 -1.2420e-04 -1.2681e-04 -1.2890e-04 -1.3044e-04 -1.3138e-04 -1.3170e-04 -1.3137e-04 -1.3039e-04 -1.2874e-04 -1.2643e-04 -1.2348e-04 -1.1990e-04 -1.1574e-04 -1.1104e-04 -1.0586e-04 -1.0025e-04 -9.4299e-05 -8.8076e-05 -8.1665e-05 -7.5151e-05 -6.8617e-05 -6.2146e-05 -5.5815e-05 -4.9697e-05 -4.3855e-05 -3.8343e-05 -3.3204e-05 -2.8471e-05 -2.4165e-05 -2.0296e-05 -1.6861e-05 -1.3852e-05 -1.1249e-05 -9.0266e-06 -7.1550e-06 -5.6002e-06 -4.3265e-06 -3.2980e-06 -2.4795e-06 -1.8379e-06 -1.3426e-06 -9.6613e-07 -6.8460e-07 -4.7749e-07 -3.2766e-07 -2.2113e-07 -1.4669e-07 -9.5619e-08 -6.1213e-08 -3.8469e-08 -2.3722e-08 -1.4347e-08 -8.5055e-09 -4.9408e-09 -2.8108e-09 -1.5652e-09 -8.5275e-10 -4.5430e-10 -2.3655e-10 -1.2032e-10 -5.9750e-11 -2.8955e-11 -1.3685e-11 -6.3044e-12 -2.8295e-12 -1.2365e-12 -5.2585e-13 -2.1750e-13 -8.7440e-14 -3.4150e-14 -1.2949e-14
-1.1302e-06 -3.1967e-06 -5.8726e-06 -9.0411e-06 -1.2634e-05 -1.6605e-05 -2.0919e-05 4.9107e-05 -3.0466e-05 -3.5651e-05 -4.1083e-05 -4.6740e-05 -5.2599e-05 -5.8639e-05 -6.4835e-05 -7.1160e-05 -7.7585e-05 -8.4079e-05 -9.0607e-05 -9.7132e-05 -1.0361e-04 -1.1000e-04 -1.1626e-04 -1.2232e-04 -1.2815e-04 -1.3368e-04 -1.3887e-04 -1.4364e-04 -1.4794e-04 -1.5172e-04 -1.5491e-04 -1.5748e-04 -1.5936e-04 -1.6051e-04 -1.6091e-04 -1.6052e-04 -1.5933e-04 -1.5732e-04 -1.5451e-04 -1.5091e-04 -1.4656e-04 -1.4148e-04 -1.3575e-04 -1.2943e-04 -1.2259e-04 -1.1532e-04 -1.0772e-04 -9.9897e-05 -9.1941e-05 -8.3960e-05 -7.6054e-05 -6.8318e-05 -6.0840e-05 -5.3698e-05 -4.6958e-05 -4.0674e-05 -3.4884e-05 -2.9615e-05 -2.4879e-05 -2.0674e-05 -1.6989e-05 -1.3800e-05 -1.1077e-05 -8.7833e-06 -6.8769e-06 -5.3147e-06 -4.0527e-06 -3.0481e-06 -2.2602e-06 -1.6518e-06 -1.1891e-06 -8.4301e-07 -5.8825e-07 -4.0387e-07 -2.7269e-07 -1.8100e-07 -1.1804e-07 -7.5612e-08 -4.7546e-08 -2.9337e-08 -1.7754e-08 -1.0532e-08 -6.1225e-09 -3.4855e-09 -1.9424e-09 -1.0590e-09 -5.6464e-10 -2.9424e-10 -1.4979e-10 -7.4450e-11 -3.6110e-11 -1.7082e-11 -7.8773e-12 -3.5390e-12 -1.5481e-12 -6.5906e-13 -2.7289e-13 -1.0983e-13 -4.2945e-14 -1.6303e-14 -1.1302e-06 -3.1967e-06 -5.8726e-06 -9.0411e-06 -1.2634e-05 -1.6605e-05 -2.0919e-05 0.0000e+00 -3.0466e-05 -3.5651e-05 -4.1083e-05 -4.6739e-05 -5.2599e-05 -5.8639e-05 -6.4834e-05 -7.1159e-05 -7.7584e-05 -8.4077e-05 -9.0604e-05 -9.7128e-05 -1.0361e-04 -1.1000e-04 -1.1625e-04 -1.2231e-04 -1.2814e-04 -1.3367e-04 -1.3885e-04 -1.4361e-04 -1.4791e-04 -1.5168e-04 -1.5488e-04 -1.5743e-04 -1.5931e-04 -1.6046e-04 -1.6085e-04 -1.6045e-04 -1.5925e-04 -1.5724e-04 -1.5442e-04 -1.5081e-04 -1.4645e-04 -1.4137e-04 -1.3563e-04 -1.2930e-04 -1.2246e-04 -1.1519e-04 -1.0759e-04 -9.9762e-05 -9.1806e-05 -8.3826e-05 -7.5922e-05 -6.8190e-05 -6.0718e-05 -5.3582e-05 -4.6849e-05 -4.0572e-05 -3.4790e-05 -2.9530e-05 -2.4802e-05 -2.0606e-05 -1.6929e-05 -1.3748e-05 -1.1033e-05 -8.7458e-06 -6.8457e-06 -5.2890e-06 -4.0319e-06 -3.0315e-06 -2.2472e-06 -1.6417e-06 -1.1815e-06 -8.3726e-07 -5.8401e-07 -4.0080e-07 -2.7050e-07 -1.7947e-07 -1.1699e-07 -7.4903e-08 -4.7077e-08 -2.9033e-08 -1.7561e-08 -1.0412e-08 -6.0491e-09 -3.4417e-09 -1.9168e-09 -1.0444e-09 -5.5650e-10 -2.8980e-10 -1.4743e-10 -7.3224e-11 -3.5489e-11 -1.6776e-11 -7.7297e-12 -3.4699e-12 -1.5166e-12 -6.4509e-13 -2.6686e-13 -1.0731e-13 -4.1918e-14 -1.5898e-14
-1.3478e-06 -3.8121e-06 -7.0032e-06 -1.0782e-05 -1.5066e-05 -1.9802e-05 -2.4946e-05 -3.0466e-05 7.8659e-05 -4.2515e-05 -4.8992e-05 -5.5737e-05 -6.2725e-05 -6.9928e-05 -7.7317e-05 -8.4860e-05 -9.2523e-05 -1.0027e-04 -1.0805e-04 -1.1583e-04 -1.2356e-04 -1.3118e-04 -1.3865e-04 -1.4588e-04 -1.5284e-04 -1.5944e-04 -1.6562e-04 -1.7131e-04 -1.7645e-04 -1.8096e-04 -1.8477e-04 -1.8784e-04 -1.9009e-04 -1.9147e-04 -1.9195e-04 -1.9150e-04 -1.9008e-04 -1.8770e-04 -1.8436e-04 -1.8007e-04 -1.7488e-04 -1.6884e-04 -1.6201e-04 -1.5447e-04 -1.4632e-04 -1.3766e-04 -1.2861e-04 -1.1927e-04 -1.0979e-04 -1.0027e-04 -9.0836e-05 -8.1607e-05 -7.2684e-05 -6.4161e-05 -5.6116e-05 -4.8614e-05 -4.1701e-05 -3.5408e-05 -2.9751e-05 -2.4728e-05 -2.0324e-05 -1.6513e-05 -1.3258e-05 -1.0515e-05 -8.2345e-06 -6.3655e-06 -4.8553e-06 -3.6527e-06 -2.7094e-06 -1.9806e-06 -1.4263e-06 -1.0115e-06 -7.0607e-07 -4.8493e-07 -3.2755e-07 -2.1749e-07 -1.4190e-07 -9.0933e-08 -5.7206e-08 -3.5313e-08 -2.1380e-08 -1.2690e-08 -7.3804e-09 -4.2038e-09 -2.3439e-09 -1.2787e-09 -6.8215e-10 -3.5569e-10 -1.8118e-10 -9.0111e-11 -4.3735e-11 -2.0703e-11 -9.5538e-12 -4.2952e-12 -1.8804e-12 -8.0111e-13 -3.3196e-13 -1.3372e-13 -5.2328e-14 -1.9883e-14 -1.3478e-06 -3.8121e-06 -7.0032e-06 -1.0782e-05 -1.5066e-05 -1.9802e-05 -2.4946e-05 -3.0466e-05 0.0000e+00 -4.2514e-05 -4.8992e-05 -5.5737e-05 -6.2725e-05 -6.9927e-05 -7.7315e-05 -8.4858e-05 -9.2520e-05 -1.0026e-04 -1.0805e-04 -1.1583e-04 -1.2355e-04 -1.3117e-04 -1.3863e-04 -1.4586e-04 -1.5281e-04 -1.5941e-04 -1.6558e-04 -1.7127e-04 -1.7640e-04 -1.8090e-04 -1.8470e-04 -1.8776e-04 -1.8999e-04 -1.9137e-04 -1.9184e-04 -1.9137e-04 -1.8994e-04 -1.8754e-04 -1.8418e-04 -1.7988e-04 -1.7468e-04 -1.6863e-04 -1.6178e-04 -1.5424e-04 -1.4608e-04 -1.3741e-04 -1.2835e-04 -1.1902e-04 -1.0953e-04 -1.0001e-04 -9.0585e-05 -8.1363e-05 -7.2450e-05 -6.3938e-05 -5.5907e-05 -4.8419e-05 -4.1521e-05 -3.5245e-05 -2.9604e-05 -2.4597e-05 -2.0209e-05 -1.6414e-05 -1.3173e-05 -1.0443e-05 -8.1747e-06 -6.3164e-06 -4.8156e-06 -3.6210e-06 -2.6845e-06 -1.9613e-06 -1.4117e-06 -1.0005e-06 -6.9796e-07 -4.7905e-07 -3.2336e-07 -2.1456e-07 -1.3989e-07 -8.9577e-08 -5.6309e-08 -3.4731e-08 -2.1011e-08 -1.2460e-08 -7.2400e-09 -4.1200e-09 -2.2950e-09 -1.2507e-09 -6.6655e-10 -3.4719e-10 -1.7666e-10 -8.7760e-11 -4.2545e-11 -2.0115e-11 -9.2708e-12 -4.1627e-12 -1.8199e-12 -7.7429e-13 -3.2040e-13 -1.2887e-13 -5.0357e-14 -1.9104e-14
-1.5772e-06 -4.4610e-06 -8.1952e-06 -1.2617e-05 -1.7631e-05 -2.3172e-05 -2.9193e-05 -3.5651e-05 -4.2515e-05 1.1989e-04 -5.7331e-05 -6.5225e-05 -7.3402e-05 -8.1832e-05 -9.0478e-05 -9.9306e-05 -1.0827e-04 -1.1734e-04 -1.2645e-04 -1.3556e-04 -1.4460e-04 -1.5353e-04 -1.6226e-04 -1.7073e-04 -1.7887e-04 -1.8660e-04 -1.9384e-04 -2.0051e-04 -2.0653e-04 -2.1181e-04 -2.1629e-04 -2.1988e-04 -2.2252e-04 -2.2416e-04 -2.2473e-04 -2.2421e-04 -2.2257e-04 -2.1979e-04 -2.1590e-04 -2.1090e-04 -2.0484e-04 -1.9778e-04 -1.8980e-04 -1.8099e-04 -1.7146e-04 -1.6133e-04 -1.5073e-04 -1.3981e-04 -1.2871e-04 -1.1757e-04 -1.0653e-04 -9.5722e-05 -8.5272e-05 -7.5287e-05 -6.5861e-05 -5.7068e-05 -4.8964e-05 -4.1586e-05 -3.4950e-05 -2.9057e-05 -2.3889e-05 -1.9415e-05 -1.5593e-05 -1.2371e-05 -9.6912e-06 -7.4942e-06 -5.7184e-06 -4.3037e-06 -3.1936e-06 -2.3355e-06 -1.6827e-06 -1.1938e-06 -8.3375e-07 -5.7291e-07 -3.8717e-07 -2.5722e-07 -1.6792e-07 -1.0767e-07 -6.7772e-08 -4.1862e-08 -2.5362e-08 -1.5063e-08 -8.7667e-09 -4.9970e-09 -2.7883e-09 -1.5223e-09 -8.1273e-10 -4.2413e-10 -2.1622e-10 -1.0763e-10 -5.2286e-11 -2.4774e-11 -1.1443e-11 -5.1497e-12 -2.2567e-12 -9.6245e-13 -3.9924e-13 -1.6100e-13 -6.3074e-14 -2.3993e-14 -1.5772e-06 -4.4610e-06 -8.1952e-06 -1.2617e-05 -1.7631e-05 -2.3172e-05 -2.9192e-05 -3.5651e-05 -4.2514e-05 0.0000e+00 -5.7330e-05 -6.5224e-05 -7.3401e-05 -8.1830e-05 -9.0476e-05 -9.9302e-05 -1.0827e-04 -1.1733e-04 -1.2644e-04 -1.3554e-04 -1.4459e-04 -1.5350e-04 -1.6223e-04 -1.7070e-04 -1.7883e-04 -1.8655e-04 -1.9378e-04 -2.0043e-04 -2.0644e-04 -2.1171e-04 -2.1616e-04 -2.1974e-04 -2.2236e-04 -2.2397e-04 -2.2452e-04 -2.2398e-04 -2.2231e-04 -2.1951e-04 -2.1558e-04 -2.1056e-04 -2.0448e-04 -1.9739e-04 -1.8939e-04 -1.8056e-04 -1.7102e-04 -1.6088e-04 -1.5028e-04 -1.3935e-04 -1.2825e-04 -1.1711e-04 -1.0608e-04 -9.5287e-05 -8.4854e-05 -7.4889e-05 -6.5487e-05 -5.6720e-05 -4.8644e-05 -4.1294e-05 -3.4688e-05 -2.8824e-05 -2.3684e-05 -1.9238e-05 -1.5441e-05 -1.2242e-05 -9.5845e-06 -7.4066e-06 -5.6474e-06 -4.2471e-06 -3.1490e-06 -2.3011e-06 -1.6564e-06 -1.1742e-06 -8.1925e-07 -5.6240e-07 -3.7969e-07 -2.5198e-07 -1.6432e-07 -1.0524e-07 -6.6168e-08 -4.0822e-08 -2.4700e-08 -1.4651e-08 -8.5154e-09 -4.8470e-09 -2.7006e-09 -1.4722e-09 -7.8480e-10 -4.0890e-10 -2.0812e-10 -1.0342e-10 -5.0152e-11 -2.3720e-11 -1.0936e-11 -4.9120e-12 -2.1483e-12 -9.1433e-13 -3.7849e-13 -1.5230e-13 -5.9535e-14 -2.2596e-14
-1.8175e-06 -5.1406e-06 -9.4437e-06 -1.4539e-05 -2.0317e-05 -2.6703e-05 -3.3640e-05 -4.1083e-05 -4.8992e-05 -5.7331e-05 1.7552e-04 -7.5163e-05 -8.4586e-05 -9.4300e-05 -1.0427e-04 -1.1444e-04 -1.2477e-04 -1.3522e-04 -1.4572e-04 -1.5622e-04 -1.6665e-04 -1.7693e-04 -1.8700e-04 -1.9677e-04 -2.0616e-04 -2.1507e-04 -2.2342e-04 -2.3112e-04 -2.3807e-04 -2.4417e-04 -2.4934e-04 -2.5350e-04 -2.5656e-04 -2.5846e-04 -2.5914e-04 -2.5856e-04 -2.5669e-04 -2.5351e-04 -2.4904e-04 -2.4330e-04 -2.3633e-04 -2.2822e-04 -2.1904e-04 -2.0890e-04 -1.9793e-04 -1.8627e-04 -1.7407e-04 -1.6149e-04 -1.4869e-04 -1.3585e-04 -1.2312e-04 -1.1065e-04 -9.8599e-05 -8.7077e-05 -7.6196e-05 -6.6042e-05 -5.6682e-05 -4.8156e-05 -4.0486e-05 -3.3672e-05 -2.7693e-05 -2.2516e-05 -1.8091e-05 -1.4358e-05 -1.1254e-05 -8.7066e-06 -6.6468e-06 -5.0051e-06 -3.7160e-06 -2.7191e-06 -1.9602e-06 -1.3916e-06 -9.7248e-07 -6.6867e-07 -4.5220e-07 -3.0064e-07 -1.9641e-07 -1.2603e-07 -7.9396e-08 -4.9082e-08 -2.9762e-08 -1.7692e-08 -1.0306e-08 -5.8800e-09 -3.2842e-09 -1.7948e-09 -9.5925e-10 -5.0112e-10 -2.5576e-10 -1.2746e-10 -6.1990e-11 -2.9408e-11 -1.3600e-11 -6.1283e-12 -2.6891e-12 -1.1484e-12 -4.7704e-13 -1.9264e-13 -7.5582e-14 -2.8795e-14 -1.8175e-06 -5.1406e-06 -9.4437e-06 -1.4539e-05 -2.0317e-05 -2.6703e-05 -3.3640e-05 -4.1083e-05 -4.8992e-05 -5.7330e-05 0.0000e+00 -7.5161e-05 -8.4584e-05 -9.4297e-05 -1.0426e-04 -1.1443e-04 -1.2476e-04 -1.3521e-04 -1.4571e-04 -1.5620e-04 -1.6662e-04 -1.7690e-04 -1.8695e-04 -1.9671e-04 -2.0608e-04 -2.1498e-04 -2.2332e-04 -2.3099e-04 -2.3791e-04 -2.4399e-04 -2.4913e-04 -2.5325e-04 -2.5628e-04 -2.5814e-04 -2.5879e-04 -2.5816e-04 -2.5625e-04 -2.5303e-04 -2.4851e-04 -2.4273e-04 -2.3572e-04 -2.2757e-04 -2.1835e-04 -2.0818e-04 -1.9719e-04 -1.8551e-04 -1.7329e-04 -1.6071e-04 -1.4791e-04 -1.3508e-04 -1.2236e-04 -1.0992e-04 -9.7893e-05 -8.6405e-05 -7.5564e-05 -6.5454e-05 -5.6140e-05 -4.7663e-05 -4.0043e-05 -3.3278e-05 -2.7348e-05 -2.2216e-05 -1.7834e-05 -1.4142e-05 -1.1073e-05 -8.5584e-06 -6.5268e-06 -4.9093e-06 -3.6407e-06 -2.6609e-06 -1.9158e-06 -1.3583e-06 -9.4795e-07 -6.5089e-07 -4.3954e-07 -2.9178e-07 -1.9032e-07 -1.2192e-07 -7.6679e-08 -4.7320e-08 -2.8641e-08 -1.6994e-08 -9.8801e-09 -5.6257e-09 -3.1356e-09 -1.7099e-09 -9.1186e-10 -4.7528e-10 -2.4200e-10 -1.2031e-10 -5.8365e-11 -2.7617e-11 -1.2738e-11 -5.7241e-12 -2.5047e-12 -1.0666e-12 -4.4173e-13 -1.7784e-13 -6.9556e-14 -2.6414e-14
-2.0677e-06 -5.8484e-06 -1.0744e-05 -1.6541e-05 -2.3114e-05 -3.0379e-05 -3.8272e-05 -4.6740e-05 -5.5737e-05 -6.5225e-05 -7.5163e-05 2.4858e-04 -9.6234e-05 -1.0729e-04 -1.1862e-04 -1.3020e-04 -1.4196e-04 -1.5385e-04 -1.6580e-04 -1.7775e-04 -1.8961e-04 -2.0132e-04 -2.1278e-04 -2.2391e-04 -2.3459e-04 -2.4475e-04 -2.5426e-04 -2.6303e-04 -2.7095e-04 -2.7791e-04 -2.8382e-04 -2.8857e-04 -2.9208e-04 -2.9427e-04 -2.9507e-04 -2.9444e-04 -2.9234e-04 -2.8876e-04 -2.8370e-04 -2.7720e-04 -2.6931e-04 -2.6010e-04 -2.4968e-04 -2.3817e-04 -2.2571e-04 -2.1245e-04 -1.9858e-04 -1.8427e-04 -1.6972e-04 -1.5510e-04 -1.4061e-04 -1.2641e-04 -1.1268e-04 -9.9544e-05 -8.7137e-05 -7.5554e-05 -6.4872e-05 -5.5138e-05 -4.6377e-05 -3.8589e-05 -3.1753e-05 -2.5830e-05 -2.0764e-05 -1.6490e-05 -1.2932e-05 -1.0011e-05 -7.6477e-06 -5.7626e-06 -4.2814e-06 -3.1352e-06 -2.2619e-06 -1.6070e-06 -1.1239e-06 -7.7349e-07 -5.2355e-07 -3.4839e-07 -2.2782e-07 -1.4633e-07 -9.2280e-08 -5.7108e-08 -3.4666e-08 -2.0631e-08 -1.2032e-08 -6.8731e-09 -3.8436e-09 -2.1032e-09 -1.1256e-09 -5.8882e-10 -3.0094e-10 -1.5019e-10 -7.3155e-11 -3.4757e-11 -1.6099e-11 -7.2661e-12 -3.1936e-12 -1.3662e-12 -5.6849e-13 -2.2998e-13 -9.0396e-14 -3.4503e-14 -2.0677e-06 -5.8484e-06 -1.0744e-05 -1.6541e-05 -2.3114e-05 -3.0379e-05 -3.8272e-05 -4.6739e-05 -5.5737e-05 -6.5224e-05 -7.5161e-05 0.0000e+00 -9.6230e-05 -1.0728e-04 -1.1862e-04 -1.3019e-04 -1.4194e-04 -1.5383e-04 -1.6577e-04 -1.7771e-04 -1.8957e-04 -2.0126e-04 -2.1270e-04 -2.2381e-04 -2.3448e-04 -2.4460e-04 -2.5409e-04 -2.6282e-04 -2.7070e-04 -2.7762e-04 -2.8348e-04 -2.8818e-04 -2.9163e-04 -2.9376e-04 -2.9450e-04 -2.9380e-04 -2.9163e-04 -2.8798e-04 -2.8285e-04 -2.7628e-04 -2.6832e-04 -2.5905e-04 -2.4858e-04 -2.3702e-04 -2.2451e-04 -2.1123e-04 -1.9734e-04 -1.8302e-04 -1.6846e-04 -1.5386e-04 -1.3939e-04 -1.2523e-04 -1.1154e-04 -9.8461e-05 -8.6117e-05 -7.4605e-05 -6.3998e-05 -5.4343e-05 -4.5661e-05 -3.7953e-05 -3.1195e-05 -2.5346e-05 -2.0350e-05 -1.6140e-05 -1.2641e-05 -9.7719e-06 -7.4539e-06 -5.6079e-06 -4.1598e-06 -3.0411e-06 -2.1901e-06 -1.5532e-06 -1.0843e-06 -7.4473e-07 -5.0306e-07 -3.3405e-07 -2.1797e-07 -1.3968e-07 -8.7881e-08 -5.4253e-08 -3.2850e-08 -1.9500e-08 -1.1342e-08 -6.4607e-09 -3.6026e-09 -1.9655e-09 -1.0487e-09 -5.4686e-10 -2.7859e-10 -1.3857e-10 -6.7263e-11 -3.1845e-11 -1.4697e-11 -6.6084e-12 -2.8934e-12 -1.2329e-12 -5.1096e-13 -2.0585e-13 -8.0568e-14 -3.0618e-14
-2.3269e-06 -6.5815e-06 -1.2091e-05 -1.8614e-05 -2.6012e-05 -3.4188e-05 -4.3070e-05 -5.2599e-05 -6.2725e-05 -7.3402e-05 -8.4586e-05 -9.6234e-05 3.4236e-04 -1.2074e-04 -1.3350e-04 -1.4653e-04 -1.5977e-04 -1.7315e-04 -1.8660e-04 -2.0005e-04 -2.1341e-04 -2.2660e-04 -2.3951e-04 -2.5204e-04 -2.6408e-04 -2.7552e-04 -2.8625e-04 -2.9614e-04 -3.0508e-04 -3.1294e-04 -3.1962e-04 -3.2500e-04 -3.2898e-04 -3.3148e-04 -3.3243e-04 -3.3176e-04 -3.2944e-04 -3.2545e-04 -3.1981e-04 -3.1253e-04 -3.0369e-04 -2.9337e-04 -2.8168e-04 -2.6876e-04 -2.5476e-04 -2.3987e-04 -2.2427e-04 -2.0818e-04 -1.9180e-04 -1.7534e-04 -1.5902e-04 -1.4302e-04 -1.2753e-04 -1.1272e-04 -9.8712e-05 -8.5633e-05 -7.3563e-05 -6.2559e-05 -5.2648e-05 -4.3833e-05 -3.6091e-05 -2.9378e-05 -2.3633e-05 -1.8782e-05 -1.4740e-05 -1.1420e-05 -8.7310e-06 -6.5845e-06 -4.8964e-06 -3.5888e-06 -2.5916e-06 -1.8431e-06 -1.2904e-06 -8.8901e-07 -6.0241e-07 -4.0133e-07 -2.6275e-07 -1.6898e-07 -1.0670e-07 -6.6118e-08 -4.0190e-08 -2.3952e-08 -1.3989e-08 -8.0030e-09 -4.4824e-09 -2.4567e-09 -1.3169e-09 -6.9004e-10 -3.5328e-10 -1.7663e-10 -8.6187e-11 -4.1025e-11 -1.9039e-11 -8.6098e-12 -3.7918e-12 -1.6254e-12 -6.7778e-13 -2.7478e-13 -1.0824e-13 -4.1407e-14 -2.3269e-06 -6.5815e-06 -1.2091e-05 -1.8614e-05 -2.6012e-05 -3.4188e-05 -4.3070e-05 -5.2599e-05 -6.2725e-05 -7.3401e-05 -8.4584e-05 -9.6230e-05 0.0000e+00 -1.2073e-04 -1.3349e-04 -1.4651e-04 -1.5974e-04 -1.7312e-04 -1.8656e-04 -2.0000e-04 -2.1334e-04 -2.2650e-04 -2.3939e-04 -2.5189e-04 -2.6390e-04 -2.7530e-04 -2.8598e-04 -2.9582e-04 -3.0469e-04 -3.1249e-04 -3.1909e-04 -3.2439e-04 -3.2829e-04 -3.3070e-04 -3.3154e-04 -3.3077e-04 -3.2834e-04 -3.2425e-04 -3.1849e-04 -3.1111e-04 -3.0217e-04 -2.9175e-04 -2.7998e-04 -2.6698e-04 -2.5291e-04 -2.3797e-04 -2.2234e-04 -2.0623e-04 -1.8985e-04 -1.7341e-04 -1.5712e-04 -1.4118e-04 -1.2576e-04 -1.1103e-04 -9.7130e-05 -8.4160e-05 -7.2207e-05 -6.1324e-05 -5.1538e-05 -4.2846e-05 -3.5224e-05 -2.8626e-05 -2.2990e-05 -1.8238e-05 -1.4287e-05 -1.1048e-05 -8.4295e-06 -6.3439e-06 -4.7072e-06 -3.4423e-06 -2.4800e-06 -1.7594e-06 -1.2287e-06 -8.4421e-07 -5.7049e-07 -3.7898e-07 -2.4739e-07 -1.5861e-07 -9.9835e-08 -6.1663e-08 -3.7355e-08 -2.2185e-08 -1.2911e-08 -7.3585e-09 -4.1056e-09 -2.2413e-09 -1.1965e-09 -6.2437e-10 -3.1828e-10 -1.5842e-10 -7.6954e-11 -3.6459e-11 -1.6839e-11 -7.5774e-12 -3.3203e-12 -1.4159e-12 -5.8732e-13 -2.3682e-13 -9.2772e-14 -3.5288e-14
-2.5941e-06 -7.3373e-06 -1.3479e-05 -2.0752e-05 -2.8999e-05 -3.8114e-05 -4.8015e-05 -5.8639e-05 -6.9928e-05 -8.1832e-05 -9.4300e-05 -1.0729e-04 -1.2074e-04 4.6046e-04 -1.4884e-04 -1.6336e-04 -1.7813e-04 -1.9305e-04 -2.0805e-04 -2.2306e-04 -2.3796e-04 -2.5267e-04 -2.6708e-04 -2.8106e-04 -2.9451e-04 -3.0729e-04 -3.1928e-04 -3.3033e-04 -3.4033e-04 -3.4914e-04 -3.5662e-04 -3.6267e-04 -3.6716e-04 -3.7000e-04 -3.7111e-04 -3.7043e-04 -3.6790e-04 -3.6352e-04 -3.5729e-04 -3.4924e-04 -3.3945e-04 -3.2799e-04 -3.1501e-04 -3.0065e-04 -2.8509e-04 -2.6851e-04 -2.5114e-04 -2.3321e-04 -2.1495e-04 -1.9659e-04 -1.7837e-04 -1.6051e-04 -1.4320e-04 -1.2663e-04 -1.1096e-04 -9.6321e-05 -8.2797e-05 -7.0459e-05 -5.9339e-05 -4.9441e-05 -4.0740e-05 -3.3189e-05 -2.6721e-05 -2.1255e-05 -1.6697e-05 -1.2948e-05 -9.9094e-06 -7.4811e-06 -5.5692e-06 -4.0866e-06 -2.9546e-06 -2.1038e-06 -1.4748e-06 -1.0174e-06 -6.9033e-07 -4.6056e-07 -3.0197e-07 -1.9449e-07 -1.2300e-07 -7.6340e-08 -4.6480e-08 -2.7748e-08 -1.6235e-08 -9.3043e-09 -5.2209e-09 -2.8669e-09 -1.5398e-09 -8.0846e-10 -4.1476e-10 -2.0780e-10 -1.0162e-10 -4.8477e-11 -2.2548e-11 -1.0220e-11 -4.5117e-12 -1.9387e-12 -8.1041e-13 -3.2938e-13 -1.3008e-13 -4.9892e-14 -2.5941e-06 -7.3373e-06 -1.3479e-05 -2.0752e-05 -2.8999e-05 -3.8113e-05 -4.8015e-05 -5.8639e-05 -6.9927e-05 -8.1830e-05 -9.4297e-05 -1.0728e-04 -1.2073e-04 0.0000e+00 -1.4882e-04 -1.6334e-04 -1.7809e-04 -1.9300e-04 -2.0799e-04 -2.2297e-04 -2.3785e-04 -2.5253e-04 -2.6690e-04 -2.8084e-04 -2.9423e-04 -3.0695e-04 -3.1887e-04 -3.2985e-04 -3.3975e-04 -3.4846e-04 -3.5583e-04 -3.6176e-04 -3.6612e-04 -3.6882e-04 -3.6978e-04 -3.6894e-04 -3.6626e-04 -3.6171e-04 -3.5532e-04 -3.4711e-04 -3.3716e-04 -3.2557e-04 -3.1245e-04 -2.9797e-04 -2.8231e-04 -2.6566e-04 -2.4824e-04 -2.3028e-04 -2.1202e-04 -1.9369e-04 -1.7553e-04 -1.5774e-04 -1.4054e-04 -1.2411e-04 -1.0859e-04 -9.4107e-05 -8.0759e-05 -6.8604e-05 -5.7669e-05 -4.7956e-05 -3.9436e-05 -3.2058e-05 -2.5753e-05 -2.0437e-05 -1.6015e-05 -1.2388e-05 -9.4556e-06 -7.1187e-06 -5.2842e-06 -3.8658e-06 -2.7863e-06 -1.9776e-06 -1.3817e-06 -9.4979e-07 -6.4215e-07 -4.2681e-07 -2.7876e-07 -1.7883e-07 -1.1262e-07 -6.9604e-08 -4.2192e-08 -2.5074e-08 -1.4602e-08 -8.3281e-09 -4.6499e-09 -2.5403e-09 -1.3572e-09 -7.0877e-10 -3.6161e-10 -1.8014e-10 -8.7578e-11 -4.1530e-11 -1.9199e-11 -8.6476e-12 -3.7930e-12 -1.6192e-12 -6.7231e-13 -2.7138e-13 -1.0643e-13 -4.0529e-14
-2.8682e-06 -8.1125e-06 -1.4903e-05 -2.2944e-05 -3.2063e-05 -4.2140e-05 -5.3089e-05 -6.4835e-05 -7.7317e-05 -9.0478e-05 -1.0427e-04 -1.1862e-04 -1.3350e-04 -1.4884e-04 6.0675e-04 -1.8064e-04 -1.9696e-04 -2.1347e-04 -2.3007e-04 -2.4667e-04 -2.6316e-04 -2.7944e-04 -2.9539e-04 -3.1088e-04 -3.2577e-04 -3.3994e-04 -3.5322e-04 -3.6549e-04 -3.7659e-04 -3.8638e-04 -3.9472e-04 -4.0146e-04 -4.0650e-04 -4.0972e-04 -4.1103e-04 -4.1035e-04 -4.0764e-04 -4.0288e-04 -3.9608e-04 -3.8727e-04 -3.7652e-04 -3.6393e-04 -3.4965e-04 -3.3383e-04 -3.1667e-04 -2.9839e-04 -2.7921e-04 -2.5940e-04 -2.3921e-04 -2.1890e-04 -1.9872e-04 -1.7893e-04 -1.5974e-04 -1.4135e-04 -1.2395e-04 -1.0767e-04 -9.2628e-05 -7.8890e-05 -6.6497e-05 -5.5454e-05 -4.5738e-05 -3.7298e-05 -3.0061e-05 -2.3937e-05 -1.8825e-05 -1.4616e-05 -1.1199e-05 -8.4655e-06 -6.3104e-06 -4.6368e-06 -3.3571e-06 -2.3940e-06 -1.6808e-06 -1.1613e-06 -7.8926e-07 -5.2744e-07 -3.4642e-07 -2.2352e-07 -1.4162e-07 -8.8063e-08 -5.3723e-08 -3.2136e-08 -1.8841e-08 -1.0821e-08 -6.0851e-09 -3.3489e-09 -1.8027e-09 -9.4876e-10 -4.8790e-10 -2.4504e-10 -1.2013e-10 -5.7455e-11 -2.6794e-11 -1.2177e-11 -5.3900e-12 -2.3225e-12 -9.7358e-13 -3.9683e-13 -1.5718e-13 -6.0463e-14 -2.8682e-06 -8.1125e-06 -1.4903e-05 -2.2944e-05 -3.2063e-05 -4.2140e-05 -5.3088e-05 -6.4834e-05 -7.7315e-05 -9.0476e-05 -1.0426e-04 -1.1862e-04 -1.3349e-04 -1.4882e-04 0.0000e+00 -1.8060e-04 -1.9691e-04 -2.1340e-04 -2.2998e-04 -2.4654e-04 -2.6300e-04 -2.7924e-04 -2.9513e-04 -3.1055e-04 -3.2537e-04 -3.3944e-04 -3.5263e-04 -3.6478e-04 -3.7575e-04 -3.8539e-04 -3.9357e-04 -4.0014e-04 -4.0498e-04 -4.0800e-04 -4.0909e-04 -4.0818e-04 -4.0524e-04 -4.0025e-04 -3.9320e-04 -3.8416e-04 -3.7318e-04 -3.6039e-04 -3.4591e-04 -3.2993e-04 -3.1263e-04 -2.9423e-04 -2.7498e-04 -2.5513e-04 -2.3494e-04 -2.1467e-04 -1.9457e-04 -1.7490e-04 -1.5586e-04 -1.3766e-04 -1.2048e-04 -1.0444e-04 -8.9650e-05 -7.6178e-05 -6.4056e-05 -5.3284e-05 -4.3832e-05 -3.5644e-05 -2.8645e-05 -2.2740e-05 -1.7827e-05 -1.3796e-05 -1.0535e-05 -7.9347e-06 -5.8927e-06 -4.3132e-06 -3.1103e-06 -2.2088e-06 -1.5441e-06 -1.0621e-06 -7.1850e-07 -4.7786e-07 -3.1231e-07 -2.0049e-07 -1.2635e-07 -7.8147e-08 -4.7408e-08 -2.8196e-08 -1.6433e-08 -9.3806e-09 -5.2422e-09 -2.8665e-09 -1.5329e-09 -8.0130e-10 -4.0922e-10 -2.0407e-10 -9.9319e-11 -4.7150e-11 -2.1821e-11 -9.8403e-12 -4.3213e-12 -1.8470e-12 -7.6788e-13 -3.1036e-13 -1.2188e-13 -4.6476e-14
-3.1480e-06 -8.9038e-06 -1.6357e-05 -2.5182e-05 -3.5190e-05 -4.6251e-05 -5.8268e-05 -7.1160e-05 -8.4860e-05 -9.9306e-05 -1.1444e-04 -1.3020e-04 -1.4653e-04 -1.6336e-04 -1.8064e-04 7.8538e-04 -2.1620e-04 -2.3433e-04 -2.5256e-04 -2.7079e-04 -2.8891e-04 -3.0680e-04 -3.2433e-04 -3.4136e-04 -3.5775e-04 -3.7333e-04 -3.8797e-04 -4.0149e-04 -4.1374e-04 -4.2455e-04 -4.3378e-04 -4.4127e-04 -4.4689e-04 -4.5052e-04 -4.5206e-04 -4.5143e-04 -4.4858e-04 -4.4347e-04 -4.3611e-04 -4.2655e-04 -4.1486e-04 -4.0116e-04 -3.8557e-04 -3.6830e-04 -3.4953e-04 -3.2952e-04 -3.0851e-04 -2.8679e-04 -2.6463e-04 -2.4232e-04 -2.2013e-04 -1.9835e-04 -1.7721e-04 -1.5694e-04 -1.3774e-04 -1.1976e-04 -1.0312e-04 -8.7915e-05 -7.4180e-05 -6.1929e-05 -5.1137e-05 -4.1750e-05 -3.3690e-05 -2.6861e-05 -2.1153e-05 -1.6446e-05 -1.2620e-05 -9.5540e-06 -7.1329e-06 -5.2496e-06 -3.8072e-06 -2.7196e-06 -1.9128e-06 -1.3240e-06 -9.0160e-07 -6.0370e-07 -3.9731e-07 -2.5689e-07 -1.6311e-07 -1.0165e-07 -6.2152e-08 -3.7265e-08 -2.1900e-08 -1.2608e-08 -7.1078e-09 -3.9217e-09 -2.1166e-09 -1.1169e-09 -5.7593e-10 -2.9006e-10 -1.4260e-10 -6.8398e-11 -3.1991e-11 -1.4582e-11 -6.4742e-12 -2.7982e-12 -1.1767e-12 -4.8114e-13 -1.9119e-13 -7.3786e-14 -3.1480e-06 -8.9038e-06 -1.6357e-05 -2.5182e-05 -3.5190e-05 -4.6251e-05 -5.8267e-05 -7.1159e-05 -8.4858e-05 -9.9302e-05 -1.1443e-04 -1.3019e-04 -1.4651e-04 -1.6334e-04 -1.8060e-04 0.0000e+00 -2.1613e-04 -2.3423e-04 -2.5242e-04 -2.7061e-04 -2.8868e-04 -3.0651e-04 -3.2396e-04 -3.4090e-04 -3.5717e-04 -3.7264e-04 -3.8713e-04 -4.0048e-04 -4.1254e-04 -4.2315e-04 -4.3214e-04 -4.3938e-04 -4.4473e-04 -4.4807e-04 -4.4931e-04 -4.4835e-04 -4.4516e-04 -4.3972e-04 -4.3202e-04 -4.2213e-04 -4.1013e-04 -3.9612e-04 -3.8026e-04 -3.6274e-04 -3.4378e-04 -3.2360e-04 -3.0249e-04 -2.8071e-04 -2.5855e-04 -2.3629e-04 -2.1423e-04 -1.9261e-04 -1.7169e-04 -1.5169e-04 -1.3279e-04 -1.1515e-04 -9.8878e-05 -8.4049e-05 -7.0700e-05 -5.8833e-05 -4.8417e-05 -3.9389e-05 -3.1668e-05 -2.5152e-05 -1.9728e-05 -1.5274e-05 -1.1670e-05 -8.7948e-06 -6.5353e-06 -4.7864e-06 -3.4538e-06 -2.4543e-06 -1.7169e-06 -1.1818e-06 -8.0008e-07 -5.3253e-07 -3.4832e-07 -2.2379e-07 -1.4116e-07 -8.7384e-08 -5.3060e-08 -3.1588e-08 -1.8428e-08 -1.0530e-08 -5.8909e-09 -3.2247e-09 -1.7264e-09 -9.0352e-10 -4.6198e-10 -2.3067e-10 -1.1241e-10 -5.3433e-11 -2.4763e-11 -1.1182e-11 -4.9178e-12 -2.1050e-12 -8.7648e-13 -3.5481e-13 -1.3956e-13 -5.3305e-14
