1.1989e-04 -3.5285e-04 -4.3129e-04 -4.9661e-04 -5.5324e-04 -6.0338e-04 -6.4835e-04 -6.8897e-04 -7.2581e-04 -7.5929e-04 -7.8969e-04 -8.1725e-04 -8.4217e-04 -8.6457e-04 -8.8460e-04 -9.0236e-04 -9.1794e-04 -9.3143e-04 -9.4291e-04 -9.5244e-04 -9.6009e-04 -9.6594e-04 -9.7004e-04 -9.7246e-04 -9.7326e-04 -9.7250e-04 -9.7025e-04 -9.6657e-04 -9.6152e-04 -9.5516e-04 -9.4756e-04 -9.3877e-04 -9.2888e-04 -9.1793e-04 -9.0599e-04 -8.9313e-04 -8.7941e-04 -8.6489e-04 -8.4963e-04 -8.3371e-04 -8.1717e-04 -8.0009e-04 -7.8251e-04 -7.6450e-04 -7.4611e-04 -7.2741e-04 -7.0844e-04 -6.8926e-04 -6.6991e-04 -6.5046e-04 -6.3093e-04 -6.1139e-04 -5.9187e-04 -5.7241e-04 -5.5305e-04 -5.3384e-04 -5.1479e-04 -4.9596e-04 -4.7736e-04 -4.5902e-04 -4.4098e-04 -4.2324e-04 -4.0585e-04 -3.8881e-04 -3.7214e-04 -3.5586e-04 -3.3998e-04 -3.2451e-04 -3.0947e-04 -2.9486e-04 -2.8068e-04 -2.6694e-04 -2.5365e-04 -2.4081e-04 -2.2841e-04 -2.1646e-04 -2.0495e-04 -1.9389e-04 -1.8326e-04 -1.7306e-04 -1.6328e-04 -1.5392e-04 -1.4497e-04 -1.3642e-04 -1.2827e-04 -1.2050e-04 -1.1310e-04 -1.0606e-04 -9.9373e-05 -9.3029e-05 -8.7015e-05 -8.1319e-05 -7.5932e-05 -7.0840e-05 -6.6034e-05 -6.1501e-05 -5.7230e-05 -5.3210e-05 -4.9431e-05 -4.5881e-05 0.0000e+00 -3.5285e-04 -4.3128e-04 -4.9661e-04 -5.5323e-04 -6.0338e-04 -6.4834e-04 -6.8896e-04 -7.2580e-04 -7.5927e-04 -7.8967e-04 -8.1723e-04 -8.4214e-04 -8.6455e-04 -8.8457e-04 -9.0233e-04 -9.1790e-04 -9.3138e-04 -9.4285e-04 -9.5238e-04 -9.6002e-04 -9.6586e-04 -9.6996e-04 -9.7237e-04 -9.7316e-04 -9.7240e-04 -9.7014e-04 -9.6645e-04 -9.6139e-04 -9.5502e-04 -9.4741e-04 -9.3862e-04 -9.2871e-04 -9.1776e-04 -9.0581e-04 -8.9294e-04 -8.7921e-04 -8.6469e-04 -8.4943e-04 -8.3350e-04 -8.1695e-04 -7.9986e-04 -7.8228e-04 -7.6426e-04 -7.4587e-04 -7.2716e-04 -7.0819e-04 -6.8900e-04 -6.6966e-04 -6.5020e-04 -6.3067e-04 -6.1112e-04 -5.9160e-04 -5.7214e-04 -5.5279e-04 -5.3357e-04 -5.1453e-04 -4.9569e-04 -4.7709e-04 -4.5876e-04 -4.4071e-04 -4.2298e-04 -4.0559e-04 -3.8855e-04 -3.7189e-04 -3.5561e-04 -3.3974e-04 -3.2427e-04 -3.0923e-04 -2.9462e-04 -2.8045e-04 -2.6672e-04 -2.5344e-04 -2.4060e-04 -2.2821e-04 -2.1626e-04 -2.0476e-04 -1.9370e-04 -1.8307e-04 -1.7288e-04 -1.6311e-04 -1.5375e-04 -1.4481e-04 -1.3627e-04 -1.2812e-04 -1.2035e-04 -1.1296e-04 -1.0593e-04 -9.9247e-05 -9.2908e-05 -8.6900e-05 -8.1210e-05 -7.5827e-05 -7.0740e-05 -6.5938e-05 -6.1410e-05 -5.7144e-05 -5.3128e-05 -4.9353e-05 -4.5807e-05
-3.5285e-04 4.7956e-04 -6.0920e-04 -7.0148e-04 -7.8147e-04 -8.5231e-04 -9.1584e-04 -9.7323e-04 -1.0253e-03 -1.0726e-03 -1.1155e-03 -1.1545e-03 -1.1897e-03 -1.2214e-03 -1.2497e-03 -1.2748e-03 -1.2969e-03 -1.3160e-03 -1.3322e-03 -1.3457e-03 -1.3566e-03 -1.3649e-03 -1.3707e-03 -1.3742e-03 -1.3754e-03 -1.3743e-03 -1.3712e-03 -1.3661e-03 -1.3590e-03 -1.3501e-03 -1.3394e-03 -1.3270e-03 -1.3131e-03 -1.2977e-03 -1.2809e-03 -1.2627e-03 -1.2434e-03 -1.2229e-03 -1.2014e-03 -1.1790e-03 -1.1557e-03 -1.1316e-03 -1.1068e-03 -1.0814e-03 -1.0554e-03 -1.0290e-03 -1.0023e-03 -9.7520e-04 -9.4790e-04 -9.2043e-04 -8.9287e-04 -8.6528e-04 -8.3771e-04 -8.1023e-04 -7.8290e-04 -7.5576e-04 -7.2886e-04 -7.0224e-04 -6.7597e-04 -6.5006e-04 -6.2456e-04 -5.9950e-04 -5.7491e-04 -5.5082e-04 -5.2725e-04 -5.0423e-04 -4.8178e-04 -4.5991e-04 -4.3863e-04 -4.1796e-04 -3.9790e-04 -3.7847e-04 -3.5966e-04 -3.4149e-04 -3.2394e-04 -3.0703e-04 -2.9074e-04 -2.7507e-04 -2.6001e-04 -2.4557e-04 -2.3172e-04 -2.1847e-04 -2.0579e-04 -1.9368e-04 -1.8212e-04 -1.7111e-04 -1.6062e-04 -1.5064e-04 -1.4117e-04 -1.3217e-04 -1.2364e-04 -1.1557e-04 -1.0792e-04 -1.0070e-04 -9.3880e-05 -8.7447e-05 -8.1385e-05 -7.5680e-05 -7.0314e-05 -6.5274e-05 -3.5285e-04 0.0000e+00 -6.0920e-04 -7.0148e-04 -7.8146e-04 -8.5229e-04 -9.1581e-04 -9.7319e-04 -1.0252e-03 -1.0725e-03 -1.1155e-03 -1.1544e-03 -1.1896e-03 -1.2212e-03 -1.2495e-03 -1.2746e-03 -1.2966e-03 -1.3157e-03 -1.3319e-03 -1.3454e-03 -1.3562e-03 -1.3645e-03 -1.3703e-03 -1.3737e-03 -1.3748e-03 -1.3737e-03 -1.3706e-03 -1.3654e-03 -1.3582e-03 -1.3493e-03 -1.3385e-03 -1.3261e-03 -1.3122e-03 -1.2967e-03 -1.2799e-03 -1.2617e-03 -1.2423e-03 -1.2218e-03 -1.2003e-03 -1.1778e-03 -1.1544e-03 -1.1303e-03 -1.1055e-03 -1.0800e-03 -1.0541e-03 -1.0277e-03 -1.0009e-03 -9.7377e-04 -9.4645e-04 -9.1896e-04 -8.9139e-04 -8.6378e-04 -8.3621e-04 -8.0873e-04 -7.8139e-04 -7.5424e-04 -7.2734e-04 -7.0074e-04 -6.7446e-04 -6.4856e-04 -6.2307e-04 -5.9802e-04 -5.7345e-04 -5.4938e-04 -5.2583e-04 -5.0283e-04 -4.8040e-04 -4.5855e-04 -4.3730e-04 -4.1665e-04 -3.9662e-04 -3.7722e-04 -3.5844e-04 -3.4030e-04 -3.2278e-04 -3.0590e-04 -2.8964e-04 -2.7400e-04 -2.5898e-04 -2.4457e-04 -2.3076e-04 -2.1753e-04 -2.0489e-04 -1.9281e-04 -1.8129e-04 -1.7030e-04 -1.5985e-04 -1.4990e-04 -1.4045e-04 -1.3149e-04 -1.2299e-04 -1.1494e-04 -1.0733e-04 -1.0013e-04 -9.3341e-05 -8.6935e-05 -8.0899e-05 -7.5218e-05 -6.9876e-05 -6.4859e-05
-4.3129e-04 -6.0920e-04 1.0789e-03 -8.5744e-04 -9.5522e-04 -1.0418e-03 -1.1195e-03 -1.1897e-03 -1.2533e-03 -1.3112e-03 -1.3637e-03 -1.4114e-03 -1.4545e-03 -1.4933e-03 -1.5279e-03 -1.5587e-03 -1.5857e-03 -1.6091e-03 -1.6291e-03 -1.6457e-03 -1.6590e-03 -1.6693e-03 -1.6765e-03 -1.6808e-03 -1.6824e-03 -1.6812e-03 -1.6775e-03 -1.6713e-03 -1.6628e-03 -1.6519e-03 -1.6390e-03 -1.6240e-03 -1.6071e-03 -1.5883e-03 -1.5679e-03 -1.5458e-03 -1.5223e-03 -1.4974e-03 -1.4712e-03 -1.4438e-03 -1.4154e-03 -1.3860e-03 -1.3558e-03 -1.3248e-03 -1.2932e-03 -1.2610e-03 -1.2283e-03 -1.1953e-03 -1.1620e-03 -1.1284e-03 -1.0948e-03 -1.0611e-03 -1.0274e-03 -9.9381e-04 -9.6040e-04 -9.2723e-04 -8.9435e-04 -8.6181e-04 -8.2968e-04 -7.9799e-04 -7.6680e-04 -7.3614e-04 -7.0605e-04 -6.7657e-04 -6.4772e-04 -6.1954e-04 -5.9204e-04 -5.6526e-04 -5.3919e-04 -5.1387e-04 -4.8929e-04 -4.6547e-04 -4.4242e-04 -4.2014e-04 -3.9862e-04 -3.7787e-04 -3.5789e-04 -3.3866e-04 -3.2019e-04 -3.0246e-04 -2.8546e-04 -2.6918e-04 -2.5361e-04 -2.3873e-04 -2.2453e-04 -2.1100e-04 -1.9810e-04 -1.8584e-04 -1.7418e-04 -1.6312e-04 -1.5263e-04 -1.4268e-04 -1.3328e-04 -1.2439e-04 -1.1599e-04 -1.0806e-04 -1.0060e-04 -9.3565e-05 -8.6952e-05 -8.0738e-05 -4.3128e-04 -6.0920e-04 0.0000e+00 -8.5742e-04 -9.5518e-04 -1.0418e-03 -1.1194e-03 -1.1896e-03 -1.2532e-03 -1.3110e-03 -1.3635e-03 -1.4111e-03 -1.4541e-03 -1.4928e-03 -1.5274e-03 -1.5581e-03 -1.5851e-03 -1.6084e-03 -1.6282e-03 -1.6447e-03 -1.6580e-03 -1.6681e-03 -1.6752e-03 -1.6794e-03 -1.6809e-03 -1.6796e-03 -1.6757e-03 -1.6694e-03 -1.6607e-03 -1.6498e-03 -1.6367e-03 -1.6216e-03 -1.6046e-03 -1.5857e-03 -1.5651e-03 -1.5430e-03 -1.5193e-03 -1.4943e-03 -1.4680e-03 -1.4405e-03 -1.4120e-03 -1.3825e-03 -1.3522e-03 -1.3211e-03 -1.2894e-03 -1.2572e-03 -1.2244e-03 -1.1913e-03 -1.1579e-03 -1.1244e-03 -1.0907e-03 -1.0569e-03 -1.0232e-03 -9.8966e-04 -9.5624e-04 -9.2307e-04 -8.9019e-04 -8.5766e-04 -8.2554e-04 -7.9388e-04 -7.6271e-04 -7.3209e-04 -7.0204e-04 -6.7260e-04 -6.4381e-04 -6.1568e-04 -5.8825e-04 -5.6152e-04 -5.3552e-04 -5.1027e-04 -4.8577e-04 -4.6203e-04 -4.3906e-04 -4.1686e-04 -3.9542e-04 -3.7476e-04 -3.5486e-04 -3.3573e-04 -3.1734e-04 -2.9970e-04 -2.8279e-04 -2.6660e-04 -2.5112e-04 -2.3634e-04 -2.2222e-04 -2.0878e-04 -1.9597e-04 -1.8379e-04 -1.7222e-04 -1.6124e-04 -1.5083e-04 -1.4097e-04 -1.3164e-04 -1.2283e-04 -1.1450e-04 -1.0665e-04 -9.9255e-05 -9.2292e-05 -8.5745e-05 -7.9594e-05
-4.9661e-04 -7.0148e-04 -8.5744e-04 1.9180e-03 -1.1000e-03 -1.1997e-03 -1.2892e-03 -1.3700e-03 -1.4434e-03 -1.5100e-03 -1.5706e-03 -1.6256e-03 -1.6753e-03 -1.7200e-03 -1.7600e-03 -1.7956e-03 -1.8268e-03 -1.8539e-03 -1.8770e-03 -1.8962e-03 -1.9117e-03 -1.9237e-03 -1.9321e-03 -1.9373e-03 -1.9392e-03 -1.9381e-03 -1.9340e-03 -1.9270e-03 -1.9173e-03 -1.9050e-03 -1.8903e-03 -1.8732e-03 -1.8539e-03 -1.8325e-03 -1.8091e-03 -1.7839e-03 -1.7569e-03 -1.7284e-03 -1.6984e-03 -1.6670e-03 -1.6344e-03 -1.6007e-03 -1.5660e-03 -1.5305e-03 -1.4941e-03 -1.4571e-03 -1.4196e-03 -1.3816e-03 -1.3433e-03 -1.3048e-03 -1.2661e-03 -1.2273e-03 -1.1886e-03 -1.1499e-03 -1.1115e-03 -1.0733e-03 -1.0354e-03 -9.9794e-04 -9.6092e-04 -9.2440e-04 -8.8844e-04 -8.5309e-04 -8.1839e-04 -7.8439e-04 -7.5110e-04 -7.1858e-04 -6.8684e-04 -6.5591e-04 -6.2581e-04 -5.9655e-04 -5.6815e-04 -5.4062e-04 -5.1397e-04 -4.8820e-04 -4.6331e-04 -4.3931e-04 -4.1618e-04 -3.9392e-04 -3.7253e-04 -3.5199e-04 -3.3230e-04 -3.1343e-04 -2.9538e-04 -2.7813e-04 -2.6166e-04 -2.4595e-04 -2.3099e-04 -2.1675e-04 -2.0321e-04 -1.9036e-04 -1.7817e-04 -1.6661e-04 -1.5568e-04 -1.4533e-04 -1.3556e-04 -1.2634e-04 -1.1765e-04 -1.0946e-04 -1.0175e-04 -9.4513e-05 -4.9661e-04 -7.0148e-04 -8.5742e-04 0.0000e+00 -1.0999e-03 -1.1996e-03 -1.2890e-03 -1.3698e-03 -1.4431e-03 -1.5096e-03 -1.5701e-03 -1.6250e-03 -1.6745e-03 -1.7192e-03 -1.7590e-03 -1.7944e-03 -1.8255e-03 -1.8523e-03 -1.8752e-03 -1.8943e-03 -1.9096e-03 -1.9213e-03 -1.9295e-03 -1.9344e-03 -1.9361e-03 -1.9347e-03 -1.9304e-03 -1.9231e-03 -1.9132e-03 -1.9007e-03 -1.8857e-03 -1.8683e-03 -1.8487e-03 -1.8271e-03 -1.8034e-03 -1.7780e-03 -1.7508e-03 -1.7220e-03 -1.6918e-03 -1.6602e-03 -1.6274e-03 -1.5935e-03 -1.5586e-03 -1.5229e-03 -1.4864e-03 -1.4493e-03 -1.4116e-03 -1.3736e-03 -1.3351e-03 -1.2965e-03 -1.2577e-03 -1.2189e-03 -1.1801e-03 -1.1414e-03 -1.1030e-03 -1.0648e-03 -1.0269e-03 -9.8943e-04 -9.5244e-04 -9.1597e-04 -8.8007e-04 -8.4479e-04 -8.1018e-04 -7.7626e-04 -7.4308e-04 -7.1067e-04 -6.7905e-04 -6.4825e-04 -6.1828e-04 -5.8917e-04 -5.6093e-04 -5.3356e-04 -5.0707e-04 -4.8147e-04 -4.5675e-04 -4.3292e-04 -4.0997e-04 -3.8790e-04 -3.6669e-04 -3.4633e-04 -3.2682e-04 -3.0814e-04 -2.9028e-04 -2.7321e-04 -2.5692e-04 -2.4139e-04 -2.2661e-04 -2.1255e-04 -1.9919e-04 -1.8651e-04 -1.7448e-04 -1.6309e-04 -1.5232e-04 -1.4213e-04 -1.3251e-04 -1.2344e-04 -1.1489e-04 -1.0684e-04 -9.9274e-05 -9.2164e-05
-5.5324e-04 -7.8147e-04 -9.5522e-04 -1.1000e-03 2.9965e-03 -1.3366e-03 -1.4363e-03 -1.5264e-03 -1.6082e-03 -1.6826e-03 -1.7501e-03 -1.8115e-03 -1.8670e-03 -1.9169e-03 -1.9617e-03 -2.0014e-03 -2.0364e-03 -2.0667e-03 -2.0926e-03 -2.1142e-03 -2.1317e-03 -2.1452e-03 -2.1549e-03 -2.1609e-03 -2.1632e-03 -2.1622e-03 -2.1578e-03 -2.1503e-03 -2.1398e-03 -2.1264e-03 -2.1102e-03 -2.0914e-03 -2.0701e-03 -2.0465e-03 -2.0207e-03 -1.9928e-03 -1.9630e-03 -1.9314e-03 -1.8982e-03 -1.8635e-03 -1.8273e-03 -1.7900e-03 -1.7515e-03 -1.7121e-03 -1.6717e-03 -1.6307e-03 -1.5890e-03 -1.5468e-03 -1.5042e-03 -1.4614e-03 -1.4183e-03 -1.3752e-03 -1.3321e-03 -1.2891e-03 -1.2462e-03 -1.2037e-03 -1.1615e-03 -1.1197e-03 -1.0785e-03 -1.0377e-03 -9.9764e-04 -9.5819e-04 -9.1946e-04 -8.8149e-04 -8.4431e-04 -8.0797e-04 -7.7250e-04 -7.3792e-04 -7.0426e-04 -6.7153e-04 -6.3975e-04 -6.0894e-04 -5.7910e-04 -5.5023e-04 -5.2234e-04 -4.9543e-04 -4.6950e-04 -4.4453e-04 -4.2053e-04 -3.9748e-04 -3.7536e-04 -3.5417e-04 -3.3389e-04 -3.1450e-04 -2.9598e-04 -2.7831e-04 -2.6147e-04 -2.4544e-04 -2.3020e-04 -2.1572e-04 -2.0197e-04 -1.8895e-04 -1.7661e-04 -1.6494e-04 -1.5391e-04 -1.4350e-04 -1.3368e-04 -1.2442e-04 -1.1571e-04 -1.0752e-04 -5.5323e-04 -7.8146e-04 -9.5518e-04 -1.0999e-03 0.0000e+00 -1.3364e-03 -1.4360e-03 -1.5260e-03 -1.6077e-03 -1.6819e-03 -1.7493e-03 -1.8104e-03 -1.8657e-03 -1.9154e-03 -1.9599e-03 -1.9994e-03 -2.0340e-03 -2.0640e-03 -2.0896e-03 -2.1108e-03 -2.1280e-03 -2.1411e-03 -2.1503e-03 -2.1559e-03 -2.1578e-03 -2.1564e-03 -2.1516e-03 -2.1436e-03 -2.1326e-03 -2.1187e-03 -2.1021e-03 -2.0829e-03 -2.0611e-03 -2.0371e-03 -2.0108e-03 -1.9825e-03 -1.9523e-03 -1.9203e-03 -1.8867e-03 -1.8516e-03 -1.8152e-03 -1.7775e-03 -1.7387e-03 -1.6989e-03 -1.6583e-03 -1.6170e-03 -1.5751e-03 -1.5327e-03 -1.4899e-03 -1.4469e-03 -1.4037e-03 -1.3605e-03 -1.3173e-03 -1.2742e-03 -1.2314e-03 -1.1888e-03 -1.1466e-03 -1.1049e-03 -1.0637e-03 -1.0230e-03 -9.8304e-04 -9.4372e-04 -9.0513e-04 -8.6732e-04 -8.3032e-04 -7.9418e-04 -7.5892e-04 -7.2456e-04 -6.9114e-04 -6.5866e-04 -6.2715e-04 -5.9661e-04 -5.6705e-04 -5.3848e-04 -5.1089e-04 -4.8429e-04 -4.5866e-04 -4.3401e-04 -4.1033e-04 -3.8760e-04 -3.6580e-04 -3.4494e-04 -3.2497e-04 -3.0590e-04 -2.8770e-04 -2.7035e-04 -2.5382e-04 -2.3810e-04 -2.2316e-04 -2.0898e-04 -1.9553e-04 -1.8279e-04 -1.7074e-04 -1.5934e-04 -1.4858e-04 -1.3843e-04 -1.2886e-04 -1.1985e-04 -1.1137e-04 -1.0341e-04
-6.0338e-04 -8.5231e-04 -1.0418e-03 -1.1997e-03 -1.3366e-03 4.3145e-03 -1.5667e-03 -1.6651e-03 -1.7543e-03 -1.8355e-03 -1.9094e-03 -1.9764e-03 -2.0371e-03 -2.0918e-03 -2.1407e-03 -2.1843e-03 -2.2226e-03 -2.2559e-03 -2.2844e-03 -2.3083e-03 -2.3276e-03 -2.3427e-03 -2.3535e-03 -2.3603e-03 -2.3632e-03 -2.3624e-03 -2.3579e-03 -2.3501e-03 -2.3389e-03 -2.3246e-03 -2.3073e-03 -2.2871e-03 -2.2642e-03 -2.2388e-03 -2.2109e-03 -2.1808e-03 -2.1486e-03 -2.1145e-03 -2.0785e-03 -2.0409e-03 -2.0018e-03 -1.9613e-03 -1.9195e-03 -1.8767e-03 -1.8329e-03 -1.7883e-03 -1.7430e-03 -1.6972e-03 -1.6509e-03 -1.6042e-03 -1.5574e-03 -1.5104e-03 -1.4635e-03 -1.4166e-03 -1.3700e-03 -1.3236e-03 -1.2775e-03 -1.2320e-03 -1.1869e-03 -1.1424e-03 -1.0986e-03 -1.0555e-03 -1.0132e-03 -9.7164e-04 -9.3097e-04 -8.9120e-04 -8.5236e-04 -8.1448e-04 -7.7760e-04 -7.4172e-04 -7.0687e-04 -6.7307e-04 -6.4032e-04 -6.0862e-04 -5.7799e-04 -5.4842e-04 -5.1991e-04 -4.9246e-04 -4.6605e-04 -4.4068e-04 -4.1633e-04 -3.9298e-04 -3.7063e-04 -3.4925e-04 -3.2882e-04 -3.0932e-04 -2.9073e-04 -2.7302e-04 -2.5618e-04 -2.4017e-04 -2.2497e-04 -2.1055e-04 -1.9690e-04 -1.8397e-04 -1.7175e-04 -1.6020e-04 -1.4931e-04 -1.3903e-04 -1.2936e-04 -1.2026e-04 -6.0338e-04 -8.5229e-04 -1.0418e-03 -1.1996e-03 -1.3364e-03 0.0000e+00 -1.5662e-03 -1.6644e-03 -1.7535e-03 -1.8345e-03 -1.9080e-03 -1.9748e-03 -2.0351e-03 -2.0894e-03 -2.1380e-03 -2.1811e-03 -2.2189e-03 -2.2517e-03 -2.2797e-03 -2.3030e-03 -2.3217e-03 -2.3361e-03 -2.3463e-03 -2.3525e-03 -2.3547e-03 -2.3532e-03 -2.3481e-03 -2.3395e-03 -2.3276e-03 -2.3126e-03 -2.2946e-03 -2.2737e-03 -2.2501e-03 -2.2240e-03 -2.1954e-03 -2.1647e-03 -2.1318e-03 -2.0971e-03 -2.0605e-03 -2.0223e-03 -1.9826e-03 -1.9416e-03 -1.8993e-03 -1.8561e-03 -1.8118e-03 -1.7668e-03 -1.7212e-03 -1.6750e-03 -1.6284e-03 -1.5815e-03 -1.5345e-03 -1.4873e-03 -1.4402e-03 -1.3933e-03 -1.3466e-03 -1.3001e-03 -1.2541e-03 -1.2086e-03 -1.1637e-03 -1.1193e-03 -1.0756e-03 -1.0327e-03 -9.9061e-04 -9.4933e-04 -9.0894e-04 -8.6947e-04 -8.3096e-04 -7.9344e-04 -7.5693e-04 -7.2145e-04 -6.8702e-04 -6.5365e-04 -6.2134e-04 -5.9011e-04 -5.5995e-04 -5.3086e-04 -5.0284e-04 -4.7588e-04 -4.4997e-04 -4.2510e-04 -4.0126e-04 -3.7842e-04 -3.5657e-04 -3.3569e-04 -3.1577e-04 -2.9676e-04 -2.7867e-04 -2.6145e-04 -2.4508e-04 -2.2954e-04 -2.1480e-04 -2.0084e-04 -1.8763e-04 -1.7513e-04 -1.6333e-04 -1.5219e-04 -1.4169e-04 -1.3181e-04 -1.2251e-04 -1.1377e-04
-6.4835e-04 -9.1584e-04 -1.1195e-03 -1.2892e-03 -1.4363e-03 -1.5667e-03 5.8716e-03 -1.7895e-03 -1.8856e-03 -1.9729e-03 -2.0524e-03 -2.1246e-03 -2.1900e-03 -2.2490e-03 -2.3019e-03 -2.3489e-03 -2.3904e-03 -2.4265e-03 -2.4574e-03 -2.4834e-03 -2.5045e-03 -2.5210e-03 -2.5330e-03 -2.5407e-03 -2.5442e-03 -2.5437e-03 -2.5394e-03 -2.5314e-03 -2.5198e-03 -2.5048e-03 -2.4866e-03 -2.4653e-03 -2.4412e-03 -2.4142e-03 -2.3847e-03 -2.3528e-03 -2.3185e-03 -2.2822e-03 -2.2439e-03 -2.2039e-03 -2.1621e-03 -2.1189e-03 -2.0744e-03 -2.0286e-03 -1.9818e-03 -1.9342e-03 -1.8857e-03 -1.8366e-03 -1.7870e-03 -1.7371e-03 -1.6869e-03 -1.6365e-03 -1.5861e-03 -1.5358e-03 -1.4857e-03 -1.4359e-03 -1.3864e-03 -1.3374e-03 -1.2890e-03 -1.2411e-03 -1.1939e-03 -1.1475e-03 -1.1019e-03 -1.0571e-03 -1.0133e-03 -9.7036e-04 -9.2843e-04 -8.8753e-04 -8.4768e-04 -8.0890e-04 -7.7121e-04 -7.3464e-04 -6.9919e-04 -6.6486e-04 -6.3168e-04 -5.9963e-04 -5.6871e-04 -5.3892e-04 -5.1025e-04 -4.8269e-04 -4.5623e-04 -4.3085e-04 -4.0653e-04 -3.8326e-04 -3.6102e-04 -3.3978e-04 -3.1951e-04 -3.0020e-04 -2.8182e-04 -2.6434e-04 -2.4774e-04 -2.3199e-04 -2.1705e-04 -2.0291e-04 -1.8953e-04 -1.7688e-04 -1.6494e-04 -1.5368e-04 -1.4306e-04 -1.3307e-04 -6.4834e-04 -9.1581e-04 -1.1194e-03 -1.2890e-03 -1.4360e-03 -1.5662e-03 0.0000e+00 -1.7886e-03 -1.8844e-03 -1.9714e-03 -2.0505e-03 -2.1223e-03 -2.1871e-03 -2.2456e-03 -2.2978e-03 -2.3442e-03 -2.3850e-03 -2.4204e-03 -2.4505e-03 -2.4756e-03 -2.4959e-03 -2.5115e-03 -2.5226e-03 -2.5293e-03 -2.5318e-03 -2.5304e-03 -2.5250e-03 -2.5159e-03 -2.5033e-03 -2.4873e-03 -2.4680e-03 -2.4457e-03 -2.4205e-03 -2.3926e-03 -2.3621e-03 -2.3291e-03 -2.2940e-03 -2.2567e-03 -2.2175e-03 -2.1766e-03 -2.1341e-03 -2.0901e-03 -2.0448e-03 -1.9984e-03 -1.9510e-03 -1.9027e-03 -1.8537e-03 -1.8041e-03 -1.7541e-03 -1.7038e-03 -1.6533e-03 -1.6027e-03 -1.5521e-03 -1.5016e-03 -1.4514e-03 -1.4016e-03 -1.3521e-03 -1.3032e-03 -1.2549e-03 -1.2072e-03 -1.1603e-03 -1.1141e-03 -1.0688e-03 -1.0244e-03 -9.8095e-04 -9.3849e-04 -8.9705e-04 -8.5666e-04 -8.1736e-04 -7.7916e-04 -7.4208e-04 -7.0613e-04 -6.7133e-04 -6.3768e-04 -6.0518e-04 -5.7383e-04 -5.4363e-04 -5.1457e-04 -4.8663e-04 -4.5981e-04 -4.3409e-04 -4.0945e-04 -3.8588e-04 -3.6335e-04 -3.4184e-04 -3.2132e-04 -3.0178e-04 -2.8318e-04 -2.6550e-04 -2.4871e-04 -2.3279e-04 -2.1770e-04 -2.0341e-04 -1.8990e-04 -1.7714e-04 -1.6509e-04 -1.5374e-04 -1.4304e-04 -1.3297e-04 -1.2351e-04
-6.8897e-04 -9.7323e-04 -1.1897e-03 -1.3700e-03 -1.5264e-03 -1.6651e-03 -1.7895e-03 7.6678e-03 -2.0043e-03 -2.0973e-03 -2.1820e-03 -2.2589e-03 -2.3287e-03 -2.3916e-03 -2.4481e-03 -2.4984e-03 -2.5428e-03 -2.5815e-03 -2.6148e-03 -2.6428e-03 -2.6656e-03 -2.6836e-03 -2.6968e-03 -2.7055e-03 -2.7097e-03 -2.7097e-03 -2.7055e-03 -2.6975e-03 -2.6857e-03 -2.6703e-03 -2.6515e-03 -2.6294e-03 -2.6042e-03 -2.5761e-03 -2.5452e-03 -2.5117e-03 -2.4758e-03 -2.4377e-03 -2.3974e-03 -2.3553e-03 -2.3113e-03 -2.2658e-03 -2.2188e-03 -2.1706e-03 -2.1212e-03 -2.0708e-03 -2.0195e-03 -1.9676e-03 -1.9151e-03 -1.8622e-03 -1.8090e-03 -1.7557e-03 -1.7022e-03 -1.6489e-03 -1.5957e-03 -1.5427e-03 -1.4902e-03 -1.4381e-03 -1.3865e-03 -1.3356e-03 -1.2853e-03 -1.2359e-03 -1.1872e-03 -1.1395e-03 -1.0927e-03 -1.0469e-03 -1.0021e-03 -9.5836e-04 -9.1575e-04 -8.7426e-04 -8.3392e-04 -7.9475e-04 -7.5676e-04 -7.1996e-04 -6.8435e-04 -6.4995e-04 -6.1675e-04 -5.8474e-04 -5.5391e-04 -5.2427e-04 -4.9579e-04 -4.6845e-04 -4.4225e-04 -4.1716e-04 -3.9316e-04 -3.7023e-04 -3.4834e-04 -3.2747e-04 -3.0759e-04 -2.8868e-04 -2.7070e-04 -2.5363e-04 -2.3744e-04 -2.2210e-04 -2.0758e-04 -1.9384e-04 -1.8086e-04 -1.6861e-04 -1.5707e-04 -1.4619e-04 -6.8896e-04 -9.7319e-04 -1.1896e-03 -1.3698e-03 -1.5260e-03 -1.6644e-03 -1.7886e-03 0.0000e+00 -2.0026e-03 -2.0952e-03 -2.1793e-03 -2.2556e-03 -2.3246e-03 -2.3868e-03 -2.4425e-03 -2.4919e-03 -2.5353e-03 -2.5730e-03 -2.6052e-03 -2.6320e-03 -2.6537e-03 -2.6704e-03 -2.6823e-03 -2.6896e-03 -2.6925e-03 -2.6911e-03 -2.6855e-03 -2.6760e-03 -2.6628e-03 -2.6459e-03 -2.6257e-03 -2.6021e-03 -2.5755e-03 -2.5460e-03 -2.5137e-03 -2.4789e-03 -2.4417e-03 -2.4022e-03 -2.3608e-03 -2.3174e-03 -2.2723e-03 -2.2257e-03 -2.1777e-03 -2.1285e-03 -2.0782e-03 -2.0270e-03 -1.9750e-03 -1.9224e-03 -1.8694e-03 -1.8160e-03 -1.7623e-03 -1.7086e-03 -1.6549e-03 -1.6013e-03 -1.5480e-03 -1.4950e-03 -1.4424e-03 -1.3904e-03 -1.3391e-03 -1.2884e-03 -1.2384e-03 -1.1894e-03 -1.1412e-03 -1.0939e-03 -1.0477e-03 -1.0025e-03 -9.5836e-04 -9.1536e-04 -8.7350e-04 -8.3282e-04 -7.9332e-04 -7.5502e-04 -7.1793e-04 -6.8206e-04 -6.4742e-04 -6.1399e-04 -5.8178e-04 -5.5077e-04 -5.2097e-04 -4.9235e-04 -4.6490e-04 -4.3859e-04 -4.1342e-04 -3.8936e-04 -3.6638e-04 -3.4446e-04 -3.2358e-04 -3.0370e-04 -2.8480e-04 -2.6685e-04 -2.4981e-04 -2.3367e-04 -2.1838e-04 -2.0392e-04 -1.9026e-04 -1.7736e-04 -1.6520e-04 -1.5374e-04 -1.4295e-04 -1.3281e-04
-7.2581e-04 -1.0253e-03 -1.2533e-03 -1.4434e-03 -1.6082e-03 -1.7543e-03 -1.8856e-03 -2.0043e-03 9.7028e-03 -2.2104e-03 -2.2998e-03 -2.3811e-03 -2.4549e-03 -2.5215e-03 -2.5813e-03 -2.6347e-03 -2.6819e-03 -2.7232e-03 -2.7586e-03 -2.7886e-03 -2.8132e-03 -2.8327e-03 -2.8471e-03 -2.8568e-03 -2.8618e-03 -2.8624e-03 -2.8586e-03 -2.8508e-03 -2.8389e-03 -2.8233e-03 -2.8041e-03 -2.7814e-03 -2.7555e-03 -2.7265e-03 -2.6945e-03 -2.6599e-03 -2.6226e-03 -2.5830e-03 -2.5411e-03 -2.4972e-03 -2.4514e-03 -2.4039e-03 -2.3548e-03 -2.3044e-03 -2.2527e-03 -2.2000e-03 -2.1463e-03 -2.0919e-03 -2.0369e-03 -1.9814e-03 -1.9255e-03 -1.8695e-03 -1.8133e-03 -1.7572e-03 -1.7012e-03 -1.6455e-03 -1.5901e-03 -1.5352e-03 -1.4808e-03 -1.4270e-03 -1.3740e-03 -1.3217e-03 -1.2703e-03 -1.2198e-03 -1.1702e-03 -1.1217e-03 -1.0743e-03 -1.0279e-03 -9.8270e-04 -9.3866e-04 -8.9581e-04 -8.5418e-04 -8.1378e-04 -7.7462e-04 -7.3672e-04 -7.0006e-04 -6.6467e-04 -6.3052e-04 -5.9762e-04 -5.6596e-04 -5.3552e-04 -5.0629e-04 -4.7825e-04 -4.5138e-04 -4.2567e-04 -4.0108e-04 -3.7760e-04 -3.5519e-04 -3.3384e-04 -3.1351e-04 -2.9417e-04 -2.7579e-04 -2.5835e-04 -2.4181e-04 -2.2614e-04 -2.1131e-04 -1.9730e-04 -1.8406e-04 -1.7156e-04 -1.5979e-04 -7.2580e-04 -1.0252e-03 -1.2532e-03 -1.4431e-03 -1.6077e-03 -1.7535e-03 -1.8844e-03 -2.0026e-03 0.0000e+00 -2.2075e-03 -2.2962e-03 -2.3767e-03 -2.4495e-03 -2.5151e-03 -2.5738e-03 -2.6260e-03 -2.6719e-03 -2.7118e-03 -2.7458e-03 -2.7742e-03 -2.7972e-03 -2.8150e-03 -2.8278e-03 -2.8357e-03 -2.8389e-03 -2.8376e-03 -2.8319e-03 -2.8221e-03 -2.8084e-03 -2.7908e-03 -2.7697e-03 -2.7451e-03 -2.7172e-03 -2.6863e-03 -2.6525e-03 -2.6160e-03 -2.5770e-03 -2.5357e-03 -2.4921e-03 -2.4466e-03 -2.3993e-03 -2.3503e-03 -2.2999e-03 -2.2482e-03 -2.1954e-03 -2.1415e-03 -2.0869e-03 -2.0316e-03 -1.9757e-03 -1.9195e-03 -1.8631e-03 -1.8065e-03 -1.7500e-03 -1.6936e-03 -1.6374e-03 -1.5816e-03 -1.5263e-03 -1.4715e-03 -1.4173e-03 -1.3639e-03 -1.3112e-03 -1.2595e-03 -1.2086e-03 -1.1588e-03 -1.1100e-03 -1.0623e-03 -1.0157e-03 -9.7034e-04 -9.2614e-04 -8.8316e-04 -8.4143e-04 -8.0096e-04 -7.6177e-04 -7.2385e-04 -6.8722e-04 -6.5187e-04 -6.1779e-04 -5.8499e-04 -5.5345e-04 -5.2315e-04 -4.9409e-04 -4.6624e-04 -4.3957e-04 -4.1408e-04 -3.8973e-04 -3.6650e-04 -3.4436e-04 -3.2328e-04 -3.0323e-04 -2.8418e-04 -2.6611e-04 -2.4897e-04 -2.3274e-04 -2.1738e-04 -2.0286e-04 -1.8916e-04 -1.7623e-04 -1.6405e-04 -1.5258e-04 -1.4179e-04
-7.5929e-04 -1.0726e-03 -1.3112e-03 -1.5100e-03 -1.6826e-03 -1.8355e-03 -1.9729e-03 -2.0973e-03 -2.2104e-03 1.1976e-02 -2.4072e-03 -2.4925e-03 -2.5700e-03 -2.6401e-03 -2.7031e-03 -2.7594e-03 -2.8093e-03 -2.8529e-03 -2.8906e-03 -2.9225e-03 -2.9488e-03 -2.9698e-03 -2.9856e-03 -2.9963e-03 -3.0023e-03 -3.0035e-03 -3.0003e-03 -2.9928e-03 -2.9811e-03 -2.9655e-03 -2.9461e-03 -2.9231e-03 -2.8967e-03 -2.8670e-03 -2.8343e-03 -2.7987e-03 -2.7604e-03 -2.7196e-03 -2.6764e-03 -2.6310e-03 -2.5837e-03 -2.5346e-03 -2.4837e-03 -2.4315e-03 -2.3779e-03 -2.3231e-03 -2.2674e-03 -2.2108e-03 -2.1535e-03 -2.0957e-03 -2.0375e-03 -1.9791e-03 -1.9205e-03 -1.8619e-03 -1.8034e-03 -1.7451e-03 -1.6872e-03 -1.6297e-03 -1.5727e-03 -1.5164e-03 -1.4607e-03 -1.4059e-03 -1.3519e-03 -1.2988e-03 -1.2467e-03 -1.1957e-03 -1.1457e-03 -1.0969e-03 -1.0492e-03 -1.0027e-03 -9.5751e-04 -9.1353e-04 -8.7083e-04 -8.2941e-04 -7.8929e-04 -7.5047e-04 -7.1295e-04 -6.7673e-04 -6.4182e-04 -6.0819e-04 -5.7583e-04 -5.4474e-04 -5.1490e-04 -4.8629e-04 -4.5888e-04 -4.3265e-04 -4.0759e-04 -3.8366e-04 -3.6083e-04 -3.3908e-04 -3.1838e-04 -2.9869e-04 -2.7999e-04 -2.6225e-04 -2.4542e-04 -2.2949e-04 -2.1442e-04 -2.0017e-04 -1.8671e-04 -1.7402e-04 -7.5927e-04 -1.0725e-03 -1.3110e-03 -1.5096e-03 -1.6819e-03 -1.8345e-03 -1.9714e-03 -2.0952e-03 -2.2075e-03 0.0000e+00 -2.4025e-03 -2.4868e-03 -2.5631e-03 -2.6319e-03 -2.6934e-03 -2.7482e-03 -2.7964e-03 -2.8382e-03 -2.8740e-03 -2.9039e-03 -2.9282e-03 -2.9470e-03 -2.9605e-03 -2.9690e-03 -2.9726e-03 -2.9714e-03 -2.9658e-03 -2.9558e-03 -2.9416e-03 -2.9235e-03 -2.9016e-03 -2.8761e-03 -2.8472e-03 -2.8151e-03 -2.7800e-03 -2.7421e-03 -2.7015e-03 -2.6584e-03 -2.6131e-03 -2.5656e-03 -2.5163e-03 -2.4653e-03 -2.4127e-03 -2.3588e-03 -2.3036e-03 -2.2475e-03 -2.1904e-03 -2.1327e-03 -2.0744e-03 -2.0157e-03 -1.9567e-03 -1.8976e-03 -1.8385e-03 -1.7795e-03 -1.7208e-03 -1.6624e-03 -1.6045e-03 -1.5471e-03 -1.4905e-03 -1.4345e-03 -1.3794e-03 -1.3252e-03 -1.2720e-03 -1.2197e-03 -1.1686e-03 -1.1186e-03 -1.0698e-03 -1.0222e-03 -9.7580e-04 -9.3071e-04 -8.8692e-04 -8.4444e-04 -8.0329e-04 -7.6347e-04 -7.2500e-04 -6.8785e-04 -6.5205e-04 -6.1757e-04 -5.8441e-04 -5.5255e-04 -5.2197e-04 -4.9267e-04 -4.6461e-04 -4.3777e-04 -4.1213e-04 -3.8766e-04 -3.6433e-04 -3.4212e-04 -3.2098e-04 -3.0090e-04 -2.8183e-04 -2.6375e-04 -2.4662e-04 -2.3041e-04 -2.1509e-04 -2.0061e-04 -1.8695e-04 -1.7408e-04 -1.6196e-04 -1.5055e-04
-7.8969e-04 -1.1155e-03 -1.3637e-03 -1.5706e-03 -1.7501e-03 -1.9094e-03 -2.0524e-03 -2.1820e-03 -2.2998e-03 -2.4072e-03 1.4488e-02 -2.5942e-03 -2.6752e-03 -2.7485e-03 -2.8145e-03 -2.8736e-03 -2.9260e-03 -2.9720e-03 -3.0118e-03 -3.0456e-03 -3.0737e-03 -3.0962e-03 -3.1133e-03 -3.1253e-03 -3.1322e-03 -3.1343e-03 -3.1318e-03 -3.1248e-03 -3.1135e-03 -3.0981e-03 -3.0787e-03 -3.0556e-03 -3.0290e-03 -2.9989e-03 -2.9657e-03 -2.9294e-03 -2.8904e-03 -2.8486e-03 -2.8044e-03 -2.7580e-03 -2.7094e-03 -2.6589e-03 -2.6066e-03 -2.5528e-03 -2.4976e-03 -2.4412e-03 -2.3836e-03 -2.3252e-03 -2.2660e-03 -2.2062e-03 -2.1459e-03 -2.0853e-03 -2.0246e-03 -1.9638e-03 -1.9030e-03 -1.8425e-03 -1.7822e-03 -1.7224e-03 -1.6630e-03 -1.6043e-03 -1.5463e-03 -1.4891e-03 -1.4327e-03 -1.3772e-03 -1.3227e-03 -1.2693e-03 -1.2169e-03 -1.1658e-03 -1.1158e-03 -1.0670e-03 -1.0195e-03 -9.7327e-04 -9.2835e-04 -8.8475e-04 -8.4248e-04 -8.0155e-04 -7.6197e-04 -7.2374e-04 -6.8684e-04 -6.5128e-04 -6.1705e-04 -5.8413e-04 -5.5250e-04 -5.2215e-04 -4.9306e-04 -4.6520e-04 -4.3856e-04 -4.1309e-04 -3.8879e-04 -3.6561e-04 -3.4354e-04 -3.2253e-04 -3.0255e-04 -2.8359e-04 -2.6559e-04 -2.4853e-04 -2.3238e-04 -2.1710e-04 -2.0265e-04 -1.8902e-04 -7.8967e-04 -1.1155e-03 -1.3635e-03 -1.5701e-03 -1.7493e-03 -1.9080e-03 -2.0505e-03 -2.1793e-03 -2.2962e-03 -2.4025e-03 0.0000e+00 -2.5870e-03 -2.6665e-03 -2.7381e-03 -2.8023e-03 -2.8594e-03 -2.9097e-03 -2.9534e-03 -2.9909e-03 -3.0222e-03 -3.0477e-03 -3.0675e-03 -3.0818e-03 -3.0909e-03 -3.0948e-03 -3.0939e-03 -3.0883e-03 -3.0782e-03 -3.0637e-03 -3.0452e-03 -3.0227e-03 -2.9964e-03 -2.9666e-03 -2.9335e-03 -2.8972e-03 -2.8580e-03 -2.8160e-03 -2.7715e-03 -2.7246e-03 -2.6755e-03 -2.6244e-03 -2.5716e-03 -2.5171e-03 -2.4612e-03 -2.4040e-03 -2.3457e-03 -2.2865e-03 -2.2266e-03 -2.1661e-03 -2.1051e-03 -2.0439e-03 -1.9825e-03 -1.9210e-03 -1.8597e-03 -1.7987e-03 -1.7380e-03 -1.6778e-03 -1.6181e-03 -1.5591e-03 -1.5009e-03 -1.4435e-03 -1.3871e-03 -1.3316e-03 -1.2772e-03 -1.2239e-03 -1.1718e-03 -1.1209e-03 -1.0713e-03 -1.0229e-03 -9.7586e-04 -9.3016e-04 -8.8582e-04 -8.4285e-04 -8.0126e-04 -7.6106e-04 -7.2225e-04 -6.8483e-04 -6.4878e-04 -6.1409e-04 -5.8077e-04 -5.4877e-04 -5.1810e-04 -4.8872e-04 -4.6061e-04 -4.3375e-04 -4.0811e-04 -3.8366e-04 -3.6037e-04 -3.3820e-04 -3.1713e-04 -2.9713e-04 -2.7815e-04 -2.6016e-04 -2.4313e-04 -2.2703e-04 -2.1181e-04 -1.9745e-04 -1.8391e-04 -1.7116e-04 -1.5916e-04
-8.1725e-04 -1.1545e-03 -1.4114e-03 -1.6256e-03 -1.8115e-03 -1.9764e-03 -2.1246e-03 -2.2589e-03 -2.3811e-03 -2.4925e-03 -2.5942e-03 1.7237e-02 -2.7712e-03 -2.8475e-03 -2.9164e-03 -2.9781e-03 -3.0329e-03 -3.0812e-03 -3.1230e-03 -3.1588e-03 -3.1886e-03 -3.2127e-03 -3.2313e-03 -3.2445e-03 -3.2526e-03 -3.2557e-03 -3.2540e-03 -3.2476e-03 -3.2369e-03 -3.2219e-03 -3.2028e-03 -3.1798e-03 -3.1532e-03 -3.1230e-03 -3.0895e-03 -3.0529e-03 -3.0133e-03 -2.9710e-03 -2.9261e-03 -2.8788e-03 -2.8292e-03 -2.7777e-03 -2.7243e-03 -2.6693e-03 -2.6127e-03 -2.5548e-03 -2.4958e-03 -2.4358e-03 -2.3749e-03 -2.3134e-03 -2.2514e-03 -2.1889e-03 -2.1262e-03 -2.0635e-03 -2.0007e-03 -1.9381e-03 -1.8758e-03 -1.8138e-03 -1.7523e-03 -1.6914e-03 -1.6312e-03 -1.5717e-03 -1.5131e-03 -1.4554e-03 -1.3987e-03 -1.3430e-03 -1.2884e-03 -1.2350e-03 -1.1828e-03 -1.1318e-03 -1.0821e-03 -1.0337e-03 -9.8669e-04 -9.4097e-04 -8.9662e-04 -8.5364e-04 -8.1204e-04 -7.7183e-04 -7.3299e-04 -6.9553e-04 -6.5943e-04 -6.2469e-04 -5.9129e-04 -5.5921e-04 -5.2843e-04 -4.9894e-04 -4.7071e-04 -4.4371e-04 -4.1791e-04 -3.9329e-04 -3.6982e-04 -3.4746e-04 -3.2619e-04 -3.0598e-04 -2.8678e-04 -2.6856e-04 -2.5130e-04 -2.3496e-04 -2.1950e-04 -2.0489e-04 -8.1723e-04 -1.1544e-03 -1.4111e-03 -1.6250e-03 -1.8104e-03 -1.9748e-03 -2.1223e-03 -2.2556e-03 -2.3767e-03 -2.4868e-03 -2.5870e-03 0.0000e+00 -2.7604e-03 -2.8347e-03 -2.9013e-03 -2.9606e-03 -3.0129e-03 -3.0583e-03 -3.0973e-03 -3.1300e-03 -3.1566e-03 -3.1774e-03 -3.1925e-03 -3.2021e-03 -3.2065e-03 -3.2059e-03 -3.2004e-03 -3.1902e-03 -3.1755e-03 -3.1566e-03 -3.1337e-03 -3.1068e-03 -3.0763e-03 -3.0423e-03 -3.0051e-03 -2.9648e-03 -2.9216e-03 -2.8758e-03 -2.8276e-03 -2.7770e-03 -2.7244e-03 -2.6699e-03 -2.6137e-03 -2.5561e-03 -2.4971e-03 -2.4370e-03 -2.3759e-03 -2.3140e-03 -2.2515e-03 -2.1885e-03 -2.1252e-03 -2.0618e-03 -1.9983e-03 -1.9349e-03 -1.8717e-03 -1.8090e-03 -1.7466e-03 -1.6849e-03 -1.6238e-03 -1.5635e-03 -1.5040e-03 -1.4455e-03 -1.3881e-03 -1.3317e-03 -1.2764e-03 -1.2223e-03 -1.1695e-03 -1.1180e-03 -1.0678e-03 -1.0189e-03 -9.7144e-04 -9.2536e-04 -8.8070e-04 -8.3747e-04 -7.9566e-04 -7.5529e-04 -7.1634e-04 -6.7882e-04 -6.4271e-04 -6.0800e-04 -5.7467e-04 -5.4270e-04 -5.1208e-04 -4.8277e-04 -4.5475e-04 -4.2800e-04 -4.0247e-04 -3.7816e-04 -3.5501e-04 -3.3299e-04 -3.1208e-04 -2.9224e-04 -2.7343e-04 -2.5562e-04 -2.3876e-04 -2.2284e-04 -2.0780e-04 -1.9361e-04 -1.8025e-04 -1.6767e-04
-8.4217e-04 -1.1897e-03 -1.4545e-03 -1.6753e-03 -1.8670e-03 -2.0371e-03 -2.1900e-03 -2.3287e-03 -2.4549e-03 -2.5700e-03 -2.6752e-03 -2.7712e-03 2.0225e-02 -2.9377e-03 -3.0093e-03 -3.0735e-03 -3.1307e-03 -3.1812e-03 -3.2251e-03 -3.2628e-03 -3.2944e-03 -3.3202e-03 -3.3402e-03 -3.3548e-03 -3.3641e-03 -3.3683e-03 -3.3676e-03 -3.3621e-03 -3.3521e-03 -3.3377e-03 -3.3191e-03 -3.2965e-03 -3.2700e-03 -3.2400e-03 -3.2065e-03 -3.1698e-03 -3.1300e-03 -3.0873e-03 -3.0419e-03 -2.9941e-03 -2.9439e-03 -2.8916e-03 -2.8374e-03 -2.7813e-03 -2.7237e-03 -2.6647e-03 -2.6045e-03 -2.5432e-03 -2.4809e-03 -2.4179e-03 -2.3544e-03 -2.2903e-03 -2.2260e-03 -2.1615e-03 -2.0969e-03 -2.0325e-03 -1.9683e-03 -1.9044e-03 -1.8410e-03 -1.7781e-03 -1.7158e-03 -1.6543e-03 -1.5936e-03 -1.5338e-03 -1.4750e-03 -1.4172e-03 -1.3605e-03 -1.3050e-03 -1.2506e-03 -1.1976e-03 -1.1458e-03 -1.0953e-03 -1.0461e-03 -9.9837e-04 -9.5198e-04 -9.0699e-04 -8.6341e-04 -8.2125e-04 -7.8049e-04 -7.4114e-04 -7.0319e-04 -6.6664e-04 -6.3147e-04 -5.9766e-04 -5.6519e-04 -5.3405e-04 -5.0422e-04 -4.7566e-04 -4.4835e-04 -4.2227e-04 -3.9737e-04 -3.7365e-04 -3.5105e-04 -3.2955e-04 -3.0912e-04 -2.8971e-04 -2.7131e-04 -2.5387e-04 -2.3736e-04 -2.2174e-04 -8.4214e-04 -1.1896e-03 -1.4541e-03 -1.6745e-03 -1.8657e-03 -2.0351e-03 -2.1871e-03 -2.3246e-03 -2.4495e-03 -2.5631e-03 -2.6665e-03 -2.7604e-03 0.0000e+00 -2.9223e-03 -2.9911e-03 -3.0524e-03 -3.1065e-03 -3.1536e-03 -3.1940e-03 -3.2280e-03 -3.2557e-03 -3.2774e-03 -3.2932e-03 -3.3035e-03 -3.3084e-03 -3.3080e-03 -3.3027e-03 -3.2926e-03 -3.2778e-03 -3.2587e-03 -3.2354e-03 -3.2080e-03 -3.1769e-03 -3.1423e-03 -3.1042e-03 -3.0630e-03 -3.0189e-03 -2.9720e-03 -2.9225e-03 -2.8708e-03 -2.8168e-03 -2.7609e-03 -2.7033e-03 -2.6441e-03 -2.5836e-03 -2.5218e-03 -2.4590e-03 -2.3954e-03 -2.3312e-03 -2.2664e-03 -2.2013e-03 -2.1360e-03 -2.0707e-03 -2.0054e-03 -1.9404e-03 -1.8757e-03 -1.8114e-03 -1.7478e-03 -1.6848e-03 -1.6226e-03 -1.5613e-03 -1.5009e-03 -1.4416e-03 -1.3833e-03 -1.3263e-03 -1.2704e-03 -1.2158e-03 -1.1625e-03 -1.1106e-03 -1.0601e-03 -1.0110e-03 -9.6329e-04 -9.1706e-04 -8.7228e-04 -8.2897e-04 -7.8714e-04 -7.4677e-04 -7.0786e-04 -6.7041e-04 -6.3439e-04 -5.9980e-04 -5.6661e-04 -5.3480e-04 -5.0435e-04 -4.7523e-04 -4.4742e-04 -4.2087e-04 -3.9557e-04 -3.7148e-04 -3.4856e-04 -3.2679e-04 -3.0611e-04 -2.8651e-04 -2.6794e-04 -2.5036e-04 -2.3374e-04 -2.1805e-04 -2.0324e-04 -1.8928e-04 -1.7613e-04
-8.6457e-04 -1.2214e-03 -1.4933e-03 -1.7200e-03 -1.9169e-03 -2.0918e-03 -2.2490e-03 -2.3916e-03 -2.5215e-03 -2.6401e-03 -2.7485e-03 -2.8475e-03 -2.9377e-03 2.3449e-02 -3.0938e-03 -3.1605e-03 -3.2200e-03 -3.2726e-03 -3.3186e-03 -3.3582e-03 -3.3916e-03 -3.4190e-03 -3.4407e-03 -3.4567e-03 -3.4674e-03 -3.4728e-03 -3.4732e-03 -3.4688e-03 -3.4596e-03 -3.4460e-03 -3.4281e-03 -3.4061e-03 -3.3801e-03 -3.3504e-03 -3.3172e-03 -3.2806e-03 -3.2408e-03 -3.1981e-03 -3.1525e-03 -3.1044e-03 -3.0538e-03 -3.0011e-03 -2.9462e-03 -2.8896e-03 -2.8312e-03 -2.7713e-03 -2.7101e-03 -2.6478e-03 -2.5844e-03 -2.5202e-03 -2.4553e-03 -2.3899e-03 -2.3242e-03 -2.2582e-03 -2.1921e-03 -2.1260e-03 -2.0601e-03 -1.9945e-03 -1.9293e-03 -1.8646e-03 -1.8005e-03 -1.7371e-03 -1.6744e-03 -1.6127e-03 -1.5519e-03 -1.4921e-03 -1.4334e-03 -1.3759e-03 -1.3195e-03 -1.2644e-03 -1.2106e-03 -1.1581e-03 -1.1069e-03 -1.0572e-03 -1.0088e-03 -9.6183e-04 -9.1629e-04 -8.7220e-04 -8.2954e-04 -7.8832e-04 -7.4853e-04 -7.1016e-04 -6.7321e-04 -6.3766e-04 -6.0350e-04 -5.7070e-04 -5.3924e-04 -5.0910e-04 -4.8025e-04 -4.5268e-04 -4.2633e-04 -4.0120e-04 -3.7724e-04 -3.5443e-04 -3.3272e-04 -3.1209e-04 -2.9251e-04 -2.7393e-04 -2.5632e-04 -2.3966e-04 -8.6455e-04 -1.2212e-03 -1.4928e-03 -1.7192e-03 -1.9154e-03 -2.0894e-03 -2.2456e-03 -2.3868e-03 -2.5151e-03 -2.6319e-03 -2.7381e-03 -2.8347e-03 -2.9223e-03 0.0000e+00 -3.0722e-03 -3.1353e-03 -3.1911e-03 -3.2398e-03 -3.2815e-03 -3.3167e-03 -3.3455e-03 -3.3681e-03 -3.3847e-03 -3.3956e-03 -3.4010e-03 -3.4010e-03 -3.3959e-03 -3.3858e-03 -3.3711e-03 -3.3518e-03 -3.3283e-03 -3.3006e-03 -3.2691e-03 -3.2339e-03 -3.1952e-03 -3.1533e-03 -3.1083e-03 -3.0605e-03 -3.0101e-03 -2.9572e-03 -2.9022e-03 -2.8451e-03 -2.7862e-03 -2.7257e-03 -2.6638e-03 -2.6006e-03 -2.5364e-03 -2.4713e-03 -2.4055e-03 -2.3392e-03 -2.2724e-03 -2.2055e-03 -2.1385e-03 -2.0716e-03 -2.0048e-03 -1.9384e-03 -1.8725e-03 -1.8071e-03 -1.7425e-03 -1.6786e-03 -1.6155e-03 -1.5535e-03 -1.4924e-03 -1.4325e-03 -1.3738e-03 -1.3163e-03 -1.2601e-03 -1.2052e-03 -1.1517e-03 -1.0996e-03 -1.0490e-03 -9.9978e-04 -9.5208e-04 -9.0587e-04 -8.6115e-04 -8.1795e-04 -7.7624e-04 -7.3603e-04 -6.9731e-04 -6.6006e-04 -6.2427e-04 -5.8992e-04 -5.5699e-04 -5.2546e-04 -4.9529e-04 -4.6646e-04 -4.3894e-04 -4.1270e-04 -3.8770e-04 -3.6392e-04 -3.4130e-04 -3.1983e-04 -2.9946e-04 -2.8015e-04 -2.6187e-04 -2.4458e-04 -2.2824e-04 -2.1282e-04 -1.9828e-04 -1.8458e-04
-8.8460e-04 -1.2497e-03 -1.5279e-03 -1.7600e-03 -1.9617e-03 -2.1407e-03 -2.3019e-03 -2.4481e-03 -2.5813e-03 -2.7031e-03 -2.8145e-03 -2.9164e-03 -3.0093e-03 -3.0938e-03 2.6910e-02 -3.2394e-03 -3.3011e-03 -3.3559e-03 -3.4039e-03 -3.4454e-03 -3.4807e-03 -3.5099e-03 -3.5332e-03 -3.5508e-03 -3.5629e-03 -3.5697e-03 -3.5713e-03 -3.5680e-03 -3.5600e-03 -3.5474e-03 -3.5303e-03 -3.5091e-03 -3.4838e-03 -3.4547e-03 -3.4220e-03 -3.3858e-03 -3.3463e-03 -3.3038e-03 -3.2583e-03 -3.2102e-03 -3.1595e-03 -3.1065e-03 -3.0514e-03 -2.9943e-03 -2.9354e-03 -2.8749e-03 -2.8130e-03 -2.7499e-03 -2.6857e-03 -2.6205e-03 -2.5546e-03 -2.4881e-03 -2.4211e-03 -2.3539e-03 -2.2864e-03 -2.2190e-03 -2.1516e-03 -2.0844e-03 -2.0176e-03 -1.9513e-03 -1.8855e-03 -1.8203e-03 -1.7559e-03 -1.6923e-03 -1.6297e-03 -1.5680e-03 -1.5074e-03 -1.4480e-03 -1.3897e-03 -1.3326e-03 -1.2768e-03 -1.2224e-03 -1.1693e-03 -1.1175e-03 -1.0672e-03 -1.0183e-03 -9.7086e-04 -9.2485e-04 -8.8031e-04 -8.3722e-04 -7.9559e-04 -7.5541e-04 -7.1668e-04 -6.7938e-04 -6.4349e-04 -6.0901e-04 -5.7591e-04 -5.4416e-04 -5.1375e-04 -4.8464e-04 -4.5682e-04 -4.3024e-04 -4.0488e-04 -3.8071e-04 -3.5769e-04 -3.3580e-04 -3.1499e-04 -2.9523e-04 -2.7649e-04 -2.5873e-04 -8.8457e-04 -1.2495e-03 -1.5274e-03 -1.7590e-03 -1.9599e-03 -2.1380e-03 -2.2978e-03 -2.4425e-03 -2.5738e-03 -2.6934e-03 -2.8023e-03 -2.9013e-03 -2.9911e-03 -3.0722e-03 0.0000e+00 -3.2099e-03 -3.2672e-03 -3.3173e-03 -3.3603e-03 -3.3966e-03 -3.4264e-03 -3.4499e-03 -3.4673e-03 -3.4789e-03 -3.4848e-03 -3.4852e-03 -3.4804e-03 -3.4705e-03 -3.4559e-03 -3.4366e-03 -3.4129e-03 -3.3851e-03 -3.3532e-03 -3.3176e-03 -3.2785e-03 -3.2360e-03 -3.1904e-03 -3.1418e-03 -3.0906e-03 -3.0369e-03 -2.9809e-03 -2.9228e-03 -2.8629e-03 -2.8013e-03 -2.7382e-03 -2.6738e-03 -2.6083e-03 -2.5419e-03 -2.4748e-03 -2.4071e-03 -2.3389e-03 -2.2706e-03 -2.2021e-03 -2.1337e-03 -2.0655e-03 -1.9976e-03 -1.9301e-03 -1.8632e-03 -1.7970e-03 -1.7316e-03 -1.6670e-03 -1.6034e-03 -1.5408e-03 -1.4794e-03 -1.4191e-03 -1.3601e-03 -1.3024e-03 -1.2461e-03 -1.1911e-03 -1.1376e-03 -1.0855e-03 -1.0350e-03 -9.8590e-04 -9.3835e-04 -8.9232e-04 -8.4783e-04 -8.0487e-04 -7.6343e-04 -7.2351e-04 -6.8510e-04 -6.4818e-04 -6.1273e-04 -5.7874e-04 -5.4617e-04 -5.1500e-04 -4.8520e-04 -4.5674e-04 -4.2960e-04 -4.0373e-04 -3.7910e-04 -3.5568e-04 -3.3344e-04 -3.1232e-04 -2.9230e-04 -2.7334e-04 -2.5539e-04 -2.3843e-04 -2.2241e-04 -2.0730e-04 -1.9305e-04
-9.0236e-04 -1.2748e-03 -1.5587e-03 -1.7956e-03 -2.0014e-03 -2.1843e-03 -2.3489e-03 -2.4984e-03 -2.6347e-03 -2.7594e-03 -2.8736e-03 -2.9781e-03 -3.0735e-03 -3.1605e-03 -3.2394e-03 3.0607e-02 -3.3746e-03 -3.4314e-03 -3.4814e-03 -3.5249e-03 -3.5620e-03 -3.5930e-03 -3.6180e-03 -3.6373e-03 -3.6509e-03 -3.6592e-03 -3.6623e-03 -3.6603e-03 -3.6536e-03 -3.6421e-03 -3.6262e-03 -3.6059e-03 -3.5816e-03 -3.5533e-03 -3.5213e-03 -3.4857e-03 -3.4468e-03 -3.4047e-03 -3.3596e-03 -3.3117e-03 -3.2611e-03 -3.2082e-03 -3.1530e-03 -3.0958e-03 -3.0367e-03 -2.9759e-03 -2.9135e-03 -2.8499e-03 -2.7850e-03 -2.7192e-03 -2.6525e-03 -2.5851e-03 -2.5171e-03 -2.4488e-03 -2.3802e-03 -2.3115e-03 -2.2429e-03 -2.1744e-03 -2.1061e-03 -2.0383e-03 -1.9709e-03 -1.9042e-03 -1.8382e-03 -1.7729e-03 -1.7085e-03 -1.6451e-03 -1.5827e-03 -1.5214e-03 -1.4613e-03 -1.4023e-03 -1.3447e-03 -1.2883e-03 -1.2333e-03 -1.1797e-03 -1.1274e-03 -1.0766e-03 -1.0273e-03 -9.7936e-04 -9.3293e-04 -8.8798e-04 -8.4451e-04 -8.0252e-04 -7.6199e-04 -7.2292e-04 -6.8530e-04 -6.4911e-04 -6.1434e-04 -5.8095e-04 -5.4894e-04 -5.1827e-04 -4.8893e-04 -4.6087e-04 -4.3407e-04 -4.0850e-04 -3.8413e-04 -3.6092e-04 -3.3884e-04 -3.1786e-04 -2.9793e-04 -2.7903e-04 -9.0233e-04 -1.2746e-03 -1.5581e-03 -1.7944e-03 -1.9994e-03 -2.1811e-03 -2.3442e-03 -2.4919e-03 -2.6260e-03 -2.7482e-03 -2.8594e-03 -2.9606e-03 -3.0524e-03 -3.1353e-03 -3.2099e-03 0.0000e+00 -3.3352e-03 -3.3866e-03 -3.4308e-03 -3.4682e-03 -3.4990e-03 -3.5234e-03 -3.5415e-03 -3.5537e-03 -3.5602e-03 -3.5611e-03 -3.5566e-03 -3.5470e-03 -3.5326e-03 -3.5134e-03 -3.4897e-03 -3.4617e-03 -3.4297e-03 -3.3938e-03 -3.3543e-03 -3.3114e-03 -3.2653e-03 -3.2163e-03 -3.1644e-03 -3.1100e-03 -3.0533e-03 -2.9944e-03 -2.9336e-03 -2.8711e-03 -2.8070e-03 -2.7416e-03 -2.6751e-03 -2.6076e-03 -2.5393e-03 -2.4704e-03 -2.4011e-03 -2.3315e-03 -2.2617e-03 -2.1920e-03 -2.1225e-03 -2.0533e-03 -1.9845e-03 -1.9162e-03 -1.8486e-03 -1.7818e-03 -1.7158e-03 -1.6508e-03 -1.5869e-03 -1.5241e-03 -1.4624e-03 -1.4021e-03 -1.3430e-03 -1.2853e-03 -1.2290e-03 -1.1742e-03 -1.1208e-03 -1.0690e-03 -1.0186e-03 -9.6982e-04 -9.2258e-04 -8.7688e-04 -8.3274e-04 -7.9015e-04 -7.4911e-04 -7.0960e-04 -6.7160e-04 -6.3511e-04 -6.0010e-04 -5.6654e-04 -5.3441e-04 -5.0369e-04 -4.7433e-04 -4.4632e-04 -4.1961e-04 -3.9418e-04 -3.6998e-04 -3.4698e-04 -3.2514e-04 -3.0442e-04 -2.8479e-04 -2.6621e-04 -2.4864e-04 -2.3203e-04 -2.1636e-04 -2.0158e-04
