2.9000e-04 -4.1530e-04 -4.9404e-04 -5.4763e-04 -5.8085e-04 -5.9650e-04 -5.9676e-04 -5.8374e-04 -5.5955e-04 -5.2638e-04 -4.8641e-04 -4.4181e-04 -3.9458e-04 -3.4659e-04 -2.9942e-04 -2.5440e-04 -2.1254e-04 -1.7458e-04 -1.4092e-04 -1.1176e-04 -8.7035e-05 -6.6525e-05 -4.9877e-05 -3.6658e-05 -2.6392e-05 -1.8598e-05 -1.2817e-05 -8.6305e-06 -5.6721e-06 -3.6344e-06 -2.2677e-06 -1.3761e-06 -8.1090e-07 -4.6335e-07 -2.5629e-07 -1.3698e-07 -7.0604e-08 -3.5021e-08 -1.6679e-08 -7.6072e-09 -3.3139e-09 -1.3747e-09 -5.4130e-10 -2.0160e-10 -7.0744e-11 -2.3292e-11 -7.1618e-12 -2.0462e-12 -5.4022e-13 -1.3098e-13 -2.8971e-14 -5.8020e-15 -1.0434e-15 -1.6698e-16 -2.3537e-17 -2.8897e-18 -3.0511e-19 -2.7319e-20 -2.0418e-21 -1.2513e-22 -6.1638e-24 -2.3858e-25 -7.0722e-27 -1.5594e-28 -2.4740e-30 -2.7181e-32 -1.9795e-34 -9.0842e-37 -2.4773e-39 -3.7495e-42 -2.9080e-45 -1.0521e-48 -1.5893e-52 -8.7836e-57 -1.5169e-61 -6.7685e-67 -6.1971e-73 -8.7836e-80 -1.3619e-87 -1.4995e-96 -6.8150e-107 -6.4163e-119 -5.1591e-133 -1.1168e-149 -1.4145e-169 -1.3468e-193 -5.7995e-223 -2.2133e-259 -2.6658e-305 0.0000e+00 0.0000e+00 0.0000e+00 0.0000e+00 0.0000e+00 0.0000e+00 0.0000e+00 0.0000e+00 0.0000e+00 0.0000e+00 0.0000e+00 0.0000e+00 4.1518e-04 4.9371e-04 5.4698e-04 5.7979e-04 5.9492e-04 5.9461e-04 5.8099e-04 5.5621e-04 5.2249e-04 4.8205e-04 4.3708e-04 3.8962e-04 3.4152e-04 2.9438e-04 2.4951e-04 2.0792e-04 1.7030e-04 1.3707e-04 1.0836e-04 8.4100e-05 6.4052e-05 4.7841e-05 3.5021e-05 2.5107e-05 1.7614e-05 1.2082e-05 8.0948e-06 5.2922e-06 3.3724e-06 2.0921e-06 1.2618e-06 7.3879e-07 4.1930e-07 2.3029e-07 1.2217e-07 6.2483e-08 3.0740e-08 1.4514e-08 6.5602e-09 2.8307e-09 1.1626e-09 4.5300e-10 1.6686e-10 5.7878e-11 1.8825e-11 5.7144e-12 1.6108e-12 4.1925e-13 1.0014e-13 2.1802e-14 4.2941e-15 7.5879e-16 1.1920e-16 1.6476e-17 1.9813e-18 2.0466e-19 1.7904e-20 1.3056e-21 7.7953e-23 3.7349e-24 1.4037e-25 4.0326e-27 8.6000e-29 1.3166e-30 1.3926e-32 9.7371e-35 4.2777e-37 1.1132e-39 1.6022e-42 1.1770e-45 4.0157e-49 5.6923e-53 2.9361e-57 4.7025e-62 1.9321e-67 1.6155e-73 2.0710e-80 2.8710e-88 2.7878e-97 1.0985e-107 8.7756e-120 5.8205e-134 9.9952e-151 9.4756e-171 6.1267e-195 1.4631e-224 1.4232e-261 -2.8400e-307 0.0000e+00 0.0000e+00 0.0000e+00 0.0000e+00 0.0000e+00 0.0000e+00 0.0000e+00 0.0000e+00 0.0000e+00 0.0000e+00 0.0000e+00
-4.1530e-04 1.1600e-03 -6.8779e-04 -7.6357e-04 -8.1151e-04 -8.3538e-04 -8.3815e-04 -8.2257e-04 -7.9145e-04 -7.4766e-04 -6.9412e-04 -6.3369e-04 -5.6911e-04 -5.0289e-04 -4.3727e-04 -3.7410e-04 -3.1487e-04 -2.6067e-04 -2.1218e-04 -1.6976e-04 -1.3343e-04 -1.0299e-04 -7.8014e-05 -5.7957e-05 -4.2199e-05 -3.0089e-05 -2.0992e-05 -1.4317e-05 -9.5353e-06 -6.1949e-06 -3.9214e-06 -2.4153e-06 -1.4455e-06 -8.3933e-07 -4.7204e-07 -2.5667e-07 -1.3468e-07 -6.8045e-08 -3.3029e-08 -1.5364e-08 -6.8306e-09 -2.8937e-09 -1.1644e-09 -4.4348e-10 -1.5926e-10 -5.3701e-11 -1.6924e-11 -4.9597e-12 -1.3442e-12 -3.3486e-13 -7.6164e-14 -1.5699e-14 -2.9088e-15 -4.8003e-16 -6.9853e-17 -8.8625e-18 -9.6813e-19 -8.9790e-20 -6.9598e-21 -4.4296e-22 -2.2691e-23 -9.1473e-25 -2.8286e-26 -6.5174e-28 -1.0824e-29 -1.2474e-31 -9.5489e-34 -4.6168e-36 -1.3298e-38 -2.1318e-41 -1.7564e-44 -6.7737e-48 -1.0946e-51 -6.4992e-56 -1.2113e-60 -5.8635e-66 -5.8581e-72 -9.1211e-79 -1.5653e-86 -1.9246e-95 -9.8666e-106 -1.0603e-117 -9.8670e-132 -2.5130e-148 -3.8190e-168 -4.4672e-192 -2.4327e-221 -1.2169e-257 -2.0090e-303 0.0000e+00 0.0000e+00 0.0000e+00 0.0000e+00 0.0000e+00 0.0000e+00 0.0000e+00 0.0000e+00 0.0000e+00 0.0000e+00 0.0000e+00 4.1518e-04 0.0000e+00 6.8598e-04 7.6000e-04 8.0558e-04 8.2660e-04 8.2618e-04 8.0724e-04 7.7281e-04 7.2596e-04 6.6978e-04 6.0729e-04 5.4134e-04 4.7451e-04 4.0900e-04 3.4666e-04 2.8887e-04 2.3660e-04 1.9042e-04 1.5053e-04 1.1683e-04 8.8976e-05 6.6454e-05 4.8643e-05 3.4871e-05 2.4462e-05 1.6777e-05 1.1240e-05 7.3473e-06 4.6813e-06 2.9036e-06 1.7509e-06 1.0250e-06 5.8160e-07 3.1934e-07 1.6936e-07 8.6588e-08 4.2582e-08 2.0097e-08 9.0790e-09 3.9154e-09 1.6070e-09 6.2572e-10 2.3029e-10 7.9805e-11 2.5928e-11 7.8613e-12 2.2128e-12 5.7505e-13 1.3711e-13 2.9789e-14 5.8534e-15 1.0316e-15 1.6154e-16 2.2249e-17 2.6645e-18 2.7392e-19 2.3830e-20 1.7265e-21 1.0230e-22 4.8576e-24 1.8064e-25 5.1243e-27 1.0764e-28 1.6181e-30 1.6739e-32 1.1389e-34 4.8362e-37 1.2057e-39 1.6423e-42 1.1222e-45 3.4710e-49 4.2830e-53 1.7915e-57 2.0089e-62 3.6408e-68 -2.0707e-74 -1.1513e-80 -3.2915e-88 -5.5286e-97 -3.5216e-107 -4.4430e-119 -4.6708e-133 -1.3061e-149 -2.1305e-169 -2.6252e-193 -1.4814e-222 -7.5633e-259 -1.2565e-304 0.0000e+00 0.0000e+00 0.0000e+00 0.0000e+00 0.0000e+00 0.0000e+00 0.0000e+00 0.0000e+00 0.0000e+00 0.0000e+00 0.0000e+00
-4.9404e-04 -6.8779e-04 2.6099e-03 -9.1333e-04 -9.7385e-04 -1.0065e-03 -1.0146e-03 -1.0011e-03 -9.6913e-04 -9.2172e-04 -8.6209e-04 -7.9342e-04 -7.1880e-04 -6.4113e-04 -5.6304e-04 -4.8681e-04 -4.1432e-04 -3.4702e-04 -2.8595e-04 -2.3172e-04 -1.8457e-04 -1.4443e-04 -1.1098e-04 -8.3670e-05 -6.1852e-05 -4.4797e-05 -3.1759e-05 -2.2020e-05 -1.4915e-05 -9.8589e-06 -6.3519e-06 -3.9835e-06 -2.4284e-06 -1.4368e-06 -8.2366e-07 -4.5669e-07 -2.4444e-07 -1.2603e-07 -6.2447e-08 -2.9664e-08 -1.3473e-08 -5.8330e-09 -2.3997e-09 -9.3483e-10 -3.4352e-10 -1.1858e-10 -3.8273e-11 -1.1494e-11 -3.1936e-12 -8.1611e-13 -1.9052e-13 -4.0335e-14 -7.6805e-15 -1.3036e-15 -1.9525e-16 -2.5519e-17 -2.8743e-18 -2.7513e-19 -2.2033e-20 -1.4504e-21 -7.6949e-23 -3.2169e-24 -1.0332e-25 -2.4763e-27 -4.2858e-29 -5.1571e-31 -4.1309e-33 -2.0947e-35 -6.3446e-38 -1.0726e-40 -9.3489e-44 -3.8276e-47 -6.5924e-51 -4.1899e-55 -8.4004e-60 -4.3985e-65 -4.7832e-71 -8.1635e-78 -1.5482e-85 -2.1229e-94 -1.2267e-104 -1.5044e-116 -1.6209e-130 -4.8617e-147 -8.8784e-167 -1.2787e-190 -8.8311e-220 -5.8098e-256 -1.3204e-301 0.0000e+00 0.0000e+00 0.0000e+00 0.0000e+00 0.0000e+00 0.0000e+00 0.0000e+00 0.0000e+00 0.0000e+00 0.0000e+00 0.0000e+00 4.9371e-04 6.8598e-04 0.0000e+00 9.0376e-04 9.5796e-04 9.8295e-04 9.8244e-04 9.5992e-04 9.1897e-04 8.6324e-04 7.9642e-04 7.2211e-04 6.4367e-04 5.6418e-04 4.8627e-04 4.1212e-04 3.4339e-04 2.8123e-04 2.2632e-04 1.7888e-04 1.3881e-04 1.0570e-04 7.8926e-05 5.7757e-05 4.1391e-05 2.9026e-05 1.9899e-05 1.3325e-05 8.7058e-06 5.5434e-06 3.4358e-06 2.0701e-06 1.2107e-06 6.8623e-07 3.7633e-07 1.9930e-07 1.0173e-07 4.9935e-08 2.3517e-08 1.0598e-08 4.5580e-09 1.8649e-09 7.2347e-10 2.6516e-10 9.1446e-11 2.9547e-11 8.9013e-12 2.4871e-12 6.4081e-13 1.5127e-13 3.2484e-14 6.2958e-15 1.0917e-15 1.6770e-16 2.2572e-17 2.6292e-18 2.6132e-19 2.1808e-20 1.5000e-21 8.3194e-23 3.6243e-24 1.2001e-25 2.8903e-27 4.7320e-29 4.5883e-31 1.4262e-33 -1.9468e-35 -2.4571e-37 -1.1602e-39 -2.6154e-42 -2.8069e-45 -1.3475e-48 -2.6324e-52 -1.8521e-56 -4.0340e-61 -2.2604e-66 -2.5976e-72 -4.6352e-79 -9.1044e-87 -1.2821e-95 -7.5496e-106 -9.3659e-118 -1.0137e-131 -3.0333e-148 -5.4891e-168 -7.7797e-192 -5.2494e-221 -3.3486e-257 -7.3189e-303 0.0000e+00 0.0000e+00 0.0000e+00 0.0000e+00 0.0000e+00 0.0000e+00 0.0000e+00 0.0000e+00 0.0000e+00 0.0000e+00 0.0000e+00
-5.4763e-04 -7.6357e-04 -9.1333e-04 4.6396e-03 -1.0927e-03 -1.1356e-03 -1.1521e-03 -1.1452e-03 -1.1177e-03 -1.0726e-03 -1.0131e-03 -9.4225e-04 -8.6326e-04 -7.7917e-04 -6.9286e-04 -6.0691e-04 -5.2359e-04 -4.4474e-04 -3.7181e-04 -3.0581e-04 -2.4734e-04 -1.9659e-04 -1.5348e-04 -1.1760e-04 -8.8377e-05 -6.5085e-05 -4.6931e-05 -3.3101e-05 -2.2813e-05 -1.5346e-05 -1.0064e-05 -6.4255e-06 -3.9885e-06 -2.4033e-06 -1.4034e-06 -7.9282e-07 -4.3243e-07 -2.2725e-07 -1.1480e-07 -5.5612e-08 -2.5764e-08 -1.1382e-08 -4.7793e-09 -1.9010e-09 -7.1351e-10 -2.5167e-10 -8.3041e-11 -2.5505e-11 -7.2521e-12 -1.8975e-12 -4.5382e-13 -9.8494e-14 -1.9241e-14 -3.3529e-15 -5.1603e-16 -6.9364e-17 -8.0431e-18 -7.9343e-19 -6.5559e-20 -4.4584e-21 -2.4468e-22 -1.0597e-23 -3.5313e-25 -8.7977e-27 -1.5856e-28 -1.9911e-30 -1.6680e-32 -8.8686e-35 -2.8240e-37 -5.0340e-40 -4.6421e-43 -2.0180e-46 -3.7053e-50 -2.5219e-54 -5.4419e-59 -3.0841e-64 -3.6531e-70 -6.8401e-77 -1.4348e-84 -2.1967e-93 -1.4325e-103 -2.0076e-115 -2.5080e-129 -8.8729e-146 -1.9507e-165 -3.4659e-189 -3.0421e-218 -2.6384e-254 -8.2756e-300 0.0000e+00 0.0000e+00 0.0000e+00 0.0000e+00 0.0000e+00 0.0000e+00 0.0000e+00 0.0000e+00 0.0000e+00 0.0000e+00 0.0000e+00 5.4698e-04 7.6000e-04 9.0376e-04 0.0000e+00 1.0613e-03 1.0890e-03 1.0884e-03 1.0635e-03 1.0181e-03 9.5629e-04 8.8223e-04 7.9985e-04 7.1291e-04 6.2480e-04 5.3845e-04 4.5626e-04 3.8009e-04 3.1121e-04 2.5036e-04 1.9782e-04 1.5344e-04 1.1677e-04 8.7139e-05 6.3721e-05 4.5626e-05 3.1963e-05 2.1887e-05 1.4636e-05 9.5473e-06 6.0680e-06 3.7530e-06 2.2557e-06 1.3155e-06 7.4317e-07 4.0600e-07 2.1408e-07 1.0871e-07 5.3050e-08 2.4813e-08 1.1094e-08 4.7267e-09 1.9129e-09 7.3268e-10 2.6451e-10 8.9605e-11 2.8340e-11 8.3216e-12 2.2540e-12 5.5902e-13 1.2586e-13 2.5460e-14 4.5683e-15 7.1501e-16 9.5312e-17 1.0406e-17 8.5781e-19 4.0364e-20 -1.5000e-21 -5.4880e-22 -6.4353e-23 -4.9154e-24 -2.6860e-25 -1.0671e-26 -3.0537e-28 -6.1574e-30 -8.4810e-32 -7.6740e-34 -4.3521e-36 -1.4630e-38 -2.7290e-41 -2.6133e-44 -1.1718e-47 -2.2060e-51 -1.5309e-55 -3.3511e-60 -1.9174e-65 -2.2826e-71 -4.2769e-78 -8.9390e-86 -1.3579e-94 -8.7493e-105 -1.2063e-116 -1.4760e-130 -5.0913e-147 -1.0860e-166 -1.8626e-190 -1.5691e-219 -1.2981e-255 -3.8570e-301 0.0000e+00 0.0000e+00 0.0000e+00 0.0000e+00 0.0000e+00 0.0000e+00 0.0000e+00 0.0000e+00 0.0000e+00 0.0000e+00 0.0000e+00
-5.8085e-04 -8.1151e-04 -9.7385e-04 -1.0927e-03 7.2493e-03 -1.2319e-03 -1.2598e-03 -1.2636e-03 -1.2457e-03 -1.2085e-03 -1.1548e-03 -1.0874e-03 -1.0093e-03 -9.2345e-04 -8.3277e-04 -7.4010e-04 -6.4803e-04 -5.5885e-04 -4.7446e-04 -3.9638e-04 -3.2569e-04 -2.6304e-04 -2.0868e-04 -1.6251e-04 -1.2414e-04 -9.2932e-05 -6.8123e-05 -4.8850e-05 -3.4233e-05 -2.3417e-05 -1.5617e-05 -1.0141e-05 -6.4035e-06 -3.9254e-06 -2.3324e-06 -1.3409e-06 -7.4447e-07 -3.9832e-07 -2.0491e-07 -1.0112e-07 -4.7732e-08 -2.1493e-08 -9.2021e-09 -3.7334e-09 -1.4300e-09 -5.1492e-10 -1.7354e-10 -5.4474e-11 -1.5838e-11 -4.2401e-12 -1.0383e-12 -2.3090e-13 -4.6253e-14 -8.2719e-15 -1.3077e-15 -1.8073e-16 -2.1570e-17 -2.1925e-18 -1.8690e-19 -1.3129e-20 -7.4536e-22 -3.3444e-23 -1.1565e-24 -2.9954e-26 -5.6232e-28 -7.3701e-30 -6.4596e-32 -3.6021e-34 -1.2063e-36 -2.2684e-39 -2.2140e-42 -1.0224e-45 -2.0025e-49 -1.4604e-53 -3.3938e-58 -2.0831e-63 -2.6896e-69 -5.5294e-76 -1.2840e-83 -2.1967e-92 -1.6182e-102 -2.5941e-114 -3.7617e-128 -1.5716e-144 -4.1647e-164 -9.1416e-188 -1.0213e-216 -1.1696e-252 -5.0719e-298 0.0000e+00 0.0000e+00 0.0000e+00 0.0000e+00 0.0000e+00 0.0000e+00 0.0000e+00 0.0000e+00 0.0000e+00 0.0000e+00 0.0000e+00 5.7979e-04 8.0558e-04 9.5796e-04 1.0613e-03 0.0000e+00 1.1543e-03 1.1536e-03 1.1271e-03 1.0790e-03 1.0134e-03 9.3484e-04 8.4743e-04 7.5518e-04 6.6169e-04 5.7007e-04 4.8288e-04 4.0208e-04 3.2903e-04 2.6452e-04 2.0883e-04 1.6182e-04 1.2300e-04 9.1663e-05 6.6918e-05 4.7821e-05 3.3423e-05 2.2825e-05 1.5215e-05 9.8877e-06 6.2568e-06 3.8499e-06 2.2999e-06 1.3318e-06 7.4612e-07 4.0361e-07 2.1034e-07 1.0534e-07 5.0560e-08 2.3182e-08 1.0118e-08 4.1861e-09 1.6338e-09 5.9803e-10 2.0379e-10 6.4039e-11 1.8310e-11 4.6659e-12 1.0210e-12 1.7592e-13 1.6787e-14 -2.8269e-15 -2.0680e-15 -6.8273e-16 -1.6671e-16 -3.2890e-17 -5.3803e-18 -7.3389e-19 -8.3159e-20 -7.7556e-21 -5.8745e-22 -3.5538e-23 -1.6828e-24 -6.0911e-26 -1.6397e-27 -3.1798e-29 -4.2821e-31 -3.8374e-33 -2.1783e-35 -7.3959e-38 -1.4047e-40 -1.3799e-43 -6.3923e-47 -1.2519e-50 -9.1007e-55 -2.1018e-59 -1.2783e-64 -1.6304e-70 -3.3013e-77 -7.5274e-85 -1.2606e-93 -9.0603e-104 -1.4122e-115 -1.9840e-129 -7.9996e-146 -2.0372e-165 -4.2778e-189 -4.5485e-218 -4.9297e-254 -2.0101e-299 0.0000e+00 0.0000e+00 0.0000e+00 0.0000e+00 0.0000e+00 0.0000e+00 0.0000e+00 0.0000e+00 0.0000e+00 0.0000e+00 0.0000e+00
-5.9650e-04 -8.3538e-04 -1.0065e-03 -1.1356e-03 -1.2319e-03 1.0439e-02 -1.3419e-03 -1.3602e-03 -1.3563e-03 -1.3322e-03 -1.2897e-03 -1.2311e-03 -1.1590e-03 -1.0759e-03 -9.8475e-04 -8.8847e-04 -7.8992e-04 -6.9178e-04 -5.9650e-04 -5.0615e-04 -4.2243e-04 -3.4654e-04 -2.7926e-04 -2.2091e-04 -1.7141e-04 -1.3035e-04 -9.7070e-05 -7.0715e-05 -5.0346e-05 -3.4992e-05 -2.3714e-05 -1.5650e-05 -1.0044e-05 -6.2590e-06 -3.7813e-06 -2.2108e-06 -1.2485e-06 -6.7968e-07 -3.5587e-07 -1.7878e-07 -8.5950e-08 -3.9429e-08 -1.7206e-08 -7.1180e-09 -2.7812e-09 -1.0222e-09 -3.5181e-10 -1.1283e-10 -3.3542e-11 -9.1870e-12 -2.3033e-12 -5.2480e-13 -1.0780e-13 -1.9786e-14 -3.2132e-15 -4.5665e-16 -5.6101e-17 -5.8768e-18 -5.1689e-19 -3.7518e-20 -2.2037e-21 -1.0247e-22 -3.6780e-24 -9.9057e-26 -1.9375e-27 -2.6515e-29 -2.4321e-31 -1.4230e-33 -5.0139e-36 -9.9500e-39 -1.0283e-41 -5.0470e-45 -1.0549e-48 -8.2474e-53 -2.0652e-57 -1.3738e-62 -1.9345e-68 -4.3694e-75 -1.1240e-82 -2.1503e-91 -1.7909e-101 -3.2866e-113 -5.5370e-127 -2.7345e-143 -8.7433e-163 -2.3734e-186 -3.3789e-215 -5.1163e-251 -3.0719e-296 0.0000e+00 0.0000e+00 0.0000e+00 0.0000e+00 0.0000e+00 0.0000e+00 0.0000e+00 0.0000e+00 0.0000e+00 0.0000e+00 0.0000e+00 5.9492e-04 8.2660e-04 9.8295e-04 1.0890e-03 1.1543e-03 0.0000e+00 1.1836e-03 1.1564e-03 1.1068e-03 1.0395e-03 9.5866e-04 8.6880e-04 7.7396e-04 6.7785e-04 5.8367e-04 4.9406e-04 4.1103e-04 3.3600e-04 2.6976e-04 2.1263e-04 1.6445e-04 1.2472e-04 9.2683e-05 6.7438e-05 4.8003e-05 3.3392e-05 2.2676e-05 1.5014e-05 9.6790e-06 6.0662e-06 3.6898e-06 2.1738e-06 1.2378e-06 6.7936e-07 3.5834e-07 1.8099e-07 8.7142e-08 3.9767e-08 1.7069e-08 6.8153e-09 2.4875e-09 8.0394e-10 2.1389e-10 3.5825e-11 -5.1023e-12 -8.3824e-12 -4.9577e-12 -2.2042e-12 -8.2353e-13 -2.6796e-13 -7.6935e-14 -1.9562e-14 -4.3988e-15 -8.7081e-16 -1.5073e-16 -2.2611e-17 -2.9085e-18 -3.1680e-19 -2.8801e-20 -2.1495e-21 -1.2923e-22 -6.1245e-24 -2.2324e-25 -6.0844e-27 -1.2005e-28 -1.6525e-30 -1.5203e-32 -8.8983e-35 -3.1286e-37 -6.1805e-40 -6.3432e-43 -3.0846e-46 -6.3734e-50 -4.9145e-54 -1.2109e-58 -7.9077e-64 -1.0906e-69 -2.4065e-76 -6.0322e-84 -1.1216e-92 -9.0520e-103 -1.6050e-114 -2.6039e-128 -1.2340e-144 -3.7714e-164 -9.7437e-188 -1.3139e-216 -1.8741e-252 -1.0534e-297 0.0000e+00 0.0000e+00 0.0000e+00 0.0000e+00 0.0000e+00 0.0000e+00 0.0000e+00 0.0000e+00 0.0000e+00 0.0000e+00 0.0000e+00
-5.9676e-04 -8.3815e-04 -1.0146e-03 -1.1521e-03 -1.2598e-03 -1.3419e-03 1.4209e-02 -1.4362e-03 -1.4504e-03 -1.4438e-03 -1.4174e-03 -1.3727e-03 -1.3114e-03 -1.2357e-03 -1.1483e-03 -1.0518e-03 -9.4951e-04 -8.4429e-04 -7.3914e-04 -6.3677e-04 -5.3954e-04 -4.4935e-04 -3.6760e-04 -2.9520e-04 -2.3253e-04 -1.7952e-04 -1.3572e-04 -1.0038e-04 -7.2566e-05 -5.1216e-05 -3.5251e-05 -2.3631e-05 -1.5407e-05 -9.7566e-06 -5.9909e-06 -3.5609e-06 -2.0450e-06 -1.1324e-06 -6.0334e-07 -3.0853e-07 -1.5104e-07 -7.0583e-08 -3.1390e-08 -1.3240e-08 -5.2774e-09 -1.9797e-09 -6.9582e-10 -2.2804e-10 -6.9313e-11 -1.9425e-11 -4.9866e-12 -1.1643e-12 -2.4526e-13 -4.6208e-14 -7.7100e-15 -1.1269e-15 -1.4254e-16 -1.5391e-17 -1.3972e-18 -1.0480e-19 -6.3708e-21 -3.0705e-22 -1.1443e-23 -3.2058e-25 -6.5351e-27 -9.3409e-29 -8.9698e-31 -5.5082e-33 -2.0427e-35 -4.2796e-38 -4.6851e-41 -2.4449e-44 -5.4558e-48 -4.5750e-52 -1.2350e-56 -8.9075e-62 -1.3689e-67 -3.3987e-74 -9.6905e-82 -2.0746e-90 -1.9546e-100 -4.1097e-112 -8.0500e-126 -4.7033e-142 -1.8162e-161 -6.1033e-185 -1.1085e-213 -2.2219e-249 -1.8496e-294 0.0000e+00 0.0000e+00 0.0000e+00 0.0000e+00 0.0000e+00 0.0000e+00 0.0000e+00 0.0000e+00 0.0000e+00 0.0000e+00 0.0000e+00 5.9461e-04 8.2618e-04 9.8244e-04 1.0884e-03 1.1536e-03 1.1836e-03 0.0000e+00 1.1555e-03 1.1058e-03 1.0382e-03 9.5721e-04 8.6711e-04 7.7201e-04 6.7563e-04 5.8121e-04 4.9138e-04 4.0819e-04 3.3305e-04 2.6679e-04 2.0970e-04 1.6162e-04 1.2206e-04 9.0245e-05 6.5259e-05 4.6103e-05 3.1778e-05 2.1340e-05 1.3937e-05 8.8347e-06 5.4225e-06 3.2130e-06 1.8311e-06 9.9899e-07 5.1830e-07 2.5331e-07 1.1488e-07 4.7037e-08 1.6369e-08 3.9657e-09 -2.1191e-10 -1.1126e-09 -9.5310e-10 -6.0060e-10 -3.2161e-10 -1.5306e-10 -6.5923e-11 -2.5891e-11 -9.2935e-12 -3.0469e-12 -9.0989e-13 -2.4646e-13 -6.0222e-14 -1.3186e-14 -2.5668e-15 -4.4025e-16 -6.5850e-17 -8.4894e-18 -9.3094e-19 -8.5543e-20 -6.4760e-21 -3.9624e-22 -1.9173e-23 -7.1567e-25 -2.0035e-26 -4.0728e-28 -5.7932e-30 -5.5252e-32 -3.3633e-34 -1.2341e-36 -2.5534e-39 -2.7556e-42 -1.4149e-45 -3.1008e-49 -2.5488e-53 -6.7314e-58 -4.7401e-63 -7.0974e-69 -1.7131e-75 -4.7378e-83 -9.8141e-92 -8.9231e-102 -1.8054e-113 -3.3927e-127 -1.8953e-143 -6.9713e-163 -2.2224e-186 -3.8110e-215 -7.1745e-251 -5.5750e-296 0.0000e+00 0.0000e+00 0.0000e+00 0.0000e+00 0.0000e+00 0.0000e+00 0.0000e+00 0.0000e+00 0.0000e+00 0.0000e+00 0.0000e+00
-5.8374e-04 -8.2257e-04 -1.0011e-03 -1.1452e-03 -1.2636e-03 -1.3602e-03 -1.4362e-03 1.8560e-02 -1.5273e-03 -1.5420e-03 -1.5360e-03 -1.5097e-03 -1.4640e-03 -1.4004e-03 -1.3210e-03 -1.2283e-03 -1.1254e-03 -1.0157e-03 -9.0241e-04 -7.8892e-04 -6.7830e-04 -5.7321e-04 -4.7581e-04 -3.8770e-04 -3.0987e-04 -2.4275e-04 -1.8624e-04 -1.3980e-04 -1.0258e-04 -7.3501e-05 -5.1364e-05 -3.4967e-05 -2.3158e-05 -1.4899e-05 -9.2971e-06 -5.6174e-06 -3.2803e-06 -1.8477e-06 -1.0016e-06 -5.2137e-07 -2.5990e-07 -1.2373e-07 -5.6084e-08 -2.4122e-08 -9.8087e-09 -3.7558e-09 -1.3483e-09 -4.5157e-10 -1.4036e-10 -4.0253e-11 -1.0582e-11 -2.5322e-12 -5.4717e-13 -1.0584e-13 -1.8147e-14 -2.7286e-15 -3.5542e-16 -3.9567e-17 -3.7077e-18 -2.8748e-19 -1.8091e-20 -9.0399e-22 -3.4990e-23 -1.0199e-24 -2.1674e-26 -3.2367e-28 -3.2549e-30 -2.0985e-32 -8.1937e-35 -1.8130e-37 -2.1032e-40 -1.1674e-43 -2.7825e-47 -2.5036e-51 -7.2894e-56 -5.7031e-61 -9.5691e-67 -2.6131e-73 -8.2632e-81 -1.9807e-89 -2.1125e-99 -5.0924e-111 -1.1607e-124 -8.0292e-141 -3.7477e-160 -1.5607e-183 -3.6198e-212 -9.6170e-248 -1.1115e-292 0.0000e+00 0.0000e+00 0.0000e+00 0.0000e+00 0.0000e+00 0.0000e+00 0.0000e+00 0.0000e+00 0.0000e+00 0.0000e+00 0.0000e+00 5.8099e-04 8.0724e-04 9.5992e-04 1.0635e-03 1.1271e-03 1.1564e-03 1.1555e-03 0.0000e+00 1.0797e-03 1.0134e-03 9.3382e-04 8.4533e-04 7.5193e-04 6.5728e-04 5.6455e-04 4.7637e-04 3.9475e-04 3.2110e-04 2.5623e-04 2.0043e-04 1.5357e-04 1.1513e-04 8.4356e-05 6.0316e-05 4.2014e-05 2.8452e-05 1.8682e-05 1.1855e-05 7.2387e-06 4.2267e-06 2.3389e-06 1.2088e-06 5.6803e-07 2.2859e-07 6.4571e-08 -4.0695e-09 -2.5331e-08 -2.6051e-08 -1.9935e-08 -1.3126e-08 -7.7864e-09 -4.2425e-09 -2.1422e-09 -1.0062e-09 -4.4013e-10 -1.7912e-10 -6.7686e-11 -2.3673e-11 -7.6320e-12 -2.2572e-12 -6.0894e-13 -1.4888e-13 -3.2742e-14 -6.4239e-15 -1.1138e-15 -1.6887e-16 -2.2125e-17 -2.4715e-18 -2.3189e-19 -1.7965e-20 -1.1274e-21 -5.6081e-23 -2.1570e-24 -6.2369e-26 -1.3128e-27 -1.9385e-29 -1.9246e-31 -1.2232e-33 -4.7005e-36 -1.0220e-38 -1.1633e-41 -6.3254e-45 -1.4744e-48 -1.2953e-52 -3.6756e-57 -2.7977e-62 -4.5580e-68 -1.2061e-74 -3.6880e-82 -8.5284e-91 -8.7530e-101 -2.0249e-112 -4.4161e-126 -2.9137e-142 -1.2924e-161 -5.0939e-185 -1.1131e-213 -2.7717e-249 -2.9841e-294 0.0000e+00 0.0000e+00 0.0000e+00 0.0000e+00 0.0000e+00 0.0000e+00 0.0000e+00 0.0000e+00 0.0000e+00 0.0000e+00 0.0000e+00
-5.5955e-04 -7.9145e-04 -9.6913e-04 -1.1177e-03 -1.2457e-03 -1.3563e-03 -1.4504e-03 -1.5273e-03 2.3493e-02 -1.6246e-03 -1.6424e-03 -1.6386e-03 -1.6129e-03 -1.5659e-03 -1.4990e-03 -1.4145e-03 -1.3150e-03 -1.2040e-03 -1.0851e-03 -9.6230e-04 -8.3921e-04 -7.1931e-04 -6.0562e-04 -5.0054e-04 -4.0582e-04 -3.2251e-04 -2.5103e-04 -1.9121e-04 -1.4239e-04 -1.0355e-04 -7.3469e-05 -5.0788e-05 -3.4163e-05 -2.2330e-05 -1.4160e-05 -8.6972e-06 -5.1645e-06 -2.9590e-06 -1.6323e-06 -8.6490e-07 -4.3908e-07 -2.1297e-07 -9.8396e-08 -4.3158e-08 -1.7906e-08 -6.9996e-09 -2.5667e-09 -8.7867e-10 -2.7934e-10 -8.1993e-11 -2.2079e-11 -5.4156e-12 -1.2006e-12 -2.3845e-13 -4.2025e-14 -6.5012e-15 -8.7225e-16 -1.0014e-16 -9.6886e-18 -7.7671e-19 -5.0610e-20 -2.6227e-21 -1.0546e-22 -3.1989e-24 -7.0895e-26 -1.1064e-27 -1.1656e-29 -7.8922e-32 -3.2455e-34 -7.5866e-37 -9.3299e-40 -5.5105e-43 -1.4034e-46 -1.3555e-50 -4.2584e-55 -3.6158e-60 -6.6273e-66 -1.9915e-72 -6.9885e-80 -1.8768e-88 -2.2674e-98 -6.2706e-110 -1.6643e-123 -1.3643e-139 -7.7047e-159 -3.9799e-182 -1.1802e-210 -4.1613e-246 -6.6870e-291 0.0000e+00 0.0000e+00 0.0000e+00 0.0000e+00 0.0000e+00 0.0000e+00 0.0000e+00 0.0000e+00 0.0000e+00 0.0000e+00 0.0000e+00 5.5621e-04 7.7281e-04 9.1897e-04 1.0181e-03 1.0790e-03 1.1068e-03 1.1058e-03 1.0797e-03 0.0000e+00 9.6864e-04 8.9192e-04 8.0656e-04 7.1645e-04 6.2512e-04 5.3566e-04 4.5063e-04 3.7198e-04 3.0109e-04 2.3877e-04 1.8532e-04 1.4058e-04 1.0407e-04 7.5029e-05 5.2542e-05 3.5619e-05 2.3267e-05 1.4547e-05 8.6164e-06 4.7516e-06 2.3577e-06 9.6672e-07 2.2626e-07 -1.1687e-07 -2.3539e-07 -2.4033e-07 -1.9805e-07 -1.4458e-07 -9.6727e-08 -6.0231e-08 -3.5172e-08 -1.9331e-08 -1.0012e-08 -4.8857e-09 -2.2433e-09 -9.6719e-10 -3.9045e-10 -1.4707e-10 -5.1483e-11 -1.6669e-11 -4.9655e-12 -1.3527e-12 -3.3471e-13 -7.4661e-14 -1.4886e-14 -2.6280e-15 -4.0644e-16 -5.4415e-17 -6.2228e-18 -5.9877e-19 -4.7663e-20 -3.0792e-21 -1.5798e-22 -6.2800e-24 -1.8808e-25 -4.1098e-27 -6.3155e-29 -6.5421e-31 -4.3502e-33 -1.7544e-35 -4.0165e-38 -4.8308e-41 -2.7865e-44 -6.9200e-48 -6.5077e-52 -1.9874e-56 -1.6375e-61 -2.9073e-67 -8.4464e-74 -2.8596e-81 -7.3929e-90 -8.5774e-100 -2.2721e-111 -5.7593e-125 -4.4948e-141 -2.4080e-160 -1.1753e-183 -3.2785e-212 -1.0817e-247 -1.6168e-292 0.0000e+00 0.0000e+00 0.0000e+00 0.0000e+00 0.0000e+00 0.0000e+00 0.0000e+00 0.0000e+00 0.0000e+00 0.0000e+00 0.0000e+00
-5.2638e-04 -7.4766e-04 -9.2172e-04 -1.0726e-03 -1.2085e-03 -1.3322e-03 -1.4438e-03 -1.5420e-03 -1.6246e-03 2.9009e-02 -1.7333e-03 -1.7552e-03 -1.7533e-03 -1.7273e-03 -1.6776e-03 -1.6058e-03 -1.5141e-03 -1.4059e-03 -1.2850e-03 -1.1555e-03 -1.0218e-03 -8.8813e-04 -7.5826e-04 -6.3554e-04 -5.2259e-04 -4.2126e-04 -3.3264e-04 -2.5708e-04 -1.9427e-04 -1.4340e-04 -1.0329e-04 -7.2506e-05 -4.9539e-05 -3.2898e-05 -2.1202e-05 -1.3239e-05 -7.9944e-06 -4.6596e-06 -2.6159e-06 -1.4112e-06 -7.2966e-07 -3.6062e-07 -1.6985e-07 -7.5985e-08 -3.2171e-08 -1.2841e-08 -4.8104e-09 -1.6834e-09 -5.4748e-10 -1.6450e-10 -4.5379e-11 -1.1412e-11 -2.5960e-12 -5.2955e-13 -9.5944e-14 -1.5275e-14 -2.1113e-15 -2.5001e-16 -2.4982e-17 -2.0711e-18 -1.3977e-19 -7.5134e-21 -3.1392e-22 -9.9133e-24 -2.2917e-25 -3.7389e-27 -4.1272e-29 -2.9359e-31 -1.2720e-33 -3.1424e-36 -4.0981e-39 -2.5765e-42 -7.0141e-46 -7.2756e-50 -2.4674e-54 -2.2748e-59 -4.5569e-65 -1.5077e-71 -5.8745e-79 -1.7686e-87 -2.4220e-97 -7.6902e-109 -2.3786e-122 -2.3126e-138 -1.5817e-157 -1.0145e-180 -3.8514e-209 -1.8046e-244 -4.0385e-289 0.0000e+00 0.0000e+00 0.0000e+00 0.0000e+00 0.0000e+00 0.0000e+00 0.0000e+00 0.0000e+00 0.0000e+00 0.0000e+00 0.0000e+00 5.2249e-04 7.2596e-04 8.6324e-04 9.5629e-04 1.0134e-03 1.0395e-03 1.0382e-03 1.0134e-03 9.6864e-04 0.0000e+00 8.3505e-04 7.5399e-04 6.6839e-04 5.8162e-04 4.9663e-04 4.1587e-04 3.4125e-04 2.7410e-04 2.1522e-04 1.6490e-04 1.2301e-04 8.9061e-05 6.2325e-05 4.1901e-05 2.6813e-05 1.6079e-05 8.7703e-06 4.0535e-06 1.2156e-06 -3.2583e-07 -1.0241e-06 -1.2150e-06 -1.1332e-06 -9.3226e-07 -7.0404e-07 -4.9693e-07 -3.3079e-07 -2.0864e-07 -1.2496e-07 -7.1118e-08 -3.8445e-08 -1.9718e-08 -9.5771e-09 -4.3950e-09 -1.9001e-09 -7.7134e-10 -2.9288e-10 -1.0356e-10 -3.3938e-11 -1.0250e-11 -2.8357e-12 -7.1373e-13 -1.6219e-13 -3.2993e-14 -5.9512e-15 -9.4182e-16 -1.2922e-16 -1.5168e-17 -1.5004e-18 -1.2299e-19 -8.1960e-21 -4.3455e-22 -1.7886e-23 -5.5578e-25 -1.2628e-26 -2.0225e-28 -2.1891e-30 -1.5252e-32 -6.4637e-35 -1.5601e-37 -1.9852e-40 -1.2162e-43 -3.2216e-47 -3.2470e-51 -1.0683e-55 -9.5402e-61 -1.8479e-66 -5.9008e-73 -2.2145e-80 -6.4080e-89 -8.4143e-99 -2.5553e-110 -7.5376e-124 -6.9676e-140 -4.5146e-159 -2.7328e-182 -9.7461e-211 -4.2682e-246 -8.8746e-291 0.0000e+00 0.0000e+00 0.0000e+00 0.0000e+00 0.0000e+00 0.0000e+00 0.0000e+00 0.0000e+00 0.0000e+00 0.0000e+00 0.0000e+00
-4.8641e-04 -6.9412e-04 -8.6209e-04 -1.0131e-03 -1.1548e-03 -1.2897e-03 -1.4174e-03 -1.5360e-03 -1.6424e-03 -1.7333e-03 3.5112e-02 -1.8550e-03 -1.8801e-03 -1.8790e-03 -1.8509e-03 -1.7966e-03 -1.7178e-03 -1.6172e-03 -1.4985e-03 -1.3661e-03 -1.2247e-03 -1.0792e-03 -9.3424e-04 -7.9402e-04 -6.6213e-04 -5.4137e-04 -4.3366e-04 -3.4005e-04 -2.6078e-04 -1.9539e-04 -1.4289e-04 -1.0186e-04 -7.0694e-05 -4.7702e-05 -3.1246e-05 -1.9837e-05 -1.2183e-05 -7.2248e-06 -4.1282e-06 -2.2675e-06 -1.1943e-06 -6.0155e-07 -2.8887e-07 -1.3183e-07 -5.6967e-08 -2.3219e-08 -8.8882e-09 -3.1804e-09 -1.0582e-09 -3.2555e-10 -9.2017e-11 -2.3729e-11 -5.5399e-12 -1.1609e-12 -2.1627e-13 -3.5441e-14 -5.0480e-15 -6.1668e-16 -6.3655e-17 -5.4591e-18 -3.8164e-19 -2.1287e-20 -9.2440e-22 -3.0398e-23 -7.3322e-25 -1.2509e-26 -1.4473e-28 -1.0820e-30 -4.9406e-33 -1.2904e-35 -1.7852e-38 -1.1952e-41 -3.4795e-45 -3.8777e-49 -1.4203e-53 -1.4225e-58 -3.1159e-64 -1.1357e-70 -4.9164e-78 -1.6604e-86 -2.5792e-96 -9.4096e-108 -3.3946e-121 -3.9182e-137 -3.2487e-156 -2.5907e-179 -1.2606e-207 -7.8615e-243 -2.4542e-287 0.0000e+00 0.0000e+00 0.0000e+00 0.0000e+00 0.0000e+00 0.0000e+00 0.0000e+00 0.0000e+00 0.0000e+00 0.0000e+00 0.0000e+00 4.8205e-04 6.6978e-04 7.9642e-04 8.8223e-04 9.3484e-04 9.5866e-04 9.5721e-04 9.3382e-04 8.9192e-04 8.3505e-04 0.0000e+00 6.9093e-04 6.1070e-04 5.2935e-04 4.4966e-04 3.7397e-04 3.0411e-04 2.4136e-04 1.8651e-04 1.3987e-04 1.0131e-04 7.0382e-05 4.6375e-05 2.8411e-05 1.5531e-05 6.7655e-06 1.1962e-06 -2.0033e-06 -3.5381e-06 -3.9809e-06 -3.7723e-06 -3.2319e-06 -2.5755e-06 -1.9354e-06 -1.3813e-06 -9.3996e-07 -6.1103e-07 -3.7968e-07 -2.2547e-07 -1.2784e-07 -6.9115e-08 -3.5559e-08 -1.7370e-08 -8.0340e-09 -3.5075e-09 -1.4403e-09 -5.5406e-10 -1.9878e-10 -6.6181e-11 -2.0335e-11 -5.7305e-12 -1.4711e-12 -3.4137e-13 -7.1006e-14 -1.3113e-14 -2.1276e-15 -2.9968e-16 -3.6163e-17 -3.6832e-18 -3.1134e-19 -2.1430e-20 -1.1757e-21 -5.0166e-23 -1.6192e-24 -3.8296e-26 -6.3995e-28 -7.2451e-30 -5.2940e-32 -2.3600e-34 -6.0108e-37 -8.0998e-40 -5.2753e-43 -1.4919e-46 -1.6130e-50 -5.7233e-55 -5.5442e-60 -1.1726e-65 -4.1198e-72 -1.7155e-79 -5.5618e-88 -8.2743e-98 -2.8838e-109 -9.9111e-123 -1.0864e-138 -8.5254e-158 -6.4091e-181 -2.9270e-209 -1.7045e-244 -4.9394e-289 0.0000e+00 0.0000e+00 0.0000e+00 0.0000e+00 0.0000e+00 0.0000e+00 0.0000e+00 0.0000e+00 0.0000e+00 0.0000e+00 0.0000e+00
-4.4181e-04 -6.3369e-04 -7.9342e-04 -9.4225e-04 -1.0874e-03 -1.2311e-03 -1.3727e-03 -1.5097e-03 -1.6386e-03 -1.7552e-03 -1.8550e-03 4.1803e-02 -1.9883e-03 -2.0152e-03 -2.0128e-03 -1.9808e-03 -1.9199e-03 -1.8322e-03 -1.7209e-03 -1.5903e-03 -1.4453e-03 -1.2911e-03 -1.1332e-03 -9.7660e-04 -8.2590e-04 -6.8493e-04 -5.5660e-04 -4.4285e-04 -3.4467e-04 -2.6216e-04 -1.9466e-04 -1.4093e-04 -9.9369e-05 -6.8137e-05 -4.5369e-05 -2.9287e-05 -1.8297e-05 -1.1041e-05 -6.4219e-06 -3.5922e-06 -1.9276e-06 -9.8956e-07 -4.8458e-07 -2.2562e-07 -9.9523e-08 -4.1432e-08 -1.6208e-08 -5.9309e-09 -2.0194e-09 -6.3619e-10 -1.8428e-10 -4.8741e-11 -1.1681e-11 -2.5150e-12 -4.8188e-13 -8.1298e-14 -1.1935e-14 -1.5046e-15 -1.6047e-16 -1.4239e-17 -1.0315e-18 -5.9710e-20 -2.6958e-21 -9.2336e-23 -2.3246e-24 -4.1483e-26 -5.0327e-28 -3.9553e-30 -1.9041e-32 -5.2595e-35 -7.7223e-38 -5.5079e-41 -1.7154e-44 -2.0549e-48 -8.1325e-53 -8.8528e-58 -2.1217e-63 -8.5247e-70 -4.1024e-77 -1.5553e-85 -2.7425e-95 -1.1506e-106 -4.8457e-120 -6.6465e-136 -6.6883e-155 -6.6390e-178 -4.1468e-206 -3.4474e-241 -1.5041e-285 0.0000e+00 0.0000e+00 0.0000e+00 0.0000e+00 0.0000e+00 0.0000e+00 0.0000e+00 0.0000e+00 0.0000e+00 0.0000e+00 0.0000e+00 4.3708e-04 6.0729e-04 7.2211e-04 7.9985e-04 8.4743e-04 8.6880e-04 8.6711e-04 8.4533e-04 8.0656e-04 7.5399e-04 6.9093e-04 0.0000e+00 5.4635e-04 4.7094e-04 3.9704e-04 3.2687e-04 2.6217e-04 2.0418e-04 1.5369e-04 1.1102e-04 7.6066e-05 4.8421e-05 2.7402e-05 1.2162e-05 1.7612e-06 -4.7581e-06 -8.3091e-06 -9.7154e-06 -9.6809e-06 -8.7751e-06 -7.4318e-06 -5.9589e-06 -4.5558e-06 -3.3342e-06 -2.3407e-06 -1.5777e-06 -1.0210e-06 -6.3408e-07 -3.7749e-07 -2.1512e-07 -1.1714e-07 -6.0810e-08 -3.0021e-08 -1.4054e-08 -6.2186e-09 -2.5912e-09 -1.0127e-09 -3.6955e-10 -1.2528e-10 -3.9240e-11 -1.1285e-11 -2.9596e-12 -7.0245e-13 -1.4962e-13 -2.8327e-14 -4.7177e-15 -6.8299e-16 -8.4825e-17 -8.9044e-18 -7.7695e-19 -5.5294e-20 -3.1417e-21 -1.3909e-22 -4.6673e-24 -1.1501e-25 -2.0068e-27 -2.3783e-29 -1.8240e-31 -8.5598e-34 -2.3024e-36 -3.2881e-39 -2.2784e-42 -6.8849e-46 -7.9913e-50 -3.0602e-54 -3.2183e-59 -7.4394e-65 -2.8780e-71 -1.3310e-78 -4.8392e-87 -8.1645e-97 -3.2692e-108 -1.3105e-121 -1.7057e-137 -1.6231e-156 -1.5176e-179 -8.8894e-208 -6.8954e-243 -2.7907e-287 0.0000e+00 0.0000e+00 0.0000e+00 0.0000e+00 0.0000e+00 0.0000e+00 0.0000e+00 0.0000e+00 0.0000e+00 0.0000e+00 0.0000e+00
-3.9458e-04 -5.6911e-04 -7.1880e-04 -8.6326e-04 -1.0093e-03 -1.1590e-03 -1.3114e-03 -1.4640e-03 -1.6129e-03 -1.7533e-03 -1.8801e-03 -1.9883e-03 4.9087e-02 -2.1303e-03 -2.1571e-03 -2.1518e-03 -2.1139e-03 -2.0447e-03 -1.9466e-03 -1.8233e-03 -1.6797e-03 -1.5212e-03 -1.3537e-03 -1.1830e-03 -1.0146e-03 -8.5352e-04 -7.0370e-04 -5.6816e-04 -4.4883e-04 -3.4658e-04 -2.6132e-04 -1.9218e-04 -1.3767e-04 -9.5942e-05 -6.4946e-05 -4.2637e-05 -2.7098e-05 -1.6641e-05 -9.8546e-06 -5.6144e-06 -3.0698e-06 -1.6065e-06 -8.0236e-07 -3.8120e-07 -1.7168e-07 -7.3009e-08 -2.9195e-08 -1.0926e-08 -3.8078e-09 -1.2287e-09 -3.6480e-10 -9.8982e-11 -2.4356e-11 -5.3891e-12 -1.0622e-12 -1.8453e-13 -2.7929e-14 -3.6340e-15 -4.0056e-16 -3.6785e-17 -2.7619e-18 -1.6598e-19 -7.7933e-21 -2.7812e-22 -7.3100e-24 -1.3649e-25 -1.7369e-27 -1.4355e-29 -7.2884e-32 -2.1300e-34 -3.3204e-37 -2.5241e-40 -8.4139e-44 -1.0839e-47 -4.6374e-52 -5.4899e-57 -1.4404e-62 -6.3834e-69 -3.4174e-76 -1.4555e-84 -2.9158e-94 -1.4079e-105 -6.9291e-119 -1.1306e-134 -1.3825e-153 -1.7105e-176 -1.3735e-204 -1.5249e-239 -9.3177e-284 0.0000e+00 0.0000e+00 0.0000e+00 0.0000e+00 0.0000e+00 0.0000e+00 0.0000e+00 0.0000e+00 0.0000e+00 0.0000e+00 0.0000e+00 3.8962e-04 5.4134e-04 6.4367e-04 7.1291e-04 7.5518e-04 7.7396e-04 7.7201e-04 7.5193e-04 7.1645e-04 6.6839e-04 6.1070e-04 5.4635e-04 0.0000e+00 4.0896e-04 3.4105e-04 2.7656e-04 2.1713e-04 1.6399e-04 1.1793e-04 7.9270e-05 4.7980e-05 2.3682e-05 5.7411e-06 -6.6567e-06 -1.4428e-05 -1.8518e-05 -1.9840e-05 -1.9222e-05 -1.7376e-05 -1.4879e-05 -1.2167e-05 -9.5458e-06 -7.2036e-06 -5.2357e-06 -3.6668e-06 -2.4740e-06 -1.6071e-06 -1.0041e-06 -6.0249e-07 -3.4663e-07 -1.9082e-07 -1.0028e-07 -5.0175e-08 -2.3832e-08 -1.0711e-08 -4.5377e-09 -1.8049e-09 -6.7096e-10 -2.3195e-10 -7.4156e-11 -2.1790e-11 -5.8451e-12 -1.4205e-12 -3.1012e-13 -6.0253e-14 -1.0310e-14 -1.5354e-15 -1.9642e-16 -2.1269e-17 -1.9171e-18 -1.4117e-19 -8.3130e-21 -3.8214e-22 -1.3340e-23 -3.4270e-25 -6.2485e-27 -7.7569e-29 -6.2486e-31 -3.0889e-33 -8.7805e-36 -1.3298e-38 -9.8104e-42 -3.1698e-45 -3.9526e-49 -1.6348e-53 -1.8680e-58 -4.7229e-64 -2.0136e-70 -1.0351e-77 -4.2243e-86 -8.0908e-96 -3.7259e-107 -1.7441e-120 -2.6985e-136 -3.1180e-155 -3.6315e-178 -2.7329e-206 -2.8291e-241 -1.6025e-285 0.0000e+00 0.0000e+00 0.0000e+00 0.0000e+00 0.0000e+00 0.0000e+00 0.0000e+00 0.0000e+00 0.0000e+00 0.0000e+00 0.0000e+00
-3.4659e-04 -5.0289e-04 -6.4113e-04 -7.7917e-04 -9.2345e-04 -1.0759e-03 -1.2357e-03 -1.4004e-03 -1.5659e-03 -1.7273e-03 -1.8790e-03 -2.0152e-03 -2.1303e-03 5.6970e-02 -2.2777e-03 -2.3028e-03 -2.2929e-03 -2.2477e-03 -2.1688e-03 -2.0591e-03 -1.9229e-03 -1.7655e-03 -1.5930e-03 -1.4117e-03 -1.2281e-03 -1.0480e-03 -8.7673e-04 -7.1839e-04 -5.7607e-04 -4.5166e-04 -3.4587e-04 -2.5839e-04 -1.8810e-04 -1.3324e-04 -9.1709e-05 -6.1238e-05 -3.9600e-05 -2.4753e-05 -1.4926e-05 -8.6622e-06 -4.8268e-06 -2.5755e-06 -1.3121e-06 -6.3622e-07 -2.9258e-07 -1.2713e-07 -5.1972e-08 -1.9899e-08 -7.0988e-09 -2.3466e-09 -7.1429e-10 -1.9886e-10 -5.0250e-11 -1.1429e-11 -2.3178e-12 -4.1475e-13 -6.4728e-14 -8.6953e-15 -9.9081e-16 -9.4192e-17 -7.3323e-18 -4.5758e-19 -2.2349e-20 -8.3126e-22 -2.2818e-23 -4.4596e-25 -5.9543e-27 -5.1772e-29 -2.7733e-31 -8.5787e-34 -1.4204e-36 -1.1513e-39 -4.1097e-43 -5.6963e-47 -2.6362e-51 -3.3958e-56 -9.7598e-62 -4.7741e-68 -2.8454e-75 -1.3625e-83 -3.1036e-93 -1.7265e-104 -9.9394e-118 -1.9316e-133 -2.8737e-152 -4.4383e-175 -4.5892e-203 -6.8169e-238 -5.8465e-282 0.0000e+00 0.0000e+00 0.0000e+00 0.0000e+00 0.0000e+00 0.0000e+00 0.0000e+00 0.0000e+00 0.0000e+00 0.0000e+00 0.0000e+00 3.4152e-04 4.7451e-04 5.6418e-04 6.2480e-04 6.6169e-04 6.7785e-04 6.7563e-04 6.5728e-04 6.2512e-04 5.8162e-04 5.2935e-04 4.7094e-04 4.0896e-04 0.0000e+00 2.8389e-04 2.2497e-04 1.7070e-04 1.2226e-04 8.0453e-05 4.5651e-05 1.7869e-05 -3.2081e-06 -1.8158e-05 -2.7751e-05 -3.2876e-05 -3.4465e-05 -3.3433e-05 -3.0623e-05 -2.6765e-05 -2.2456e-05 -1.8147e-05 -1.4154e-05 -1.0664e-05 -7.7641e-06 -5.4608e-06 -3.7080e-06 -2.4284e-06 -1.5318e-06 -9.2930e-07 -5.4117e-07 -3.0188e-07 -1.6092e-07 -8.1749e-08 -3.9461e-08 -1.8039e-08 -7.7803e-09 -3.1533e-09 -1.1955e-09 -4.2189e-10 -1.3781e-10 -4.1413e-11 -1.1372e-11 -2.8319e-12 -6.3420e-13 -1.2654e-13 -2.2261e-14 -3.4127e-15 -4.5001e-16 -5.0294e-17 -4.6861e-18 -3.5725e-19 -2.1817e-20 -1.0420e-21 -3.7865e-23 -1.0147e-24 -1.9343e-26 -2.5169e-28 -2.1307e-30 -1.1102e-32 -3.3372e-35 -5.3637e-38 -4.2153e-41 -1.4572e-44 -1.9536e-48 -8.7328e-53 -1.0850e-57 -3.0027e-63 -1.4120e-69 -8.0752e-77 -3.7027e-85 -8.0586e-95 -4.2727e-106 -2.3382e-119 -4.3061e-135 -6.0503e-154 -8.7911e-177 -8.5145e-205 -1.1787e-239 -9.3664e-284 0.0000e+00 0.0000e+00 0.0000e+00 0.0000e+00 0.0000e+00 0.0000e+00 0.0000e+00 0.0000e+00 0.0000e+00 0.0000e+00 0.0000e+00
-2.9942e-04 -4.3727e-04 -5.6304e-04 -6.9286e-04 -8.3277e-04 -9.8475e-04 -1.1483e-03 -1.3210e-03 -1.4990e-03 -1.6776e-03 -1.8509e-03 -2.0128e-03 -2.1571e-03 -2.2777e-03 6.5457e-02 -2.4277e-03 -2.4497e-03 -2.4339e-03 -2.3802e-03 -2.2907e-03 -2.1685e-03 -2.0187e-03 -1.8470e-03 -1.6601e-03 -1.4649e-03 -1.2683e-03 -1.0767e-03 -8.9547e-04 -7.2901e-04 -5.8042e-04 -4.5146e-04 -3.4268e-04 -2.5352e-04 -1.8257e-04 -1.2779e-04 -8.6803e-05 -5.7123e-05 -3.6350e-05 -2.2322e-05 -1.3198e-05 -7.4962e-06 -4.0788e-06 -2.1201e-06 -1.0493e-06 -4.9286e-07 -2.1885e-07 -9.1483e-08 -3.5838e-08 -1.3091e-08 -4.4339e-09 -1.3840e-09 -3.9544e-10 -1.0264e-10 -2.4001e-11 -5.0094e-12 -9.2352e-13 -1.4866e-13 -2.0623e-14 -2.4299e-15 -2.3920e-16 -1.9310e-17 -1.2518e-18 -6.3622e-20 -2.4671e-21 -7.0750e-23 -1.4478e-24 -2.0290e-26 -1.8567e-28 -1.0498e-30 -3.4387e-33 -6.0502e-36 -5.2314e-39 -2.0007e-42 -2.9853e-46 -1.4953e-50 -2.0972e-55 -6.6073e-61 -3.5699e-67 -2.3706e-74 -1.2773e-82 -3.3113e-92 -2.1243e-103 -1.4322e-116 -3.3191e-132 -6.0164e-151 -1.1617e-173 -1.5496e-201 -3.0860e-236 -3.7237e-280 0.0000e+00 0.0000e+00 0.0000e+00 0.0000e+00 0.0000e+00 0.0000e+00 0.0000e+00 0.0000e+00 0.0000e+00 0.0000e+00 0.0000e+00 2.9438e-04 4.0900e-04 4.8627e-04 5.3845e-04 5.7007e-04 5.8367e-04 5.8121e-04 5.6455e-04 5.3566e-04 4.9663e-04 4.4966e-04 3.9704e-04 3.4105e-04 2.8389e-04 0.0000e+00 1.7397e-04 1.2454e-04 8.0464e-05 4.2559e-05 1.1260e-05 -1.3351e-05 -3.1510e-05 -4.3725e-05 -5.0710e-05 -5.3314e-05 -5.2455e-05 -4.9051e-05 -4.3964e-05 -3.7953e-05 -3.1649e-05 -2.5535e-05 -1.9950e-05 -1.5095e-05 -1.1060e-05 -7.8418e-06 -5.3756e-06 -3.5586e-06 -2.2716e-06 -1.3960e-06 -8.2430e-07 -4.6665e-07 -2.5266e-07 -1.3048e-07 -6.4081e-08 -2.9827e-08 -1.3110e-08 -5.4189e-09 -2.0970e-09 -7.5599e-10 -2.5249e-10 -7.7653e-11 -2.1843e-11 -5.5775e-12 -1.2821e-12 -2.6286e-13 -4.7571e-14 -7.5116e-15 -1.0215e-15 -1.1791e-16 -1.1362e-17 -8.9726e-19 -5.6857e-20 -2.8227e-21 -1.0683e-22 -2.9881e-24 -5.9589e-26 -8.1311e-28 -7.2385e-30 -3.9778e-32 -1.2651e-34 -2.1590e-37 -1.8088e-40 -6.6945e-44 -9.6550e-48 -4.6681e-52 -6.3106e-57 -1.9133e-62 -9.9318e-69 -6.3246e-76 -3.2614e-84 -8.0740e-94 -4.9342e-105 -3.1605e-118 -6.9374e-134 -1.1870e-152 -2.1553e-175 -2.6917e-203 -4.9936e-238 -5.5802e-282 0.0000e+00 0.0000e+00 0.0000e+00 0.0000e+00 0.0000e+00 0.0000e+00 0.0000e+00 0.0000e+00 0.0000e+00 0.0000e+00 0.0000e+00
-2.5440e-04 -3.7410e-04 -4.8681e-04 -6.0691e-04 -7.4010e-04 -8.8847e-04 -1.0518e-03 -1.2283e-03 -1.4145e-03 -1.6058e-03 -1.7966e-03 -1.9808e-03 -2.1518e-03 -2.3028e-03 -2.4277e-03 7.4558e-02 -2.5781e-03 -2.5960e-03 -2.5733e-03 -2.5104e-03 -2.4095e-03 -2.2743e-03 -2.1103e-03 -1.9238e-03 -1.7223e-03 -1.5131e-03 -1.3036e-03 -1.1006e-03 -9.0979e-04 -7.3566e-04 -5.8129e-04 -4.4836e-04 -3.3717e-04 -2.4688e-04 -1.7575e-04 -1.2147e-04 -8.1356e-05 -5.2711e-05 -3.2971e-05 -1.9866e-05 -1.1502e-05 -6.3835e-06 -3.3857e-06 -1.7109e-06 -8.2089e-07 -3.7256e-07 -1.5928e-07 -6.3859e-08 -2.3889e-08 -8.2923e-09 -2.6548e-09 -7.7863e-10 -2.0764e-10 -4.9933e-11 -1.0728e-11 -2.0382e-12 -3.3849e-13 -4.8506e-14 -5.9115e-15 -6.0275e-16 -5.0478e-17 -3.4001e-18 -1.7988e-19 -7.2747e-21 -2.1803e-22 -4.6735e-24 -6.8773e-26 -6.6261e-28 -3.9562e-30 -1.3728e-32 -2.5679e-35 -2.3698e-38 -9.7157e-42 -1.5616e-45 -8.4707e-50 -1.2944e-54 -4.4733e-60 -2.6717e-66 -1.9783e-73 -1.2005e-81 -3.5456e-91 -2.6259e-102 -2.0759e-115 -5.7445e-131 -1.2706e-149 -3.0725e-172 -5.2970e-200 -1.4175e-234 -2.4125e-278 0.0000e+00 0.0000e+00 0.0000e+00 0.0000e+00 0.0000e+00 0.0000e+00 0.0000e+00 0.0000e+00 0.0000e+00 0.0000e+00 0.0000e+00 2.4951e-04 3.4666e-04 4.1212e-04 4.5626e-04 4.8288e-04 4.9406e-04 4.9138e-04 4.7637e-04 4.5063e-04 4.1587e-04 3.7397e-04 3.2687e-04 2.7656e-04 2.2497e-04 1.7397e-04 0.0000e+00 8.0189e-05 4.0004e-05 5.5160e-06 -2.2773e-05 -4.4693e-05 -6.0388e-05 -7.0277e-05 -7.5000e-05 -7.5357e-05 -7.2238e-05 -6.6563e-05 -5.9215e-05 -5.0991e-05 -4.2568e-05 -3.4476e-05 -2.7097e-05 -2.0662e-05 -1.5278e-05 -1.0946e-05 -7.5905e-06 -5.0881e-06 -3.2919e-06 -2.0521e-06 -1.2301e-06 -7.0752e-07 -3.8949e-07 -2.0467e-07 -1.0235e-07 -4.8546e-08 -2.1759e-08 -9.1794e-09 -3.6283e-09 -1.3371e-09 -4.5689e-10 -1.4389e-10 -4.1483e-11 -1.0867e-11 -2.5655e-12 -5.4077e-13 -1.0073e-13 -1.6391e-14 -2.2999e-15 -2.7429e-16 -2.7350e-17 -2.2384e-18 -1.4725e-19 -7.6029e-21 -2.9986e-22 -8.7580e-24 -1.8280e-25 -2.6173e-27 -2.4514e-29 -1.4215e-31 -4.7863e-34 -8.6786e-37 -7.7554e-40 -3.0751e-43 -4.7745e-47 -2.4985e-51 -3.6781e-56 -1.2226e-61 -7.0119e-68 -4.9766e-75 -2.8889e-83 -8.1439e-93 -5.7431e-104 -4.3113e-117 -1.1295e-132 -2.3573e-151 -5.3582e-174 -8.6453e-202 -2.1542e-236 -3.3943e-280 0.0000e+00 0.0000e+00 0.0000e+00 0.0000e+00 0.0000e+00 0.0000e+00 0.0000e+00 0.0000e+00 0.0000e+00 0.0000e+00 0.0000e+00
