4.7193e-12 -7.0158e-12 -1.9364e-11 -3.9841e-11 -6.9802e-11 -1.1050e-10 -1.6314e-10 -2.2890e-10 -3.0898e-10 -4.0458e-10 -5.1696e-10 -6.4741e-10 -7.9731e-10 -9.6810e-10 -1.1613e-09 -1.3785e-09 -1.6215e-09 -1.8920e-09 -2.1921e-09 -2.5238e-09 -2.8893e-09 -3.2909e-09 -3.7310e-09 -4.2120e-09 -4.7366e-09 -5.3073e-09 -5.9267e-09 -6.5970e-09 -7.3206e-09 -8.0990e-09 -8.9335e-09 -9.8242e-09 -1.0770e-08 -1.1769e-08 -1.2816e-08 -1.3903e-08 -1.5019e-08 -1.6148e-08 -1.7269e-08 -1.8354e-08 -1.9368e-08 -2.0266e-08 -2.0998e-08 -2.1502e-08 -2.1714e-08 -2.1567e-08 -2.0998e-08 -1.9962e-08 -1.8440e-08 -1.6453e-08 -1.4078e-08 -1.1450e-08 -8.7554e-09 -6.2110e-09 -4.0204e-09 -2.3266e-09 -1.1734e-09 -4.9970e-10 -1.7269e-10 -4.6073e-11 -8.9118e-12 -1.1539e-12 -9.0357e-14 -3.7569e-15 -7.0152e-17 -4.7356e-19 -8.7104e-22 -3.0126e-25 -1.2000e-29 -2.8664e-35 -1.7100e-42 -7.7818e-52 -5.3425e-64 -5.9085e-80 -4.6439e-101 -3.1690e-129 -3.4630e-167 -6.6268e-219 -3.3283e-290 -0.0000e+00 -0.0000e+00 -0.0000e+00 -0.0000e+00 -0.0000e+00 -0.0000e+00 -0.0000e+00 -0.0000e+00 -0.0000e+00 -0.0000e+00 -0.0000e+00 -0.0000e+00 -0.0000e+00 -0.0000e+00 -0.0000e+00 -0.0000e+00 -0.0000e+00 -0.0000e+00 -0.0000e+00 -0.0000e+00 -0.0000e+00 0.0000e+00 -7.0158e-12 -1.9364e-11 -3.9841e-11 -6.9802e-11 -1.1050e-10 -1.6314e-10 -2.2890e-10 -3.0898e-10 -4.0458e-10 -5.1696e-10 -6.4741e-10 -7.9731e-10 -9.6810e-10 -1.1613e-09 -1.3785e-09 -1.6215e-09 -1.8920e-09 -2.1921e-09 -2.5238e-09 -2.8893e-09 -3.2909e-09 -3.7310e-09 -4.2120e-09 -4.7366e-09 -5.3073e-09 -5.9267e-09 -6.5970e-09 -7.3206e-09 -8.0990e-09 -8.9335e-09 -9.8242e-09 -1.0770e-08 -1.1769e-08 -1.2816e-08 -1.3903e-08 -1.5019e-08 -1.6148e-08 -1.7269e-08 -1.8354e-08 -1.9368e-08 -2.0266e-08 -2.0998e-08 -2.1502e-08 -2.1714e-08 -2.1567e-08 -2.0998e-08 -1.9962e-08 -1.8440e-08 -1.6453e-08 -1.4078e-08 -1.1450e-08 -8.7554e-09 -6.2110e-09 -4.0204e-09 -2.3266e-09 -1.1734e-09 -4.9970e-10 -1.7269e-10 -4.6073e-11 -8.9118e-12 -1.1539e-12 -9.0357e-14 -3.7569e-15 -7.0152e-17 -4.7356e-19 -8.7104e-22 -3.0126e-25 -1.2000e-29 -2.8664e-35 -1.7100e-42 -7.7818e-52 -5.3425e-64 -5.9085e-80 -4.6439e-101 -3.1690e-129 -3.4630e-167 -6.6268e-219 -3.3283e-290 -0.0000e+00 -0.0000e+00 -0.0000e+00 -0.0000e+00 -0.0000e+00 -0.0000e+00 -0.0000e+00 -0.0000e+00 -0.0000e+00 -0.0000e+00 -0.0000e+00 -0.0000e+00 -0.0000e+00 -0.0000e+00 -0.0000e+00 -0.0000e+00 -0.0000e+00 -0.0000e+00 -0.0000e+00 -0.0000e+00 -0.0000e+00
-7.0158e-12 1.6063e-09 -1.0965e-10 -2.2559e-10 -3.9524e-10 -6.2570e-10 -9.2376e-10 -1.2961e-09 -1.7496e-09 -2.2909e-09 -2.9272e-09 -3.6659e-09 -4.5147e-09 -5.4817e-09 -6.5756e-09 -7.8056e-09 -9.1814e-09 -1.0713e-08 -1.2413e-08 -1.4291e-08 -1.6360e-08 -1.8634e-08 -2.1126e-08 -2.3850e-08 -2.6820e-08 -3.0052e-08 -3.3559e-08 -3.7355e-08 -4.1452e-08 -4.5859e-08 -5.0584e-08 -5.5628e-08 -6.0985e-08 -6.6640e-08 -7.2567e-08 -7.8721e-08 -8.5040e-08 -9.1433e-08 -9.7781e-08 -1.0393e-07 -1.0967e-07 -1.1475e-07 -1.1890e-07 -1.2175e-07 -1.2295e-07 -1.2212e-07 -1.1890e-07 -1.1303e-07 -1.0441e-07 -9.3164e-08 -7.9716e-08 -6.4833e-08 -4.9576e-08 -3.5169e-08 -2.2765e-08 -1.3174e-08 -6.6442e-09 -2.8295e-09 -9.7780e-10 -2.6088e-10 -5.0462e-11 -6.5339e-12 -5.1163e-13 -2.1273e-14 -3.9722e-16 -2.6814e-18 -4.9321e-21 -1.7058e-24 -6.7947e-29 -1.6231e-34 -9.6826e-42 -4.4063e-51 -3.0251e-63 -3.3456e-79 -2.6295e-100 -1.7944e-128 -1.9609e-166 -3.7523e-218 -1.8846e-289 -0.0000e+00 -0.0000e+00 -0.0000e+00 -0.0000e+00 -0.0000e+00 -0.0000e+00 -0.0000e+00 -0.0000e+00 -0.0000e+00 -0.0000e+00 -0.0000e+00 -0.0000e+00 -0.0000e+00 -0.0000e+00 -0.0000e+00 -0.0000e+00 -0.0000e+00 -0.0000e+00 -0.0000e+00 -0.0000e+00 -0.0000e+00 -7.0158e-12 0.0000e+00 -1.0965e-10 -2.2559e-10 -3.9524e-10 -6.2570e-10 -9.2376e-10 -1.2961e-09 -1.7496e-09 -2.2909e-09 -2.9272e-09 -3.6659e-09 -4.5147e-09 -5.4817e-09 -6.5756e-09 -7.8056e-09 -9.1814e-09 -1.0713e-08 -1.2413e-08 -1.4291e-08 -1.6360e-08 -1.8634e-08 -2.1126e-08 -2.3850e-08 -2.6820e-08 -3.0052e-08 -3.3559e-08 -3.7355e-08 -4.1452e-08 -4.5859e-08 -5.0584e-08 -5.5628e-08 -6.0985e-08 -6.6640e-08 -7.2567e-08 -7.8721e-08 -8.5040e-08 -9.1433e-08 -9.7781e-08 -1.0393e-07 -1.0967e-07 -1.1475e-07 -1.1890e-07 -1.2175e-07 -1.2295e-07 -1.2212e-07 -1.1890e-07 -1.1303e-07 -1.0441e-07 -9.3164e-08 -7.9716e-08 -6.4833e-08 -4.9576e-08 -3.5169e-08 -2.2765e-08 -1.3174e-08 -6.6442e-09 -2.8295e-09 -9.7780e-10 -2.6088e-10 -5.0462e-11 -6.5339e-12 -5.1163e-13 -2.1273e-14 -3.9722e-16 -2.6814e-18 -4.9321e-21 -1.7058e-24 -6.7947e-29 -1.6231e-34 -9.6826e-42 -4.4063e-51 -3.0251e-63 -3.3456e-79 -2.6295e-100 -1.7944e-128 -1.9609e-166 -3.7523e-218 -1.8846e-289 -0.0000e+00 -0.0000e+00 -0.0000e+00 -0.0000e+00 -0.0000e+00 -0.0000e+00 -0.0000e+00 -0.0000e+00 -0.0000e+00 -0.0000e+00 -0.0000e+00 -0.0000e+00 -0.0000e+00 -0.0000e+00 -0.0000e+00 -0.0000e+00 -0.0000e+00 -0.0000e+00 -0.0000e+00 -0.0000e+00 -0.0000e+00
-1.9364e-11 -1.0965e-10 3.4537e-09 -6.2267e-10 -1.0909e-09 -1.7270e-09 -2.5497e-09 -3.5775e-09 -4.8290e-09 -6.3231e-09 -8.0794e-09 -1.0118e-08 -1.2461e-08 -1.5130e-08 -1.8149e-08 -2.1544e-08 -2.5342e-08 -2.9570e-08 -3.4260e-08 -3.9444e-08 -4.5156e-08 -5.1432e-08 -5.8310e-08 -6.5829e-08 -7.4027e-08 -8.2947e-08 -9.2627e-08 -1.0310e-07 -1.1441e-07 -1.2658e-07 -1.3962e-07 -1.5354e-07 -1.6833e-07 -1.8393e-07 -2.0029e-07 -2.1728e-07 -2.3472e-07 -2.5237e-07 -2.6989e-07 -2.8685e-07 -3.0269e-07 -3.1674e-07 -3.2817e-07 -3.3605e-07 -3.3937e-07 -3.3706e-07 -3.2818e-07 -3.1199e-07 -2.8819e-07 -2.5714e-07 -2.2003e-07 -1.7895e-07 -1.3684e-07 -9.7070e-08 -6.2834e-08 -3.6361e-08 -1.8339e-08 -7.8096e-09 -2.6989e-09 -7.2007e-10 -1.3928e-10 -1.8034e-11 -1.4122e-12 -5.8716e-14 -1.0964e-15 -7.4011e-18 -1.3613e-20 -4.7082e-24 -1.8754e-28 -4.4799e-34 -2.6725e-41 -1.2162e-50 -8.3496e-63 -9.2342e-79 -7.2578e-100 -4.9528e-128 -5.4122e-166 -1.0357e-217 -5.2017e-289 -0.0000e+00 -0.0000e+00 -0.0000e+00 -0.0000e+00 -0.0000e+00 -0.0000e+00 -0.0000e+00 -0.0000e+00 -0.0000e+00 -0.0000e+00 -0.0000e+00 -0.0000e+00 -0.0000e+00 -0.0000e+00 -0.0000e+00 -0.0000e+00 -0.0000e+00 -0.0000e+00 -0.0000e+00 -0.0000e+00 -0.0000e+00 -1.9364e-11 -1.0965e-10 0.0000e+00 -6.2267e-10 -1.0909e-09 -1.7270e-09 -2.5497e-09 -3.5775e-09 -4.8290e-09 -6.3231e-09 -8.0794e-09 -1.0118e-08 -1.2461e-08 -1.5130e-08 -1.8149e-08 -2.1544e-08 -2.5342e-08 -2.9570e-08 -3.4260e-08 -3.9444e-08 -4.5156e-08 -5.1432e-08 -5.8310e-08 -6.5829e-08 -7.4027e-08 -8.2947e-08 -9.2627e-08 -1.0310e-07 -1.1441e-07 -1.2658e-07 -1.3962e-07 -1.5354e-07 -1.6833e-07 -1.8393e-07 -2.0029e-07 -2.1728e-07 -2.3472e-07 -2.5237e-07 -2.6989e-07 -2.8685e-07 -3.0269e-07 -3.1674e-07 -3.2817e-07 -3.3605e-07 -3.3937e-07 -3.3706e-07 -3.2818e-07 -3.1199e-07 -2.8819e-07 -2.5714e-07 -2.2003e-07 -1.7895e-07 -1.3684e-07 -9.7070e-08 -6.2834e-08 -3.6361e-08 -1.8339e-08 -7.8096e-09 -2.6989e-09 -7.2007e-10 -1.3928e-10 -1.8034e-11 -1.4122e-12 -5.8716e-14 -1.0964e-15 -7.4011e-18 -1.3613e-20 -4.7082e-24 -1.8754e-28 -4.4799e-34 -2.6725e-41 -1.2162e-50 -8.3496e-63 -9.2342e-79 -7.2578e-100 -4.9528e-128 -5.4122e-166 -1.0357e-217 -5.2017e-289 -0.0000e+00 -0.0000e+00 -0.0000e+00 -0.0000e+00 -0.0000e+00 -0.0000e+00 -0.0000e+00 -0.0000e+00 -0.0000e+00 -0.0000e+00 -0.0000e+00 -0.0000e+00 -0.0000e+00 -0.0000e+00 -0.0000e+00 -0.0000e+00 -0.0000e+00 -0.0000e+00 -0.0000e+00 -0.0000e+00 -0.0000e+00
-3.9841e-11 -2.2559e-10 -6.2267e-10 1.9614e-08 -2.2445e-09 -3.5532e-09 -5.2459e-09 -7.3605e-09 -9.9354e-09 -1.3009e-08 -1.6623e-08 -2.0818e-08 -2.5638e-08 -3.1129e-08 -3.7342e-08 -4.4326e-08 -5.2139e-08 -6.0839e-08 -7.0489e-08 -8.1155e-08 -9.2907e-08 -1.0582e-07 -1.1997e-07 -1.3544e-07 -1.5231e-07 -1.7066e-07 -1.9057e-07 -2.1213e-07 -2.3540e-07 -2.6043e-07 -2.8726e-07 -3.1590e-07 -3.4632e-07 -3.7844e-07 -4.1209e-07 -4.4704e-07 -4.8293e-07 -5.1923e-07 -5.5528e-07 -5.9017e-07 -6.2277e-07 -6.5167e-07 -6.7519e-07 -6.9141e-07 -6.9823e-07 -6.9349e-07 -6.7521e-07 -6.4190e-07 -5.9294e-07 -5.2906e-07 -4.5269e-07 -3.6817e-07 -2.8153e-07 -1.9972e-07 -1.2928e-07 -7.4811e-08 -3.7731e-08 -1.6068e-08 -5.5528e-09 -1.4815e-09 -2.8656e-10 -3.7105e-11 -2.9055e-12 -1.2080e-13 -2.2558e-15 -1.5227e-17 -2.8009e-20 -9.6870e-24 -3.8586e-28 -9.2171e-34 -5.4986e-41 -2.5023e-50 -1.7179e-62 -1.8999e-78 -1.4933e-99 -1.0190e-127 -1.1136e-165 -2.1310e-217 -1.0703e-288 -0.0000e+00 -0.0000e+00 -0.0000e+00 -0.0000e+00 -0.0000e+00 -0.0000e+00 -0.0000e+00 -0.0000e+00 -0.0000e+00 -0.0000e+00 -0.0000e+00 -0.0000e+00 -0.0000e+00 -0.0000e+00 -0.0000e+00 -0.0000e+00 -0.0000e+00 -0.0000e+00 -0.0000e+00 -0.0000e+00 -0.0000e+00 -3.9841e-11 -2.2559e-10 -6.2267e-10 0.0000e+00 -2.2445e-09 -3.5532e-09 -5.2459e-09 -7.3605e-09 -9.9354e-09 -1.3009e-08 -1.6623e-08 -2.0818e-08 -2.5638e-08 -3.1129e-08 -3.7342e-08 -4.4326e-08 -5.2139e-08 -6.0839e-08 -7.0489e-08 -8.1155e-08 -9.2907e-08 -1.0582e-07 -1.1997e-07 -1.3544e-07 -1.5231e-07 -1.7066e-07 -1.9057e-07 -2.1213e-07 -2.3540e-07 -2.6043e-07 -2.8726e-07 -3.1590e-07 -3.4632e-07 -3.7844e-07 -4.1209e-07 -4.4704e-07 -4.8293e-07 -5.1923e-07 -5.5528e-07 -5.9017e-07 -6.2277e-07 -6.5167e-07 -6.7519e-07 -6.9141e-07 -6.9823e-07 -6.9349e-07 -6.7521e-07 -6.4190e-07 -5.9294e-07 -5.2906e-07 -4.5269e-07 -3.6817e-07 -2.8153e-07 -1.9972e-07 -1.2928e-07 -7.4811e-08 -3.7731e-08 -1.6068e-08 -5.5528e-09 -1.4815e-09 -2.8656e-10 -3.7105e-11 -2.9055e-12 -1.2080e-13 -2.2558e-15 -1.5227e-17 -2.8009e-20 -9.6870e-24 -3.8586e-28 -9.2171e-34 -5.4986e-41 -2.5023e-50 -1.7179e-62 -1.8999e-78 -1.4933e-99 -1.0190e-127 -1.1135e-165 -2.1309e-217 -1.0702e-288 -0.0000e+00 -0.0000e+00 -0.0000e+00 -0.0000e+00 -0.0000e+00 -0.0000e+00 -0.0000e+00 -0.0000e+00 -0.0000e+00 -0.0000e+00 -0.0000e+00 -0.0000e+00 -0.0000e+00 -0.0000e+00 -0.0000e+00 -0.0000e+00 -0.0000e+00 -0.0000e+00 -0.0000e+00 -0.0000e+00 -0.0000e+00
-6.9802e-11 -3.9524e-10 -1.0909e-09 -2.2445e-09 7.5121e-08 -6.2253e-09 -9.1908e-09 -1.2896e-08 -1.7407e-08 -2.2793e-08 -2.9124e-08 -3.6473e-08 -4.4918e-08 -5.4539e-08 -6.5423e-08 -7.7661e-08 -9.1349e-08 -1.0659e-07 -1.2350e-07 -1.4218e-07 -1.6277e-07 -1.8540e-07 -2.1019e-07 -2.3729e-07 -2.6685e-07 -2.9900e-07 -3.3389e-07 -3.7166e-07 -4.1242e-07 -4.5627e-07 -5.0328e-07 -5.5346e-07 -6.0676e-07 -6.6303e-07 -7.2199e-07 -7.8323e-07 -8.4609e-07 -9.0971e-07 -9.7286e-07 -1.0340e-06 -1.0911e-06 -1.1417e-06 -1.1829e-06 -1.2114e-06 -1.2233e-06 -1.2150e-06 -1.1830e-06 -1.1246e-06 -1.0388e-06 -9.2692e-07 -7.9312e-07 -6.4505e-07 -4.9325e-07 -3.4990e-07 -2.2650e-07 -1.3107e-07 -6.6106e-08 -2.8151e-08 -9.7285e-09 -2.5956e-09 -5.0206e-10 -6.5008e-11 -5.0904e-12 -2.1165e-13 -3.9521e-15 -2.6679e-17 -4.9072e-20 -1.6972e-23 -6.7605e-28 -1.6149e-33 -9.6339e-41 -4.3842e-50 -3.0099e-62 -3.3289e-78 -2.6165e-99 -1.7855e-127 -1.9512e-165 -3.7341e-217 -1.8756e-288 -0.0000e+00 -0.0000e+00 -0.0000e+00 -0.0000e+00 -0.0000e+00 -0.0000e+00 -0.0000e+00 -0.0000e+00 -0.0000e+00 -0.0000e+00 -0.0000e+00 -0.0000e+00 -0.0000e+00 -0.0000e+00 -0.0000e+00 -0.0000e+00 -0.0000e+00 -0.0000e+00 -0.0000e+00 -0.0000e+00 -0.0000e+00 -6.9802e-11 -3.9524e-10 -1.0909e-09 -2.2445e-09 0.0000e+00 -6.2253e-09 -9.1908e-09 -1.2896e-08 -1.7407e-08 -2.2793e-08 -2.9124e-08 -3.6473e-08 -4.4918e-08 -5.4539e-08 -6.5423e-08 -7.7661e-08 -9.1349e-08 -1.0659e-07 -1.2350e-07 -1.4218e-07 -1.6277e-07 -1.8540e-07 -2.1019e-07 -2.3729e-07 -2.6685e-07 -2.9900e-07 -3.3389e-07 -3.7166e-07 -4.1242e-07 -4.5627e-07 -5.0328e-07 -5.5346e-07 -6.0676e-07 -6.6303e-07 -7.2199e-07 -7.8323e-07 -8.4609e-07 -9.0971e-07 -9.7286e-07 -1.0340e-06 -1.0911e-06 -1.1417e-06 -1.1829e-06 -1.2114e-06 -1.2233e-06 -1.2150e-06 -1.1830e-06 -1.1246e-06 -1.0388e-06 -9.2692e-07 -7.9312e-07 -6.4505e-07 -4.9325e-07 -3.4990e-07 -2.2650e-07 -1.3107e-07 -6.6106e-08 -2.8151e-08 -9.7285e-09 -2.5956e-09 -5.0206e-10 -6.5008e-11 -5.0904e-12 -2.1165e-13 -3.9521e-15 -2.6679e-17 -4.9072e-20 -1.6972e-23 -6.7604e-28 -1.6149e-33 -9.6337e-41 -4.3841e-50 -3.0098e-62 -3.3287e-78 -2.6163e-99 -1.7854e-127 -1.9510e-165 -3.7336e-217 -1.8752e-288 -0.0000e+00 -0.0000e+00 -0.0000e+00 -0.0000e+00 -0.0000e+00 -0.0000e+00 -0.0000e+00 -0.0000e+00 -0.0000e+00 -0.0000e+00 -0.0000e+00 -0.0000e+00 -0.0000e+00 -0.0000e+00 -0.0000e+00 -0.0000e+00 -0.0000e+00 -0.0000e+00 -0.0000e+00 -0.0000e+00 -0.0000e+00
-1.1050e-10 -6.2570e-10 -1.7270e-09 -3.5532e-09 -6.2253e-09 2.2551e-07 -1.4550e-08 -2.0415e-08 -2.7556e-08 -3.6083e-08 -4.6105e-08 -5.7739e-08 -7.1108e-08 -8.6339e-08 -1.0357e-07 -1.2294e-07 -1.4461e-07 -1.6874e-07 -1.9550e-07 -2.2509e-07 -2.5768e-07 -2.9350e-07 -3.3274e-07 -3.7565e-07 -4.2243e-07 -4.7333e-07 -5.2857e-07 -5.8835e-07 -6.5288e-07 -7.2230e-07 -7.9672e-07 -8.7616e-07 -9.6054e-07 -1.0496e-06 -1.1430e-06 -1.2399e-06 -1.3394e-06 -1.4401e-06 -1.5401e-06 -1.6369e-06 -1.7273e-06 -1.8074e-06 -1.8727e-06 -1.9177e-06 -1.9366e-06 -1.9234e-06 -1.8727e-06 -1.7803e-06 -1.6446e-06 -1.4674e-06 -1.2556e-06 -1.0212e-06 -7.8085e-07 -5.5392e-07 -3.5856e-07 -2.0749e-07 -1.0465e-07 -4.4566e-08 -1.5401e-08 -4.1091e-09 -7.9480e-10 -1.0291e-10 -8.0586e-12 -3.3506e-13 -6.2566e-15 -4.2235e-17 -7.7687e-20 -2.6869e-23 -1.0703e-27 -2.5566e-33 -1.5252e-40 -6.9412e-50 -4.7655e-62 -5.2706e-78 -4.1428e-99 -2.8273e-127 -3.0900e-165 -5.9139e-217 -2.9709e-288 -0.0000e+00 -0.0000e+00 -0.0000e+00 -0.0000e+00 -0.0000e+00 -0.0000e+00 -0.0000e+00 -0.0000e+00 -0.0000e+00 -0.0000e+00 -0.0000e+00 -0.0000e+00 -0.0000e+00 -0.0000e+00 -0.0000e+00 -0.0000e+00 -0.0000e+00 -0.0000e+00 -0.0000e+00 -0.0000e+00 -0.0000e+00 -1.1050e-10 -6.2570e-10 -1.7270e-09 -3.5532e-09 -6.2253e-09 0.0000e+00 -1.4550e-08 -2.0415e-08 -2.7556e-08 -3.6083e-08 -4.6105e-08 -5.7739e-08 -7.1108e-08 -8.6339e-08 -1.0357e-07 -1.2294e-07 -1.4461e-07 -1.6874e-07 -1.9550e-07 -2.2509e-07 -2.5768e-07 -2.9350e-07 -3.3274e-07 -3.7565e-07 -4.2243e-07 -4.7333e-07 -5.2857e-07 -5.8835e-07 -6.5288e-07 -7.2230e-07 -7.9672e-07 -8.7616e-07 -9.6054e-07 -1.0496e-06 -1.1430e-06 -1.2399e-06 -1.3394e-06 -1.4401e-06 -1.5401e-06 -1.6369e-06 -1.7273e-06 -1.8074e-06 -1.8727e-06 -1.9177e-06 -1.9366e-06 -1.9234e-06 -1.8727e-06 -1.7803e-06 -1.6446e-06 -1.4674e-06 -1.2556e-06 -1.0211e-06 -7.8085e-07 -5.5392e-07 -3.5856e-07 -2.0749e-07 -1.0465e-07 -4.4565e-08 -1.5401e-08 -4.1090e-09 -7.9480e-10 -1.0291e-10 -8.0585e-12 -3.3506e-13 -6.2565e-15 -4.2234e-17 -7.7685e-20 -2.6868e-23 -1.0702e-27 -2.5565e-33 -1.5251e-40 -6.9405e-50 -4.7649e-62 -5.2698e-78 -4.1420e-99 -2.8266e-127 -3.0890e-165 -5.9114e-217 -2.9692e-288 -0.0000e+00 -0.0000e+00 -0.0000e+00 -0.0000e+00 -0.0000e+00 -0.0000e+00 -0.0000e+00 -0.0000e+00 -0.0000e+00 -0.0000e+00 -0.0000e+00 -0.0000e+00 -0.0000e+00 -0.0000e+00 -0.0000e+00 -0.0000e+00 -0.0000e+00 -0.0000e+00 -0.0000e+00 -0.0000e+00 -0.0000e+00
-1.6314e-10 -9.2376e-10 -2.5497e-09 -5.2459e-09 -9.1908e-09 -1.4550e-08 5.7226e-07 -3.0140e-08 -4.0683e-08 -5.3271e-08 -6.8068e-08 -8.5245e-08 -1.0498e-07 -1.2747e-07 -1.5291e-07 -1.8151e-07 -2.1350e-07 -2.4912e-07 -2.8864e-07 -3.3231e-07 -3.8043e-07 -4.3331e-07 -4.9125e-07 -5.5459e-07 -6.2367e-07 -6.9881e-07 -7.8036e-07 -8.6863e-07 -9.6389e-07 -1.0664e-06 -1.1763e-06 -1.2935e-06 -1.4181e-06 -1.5496e-06 -1.6874e-06 -1.8305e-06 -1.9775e-06 -2.1262e-06 -2.2738e-06 -2.4166e-06 -2.5501e-06 -2.6684e-06 -2.7648e-06 -2.8312e-06 -2.8591e-06 -2.8397e-06 -2.7648e-06 -2.6284e-06 -2.4280e-06 -2.1664e-06 -1.8537e-06 -1.5076e-06 -1.1528e-06 -8.1780e-07 -5.2937e-07 -3.0634e-07 -1.5450e-07 -6.5796e-08 -2.2738e-08 -6.0666e-09 -1.1734e-09 -1.5194e-10 -1.1898e-11 -4.9470e-13 -9.2375e-15 -6.2359e-17 -1.1470e-19 -3.9672e-23 -1.5803e-27 -3.7750e-33 -2.2522e-40 -1.0250e-49 -7.0376e-62 -7.7841e-78 -6.1191e-99 -4.1766e-127 -4.5654e-165 -8.7400e-217 -4.3921e-288 -0.0000e+00 -0.0000e+00 -0.0000e+00 -0.0000e+00 -0.0000e+00 -0.0000e+00 -0.0000e+00 -0.0000e+00 -0.0000e+00 -0.0000e+00 -0.0000e+00 -0.0000e+00 -0.0000e+00 -0.0000e+00 -0.0000e+00 -0.0000e+00 -0.0000e+00 -0.0000e+00 -0.0000e+00 -0.0000e+00 -0.0000e+00 -1.6314e-10 -9.2376e-10 -2.5497e-09 -5.2459e-09 -9.1908e-09 -1.4550e-08 0.0000e+00 -3.0140e-08 -4.0683e-08 -5.3271e-08 -6.8068e-08 -8.5245e-08 -1.0498e-07 -1.2747e-07 -1.5291e-07 -1.8151e-07 -2.1350e-07 -2.4912e-07 -2.8864e-07 -3.3231e-07 -3.8043e-07 -4.3331e-07 -4.9125e-07 -5.5459e-07 -6.2367e-07 -6.9881e-07 -7.8036e-07 -8.6863e-07 -9.6389e-07 -1.0664e-06 -1.1763e-06 -1.2935e-06 -1.4181e-06 -1.5496e-06 -1.6874e-06 -1.8305e-06 -1.9775e-06 -2.1262e-06 -2.2738e-06 -2.4166e-06 -2.5501e-06 -2.6684e-06 -2.7648e-06 -2.8312e-06 -2.8591e-06 -2.8397e-06 -2.7648e-06 -2.6284e-06 -2.4280e-06 -2.1664e-06 -1.8537e-06 -1.5076e-06 -1.1528e-06 -8.1779e-07 -5.2936e-07 -3.0634e-07 -1.5450e-07 -6.5795e-08 -2.2738e-08 -6.0665e-09 -1.1734e-09 -1.5194e-10 -1.1897e-11 -4.9468e-13 -9.2370e-15 -6.2355e-17 -1.1469e-19 -3.9668e-23 -1.5801e-27 -3.7745e-33 -2.2518e-40 -1.0247e-49 -7.0354e-62 -7.7811e-78 -6.1161e-99 -4.1739e-127 -4.5616e-165 -8.7303e-217 -4.3856e-288 -0.0000e+00 -0.0000e+00 -0.0000e+00 -0.0000e+00 -0.0000e+00 -0.0000e+00 -0.0000e+00 -0.0000e+00 -0.0000e+00 -0.0000e+00 -0.0000e+00 -0.0000e+00 -0.0000e+00 -0.0000e+00 -0.0000e+00 -0.0000e+00 -0.0000e+00 -0.0000e+00 -0.0000e+00 -0.0000e+00 -0.0000e+00
-2.2890e-10 -1.2961e-09 -3.5775e-09 -7.3605e-09 -1.2896e-08 -2.0415e-08 -3.0140e-08 1.2845e-06 -5.7083e-08 -7.4745e-08 -9.5506e-08 -1.1961e-07 -1.4730e-07 -1.7885e-07 -2.1454e-07 -2.5467e-07 -2.9956e-07 -3.4955e-07 -4.0499e-07 -4.6627e-07 -5.3379e-07 -6.0798e-07 -6.8928e-07 -7.7815e-07 -8.7507e-07 -9.8051e-07 -1.0949e-06 -1.2188e-06 -1.3524e-06 -1.4963e-06 -1.6504e-06 -1.8150e-06 -1.9898e-06 -2.1743e-06 -2.3676e-06 -2.5685e-06 -2.7746e-06 -2.9832e-06 -3.1903e-06 -3.3908e-06 -3.5781e-06 -3.7441e-06 -3.8793e-06 -3.9725e-06 -4.0116e-06 -3.9844e-06 -3.8794e-06 -3.6880e-06 -3.4067e-06 -3.0397e-06 -2.6009e-06 -2.1153e-06 -1.6176e-06 -1.1475e-06 -7.4277e-07 -4.2983e-07 -2.1679e-07 -9.2321e-08 -3.1905e-08 -8.5124e-09 -1.6465e-09 -2.1320e-10 -1.6695e-11 -6.9417e-13 -1.2962e-14 -8.7506e-17 -1.6096e-19 -5.5673e-23 -2.2178e-27 -5.2982e-33 -3.1611e-40 -1.4388e-49 -9.8800e-62 -1.0930e-77 -8.5937e-99 -5.8673e-127 -6.4158e-165 -1.2289e-216 -6.1796e-288 -0.0000e+00 -0.0000e+00 -0.0000e+00 -0.0000e+00 -0.0000e+00 -0.0000e+00 -0.0000e+00 -0.0000e+00 -0.0000e+00 -0.0000e+00 -0.0000e+00 -0.0000e+00 -0.0000e+00 -0.0000e+00 -0.0000e+00 -0.0000e+00 -0.0000e+00 -0.0000e+00 -0.0000e+00 -0.0000e+00 -0.0000e+00 -2.2890e-10 -1.2961e-09 -3.5775e-09 -7.3605e-09 -1.2896e-08 -2.0415e-08 -3.0140e-08 0.0000e+00 -5.7083e-08 -7.4745e-08 -9.5506e-08 -1.1961e-07 -1.4730e-07 -1.7885e-07 -2.1454e-07 -2.5467e-07 -2.9956e-07 -3.4955e-07 -4.0499e-07 -4.6627e-07 -5.3379e-07 -6.0798e-07 -6.8928e-07 -7.7815e-07 -8.7507e-07 -9.8051e-07 -1.0949e-06 -1.2188e-06 -1.3524e-06 -1.4963e-06 -1.6504e-06 -1.8150e-06 -1.9898e-06 -2.1743e-06 -2.3676e-06 -2.5685e-06 -2.7746e-06 -2.9832e-06 -3.1903e-06 -3.3908e-06 -3.5781e-06 -3.7441e-06 -3.8793e-06 -3.9725e-06 -4.0116e-06 -3.9844e-06 -3.8794e-06 -3.6880e-06 -3.4067e-06 -3.0397e-06 -2.6009e-06 -2.1153e-06 -1.6175e-06 -1.1475e-06 -7.4276e-07 -4.2983e-07 -2.1679e-07 -9.2318e-08 -3.1904e-08 -8.5120e-09 -1.6465e-09 -2.1319e-10 -1.6694e-11 -6.9410e-13 -1.2961e-14 -8.7494e-17 -1.6094e-19 -5.5662e-23 -2.2172e-27 -5.2965e-33 -3.1598e-40 -1.4380e-49 -9.8733e-62 -1.0920e-77 -8.5841e-99 -5.8588e-127 -6.4038e-165 -1.2258e-216 -6.1591e-288 -0.0000e+00 -0.0000e+00 -0.0000e+00 -0.0000e+00 -0.0000e+00 -0.0000e+00 -0.0000e+00 -0.0000e+00 -0.0000e+00 -0.0000e+00 -0.0000e+00 -0.0000e+00 -0.0000e+00 -0.0000e+00 -0.0000e+00 -0.0000e+00 -0.0000e+00 -0.0000e+00 -0.0000e+00 -0.0000e+00 -0.0000e+00
-3.0898e-10 -1.7496e-09 -4.8290e-09 -9.9354e-09 -1.7407e-08 -2.7556e-08 -4.0683e-08 -5.7083e-08 2.6256e-06 -1.0089e-07 -1.2892e-07 -1.6145e-07 -1.9883e-07 -2.4142e-07 -2.8960e-07 -3.4377e-07 -4.0436e-07 -4.7183e-07 -5.4666e-07 -6.2938e-07 -7.2052e-07 -8.2067e-07 -9.3041e-07 -1.0504e-06 -1.1812e-06 -1.3235e-06 -1.4780e-06 -1.6451e-06 -1.8256e-06 -2.0197e-06 -2.2278e-06 -2.4499e-06 -2.6858e-06 -2.9349e-06 -3.1959e-06 -3.4670e-06 -3.7453e-06 -4.0268e-06 -4.3064e-06 -4.5770e-06 -4.8298e-06 -5.0539e-06 -5.2364e-06 -5.3622e-06 -5.4150e-06 -5.3783e-06 -5.2365e-06 -4.9782e-06 -4.5985e-06 -4.1031e-06 -3.5109e-06 -2.8554e-06 -2.1834e-06 -1.5489e-06 -1.0026e-06 -5.8022e-07 -2.9264e-07 -1.2462e-07 -4.3068e-08 -1.1491e-08 -2.2227e-09 -2.8781e-10 -2.2538e-11 -9.3714e-13 -1.7500e-14 -1.1814e-16 -2.1733e-19 -7.5174e-23 -2.9949e-27 -7.1554e-33 -4.2698e-40 -1.9437e-49 -1.3350e-61 -1.4773e-77 -1.1620e-98 -7.9376e-127 -8.6858e-165 -1.6652e-216 -8.3849e-288 -0.0000e+00 -0.0000e+00 -0.0000e+00 -0.0000e+00 -0.0000e+00 -0.0000e+00 -0.0000e+00 -0.0000e+00 -0.0000e+00 -0.0000e+00 -0.0000e+00 -0.0000e+00 -0.0000e+00 -0.0000e+00 -0.0000e+00 -0.0000e+00 -0.0000e+00 -0.0000e+00 -0.0000e+00 -0.0000e+00 -0.0000e+00 -3.0898e-10 -1.7496e-09 -4.8290e-09 -9.9354e-09 -1.7407e-08 -2.7556e-08 -4.0683e-08 -5.7083e-08 0.0000e+00 -1.0089e-07 -1.2892e-07 -1.6145e-07 -1.9883e-07 -2.4142e-07 -2.8960e-07 -3.4377e-07 -4.0436e-07 -4.7183e-07 -5.4666e-07 -6.2938e-07 -7.2052e-07 -8.2067e-07 -9.3041e-07 -1.0504e-06 -1.1812e-06 -1.3235e-06 -1.4780e-06 -1.6451e-06 -1.8256e-06 -2.0197e-06 -2.2278e-06 -2.4499e-06 -2.6858e-06 -2.9349e-06 -3.1959e-06 -3.4670e-06 -3.7452e-06 -4.0268e-06 -4.3064e-06 -4.5770e-06 -4.8298e-06 -5.0539e-06 -5.2363e-06 -5.3621e-06 -5.4150e-06 -5.3783e-06 -5.2365e-06 -4.9782e-06 -4.5985e-06 -4.1031e-06 -3.5108e-06 -2.8553e-06 -2.1834e-06 -1.5489e-06 -1.0026e-06 -5.8020e-07 -2.9263e-07 -1.2462e-07 -4.3065e-08 -1.1490e-08 -2.2225e-09 -2.8778e-10 -2.2534e-11 -9.3696e-13 -1.7496e-14 -1.1811e-16 -2.1725e-19 -7.5142e-23 -2.9933e-27 -7.1506e-33 -4.2661e-40 -1.9416e-49 -1.3332e-61 -1.4747e-77 -1.1594e-98 -7.9143e-127 -8.6525e-165 -1.6568e-216 -8.3282e-288 -0.0000e+00 -0.0000e+00 -0.0000e+00 -0.0000e+00 -0.0000e+00 -0.0000e+00 -0.0000e+00 -0.0000e+00 -0.0000e+00 -0.0000e+00 -0.0000e+00 -0.0000e+00 -0.0000e+00 -0.0000e+00 -0.0000e+00 -0.0000e+00 -0.0000e+00 -0.0000e+00 -0.0000e+00 -0.0000e+00 -0.0000e+00
-4.0458e-10 -2.2909e-09 -6.3231e-09 -1.3009e-08 -2.2793e-08 -3.6083e-08 -5.3271e-08 -7.4745e-08 -1.0089e-07 4.9867e-06 -1.6881e-07 -2.1140e-07 -2.6035e-07 -3.1612e-07 -3.7920e-07 -4.5013e-07 -5.2947e-07 -6.1782e-07 -7.1581e-07 -8.2412e-07 -9.4346e-07 -1.0746e-06 -1.2183e-06 -1.3754e-06 -1.5467e-06 -1.7330e-06 -1.9353e-06 -2.1542e-06 -2.3904e-06 -2.6446e-06 -2.9171e-06 -3.2079e-06 -3.5169e-06 -3.8430e-06 -4.1848e-06 -4.5397e-06 -4.9041e-06 -5.2728e-06 -5.6389e-06 -5.9932e-06 -6.3242e-06 -6.6177e-06 -6.8566e-06 -7.0213e-06 -7.0906e-06 -7.0424e-06 -6.8568e-06 -6.5186e-06 -6.0215e-06 -5.3728e-06 -4.5972e-06 -3.7390e-06 -2.8591e-06 -2.0282e-06 -1.3129e-06 -7.5978e-07 -3.8321e-07 -1.6319e-07 -5.6399e-08 -1.5048e-08 -2.9109e-09 -3.7693e-10 -2.9517e-11 -1.2274e-12 -2.2922e-14 -1.5476e-16 -2.8471e-19 -9.8492e-23 -3.9244e-27 -9.3779e-33 -5.5973e-40 -2.5488e-49 -1.7513e-61 -1.9390e-77 -1.5262e-98 -1.0435e-126 -1.1432e-164 -2.1954e-216 -1.1080e-287 -0.0000e+00 -0.0000e+00 -0.0000e+00 -0.0000e+00 -0.0000e+00 -0.0000e+00 -0.0000e+00 -0.0000e+00 -0.0000e+00 -0.0000e+00 -0.0000e+00 -0.0000e+00 -0.0000e+00 -0.0000e+00 -0.0000e+00 -0.0000e+00 -0.0000e+00 -0.0000e+00 -0.0000e+00 -0.0000e+00 -0.0000e+00 -4.0458e-10 -2.2909e-09 -6.3231e-09 -1.3009e-08 -2.2793e-08 -3.6083e-08 -5.3271e-08 -7.4745e-08 -1.0089e-07 0.0000e+00 -1.6881e-07 -2.1140e-07 -2.6035e-07 -3.1612e-07 -3.7920e-07 -4.5013e-07 -5.2947e-07 -6.1782e-07 -7.1581e-07 -8.2412e-07 -9.4346e-07 -1.0746e-06 -1.2183e-06 -1.3754e-06 -1.5467e-06 -1.7330e-06 -1.9353e-06 -2.1542e-06 -2.3904e-06 -2.6446e-06 -2.9171e-06 -3.2079e-06 -3.5169e-06 -3.8430e-06 -4.1848e-06 -4.5397e-06 -4.9041e-06 -5.2728e-06 -5.6388e-06 -5.9932e-06 -6.3242e-06 -6.6176e-06 -6.8565e-06 -7.0213e-06 -7.0905e-06 -7.0423e-06 -6.8567e-06 -6.5185e-06 -6.0213e-06 -5.3726e-06 -4.5971e-06 -3.7388e-06 -2.8590e-06 -2.0281e-06 -1.3128e-06 -7.5973e-07 -3.8318e-07 -1.6318e-07 -5.6391e-08 -1.5046e-08 -2.9103e-09 -3.7684e-10 -2.9509e-11 -1.2270e-12 -2.2912e-14 -1.5467e-16 -2.8452e-19 -9.8411e-23 -3.9204e-27 -9.3659e-33 -5.5882e-40 -2.5436e-49 -1.7468e-61 -1.9325e-77 -1.5196e-98 -1.0377e-126 -1.1349e-164 -2.1744e-216 -1.0938e-287 -0.0000e+00 -0.0000e+00 -0.0000e+00 -0.0000e+00 -0.0000e+00 -0.0000e+00 -0.0000e+00 -0.0000e+00 -0.0000e+00 -0.0000e+00 -0.0000e+00 -0.0000e+00 -0.0000e+00 -0.0000e+00 -0.0000e+00 -0.0000e+00 -0.0000e+00 -0.0000e+00 -0.0000e+00 -0.0000e+00 -0.0000e+00
-5.1696e-10 -2.9272e-09 -8.0794e-09 -1.6623e-08 -2.9124e-08 -4.6105e-08 -6.8068e-08 -9.5506e-08 -1.2892e-07 -1.6881e-07 8.9256e-06 -2.7012e-07 -3.3266e-07 -4.0392e-07 -4.8453e-07 -5.7516e-07 -6.7654e-07 -7.8942e-07 -9.1463e-07 -1.0530e-06 -1.2055e-06 -1.3731e-06 -1.5567e-06 -1.7574e-06 -1.9763e-06 -2.2144e-06 -2.4728e-06 -2.7525e-06 -3.0544e-06 -3.3792e-06 -3.7273e-06 -4.0990e-06 -4.4937e-06 -4.9104e-06 -5.3471e-06 -5.8006e-06 -6.2662e-06 -6.7374e-06 -7.2051e-06 -7.6579e-06 -8.0809e-06 -8.4558e-06 -8.7611e-06 -8.9716e-06 -9.0601e-06 -8.9987e-06 -8.7615e-06 -8.3293e-06 -7.6942e-06 -6.8653e-06 -5.8744e-06 -4.7777e-06 -3.6534e-06 -2.5918e-06 -1.6777e-06 -9.7091e-07 -4.8970e-07 -2.0855e-07 -7.2075e-08 -1.9231e-08 -3.7202e-09 -4.8176e-10 -3.7729e-11 -1.5690e-12 -2.9304e-14 -1.9787e-16 -3.6408e-19 -1.2597e-22 -5.0206e-27 -1.2001e-32 -7.1657e-40 -3.2647e-49 -2.2447e-61 -2.4873e-77 -1.9600e-98 -1.3421e-126 -1.4734e-164 -2.8371e-216 -1.4372e-287 -0.0000e+00 -0.0000e+00 -0.0000e+00 -0.0000e+00 -0.0000e+00 -0.0000e+00 -0.0000e+00 -0.0000e+00 -0.0000e+00 -0.0000e+00 -0.0000e+00 -0.0000e+00 -0.0000e+00 -0.0000e+00 -0.0000e+00 -0.0000e+00 -0.0000e+00 -0.0000e+00 -0.0000e+00 -0.0000e+00 -0.0000e+00 -5.1696e-10 -2.9272e-09 -8.0794e-09 -1.6623e-08 -2.9124e-08 -4.6105e-08 -6.8068e-08 -9.5506e-08 -1.2892e-07 -1.6881e-07 0.0000e+00 -2.7012e-07 -3.3266e-07 -4.0392e-07 -4.8453e-07 -5.7516e-07 -6.7654e-07 -7.8942e-07 -9.1463e-07 -1.0530e-06 -1.2055e-06 -1.3731e-06 -1.5567e-06 -1.7574e-06 -1.9763e-06 -2.2144e-06 -2.4728e-06 -2.7525e-06 -3.0544e-06 -3.3792e-06 -3.7273e-06 -4.0990e-06 -4.4937e-06 -4.9104e-06 -5.3471e-06 -5.8006e-06 -6.2662e-06 -6.7373e-06 -7.2051e-06 -7.6578e-06 -8.0808e-06 -8.4558e-06 -8.7610e-06 -8.9715e-06 -9.0600e-06 -8.9985e-06 -8.7613e-06 -8.3291e-06 -7.6939e-06 -6.8650e-06 -5.8741e-06 -4.7774e-06 -3.6532e-06 -2.5915e-06 -1.6775e-06 -9.7078e-07 -4.8962e-07 -2.0851e-07 -7.2058e-08 -1.9226e-08 -3.7189e-09 -4.8155e-10 -3.7710e-11 -1.5680e-12 -2.9281e-14 -1.9768e-16 -3.6364e-19 -1.2579e-22 -5.0113e-27 -1.1973e-32 -7.1450e-40 -3.2528e-49 -2.2343e-61 -2.4726e-77 -1.9450e-98 -1.3288e-126 -1.4544e-164 -2.7889e-216 -1.4048e-287 -0.0000e+00 -0.0000e+00 -0.0000e+00 -0.0000e+00 -0.0000e+00 -0.0000e+00 -0.0000e+00 -0.0000e+00 -0.0000e+00 -0.0000e+00 -0.0000e+00 -0.0000e+00 -0.0000e+00 -0.0000e+00 -0.0000e+00 -0.0000e+00 -0.0000e+00 -0.0000e+00 -0.0000e+00 -0.0000e+00 -0.0000e+00
-6.4741e-10 -3.6659e-09 -1.0118e-08 -2.0818e-08 -3.6473e-08 -5.7739e-08 -8.5245e-08 -1.1961e-07 -1.6145e-07 -2.1140e-07 -2.7012e-07 1.5215e-05 -4.1661e-07 -5.0585e-07 -6.0680e-07 -7.2030e-07 -8.4726e-07 -9.8863e-07 -1.1454e-06 -1.3188e-06 -1.5097e-06 -1.7196e-06 -1.9495e-06 -2.2009e-06 -2.4750e-06 -2.7732e-06 -3.0968e-06 -3.4471e-06 -3.8252e-06 -4.2319e-06 -4.6679e-06 -5.1334e-06 -5.6277e-06 -6.1496e-06 -6.6965e-06 -7.2644e-06 -7.8476e-06 -8.4376e-06 -9.0234e-06 -9.5904e-06 -1.0120e-05 -1.0590e-05 -1.0972e-05 -1.1236e-05 -1.1347e-05 -1.1270e-05 -1.0973e-05 -1.0432e-05 -9.6361e-06 -8.5981e-06 -7.3572e-06 -5.9837e-06 -4.5758e-06 -3.2461e-06 -2.1013e-06 -1.2161e-06 -6.1338e-07 -2.6123e-07 -9.0286e-08 -2.4092e-08 -4.6607e-09 -6.0360e-10 -4.7276e-11 -1.9662e-12 -3.6729e-14 -2.4805e-16 -4.5652e-19 -1.5801e-22 -6.2997e-27 -1.5066e-32 -9.0014e-40 -4.1043e-49 -2.8249e-61 -3.1345e-77 -2.4745e-98 -1.6984e-126 -1.8705e-164 -3.6174e-216 -1.8432e-287 -0.0000e+00 -0.0000e+00 -0.0000e+00 -0.0000e+00 -0.0000e+00 -0.0000e+00 -0.0000e+00 -0.0000e+00 -0.0000e+00 -0.0000e+00 -0.0000e+00 -0.0000e+00 -0.0000e+00 -0.0000e+00 -0.0000e+00 -0.0000e+00 -0.0000e+00 -0.0000e+00 -0.0000e+00 -0.0000e+00 -0.0000e+00 -6.4741e-10 -3.6659e-09 -1.0118e-08 -2.0818e-08 -3.6473e-08 -5.7739e-08 -8.5245e-08 -1.1961e-07 -1.6145e-07 -2.1140e-07 -2.7012e-07 0.0000e+00 -4.1661e-07 -5.0585e-07 -6.0680e-07 -7.2030e-07 -8.4726e-07 -9.8863e-07 -1.1454e-06 -1.3188e-06 -1.5097e-06 -1.7196e-06 -1.9495e-06 -2.2009e-06 -2.4750e-06 -2.7732e-06 -3.0968e-06 -3.4471e-06 -3.8252e-06 -4.2319e-06 -4.6679e-06 -5.1333e-06 -5.6277e-06 -6.1496e-06 -6.6965e-06 -7.2644e-06 -7.8475e-06 -8.4375e-06 -9.0233e-06 -9.5903e-06 -1.0120e-05 -1.0590e-05 -1.0972e-05 -1.1236e-05 -1.1346e-05 -1.1269e-05 -1.0972e-05 -1.0431e-05 -9.6355e-06 -8.5975e-06 -7.3565e-06 -5.9831e-06 -4.5752e-06 -3.2456e-06 -2.1009e-06 -1.2158e-06 -6.1321e-07 -2.6115e-07 -9.0250e-08 -2.4080e-08 -4.6580e-09 -6.0316e-10 -4.7234e-11 -1.9641e-12 -3.6680e-14 -2.4765e-16 -4.5560e-19 -1.5761e-22 -6.2800e-27 -1.5007e-32 -8.9572e-40 -4.0789e-49 -2.8027e-61 -3.1030e-77 -2.4425e-98 -1.6700e-126 -1.8298e-164 -3.5140e-216 -1.7736e-287 -0.0000e+00 -0.0000e+00 -0.0000e+00 -0.0000e+00 -0.0000e+00 -0.0000e+00 -0.0000e+00 -0.0000e+00 -0.0000e+00 -0.0000e+00 -0.0000e+00 -0.0000e+00 -0.0000e+00 -0.0000e+00 -0.0000e+00 -0.0000e+00 -0.0000e+00 -0.0000e+00 -0.0000e+00 -0.0000e+00 -0.0000e+00
-7.9731e-10 -4.5147e-09 -1.2461e-08 -2.5638e-08 -4.4918e-08 -7.1108e-08 -1.0498e-07 -1.4730e-07 -1.9883e-07 -2.6035e-07 -3.3266e-07 -4.1661e-07 2.4900e-05 -6.2297e-07 -7.4729e-07 -8.8707e-07 -1.0434e-06 -1.2175e-06 -1.4106e-06 -1.6241e-06 -1.8593e-06 -2.1177e-06 -2.4009e-06 -2.7104e-06 -3.0480e-06 -3.4153e-06 -3.8138e-06 -4.2452e-06 -4.7108e-06 -5.2117e-06 -5.7487e-06 -6.3219e-06 -6.9307e-06 -7.5734e-06 -8.2470e-06 -8.9465e-06 -9.6646e-06 -1.0391e-05 -1.1113e-05 -1.1811e-05 -1.2463e-05 -1.3042e-05 -1.3513e-05 -1.3838e-05 -1.3974e-05 -1.3879e-05 -1.3514e-05 -1.2847e-05 -1.1868e-05 -1.0590e-05 -9.0614e-06 -7.3699e-06 -5.6359e-06 -3.9983e-06 -2.5883e-06 -1.4980e-06 -7.5560e-07 -3.2182e-07 -1.1123e-07 -2.9684e-08 -5.7431e-09 -7.4387e-10 -5.8271e-11 -2.4240e-12 -4.5290e-14 -3.0596e-16 -5.6331e-19 -1.9506e-22 -7.7814e-27 -1.8623e-32 -1.1138e-39 -5.0846e-49 -3.5052e-61 -3.8975e-77 -3.0852e-98 -2.1253e-126 -2.3519e-164 -4.5778e-216 -2.3531e-287 -0.0000e+00 -0.0000e+00 -0.0000e+00 -0.0000e+00 -0.0000e+00 -0.0000e+00 -0.0000e+00 -0.0000e+00 -0.0000e+00 -0.0000e+00 -0.0000e+00 -0.0000e+00 -0.0000e+00 -0.0000e+00 -0.0000e+00 -0.0000e+00 -0.0000e+00 -0.0000e+00 -0.0000e+00 -0.0000e+00 -0.0000e+00 -7.9731e-10 -4.5147e-09 -1.2461e-08 -2.5638e-08 -4.4918e-08 -7.1108e-08 -1.0498e-07 -1.4730e-07 -1.9883e-07 -2.6035e-07 -3.3266e-07 -4.1661e-07 0.0000e+00 -6.2297e-07 -7.4729e-07 -8.8707e-07 -1.0434e-06 -1.2175e-06 -1.4106e-06 -1.6241e-06 -1.8593e-06 -2.1177e-06 -2.4009e-06 -2.7104e-06 -3.0480e-06 -3.4153e-06 -3.8138e-06 -4.2452e-06 -4.7108e-06 -5.2117e-06 -5.7487e-06 -6.3219e-06 -6.9307e-06 -7.5734e-06 -8.2469e-06 -8.9464e-06 -9.6645e-06 -1.0391e-05 -1.1113e-05 -1.1811e-05 -1.2463e-05 -1.3042e-05 -1.3512e-05 -1.3837e-05 -1.3974e-05 -1.3879e-05 -1.3513e-05 -1.2846e-05 -1.1867e-05 -1.0588e-05 -9.0601e-06 -7.3686e-06 -5.6347e-06 -3.9973e-06 -2.5875e-06 -1.4974e-06 -7.5526e-07 -3.2164e-07 -1.1116e-07 -2.9660e-08 -5.7375e-09 -7.4299e-10 -5.8187e-11 -2.4197e-12 -4.5192e-14 -3.0514e-16 -5.6145e-19 -1.9426e-22 -7.7418e-27 -1.8505e-32 -1.1048e-39 -5.0333e-49 -3.4603e-61 -3.8339e-77 -3.0205e-98 -2.0678e-126 -2.2694e-164 -4.3683e-216 -2.2117e-287 -0.0000e+00 -0.0000e+00 -0.0000e+00 -0.0000e+00 -0.0000e+00 -0.0000e+00 -0.0000e+00 -0.0000e+00 -0.0000e+00 -0.0000e+00 -0.0000e+00 -0.0000e+00 -0.0000e+00 -0.0000e+00 -0.0000e+00 -0.0000e+00 -0.0000e+00 -0.0000e+00 -0.0000e+00 -0.0000e+00 -0.0000e+00
-9.6810e-10 -5.4817e-09 -1.5130e-08 -3.1129e-08 -5.4539e-08 -8.6339e-08 -1.2747e-07 -1.7885e-07 -2.4142e-07 -3.1612e-07 -4.0392e-07 -5.0585e-07 -6.2297e-07 3.9363e-05 -9.0736e-07 -1.0771e-06 -1.2669e-06 -1.4783e-06 -1.7128e-06 -1.9720e-06 -2.2575e-06 -2.5713e-06 -2.9151e-06 -3.2910e-06 -3.7009e-06 -4.1468e-06 -4.6308e-06 -5.1545e-06 -5.7199e-06 -6.3281e-06 -6.9801e-06 -7.6761e-06 -8.4153e-06 -9.1957e-06 -1.0014e-05 -1.0863e-05 -1.1735e-05 -1.2617e-05 -1.3493e-05 -1.4341e-05 -1.5133e-05 -1.5836e-05 -1.6408e-05 -1.6802e-05 -1.6968e-05 -1.6853e-05 -1.6410e-05 -1.5600e-05 -1.4411e-05 -1.2859e-05 -1.1004e-05 -8.9499e-06 -6.8443e-06 -4.8558e-06 -3.1436e-06 -1.8194e-06 -9.1780e-07 -3.9093e-07 -1.3514e-07 -3.6067e-08 -6.9791e-09 -9.0413e-10 -7.0841e-11 -2.9477e-12 -5.5095e-14 -3.7236e-16 -6.8594e-19 -2.3768e-22 -9.4903e-27 -2.2738e-32 -1.3618e-39 -6.2283e-49 -4.3037e-61 -4.8001e-77 -3.8149e-98 -2.6419e-126 -2.9441e-164 -5.7842e-216 -3.0104e-287 -0.0000e+00 -0.0000e+00 -0.0000e+00 -0.0000e+00 -0.0000e+00 -0.0000e+00 -0.0000e+00 -0.0000e+00 -0.0000e+00 -0.0000e+00 -0.0000e+00 -0.0000e+00 -0.0000e+00 -0.0000e+00 -0.0000e+00 -0.0000e+00 -0.0000e+00 -0.0000e+00 -0.0000e+00 -0.0000e+00 -0.0000e+00 -9.6810e-10 -5.4817e-09 -1.5130e-08 -3.1129e-08 -5.4539e-08 -8.6339e-08 -1.2747e-07 -1.7885e-07 -2.4142e-07 -3.1612e-07 -4.0392e-07 -5.0585e-07 -6.2297e-07 0.0000e+00 -9.0736e-07 -1.0771e-06 -1.2669e-06 -1.4783e-06 -1.7128e-06 -1.9720e-06 -2.2575e-06 -2.5713e-06 -2.9151e-06 -3.2910e-06 -3.7009e-06 -4.1468e-06 -4.6307e-06 -5.1545e-06 -5.7199e-06 -6.3281e-06 -6.9801e-06 -7.6760e-06 -8.4152e-06 -9.1956e-06 -1.0013e-05 -1.0863e-05 -1.1735e-05 -1.2617e-05 -1.3493e-05 -1.4341e-05 -1.5133e-05 -1.5835e-05 -1.6407e-05 -1.6801e-05 -1.6967e-05 -1.6852e-05 -1.6408e-05 -1.5598e-05 -1.4409e-05 -1.2857e-05 -1.1001e-05 -8.9474e-06 -6.8421e-06 -4.8538e-06 -3.1420e-06 -1.8184e-06 -9.1715e-07 -3.9060e-07 -1.3500e-07 -3.6021e-08 -6.9685e-09 -9.0244e-10 -7.0680e-11 -2.9395e-12 -5.4906e-14 -3.7079e-16 -6.8236e-19 -2.3615e-22 -9.4140e-27 -2.2510e-32 -1.3446e-39 -6.1295e-49 -4.2173e-61 -4.6775e-77 -3.6904e-98 -2.5311e-126 -2.7847e-164 -5.3782e-216 -2.7356e-287 -0.0000e+00 -0.0000e+00 -0.0000e+00 -0.0000e+00 -0.0000e+00 -0.0000e+00 -0.0000e+00 -0.0000e+00 -0.0000e+00 -0.0000e+00 -0.0000e+00 -0.0000e+00 -0.0000e+00 -0.0000e+00 -0.0000e+00 -0.0000e+00 -0.0000e+00 -0.0000e+00 -0.0000e+00 -0.0000e+00 -0.0000e+00
-1.1613e-09 -6.5756e-09 -1.8149e-08 -3.7342e-08 -6.5423e-08 -1.0357e-07 -1.5291e-07 -2.1454e-07 -2.8960e-07 -3.7920e-07 -4.8453e-07 -6.0680e-07 -7.4729e-07 -9.0736e-07 6.0410e-05 -1.2920e-06 -1.5198e-06 -1.7733e-06 -2.0546e-06 -2.3655e-06 -2.7080e-06 -3.0844e-06 -3.4969e-06 -3.9478e-06 -4.4395e-06 -4.9744e-06 -5.5549e-06 -6.1832e-06 -6.8613e-06 -7.5909e-06 -8.3731e-06 -9.2079e-06 -1.0095e-05 -1.1031e-05 -1.2012e-05 -1.3031e-05 -1.4077e-05 -1.5135e-05 -1.6186e-05 -1.7203e-05 -1.8154e-05 -1.8997e-05 -1.9683e-05 -2.0156e-05 -2.0355e-05 -2.0218e-05 -1.9686e-05 -1.8716e-05 -1.7289e-05 -1.5428e-05 -1.3202e-05 -1.0738e-05 -8.2124e-06 -5.8267e-06 -3.7724e-06 -2.1835e-06 -1.1016e-06 -4.6927e-07 -1.6224e-07 -4.3308e-08 -8.3822e-09 -1.0862e-09 -8.5134e-11 -3.5439e-12 -6.6272e-14 -4.4818e-16 -8.2627e-19 -2.8659e-22 -1.1458e-26 -2.7496e-32 -1.6501e-39 -7.5667e-49 -5.2463e-61 -5.8771e-77 -4.6976e-98 -3.2775e-126 -3.6883e-164 -7.3401e-216 -3.8855e-287 -0.0000e+00 -0.0000e+00 -0.0000e+00 -0.0000e+00 -0.0000e+00 -0.0000e+00 -0.0000e+00 -0.0000e+00 -0.0000e+00 -0.0000e+00 -0.0000e+00 -0.0000e+00 -0.0000e+00 -0.0000e+00 -0.0000e+00 -0.0000e+00 -0.0000e+00 -0.0000e+00 -0.0000e+00 -0.0000e+00 -0.0000e+00 -1.1613e-09 -6.5756e-09 -1.8149e-08 -3.7342e-08 -6.5423e-08 -1.0357e-07 -1.5291e-07 -2.1454e-07 -2.8960e-07 -3.7920e-07 -4.8453e-07 -6.0680e-07 -7.4729e-07 -9.0736e-07 0.0000e+00 -1.2920e-06 -1.5198e-06 -1.7733e-06 -2.0546e-06 -2.3655e-06 -2.7080e-06 -3.0844e-06 -3.4969e-06 -3.9478e-06 -4.4395e-06 -4.9744e-06 -5.5549e-06 -6.1832e-06 -6.8613e-06 -7.5909e-06 -8.3730e-06 -9.2079e-06 -1.0095e-05 -1.1031e-05 -1.2012e-05 -1.3030e-05 -1.4076e-05 -1.5135e-05 -1.6186e-05 -1.7203e-05 -1.8153e-05 -1.8995e-05 -1.9681e-05 -2.0154e-05 -2.0353e-05 -2.0215e-05 -1.9683e-05 -1.8712e-05 -1.7285e-05 -1.5423e-05 -1.3197e-05 -1.0734e-05 -8.2082e-06 -5.8231e-06 -3.7696e-06 -2.1816e-06 -1.1004e-06 -4.6865e-07 -1.6198e-07 -4.3224e-08 -8.3625e-09 -1.0831e-09 -8.4836e-11 -3.5288e-12 -6.5924e-14 -4.4529e-16 -8.1968e-19 -2.8377e-22 -1.1317e-26 -2.7076e-32 -1.6185e-39 -7.3844e-49 -5.0867e-61 -5.6504e-77 -4.4669e-98 -3.0718e-126 -3.3918e-164 -6.5826e-216 -3.3704e-287 -0.0000e+00 -0.0000e+00 -0.0000e+00 -0.0000e+00 -0.0000e+00 -0.0000e+00 -0.0000e+00 -0.0000e+00 -0.0000e+00 -0.0000e+00 -0.0000e+00 -0.0000e+00 -0.0000e+00 -0.0000e+00 -0.0000e+00 -0.0000e+00 -0.0000e+00 -0.0000e+00 -0.0000e+00 -0.0000e+00 -0.0000e+00
-1.3785e-09 -7.8056e-09 -2.1544e-08 -4.4326e-08 -7.7661e-08 -1.2294e-07 -1.8151e-07 -2.5467e-07 -3.4377e-07 -4.5013e-07 -5.7516e-07 -7.2030e-07 -8.8707e-07 -1.0771e-06 -1.2920e-06 9.0360e-05 -1.8040e-06 -2.1050e-06 -2.4389e-06 -2.8080e-06 -3.2146e-06 -3.6614e-06 -4.1510e-06 -4.6862e-06 -5.2699e-06 -5.9049e-06 -6.5939e-06 -7.3398e-06 -8.1448e-06 -9.0109e-06 -9.9393e-06 -1.0930e-05 -1.1983e-05 -1.3094e-05 -1.4259e-05 -1.5468e-05 -1.6710e-05 -1.7967e-05 -1.9214e-05 -2.0422e-05 -2.1550e-05 -2.2551e-05 -2.3366e-05 -2.3928e-05 -2.4165e-05 -2.4002e-05 -2.3371e-05 -2.2220e-05 -2.0527e-05 -1.8318e-05 -1.5676e-05 -1.2751e-05 -9.7522e-06 -6.9197e-06 -4.4805e-06 -2.5937e-06 -1.3087e-06 -5.5759e-07 -1.9281e-07 -5.1483e-08 -9.9675e-09 -1.2921e-09 -1.0132e-10 -4.2202e-12 -7.8975e-14 -5.3458e-16 -9.8665e-19 -3.4271e-22 -1.3725e-26 -3.3013e-32 -1.9869e-39 -9.1445e-49 -6.3702e-61 -7.1795e-77 -5.7837e-98 -4.0765e-126 -4.6483e-164 -9.4100e-216 -5.0925e-287 -0.0000e+00 -0.0000e+00 -0.0000e+00 -0.0000e+00 -0.0000e+00 -0.0000e+00 -0.0000e+00 -0.0000e+00 -0.0000e+00 -0.0000e+00 -0.0000e+00 -0.0000e+00 -0.0000e+00 -0.0000e+00 -0.0000e+00 -0.0000e+00 -0.0000e+00 -0.0000e+00 -0.0000e+00 -0.0000e+00 -0.0000e+00 -1.3785e-09 -7.8056e-09 -2.1544e-08 -4.4326e-08 -7.7661e-08 -1.2294e-07 -1.8151e-07 -2.5467e-07 -3.4377e-07 -4.5013e-07 -5.7516e-07 -7.2030e-07 -8.8707e-07 -1.0771e-06 -1.2920e-06 0.0000e+00 -1.8040e-06 -2.1050e-06 -2.4389e-06 -2.8080e-06 -3.2146e-06 -3.6614e-06 -4.1510e-06 -4.6862e-06 -5.2699e-06 -5.9048e-06 -6.5939e-06 -7.3397e-06 -8.1447e-06 -9.0108e-06 -9.9392e-06 -1.0930e-05 -1.1983e-05 -1.3094e-05 -1.4259e-05 -1.5468e-05 -1.6710e-05 -1.7966e-05 -1.9213e-05 -2.0421e-05 -2.1549e-05 -2.2549e-05 -2.3363e-05 -2.3925e-05 -2.4161e-05 -2.3997e-05 -2.3365e-05 -2.2213e-05 -2.0520e-05 -1.8310e-05 -1.5667e-05 -1.2743e-05 -9.7448e-06 -6.9134e-06 -4.4755e-06 -2.5902e-06 -1.3066e-06 -5.5650e-07 -1.9236e-07 -5.1334e-08 -9.9325e-09 -1.2866e-09 -1.0079e-10 -4.1933e-12 -7.8358e-14 -5.2944e-16 -9.7494e-19 -3.3768e-22 -1.3475e-26 -3.2264e-32 -1.9305e-39 -8.8194e-49 -6.0853e-61 -6.7742e-77 -5.3706e-98 -3.7073e-126 -4.1141e-164 -8.0389e-216 -4.1544e-287 -0.0000e+00 -0.0000e+00 -0.0000e+00 -0.0000e+00 -0.0000e+00 -0.0000e+00 -0.0000e+00 -0.0000e+00 -0.0000e+00 -0.0000e+00 -0.0000e+00 -0.0000e+00 -0.0000e+00 -0.0000e+00 -0.0000e+00 -0.0000e+00 -0.0000e+00 -0.0000e+00 -0.0000e+00 -0.0000e+00 -0.0000e+00
