1.0398e-04 -6.9835e-05 -8.4471e-05 -9.5853e-05 -1.0479e-04 -1.1169e-04 -1.1680e-04 -1.2028e-04 -1.2229e-04 -1.2295e-04 -1.2238e-04 -1.2070e-04 -1.1805e-04 -1.1454e-04 -1.1029e-04 -1.0545e-04 -1.0012e-04 -9.4419e-05 -8.8466e-05 -8.2363e-05 -7.6204e-05 -7.0076e-05 -6.4054e-05 -5.8203e-05 -5.2579e-05 -4.7224e-05 -4.2172e-05 -3.7448e-05 -3.3067e-05 -2.9036e-05 -2.5356e-05 -2.2020e-05 -1.9019e-05 -1.6338e-05 -1.3959e-05 -1.1863e-05 -1.0027e-05 -8.4300e-06 -7.0498e-06 -5.8644e-06 -4.8525e-06 -3.9941e-06 -3.2702e-06 -2.6636e-06 -2.1581e-06 -1.7394e-06 -1.3947e-06 -1.1125e-06 -8.8275e-07 -6.9684e-07 -5.4724e-07 -4.2754e-07 -3.3230e-07 -2.5695e-07 -1.9766e-07 -1.5127e-07 -1.1518e-07 -8.7246e-08 -6.5749e-08 -4.9296e-08 -3.6772e-08 -2.7289e-08 -2.0148e-08 -1.4801e-08 -1.0817e-08 -7.8651e-09 -5.6897e-09 -4.0952e-09 -2.9325e-09 -2.0893e-09 -1.4810e-09 -1.0444e-09 -7.3286e-10 -5.1163e-10 -3.5537e-10 -2.4559e-10 -1.6886e-10 -1.1552e-10 -7.8627e-11 -5.3247e-11 -3.5878e-11 -2.4052e-11 -1.6043e-11 -1.0647e-11 -7.0301e-12 -4.6186e-12 -3.0190e-12 -1.9634e-12 -1.2705e-12 -8.1802e-13 -5.2402e-13 -3.3400e-13 -2.1181e-13 -1.3365e-13 -8.3904e-14 -5.2411e-14 -3.2574e-14 -2.0143e-14 -1.2394e-14 -7.5874e-15 0.0000e+00 -6.9833e-05 -8.4467e-05 -9.5844e-05 -1.0478e-04 -1.1167e-04 -1.1676e-04 -1.2023e-04 -1.2223e-04 -1.2287e-04 -1.2228e-04 -1.2059e-04 -1.1792e-04 -1.1440e-04 -1.1014e-04 -1.0528e-04 -9.9936e-05 -9.4228e-05 -8.8267e-05 -8.2158e-05 -7.5995e-05 -6.9864e-05 -6.3843e-05 -5.7995e-05 -5.2374e-05 -4.7025e-05 -4.1981e-05 -3.7266e-05 -3.2894e-05 -2.8874e-05 -2.5204e-05 -2.1880e-05 -1.8891e-05 -1.6221e-05 -1.3853e-05 -1.1767e-05 -9.9419e-06 -8.3547e-06 -6.9835e-06 -5.8064e-06 -4.8021e-06 -3.9506e-06 -3.2330e-06 -2.6318e-06 -2.1312e-06 -1.7168e-06 -1.3757e-06 -1.0967e-06 -8.6973e-07 -6.8615e-07 -5.3851e-07 -4.2046e-07 -3.2658e-07 -2.5236e-07 -1.9400e-07 -1.4837e-07 -1.1289e-07 -8.5455e-08 -6.4354e-08 -4.8215e-08 -3.5939e-08 -2.6651e-08 -1.9663e-08 -1.4433e-08 -1.0540e-08 -7.6575e-09 -5.5352e-09 -3.9807e-09 -2.8482e-09 -2.0275e-09 -1.4360e-09 -1.0118e-09 -7.0937e-10 -4.9479e-10 -3.4337e-10 -2.3708e-10 -1.6286e-10 -1.1131e-10 -7.5694e-11 -5.1212e-11 -3.4474e-11 -2.3088e-11 -1.5385e-11 -1.0200e-11 -6.7285e-12 -4.4160e-12 -2.8836e-12 -1.8735e-12 -1.2111e-12 -7.7891e-13 -4.9844e-13 -3.1735e-13 -2.0104e-13 -1.2671e-13 -7.9464e-14 -4.9582e-14 -3.0781e-14 -1.9013e-14 -1.1685e-14 -7.1454e-15
-6.9835e-05 4.1589e-04 -1.1860e-04 -1.3460e-04 -1.4719e-04 -1.5693e-04 -1.6417e-04 -1.6914e-04 -1.7204e-04 -1.7306e-04 -1.7236e-04 -1.7011e-04 -1.6648e-04 -1.6165e-04 -1.5579e-04 -1.4908e-04 -1.4167e-04 -1.3374e-04 -1.2544e-04 -1.1691e-04 -1.0829e-04 -9.9700e-05 -9.1246e-05 -8.3020e-05 -7.5099e-05 -6.7545e-05 -6.0408e-05 -5.3722e-05 -4.7512e-05 -4.1787e-05 -3.6552e-05 -3.1798e-05 -2.7513e-05 -2.3678e-05 -2.0268e-05 -1.7257e-05 -1.4616e-05 -1.2313e-05 -1.0318e-05 -8.6015e-06 -7.1328e-06 -5.8841e-06 -4.8287e-06 -3.9420e-06 -3.2015e-06 -2.5866e-06 -2.0791e-06 -1.6625e-06 -1.3226e-06 -1.0468e-06 -8.2423e-07 -6.4568e-07 -5.0322e-07 -3.9019e-07 -3.0101e-07 -2.3102e-07 -1.7641e-07 -1.3402e-07 -1.0130e-07 -7.6184e-08 -5.7003e-08 -4.2435e-08 -3.1430e-08 -2.3162e-08 -1.6982e-08 -1.2389e-08 -8.9919e-09 -6.4936e-09 -4.6657e-09 -3.3355e-09 -2.3726e-09 -1.6791e-09 -1.1824e-09 -8.2838e-10 -5.7746e-10 -4.0052e-10 -2.7640e-10 -1.8979e-10 -1.2967e-10 -8.8143e-11 -5.9616e-11 -4.0120e-11 -2.6864e-11 -1.7898e-11 -1.1865e-11 -7.8256e-12 -5.1357e-12 -3.3536e-12 -2.1789e-12 -1.4086e-12 -9.0605e-13 -5.7988e-13 -3.6928e-13 -2.3398e-13 -1.4752e-13 -9.2538e-14 -5.7759e-14 -3.5871e-14 -2.2167e-14 -1.3629e-14 -6.9833e-05 0.0000e+00 -1.1857e-04 -1.3455e-04 -1.4710e-04 -1.5679e-04 -1.6397e-04 -1.6887e-04 -1.7170e-04 -1.7263e-04 -1.7184e-04 -1.6950e-04 -1.6578e-04 -1.6087e-04 -1.5492e-04 -1.4813e-04 -1.4066e-04 -1.3267e-04 -1.2432e-04 -1.1575e-04 -1.0711e-04 -9.8510e-05 -9.0058e-05 -8.1844e-05 -7.3946e-05 -6.6426e-05 -5.9330e-05 -5.2693e-05 -4.6537e-05 -4.0871e-05 -3.5697e-05 -3.1008e-05 -2.6787e-05 -2.3016e-05 -1.9669e-05 -1.6718e-05 -1.4135e-05 -1.1886e-05 -9.9426e-06 -8.2728e-06 -6.8471e-06 -5.6373e-06 -4.6169e-06 -3.7614e-06 -3.0485e-06 -2.4578e-06 -1.9712e-06 -1.5728e-06 -1.2484e-06 -9.8580e-07 -7.7441e-07 -6.0522e-07 -4.7055e-07 -3.6397e-07 -2.8009e-07 -2.1443e-07 -1.6332e-07 -1.2376e-07 -9.3300e-08 -6.9979e-08 -5.2219e-08 -3.8768e-08 -2.8635e-08 -2.1043e-08 -1.5385e-08 -1.1191e-08 -8.0994e-09 -5.8320e-09 -4.1780e-09 -2.9780e-09 -2.1118e-09 -1.4900e-09 -1.0460e-09 -7.3057e-10 -5.0768e-10 -3.5101e-10 -2.4147e-10 -1.6527e-10 -1.1255e-10 -7.6255e-11 -5.1406e-11 -3.4480e-11 -2.3010e-11 -1.5279e-11 -1.0094e-11 -6.6349e-12 -4.3394e-12 -2.8237e-12 -1.8282e-12 -1.1778e-12 -7.5489e-13 -4.8143e-13 -3.0548e-13 -1.9287e-13 -1.2115e-13 -7.5725e-14 -4.7092e-14 -2.9139e-14 -1.7940e-14 -1.0990e-14
-8.4471e-05 -1.1860e-04 9.3568e-04 -1.6293e-04 -1.7824e-04 -1.9014e-04 -1.9902e-04 -2.0519e-04 -2.0888e-04 -2.1030e-04 -2.0965e-04 -2.0714e-04 -2.0296e-04 -1.9732e-04 -1.9042e-04 -1.8247e-04 -1.7367e-04 -1.6421e-04 -1.5427e-04 -1.4404e-04 -1.3367e-04 -1.2331e-04 -1.1308e-04 -1.0310e-04 -9.3471e-05 -8.4261e-05 -7.5535e-05 -6.7340e-05 -5.9704e-05 -5.2647e-05 -4.6174e-05 -4.0280e-05 -3.4950e-05 -3.0165e-05 -2.5898e-05 -2.2118e-05 -1.8790e-05 -1.5880e-05 -1.3351e-05 -1.1166e-05 -9.2910e-06 -7.6908e-06 -6.3334e-06 -5.1889e-06 -4.2294e-06 -3.4298e-06 -2.7671e-06 -2.2211e-06 -1.7738e-06 -1.4094e-06 -1.1141e-06 -8.7627e-07 -6.8571e-07 -5.3388e-07 -4.1357e-07 -3.1876e-07 -2.4444e-07 -1.8651e-07 -1.4159e-07 -1.0695e-07 -8.0375e-08 -6.0102e-08 -4.4716e-08 -3.3103e-08 -2.4382e-08 -1.7869e-08 -1.3030e-08 -9.4540e-09 -6.8250e-09 -4.9024e-09 -3.5038e-09 -2.4916e-09 -1.7630e-09 -1.2412e-09 -8.6949e-10 -6.0605e-10 -4.2031e-10 -2.9004e-10 -1.9915e-10 -1.3605e-10 -9.2486e-11 -6.2556e-11 -4.2100e-11 -2.8192e-11 -1.8784e-11 -1.2453e-11 -8.2150e-12 -5.3921e-12 -3.5215e-12 -2.2884e-12 -1.4797e-12 -9.5196e-13 -6.0940e-13 -3.8816e-13 -2.4601e-13 -1.5514e-13 -9.7345e-14 -6.0776e-14 -3.7756e-14 -2.3338e-14 -8.4467e-05 -1.1857e-04 0.0000e+00 -1.6278e-04 -1.7799e-04 -1.8975e-04 -1.9847e-04 -2.0446e-04 -2.0793e-04 -2.0913e-04 -2.0824e-04 -2.0548e-04 -2.0105e-04 -1.9517e-04 -1.8804e-04 -1.7988e-04 -1.7090e-04 -1.6128e-04 -1.5121e-04 -1.4088e-04 -1.3045e-04 -1.2005e-04 -1.0983e-04 -9.9884e-05 -9.0314e-05 -8.1193e-05 -7.2579e-05 -6.4515e-05 -5.7028e-05 -5.0131e-05 -4.3826e-05 -3.8106e-05 -3.2952e-05 -2.8342e-05 -2.4246e-05 -2.0632e-05 -1.7462e-05 -1.4702e-05 -1.2312e-05 -1.0257e-05 -8.4997e-06 -7.0067e-06 -5.7459e-06 -4.6874e-06 -3.8041e-06 -3.0712e-06 -2.4667e-06 -1.9710e-06 -1.5668e-06 -1.2391e-06 -9.7485e-07 -7.6304e-07 -5.9420e-07 -4.6035e-07 -3.5484e-07 -2.7211e-07 -2.0761e-07 -1.5759e-07 -1.1901e-07 -8.9421e-08 -6.6847e-08 -4.9719e-08 -3.6792e-08 -2.7088e-08 -1.9843e-08 -1.4462e-08 -1.0487e-08 -7.5662e-09 -5.4313e-09 -3.8792e-09 -2.7566e-09 -1.9490e-09 -1.3711e-09 -9.5970e-10 -6.6836e-10 -4.6312e-10 -3.1929e-10 -2.1903e-10 -1.4949e-10 -1.0152e-10 -6.8597e-11 -4.6118e-11 -3.0850e-11 -2.0533e-11 -1.3598e-11 -8.9601e-12 -5.8745e-12 -3.8322e-12 -2.4874e-12 -1.6064e-12 -1.0323e-12 -6.6003e-13 -4.1990e-13 -2.6580e-13 -1.6741e-13 -1.0491e-13 -6.5421e-14 -4.0590e-14 -2.5058e-14 -1.5392e-14
-9.5853e-05 -1.3460e-04 -1.6293e-04 1.6632e-03 -2.0258e-04 -2.1625e-04 -2.2655e-04 -2.3380e-04 -2.3827e-04 -2.4018e-04 -2.3977e-04 -2.3724e-04 -2.3283e-04 -2.2675e-04 -2.1922e-04 -2.1048e-04 -2.0075e-04 -1.9023e-04 -1.7914e-04 -1.6766e-04 -1.5598e-04 -1.4427e-04 -1.3267e-04 -1.2131e-04 -1.1030e-04 -9.9737e-05 -8.9691e-05 -8.0219e-05 -7.1362e-05 -6.3143e-05 -5.5574e-05 -4.8655e-05 -4.2373e-05 -3.6710e-05 -3.1639e-05 -2.7126e-05 -2.3138e-05 -1.9634e-05 -1.6575e-05 -1.3922e-05 -1.1633e-05 -9.6714e-06 -7.9996e-06 -6.5832e-06 -5.3902e-06 -4.3910e-06 -3.5590e-06 -2.8701e-06 -2.3029e-06 -1.8385e-06 -1.4604e-06 -1.1542e-06 -9.0760e-07 -7.1012e-07 -5.5283e-07 -4.2822e-07 -3.3004e-07 -2.5309e-07 -1.9311e-07 -1.4661e-07 -1.1075e-07 -8.3246e-08 -6.2258e-08 -4.6328e-08 -3.4303e-08 -2.5272e-08 -1.8525e-08 -1.3512e-08 -9.8062e-09 -7.0813e-09 -5.0880e-09 -3.6375e-09 -2.5876e-09 -1.8315e-09 -1.2899e-09 -9.0391e-10 -6.3026e-10 -4.3727e-10 -3.0185e-10 -2.0734e-10 -1.4170e-10 -9.6363e-11 -6.5203e-11 -4.3899e-11 -2.9408e-11 -1.9602e-11 -1.3001e-11 -8.5796e-12 -5.6336e-12 -3.6807e-12 -2.3928e-12 -1.5477e-12 -9.9614e-13 -6.3792e-13 -4.0648e-13 -2.5772e-13 -1.6258e-13 -1.0205e-13 -6.3739e-14 -3.9610e-14 -9.5844e-05 -1.3455e-04 -1.6278e-04 0.0000e+00 -2.0207e-04 -2.1548e-04 -2.2544e-04 -2.3231e-04 -2.3635e-04 -2.3781e-04 -2.3691e-04 -2.3388e-04 -2.2897e-04 -2.2240e-04 -2.1442e-04 -2.0525e-04 -1.9514e-04 -1.8429e-04 -1.7293e-04 -1.6125e-04 -1.4944e-04 -1.3766e-04 -1.2606e-04 -1.1476e-04 -1.0388e-04 -9.3488e-05 -8.3665e-05 -7.4457e-05 -6.5896e-05 -5.8000e-05 -5.0771e-05 -4.4204e-05 -3.8279e-05 -3.2970e-05 -2.8247e-05 -2.4072e-05 -2.0406e-05 -1.7207e-05 -1.4434e-05 -1.2044e-05 -9.9978e-06 -8.2560e-06 -6.7824e-06 -5.5431e-06 -4.5068e-06 -3.6455e-06 -2.9336e-06 -2.3486e-06 -1.8707e-06 -1.4824e-06 -1.1687e-06 -9.1675e-07 -7.1543e-07 -5.5548e-07 -4.2911e-07 -3.2981e-07 -2.5220e-07 -1.9188e-07 -1.4525e-07 -1.0940e-07 -8.1980e-08 -6.1124e-08 -4.5344e-08 -3.3469e-08 -2.4580e-08 -1.7961e-08 -1.3058e-08 -9.4461e-09 -6.7990e-09 -4.8691e-09 -3.4696e-09 -2.4599e-09 -1.7354e-09 -1.2181e-09 -8.5074e-10 -5.9120e-10 -4.0878e-10 -2.8124e-10 -1.9253e-10 -1.3114e-10 -8.8877e-11 -5.9935e-11 -4.0216e-11 -2.6851e-11 -1.7837e-11 -1.1791e-11 -7.7550e-12 -5.0752e-12 -3.3048e-12 -2.1413e-12 -1.3805e-12 -8.8562e-13 -5.6530e-13 -3.5904e-13 -2.2690e-13 -1.4268e-13 -8.9276e-14 -5.5582e-14 -3.4432e-14 -2.1224e-14
-1.0479e-04 -1.4719e-04 -1.7824e-04 -2.0258e-04 2.5984e-03 -2.3711e-04 -2.4867e-04 -2.5695e-04 -2.6223e-04 -2.6475e-04 -2.6475e-04 -2.6246e-04 -2.5810e-04 -2.5191e-04 -2.4412e-04 -2.3497e-04 -2.2468e-04 -2.1350e-04 -2.0163e-04 -1.8928e-04 -1.7665e-04 -1.6392e-04 -1.5125e-04 -1.3878e-04 -1.2664e-04 -1.1494e-04 -1.0376e-04 -9.3165e-05 -8.3211e-05 -7.3931e-05 -6.5342e-05 -5.7452e-05 -5.0253e-05 -4.3730e-05 -3.7859e-05 -3.2609e-05 -2.7943e-05 -2.3824e-05 -2.0208e-05 -1.7055e-05 -1.4321e-05 -1.1965e-05 -9.9458e-06 -8.2259e-06 -6.7693e-06 -5.5426e-06 -4.5155e-06 -3.6603e-06 -2.9522e-06 -2.3692e-06 -1.8918e-06 -1.5030e-06 -1.1882e-06 -9.3459e-07 -7.3145e-07 -5.6961e-07 -4.4136e-07 -3.4028e-07 -2.6104e-07 -1.9925e-07 -1.5133e-07 -1.1436e-07 -8.5989e-08 -6.4334e-08 -4.7892e-08 -3.5475e-08 -2.6145e-08 -1.9173e-08 -1.3990e-08 -1.0157e-08 -7.3377e-09 -5.2743e-09 -3.7722e-09 -2.6844e-09 -1.9008e-09 -1.3392e-09 -9.3877e-10 -6.5480e-10 -4.5445e-10 -3.1382e-10 -2.1563e-10 -1.4742e-10 -1.0028e-10 -6.7877e-11 -4.5713e-11 -3.0632e-11 -2.0424e-11 -1.3550e-11 -8.9442e-12 -5.8745e-12 -3.8391e-12 -2.4963e-12 -1.6151e-12 -1.0397e-12 -6.6599e-13 -4.2446e-13 -2.6917e-13 -1.6984e-13 -1.0663e-13 -6.6606e-14 -1.0478e-04 -1.4710e-04 -1.7799e-04 -2.0207e-04 0.0000e+00 -2.3579e-04 -2.4679e-04 -2.5441e-04 -2.5896e-04 -2.6069e-04 -2.5986e-04 -2.5670e-04 -2.5149e-04 -2.4446e-04 -2.3587e-04 -2.2599e-04 -2.1504e-04 -2.0329e-04 -1.9095e-04 -1.7825e-04 -1.6538e-04 -1.5253e-04 -1.3985e-04 -1.2748e-04 -1.1554e-04 -1.0413e-04 -9.3325e-05 -8.3178e-05 -7.3728e-05 -6.4997e-05 -5.6991e-05 -4.9703e-05 -4.3116e-05 -3.7204e-05 -3.1933e-05 -2.7265e-05 -2.3157e-05 -1.9566e-05 -1.6446e-05 -1.3752e-05 -1.1440e-05 -9.4675e-06 -7.7949e-06 -6.3850e-06 -5.2034e-06 -4.2188e-06 -3.4031e-06 -2.7312e-06 -2.1808e-06 -1.7325e-06 -1.3694e-06 -1.0770e-06 -8.4270e-07 -6.5606e-07 -5.0819e-07 -3.9167e-07 -3.0035e-07 -2.2916e-07 -1.7397e-07 -1.3141e-07 -9.8768e-08 -7.3861e-08 -5.4959e-08 -4.0690e-08 -2.9975e-08 -2.1972e-08 -1.6025e-08 -1.1629e-08 -8.3975e-09 -6.0336e-09 -4.3135e-09 -3.0685e-09 -2.1719e-09 -1.5297e-09 -1.0720e-09 -7.4752e-10 -5.1867e-10 -3.5809e-10 -2.4600e-10 -1.6816e-10 -1.1438e-10 -7.7409e-11 -5.2130e-11 -3.4932e-11 -2.3292e-11 -1.5453e-11 -1.0202e-11 -6.7017e-12 -4.3805e-12 -2.8491e-12 -1.8439e-12 -1.1874e-12 -7.6087e-13 -4.8513e-13 -3.0779e-13 -1.9431e-13 -1.2206e-13 -7.6295e-14 -4.7453e-14 -2.9368e-14
-1.1169e-04 -1.5693e-04 -1.9014e-04 -2.1625e-04 -2.3711e-04 3.7411e-03 -2.6635e-04 -2.7564e-04 -2.8178e-04 -2.8503e-04 -2.8562e-04 -2.8379e-04 -2.7976e-04 -2.7376e-04 -2.6603e-04 -2.5681e-04 -2.4634e-04 -2.3483e-04 -2.2253e-04 -2.0964e-04 -1.9637e-04 -1.8291e-04 -1.6944e-04 -1.5610e-04 -1.4304e-04 -1.3038e-04 -1.1820e-04 -1.0661e-04 -9.5652e-05 -8.5377e-05 -7.5814e-05 -6.6977e-05 -5.8869e-05 -5.1479e-05 -4.4789e-05 -3.8771e-05 -3.3393e-05 -2.8615e-05 -2.4398e-05 -2.0698e-05 -1.7471e-05 -1.4673e-05 -1.2262e-05 -1.0195e-05 -8.4347e-06 -6.9432e-06 -5.6869e-06 -4.6346e-06 -3.7582e-06 -3.0323e-06 -2.4343e-06 -1.9446e-06 -1.5456e-06 -1.2223e-06 -9.6181e-07 -7.5306e-07 -5.8667e-07 -4.5476e-07 -3.5074e-07 -2.6917e-07 -2.0553e-07 -1.5616e-07 -1.1805e-07 -8.8797e-08 -6.6459e-08 -4.9491e-08 -3.6671e-08 -2.7035e-08 -1.9832e-08 -1.4475e-08 -1.0513e-08 -7.5964e-09 -5.4617e-09 -3.9072e-09 -2.7812e-09 -1.9697e-09 -1.3881e-09 -9.7325e-10 -6.7899e-10 -4.7133e-10 -3.2554e-10 -2.2372e-10 -1.5297e-10 -1.0407e-10 -7.0453e-11 -4.7454e-11 -3.1803e-11 -2.1207e-11 -1.4070e-11 -9.2885e-12 -6.1011e-12 -3.9875e-12 -2.5930e-12 -1.6777e-12 -1.0801e-12 -6.9186e-13 -4.4096e-13 -2.7964e-13 -1.7644e-13 -1.1078e-13 -1.1167e-04 -1.5679e-04 -1.8975e-04 -2.1548e-04 -2.3579e-04 0.0000e+00 -2.6345e-04 -2.7173e-04 -2.7675e-04 -2.7878e-04 -2.7809e-04 -2.7493e-04 -2.6957e-04 -2.6228e-04 -2.5332e-04 -2.4295e-04 -2.3145e-04 -2.1905e-04 -2.0602e-04 -1.9257e-04 -1.7891e-04 -1.6524e-04 -1.5173e-04 -1.3852e-04 -1.2576e-04 -1.1353e-04 -1.0193e-04 -9.1008e-05 -8.0819e-05 -7.1386e-05 -6.2717e-05 -5.4808e-05 -4.7644e-05 -4.1200e-05 -3.5441e-05 -3.0328e-05 -2.5819e-05 -2.1867e-05 -1.8424e-05 -1.5444e-05 -1.2880e-05 -1.0687e-05 -8.8222e-06 -7.2458e-06 -5.9210e-06 -4.8139e-06 -3.8941e-06 -3.1342e-06 -2.5099e-06 -1.9999e-06 -1.5855e-06 -1.2507e-06 -9.8165e-07 -7.6663e-07 -5.9572e-07 -4.6060e-07 -3.5436e-07 -2.7126e-07 -2.0662e-07 -1.5660e-07 -1.1810e-07 -8.8619e-08 -6.6169e-08 -4.9161e-08 -3.6344e-08 -2.6735e-08 -1.9570e-08 -1.4253e-08 -1.0330e-08 -7.4496e-09 -5.3457e-09 -3.8170e-09 -2.7120e-09 -1.9174e-09 -1.3488e-09 -9.4421e-10 -6.5770e-10 -4.5586e-10 -3.1440e-10 -2.1577e-10 -1.4735e-10 -1.0012e-10 -6.7700e-11 -4.5550e-11 -3.0495e-11 -2.0316e-11 -1.3467e-11 -8.8835e-12 -5.8308e-12 -3.8083e-12 -2.4750e-12 -1.6006e-12 -1.0300e-12 -6.5952e-13 -4.2022e-13 -2.6643e-13 -1.6808e-13 -1.0552e-13 -6.5914e-14 -4.0971e-14
-1.1680e-04 -1.6417e-04 -1.9902e-04 -2.2655e-04 -2.4867e-04 -2.6635e-04 5.0910e-03 -2.9042e-04 -2.9749e-04 -3.0159e-04 -3.0295e-04 -3.0180e-04 -2.9835e-04 -2.9283e-04 -2.8548e-04 -2.7652e-04 -2.6617e-04 -2.5468e-04 -2.4227e-04 -2.2915e-04 -2.1553e-04 -2.0161e-04 -1.8758e-04 -1.7359e-04 -1.5979e-04 -1.4632e-04 -1.3330e-04 -1.2080e-04 -1.0892e-04 -9.7706e-05 -8.7201e-05 -7.7430e-05 -6.8408e-05 -6.0132e-05 -5.2591e-05 -4.5765e-05 -3.9626e-05 -3.4138e-05 -2.9262e-05 -2.4958e-05 -2.1180e-05 -1.7885e-05 -1.5026e-05 -1.2561e-05 -1.0449e-05 -8.6476e-06 -7.1213e-06 -5.8351e-06 -4.7572e-06 -3.8591e-06 -3.1149e-06 -2.5016e-06 -1.9990e-06 -1.5894e-06 -1.2574e-06 -9.8978e-07 -7.7521e-07 -6.0411e-07 -4.6842e-07 -3.6139e-07 -2.7741e-07 -2.1188e-07 -1.6102e-07 -1.2176e-07 -9.1604e-08 -6.8573e-08 -5.1075e-08 -3.7852e-08 -2.7911e-08 -2.0477e-08 -1.4948e-08 -1.0857e-08 -7.8466e-09 -5.6422e-09 -4.0367e-09 -2.8736e-09 -2.0353e-09 -1.4344e-09 -1.0058e-09 -7.0171e-10 -4.8711e-10 -3.3645e-10 -2.3122e-10 -1.5810e-10 -1.0756e-10 -7.2814e-11 -4.9043e-11 -3.2867e-11 -2.1916e-11 -1.4540e-11 -9.5982e-12 -6.3043e-12 -4.1200e-12 -2.6790e-12 -1.7332e-12 -1.1158e-12 -7.1465e-13 -4.5544e-13 -2.8880e-13 -1.8221e-13 -1.1676e-04 -1.6397e-04 -1.9847e-04 -2.2544e-04 -2.4679e-04 -2.6345e-04 0.0000e+00 -2.8486e-04 -2.9032e-04 -2.9267e-04 -2.9219e-04 -2.8914e-04 -2.8379e-04 -2.7641e-04 -2.6727e-04 -2.5665e-04 -2.4482e-04 -2.3203e-04 -2.1854e-04 -2.0458e-04 -1.9038e-04 -1.7613e-04 -1.6201e-04 -1.4818e-04 -1.3478e-04 -1.2191e-04 -1.0968e-04 -9.8133e-05 -8.7335e-05 -7.7313e-05 -6.8080e-05 -5.9635e-05 -5.1966e-05 -4.5048e-05 -3.8850e-05 -3.3332e-05 -2.8452e-05 -2.4162e-05 -2.0415e-05 -1.7161e-05 -1.4353e-05 -1.1944e-05 -9.8896e-06 -8.1472e-06 -6.6781e-06 -5.4466e-06 -4.4200e-06 -3.5690e-06 -2.8675e-06 -2.2924e-06 -1.8235e-06 -1.4433e-06 -1.1368e-06 -8.9088e-07 -6.9472e-07 -5.3907e-07 -4.1623e-07 -3.1979e-07 -2.4448e-07 -1.8598e-07 -1.4079e-07 -1.0605e-07 -7.9484e-08 -5.9282e-08 -4.3997e-08 -3.2492e-08 -2.3877e-08 -1.7460e-08 -1.2705e-08 -9.1991e-09 -6.6279e-09 -4.7519e-09 -3.3901e-09 -2.4067e-09 -1.7002e-09 -1.1951e-09 -8.3597e-10 -5.8187e-10 -4.0302e-10 -2.7776e-10 -1.9050e-10 -1.3000e-10 -8.8284e-11 -5.9658e-11 -4.0115e-11 -2.6842e-11 -1.7872e-11 -1.1841e-11 -7.8063e-12 -5.1212e-12 -3.3432e-12 -2.1717e-12 -1.4038e-12 -9.0291e-13 -5.7790e-13 -3.6806e-13 -2.3326e-13 -1.4710e-13 -9.2307e-14 -5.7639e-14
-1.2028e-04 -1.6914e-04 -2.0519e-04 -2.3380e-04 -2.5695e-04 -2.7564e-04 -2.9042e-04 6.6480e-03 -3.0974e-04 -3.1480e-04 -3.1709e-04 -3.1682e-04 -3.1420e-04 -3.0944e-04 -3.0275e-04 -2.9434e-04 -2.8445e-04 -2.7328e-04 -2.6106e-04 -2.4800e-04 -2.3432e-04 -2.2020e-04 -2.0583e-04 -1.9140e-04 -1.7705e-04 -1.6294e-04 -1.4918e-04 -1.3589e-04 -1.2316e-04 -1.1106e-04 -9.9638e-05 -8.8943e-05 -7.8998e-05 -6.9813e-05 -6.1387e-05 -5.3708e-05 -4.6754e-05 -4.0497e-05 -3.4902e-05 -2.9929e-05 -2.5537e-05 -2.1680e-05 -1.8313e-05 -1.5392e-05 -1.2872e-05 -1.0711e-05 -8.8680e-06 -7.3053e-06 -5.9878e-06 -4.8833e-06 -3.9626e-06 -3.1993e-06 -2.5701e-06 -2.0543e-06 -1.6337e-06 -1.2927e-06 -1.0178e-06 -7.9730e-07 -6.2144e-07 -4.8193e-07 -3.7186e-07 -2.8549e-07 -2.1808e-07 -1.6575e-07 -1.2534e-07 -9.4307e-08 -7.0601e-08 -5.2588e-08 -3.8974e-08 -2.8739e-08 -2.1086e-08 -1.5392e-08 -1.1180e-08 -8.0795e-09 -5.8095e-09 -4.1563e-09 -2.9586e-09 -2.0954e-09 -1.4766e-09 -1.0354e-09 -7.2230e-10 -5.0137e-10 -3.4626e-10 -2.3794e-10 -1.6269e-10 -1.1067e-10 -7.4911e-11 -5.0450e-11 -3.3806e-11 -2.2539e-11 -1.4952e-11 -9.8691e-12 -6.4814e-12 -4.2352e-12 -2.7536e-12 -1.7813e-12 -1.1465e-12 -7.3426e-13 -4.6788e-13 -2.9664e-13 -1.2023e-04 -1.6887e-04 -2.0446e-04 -2.3231e-04 -2.5441e-04 -2.7173e-04 -2.8486e-04 0.0000e+00 -3.0007e-04 -3.0277e-04 -3.0256e-04 -2.9972e-04 -2.9452e-04 -2.8721e-04 -2.7809e-04 -2.6742e-04 -2.5547e-04 -2.4251e-04 -2.2879e-04 -2.1456e-04 -2.0003e-04 -1.8541e-04 -1.7088e-04 -1.5662e-04 -1.4276e-04 -1.2942e-04 -1.1670e-04 -1.0466e-04 -9.3375e-05 -8.2868e-05 -7.3160e-05 -6.4255e-05 -5.6144e-05 -4.8806e-05 -4.2210e-05 -3.6321e-05 -3.1095e-05 -2.6487e-05 -2.2448e-05 -1.8930e-05 -1.5883e-05 -1.3260e-05 -1.1015e-05 -9.1052e-06 -7.4889e-06 -6.1289e-06 -4.9911e-06 -4.0445e-06 -3.2612e-06 -2.6166e-06 -2.0891e-06 -1.6597e-06 -1.3121e-06 -1.0322e-06 -8.0803e-07 -6.2943e-07 -4.8789e-07 -3.7633e-07 -2.8885e-07 -2.2062e-07 -1.6768e-07 -1.2682e-07 -9.5445e-08 -7.1480e-08 -5.3271e-08 -3.9505e-08 -2.9153e-08 -2.1409e-08 -1.5644e-08 -1.1376e-08 -8.2318e-09 -5.9274e-09 -4.2472e-09 -3.0283e-09 -2.1487e-09 -1.5171e-09 -1.0659e-09 -7.4519e-10 -5.1844e-10 -3.5892e-10 -2.4726e-10 -1.6950e-10 -1.1563e-10 -7.8491e-11 -5.3019e-11 -3.5638e-11 -2.3837e-11 -1.5866e-11 -1.0508e-11 -6.9256e-12 -4.5420e-12 -2.9641e-12 -1.9249e-12 -1.2439e-12 -7.9986e-13 -5.1181e-13 -3.2588e-13 -2.0647e-13 -1.3018e-13 -8.1670e-14
-1.2229e-04 -1.7204e-04 -2.0888e-04 -2.3827e-04 -2.6223e-04 -2.8178e-04 -2.9749e-04 -3.0974e-04 8.4117e-03 -3.2493e-04 -3.2830e-04 -3.2910e-04 -3.2753e-04 -3.2377e-04 -3.1800e-04 -3.1044e-04 -3.0129e-04 -2.9074e-04 -2.7900e-04 -2.6629e-04 -2.5280e-04 -2.3873e-04 -2.2427e-04 -2.0960e-04 -1.9488e-04 -1.8028e-04 -1.6593e-04 -1.5195e-04 -1.3844e-04 -1.2551e-04 -1.1321e-04 -1.0160e-04 -9.0729e-05 -8.0614e-05 -7.1269e-05 -6.2692e-05 -5.4870e-05 -4.7784e-05 -4.1405e-05 -3.5698e-05 -3.0623e-05 -2.6137e-05 -2.2197e-05 -1.8756e-05 -1.5769e-05 -1.3191e-05 -1.0979e-05 -9.0922e-06 -7.4916e-06 -6.1418e-06 -5.0098e-06 -4.0659e-06 -3.2832e-06 -2.6379e-06 -2.1087e-06 -1.6772e-06 -1.3272e-06 -1.0450e-06 -8.1867e-07 -6.3812e-07 -4.9488e-07 -3.8186e-07 -2.9317e-07 -2.2394e-07 -1.7020e-07 -1.2870e-07 -9.6833e-08 -7.2488e-08 -5.3991e-08 -4.0011e-08 -2.9501e-08 -2.1643e-08 -1.5798e-08 -1.1473e-08 -8.2907e-09 -5.9608e-09 -4.2640e-09 -3.0349e-09 -2.1493e-09 -1.5144e-09 -1.0617e-09 -7.4057e-10 -5.1398e-10 -3.5493e-10 -2.4386e-10 -1.6671e-10 -1.1339e-10 -7.6742e-11 -5.1676e-11 -3.4622e-11 -2.3080e-11 -1.5309e-11 -1.0103e-11 -6.6339e-12 -4.3342e-12 -2.8175e-12 -1.8224e-12 -1.1728e-12 -7.5097e-13 -4.7846e-13 -1.2223e-04 -1.7170e-04 -2.0793e-04 -2.3635e-04 -2.5896e-04 -2.7675e-04 -2.9032e-04 -3.0007e-04 0.0000e+00 -3.0940e-04 -3.0953e-04 -3.0699e-04 -3.0205e-04 -2.9497e-04 -2.8603e-04 -2.7549e-04 -2.6362e-04 -2.5070e-04 -2.3696e-04 -2.2265e-04 -2.0800e-04 -1.9321e-04 -1.7847e-04 -1.6395e-04 -1.4980e-04 -1.3614e-04 -1.2307e-04 -1.1067e-04 -9.8998e-05 -8.8102e-05 -7.8003e-05 -6.8709e-05 -6.0215e-05 -5.2505e-05 -4.5551e-05 -3.9320e-05 -3.3772e-05 -2.8863e-05 -2.4544e-05 -2.0768e-05 -1.7486e-05 -1.4650e-05 -1.2214e-05 -1.0132e-05 -8.3644e-06 -6.8710e-06 -5.6165e-06 -4.5686e-06 -3.6980e-06 -2.9787e-06 -2.3876e-06 -1.9044e-06 -1.5116e-06 -1.1939e-06 -9.3845e-07 -7.3403e-07 -5.7134e-07 -4.4253e-07 -3.4110e-07 -2.6163e-07 -1.9970e-07 -1.5168e-07 -1.1465e-07 -8.6236e-08 -6.4548e-08 -4.8078e-08 -3.5637e-08 -2.6286e-08 -1.9294e-08 -1.4092e-08 -1.0243e-08 -7.4089e-09 -5.3327e-09 -3.8196e-09 -2.7225e-09 -1.9310e-09 -1.3629e-09 -9.5724e-10 -6.6904e-10 -4.6532e-10 -3.2205e-10 -2.2180e-10 -1.5201e-10 -1.0367e-10 -7.0355e-11 -4.7513e-11 -3.1929e-11 -2.1352e-11 -1.4209e-11 -9.4087e-12 -6.1997e-12 -4.0652e-12 -2.6525e-12 -1.7222e-12 -1.1127e-12 -7.1541e-13 -4.5770e-13 -2.9138e-13 -1.8459e-13 -1.1636e-13
-1.2295e-04 -1.7306e-04 -2.1030e-04 -2.4018e-04 -2.6475e-04 -2.8503e-04 -3.0159e-04 -3.1480e-04 -3.2493e-04 1.0382e-02 -3.3676e-04 -3.3880e-04 -3.3846e-04 -3.3592e-04 -3.3133e-04 -3.2488e-04 -3.1673e-04 -3.0707e-04 -2.9609e-04 -2.8399e-04 -2.7096e-04 -2.5718e-04 -2.4286e-04 -2.2816e-04 -2.1326e-04 -1.9834e-04 -1.8352e-04 -1.6897e-04 -1.5478e-04 -1.4108e-04 -1.2794e-04 -1.1545e-04 -1.0365e-04 -9.2598e-05 -8.2306e-05 -7.2791e-05 -6.4052e-05 -5.6080e-05 -4.8853e-05 -4.2344e-05 -3.6517e-05 -3.1334e-05 -2.6750e-05 -2.2723e-05 -1.9204e-05 -1.6148e-05 -1.3510e-05 -1.1246e-05 -9.3145e-06 -7.6755e-06 -6.2930e-06 -5.1334e-06 -4.1664e-06 -3.3645e-06 -2.7032e-06 -2.1609e-06 -1.7186e-06 -1.3600e-06 -1.0708e-06 -8.3882e-07 -6.5378e-07 -5.0699e-07 -3.9117e-07 -3.0029e-07 -2.2936e-07 -1.7430e-07 -1.3179e-07 -9.9143e-08 -7.4209e-08 -5.5265e-08 -4.0950e-08 -3.0190e-08 -2.2145e-08 -1.6162e-08 -1.1736e-08 -8.4794e-09 -6.0955e-09 -4.3597e-09 -3.1026e-09 -2.1968e-09 -1.5477e-09 -1.0848e-09 -7.5660e-10 -5.2503e-10 -3.6250e-10 -2.4902e-10 -1.7021e-10 -1.1576e-10 -7.8329e-11 -5.2736e-11 -3.5327e-11 -2.3546e-11 -1.5615e-11 -1.0304e-11 -6.7648e-12 -4.4191e-12 -2.8722e-12 -1.8575e-12 -1.1952e-12 -7.6522e-13 -1.2287e-04 -1.7263e-04 -2.0913e-04 -2.3781e-04 -2.6069e-04 -2.7878e-04 -2.9267e-04 -3.0277e-04 -3.0940e-04 0.0000e+00 -3.1336e-04 -3.1120e-04 -3.0663e-04 -2.9991e-04 -2.9130e-04 -2.8106e-04 -2.6946e-04 -2.5675e-04 -2.4318e-04 -2.2899e-04 -2.1440e-04 -1.9963e-04 -1.8485e-04 -1.7025e-04 -1.5596e-04 -1.4212e-04 -1.2883e-04 -1.1618e-04 -1.0424e-04 -9.3046e-05 -8.2635e-05 -7.3020e-05 -6.4200e-05 -5.6165e-05 -4.8891e-05 -4.2348e-05 -3.6500e-05 -3.1304e-05 -2.6716e-05 -2.2689e-05 -1.9175e-05 -1.6125e-05 -1.3495e-05 -1.1238e-05 -9.3138e-06 -7.6811e-06 -6.3039e-06 -5.1484e-06 -4.1843e-06 -3.3843e-06 -2.7239e-06 -2.1818e-06 -1.7390e-06 -1.3794e-06 -1.0889e-06 -8.5536e-07 -6.6866e-07 -5.2017e-07 -4.0270e-07 -3.1024e-07 -2.3785e-07 -1.8147e-07 -1.3778e-07 -1.0410e-07 -7.8270e-08 -5.8564e-08 -4.3606e-08 -3.2311e-08 -2.3825e-08 -1.7482e-08 -1.2766e-08 -9.2763e-09 -6.7079e-09 -4.8270e-09 -3.4565e-09 -2.4631e-09 -1.7466e-09 -1.2325e-09 -8.6552e-10 -6.0482e-10 -4.2058e-10 -2.9103e-10 -2.0041e-10 -1.3733e-10 -9.3642e-11 -6.3541e-11 -4.2905e-11 -2.8829e-11 -1.9276e-11 -1.2826e-11 -8.4922e-12 -5.5952e-12 -3.6684e-12 -2.3934e-12 -1.5538e-12 -1.0038e-12 -6.4534e-13 -4.1283e-13 -2.6280e-13 -1.6647e-13
-1.2238e-04 -1.7236e-04 -2.0965e-04 -2.3977e-04 -2.6475e-04 -2.8562e-04 -3.0295e-04 -3.1709e-04 -3.2830e-04 -3.3676e-04 1.2558e-02 -3.4603e-04 -3.4710e-04 -3.4597e-04 -3.4277e-04 -3.3765e-04 -3.3076e-04 -3.2225e-04 -3.1229e-04 -3.0105e-04 -2.8873e-04 -2.7549e-04 -2.6152e-04 -2.4701e-04 -2.3213e-04 -2.1704e-04 -2.0192e-04 -1.8691e-04 -1.7215e-04 -1.5776e-04 -1.4384e-04 -1.3050e-04 -1.1780e-04 -1.0580e-04 -9.4543e-05 -8.4060e-05 -7.4362e-05 -6.5452e-05 -5.7318e-05 -4.9942e-05 -4.3295e-05 -3.7343e-05 -3.2047e-05 -2.7362e-05 -2.3244e-05 -1.9646e-05 -1.6521e-05 -1.3823e-05 -1.1506e-05 -9.5298e-06 -7.8527e-06 -6.4381e-06 -5.2516e-06 -4.2620e-06 -3.4414e-06 -2.7648e-06 -2.2099e-06 -1.7575e-06 -1.3906e-06 -1.0947e-06 -8.5747e-07 -6.6823e-07 -5.1812e-07 -3.9971e-07 -3.0680e-07 -2.3429e-07 -1.7802e-07 -1.3458e-07 -1.0123e-07 -7.5758e-08 -5.6410e-08 -4.1791e-08 -3.0805e-08 -2.2593e-08 -1.6486e-08 -1.1969e-08 -8.6464e-09 -6.2145e-09 -4.4442e-09 -3.1621e-09 -2.2386e-09 -1.5768e-09 -1.1051e-09 -7.7062e-10 -5.3467e-10 -3.6909e-10 -2.5352e-10 -1.7325e-10 -1.1781e-10 -7.9704e-11 -5.3654e-11 -3.5937e-11 -2.3949e-11 -1.5880e-11 -1.0477e-11 -6.8774e-12 -4.4920e-12 -2.9192e-12 -1.8876e-12 -1.2144e-12 -1.2228e-04 -1.7184e-04 -2.0824e-04 -2.3691e-04 -2.5986e-04 -2.7809e-04 -2.9219e-04 -3.0256e-04 -3.0953e-04 -3.1336e-04 0.0000e+00 -3.1259e-04 -3.0849e-04 -3.0224e-04 -2.9409e-04 -2.8431e-04 -2.7313e-04 -2.6080e-04 -2.4758e-04 -2.3368e-04 -2.1933e-04 -2.0474e-04 -1.9009e-04 -1.7555e-04 -1.6127e-04 -1.4739e-04 -1.3401e-04 -1.2123e-04 -1.0911e-04 -9.7711e-05 -8.7066e-05 -7.7196e-05 -6.8107e-05 -5.9792e-05 -5.2235e-05 -4.5410e-05 -3.9284e-05 -3.3819e-05 -2.8973e-05 -2.4701e-05 -2.0957e-05 -1.7694e-05 -1.4867e-05 -1.2432e-05 -1.0345e-05 -8.5667e-06 -7.0600e-06 -5.7903e-06 -4.7260e-06 -3.8388e-06 -3.1030e-06 -2.4962e-06 -1.9984e-06 -1.5921e-06 -1.2623e-06 -9.9604e-07 -7.8212e-07 -6.1118e-07 -4.7529e-07 -3.6783e-07 -2.8329e-07 -2.1712e-07 -1.6561e-07 -1.2570e-07 -9.4950e-08 -7.1375e-08 -5.3393e-08 -3.9747e-08 -2.9446e-08 -2.1708e-08 -1.5926e-08 -1.1628e-08 -8.4480e-09 -6.1079e-09 -4.3946e-09 -3.1465e-09 -2.2419e-09 -1.5896e-09 -1.1216e-09 -7.8752e-10 -5.5026e-10 -3.8260e-10 -2.6473e-10 -1.8228e-10 -1.2489e-10 -8.5157e-11 -5.7780e-11 -3.9012e-11 -2.6212e-11 -1.7525e-11 -1.1660e-11 -7.7197e-12 -5.0860e-12 -3.3344e-12 -2.1753e-12 -1.4122e-12 -9.1231e-13 -5.8647e-13 -3.7516e-13 -2.3881e-13
-1.2070e-04 -1.7011e-04 -2.0714e-04 -2.3724e-04 -2.6246e-04 -2.8379e-04 -3.0180e-04 -3.1682e-04 -3.2910e-04 -3.3880e-04 -3.4603e-04 1.4940e-02 -3.5351e-04 -3.5396e-04 -3.5233e-04 -3.4875e-04 -3.4333e-04 -3.3619e-04 -3.2749e-04 -3.1736e-04 -3.0598e-04 -2.9351e-04 -2.8013e-04 -2.6602e-04 -2.5134e-04 -2.3628e-04 -2.2101e-04 -2.0569e-04 -1.9047e-04 -1.7549e-04 -1.6087e-04 -1.4673e-04 -1.3316e-04 -1.2023e-04 -1.0801e-04 -9.6536e-05 -8.5847e-05 -7.5955e-05 -6.6862e-05 -5.8559e-05 -5.1028e-05 -4.4239e-05 -3.8158e-05 -3.2747e-05 -2.7960e-05 -2.3751e-05 -2.0074e-05 -1.6880e-05 -1.4122e-05 -1.1755e-05 -9.7344e-06 -8.0205e-06 -6.5749e-06 -5.3625e-06 -4.3515e-06 -3.5132e-06 -2.8220e-06 -2.2553e-06 -1.7933e-06 -1.4187e-06 -1.1167e-06 -8.7452e-07 -6.8141e-07 -5.2825e-07 -4.0745e-07 -3.1268e-07 -2.3875e-07 -1.8137e-07 -1.3709e-07 -1.0310e-07 -7.7144e-08 -5.7432e-08 -4.2541e-08 -3.1352e-08 -2.2990e-08 -1.6773e-08 -1.2176e-08 -8.7939e-09 -6.3195e-09 -4.5185e-09 -3.2145e-09 -2.2753e-09 -1.6024e-09 -1.1229e-09 -7.8287e-10 -5.4308e-10 -3.7485e-10 -2.5743e-10 -1.7590e-10 -1.1959e-10 -8.0899e-11 -5.4450e-11 -3.6465e-11 -2.4298e-11 -1.6109e-11 -1.0626e-11 -6.9747e-12 -4.5549e-12 -2.9597e-12 -1.9135e-12 -1.2059e-04 -1.6950e-04 -2.0548e-04 -2.3388e-04 -2.5670e-04 -2.7493e-04 -2.8914e-04 -2.9972e-04 -3.0699e-04 -3.1120e-04 -3.1259e-04 0.0000e+00 -3.0783e-04 -3.0216e-04 -2.9459e-04 -2.8539e-04 -2.7477e-04 -2.6298e-04 -2.5025e-04 -2.3681e-04 -2.2286e-04 -2.0860e-04 -1.9422e-04 -1.7990e-04 -1.6577e-04 -1.5197e-04 -1.3862e-04 -1.2581e-04 -1.1362e-04 -1.0210e-04 -9.1294e-05 -8.1236e-05 -7.1933e-05 -6.3386e-05 -5.5584e-05 -4.8507e-05 -4.2127e-05 -3.6410e-05 -3.1317e-05 -2.6808e-05 -2.2837e-05 -1.9362e-05 -1.6336e-05 -1.3718e-05 -1.1464e-05 -9.5339e-06 -7.8912e-06 -6.5002e-06 -5.3287e-06 -4.3475e-06 -3.5299e-06 -2.8523e-06 -2.2937e-06 -1.8357e-06 -1.4621e-06 -1.1589e-06 -9.1417e-07 -7.1766e-07 -5.6068e-07 -4.3592e-07 -3.3730e-07 -2.5972e-07 -1.9903e-07 -1.5178e-07 -1.1519e-07 -8.6998e-08 -6.5388e-08 -4.8909e-08 -3.6405e-08 -2.6967e-08 -1.9879e-08 -1.4583e-08 -1.0646e-08 -7.7340e-09 -5.5913e-09 -4.0226e-09 -2.8800e-09 -2.0519e-09 -1.4548e-09 -1.0264e-09 -7.2066e-10 -5.0352e-10 -3.5009e-10 -2.4222e-10 -1.6678e-10 -1.1427e-10 -7.7910e-11 -5.2861e-11 -3.5690e-11 -2.3979e-11 -1.6032e-11 -1.0666e-11 -7.0617e-12 -4.6524e-12 -3.0501e-12 -1.9898e-12 -1.2918e-12 -8.3449e-13 -5.3644e-13 -3.4315e-13
-1.1805e-04 -1.6648e-04 -2.0296e-04 -2.3283e-04 -2.5810e-04 -2.7976e-04 -2.9835e-04 -3.1420e-04 -3.2753e-04 -3.3846e-04 -3.4710e-04 -3.5351e-04 1.7527e-02 -3.5990e-04 -3.6000e-04 -3.5812e-04 -3.5436e-04 -3.4880e-04 -3.4157e-04 -3.3277e-04 -3.2257e-04 -3.1109e-04 -2.9852e-04 -2.8501e-04 -2.7075e-04 -2.5591e-04 -2.4066e-04 -2.2519e-04 -2.0964e-04 -1.9419e-04 -1.7896e-04 -1.6409e-04 -1.4970e-04 -1.3587e-04 -1.2270e-04 -1.1024e-04 -9.8539e-05 -8.7633e-05 -7.7538e-05 -6.8257e-05 -5.9780e-05 -5.2090e-05 -4.5157e-05 -3.8948e-05 -3.3422e-05 -2.8533e-05 -2.4236e-05 -2.0481e-05 -1.7220e-05 -1.4404e-05 -1.1988e-05 -9.9261e-06 -8.1772e-06 -6.7022e-06 -5.4654e-06 -4.4342e-06 -3.5793e-06 -2.8746e-06 -2.2969e-06 -1.8261e-06 -1.4444e-06 -1.1367e-06 -8.9000e-07 -6.9333e-07 -5.3740e-07 -4.1442e-07 -3.1798e-07 -2.4275e-07 -1.8438e-07 -1.3934e-07 -1.0477e-07 -7.8380e-08 -5.8341e-08 -4.3207e-08 -3.1838e-08 -2.3342e-08 -1.7027e-08 -1.2358e-08 -8.9242e-09 -6.4121e-09 -4.5839e-09 -3.2605e-09 -2.3076e-09 -1.6249e-09 -1.1384e-09 -7.9362e-10 -5.5046e-10 -3.7989e-10 -2.6085e-10 -1.7822e-10 -1.2115e-10 -8.1942e-11 -5.5145e-11 -3.6925e-11 -2.4601e-11 -1.6308e-11 -1.0757e-11 -7.0593e-12 -4.6096e-12 -2.9949e-12 -1.1792e-04 -1.6578e-04 -2.0105e-04 -2.2897e-04 -2.5149e-04 -2.6957e-04 -2.8379e-04 -2.9452e-04 -3.0205e-04 -3.0663e-04 -3.0849e-04 -3.0783e-04 0.0000e+00 -2.9986e-04 -2.9297e-04 -2.8446e-04 -2.7452e-04 -2.6340e-04 -2.5131e-04 -2.3845e-04 -2.2504e-04 -2.1126e-04 -1.9730e-04 -1.8331e-04 -1.6946e-04 -1.5587e-04 -1.4266e-04 -1.2993e-04 -1.1775e-04 -1.0620e-04 -9.5311e-05 -8.5129e-05 -7.5669e-05 -6.6938e-05 -5.8931e-05 -5.1634e-05 -4.5024e-05 -3.9074e-05 -3.3748e-05 -2.9010e-05 -2.4818e-05 -2.1131e-05 -1.7906e-05 -1.5101e-05 -1.2675e-05 -1.0588e-05 -8.8028e-06 -7.2836e-06 -5.9979e-06 -4.9155e-06 -4.0093e-06 -3.2545e-06 -2.6292e-06 -2.1139e-06 -1.6915e-06 -1.3470e-06 -1.0675e-06 -8.4195e-07 -6.6087e-07 -5.1625e-07 -4.0133e-07 -3.1050e-07 -2.3907e-07 -1.8318e-07 -1.3969e-07 -1.0600e-07 -8.0056e-08 -6.0167e-08 -4.5001e-08 -3.3495e-08 -2.4810e-08 -1.8288e-08 -1.3415e-08 -9.7933e-09 -7.1145e-09 -5.1433e-09 -3.7003e-09 -2.6491e-09 -1.8874e-09 -1.3381e-09 -9.4411e-10 -6.6287e-10 -4.6314e-10 -3.2201e-10 -2.2280e-10 -1.5340e-10 -1.0510e-10 -7.1661e-11 -4.8621e-11 -3.2828e-11 -2.2056e-11 -1.4747e-11 -9.8111e-12 -6.4956e-12 -4.2795e-12 -2.8056e-12 -1.8304e-12 -1.1883e-12 -7.6763e-13 -4.9347e-13
-1.1454e-04 -1.6165e-04 -1.9732e-04 -2.2675e-04 -2.5191e-04 -2.7376e-04 -2.9283e-04 -3.0944e-04 -3.2377e-04 -3.3592e-04 -3.4597e-04 -3.5396e-04 -3.5990e-04 2.0320e-02 -3.6576e-04 -3.6572e-04 -3.6378e-04 -3.5997e-04 -3.5439e-04 -3.4713e-04 -3.3830e-04 -3.2804e-04 -3.1649e-04 -3.0380e-04 -2.9016e-04 -2.7573e-04 -2.6070e-04 -2.4524e-04 -2.2952e-04 -2.1372e-04 -1.9800e-04 -1.8250e-04 -1.6736e-04 -1.5269e-04 -1.3860e-04 -1.2516e-04 -1.1245e-04 -1.0051e-04 -8.9386e-05 -7.9084e-05 -6.9611e-05 -6.0960e-05 -5.3112e-05 -4.6037e-05 -3.9702e-05 -3.4063e-05 -2.9076e-05 -2.4693e-05 -2.0864e-05 -1.7538e-05 -1.4668e-05 -1.2205e-05 -1.0104e-05 -8.3220e-06 -6.8195e-06 -5.5600e-06 -4.5100e-06 -3.6398e-06 -2.9226e-06 -2.3348e-06 -1.8558e-06 -1.4676e-06 -1.1547e-06 -9.0398e-07 -7.0409e-07 -5.4563e-07 -4.2070e-07 -3.2273e-07 -2.4633e-07 -1.8707e-07 -1.4135e-07 -1.0626e-07 -7.9481e-08 -5.9151e-08 -4.3800e-08 -3.2269e-08 -2.3654e-08 -1.7252e-08 -1.2520e-08 -9.0395e-09 -6.4940e-09 -4.6418e-09 -3.3012e-09 -2.3360e-09 -1.6447e-09 -1.1522e-09 -8.0308e-10 -5.5695e-10 -3.8432e-10 -2.6386e-10 -1.8025e-10 -1.2252e-10 -8.2857e-11 -5.5754e-11 -3.7329e-11 -2.4867e-11 -1.6483e-11 -1.0871e-11 -7.1333e-12 -4.6575e-12 -1.1440e-04 -1.6087e-04 -1.9517e-04 -2.2240e-04 -2.4446e-04 -2.6228e-04 -2.7641e-04 -2.8721e-04 -2.9497e-04 -2.9991e-04 -3.0224e-04 -3.0216e-04 -2.9986e-04 0.0000e+00 -2.8942e-04 -2.8167e-04 -2.7253e-04 -2.6218e-04 -2.5083e-04 -2.3869e-04 -2.2594e-04 -2.1276e-04 -1.9934e-04 -1.8582e-04 -1.7236e-04 -1.5909e-04 -1.4612e-04 -1.3357e-04 -1.2150e-04 -1.0999e-04 -9.9098e-05 -8.8859e-05 -7.9300e-05 -7.0433e-05 -6.2262e-05 -5.4778e-05 -4.7967e-05 -4.1804e-05 -3.6261e-05 -3.1304e-05 -2.6898e-05 -2.3003e-05 -1.9579e-05 -1.6586e-05 -1.3984e-05 -1.1734e-05 -9.7997e-06 -8.1455e-06 -6.7385e-06 -5.5480e-06 -4.5461e-06 -3.7075e-06 -3.0092e-06 -2.4307e-06 -1.9541e-06 -1.5635e-06 -1.2449e-06 -9.8657e-07 -7.7807e-07 -6.1070e-07 -4.7704e-07 -3.7084e-07 -2.8690e-07 -2.2089e-07 -1.6925e-07 -1.2906e-07 -9.7939e-08 -7.3964e-08 -5.5588e-08 -4.1576e-08 -3.0946e-08 -2.2922e-08 -1.6897e-08 -1.2395e-08 -9.0484e-09 -6.5734e-09 -4.7522e-09 -3.4189e-09 -2.4478e-09 -1.7440e-09 -1.2365e-09 -8.7240e-10 -6.1253e-10 -4.2797e-10 -2.9757e-10 -2.0589e-10 -1.4176e-10 -9.7133e-11 -6.6229e-11 -4.4936e-11 -3.0341e-11 -2.0386e-11 -1.3630e-11 -9.0685e-12 -6.0041e-12 -3.9557e-12 -2.5934e-12 -1.6920e-12 -1.0985e-12 -7.0963e-13
-1.1029e-04 -1.5579e-04 -1.9042e-04 -2.1922e-04 -2.4412e-04 -2.6603e-04 -2.8548e-04 -3.0275e-04 -3.1800e-04 -3.3133e-04 -3.4277e-04 -3.5233e-04 -3.6000e-04 -3.6576e-04 2.3317e-02 -3.7150e-04 -3.7148e-04 -3.6957e-04 -3.6581e-04 -3.6025e-04 -3.5300e-04 -3.4414e-04 -3.3382e-04 -3.2217e-04 -3.0936e-04 -2.9555e-04 -2.8092e-04 -2.6565e-04 -2.4994e-04 -2.3395e-04 -2.1787e-04 -2.0185e-04 -1.8606e-04 -1.7062e-04 -1.5566e-04 -1.4128e-04 -1.2758e-04 -1.1461e-04 -1.0243e-04 -9.1080e-05 -8.0571e-05 -7.0909e-05 -6.2086e-05 -5.4083e-05 -4.6870e-05 -4.0412e-05 -3.4666e-05 -2.9585e-05 -2.5119e-05 -2.1220e-05 -1.7834e-05 -1.4912e-05 -1.2405e-05 -1.0268e-05 -8.4550e-06 -6.9271e-06 -5.6465e-06 -4.5792e-06 -3.6949e-06 -2.9662e-06 -2.3692e-06 -1.8828e-06 -1.4886e-06 -1.1711e-06 -9.1658e-07 -7.1378e-07 -5.5304e-07 -4.2633e-07 -3.2700e-07 -2.4954e-07 -1.8947e-07 -1.4314e-07 -1.0759e-07 -8.0465e-08 -5.9874e-08 -4.4328e-08 -3.2654e-08 -2.3933e-08 -1.7453e-08 -1.2663e-08 -9.1420e-09 -6.5667e-09 -4.6931e-09 -3.3373e-09 -2.3612e-09 -1.6623e-09 -1.1643e-09 -8.1146e-10 -5.6269e-10 -3.8823e-10 -2.6652e-10 -1.8205e-10 -1.2372e-10 -8.3664e-11 -5.6292e-11 -3.7685e-11 -2.5102e-11 -1.6637e-11 -1.0971e-11 -7.1986e-12 -1.1014e-04 -1.5492e-04 -1.8804e-04 -2.1442e-04 -2.3587e-04 -2.5332e-04 -2.6727e-04 -2.7809e-04 -2.8603e-04 -2.9130e-04 -2.9409e-04 -2.9459e-04 -2.9297e-04 -2.8942e-04 0.0000e+00 -2.7720e-04 -2.6892e-04 -2.5943e-04 -2.4893e-04 -2.3760e-04 -2.2562e-04 -2.1315e-04 -2.0037e-04 -1.8743e-04 -1.7447e-04 -1.6163e-04 -1.4901e-04 -1.3672e-04 -1.2484e-04 -1.1346e-04 -1.0264e-04 -9.2406e-05 -8.2804e-05 -7.3852e-05 -6.5560e-05 -5.7926e-05 -5.0942e-05 -4.4590e-05 -3.8848e-05 -3.3686e-05 -2.9074e-05 -2.4975e-05 -2.1354e-05 -1.8172e-05 -1.5391e-05 -1.2974e-05 -1.0886e-05 -9.0903e-06 -7.5552e-06 -6.2495e-06 -5.1451e-06 -4.2158e-06 -3.4379e-06 -2.7902e-06 -2.2538e-06 -1.8119e-06 -1.4496e-06 -1.1543e-06 -9.1472e-07 -7.2141e-07 -5.6623e-07 -4.4231e-07 -3.4385e-07 -2.6602e-07 -2.0482e-07 -1.5694e-07 -1.1968e-07 -9.0821e-08 -6.8591e-08 -5.1552e-08 -3.8558e-08 -2.8701e-08 -2.1260e-08 -1.5672e-08 -1.1497e-08 -8.3931e-09 -6.0976e-09 -4.4084e-09 -3.1717e-09 -2.2709e-09 -1.6180e-09 -1.1472e-09 -8.0945e-10 -5.6836e-10 -3.9713e-10 -2.7613e-10 -1.9107e-10 -1.3156e-10 -9.0147e-11 -6.1467e-11 -4.1708e-11 -2.8162e-11 -1.8922e-11 -1.2652e-11 -8.4182e-12 -5.5738e-12 -3.6724e-12 -2.4078e-12 -1.5709e-12 -1.0199e-12
-1.0545e-04 -1.4908e-04 -1.8247e-04 -2.1048e-04 -2.3497e-04 -2.5681e-04 -2.7652e-04 -2.9434e-04 -3.1044e-04 -3.2488e-04 -3.3765e-04 -3.4875e-04 -3.5812e-04 -3.6572e-04 -3.7150e-04 2.6518e-02 -3.7741e-04 -3.7749e-04 -3.7567e-04 -3.7198e-04 -3.6646e-04 -3.5920e-04 -3.5030e-04 -3.3988e-04 -3.2810e-04 -3.1511e-04 -3.0109e-04 -2.8622e-04 -2.7069e-04 -2.5469e-04 -2.3840e-04 -2.2201e-04 -2.0568e-04 -1.8957e-04 -1.7382e-04 -1.5856e-04 -1.4389e-04 -1.2991e-04 -1.1669e-04 -1.0427e-04 -9.2696e-05 -8.1984e-05 -7.2137e-05 -6.3148e-05 -5.4996e-05 -4.7651e-05 -4.1076e-05 -3.5227e-05 -3.0057e-05 -2.5515e-05 -2.1549e-05 -1.8106e-05 -1.5136e-05 -1.2589e-05 -1.0418e-05 -8.5767e-06 -7.0253e-06 -5.7253e-06 -4.6422e-06 -3.7450e-06 -3.0059e-06 -2.4004e-06 -1.9072e-06 -1.5077e-06 -1.1858e-06 -9.2796e-07 -7.2251e-07 -5.5971e-07 -4.3140e-07 -3.3083e-07 -2.5243e-07 -1.9163e-07 -1.4475e-07 -1.0879e-07 -8.1345e-08 -6.0521e-08 -4.4801e-08 -3.2997e-08 -2.4181e-08 -1.7632e-08 -1.2791e-08 -9.2333e-09 -6.6315e-09 -4.7389e-09 -3.3694e-09 -2.3837e-09 -1.6779e-09 -1.1751e-09 -8.1890e-10 -5.6779e-10 -3.9171e-10 -2.6888e-10 -1.8364e-10 -1.2480e-10 -8.4381e-11 -5.6769e-11 -3.8001e-11 -2.5310e-11 -1.6773e-11 -1.1060e-11 -1.0528e-04 -1.4813e-04 -1.7988e-04 -2.0525e-04 -2.2599e-04 -2.4295e-04 -2.5665e-04 -2.6742e-04 -2.7549e-04 -2.8106e-04 -2.8431e-04 -2.8539e-04 -2.8446e-04 -2.8167e-04 -2.7720e-04 0.0000e+00 -2.6384e-04 -2.5529e-04 -2.4571e-04 -2.3527e-04 -2.2414e-04 -2.1248e-04 -2.0044e-04 -1.8817e-04 -1.7581e-04 -1.6348e-04 -1.5129e-04 -1.3936e-04 -1.2777e-04 -1.1659e-04 -1.0590e-04 -9.5743e-05 -8.6158e-05 -7.7173e-05 -6.8804e-05 -6.1058e-05 -5.3933e-05 -4.7419e-05 -4.1497e-05 -3.6146e-05 -3.1339e-05 -2.7044e-05 -2.3229e-05 -1.9859e-05 -1.6898e-05 -1.4312e-05 -1.2064e-05 -1.0122e-05 -8.4521e-06 -7.0246e-06 -5.8107e-06 -4.7838e-06 -3.9198e-06 -3.1966e-06 -2.5945e-06 -2.0958e-06 -1.6849e-06 -1.3481e-06 -1.0735e-06 -8.5071e-07 -6.7096e-07 -5.2666e-07 -4.1142e-07 -3.1985e-07 -2.4747e-07 -1.9055e-07 -1.4601e-07 -1.1135e-07 -8.4507e-08 -6.3826e-08 -4.7973e-08 -3.5884e-08 -2.6712e-08 -1.9788e-08 -1.4588e-08 -1.0702e-08 -7.8133e-09 -5.6767e-09 -4.1044e-09 -2.9531e-09 -2.1145e-09 -1.5066e-09 -1.0683e-09 -7.5383e-10 -5.2933e-10 -3.6988e-10 -2.5720e-10 -1.7798e-10 -1.2255e-10 -8.3979e-11 -5.7265e-11 -3.8858e-11 -2.6239e-11 -1.7631e-11 -1.1789e-11 -7.8446e-12 -5.1942e-12 -3.4225e-12 -2.2440e-12 -1.4641e-12
