-3.7206e-09 -2.0045e-11 -5.5327e-11 -1.1383e-10 -1.9943e-10 -3.1572e-10 -4.6611e-10 -6.5398e-10 -8.8270e-10 -1.1557e-09 -1.4764e-09 -1.8485e-09 -2.2755e-09 -2.7611e-09 -3.3090e-09 -3.9227e-09 -4.6055e-09 -5.3602e-09 -6.1889e-09 -7.0925e-09 -8.0702e-09 -9.1190e-09 -1.0233e-08 -1.1400e-08 -1.2607e-08 -1.3829e-08 -1.5036e-08 -1.6189e-08 -1.7235e-08 -1.8114e-08 -1.8756e-08 -1.9086e-08 -1.9026e-08 -1.8513e-08 -1.7504e-08 -1.5996e-08 -1.4036e-08 -1.1735e-08 -9.2616e-09 -6.8229e-09 -4.6290e-09 -2.8460e-09 -1.5551e-09 -7.3779e-10 -2.9545e-10 -9.6526e-11 -2.4692e-11 -4.7051e-12 -6.2867e-13 -5.4724e-14 -2.8371e-15 -7.8509e-17 -1.0138e-18 -5.1787e-21 -8.5374e-24 -3.5306e-27 -2.6793e-31 -2.5273e-36 -1.8203e-42 -5.4293e-50 -3.0990e-59 -1.2727e-70 -1.0819e-84 -3.8625e-102 -7.4292e-124 -5.3889e-151 -4.6078e-185 -4.9258e-228 -1.6207e-282 0.0000e+00 0.0000e+00 0.0000e+00 0.0000e+00 0.0000e+00 0.0000e+00 0.0000e+00 0.0000e+00 0.0000e+00 0.0000e+00 0.0000e+00 0.0000e+00 0.0000e+00 0.0000e+00 0.0000e+00 0.0000e+00 0.0000e+00 0.0000e+00 0.0000e+00 0.0000e+00 0.0000e+00 0.0000e+00 0.0000e+00 0.0000e+00 0.0000e+00 0.0000e+00 0.0000e+00 0.0000e+00 0.0000e+00 0.0000e+00 0.0000e+00 0.0000e+00 2.0045e-11 5.5327e-11 1.1383e-10 1.9943e-10 3.1572e-10 4.6611e-10 6.5398e-10 8.8270e-10 1.1557e-09 1.4764e-09 1.8485e-09 2.2755e-09 2.7611e-09 3.3090e-09 3.9227e-09 4.6055e-09 5.3602e-09 6.1889e-09 7.0925e-09 8.0702e-09 9.1190e-09 1.0233e-08 1.1400e-08 1.2607e-08 1.3829e-08 1.5036e-08 1.6189e-08 1.7235e-08 1.8114e-08 1.8756e-08 1.9086e-08 1.9026e-08 1.8513e-08 1.7504e-08 1.5996e-08 1.4036e-08 1.1735e-08 9.2616e-09 6.8229e-09 4.6290e-09 2.8460e-09 1.5551e-09 7.3779e-10 2.9545e-10 9.6526e-11 2.4692e-11 4.7051e-12 6.2867e-13 5.4724e-14 2.8371e-15 7.8509e-17 1.0138e-18 5.1787e-21 8.5374e-24 3.5306e-27 2.6793e-31 2.5273e-36 1.8203e-42 5.4293e-50 3.0990e-59 1.2727e-70 1.0819e-84 3.8625e-102 7.4292e-124 5.3889e-151 4.6078e-185 4.9258e-228 1.6207e-282 0.0000e+00 0.0000e+00 0.0000e+00 0.0000e+00 0.0000e+00 0.0000e+00 0.0000e+00 0.0000e+00 0.0000e+00 0.0000e+00 0.0000e+00 0.0000e+00 0.0000e+00 0.0000e+00 0.0000e+00 0.0000e+00 0.0000e+00 0.0000e+00 0.0000e+00 0.0000e+00 0.0000e+00 0.0000e+00 0.0000e+00 0.0000e+00 0.0000e+00 0.0000e+00 0.0000e+00 0.0000e+00 0.0000e+00 0.0000e+00 0.0000e+00
-2.0045e-11 3.0248e-10 -3.1328e-10 -6.4455e-10 -1.1293e-09 -1.7877e-09 -2.6392e-09 -3.7030e-09 -4.9981e-09 -6.5439e-09 -8.3601e-09 -1.0467e-08 -1.2885e-08 -1.5634e-08 -1.8737e-08 -2.2212e-08 -2.6078e-08 -3.0351e-08 -3.5044e-08 -4.0160e-08 -4.5696e-08 -5.1635e-08 -5.7940e-08 -6.4553e-08 -7.1384e-08 -7.8305e-08 -8.5141e-08 -9.1665e-08 -9.7589e-08 -1.0257e-07 -1.0621e-07 -1.0807e-07 -1.0773e-07 -1.0483e-07 -9.9116e-08 -9.0573e-08 -7.9477e-08 -6.6449e-08 -5.2442e-08 -3.8633e-08 -2.6211e-08 -1.6115e-08 -8.8057e-09 -4.1776e-09 -1.6729e-09 -5.4656e-10 -1.3981e-10 -2.6642e-11 -3.5598e-12 -3.0987e-13 -1.6065e-14 -4.4454e-16 -5.7403e-18 -2.9324e-20 -4.8341e-23 -1.9992e-26 -1.5171e-30 -1.4310e-35 -1.0307e-41 -3.0742e-49 -1.7548e-58 -7.2065e-70 -6.1261e-84 -2.1871e-101 -4.2067e-123 -3.0514e-150 -2.6091e-184 -2.7892e-227 -9.1772e-282 0.0000e+00 0.0000e+00 0.0000e+00 0.0000e+00 0.0000e+00 0.0000e+00 0.0000e+00 0.0000e+00 0.0000e+00 0.0000e+00 0.0000e+00 0.0000e+00 0.0000e+00 0.0000e+00 0.0000e+00 0.0000e+00 0.0000e+00 0.0000e+00 0.0000e+00 0.0000e+00 0.0000e+00 0.0000e+00 0.0000e+00 0.0000e+00 0.0000e+00 0.0000e+00 0.0000e+00 0.0000e+00 0.0000e+00 0.0000e+00 0.0000e+00 2.0045e-11 0.0000e+00 3.1328e-10 6.4455e-10 1.1293e-09 1.7877e-09 2.6392e-09 3.7030e-09 4.9981e-09 6.5439e-09 8.3601e-09 1.0467e-08 1.2885e-08 1.5634e-08 1.8737e-08 2.2212e-08 2.6078e-08 3.0351e-08 3.5044e-08 4.0160e-08 4.5696e-08 5.1635e-08 5.7940e-08 6.4553e-08 7.1384e-08 7.8305e-08 8.5141e-08 9.1665e-08 9.7589e-08 1.0257e-07 1.0621e-07 1.0807e-07 1.0773e-07 1.0483e-07 9.9116e-08 9.0573e-08 7.9477e-08 6.6449e-08 5.2442e-08 3.8633e-08 2.6211e-08 1.6115e-08 8.8057e-09 4.1776e-09 1.6729e-09 5.4656e-10 1.3981e-10 2.6642e-11 3.5598e-12 3.0987e-13 1.6065e-14 4.4454e-16 5.7403e-18 2.9324e-20 4.8341e-23 1.9992e-26 1.5171e-30 1.4310e-35 1.0307e-41 3.0742e-49 1.7547e-58 7.2065e-70 6.1261e-84 2.1871e-101 4.2067e-123 3.0514e-150 2.6091e-184 2.7892e-227 9.1771e-282 0.0000e+00 0.0000e+00 0.0000e+00 0.0000e+00 0.0000e+00 0.0000e+00 0.0000e+00 0.0000e+00 0.0000e+00 0.0000e+00 0.0000e+00 0.0000e+00 0.0000e+00 0.0000e+00 0.0000e+00 0.0000e+00 0.0000e+00 0.0000e+00 0.0000e+00 0.0000e+00 0.0000e+00 0.0000e+00 0.0000e+00 0.0000e+00 0.0000e+00 0.0000e+00 0.0000e+00 0.0000e+00 0.0000e+00 0.0000e+00 0.0000e+00
-5.5327e-11 -3.1328e-10 3.5920e-09 -1.7790e-09 -3.1169e-09 -4.9342e-09 -7.2846e-09 -1.0221e-08 -1.3796e-08 -1.8062e-08 -2.3075e-08 -2.8890e-08 -3.5563e-08 -4.3153e-08 -5.1716e-08 -6.1307e-08 -7.1979e-08 -8.3774e-08 -9.6725e-08 -1.1085e-07 -1.2613e-07 -1.4252e-07 -1.5992e-07 -1.7818e-07 -1.9703e-07 -2.1613e-07 -2.3500e-07 -2.5301e-07 -2.6936e-07 -2.8310e-07 -2.9314e-07 -2.9828e-07 -2.9736e-07 -2.8934e-07 -2.7357e-07 -2.4999e-07 -2.1937e-07 -1.8341e-07 -1.4475e-07 -1.0663e-07 -7.2346e-08 -4.4480e-08 -2.4305e-08 -1.1531e-08 -4.6175e-09 -1.5086e-09 -3.8590e-10 -7.3535e-11 -9.8254e-12 -8.5528e-13 -4.4341e-14 -1.2270e-15 -1.5844e-17 -8.0938e-20 -1.3343e-22 -5.5180e-26 -4.1875e-30 -3.9499e-35 -2.8450e-41 -8.4855e-49 -4.8435e-58 -1.9892e-69 -1.6910e-83 -6.0370e-101 -1.1612e-122 -8.4231e-150 -7.2024e-184 -7.6998e-227 -2.5335e-281 0.0000e+00 0.0000e+00 0.0000e+00 0.0000e+00 0.0000e+00 0.0000e+00 0.0000e+00 0.0000e+00 0.0000e+00 0.0000e+00 0.0000e+00 0.0000e+00 0.0000e+00 0.0000e+00 0.0000e+00 0.0000e+00 0.0000e+00 0.0000e+00 0.0000e+00 0.0000e+00 0.0000e+00 0.0000e+00 0.0000e+00 0.0000e+00 0.0000e+00 0.0000e+00 0.0000e+00 0.0000e+00 0.0000e+00 0.0000e+00 0.0000e+00 5.5327e-11 3.1328e-10 0.0000e+00 1.7790e-09 3.1169e-09 4.9342e-09 7.2846e-09 1.0221e-08 1.3796e-08 1.8062e-08 2.3075e-08 2.8890e-08 3.5563e-08 4.3153e-08 5.1716e-08 6.1307e-08 7.1979e-08 8.3774e-08 9.6725e-08 1.1085e-07 1.2613e-07 1.4252e-07 1.5992e-07 1.7818e-07 1.9703e-07 2.1613e-07 2.3500e-07 2.5301e-07 2.6936e-07 2.8310e-07 2.9314e-07 2.9828e-07 2.9736e-07 2.8934e-07 2.7357e-07 2.4999e-07 2.1937e-07 1.8341e-07 1.4475e-07 1.0663e-07 7.2346e-08 4.4480e-08 2.4305e-08 1.1531e-08 4.6175e-09 1.5086e-09 3.8590e-10 7.3534e-11 9.8254e-12 8.5527e-13 4.4341e-14 1.2270e-15 1.5844e-17 8.0937e-20 1.3343e-22 5.5179e-26 4.1874e-30 3.9498e-35 2.8449e-41 8.4852e-49 4.8433e-58 1.9891e-69 1.6909e-83 6.0366e-101 1.1611e-122 8.4222e-150 7.2014e-184 7.6985e-227 2.5330e-281 0.0000e+00 0.0000e+00 0.0000e+00 0.0000e+00 0.0000e+00 0.0000e+00 0.0000e+00 0.0000e+00 0.0000e+00 0.0000e+00 0.0000e+00 0.0000e+00 0.0000e+00 0.0000e+00 0.0000e+00 0.0000e+00 0.0000e+00 0.0000e+00 0.0000e+00 0.0000e+00 0.0000e+00 0.0000e+00 0.0000e+00 0.0000e+00 0.0000e+00 0.0000e+00 0.0000e+00 0.0000e+00 0.0000e+00 0.0000e+00 0.0000e+00
-1.1383e-10 -6.4455e-10 -1.7790e-09 2.0246e-08 -6.4129e-09 -1.0152e-08 -1.4988e-08 -2.1029e-08 -2.8383e-08 -3.7162e-08 -4.7475e-08 -5.9439e-08 -7.3169e-08 -8.8785e-08 -1.0640e-07 -1.2614e-07 -1.4809e-07 -1.7236e-07 -1.9901e-07 -2.2806e-07 -2.5950e-07 -2.9322e-07 -3.2903e-07 -3.6659e-07 -4.0538e-07 -4.4468e-07 -4.8350e-07 -5.2055e-07 -5.5419e-07 -5.8247e-07 -6.0312e-07 -6.1370e-07 -6.1180e-07 -5.9530e-07 -5.6286e-07 -5.1435e-07 -4.5134e-07 -3.7735e-07 -2.9781e-07 -2.1939e-07 -1.4885e-07 -9.1515e-08 -5.0006e-08 -2.3724e-08 -9.5003e-09 -3.1039e-09 -7.9398e-10 -1.5130e-10 -2.0216e-11 -1.7597e-12 -9.1232e-14 -2.5246e-15 -3.2600e-17 -1.6653e-19 -2.7454e-22 -1.1354e-25 -8.6163e-30 -8.1275e-35 -5.8541e-41 -1.7461e-48 -9.9672e-58 -4.0936e-69 -3.4801e-83 -1.2425e-100 -2.3901e-122 -1.7339e-149 -1.4828e-183 -1.5855e-226 -5.2178e-281 0.0000e+00 0.0000e+00 0.0000e+00 0.0000e+00 0.0000e+00 0.0000e+00 0.0000e+00 0.0000e+00 0.0000e+00 0.0000e+00 0.0000e+00 0.0000e+00 0.0000e+00 0.0000e+00 0.0000e+00 0.0000e+00 0.0000e+00 0.0000e+00 0.0000e+00 0.0000e+00 0.0000e+00 0.0000e+00 0.0000e+00 0.0000e+00 0.0000e+00 0.0000e+00 0.0000e+00 0.0000e+00 0.0000e+00 0.0000e+00 0.0000e+00 1.1383e-10 6.4455e-10 1.7790e-09 0.0000e+00 6.4129e-09 1.0152e-08 1.4988e-08 2.1029e-08 2.8383e-08 3.7162e-08 4.7475e-08 5.9439e-08 7.3169e-08 8.8785e-08 1.0640e-07 1.2614e-07 1.4809e-07 1.7236e-07 1.9901e-07 2.2806e-07 2.5950e-07 2.9322e-07 3.2903e-07 3.6659e-07 4.0538e-07 4.4468e-07 4.8350e-07 5.2055e-07 5.5419e-07 5.8247e-07 6.0312e-07 6.1370e-07 6.1180e-07 5.9530e-07 5.6286e-07 5.1435e-07 4.5133e-07 3.7735e-07 2.9781e-07 2.1939e-07 1.4885e-07 9.1514e-08 5.0006e-08 2.3724e-08 9.5002e-09 3.1038e-09 7.9397e-10 1.5129e-10 2.0215e-11 1.7597e-12 9.1229e-14 2.5245e-15 3.2598e-17 1.6652e-19 2.7452e-22 1.1353e-25 8.6154e-30 8.1265e-35 5.8532e-41 1.7458e-48 9.9649e-58 4.0924e-69 3.4789e-83 1.2420e-100 2.3889e-122 1.7328e-149 1.4817e-183 1.5839e-226 5.2115e-281 0.0000e+00 0.0000e+00 0.0000e+00 0.0000e+00 0.0000e+00 0.0000e+00 0.0000e+00 0.0000e+00 0.0000e+00 0.0000e+00 0.0000e+00 0.0000e+00 0.0000e+00 0.0000e+00 0.0000e+00 0.0000e+00 0.0000e+00 0.0000e+00 0.0000e+00 0.0000e+00 0.0000e+00 0.0000e+00 0.0000e+00 0.0000e+00 0.0000e+00 0.0000e+00 0.0000e+00 0.0000e+00 0.0000e+00 0.0000e+00 0.0000e+00
-1.9943e-10 -1.1293e-09 -3.1169e-09 -6.4129e-09 7.7570e-08 -1.7786e-08 -2.6259e-08 -3.6843e-08 -4.9728e-08 -6.5108e-08 -8.3177e-08 -1.0414e-07 -1.2819e-07 -1.5555e-07 -1.8642e-07 -2.2099e-07 -2.5946e-07 -3.0198e-07 -3.4866e-07 -3.9957e-07 -4.5465e-07 -5.1373e-07 -5.7647e-07 -6.4226e-07 -7.1023e-07 -7.7908e-07 -8.4710e-07 -9.1201e-07 -9.7095e-07 -1.0205e-06 -1.0567e-06 -1.0752e-06 -1.0719e-06 -1.0430e-06 -9.8614e-07 -9.0115e-07 -7.9075e-07 -6.6113e-07 -5.2177e-07 -3.8438e-07 -2.6079e-07 -1.6034e-07 -8.7614e-08 -4.1566e-08 -1.6645e-08 -5.4382e-09 -1.3911e-09 -2.6509e-10 -3.5420e-11 -3.0833e-12 -1.5986e-13 -4.4236e-15 -5.7123e-17 -2.9182e-19 -4.8110e-22 -1.9897e-25 -1.5100e-29 -1.4245e-34 -1.0261e-40 -3.0609e-48 -1.7474e-57 -7.1777e-69 -6.1030e-83 -2.1795e-100 -4.1936e-122 -3.0433e-149 -2.6037e-183 -2.7854e-226 -9.1730e-281 0.0000e+00 0.0000e+00 0.0000e+00 0.0000e+00 0.0000e+00 0.0000e+00 0.0000e+00 0.0000e+00 0.0000e+00 0.0000e+00 0.0000e+00 0.0000e+00 0.0000e+00 0.0000e+00 0.0000e+00 0.0000e+00 0.0000e+00 0.0000e+00 0.0000e+00 0.0000e+00 0.0000e+00 0.0000e+00 0.0000e+00 0.0000e+00 0.0000e+00 0.0000e+00 0.0000e+00 0.0000e+00 0.0000e+00 0.0000e+00 0.0000e+00 1.9943e-10 1.1293e-09 3.1169e-09 6.4129e-09 0.0000e+00 1.7786e-08 2.6259e-08 3.6843e-08 4.9728e-08 6.5108e-08 8.3177e-08 1.0414e-07 1.2819e-07 1.5555e-07 1.8642e-07 2.2099e-07 2.5946e-07 3.0198e-07 3.4866e-07 3.9957e-07 4.5465e-07 5.1373e-07 5.7647e-07 6.4226e-07 7.1023e-07 7.7908e-07 8.4710e-07 9.1200e-07 9.7095e-07 1.0205e-06 1.0567e-06 1.0752e-06 1.0719e-06 1.0430e-06 9.8613e-07 9.0115e-07 7.9074e-07 6.6112e-07 5.2177e-07 3.8438e-07 2.6078e-07 1.6033e-07 8.7611e-08 4.1564e-08 1.6645e-08 5.4379e-09 1.3910e-09 2.6507e-10 3.5417e-11 3.0830e-12 1.5983e-13 4.4229e-15 5.7112e-17 2.9175e-19 4.8096e-22 1.9890e-25 1.5094e-29 1.4238e-34 1.0255e-40 3.0586e-48 1.7459e-57 7.1700e-69 6.0951e-83 2.1760e-100 4.1853e-122 3.0359e-149 2.5959e-183 2.7750e-226 9.1306e-281 0.0000e+00 0.0000e+00 0.0000e+00 0.0000e+00 0.0000e+00 0.0000e+00 0.0000e+00 0.0000e+00 0.0000e+00 0.0000e+00 0.0000e+00 0.0000e+00 0.0000e+00 0.0000e+00 0.0000e+00 0.0000e+00 0.0000e+00 0.0000e+00 0.0000e+00 0.0000e+00 0.0000e+00 0.0000e+00 0.0000e+00 0.0000e+00 0.0000e+00 0.0000e+00 0.0000e+00 0.0000e+00 0.0000e+00 0.0000e+00 0.0000e+00
-3.1572e-10 -1.7877e-09 -4.9342e-09 -1.0152e-08 -1.7786e-08 2.3286e-07 -4.1569e-08 -5.8324e-08 -7.8722e-08 -1.0307e-07 -1.3167e-07 -1.6486e-07 -2.0294e-07 -2.4625e-07 -2.9511e-07 -3.4984e-07 -4.1074e-07 -4.7805e-07 -5.5195e-07 -6.3254e-07 -7.1973e-07 -8.1327e-07 -9.1258e-07 -1.0167e-06 -1.1243e-06 -1.2333e-06 -1.3410e-06 -1.4438e-06 -1.5371e-06 -1.6155e-06 -1.6728e-06 -1.7021e-06 -1.6969e-06 -1.6511e-06 -1.5611e-06 -1.4266e-06 -1.2518e-06 -1.0466e-06 -8.2602e-07 -6.0852e-07 -4.1286e-07 -2.5384e-07 -1.3871e-07 -6.5806e-08 -2.6353e-08 -8.6098e-09 -2.2025e-09 -4.1971e-10 -5.6082e-11 -4.8821e-12 -2.5313e-13 -7.0050e-15 -9.0464e-17 -4.6217e-19 -7.6203e-22 -3.1519e-25 -2.3924e-29 -2.2572e-34 -1.6263e-40 -4.8525e-48 -2.7711e-57 -1.1387e-68 -9.6867e-83 -3.4613e-100 -6.6648e-122 -4.8411e-149 -4.1465e-183 -4.4422e-226 -1.4656e-280 0.0000e+00 0.0000e+00 0.0000e+00 0.0000e+00 0.0000e+00 0.0000e+00 0.0000e+00 0.0000e+00 0.0000e+00 0.0000e+00 0.0000e+00 0.0000e+00 0.0000e+00 0.0000e+00 0.0000e+00 0.0000e+00 0.0000e+00 0.0000e+00 0.0000e+00 0.0000e+00 0.0000e+00 0.0000e+00 0.0000e+00 0.0000e+00 0.0000e+00 0.0000e+00 0.0000e+00 0.0000e+00 0.0000e+00 0.0000e+00 0.0000e+00 3.1572e-10 1.7877e-09 4.9342e-09 1.0152e-08 1.7786e-08 0.0000e+00 4.1569e-08 5.8324e-08 7.8722e-08 1.0307e-07 1.3167e-07 1.6486e-07 2.0294e-07 2.4625e-07 2.9511e-07 3.4984e-07 4.1074e-07 4.7805e-07 5.5195e-07 6.3254e-07 7.1973e-07 8.1327e-07 9.1258e-07 1.0167e-06 1.1243e-06 1.2333e-06 1.3410e-06 1.4438e-06 1.5371e-06 1.6155e-06 1.6728e-06 1.7021e-06 1.6968e-06 1.6511e-06 1.5611e-06 1.4266e-06 1.2518e-06 1.0466e-06 8.2598e-07 6.0849e-07 4.1283e-07 2.5382e-07 1.3869e-07 6.5799e-08 2.6349e-08 8.6085e-09 2.2021e-09 4.1962e-10 5.6067e-11 4.8805e-12 2.5303e-13 7.0017e-15 9.0412e-17 4.6186e-19 7.6139e-22 3.1488e-25 2.3895e-29 2.2539e-34 1.6234e-40 4.8420e-48 2.7638e-57 1.1350e-68 9.6488e-83 3.4447e-100 6.6256e-122 4.8060e-149 4.1094e-183 4.3930e-226 1.4454e-280 0.0000e+00 0.0000e+00 0.0000e+00 0.0000e+00 0.0000e+00 0.0000e+00 0.0000e+00 0.0000e+00 0.0000e+00 0.0000e+00 0.0000e+00 0.0000e+00 0.0000e+00 0.0000e+00 0.0000e+00 0.0000e+00 0.0000e+00 0.0000e+00 0.0000e+00 0.0000e+00 0.0000e+00 0.0000e+00 0.0000e+00 0.0000e+00 0.0000e+00 0.0000e+00 0.0000e+00 0.0000e+00 0.0000e+00 0.0000e+00 0.0000e+00
-4.6611e-10 -2.6392e-09 -7.2846e-09 -1.4988e-08 -2.6259e-08 -4.1569e-08 5.9092e-07 -8.6106e-08 -1.1622e-07 -1.5217e-07 -1.9440e-07 -2.4338e-07 -2.9961e-07 -3.6355e-07 -4.3568e-07 -5.1649e-07 -6.0639e-07 -7.0576e-07 -8.1487e-07 -9.3384e-07 -1.0626e-06 -1.2007e-06 -1.3473e-06 -1.5011e-06 -1.6599e-06 -1.8208e-06 -1.9798e-06 -2.1315e-06 -2.2693e-06 -2.3851e-06 -2.4696e-06 -2.5130e-06 -2.5052e-06 -2.4377e-06 -2.3048e-06 -2.1062e-06 -1.8482e-06 -1.5453e-06 -1.2196e-06 -8.9845e-07 -6.0958e-07 -3.7479e-07 -2.0480e-07 -9.7168e-08 -3.8913e-08 -1.2714e-08 -3.2526e-09 -6.1985e-10 -8.2832e-11 -7.2113e-12 -3.7393e-13 -1.0349e-14 -1.3367e-16 -6.8305e-19 -1.1265e-21 -4.6605e-25 -3.5386e-29 -3.3400e-34 -2.4076e-40 -7.1878e-48 -4.1076e-57 -1.6894e-68 -1.4387e-82 -5.1478e-100 -9.9288e-122 -7.2269e-149 -6.2061e-183 -6.6705e-226 -2.2098e-280 0.0000e+00 0.0000e+00 0.0000e+00 0.0000e+00 0.0000e+00 0.0000e+00 0.0000e+00 0.0000e+00 0.0000e+00 0.0000e+00 0.0000e+00 0.0000e+00 0.0000e+00 0.0000e+00 0.0000e+00 0.0000e+00 0.0000e+00 0.0000e+00 0.0000e+00 0.0000e+00 0.0000e+00 0.0000e+00 0.0000e+00 0.0000e+00 0.0000e+00 0.0000e+00 0.0000e+00 0.0000e+00 0.0000e+00 0.0000e+00 0.0000e+00 4.6611e-10 2.6392e-09 7.2846e-09 1.4988e-08 2.6259e-08 4.1569e-08 0.0000e+00 8.6106e-08 1.1622e-07 1.5217e-07 1.9440e-07 2.4338e-07 2.9961e-07 3.6355e-07 4.3568e-07 5.1649e-07 6.0639e-07 7.0576e-07 8.1487e-07 9.3384e-07 1.0626e-06 1.2007e-06 1.3473e-06 1.5011e-06 1.6599e-06 1.8208e-06 1.9798e-06 2.1315e-06 2.2692e-06 2.3850e-06 2.4696e-06 2.5129e-06 2.5051e-06 2.4376e-06 2.3047e-06 2.1061e-06 1.8481e-06 1.5451e-06 1.2194e-06 8.9834e-07 6.0948e-07 3.7472e-07 2.0476e-07 9.7142e-08 3.8901e-08 1.2709e-08 3.2511e-09 6.1950e-10 8.2775e-11 7.2053e-12 3.7356e-13 1.0337e-14 1.3348e-16 6.8186e-19 1.1241e-21 4.6486e-25 3.5277e-29 3.3275e-34 2.3967e-40 7.1485e-48 4.0803e-57 1.6757e-68 1.4245e-82 5.0856e-100 9.7817e-122 7.0953e-149 6.0669e-183 6.4856e-226 2.1339e-280 0.0000e+00 0.0000e+00 0.0000e+00 0.0000e+00 0.0000e+00 0.0000e+00 0.0000e+00 0.0000e+00 0.0000e+00 0.0000e+00 0.0000e+00 0.0000e+00 0.0000e+00 0.0000e+00 0.0000e+00 0.0000e+00 0.0000e+00 0.0000e+00 0.0000e+00 0.0000e+00 0.0000e+00 0.0000e+00 0.0000e+00 0.0000e+00 0.0000e+00 0.0000e+00 0.0000e+00 0.0000e+00 0.0000e+00 0.0000e+00 0.0000e+00
-6.5398e-10 -3.7030e-09 -1.0221e-08 -2.1029e-08 -3.6843e-08 -5.8324e-08 -8.6106e-08 1.3263e-06 -1.6307e-07 -2.1350e-07 -2.7275e-07 -3.4148e-07 -4.2037e-07 -5.1008e-07 -6.1129e-07 -7.2467e-07 -8.5081e-07 -9.9023e-07 -1.1433e-06 -1.3102e-06 -1.4909e-06 -1.6846e-06 -1.8903e-06 -2.1061e-06 -2.3290e-06 -2.5548e-06 -2.7778e-06 -2.9907e-06 -3.1840e-06 -3.3465e-06 -3.4651e-06 -3.5260e-06 -3.5151e-06 -3.4203e-06 -3.2340e-06 -2.9554e-06 -2.5934e-06 -2.1683e-06 -1.7113e-06 -1.2608e-06 -8.5543e-07 -5.2598e-07 -2.8743e-07 -1.3638e-07 -5.4620e-08 -1.7847e-08 -4.5663e-09 -8.7031e-10 -1.1632e-10 -1.0128e-11 -5.2530e-13 -1.4543e-14 -1.8789e-16 -9.6045e-19 -1.5846e-21 -6.5597e-25 -4.9839e-29 -4.7079e-34 -3.3970e-40 -1.0154e-47 -5.8111e-57 -2.3943e-68 -2.0435e-82 -7.3318e-100 -1.4189e-121 -1.0371e-148 -8.9526e-183 -9.6852e-226 -3.2347e-280 0.0000e+00 0.0000e+00 0.0000e+00 0.0000e+00 0.0000e+00 0.0000e+00 0.0000e+00 0.0000e+00 0.0000e+00 0.0000e+00 0.0000e+00 0.0000e+00 0.0000e+00 0.0000e+00 0.0000e+00 0.0000e+00 0.0000e+00 0.0000e+00 0.0000e+00 0.0000e+00 0.0000e+00 0.0000e+00 0.0000e+00 0.0000e+00 0.0000e+00 0.0000e+00 0.0000e+00 0.0000e+00 0.0000e+00 0.0000e+00 0.0000e+00 6.5398e-10 3.7030e-09 1.0221e-08 2.1029e-08 3.6843e-08 5.8324e-08 8.6106e-08 0.0000e+00 1.6307e-07 2.1350e-07 2.7275e-07 3.4148e-07 4.2037e-07 5.1008e-07 6.1129e-07 7.2467e-07 8.5081e-07 9.9023e-07 1.1433e-06 1.3102e-06 1.4909e-06 1.6846e-06 1.8903e-06 2.1061e-06 2.3289e-06 2.5547e-06 2.7778e-06 2.9906e-06 3.1839e-06 3.3463e-06 3.4650e-06 3.5258e-06 3.5148e-06 3.4201e-06 3.2337e-06 2.9550e-06 2.5930e-06 2.1679e-06 1.7110e-06 1.2604e-06 8.5515e-07 5.2576e-07 2.8729e-07 1.3630e-07 5.4580e-08 1.7832e-08 4.5614e-09 8.6920e-10 1.1614e-10 1.0110e-11 5.2412e-13 1.4503e-14 1.8728e-16 9.5669e-19 1.5772e-21 6.5224e-25 4.9496e-29 4.6687e-34 3.3627e-40 1.0030e-47 5.7249e-57 2.3511e-68 1.9987e-82 7.1353e-100 1.3724e-121 9.9550e-149 8.5121e-183 9.0994e-226 2.9939e-280 0.0000e+00 0.0000e+00 0.0000e+00 0.0000e+00 0.0000e+00 0.0000e+00 0.0000e+00 0.0000e+00 0.0000e+00 0.0000e+00 0.0000e+00 0.0000e+00 0.0000e+00 0.0000e+00 0.0000e+00 0.0000e+00 0.0000e+00 0.0000e+00 0.0000e+00 0.0000e+00 0.0000e+00 0.0000e+00 0.0000e+00 0.0000e+00 0.0000e+00 0.0000e+00 0.0000e+00 0.0000e+00 0.0000e+00 0.0000e+00 0.0000e+00
-8.8270e-10 -4.9981e-09 -1.3796e-08 -2.8383e-08 -4.9728e-08 -7.8722e-08 -1.1622e-07 -1.6307e-07 2.7112e-06 -2.8817e-07 -3.6814e-07 -4.6092e-07 -5.6739e-07 -6.8848e-07 -8.2509e-07 -9.7812e-07 -1.1484e-06 -1.3366e-06 -1.5432e-06 -1.7685e-06 -2.0123e-06 -2.2738e-06 -2.5515e-06 -2.8427e-06 -3.1435e-06 -3.4483e-06 -3.7494e-06 -4.0367e-06 -4.2977e-06 -4.5170e-06 -4.6772e-06 -4.7594e-06 -4.7448e-06 -4.6170e-06 -4.3655e-06 -3.9895e-06 -3.5009e-06 -2.9272e-06 -2.3104e-06 -1.7022e-06 -1.1550e-06 -7.1024e-07 -3.8816e-07 -1.8419e-07 -7.3779e-08 -2.4112e-08 -6.1701e-09 -1.1763e-09 -1.5725e-10 -1.3697e-11 -7.1067e-13 -1.9684e-14 -2.5447e-16 -1.3017e-18 -2.1494e-21 -8.9068e-25 -6.7755e-29 -6.4099e-34 -4.6334e-40 -1.3881e-47 -7.9655e-57 -3.2929e-68 -2.8219e-82 -1.0175e-99 -1.9813e-121 -1.4592e-148 -1.2715e-182 -1.3915e-225 -4.7139e-280 0.0000e+00 0.0000e+00 0.0000e+00 0.0000e+00 0.0000e+00 0.0000e+00 0.0000e+00 0.0000e+00 0.0000e+00 0.0000e+00 0.0000e+00 0.0000e+00 0.0000e+00 0.0000e+00 0.0000e+00 0.0000e+00 0.0000e+00 0.0000e+00 0.0000e+00 0.0000e+00 0.0000e+00 0.0000e+00 0.0000e+00 0.0000e+00 0.0000e+00 0.0000e+00 0.0000e+00 0.0000e+00 0.0000e+00 0.0000e+00 0.0000e+00 8.8270e-10 4.9981e-09 1.3796e-08 2.8383e-08 4.9728e-08 7.8722e-08 1.1622e-07 1.6307e-07 0.0000e+00 2.8817e-07 3.6814e-07 4.6092e-07 5.6739e-07 6.8848e-07 8.2509e-07 9.7812e-07 1.1484e-06 1.3366e-06 1.5432e-06 1.7685e-06 2.0123e-06 2.2738e-06 2.5515e-06 2.8427e-06 3.1435e-06 3.4482e-06 3.7493e-06 4.0365e-06 4.2974e-06 4.5167e-06 4.6768e-06 4.7589e-06 4.7441e-06 4.6162e-06 4.3646e-06 3.9885e-06 3.4998e-06 2.9261e-06 2.3093e-06 1.7013e-06 1.1542e-06 7.0964e-07 3.8777e-07 1.8396e-07 7.3669e-08 2.4068e-08 6.1568e-09 1.1732e-09 1.5676e-10 1.3645e-11 7.0743e-13 1.9576e-14 2.5278e-16 1.2913e-18 2.1288e-21 8.8035e-25 6.6807e-29 6.3016e-34 4.5388e-40 1.3538e-47 7.7271e-57 3.1734e-68 2.6976e-82 9.6306e-100 1.8523e-121 1.3436e-148 1.1488e-182 1.2280e-225 4.0401e-280 0.0000e+00 0.0000e+00 0.0000e+00 0.0000e+00 0.0000e+00 0.0000e+00 0.0000e+00 0.0000e+00 0.0000e+00 0.0000e+00 0.0000e+00 0.0000e+00 0.0000e+00 0.0000e+00 0.0000e+00 0.0000e+00 0.0000e+00 0.0000e+00 0.0000e+00 0.0000e+00 0.0000e+00 0.0000e+00 0.0000e+00 0.0000e+00 0.0000e+00 0.0000e+00 0.0000e+00 0.0000e+00 0.0000e+00 0.0000e+00 0.0000e+00
-1.1557e-09 -6.5439e-09 -1.8062e-08 -3.7162e-08 -6.5108e-08 -1.0307e-07 -1.5217e-07 -2.1350e-07 -2.8817e-07 5.1492e-06 -4.8200e-07 -6.0346e-07 -7.4286e-07 -9.0140e-07 -1.0803e-06 -1.2806e-06 -1.5035e-06 -1.7499e-06 -2.0205e-06 -2.3155e-06 -2.6347e-06 -2.9771e-06 -3.3406e-06 -3.7219e-06 -4.1158e-06 -4.5149e-06 -4.9091e-06 -5.2854e-06 -5.6271e-06 -5.9144e-06 -6.1243e-06 -6.2320e-06 -6.2129e-06 -6.0458e-06 -5.7167e-06 -5.2245e-06 -4.5850e-06 -3.8339e-06 -3.0262e-06 -2.2298e-06 -1.5132e-06 -9.3059e-07 -5.0867e-07 -2.4142e-07 -9.6725e-08 -3.1620e-08 -8.0941e-09 -1.5437e-09 -2.0647e-10 -1.7995e-11 -9.3429e-13 -2.5899e-14 -3.3515e-16 -1.7165e-18 -2.8386e-21 -1.1783e-24 -8.9831e-29 -8.5205e-34 -6.1785e-40 -1.8580e-47 -1.0712e-56 -4.4535e-68 -3.8429e-82 -1.3974e-99 -2.7489e-121 -2.0499e-148 -1.8134e-182 -2.0214e-225 -7.0021e-280 0.0000e+00 0.0000e+00 0.0000e+00 0.0000e+00 0.0000e+00 0.0000e+00 0.0000e+00 0.0000e+00 0.0000e+00 0.0000e+00 0.0000e+00 0.0000e+00 0.0000e+00 0.0000e+00 0.0000e+00 0.0000e+00 0.0000e+00 0.0000e+00 0.0000e+00 0.0000e+00 0.0000e+00 0.0000e+00 0.0000e+00 0.0000e+00 0.0000e+00 0.0000e+00 0.0000e+00 0.0000e+00 0.0000e+00 0.0000e+00 0.0000e+00 1.1557e-09 6.5439e-09 1.8062e-08 3.7162e-08 6.5108e-08 1.0307e-07 1.5217e-07 2.1350e-07 2.8817e-07 0.0000e+00 4.8200e-07 6.0346e-07 7.4286e-07 9.0140e-07 1.0803e-06 1.2806e-06 1.5035e-06 1.7499e-06 2.0204e-06 2.3154e-06 2.6346e-06 2.9770e-06 3.3405e-06 3.7218e-06 4.1157e-06 4.5147e-06 4.9088e-06 5.2849e-06 5.6265e-06 5.9136e-06 6.1233e-06 6.2307e-06 6.2114e-06 6.0439e-06 5.7145e-06 5.2220e-06 4.5822e-06 3.8311e-06 3.0236e-06 2.2274e-06 1.5112e-06 9.2911e-07 5.0769e-07 2.4086e-07 9.6453e-08 3.1512e-08 8.0609e-09 1.5360e-09 2.0524e-10 1.7865e-11 9.2622e-13 2.5630e-14 3.3096e-16 1.6906e-18 2.7871e-21 1.1526e-24 8.7468e-29 8.2504e-34 5.9424e-40 1.7724e-47 1.0117e-56 4.1547e-68 3.5317e-82 1.2608e-99 2.4249e-121 1.7588e-148 1.5036e-182 1.6071e-225 5.2857e-280 0.0000e+00 0.0000e+00 0.0000e+00 0.0000e+00 0.0000e+00 0.0000e+00 0.0000e+00 0.0000e+00 0.0000e+00 0.0000e+00 0.0000e+00 0.0000e+00 0.0000e+00 0.0000e+00 0.0000e+00 0.0000e+00 0.0000e+00 0.0000e+00 0.0000e+00 0.0000e+00 0.0000e+00 0.0000e+00 0.0000e+00 0.0000e+00 0.0000e+00 0.0000e+00 0.0000e+00 0.0000e+00 0.0000e+00 0.0000e+00 0.0000e+00
-1.4764e-09 -8.3601e-09 -2.3075e-08 -4.7475e-08 -8.3177e-08 -1.3167e-07 -1.9440e-07 -2.7275e-07 -3.6814e-07 -4.8200e-07 9.2165e-06 -7.7095e-07 -9.4904e-07 -1.1516e-06 -1.3801e-06 -1.6360e-06 -1.9208e-06 -2.2356e-06 -2.5812e-06 -2.9581e-06 -3.3659e-06 -3.8033e-06 -4.2678e-06 -4.7550e-06 -5.2583e-06 -5.7682e-06 -6.2719e-06 -6.7527e-06 -7.1894e-06 -7.5566e-06 -7.8250e-06 -7.9629e-06 -7.9388e-06 -7.7256e-06 -7.3056e-06 -6.6770e-06 -5.8602e-06 -4.9007e-06 -3.8688e-06 -2.8511e-06 -1.9351e-06 -1.1904e-06 -6.5084e-07 -3.0899e-07 -1.2385e-07 -4.0504e-08 -1.0374e-08 -1.9798e-09 -2.6501e-10 -2.3119e-11 -1.2018e-12 -3.3360e-14 -4.3241e-16 -2.2191e-18 -3.6786e-21 -1.5315e-24 -1.1716e-28 -1.1160e-33 -8.1340e-40 -2.4612e-47 -1.4296e-56 -5.9969e-68 -5.2309e-82 -1.9269e-99 -3.8503e-121 -2.9254e-148 -2.6461e-182 -3.0284e-225 -1.0822e-279 0.0000e+00 0.0000e+00 0.0000e+00 0.0000e+00 0.0000e+00 0.0000e+00 0.0000e+00 0.0000e+00 0.0000e+00 0.0000e+00 0.0000e+00 0.0000e+00 0.0000e+00 0.0000e+00 0.0000e+00 0.0000e+00 0.0000e+00 0.0000e+00 0.0000e+00 0.0000e+00 0.0000e+00 0.0000e+00 0.0000e+00 0.0000e+00 0.0000e+00 0.0000e+00 0.0000e+00 0.0000e+00 0.0000e+00 0.0000e+00 0.0000e+00 1.4764e-09 8.3601e-09 2.3075e-08 4.7475e-08 8.3177e-08 1.3167e-07 1.9440e-07 2.7275e-07 3.6814e-07 4.8200e-07 0.0000e+00 7.7095e-07 9.4904e-07 1.1516e-06 1.3801e-06 1.6360e-06 1.9208e-06 2.2356e-06 2.5812e-06 2.9580e-06 3.3658e-06 3.8032e-06 4.2677e-06 4.7548e-06 5.2579e-06 5.7677e-06 6.2712e-06 6.7517e-06 7.1881e-06 7.5548e-06 7.8227e-06 7.9600e-06 7.9352e-06 7.7212e-06 7.3005e-06 6.6713e-06 5.8540e-06 4.8944e-06 3.8627e-06 2.8456e-06 1.9306e-06 1.1870e-06 6.4860e-07 3.0771e-07 1.2322e-07 4.0258e-08 1.0298e-08 1.9623e-09 2.6220e-10 2.2824e-11 1.1833e-12 3.2743e-14 4.2281e-16 2.1598e-18 3.5606e-21 1.4725e-24 1.1174e-28 1.0540e-33 7.5914e-40 2.2642e-47 1.2923e-56 5.3071e-68 4.5111e-82 1.6103e-99 3.0967e-121 2.2455e-148 1.9192e-182 2.0501e-225 6.7373e-280 0.0000e+00 0.0000e+00 0.0000e+00 0.0000e+00 0.0000e+00 0.0000e+00 0.0000e+00 0.0000e+00 0.0000e+00 0.0000e+00 0.0000e+00 0.0000e+00 0.0000e+00 0.0000e+00 0.0000e+00 0.0000e+00 0.0000e+00 0.0000e+00 0.0000e+00 0.0000e+00 0.0000e+00 0.0000e+00 0.0000e+00 0.0000e+00 0.0000e+00 0.0000e+00 0.0000e+00 0.0000e+00 0.0000e+00 0.0000e+00 0.0000e+00
-1.8485e-09 -1.0467e-08 -2.8890e-08 -5.9439e-08 -1.0414e-07 -1.6486e-07 -2.4338e-07 -3.4148e-07 -4.6092e-07 -6.0346e-07 -7.7095e-07 1.5711e-05 -1.1882e-06 -1.4418e-06 -1.7279e-06 -2.0483e-06 -2.4049e-06 -2.7990e-06 -3.2317e-06 -3.7036e-06 -4.2142e-06 -4.7619e-06 -5.3435e-06 -5.9535e-06 -6.5836e-06 -7.2222e-06 -7.8530e-06 -8.4552e-06 -9.0022e-06 -9.4624e-06 -9.7988e-06 -9.9721e-06 -9.9426e-06 -9.6763e-06 -9.1511e-06 -8.3647e-06 -7.3424e-06 -6.1413e-06 -4.8491e-06 -3.5744e-06 -2.4268e-06 -1.4933e-06 -8.1683e-07 -3.8800e-07 -1.5561e-07 -5.0928e-08 -1.3056e-08 -2.4942e-09 -3.3429e-10 -2.9207e-11 -1.5210e-12 -4.2313e-14 -5.4991e-16 -2.8309e-18 -4.7105e-21 -1.9700e-24 -1.5153e-28 -1.4528e-33 -1.0671e-39 -3.2591e-47 -1.9141e-56 -8.1364e-68 -7.2094e-82 -2.7055e-99 -5.5254e-121 -4.3066e-148 -4.0129e-182 -4.7528e-225 -1.7663e-279 0.0000e+00 0.0000e+00 0.0000e+00 0.0000e+00 0.0000e+00 0.0000e+00 0.0000e+00 0.0000e+00 0.0000e+00 0.0000e+00 0.0000e+00 0.0000e+00 0.0000e+00 0.0000e+00 0.0000e+00 0.0000e+00 0.0000e+00 0.0000e+00 0.0000e+00 0.0000e+00 0.0000e+00 0.0000e+00 0.0000e+00 0.0000e+00 0.0000e+00 0.0000e+00 0.0000e+00 0.0000e+00 0.0000e+00 0.0000e+00 0.0000e+00 1.8485e-09 1.0467e-08 2.8890e-08 5.9439e-08 1.0414e-07 1.6486e-07 2.4338e-07 3.4148e-07 4.6092e-07 6.0346e-07 7.7095e-07 0.0000e+00 1.1882e-06 1.4418e-06 1.7279e-06 2.0483e-06 2.4048e-06 2.7989e-06 3.2316e-06 3.7035e-06 4.2140e-06 4.7616e-06 5.3431e-06 5.9529e-06 6.5829e-06 7.2211e-06 7.8515e-06 8.4531e-06 8.9994e-06 9.4586e-06 9.7940e-06 9.9659e-06 9.9349e-06 9.6670e-06 9.1402e-06 8.3524e-06 7.3292e-06 6.1277e-06 4.8361e-06 3.5627e-06 2.4171e-06 1.4861e-06 8.1204e-07 3.8525e-07 1.5427e-07 5.0402e-08 1.2893e-08 2.4568e-09 3.2827e-10 2.8575e-11 1.4814e-12 4.0994e-14 5.2935e-16 2.7041e-18 4.4578e-21 1.8435e-24 1.3989e-28 1.3195e-33 9.5035e-40 2.8343e-47 1.6176e-56 6.6423e-68 5.6451e-82 2.0146e-99 3.8727e-121 2.8066e-148 2.3964e-182 2.5561e-225 8.3798e-280 0.0000e+00 0.0000e+00 0.0000e+00 0.0000e+00 0.0000e+00 0.0000e+00 0.0000e+00 0.0000e+00 0.0000e+00 0.0000e+00 0.0000e+00 0.0000e+00 0.0000e+00 0.0000e+00 0.0000e+00 0.0000e+00 0.0000e+00 0.0000e+00 0.0000e+00 0.0000e+00 0.0000e+00 0.0000e+00 0.0000e+00 0.0000e+00 0.0000e+00 0.0000e+00 0.0000e+00 0.0000e+00 0.0000e+00 0.0000e+00 0.0000e+00
-2.2755e-09 -1.2885e-08 -3.5563e-08 -7.3169e-08 -1.2819e-07 -2.0294e-07 -2.9961e-07 -4.2037e-07 -5.6739e-07 -7.4286e-07 -9.4904e-07 -1.1882e-06 2.5711e-05 -1.7748e-06 -2.1270e-06 -2.5215e-06 -2.9604e-06 -3.4456e-06 -3.9783e-06 -4.5592e-06 -5.1877e-06 -5.8620e-06 -6.5781e-06 -7.3291e-06 -8.1050e-06 -8.8913e-06 -9.6682e-06 -1.0410e-05 -1.1084e-05 -1.1651e-05 -1.2066e-05 -1.2280e-05 -1.2245e-05 -1.1919e-05 -1.1273e-05 -1.0307e-05 -9.0488e-06 -7.5705e-06 -5.9795e-06 -4.4093e-06 -2.9950e-06 -1.8439e-06 -1.0093e-06 -4.7978e-07 -1.9260e-07 -6.3106e-08 -1.6199e-08 -3.0997e-09 -4.1625e-10 -3.6451e-11 -1.9035e-12 -5.3129e-14 -6.9319e-16 -3.5854e-18 -5.9994e-21 -2.5258e-24 -1.9583e-28 -1.8953e-33 -1.4078e-39 -4.3566e-47 -2.5988e-56 -1.1249e-67 -1.0180e-81 -3.9150e-99 -8.2235e-121 -6.6187e-148 -6.3956e-182 -7.8910e-225 -3.0698e-279 0.0000e+00 0.0000e+00 0.0000e+00 0.0000e+00 0.0000e+00 0.0000e+00 0.0000e+00 0.0000e+00 0.0000e+00 0.0000e+00 0.0000e+00 0.0000e+00 0.0000e+00 0.0000e+00 0.0000e+00 0.0000e+00 0.0000e+00 0.0000e+00 0.0000e+00 0.0000e+00 0.0000e+00 0.0000e+00 0.0000e+00 0.0000e+00 0.0000e+00 0.0000e+00 0.0000e+00 0.0000e+00 0.0000e+00 0.0000e+00 0.0000e+00 2.2755e-09 1.2885e-08 3.5563e-08 7.3169e-08 1.2819e-07 2.0294e-07 2.9961e-07 4.2037e-07 5.6739e-07 7.4286e-07 9.4904e-07 1.1882e-06 0.0000e+00 1.7748e-06 2.1270e-06 2.5215e-06 2.9604e-06 3.4455e-06 3.9782e-06 4.5590e-06 5.1874e-06 5.8616e-06 6.5774e-06 7.3281e-06 8.1035e-06 8.8892e-06 9.6652e-06 1.0406e-05 1.1078e-05 1.1644e-05 1.2056e-05 1.2268e-05 1.2230e-05 1.1900e-05 1.1252e-05 1.0282e-05 9.0222e-06 7.5432e-06 5.9532e-06 4.3856e-06 2.9755e-06 1.8294e-06 9.9962e-07 4.7424e-07 1.8991e-07 6.2045e-08 1.5871e-08 3.0243e-09 4.0410e-10 3.5176e-11 1.8236e-12 5.0463e-14 6.5161e-16 3.3286e-18 5.4872e-21 2.2692e-24 1.7219e-28 1.6240e-33 1.1696e-39 3.4877e-47 1.9902e-56 8.1698e-68 6.9403e-82 2.4752e-99 4.7533e-121 3.4393e-148 2.9292e-182 3.1117e-225 1.0133e-279 0.0000e+00 0.0000e+00 0.0000e+00 0.0000e+00 0.0000e+00 0.0000e+00 0.0000e+00 0.0000e+00 0.0000e+00 0.0000e+00 0.0000e+00 0.0000e+00 0.0000e+00 0.0000e+00 0.0000e+00 0.0000e+00 0.0000e+00 0.0000e+00 0.0000e+00 0.0000e+00 0.0000e+00 0.0000e+00 0.0000e+00 0.0000e+00 0.0000e+00 0.0000e+00 0.0000e+00 0.0000e+00 0.0000e+00 0.0000e+00 0.0000e+00
-2.7611e-09 -1.5634e-08 -4.3153e-08 -8.8785e-08 -1.5555e-07 -2.4625e-07 -3.6355e-07 -5.1008e-07 -6.8848e-07 -9.0140e-07 -1.1516e-06 -1.4418e-06 -1.7748e-06 4.0646e-05 -2.5809e-06 -3.0596e-06 -3.5922e-06 -4.1809e-06 -4.8274e-06 -5.5323e-06 -6.2951e-06 -7.1134e-06 -7.9824e-06 -8.8940e-06 -9.8358e-06 -1.0790e-05 -1.1734e-05 -1.2635e-05 -1.3453e-05 -1.4143e-05 -1.4648e-05 -1.4910e-05 -1.4870e-05 -1.4476e-05 -1.3695e-05 -1.2524e-05 -1.0999e-05 -9.2054e-06 -7.2742e-06 -5.3669e-06 -3.6479e-06 -2.2477e-06 -1.2315e-06 -5.8610e-07 -2.3560e-07 -7.7324e-08 -1.9888e-08 -3.8146e-09 -5.1370e-10 -4.5138e-11 -2.3665e-12 -6.6370e-14 -8.7088e-16 -4.5347e-18 -7.6486e-21 -3.2506e-24 -2.5482e-28 -2.4983e-33 -1.8840e-39 -5.9335e-47 -3.6118e-56 -1.6002e-67 -1.4871e-81 -5.8928e-99 -1.2802e-120 -1.0698e-147 -1.0778e-181 -1.3927e-224 -5.7016e-279 0.0000e+00 0.0000e+00 0.0000e+00 0.0000e+00 0.0000e+00 0.0000e+00 0.0000e+00 0.0000e+00 0.0000e+00 0.0000e+00 0.0000e+00 0.0000e+00 0.0000e+00 0.0000e+00 0.0000e+00 0.0000e+00 0.0000e+00 0.0000e+00 0.0000e+00 0.0000e+00 0.0000e+00 0.0000e+00 0.0000e+00 0.0000e+00 0.0000e+00 0.0000e+00 0.0000e+00 0.0000e+00 0.0000e+00 0.0000e+00 0.0000e+00 2.7611e-09 1.5634e-08 4.3153e-08 8.8785e-08 1.5555e-07 2.4625e-07 3.6355e-07 5.1008e-07 6.8848e-07 9.0140e-07 1.1516e-06 1.4418e-06 1.7748e-06 0.0000e+00 2.5809e-06 3.0596e-06 3.5921e-06 4.1808e-06 4.8272e-06 5.5319e-06 6.2945e-06 7.1125e-06 7.9811e-06 8.8920e-06 9.8329e-06 1.0786e-05 1.1728e-05 1.2626e-05 1.3443e-05 1.4128e-05 1.4629e-05 1.4886e-05 1.4840e-05 1.4440e-05 1.3653e-05 1.2476e-05 1.0948e-05 9.1531e-06 7.2237e-06 5.3216e-06 3.6105e-06 2.2198e-06 1.2130e-06 5.7545e-07 2.3044e-07 7.5286e-08 1.9258e-08 3.6697e-09 4.9033e-10 4.2682e-11 2.2128e-12 6.1230e-14 7.9063e-16 4.0386e-18 6.6574e-21 2.7529e-24 2.0888e-28 1.9698e-33 1.4183e-39 4.2282e-47 2.4116e-56 9.8929e-68 8.3952e-82 2.9892e-99 5.7257e-121 4.1261e-148 3.4911e-182 3.6684e-225 1.1725e-279 0.0000e+00 0.0000e+00 0.0000e+00 0.0000e+00 0.0000e+00 0.0000e+00 0.0000e+00 0.0000e+00 0.0000e+00 0.0000e+00 0.0000e+00 0.0000e+00 0.0000e+00 0.0000e+00 0.0000e+00 0.0000e+00 0.0000e+00 0.0000e+00 0.0000e+00 0.0000e+00 0.0000e+00 0.0000e+00 0.0000e+00 0.0000e+00 0.0000e+00 0.0000e+00 0.0000e+00 0.0000e+00 0.0000e+00 0.0000e+00 0.0000e+00
-3.3090e-09 -1.8737e-08 -5.1716e-08 -1.0640e-07 -1.8642e-07 -2.9511e-07 -4.3568e-07 -6.1129e-07 -8.2509e-07 -1.0803e-06 -1.3801e-06 -1.7279e-06 -2.1270e-06 -2.5809e-06 6.2378e-05 -3.6668e-06 -4.3051e-06 -5.0107e-06 -5.7855e-06 -6.6303e-06 -7.5446e-06 -8.5255e-06 -9.5672e-06 -1.0660e-05 -1.1789e-05 -1.2934e-05 -1.4066e-05 -1.5147e-05 -1.6130e-05 -1.6959e-05 -1.7567e-05 -1.7884e-05 -1.7839e-05 -1.7371e-05 -1.6439e-05 -1.5039e-05 -1.3214e-05 -1.1066e-05 -8.7500e-06 -6.4610e-06 -4.3958e-06 -2.7117e-06 -1.4878e-06 -7.0925e-07 -2.8567e-07 -9.3981e-08 -2.4241e-08 -4.6652e-09 -6.3078e-10 -5.5689e-11 -2.9362e-12 -8.2896e-14 -1.0963e-15 -5.7613e-18 -9.8227e-21 -4.2273e-24 -3.3626e-28 -3.3527e-33 -2.5776e-39 -8.2983e-47 -5.1786e-56 -2.3594e-67 -2.2621e-81 -9.2800e-99 -2.0946e-120 -1.8255e-147 -1.9262e-181 -2.6189e-224 -1.1344e-278 0.0000e+00 0.0000e+00 0.0000e+00 0.0000e+00 0.0000e+00 0.0000e+00 0.0000e+00 0.0000e+00 0.0000e+00 0.0000e+00 0.0000e+00 0.0000e+00 0.0000e+00 0.0000e+00 0.0000e+00 0.0000e+00 0.0000e+00 0.0000e+00 0.0000e+00 0.0000e+00 0.0000e+00 0.0000e+00 0.0000e+00 0.0000e+00 0.0000e+00 0.0000e+00 0.0000e+00 0.0000e+00 0.0000e+00 0.0000e+00 0.0000e+00 3.3090e-09 1.8737e-08 5.1716e-08 1.0640e-07 1.8642e-07 2.9511e-07 4.3568e-07 6.1129e-07 8.2509e-07 1.0803e-06 1.3801e-06 1.7279e-06 2.1270e-06 2.5809e-06 0.0000e+00 3.6667e-06 4.3049e-06 5.0104e-06 5.7850e-06 6.6296e-06 7.5435e-06 8.5238e-06 9.5647e-06 1.0656e-05 1.1784e-05 1.2927e-05 1.4055e-05 1.5132e-05 1.6110e-05 1.6932e-05 1.7532e-05 1.7840e-05 1.7785e-05 1.7305e-05 1.6362e-05 1.4952e-05 1.3120e-05 1.0969e-05 8.6571e-06 6.3776e-06 4.3269e-06 2.6603e-06 1.4536e-06 6.8963e-07 2.7616e-07 9.0224e-08 2.3080e-08 4.3978e-09 5.8761e-10 5.1149e-11 2.6517e-12 7.3373e-14 9.4738e-16 4.8390e-18 7.9760e-21 3.2977e-24 2.5016e-28 2.3584e-33 1.6973e-39 5.0564e-47 2.8809e-56 1.1799e-67 9.9878e-82 3.5423e-99 6.7428e-121 4.8097e-148 4.0004e-182 4.0793e-225 1.2332e-279 0.0000e+00 0.0000e+00 0.0000e+00 0.0000e+00 0.0000e+00 0.0000e+00 0.0000e+00 0.0000e+00 0.0000e+00 0.0000e+00 0.0000e+00 0.0000e+00 0.0000e+00 0.0000e+00 0.0000e+00 0.0000e+00 0.0000e+00 0.0000e+00 0.0000e+00 0.0000e+00 0.0000e+00 0.0000e+00 0.0000e+00 0.0000e+00 0.0000e+00 0.0000e+00 0.0000e+00 0.0000e+00 0.0000e+00 0.0000e+00 0.0000e+00
-3.9227e-09 -2.2212e-08 -6.1307e-08 -1.2614e-07 -2.2099e-07 -3.4984e-07 -5.1649e-07 -7.2467e-07 -9.7812e-07 -1.2806e-06 -1.6360e-06 -2.0483e-06 -2.5215e-06 -3.0596e-06 -3.6668e-06 9.3303e-05 -5.1036e-06 -5.9401e-06 -6.8587e-06 -7.8604e-06 -8.9445e-06 -1.0108e-05 -1.1343e-05 -1.2639e-05 -1.3979e-05 -1.5337e-05 -1.6681e-05 -1.7965e-05 -1.9133e-05 -2.0119e-05 -2.0845e-05 -2.1227e-05 -2.1180e-05 -2.0632e-05 -1.9534e-05 -1.7879e-05 -1.5720e-05 -1.3175e-05 -1.0428e-05 -7.7085e-06 -5.2517e-06 -3.2450e-06 -1.7838e-06 -8.5239e-07 -3.4428e-07 -1.1364e-07 -2.9427e-08 -5.6897e-09 -7.7354e-10 -6.8737e-11 -3.6519e-12 -1.0403e-13 -1.3901e-15 -7.3942e-18 -1.2784e-20 -5.5905e-24 -4.5290e-28 -4.6102e-33 -3.6280e-39 -1.1989e-46 -7.7015e-56 -3.6228e-67 -3.5975e-81 -1.5336e-98 -3.6102e-120 -3.2950e-147 -3.6577e-181 -5.2610e-224 -2.4266e-278 0.0000e+00 0.0000e+00 0.0000e+00 0.0000e+00 0.0000e+00 0.0000e+00 0.0000e+00 0.0000e+00 0.0000e+00 0.0000e+00 0.0000e+00 0.0000e+00 0.0000e+00 0.0000e+00 0.0000e+00 0.0000e+00 0.0000e+00 0.0000e+00 0.0000e+00 0.0000e+00 0.0000e+00 0.0000e+00 0.0000e+00 0.0000e+00 0.0000e+00 0.0000e+00 0.0000e+00 0.0000e+00 0.0000e+00 0.0000e+00 0.0000e+00 3.9227e-09 2.2212e-08 6.1307e-08 1.2614e-07 2.2099e-07 3.4984e-07 5.1649e-07 7.2467e-07 9.7812e-07 1.2806e-06 1.6360e-06 2.0483e-06 2.5215e-06 3.0596e-06 3.6667e-06 0.0000e+00 5.1034e-06 5.9397e-06 6.8579e-06 7.8592e-06 8.9426e-06 1.0105e-05 1.1339e-05 1.2633e-05 1.3970e-05 1.5324e-05 1.6662e-05 1.7938e-05 1.9098e-05 2.0072e-05 2.0784e-05 2.1149e-05 2.1083e-05 2.0514e-05 1.9396e-05 1.7725e-05 1.5553e-05 1.3004e-05 1.0263e-05 7.5603e-06 5.1294e-06 3.1536e-06 1.7232e-06 8.1752e-07 3.2738e-07 1.0696e-07 2.7359e-08 5.2132e-09 6.9654e-10 6.0629e-11 3.1430e-12 8.6962e-14 1.1227e-15 5.7338e-18 9.4490e-21 3.9055e-24 2.9613e-28 2.7899e-33 2.0058e-39 5.9661e-47 3.3911e-56 1.3837e-67 1.1645e-81 4.0916e-99 7.6692e-121 5.3282e-148 4.2257e-182 3.9233e-225 9.5265e-280 0.0000e+00 0.0000e+00 0.0000e+00 0.0000e+00 0.0000e+00 0.0000e+00 0.0000e+00 0.0000e+00 0.0000e+00 0.0000e+00 0.0000e+00 0.0000e+00 0.0000e+00 0.0000e+00 0.0000e+00 0.0000e+00 0.0000e+00 0.0000e+00 0.0000e+00 0.0000e+00 0.0000e+00 0.0000e+00 0.0000e+00 0.0000e+00 0.0000e+00 0.0000e+00 0.0000e+00 0.0000e+00 0.0000e+00 0.0000e+00 0.0000e+00
-4.6055e-09 -2.6078e-08 -7.1979e-08 -1.4809e-07 -2.5946e-07 -4.1074e-07 -6.0639e-07 -8.5081e-07 -1.1484e-06 -1.5035e-06 -1.9208e-06 -2.4049e-06 -2.9604e-06 -3.5922e-06 -4.3051e-06 -5.1036e-06 1.3646e-04 -6.9744e-06 -8.0530e-06 -9.2293e-06 -1.0502e-05 -1.1869e-05 -1.3320e-05 -1.4843e-05 -1.6417e-05 -1.8015e-05 -1.9595e-05 -2.1106e-05 -2.2483e-05 -2.3647e-05 -2.4507e-05 -2.4964e-05 -2.4920e-05 -2.4287e-05 -2.3008e-05 -2.1076e-05 -1.8547e-05 -1.5561e-05 -1.2332e-05 -9.1310e-06 -6.2326e-06 -3.8599e-06 -2.1275e-06 -1.0199e-06 -4.1349e-07 -1.3710e-07 -3.5691e-08 -6.9440e-09 -9.5100e-10 -8.5231e-11 -4.5734e-12 -1.3179e-13 -1.7845e-15 -9.6372e-18 -1.6952e-20 -7.5589e-24 -6.2588e-28 -6.5279e-33 -5.2771e-39 -1.7962e-46 -1.1918e-55 -5.8076e-67 -5.9931e-81 -2.6644e-98 -6.5673e-120 -6.3052e-147 -7.4040e-181 -1.1340e-223 -5.6147e-278 0.0000e+00 0.0000e+00 0.0000e+00 0.0000e+00 0.0000e+00 0.0000e+00 0.0000e+00 0.0000e+00 0.0000e+00 0.0000e+00 0.0000e+00 0.0000e+00 0.0000e+00 0.0000e+00 0.0000e+00 0.0000e+00 0.0000e+00 0.0000e+00 0.0000e+00 0.0000e+00 0.0000e+00 0.0000e+00 0.0000e+00 0.0000e+00 0.0000e+00 0.0000e+00 0.0000e+00 0.0000e+00 0.0000e+00 0.0000e+00 0.0000e+00 4.6055e-09 2.6078e-08 7.1979e-08 1.4809e-07 2.5946e-07 4.1074e-07 6.0639e-07 8.5081e-07 1.1484e-06 1.5035e-06 1.9208e-06 2.4048e-06 2.9604e-06 3.5921e-06 4.3049e-06 5.1034e-06 0.0000e+00 6.9735e-06 8.0516e-06 9.2272e-06 1.0499e-05 1.1864e-05 1.3312e-05 1.4832e-05 1.6401e-05 1.7991e-05 1.9562e-05 2.1061e-05 2.2422e-05 2.3566e-05 2.4402e-05 2.4830e-05 2.4753e-05 2.4085e-05 2.2773e-05 2.0810e-05 1.8261e-05 1.5267e-05 1.2049e-05 8.8763e-06 6.0222e-06 3.7025e-06 2.0231e-06 9.5981e-07 3.8435e-07 1.2557e-07 3.2119e-08 6.1201e-09 8.1767e-10 7.1167e-11 3.6890e-12 1.0205e-13 1.3173e-15 6.7256e-18 1.1078e-20 4.5760e-24 3.4664e-28 3.2609e-33 2.3392e-39 6.9342e-47 3.9206e-56 1.5864e-67 1.3170e-81 4.5232e-99 8.1453e-121 5.2455e-148 3.5288e-182 1.9960e-225 -3.9490e-280 0.0000e+00 0.0000e+00 0.0000e+00 0.0000e+00 0.0000e+00 0.0000e+00 0.0000e+00 0.0000e+00 0.0000e+00 0.0000e+00 0.0000e+00 0.0000e+00 0.0000e+00 0.0000e+00 0.0000e+00 0.0000e+00 0.0000e+00 0.0000e+00 0.0000e+00 0.0000e+00 0.0000e+00 0.0000e+00 0.0000e+00 0.0000e+00 0.0000e+00 0.0000e+00 0.0000e+00 0.0000e+00 0.0000e+00 0.0000e+00 0.0000e+00
