4.7193e-12 -4.0090e-12 -1.1065e-11 -2.2766e-11 -3.9887e-11 -6.3142e-11 -9.3218e-11 -1.3079e-10 -1.7652e-10 -2.3108e-10 -2.9515e-10 -3.6942e-10 -4.5453e-10 -5.5113e-10 -6.5978e-10 -7.8096e-10 -9.1496e-10 -1.0618e-09 -1.2212e-09 -1.3921e-09 -1.5731e-09 -1.7616e-09 -1.9538e-09 -2.1445e-09 -2.3267e-09 -2.4916e-09 -2.6284e-09 -2.7249e-09 -2.7679e-09 -2.7449e-09 -2.6457e-09 -2.4653e-09 -2.2067e-09 -1.8826e-09 -1.5167e-09 -1.1412e-09 -7.9114e-10 -4.9739e-10 -2.7819e-10 -1.3527e-10 -5.5633e-11 -1.8721e-11 -4.9540e-12 -9.8268e-13 -1.3794e-13 -1.2782e-14 -7.1880e-16 -2.2159e-17 -3.3094e-19 -2.0607e-21 -4.4541e-24 -2.6720e-27 -3.3812e-31 -6.4427e-36 -1.2198e-41 -1.3723e-48 -4.8459e-57 -2.4253e-67 -6.3638e-80 -2.5110e-95 -3.0828e-114 -1.5993e-137 -2.7573e-166 -6.0928e-202 -2.6110e-246 -9.5371e-302 0.0000e+00 0.0000e+00 0.0000e+00 0.0000e+00 0.0000e+00 0.0000e+00 0.0000e+00 0.0000e+00 0.0000e+00 0.0000e+00 0.0000e+00 0.0000e+00 0.0000e+00 0.0000e+00 0.0000e+00 0.0000e+00 0.0000e+00 0.0000e+00 0.0000e+00 0.0000e+00 0.0000e+00 0.0000e+00 0.0000e+00 0.0000e+00 0.0000e+00 0.0000e+00 0.0000e+00 0.0000e+00 0.0000e+00 0.0000e+00 0.0000e+00 0.0000e+00 0.0000e+00 0.0000e+00 0.0000e+00 4.0090e-12 1.1065e-11 2.2766e-11 3.9887e-11 6.3142e-11 9.3218e-11 1.3079e-10 1.7652e-10 2.3108e-10 2.9515e-10 3.6942e-10 4.5453e-10 5.5113e-10 6.5978e-10 7.8096e-10 9.1496e-10 1.0618e-09 1.2212e-09 1.3921e-09 1.5731e-09 1.7616e-09 1.9538e-09 2.1445e-09 2.3267e-09 2.4916e-09 2.6284e-09 2.7249e-09 2.7679e-09 2.7449e-09 2.6457e-09 2.4653e-09 2.2067e-09 1.8826e-09 1.5167e-09 1.1412e-09 7.9114e-10 4.9739e-10 2.7819e-10 1.3527e-10 5.5633e-11 1.8721e-11 4.9540e-12 9.8268e-13 1.3794e-13 1.2782e-14 7.1880e-16 2.2159e-17 3.3094e-19 2.0607e-21 4.4541e-24 2.6720e-27 3.3812e-31 6.4427e-36 1.2198e-41 1.3723e-48 4.8459e-57 2.4253e-67 6.3638e-80 2.5110e-95 3.0828e-114 1.5993e-137 2.7573e-166 6.0928e-202 2.6110e-246 9.5371e-302 0.0000e+00 0.0000e+00 0.0000e+00 0.0000e+00 0.0000e+00 0.0000e+00 0.0000e+00 0.0000e+00 0.0000e+00 0.0000e+00 0.0000e+00 0.0000e+00 0.0000e+00 0.0000e+00 0.0000e+00 0.0000e+00 0.0000e+00 0.0000e+00 0.0000e+00 0.0000e+00 0.0000e+00 0.0000e+00 0.0000e+00 0.0000e+00 0.0000e+00 0.0000e+00 0.0000e+00 0.0000e+00 0.0000e+00 0.0000e+00 0.0000e+00 0.0000e+00 0.0000e+00 0.0000e+00
-4.0090e-12 3.0539e-10 -6.2656e-11 -1.2891e-10 -2.2585e-10 -3.5753e-10 -5.2783e-10 -7.4056e-10 -9.9950e-10 -1.3085e-09 -1.6713e-09 -2.0918e-09 -2.5737e-09 -3.1207e-09 -3.7359e-09 -4.4221e-09 -5.1808e-09 -6.0123e-09 -6.9146e-09 -7.8827e-09 -8.9076e-09 -9.9748e-09 -1.1063e-08 -1.2143e-08 -1.3174e-08 -1.4108e-08 -1.4883e-08 -1.5429e-08 -1.5673e-08 -1.5543e-08 -1.4981e-08 -1.3960e-08 -1.2495e-08 -1.0660e-08 -8.5883e-09 -6.4616e-09 -4.4797e-09 -2.8164e-09 -1.5752e-09 -7.6596e-10 -3.1501e-10 -1.0601e-10 -2.8051e-11 -5.5643e-12 -7.8106e-13 -7.2374e-14 -4.0701e-15 -1.2547e-16 -1.8739e-18 -1.1668e-20 -2.5221e-23 -1.5130e-26 -1.9146e-30 -3.6481e-35 -6.9070e-41 -7.7705e-48 -2.7439e-56 -1.3733e-66 -3.6034e-79 -1.4218e-94 -1.7456e-113 -9.0560e-137 -1.5613e-165 -3.4500e-201 -1.4785e-245 -5.4005e-301 0.0000e+00 0.0000e+00 0.0000e+00 0.0000e+00 0.0000e+00 0.0000e+00 0.0000e+00 0.0000e+00 0.0000e+00 0.0000e+00 0.0000e+00 0.0000e+00 0.0000e+00 0.0000e+00 0.0000e+00 0.0000e+00 0.0000e+00 0.0000e+00 0.0000e+00 0.0000e+00 0.0000e+00 0.0000e+00 0.0000e+00 0.0000e+00 0.0000e+00 0.0000e+00 0.0000e+00 0.0000e+00 0.0000e+00 0.0000e+00 0.0000e+00 0.0000e+00 0.0000e+00 0.0000e+00 4.0090e-12 0.0000e+00 6.2656e-11 1.2891e-10 2.2585e-10 3.5753e-10 5.2783e-10 7.4056e-10 9.9950e-10 1.3085e-09 1.6713e-09 2.0918e-09 2.5737e-09 3.1207e-09 3.7359e-09 4.4221e-09 5.1808e-09 6.0123e-09 6.9146e-09 7.8827e-09 8.9076e-09 9.9748e-09 1.1063e-08 1.2143e-08 1.3174e-08 1.4108e-08 1.4883e-08 1.5429e-08 1.5673e-08 1.5543e-08 1.4981e-08 1.3960e-08 1.2495e-08 1.0660e-08 8.5883e-09 6.4616e-09 4.4797e-09 2.8164e-09 1.5752e-09 7.6596e-10 3.1501e-10 1.0601e-10 2.8051e-11 5.5643e-12 7.8106e-13 7.2374e-14 4.0701e-15 1.2547e-16 1.8739e-18 1.1668e-20 2.5221e-23 1.5130e-26 1.9145e-30 3.6481e-35 6.9070e-41 7.7705e-48 2.7439e-56 1.3733e-66 3.6034e-79 1.4218e-94 1.7456e-113 9.0558e-137 1.5613e-165 3.4499e-201 1.4784e-245 5.4002e-301 0.0000e+00 0.0000e+00 0.0000e+00 0.0000e+00 0.0000e+00 0.0000e+00 0.0000e+00 0.0000e+00 0.0000e+00 0.0000e+00 0.0000e+00 0.0000e+00 0.0000e+00 0.0000e+00 0.0000e+00 0.0000e+00 0.0000e+00 0.0000e+00 0.0000e+00 0.0000e+00 0.0000e+00 0.0000e+00 0.0000e+00 0.0000e+00 0.0000e+00 0.0000e+00 0.0000e+00 0.0000e+00 0.0000e+00 0.0000e+00 0.0000e+00 0.0000e+00 0.0000e+00 0.0000e+00
-1.1065e-11 -6.2656e-11 3.4814e-09 -3.5581e-10 -6.2338e-10 -9.8684e-10 -1.4569e-09 -2.0440e-09 -2.7587e-09 -3.6115e-09 -4.6129e-09 -5.7735e-09 -7.1037e-09 -8.6134e-09 -1.0312e-08 -1.2205e-08 -1.4300e-08 -1.6595e-08 -1.9085e-08 -2.1757e-08 -2.4586e-08 -2.7532e-08 -3.0535e-08 -3.3516e-08 -3.6363e-08 -3.8940e-08 -4.1079e-08 -4.2587e-08 -4.3260e-08 -4.2899e-08 -4.1349e-08 -3.8530e-08 -3.4488e-08 -2.9423e-08 -2.3705e-08 -1.7835e-08 -1.2365e-08 -7.7736e-09 -4.3478e-09 -2.1142e-09 -8.6948e-10 -2.9259e-10 -7.7425e-11 -1.5358e-11 -2.1559e-12 -1.9976e-13 -1.1234e-14 -3.4632e-16 -5.1723e-18 -3.2206e-20 -6.9615e-23 -4.1761e-26 -5.2846e-30 -1.0070e-34 -1.9065e-40 -2.1449e-47 -7.5742e-56 -3.7907e-66 -9.9469e-79 -3.9249e-94 -4.8189e-113 -2.5000e-136 -4.3104e-165 -9.5252e-201 -4.0822e-245 -1.4912e-300 0.0000e+00 0.0000e+00 0.0000e+00 0.0000e+00 0.0000e+00 0.0000e+00 0.0000e+00 0.0000e+00 0.0000e+00 0.0000e+00 0.0000e+00 0.0000e+00 0.0000e+00 0.0000e+00 0.0000e+00 0.0000e+00 0.0000e+00 0.0000e+00 0.0000e+00 0.0000e+00 0.0000e+00 0.0000e+00 0.0000e+00 0.0000e+00 0.0000e+00 0.0000e+00 0.0000e+00 0.0000e+00 0.0000e+00 0.0000e+00 0.0000e+00 0.0000e+00 0.0000e+00 0.0000e+00 1.1065e-11 6.2656e-11 0.0000e+00 3.5581e-10 6.2338e-10 9.8684e-10 1.4569e-09 2.0440e-09 2.7587e-09 3.6115e-09 4.6129e-09 5.7735e-09 7.1037e-09 8.6134e-09 1.0312e-08 1.2205e-08 1.4300e-08 1.6595e-08 1.9085e-08 2.1757e-08 2.4586e-08 2.7532e-08 3.0535e-08 3.3516e-08 3.6363e-08 3.8940e-08 4.1079e-08 4.2587e-08 4.3260e-08 4.2899e-08 4.1349e-08 3.8530e-08 3.4488e-08 2.9423e-08 2.3705e-08 1.7835e-08 1.2365e-08 7.7736e-09 4.3478e-09 2.1142e-09 8.6947e-10 2.9259e-10 7.7424e-11 1.5358e-11 2.1558e-12 1.9976e-13 1.1234e-14 3.4631e-16 5.1722e-18 3.2205e-20 6.9613e-23 4.1759e-26 5.2844e-30 1.0069e-34 1.9064e-40 2.1447e-47 7.5736e-56 3.7904e-66 9.9458e-79 3.9244e-94 4.8181e-113 2.4995e-136 4.3093e-165 9.5222e-201 4.0807e-245 1.4905e-300 0.0000e+00 0.0000e+00 0.0000e+00 0.0000e+00 0.0000e+00 0.0000e+00 0.0000e+00 0.0000e+00 0.0000e+00 0.0000e+00 0.0000e+00 0.0000e+00 0.0000e+00 0.0000e+00 0.0000e+00 0.0000e+00 0.0000e+00 0.0000e+00 0.0000e+00 0.0000e+00 0.0000e+00 0.0000e+00 0.0000e+00 0.0000e+00 0.0000e+00 0.0000e+00 0.0000e+00 0.0000e+00 0.0000e+00 0.0000e+00 0.0000e+00 0.0000e+00 0.0000e+00 0.0000e+00
-2.2766e-11 -1.2891e-10 -3.5581e-10 1.9626e-08 -1.2826e-09 -2.0304e-09 -2.9975e-09 -4.2055e-09 -5.6759e-09 -7.4305e-09 -9.4908e-09 -1.1879e-08 -1.4615e-08 -1.7722e-08 -2.1215e-08 -2.5112e-08 -2.9421e-08 -3.4143e-08 -3.9267e-08 -4.4764e-08 -5.0584e-08 -5.6645e-08 -6.2825e-08 -6.8956e-08 -7.4815e-08 -8.0118e-08 -8.4518e-08 -8.7621e-08 -8.9004e-08 -8.8263e-08 -8.5073e-08 -7.9274e-08 -7.0957e-08 -6.0537e-08 -4.8772e-08 -3.6694e-08 -2.5440e-08 -1.5994e-08 -8.9455e-09 -4.3498e-09 -1.7889e-09 -6.0200e-10 -1.5930e-10 -3.1600e-11 -4.4357e-12 -4.1102e-13 -2.3115e-14 -7.1257e-16 -1.0643e-17 -6.6269e-20 -1.4324e-22 -8.5932e-26 -1.0875e-29 -2.0722e-34 -3.9235e-40 -4.4143e-47 -1.5589e-55 -7.8026e-66 -2.0476e-78 -8.0805e-94 -9.9223e-113 -5.1486e-136 -8.8788e-165 -1.9626e-200 -8.4137e-245 -3.0748e-300 0.0000e+00 0.0000e+00 0.0000e+00 0.0000e+00 0.0000e+00 0.0000e+00 0.0000e+00 0.0000e+00 0.0000e+00 0.0000e+00 0.0000e+00 0.0000e+00 0.0000e+00 0.0000e+00 0.0000e+00 0.0000e+00 0.0000e+00 0.0000e+00 0.0000e+00 0.0000e+00 0.0000e+00 0.0000e+00 0.0000e+00 0.0000e+00 0.0000e+00 0.0000e+00 0.0000e+00 0.0000e+00 0.0000e+00 0.0000e+00 0.0000e+00 0.0000e+00 0.0000e+00 0.0000e+00 2.2766e-11 1.2891e-10 3.5581e-10 0.0000e+00 1.2826e-09 2.0304e-09 2.9975e-09 4.2055e-09 5.6759e-09 7.4305e-09 9.4908e-09 1.1879e-08 1.4615e-08 1.7722e-08 2.1215e-08 2.5112e-08 2.9421e-08 3.4143e-08 3.9267e-08 4.4764e-08 5.0584e-08 5.6645e-08 6.2825e-08 6.8956e-08 7.4815e-08 8.0118e-08 8.4518e-08 8.7621e-08 8.9004e-08 8.8263e-08 8.5073e-08 7.9274e-08 7.0957e-08 6.0536e-08 4.8771e-08 3.6694e-08 2.5439e-08 1.5994e-08 8.9453e-09 4.3498e-09 1.7889e-09 6.0199e-10 1.5930e-10 3.1598e-11 4.4355e-12 4.1100e-13 2.3113e-14 7.1251e-16 1.0642e-17 6.6261e-20 1.4322e-22 8.5917e-26 1.0872e-29 2.0717e-34 3.9223e-40 4.4127e-47 1.5582e-55 7.7985e-66 2.0463e-78 8.0741e-94 9.9129e-113 5.1426e-136 8.8662e-165 1.9591e-200 8.3957e-245 3.0667e-300 0.0000e+00 0.0000e+00 0.0000e+00 0.0000e+00 0.0000e+00 0.0000e+00 0.0000e+00 0.0000e+00 0.0000e+00 0.0000e+00 0.0000e+00 0.0000e+00 0.0000e+00 0.0000e+00 0.0000e+00 0.0000e+00 0.0000e+00 0.0000e+00 0.0000e+00 0.0000e+00 0.0000e+00 0.0000e+00 0.0000e+00 0.0000e+00 0.0000e+00 0.0000e+00 0.0000e+00 0.0000e+00 0.0000e+00 0.0000e+00 0.0000e+00 0.0000e+00 0.0000e+00 0.0000e+00
-3.9887e-11 -2.2585e-10 -6.2338e-10 -1.2826e-09 7.5196e-08 -3.5572e-09 -5.2516e-09 -7.3680e-09 -9.9443e-09 -1.3018e-08 -1.6628e-08 -2.0811e-08 -2.5606e-08 -3.1048e-08 -3.7170e-08 -4.3996e-08 -5.1545e-08 -5.9818e-08 -6.8795e-08 -7.8427e-08 -8.8624e-08 -9.9242e-08 -1.1007e-07 -1.2081e-07 -1.3108e-07 -1.4037e-07 -1.4808e-07 -1.5351e-07 -1.5594e-07 -1.5464e-07 -1.4905e-07 -1.3889e-07 -1.2432e-07 -1.0606e-07 -8.5450e-08 -6.4290e-08 -4.4572e-08 -2.8022e-08 -1.5673e-08 -7.6213e-09 -3.1344e-09 -1.0548e-09 -2.7912e-10 -5.5369e-11 -7.7724e-12 -7.2023e-13 -4.0505e-14 -1.2487e-15 -1.8651e-17 -1.1614e-19 -2.5107e-22 -1.5063e-25 -1.9063e-29 -3.6330e-34 -6.8799e-40 -7.7419e-47 -2.7346e-55 -1.3691e-65 -3.5940e-78 -1.4188e-93 -1.7431e-112 -9.0501e-136 -1.5618e-164 -3.4554e-200 -1.4830e-244 -5.4273e-300 0.0000e+00 0.0000e+00 0.0000e+00 0.0000e+00 0.0000e+00 0.0000e+00 0.0000e+00 0.0000e+00 0.0000e+00 0.0000e+00 0.0000e+00 0.0000e+00 0.0000e+00 0.0000e+00 0.0000e+00 0.0000e+00 0.0000e+00 0.0000e+00 0.0000e+00 0.0000e+00 0.0000e+00 0.0000e+00 0.0000e+00 0.0000e+00 0.0000e+00 0.0000e+00 0.0000e+00 0.0000e+00 0.0000e+00 0.0000e+00 0.0000e+00 0.0000e+00 0.0000e+00 0.0000e+00 3.9887e-11 2.2585e-10 6.2338e-10 1.2826e-09 0.0000e+00 3.5572e-09 5.2516e-09 7.3680e-09 9.9443e-09 1.3018e-08 1.6628e-08 2.0811e-08 2.5606e-08 3.1048e-08 3.7170e-08 4.3996e-08 5.1545e-08 5.9818e-08 6.8795e-08 7.8427e-08 8.8624e-08 9.9242e-08 1.1007e-07 1.2081e-07 1.3108e-07 1.4037e-07 1.4808e-07 1.5351e-07 1.5594e-07 1.5464e-07 1.4905e-07 1.3889e-07 1.2432e-07 1.0606e-07 8.5448e-08 6.4288e-08 4.4570e-08 2.8021e-08 1.5672e-08 7.6208e-09 3.1342e-09 1.0547e-09 2.7909e-10 5.5361e-11 7.7710e-12 7.2007e-13 4.0494e-14 1.2483e-15 1.8644e-17 1.1609e-19 2.5093e-22 1.5053e-25 1.9048e-29 3.6296e-34 6.8720e-40 7.7311e-47 2.7300e-55 1.3663e-65 3.5851e-78 1.4146e-93 1.7367e-112 9.0099e-136 1.5534e-164 3.4324e-200 1.4709e-244 5.3729e-300 0.0000e+00 0.0000e+00 0.0000e+00 0.0000e+00 0.0000e+00 0.0000e+00 0.0000e+00 0.0000e+00 0.0000e+00 0.0000e+00 0.0000e+00 0.0000e+00 0.0000e+00 0.0000e+00 0.0000e+00 0.0000e+00 0.0000e+00 0.0000e+00 0.0000e+00 0.0000e+00 0.0000e+00 0.0000e+00 0.0000e+00 0.0000e+00 0.0000e+00 0.0000e+00 0.0000e+00 0.0000e+00 0.0000e+00 0.0000e+00 0.0000e+00 0.0000e+00 0.0000e+00 0.0000e+00
-6.3142e-11 -3.5753e-10 -9.8684e-10 -2.0304e-09 -3.5572e-09 2.2573e-07 -8.3134e-09 -1.1664e-08 -1.5742e-08 -2.0608e-08 -2.6323e-08 -3.2945e-08 -4.0536e-08 -4.9151e-08 -5.8841e-08 -6.9648e-08 -8.1599e-08 -9.4695e-08 -1.0891e-07 -1.2415e-07 -1.4030e-07 -1.5710e-07 -1.7425e-07 -1.9125e-07 -2.0750e-07 -2.2221e-07 -2.3441e-07 -2.4302e-07 -2.4686e-07 -2.4480e-07 -2.3596e-07 -2.1987e-07 -1.9681e-07 -1.6791e-07 -1.3528e-07 -1.0178e-07 -7.0564e-08 -4.4365e-08 -2.4814e-08 -1.2066e-08 -4.9627e-09 -1.6701e-09 -4.4197e-10 -8.7677e-11 -1.2308e-11 -1.1406e-12 -6.4154e-14 -1.9780e-15 -2.9548e-17 -1.8402e-19 -3.9788e-22 -2.3876e-25 -3.0226e-29 -5.7622e-34 -1.0916e-39 -1.2290e-46 -4.3436e-55 -2.1762e-65 -5.7176e-78 -2.2596e-93 -2.7796e-112 -1.4454e-135 -2.4994e-164 -5.5429e-200 -2.3861e-244 -8.7648e-300 0.0000e+00 0.0000e+00 0.0000e+00 0.0000e+00 0.0000e+00 0.0000e+00 0.0000e+00 0.0000e+00 0.0000e+00 0.0000e+00 0.0000e+00 0.0000e+00 0.0000e+00 0.0000e+00 0.0000e+00 0.0000e+00 0.0000e+00 0.0000e+00 0.0000e+00 0.0000e+00 0.0000e+00 0.0000e+00 0.0000e+00 0.0000e+00 0.0000e+00 0.0000e+00 0.0000e+00 0.0000e+00 0.0000e+00 0.0000e+00 0.0000e+00 0.0000e+00 0.0000e+00 0.0000e+00 6.3142e-11 3.5753e-10 9.8684e-10 2.0304e-09 3.5572e-09 0.0000e+00 8.3134e-09 1.1664e-08 1.5742e-08 2.0608e-08 2.6323e-08 3.2945e-08 4.0536e-08 4.9151e-08 5.8841e-08 6.9648e-08 8.1598e-08 9.4695e-08 1.0891e-07 1.2415e-07 1.4030e-07 1.5710e-07 1.7424e-07 1.9125e-07 2.0750e-07 2.2221e-07 2.3441e-07 2.4302e-07 2.4685e-07 2.4480e-07 2.3595e-07 2.1987e-07 1.9680e-07 1.6790e-07 1.3527e-07 1.0177e-07 7.0556e-08 4.4359e-08 2.4810e-08 1.2064e-08 4.9615e-09 1.6696e-09 4.4181e-10 8.7638e-11 1.2302e-11 1.1399e-12 6.4104e-14 1.9762e-15 2.9514e-17 1.8377e-19 3.9723e-22 2.3829e-25 3.0154e-29 5.7457e-34 1.0879e-39 1.2239e-46 4.3217e-55 2.1629e-65 5.6754e-78 2.2394e-93 2.7493e-112 1.4263e-135 2.4590e-164 5.4337e-200 2.3285e-244 8.5054e-300 0.0000e+00 0.0000e+00 0.0000e+00 0.0000e+00 0.0000e+00 0.0000e+00 0.0000e+00 0.0000e+00 0.0000e+00 0.0000e+00 0.0000e+00 0.0000e+00 0.0000e+00 0.0000e+00 0.0000e+00 0.0000e+00 0.0000e+00 0.0000e+00 0.0000e+00 0.0000e+00 0.0000e+00 0.0000e+00 0.0000e+00 0.0000e+00 0.0000e+00 0.0000e+00 0.0000e+00 0.0000e+00 0.0000e+00 0.0000e+00 0.0000e+00 0.0000e+00 0.0000e+00 0.0000e+00
-9.3218e-11 -5.2783e-10 -1.4569e-09 -2.9975e-09 -5.2516e-09 -8.3134e-09 5.7283e-07 -1.7220e-08 -2.3241e-08 -3.0425e-08 -3.8861e-08 -4.8638e-08 -5.9844e-08 -7.2562e-08 -8.6868e-08 -1.0282e-07 -1.2047e-07 -1.3980e-07 -1.6078e-07 -1.8329e-07 -2.0712e-07 -2.3194e-07 -2.5724e-07 -2.8235e-07 -3.0634e-07 -3.2805e-07 -3.4607e-07 -3.5878e-07 -3.6445e-07 -3.6142e-07 -3.4837e-07 -3.2462e-07 -2.9057e-07 -2.4791e-07 -1.9974e-07 -1.5028e-07 -1.0419e-07 -6.5510e-08 -3.6643e-08 -1.7820e-08 -7.3293e-09 -2.4668e-09 -6.5285e-10 -1.2953e-10 -1.8186e-11 -1.6856e-12 -9.4825e-14 -2.9244e-15 -4.3697e-17 -2.7225e-19 -5.8888e-22 -3.5356e-25 -4.4787e-29 -8.5445e-34 -1.6202e-39 -1.8260e-46 -6.4624e-55 -3.2429e-65 -8.5372e-78 -3.3820e-93 -4.1725e-112 -2.1776e-135 -3.7820e-164 -8.4331e-200 -3.6546e-244 -1.3535e-299 0.0000e+00 0.0000e+00 0.0000e+00 0.0000e+00 0.0000e+00 0.0000e+00 0.0000e+00 0.0000e+00 0.0000e+00 0.0000e+00 0.0000e+00 0.0000e+00 0.0000e+00 0.0000e+00 0.0000e+00 0.0000e+00 0.0000e+00 0.0000e+00 0.0000e+00 0.0000e+00 0.0000e+00 0.0000e+00 0.0000e+00 0.0000e+00 0.0000e+00 0.0000e+00 0.0000e+00 0.0000e+00 0.0000e+00 0.0000e+00 0.0000e+00 0.0000e+00 0.0000e+00 0.0000e+00 9.3218e-11 5.2783e-10 1.4569e-09 2.9975e-09 5.2516e-09 8.3134e-09 0.0000e+00 1.7220e-08 2.3241e-08 3.0425e-08 3.8861e-08 4.8638e-08 5.9844e-08 7.2562e-08 8.6868e-08 1.0282e-07 1.2047e-07 1.3980e-07 1.6078e-07 1.8329e-07 2.0712e-07 2.3194e-07 2.5724e-07 2.8235e-07 3.0634e-07 3.2805e-07 3.4606e-07 3.5877e-07 3.6443e-07 3.6140e-07 3.4834e-07 3.2459e-07 2.9054e-07 2.4787e-07 1.9970e-07 1.5025e-07 1.0416e-07 6.5488e-08 3.6627e-08 1.7810e-08 7.3248e-09 2.4649e-09 6.5225e-10 1.2938e-10 1.8161e-11 1.6829e-12 9.4638e-14 2.9174e-15 4.3573e-17 2.7131e-19 5.8644e-22 3.5180e-25 4.4517e-29 8.4825e-34 1.6060e-39 1.8068e-46 6.3802e-55 3.1931e-65 8.3786e-78 3.3060e-93 4.0589e-112 2.1057e-135 3.6303e-164 8.0216e-200 3.4376e-244 1.2556e-299 0.0000e+00 0.0000e+00 0.0000e+00 0.0000e+00 0.0000e+00 0.0000e+00 0.0000e+00 0.0000e+00 0.0000e+00 0.0000e+00 0.0000e+00 0.0000e+00 0.0000e+00 0.0000e+00 0.0000e+00 0.0000e+00 0.0000e+00 0.0000e+00 0.0000e+00 0.0000e+00 0.0000e+00 0.0000e+00 0.0000e+00 0.0000e+00 0.0000e+00 0.0000e+00 0.0000e+00 0.0000e+00 0.0000e+00 0.0000e+00 0.0000e+00 0.0000e+00 0.0000e+00 0.0000e+00
-1.3079e-10 -7.4056e-10 -2.0440e-09 -4.2055e-09 -7.3680e-09 -1.1664e-08 -1.7220e-08 1.2857e-06 -3.2607e-08 -4.2686e-08 -5.4522e-08 -6.8240e-08 -8.3962e-08 -1.0181e-07 -1.2188e-07 -1.4426e-07 -1.6902e-07 -1.9614e-07 -2.2558e-07 -2.5716e-07 -2.9060e-07 -3.2541e-07 -3.6092e-07 -3.9615e-07 -4.2981e-07 -4.6028e-07 -4.8557e-07 -5.0340e-07 -5.1136e-07 -5.0712e-07 -4.8881e-07 -4.5551e-07 -4.0774e-07 -3.4788e-07 -2.8030e-07 -2.1091e-07 -1.4624e-07 -9.1951e-08 -5.1437e-08 -2.5017e-08 -1.0291e-08 -3.4642e-09 -9.1701e-10 -1.8198e-10 -2.5558e-11 -2.3697e-12 -1.3337e-13 -4.1150e-15 -6.1526e-17 -3.8360e-19 -8.3048e-22 -4.9914e-25 -6.3308e-29 -1.2096e-33 -2.2979e-39 -2.5957e-46 -9.2110e-55 -4.6373e-65 -1.2256e-77 -4.8788e-93 -6.0544e-112 -3.1823e-135 -5.5749e-164 -1.2563e-199 -5.5145e-244 -2.0745e-299 0.0000e+00 0.0000e+00 0.0000e+00 0.0000e+00 0.0000e+00 0.0000e+00 0.0000e+00 0.0000e+00 0.0000e+00 0.0000e+00 0.0000e+00 0.0000e+00 0.0000e+00 0.0000e+00 0.0000e+00 0.0000e+00 0.0000e+00 0.0000e+00 0.0000e+00 0.0000e+00 0.0000e+00 0.0000e+00 0.0000e+00 0.0000e+00 0.0000e+00 0.0000e+00 0.0000e+00 0.0000e+00 0.0000e+00 0.0000e+00 0.0000e+00 0.0000e+00 0.0000e+00 0.0000e+00 1.3079e-10 7.4056e-10 2.0440e-09 4.2055e-09 7.3680e-09 1.1664e-08 1.7220e-08 0.0000e+00 3.2607e-08 4.2686e-08 5.4522e-08 6.8240e-08 8.3962e-08 1.0181e-07 1.2188e-07 1.4426e-07 1.6901e-07 1.9614e-07 2.2558e-07 2.5716e-07 2.9059e-07 3.2541e-07 3.6091e-07 3.9614e-07 4.2979e-07 4.6025e-07 4.8553e-07 5.0336e-07 5.1131e-07 5.0705e-07 4.8872e-07 4.5541e-07 4.0763e-07 3.4777e-07 2.8018e-07 2.1080e-07 1.4614e-07 9.1880e-08 5.1389e-08 2.4988e-08 1.0277e-08 3.4583e-09 9.1511e-10 1.8152e-10 2.5481e-11 2.3611e-12 1.3278e-13 4.0932e-15 6.1133e-17 3.8065e-19 8.2279e-22 4.9357e-25 6.2459e-29 1.1901e-33 2.2533e-39 2.5350e-46 8.9515e-55 4.4800e-65 1.1755e-77 4.6383e-93 5.6945e-112 2.9541e-135 5.0929e-164 1.1253e-199 4.8221e-244 1.7612e-299 0.0000e+00 0.0000e+00 0.0000e+00 0.0000e+00 0.0000e+00 0.0000e+00 0.0000e+00 0.0000e+00 0.0000e+00 0.0000e+00 0.0000e+00 0.0000e+00 0.0000e+00 0.0000e+00 0.0000e+00 0.0000e+00 0.0000e+00 0.0000e+00 0.0000e+00 0.0000e+00 0.0000e+00 0.0000e+00 0.0000e+00 0.0000e+00 0.0000e+00 0.0000e+00 0.0000e+00 0.0000e+00 0.0000e+00 0.0000e+00 0.0000e+00 0.0000e+00 0.0000e+00 0.0000e+00
-1.7652e-10 -9.9950e-10 -2.7587e-09 -5.6759e-09 -9.9443e-09 -1.5742e-08 -2.3241e-08 -3.2607e-08 2.6282e-06 -5.7611e-08 -7.3586e-08 -9.2100e-08 -1.1332e-07 -1.3740e-07 -1.6449e-07 -1.9470e-07 -2.2811e-07 -2.6472e-07 -3.0445e-07 -3.4708e-07 -3.9221e-07 -4.3921e-07 -4.8713e-07 -5.3468e-07 -5.8012e-07 -6.2125e-07 -6.5539e-07 -6.7948e-07 -6.9024e-07 -6.8453e-07 -6.5984e-07 -6.1492e-07 -5.5046e-07 -4.6969e-07 -3.7847e-07 -2.8480e-07 -1.9750e-07 -1.2420e-07 -6.9491e-08 -3.3805e-08 -1.3910e-08 -4.6838e-09 -1.2403e-09 -2.4625e-10 -3.4604e-11 -3.2105e-12 -1.8083e-13 -5.5847e-15 -8.3594e-17 -5.2190e-19 -1.1317e-21 -6.8153e-25 -8.6645e-29 -1.6602e-33 -3.1647e-39 -3.5895e-46 -1.2800e-54 -6.4829e-65 -1.7257e-77 -6.9290e-93 -8.6883e-112 -4.6241e-135 -8.2231e-164 -1.8866e-199 -8.4608e-244 -3.2652e-299 0.0000e+00 0.0000e+00 0.0000e+00 0.0000e+00 0.0000e+00 0.0000e+00 0.0000e+00 0.0000e+00 0.0000e+00 0.0000e+00 0.0000e+00 0.0000e+00 0.0000e+00 0.0000e+00 0.0000e+00 0.0000e+00 0.0000e+00 0.0000e+00 0.0000e+00 0.0000e+00 0.0000e+00 0.0000e+00 0.0000e+00 0.0000e+00 0.0000e+00 0.0000e+00 0.0000e+00 0.0000e+00 0.0000e+00 0.0000e+00 0.0000e+00 0.0000e+00 0.0000e+00 0.0000e+00 1.7652e-10 9.9950e-10 2.7587e-09 5.6759e-09 9.9443e-09 1.5742e-08 2.3241e-08 3.2607e-08 0.0000e+00 5.7611e-08 7.3586e-08 9.2100e-08 1.1332e-07 1.3740e-07 1.6449e-07 1.9470e-07 2.2811e-07 2.6472e-07 3.0445e-07 3.4708e-07 3.9220e-07 4.3919e-07 4.8711e-07 5.3465e-07 5.8007e-07 6.2118e-07 6.5530e-07 6.7936e-07 6.9008e-07 6.8434e-07 6.5961e-07 6.1464e-07 5.5016e-07 4.6936e-07 3.7814e-07 2.8450e-07 1.9724e-07 1.2401e-07 6.9357e-08 3.3725e-08 1.3870e-08 4.6674e-09 1.2351e-09 2.4500e-10 3.4390e-11 3.1866e-12 1.7921e-13 5.5244e-15 8.2508e-17 5.1375e-19 1.1105e-21 6.6615e-25 8.4297e-29 1.6062e-33 3.0411e-39 3.4213e-46 1.2081e-54 6.0462e-65 1.5864e-77 6.2595e-93 7.6845e-112 3.9863e-135 6.8717e-164 1.5181e-199 6.5039e-244 2.3746e-299 0.0000e+00 0.0000e+00 0.0000e+00 0.0000e+00 0.0000e+00 0.0000e+00 0.0000e+00 0.0000e+00 0.0000e+00 0.0000e+00 0.0000e+00 0.0000e+00 0.0000e+00 0.0000e+00 0.0000e+00 0.0000e+00 0.0000e+00 0.0000e+00 0.0000e+00 0.0000e+00 0.0000e+00 0.0000e+00 0.0000e+00 0.0000e+00 0.0000e+00 0.0000e+00 0.0000e+00 0.0000e+00 0.0000e+00 0.0000e+00 0.0000e+00 0.0000e+00 0.0000e+00 0.0000e+00
-2.3108e-10 -1.3085e-09 -3.6115e-09 -7.4305e-09 -1.3018e-08 -2.0608e-08 -3.0425e-08 -4.2686e-08 -5.7611e-08 4.9916e-06 -9.6332e-08 -1.2057e-07 -1.4835e-07 -1.7988e-07 -2.1534e-07 -2.5489e-07 -2.9863e-07 -3.4656e-07 -3.9857e-07 -4.5438e-07 -5.1346e-07 -5.7499e-07 -6.3773e-07 -7.0000e-07 -7.5950e-07 -8.1337e-07 -8.5809e-07 -8.8966e-07 -9.0378e-07 -8.9636e-07 -8.6409e-07 -8.0532e-07 -7.2098e-07 -6.1526e-07 -4.9584e-07 -3.7319e-07 -2.5885e-07 -1.6283e-07 -9.1130e-08 -4.4349e-08 -1.8257e-08 -6.1508e-09 -1.6299e-09 -3.2385e-10 -4.5552e-11 -4.2311e-12 -2.3864e-13 -7.3822e-15 -1.1072e-16 -6.9287e-19 -1.5067e-21 -9.1043e-25 -1.1622e-28 -2.2377e-33 -4.2901e-39 -4.8998e-46 -1.7619e-54 -9.0116e-65 -2.4273e-77 -9.8828e-93 -1.2599e-111 -6.8378e-135 -1.2443e-163 -2.9325e-199 -1.3570e-243 -5.4297e-299 0.0000e+00 0.0000e+00 0.0000e+00 0.0000e+00 0.0000e+00 0.0000e+00 0.0000e+00 0.0000e+00 0.0000e+00 0.0000e+00 0.0000e+00 0.0000e+00 0.0000e+00 0.0000e+00 0.0000e+00 0.0000e+00 0.0000e+00 0.0000e+00 0.0000e+00 0.0000e+00 0.0000e+00 0.0000e+00 0.0000e+00 0.0000e+00 0.0000e+00 0.0000e+00 0.0000e+00 0.0000e+00 0.0000e+00 0.0000e+00 0.0000e+00 0.0000e+00 0.0000e+00 0.0000e+00 2.3108e-10 1.3085e-09 3.6115e-09 7.4305e-09 1.3018e-08 2.0608e-08 3.0425e-08 4.2686e-08 5.7611e-08 0.0000e+00 9.6332e-08 1.2057e-07 1.4835e-07 1.7988e-07 2.1534e-07 2.5489e-07 2.9862e-07 3.4655e-07 3.9856e-07 4.5436e-07 5.1344e-07 5.7495e-07 6.3768e-07 6.9991e-07 7.5938e-07 8.1320e-07 8.5786e-07 8.8936e-07 9.0340e-07 8.9588e-07 8.6350e-07 8.0464e-07 7.2022e-07 6.1445e-07 4.9503e-07 3.7245e-07 2.5821e-07 1.6234e-07 9.0796e-08 4.4150e-08 1.8157e-08 6.1102e-09 1.6169e-09 3.2073e-10 4.5021e-11 4.1717e-12 2.3460e-13 7.2320e-15 1.0801e-16 6.7255e-19 1.4537e-21 8.7205e-25 1.1035e-28 2.1027e-33 3.9810e-39 4.4785e-46 1.5814e-54 7.9140e-65 2.0764e-77 8.1919e-93 1.0055e-111 5.2149e-135 8.9867e-164 1.9844e-199 8.4945e-244 3.0975e-299 0.0000e+00 0.0000e+00 0.0000e+00 0.0000e+00 0.0000e+00 0.0000e+00 0.0000e+00 0.0000e+00 0.0000e+00 0.0000e+00 0.0000e+00 0.0000e+00 0.0000e+00 0.0000e+00 0.0000e+00 0.0000e+00 0.0000e+00 0.0000e+00 0.0000e+00 0.0000e+00 0.0000e+00 0.0000e+00 0.0000e+00 0.0000e+00 0.0000e+00 0.0000e+00 0.0000e+00 0.0000e+00 0.0000e+00 0.0000e+00 0.0000e+00 0.0000e+00 0.0000e+00 0.0000e+00
-2.9515e-10 -1.6713e-09 -4.6129e-09 -9.4908e-09 -1.6628e-08 -2.6323e-08 -3.8861e-08 -5.4522e-08 -7.3586e-08 -9.6332e-08 8.9344e-06 -1.5400e-07 -1.8948e-07 -2.2975e-07 -2.7505e-07 -3.2557e-07 -3.8144e-07 -4.4266e-07 -5.0910e-07 -5.8039e-07 -6.5586e-07 -7.3446e-07 -8.1462e-07 -8.9418e-07 -9.7022e-07 -1.0391e-06 -1.0962e-06 -1.1366e-06 -1.1548e-06 -1.1454e-06 -1.1043e-06 -1.0293e-06 -9.2166e-07 -7.8667e-07 -6.3414e-07 -4.7743e-07 -3.3126e-07 -2.0847e-07 -1.1674e-07 -5.6846e-08 -2.3419e-08 -7.8973e-09 -2.0950e-09 -4.1681e-10 -5.8719e-11 -5.4645e-12 -3.0890e-13 -9.5816e-15 -1.4417e-16 -9.0567e-19 -1.9785e-21 -1.2020e-24 -1.5444e-28 -2.9967e-33 -5.7981e-39 -6.6940e-46 -2.4379e-54 -1.2658e-64 -3.4699e-77 -1.4421e-92 -1.8827e-111 -1.0502e-134 -1.9721e-163 -4.8170e-199 -2.3208e-243 -9.7165e-299 0.0000e+00 0.0000e+00 0.0000e+00 0.0000e+00 0.0000e+00 0.0000e+00 0.0000e+00 0.0000e+00 0.0000e+00 0.0000e+00 0.0000e+00 0.0000e+00 0.0000e+00 0.0000e+00 0.0000e+00 0.0000e+00 0.0000e+00 0.0000e+00 0.0000e+00 0.0000e+00 0.0000e+00 0.0000e+00 0.0000e+00 0.0000e+00 0.0000e+00 0.0000e+00 0.0000e+00 0.0000e+00 0.0000e+00 0.0000e+00 0.0000e+00 0.0000e+00 0.0000e+00 0.0000e+00 2.9515e-10 1.6713e-09 4.6129e-09 9.4908e-09 1.6628e-08 2.6323e-08 3.8861e-08 5.4522e-08 7.3586e-08 9.6332e-08 0.0000e+00 1.5400e-07 1.8948e-07 2.2975e-07 2.7505e-07 3.2557e-07 3.8143e-07 4.4264e-07 5.0907e-07 5.8035e-07 6.5580e-07 7.3437e-07 8.1449e-07 8.9398e-07 9.6995e-07 1.0387e-06 1.0957e-06 1.1360e-06 1.1539e-06 1.1443e-06 1.1029e-06 1.0277e-06 9.1992e-07 7.8483e-07 6.3230e-07 4.7572e-07 3.2981e-07 2.0735e-07 1.1597e-07 5.6392e-08 2.3192e-08 7.8045e-09 2.0652e-09 4.0966e-10 5.7504e-11 5.3284e-12 2.9965e-13 9.2373e-15 1.3796e-16 8.5901e-19 1.8568e-21 1.1138e-24 1.4094e-28 2.6854e-33 5.0841e-39 5.7192e-46 2.0193e-54 1.0104e-64 2.6505e-77 1.0453e-92 1.2826e-111 6.6469e-135 1.1442e-163 2.5224e-199 1.0770e-243 3.9111e-299 0.0000e+00 0.0000e+00 0.0000e+00 0.0000e+00 0.0000e+00 0.0000e+00 0.0000e+00 0.0000e+00 0.0000e+00 0.0000e+00 0.0000e+00 0.0000e+00 0.0000e+00 0.0000e+00 0.0000e+00 0.0000e+00 0.0000e+00 0.0000e+00 0.0000e+00 0.0000e+00 0.0000e+00 0.0000e+00 0.0000e+00 0.0000e+00 0.0000e+00 0.0000e+00 0.0000e+00 0.0000e+00 0.0000e+00 0.0000e+00 0.0000e+00 0.0000e+00 0.0000e+00 0.0000e+00
-3.6942e-10 -2.0918e-09 -5.7735e-09 -1.1879e-08 -2.0811e-08 -3.2945e-08 -4.8638e-08 -6.8240e-08 -9.2100e-08 -1.2057e-07 -1.5400e-07 1.5230e-05 -2.3716e-07 -2.8756e-07 -3.4426e-07 -4.0749e-07 -4.7741e-07 -5.5404e-07 -6.3721e-07 -7.2644e-07 -8.2092e-07 -9.1933e-07 -1.0197e-06 -1.1193e-06 -1.2146e-06 -1.3008e-06 -1.3725e-06 -1.4232e-06 -1.4461e-06 -1.4345e-06 -1.3833e-06 -1.2897e-06 -1.1551e-06 -9.8623e-07 -7.9531e-07 -5.9905e-07 -4.1589e-07 -2.6191e-07 -1.4678e-07 -7.1549e-08 -2.9512e-08 -9.9663e-09 -2.6484e-09 -5.2802e-10 -7.4571e-11 -6.9603e-12 -3.9484e-13 -1.2299e-14 -1.8598e-16 -1.1752e-18 -2.5855e-21 -1.5839e-24 -2.0549e-28 -4.0331e-33 -7.9086e-39 -9.2745e-46 -3.4395e-54 -1.8236e-64 -5.1202e-77 -2.1869e-92 -2.9447e-111 -1.7007e-134 -3.3199e-163 -8.4655e-199 -4.2770e-243 -1.8867e-298 0.0000e+00 0.0000e+00 0.0000e+00 0.0000e+00 0.0000e+00 0.0000e+00 0.0000e+00 0.0000e+00 0.0000e+00 0.0000e+00 0.0000e+00 0.0000e+00 0.0000e+00 0.0000e+00 0.0000e+00 0.0000e+00 0.0000e+00 0.0000e+00 0.0000e+00 0.0000e+00 0.0000e+00 0.0000e+00 0.0000e+00 0.0000e+00 0.0000e+00 0.0000e+00 0.0000e+00 0.0000e+00 0.0000e+00 0.0000e+00 0.0000e+00 0.0000e+00 0.0000e+00 0.0000e+00 3.6942e-10 2.0918e-09 5.7735e-09 1.1879e-08 2.0811e-08 3.2945e-08 4.8638e-08 6.8240e-08 9.2100e-08 1.2057e-07 1.5400e-07 0.0000e+00 2.3716e-07 2.8756e-07 3.4425e-07 4.0748e-07 4.7739e-07 5.5401e-07 6.3715e-07 7.2636e-07 8.2080e-07 9.1914e-07 1.0194e-06 1.1189e-06 1.2140e-06 1.3000e-06 1.3714e-06 1.4218e-06 1.4442e-06 1.4322e-06 1.3804e-06 1.2863e-06 1.1514e-06 9.8229e-07 7.9138e-07 5.9541e-07 4.1279e-07 2.5952e-07 1.4515e-07 7.0581e-08 2.9027e-08 9.7680e-09 2.5848e-09 5.1272e-10 7.1971e-11 6.6689e-12 3.7503e-13 1.1561e-14 1.7266e-16 1.0751e-18 2.3237e-21 1.3939e-24 1.7637e-28 3.3602e-33 6.3608e-39 7.1541e-46 2.5253e-54 1.2631e-64 3.3114e-77 1.3049e-92 1.5988e-111 8.2693e-135 1.4190e-163 3.1127e-199 1.3186e-243 4.7272e-299 0.0000e+00 0.0000e+00 0.0000e+00 0.0000e+00 0.0000e+00 0.0000e+00 0.0000e+00 0.0000e+00 0.0000e+00 0.0000e+00 0.0000e+00 0.0000e+00 0.0000e+00 0.0000e+00 0.0000e+00 0.0000e+00 0.0000e+00 0.0000e+00 0.0000e+00 0.0000e+00 0.0000e+00 0.0000e+00 0.0000e+00 0.0000e+00 0.0000e+00 0.0000e+00 0.0000e+00 0.0000e+00 0.0000e+00 0.0000e+00 0.0000e+00 0.0000e+00 0.0000e+00 0.0000e+00
-4.5453e-10 -2.5737e-09 -7.1037e-09 -1.4615e-08 -2.5606e-08 -4.0536e-08 -5.9844e-08 -8.3962e-08 -1.1332e-07 -1.4835e-07 -1.8948e-07 -2.3716e-07 2.4924e-05 -3.5382e-07 -4.2358e-07 -5.0138e-07 -5.8742e-07 -6.8172e-07 -7.8406e-07 -8.9388e-07 -1.0102e-06 -1.1313e-06 -1.2549e-06 -1.3775e-06 -1.4948e-06 -1.6012e-06 -1.6896e-06 -1.7523e-06 -1.7807e-06 -1.7669e-06 -1.7042e-06 -1.5894e-06 -1.4241e-06 -1.2165e-06 -9.8162e-07 -7.3993e-07 -5.1414e-07 -3.2413e-07 -1.8189e-07 -8.8796e-08 -3.6693e-08 -1.2419e-08 -3.3088e-09 -6.6175e-10 -9.3806e-11 -8.7945e-12 -5.0152e-13 -1.5719e-14 -2.3945e-16 -1.5262e-18 -3.3917e-21 -2.1024e-24 -2.7653e-28 -5.5143e-33 -1.1013e-38 -1.3187e-45 -5.0079e-54 -2.7273e-64 -7.8909e-77 -3.4848e-92 -4.8691e-111 -2.9288e-134 -5.9775e-163 -1.6003e-198 -8.5277e-243 -3.9883e-298 0.0000e+00 0.0000e+00 0.0000e+00 0.0000e+00 0.0000e+00 0.0000e+00 0.0000e+00 0.0000e+00 0.0000e+00 0.0000e+00 0.0000e+00 0.0000e+00 0.0000e+00 0.0000e+00 0.0000e+00 0.0000e+00 0.0000e+00 0.0000e+00 0.0000e+00 0.0000e+00 0.0000e+00 0.0000e+00 0.0000e+00 0.0000e+00 0.0000e+00 0.0000e+00 0.0000e+00 0.0000e+00 0.0000e+00 0.0000e+00 0.0000e+00 0.0000e+00 0.0000e+00 0.0000e+00 4.5453e-10 2.5737e-09 7.1037e-09 1.4615e-08 2.5606e-08 4.0536e-08 5.9844e-08 8.3962e-08 1.1332e-07 1.4835e-07 1.8948e-07 2.3716e-07 0.0000e+00 3.5381e-07 4.2356e-07 5.0136e-07 5.8738e-07 6.8165e-07 7.8395e-07 8.9371e-07 1.0099e-06 1.1309e-06 1.2543e-06 1.3767e-06 1.4937e-06 1.5995e-06 1.6874e-06 1.7493e-06 1.7770e-06 1.7622e-06 1.6985e-06 1.5827e-06 1.4166e-06 1.2086e-06 9.7372e-07 7.3259e-07 5.0789e-07 3.1931e-07 1.7859e-07 8.6842e-08 3.5715e-08 1.2018e-08 3.1803e-09 6.3084e-10 8.8551e-11 8.2051e-12 4.6142e-13 1.4224e-14 2.1242e-16 1.3226e-18 2.8585e-21 1.7145e-24 2.1691e-28 4.1316e-33 7.8186e-39 8.7897e-46 3.1005e-54 1.5492e-64 4.0551e-77 1.5942e-92 1.9462e-111 1.0009e-134 1.7023e-163 3.6804e-199 1.5217e-243 5.2289e-299 0.0000e+00 0.0000e+00 0.0000e+00 0.0000e+00 0.0000e+00 0.0000e+00 0.0000e+00 0.0000e+00 0.0000e+00 0.0000e+00 0.0000e+00 0.0000e+00 0.0000e+00 0.0000e+00 0.0000e+00 0.0000e+00 0.0000e+00 0.0000e+00 0.0000e+00 0.0000e+00 0.0000e+00 0.0000e+00 0.0000e+00 0.0000e+00 0.0000e+00 0.0000e+00 0.0000e+00 0.0000e+00 0.0000e+00 0.0000e+00 0.0000e+00 0.0000e+00 0.0000e+00 0.0000e+00
-5.5113e-10 -3.1207e-09 -8.6134e-09 -1.7722e-08 -3.1048e-08 -4.9151e-08 -7.2562e-08 -1.0181e-07 -1.3740e-07 -1.7988e-07 -2.2975e-07 -2.8756e-07 -3.5382e-07 3.9402e-05 -5.1361e-07 -6.0795e-07 -7.1229e-07 -8.2664e-07 -9.5076e-07 -1.0840e-06 -1.2250e-06 -1.3720e-06 -1.5219e-06 -1.6709e-06 -1.8134e-06 -1.9426e-06 -2.0502e-06 -2.1267e-06 -2.1619e-06 -2.1458e-06 -2.0705e-06 -1.9319e-06 -1.7321e-06 -1.4807e-06 -1.1958e-06 -9.0236e-07 -6.2783e-07 -3.9642e-07 -2.2287e-07 -1.0905e-07 -4.5185e-08 -1.5342e-08 -4.1034e-09 -8.2441e-10 -1.1749e-10 -1.1086e-11 -6.3692e-13 -2.0139e-14 -3.0993e-16 -1.9991e-18 -4.5042e-21 -2.8366e-24 -3.7991e-28 -7.7332e-33 -1.5806e-38 -1.9425e-45 -7.5934e-54 -4.2694e-64 -1.2794e-76 -5.8707e-92 -8.5524e-111 -5.3834e-134 -1.1545e-162 -3.2624e-198 -1.8449e-242 -9.2142e-298 0.0000e+00 0.0000e+00 0.0000e+00 0.0000e+00 0.0000e+00 0.0000e+00 0.0000e+00 0.0000e+00 0.0000e+00 0.0000e+00 0.0000e+00 0.0000e+00 0.0000e+00 0.0000e+00 0.0000e+00 0.0000e+00 0.0000e+00 0.0000e+00 0.0000e+00 0.0000e+00 0.0000e+00 0.0000e+00 0.0000e+00 0.0000e+00 0.0000e+00 0.0000e+00 0.0000e+00 0.0000e+00 0.0000e+00 0.0000e+00 0.0000e+00 0.0000e+00 0.0000e+00 0.0000e+00 5.5113e-10 3.1207e-09 8.6134e-09 1.7722e-08 3.1048e-08 4.9151e-08 7.2562e-08 1.0181e-07 1.3740e-07 1.7988e-07 2.2975e-07 2.8756e-07 3.5381e-07 0.0000e+00 5.1358e-07 6.0791e-07 7.1222e-07 8.2652e-07 9.5056e-07 1.0836e-06 1.2245e-06 1.3712e-06 1.5209e-06 1.6693e-06 1.8111e-06 1.9395e-06 2.0460e-06 2.1211e-06 2.1546e-06 2.1367e-06 2.0594e-06 1.9191e-06 1.7177e-06 1.4655e-06 1.1807e-06 8.8828e-07 6.1583e-07 3.8717e-07 2.1655e-07 1.0530e-07 4.3305e-08 1.4572e-08 3.8561e-09 7.6488e-10 1.0736e-10 9.9481e-12 5.5941e-13 1.7244e-14 2.5750e-16 1.6031e-18 3.4641e-21 2.0772e-24 2.6271e-28 5.0015e-33 9.4574e-39 1.0620e-45 3.7396e-54 1.8637e-64 4.8589e-77 1.8985e-92 2.2954e-111 1.1622e-134 1.9261e-163 3.9806e-199 1.5130e-243 4.3478e-299 0.0000e+00 0.0000e+00 0.0000e+00 0.0000e+00 0.0000e+00 0.0000e+00 0.0000e+00 0.0000e+00 0.0000e+00 0.0000e+00 0.0000e+00 0.0000e+00 0.0000e+00 0.0000e+00 0.0000e+00 0.0000e+00 0.0000e+00 0.0000e+00 0.0000e+00 0.0000e+00 0.0000e+00 0.0000e+00 0.0000e+00 0.0000e+00 0.0000e+00 0.0000e+00 0.0000e+00 0.0000e+00 0.0000e+00 0.0000e+00 0.0000e+00 0.0000e+00 0.0000e+00 0.0000e+00
-6.5978e-10 -3.7359e-09 -1.0312e-08 -2.1215e-08 -3.7170e-08 -5.8841e-08 -8.6868e-08 -1.2188e-07 -1.6449e-07 -2.1534e-07 -2.7505e-07 -3.4426e-07 -4.2358e-07 -5.1361e-07 6.0470e-05 -7.2784e-07 -8.5277e-07 -9.8970e-07 -1.1383e-06 -1.2979e-06 -1.4668e-06 -1.6429e-06 -1.8227e-06 -2.0013e-06 -2.1723e-06 -2.3276e-06 -2.4571e-06 -2.5496e-06 -2.5927e-06 -2.5746e-06 -2.4857e-06 -2.3211e-06 -2.0828e-06 -1.7824e-06 -1.4413e-06 -1.0893e-06 -7.5932e-07 -4.8052e-07 -2.7088e-07 -1.3297e-07 -5.5308e-08 -1.8865e-08 -5.0730e-09 -1.0257e-09 -1.4728e-10 -1.4018e-11 -8.1364e-13 -2.6032e-14 -4.0610e-16 -2.6606e-18 -6.1017e-21 -3.9203e-24 -5.3698e-28 -1.1207e-32 -2.3549e-38 -2.9834e-45 -1.2056e-53 -7.0275e-64 -2.1899e-76 -1.0485e-91 -1.5994e-110 -1.0585e-133 -2.3980e-162 -7.1991e-198 -4.3535e-242 -2.3435e-297 0.0000e+00 0.0000e+00 0.0000e+00 0.0000e+00 0.0000e+00 0.0000e+00 0.0000e+00 0.0000e+00 0.0000e+00 0.0000e+00 0.0000e+00 0.0000e+00 0.0000e+00 0.0000e+00 0.0000e+00 0.0000e+00 0.0000e+00 0.0000e+00 0.0000e+00 0.0000e+00 0.0000e+00 0.0000e+00 0.0000e+00 0.0000e+00 0.0000e+00 0.0000e+00 0.0000e+00 0.0000e+00 0.0000e+00 0.0000e+00 0.0000e+00 0.0000e+00 0.0000e+00 0.0000e+00 6.5978e-10 3.7359e-09 1.0312e-08 2.1215e-08 3.7170e-08 5.8841e-08 8.6868e-08 1.2188e-07 1.6449e-07 2.1534e-07 2.7505e-07 3.4425e-07 4.2356e-07 5.1358e-07 0.0000e+00 7.2776e-07 8.5263e-07 9.8948e-07 1.1380e-06 1.2973e-06 1.4660e-06 1.6416e-06 1.8207e-06 1.9984e-06 2.1682e-06 2.3219e-06 2.4494e-06 2.5393e-06 2.5794e-06 2.5579e-06 2.4655e-06 2.2974e-06 2.0564e-06 1.7544e-06 1.4134e-06 1.0634e-06 7.3724e-07 4.6350e-07 2.5924e-07 1.2605e-07 5.1841e-08 1.7445e-08 4.6160e-09 9.1561e-10 1.2852e-10 1.1907e-11 6.6953e-13 2.0635e-14 3.0810e-16 1.9176e-18 4.1421e-21 2.4824e-24 3.1369e-28 5.9648e-33 1.1258e-38 1.2608e-45 4.4211e-54 2.1892e-64 5.6507e-77 2.1726e-92 2.5581e-111 1.2372e-134 1.8829e-163 3.2494e-199 7.3208e-244 -1.5319e-299 0.0000e+00 0.0000e+00 0.0000e+00 0.0000e+00 0.0000e+00 0.0000e+00 0.0000e+00 0.0000e+00 0.0000e+00 0.0000e+00 0.0000e+00 0.0000e+00 0.0000e+00 0.0000e+00 0.0000e+00 0.0000e+00 0.0000e+00 0.0000e+00 0.0000e+00 0.0000e+00 0.0000e+00 0.0000e+00 0.0000e+00 0.0000e+00 0.0000e+00 0.0000e+00 0.0000e+00 0.0000e+00 0.0000e+00 0.0000e+00 0.0000e+00 0.0000e+00 0.0000e+00 0.0000e+00
-7.8096e-10 -4.4221e-09 -1.2205e-08 -2.5112e-08 -4.3996e-08 -6.9648e-08 -1.0282e-07 -1.4426e-07 -1.9470e-07 -2.5489e-07 -3.2557e-07 -4.0749e-07 -5.0138e-07 -6.0795e-07 -7.2784e-07 9.0449e-05 -1.0095e-06 -1.1716e-06 -1.3476e-06 -1.5366e-06 -1.7368e-06 -1.9455e-06 -2.1586e-06 -2.3705e-06 -2.5737e-06 -2.7584e-06 -2.9130e-06 -3.0239e-06 -3.0767e-06 -3.0573e-06 -2.9542e-06 -2.7613e-06 -2.4809e-06 -2.1262e-06 -1.7225e-06 -1.3047e-06 -9.1182e-07 -5.7885e-07 -3.2754e-07 -1.6150e-07 -6.7532e-08 -2.3178e-08 -6.2787e-09 -1.2804e-09 -1.8570e-10 -1.7879e-11 -1.0516e-12 -3.4157e-14 -5.4207e-16 -3.6207e-18 -8.4847e-21 -5.5834e-24 -7.8522e-28 -1.6868e-32 -3.6574e-38 -4.7938e-45 -2.0096e-53 -1.2189e-63 -3.9651e-76 -1.9889e-91 -3.1922e-110 -2.2339e-133 -5.3827e-162 -1.7305e-197 -1.1299e-241 -6.6296e-297 0.0000e+00 0.0000e+00 0.0000e+00 0.0000e+00 0.0000e+00 0.0000e+00 0.0000e+00 0.0000e+00 0.0000e+00 0.0000e+00 0.0000e+00 0.0000e+00 0.0000e+00 0.0000e+00 0.0000e+00 0.0000e+00 0.0000e+00 0.0000e+00 0.0000e+00 0.0000e+00 0.0000e+00 0.0000e+00 0.0000e+00 0.0000e+00 0.0000e+00 0.0000e+00 0.0000e+00 0.0000e+00 0.0000e+00 0.0000e+00 0.0000e+00 0.0000e+00 0.0000e+00 0.0000e+00 7.8096e-10 4.4221e-09 1.2205e-08 2.5112e-08 4.3996e-08 6.9648e-08 1.0282e-07 1.4426e-07 1.9470e-07 2.5489e-07 3.2557e-07 4.0748e-07 5.0136e-07 6.0791e-07 7.2776e-07 0.0000e+00 1.0092e-06 1.1712e-06 1.3470e-06 1.5356e-06 1.7352e-06 1.9431e-06 2.1551e-06 2.3654e-06 2.5664e-06 2.7483e-06 2.8992e-06 3.0057e-06 3.0531e-06 3.0277e-06 2.9183e-06 2.7194e-06 2.4340e-06 2.0766e-06 1.6730e-06 1.2587e-06 8.7264e-07 5.4862e-07 3.0684e-07 1.4920e-07 6.1359e-08 2.0647e-08 5.4632e-09 1.0836e-09 1.5208e-10 1.4089e-11 7.9204e-13 2.4405e-14 3.6424e-16 2.2657e-18 4.8900e-21 2.9270e-24 3.6919e-28 7.0006e-33 1.3158e-38 1.4641e-45 5.0829e-54 2.4772e-64 6.2293e-77 2.2903e-92 2.4834e-111 1.0110e-134 9.4694e-164 -9.2012e-200 -2.6796e-243 -2.5162e-298 0.0000e+00 0.0000e+00 0.0000e+00 0.0000e+00 0.0000e+00 0.0000e+00 0.0000e+00 0.0000e+00 0.0000e+00 0.0000e+00 0.0000e+00 0.0000e+00 0.0000e+00 0.0000e+00 0.0000e+00 0.0000e+00 0.0000e+00 0.0000e+00 0.0000e+00 0.0000e+00 0.0000e+00 0.0000e+00 0.0000e+00 0.0000e+00 0.0000e+00 0.0000e+00 0.0000e+00 0.0000e+00 0.0000e+00 0.0000e+00 0.0000e+00 0.0000e+00 0.0000e+00 0.0000e+00
-9.1496e-10 -5.1808e-09 -1.4300e-08 -2.9421e-08 -5.1545e-08 -8.1599e-08 -1.2047e-07 -1.6902e-07 -2.2811e-07 -2.9863e-07 -3.8144e-07 -4.7741e-07 -5.8742e-07 -7.1229e-07 -8.5277e-07 -1.0095e-06 1.3229e-04 -1.3728e-06 -1.5792e-06 -1.8008e-06 -2.0356e-06 -2.2806e-06 -2.5309e-06 -2.7800e-06 -3.0192e-06 -3.2372e-06 -3.4203e-06 -3.5527e-06 -3.6175e-06 -3.5980e-06 -3.4806e-06 -3.2579e-06 -2.9320e-06 -2.5181e-06 -2.0450e-06 -1.5536e-06 -1.0897e-06 -6.9475e-07 -3.9512e-07 -1.9600e-07 -8.2537e-08 -2.8563e-08 -7.8121e-09 -1.6109e-09 -2.3662e-10 -2.3116e-11 -1.3822e-12 -4.5734e-14 -7.4093e-16 -5.0632e-18 -1.2166e-20 -8.2280e-24 -1.1920e-27 -2.6440e-32 -5.9343e-38 -8.0730e-45 -3.5229e-53 -2.2316e-63 -7.6101e-76 -4.0195e-91 -6.8283e-110 -5.0885e-133 -1.3149e-161 -4.5715e-197 -3.2590e-241 -2.1115e-296 0.0000e+00 0.0000e+00 0.0000e+00 0.0000e+00 0.0000e+00 0.0000e+00 0.0000e+00 0.0000e+00 0.0000e+00 0.0000e+00 0.0000e+00 0.0000e+00 0.0000e+00 0.0000e+00 0.0000e+00 0.0000e+00 0.0000e+00 0.0000e+00 0.0000e+00 0.0000e+00 0.0000e+00 0.0000e+00 0.0000e+00 0.0000e+00 0.0000e+00 0.0000e+00 0.0000e+00 0.0000e+00 0.0000e+00 0.0000e+00 0.0000e+00 0.0000e+00 0.0000e+00 0.0000e+00 9.1496e-10 5.1808e-09 1.4300e-08 2.9421e-08 5.1545e-08 8.1598e-08 1.2047e-07 1.6901e-07 2.2811e-07 2.9862e-07 3.8143e-07 4.7739e-07 5.8738e-07 7.1222e-07 8.5263e-07 1.0092e-06 0.0000e+00 1.3722e-06 1.5781e-06 1.7990e-06 2.0329e-06 2.2765e-06 2.5249e-06 2.7713e-06 3.0068e-06 3.2199e-06 3.3967e-06 3.5214e-06 3.5770e-06 3.5472e-06 3.4190e-06 3.1859e-06 2.8517e-06 2.4329e-06 1.9600e-06 1.4747e-06 1.0223e-06 6.4273e-07 3.5947e-07 1.7479e-07 7.1878e-08 2.4185e-08 6.3989e-09 1.2690e-09 1.7807e-10 1.6493e-11 9.2683e-13 2.8542e-14 4.2564e-16 2.6444e-18 5.6971e-21 3.4009e-24 4.2722e-28 8.0509e-33 1.4988e-38 1.6425e-45 5.5629e-54 2.5995e-64 6.0562e-77 1.9044e-92 1.3596e-111 -1.4978e-135 -2.8176e-163 -1.6403e-198 -1.5220e-242 -1.1472e-297 0.0000e+00 0.0000e+00 0.0000e+00 0.0000e+00 0.0000e+00 0.0000e+00 0.0000e+00 0.0000e+00 0.0000e+00 0.0000e+00 0.0000e+00 0.0000e+00 0.0000e+00 0.0000e+00 0.0000e+00 0.0000e+00 0.0000e+00 0.0000e+00 0.0000e+00 0.0000e+00 0.0000e+00 0.0000e+00 0.0000e+00 0.0000e+00 0.0000e+00 0.0000e+00 0.0000e+00 0.0000e+00 0.0000e+00 0.0000e+00 0.0000e+00 0.0000e+00 0.0000e+00 0.0000e+00
