1.0398e-08 -1.4142e-08 -2.5979e-08 -3.9990e-08 -5.5867e-08 -7.3389e-08 -9.2379e-08 -1.1267e-07 -1.3412e-07 -1.5654e-07 -1.7976e-07 -2.0358e-07 -2.2776e-07 -2.5204e-07 -2.7613e-07 -2.9970e-07 -3.2238e-07 -3.4379e-07 -3.6350e-07 -3.8109e-07 -3.9613e-07 -4.0820e-07 -4.1690e-07 -4.2189e-07 -4.2290e-07 -4.1973e-07 -4.1230e-07 -4.0065e-07 -3.8495e-07 -3.6549e-07 -3.4271e-07 -3.1718e-07 -2.8954e-07 -2.6051e-07 -2.3087e-07 -2.0136e-07 -1.7272e-07 -1.4557e-07 -1.2046e-07 -9.7784e-08 -7.7792e-08 -6.0597e-08 -4.6175e-08 -3.4385e-08 -2.4998e-08 -1.7725e-08 -1.2243e-08 -8.2304e-09 -5.3783e-09 -3.4126e-09 -2.1001e-09 -1.2519e-09 -7.2210e-10 -4.0247e-10 -2.1650e-10 -1.1225e-10 -5.6025e-11 -2.6880e-11 -1.2381e-11 -5.4670e-12 -2.3110e-12 -9.3388e-13 -3.6022e-13 -1.3243e-13 -4.6337e-14 -1.5406e-14 -4.8594e-15 -1.4519e-15 -4.1026e-16 -1.0945e-16 -2.7525e-17 -6.5136e-18 -1.4480e-18 -3.0188e-19 -5.8917e-20 -1.0745e-20 -1.8280e-21 -2.8954e-22 -4.2622e-23 -5.8202e-24 -7.3584e-25 -8.5967e-26 -9.2628e-27 -9.1866e-28 -8.3695e-29 -6.9904e-30 -5.3416e-31 -3.7266e-32 -2.3686e-33 -1.3688e-34 -7.1757e-36 -3.4054e-37 -1.4597e-38 -5.6394e-40 -1.9592e-41 -6.1066e-43 -1.7038e-44 -4.2457e-46 -9.4265e-48 -1.8604e-49 0.0000e+00 1.4142e-08 2.5979e-08 3.9990e-08 5.5867e-08 7.3389e-08 9.2379e-08 1.1267e-07 1.3412e-07 1.5654e-07 1.7976e-07 2.0358e-07 2.2776e-07 2.5204e-07 2.7613e-07 2.9970e-07 3.2238e-07 3.4379e-07 3.6350e-07 3.8109e-07 3.9613e-07 4.0819e-07 4.1690e-07 4.2189e-07 4.2290e-07 4.1973e-07 4.1230e-07 4.0065e-07 3.8494e-07 3.6549e-07 3.4271e-07 3.1718e-07 2.8954e-07 2.6051e-07 2.3087e-07 2.0136e-07 1.7272e-07 1.4557e-07 1.2046e-07 9.7784e-08 7.7792e-08 6.0597e-08 4.6175e-08 3.4385e-08 2.4998e-08 1.7724e-08 1.2243e-08 8.2303e-09 5.3783e-09 3.4126e-09 2.1001e-09 1.2519e-09 7.2209e-10 4.0247e-10 2.1649e-10 1.1225e-10 5.6023e-11 2.6879e-11 1.2381e-11 5.4669e-12 2.3110e-12 9.3385e-13 3.6021e-13 1.3243e-13 4.6335e-14 1.5405e-14 4.8592e-15 1.4518e-15 4.1024e-16 1.0945e-16 2.7524e-17 6.5133e-18 1.4480e-18 3.0186e-19 5.8913e-20 1.0744e-20 1.8278e-21 2.8952e-22 4.2619e-23 5.8197e-24 7.3577e-25 8.5959e-26 9.2619e-27 9.1857e-28 8.3686e-29 6.9896e-30 5.3410e-31 3.7261e-32 2.3683e-33 1.3686e-34 7.1747e-36 3.4049e-37 1.4595e-38 5.6385e-40 1.9588e-41 6.1055e-43 1.7035e-44 4.2449e-46 9.4247e-48 1.8600e-49
-1.4142e-08 1.6637e-07 -7.3478e-08 -1.1311e-07 -1.5801e-07 -2.0757e-07 -2.6128e-07 -3.1869e-07 -3.7933e-07 -4.4276e-07 -5.0844e-07 -5.7580e-07 -6.4420e-07 -7.1288e-07 -7.8102e-07 -8.4767e-07 -9.1182e-07 -9.7236e-07 -1.0281e-06 -1.0779e-06 -1.1204e-06 -1.1545e-06 -1.1792e-06 -1.1933e-06 -1.1961e-06 -1.1872e-06 -1.1662e-06 -1.1332e-06 -1.0888e-06 -1.0338e-06 -9.6936e-07 -8.9713e-07 -8.1895e-07 -7.3685e-07 -6.5301e-07 -5.6956e-07 -4.8854e-07 -4.1176e-07 -3.4074e-07 -2.7659e-07 -2.2004e-07 -1.7141e-07 -1.3061e-07 -9.7266e-08 -7.0714e-08 -5.0139e-08 -3.4634e-08 -2.3282e-08 -1.5215e-08 -9.6540e-09 -5.9411e-09 -3.5418e-09 -2.0429e-09 -1.1386e-09 -6.1251e-10 -3.1758e-10 -1.5851e-10 -7.6053e-11 -3.5031e-11 -1.5469e-11 -6.5392e-12 -2.6425e-12 -1.0193e-12 -3.7476e-13 -1.3113e-13 -4.3598e-14 -1.3752e-14 -4.1092e-15 -1.1612e-15 -3.0980e-16 -7.7910e-17 -1.8438e-17 -4.0991e-18 -8.5461e-19 -1.6680e-19 -3.0422e-20 -5.1756e-21 -8.1984e-22 -1.2069e-22 -1.6482e-23 -2.0839e-24 -2.4348e-25 -2.6236e-26 -2.6022e-27 -2.3709e-28 -1.9804e-29 -1.5134e-30 -1.0559e-31 -6.7121e-33 -3.8790e-34 -2.0337e-35 -9.6524e-37 -4.1379e-38 -1.5988e-39 -5.5548e-41 -1.7316e-42 -4.8319e-44 -1.2042e-45 -2.6739e-47 -5.2777e-49 1.4142e-08 0.0000e+00 7.3478e-08 1.1311e-07 1.5801e-07 2.0757e-07 2.6128e-07 3.1869e-07 3.7933e-07 4.4276e-07 5.0844e-07 5.7580e-07 6.4420e-07 7.1288e-07 7.8101e-07 8.4767e-07 9.1182e-07 9.7236e-07 1.0281e-06 1.0779e-06 1.1204e-06 1.1545e-06 1.1791e-06 1.1933e-06 1.1961e-06 1.1872e-06 1.1661e-06 1.1332e-06 1.0888e-06 1.0337e-06 9.6933e-07 8.9710e-07 8.1892e-07 7.3682e-07 6.5298e-07 5.6953e-07 4.8851e-07 4.1174e-07 3.4071e-07 2.7657e-07 2.2002e-07 1.7139e-07 1.3060e-07 9.7254e-08 7.0705e-08 5.0131e-08 3.4629e-08 2.3278e-08 1.5212e-08 9.6521e-09 5.9398e-09 3.5409e-09 2.0423e-09 1.1383e-09 6.1233e-10 3.1748e-10 1.5846e-10 7.6025e-11 3.5017e-11 1.5462e-11 6.5363e-12 2.6413e-12 1.0188e-12 3.7456e-13 1.3105e-13 4.3571e-14 1.3744e-14 4.1064e-15 1.1603e-15 3.0956e-16 7.7847e-17 1.8422e-17 4.0954e-18 8.5379e-19 1.6663e-19 3.0389e-20 5.1698e-21 8.1887e-22 1.2054e-22 1.6460e-23 2.0810e-24 2.4313e-25 2.6196e-26 2.5981e-27 2.3670e-28 1.9769e-29 1.5106e-30 1.0539e-31 6.6986e-33 3.8709e-34 2.0293e-35 9.6303e-37 4.1281e-38 1.5948e-39 5.5403e-41 1.7269e-42 4.8182e-44 1.2006e-45 2.6657e-47 5.2609e-49
-2.5979e-08 -7.3478e-08 8.4223e-07 -2.0778e-07 -2.9027e-07 -3.8131e-07 -4.7998e-07 -5.8543e-07 -6.9684e-07 -8.1334e-07 -9.3400e-07 -1.0578e-06 -1.1834e-06 -1.3096e-06 -1.4347e-06 -1.5572e-06 -1.6750e-06 -1.7863e-06 -1.8887e-06 -1.9801e-06 -2.0582e-06 -2.1210e-06 -2.1662e-06 -2.1921e-06 -2.1974e-06 -2.1810e-06 -2.1424e-06 -2.0819e-06 -2.0003e-06 -1.8992e-06 -1.7809e-06 -1.6483e-06 -1.5046e-06 -1.3538e-06 -1.1998e-06 -1.0465e-06 -8.9766e-07 -7.5662e-07 -6.2613e-07 -5.0827e-07 -4.0437e-07 -3.1500e-07 -2.4005e-07 -1.7876e-07 -1.2997e-07 -9.2158e-08 -6.3663e-08 -4.2799e-08 -2.7970e-08 -1.7749e-08 -1.0923e-08 -6.5124e-09 -3.7566e-09 -2.0940e-09 -1.1265e-09 -5.8415e-10 -2.9158e-10 -1.3991e-10 -6.4453e-11 -2.8464e-11 -1.2034e-11 -4.8636e-12 -1.8763e-12 -6.8994e-13 -2.4144e-13 -8.0287e-14 -2.5329e-14 -7.5695e-15 -2.1393e-15 -5.7087e-16 -1.4359e-16 -3.3989e-17 -7.5578e-18 -1.5760e-18 -3.0767e-19 -5.6127e-20 -9.5510e-21 -1.5133e-21 -2.2284e-22 -3.0439e-23 -3.8496e-24 -4.4990e-25 -4.8493e-26 -4.8112e-27 -4.3849e-28 -3.6639e-29 -2.8008e-30 -1.9548e-31 -1.2431e-32 -7.1865e-34 -3.7693e-35 -1.7896e-36 -7.6753e-38 -2.9668e-39 -1.0312e-40 -3.2160e-42 -8.9783e-44 -2.2386e-45 -4.9732e-47 -9.8212e-49 2.5979e-08 7.3478e-08 0.0000e+00 2.0778e-07 2.9027e-07 3.8131e-07 4.7998e-07 5.8543e-07 6.9684e-07 8.1334e-07 9.3400e-07 1.0578e-06 1.1834e-06 1.3096e-06 1.4347e-06 1.5572e-06 1.6750e-06 1.7862e-06 1.8886e-06 1.9800e-06 2.0582e-06 2.1209e-06 2.1661e-06 2.1920e-06 2.1973e-06 2.1808e-06 2.1422e-06 2.0817e-06 2.0001e-06 1.8990e-06 1.7807e-06 1.6480e-06 1.5043e-06 1.3535e-06 1.1995e-06 1.0462e-06 8.9739e-07 7.5636e-07 6.2589e-07 5.0806e-07 4.0418e-07 3.1485e-07 2.3991e-07 1.7866e-07 1.2988e-07 9.2091e-08 6.3613e-08 4.2762e-08 2.7944e-08 1.7731e-08 1.0911e-08 6.5047e-09 3.7518e-09 2.0911e-09 1.1249e-09 5.8322e-10 2.9108e-10 1.3966e-10 6.4327e-11 2.8404e-11 1.2007e-11 4.8520e-12 1.8716e-12 6.8807e-13 2.4075e-13 8.0040e-14 2.5247e-14 7.5434e-15 2.1315e-15 5.6866e-16 1.4301e-16 3.3841e-17 7.5232e-18 1.5684e-18 3.0610e-19 5.5825e-20 9.4969e-21 1.5043e-21 2.2144e-22 3.0238e-23 3.8229e-24 4.4662e-25 4.8122e-26 4.7726e-27 4.3481e-28 3.6316e-29 2.7750e-30 1.9360e-31 1.2305e-32 7.1108e-34 3.7278e-35 1.7691e-36 7.5832e-38 2.9296e-39 1.0178e-40 3.1723e-42 8.8511e-44 2.2055e-45 4.8968e-47 9.6642e-49
-3.9990e-08 -1.1311e-07 -2.0778e-07 2.6619e-06 -4.4682e-07 -5.8697e-07 -7.3885e-07 -9.0117e-07 -1.0727e-06 -1.2520e-06 -1.4377e-06 -1.6282e-06 -1.8217e-06 -2.0159e-06 -2.2086e-06 -2.3971e-06 -2.5785e-06 -2.7497e-06 -2.9074e-06 -3.0482e-06 -3.1685e-06 -3.2651e-06 -3.3348e-06 -3.3748e-06 -3.3830e-06 -3.3577e-06 -3.2985e-06 -3.2054e-06 -3.0799e-06 -2.9244e-06 -2.7423e-06 -2.5381e-06 -2.3171e-06 -2.0850e-06 -1.8479e-06 -1.6119e-06 -1.3827e-06 -1.1655e-06 -9.6460e-07 -7.8309e-07 -6.2307e-07 -4.8542e-07 -3.6995e-07 -2.7554e-07 -2.0035e-07 -1.4208e-07 -9.8166e-08 -6.6005e-08 -4.3142e-08 -2.7381e-08 -1.6855e-08 -1.0050e-08 -5.7986e-09 -3.2329e-09 -1.7396e-09 -9.0229e-10 -4.5050e-10 -2.1623e-10 -9.9635e-11 -4.4014e-11 -1.8614e-11 -7.5254e-12 -2.9042e-12 -1.0683e-12 -3.7398e-13 -1.2441e-13 -3.9265e-14 -1.1739e-14 -3.3192e-15 -8.8614e-16 -2.2300e-16 -5.2811e-17 -1.1749e-17 -2.4515e-18 -4.7884e-19 -8.7405e-20 -1.4883e-20 -2.3596e-21 -3.4769e-22 -4.7525e-23 -6.0148e-24 -7.0347e-25 -7.5883e-26 -7.5347e-27 -6.8728e-28 -5.7475e-29 -4.3976e-30 -3.0721e-31 -1.9554e-32 -1.1316e-33 -5.9409e-35 -2.8237e-36 -1.2123e-37 -4.6911e-39 -1.6324e-40 -5.0970e-42 -1.4247e-43 -3.5566e-45 -7.9114e-47 -1.5644e-48 3.9990e-08 1.1311e-07 2.0778e-07 0.0000e+00 4.4682e-07 5.8697e-07 7.3884e-07 9.0117e-07 1.0727e-06 1.2520e-06 1.4377e-06 1.6282e-06 1.8216e-06 2.0158e-06 2.2085e-06 2.3970e-06 2.5784e-06 2.7496e-06 2.9072e-06 3.0479e-06 3.1682e-06 3.2647e-06 3.3343e-06 3.3742e-06 3.3823e-06 3.3570e-06 3.2976e-06 3.2044e-06 3.0788e-06 2.9232e-06 2.7410e-06 2.5368e-06 2.3157e-06 2.0835e-06 1.8465e-06 1.6105e-06 1.3814e-06 1.1643e-06 9.6345e-07 7.8207e-07 6.2217e-07 4.8465e-07 3.6930e-07 2.7501e-07 1.9993e-07 1.4176e-07 9.7921e-08 6.5826e-08 4.3015e-08 2.7294e-08 1.6796e-08 1.0013e-08 5.7752e-09 3.2189e-09 1.7315e-09 8.9777e-10 4.4807e-10 2.1498e-10 9.9020e-11 4.3724e-11 1.8483e-11 7.4689e-12 2.8809e-12 1.0592e-12 3.7059e-13 1.2321e-13 3.8863e-14 1.1612e-14 3.2811e-15 8.7536e-16 2.2013e-16 5.2093e-17 1.1581e-17 2.4143e-18 4.7118e-19 8.5933e-20 1.4619e-20 2.3156e-21 3.4086e-22 4.6546e-23 5.8847e-24 6.8749e-25 7.4076e-26 7.3466e-27 6.6932e-28 5.5902e-29 4.2717e-30 2.9801e-31 1.8942e-32 1.0946e-33 5.7382e-35 2.7232e-36 1.1673e-37 4.5096e-39 1.5666e-40 4.8831e-42 1.3624e-43 3.3950e-45 7.5377e-47 1.4876e-48
-5.5867e-08 -1.5801e-07 -2.9027e-07 -4.4682e-07 6.4987e-06 -8.2001e-07 -1.0322e-06 -1.2590e-06 -1.4986e-06 -1.7491e-06 -2.0086e-06 -2.2747e-06 -2.5450e-06 -2.8163e-06 -3.0855e-06 -3.3489e-06 -3.6025e-06 -3.8417e-06 -4.0622e-06 -4.2589e-06 -4.4272e-06 -4.5622e-06 -4.6598e-06 -4.7159e-06 -4.7275e-06 -4.6924e-06 -4.6098e-06 -4.4800e-06 -4.3049e-06 -4.0879e-06 -3.8337e-06 -3.5486e-06 -3.2399e-06 -2.9156e-06 -2.5844e-06 -2.2546e-06 -1.9343e-06 -1.6308e-06 -1.3499e-06 -1.0961e-06 -8.7227e-07 -6.7971e-07 -5.1814e-07 -3.8600e-07 -2.8075e-07 -1.9915e-07 -1.3763e-07 -9.2571e-08 -6.0527e-08 -3.8428e-08 -2.3664e-08 -1.4116e-08 -8.1479e-09 -4.5448e-09 -2.4467e-09 -1.2697e-09 -6.3425e-10 -3.0459e-10 -1.4043e-10 -6.2076e-11 -2.6269e-11 -1.0627e-11 -4.1043e-12 -1.5108e-12 -5.2931e-13 -1.7622e-13 -5.5666e-14 -1.6657e-14 -4.7142e-15 -1.2598e-15 -3.1735e-16 -7.5233e-17 -1.6756e-17 -3.5000e-18 -6.8445e-19 -1.2509e-19 -2.1327e-20 -3.3857e-21 -4.9956e-22 -6.8382e-23 -8.6672e-24 -1.0152e-24 -1.0968e-25 -1.0908e-26 -9.9670e-28 -8.3495e-29 -6.3998e-30 -4.4791e-31 -2.8563e-32 -1.6562e-33 -8.7130e-35 -4.1499e-36 -1.7855e-37 -6.9244e-39 -2.4151e-40 -7.5583e-42 -2.1177e-43 -5.2998e-45 -1.1819e-46 -2.3432e-48 5.5867e-08 1.5801e-07 2.9027e-07 4.4682e-07 0.0000e+00 8.2001e-07 1.0322e-06 1.2590e-06 1.4985e-06 1.7491e-06 2.0086e-06 2.2747e-06 2.5449e-06 2.8162e-06 3.0853e-06 3.3487e-06 3.6021e-06 3.8412e-06 4.0615e-06 4.2581e-06 4.4261e-06 4.5609e-06 4.6581e-06 4.7139e-06 4.7252e-06 4.6898e-06 4.6068e-06 4.4766e-06 4.3011e-06 4.0837e-06 3.8293e-06 3.5440e-06 3.2351e-06 2.9108e-06 2.5795e-06 2.2499e-06 1.9298e-06 1.6265e-06 1.3460e-06 1.0926e-06 8.6919e-07 6.7707e-07 5.1593e-07 3.8420e-07 2.7931e-07 1.9804e-07 1.3680e-07 9.1960e-08 6.0093e-08 3.8130e-08 2.3465e-08 1.3988e-08 8.0682e-09 4.4969e-09 2.4190e-09 1.2542e-09 6.2597e-10 3.0033e-10 1.3833e-10 6.1083e-11 2.5821e-11 1.0434e-11 4.0247e-12 1.4797e-12 5.1772e-13 1.7212e-13 5.4293e-14 1.6222e-14 4.5837e-15 1.2229e-15 3.0753e-16 7.2775e-17 1.6178e-17 3.3728e-18 6.5825e-19 1.2005e-19 2.0423e-20 3.2348e-21 4.7619e-22 6.5024e-23 8.2208e-24 9.6042e-25 1.0348e-25 1.0263e-26 9.3502e-28 7.8094e-29 5.9674e-30 4.1631e-31 2.6461e-32 1.5291e-33 8.0160e-35 3.8041e-36 1.6306e-37 6.2995e-39 2.1884e-40 6.8211e-42 1.9032e-43 4.7423e-45 1.0529e-46 2.0779e-48
-7.3389e-08 -2.0757e-07 -3.8131e-07 -5.8697e-07 -8.2001e-07 1.3476e-05 -1.3559e-06 -1.6538e-06 -1.9686e-06 -2.2977e-06 -2.6386e-06 -2.9883e-06 -3.3433e-06 -3.6999e-06 -4.0536e-06 -4.3997e-06 -4.7329e-06 -5.0474e-06 -5.3372e-06 -5.5959e-06 -5.8173e-06 -5.9951e-06 -6.1236e-06 -6.1978e-06 -6.2135e-06 -6.1680e-06 -6.0600e-06 -5.8901e-06 -5.6605e-06 -5.3759e-06 -5.0424e-06 -4.6682e-06 -4.2628e-06 -3.8370e-06 -3.4018e-06 -2.9684e-06 -2.5474e-06 -2.1483e-06 -1.7788e-06 -1.4448e-06 -1.1502e-06 -8.9662e-07 -6.8377e-07 -5.0961e-07 -3.7083e-07 -2.6318e-07 -1.8198e-07 -1.2247e-07 -8.0124e-08 -5.0903e-08 -3.1367e-08 -1.8725e-08 -1.0816e-08 -6.0380e-09 -3.2533e-09 -1.6898e-09 -8.4490e-10 -4.0616e-10 -1.8746e-10 -8.2952e-11 -3.5144e-11 -1.4235e-11 -5.5044e-12 -2.0289e-12 -7.1180e-13 -2.3732e-13 -7.5078e-14 -2.2501e-14 -6.3785e-15 -1.7074e-15 -4.3087e-16 -1.0233e-16 -2.2835e-17 -4.7793e-18 -9.3655e-19 -1.7153e-19 -2.9308e-20 -4.6634e-21 -6.8972e-22 -9.4642e-23 -1.2026e-23 -1.4123e-24 -1.5299e-25 -1.5258e-26 -1.3981e-27 -1.1746e-28 -9.0308e-30 -6.3401e-31 -4.0561e-32 -2.3596e-33 -1.2455e-34 -5.9529e-36 -2.5704e-37 -1.0005e-38 -3.5025e-40 -1.1003e-41 -3.0951e-43 -7.7767e-45 -1.7414e-46 -3.4669e-48 7.3389e-08 2.0757e-07 3.8131e-07 5.8697e-07 8.2001e-07 0.0000e+00 1.3559e-06 1.6538e-06 1.9686e-06 2.2977e-06 2.6385e-06 2.9881e-06 3.3431e-06 3.6995e-06 4.0531e-06 4.3990e-06 4.7319e-06 5.0461e-06 5.3354e-06 5.5936e-06 5.8143e-06 5.9915e-06 6.1192e-06 6.1924e-06 6.2072e-06 6.1607e-06 6.0517e-06 5.8807e-06 5.6502e-06 5.3646e-06 5.0303e-06 4.6555e-06 4.2498e-06 3.8237e-06 3.3886e-06 2.9556e-06 2.5351e-06 2.1367e-06 1.7681e-06 1.4353e-06 1.1418e-06 8.8944e-07 6.7775e-07 5.0470e-07 3.6692e-07 2.6016e-07 1.7971e-07 1.2080e-07 7.8942e-08 5.0090e-08 3.0825e-08 1.8376e-08 1.0599e-08 5.9073e-09 3.1777e-09 1.6476e-09 8.2230e-10 3.9453e-10 1.8172e-10 8.0242e-11 3.3920e-11 1.3707e-11 5.2870e-12 1.9438e-12 6.8009e-13 2.2611e-13 7.1320e-14 2.1309e-14 6.0212e-15 1.6064e-15 4.0397e-16 9.5597e-17 2.1252e-17 4.4305e-18 8.6466e-19 1.5769e-19 2.6826e-20 4.2491e-21 6.2549e-22 8.5411e-23 1.0798e-23 1.2615e-24 1.3592e-25 1.3480e-26 1.2281e-27 1.0257e-28 7.8376e-30 5.4678e-31 3.4753e-32 2.0082e-33 1.0527e-34 4.9958e-36 2.1414e-37 8.2726e-39 2.8738e-40 8.9571e-42 2.4990e-43 6.2269e-45 1.3824e-46 2.7282e-48
-9.2379e-08 -2.6128e-07 -4.7998e-07 -7.3885e-07 -1.0322e-06 -1.3559e-06 2.4965e-05 -2.0818e-06 -2.4780e-06 -2.8924e-06 -3.3215e-06 -3.7617e-06 -4.2087e-06 -4.6576e-06 -5.1031e-06 -5.5390e-06 -5.9587e-06 -6.3549e-06 -6.7201e-06 -7.0464e-06 -7.3257e-06 -7.5502e-06 -7.7129e-06 -7.8072e-06 -7.8280e-06 -7.7719e-06 -7.6370e-06 -7.4242e-06 -7.1364e-06 -6.7790e-06 -6.3600e-06 -5.8897e-06 -5.3799e-06 -4.8441e-06 -4.2962e-06 -3.7504e-06 -3.2198e-06 -2.7166e-06 -2.2504e-06 -1.8289e-06 -1.4568e-06 -1.1364e-06 -8.6716e-07 -6.4676e-07 -4.7099e-07 -3.3454e-07 -2.3153e-07 -1.5595e-07 -1.0213e-07 -6.4952e-08 -4.0068e-08 -2.3947e-08 -1.3850e-08 -7.7415e-09 -4.1769e-09 -2.1726e-09 -1.0880e-09 -5.2384e-10 -2.4218e-10 -1.0735e-10 -4.5565e-11 -1.8492e-11 -7.1646e-12 -2.6464e-12 -9.3045e-13 -3.1093e-13 -9.8597e-14 -2.9623e-14 -8.4187e-15 -2.2595e-15 -5.7177e-16 -1.3618e-16 -3.0479e-17 -6.3985e-18 -1.2578e-18 -2.3112e-19 -3.9623e-20 -6.3266e-21 -9.3906e-22 -1.2933e-22 -1.6496e-23 -1.9448e-24 -2.1153e-25 -2.1183e-26 -1.9492e-27 -1.6448e-28 -1.2701e-29 -8.9576e-31 -5.7573e-32 -3.3652e-33 -1.7850e-34 -8.5737e-36 -3.7208e-37 -1.4558e-38 -5.1233e-40 -1.6182e-41 -4.5767e-43 -1.1564e-44 -2.6041e-46 -5.2144e-48 9.2379e-08 2.6128e-07 4.7998e-07 7.3884e-07 1.0322e-06 1.3559e-06 0.0000e+00 2.0818e-06 2.4779e-06 2.8922e-06 3.3213e-06 3.7613e-06 4.2081e-06 4.6567e-06 5.1018e-06 5.5372e-06 5.9563e-06 6.3517e-06 6.7159e-06 7.0410e-06 7.3188e-06 7.5418e-06 7.7025e-06 7.7948e-06 7.8134e-06 7.7548e-06 7.6176e-06 7.4024e-06 7.1122e-06 6.7527e-06 6.3319e-06 5.8601e-06 5.3494e-06 4.8131e-06 4.2654e-06 3.7203e-06 3.1911e-06 2.6896e-06 2.2256e-06 1.8066e-06 1.4373e-06 1.1196e-06 8.5312e-07 6.3529e-07 4.6186e-07 3.2747e-07 2.2620e-07 1.5206e-07 9.9367e-08 6.3050e-08 3.8800e-08 2.3130e-08 1.3341e-08 7.4358e-09 3.9998e-09 2.0739e-09 1.0351e-09 4.9661e-10 2.2874e-10 1.0100e-10 4.2695e-11 1.7253e-11 6.6548e-12 2.4466e-12 8.5602e-13 2.8460e-13 8.9768e-14 2.6821e-14 7.5786e-15 2.0219e-15 5.0844e-16 1.2032e-16 2.6747e-17 5.5760e-18 1.0882e-18 1.9846e-19 3.3760e-20 5.3473e-21 7.8714e-22 1.0748e-22 1.3588e-23 1.5874e-24 1.7103e-25 1.6961e-26 1.5451e-27 1.2905e-28 9.8600e-30 6.8782e-31 4.3715e-32 2.5259e-33 1.3241e-34 6.2829e-36 2.6929e-37 1.0402e-38 3.6132e-40 1.1260e-41 3.1413e-43 7.8263e-45 1.7373e-46 3.4281e-48
-1.1267e-07 -3.1869e-07 -5.8543e-07 -9.0117e-07 -1.2590e-06 -1.6538e-06 -2.0818e-06 4.2589e-05 -3.0225e-06 -3.5279e-06 -4.0514e-06 -4.5885e-06 -5.1338e-06 -5.6816e-06 -6.2253e-06 -6.7574e-06 -7.2698e-06 -7.7539e-06 -8.2002e-06 -8.5991e-06 -8.9410e-06 -9.2163e-06 -9.4163e-06 -9.5331e-06 -9.5604e-06 -9.4940e-06 -9.3316e-06 -9.0741e-06 -8.7250e-06 -8.2910e-06 -7.7815e-06 -7.2091e-06 -6.5881e-06 -5.9350e-06 -5.2666e-06 -4.6002e-06 -3.9521e-06 -3.3367e-06 -2.7662e-06 -2.2499e-06 -1.7938e-06 -1.4005e-06 -1.0698e-06 -7.9877e-07 -5.8236e-07 -4.1415e-07 -2.8700e-07 -1.9359e-07 -1.2696e-07 -8.0872e-08 -4.9971e-08 -2.9918e-08 -1.7335e-08 -9.7082e-09 -5.2487e-09 -2.7359e-09 -1.3731e-09 -6.6270e-10 -3.0713e-10 -1.3649e-10 -5.8090e-11 -2.3640e-11 -9.1861e-12 -3.4034e-12 -1.2004e-12 -4.0244e-13 -1.2805e-13 -3.8606e-14 -1.1012e-14 -2.9666e-15 -7.5361e-16 -1.8022e-16 -4.0500e-17 -8.5387e-18 -1.6859e-18 -3.1117e-19 -5.3595e-20 -8.5982e-21 -1.2825e-21 -1.7751e-22 -2.2757e-23 -2.6970e-24 -2.9491e-25 -2.9694e-26 -2.7477e-27 -2.3318e-28 -1.8111e-29 -1.2848e-30 -8.3077e-32 -4.8857e-33 -2.6077e-34 -1.2604e-35 -5.5050e-37 -2.1678e-38 -7.6797e-40 -2.4419e-41 -6.9530e-43 -1.7688e-44 -4.0110e-46 -8.0879e-48 1.1267e-07 3.1869e-07 5.8543e-07 9.0117e-07 1.2590e-06 1.6538e-06 2.0818e-06 0.0000e+00 3.0223e-06 3.5276e-06 4.0509e-06 4.5877e-06 5.1326e-06 5.6798e-06 6.2227e-06 6.7537e-06 7.2649e-06 7.7472e-06 8.1914e-06 8.5878e-06 8.9267e-06 9.1986e-06 9.3947e-06 9.5072e-06 9.5299e-06 9.4585e-06 9.2912e-06 9.0286e-06 8.6747e-06 8.2362e-06 7.7230e-06 7.1476e-06 6.5247e-06 5.8706e-06 5.2025e-06 4.5377e-06 3.8922e-06 3.2805e-06 2.7146e-06 2.2035e-06 1.7530e-06 1.3655e-06 1.0405e-06 7.7486e-07 5.6333e-07 3.9941e-07 2.7590e-07 1.8547e-07 1.2120e-07 7.6900e-08 4.7324e-08 2.8211e-08 1.6272e-08 9.0691e-09 4.8784e-09 2.5294e-09 1.2624e-09 6.0567e-10 2.7897e-10 1.2318e-10 5.2070e-11 2.1041e-11 8.1159e-12 2.9837e-12 1.0439e-12 3.4706e-13 1.0947e-13 3.2707e-14 9.2414e-15 2.4654e-15 6.1996e-16 1.4670e-16 3.2611e-17 6.7982e-18 1.3267e-18 2.4193e-19 4.1154e-20 6.5179e-21 9.5938e-22 1.3099e-22 1.6559e-23 1.9342e-24 2.0838e-25 2.0663e-26 1.8822e-27 1.5717e-28 1.2007e-29 8.3749e-31 5.3219e-32 3.0745e-33 1.6113e-34 7.6442e-36 3.2756e-37 1.2650e-38 4.3928e-40 1.3686e-41 3.8168e-43 9.5061e-45 2.1094e-46 4.1606e-48
-1.3412e-07 -3.7933e-07 -6.9684e-07 -1.0727e-06 -1.4986e-06 -1.9686e-06 -2.4780e-06 -3.0225e-06 6.8218e-05 -4.1995e-06 -4.8228e-06 -5.4622e-06 -6.1116e-06 -6.7641e-06 -7.4118e-06 -8.0459e-06 -8.6569e-06 -9.2342e-06 -9.7670e-06 -1.0244e-05 -1.0653e-05 -1.0983e-05 -1.1224e-05 -1.1366e-05 -1.1402e-05 -1.1326e-05 -1.1137e-05 -1.0834e-05 -1.0422e-05 -9.9080e-06 -9.3044e-06 -8.6251e-06 -7.8875e-06 -7.1107e-06 -6.3149e-06 -5.5207e-06 -4.7472e-06 -4.0121e-06 -3.3298e-06 -2.7115e-06 -2.1645e-06 -1.6922e-06 -1.2945e-06 -9.6804e-07 -7.0692e-07 -5.0362e-07 -3.4965e-07 -2.3631e-07 -1.5531e-07 -9.9141e-08 -6.1402e-08 -3.6852e-08 -2.1407e-08 -1.2021e-08 -6.5176e-09 -3.4074e-09 -1.7154e-09 -8.3057e-10 -3.8622e-10 -1.7225e-10 -7.3574e-11 -3.0055e-11 -1.1725e-11 -4.3615e-12 -1.5448e-12 -5.2017e-13 -1.6625e-13 -5.0357e-14 -1.4432e-14 -3.9071e-15 -9.9755e-16 -2.3979e-16 -5.4175e-17 -1.1484e-17 -2.2800e-18 -4.2324e-19 -7.3322e-20 -1.1833e-20 -1.7757e-21 -2.4729e-22 -3.1903e-23 -3.8052e-24 -4.1880e-25 -4.2447e-26 -3.9541e-27 -3.3784e-28 -2.6422e-29 -1.8875e-30 -1.2291e-31 -7.2801e-33 -3.9138e-34 -1.9056e-35 -8.3844e-37 -3.3263e-38 -1.1872e-39 -3.8037e-41 -1.0914e-42 -2.7978e-44 -6.3936e-46 -1.2993e-47 1.3412e-07 3.7933e-07 6.9684e-07 1.0727e-06 1.4985e-06 1.9686e-06 2.4779e-06 3.0223e-06 0.0000e+00 4.1990e-06 4.8219e-06 5.4607e-06 6.1094e-06 6.7607e-06 7.4069e-06 8.0390e-06 8.6474e-06 9.2215e-06 9.7503e-06 1.0222e-05 1.0626e-05 1.0949e-05 1.1183e-05 1.1317e-05 1.1344e-05 1.1259e-05 1.1059e-05 1.0747e-05 1.0326e-05 9.8036e-06 9.1928e-06 8.5078e-06 7.7663e-06 6.9878e-06 6.1926e-06 5.4012e-06 4.6328e-06 3.9048e-06 3.2312e-06 2.6229e-06 2.0866e-06 1.6254e-06 1.2385e-06 9.2231e-07 6.7052e-07 4.7541e-07 3.2839e-07 2.2075e-07 1.4426e-07 9.1531e-08 5.6327e-08 3.3578e-08 1.9367e-08 1.0794e-08 5.8063e-09 3.0104e-09 1.5024e-09 7.2083e-10 3.3200e-10 1.4660e-10 6.1966e-11 2.5039e-11 9.6577e-12 3.5504e-12 1.2422e-12 4.1294e-13 1.3024e-13 3.8911e-14 1.0994e-14 2.9327e-15 7.3740e-16 1.7448e-16 3.8782e-17 8.0837e-18 1.5773e-18 2.8761e-19 4.8916e-20 7.7462e-21 1.1400e-21 1.5562e-22 1.9668e-23 2.2969e-24 2.4739e-25 2.4525e-26 2.2333e-27 1.8643e-28 1.4238e-29 9.9268e-31 6.3053e-32 3.6410e-33 1.9073e-34 9.0435e-36 3.8730e-37 1.4947e-38 5.1871e-40 1.6149e-41 4.5001e-43 1.1198e-44 2.4825e-46 4.8916e-48
-1.5654e-07 -4.4276e-07 -8.1334e-07 -1.2520e-06 -1.7491e-06 -2.2977e-06 -2.8924e-06 -3.5279e-06 -4.1995e-06 1.0397e-04 -5.6297e-06 -6.3764e-06 -7.1349e-06 -7.8971e-06 -8.6540e-06 -9.3954e-06 -1.0110e-05 -1.0786e-05 -1.1410e-05 -1.1969e-05 -1.2450e-05 -1.2840e-05 -1.3125e-05 -1.3296e-05 -1.3344e-05 -1.3261e-05 -1.3046e-05 -1.2698e-05 -1.2223e-05 -1.1629e-05 -1.0929e-05 -1.0139e-05 -9.2806e-06 -8.3750e-06 -7.4459e-06 -6.5171e-06 -5.6113e-06 -4.7489e-06 -3.9472e-06 -3.2194e-06 -2.5744e-06 -2.0164e-06 -1.5456e-06 -1.1582e-06 -8.4766e-07 -6.0531e-07 -4.2130e-07 -2.8549e-07 -1.8815e-07 -1.2046e-07 -7.4835e-08 -4.5059e-08 -2.6264e-08 -1.4801e-08 -8.0544e-09 -4.2271e-09 -2.1367e-09 -1.0388e-09 -4.8517e-10 -2.1735e-10 -9.3269e-11 -3.8284e-11 -1.5009e-11 -5.6118e-12 -1.9981e-12 -6.7645e-13 -2.1740e-13 -6.6226e-14 -1.9091e-14 -5.1993e-15 -1.3356e-15 -3.2304e-16 -7.3447e-17 -1.5670e-17 -3.1317e-18 -5.8523e-19 -1.0208e-19 -1.6587e-20 -2.5066e-21 -3.5157e-22 -4.5683e-23 -5.4885e-24 -6.0851e-25 -6.2136e-26 -5.8317e-27 -5.0205e-28 -3.9566e-29 -2.8483e-30 -1.8692e-31 -1.1158e-32 -6.0462e-34 -2.9673e-35 -1.3160e-36 -5.2633e-38 -1.8938e-39 -6.1170e-41 -1.7695e-42 -4.5737e-44 -1.0538e-45 -2.1595e-47 1.5654e-07 4.4276e-07 8.1334e-07 1.2520e-06 1.7491e-06 2.2977e-06 2.8922e-06 3.5276e-06 4.1990e-06 0.0000e+00 5.6280e-06 6.3737e-06 7.1308e-06 7.8911e-06 8.6453e-06 9.3831e-06 1.0093e-05 1.0763e-05 1.1380e-05 1.1931e-05 1.2402e-05 1.2780e-05 1.3052e-05 1.3209e-05 1.3240e-05 1.3141e-05 1.2908e-05 1.2544e-05 1.2052e-05 1.1443e-05 1.0730e-05 9.9302e-06 9.0648e-06 8.1560e-06 7.2279e-06 6.3042e-06 5.4074e-06 4.5576e-06 3.7714e-06 3.0613e-06 2.4354e-06 1.8971e-06 1.4456e-06 1.0765e-06 7.8259e-07 5.5487e-07 3.8328e-07 2.5765e-07 1.6836e-07 1.0682e-07 6.5737e-08 3.9187e-08 2.2601e-08 1.2597e-08 6.7757e-09 3.5129e-09 1.7532e-09 8.4109e-10 3.8738e-10 1.7104e-10 7.2293e-11 2.9210e-11 1.1266e-11 4.1412e-12 1.4487e-12 4.8156e-13 1.5187e-13 4.5365e-14 1.2816e-14 3.4181e-15 8.5931e-16 2.0328e-16 4.5175e-17 9.4140e-18 1.8364e-18 3.3476e-19 5.6917e-20 9.0099e-21 1.3254e-21 1.8086e-22 2.2847e-23 2.6669e-24 2.8707e-25 2.8441e-26 2.5882e-27 2.1590e-28 1.6475e-29 1.1476e-30 7.2827e-32 4.2009e-33 2.1981e-34 1.0409e-35 4.4518e-37 1.7156e-38 5.9439e-40 1.8472e-41 5.1375e-43 1.2758e-44 2.8218e-46 5.5463e-48
-1.7976e-07 -5.0844e-07 -9.3400e-07 -1.4377e-06 -2.0086e-06 -2.6386e-06 -3.3215e-06 -4.0514e-06 -4.8228e-06 -5.6297e-06 1.5222e-04 -7.3237e-06 -8.1955e-06 -9.0719e-06 -9.9425e-06 -1.0796e-05 -1.1619e-05 -1.2398e-05 -1.3119e-05 -1.3765e-05 -1.4323e-05 -1.4776e-05 -1.5112e-05 -1.5316e-05 -1.5378e-05 -1.5293e-05 -1.5055e-05 -1.4664e-05 -1.4127e-05 -1.3453e-05 -1.2656e-05 -1.1755e-05 -1.0773e-05 -9.7348e-06 -8.6675e-06 -7.5983e-06 -6.5533e-06 -5.5564e-06 -4.6275e-06 -3.7822e-06 -3.0312e-06 -2.3800e-06 -1.8289e-06 -1.3743e-06 -1.0087e-06 -7.2251e-07 -5.0449e-07 -3.4302e-07 -2.2687e-07 -1.4580e-07 -9.0929e-08 -5.4974e-08 -3.2179e-08 -1.8215e-08 -9.9579e-09 -5.2511e-09 -2.6674e-09 -1.3035e-09 -6.1201e-10 -2.7567e-10 -1.1896e-10 -4.9110e-11 -1.9367e-11 -7.2854e-12 -2.6101e-12 -8.8924e-13 -2.8764e-13 -8.8202e-14 -2.5597e-14 -7.0189e-15 -1.8155e-15 -4.4224e-16 -1.0127e-16 -2.1763e-17 -4.3815e-18 -8.2488e-19 -1.4496e-19 -2.3735e-20 -3.6143e-21 -5.1087e-22 -6.6901e-23 -8.1012e-24 -9.0532e-25 -9.3183e-26 -8.8161e-27 -7.6514e-28 -6.0791e-29 -4.4124e-30 -2.9195e-31 -1.7573e-32 -9.6016e-34 -4.7517e-35 -2.1253e-36 -8.5717e-38 -3.1106e-39 -1.0133e-40 -2.9565e-42 -7.7080e-44 -1.7915e-45 -3.7031e-47 1.7976e-07 5.0844e-07 9.3400e-07 1.4377e-06 2.0086e-06 2.6385e-06 3.3213e-06 4.0509e-06 4.8219e-06 5.6280e-06 0.0000e+00 7.3193e-06 8.1886e-06 9.0617e-06 9.9278e-06 1.0775e-05 1.1590e-05 1.2360e-05 1.3069e-05 1.3701e-05 1.4242e-05 1.4676e-05 1.4989e-05 1.5168e-05 1.5204e-05 1.5090e-05 1.4823e-05 1.4404e-05 1.3840e-05 1.3140e-05 1.2321e-05 1.1403e-05 1.0409e-05 9.3659e-06 8.3000e-06 7.2393e-06 6.2094e-06 5.2335e-06 4.3307e-06 3.5154e-06 2.7966e-06 2.1784e-06 1.6599e-06 1.2361e-06 8.9862e-07 6.3712e-07 4.4008e-07 2.9583e-07 1.9330e-07 1.2265e-07 7.5472e-08 4.4988e-08 2.5946e-08 1.4460e-08 7.7776e-09 4.0321e-09 2.0121e-09 9.6526e-10 4.4452e-10 1.9625e-10 8.2939e-11 3.3507e-11 1.2921e-11 4.7489e-12 1.6610e-12 5.5200e-13 1.7404e-13 5.1975e-14 1.4678e-14 3.9137e-15 9.8355e-16 2.3258e-16 5.1661e-17 1.0760e-17 2.0979e-18 3.8219e-19 6.4938e-20 1.0272e-20 1.5099e-21 2.0584e-22 2.5977e-23 3.0288e-24 3.2564e-25 3.2219e-26 2.9277e-27 2.4383e-28 1.8573e-29 1.2913e-30 8.1766e-32 4.7055e-33 2.4557e-34 1.1596e-35 4.9440e-37 1.8987e-38 6.5537e-40 2.0283e-41 5.6155e-43 1.3875e-44 3.0519e-46 5.9622e-48
-2.0358e-07 -5.7580e-07 -1.0578e-06 -1.6282e-06 -2.2747e-06 -2.9883e-06 -3.7617e-06 -4.5885e-06 -5.4622e-06 -6.3764e-06 -7.3237e-06 2.1558e-04 -9.2846e-06 -1.0279e-05 -1.1267e-05 -1.2236e-05 -1.3172e-05 -1.4059e-05 -1.4880e-05 -1.5620e-05 -1.6259e-05 -1.6782e-05 -1.7172e-05 -1.7415e-05 -1.7498e-05 -1.7415e-05 -1.7159e-05 -1.6730e-05 -1.6135e-05 -1.5384e-05 -1.4492e-05 -1.3480e-05 -1.2373e-05 -1.1200e-05 -9.9906e-06 -8.7760e-06 -7.5856e-06 -6.4467e-06 -5.3824e-06 -4.4111e-06 -3.5454e-06 -2.7921e-06 -2.1526e-06 -1.6230e-06 -1.1956e-06 -8.5961e-07 -6.0261e-07 -4.1145e-07 -2.7332e-07 -1.7645e-07 -1.1057e-07 -6.7177e-08 -3.9524e-08 -2.2491e-08 -1.2363e-08 -6.5563e-09 -3.3498e-09 -1.6468e-09 -7.7794e-10 -3.5262e-10 -1.5315e-10 -6.3641e-11 -2.5267e-11 -9.5697e-12 -3.4524e-12 -1.1846e-12 -3.8593e-13 -1.1921e-13 -3.4851e-14 -9.6282e-15 -2.5094e-15 -6.1594e-16 -1.4214e-16 -3.0785e-17 -6.2467e-18 -1.1854e-18 -2.0999e-19 -3.4661e-20 -5.3209e-21 -7.5827e-22 -1.0012e-22 -1.2224e-23 -1.3775e-24 -1.4297e-25 -1.3641e-26 -1.1939e-27 -9.5668e-29 -7.0034e-30 -4.6740e-31 -2.8378e-32 -1.5640e-33 -7.8081e-35 -3.5231e-36 -1.4336e-37 -5.2488e-39 -1.7252e-40 -5.0792e-42 -1.3363e-43 -3.1342e-45 -6.5383e-47 2.0358e-07 5.7580e-07 1.0578e-06 1.6282e-06 2.2747e-06 2.9881e-06 3.7613e-06 4.5877e-06 5.4607e-06 6.3737e-06 7.3193e-06 0.0000e+00 9.2736e-06 1.0262e-05 1.1243e-05 1.2203e-05 1.3126e-05 1.3998e-05 1.4800e-05 1.5517e-05 1.6129e-05 1.6620e-05 1.6974e-05 1.7178e-05 1.7219e-05 1.7090e-05 1.6787e-05 1.6313e-05 1.5673e-05 1.4881e-05 1.3954e-05 1.2914e-05 1.1788e-05 1.0607e-05 9.3996e-06 8.1982e-06 7.0319e-06 5.9267e-06 4.9043e-06 3.9809e-06 3.1669e-06 2.4668e-06 1.8797e-06 1.3997e-06 1.0175e-06 7.2141e-07 4.9828e-07 3.3493e-07 2.1885e-07 1.3885e-07 8.5436e-08 5.0924e-08 2.9367e-08 1.6365e-08 8.8013e-09 4.5622e-09 2.2764e-09 1.0918e-09 5.0272e-10 2.2190e-10 9.3758e-11 3.7868e-11 1.4598e-11 5.3636e-12 1.8753e-12 6.2297e-13 1.9632e-13 5.8600e-14 1.6540e-14 4.4071e-15 1.1067e-15 2.6150e-16 5.8034e-17 1.2076e-17 2.3518e-18 4.2791e-19 7.2607e-20 1.1468e-20 1.6828e-21 2.2898e-22 2.8838e-23 3.3548e-24 3.5977e-25 3.5496e-26 3.2153e-27 2.6686e-28 2.0249e-29 1.4018e-30 8.8348e-32 5.0577e-33 2.6241e-34 1.2311e-35 5.2109e-37 1.9851e-38 6.7901e-40 2.0803e-41 5.6944e-43 1.3891e-44 3.0119e-46 5.7887e-48
-2.2776e-07 -6.4420e-07 -1.1834e-06 -1.8217e-06 -2.5450e-06 -3.3433e-06 -4.2087e-06 -5.1338e-06 -6.1116e-06 -7.1349e-06 -8.1955e-06 -9.2846e-06 2.9692e-04 -1.1506e-05 -1.2615e-05 -1.3703e-05 -1.4755e-05 -1.5754e-05 -1.6682e-05 -1.7518e-05 -1.8245e-05 -1.8844e-05 -1.9295e-05 -1.9583e-05 -1.9695e-05 -1.9621e-05 -1.9354e-05 -1.8895e-05 -1.8248e-05 -1.7425e-05 -1.6442e-05 -1.5322e-05 -1.4092e-05 -1.2784e-05 -1.1430e-05 -1.0066e-05 -8.7241e-06 -7.4359e-06 -6.2276e-06 -5.1207e-06 -4.1302e-06 -3.2648e-06 -2.5268e-06 -1.9130e-06 -1.4154e-06 -1.0223e-06 -7.2006e-07 -4.9408e-07 -3.2991e-07 -2.1412e-07 -1.3492e-07 -8.2442e-08 -4.8792e-08 -2.7935e-08 -1.5452e-08 -8.2468e-09 -4.2413e-09 -2.0991e-09 -9.9841e-10 -4.5572e-10 -1.9934e-10 -8.3435e-11 -3.3369e-11 -1.2733e-11 -4.6283e-12 -1.6002e-12 -5.2537e-13 -1.6354e-13 -4.8191e-14 -1.3420e-14 -3.5256e-15 -8.7239e-16 -2.0296e-16 -4.4320e-17 -9.0675e-18 -1.7350e-18 -3.0992e-19 -5.1587e-20 -7.9866e-21 -1.1479e-21 -1.5286e-22 -1.8825e-23 -2.1397e-24 -2.2402e-25 -2.1562e-26 -1.9040e-27 -1.5392e-28 -1.1369e-29 -7.6560e-31 -4.6905e-32 -2.6088e-33 -1.3144e-34 -5.9858e-36 -2.4584e-37 -9.0859e-39 -3.0148e-40 -8.9606e-42 -2.3801e-43 -5.6368e-45 -1.1874e-46 2.2776e-07 6.4420e-07 1.1834e-06 1.8216e-06 2.5449e-06 3.3431e-06 4.2081e-06 5.1326e-06 6.1094e-06 7.1308e-06 8.1886e-06 9.2736e-06 0.0000e+00 1.1481e-05 1.2579e-05 1.3652e-05 1.4685e-05 1.5660e-05 1.6558e-05 1.7360e-05 1.8045e-05 1.8594e-05 1.8991e-05 1.9218e-05 1.9264e-05 1.9119e-05 1.8781e-05 1.8250e-05 1.7535e-05 1.6648e-05 1.5611e-05 1.4448e-05 1.3188e-05 1.1866e-05 1.0516e-05 9.1716e-06 7.8667e-06 6.6302e-06 5.4864e-06 4.4533e-06 3.5426e-06 2.7594e-06 2.1025e-06 1.5656e-06 1.1381e-06 8.0683e-07 5.5725e-07 3.7454e-07 2.4471e-07 1.5524e-07 9.5511e-08 5.6922e-08 3.2821e-08 1.8287e-08 9.8328e-09 5.0958e-09 2.5419e-09 1.2189e-09 5.6102e-10 2.4754e-10 1.0455e-10 4.2205e-11 1.6262e-11 5.9710e-12 2.0862e-12 6.9251e-13 2.1805e-13 6.5020e-14 1.8332e-14 4.8786e-15 1.2235e-15 2.8863e-16 6.3944e-17 1.3280e-17 2.5807e-18 4.6842e-19 7.9266e-20 1.2482e-20 1.8254e-21 2.4745e-22 3.1031e-23 3.5928e-24 3.8325e-25 3.7587e-26 3.3819e-27 2.7857e-28 2.0959e-29 1.4371e-30 8.9586e-32 5.0655e-33 2.5915e-34 1.1964e-35 4.9715e-37 1.8541e-38 6.1876e-40 1.8420e-41 4.8745e-43 1.1423e-44 2.3602e-46 4.2777e-48
-2.5204e-07 -7.1288e-07 -1.3096e-06 -2.0159e-06 -2.8163e-06 -3.6999e-06 -4.6576e-06 -5.6816e-06 -6.7641e-06 -7.8971e-06 -9.0719e-06 -1.0279e-05 -1.1506e-05 3.9935e-04 -1.3974e-05 -1.5184e-05 -1.6355e-05 -1.7470e-05 -1.8507e-05 -1.9447e-05 -2.0268e-05 -2.0948e-05 -2.1469e-05 -2.1811e-05 -2.1961e-05 -2.1905e-05 -2.1638e-05 -2.1157e-05 -2.0468e-05 -1.9582e-05 -1.8515e-05 -1.7293e-05 -1.5944e-05 -1.4502e-05 -1.3004e-05 -1.1487e-05 -9.9886e-06 -8.5436e-06 -7.1821e-06 -5.9289e-06 -4.8020e-06 -3.8126e-06 -2.9645e-06 -2.2553e-06 -1.6771e-06 -1.2177e-06 -8.6243e-07 -5.9515e-07 -3.9974e-07 -2.6102e-07 -1.6550e-07 -1.0178e-07 -6.0638e-08 -3.4951e-08 -1.9467e-08 -1.0463e-08 -5.4198e-09 -2.7020e-09 -1.2947e-09 -5.9542e-10 -2.6243e-10 -1.1069e-10 -4.4617e-11 -1.7159e-11 -6.2870e-12 -2.1911e-12 -7.2524e-13 -2.2761e-13 -6.7622e-14 -1.8987e-14 -5.0299e-15 -1.2551e-15 -2.9448e-16 -6.4851e-17 -1.3382e-17 -2.5827e-18 -4.6535e-19 -7.8137e-20 -1.2204e-20 -1.7695e-21 -2.3775e-22 -2.9542e-23 -3.3883e-24 -3.5799e-25 -3.4773e-26 -3.0990e-27 -2.5287e-28 -1.8854e-29 -1.2817e-30 -7.9275e-32 -4.4518e-33 -2.2648e-34 -1.0415e-35 -4.3201e-37 -1.6126e-38 -5.4047e-40 -1.6227e-41 -4.3546e-43 -1.0420e-44 -2.2180e-46 2.5204e-07 7.1288e-07 1.3096e-06 2.0158e-06 2.8162e-06 3.6995e-06 4.6567e-06 5.6798e-06 6.7607e-06 7.8911e-06 9.0617e-06 1.0262e-05 1.1481e-05 0.0000e+00 1.3920e-05 1.5108e-05 1.6251e-05 1.7330e-05 1.8324e-05 1.9210e-05 1.9968e-05 2.0577e-05 2.1015e-05 2.1267e-05 2.1318e-05 2.1158e-05 2.0783e-05 2.0196e-05 1.9404e-05 1.8423e-05 1.7275e-05 1.5988e-05 1.4594e-05 1.3131e-05 1.1636e-05 1.0149e-05 8.7046e-06 7.3362e-06 6.0704e-06 4.9272e-06 3.9195e-06 3.0528e-06 2.3259e-06 1.7318e-06 1.2588e-06 8.9234e-07 6.1625e-07 4.1414e-07 2.7054e-07 1.7160e-07 1.0555e-07 6.2893e-08 3.6255e-08 2.0194e-08 1.0854e-08 5.6230e-09 2.8037e-09 1.3437e-09 6.1810e-10 2.7254e-10 1.1502e-10 4.6393e-11 1.7858e-11 6.5498e-12 2.2856e-12 7.5761e-13 2.3817e-13 7.0891e-14 1.9946e-14 5.2961e-15 1.3247e-15 3.1161e-16 6.8806e-17 1.4236e-17 2.7550e-18 4.9768e-19 8.3765e-20 1.3110e-20 1.9040e-21 2.5609e-22 3.1829e-23 3.6477e-24 3.8458e-25 3.7215e-26 3.2971e-27 2.6676e-28 1.9656e-29 1.3152e-30 7.9663e-32 4.3525e-33 2.1365e-34 9.3790e-36 3.6609e-37 1.2611e-38 3.7943e-40 9.8099e-42 2.1167e-43 3.5701e-45 3.7549e-47 -1.6654e-49
-2.7613e-07 -7.8102e-07 -1.4347e-06 -2.2086e-06 -3.0855e-06 -4.0536e-06 -5.1031e-06 -6.2253e-06 -7.4118e-06 -8.6540e-06 -9.9425e-06 -1.1267e-05 -1.2615e-05 -1.3974e-05 5.2622e-04 -1.6661e-05 -1.7955e-05 -1.9188e-05 -2.0340e-05 -2.1388e-05 -2.2309e-05 -2.3080e-05 -2.3679e-05 -2.4086e-05 -2.4285e-05 -2.4261e-05 -2.4006e-05 -2.3517e-05 -2.2799e-05 -2.1862e-05 -2.0723e-05 -1.9408e-05 -1.7946e-05 -1.6375e-05 -1.4734e-05 -1.3063e-05 -1.1403e-05 -9.7936e-06 -8.2690e-06 -6.8577e-06 -5.5813e-06 -4.4539e-06 -3.4816e-06 -2.6634e-06 -1.9919e-06 -1.4550e-06 -1.0368e-06 -7.2005e-07 -4.8679e-07 -3.2000e-07 -2.0430e-07 -1.2653e-07 -7.5919e-08 -4.4079e-08 -2.4733e-08 -1.3394e-08 -6.9912e-09 -3.5124e-09 -1.6962e-09 -7.8626e-10 -3.4932e-10 -1.4854e-10 -6.0359e-11 -2.3404e-11 -8.6462e-12 -3.0385e-12 -1.0142e-12 -3.2099e-13 -9.6177e-14 -2.7237e-14 -7.2779e-15 -1.8318e-15 -4.3357e-16 -9.6327e-17 -2.0054e-17 -3.9051e-18 -7.0998e-19 -1.2030e-19 -1.8961e-20 -2.7748e-21 -3.7630e-22 -4.7199e-23 -5.4649e-24 -5.8293e-25 -5.7171e-26 -5.1448e-27 -4.2395e-28 -3.1923e-29 -2.1919e-30 -1.3695e-31 -7.7696e-33 -3.9936e-34 -1.8558e-35 -7.7786e-37 -2.9345e-38 -9.9412e-40 -3.0173e-41 -8.1859e-43 -1.9805e-44 -4.2629e-46 2.7613e-07 7.8101e-07 1.4347e-06 2.2085e-06 3.0853e-06 4.0531e-06 5.1018e-06 6.2227e-06 7.4069e-06 8.6453e-06 9.9278e-06 1.1243e-05 1.2579e-05 1.3920e-05 0.0000e+00 1.6552e-05 1.7804e-05 1.8986e-05 2.0075e-05 2.1046e-05 2.1877e-05 2.2543e-05 2.3024e-05 2.3299e-05 2.3355e-05 2.3180e-05 2.2769e-05 2.2126e-05 2.1258e-05 2.0183e-05 1.8925e-05 1.7515e-05 1.5988e-05 1.4384e-05 1.2747e-05 1.1117e-05 9.5350e-06 8.0358e-06 6.6489e-06 5.3964e-06 4.2925e-06 3.3431e-06 2.5468e-06 1.8961e-06 1.3780e-06 9.7671e-07 6.7438e-07 4.5312e-07 2.9593e-07 1.8765e-07 1.1539e-07 6.8726e-08 3.9599e-08 2.2045e-08 1.1843e-08 6.1308e-09 3.0545e-09 1.4626e-09 6.7212e-10 2.9601e-10 1.2476e-10 5.0245e-11 1.9307e-11 7.0676e-12 2.4608e-12 8.1361e-13 2.5503e-13 7.5662e-14 2.1209e-14 5.6073e-15 1.3957e-15 3.2648e-16 7.1634e-17 1.4714e-17 2.8236e-18 5.0518e-19 8.4087e-20 1.2992e-20 1.8588e-21 2.4567e-22 2.9911e-23 3.3453e-24 3.4258e-25 3.2005e-26 2.7163e-27 2.0836e-28 1.4349e-29 8.7931e-31 4.7295e-32 2.1816e-33 8.2273e-35 2.2136e-36 1.4426e-38 -2.8933e-39 -2.3359e-40 -1.1886e-41 -4.7428e-43 -1.5765e-44 -4.4735e-46 -1.0962e-47
-2.9970e-07 -8.4767e-07 -1.5572e-06 -2.3971e-06 -3.3489e-06 -4.3997e-06 -5.5390e-06 -6.7574e-06 -8.0459e-06 -9.3954e-06 -1.0796e-05 -1.2236e-05 -1.3703e-05 -1.5184e-05 -1.6661e-05 6.8115e-04 -1.9536e-05 -2.0891e-05 -2.2161e-05 -2.3323e-05 -2.4352e-05 -2.5222e-05 -2.5911e-05 -2.6395e-05 -2.6657e-05 -2.6680e-05 -2.6454e-05 -2.5974e-05 -2.5244e-05 -2.4272e-05 -2.3076e-05 -2.1681e-05 -2.0119e-05 -1.8426e-05 -1.6645e-05 -1.4819e-05 -1.2995e-05 -1.1214e-05 -9.5157e-06 -7.9331e-06 -6.4921e-06 -5.2104e-06 -4.0973e-06 -3.1537e-06 -2.3737e-06 -1.7452e-06 -1.2521e-06 -8.7555e-07 -5.9611e-07 -3.9469e-07 -2.5384e-07 -1.5839e-07 -9.5761e-08 -5.6030e-08 -3.1684e-08 -1.7294e-08 -9.0993e-09 -4.6086e-09 -2.2437e-09 -1.0486e-09 -4.6975e-10 -2.0141e-10 -8.2536e-11 -3.2275e-11 -1.2025e-11 -4.2625e-12 -1.4351e-12 -4.5818e-13 -1.3850e-13 -3.9570e-14 -1.0668e-14 -2.7094e-15 -6.4712e-16 -1.4509e-16 -3.0486e-17 -5.9921e-18 -1.0997e-18 -1.8811e-19 -2.9935e-20 -4.4233e-21 -6.0574e-22 -7.6732e-23 -8.9733e-24 -9.6686e-25 -9.5795e-26 -8.7097e-27 -7.2521e-28 -5.5184e-29 -3.8296e-30 -2.4186e-31 -1.3870e-32 -7.2081e-34 -3.3868e-35 -1.4356e-36 -5.4775e-38 -1.8769e-39 -5.7630e-41 -1.5819e-42 -3.8726e-44 -8.4356e-46 2.9970e-07 8.4767e-07 1.5572e-06 2.3970e-06 3.3487e-06 4.3990e-06 5.5372e-06 6.7537e-06 8.0390e-06 9.3831e-06 1.0775e-05 1.2203e-05 1.3652e-05 1.5108e-05 1.6552e-05 0.0000e+00 1.9324e-05 2.0607e-05 2.1788e-05 2.2843e-05 2.3744e-05 2.4467e-05 2.4989e-05 2.5288e-05 2.5348e-05 2.5158e-05 2.4712e-05 2.4013e-05 2.3072e-05 2.1905e-05 2.0539e-05 1.9008e-05 1.7350e-05 1.5610e-05 1.3832e-05 1.2063e-05 1.0346e-05 8.7188e-06 7.2135e-06 5.8541e-06 4.6560e-06 3.6257e-06 2.7618e-06 2.0557e-06 1.4937e-06 1.0584e-06 7.3060e-07 4.9072e-07 3.2036e-07 2.0304e-07 1.2479e-07 7.4276e-08 4.2766e-08 2.3788e-08 1.2766e-08 6.6014e-09 3.2846e-09 1.5704e-09 7.2043e-10 3.1666e-10 1.3316e-10 5.3488e-11 2.0491e-11 7.4752e-12 2.5924e-12 8.5322e-13 2.6604e-13 7.8451e-14 2.1837e-14 5.7267e-15 1.4121e-15 3.2671e-16 7.0768e-17 1.4318e-17 2.6991e-18 4.7278e-19 7.6718e-20 1.1493e-20 1.5834e-21 1.9964e-22 2.2894e-23 2.3682e-24 2.1824e-25 1.7549e-26 1.1817e-27 5.9753e-29 1.2390e-30 -1.7301e-31 -2.9431e-32 -2.8917e-33 -2.2140e-34 -1.4211e-35 -7.8672e-37 -3.8066e-38 -1.6207e-39 -6.0916e-41 -2.0245e-42 -5.9511e-44 -1.5467e-45 -3.5508e-47
-3.2238e-07 -9.1182e-07 -1.6750e-06 -2.5785e-06 -3.6025e-06 -4.7329e-06 -5.9587e-06 -7.2698e-06 -8.6569e-06 -1.0110e-05 -1.1619e-05 -1.3172e-05 -1.4755e-05 -1.6355e-05 -1.7955e-05 -1.9536e-05 8.6798e-04 -2.2556e-05 -2.3949e-05 -2.5231e-05 -2.6375e-05 -2.7355e-05 -2.8146e-05 -2.8723e-05 -2.9064e-05 -2.9153e-05 -2.8976e-05 -2.8528e-05 -2.7807e-05 -2.6822e-05 -2.5589e-05 -2.4132e-05 -2.2482e-05 -2.0679e-05 -1.8765e-05 -1.6788e-05 -1.4796e-05 -1.2837e-05 -1.0954e-05 -9.1858e-06 -7.5631e-06 -6.1083e-06 -4.8346e-06 -3.7463e-06 -2.8392e-06 -2.1022e-06 -1.5191e-06 -1.0701e-06 -7.3405e-07 -4.8974e-07 -3.1742e-07 -1.9961e-07 -1.2164e-07 -7.1746e-08 -4.0902e-08 -2.2508e-08 -1.1941e-08 -6.0982e-09 -2.9940e-09 -1.4111e-09 -6.3754e-10 -2.7571e-10 -1.1396e-10 -4.4956e-11 -1.6898e-11 -6.0430e-12 -2.0528e-12 -6.6134e-13 -2.0173e-13 -5.8169e-14 -1.5829e-14 -4.0579e-15 -9.7840e-16 -2.2148e-16 -4.6987e-17 -9.3259e-18 -1.7285e-18 -2.9864e-19 -4.8004e-20 -7.1659e-21 -9.9150e-22 -1.2691e-22 -1.4999e-23 -1.6334e-24 -1.6359e-25 -1.5037e-26 -1.2659e-27 -9.7411e-29 -6.8367e-30 -4.3672e-31 -2.5337e-32 -1.3321e-33 -6.3334e-35 -2.7168e-36 -1.0492e-37 -3.6393e-39 -1.1313e-40 -3.1441e-42 -7.7946e-44 -1.7196e-45 3.2238e-07 9.1182e-07 1.6750e-06 2.5784e-06 3.6021e-06 4.7319e-06 5.9563e-06 7.2649e-06 8.6474e-06 1.0093e-05 1.1590e-05 1.3126e-05 1.4685e-05 1.6251e-05 1.7804e-05 1.9324e-05 0.0000e+00 2.2166e-05 2.3437e-05 2.4571e-05 2.5541e-05 2.6319e-05 2.6879e-05 2.7201e-05 2.7266e-05 2.7061e-05 2.6581e-05 2.5830e-05 2.4816e-05 2.3561e-05 2.2091e-05 2.0444e-05 1.8660e-05 1.6788e-05 1.4875e-05 1.2972e-05 1.1125e-05 9.3739e-06 7.7546e-06 6.2924e-06 5.0037e-06 3.8957e-06 2.9667e-06 2.2076e-06 1.6036e-06 1.1358e-06 7.8364e-07 5.2605e-07 3.4320e-07 2.1735e-07 1.3346e-07 7.9360e-08 4.5638e-08 2.5350e-08 1.3583e-08 7.0105e-09 3.4807e-09 1.6600e-09 7.5930e-10 3.3262e-10 1.3932e-10 5.5710e-11 2.1231e-11 7.6975e-12 2.6504e-12 8.6504e-13 2.6709e-13 7.7855e-14 2.1377e-14 5.5154e-15 1.3337e-15 3.0138e-16 6.3430e-17 1.2385e-17 2.2325e-18 3.6922e-19 5.5543e-20 7.5012e-21 8.8932e-22 8.8399e-23 6.4737e-24 1.3790e-25 -6.0148e-26 -1.4339e-26 -2.1653e-27 -2.6161e-28 -2.6940e-29 -2.4255e-30 -1.9327e-31 -1.3714e-32 -8.6940e-34 -4.9308e-35 -2.5027e-36 -1.1365e-37 -4.6133e-39 -1.6720e-40 -5.4031e-42 -1.5542e-43 -3.9724e-45 -9.0050e-47
