2.9844e-08 -4.1417e-08 -7.6166e-08 -1.1740e-07 -1.6426e-07 -2.1607e-07 -2.7224e-07 -3.3213e-07 -3.9499e-07 -4.5991e-07 -5.2574e-07 -5.9107e-07 -6.5421e-07 -7.1317e-07 -7.6569e-07 -8.0931e-07 -8.4149e-07 -8.5977e-07 -8.6201e-07 -8.4662e-07 -8.1290e-07 -7.6125e-07 -6.9341e-07 -6.1246e-07 -5.2272e-07 -4.2938e-07 -3.3796e-07 -2.5361e-07 -1.8042e-07 -1.2091e-07 -7.5801e-08 -4.4098e-08 -2.3595e-08 -1.1495e-08 -5.0422e-09 -1.9661e-09 -6.7182e-10 -1.9795e-10 -4.9389e-11 -1.0221e-11 -1.7142e-12 -2.2691e-13 -2.3005e-14 -1.7265e-15 -9.2252e-17 -3.3574e-18 -7.9101e-20 -1.1383e-21 -9.3590e-24 -4.0709e-26 -8.5731e-29 -7.8889e-32 -2.8163e-35 -3.3971e-39 -1.1785e-43 -9.7396e-49 -1.5375e-54 -3.5757e-61 -9.0149e-69 -1.7136e-77 -1.5945e-87 -4.3387e-99 -1.8615e-112 -5.9880e-128 -5.8788e-146 -5.9106e-167 -1.6038e-191 -2.2840e-220 -2.2602e-254 -1.2600e-294 -0.0000e+00 -0.0000e+00 -0.0000e+00 -0.0000e+00 -0.0000e+00 -0.0000e+00 -0.0000e+00 -0.0000e+00 -0.0000e+00 -0.0000e+00 -0.0000e+00 -0.0000e+00 -0.0000e+00 -0.0000e+00 -0.0000e+00 -0.0000e+00 -0.0000e+00 -0.0000e+00 -0.0000e+00 -0.0000e+00 -0.0000e+00 -0.0000e+00 -0.0000e+00 -0.0000e+00 -0.0000e+00 -0.0000e+00 -0.0000e+00 -0.0000e+00 -0.0000e+00 -0.0000e+00 0.0000e+00 -4.1417e-08 -7.6166e-08 -1.1740e-07 -1.6426e-07 -2.1607e-07 -2.7224e-07 -3.3213e-07 -3.9499e-07 -4.5991e-07 -5.2573e-07 -5.9107e-07 -6.5421e-07 -7.1317e-07 -7.6569e-07 -8.0931e-07 -8.4149e-07 -8.5977e-07 -8.6201e-07 -8.4662e-07 -8.1290e-07 -7.6125e-07 -6.9341e-07 -6.1246e-07 -5.2272e-07 -4.2938e-07 -3.3796e-07 -2.5360e-07 -1.8042e-07 -1.2091e-07 -7.5800e-08 -4.4097e-08 -2.3595e-08 -1.1495e-08 -5.0421e-09 -1.9660e-09 -6.7180e-10 -1.9795e-10 -4.9387e-11 -1.0221e-11 -1.7142e-12 -2.2690e-13 -2.3004e-14 -1.7264e-15 -9.2245e-17 -3.3571e-18 -7.9093e-20 -1.1382e-21 -9.3579e-24 -4.0704e-26 -8.5718e-29 -7.8875e-32 -2.8157e-35 -3.3963e-39 -1.1782e-43 -9.7367e-49 -1.5370e-54 -3.5743e-61 -9.0111e-69 -1.7127e-77 -1.5937e-87 -4.3360e-99 -1.8601e-112 -5.9830e-128 -5.8733e-146 -5.9042e-167 -1.6018e-191 -2.2807e-220 -2.2564e-254 -1.2575e-294 -0.0000e+00 -0.0000e+00 -0.0000e+00 -0.0000e+00 -0.0000e+00 -0.0000e+00 -0.0000e+00 -0.0000e+00 -0.0000e+00 -0.0000e+00 -0.0000e+00 -0.0000e+00 -0.0000e+00 -0.0000e+00 -0.0000e+00 -0.0000e+00 -0.0000e+00 -0.0000e+00 -0.0000e+00 -0.0000e+00 -0.0000e+00 -0.0000e+00 -0.0000e+00 -0.0000e+00 -0.0000e+00 -0.0000e+00 -0.0000e+00 -0.0000e+00 -0.0000e+00 -0.0000e+00
-4.1417e-08 4.7797e-07 -2.1558e-07 -3.3230e-07 -4.6490e-07 -6.1155e-07 -7.7052e-07 -9.4004e-07 -1.1180e-06 -1.3017e-06 -1.4880e-06 -1.6729e-06 -1.8517e-06 -2.0185e-06 -2.1672e-06 -2.2907e-06 -2.3818e-06 -2.4335e-06 -2.4399e-06 -2.3963e-06 -2.3009e-06 -2.1547e-06 -1.9627e-06 -1.7336e-06 -1.4796e-06 -1.2154e-06 -9.5667e-07 -7.1791e-07 -5.1074e-07 -3.4230e-07 -2.1460e-07 -1.2485e-07 -6.6804e-08 -3.2548e-08 -1.4278e-08 -5.5675e-09 -1.9026e-09 -5.6065e-10 -1.3989e-10 -2.8955e-11 -4.8567e-12 -6.4297e-13 -6.5197e-14 -4.8937e-15 -2.6154e-16 -9.5204e-18 -2.2436e-19 -3.2296e-21 -2.6562e-23 -1.1558e-25 -2.4350e-28 -2.2417e-31 -8.0070e-35 -9.6641e-39 -3.3549e-43 -2.7747e-48 -4.3842e-54 -1.0206e-60 -2.5761e-68 -4.9031e-77 -4.5695e-87 -1.2455e-98 -5.3545e-112 -1.7264e-127 -1.6996e-145 -1.7141e-166 -4.6681e-191 -6.6767e-220 -6.6404e-254 -3.7239e-294 -0.0000e+00 -0.0000e+00 -0.0000e+00 -0.0000e+00 -0.0000e+00 -0.0000e+00 -0.0000e+00 -0.0000e+00 -0.0000e+00 -0.0000e+00 -0.0000e+00 -0.0000e+00 -0.0000e+00 -0.0000e+00 -0.0000e+00 -0.0000e+00 -0.0000e+00 -0.0000e+00 -0.0000e+00 -0.0000e+00 -0.0000e+00 -0.0000e+00 -0.0000e+00 -0.0000e+00 -0.0000e+00 -0.0000e+00 -0.0000e+00 -0.0000e+00 -0.0000e+00 -0.0000e+00 -4.1417e-08 0.0000e+00 -2.1558e-07 -3.3230e-07 -4.6490e-07 -6.1154e-07 -7.7052e-07 -9.4004e-07 -1.1180e-06 -1.3017e-06 -1.4880e-06 -1.6729e-06 -1.8516e-06 -2.0185e-06 -2.1672e-06 -2.2906e-06 -2.3817e-06 -2.4335e-06 -2.4398e-06 -2.3963e-06 -2.3008e-06 -2.1547e-06 -1.9626e-06 -1.7335e-06 -1.4795e-06 -1.2153e-06 -9.5659e-07 -7.1783e-07 -5.1067e-07 -3.4225e-07 -2.1456e-07 -1.2482e-07 -6.6788e-08 -3.2539e-08 -1.4273e-08 -5.5655e-09 -1.9018e-09 -5.6039e-10 -1.3982e-10 -2.8937e-11 -4.8533e-12 -6.4245e-13 -6.5137e-14 -4.8886e-15 -2.6123e-16 -9.5077e-18 -2.2402e-19 -3.2241e-21 -2.6510e-23 -1.1533e-25 -2.4290e-28 -2.2354e-31 -7.9815e-35 -9.6292e-39 -3.3411e-43 -2.7619e-48 -4.3611e-54 -1.0145e-60 -2.5586e-68 -4.8653e-77 -4.5294e-87 -1.2331e-98 -5.2934e-112 -1.7039e-127 -1.6742e-145 -1.6848e-166 -4.5764e-191 -6.5257e-220 -6.4672e-254 -3.6116e-294 -0.0000e+00 -0.0000e+00 -0.0000e+00 -0.0000e+00 -0.0000e+00 -0.0000e+00 -0.0000e+00 -0.0000e+00 -0.0000e+00 -0.0000e+00 -0.0000e+00 -0.0000e+00 -0.0000e+00 -0.0000e+00 -0.0000e+00 -0.0000e+00 -0.0000e+00 -0.0000e+00 -0.0000e+00 -0.0000e+00 -0.0000e+00 -0.0000e+00 -0.0000e+00 -0.0000e+00 -0.0000e+00 -0.0000e+00 -0.0000e+00 -0.0000e+00 -0.0000e+00 -0.0000e+00
-7.6166e-08 -2.1558e-07 2.4236e-06 -6.1109e-07 -8.5495e-07 -1.1246e-06 -1.4170e-06 -1.7287e-06 -2.0559e-06 -2.3938e-06 -2.7365e-06 -3.0766e-06 -3.4053e-06 -3.7122e-06 -3.9856e-06 -4.2128e-06 -4.3804e-06 -4.4757e-06 -4.4874e-06 -4.4075e-06 -4.2321e-06 -3.9634e-06 -3.6104e-06 -3.1892e-06 -2.7221e-06 -2.2363e-06 -1.7603e-06 -1.3211e-06 -9.3998e-07 -6.3007e-07 -3.9506e-07 -2.2988e-07 -1.2303e-07 -5.9956e-08 -2.6307e-08 -1.0261e-08 -3.5077e-09 -1.0340e-09 -2.5812e-10 -5.3450e-11 -8.9700e-12 -1.1882e-12 -1.2057e-13 -9.0565e-15 -4.8443e-16 -1.7651e-17 -4.1641e-19 -6.0015e-21 -4.9427e-23 -2.1541e-25 -4.5462e-28 -4.1936e-31 -1.5013e-34 -1.8166e-38 -6.3245e-43 -5.2481e-48 -8.3232e-54 -1.9458e-60 -4.9353e-68 -9.4455e-77 -8.8587e-87 -2.4322e-98 -1.0543e-111 -3.4321e-127 -3.4160e-145 -3.4893e-166 -9.6426e-191 -1.4027e-219 -1.4228e-253 -8.1626e-294 -0.0000e+00 -0.0000e+00 -0.0000e+00 -0.0000e+00 -0.0000e+00 -0.0000e+00 -0.0000e+00 -0.0000e+00 -0.0000e+00 -0.0000e+00 -0.0000e+00 -0.0000e+00 -0.0000e+00 -0.0000e+00 -0.0000e+00 -0.0000e+00 -0.0000e+00 -0.0000e+00 -0.0000e+00 -0.0000e+00 -0.0000e+00 -0.0000e+00 -0.0000e+00 -0.0000e+00 -0.0000e+00 -0.0000e+00 -0.0000e+00 -0.0000e+00 -0.0000e+00 -0.0000e+00 -7.6166e-08 -2.1558e-07 0.0000e+00 -6.1109e-07 -8.5495e-07 -1.1246e-06 -1.4170e-06 -1.7287e-06 -2.0559e-06 -2.3938e-06 -2.7365e-06 -3.0765e-06 -3.4052e-06 -3.7121e-06 -3.9855e-06 -4.2126e-06 -4.3801e-06 -4.4753e-06 -4.4870e-06 -4.4069e-06 -4.2314e-06 -3.9627e-06 -3.6096e-06 -3.1883e-06 -2.7212e-06 -2.2354e-06 -1.7595e-06 -1.3204e-06 -9.3937e-07 -6.2959e-07 -3.9471e-07 -2.2964e-07 -1.2288e-07 -5.9873e-08 -2.6265e-08 -1.0242e-08 -3.5004e-09 -1.0315e-09 -2.5741e-10 -5.3282e-11 -8.9380e-12 -1.1834e-12 -1.2001e-13 -9.0091e-15 -4.8156e-16 -1.7532e-17 -4.1324e-19 -5.9498e-21 -4.8945e-23 -2.1303e-25 -4.4895e-28 -4.1345e-31 -1.4774e-34 -1.7839e-38 -6.1958e-43 -5.1273e-48 -8.1067e-54 -1.8886e-60 -4.7710e-68 -9.0894e-77 -8.4804e-87 -2.3145e-98 -9.9649e-112 -3.2185e-127 -3.1747e-145 -3.2094e-166 -8.7639e-191 -1.2575e-219 -1.2553e-253 -7.0709e-294 -0.0000e+00 -0.0000e+00 -0.0000e+00 -0.0000e+00 -0.0000e+00 -0.0000e+00 -0.0000e+00 -0.0000e+00 -0.0000e+00 -0.0000e+00 -0.0000e+00 -0.0000e+00 -0.0000e+00 -0.0000e+00 -0.0000e+00 -0.0000e+00 -0.0000e+00 -0.0000e+00 -0.0000e+00 -0.0000e+00 -0.0000e+00 -0.0000e+00 -0.0000e+00 -0.0000e+00 -0.0000e+00 -0.0000e+00 -0.0000e+00 -0.0000e+00 -0.0000e+00 -0.0000e+00
-1.1740e-07 -3.3230e-07 -6.1109e-07 7.6772e-06 -1.3178e-06 -1.7335e-06 -2.1842e-06 -2.6647e-06 -3.1691e-06 -3.6900e-06 -4.2182e-06 -4.7425e-06 -5.2493e-06 -5.7226e-06 -6.1443e-06 -6.4947e-06 -6.7534e-06 -6.9007e-06 -6.9193e-06 -6.7966e-06 -6.5268e-06 -6.1131e-06 -5.5694e-06 -4.9203e-06 -4.2005e-06 -3.4515e-06 -2.7175e-06 -2.0401e-06 -1.4520e-06 -9.7361e-07 -6.1072e-07 -3.5553e-07 -1.9038e-07 -9.2833e-08 -4.0760e-08 -1.5911e-08 -5.4438e-09 -1.6063e-09 -4.0143e-10 -8.3229e-11 -1.3987e-11 -1.8558e-12 -1.8864e-13 -1.4198e-14 -7.6118e-16 -2.7805e-17 -6.5785e-19 -9.5118e-21 -7.8622e-23 -3.4404e-25 -7.2944e-28 -6.7636e-31 -2.4355e-34 -2.9664e-38 -1.0405e-42 -8.7062e-48 -1.3939e-53 -3.2935e-60 -8.4547e-68 -1.6403e-76 -1.5622e-86 -4.3641e-98 -1.9292e-111 -6.4209e-127 -6.5528e-145 -6.8851e-166 -1.9644e-190 -2.9623e-219 -3.1289e-253 -1.8788e-293 -0.0000e+00 -0.0000e+00 -0.0000e+00 -0.0000e+00 -0.0000e+00 -0.0000e+00 -0.0000e+00 -0.0000e+00 -0.0000e+00 -0.0000e+00 -0.0000e+00 -0.0000e+00 -0.0000e+00 -0.0000e+00 -0.0000e+00 -0.0000e+00 -0.0000e+00 -0.0000e+00 -0.0000e+00 -0.0000e+00 -0.0000e+00 -0.0000e+00 -0.0000e+00 -0.0000e+00 -0.0000e+00 -0.0000e+00 -0.0000e+00 -0.0000e+00 -0.0000e+00 -0.0000e+00 -1.1740e-07 -3.3230e-07 -6.1109e-07 0.0000e+00 -1.3178e-06 -1.7335e-06 -2.1842e-06 -2.6647e-06 -3.1691e-06 -3.6899e-06 -4.2181e-06 -4.7423e-06 -5.2489e-06 -5.7221e-06 -6.1435e-06 -6.4937e-06 -6.7520e-06 -6.8989e-06 -6.9171e-06 -6.7938e-06 -6.5235e-06 -6.1094e-06 -5.5653e-06 -4.9160e-06 -4.1960e-06 -3.4471e-06 -2.7135e-06 -2.0365e-06 -1.4490e-06 -9.7126e-07 -6.0901e-07 -3.5437e-07 -1.8966e-07 -9.2428e-08 -4.0555e-08 -1.5819e-08 -5.4078e-09 -1.5942e-09 -3.9796e-10 -8.2410e-11 -1.3831e-11 -1.8322e-12 -1.8591e-13 -1.3966e-14 -7.4709e-16 -2.7223e-17 -6.4229e-19 -9.2577e-21 -7.6253e-23 -3.3236e-25 -7.0153e-28 -6.4722e-31 -2.3174e-34 -2.8047e-38 -9.7669e-43 -8.1068e-48 -1.2861e-53 -3.0078e-60 -7.6320e-68 -1.4614e-76 -1.3714e-86 -3.7679e-98 -1.6347e-111 -5.3266e-127 -5.3080e-145 -5.4297e-166 -1.5031e-190 -2.1914e-219 -2.2287e-253 -1.2829e-293 -0.0000e+00 -0.0000e+00 -0.0000e+00 -0.0000e+00 -0.0000e+00 -0.0000e+00 -0.0000e+00 -0.0000e+00 -0.0000e+00 -0.0000e+00 -0.0000e+00 -0.0000e+00 -0.0000e+00 -0.0000e+00 -0.0000e+00 -0.0000e+00 -0.0000e+00 -0.0000e+00 -0.0000e+00 -0.0000e+00 -0.0000e+00 -0.0000e+00 -0.0000e+00 -0.0000e+00 -0.0000e+00 -0.0000e+00 -0.0000e+00 -0.0000e+00 -0.0000e+00 -0.0000e+00
-1.6426e-07 -4.6490e-07 -8.5495e-07 -1.3178e-06 1.8798e-05 -2.4253e-06 -3.0559e-06 -3.7282e-06 -4.4339e-06 -5.1628e-06 -5.9020e-06 -6.6358e-06 -7.3452e-06 -8.0078e-06 -8.5985e-06 -9.0896e-06 -9.4526e-06 -9.6599e-06 -9.6874e-06 -9.5172e-06 -9.1412e-06 -8.5639e-06 -7.8044e-06 -6.8971e-06 -5.8903e-06 -4.8421e-06 -3.8144e-06 -2.8651e-06 -2.0405e-06 -1.3693e-06 -8.5968e-07 -5.0095e-07 -2.6855e-07 -1.3111e-07 -5.7650e-08 -2.2541e-08 -7.7261e-09 -2.2845e-09 -5.7221e-10 -1.1895e-10 -2.0049e-11 -2.6687e-12 -2.7227e-13 -2.0578e-14 -1.1083e-15 -4.0695e-17 -9.6841e-19 -1.4093e-20 -1.1734e-22 -5.1765e-25 -1.1075e-27 -1.0374e-30 -3.7779e-34 -4.6599e-38 -1.6576e-42 -1.4089e-47 -2.2952e-53 -5.5293e-60 -1.4502e-67 -2.8814e-76 -2.8176e-86 -8.1045e-98 -3.7001e-111 -1.2760e-126 -1.3541e-144 -1.4852e-165 -4.4416e-190 -7.0524e-219 -7.8816e-253 -5.0342e-293 -0.0000e+00 -0.0000e+00 -0.0000e+00 -0.0000e+00 -0.0000e+00 -0.0000e+00 -0.0000e+00 -0.0000e+00 -0.0000e+00 -0.0000e+00 -0.0000e+00 -0.0000e+00 -0.0000e+00 -0.0000e+00 -0.0000e+00 -0.0000e+00 -0.0000e+00 -0.0000e+00 -0.0000e+00 -0.0000e+00 -0.0000e+00 -0.0000e+00 -0.0000e+00 -0.0000e+00 -0.0000e+00 -0.0000e+00 -0.0000e+00 -0.0000e+00 -0.0000e+00 -0.0000e+00 -1.6426e-07 -4.6490e-07 -8.5495e-07 -1.3178e-06 0.0000e+00 -2.4253e-06 -3.0558e-06 -3.7281e-06 -4.4338e-06 -5.1625e-06 -5.9015e-06 -6.6350e-06 -7.3440e-06 -8.0061e-06 -8.5960e-06 -9.0861e-06 -9.4479e-06 -9.6539e-06 -9.6797e-06 -9.5078e-06 -9.1302e-06 -8.5512e-06 -7.7904e-06 -6.8822e-06 -5.8750e-06 -4.8272e-06 -3.8005e-06 -2.8528e-06 -2.0303e-06 -1.3612e-06 -8.5378e-07 -4.9697e-07 -2.6608e-07 -1.2972e-07 -5.6947e-08 -2.2226e-08 -7.6024e-09 -2.2427e-09 -5.6029e-10 -1.1613e-10 -1.9509e-11 -2.5873e-12 -2.6287e-13 -1.9776e-14 -1.0596e-15 -3.8680e-17 -9.1447e-19 -1.3211e-20 -1.0910e-22 -4.7693e-25 -1.0100e-27 -9.3536e-31 -3.3633e-34 -4.0902e-38 -1.4321e-42 -1.1960e-47 -1.9108e-53 -4.5044e-60 -1.1533e-67 -2.2313e-76 -2.1187e-86 -5.8995e-98 -2.5990e-111 -8.6185e-127 -8.7625e-145 -9.1721e-166 -2.6073e-190 -3.9184e-219 -4.1269e-253 -2.4733e-293 -0.0000e+00 -0.0000e+00 -0.0000e+00 -0.0000e+00 -0.0000e+00 -0.0000e+00 -0.0000e+00 -0.0000e+00 -0.0000e+00 -0.0000e+00 -0.0000e+00 -0.0000e+00 -0.0000e+00 -0.0000e+00 -0.0000e+00 -0.0000e+00 -0.0000e+00 -0.0000e+00 -0.0000e+00 -0.0000e+00 -0.0000e+00 -0.0000e+00 -0.0000e+00 -0.0000e+00 -0.0000e+00 -0.0000e+00 -0.0000e+00 -0.0000e+00 -0.0000e+00 -0.0000e+00
-2.1607e-07 -6.1155e-07 -1.1246e-06 -1.7335e-06 -2.4253e-06 3.9118e-05 -4.0198e-06 -4.9043e-06 -5.8329e-06 -6.7919e-06 -7.7647e-06 -8.7305e-06 -9.6645e-06 -1.0537e-05 -1.1316e-05 -1.1964e-05 -1.2444e-05 -1.2720e-05 -1.2759e-05 -1.2539e-05 -1.2048e-05 -1.1292e-05 -1.0296e-05 -9.1045e-06 -7.7808e-06 -6.4012e-06 -5.0472e-06 -3.7952e-06 -2.7062e-06 -1.8185e-06 -1.1435e-06 -6.6750e-07 -3.5855e-07 -1.7545e-07 -7.7344e-08 -3.0329e-08 -1.0429e-08 -3.0950e-09 -7.7841e-10 -1.6255e-10 -2.7539e-11 -3.6868e-12 -3.7855e-13 -2.8815e-14 -1.5643e-15 -5.7947e-17 -1.3925e-18 -2.0486e-20 -1.7263e-22 -7.7172e-25 -1.6755e-27 -1.5949e-30 -5.9123e-34 -7.4361e-38 -2.7022e-42 -2.3511e-47 -3.9292e-53 -9.7324e-60 -2.6310e-67 -5.4017e-76 -5.4732e-86 -1.6360e-97 -7.7858e-111 -2.8080e-126 -3.1275e-144 -3.6139e-165 -1.1434e-189 -1.9295e-218 -2.3034e-252 -1.5807e-292 -0.0000e+00 -0.0000e+00 -0.0000e+00 -0.0000e+00 -0.0000e+00 -0.0000e+00 -0.0000e+00 -0.0000e+00 -0.0000e+00 -0.0000e+00 -0.0000e+00 -0.0000e+00 -0.0000e+00 -0.0000e+00 -0.0000e+00 -0.0000e+00 -0.0000e+00 -0.0000e+00 -0.0000e+00 -0.0000e+00 -0.0000e+00 -0.0000e+00 -0.0000e+00 -0.0000e+00 -0.0000e+00 -0.0000e+00 -0.0000e+00 -0.0000e+00 -0.0000e+00 -0.0000e+00 -2.1607e-07 -6.1154e-07 -1.1246e-06 -1.7335e-06 -2.4253e-06 0.0000e+00 -4.0197e-06 -4.9041e-06 -5.8324e-06 -6.7911e-06 -7.7634e-06 -8.7284e-06 -9.6613e-06 -1.0533e-05 -1.1309e-05 -1.1955e-05 -1.2431e-05 -1.2703e-05 -1.2738e-05 -1.2513e-05 -1.2018e-05 -1.1258e-05 -1.0258e-05 -9.0636e-06 -7.7390e-06 -6.3604e-06 -5.0091e-06 -3.7614e-06 -2.6780e-06 -1.7964e-06 -1.1273e-06 -6.5656e-07 -3.5176e-07 -1.7163e-07 -7.5411e-08 -2.9461e-08 -1.0089e-08 -2.9799e-09 -7.4553e-10 -1.5477e-10 -2.6048e-11 -3.4616e-12 -3.5251e-13 -2.6588e-14 -1.4287e-15 -5.2327e-17 -1.2417e-18 -1.8013e-20 -1.4945e-22 -6.5677e-25 -1.3992e-27 -1.3044e-30 -4.7257e-34 -5.7958e-38 -2.0488e-42 -1.7296e-47 -2.7971e-53 -6.6850e-60 -1.7385e-67 -3.4229e-76 -3.3152e-86 -9.4407e-98 -4.2660e-111 -1.4559e-126 -1.5291e-144 -1.6606e-165 -4.9210e-190 -7.7526e-219 -8.6125e-253 -5.4827e-293 -0.0000e+00 -0.0000e+00 -0.0000e+00 -0.0000e+00 -0.0000e+00 -0.0000e+00 -0.0000e+00 -0.0000e+00 -0.0000e+00 -0.0000e+00 -0.0000e+00 -0.0000e+00 -0.0000e+00 -0.0000e+00 -0.0000e+00 -0.0000e+00 -0.0000e+00 -0.0000e+00 -0.0000e+00 -0.0000e+00 -0.0000e+00 -0.0000e+00 -0.0000e+00 -0.0000e+00 -0.0000e+00 -0.0000e+00 -0.0000e+00 -0.0000e+00 -0.0000e+00 -0.0000e+00
-2.7224e-07 -7.7052e-07 -1.4170e-06 -2.1842e-06 -3.0559e-06 -4.0198e-06 7.2775e-05 -6.1797e-06 -7.3499e-06 -8.5588e-06 -9.7854e-06 -1.1004e-05 -1.2182e-05 -1.3285e-05 -1.4269e-05 -1.5090e-05 -1.5700e-05 -1.6054e-05 -1.6110e-05 -1.5841e-05 -1.5230e-05 -1.4284e-05 -1.3035e-05 -1.1538e-05 -9.8716e-06 -8.1320e-06 -6.4216e-06 -4.8369e-06 -3.4558e-06 -2.3274e-06 -1.4672e-06 -8.5895e-07 -4.6289e-07 -2.2734e-07 -1.0063e-07 -3.9643e-08 -1.3703e-08 -4.0901e-09 -1.0353e-09 -2.1776e-10 -3.7188e-11 -5.0226e-12 -5.2077e-13 -4.0070e-14 -2.2013e-15 -8.2614e-17 -2.0139e-18 -3.0095e-20 -2.5796e-22 -1.1749e-24 -2.6028e-27 -2.5325e-30 -9.6132e-34 -1.2404e-37 -4.6332e-42 -4.1522e-47 -7.1627e-53 -1.8354e-59 -5.1453e-67 -1.0982e-75 -1.1599e-85 -3.6242e-97 -1.8086e-110 -6.8633e-126 -8.0736e-144 -9.8951e-165 -3.3364e-189 -6.0329e-218 -7.7649e-252 -5.7859e-292 -0.0000e+00 -0.0000e+00 -0.0000e+00 -0.0000e+00 -0.0000e+00 -0.0000e+00 -0.0000e+00 -0.0000e+00 -0.0000e+00 -0.0000e+00 -0.0000e+00 -0.0000e+00 -0.0000e+00 -0.0000e+00 -0.0000e+00 -0.0000e+00 -0.0000e+00 -0.0000e+00 -0.0000e+00 -0.0000e+00 -0.0000e+00 -0.0000e+00 -0.0000e+00 -0.0000e+00 -0.0000e+00 -0.0000e+00 -0.0000e+00 -0.0000e+00 -0.0000e+00 -0.0000e+00 -2.7224e-07 -7.7052e-07 -1.4170e-06 -2.1842e-06 -3.0558e-06 -4.0197e-06 0.0000e+00 -6.1791e-06 -7.3489e-06 -8.5570e-06 -9.7823e-06 -1.0999e-05 -1.2175e-05 -1.3273e-05 -1.4253e-05 -1.5068e-05 -1.5670e-05 -1.6015e-05 -1.6061e-05 -1.5780e-05 -1.5159e-05 -1.4203e-05 -1.2945e-05 -1.1442e-05 -9.7735e-06 -8.0360e-06 -6.3320e-06 -4.7576e-06 -3.3895e-06 -2.2754e-06 -1.4291e-06 -8.3319e-07 -4.4690e-07 -2.1833e-07 -9.6067e-08 -3.7592e-08 -1.2897e-08 -3.8173e-09 -9.5728e-10 -1.9926e-10 -3.3635e-11 -4.4847e-12 -4.5842e-13 -3.4722e-14 -1.8746e-15 -6.9024e-17 -1.6477e-18 -2.4063e-20 -2.0115e-22 -8.9142e-25 -1.9171e-27 -1.8062e-30 -6.6215e-34 -8.2293e-38 -2.9526e-42 -2.5345e-47 -4.1758e-53 -1.0191e-59 -2.7128e-67 -5.4827e-76 -5.4677e-86 -1.6088e-97 -7.5399e-111 -2.6802e-126 -2.9461e-144 -3.3661e-165 -1.0556e-189 -1.7715e-218 -2.1116e-252 -1.4541e-292 -0.0000e+00 -0.0000e+00 -0.0000e+00 -0.0000e+00 -0.0000e+00 -0.0000e+00 -0.0000e+00 -0.0000e+00 -0.0000e+00 -0.0000e+00 -0.0000e+00 -0.0000e+00 -0.0000e+00 -0.0000e+00 -0.0000e+00 -0.0000e+00 -0.0000e+00 -0.0000e+00 -0.0000e+00 -0.0000e+00 -0.0000e+00 -0.0000e+00 -0.0000e+00 -0.0000e+00 -0.0000e+00 -0.0000e+00 -0.0000e+00 -0.0000e+00 -0.0000e+00 -0.0000e+00
-3.3213e-07 -9.4004e-07 -1.7287e-06 -2.6647e-06 -3.7282e-06 -4.9043e-06 -6.1797e-06 1.2476e-04 -8.9682e-06 -1.0444e-05 -1.1942e-05 -1.3431e-05 -1.4872e-05 -1.6222e-05 -1.7429e-05 -1.8439e-05 -1.9193e-05 -1.9636e-05 -1.9719e-05 -1.9404e-05 -1.8673e-05 -1.7534e-05 -1.6021e-05 -1.4202e-05 -1.2172e-05 -1.0047e-05 -7.9520e-06 -6.0054e-06 -4.3034e-06 -2.9081e-06 -1.8403e-06 -1.0820e-06 -5.8594e-07 -2.8935e-07 -1.2886e-07 -5.1108e-08 -1.7800e-08 -5.3574e-09 -1.3687e-09 -2.9082e-10 -5.0223e-11 -6.8669e-12 -7.2161e-13 -5.6341e-14 -3.1447e-15 -1.2007e-16 -2.9821e-18 -4.5467e-20 -3.9823e-22 -1.8562e-24 -4.2153e-27 -4.2113e-30 -1.6442e-33 -2.1860e-37 -8.4294e-42 -7.8138e-47 -1.3972e-52 -3.7193e-59 -1.0857e-66 -2.4195e-75 -2.6758e-85 -8.7827e-97 -4.6205e-110 -1.8559e-125 -2.3213e-143 -3.0406e-164 -1.1021e-188 -2.1565e-217 -3.0265e-251 -2.4802e-291 -0.0000e+00 -0.0000e+00 -0.0000e+00 -0.0000e+00 -0.0000e+00 -0.0000e+00 -0.0000e+00 -0.0000e+00 -0.0000e+00 -0.0000e+00 -0.0000e+00 -0.0000e+00 -0.0000e+00 -0.0000e+00 -0.0000e+00 -0.0000e+00 -0.0000e+00 -0.0000e+00 -0.0000e+00 -0.0000e+00 -0.0000e+00 -0.0000e+00 -0.0000e+00 -0.0000e+00 -0.0000e+00 -0.0000e+00 -0.0000e+00 -0.0000e+00 -0.0000e+00 -0.0000e+00 -3.3213e-07 -9.4004e-07 -1.7287e-06 -2.6647e-06 -3.7281e-06 -4.9041e-06 -6.1791e-06 0.0000e+00 -8.9661e-06 -1.0440e-05 -1.1936e-05 -1.3420e-05 -1.4856e-05 -1.6198e-05 -1.7395e-05 -1.8392e-05 -1.9130e-05 -1.9555e-05 -1.9616e-05 -1.9278e-05 -1.8524e-05 -1.7363e-05 -1.5832e-05 -1.4001e-05 -1.1966e-05 -9.8458e-06 -7.7641e-06 -5.8388e-06 -4.1641e-06 -2.7987e-06 -1.7602e-06 -1.0278e-06 -5.5221e-07 -2.7031e-07 -1.1920e-07 -4.6762e-08 -1.6088e-08 -4.7770e-09 -1.2022e-09 -2.5125e-10 -4.2602e-11 -5.7091e-12 -5.8688e-13 -4.4734e-14 -2.4324e-15 -9.0273e-17 -2.1741e-18 -3.2066e-20 -2.7102e-22 -1.2159e-24 -2.6510e-27 -2.5361e-30 -9.4565e-34 -1.1977e-37 -4.3883e-42 -3.8556e-47 -6.5187e-53 -1.6370e-59 -4.4981e-67 -9.4153e-76 -9.7607e-86 -2.9976e-97 -1.4729e-110 -5.5160e-126 -6.4224e-144 -7.8188e-165 -2.6300e-189 -4.7682e-218 -6.1907e-252 -4.6860e-292 -0.0000e+00 -0.0000e+00 -0.0000e+00 -0.0000e+00 -0.0000e+00 -0.0000e+00 -0.0000e+00 -0.0000e+00 -0.0000e+00 -0.0000e+00 -0.0000e+00 -0.0000e+00 -0.0000e+00 -0.0000e+00 -0.0000e+00 -0.0000e+00 -0.0000e+00 -0.0000e+00 -0.0000e+00 -0.0000e+00 -0.0000e+00 -0.0000e+00 -0.0000e+00 -0.0000e+00 -0.0000e+00 -0.0000e+00 -0.0000e+00 -0.0000e+00 -0.0000e+00 -0.0000e+00
-3.9499e-07 -1.1180e-06 -2.0559e-06 -3.1691e-06 -4.4339e-06 -5.8329e-06 -7.3499e-06 -8.9682e-06 2.0094e-04 -1.2425e-05 -1.4210e-05 -1.5984e-05 -1.7705e-05 -1.9318e-05 -2.0765e-05 -2.1980e-05 -2.2895e-05 -2.3442e-05 -2.3564e-05 -2.3214e-05 -2.2371e-05 -2.1039e-05 -1.9260e-05 -1.7110e-05 -1.4701e-05 -1.2170e-05 -9.6639e-06 -7.3255e-06 -5.2718e-06 -3.5796e-06 -2.2775e-06 -1.3472e-06 -7.3449e-07 -3.6544e-07 -1.6411e-07 -6.5692e-08 -2.3112e-08 -7.0344e-09 -1.8192e-09 -3.9172e-10 -6.8630e-11 -9.5315e-12 -1.0187e-12 -8.0989e-14 -4.6093e-15 -1.7969e-16 -4.5627e-18 -7.1225e-20 -6.3963e-22 -3.0615e-24 -7.1501e-27 -7.3581e-30 -2.9642e-33 -4.0735e-37 -1.6267e-41 -1.5648e-46 -2.9102e-52 -8.0777e-59 -2.4654e-66 -5.7617e-75 -6.7051e-85 -2.3248e-96 -1.2975e-109 -5.5556e-125 -7.4478e-143 -1.0520e-163 -4.1406e-188 -8.8662e-217 -1.3737e-250 -1.2554e-290 -0.0000e+00 -0.0000e+00 -0.0000e+00 -0.0000e+00 -0.0000e+00 -0.0000e+00 -0.0000e+00 -0.0000e+00 -0.0000e+00 -0.0000e+00 -0.0000e+00 -0.0000e+00 -0.0000e+00 -0.0000e+00 -0.0000e+00 -0.0000e+00 -0.0000e+00 -0.0000e+00 -0.0000e+00 -0.0000e+00 -0.0000e+00 -0.0000e+00 -0.0000e+00 -0.0000e+00 -0.0000e+00 -0.0000e+00 -0.0000e+00 -0.0000e+00 -0.0000e+00 -0.0000e+00 -3.9499e-07 -1.1180e-06 -2.0559e-06 -3.1691e-06 -4.4338e-06 -5.8324e-06 -7.3489e-06 -8.9661e-06 0.0000e+00 -1.2418e-05 -1.4197e-05 -1.5964e-05 -1.7674e-05 -1.9273e-05 -2.0700e-05 -2.1890e-05 -2.2774e-05 -2.3286e-05 -2.3366e-05 -2.2973e-05 -2.2085e-05 -2.0711e-05 -1.8897e-05 -1.6724e-05 -1.4306e-05 -1.1783e-05 -9.3021e-06 -7.0046e-06 -5.0030e-06 -3.3683e-06 -2.1226e-06 -1.2421e-06 -6.6906e-07 -3.2844e-07 -1.4530e-07 -5.7206e-08 -1.9761e-08 -5.8946e-09 -1.4911e-09 -3.1341e-10 -5.3485e-11 -7.2191e-12 -7.4807e-13 -5.7532e-14 -3.1595e-15 -1.1856e-16 -2.8907e-18 -4.3221e-20 -3.7086e-22 -1.6919e-24 -3.7577e-27 -3.6691e-30 -1.3994e-33 -1.8169e-37 -6.8419e-42 -6.1950e-47 -1.0826e-52 -2.8190e-59 -8.0599e-67 -1.7621e-75 -1.9159e-85 -6.1986e-97 -3.2244e-110 -1.2853e-125 -1.6023e-143 -2.1022e-164 -7.6760e-189 -1.5229e-217 -2.1834e-251 -1.8436e-291 -0.0000e+00 -0.0000e+00 -0.0000e+00 -0.0000e+00 -0.0000e+00 -0.0000e+00 -0.0000e+00 -0.0000e+00 -0.0000e+00 -0.0000e+00 -0.0000e+00 -0.0000e+00 -0.0000e+00 -0.0000e+00 -0.0000e+00 -0.0000e+00 -0.0000e+00 -0.0000e+00 -0.0000e+00 -0.0000e+00 -0.0000e+00 -0.0000e+00 -0.0000e+00 -0.0000e+00 -0.0000e+00 -0.0000e+00 -0.0000e+00 -0.0000e+00 -0.0000e+00 -0.0000e+00
-4.5991e-07 -1.3017e-06 -2.3938e-06 -3.6900e-06 -5.1628e-06 -6.7919e-06 -8.5588e-06 -1.0444e-05 -1.2425e-05 3.0815e-04 -1.6557e-05 -1.8630e-05 -2.0643e-05 -2.2536e-05 -2.4239e-05 -2.5676e-05 -2.6770e-05 -2.7441e-05 -2.7621e-05 -2.7255e-05 -2.6315e-05 -2.4804e-05 -2.2765e-05 -2.0285e-05 -1.7489e-05 -1.4535e-05 -1.1594e-05 -8.8336e-06 -6.3937e-06 -4.3695e-06 -2.8001e-06 -1.6697e-06 -9.1843e-07 -4.6146e-07 -2.0947e-07 -8.4842e-08 -3.0235e-08 -9.3312e-09 -2.4497e-09 -5.3609e-10 -9.5569e-11 -1.3521e-11 -1.4739e-12 -1.1967e-13 -6.9639e-15 -2.7794e-16 -7.2348e-18 -1.1593e-19 -1.0702e-21 -5.2728e-24 -1.2696e-26 -1.3493e-29 -5.6235e-33 -8.0109e-37 -3.3232e-41 -3.3286e-46 -6.4627e-52 -1.8781e-58 -6.0213e-66 -1.4835e-74 -1.8273e-84 -6.7363e-96 -4.0175e-109 -1.8485e-124 -2.6796e-142 -4.1216e-163 -1.7804e-187 -4.2214e-216 -7.3148e-250 -7.5606e-290 -0.0000e+00 -0.0000e+00 -0.0000e+00 -0.0000e+00 -0.0000e+00 -0.0000e+00 -0.0000e+00 -0.0000e+00 -0.0000e+00 -0.0000e+00 -0.0000e+00 -0.0000e+00 -0.0000e+00 -0.0000e+00 -0.0000e+00 -0.0000e+00 -0.0000e+00 -0.0000e+00 -0.0000e+00 -0.0000e+00 -0.0000e+00 -0.0000e+00 -0.0000e+00 -0.0000e+00 -0.0000e+00 -0.0000e+00 -0.0000e+00 -0.0000e+00 -0.0000e+00 -0.0000e+00 -4.5991e-07 -1.3017e-06 -2.3938e-06 -3.6899e-06 -5.1625e-06 -6.7911e-06 -8.5570e-06 -1.0440e-05 -1.2418e-05 0.0000e+00 -1.6534e-05 -1.8594e-05 -2.0588e-05 -2.2455e-05 -2.4123e-05 -2.5516e-05 -2.6555e-05 -2.7161e-05 -2.7268e-05 -2.6824e-05 -2.5803e-05 -2.4217e-05 -2.2116e-05 -1.9593e-05 -1.6780e-05 -1.3840e-05 -1.0944e-05 -8.2559e-06 -5.9092e-06 -3.9879e-06 -2.5198e-06 -1.4791e-06 -7.9952e-07 -3.9403e-07 -1.7509e-07 -6.9280e-08 -2.4066e-08 -7.2237e-09 -1.8401e-09 -3.8980e-10 -6.7103e-11 -9.1452e-12 -9.5791e-13 -7.4553e-14 -4.1486e-15 -1.5797e-16 -3.9139e-18 -5.9568e-20 -5.2121e-22 -2.4294e-24 -5.5241e-27 -5.5345e-30 -2.1711e-33 -2.9071e-37 -1.1321e-41 -1.0633e-46 -1.9336e-52 -5.2579e-59 -1.5758e-66 -3.6263e-75 -4.1686e-85 -1.4329e-96 -7.9613e-110 -3.4096e-125 -4.5963e-143 -6.5679e-164 -2.6329e-188 -5.7865e-217 -9.2825e-251 -8.8699e-291 -0.0000e+00 -0.0000e+00 -0.0000e+00 -0.0000e+00 -0.0000e+00 -0.0000e+00 -0.0000e+00 -0.0000e+00 -0.0000e+00 -0.0000e+00 -0.0000e+00 -0.0000e+00 -0.0000e+00 -0.0000e+00 -0.0000e+00 -0.0000e+00 -0.0000e+00 -0.0000e+00 -0.0000e+00 -0.0000e+00 -0.0000e+00 -0.0000e+00 -0.0000e+00 -0.0000e+00 -0.0000e+00 -0.0000e+00 -0.0000e+00 -0.0000e+00 -0.0000e+00 -0.0000e+00
-5.2574e-07 -1.4880e-06 -2.7365e-06 -4.2182e-06 -5.9020e-06 -7.7647e-06 -9.7854e-06 -1.1942e-05 -1.4210e-05 -1.6557e-05 4.5425e-04 -2.1326e-05 -2.3643e-05 -2.5828e-05 -2.7803e-05 -2.9482e-05 -3.0777e-05 -3.1597e-05 -3.1863e-05 -3.1509e-05 -3.0500e-05 -2.8835e-05 -2.6557e-05 -2.3758e-05 -2.0578e-05 -1.7191e-05 -1.3794e-05 -1.0579e-05 -7.7144e-06 -5.3158e-06 -3.4379e-06 -2.0708e-06 -1.1518e-06 -5.8574e-07 -2.6940e-07 -1.1068e-07 -4.0050e-08 -1.2565e-08 -3.3569e-09 -7.4842e-10 -1.3608e-10 -1.9660e-11 -2.1907e-12 -1.8204e-13 -1.0855e-14 -4.4447e-16 -1.1884e-17 -1.9589e-19 -1.8627e-21 -9.4690e-24 -2.3564e-26 -2.5929e-29 -1.1212e-32 -1.6608e-36 -7.1821e-41 -7.5200e-46 -1.5309e-51 -4.6808e-58 -1.5848e-65 -4.1405e-74 -5.4335e-84 -2.1449e-95 -1.3776e-108 -6.8689e-124 -1.0867e-141 -1.8386e-162 -8.8129e-187 -2.3416e-215 -4.5979e-249 -5.4531e-289 -0.0000e+00 -0.0000e+00 -0.0000e+00 -0.0000e+00 -0.0000e+00 -0.0000e+00 -0.0000e+00 -0.0000e+00 -0.0000e+00 -0.0000e+00 -0.0000e+00 -0.0000e+00 -0.0000e+00 -0.0000e+00 -0.0000e+00 -0.0000e+00 -0.0000e+00 -0.0000e+00 -0.0000e+00 -0.0000e+00 -0.0000e+00 -0.0000e+00 -0.0000e+00 -0.0000e+00 -0.0000e+00 -0.0000e+00 -0.0000e+00 -0.0000e+00 -0.0000e+00 -0.0000e+00 -5.2573e-07 -1.4880e-06 -2.7365e-06 -4.2181e-06 -5.9015e-06 -7.7634e-06 -9.7823e-06 -1.1936e-05 -1.4197e-05 -1.6534e-05 0.0000e+00 -2.1266e-05 -2.3550e-05 -2.5691e-05 -2.7607e-05 -2.9212e-05 -3.0414e-05 -3.1125e-05 -3.1267e-05 -3.0780e-05 -2.9635e-05 -2.7843e-05 -2.5458e-05 -2.2585e-05 -1.9375e-05 -1.6010e-05 -1.2687e-05 -9.5951e-06 -6.8872e-06 -4.6629e-06 -2.9572e-06 -1.7430e-06 -9.4657e-07 -4.6895e-07 -2.0962e-07 -8.3490e-08 -2.9218e-08 -8.8425e-09 -2.2732e-09 -4.8647e-10 -8.4695e-11 -1.1688e-11 -1.2412e-12 -9.8081e-14 -5.5499e-15 -2.1523e-16 -5.4410e-18 -8.4650e-20 -7.5866e-22 -3.6298e-24 -8.4917e-27 -8.7748e-30 -3.5597e-33 -4.9429e-37 -2.0021e-41 -1.9622e-46 -3.7367e-52 -1.0681e-58 -3.3784e-66 -8.2414e-75 -1.0091e-84 -3.7145e-96 -2.2230e-109 -1.0320e-124 -1.5188e-142 -2.3883e-163 -1.0628e-187 -2.6189e-216 -4.7628e-250 -5.2248e-290 -0.0000e+00 -0.0000e+00 -0.0000e+00 -0.0000e+00 -0.0000e+00 -0.0000e+00 -0.0000e+00 -0.0000e+00 -0.0000e+00 -0.0000e+00 -0.0000e+00 -0.0000e+00 -0.0000e+00 -0.0000e+00 -0.0000e+00 -0.0000e+00 -0.0000e+00 -0.0000e+00 -0.0000e+00 -0.0000e+00 -0.0000e+00 -0.0000e+00 -0.0000e+00 -0.0000e+00 -0.0000e+00 -0.0000e+00 -0.0000e+00 -0.0000e+00 -0.0000e+00 -0.0000e+00
-5.9107e-07 -1.6729e-06 -3.0766e-06 -4.7425e-06 -6.6358e-06 -8.7305e-06 -1.1004e-05 -1.3431e-05 -1.5984e-05 -1.8630e-05 -2.1326e-05 6.4817e-04 -2.6647e-05 -2.9136e-05 -3.1399e-05 -3.3342e-05 -3.4864e-05 -3.5866e-05 -3.6254e-05 -3.5954e-05 -3.4919e-05 -3.3141e-05 -3.0660e-05 -2.7570e-05 -2.4020e-05 -2.0200e-05 -1.6329e-05 -1.2628e-05 -9.2935e-06 -6.4694e-06 -4.2309e-06 -2.5797e-06 -1.4539e-06 -7.5000e-07 -3.5027e-07 -1.4628e-07 -5.3863e-08 -1.7213e-08 -4.6895e-09 -1.0673e-09 -1.9830e-10 -2.9307e-11 -3.3444e-12 -2.8493e-13 -1.7440e-14 -7.3394e-16 -2.0198e-17 -3.4314e-19 -3.3687e-21 -1.7711e-23 -4.5672e-26 -5.2190e-29 -2.3491e-32 -3.6316e-36 -1.6437e-40 -1.8071e-45 -3.8763e-51 -1.2536e-57 -4.5082e-65 -1.2569e-73 -1.7693e-83 -7.5345e-95 -5.2532e-108 -2.8635e-123 -4.9909e-141 -9.3838e-162 -5.0472e-186 -1.5212e-214 -3.4300e-248 -4.7363e-288 -0.0000e+00 -0.0000e+00 -0.0000e+00 -0.0000e+00 -0.0000e+00 -0.0000e+00 -0.0000e+00 -0.0000e+00 -0.0000e+00 -0.0000e+00 -0.0000e+00 -0.0000e+00 -0.0000e+00 -0.0000e+00 -0.0000e+00 -0.0000e+00 -0.0000e+00 -0.0000e+00 -0.0000e+00 -0.0000e+00 -0.0000e+00 -0.0000e+00 -0.0000e+00 -0.0000e+00 -0.0000e+00 -0.0000e+00 -0.0000e+00 -0.0000e+00 -0.0000e+00 -0.0000e+00 -5.9107e-07 -1.6729e-06 -3.0765e-06 -4.7423e-06 -6.6350e-06 -8.7284e-06 -1.0999e-05 -1.3420e-05 -1.5964e-05 -1.8594e-05 -2.1266e-05 0.0000e+00 -2.6499e-05 -2.8916e-05 -3.1085e-05 -3.2907e-05 -3.4280e-05 -3.5106e-05 -3.5295e-05 -3.4780e-05 -3.3526e-05 -3.1541e-05 -2.8886e-05 -2.5675e-05 -2.2073e-05 -1.8284e-05 -1.4531e-05 -1.1025e-05 -7.9433e-06 -5.4006e-06 -3.4414e-06 -2.0394e-06 -1.1142e-06 -5.5577e-07 -2.5032e-07 -1.0055e-07 -3.5520e-08 -1.0863e-08 -2.8252e-09 -6.1237e-10 -1.0813e-10 -1.5154e-11 -1.6369e-12 -1.3178e-13 -7.6097e-15 -3.0172e-16 -7.8133e-18 -1.2478e-19 -1.1504e-21 -5.6754e-24 -1.3724e-26 -1.4698e-29 -6.1968e-33 -8.9695e-37 -3.7994e-41 -3.9076e-46 -7.8379e-52 -2.3692e-58 -7.9604e-66 -2.0726e-74 -2.7228e-84 -1.0815e-95 -7.0287e-109 -3.5685e-124 -5.7883e-142 -1.0119e-162 -5.0551e-187 -1.4136e-215 -2.9533e-249 -3.7737e-289 -0.0000e+00 -0.0000e+00 -0.0000e+00 -0.0000e+00 -0.0000e+00 -0.0000e+00 -0.0000e+00 -0.0000e+00 -0.0000e+00 -0.0000e+00 -0.0000e+00 -0.0000e+00 -0.0000e+00 -0.0000e+00 -0.0000e+00 -0.0000e+00 -0.0000e+00 -0.0000e+00 -0.0000e+00 -0.0000e+00 -0.0000e+00 -0.0000e+00 -0.0000e+00 -0.0000e+00 -0.0000e+00 -0.0000e+00 -0.0000e+00 -0.0000e+00 -0.0000e+00 -0.0000e+00
-6.5421e-07 -1.8517e-06 -3.4053e-06 -5.2493e-06 -7.3452e-06 -9.6645e-06 -1.2182e-05 -1.4872e-05 -1.7705e-05 -2.0643e-05 -2.3643e-05 -2.6647e-05 9.0005e-04 -3.2391e-05 -3.4957e-05 -3.7185e-05 -3.8967e-05 -4.0191e-05 -4.0752e-05 -4.0562e-05 -3.9561e-05 -3.7731e-05 -3.5103e-05 -3.1769e-05 -2.7879e-05 -2.3637e-05 -1.9281e-05 -1.5062e-05 -1.1208e-05 -7.8964e-06 -5.2322e-06 -3.2356e-06 -1.8513e-06 -9.7061e-07 -4.6116e-07 -1.9612e-07 -7.3613e-08 -2.4004e-08 -6.6794e-09 -1.5542e-09 -2.9555e-10 -4.4750e-11 -5.2380e-12 -4.5828e-13 -2.8843e-14 -1.2500e-15 -3.5476e-17 -6.2264e-19 -6.3266e-21 -3.4496e-23 -9.2464e-26 -1.1010e-28 -5.1775e-32 -8.3877e-36 -3.9912e-40 -4.6293e-45 -1.0517e-50 -3.6177e-57 -1.3903e-64 -4.1637e-73 -6.3312e-83 -2.9306e-94 -2.2364e-107 -1.3445e-122 -2.6065e-140 -5.5031e-161 -3.3591e-185 -1.1627e-213 -3.0514e-247 -4.9792e-287 -0.0000e+00 -0.0000e+00 -0.0000e+00 -0.0000e+00 -0.0000e+00 -0.0000e+00 -0.0000e+00 -0.0000e+00 -0.0000e+00 -0.0000e+00 -0.0000e+00 -0.0000e+00 -0.0000e+00 -0.0000e+00 -0.0000e+00 -0.0000e+00 -0.0000e+00 -0.0000e+00 -0.0000e+00 -0.0000e+00 -0.0000e+00 -0.0000e+00 -0.0000e+00 -0.0000e+00 -0.0000e+00 -0.0000e+00 -0.0000e+00 -0.0000e+00 -0.0000e+00 -0.0000e+00 -6.5421e-07 -1.8516e-06 -3.4052e-06 -5.2489e-06 -7.3440e-06 -9.6613e-06 -1.2175e-05 -1.4856e-05 -1.7674e-05 -2.0588e-05 -2.3550e-05 -2.6499e-05 0.0000e+00 -3.2052e-05 -3.4473e-05 -3.6516e-05 -3.8068e-05 -3.9020e-05 -3.9272e-05 -3.8749e-05 -3.7408e-05 -3.5256e-05 -3.2355e-05 -2.8827e-05 -2.4852e-05 -2.0652e-05 -1.6473e-05 -1.2551e-05 -9.0856e-06 -6.2105e-06 -3.9815e-06 -2.3756e-06 -1.3078e-06 -6.5791e-07 -2.9914e-07 -1.2143e-07 -4.3401e-08 -1.3445e-08 -3.5465e-09 -7.8077e-10 -1.4023e-10 -2.0022e-11 -2.2070e-12 -1.8163e-13 -1.0742e-14 -4.3705e-16 -1.1638e-17 -1.9154e-19 -1.8241e-21 -9.3185e-24 -2.3395e-26 -2.6084e-29 -1.1483e-32 -1.7412e-36 -7.7524e-41 -8.4116e-46 -1.7871e-51 -5.7470e-58 -2.0640e-65 -5.7739e-74 -8.1967e-84 -3.5402e-95 -2.5191e-108 -1.4111e-123 -2.5470e-141 -5.0017e-162 -2.8368e-186 -9.1136e-215 -2.2170e-248 -3.3487e-288 -0.0000e+00 -0.0000e+00 -0.0000e+00 -0.0000e+00 -0.0000e+00 -0.0000e+00 -0.0000e+00 -0.0000e+00 -0.0000e+00 -0.0000e+00 -0.0000e+00 -0.0000e+00 -0.0000e+00 -0.0000e+00 -0.0000e+00 -0.0000e+00 -0.0000e+00 -0.0000e+00 -0.0000e+00 -0.0000e+00 -0.0000e+00 -0.0000e+00 -0.0000e+00 -0.0000e+00 -0.0000e+00 -0.0000e+00 -0.0000e+00 -0.0000e+00 -0.0000e+00 -0.0000e+00
-7.1317e-07 -2.0185e-06 -3.7122e-06 -5.7226e-06 -8.0078e-06 -1.0537e-05 -1.3285e-05 -1.6222e-05 -1.9318e-05 -2.2536e-05 -2.5828e-05 -2.9136e-05 -3.2391e-05 1.2213e-03 -3.8391e-05 -4.0930e-05 -4.3008e-05 -4.4503e-05 -4.5298e-05 -4.5291e-05 -4.4407e-05 -4.2609e-05 -3.9916e-05 -3.6407e-05 -3.2230e-05 -2.7592e-05 -2.2750e-05 -1.7982e-05 -1.3553e-05 -9.6814e-06 -6.5108e-06 -4.0905e-06 -2.3802e-06 -1.2703e-06 -6.1495e-07 -2.6672e-07 -1.0220e-07 -3.4051e-08 -9.6908e-09 -2.3086e-09 -4.4995e-10 -6.9907e-11 -8.4066e-12 -7.5666e-13 -4.9064e-14 -2.1941e-15 -6.4375e-17 -1.1702e-18 -1.2342e-20 -7.0009e-23 -1.9572e-25 -2.4373e-28 -1.2023e-31 -2.0499e-35 -1.0303e-39 -1.2671e-44 -3.0652e-50 -1.1280e-56 -4.6613e-64 -1.5095e-72 -2.4972e-82 -1.2662e-93 -1.0664e-106 -7.1350e-122 -1.5537e-139 -3.7228e-160 -2.6088e-184 -1.0502e-212 -3.2524e-246 -6.3669e-286 -0.0000e+00 -0.0000e+00 -0.0000e+00 -0.0000e+00 -0.0000e+00 -0.0000e+00 -0.0000e+00 -0.0000e+00 -0.0000e+00 -0.0000e+00 -0.0000e+00 -0.0000e+00 -0.0000e+00 -0.0000e+00 -0.0000e+00 -0.0000e+00 -0.0000e+00 -0.0000e+00 -0.0000e+00 -0.0000e+00 -0.0000e+00 -0.0000e+00 -0.0000e+00 -0.0000e+00 -0.0000e+00 -0.0000e+00 -0.0000e+00 -0.0000e+00 -0.0000e+00 -0.0000e+00 -7.1317e-07 -2.0185e-06 -3.7121e-06 -5.7221e-06 -8.0061e-06 -1.0533e-05 -1.3273e-05 -1.6198e-05 -1.9273e-05 -2.2455e-05 -2.5691e-05 -2.8916e-05 -3.2052e-05 0.0000e+00 -3.7674e-05 -3.9937e-05 -4.1674e-05 -4.2765e-05 -4.3100e-05 -4.2595e-05 -4.1200e-05 -3.8917e-05 -3.5808e-05 -3.2001e-05 -2.7685e-05 -2.3100e-05 -1.8510e-05 -1.4177e-05 -1.0323e-05 -7.1038e-06 -4.5884e-06 -2.7608e-06 -1.5342e-06 -7.7988e-07 -3.5871e-07 -1.4748e-07 -5.3455e-08 -1.6816e-08 -4.5112e-09 -1.0116e-09 -1.8534e-10 -2.7044e-11 -3.0518e-12 -2.5759e-13 -1.5656e-14 -6.5599e-16 -1.8028e-17 -3.0693e-19 -3.0311e-21 -1.6099e-23 -4.2136e-26 -4.9122e-29 -2.2684e-32 -3.6198e-36 -1.7025e-40 -1.9591e-45 -4.4333e-51 -1.5256e-57 -5.8934e-65 -1.7833e-73 -2.7553e-83 -1.3040e-94 -1.0245e-107 -6.3887e-123 -1.2957e-140 -2.8885e-161 -1.8814e-185 -7.0317e-214 -2.0192e-247 -3.6600e-287 -0.0000e+00 -0.0000e+00 -0.0000e+00 -0.0000e+00 -0.0000e+00 -0.0000e+00 -0.0000e+00 -0.0000e+00 -0.0000e+00 -0.0000e+00 -0.0000e+00 -0.0000e+00 -0.0000e+00 -0.0000e+00 -0.0000e+00 -0.0000e+00 -0.0000e+00 -0.0000e+00 -0.0000e+00 -0.0000e+00 -0.0000e+00 -0.0000e+00 -0.0000e+00 -0.0000e+00 -0.0000e+00 -0.0000e+00 -0.0000e+00 -0.0000e+00 -0.0000e+00 -0.0000e+00
-7.6569e-07 -2.1672e-06 -3.9856e-06 -6.1443e-06 -8.5985e-06 -1.1316e-05 -1.4269e-05 -1.7429e-05 -2.0765e-05 -2.4239e-05 -2.7803e-05 -3.1399e-05 -3.4957e-05 -3.8391e-05 1.6247e-03 -4.4477e-05 -4.6892e-05 -4.8717e-05 -4.9823e-05 -5.0091e-05 -4.9426e-05 -4.7771e-05 -4.5122e-05 -4.1537e-05 -3.7149e-05 -3.2165e-05 -2.6850e-05 -2.1508e-05 -1.6445e-05 -1.1930e-05 -8.1552e-06 -5.2131e-06 -3.0892e-06 -1.6805e-06 -8.3001e-07 -3.6761e-07 -1.4397e-07 -4.9076e-08 -1.4304e-08 -3.4937e-09 -6.9893e-10 -1.1161e-10 -1.3813e-11 -1.2816e-12 -8.5804e-14 -3.9691e-15 -1.2070e-16 -2.2791e-18 -2.5026e-20 -1.4819e-22 -4.3365e-25 -5.6700e-28 -2.9465e-31 -5.3109e-35 -2.8327e-39 -3.7131e-44 -9.6180e-50 -3.8089e-56 -1.7032e-63 -6.0049e-72 -1.0888e-81 -6.0952e-93 -5.7141e-106 -4.2939e-121 -1.0608e-138 -2.9159e-159 -2.3736e-183 -1.1257e-211 -4.1722e-245 -9.9510e-285 -0.0000e+00 -0.0000e+00 -0.0000e+00 -0.0000e+00 -0.0000e+00 -0.0000e+00 -0.0000e+00 -0.0000e+00 -0.0000e+00 -0.0000e+00 -0.0000e+00 -0.0000e+00 -0.0000e+00 -0.0000e+00 -0.0000e+00 -0.0000e+00 -0.0000e+00 -0.0000e+00 -0.0000e+00 -0.0000e+00 -0.0000e+00 -0.0000e+00 -0.0000e+00 -0.0000e+00 -0.0000e+00 -0.0000e+00 -0.0000e+00 -0.0000e+00 -0.0000e+00 -0.0000e+00 -7.6569e-07 -2.1672e-06 -3.9855e-06 -6.1435e-06 -8.5960e-06 -1.1309e-05 -1.4253e-05 -1.7395e-05 -2.0700e-05 -2.4123e-05 -2.7607e-05 -3.1085e-05 -3.4473e-05 -3.7674e-05 0.0000e+00 -4.3055e-05 -4.4980e-05 -4.6223e-05 -4.6665e-05 -4.6212e-05 -4.4805e-05 -4.2442e-05 -3.9179e-05 -3.5146e-05 -3.0538e-05 -2.5607e-05 -2.0635e-05 -1.5906e-05 -1.1667e-05 -8.0937e-06 -5.2756e-06 -3.2066e-06 -1.8021e-06 -9.2754e-07 -4.3252e-07 -1.8052e-07 -6.6518e-08 -2.1305e-08 -5.8281e-09 -1.3348e-09 -2.5023e-10 -3.7424e-11 -4.3368e-12 -3.7665e-13 -2.3603e-14 -1.0219e-15 -2.9087e-17 -5.1409e-19 -5.2844e-21 -2.9292e-23 -8.0252e-26 -9.8238e-29 -4.7794e-32 -8.0646e-36 -4.0265e-40 -4.9396e-45 -1.1972e-50 -4.4351e-57 -1.8545e-64 -6.1113e-73 -1.0352e-82 -5.4109e-94 -4.7331e-107 -3.3162e-122 -7.6320e-140 -1.9525e-160 -1.4777e-184 -6.5081e-213 -2.2372e-246 -4.9420e-286 -0.0000e+00 -0.0000e+00 -0.0000e+00 -0.0000e+00 -0.0000e+00 -0.0000e+00 -0.0000e+00 -0.0000e+00 -0.0000e+00 -0.0000e+00 -0.0000e+00 -0.0000e+00 -0.0000e+00 -0.0000e+00 -0.0000e+00 -0.0000e+00 -0.0000e+00 -0.0000e+00 -0.0000e+00 -0.0000e+00 -0.0000e+00 -0.0000e+00 -0.0000e+00 -0.0000e+00 -0.0000e+00 -0.0000e+00 -0.0000e+00 -0.0000e+00 -0.0000e+00 -0.0000e+00
-8.0931e-07 -2.2907e-06 -4.2128e-06 -6.4947e-06 -9.0896e-06 -1.1964e-05 -1.5090e-05 -1.8439e-05 -2.1980e-05 -2.5676e-05 -2.9482e-05 -3.3342e-05 -3.7185e-05 -4.0930e-05 -4.4477e-05 2.1247e-03 -5.0510e-05 -5.2731e-05 -5.4235e-05 -5.4888e-05 -5.4570e-05 -5.3197e-05 -5.0731e-05 -4.7202e-05 -4.2714e-05 -3.7459e-05 -3.1705e-05 -2.5777e-05 -2.0023e-05 -1.4771e-05 -1.0278e-05 -6.6929e-06 -4.0440e-06 -2.2450e-06 -1.1326e-06 -5.1282e-07 -2.0553e-07 -7.1771e-08 -2.1453e-08 -5.3803e-09 -1.1067e-09 -1.8196e-10 -2.3226e-11 -2.2261e-12 -1.5426e-13 -7.4010e-15 -2.3394e-16 -4.6025e-18 -5.2795e-20 -3.2749e-22 -1.0070e-24 -1.3880e-27 -7.6313e-31 -1.4609e-34 -8.3110e-39 -1.1672e-43 -3.2556e-49 -1.3959e-55 -6.7985e-63 -2.6277e-71 -5.2609e-81 -3.2780e-92 -3.4504e-105 -2.9397e-120 -8.3236e-138 -2.6540e-158 -2.5402e-182 -1.4380e-210 -6.4714e-244 -1.9106e-283 -0.0000e+00 -0.0000e+00 -0.0000e+00 -0.0000e+00 -0.0000e+00 -0.0000e+00 -0.0000e+00 -0.0000e+00 -0.0000e+00 -0.0000e+00 -0.0000e+00 -0.0000e+00 -0.0000e+00 -0.0000e+00 -0.0000e+00 -0.0000e+00 -0.0000e+00 -0.0000e+00 -0.0000e+00 -0.0000e+00 -0.0000e+00 -0.0000e+00 -0.0000e+00 -0.0000e+00 -0.0000e+00 -0.0000e+00 -0.0000e+00 -0.0000e+00 -0.0000e+00 -0.0000e+00 -8.0931e-07 -2.2906e-06 -4.2126e-06 -6.4937e-06 -9.0861e-06 -1.1955e-05 -1.5068e-05 -1.8392e-05 -2.1890e-05 -2.5516e-05 -2.9212e-05 -3.2907e-05 -3.6516e-05 -3.9937e-05 -4.3055e-05 0.0000e+00 -4.7855e-05 -4.9264e-05 -4.9840e-05 -4.9478e-05 -4.8114e-05 -4.5733e-05 -4.2386e-05 -3.8198e-05 -3.3366e-05 -2.8147e-05 -2.2838e-05 -1.7741e-05 -1.3126e-05 -9.1951e-06 -6.0587e-06 -3.7270e-06 -2.1225e-06 -1.1085e-06 -5.2521e-07 -2.2306e-07 -8.3762e-08 -2.7384e-08 -7.6590e-09 -1.7966e-09 -3.4556e-10 -5.3127e-11 -6.3410e-12 -5.6838e-13 -3.6841e-14 -1.6535e-15 -4.8907e-17 -9.0054e-19 -9.6698e-21 -5.6157e-23 -1.6169e-25 -2.0870e-28 -1.0745e-31 -1.9261e-35 -1.0259e-39 -1.3489e-44 -3.5215e-50 -1.4128e-56 -6.4361e-64 -2.3258e-72 -4.3516e-82 -2.5323e-93 -2.4878e-106 -1.9767e-121 -5.2154e-139 -1.5481e-159 -1.3779e-183 -7.2456e-212 -3.0249e-245 -8.2728e-285 -0.0000e+00 -0.0000e+00 -0.0000e+00 -0.0000e+00 -0.0000e+00 -0.0000e+00 -0.0000e+00 -0.0000e+00 -0.0000e+00 -0.0000e+00 -0.0000e+00 -0.0000e+00 -0.0000e+00 -0.0000e+00 -0.0000e+00 -0.0000e+00 -0.0000e+00 -0.0000e+00 -0.0000e+00 -0.0000e+00 -0.0000e+00 -0.0000e+00 -0.0000e+00 -0.0000e+00 -0.0000e+00 -0.0000e+00 -0.0000e+00 -0.0000e+00 -0.0000e+00 -0.0000e+00
