4.7193e-12 -8.0180e-12 -2.2131e-11 -4.5533e-11 -7.9774e-11 -1.2629e-10 -1.8645e-10 -2.6161e-10 -3.5312e-10 -4.6238e-10 -5.9081e-10 -7.3990e-10 -9.1122e-10 -1.1064e-09 -1.3272e-09 -1.5754e-09 -1.8531e-09 -2.1623e-09 -2.5053e-09 -2.8844e-09 -3.3021e-09 -3.7610e-09 -4.2639e-09 -4.8137e-09 -5.4133e-09 -6.0655e-09 -6.7734e-09 -7.5395e-09 -8.3664e-09 -9.2560e-09 -1.0210e-08 -1.1228e-08 -1.2309e-08 -1.3450e-08 -1.4646e-08 -1.5889e-08 -1.7164e-08 -1.8454e-08 -1.9736e-08 -2.0976e-08 -2.2134e-08 -2.3161e-08 -2.3997e-08 -2.4574e-08 -2.4816e-08 -2.4648e-08 -2.3998e-08 -2.2814e-08 -2.1074e-08 -1.8804e-08 -1.6089e-08 -1.3086e-08 -1.0006e-08 -7.0982e-09 -4.5947e-09 -2.6589e-09 -1.3410e-09 -5.7108e-10 -1.9735e-10 -5.2655e-11 -1.0185e-11 -1.3188e-12 -1.0326e-13 -4.2936e-15 -8.0173e-17 -5.4121e-19 -9.9548e-22 -3.4429e-25 -1.3714e-29 -3.2759e-35 -1.9543e-42 -8.8935e-52 -6.1057e-64 -6.7525e-80 -5.3073e-101 -3.6217e-129 -3.9577e-167 -7.5735e-219 -3.8037e-290 0.0000e+00 0.0000e+00 0.0000e+00 0.0000e+00 0.0000e+00 0.0000e+00 0.0000e+00 0.0000e+00 0.0000e+00 0.0000e+00 0.0000e+00 0.0000e+00 0.0000e+00 0.0000e+00 0.0000e+00 0.0000e+00 0.0000e+00 0.0000e+00 0.0000e+00 0.0000e+00 0.0000e+00 0.0000e+00 8.0180e-12 2.2131e-11 4.5533e-11 7.9774e-11 1.2629e-10 1.8645e-10 2.6161e-10 3.5312e-10 4.6238e-10 5.9081e-10 7.3990e-10 9.1122e-10 1.1064e-09 1.3272e-09 1.5754e-09 1.8531e-09 2.1623e-09 2.5053e-09 2.8844e-09 3.3021e-09 3.7610e-09 4.2639e-09 4.8137e-09 5.4133e-09 6.0655e-09 6.7734e-09 7.5395e-09 8.3664e-09 9.2560e-09 1.0210e-08 1.1228e-08 1.2309e-08 1.3450e-08 1.4646e-08 1.5889e-08 1.7164e-08 1.8454e-08 1.9736e-08 2.0976e-08 2.2134e-08 2.3161e-08 2.3997e-08 2.4574e-08 2.4816e-08 2.4648e-08 2.3998e-08 2.2814e-08 2.1074e-08 1.8804e-08 1.6089e-08 1.3086e-08 1.0006e-08 7.0982e-09 4.5947e-09 2.6589e-09 1.3410e-09 5.7108e-10 1.9735e-10 5.2655e-11 1.0185e-11 1.3188e-12 1.0326e-13 4.2936e-15 8.0173e-17 5.4121e-19 9.9548e-22 3.4429e-25 1.3714e-29 3.2759e-35 1.9543e-42 8.8935e-52 6.1057e-64 6.7525e-80 5.3073e-101 3.6217e-129 3.9577e-167 7.5735e-219 3.8037e-290 0.0000e+00 0.0000e+00 0.0000e+00 0.0000e+00 0.0000e+00 0.0000e+00 0.0000e+00 0.0000e+00 0.0000e+00 0.0000e+00 0.0000e+00 0.0000e+00 0.0000e+00 0.0000e+00 0.0000e+00 0.0000e+00 0.0000e+00 0.0000e+00 0.0000e+00 0.0000e+00 0.0000e+00
-8.0180e-12 3.2827e-09 -1.2531e-10 -2.5782e-10 -4.5171e-10 -7.1508e-10 -1.0557e-09 -1.4813e-09 -1.9995e-09 -2.6182e-09 -3.3454e-09 -4.1896e-09 -5.1596e-09 -6.2648e-09 -7.5150e-09 -8.9207e-09 -1.0493e-08 -1.2244e-08 -1.4186e-08 -1.6332e-08 -1.8697e-08 -2.1296e-08 -2.4144e-08 -2.7257e-08 -3.0652e-08 -3.4345e-08 -3.8353e-08 -4.2691e-08 -4.7373e-08 -5.2411e-08 -5.7810e-08 -6.3575e-08 -6.9697e-08 -7.6160e-08 -8.2933e-08 -8.9967e-08 -9.7188e-08 -1.0450e-07 -1.1175e-07 -1.1877e-07 -1.2533e-07 -1.3115e-07 -1.3588e-07 -1.3915e-07 -1.4052e-07 -1.3956e-07 -1.3589e-07 -1.2918e-07 -1.1933e-07 -1.0647e-07 -9.1104e-08 -7.4095e-08 -5.6658e-08 -4.0193e-08 -2.6017e-08 -1.5056e-08 -7.5934e-09 -3.2337e-09 -1.1175e-09 -2.9815e-10 -5.7670e-11 -7.4673e-12 -5.8472e-13 -2.4312e-14 -4.5397e-16 -3.0645e-18 -5.6367e-21 -1.9495e-24 -7.7654e-29 -1.8549e-34 -1.1066e-41 -5.0358e-51 -3.4572e-63 -3.8235e-79 -3.0052e-100 -2.0507e-128 -2.2410e-166 -4.2884e-218 -2.1538e-289 0.0000e+00 0.0000e+00 0.0000e+00 0.0000e+00 0.0000e+00 0.0000e+00 0.0000e+00 0.0000e+00 0.0000e+00 0.0000e+00 0.0000e+00 0.0000e+00 0.0000e+00 0.0000e+00 0.0000e+00 0.0000e+00 0.0000e+00 0.0000e+00 0.0000e+00 0.0000e+00 0.0000e+00 8.0180e-12 0.0000e+00 1.2531e-10 2.5782e-10 4.5171e-10 7.1508e-10 1.0557e-09 1.4813e-09 1.9995e-09 2.6182e-09 3.3454e-09 4.1896e-09 5.1596e-09 6.2648e-09 7.5150e-09 8.9207e-09 1.0493e-08 1.2244e-08 1.4186e-08 1.6332e-08 1.8697e-08 2.1296e-08 2.4144e-08 2.7257e-08 3.0652e-08 3.4345e-08 3.8353e-08 4.2691e-08 4.7373e-08 5.2411e-08 5.7810e-08 6.3575e-08 6.9697e-08 7.6160e-08 8.2933e-08 8.9967e-08 9.7188e-08 1.0450e-07 1.1175e-07 1.1877e-07 1.2533e-07 1.3115e-07 1.3588e-07 1.3915e-07 1.4052e-07 1.3956e-07 1.3589e-07 1.2918e-07 1.1933e-07 1.0647e-07 9.1104e-08 7.4095e-08 5.6658e-08 4.0193e-08 2.6017e-08 1.5056e-08 7.5934e-09 3.2337e-09 1.1175e-09 2.9815e-10 5.7670e-11 7.4673e-12 5.8472e-13 2.4312e-14 4.5397e-16 3.0645e-18 5.6367e-21 1.9495e-24 7.7654e-29 1.8549e-34 1.1066e-41 5.0358e-51 3.4572e-63 3.8235e-79 3.0052e-100 2.0507e-128 2.2410e-166 4.2884e-218 2.1538e-289 0.0000e+00 0.0000e+00 0.0000e+00 0.0000e+00 0.0000e+00 0.0000e+00 0.0000e+00 0.0000e+00 0.0000e+00 0.0000e+00 0.0000e+00 0.0000e+00 0.0000e+00 0.0000e+00 0.0000e+00 0.0000e+00 0.0000e+00 0.0000e+00 0.0000e+00 0.0000e+00 0.0000e+00
-2.2131e-11 -1.2531e-10 3.4537e-09 -7.1162e-10 -1.2468e-09 -1.9737e-09 -2.9139e-09 -4.0886e-09 -5.5189e-09 -7.2264e-09 -9.2336e-09 -1.1564e-08 -1.4241e-08 -1.7292e-08 -2.0742e-08 -2.4622e-08 -2.8962e-08 -3.3795e-08 -3.9155e-08 -4.5079e-08 -5.1607e-08 -5.8780e-08 -6.6640e-08 -7.5233e-08 -8.4603e-08 -9.4797e-08 -1.0586e-07 -1.1783e-07 -1.3076e-07 -1.4466e-07 -1.5956e-07 -1.7547e-07 -1.9237e-07 -2.1021e-07 -2.2891e-07 -2.4832e-07 -2.6825e-07 -2.8842e-07 -3.0844e-07 -3.2783e-07 -3.4593e-07 -3.6198e-07 -3.7505e-07 -3.8406e-07 -3.8785e-07 -3.8521e-07 -3.7506e-07 -3.5656e-07 -3.2936e-07 -2.9388e-07 -2.5146e-07 -2.0451e-07 -1.5638e-07 -1.1094e-07 -7.1810e-08 -4.1556e-08 -2.0959e-08 -8.9253e-09 -3.0844e-09 -8.2293e-10 -1.5918e-10 -2.0611e-11 -1.6139e-12 -6.7104e-14 -1.2530e-15 -8.4584e-18 -1.5558e-20 -5.3809e-24 -2.1434e-28 -5.1198e-34 -3.0543e-41 -1.3900e-50 -9.5425e-63 -1.0553e-78 -8.2947e-100 -5.6603e-128 -6.1854e-166 -1.1837e-217 -5.9449e-289 0.0000e+00 0.0000e+00 0.0000e+00 0.0000e+00 0.0000e+00 0.0000e+00 0.0000e+00 0.0000e+00 0.0000e+00 0.0000e+00 0.0000e+00 0.0000e+00 0.0000e+00 0.0000e+00 0.0000e+00 0.0000e+00 0.0000e+00 0.0000e+00 0.0000e+00 0.0000e+00 0.0000e+00 2.2131e-11 1.2531e-10 0.0000e+00 7.1162e-10 1.2468e-09 1.9737e-09 2.9139e-09 4.0886e-09 5.5189e-09 7.2264e-09 9.2336e-09 1.1564e-08 1.4241e-08 1.7292e-08 2.0742e-08 2.4622e-08 2.8962e-08 3.3795e-08 3.9155e-08 4.5079e-08 5.1607e-08 5.8780e-08 6.6640e-08 7.5233e-08 8.4603e-08 9.4797e-08 1.0586e-07 1.1783e-07 1.3076e-07 1.4466e-07 1.5956e-07 1.7547e-07 1.9237e-07 2.1021e-07 2.2891e-07 2.4832e-07 2.6825e-07 2.8842e-07 3.0844e-07 3.2783e-07 3.4593e-07 3.6198e-07 3.7505e-07 3.8406e-07 3.8785e-07 3.8521e-07 3.7506e-07 3.5656e-07 3.2936e-07 2.9388e-07 2.5146e-07 2.0451e-07 1.5638e-07 1.1094e-07 7.1810e-08 4.1556e-08 2.0959e-08 8.9253e-09 3.0844e-09 8.2293e-10 1.5918e-10 2.0611e-11 1.6139e-12 6.7104e-14 1.2530e-15 8.4584e-18 1.5558e-20 5.3808e-24 2.1434e-28 5.1198e-34 3.0543e-41 1.3899e-50 9.5424e-63 1.0553e-78 8.2946e-100 5.6603e-128 6.1854e-166 1.1836e-217 5.9448e-289 0.0000e+00 0.0000e+00 0.0000e+00 0.0000e+00 0.0000e+00 0.0000e+00 0.0000e+00 0.0000e+00 0.0000e+00 0.0000e+00 0.0000e+00 0.0000e+00 0.0000e+00 0.0000e+00 0.0000e+00 0.0000e+00 0.0000e+00 0.0000e+00 0.0000e+00 0.0000e+00 0.0000e+00
-4.5533e-11 -2.5782e-10 -7.1162e-10 1.9797e-08 -2.5652e-09 -4.0608e-09 -5.9953e-09 -8.4120e-09 -1.1355e-08 -1.4868e-08 -1.8998e-08 -2.3792e-08 -2.9300e-08 -3.5576e-08 -4.2676e-08 -5.0659e-08 -5.9588e-08 -6.9531e-08 -8.0559e-08 -9.2748e-08 -1.0618e-07 -1.2094e-07 -1.3711e-07 -1.5479e-07 -1.7407e-07 -1.9504e-07 -2.1780e-07 -2.4243e-07 -2.6902e-07 -2.9763e-07 -3.2829e-07 -3.6103e-07 -3.9579e-07 -4.3250e-07 -4.7096e-07 -5.1091e-07 -5.5191e-07 -5.9341e-07 -6.3461e-07 -6.7448e-07 -7.1174e-07 -7.4476e-07 -7.7165e-07 -7.9019e-07 -7.9798e-07 -7.9256e-07 -7.7167e-07 -7.3360e-07 -6.7765e-07 -6.0464e-07 -5.1736e-07 -4.2077e-07 -3.2175e-07 -2.2825e-07 -1.4775e-07 -8.5499e-08 -4.3122e-08 -1.8363e-08 -6.3460e-09 -1.6931e-09 -3.2750e-10 -4.2405e-11 -3.3205e-12 -1.3806e-13 -2.5780e-15 -1.7403e-17 -3.2010e-20 -1.1071e-23 -4.4099e-28 -1.0534e-33 -6.2841e-41 -2.8598e-50 -1.9633e-62 -2.1714e-78 -1.7066e-99 -1.1646e-127 -1.2727e-165 -2.4355e-217 -1.2232e-288 0.0000e+00 0.0000e+00 0.0000e+00 0.0000e+00 0.0000e+00 0.0000e+00 0.0000e+00 0.0000e+00 0.0000e+00 0.0000e+00 0.0000e+00 0.0000e+00 0.0000e+00 0.0000e+00 0.0000e+00 0.0000e+00 0.0000e+00 0.0000e+00 0.0000e+00 0.0000e+00 0.0000e+00 4.5533e-11 2.5782e-10 7.1162e-10 0.0000e+00 2.5652e-09 4.0608e-09 5.9953e-09 8.4120e-09 1.1355e-08 1.4868e-08 1.8998e-08 2.3792e-08 2.9300e-08 3.5576e-08 4.2676e-08 5.0659e-08 5.9588e-08 6.9531e-08 8.0559e-08 9.2748e-08 1.0618e-07 1.2094e-07 1.3711e-07 1.5479e-07 1.7407e-07 1.9504e-07 2.1780e-07 2.4243e-07 2.6902e-07 2.9763e-07 3.2829e-07 3.6103e-07 3.9579e-07 4.3250e-07 4.7096e-07 5.1091e-07 5.5191e-07 5.9341e-07 6.3461e-07 6.7448e-07 7.1174e-07 7.4476e-07 7.7165e-07 7.9019e-07 7.9798e-07 7.9256e-07 7.7167e-07 7.3360e-07 6.7765e-07 6.0464e-07 5.1736e-07 4.2077e-07 3.2175e-07 2.2825e-07 1.4775e-07 8.5498e-08 4.3122e-08 1.8363e-08 6.3460e-09 1.6931e-09 3.2750e-10 4.2405e-11 3.3205e-12 1.3806e-13 2.5780e-15 1.7403e-17 3.2010e-20 1.1071e-23 4.4098e-28 1.0534e-33 6.2841e-41 2.8597e-50 1.9633e-62 2.1713e-78 1.7066e-99 1.1646e-127 1.2726e-165 2.4353e-217 1.2231e-288 0.0000e+00 0.0000e+00 0.0000e+00 0.0000e+00 0.0000e+00 0.0000e+00 0.0000e+00 0.0000e+00 0.0000e+00 0.0000e+00 0.0000e+00 0.0000e+00 0.0000e+00 0.0000e+00 0.0000e+00 0.0000e+00 0.0000e+00 0.0000e+00 0.0000e+00 0.0000e+00 0.0000e+00
-7.9774e-11 -4.5171e-10 -1.2468e-09 -2.5652e-09 7.5789e-08 -7.1146e-09 -1.0504e-08 -1.4738e-08 -1.9894e-08 -2.6049e-08 -3.3284e-08 -4.1684e-08 -5.1335e-08 -6.2331e-08 -7.4769e-08 -8.8755e-08 -1.0440e-07 -1.2182e-07 -1.4114e-07 -1.6250e-07 -1.8603e-07 -2.1188e-07 -2.4022e-07 -2.7119e-07 -3.0497e-07 -3.4171e-07 -3.8159e-07 -4.2475e-07 -4.7133e-07 -5.2145e-07 -5.7518e-07 -6.3253e-07 -6.9344e-07 -7.5774e-07 -8.2513e-07 -8.9511e-07 -9.6696e-07 -1.0397e-06 -1.1118e-06 -1.1817e-06 -1.2470e-06 -1.3048e-06 -1.3519e-06 -1.3844e-06 -1.3981e-06 -1.3886e-06 -1.3520e-06 -1.2853e-06 -1.1873e-06 -1.0593e-06 -9.0643e-07 -7.3720e-07 -5.6371e-07 -3.9989e-07 -2.5885e-07 -1.4980e-07 -7.5550e-08 -3.2173e-08 -1.1118e-08 -2.9664e-09 -5.7379e-10 -7.4295e-11 -5.8176e-12 -2.4189e-13 -4.5168e-15 -3.0490e-17 -5.6083e-20 -1.9397e-23 -7.7263e-28 -1.8456e-33 -1.1010e-40 -5.0106e-50 -3.4400e-62 -3.8045e-78 -2.9903e-99 -2.0407e-127 -2.2301e-165 -4.2679e-217 -2.1437e-288 0.0000e+00 0.0000e+00 0.0000e+00 0.0000e+00 0.0000e+00 0.0000e+00 0.0000e+00 0.0000e+00 0.0000e+00 0.0000e+00 0.0000e+00 0.0000e+00 0.0000e+00 0.0000e+00 0.0000e+00 0.0000e+00 0.0000e+00 0.0000e+00 0.0000e+00 0.0000e+00 0.0000e+00 7.9774e-11 4.5171e-10 1.2468e-09 2.5652e-09 0.0000e+00 7.1146e-09 1.0504e-08 1.4738e-08 1.9894e-08 2.6049e-08 3.3284e-08 4.1684e-08 5.1335e-08 6.2331e-08 7.4769e-08 8.8755e-08 1.0440e-07 1.2182e-07 1.4114e-07 1.6250e-07 1.8603e-07 2.1188e-07 2.4022e-07 2.7119e-07 3.0497e-07 3.4171e-07 3.8159e-07 4.2475e-07 4.7133e-07 5.2145e-07 5.7518e-07 6.3253e-07 6.9344e-07 7.5774e-07 8.2513e-07 8.9511e-07 9.6696e-07 1.0397e-06 1.1118e-06 1.1817e-06 1.2470e-06 1.3048e-06 1.3519e-06 1.3844e-06 1.3981e-06 1.3886e-06 1.3520e-06 1.2853e-06 1.1873e-06 1.0593e-06 9.0643e-07 7.3720e-07 5.6371e-07 3.9989e-07 2.5885e-07 1.4979e-07 7.5550e-08 3.2173e-08 1.1118e-08 2.9664e-09 5.7378e-10 7.4295e-11 5.8176e-12 2.4189e-13 4.5167e-15 3.0490e-17 5.6082e-20 1.9396e-23 7.7261e-28 1.8455e-33 1.1010e-40 5.0103e-50 3.4397e-62 3.8042e-78 2.9899e-99 2.0404e-127 2.2296e-165 4.2666e-217 2.1429e-288 0.0000e+00 0.0000e+00 0.0000e+00 0.0000e+00 0.0000e+00 0.0000e+00 0.0000e+00 0.0000e+00 0.0000e+00 0.0000e+00 0.0000e+00 0.0000e+00 0.0000e+00 0.0000e+00 0.0000e+00 0.0000e+00 0.0000e+00 0.0000e+00 0.0000e+00 0.0000e+00 0.0000e+00
-1.2629e-10 -7.1508e-10 -1.9737e-09 -4.0608e-09 -7.1146e-09 2.2751e-07 -1.6628e-08 -2.3331e-08 -3.1493e-08 -4.1237e-08 -5.2691e-08 -6.5988e-08 -8.1266e-08 -9.8673e-08 -1.1836e-07 -1.4050e-07 -1.6527e-07 -1.9285e-07 -2.2343e-07 -2.5724e-07 -2.9449e-07 -3.3542e-07 -3.8028e-07 -4.2931e-07 -4.8278e-07 -5.4095e-07 -6.0408e-07 -6.7240e-07 -7.4615e-07 -8.2549e-07 -9.1054e-07 -1.0013e-06 -1.0978e-06 -1.1996e-06 -1.3062e-06 -1.4170e-06 -1.5308e-06 -1.6459e-06 -1.7601e-06 -1.8707e-06 -1.9740e-06 -2.0656e-06 -2.1402e-06 -2.1916e-06 -2.2132e-06 -2.1982e-06 -2.1403e-06 -2.0347e-06 -1.8795e-06 -1.6770e-06 -1.4349e-06 -1.1670e-06 -8.9240e-07 -6.3306e-07 -4.0978e-07 -2.3714e-07 -1.1960e-07 -5.0932e-08 -1.7601e-08 -4.6961e-09 -9.0835e-10 -1.1762e-10 -9.2099e-12 -3.8293e-13 -7.1505e-15 -4.8270e-17 -8.8787e-20 -3.0708e-23 -1.2232e-27 -2.9219e-33 -1.7432e-40 -7.9331e-50 -5.4466e-62 -6.0240e-78 -4.7351e-99 -3.2316e-127 -3.5320e-165 -6.7603e-217 -3.3963e-288 0.0000e+00 0.0000e+00 0.0000e+00 0.0000e+00 0.0000e+00 0.0000e+00 0.0000e+00 0.0000e+00 0.0000e+00 0.0000e+00 0.0000e+00 0.0000e+00 0.0000e+00 0.0000e+00 0.0000e+00 0.0000e+00 0.0000e+00 0.0000e+00 0.0000e+00 0.0000e+00 0.0000e+00 1.2629e-10 7.1508e-10 1.9737e-09 4.0608e-09 7.1146e-09 0.0000e+00 1.6628e-08 2.3331e-08 3.1493e-08 4.1237e-08 5.2691e-08 6.5988e-08 8.1266e-08 9.8673e-08 1.1836e-07 1.4050e-07 1.6527e-07 1.9285e-07 2.2343e-07 2.5724e-07 2.9449e-07 3.3542e-07 3.8028e-07 4.2931e-07 4.8278e-07 5.4095e-07 6.0408e-07 6.7240e-07 7.4615e-07 8.2549e-07 9.1054e-07 1.0013e-06 1.0978e-06 1.1996e-06 1.3062e-06 1.4170e-06 1.5308e-06 1.6459e-06 1.7601e-06 1.8707e-06 1.9740e-06 2.0656e-06 2.1402e-06 2.1916e-06 2.2132e-06 2.1982e-06 2.1403e-06 2.0347e-06 1.8795e-06 1.6770e-06 1.4349e-06 1.1670e-06 8.9239e-07 6.3305e-07 4.0978e-07 2.3713e-07 1.1960e-07 5.0932e-08 1.7601e-08 4.6960e-09 9.0834e-10 1.1761e-10 9.2096e-12 3.8292e-13 7.1502e-15 4.8267e-17 8.8781e-20 3.0705e-23 1.2231e-27 2.9216e-33 1.7429e-40 7.9317e-50 5.4453e-62 6.0222e-78 4.7333e-99 3.2300e-127 3.5296e-165 6.7544e-217 3.3923e-288 0.0000e+00 0.0000e+00 0.0000e+00 0.0000e+00 0.0000e+00 0.0000e+00 0.0000e+00 0.0000e+00 0.0000e+00 0.0000e+00 0.0000e+00 0.0000e+00 0.0000e+00 0.0000e+00 0.0000e+00 0.0000e+00 0.0000e+00 0.0000e+00 0.0000e+00 0.0000e+00 0.0000e+00
-1.8645e-10 -1.0557e-09 -2.9139e-09 -5.9953e-09 -1.0504e-08 -1.6628e-08 5.7735e-07 -3.4445e-08 -4.6495e-08 -6.0881e-08 -7.7792e-08 -9.7422e-08 -1.1998e-07 -1.4568e-07 -1.7475e-07 -2.0744e-07 -2.4400e-07 -2.8471e-07 -3.2987e-07 -3.7978e-07 -4.3478e-07 -4.9521e-07 -5.6143e-07 -6.3382e-07 -7.1276e-07 -7.9864e-07 -8.9184e-07 -9.9272e-07 -1.1016e-06 -1.2187e-06 -1.3443e-06 -1.4783e-06 -1.6207e-06 -1.7710e-06 -1.9285e-06 -2.0920e-06 -2.2600e-06 -2.4299e-06 -2.5986e-06 -2.7619e-06 -2.9144e-06 -3.0496e-06 -3.1597e-06 -3.2356e-06 -3.2676e-06 -3.2454e-06 -3.1598e-06 -3.0039e-06 -2.7748e-06 -2.4759e-06 -2.1185e-06 -1.7230e-06 -1.3175e-06 -9.3463e-07 -6.0499e-07 -3.5010e-07 -1.7658e-07 -7.5196e-08 -2.5986e-08 -6.9333e-09 -1.3411e-09 -1.7365e-10 -1.3598e-11 -5.6538e-13 -1.0557e-14 -7.1269e-17 -1.3109e-19 -4.5341e-23 -1.8062e-27 -4.3146e-33 -2.5741e-40 -1.1716e-49 -8.0441e-62 -8.8978e-78 -6.9950e-99 -4.7748e-127 -5.2198e-165 -9.9941e-217 -5.0232e-288 0.0000e+00 0.0000e+00 0.0000e+00 0.0000e+00 0.0000e+00 0.0000e+00 0.0000e+00 0.0000e+00 0.0000e+00 0.0000e+00 0.0000e+00 0.0000e+00 0.0000e+00 0.0000e+00 0.0000e+00 0.0000e+00 0.0000e+00 0.0000e+00 0.0000e+00 0.0000e+00 0.0000e+00 1.8645e-10 1.0557e-09 2.9139e-09 5.9953e-09 1.0504e-08 1.6628e-08 0.0000e+00 3.4445e-08 4.6495e-08 6.0881e-08 7.7792e-08 9.7422e-08 1.1998e-07 1.4568e-07 1.7475e-07 2.0744e-07 2.4400e-07 2.8471e-07 3.2987e-07 3.7978e-07 4.3478e-07 4.9521e-07 5.6143e-07 6.3382e-07 7.1276e-07 7.9864e-07 8.9184e-07 9.9272e-07 1.1016e-06 1.2187e-06 1.3443e-06 1.4783e-06 1.6207e-06 1.7710e-06 1.9285e-06 2.0920e-06 2.2600e-06 2.4299e-06 2.5986e-06 2.7619e-06 2.9144e-06 3.0496e-06 3.1597e-06 3.2356e-06 3.2675e-06 3.2454e-06 3.1598e-06 3.0039e-06 2.7748e-06 2.4759e-06 2.1185e-06 1.7230e-06 1.3175e-06 9.3462e-07 6.0498e-07 3.5010e-07 1.7657e-07 7.5194e-08 2.5986e-08 6.9331e-09 1.3410e-09 1.7364e-10 1.3597e-11 5.6533e-13 1.0556e-14 7.1260e-17 1.3107e-19 4.5333e-23 1.8057e-27 4.3134e-33 2.5732e-40 1.1710e-49 8.0393e-62 8.8910e-78 6.9881e-99 4.7687e-127 5.2111e-165 9.9719e-217 5.0083e-288 0.0000e+00 0.0000e+00 0.0000e+00 0.0000e+00 0.0000e+00 0.0000e+00 0.0000e+00 0.0000e+00 0.0000e+00 0.0000e+00 0.0000e+00 0.0000e+00 0.0000e+00 0.0000e+00 0.0000e+00 0.0000e+00 0.0000e+00 0.0000e+00 0.0000e+00 0.0000e+00 0.0000e+00
-2.6161e-10 -1.4813e-09 -4.0886e-09 -8.4120e-09 -1.4738e-08 -2.3331e-08 -3.4445e-08 1.2959e-06 -6.5238e-08 -8.5423e-08 -1.0915e-07 -1.3669e-07 -1.6834e-07 -2.0440e-07 -2.4519e-07 -2.9106e-07 -3.4236e-07 -3.9948e-07 -4.6284e-07 -5.3288e-07 -6.1005e-07 -6.9483e-07 -7.8775e-07 -8.8932e-07 -1.0001e-06 -1.1206e-06 -1.2514e-06 -1.3929e-06 -1.5457e-06 -1.7100e-06 -1.8862e-06 -2.0743e-06 -2.2740e-06 -2.4849e-06 -2.7059e-06 -2.9354e-06 -3.1710e-06 -3.4094e-06 -3.6461e-06 -3.8752e-06 -4.0892e-06 -4.2790e-06 -4.4335e-06 -4.5400e-06 -4.5847e-06 -4.5536e-06 -4.4336e-06 -4.2149e-06 -3.8934e-06 -3.4740e-06 -2.9725e-06 -2.4175e-06 -1.8486e-06 -1.3114e-06 -8.4889e-07 -4.9124e-07 -2.4776e-07 -1.0551e-07 -3.6463e-08 -9.7286e-09 -1.8818e-09 -2.4367e-10 -1.9081e-11 -7.9337e-13 -1.4815e-14 -1.0001e-16 -1.8397e-19 -6.3634e-23 -2.5350e-27 -6.0561e-33 -3.6135e-40 -1.6448e-49 -1.1295e-61 -1.2497e-77 -9.8268e-99 -6.7103e-127 -7.3393e-165 -1.4062e-216 -7.0742e-288 0.0000e+00 0.0000e+00 0.0000e+00 0.0000e+00 0.0000e+00 0.0000e+00 0.0000e+00 0.0000e+00 0.0000e+00 0.0000e+00 0.0000e+00 0.0000e+00 0.0000e+00 0.0000e+00 0.0000e+00 0.0000e+00 0.0000e+00 0.0000e+00 0.0000e+00 0.0000e+00 0.0000e+00 2.6161e-10 1.4813e-09 4.0886e-09 8.4120e-09 1.4738e-08 2.3331e-08 3.4445e-08 0.0000e+00 6.5238e-08 8.5423e-08 1.0915e-07 1.3669e-07 1.6834e-07 2.0440e-07 2.4519e-07 2.9106e-07 3.4236e-07 3.9948e-07 4.6284e-07 5.3288e-07 6.1005e-07 6.9483e-07 7.8775e-07 8.8932e-07 1.0001e-06 1.1206e-06 1.2514e-06 1.3929e-06 1.5457e-06 1.7100e-06 1.8862e-06 2.0743e-06 2.2740e-06 2.4849e-06 2.7059e-06 2.9354e-06 3.1710e-06 3.4094e-06 3.6461e-06 3.8752e-06 4.0892e-06 4.2790e-06 4.4334e-06 4.5400e-06 4.5847e-06 4.5536e-06 4.4336e-06 4.2148e-06 3.8934e-06 3.4739e-06 2.9725e-06 2.4175e-06 1.8486e-06 1.3114e-06 8.4886e-07 4.9123e-07 2.4775e-07 1.0551e-07 3.6461e-08 9.7278e-09 1.8816e-09 2.4364e-10 1.9078e-11 7.9323e-13 1.4812e-14 9.9986e-17 1.8391e-19 6.3607e-23 2.5336e-27 6.0521e-33 3.6105e-40 1.6430e-49 1.1280e-61 1.2475e-77 9.8050e-99 6.6910e-127 7.3117e-165 1.3992e-216 7.0273e-288 0.0000e+00 0.0000e+00 0.0000e+00 0.0000e+00 0.0000e+00 0.0000e+00 0.0000e+00 0.0000e+00 0.0000e+00 0.0000e+00 0.0000e+00 0.0000e+00 0.0000e+00 0.0000e+00 0.0000e+00 0.0000e+00 0.0000e+00 0.0000e+00 0.0000e+00 0.0000e+00 0.0000e+00
-3.5312e-10 -1.9995e-09 -5.5189e-09 -1.1355e-08 -1.9894e-08 -3.1493e-08 -4.6495e-08 -6.5238e-08 2.6490e-06 -1.1531e-07 -1.4733e-07 -1.8451e-07 -2.2723e-07 -2.7591e-07 -3.3097e-07 -3.9288e-07 -4.6212e-07 -5.3923e-07 -6.2476e-07 -7.1929e-07 -8.2345e-07 -9.3790e-07 -1.0633e-06 -1.2004e-06 -1.3499e-06 -1.5126e-06 -1.6891e-06 -1.8802e-06 -2.0864e-06 -2.3082e-06 -2.5460e-06 -2.7999e-06 -3.0695e-06 -3.3542e-06 -3.6525e-06 -3.9622e-06 -4.2803e-06 -4.6021e-06 -4.9216e-06 -5.2309e-06 -5.5198e-06 -5.7759e-06 -5.9844e-06 -6.1282e-06 -6.1886e-06 -6.1466e-06 -5.9846e-06 -5.6894e-06 -5.2555e-06 -4.6893e-06 -4.0124e-06 -3.2633e-06 -2.4954e-06 -1.7702e-06 -1.1459e-06 -6.6312e-07 -3.3445e-07 -1.4243e-07 -4.9222e-08 -1.3133e-08 -2.5404e-09 -3.2895e-10 -2.5760e-11 -1.0711e-12 -2.0002e-14 -1.3504e-16 -2.4842e-19 -8.5932e-23 -3.4237e-27 -8.1804e-33 -4.8818e-40 -2.2226e-49 -1.5268e-61 -1.6898e-77 -1.3295e-98 -9.0849e-127 -9.9457e-165 -1.9079e-216 -9.6151e-288 0.0000e+00 0.0000e+00 0.0000e+00 0.0000e+00 0.0000e+00 0.0000e+00 0.0000e+00 0.0000e+00 0.0000e+00 0.0000e+00 0.0000e+00 0.0000e+00 0.0000e+00 0.0000e+00 0.0000e+00 0.0000e+00 0.0000e+00 0.0000e+00 0.0000e+00 0.0000e+00 0.0000e+00 3.5312e-10 1.9995e-09 5.5189e-09 1.1355e-08 1.9894e-08 3.1493e-08 4.6495e-08 6.5238e-08 0.0000e+00 1.1531e-07 1.4733e-07 1.8451e-07 2.2723e-07 2.7591e-07 3.3097e-07 3.9288e-07 4.6212e-07 5.3923e-07 6.2476e-07 7.1929e-07 8.2345e-07 9.3790e-07 1.0633e-06 1.2004e-06 1.3499e-06 1.5126e-06 1.6891e-06 1.8802e-06 2.0864e-06 2.3082e-06 2.5460e-06 2.7999e-06 3.0695e-06 3.3542e-06 3.6525e-06 3.9622e-06 4.2803e-06 4.6021e-06 4.9216e-06 5.2308e-06 5.5198e-06 5.7759e-06 5.9844e-06 6.1282e-06 6.1886e-06 6.1466e-06 5.9845e-06 5.6893e-06 5.2554e-06 4.6892e-06 4.0123e-06 3.2632e-06 2.4953e-06 1.7701e-06 1.1458e-06 6.6307e-07 3.3442e-07 1.4241e-07 4.9215e-08 1.3131e-08 2.5399e-09 3.2887e-10 2.5752e-11 1.0707e-12 1.9993e-14 1.3496e-16 2.4825e-19 8.5858e-23 3.4200e-27 8.1693e-33 4.8735e-40 2.2178e-49 1.5226e-61 1.6839e-77 1.3235e-98 9.0317e-127 9.8695e-165 1.8886e-216 9.4856e-288 0.0000e+00 0.0000e+00 0.0000e+00 0.0000e+00 0.0000e+00 0.0000e+00 0.0000e+00 0.0000e+00 0.0000e+00 0.0000e+00 0.0000e+00 0.0000e+00 0.0000e+00 0.0000e+00 0.0000e+00 0.0000e+00 0.0000e+00 0.0000e+00 0.0000e+00 0.0000e+00 0.0000e+00
-4.6238e-10 -2.6182e-09 -7.2264e-09 -1.4868e-08 -2.6049e-08 -4.1237e-08 -6.0881e-08 -8.5423e-08 -1.1531e-07 5.0310e-06 -1.9292e-07 -2.4160e-07 -2.9754e-07 -3.6128e-07 -4.3337e-07 -5.1443e-07 -6.0511e-07 -7.0608e-07 -8.1807e-07 -9.4185e-07 -1.0782e-06 -1.2281e-06 -1.3923e-06 -1.5718e-06 -1.7676e-06 -1.9806e-06 -2.2117e-06 -2.4619e-06 -2.7319e-06 -3.0224e-06 -3.3338e-06 -3.6662e-06 -4.0193e-06 -4.3920e-06 -4.7826e-06 -5.1882e-06 -5.6047e-06 -6.0260e-06 -6.4444e-06 -6.8494e-06 -7.2277e-06 -7.5631e-06 -7.8361e-06 -8.0244e-06 -8.1035e-06 -8.0485e-06 -7.8364e-06 -7.4499e-06 -6.8817e-06 -6.1404e-06 -5.2541e-06 -4.2732e-06 -3.2676e-06 -2.3181e-06 -1.5005e-06 -8.6836e-07 -4.3797e-07 -1.8652e-07 -6.4460e-08 -1.7199e-08 -3.3270e-09 -4.3083e-10 -3.3739e-11 -1.4030e-12 -2.6202e-14 -1.7691e-16 -3.2549e-19 -1.1261e-22 -4.4873e-27 -1.0724e-32 -6.4021e-40 -2.9159e-49 -2.0041e-61 -2.2197e-77 -1.7479e-98 -1.1959e-126 -1.3113e-164 -2.5210e-216 -1.2743e-287 0.0000e+00 0.0000e+00 0.0000e+00 0.0000e+00 0.0000e+00 0.0000e+00 0.0000e+00 0.0000e+00 0.0000e+00 0.0000e+00 0.0000e+00 0.0000e+00 0.0000e+00 0.0000e+00 0.0000e+00 0.0000e+00 0.0000e+00 0.0000e+00 0.0000e+00 0.0000e+00 0.0000e+00 4.6238e-10 2.6182e-09 7.2264e-09 1.4868e-08 2.6049e-08 4.1237e-08 6.0881e-08 8.5423e-08 1.1531e-07 0.0000e+00 1.9292e-07 2.4160e-07 2.9754e-07 3.6128e-07 4.3337e-07 5.1443e-07 6.0511e-07 7.0608e-07 8.1807e-07 9.4185e-07 1.0782e-06 1.2281e-06 1.3923e-06 1.5718e-06 1.7676e-06 1.9806e-06 2.2117e-06 2.4619e-06 2.7319e-06 3.0224e-06 3.3338e-06 3.6662e-06 4.0193e-06 4.3920e-06 4.7826e-06 5.1882e-06 5.6046e-06 6.0260e-06 6.4444e-06 6.8493e-06 7.2276e-06 7.5630e-06 7.8360e-06 8.0243e-06 8.1034e-06 8.0484e-06 7.8362e-06 7.4496e-06 6.8815e-06 6.1401e-06 5.2538e-06 4.2729e-06 3.2674e-06 2.3178e-06 1.5003e-06 8.6823e-07 4.3789e-07 1.8648e-07 6.4443e-08 1.7194e-08 3.3257e-09 4.3062e-10 3.3720e-11 1.4020e-12 2.6179e-14 1.7672e-16 3.2506e-19 1.1242e-22 4.4781e-27 1.0697e-32 6.3814e-40 2.9040e-49 1.9937e-61 2.2049e-77 1.7330e-98 1.1826e-126 1.2923e-164 2.4730e-216 1.2420e-287 0.0000e+00 0.0000e+00 0.0000e+00 0.0000e+00 0.0000e+00 0.0000e+00 0.0000e+00 0.0000e+00 0.0000e+00 0.0000e+00 0.0000e+00 0.0000e+00 0.0000e+00 0.0000e+00 0.0000e+00 0.0000e+00 0.0000e+00 0.0000e+00 0.0000e+00 0.0000e+00 0.0000e+00
-5.9081e-10 -3.3454e-09 -9.2336e-09 -1.8998e-08 -3.3284e-08 -5.2691e-08 -7.7792e-08 -1.0915e-07 -1.4733e-07 -1.9292e-07 9.0049e-06 -3.0871e-07 -3.8019e-07 -4.6162e-07 -5.5374e-07 -6.5732e-07 -7.7318e-07 -9.0220e-07 -1.0453e-06 -1.2035e-06 -1.3777e-06 -1.5692e-06 -1.7791e-06 -2.0084e-06 -2.2586e-06 -2.5307e-06 -2.8261e-06 -3.1457e-06 -3.4907e-06 -3.8619e-06 -4.2598e-06 -4.6845e-06 -5.1357e-06 -5.6119e-06 -6.1110e-06 -6.6293e-06 -7.1614e-06 -7.6999e-06 -8.2345e-06 -8.7519e-06 -9.2353e-06 -9.6639e-06 -1.0013e-05 -1.0253e-05 -1.0355e-05 -1.0284e-05 -1.0013e-05 -9.5194e-06 -8.7935e-06 -7.8462e-06 -6.7137e-06 -5.4604e-06 -4.1755e-06 -2.9622e-06 -1.9175e-06 -1.1097e-06 -5.5970e-07 -2.3837e-07 -8.2382e-08 -2.1982e-08 -4.2524e-09 -5.5070e-10 -4.3130e-11 -1.7937e-12 -3.3503e-14 -2.2624e-16 -4.1633e-19 -1.4407e-22 -5.7430e-27 -1.3731e-32 -8.2012e-40 -3.7379e-49 -2.5713e-61 -2.8511e-77 -2.2485e-98 -1.5414e-126 -1.6947e-164 -3.2700e-216 -1.6611e-287 0.0000e+00 0.0000e+00 0.0000e+00 0.0000e+00 0.0000e+00 0.0000e+00 0.0000e+00 0.0000e+00 0.0000e+00 0.0000e+00 0.0000e+00 0.0000e+00 0.0000e+00 0.0000e+00 0.0000e+00 0.0000e+00 0.0000e+00 0.0000e+00 0.0000e+00 0.0000e+00 0.0000e+00 5.9081e-10 3.3454e-09 9.2336e-09 1.8998e-08 3.3284e-08 5.2691e-08 7.7792e-08 1.0915e-07 1.4733e-07 1.9292e-07 0.0000e+00 3.0871e-07 3.8019e-07 4.6162e-07 5.5374e-07 6.5732e-07 7.7318e-07 9.0220e-07 1.0453e-06 1.2035e-06 1.3777e-06 1.5692e-06 1.7791e-06 2.0084e-06 2.2586e-06 2.5307e-06 2.8261e-06 3.1457e-06 3.4907e-06 3.8619e-06 4.2598e-06 4.6845e-06 5.1356e-06 5.6119e-06 6.1110e-06 6.6293e-06 7.1614e-06 7.6998e-06 8.2344e-06 8.7518e-06 9.2352e-06 9.6637e-06 1.0013e-05 1.0253e-05 1.0354e-05 1.0284e-05 1.0013e-05 9.5188e-06 8.7928e-06 7.8455e-06 6.7131e-06 5.4597e-06 4.1749e-06 2.9616e-06 1.9171e-06 1.1094e-06 5.5952e-07 2.3827e-07 8.2343e-08 2.1969e-08 4.2495e-09 5.5023e-10 4.3085e-11 1.7914e-12 3.3451e-14 2.2581e-16 4.1535e-19 1.4365e-22 5.7220e-27 1.3668e-32 8.1539e-40 3.7107e-49 2.5475e-61 2.8174e-77 2.2144e-98 1.5111e-126 1.6513e-164 3.1599e-216 1.5870e-287 0.0000e+00 0.0000e+00 0.0000e+00 0.0000e+00 0.0000e+00 0.0000e+00 0.0000e+00 0.0000e+00 0.0000e+00 0.0000e+00 0.0000e+00 0.0000e+00 0.0000e+00 0.0000e+00 0.0000e+00 0.0000e+00 0.0000e+00 0.0000e+00 0.0000e+00 0.0000e+00 0.0000e+00
-7.3990e-10 -4.1896e-09 -1.1564e-08 -2.3792e-08 -4.1684e-08 -6.5988e-08 -9.7422e-08 -1.3669e-07 -1.8451e-07 -2.4160e-07 -3.0871e-07 1.5350e-05 -4.7613e-07 -5.7811e-07 -6.9348e-07 -8.2320e-07 -9.6830e-07 -1.1299e-06 -1.3091e-06 -1.5071e-06 -1.7254e-06 -1.9652e-06 -2.2280e-06 -2.5153e-06 -2.8286e-06 -3.1694e-06 -3.5392e-06 -3.9395e-06 -4.3716e-06 -4.8365e-06 -5.3348e-06 -5.8667e-06 -6.4317e-06 -7.0281e-06 -7.6531e-06 -8.3022e-06 -8.9687e-06 -9.6430e-06 -1.0312e-05 -1.0961e-05 -1.1566e-05 -1.2103e-05 -1.2540e-05 -1.2841e-05 -1.2968e-05 -1.2880e-05 -1.2541e-05 -1.1922e-05 -1.1013e-05 -9.8268e-06 -8.4086e-06 -6.8389e-06 -5.2298e-06 -3.7101e-06 -2.4017e-06 -1.3900e-06 -7.0110e-07 -2.9860e-07 -1.0320e-07 -2.7540e-08 -5.3281e-09 -6.9008e-10 -5.4053e-11 -2.2483e-12 -4.2004e-14 -2.8372e-16 -5.2227e-19 -1.8080e-22 -7.2109e-27 -1.7252e-32 -1.0313e-39 -4.7052e-49 -3.2412e-61 -3.6004e-77 -2.8462e-98 -1.9573e-126 -2.1610e-164 -4.1933e-216 -2.1464e-287 0.0000e+00 0.0000e+00 0.0000e+00 0.0000e+00 0.0000e+00 0.0000e+00 0.0000e+00 0.0000e+00 0.0000e+00 0.0000e+00 0.0000e+00 0.0000e+00 0.0000e+00 0.0000e+00 0.0000e+00 0.0000e+00 0.0000e+00 0.0000e+00 0.0000e+00 0.0000e+00 0.0000e+00 7.3990e-10 4.1896e-09 1.1564e-08 2.3792e-08 4.1684e-08 6.5988e-08 9.7422e-08 1.3669e-07 1.8451e-07 2.4160e-07 3.0871e-07 0.0000e+00 4.7613e-07 5.7811e-07 6.9348e-07 8.2320e-07 9.6830e-07 1.1299e-06 1.3091e-06 1.5071e-06 1.7254e-06 1.9652e-06 2.2280e-06 2.5153e-06 2.8286e-06 3.1694e-06 3.5392e-06 3.9395e-06 4.3716e-06 4.8365e-06 5.3348e-06 5.8667e-06 6.4316e-06 7.0281e-06 7.6531e-06 8.3022e-06 8.9686e-06 9.6429e-06 1.0312e-05 1.0960e-05 1.1566e-05 1.2102e-05 1.2539e-05 1.2840e-05 1.2967e-05 1.2879e-05 1.2540e-05 1.1921e-05 1.1012e-05 9.8254e-06 8.4071e-06 6.8375e-06 5.2284e-06 3.7090e-06 2.4008e-06 1.3893e-06 7.0072e-07 2.9840e-07 1.0312e-07 2.7513e-08 5.3218e-09 6.8908e-10 5.3958e-11 2.2435e-12 4.1892e-14 2.8279e-16 5.2016e-19 1.7990e-22 7.1659e-27 1.7117e-32 1.0212e-39 4.6470e-49 3.1903e-61 3.5283e-77 2.7732e-98 1.8924e-126 2.0679e-164 3.9572e-216 1.9874e-287 0.0000e+00 0.0000e+00 0.0000e+00 0.0000e+00 0.0000e+00 0.0000e+00 0.0000e+00 0.0000e+00 0.0000e+00 0.0000e+00 0.0000e+00 0.0000e+00 0.0000e+00 0.0000e+00 0.0000e+00 0.0000e+00 0.0000e+00 0.0000e+00 0.0000e+00 0.0000e+00 0.0000e+00
-9.1122e-10 -5.1596e-09 -1.4241e-08 -2.9300e-08 -5.1335e-08 -8.1266e-08 -1.1998e-07 -1.6834e-07 -2.2723e-07 -2.9754e-07 -3.8019e-07 -4.7613e-07 2.5121e-05 -7.1197e-07 -8.5405e-07 -1.0138e-06 -1.1925e-06 -1.3915e-06 -1.6122e-06 -1.8561e-06 -2.1249e-06 -2.4202e-06 -2.7439e-06 -3.0976e-06 -3.4835e-06 -3.9032e-06 -4.3587e-06 -4.8517e-06 -5.3838e-06 -5.9563e-06 -6.5700e-06 -7.2251e-06 -7.9208e-06 -8.6554e-06 -9.4252e-06 -1.0225e-05 -1.1045e-05 -1.1876e-05 -1.2700e-05 -1.3498e-05 -1.4244e-05 -1.4905e-05 -1.5443e-05 -1.5815e-05 -1.5971e-05 -1.5863e-05 -1.5445e-05 -1.4683e-05 -1.3564e-05 -1.2103e-05 -1.0357e-05 -8.4235e-06 -6.4417e-06 -4.5700e-06 -2.9585e-06 -1.7123e-06 -8.6373e-07 -3.6789e-07 -1.2717e-07 -3.3938e-08 -6.5667e-09 -8.5063e-10 -6.6643e-11 -2.7727e-12 -5.1816e-14 -3.5014e-16 -6.4484e-19 -2.2338e-22 -8.9157e-27 -2.1352e-32 -1.2780e-39 -5.8403e-49 -4.0316e-61 -4.4907e-77 -3.5629e-98 -2.4618e-126 -2.7351e-164 -5.3520e-216 -2.7704e-287 0.0000e+00 0.0000e+00 0.0000e+00 0.0000e+00 0.0000e+00 0.0000e+00 0.0000e+00 0.0000e+00 0.0000e+00 0.0000e+00 0.0000e+00 0.0000e+00 0.0000e+00 0.0000e+00 0.0000e+00 0.0000e+00 0.0000e+00 0.0000e+00 0.0000e+00 0.0000e+00 0.0000e+00 9.1122e-10 5.1596e-09 1.4241e-08 2.9300e-08 5.1335e-08 8.1266e-08 1.1998e-07 1.6834e-07 2.2723e-07 2.9754e-07 3.8019e-07 4.7613e-07 0.0000e+00 7.1197e-07 8.5405e-07 1.0138e-06 1.1925e-06 1.3915e-06 1.6122e-06 1.8561e-06 2.1249e-06 2.4202e-06 2.7439e-06 3.0976e-06 3.4835e-06 3.9032e-06 4.3587e-06 4.8517e-06 5.3838e-06 5.9563e-06 6.5699e-06 7.2250e-06 7.9208e-06 8.6553e-06 9.4250e-06 1.0224e-05 1.1045e-05 1.1875e-05 1.2700e-05 1.3498e-05 1.4243e-05 1.4904e-05 1.5442e-05 1.5813e-05 1.5969e-05 1.5861e-05 1.5443e-05 1.4681e-05 1.3561e-05 1.2100e-05 1.0354e-05 8.4206e-06 6.4390e-06 4.5677e-06 2.9567e-06 1.7110e-06 8.6296e-07 3.6749e-07 1.2700e-07 3.3884e-08 6.5540e-09 8.4863e-10 6.6451e-11 2.7629e-12 5.1592e-14 3.4827e-16 6.4059e-19 2.2155e-22 8.8251e-27 2.1080e-32 1.2576e-39 5.7230e-49 3.9290e-61 4.3452e-77 3.4152e-98 2.3305e-126 2.5466e-164 4.8731e-216 2.4473e-287 0.0000e+00 0.0000e+00 0.0000e+00 0.0000e+00 0.0000e+00 0.0000e+00 0.0000e+00 0.0000e+00 0.0000e+00 0.0000e+00 0.0000e+00 0.0000e+00 0.0000e+00 0.0000e+00 0.0000e+00 0.0000e+00 0.0000e+00 0.0000e+00 0.0000e+00 0.0000e+00 0.0000e+00
-1.1064e-09 -6.2648e-09 -1.7292e-08 -3.5576e-08 -6.2331e-08 -9.8673e-08 -1.4568e-07 -2.0440e-07 -2.7591e-07 -3.6128e-07 -4.6162e-07 -5.7811e-07 -7.1197e-07 3.9713e-05 -1.0370e-06 -1.2310e-06 -1.4479e-06 -1.6895e-06 -1.9575e-06 -2.2537e-06 -2.5800e-06 -2.9386e-06 -3.3316e-06 -3.7612e-06 -4.2296e-06 -4.7392e-06 -5.2923e-06 -5.8909e-06 -6.5370e-06 -7.2321e-06 -7.9773e-06 -8.7727e-06 -9.6175e-06 -1.0509e-05 -1.1444e-05 -1.2415e-05 -1.3411e-05 -1.4420e-05 -1.5421e-05 -1.6390e-05 -1.7296e-05 -1.8098e-05 -1.8752e-05 -1.9203e-05 -1.9393e-05 -1.9262e-05 -1.8755e-05 -1.7830e-05 -1.6471e-05 -1.4698e-05 -1.2577e-05 -1.0230e-05 -7.8234e-06 -5.5506e-06 -3.5935e-06 -2.0799e-06 -1.0493e-06 -4.4697e-07 -1.5452e-07 -4.1245e-08 -7.9823e-09 -1.0343e-09 -8.1054e-11 -3.3735e-12 -6.3074e-14 -4.2646e-16 -7.8597e-19 -2.7251e-22 -1.0890e-26 -2.6117e-32 -1.5661e-39 -7.1745e-49 -4.9680e-61 -5.5561e-77 -4.4313e-98 -3.0829e-126 -3.4563e-164 -6.8440e-216 -3.5987e-287 0.0000e+00 0.0000e+00 0.0000e+00 0.0000e+00 0.0000e+00 0.0000e+00 0.0000e+00 0.0000e+00 0.0000e+00 0.0000e+00 0.0000e+00 0.0000e+00 0.0000e+00 0.0000e+00 0.0000e+00 0.0000e+00 0.0000e+00 0.0000e+00 0.0000e+00 0.0000e+00 0.0000e+00 1.1064e-09 6.2648e-09 1.7292e-08 3.5576e-08 6.2331e-08 9.8673e-08 1.4568e-07 2.0440e-07 2.7591e-07 3.6128e-07 4.6162e-07 5.7811e-07 7.1197e-07 0.0000e+00 1.0370e-06 1.2310e-06 1.4479e-06 1.6895e-06 1.9575e-06 2.2537e-06 2.5800e-06 2.9386e-06 3.3316e-06 3.7612e-06 4.2296e-06 4.7392e-06 5.2923e-06 5.8909e-06 6.5370e-06 7.2321e-06 7.9772e-06 8.7726e-06 9.6174e-06 1.0509e-05 1.1444e-05 1.2414e-05 1.3411e-05 1.4419e-05 1.5420e-05 1.6389e-05 1.7294e-05 1.8097e-05 1.8750e-05 1.9201e-05 1.9390e-05 1.9258e-05 1.8751e-05 1.7826e-05 1.6466e-05 1.4692e-05 1.2571e-05 1.0224e-05 7.8182e-06 5.5461e-06 3.5900e-06 2.0775e-06 1.0478e-06 4.4621e-07 1.5420e-07 4.1141e-08 7.9579e-09 1.0304e-09 8.0685e-11 3.3548e-12 6.2642e-14 4.2287e-16 7.7780e-19 2.6901e-22 1.0715e-26 2.5596e-32 1.5269e-39 6.9488e-49 4.7705e-61 5.2759e-77 4.1466e-98 2.8296e-126 3.0919e-164 5.9160e-216 2.9707e-287 0.0000e+00 0.0000e+00 0.0000e+00 0.0000e+00 0.0000e+00 0.0000e+00 0.0000e+00 0.0000e+00 0.0000e+00 0.0000e+00 0.0000e+00 0.0000e+00 0.0000e+00 0.0000e+00 0.0000e+00 0.0000e+00 0.0000e+00 0.0000e+00 0.0000e+00 0.0000e+00 0.0000e+00
-1.3272e-09 -7.5150e-09 -2.0742e-08 -4.2676e-08 -7.4769e-08 -1.1836e-07 -1.7475e-07 -2.4519e-07 -3.3097e-07 -4.3337e-07 -5.5374e-07 -6.9348e-07 -8.5405e-07 -1.0370e-06 6.0947e-05 -1.4766e-06 -1.7369e-06 -2.0267e-06 -2.3481e-06 -2.7034e-06 -3.0949e-06 -3.5251e-06 -3.9964e-06 -4.5117e-06 -5.0737e-06 -5.6850e-06 -6.3484e-06 -7.0665e-06 -7.8415e-06 -8.6754e-06 -9.5692e-06 -1.0523e-05 -1.1537e-05 -1.2607e-05 -1.3728e-05 -1.4892e-05 -1.6088e-05 -1.7298e-05 -1.8499e-05 -1.9662e-05 -2.0748e-05 -2.1711e-05 -2.2495e-05 -2.3037e-05 -2.3265e-05 -2.3108e-05 -2.2500e-05 -2.1391e-05 -1.9762e-05 -1.7634e-05 -1.5091e-05 -1.2275e-05 -9.3880e-06 -6.6611e-06 -4.3129e-06 -2.4966e-06 -1.2596e-06 -5.3666e-07 -1.8556e-07 -4.9543e-08 -9.5909e-09 -1.2431e-09 -9.7466e-11 -4.0588e-12 -7.5938e-14 -5.1386e-16 -9.4807e-19 -3.2915e-22 -1.3175e-26 -3.1665e-32 -1.9039e-39 -8.7521e-49 -6.0873e-61 -6.8467e-77 -5.5010e-98 -3.8638e-126 -4.3859e-164 -8.8258e-216 -4.7386e-287 0.0000e+00 0.0000e+00 0.0000e+00 0.0000e+00 0.0000e+00 0.0000e+00 0.0000e+00 0.0000e+00 0.0000e+00 0.0000e+00 0.0000e+00 0.0000e+00 0.0000e+00 0.0000e+00 0.0000e+00 0.0000e+00 0.0000e+00 0.0000e+00 0.0000e+00 0.0000e+00 0.0000e+00 1.3272e-09 7.5150e-09 2.0742e-08 4.2676e-08 7.4769e-08 1.1836e-07 1.7475e-07 2.4519e-07 3.3097e-07 4.3337e-07 5.5374e-07 6.9348e-07 8.5405e-07 1.0370e-06 0.0000e+00 1.4766e-06 1.7369e-06 2.0267e-06 2.3481e-06 2.7034e-06 3.0949e-06 3.5251e-06 3.9964e-06 4.5117e-06 5.0737e-06 5.6850e-06 6.3484e-06 7.0665e-06 7.8415e-06 8.6753e-06 9.5691e-06 1.0523e-05 1.1537e-05 1.2606e-05 1.3728e-05 1.4892e-05 1.6087e-05 1.7297e-05 1.8497e-05 1.9660e-05 2.0746e-05 2.1708e-05 2.2492e-05 2.3032e-05 2.3259e-05 2.3101e-05 2.2493e-05 2.1383e-05 1.9752e-05 1.7624e-05 1.5080e-05 1.2265e-05 9.3784e-06 6.6529e-06 4.3065e-06 2.4921e-06 1.2569e-06 5.3525e-07 1.8497e-07 4.9352e-08 9.5459e-09 1.2360e-09 9.6786e-11 4.0242e-12 7.5143e-14 5.0725e-16 9.3302e-19 3.2269e-22 1.2854e-26 3.0704e-32 1.8316e-39 8.3354e-49 5.7224e-61 6.3285e-77 4.9738e-98 3.3938e-126 3.7082e-164 7.0942e-216 3.5614e-287 0.0000e+00 0.0000e+00 0.0000e+00 0.0000e+00 0.0000e+00 0.0000e+00 0.0000e+00 0.0000e+00 0.0000e+00 0.0000e+00 0.0000e+00 0.0000e+00 0.0000e+00 0.0000e+00 0.0000e+00 0.0000e+00 0.0000e+00 0.0000e+00 0.0000e+00 0.0000e+00 0.0000e+00
-1.5754e-09 -8.9207e-09 -2.4622e-08 -5.0659e-08 -8.8755e-08 -1.4050e-07 -2.0744e-07 -2.9106e-07 -3.9288e-07 -5.1443e-07 -6.5732e-07 -8.2320e-07 -1.0138e-06 -1.2310e-06 -1.4766e-06 9.1164e-05 -2.0617e-06 -2.4058e-06 -2.7873e-06 -3.2091e-06 -3.6738e-06 -4.1844e-06 -4.7440e-06 -5.3557e-06 -6.0227e-06 -6.7484e-06 -7.5359e-06 -8.3883e-06 -9.3084e-06 -1.0298e-05 -1.1359e-05 -1.2492e-05 -1.3695e-05 -1.4965e-05 -1.6296e-05 -1.7678e-05 -1.9098e-05 -2.0534e-05 -2.1960e-05 -2.3340e-05 -2.4630e-05 -2.5774e-05 -2.6705e-05 -2.7348e-05 -2.7620e-05 -2.7434e-05 -2.6713e-05 -2.5398e-05 -2.3464e-05 -2.0939e-05 -1.7920e-05 -1.4577e-05 -1.1150e-05 -7.9119e-06 -5.1234e-06 -2.9662e-06 -1.4969e-06 -6.3787e-07 -2.2062e-07 -5.8922e-08 -1.1411e-08 -1.4798e-09 -1.1610e-10 -4.8385e-12 -9.0611e-14 -6.1389e-16 -1.1343e-18 -3.9454e-22 -1.5829e-26 -3.8158e-32 -2.3030e-39 -1.0637e-48 -7.4436e-61 -8.4379e-77 -6.8476e-98 -4.8715e-126 -5.6209e-164 -1.1549e-215 -6.3662e-287 0.0000e+00 0.0000e+00 0.0000e+00 0.0000e+00 0.0000e+00 0.0000e+00 0.0000e+00 0.0000e+00 0.0000e+00 0.0000e+00 0.0000e+00 0.0000e+00 0.0000e+00 0.0000e+00 0.0000e+00 0.0000e+00 0.0000e+00 0.0000e+00 0.0000e+00 0.0000e+00 0.0000e+00 1.5754e-09 8.9207e-09 2.4622e-08 5.0659e-08 8.8755e-08 1.4050e-07 2.0744e-07 2.9106e-07 3.9288e-07 5.1443e-07 6.5732e-07 8.2320e-07 1.0138e-06 1.2310e-06 1.4766e-06 0.0000e+00 2.0617e-06 2.4058e-06 2.7873e-06 3.2091e-06 3.6738e-06 4.1844e-06 4.7440e-06 5.3557e-06 6.0227e-06 6.7484e-06 7.5359e-06 8.3883e-06 9.3082e-06 1.0298e-05 1.1359e-05 1.2492e-05 1.3695e-05 1.4964e-05 1.6295e-05 1.7677e-05 1.9096e-05 2.0532e-05 2.1957e-05 2.3337e-05 2.4626e-05 2.5769e-05 2.6699e-05 2.7341e-05 2.7610e-05 2.7423e-05 2.6700e-05 2.5383e-05 2.3447e-05 2.0921e-05 1.7901e-05 1.4559e-05 1.1133e-05 7.8973e-06 5.1120e-06 2.9583e-06 1.4920e-06 6.3537e-07 2.1957e-07 5.8583e-08 1.1332e-08 1.4672e-09 1.1489e-10 4.7770e-12 8.9199e-14 6.0213e-16 1.1075e-18 3.8305e-22 1.5258e-26 3.6446e-32 2.1742e-39 9.8942e-49 6.7924e-61 7.5116e-77 5.9033e-98 4.0277e-126 4.4000e-164 8.4150e-216 4.2220e-287 0.0000e+00 0.0000e+00 0.0000e+00 0.0000e+00 0.0000e+00 0.0000e+00 0.0000e+00 0.0000e+00 0.0000e+00 0.0000e+00 0.0000e+00 0.0000e+00 0.0000e+00 0.0000e+00 0.0000e+00 0.0000e+00 0.0000e+00 0.0000e+00 0.0000e+00 0.0000e+00 0.0000e+00
-1.8531e-09 -1.0493e-08 -2.8962e-08 -5.9588e-08 -1.0440e-07 -1.6527e-07 -2.4400e-07 -3.4236e-07 -4.6212e-07 -6.0511e-07 -7.7318e-07 -9.6830e-07 -1.1925e-06 -1.4479e-06 -1.7369e-06 -2.0617e-06 1.3334e-04 -2.8298e-06 -3.2786e-06 -3.7747e-06 -4.3214e-06 -4.9220e-06 -5.5802e-06 -6.2997e-06 -7.0843e-06 -7.9379e-06 -8.8642e-06 -9.8669e-06 -1.0949e-05 -1.2113e-05 -1.3362e-05 -1.4694e-05 -1.6109e-05 -1.7603e-05 -1.9169e-05 -2.0795e-05 -2.2465e-05 -2.4154e-05 -2.5832e-05 -2.7456e-05 -2.8973e-05 -3.0319e-05 -3.1416e-05 -3.2173e-05 -3.2493e-05 -3.2276e-05 -3.1429e-05 -2.9883e-05 -2.7609e-05 -2.4640e-05 -2.1088e-05 -1.7157e-05 -1.3124e-05 -9.3144e-06 -6.0326e-06 -3.4934e-06 -1.7633e-06 -7.5166e-07 -2.6008e-07 -6.9493e-08 -1.3466e-08 -1.7475e-09 -1.3722e-10 -5.7248e-12 -1.0735e-13 -7.2851e-16 -1.3489e-18 -4.7038e-22 -1.8933e-26 -4.5825e-32 -2.7798e-39 -1.2923e-48 -9.1173e-61 -1.0442e-76 -8.5858e-98 -6.2096e-126 -7.3144e-164 -1.5420e-215 -8.7738e-287 0.0000e+00 0.0000e+00 0.0000e+00 0.0000e+00 0.0000e+00 0.0000e+00 0.0000e+00 0.0000e+00 0.0000e+00 0.0000e+00 0.0000e+00 0.0000e+00 0.0000e+00 0.0000e+00 0.0000e+00 0.0000e+00 0.0000e+00 0.0000e+00 0.0000e+00 0.0000e+00 0.0000e+00 1.8531e-09 1.0493e-08 2.8962e-08 5.9588e-08 1.0440e-07 1.6527e-07 2.4400e-07 3.4236e-07 4.6212e-07 6.0511e-07 7.7318e-07 9.6830e-07 1.1925e-06 1.4479e-06 1.7369e-06 2.0617e-06 0.0000e+00 2.8298e-06 3.2786e-06 3.7747e-06 4.3214e-06 4.9220e-06 5.5801e-06 6.2996e-06 7.0843e-06 7.9378e-06 8.8641e-06 9.8668e-06 1.0949e-05 1.2113e-05 1.3361e-05 1.4693e-05 1.6108e-05 1.7602e-05 1.9168e-05 2.0793e-05 2.2462e-05 2.4151e-05 2.5828e-05 2.7451e-05 2.8967e-05 3.0311e-05 3.1405e-05 3.2160e-05 3.2477e-05 3.2256e-05 3.1406e-05 2.9856e-05 2.7579e-05 2.4608e-05 2.1056e-05 1.7125e-05 1.3095e-05 9.2893e-06 6.0130e-06 3.4797e-06 1.7550e-06 7.4736e-07 2.5827e-07 6.8909e-08 1.3329e-08 1.7258e-09 1.3514e-10 5.6189e-12 1.0492e-13 7.0826e-16 1.3027e-18 4.5056e-22 1.7947e-26 4.2869e-32 2.5573e-39 1.1637e-48 7.9888e-61 8.8340e-77 6.9417e-98 4.7352e-126 5.1710e-164 9.8831e-216 4.9523e-287 0.0000e+00 0.0000e+00 0.0000e+00 0.0000e+00 0.0000e+00 0.0000e+00 0.0000e+00 0.0000e+00 0.0000e+00 0.0000e+00 0.0000e+00 0.0000e+00 0.0000e+00 0.0000e+00 0.0000e+00 0.0000e+00 0.0000e+00 0.0000e+00 0.0000e+00 0.0000e+00 0.0000e+00
