2.4671e-04 -3.8094e-05 -4.1605e-05 -4.0909e-05 -3.7176e-05 -3.1582e-05 -2.5226e-05 -1.9005e-05 -1.3526e-05 -9.1020e-06 -5.7921e-06 -3.4847e-06 -1.9810e-06 -1.0632e-06 -5.3818e-07 -2.5658e-07 -1.1505e-07 -4.8434e-08 -1.9108e-08 -7.0502e-09 -2.4272e-09 -7.7774e-10 -2.3134e-10 -6.3686e-11 -1.6176e-11 -3.7778e-12 -8.0824e-13 -1.5778e-13 -2.7982e-14 -4.4880e-15 -6.4768e-16 -8.3651e-17 -9.6129e-18 -9.7673e-19 -8.7151e-20 -6.7789e-21 -4.5600e-22 -2.6300e-23 -1.2884e-24 -5.3074e-26 -1.8181e-27 -5.1179e-29 -1.1684e-30 -2.1330e-32 -3.0655e-34 -3.4101e-36 -2.8821e-38 -1.8133e-40 -8.3053e-43 -2.7019e-45 -6.0759e-48 -9.1666e-51 -8.9757e-54 -5.4987e-57 -2.0235e-60 -4.2745e-64 -4.9279e-68 -2.9300e-72 -8.4329e-77 -1.0941e-81 -5.9058e-87 -1.2112e-92 -8.5156e-99 -1.8260e-105 -1.0450e-112 -1.3699e-120 -3.4513e-129 -1.3644e-138 -6.6919e-149 -3.0979e-160 -9.8315e-173 -1.4687e-186 -6.6226e-202 -5.3154e-219 -4.0371e-238 -1.3560e-259 -8.0062e-284 -2.6908e-311 0.0000e+00 0.0000e+00 0.0000e+00 0.0000e+00 0.0000e+00 0.0000e+00 0.0000e+00 0.0000e+00 0.0000e+00 0.0000e+00 0.0000e+00 0.0000e+00 0.0000e+00 0.0000e+00 0.0000e+00 0.0000e+00 0.0000e+00 0.0000e+00 0.0000e+00 0.0000e+00 0.0000e+00 0.0000e+00 0.0000e+00 3.7916e-05 4.1170e-05 4.0152e-05 3.6110e-05 3.0289e-05 2.3835e-05 1.7652e-05 1.2323e-05 8.1171e-06 5.0456e-06 2.9592e-06 1.6367e-06 8.5300e-07 4.1847e-07 1.9301e-07 8.3576e-08 3.3918e-08 1.2878e-08 4.5647e-09 1.5072e-09 4.6245e-10 1.3150e-10 3.4551e-11 8.3623e-12 1.8579e-12 3.7752e-13 6.9877e-14 1.1731e-14 1.7778e-15 2.4199e-16 2.9425e-17 3.1772e-18 3.0270e-19 2.5271e-20 1.8349e-21 1.1494e-22 6.1563e-24 2.7928e-25 1.0619e-26 3.3462e-28 8.6307e-30 1.7977e-31 2.9792e-33 3.8654e-35 3.8568e-37 2.9017e-39 1.6106e-41 6.4377e-44 1.8032e-46 3.4323e-49 4.2854e-52 3.3668e-55 1.5812e-58 4.1431e-62 5.4104e-66 2.6071e-70 -4.7955e-75 -6.8603e-79 -1.5554e-83 -1.1745e-88 -3.0476e-94 -2.5588e-100 -6.3100e-107 -4.0435e-114 -5.8183e-122 -1.5840e-130 -6.6823e-140 -3.4612e-150 -1.6772e-161 -5.5287e-174 -8.5210e-188 -3.9401e-203 -3.2250e-220 -2.4852e-239 -8.4288e-261 -5.0023e-285 -1.6825e-312 0.0000e+00 0.0000e+00 0.0000e+00 0.0000e+00 0.0000e+00 0.0000e+00 0.0000e+00 0.0000e+00 0.0000e+00 0.0000e+00 0.0000e+00 0.0000e+00 0.0000e+00 0.0000e+00 0.0000e+00 0.0000e+00 0.0000e+00 0.0000e+00 0.0000e+00 0.0000e+00 0.0000e+00 0.0000e+00
-3.8094e-05 9.8709e-04 -5.6473e-05 -5.6848e-05 -5.3202e-05 -4.6795e-05 -3.8884e-05 -3.0601e-05 -2.2833e-05 -1.6156e-05 -1.0837e-05 -6.8867e-06 -4.1418e-06 -2.3546e-06 -1.2637e-06 -6.3921e-07 -3.0425e-07 -1.3602e-07 -5.7003e-08 -2.2345e-08 -8.1738e-09 -2.7833e-09 -8.7984e-10 -2.5745e-10 -6.9515e-11 -1.7262e-11 -3.9274e-12 -8.1558e-13 -1.5393e-13 -2.6282e-14 -4.0398e-15 -5.5604e-16 -6.8140e-17 -7.3884e-18 -7.0409e-19 -5.8544e-20 -4.2140e-21 -2.6035e-22 -1.3679e-23 -6.0511e-25 -2.2291e-26 -6.7579e-28 -1.6644e-29 -3.2833e-31 -5.1087e-33 -6.1650e-35 -5.6646e-37 -3.8836e-39 -1.9430e-41 -6.9230e-44 -1.7099e-46 -2.8419e-49 -3.0754e-52 -2.0894e-55 -8.5582e-59 -2.0203e-62 -2.6138e-66 -1.7520e-70 -5.7126e-75 -8.4409e-80 -5.2183e-85 -1.2333e-90 -1.0058e-96 -2.5200e-103 -1.6981e-110 -2.6436e-118 -7.9820e-127 -3.8201e-136 -2.2934e-146 -1.3154e-157 -5.2416e-170 -9.9773e-184 -5.8269e-199 -6.1680e-216 -6.3048e-235 -2.9155e-256 -2.4312e-280 -1.1878e-307 0.0000e+00 0.0000e+00 0.0000e+00 0.0000e+00 0.0000e+00 0.0000e+00 0.0000e+00 0.0000e+00 0.0000e+00 0.0000e+00 0.0000e+00 0.0000e+00 0.0000e+00 0.0000e+00 0.0000e+00 0.0000e+00 0.0000e+00 0.0000e+00 0.0000e+00 0.0000e+00 0.0000e+00 0.0000e+00 3.7916e-05 0.0000e+00 5.4170e-05 5.2829e-05 4.7506e-05 3.9843e-05 3.1346e-05 2.3205e-05 1.6191e-05 1.0656e-05 6.6164e-06 3.8747e-06 2.1388e-06 1.1118e-06 5.4368e-07 2.4973e-07 1.0758e-07 4.3379e-08 1.6339e-08 5.7354e-09 1.8713e-09 5.6580e-10 1.5803e-10 4.0623e-11 9.5716e-12 2.0576e-12 4.0138e-13 7.0614e-14 1.1120e-14 1.5527e-15 1.8992e-16 1.9989e-17 1.7592e-18 1.2223e-19 5.6756e-21 1.8168e-23 -2.8506e-23 -3.4407e-24 -2.6112e-25 -1.4782e-26 -6.5258e-28 -2.2750e-29 -6.2627e-31 -1.3527e-32 -2.2687e-34 -2.9147e-36 -2.8228e-38 -2.0232e-40 -1.0509e-42 -3.8648e-45 -9.8027e-48 -1.6657e-50 -1.8357e-53 -1.2657e-56 -5.2447e-60 -1.2490e-63 -1.6259e-67 -1.0940e-71 -3.5726e-76 -5.2762e-81 -3.2538e-86 -7.6568e-92 -6.2069e-98 -1.5430e-104 -1.0300e-111 -1.5859e-119 -4.7284e-128 -2.2311e-137 -1.3185e-147 -7.4329e-159 -2.9064e-171 -5.4201e-185 -3.0962e-200 -3.2003e-217 -3.1887e-236 -1.4347e-257 -1.1618e-281 -5.5010e-309 0.0000e+00 0.0000e+00 0.0000e+00 0.0000e+00 0.0000e+00 0.0000e+00 0.0000e+00 0.0000e+00 0.0000e+00 0.0000e+00 0.0000e+00 0.0000e+00 0.0000e+00 0.0000e+00 0.0000e+00 0.0000e+00 0.0000e+00 0.0000e+00 0.0000e+00 0.0000e+00 0.0000e+00 0.0000e+00
-4.1605e-05 -5.6473e-05 2.2219e-03 -6.7331e-05 -6.5823e-05 -6.0812e-05 -5.3285e-05 -4.4334e-05 -3.5024e-05 -2.6257e-05 -1.8663e-05 -1.2564e-05 -8.0009e-06 -4.8136e-06 -2.7323e-06 -1.4610e-06 -7.3476e-07 -3.4695e-07 -1.5353e-07 -6.3540e-08 -2.4539e-08 -8.8227e-09 -2.9453e-09 -9.1042e-10 -2.5978e-10 -6.8200e-11 -1.6415e-11 -3.6083e-12 -7.2139e-13 -1.3058e-13 -2.1296e-14 -3.1131e-15 -4.0557e-16 -4.6801e-17 -4.7520e-18 -4.2151e-19 -3.2408e-20 -2.1417e-21 -1.2054e-22 -5.7205e-24 -2.2646e-25 -7.3904e-27 -1.9629e-28 -4.1841e-30 -7.0492e-32 -9.2309e-34 -9.2249e-36 -6.8955e-38 -3.7712e-40 -1.4729e-42 -3.9993e-45 -7.3300e-48 -8.7767e-51 -6.6210e-54 -3.0227e-57 -7.9854e-61 -1.1612e-64 -8.7886e-69 -3.2518e-73 -5.4817e-78 -3.8885e-83 -1.0610e-88 -1.0058e-94 -2.9503e-101 -2.3459e-108 -4.3464e-116 -1.5764e-124 -9.1550e-134 -6.7440e-144 -4.8044e-155 -2.4099e-167 -5.8606e-181 -4.4451e-196 -6.2232e-213 -8.5863e-232 -5.4827e-253 -6.4773e-277 -4.6154e-304 0.0000e+00 0.0000e+00 0.0000e+00 0.0000e+00 0.0000e+00 0.0000e+00 0.0000e+00 0.0000e+00 0.0000e+00 0.0000e+00 0.0000e+00 0.0000e+00 0.0000e+00 0.0000e+00 0.0000e+00 0.0000e+00 0.0000e+00 0.0000e+00 0.0000e+00 0.0000e+00 0.0000e+00 0.0000e+00 4.1170e-05 5.4170e-05 0.0000e+00 5.7350e-05 5.1553e-05 4.3209e-05 3.3956e-05 2.5093e-05 1.7463e-05 1.1450e-05 7.0716e-06 4.1112e-06 2.2470e-06 1.1528e-06 5.5389e-07 2.4858e-07 1.0385e-07 4.0207e-08 1.4343e-08 4.6766e-09 1.3771e-09 3.5908e-10 7.9830e-11 1.3765e-11 1.1839e-12 -3.2373e-13 -2.1237e-13 -7.2676e-14 -1.9095e-14 -4.1814e-15 -7.8548e-16 -1.2804e-16 -1.8180e-17 -2.2481e-18 -2.4143e-19 -2.2419e-20 -1.7895e-21 -1.2193e-22 -7.0351e-24 -3.4062e-25 -1.3700e-26 -4.5260e-28 -1.2131e-29 -2.6022e-31 -4.4010e-33 -5.7727e-35 -5.7670e-37 -4.3016e-39 -2.3437e-41 -9.1047e-44 -2.4556e-46 -4.4647e-49 -5.2966e-52 -3.9542e-55 -1.7845e-58 -4.6553e-62 -6.6778e-66 -4.9808e-70 -1.8144e-74 -3.0085e-79 -2.0971e-84 -5.6179e-90 -5.2235e-96 -1.5013e-102 -1.1687e-109 -2.1177e-117 -7.5043e-126 -4.2537e-135 -3.0552e-145 -2.1198e-156 -1.0344e-168 -2.4441e-182 -1.7989e-197 -2.4407e-214 -3.2588e-233 -2.0106e-254 -2.2914e-278 -1.5722e-305 0.0000e+00 0.0000e+00 0.0000e+00 0.0000e+00 0.0000e+00 0.0000e+00 0.0000e+00 0.0000e+00 0.0000e+00 0.0000e+00 0.0000e+00 0.0000e+00 0.0000e+00 0.0000e+00 0.0000e+00 0.0000e+00 0.0000e+00 0.0000e+00 0.0000e+00 0.0000e+00 0.0000e+00 0.0000e+00
-4.0909e-05 -5.6848e-05 -6.7331e-05 3.9525e-03 -7.5820e-05 -7.4071e-05 -6.8730e-05 -6.0562e-05 -5.0638e-05 -4.0139e-05 -3.0134e-05 -2.1404e-05 -1.4370e-05 -9.1088e-06 -5.4448e-06 -3.0652e-06 -1.6228e-06 -8.0669e-07 -3.7586e-07 -1.6383e-07 -6.6662e-08 -2.5263e-08 -8.8943e-09 -2.9011e-09 -8.7409e-10 -2.4248e-10 -6.1716e-11 -1.4358e-11 -3.0404e-12 -5.8348e-13 -1.0099e-13 -1.5683e-14 -2.1729e-15 -2.6697e-16 -2.8896e-17 -2.7357e-18 -2.2481e-19 -1.5901e-20 -9.5929e-22 -4.8877e-23 -2.0808e-24 -7.3153e-26 -2.0970e-27 -4.8337e-29 -8.8246e-31 -1.2550e-32 -1.3652e-34 -1.1136e-36 -6.6631e-39 -2.8550e-41 -8.5300e-44 -1.7257e-46 -2.2884e-49 -1.9187e-52 -9.7725e-56 -2.8919e-59 -4.7311e-63 -4.0474e-67 -1.7011e-71 -3.2750e-76 -2.6684e-81 -8.4155e-87 -9.2826e-93 -3.1912e-99 -2.9976e-106 -6.6171e-114 -2.8862e-122 -2.0364e-131 -1.8429e-141 -1.6327e-152 -1.0322e-164 -3.2111e-178 -3.1672e-193 -5.8726e-210 -1.0952e-228 -9.6704e-250 -1.6209e-273 -1.6870e-300 0.0000e+00 0.0000e+00 0.0000e+00 0.0000e+00 0.0000e+00 0.0000e+00 0.0000e+00 0.0000e+00 0.0000e+00 0.0000e+00 0.0000e+00 0.0000e+00 0.0000e+00 0.0000e+00 0.0000e+00 0.0000e+00 0.0000e+00 0.0000e+00 0.0000e+00 0.0000e+00 0.0000e+00 0.0000e+00 4.0152e-05 5.2829e-05 5.7350e-05 0.0000e+00 5.0196e-05 4.1994e-05 3.2897e-05 2.4188e-05 1.6703e-05 1.0825e-05 6.5738e-06 3.7295e-06 1.9680e-06 9.5950e-07 4.2771e-07 1.7124e-07 5.9458e-08 1.6410e-08 2.4525e-09 -8.5057e-10 -1.0083e-09 -5.9473e-10 -2.7274e-10 -1.0643e-10 -3.6500e-11 -1.1159e-11 -3.0603e-12 -7.5451e-13 -1.6722e-13 -3.3257e-14 -5.9187e-15 -9.3909e-16 -1.3224e-16 -1.6441e-17 -1.7940e-18 -1.7069e-19 -1.4057e-20 -9.9413e-22 -5.9840e-23 -3.0364e-24 -1.2853e-25 -4.4861e-27 -1.2751e-28 -2.9107e-30 -5.2567e-32 -7.3878e-34 -7.9346e-36 -6.3844e-38 -3.7652e-40 -1.5889e-42 -4.6719e-45 -9.2948e-48 -1.2113e-50 -9.9738e-54 -4.9856e-57 -1.4470e-60 -2.3203e-64 -1.9442e-68 -7.9989e-73 -1.5064e-77 -1.1998e-82 -3.6965e-88 -3.9802e-94 -1.3348e-100 -1.2221e-107 -2.6275e-115 -1.1153e-123 -7.6513e-133 -6.7264e-143 -5.7833e-154 -3.5449e-166 -1.0680e-179 -1.0190e-194 -1.8255e-211 -3.2847e-230 -2.7946e-251 -4.5063e-275 -4.5042e-302 0.0000e+00 0.0000e+00 0.0000e+00 0.0000e+00 0.0000e+00 0.0000e+00 0.0000e+00 0.0000e+00 0.0000e+00 0.0000e+00 0.0000e+00 0.0000e+00 0.0000e+00 0.0000e+00 0.0000e+00 0.0000e+00 0.0000e+00 0.0000e+00 0.0000e+00 0.0000e+00 0.0000e+00 0.0000e+00
-3.7176e-05 -5.3202e-05 -6.5823e-05 -7.5820e-05 6.1809e-03 -8.5494e-05 -8.3952e-05 -7.8176e-05 -6.8975e-05 -5.7617e-05 -4.5537e-05 -3.4027e-05 -2.4021e-05 -1.6007e-05 -1.0059e-05 -5.9536e-06 -3.3147e-06 -1.7334e-06 -8.4998e-07 -3.9009e-07 -1.6722e-07 -6.6798e-08 -2.4805e-08 -8.5396e-09 -2.7176e-09 -7.9688e-10 -2.1456e-10 -5.2849e-11 -1.1860e-11 -2.4142e-12 -4.4367e-13 -7.3231e-14 -1.0796e-14 -1.4130e-15 -1.6312e-16 -1.6493e-17 -1.4494e-18 -1.0979e-19 -7.1035e-21 -3.8879e-22 -1.7810e-23 -6.7490e-25 -2.0893e-26 -5.2110e-28 -1.0315e-29 -1.5941e-31 -1.8888e-33 -1.6822e-35 -1.1019e-37 -5.1833e-40 -1.7051e-42 -3.8101e-45 -5.5991e-48 -5.2210e-51 -2.9687e-54 -9.8477e-58 -1.8137e-61 -1.7550e-65 -8.3846e-70 -1.8447e-74 -1.7277e-79 -6.3022e-85 -8.0946e-91 -3.2640e-97 -3.6247e-104 -9.5406e-112 -5.0086e-120 -4.2967e-129 -4.7809e-139 -5.2717e-150 -4.2045e-162 -1.6748e-175 -2.1501e-190 -5.2852e-207 -1.3336e-225 -1.6301e-246 -3.8810e-270 -5.9067e-297 0.0000e+00 0.0000e+00 0.0000e+00 0.0000e+00 0.0000e+00 0.0000e+00 0.0000e+00 0.0000e+00 0.0000e+00 0.0000e+00 0.0000e+00 0.0000e+00 0.0000e+00 0.0000e+00 0.0000e+00 0.0000e+00 0.0000e+00 0.0000e+00 0.0000e+00 0.0000e+00 0.0000e+00 0.0000e+00 3.6110e-05 4.7506e-05 5.1553e-05 5.0196e-05 0.0000e+00 3.7477e-05 2.9149e-05 2.1178e-05 1.4347e-05 9.0225e-06 5.2243e-06 2.7453e-06 1.2729e-06 4.8750e-07 1.2166e-07 -1.7117e-08 -5.0006e-08 -4.3413e-08 -2.8185e-08 -1.5509e-08 -7.5426e-09 -3.3012e-09 -1.3116e-09 -4.7497e-10 -1.5698e-10 -4.7343e-11 -1.3011e-11 -3.2510e-12 -7.3643e-13 -1.5070e-13 -2.7748e-14 -4.5755e-15 -6.7225e-16 -8.7506e-17 -1.0029e-17 -1.0051e-18 -8.7428e-20 -6.5473e-21 -4.1838e-22 -2.2593e-23 -1.0202e-24 -3.8083e-26 -1.1604e-27 -2.8469e-29 -5.5398e-31 -8.4109e-33 -9.7854e-35 -8.5529e-37 -5.4955e-39 -2.5343e-41 -8.1694e-44 -1.7879e-46 -2.5722e-49 -2.3469e-52 -1.3052e-55 -4.2324e-59 -7.6164e-63 -7.1971e-67 -3.3563e-71 -7.2037e-76 -6.5782e-81 -2.3382e-86 -2.9246e-92 -1.1477e-98 -1.2396e-105 -3.1711e-113 -1.6167e-121 -1.3459e-130 -1.4520e-140 -1.5510e-151 -1.1971e-163 -4.6101e-177 -5.7159e-192 -1.3552e-208 -3.2943e-227 -3.8739e-248 -8.8595e-272 -1.2931e-298 0.0000e+00 0.0000e+00 0.0000e+00 0.0000e+00 0.0000e+00 0.0000e+00 0.0000e+00 0.0000e+00 0.0000e+00 0.0000e+00 0.0000e+00 0.0000e+00 0.0000e+00 0.0000e+00 0.0000e+00 0.0000e+00 0.0000e+00 0.0000e+00 0.0000e+00 0.0000e+00 0.0000e+00 0.0000e+00
-3.1582e-05 -4.6795e-05 -6.0812e-05 -7.4071e-05 -8.5494e-05 8.9098e-03 -9.7026e-05 -9.5232e-05 -8.8437e-05 -7.7678e-05 -6.4513e-05 -5.0643e-05 -3.7557e-05 -2.6293e-05 -1.7362e-05 -1.0802e-05 -6.3248e-06 -3.4798e-06 -1.7961e-06 -8.6815e-07 -3.9216e-07 -1.6519e-07 -6.4725e-08 -2.3528e-08 -7.9117e-09 -2.4533e-09 -6.9908e-10 -1.8239e-10 -4.3395e-11 -9.3741e-12 -1.8300e-12 -3.2119e-13 -5.0406e-14 -7.0313e-15 -8.6616e-16 -9.3570e-17 -8.7974e-18 -7.1396e-19 -4.9569e-20 -2.9158e-21 -1.4378e-22 -5.8760e-24 -1.9653e-25 -5.3065e-27 -1.1395e-28 -1.9146e-30 -2.4721e-32 -2.4052e-34 -1.7257e-36 -8.9156e-39 -3.2309e-41 -7.9779e-44 -1.2999e-46 -1.3488e-49 -8.5665e-53 -3.1870e-56 -6.6117e-60 -7.2399e-64 -3.9341e-68 -9.8977e-73 -1.0662e-77 -4.5009e-83 -6.7357e-89 -3.1877e-95 -4.1877e-102 -1.3152e-109 -8.3158e-118 -8.6802e-127 -1.1884e-136 -1.6322e-147 -1.6436e-159 -8.3894e-173 -1.4032e-187 -4.5767e-204 -1.5640e-222 -2.6491e-243 -8.9685e-267 -1.9983e-293 -9.8813e-324 0.0000e+00 0.0000e+00 0.0000e+00 0.0000e+00 0.0000e+00 0.0000e+00 0.0000e+00 0.0000e+00 0.0000e+00 0.0000e+00 0.0000e+00 0.0000e+00 0.0000e+00 0.0000e+00 0.0000e+00 0.0000e+00 0.0000e+00 0.0000e+00 0.0000e+00 0.0000e+00 0.0000e+00 3.0289e-05 3.9843e-05 4.3209e-05 4.1994e-05 3.7477e-05 0.0000e+00 2.3742e-05 1.6816e-05 1.0901e-05 6.3428e-06 3.1725e-06 1.2047e-06 1.4679e-07 -3.0708e-07 -4.1510e-07 -3.6186e-07 -2.5932e-07 -1.6302e-07 -9.2278e-08 -4.7615e-08 -2.2536e-08 -9.8118e-09 -3.9336e-09 -1.4516e-09 -4.9253e-10 -1.5335e-10 -4.3707e-11 -1.1369e-11 -2.6895e-12 -5.7641e-13 -1.1143e-13 -1.9337e-14 -2.9966e-15 -4.1225e-16 -5.0036e-17 -5.3211e-18 -4.9210e-19 -3.9256e-20 -2.6774e-21 -1.5463e-22 -7.4826e-24 -2.9994e-25 -9.8353e-27 -2.6025e-28 -5.4749e-30 -9.0078e-32 -1.1385e-33 -1.0840e-35 -7.6081e-38 -3.8437e-40 -1.3616e-42 -3.2853e-45 -5.2290e-48 -5.2979e-51 -3.2844e-54 -1.1922e-57 -2.4122e-61 -2.5750e-65 -1.3635e-69 -3.3411e-74 -3.5036e-79 -1.4391e-84 -2.0943e-90 -9.6329e-97 -1.2291e-103 -3.7469e-111 -2.2979e-119 -2.3248e-128 -3.0824e-138 -4.0965e-149 -3.9877e-161 -1.9658e-174 -3.1721e-189 -9.9696e-206 -3.2788e-224 -5.3379e-245 -1.7343e-268 -3.7024e-295 0.0000e+00 0.0000e+00 0.0000e+00 0.0000e+00 0.0000e+00 0.0000e+00 0.0000e+00 0.0000e+00 0.0000e+00 0.0000e+00 0.0000e+00 0.0000e+00 0.0000e+00 0.0000e+00 0.0000e+00 0.0000e+00 0.0000e+00 0.0000e+00 0.0000e+00 0.0000e+00 0.0000e+00 0.0000e+00
-2.5226e-05 -3.8884e-05 -5.3285e-05 -6.8730e-05 -8.3952e-05 -9.7026e-05 1.2143e-02 -1.0945e-04 -1.0681e-04 -9.8538e-05 -8.5936e-05 -7.0840e-05 -5.5176e-05 -4.0583e-05 -2.8164e-05 -1.8424e-05 -1.1347e-05 -6.5700e-06 -3.5708e-06 -1.8184e-06 -8.6595e-07 -3.8477e-07 -1.5914e-07 -6.1107e-08 -2.1721e-08 -7.1253e-09 -2.1497e-09 -5.9434e-10 -1.4998e-10 -3.4395e-11 -7.1352e-12 -1.3322e-12 -2.2267e-13 -3.3117e-14 -4.3549e-15 -5.0286e-16 -5.0604e-17 -4.4019e-18 -3.2807e-19 -2.0749e-20 -1.1019e-21 -4.8585e-23 -1.7564e-24 -5.1362e-26 -1.1970e-27 -2.1875e-29 -3.0792e-31 -3.2743e-33 -2.5743e-35 -1.4614e-37 -5.8368e-40 -1.5934e-42 -2.8801e-45 -3.3268e-48 -2.3613e-51 -9.8572e-55 -2.3047e-58 -2.8575e-62 -1.7670e-66 -5.0862e-71 -6.3048e-76 -3.0821e-81 -5.3774e-87 -2.9887e-93 -4.6478e-100 -1.7428e-107 -1.3281e-115 -1.6880e-124 -2.8457e-134 -4.8723e-145 -6.1991e-157 -4.0585e-170 -8.8517e-185 -3.8345e-201 -1.7765e-219 -4.1743e-240 -2.0118e-263 -6.5707e-290 -3.7109e-320 0.0000e+00 0.0000e+00 0.0000e+00 0.0000e+00 0.0000e+00 0.0000e+00 0.0000e+00 0.0000e+00 0.0000e+00 0.0000e+00 0.0000e+00 0.0000e+00 0.0000e+00 0.0000e+00 0.0000e+00 0.0000e+00 0.0000e+00 0.0000e+00 0.0000e+00 0.0000e+00 0.0000e+00 2.3835e-05 3.1346e-05 3.3956e-05 3.2897e-05 2.9149e-05 2.3742e-05 0.0000e+00 1.1882e-05 6.9277e-06 3.1627e-06 6.4225e-07 -7.8455e-07 -1.3831e-06 -1.4454e-06 -1.2266e-06 -9.1166e-07 -6.1129e-07 -3.7495e-07 -2.1188e-07 -1.1070e-07 -5.3559e-08 -2.3999e-08 -9.9530e-09 -3.8150e-09 -1.3489e-09 -4.3888e-10 -1.3103e-10 -3.5781e-11 -8.9042e-12 -2.0111e-12 -4.1045e-13 -7.5325e-14 -1.2364e-14 -1.8048e-15 -2.3280e-16 -2.6354e-17 -2.5988e-18 -2.2144e-19 -1.6161e-20 -1.0005e-21 -5.1994e-23 -2.2426e-24 -7.9293e-26 -2.2671e-27 -5.1648e-29 -9.2238e-31 -1.2686e-32 -1.3176e-34 -1.0116e-36 -5.6065e-39 -2.1854e-41 -5.8212e-44 -1.0263e-46 -1.1560e-49 -7.9986e-53 -3.2538e-56 -7.4109e-60 -8.9473e-64 -5.3854e-68 -1.5082e-72 -1.8182e-77 -8.6396e-83 -1.4644e-88 -7.9033e-95 -1.1927e-101 -4.3373e-109 -3.2032e-117 -3.9428e-126 -6.4320e-136 -1.0648e-146 -1.3087e-158 -8.2688e-172 -1.7386e-186 -7.2528e-203 -3.2317e-221 -7.2937e-242 -3.3713e-265 -1.0544e-291 -5.6818e-322 0.0000e+00 0.0000e+00 0.0000e+00 0.0000e+00 0.0000e+00 0.0000e+00 0.0000e+00 0.0000e+00 0.0000e+00 0.0000e+00 0.0000e+00 0.0000e+00 0.0000e+00 0.0000e+00 0.0000e+00 0.0000e+00 0.0000e+00 0.0000e+00 0.0000e+00 0.0000e+00 0.0000e+00
-1.9005e-05 -3.0601e-05 -4.4334e-05 -6.0562e-05 -7.8176e-05 -9.5232e-05 -1.0945e-04 1.5885e-02 -1.2168e-04 -1.1785e-04 -1.0791e-04 -9.3415e-05 -7.6430e-05 -5.9073e-05 -4.3098e-05 -2.9652e-05 -1.9216e-05 -1.1714e-05 -6.7063e-06 -3.5995e-06 -1.8077e-06 -8.4761e-07 -3.7020e-07 -1.5021e-07 -5.6463e-08 -1.9602e-08 -6.2639e-09 -1.8358e-09 -4.9154e-10 -1.1972e-10 -2.6403e-11 -5.2464e-12 -9.3419e-13 -1.4820e-13 -2.0812e-14 -2.5697e-15 -2.7689e-16 -2.5827e-17 -2.0671e-18 -1.4061e-19 -8.0458e-21 -3.8288e-22 -1.4967e-23 -4.7421e-25 -1.1999e-26 -2.3860e-28 -3.6632e-30 -4.2591e-32 -3.6709e-34 -2.2910e-36 -1.0089e-38 -3.0464e-41 -6.1109e-44 -7.8621e-47 -6.2392e-50 -2.9240e-53 -7.7088e-57 -1.0828e-60 -7.6235e-65 -2.5121e-69 -3.5855e-74 -2.0310e-79 -4.1337e-85 -2.6999e-91 -4.9734e-98 -2.2283e-105 -2.0480e-113 -3.1719e-122 -6.5896e-132 -1.4076e-142 -2.2650e-154 -1.9037e-167 -5.4196e-182 -3.1215e-198 -1.9628e-216 -6.4058e-237 -4.4006e-260 -2.1098e-286 -1.8083e-316 0.0000e+00 0.0000e+00 0.0000e+00 0.0000e+00 0.0000e+00 0.0000e+00 0.0000e+00 0.0000e+00 0.0000e+00 0.0000e+00 0.0000e+00 0.0000e+00 0.0000e+00 0.0000e+00 0.0000e+00 0.0000e+00 0.0000e+00 0.0000e+00 0.0000e+00 0.0000e+00 0.0000e+00 1.7652e-05 2.3205e-05 2.5093e-05 2.4188e-05 2.1178e-05 1.6816e-05 1.1882e-05 0.0000e+00 2.9867e-06 -1.0007e-07 -2.0766e-06 -3.0437e-06 -3.2283e-06 -2.9056e-06 -2.3329e-06 -1.7072e-06 -1.1509e-06 -7.1881e-07 -4.1705e-07 -2.2504e-07 -1.1294e-07 -5.2679e-08 -2.2805e-08 -9.1464e-09 -3.3909e-09 -1.1590e-09 -3.6411e-10 -1.0479e-10 -2.7526e-11 -6.5720e-12 -1.4199e-12 -2.7626e-13 -4.8144e-14 -7.4719e-15 -1.0262e-15 -1.2389e-16 -1.3049e-17 -1.1895e-18 -9.3018e-20 -6.1814e-21 -3.4546e-22 -1.6054e-23 -6.1275e-25 -1.8952e-26 -4.6807e-28 -9.0832e-30 -1.3607e-31 -1.5434e-33 -1.2974e-35 -7.8959e-38 -3.3899e-40 -9.9773e-43 -1.9503e-45 -2.4445e-48 -1.8893e-51 -8.6208e-55 -2.2121e-58 -3.0232e-62 -2.0702e-66 -6.6323e-71 -9.1994e-76 -5.0616e-81 -1.0002e-86 -6.3391e-93 -1.1324e-99 -4.9176e-107 -4.3777e-115 -6.5624e-124 -1.3185e-133 -2.7219e-144 -4.2286e-156 -3.4282e-169 -9.4040e-184 -5.2133e-200 -3.1512e-218 -9.8734e-239 -6.5023e-262 -2.9837e-288 -2.4434e-318 0.0000e+00 0.0000e+00 0.0000e+00 0.0000e+00 0.0000e+00 0.0000e+00 0.0000e+00 0.0000e+00 0.0000e+00 0.0000e+00 0.0000e+00 0.0000e+00 0.0000e+00 0.0000e+00 0.0000e+00 0.0000e+00 0.0000e+00 0.0000e+00 0.0000e+00 0.0000e+00 0.0000e+00
-1.3526e-05 -2.2833e-05 -3.5024e-05 -5.0638e-05 -6.8975e-05 -8.8437e-05 -1.0681e-04 -1.2168e-04 2.0142e-02 -1.3311e-04 -1.2798e-04 -1.1637e-04 -1.0004e-04 -8.1279e-05 -6.2361e-05 -4.5142e-05 -3.0795e-05 -1.9770e-05 -1.1927e-05 -6.7497e-06 -3.5762e-06 -1.7702e-06 -8.1671e-07 -3.5031e-07 -1.3930e-07 -5.1200e-08 -1.7336e-08 -5.3882e-09 -1.5313e-09 -3.9625e-10 -9.2938e-11 -1.9660e-11 -3.7311e-12 -6.3155e-13 -9.4753e-14 -1.2515e-14 -1.4445e-15 -1.4453e-16 -1.2427e-17 -9.0961e-19 -5.6098e-20 -2.8824e-21 -1.2189e-22 -4.1859e-24 -1.1504e-25 -2.4903e-27 -4.1719e-29 -5.3058e-31 -5.0154e-33 -3.4426e-35 -1.6723e-37 -5.5881e-40 -1.2447e-42 -1.7845e-45 -1.5841e-48 -8.3391e-52 -2.4803e-55 -3.9490e-59 -3.1676e-63 -1.1956e-67 -1.9661e-72 -1.2912e-77 -3.0679e-83 -2.3564e-89 -5.1455e-96 -2.7566e-103 -3.0582e-111 -5.7766e-120 -1.4802e-129 -3.9486e-140 -8.0434e-152 -8.6877e-165 -3.2318e-179 -2.4779e-195 -2.1173e-213 -9.6103e-234 -9.4244e-257 -6.6426e-283 -8.6551e-313 0.0000e+00 0.0000e+00 0.0000e+00 0.0000e+00 0.0000e+00 0.0000e+00 0.0000e+00 0.0000e+00 0.0000e+00 0.0000e+00 0.0000e+00 0.0000e+00 0.0000e+00 0.0000e+00 0.0000e+00 0.0000e+00 0.0000e+00 0.0000e+00 0.0000e+00 0.0000e+00 0.0000e+00 1.2323e-05 1.6191e-05 1.7463e-05 1.6703e-05 1.4347e-05 1.0901e-05 6.9277e-06 2.9867e-06 0.0000e+00 -3.0436e-06 -4.6616e-06 -5.3345e-06 -5.2342e-06 -4.6079e-06 -3.7131e-06 -2.7663e-06 -1.9156e-06 -1.2363e-06 -7.4451e-07 -4.1837e-07 -2.1925e-07 -1.0702e-07 -4.8580e-08 -2.0464e-08 -7.9808e-09 -2.8736e-09 -9.5235e-10 -2.8952e-10 -8.0436e-11 -2.0339e-11 -4.6598e-12 -9.6263e-13 -1.7836e-13 -2.9471e-14 -4.3154e-15 -5.5622e-16 -6.2641e-17 -6.1150e-18 -5.1295e-19 -3.6626e-20 -2.2032e-21 -1.1041e-22 -4.5533e-24 -1.5248e-25 -4.0860e-27 -8.6227e-29 -1.4081e-30 -1.7454e-32 -1.6078e-34 -1.0753e-36 -5.0885e-39 -1.6561e-41 -3.5918e-44 -5.0133e-47 -4.3316e-50 -2.2186e-53 -6.4189e-57 -9.9377e-61 -7.7483e-65 -2.8417e-69 -4.5390e-74 -2.8941e-79 -6.6726e-85 -4.9708e-91 -1.0521e-97 -5.4606e-105 -5.8651e-113 -1.0718e-121 -2.6551e-131 -6.8416e-142 -1.3450e-153 -1.4008e-166 -5.0191e-181 -3.7025e-197 -3.0402e-215 -1.3243e-235 -1.2446e-258 -8.3930e-285 -1.0445e-314 0.0000e+00 0.0000e+00 0.0000e+00 0.0000e+00 0.0000e+00 0.0000e+00 0.0000e+00 0.0000e+00 0.0000e+00 0.0000e+00 0.0000e+00 0.0000e+00 0.0000e+00 0.0000e+00 0.0000e+00 0.0000e+00 0.0000e+00 0.0000e+00 0.0000e+00 0.0000e+00 0.0000e+00
-9.1020e-06 -1.6156e-05 -2.6257e-05 -4.0139e-05 -5.7617e-05 -7.7678e-05 -9.8538e-05 -1.1785e-04 -1.3311e-04 2.4921e-02 -1.4352e-04 -1.3711e-04 -1.2390e-04 -1.0586e-04 -8.5443e-05 -6.5099e-05 -4.6764e-05 -3.1632e-05 -2.0116e-05 -1.2007e-05 -6.7143e-06 -3.5099e-06 -1.7113e-06 -7.7623e-07 -3.2666e-07 -1.2716e-07 -4.5637e-08 -1.5048e-08 -4.5409e-09 -1.2489e-09 -3.1163e-10 -7.0210e-11 -1.4206e-11 -2.5668e-12 -4.1158e-13 -5.8173e-14 -7.1948e-15 -7.7251e-16 -7.1389e-17 -5.6249e-18 -3.7405e-19 -2.0761e-20 -9.5010e-22 -3.5381e-23 -1.0567e-24 -2.4910e-26 -4.5555e-28 -6.3403e-30 -6.5764e-32 -4.9671e-34 -2.6630e-36 -9.8521e-39 -2.4378e-41 -3.8969e-44 -3.8720e-47 -2.2908e-50 -7.6915e-54 -1.3889e-57 -1.2700e-61 -5.4944e-66 -1.0417e-70 -7.9380e-76 -2.2033e-81 -1.9916e-87 -5.1592e-94 -3.3077e-101 -4.4334e-109 -1.0222e-117 -3.2339e-127 -1.0784e-137 -2.7839e-149 -3.8687e-162 -1.8829e-176 -1.9241e-192 -2.2374e-210 -1.4145e-230 -1.9833e-253 -2.0587e-279 -4.0856e-309 0.0000e+00 0.0000e+00 0.0000e+00 0.0000e+00 0.0000e+00 0.0000e+00 0.0000e+00 0.0000e+00 0.0000e+00 0.0000e+00 0.0000e+00 0.0000e+00 0.0000e+00 0.0000e+00 0.0000e+00 0.0000e+00 0.0000e+00 0.0000e+00 0.0000e+00 0.0000e+00 0.0000e+00 8.1171e-06 1.0656e-05 1.1450e-05 1.0825e-05 9.0225e-06 6.3428e-06 3.1627e-06 -1.0007e-07 -3.0436e-06 0.0000e+00 -6.8078e-06 -7.3911e-06 -7.1924e-06 -6.4112e-06 -5.2920e-06 -4.0682e-06 -2.9213e-06 -1.9623e-06 -1.2333e-06 -7.2493e-07 -3.9814e-07 -2.0401e-07 -9.7356e-08 -4.3174e-08 -1.7748e-08 -6.7441e-09 -2.3617e-09 -7.5950e-10 -2.2348e-10 -5.9920e-11 -1.4574e-11 -3.2003e-12 -6.3109e-13 -1.1112e-13 -1.7364e-14 -2.3916e-15 -2.8824e-16 -3.0159e-17 -2.7158e-18 -2.0851e-19 -1.3511e-20 -7.3067e-22 -3.2581e-23 -1.1821e-24 -3.4393e-26 -7.8985e-28 -1.4070e-29 -1.9073e-31 -1.9266e-33 -1.4169e-35 -7.3956e-38 -2.6633e-40 -6.4137e-43 -9.9757e-46 -9.6421e-49 -5.5478e-52 -1.8110e-55 -3.1786e-59 -2.8240e-63 -1.1866e-67 -2.1843e-72 -1.6153e-77 -4.3488e-83 -3.8113e-89 -9.5669e-96 -5.9398e-103 -7.7050e-111 -1.7182e-119 -5.2533e-129 -1.6916e-139 -4.2133e-151 -5.6437e-164 -2.6449e-178 -2.5998e-194 -2.9042e-212 -1.7616e-232 -2.3663e-255 -2.3495e-281 -4.4524e-311 0.0000e+00 0.0000e+00 0.0000e+00 0.0000e+00 0.0000e+00 0.0000e+00 0.0000e+00 0.0000e+00 0.0000e+00 0.0000e+00 0.0000e+00 0.0000e+00 0.0000e+00 0.0000e+00 0.0000e+00 0.0000e+00 0.0000e+00 0.0000e+00 0.0000e+00 0.0000e+00 0.0000e+00
-5.7921e-06 -1.0837e-05 -1.8663e-05 -3.0134e-05 -4.5537e-05 -6.4513e-05 -8.5936e-05 -1.0791e-04 -1.2798e-04 -1.4352e-04 3.0230e-02 -1.5292e-04 -1.4530e-04 -1.3059e-04 -1.1093e-04 -8.8993e-05 -6.7345e-05 -4.8012e-05 -3.2200e-05 -2.0280e-05 -1.1973e-05 -6.6124e-06 -3.4082e-06 -1.6355e-06 -7.2866e-07 -3.0053e-07 -1.1437e-07 -4.0022e-08 -1.2829e-08 -3.7514e-09 -9.9630e-10 -2.3915e-10 -5.1612e-11 -9.9582e-12 -1.7072e-12 -2.5832e-13 -3.4250e-14 -3.9479e-15 -3.9226e-16 -3.3285e-17 -2.3877e-18 -1.4321e-19 -7.0959e-21 -2.8667e-22 -9.3075e-24 -2.3907e-25 -4.7751e-27 -7.2767e-29 -8.2860e-31 -6.8900e-33 -4.0790e-35 -1.6717e-37 -4.5980e-40 -8.1996e-43 -9.1243e-46 -6.0706e-49 -2.3024e-52 -4.7187e-56 -4.9219e-60 -2.4424e-64 -5.3429e-69 -4.7273e-74 -1.5340e-79 -1.6333e-85 -5.0238e-92 -3.8580e-99 -6.2532e-107 -1.7618e-115 -6.8888e-125 -2.8749e-135 -9.4165e-147 -1.6857e-159 -1.0748e-173 -1.4661e-189 -2.3235e-207 -2.0494e-227 -4.1158e-250 -6.3041e-276 -1.9095e-305 0.0000e+00 0.0000e+00 0.0000e+00 0.0000e+00 0.0000e+00 0.0000e+00 0.0000e+00 0.0000e+00 0.0000e+00 0.0000e+00 0.0000e+00 0.0000e+00 0.0000e+00 0.0000e+00 0.0000e+00 0.0000e+00 0.0000e+00 0.0000e+00 0.0000e+00 0.0000e+00 0.0000e+00 5.0456e-06 6.6164e-06 7.0716e-06 6.5738e-06 5.2243e-06 3.1725e-06 6.4225e-07 -2.0766e-06 -4.6616e-06 -6.8078e-06 0.0000e+00 -8.9665e-06 -8.8713e-06 -8.1260e-06 -6.9381e-06 -5.5417e-06 -4.1482e-06 -2.9118e-06 -1.9163e-06 -1.1815e-06 -6.8162e-07 -3.6739e-07 -1.8464e-07 -8.6332e-08 -3.7461e-08 -1.5042e-08 -5.5723e-09 -1.8978e-09 -5.9203e-10 -1.6848e-10 -4.3544e-11 -1.0172e-11 -2.1366e-12 -4.0124e-13 -6.6954e-14 -9.8617e-15 -1.2729e-15 -1.4284e-16 -1.3817e-17 -1.1415e-18 -7.9726e-20 -4.6559e-21 -2.2462e-22 -8.8351e-24 -2.7929e-25 -6.9843e-27 -1.3580e-28 -2.0145e-30 -2.2328e-32 -1.8070e-34 -1.0410e-36 -4.1509e-39 -1.1106e-41 -1.9263e-44 -2.0843e-47 -1.3481e-50 -4.9692e-54 -9.8951e-58 -1.0025e-61 -4.8300e-66 -1.0255e-70 -8.8025e-76 -2.7699e-81 -2.8584e-87 -8.5170e-94 -6.3322e-101 -9.9304e-109 -2.7052e-117 -1.0220e-126 -4.1174e-137 -1.3008e-148 -2.2441e-161 -1.3775e-175 -1.8068e-191 -2.7504e-209 -2.3269e-229 -4.4762e-252 -6.5566e-278 -1.8960e-307 0.0000e+00 0.0000e+00 0.0000e+00 0.0000e+00 0.0000e+00 0.0000e+00 0.0000e+00 0.0000e+00 0.0000e+00 0.0000e+00 0.0000e+00 0.0000e+00 0.0000e+00 0.0000e+00 0.0000e+00 0.0000e+00 0.0000e+00 0.0000e+00 0.0000e+00 0.0000e+00 0.0000e+00
-3.4847e-06 -6.8867e-06 -1.2564e-05 -2.1404e-05 -3.4027e-05 -5.0643e-05 -7.0840e-05 -9.3415e-05 -1.1637e-04 -1.3711e-04 -1.5292e-04 3.6080e-02 -1.6139e-04 -1.5264e-04 -1.3652e-04 -1.1536e-04 -9.2002e-05 -6.9159e-05 -4.8932e-05 -3.2532e-05 -2.0286e-05 -1.1841e-05 -6.4545e-06 -3.2779e-06 -1.5467e-06 -6.7616e-07 -2.7296e-07 -1.0141e-07 -3.4544e-08 -1.0745e-08 -3.0383e-09 -7.7734e-10 -1.7901e-10 -3.6898e-11 -6.7660e-12 -1.0965e-12 -1.5591e-13 -1.9302e-14 -2.0630e-15 -1.8860e-16 -1.4601e-17 -9.4680e-19 -5.0817e-20 -2.2282e-21 -7.8690e-23 -2.2034e-24 -4.8090e-26 -8.0282e-28 -1.0041e-29 -9.1975e-32 -6.0161e-34 -2.7330e-36 -8.3605e-39 -1.6643e-41 -2.0755e-44 -1.5539e-47 -6.6616e-51 -1.5506e-54 -1.8464e-58 -1.0517e-62 -2.6567e-67 -2.7317e-72 -1.0373e-77 -1.3020e-83 -4.7597e-90 -4.3826e-97 -8.5993e-105 -2.9638e-113 -1.4339e-122 -7.4984e-133 -3.1203e-144 -7.2060e-157 -6.0281e-171 -1.0993e-186 -2.3785e-204 -2.9322e-224 -8.4512e-247 -1.9141e-272 -8.8692e-302 0.0000e+00 0.0000e+00 0.0000e+00 0.0000e+00 0.0000e+00 0.0000e+00 0.0000e+00 0.0000e+00 0.0000e+00 0.0000e+00 0.0000e+00 0.0000e+00 0.0000e+00 0.0000e+00 0.0000e+00 0.0000e+00 0.0000e+00 0.0000e+00 0.0000e+00 0.0000e+00 0.0000e+00 2.9592e-06 3.8747e-06 4.1112e-06 3.7295e-06 2.7453e-06 1.2047e-06 -7.8455e-07 -3.0437e-06 -5.3345e-06 -7.3911e-06 -8.9665e-06 0.0000e+00 -1.0060e-05 -9.5434e-06 -8.4754e-06 -7.0631e-06 -5.5293e-06 -4.0666e-06 -2.8086e-06 -1.8198e-06 -1.1046e-06 -6.2716e-07 -3.3238e-07 -1.6405e-07 -7.5220e-08 -3.1949e-08 -1.2532e-08 -4.5238e-09 -1.4974e-09 -4.5263e-10 -1.2440e-10 -3.0938e-11 -6.9267e-12 -1.3882e-12 -2.4755e-13 -3.9018e-14 -5.3967e-15 -6.4994e-16 -6.7580e-17 -6.0111e-18 -4.5281e-19 -2.8573e-20 -1.4923e-21 -6.3677e-23 -2.1883e-24 -5.9627e-26 -1.2663e-27 -2.0569e-29 -2.5031e-31 -2.2305e-33 -1.4192e-35 -6.2704e-38 -1.8653e-40 -3.6103e-43 -4.3764e-46 -3.1843e-49 -1.3263e-52 -2.9988e-56 -3.4672e-60 -1.9170e-64 -4.6986e-69 -4.6857e-74 -1.7249e-79 -2.0980e-85 -7.4280e-92 -6.6201e-99 -1.2565e-106 -4.1864e-115 -1.9565e-124 -9.8748e-135 -3.9628e-146 -8.8174e-159 -7.0995e-173 -1.2448e-188 -2.5863e-206 -3.0578e-226 -8.4400e-249 -1.8278e-274 -8.0839e-304 0.0000e+00 0.0000e+00 0.0000e+00 0.0000e+00 0.0000e+00 0.0000e+00 0.0000e+00 0.0000e+00 0.0000e+00 0.0000e+00 0.0000e+00 0.0000e+00 0.0000e+00 0.0000e+00 0.0000e+00 0.0000e+00 0.0000e+00 0.0000e+00 0.0000e+00 0.0000e+00 0.0000e+00
-1.9810e-06 -4.1418e-06 -8.0009e-06 -1.4370e-05 -2.4021e-05 -3.7557e-05 -5.5176e-05 -7.6430e-05 -1.0004e-04 -1.2390e-04 -1.4530e-04 -1.6139e-04 4.2481e-02 -1.6904e-04 -1.5924e-04 -1.4180e-04 -1.1922e-04 -9.4537e-05 -7.0594e-05 -4.9562e-05 -3.2656e-05 -2.0153e-05 -1.1623e-05 -6.2498e-06 -3.1246e-06 -1.4484e-06 -6.2051e-07 -2.4486e-07 -8.8671e-08 -2.9349e-08 -8.8400e-09 -2.4117e-09 -5.9287e-10 -1.3061e-10 -2.5628e-11 -4.4500e-12 -6.7894e-13 -9.0318e-14 -1.0388e-14 -1.0237e-15 -8.5570e-17 -6.0023e-18 -3.4914e-19 -1.6625e-20 -6.3893e-22 -1.9514e-23 -4.6564e-25 -8.5205e-27 -1.1713e-28 -1.1825e-30 -8.5512e-33 -4.3085e-35 -1.4669e-37 -3.2620e-40 -4.5617e-43 -3.8462e-46 -1.8652e-49 -4.9348e-53 -6.7136e-57 -4.3933e-61 -1.2826e-65 -1.5339e-70 -6.8221e-76 -1.0105e-81 -4.3953e-88 -4.8578e-95 -1.1552e-102 -4.8763e-111 -2.9230e-120 -1.9178e-130 -1.0154e-141 -3.0295e-154 -3.3304e-168 -8.1336e-184 -2.4071e-201 -4.1558e-221 -1.7227e-243 -5.7827e-269 -4.1095e-298 0.0000e+00 0.0000e+00 0.0000e+00 0.0000e+00 0.0000e+00 0.0000e+00 0.0000e+00 0.0000e+00 0.0000e+00 0.0000e+00 0.0000e+00 0.0000e+00 0.0000e+00 0.0000e+00 0.0000e+00 0.0000e+00 0.0000e+00 0.0000e+00 0.0000e+00 0.0000e+00 0.0000e+00 1.6367e-06 2.1388e-06 2.2470e-06 1.9680e-06 1.2729e-06 1.4679e-07 -1.3831e-06 -3.2283e-06 -5.2342e-06 -7.1924e-06 -8.8713e-06 -1.0060e-05 0.0000e+00 -1.0476e-05 -9.7113e-06 -8.4676e-06 -6.9481e-06 -5.3644e-06 -3.8943e-06 -2.6553e-06 -1.6981e-06 -1.0167e-06 -5.6876e-07 -2.9662e-07 -1.4384e-07 -6.4678e-08 -2.6883e-08 -1.0294e-08 -3.6179e-09 -1.1624e-09 -3.3996e-10 -9.0072e-11 -2.1509e-11 -4.6034e-12 -8.7777e-13 -1.4813e-13 -2.1969e-14 -2.8413e-15 -3.1775e-16 -3.0449e-17 -2.4753e-18 -1.6887e-19 -9.5545e-21 -4.4253e-22 -1.6543e-23 -4.9147e-25 -1.1407e-26 -2.0303e-28 -2.7145e-30 -2.6652e-32 -1.8742e-34 -9.1815e-37 -3.0390e-39 -6.5684e-42 -8.9266e-45 -7.3125e-48 -3.4445e-51 -8.8497e-55 -1.1688e-58 -7.4222e-63 -2.1020e-67 -2.4377e-72 -1.0509e-77 -1.5080e-83 -6.3510e-90 -6.7928e-97 -1.5623e-104 -6.3738e-113 -3.6899e-122 -2.3363e-132 -1.1927e-143 -3.4280e-156 -3.6266e-170 -8.5140e-186 -2.4192e-203 -4.0054e-223 -1.5897e-245 -5.1015e-271 -3.4600e-300 0.0000e+00 0.0000e+00 0.0000e+00 0.0000e+00 0.0000e+00 0.0000e+00 0.0000e+00 0.0000e+00 0.0000e+00 0.0000e+00 0.0000e+00 0.0000e+00 0.0000e+00 0.0000e+00 0.0000e+00 0.0000e+00 0.0000e+00 0.0000e+00 0.0000e+00 0.0000e+00 0.0000e+00
-1.0632e-06 -2.3546e-06 -4.8136e-06 -9.1088e-06 -1.6007e-05 -2.6293e-05 -4.0583e-05 -5.9073e-05 -8.1279e-05 -1.0586e-04 -1.3059e-04 -1.5264e-04 -1.6904e-04 4.9447e-02 -1.7598e-04 -1.6520e-04 -1.4651e-04 -1.2259e-04 -9.6659e-05 -7.1693e-05 -4.9936e-05 -3.2597e-05 -1.9899e-05 -1.1333e-05 -6.0061e-06 -2.9534e-06 -1.3433e-06 -5.6328e-07 -2.1695e-07 -7.6444e-08 -2.4537e-08 -7.1413e-09 -1.8750e-09 -4.4165e-10 -9.2779e-11 -1.7270e-11 -2.8286e-12 -4.0452e-13 -5.0095e-14 -5.3238e-15 -4.8077e-16 -3.6498e-17 -2.3021e-18 -1.1910e-19 -4.9843e-21 -1.6613e-22 -4.3369e-24 -8.7038e-26 -1.3158e-27 -1.4651e-29 -1.1721e-31 -6.5547e-34 -2.4855e-36 -6.1785e-39 -9.6968e-42 -9.2143e-45 -5.0587e-48 -1.5226e-51 -2.3686e-55 -1.7823e-59 -6.0192e-64 -8.3816e-69 -4.3707e-74 -7.6484e-80 -3.9622e-86 -5.2627e-93 -1.5186e-100 -7.8617e-109 -5.8466e-118 -4.8202e-128 -3.2520e-139 -1.2557e-151 -1.8172e-165 -5.9546e-181 -2.4152e-198 -5.8524e-218 -3.4973e-240 -1.7444e-265 -1.9064e-294 0.0000e+00 0.0000e+00 0.0000e+00 0.0000e+00 0.0000e+00 0.0000e+00 0.0000e+00 0.0000e+00 0.0000e+00 0.0000e+00 0.0000e+00 0.0000e+00 0.0000e+00 0.0000e+00 0.0000e+00 0.0000e+00 0.0000e+00 0.0000e+00 0.0000e+00 0.0000e+00 0.0000e+00 8.5300e-07 1.1118e-06 1.1528e-06 9.5950e-07 4.8750e-07 -3.0708e-07 -1.4454e-06 -2.9056e-06 -4.6079e-06 -6.4112e-06 -8.1260e-06 -9.5434e-06 -1.0476e-05 0.0000e+00 -1.0475e-05 -9.5751e-06 -8.2492e-06 -6.6955e-06 -5.1156e-06 -3.6748e-06 -2.4783e-06 -1.5662e-06 -9.2571e-07 -5.1052e-07 -2.6203e-07 -1.2482e-07 -5.5017e-08 -2.2361e-08 -8.3505e-09 -2.8538e-09 -8.8867e-10 -2.5098e-10 -6.3962e-11 -1.4628e-11 -2.9843e-12 -5.3959e-13 -8.5859e-14 -1.1931e-14 -1.4360e-15 -1.4834e-16 -1.3022e-17 -9.6108e-19 -5.8939e-20 -2.9651e-21 -1.2065e-22 -3.9106e-24 -9.9266e-26 -1.9371e-27 -2.8475e-29 -3.0826e-31 -2.3975e-33 -1.3032e-35 -4.8030e-38 -1.1602e-40 -1.7691e-43 -1.6330e-46 -8.7063e-50 -2.5441e-53 -3.8413e-57 -2.8045e-61 -9.1861e-66 -1.2402e-70 -6.2670e-76 -1.0623e-81 -5.3277e-88 -6.8469e-95 -1.9105e-102 -9.5576e-111 -6.8637e-120 -5.4601e-130 -3.5513e-141 -1.3207e-153 -1.8392e-167 -5.7931e-183 -2.2554e-200 -5.2400e-220 -2.9979e-242 -1.4293e-267 -1.4907e-296 0.0000e+00 0.0000e+00 0.0000e+00 0.0000e+00 0.0000e+00 0.0000e+00 0.0000e+00 0.0000e+00 0.0000e+00 0.0000e+00 0.0000e+00 0.0000e+00 0.0000e+00 0.0000e+00 0.0000e+00 0.0000e+00 0.0000e+00 0.0000e+00 0.0000e+00 0.0000e+00 0.0000e+00
-5.3818e-07 -1.2637e-06 -2.7323e-06 -5.4448e-06 -1.0059e-05 -1.7362e-05 -2.8164e-05 -4.3098e-05 -6.2361e-05 -8.5443e-05 -1.1093e-04 -1.3652e-04 -1.5924e-04 -1.7598e-04 5.6990e-02 -1.8233e-04 -1.7063e-04 -1.5074e-04 -1.2554e-04 -9.8418e-05 -7.2496e-05 -5.0080e-05 -3.2374e-05 -1.9539e-05 -1.0981e-05 -5.7305e-06 -2.7686e-06 -1.2342e-06 -5.0579e-07 -1.8982e-07 -6.4963e-08 -2.0179e-08 -5.6611e-09 -1.4266e-09 -3.2100e-10 -6.4087e-11 -1.1273e-11 -1.7341e-12 -2.3135e-13 -2.6531e-14 -2.5897e-15 -2.1290e-16 -1.4569e-17 -8.1952e-19 -3.7366e-20 -1.3601e-21 -3.8867e-23 -8.5608e-25 -1.4243e-26 -1.7503e-28 -1.5502e-30 -9.6288e-33 -4.0696e-35 -1.1317e-37 -1.9950e-40 -2.1383e-43 -1.3302e-46 -4.5586e-50 -8.1170e-54 -7.0302e-58 -2.7493e-62 -4.4622e-67 -2.7312e-72 -5.6529e-78 -3.4923e-84 -5.5815e-91 -1.9570e-98 -1.2443e-106 -1.1498e-115 -1.1930e-125 -1.0274e-136 -5.1428e-149 -9.8168e-163 -4.3249e-178 -2.4094e-195 -8.2137e-215 -7.0937e-237 -5.2718e-262 -8.8872e-291 -4.9407e-324 0.0000e+00 0.0000e+00 0.0000e+00 0.0000e+00 0.0000e+00 0.0000e+00 0.0000e+00 0.0000e+00 0.0000e+00 0.0000e+00 0.0000e+00 0.0000e+00 0.0000e+00 0.0000e+00 0.0000e+00 0.0000e+00 0.0000e+00 0.0000e+00 0.0000e+00 0.0000e+00 4.1847e-07 5.4368e-07 5.5389e-07 4.2771e-07 1.2166e-07 -4.1510e-07 -1.2266e-06 -2.3329e-06 -3.7131e-06 -5.2920e-06 -6.9381e-06 -8.4754e-06 -9.7113e-06 -1.0475e-05 0.0000e+00 -1.0226e-05 -9.2627e-06 -7.9129e-06 -6.3696e-06 -4.8252e-06 -3.4347e-06 -2.2931e-06 -1.4330e-06 -8.3634e-07 -4.5467e-07 -2.2962e-07 -1.0739e-07 -4.6360e-08 -1.8407e-08 -6.6948e-09 -2.2212e-09 -6.6912e-10 -1.8210e-10 -4.4527e-11 -9.7252e-12 -1.8850e-12 -3.2201e-13 -4.8111e-14 -6.2354e-15 -6.9476e-16 -6.5901e-17 -5.2652e-18 -3.5022e-19 -1.9149e-20 -8.4873e-22 -3.0032e-23 -8.3429e-25 -1.7864e-26 -2.8890e-28 -3.4511e-30 -2.9708e-32 -1.7933e-34 -7.3648e-37 -1.9899e-39 -3.4074e-42 -3.5469e-45 -2.1424e-48 -7.1268e-52 -1.2314e-55 -1.0347e-59 -3.9238e-64 -6.1733e-69 -3.6612e-74 -7.3388e-80 -4.3888e-86 -6.7858e-93 -2.3004e-100 -1.4132e-108 -1.2608e-117 -1.2622e-127 -1.0477e-138 -5.0516e-151 -9.2760e-165 -3.9275e-180 -2.1003e-197 -6.8638e-217 -5.6747e-239 -4.0308e-264 -6.4836e-293 0.0000e+00 0.0000e+00 0.0000e+00 0.0000e+00 0.0000e+00 0.0000e+00 0.0000e+00 0.0000e+00 0.0000e+00 0.0000e+00 0.0000e+00 0.0000e+00 0.0000e+00 0.0000e+00 0.0000e+00 0.0000e+00 0.0000e+00 0.0000e+00 0.0000e+00 0.0000e+00 0.0000e+00
-2.5658e-07 -6.3921e-07 -1.4610e-06 -3.0652e-06 -5.9536e-06 -1.0802e-05 -1.8424e-05 -2.9652e-05 -4.5142e-05 -6.5099e-05 -8.8993e-05 -1.1536e-04 -1.4180e-04 -1.6520e-04 -1.8233e-04 6.5129e-02 -1.8819e-04 -1.7560e-04 -1.5456e-04 -1.2813e-04 -9.9859e-05 -7.3034e-05 -5.0019e-05 -3.2005e-05 -1.9084e-05 -1.0575e-05 -5.4293e-06 -2.5742e-06 -1.1231e-06 -4.4917e-07 -1.6397e-07 -5.4392e-08 -1.6313e-08 -4.4000e-09 -1.0611e-09 -2.2733e-10 -4.2975e-11 -7.1145e-12 -1.0231e-12 -1.2667e-13 -1.3373e-14 -1.1913e-15 -8.8507e-17 -5.4160e-18 -2.6923e-19 -1.0709e-20 -3.3523e-22 -8.1095e-24 -1.4858e-25 -2.0168e-27 -1.9790e-29 -1.3664e-31 -6.4421e-34 -2.0060e-36 -3.9752e-39 -4.8103e-42 -3.3938e-45 -1.3256e-48 -2.7043e-52 -2.6988e-56 -1.2235e-60 -2.3172e-65 -1.6668e-70 -4.0854e-76 -3.0139e-82 -5.8041e-89 -2.4764e-96 -1.9367e-104 -2.2272e-113 -2.9135e-123 -3.2083e-134 -2.0862e-146 -5.2632e-160 -3.1245e-175 -2.3965e-192 -1.1523e-211 -1.4422e-233 -1.6017e-258 -4.1783e-287 -4.8858e-320 0.0000e+00 0.0000e+00 0.0000e+00 0.0000e+00 0.0000e+00 0.0000e+00 0.0000e+00 0.0000e+00 0.0000e+00 0.0000e+00 0.0000e+00 0.0000e+00 0.0000e+00 0.0000e+00 0.0000e+00 0.0000e+00 0.0000e+00 0.0000e+00 0.0000e+00 0.0000e+00 1.9301e-07 2.4973e-07 2.4858e-07 1.7124e-07 -1.7117e-08 -3.6186e-07 -9.1166e-07 -1.7072e-06 -2.7663e-06 -4.0682e-06 -5.5417e-06 -7.0631e-06 -8.4676e-06 -9.5751e-06 -1.0226e-05 0.0000e+00 -9.8386e-06 -8.8552e-06 -7.5168e-06 -6.0100e-06 -4.5190e-06 -3.1897e-06 -2.1091e-06 -1.3035e-06 -7.5110e-07 -4.0239e-07 -1.9983e-07 -9.1683e-08 -3.8726e-08 -1.5000e-08 -5.3055e-09 -1.7058e-09 -4.9604e-10 -1.2977e-10 -3.0361e-11 -6.3126e-12 -1.1584e-12 -1.8620e-13 -2.6003e-14 -3.1271e-15 -3.2072e-16 -2.7757e-17 -2.0039e-18 -1.1916e-19 -5.7569e-21 -2.2255e-22 -6.7709e-24 -1.5919e-25 -2.8347e-27 -3.7393e-29 -3.5656e-31 -2.3921e-33 -1.0957e-35 -3.3142e-38 -6.3786e-41 -7.4951e-44 -5.1336e-47 -1.9461e-50 -3.8522e-54 -3.7288e-58 -1.6391e-62 -3.0087e-67 -2.0967e-72 -4.9765e-78 -3.5533e-84 -6.6193e-91 -2.7303e-98 -2.0628e-106 -2.2903e-115 -2.8901e-125 -3.0677e-136 -1.9207e-148 -4.6615e-162 -2.6592e-177 -1.9577e-194 -9.0226e-214 -1.0809e-235 -1.1473e-260 -2.8555e-289 -3.1620e-322 0.0000e+00 0.0000e+00 0.0000e+00 0.0000e+00 0.0000e+00 0.0000e+00 0.0000e+00 0.0000e+00 0.0000e+00 0.0000e+00 0.0000e+00 0.0000e+00 0.0000e+00 0.0000e+00 0.0000e+00 0.0000e+00 0.0000e+00 0.0000e+00 0.0000e+00 0.0000e+00
