1.0995e-04 -8.8344e-05 -1.0814e-04 -1.2479e-04 -1.3939e-04 -1.5253e-04 -1.6453e-04 -1.7563e-04 -1.8597e-04 -1.9566e-04 -2.0478e-04 -2.1339e-04 -2.2155e-04 -2.2929e-04 -2.3665e-04 -2.4366e-04 -2.5033e-04 -2.5669e-04 -2.6275e-04 -2.6852e-04 -2.7403e-04 -2.7928e-04 -2.8427e-04 -2.8902e-04 -2.9354e-04 -2.9783e-04 -3.0190e-04 -3.0576e-04 -3.0940e-04 -3.1284e-04 -3.1607e-04 -3.1912e-04 -3.2196e-04 -3.2462e-04 -3.2710e-04 -3.2939e-04 -3.3151e-04 -3.3345e-04 -3.3522e-04 -3.3682e-04 -3.3825e-04 -3.3952e-04 -3.4063e-04 -3.4159e-04 -3.4239e-04 -3.4303e-04 -3.4353e-04 -3.4389e-04 -3.4410e-04 -3.4417e-04 -3.4410e-04 -3.4390e-04 -3.4356e-04 -3.4310e-04 -3.4251e-04 -3.4179e-04 -3.4096e-04 -3.4000e-04 -3.3893e-04 -3.3775e-04 -3.3646e-04 -3.3506e-04 -3.3356e-04 -3.3195e-04 -3.3025e-04 -3.2845e-04 -3.2656e-04 -3.2457e-04 -3.2250e-04 -3.2035e-04 -3.1811e-04 -3.1580e-04 -3.1341e-04 -3.1094e-04 -3.0841e-04 -3.0581e-04 -3.0314e-04 -3.0041e-04 -2.9762e-04 -2.9477e-04 -2.9187e-04 -2.8892e-04 -2.8592e-04 -2.8288e-04 -2.7979e-04 -2.7666e-04 -2.7349e-04 -2.7029e-04 -2.6705e-04 -2.6378e-04 -2.6049e-04 -2.5717e-04 -2.5382e-04 -2.5046e-04 -2.4707e-04 -2.4367e-04 -2.4026e-04 -2.3683e-04 -2.3339e-04 -2.2995e-04 0.0000e+00 8.8344e-05 1.0814e-04 1.2479e-04 1.3939e-04 1.5253e-04 1.6453e-04 1.7563e-04 1.8597e-04 1.9566e-04 2.0478e-04 2.1339e-04 2.2155e-04 2.2929e-04 2.3665e-04 2.4366e-04 2.5033e-04 2.5669e-04 2.6275e-04 2.6852e-04 2.7403e-04 2.7927e-04 2.8427e-04 2.8902e-04 2.9354e-04 2.9783e-04 3.0190e-04 3.0575e-04 3.0939e-04 3.1283e-04 3.1607e-04 3.1911e-04 3.2196e-04 3.2462e-04 3.2709e-04 3.2938e-04 3.3150e-04 3.3344e-04 3.3521e-04 3.3681e-04 3.3824e-04 3.3951e-04 3.4062e-04 3.4157e-04 3.4237e-04 3.4302e-04 3.4352e-04 3.4387e-04 3.4408e-04 3.4415e-04 3.4408e-04 3.4388e-04 3.4354e-04 3.4308e-04 3.4249e-04 3.4177e-04 3.4094e-04 3.3998e-04 3.3891e-04 3.3773e-04 3.3643e-04 3.3503e-04 3.3353e-04 3.3192e-04 3.3022e-04 3.2842e-04 3.2653e-04 3.2454e-04 3.2247e-04 3.2032e-04 3.1808e-04 3.1577e-04 3.1337e-04 3.1091e-04 3.0837e-04 3.0577e-04 3.0310e-04 3.0037e-04 2.9758e-04 2.9474e-04 2.9184e-04 2.8888e-04 2.8588e-04 2.8284e-04 2.7975e-04 2.7662e-04 2.7345e-04 2.7025e-04 2.6701e-04 2.6374e-04 2.6045e-04 2.5712e-04 2.5378e-04 2.5041e-04 2.4703e-04 2.4363e-04 2.4021e-04 2.3678e-04 2.3335e-04 2.2990e-04
-8.8344e-05 4.3979e-04 -1.5289e-04 -1.7642e-04 -1.9707e-04 -2.1564e-04 -2.3262e-04 -2.4831e-04 -2.6292e-04 -2.7662e-04 -2.8951e-04 -3.0169e-04 -3.1323e-04 -3.2418e-04 -3.3458e-04 -3.4449e-04 -3.5392e-04 -3.6291e-04 -3.7148e-04 -3.7965e-04 -3.8743e-04 -3.9485e-04 -4.0191e-04 -4.0863e-04 -4.1502e-04 -4.2109e-04 -4.2684e-04 -4.3229e-04 -4.3745e-04 -4.4231e-04 -4.4689e-04 -4.5119e-04 -4.5522e-04 -4.5898e-04 -4.6248e-04 -4.6573e-04 -4.6872e-04 -4.7147e-04 -4.7397e-04 -4.7623e-04 -4.7826e-04 -4.8006e-04 -4.8164e-04 -4.8299e-04 -4.8412e-04 -4.8504e-04 -4.8575e-04 -4.8625e-04 -4.8655e-04 -4.8665e-04 -4.8656e-04 -4.8628e-04 -4.8581e-04 -4.8515e-04 -4.8432e-04 -4.8331e-04 -4.8214e-04 -4.8079e-04 -4.7928e-04 -4.7761e-04 -4.7579e-04 -4.7381e-04 -4.7169e-04 -4.6943e-04 -4.6702e-04 -4.6448e-04 -4.6181e-04 -4.5901e-04 -4.5608e-04 -4.5304e-04 -4.4988e-04 -4.4661e-04 -4.4323e-04 -4.3975e-04 -4.3617e-04 -4.3249e-04 -4.2873e-04 -4.2487e-04 -4.2093e-04 -4.1691e-04 -4.1281e-04 -4.0864e-04 -4.0440e-04 -4.0010e-04 -3.9573e-04 -3.9131e-04 -3.8684e-04 -3.8231e-04 -3.7773e-04 -3.7312e-04 -3.6846e-04 -3.6377e-04 -3.5904e-04 -3.5428e-04 -3.4950e-04 -3.4469e-04 -3.3986e-04 -3.3502e-04 -3.3016e-04 -3.2529e-04 8.8344e-05 0.0000e+00 1.5289e-04 1.7642e-04 1.9707e-04 2.1564e-04 2.3262e-04 2.4831e-04 2.6292e-04 2.7662e-04 2.8951e-04 3.0169e-04 3.1322e-04 3.2417e-04 3.3458e-04 3.4448e-04 3.5391e-04 3.6290e-04 3.7147e-04 3.7963e-04 3.8742e-04 3.9483e-04 4.0189e-04 4.0861e-04 4.1500e-04 4.2107e-04 4.2682e-04 4.3227e-04 4.3742e-04 4.4228e-04 4.4685e-04 4.5115e-04 4.5518e-04 4.5894e-04 4.6244e-04 4.6568e-04 4.6867e-04 4.7141e-04 4.7391e-04 4.7617e-04 4.7820e-04 4.7999e-04 4.8156e-04 4.8291e-04 4.8404e-04 4.8496e-04 4.8566e-04 4.8616e-04 4.8646e-04 4.8656e-04 4.8646e-04 4.8617e-04 4.8570e-04 4.8504e-04 4.8420e-04 4.8319e-04 4.8201e-04 4.8066e-04 4.7915e-04 4.7748e-04 4.7565e-04 4.7367e-04 4.7154e-04 4.6927e-04 4.6686e-04 4.6432e-04 4.6164e-04 4.5884e-04 4.5591e-04 4.5286e-04 4.4970e-04 4.4643e-04 4.4304e-04 4.3956e-04 4.3597e-04 4.3229e-04 4.2852e-04 4.2466e-04 4.2072e-04 4.1669e-04 4.1259e-04 4.0842e-04 4.0418e-04 3.9987e-04 3.9551e-04 3.9108e-04 3.8660e-04 3.8207e-04 3.7750e-04 3.7288e-04 3.6822e-04 3.6352e-04 3.5879e-04 3.5403e-04 3.4925e-04 3.4444e-04 3.3961e-04 3.3476e-04 3.2990e-04 3.2503e-04
-1.0814e-04 -1.5289e-04 9.8951e-04 -2.1597e-04 -2.4124e-04 -2.6398e-04 -2.8476e-04 -3.0396e-04 -3.2185e-04 -3.3862e-04 -3.5441e-04 -3.6932e-04 -3.8344e-04 -3.9684e-04 -4.0958e-04 -4.2171e-04 -4.3326e-04 -4.4426e-04 -4.5475e-04 -4.6476e-04 -4.7429e-04 -4.8337e-04 -4.9202e-04 -5.0025e-04 -5.0807e-04 -5.1550e-04 -5.2255e-04 -5.2923e-04 -5.3554e-04 -5.4149e-04 -5.4710e-04 -5.5237e-04 -5.5731e-04 -5.6192e-04 -5.6621e-04 -5.7019e-04 -5.7386e-04 -5.7722e-04 -5.8029e-04 -5.8307e-04 -5.8556e-04 -5.8776e-04 -5.8970e-04 -5.9135e-04 -5.9275e-04 -5.9388e-04 -5.9475e-04 -5.9537e-04 -5.9575e-04 -5.9588e-04 -5.9577e-04 -5.9543e-04 -5.9486e-04 -5.9407e-04 -5.9305e-04 -5.9183e-04 -5.9039e-04 -5.8875e-04 -5.8691e-04 -5.8487e-04 -5.8265e-04 -5.8023e-04 -5.7764e-04 -5.7487e-04 -5.7194e-04 -5.6883e-04 -5.6557e-04 -5.6214e-04 -5.5857e-04 -5.5485e-04 -5.5099e-04 -5.4699e-04 -5.4287e-04 -5.3861e-04 -5.3423e-04 -5.2974e-04 -5.2513e-04 -5.2041e-04 -5.1559e-04 -5.1068e-04 -5.0567e-04 -5.0057e-04 -4.9538e-04 -4.9012e-04 -4.8478e-04 -4.7937e-04 -4.7390e-04 -4.6836e-04 -4.6276e-04 -4.5711e-04 -4.5142e-04 -4.4567e-04 -4.3989e-04 -4.3407e-04 -4.2822e-04 -4.2234e-04 -4.1643e-04 -4.1050e-04 -4.0456e-04 -3.9860e-04 1.0814e-04 1.5289e-04 0.0000e+00 2.1597e-04 2.4124e-04 2.6397e-04 2.8475e-04 3.0396e-04 3.2185e-04 3.3862e-04 3.5440e-04 3.6931e-04 3.8343e-04 3.9683e-04 4.0957e-04 4.2169e-04 4.3323e-04 4.4424e-04 4.5472e-04 4.6472e-04 4.7425e-04 4.8333e-04 4.9197e-04 5.0020e-04 5.0801e-04 5.1544e-04 5.2248e-04 5.2915e-04 5.3546e-04 5.4141e-04 5.4701e-04 5.5227e-04 5.5720e-04 5.6180e-04 5.6609e-04 5.7005e-04 5.7371e-04 5.7707e-04 5.8013e-04 5.8290e-04 5.8538e-04 5.8758e-04 5.8950e-04 5.9115e-04 5.9253e-04 5.9365e-04 5.9452e-04 5.9513e-04 5.9549e-04 5.9561e-04 5.9549e-04 5.9514e-04 5.9456e-04 5.9375e-04 5.9273e-04 5.9149e-04 5.9004e-04 5.8839e-04 5.8654e-04 5.8449e-04 5.8226e-04 5.7983e-04 5.7723e-04 5.7445e-04 5.7150e-04 5.6839e-04 5.6511e-04 5.6168e-04 5.5809e-04 5.5436e-04 5.5049e-04 5.4648e-04 5.4235e-04 5.3808e-04 5.3369e-04 5.2919e-04 5.2457e-04 5.1984e-04 5.1502e-04 5.1009e-04 5.0507e-04 4.9996e-04 4.9477e-04 4.8950e-04 4.8415e-04 4.7873e-04 4.7325e-04 4.6771e-04 4.6210e-04 4.5645e-04 4.5075e-04 4.4500e-04 4.3921e-04 4.3338e-04 4.2752e-04 4.2164e-04 4.1573e-04 4.0979e-04 4.0385e-04 3.9788e-04
-1.2479e-04 -1.7642e-04 -2.1597e-04 1.7591e-03 -2.7837e-04 -3.0460e-04 -3.2858e-04 -3.5074e-04 -3.7139e-04 -3.9074e-04 -4.0895e-04 -4.2616e-04 -4.4246e-04 -4.5792e-04 -4.7263e-04 -4.8662e-04 -4.9995e-04 -5.1266e-04 -5.2476e-04 -5.3631e-04 -5.4731e-04 -5.5779e-04 -5.6778e-04 -5.7728e-04 -5.8631e-04 -5.9489e-04 -6.0303e-04 -6.1074e-04 -6.1803e-04 -6.2491e-04 -6.3138e-04 -6.3747e-04 -6.4317e-04 -6.4850e-04 -6.5346e-04 -6.5805e-04 -6.6229e-04 -6.6619e-04 -6.6973e-04 -6.7295e-04 -6.7583e-04 -6.7838e-04 -6.8062e-04 -6.8254e-04 -6.8416e-04 -6.8547e-04 -6.8649e-04 -6.8722e-04 -6.8766e-04 -6.8782e-04 -6.8770e-04 -6.8732e-04 -6.8667e-04 -6.8577e-04 -6.8461e-04 -6.8320e-04 -6.8156e-04 -6.7967e-04 -6.7756e-04 -6.7522e-04 -6.7266e-04 -6.6989e-04 -6.6691e-04 -6.6372e-04 -6.6034e-04 -6.5677e-04 -6.5301e-04 -6.4907e-04 -6.4496e-04 -6.4068e-04 -6.3623e-04 -6.3163e-04 -6.2688e-04 -6.2197e-04 -6.1693e-04 -6.1175e-04 -6.0644e-04 -6.0101e-04 -5.9546e-04 -5.8979e-04 -5.8402e-04 -5.7814e-04 -5.7217e-04 -5.6610e-04 -5.5995e-04 -5.5372e-04 -5.4740e-04 -5.4102e-04 -5.3457e-04 -5.2806e-04 -5.2149e-04 -5.1487e-04 -5.0820e-04 -5.0149e-04 -4.9474e-04 -4.8796e-04 -4.8115e-04 -4.7431e-04 -4.6746e-04 -4.6058e-04 1.2479e-04 1.7642e-04 2.1597e-04 0.0000e+00 2.7836e-04 3.0460e-04 3.2858e-04 3.5074e-04 3.7138e-04 3.9073e-04 4.0894e-04 4.2614e-04 4.4243e-04 4.5790e-04 4.7260e-04 4.8658e-04 4.9991e-04 5.1260e-04 5.2470e-04 5.3624e-04 5.4723e-04 5.5771e-04 5.6768e-04 5.7717e-04 5.8619e-04 5.9476e-04 6.0289e-04 6.1058e-04 6.1786e-04 6.2473e-04 6.3119e-04 6.3726e-04 6.4295e-04 6.4826e-04 6.5320e-04 6.5778e-04 6.6200e-04 6.6588e-04 6.6941e-04 6.7260e-04 6.7546e-04 6.7800e-04 6.8022e-04 6.8212e-04 6.8372e-04 6.8501e-04 6.8601e-04 6.8671e-04 6.8713e-04 6.8727e-04 6.8713e-04 6.8673e-04 6.8606e-04 6.8513e-04 6.8395e-04 6.8252e-04 6.8085e-04 6.7894e-04 6.7680e-04 6.7444e-04 6.7186e-04 6.6906e-04 6.6606e-04 6.6285e-04 6.5945e-04 6.5586e-04 6.5208e-04 6.4811e-04 6.4398e-04 6.3968e-04 6.3521e-04 6.3058e-04 6.2581e-04 6.2089e-04 6.1582e-04 6.1062e-04 6.0530e-04 5.9984e-04 5.9427e-04 5.8859e-04 5.8280e-04 5.7690e-04 5.7091e-04 5.6483e-04 5.5866e-04 5.5241e-04 5.4608e-04 5.3968e-04 5.3322e-04 5.2669e-04 5.2011e-04 5.1348e-04 5.0680e-04 5.0008e-04 4.9332e-04 4.8652e-04 4.7970e-04 4.7286e-04 4.6599e-04 4.5911e-04
-1.3939e-04 -1.9707e-04 -2.4124e-04 -2.7837e-04 2.7486e-03 -3.4025e-04 -3.6704e-04 -3.9179e-04 -4.1486e-04 -4.3647e-04 -4.5682e-04 -4.7604e-04 -4.9425e-04 -5.1153e-04 -5.2796e-04 -5.4360e-04 -5.5849e-04 -5.7268e-04 -5.8621e-04 -5.9911e-04 -6.1141e-04 -6.2313e-04 -6.3428e-04 -6.4490e-04 -6.5500e-04 -6.6459e-04 -6.7369e-04 -6.8231e-04 -6.9046e-04 -6.9815e-04 -7.0540e-04 -7.1220e-04 -7.1858e-04 -7.2454e-04 -7.3009e-04 -7.3524e-04 -7.3998e-04 -7.4434e-04 -7.4832e-04 -7.5192e-04 -7.5515e-04 -7.5801e-04 -7.6053e-04 -7.6269e-04 -7.6451e-04 -7.6599e-04 -7.6714e-04 -7.6796e-04 -7.6847e-04 -7.6866e-04 -7.6854e-04 -7.6813e-04 -7.6742e-04 -7.6642e-04 -7.6514e-04 -7.6359e-04 -7.6176e-04 -7.5967e-04 -7.5733e-04 -7.5473e-04 -7.5188e-04 -7.4880e-04 -7.4549e-04 -7.4194e-04 -7.3818e-04 -7.3421e-04 -7.3002e-04 -7.2564e-04 -7.2106e-04 -7.1629e-04 -7.1134e-04 -7.0621e-04 -7.0091e-04 -6.9545e-04 -6.8983e-04 -6.8405e-04 -6.7814e-04 -6.7208e-04 -6.6589e-04 -6.5957e-04 -6.5314e-04 -6.4658e-04 -6.3992e-04 -6.3316e-04 -6.2629e-04 -6.1934e-04 -6.1230e-04 -6.0518e-04 -5.9798e-04 -5.9072e-04 -5.8339e-04 -5.7600e-04 -5.6856e-04 -5.6107e-04 -5.5354e-04 -5.4597e-04 -5.3837e-04 -5.3074e-04 -5.2308e-04 -5.1541e-04 1.3939e-04 1.9707e-04 2.4124e-04 2.7836e-04 0.0000e+00 3.4024e-04 3.6703e-04 3.9178e-04 4.1484e-04 4.3645e-04 4.5679e-04 4.7601e-04 4.9421e-04 5.1148e-04 5.2790e-04 5.4353e-04 5.5841e-04 5.7259e-04 5.8611e-04 5.9899e-04 6.1127e-04 6.2298e-04 6.3412e-04 6.4472e-04 6.5480e-04 6.6437e-04 6.7344e-04 6.8204e-04 6.9017e-04 6.9784e-04 7.0506e-04 7.1184e-04 7.1819e-04 7.2413e-04 7.2965e-04 7.3476e-04 7.3948e-04 7.4380e-04 7.4775e-04 7.5132e-04 7.5451e-04 7.5735e-04 7.5982e-04 7.6195e-04 7.6373e-04 7.6518e-04 7.6629e-04 7.6708e-04 7.6754e-04 7.6770e-04 7.6755e-04 7.6709e-04 7.6634e-04 7.6531e-04 7.6399e-04 7.6239e-04 7.6053e-04 7.5840e-04 7.5601e-04 7.5337e-04 7.5049e-04 7.4736e-04 7.4401e-04 7.4043e-04 7.3663e-04 7.3261e-04 7.2839e-04 7.2396e-04 7.1934e-04 7.1454e-04 7.0955e-04 7.0438e-04 6.9905e-04 6.9355e-04 6.8789e-04 6.8208e-04 6.7613e-04 6.7004e-04 6.6382e-04 6.5747e-04 6.5100e-04 6.4442e-04 6.3772e-04 6.3093e-04 6.2404e-04 6.1706e-04 6.0999e-04 6.0284e-04 5.9562e-04 5.8833e-04 5.8098e-04 5.7357e-04 5.6611e-04 5.5860e-04 5.5105e-04 5.4346e-04 5.3584e-04 5.2820e-04 5.2053e-04 5.1284e-04
-1.5253e-04 -2.1564e-04 -2.6398e-04 -3.0460e-04 -3.4025e-04 3.9579e-03 -4.0163e-04 -4.2872e-04 -4.5396e-04 -4.7762e-04 -4.9989e-04 -5.2092e-04 -5.4085e-04 -5.5976e-04 -5.7775e-04 -5.9486e-04 -6.1116e-04 -6.2670e-04 -6.4151e-04 -6.5563e-04 -6.6909e-04 -6.8192e-04 -6.9414e-04 -7.0577e-04 -7.1683e-04 -7.2733e-04 -7.3730e-04 -7.4674e-04 -7.5567e-04 -7.6410e-04 -7.7204e-04 -7.7950e-04 -7.8649e-04 -7.9303e-04 -7.9911e-04 -8.0476e-04 -8.0996e-04 -8.1475e-04 -8.1911e-04 -8.2307e-04 -8.2662e-04 -8.2977e-04 -8.3254e-04 -8.3492e-04 -8.3693e-04 -8.3856e-04 -8.3984e-04 -8.4076e-04 -8.4133e-04 -8.4156e-04 -8.4145e-04 -8.4102e-04 -8.4026e-04 -8.3919e-04 -8.3781e-04 -8.3613e-04 -8.3415e-04 -8.3188e-04 -8.2933e-04 -8.2651e-04 -8.2341e-04 -8.2006e-04 -8.1645e-04 -8.1260e-04 -8.0850e-04 -8.0417e-04 -7.9961e-04 -7.9483e-04 -7.8983e-04 -7.8463e-04 -7.7923e-04 -7.7364e-04 -7.6786e-04 -7.6190e-04 -7.5577e-04 -7.4947e-04 -7.4301e-04 -7.3640e-04 -7.2964e-04 -7.2275e-04 -7.1572e-04 -7.0856e-04 -7.0129e-04 -6.9390e-04 -6.8640e-04 -6.7881e-04 -6.7111e-04 -6.6333e-04 -6.5547e-04 -6.4753e-04 -6.3953e-04 -6.3145e-04 -6.2332e-04 -6.1513e-04 -6.0690e-04 -5.9863e-04 -5.9032e-04 -5.8198e-04 -5.7361e-04 -5.6522e-04 1.5253e-04 2.1564e-04 2.6397e-04 3.0460e-04 3.4024e-04 0.0000e+00 4.0162e-04 4.2870e-04 4.5394e-04 4.7758e-04 4.9984e-04 5.2087e-04 5.4078e-04 5.5969e-04 5.7765e-04 5.9475e-04 6.1103e-04 6.2655e-04 6.4134e-04 6.5544e-04 6.6888e-04 6.8168e-04 6.9388e-04 7.0548e-04 7.1650e-04 7.2698e-04 7.3691e-04 7.4632e-04 7.5521e-04 7.6360e-04 7.7150e-04 7.7892e-04 7.8588e-04 7.9237e-04 7.9841e-04 8.0401e-04 8.0917e-04 8.1390e-04 8.1822e-04 8.2212e-04 8.2562e-04 8.2872e-04 8.3143e-04 8.3376e-04 8.3571e-04 8.3729e-04 8.3850e-04 8.3937e-04 8.3988e-04 8.4005e-04 8.3988e-04 8.3938e-04 8.3857e-04 8.3743e-04 8.3599e-04 8.3424e-04 8.3220e-04 8.2987e-04 8.2726e-04 8.2437e-04 8.2121e-04 8.1780e-04 8.1412e-04 8.1021e-04 8.0605e-04 8.0165e-04 7.9703e-04 7.9219e-04 7.8713e-04 7.8187e-04 7.7641e-04 7.7076e-04 7.6492e-04 7.5891e-04 7.5272e-04 7.4636e-04 7.3985e-04 7.3319e-04 7.2638e-04 7.1943e-04 7.1235e-04 7.0515e-04 6.9782e-04 6.9039e-04 6.8285e-04 6.7521e-04 6.6747e-04 6.5965e-04 6.5175e-04 6.4378e-04 6.3573e-04 6.2762e-04 6.1946e-04 6.1124e-04 6.0298e-04 5.9468e-04 5.8634e-04 5.7797e-04 5.6958e-04 5.6117e-04
-1.6453e-04 -2.3262e-04 -2.8476e-04 -3.2858e-04 -3.6704e-04 -4.0163e-04 5.3870e-03 -4.6248e-04 -4.8971e-04 -5.1523e-04 -5.3925e-04 -5.6195e-04 -5.8345e-04 -6.0386e-04 -6.2326e-04 -6.4173e-04 -6.5932e-04 -6.7609e-04 -6.9208e-04 -7.0732e-04 -7.2185e-04 -7.3570e-04 -7.4889e-04 -7.6144e-04 -7.7338e-04 -7.8472e-04 -7.9549e-04 -8.0568e-04 -8.1533e-04 -8.2444e-04 -8.3302e-04 -8.4109e-04 -8.4865e-04 -8.5571e-04 -8.6229e-04 -8.6840e-04 -8.7404e-04 -8.7921e-04 -8.8394e-04 -8.8823e-04 -8.9208e-04 -8.9550e-04 -8.9851e-04 -9.0110e-04 -9.0328e-04 -9.0507e-04 -9.0647e-04 -9.0749e-04 -9.0813e-04 -9.0840e-04 -9.0831e-04 -9.0786e-04 -9.0707e-04 -9.0594e-04 -9.0447e-04 -9.0268e-04 -9.0057e-04 -8.9815e-04 -8.9542e-04 -8.9240e-04 -8.8909e-04 -8.8550e-04 -8.8163e-04 -8.7750e-04 -8.7310e-04 -8.6845e-04 -8.6356e-04 -8.5843e-04 -8.5306e-04 -8.4748e-04 -8.4167e-04 -8.3566e-04 -8.2945e-04 -8.2304e-04 -8.1645e-04 -8.0968e-04 -8.0273e-04 -7.9562e-04 -7.8836e-04 -7.8094e-04 -7.7337e-04 -7.6567e-04 -7.5784e-04 -7.4989e-04 -7.4182e-04 -7.3365e-04 -7.2536e-04 -7.1699e-04 -7.0852e-04 -6.9997e-04 -6.9135e-04 -6.8265e-04 -6.7389e-04 -6.6508e-04 -6.5621e-04 -6.4729e-04 -6.3834e-04 -6.2935e-04 -6.2033e-04 -6.1129e-04 1.6453e-04 2.3262e-04 2.8475e-04 3.2858e-04 3.6703e-04 4.0162e-04 0.0000e+00 4.6245e-04 4.8967e-04 5.1518e-04 5.3919e-04 5.6187e-04 5.8336e-04 6.0374e-04 6.2312e-04 6.4157e-04 6.5913e-04 6.7587e-04 6.9183e-04 7.0704e-04 7.2154e-04 7.3535e-04 7.4850e-04 7.6101e-04 7.7291e-04 7.8420e-04 7.9492e-04 8.0507e-04 8.1466e-04 8.2371e-04 8.3224e-04 8.4024e-04 8.4774e-04 8.5474e-04 8.6126e-04 8.6730e-04 8.7286e-04 8.7797e-04 8.8263e-04 8.8684e-04 8.9061e-04 8.9396e-04 8.9688e-04 8.9939e-04 9.0149e-04 9.0320e-04 9.0451e-04 9.0544e-04 9.0599e-04 9.0618e-04 9.0600e-04 9.0546e-04 9.0458e-04 9.0335e-04 9.0180e-04 8.9991e-04 8.9771e-04 8.9520e-04 8.9238e-04 8.8926e-04 8.8586e-04 8.8217e-04 8.7821e-04 8.7398e-04 8.6950e-04 8.6476e-04 8.5977e-04 8.5455e-04 8.4910e-04 8.4342e-04 8.3753e-04 8.3144e-04 8.2514e-04 8.1865e-04 8.1197e-04 8.0512e-04 7.9809e-04 7.9090e-04 7.8356e-04 7.7606e-04 7.6843e-04 7.6066e-04 7.5276e-04 7.4474e-04 7.3660e-04 7.2836e-04 7.2002e-04 7.1158e-04 7.0306e-04 6.9445e-04 6.8578e-04 6.7703e-04 6.6822e-04 6.5936e-04 6.5045e-04 6.4149e-04 6.3250e-04 6.2347e-04 6.1442e-04 6.0535e-04
-1.7563e-04 -2.4831e-04 -3.0396e-04 -3.5074e-04 -3.9179e-04 -4.2872e-04 -4.6248e-04 7.0359e-03 -5.2275e-04 -5.4999e-04 -5.7564e-04 -5.9988e-04 -6.2283e-04 -6.4462e-04 -6.6534e-04 -6.8506e-04 -7.0385e-04 -7.2176e-04 -7.3883e-04 -7.5511e-04 -7.7063e-04 -7.8543e-04 -7.9952e-04 -8.1294e-04 -8.2569e-04 -8.3782e-04 -8.4932e-04 -8.6022e-04 -8.7054e-04 -8.8028e-04 -8.8946e-04 -8.9809e-04 -9.0618e-04 -9.1374e-04 -9.2079e-04 -9.2733e-04 -9.3337e-04 -9.3892e-04 -9.4399e-04 -9.4859e-04 -9.5272e-04 -9.5640e-04 -9.5963e-04 -9.6243e-04 -9.6479e-04 -9.6672e-04 -9.6825e-04 -9.6936e-04 -9.7007e-04 -9.7039e-04 -9.7032e-04 -9.6987e-04 -9.6906e-04 -9.6788e-04 -9.6634e-04 -9.6446e-04 -9.6224e-04 -9.5969e-04 -9.5681e-04 -9.5362e-04 -9.5011e-04 -9.4631e-04 -9.4221e-04 -9.3782e-04 -9.3316e-04 -9.2823e-04 -9.2304e-04 -9.1759e-04 -9.1189e-04 -9.0596e-04 -8.9979e-04 -8.9341e-04 -8.8680e-04 -8.7999e-04 -8.7298e-04 -8.6578e-04 -8.5839e-04 -8.5083e-04 -8.4309e-04 -8.3520e-04 -8.2715e-04 -8.1895e-04 -8.1062e-04 -8.0215e-04 -7.9356e-04 -7.8485e-04 -7.7603e-04 -7.6711e-04 -7.5810e-04 -7.4899e-04 -7.3980e-04 -7.3053e-04 -7.2120e-04 -7.1180e-04 -7.0235e-04 -6.9285e-04 -6.8330e-04 -6.7372e-04 -6.6410e-04 -6.5446e-04 1.7563e-04 2.4831e-04 3.0396e-04 3.5074e-04 3.9178e-04 4.2870e-04 4.6245e-04 0.0000e+00 5.2270e-04 5.4992e-04 5.7556e-04 5.9977e-04 6.2270e-04 6.4446e-04 6.6515e-04 6.8484e-04 7.0359e-04 7.2146e-04 7.3849e-04 7.5473e-04 7.7020e-04 7.8494e-04 7.9898e-04 8.1234e-04 8.2503e-04 8.3709e-04 8.4853e-04 8.5936e-04 8.6960e-04 8.7926e-04 8.8836e-04 8.9691e-04 9.0492e-04 9.1239e-04 9.1934e-04 9.2579e-04 9.3173e-04 9.3718e-04 9.4215e-04 9.4665e-04 9.5068e-04 9.5425e-04 9.5737e-04 9.6005e-04 9.6229e-04 9.6411e-04 9.6551e-04 9.6651e-04 9.6710e-04 9.6729e-04 9.6710e-04 9.6653e-04 9.6558e-04 9.6428e-04 9.6262e-04 9.6060e-04 9.5825e-04 9.5557e-04 9.5256e-04 9.4924e-04 9.4560e-04 9.4167e-04 9.3744e-04 9.3293e-04 9.2814e-04 9.2308e-04 9.1776e-04 9.1218e-04 9.0636e-04 9.0031e-04 8.9402e-04 8.8751e-04 8.8079e-04 8.7386e-04 8.6673e-04 8.5942e-04 8.5192e-04 8.4424e-04 8.3640e-04 8.2840e-04 8.2025e-04 8.1196e-04 8.0352e-04 7.9496e-04 7.8628e-04 7.7748e-04 7.6858e-04 7.5957e-04 7.5047e-04 7.4129e-04 7.3203e-04 7.2269e-04 7.1329e-04 7.0383e-04 6.9431e-04 6.8475e-04 6.7515e-04 6.6552e-04 6.5586e-04 6.4618e-04
-1.8597e-04 -2.6292e-04 -3.2185e-04 -3.7139e-04 -4.1486e-04 -4.5396e-04 -4.8971e-04 -5.2275e-04 8.9046e-03 -5.8239e-04 -6.0955e-04 -6.3522e-04 -6.5953e-04 -6.8261e-04 -7.0456e-04 -7.2545e-04 -7.4535e-04 -7.6432e-04 -7.8241e-04 -7.9966e-04 -8.1611e-04 -8.3179e-04 -8.4673e-04 -8.6095e-04 -8.7448e-04 -8.8733e-04 -8.9953e-04 -9.1110e-04 -9.2204e-04 -9.3237e-04 -9.4212e-04 -9.5128e-04 -9.5987e-04 -9.6790e-04 -9.7539e-04 -9.8234e-04 -9.8876e-04 -9.9467e-04 -1.0001e-03 -1.0050e-03 -1.0094e-03 -1.0133e-03 -1.0168e-03 -1.0197e-03 -1.0223e-03 -1.0244e-03 -1.0260e-03 -1.0272e-03 -1.0280e-03 -1.0284e-03 -1.0283e-03 -1.0279e-03 -1.0271e-03 -1.0259e-03 -1.0243e-03 -1.0223e-03 -1.0200e-03 -1.0173e-03 -1.0143e-03 -1.0110e-03 -1.0073e-03 -1.0033e-03 -9.9901e-04 -9.9440e-04 -9.8950e-04 -9.8431e-04 -9.7885e-04 -9.7312e-04 -9.6712e-04 -9.6087e-04 -9.5438e-04 -9.4765e-04 -9.4069e-04 -9.3351e-04 -9.2612e-04 -9.1853e-04 -9.1074e-04 -9.0276e-04 -8.9460e-04 -8.8627e-04 -8.7778e-04 -8.6913e-04 -8.6033e-04 -8.5139e-04 -8.4232e-04 -8.3313e-04 -8.2381e-04 -8.1439e-04 -8.0486e-04 -7.9524e-04 -7.8553e-04 -7.7574e-04 -7.6588e-04 -7.5595e-04 -7.4595e-04 -7.3591e-04 -7.2582e-04 -7.1568e-04 -7.0552e-04 -6.9532e-04 1.8597e-04 2.6292e-04 3.2185e-04 3.7138e-04 4.1484e-04 4.5394e-04 4.8967e-04 5.2270e-04 0.0000e+00 5.8229e-04 6.0943e-04 6.3507e-04 6.5935e-04 6.8239e-04 7.0430e-04 7.2515e-04 7.4500e-04 7.6392e-04 7.8196e-04 7.9915e-04 8.1553e-04 8.3114e-04 8.4601e-04 8.6015e-04 8.7359e-04 8.8636e-04 8.9847e-04 9.0994e-04 9.2079e-04 9.3102e-04 9.4065e-04 9.4970e-04 9.5818e-04 9.6609e-04 9.7346e-04 9.8028e-04 9.8657e-04 9.9235e-04 9.9761e-04 1.0024e-03 1.0066e-03 1.0104e-03 1.0137e-03 1.0166e-03 1.0189e-03 1.0209e-03 1.0223e-03 1.0234e-03 1.0240e-03 1.0242e-03 1.0240e-03 1.0234e-03 1.0224e-03 1.0210e-03 1.0193e-03 1.0171e-03 1.0147e-03 1.0118e-03 1.0086e-03 1.0051e-03 1.0013e-03 9.9709e-04 9.9262e-04 9.8784e-04 9.8277e-04 9.7741e-04 9.7178e-04 9.6587e-04 9.5971e-04 9.5330e-04 9.4664e-04 9.3975e-04 9.3263e-04 9.2529e-04 9.1775e-04 9.1000e-04 9.0206e-04 8.9393e-04 8.8563e-04 8.7716e-04 8.6853e-04 8.5975e-04 8.5082e-04 8.4175e-04 8.3256e-04 8.2324e-04 8.1381e-04 8.0428e-04 7.9464e-04 7.8492e-04 7.7511e-04 7.6523e-04 7.5527e-04 7.4525e-04 7.3518e-04 7.2506e-04 7.1489e-04 7.0469e-04 6.9446e-04 6.8421e-04
-1.9566e-04 -2.7662e-04 -3.3862e-04 -3.9074e-04 -4.3647e-04 -4.7762e-04 -5.1523e-04 -5.4999e-04 -5.8239e-04 1.0993e-02 -6.4133e-04 -6.6834e-04 -6.9393e-04 -7.1822e-04 -7.4132e-04 -7.6331e-04 -7.8426e-04 -8.0424e-04 -8.2328e-04 -8.4145e-04 -8.5877e-04 -8.7528e-04 -8.9102e-04 -9.0600e-04 -9.2025e-04 -9.3380e-04 -9.4666e-04 -9.5884e-04 -9.7038e-04 -9.8128e-04 -9.9155e-04 -1.0012e-03 -1.0103e-03 -1.0188e-03 -1.0267e-03 -1.0340e-03 -1.0408e-03 -1.0471e-03 -1.0528e-03 -1.0580e-03 -1.0626e-03 -1.0668e-03 -1.0705e-03 -1.0737e-03 -1.0764e-03 -1.0786e-03 -1.0804e-03 -1.0817e-03 -1.0825e-03 -1.0830e-03 -1.0830e-03 -1.0826e-03 -1.0817e-03 -1.0805e-03 -1.0789e-03 -1.0768e-03 -1.0745e-03 -1.0717e-03 -1.0686e-03 -1.0651e-03 -1.0613e-03 -1.0571e-03 -1.0526e-03 -1.0478e-03 -1.0427e-03 -1.0373e-03 -1.0316e-03 -1.0256e-03 -1.0193e-03 -1.0128e-03 -1.0060e-03 -9.9897e-04 -9.9169e-04 -9.8417e-04 -9.7644e-04 -9.6848e-04 -9.6033e-04 -9.5197e-04 -9.4342e-04 -9.3469e-04 -9.2579e-04 -9.1672e-04 -9.0750e-04 -8.9813e-04 -8.8861e-04 -8.7897e-04 -8.6920e-04 -8.5931e-04 -8.4932e-04 -8.3922e-04 -8.2903e-04 -8.1875e-04 -8.0840e-04 -7.9797e-04 -7.8748e-04 -7.7693e-04 -7.6633e-04 -7.5569e-04 -7.4500e-04 -7.3429e-04 1.9566e-04 2.7662e-04 3.3862e-04 3.9073e-04 4.3645e-04 4.7758e-04 5.1518e-04 5.4992e-04 5.8229e-04 0.0000e+00 6.4118e-04 6.6815e-04 6.9370e-04 7.1794e-04 7.4099e-04 7.6292e-04 7.8381e-04 8.0372e-04 8.2269e-04 8.4078e-04 8.5801e-04 8.7444e-04 8.9008e-04 9.0496e-04 9.1910e-04 9.3254e-04 9.4528e-04 9.5734e-04 9.6875e-04 9.7952e-04 9.8965e-04 9.9917e-04 1.0081e-03 1.0164e-03 1.0242e-03 1.0313e-03 1.0380e-03 1.0440e-03 1.0496e-03 1.0546e-03 1.0591e-03 1.0630e-03 1.0665e-03 1.0695e-03 1.0720e-03 1.0740e-03 1.0756e-03 1.0767e-03 1.0774e-03 1.0776e-03 1.0774e-03 1.0767e-03 1.0757e-03 1.0742e-03 1.0724e-03 1.0701e-03 1.0675e-03 1.0645e-03 1.0612e-03 1.0575e-03 1.0534e-03 1.0490e-03 1.0443e-03 1.0393e-03 1.0340e-03 1.0283e-03 1.0224e-03 1.0162e-03 1.0097e-03 1.0030e-03 9.9595e-04 9.8870e-04 9.8121e-04 9.7349e-04 9.6555e-04 9.5740e-04 9.4905e-04 9.4050e-04 9.3177e-04 9.2285e-04 9.1377e-04 9.0453e-04 8.9514e-04 8.8560e-04 8.7593e-04 8.6613e-04 8.5621e-04 8.4617e-04 8.3604e-04 8.2581e-04 8.1549e-04 8.0509e-04 7.9461e-04 7.8407e-04 7.7348e-04 7.6283e-04 7.5213e-04 7.4140e-04 7.3064e-04 7.1985e-04
-2.0478e-04 -2.8951e-04 -3.5441e-04 -4.0895e-04 -4.5682e-04 -4.9989e-04 -5.3925e-04 -5.7564e-04 -6.0955e-04 -6.4133e-04 1.3301e-02 -6.9954e-04 -7.2633e-04 -7.5176e-04 -7.7595e-04 -7.9897e-04 -8.2092e-04 -8.4183e-04 -8.6179e-04 -8.8082e-04 -8.9896e-04 -9.1627e-04 -9.3275e-04 -9.4846e-04 -9.6340e-04 -9.7760e-04 -9.9108e-04 -1.0039e-03 -1.0160e-03 -1.0274e-03 -1.0382e-03 -1.0483e-03 -1.0579e-03 -1.0668e-03 -1.0751e-03 -1.0828e-03 -1.0899e-03 -1.0965e-03 -1.1025e-03 -1.1080e-03 -1.1129e-03 -1.1173e-03 -1.1212e-03 -1.1246e-03 -1.1275e-03 -1.1299e-03 -1.1318e-03 -1.1332e-03 -1.1341e-03 -1.1346e-03 -1.1347e-03 -1.1343e-03 -1.1335e-03 -1.1322e-03 -1.1306e-03 -1.1285e-03 -1.1261e-03 -1.1232e-03 -1.1200e-03 -1.1164e-03 -1.1125e-03 -1.1082e-03 -1.1035e-03 -1.0985e-03 -1.0932e-03 -1.0876e-03 -1.0817e-03 -1.0755e-03 -1.0690e-03 -1.0622e-03 -1.0551e-03 -1.0478e-03 -1.0402e-03 -1.0324e-03 -1.0243e-03 -1.0161e-03 -1.0076e-03 -9.9886e-04 -9.8996e-04 -9.8086e-04 -9.7159e-04 -9.6214e-04 -9.5252e-04 -9.4275e-04 -9.3283e-04 -9.2277e-04 -9.1258e-04 -9.0226e-04 -8.9183e-04 -8.8129e-04 -8.7066e-04 -8.5993e-04 -8.4912e-04 -8.3823e-04 -8.2727e-04 -8.1625e-04 -8.0518e-04 -7.9406e-04 -7.8290e-04 -7.7170e-04 2.0478e-04 2.8951e-04 3.5440e-04 4.0894e-04 4.5679e-04 4.9984e-04 5.3919e-04 5.7556e-04 6.0943e-04 6.4118e-04 0.0000e+00 6.9929e-04 7.2603e-04 7.5140e-04 7.7552e-04 7.9848e-04 8.2034e-04 8.4118e-04 8.6103e-04 8.7996e-04 8.9800e-04 9.1519e-04 9.3156e-04 9.4713e-04 9.6194e-04 9.7600e-04 9.8933e-04 1.0020e-03 1.0139e-03 1.0252e-03 1.0358e-03 1.0457e-03 1.0551e-03 1.0638e-03 1.0719e-03 1.0794e-03 1.0863e-03 1.0927e-03 1.0985e-03 1.1037e-03 1.1084e-03 1.1126e-03 1.1162e-03 1.1194e-03 1.1220e-03 1.1241e-03 1.1257e-03 1.1269e-03 1.1276e-03 1.1278e-03 1.1276e-03 1.1269e-03 1.1258e-03 1.1243e-03 1.1224e-03 1.1200e-03 1.1173e-03 1.1141e-03 1.1106e-03 1.1068e-03 1.1025e-03 1.0979e-03 1.0930e-03 1.0877e-03 1.0822e-03 1.0763e-03 1.0700e-03 1.0635e-03 1.0568e-03 1.0497e-03 1.0424e-03 1.0348e-03 1.0269e-03 1.0189e-03 1.0106e-03 1.0020e-03 9.9328e-04 9.8434e-04 9.7519e-04 9.6587e-04 9.5636e-04 9.4669e-04 9.3686e-04 9.2688e-04 9.1675e-04 9.0649e-04 8.9611e-04 8.8561e-04 8.7500e-04 8.6430e-04 8.5350e-04 8.4261e-04 8.3165e-04 8.2062e-04 8.0953e-04 7.9838e-04 7.8719e-04 7.7595e-04 7.6469e-04 7.5340e-04
-2.1339e-04 -3.0169e-04 -3.6932e-04 -4.2616e-04 -4.7604e-04 -5.2092e-04 -5.6195e-04 -5.9988e-04 -6.3522e-04 -6.6834e-04 -6.9954e-04 1.5829e-02 -7.5694e-04 -7.8345e-04 -8.0867e-04 -8.3268e-04 -8.5556e-04 -8.7738e-04 -8.9819e-04 -9.1804e-04 -9.3697e-04 -9.5502e-04 -9.7223e-04 -9.8861e-04 -1.0042e-03 -1.0190e-03 -1.0331e-03 -1.0465e-03 -1.0591e-03 -1.0711e-03 -1.0823e-03 -1.0929e-03 -1.1029e-03 -1.1122e-03 -1.1209e-03 -1.1290e-03 -1.1365e-03 -1.1434e-03 -1.1497e-03 -1.1555e-03 -1.1607e-03 -1.1653e-03 -1.1694e-03 -1.1730e-03 -1.1760e-03 -1.1785e-03 -1.1806e-03 -1.1821e-03 -1.1831e-03 -1.1837e-03 -1.1838e-03 -1.1835e-03 -1.1827e-03 -1.1814e-03 -1.1798e-03 -1.1777e-03 -1.1752e-03 -1.1723e-03 -1.1690e-03 -1.1653e-03 -1.1612e-03 -1.1568e-03 -1.1520e-03 -1.1469e-03 -1.1414e-03 -1.1356e-03 -1.1295e-03 -1.1231e-03 -1.1164e-03 -1.1093e-03 -1.1020e-03 -1.0944e-03 -1.0866e-03 -1.0785e-03 -1.0702e-03 -1.0616e-03 -1.0528e-03 -1.0438e-03 -1.0345e-03 -1.0251e-03 -1.0155e-03 -1.0057e-03 -9.9570e-04 -9.8556e-04 -9.7526e-04 -9.6482e-04 -9.5424e-04 -9.4352e-04 -9.3269e-04 -9.2174e-04 -9.1069e-04 -8.9954e-04 -8.8831e-04 -8.7699e-04 -8.6560e-04 -8.5414e-04 -8.4263e-04 -8.3106e-04 -8.1945e-04 -8.0781e-04 2.1339e-04 3.0169e-04 3.6931e-04 4.2614e-04 4.7601e-04 5.2087e-04 5.6187e-04 5.9977e-04 6.3507e-04 6.6815e-04 6.9929e-04 0.0000e+00 7.5657e-04 7.8301e-04 8.0815e-04 8.3207e-04 8.5485e-04 8.7656e-04 8.9725e-04 9.1698e-04 9.3578e-04 9.5369e-04 9.7075e-04 9.8698e-04 1.0024e-03 1.0171e-03 1.0310e-03 1.0441e-03 1.0566e-03 1.0683e-03 1.0793e-03 1.0897e-03 1.0995e-03 1.1085e-03 1.1170e-03 1.1248e-03 1.1320e-03 1.1387e-03 1.1447e-03 1.1502e-03 1.1551e-03 1.1594e-03 1.1632e-03 1.1664e-03 1.1692e-03 1.1714e-03 1.1731e-03 1.1743e-03 1.1750e-03 1.1752e-03 1.1750e-03 1.1743e-03 1.1732e-03 1.1716e-03 1.1696e-03 1.1671e-03 1.1643e-03 1.1610e-03 1.1573e-03 1.1533e-03 1.1489e-03 1.1441e-03 1.1390e-03 1.1335e-03 1.1277e-03 1.1215e-03 1.1151e-03 1.1083e-03 1.1012e-03 1.0939e-03 1.0862e-03 1.0783e-03 1.0701e-03 1.0617e-03 1.0531e-03 1.0442e-03 1.0351e-03 1.0257e-03 1.0162e-03 1.0065e-03 9.9659e-04 9.8651e-04 9.7627e-04 9.6586e-04 9.5531e-04 9.4463e-04 9.3381e-04 9.2287e-04 9.1181e-04 9.0065e-04 8.8940e-04 8.7805e-04 8.6663e-04 8.5514e-04 8.4358e-04 8.3196e-04 8.2030e-04 8.0859e-04 7.9685e-04 7.8509e-04
-2.2155e-04 -3.1323e-04 -3.8344e-04 -4.4246e-04 -4.9425e-04 -5.4085e-04 -5.8345e-04 -6.2283e-04 -6.5953e-04 -6.9393e-04 -7.2633e-04 -7.5694e-04 1.8576e-02 -8.1349e-04 -8.3968e-04 -8.6463e-04 -8.8840e-04 -9.1107e-04 -9.3270e-04 -9.5333e-04 -9.7301e-04 -9.9178e-04 -1.0097e-03 -1.0267e-03 -1.0429e-03 -1.0584e-03 -1.0730e-03 -1.0869e-03 -1.1001e-03 -1.1125e-03 -1.1243e-03 -1.1353e-03 -1.1457e-03 -1.1554e-03 -1.1645e-03 -1.1729e-03 -1.1808e-03 -1.1880e-03 -1.1946e-03 -1.2006e-03 -1.2060e-03 -1.2109e-03 -1.2152e-03 -1.2190e-03 -1.2222e-03 -1.2249e-03 -1.2270e-03 -1.2287e-03 -1.2298e-03 -1.2305e-03 -1.2307e-03 -1.2304e-03 -1.2296e-03 -1.2284e-03 -1.2267e-03 -1.2246e-03 -1.2221e-03 -1.2191e-03 -1.2158e-03 -1.2120e-03 -1.2079e-03 -1.2033e-03 -1.1984e-03 -1.1932e-03 -1.1875e-03 -1.1816e-03 -1.1753e-03 -1.1687e-03 -1.1618e-03 -1.1545e-03 -1.1470e-03 -1.1392e-03 -1.1311e-03 -1.1228e-03 -1.1142e-03 -1.1053e-03 -1.0962e-03 -1.0869e-03 -1.0774e-03 -1.0677e-03 -1.0577e-03 -1.0476e-03 -1.0373e-03 -1.0268e-03 -1.0162e-03 -1.0054e-03 -9.9442e-04 -9.8334e-04 -9.7213e-04 -9.6080e-04 -9.4937e-04 -9.3783e-04 -9.2620e-04 -9.1448e-04 -9.0268e-04 -8.9082e-04 -8.7889e-04 -8.6691e-04 -8.5488e-04 -8.4281e-04 2.2155e-04 3.1322e-04 3.8343e-04 4.4243e-04 4.9421e-04 5.4078e-04 5.8336e-04 6.2270e-04 6.5935e-04 6.9370e-04 7.2603e-04 7.5657e-04 0.0000e+00 8.1295e-04 8.3905e-04 8.6388e-04 8.8753e-04 9.1008e-04 9.3156e-04 9.5204e-04 9.7156e-04 9.9016e-04 1.0079e-03 1.0247e-03 1.0407e-03 1.0559e-03 1.0704e-03 1.0840e-03 1.0970e-03 1.1091e-03 1.1206e-03 1.1314e-03 1.1415e-03 1.1509e-03 1.1597e-03 1.1678e-03 1.1753e-03 1.1822e-03 1.1885e-03 1.1941e-03 1.1992e-03 1.2037e-03 1.2077e-03 1.2110e-03 1.2139e-03 1.2162e-03 1.2179e-03 1.2192e-03 1.2199e-03 1.2202e-03 1.2199e-03 1.2192e-03 1.2180e-03 1.2164e-03 1.2143e-03 1.2117e-03 1.2088e-03 1.2054e-03 1.2016e-03 1.1974e-03 1.1928e-03 1.1879e-03 1.1825e-03 1.1768e-03 1.1708e-03 1.1644e-03 1.1577e-03 1.1507e-03 1.1433e-03 1.1357e-03 1.1277e-03 1.1195e-03 1.1111e-03 1.1023e-03 1.0933e-03 1.0841e-03 1.0746e-03 1.0650e-03 1.0551e-03 1.0450e-03 1.0347e-03 1.0242e-03 1.0136e-03 1.0028e-03 9.9184e-04 9.8074e-04 9.6951e-04 9.5815e-04 9.4667e-04 9.3509e-04 9.2340e-04 9.1162e-04 8.9976e-04 8.8783e-04 8.7583e-04 8.6377e-04 8.5166e-04 8.3951e-04 8.2732e-04 8.1510e-04
-2.2929e-04 -3.2418e-04 -3.9684e-04 -4.5792e-04 -5.1153e-04 -5.5976e-04 -6.0386e-04 -6.4462e-04 -6.8261e-04 -7.1822e-04 -7.5176e-04 -7.8345e-04 -8.1349e-04 2.1543e-02 -8.6914e-04 -8.9497e-04 -9.1960e-04 -9.4308e-04 -9.6548e-04 -9.8686e-04 -1.0073e-03 -1.0267e-03 -1.0453e-03 -1.0629e-03 -1.0797e-03 -1.0957e-03 -1.1109e-03 -1.1254e-03 -1.1390e-03 -1.1520e-03 -1.1642e-03 -1.1756e-03 -1.1864e-03 -1.1966e-03 -1.2060e-03 -1.2148e-03 -1.2229e-03 -1.2305e-03 -1.2373e-03 -1.2436e-03 -1.2493e-03 -1.2544e-03 -1.2589e-03 -1.2629e-03 -1.2663e-03 -1.2691e-03 -1.2714e-03 -1.2732e-03 -1.2745e-03 -1.2752e-03 -1.2755e-03 -1.2752e-03 -1.2745e-03 -1.2733e-03 -1.2717e-03 -1.2695e-03 -1.2670e-03 -1.2640e-03 -1.2606e-03 -1.2568e-03 -1.2526e-03 -1.2479e-03 -1.2429e-03 -1.2376e-03 -1.2318e-03 -1.2257e-03 -1.2193e-03 -1.2125e-03 -1.2054e-03 -1.1980e-03 -1.1903e-03 -1.1823e-03 -1.1740e-03 -1.1654e-03 -1.1566e-03 -1.1475e-03 -1.1381e-03 -1.1286e-03 -1.1188e-03 -1.1087e-03 -1.0985e-03 -1.0881e-03 -1.0775e-03 -1.0667e-03 -1.0557e-03 -1.0446e-03 -1.0333e-03 -1.0219e-03 -1.0103e-03 -9.9866e-04 -9.8686e-04 -9.7496e-04 -9.6296e-04 -9.5087e-04 -9.3869e-04 -9.2645e-04 -9.1413e-04 -9.0176e-04 -8.8934e-04 -8.7687e-04 2.2929e-04 3.2417e-04 3.9683e-04 4.5790e-04 5.1148e-04 5.5969e-04 6.0374e-04 6.4446e-04 6.8239e-04 7.1794e-04 7.5140e-04 7.8301e-04 8.1295e-04 0.0000e+00 8.6837e-04 8.9407e-04 9.1856e-04 9.4188e-04 9.6412e-04 9.8531e-04 1.0055e-03 1.0248e-03 1.0431e-03 1.0605e-03 1.0771e-03 1.0928e-03 1.1078e-03 1.1219e-03 1.1353e-03 1.1479e-03 1.1598e-03 1.1709e-03 1.1814e-03 1.1912e-03 1.2002e-03 1.2086e-03 1.2164e-03 1.2235e-03 1.2300e-03 1.2359e-03 1.2411e-03 1.2458e-03 1.2499e-03 1.2534e-03 1.2563e-03 1.2587e-03 1.2605e-03 1.2618e-03 1.2626e-03 1.2628e-03 1.2626e-03 1.2618e-03 1.2606e-03 1.2589e-03 1.2567e-03 1.2541e-03 1.2510e-03 1.2475e-03 1.2436e-03 1.2393e-03 1.2345e-03 1.2294e-03 1.2239e-03 1.2180e-03 1.2117e-03 1.2051e-03 1.1982e-03 1.1909e-03 1.1833e-03 1.1754e-03 1.1672e-03 1.1587e-03 1.1499e-03 1.1408e-03 1.1315e-03 1.1220e-03 1.1122e-03 1.1022e-03 1.0919e-03 1.0815e-03 1.0709e-03 1.0600e-03 1.0490e-03 1.0378e-03 1.0265e-03 1.0150e-03 1.0034e-03 9.9163e-04 9.7976e-04 9.6777e-04 9.5567e-04 9.4348e-04 9.3121e-04 9.1886e-04 9.0644e-04 8.9396e-04 8.8142e-04 8.6884e-04 8.5623e-04 8.4359e-04
-2.3665e-04 -3.3458e-04 -4.0958e-04 -4.7263e-04 -5.2796e-04 -5.7775e-04 -6.2326e-04 -6.6534e-04 -7.0456e-04 -7.4132e-04 -7.7595e-04 -8.0867e-04 -8.3968e-04 -8.6914e-04 2.4730e-02 -9.2384e-04 -9.4927e-04 -9.7354e-04 -9.9668e-04 -1.0188e-03 -1.0399e-03 -1.0600e-03 -1.0791e-03 -1.0974e-03 -1.1148e-03 -1.1314e-03 -1.1471e-03 -1.1620e-03 -1.1762e-03 -1.1896e-03 -1.2022e-03 -1.2141e-03 -1.2253e-03 -1.2358e-03 -1.2456e-03 -1.2547e-03 -1.2632e-03 -1.2710e-03 -1.2782e-03 -1.2847e-03 -1.2907e-03 -1.2960e-03 -1.3007e-03 -1.3049e-03 -1.3085e-03 -1.3115e-03 -1.3139e-03 -1.3158e-03 -1.3172e-03 -1.3181e-03 -1.3184e-03 -1.3182e-03 -1.3175e-03 -1.3164e-03 -1.3148e-03 -1.3127e-03 -1.3101e-03 -1.3071e-03 -1.3037e-03 -1.2998e-03 -1.2955e-03 -1.2908e-03 -1.2858e-03 -1.2803e-03 -1.2745e-03 -1.2682e-03 -1.2617e-03 -1.2548e-03 -1.2475e-03 -1.2399e-03 -1.2321e-03 -1.2239e-03 -1.2154e-03 -1.2066e-03 -1.1975e-03 -1.1882e-03 -1.1787e-03 -1.1688e-03 -1.1588e-03 -1.1485e-03 -1.1380e-03 -1.1273e-03 -1.1164e-03 -1.1053e-03 -1.0941e-03 -1.0827e-03 -1.0711e-03 -1.0593e-03 -1.0475e-03 -1.0355e-03 -1.0233e-03 -1.0111e-03 -9.9875e-04 -9.8631e-04 -9.7378e-04 -9.6118e-04 -9.4850e-04 -9.3577e-04 -9.2298e-04 -9.1014e-04 2.3665e-04 3.3458e-04 4.0957e-04 4.7260e-04 5.2790e-04 5.7765e-04 6.2312e-04 6.6515e-04 7.0430e-04 7.4099e-04 7.7552e-04 8.0815e-04 8.3905e-04 8.6837e-04 0.0000e+00 9.2278e-04 9.4804e-04 9.7212e-04 9.9507e-04 1.0169e-03 1.0378e-03 1.0577e-03 1.0766e-03 1.0946e-03 1.1117e-03 1.1279e-03 1.1433e-03 1.1579e-03 1.1717e-03 1.1848e-03 1.1970e-03 1.2085e-03 1.2193e-03 1.2294e-03 1.2388e-03 1.2474e-03 1.2555e-03 1.2628e-03 1.2695e-03 1.2755e-03 1.2810e-03 1.2858e-03 1.2900e-03 1.2936e-03 1.2966e-03 1.2991e-03 1.3010e-03 1.3023e-03 1.3031e-03 1.3034e-03 1.3031e-03 1.3023e-03 1.3011e-03 1.2993e-03 1.2971e-03 1.2944e-03 1.2912e-03 1.2876e-03 1.2835e-03 1.2790e-03 1.2741e-03 1.2688e-03 1.2631e-03 1.2571e-03 1.2506e-03 1.2438e-03 1.2366e-03 1.2291e-03 1.2213e-03 1.2131e-03 1.2046e-03 1.1959e-03 1.1868e-03 1.1775e-03 1.1679e-03 1.1580e-03 1.1479e-03 1.1376e-03 1.1270e-03 1.1162e-03 1.1052e-03 1.0941e-03 1.0827e-03 1.0712e-03 1.0595e-03 1.0476e-03 1.0356e-03 1.0235e-03 1.0112e-03 9.9883e-04 9.8635e-04 9.7377e-04 9.6110e-04 9.4835e-04 9.3553e-04 9.2265e-04 9.0971e-04 8.9673e-04 8.8371e-04 8.7066e-04
-2.4366e-04 -3.4449e-04 -4.2171e-04 -4.8662e-04 -5.4360e-04 -5.9486e-04 -6.4173e-04 -6.8506e-04 -7.2545e-04 -7.6331e-04 -7.9897e-04 -8.3268e-04 -8.6463e-04 -8.9497e-04 -9.2384e-04 2.8136e-02 -9.7755e-04 -1.0026e-03 -1.0264e-03 -1.0492e-03 -1.0709e-03 -1.0917e-03 -1.1114e-03 -1.1303e-03 -1.1483e-03 -1.1653e-03 -1.1816e-03 -1.1970e-03 -1.2116e-03 -1.2254e-03 -1.2385e-03 -1.2508e-03 -1.2624e-03 -1.2733e-03 -1.2834e-03 -1.2929e-03 -1.3017e-03 -1.3098e-03 -1.3173e-03 -1.3241e-03 -1.3303e-03 -1.3358e-03 -1.3408e-03 -1.3451e-03 -1.3489e-03 -1.3520e-03 -1.3547e-03 -1.3567e-03 -1.3582e-03 -1.3592e-03 -1.3596e-03 -1.3595e-03 -1.3589e-03 -1.3578e-03 -1.3562e-03 -1.3541e-03 -1.3516e-03 -1.3486e-03 -1.3451e-03 -1.3412e-03 -1.3369e-03 -1.3322e-03 -1.3270e-03 -1.3215e-03 -1.3156e-03 -1.3093e-03 -1.3026e-03 -1.2956e-03 -1.2882e-03 -1.2805e-03 -1.2724e-03 -1.2641e-03 -1.2554e-03 -1.2465e-03 -1.2372e-03 -1.2277e-03 -1.2179e-03 -1.2079e-03 -1.1976e-03 -1.1871e-03 -1.1764e-03 -1.1654e-03 -1.1543e-03 -1.1429e-03 -1.1314e-03 -1.1197e-03 -1.1078e-03 -1.0958e-03 -1.0836e-03 -1.0713e-03 -1.0589e-03 -1.0463e-03 -1.0337e-03 -1.0209e-03 -1.0081e-03 -9.9513e-04 -9.8212e-04 -9.6904e-04 -9.5591e-04 -9.4272e-04 2.4366e-04 3.4448e-04 4.2169e-04 4.8658e-04 5.4353e-04 5.9475e-04 6.4157e-04 6.8484e-04 7.2515e-04 7.6292e-04 7.9848e-04 8.3207e-04 8.6388e-04 8.9407e-04 9.2278e-04 0.0000e+00 9.7610e-04 1.0009e-03 1.0245e-03 1.0470e-03 1.0685e-03 1.0890e-03 1.1084e-03 1.1270e-03 1.1446e-03 1.1613e-03 1.1772e-03 1.1922e-03 1.2064e-03 1.2198e-03 1.2324e-03 1.2443e-03 1.2554e-03 1.2658e-03 1.2754e-03 1.2844e-03 1.2926e-03 1.3002e-03 1.3071e-03 1.3133e-03 1.3189e-03 1.3238e-03 1.3282e-03 1.3319e-03 1.3350e-03 1.3375e-03 1.3395e-03 1.3409e-03 1.3417e-03 1.3419e-03 1.3417e-03 1.3409e-03 1.3396e-03 1.3378e-03 1.3355e-03 1.3327e-03 1.3294e-03 1.3257e-03 1.3215e-03 1.3169e-03 1.3119e-03 1.3064e-03 1.3005e-03 1.2943e-03 1.2876e-03 1.2806e-03 1.2732e-03 1.2655e-03 1.2574e-03 1.2490e-03 1.2403e-03 1.2313e-03 1.2219e-03 1.2123e-03 1.2024e-03 1.1923e-03 1.1819e-03 1.1712e-03 1.1603e-03 1.1492e-03 1.1379e-03 1.1264e-03 1.1147e-03 1.1029e-03 1.0908e-03 1.0786e-03 1.0662e-03 1.0538e-03 1.0411e-03 1.0284e-03 1.0155e-03 1.0026e-03 9.8954e-04 9.7641e-04 9.6322e-04 9.4995e-04 9.3663e-04 9.2327e-04 9.0986e-04 8.9643e-04
-2.5033e-04 -3.5392e-04 -4.3326e-04 -4.9995e-04 -5.5849e-04 -6.1116e-04 -6.5932e-04 -7.0385e-04 -7.4535e-04 -7.8426e-04 -8.2092e-04 -8.5556e-04 -8.8840e-04 -9.1960e-04 -9.4927e-04 -9.7755e-04 3.1761e-02 -1.0302e-03 -1.0548e-03 -1.0782e-03 -1.1006e-03 -1.1219e-03 -1.1423e-03 -1.1617e-03 -1.1802e-03 -1.1978e-03 -1.2145e-03 -1.2304e-03 -1.2455e-03 -1.2597e-03 -1.2732e-03 -1.2859e-03 -1.2979e-03 -1.3091e-03 -1.3196e-03 -1.3294e-03 -1.3385e-03 -1.3469e-03 -1.3547e-03 -1.3618e-03 -1.3682e-03 -1.3740e-03 -1.3791e-03 -1.3837e-03 -1.3876e-03 -1.3910e-03 -1.3938e-03 -1.3959e-03 -1.3976e-03 -1.3987e-03 -1.3992e-03 -1.3992e-03 -1.3987e-03 -1.3976e-03 -1.3961e-03 -1.3940e-03 -1.3915e-03 -1.3885e-03 -1.3851e-03 -1.3812e-03 -1.3769e-03 -1.3721e-03 -1.3669e-03 -1.3613e-03 -1.3553e-03 -1.3489e-03 -1.3422e-03 -1.3350e-03 -1.3275e-03 -1.3197e-03 -1.3115e-03 -1.3031e-03 -1.2942e-03 -1.2851e-03 -1.2757e-03 -1.2660e-03 -1.2561e-03 -1.2459e-03 -1.2354e-03 -1.2247e-03 -1.2137e-03 -1.2025e-03 -1.1912e-03 -1.1796e-03 -1.1678e-03 -1.1558e-03 -1.1437e-03 -1.1314e-03 -1.1190e-03 -1.1064e-03 -1.0937e-03 -1.0808e-03 -1.0679e-03 -1.0548e-03 -1.0417e-03 -1.0284e-03 -1.0151e-03 -1.0017e-03 -9.8823e-04 -9.7471e-04 2.5033e-04 3.5391e-04 4.3323e-04 4.9991e-04 5.5841e-04 6.1103e-04 6.5913e-04 7.0359e-04 7.4500e-04 7.8381e-04 8.2034e-04 8.5485e-04 8.8753e-04 9.1856e-04 9.4804e-04 9.7610e-04 0.0000e+00 1.0283e-03 1.0526e-03 1.0757e-03 1.0978e-03 1.1188e-03 1.1388e-03 1.1578e-03 1.1759e-03 1.1931e-03 1.2094e-03 1.2249e-03 1.2394e-03 1.2532e-03 1.2662e-03 1.2784e-03 1.2898e-03 1.3004e-03 1.3103e-03 1.3195e-03 1.3280e-03 1.3358e-03 1.3429e-03 1.3493e-03 1.3550e-03 1.3601e-03 1.3645e-03 1.3684e-03 1.3716e-03 1.3742e-03 1.3762e-03 1.3776e-03 1.3784e-03 1.3787e-03 1.3784e-03 1.3776e-03 1.3762e-03 1.3744e-03 1.3720e-03 1.3692e-03 1.3658e-03 1.3620e-03 1.3577e-03 1.3529e-03 1.3478e-03 1.3422e-03 1.3361e-03 1.3297e-03 1.3229e-03 1.3157e-03 1.3081e-03 1.3001e-03 1.2918e-03 1.2832e-03 1.2742e-03 1.2650e-03 1.2554e-03 1.2455e-03 1.2353e-03 1.2249e-03 1.2142e-03 1.2033e-03 1.1921e-03 1.1807e-03 1.1691e-03 1.1573e-03 1.1452e-03 1.1330e-03 1.1207e-03 1.1081e-03 1.0954e-03 1.0826e-03 1.0696e-03 1.0565e-03 1.0433e-03 1.0300e-03 1.0166e-03 1.0031e-03 9.8958e-04 9.7596e-04 9.6227e-04 9.4854e-04 9.3477e-04 9.2097e-04
