-5.9600e-08 -1.0023e-11 -2.7663e-11 -5.6916e-11 -9.9718e-11 -1.5786e-10 -2.3306e-10 -3.2700e-10 -4.4140e-10 -5.7796e-10 -7.3848e-10 -9.2481e-10 -1.1389e-09 -1.3827e-09 -1.6585e-09 -1.9684e-09 -2.3149e-09 -2.7004e-09 -3.1275e-09 -3.5988e-09 -4.1172e-09 -4.6853e-09 -5.3058e-09 -5.9811e-09 -6.7135e-09 -7.5047e-09 -8.3557e-09 -9.2664e-09 -1.0235e-08 -1.1259e-08 -1.2333e-08 -1.3446e-08 -1.4586e-08 -1.5734e-08 -1.6867e-08 -1.7952e-08 -1.8950e-08 -1.9813e-08 -2.0485e-08 -2.0903e-08 -2.1002e-08 -2.0715e-08 -1.9990e-08 -1.8793e-08 -1.7125e-08 -1.5032e-08 -1.2616e-08 -1.0032e-08 -7.4754e-09 -5.1502e-09 -3.2272e-09 -1.8028e-09 -8.7595e-10 -3.5917e-10 -1.1972e-10 -3.0980e-11 -5.8761e-12 -7.6062e-13 -6.1445e-14 -2.7687e-15 -6.0397e-17 -5.3297e-19 -1.5136e-21 -1.0322e-24 -1.1592e-28 -1.3158e-33 -7.9881e-40 -1.1255e-47 -1.2213e-57 -2.3496e-70 -1.1164e-86 -9.0839e-108 -3.2998e-135 -3.4868e-171 -9.5557e-219 -3.3685e-282 0.0000e+00 0.0000e+00 0.0000e+00 0.0000e+00 0.0000e+00 0.0000e+00 0.0000e+00 0.0000e+00 0.0000e+00 0.0000e+00 0.0000e+00 0.0000e+00 0.0000e+00 0.0000e+00 0.0000e+00 0.0000e+00 0.0000e+00 0.0000e+00 0.0000e+00 0.0000e+00 0.0000e+00 0.0000e+00 0.0000e+00 0.0000e+00 0.0000e+00 1.0023e-11 2.7663e-11 5.6916e-11 9.9718e-11 1.5786e-10 2.3306e-10 3.2700e-10 4.4140e-10 5.7796e-10 7.3848e-10 9.2481e-10 1.1389e-09 1.3827e-09 1.6585e-09 1.9684e-09 2.3149e-09 2.7004e-09 3.1275e-09 3.5988e-09 4.1172e-09 4.6853e-09 5.3058e-09 5.9811e-09 6.7135e-09 7.5047e-09 8.3557e-09 9.2664e-09 1.0235e-08 1.1259e-08 1.2333e-08 1.3446e-08 1.4586e-08 1.5734e-08 1.6867e-08 1.7952e-08 1.8950e-08 1.9813e-08 2.0485e-08 2.0903e-08 2.1002e-08 2.0715e-08 1.9990e-08 1.8793e-08 1.7125e-08 1.5032e-08 1.2616e-08 1.0032e-08 7.4754e-09 5.1502e-09 3.2272e-09 1.8028e-09 8.7595e-10 3.5917e-10 1.1972e-10 3.0980e-11 5.8761e-12 7.6062e-13 6.1445e-14 2.7687e-15 6.0397e-17 5.3297e-19 1.5136e-21 1.0322e-24 1.1592e-28 1.3158e-33 7.9881e-40 1.1255e-47 1.2213e-57 2.3496e-70 1.1164e-86 9.0839e-108 3.2998e-135 3.4868e-171 9.5557e-219 3.3685e-282 0.0000e+00 0.0000e+00 0.0000e+00 0.0000e+00 0.0000e+00 0.0000e+00 0.0000e+00 0.0000e+00 0.0000e+00 0.0000e+00 0.0000e+00 0.0000e+00 0.0000e+00 0.0000e+00 0.0000e+00 0.0000e+00 0.0000e+00 0.0000e+00 0.0000e+00 0.0000e+00 0.0000e+00 0.0000e+00 0.0000e+00 0.0000e+00
-1.0023e-11 3.0248e-10 -1.5664e-10 -3.2228e-10 -5.6463e-10 -8.9385e-10 -1.3197e-09 -1.8516e-09 -2.4993e-09 -3.2726e-09 -4.1815e-09 -5.2366e-09 -6.4487e-09 -7.8294e-09 -9.3909e-09 -1.1146e-08 -1.3108e-08 -1.5290e-08 -1.7709e-08 -2.0378e-08 -2.3313e-08 -2.6530e-08 -3.0043e-08 -3.3867e-08 -3.8014e-08 -4.2494e-08 -4.7312e-08 -5.2469e-08 -5.7956e-08 -6.3755e-08 -6.9831e-08 -7.6134e-08 -8.2589e-08 -8.9092e-08 -9.5505e-08 -1.0165e-07 -1.0730e-07 -1.1219e-07 -1.1599e-07 -1.1836e-07 -1.1892e-07 -1.1730e-07 -1.1319e-07 -1.0641e-07 -9.6966e-08 -8.5116e-08 -7.1435e-08 -5.6804e-08 -4.2328e-08 -2.9162e-08 -1.8274e-08 -1.0208e-08 -4.9599e-09 -2.0337e-09 -6.7792e-10 -1.7542e-10 -3.3272e-11 -4.3069e-12 -3.4792e-13 -1.5677e-14 -3.4199e-16 -3.0178e-18 -8.5704e-21 -5.8444e-24 -6.5638e-28 -7.4504e-33 -4.5231e-39 -6.3730e-47 -6.9153e-57 -1.3305e-69 -6.3216e-86 -5.1436e-107 -1.8685e-134 -1.9743e-170 -5.4108e-218 -1.9074e-281 0.0000e+00 0.0000e+00 0.0000e+00 0.0000e+00 0.0000e+00 0.0000e+00 0.0000e+00 0.0000e+00 0.0000e+00 0.0000e+00 0.0000e+00 0.0000e+00 0.0000e+00 0.0000e+00 0.0000e+00 0.0000e+00 0.0000e+00 0.0000e+00 0.0000e+00 0.0000e+00 0.0000e+00 0.0000e+00 0.0000e+00 0.0000e+00 1.0023e-11 0.0000e+00 1.5664e-10 3.2228e-10 5.6463e-10 8.9385e-10 1.3197e-09 1.8516e-09 2.4993e-09 3.2726e-09 4.1815e-09 5.2366e-09 6.4487e-09 7.8294e-09 9.3909e-09 1.1146e-08 1.3108e-08 1.5290e-08 1.7709e-08 2.0378e-08 2.3313e-08 2.6530e-08 3.0043e-08 3.3867e-08 3.8014e-08 4.2494e-08 4.7312e-08 5.2469e-08 5.7956e-08 6.3755e-08 6.9831e-08 7.6134e-08 8.2589e-08 8.9092e-08 9.5505e-08 1.0165e-07 1.0730e-07 1.1219e-07 1.1599e-07 1.1836e-07 1.1892e-07 1.1730e-07 1.1319e-07 1.0641e-07 9.6966e-08 8.5116e-08 7.1435e-08 5.6804e-08 4.2328e-08 2.9162e-08 1.8274e-08 1.0208e-08 4.9599e-09 2.0337e-09 6.7792e-10 1.7542e-10 3.3272e-11 4.3069e-12 3.4792e-13 1.5677e-14 3.4199e-16 3.0178e-18 8.5704e-21 5.8444e-24 6.5638e-28 7.4504e-33 4.5231e-39 6.3730e-47 6.9152e-57 1.3304e-69 6.3216e-86 5.1436e-107 1.8684e-134 1.9743e-170 5.4107e-218 1.9074e-281 0.0000e+00 0.0000e+00 0.0000e+00 0.0000e+00 0.0000e+00 0.0000e+00 0.0000e+00 0.0000e+00 0.0000e+00 0.0000e+00 0.0000e+00 0.0000e+00 0.0000e+00 0.0000e+00 0.0000e+00 0.0000e+00 0.0000e+00 0.0000e+00 0.0000e+00 0.0000e+00 0.0000e+00 0.0000e+00 0.0000e+00 0.0000e+00
-2.7663e-11 -1.5664e-10 3.4537e-09 -8.8952e-10 -1.5585e-09 -2.4671e-09 -3.6424e-09 -5.1107e-09 -6.8985e-09 -9.0328e-09 -1.1542e-08 -1.4454e-08 -1.7799e-08 -2.1610e-08 -2.5920e-08 -3.0764e-08 -3.6179e-08 -4.2203e-08 -4.8878e-08 -5.6245e-08 -6.4347e-08 -7.3225e-08 -8.2922e-08 -9.3477e-08 -1.0492e-07 -1.1729e-07 -1.3059e-07 -1.4482e-07 -1.5997e-07 -1.7597e-07 -1.9274e-07 -2.1014e-07 -2.2796e-07 -2.4590e-07 -2.6360e-07 -2.8056e-07 -2.9616e-07 -3.0965e-07 -3.2016e-07 -3.2670e-07 -3.2823e-07 -3.2375e-07 -3.1242e-07 -2.9371e-07 -2.6764e-07 -2.3493e-07 -1.9717e-07 -1.5679e-07 -1.1683e-07 -8.0491e-08 -5.0438e-08 -2.8175e-08 -1.3690e-08 -5.6133e-09 -1.8711e-09 -4.8418e-10 -9.1836e-11 -1.1887e-11 -9.6031e-13 -4.3272e-14 -9.4393e-16 -8.3296e-18 -2.3655e-20 -1.6131e-23 -1.8117e-27 -2.0564e-32 -1.2484e-38 -1.7590e-46 -1.9087e-56 -3.6722e-69 -1.7449e-85 -1.4197e-106 -5.1573e-134 -5.4496e-170 -1.4935e-217 -5.2648e-281 0.0000e+00 0.0000e+00 0.0000e+00 0.0000e+00 0.0000e+00 0.0000e+00 0.0000e+00 0.0000e+00 0.0000e+00 0.0000e+00 0.0000e+00 0.0000e+00 0.0000e+00 0.0000e+00 0.0000e+00 0.0000e+00 0.0000e+00 0.0000e+00 0.0000e+00 0.0000e+00 0.0000e+00 0.0000e+00 0.0000e+00 0.0000e+00 2.7663e-11 1.5664e-10 0.0000e+00 8.8952e-10 1.5585e-09 2.4671e-09 3.6424e-09 5.1107e-09 6.8985e-09 9.0328e-09 1.1542e-08 1.4454e-08 1.7799e-08 2.1610e-08 2.5920e-08 3.0764e-08 3.6179e-08 4.2203e-08 4.8878e-08 5.6245e-08 6.4347e-08 7.3225e-08 8.2922e-08 9.3477e-08 1.0492e-07 1.1729e-07 1.3059e-07 1.4482e-07 1.5997e-07 1.7597e-07 1.9274e-07 2.1014e-07 2.2796e-07 2.4590e-07 2.6360e-07 2.8056e-07 2.9616e-07 3.0965e-07 3.2016e-07 3.2670e-07 3.2823e-07 3.2375e-07 3.1242e-07 2.9371e-07 2.6764e-07 2.3493e-07 1.9717e-07 1.5679e-07 1.1683e-07 8.0491e-08 5.0438e-08 2.8175e-08 1.3690e-08 5.6133e-09 1.8711e-09 4.8418e-10 9.1836e-11 1.1887e-11 9.6031e-13 4.3272e-14 9.4393e-16 8.3296e-18 2.3655e-20 1.6131e-23 1.8117e-27 2.0564e-32 1.2484e-38 1.7590e-46 1.9087e-56 3.6722e-69 1.7448e-85 1.4197e-106 5.1572e-134 5.4494e-170 1.4934e-217 5.2646e-281 0.0000e+00 0.0000e+00 0.0000e+00 0.0000e+00 0.0000e+00 0.0000e+00 0.0000e+00 0.0000e+00 0.0000e+00 0.0000e+00 0.0000e+00 0.0000e+00 0.0000e+00 0.0000e+00 0.0000e+00 0.0000e+00 0.0000e+00 0.0000e+00 0.0000e+00 0.0000e+00 0.0000e+00 0.0000e+00 0.0000e+00 0.0000e+00
-5.6916e-11 -3.2228e-10 -8.8952e-10 1.9850e-08 -3.2064e-09 -5.0760e-09 -7.4941e-09 -1.0515e-08 -1.4193e-08 -1.8585e-08 -2.3746e-08 -2.9738e-08 -3.6621e-08 -4.4462e-08 -5.3329e-08 -6.3295e-08 -7.4436e-08 -8.6831e-08 -1.0056e-07 -1.1572e-07 -1.3239e-07 -1.5066e-07 -1.7061e-07 -1.9232e-07 -2.1587e-07 -2.4132e-07 -2.6868e-07 -2.9796e-07 -3.2912e-07 -3.6205e-07 -3.9656e-07 -4.3235e-07 -4.6901e-07 -5.0594e-07 -5.4235e-07 -5.7724e-07 -6.0934e-07 -6.3709e-07 -6.5871e-07 -6.7216e-07 -6.7531e-07 -6.6610e-07 -6.4279e-07 -6.0430e-07 -5.5065e-07 -4.8336e-07 -4.0566e-07 -3.2258e-07 -2.4037e-07 -1.6561e-07 -1.0377e-07 -5.7969e-08 -2.8167e-08 -1.1549e-08 -3.8498e-09 -9.9618e-10 -1.8895e-10 -2.4458e-11 -1.9758e-12 -8.9030e-14 -1.9421e-15 -1.7138e-17 -4.8670e-20 -3.3190e-23 -3.7275e-27 -4.2310e-32 -2.5687e-38 -3.6192e-46 -3.9272e-56 -7.5558e-69 -3.5902e-85 -2.9212e-106 -1.0612e-133 -1.1213e-169 -3.0732e-217 -1.0834e-280 0.0000e+00 0.0000e+00 0.0000e+00 0.0000e+00 0.0000e+00 0.0000e+00 0.0000e+00 0.0000e+00 0.0000e+00 0.0000e+00 0.0000e+00 0.0000e+00 0.0000e+00 0.0000e+00 0.0000e+00 0.0000e+00 0.0000e+00 0.0000e+00 0.0000e+00 0.0000e+00 0.0000e+00 0.0000e+00 0.0000e+00 0.0000e+00 5.6916e-11 3.2228e-10 8.8952e-10 0.0000e+00 3.2064e-09 5.0760e-09 7.4941e-09 1.0515e-08 1.4193e-08 1.8585e-08 2.3746e-08 2.9738e-08 3.6621e-08 4.4462e-08 5.3329e-08 6.3295e-08 7.4436e-08 8.6831e-08 1.0056e-07 1.1572e-07 1.3239e-07 1.5066e-07 1.7061e-07 1.9232e-07 2.1587e-07 2.4132e-07 2.6868e-07 2.9796e-07 3.2912e-07 3.6205e-07 3.9656e-07 4.3235e-07 4.6901e-07 5.0594e-07 5.4235e-07 5.7724e-07 6.0934e-07 6.3709e-07 6.5871e-07 6.7216e-07 6.7531e-07 6.6610e-07 6.4279e-07 6.0430e-07 5.5065e-07 4.8335e-07 4.0566e-07 3.2258e-07 2.4037e-07 1.6561e-07 1.0377e-07 5.7969e-08 2.8167e-08 1.1549e-08 3.8498e-09 9.9618e-10 1.8895e-10 2.4458e-11 1.9758e-12 8.9029e-14 1.9421e-15 1.7138e-17 4.8670e-20 3.3189e-23 3.7275e-27 4.2309e-32 2.5686e-38 3.6191e-46 3.9270e-56 7.5554e-69 3.5899e-85 2.9210e-106 1.0611e-133 1.1212e-169 3.0727e-217 1.0832e-280 0.0000e+00 0.0000e+00 0.0000e+00 0.0000e+00 0.0000e+00 0.0000e+00 0.0000e+00 0.0000e+00 0.0000e+00 0.0000e+00 0.0000e+00 0.0000e+00 0.0000e+00 0.0000e+00 0.0000e+00 0.0000e+00 0.0000e+00 0.0000e+00 0.0000e+00 0.0000e+00 0.0000e+00 0.0000e+00 0.0000e+00 0.0000e+00
-9.9718e-11 -5.6463e-10 -1.5585e-09 -3.2064e-09 7.6082e-08 -8.8932e-09 -1.3130e-08 -1.8422e-08 -2.4867e-08 -3.2560e-08 -4.1604e-08 -5.2101e-08 -6.4161e-08 -7.7898e-08 -9.3433e-08 -1.1089e-07 -1.3041e-07 -1.5213e-07 -1.7619e-07 -2.0275e-07 -2.3195e-07 -2.6395e-07 -2.9891e-07 -3.3695e-07 -3.7822e-07 -4.2279e-07 -4.7073e-07 -5.2204e-07 -5.7663e-07 -6.3432e-07 -6.9478e-07 -7.5749e-07 -8.2171e-07 -8.8641e-07 -9.5021e-07 -1.0113e-06 -1.0676e-06 -1.1162e-06 -1.1541e-06 -1.1776e-06 -1.1832e-06 -1.1670e-06 -1.1262e-06 -1.0587e-06 -9.6475e-07 -8.4685e-07 -7.1073e-07 -5.6517e-07 -4.2114e-07 -2.9014e-07 -1.8181e-07 -1.0156e-07 -4.9349e-08 -2.0234e-08 -6.7450e-09 -1.7453e-09 -3.3104e-10 -4.2851e-11 -3.4617e-12 -1.5598e-13 -3.4027e-15 -3.0027e-17 -8.5274e-20 -5.8151e-23 -6.5310e-27 -7.4133e-32 -4.5007e-38 -6.3415e-46 -6.8813e-56 -1.3240e-68 -6.2912e-85 -5.1192e-106 -1.8597e-133 -1.9653e-169 -5.3869e-217 -1.8993e-280 0.0000e+00 0.0000e+00 0.0000e+00 0.0000e+00 0.0000e+00 0.0000e+00 0.0000e+00 0.0000e+00 0.0000e+00 0.0000e+00 0.0000e+00 0.0000e+00 0.0000e+00 0.0000e+00 0.0000e+00 0.0000e+00 0.0000e+00 0.0000e+00 0.0000e+00 0.0000e+00 0.0000e+00 0.0000e+00 0.0000e+00 0.0000e+00 9.9718e-11 5.6463e-10 1.5585e-09 3.2064e-09 0.0000e+00 8.8932e-09 1.3130e-08 1.8422e-08 2.4867e-08 3.2560e-08 4.1604e-08 5.2101e-08 6.4161e-08 7.7898e-08 9.3433e-08 1.1089e-07 1.3041e-07 1.5213e-07 1.7619e-07 2.0275e-07 2.3195e-07 2.6395e-07 2.9891e-07 3.3695e-07 3.7822e-07 4.2279e-07 4.7073e-07 5.2204e-07 5.7663e-07 6.3432e-07 6.9478e-07 7.5749e-07 8.2171e-07 8.8641e-07 9.5021e-07 1.0113e-06 1.0676e-06 1.1162e-06 1.1541e-06 1.1776e-06 1.1832e-06 1.1670e-06 1.1262e-06 1.0587e-06 9.6475e-07 8.4685e-07 7.1073e-07 5.6516e-07 4.2114e-07 2.9014e-07 1.8181e-07 1.0156e-07 4.9348e-08 2.0234e-08 6.7449e-09 1.7453e-09 3.3104e-10 4.2851e-11 3.4616e-12 1.5598e-13 3.4026e-15 3.0026e-17 8.5270e-20 5.8148e-23 6.5306e-27 7.4127e-32 4.5002e-38 6.3407e-46 6.8802e-56 1.3237e-68 6.2896e-85 5.1176e-106 1.8590e-133 1.9643e-169 5.3833e-217 1.8977e-280 0.0000e+00 0.0000e+00 0.0000e+00 0.0000e+00 0.0000e+00 0.0000e+00 0.0000e+00 0.0000e+00 0.0000e+00 0.0000e+00 0.0000e+00 0.0000e+00 0.0000e+00 0.0000e+00 0.0000e+00 0.0000e+00 0.0000e+00 0.0000e+00 0.0000e+00 0.0000e+00 0.0000e+00 0.0000e+00 0.0000e+00 0.0000e+00
-1.5786e-10 -8.9385e-10 -2.4671e-09 -5.0760e-09 -8.8932e-09 2.2841e-07 -2.0785e-08 -2.9164e-08 -3.9366e-08 -5.1545e-08 -6.5861e-08 -8.2478e-08 -1.0157e-07 -1.2332e-07 -1.4791e-07 -1.7555e-07 -2.0645e-07 -2.4083e-07 -2.7892e-07 -3.2096e-07 -3.6719e-07 -4.1786e-07 -4.7319e-07 -5.3342e-07 -5.9874e-07 -6.6930e-07 -7.4519e-07 -8.2642e-07 -9.1284e-07 -1.0042e-06 -1.0999e-06 -1.1992e-06 -1.3008e-06 -1.4032e-06 -1.5042e-06 -1.6010e-06 -1.6900e-06 -1.7670e-06 -1.8270e-06 -1.8643e-06 -1.8730e-06 -1.8475e-06 -1.7828e-06 -1.6761e-06 -1.5273e-06 -1.3406e-06 -1.1251e-06 -8.9470e-07 -6.6669e-07 -4.5932e-07 -2.8782e-07 -1.6078e-07 -7.8123e-08 -3.2033e-08 -1.0678e-08 -2.7630e-09 -5.2408e-10 -6.7838e-11 -5.4803e-12 -2.4694e-13 -5.3869e-15 -4.7538e-17 -1.3501e-19 -9.2067e-23 -1.0340e-26 -1.1738e-31 -7.1263e-38 -1.0042e-45 -1.0897e-55 -2.0968e-68 -9.9642e-85 -8.1090e-106 -2.9464e-133 -3.1144e-169 -8.5389e-217 -3.0119e-280 0.0000e+00 0.0000e+00 0.0000e+00 0.0000e+00 0.0000e+00 0.0000e+00 0.0000e+00 0.0000e+00 0.0000e+00 0.0000e+00 0.0000e+00 0.0000e+00 0.0000e+00 0.0000e+00 0.0000e+00 0.0000e+00 0.0000e+00 0.0000e+00 0.0000e+00 0.0000e+00 0.0000e+00 0.0000e+00 0.0000e+00 0.0000e+00 1.5786e-10 8.9385e-10 2.4671e-09 5.0760e-09 8.8932e-09 0.0000e+00 2.0785e-08 2.9164e-08 3.9366e-08 5.1545e-08 6.5861e-08 8.2478e-08 1.0157e-07 1.2332e-07 1.4791e-07 1.7555e-07 2.0645e-07 2.4083e-07 2.7892e-07 3.2096e-07 3.6719e-07 4.1786e-07 4.7319e-07 5.3342e-07 5.9874e-07 6.6930e-07 7.4519e-07 8.2642e-07 9.1284e-07 1.0042e-06 1.0999e-06 1.1992e-06 1.3008e-06 1.4032e-06 1.5042e-06 1.6010e-06 1.6900e-06 1.7670e-06 1.8270e-06 1.8643e-06 1.8730e-06 1.8475e-06 1.7828e-06 1.6761e-06 1.5273e-06 1.3406e-06 1.1251e-06 8.9469e-07 6.6668e-07 4.5931e-07 2.8782e-07 1.6078e-07 7.8121e-08 3.2032e-08 1.0678e-08 2.7629e-09 5.2406e-10 6.7835e-11 5.4799e-12 2.4693e-13 5.3865e-15 4.7532e-17 1.3499e-19 9.2052e-23 1.0338e-26 1.1735e-31 7.1242e-38 1.0038e-45 1.0892e-55 2.0955e-68 9.9568e-85 8.1014e-106 2.9429e-133 3.1097e-169 8.5222e-217 3.0042e-280 0.0000e+00 0.0000e+00 0.0000e+00 0.0000e+00 0.0000e+00 0.0000e+00 0.0000e+00 0.0000e+00 0.0000e+00 0.0000e+00 0.0000e+00 0.0000e+00 0.0000e+00 0.0000e+00 0.0000e+00 0.0000e+00 0.0000e+00 0.0000e+00 0.0000e+00 0.0000e+00 0.0000e+00 0.0000e+00 0.0000e+00 0.0000e+00
-2.3306e-10 -1.3197e-09 -3.6424e-09 -7.4941e-09 -1.3130e-08 -2.0785e-08 5.7961e-07 -4.3056e-08 -5.8118e-08 -7.6100e-08 -9.7235e-08 -1.2177e-07 -1.4995e-07 -1.8206e-07 -2.1837e-07 -2.5918e-07 -3.0480e-07 -3.5556e-07 -4.1179e-07 -4.7386e-07 -5.4211e-07 -6.1691e-07 -6.9860e-07 -7.8752e-07 -8.8396e-07 -9.8813e-07 -1.1002e-06 -1.2201e-06 -1.3477e-06 -1.4825e-06 -1.6238e-06 -1.7704e-06 -1.9205e-06 -2.0717e-06 -2.2208e-06 -2.3637e-06 -2.4951e-06 -2.6088e-06 -2.6973e-06 -2.7523e-06 -2.7653e-06 -2.7276e-06 -2.6321e-06 -2.4745e-06 -2.2548e-06 -1.9793e-06 -1.6611e-06 -1.3209e-06 -9.8429e-07 -6.7814e-07 -4.2494e-07 -2.3738e-07 -1.1534e-07 -4.7294e-08 -1.5765e-08 -4.0795e-09 -7.7378e-10 -1.0016e-10 -8.0916e-12 -3.6462e-13 -7.9542e-15 -7.0195e-17 -1.9936e-19 -1.3596e-22 -1.5271e-26 -1.7336e-31 -1.0526e-37 -1.4834e-45 -1.6100e-55 -3.0984e-68 -1.4728e-84 -1.1989e-105 -4.3579e-133 -4.6088e-169 -1.2645e-216 -4.4641e-280 0.0000e+00 0.0000e+00 0.0000e+00 0.0000e+00 0.0000e+00 0.0000e+00 0.0000e+00 0.0000e+00 0.0000e+00 0.0000e+00 0.0000e+00 0.0000e+00 0.0000e+00 0.0000e+00 0.0000e+00 0.0000e+00 0.0000e+00 0.0000e+00 0.0000e+00 0.0000e+00 0.0000e+00 0.0000e+00 0.0000e+00 0.0000e+00 2.3306e-10 1.3197e-09 3.6424e-09 7.4941e-09 1.3130e-08 2.0785e-08 0.0000e+00 4.3056e-08 5.8118e-08 7.6100e-08 9.7235e-08 1.2177e-07 1.4995e-07 1.8206e-07 2.1837e-07 2.5918e-07 3.0480e-07 3.5556e-07 4.1179e-07 4.7386e-07 5.4211e-07 6.1691e-07 6.9860e-07 7.8752e-07 8.8396e-07 9.8813e-07 1.1002e-06 1.2201e-06 1.3477e-06 1.4825e-06 1.6238e-06 1.7704e-06 1.9205e-06 2.0717e-06 2.2208e-06 2.3637e-06 2.4951e-06 2.6088e-06 2.6973e-06 2.7523e-06 2.7653e-06 2.7275e-06 2.6321e-06 2.4745e-06 2.2548e-06 1.9792e-06 1.6611e-06 1.3209e-06 9.8427e-07 6.7812e-07 4.2493e-07 2.3737e-07 1.1534e-07 4.7291e-08 1.5764e-08 4.0791e-09 7.7370e-10 1.0015e-10 8.0904e-12 3.6455e-13 7.9524e-15 7.0175e-17 1.9929e-19 1.3590e-22 1.5263e-26 1.7325e-31 1.0518e-37 1.4819e-45 1.6080e-55 3.0938e-68 1.4700e-84 1.1961e-105 4.3448e-133 4.5910e-169 1.2582e-216 4.4353e-280 0.0000e+00 0.0000e+00 0.0000e+00 0.0000e+00 0.0000e+00 0.0000e+00 0.0000e+00 0.0000e+00 0.0000e+00 0.0000e+00 0.0000e+00 0.0000e+00 0.0000e+00 0.0000e+00 0.0000e+00 0.0000e+00 0.0000e+00 0.0000e+00 0.0000e+00 0.0000e+00 0.0000e+00 0.0000e+00 0.0000e+00 0.0000e+00
-3.2700e-10 -1.8516e-09 -5.1107e-09 -1.0515e-08 -1.8422e-08 -2.9164e-08 -4.3056e-08 1.3009e-06 -8.1546e-08 -1.0678e-07 -1.3643e-07 -1.7085e-07 -2.1040e-07 -2.5545e-07 -3.0640e-07 -3.6366e-07 -4.2766e-07 -4.9888e-07 -5.7779e-07 -6.6487e-07 -7.6063e-07 -8.6559e-07 -9.8021e-07 -1.1050e-06 -1.2403e-06 -1.3865e-06 -1.5437e-06 -1.7119e-06 -1.8909e-06 -2.0801e-06 -2.2784e-06 -2.4840e-06 -2.6946e-06 -2.9068e-06 -3.1160e-06 -3.3165e-06 -3.5009e-06 -3.6604e-06 -3.7846e-06 -3.8618e-06 -3.8800e-06 -3.8271e-06 -3.6931e-06 -3.4720e-06 -3.1638e-06 -2.7771e-06 -2.3308e-06 -1.8534e-06 -1.3811e-06 -9.5153e-07 -5.9626e-07 -3.3309e-07 -1.6185e-07 -6.6363e-08 -2.2122e-08 -5.7245e-09 -1.0858e-09 -1.4056e-10 -1.1356e-11 -5.1172e-13 -1.1164e-14 -9.8524e-17 -2.7984e-19 -1.9086e-22 -2.1440e-26 -2.4343e-31 -1.4783e-37 -2.0838e-45 -2.2623e-55 -4.3554e-68 -2.0713e-84 -1.6872e-105 -6.1376e-133 -6.4978e-169 -1.7852e-216 -6.3141e-280 0.0000e+00 0.0000e+00 0.0000e+00 0.0000e+00 0.0000e+00 0.0000e+00 0.0000e+00 0.0000e+00 0.0000e+00 0.0000e+00 0.0000e+00 0.0000e+00 0.0000e+00 0.0000e+00 0.0000e+00 0.0000e+00 0.0000e+00 0.0000e+00 0.0000e+00 0.0000e+00 0.0000e+00 0.0000e+00 0.0000e+00 0.0000e+00 3.2700e-10 1.8516e-09 5.1107e-09 1.0515e-08 1.8422e-08 2.9164e-08 4.3056e-08 0.0000e+00 8.1546e-08 1.0678e-07 1.3643e-07 1.7085e-07 2.1040e-07 2.5545e-07 3.0640e-07 3.6366e-07 4.2766e-07 4.9888e-07 5.7779e-07 6.6487e-07 7.6063e-07 8.6559e-07 9.8021e-07 1.1050e-06 1.2403e-06 1.3865e-06 1.5437e-06 1.7119e-06 1.8909e-06 2.0801e-06 2.2784e-06 2.4840e-06 2.6946e-06 2.9068e-06 3.1160e-06 3.3165e-06 3.5009e-06 3.6604e-06 3.7845e-06 3.8618e-06 3.8799e-06 3.8270e-06 3.6931e-06 3.4719e-06 3.1637e-06 2.7771e-06 2.3307e-06 1.8533e-06 1.3810e-06 9.5147e-07 5.9621e-07 3.3306e-07 1.6183e-07 6.6354e-08 2.2119e-08 5.7234e-09 1.0856e-09 1.4052e-10 1.1352e-11 5.1151e-13 1.1158e-14 9.8463e-17 2.7963e-19 1.9068e-22 2.1416e-26 2.4308e-31 1.4758e-37 2.0793e-45 2.2562e-55 4.3409e-68 2.0626e-84 1.6782e-105 6.0962e-133 6.4417e-169 1.7654e-216 6.2232e-280 0.0000e+00 0.0000e+00 0.0000e+00 0.0000e+00 0.0000e+00 0.0000e+00 0.0000e+00 0.0000e+00 0.0000e+00 0.0000e+00 0.0000e+00 0.0000e+00 0.0000e+00 0.0000e+00 0.0000e+00 0.0000e+00 0.0000e+00 0.0000e+00 0.0000e+00 0.0000e+00 0.0000e+00 0.0000e+00 0.0000e+00 0.0000e+00
-4.4140e-10 -2.4993e-09 -6.8985e-09 -1.4193e-08 -2.4867e-08 -3.9366e-08 -5.8118e-08 -8.1546e-08 2.6594e-06 -1.4413e-07 -1.8416e-07 -2.3062e-07 -2.8400e-07 -3.4481e-07 -4.1358e-07 -4.9087e-07 -5.7727e-07 -6.7340e-07 -7.7990e-07 -8.9745e-07 -1.0267e-06 -1.1684e-06 -1.3231e-06 -1.4915e-06 -1.6742e-06 -1.8715e-06 -2.0837e-06 -2.3108e-06 -2.5524e-06 -2.8078e-06 -3.0754e-06 -3.3530e-06 -3.6373e-06 -3.9237e-06 -4.2061e-06 -4.4767e-06 -4.7256e-06 -4.9409e-06 -5.1085e-06 -5.2128e-06 -5.2373e-06 -5.1659e-06 -4.9851e-06 -4.6867e-06 -4.2707e-06 -3.7488e-06 -3.1462e-06 -2.5019e-06 -1.8643e-06 -1.2845e-06 -8.0490e-07 -4.4965e-07 -2.1849e-07 -8.9591e-08 -2.9866e-08 -7.7286e-09 -1.4660e-09 -1.8979e-10 -1.5333e-11 -6.9103e-13 -1.5077e-14 -1.3308e-16 -3.7803e-19 -2.5788e-22 -2.8974e-26 -3.2906e-31 -1.9991e-37 -2.8190e-45 -3.0622e-55 -5.8996e-68 -2.8081e-84 -2.2900e-105 -8.3432e-133 -8.8501e-169 -2.4377e-216 -8.6516e-280 0.0000e+00 0.0000e+00 0.0000e+00 0.0000e+00 0.0000e+00 0.0000e+00 0.0000e+00 0.0000e+00 0.0000e+00 0.0000e+00 0.0000e+00 0.0000e+00 0.0000e+00 0.0000e+00 0.0000e+00 0.0000e+00 0.0000e+00 0.0000e+00 0.0000e+00 0.0000e+00 0.0000e+00 0.0000e+00 0.0000e+00 0.0000e+00 4.4140e-10 2.4993e-09 6.8985e-09 1.4193e-08 2.4867e-08 3.9366e-08 5.8118e-08 8.1546e-08 0.0000e+00 1.4413e-07 1.8416e-07 2.3062e-07 2.8400e-07 3.4481e-07 4.1358e-07 4.9087e-07 5.7727e-07 6.7340e-07 7.7990e-07 8.9745e-07 1.0267e-06 1.1684e-06 1.3231e-06 1.4915e-06 1.6742e-06 1.8715e-06 2.0837e-06 2.3108e-06 2.5524e-06 2.8078e-06 3.0754e-06 3.3530e-06 3.6373e-06 3.9237e-06 4.2061e-06 4.4767e-06 4.7256e-06 4.9408e-06 5.1084e-06 5.2127e-06 5.2372e-06 5.1658e-06 4.9850e-06 4.6865e-06 4.2704e-06 3.7485e-06 3.1460e-06 2.5017e-06 1.8641e-06 1.2843e-06 8.0478e-07 4.4957e-07 2.1844e-07 8.9566e-08 2.9856e-08 7.7256e-09 1.4653e-09 1.8968e-10 1.5323e-11 6.9044e-13 1.5061e-14 1.3291e-16 3.7745e-19 2.5739e-22 2.8907e-26 3.2812e-31 1.9920e-37 2.8067e-45 3.0455e-55 5.8594e-68 2.7841e-84 2.2653e-105 8.2287e-133 8.6951e-169 2.3829e-216 8.4001e-280 0.0000e+00 0.0000e+00 0.0000e+00 0.0000e+00 0.0000e+00 0.0000e+00 0.0000e+00 0.0000e+00 0.0000e+00 0.0000e+00 0.0000e+00 0.0000e+00 0.0000e+00 0.0000e+00 0.0000e+00 0.0000e+00 0.0000e+00 0.0000e+00 0.0000e+00 0.0000e+00 0.0000e+00 0.0000e+00 0.0000e+00 0.0000e+00
-5.7796e-10 -3.2726e-09 -9.0328e-09 -1.8585e-08 -3.2560e-08 -5.1545e-08 -7.6100e-08 -1.0678e-07 -1.4413e-07 5.0507e-06 -2.4113e-07 -3.0197e-07 -3.7187e-07 -4.5150e-07 -5.4154e-07 -6.4274e-07 -7.5587e-07 -8.8174e-07 -1.0212e-06 -1.1751e-06 -1.3444e-06 -1.5299e-06 -1.7325e-06 -1.9530e-06 -2.1921e-06 -2.4505e-06 -2.7283e-06 -3.0257e-06 -3.3421e-06 -3.6765e-06 -4.0269e-06 -4.3904e-06 -4.7626e-06 -5.1377e-06 -5.5075e-06 -5.8618e-06 -6.1877e-06 -6.4696e-06 -6.6891e-06 -6.8258e-06 -6.8579e-06 -6.7644e-06 -6.5277e-06 -6.1369e-06 -5.5922e-06 -4.9089e-06 -4.1200e-06 -3.2762e-06 -2.4414e-06 -1.6821e-06 -1.0541e-06 -5.8887e-07 -2.8614e-07 -1.1734e-07 -3.9118e-08 -1.0123e-08 -1.9204e-09 -2.4863e-10 -2.0090e-11 -9.0552e-13 -1.9760e-14 -1.7445e-16 -4.9567e-19 -3.3823e-22 -3.8018e-26 -4.3198e-31 -2.6259e-37 -3.7058e-45 -4.0293e-55 -7.7723e-68 -3.7053e-84 -3.0278e-105 -1.1060e-132 -1.1772e-168 -3.2569e-216 -1.1627e-279 0.0000e+00 0.0000e+00 0.0000e+00 0.0000e+00 0.0000e+00 0.0000e+00 0.0000e+00 0.0000e+00 0.0000e+00 0.0000e+00 0.0000e+00 0.0000e+00 0.0000e+00 0.0000e+00 0.0000e+00 0.0000e+00 0.0000e+00 0.0000e+00 0.0000e+00 0.0000e+00 0.0000e+00 0.0000e+00 0.0000e+00 0.0000e+00 5.7796e-10 3.2726e-09 9.0328e-09 1.8585e-08 3.2560e-08 5.1545e-08 7.6100e-08 1.0678e-07 1.4413e-07 0.0000e+00 2.4113e-07 3.0197e-07 3.7187e-07 4.5150e-07 5.4154e-07 6.4274e-07 7.5587e-07 8.8174e-07 1.0212e-06 1.1751e-06 1.3444e-06 1.5299e-06 1.7325e-06 1.9530e-06 2.1921e-06 2.4505e-06 2.7283e-06 3.0257e-06 3.3421e-06 3.6765e-06 4.0269e-06 4.3904e-06 4.7626e-06 5.1376e-06 5.5074e-06 5.8617e-06 6.1876e-06 6.4695e-06 6.6889e-06 6.8255e-06 6.8576e-06 6.7641e-06 6.5273e-06 6.1364e-06 5.5917e-06 4.9083e-06 4.1194e-06 3.2757e-06 2.4409e-06 1.6817e-06 1.0538e-06 5.8866e-07 2.8602e-07 1.1728e-07 3.9093e-08 1.0116e-08 1.9187e-09 2.4836e-10 2.0063e-11 9.0406e-13 1.9721e-14 1.7403e-16 4.9423e-19 3.3702e-22 3.7851e-26 4.2964e-31 2.6083e-37 3.6751e-45 3.9878e-55 7.6722e-68 3.6454e-84 2.9661e-105 1.0775e-132 1.1385e-168 3.1201e-216 1.0999e-279 0.0000e+00 0.0000e+00 0.0000e+00 0.0000e+00 0.0000e+00 0.0000e+00 0.0000e+00 0.0000e+00 0.0000e+00 0.0000e+00 0.0000e+00 0.0000e+00 0.0000e+00 0.0000e+00 0.0000e+00 0.0000e+00 0.0000e+00 0.0000e+00 0.0000e+00 0.0000e+00 0.0000e+00 0.0000e+00 0.0000e+00 0.0000e+00
-7.3848e-10 -4.1815e-09 -1.1542e-08 -2.3746e-08 -4.1604e-08 -6.5861e-08 -9.7235e-08 -1.3643e-07 -1.8416e-07 -2.4113e-07 9.0402e-06 -3.8584e-07 -4.7516e-07 -5.7689e-07 -6.9194e-07 -8.2125e-07 -9.6580e-07 -1.1266e-06 -1.3048e-06 -1.5015e-06 -1.7178e-06 -1.9548e-06 -2.2136e-06 -2.4954e-06 -2.8010e-06 -3.1311e-06 -3.4861e-06 -3.8661e-06 -4.2704e-06 -4.6976e-06 -5.1454e-06 -5.6098e-06 -6.0854e-06 -6.5646e-06 -7.0372e-06 -7.4899e-06 -7.9064e-06 -8.2666e-06 -8.5472e-06 -8.7218e-06 -8.7629e-06 -8.6435e-06 -8.3411e-06 -7.8419e-06 -7.1459e-06 -6.2728e-06 -5.2648e-06 -4.1867e-06 -3.1199e-06 -2.1497e-06 -1.3472e-06 -7.5263e-07 -3.6574e-07 -1.4999e-07 -5.0006e-08 -1.2943e-08 -2.4556e-09 -3.1796e-10 -2.5697e-11 -1.1585e-12 -2.5287e-14 -2.2332e-16 -6.3480e-19 -4.3340e-22 -4.8746e-26 -5.5431e-31 -3.3729e-37 -4.7661e-45 -5.1904e-55 -1.0032e-67 -4.7951e-84 -3.9313e-105 -1.4422e-132 -1.5435e-168 -4.3012e-216 -1.5500e-279 0.0000e+00 0.0000e+00 0.0000e+00 0.0000e+00 0.0000e+00 0.0000e+00 0.0000e+00 0.0000e+00 0.0000e+00 0.0000e+00 0.0000e+00 0.0000e+00 0.0000e+00 0.0000e+00 0.0000e+00 0.0000e+00 0.0000e+00 0.0000e+00 0.0000e+00 0.0000e+00 0.0000e+00 0.0000e+00 0.0000e+00 0.0000e+00 7.3848e-10 4.1815e-09 1.1542e-08 2.3746e-08 4.1604e-08 6.5861e-08 9.7235e-08 1.3643e-07 1.8416e-07 2.4113e-07 0.0000e+00 3.8584e-07 4.7516e-07 5.7689e-07 6.9194e-07 8.2125e-07 9.6580e-07 1.1266e-06 1.3048e-06 1.5015e-06 1.7178e-06 1.9548e-06 2.2136e-06 2.4954e-06 2.8010e-06 3.1311e-06 3.4861e-06 3.8661e-06 4.2704e-06 4.6976e-06 5.1453e-06 5.6098e-06 6.0854e-06 6.5645e-06 7.0370e-06 7.4897e-06 7.9061e-06 8.2663e-06 8.5467e-06 8.7212e-06 8.7622e-06 8.6427e-06 8.3402e-06 7.8408e-06 7.1447e-06 6.2715e-06 5.2635e-06 4.1855e-06 3.1188e-06 2.1487e-06 1.3464e-06 7.5215e-07 3.6546e-07 1.4985e-07 4.9951e-08 1.2925e-08 2.4516e-09 3.1734e-10 2.5636e-11 1.1551e-12 2.5198e-14 2.2236e-16 6.3149e-19 4.3063e-22 4.8364e-26 5.4896e-31 3.3327e-37 4.6958e-45 5.0953e-55 9.8030e-68 4.6579e-84 3.7899e-105 1.3767e-132 1.4547e-168 3.9865e-216 1.4053e-279 0.0000e+00 0.0000e+00 0.0000e+00 0.0000e+00 0.0000e+00 0.0000e+00 0.0000e+00 0.0000e+00 0.0000e+00 0.0000e+00 0.0000e+00 0.0000e+00 0.0000e+00 0.0000e+00 0.0000e+00 0.0000e+00 0.0000e+00 0.0000e+00 0.0000e+00 0.0000e+00 0.0000e+00 0.0000e+00 0.0000e+00 0.0000e+00
-9.2481e-10 -5.2366e-09 -1.4454e-08 -2.9738e-08 -5.2101e-08 -8.2478e-08 -1.2177e-07 -1.7085e-07 -2.3062e-07 -3.0197e-07 -3.8584e-07 1.5410e-05 -5.9504e-07 -7.2245e-07 -8.6653e-07 -1.0285e-06 -1.2095e-06 -1.4109e-06 -1.6340e-06 -1.8803e-06 -2.1512e-06 -2.4480e-06 -2.7722e-06 -3.1250e-06 -3.5077e-06 -3.9211e-06 -4.3657e-06 -4.8415e-06 -5.3479e-06 -5.8829e-06 -6.4437e-06 -7.0253e-06 -7.6209e-06 -8.2211e-06 -8.8129e-06 -9.3799e-06 -9.9015e-06 -1.0353e-05 -1.0704e-05 -1.0923e-05 -1.0974e-05 -1.0825e-05 -1.0447e-05 -9.8214e-06 -8.9500e-06 -7.8566e-06 -6.5943e-06 -5.2442e-06 -3.9081e-06 -2.6929e-06 -1.6877e-06 -9.4294e-07 -4.5827e-07 -1.8795e-07 -6.2673e-08 -1.6224e-08 -3.0787e-09 -3.9874e-10 -3.2234e-11 -1.4537e-12 -3.1746e-14 -2.8051e-16 -7.9790e-19 -5.4520e-22 -6.1383e-26 -6.9890e-31 -4.2595e-37 -6.0309e-45 -6.5844e-55 -1.2767e-67 -6.1270e-84 -5.0492e-105 -1.8645e-132 -2.0125e-168 -5.6697e-216 -2.0721e-279 0.0000e+00 0.0000e+00 0.0000e+00 0.0000e+00 0.0000e+00 0.0000e+00 0.0000e+00 0.0000e+00 0.0000e+00 0.0000e+00 0.0000e+00 0.0000e+00 0.0000e+00 0.0000e+00 0.0000e+00 0.0000e+00 0.0000e+00 0.0000e+00 0.0000e+00 0.0000e+00 0.0000e+00 0.0000e+00 0.0000e+00 0.0000e+00 9.2481e-10 5.2366e-09 1.4454e-08 2.9738e-08 5.2101e-08 8.2478e-08 1.2177e-07 1.7085e-07 2.3062e-07 3.0197e-07 3.8584e-07 0.0000e+00 5.9504e-07 7.2245e-07 8.6653e-07 1.0285e-06 1.2095e-06 1.4109e-06 1.6340e-06 1.8803e-06 2.1512e-06 2.4480e-06 2.7722e-06 3.1250e-06 3.5077e-06 3.9211e-06 4.3657e-06 4.8415e-06 5.3478e-06 5.8829e-06 6.4436e-06 7.0252e-06 7.6208e-06 8.2208e-06 8.8125e-06 9.3794e-06 9.9009e-06 1.0352e-05 1.0703e-05 1.0922e-05 1.0973e-05 1.0823e-05 1.0444e-05 9.8191e-06 8.9474e-06 7.8539e-06 6.5915e-06 5.2415e-06 3.9057e-06 2.6909e-06 1.6862e-06 9.4192e-07 4.5767e-07 1.8766e-07 6.2554e-08 1.6187e-08 3.0702e-09 3.9741e-10 3.2104e-11 1.4466e-12 3.1556e-14 2.7847e-16 7.9082e-19 5.3928e-22 6.0566e-26 6.8747e-31 4.1736e-37 5.8805e-45 6.3809e-55 1.2276e-67 5.8330e-84 4.7460e-105 1.7240e-132 1.8216e-168 4.9917e-216 1.7594e-279 0.0000e+00 0.0000e+00 0.0000e+00 0.0000e+00 0.0000e+00 0.0000e+00 0.0000e+00 0.0000e+00 0.0000e+00 0.0000e+00 0.0000e+00 0.0000e+00 0.0000e+00 0.0000e+00 0.0000e+00 0.0000e+00 0.0000e+00 0.0000e+00 0.0000e+00 0.0000e+00 0.0000e+00 0.0000e+00 0.0000e+00 0.0000e+00
-1.1389e-09 -6.4487e-09 -1.7799e-08 -3.6621e-08 -6.4161e-08 -1.0157e-07 -1.4995e-07 -2.1040e-07 -2.8400e-07 -3.7187e-07 -4.7516e-07 -5.9504e-07 2.5219e-05 -8.8967e-07 -1.0671e-06 -1.2665e-06 -1.4894e-06 -1.7375e-06 -2.0123e-06 -2.3156e-06 -2.6491e-06 -3.0146e-06 -3.4139e-06 -3.8484e-06 -4.3196e-06 -4.8287e-06 -5.3763e-06 -5.9623e-06 -6.5858e-06 -7.2447e-06 -7.9353e-06 -8.6516e-06 -9.3852e-06 -1.0124e-05 -1.0853e-05 -1.1551e-05 -1.2194e-05 -1.2750e-05 -1.3183e-05 -1.3452e-05 -1.3516e-05 -1.3332e-05 -1.2866e-05 -1.2097e-05 -1.1024e-05 -9.6774e-06 -8.1229e-06 -6.4602e-06 -4.8147e-06 -3.3178e-06 -2.0795e-06 -1.1620e-06 -5.6481e-07 -2.3169e-07 -7.7273e-08 -2.0008e-08 -3.7979e-09 -4.9208e-10 -3.9798e-11 -1.7959e-12 -3.9243e-14 -3.4704e-16 -9.8816e-19 -6.7605e-22 -7.6234e-26 -8.6968e-31 -5.3131e-37 -7.5454e-45 -8.2693e-55 -1.6111e-67 -7.7785e-84 -6.4594e-105 -2.4085e-132 -2.6318e-168 -7.5309e-216 -2.8072e-279 0.0000e+00 0.0000e+00 0.0000e+00 0.0000e+00 0.0000e+00 0.0000e+00 0.0000e+00 0.0000e+00 0.0000e+00 0.0000e+00 0.0000e+00 0.0000e+00 0.0000e+00 0.0000e+00 0.0000e+00 0.0000e+00 0.0000e+00 0.0000e+00 0.0000e+00 0.0000e+00 0.0000e+00 0.0000e+00 0.0000e+00 0.0000e+00 1.1389e-09 6.4487e-09 1.7799e-08 3.6621e-08 6.4161e-08 1.0157e-07 1.4995e-07 2.1040e-07 2.8400e-07 3.7187e-07 4.7516e-07 5.9504e-07 0.0000e+00 8.8967e-07 1.0671e-06 1.2665e-06 1.4894e-06 1.7375e-06 2.0123e-06 2.3156e-06 2.6491e-06 3.0146e-06 3.4138e-06 3.8484e-06 4.3196e-06 4.8287e-06 5.3762e-06 5.9622e-06 6.5857e-06 7.2446e-06 7.9351e-06 8.6513e-06 9.3848e-06 1.0124e-05 1.0852e-05 1.1551e-05 1.2193e-05 1.2748e-05 1.3181e-05 1.3450e-05 1.3513e-05 1.3329e-05 1.2862e-05 1.2092e-05 1.1018e-05 9.6718e-06 8.1173e-06 6.4548e-06 4.8098e-06 3.3137e-06 2.0765e-06 1.1600e-06 5.6361e-07 2.3110e-07 7.7034e-08 1.9933e-08 3.7808e-09 4.8940e-10 3.9535e-11 1.7815e-12 3.8861e-14 3.4292e-16 9.7387e-19 6.6411e-22 7.4585e-26 8.4660e-31 5.1397e-37 7.2416e-45 7.8577e-55 1.5117e-67 7.1829e-84 5.8441e-105 2.1228e-132 2.2428e-168 6.1453e-216 2.1656e-279 0.0000e+00 0.0000e+00 0.0000e+00 0.0000e+00 0.0000e+00 0.0000e+00 0.0000e+00 0.0000e+00 0.0000e+00 0.0000e+00 0.0000e+00 0.0000e+00 0.0000e+00 0.0000e+00 0.0000e+00 0.0000e+00 0.0000e+00 0.0000e+00 0.0000e+00 0.0000e+00 0.0000e+00 0.0000e+00 0.0000e+00 0.0000e+00
-1.3827e-09 -7.8294e-09 -2.1610e-08 -4.4462e-08 -7.7898e-08 -1.2332e-07 -1.8206e-07 -2.5545e-07 -3.4481e-07 -4.5150e-07 -5.7689e-07 -7.2245e-07 -8.8967e-07 3.9869e-05 -1.2956e-06 -1.5377e-06 -1.8084e-06 -2.1095e-06 -2.4431e-06 -2.8114e-06 -3.2163e-06 -3.6601e-06 -4.1448e-06 -4.6724e-06 -5.2445e-06 -5.8626e-06 -6.5274e-06 -7.2389e-06 -7.9960e-06 -8.7960e-06 -9.6345e-06 -1.0504e-05 -1.1395e-05 -1.2292e-05 -1.3177e-05 -1.4025e-05 -1.4806e-05 -1.5481e-05 -1.6006e-05 -1.6334e-05 -1.6412e-05 -1.6189e-05 -1.5624e-05 -1.4690e-05 -1.3388e-05 -1.1753e-05 -9.8661e-06 -7.8472e-06 -5.8490e-06 -4.0310e-06 -2.5269e-06 -1.4122e-06 -6.8659e-07 -2.8172e-07 -9.3986e-08 -2.4345e-08 -4.6232e-09 -5.9934e-10 -4.8505e-11 -2.1905e-12 -4.7915e-14 -4.2425e-16 -1.2098e-18 -8.2925e-22 -9.3725e-26 -1.0723e-30 -6.5740e-37 -9.3773e-45 -1.0334e-54 -2.0272e-67 -9.8722e-84 -8.2869e-105 -3.1319e-132 -3.4805e-168 -1.0171e-215 -3.8909e-279 0.0000e+00 0.0000e+00 0.0000e+00 0.0000e+00 0.0000e+00 0.0000e+00 0.0000e+00 0.0000e+00 0.0000e+00 0.0000e+00 0.0000e+00 0.0000e+00 0.0000e+00 0.0000e+00 0.0000e+00 0.0000e+00 0.0000e+00 0.0000e+00 0.0000e+00 0.0000e+00 0.0000e+00 0.0000e+00 0.0000e+00 0.0000e+00 1.3827e-09 7.8294e-09 2.1610e-08 4.4462e-08 7.7898e-08 1.2332e-07 1.8206e-07 2.5545e-07 3.4481e-07 4.5150e-07 5.7689e-07 7.2245e-07 8.8967e-07 0.0000e+00 1.2956e-06 1.5377e-06 1.8084e-06 2.1095e-06 2.4431e-06 2.8114e-06 3.2163e-06 3.6601e-06 4.1448e-06 4.6723e-06 5.2445e-06 5.8626e-06 6.5273e-06 7.2388e-06 7.9958e-06 8.7957e-06 9.6340e-06 1.0504e-05 1.1394e-05 1.2291e-05 1.3176e-05 1.4024e-05 1.4803e-05 1.5478e-05 1.6003e-05 1.6329e-05 1.6406e-05 1.6182e-05 1.5616e-05 1.4681e-05 1.3378e-05 1.1743e-05 9.8553e-06 7.8368e-06 5.8396e-06 4.0232e-06 2.5211e-06 1.4083e-06 6.8428e-07 2.8058e-07 9.3527e-08 2.4201e-08 4.5903e-09 5.9418e-10 4.8000e-11 2.1629e-12 4.7181e-14 4.1635e-16 1.1824e-18 8.0629e-22 9.0554e-26 1.0279e-30 6.2400e-37 8.7919e-45 9.5397e-55 1.8353e-67 8.7199e-84 7.0942e-105 2.5766e-132 2.7218e-168 7.4554e-216 2.6258e-279 0.0000e+00 0.0000e+00 0.0000e+00 0.0000e+00 0.0000e+00 0.0000e+00 0.0000e+00 0.0000e+00 0.0000e+00 0.0000e+00 0.0000e+00 0.0000e+00 0.0000e+00 0.0000e+00 0.0000e+00 0.0000e+00 0.0000e+00 0.0000e+00 0.0000e+00 0.0000e+00 0.0000e+00 0.0000e+00 0.0000e+00 0.0000e+00
-1.6585e-09 -9.3909e-09 -2.5920e-08 -5.3329e-08 -9.3433e-08 -1.4791e-07 -2.1837e-07 -3.0640e-07 -4.1358e-07 -5.4154e-07 -6.9194e-07 -8.6653e-07 -1.0671e-06 -1.2956e-06 6.1186e-05 -1.8444e-06 -2.1690e-06 -2.5302e-06 -2.9304e-06 -3.3721e-06 -3.8578e-06 -4.3901e-06 -4.9714e-06 -5.6042e-06 -6.2905e-06 -7.0319e-06 -7.8293e-06 -8.6827e-06 -9.5908e-06 -1.0550e-05 -1.1556e-05 -1.2599e-05 -1.3668e-05 -1.4744e-05 -1.5806e-05 -1.6824e-05 -1.7760e-05 -1.8570e-05 -1.9201e-05 -1.9595e-05 -1.9689e-05 -1.9422e-05 -1.8745e-05 -1.7626e-05 -1.6064e-05 -1.4104e-05 -1.1841e-05 -9.4188e-06 -7.0214e-06 -4.8398e-06 -3.0346e-06 -1.6964e-06 -8.2500e-07 -3.3863e-07 -1.1302e-07 -2.9292e-08 -5.5664e-09 -7.2218e-10 -5.8504e-11 -2.6452e-12 -5.7944e-14 -5.1395e-16 -1.4688e-18 -1.0094e-21 -1.1447e-25 -1.3149e-30 -8.1019e-37 -1.1629e-44 -1.2913e-54 -2.5575e-67 -1.2602e-83 -1.0733e-104 -4.1297e-132 -4.6909e-168 -1.4078e-215 -5.5612e-279 0.0000e+00 0.0000e+00 0.0000e+00 0.0000e+00 0.0000e+00 0.0000e+00 0.0000e+00 0.0000e+00 0.0000e+00 0.0000e+00 0.0000e+00 0.0000e+00 0.0000e+00 0.0000e+00 0.0000e+00 0.0000e+00 0.0000e+00 0.0000e+00 0.0000e+00 0.0000e+00 0.0000e+00 0.0000e+00 0.0000e+00 0.0000e+00 1.6585e-09 9.3909e-09 2.5920e-08 5.3329e-08 9.3433e-08 1.4791e-07 2.1837e-07 3.0640e-07 4.1358e-07 5.4154e-07 6.9194e-07 8.6653e-07 1.0671e-06 1.2956e-06 0.0000e+00 1.8444e-06 2.1690e-06 2.5302e-06 2.9304e-06 3.3720e-06 3.8577e-06 4.3900e-06 4.9714e-06 5.6042e-06 6.2904e-06 7.0317e-06 7.8291e-06 8.6824e-06 9.5904e-06 1.0550e-05 1.1555e-05 1.2598e-05 1.3667e-05 1.4743e-05 1.5804e-05 1.6820e-05 1.7756e-05 1.8564e-05 1.9194e-05 1.9586e-05 1.9678e-05 1.9410e-05 1.8730e-05 1.7609e-05 1.6046e-05 1.4085e-05 1.1821e-05 9.3997e-06 7.0043e-06 4.8256e-06 3.0238e-06 1.6892e-06 8.2075e-07 3.3653e-07 1.1218e-07 2.9028e-08 5.5058e-09 7.1268e-10 5.7572e-11 2.5942e-12 5.6590e-14 4.9938e-16 1.4182e-18 9.6709e-22 1.0861e-25 1.2328e-30 7.4842e-37 1.0545e-44 1.1441e-54 2.2010e-67 1.0456e-83 8.5057e-105 3.0885e-132 3.2612e-168 8.9266e-216 3.1401e-279 0.0000e+00 0.0000e+00 0.0000e+00 0.0000e+00 0.0000e+00 0.0000e+00 0.0000e+00 0.0000e+00 0.0000e+00 0.0000e+00 0.0000e+00 0.0000e+00 0.0000e+00 0.0000e+00 0.0000e+00 0.0000e+00 0.0000e+00 0.0000e+00 0.0000e+00 0.0000e+00 0.0000e+00 0.0000e+00 0.0000e+00 0.0000e+00
-1.9684e-09 -1.1146e-08 -3.0764e-08 -6.3295e-08 -1.1089e-07 -1.7555e-07 -2.5918e-07 -3.6366e-07 -4.9087e-07 -6.4274e-07 -8.2125e-07 -1.0285e-06 -1.2665e-06 -1.5377e-06 -1.8444e-06 9.1520e-05 -2.5743e-06 -3.0030e-06 -3.4780e-06 -4.0022e-06 -4.5787e-06 -5.2105e-06 -5.9005e-06 -6.6516e-06 -7.4661e-06 -8.3461e-06 -9.2925e-06 -1.0305e-05 -1.1383e-05 -1.2522e-05 -1.3716e-05 -1.4955e-05 -1.6223e-05 -1.7501e-05 -1.8762e-05 -1.9970e-05 -2.1081e-05 -2.2043e-05 -2.2793e-05 -2.3262e-05 -2.3374e-05 -2.3059e-05 -2.2257e-05 -2.0929e-05 -1.9077e-05 -1.6752e-05 -1.4065e-05 -1.1190e-05 -8.3436e-06 -5.7527e-06 -3.6080e-06 -2.0177e-06 -9.8167e-07 -4.0315e-07 -1.3464e-07 -3.4922e-08 -6.6424e-09 -8.6275e-10 -6.9986e-11 -3.1697e-12 -6.9573e-14 -6.1863e-16 -1.7733e-18 -1.2233e-21 -1.3934e-25 -1.6096e-30 -9.9861e-37 -1.4454e-44 -1.6217e-54 -3.2525e-67 -1.6275e-83 -1.4123e-104 -5.5576e-132 -6.4854e-168 -2.0096e-215 -8.2421e-279 0.0000e+00 0.0000e+00 0.0000e+00 0.0000e+00 0.0000e+00 0.0000e+00 0.0000e+00 0.0000e+00 0.0000e+00 0.0000e+00 0.0000e+00 0.0000e+00 0.0000e+00 0.0000e+00 0.0000e+00 0.0000e+00 0.0000e+00 0.0000e+00 0.0000e+00 0.0000e+00 0.0000e+00 0.0000e+00 0.0000e+00 0.0000e+00 1.9684e-09 1.1146e-08 3.0764e-08 6.3295e-08 1.1089e-07 1.7555e-07 2.5918e-07 3.6366e-07 4.9087e-07 6.4274e-07 8.2125e-07 1.0285e-06 1.2665e-06 1.5377e-06 1.8444e-06 0.0000e+00 2.5743e-06 3.0030e-06 3.4780e-06 4.0022e-06 4.5787e-06 5.2104e-06 5.9004e-06 6.6515e-06 7.4659e-06 8.3458e-06 9.2921e-06 1.0305e-05 1.1383e-05 1.2521e-05 1.3715e-05 1.4953e-05 1.6220e-05 1.7498e-05 1.8757e-05 1.9964e-05 2.1074e-05 2.2034e-05 2.2781e-05 2.3246e-05 2.3355e-05 2.3037e-05 2.2231e-05 2.0899e-05 1.9044e-05 1.6717e-05 1.4030e-05 1.1156e-05 8.3132e-06 5.7274e-06 3.5889e-06 2.0048e-06 9.7413e-07 3.9942e-07 1.3314e-07 3.4452e-08 6.5347e-09 8.4586e-10 6.8331e-11 3.0790e-12 6.7165e-14 5.9269e-16 1.6832e-18 1.1478e-21 1.2890e-25 1.4631e-30 8.8820e-37 1.2514e-44 1.3576e-54 2.6115e-67 1.2404e-83 1.0087e-104 3.6606e-132 3.8619e-168 1.0554e-215 3.7022e-279 0.0000e+00 0.0000e+00 0.0000e+00 0.0000e+00 0.0000e+00 0.0000e+00 0.0000e+00 0.0000e+00 0.0000e+00 0.0000e+00 0.0000e+00 0.0000e+00 0.0000e+00 0.0000e+00 0.0000e+00 0.0000e+00 0.0000e+00 0.0000e+00 0.0000e+00 0.0000e+00 0.0000e+00 0.0000e+00 0.0000e+00 0.0000e+00
-2.3149e-09 -1.3108e-08 -3.6179e-08 -7.4436e-08 -1.3041e-07 -2.0645e-07 -3.0480e-07 -4.2766e-07 -5.7727e-07 -7.5587e-07 -9.6580e-07 -1.2095e-06 -1.4894e-06 -1.8084e-06 -2.1690e-06 -2.5743e-06 1.3386e-04 -3.5316e-06 -4.0902e-06 -4.7067e-06 -5.3846e-06 -6.1276e-06 -6.9391e-06 -7.8224e-06 -8.7804e-06 -9.8152e-06 -1.0928e-05 -1.2120e-05 -1.3387e-05 -1.4727e-05 -1.6131e-05 -1.7588e-05 -1.9080e-05 -2.0583e-05 -2.2066e-05 -2.3488e-05 -2.4796e-05 -2.5929e-05 -2.6812e-05 -2.7364e-05 -2.7499e-05 -2.7130e-05 -2.6189e-05 -2.4629e-05 -2.2453e-05 -1.9719e-05 -1.6560e-05 -1.3178e-05 -9.8288e-06 -6.7790e-06 -4.2535e-06 -2.3799e-06 -1.1586e-06 -4.7615e-07 -1.5916e-07 -4.1325e-08 -7.8703e-09 -1.0238e-09 -8.3210e-11 -3.7772e-12 -8.3139e-14 -7.4177e-16 -2.1351e-18 -1.4802e-21 -1.6965e-25 -1.9743e-30 -1.2360e-36 -1.8088e-44 -2.0567e-54 -4.1917e-67 -2.1382e-83 -1.8984e-104 -7.6750e-132 -9.2437e-168 -2.9711e-215 -1.2710e-278 0.0000e+00 0.0000e+00 0.0000e+00 0.0000e+00 0.0000e+00 0.0000e+00 0.0000e+00 0.0000e+00 0.0000e+00 0.0000e+00 0.0000e+00 0.0000e+00 0.0000e+00 0.0000e+00 0.0000e+00 0.0000e+00 0.0000e+00 0.0000e+00 0.0000e+00 0.0000e+00 0.0000e+00 0.0000e+00 0.0000e+00 0.0000e+00 2.3149e-09 1.3108e-08 3.6179e-08 7.4436e-08 1.3041e-07 2.0645e-07 3.0480e-07 4.2766e-07 5.7727e-07 7.5587e-07 9.6580e-07 1.2095e-06 1.4894e-06 1.8084e-06 2.1690e-06 2.5743e-06 0.0000e+00 3.5316e-06 4.0902e-06 4.7066e-06 5.3846e-06 6.1275e-06 6.9390e-06 7.8222e-06 8.7801e-06 9.8148e-06 1.0928e-05 1.2119e-05 1.3386e-05 1.4725e-05 1.6129e-05 1.7585e-05 1.9075e-05 2.0577e-05 2.2059e-05 2.3478e-05 2.4783e-05 2.5912e-05 2.6791e-05 2.7338e-05 2.7466e-05 2.7092e-05 2.6144e-05 2.4578e-05 2.2396e-05 1.9659e-05 1.6499e-05 1.3120e-05 9.7764e-06 6.7355e-06 4.2206e-06 2.3577e-06 1.1456e-06 4.6973e-07 1.5658e-07 4.0516e-08 7.6848e-09 9.9474e-10 8.0358e-11 3.6209e-12 7.8986e-14 6.9700e-16 1.9794e-18 1.3497e-21 1.5158e-25 1.7204e-30 1.0444e-36 1.4712e-44 1.5959e-54 3.0690e-67 1.4571e-83 1.1841e-104 4.2925e-132 4.5198e-168 1.2310e-215 4.2915e-279 0.0000e+00 0.0000e+00 0.0000e+00 0.0000e+00 0.0000e+00 0.0000e+00 0.0000e+00 0.0000e+00 0.0000e+00 0.0000e+00 0.0000e+00 0.0000e+00 0.0000e+00 0.0000e+00 0.0000e+00 0.0000e+00 0.0000e+00 0.0000e+00 0.0000e+00 0.0000e+00 0.0000e+00 0.0000e+00 0.0000e+00 0.0000e+00
