1.0995e-04 -8.8212e-05 -1.0782e-04 -1.2415e-04 -1.3831e-04 -1.5085e-04 -1.6209e-04 -1.7224e-04 -1.8145e-04 -1.8982e-04 -1.9742e-04 -2.0432e-04 -2.1054e-04 -2.1615e-04 -2.2115e-04 -2.2560e-04 -2.2949e-04 -2.3286e-04 -2.3573e-04 -2.3812e-04 -2.4003e-04 -2.4149e-04 -2.4252e-04 -2.4313e-04 -2.4333e-04 -2.4314e-04 -2.4258e-04 -2.4166e-04 -2.4040e-04 -2.3881e-04 -2.3691e-04 -2.3471e-04 -2.3224e-04 -2.2950e-04 -2.2652e-04 -2.2331e-04 -2.1988e-04 -2.1625e-04 -2.1243e-04 -2.0845e-04 -2.0432e-04 -2.0005e-04 -1.9566e-04 -1.9115e-04 -1.8656e-04 -1.8188e-04 -1.7714e-04 -1.7235e-04 -1.6751e-04 -1.6265e-04 -1.5777e-04 -1.5288e-04 -1.4800e-04 -1.4314e-04 -1.3830e-04 -1.3349e-04 -1.2873e-04 -1.2402e-04 -1.1937e-04 -1.1479e-04 -1.1028e-04 -1.0584e-04 -1.0149e-04 -9.7234e-05 -9.3066e-05 -8.8996e-05 -8.5025e-05 -8.1158e-05 -7.7397e-05 -7.3743e-05 -7.0198e-05 -6.6764e-05 -6.3440e-05 -6.0229e-05 -5.7129e-05 -5.4140e-05 -5.1263e-05 -4.8495e-05 -4.5837e-05 -4.3286e-05 -4.0841e-05 -3.8501e-05 -3.6263e-05 -3.4125e-05 -3.2085e-05 -3.0142e-05 -2.8291e-05 -2.6531e-05 -2.4859e-05 -2.3272e-05 -2.1768e-05 -2.0344e-05 -1.8996e-05 -1.7723e-05 -1.6520e-05 -1.5386e-05 -1.4318e-05 -1.3313e-05 -1.2367e-05 -1.1479e-05 0.0000e+00 8.8212e-05 1.0782e-04 1.2415e-04 1.3831e-04 1.5084e-04 1.6209e-04 1.7224e-04 1.8145e-04 1.8982e-04 1.9742e-04 2.0431e-04 2.1053e-04 2.1613e-04 2.2114e-04 2.2558e-04 2.2947e-04 2.3284e-04 2.3571e-04 2.3809e-04 2.4000e-04 2.4146e-04 2.4248e-04 2.4308e-04 2.4328e-04 2.4309e-04 2.4252e-04 2.4160e-04 2.4033e-04 2.3874e-04 2.3683e-04 2.3464e-04 2.3216e-04 2.2942e-04 2.2643e-04 2.2321e-04 2.1978e-04 2.1615e-04 2.1233e-04 2.0835e-04 2.0421e-04 1.9994e-04 1.9554e-04 1.9104e-04 1.8644e-04 1.8176e-04 1.7702e-04 1.7222e-04 1.6738e-04 1.6252e-04 1.5763e-04 1.5275e-04 1.4787e-04 1.4300e-04 1.3816e-04 1.3336e-04 1.2860e-04 1.2389e-04 1.1924e-04 1.1466e-04 1.1015e-04 1.0571e-04 1.0137e-04 9.7106e-05 9.2941e-05 8.8872e-05 8.4903e-05 8.1038e-05 7.7279e-05 7.3627e-05 7.0085e-05 6.6653e-05 6.3332e-05 6.0123e-05 5.7026e-05 5.4040e-05 5.1166e-05 4.8401e-05 4.5745e-05 4.3197e-05 4.0756e-05 3.8418e-05 3.6183e-05 3.4048e-05 3.2011e-05 3.0070e-05 2.8223e-05 2.6465e-05 2.4796e-05 2.3212e-05 2.1711e-05 2.0289e-05 1.8944e-05 1.7673e-05 1.6473e-05 1.5341e-05 1.4275e-05 1.3272e-05 1.2329e-05 1.1443e-05
-8.8212e-05 4.3978e-04 -1.5230e-04 -1.7537e-04 -1.9537e-04 -2.1308e-04 -2.2896e-04 -2.4331e-04 -2.5633e-04 -2.6815e-04 -2.7890e-04 -2.8864e-04 -2.9745e-04 -3.0537e-04 -3.1245e-04 -3.1874e-04 -3.2425e-04 -3.2903e-04 -3.3309e-04 -3.3647e-04 -3.3919e-04 -3.4127e-04 -3.4274e-04 -3.4361e-04 -3.4391e-04 -3.4366e-04 -3.4288e-04 -3.4160e-04 -3.3984e-04 -3.3761e-04 -3.3494e-04 -3.3186e-04 -3.2839e-04 -3.2454e-04 -3.2034e-04 -3.1582e-04 -3.1099e-04 -3.0588e-04 -3.0051e-04 -2.9490e-04 -2.8907e-04 -2.8305e-04 -2.7686e-04 -2.7051e-04 -2.6403e-04 -2.5743e-04 -2.5075e-04 -2.4398e-04 -2.3716e-04 -2.3029e-04 -2.2340e-04 -2.1651e-04 -2.0962e-04 -2.0275e-04 -1.9591e-04 -1.8913e-04 -1.8240e-04 -1.7575e-04 -1.6918e-04 -1.6270e-04 -1.5632e-04 -1.5006e-04 -1.4391e-04 -1.3788e-04 -1.3199e-04 -1.2623e-04 -1.2062e-04 -1.1515e-04 -1.0982e-04 -1.0465e-04 -9.9635e-05 -9.4774e-05 -9.0069e-05 -8.5521e-05 -8.1131e-05 -7.6898e-05 -7.2822e-05 -6.8900e-05 -6.5133e-05 -6.1518e-05 -5.8052e-05 -5.4734e-05 -5.1560e-05 -4.8529e-05 -4.5635e-05 -4.2878e-05 -4.0252e-05 -3.7754e-05 -3.5381e-05 -3.3128e-05 -3.0992e-05 -2.8969e-05 -2.7055e-05 -2.5246e-05 -2.3537e-05 -2.1926e-05 -2.0407e-05 -1.8978e-05 -1.7633e-05 -1.6370e-05 8.8212e-05 0.0000e+00 1.5230e-04 1.7537e-04 1.9536e-04 2.1307e-04 2.2895e-04 2.4329e-04 2.5630e-04 2.6812e-04 2.7885e-04 2.8859e-04 2.9738e-04 3.0529e-04 3.1236e-04 3.1863e-04 3.2413e-04 3.2889e-04 3.3294e-04 3.3630e-04 3.3900e-04 3.4106e-04 3.4251e-04 3.4336e-04 3.4363e-04 3.4336e-04 3.4256e-04 3.4126e-04 3.3947e-04 3.3722e-04 3.3453e-04 3.3143e-04 3.2793e-04 3.2406e-04 3.1984e-04 3.1529e-04 3.1044e-04 3.0531e-04 2.9992e-04 2.9429e-04 2.8845e-04 2.8241e-04 2.7620e-04 2.6984e-04 2.6335e-04 2.5674e-04 2.5004e-04 2.4326e-04 2.3643e-04 2.2956e-04 2.2266e-04 2.1576e-04 2.0886e-04 2.0199e-04 1.9516e-04 1.8837e-04 1.8165e-04 1.7500e-04 1.6843e-04 1.6195e-04 1.5558e-04 1.4932e-04 1.4318e-04 1.3716e-04 1.3128e-04 1.2553e-04 1.1993e-04 1.1447e-04 1.0916e-04 1.0400e-04 9.8996e-05 9.4148e-05 8.9458e-05 8.4925e-05 8.0550e-05 7.6333e-05 7.2272e-05 6.8367e-05 6.4616e-05 6.1017e-05 5.7568e-05 5.4266e-05 5.1109e-05 4.8094e-05 4.5217e-05 4.2475e-05 3.9865e-05 3.7383e-05 3.5025e-05 3.2787e-05 3.0666e-05 2.8658e-05 2.6758e-05 2.4963e-05 2.3268e-05 2.1670e-05 2.0164e-05 1.8747e-05 1.7414e-05 1.6163e-05
-1.0782e-04 -1.5230e-04 9.8947e-04 -2.1436e-04 -2.3881e-04 -2.6046e-04 -2.7988e-04 -2.9743e-04 -3.1335e-04 -3.2782e-04 -3.4096e-04 -3.5288e-04 -3.6367e-04 -3.7337e-04 -3.8205e-04 -3.8975e-04 -3.9651e-04 -4.0238e-04 -4.0737e-04 -4.1153e-04 -4.1489e-04 -4.1746e-04 -4.1928e-04 -4.2038e-04 -4.2078e-04 -4.2051e-04 -4.1959e-04 -4.1806e-04 -4.1594e-04 -4.1325e-04 -4.1003e-04 -4.0630e-04 -4.0208e-04 -3.9741e-04 -3.9232e-04 -3.8682e-04 -3.8095e-04 -3.7473e-04 -3.6820e-04 -3.6137e-04 -3.5428e-04 -3.4695e-04 -3.3940e-04 -3.3167e-04 -3.2377e-04 -3.1573e-04 -3.0757e-04 -2.9931e-04 -2.9099e-04 -2.8261e-04 -2.7420e-04 -2.6578e-04 -2.5736e-04 -2.4897e-04 -2.4062e-04 -2.3233e-04 -2.2411e-04 -2.1597e-04 -2.0794e-04 -2.0001e-04 -1.9221e-04 -1.8454e-04 -1.7701e-04 -1.6964e-04 -1.6242e-04 -1.5537e-04 -1.4849e-04 -1.4178e-04 -1.3526e-04 -1.2892e-04 -1.2276e-04 -1.1680e-04 -1.1103e-04 -1.0545e-04 -1.0006e-04 -9.4858e-05 -8.9851e-05 -8.5033e-05 -8.0404e-05 -7.5960e-05 -7.1699e-05 -6.7618e-05 -6.3714e-05 -5.9983e-05 -5.6422e-05 -5.3027e-05 -4.9792e-05 -4.6715e-05 -4.3791e-05 -4.1014e-05 -3.8381e-05 -3.5886e-05 -3.3524e-05 -3.1292e-05 -2.9183e-05 -2.7193e-05 -2.5317e-05 -2.3551e-05 -2.1889e-05 -2.0328e-05 1.0782e-04 1.5230e-04 0.0000e+00 2.1435e-04 2.3879e-04 2.6043e-04 2.7984e-04 2.9737e-04 3.1328e-04 3.2772e-04 3.4084e-04 3.5274e-04 3.6349e-04 3.7316e-04 3.8180e-04 3.8946e-04 3.9618e-04 4.0200e-04 4.0695e-04 4.1106e-04 4.1436e-04 4.1688e-04 4.1864e-04 4.1968e-04 4.2002e-04 4.1969e-04 4.1872e-04 4.1712e-04 4.1493e-04 4.1218e-04 4.0890e-04 4.0510e-04 4.0083e-04 3.9609e-04 3.9094e-04 3.8538e-04 3.7945e-04 3.7318e-04 3.6659e-04 3.5972e-04 3.5257e-04 3.4519e-04 3.3760e-04 3.2983e-04 3.2189e-04 3.1381e-04 3.0562e-04 2.9734e-04 2.8899e-04 2.8059e-04 2.7216e-04 2.6372e-04 2.5529e-04 2.4690e-04 2.3854e-04 2.3025e-04 2.2203e-04 2.1390e-04 2.0587e-04 1.9796e-04 1.9017e-04 1.8252e-04 1.7501e-04 1.6766e-04 1.6046e-04 1.5344e-04 1.4659e-04 1.3991e-04 1.3342e-04 1.2712e-04 1.2100e-04 1.1508e-04 1.0934e-04 1.0380e-04 9.8456e-05 9.3302e-05 8.8338e-05 8.3565e-05 7.8980e-05 7.4581e-05 7.0365e-05 6.6329e-05 6.2470e-05 5.8784e-05 5.5268e-05 5.1917e-05 4.8726e-05 4.5693e-05 4.2811e-05 4.0076e-05 3.7483e-05 3.5028e-05 3.2706e-05 3.0512e-05 2.8440e-05 2.6487e-05 2.4646e-05 2.2914e-05 2.1285e-05 1.9756e-05
-1.2415e-04 -1.7537e-04 -2.1436e-04 1.7590e-03 -2.7500e-04 -2.9994e-04 -3.2231e-04 -3.4253e-04 -3.6088e-04 -3.7756e-04 -3.9271e-04 -4.0647e-04 -4.1891e-04 -4.3011e-04 -4.4014e-04 -4.4904e-04 -4.5687e-04 -4.6366e-04 -4.6946e-04 -4.7429e-04 -4.7820e-04 -4.8121e-04 -4.8336e-04 -4.8468e-04 -4.8519e-04 -4.8494e-04 -4.8394e-04 -4.8223e-04 -4.7984e-04 -4.7681e-04 -4.7315e-04 -4.6891e-04 -4.6412e-04 -4.5879e-04 -4.5298e-04 -4.4670e-04 -4.4000e-04 -4.3289e-04 -4.2541e-04 -4.1760e-04 -4.0948e-04 -4.0108e-04 -3.9243e-04 -3.8356e-04 -3.7449e-04 -3.6527e-04 -3.5590e-04 -3.4642e-04 -3.3686e-04 -3.2723e-04 -3.1757e-04 -3.0788e-04 -2.9820e-04 -2.8855e-04 -2.7894e-04 -2.6939e-04 -2.5992e-04 -2.5055e-04 -2.4129e-04 -2.3215e-04 -2.2316e-04 -2.1431e-04 -2.0563e-04 -1.9711e-04 -1.8878e-04 -1.8063e-04 -1.7268e-04 -1.6494e-04 -1.5739e-04 -1.5006e-04 -1.4294e-04 -1.3604e-04 -1.2936e-04 -1.2289e-04 -1.1665e-04 -1.1063e-04 -1.0482e-04 -9.9235e-05 -9.3864e-05 -8.8706e-05 -8.3760e-05 -7.9020e-05 -7.4484e-05 -7.0148e-05 -6.6008e-05 -6.2058e-05 -5.8295e-05 -5.4713e-05 -5.1307e-05 -4.8073e-05 -4.5003e-05 -4.2094e-05 -3.9340e-05 -3.6734e-05 -3.4273e-05 -3.1949e-05 -2.9757e-05 -2.7692e-05 -2.5749e-05 -2.3923e-05 1.2415e-04 1.7537e-04 2.1435e-04 0.0000e+00 2.7496e-04 2.9988e-04 3.2223e-04 3.4242e-04 3.6073e-04 3.7736e-04 3.9247e-04 4.0617e-04 4.1855e-04 4.2968e-04 4.3963e-04 4.4845e-04 4.5620e-04 4.6289e-04 4.6859e-04 4.7332e-04 4.7712e-04 4.8002e-04 4.8206e-04 4.8325e-04 4.8365e-04 4.8326e-04 4.8214e-04 4.8030e-04 4.7779e-04 4.7462e-04 4.7083e-04 4.6646e-04 4.6154e-04 4.5609e-04 4.5015e-04 4.4376e-04 4.3693e-04 4.2971e-04 4.2212e-04 4.1420e-04 4.0598e-04 3.9748e-04 3.8874e-04 3.7979e-04 3.7064e-04 3.6135e-04 3.5191e-04 3.4238e-04 3.3276e-04 3.2309e-04 3.1338e-04 3.0367e-04 2.9396e-04 2.8429e-04 2.7467e-04 2.6512e-04 2.5566e-04 2.4630e-04 2.3705e-04 2.2794e-04 2.1897e-04 2.1016e-04 2.0152e-04 1.9305e-04 1.8477e-04 1.7668e-04 1.6879e-04 1.6111e-04 1.5363e-04 1.4637e-04 1.3933e-04 1.3251e-04 1.2591e-04 1.1953e-04 1.1337e-04 1.0743e-04 1.0172e-04 9.6222e-05 9.0942e-05 8.5877e-05 8.1022e-05 7.6375e-05 7.1932e-05 6.7688e-05 6.3639e-05 5.9780e-05 5.6107e-05 5.2613e-05 4.9295e-05 4.6146e-05 4.3160e-05 4.0334e-05 3.7660e-05 3.5133e-05 3.2748e-05 3.0498e-05 2.8379e-05 2.6384e-05 2.4509e-05 2.2748e-05
-1.3831e-04 -1.9537e-04 -2.3881e-04 -2.7500e-04 2.7483e-03 -3.3417e-04 -3.5911e-04 -3.8166e-04 -4.0212e-04 -4.2072e-04 -4.3764e-04 -4.5300e-04 -4.6690e-04 -4.7942e-04 -4.9064e-04 -5.0061e-04 -5.0938e-04 -5.1701e-04 -5.2353e-04 -5.2898e-04 -5.3340e-04 -5.3683e-04 -5.3929e-04 -5.4083e-04 -5.4148e-04 -5.4128e-04 -5.4025e-04 -5.3842e-04 -5.3585e-04 -5.3254e-04 -5.2856e-04 -5.2391e-04 -5.1865e-04 -5.1280e-04 -5.0640e-04 -4.9948e-04 -4.9209e-04 -4.8424e-04 -4.7598e-04 -4.6735e-04 -4.5836e-04 -4.4906e-04 -4.3948e-04 -4.2966e-04 -4.1961e-04 -4.0938e-04 -3.9899e-04 -3.8846e-04 -3.7784e-04 -3.6715e-04 -3.5640e-04 -3.4563e-04 -3.3487e-04 -3.2412e-04 -3.1342e-04 -3.0279e-04 -2.9224e-04 -2.8179e-04 -2.7147e-04 -2.6128e-04 -2.5124e-04 -2.4136e-04 -2.3166e-04 -2.2215e-04 -2.1283e-04 -2.0372e-04 -1.9483e-04 -1.8615e-04 -1.7771e-04 -1.6949e-04 -1.6152e-04 -1.5378e-04 -1.4628e-04 -1.3903e-04 -1.3202e-04 -1.2525e-04 -1.1873e-04 -1.1245e-04 -1.0641e-04 -1.0061e-04 -9.5038e-05 -8.9700e-05 -8.4589e-05 -7.9701e-05 -7.5031e-05 -7.0574e-05 -6.6325e-05 -6.2279e-05 -5.8430e-05 -5.4773e-05 -5.1301e-05 -4.8008e-05 -4.4889e-05 -4.1937e-05 -3.9146e-05 -3.6510e-05 -3.4023e-05 -3.1679e-05 -2.9472e-05 -2.7395e-05 1.3831e-04 1.9536e-04 2.3879e-04 2.7496e-04 0.0000e+00 3.3407e-04 3.5897e-04 3.8146e-04 4.0186e-04 4.2039e-04 4.3722e-04 4.5248e-04 4.6627e-04 4.7867e-04 4.8976e-04 4.9959e-04 5.0821e-04 5.1567e-04 5.2202e-04 5.2729e-04 5.3152e-04 5.3475e-04 5.3702e-04 5.3835e-04 5.3879e-04 5.3836e-04 5.3711e-04 5.3506e-04 5.3226e-04 5.2873e-04 5.2452e-04 5.1965e-04 5.1416e-04 5.0809e-04 5.0148e-04 4.9435e-04 4.8675e-04 4.7870e-04 4.7025e-04 4.6143e-04 4.5227e-04 4.4280e-04 4.3306e-04 4.2309e-04 4.1290e-04 4.0254e-04 3.9204e-04 3.8141e-04 3.7070e-04 3.5992e-04 3.4911e-04 3.3829e-04 3.2748e-04 3.1671e-04 3.0599e-04 2.9535e-04 2.8480e-04 2.7438e-04 2.6408e-04 2.5393e-04 2.4394e-04 2.3412e-04 2.2449e-04 2.1506e-04 2.0583e-04 1.9682e-04 1.8803e-04 1.7947e-04 1.7115e-04 1.6306e-04 1.5521e-04 1.4761e-04 1.4026e-04 1.3315e-04 1.2629e-04 1.1968e-04 1.1331e-04 1.0719e-04 1.0131e-04 9.5667e-05 9.0259e-05 8.5082e-05 8.0132e-05 7.5404e-05 7.0893e-05 6.6595e-05 6.2502e-05 5.8610e-05 5.4914e-05 5.1406e-05 4.8080e-05 4.4931e-05 4.1952e-05 3.9137e-05 3.6480e-05 3.3974e-05 3.1613e-05 2.9392e-05 2.7303e-05 2.5340e-05
-1.5085e-04 -2.1308e-04 -2.6046e-04 -2.9994e-04 -3.3417e-04 3.9572e-03 -3.9173e-04 -4.1634e-04 -4.3869e-04 -4.5902e-04 -4.7751e-04 -4.9431e-04 -5.0952e-04 -5.2324e-04 -5.3553e-04 -5.4647e-04 -5.5612e-04 -5.6451e-04 -5.7170e-04 -5.7773e-04 -5.8265e-04 -5.8648e-04 -5.8926e-04 -5.9105e-04 -5.9186e-04 -5.9174e-04 -5.9072e-04 -5.8884e-04 -5.8614e-04 -5.8264e-04 -5.7840e-04 -5.7345e-04 -5.6781e-04 -5.6154e-04 -5.5467e-04 -5.4722e-04 -5.3926e-04 -5.3080e-04 -5.2188e-04 -5.1255e-04 -5.0284e-04 -4.9278e-04 -4.8241e-04 -4.7176e-04 -4.6087e-04 -4.4977e-04 -4.3849e-04 -4.2707e-04 -4.1553e-04 -4.0390e-04 -3.9222e-04 -3.8050e-04 -3.6878e-04 -3.5708e-04 -3.4542e-04 -3.3382e-04 -3.2231e-04 -3.1091e-04 -2.9964e-04 -2.8850e-04 -2.7753e-04 -2.6673e-04 -2.5612e-04 -2.4570e-04 -2.3550e-04 -2.2552e-04 -2.1577e-04 -2.0626e-04 -1.9699e-04 -1.8797e-04 -1.7921e-04 -1.7070e-04 -1.6246e-04 -1.5448e-04 -1.4676e-04 -1.3931e-04 -1.3212e-04 -1.2519e-04 -1.1853e-04 -1.1212e-04 -1.0597e-04 -1.0007e-04 -9.4420e-05 -8.9011e-05 -8.3841e-05 -7.8904e-05 -7.4195e-05 -6.9708e-05 -6.5437e-05 -6.1376e-05 -5.7518e-05 -5.3857e-05 -5.0388e-05 -4.7102e-05 -4.3993e-05 -4.1055e-05 -3.8282e-05 -3.5666e-05 -3.3201e-05 -3.0881e-05 1.5084e-04 2.1307e-04 2.6043e-04 2.9988e-04 3.3407e-04 0.0000e+00 3.9151e-04 4.1603e-04 4.3828e-04 4.5849e-04 4.7685e-04 4.9349e-04 5.0853e-04 5.2206e-04 5.3415e-04 5.4487e-04 5.5427e-04 5.6241e-04 5.6933e-04 5.7508e-04 5.7970e-04 5.8322e-04 5.8569e-04 5.8715e-04 5.8762e-04 5.8716e-04 5.8579e-04 5.8356e-04 5.8050e-04 5.7665e-04 5.7206e-04 5.6675e-04 5.6076e-04 5.5414e-04 5.4693e-04 5.3916e-04 5.3086e-04 5.2209e-04 5.1287e-04 5.0325e-04 4.9326e-04 4.8293e-04 4.7231e-04 4.6143e-04 4.5033e-04 4.3903e-04 4.2757e-04 4.1598e-04 4.0430e-04 3.9254e-04 3.8075e-04 3.6895e-04 3.5716e-04 3.4541e-04 3.3372e-04 3.2211e-04 3.1062e-04 2.9924e-04 2.8801e-04 2.7694e-04 2.6604e-04 2.5534e-04 2.4484e-04 2.3455e-04 2.2449e-04 2.1466e-04 2.0507e-04 1.9574e-04 1.8666e-04 1.7784e-04 1.6928e-04 1.6099e-04 1.5297e-04 1.4522e-04 1.3774e-04 1.3053e-04 1.2358e-04 1.1690e-04 1.1049e-04 1.0433e-04 9.8436e-05 9.2790e-05 8.7392e-05 8.2235e-05 7.7316e-05 7.2628e-05 6.8164e-05 6.3920e-05 5.9888e-05 5.6062e-05 5.2435e-05 4.9001e-05 4.5752e-05 4.2682e-05 3.9784e-05 3.7051e-05 3.4477e-05 3.2053e-05 2.9775e-05 2.7635e-05
-1.6209e-04 -2.2896e-04 -2.7988e-04 -3.2231e-04 -3.5911e-04 -3.9173e-04 5.3858e-03 -4.4749e-04 -4.7154e-04 -4.9343e-04 -5.1335e-04 -5.3146e-04 -5.4787e-04 -5.6269e-04 -5.7598e-04 -5.8782e-04 -5.9828e-04 -6.0739e-04 -6.1523e-04 -6.2182e-04 -6.2721e-04 -6.3145e-04 -6.3457e-04 -6.3661e-04 -6.3761e-04 -6.3761e-04 -6.3665e-04 -6.3477e-04 -6.3200e-04 -6.2839e-04 -6.2397e-04 -6.1879e-04 -6.1287e-04 -6.0626e-04 -5.9901e-04 -5.9115e-04 -5.8271e-04 -5.7374e-04 -5.6428e-04 -5.5437e-04 -5.4404e-04 -5.3334e-04 -5.2229e-04 -5.1094e-04 -4.9933e-04 -4.8748e-04 -4.7543e-04 -4.6322e-04 -4.5088e-04 -4.3844e-04 -4.2592e-04 -4.1337e-04 -4.0080e-04 -3.8824e-04 -3.7573e-04 -3.6328e-04 -3.5091e-04 -3.3865e-04 -3.2652e-04 -3.1453e-04 -3.0271e-04 -2.9107e-04 -2.7962e-04 -2.6838e-04 -2.5737e-04 -2.4658e-04 -2.3604e-04 -2.2575e-04 -2.1572e-04 -2.0595e-04 -1.9646e-04 -1.8723e-04 -1.7829e-04 -1.6963e-04 -1.6124e-04 -1.5314e-04 -1.4532e-04 -1.3779e-04 -1.3053e-04 -1.2354e-04 -1.1684e-04 -1.1040e-04 -1.0423e-04 -9.8317e-05 -9.2664e-05 -8.7262e-05 -8.2106e-05 -7.7189e-05 -7.2506e-05 -6.8050e-05 -6.3815e-05 -5.9793e-05 -5.5977e-05 -5.2362e-05 -4.8939e-05 -4.5702e-05 -4.2644e-05 -3.9757e-05 -3.7035e-05 -3.4471e-05 1.6209e-04 2.2895e-04 2.7984e-04 3.2223e-04 3.5897e-04 3.9151e-04 0.0000e+00 4.4704e-04 4.7094e-04 4.9266e-04 5.1238e-04 5.3026e-04 5.4642e-04 5.6096e-04 5.7395e-04 5.8547e-04 5.9558e-04 6.0432e-04 6.1176e-04 6.1794e-04 6.2290e-04 6.2668e-04 6.2934e-04 6.3090e-04 6.3141e-04 6.3091e-04 6.2945e-04 6.2705e-04 6.2376e-04 6.1963e-04 6.1469e-04 6.0898e-04 6.0255e-04 5.9544e-04 5.8769e-04 5.7933e-04 5.7042e-04 5.6099e-04 5.5109e-04 5.4075e-04 5.3001e-04 5.1892e-04 5.0751e-04 4.9582e-04 4.8388e-04 4.7174e-04 4.5943e-04 4.4698e-04 4.3442e-04 4.2179e-04 4.0912e-04 3.9644e-04 3.8377e-04 3.7114e-04 3.5858e-04 3.4612e-04 3.3376e-04 3.2154e-04 3.0947e-04 2.9757e-04 2.8587e-04 2.7436e-04 2.6308e-04 2.5202e-04 2.4121e-04 2.3065e-04 2.2035e-04 2.1032e-04 2.0056e-04 1.9108e-04 1.8189e-04 1.7298e-04 1.6436e-04 1.5603e-04 1.4800e-04 1.4025e-04 1.3279e-04 1.2561e-04 1.1872e-04 1.1210e-04 1.0577e-04 9.9700e-05 9.3899e-05 8.8358e-05 8.3072e-05 7.8035e-05 7.3239e-05 6.8678e-05 6.4346e-05 6.0235e-05 5.6338e-05 5.2648e-05 4.9157e-05 4.5859e-05 4.2745e-05 3.9808e-05 3.7042e-05 3.4438e-05 3.1990e-05 2.9691e-05
-1.7224e-04 -2.4331e-04 -2.9743e-04 -3.4253e-04 -3.8166e-04 -4.1634e-04 -4.4749e-04 7.0339e-03 -5.0128e-04 -5.2459e-04 -5.4583e-04 -5.6515e-04 -5.8267e-04 -5.9850e-04 -6.1272e-04 -6.2541e-04 -6.3664e-04 -6.4645e-04 -6.5490e-04 -6.6204e-04 -6.6791e-04 -6.7256e-04 -6.7602e-04 -6.7835e-04 -6.7958e-04 -6.7974e-04 -6.7889e-04 -6.7706e-04 -6.7429e-04 -6.7062e-04 -6.6609e-04 -6.6075e-04 -6.5463e-04 -6.4778e-04 -6.4024e-04 -6.3204e-04 -6.2323e-04 -6.1385e-04 -6.0395e-04 -5.9356e-04 -5.8272e-04 -5.7147e-04 -5.5985e-04 -5.4791e-04 -5.3567e-04 -5.2317e-04 -5.1046e-04 -4.9757e-04 -4.8452e-04 -4.7136e-04 -4.5812e-04 -4.4482e-04 -4.3150e-04 -4.1818e-04 -4.0490e-04 -3.9167e-04 -3.7853e-04 -3.6549e-04 -3.5258e-04 -3.3981e-04 -3.2721e-04 -3.1480e-04 -3.0259e-04 -2.9059e-04 -2.7882e-04 -2.6729e-04 -2.5601e-04 -2.4499e-04 -2.3424e-04 -2.2377e-04 -2.1358e-04 -2.0367e-04 -1.9406e-04 -1.8475e-04 -1.7573e-04 -1.6701e-04 -1.5858e-04 -1.5045e-04 -1.4262e-04 -1.3508e-04 -1.2783e-04 -1.2087e-04 -1.1419e-04 -1.0779e-04 -1.0166e-04 -9.5798e-05 -9.0200e-05 -8.4859e-05 -7.9767e-05 -7.4918e-05 -7.0306e-05 -6.5922e-05 -6.1761e-05 -5.7814e-05 -5.4075e-05 -5.0536e-05 -4.7189e-05 -4.4028e-05 -4.1045e-05 -3.8232e-05 1.7224e-04 2.4329e-04 2.9737e-04 3.4242e-04 3.8146e-04 4.1603e-04 4.4704e-04 0.0000e+00 5.0045e-04 5.2352e-04 5.4448e-04 5.6348e-04 5.8066e-04 5.9610e-04 6.0991e-04 6.2215e-04 6.3289e-04 6.4218e-04 6.5009e-04 6.5665e-04 6.6192e-04 6.6595e-04 6.6877e-04 6.7043e-04 6.7097e-04 6.7044e-04 6.6888e-04 6.6633e-04 6.6284e-04 6.5845e-04 6.5320e-04 6.4713e-04 6.4030e-04 6.3274e-04 6.2450e-04 6.1563e-04 6.0616e-04 5.9614e-04 5.8561e-04 5.7462e-04 5.6321e-04 5.5143e-04 5.3930e-04 5.2688e-04 5.1419e-04 5.0129e-04 4.8821e-04 4.7498e-04 4.6163e-04 4.4821e-04 4.3475e-04 4.2127e-04 4.0781e-04 3.9439e-04 3.8104e-04 3.6779e-04 3.5466e-04 3.4167e-04 3.2885e-04 3.1621e-04 3.0377e-04 2.9154e-04 2.7955e-04 2.6780e-04 2.5631e-04 2.4509e-04 2.3415e-04 2.2349e-04 2.1312e-04 2.0305e-04 1.9328e-04 1.8381e-04 1.7465e-04 1.6580e-04 1.5726e-04 1.4902e-04 1.4110e-04 1.3347e-04 1.2615e-04 1.1912e-04 1.1238e-04 1.0594e-04 9.9773e-05 9.3886e-05 8.8268e-05 8.2915e-05 7.7819e-05 7.2973e-05 6.8370e-05 6.4001e-05 5.9860e-05 5.5939e-05 5.2230e-05 4.8725e-05 4.5416e-05 4.2296e-05 3.9356e-05 3.6590e-05 3.3988e-05 3.1545e-05
-1.8145e-04 -2.5633e-04 -3.1335e-04 -3.6088e-04 -4.0212e-04 -4.3869e-04 -4.7154e-04 -5.0128e-04 8.9014e-03 -5.5295e-04 -5.7540e-04 -5.9583e-04 -6.1439e-04 -6.3117e-04 -6.4627e-04 -6.5977e-04 -6.7173e-04 -6.8221e-04 -6.9127e-04 -6.9895e-04 -7.0530e-04 -7.1037e-04 -7.1421e-04 -7.1685e-04 -7.1833e-04 -7.1870e-04 -7.1800e-04 -7.1627e-04 -7.1356e-04 -7.0990e-04 -7.0533e-04 -6.9991e-04 -6.9367e-04 -6.8665e-04 -6.7889e-04 -6.7045e-04 -6.6136e-04 -6.5166e-04 -6.4140e-04 -6.3063e-04 -6.1937e-04 -6.0767e-04 -5.9558e-04 -5.8313e-04 -5.7037e-04 -5.5732e-04 -5.4404e-04 -5.3055e-04 -5.1689e-04 -5.0310e-04 -4.8922e-04 -4.7526e-04 -4.6127e-04 -4.4727e-04 -4.3330e-04 -4.1937e-04 -4.0553e-04 -3.9178e-04 -3.7816e-04 -3.6468e-04 -3.5136e-04 -3.3824e-04 -3.2531e-04 -3.1260e-04 -3.0012e-04 -2.8789e-04 -2.7592e-04 -2.6421e-04 -2.5278e-04 -2.4164e-04 -2.3079e-04 -2.2023e-04 -2.0998e-04 -2.0004e-04 -1.9040e-04 -1.8108e-04 -1.7206e-04 -1.6336e-04 -1.5496e-04 -1.4688e-04 -1.3909e-04 -1.3161e-04 -1.2443e-04 -1.1754e-04 -1.1094e-04 -1.0463e-04 -9.8588e-05 -9.2820e-05 -8.7318e-05 -8.2073e-05 -7.7080e-05 -7.2331e-05 -6.7819e-05 -6.3535e-05 -5.9473e-05 -5.5625e-05 -5.1984e-05 -4.8540e-05 -4.5288e-05 -4.2219e-05 1.8145e-04 2.5630e-04 3.1328e-04 3.6073e-04 4.0186e-04 4.3828e-04 4.7094e-04 5.0045e-04 0.0000e+00 5.5152e-04 5.7360e-04 5.9362e-04 6.1171e-04 6.2798e-04 6.4252e-04 6.5542e-04 6.6673e-04 6.7652e-04 6.8485e-04 6.9176e-04 6.9732e-04 7.0155e-04 7.0453e-04 7.0627e-04 7.0685e-04 7.0629e-04 7.0464e-04 7.0196e-04 6.9828e-04 6.9365e-04 6.8812e-04 6.8173e-04 6.7454e-04 6.6657e-04 6.5789e-04 6.4854e-04 6.3857e-04 6.2801e-04 6.1692e-04 6.0535e-04 5.9333e-04 5.8091e-04 5.6813e-04 5.5504e-04 5.4168e-04 5.2809e-04 5.1431e-04 5.0037e-04 4.8631e-04 4.7217e-04 4.5799e-04 4.4379e-04 4.2961e-04 4.1547e-04 4.0141e-04 3.8745e-04 3.7362e-04 3.5993e-04 3.4642e-04 3.3311e-04 3.2000e-04 3.0712e-04 2.9449e-04 2.8211e-04 2.7001e-04 2.5818e-04 2.4665e-04 2.3542e-04 2.2450e-04 2.1389e-04 2.0360e-04 1.9362e-04 1.8398e-04 1.7465e-04 1.6565e-04 1.5698e-04 1.4863e-04 1.4059e-04 1.3288e-04 1.2547e-04 1.1838e-04 1.1159e-04 1.0509e-04 9.8893e-05 9.2975e-05 8.7336e-05 8.1968e-05 7.6863e-05 7.2013e-05 6.7412e-05 6.3050e-05 5.8919e-05 5.5012e-05 5.1320e-05 4.7834e-05 4.4547e-05 4.1451e-05 3.8537e-05 3.5797e-05 3.3223e-05
-1.8982e-04 -2.6815e-04 -3.2782e-04 -3.7756e-04 -4.2072e-04 -4.5902e-04 -4.9343e-04 -5.2459e-04 -5.5295e-04 1.0988e-02 -6.0237e-04 -6.2385e-04 -6.4338e-04 -6.6106e-04 -6.7700e-04 -6.9126e-04 -7.0393e-04 -7.1507e-04 -7.2472e-04 -7.3294e-04 -7.3979e-04 -7.4530e-04 -7.4952e-04 -7.5250e-04 -7.5428e-04 -7.5490e-04 -7.5440e-04 -7.5283e-04 -7.5023e-04 -7.4664e-04 -7.4210e-04 -7.3666e-04 -7.3037e-04 -7.2326e-04 -7.1538e-04 -7.0677e-04 -6.9749e-04 -6.8756e-04 -6.7703e-04 -6.6595e-04 -6.5437e-04 -6.4232e-04 -6.2984e-04 -6.1698e-04 -6.0377e-04 -5.9026e-04 -5.7649e-04 -5.6250e-04 -5.4832e-04 -5.3398e-04 -5.1953e-04 -5.0500e-04 -4.9041e-04 -4.7581e-04 -4.6122e-04 -4.4666e-04 -4.3218e-04 -4.1778e-04 -4.0351e-04 -3.8937e-04 -3.7540e-04 -3.6161e-04 -3.4801e-04 -3.3464e-04 -3.2150e-04 -3.0861e-04 -2.9597e-04 -2.8361e-04 -2.7153e-04 -2.5975e-04 -2.4826e-04 -2.3708e-04 -2.2621e-04 -2.1565e-04 -2.0542e-04 -1.9550e-04 -1.8591e-04 -1.7664e-04 -1.6769e-04 -1.5906e-04 -1.5075e-04 -1.4275e-04 -1.3507e-04 -1.2769e-04 -1.2062e-04 -1.1384e-04 -1.0736e-04 -1.0116e-04 -9.5240e-05 -8.9593e-05 -8.4212e-05 -7.9089e-05 -7.4216e-05 -6.9587e-05 -6.5193e-05 -6.1027e-05 -5.7080e-05 -5.3344e-05 -4.9813e-05 -4.6477e-05 1.8982e-04 2.6812e-04 3.2772e-04 3.7736e-04 4.2039e-04 4.5849e-04 4.9266e-04 5.2352e-04 5.5152e-04 0.0000e+00 6.0005e-04 6.2099e-04 6.3991e-04 6.5694e-04 6.7215e-04 6.8564e-04 6.9747e-04 7.0772e-04 7.1643e-04 7.2366e-04 7.2947e-04 7.3390e-04 7.3701e-04 7.3884e-04 7.3944e-04 7.3886e-04 7.3714e-04 7.3433e-04 7.3048e-04 7.2564e-04 7.1985e-04 7.1317e-04 7.0564e-04 6.9731e-04 6.8823e-04 6.7844e-04 6.6801e-04 6.5696e-04 6.4536e-04 6.3325e-04 6.2068e-04 6.0769e-04 5.9432e-04 5.8063e-04 5.6665e-04 5.5243e-04 5.3801e-04 5.2343e-04 5.0872e-04 4.9393e-04 4.7910e-04 4.6424e-04 4.4940e-04 4.3461e-04 4.1990e-04 4.0530e-04 3.9083e-04 3.7652e-04 3.6238e-04 3.4845e-04 3.3474e-04 3.2127e-04 3.0805e-04 2.9510e-04 2.8244e-04 2.7007e-04 2.5801e-04 2.4626e-04 2.3483e-04 2.2373e-04 2.1296e-04 2.0253e-04 1.9244e-04 1.8269e-04 1.7327e-04 1.6420e-04 1.5546e-04 1.4706e-04 1.3898e-04 1.3124e-04 1.2382e-04 1.1671e-04 1.0992e-04 1.0343e-04 9.7244e-05 9.1345e-05 8.5729e-05 8.0389e-05 7.5316e-05 7.0503e-05 6.5940e-05 6.1619e-05 5.7532e-05 5.3670e-05 5.0024e-05 4.6586e-05 4.3348e-05 4.0299e-05 3.7434e-05 3.4742e-05
-1.9742e-04 -2.7890e-04 -3.4096e-04 -3.9271e-04 -4.3764e-04 -4.7751e-04 -5.1335e-04 -5.4583e-04 -5.7540e-04 -6.0237e-04 1.3294e-02 -6.4945e-04 -6.6989e-04 -6.8843e-04 -7.0516e-04 -7.2017e-04 -7.3353e-04 -7.4530e-04 -7.5555e-04 -7.6432e-04 -7.7167e-04 -7.7763e-04 -7.8227e-04 -7.8562e-04 -7.8773e-04 -7.8864e-04 -7.8839e-04 -7.8703e-04 -7.8459e-04 -7.8114e-04 -7.7670e-04 -7.7132e-04 -7.6505e-04 -7.5792e-04 -7.4999e-04 -7.4130e-04 -7.3190e-04 -7.2182e-04 -7.1111e-04 -6.9982e-04 -6.8800e-04 -6.7567e-04 -6.6289e-04 -6.4970e-04 -6.3614e-04 -6.2226e-04 -6.0809e-04 -5.9367e-04 -5.7903e-04 -5.6423e-04 -5.4929e-04 -5.3425e-04 -5.1915e-04 -5.0400e-04 -4.8886e-04 -4.7374e-04 -4.5868e-04 -4.4370e-04 -4.2882e-04 -4.1408e-04 -3.9950e-04 -3.8509e-04 -3.7087e-04 -3.5688e-04 -3.4311e-04 -3.2959e-04 -3.1633e-04 -3.0334e-04 -2.9064e-04 -2.7823e-04 -2.6613e-04 -2.5434e-04 -2.4286e-04 -2.3171e-04 -2.2089e-04 -2.1039e-04 -2.0023e-04 -1.9039e-04 -1.8089e-04 -1.7173e-04 -1.6289e-04 -1.5437e-04 -1.4618e-04 -1.3832e-04 -1.3076e-04 -1.2352e-04 -1.1658e-04 -1.0995e-04 -1.0360e-04 -9.7541e-05 -9.1762e-05 -8.6254e-05 -8.1010e-05 -7.6024e-05 -7.1286e-05 -6.6789e-05 -6.2524e-05 -5.8484e-05 -5.4661e-05 -5.1047e-05 1.9742e-04 2.7885e-04 3.4084e-04 3.9247e-04 4.3722e-04 4.7685e-04 5.1238e-04 5.4448e-04 5.7360e-04 6.0005e-04 0.0000e+00 6.4585e-04 6.6553e-04 6.8324e-04 6.9906e-04 7.1309e-04 7.2540e-04 7.3605e-04 7.4511e-04 7.5263e-04 7.5867e-04 7.6329e-04 7.6652e-04 7.6842e-04 7.6904e-04 7.6843e-04 7.6665e-04 7.6372e-04 7.5972e-04 7.5468e-04 7.4867e-04 7.4172e-04 7.3388e-04 7.2522e-04 7.1577e-04 7.0560e-04 6.9474e-04 6.8326e-04 6.7119e-04 6.5860e-04 6.4552e-04 6.3201e-04 6.1811e-04 6.0386e-04 5.8933e-04 5.7454e-04 5.5954e-04 5.4437e-04 5.2908e-04 5.1369e-04 4.9826e-04 4.8281e-04 4.6738e-04 4.5200e-04 4.3670e-04 4.2151e-04 4.0646e-04 3.9157e-04 3.7687e-04 3.6238e-04 3.4811e-04 3.3410e-04 3.2036e-04 3.0689e-04 2.9372e-04 2.8086e-04 2.6831e-04 2.5609e-04 2.4421e-04 2.3266e-04 2.2146e-04 2.1061e-04 2.0012e-04 1.8997e-04 1.8018e-04 1.7074e-04 1.6165e-04 1.5291e-04 1.4452e-04 1.3647e-04 1.2875e-04 1.2136e-04 1.1429e-04 1.0755e-04 1.0111e-04 9.4975e-05 8.9135e-05 8.3582e-05 7.8307e-05 7.3301e-05 6.8556e-05 6.4063e-05 5.9813e-05 5.5797e-05 5.2006e-05 4.8430e-05 4.5063e-05 4.1893e-05 3.8913e-05 3.6115e-05
-2.0432e-04 -2.8864e-04 -3.5288e-04 -4.0647e-04 -4.5300e-04 -4.9431e-04 -5.3146e-04 -5.6515e-04 -5.9583e-04 -6.2385e-04 -6.4945e-04 1.5819e-02 -6.9413e-04 -7.1348e-04 -7.3097e-04 -7.4670e-04 -7.6073e-04 -7.7314e-04 -7.8398e-04 -7.9330e-04 -8.0116e-04 -8.0761e-04 -8.1268e-04 -8.1644e-04 -8.1891e-04 -8.2015e-04 -8.2020e-04 -8.1910e-04 -8.1690e-04 -8.1364e-04 -8.0936e-04 -8.0410e-04 -7.9792e-04 -7.9086e-04 -7.8296e-04 -7.7426e-04 -7.6482e-04 -7.5467e-04 -7.4387e-04 -7.3245e-04 -7.2046e-04 -7.0794e-04 -6.9495e-04 -6.8151e-04 -6.6768e-04 -6.5350e-04 -6.3900e-04 -6.2423e-04 -6.0923e-04 -5.9403e-04 -5.7868e-04 -5.6320e-04 -5.4764e-04 -5.3203e-04 -5.1639e-04 -5.0077e-04 -4.8518e-04 -4.6967e-04 -4.5425e-04 -4.3895e-04 -4.2380e-04 -4.0882e-04 -3.9402e-04 -3.7944e-04 -3.6508e-04 -3.5096e-04 -3.3710e-04 -3.2351e-04 -3.1021e-04 -2.9721e-04 -2.8451e-04 -2.7212e-04 -2.6005e-04 -2.4832e-04 -2.3691e-04 -2.2584e-04 -2.1511e-04 -2.0472e-04 -1.9466e-04 -1.8495e-04 -1.7558e-04 -1.6655e-04 -1.5785e-04 -1.4948e-04 -1.4144e-04 -1.3373e-04 -1.2633e-04 -1.1924e-04 -1.1246e-04 -1.0597e-04 -9.9784e-05 -9.3878e-05 -8.8251e-05 -8.2893e-05 -7.7797e-05 -7.2955e-05 -6.8359e-05 -6.4000e-05 -5.9871e-05 -5.5963e-05 2.0431e-04 2.8859e-04 3.5274e-04 4.0617e-04 4.5248e-04 4.9349e-04 5.3026e-04 5.6348e-04 5.9362e-04 6.2099e-04 6.4585e-04 0.0000e+00 6.8876e-04 7.0708e-04 7.2346e-04 7.3798e-04 7.5071e-04 7.6174e-04 7.7111e-04 7.7890e-04 7.8515e-04 7.8992e-04 7.9327e-04 7.9524e-04 7.9588e-04 7.9525e-04 7.9340e-04 7.9038e-04 7.8623e-04 7.8102e-04 7.7479e-04 7.6760e-04 7.5949e-04 7.5052e-04 7.4075e-04 7.3022e-04 7.1898e-04 7.0710e-04 6.9461e-04 6.8157e-04 6.6804e-04 6.5405e-04 6.3966e-04 6.2492e-04 6.0988e-04 5.9457e-04 5.7905e-04 5.6335e-04 5.4752e-04 5.3160e-04 5.1563e-04 4.9964e-04 4.8366e-04 4.6774e-04 4.5191e-04 4.3619e-04 4.2061e-04 4.0520e-04 3.8999e-04 3.7499e-04 3.6023e-04 3.4573e-04 3.3150e-04 3.1757e-04 3.0393e-04 2.9062e-04 2.7764e-04 2.6499e-04 2.5269e-04 2.4074e-04 2.2915e-04 2.1792e-04 2.0706e-04 1.9656e-04 1.8643e-04 1.7666e-04 1.6726e-04 1.5821e-04 1.4953e-04 1.4119e-04 1.3320e-04 1.2556e-04 1.1825e-04 1.1126e-04 1.0460e-04 9.8254e-05 9.2211e-05 8.6464e-05 8.1005e-05 7.5826e-05 7.0916e-05 6.6267e-05 6.1869e-05 5.7714e-05 5.3791e-05 5.0092e-05 4.6607e-05 4.3328e-05 4.0245e-05 3.7350e-05
-2.1054e-04 -2.9745e-04 -3.6367e-04 -4.1891e-04 -4.6690e-04 -5.0952e-04 -5.4787e-04 -5.8267e-04 -6.1439e-04 -6.4338e-04 -6.6989e-04 -6.9413e-04 1.8562e-02 -7.3637e-04 -7.5460e-04 -7.7102e-04 -7.8571e-04 -7.9875e-04 -8.1018e-04 -8.2006e-04 -8.2845e-04 -8.3540e-04 -8.4094e-04 -8.4513e-04 -8.4801e-04 -8.4963e-04 -8.5002e-04 -8.4924e-04 -8.4732e-04 -8.4431e-04 -8.4025e-04 -8.3519e-04 -8.2918e-04 -8.2225e-04 -8.1444e-04 -8.0582e-04 -7.9642e-04 -7.8628e-04 -7.7546e-04 -7.6399e-04 -7.5192e-04 -7.3930e-04 -7.2616e-04 -7.1256e-04 -6.9854e-04 -6.8414e-04 -6.6939e-04 -6.5435e-04 -6.3905e-04 -6.2353e-04 -6.0783e-04 -5.9198e-04 -5.7603e-04 -5.6001e-04 -5.4394e-04 -5.2787e-04 -5.1182e-04 -4.9582e-04 -4.7991e-04 -4.6410e-04 -4.4843e-04 -4.3291e-04 -4.1757e-04 -4.0243e-04 -3.8751e-04 -3.7282e-04 -3.5839e-04 -3.4423e-04 -3.3034e-04 -3.1676e-04 -3.0347e-04 -2.9051e-04 -2.7786e-04 -2.6554e-04 -2.5356e-04 -2.4192e-04 -2.3063e-04 -2.1967e-04 -2.0907e-04 -1.9882e-04 -1.8891e-04 -1.7935e-04 -1.7013e-04 -1.6126e-04 -1.5272e-04 -1.4452e-04 -1.3665e-04 -1.2910e-04 -1.2186e-04 -1.1494e-04 -1.0833e-04 -1.0201e-04 -9.5982e-05 -9.0237e-05 -8.4768e-05 -7.9566e-05 -7.4622e-05 -6.9929e-05 -6.5478e-05 -6.1261e-05 2.1053e-04 2.9738e-04 3.6349e-04 4.1855e-04 4.6627e-04 5.0853e-04 5.4642e-04 5.8066e-04 6.1171e-04 6.3991e-04 6.6553e-04 6.8876e-04 0.0000e+00 7.2863e-04 7.4551e-04 7.6047e-04 7.7359e-04 7.8495e-04 7.9461e-04 8.0264e-04 8.0908e-04 8.1400e-04 8.1744e-04 8.1947e-04 8.2013e-04 8.1948e-04 8.1758e-04 8.1446e-04 8.1019e-04 8.0482e-04 7.9840e-04 7.9098e-04 7.8263e-04 7.7339e-04 7.6331e-04 7.5246e-04 7.4088e-04 7.2863e-04 7.1576e-04 7.0233e-04 6.8838e-04 6.7397e-04 6.5914e-04 6.4395e-04 6.2844e-04 6.1267e-04 5.9667e-04 5.8049e-04 5.6418e-04 5.4777e-04 5.3131e-04 5.1483e-04 4.9837e-04 4.8196e-04 4.6565e-04 4.4945e-04 4.3339e-04 4.1751e-04 4.0183e-04 3.8638e-04 3.7117e-04 3.5622e-04 3.4156e-04 3.2720e-04 3.1315e-04 2.9943e-04 2.8605e-04 2.7302e-04 2.6034e-04 2.4803e-04 2.3609e-04 2.2451e-04 2.1332e-04 2.0250e-04 1.9206e-04 1.8199e-04 1.7230e-04 1.6298e-04 1.5403e-04 1.4544e-04 1.3721e-04 1.2933e-04 1.2180e-04 1.1461e-04 1.0774e-04 1.0120e-04 9.4974e-05 8.9053e-05 8.3429e-05 7.8092e-05 7.3033e-05 6.8244e-05 6.3713e-05 5.9432e-05 5.5391e-05 5.1580e-05 4.7990e-05 4.4612e-05 4.1437e-05 3.8454e-05
-2.1615e-04 -3.0537e-04 -3.7337e-04 -4.3011e-04 -4.7942e-04 -5.2324e-04 -5.6269e-04 -5.9850e-04 -6.3117e-04 -6.6106e-04 -6.8843e-04 -7.1348e-04 -7.3637e-04 2.1524e-02 -7.7616e-04 -7.9327e-04 -8.0861e-04 -8.2226e-04 -8.3429e-04 -8.4475e-04 -8.5368e-04 -8.6114e-04 -8.6718e-04 -8.7184e-04 -8.7517e-04 -8.7720e-04 -8.7799e-04 -8.7757e-04 -8.7600e-04 -8.7330e-04 -8.6953e-04 -8.6473e-04 -8.5894e-04 -8.5222e-04 -8.4459e-04 -8.3611e-04 -8.2683e-04 -8.1678e-04 -8.0601e-04 -7.9457e-04 -7.8250e-04 -7.6985e-04 -7.5666e-04 -7.4297e-04 -7.2883e-04 -7.1428e-04 -6.9937e-04 -6.8413e-04 -6.6860e-04 -6.5283e-04 -6.3685e-04 -6.2070e-04 -6.0442e-04 -5.8805e-04 -5.7161e-04 -5.5515e-04 -5.3868e-04 -5.2226e-04 -5.0589e-04 -4.8962e-04 -4.7346e-04 -4.5745e-04 -4.4160e-04 -4.2594e-04 -4.1048e-04 -3.9526e-04 -3.8028e-04 -3.6556e-04 -3.5111e-04 -3.3696e-04 -3.2311e-04 -3.0957e-04 -2.9635e-04 -2.8347e-04 -2.7091e-04 -2.5871e-04 -2.4685e-04 -2.3533e-04 -2.2418e-04 -2.1337e-04 -2.0292e-04 -1.9283e-04 -1.8309e-04 -1.7369e-04 -1.6465e-04 -1.5595e-04 -1.4759e-04 -1.3956e-04 -1.3186e-04 -1.2449e-04 -1.1743e-04 -1.1069e-04 -1.0425e-04 -9.8097e-05 -9.2238e-05 -8.6658e-05 -8.1349e-05 -7.6305e-05 -7.1515e-05 -6.6972e-05 2.1613e-04 3.0529e-04 3.7316e-04 4.2968e-04 4.7867e-04 5.2206e-04 5.6096e-04 5.9610e-04 6.2798e-04 6.5694e-04 6.8324e-04 7.0708e-04 7.2863e-04 0.0000e+00 7.6534e-04 7.8070e-04 7.9417e-04 8.0583e-04 8.1575e-04 8.2399e-04 8.3060e-04 8.3565e-04 8.3918e-04 8.4127e-04 8.4195e-04 8.4128e-04 8.3932e-04 8.3612e-04 8.3174e-04 8.2622e-04 8.1963e-04 8.1202e-04 8.0344e-04 7.9395e-04 7.8361e-04 7.7246e-04 7.6058e-04 7.4800e-04 7.3479e-04 7.2099e-04 7.0667e-04 6.9187e-04 6.7665e-04 6.6105e-04 6.4513e-04 6.2894e-04 6.1251e-04 5.9590e-04 5.7915e-04 5.6231e-04 5.4540e-04 5.2848e-04 5.1159e-04 4.9474e-04 4.7799e-04 4.6135e-04 4.4487e-04 4.2857e-04 4.1247e-04 3.9660e-04 3.8098e-04 3.6564e-04 3.5059e-04 3.3584e-04 3.2142e-04 3.0733e-04 2.9359e-04 2.8021e-04 2.6720e-04 2.5456e-04 2.4230e-04 2.3042e-04 2.1893e-04 2.0782e-04 1.9710e-04 1.8677e-04 1.7682e-04 1.6725e-04 1.5806e-04 1.4924e-04 1.4080e-04 1.3271e-04 1.2497e-04 1.1759e-04 1.1054e-04 1.0383e-04 9.7439e-05 9.1361e-05 8.5589e-05 8.0111e-05 7.4919e-05 7.0003e-05 6.5354e-05 6.0960e-05 5.6813e-05 5.2902e-05 4.9219e-05 4.5752e-05 4.2493e-05 3.9433e-05
-2.2115e-04 -3.1245e-04 -3.8205e-04 -4.4014e-04 -4.9064e-04 -5.3553e-04 -5.7598e-04 -6.1272e-04 -6.4627e-04 -6.7700e-04 -7.0516e-04 -7.3097e-04 -7.5460e-04 -7.7616e-04 2.4705e-02 -8.1355e-04 -8.2953e-04 -8.4380e-04 -8.5643e-04 -8.6747e-04 -8.7696e-04 -8.8497e-04 -8.9153e-04 -8.9669e-04 -9.0050e-04 -9.0300e-04 -9.0422e-04 -9.0423e-04 -9.0304e-04 -9.0072e-04 -8.9730e-04 -8.9283e-04 -8.8734e-04 -8.8088e-04 -8.7350e-04 -8.6525e-04 -8.5615e-04 -8.4627e-04 -8.3563e-04 -8.2430e-04 -8.1231e-04 -7.9971e-04 -7.8653e-04 -7.7283e-04 -7.5865e-04 -7.4404e-04 -7.2902e-04 -7.1365e-04 -6.9797e-04 -6.8201e-04 -6.6582e-04 -6.4944e-04 -6.3289e-04 -6.1623e-04 -5.9948e-04 -5.8267e-04 -5.6585e-04 -5.4904e-04 -5.3227e-04 -5.1557e-04 -4.9897e-04 -4.8250e-04 -4.6618e-04 -4.5003e-04 -4.3407e-04 -4.1833e-04 -4.0283e-04 -3.8757e-04 -3.7259e-04 -3.5788e-04 -3.4347e-04 -3.2938e-04 -3.1559e-04 -3.0214e-04 -2.8902e-04 -2.7625e-04 -2.6382e-04 -2.5175e-04 -2.4003e-04 -2.2867e-04 -2.1767e-04 -2.0704e-04 -1.9676e-04 -1.8684e-04 -1.7727e-04 -1.6806e-04 -1.5920e-04 -1.5068e-04 -1.4250e-04 -1.3466e-04 -1.2715e-04 -1.1996e-04 -1.1308e-04 -1.0651e-04 -1.0024e-04 -9.4266e-05 -8.8575e-05 -8.3160e-05 -7.8013e-05 -7.3126e-05 2.2114e-04 3.1236e-04 3.8180e-04 4.3963e-04 4.8976e-04 5.3415e-04 5.7395e-04 6.0991e-04 6.4252e-04 6.7215e-04 6.9906e-04 7.2346e-04 7.4551e-04 7.6534e-04 0.0000e+00 7.9878e-04 8.1256e-04 8.2450e-04 8.3464e-04 8.4307e-04 8.4984e-04 8.5500e-04 8.5862e-04 8.6075e-04 8.6144e-04 8.6076e-04 8.5875e-04 8.5548e-04 8.5099e-04 8.4535e-04 8.3860e-04 8.3081e-04 8.2203e-04 8.1232e-04 8.0174e-04 7.9034e-04 7.7817e-04 7.6530e-04 7.5178e-04 7.3767e-04 7.2301e-04 7.0787e-04 6.9229e-04 6.7633e-04 6.6004e-04 6.4347e-04 6.2666e-04 6.0966e-04 5.9252e-04 5.7528e-04 5.5799e-04 5.4067e-04 5.2338e-04 5.0614e-04 4.8900e-04 4.7198e-04 4.5511e-04 4.3843e-04 4.2195e-04 4.0572e-04 3.8974e-04 3.7403e-04 3.5863e-04 3.4354e-04 3.2878e-04 3.1437e-04 3.0031e-04 2.8662e-04 2.7331e-04 2.6037e-04 2.4783e-04 2.3567e-04 2.2391e-04 2.1255e-04 2.0158e-04 1.9101e-04 1.8083e-04 1.7104e-04 1.6164e-04 1.5262e-04 1.4397e-04 1.3570e-04 1.2779e-04 1.2023e-04 1.1302e-04 1.0615e-04 9.9617e-05 9.3400e-05 8.7495e-05 8.1892e-05 7.6582e-05 7.1554e-05 6.6798e-05 6.2304e-05 5.8063e-05 5.4064e-05 5.0296e-05 4.6751e-05 4.3419e-05 4.0290e-05
-2.2560e-04 -3.1874e-04 -3.8975e-04 -4.4904e-04 -5.0061e-04 -5.4647e-04 -5.8782e-04 -6.2541e-04 -6.5977e-04 -6.9126e-04 -7.2017e-04 -7.4670e-04 -7.7102e-04 -7.9327e-04 -8.1355e-04 2.8104e-02 -8.4857e-04 -8.6346e-04 -8.7669e-04 -8.8832e-04 -8.9839e-04 -9.0696e-04 -9.1408e-04 -9.1977e-04 -9.2410e-04 -9.2710e-04 -9.2882e-04 -9.2929e-04 -9.2856e-04 -9.2666e-04 -9.2365e-04 -9.1957e-04 -9.1444e-04 -9.0833e-04 -9.0127e-04 -8.9330e-04 -8.8447e-04 -8.7483e-04 -8.6440e-04 -8.5325e-04 -8.4142e-04 -8.2894e-04 -8.1586e-04 -8.0222e-04 -7.8808e-04 -7.7346e-04 -7.5842e-04 -7.4299e-04 -7.2722e-04 -7.1115e-04 -6.9481e-04 -6.7825e-04 -6.6150e-04 -6.4461e-04 -6.2759e-04 -6.1051e-04 -5.9337e-04 -5.7623e-04 -5.5910e-04 -5.4202e-04 -5.2502e-04 -5.0813e-04 -4.9136e-04 -4.7476e-04 -4.5833e-04 -4.4210e-04 -4.2609e-04 -4.1032e-04 -3.9481e-04 -3.7957e-04 -3.6462e-04 -3.4997e-04 -3.3563e-04 -3.2162e-04 -3.0794e-04 -2.9460e-04 -2.8160e-04 -2.6897e-04 -2.5668e-04 -2.4476e-04 -2.3321e-04 -2.2202e-04 -2.1119e-04 -2.0073e-04 -1.9063e-04 -1.8090e-04 -1.7152e-04 -1.6249e-04 -1.5382e-04 -1.4549e-04 -1.3750e-04 -1.2985e-04 -1.2252e-04 -1.1551e-04 -1.0881e-04 -1.0242e-04 -9.6330e-05 -9.0526e-05 -8.5003e-05 -7.9753e-05 2.2558e-04 3.1863e-04 3.8946e-04 4.4845e-04 4.9959e-04 5.4487e-04 5.8547e-04 6.2215e-04 6.5542e-04 6.8564e-04 7.1309e-04 7.3798e-04 7.6047e-04 7.8070e-04 7.9878e-04 0.0000e+00 8.2887e-04 8.4104e-04 8.5139e-04 8.5999e-04 8.6689e-04 8.7215e-04 8.7584e-04 8.7802e-04 8.7872e-04 8.7803e-04 8.7598e-04 8.7264e-04 8.6806e-04 8.6230e-04 8.5542e-04 8.4747e-04 8.3851e-04 8.2861e-04 8.1781e-04 8.0618e-04 7.9377e-04 7.8063e-04 7.6684e-04 7.5244e-04 7.3749e-04 7.2204e-04 7.0614e-04 6.8986e-04 6.7324e-04 6.5633e-04 6.3918e-04 6.2184e-04 6.0436e-04 5.8677e-04 5.6912e-04 5.5146e-04 5.3381e-04 5.1623e-04 4.9874e-04 4.8137e-04 4.6416e-04 4.4714e-04 4.3034e-04 4.1377e-04 3.9747e-04 3.8145e-04 3.6573e-04 3.5034e-04 3.3528e-04 3.2058e-04 3.0624e-04 2.9227e-04 2.7869e-04 2.6549e-04 2.5269e-04 2.4029e-04 2.2830e-04 2.1670e-04 2.0552e-04 1.9473e-04 1.8435e-04 1.7436e-04 1.6477e-04 1.5557e-04 1.4675e-04 1.3832e-04 1.3025e-04 1.2254e-04 1.1519e-04 1.0819e-04 1.0152e-04 9.5178e-05 8.9156e-05 8.3443e-05 7.8028e-05 7.2901e-05 6.8051e-05 6.3470e-05 5.9145e-05 5.5068e-05 5.1228e-05 4.7614e-05 4.4217e-05 4.1027e-05
-2.2949e-04 -3.2425e-04 -3.9651e-04 -4.5687e-04 -5.0938e-04 -5.5612e-04 -5.9828e-04 -6.3664e-04 -6.7173e-04 -7.0393e-04 -7.3353e-04 -7.6073e-04 -7.8571e-04 -8.0861e-04 -8.2953e-04 -8.4857e-04 3.1720e-02 -8.8132e-04 -8.9516e-04 -9.0739e-04 -9.1806e-04 -9.2721e-04 -9.3490e-04 -9.4117e-04 -9.4605e-04 -9.4960e-04 -9.5184e-04 -9.5283e-04 -9.5261e-04 -9.5120e-04 -9.4866e-04 -9.4502e-04 -9.4033e-04 -9.3463e-04 -9.2795e-04 -9.2034e-04 -9.1185e-04 -9.0252e-04 -8.9238e-04 -8.8149e-04 -8.6988e-04 -8.5759e-04 -8.4468e-04 -8.3119e-04 -8.1715e-04 -8.0261e-04 -7.8761e-04 -7.7220e-04 -7.5641e-04 -7.4028e-04 -7.2386e-04 -7.0719e-04 -6.9030e-04 -6.7323e-04 -6.5601e-04 -6.3869e-04 -6.2130e-04 -6.0387e-04 -5.8643e-04 -5.6901e-04 -5.5165e-04 -5.3437e-04 -5.1720e-04 -5.0017e-04 -4.8329e-04 -4.6660e-04 -4.5011e-04 -4.3384e-04 -4.1782e-04 -4.0206e-04 -3.8658e-04 -3.7139e-04 -3.5651e-04 -3.4194e-04 -3.2770e-04 -3.1379e-04 -3.0023e-04 -2.8702e-04 -2.7417e-04 -2.6169e-04 -2.4957e-04 -2.3781e-04 -2.2643e-04 -2.1542e-04 -2.0477e-04 -1.9450e-04 -1.8459e-04 -1.7504e-04 -1.6585e-04 -1.5702e-04 -1.4854e-04 -1.4040e-04 -1.3260e-04 -1.2513e-04 -1.1799e-04 -1.1116e-04 -1.0465e-04 -9.8434e-05 -9.2515e-05 -8.6882e-05 2.2947e-04 3.2413e-04 3.9618e-04 4.5620e-04 5.0821e-04 5.5427e-04 5.9558e-04 6.3289e-04 6.6673e-04 6.9747e-04 7.2540e-04 7.5071e-04 7.7359e-04 7.9417e-04 8.1256e-04 8.2887e-04 0.0000e+00 8.5555e-04 8.6608e-04 8.7483e-04 8.8185e-04 8.8720e-04 8.9096e-04 8.9316e-04 8.9388e-04 8.9317e-04 8.9109e-04 8.8769e-04 8.8303e-04 8.7717e-04 8.7017e-04 8.6208e-04 8.5297e-04 8.4289e-04 8.3190e-04 8.2006e-04 8.0744e-04 7.9408e-04 7.8004e-04 7.6539e-04 7.5017e-04 7.3445e-04 7.1828e-04 7.0172e-04 6.8481e-04 6.6760e-04 6.5015e-04 6.3251e-04 6.1472e-04 5.9682e-04 5.7887e-04 5.6089e-04 5.4294e-04 5.2505e-04 5.0725e-04 4.8958e-04 4.7208e-04 4.5476e-04 4.3766e-04 4.2080e-04 4.0422e-04 3.8792e-04 3.7193e-04 3.5627e-04 3.4095e-04 3.2599e-04 3.1140e-04 2.9719e-04 2.8337e-04 2.6994e-04 2.5692e-04 2.4431e-04 2.3210e-04 2.2031e-04 2.0893e-04 1.9796e-04 1.8740e-04 1.7724e-04 1.6748e-04 1.5812e-04 1.4916e-04 1.4057e-04 1.3237e-04 1.2453e-04 1.1705e-04 1.0993e-04 1.0315e-04 9.6701e-05 9.0577e-05 8.4768e-05 7.9262e-05 7.4049e-05 6.9118e-05 6.4460e-05 6.0064e-05 5.5919e-05 5.2015e-05 4.8342e-05 4.4889e-05 4.1647e-05
