1.1164e-08 -7.0711e-08 -1.2990e-07 -2.0000e-07 -2.7950e-07 -3.6740e-07 -4.6296e-07 -5.6559e-07 -6.7482e-07 -7.9025e-07 -9.1154e-07 -1.0384e-06 -1.1705e-06 -1.3076e-06 -1.4494e-06 -1.5958e-06 -1.7465e-06 -1.9012e-06 -2.0597e-06 -2.2218e-06 -2.3872e-06 -2.5557e-06 -2.7269e-06 -2.9006e-06 -3.0766e-06 -3.2543e-06 -3.4336e-06 -3.6141e-06 -3.7953e-06 -3.9770e-06 -4.1585e-06 -4.3396e-06 -4.5197e-06 -4.6983e-06 -4.8750e-06 -5.0491e-06 -5.2202e-06 -5.3876e-06 -5.5507e-06 -5.7090e-06 -5.8617e-06 -6.0084e-06 -6.1483e-06 -6.2807e-06 -6.4051e-06 -6.5207e-06 -6.6270e-06 -6.7233e-06 -6.8091e-06 -6.8837e-06 -6.9466e-06 -6.9973e-06 -7.0353e-06 -7.0602e-06 -7.0717e-06 -7.0693e-06 -7.0530e-06 -7.0225e-06 -6.9778e-06 -6.9188e-06 -6.8455e-06 -6.7583e-06 -6.6572e-06 -6.5427e-06 -6.4152e-06 -6.2752e-06 -6.1234e-06 -5.9603e-06 -5.7869e-06 -5.6039e-06 -5.4123e-06 -5.2131e-06 -5.0072e-06 -4.7959e-06 -4.5801e-06 -4.3611e-06 -4.1400e-06 -3.9180e-06 -3.6961e-06 -3.4756e-06 -3.2574e-06 -3.0426e-06 -2.8322e-06 -2.6270e-06 -2.4280e-06 -2.2358e-06 -2.0511e-06 -1.8745e-06 -1.7064e-06 -1.5472e-06 -1.3971e-06 -1.2564e-06 -1.1250e-06 -1.0031e-06 -8.9040e-07 -7.8683e-07 -6.9213e-07 -6.0598e-07 -5.2804e-07 -4.5789e-07 0.0000e+00 -7.0711e-08 -1.2990e-07 -2.0000e-07 -2.7950e-07 -3.6740e-07 -4.6296e-07 -5.6559e-07 -6.7482e-07 -7.9025e-07 -9.1154e-07 -1.0384e-06 -1.1705e-06 -1.3076e-06 -1.4494e-06 -1.5958e-06 -1.7465e-06 -1.9012e-06 -2.0597e-06 -2.2218e-06 -2.3872e-06 -2.5557e-06 -2.7269e-06 -2.9006e-06 -3.0766e-06 -3.2543e-06 -3.4336e-06 -3.6141e-06 -3.7953e-06 -3.9770e-06 -4.1585e-06 -4.3396e-06 -4.5197e-06 -4.6983e-06 -4.8750e-06 -5.0491e-06 -5.2202e-06 -5.3876e-06 -5.5507e-06 -5.7090e-06 -5.8617e-06 -6.0084e-06 -6.1483e-06 -6.2807e-06 -6.4051e-06 -6.5207e-06 -6.6270e-06 -6.7233e-06 -6.8091e-06 -6.8837e-06 -6.9466e-06 -6.9973e-06 -7.0353e-06 -7.0602e-06 -7.0717e-06 -7.0693e-06 -7.0530e-06 -7.0225e-06 -6.9778e-06 -6.9188e-06 -6.8455e-06 -6.7583e-06 -6.6572e-06 -6.5427e-06 -6.4152e-06 -6.2752e-06 -6.1234e-06 -5.9603e-06 -5.7869e-06 -5.6039e-06 -5.4123e-06 -5.2131e-06 -5.0072e-06 -4.7959e-06 -4.5801e-06 -4.3611e-06 -4.1400e-06 -3.9180e-06 -3.6961e-06 -3.4756e-06 -3.2574e-06 -3.0426e-06 -2.8322e-06 -2.6270e-06 -2.4280e-06 -2.2358e-06 -2.0511e-06 -1.8745e-06 -1.7064e-06 -1.5472e-06 -1.3971e-06 -1.2564e-06 -1.1250e-06 -1.0031e-06 -8.9040e-07 -7.8683e-07 -6.9213e-07 -6.0598e-07 -5.2804e-07 -4.5789e-07
-7.0711e-08 1.7593e-07 -3.6742e-07 -5.6568e-07 -7.9055e-07 -1.0392e-06 -1.3095e-06 -1.5997e-06 -1.9087e-06 -2.2352e-06 -2.5782e-06 -2.9369e-06 -3.3106e-06 -3.6984e-06 -4.0996e-06 -4.5136e-06 -4.9398e-06 -5.3774e-06 -5.8257e-06 -6.2842e-06 -6.7520e-06 -7.2285e-06 -7.7129e-06 -8.2042e-06 -8.7018e-06 -9.2046e-06 -9.7118e-06 -1.0222e-05 -1.0735e-05 -1.1249e-05 -1.1762e-05 -1.2274e-05 -1.2784e-05 -1.3289e-05 -1.3789e-05 -1.4281e-05 -1.4765e-05 -1.5238e-05 -1.5700e-05 -1.6147e-05 -1.6580e-05 -1.6994e-05 -1.7390e-05 -1.7764e-05 -1.8116e-05 -1.8443e-05 -1.8744e-05 -1.9016e-05 -1.9259e-05 -1.9470e-05 -1.9648e-05 -1.9791e-05 -1.9899e-05 -1.9969e-05 -2.0002e-05 -1.9995e-05 -1.9949e-05 -1.9863e-05 -1.9736e-05 -1.9569e-05 -1.9362e-05 -1.9115e-05 -1.8830e-05 -1.8506e-05 -1.8145e-05 -1.7749e-05 -1.7320e-05 -1.6858e-05 -1.6368e-05 -1.5850e-05 -1.5308e-05 -1.4745e-05 -1.4163e-05 -1.3565e-05 -1.2955e-05 -1.2335e-05 -1.1710e-05 -1.1082e-05 -1.0454e-05 -9.8304e-06 -9.2133e-06 -8.6058e-06 -8.0106e-06 -7.4304e-06 -6.8675e-06 -6.3239e-06 -5.8015e-06 -5.3019e-06 -4.8264e-06 -4.3761e-06 -3.9517e-06 -3.5536e-06 -3.1821e-06 -2.8371e-06 -2.5184e-06 -2.2255e-06 -1.9576e-06 -1.7140e-06 -1.4935e-06 -1.2951e-06 -7.0711e-08 0.0000e+00 -3.6742e-07 -5.6568e-07 -7.9055e-07 -1.0392e-06 -1.3095e-06 -1.5997e-06 -1.9087e-06 -2.2352e-06 -2.5782e-06 -2.9369e-06 -3.3106e-06 -3.6984e-06 -4.0996e-06 -4.5136e-06 -4.9398e-06 -5.3774e-06 -5.8257e-06 -6.2842e-06 -6.7520e-06 -7.2285e-06 -7.7129e-06 -8.2042e-06 -8.7018e-06 -9.2046e-06 -9.7118e-06 -1.0222e-05 -1.0735e-05 -1.1249e-05 -1.1762e-05 -1.2274e-05 -1.2784e-05 -1.3289e-05 -1.3789e-05 -1.4281e-05 -1.4765e-05 -1.5238e-05 -1.5700e-05 -1.6147e-05 -1.6580e-05 -1.6994e-05 -1.7390e-05 -1.7764e-05 -1.8116e-05 -1.8443e-05 -1.8744e-05 -1.9016e-05 -1.9259e-05 -1.9470e-05 -1.9648e-05 -1.9791e-05 -1.9899e-05 -1.9969e-05 -2.0002e-05 -1.9995e-05 -1.9949e-05 -1.9863e-05 -1.9736e-05 -1.9569e-05 -1.9362e-05 -1.9115e-05 -1.8829e-05 -1.8506e-05 -1.8145e-05 -1.7749e-05 -1.7320e-05 -1.6858e-05 -1.6368e-05 -1.5850e-05 -1.5308e-05 -1.4745e-05 -1.4163e-05 -1.3565e-05 -1.2955e-05 -1.2335e-05 -1.1710e-05 -1.1082e-05 -1.0454e-05 -9.8304e-06 -9.2133e-06 -8.6058e-06 -8.0106e-06 -7.4304e-06 -6.8675e-06 -6.3239e-06 -5.8015e-06 -5.3019e-06 -4.8264e-06 -4.3761e-06 -3.9516e-06 -3.5536e-06 -3.1821e-06 -2.8371e-06 -2.5184e-06 -2.2255e-06 -1.9576e-06 -1.7140e-06 -1.4935e-06 -1.2951e-06
-1.2990e-07 -3.6742e-07 8.9057e-07 -1.0392e-06 -1.4523e-06 -1.9091e-06 -2.4056e-06 -2.9389e-06 -3.5065e-06 -4.1063e-06 -4.7365e-06 -5.3955e-06 -6.0819e-06 -6.7943e-06 -7.5314e-06 -8.2921e-06 -9.0749e-06 -9.8788e-06 -1.0703e-05 -1.1545e-05 -1.2404e-05 -1.3280e-05 -1.4169e-05 -1.5072e-05 -1.5986e-05 -1.6910e-05 -1.7842e-05 -1.8779e-05 -1.9721e-05 -2.0665e-05 -2.1608e-05 -2.2549e-05 -2.3485e-05 -2.4413e-05 -2.5331e-05 -2.6236e-05 -2.7125e-05 -2.7995e-05 -2.8842e-05 -2.9665e-05 -3.0458e-05 -3.1220e-05 -3.1947e-05 -3.2635e-05 -3.3282e-05 -3.3883e-05 -3.4435e-05 -3.4935e-05 -3.5381e-05 -3.5769e-05 -3.6095e-05 -3.6359e-05 -3.6556e-05 -3.6686e-05 -3.6745e-05 -3.6733e-05 -3.6649e-05 -3.6490e-05 -3.6258e-05 -3.5951e-05 -3.5570e-05 -3.5117e-05 -3.4592e-05 -3.3997e-05 -3.3335e-05 -3.2607e-05 -3.1818e-05 -3.0971e-05 -3.0070e-05 -2.9119e-05 -2.8123e-05 -2.7088e-05 -2.6018e-05 -2.4920e-05 -2.3799e-05 -2.2661e-05 -2.1512e-05 -2.0359e-05 -1.9206e-05 -1.8060e-05 -1.6926e-05 -1.5810e-05 -1.4717e-05 -1.3651e-05 -1.2616e-05 -1.1618e-05 -1.0658e-05 -9.7403e-06 -8.8668e-06 -8.0395e-06 -7.2597e-06 -6.5284e-06 -5.8459e-06 -5.2122e-06 -4.6267e-06 -4.0885e-06 -3.5965e-06 -3.1488e-06 -2.7438e-06 -2.3793e-06 -1.2990e-07 -3.6742e-07 0.0000e+00 -1.0392e-06 -1.4523e-06 -1.9091e-06 -2.4056e-06 -2.9389e-06 -3.5065e-06 -4.1063e-06 -4.7365e-06 -5.3955e-06 -6.0819e-06 -6.7943e-06 -7.5314e-06 -8.2921e-06 -9.0749e-06 -9.8788e-06 -1.0703e-05 -1.1545e-05 -1.2404e-05 -1.3280e-05 -1.4169e-05 -1.5072e-05 -1.5986e-05 -1.6910e-05 -1.7842e-05 -1.8779e-05 -1.9721e-05 -2.0665e-05 -2.1608e-05 -2.2549e-05 -2.3485e-05 -2.4413e-05 -2.5331e-05 -2.6236e-05 -2.7125e-05 -2.7995e-05 -2.8842e-05 -2.9665e-05 -3.0458e-05 -3.1220e-05 -3.1947e-05 -3.2635e-05 -3.3282e-05 -3.3883e-05 -3.4435e-05 -3.4935e-05 -3.5381e-05 -3.5769e-05 -3.6095e-05 -3.6359e-05 -3.6556e-05 -3.6686e-05 -3.6745e-05 -3.6733e-05 -3.6649e-05 -3.6490e-05 -3.6258e-05 -3.5951e-05 -3.5570e-05 -3.5117e-05 -3.4592e-05 -3.3997e-05 -3.3334e-05 -3.2607e-05 -3.1818e-05 -3.0971e-05 -3.0070e-05 -2.9119e-05 -2.8123e-05 -2.7088e-05 -2.6018e-05 -2.4920e-05 -2.3799e-05 -2.2661e-05 -2.1512e-05 -2.0359e-05 -1.9206e-05 -1.8060e-05 -1.6926e-05 -1.5810e-05 -1.4716e-05 -1.3651e-05 -1.2616e-05 -1.1618e-05 -1.0658e-05 -9.7402e-06 -8.8667e-06 -8.0394e-06 -7.2596e-06 -6.5283e-06 -5.8458e-06 -5.2121e-06 -4.6266e-06 -4.0885e-06 -3.5964e-06 -3.1488e-06 -2.7438e-06 -2.3793e-06
-2.0000e-07 -5.6568e-07 -1.0392e-06 2.8146e-06 -2.2360e-06 -2.9392e-06 -3.7037e-06 -4.5247e-06 -5.3985e-06 -6.3220e-06 -7.2922e-06 -8.3069e-06 -9.3636e-06 -1.0460e-05 -1.1595e-05 -1.2766e-05 -1.3972e-05 -1.5209e-05 -1.6478e-05 -1.7774e-05 -1.9097e-05 -2.0445e-05 -2.1815e-05 -2.3205e-05 -2.4612e-05 -2.6034e-05 -2.7469e-05 -2.8912e-05 -3.0362e-05 -3.1815e-05 -3.3268e-05 -3.4716e-05 -3.6157e-05 -3.7586e-05 -3.9000e-05 -4.0393e-05 -4.1761e-05 -4.3100e-05 -4.4405e-05 -4.5671e-05 -4.6894e-05 -4.8067e-05 -4.9186e-05 -5.0245e-05 -5.1240e-05 -5.2165e-05 -5.3016e-05 -5.3786e-05 -5.4472e-05 -5.5069e-05 -5.5572e-05 -5.5978e-05 -5.6282e-05 -5.6481e-05 -5.6573e-05 -5.6555e-05 -5.6424e-05 -5.6180e-05 -5.5822e-05 -5.5350e-05 -5.4764e-05 -5.4066e-05 -5.3258e-05 -5.2342e-05 -5.1322e-05 -5.0202e-05 -4.8987e-05 -4.7683e-05 -4.6295e-05 -4.4831e-05 -4.3299e-05 -4.1705e-05 -4.0058e-05 -3.8367e-05 -3.6641e-05 -3.4889e-05 -3.3121e-05 -3.1344e-05 -2.9570e-05 -2.7805e-05 -2.6060e-05 -2.4341e-05 -2.2658e-05 -2.1017e-05 -1.9425e-05 -1.7887e-05 -1.6409e-05 -1.4996e-05 -1.3652e-05 -1.2378e-05 -1.1177e-05 -1.0051e-05 -9.0006e-06 -8.0249e-06 -7.1235e-06 -6.2949e-06 -5.5373e-06 -4.8481e-06 -4.2245e-06 -3.6633e-06 -2.0000e-07 -5.6568e-07 -1.0392e-06 0.0000e+00 -2.2360e-06 -2.9392e-06 -3.7037e-06 -4.5247e-06 -5.3985e-06 -6.3220e-06 -7.2922e-06 -8.3069e-06 -9.3636e-06 -1.0460e-05 -1.1595e-05 -1.2766e-05 -1.3972e-05 -1.5209e-05 -1.6478e-05 -1.7774e-05 -1.9097e-05 -2.0445e-05 -2.1815e-05 -2.3205e-05 -2.4612e-05 -2.6034e-05 -2.7469e-05 -2.8912e-05 -3.0362e-05 -3.1815e-05 -3.3268e-05 -3.4716e-05 -3.6157e-05 -3.7586e-05 -3.9000e-05 -4.0393e-05 -4.1761e-05 -4.3100e-05 -4.4405e-05 -4.5671e-05 -4.6894e-05 -4.8067e-05 -4.9186e-05 -5.0245e-05 -5.1240e-05 -5.2165e-05 -5.3016e-05 -5.3786e-05 -5.4472e-05 -5.5069e-05 -5.5572e-05 -5.5978e-05 -5.6282e-05 -5.6481e-05 -5.6573e-05 -5.6554e-05 -5.6424e-05 -5.6180e-05 -5.5822e-05 -5.5350e-05 -5.4764e-05 -5.4066e-05 -5.3258e-05 -5.2342e-05 -5.1322e-05 -5.0202e-05 -4.8987e-05 -4.7682e-05 -4.6295e-05 -4.4831e-05 -4.3298e-05 -4.1704e-05 -4.0058e-05 -3.8367e-05 -3.6641e-05 -3.4889e-05 -3.3120e-05 -3.1344e-05 -2.9569e-05 -2.7805e-05 -2.6059e-05 -2.4341e-05 -2.2657e-05 -2.1016e-05 -1.9424e-05 -1.7887e-05 -1.6409e-05 -1.4996e-05 -1.3651e-05 -1.2377e-05 -1.1177e-05 -1.0051e-05 -9.0003e-06 -8.0246e-06 -7.1232e-06 -6.2947e-06 -5.5371e-06 -4.8479e-06 -4.2244e-06 -3.6632e-06
-2.7950e-07 -7.9055e-07 -1.4523e-06 -2.2360e-06 6.8717e-06 -4.1076e-06 -5.1759e-06 -6.3234e-06 -7.5446e-06 -8.8351e-06 -1.0191e-05 -1.1609e-05 -1.3086e-05 -1.4619e-05 -1.6205e-05 -1.7841e-05 -1.9526e-05 -2.1255e-05 -2.3028e-05 -2.4840e-05 -2.6689e-05 -2.8573e-05 -3.0487e-05 -3.2429e-05 -3.4396e-05 -3.6384e-05 -3.8388e-05 -4.0406e-05 -4.2432e-05 -4.4463e-05 -4.6493e-05 -4.8517e-05 -5.0531e-05 -5.2528e-05 -5.4503e-05 -5.6450e-05 -5.8362e-05 -6.0234e-05 -6.2057e-05 -6.3827e-05 -6.5535e-05 -6.7174e-05 -6.8738e-05 -7.0219e-05 -7.1609e-05 -7.2903e-05 -7.4091e-05 -7.5168e-05 -7.6127e-05 -7.6961e-05 -7.7664e-05 -7.8231e-05 -7.8656e-05 -7.8935e-05 -7.9063e-05 -7.9037e-05 -7.8855e-05 -7.8514e-05 -7.8014e-05 -7.7354e-05 -7.6535e-05 -7.5560e-05 -7.4430e-05 -7.3150e-05 -7.1725e-05 -7.0160e-05 -6.8462e-05 -6.6639e-05 -6.4700e-05 -6.2654e-05 -6.0512e-05 -5.8285e-05 -5.5983e-05 -5.3621e-05 -5.1209e-05 -4.8760e-05 -4.6288e-05 -4.3806e-05 -4.1325e-05 -3.8860e-05 -3.6420e-05 -3.4019e-05 -3.1666e-05 -2.9373e-05 -2.7147e-05 -2.4999e-05 -2.2934e-05 -2.0959e-05 -1.9079e-05 -1.7299e-05 -1.5621e-05 -1.4048e-05 -1.2579e-05 -1.1216e-05 -9.9559e-06 -8.7979e-06 -7.7391e-06 -6.7759e-06 -5.9044e-06 -5.1200e-06 -2.7950e-07 -7.9055e-07 -1.4523e-06 -2.2360e-06 0.0000e+00 -4.1076e-06 -5.1759e-06 -6.3234e-06 -7.5446e-06 -8.8351e-06 -1.0191e-05 -1.1609e-05 -1.3086e-05 -1.4619e-05 -1.6205e-05 -1.7841e-05 -1.9526e-05 -2.1255e-05 -2.3028e-05 -2.4840e-05 -2.6689e-05 -2.8573e-05 -3.0487e-05 -3.2429e-05 -3.4396e-05 -3.6384e-05 -3.8388e-05 -4.0406e-05 -4.2432e-05 -4.4463e-05 -4.6493e-05 -4.8517e-05 -5.0531e-05 -5.2528e-05 -5.4503e-05 -5.6450e-05 -5.8362e-05 -6.0233e-05 -6.2057e-05 -6.3827e-05 -6.5535e-05 -6.7174e-05 -6.8738e-05 -7.0219e-05 -7.1609e-05 -7.2902e-05 -7.4091e-05 -7.5168e-05 -7.6126e-05 -7.6960e-05 -7.7664e-05 -7.8230e-05 -7.8655e-05 -7.8934e-05 -7.9062e-05 -7.9036e-05 -7.8854e-05 -7.8513e-05 -7.8013e-05 -7.7353e-05 -7.6534e-05 -7.5559e-05 -7.4429e-05 -7.3149e-05 -7.1723e-05 -7.0158e-05 -6.8460e-05 -6.6638e-05 -6.4699e-05 -6.2653e-05 -6.0511e-05 -5.8283e-05 -5.5982e-05 -5.3619e-05 -5.1207e-05 -4.8759e-05 -4.6287e-05 -4.3804e-05 -4.1324e-05 -3.8858e-05 -3.6419e-05 -3.4017e-05 -3.1665e-05 -2.9371e-05 -2.7146e-05 -2.4997e-05 -2.2932e-05 -2.0958e-05 -1.9078e-05 -1.7298e-05 -1.5620e-05 -1.4047e-05 -1.2578e-05 -1.1215e-05 -9.9551e-06 -8.7972e-06 -7.7384e-06 -6.7753e-06 -5.9038e-06 -5.1195e-06
-3.6740e-07 -1.0392e-06 -1.9091e-06 -2.9392e-06 -4.1076e-06 1.4249e-05 -6.8038e-06 -8.3121e-06 -9.9173e-06 -1.1614e-05 -1.3396e-05 -1.5260e-05 -1.7201e-05 -1.9216e-05 -2.1301e-05 -2.3452e-05 -2.5667e-05 -2.7940e-05 -3.0270e-05 -3.2652e-05 -3.5083e-05 -3.7559e-05 -4.0075e-05 -4.2628e-05 -4.5214e-05 -4.7826e-05 -5.0461e-05 -5.3113e-05 -5.5777e-05 -5.8446e-05 -6.1115e-05 -6.3776e-05 -6.6423e-05 -6.9048e-05 -7.1644e-05 -7.4203e-05 -7.6717e-05 -7.9177e-05 -8.1575e-05 -8.3901e-05 -8.6146e-05 -8.8301e-05 -9.0357e-05 -9.2303e-05 -9.4131e-05 -9.5831e-05 -9.7393e-05 -9.8809e-05 -1.0007e-04 -1.0117e-04 -1.0209e-04 -1.0284e-04 -1.0339e-04 -1.0376e-04 -1.0393e-04 -1.0390e-04 -1.0366e-04 -1.0321e-04 -1.0255e-04 -1.0168e-04 -1.0061e-04 -9.9325e-05 -9.7841e-05 -9.6158e-05 -9.4285e-05 -9.2228e-05 -8.9996e-05 -8.7600e-05 -8.5051e-05 -8.2362e-05 -7.9546e-05 -7.6618e-05 -7.3593e-05 -7.0488e-05 -6.7317e-05 -6.4099e-05 -6.0850e-05 -5.7586e-05 -5.4326e-05 -5.1084e-05 -4.7878e-05 -4.4721e-05 -4.1628e-05 -3.8614e-05 -3.5688e-05 -3.2864e-05 -3.0149e-05 -2.7553e-05 -2.5082e-05 -2.2742e-05 -2.0537e-05 -1.8468e-05 -1.6538e-05 -1.4745e-05 -1.3089e-05 -1.1566e-05 -1.0174e-05 -8.9082e-06 -7.7625e-06 -6.7313e-06 -3.6740e-07 -1.0392e-06 -1.9091e-06 -2.9392e-06 -4.1076e-06 0.0000e+00 -6.8038e-06 -8.3121e-06 -9.9173e-06 -1.1614e-05 -1.3396e-05 -1.5260e-05 -1.7201e-05 -1.9216e-05 -2.1301e-05 -2.3452e-05 -2.5667e-05 -2.7940e-05 -3.0270e-05 -3.2652e-05 -3.5083e-05 -3.7559e-05 -4.0075e-05 -4.2628e-05 -4.5214e-05 -4.7826e-05 -5.0461e-05 -5.3113e-05 -5.5777e-05 -5.8446e-05 -6.1114e-05 -6.3776e-05 -6.6422e-05 -6.9048e-05 -7.1644e-05 -7.4203e-05 -7.6717e-05 -7.9177e-05 -8.1574e-05 -8.3900e-05 -8.6146e-05 -8.8301e-05 -9.0356e-05 -9.2303e-05 -9.4130e-05 -9.5830e-05 -9.7392e-05 -9.8808e-05 -1.0007e-04 -1.0116e-04 -1.0209e-04 -1.0283e-04 -1.0339e-04 -1.0376e-04 -1.0393e-04 -1.0389e-04 -1.0365e-04 -1.0321e-04 -1.0255e-04 -1.0168e-04 -1.0060e-04 -9.9322e-05 -9.7837e-05 -9.6155e-05 -9.4281e-05 -9.2224e-05 -8.9992e-05 -8.7596e-05 -8.5047e-05 -8.2358e-05 -7.9542e-05 -7.6614e-05 -7.3589e-05 -7.0483e-05 -6.7313e-05 -6.4094e-05 -6.0845e-05 -5.7582e-05 -5.4321e-05 -5.1080e-05 -4.7873e-05 -4.4717e-05 -4.1624e-05 -3.8610e-05 -3.5684e-05 -3.2860e-05 -3.0146e-05 -2.7550e-05 -2.5079e-05 -2.2739e-05 -2.0534e-05 -1.8465e-05 -1.6535e-05 -1.4743e-05 -1.3087e-05 -1.1564e-05 -1.0173e-05 -8.9065e-06 -7.7609e-06 -6.7299e-06
-4.6296e-07 -1.3095e-06 -2.4056e-06 -3.7037e-06 -5.1759e-06 -6.8038e-06 2.6398e-05 -1.0474e-05 -1.2497e-05 -1.4634e-05 -1.6880e-05 -1.9229e-05 -2.1675e-05 -2.4214e-05 -2.6841e-05 -2.9552e-05 -3.2342e-05 -3.5207e-05 -3.8143e-05 -4.1144e-05 -4.4208e-05 -4.7327e-05 -5.0498e-05 -5.3715e-05 -5.6973e-05 -6.0265e-05 -6.3586e-05 -6.6928e-05 -7.0284e-05 -7.3648e-05 -7.7010e-05 -8.0363e-05 -8.3699e-05 -8.7007e-05 -9.0278e-05 -9.3503e-05 -9.6671e-05 -9.9771e-05 -1.0279e-04 -1.0572e-04 -1.0855e-04 -1.1127e-04 -1.1386e-04 -1.1631e-04 -1.1861e-04 -1.2076e-04 -1.2273e-04 -1.2451e-04 -1.2610e-04 -1.2748e-04 -1.2865e-04 -1.2958e-04 -1.3029e-04 -1.3075e-04 -1.3096e-04 -1.3092e-04 -1.3062e-04 -1.3006e-04 -1.2923e-04 -1.2813e-04 -1.2678e-04 -1.2516e-04 -1.2329e-04 -1.2117e-04 -1.1881e-04 -1.1622e-04 -1.1341e-04 -1.1039e-04 -1.0718e-04 -1.0379e-04 -1.0024e-04 -9.6553e-05 -9.2741e-05 -8.8828e-05 -8.4833e-05 -8.0777e-05 -7.6683e-05 -7.2571e-05 -6.8462e-05 -6.4378e-05 -6.0337e-05 -5.6359e-05 -5.2462e-05 -4.8663e-05 -4.4977e-05 -4.1417e-05 -3.7996e-05 -3.4725e-05 -3.1611e-05 -2.8662e-05 -2.5883e-05 -2.3276e-05 -2.0843e-05 -1.8584e-05 -1.6497e-05 -1.4578e-05 -1.2824e-05 -1.1228e-05 -9.7839e-06 -8.4843e-06 -4.6296e-07 -1.3095e-06 -2.4056e-06 -3.7037e-06 -5.1759e-06 -6.8038e-06 0.0000e+00 -1.0474e-05 -1.2497e-05 -1.4634e-05 -1.6880e-05 -1.9229e-05 -2.1675e-05 -2.4214e-05 -2.6841e-05 -2.9552e-05 -3.2342e-05 -3.5207e-05 -3.8143e-05 -4.1144e-05 -4.4208e-05 -4.7327e-05 -5.0498e-05 -5.3715e-05 -5.6973e-05 -6.0265e-05 -6.3586e-05 -6.6928e-05 -7.0284e-05 -7.3647e-05 -7.7010e-05 -8.0363e-05 -8.3698e-05 -8.7006e-05 -9.0278e-05 -9.3502e-05 -9.6670e-05 -9.9770e-05 -1.0279e-04 -1.0572e-04 -1.0855e-04 -1.1127e-04 -1.1386e-04 -1.1631e-04 -1.1861e-04 -1.2075e-04 -1.2272e-04 -1.2451e-04 -1.2610e-04 -1.2748e-04 -1.2864e-04 -1.2958e-04 -1.3028e-04 -1.3075e-04 -1.3096e-04 -1.3092e-04 -1.3061e-04 -1.3005e-04 -1.2922e-04 -1.2813e-04 -1.2677e-04 -1.2516e-04 -1.2329e-04 -1.2117e-04 -1.1880e-04 -1.1621e-04 -1.1340e-04 -1.1038e-04 -1.0717e-04 -1.0378e-04 -1.0023e-04 -9.6543e-05 -9.2731e-05 -8.8817e-05 -8.4822e-05 -8.0767e-05 -7.6673e-05 -7.2561e-05 -6.8452e-05 -6.4367e-05 -6.0327e-05 -5.6349e-05 -5.2453e-05 -4.8654e-05 -4.4968e-05 -4.1408e-05 -3.7988e-05 -3.4717e-05 -3.1604e-05 -2.8655e-05 -2.5876e-05 -2.3269e-05 -2.0837e-05 -1.8578e-05 -1.6491e-05 -1.4573e-05 -1.2819e-05 -1.1224e-05 -9.7803e-06 -8.4811e-06
-5.6559e-07 -1.5997e-06 -2.9389e-06 -4.5247e-06 -6.3234e-06 -8.3121e-06 -1.0474e-05 4.5034e-05 -1.5267e-05 -1.7878e-05 -2.0622e-05 -2.3492e-05 -2.6480e-05 -2.9582e-05 -3.2792e-05 -3.6103e-05 -3.9512e-05 -4.3012e-05 -4.6598e-05 -5.0266e-05 -5.4008e-05 -5.7819e-05 -6.1693e-05 -6.5623e-05 -6.9603e-05 -7.3625e-05 -7.7682e-05 -8.1765e-05 -8.5865e-05 -8.9974e-05 -9.4082e-05 -9.8179e-05 -1.0225e-04 -1.0630e-04 -1.1029e-04 -1.1423e-04 -1.1810e-04 -1.2189e-04 -1.2558e-04 -1.2916e-04 -1.3262e-04 -1.3594e-04 -1.3910e-04 -1.4210e-04 -1.4491e-04 -1.4753e-04 -1.4993e-04 -1.5211e-04 -1.5406e-04 -1.5574e-04 -1.5717e-04 -1.5832e-04 -1.5918e-04 -1.5974e-04 -1.6000e-04 -1.5995e-04 -1.5958e-04 -1.5889e-04 -1.5788e-04 -1.5655e-04 -1.5489e-04 -1.5292e-04 -1.5063e-04 -1.4805e-04 -1.4516e-04 -1.4200e-04 -1.3856e-04 -1.3487e-04 -1.3095e-04 -1.2681e-04 -1.2248e-04 -1.1797e-04 -1.1331e-04 -1.0853e-04 -1.0365e-04 -9.8698e-05 -9.3696e-05 -8.8672e-05 -8.3652e-05 -7.8662e-05 -7.3725e-05 -6.8865e-05 -6.4104e-05 -5.9463e-05 -5.4959e-05 -5.0610e-05 -4.6430e-05 -4.2433e-05 -3.8629e-05 -3.5026e-05 -3.1629e-05 -2.8444e-05 -2.5471e-05 -2.2711e-05 -2.0160e-05 -1.7816e-05 -1.5672e-05 -1.3722e-05 -1.1958e-05 -1.0369e-05 -5.6559e-07 -1.5997e-06 -2.9389e-06 -4.5247e-06 -6.3234e-06 -8.3121e-06 -1.0474e-05 0.0000e+00 -1.5267e-05 -1.7878e-05 -2.0622e-05 -2.3492e-05 -2.6480e-05 -2.9582e-05 -3.2792e-05 -3.6103e-05 -3.9512e-05 -4.3012e-05 -4.6598e-05 -5.0265e-05 -5.4008e-05 -5.7819e-05 -6.1693e-05 -6.5623e-05 -6.9603e-05 -7.3625e-05 -7.7682e-05 -8.1764e-05 -8.5865e-05 -8.9974e-05 -9.4082e-05 -9.8178e-05 -1.0225e-04 -1.0629e-04 -1.1029e-04 -1.1423e-04 -1.1810e-04 -1.2189e-04 -1.2558e-04 -1.2916e-04 -1.3262e-04 -1.3593e-04 -1.3910e-04 -1.4209e-04 -1.4491e-04 -1.4752e-04 -1.4993e-04 -1.5211e-04 -1.5405e-04 -1.5574e-04 -1.5716e-04 -1.5831e-04 -1.5917e-04 -1.5973e-04 -1.5999e-04 -1.5994e-04 -1.5957e-04 -1.5888e-04 -1.5787e-04 -1.5653e-04 -1.5488e-04 -1.5290e-04 -1.5062e-04 -1.4803e-04 -1.4515e-04 -1.4198e-04 -1.3854e-04 -1.3485e-04 -1.3093e-04 -1.2679e-04 -1.2246e-04 -1.1795e-04 -1.1329e-04 -1.0851e-04 -1.0363e-04 -9.8676e-05 -9.3674e-05 -8.8650e-05 -8.3631e-05 -7.8641e-05 -7.3705e-05 -6.8845e-05 -6.4085e-05 -5.9443e-05 -5.4940e-05 -5.0592e-05 -4.6413e-05 -4.2417e-05 -3.8613e-05 -3.5011e-05 -3.1615e-05 -2.8431e-05 -2.5459e-05 -2.2699e-05 -2.0149e-05 -1.7806e-05 -1.5663e-05 -1.3714e-05 -1.1950e-05 -1.0363e-05
-6.7482e-07 -1.9087e-06 -3.5065e-06 -5.3985e-06 -7.5446e-06 -9.9173e-06 -1.2497e-05 -1.5267e-05 7.2136e-05 -2.1331e-05 -2.4605e-05 -2.8029e-05 -3.1594e-05 -3.5295e-05 -3.9124e-05 -4.3076e-05 -4.7143e-05 -5.1319e-05 -5.5598e-05 -5.9973e-05 -6.4438e-05 -6.8985e-05 -7.3608e-05 -7.8297e-05 -8.3046e-05 -8.7844e-05 -9.2684e-05 -9.7556e-05 -1.0245e-04 -1.0735e-04 -1.1225e-04 -1.1714e-04 -1.2200e-04 -1.2682e-04 -1.3159e-04 -1.3629e-04 -1.4091e-04 -1.4543e-04 -1.4984e-04 -1.5411e-04 -1.5823e-04 -1.6219e-04 -1.6597e-04 -1.6954e-04 -1.7290e-04 -1.7603e-04 -1.7890e-04 -1.8150e-04 -1.8381e-04 -1.8583e-04 -1.8753e-04 -1.8890e-04 -1.8993e-04 -1.9060e-04 -1.9091e-04 -1.9085e-04 -1.9041e-04 -1.8959e-04 -1.8839e-04 -1.8680e-04 -1.8482e-04 -1.8247e-04 -1.7974e-04 -1.7665e-04 -1.7321e-04 -1.6944e-04 -1.6534e-04 -1.6094e-04 -1.5626e-04 -1.5132e-04 -1.4615e-04 -1.4078e-04 -1.3522e-04 -1.2952e-04 -1.2369e-04 -1.1778e-04 -1.1181e-04 -1.0582e-04 -9.9831e-05 -9.3876e-05 -8.7986e-05 -8.2187e-05 -7.6506e-05 -7.0967e-05 -6.5593e-05 -6.0403e-05 -5.5416e-05 -5.0646e-05 -4.6106e-05 -4.1806e-05 -3.7753e-05 -3.3952e-05 -3.0404e-05 -2.7109e-05 -2.4065e-05 -2.1267e-05 -1.8709e-05 -1.6381e-05 -1.4275e-05 -1.2379e-05 -6.7482e-07 -1.9087e-06 -3.5065e-06 -5.3985e-06 -7.5446e-06 -9.9173e-06 -1.2497e-05 -1.5267e-05 0.0000e+00 -2.1331e-05 -2.4605e-05 -2.8029e-05 -3.1594e-05 -3.5295e-05 -3.9124e-05 -4.3076e-05 -4.7142e-05 -5.1319e-05 -5.5598e-05 -5.9973e-05 -6.4438e-05 -6.8985e-05 -7.3607e-05 -7.8297e-05 -8.3045e-05 -8.7844e-05 -9.2684e-05 -9.7555e-05 -1.0245e-04 -1.0735e-04 -1.1225e-04 -1.1714e-04 -1.2200e-04 -1.2682e-04 -1.3159e-04 -1.3629e-04 -1.4091e-04 -1.4543e-04 -1.4983e-04 -1.5410e-04 -1.5823e-04 -1.6219e-04 -1.6596e-04 -1.6954e-04 -1.7290e-04 -1.7602e-04 -1.7889e-04 -1.8149e-04 -1.8380e-04 -1.8582e-04 -1.8752e-04 -1.8888e-04 -1.8991e-04 -1.9058e-04 -1.9089e-04 -1.9083e-04 -1.9039e-04 -1.8957e-04 -1.8836e-04 -1.8677e-04 -1.8479e-04 -1.8244e-04 -1.7971e-04 -1.7662e-04 -1.7318e-04 -1.6940e-04 -1.6531e-04 -1.6090e-04 -1.5622e-04 -1.5128e-04 -1.4611e-04 -1.4074e-04 -1.3518e-04 -1.2947e-04 -1.2365e-04 -1.1774e-04 -1.1177e-04 -1.0578e-04 -9.9790e-05 -9.3836e-05 -8.7946e-05 -8.2148e-05 -7.6468e-05 -7.0930e-05 -6.5557e-05 -6.0369e-05 -5.5383e-05 -5.0614e-05 -4.6076e-05 -4.1777e-05 -3.7726e-05 -3.3926e-05 -3.0380e-05 -2.7087e-05 -2.4045e-05 -2.1248e-05 -1.8691e-05 -1.6365e-05 -1.4261e-05 -1.2366e-05
-7.9025e-07 -2.2352e-06 -4.1063e-06 -6.3220e-06 -8.8351e-06 -1.1614e-05 -1.4634e-05 -1.7878e-05 -2.1331e-05 1.0995e-04 -2.8814e-05 -3.2823e-05 -3.6999e-05 -4.1332e-05 -4.5817e-05 -5.0444e-05 -5.5206e-05 -6.0097e-05 -6.5108e-05 -7.0232e-05 -7.5460e-05 -8.0785e-05 -8.6198e-05 -9.1690e-05 -9.7251e-05 -1.0287e-04 -1.0854e-04 -1.1424e-04 -1.1997e-04 -1.2571e-04 -1.3145e-04 -1.3718e-04 -1.4287e-04 -1.4852e-04 -1.5410e-04 -1.5961e-04 -1.6502e-04 -1.7031e-04 -1.7547e-04 -1.8047e-04 -1.8530e-04 -1.8994e-04 -1.9436e-04 -1.9855e-04 -2.0248e-04 -2.0614e-04 -2.0951e-04 -2.1255e-04 -2.1527e-04 -2.1763e-04 -2.1962e-04 -2.2122e-04 -2.2243e-04 -2.2322e-04 -2.2359e-04 -2.2352e-04 -2.2300e-04 -2.2204e-04 -2.2063e-04 -2.1877e-04 -2.1646e-04 -2.1371e-04 -2.1052e-04 -2.0690e-04 -2.0287e-04 -1.9845e-04 -1.9365e-04 -1.8850e-04 -1.8302e-04 -1.7724e-04 -1.7119e-04 -1.6489e-04 -1.5839e-04 -1.5171e-04 -1.4489e-04 -1.3797e-04 -1.3098e-04 -1.2396e-04 -1.1694e-04 -1.0997e-04 -1.0307e-04 -9.6281e-05 -8.9628e-05 -8.3141e-05 -7.6846e-05 -7.0767e-05 -6.4926e-05 -5.9339e-05 -5.4021e-05 -4.8984e-05 -4.4236e-05 -3.9783e-05 -3.5626e-05 -3.1767e-05 -2.8201e-05 -2.4923e-05 -2.1925e-05 -1.9198e-05 -1.6730e-05 -1.4509e-05 -7.9025e-07 -2.2352e-06 -4.1063e-06 -6.3220e-06 -8.8351e-06 -1.1614e-05 -1.4634e-05 -1.7878e-05 -2.1331e-05 0.0000e+00 -2.8814e-05 -3.2823e-05 -3.6999e-05 -4.1332e-05 -4.5817e-05 -5.0444e-05 -5.5206e-05 -6.0097e-05 -6.5108e-05 -7.0232e-05 -7.5460e-05 -8.0785e-05 -8.6198e-05 -9.1690e-05 -9.7250e-05 -1.0287e-04 -1.0854e-04 -1.1424e-04 -1.1997e-04 -1.2571e-04 -1.3145e-04 -1.3718e-04 -1.4287e-04 -1.4852e-04 -1.5410e-04 -1.5961e-04 -1.6501e-04 -1.7030e-04 -1.7546e-04 -1.8047e-04 -1.8529e-04 -1.8993e-04 -1.9435e-04 -1.9854e-04 -2.0247e-04 -2.0613e-04 -2.0949e-04 -2.1253e-04 -2.1525e-04 -2.1761e-04 -2.1959e-04 -2.2120e-04 -2.2240e-04 -2.2319e-04 -2.2355e-04 -2.2348e-04 -2.2297e-04 -2.2200e-04 -2.2059e-04 -2.1873e-04 -2.1641e-04 -2.1366e-04 -2.1046e-04 -2.0684e-04 -2.0282e-04 -1.9839e-04 -1.9359e-04 -1.8844e-04 -1.8296e-04 -1.7717e-04 -1.7112e-04 -1.6482e-04 -1.5831e-04 -1.5163e-04 -1.4482e-04 -1.3789e-04 -1.3090e-04 -1.2389e-04 -1.1687e-04 -1.0990e-04 -1.0300e-04 -9.6212e-05 -8.9560e-05 -8.3074e-05 -7.6782e-05 -7.0706e-05 -6.4866e-05 -5.9282e-05 -5.3967e-05 -4.8932e-05 -4.4187e-05 -3.9737e-05 -3.5584e-05 -3.1727e-05 -2.8164e-05 -2.4889e-05 -2.1894e-05 -1.9169e-05 -1.6704e-05 -1.4486e-05
-9.1154e-07 -2.5782e-06 -4.7365e-06 -7.2922e-06 -1.0191e-05 -1.3396e-05 -1.6880e-05 -2.0622e-05 -2.4605e-05 -2.8814e-05 1.6097e-04 -3.7861e-05 -4.2677e-05 -4.7676e-05 -5.2849e-05 -5.8186e-05 -6.3679e-05 -6.9320e-05 -7.5101e-05 -8.1011e-05 -8.7042e-05 -9.3184e-05 -9.9428e-05 -1.0576e-04 -1.1218e-04 -1.1866e-04 -1.2520e-04 -1.3178e-04 -1.3839e-04 -1.4501e-04 -1.5163e-04 -1.5823e-04 -1.6480e-04 -1.7132e-04 -1.7776e-04 -1.8411e-04 -1.9035e-04 -1.9645e-04 -2.0240e-04 -2.0818e-04 -2.1375e-04 -2.1910e-04 -2.2420e-04 -2.2903e-04 -2.3357e-04 -2.3779e-04 -2.4167e-04 -2.4519e-04 -2.4832e-04 -2.5104e-04 -2.5334e-04 -2.5520e-04 -2.5659e-04 -2.5750e-04 -2.5793e-04 -2.5785e-04 -2.5726e-04 -2.5615e-04 -2.5453e-04 -2.5238e-04 -2.4972e-04 -2.4655e-04 -2.4287e-04 -2.3870e-04 -2.3406e-04 -2.2896e-04 -2.2343e-04 -2.1749e-04 -2.1117e-04 -2.0450e-04 -1.9752e-04 -1.9026e-04 -1.8275e-04 -1.7505e-04 -1.6718e-04 -1.5920e-04 -1.5114e-04 -1.4304e-04 -1.3495e-04 -1.2691e-04 -1.1895e-04 -1.1111e-04 -1.0344e-04 -9.5954e-05 -8.8691e-05 -8.1678e-05 -7.4938e-05 -6.8491e-05 -6.2355e-05 -5.6543e-05 -5.1064e-05 -4.5925e-05 -4.1128e-05 -3.6674e-05 -3.2558e-05 -2.8775e-05 -2.5315e-05 -2.2167e-05 -1.9318e-05 -1.6754e-05 -9.1154e-07 -2.5782e-06 -4.7365e-06 -7.2922e-06 -1.0191e-05 -1.3396e-05 -1.6880e-05 -2.0622e-05 -2.4605e-05 -2.8814e-05 0.0000e+00 -3.7861e-05 -4.2677e-05 -4.7676e-05 -5.2848e-05 -5.8186e-05 -6.3679e-05 -6.9320e-05 -7.5100e-05 -8.1010e-05 -8.7041e-05 -9.3184e-05 -9.9428e-05 -1.0576e-04 -1.1218e-04 -1.1866e-04 -1.2520e-04 -1.3178e-04 -1.3838e-04 -1.4501e-04 -1.5163e-04 -1.5823e-04 -1.6480e-04 -1.7131e-04 -1.7775e-04 -1.8410e-04 -1.9034e-04 -1.9644e-04 -2.0239e-04 -2.0816e-04 -2.1374e-04 -2.1908e-04 -2.2418e-04 -2.2901e-04 -2.3355e-04 -2.3777e-04 -2.4164e-04 -2.4516e-04 -2.4829e-04 -2.5101e-04 -2.5330e-04 -2.5515e-04 -2.5654e-04 -2.5745e-04 -2.5787e-04 -2.5779e-04 -2.5720e-04 -2.5609e-04 -2.5446e-04 -2.5231e-04 -2.4964e-04 -2.4646e-04 -2.4278e-04 -2.3861e-04 -2.3396e-04 -2.2886e-04 -2.2332e-04 -2.1738e-04 -2.1105e-04 -2.0438e-04 -1.9740e-04 -1.9014e-04 -1.8263e-04 -1.7493e-04 -1.6706e-04 -1.5908e-04 -1.5101e-04 -1.4292e-04 -1.3483e-04 -1.2679e-04 -1.1883e-04 -1.1100e-04 -1.0332e-04 -9.5842e-05 -8.8583e-05 -8.1574e-05 -7.4838e-05 -6.8395e-05 -6.2264e-05 -5.6456e-05 -5.0982e-05 -4.5848e-05 -4.1056e-05 -3.6607e-05 -3.2496e-05 -2.8718e-05 -2.5262e-05 -2.2119e-05 -1.9275e-05 -1.6715e-05
-1.0384e-06 -2.9369e-06 -5.3955e-06 -8.3069e-06 -1.1609e-05 -1.5260e-05 -1.9229e-05 -2.3492e-05 -2.8029e-05 -3.2823e-05 -3.7861e-05 2.2798e-04 -4.8615e-05 -5.4310e-05 -6.0202e-05 -6.6282e-05 -7.2540e-05 -7.8966e-05 -8.5550e-05 -9.2283e-05 -9.9153e-05 -1.0615e-04 -1.1326e-04 -1.2048e-04 -1.2779e-04 -1.3517e-04 -1.4262e-04 -1.5012e-04 -1.5764e-04 -1.6519e-04 -1.7273e-04 -1.8025e-04 -1.8774e-04 -1.9516e-04 -2.0250e-04 -2.0973e-04 -2.1684e-04 -2.2379e-04 -2.3057e-04 -2.3715e-04 -2.4350e-04 -2.4960e-04 -2.5541e-04 -2.6092e-04 -2.6609e-04 -2.7090e-04 -2.7532e-04 -2.7933e-04 -2.8290e-04 -2.8600e-04 -2.8862e-04 -2.9074e-04 -2.9232e-04 -2.9337e-04 -2.9385e-04 -2.9377e-04 -2.9310e-04 -2.9184e-04 -2.9000e-04 -2.8755e-04 -2.8452e-04 -2.8091e-04 -2.7672e-04 -2.7198e-04 -2.6669e-04 -2.6089e-04 -2.5459e-04 -2.4782e-04 -2.4063e-04 -2.3303e-04 -2.2508e-04 -2.1681e-04 -2.0827e-04 -1.9949e-04 -1.9053e-04 -1.8144e-04 -1.7226e-04 -1.6303e-04 -1.5382e-04 -1.4465e-04 -1.3558e-04 -1.2666e-04 -1.1791e-04 -1.0938e-04 -1.0111e-04 -9.3117e-05 -8.5436e-05 -7.8090e-05 -7.1096e-05 -6.4472e-05 -5.8227e-05 -5.2369e-05 -4.6902e-05 -4.1824e-05 -3.7132e-05 -3.2819e-05 -2.8874e-05 -2.5285e-05 -2.2037e-05 -1.9113e-05 -1.0384e-06 -2.9369e-06 -5.3955e-06 -8.3069e-06 -1.1609e-05 -1.5260e-05 -1.9229e-05 -2.3492e-05 -2.8029e-05 -3.2823e-05 -3.7861e-05 0.0000e+00 -4.8615e-05 -5.4310e-05 -6.0202e-05 -6.6282e-05 -7.2540e-05 -7.8966e-05 -8.5550e-05 -9.2282e-05 -9.9152e-05 -1.0615e-04 -1.1326e-04 -1.2048e-04 -1.2778e-04 -1.3517e-04 -1.4262e-04 -1.5011e-04 -1.5764e-04 -1.6518e-04 -1.7273e-04 -1.8025e-04 -1.8773e-04 -1.9515e-04 -2.0249e-04 -2.0972e-04 -2.1683e-04 -2.2378e-04 -2.3056e-04 -2.3713e-04 -2.4348e-04 -2.4957e-04 -2.5538e-04 -2.6088e-04 -2.6605e-04 -2.7086e-04 -2.7527e-04 -2.7928e-04 -2.8284e-04 -2.8594e-04 -2.8856e-04 -2.9067e-04 -2.9225e-04 -2.9329e-04 -2.9376e-04 -2.9367e-04 -2.9300e-04 -2.9173e-04 -2.8988e-04 -2.8743e-04 -2.8439e-04 -2.8077e-04 -2.7658e-04 -2.7183e-04 -2.6653e-04 -2.6072e-04 -2.5442e-04 -2.4765e-04 -2.4045e-04 -2.3285e-04 -2.2489e-04 -2.1662e-04 -2.0807e-04 -1.9929e-04 -1.9033e-04 -1.8124e-04 -1.7206e-04 -1.6283e-04 -1.5362e-04 -1.4446e-04 -1.3539e-04 -1.2647e-04 -1.1773e-04 -1.0920e-04 -1.0093e-04 -9.2949e-05 -8.5274e-05 -7.7935e-05 -7.0949e-05 -6.4332e-05 -5.8095e-05 -5.2245e-05 -4.6786e-05 -4.1716e-05 -3.7032e-05 -3.2727e-05 -2.8790e-05 -2.5208e-05 -2.1967e-05 -1.9050e-05
-1.1705e-06 -3.3106e-06 -6.0819e-06 -9.3636e-06 -1.3086e-05 -1.7201e-05 -2.1675e-05 -2.6480e-05 -3.1594e-05 -3.6999e-05 -4.2677e-05 -4.8615e-05 3.1401e-04 -6.1219e-05 -6.7861e-05 -7.4714e-05 -8.1768e-05 -8.9012e-05 -9.6434e-05 -1.0402e-04 -1.1177e-04 -1.1965e-04 -1.2767e-04 -1.3581e-04 -1.4404e-04 -1.5237e-04 -1.6076e-04 -1.6921e-04 -1.7770e-04 -1.8621e-04 -1.9471e-04 -2.0319e-04 -2.1162e-04 -2.1999e-04 -2.2826e-04 -2.3642e-04 -2.4443e-04 -2.5227e-04 -2.5992e-04 -2.6733e-04 -2.7449e-04 -2.8136e-04 -2.8792e-04 -2.9413e-04 -2.9996e-04 -3.0538e-04 -3.1037e-04 -3.1489e-04 -3.1892e-04 -3.2242e-04 -3.2538e-04 -3.2777e-04 -3.2956e-04 -3.3074e-04 -3.3129e-04 -3.3120e-04 -3.3045e-04 -3.2904e-04 -3.2696e-04 -3.2422e-04 -3.2080e-04 -3.1673e-04 -3.1202e-04 -3.0667e-04 -3.0072e-04 -2.9418e-04 -2.8708e-04 -2.7946e-04 -2.7136e-04 -2.6280e-04 -2.5384e-04 -2.4452e-04 -2.3489e-04 -2.2500e-04 -2.1490e-04 -2.0465e-04 -1.9430e-04 -1.8390e-04 -1.7351e-04 -1.6318e-04 -1.5296e-04 -1.4289e-04 -1.3303e-04 -1.2341e-04 -1.1408e-04 -1.0507e-04 -9.6409e-05 -8.8123e-05 -8.0235e-05 -7.2763e-05 -6.5719e-05 -5.9111e-05 -5.2943e-05 -4.7214e-05 -4.1920e-05 -3.7053e-05 -3.2601e-05 -2.8551e-05 -2.4885e-05 -2.1585e-05 -1.1705e-06 -3.3106e-06 -6.0819e-06 -9.3636e-06 -1.3086e-05 -1.7201e-05 -2.1675e-05 -2.6480e-05 -3.1594e-05 -3.6999e-05 -4.2677e-05 -4.8615e-05 0.0000e+00 -6.1219e-05 -6.7860e-05 -7.4714e-05 -8.1768e-05 -8.9011e-05 -9.6433e-05 -1.0402e-04 -1.1177e-04 -1.1965e-04 -1.2767e-04 -1.3580e-04 -1.4404e-04 -1.5236e-04 -1.6076e-04 -1.6921e-04 -1.7770e-04 -1.8620e-04 -1.9470e-04 -2.0318e-04 -2.1161e-04 -2.1998e-04 -2.2825e-04 -2.3640e-04 -2.4441e-04 -2.5225e-04 -2.5989e-04 -2.6730e-04 -2.7446e-04 -2.8132e-04 -2.8788e-04 -2.9408e-04 -2.9990e-04 -3.0532e-04 -3.1030e-04 -3.1482e-04 -3.1883e-04 -3.2233e-04 -3.2528e-04 -3.2766e-04 -3.2944e-04 -3.3061e-04 -3.3115e-04 -3.3105e-04 -3.3029e-04 -3.2887e-04 -3.2678e-04 -3.2402e-04 -3.2060e-04 -3.1652e-04 -3.1179e-04 -3.0644e-04 -3.0048e-04 -2.9393e-04 -2.8682e-04 -2.7919e-04 -2.7107e-04 -2.6251e-04 -2.5354e-04 -2.4422e-04 -2.3458e-04 -2.2469e-04 -2.1459e-04 -2.0434e-04 -1.9399e-04 -1.8359e-04 -1.7320e-04 -1.6287e-04 -1.5266e-04 -1.4260e-04 -1.3274e-04 -1.2313e-04 -1.1381e-04 -1.0481e-04 -9.6157e-05 -8.7882e-05 -8.0006e-05 -7.2546e-05 -6.5514e-05 -5.8918e-05 -5.2763e-05 -4.7046e-05 -4.1765e-05 -3.6910e-05 -3.2470e-05 -2.8431e-05 -2.4776e-05 -2.1487e-05
-1.3076e-06 -3.6984e-06 -6.7943e-06 -1.0460e-05 -1.4619e-05 -1.9216e-05 -2.4214e-05 -2.9582e-05 -3.5295e-05 -4.1332e-05 -4.7676e-05 -5.4310e-05 -6.1219e-05 4.2236e-04 -7.5810e-05 -8.3466e-05 -9.1346e-05 -9.9438e-05 -1.0773e-04 -1.1621e-04 -1.2486e-04 -1.3367e-04 -1.4263e-04 -1.5172e-04 -1.6092e-04 -1.7022e-04 -1.7960e-04 -1.8904e-04 -1.9852e-04 -2.0802e-04 -2.1752e-04 -2.2699e-04 -2.3642e-04 -2.4577e-04 -2.5501e-04 -2.6412e-04 -2.7308e-04 -2.8184e-04 -2.9038e-04 -2.9867e-04 -3.0667e-04 -3.1435e-04 -3.2167e-04 -3.2861e-04 -3.3513e-04 -3.4119e-04 -3.4677e-04 -3.5182e-04 -3.5632e-04 -3.6024e-04 -3.6355e-04 -3.6622e-04 -3.6823e-04 -3.6956e-04 -3.7018e-04 -3.7008e-04 -3.6925e-04 -3.6768e-04 -3.6537e-04 -3.6230e-04 -3.5850e-04 -3.5396e-04 -3.4870e-04 -3.4273e-04 -3.3609e-04 -3.2879e-04 -3.2087e-04 -3.1236e-04 -3.0330e-04 -2.9375e-04 -2.8374e-04 -2.7333e-04 -2.6258e-04 -2.5153e-04 -2.4025e-04 -2.2880e-04 -2.1724e-04 -2.0562e-04 -1.9401e-04 -1.8247e-04 -1.7105e-04 -1.5980e-04 -1.4878e-04 -1.3803e-04 -1.2760e-04 -1.1753e-04 -1.0785e-04 -9.8584e-05 -8.9766e-05 -8.1412e-05 -7.3536e-05 -6.6147e-05 -5.9249e-05 -5.2842e-05 -4.6920e-05 -4.1476e-05 -3.6496e-05 -3.1965e-05 -2.7863e-05 -2.4170e-05 -1.3076e-06 -3.6984e-06 -6.7943e-06 -1.0460e-05 -1.4619e-05 -1.9216e-05 -2.4214e-05 -2.9582e-05 -3.5295e-05 -4.1332e-05 -4.7676e-05 -5.4310e-05 -6.1219e-05 0.0000e+00 -7.5809e-05 -8.3466e-05 -9.1346e-05 -9.9438e-05 -1.0773e-04 -1.1621e-04 -1.2486e-04 -1.3367e-04 -1.4263e-04 -1.5171e-04 -1.6091e-04 -1.7021e-04 -1.7959e-04 -1.8903e-04 -1.9851e-04 -2.0801e-04 -2.1751e-04 -2.2698e-04 -2.3640e-04 -2.4575e-04 -2.5499e-04 -2.6410e-04 -2.7305e-04 -2.8180e-04 -2.9034e-04 -2.9862e-04 -3.0661e-04 -3.1429e-04 -3.2160e-04 -3.2854e-04 -3.3504e-04 -3.4110e-04 -3.4666e-04 -3.5171e-04 -3.5620e-04 -3.6011e-04 -3.6340e-04 -3.6606e-04 -3.6805e-04 -3.6936e-04 -3.6997e-04 -3.6986e-04 -3.6901e-04 -3.6743e-04 -3.6509e-04 -3.6201e-04 -3.5819e-04 -3.5364e-04 -3.4836e-04 -3.4238e-04 -3.3572e-04 -3.2840e-04 -3.2047e-04 -3.1195e-04 -3.0288e-04 -2.9332e-04 -2.8330e-04 -2.7288e-04 -2.6212e-04 -2.5107e-04 -2.3979e-04 -2.2833e-04 -2.1677e-04 -2.0516e-04 -1.9355e-04 -1.8201e-04 -1.7060e-04 -1.5936e-04 -1.4835e-04 -1.3761e-04 -1.2720e-04 -1.1714e-04 -1.0747e-04 -9.8223e-05 -8.9422e-05 -8.1085e-05 -7.3227e-05 -6.5857e-05 -5.8978e-05 -5.2589e-05 -4.6687e-05 -4.1261e-05 -3.6299e-05 -3.1785e-05 -2.7700e-05 -2.4023e-05
-1.4494e-06 -4.0996e-06 -7.5314e-06 -1.1595e-05 -1.6205e-05 -2.1301e-05 -2.6841e-05 -3.2792e-05 -3.9124e-05 -4.5817e-05 -5.2849e-05 -6.0202e-05 -6.7861e-05 -7.5810e-05 5.5659e-04 -9.2521e-05 -1.0126e-04 -1.1023e-04 -1.1942e-04 -1.2882e-04 -1.3841e-04 -1.4817e-04 -1.5810e-04 -1.6818e-04 -1.7838e-04 -1.8869e-04 -1.9909e-04 -2.0955e-04 -2.2006e-04 -2.3060e-04 -2.4113e-04 -2.5163e-04 -2.6208e-04 -2.7244e-04 -2.8269e-04 -2.9279e-04 -3.0272e-04 -3.1244e-04 -3.2191e-04 -3.3109e-04 -3.3996e-04 -3.4848e-04 -3.5661e-04 -3.6430e-04 -3.7153e-04 -3.7826e-04 -3.8444e-04 -3.9005e-04 -3.9505e-04 -3.9940e-04 -4.0308e-04 -4.0604e-04 -4.0828e-04 -4.0975e-04 -4.1045e-04 -4.1035e-04 -4.0944e-04 -4.0771e-04 -4.0515e-04 -4.0176e-04 -3.9755e-04 -3.9253e-04 -3.8671e-04 -3.8010e-04 -3.7274e-04 -3.6466e-04 -3.5589e-04 -3.4646e-04 -3.3643e-04 -3.2585e-04 -3.1476e-04 -3.0323e-04 -2.9131e-04 -2.7906e-04 -2.6656e-04 -2.5387e-04 -2.4105e-04 -2.2818e-04 -2.1531e-04 -2.0251e-04 -1.8984e-04 -1.7737e-04 -1.6515e-04 -1.5323e-04 -1.4166e-04 -1.3049e-04 -1.1975e-04 -1.0947e-04 -9.9688e-05 -9.0417e-05 -8.1677e-05 -7.3476e-05 -6.5820e-05 -5.8708e-05 -5.2134e-05 -4.6090e-05 -4.0560e-05 -3.5528e-05 -3.0972e-05 -2.6871e-05 -1.4494e-06 -4.0996e-06 -7.5314e-06 -1.1595e-05 -1.6205e-05 -2.1301e-05 -2.6841e-05 -3.2792e-05 -3.9124e-05 -4.5817e-05 -5.2848e-05 -6.0202e-05 -6.7860e-05 -7.5809e-05 0.0000e+00 -9.2521e-05 -1.0126e-04 -1.1023e-04 -1.1942e-04 -1.2881e-04 -1.3840e-04 -1.4817e-04 -1.5810e-04 -1.6817e-04 -1.7837e-04 -1.8868e-04 -1.9908e-04 -2.0954e-04 -2.2005e-04 -2.3058e-04 -2.4111e-04 -2.5161e-04 -2.6205e-04 -2.7241e-04 -2.8266e-04 -2.9275e-04 -3.0267e-04 -3.1238e-04 -3.2184e-04 -3.3102e-04 -3.3989e-04 -3.4839e-04 -3.5651e-04 -3.6419e-04 -3.7141e-04 -3.7812e-04 -3.8429e-04 -3.8988e-04 -3.9486e-04 -3.9920e-04 -4.0285e-04 -4.0580e-04 -4.0802e-04 -4.0947e-04 -4.1015e-04 -4.1002e-04 -4.0909e-04 -4.0733e-04 -4.0475e-04 -4.0134e-04 -3.9711e-04 -3.9206e-04 -3.8621e-04 -3.7959e-04 -3.7221e-04 -3.6410e-04 -3.5531e-04 -3.4586e-04 -3.3582e-04 -3.2521e-04 -3.1411e-04 -3.0257e-04 -2.9064e-04 -2.7839e-04 -2.6588e-04 -2.5319e-04 -2.4037e-04 -2.2750e-04 -2.1463e-04 -2.0184e-04 -1.8918e-04 -1.7672e-04 -1.6452e-04 -1.5262e-04 -1.4107e-04 -1.2991e-04 -1.1920e-04 -1.0894e-04 -9.9184e-05 -8.9940e-05 -8.1226e-05 -7.3053e-05 -6.5424e-05 -5.8339e-05 -5.1793e-05 -4.5775e-05 -4.0272e-05 -3.5265e-05 -3.0734e-05 -2.6655e-05
-1.5958e-06 -4.5136e-06 -8.2921e-06 -1.2766e-05 -1.7841e-05 -2.3452e-05 -2.9552e-05 -3.6103e-05 -4.3076e-05 -5.0444e-05 -5.8186e-05 -6.6282e-05 -7.4714e-05 -8.3466e-05 -9.2521e-05 7.2052e-04 -1.1148e-04 -1.2136e-04 -1.3148e-04 -1.4183e-04 -1.5239e-04 -1.6314e-04 -1.7407e-04 -1.8516e-04 -1.9640e-04 -2.0775e-04 -2.1920e-04 -2.3072e-04 -2.4229e-04 -2.5389e-04 -2.6549e-04 -2.7705e-04 -2.8856e-04 -2.9997e-04 -3.1126e-04 -3.2238e-04 -3.3331e-04 -3.4401e-04 -3.5444e-04 -3.6456e-04 -3.7434e-04 -3.8372e-04 -3.9267e-04 -4.0115e-04 -4.0911e-04 -4.1653e-04 -4.2334e-04 -4.2953e-04 -4.3504e-04 -4.3983e-04 -4.4389e-04 -4.4717e-04 -4.4964e-04 -4.5127e-04 -4.5205e-04 -4.5195e-04 -4.5096e-04 -4.4906e-04 -4.4626e-04 -4.4254e-04 -4.3792e-04 -4.3240e-04 -4.2600e-04 -4.1874e-04 -4.1065e-04 -4.0176e-04 -3.9211e-04 -3.8174e-04 -3.7071e-04 -3.5906e-04 -3.4686e-04 -3.3417e-04 -3.2105e-04 -3.0758e-04 -2.9382e-04 -2.7984e-04 -2.6573e-04 -2.5155e-04 -2.3738e-04 -2.2329e-04 -2.0934e-04 -1.9560e-04 -1.8214e-04 -1.6901e-04 -1.5626e-04 -1.4395e-04 -1.3211e-04 -1.2078e-04 -1.1000e-04 -9.9782e-05 -9.0145e-05 -8.1103e-05 -7.2660e-05 -6.4817e-05 -5.7566e-05 -5.0898e-05 -4.4797e-05 -3.9244e-05 -3.4217e-05 -2.9689e-05 -1.5958e-06 -4.5136e-06 -8.2921e-06 -1.2766e-05 -1.7841e-05 -2.3452e-05 -2.9552e-05 -3.6103e-05 -4.3076e-05 -5.0444e-05 -5.8186e-05 -6.6282e-05 -7.4714e-05 -8.3466e-05 -9.2521e-05 0.0000e+00 -1.1148e-04 -1.2136e-04 -1.3148e-04 -1.4182e-04 -1.5238e-04 -1.6314e-04 -1.7407e-04 -1.8516e-04 -1.9639e-04 -2.0774e-04 -2.1918e-04 -2.3070e-04 -2.4227e-04 -2.5387e-04 -2.6546e-04 -2.7702e-04 -2.8852e-04 -2.9993e-04 -3.1121e-04 -3.2233e-04 -3.3325e-04 -3.4394e-04 -3.5436e-04 -3.6447e-04 -3.7423e-04 -3.8359e-04 -3.9253e-04 -4.0099e-04 -4.0894e-04 -4.1633e-04 -4.2313e-04 -4.2929e-04 -4.3477e-04 -4.3955e-04 -4.4358e-04 -4.4682e-04 -4.4927e-04 -4.5087e-04 -4.5162e-04 -4.5149e-04 -4.5046e-04 -4.4853e-04 -4.4569e-04 -4.4194e-04 -4.3729e-04 -4.3173e-04 -4.2530e-04 -4.1801e-04 -4.0988e-04 -4.0096e-04 -3.9128e-04 -3.8089e-04 -3.6983e-04 -3.5816e-04 -3.4594e-04 -3.3323e-04 -3.2010e-04 -3.0661e-04 -2.9285e-04 -2.7887e-04 -2.6476e-04 -2.5058e-04 -2.3642e-04 -2.2233e-04 -2.0840e-04 -1.9468e-04 -1.8124e-04 -1.6813e-04 -1.5541e-04 -1.4313e-04 -1.3132e-04 -1.2003e-04 -1.0928e-04 -9.9101e-05 -8.9502e-05 -8.0499e-05 -7.2096e-05 -6.4291e-05 -5.7079e-05 -5.0449e-05 -4.4386e-05 -3.8869e-05 -3.3876e-05 -2.9382e-05
