1.0199e-04 -3.5338e-05 -4.3258e-05 -4.9915e-05 -5.5757e-05 -6.1011e-05 -6.5814e-05 -7.0253e-05 -7.4388e-05 -7.8263e-05 -8.1910e-05 -8.5356e-05 -8.8620e-05 -9.1717e-05 -9.4661e-05 -9.7463e-05 -1.0013e-04 -1.0267e-04 -1.0510e-04 -1.0741e-04 -1.0961e-04 -1.1171e-04 -1.1371e-04 -1.1561e-04 -1.1742e-04 -1.1913e-04 -1.2076e-04 -1.2230e-04 -1.2376e-04 -1.2513e-04 -1.2643e-04 -1.2765e-04 -1.2879e-04 -1.2985e-04 -1.3084e-04 -1.3176e-04 -1.3260e-04 -1.3338e-04 -1.3409e-04 -1.3473e-04 -1.3530e-04 -1.3581e-04 -1.3625e-04 -1.3663e-04 -1.3695e-04 -1.3721e-04 -1.3741e-04 -1.3755e-04 -1.3764e-04 -1.3767e-04 -1.3764e-04 -1.3756e-04 -1.3742e-04 -1.3724e-04 -1.3700e-04 -1.3672e-04 -1.3638e-04 -1.3600e-04 -1.3557e-04 -1.3510e-04 -1.3458e-04 -1.3402e-04 -1.3342e-04 -1.3278e-04 -1.3210e-04 -1.3138e-04 -1.3062e-04 -1.2983e-04 -1.2900e-04 -1.2814e-04 -1.2724e-04 -1.2632e-04 -1.2536e-04 -1.2437e-04 -1.2336e-04 -1.2232e-04 -1.2125e-04 -1.2016e-04 -1.1904e-04 -1.1791e-04 -1.1675e-04 -1.1557e-04 -1.1437e-04 -1.1315e-04 -1.1191e-04 -1.1066e-04 -1.0939e-04 -1.0811e-04 -1.0682e-04 -1.0551e-04 -1.0419e-04 -1.0286e-04 -1.0153e-04 -1.0018e-04 -9.8825e-05 -9.7464e-05 -9.6098e-05 -9.4727e-05 -9.3353e-05 -9.1974e-05 0.0000e+00 -3.5338e-05 -4.3258e-05 -4.9915e-05 -5.5757e-05 -6.1011e-05 -6.5814e-05 -7.0253e-05 -7.4388e-05 -7.8263e-05 -8.1910e-05 -8.5356e-05 -8.8619e-05 -9.1717e-05 -9.4661e-05 -9.7463e-05 -1.0013e-04 -1.0267e-04 -1.0510e-04 -1.0741e-04 -1.0961e-04 -1.1171e-04 -1.1371e-04 -1.1561e-04 -1.1742e-04 -1.1913e-04 -1.2076e-04 -1.2230e-04 -1.2376e-04 -1.2513e-04 -1.2643e-04 -1.2764e-04 -1.2878e-04 -1.2985e-04 -1.3084e-04 -1.3175e-04 -1.3260e-04 -1.3338e-04 -1.3408e-04 -1.3472e-04 -1.3530e-04 -1.3580e-04 -1.3625e-04 -1.3663e-04 -1.3695e-04 -1.3721e-04 -1.3741e-04 -1.3755e-04 -1.3763e-04 -1.3766e-04 -1.3763e-04 -1.3755e-04 -1.3742e-04 -1.3723e-04 -1.3700e-04 -1.3671e-04 -1.3638e-04 -1.3599e-04 -1.3557e-04 -1.3509e-04 -1.3458e-04 -1.3402e-04 -1.3341e-04 -1.3277e-04 -1.3209e-04 -1.3137e-04 -1.3061e-04 -1.2982e-04 -1.2899e-04 -1.2813e-04 -1.2724e-04 -1.2631e-04 -1.2535e-04 -1.2437e-04 -1.2335e-04 -1.2231e-04 -1.2124e-04 -1.2015e-04 -1.1904e-04 -1.1790e-04 -1.1674e-04 -1.1556e-04 -1.1436e-04 -1.1314e-04 -1.1190e-04 -1.1065e-04 -1.0938e-04 -1.0810e-04 -1.0681e-04 -1.0550e-04 -1.0418e-04 -1.0285e-04 -1.0152e-04 -1.0017e-04 -9.8816e-05 -9.7456e-05 -9.6089e-05 -9.4718e-05 -9.3343e-05 -9.1965e-05
-3.5338e-05 4.0796e-04 -6.1158e-05 -7.0569e-05 -7.8828e-05 -8.6257e-05 -9.3047e-05 -9.9323e-05 -1.0517e-04 -1.1065e-04 -1.1580e-04 -1.2068e-04 -1.2529e-04 -1.2967e-04 -1.3383e-04 -1.3779e-04 -1.4157e-04 -1.4516e-04 -1.4859e-04 -1.5186e-04 -1.5497e-04 -1.5794e-04 -1.6076e-04 -1.6345e-04 -1.6601e-04 -1.6843e-04 -1.7073e-04 -1.7291e-04 -1.7498e-04 -1.7692e-04 -1.7875e-04 -1.8047e-04 -1.8208e-04 -1.8359e-04 -1.8499e-04 -1.8629e-04 -1.8748e-04 -1.8858e-04 -1.8958e-04 -1.9049e-04 -1.9130e-04 -1.9202e-04 -1.9265e-04 -1.9319e-04 -1.9364e-04 -1.9401e-04 -1.9429e-04 -1.9449e-04 -1.9461e-04 -1.9465e-04 -1.9461e-04 -1.9450e-04 -1.9431e-04 -1.9405e-04 -1.9372e-04 -1.9331e-04 -1.9284e-04 -1.9230e-04 -1.9170e-04 -1.9103e-04 -1.9030e-04 -1.8951e-04 -1.8866e-04 -1.8775e-04 -1.8679e-04 -1.8578e-04 -1.8471e-04 -1.8359e-04 -1.8242e-04 -1.8120e-04 -1.7993e-04 -1.7863e-04 -1.7727e-04 -1.7588e-04 -1.7445e-04 -1.7298e-04 -1.7147e-04 -1.6993e-04 -1.6835e-04 -1.6674e-04 -1.6510e-04 -1.6343e-04 -1.6174e-04 -1.6002e-04 -1.5827e-04 -1.5650e-04 -1.5471e-04 -1.5290e-04 -1.5107e-04 -1.4922e-04 -1.4736e-04 -1.4548e-04 -1.4359e-04 -1.4169e-04 -1.3977e-04 -1.3785e-04 -1.3592e-04 -1.3398e-04 -1.3204e-04 -1.3009e-04 -3.5338e-05 0.0000e+00 -6.1158e-05 -7.0569e-05 -7.8828e-05 -8.6257e-05 -9.3047e-05 -9.9322e-05 -1.0517e-04 -1.1065e-04 -1.1580e-04 -1.2068e-04 -1.2529e-04 -1.2967e-04 -1.3383e-04 -1.3779e-04 -1.4157e-04 -1.4516e-04 -1.4859e-04 -1.5185e-04 -1.5497e-04 -1.5793e-04 -1.6076e-04 -1.6345e-04 -1.6600e-04 -1.6843e-04 -1.7073e-04 -1.7291e-04 -1.7497e-04 -1.7691e-04 -1.7875e-04 -1.8047e-04 -1.8208e-04 -1.8358e-04 -1.8498e-04 -1.8628e-04 -1.8747e-04 -1.8857e-04 -1.8957e-04 -1.9048e-04 -1.9129e-04 -1.9200e-04 -1.9263e-04 -1.9317e-04 -1.9362e-04 -1.9399e-04 -1.9427e-04 -1.9447e-04 -1.9459e-04 -1.9463e-04 -1.9459e-04 -1.9448e-04 -1.9429e-04 -1.9403e-04 -1.9369e-04 -1.9329e-04 -1.9282e-04 -1.9228e-04 -1.9167e-04 -1.9100e-04 -1.9027e-04 -1.8948e-04 -1.8863e-04 -1.8772e-04 -1.8676e-04 -1.8574e-04 -1.8467e-04 -1.8355e-04 -1.8238e-04 -1.8116e-04 -1.7990e-04 -1.7859e-04 -1.7724e-04 -1.7584e-04 -1.7441e-04 -1.7294e-04 -1.7143e-04 -1.6989e-04 -1.6831e-04 -1.6670e-04 -1.6506e-04 -1.6339e-04 -1.6169e-04 -1.5997e-04 -1.5823e-04 -1.5646e-04 -1.5466e-04 -1.5285e-04 -1.5102e-04 -1.4917e-04 -1.4731e-04 -1.4543e-04 -1.4354e-04 -1.4164e-04 -1.3972e-04 -1.3780e-04 -1.3587e-04 -1.3393e-04 -1.3199e-04 -1.3004e-04
-4.3258e-05 -6.1158e-05 9.1790e-04 -8.6386e-05 -9.6496e-05 -1.0559e-04 -1.1390e-04 -1.2158e-04 -1.2874e-04 -1.3545e-04 -1.4176e-04 -1.4773e-04 -1.5337e-04 -1.5874e-04 -1.6383e-04 -1.6868e-04 -1.7330e-04 -1.7770e-04 -1.8190e-04 -1.8590e-04 -1.8971e-04 -1.9334e-04 -1.9680e-04 -2.0009e-04 -2.0322e-04 -2.0619e-04 -2.0901e-04 -2.1168e-04 -2.1421e-04 -2.1659e-04 -2.1883e-04 -2.2094e-04 -2.2291e-04 -2.2476e-04 -2.2647e-04 -2.2806e-04 -2.2953e-04 -2.3087e-04 -2.3210e-04 -2.3321e-04 -2.3420e-04 -2.3509e-04 -2.3586e-04 -2.3652e-04 -2.3708e-04 -2.3753e-04 -2.3788e-04 -2.3812e-04 -2.3827e-04 -2.3832e-04 -2.3828e-04 -2.3814e-04 -2.3791e-04 -2.3760e-04 -2.3719e-04 -2.3670e-04 -2.3612e-04 -2.3546e-04 -2.3473e-04 -2.3391e-04 -2.3302e-04 -2.3205e-04 -2.3102e-04 -2.2991e-04 -2.2873e-04 -2.2749e-04 -2.2618e-04 -2.2481e-04 -2.2338e-04 -2.2189e-04 -2.2035e-04 -2.1875e-04 -2.1709e-04 -2.1539e-04 -2.1364e-04 -2.1184e-04 -2.1000e-04 -2.0811e-04 -2.0618e-04 -2.0421e-04 -2.0221e-04 -2.0017e-04 -1.9809e-04 -1.9599e-04 -1.9385e-04 -1.9169e-04 -1.8949e-04 -1.8728e-04 -1.8504e-04 -1.8278e-04 -1.8050e-04 -1.7820e-04 -1.7589e-04 -1.7356e-04 -1.7122e-04 -1.6887e-04 -1.6650e-04 -1.6413e-04 -1.6175e-04 -1.5937e-04 -4.3258e-05 -6.1158e-05 0.0000e+00 -8.6386e-05 -9.6496e-05 -1.0559e-04 -1.1390e-04 -1.2158e-04 -1.2874e-04 -1.3545e-04 -1.4176e-04 -1.4772e-04 -1.5337e-04 -1.5873e-04 -1.6383e-04 -1.6868e-04 -1.7330e-04 -1.7770e-04 -1.8189e-04 -1.8589e-04 -1.8970e-04 -1.9334e-04 -1.9679e-04 -2.0008e-04 -2.0321e-04 -2.0618e-04 -2.0900e-04 -2.1167e-04 -2.1419e-04 -2.1657e-04 -2.1881e-04 -2.2092e-04 -2.2289e-04 -2.2473e-04 -2.2645e-04 -2.2804e-04 -2.2950e-04 -2.3084e-04 -2.3207e-04 -2.3318e-04 -2.3417e-04 -2.3505e-04 -2.3582e-04 -2.3648e-04 -2.3703e-04 -2.3748e-04 -2.3783e-04 -2.3808e-04 -2.3822e-04 -2.3827e-04 -2.3822e-04 -2.3808e-04 -2.3785e-04 -2.3753e-04 -2.3712e-04 -2.3663e-04 -2.3605e-04 -2.3539e-04 -2.3465e-04 -2.3384e-04 -2.3294e-04 -2.3197e-04 -2.3093e-04 -2.2982e-04 -2.2864e-04 -2.2740e-04 -2.2609e-04 -2.2472e-04 -2.2329e-04 -2.2179e-04 -2.2025e-04 -2.1864e-04 -2.1699e-04 -2.1528e-04 -2.1353e-04 -2.1173e-04 -2.0988e-04 -2.0799e-04 -2.0606e-04 -2.0409e-04 -2.0209e-04 -2.0005e-04 -1.9797e-04 -1.9586e-04 -1.9372e-04 -1.9156e-04 -1.8937e-04 -1.8715e-04 -1.8491e-04 -1.8265e-04 -1.8037e-04 -1.7807e-04 -1.7575e-04 -1.7342e-04 -1.7108e-04 -1.6873e-04 -1.6636e-04 -1.6399e-04 -1.6161e-04 -1.5922e-04
-4.9915e-05 -7.0569e-05 -8.6386e-05 1.6318e-03 -1.1135e-04 -1.2184e-04 -1.3143e-04 -1.4030e-04 -1.4855e-04 -1.5629e-04 -1.6358e-04 -1.7046e-04 -1.7698e-04 -1.8317e-04 -1.8905e-04 -1.9465e-04 -1.9998e-04 -2.0506e-04 -2.0990e-04 -2.1452e-04 -2.1892e-04 -2.2311e-04 -2.2710e-04 -2.3090e-04 -2.3451e-04 -2.3794e-04 -2.4120e-04 -2.4428e-04 -2.4719e-04 -2.4994e-04 -2.5253e-04 -2.5497e-04 -2.5725e-04 -2.5938e-04 -2.6136e-04 -2.6319e-04 -2.6489e-04 -2.6644e-04 -2.6786e-04 -2.6914e-04 -2.7029e-04 -2.7132e-04 -2.7221e-04 -2.7298e-04 -2.7362e-04 -2.7414e-04 -2.7455e-04 -2.7484e-04 -2.7501e-04 -2.7507e-04 -2.7502e-04 -2.7487e-04 -2.7461e-04 -2.7424e-04 -2.7378e-04 -2.7321e-04 -2.7255e-04 -2.7180e-04 -2.7095e-04 -2.7001e-04 -2.6898e-04 -2.6787e-04 -2.6668e-04 -2.6540e-04 -2.6405e-04 -2.6262e-04 -2.6111e-04 -2.5953e-04 -2.5789e-04 -2.5617e-04 -2.5439e-04 -2.5255e-04 -2.5064e-04 -2.4868e-04 -2.4666e-04 -2.4459e-04 -2.4246e-04 -2.4029e-04 -2.3807e-04 -2.3580e-04 -2.3349e-04 -2.3113e-04 -2.2874e-04 -2.2631e-04 -2.2385e-04 -2.2136e-04 -2.1883e-04 -2.1627e-04 -2.1369e-04 -2.1109e-04 -2.0846e-04 -2.0581e-04 -2.0314e-04 -2.0045e-04 -1.9775e-04 -1.9504e-04 -1.9232e-04 -1.8958e-04 -1.8684e-04 -1.8409e-04 -4.9915e-05 -7.0569e-05 -8.6386e-05 0.0000e+00 -1.1135e-04 -1.2184e-04 -1.3143e-04 -1.4030e-04 -1.4855e-04 -1.5629e-04 -1.6358e-04 -1.7046e-04 -1.7698e-04 -1.8316e-04 -1.8904e-04 -1.9464e-04 -1.9997e-04 -2.0505e-04 -2.0989e-04 -2.1450e-04 -2.1890e-04 -2.2309e-04 -2.2708e-04 -2.3088e-04 -2.3449e-04 -2.3792e-04 -2.4117e-04 -2.4425e-04 -2.4716e-04 -2.4991e-04 -2.5250e-04 -2.5493e-04 -2.5720e-04 -2.5933e-04 -2.6131e-04 -2.6314e-04 -2.6483e-04 -2.6638e-04 -2.6780e-04 -2.6908e-04 -2.7022e-04 -2.7124e-04 -2.7213e-04 -2.7289e-04 -2.7353e-04 -2.7405e-04 -2.7445e-04 -2.7474e-04 -2.7490e-04 -2.7496e-04 -2.7491e-04 -2.7475e-04 -2.7448e-04 -2.7412e-04 -2.7364e-04 -2.7308e-04 -2.7241e-04 -2.7165e-04 -2.7080e-04 -2.6985e-04 -2.6882e-04 -2.6771e-04 -2.6651e-04 -2.6523e-04 -2.6387e-04 -2.6243e-04 -2.6092e-04 -2.5934e-04 -2.5769e-04 -2.5597e-04 -2.5419e-04 -2.5234e-04 -2.5043e-04 -2.4846e-04 -2.4644e-04 -2.4436e-04 -2.4223e-04 -2.4005e-04 -2.3783e-04 -2.3556e-04 -2.3324e-04 -2.3089e-04 -2.2849e-04 -2.2606e-04 -2.2359e-04 -2.2109e-04 -2.1856e-04 -2.1601e-04 -2.1342e-04 -2.1081e-04 -2.0818e-04 -2.0553e-04 -2.0286e-04 -2.0017e-04 -1.9747e-04 -1.9475e-04 -1.9203e-04 -1.8929e-04 -1.8654e-04 -1.8379e-04
-5.5757e-05 -7.8828e-05 -9.6496e-05 -1.1135e-04 2.5497e-03 -1.3610e-04 -1.4681e-04 -1.5672e-04 -1.6594e-04 -1.7459e-04 -1.8273e-04 -1.9041e-04 -1.9770e-04 -2.0461e-04 -2.1118e-04 -2.1743e-04 -2.2339e-04 -2.2906e-04 -2.3448e-04 -2.3963e-04 -2.4455e-04 -2.4924e-04 -2.5370e-04 -2.5794e-04 -2.6198e-04 -2.6581e-04 -2.6945e-04 -2.7290e-04 -2.7615e-04 -2.7923e-04 -2.8212e-04 -2.8485e-04 -2.8739e-04 -2.8978e-04 -2.9199e-04 -2.9405e-04 -2.9594e-04 -2.9768e-04 -2.9927e-04 -3.0071e-04 -3.0200e-04 -3.0314e-04 -3.0414e-04 -3.0500e-04 -3.0572e-04 -3.0631e-04 -3.0677e-04 -3.0710e-04 -3.0729e-04 -3.0737e-04 -3.0732e-04 -3.0715e-04 -3.0686e-04 -3.0646e-04 -3.0594e-04 -3.0532e-04 -3.0458e-04 -3.0374e-04 -3.0280e-04 -3.0176e-04 -3.0061e-04 -2.9938e-04 -2.9805e-04 -2.9663e-04 -2.9512e-04 -2.9352e-04 -2.9185e-04 -2.9009e-04 -2.8825e-04 -2.8634e-04 -2.8436e-04 -2.8230e-04 -2.8018e-04 -2.7799e-04 -2.7574e-04 -2.7342e-04 -2.7105e-04 -2.6863e-04 -2.6615e-04 -2.6362e-04 -2.6104e-04 -2.5842e-04 -2.5575e-04 -2.5304e-04 -2.5029e-04 -2.4751e-04 -2.4469e-04 -2.4184e-04 -2.3896e-04 -2.3605e-04 -2.3311e-04 -2.3016e-04 -2.2718e-04 -2.2418e-04 -2.2117e-04 -2.1814e-04 -2.1509e-04 -2.1204e-04 -2.0898e-04 -2.0591e-04 -5.5757e-05 -7.8828e-05 -9.6496e-05 -1.1135e-04 0.0000e+00 -1.3610e-04 -1.4681e-04 -1.5671e-04 -1.6594e-04 -1.7458e-04 -1.8272e-04 -1.9041e-04 -1.9769e-04 -2.0460e-04 -2.1117e-04 -2.1742e-04 -2.2337e-04 -2.2905e-04 -2.3445e-04 -2.3961e-04 -2.4452e-04 -2.4921e-04 -2.5366e-04 -2.5791e-04 -2.6194e-04 -2.6577e-04 -2.6940e-04 -2.7284e-04 -2.7610e-04 -2.7917e-04 -2.8206e-04 -2.8477e-04 -2.8732e-04 -2.8969e-04 -2.9190e-04 -2.9395e-04 -2.9584e-04 -2.9758e-04 -2.9916e-04 -3.0059e-04 -3.0187e-04 -3.0301e-04 -3.0400e-04 -3.0485e-04 -3.0557e-04 -3.0615e-04 -3.0660e-04 -3.0692e-04 -3.0711e-04 -3.0718e-04 -3.0712e-04 -3.0694e-04 -3.0665e-04 -3.0623e-04 -3.0571e-04 -3.0508e-04 -3.0433e-04 -3.0349e-04 -3.0254e-04 -3.0148e-04 -3.0033e-04 -2.9909e-04 -2.9775e-04 -2.9632e-04 -2.9481e-04 -2.9320e-04 -2.9152e-04 -2.8975e-04 -2.8791e-04 -2.8599e-04 -2.8400e-04 -2.8193e-04 -2.7980e-04 -2.7761e-04 -2.7535e-04 -2.7303e-04 -2.7065e-04 -2.6822e-04 -2.6573e-04 -2.6320e-04 -2.6061e-04 -2.5798e-04 -2.5531e-04 -2.5259e-04 -2.4984e-04 -2.4705e-04 -2.4423e-04 -2.4137e-04 -2.3848e-04 -2.3557e-04 -2.3263e-04 -2.2967e-04 -2.2669e-04 -2.2369e-04 -2.2067e-04 -2.1764e-04 -2.1459e-04 -2.1153e-04 -2.0847e-04 -2.0539e-04
-6.1011e-05 -8.6257e-05 -1.0559e-04 -1.2184e-04 -1.3610e-04 3.6716e-03 -1.6065e-04 -1.7149e-04 -1.8158e-04 -1.9104e-04 -1.9995e-04 -2.0836e-04 -2.1633e-04 -2.2390e-04 -2.3109e-04 -2.3793e-04 -2.4445e-04 -2.5066e-04 -2.5659e-04 -2.6223e-04 -2.6762e-04 -2.7275e-04 -2.7763e-04 -2.8228e-04 -2.8670e-04 -2.9090e-04 -2.9488e-04 -2.9865e-04 -3.0222e-04 -3.0559e-04 -3.0876e-04 -3.1174e-04 -3.1454e-04 -3.1715e-04 -3.1957e-04 -3.2183e-04 -3.2391e-04 -3.2581e-04 -3.2756e-04 -3.2913e-04 -3.3055e-04 -3.3180e-04 -3.3290e-04 -3.3385e-04 -3.3465e-04 -3.3530e-04 -3.3580e-04 -3.3616e-04 -3.3639e-04 -3.3647e-04 -3.3642e-04 -3.3624e-04 -3.3593e-04 -3.3550e-04 -3.3494e-04 -3.3426e-04 -3.3346e-04 -3.3255e-04 -3.3152e-04 -3.3039e-04 -3.2915e-04 -3.2780e-04 -3.2635e-04 -3.2480e-04 -3.2315e-04 -3.2142e-04 -3.1959e-04 -3.1767e-04 -3.1566e-04 -3.1358e-04 -3.1141e-04 -3.0917e-04 -3.0685e-04 -3.0446e-04 -3.0200e-04 -2.9948e-04 -2.9689e-04 -2.9424e-04 -2.9153e-04 -2.8877e-04 -2.8595e-04 -2.8308e-04 -2.8017e-04 -2.7721e-04 -2.7421e-04 -2.7116e-04 -2.6808e-04 -2.6497e-04 -2.6182e-04 -2.5864e-04 -2.5543e-04 -2.5220e-04 -2.4894e-04 -2.4566e-04 -2.4237e-04 -2.3906e-04 -2.3573e-04 -2.3239e-04 -2.2904e-04 -2.2568e-04 -6.1011e-05 -8.6257e-05 -1.0559e-04 -1.2184e-04 -1.3610e-04 0.0000e+00 -1.6065e-04 -1.7148e-04 -1.8158e-04 -1.9104e-04 -1.9994e-04 -2.0835e-04 -2.1632e-04 -2.2388e-04 -2.3107e-04 -2.3791e-04 -2.4443e-04 -2.5064e-04 -2.5655e-04 -2.6220e-04 -2.6757e-04 -2.7270e-04 -2.7758e-04 -2.8222e-04 -2.8663e-04 -2.9083e-04 -2.9480e-04 -2.9857e-04 -3.0213e-04 -3.0549e-04 -3.0865e-04 -3.1163e-04 -3.1441e-04 -3.1701e-04 -3.1943e-04 -3.2168e-04 -3.2375e-04 -3.2565e-04 -3.2738e-04 -3.2894e-04 -3.3035e-04 -3.3159e-04 -3.3268e-04 -3.3362e-04 -3.3440e-04 -3.3504e-04 -3.3554e-04 -3.3589e-04 -3.3610e-04 -3.3617e-04 -3.3611e-04 -3.3592e-04 -3.3560e-04 -3.3515e-04 -3.3458e-04 -3.3388e-04 -3.3307e-04 -3.3215e-04 -3.3111e-04 -3.2996e-04 -3.2871e-04 -3.2734e-04 -3.2588e-04 -3.2432e-04 -3.2266e-04 -3.2091e-04 -3.1907e-04 -3.1714e-04 -3.1512e-04 -3.1303e-04 -3.1085e-04 -3.0859e-04 -3.0626e-04 -3.0386e-04 -3.0139e-04 -2.9886e-04 -2.9626e-04 -2.9360e-04 -2.9088e-04 -2.8810e-04 -2.8528e-04 -2.8240e-04 -2.7948e-04 -2.7651e-04 -2.7349e-04 -2.7044e-04 -2.6735e-04 -2.6423e-04 -2.6107e-04 -2.5789e-04 -2.5467e-04 -2.5143e-04 -2.4817e-04 -2.4489e-04 -2.4158e-04 -2.3827e-04 -2.3493e-04 -2.3159e-04 -2.2824e-04 -2.2487e-04
-6.5814e-05 -9.3047e-05 -1.1390e-04 -1.3143e-04 -1.4681e-04 -1.6065e-04 4.9974e-03 -1.8499e-04 -1.9588e-04 -2.0609e-04 -2.1570e-04 -2.2477e-04 -2.3337e-04 -2.4153e-04 -2.4929e-04 -2.5668e-04 -2.6371e-04 -2.7041e-04 -2.7681e-04 -2.8290e-04 -2.8871e-04 -2.9424e-04 -2.9952e-04 -3.0453e-04 -3.0931e-04 -3.1384e-04 -3.1814e-04 -3.2221e-04 -3.2607e-04 -3.2970e-04 -3.3313e-04 -3.3635e-04 -3.3937e-04 -3.4219e-04 -3.4481e-04 -3.4725e-04 -3.4950e-04 -3.5156e-04 -3.5345e-04 -3.5515e-04 -3.5668e-04 -3.5805e-04 -3.5924e-04 -3.6027e-04 -3.6113e-04 -3.6184e-04 -3.6239e-04 -3.6279e-04 -3.6304e-04 -3.6314e-04 -3.6309e-04 -3.6290e-04 -3.6258e-04 -3.6212e-04 -3.6152e-04 -3.6080e-04 -3.5994e-04 -3.5896e-04 -3.5787e-04 -3.5665e-04 -3.5531e-04 -3.5387e-04 -3.5231e-04 -3.5065e-04 -3.4888e-04 -3.4701e-04 -3.4504e-04 -3.4298e-04 -3.4083e-04 -3.3859e-04 -3.3626e-04 -3.3384e-04 -3.3135e-04 -3.2878e-04 -3.2613e-04 -3.2342e-04 -3.2063e-04 -3.1778e-04 -3.1486e-04 -3.1189e-04 -3.0885e-04 -3.0577e-04 -3.0263e-04 -2.9944e-04 -2.9621e-04 -2.9293e-04 -2.8961e-04 -2.8625e-04 -2.8286e-04 -2.7944e-04 -2.7598e-04 -2.7250e-04 -2.6899e-04 -2.6546e-04 -2.6191e-04 -2.5834e-04 -2.5475e-04 -2.5115e-04 -2.4754e-04 -2.4392e-04 -6.5814e-05 -9.3047e-05 -1.1390e-04 -1.3143e-04 -1.4681e-04 -1.6065e-04 0.0000e+00 -1.8498e-04 -1.9587e-04 -2.0608e-04 -2.1568e-04 -2.2476e-04 -2.3335e-04 -2.4151e-04 -2.4926e-04 -2.5664e-04 -2.6367e-04 -2.7037e-04 -2.7676e-04 -2.8284e-04 -2.8865e-04 -2.9417e-04 -2.9944e-04 -3.0445e-04 -3.0921e-04 -3.1373e-04 -3.1802e-04 -3.2209e-04 -3.2593e-04 -3.2956e-04 -3.3297e-04 -3.3618e-04 -3.3919e-04 -3.4199e-04 -3.4461e-04 -3.4703e-04 -3.4926e-04 -3.5131e-04 -3.5318e-04 -3.5487e-04 -3.5639e-04 -3.5774e-04 -3.5891e-04 -3.5993e-04 -3.6078e-04 -3.6147e-04 -3.6200e-04 -3.6238e-04 -3.6261e-04 -3.6269e-04 -3.6263e-04 -3.6242e-04 -3.6208e-04 -3.6160e-04 -3.6099e-04 -3.6024e-04 -3.5937e-04 -3.5837e-04 -3.5726e-04 -3.5602e-04 -3.5467e-04 -3.5320e-04 -3.5163e-04 -3.4994e-04 -3.4816e-04 -3.4627e-04 -3.4429e-04 -3.4221e-04 -3.4004e-04 -3.3777e-04 -3.3543e-04 -3.3300e-04 -3.3049e-04 -3.2790e-04 -3.2524e-04 -3.2250e-04 -3.1970e-04 -3.1683e-04 -3.1390e-04 -3.1091e-04 -3.0787e-04 -3.0476e-04 -3.0161e-04 -2.9841e-04 -2.9516e-04 -2.9187e-04 -2.8854e-04 -2.8517e-04 -2.8177e-04 -2.7833e-04 -2.7487e-04 -2.7137e-04 -2.6786e-04 -2.6432e-04 -2.6075e-04 -2.5718e-04 -2.5358e-04 -2.4998e-04 -2.4636e-04 -2.4273e-04
-7.0253e-05 -9.9323e-05 -1.2158e-04 -1.4030e-04 -1.5672e-04 -1.7149e-04 -1.8499e-04 6.5272e-03 -2.0909e-04 -2.1999e-04 -2.3025e-04 -2.3994e-04 -2.4912e-04 -2.5783e-04 -2.6612e-04 -2.7400e-04 -2.8151e-04 -2.8867e-04 -2.9550e-04 -3.0201e-04 -3.0821e-04 -3.1412e-04 -3.1975e-04 -3.2511e-04 -3.3021e-04 -3.3505e-04 -3.3965e-04 -3.4400e-04 -3.4812e-04 -3.5201e-04 -3.5567e-04 -3.5912e-04 -3.6234e-04 -3.6536e-04 -3.6817e-04 -3.7078e-04 -3.7318e-04 -3.7539e-04 -3.7741e-04 -3.7924e-04 -3.8088e-04 -3.8235e-04 -3.8363e-04 -3.8473e-04 -3.8567e-04 -3.8643e-04 -3.8703e-04 -3.8746e-04 -3.8773e-04 -3.8785e-04 -3.8781e-04 -3.8761e-04 -3.8728e-04 -3.8679e-04 -3.8616e-04 -3.8540e-04 -3.8450e-04 -3.8346e-04 -3.8230e-04 -3.8101e-04 -3.7959e-04 -3.7806e-04 -3.7641e-04 -3.7464e-04 -3.7276e-04 -3.7078e-04 -3.6869e-04 -3.6649e-04 -3.6420e-04 -3.6182e-04 -3.5934e-04 -3.5677e-04 -3.5412e-04 -3.5138e-04 -3.4857e-04 -3.4567e-04 -3.4271e-04 -3.3967e-04 -3.3657e-04 -3.3340e-04 -3.3017e-04 -3.2688e-04 -3.2354e-04 -3.2014e-04 -3.1670e-04 -3.1320e-04 -3.0967e-04 -3.0609e-04 -3.0248e-04 -2.9883e-04 -2.9514e-04 -2.9143e-04 -2.8769e-04 -2.8392e-04 -2.8014e-04 -2.7633e-04 -2.7251e-04 -2.6867e-04 -2.6482e-04 -2.6096e-04 -7.0253e-05 -9.9322e-05 -1.2158e-04 -1.4030e-04 -1.5671e-04 -1.7148e-04 -1.8498e-04 0.0000e+00 -2.0908e-04 -2.1998e-04 -2.3023e-04 -2.3992e-04 -2.4909e-04 -2.5780e-04 -2.6608e-04 -2.7396e-04 -2.8146e-04 -2.8861e-04 -2.9543e-04 -3.0193e-04 -3.0812e-04 -3.1403e-04 -3.1965e-04 -3.2499e-04 -3.3008e-04 -3.3491e-04 -3.3949e-04 -3.4383e-04 -3.4793e-04 -3.5181e-04 -3.5545e-04 -3.5888e-04 -3.6209e-04 -3.6509e-04 -3.6788e-04 -3.7047e-04 -3.7286e-04 -3.7505e-04 -3.7704e-04 -3.7885e-04 -3.8048e-04 -3.8191e-04 -3.8317e-04 -3.8426e-04 -3.8517e-04 -3.8591e-04 -3.8648e-04 -3.8689e-04 -3.8714e-04 -3.8723e-04 -3.8716e-04 -3.8695e-04 -3.8658e-04 -3.8607e-04 -3.8542e-04 -3.8463e-04 -3.8370e-04 -3.8264e-04 -3.8145e-04 -3.8013e-04 -3.7869e-04 -3.7713e-04 -3.7545e-04 -3.7366e-04 -3.7176e-04 -3.6975e-04 -3.6763e-04 -3.6541e-04 -3.6310e-04 -3.6069e-04 -3.5818e-04 -3.5559e-04 -3.5292e-04 -3.5016e-04 -3.4732e-04 -3.4440e-04 -3.4141e-04 -3.3836e-04 -3.3523e-04 -3.3204e-04 -3.2879e-04 -3.2548e-04 -3.2212e-04 -3.1870e-04 -3.1524e-04 -3.1173e-04 -3.0818e-04 -3.0458e-04 -3.0095e-04 -2.9729e-04 -2.9359e-04 -2.8986e-04 -2.8611e-04 -2.8233e-04 -2.7853e-04 -2.7471e-04 -2.7088e-04 -2.6703e-04 -2.6317e-04 -2.5930e-04
-7.4388e-05 -1.0517e-04 -1.2874e-04 -1.4855e-04 -1.6594e-04 -1.8158e-04 -1.9588e-04 -2.0909e-04 8.2609e-03 -2.3294e-04 -2.4381e-04 -2.5407e-04 -2.6379e-04 -2.7302e-04 -2.8180e-04 -2.9015e-04 -2.9811e-04 -3.0569e-04 -3.1292e-04 -3.1981e-04 -3.2639e-04 -3.3265e-04 -3.3862e-04 -3.4430e-04 -3.4970e-04 -3.5484e-04 -3.5971e-04 -3.6432e-04 -3.6869e-04 -3.7281e-04 -3.7670e-04 -3.8035e-04 -3.8378e-04 -3.8698e-04 -3.8996e-04 -3.9273e-04 -3.9529e-04 -3.9764e-04 -3.9978e-04 -4.0173e-04 -4.0348e-04 -4.0503e-04 -4.0640e-04 -4.0758e-04 -4.0858e-04 -4.0939e-04 -4.1004e-04 -4.1050e-04 -4.1080e-04 -4.1093e-04 -4.1090e-04 -4.1071e-04 -4.1036e-04 -4.0986e-04 -4.0921e-04 -4.0841e-04 -4.0747e-04 -4.0638e-04 -4.0516e-04 -4.0380e-04 -4.0232e-04 -4.0070e-04 -3.9896e-04 -3.9710e-04 -3.9513e-04 -3.9304e-04 -3.9083e-04 -3.8852e-04 -3.8611e-04 -3.8359e-04 -3.8098e-04 -3.7827e-04 -3.7547e-04 -3.7258e-04 -3.6961e-04 -3.6656e-04 -3.6343e-04 -3.6022e-04 -3.5694e-04 -3.5360e-04 -3.5019e-04 -3.4671e-04 -3.4318e-04 -3.3959e-04 -3.3595e-04 -3.3226e-04 -3.2852e-04 -3.2474e-04 -3.2092e-04 -3.1706e-04 -3.1317e-04 -3.0924e-04 -3.0529e-04 -3.0131e-04 -2.9730e-04 -2.9328e-04 -2.8923e-04 -2.8517e-04 -2.8110e-04 -2.7702e-04 -7.4388e-05 -1.0517e-04 -1.2874e-04 -1.4855e-04 -1.6594e-04 -1.8158e-04 -1.9587e-04 -2.0908e-04 0.0000e+00 -2.3293e-04 -2.4378e-04 -2.5404e-04 -2.6376e-04 -2.7298e-04 -2.8175e-04 -2.9009e-04 -2.9804e-04 -3.0561e-04 -3.1283e-04 -3.1971e-04 -3.2627e-04 -3.3252e-04 -3.3847e-04 -3.4414e-04 -3.4953e-04 -3.5464e-04 -3.5950e-04 -3.6409e-04 -3.6844e-04 -3.7254e-04 -3.7641e-04 -3.8004e-04 -3.8344e-04 -3.8662e-04 -3.8958e-04 -3.9232e-04 -3.9485e-04 -3.9717e-04 -3.9929e-04 -4.0121e-04 -4.0293e-04 -4.0445e-04 -4.0579e-04 -4.0694e-04 -4.0791e-04 -4.0869e-04 -4.0930e-04 -4.0974e-04 -4.1001e-04 -4.1010e-04 -4.1004e-04 -4.0981e-04 -4.0943e-04 -4.0890e-04 -4.0821e-04 -4.0737e-04 -4.0640e-04 -4.0528e-04 -4.0402e-04 -4.0263e-04 -4.0111e-04 -3.9946e-04 -3.9769e-04 -3.9579e-04 -3.9378e-04 -3.9165e-04 -3.8942e-04 -3.8707e-04 -3.8463e-04 -3.8208e-04 -3.7943e-04 -3.7669e-04 -3.7386e-04 -3.7094e-04 -3.6794e-04 -3.6485e-04 -3.6169e-04 -3.5846e-04 -3.5515e-04 -3.5178e-04 -3.4834e-04 -3.4484e-04 -3.4128e-04 -3.3766e-04 -3.3400e-04 -3.3028e-04 -3.2652e-04 -3.2272e-04 -3.1888e-04 -3.1500e-04 -3.1109e-04 -3.0714e-04 -3.0317e-04 -2.9917e-04 -2.9515e-04 -2.9111e-04 -2.8705e-04 -2.8298e-04 -2.7889e-04 -2.7479e-04
-7.8263e-05 -1.1065e-04 -1.3545e-04 -1.5629e-04 -1.7459e-04 -1.9104e-04 -2.0609e-04 -2.1999e-04 -2.3294e-04 1.0199e-02 -2.5652e-04 -2.6732e-04 -2.7755e-04 -2.8726e-04 -2.9650e-04 -3.0529e-04 -3.1366e-04 -3.2164e-04 -3.2925e-04 -3.3651e-04 -3.4343e-04 -3.5003e-04 -3.5631e-04 -3.6230e-04 -3.6799e-04 -3.7339e-04 -3.7852e-04 -3.8339e-04 -3.8799e-04 -3.9234e-04 -3.9643e-04 -4.0028e-04 -4.0389e-04 -4.0727e-04 -4.1042e-04 -4.1334e-04 -4.1604e-04 -4.1852e-04 -4.2079e-04 -4.2285e-04 -4.2470e-04 -4.2634e-04 -4.2779e-04 -4.2905e-04 -4.3011e-04 -4.3098e-04 -4.3167e-04 -4.3217e-04 -4.3250e-04 -4.3265e-04 -4.3263e-04 -4.3244e-04 -4.3208e-04 -4.3157e-04 -4.3090e-04 -4.3007e-04 -4.2909e-04 -4.2796e-04 -4.2669e-04 -4.2527e-04 -4.2372e-04 -4.2204e-04 -4.2022e-04 -4.1828e-04 -4.1621e-04 -4.1402e-04 -4.1172e-04 -4.0930e-04 -4.0677e-04 -4.0414e-04 -4.0140e-04 -3.9856e-04 -3.9563e-04 -3.9260e-04 -3.8949e-04 -3.8629e-04 -3.8300e-04 -3.7964e-04 -3.7620e-04 -3.7269e-04 -3.6911e-04 -3.6547e-04 -3.6176e-04 -3.5800e-04 -3.5418e-04 -3.5030e-04 -3.4638e-04 -3.4241e-04 -3.3840e-04 -3.3435e-04 -3.3026e-04 -3.2613e-04 -3.2198e-04 -3.1780e-04 -3.1359e-04 -3.0936e-04 -3.0511e-04 -3.0084e-04 -2.9656e-04 -2.9227e-04 -7.8263e-05 -1.1065e-04 -1.3545e-04 -1.5629e-04 -1.7458e-04 -1.9104e-04 -2.0608e-04 -2.1998e-04 -2.3293e-04 0.0000e+00 -2.5649e-04 -2.6728e-04 -2.7750e-04 -2.8720e-04 -2.9643e-04 -3.0521e-04 -3.1357e-04 -3.2154e-04 -3.2914e-04 -3.3638e-04 -3.4328e-04 -3.4986e-04 -3.5612e-04 -3.6209e-04 -3.6776e-04 -3.7314e-04 -3.7825e-04 -3.8309e-04 -3.8766e-04 -3.9198e-04 -3.9605e-04 -3.9987e-04 -4.0346e-04 -4.0680e-04 -4.0992e-04 -4.1281e-04 -4.1547e-04 -4.1792e-04 -4.2015e-04 -4.2217e-04 -4.2398e-04 -4.2559e-04 -4.2700e-04 -4.2822e-04 -4.2924e-04 -4.3007e-04 -4.3071e-04 -4.3118e-04 -4.3146e-04 -4.3157e-04 -4.3151e-04 -4.3127e-04 -4.3088e-04 -4.3032e-04 -4.2960e-04 -4.2872e-04 -4.2770e-04 -4.2653e-04 -4.2521e-04 -4.2375e-04 -4.2215e-04 -4.2042e-04 -4.1856e-04 -4.1657e-04 -4.1446e-04 -4.1223e-04 -4.0988e-04 -4.0742e-04 -4.0484e-04 -4.0217e-04 -3.9939e-04 -3.9651e-04 -3.9353e-04 -3.9046e-04 -3.8731e-04 -3.8407e-04 -3.8075e-04 -3.7735e-04 -3.7387e-04 -3.7032e-04 -3.6671e-04 -3.6303e-04 -3.5929e-04 -3.5549e-04 -3.5164e-04 -3.4773e-04 -3.4378e-04 -3.3978e-04 -3.3574e-04 -3.3166e-04 -3.2755e-04 -3.2340e-04 -3.1922e-04 -3.1502e-04 -3.1079e-04 -3.0654e-04 -3.0227e-04 -2.9799e-04 -2.9369e-04 -2.8938e-04
-8.1910e-05 -1.1580e-04 -1.4176e-04 -1.6358e-04 -1.8273e-04 -1.9995e-04 -2.1570e-04 -2.3025e-04 -2.4381e-04 -2.5652e-04 1.2340e-02 -2.7979e-04 -2.9050e-04 -3.0067e-04 -3.1034e-04 -3.1954e-04 -3.2831e-04 -3.3667e-04 -3.4464e-04 -3.5224e-04 -3.5949e-04 -3.6640e-04 -3.7298e-04 -3.7925e-04 -3.8521e-04 -3.9088e-04 -3.9626e-04 -4.0136e-04 -4.0618e-04 -4.1074e-04 -4.1503e-04 -4.1907e-04 -4.2286e-04 -4.2641e-04 -4.2971e-04 -4.3278e-04 -4.3562e-04 -4.3823e-04 -4.4061e-04 -4.4278e-04 -4.4473e-04 -4.4646e-04 -4.4799e-04 -4.4932e-04 -4.5044e-04 -4.5137e-04 -4.5210e-04 -4.5264e-04 -4.5300e-04 -4.5317e-04 -4.5316e-04 -4.5298e-04 -4.5262e-04 -4.5210e-04 -4.5141e-04 -4.5056e-04 -4.4954e-04 -4.4838e-04 -4.4706e-04 -4.4560e-04 -4.4399e-04 -4.4224e-04 -4.4035e-04 -4.3833e-04 -4.3619e-04 -4.3391e-04 -4.3151e-04 -4.2900e-04 -4.2636e-04 -4.2362e-04 -4.2077e-04 -4.1781e-04 -4.1476e-04 -4.1160e-04 -4.0836e-04 -4.0502e-04 -4.0160e-04 -3.9809e-04 -3.9451e-04 -3.9084e-04 -3.8711e-04 -3.8331e-04 -3.7944e-04 -3.7551e-04 -3.7152e-04 -3.6748e-04 -3.6338e-04 -3.5924e-04 -3.5505e-04 -3.5082e-04 -3.4654e-04 -3.4224e-04 -3.3790e-04 -3.3353e-04 -3.2913e-04 -3.2471e-04 -3.2027e-04 -3.1581e-04 -3.1134e-04 -3.0685e-04 -8.1910e-05 -1.1580e-04 -1.4176e-04 -1.6358e-04 -1.8272e-04 -1.9994e-04 -2.1568e-04 -2.3023e-04 -2.4378e-04 -2.5649e-04 0.0000e+00 -2.7974e-04 -2.9044e-04 -3.0060e-04 -3.1025e-04 -3.1944e-04 -3.2819e-04 -3.3654e-04 -3.4449e-04 -3.5207e-04 -3.5930e-04 -3.6618e-04 -3.7274e-04 -3.7899e-04 -3.8492e-04 -3.9056e-04 -3.9591e-04 -4.0098e-04 -4.0577e-04 -4.1029e-04 -4.1455e-04 -4.1856e-04 -4.2231e-04 -4.2581e-04 -4.2908e-04 -4.3210e-04 -4.3490e-04 -4.3746e-04 -4.3980e-04 -4.4192e-04 -4.4382e-04 -4.4551e-04 -4.4699e-04 -4.4827e-04 -4.4934e-04 -4.5021e-04 -4.5089e-04 -4.5138e-04 -4.5169e-04 -4.5180e-04 -4.5174e-04 -4.5150e-04 -4.5109e-04 -4.5051e-04 -4.4976e-04 -4.4885e-04 -4.4779e-04 -4.4656e-04 -4.4519e-04 -4.4367e-04 -4.4200e-04 -4.4019e-04 -4.3825e-04 -4.3617e-04 -4.3397e-04 -4.3164e-04 -4.2918e-04 -4.2661e-04 -4.2392e-04 -4.2113e-04 -4.1822e-04 -4.1521e-04 -4.1210e-04 -4.0890e-04 -4.0560e-04 -4.0221e-04 -3.9874e-04 -3.9519e-04 -3.9155e-04 -3.8785e-04 -3.8407e-04 -3.8022e-04 -3.7631e-04 -3.7234e-04 -3.6831e-04 -3.6422e-04 -3.6009e-04 -3.5591e-04 -3.5168e-04 -3.4742e-04 -3.4311e-04 -3.3877e-04 -3.3440e-04 -3.3001e-04 -3.2558e-04 -3.2114e-04 -3.1667e-04 -3.1219e-04 -3.0769e-04 -3.0319e-04
-8.5356e-05 -1.2068e-04 -1.4773e-04 -1.7046e-04 -1.9041e-04 -2.0836e-04 -2.2477e-04 -2.3994e-04 -2.5407e-04 -2.6732e-04 -2.7979e-04 1.4686e-02 -3.0274e-04 -3.1334e-04 -3.2342e-04 -3.3301e-04 -3.4215e-04 -3.5087e-04 -3.5918e-04 -3.6711e-04 -3.7467e-04 -3.8188e-04 -3.8874e-04 -3.9528e-04 -4.0150e-04 -4.0742e-04 -4.1303e-04 -4.1835e-04 -4.2339e-04 -4.2815e-04 -4.3264e-04 -4.3686e-04 -4.4082e-04 -4.4452e-04 -4.4798e-04 -4.5119e-04 -4.5416e-04 -4.5689e-04 -4.5939e-04 -4.6166e-04 -4.6370e-04 -4.6553e-04 -4.6713e-04 -4.6853e-04 -4.6972e-04 -4.7070e-04 -4.7148e-04 -4.7206e-04 -4.7244e-04 -4.7264e-04 -4.7265e-04 -4.7247e-04 -4.7212e-04 -4.7159e-04 -4.7089e-04 -4.7001e-04 -4.6898e-04 -4.6778e-04 -4.6643e-04 -4.6492e-04 -4.6326e-04 -4.6145e-04 -4.5950e-04 -4.5742e-04 -4.5519e-04 -4.5284e-04 -4.5036e-04 -4.4775e-04 -4.4503e-04 -4.4218e-04 -4.3923e-04 -4.3616e-04 -4.3300e-04 -4.2973e-04 -4.2636e-04 -4.2289e-04 -4.1934e-04 -4.1570e-04 -4.1198e-04 -4.0818e-04 -4.0430e-04 -4.0035e-04 -3.9634e-04 -3.9225e-04 -3.8811e-04 -3.8391e-04 -3.7965e-04 -3.7534e-04 -3.7099e-04 -3.6659e-04 -3.6215e-04 -3.5767e-04 -3.5315e-04 -3.4861e-04 -3.4403e-04 -3.3944e-04 -3.3482e-04 -3.3018e-04 -3.2552e-04 -3.2085e-04 -8.5356e-05 -1.2068e-04 -1.4772e-04 -1.7046e-04 -1.9041e-04 -2.0835e-04 -2.2476e-04 -2.3992e-04 -2.5404e-04 -2.6728e-04 -2.7974e-04 0.0000e+00 -3.0266e-04 -3.1325e-04 -3.2331e-04 -3.3289e-04 -3.4201e-04 -3.5071e-04 -3.5900e-04 -3.6690e-04 -3.7443e-04 -3.8161e-04 -3.8845e-04 -3.9495e-04 -4.0114e-04 -4.0702e-04 -4.1260e-04 -4.1788e-04 -4.2288e-04 -4.2759e-04 -4.3204e-04 -4.3621e-04 -4.4013e-04 -4.4379e-04 -4.4719e-04 -4.5035e-04 -4.5326e-04 -4.5594e-04 -4.5838e-04 -4.6060e-04 -4.6258e-04 -4.6435e-04 -4.6589e-04 -4.6723e-04 -4.6835e-04 -4.6927e-04 -4.6998e-04 -4.7050e-04 -4.7082e-04 -4.7094e-04 -4.7089e-04 -4.7064e-04 -4.7022e-04 -4.6962e-04 -4.6885e-04 -4.6790e-04 -4.6680e-04 -4.6553e-04 -4.6410e-04 -4.6252e-04 -4.6079e-04 -4.5891e-04 -4.5689e-04 -4.5474e-04 -4.5244e-04 -4.5002e-04 -4.4747e-04 -4.4479e-04 -4.4200e-04 -4.3909e-04 -4.3607e-04 -4.3294e-04 -4.2970e-04 -4.2637e-04 -4.2294e-04 -4.1941e-04 -4.1580e-04 -4.1210e-04 -4.0832e-04 -4.0446e-04 -4.0052e-04 -3.9652e-04 -3.9245e-04 -3.8831e-04 -3.8412e-04 -3.7987e-04 -3.7556e-04 -3.7121e-04 -3.6681e-04 -3.6237e-04 -3.5789e-04 -3.5337e-04 -3.4882e-04 -3.4424e-04 -3.3963e-04 -3.3500e-04 -3.3035e-04 -3.2568e-04 -3.2100e-04 -3.1630e-04
-8.8620e-05 -1.2529e-04 -1.5337e-04 -1.7698e-04 -1.9770e-04 -2.1633e-04 -2.3337e-04 -2.4912e-04 -2.6379e-04 -2.7755e-04 -2.9050e-04 -3.0274e-04 1.7235e-02 -3.2534e-04 -3.3581e-04 -3.4578e-04 -3.5527e-04 -3.6433e-04 -3.7297e-04 -3.8120e-04 -3.8906e-04 -3.9655e-04 -4.0369e-04 -4.1048e-04 -4.1695e-04 -4.2310e-04 -4.2894e-04 -4.3448e-04 -4.3972e-04 -4.4467e-04 -4.4934e-04 -4.5373e-04 -4.5786e-04 -4.6172e-04 -4.6532e-04 -4.6867e-04 -4.7176e-04 -4.7461e-04 -4.7722e-04 -4.7959e-04 -4.8173e-04 -4.8364e-04 -4.8533e-04 -4.8680e-04 -4.8804e-04 -4.8908e-04 -4.8991e-04 -4.9053e-04 -4.9095e-04 -4.9117e-04 -4.9120e-04 -4.9103e-04 -4.9068e-04 -4.9015e-04 -4.8944e-04 -4.8856e-04 -4.8750e-04 -4.8628e-04 -4.8489e-04 -4.8334e-04 -4.8164e-04 -4.7978e-04 -4.7778e-04 -4.7563e-04 -4.7334e-04 -4.7092e-04 -4.6836e-04 -4.6567e-04 -4.6286e-04 -4.5993e-04 -4.5688e-04 -4.5372e-04 -4.5044e-04 -4.4707e-04 -4.4359e-04 -4.4001e-04 -4.3634e-04 -4.3257e-04 -4.2873e-04 -4.2479e-04 -4.2078e-04 -4.1670e-04 -4.1254e-04 -4.0832e-04 -4.0403e-04 -3.9968e-04 -3.9527e-04 -3.9081e-04 -3.8630e-04 -3.8175e-04 -3.7715e-04 -3.7251e-04 -3.6783e-04 -3.6312e-04 -3.5838e-04 -3.5362e-04 -3.4883e-04 -3.4402e-04 -3.3919e-04 -3.3435e-04 -8.8619e-05 -1.2529e-04 -1.5337e-04 -1.7698e-04 -1.9769e-04 -2.1632e-04 -2.3335e-04 -2.4909e-04 -2.6376e-04 -2.7750e-04 -2.9044e-04 -3.0266e-04 0.0000e+00 -3.2523e-04 -3.3568e-04 -3.4563e-04 -3.5510e-04 -3.6413e-04 -3.7274e-04 -3.8094e-04 -3.8877e-04 -3.9622e-04 -4.0333e-04 -4.1008e-04 -4.1651e-04 -4.2262e-04 -4.2841e-04 -4.3390e-04 -4.3909e-04 -4.4399e-04 -4.4861e-04 -4.5295e-04 -4.5702e-04 -4.6082e-04 -4.6436e-04 -4.6764e-04 -4.7067e-04 -4.7346e-04 -4.7600e-04 -4.7830e-04 -4.8037e-04 -4.8221e-04 -4.8382e-04 -4.8521e-04 -4.8638e-04 -4.8734e-04 -4.8809e-04 -4.8863e-04 -4.8896e-04 -4.8910e-04 -4.8905e-04 -4.8880e-04 -4.8837e-04 -4.8775e-04 -4.8696e-04 -4.8598e-04 -4.8484e-04 -4.8353e-04 -4.8206e-04 -4.8042e-04 -4.7863e-04 -4.7669e-04 -4.7460e-04 -4.7236e-04 -4.6999e-04 -4.6748e-04 -4.6484e-04 -4.6207e-04 -4.5917e-04 -4.5616e-04 -4.5302e-04 -4.4978e-04 -4.4643e-04 -4.4297e-04 -4.3941e-04 -4.3576e-04 -4.3201e-04 -4.2818e-04 -4.2426e-04 -4.2026e-04 -4.1618e-04 -4.1203e-04 -4.0780e-04 -4.0352e-04 -3.9917e-04 -3.9476e-04 -3.9029e-04 -3.8578e-04 -3.8121e-04 -3.7660e-04 -3.7195e-04 -3.6727e-04 -3.6255e-04 -3.5779e-04 -3.5301e-04 -3.4821e-04 -3.4338e-04 -3.3854e-04 -3.3368e-04 -3.2881e-04
-9.1717e-05 -1.2967e-04 -1.5874e-04 -1.8317e-04 -2.0461e-04 -2.2390e-04 -2.4153e-04 -2.5783e-04 -2.7302e-04 -2.8726e-04 -3.0067e-04 -3.1334e-04 -3.2534e-04 1.9989e-02 -3.4758e-04 -3.5790e-04 -3.6773e-04 -3.7711e-04 -3.8606e-04 -3.9459e-04 -4.0273e-04 -4.1049e-04 -4.1788e-04 -4.2493e-04 -4.3163e-04 -4.3801e-04 -4.4406e-04 -4.4980e-04 -4.5524e-04 -4.6038e-04 -4.6522e-04 -4.6979e-04 -4.7407e-04 -4.7808e-04 -4.8182e-04 -4.8530e-04 -4.8852e-04 -4.9149e-04 -4.9421e-04 -4.9668e-04 -4.9891e-04 -5.0091e-04 -5.0267e-04 -5.0420e-04 -5.0552e-04 -5.0661e-04 -5.0748e-04 -5.0814e-04 -5.0860e-04 -5.0885e-04 -5.0890e-04 -5.0875e-04 -5.0841e-04 -5.0788e-04 -5.0717e-04 -5.0627e-04 -5.0520e-04 -5.0395e-04 -5.0254e-04 -5.0096e-04 -4.9922e-04 -4.9732e-04 -4.9527e-04 -4.9307e-04 -4.9072e-04 -4.8823e-04 -4.8560e-04 -4.8284e-04 -4.7996e-04 -4.7694e-04 -4.7381e-04 -4.7055e-04 -4.6718e-04 -4.6371e-04 -4.6013e-04 -4.5644e-04 -4.5266e-04 -4.4879e-04 -4.4482e-04 -4.4077e-04 -4.3664e-04 -4.3243e-04 -4.2814e-04 -4.2378e-04 -4.1936e-04 -4.1487e-04 -4.1033e-04 -4.0573e-04 -4.0107e-04 -3.9637e-04 -3.9162e-04 -3.8683e-04 -3.8200e-04 -3.7714e-04 -3.7225e-04 -3.6732e-04 -3.6238e-04 -3.5741e-04 -3.5242e-04 -3.4742e-04 -9.1717e-05 -1.2967e-04 -1.5873e-04 -1.8316e-04 -2.0460e-04 -2.2388e-04 -2.4151e-04 -2.5780e-04 -2.7298e-04 -2.8720e-04 -3.0060e-04 -3.1325e-04 -3.2523e-04 0.0000e+00 -3.4743e-04 -3.5772e-04 -3.6753e-04 -3.7687e-04 -3.8578e-04 -3.9428e-04 -4.0238e-04 -4.1010e-04 -4.1745e-04 -4.2445e-04 -4.3111e-04 -4.3743e-04 -4.4343e-04 -4.4911e-04 -4.5449e-04 -4.5957e-04 -4.6435e-04 -4.6885e-04 -4.7306e-04 -4.7700e-04 -4.8067e-04 -4.8407e-04 -4.8721e-04 -4.9010e-04 -4.9274e-04 -4.9513e-04 -4.9727e-04 -4.9918e-04 -5.0085e-04 -5.0230e-04 -5.0352e-04 -5.0452e-04 -5.0529e-04 -5.0586e-04 -5.0622e-04 -5.0637e-04 -5.0632e-04 -5.0607e-04 -5.0563e-04 -5.0500e-04 -5.0418e-04 -5.0318e-04 -5.0201e-04 -5.0066e-04 -4.9914e-04 -4.9745e-04 -4.9561e-04 -4.9361e-04 -4.9145e-04 -4.8914e-04 -4.8669e-04 -4.8410e-04 -4.8138e-04 -4.7851e-04 -4.7553e-04 -4.7241e-04 -4.6918e-04 -4.6583e-04 -4.6236e-04 -4.5879e-04 -4.5512e-04 -4.5134e-04 -4.4747e-04 -4.4351e-04 -4.3946e-04 -4.3532e-04 -4.3111e-04 -4.2681e-04 -4.2245e-04 -4.1802e-04 -4.1352e-04 -4.0896e-04 -4.0434e-04 -3.9968e-04 -3.9496e-04 -3.9019e-04 -3.8538e-04 -3.8054e-04 -3.7565e-04 -3.7074e-04 -3.6580e-04 -3.6083e-04 -3.5583e-04 -3.5082e-04 -3.4580e-04 -3.4076e-04
-9.4661e-05 -1.3383e-04 -1.6383e-04 -1.8905e-04 -2.1118e-04 -2.3109e-04 -2.4929e-04 -2.6612e-04 -2.8180e-04 -2.9650e-04 -3.1034e-04 -3.2342e-04 -3.3581e-04 -3.4758e-04 2.2946e-02 -3.6943e-04 -3.7959e-04 -3.8927e-04 -3.9851e-04 -4.0733e-04 -4.1574e-04 -4.2375e-04 -4.3140e-04 -4.3868e-04 -4.4561e-04 -4.5220e-04 -4.5846e-04 -4.6440e-04 -4.7002e-04 -4.7534e-04 -4.8036e-04 -4.8508e-04 -4.8952e-04 -4.9368e-04 -4.9755e-04 -5.0116e-04 -5.0450e-04 -5.0758e-04 -5.1041e-04 -5.1298e-04 -5.1530e-04 -5.1738e-04 -5.1922e-04 -5.2083e-04 -5.2220e-04 -5.2335e-04 -5.2427e-04 -5.2498e-04 -5.2547e-04 -5.2575e-04 -5.2582e-04 -5.2570e-04 -5.2537e-04 -5.2485e-04 -5.2413e-04 -5.2323e-04 -5.2215e-04 -5.2089e-04 -5.1945e-04 -5.1785e-04 -5.1607e-04 -5.1414e-04 -5.1204e-04 -5.0979e-04 -5.0740e-04 -5.0485e-04 -5.0216e-04 -4.9934e-04 -4.9638e-04 -4.9329e-04 -4.9008e-04 -4.8674e-04 -4.8329e-04 -4.7972e-04 -4.7605e-04 -4.7227e-04 -4.6838e-04 -4.6441e-04 -4.6033e-04 -4.5617e-04 -4.5193e-04 -4.4760e-04 -4.4319e-04 -4.3871e-04 -4.3417e-04 -4.2955e-04 -4.2488e-04 -4.2014e-04 -4.1535e-04 -4.1051e-04 -4.0563e-04 -4.0070e-04 -3.9573e-04 -3.9072e-04 -3.8568e-04 -3.8061e-04 -3.7552e-04 -3.7040e-04 -3.6526e-04 -3.6010e-04 -9.4661e-05 -1.3383e-04 -1.6383e-04 -1.8904e-04 -2.1117e-04 -2.3107e-04 -2.4926e-04 -2.6608e-04 -2.8175e-04 -2.9643e-04 -3.1025e-04 -3.2331e-04 -3.3568e-04 -3.4743e-04 0.0000e+00 -3.6922e-04 -3.7934e-04 -3.8899e-04 -3.9819e-04 -4.0696e-04 -4.1532e-04 -4.2329e-04 -4.3089e-04 -4.3811e-04 -4.4499e-04 -4.5152e-04 -4.5771e-04 -4.6358e-04 -4.6914e-04 -4.7438e-04 -4.7932e-04 -4.8397e-04 -4.8832e-04 -4.9240e-04 -4.9619e-04 -4.9971e-04 -5.0295e-04 -5.0594e-04 -5.0867e-04 -5.1114e-04 -5.1336e-04 -5.1534e-04 -5.1707e-04 -5.1857e-04 -5.1983e-04 -5.2087e-04 -5.2168e-04 -5.2227e-04 -5.2265e-04 -5.2281e-04 -5.2277e-04 -5.2252e-04 -5.2207e-04 -5.2143e-04 -5.2059e-04 -5.1957e-04 -5.1836e-04 -5.1698e-04 -5.1542e-04 -5.1369e-04 -5.1179e-04 -5.0973e-04 -5.0752e-04 -5.0515e-04 -5.0262e-04 -4.9996e-04 -4.9715e-04 -4.9421e-04 -4.9113e-04 -4.8792e-04 -4.8459e-04 -4.8114e-04 -4.7757e-04 -4.7390e-04 -4.7011e-04 -4.6622e-04 -4.6223e-04 -4.5815e-04 -4.5397e-04 -4.4971e-04 -4.4537e-04 -4.4094e-04 -4.3644e-04 -4.3188e-04 -4.2724e-04 -4.2254e-04 -4.1778e-04 -4.1297e-04 -4.0810e-04 -4.0319e-04 -3.9823e-04 -3.9323e-04 -3.8820e-04 -3.8313e-04 -3.7803e-04 -3.7291e-04 -3.6776e-04 -3.6259e-04 -3.5740e-04 -3.5221e-04
-9.7463e-05 -1.3779e-04 -1.6868e-04 -1.9465e-04 -2.1743e-04 -2.3793e-04 -2.5668e-04 -2.7400e-04 -2.9015e-04 -3.0529e-04 -3.1954e-04 -3.3301e-04 -3.4578e-04 -3.5790e-04 -3.6943e-04 2.6107e-02 -3.9087e-04 -4.0085e-04 -4.1038e-04 -4.1946e-04 -4.2813e-04 -4.3640e-04 -4.4428e-04 -4.5179e-04 -4.5893e-04 -4.6573e-04 -4.7219e-04 -4.7832e-04 -4.8413e-04 -4.8962e-04 -4.9480e-04 -4.9968e-04 -5.0426e-04 -5.0856e-04 -5.1257e-04 -5.1631e-04 -5.1977e-04 -5.2296e-04 -5.2588e-04 -5.2855e-04 -5.3097e-04 -5.3313e-04 -5.3505e-04 -5.3672e-04 -5.3816e-04 -5.3937e-04 -5.4034e-04 -5.4109e-04 -5.4162e-04 -5.4194e-04 -5.4204e-04 -5.4193e-04 -5.4162e-04 -5.4111e-04 -5.4040e-04 -5.3950e-04 -5.3841e-04 -5.3714e-04 -5.3569e-04 -5.3406e-04 -5.3226e-04 -5.3029e-04 -5.2816e-04 -5.2587e-04 -5.2343e-04 -5.2084e-04 -5.1810e-04 -5.1521e-04 -5.1219e-04 -5.0904e-04 -5.0575e-04 -5.0234e-04 -4.9881e-04 -4.9517e-04 -4.9141e-04 -4.8754e-04 -4.8356e-04 -4.7949e-04 -4.7532e-04 -4.7105e-04 -4.6670e-04 -4.6227e-04 -4.5775e-04 -4.5316e-04 -4.4850e-04 -4.4376e-04 -4.3897e-04 -4.3411e-04 -4.2920e-04 -4.2423e-04 -4.1922e-04 -4.1415e-04 -4.0905e-04 -4.0391e-04 -3.9873e-04 -3.9353e-04 -3.8829e-04 -3.8303e-04 -3.7775e-04 -3.7245e-04 -9.7463e-05 -1.3779e-04 -1.6868e-04 -1.9464e-04 -2.1742e-04 -2.3791e-04 -2.5664e-04 -2.7396e-04 -2.9009e-04 -3.0521e-04 -3.1944e-04 -3.3289e-04 -3.4563e-04 -3.5772e-04 -3.6922e-04 0.0000e+00 -3.9059e-04 -4.0052e-04 -4.1000e-04 -4.1903e-04 -4.2765e-04 -4.3586e-04 -4.4368e-04 -4.5112e-04 -4.5820e-04 -4.6493e-04 -4.7131e-04 -4.7736e-04 -4.8309e-04 -4.8849e-04 -4.9358e-04 -4.9837e-04 -5.0286e-04 -5.0706e-04 -5.1097e-04 -5.1460e-04 -5.1795e-04 -5.2103e-04 -5.2385e-04 -5.2640e-04 -5.2869e-04 -5.3073e-04 -5.3253e-04 -5.3408e-04 -5.3539e-04 -5.3646e-04 -5.3731e-04 -5.3792e-04 -5.3832e-04 -5.3850e-04 -5.3846e-04 -5.3821e-04 -5.3776e-04 -5.3710e-04 -5.3625e-04 -5.3521e-04 -5.3398e-04 -5.3256e-04 -5.3096e-04 -5.2919e-04 -5.2725e-04 -5.2513e-04 -5.2286e-04 -5.2043e-04 -5.1784e-04 -5.1510e-04 -5.1222e-04 -5.0920e-04 -5.0604e-04 -5.0275e-04 -4.9932e-04 -4.9578e-04 -4.9212e-04 -4.8834e-04 -4.8445e-04 -4.8045e-04 -4.7635e-04 -4.7215e-04 -4.6786e-04 -4.6348e-04 -4.5901e-04 -4.5447e-04 -4.4984e-04 -4.4514e-04 -4.4038e-04 -4.3554e-04 -4.3065e-04 -4.2570e-04 -4.2070e-04 -4.1564e-04 -4.1054e-04 -4.0540e-04 -4.0022e-04 -3.9501e-04 -3.8976e-04 -3.8449e-04 -3.7919e-04 -3.7388e-04 -3.6854e-04 -3.6319e-04
