-9.2660e-10 -5.0113e-12 -1.3832e-11 -2.8458e-11 -4.9859e-11 -7.8929e-11 -1.1653e-10 -1.6349e-10 -2.2068e-10 -2.8892e-10 -3.6911e-10 -4.6212e-10 -5.6888e-10 -6.9028e-10 -8.2725e-10 -9.8068e-10 -1.1514e-09 -1.3401e-09 -1.5472e-09 -1.7731e-09 -2.0176e-09 -2.2798e-09 -2.5581e-09 -2.8501e-09 -3.1517e-09 -3.4573e-09 -3.7591e-09 -4.0471e-09 -4.3087e-09 -4.5286e-09 -4.6891e-09 -4.7714e-09 -4.7566e-09 -4.6283e-09 -4.3761e-09 -3.9989e-09 -3.5090e-09 -2.9338e-09 -2.3154e-09 -1.7057e-09 -1.1573e-09 -7.1150e-10 -3.8879e-10 -1.8445e-10 -7.3862e-11 -2.4131e-11 -6.1729e-12 -1.1763e-12 -1.5717e-13 -1.3681e-14 -7.0929e-16 -1.9627e-17 -2.5344e-19 -1.2947e-21 -2.1343e-24 -8.8266e-28 -6.6983e-32 -6.3181e-37 -4.5507e-43 -1.3573e-50 -7.7475e-60 -3.1818e-71 -2.7048e-85 -9.6562e-103 -1.8573e-124 -1.3472e-151 -1.1520e-185 -1.2315e-228 -4.0518e-283 0.0000e+00 0.0000e+00 0.0000e+00 0.0000e+00 0.0000e+00 0.0000e+00 0.0000e+00 0.0000e+00 0.0000e+00 0.0000e+00 0.0000e+00 0.0000e+00 0.0000e+00 0.0000e+00 0.0000e+00 0.0000e+00 0.0000e+00 0.0000e+00 0.0000e+00 0.0000e+00 0.0000e+00 0.0000e+00 0.0000e+00 0.0000e+00 0.0000e+00 0.0000e+00 0.0000e+00 0.0000e+00 0.0000e+00 0.0000e+00 0.0000e+00 0.0000e+00 5.0113e-12 1.3832e-11 2.8458e-11 4.9859e-11 7.8929e-11 1.1653e-10 1.6349e-10 2.2068e-10 2.8892e-10 3.6911e-10 4.6212e-10 5.6888e-10 6.9028e-10 8.2725e-10 9.8068e-10 1.1514e-09 1.3401e-09 1.5472e-09 1.7731e-09 2.0176e-09 2.2798e-09 2.5581e-09 2.8501e-09 3.1517e-09 3.4573e-09 3.7591e-09 4.0471e-09 4.3087e-09 4.5286e-09 4.6891e-09 4.7714e-09 4.7566e-09 4.6283e-09 4.3761e-09 3.9989e-09 3.5090e-09 2.9338e-09 2.3154e-09 1.7057e-09 1.1573e-09 7.1150e-10 3.8879e-10 1.8445e-10 7.3862e-11 2.4131e-11 6.1729e-12 1.1763e-12 1.5717e-13 1.3681e-14 7.0929e-16 1.9627e-17 2.5344e-19 1.2947e-21 2.1343e-24 8.8266e-28 6.6983e-32 6.3181e-37 4.5507e-43 1.3573e-50 7.7475e-60 3.1818e-71 2.7048e-85 9.6562e-103 1.8573e-124 1.3472e-151 1.1520e-185 1.2315e-228 4.0518e-283 0.0000e+00 0.0000e+00 0.0000e+00 0.0000e+00 0.0000e+00 0.0000e+00 0.0000e+00 0.0000e+00 0.0000e+00 0.0000e+00 0.0000e+00 0.0000e+00 0.0000e+00 0.0000e+00 0.0000e+00 0.0000e+00 0.0000e+00 0.0000e+00 0.0000e+00 0.0000e+00 0.0000e+00 0.0000e+00 0.0000e+00 0.0000e+00 0.0000e+00 0.0000e+00 0.0000e+00 0.0000e+00 0.0000e+00 0.0000e+00 0.0000e+00
-5.0113e-12 3.0248e-10 -7.8320e-11 -1.6114e-10 -2.8232e-10 -4.4692e-10 -6.5981e-10 -9.2576e-10 -1.2495e-09 -1.6360e-09 -2.0900e-09 -2.6167e-09 -3.2212e-09 -3.9086e-09 -4.6842e-09 -5.5529e-09 -6.5195e-09 -7.5879e-09 -8.7610e-09 -1.0040e-08 -1.1424e-08 -1.2909e-08 -1.4485e-08 -1.6138e-08 -1.7846e-08 -1.9576e-08 -2.1285e-08 -2.2916e-08 -2.4397e-08 -2.5642e-08 -2.6551e-08 -2.7017e-08 -2.6933e-08 -2.6207e-08 -2.4779e-08 -2.2643e-08 -1.9869e-08 -1.6612e-08 -1.3111e-08 -9.6583e-09 -6.5528e-09 -4.0288e-09 -2.2014e-09 -1.0444e-09 -4.1823e-10 -1.3664e-10 -3.4953e-11 -6.6604e-12 -8.8994e-13 -7.7467e-14 -4.0162e-15 -1.1114e-16 -1.4351e-18 -7.3309e-21 -1.2085e-23 -4.9979e-27 -3.7928e-31 -3.5775e-36 -2.5768e-42 -7.6856e-50 -4.3869e-59 -1.8016e-70 -1.5315e-84 -5.4677e-102 -1.0517e-123 -7.6285e-151 -6.5228e-185 -6.9730e-228 -2.2943e-282 0.0000e+00 0.0000e+00 0.0000e+00 0.0000e+00 0.0000e+00 0.0000e+00 0.0000e+00 0.0000e+00 0.0000e+00 0.0000e+00 0.0000e+00 0.0000e+00 0.0000e+00 0.0000e+00 0.0000e+00 0.0000e+00 0.0000e+00 0.0000e+00 0.0000e+00 0.0000e+00 0.0000e+00 0.0000e+00 0.0000e+00 0.0000e+00 0.0000e+00 0.0000e+00 0.0000e+00 0.0000e+00 0.0000e+00 0.0000e+00 0.0000e+00 5.0113e-12 0.0000e+00 7.8320e-11 1.6114e-10 2.8232e-10 4.4692e-10 6.5981e-10 9.2576e-10 1.2495e-09 1.6360e-09 2.0900e-09 2.6167e-09 3.2212e-09 3.9086e-09 4.6842e-09 5.5529e-09 6.5195e-09 7.5879e-09 8.7610e-09 1.0040e-08 1.1424e-08 1.2909e-08 1.4485e-08 1.6138e-08 1.7846e-08 1.9576e-08 2.1285e-08 2.2916e-08 2.4397e-08 2.5642e-08 2.6551e-08 2.7017e-08 2.6933e-08 2.6207e-08 2.4779e-08 2.2643e-08 1.9869e-08 1.6612e-08 1.3111e-08 9.6583e-09 6.5528e-09 4.0288e-09 2.2014e-09 1.0444e-09 4.1823e-10 1.3664e-10 3.4953e-11 6.6604e-12 8.8994e-13 7.7467e-14 4.0162e-15 1.1114e-16 1.4351e-18 7.3309e-21 1.2085e-23 4.9979e-27 3.7928e-31 3.5775e-36 2.5768e-42 7.6856e-50 4.3869e-59 1.8016e-70 1.5315e-84 5.4677e-102 1.0517e-123 7.6284e-151 6.5227e-185 6.9729e-228 2.2943e-282 0.0000e+00 0.0000e+00 0.0000e+00 0.0000e+00 0.0000e+00 0.0000e+00 0.0000e+00 0.0000e+00 0.0000e+00 0.0000e+00 0.0000e+00 0.0000e+00 0.0000e+00 0.0000e+00 0.0000e+00 0.0000e+00 0.0000e+00 0.0000e+00 0.0000e+00 0.0000e+00 0.0000e+00 0.0000e+00 0.0000e+00 0.0000e+00 0.0000e+00 0.0000e+00 0.0000e+00 0.0000e+00 0.0000e+00 0.0000e+00 0.0000e+00
-1.3832e-11 -7.8320e-11 3.4883e-09 -4.4476e-10 -7.7923e-10 -1.2336e-09 -1.8212e-09 -2.5552e-09 -3.4489e-09 -4.5155e-09 -5.7687e-09 -7.2224e-09 -8.8908e-09 -1.0788e-08 -1.2929e-08 -1.5327e-08 -1.7995e-08 -2.0943e-08 -2.4181e-08 -2.7712e-08 -3.1532e-08 -3.5630e-08 -3.9981e-08 -4.4544e-08 -4.9257e-08 -5.4033e-08 -5.8750e-08 -6.3252e-08 -6.7340e-08 -7.0776e-08 -7.3285e-08 -7.4571e-08 -7.4339e-08 -7.2335e-08 -6.8393e-08 -6.2499e-08 -5.4842e-08 -4.5852e-08 -3.6187e-08 -2.6658e-08 -1.8086e-08 -1.1120e-08 -6.0762e-09 -2.8827e-09 -1.1544e-09 -3.7715e-10 -9.6475e-11 -1.8384e-11 -2.4564e-12 -2.1382e-13 -1.1085e-14 -3.0675e-16 -3.9610e-18 -2.0234e-20 -3.3357e-23 -1.3795e-26 -1.0469e-30 -9.8747e-36 -7.1124e-42 -2.1214e-49 -1.2109e-58 -4.9730e-70 -4.2275e-84 -1.5093e-101 -2.9030e-123 -2.1058e-150 -1.8006e-184 -1.9249e-227 -6.3338e-282 0.0000e+00 0.0000e+00 0.0000e+00 0.0000e+00 0.0000e+00 0.0000e+00 0.0000e+00 0.0000e+00 0.0000e+00 0.0000e+00 0.0000e+00 0.0000e+00 0.0000e+00 0.0000e+00 0.0000e+00 0.0000e+00 0.0000e+00 0.0000e+00 0.0000e+00 0.0000e+00 0.0000e+00 0.0000e+00 0.0000e+00 0.0000e+00 0.0000e+00 0.0000e+00 0.0000e+00 0.0000e+00 0.0000e+00 0.0000e+00 0.0000e+00 1.3832e-11 7.8320e-11 0.0000e+00 4.4476e-10 7.7923e-10 1.2336e-09 1.8212e-09 2.5552e-09 3.4489e-09 4.5155e-09 5.7687e-09 7.2224e-09 8.8908e-09 1.0788e-08 1.2929e-08 1.5327e-08 1.7995e-08 2.0943e-08 2.4181e-08 2.7712e-08 3.1532e-08 3.5630e-08 3.9981e-08 4.4544e-08 4.9257e-08 5.4033e-08 5.8750e-08 6.3252e-08 6.7340e-08 7.0776e-08 7.3285e-08 7.4571e-08 7.4339e-08 7.2335e-08 6.8393e-08 6.2499e-08 5.4842e-08 4.5852e-08 3.6187e-08 2.6658e-08 1.8086e-08 1.1120e-08 6.0762e-09 2.8827e-09 1.1544e-09 3.7714e-10 9.6475e-11 1.8384e-11 2.4563e-12 2.1382e-13 1.1085e-14 3.0675e-16 3.9610e-18 2.0234e-20 3.3357e-23 1.3795e-26 1.0469e-30 9.8745e-36 7.1122e-42 2.1213e-49 1.2108e-58 4.9727e-70 4.2272e-84 1.5091e-101 2.9027e-123 2.1055e-150 1.8004e-184 1.9246e-227 6.3325e-282 0.0000e+00 0.0000e+00 0.0000e+00 0.0000e+00 0.0000e+00 0.0000e+00 0.0000e+00 0.0000e+00 0.0000e+00 0.0000e+00 0.0000e+00 0.0000e+00 0.0000e+00 0.0000e+00 0.0000e+00 0.0000e+00 0.0000e+00 0.0000e+00 0.0000e+00 0.0000e+00 0.0000e+00 0.0000e+00 0.0000e+00 0.0000e+00 0.0000e+00 0.0000e+00 0.0000e+00 0.0000e+00 0.0000e+00 0.0000e+00 0.0000e+00
-2.8458e-11 -1.6114e-10 -4.4476e-10 1.9665e-08 -1.6032e-09 -2.5380e-09 -3.7469e-09 -5.2572e-09 -7.0959e-09 -9.2904e-09 -1.1869e-08 -1.4860e-08 -1.8292e-08 -2.2196e-08 -2.6601e-08 -3.1534e-08 -3.7023e-08 -4.3090e-08 -4.9752e-08 -5.7015e-08 -6.4875e-08 -7.3306e-08 -8.2258e-08 -9.1646e-08 -1.0134e-07 -1.1117e-07 -1.2088e-07 -1.3014e-07 -1.3855e-07 -1.4562e-07 -1.5078e-07 -1.5343e-07 -1.5295e-07 -1.4882e-07 -1.4071e-07 -1.2859e-07 -1.1283e-07 -9.4338e-08 -7.4453e-08 -5.4848e-08 -3.7212e-08 -2.2879e-08 -1.2502e-08 -5.9310e-09 -2.3751e-09 -7.7596e-10 -1.9850e-10 -3.7824e-11 -5.0539e-12 -4.3993e-13 -2.2808e-14 -6.3115e-16 -8.1500e-18 -4.1633e-20 -6.8635e-23 -2.8385e-26 -2.1541e-30 -2.0319e-35 -1.4635e-41 -4.3653e-49 -2.4918e-58 -1.0234e-69 -8.7002e-84 -3.1063e-101 -5.9753e-123 -4.3348e-150 -3.7070e-184 -3.9636e-227 -1.3045e-281 0.0000e+00 0.0000e+00 0.0000e+00 0.0000e+00 0.0000e+00 0.0000e+00 0.0000e+00 0.0000e+00 0.0000e+00 0.0000e+00 0.0000e+00 0.0000e+00 0.0000e+00 0.0000e+00 0.0000e+00 0.0000e+00 0.0000e+00 0.0000e+00 0.0000e+00 0.0000e+00 0.0000e+00 0.0000e+00 0.0000e+00 0.0000e+00 0.0000e+00 0.0000e+00 0.0000e+00 0.0000e+00 0.0000e+00 0.0000e+00 0.0000e+00 2.8458e-11 1.6114e-10 4.4476e-10 0.0000e+00 1.6032e-09 2.5380e-09 3.7469e-09 5.2572e-09 7.0959e-09 9.2904e-09 1.1869e-08 1.4860e-08 1.8292e-08 2.2196e-08 2.6601e-08 3.1534e-08 3.7023e-08 4.3090e-08 4.9752e-08 5.7015e-08 6.4875e-08 7.3306e-08 8.2258e-08 9.1646e-08 1.0134e-07 1.1117e-07 1.2088e-07 1.3014e-07 1.3855e-07 1.4562e-07 1.5078e-07 1.5343e-07 1.5295e-07 1.4882e-07 1.4071e-07 1.2859e-07 1.1283e-07 9.4337e-08 7.4453e-08 5.4848e-08 3.7212e-08 2.2879e-08 1.2501e-08 5.9310e-09 2.3751e-09 7.7595e-10 1.9849e-10 3.7823e-11 5.0538e-12 4.3992e-13 2.2807e-14 6.3112e-16 8.1496e-18 4.1631e-20 6.8630e-23 2.8382e-26 2.1538e-30 2.0316e-35 1.4633e-41 4.3645e-49 2.4912e-58 1.0231e-69 8.6972e-84 3.1050e-101 5.9722e-123 4.3320e-150 3.7041e-184 3.9598e-227 1.3029e-281 0.0000e+00 0.0000e+00 0.0000e+00 0.0000e+00 0.0000e+00 0.0000e+00 0.0000e+00 0.0000e+00 0.0000e+00 0.0000e+00 0.0000e+00 0.0000e+00 0.0000e+00 0.0000e+00 0.0000e+00 0.0000e+00 0.0000e+00 0.0000e+00 0.0000e+00 0.0000e+00 0.0000e+00 0.0000e+00 0.0000e+00 0.0000e+00 0.0000e+00 0.0000e+00 0.0000e+00 0.0000e+00 0.0000e+00 0.0000e+00 0.0000e+00
-4.9859e-11 -2.8232e-10 -7.7923e-10 -1.6032e-09 7.5344e-08 -4.4466e-09 -6.5647e-09 -9.2107e-09 -1.2432e-08 -1.6277e-08 -2.0794e-08 -2.6034e-08 -3.2048e-08 -3.8888e-08 -4.6605e-08 -5.5248e-08 -6.4865e-08 -7.5494e-08 -8.7166e-08 -9.9892e-08 -1.1366e-07 -1.2843e-07 -1.4412e-07 -1.6057e-07 -1.7756e-07 -1.9477e-07 -2.1177e-07 -2.2800e-07 -2.4274e-07 -2.5512e-07 -2.6417e-07 -2.6880e-07 -2.6797e-07 -2.6074e-07 -2.4653e-07 -2.2529e-07 -1.9769e-07 -1.6528e-07 -1.3044e-07 -9.6096e-08 -6.5197e-08 -4.0084e-08 -2.1903e-08 -1.0391e-08 -4.1613e-09 -1.3596e-09 -3.4778e-10 -6.6272e-11 -8.8551e-12 -7.7083e-13 -3.9964e-14 -1.1059e-15 -1.4281e-17 -7.2954e-20 -1.2027e-22 -4.9743e-26 -3.7751e-30 -3.5612e-35 -2.5652e-41 -7.6521e-49 -4.3685e-58 -1.7944e-69 -1.5258e-83 -5.4487e-101 -1.0484e-122 -7.6082e-150 -6.5092e-184 -6.9635e-227 -2.2933e-281 0.0000e+00 0.0000e+00 0.0000e+00 0.0000e+00 0.0000e+00 0.0000e+00 0.0000e+00 0.0000e+00 0.0000e+00 0.0000e+00 0.0000e+00 0.0000e+00 0.0000e+00 0.0000e+00 0.0000e+00 0.0000e+00 0.0000e+00 0.0000e+00 0.0000e+00 0.0000e+00 0.0000e+00 0.0000e+00 0.0000e+00 0.0000e+00 0.0000e+00 0.0000e+00 0.0000e+00 0.0000e+00 0.0000e+00 0.0000e+00 0.0000e+00 4.9859e-11 2.8232e-10 7.7923e-10 1.6032e-09 0.0000e+00 4.4466e-09 6.5647e-09 9.2107e-09 1.2432e-08 1.6277e-08 2.0794e-08 2.6034e-08 3.2048e-08 3.8888e-08 4.6605e-08 5.5248e-08 6.4865e-08 7.5494e-08 8.7166e-08 9.9892e-08 1.1366e-07 1.2843e-07 1.4412e-07 1.6057e-07 1.7756e-07 1.9477e-07 2.1177e-07 2.2800e-07 2.4274e-07 2.5512e-07 2.6417e-07 2.6880e-07 2.6797e-07 2.6074e-07 2.4653e-07 2.2529e-07 1.9769e-07 1.6528e-07 1.3044e-07 9.6094e-08 6.5196e-08 4.0084e-08 2.1903e-08 1.0391e-08 4.1611e-09 1.3595e-09 3.4776e-10 6.6267e-11 8.8543e-12 7.7074e-13 3.9959e-14 1.1057e-15 1.4278e-17 7.2937e-20 1.2024e-22 4.9726e-26 3.7736e-30 3.5594e-35 2.5637e-41 7.6466e-49 4.3646e-58 1.7925e-69 1.5238e-83 5.4400e-101 1.0463e-122 7.5898e-150 6.4897e-184 6.9376e-227 2.2826e-281 0.0000e+00 0.0000e+00 0.0000e+00 0.0000e+00 0.0000e+00 0.0000e+00 0.0000e+00 0.0000e+00 0.0000e+00 0.0000e+00 0.0000e+00 0.0000e+00 0.0000e+00 0.0000e+00 0.0000e+00 0.0000e+00 0.0000e+00 0.0000e+00 0.0000e+00 0.0000e+00 0.0000e+00 0.0000e+00 0.0000e+00 0.0000e+00 0.0000e+00 0.0000e+00 0.0000e+00 0.0000e+00 0.0000e+00 0.0000e+00 0.0000e+00
-7.8929e-11 -4.4692e-10 -1.2336e-09 -2.5380e-09 -4.4466e-09 2.2618e-07 -1.0392e-08 -1.4581e-08 -1.9681e-08 -2.5767e-08 -3.2919e-08 -4.1214e-08 -5.0734e-08 -6.1562e-08 -7.3778e-08 -8.7461e-08 -1.0268e-07 -1.1951e-07 -1.3799e-07 -1.5813e-07 -1.7993e-07 -2.0332e-07 -2.2814e-07 -2.5418e-07 -2.8108e-07 -3.0833e-07 -3.3525e-07 -3.6094e-07 -3.8427e-07 -4.0387e-07 -4.1819e-07 -4.2553e-07 -4.2421e-07 -4.1278e-07 -3.9028e-07 -3.5665e-07 -3.1296e-07 -2.6166e-07 -2.0650e-07 -1.5213e-07 -1.0321e-07 -6.3459e-08 -3.4676e-08 -1.6451e-08 -6.5881e-09 -2.1525e-09 -5.5063e-10 -1.0493e-10 -1.4021e-11 -1.2205e-12 -6.3282e-14 -1.7513e-15 -2.2616e-17 -1.1554e-19 -1.9051e-22 -7.8798e-26 -5.9810e-30 -5.6430e-35 -4.0657e-41 -1.2131e-48 -6.9277e-58 -2.8467e-69 -2.4217e-83 -8.6532e-101 -1.6662e-122 -1.2103e-149 -1.0366e-183 -1.1106e-226 -3.6640e-281 0.0000e+00 0.0000e+00 0.0000e+00 0.0000e+00 0.0000e+00 0.0000e+00 0.0000e+00 0.0000e+00 0.0000e+00 0.0000e+00 0.0000e+00 0.0000e+00 0.0000e+00 0.0000e+00 0.0000e+00 0.0000e+00 0.0000e+00 0.0000e+00 0.0000e+00 0.0000e+00 0.0000e+00 0.0000e+00 0.0000e+00 0.0000e+00 0.0000e+00 0.0000e+00 0.0000e+00 0.0000e+00 0.0000e+00 0.0000e+00 0.0000e+00 7.8929e-11 4.4692e-10 1.2336e-09 2.5380e-09 4.4466e-09 0.0000e+00 1.0392e-08 1.4581e-08 1.9681e-08 2.5767e-08 3.2919e-08 4.1214e-08 5.0734e-08 6.1562e-08 7.3778e-08 8.7461e-08 1.0268e-07 1.1951e-07 1.3799e-07 1.5813e-07 1.7993e-07 2.0332e-07 2.2814e-07 2.5418e-07 2.8108e-07 3.0833e-07 3.3525e-07 3.6094e-07 3.8427e-07 4.0387e-07 4.1819e-07 4.2553e-07 4.2421e-07 4.1277e-07 3.9028e-07 3.5664e-07 3.1295e-07 2.6165e-07 2.0650e-07 1.5212e-07 1.0321e-07 6.3454e-08 3.4673e-08 1.6450e-08 6.5873e-09 2.1521e-09 5.5052e-10 1.0490e-10 1.4017e-11 1.2201e-12 6.3257e-14 1.7504e-15 2.2603e-17 1.1546e-19 1.9035e-22 7.8719e-26 5.9737e-30 5.6347e-35 4.0585e-41 1.2105e-48 6.9095e-58 2.8376e-69 2.4122e-83 8.6117e-101 1.6564e-122 1.2015e-149 1.0274e-183 1.0983e-226 3.6135e-281 0.0000e+00 0.0000e+00 0.0000e+00 0.0000e+00 0.0000e+00 0.0000e+00 0.0000e+00 0.0000e+00 0.0000e+00 0.0000e+00 0.0000e+00 0.0000e+00 0.0000e+00 0.0000e+00 0.0000e+00 0.0000e+00 0.0000e+00 0.0000e+00 0.0000e+00 0.0000e+00 0.0000e+00 0.0000e+00 0.0000e+00 0.0000e+00 0.0000e+00 0.0000e+00 0.0000e+00 0.0000e+00 0.0000e+00 0.0000e+00 0.0000e+00
-1.1653e-10 -6.5981e-10 -1.8212e-09 -3.7469e-09 -6.5647e-09 -1.0392e-08 5.7396e-07 -2.1527e-08 -2.9055e-08 -3.8041e-08 -4.8599e-08 -6.0846e-08 -7.4902e-08 -9.0886e-08 -1.0892e-07 -1.2912e-07 -1.5160e-07 -1.7644e-07 -2.0372e-07 -2.3346e-07 -2.6564e-07 -3.0017e-07 -3.3682e-07 -3.7526e-07 -4.1498e-07 -4.5521e-07 -4.9495e-07 -5.3287e-07 -5.6732e-07 -5.9626e-07 -6.1741e-07 -6.2825e-07 -6.2630e-07 -6.0941e-07 -5.7621e-07 -5.2655e-07 -4.6205e-07 -3.8631e-07 -3.0489e-07 -2.2461e-07 -1.5239e-07 -9.3698e-08 -5.1201e-08 -2.4292e-08 -9.7283e-09 -3.1785e-09 -8.1315e-10 -1.5496e-10 -2.0708e-11 -1.8028e-12 -9.3482e-14 -2.5874e-15 -3.3418e-17 -1.7076e-19 -2.8161e-22 -1.1651e-25 -8.8465e-30 -8.3499e-35 -6.0189e-41 -1.7970e-48 -1.0269e-57 -4.2235e-69 -3.5968e-83 -1.2869e-100 -2.4822e-122 -1.8067e-149 -1.5515e-183 -1.6676e-226 -5.5246e-281 0.0000e+00 0.0000e+00 0.0000e+00 0.0000e+00 0.0000e+00 0.0000e+00 0.0000e+00 0.0000e+00 0.0000e+00 0.0000e+00 0.0000e+00 0.0000e+00 0.0000e+00 0.0000e+00 0.0000e+00 0.0000e+00 0.0000e+00 0.0000e+00 0.0000e+00 0.0000e+00 0.0000e+00 0.0000e+00 0.0000e+00 0.0000e+00 0.0000e+00 0.0000e+00 0.0000e+00 0.0000e+00 0.0000e+00 0.0000e+00 0.0000e+00 1.1653e-10 6.5981e-10 1.8212e-09 3.7469e-09 6.5647e-09 1.0392e-08 0.0000e+00 2.1527e-08 2.9055e-08 3.8041e-08 4.8599e-08 6.0846e-08 7.4902e-08 9.0886e-08 1.0892e-07 1.2912e-07 1.5160e-07 1.7644e-07 2.0372e-07 2.3346e-07 2.6564e-07 3.0017e-07 3.3682e-07 3.7526e-07 4.1497e-07 4.5521e-07 4.9495e-07 5.3287e-07 5.6731e-07 5.9626e-07 6.1740e-07 6.2823e-07 6.2628e-07 6.0939e-07 5.7618e-07 5.2652e-07 4.6202e-07 3.8628e-07 3.0486e-07 2.2458e-07 1.5237e-07 9.3681e-08 5.1190e-08 2.4285e-08 9.7251e-09 3.1773e-09 8.1276e-10 1.5487e-10 2.0694e-11 1.8013e-12 9.3389e-14 2.5842e-15 3.3370e-17 1.7046e-19 2.8102e-22 1.1622e-25 8.8193e-30 8.3188e-35 5.9917e-41 1.7871e-48 1.0201e-57 4.1893e-69 3.5612e-83 1.2714e-100 2.4454e-122 1.7738e-149 1.5167e-183 1.6214e-226 5.3348e-281 0.0000e+00 0.0000e+00 0.0000e+00 0.0000e+00 0.0000e+00 0.0000e+00 0.0000e+00 0.0000e+00 0.0000e+00 0.0000e+00 0.0000e+00 0.0000e+00 0.0000e+00 0.0000e+00 0.0000e+00 0.0000e+00 0.0000e+00 0.0000e+00 0.0000e+00 0.0000e+00 0.0000e+00 0.0000e+00 0.0000e+00 0.0000e+00 0.0000e+00 0.0000e+00 0.0000e+00 0.0000e+00 0.0000e+00 0.0000e+00 0.0000e+00
-1.6349e-10 -9.2576e-10 -2.5552e-09 -5.2572e-09 -9.2107e-09 -1.4581e-08 -2.1527e-08 1.2883e-06 -4.0767e-08 -5.3374e-08 -6.8188e-08 -8.5371e-08 -1.0509e-07 -1.2752e-07 -1.5282e-07 -1.8117e-07 -2.1270e-07 -2.4756e-07 -2.8583e-07 -3.2756e-07 -3.7272e-07 -4.2115e-07 -4.7258e-07 -5.2652e-07 -5.8224e-07 -6.3869e-07 -6.9445e-07 -7.4767e-07 -7.9599e-07 -8.3661e-07 -8.6628e-07 -8.8150e-07 -8.7877e-07 -8.5508e-07 -8.0850e-07 -7.3884e-07 -6.4834e-07 -5.4208e-07 -4.2784e-07 -3.1519e-07 -2.1386e-07 -1.3149e-07 -7.1858e-08 -3.4095e-08 -1.3655e-08 -4.4619e-09 -1.1416e-09 -2.1758e-10 -2.9079e-11 -2.5321e-12 -1.3132e-13 -3.6357e-15 -4.6973e-17 -2.4011e-19 -3.9616e-22 -1.6399e-25 -1.2460e-29 -1.1770e-34 -8.4924e-41 -2.5385e-48 -1.4528e-57 -5.9858e-69 -5.1088e-83 -1.8329e-100 -3.5472e-122 -2.5928e-149 -2.2382e-183 -2.4213e-226 -8.0869e-281 0.0000e+00 0.0000e+00 0.0000e+00 0.0000e+00 0.0000e+00 0.0000e+00 0.0000e+00 0.0000e+00 0.0000e+00 0.0000e+00 0.0000e+00 0.0000e+00 0.0000e+00 0.0000e+00 0.0000e+00 0.0000e+00 0.0000e+00 0.0000e+00 0.0000e+00 0.0000e+00 0.0000e+00 0.0000e+00 0.0000e+00 0.0000e+00 0.0000e+00 0.0000e+00 0.0000e+00 0.0000e+00 0.0000e+00 0.0000e+00 0.0000e+00 1.6349e-10 9.2576e-10 2.5552e-09 5.2572e-09 9.2107e-09 1.4581e-08 2.1527e-08 0.0000e+00 4.0767e-08 5.3374e-08 6.8188e-08 8.5371e-08 1.0509e-07 1.2752e-07 1.5282e-07 1.8117e-07 2.1270e-07 2.4756e-07 2.8583e-07 3.2756e-07 3.7272e-07 4.2115e-07 4.7258e-07 5.2652e-07 5.8224e-07 6.3868e-07 6.9444e-07 7.4765e-07 7.9597e-07 8.3659e-07 8.6625e-07 8.8145e-07 8.7871e-07 8.5501e-07 8.0842e-07 7.3875e-07 6.4824e-07 5.4198e-07 4.2774e-07 3.1511e-07 2.1379e-07 1.3144e-07 7.1822e-08 3.4074e-08 1.3645e-08 4.4579e-09 1.1404e-09 2.1730e-10 2.9035e-11 2.5274e-12 1.3103e-13 3.6259e-15 4.6820e-17 2.3917e-19 3.9429e-22 1.6306e-25 1.2374e-29 1.1672e-34 8.4068e-41 2.5074e-48 1.4312e-57 5.8779e-69 4.9966e-83 1.7838e-100 3.4311e-122 2.4888e-149 2.1280e-183 2.2748e-226 7.4846e-281 0.0000e+00 0.0000e+00 0.0000e+00 0.0000e+00 0.0000e+00 0.0000e+00 0.0000e+00 0.0000e+00 0.0000e+00 0.0000e+00 0.0000e+00 0.0000e+00 0.0000e+00 0.0000e+00 0.0000e+00 0.0000e+00 0.0000e+00 0.0000e+00 0.0000e+00 0.0000e+00 0.0000e+00 0.0000e+00 0.0000e+00 0.0000e+00 0.0000e+00 0.0000e+00 0.0000e+00 0.0000e+00 0.0000e+00 0.0000e+00 0.0000e+00
-2.2068e-10 -1.2495e-09 -3.4489e-09 -7.0959e-09 -1.2432e-08 -1.9681e-08 -2.9055e-08 -4.0767e-08 2.6334e-06 -7.2042e-08 -9.2036e-08 -1.1523e-07 -1.4185e-07 -1.7212e-07 -2.0627e-07 -2.4453e-07 -2.8709e-07 -3.3414e-07 -3.8580e-07 -4.4212e-07 -5.0307e-07 -5.6845e-07 -6.3787e-07 -7.1068e-07 -7.8588e-07 -8.6208e-07 -9.3735e-07 -1.0092e-06 -1.0744e-06 -1.1293e-06 -1.1693e-06 -1.1899e-06 -1.1862e-06 -1.1542e-06 -1.0914e-06 -9.9737e-07 -8.7523e-07 -7.3181e-07 -5.7761e-07 -4.2555e-07 -2.8876e-07 -1.7756e-07 -9.7041e-08 -4.6048e-08 -1.8445e-08 -6.0279e-09 -1.5425e-09 -2.9407e-10 -3.9313e-11 -3.4243e-12 -1.7767e-13 -4.9210e-15 -6.3616e-17 -3.2542e-19 -5.3735e-22 -2.2267e-25 -1.6939e-29 -1.6025e-34 -1.1584e-40 -3.4701e-48 -1.9914e-57 -8.2323e-69 -7.0548e-83 -2.5438e-100 -4.9533e-122 -3.6480e-149 -3.1786e-183 -3.4786e-226 -1.1785e-280 0.0000e+00 0.0000e+00 0.0000e+00 0.0000e+00 0.0000e+00 0.0000e+00 0.0000e+00 0.0000e+00 0.0000e+00 0.0000e+00 0.0000e+00 0.0000e+00 0.0000e+00 0.0000e+00 0.0000e+00 0.0000e+00 0.0000e+00 0.0000e+00 0.0000e+00 0.0000e+00 0.0000e+00 0.0000e+00 0.0000e+00 0.0000e+00 0.0000e+00 0.0000e+00 0.0000e+00 0.0000e+00 0.0000e+00 0.0000e+00 0.0000e+00 2.2068e-10 1.2495e-09 3.4489e-09 7.0959e-09 1.2432e-08 1.9681e-08 2.9055e-08 4.0767e-08 0.0000e+00 7.2042e-08 9.2036e-08 1.1523e-07 1.4185e-07 1.7212e-07 2.0627e-07 2.4453e-07 2.8709e-07 3.3414e-07 3.8580e-07 4.4212e-07 5.0307e-07 5.6845e-07 6.3786e-07 7.1067e-07 7.8587e-07 8.6206e-07 9.3732e-07 1.0091e-06 1.0744e-06 1.1292e-06 1.1692e-06 1.1897e-06 1.1860e-06 1.1541e-06 1.0912e-06 9.9712e-07 8.7496e-07 7.3153e-07 5.7734e-07 4.2531e-07 2.8856e-07 1.7741e-07 9.6942e-08 4.5991e-08 1.8417e-08 6.0171e-09 1.5392e-09 2.9330e-10 3.9189e-11 3.4113e-12 1.7686e-13 4.8940e-15 6.3195e-17 3.2282e-19 5.3219e-22 2.2009e-25 1.6702e-29 1.5754e-34 1.1347e-40 3.3844e-48 1.9318e-57 7.9335e-69 6.7441e-83 2.4077e-100 4.6309e-122 3.3590e-149 2.8720e-183 3.0700e-226 1.0100e-280 0.0000e+00 0.0000e+00 0.0000e+00 0.0000e+00 0.0000e+00 0.0000e+00 0.0000e+00 0.0000e+00 0.0000e+00 0.0000e+00 0.0000e+00 0.0000e+00 0.0000e+00 0.0000e+00 0.0000e+00 0.0000e+00 0.0000e+00 0.0000e+00 0.0000e+00 0.0000e+00 0.0000e+00 0.0000e+00 0.0000e+00 0.0000e+00 0.0000e+00 0.0000e+00 0.0000e+00 0.0000e+00 0.0000e+00 0.0000e+00 0.0000e+00
-2.8892e-10 -1.6360e-09 -4.5155e-09 -9.2904e-09 -1.6277e-08 -2.5767e-08 -3.8041e-08 -5.3374e-08 -7.2042e-08 5.0015e-06 -1.2050e-07 -1.5087e-07 -1.8572e-07 -2.2535e-07 -2.7007e-07 -3.2016e-07 -3.7588e-07 -4.3748e-07 -5.0512e-07 -5.7886e-07 -6.5866e-07 -7.4426e-07 -8.3515e-07 -9.3048e-07 -1.0290e-06 -1.1287e-06 -1.2273e-06 -1.3213e-06 -1.4068e-06 -1.4786e-06 -1.5311e-06 -1.5580e-06 -1.5532e-06 -1.5114e-06 -1.4292e-06 -1.3061e-06 -1.1462e-06 -9.5847e-07 -7.5656e-07 -5.5745e-07 -3.7829e-07 -2.3265e-07 -1.2717e-07 -6.0356e-08 -2.4181e-08 -7.9049e-09 -2.0235e-09 -3.8592e-10 -5.1617e-11 -4.4986e-12 -2.3357e-13 -6.4749e-15 -8.3788e-17 -4.2912e-19 -7.0964e-22 -2.9458e-25 -2.2458e-29 -2.1301e-34 -1.5446e-40 -4.6451e-48 -2.6781e-57 -1.1134e-68 -9.6074e-83 -3.4934e-100 -6.8723e-122 -5.1248e-149 -4.5336e-183 -5.0535e-226 -1.7505e-280 0.0000e+00 0.0000e+00 0.0000e+00 0.0000e+00 0.0000e+00 0.0000e+00 0.0000e+00 0.0000e+00 0.0000e+00 0.0000e+00 0.0000e+00 0.0000e+00 0.0000e+00 0.0000e+00 0.0000e+00 0.0000e+00 0.0000e+00 0.0000e+00 0.0000e+00 0.0000e+00 0.0000e+00 0.0000e+00 0.0000e+00 0.0000e+00 0.0000e+00 0.0000e+00 0.0000e+00 0.0000e+00 0.0000e+00 0.0000e+00 0.0000e+00 2.8892e-10 1.6360e-09 4.5155e-09 9.2904e-09 1.6277e-08 2.5767e-08 3.8041e-08 5.3374e-08 7.2042e-08 0.0000e+00 1.2050e-07 1.5087e-07 1.8572e-07 2.2535e-07 2.7007e-07 3.2015e-07 3.7588e-07 4.3748e-07 5.0511e-07 5.7886e-07 6.5865e-07 7.4425e-07 8.3514e-07 9.3045e-07 1.0289e-06 1.1287e-06 1.2272e-06 1.3212e-06 1.4066e-06 1.4784e-06 1.5308e-06 1.5577e-06 1.5528e-06 1.5110e-06 1.4286e-06 1.3055e-06 1.1456e-06 9.5778e-07 7.5589e-07 5.5685e-07 3.7780e-07 2.3228e-07 1.2692e-07 6.0215e-08 2.4113e-08 7.8780e-09 2.0152e-09 3.8401e-10 5.1309e-11 4.4663e-12 2.3155e-13 6.4075e-15 8.2739e-17 4.2266e-19 6.9678e-22 2.8815e-25 2.1867e-29 2.0626e-34 1.4856e-40 4.4310e-48 2.5292e-57 1.0387e-68 8.8293e-83 3.1520e-100 6.0623e-122 4.3970e-149 3.7591e-183 4.0176e-226 1.3214e-280 0.0000e+00 0.0000e+00 0.0000e+00 0.0000e+00 0.0000e+00 0.0000e+00 0.0000e+00 0.0000e+00 0.0000e+00 0.0000e+00 0.0000e+00 0.0000e+00 0.0000e+00 0.0000e+00 0.0000e+00 0.0000e+00 0.0000e+00 0.0000e+00 0.0000e+00 0.0000e+00 0.0000e+00 0.0000e+00 0.0000e+00 0.0000e+00 0.0000e+00 0.0000e+00 0.0000e+00 0.0000e+00 0.0000e+00 0.0000e+00 0.0000e+00
-3.6911e-10 -2.0900e-09 -5.7687e-09 -1.1869e-08 -2.0794e-08 -3.2919e-08 -4.8599e-08 -6.8188e-08 -9.2036e-08 -1.2050e-07 8.9520e-06 -1.9274e-07 -2.3726e-07 -2.8789e-07 -3.4502e-07 -4.0901e-07 -4.8020e-07 -5.5890e-07 -6.4531e-07 -7.3952e-07 -8.4147e-07 -9.5083e-07 -1.0670e-06 -1.1887e-06 -1.3146e-06 -1.4420e-06 -1.5680e-06 -1.6882e-06 -1.7973e-06 -1.8891e-06 -1.9562e-06 -1.9907e-06 -1.9847e-06 -1.9314e-06 -1.8264e-06 -1.6693e-06 -1.4650e-06 -1.2252e-06 -9.6720e-07 -7.1277e-07 -4.8378e-07 -2.9759e-07 -1.6271e-07 -7.7249e-08 -3.0961e-08 -1.0126e-08 -2.5935e-09 -4.9495e-10 -6.6254e-11 -5.7798e-12 -3.0044e-13 -8.3400e-15 -1.0810e-16 -5.5477e-19 -9.1964e-22 -3.8287e-25 -2.9291e-29 -2.7900e-34 -2.0335e-40 -6.1530e-48 -3.5739e-57 -1.4992e-68 -1.3077e-82 -4.8173e-100 -9.6258e-122 -7.3134e-149 -6.6153e-183 -7.5711e-226 -2.7054e-280 0.0000e+00 0.0000e+00 0.0000e+00 0.0000e+00 0.0000e+00 0.0000e+00 0.0000e+00 0.0000e+00 0.0000e+00 0.0000e+00 0.0000e+00 0.0000e+00 0.0000e+00 0.0000e+00 0.0000e+00 0.0000e+00 0.0000e+00 0.0000e+00 0.0000e+00 0.0000e+00 0.0000e+00 0.0000e+00 0.0000e+00 0.0000e+00 0.0000e+00 0.0000e+00 0.0000e+00 0.0000e+00 0.0000e+00 0.0000e+00 0.0000e+00 3.6911e-10 2.0900e-09 5.7687e-09 1.1869e-08 2.0794e-08 3.2919e-08 4.8599e-08 6.8188e-08 9.2036e-08 1.2050e-07 0.0000e+00 1.9274e-07 2.3726e-07 2.8789e-07 3.4502e-07 4.0901e-07 4.8020e-07 5.5889e-07 6.4530e-07 7.3951e-07 8.4145e-07 9.5081e-07 1.0669e-06 1.1887e-06 1.3145e-06 1.4419e-06 1.5678e-06 1.6879e-06 1.7970e-06 1.8887e-06 1.9557e-06 1.9900e-06 1.9838e-06 1.9303e-06 1.8251e-06 1.6678e-06 1.4635e-06 1.2236e-06 9.6568e-07 7.1140e-07 4.8265e-07 2.9674e-07 1.6215e-07 7.6927e-08 3.0805e-08 1.0064e-08 2.5745e-09 4.9058e-10 6.5549e-11 5.7059e-12 2.9582e-13 8.1858e-15 1.0570e-16 5.3996e-19 8.9015e-22 3.6812e-25 2.7935e-29 2.6350e-34 1.8978e-40 5.6605e-48 3.2308e-57 1.3268e-68 1.1278e-82 4.0257e-100 7.7417e-122 5.6139e-149 4.7979e-183 5.1252e-226 1.6843e-280 0.0000e+00 0.0000e+00 0.0000e+00 0.0000e+00 0.0000e+00 0.0000e+00 0.0000e+00 0.0000e+00 0.0000e+00 0.0000e+00 0.0000e+00 0.0000e+00 0.0000e+00 0.0000e+00 0.0000e+00 0.0000e+00 0.0000e+00 0.0000e+00 0.0000e+00 0.0000e+00 0.0000e+00 0.0000e+00 0.0000e+00 0.0000e+00 0.0000e+00 0.0000e+00 0.0000e+00 0.0000e+00 0.0000e+00 0.0000e+00 0.0000e+00
-4.6212e-10 -2.6167e-09 -7.2224e-09 -1.4860e-08 -2.6034e-08 -4.1214e-08 -6.0846e-08 -8.5371e-08 -1.1523e-07 -1.5087e-07 -1.9274e-07 1.5260e-05 -2.9705e-07 -3.6044e-07 -4.3197e-07 -5.1208e-07 -6.0122e-07 -6.9974e-07 -8.0793e-07 -9.2589e-07 -1.0535e-06 -1.1905e-06 -1.3359e-06 -1.4884e-06 -1.6459e-06 -1.8055e-06 -1.9633e-06 -2.1138e-06 -2.2506e-06 -2.3656e-06 -2.4497e-06 -2.4930e-06 -2.4856e-06 -2.4191e-06 -2.2878e-06 -2.0912e-06 -1.8356e-06 -1.5353e-06 -1.2123e-06 -8.9360e-07 -6.0670e-07 -3.7333e-07 -2.0421e-07 -9.6999e-08 -3.8901e-08 -1.2732e-08 -3.2639e-09 -6.2354e-10 -8.3572e-11 -7.3017e-12 -3.8024e-13 -1.0578e-14 -1.3748e-16 -7.0773e-19 -1.1776e-21 -4.9250e-25 -3.7882e-29 -3.6319e-34 -2.6678e-40 -8.1476e-48 -4.7853e-57 -2.0341e-68 -1.8024e-82 -6.7638e-100 -1.3813e-121 -1.0767e-148 -1.0032e-182 -1.1882e-225 -4.4156e-280 0.0000e+00 0.0000e+00 0.0000e+00 0.0000e+00 0.0000e+00 0.0000e+00 0.0000e+00 0.0000e+00 0.0000e+00 0.0000e+00 0.0000e+00 0.0000e+00 0.0000e+00 0.0000e+00 0.0000e+00 0.0000e+00 0.0000e+00 0.0000e+00 0.0000e+00 0.0000e+00 0.0000e+00 0.0000e+00 0.0000e+00 0.0000e+00 0.0000e+00 0.0000e+00 0.0000e+00 0.0000e+00 0.0000e+00 0.0000e+00 0.0000e+00 4.6212e-10 2.6167e-09 7.2224e-09 1.4860e-08 2.6034e-08 4.1214e-08 6.0846e-08 8.5371e-08 1.1523e-07 1.5087e-07 1.9274e-07 0.0000e+00 2.9705e-07 3.6044e-07 4.3196e-07 5.1208e-07 6.0121e-07 6.9973e-07 8.0791e-07 9.2587e-07 1.0535e-06 1.1904e-06 1.3358e-06 1.4882e-06 1.6457e-06 1.8053e-06 1.9629e-06 2.1133e-06 2.2499e-06 2.3647e-06 2.4485e-06 2.4915e-06 2.4837e-06 2.4167e-06 2.2850e-06 2.0881e-06 1.8323e-06 1.5319e-06 1.2090e-06 8.9067e-07 6.0428e-07 3.7152e-07 2.0301e-07 9.6312e-08 3.8568e-08 1.2601e-08 3.2233e-09 6.1421e-10 8.2068e-11 7.1437e-12 3.7036e-13 1.0249e-14 1.3234e-16 6.7602e-19 1.1144e-21 4.6087e-25 3.4973e-29 3.2988e-34 2.3759e-40 7.0858e-48 4.0441e-57 1.6606e-68 1.4113e-82 5.0365e-100 9.6817e-122 7.0164e-149 5.9910e-183 6.3901e-226 2.0950e-280 0.0000e+00 0.0000e+00 0.0000e+00 0.0000e+00 0.0000e+00 0.0000e+00 0.0000e+00 0.0000e+00 0.0000e+00 0.0000e+00 0.0000e+00 0.0000e+00 0.0000e+00 0.0000e+00 0.0000e+00 0.0000e+00 0.0000e+00 0.0000e+00 0.0000e+00 0.0000e+00 0.0000e+00 0.0000e+00 0.0000e+00 0.0000e+00 0.0000e+00 0.0000e+00 0.0000e+00 0.0000e+00 0.0000e+00 0.0000e+00 0.0000e+00
-5.6888e-10 -3.2212e-09 -8.8908e-09 -1.8292e-08 -3.2048e-08 -5.0734e-08 -7.4902e-08 -1.0509e-07 -1.4185e-07 -1.8572e-07 -2.3726e-07 -2.9705e-07 2.4973e-05 -4.4371e-07 -5.3175e-07 -6.3038e-07 -7.4010e-07 -8.6139e-07 -9.9457e-07 -1.1398e-06 -1.2969e-06 -1.4655e-06 -1.6445e-06 -1.8323e-06 -2.0263e-06 -2.2228e-06 -2.4171e-06 -2.6025e-06 -2.7710e-06 -2.9128e-06 -3.0165e-06 -3.0701e-06 -3.0613e-06 -2.9797e-06 -2.8184e-06 -2.5766e-06 -2.2622e-06 -1.8926e-06 -1.4949e-06 -1.1023e-06 -7.4874e-07 -4.6098e-07 -2.5232e-07 -1.1995e-07 -4.8149e-08 -1.5776e-08 -4.0498e-09 -7.7492e-10 -1.0406e-10 -9.1129e-12 -4.7586e-13 -1.3282e-14 -1.7330e-16 -8.9634e-19 -1.4999e-21 -6.3146e-25 -4.8958e-29 -4.7383e-34 -3.5195e-40 -1.0892e-47 -6.4969e-57 -2.8122e-68 -2.5451e-82 -9.7875e-100 -2.0559e-121 -1.6547e-148 -1.5989e-182 -1.9727e-225 -7.6744e-280 0.0000e+00 0.0000e+00 0.0000e+00 0.0000e+00 0.0000e+00 0.0000e+00 0.0000e+00 0.0000e+00 0.0000e+00 0.0000e+00 0.0000e+00 0.0000e+00 0.0000e+00 0.0000e+00 0.0000e+00 0.0000e+00 0.0000e+00 0.0000e+00 0.0000e+00 0.0000e+00 0.0000e+00 0.0000e+00 0.0000e+00 0.0000e+00 0.0000e+00 0.0000e+00 0.0000e+00 0.0000e+00 0.0000e+00 0.0000e+00 0.0000e+00 5.6888e-10 3.2212e-09 8.8908e-09 1.8292e-08 3.2048e-08 5.0734e-08 7.4902e-08 1.0509e-07 1.4185e-07 1.8572e-07 2.3726e-07 2.9705e-07 0.0000e+00 4.4370e-07 5.3175e-07 6.3037e-07 7.4009e-07 8.6137e-07 9.9454e-07 1.1397e-06 1.2969e-06 1.4654e-06 1.6443e-06 1.8320e-06 2.0259e-06 2.2223e-06 2.4163e-06 2.6014e-06 2.7696e-06 2.9109e-06 3.0141e-06 3.0670e-06 3.0575e-06 2.9750e-06 2.8129e-06 2.5705e-06 2.2556e-06 1.8858e-06 1.4883e-06 1.0964e-06 7.4387e-07 4.5734e-07 2.4991e-07 1.1856e-07 4.7477e-08 1.5511e-08 3.9679e-09 7.5608e-10 1.0102e-10 8.7939e-12 4.5591e-13 1.2616e-14 1.6290e-16 8.3215e-19 1.3718e-21 5.6729e-25 4.3047e-29 4.0601e-34 2.9239e-40 8.7193e-48 4.9755e-57 2.0425e-68 1.7351e-82 6.1880e-100 1.1883e-121 8.5982e-149 7.3230e-183 7.7791e-226 2.5333e-280 0.0000e+00 0.0000e+00 0.0000e+00 0.0000e+00 0.0000e+00 0.0000e+00 0.0000e+00 0.0000e+00 0.0000e+00 0.0000e+00 0.0000e+00 0.0000e+00 0.0000e+00 0.0000e+00 0.0000e+00 0.0000e+00 0.0000e+00 0.0000e+00 0.0000e+00 0.0000e+00 0.0000e+00 0.0000e+00 0.0000e+00 0.0000e+00 0.0000e+00 0.0000e+00 0.0000e+00 0.0000e+00 0.0000e+00 0.0000e+00 0.0000e+00
-6.9028e-10 -3.9086e-09 -1.0788e-08 -2.2196e-08 -3.8888e-08 -6.1562e-08 -9.0886e-08 -1.2752e-07 -1.7212e-07 -2.2535e-07 -2.8789e-07 -3.6044e-07 -4.4371e-07 3.9480e-05 -6.4524e-07 -7.6491e-07 -8.9806e-07 -1.0452e-06 -1.2068e-06 -1.3831e-06 -1.5738e-06 -1.7784e-06 -1.9956e-06 -2.2235e-06 -2.4590e-06 -2.6976e-06 -2.9334e-06 -3.1586e-06 -3.3634e-06 -3.5357e-06 -3.6620e-06 -3.7275e-06 -3.7174e-06 -3.6189e-06 -3.4237e-06 -3.1309e-06 -2.7497e-06 -2.3013e-06 -1.8186e-06 -1.3417e-06 -9.1198e-07 -5.6194e-07 -3.0787e-07 -1.4652e-07 -5.8899e-08 -1.9331e-08 -4.9720e-09 -9.5365e-10 -1.2843e-10 -1.1284e-11 -5.9163e-13 -1.6593e-14 -2.1772e-16 -1.1337e-18 -1.9122e-21 -8.1264e-25 -6.3705e-29 -6.2458e-34 -4.7100e-40 -1.4834e-47 -9.0296e-57 -4.0005e-68 -3.7177e-82 -1.4732e-99 -3.2005e-121 -2.6746e-148 -2.6946e-182 -3.4817e-225 -1.4254e-279 0.0000e+00 0.0000e+00 0.0000e+00 0.0000e+00 0.0000e+00 0.0000e+00 0.0000e+00 0.0000e+00 0.0000e+00 0.0000e+00 0.0000e+00 0.0000e+00 0.0000e+00 0.0000e+00 0.0000e+00 0.0000e+00 0.0000e+00 0.0000e+00 0.0000e+00 0.0000e+00 0.0000e+00 0.0000e+00 0.0000e+00 0.0000e+00 0.0000e+00 0.0000e+00 0.0000e+00 0.0000e+00 0.0000e+00 0.0000e+00 0.0000e+00 6.9028e-10 3.9086e-09 1.0788e-08 2.2196e-08 3.8888e-08 6.1562e-08 9.0886e-08 1.2752e-07 1.7212e-07 2.2535e-07 2.8789e-07 3.6044e-07 4.4370e-07 0.0000e+00 6.4523e-07 7.6490e-07 8.9804e-07 1.0452e-06 1.2068e-06 1.3830e-06 1.5736e-06 1.7781e-06 1.9953e-06 2.2230e-06 2.4582e-06 2.6966e-06 2.9320e-06 3.1566e-06 3.3606e-06 3.5321e-06 3.6573e-06 3.7215e-06 3.7100e-06 3.6099e-06 3.4132e-06 3.1190e-06 2.7369e-06 2.2883e-06 1.8059e-06 1.3304e-06 9.0262e-07 5.5495e-07 3.0324e-07 1.4386e-07 5.7610e-08 1.8822e-08 4.8146e-09 9.1743e-10 1.2258e-10 1.0670e-11 5.5319e-13 1.5307e-14 1.9766e-16 1.0096e-18 1.6643e-21 6.8822e-25 5.2219e-29 4.9245e-34 3.5457e-40 1.0570e-47 6.0290e-57 2.4732e-68 2.0988e-82 7.4730e-100 1.4314e-121 1.0315e-148 8.7279e-183 9.1709e-226 2.9312e-280 0.0000e+00 0.0000e+00 0.0000e+00 0.0000e+00 0.0000e+00 0.0000e+00 0.0000e+00 0.0000e+00 0.0000e+00 0.0000e+00 0.0000e+00 0.0000e+00 0.0000e+00 0.0000e+00 0.0000e+00 0.0000e+00 0.0000e+00 0.0000e+00 0.0000e+00 0.0000e+00 0.0000e+00 0.0000e+00 0.0000e+00 0.0000e+00 0.0000e+00 0.0000e+00 0.0000e+00 0.0000e+00 0.0000e+00 0.0000e+00 0.0000e+00
-8.2725e-10 -4.6842e-09 -1.2929e-08 -2.6601e-08 -4.6605e-08 -7.3778e-08 -1.0892e-07 -1.5282e-07 -2.0627e-07 -2.7007e-07 -3.4502e-07 -4.3197e-07 -5.3175e-07 -6.4524e-07 6.0589e-05 -9.1670e-07 -1.0763e-06 -1.2527e-06 -1.4464e-06 -1.6576e-06 -1.8862e-06 -2.1314e-06 -2.3918e-06 -2.6650e-06 -2.9474e-06 -3.2335e-06 -3.5164e-06 -3.7867e-06 -4.0325e-06 -4.2396e-06 -4.3917e-06 -4.4710e-06 -4.4598e-06 -4.3428e-06 -4.1098e-06 -3.7597e-06 -3.3035e-06 -2.7664e-06 -2.1875e-06 -1.6153e-06 -1.0990e-06 -6.7793e-07 -3.7194e-07 -1.7731e-07 -7.1418e-08 -2.3495e-08 -6.0603e-09 -1.1663e-09 -1.5769e-10 -1.3922e-11 -7.3405e-13 -2.0724e-14 -2.7407e-16 -1.4403e-18 -2.4557e-21 -1.0568e-24 -8.4065e-29 -8.3818e-34 -6.4439e-40 -2.0746e-47 -1.2947e-56 -5.8986e-68 -5.6553e-82 -2.3200e-99 -5.2364e-121 -4.5638e-148 -4.8154e-182 -6.5472e-225 -2.8359e-279 0.0000e+00 0.0000e+00 0.0000e+00 0.0000e+00 0.0000e+00 0.0000e+00 0.0000e+00 0.0000e+00 0.0000e+00 0.0000e+00 0.0000e+00 0.0000e+00 0.0000e+00 0.0000e+00 0.0000e+00 0.0000e+00 0.0000e+00 0.0000e+00 0.0000e+00 0.0000e+00 0.0000e+00 0.0000e+00 0.0000e+00 0.0000e+00 0.0000e+00 0.0000e+00 0.0000e+00 0.0000e+00 0.0000e+00 0.0000e+00 0.0000e+00 8.2725e-10 4.6842e-09 1.2929e-08 2.6601e-08 4.6605e-08 7.3778e-08 1.0892e-07 1.5282e-07 2.0627e-07 2.7007e-07 3.4502e-07 4.3196e-07 5.3175e-07 6.4523e-07 0.0000e+00 9.1668e-07 1.0762e-06 1.2526e-06 1.4463e-06 1.6574e-06 1.8859e-06 2.1310e-06 2.3912e-06 2.6641e-06 2.9460e-06 3.2316e-06 3.5138e-06 3.7830e-06 4.0275e-06 4.2330e-06 4.3831e-06 4.4600e-06 4.4461e-06 4.3262e-06 4.0905e-06 3.7380e-06 3.2800e-06 2.7423e-06 2.1643e-06 1.5944e-06 1.0817e-06 6.6506e-07 3.6341e-07 1.7241e-07 6.9041e-08 2.2556e-08 5.7699e-09 1.0995e-09 1.4690e-10 1.2787e-11 6.6292e-13 1.8343e-14 2.3684e-16 1.2097e-18 1.9940e-21 8.2442e-25 6.2540e-29 5.8960e-34 4.2433e-40 1.2641e-47 7.2024e-57 2.9498e-68 2.4970e-82 8.8558e-100 1.6857e-121 1.2024e-148 1.0001e-182 1.0198e-225 3.0831e-280 0.0000e+00 0.0000e+00 0.0000e+00 0.0000e+00 0.0000e+00 0.0000e+00 0.0000e+00 0.0000e+00 0.0000e+00 0.0000e+00 0.0000e+00 0.0000e+00 0.0000e+00 0.0000e+00 0.0000e+00 0.0000e+00 0.0000e+00 0.0000e+00 0.0000e+00 0.0000e+00 0.0000e+00 0.0000e+00 0.0000e+00 0.0000e+00 0.0000e+00 0.0000e+00 0.0000e+00 0.0000e+00 0.0000e+00 0.0000e+00 0.0000e+00
-9.8068e-10 -5.5529e-09 -1.5327e-08 -3.1534e-08 -5.5248e-08 -8.7461e-08 -1.2912e-07 -1.8117e-07 -2.4453e-07 -3.2016e-07 -4.0901e-07 -5.1208e-07 -6.3038e-07 -7.6491e-07 -9.1670e-07 9.0627e-05 -1.2759e-06 -1.4850e-06 -1.7147e-06 -1.9651e-06 -2.2361e-06 -2.5269e-06 -2.8358e-06 -3.1598e-06 -3.4948e-06 -3.8344e-06 -4.1702e-06 -4.4911e-06 -4.7833e-06 -5.0298e-06 -5.2113e-06 -5.3067e-06 -5.2950e-06 -5.1579e-06 -4.8834e-06 -4.4699e-06 -3.9300e-06 -3.2936e-06 -2.6069e-06 -1.9271e-06 -1.3129e-06 -8.1126e-07 -4.4596e-07 -2.1310e-07 -8.6071e-08 -2.8410e-08 -7.3568e-09 -1.4224e-09 -1.9339e-10 -1.7184e-11 -9.1297e-13 -2.6007e-14 -3.4753e-16 -1.8485e-18 -3.1960e-21 -1.3976e-24 -1.1322e-28 -1.1526e-33 -9.0700e-40 -2.9972e-47 -1.9254e-56 -9.0570e-68 -8.9937e-82 -3.8341e-99 -9.0256e-121 -8.2374e-148 -9.1443e-182 -1.3152e-224 -6.0665e-279 0.0000e+00 0.0000e+00 0.0000e+00 0.0000e+00 0.0000e+00 0.0000e+00 0.0000e+00 0.0000e+00 0.0000e+00 0.0000e+00 0.0000e+00 0.0000e+00 0.0000e+00 0.0000e+00 0.0000e+00 0.0000e+00 0.0000e+00 0.0000e+00 0.0000e+00 0.0000e+00 0.0000e+00 0.0000e+00 0.0000e+00 0.0000e+00 0.0000e+00 0.0000e+00 0.0000e+00 0.0000e+00 0.0000e+00 0.0000e+00 0.0000e+00 9.8068e-10 5.5529e-09 1.5327e-08 3.1534e-08 5.5248e-08 8.7461e-08 1.2912e-07 1.8117e-07 2.4453e-07 3.2015e-07 4.0901e-07 5.1208e-07 6.3037e-07 7.6490e-07 9.1668e-07 0.0000e+00 1.2758e-06 1.4849e-06 1.7145e-06 1.9648e-06 2.2356e-06 2.5262e-06 2.8347e-06 3.1582e-06 3.4924e-06 3.8310e-06 4.1654e-06 4.4846e-06 4.7745e-06 5.0181e-06 5.1960e-06 5.2872e-06 5.2707e-06 5.1286e-06 4.8491e-06 4.4312e-06 3.8883e-06 3.2509e-06 2.5657e-06 1.8901e-06 1.2823e-06 7.8840e-07 4.3081e-07 2.0438e-07 8.1844e-08 2.6739e-08 6.8398e-09 1.3033e-09 1.7414e-10 1.5157e-11 7.8575e-13 2.1741e-14 2.8068e-16 1.4335e-18 2.3622e-21 9.7637e-25 7.4033e-29 6.9747e-34 5.0144e-40 1.4915e-47 8.4778e-57 3.4593e-68 2.9113e-82 1.0229e-99 1.9173e-121 1.3320e-148 1.0564e-182 9.8082e-226 2.3816e-280 0.0000e+00 0.0000e+00 0.0000e+00 0.0000e+00 0.0000e+00 0.0000e+00 0.0000e+00 0.0000e+00 0.0000e+00 0.0000e+00 0.0000e+00 0.0000e+00 0.0000e+00 0.0000e+00 0.0000e+00 0.0000e+00 0.0000e+00 0.0000e+00 0.0000e+00 0.0000e+00 0.0000e+00 0.0000e+00 0.0000e+00 0.0000e+00 0.0000e+00 0.0000e+00 0.0000e+00 0.0000e+00 0.0000e+00 0.0000e+00 0.0000e+00
-1.1514e-09 -6.5195e-09 -1.7995e-08 -3.7023e-08 -6.4865e-08 -1.0268e-07 -1.5160e-07 -2.1270e-07 -2.8709e-07 -3.7588e-07 -4.8020e-07 -6.0122e-07 -7.4010e-07 -8.9806e-07 -1.0763e-06 -1.2759e-06 1.3255e-04 -1.7436e-06 -2.0132e-06 -2.3073e-06 -2.6256e-06 -2.9672e-06 -3.3300e-06 -3.7107e-06 -4.1044e-06 -4.5036e-06 -4.8986e-06 -5.2764e-06 -5.6207e-06 -5.9117e-06 -6.1268e-06 -6.2410e-06 -6.2299e-06 -6.0717e-06 -5.7521e-06 -5.2689e-06 -4.6368e-06 -3.8902e-06 -3.0831e-06 -2.2828e-06 -1.5582e-06 -9.6496e-07 -5.3188e-07 -2.5497e-07 -1.0337e-07 -3.4275e-08 -8.9227e-09 -1.7360e-09 -2.3775e-10 -2.1308e-11 -1.1434e-12 -3.2946e-14 -4.4614e-16 -2.4093e-18 -4.2379e-21 -1.8897e-24 -1.5647e-28 -1.6320e-33 -1.3193e-39 -4.4904e-47 -2.9795e-56 -1.4519e-67 -1.4983e-81 -6.6611e-99 -1.6418e-120 -1.5763e-147 -1.8510e-181 -2.8350e-224 -1.4037e-278 0.0000e+00 0.0000e+00 0.0000e+00 0.0000e+00 0.0000e+00 0.0000e+00 0.0000e+00 0.0000e+00 0.0000e+00 0.0000e+00 0.0000e+00 0.0000e+00 0.0000e+00 0.0000e+00 0.0000e+00 0.0000e+00 0.0000e+00 0.0000e+00 0.0000e+00 0.0000e+00 0.0000e+00 0.0000e+00 0.0000e+00 0.0000e+00 0.0000e+00 0.0000e+00 0.0000e+00 0.0000e+00 0.0000e+00 0.0000e+00 0.0000e+00 1.1514e-09 6.5195e-09 1.7995e-08 3.7023e-08 6.4865e-08 1.0268e-07 1.5160e-07 2.1270e-07 2.8709e-07 3.7588e-07 4.8020e-07 6.0121e-07 7.4009e-07 8.9804e-07 1.0762e-06 1.2758e-06 0.0000e+00 1.7434e-06 2.0129e-06 2.3068e-06 2.6248e-06 2.9659e-06 3.3281e-06 3.7079e-06 4.1003e-06 4.4978e-06 4.8905e-06 5.2652e-06 5.6055e-06 5.8915e-06 6.1004e-06 6.2075e-06 6.1882e-06 6.0213e-06 5.6932e-06 5.2025e-06 4.5651e-06 3.8168e-06 3.0123e-06 2.2191e-06 1.5055e-06 9.2563e-07 5.0579e-07 2.3995e-07 9.6087e-08 3.1392e-08 8.0298e-09 1.5300e-09 2.0442e-10 1.7792e-11 9.2224e-13 2.5514e-14 3.2933e-16 1.6814e-18 2.7696e-21 1.1440e-24 8.6659e-29 8.1522e-34 5.8480e-40 1.7335e-47 9.8014e-57 3.9660e-68 3.2926e-82 1.1308e-99 2.0363e-121 1.3114e-148 8.8220e-183 4.9899e-226 -9.8724e-281 0.0000e+00 0.0000e+00 0.0000e+00 0.0000e+00 0.0000e+00 0.0000e+00 0.0000e+00 0.0000e+00 0.0000e+00 0.0000e+00 0.0000e+00 0.0000e+00 0.0000e+00 0.0000e+00 0.0000e+00 0.0000e+00 0.0000e+00 0.0000e+00 0.0000e+00 0.0000e+00 0.0000e+00 0.0000e+00 0.0000e+00 0.0000e+00 0.0000e+00 0.0000e+00 0.0000e+00 0.0000e+00 0.0000e+00 0.0000e+00 0.0000e+00
