-1.1920e-07 -4.0090e-11 -1.1065e-10 -2.2766e-10 -3.9887e-10 -6.3144e-10 -9.3223e-10 -1.3080e-09 -1.7656e-09 -2.3118e-09 -2.9539e-09 -3.6992e-09 -4.5555e-09 -5.5309e-09 -6.6339e-09 -7.8737e-09 -9.2595e-09 -1.0802e-08 -1.2510e-08 -1.4395e-08 -1.6469e-08 -1.8741e-08 -2.1223e-08 -2.3924e-08 -2.6854e-08 -3.0019e-08 -3.3423e-08 -3.7066e-08 -4.0942e-08 -4.5038e-08 -4.9330e-08 -5.3783e-08 -5.8343e-08 -6.2937e-08 -6.7467e-08 -7.1807e-08 -7.5799e-08 -7.9252e-08 -8.1941e-08 -8.3614e-08 -8.4006e-08 -8.2861e-08 -7.9961e-08 -7.5173e-08 -6.8499e-08 -6.0128e-08 -5.0463e-08 -4.0128e-08 -2.9901e-08 -2.0601e-08 -1.2909e-08 -7.2112e-09 -3.5038e-09 -1.4367e-09 -4.7890e-10 -1.2392e-10 -2.3504e-11 -3.0425e-12 -2.4578e-13 -1.1075e-14 -2.4159e-16 -2.1319e-18 -6.0543e-21 -4.1286e-24 -4.6368e-28 -5.2631e-33 -3.1952e-39 -4.5020e-47 -4.8851e-57 -9.3986e-70 -4.4657e-86 -3.6336e-107 -1.3199e-134 -1.3947e-170 -3.8223e-218 -1.3474e-281 -0.0000e+00 -0.0000e+00 -0.0000e+00 -0.0000e+00 -0.0000e+00 -0.0000e+00 -0.0000e+00 -0.0000e+00 -0.0000e+00 -0.0000e+00 -0.0000e+00 -0.0000e+00 -0.0000e+00 -0.0000e+00 -0.0000e+00 -0.0000e+00 -0.0000e+00 -0.0000e+00 -0.0000e+00 -0.0000e+00 -0.0000e+00 -0.0000e+00 -0.0000e+00 -0.0000e+00 0.0000e+00 -4.0090e-11 -1.1065e-10 -2.2766e-10 -3.9887e-10 -6.3144e-10 -9.3223e-10 -1.3080e-09 -1.7656e-09 -2.3118e-09 -2.9539e-09 -3.6992e-09 -4.5555e-09 -5.5309e-09 -6.6339e-09 -7.8737e-09 -9.2595e-09 -1.0802e-08 -1.2510e-08 -1.4395e-08 -1.6469e-08 -1.8741e-08 -2.1223e-08 -2.3924e-08 -2.6854e-08 -3.0019e-08 -3.3423e-08 -3.7066e-08 -4.0942e-08 -4.5038e-08 -4.9330e-08 -5.3783e-08 -5.8343e-08 -6.2937e-08 -6.7467e-08 -7.1807e-08 -7.5799e-08 -7.9252e-08 -8.1941e-08 -8.3614e-08 -8.4006e-08 -8.2861e-08 -7.9961e-08 -7.5173e-08 -6.8499e-08 -6.0128e-08 -5.0463e-08 -4.0128e-08 -2.9901e-08 -2.0601e-08 -1.2909e-08 -7.2112e-09 -3.5038e-09 -1.4367e-09 -4.7890e-10 -1.2392e-10 -2.3504e-11 -3.0425e-12 -2.4578e-13 -1.1075e-14 -2.4159e-16 -2.1319e-18 -6.0543e-21 -4.1286e-24 -4.6368e-28 -5.2631e-33 -3.1952e-39 -4.5020e-47 -4.8851e-57 -9.3986e-70 -4.4657e-86 -3.6336e-107 -1.3199e-134 -1.3947e-170 -3.8223e-218 -1.3474e-281 -0.0000e+00 -0.0000e+00 -0.0000e+00 -0.0000e+00 -0.0000e+00 -0.0000e+00 -0.0000e+00 -0.0000e+00 -0.0000e+00 -0.0000e+00 -0.0000e+00 -0.0000e+00 -0.0000e+00 -0.0000e+00 -0.0000e+00 -0.0000e+00 -0.0000e+00 -0.0000e+00 -0.0000e+00 -0.0000e+00 -0.0000e+00 -0.0000e+00 -0.0000e+00 -0.0000e+00
-4.0090e-11 3.0248e-10 -6.2656e-10 -1.2891e-09 -2.2585e-09 -3.5754e-09 -5.2786e-09 -7.4064e-09 -9.9973e-09 -1.3090e-08 -1.6726e-08 -2.0946e-08 -2.5795e-08 -3.1318e-08 -3.7564e-08 -4.4583e-08 -5.2431e-08 -6.1162e-08 -7.0835e-08 -8.1511e-08 -9.3252e-08 -1.0612e-07 -1.2017e-07 -1.3547e-07 -1.5206e-07 -1.6998e-07 -1.8925e-07 -2.0988e-07 -2.3183e-07 -2.5502e-07 -2.7933e-07 -3.0454e-07 -3.3036e-07 -3.5637e-07 -3.8202e-07 -4.0659e-07 -4.2920e-07 -4.4875e-07 -4.6398e-07 -4.7345e-07 -4.7567e-07 -4.6919e-07 -4.5276e-07 -4.2565e-07 -3.8787e-07 -3.4046e-07 -2.8574e-07 -2.2722e-07 -1.6931e-07 -1.1665e-07 -7.3095e-08 -4.0832e-08 -1.9840e-08 -8.1349e-09 -2.7117e-09 -7.0168e-10 -1.3309e-10 -1.7227e-11 -1.3917e-12 -6.2710e-14 -1.3679e-15 -1.2071e-17 -3.4282e-20 -2.3378e-23 -2.6255e-27 -2.9802e-32 -1.8093e-38 -2.5492e-46 -2.7661e-56 -5.3218e-69 -2.5287e-85 -2.0574e-106 -7.4738e-134 -7.8974e-170 -2.1643e-217 -7.6295e-281 -0.0000e+00 -0.0000e+00 -0.0000e+00 -0.0000e+00 -0.0000e+00 -0.0000e+00 -0.0000e+00 -0.0000e+00 -0.0000e+00 -0.0000e+00 -0.0000e+00 -0.0000e+00 -0.0000e+00 -0.0000e+00 -0.0000e+00 -0.0000e+00 -0.0000e+00 -0.0000e+00 -0.0000e+00 -0.0000e+00 -0.0000e+00 -0.0000e+00 -0.0000e+00 -0.0000e+00 -4.0090e-11 0.0000e+00 -6.2656e-10 -1.2891e-09 -2.2585e-09 -3.5754e-09 -5.2786e-09 -7.4064e-09 -9.9973e-09 -1.3090e-08 -1.6726e-08 -2.0946e-08 -2.5795e-08 -3.1318e-08 -3.7564e-08 -4.4583e-08 -5.2431e-08 -6.1162e-08 -7.0835e-08 -8.1511e-08 -9.3252e-08 -1.0612e-07 -1.2017e-07 -1.3547e-07 -1.5206e-07 -1.6998e-07 -1.8925e-07 -2.0988e-07 -2.3183e-07 -2.5502e-07 -2.7933e-07 -3.0454e-07 -3.3036e-07 -3.5637e-07 -3.8202e-07 -4.0659e-07 -4.2920e-07 -4.4875e-07 -4.6398e-07 -4.7345e-07 -4.7567e-07 -4.6919e-07 -4.5276e-07 -4.2565e-07 -3.8787e-07 -3.4046e-07 -2.8574e-07 -2.2722e-07 -1.6931e-07 -1.1665e-07 -7.3095e-08 -4.0832e-08 -1.9840e-08 -8.1349e-09 -2.7117e-09 -7.0168e-10 -1.3309e-10 -1.7227e-11 -1.3917e-12 -6.2710e-14 -1.3679e-15 -1.2071e-17 -3.4282e-20 -2.3378e-23 -2.6255e-27 -2.9802e-32 -1.8093e-38 -2.5492e-46 -2.7661e-56 -5.3218e-69 -2.5286e-85 -2.0574e-106 -7.4738e-134 -7.8974e-170 -2.1643e-217 -7.6295e-281 -0.0000e+00 -0.0000e+00 -0.0000e+00 -0.0000e+00 -0.0000e+00 -0.0000e+00 -0.0000e+00 -0.0000e+00 -0.0000e+00 -0.0000e+00 -0.0000e+00 -0.0000e+00 -0.0000e+00 -0.0000e+00 -0.0000e+00 -0.0000e+00 -0.0000e+00 -0.0000e+00 -0.0000e+00 -0.0000e+00 -0.0000e+00 -0.0000e+00 -0.0000e+00 -0.0000e+00
-1.1065e-10 -6.2656e-10 3.4537e-09 -3.5581e-09 -6.2338e-09 -9.8686e-09 -1.4570e-08 -2.0443e-08 -2.7594e-08 -3.6131e-08 -4.6166e-08 -5.7814e-08 -7.1197e-08 -8.6441e-08 -1.0368e-07 -1.2306e-07 -1.4472e-07 -1.6881e-07 -1.9551e-07 -2.2498e-07 -2.5739e-07 -2.9290e-07 -3.3169e-07 -3.7391e-07 -4.1969e-07 -4.6916e-07 -5.2235e-07 -5.7929e-07 -6.3987e-07 -7.0388e-07 -7.7097e-07 -8.4056e-07 -9.1182e-07 -9.8362e-07 -1.0544e-06 -1.1223e-06 -1.1846e-06 -1.2386e-06 -1.2806e-06 -1.3068e-06 -1.3129e-06 -1.2950e-06 -1.2497e-06 -1.1749e-06 -1.0706e-06 -9.3972e-07 -7.8867e-07 -6.2715e-07 -4.6732e-07 -3.2196e-07 -2.0175e-07 -1.1270e-07 -5.4760e-08 -2.2453e-08 -7.4846e-09 -1.9367e-09 -3.6734e-10 -4.7550e-11 -3.8412e-12 -1.7309e-13 -3.7757e-15 -3.3319e-17 -9.4622e-20 -6.4525e-23 -7.2468e-27 -8.2257e-32 -4.9938e-38 -7.0362e-46 -7.6348e-56 -1.4689e-68 -6.9794e-85 -5.6789e-106 -2.0629e-133 -2.1798e-169 -5.9739e-217 -2.1059e-280 -0.0000e+00 -0.0000e+00 -0.0000e+00 -0.0000e+00 -0.0000e+00 -0.0000e+00 -0.0000e+00 -0.0000e+00 -0.0000e+00 -0.0000e+00 -0.0000e+00 -0.0000e+00 -0.0000e+00 -0.0000e+00 -0.0000e+00 -0.0000e+00 -0.0000e+00 -0.0000e+00 -0.0000e+00 -0.0000e+00 -0.0000e+00 -0.0000e+00 -0.0000e+00 -0.0000e+00 -1.1065e-10 -6.2656e-10 0.0000e+00 -3.5581e-09 -6.2338e-09 -9.8686e-09 -1.4570e-08 -2.0443e-08 -2.7594e-08 -3.6131e-08 -4.6166e-08 -5.7814e-08 -7.1197e-08 -8.6441e-08 -1.0368e-07 -1.2306e-07 -1.4472e-07 -1.6881e-07 -1.9551e-07 -2.2498e-07 -2.5739e-07 -2.9290e-07 -3.3169e-07 -3.7391e-07 -4.1969e-07 -4.6916e-07 -5.2235e-07 -5.7929e-07 -6.3987e-07 -7.0388e-07 -7.7097e-07 -8.4056e-07 -9.1182e-07 -9.8362e-07 -1.0544e-06 -1.1223e-06 -1.1846e-06 -1.2386e-06 -1.2806e-06 -1.3068e-06 -1.3129e-06 -1.2950e-06 -1.2497e-06 -1.1749e-06 -1.0706e-06 -9.3972e-07 -7.8867e-07 -6.2715e-07 -4.6732e-07 -3.2196e-07 -2.0175e-07 -1.1270e-07 -5.4760e-08 -2.2453e-08 -7.4846e-09 -1.9367e-09 -3.6734e-10 -4.7550e-11 -3.8412e-12 -1.7309e-13 -3.7757e-15 -3.3319e-17 -9.4622e-20 -6.4525e-23 -7.2468e-27 -8.2256e-32 -4.9938e-38 -7.0361e-46 -7.6348e-56 -1.4689e-68 -6.9794e-85 -5.6788e-106 -2.0629e-133 -2.1798e-169 -5.9738e-217 -2.1059e-280 -0.0000e+00 -0.0000e+00 -0.0000e+00 -0.0000e+00 -0.0000e+00 -0.0000e+00 -0.0000e+00 -0.0000e+00 -0.0000e+00 -0.0000e+00 -0.0000e+00 -0.0000e+00 -0.0000e+00 -0.0000e+00 -0.0000e+00 -0.0000e+00 -0.0000e+00 -0.0000e+00 -0.0000e+00 -0.0000e+00 -0.0000e+00 -0.0000e+00 -0.0000e+00 -0.0000e+00
-2.2766e-10 -1.2891e-09 -3.5581e-09 2.0228e-08 -1.2826e-08 -2.0304e-08 -2.9976e-08 -4.2060e-08 -5.6773e-08 -7.4338e-08 -9.4984e-08 -1.1895e-07 -1.4648e-07 -1.7785e-07 -2.1332e-07 -2.5318e-07 -2.9774e-07 -3.4733e-07 -4.0226e-07 -4.6289e-07 -5.2956e-07 -6.0263e-07 -6.8243e-07 -7.6930e-07 -8.6350e-07 -9.6526e-07 -1.0747e-06 -1.1919e-06 -1.3165e-06 -1.4482e-06 -1.5862e-06 -1.7294e-06 -1.8760e-06 -2.0237e-06 -2.1694e-06 -2.3090e-06 -2.4374e-06 -2.5484e-06 -2.6348e-06 -2.6886e-06 -2.7013e-06 -2.6644e-06 -2.5712e-06 -2.4172e-06 -2.2026e-06 -1.9334e-06 -1.6227e-06 -1.2903e-06 -9.6149e-07 -6.6242e-07 -4.1509e-07 -2.3188e-07 -1.1267e-07 -4.6197e-08 -1.5399e-08 -3.9847e-09 -7.5579e-10 -9.7832e-11 -7.9032e-12 -3.5612e-13 -7.7684e-15 -6.8552e-17 -1.9468e-19 -1.3276e-22 -1.4910e-26 -1.6924e-31 -1.0275e-37 -1.4477e-45 -1.5709e-55 -3.0223e-68 -1.4360e-84 -1.1685e-105 -4.2446e-133 -4.4852e-169 -1.2292e-216 -4.3334e-280 -0.0000e+00 -0.0000e+00 -0.0000e+00 -0.0000e+00 -0.0000e+00 -0.0000e+00 -0.0000e+00 -0.0000e+00 -0.0000e+00 -0.0000e+00 -0.0000e+00 -0.0000e+00 -0.0000e+00 -0.0000e+00 -0.0000e+00 -0.0000e+00 -0.0000e+00 -0.0000e+00 -0.0000e+00 -0.0000e+00 -0.0000e+00 -0.0000e+00 -0.0000e+00 -0.0000e+00 -2.2766e-10 -1.2891e-09 -3.5581e-09 0.0000e+00 -1.2826e-08 -2.0304e-08 -2.9976e-08 -4.2060e-08 -5.6773e-08 -7.4338e-08 -9.4984e-08 -1.1895e-07 -1.4648e-07 -1.7785e-07 -2.1332e-07 -2.5318e-07 -2.9774e-07 -3.4733e-07 -4.0226e-07 -4.6289e-07 -5.2956e-07 -6.0263e-07 -6.8243e-07 -7.6930e-07 -8.6350e-07 -9.6526e-07 -1.0747e-06 -1.1919e-06 -1.3165e-06 -1.4482e-06 -1.5862e-06 -1.7294e-06 -1.8760e-06 -2.0237e-06 -2.1694e-06 -2.3090e-06 -2.4374e-06 -2.5484e-06 -2.6348e-06 -2.6886e-06 -2.7013e-06 -2.6644e-06 -2.5712e-06 -2.4172e-06 -2.2026e-06 -1.9334e-06 -1.6227e-06 -1.2903e-06 -9.6149e-07 -6.6242e-07 -4.1509e-07 -2.3188e-07 -1.1267e-07 -4.6197e-08 -1.5399e-08 -3.9847e-09 -7.5579e-10 -9.7831e-11 -7.9031e-12 -3.5612e-13 -7.7683e-15 -6.8551e-17 -1.9468e-19 -1.3276e-22 -1.4910e-26 -1.6924e-31 -1.0274e-37 -1.4477e-45 -1.5708e-55 -3.0222e-68 -1.4360e-84 -1.1684e-105 -4.2443e-133 -4.4849e-169 -1.2291e-216 -4.3329e-280 -0.0000e+00 -0.0000e+00 -0.0000e+00 -0.0000e+00 -0.0000e+00 -0.0000e+00 -0.0000e+00 -0.0000e+00 -0.0000e+00 -0.0000e+00 -0.0000e+00 -0.0000e+00 -0.0000e+00 -0.0000e+00 -0.0000e+00 -0.0000e+00 -0.0000e+00 -0.0000e+00 -0.0000e+00 -0.0000e+00 -0.0000e+00 -0.0000e+00 -0.0000e+00 -0.0000e+00
-3.9887e-10 -2.2585e-09 -6.2338e-09 -1.2826e-08 7.7563e-08 -3.5573e-08 -5.2519e-08 -7.3689e-08 -9.9467e-08 -1.3024e-07 -1.6641e-07 -2.0840e-07 -2.5664e-07 -3.1159e-07 -3.7373e-07 -4.4358e-07 -5.2165e-07 -6.0852e-07 -7.0476e-07 -8.1099e-07 -9.2780e-07 -1.0558e-06 -1.1956e-06 -1.3478e-06 -1.5129e-06 -1.6912e-06 -1.8829e-06 -2.0881e-06 -2.3065e-06 -2.5373e-06 -2.7791e-06 -3.0300e-06 -3.2868e-06 -3.5456e-06 -3.8008e-06 -4.0454e-06 -4.2703e-06 -4.4648e-06 -4.6163e-06 -4.7105e-06 -4.7326e-06 -4.6681e-06 -4.5047e-06 -4.2350e-06 -3.8590e-06 -3.3874e-06 -2.8429e-06 -2.2607e-06 -1.6845e-06 -1.1606e-06 -7.2725e-07 -4.0625e-07 -1.9739e-07 -8.0938e-08 -2.6980e-08 -6.9813e-09 -1.3242e-09 -1.7140e-10 -1.3847e-11 -6.2393e-13 -1.3611e-14 -1.2011e-16 -3.4109e-19 -2.3260e-22 -2.6124e-26 -2.9653e-31 -1.8002e-37 -2.5365e-45 -2.7524e-55 -5.2956e-68 -2.5163e-84 -2.0475e-105 -7.4382e-133 -7.8604e-169 -2.1544e-216 -7.5957e-280 -0.0000e+00 -0.0000e+00 -0.0000e+00 -0.0000e+00 -0.0000e+00 -0.0000e+00 -0.0000e+00 -0.0000e+00 -0.0000e+00 -0.0000e+00 -0.0000e+00 -0.0000e+00 -0.0000e+00 -0.0000e+00 -0.0000e+00 -0.0000e+00 -0.0000e+00 -0.0000e+00 -0.0000e+00 -0.0000e+00 -0.0000e+00 -0.0000e+00 -0.0000e+00 -0.0000e+00 -3.9887e-10 -2.2585e-09 -6.2338e-09 -1.2826e-08 0.0000e+00 -3.5573e-08 -5.2519e-08 -7.3689e-08 -9.9467e-08 -1.3024e-07 -1.6641e-07 -2.0840e-07 -2.5664e-07 -3.1159e-07 -3.7373e-07 -4.4358e-07 -5.2165e-07 -6.0852e-07 -7.0476e-07 -8.1099e-07 -9.2780e-07 -1.0558e-06 -1.1956e-06 -1.3478e-06 -1.5129e-06 -1.6912e-06 -1.8829e-06 -2.0881e-06 -2.3065e-06 -2.5373e-06 -2.7791e-06 -3.0300e-06 -3.2868e-06 -3.5456e-06 -3.8008e-06 -4.0454e-06 -4.2703e-06 -4.4648e-06 -4.6163e-06 -4.7105e-06 -4.7326e-06 -4.6681e-06 -4.5047e-06 -4.2350e-06 -3.8590e-06 -3.3874e-06 -2.8429e-06 -2.2607e-06 -1.6845e-06 -1.1606e-06 -7.2725e-07 -4.0625e-07 -1.9739e-07 -8.0937e-08 -2.6980e-08 -6.9813e-09 -1.3242e-09 -1.7140e-10 -1.3846e-11 -6.2392e-13 -1.3610e-14 -1.2010e-16 -3.4108e-19 -2.3259e-22 -2.6123e-26 -2.9651e-31 -1.8001e-37 -2.5364e-45 -2.7522e-55 -5.2951e-68 -2.5160e-84 -2.0472e-105 -7.4367e-133 -7.8584e-169 -2.1537e-216 -7.5925e-280 -0.0000e+00 -0.0000e+00 -0.0000e+00 -0.0000e+00 -0.0000e+00 -0.0000e+00 -0.0000e+00 -0.0000e+00 -0.0000e+00 -0.0000e+00 -0.0000e+00 -0.0000e+00 -0.0000e+00 -0.0000e+00 -0.0000e+00 -0.0000e+00 -0.0000e+00 -0.0000e+00 -0.0000e+00 -0.0000e+00 -0.0000e+00 -0.0000e+00 -0.0000e+00 -0.0000e+00
-6.3144e-10 -3.5754e-09 -9.8686e-09 -2.0304e-08 -3.5573e-08 2.3286e-07 -8.3140e-08 -1.1665e-07 -1.5746e-07 -2.0618e-07 -2.6344e-07 -3.2991e-07 -4.0628e-07 -4.9327e-07 -5.9164e-07 -7.0221e-07 -8.2581e-07 -9.6332e-07 -1.1157e-06 -1.2838e-06 -1.4688e-06 -1.6714e-06 -1.8928e-06 -2.1337e-06 -2.3950e-06 -2.6772e-06 -2.9808e-06 -3.3057e-06 -3.6514e-06 -4.0167e-06 -4.3995e-06 -4.7966e-06 -5.2033e-06 -5.6130e-06 -6.0170e-06 -6.4041e-06 -6.7601e-06 -7.0681e-06 -7.3078e-06 -7.4571e-06 -7.4921e-06 -7.3899e-06 -7.1312e-06 -6.7042e-06 -6.1091e-06 -5.3625e-06 -4.5005e-06 -3.5788e-06 -2.6668e-06 -1.8373e-06 -1.1513e-06 -6.4313e-07 -3.1249e-07 -1.2813e-07 -4.2711e-08 -1.1052e-08 -2.0963e-09 -2.7135e-10 -2.1921e-11 -9.8776e-13 -2.1547e-14 -1.9015e-16 -5.4001e-19 -3.6825e-22 -4.1359e-26 -4.6948e-31 -2.8503e-37 -4.0162e-45 -4.3583e-55 -8.3858e-68 -3.9850e-84 -3.2428e-105 -1.1782e-132 -1.2453e-168 -3.4139e-216 -1.2040e-279 -0.0000e+00 -0.0000e+00 -0.0000e+00 -0.0000e+00 -0.0000e+00 -0.0000e+00 -0.0000e+00 -0.0000e+00 -0.0000e+00 -0.0000e+00 -0.0000e+00 -0.0000e+00 -0.0000e+00 -0.0000e+00 -0.0000e+00 -0.0000e+00 -0.0000e+00 -0.0000e+00 -0.0000e+00 -0.0000e+00 -0.0000e+00 -0.0000e+00 -0.0000e+00 -0.0000e+00 -6.3144e-10 -3.5754e-09 -9.8686e-09 -2.0304e-08 -3.5573e-08 0.0000e+00 -8.3140e-08 -1.1665e-07 -1.5746e-07 -2.0618e-07 -2.6344e-07 -3.2991e-07 -4.0628e-07 -4.9327e-07 -5.9164e-07 -7.0221e-07 -8.2581e-07 -9.6332e-07 -1.1157e-06 -1.2838e-06 -1.4688e-06 -1.6714e-06 -1.8928e-06 -2.1337e-06 -2.3950e-06 -2.6772e-06 -2.9808e-06 -3.3057e-06 -3.6514e-06 -4.0167e-06 -4.3995e-06 -4.7966e-06 -5.2033e-06 -5.6130e-06 -6.0170e-06 -6.4041e-06 -6.7601e-06 -7.0680e-06 -7.3078e-06 -7.4571e-06 -7.4921e-06 -7.3899e-06 -7.1312e-06 -6.7042e-06 -6.1091e-06 -5.3624e-06 -4.5005e-06 -3.5788e-06 -2.6667e-06 -1.8373e-06 -1.1513e-06 -6.4312e-07 -3.1249e-07 -1.2813e-07 -4.2711e-08 -1.1052e-08 -2.0962e-09 -2.7134e-10 -2.1920e-11 -9.8772e-13 -2.1546e-14 -1.9014e-16 -5.3997e-19 -3.6822e-22 -4.1355e-26 -4.6942e-31 -2.8499e-37 -4.0155e-45 -4.3572e-55 -8.3833e-68 -3.9835e-84 -3.2413e-105 -1.1775e-132 -1.2443e-168 -3.4105e-216 -1.2025e-279 -0.0000e+00 -0.0000e+00 -0.0000e+00 -0.0000e+00 -0.0000e+00 -0.0000e+00 -0.0000e+00 -0.0000e+00 -0.0000e+00 -0.0000e+00 -0.0000e+00 -0.0000e+00 -0.0000e+00 -0.0000e+00 -0.0000e+00 -0.0000e+00 -0.0000e+00 -0.0000e+00 -0.0000e+00 -0.0000e+00 -0.0000e+00 -0.0000e+00 -0.0000e+00 -0.0000e+00
-9.3223e-10 -5.2786e-09 -1.4570e-08 -2.9976e-08 -5.2519e-08 -8.3140e-08 5.9092e-07 -1.7223e-07 -2.3247e-07 -3.0440e-07 -3.8894e-07 -4.8707e-07 -5.9982e-07 -7.2825e-07 -8.7348e-07 -1.0367e-06 -1.2192e-06 -1.4222e-06 -1.6472e-06 -1.8954e-06 -2.1684e-06 -2.4676e-06 -2.7944e-06 -3.1501e-06 -3.5358e-06 -3.9525e-06 -4.4007e-06 -4.8804e-06 -5.3907e-06 -5.9301e-06 -6.4953e-06 -7.0815e-06 -7.6819e-06 -8.2868e-06 -8.8833e-06 -9.4547e-06 -9.9804e-06 -1.0435e-05 -1.0789e-05 -1.1009e-05 -1.1061e-05 -1.0910e-05 -1.0528e-05 -9.8979e-06 -9.0193e-06 -7.9170e-06 -6.6445e-06 -5.2836e-06 -3.9372e-06 -2.7125e-06 -1.6997e-06 -9.4951e-07 -4.6136e-07 -1.8917e-07 -6.3059e-08 -1.6318e-08 -3.0950e-09 -4.0064e-10 -3.2365e-11 -1.4584e-12 -3.1815e-14 -2.8076e-16 -7.9737e-19 -5.4378e-22 -6.1076e-26 -6.9332e-31 -4.2096e-37 -5.9320e-45 -6.4379e-55 -1.2389e-67 -5.8883e-84 -4.7928e-105 -1.7419e-132 -1.8418e-168 -5.0516e-216 -1.7828e-279 -0.0000e+00 -0.0000e+00 -0.0000e+00 -0.0000e+00 -0.0000e+00 -0.0000e+00 -0.0000e+00 -0.0000e+00 -0.0000e+00 -0.0000e+00 -0.0000e+00 -0.0000e+00 -0.0000e+00 -0.0000e+00 -0.0000e+00 -0.0000e+00 -0.0000e+00 -0.0000e+00 -0.0000e+00 -0.0000e+00 -0.0000e+00 -0.0000e+00 -0.0000e+00 -0.0000e+00 -9.3223e-10 -5.2786e-09 -1.4570e-08 -2.9976e-08 -5.2519e-08 -8.3140e-08 0.0000e+00 -1.7223e-07 -2.3247e-07 -3.0440e-07 -3.8894e-07 -4.8707e-07 -5.9982e-07 -7.2825e-07 -8.7348e-07 -1.0367e-06 -1.2192e-06 -1.4222e-06 -1.6472e-06 -1.8954e-06 -2.1684e-06 -2.4676e-06 -2.7944e-06 -3.1501e-06 -3.5358e-06 -3.9525e-06 -4.4007e-06 -4.8804e-06 -5.3907e-06 -5.9301e-06 -6.4953e-06 -7.0815e-06 -7.6819e-06 -8.2868e-06 -8.8833e-06 -9.4547e-06 -9.9804e-06 -1.0435e-05 -1.0789e-05 -1.1009e-05 -1.1061e-05 -1.0910e-05 -1.0528e-05 -9.8979e-06 -9.0192e-06 -7.9169e-06 -6.6444e-06 -5.2836e-06 -3.9371e-06 -2.7125e-06 -1.6997e-06 -9.4949e-07 -4.6135e-07 -1.8917e-07 -6.3057e-08 -1.6317e-08 -3.0949e-09 -4.0061e-10 -3.2363e-11 -1.4583e-12 -3.1811e-14 -2.8072e-16 -7.9723e-19 -5.4366e-22 -6.1060e-26 -6.9310e-31 -4.2080e-37 -5.9292e-45 -6.4341e-55 -1.2380e-67 -5.8827e-84 -4.7871e-105 -1.7392e-132 -1.8382e-168 -5.0390e-216 -1.7770e-279 -0.0000e+00 -0.0000e+00 -0.0000e+00 -0.0000e+00 -0.0000e+00 -0.0000e+00 -0.0000e+00 -0.0000e+00 -0.0000e+00 -0.0000e+00 -0.0000e+00 -0.0000e+00 -0.0000e+00 -0.0000e+00 -0.0000e+00 -0.0000e+00 -0.0000e+00 -0.0000e+00 -0.0000e+00 -0.0000e+00 -0.0000e+00 -0.0000e+00 -0.0000e+00 -0.0000e+00
-1.3080e-09 -7.4064e-09 -2.0443e-08 -4.2060e-08 -7.3689e-08 -1.1665e-07 -1.7223e-07 1.3263e-06 -3.2618e-07 -4.2710e-07 -5.4572e-07 -6.8342e-07 -8.4161e-07 -1.0218e-06 -1.2256e-06 -1.4546e-06 -1.7107e-06 -1.9955e-06 -2.3111e-06 -2.6595e-06 -3.0425e-06 -3.4623e-06 -3.9209e-06 -4.4199e-06 -4.9611e-06 -5.5458e-06 -6.1747e-06 -6.8477e-06 -7.5638e-06 -8.3205e-06 -9.1136e-06 -9.9362e-06 -1.0779e-05 -1.1627e-05 -1.2464e-05 -1.3266e-05 -1.4004e-05 -1.4642e-05 -1.5138e-05 -1.5447e-05 -1.5520e-05 -1.5308e-05 -1.4773e-05 -1.3888e-05 -1.2655e-05 -1.1109e-05 -9.3231e-06 -7.4136e-06 -5.5244e-06 -3.8061e-06 -2.3850e-06 -1.3323e-06 -6.4737e-07 -2.6544e-07 -8.8485e-08 -2.2897e-08 -4.3431e-09 -5.6220e-10 -4.5418e-11 -2.0467e-12 -4.4649e-14 -3.9404e-16 -1.1191e-18 -7.6327e-22 -8.5736e-26 -9.7336e-31 -5.9107e-37 -8.3307e-45 -9.0431e-55 -1.7407e-67 -8.2764e-84 -6.7397e-105 -2.4509e-132 -2.5935e-168 -7.1209e-216 -2.5165e-279 -0.0000e+00 -0.0000e+00 -0.0000e+00 -0.0000e+00 -0.0000e+00 -0.0000e+00 -0.0000e+00 -0.0000e+00 -0.0000e+00 -0.0000e+00 -0.0000e+00 -0.0000e+00 -0.0000e+00 -0.0000e+00 -0.0000e+00 -0.0000e+00 -0.0000e+00 -0.0000e+00 -0.0000e+00 -0.0000e+00 -0.0000e+00 -0.0000e+00 -0.0000e+00 -0.0000e+00 -1.3080e-09 -7.4064e-09 -2.0443e-08 -4.2060e-08 -7.3689e-08 -1.1665e-07 -1.7223e-07 0.0000e+00 -3.2618e-07 -4.2710e-07 -5.4572e-07 -6.8342e-07 -8.4161e-07 -1.0218e-06 -1.2256e-06 -1.4546e-06 -1.7107e-06 -1.9955e-06 -2.3111e-06 -2.6595e-06 -3.0425e-06 -3.4623e-06 -3.9209e-06 -4.4199e-06 -4.9611e-06 -5.5458e-06 -6.1747e-06 -6.8477e-06 -7.5638e-06 -8.3205e-06 -9.1136e-06 -9.9362e-06 -1.0779e-05 -1.1627e-05 -1.2464e-05 -1.3266e-05 -1.4004e-05 -1.4641e-05 -1.5138e-05 -1.5447e-05 -1.5520e-05 -1.5308e-05 -1.4772e-05 -1.3888e-05 -1.2655e-05 -1.1108e-05 -9.3229e-06 -7.4135e-06 -5.5242e-06 -3.8059e-06 -2.3849e-06 -1.3323e-06 -6.4733e-07 -2.6543e-07 -8.8478e-08 -2.2895e-08 -4.3426e-09 -5.6212e-10 -4.5410e-11 -2.0462e-12 -4.4638e-14 -3.9391e-16 -1.1187e-18 -7.6292e-22 -8.5687e-26 -9.7268e-31 -5.9056e-37 -8.3218e-45 -9.0310e-55 -1.7378e-67 -8.2589e-84 -6.7218e-105 -2.4426e-132 -2.5823e-168 -7.0813e-216 -2.4984e-279 -0.0000e+00 -0.0000e+00 -0.0000e+00 -0.0000e+00 -0.0000e+00 -0.0000e+00 -0.0000e+00 -0.0000e+00 -0.0000e+00 -0.0000e+00 -0.0000e+00 -0.0000e+00 -0.0000e+00 -0.0000e+00 -0.0000e+00 -0.0000e+00 -0.0000e+00 -0.0000e+00 -0.0000e+00 -0.0000e+00 -0.0000e+00 -0.0000e+00 -0.0000e+00 -0.0000e+00
-1.7656e-09 -9.9973e-09 -2.7594e-08 -5.6773e-08 -9.9467e-08 -1.5746e-07 -2.3247e-07 -3.2618e-07 2.7112e-06 -5.7651e-07 -7.3663e-07 -9.2249e-07 -1.1360e-06 -1.3792e-06 -1.6543e-06 -1.9635e-06 -2.3091e-06 -2.6936e-06 -3.1196e-06 -3.5898e-06 -4.1069e-06 -4.6735e-06 -5.2924e-06 -5.9661e-06 -6.6966e-06 -7.4858e-06 -8.3347e-06 -9.2431e-06 -1.0210e-05 -1.1231e-05 -1.2302e-05 -1.3412e-05 -1.4549e-05 -1.5695e-05 -1.6824e-05 -1.7907e-05 -1.8902e-05 -1.9763e-05 -2.0434e-05 -2.0851e-05 -2.0949e-05 -2.0664e-05 -1.9940e-05 -1.8747e-05 -1.7082e-05 -1.4995e-05 -1.2585e-05 -1.0007e-05 -7.4572e-06 -5.1377e-06 -3.2195e-06 -1.7985e-06 -8.7390e-07 -3.5834e-07 -1.1945e-07 -3.0911e-08 -5.8634e-09 -7.5903e-10 -6.1323e-11 -2.7635e-12 -6.0292e-14 -5.3213e-16 -1.5115e-18 -1.0310e-21 -1.1583e-25 -1.3153e-30 -7.9892e-37 -1.1264e-44 -1.2232e-54 -2.3558e-67 -1.1208e-83 -9.1353e-105 -3.3258e-132 -3.5245e-168 -9.6961e-216 -3.4355e-279 -0.0000e+00 -0.0000e+00 -0.0000e+00 -0.0000e+00 -0.0000e+00 -0.0000e+00 -0.0000e+00 -0.0000e+00 -0.0000e+00 -0.0000e+00 -0.0000e+00 -0.0000e+00 -0.0000e+00 -0.0000e+00 -0.0000e+00 -0.0000e+00 -0.0000e+00 -0.0000e+00 -0.0000e+00 -0.0000e+00 -0.0000e+00 -0.0000e+00 -0.0000e+00 -0.0000e+00 -1.7656e-09 -9.9973e-09 -2.7594e-08 -5.6773e-08 -9.9467e-08 -1.5746e-07 -2.3247e-07 -3.2618e-07 0.0000e+00 -5.7651e-07 -7.3663e-07 -9.2249e-07 -1.1360e-06 -1.3792e-06 -1.6543e-06 -1.9635e-06 -2.3091e-06 -2.6936e-06 -3.1196e-06 -3.5898e-06 -4.1069e-06 -4.6735e-06 -5.2924e-06 -5.9661e-06 -6.6966e-06 -7.4858e-06 -8.3347e-06 -9.2431e-06 -1.0210e-05 -1.1231e-05 -1.2302e-05 -1.3412e-05 -1.4549e-05 -1.5695e-05 -1.6824e-05 -1.7907e-05 -1.8902e-05 -1.9763e-05 -2.0434e-05 -2.0851e-05 -2.0949e-05 -2.0663e-05 -1.9940e-05 -1.8746e-05 -1.7082e-05 -1.4994e-05 -1.2584e-05 -1.0007e-05 -7.4568e-06 -5.1374e-06 -3.2192e-06 -1.7983e-06 -8.7380e-07 -3.5829e-07 -1.1943e-07 -3.0905e-08 -5.8620e-09 -7.5881e-10 -6.1301e-11 -2.7624e-12 -6.0261e-14 -5.3180e-16 -1.5104e-18 -1.0300e-21 -1.1570e-25 -1.3134e-30 -7.9751e-37 -1.1239e-44 -1.2199e-54 -2.3478e-67 -1.1160e-83 -9.0858e-105 -3.3029e-132 -3.4935e-168 -9.5864e-216 -3.3852e-279 -0.0000e+00 -0.0000e+00 -0.0000e+00 -0.0000e+00 -0.0000e+00 -0.0000e+00 -0.0000e+00 -0.0000e+00 -0.0000e+00 -0.0000e+00 -0.0000e+00 -0.0000e+00 -0.0000e+00 -0.0000e+00 -0.0000e+00 -0.0000e+00 -0.0000e+00 -0.0000e+00 -0.0000e+00 -0.0000e+00 -0.0000e+00 -0.0000e+00 -0.0000e+00 -0.0000e+00
-2.3118e-09 -1.3090e-08 -3.6131e-08 -7.4338e-08 -1.3024e-07 -2.0618e-07 -3.0440e-07 -4.2710e-07 -5.7651e-07 5.1492e-06 -9.6453e-07 -1.2079e-06 -1.4875e-06 -1.8060e-06 -2.1662e-06 -2.5710e-06 -3.0235e-06 -3.5270e-06 -4.0848e-06 -4.7005e-06 -5.3775e-06 -6.1195e-06 -6.9299e-06 -7.8119e-06 -8.7685e-06 -9.8019e-06 -1.0913e-05 -1.2103e-05 -1.3369e-05 -1.4706e-05 -1.6108e-05 -1.7562e-05 -1.9051e-05 -2.0551e-05 -2.2030e-05 -2.3447e-05 -2.4751e-05 -2.5878e-05 -2.6756e-05 -2.7303e-05 -2.7431e-05 -2.7057e-05 -2.6110e-05 -2.4547e-05 -2.2368e-05 -1.9635e-05 -1.6479e-05 -1.3104e-05 -9.7651e-06 -6.7279e-06 -4.2160e-06 -2.3553e-06 -1.1445e-06 -4.6929e-07 -1.5645e-07 -4.0486e-08 -7.6800e-09 -9.9426e-10 -8.0334e-11 -3.6206e-12 -7.9001e-14 -6.9737e-16 -1.9812e-18 -1.3517e-21 -1.5191e-25 -1.7256e-30 -1.0486e-36 -1.4792e-44 -1.6076e-54 -3.0989e-67 -1.4761e-83 -1.2049e-104 -4.3954e-132 -4.6700e-168 -1.2891e-215 -4.5878e-279 -0.0000e+00 -0.0000e+00 -0.0000e+00 -0.0000e+00 -0.0000e+00 -0.0000e+00 -0.0000e+00 -0.0000e+00 -0.0000e+00 -0.0000e+00 -0.0000e+00 -0.0000e+00 -0.0000e+00 -0.0000e+00 -0.0000e+00 -0.0000e+00 -0.0000e+00 -0.0000e+00 -0.0000e+00 -0.0000e+00 -0.0000e+00 -0.0000e+00 -0.0000e+00 -0.0000e+00 -2.3118e-09 -1.3090e-08 -3.6131e-08 -7.4338e-08 -1.3024e-07 -2.0618e-07 -3.0440e-07 -4.2710e-07 -5.7651e-07 0.0000e+00 -9.6453e-07 -1.2079e-06 -1.4875e-06 -1.8060e-06 -2.1662e-06 -2.5710e-06 -3.0235e-06 -3.5270e-06 -4.0848e-06 -4.7005e-06 -5.3775e-06 -6.1195e-06 -6.9299e-06 -7.8119e-06 -8.7685e-06 -9.8019e-06 -1.0913e-05 -1.2103e-05 -1.3369e-05 -1.4706e-05 -1.6108e-05 -1.7562e-05 -1.9050e-05 -2.0550e-05 -2.2030e-05 -2.3447e-05 -2.4751e-05 -2.5878e-05 -2.6756e-05 -2.7302e-05 -2.7431e-05 -2.7057e-05 -2.6110e-05 -2.4546e-05 -2.2367e-05 -1.9634e-05 -1.6478e-05 -1.3103e-05 -9.7641e-06 -6.7271e-06 -4.2154e-06 -2.3548e-06 -1.1442e-06 -4.6917e-07 -1.5640e-07 -4.0471e-08 -7.6765e-09 -9.9372e-10 -8.0280e-11 -3.6177e-12 -7.8923e-14 -6.9653e-16 -1.9783e-18 -1.3493e-21 -1.5157e-25 -1.7209e-30 -1.0451e-36 -1.4731e-44 -1.5993e-54 -3.0789e-67 -1.4642e-83 -1.1926e-104 -4.3383e-132 -4.5927e-168 -1.2617e-215 -4.4622e-279 -0.0000e+00 -0.0000e+00 -0.0000e+00 -0.0000e+00 -0.0000e+00 -0.0000e+00 -0.0000e+00 -0.0000e+00 -0.0000e+00 -0.0000e+00 -0.0000e+00 -0.0000e+00 -0.0000e+00 -0.0000e+00 -0.0000e+00 -0.0000e+00 -0.0000e+00 -0.0000e+00 -0.0000e+00 -0.0000e+00 -0.0000e+00 -0.0000e+00 -0.0000e+00 -0.0000e+00
-2.9539e-09 -1.6726e-08 -4.6166e-08 -9.4984e-08 -1.6641e-07 -2.6344e-07 -3.8894e-07 -5.4572e-07 -7.3663e-07 -9.6453e-07 9.2165e-06 -1.5434e-06 -1.9006e-06 -2.3076e-06 -2.7678e-06 -3.2850e-06 -3.8632e-06 -4.5065e-06 -5.2193e-06 -6.0060e-06 -6.8710e-06 -7.8191e-06 -8.8546e-06 -9.9816e-06 -1.1204e-05 -1.2524e-05 -1.3944e-05 -1.5464e-05 -1.7082e-05 -1.8791e-05 -2.0581e-05 -2.2439e-05 -2.4342e-05 -2.6258e-05 -2.8149e-05 -2.9959e-05 -3.1625e-05 -3.3066e-05 -3.4188e-05 -3.4887e-05 -3.5051e-05 -3.4573e-05 -3.3364e-05 -3.1366e-05 -2.8582e-05 -2.5090e-05 -2.1058e-05 -1.6746e-05 -1.2479e-05 -8.5977e-06 -5.3879e-06 -3.0100e-06 -1.4627e-06 -5.9981e-07 -1.9997e-07 -5.1753e-08 -9.8183e-09 -1.2712e-09 -1.0273e-10 -4.6306e-12 -1.0106e-13 -8.9231e-16 -2.5359e-18 -1.7308e-21 -1.9460e-25 -2.2119e-30 -1.3451e-36 -1.8994e-44 -2.0667e-54 -3.9900e-67 -1.9043e-83 -1.5584e-104 -5.7031e-132 -6.0849e-168 -1.6889e-215 -6.0546e-279 -0.0000e+00 -0.0000e+00 -0.0000e+00 -0.0000e+00 -0.0000e+00 -0.0000e+00 -0.0000e+00 -0.0000e+00 -0.0000e+00 -0.0000e+00 -0.0000e+00 -0.0000e+00 -0.0000e+00 -0.0000e+00 -0.0000e+00 -0.0000e+00 -0.0000e+00 -0.0000e+00 -0.0000e+00 -0.0000e+00 -0.0000e+00 -0.0000e+00 -0.0000e+00 -0.0000e+00 -2.9539e-09 -1.6726e-08 -4.6166e-08 -9.4984e-08 -1.6641e-07 -2.6344e-07 -3.8894e-07 -5.4572e-07 -7.3663e-07 -9.6453e-07 0.0000e+00 -1.5434e-06 -1.9006e-06 -2.3076e-06 -2.7678e-06 -3.2850e-06 -3.8632e-06 -4.5065e-06 -5.2193e-06 -6.0059e-06 -6.8710e-06 -7.8191e-06 -8.8546e-06 -9.9816e-06 -1.1204e-05 -1.2524e-05 -1.3944e-05 -1.5464e-05 -1.7081e-05 -1.8790e-05 -2.0581e-05 -2.2439e-05 -2.4342e-05 -2.6258e-05 -2.8148e-05 -2.9959e-05 -3.1625e-05 -3.3065e-05 -3.4187e-05 -3.4885e-05 -3.5049e-05 -3.4572e-05 -3.3362e-05 -3.1364e-05 -2.8580e-05 -2.5087e-05 -2.1055e-05 -1.6743e-05 -1.2476e-05 -8.5958e-06 -5.3865e-06 -3.0091e-06 -1.4621e-06 -5.9954e-07 -1.9986e-07 -5.1719e-08 -9.8103e-09 -1.2700e-09 -1.0260e-10 -4.6239e-12 -1.0088e-13 -8.9040e-16 -2.5293e-18 -1.7253e-21 -1.9384e-25 -2.2012e-30 -1.3371e-36 -1.8853e-44 -2.0476e-54 -3.9441e-67 -1.8769e-83 -1.5301e-104 -5.5721e-132 -5.9073e-168 -1.6260e-215 -5.7651e-279 -0.0000e+00 -0.0000e+00 -0.0000e+00 -0.0000e+00 -0.0000e+00 -0.0000e+00 -0.0000e+00 -0.0000e+00 -0.0000e+00 -0.0000e+00 -0.0000e+00 -0.0000e+00 -0.0000e+00 -0.0000e+00 -0.0000e+00 -0.0000e+00 -0.0000e+00 -0.0000e+00 -0.0000e+00 -0.0000e+00 -0.0000e+00 -0.0000e+00 -0.0000e+00 -0.0000e+00
-3.6992e-09 -2.0946e-08 -5.7814e-08 -1.1895e-07 -2.0840e-07 -3.2991e-07 -4.8707e-07 -6.8342e-07 -9.2249e-07 -1.2079e-06 -1.5434e-06 1.5711e-05 -2.3802e-06 -2.8898e-06 -3.4661e-06 -4.1138e-06 -4.8379e-06 -5.6436e-06 -6.5362e-06 -7.5213e-06 -8.6047e-06 -9.7919e-06 -1.1089e-05 -1.2500e-05 -1.4031e-05 -1.5684e-05 -1.7463e-05 -1.9366e-05 -2.1391e-05 -2.3532e-05 -2.5775e-05 -2.8101e-05 -3.0484e-05 -3.2884e-05 -3.5251e-05 -3.7519e-05 -3.9606e-05 -4.1410e-05 -4.2815e-05 -4.3690e-05 -4.3896e-05 -4.3299e-05 -4.1784e-05 -3.9283e-05 -3.5797e-05 -3.1424e-05 -2.6374e-05 -2.0974e-05 -1.5630e-05 -1.0769e-05 -6.7492e-06 -3.7707e-06 -1.8325e-06 -7.5152e-07 -2.5057e-07 -6.4857e-08 -1.2306e-08 -1.5936e-09 -1.2881e-10 -5.8078e-12 -1.2679e-13 -1.1200e-15 -3.1845e-18 -2.1749e-21 -2.4471e-25 -2.7842e-30 -1.6952e-36 -2.3973e-44 -2.6134e-54 -5.0577e-67 -2.4213e-83 -1.9893e-104 -7.3171e-132 -7.8583e-168 -2.1997e-215 -7.9735e-279 -0.0000e+00 -0.0000e+00 -0.0000e+00 -0.0000e+00 -0.0000e+00 -0.0000e+00 -0.0000e+00 -0.0000e+00 -0.0000e+00 -0.0000e+00 -0.0000e+00 -0.0000e+00 -0.0000e+00 -0.0000e+00 -0.0000e+00 -0.0000e+00 -0.0000e+00 -0.0000e+00 -0.0000e+00 -0.0000e+00 -0.0000e+00 -0.0000e+00 -0.0000e+00 -0.0000e+00 -3.6992e-09 -2.0946e-08 -5.7814e-08 -1.1895e-07 -2.0840e-07 -3.2991e-07 -4.8707e-07 -6.8342e-07 -9.2249e-07 -1.2079e-06 -1.5434e-06 0.0000e+00 -2.3802e-06 -2.8898e-06 -3.4661e-06 -4.1138e-06 -4.8379e-06 -5.6436e-06 -6.5362e-06 -7.5213e-06 -8.6047e-06 -9.7919e-06 -1.1089e-05 -1.2500e-05 -1.4031e-05 -1.5684e-05 -1.7463e-05 -1.9366e-05 -2.1391e-05 -2.3531e-05 -2.5774e-05 -2.8101e-05 -3.0483e-05 -3.2883e-05 -3.5250e-05 -3.7518e-05 -3.9604e-05 -4.1409e-05 -4.2813e-05 -4.3688e-05 -4.3893e-05 -4.3295e-05 -4.1780e-05 -3.9279e-05 -3.5792e-05 -3.1418e-05 -2.6369e-05 -2.0969e-05 -1.5625e-05 -1.0765e-05 -6.7462e-06 -3.7687e-06 -1.8313e-06 -7.5093e-07 -2.5033e-07 -6.4783e-08 -1.2289e-08 -1.5910e-09 -1.2855e-10 -5.7936e-12 -1.2641e-13 -1.1159e-15 -3.1704e-18 -2.1630e-21 -2.4308e-25 -2.7613e-30 -1.6780e-36 -2.3672e-44 -2.5727e-54 -4.9595e-67 -2.3625e-83 -1.9286e-104 -7.0359e-132 -7.4764e-168 -2.0641e-215 -7.3482e-279 -0.0000e+00 -0.0000e+00 -0.0000e+00 -0.0000e+00 -0.0000e+00 -0.0000e+00 -0.0000e+00 -0.0000e+00 -0.0000e+00 -0.0000e+00 -0.0000e+00 -0.0000e+00 -0.0000e+00 -0.0000e+00 -0.0000e+00 -0.0000e+00 -0.0000e+00 -0.0000e+00 -0.0000e+00 -0.0000e+00 -0.0000e+00 -0.0000e+00 -0.0000e+00 -0.0000e+00
-4.5555e-09 -2.5795e-08 -7.1197e-08 -1.4648e-07 -2.5664e-07 -4.0628e-07 -5.9982e-07 -8.4161e-07 -1.1360e-06 -1.4875e-06 -1.9006e-06 -2.3802e-06 2.5711e-05 -3.5587e-06 -4.2684e-06 -5.0661e-06 -5.9578e-06 -6.9499e-06 -8.0491e-06 -9.2623e-06 -1.0596e-05 -1.2059e-05 -1.3655e-05 -1.5394e-05 -1.7279e-05 -1.9315e-05 -2.1505e-05 -2.3849e-05 -2.6343e-05 -2.8979e-05 -3.1741e-05 -3.4606e-05 -3.7540e-05 -4.0496e-05 -4.3412e-05 -4.6205e-05 -4.8775e-05 -5.0997e-05 -5.2728e-05 -5.3806e-05 -5.4061e-05 -5.3325e-05 -5.1461e-05 -4.8382e-05 -4.4090e-05 -3.8704e-05 -3.2486e-05 -2.5835e-05 -1.9254e-05 -1.3267e-05 -8.3150e-06 -4.6460e-06 -2.2580e-06 -9.2617e-07 -3.0885e-07 -7.9957e-08 -1.5175e-08 -1.9656e-09 -1.5893e-10 -7.1690e-12 -1.5659e-13 -1.3840e-15 -3.9383e-18 -2.6922e-21 -3.0329e-25 -3.4556e-30 -2.1079e-36 -2.9877e-44 -3.2665e-54 -6.3448e-67 -3.0516e-83 -2.5220e-104 -9.3466e-132 -1.0135e-167 -2.8726e-215 -1.0580e-278 -0.0000e+00 -0.0000e+00 -0.0000e+00 -0.0000e+00 -0.0000e+00 -0.0000e+00 -0.0000e+00 -0.0000e+00 -0.0000e+00 -0.0000e+00 -0.0000e+00 -0.0000e+00 -0.0000e+00 -0.0000e+00 -0.0000e+00 -0.0000e+00 -0.0000e+00 -0.0000e+00 -0.0000e+00 -0.0000e+00 -0.0000e+00 -0.0000e+00 -0.0000e+00 -0.0000e+00 -4.5555e-09 -2.5795e-08 -7.1197e-08 -1.4648e-07 -2.5664e-07 -4.0628e-07 -5.9982e-07 -8.4161e-07 -1.1360e-06 -1.4875e-06 -1.9006e-06 -2.3802e-06 0.0000e+00 -3.5587e-06 -4.2684e-06 -5.0661e-06 -5.9578e-06 -6.9499e-06 -8.0491e-06 -9.2623e-06 -1.0596e-05 -1.2059e-05 -1.3655e-05 -1.5394e-05 -1.7278e-05 -1.9315e-05 -2.1505e-05 -2.3849e-05 -2.6343e-05 -2.8978e-05 -3.1740e-05 -3.4605e-05 -3.7539e-05 -4.0495e-05 -4.3410e-05 -4.6203e-05 -4.8772e-05 -5.0994e-05 -5.2724e-05 -5.3801e-05 -5.4055e-05 -5.3318e-05 -5.1453e-05 -4.8372e-05 -4.4079e-05 -3.8693e-05 -3.2475e-05 -2.5824e-05 -1.9244e-05 -1.3259e-05 -8.3089e-06 -4.6419e-06 -2.2556e-06 -9.2498e-07 -3.0837e-07 -7.9808e-08 -1.5140e-08 -1.9603e-09 -1.5840e-10 -7.1402e-12 -1.5582e-13 -1.3758e-15 -3.9098e-18 -2.6684e-21 -2.9999e-25 -3.4095e-30 -2.0732e-36 -2.9270e-44 -3.1842e-54 -6.1461e-67 -2.9325e-83 -2.3989e-104 -8.7752e-132 -9.3575e-168 -2.5954e-215 -9.2964e-279 -0.0000e+00 -0.0000e+00 -0.0000e+00 -0.0000e+00 -0.0000e+00 -0.0000e+00 -0.0000e+00 -0.0000e+00 -0.0000e+00 -0.0000e+00 -0.0000e+00 -0.0000e+00 -0.0000e+00 -0.0000e+00 -0.0000e+00 -0.0000e+00 -0.0000e+00 -0.0000e+00 -0.0000e+00 -0.0000e+00 -0.0000e+00 -0.0000e+00 -0.0000e+00 -0.0000e+00
-5.5309e-09 -3.1318e-08 -8.6441e-08 -1.7785e-07 -3.1159e-07 -4.9327e-07 -7.2825e-07 -1.0218e-06 -1.3792e-06 -1.8060e-06 -2.3076e-06 -2.8898e-06 -3.5587e-06 4.0646e-05 -5.1823e-06 -6.1508e-06 -7.2334e-06 -8.4380e-06 -9.7726e-06 -1.1245e-05 -1.2865e-05 -1.4640e-05 -1.6579e-05 -1.8690e-05 -2.0978e-05 -2.3450e-05 -2.6110e-05 -2.8956e-05 -3.1984e-05 -3.5184e-05 -3.8537e-05 -4.2016e-05 -4.5579e-05 -4.9168e-05 -5.2708e-05 -5.6100e-05 -5.9220e-05 -6.1920e-05 -6.4022e-05 -6.5332e-05 -6.5642e-05 -6.4750e-05 -6.2488e-05 -5.8751e-05 -5.3541e-05 -4.7003e-05 -3.9453e-05 -3.1378e-05 -2.3387e-05 -1.6116e-05 -1.0102e-05 -5.6451e-06 -2.7440e-06 -1.1257e-06 -3.7549e-07 -9.7235e-08 -1.8460e-08 -2.3922e-09 -1.9352e-10 -8.7345e-12 -1.9093e-13 -1.6891e-15 -4.8119e-18 -3.2940e-21 -3.7172e-25 -4.2446e-30 -2.5961e-36 -3.6922e-44 -4.0538e-54 -7.9161e-67 -3.8330e-83 -3.1947e-104 -1.1968e-131 -1.3155e-167 -3.7930e-215 -1.4276e-278 -0.0000e+00 -0.0000e+00 -0.0000e+00 -0.0000e+00 -0.0000e+00 -0.0000e+00 -0.0000e+00 -0.0000e+00 -0.0000e+00 -0.0000e+00 -0.0000e+00 -0.0000e+00 -0.0000e+00 -0.0000e+00 -0.0000e+00 -0.0000e+00 -0.0000e+00 -0.0000e+00 -0.0000e+00 -0.0000e+00 -0.0000e+00 -0.0000e+00 -0.0000e+00 -0.0000e+00 -5.5309e-09 -3.1318e-08 -8.6441e-08 -1.7785e-07 -3.1159e-07 -4.9327e-07 -7.2825e-07 -1.0218e-06 -1.3792e-06 -1.8060e-06 -2.3076e-06 -2.8898e-06 -3.5587e-06 0.0000e+00 -5.1823e-06 -6.1508e-06 -7.2334e-06 -8.4380e-06 -9.7725e-06 -1.1245e-05 -1.2865e-05 -1.4640e-05 -1.6579e-05 -1.8689e-05 -2.0978e-05 -2.3450e-05 -2.6109e-05 -2.8955e-05 -3.1983e-05 -3.5183e-05 -3.8537e-05 -4.2015e-05 -4.5577e-05 -4.9166e-05 -5.2705e-05 -5.6096e-05 -5.9216e-05 -6.1914e-05 -6.4015e-05 -6.5323e-05 -6.5630e-05 -6.4737e-05 -6.2472e-05 -5.8733e-05 -5.3521e-05 -4.6981e-05 -3.9432e-05 -3.1358e-05 -2.3368e-05 -1.6101e-05 -1.0090e-05 -5.6372e-06 -2.7394e-06 -1.1234e-06 -3.7457e-07 -9.6948e-08 -1.8394e-08 -2.3819e-09 -1.9250e-10 -8.6792e-12 -1.8946e-13 -1.6733e-15 -4.7570e-18 -3.2481e-21 -3.6538e-25 -4.1557e-30 -2.5293e-36 -3.5751e-44 -3.8950e-54 -7.5323e-67 -3.6026e-83 -2.9561e-104 -1.0857e-131 -1.1638e-167 -3.2499e-215 -1.1746e-278 -0.0000e+00 -0.0000e+00 -0.0000e+00 -0.0000e+00 -0.0000e+00 -0.0000e+00 -0.0000e+00 -0.0000e+00 -0.0000e+00 -0.0000e+00 -0.0000e+00 -0.0000e+00 -0.0000e+00 -0.0000e+00 -0.0000e+00 -0.0000e+00 -0.0000e+00 -0.0000e+00 -0.0000e+00 -0.0000e+00 -0.0000e+00 -0.0000e+00 -0.0000e+00 -0.0000e+00
-6.6339e-09 -3.7564e-08 -1.0368e-07 -2.1332e-07 -3.7373e-07 -5.9164e-07 -8.7348e-07 -1.2256e-06 -1.6543e-06 -2.1662e-06 -2.7678e-06 -3.4661e-06 -4.2684e-06 -5.1823e-06 6.2379e-05 -7.3775e-06 -8.6760e-06 -1.0121e-05 -1.1722e-05 -1.3488e-05 -1.5431e-05 -1.7560e-05 -1.9886e-05 -2.2417e-05 -2.5162e-05 -2.8127e-05 -3.1317e-05 -3.4730e-05 -3.8363e-05 -4.2201e-05 -4.6224e-05 -5.0397e-05 -5.4670e-05 -5.8976e-05 -6.3222e-05 -6.7292e-05 -7.1035e-05 -7.4274e-05 -7.6798e-05 -7.8370e-05 -7.8744e-05 -7.7677e-05 -7.4966e-05 -7.0486e-05 -6.4238e-05 -5.6397e-05 -4.7343e-05 -3.7656e-05 -2.8068e-05 -1.9345e-05 -1.2128e-05 -6.7784e-06 -3.2957e-06 -1.3524e-06 -4.5125e-07 -1.1690e-07 -2.2205e-08 -2.8792e-09 -2.3308e-10 -1.0530e-11 -2.3042e-13 -2.0412e-15 -5.8246e-18 -3.9953e-21 -4.5200e-25 -5.1772e-30 -3.1788e-36 -4.5426e-44 -5.0173e-54 -9.8711e-67 -4.8245e-83 -4.0682e-104 -1.5464e-131 -1.7310e-167 -5.1051e-215 -1.9757e-278 -0.0000e+00 -0.0000e+00 -0.0000e+00 -0.0000e+00 -0.0000e+00 -0.0000e+00 -0.0000e+00 -0.0000e+00 -0.0000e+00 -0.0000e+00 -0.0000e+00 -0.0000e+00 -0.0000e+00 -0.0000e+00 -0.0000e+00 -0.0000e+00 -0.0000e+00 -0.0000e+00 -0.0000e+00 -0.0000e+00 -0.0000e+00 -0.0000e+00 -0.0000e+00 -0.0000e+00 -6.6339e-09 -3.7564e-08 -1.0368e-07 -2.1332e-07 -3.7373e-07 -5.9164e-07 -8.7348e-07 -1.2256e-06 -1.6543e-06 -2.1662e-06 -2.7678e-06 -3.4661e-06 -4.2684e-06 -5.1823e-06 0.0000e+00 -7.3775e-06 -8.6760e-06 -1.0121e-05 -1.1722e-05 -1.3488e-05 -1.5431e-05 -1.7560e-05 -1.9886e-05 -2.2417e-05 -2.5162e-05 -2.8127e-05 -3.1317e-05 -3.4730e-05 -3.8362e-05 -4.2200e-05 -4.6222e-05 -5.0395e-05 -5.4667e-05 -5.8972e-05 -6.3217e-05 -6.7285e-05 -7.1027e-05 -7.4263e-05 -7.6784e-05 -7.8353e-05 -7.8723e-05 -7.7652e-05 -7.4936e-05 -7.0452e-05 -6.4201e-05 -5.6358e-05 -4.7303e-05 -3.7618e-05 -2.8034e-05 -1.9317e-05 -1.2106e-05 -6.7640e-06 -3.2872e-06 -1.3482e-06 -4.4956e-07 -1.1638e-07 -2.2084e-08 -2.8602e-09 -2.3122e-10 -1.0428e-11 -2.2771e-13 -2.0121e-15 -5.7233e-18 -3.9106e-21 -4.4029e-25 -5.0131e-30 -3.0552e-36 -4.3258e-44 -4.7229e-54 -9.1581e-67 -4.3954e-83 -3.6227e-104 -1.3382e-131 -1.4451e-167 -4.0748e-215 -1.4915e-278 -0.0000e+00 -0.0000e+00 -0.0000e+00 -0.0000e+00 -0.0000e+00 -0.0000e+00 -0.0000e+00 -0.0000e+00 -0.0000e+00 -0.0000e+00 -0.0000e+00 -0.0000e+00 -0.0000e+00 -0.0000e+00 -0.0000e+00 -0.0000e+00 -0.0000e+00 -0.0000e+00 -0.0000e+00 -0.0000e+00 -0.0000e+00 -0.0000e+00 -0.0000e+00 -0.0000e+00
-7.8737e-09 -4.4583e-08 -1.2306e-07 -2.5318e-07 -4.4358e-07 -7.0221e-07 -1.0367e-06 -1.4546e-06 -1.9635e-06 -2.5710e-06 -3.2850e-06 -4.1138e-06 -5.0661e-06 -6.1508e-06 -7.3775e-06 9.3305e-05 -1.0297e-05 -1.2012e-05 -1.3912e-05 -1.6009e-05 -1.8315e-05 -2.0842e-05 -2.3602e-05 -2.6606e-05 -2.9864e-05 -3.3384e-05 -3.7170e-05 -4.1221e-05 -4.5533e-05 -5.0089e-05 -5.4863e-05 -5.9817e-05 -6.4889e-05 -7.0001e-05 -7.5042e-05 -7.9873e-05 -8.4318e-05 -8.8164e-05 -9.1161e-05 -9.3031e-05 -9.3478e-05 -9.2215e-05 -8.9001e-05 -8.3687e-05 -7.6275e-05 -6.6971e-05 -5.6225e-05 -4.4727e-05 -3.3344e-05 -2.2985e-05 -1.4413e-05 -8.0580e-06 -3.9191e-06 -1.6089e-06 -5.3708e-07 -1.3922e-07 -2.6462e-08 -3.4341e-09 -2.7829e-10 -1.2588e-11 -2.7588e-13 -2.4485e-15 -7.0030e-18 -4.8173e-21 -5.4690e-25 -6.2913e-30 -3.8835e-36 -5.5863e-44 -6.2207e-54 -1.2363e-66 -6.1183e-83 -5.2394e-104 -2.0297e-131 -2.3254e-167 -7.0543e-215 -2.8247e-278 -0.0000e+00 -0.0000e+00 -0.0000e+00 -0.0000e+00 -0.0000e+00 -0.0000e+00 -0.0000e+00 -0.0000e+00 -0.0000e+00 -0.0000e+00 -0.0000e+00 -0.0000e+00 -0.0000e+00 -0.0000e+00 -0.0000e+00 -0.0000e+00 -0.0000e+00 -0.0000e+00 -0.0000e+00 -0.0000e+00 -0.0000e+00 -0.0000e+00 -0.0000e+00 -0.0000e+00 -7.8737e-09 -4.4583e-08 -1.2306e-07 -2.5318e-07 -4.4358e-07 -7.0221e-07 -1.0367e-06 -1.4546e-06 -1.9635e-06 -2.5710e-06 -3.2850e-06 -4.1138e-06 -5.0661e-06 -6.1508e-06 -7.3775e-06 0.0000e+00 -1.0297e-05 -1.2012e-05 -1.3912e-05 -1.6009e-05 -1.8315e-05 -2.0842e-05 -2.3602e-05 -2.6606e-05 -2.9864e-05 -3.3383e-05 -3.7169e-05 -4.1220e-05 -4.5531e-05 -5.0087e-05 -5.4861e-05 -5.9813e-05 -6.4884e-05 -6.9994e-05 -7.5033e-05 -7.9861e-05 -8.4302e-05 -8.8144e-05 -9.1137e-05 -9.3001e-05 -9.3440e-05 -9.2170e-05 -8.8949e-05 -8.3628e-05 -7.6209e-05 -6.6901e-05 -5.6154e-05 -4.4659e-05 -3.3283e-05 -2.2935e-05 -1.4375e-05 -8.0322e-06 -3.9041e-06 -1.6014e-06 -5.3407e-07 -1.3828e-07 -2.6246e-08 -3.4003e-09 -2.7498e-10 -1.2407e-11 -2.7107e-13 -2.3967e-15 -6.8227e-18 -4.6664e-21 -5.2602e-25 -5.9983e-30 -3.6627e-36 -5.1982e-44 -5.6926e-54 -1.1081e-66 -5.3440e-83 -4.4322e-104 -1.6503e-131 -1.8007e-167 -5.1460e-215 -1.9167e-278 -0.0000e+00 -0.0000e+00 -0.0000e+00 -0.0000e+00 -0.0000e+00 -0.0000e+00 -0.0000e+00 -0.0000e+00 -0.0000e+00 -0.0000e+00 -0.0000e+00 -0.0000e+00 -0.0000e+00 -0.0000e+00 -0.0000e+00 -0.0000e+00 -0.0000e+00 -0.0000e+00 -0.0000e+00 -0.0000e+00 -0.0000e+00 -0.0000e+00 -0.0000e+00 -0.0000e+00
