2.9553e-08 -1.0354e-08 -1.9042e-08 -2.9351e-08 -4.1064e-08 -5.4017e-08 -6.8059e-08 -8.3032e-08 -9.8748e-08 -1.1498e-07 -1.3143e-07 -1.4777e-07 -1.6355e-07 -1.7829e-07 -1.9142e-07 -2.0233e-07 -2.1037e-07 -2.1494e-07 -2.1550e-07 -2.1166e-07 -2.0322e-07 -1.9031e-07 -1.7335e-07 -1.5312e-07 -1.3068e-07 -1.0735e-07 -8.4490e-08 -6.3402e-08 -4.5104e-08 -3.0229e-08 -1.8950e-08 -1.1024e-08 -5.8988e-09 -2.8738e-09 -1.2606e-09 -4.9153e-10 -1.6796e-10 -4.9489e-11 -1.2347e-11 -2.5554e-12 -4.2857e-13 -5.6729e-14 -5.7515e-15 -4.3163e-16 -2.3064e-17 -8.3937e-19 -1.9776e-20 -2.8459e-22 -2.3399e-24 -1.0178e-26 -2.1434e-29 -1.9724e-32 -7.0415e-36 -8.4937e-40 -2.9466e-44 -2.4352e-49 -3.8445e-55 -8.9409e-62 -2.2542e-69 -4.2849e-78 -3.9875e-88 -1.0850e-99 -4.6553e-113 -1.4976e-128 -1.4704e-146 -1.4785e-167 -4.0119e-192 -5.7142e-221 -5.6552e-255 -3.1530e-295 0.0000e+00 0.0000e+00 0.0000e+00 0.0000e+00 0.0000e+00 0.0000e+00 0.0000e+00 0.0000e+00 0.0000e+00 0.0000e+00 0.0000e+00 0.0000e+00 0.0000e+00 0.0000e+00 0.0000e+00 0.0000e+00 0.0000e+00 0.0000e+00 0.0000e+00 0.0000e+00 0.0000e+00 0.0000e+00 0.0000e+00 0.0000e+00 0.0000e+00 0.0000e+00 0.0000e+00 0.0000e+00 0.0000e+00 0.0000e+00 0.0000e+00 1.0354e-08 1.9042e-08 2.9351e-08 4.1064e-08 5.4017e-08 6.8059e-08 8.3032e-08 9.8748e-08 1.1498e-07 1.3143e-07 1.4777e-07 1.6355e-07 1.7829e-07 1.9142e-07 2.0233e-07 2.1037e-07 2.1494e-07 2.1550e-07 2.1165e-07 2.0322e-07 1.9031e-07 1.7335e-07 1.5311e-07 1.3068e-07 1.0734e-07 8.4489e-08 6.3401e-08 4.5104e-08 3.0228e-08 1.8950e-08 1.1024e-08 5.8986e-09 2.8737e-09 1.2605e-09 4.9150e-10 1.6795e-10 4.9486e-11 1.2347e-11 2.5552e-12 4.2853e-13 5.6724e-14 5.7508e-15 4.3158e-16 2.3061e-17 8.3923e-19 1.9772e-20 2.8453e-22 2.3393e-24 1.0175e-26 2.1428e-29 1.9717e-32 7.0387e-36 8.4899e-40 2.9451e-44 2.4338e-49 3.8419e-55 8.9342e-62 2.2523e-69 4.2808e-78 3.9830e-88 1.0837e-99 4.6486e-113 1.4951e-128 1.4676e-146 1.4752e-167 4.0019e-192 5.6976e-221 5.6362e-255 3.1407e-295 0.0000e+00 0.0000e+00 0.0000e+00 0.0000e+00 0.0000e+00 0.0000e+00 0.0000e+00 0.0000e+00 0.0000e+00 0.0000e+00 0.0000e+00 0.0000e+00 0.0000e+00 0.0000e+00 0.0000e+00 0.0000e+00 0.0000e+00 0.0000e+00 0.0000e+00 0.0000e+00 0.0000e+00 0.0000e+00 0.0000e+00 0.0000e+00 0.0000e+00 0.0000e+00 0.0000e+00 0.0000e+00 0.0000e+00 0.0000e+00
-1.0354e-08 4.7331e-07 -5.3894e-08 -8.3074e-08 -1.1623e-07 -1.5289e-07 -1.9263e-07 -2.3501e-07 -2.7949e-07 -3.2543e-07 -3.7201e-07 -4.1823e-07 -4.6291e-07 -5.0463e-07 -5.4180e-07 -5.7267e-07 -5.9544e-07 -6.0839e-07 -6.0997e-07 -5.9909e-07 -5.7523e-07 -5.3869e-07 -4.9069e-07 -4.3342e-07 -3.6992e-07 -3.0387e-07 -2.3918e-07 -1.7949e-07 -1.2769e-07 -8.5582e-08 -5.3654e-08 -3.1215e-08 -1.6703e-08 -8.1382e-09 -3.5699e-09 -1.3921e-09 -4.7575e-10 -1.4020e-10 -3.4983e-11 -7.2410e-12 -1.2146e-12 -1.6081e-13 -1.6307e-14 -1.2241e-15 -6.5423e-17 -2.3817e-18 -5.6132e-20 -8.0809e-22 -6.6469e-24 -2.8927e-26 -6.0951e-29 -5.6121e-32 -2.0050e-35 -2.4204e-39 -8.4043e-44 -6.9529e-49 -1.0989e-54 -2.5591e-61 -6.4621e-69 -1.2305e-77 -1.1474e-87 -3.1294e-99 -1.3463e-112 -4.3442e-128 -4.2806e-146 -4.3220e-167 -1.1785e-191 -1.6881e-220 -1.6818e-254 -9.4503e-295 0.0000e+00 0.0000e+00 0.0000e+00 0.0000e+00 0.0000e+00 0.0000e+00 0.0000e+00 0.0000e+00 0.0000e+00 0.0000e+00 0.0000e+00 0.0000e+00 0.0000e+00 0.0000e+00 0.0000e+00 0.0000e+00 0.0000e+00 0.0000e+00 0.0000e+00 0.0000e+00 0.0000e+00 0.0000e+00 0.0000e+00 0.0000e+00 0.0000e+00 0.0000e+00 0.0000e+00 0.0000e+00 0.0000e+00 0.0000e+00 1.0354e-08 0.0000e+00 5.3894e-08 8.3074e-08 1.1623e-07 1.5289e-07 1.9263e-07 2.3501e-07 2.7949e-07 3.2543e-07 3.7200e-07 4.1823e-07 4.6291e-07 5.0463e-07 5.4179e-07 5.7266e-07 5.9543e-07 6.0837e-07 6.0995e-07 5.9906e-07 5.7520e-07 5.3865e-07 4.9065e-07 4.3337e-07 3.6987e-07 3.0382e-07 2.3914e-07 1.7945e-07 1.2766e-07 8.5556e-08 5.3635e-08 3.1202e-08 1.6695e-08 8.1337e-09 3.5677e-09 1.3911e-09 4.7535e-10 1.4006e-10 3.4945e-11 7.2321e-12 1.2129e-12 1.6055e-13 1.6277e-14 1.2215e-15 6.5269e-17 2.3753e-18 5.5963e-20 8.0533e-22 6.6211e-24 2.8800e-26 6.0648e-29 5.5806e-32 1.9922e-35 2.4029e-39 8.3357e-44 6.8886e-49 1.0874e-54 2.5287e-61 6.3748e-69 1.2116e-77 1.1273e-87 3.0671e-99 1.3157e-112 4.2317e-128 4.1538e-146 4.1754e-167 1.1327e-191 1.6126e-220 1.5952e-254 8.8891e-295 0.0000e+00 0.0000e+00 0.0000e+00 0.0000e+00 0.0000e+00 0.0000e+00 0.0000e+00 0.0000e+00 0.0000e+00 0.0000e+00 0.0000e+00 0.0000e+00 0.0000e+00 0.0000e+00 0.0000e+00 0.0000e+00 0.0000e+00 0.0000e+00 0.0000e+00 0.0000e+00 0.0000e+00 0.0000e+00 0.0000e+00 0.0000e+00 0.0000e+00 0.0000e+00 0.0000e+00 0.0000e+00 0.0000e+00 0.0000e+00
-1.9042e-08 -5.3894e-08 2.4000e-06 -1.5277e-07 -2.1374e-07 -2.8116e-07 -3.5425e-07 -4.3218e-07 -5.1399e-07 -5.9846e-07 -6.8413e-07 -7.6915e-07 -8.5132e-07 -9.2806e-07 -9.9642e-07 -1.0532e-06 -1.0951e-06 -1.1190e-06 -1.1219e-06 -1.1019e-06 -1.0581e-06 -9.9096e-07 -9.0272e-07 -7.9741e-07 -6.8064e-07 -5.5917e-07 -4.4018e-07 -3.3037e-07 -2.3507e-07 -1.5758e-07 -9.8810e-08 -5.7500e-08 -3.0776e-08 -1.4999e-08 -6.5819e-09 -2.5677e-09 -8.7785e-10 -2.5882e-10 -6.4618e-11 -1.3383e-11 -2.2465e-12 -2.9766e-13 -3.0211e-14 -2.2700e-15 -1.2147e-16 -4.4275e-18 -1.0450e-19 -1.5068e-21 -1.2417e-23 -5.4149e-26 -1.1436e-28 -1.0558e-31 -3.7831e-35 -4.5824e-39 -1.5972e-43 -1.3271e-48 -2.1079e-54 -4.9363e-61 -1.2544e-68 -2.4060e-77 -2.2621e-87 -6.2283e-99 -2.7085e-112 -8.8488e-128 -8.8436e-146 -9.0756e-167 -2.5214e-191 -3.6901e-220 -3.7685e-254 -2.1789e-294 0.0000e+00 0.0000e+00 0.0000e+00 0.0000e+00 0.0000e+00 0.0000e+00 0.0000e+00 0.0000e+00 0.0000e+00 0.0000e+00 0.0000e+00 0.0000e+00 0.0000e+00 0.0000e+00 0.0000e+00 0.0000e+00 0.0000e+00 0.0000e+00 0.0000e+00 0.0000e+00 0.0000e+00 0.0000e+00 0.0000e+00 0.0000e+00 0.0000e+00 0.0000e+00 0.0000e+00 0.0000e+00 0.0000e+00 0.0000e+00 1.9042e-08 5.3894e-08 0.0000e+00 1.5277e-07 2.1374e-07 2.8116e-07 3.5425e-07 4.3218e-07 5.1398e-07 5.9845e-07 6.8411e-07 7.6913e-07 8.5129e-07 9.2801e-07 9.9635e-07 1.0531e-06 1.0950e-06 1.1188e-06 1.1217e-06 1.1017e-06 1.0578e-06 9.9058e-07 9.0230e-07 7.9696e-07 6.8018e-07 5.5873e-07 4.3977e-07 3.3000e-07 2.3476e-07 1.5734e-07 9.8634e-08 5.7381e-08 3.0702e-08 1.4958e-08 6.5610e-09 2.5583e-09 8.7417e-10 2.5758e-10 6.4264e-11 1.3300e-11 2.2305e-12 2.9525e-13 2.9933e-14 2.2464e-15 1.2003e-16 4.3682e-18 1.0291e-19 1.4810e-21 1.2176e-23 5.2962e-26 1.1153e-28 1.0263e-31 3.6636e-35 4.4189e-39 1.5329e-43 1.2668e-48 1.9997e-54 4.6501e-61 1.1723e-68 2.2280e-77 2.0730e-87 5.6398e-99 2.4193e-112 7.7807e-128 7.6371e-146 7.6761e-167 2.0821e-191 2.9639e-220 2.9313e-254 1.6330e-294 0.0000e+00 0.0000e+00 0.0000e+00 0.0000e+00 0.0000e+00 0.0000e+00 0.0000e+00 0.0000e+00 0.0000e+00 0.0000e+00 0.0000e+00 0.0000e+00 0.0000e+00 0.0000e+00 0.0000e+00 0.0000e+00 0.0000e+00 0.0000e+00 0.0000e+00 0.0000e+00 0.0000e+00 0.0000e+00 0.0000e+00 0.0000e+00 0.0000e+00 0.0000e+00 0.0000e+00 0.0000e+00 0.0000e+00 0.0000e+00
-2.9351e-08 -8.3074e-08 -1.5277e-07 7.6023e-06 -3.2946e-07 -4.3338e-07 -5.4605e-07 -6.6618e-07 -7.9228e-07 -9.2251e-07 -1.0546e-06 -1.1857e-06 -1.3124e-06 -1.4307e-06 -1.5362e-06 -1.6238e-06 -1.6885e-06 -1.7254e-06 -1.7301e-06 -1.6995e-06 -1.6321e-06 -1.5287e-06 -1.3929e-06 -1.2306e-06 -1.0507e-06 -8.6341e-07 -6.7989e-07 -5.1047e-07 -3.6337e-07 -2.4370e-07 -1.5290e-07 -8.9029e-08 -4.7685e-08 -2.3259e-08 -1.0216e-08 -3.9893e-09 -1.3655e-09 -4.0310e-10 -1.0079e-10 -2.0910e-11 -3.5164e-12 -4.6690e-13 -4.7500e-14 -3.5786e-15 -1.9206e-16 -7.0242e-18 -1.6641e-19 -2.4098e-21 -1.9952e-23 -8.7476e-26 -1.8586e-28 -1.7275e-31 -6.2369e-35 -7.6192e-39 -2.6813e-43 -2.2520e-48 -3.6203e-54 -8.5939e-61 -2.2174e-68 -4.3265e-77 -4.1466e-87 -1.1665e-98 -5.1968e-112 -1.7444e-127 -1.7968e-145 -1.9073e-166 -5.5024e-191 -8.3979e-220 -8.9857e-254 -5.4712e-294 0.0000e+00 0.0000e+00 0.0000e+00 0.0000e+00 0.0000e+00 0.0000e+00 0.0000e+00 0.0000e+00 0.0000e+00 0.0000e+00 0.0000e+00 0.0000e+00 0.0000e+00 0.0000e+00 0.0000e+00 0.0000e+00 0.0000e+00 0.0000e+00 0.0000e+00 0.0000e+00 0.0000e+00 0.0000e+00 0.0000e+00 0.0000e+00 0.0000e+00 0.0000e+00 0.0000e+00 0.0000e+00 0.0000e+00 0.0000e+00 2.9351e-08 8.3074e-08 1.5277e-07 0.0000e+00 3.2946e-07 4.3338e-07 5.4604e-07 6.6617e-07 7.9226e-07 9.2247e-07 1.0545e-06 1.1855e-06 1.3122e-06 1.4304e-06 1.5358e-06 1.6233e-06 1.6878e-06 1.7245e-06 1.7290e-06 1.6981e-06 1.6305e-06 1.5269e-06 1.3908e-06 1.2284e-06 1.0484e-06 8.6124e-07 6.7787e-07 5.0867e-07 3.6187e-07 2.4252e-07 1.5204e-07 8.8448e-08 4.7325e-08 2.3056e-08 1.0113e-08 3.9434e-09 1.3475e-09 3.9703e-10 9.9057e-11 2.0500e-11 3.4381e-12 4.5510e-13 4.6139e-14 3.4625e-15 1.8501e-16 6.7331e-18 1.5863e-19 2.2828e-21 1.8768e-23 8.1633e-26 1.7191e-28 1.5818e-31 5.6466e-35 6.8105e-39 2.3625e-43 1.9522e-48 3.0815e-54 7.1651e-61 1.8061e-68 3.4322e-77 3.1929e-87 8.6845e-99 3.7241e-112 1.1972e-127 1.1745e-145 1.1796e-166 3.1962e-191 4.5434e-220 4.4848e-254 2.4916e-294 0.0000e+00 0.0000e+00 0.0000e+00 0.0000e+00 0.0000e+00 0.0000e+00 0.0000e+00 0.0000e+00 0.0000e+00 0.0000e+00 0.0000e+00 0.0000e+00 0.0000e+00 0.0000e+00 0.0000e+00 0.0000e+00 0.0000e+00 0.0000e+00 0.0000e+00 0.0000e+00 0.0000e+00 0.0000e+00 0.0000e+00 0.0000e+00 0.0000e+00 0.0000e+00 0.0000e+00 0.0000e+00 0.0000e+00 0.0000e+00
-4.1064e-08 -1.1623e-07 -2.1374e-07 -3.2946e-07 1.8614e-05 -6.0634e-07 -7.6397e-07 -9.3206e-07 -1.1085e-06 -1.2907e-06 -1.4756e-06 -1.6590e-06 -1.8364e-06 -2.0022e-06 -2.1499e-06 -2.2728e-06 -2.3637e-06 -2.4157e-06 -2.4228e-06 -2.3805e-06 -2.2867e-06 -2.1426e-06 -1.9529e-06 -1.7261e-06 -1.4745e-06 -1.2124e-06 -9.5533e-07 -7.1782e-07 -5.1142e-07 -3.4334e-07 -2.1566e-07 -1.2574e-07 -6.7446e-08 -3.2953e-08 -1.4501e-08 -5.6747e-09 -1.9470e-09 -5.7635e-10 -1.4455e-10 -3.0090e-11 -5.0797e-12 -6.7736e-13 -6.9244e-14 -5.2450e-15 -2.8319e-16 -1.0427e-17 -2.4888e-19 -3.6342e-21 -3.0371e-23 -1.3454e-25 -2.8916e-28 -2.7221e-31 -9.9683e-35 -1.2370e-38 -4.4294e-43 -3.7922e-48 -6.2267e-54 -1.5129e-60 -4.0047e-68 -8.0360e-77 -7.9420e-87 -2.3104e-98 -1.0676e-111 -3.7286e-127 -4.0100e-145 -4.4601e-166 -1.3534e-190 -2.1815e-219 -2.4760e-253 -1.6069e-293 0.0000e+00 0.0000e+00 0.0000e+00 0.0000e+00 0.0000e+00 0.0000e+00 0.0000e+00 0.0000e+00 0.0000e+00 0.0000e+00 0.0000e+00 0.0000e+00 0.0000e+00 0.0000e+00 0.0000e+00 0.0000e+00 0.0000e+00 0.0000e+00 0.0000e+00 0.0000e+00 0.0000e+00 0.0000e+00 0.0000e+00 0.0000e+00 0.0000e+00 0.0000e+00 0.0000e+00 0.0000e+00 0.0000e+00 0.0000e+00 4.1064e-08 1.1623e-07 2.1374e-07 3.2946e-07 0.0000e+00 6.0633e-07 7.6395e-07 9.3202e-07 1.1084e-06 1.2906e-06 1.4753e-06 1.6587e-06 1.8358e-06 2.0013e-06 2.1487e-06 2.2711e-06 2.3614e-06 2.4127e-06 2.4190e-06 2.3758e-06 2.2812e-06 2.1362e-06 1.9458e-06 1.7187e-06 1.4669e-06 1.2049e-06 9.4838e-07 7.1166e-07 5.0628e-07 3.3930e-07 2.1271e-07 1.2374e-07 6.6210e-08 3.2257e-08 1.4149e-08 5.5170e-09 1.8852e-09 5.5547e-10 1.3859e-10 2.8681e-11 4.8101e-12 6.3669e-13 6.4548e-14 4.8441e-15 2.5883e-16 9.4192e-18 2.2191e-19 3.1932e-21 2.6252e-23 1.1418e-25 2.4043e-28 2.2120e-31 7.8955e-35 9.5215e-39 3.3022e-43 2.7280e-48 4.3045e-54 1.0004e-60 2.5203e-68 4.7856e-77 4.4472e-87 1.2079e-98 5.1703e-112 1.6580e-127 1.6209e-145 1.6203e-166 4.3620e-191 6.1446e-220 5.9872e-254 3.2644e-294 0.0000e+00 0.0000e+00 0.0000e+00 0.0000e+00 0.0000e+00 0.0000e+00 0.0000e+00 0.0000e+00 0.0000e+00 0.0000e+00 0.0000e+00 0.0000e+00 0.0000e+00 0.0000e+00 0.0000e+00 0.0000e+00 0.0000e+00 0.0000e+00 0.0000e+00 0.0000e+00 0.0000e+00 0.0000e+00 0.0000e+00 0.0000e+00 0.0000e+00 0.0000e+00 0.0000e+00 0.0000e+00 0.0000e+00 0.0000e+00
-5.4017e-08 -1.5289e-07 -2.8116e-07 -4.3338e-07 -6.0634e-07 3.8736e-05 -1.0050e-06 -1.2261e-06 -1.4583e-06 -1.6981e-06 -1.9413e-06 -2.1829e-06 -2.4165e-06 -2.6350e-06 -2.8299e-06 -2.9922e-06 -3.1126e-06 -3.1820e-06 -3.1925e-06 -3.1380e-06 -3.0158e-06 -2.8274e-06 -2.5788e-06 -2.2812e-06 -1.9504e-06 -1.6054e-06 -1.2666e-06 -9.5301e-07 -6.8007e-07 -4.5739e-07 -2.8789e-07 -1.6824e-07 -9.0486e-08 -4.4342e-08 -1.9578e-08 -7.6909e-09 -2.6500e-09 -7.8819e-10 -1.9873e-10 -4.1615e-11 -7.0721e-12 -9.5001e-13 -9.7913e-14 -7.4841e-15 -4.0816e-16 -1.5196e-17 -3.6718e-19 -5.4342e-21 -4.6091e-23 -2.0751e-25 -4.5398e-28 -4.3572e-31 -1.6295e-34 -2.0689e-38 -7.5941e-43 -6.6780e-48 -1.1286e-53 -2.8287e-60 -7.7415e-68 -1.6099e-76 -1.6529e-86 -5.0086e-98 -2.4173e-111 -8.8437e-127 -9.9945e-145 -1.1721e-165 -3.7644e-190 -6.4496e-219 -7.8183e-253 -5.4487e-293 0.0000e+00 0.0000e+00 0.0000e+00 0.0000e+00 0.0000e+00 0.0000e+00 0.0000e+00 0.0000e+00 0.0000e+00 0.0000e+00 0.0000e+00 0.0000e+00 0.0000e+00 0.0000e+00 0.0000e+00 0.0000e+00 0.0000e+00 0.0000e+00 0.0000e+00 0.0000e+00 0.0000e+00 0.0000e+00 0.0000e+00 0.0000e+00 0.0000e+00 0.0000e+00 0.0000e+00 0.0000e+00 0.0000e+00 0.0000e+00 5.4017e-08 1.5289e-07 2.8116e-07 4.3338e-07 6.0633e-07 0.0000e+00 1.0049e-06 1.2260e-06 1.4581e-06 1.6977e-06 1.9407e-06 2.1818e-06 2.4149e-06 2.6325e-06 2.8264e-06 2.9874e-06 3.1062e-06 3.1737e-06 3.1820e-06 3.1252e-06 3.0007e-06 2.8100e-06 2.5596e-06 2.2608e-06 1.9295e-06 1.5850e-06 1.2475e-06 9.3614e-07 6.6597e-07 4.4633e-07 2.7980e-07 1.6277e-07 8.7094e-08 4.2431e-08 1.8611e-08 7.2570e-09 2.4797e-09 7.3064e-10 1.8229e-10 3.7724e-11 6.3266e-12 8.3740e-13 8.4893e-14 6.3705e-15 3.4036e-16 1.2385e-17 2.9176e-19 4.1977e-21 3.4504e-23 1.5003e-25 3.1583e-28 2.9046e-31 1.0362e-34 1.2488e-38 4.3271e-43 3.5707e-48 5.6259e-54 1.3050e-60 3.2789e-68 6.2046e-77 5.7392e-87 1.5491e-98 6.5736e-112 2.0830e-127 2.0026e-145 1.9545e-166 5.0800e-191 6.7847e-220 6.0750e-254 2.8673e-294 0.0000e+00 0.0000e+00 0.0000e+00 0.0000e+00 0.0000e+00 0.0000e+00 0.0000e+00 0.0000e+00 0.0000e+00 0.0000e+00 0.0000e+00 0.0000e+00 0.0000e+00 0.0000e+00 0.0000e+00 0.0000e+00 0.0000e+00 0.0000e+00 0.0000e+00 0.0000e+00 0.0000e+00 0.0000e+00 0.0000e+00 0.0000e+00 0.0000e+00 0.0000e+00 0.0000e+00 0.0000e+00 0.0000e+00 0.0000e+00
-6.8059e-08 -1.9263e-07 -3.5425e-07 -5.4605e-07 -7.6397e-07 -1.0050e-06 7.2066e-05 -1.5450e-06 -1.8376e-06 -2.1399e-06 -2.4467e-06 -2.7515e-06 -3.0465e-06 -3.3226e-06 -3.5693e-06 -3.7753e-06 -3.9288e-06 -4.0183e-06 -4.0338e-06 -3.9676e-06 -3.8163e-06 -3.5813e-06 -3.2700e-06 -2.8965e-06 -2.4802e-06 -2.0450e-06 -1.6166e-06 -1.2191e-06 -8.7225e-07 -5.8837e-07 -3.7157e-07 -2.1797e-07 -1.1773e-07 -5.7967e-08 -2.5731e-08 -1.0168e-08 -3.5271e-09 -1.0568e-09 -2.6866e-10 -5.6772e-11 -9.7449e-12 -1.3236e-12 -1.3807e-13 -1.0695e-14 -5.9174e-16 -2.2380e-17 -5.5010e-19 -8.2934e-21 -7.1760e-23 -3.3010e-25 -7.3902e-28 -7.2701e-31 -2.7915e-34 -3.6452e-38 -1.3785e-42 -1.2512e-47 -2.1867e-53 -5.6785e-60 -1.6136e-67 -3.4916e-76 -3.7392e-86 -1.1849e-97 -5.9969e-111 -2.3082e-126 -2.7543e-144 -3.4244e-165 -1.1714e-189 -2.1488e-218 -2.8062e-252 -2.1217e-292 0.0000e+00 0.0000e+00 0.0000e+00 0.0000e+00 0.0000e+00 0.0000e+00 0.0000e+00 0.0000e+00 0.0000e+00 0.0000e+00 0.0000e+00 0.0000e+00 0.0000e+00 0.0000e+00 0.0000e+00 0.0000e+00 0.0000e+00 0.0000e+00 0.0000e+00 0.0000e+00 0.0000e+00 0.0000e+00 0.0000e+00 0.0000e+00 0.0000e+00 0.0000e+00 0.0000e+00 0.0000e+00 0.0000e+00 0.0000e+00 6.8059e-08 1.9263e-07 3.5425e-07 5.4604e-07 7.6395e-07 1.0049e-06 0.0000e+00 1.5447e-06 1.8371e-06 2.1390e-06 2.4452e-06 2.7490e-06 3.0427e-06 3.3169e-06 3.5612e-06 3.7641e-06 3.9138e-06 3.9988e-06 4.0092e-06 3.9376e-06 3.7807e-06 3.5405e-06 3.2250e-06 2.8485e-06 2.4311e-06 1.9970e-06 1.5718e-06 1.1795e-06 8.3909e-07 5.6235e-07 3.5253e-07 2.0508e-07 1.0973e-07 5.3459e-08 2.3448e-08 9.1427e-09 3.1240e-09 9.2043e-10 2.2963e-10 4.7518e-11 7.9685e-12 1.0546e-12 1.0690e-13 8.0205e-15 4.2843e-16 1.5585e-17 3.6700e-19 5.2778e-21 4.3355e-23 1.8837e-25 3.9612e-28 3.6382e-31 1.2957e-34 1.5579e-38 5.3819e-43 4.4235e-48 6.9325e-54 1.5966e-60 3.9732e-68 7.4195e-77 6.7377e-87 1.7717e-98 7.2391e-112 2.1672e-127 1.9055e-145 1.5984e-166 3.0953e-191 1.8141e-220 -2.0446e-254 -4.4146e-294 0.0000e+00 0.0000e+00 0.0000e+00 0.0000e+00 0.0000e+00 0.0000e+00 0.0000e+00 0.0000e+00 0.0000e+00 0.0000e+00 0.0000e+00 0.0000e+00 0.0000e+00 0.0000e+00 0.0000e+00 0.0000e+00 0.0000e+00 0.0000e+00 0.0000e+00 0.0000e+00 0.0000e+00 0.0000e+00 0.0000e+00 0.0000e+00 0.0000e+00 0.0000e+00 0.0000e+00 0.0000e+00 0.0000e+00 0.0000e+00
-8.3032e-08 -2.3501e-07 -4.3218e-07 -6.6618e-07 -9.3206e-07 -1.2261e-06 -1.5450e-06 1.2354e-04 -2.2423e-06 -2.6115e-06 -2.9864e-06 -3.3590e-06 -3.7201e-06 -4.0585e-06 -4.3616e-06 -4.6156e-06 -4.8062e-06 -4.9193e-06 -4.9426e-06 -4.8668e-06 -4.6870e-06 -4.4048e-06 -4.0288e-06 -3.5756e-06 -3.0687e-06 -2.5370e-06 -2.0116e-06 -1.5222e-06 -1.0933e-06 -7.4075e-07 -4.7013e-07 -2.7733e-07 -1.5072e-07 -7.4732e-08 -3.3430e-08 -1.3325e-08 -4.6657e-09 -1.4126e-09 -3.6323e-10 -7.7719e-11 -1.3523e-11 -1.8639e-12 -1.9757e-13 -1.5568e-14 -8.7742e-16 -3.3847e-17 -8.4967e-19 -1.3101e-20 -1.1609e-22 -5.4764e-25 -1.2591e-27 -1.2739e-30 -5.0384e-34 -6.7870e-38 -2.6520e-42 -2.4915e-47 -4.5153e-53 -1.2183e-59 -3.6051e-67 -8.1435e-76 -9.1290e-86 -3.0374e-97 -1.6198e-110 -6.5952e-126 -8.3621e-144 -1.1103e-164 -4.0799e-189 -8.0928e-218 -1.1514e-251 -9.5649e-292 0.0000e+00 0.0000e+00 0.0000e+00 0.0000e+00 0.0000e+00 0.0000e+00 0.0000e+00 0.0000e+00 0.0000e+00 0.0000e+00 0.0000e+00 0.0000e+00 0.0000e+00 0.0000e+00 0.0000e+00 0.0000e+00 0.0000e+00 0.0000e+00 0.0000e+00 0.0000e+00 0.0000e+00 0.0000e+00 0.0000e+00 0.0000e+00 0.0000e+00 0.0000e+00 0.0000e+00 0.0000e+00 0.0000e+00 0.0000e+00 8.3032e-08 2.3501e-07 4.3218e-07 6.6617e-07 9.3202e-07 1.2260e-06 1.5447e-06 0.0000e+00 2.2412e-06 2.6096e-06 2.9831e-06 3.3538e-06 3.7121e-06 4.0466e-06 4.3446e-06 4.5922e-06 4.7748e-06 4.8785e-06 4.8912e-06 4.8038e-06 4.6125e-06 4.3194e-06 3.9345e-06 3.4752e-06 2.9659e-06 2.4363e-06 1.9176e-06 1.4389e-06 1.0237e-06 6.8603e-07 4.3006e-07 2.5018e-07 1.3386e-07 6.5211e-08 2.8601e-08 1.1151e-08 3.8100e-09 1.1224e-09 2.7999e-10 5.7929e-11 9.7122e-12 1.2850e-12 1.3020e-13 9.7643e-15 5.2125e-16 1.8947e-17 4.4569e-19 6.4006e-21 5.2485e-23 2.2751e-25 4.7698e-28 4.3633e-31 1.5457e-34 1.8454e-38 6.3150e-43 5.1237e-48 7.8881e-54 1.7719e-60 4.2543e-68 7.5346e-77 6.3046e-87 1.4480e-98 4.5970e-112 7.3681e-128 -3.3307e-146 -1.9032e-166 -1.1577e-190 -3.0577e-219 -5.2348e-253 -4.9304e-293 0.0000e+00 0.0000e+00 0.0000e+00 0.0000e+00 0.0000e+00 0.0000e+00 0.0000e+00 0.0000e+00 0.0000e+00 0.0000e+00 0.0000e+00 0.0000e+00 0.0000e+00 0.0000e+00 0.0000e+00 0.0000e+00 0.0000e+00 0.0000e+00 0.0000e+00 0.0000e+00 0.0000e+00 0.0000e+00 0.0000e+00 0.0000e+00 0.0000e+00 0.0000e+00 0.0000e+00 0.0000e+00 0.0000e+00 0.0000e+00
-9.8748e-08 -2.7949e-07 -5.1399e-07 -7.9228e-07 -1.1085e-06 -1.4583e-06 -1.8376e-06 -2.2423e-06 1.9898e-04 -3.1072e-06 -3.5540e-06 -3.9986e-06 -4.4301e-06 -4.8353e-06 -5.1995e-06 -5.5063e-06 -5.7387e-06 -5.8801e-06 -5.9156e-06 -5.8337e-06 -5.6284e-06 -5.3007e-06 -4.8603e-06 -4.3259e-06 -3.7248e-06 -3.0910e-06 -2.4613e-06 -1.8716e-06 -1.3517e-06 -9.2145e-07 -5.8885e-07 -3.5004e-07 -1.9187e-07 -9.6031e-08 -4.3404e-08 -1.7497e-08 -6.2029e-09 -1.9034e-09 -4.9657e-10 -1.0792e-10 -1.9096e-11 -2.6797e-12 -2.8952e-13 -2.3280e-14 -1.3406e-15 -5.2896e-17 -1.3599e-18 -2.1499e-20 -1.9557e-22 -9.4832e-25 -2.2441e-27 -2.3401e-30 -9.5527e-34 -1.3303e-37 -5.3833e-42 -5.2475e-47 -9.8886e-53 -2.7810e-59 -8.5998e-67 -2.0362e-75 -2.4007e-85 -8.4327e-97 -4.7679e-110 -2.0681e-125 -2.8085e-143 -4.0184e-164 -1.6020e-188 -3.4743e-217 -5.4515e-251 -5.0447e-291 0.0000e+00 0.0000e+00 0.0000e+00 0.0000e+00 0.0000e+00 0.0000e+00 0.0000e+00 0.0000e+00 0.0000e+00 0.0000e+00 0.0000e+00 0.0000e+00 0.0000e+00 0.0000e+00 0.0000e+00 0.0000e+00 0.0000e+00 0.0000e+00 0.0000e+00 0.0000e+00 0.0000e+00 0.0000e+00 0.0000e+00 0.0000e+00 0.0000e+00 0.0000e+00 0.0000e+00 0.0000e+00 0.0000e+00 0.0000e+00 9.8748e-08 2.7949e-07 5.1398e-07 7.9226e-07 1.1084e-06 1.4581e-06 1.8371e-06 2.2412e-06 0.0000e+00 3.1035e-06 3.5477e-06 3.9886e-06 4.4147e-06 4.8126e-06 5.1670e-06 5.4613e-06 5.6785e-06 5.8019e-06 5.8169e-06 5.7131e-06 5.4855e-06 5.1370e-06 4.6792e-06 4.1329e-06 3.5273e-06 2.8974e-06 2.2804e-06 1.7112e-06 1.2173e-06 8.1580e-07 5.1139e-07 2.9748e-07 1.5915e-07 7.7527e-08 3.3999e-08 1.3254e-08 4.5275e-09 1.3335e-09 3.3252e-10 6.8769e-11 1.1523e-11 1.5235e-12 1.5422e-13 1.1551e-14 6.1567e-16 2.2332e-17 5.2389e-19 7.4969e-21 6.1185e-23 2.6357e-25 5.4795e-28 4.9561e-31 1.7288e-34 2.0202e-38 6.7069e-43 5.2076e-48 7.5033e-54 1.5166e-60 3.0284e-68 3.6446e-77 6.1083e-88 -9.1986e-99 -1.0745e-111 -6.7069e-127 -1.1428e-144 -1.9060e-165 -8.4525e-190 -1.9736e-218 -3.2536e-252 -3.1030e-292 0.0000e+00 0.0000e+00 0.0000e+00 0.0000e+00 0.0000e+00 0.0000e+00 0.0000e+00 0.0000e+00 0.0000e+00 0.0000e+00 0.0000e+00 0.0000e+00 0.0000e+00 0.0000e+00 0.0000e+00 0.0000e+00 0.0000e+00 0.0000e+00 0.0000e+00 0.0000e+00 0.0000e+00 0.0000e+00 0.0000e+00 0.0000e+00 0.0000e+00 0.0000e+00 0.0000e+00 0.0000e+00 0.0000e+00 0.0000e+00
-1.1498e-07 -3.2543e-07 -5.9846e-07 -9.2251e-07 -1.2907e-06 -1.6981e-06 -2.1399e-06 -2.6115e-06 -3.1072e-06 3.0516e-04 -4.1419e-06 -4.6620e-06 -5.1677e-06 -5.6441e-06 -6.0742e-06 -6.4392e-06 -6.7194e-06 -6.8953e-06 -6.9494e-06 -6.8679e-06 -6.6428e-06 -6.2744e-06 -5.7726e-06 -5.1580e-06 -4.4613e-06 -3.7211e-06 -2.9803e-06 -2.2810e-06 -1.6594e-06 -1.1404e-06 -7.3539e-07 -4.4151e-07 -2.4465e-07 -1.2391e-07 -5.6735e-08 -2.3192e-08 -8.3464e-09 -2.6027e-09 -6.9075e-10 -1.5289e-10 -2.7578e-11 -3.9495e-12 -4.3591e-13 -3.5847e-14 -2.1131e-15 -8.5449e-17 -2.2537e-18 -3.6595e-20 -3.4232e-22 -1.7091e-24 -4.1699e-27 -4.4901e-30 -1.8959e-33 -2.7360e-37 -1.1497e-41 -1.1664e-46 -2.2937e-52 -6.7506e-59 -2.1916e-66 -5.4677e-75 -6.8194e-85 -2.5452e-96 -1.5368e-109 -7.1577e-125 -1.0502e-142 -1.6349e-163 -7.1468e-188 -1.7145e-216 -3.0053e-250 -3.1418e-290 0.0000e+00 0.0000e+00 0.0000e+00 0.0000e+00 0.0000e+00 0.0000e+00 0.0000e+00 0.0000e+00 0.0000e+00 0.0000e+00 0.0000e+00 0.0000e+00 0.0000e+00 0.0000e+00 0.0000e+00 0.0000e+00 0.0000e+00 0.0000e+00 0.0000e+00 0.0000e+00 0.0000e+00 0.0000e+00 0.0000e+00 0.0000e+00 0.0000e+00 0.0000e+00 0.0000e+00 0.0000e+00 0.0000e+00 0.0000e+00 1.1498e-07 3.2543e-07 5.9845e-07 9.2247e-07 1.2906e-06 1.6977e-06 2.1390e-06 2.6096e-06 3.1035e-06 0.0000e+00 4.1308e-06 4.6441e-06 5.1402e-06 5.6035e-06 6.0162e-06 6.3589e-06 6.6118e-06 6.7554e-06 6.7729e-06 6.6520e-06 6.3870e-06 5.9812e-06 5.4481e-06 4.8120e-06 4.1068e-06 3.3734e-06 2.6550e-06 1.9922e-06 1.4171e-06 9.4965e-07 5.9525e-07 3.4622e-07 1.8520e-07 9.0199e-08 3.9547e-08 1.5411e-08 5.2621e-09 1.5490e-09 3.8596e-10 7.9743e-11 1.3345e-11 1.7614e-12 1.7791e-13 1.3287e-14 7.0549e-16 2.5462e-17 5.9331e-19 8.4141e-21 6.7838e-23 2.8738e-25 5.8370e-28 5.1074e-31 1.6971e-34 1.8414e-38 5.4166e-43 3.3740e-48 2.9115e-54 -1.1124e-61 -3.1069e-68 -1.3659e-76 -2.3298e-86 -1.0647e-97 -7.3911e-111 -3.7985e-126 -5.9725e-144 -9.7450e-165 -4.3874e-189 -1.0686e-217 -1.8792e-251 -1.9503e-291 0.0000e+00 0.0000e+00 0.0000e+00 0.0000e+00 0.0000e+00 0.0000e+00 0.0000e+00 0.0000e+00 0.0000e+00 0.0000e+00 0.0000e+00 0.0000e+00 0.0000e+00 0.0000e+00 0.0000e+00 0.0000e+00 0.0000e+00 0.0000e+00 0.0000e+00 0.0000e+00 0.0000e+00 0.0000e+00 0.0000e+00 0.0000e+00 0.0000e+00 0.0000e+00 0.0000e+00 0.0000e+00 0.0000e+00 0.0000e+00
-1.3143e-07 -3.7201e-07 -6.8413e-07 -1.0546e-06 -1.4756e-06 -1.9413e-06 -2.4467e-06 -2.9864e-06 -3.5540e-06 -4.1419e-06 4.4985e-04 -5.3390e-06 -5.9223e-06 -6.4740e-06 -6.9751e-06 -7.4045e-06 -7.7397e-06 -7.9585e-06 -8.0403e-06 -7.9687e-06 -7.7334e-06 -7.3330e-06 -6.7770e-06 -6.0868e-06 -5.2956e-06 -4.4464e-06 -3.5878e-06 -2.7690e-06 -2.0330e-06 -1.4115e-06 -9.2039e-07 -5.5933e-07 -3.1405e-07 -1.6134e-07 -7.5002e-08 -3.1161e-08 -1.1409e-08 -3.6229e-09 -9.8012e-10 -2.2134e-10 -4.0774e-11 -5.9690e-12 -6.7408e-13 -5.6770e-14 -3.4307e-15 -1.4237e-16 -3.8578e-18 -6.4434e-20 -6.2082e-22 -3.1972e-24 -8.0596e-27 -8.9826e-30 -3.9336e-33 -5.9004e-37 -2.5835e-41 -2.7387e-46 -5.6440e-52 -1.7468e-58 -5.9856e-66 -1.5826e-74 -2.1015e-84 -8.3934e-96 -5.4534e-109 -2.7504e-124 -4.4005e-142 -7.5279e-163 -3.6478e-187 -9.7960e-216 -1.9436e-249 -2.3286e-289 0.0000e+00 0.0000e+00 0.0000e+00 0.0000e+00 0.0000e+00 0.0000e+00 0.0000e+00 0.0000e+00 0.0000e+00 0.0000e+00 0.0000e+00 0.0000e+00 0.0000e+00 0.0000e+00 0.0000e+00 0.0000e+00 0.0000e+00 0.0000e+00 0.0000e+00 0.0000e+00 0.0000e+00 0.0000e+00 0.0000e+00 0.0000e+00 0.0000e+00 0.0000e+00 0.0000e+00 0.0000e+00 0.0000e+00 0.0000e+00 1.3143e-07 3.7200e-07 6.8411e-07 1.0545e-06 1.4753e-06 1.9407e-06 2.4452e-06 2.9831e-06 3.5477e-06 4.1308e-06 0.0000e+00 5.3089e-06 5.8760e-06 6.4055e-06 6.8773e-06 7.2691e-06 7.5581e-06 7.7223e-06 7.7423e-06 7.6040e-06 7.3010e-06 6.8371e-06 6.2276e-06 5.5004e-06 4.6942e-06 3.8557e-06 3.0345e-06 2.2768e-06 1.6194e-06 1.0851e-06 6.8001e-07 3.9543e-07 2.1146e-07 1.0295e-07 4.5111e-08 1.7567e-08 5.9927e-09 1.7619e-09 4.3831e-10 9.0366e-11 1.5080e-11 1.9831e-12 1.9932e-13 1.4789e-14 7.7829e-16 2.7753e-17 6.3612e-19 8.8156e-21 6.8775e-23 2.7759e-25 5.2344e-28 4.0538e-31 1.0750e-34 6.7740e-39 -6.4426e-44 -4.0220e-48 -1.4222e-53 -5.9628e-60 -2.4909e-67 -7.5566e-76 -1.1064e-85 -4.7366e-97 -3.2290e-110 -1.6801e-125 -2.7356e-143 -4.7080e-164 -2.2727e-188 -6.0280e-217 -1.1723e-250 -1.3672e-290 0.0000e+00 0.0000e+00 0.0000e+00 0.0000e+00 0.0000e+00 0.0000e+00 0.0000e+00 0.0000e+00 0.0000e+00 0.0000e+00 0.0000e+00 0.0000e+00 0.0000e+00 0.0000e+00 0.0000e+00 0.0000e+00 0.0000e+00 0.0000e+00 0.0000e+00 0.0000e+00 0.0000e+00 0.0000e+00 0.0000e+00 0.0000e+00 0.0000e+00 0.0000e+00 0.0000e+00 0.0000e+00 0.0000e+00 0.0000e+00
-1.4777e-07 -4.1823e-07 -7.6915e-07 -1.1857e-06 -1.6590e-06 -2.1829e-06 -2.7515e-06 -3.3590e-06 -3.9986e-06 -4.6620e-06 -5.3390e-06 6.4191e-04 -6.6804e-06 -7.3115e-06 -7.8891e-06 -8.3899e-06 -8.7891e-06 -9.0616e-06 -9.1837e-06 -9.1358e-06 -8.9046e-06 -8.4860e-06 -7.8878e-06 -7.1310e-06 -6.2501e-06 -5.2915e-06 -4.3092e-06 -3.3598e-06 -2.4946e-06 -1.7532e-06 -1.1583e-06 -7.1398e-07 -4.0701e-07 -2.1249e-07 -1.0048e-07 -4.2505e-08 -1.5859e-08 -5.1364e-09 -1.4185e-09 -3.2727e-10 -6.1647e-11 -9.2362e-12 -1.0685e-12 -9.2271e-14 -5.7239e-15 -2.4411e-16 -6.8065e-18 -1.1715e-19 -1.1649e-21 -6.2024e-24 -1.6196e-26 -1.8738e-29 -8.5377e-33 -1.3360e-36 -6.1198e-41 -6.8083e-46 -1.4776e-51 -4.8342e-58 -1.7585e-65 -4.9585e-74 -7.0578e-84 -3.0385e-95 -2.1414e-108 -1.1796e-123 -2.0773e-141 -3.9453e-162 -2.1430e-186 -6.5211e-215 -1.4841e-248 -2.0679e-288 0.0000e+00 0.0000e+00 0.0000e+00 0.0000e+00 0.0000e+00 0.0000e+00 0.0000e+00 0.0000e+00 0.0000e+00 0.0000e+00 0.0000e+00 0.0000e+00 0.0000e+00 0.0000e+00 0.0000e+00 0.0000e+00 0.0000e+00 0.0000e+00 0.0000e+00 0.0000e+00 0.0000e+00 0.0000e+00 0.0000e+00 0.0000e+00 0.0000e+00 0.0000e+00 0.0000e+00 0.0000e+00 0.0000e+00 0.0000e+00 1.4777e-07 4.1823e-07 7.6913e-07 1.1855e-06 1.6587e-06 2.1818e-06 2.7490e-06 3.3538e-06 3.9886e-06 4.6441e-06 5.3089e-06 0.0000e+00 6.6062e-06 7.2015e-06 7.7319e-06 8.1723e-06 8.4973e-06 8.6818e-06 8.7043e-06 8.5487e-06 8.2080e-06 7.6863e-06 7.0009e-06 6.1831e-06 5.2766e-06 4.3338e-06 3.4104e-06 2.5585e-06 1.8195e-06 1.2188e-06 7.6355e-07 4.4381e-07 2.3719e-07 1.1538e-07 5.0506e-08 1.9640e-08 6.6873e-09 1.9612e-09 4.8628e-10 9.9813e-11 1.6558e-11 2.1601e-12 2.1476e-13 1.5697e-14 8.0901e-16 2.8002e-17 6.1437e-19 7.9640e-21 5.5729e-23 1.8467e-25 2.2203e-28 -8.4054e-33 -1.0929e-34 -3.1344e-38 -1.9916e-42 -2.7349e-47 -6.8646e-53 -2.4909e-59 -9.7582e-67 -2.8990e-75 -4.2737e-85 -1.8795e-96 -1.3377e-109 -7.3699e-125 -1.2872e-142 -2.4068e-163 -1.2785e-187 -3.7824e-216 -8.3223e-250 -1.1154e-289 0.0000e+00 0.0000e+00 0.0000e+00 0.0000e+00 0.0000e+00 0.0000e+00 0.0000e+00 0.0000e+00 0.0000e+00 0.0000e+00 0.0000e+00 0.0000e+00 0.0000e+00 0.0000e+00 0.0000e+00 0.0000e+00 0.0000e+00 0.0000e+00 0.0000e+00 0.0000e+00 0.0000e+00 0.0000e+00 0.0000e+00 0.0000e+00 0.0000e+00 0.0000e+00 0.0000e+00 0.0000e+00 0.0000e+00 0.0000e+00
-1.6355e-07 -4.6291e-07 -8.5132e-07 -1.3124e-06 -1.8364e-06 -2.4165e-06 -3.0465e-06 -3.7201e-06 -4.4301e-06 -5.1677e-06 -5.9223e-06 -6.6804e-06 8.9140e-04 -8.1400e-06 -8.7997e-06 -9.3802e-06 -9.8544e-06 -1.0194e-05 -1.0373e-05 -1.0368e-05 -1.0161e-05 -9.7439e-06 -9.1218e-06 -8.3132e-06 -7.3521e-06 -6.2868e-06 -5.1764e-06 -4.0846e-06 -3.0724e-06 -2.1897e-06 -1.4685e-06 -9.1968e-07 -5.3316e-07 -2.8331e-07 -1.3647e-07 -5.8852e-08 -2.2403e-08 -7.4090e-09 -2.0909e-09 -4.9338e-10 -9.5133e-11 -1.4604e-11 -1.7327e-12 -1.5364e-13 -9.7983e-15 -4.3017e-16 -1.2366e-17 -2.1980e-19 -2.2613e-21 -1.2482e-23 -3.3866e-26 -4.0809e-29 -1.9419e-32 -3.1828e-36 -1.5320e-40 -1.7971e-45 -4.1285e-51 -1.4358e-57 -5.5775e-65 -1.6881e-73 -2.5936e-83 -1.2127e-94 -9.3464e-108 -5.6733e-123 -1.1103e-140 -2.3655e-161 -1.4568e-185 -5.0861e-214 -1.3459e-247 -2.2139e-287 0.0000e+00 0.0000e+00 0.0000e+00 0.0000e+00 0.0000e+00 0.0000e+00 0.0000e+00 0.0000e+00 0.0000e+00 0.0000e+00 0.0000e+00 0.0000e+00 0.0000e+00 0.0000e+00 0.0000e+00 0.0000e+00 0.0000e+00 0.0000e+00 0.0000e+00 0.0000e+00 0.0000e+00 0.0000e+00 0.0000e+00 0.0000e+00 0.0000e+00 0.0000e+00 0.0000e+00 0.0000e+00 0.0000e+00 0.0000e+00 1.6355e-07 4.6291e-07 8.5129e-07 1.3122e-06 1.8358e-06 2.4149e-06 3.0427e-06 3.7121e-06 4.4147e-06 5.1402e-06 5.8760e-06 6.6062e-06 0.0000e+00 7.9708e-06 8.5578e-06 9.0453e-06 9.4049e-06 9.6091e-06 9.6338e-06 9.4615e-06 9.0842e-06 8.5065e-06 7.7476e-06 6.8421e-06 5.8384e-06 4.7946e-06 3.7723e-06 2.8293e-06 2.0113e-06 1.3467e-06 8.4315e-07 4.8966e-07 2.6139e-07 1.2696e-07 5.5461e-08 2.1508e-08 7.2965e-09 2.1293e-09 5.2443e-10 1.0667e-10 1.7474e-11 2.2400e-12 2.1725e-13 1.5315e-14 7.4741e-16 2.3717e-17 4.4738e-19 4.2463e-21 1.0075e-23 -1.0644e-25 -6.6892e-28 -1.1976e-30 -7.2697e-34 -1.4052e-37 -7.6011e-42 -9.6961e-47 -2.3647e-52 -8.5714e-59 -3.4201e-66 -1.0506e-74 -1.6221e-84 -7.5569e-96 -5.7599e-109 -3.4352e-124 -6.5666e-142 -1.3593e-162 -8.0934e-187 -2.7194e-215 -6.8958e-249 -1.0825e-288 0.0000e+00 0.0000e+00 0.0000e+00 0.0000e+00 0.0000e+00 0.0000e+00 0.0000e+00 0.0000e+00 0.0000e+00 0.0000e+00 0.0000e+00 0.0000e+00 0.0000e+00 0.0000e+00 0.0000e+00 0.0000e+00 0.0000e+00 0.0000e+00 0.0000e+00 0.0000e+00 0.0000e+00 0.0000e+00 0.0000e+00 0.0000e+00 0.0000e+00 0.0000e+00 0.0000e+00 0.0000e+00 0.0000e+00 0.0000e+00
-1.7829e-07 -5.0463e-07 -9.2806e-07 -1.4307e-06 -2.0022e-06 -2.6350e-06 -3.3226e-06 -4.0585e-06 -4.8353e-06 -5.6441e-06 -6.4740e-06 -7.3115e-06 -8.1400e-06 1.2096e-03 -9.6875e-06 -1.0357e-05 -1.0919e-05 -1.1344e-05 -1.1600e-05 -1.1662e-05 -1.1505e-05 -1.1117e-05 -1.0497e-05 -9.6589e-06 -8.6333e-06 -7.4688e-06 -6.2279e-06 -4.9818e-06 -3.8024e-06 -2.7524e-06 -1.8765e-06 -1.1956e-06 -7.0573e-07 -3.8213e-07 -1.8771e-07 -8.2607e-08 -3.2114e-08 -1.0855e-08 -3.1335e-09 -7.5701e-10 -1.4959e-10 -2.3558e-11 -2.8710e-12 -2.6181e-13 -1.7197e-14 -7.7882e-16 -2.3137e-17 -4.2578e-19 -4.5450e-21 -2.6089e-23 -7.3793e-26 -9.2958e-29 -4.6380e-32 -7.9961e-36 -4.0628e-40 -5.0505e-45 -1.2347e-50 -4.5906e-57 -1.9162e-64 -6.2664e-73 -1.0466e-82 -5.3566e-94 -4.5524e-107 -3.0726e-122 -6.7482e-140 -1.6303e-160 -1.1516e-184 -4.6716e-213 -1.4576e-246 -2.8738e-286 0.0000e+00 0.0000e+00 0.0000e+00 0.0000e+00 0.0000e+00 0.0000e+00 0.0000e+00 0.0000e+00 0.0000e+00 0.0000e+00 0.0000e+00 0.0000e+00 0.0000e+00 0.0000e+00 0.0000e+00 0.0000e+00 0.0000e+00 0.0000e+00 0.0000e+00 0.0000e+00 0.0000e+00 0.0000e+00 0.0000e+00 0.0000e+00 0.0000e+00 0.0000e+00 0.0000e+00 0.0000e+00 0.0000e+00 0.0000e+00 1.7829e-07 5.0463e-07 9.2801e-07 1.4304e-06 2.0013e-06 2.6325e-06 3.3169e-06 4.0466e-06 4.8126e-06 5.6035e-06 6.4055e-06 7.2015e-06 7.9708e-06 0.0000e+00 9.3290e-06 9.8604e-06 1.0252e-05 1.0475e-05 1.0502e-05 1.0313e-05 9.9017e-06 9.2714e-06 8.4436e-06 7.4559e-06 6.3610e-06 5.2225e-06 4.1076e-06 3.0794e-06 2.1878e-06 1.4636e-06 9.1530e-07 5.3074e-07 2.8273e-07 1.3693e-07 5.9590e-08 2.2989e-08 7.7436e-09 2.2377e-09 5.4368e-10 1.0848e-10 1.7286e-11 2.1267e-12 1.9355e-13 1.2281e-14 4.9267e-16 9.7590e-18 -3.6466e-20 -5.8779e-21 -1.1042e-22 -8.6582e-25 -2.9975e-27 -4.3438e-30 -2.3952e-33 -4.4370e-37 -2.3721e-41 -3.0524e-46 -7.6243e-52 -2.8653e-58 -1.1980e-65 -3.8940e-74 -6.4210e-84 -3.2250e-95 -2.6755e-108 -1.7542e-123 -3.7259e-141 -8.6690e-162 -5.8745e-186 -2.2778e-214 -6.7683e-248 -1.2665e-287 0.0000e+00 0.0000e+00 0.0000e+00 0.0000e+00 0.0000e+00 0.0000e+00 0.0000e+00 0.0000e+00 0.0000e+00 0.0000e+00 0.0000e+00 0.0000e+00 0.0000e+00 0.0000e+00 0.0000e+00 0.0000e+00 0.0000e+00 0.0000e+00 0.0000e+00 0.0000e+00 0.0000e+00 0.0000e+00 0.0000e+00 0.0000e+00 0.0000e+00 0.0000e+00 0.0000e+00 0.0000e+00 0.0000e+00 0.0000e+00
-1.9142e-07 -5.4180e-07 -9.9642e-07 -1.5362e-06 -2.1499e-06 -2.8299e-06 -3.5693e-06 -4.3616e-06 -5.1995e-06 -6.0742e-06 -6.9751e-06 -7.8891e-06 -8.7997e-06 -9.6875e-06 1.6093e-03 -1.1298e-05 -1.1963e-05 -1.2492e-05 -1.2853e-05 -1.3011e-05 -1.2939e-05 -1.2616e-05 -1.2033e-05 -1.1195e-05 -1.0129e-05 -8.8787e-06 -7.5090e-06 -6.0979e-06 -4.7291e-06 -3.4811e-06 -2.4154e-06 -1.5674e-06 -9.4294e-07 -5.2074e-07 -2.6107e-07 -1.1735e-07 -4.6634e-08 -1.6126e-08 -4.7669e-09 -1.1805e-09 -2.3938e-10 -3.8735e-11 -4.8569e-12 -4.5641e-13 -3.0943e-14 -1.4491e-15 -4.4602e-17 -8.5225e-19 -9.4682e-21 -5.6709e-23 -1.6783e-25 -2.2187e-28 -1.1655e-31 -2.1230e-35 -1.1441e-39 -1.5149e-44 -3.9628e-50 -1.5845e-56 -7.1516e-64 -2.5443e-72 -4.6539e-82 -2.6276e-93 -2.4837e-106 -1.8814e-121 -4.6837e-139 -1.2971e-159 -1.0634e-183 -5.0783e-212 -1.8948e-245 -4.5480e-285 0.0000e+00 0.0000e+00 0.0000e+00 0.0000e+00 0.0000e+00 0.0000e+00 0.0000e+00 0.0000e+00 0.0000e+00 0.0000e+00 0.0000e+00 0.0000e+00 0.0000e+00 0.0000e+00 0.0000e+00 0.0000e+00 0.0000e+00 0.0000e+00 0.0000e+00 0.0000e+00 0.0000e+00 0.0000e+00 0.0000e+00 0.0000e+00 0.0000e+00 0.0000e+00 0.0000e+00 0.0000e+00 0.0000e+00 0.0000e+00 1.9142e-07 5.4179e-07 9.9635e-07 1.5358e-06 2.1487e-06 2.8264e-06 3.5612e-06 4.3446e-06 5.1670e-06 6.0162e-06 6.8773e-06 7.7319e-06 8.5578e-06 9.3290e-06 0.0000e+00 1.0586e-05 1.1007e-05 1.1246e-05 1.1274e-05 1.1071e-05 1.0629e-05 9.9512e-06 9.0613e-06 7.9997e-06 6.8230e-06 5.5995e-06 4.4016e-06 3.2972e-06 2.3400e-06 1.5631e-06 9.7557e-07 5.6413e-07 2.9939e-07 1.4425e-07 6.2329e-08 2.3809e-08 7.9090e-09 2.2406e-09 5.2887e-10 1.0102e-10 1.5026e-11 1.6435e-12 1.1866e-13 3.9415e-15 -1.5784e-16 -2.4539e-17 -1.2050e-18 -3.0261e-20 -4.0287e-22 -2.7386e-24 -8.8731e-27 -1.2516e-29 -6.8808e-33 -1.2921e-36 -7.0915e-41 -9.4667e-46 -2.4757e-51 -9.8245e-58 -4.3735e-65 -1.5261e-73 -2.7243e-83 -1.4944e-94 -1.3667e-107 -9.9787e-123 -2.3860e-140 -6.3246e-161 -4.9473e-185 -2.2469e-213 -7.9487e-247 -1.8035e-286 0.0000e+00 0.0000e+00 0.0000e+00 0.0000e+00 0.0000e+00 0.0000e+00 0.0000e+00 0.0000e+00 0.0000e+00 0.0000e+00 0.0000e+00 0.0000e+00 0.0000e+00 0.0000e+00 0.0000e+00 0.0000e+00 0.0000e+00 0.0000e+00 0.0000e+00 0.0000e+00 0.0000e+00 0.0000e+00 0.0000e+00 0.0000e+00 0.0000e+00 0.0000e+00 0.0000e+00 0.0000e+00 0.0000e+00 0.0000e+00
-2.0233e-07 -5.7267e-07 -1.0532e-06 -1.6238e-06 -2.2728e-06 -2.9922e-06 -3.7753e-06 -4.6156e-06 -5.5063e-06 -6.4392e-06 -7.4045e-06 -8.3899e-06 -9.3802e-06 -1.0357e-05 -1.1298e-05 2.1047e-03 -1.2961e-05 -1.3619e-05 -1.4112e-05 -1.4404e-05 -1.4459e-05 -1.4245e-05 -1.3743e-05 -1.2948e-05 -1.1875e-05 -1.0561e-05 -9.0709e-06 -7.4870e-06 -5.9063e-06 -4.4256e-06 -3.1279e-06 -2.0690e-06 -1.2697e-06 -7.1571e-07 -3.6654e-07 -1.6844e-07 -6.8489e-08 -2.4257e-08 -7.3519e-09 -1.8689e-09 -3.8954e-10 -6.4883e-11 -8.3875e-12 -8.1399e-13 -5.7098e-14 -2.7722e-15 -8.8659e-17 -1.7644e-18 -2.0468e-20 -1.2836e-22 -3.9897e-25 -5.5573e-28 -3.0868e-31 -5.9684e-35 -3.4284e-39 -4.8606e-44 -1.3682e-49 -5.9187e-56 -2.9075e-63 -1.1332e-71 -2.2871e-81 -1.4362e-92 -1.5231e-105 -1.3071e-120 -3.7269e-138 -1.1964e-158 -1.1525e-182 -6.5645e-211 -2.9719e-244 -8.8241e-284 0.0000e+00 0.0000e+00 0.0000e+00 0.0000e+00 0.0000e+00 0.0000e+00 0.0000e+00 0.0000e+00 0.0000e+00 0.0000e+00 0.0000e+00 0.0000e+00 0.0000e+00 0.0000e+00 0.0000e+00 0.0000e+00 0.0000e+00 0.0000e+00 0.0000e+00 0.0000e+00 0.0000e+00 0.0000e+00 0.0000e+00 0.0000e+00 0.0000e+00 0.0000e+00 0.0000e+00 0.0000e+00 0.0000e+00 0.0000e+00 2.0233e-07 5.7266e-07 1.0531e-06 1.6233e-06 2.2711e-06 2.9874e-06 3.7641e-06 4.5922e-06 5.4613e-06 6.3589e-06 7.2691e-06 8.1723e-06 9.0453e-06 9.8604e-06 1.0586e-05 0.0000e+00 1.1633e-05 1.1885e-05 1.1915e-05 1.1700e-05 1.1231e-05 1.0513e-05 9.5704e-06 8.4462e-06 7.2004e-06 5.9051e-06 4.6375e-06 3.4693e-06 2.4576e-06 1.6375e-06 1.0184e-06 5.8607e-07 3.0894e-07 1.4745e-07 6.2865e-08 2.3556e-08 7.6060e-09 2.0638e-09 4.5463e-10 7.7011e-11 8.9754e-12 4.6594e-13 -5.4868e-14 -1.4896e-14 -1.6140e-15 -1.0150e-16 -3.8564e-18 -8.6587e-20 -1.0949e-21 -7.3015e-24 -2.3687e-26 -3.3940e-29 -1.9166e-32 -3.7313e-36 -2.1406e-40 -3.0100e-45 -8.3532e-51 -3.5436e-57 -1.6991e-64 -6.4362e-73 -1.2577e-82 -7.6188e-94 -7.7690e-107 -6.3904e-122 -1.7412e-139 -5.3259e-160 -4.8750e-184 -2.6313e-212 -1.1257e-245 -3.1500e-285 0.0000e+00 0.0000e+00 0.0000e+00 0.0000e+00 0.0000e+00 0.0000e+00 0.0000e+00 0.0000e+00 0.0000e+00 0.0000e+00 0.0000e+00 0.0000e+00 0.0000e+00 0.0000e+00 0.0000e+00 0.0000e+00 0.0000e+00 0.0000e+00 0.0000e+00 0.0000e+00 0.0000e+00 0.0000e+00 0.0000e+00 0.0000e+00 0.0000e+00 0.0000e+00 0.0000e+00 0.0000e+00 0.0000e+00 0.0000e+00
-2.1037e-07 -5.9544e-07 -1.0951e-06 -1.6885e-06 -2.3637e-06 -3.1126e-06 -3.9288e-06 -4.8062e-06 -5.7387e-06 -6.7194e-06 -7.7397e-06 -8.7891e-06 -9.8544e-06 -1.0919e-05 -1.1963e-05 -1.2961e-05 2.7116e-03 -1.4694e-05 -1.5355e-05 -1.5823e-05 -1.6052e-05 -1.6002e-05 -1.5638e-05 -1.4939e-05 -1.3904e-05 -1.2562e-05 -1.0968e-05 -9.2106e-06 -7.3973e-06 -5.6469e-06 -4.0686e-06 -2.7454e-06 -1.7198e-06 -9.9043e-07 -5.1862e-07 -2.4390e-07 -1.0159e-07 -3.6903e-08 -1.1485e-08 -3.0020e-09 -6.4435e-10 -1.1070e-10 -1.4786e-11 -1.4855e-12 -1.0810e-13 -5.4565e-15 -1.8186e-16 -3.7815e-18 -4.5962e-20 -3.0292e-22 -9.9268e-25 -1.4630e-27 -8.6306e-31 -1.7797e-34 -1.0952e-38 -1.6716e-43 -5.0927e-49 -2.3984e-55 -1.2909e-62 -5.5513e-71 -1.2459e-80 -8.7738e-92 -1.0534e-104 -1.0342e-119 -3.4130e-137 -1.2846e-157 -1.4721e-181 -1.0140e-209 -5.6535e-243 -2.1107e-282 0.0000e+00 0.0000e+00 0.0000e+00 0.0000e+00 0.0000e+00 0.0000e+00 0.0000e+00 0.0000e+00 0.0000e+00 0.0000e+00 0.0000e+00 0.0000e+00 0.0000e+00 0.0000e+00 0.0000e+00 0.0000e+00 0.0000e+00 0.0000e+00 0.0000e+00 0.0000e+00 0.0000e+00 0.0000e+00 0.0000e+00 0.0000e+00 0.0000e+00 0.0000e+00 0.0000e+00 0.0000e+00 0.0000e+00 0.0000e+00 2.1037e-07 5.9543e-07 1.0950e-06 1.6878e-06 2.3614e-06 3.1062e-06 3.9138e-06 4.7748e-06 5.6785e-06 6.6118e-06 7.5581e-06 8.4973e-06 9.4049e-06 1.0252e-05 1.1007e-05 1.1633e-05 0.0000e+00 1.2356e-05 1.2386e-05 1.2161e-05 1.1671e-05 1.0922e-05 9.9391e-06 8.7667e-06 7.4676e-06 6.1175e-06 4.7967e-06 3.5805e-06 2.5286e-06 1.6776e-06 1.0371e-06 5.9171e-07 3.0814e-07 1.4450e-07 6.0017e-08 2.1609e-08 6.5438e-09 1.5876e-09 2.7864e-10 2.3865e-11 -3.9347e-12 -2.0038e-12 -4.1735e-13 -5.4470e-14 -4.7132e-15 -2.6845e-16 -9.7496e-18 -2.1548e-19 -2.7323e-21 -1.8515e-23 -6.1659e-26 -9.1468e-29 -5.3881e-32 -1.1019e-35 -6.6857e-40 -1.0009e-44 -2.9775e-50 -1.3636e-56 -7.1107e-64 -2.9526e-72 -6.3782e-82 -4.3108e-93 -4.9534e-106 -4.6417e-121 -1.4583e-138 -5.2123e-159 -5.6583e-183 -3.6827e-211 -1.9354e-244 -6.7938e-284 0.0000e+00 0.0000e+00 0.0000e+00 0.0000e+00 0.0000e+00 0.0000e+00 0.0000e+00 0.0000e+00 0.0000e+00 0.0000e+00 0.0000e+00 0.0000e+00 0.0000e+00 0.0000e+00 0.0000e+00 0.0000e+00 0.0000e+00 0.0000e+00 0.0000e+00 0.0000e+00 0.0000e+00 0.0000e+00 0.0000e+00 0.0000e+00 0.0000e+00 0.0000e+00 0.0000e+00 0.0000e+00 0.0000e+00 0.0000e+00
