3.0426e-08 -4.1419e-08 -7.6184e-08 -1.1749e-07 -1.6455e-07 -2.1686e-07 -2.7411e-07 -3.3605e-07 -4.0253e-07 -4.7345e-07 -5.4871e-07 -6.2826e-07 -7.1207e-07 -8.0009e-07 -8.9229e-07 -9.8862e-07 -1.0890e-06 -1.1934e-06 -1.3017e-06 -1.4137e-06 -1.5292e-06 -1.6480e-06 -1.7698e-06 -1.8940e-06 -2.0203e-06 -2.1479e-06 -2.2761e-06 -2.4040e-06 -2.5305e-06 -2.6543e-06 -2.7740e-06 -2.8879e-06 -2.9941e-06 -3.0905e-06 -3.1747e-06 -3.2443e-06 -3.2965e-06 -3.3286e-06 -3.3378e-06 -3.3214e-06 -3.2769e-06 -3.2023e-06 -3.0961e-06 -2.9577e-06 -2.7877e-06 -2.5878e-06 -2.3612e-06 -2.1130e-06 -1.8496e-06 -1.5790e-06 -1.3099e-06 -1.0519e-06 -8.1368e-07 -6.0307e-07 -4.2553e-07 -2.8372e-07 -1.7719e-07 -1.0259e-07 -5.4396e-08 -2.6036e-08 -1.1058e-08 -4.0821e-09 -1.2781e-09 -3.2951e-10 -6.7479e-11 -1.0509e-11 -1.1802e-12 -8.9518e-14 -4.2306e-15 -1.1268e-16 -1.4917e-18 -8.3815e-21 -1.6353e-23 -8.5723e-27 -8.6715e-31 -1.1002e-35 -9.9357e-42 -3.0086e-49 -1.1102e-58 -1.2583e-70 -6.5336e-86 -1.0793e-105 -1.2663e-131 -4.2198e-166 -1.1118e-212 -9.3256e-277 0.0000e+00 0.0000e+00 0.0000e+00 0.0000e+00 0.0000e+00 0.0000e+00 0.0000e+00 0.0000e+00 0.0000e+00 0.0000e+00 0.0000e+00 0.0000e+00 0.0000e+00 0.0000e+00 0.0000e+00 4.1419e-08 7.6184e-08 1.1749e-07 1.6455e-07 2.1686e-07 2.7411e-07 3.3605e-07 4.0253e-07 4.7345e-07 5.4871e-07 6.2826e-07 7.1207e-07 8.0009e-07 8.9229e-07 9.8862e-07 1.0890e-06 1.1934e-06 1.3017e-06 1.4137e-06 1.5292e-06 1.6480e-06 1.7698e-06 1.8940e-06 2.0203e-06 2.1479e-06 2.2761e-06 2.4040e-06 2.5305e-06 2.6543e-06 2.7740e-06 2.8879e-06 2.9941e-06 3.0905e-06 3.1747e-06 3.2443e-06 3.2965e-06 3.3286e-06 3.3378e-06 3.3214e-06 3.2769e-06 3.2023e-06 3.0961e-06 2.9577e-06 2.7877e-06 2.5878e-06 2.3612e-06 2.1130e-06 1.8496e-06 1.5790e-06 1.3099e-06 1.0519e-06 8.1368e-07 6.0307e-07 4.2553e-07 2.8372e-07 1.7719e-07 1.0259e-07 5.4396e-08 2.6036e-08 1.1057e-08 4.0821e-09 1.2781e-09 3.2951e-10 6.7478e-11 1.0509e-11 1.1802e-12 8.9518e-14 4.2306e-15 1.1268e-16 1.4917e-18 8.3814e-21 1.6353e-23 8.5722e-27 8.6714e-31 1.1002e-35 9.9355e-42 3.0085e-49 1.1102e-58 1.2582e-70 6.5333e-86 1.0793e-105 1.2663e-131 4.2195e-166 1.1117e-212 9.3243e-277 0.0000e+00 0.0000e+00 0.0000e+00 0.0000e+00 0.0000e+00 0.0000e+00 0.0000e+00 0.0000e+00 0.0000e+00 0.0000e+00 0.0000e+00 0.0000e+00 0.0000e+00 0.0000e+00
-4.1419e-08 4.8729e-07 -2.1564e-07 -3.3255e-07 -4.6575e-07 -6.1383e-07 -7.7586e-07 -9.5118e-07 -1.1394e-06 -1.3401e-06 -1.5531e-06 -1.7783e-06 -2.0155e-06 -2.2646e-06 -2.5256e-06 -2.7983e-06 -3.0825e-06 -3.3780e-06 -3.6844e-06 -4.0015e-06 -4.3285e-06 -4.6648e-06 -5.0093e-06 -5.3610e-06 -5.7183e-06 -6.0795e-06 -6.4424e-06 -6.8044e-06 -7.1624e-06 -7.5129e-06 -7.8517e-06 -8.1741e-06 -8.4747e-06 -8.7475e-06 -8.9859e-06 -9.1829e-06 -9.3307e-06 -9.4216e-06 -9.4477e-06 -9.4012e-06 -9.2753e-06 -9.0641e-06 -8.7635e-06 -8.3718e-06 -7.8905e-06 -7.3246e-06 -6.6834e-06 -5.9809e-06 -5.2354e-06 -4.4693e-06 -3.7078e-06 -2.9773e-06 -2.3031e-06 -1.7070e-06 -1.2045e-06 -8.0307e-07 -5.0154e-07 -2.9038e-07 -1.5397e-07 -7.3697e-08 -3.1299e-08 -1.1555e-08 -3.6179e-09 -9.3270e-10 -1.9101e-10 -2.9747e-11 -3.3406e-12 -2.5340e-13 -1.1976e-14 -3.1896e-16 -4.2228e-18 -2.3727e-20 -4.6294e-23 -2.4268e-26 -2.4550e-30 -3.1148e-35 -2.8131e-41 -8.5188e-49 -3.1437e-58 -3.5634e-70 -1.8505e-85 -3.0576e-105 -3.5880e-131 -1.1960e-165 -3.1522e-212 -2.6454e-276 0.0000e+00 0.0000e+00 0.0000e+00 0.0000e+00 0.0000e+00 0.0000e+00 0.0000e+00 0.0000e+00 0.0000e+00 0.0000e+00 0.0000e+00 0.0000e+00 0.0000e+00 0.0000e+00 4.1419e-08 0.0000e+00 2.1564e-07 3.3255e-07 4.6575e-07 6.1383e-07 7.7586e-07 9.5118e-07 1.1394e-06 1.3401e-06 1.5531e-06 1.7783e-06 2.0155e-06 2.2646e-06 2.5256e-06 2.7983e-06 3.0825e-06 3.3780e-06 3.6844e-06 4.0015e-06 4.3285e-06 4.6648e-06 5.0093e-06 5.3610e-06 5.7183e-06 6.0795e-06 6.4424e-06 6.8044e-06 7.1624e-06 7.5129e-06 7.8517e-06 8.1741e-06 8.4747e-06 8.7475e-06 8.9859e-06 9.1829e-06 9.3307e-06 9.4216e-06 9.4477e-06 9.4012e-06 9.2753e-06 9.0641e-06 8.7635e-06 8.3718e-06 7.8905e-06 7.3246e-06 6.6834e-06 5.9809e-06 5.2354e-06 4.4692e-06 3.7077e-06 2.9773e-06 2.3031e-06 1.7070e-06 1.2044e-06 8.0306e-07 5.0153e-07 2.9037e-07 1.5397e-07 7.3695e-08 3.1298e-08 1.1554e-08 3.6178e-09 9.3266e-10 1.9100e-10 2.9746e-11 3.3404e-12 2.5338e-13 1.1975e-14 3.1892e-16 4.2223e-18 2.3723e-20 4.6286e-23 2.4264e-26 2.4544e-30 3.1140e-35 2.8122e-41 8.5156e-49 3.1423e-58 3.5614e-70 1.8492e-85 3.0549e-105 3.5841e-131 1.1943e-165 3.1466e-212 2.6392e-276 0.0000e+00 0.0000e+00 0.0000e+00 0.0000e+00 0.0000e+00 0.0000e+00 0.0000e+00 0.0000e+00 0.0000e+00 0.0000e+00 0.0000e+00 0.0000e+00 0.0000e+00 0.0000e+00
-7.6184e-08 -2.1564e-07 2.4709e-06 -6.1167e-07 -8.5666e-07 -1.1290e-06 -1.4271e-06 -1.7495e-06 -2.0957e-06 -2.4648e-06 -2.8567e-06 -3.2708e-06 -3.7071e-06 -4.1654e-06 -4.6454e-06 -5.1469e-06 -5.6696e-06 -6.2132e-06 -6.7769e-06 -7.3600e-06 -7.9615e-06 -8.5800e-06 -9.2138e-06 -9.8606e-06 -1.0518e-05 -1.1182e-05 -1.1850e-05 -1.2516e-05 -1.3174e-05 -1.3819e-05 -1.4442e-05 -1.5035e-05 -1.5588e-05 -1.6090e-05 -1.6528e-05 -1.6890e-05 -1.7162e-05 -1.7330e-05 -1.7378e-05 -1.7292e-05 -1.7061e-05 -1.6672e-05 -1.6119e-05 -1.5399e-05 -1.4513e-05 -1.3473e-05 -1.2293e-05 -1.1001e-05 -9.6299e-06 -8.2207e-06 -6.8200e-06 -5.4764e-06 -4.2364e-06 -3.1399e-06 -2.2155e-06 -1.4772e-06 -9.2256e-07 -5.3414e-07 -2.8323e-07 -1.3557e-07 -5.7575e-08 -2.1256e-08 -6.6555e-09 -1.7158e-09 -3.5139e-10 -5.4727e-11 -6.1461e-12 -4.6622e-13 -2.2035e-14 -5.8690e-16 -7.7707e-18 -4.3665e-20 -8.5205e-23 -4.4671e-26 -4.5196e-30 -5.7354e-35 -5.1810e-41 -1.5693e-48 -5.7933e-58 -6.5694e-70 -3.4134e-85 -5.6439e-105 -6.6291e-131 -2.2123e-165 -5.8404e-212 -4.9124e-276 0.0000e+00 0.0000e+00 0.0000e+00 0.0000e+00 0.0000e+00 0.0000e+00 0.0000e+00 0.0000e+00 0.0000e+00 0.0000e+00 0.0000e+00 0.0000e+00 0.0000e+00 0.0000e+00 7.6184e-08 2.1564e-07 0.0000e+00 6.1167e-07 8.5666e-07 1.1290e-06 1.4271e-06 1.7495e-06 2.0957e-06 2.4648e-06 2.8567e-06 3.2708e-06 3.7071e-06 4.1654e-06 4.6454e-06 5.1469e-06 5.6696e-06 6.2132e-06 6.7769e-06 7.3600e-06 7.9615e-06 8.5800e-06 9.2138e-06 9.8606e-06 1.0518e-05 1.1182e-05 1.1850e-05 1.2516e-05 1.3174e-05 1.3819e-05 1.4442e-05 1.5035e-05 1.5588e-05 1.6089e-05 1.6528e-05 1.6890e-05 1.7162e-05 1.7329e-05 1.7377e-05 1.7292e-05 1.7060e-05 1.6672e-05 1.6119e-05 1.5399e-05 1.4513e-05 1.3472e-05 1.2293e-05 1.1001e-05 9.6296e-06 8.2204e-06 6.8197e-06 5.4761e-06 4.2362e-06 3.1397e-06 2.2154e-06 1.4771e-06 9.2248e-07 5.3409e-07 2.8320e-07 1.3555e-07 5.7567e-08 2.1252e-08 6.6542e-09 1.7155e-09 3.5130e-10 5.4712e-11 6.1441e-12 4.6605e-13 2.2025e-14 5.8661e-16 7.7662e-18 4.3635e-20 8.5136e-23 4.4629e-26 4.5145e-30 5.7276e-35 5.1726e-41 1.5663e-48 5.7797e-58 6.5505e-70 3.4013e-85 5.6190e-105 6.5923e-131 2.1967e-165 5.7876e-212 4.8544e-276 0.0000e+00 0.0000e+00 0.0000e+00 0.0000e+00 0.0000e+00 0.0000e+00 0.0000e+00 0.0000e+00 0.0000e+00 0.0000e+00 0.0000e+00 0.0000e+00 0.0000e+00 0.0000e+00
-1.1749e-07 -3.3255e-07 -6.1167e-07 7.8269e-06 -1.3211e-06 -1.7412e-06 -2.2008e-06 -2.6981e-06 -3.2319e-06 -3.8012e-06 -4.4055e-06 -5.0442e-06 -5.7171e-06 -6.4238e-06 -7.1640e-06 -7.9375e-06 -8.7436e-06 -9.5818e-06 -1.0451e-05 -1.1350e-05 -1.2278e-05 -1.3232e-05 -1.4209e-05 -1.5207e-05 -1.6221e-05 -1.7245e-05 -1.8274e-05 -1.9301e-05 -2.0317e-05 -2.1311e-05 -2.2272e-05 -2.3187e-05 -2.4039e-05 -2.4813e-05 -2.5490e-05 -2.6048e-05 -2.6468e-05 -2.6726e-05 -2.6800e-05 -2.6668e-05 -2.6311e-05 -2.5712e-05 -2.4859e-05 -2.3749e-05 -2.2383e-05 -2.0778e-05 -1.8959e-05 -1.6967e-05 -1.4852e-05 -1.2679e-05 -1.0519e-05 -8.4464e-06 -6.5340e-06 -4.8429e-06 -3.4172e-06 -2.2785e-06 -1.4230e-06 -8.2392e-07 -4.3689e-07 -2.0913e-07 -8.8819e-08 -3.2792e-08 -1.0268e-08 -2.6474e-09 -5.4220e-10 -8.4451e-11 -9.4852e-12 -7.1958e-13 -3.4014e-14 -9.0611e-16 -1.1999e-17 -6.7440e-20 -1.3163e-22 -6.9034e-26 -6.9871e-30 -8.8708e-35 -8.0180e-41 -2.4304e-48 -8.9801e-58 -1.0195e-69 -5.3047e-85 -8.7873e-105 -1.0346e-130 -3.4640e-165 -9.1845e-212 -7.7708e-276 0.0000e+00 0.0000e+00 0.0000e+00 0.0000e+00 0.0000e+00 0.0000e+00 0.0000e+00 0.0000e+00 0.0000e+00 0.0000e+00 0.0000e+00 0.0000e+00 0.0000e+00 0.0000e+00 1.1749e-07 3.3255e-07 6.1167e-07 0.0000e+00 1.3211e-06 1.7412e-06 2.2008e-06 2.6981e-06 3.2319e-06 3.8012e-06 4.4055e-06 5.0442e-06 5.7171e-06 6.4238e-06 7.1640e-06 7.9375e-06 8.7436e-06 9.5818e-06 1.0451e-05 1.1350e-05 1.2278e-05 1.3232e-05 1.4209e-05 1.5207e-05 1.6221e-05 1.7245e-05 1.8274e-05 1.9301e-05 2.0317e-05 2.1311e-05 2.2272e-05 2.3186e-05 2.4039e-05 2.4813e-05 2.5489e-05 2.6048e-05 2.6467e-05 2.6725e-05 2.6799e-05 2.6667e-05 2.6310e-05 2.5711e-05 2.4858e-05 2.3747e-05 2.2382e-05 2.0777e-05 1.8958e-05 1.6965e-05 1.4851e-05 1.2677e-05 1.0517e-05 8.4452e-06 6.5329e-06 4.8420e-06 3.4165e-06 2.2779e-06 1.4226e-06 8.2367e-07 4.3674e-07 2.0904e-07 8.8779e-08 3.2775e-08 1.0262e-08 2.6456e-09 5.4178e-10 8.4376e-11 9.4754e-12 7.1873e-13 3.3967e-14 9.0465e-16 1.1977e-17 6.7293e-20 1.3129e-22 6.8825e-26 6.9621e-30 8.8330e-35 7.9771e-41 2.4155e-48 8.9133e-58 1.0102e-69 5.2455e-85 8.6654e-105 1.0167e-130 3.3877e-165 8.9254e-212 7.4862e-276 0.0000e+00 0.0000e+00 0.0000e+00 0.0000e+00 0.0000e+00 0.0000e+00 0.0000e+00 0.0000e+00 0.0000e+00 0.0000e+00 0.0000e+00 0.0000e+00 0.0000e+00 0.0000e+00
-1.6455e-07 -4.6575e-07 -8.5666e-07 -1.3211e-06 1.9164e-05 -2.4386e-06 -3.0823e-06 -3.7788e-06 -4.5264e-06 -5.3237e-06 -6.1700e-06 -7.0646e-06 -8.0070e-06 -8.9967e-06 -1.0033e-05 -1.1117e-05 -1.2246e-05 -1.3420e-05 -1.4637e-05 -1.5897e-05 -1.7196e-05 -1.8532e-05 -1.9901e-05 -2.1298e-05 -2.2718e-05 -2.4153e-05 -2.5594e-05 -2.7032e-05 -2.8455e-05 -2.9847e-05 -3.1193e-05 -3.2474e-05 -3.3668e-05 -3.4752e-05 -3.5700e-05 -3.6483e-05 -3.7070e-05 -3.7432e-05 -3.7536e-05 -3.7351e-05 -3.6851e-05 -3.6013e-05 -3.4819e-05 -3.3263e-05 -3.1351e-05 -2.9103e-05 -2.6556e-05 -2.3765e-05 -2.0804e-05 -1.7760e-05 -1.4734e-05 -1.1832e-05 -9.1533e-06 -6.7844e-06 -4.7874e-06 -3.1922e-06 -1.9938e-06 -1.1544e-06 -6.1220e-07 -2.9306e-07 -1.2448e-07 -4.5961e-08 -1.4393e-08 -3.7114e-09 -7.6022e-10 -1.1843e-10 -1.3304e-11 -1.0095e-12 -4.7733e-14 -1.2720e-15 -1.6851e-17 -9.4752e-20 -1.8504e-22 -9.7108e-26 -9.8365e-30 -1.2501e-34 -1.1313e-40 -3.4342e-48 -1.2713e-57 -1.4466e-69 -7.5501e-85 -1.2555e-104 -1.4857e-130 -5.0074e-165 -1.3394e-211 -1.1469e-275 0.0000e+00 0.0000e+00 0.0000e+00 0.0000e+00 0.0000e+00 0.0000e+00 0.0000e+00 0.0000e+00 0.0000e+00 0.0000e+00 0.0000e+00 0.0000e+00 0.0000e+00 0.0000e+00 1.6455e-07 4.6575e-07 8.5666e-07 1.3211e-06 0.0000e+00 2.4386e-06 3.0823e-06 3.7788e-06 4.5264e-06 5.3237e-06 6.1700e-06 7.0646e-06 8.0070e-06 8.9967e-06 1.0033e-05 1.1117e-05 1.2246e-05 1.3420e-05 1.4637e-05 1.5897e-05 1.7196e-05 1.8532e-05 1.9901e-05 2.1298e-05 2.2717e-05 2.4152e-05 2.5594e-05 2.7032e-05 2.8454e-05 2.9847e-05 3.1193e-05 3.2473e-05 3.3667e-05 3.4751e-05 3.5699e-05 3.6481e-05 3.7068e-05 3.7430e-05 3.7533e-05 3.7348e-05 3.6848e-05 3.6009e-05 3.4815e-05 3.3259e-05 3.1347e-05 2.9098e-05 2.6551e-05 2.3760e-05 2.0799e-05 1.7755e-05 1.4730e-05 1.1828e-05 9.1496e-06 6.7813e-06 4.7849e-06 3.1903e-06 1.9924e-06 1.1536e-06 6.1167e-07 2.9277e-07 1.2434e-07 4.5902e-08 1.4372e-08 3.7052e-09 7.5877e-10 1.1817e-10 1.3271e-11 1.0066e-12 4.7571e-14 1.2670e-15 1.6774e-17 9.4246e-20 1.8388e-22 9.6392e-26 9.7507e-30 1.2371e-34 1.1172e-40 3.3830e-48 1.2483e-57 1.4148e-69 7.3464e-85 1.2136e-104 1.4238e-130 4.7445e-165 1.2500e-211 1.0484e-275 0.0000e+00 0.0000e+00 0.0000e+00 0.0000e+00 0.0000e+00 0.0000e+00 0.0000e+00 0.0000e+00 0.0000e+00 0.0000e+00 0.0000e+00 0.0000e+00 0.0000e+00 0.0000e+00
-2.1686e-07 -6.1383e-07 -1.1290e-06 -1.7412e-06 -2.4386e-06 3.9881e-05 -4.0622e-06 -4.9802e-06 -5.9655e-06 -7.0164e-06 -8.1317e-06 -9.3107e-06 -1.0553e-05 -1.1857e-05 -1.3224e-05 -1.4651e-05 -1.6139e-05 -1.7686e-05 -1.9291e-05 -2.0951e-05 -2.2663e-05 -2.4424e-05 -2.6228e-05 -2.8070e-05 -2.9941e-05 -3.1832e-05 -3.3732e-05 -3.5628e-05 -3.7502e-05 -3.9338e-05 -4.1112e-05 -4.2800e-05 -4.4375e-05 -4.5803e-05 -4.7053e-05 -4.8084e-05 -4.8859e-05 -4.9336e-05 -4.9473e-05 -4.9231e-05 -4.8573e-05 -4.7468e-05 -4.5895e-05 -4.3845e-05 -4.1326e-05 -3.8363e-05 -3.5007e-05 -3.1329e-05 -2.7425e-05 -2.3414e-05 -1.9426e-05 -1.5600e-05 -1.2069e-05 -8.9459e-06 -6.3130e-06 -4.2098e-06 -2.6296e-06 -1.5227e-06 -8.0759e-07 -3.8664e-07 -1.6425e-07 -6.0657e-08 -1.8999e-08 -4.9002e-09 -1.0040e-09 -1.5645e-10 -1.7582e-11 -1.3347e-12 -6.3139e-14 -1.6835e-15 -2.2318e-17 -1.2560e-19 -2.4553e-22 -1.2901e-25 -1.3087e-29 -1.6661e-34 -1.5110e-40 -4.5994e-48 -1.7084e-57 -1.9522e-69 -1.0243e-84 -1.7151e-104 -2.0475e-130 -6.9804e-165 -1.8956e-211 -1.6560e-275 0.0000e+00 0.0000e+00 0.0000e+00 0.0000e+00 0.0000e+00 0.0000e+00 0.0000e+00 0.0000e+00 0.0000e+00 0.0000e+00 0.0000e+00 0.0000e+00 0.0000e+00 0.0000e+00 2.1686e-07 6.1383e-07 1.1290e-06 1.7412e-06 2.4386e-06 0.0000e+00 4.0622e-06 4.9802e-06 5.9655e-06 7.0164e-06 8.1317e-06 9.3107e-06 1.0553e-05 1.1857e-05 1.3224e-05 1.4651e-05 1.6139e-05 1.7686e-05 1.9291e-05 2.0951e-05 2.2663e-05 2.4424e-05 2.6228e-05 2.8069e-05 2.9940e-05 3.1831e-05 3.3731e-05 3.5627e-05 3.7501e-05 3.9336e-05 4.1110e-05 4.2798e-05 4.4372e-05 4.5800e-05 4.7049e-05 4.8080e-05 4.8854e-05 4.9330e-05 4.9466e-05 4.9223e-05 4.8564e-05 4.7458e-05 4.5884e-05 4.3833e-05 4.1313e-05 3.8350e-05 3.4993e-05 3.1315e-05 2.7411e-05 2.3400e-05 1.9413e-05 1.5588e-05 1.2059e-05 8.9374e-06 6.3062e-06 4.2046e-06 2.6259e-06 1.5203e-06 8.0615e-07 3.8585e-07 1.6387e-07 6.0497e-08 1.8942e-08 4.8832e-09 1.0000e-09 1.5574e-10 1.7490e-11 1.3266e-12 6.2696e-14 1.6698e-15 2.2107e-17 1.2421e-19 2.4235e-22 1.2704e-25 1.2851e-29 1.6304e-34 1.4724e-40 4.4585e-48 1.6452e-57 1.8646e-69 9.6819e-85 1.5994e-104 1.8764e-130 6.2523e-165 1.6471e-211 1.3813e-275 0.0000e+00 0.0000e+00 0.0000e+00 0.0000e+00 0.0000e+00 0.0000e+00 0.0000e+00 0.0000e+00 0.0000e+00 0.0000e+00 0.0000e+00 0.0000e+00 0.0000e+00 0.0000e+00
-2.7411e-07 -7.7586e-07 -1.4271e-06 -2.2008e-06 -3.0823e-06 -4.0622e-06 7.4196e-05 -6.2948e-06 -7.5402e-06 -8.8685e-06 -1.0278e-05 -1.1768e-05 -1.3338e-05 -1.4987e-05 -1.6714e-05 -1.8519e-05 -2.0399e-05 -2.2355e-05 -2.4383e-05 -2.6482e-05 -2.8646e-05 -3.0871e-05 -3.3152e-05 -3.5479e-05 -3.7844e-05 -4.0235e-05 -4.2637e-05 -4.5033e-05 -4.7403e-05 -4.9723e-05 -5.1966e-05 -5.4100e-05 -5.6091e-05 -5.7897e-05 -5.9477e-05 -6.0782e-05 -6.1762e-05 -6.2366e-05 -6.2540e-05 -6.2235e-05 -6.1404e-05 -6.0008e-05 -5.8021e-05 -5.5432e-05 -5.2248e-05 -4.8505e-05 -4.4263e-05 -3.9614e-05 -3.4680e-05 -2.9609e-05 -2.4567e-05 -1.9730e-05 -1.5265e-05 -1.1317e-05 -7.9868e-06 -5.3266e-06 -3.3276e-06 -1.9273e-06 -1.0223e-06 -4.8955e-07 -2.0802e-07 -7.6842e-08 -2.4077e-08 -6.2120e-09 -1.2733e-09 -1.9853e-10 -2.2323e-11 -1.6958e-12 -8.0286e-14 -2.1428e-15 -2.8440e-17 -1.6027e-19 -3.1381e-22 -1.6521e-25 -1.6799e-29 -2.1449e-34 -1.9521e-40 -5.9681e-48 -2.2287e-57 -2.5640e-69 -1.3568e-84 -2.2961e-104 -2.7788e-130 -9.6401e-165 -2.6774e-211 -2.4080e-275 0.0000e+00 0.0000e+00 0.0000e+00 0.0000e+00 0.0000e+00 0.0000e+00 0.0000e+00 0.0000e+00 0.0000e+00 0.0000e+00 0.0000e+00 0.0000e+00 0.0000e+00 0.0000e+00 2.7411e-07 7.7586e-07 1.4271e-06 2.2008e-06 3.0823e-06 4.0622e-06 0.0000e+00 6.2948e-06 7.5402e-06 8.8684e-06 1.0278e-05 1.1768e-05 1.3338e-05 1.4987e-05 1.6714e-05 1.8519e-05 2.0399e-05 2.2355e-05 2.4383e-05 2.6481e-05 2.8645e-05 3.0871e-05 3.3151e-05 3.5478e-05 3.7843e-05 4.0234e-05 4.2635e-05 4.5031e-05 4.7400e-05 4.9719e-05 5.1962e-05 5.4095e-05 5.6084e-05 5.7890e-05 5.9468e-05 6.0771e-05 6.1750e-05 6.2351e-05 6.2524e-05 6.2216e-05 6.1383e-05 5.9985e-05 5.7995e-05 5.5404e-05 5.2218e-05 4.8473e-05 4.4230e-05 3.9581e-05 3.4647e-05 2.9577e-05 2.4537e-05 1.9703e-05 1.5242e-05 1.1297e-05 7.9709e-06 5.3145e-06 3.3191e-06 1.9217e-06 1.0189e-06 4.8770e-07 2.0713e-07 7.6465e-08 2.3942e-08 6.1722e-09 1.2640e-09 1.9685e-10 2.2106e-11 1.6768e-12 7.9246e-14 2.1106e-15 2.7942e-17 1.5700e-19 3.0632e-22 1.6057e-25 1.6243e-29 2.0608e-34 1.8610e-40 5.6353e-48 2.0794e-57 2.3567e-69 1.2236e-84 2.0213e-104 2.3712e-130 7.9000e-165 2.0807e-211 1.7442e-275 0.0000e+00 0.0000e+00 0.0000e+00 0.0000e+00 0.0000e+00 0.0000e+00 0.0000e+00 0.0000e+00 0.0000e+00 0.0000e+00 0.0000e+00 0.0000e+00 0.0000e+00 0.0000e+00
-3.3605e-07 -9.5118e-07 -1.7495e-06 -2.6981e-06 -3.7788e-06 -4.9802e-06 -6.2948e-06 1.2719e-04 -9.2441e-06 -1.0873e-05 -1.2601e-05 -1.4428e-05 -1.6352e-05 -1.8374e-05 -2.0491e-05 -2.2704e-05 -2.5009e-05 -2.7407e-05 -2.9894e-05 -3.2466e-05 -3.5120e-05 -3.7848e-05 -4.0644e-05 -4.3498e-05 -4.6398e-05 -4.9329e-05 -5.2274e-05 -5.5212e-05 -5.8118e-05 -6.0963e-05 -6.3713e-05 -6.6331e-05 -6.8772e-05 -7.0988e-05 -7.2925e-05 -7.4527e-05 -7.5730e-05 -7.6472e-05 -7.6687e-05 -7.6315e-05 -7.5298e-05 -7.3590e-05 -7.1156e-05 -6.7983e-05 -6.4082e-05 -5.9493e-05 -5.4294e-05 -4.8595e-05 -4.2546e-05 -3.6327e-05 -3.0145e-05 -2.4213e-05 -1.8736e-05 -1.3891e-05 -9.8057e-06 -6.5409e-06 -4.0871e-06 -2.3677e-06 -1.2563e-06 -6.0180e-07 -2.5581e-07 -9.4538e-08 -2.9636e-08 -7.6508e-09 -1.5693e-09 -2.4486e-10 -2.7558e-11 -2.0958e-12 -9.9344e-14 -2.6554e-15 -3.5304e-17 -1.9936e-19 -3.9133e-22 -2.0663e-25 -2.1086e-29 -2.7040e-34 -2.4740e-40 -7.6126e-48 -2.8655e-57 -3.3291e-69 -1.7832e-84 -3.0639e-104 -3.7790e-130 -1.3426e-164 -3.8419e-211 -3.5871e-275 0.0000e+00 0.0000e+00 0.0000e+00 0.0000e+00 0.0000e+00 0.0000e+00 0.0000e+00 0.0000e+00 0.0000e+00 0.0000e+00 0.0000e+00 0.0000e+00 0.0000e+00 0.0000e+00 3.3605e-07 9.5118e-07 1.7495e-06 2.6981e-06 3.7788e-06 4.9802e-06 6.2948e-06 0.0000e+00 9.2441e-06 1.0873e-05 1.2601e-05 1.4428e-05 1.6352e-05 1.8374e-05 2.0491e-05 2.2703e-05 2.5009e-05 2.7407e-05 2.9893e-05 3.2465e-05 3.5119e-05 3.7847e-05 4.0643e-05 4.3496e-05 4.6395e-05 4.9326e-05 5.2270e-05 5.5207e-05 5.8111e-05 6.0955e-05 6.3704e-05 6.6319e-05 6.8758e-05 7.0972e-05 7.2906e-05 7.4504e-05 7.5704e-05 7.6441e-05 7.6653e-05 7.6276e-05 7.5254e-05 7.3540e-05 7.1101e-05 6.7924e-05 6.4019e-05 5.9427e-05 5.4225e-05 4.8525e-05 4.2477e-05 3.6261e-05 3.0082e-05 2.4156e-05 1.8686e-05 1.3849e-05 9.7721e-06 6.5155e-06 4.0691e-06 2.3559e-06 1.2492e-06 5.9792e-07 2.5393e-07 9.3745e-08 2.9352e-08 7.5670e-09 1.5496e-09 2.4134e-10 2.7102e-11 2.0557e-12 9.7153e-14 2.5875e-15 3.4257e-17 1.9247e-19 3.7553e-22 1.9685e-25 1.9913e-29 2.5264e-34 2.2815e-40 6.9083e-48 2.5490e-57 2.8888e-69 1.4998e-84 2.4772e-104 2.9054e-130 9.6762e-165 2.5469e-211 2.1325e-275 0.0000e+00 0.0000e+00 0.0000e+00 0.0000e+00 0.0000e+00 0.0000e+00 0.0000e+00 0.0000e+00 0.0000e+00 0.0000e+00 0.0000e+00 0.0000e+00 0.0000e+00 0.0000e+00
-4.0253e-07 -1.1394e-06 -2.0957e-06 -3.2319e-06 -4.5264e-06 -5.9655e-06 -7.5402e-06 -9.2441e-06 2.0487e-04 -1.3024e-05 -1.5094e-05 -1.7282e-05 -1.9588e-05 -2.2009e-05 -2.4545e-05 -2.7195e-05 -2.9957e-05 -3.2829e-05 -3.5808e-05 -3.8890e-05 -4.2068e-05 -4.5337e-05 -4.8686e-05 -5.2105e-05 -5.5579e-05 -5.9090e-05 -6.2618e-05 -6.6138e-05 -6.9620e-05 -7.3029e-05 -7.6325e-05 -7.9462e-05 -8.2387e-05 -8.5044e-05 -8.7367e-05 -8.9287e-05 -9.0731e-05 -9.1623e-05 -9.1884e-05 -9.1442e-05 -9.0228e-05 -8.8184e-05 -8.5273e-05 -8.1475e-05 -7.6805e-05 -7.1312e-05 -6.5085e-05 -5.8259e-05 -5.1013e-05 -4.3563e-05 -3.6155e-05 -2.9044e-05 -2.2479e-05 -1.6670e-05 -1.1770e-05 -7.8535e-06 -4.9088e-06 -2.8448e-06 -1.5101e-06 -7.2371e-07 -3.0780e-07 -1.1382e-07 -3.5707e-08 -9.2259e-09 -1.8942e-09 -2.9590e-10 -3.3346e-11 -2.5398e-12 -1.2061e-13 -3.2306e-15 -4.3060e-17 -2.4388e-19 -4.8042e-22 -2.5475e-25 -2.6128e-29 -3.3710e-34 -3.1071e-40 -9.6464e-48 -3.6706e-57 -4.3214e-69 -2.3525e-84 -4.1229e-104 -5.2099e-130 -1.9066e-164 -5.6566e-211 -5.5184e-275 0.0000e+00 0.0000e+00 0.0000e+00 0.0000e+00 0.0000e+00 0.0000e+00 0.0000e+00 0.0000e+00 0.0000e+00 0.0000e+00 0.0000e+00 0.0000e+00 0.0000e+00 0.0000e+00 4.0253e-07 1.1394e-06 2.0957e-06 3.2319e-06 4.5264e-06 5.9655e-06 7.5402e-06 9.2441e-06 0.0000e+00 1.3024e-05 1.5094e-05 1.7282e-05 1.9587e-05 2.2009e-05 2.4545e-05 2.7195e-05 2.9957e-05 3.2829e-05 3.5807e-05 3.8888e-05 4.2066e-05 4.5334e-05 4.8683e-05 5.2101e-05 5.5574e-05 5.9084e-05 6.2611e-05 6.6129e-05 6.9608e-05 7.3014e-05 7.6307e-05 7.9440e-05 8.2361e-05 8.5012e-05 8.7330e-05 8.9244e-05 9.0681e-05 9.1564e-05 9.1817e-05 9.1366e-05 9.0142e-05 8.8089e-05 8.5168e-05 8.1361e-05 7.6684e-05 7.1184e-05 6.4953e-05 5.8125e-05 5.0880e-05 4.3434e-05 3.6034e-05 2.8934e-05 2.2383e-05 1.6589e-05 1.1705e-05 7.8045e-06 4.8741e-06 2.8220e-06 1.4963e-06 7.1620e-07 3.0417e-07 1.1229e-07 3.5159e-08 9.0640e-09 1.8562e-09 2.8908e-10 3.2464e-11 2.4624e-12 1.1637e-13 3.0994e-15 4.1033e-17 2.3055e-19 4.4981e-22 2.3579e-25 2.3851e-29 3.0259e-34 2.7325e-40 8.2736e-48 3.0526e-57 3.4590e-69 1.7955e-84 2.9646e-104 3.4752e-130 1.1564e-164 3.0388e-211 2.5370e-275 0.0000e+00 0.0000e+00 0.0000e+00 0.0000e+00 0.0000e+00 0.0000e+00 0.0000e+00 0.0000e+00 0.0000e+00 0.0000e+00 0.0000e+00 0.0000e+00 0.0000e+00 0.0000e+00
-4.7345e-07 -1.3401e-06 -2.4648e-06 -3.8012e-06 -5.3237e-06 -7.0164e-06 -8.8685e-06 -1.0873e-05 -1.3024e-05 3.1419e-04 -1.7753e-05 -2.0327e-05 -2.3038e-05 -2.5886e-05 -2.8869e-05 -3.1986e-05 -3.5235e-05 -3.8613e-05 -4.2117e-05 -4.5741e-05 -4.9480e-05 -5.3325e-05 -5.7265e-05 -6.1286e-05 -6.5373e-05 -6.9504e-05 -7.3654e-05 -7.7795e-05 -8.1892e-05 -8.5903e-05 -8.9782e-05 -9.3473e-05 -9.6917e-05 -1.0004e-04 -1.0278e-04 -1.0504e-04 -1.0675e-04 -1.0780e-04 -1.0811e-04 -1.0760e-04 -1.0618e-04 -1.0378e-04 -1.0036e-04 -9.5899e-05 -9.0412e-05 -8.3955e-05 -7.6634e-05 -6.8607e-05 -6.0083e-05 -5.1318e-05 -4.2600e-05 -3.4230e-05 -2.6500e-05 -1.9658e-05 -1.3884e-05 -9.2678e-06 -5.7954e-06 -3.3604e-06 -1.7848e-06 -8.5592e-07 -3.6431e-07 -1.3484e-07 -4.2343e-08 -1.0953e-08 -2.2519e-09 -3.5232e-10 -3.9777e-11 -3.0361e-12 -1.4454e-13 -3.8829e-15 -5.1932e-17 -2.9533e-19 -5.8455e-22 -3.1174e-25 -3.2191e-29 -4.1870e-34 -3.8968e-40 -1.2239e-47 -4.7226e-57 -5.6536e-69 -3.1401e-84 -5.6372e-104 -7.3313e-130 -2.7765e-164 -8.5799e-211 -8.7841e-275 0.0000e+00 0.0000e+00 0.0000e+00 0.0000e+00 0.0000e+00 0.0000e+00 0.0000e+00 0.0000e+00 0.0000e+00 0.0000e+00 0.0000e+00 0.0000e+00 0.0000e+00 0.0000e+00 4.7345e-07 1.3401e-06 2.4648e-06 3.8012e-06 5.3237e-06 7.0164e-06 8.8684e-06 1.0873e-05 1.3024e-05 0.0000e+00 1.7753e-05 2.0327e-05 2.3038e-05 2.5886e-05 2.8869e-05 3.1986e-05 3.5234e-05 3.8612e-05 4.2115e-05 4.5739e-05 4.9477e-05 5.3321e-05 5.7259e-05 6.1279e-05 6.5364e-05 6.9492e-05 7.3640e-05 7.7778e-05 8.1870e-05 8.5876e-05 8.9749e-05 9.3434e-05 9.6870e-05 9.9988e-05 1.0271e-04 1.0497e-04 1.0666e-04 1.0769e-04 1.0799e-04 1.0746e-04 1.0602e-04 1.0361e-04 1.0017e-04 9.5694e-05 9.0192e-05 8.3724e-05 7.6395e-05 6.8365e-05 5.9843e-05 5.1086e-05 4.2381e-05 3.4032e-05 2.6326e-05 1.9512e-05 1.3767e-05 9.1793e-06 5.7327e-06 3.3191e-06 1.7599e-06 8.4237e-07 3.5775e-07 1.3207e-07 4.1353e-08 1.0661e-08 2.1832e-09 3.4000e-10 3.8182e-11 2.8962e-12 1.3687e-13 3.6453e-15 4.8260e-17 2.7115e-19 5.2902e-22 2.7730e-25 2.8049e-29 3.5583e-34 3.2131e-40 9.7274e-48 3.5883e-57 4.0650e-69 2.1091e-84 3.4799e-104 4.0744e-130 1.3529e-164 3.5423e-211 2.9368e-275 0.0000e+00 0.0000e+00 0.0000e+00 0.0000e+00 0.0000e+00 0.0000e+00 0.0000e+00 0.0000e+00 0.0000e+00 0.0000e+00 0.0000e+00 0.0000e+00 0.0000e+00 0.0000e+00
-5.4871e-07 -1.5531e-06 -2.8567e-06 -4.4055e-06 -6.1700e-06 -8.1317e-06 -1.0278e-05 -1.2601e-05 -1.5094e-05 -1.7753e-05 4.6317e-04 -2.3558e-05 -2.6701e-05 -3.0001e-05 -3.3459e-05 -3.7071e-05 -4.0837e-05 -4.4752e-05 -4.8813e-05 -5.3014e-05 -5.7347e-05 -6.1804e-05 -6.6371e-05 -7.1032e-05 -7.5769e-05 -8.0558e-05 -8.5371e-05 -9.0172e-05 -9.4922e-05 -9.9573e-05 -1.0407e-04 -1.0835e-04 -1.1235e-04 -1.1598e-04 -1.1916e-04 -1.2178e-04 -1.2377e-04 -1.2499e-04 -1.2537e-04 -1.2478e-04 -1.2314e-04 -1.2037e-04 -1.1642e-04 -1.1126e-04 -1.0490e-04 -9.7427e-05 -8.8947e-05 -7.9646e-05 -6.9766e-05 -5.9604e-05 -4.9492e-05 -3.9781e-05 -3.0808e-05 -2.2863e-05 -1.6156e-05 -1.0790e-05 -6.7512e-06 -3.9172e-06 -2.0822e-06 -9.9946e-07 -4.2585e-07 -1.5780e-07 -4.9621e-08 -1.2856e-08 -2.6479e-09 -4.1515e-10 -4.6985e-11 -3.5964e-12 -1.7178e-13 -4.6325e-15 -6.2238e-17 -3.5582e-19 -7.0869e-22 -3.8072e-25 -3.9657e-29 -5.2111e-34 -4.9089e-40 -1.5640e-47 -6.1377e-57 -7.4956e-69 -4.2620e-84 -7.8649e-104 -1.0564e-129 -4.1540e-164 -1.3412e-210 -1.4454e-274 0.0000e+00 0.0000e+00 0.0000e+00 0.0000e+00 0.0000e+00 0.0000e+00 0.0000e+00 0.0000e+00 0.0000e+00 0.0000e+00 0.0000e+00 0.0000e+00 0.0000e+00 0.0000e+00 5.4871e-07 1.5531e-06 2.8567e-06 4.4055e-06 6.1700e-06 8.1317e-06 1.0278e-05 1.2601e-05 1.5094e-05 1.7753e-05 0.0000e+00 2.3558e-05 2.6700e-05 3.0001e-05 3.3458e-05 3.7070e-05 4.0835e-05 4.4750e-05 4.8810e-05 5.3010e-05 5.7342e-05 6.1797e-05 6.6361e-05 7.1020e-05 7.5754e-05 8.0539e-05 8.5346e-05 9.0142e-05 9.4885e-05 9.9528e-05 1.0402e-04 1.0829e-04 1.1227e-04 1.1588e-04 1.1904e-04 1.2165e-04 1.2361e-04 1.2481e-04 1.2516e-04 1.2454e-04 1.2288e-04 1.2008e-04 1.1609e-04 1.1091e-04 1.0453e-04 9.7033e-05 8.8539e-05 7.9232e-05 6.9356e-05 5.9207e-05 4.9119e-05 3.9441e-05 3.0511e-05 2.2613e-05 1.5956e-05 1.0639e-05 6.6440e-06 3.8467e-06 2.0397e-06 9.7627e-07 4.1462e-07 1.5307e-07 4.7926e-08 1.2355e-08 2.5302e-09 3.9405e-10 4.4251e-11 3.3565e-12 1.5862e-13 4.2246e-15 5.5928e-17 3.1422e-19 6.1303e-22 3.2132e-25 3.2499e-29 4.1225e-34 3.7219e-40 1.1265e-47 4.1540e-57 4.7030e-69 2.4379e-84 4.0163e-104 4.6904e-130 1.5505e-164 4.0263e-211 3.2851e-275 0.0000e+00 0.0000e+00 0.0000e+00 0.0000e+00 0.0000e+00 0.0000e+00 0.0000e+00 0.0000e+00 0.0000e+00 0.0000e+00 0.0000e+00 0.0000e+00 0.0000e+00 0.0000e+00
-6.2826e-07 -1.7783e-06 -3.2708e-06 -5.0442e-06 -7.0646e-06 -9.3107e-06 -1.1768e-05 -1.4428e-05 -1.7282e-05 -2.0327e-05 -2.3558e-05 6.6094e-04 -3.0572e-05 -3.4351e-05 -3.8310e-05 -4.2447e-05 -4.6758e-05 -5.1241e-05 -5.5891e-05 -6.0702e-05 -6.5664e-05 -7.0768e-05 -7.5998e-05 -8.1337e-05 -8.6762e-05 -9.2247e-05 -9.7760e-05 -1.0326e-04 -1.0870e-04 -1.1403e-04 -1.1919e-04 -1.2410e-04 -1.2868e-04 -1.3284e-04 -1.3649e-04 -1.3951e-04 -1.4179e-04 -1.4320e-04 -1.4364e-04 -1.4298e-04 -1.4112e-04 -1.3797e-04 -1.3345e-04 -1.2756e-04 -1.2030e-04 -1.1175e-04 -1.0204e-04 -9.1396e-05 -8.0083e-05 -6.8440e-05 -5.6850e-05 -4.5714e-05 -3.5420e-05 -2.6300e-05 -1.8596e-05 -1.2428e-05 -7.7826e-06 -4.5198e-06 -2.4050e-06 -1.1558e-06 -4.9311e-07 -1.8301e-07 -5.7650e-08 -1.4967e-08 -3.0900e-09 -4.8577e-10 -5.5151e-11 -4.2368e-12 -2.0323e-13 -5.5076e-15 -7.4419e-17 -4.2830e-19 -8.5972e-22 -4.6607e-25 -4.9064e-29 -6.5274e-34 -6.2382e-40 -2.0212e-47 -8.0883e-57 -1.0104e-68 -5.8973e-84 -1.1216e-103 -1.5596e-129 -6.3832e-164 -2.1585e-210 -2.4552e-274 0.0000e+00 0.0000e+00 0.0000e+00 0.0000e+00 0.0000e+00 0.0000e+00 0.0000e+00 0.0000e+00 0.0000e+00 0.0000e+00 0.0000e+00 0.0000e+00 0.0000e+00 0.0000e+00 6.2826e-07 1.7783e-06 3.2708e-06 5.0442e-06 7.0646e-06 9.3107e-06 1.1768e-05 1.4428e-05 1.7282e-05 2.0327e-05 2.3558e-05 0.0000e+00 3.0571e-05 3.4350e-05 3.8309e-05 4.2445e-05 4.6756e-05 5.1238e-05 5.5887e-05 6.0695e-05 6.5656e-05 7.0756e-05 7.5983e-05 8.1317e-05 8.6737e-05 9.2216e-05 9.7720e-05 1.0321e-04 1.0864e-04 1.1396e-04 1.1910e-04 1.2399e-04 1.2855e-04 1.3268e-04 1.3630e-04 1.3929e-04 1.4153e-04 1.4291e-04 1.4331e-04 1.4260e-04 1.4069e-04 1.3749e-04 1.3293e-04 1.2699e-04 1.1969e-04 1.1110e-04 1.0138e-04 9.0720e-05 7.9411e-05 6.7791e-05 5.6240e-05 4.5160e-05 3.4934e-05 2.5892e-05 1.8269e-05 1.2181e-05 7.6073e-06 4.4044e-06 2.3354e-06 1.1178e-06 4.7473e-07 1.7526e-07 5.4874e-08 1.4146e-08 2.8970e-09 4.5116e-10 5.0664e-11 3.8429e-12 1.8161e-13 4.8366e-15 6.4028e-17 3.5971e-19 7.0173e-22 3.6778e-25 3.7193e-29 4.7168e-34 4.2571e-40 1.2879e-47 4.7456e-57 5.3666e-69 2.7767e-84 4.5605e-104 5.2979e-130 1.7349e-164 4.4250e-211 3.4789e-275 0.0000e+00 0.0000e+00 0.0000e+00 0.0000e+00 0.0000e+00 0.0000e+00 0.0000e+00 0.0000e+00 0.0000e+00 0.0000e+00 0.0000e+00 0.0000e+00 0.0000e+00 0.0000e+00
-7.1207e-07 -2.0155e-06 -3.7071e-06 -5.7171e-06 -8.0070e-06 -1.0553e-05 -1.3338e-05 -1.6352e-05 -1.9588e-05 -2.3038e-05 -2.6701e-05 -3.0572e-05 9.1785e-04 -3.8934e-05 -4.3421e-05 -4.8109e-05 -5.2996e-05 -5.8078e-05 -6.3349e-05 -6.8802e-05 -7.4428e-05 -8.0213e-05 -8.6142e-05 -9.2195e-05 -9.8347e-05 -1.0457e-04 -1.1082e-04 -1.1706e-04 -1.2323e-04 -1.2928e-04 -1.3513e-04 -1.4070e-04 -1.4590e-04 -1.5063e-04 -1.5478e-04 -1.5821e-04 -1.6081e-04 -1.6244e-04 -1.6295e-04 -1.6223e-04 -1.6014e-04 -1.5658e-04 -1.5149e-04 -1.4483e-04 -1.3661e-04 -1.2694e-04 -1.1595e-04 -1.0389e-04 -9.1061e-05 -7.7855e-05 -6.4702e-05 -5.2057e-05 -4.0360e-05 -2.9989e-05 -2.1221e-05 -1.4195e-05 -8.8984e-06 -5.1738e-06 -2.7567e-06 -1.3268e-06 -5.6705e-07 -2.1086e-07 -6.6576e-08 -1.7329e-08 -3.5883e-09 -5.6606e-10 -6.4520e-11 -4.9792e-12 -2.4009e-13 -6.5461e-15 -8.9073e-17 -5.1681e-19 -1.0471e-21 -5.7382e-25 -6.1164e-29 -8.2550e-34 -8.0207e-40 -2.6485e-47 -1.0831e-56 -1.3868e-68 -8.3259e-84 -1.6351e-103 -2.3584e-129 -1.0066e-163 -3.5729e-210 -4.3021e-274 0.0000e+00 0.0000e+00 0.0000e+00 0.0000e+00 0.0000e+00 0.0000e+00 0.0000e+00 0.0000e+00 0.0000e+00 0.0000e+00 0.0000e+00 0.0000e+00 0.0000e+00 0.0000e+00 7.1207e-07 2.0155e-06 3.7071e-06 5.7171e-06 8.0070e-06 1.0553e-05 1.3338e-05 1.6352e-05 1.9587e-05 2.3038e-05 2.6700e-05 3.0571e-05 0.0000e+00 3.8933e-05 4.3419e-05 4.8107e-05 5.2992e-05 5.8073e-05 6.3341e-05 6.8792e-05 7.4414e-05 8.0195e-05 8.6118e-05 9.2164e-05 9.8307e-05 1.0452e-04 1.1076e-04 1.1698e-04 1.2313e-04 1.2916e-04 1.3498e-04 1.4053e-04 1.4569e-04 1.5038e-04 1.5448e-04 1.5787e-04 1.6041e-04 1.6197e-04 1.6242e-04 1.6162e-04 1.5946e-04 1.5583e-04 1.5066e-04 1.4392e-04 1.3565e-04 1.2592e-04 1.1490e-04 1.0282e-04 9.0004e-05 7.6833e-05 6.3742e-05 5.1184e-05 3.9594e-05 2.9346e-05 2.0706e-05 1.3806e-05 8.6220e-06 4.9919e-06 2.6469e-06 1.2669e-06 5.3805e-07 1.9863e-07 6.2192e-08 1.6033e-08 3.2832e-09 5.1132e-10 5.7418e-11 4.3551e-12 2.0580e-13 5.4808e-15 7.2551e-17 4.0756e-19 7.9497e-22 4.1657e-25 4.2115e-29 5.3389e-34 4.8158e-40 1.4556e-47 5.3561e-57 6.0437e-69 3.1159e-84 5.0868e-104 5.8469e-130 1.8772e-164 4.6002e-211 3.2940e-275 0.0000e+00 0.0000e+00 0.0000e+00 0.0000e+00 0.0000e+00 0.0000e+00 0.0000e+00 0.0000e+00 0.0000e+00 0.0000e+00 0.0000e+00 0.0000e+00 0.0000e+00 0.0000e+00
-8.0009e-07 -2.2646e-06 -4.1654e-06 -6.4238e-06 -8.9967e-06 -1.1857e-05 -1.4987e-05 -1.8374e-05 -2.2009e-05 -2.5886e-05 -3.0001e-05 -3.4351e-05 -3.8934e-05 1.2456e-03 -4.8789e-05 -5.4058e-05 -5.9549e-05 -6.5260e-05 -7.1183e-05 -7.7311e-05 -8.3633e-05 -9.0136e-05 -9.6800e-05 -1.0360e-04 -1.1052e-04 -1.1751e-04 -1.2454e-04 -1.3156e-04 -1.3850e-04 -1.4530e-04 -1.5189e-04 -1.5816e-04 -1.6402e-04 -1.6935e-04 -1.7403e-04 -1.7791e-04 -1.8085e-04 -1.8270e-04 -1.8331e-04 -1.8252e-04 -1.8020e-04 -1.7624e-04 -1.7055e-04 -1.6309e-04 -1.5389e-04 -1.4304e-04 -1.3070e-04 -1.1716e-04 -1.0274e-04 -8.7890e-05 -7.3087e-05 -5.8844e-05 -4.5657e-05 -3.3955e-05 -2.4052e-05 -1.6107e-05 -1.0110e-05 -5.8869e-06 -3.1418e-06 -1.5150e-06 -6.4890e-07 -2.4190e-07 -7.6589e-08 -1.9999e-08 -4.1565e-09 -6.5845e-10 -7.5414e-11 -5.8521e-12 -2.8397e-13 -7.7989e-15 -1.0701e-16 -6.2678e-19 -1.2838e-21 -7.1234e-25 -7.7013e-29 -1.0563e-33 -1.0452e-39 -3.5235e-47 -1.4749e-56 -1.9390e-68 -1.1992e-83 -2.4356e-103 -3.6499e-129 -1.6277e-163 -6.0809e-210 -7.7793e-274 0.0000e+00 0.0000e+00 0.0000e+00 0.0000e+00 0.0000e+00 0.0000e+00 0.0000e+00 0.0000e+00 0.0000e+00 0.0000e+00 0.0000e+00 0.0000e+00 0.0000e+00 0.0000e+00 8.0009e-07 2.2646e-06 4.1654e-06 6.4238e-06 8.9967e-06 1.1857e-05 1.4987e-05 1.8374e-05 2.2009e-05 2.5886e-05 3.0001e-05 3.4350e-05 3.8933e-05 0.0000e+00 4.8786e-05 5.4053e-05 5.9543e-05 6.5251e-05 7.1171e-05 7.7295e-05 8.3612e-05 9.0108e-05 9.6764e-05 1.0356e-04 1.1046e-04 1.1744e-04 1.2445e-04 1.3144e-04 1.3835e-04 1.4512e-04 1.5167e-04 1.5790e-04 1.6370e-04 1.6897e-04 1.7358e-04 1.7738e-04 1.8024e-04 1.8200e-04 1.8250e-04 1.8160e-04 1.7917e-04 1.7509e-04 1.6928e-04 1.6172e-04 1.5242e-04 1.4149e-04 1.2910e-04 1.1553e-04 1.0113e-04 8.6331e-05 7.1621e-05 5.7510e-05 4.4488e-05 3.2973e-05 2.3266e-05 1.5512e-05 9.6877e-06 5.6089e-06 2.9741e-06 1.4235e-06 6.0454e-07 2.2318e-07 6.9877e-08 1.8014e-08 3.6888e-09 5.7447e-10 6.4508e-11 4.8926e-12 2.3119e-13 6.1563e-15 8.1484e-17 4.5766e-19 8.9250e-22 4.6752e-25 4.7244e-29 5.9848e-34 5.3926e-40 1.6273e-47 5.9727e-57 6.7121e-69 3.4371e-84 5.5459e-104 6.2396e-130 1.9196e-164 4.2655e-211 2.2460e-275 0.0000e+00 0.0000e+00 0.0000e+00 0.0000e+00 0.0000e+00 0.0000e+00 0.0000e+00 0.0000e+00 0.0000e+00 0.0000e+00 0.0000e+00 0.0000e+00 0.0000e+00 0.0000e+00
-8.9229e-07 -2.5256e-06 -4.6454e-06 -7.1640e-06 -1.0033e-05 -1.3224e-05 -1.6714e-05 -2.0491e-05 -2.4545e-05 -2.8869e-05 -3.3459e-05 -3.8310e-05 -4.3421e-05 -4.8789e-05 1.6572e-03 -6.0288e-05 -6.6414e-05 -7.2783e-05 -7.9390e-05 -8.6226e-05 -9.3279e-05 -1.0053e-04 -1.0797e-04 -1.1556e-04 -1.2328e-04 -1.3108e-04 -1.3893e-04 -1.4676e-04 -1.5451e-04 -1.6211e-04 -1.6947e-04 -1.7648e-04 -1.8304e-04 -1.8900e-04 -1.9424e-04 -1.9860e-04 -2.0192e-04 -2.0402e-04 -2.0473e-04 -2.0389e-04 -2.0135e-04 -1.9697e-04 -1.9067e-04 -1.8239e-04 -1.7217e-04 -1.6009e-04 -1.4636e-04 -1.3126e-04 -1.1518e-04 -9.8595e-05 -8.2052e-05 -6.6119e-05 -5.1352e-05 -3.8233e-05 -2.7116e-05 -1.8185e-05 -1.1432e-05 -6.6687e-06 -3.5664e-06 -1.7237e-06 -7.4026e-07 -2.7678e-07 -8.7935e-08 -2.3052e-08 -4.8121e-09 -7.6616e-10 -8.8254e-11 -6.8933e-12 -3.3699e-13 -9.3334e-15 -1.2929e-16 -7.6561e-19 -1.5876e-21 -8.9318e-25 -9.8086e-29 -1.3691e-33 -1.3818e-39 -4.7618e-47 -2.0430e-56 -2.7611e-68 -1.7614e-83 -3.7050e-103 -5.7789e-129 -2.6992e-163 -1.0647e-209 -1.4534e-273 0.0000e+00 0.0000e+00 0.0000e+00 0.0000e+00 0.0000e+00 0.0000e+00 0.0000e+00 0.0000e+00 0.0000e+00 0.0000e+00 0.0000e+00 0.0000e+00 0.0000e+00 0.0000e+00 8.9229e-07 2.5256e-06 4.6454e-06 7.1640e-06 1.0033e-05 1.3224e-05 1.6714e-05 2.0491e-05 2.4545e-05 2.8869e-05 3.3458e-05 3.8309e-05 4.3419e-05 4.8786e-05 0.0000e+00 6.0282e-05 6.6404e-05 7.2770e-05 7.9373e-05 8.6202e-05 9.3247e-05 1.0049e-04 1.0791e-04 1.1549e-04 1.2319e-04 1.3097e-04 1.3879e-04 1.4659e-04 1.5430e-04 1.6185e-04 1.6915e-04 1.7609e-04 1.8257e-04 1.8844e-04 1.9358e-04 1.9782e-04 2.0101e-04 2.0297e-04 2.0353e-04 2.0253e-04 1.9981e-04 1.9526e-04 1.8879e-04 1.8035e-04 1.6998e-04 1.5779e-04 1.4398e-04 1.2884e-04 1.1278e-04 9.6279e-05 7.9874e-05 6.4137e-05 4.9614e-05 3.6772e-05 2.5946e-05 1.7300e-05 1.0804e-05 6.2551e-06 3.3167e-06 1.5875e-06 6.7418e-07 2.4888e-07 7.7923e-08 2.0088e-08 4.1134e-09 6.4056e-10 7.1925e-11 5.4548e-12 2.5773e-13 6.8620e-15 9.0807e-17 5.0988e-19 9.9394e-22 5.2036e-25 5.2540e-29 6.6475e-34 5.9786e-40 1.7989e-47 6.5725e-57 7.3311e-69 3.7066e-84 5.8449e-104 6.2865e-130 1.7467e-164 2.8276e-211 -7.1741e-276 0.0000e+00 0.0000e+00 0.0000e+00 0.0000e+00 0.0000e+00 0.0000e+00 0.0000e+00 0.0000e+00 0.0000e+00 0.0000e+00 0.0000e+00 0.0000e+00 0.0000e+00 0.0000e+00
-9.8862e-07 -2.7983e-06 -5.1469e-06 -7.9375e-06 -1.1117e-05 -1.4651e-05 -1.8519e-05 -2.2704e-05 -2.7195e-05 -3.1986e-05 -3.7071e-05 -4.2447e-05 -4.8109e-05 -5.4058e-05 -6.0288e-05 2.1674e-03 -7.3587e-05 -8.0645e-05 -8.7967e-05 -9.5543e-05 -1.0336e-04 -1.1140e-04 -1.1964e-04 -1.2806e-04 -1.3662e-04 -1.4527e-04 -1.5397e-04 -1.6266e-04 -1.7127e-04 -1.7971e-04 -1.8788e-04 -1.9567e-04 -2.0296e-04 -2.0960e-04 -2.1544e-04 -2.2031e-04 -2.2403e-04 -2.2640e-04 -2.2725e-04 -2.2637e-04 -2.2362e-04 -2.1882e-04 -2.1190e-04 -2.0278e-04 -1.9150e-04 -1.7816e-04 -1.6297e-04 -1.4626e-04 -1.2843e-04 -1.1003e-04 -9.1657e-05 -7.3937e-05 -5.7493e-05 -4.2862e-05 -3.0445e-05 -2.0453e-05 -1.2883e-05 -7.5315e-06 -4.0378e-06 -1.9571e-06 -8.4314e-07 -3.1639e-07 -1.0093e-07 -2.6580e-08 -5.5776e-09 -8.9330e-10 -1.0359e-10 -8.1523e-12 -4.0194e-13 -1.1239e-14 -1.5738e-16 -9.4328e-19 -1.9826e-21 -1.1324e-24 -1.2647e-28 -1.7988e-33 -1.8535e-39 -6.5370e-47 -2.8778e-56 -4.0026e-68 -2.6373e-83 -5.7547e-103 -9.3622e-129 -4.5929e-163 -1.9198e-209 -2.8100e-273 0.0000e+00 0.0000e+00 0.0000e+00 0.0000e+00 0.0000e+00 0.0000e+00 0.0000e+00 0.0000e+00 0.0000e+00 0.0000e+00 0.0000e+00 0.0000e+00 0.0000e+00 0.0000e+00 9.8862e-07 2.7983e-06 5.1469e-06 7.9375e-06 1.1117e-05 1.4651e-05 1.8519e-05 2.2703e-05 2.7195e-05 3.1986e-05 3.7070e-05 4.2445e-05 4.8107e-05 5.4053e-05 6.0282e-05 0.0000e+00 7.3574e-05 8.0627e-05 8.7942e-05 9.5509e-05 1.0331e-04 1.1134e-04 1.1956e-04 1.2796e-04 1.3649e-04 1.4511e-04 1.5377e-04 1.6241e-04 1.7096e-04 1.7932e-04 1.8741e-04 1.9510e-04 2.0228e-04 2.0879e-04 2.1448e-04 2.1918e-04 2.2271e-04 2.2488e-04 2.2550e-04 2.2439e-04 2.2139e-04 2.1635e-04 2.0917e-04 1.9982e-04 1.8833e-04 1.7483e-04 1.5952e-04 1.4275e-04 1.2496e-04 1.0667e-04 8.8497e-05 7.1061e-05 5.4970e-05 4.0742e-05 2.8747e-05 1.9167e-05 1.1970e-05 6.9302e-06 3.6746e-06 1.7588e-06 7.4691e-07 2.7573e-07 8.6326e-08 2.2253e-08 4.5565e-09 7.0952e-10 7.9662e-11 6.0407e-12 2.8537e-13 7.5961e-15 1.0049e-16 5.6398e-19 1.0987e-21 5.7464e-25 5.7938e-29 7.3151e-34 6.5578e-40 1.9633e-47 7.1149e-57 7.8281e-69 3.8625e-84 5.8100e-104 5.6231e-130 1.1284e-164 -9.4767e-212 -7.9101e-275 0.0000e+00 0.0000e+00 0.0000e+00 0.0000e+00 0.0000e+00 0.0000e+00 0.0000e+00 0.0000e+00 0.0000e+00 0.0000e+00 0.0000e+00 0.0000e+00 0.0000e+00 0.0000e+00
-1.0890e-06 -3.0825e-06 -5.6696e-06 -8.7436e-06 -1.2246e-05 -1.6139e-05 -2.0399e-05 -2.5009e-05 -2.9957e-05 -3.5235e-05 -4.0837e-05 -4.6758e-05 -5.2996e-05 -5.9549e-05 -6.6414e-05 -7.3587e-05 2.7927e-03 -8.8841e-05 -9.6909e-05 -1.0526e-04 -1.1387e-04 -1.2273e-04 -1.3182e-04 -1.4110e-04 -1.5053e-04 -1.6008e-04 -1.6968e-04 -1.7927e-04 -1.8876e-04 -1.9808e-04 -2.0711e-04 -2.1572e-04 -2.2379e-04 -2.3115e-04 -2.3763e-04 -2.4305e-04 -2.4720e-04 -2.4988e-04 -2.5088e-04 -2.5000e-04 -2.4704e-04 -2.4184e-04 -2.3429e-04 -2.2432e-04 -2.1196e-04 -1.9732e-04 -1.8063e-04 -1.6223e-04 -1.4259e-04 -1.2228e-04 -1.0198e-04 -8.2367e-05 -6.4140e-05 -4.7896e-05 -3.4083e-05 -2.2944e-05 -1.4485e-05 -8.4907e-06 -4.5655e-06 -2.2202e-06 -9.6009e-07 -3.6180e-07 -1.1596e-07 -3.0704e-08 -6.4820e-09 -1.0452e-09 -1.2213e-10 -9.6933e-12 -4.8249e-13 -1.3636e-14 -1.9322e-16 -1.1734e-18 -2.5026e-21 -1.4527e-24 -1.6516e-28 -2.3957e-33 -2.5228e-39 -9.1142e-47 -4.1211e-56 -5.9060e-68 -4.0253e-83 -9.1288e-103 -1.5529e-128 -8.0271e-163 -3.5706e-209 -5.6332e-273 0.0000e+00 0.0000e+00 0.0000e+00 0.0000e+00 0.0000e+00 0.0000e+00 0.0000e+00 0.0000e+00 0.0000e+00 0.0000e+00 0.0000e+00 0.0000e+00 0.0000e+00 0.0000e+00 1.0890e-06 3.0825e-06 5.6696e-06 8.7436e-06 1.2246e-05 1.6139e-05 2.0399e-05 2.5009e-05 2.9957e-05 3.5234e-05 4.0835e-05 4.6756e-05 5.2992e-05 5.9543e-05 6.6404e-05 7.3574e-05 0.0000e+00 8.8815e-05 9.6873e-05 1.0521e-04 1.1381e-04 1.2265e-04 1.3171e-04 1.4095e-04 1.5035e-04 1.5985e-04 1.6939e-04 1.7891e-04 1.8832e-04 1.9753e-04 2.0644e-04 2.1492e-04 2.2282e-04 2.2999e-04 2.3626e-04 2.4144e-04 2.4533e-04 2.4772e-04 2.4840e-04 2.4718e-04 2.4387e-04 2.3832e-04 2.3041e-04 2.2012e-04 2.0746e-04 1.9258e-04 1.7572e-04 1.5725e-04 1.3765e-04 1.1751e-04 9.7484e-05 7.8278e-05 6.0552e-05 4.4879e-05 3.1666e-05 2.1113e-05 1.3185e-05 7.6337e-06 4.0475e-06 1.9372e-06 8.2268e-07 3.0368e-07 9.5075e-08 2.4507e-08 5.0177e-09 7.8124e-10 8.7701e-11 6.6490e-12 3.1402e-13 8.3556e-15 1.1048e-16 6.1957e-19 1.2057e-21 6.2960e-25 6.3331e-29 7.9677e-34 7.1037e-40 2.1081e-47 7.5291e-57 8.0736e-69 3.7925e-84 5.1164e-104 3.5473e-130 -3.9623e-165 -9.6604e-211 -2.4517e-274 0.0000e+00 0.0000e+00 0.0000e+00 0.0000e+00 0.0000e+00 0.0000e+00 0.0000e+00 0.0000e+00 0.0000e+00 0.0000e+00 0.0000e+00 0.0000e+00 0.0000e+00 0.0000e+00
