2.9844e-08 -2.0709e-08 -3.8083e-08 -5.8702e-08 -8.2128e-08 -1.0803e-07 -1.3612e-07 -1.6606e-07 -1.9750e-07 -2.2995e-07 -2.6287e-07 -2.9553e-07 -3.2710e-07 -3.5658e-07 -3.8284e-07 -4.0466e-07 -4.2075e-07 -4.2989e-07 -4.3100e-07 -4.2331e-07 -4.0645e-07 -3.8063e-07 -3.4671e-07 -3.0623e-07 -2.6136e-07 -2.1469e-07 -1.6898e-07 -1.2680e-07 -9.0209e-08 -6.0457e-08 -3.7901e-08 -2.2049e-08 -1.1798e-08 -5.7477e-09 -2.5211e-09 -9.8305e-10 -3.3591e-10 -9.8978e-11 -2.4695e-11 -5.1107e-12 -8.5714e-13 -1.1346e-13 -1.1503e-14 -8.6327e-16 -4.6128e-17 -1.6787e-18 -3.9552e-20 -5.6919e-22 -4.6798e-24 -2.0356e-26 -4.2869e-29 -3.9448e-32 -1.4083e-35 -1.6987e-39 -5.8932e-44 -4.8705e-49 -7.6890e-55 -1.7882e-61 -4.5084e-69 -8.5698e-78 -7.9749e-88 -2.1700e-99 -9.3107e-113 -2.9952e-128 -2.9408e-146 -2.9569e-167 -8.0239e-192 -1.1428e-220 -1.1310e-254 -6.3060e-295 0.0000e+00 0.0000e+00 0.0000e+00 0.0000e+00 0.0000e+00 0.0000e+00 0.0000e+00 0.0000e+00 0.0000e+00 0.0000e+00 0.0000e+00 0.0000e+00 0.0000e+00 0.0000e+00 0.0000e+00 0.0000e+00 0.0000e+00 0.0000e+00 0.0000e+00 0.0000e+00 0.0000e+00 0.0000e+00 0.0000e+00 0.0000e+00 0.0000e+00 0.0000e+00 0.0000e+00 0.0000e+00 0.0000e+00 0.0000e+00 0.0000e+00 2.0709e-08 3.8083e-08 5.8702e-08 8.2128e-08 1.0803e-07 1.3612e-07 1.6606e-07 1.9750e-07 2.2995e-07 2.6287e-07 2.9553e-07 3.2710e-07 3.5658e-07 3.8284e-07 4.0465e-07 4.2075e-07 4.2989e-07 4.3100e-07 4.2331e-07 4.0645e-07 3.8063e-07 3.4670e-07 3.0623e-07 2.6136e-07 2.1469e-07 1.6898e-07 1.2680e-07 9.0207e-08 6.0456e-08 3.7900e-08 2.2048e-08 1.1797e-08 5.7475e-09 2.5210e-09 9.8301e-10 3.3590e-10 9.8972e-11 2.4693e-11 5.1103e-12 8.5707e-13 1.1345e-13 1.1502e-14 8.6316e-16 4.6121e-17 1.6785e-18 3.9545e-20 5.6906e-22 4.6787e-24 2.0351e-26 4.2856e-29 3.9434e-32 1.4077e-35 1.6980e-39 5.8902e-44 4.8677e-49 7.6839e-55 1.7868e-61 4.5046e-69 8.5615e-78 7.9661e-88 2.1673e-99 9.2972e-113 2.9903e-128 2.9352e-146 2.9505e-167 8.0038e-192 1.1395e-220 1.1272e-254 6.2815e-295 0.0000e+00 0.0000e+00 0.0000e+00 0.0000e+00 0.0000e+00 0.0000e+00 0.0000e+00 0.0000e+00 0.0000e+00 0.0000e+00 0.0000e+00 0.0000e+00 0.0000e+00 0.0000e+00 0.0000e+00 0.0000e+00 0.0000e+00 0.0000e+00 0.0000e+00 0.0000e+00 0.0000e+00 0.0000e+00 0.0000e+00 0.0000e+00 0.0000e+00 0.0000e+00 0.0000e+00 0.0000e+00 0.0000e+00 0.0000e+00
-2.0709e-08 4.7797e-07 -1.0779e-07 -1.6615e-07 -2.3245e-07 -3.0577e-07 -3.8526e-07 -4.7002e-07 -5.5898e-07 -6.5085e-07 -7.4401e-07 -8.3647e-07 -9.2583e-07 -1.0093e-06 -1.0836e-06 -1.1453e-06 -1.1909e-06 -1.2168e-06 -1.2199e-06 -1.1982e-06 -1.1505e-06 -1.0774e-06 -9.8139e-07 -8.6683e-07 -7.3983e-07 -6.0774e-07 -4.7836e-07 -3.5897e-07 -2.5538e-07 -1.7116e-07 -1.0731e-07 -6.2430e-08 -3.3406e-08 -1.6276e-08 -7.1399e-09 -2.7843e-09 -9.5149e-10 -2.8039e-10 -6.9966e-11 -1.4482e-11 -2.4292e-12 -3.2161e-13 -3.2613e-14 -2.4481e-15 -1.3085e-16 -4.7634e-18 -1.1226e-19 -1.6162e-21 -1.3294e-23 -5.7853e-26 -1.2190e-28 -1.1224e-31 -4.0099e-35 -4.8408e-39 -1.6809e-43 -1.3906e-48 -2.1979e-54 -5.1183e-61 -1.2924e-68 -2.4610e-77 -2.2948e-87 -6.2587e-99 -2.6925e-112 -8.6885e-128 -8.5612e-146 -8.6440e-167 -2.3570e-191 -3.3762e-220 -3.3636e-254 -1.8901e-294 0.0000e+00 0.0000e+00 0.0000e+00 0.0000e+00 0.0000e+00 0.0000e+00 0.0000e+00 0.0000e+00 0.0000e+00 0.0000e+00 0.0000e+00 0.0000e+00 0.0000e+00 0.0000e+00 0.0000e+00 0.0000e+00 0.0000e+00 0.0000e+00 0.0000e+00 0.0000e+00 0.0000e+00 0.0000e+00 0.0000e+00 0.0000e+00 0.0000e+00 0.0000e+00 0.0000e+00 0.0000e+00 0.0000e+00 0.0000e+00 2.0709e-08 0.0000e+00 1.0779e-07 1.6615e-07 2.3245e-07 3.0577e-07 3.8526e-07 4.7002e-07 5.5898e-07 6.5085e-07 7.4401e-07 8.3646e-07 9.2582e-07 1.0093e-06 1.0836e-06 1.1453e-06 1.1909e-06 1.2167e-06 1.2199e-06 1.1981e-06 1.1504e-06 1.0773e-06 9.8130e-07 8.6674e-07 7.3974e-07 6.0765e-07 4.7827e-07 3.5889e-07 2.5532e-07 1.7111e-07 1.0727e-07 6.2405e-08 3.3390e-08 1.6267e-08 7.1354e-09 2.7823e-09 9.5070e-10 2.8013e-10 6.9890e-11 1.4464e-11 2.4258e-12 3.2110e-13 3.2554e-14 2.4430e-15 1.3054e-16 4.7507e-18 1.1193e-19 1.6107e-21 1.3242e-23 5.7599e-26 1.2130e-28 1.1161e-31 3.9844e-35 4.8059e-39 1.6671e-43 1.3777e-48 2.1748e-54 5.0574e-61 1.2750e-68 2.4232e-77 2.2547e-87 6.1342e-99 2.6314e-112 8.4635e-128 8.3077e-146 8.3508e-167 2.2653e-191 3.2252e-220 3.1904e-254 1.7778e-294 0.0000e+00 0.0000e+00 0.0000e+00 0.0000e+00 0.0000e+00 0.0000e+00 0.0000e+00 0.0000e+00 0.0000e+00 0.0000e+00 0.0000e+00 0.0000e+00 0.0000e+00 0.0000e+00 0.0000e+00 0.0000e+00 0.0000e+00 0.0000e+00 0.0000e+00 0.0000e+00 0.0000e+00 0.0000e+00 0.0000e+00 0.0000e+00 0.0000e+00 0.0000e+00 0.0000e+00 0.0000e+00 0.0000e+00 0.0000e+00
-3.8083e-08 -1.0779e-07 2.4236e-06 -3.0554e-07 -4.2748e-07 -5.6231e-07 -7.0850e-07 -8.6437e-07 -1.0280e-06 -1.1969e-06 -1.3683e-06 -1.5383e-06 -1.7026e-06 -1.8561e-06 -1.9928e-06 -2.1064e-06 -2.1903e-06 -2.2379e-06 -2.2438e-06 -2.2039e-06 -2.1162e-06 -1.9819e-06 -1.8054e-06 -1.5948e-06 -1.3613e-06 -1.1183e-06 -8.8037e-07 -6.6074e-07 -4.7014e-07 -3.1515e-07 -1.9762e-07 -1.1500e-07 -6.1552e-08 -2.9999e-08 -1.3164e-08 -5.1353e-09 -1.7557e-09 -5.1763e-10 -1.2924e-10 -2.6767e-11 -4.4930e-12 -5.9531e-13 -6.0421e-14 -4.5401e-15 -2.4293e-16 -8.8551e-18 -2.0900e-19 -3.0137e-21 -2.4834e-23 -1.0830e-25 -2.2873e-28 -2.1116e-31 -7.5662e-35 -9.1647e-39 -3.1945e-43 -2.6543e-48 -4.2158e-54 -9.8727e-61 -2.5089e-68 -4.8121e-77 -4.5243e-87 -1.2457e-98 -5.4170e-112 -1.7698e-127 -1.7687e-145 -1.8151e-166 -5.0428e-191 -7.3803e-220 -7.5371e-254 -4.3578e-294 0.0000e+00 0.0000e+00 0.0000e+00 0.0000e+00 0.0000e+00 0.0000e+00 0.0000e+00 0.0000e+00 0.0000e+00 0.0000e+00 0.0000e+00 0.0000e+00 0.0000e+00 0.0000e+00 0.0000e+00 0.0000e+00 0.0000e+00 0.0000e+00 0.0000e+00 0.0000e+00 0.0000e+00 0.0000e+00 0.0000e+00 0.0000e+00 0.0000e+00 0.0000e+00 0.0000e+00 0.0000e+00 0.0000e+00 0.0000e+00 3.8083e-08 1.0779e-07 0.0000e+00 3.0554e-07 4.2748e-07 5.6231e-07 7.0849e-07 8.6436e-07 1.0280e-06 1.1969e-06 1.3682e-06 1.5383e-06 1.7026e-06 1.8560e-06 1.9927e-06 2.1062e-06 2.1900e-06 2.2376e-06 2.2434e-06 2.2033e-06 2.1156e-06 1.9812e-06 1.8046e-06 1.5939e-06 1.3604e-06 1.1175e-06 8.7954e-07 6.6000e-07 4.6953e-07 3.1467e-07 1.9727e-07 1.1476e-07 6.1404e-08 2.9916e-08 1.3122e-08 5.1166e-09 1.7483e-09 5.1515e-10 1.2853e-10 2.6599e-11 4.4610e-12 5.9049e-13 5.9866e-14 4.4927e-15 2.4006e-16 8.7364e-18 2.0583e-19 2.9620e-21 2.4352e-23 1.0592e-25 2.2306e-28 2.0525e-31 7.3272e-35 8.8378e-39 3.0658e-43 2.5336e-48 3.9993e-54 9.3001e-61 2.3445e-68 4.4560e-77 4.1460e-87 1.1280e-98 4.8385e-112 1.5561e-127 1.5274e-145 1.5352e-166 4.1641e-191 5.9278e-220 5.8627e-254 3.2660e-294 0.0000e+00 0.0000e+00 0.0000e+00 0.0000e+00 0.0000e+00 0.0000e+00 0.0000e+00 0.0000e+00 0.0000e+00 0.0000e+00 0.0000e+00 0.0000e+00 0.0000e+00 0.0000e+00 0.0000e+00 0.0000e+00 0.0000e+00 0.0000e+00 0.0000e+00 0.0000e+00 0.0000e+00 0.0000e+00 0.0000e+00 0.0000e+00 0.0000e+00 0.0000e+00 0.0000e+00 0.0000e+00 0.0000e+00 0.0000e+00
-5.8702e-08 -1.6615e-07 -3.0554e-07 7.6772e-06 -6.5892e-07 -8.6676e-07 -1.0921e-06 -1.3324e-06 -1.5846e-06 -1.8450e-06 -2.1091e-06 -2.3713e-06 -2.6247e-06 -2.8614e-06 -3.0723e-06 -3.2476e-06 -3.3770e-06 -3.4508e-06 -3.4602e-06 -3.3990e-06 -3.2642e-06 -3.0575e-06 -2.7857e-06 -2.4613e-06 -2.1013e-06 -1.7268e-06 -1.3598e-06 -1.0209e-06 -7.2674e-07 -4.8740e-07 -3.0579e-07 -1.7806e-07 -9.5369e-08 -4.6518e-08 -2.0431e-08 -7.9785e-09 -2.7309e-09 -8.0621e-10 -2.0158e-10 -4.1819e-11 -7.0328e-12 -9.3379e-13 -9.5000e-14 -7.1573e-15 -3.8412e-16 -1.4048e-17 -3.3283e-19 -4.8196e-21 -3.9905e-23 -1.7495e-25 -3.7172e-28 -3.4549e-31 -1.2474e-34 -1.5238e-38 -5.3626e-43 -4.5039e-48 -7.2406e-54 -1.7188e-60 -4.4348e-68 -8.6530e-77 -8.2932e-87 -2.3331e-98 -1.0394e-111 -3.4887e-127 -3.5937e-145 -3.8146e-166 -1.1005e-190 -1.6796e-219 -1.7971e-253 -1.0942e-293 0.0000e+00 0.0000e+00 0.0000e+00 0.0000e+00 0.0000e+00 0.0000e+00 0.0000e+00 0.0000e+00 0.0000e+00 0.0000e+00 0.0000e+00 0.0000e+00 0.0000e+00 0.0000e+00 0.0000e+00 0.0000e+00 0.0000e+00 0.0000e+00 0.0000e+00 0.0000e+00 0.0000e+00 0.0000e+00 0.0000e+00 0.0000e+00 0.0000e+00 0.0000e+00 0.0000e+00 0.0000e+00 0.0000e+00 0.0000e+00 5.8702e-08 1.6615e-07 3.0554e-07 0.0000e+00 6.5892e-07 8.6676e-07 1.0921e-06 1.3323e-06 1.5845e-06 1.8449e-06 2.1090e-06 2.3711e-06 2.6244e-06 2.8609e-06 3.0716e-06 3.2466e-06 3.3757e-06 3.4490e-06 3.4580e-06 3.3962e-06 3.2610e-06 3.0538e-06 2.7816e-06 2.4569e-06 2.0969e-06 1.7225e-06 1.3557e-06 1.0173e-06 7.2374e-07 4.8504e-07 3.0407e-07 1.7690e-07 9.4650e-08 4.6113e-08 2.0226e-08 7.8867e-09 2.6949e-09 7.9406e-10 1.9811e-10 4.1001e-11 6.8763e-12 9.1019e-13 9.2278e-14 6.9251e-15 3.7003e-16 1.3466e-17 3.1726e-19 4.5655e-21 3.7536e-23 1.6327e-25 3.4381e-28 3.1635e-31 1.1293e-34 1.3621e-38 4.7249e-43 3.9044e-48 6.1630e-54 1.4330e-60 3.6122e-68 6.8644e-77 6.3858e-87 1.7369e-98 7.4483e-112 2.3945e-127 2.3489e-145 2.3592e-166 6.3923e-191 9.0868e-220 8.9695e-254 4.9832e-294 0.0000e+00 0.0000e+00 0.0000e+00 0.0000e+00 0.0000e+00 0.0000e+00 0.0000e+00 0.0000e+00 0.0000e+00 0.0000e+00 0.0000e+00 0.0000e+00 0.0000e+00 0.0000e+00 0.0000e+00 0.0000e+00 0.0000e+00 0.0000e+00 0.0000e+00 0.0000e+00 0.0000e+00 0.0000e+00 0.0000e+00 0.0000e+00 0.0000e+00 0.0000e+00 0.0000e+00 0.0000e+00 0.0000e+00 0.0000e+00
-8.2128e-08 -2.3245e-07 -4.2748e-07 -6.5892e-07 1.8798e-05 -1.2127e-06 -1.5279e-06 -1.8641e-06 -2.2170e-06 -2.5815e-06 -2.9511e-06 -3.3181e-06 -3.6729e-06 -4.0044e-06 -4.2999e-06 -4.5457e-06 -4.7275e-06 -4.8315e-06 -4.8456e-06 -4.7609e-06 -4.5734e-06 -4.2851e-06 -3.9057e-06 -3.4523e-06 -2.9489e-06 -2.4248e-06 -1.9107e-06 -1.4356e-06 -1.0228e-06 -6.8667e-07 -4.3131e-07 -2.5147e-07 -1.3489e-07 -6.5905e-08 -2.9001e-08 -1.1349e-08 -3.8940e-09 -1.1527e-09 -2.8909e-10 -6.0180e-11 -1.0159e-11 -1.3547e-12 -1.3849e-13 -1.0490e-14 -5.6637e-16 -2.0853e-17 -4.9776e-19 -7.2683e-21 -6.0742e-23 -2.6908e-25 -5.7833e-28 -5.4443e-31 -1.9937e-34 -2.4740e-38 -8.8589e-43 -7.5844e-48 -1.2453e-53 -3.0258e-60 -8.0095e-68 -1.6072e-76 -1.5884e-86 -4.6208e-98 -2.1351e-111 -7.4572e-127 -8.0200e-145 -8.9201e-166 -2.7067e-190 -4.3629e-219 -4.9521e-253 -3.2138e-293 0.0000e+00 0.0000e+00 0.0000e+00 0.0000e+00 0.0000e+00 0.0000e+00 0.0000e+00 0.0000e+00 0.0000e+00 0.0000e+00 0.0000e+00 0.0000e+00 0.0000e+00 0.0000e+00 0.0000e+00 0.0000e+00 0.0000e+00 0.0000e+00 0.0000e+00 0.0000e+00 0.0000e+00 0.0000e+00 0.0000e+00 0.0000e+00 0.0000e+00 0.0000e+00 0.0000e+00 0.0000e+00 0.0000e+00 0.0000e+00 8.2128e-08 2.3245e-07 4.2748e-07 6.5892e-07 0.0000e+00 1.2127e-06 1.5279e-06 1.8640e-06 2.2169e-06 2.5812e-06 2.9506e-06 3.3173e-06 3.6717e-06 4.0026e-06 4.2974e-06 4.5422e-06 4.7228e-06 4.8254e-06 4.8379e-06 4.7516e-06 4.5623e-06 4.2725e-06 3.8917e-06 3.4374e-06 2.9337e-06 2.4099e-06 1.8968e-06 1.4233e-06 1.0126e-06 6.7861e-07 4.2542e-07 2.4749e-07 1.3242e-07 6.4514e-08 2.8298e-08 1.1034e-08 3.7703e-09 1.1109e-09 2.7717e-10 5.7361e-11 9.6201e-12 1.2734e-12 1.2910e-13 9.6881e-15 5.1765e-16 1.8838e-17 4.4382e-19 6.3864e-21 5.2504e-23 2.2836e-25 4.8085e-28 4.4241e-31 1.5791e-34 1.9043e-38 6.6043e-43 5.4560e-48 8.6091e-54 2.0009e-60 5.0405e-68 9.5712e-77 8.8944e-87 2.4159e-98 1.0341e-111 3.3159e-127 3.2418e-145 3.2407e-166 8.7241e-191 1.2289e-219 1.1974e-253 6.5288e-294 0.0000e+00 0.0000e+00 0.0000e+00 0.0000e+00 0.0000e+00 0.0000e+00 0.0000e+00 0.0000e+00 0.0000e+00 0.0000e+00 0.0000e+00 0.0000e+00 0.0000e+00 0.0000e+00 0.0000e+00 0.0000e+00 0.0000e+00 0.0000e+00 0.0000e+00 0.0000e+00 0.0000e+00 0.0000e+00 0.0000e+00 0.0000e+00 0.0000e+00 0.0000e+00 0.0000e+00 0.0000e+00 0.0000e+00 0.0000e+00
-1.0803e-07 -3.0577e-07 -5.6231e-07 -8.6676e-07 -1.2127e-06 3.9118e-05 -2.0099e-06 -2.4522e-06 -2.9165e-06 -3.3962e-06 -3.8827e-06 -4.3658e-06 -4.8331e-06 -5.2699e-06 -5.6598e-06 -5.9845e-06 -6.2253e-06 -6.3641e-06 -6.3849e-06 -6.2760e-06 -6.0317e-06 -5.6548e-06 -5.1576e-06 -4.5624e-06 -3.9008e-06 -3.2108e-06 -2.5332e-06 -1.9060e-06 -1.3601e-06 -9.1478e-07 -5.7578e-07 -3.3649e-07 -1.8097e-07 -8.8684e-08 -3.9157e-08 -1.5382e-08 -5.3000e-09 -1.5764e-09 -3.9746e-10 -8.3231e-11 -1.4144e-11 -1.9000e-12 -1.9583e-13 -1.4968e-14 -8.1632e-16 -3.0391e-17 -7.3435e-19 -1.0868e-20 -9.2181e-23 -4.1502e-25 -9.0796e-28 -8.7143e-31 -3.2590e-34 -4.1379e-38 -1.5188e-42 -1.3356e-47 -2.2573e-53 -5.6574e-60 -1.5483e-67 -3.2197e-76 -3.3059e-86 -1.0017e-97 -4.8345e-111 -1.7687e-126 -1.9989e-144 -2.3442e-165 -7.5289e-190 -1.2899e-218 -1.5637e-252 -1.0897e-292 0.0000e+00 0.0000e+00 0.0000e+00 0.0000e+00 0.0000e+00 0.0000e+00 0.0000e+00 0.0000e+00 0.0000e+00 0.0000e+00 0.0000e+00 0.0000e+00 0.0000e+00 0.0000e+00 0.0000e+00 0.0000e+00 0.0000e+00 0.0000e+00 0.0000e+00 0.0000e+00 0.0000e+00 0.0000e+00 0.0000e+00 0.0000e+00 0.0000e+00 0.0000e+00 0.0000e+00 0.0000e+00 0.0000e+00 0.0000e+00 1.0803e-07 3.0577e-07 5.6231e-07 8.6676e-07 1.2127e-06 0.0000e+00 2.0098e-06 2.4520e-06 2.9161e-06 3.3954e-06 3.8813e-06 4.3637e-06 4.8298e-06 5.2651e-06 5.6528e-06 5.9749e-06 6.2125e-06 6.3475e-06 6.3639e-06 6.2503e-06 6.0014e-06 5.6201e-06 5.1192e-06 4.5216e-06 3.8591e-06 3.1700e-06 2.4950e-06 1.8723e-06 1.3319e-06 8.9265e-07 5.5960e-07 3.2555e-07 1.7419e-07 8.4862e-08 3.7223e-08 1.4514e-08 4.9594e-09 1.4613e-09 3.6457e-10 7.5448e-11 1.2653e-11 1.6748e-12 1.6979e-13 1.2741e-14 6.8073e-16 2.4771e-17 5.8351e-19 8.3954e-21 6.9008e-23 3.0007e-25 6.3165e-28 5.8092e-31 2.0724e-34 2.4976e-38 8.6543e-43 7.1415e-48 1.1252e-53 2.6099e-60 6.5579e-68 1.2409e-76 1.1478e-86 3.0981e-98 1.3147e-111 4.1660e-127 4.0053e-145 3.9091e-166 1.0160e-190 1.3569e-219 1.2150e-253 5.7346e-294 0.0000e+00 0.0000e+00 0.0000e+00 0.0000e+00 0.0000e+00 0.0000e+00 0.0000e+00 0.0000e+00 0.0000e+00 0.0000e+00 0.0000e+00 0.0000e+00 0.0000e+00 0.0000e+00 0.0000e+00 0.0000e+00 0.0000e+00 0.0000e+00 0.0000e+00 0.0000e+00 0.0000e+00 0.0000e+00 0.0000e+00 0.0000e+00 0.0000e+00 0.0000e+00 0.0000e+00 0.0000e+00 0.0000e+00 0.0000e+00
-1.3612e-07 -3.8526e-07 -7.0850e-07 -1.0921e-06 -1.5279e-06 -2.0099e-06 7.2775e-05 -3.0900e-06 -3.6752e-06 -4.2799e-06 -4.8935e-06 -5.5031e-06 -6.0931e-06 -6.6452e-06 -7.1386e-06 -7.5506e-06 -7.8575e-06 -8.0366e-06 -8.0675e-06 -7.9353e-06 -7.6326e-06 -7.1626e-06 -6.5401e-06 -5.7929e-06 -4.9603e-06 -4.0900e-06 -3.2332e-06 -2.4383e-06 -1.7445e-06 -1.1767e-06 -7.4313e-07 -4.3594e-07 -2.3545e-07 -1.1593e-07 -5.1462e-08 -2.0337e-08 -7.0542e-09 -2.1137e-09 -5.3732e-10 -1.1354e-10 -1.9490e-11 -2.6471e-12 -2.7615e-13 -2.1389e-14 -1.1835e-15 -4.4760e-17 -1.1002e-18 -1.6587e-20 -1.4352e-22 -6.6020e-25 -1.4780e-27 -1.4540e-30 -5.5831e-34 -7.2904e-38 -2.7570e-42 -2.5024e-47 -4.3734e-53 -1.1357e-59 -3.2271e-67 -6.9832e-76 -7.4785e-86 -2.3697e-97 -1.1994e-110 -4.6165e-126 -5.5086e-144 -6.8488e-165 -2.3427e-189 -4.2977e-218 -5.6124e-252 -4.2435e-292 0.0000e+00 0.0000e+00 0.0000e+00 0.0000e+00 0.0000e+00 0.0000e+00 0.0000e+00 0.0000e+00 0.0000e+00 0.0000e+00 0.0000e+00 0.0000e+00 0.0000e+00 0.0000e+00 0.0000e+00 0.0000e+00 0.0000e+00 0.0000e+00 0.0000e+00 0.0000e+00 0.0000e+00 0.0000e+00 0.0000e+00 0.0000e+00 0.0000e+00 0.0000e+00 0.0000e+00 0.0000e+00 0.0000e+00 0.0000e+00 1.3612e-07 3.8526e-07 7.0849e-07 1.0921e-06 1.5279e-06 2.0098e-06 0.0000e+00 3.0894e-06 3.6742e-06 4.2780e-06 4.8904e-06 5.4981e-06 6.0854e-06 6.6338e-06 7.1224e-06 7.5282e-06 7.8275e-06 7.9976e-06 8.0183e-06 7.8752e-06 7.5615e-06 7.0811e-06 6.4500e-06 5.6970e-06 4.8623e-06 3.9940e-06 3.1436e-06 2.3590e-06 1.6782e-06 1.1247e-06 7.0506e-07 4.1017e-07 2.1946e-07 1.0692e-07 4.6896e-08 1.8285e-08 6.2479e-09 1.8409e-09 4.5926e-10 9.5037e-11 1.5937e-11 2.1092e-12 2.1380e-13 1.6041e-14 8.5685e-16 3.1171e-17 7.3400e-19 1.0556e-20 8.6711e-23 3.7675e-25 7.9224e-28 7.2764e-31 2.5913e-34 3.1157e-38 1.0764e-42 8.8469e-48 1.3865e-53 3.1933e-60 7.9464e-68 1.4839e-76 1.3475e-86 3.5435e-98 1.4478e-111 4.3344e-127 3.8110e-145 3.1968e-166 6.1906e-191 3.6283e-220 -4.0893e-254 -8.8292e-294 0.0000e+00 0.0000e+00 0.0000e+00 0.0000e+00 0.0000e+00 0.0000e+00 0.0000e+00 0.0000e+00 0.0000e+00 0.0000e+00 0.0000e+00 0.0000e+00 0.0000e+00 0.0000e+00 0.0000e+00 0.0000e+00 0.0000e+00 0.0000e+00 0.0000e+00 0.0000e+00 0.0000e+00 0.0000e+00 0.0000e+00 0.0000e+00 0.0000e+00 0.0000e+00 0.0000e+00 0.0000e+00 0.0000e+00 0.0000e+00
-1.6606e-07 -4.7002e-07 -8.6437e-07 -1.3324e-06 -1.8641e-06 -2.4522e-06 -3.0900e-06 1.2476e-04 -4.4847e-06 -5.2230e-06 -5.9727e-06 -6.7181e-06 -7.4402e-06 -8.1170e-06 -8.7232e-06 -9.2312e-06 -9.6123e-06 -9.8386e-06 -9.8853e-06 -9.7335e-06 -9.3739e-06 -8.8095e-06 -8.0576e-06 -7.1513e-06 -6.1375e-06 -5.0739e-06 -4.0231e-06 -3.0444e-06 -2.1867e-06 -1.4815e-06 -9.4026e-07 -5.5465e-07 -3.0145e-07 -1.4946e-07 -6.6861e-08 -2.6649e-08 -9.3315e-09 -2.8253e-09 -7.2646e-10 -1.5544e-10 -2.7045e-11 -3.7278e-12 -3.9513e-13 -3.1136e-14 -1.7548e-15 -6.7694e-17 -1.6993e-18 -2.6201e-20 -2.3217e-22 -1.0953e-24 -2.5182e-27 -2.5479e-30 -1.0077e-33 -1.3574e-37 -5.3041e-42 -4.9829e-47 -9.0306e-53 -2.4367e-59 -7.2102e-67 -1.6287e-75 -1.8258e-85 -6.0747e-97 -3.2396e-110 -1.3190e-125 -1.6724e-143 -2.2207e-164 -8.1598e-189 -1.6186e-217 -2.3027e-251 -1.9130e-291 0.0000e+00 0.0000e+00 0.0000e+00 0.0000e+00 0.0000e+00 0.0000e+00 0.0000e+00 0.0000e+00 0.0000e+00 0.0000e+00 0.0000e+00 0.0000e+00 0.0000e+00 0.0000e+00 0.0000e+00 0.0000e+00 0.0000e+00 0.0000e+00 0.0000e+00 0.0000e+00 0.0000e+00 0.0000e+00 0.0000e+00 0.0000e+00 0.0000e+00 0.0000e+00 0.0000e+00 0.0000e+00 0.0000e+00 0.0000e+00 1.6606e-07 4.7002e-07 8.6436e-07 1.3323e-06 1.8640e-06 2.4520e-06 3.0894e-06 0.0000e+00 4.4825e-06 5.2192e-06 5.9662e-06 6.7076e-06 7.4242e-06 8.0933e-06 8.6893e-06 9.1843e-06 9.5495e-06 9.7570e-06 9.7823e-06 9.6077e-06 9.2250e-06 8.6389e-06 7.8690e-06 6.9503e-06 5.9319e-06 4.8727e-06 3.8352e-06 2.8779e-06 2.0473e-06 1.3721e-06 8.6012e-07 5.0037e-07 2.6771e-07 1.3042e-07 5.7203e-08 2.2303e-08 7.6199e-09 2.2449e-09 5.5997e-10 1.1586e-10 1.9424e-11 2.5700e-12 2.6041e-13 1.9529e-14 1.0425e-15 3.7893e-17 8.9137e-19 1.2801e-20 1.0497e-22 4.5503e-25 9.5396e-28 8.7267e-31 3.0914e-34 3.6908e-38 1.2630e-42 1.0247e-47 1.5776e-53 3.5438e-60 8.5085e-68 1.5069e-76 1.2609e-86 2.8961e-98 9.1940e-112 1.4736e-127 -6.6614e-146 -3.8064e-166 -2.3154e-190 -6.1154e-219 -1.0470e-252 -9.8609e-293 0.0000e+00 0.0000e+00 0.0000e+00 0.0000e+00 0.0000e+00 0.0000e+00 0.0000e+00 0.0000e+00 0.0000e+00 0.0000e+00 0.0000e+00 0.0000e+00 0.0000e+00 0.0000e+00 0.0000e+00 0.0000e+00 0.0000e+00 0.0000e+00 0.0000e+00 0.0000e+00 0.0000e+00 0.0000e+00 0.0000e+00 0.0000e+00 0.0000e+00 0.0000e+00 0.0000e+00 0.0000e+00 0.0000e+00 0.0000e+00
-1.9750e-07 -5.5898e-07 -1.0280e-06 -1.5846e-06 -2.2170e-06 -2.9165e-06 -3.6752e-06 -4.4847e-06 2.0094e-04 -6.2145e-06 -7.1079e-06 -7.9972e-06 -8.8601e-06 -9.6706e-06 -1.0399e-05 -1.1013e-05 -1.1477e-05 -1.1760e-05 -1.1831e-05 -1.1667e-05 -1.1257e-05 -1.0601e-05 -9.7206e-06 -8.6518e-06 -7.4497e-06 -6.1820e-06 -4.9227e-06 -3.7433e-06 -2.7034e-06 -1.8429e-06 -1.1777e-06 -7.0007e-07 -3.8374e-07 -1.9206e-07 -8.6809e-08 -3.4994e-08 -1.2406e-08 -3.8068e-09 -9.9313e-10 -2.1585e-10 -3.8191e-11 -5.3595e-12 -5.7903e-13 -4.6561e-14 -2.6811e-15 -1.0579e-16 -2.7198e-18 -4.2998e-20 -3.9114e-22 -1.8966e-24 -4.4882e-27 -4.6802e-30 -1.9105e-33 -2.6606e-37 -1.0767e-41 -1.0495e-46 -1.9777e-52 -5.5620e-59 -1.7200e-66 -4.0725e-75 -4.8015e-85 -1.6865e-96 -9.5358e-110 -4.1362e-125 -5.6169e-143 -8.0368e-164 -3.2039e-188 -6.9486e-217 -1.0903e-250 -1.0089e-290 0.0000e+00 0.0000e+00 0.0000e+00 0.0000e+00 0.0000e+00 0.0000e+00 0.0000e+00 0.0000e+00 0.0000e+00 0.0000e+00 0.0000e+00 0.0000e+00 0.0000e+00 0.0000e+00 0.0000e+00 0.0000e+00 0.0000e+00 0.0000e+00 0.0000e+00 0.0000e+00 0.0000e+00 0.0000e+00 0.0000e+00 0.0000e+00 0.0000e+00 0.0000e+00 0.0000e+00 0.0000e+00 0.0000e+00 0.0000e+00 1.9750e-07 5.5898e-07 1.0280e-06 1.5845e-06 2.2169e-06 2.9161e-06 3.6742e-06 4.4825e-06 0.0000e+00 6.2071e-06 7.0955e-06 7.9772e-06 8.8294e-06 9.6251e-06 1.0334e-05 1.0923e-05 1.1357e-05 1.1604e-05 1.1634e-05 1.1426e-05 1.0971e-05 1.0274e-05 9.3583e-06 8.2657e-06 7.0545e-06 5.7948e-06 4.5609e-06 3.4224e-06 2.4346e-06 1.6316e-06 1.0228e-06 5.9496e-07 3.1830e-07 1.5505e-07 6.7999e-08 2.6508e-08 9.0549e-09 2.6670e-09 6.6504e-10 1.3754e-10 2.3046e-11 3.0470e-12 3.0845e-13 2.3103e-14 1.2313e-15 4.4664e-17 1.0478e-18 1.4994e-20 1.2237e-22 5.2713e-25 1.0959e-27 9.9123e-31 3.4575e-34 4.0405e-38 1.3414e-42 1.0415e-47 1.5007e-53 3.0333e-60 6.0569e-68 7.2892e-77 1.2217e-87 -1.8397e-98 -2.1490e-111 -1.3414e-126 -2.2856e-144 -3.8120e-165 -1.6905e-189 -3.9473e-218 -6.5072e-252 -6.2059e-292 0.0000e+00 0.0000e+00 0.0000e+00 0.0000e+00 0.0000e+00 0.0000e+00 0.0000e+00 0.0000e+00 0.0000e+00 0.0000e+00 0.0000e+00 0.0000e+00 0.0000e+00 0.0000e+00 0.0000e+00 0.0000e+00 0.0000e+00 0.0000e+00 0.0000e+00 0.0000e+00 0.0000e+00 0.0000e+00 0.0000e+00 0.0000e+00 0.0000e+00 0.0000e+00 0.0000e+00 0.0000e+00 0.0000e+00 0.0000e+00
-2.2995e-07 -6.5085e-07 -1.1969e-06 -1.8450e-06 -2.5815e-06 -3.3962e-06 -4.2799e-06 -5.2230e-06 -6.2145e-06 3.0815e-04 -8.2839e-06 -9.3240e-06 -1.0335e-05 -1.1288e-05 -1.2148e-05 -1.2878e-05 -1.3439e-05 -1.3791e-05 -1.3899e-05 -1.3736e-05 -1.3286e-05 -1.2549e-05 -1.1545e-05 -1.0316e-05 -8.9226e-06 -7.4422e-06 -5.9605e-06 -4.5621e-06 -3.3188e-06 -2.2809e-06 -1.4708e-06 -8.8301e-07 -4.8931e-07 -2.4783e-07 -1.1347e-07 -4.6385e-08 -1.6693e-08 -5.2054e-09 -1.3815e-09 -3.0577e-10 -5.5156e-11 -7.8990e-12 -8.7183e-13 -7.1693e-14 -4.2263e-15 -1.7090e-16 -4.5075e-18 -7.3189e-20 -6.8463e-22 -3.4181e-24 -8.3398e-27 -8.9803e-30 -3.7918e-33 -5.4720e-37 -2.2994e-41 -2.3329e-46 -4.5874e-52 -1.3501e-58 -4.3833e-66 -1.0935e-74 -1.3639e-84 -5.0905e-96 -3.0735e-109 -1.4315e-124 -2.1005e-142 -3.2699e-163 -1.4294e-187 -3.4290e-216 -6.0107e-250 -6.2835e-290 0.0000e+00 0.0000e+00 0.0000e+00 0.0000e+00 0.0000e+00 0.0000e+00 0.0000e+00 0.0000e+00 0.0000e+00 0.0000e+00 0.0000e+00 0.0000e+00 0.0000e+00 0.0000e+00 0.0000e+00 0.0000e+00 0.0000e+00 0.0000e+00 0.0000e+00 0.0000e+00 0.0000e+00 0.0000e+00 0.0000e+00 0.0000e+00 0.0000e+00 0.0000e+00 0.0000e+00 0.0000e+00 0.0000e+00 0.0000e+00 2.2995e-07 6.5085e-07 1.1969e-06 1.8449e-06 2.5812e-06 3.3954e-06 4.2780e-06 5.2192e-06 6.2071e-06 0.0000e+00 8.2616e-06 9.2883e-06 1.0280e-05 1.1207e-05 1.2032e-05 1.2718e-05 1.3224e-05 1.3511e-05 1.3546e-05 1.3304e-05 1.2774e-05 1.1962e-05 1.0896e-05 9.6239e-06 8.2136e-06 6.7467e-06 5.3100e-06 3.9844e-06 2.8343e-06 1.8993e-06 1.1905e-06 6.9245e-07 3.7041e-07 1.8040e-07 7.9093e-08 3.0823e-08 1.0524e-08 3.0979e-09 7.7193e-10 1.5949e-10 2.6690e-11 3.5228e-12 3.5583e-13 2.6575e-14 1.4110e-15 5.0923e-17 1.1866e-18 1.6828e-20 1.3568e-22 5.7476e-25 1.1674e-27 1.0215e-30 3.3941e-34 3.6827e-38 1.0833e-42 6.7481e-48 5.8229e-54 -2.2249e-61 -6.2138e-68 -2.7318e-76 -4.6596e-86 -2.1294e-97 -1.4782e-110 -7.5971e-126 -1.1945e-143 -1.9490e-164 -8.7748e-189 -2.1373e-217 -3.7583e-251 -3.9007e-291 0.0000e+00 0.0000e+00 0.0000e+00 0.0000e+00 0.0000e+00 0.0000e+00 0.0000e+00 0.0000e+00 0.0000e+00 0.0000e+00 0.0000e+00 0.0000e+00 0.0000e+00 0.0000e+00 0.0000e+00 0.0000e+00 0.0000e+00 0.0000e+00 0.0000e+00 0.0000e+00 0.0000e+00 0.0000e+00 0.0000e+00 0.0000e+00 0.0000e+00 0.0000e+00 0.0000e+00 0.0000e+00 0.0000e+00 0.0000e+00
-2.6287e-07 -7.4401e-07 -1.3683e-06 -2.1091e-06 -2.9511e-06 -3.8827e-06 -4.8935e-06 -5.9727e-06 -7.1079e-06 -8.2839e-06 4.5425e-04 -1.0678e-05 -1.1845e-05 -1.2948e-05 -1.3950e-05 -1.4809e-05 -1.5479e-05 -1.5917e-05 -1.6081e-05 -1.5937e-05 -1.5467e-05 -1.4666e-05 -1.3554e-05 -1.2174e-05 -1.0591e-05 -8.8927e-06 -7.1756e-06 -5.5379e-06 -4.0661e-06 -2.8230e-06 -1.8408e-06 -1.1187e-06 -6.2811e-07 -3.2267e-07 -1.5000e-07 -6.2321e-08 -2.2817e-08 -7.2459e-09 -1.9602e-09 -4.4268e-10 -8.1548e-11 -1.1938e-11 -1.3482e-12 -1.1354e-13 -6.8615e-15 -2.8474e-16 -7.7157e-18 -1.2887e-19 -1.2416e-21 -6.3944e-24 -1.6119e-26 -1.7965e-29 -7.8672e-33 -1.1801e-36 -5.1670e-41 -5.4774e-46 -1.1288e-51 -3.4935e-58 -1.1971e-65 -3.1652e-74 -4.2031e-84 -1.6787e-95 -1.0907e-108 -5.5008e-124 -8.8009e-142 -1.5056e-162 -7.2955e-187 -1.9592e-215 -3.8871e-249 -4.6572e-289 0.0000e+00 0.0000e+00 0.0000e+00 0.0000e+00 0.0000e+00 0.0000e+00 0.0000e+00 0.0000e+00 0.0000e+00 0.0000e+00 0.0000e+00 0.0000e+00 0.0000e+00 0.0000e+00 0.0000e+00 0.0000e+00 0.0000e+00 0.0000e+00 0.0000e+00 0.0000e+00 0.0000e+00 0.0000e+00 0.0000e+00 0.0000e+00 0.0000e+00 0.0000e+00 0.0000e+00 0.0000e+00 0.0000e+00 0.0000e+00 2.6287e-07 7.4401e-07 1.3682e-06 2.1090e-06 2.9506e-06 3.8813e-06 4.8904e-06 5.9662e-06 7.0955e-06 8.2616e-06 0.0000e+00 1.0618e-05 1.1752e-05 1.2811e-05 1.3755e-05 1.4538e-05 1.5116e-05 1.5445e-05 1.5485e-05 1.5208e-05 1.4602e-05 1.3674e-05 1.2455e-05 1.1001e-05 9.3884e-06 7.7114e-06 6.0690e-06 4.5535e-06 3.2389e-06 2.1701e-06 1.3600e-06 7.9087e-07 4.2292e-07 2.0589e-07 9.0223e-08 3.5135e-08 1.1985e-08 3.5237e-09 8.7662e-10 1.8073e-10 3.0160e-11 3.9662e-12 3.9865e-13 2.9577e-14 1.5566e-15 5.5507e-17 1.2722e-18 1.7631e-20 1.3755e-22 5.5518e-25 1.0469e-27 8.1076e-31 2.1500e-34 1.3548e-38 -1.2885e-43 -8.0441e-48 -2.8443e-53 -1.1926e-59 -4.9818e-67 -1.5113e-75 -2.2129e-85 -9.4732e-97 -6.4579e-110 -3.3603e-125 -5.4711e-143 -9.4160e-164 -4.5453e-188 -1.2056e-216 -2.3445e-250 -2.7343e-290 0.0000e+00 0.0000e+00 0.0000e+00 0.0000e+00 0.0000e+00 0.0000e+00 0.0000e+00 0.0000e+00 0.0000e+00 0.0000e+00 0.0000e+00 0.0000e+00 0.0000e+00 0.0000e+00 0.0000e+00 0.0000e+00 0.0000e+00 0.0000e+00 0.0000e+00 0.0000e+00 0.0000e+00 0.0000e+00 0.0000e+00 0.0000e+00 0.0000e+00 0.0000e+00 0.0000e+00 0.0000e+00 0.0000e+00 0.0000e+00
-2.9553e-07 -8.3647e-07 -1.5383e-06 -2.3713e-06 -3.3181e-06 -4.3658e-06 -5.5031e-06 -6.7181e-06 -7.9972e-06 -9.3240e-06 -1.0678e-05 6.4817e-04 -1.3361e-05 -1.4623e-05 -1.5778e-05 -1.6780e-05 -1.7578e-05 -1.8123e-05 -1.8367e-05 -1.8272e-05 -1.7809e-05 -1.6972e-05 -1.5776e-05 -1.4262e-05 -1.2500e-05 -1.0583e-05 -8.6185e-06 -6.7196e-06 -4.9891e-06 -3.5063e-06 -2.3167e-06 -1.4280e-06 -8.1403e-07 -4.2499e-07 -2.0097e-07 -8.5010e-08 -3.1717e-08 -1.0273e-08 -2.8369e-09 -6.5454e-10 -1.2329e-10 -1.8472e-11 -2.1370e-12 -1.8454e-13 -1.1448e-14 -4.8822e-16 -1.3613e-17 -2.3429e-19 -2.3298e-21 -1.2405e-23 -3.2391e-26 -3.7475e-29 -1.7075e-32 -2.6720e-36 -1.2240e-40 -1.3617e-45 -2.9552e-51 -9.6684e-58 -3.5170e-65 -9.9171e-74 -1.4116e-83 -6.0771e-95 -4.2828e-108 -2.3592e-123 -4.1546e-141 -7.8906e-162 -4.2859e-186 -1.3042e-214 -2.9682e-248 -4.1359e-288 0.0000e+00 0.0000e+00 0.0000e+00 0.0000e+00 0.0000e+00 0.0000e+00 0.0000e+00 0.0000e+00 0.0000e+00 0.0000e+00 0.0000e+00 0.0000e+00 0.0000e+00 0.0000e+00 0.0000e+00 0.0000e+00 0.0000e+00 0.0000e+00 0.0000e+00 0.0000e+00 0.0000e+00 0.0000e+00 0.0000e+00 0.0000e+00 0.0000e+00 0.0000e+00 0.0000e+00 0.0000e+00 0.0000e+00 0.0000e+00 2.9553e-07 8.3646e-07 1.5383e-06 2.3711e-06 3.3173e-06 4.3637e-06 5.4981e-06 6.7076e-06 7.9772e-06 9.2883e-06 1.0618e-05 0.0000e+00 1.3212e-05 1.4403e-05 1.5464e-05 1.6345e-05 1.6995e-05 1.7364e-05 1.7409e-05 1.7097e-05 1.6416e-05 1.5373e-05 1.4002e-05 1.2366e-05 1.0553e-05 8.6676e-06 6.8208e-06 5.1169e-06 3.6389e-06 2.4376e-06 1.5271e-06 8.8763e-07 4.7438e-07 2.3076e-07 1.0101e-07 3.9281e-08 1.3375e-08 3.9224e-09 9.7255e-10 1.9963e-10 3.3116e-11 4.3202e-12 4.2953e-13 3.1395e-14 1.6180e-15 5.6004e-17 1.2287e-18 1.5928e-20 1.1146e-22 3.6934e-25 4.4405e-28 -1.6811e-32 -2.1859e-34 -6.2687e-38 -3.9833e-42 -5.4698e-47 -1.3729e-52 -4.9818e-59 -1.9516e-66 -5.7980e-75 -8.5474e-85 -3.7590e-96 -2.6754e-109 -1.4740e-124 -2.5744e-142 -4.8135e-163 -2.5571e-187 -7.5647e-216 -1.6645e-249 -2.2308e-289 0.0000e+00 0.0000e+00 0.0000e+00 0.0000e+00 0.0000e+00 0.0000e+00 0.0000e+00 0.0000e+00 0.0000e+00 0.0000e+00 0.0000e+00 0.0000e+00 0.0000e+00 0.0000e+00 0.0000e+00 0.0000e+00 0.0000e+00 0.0000e+00 0.0000e+00 0.0000e+00 0.0000e+00 0.0000e+00 0.0000e+00 0.0000e+00 0.0000e+00 0.0000e+00 0.0000e+00 0.0000e+00 0.0000e+00 0.0000e+00
-3.2710e-07 -9.2583e-07 -1.7026e-06 -2.6247e-06 -3.6729e-06 -4.8331e-06 -6.0931e-06 -7.4402e-06 -8.8601e-06 -1.0335e-05 -1.1845e-05 -1.3361e-05 9.0005e-04 -1.6280e-05 -1.7599e-05 -1.8760e-05 -1.9709e-05 -2.0389e-05 -2.0747e-05 -2.0736e-05 -2.0321e-05 -1.9488e-05 -1.8244e-05 -1.6626e-05 -1.4704e-05 -1.2574e-05 -1.0353e-05 -8.1692e-06 -6.1448e-06 -4.3793e-06 -2.9371e-06 -1.8394e-06 -1.0663e-06 -5.6661e-07 -2.7294e-07 -1.1770e-07 -4.4806e-08 -1.4818e-08 -4.1817e-09 -9.8675e-10 -1.9027e-10 -2.9208e-11 -3.4655e-12 -3.0728e-13 -1.9597e-14 -8.6034e-16 -2.4733e-17 -4.3960e-19 -4.5227e-21 -2.4964e-23 -6.7731e-26 -8.1618e-29 -3.8838e-32 -6.3655e-36 -3.0639e-40 -3.5943e-45 -8.2571e-51 -2.8716e-57 -1.1155e-64 -3.3762e-73 -5.1871e-83 -2.4254e-94 -1.8693e-107 -1.1347e-122 -2.2205e-140 -4.7311e-161 -2.9136e-185 -1.0172e-213 -2.6918e-247 -4.4278e-287 0.0000e+00 0.0000e+00 0.0000e+00 0.0000e+00 0.0000e+00 0.0000e+00 0.0000e+00 0.0000e+00 0.0000e+00 0.0000e+00 0.0000e+00 0.0000e+00 0.0000e+00 0.0000e+00 0.0000e+00 0.0000e+00 0.0000e+00 0.0000e+00 0.0000e+00 0.0000e+00 0.0000e+00 0.0000e+00 0.0000e+00 0.0000e+00 0.0000e+00 0.0000e+00 0.0000e+00 0.0000e+00 0.0000e+00 0.0000e+00 3.2710e-07 9.2582e-07 1.7026e-06 2.6244e-06 3.6717e-06 4.8298e-06 6.0854e-06 7.4242e-06 8.8294e-06 1.0280e-05 1.1752e-05 1.3212e-05 0.0000e+00 1.5942e-05 1.7116e-05 1.8091e-05 1.8810e-05 1.9218e-05 1.9268e-05 1.8923e-05 1.8168e-05 1.7013e-05 1.5495e-05 1.3684e-05 1.1677e-05 9.5891e-06 7.5446e-06 5.6585e-06 4.0226e-06 2.6934e-06 1.6863e-06 9.7932e-07 5.2279e-07 2.5392e-07 1.1092e-07 4.3017e-08 1.4593e-08 4.2585e-09 1.0489e-09 2.1333e-10 3.4948e-11 4.4800e-12 4.3449e-13 3.0630e-14 1.4948e-15 4.7435e-17 8.9477e-19 8.4925e-21 2.0151e-23 -2.1288e-25 -1.3378e-27 -2.3951e-30 -1.4539e-33 -2.8105e-37 -1.5202e-41 -1.9392e-46 -4.7294e-52 -1.7143e-58 -6.8402e-66 -2.1013e-74 -3.2441e-84 -1.5114e-95 -1.1520e-108 -6.8705e-124 -1.3133e-141 -2.7187e-162 -1.6187e-186 -5.4389e-215 -1.3792e-248 -2.1650e-288 0.0000e+00 0.0000e+00 0.0000e+00 0.0000e+00 0.0000e+00 0.0000e+00 0.0000e+00 0.0000e+00 0.0000e+00 0.0000e+00 0.0000e+00 0.0000e+00 0.0000e+00 0.0000e+00 0.0000e+00 0.0000e+00 0.0000e+00 0.0000e+00 0.0000e+00 0.0000e+00 0.0000e+00 0.0000e+00 0.0000e+00 0.0000e+00 0.0000e+00 0.0000e+00 0.0000e+00 0.0000e+00 0.0000e+00 0.0000e+00
-3.5658e-07 -1.0093e-06 -1.8561e-06 -2.8614e-06 -4.0044e-06 -5.2699e-06 -6.6452e-06 -8.1170e-06 -9.6706e-06 -1.1288e-05 -1.2948e-05 -1.4623e-05 -1.6280e-05 1.2213e-03 -1.9375e-05 -2.0714e-05 -2.1838e-05 -2.2688e-05 -2.3201e-05 -2.3323e-05 -2.3010e-05 -2.2235e-05 -2.0995e-05 -1.9318e-05 -1.7267e-05 -1.4938e-05 -1.2456e-05 -9.9636e-06 -7.6048e-06 -5.5048e-06 -3.7530e-06 -2.3912e-06 -1.4115e-06 -7.6426e-07 -3.7541e-07 -1.6521e-07 -6.4228e-08 -2.1710e-08 -6.2670e-09 -1.5140e-09 -2.9918e-10 -4.7116e-11 -5.7419e-12 -5.2363e-13 -3.4393e-14 -1.5576e-15 -4.6274e-17 -8.5156e-19 -9.0899e-21 -5.2178e-23 -1.4759e-25 -1.8592e-28 -9.2759e-32 -1.5992e-35 -8.1256e-40 -1.0101e-44 -2.4694e-50 -9.1813e-57 -3.8323e-64 -1.2533e-72 -2.0933e-82 -1.0713e-93 -9.1048e-107 -6.1453e-122 -1.3496e-139 -3.2605e-160 -2.3031e-184 -9.3433e-213 -2.9151e-246 -5.7476e-286 0.0000e+00 0.0000e+00 0.0000e+00 0.0000e+00 0.0000e+00 0.0000e+00 0.0000e+00 0.0000e+00 0.0000e+00 0.0000e+00 0.0000e+00 0.0000e+00 0.0000e+00 0.0000e+00 0.0000e+00 0.0000e+00 0.0000e+00 0.0000e+00 0.0000e+00 0.0000e+00 0.0000e+00 0.0000e+00 0.0000e+00 0.0000e+00 0.0000e+00 0.0000e+00 0.0000e+00 0.0000e+00 0.0000e+00 0.0000e+00 3.5658e-07 1.0093e-06 1.8560e-06 2.8609e-06 4.0026e-06 5.2651e-06 6.6338e-06 8.0933e-06 9.6251e-06 1.1207e-05 1.2811e-05 1.4403e-05 1.5942e-05 0.0000e+00 1.8658e-05 1.9721e-05 2.0505e-05 2.0949e-05 2.1003e-05 2.0627e-05 1.9803e-05 1.8543e-05 1.6887e-05 1.4912e-05 1.2722e-05 1.0445e-05 8.2153e-06 6.1587e-06 4.3756e-06 2.9272e-06 1.8306e-06 1.0615e-06 5.6546e-07 2.7387e-07 1.1918e-07 4.5979e-08 1.5487e-08 4.4754e-09 1.0874e-09 2.1695e-10 3.4571e-11 4.2534e-12 3.8710e-13 2.4562e-14 9.8534e-16 1.9518e-17 -7.2933e-20 -1.1756e-20 -2.2084e-22 -1.7316e-24 -5.9949e-27 -8.6876e-30 -4.7904e-33 -8.8740e-37 -4.7441e-41 -6.1048e-46 -1.5249e-51 -5.7305e-58 -2.3960e-65 -7.7880e-74 -1.2842e-83 -6.4500e-95 -5.3509e-108 -3.5084e-123 -7.4517e-141 -1.7338e-161 -1.1749e-185 -4.5556e-214 -1.3537e-247 -2.5330e-287 0.0000e+00 0.0000e+00 0.0000e+00 0.0000e+00 0.0000e+00 0.0000e+00 0.0000e+00 0.0000e+00 0.0000e+00 0.0000e+00 0.0000e+00 0.0000e+00 0.0000e+00 0.0000e+00 0.0000e+00 0.0000e+00 0.0000e+00 0.0000e+00 0.0000e+00 0.0000e+00 0.0000e+00 0.0000e+00 0.0000e+00 0.0000e+00 0.0000e+00 0.0000e+00 0.0000e+00 0.0000e+00 0.0000e+00 0.0000e+00
-3.8284e-07 -1.0836e-06 -1.9928e-06 -3.0723e-06 -4.2999e-06 -5.6598e-06 -7.1386e-06 -8.7232e-06 -1.0399e-05 -1.2148e-05 -1.3950e-05 -1.5778e-05 -1.7599e-05 -1.9375e-05 1.6247e-03 -2.2595e-05 -2.3926e-05 -2.4985e-05 -2.5705e-05 -2.6022e-05 -2.5878e-05 -2.5232e-05 -2.4065e-05 -2.2390e-05 -2.0258e-05 -1.7757e-05 -1.5018e-05 -1.2196e-05 -9.4583e-06 -6.9622e-06 -4.8307e-06 -3.1348e-06 -1.8859e-06 -1.0415e-06 -5.2214e-07 -2.3470e-07 -9.3267e-08 -3.2252e-08 -9.5337e-09 -2.3609e-09 -4.7875e-10 -7.7469e-11 -9.7138e-12 -9.1281e-13 -6.1885e-14 -2.8981e-15 -8.9204e-17 -1.7045e-18 -1.8936e-20 -1.1342e-22 -3.3566e-25 -4.4373e-28 -2.3309e-31 -4.2460e-35 -2.2883e-39 -3.0298e-44 -7.9257e-50 -3.1689e-56 -1.4303e-63 -5.0886e-72 -9.3079e-82 -5.2553e-93 -4.9675e-106 -3.7627e-121 -9.3675e-139 -2.5941e-159 -2.1269e-183 -1.0157e-211 -3.7895e-245 -9.0961e-285 0.0000e+00 0.0000e+00 0.0000e+00 0.0000e+00 0.0000e+00 0.0000e+00 0.0000e+00 0.0000e+00 0.0000e+00 0.0000e+00 0.0000e+00 0.0000e+00 0.0000e+00 0.0000e+00 0.0000e+00 0.0000e+00 0.0000e+00 0.0000e+00 0.0000e+00 0.0000e+00 0.0000e+00 0.0000e+00 0.0000e+00 0.0000e+00 0.0000e+00 0.0000e+00 0.0000e+00 0.0000e+00 0.0000e+00 0.0000e+00 3.8284e-07 1.0836e-06 1.9927e-06 3.0716e-06 4.2974e-06 5.6528e-06 7.1224e-06 8.6893e-06 1.0334e-05 1.2032e-05 1.3755e-05 1.5464e-05 1.7116e-05 1.8658e-05 0.0000e+00 2.1173e-05 2.2014e-05 2.2491e-05 2.2548e-05 2.2143e-05 2.1257e-05 1.9902e-05 1.8123e-05 1.5999e-05 1.3646e-05 1.1199e-05 8.8033e-06 6.5944e-06 4.6800e-06 3.1262e-06 1.9511e-06 1.1283e-06 5.9878e-07 2.8851e-07 1.2466e-07 4.7619e-08 1.5818e-08 4.4813e-09 1.0577e-09 2.0205e-10 3.0053e-11 3.2871e-12 2.3731e-13 7.8830e-15 -3.1568e-16 -4.9077e-17 -2.4101e-18 -6.0521e-20 -8.0574e-22 -5.4772e-24 -1.7746e-26 -2.5032e-29 -1.3762e-32 -2.5842e-36 -1.4183e-40 -1.8933e-45 -4.9514e-51 -1.9649e-57 -8.7469e-65 -3.0521e-73 -5.4485e-83 -2.9888e-94 -2.7335e-107 -1.9957e-122 -4.7720e-140 -1.2649e-160 -9.8946e-185 -4.4938e-213 -1.5897e-246 -3.6070e-286 0.0000e+00 0.0000e+00 0.0000e+00 0.0000e+00 0.0000e+00 0.0000e+00 0.0000e+00 0.0000e+00 0.0000e+00 0.0000e+00 0.0000e+00 0.0000e+00 0.0000e+00 0.0000e+00 0.0000e+00 0.0000e+00 0.0000e+00 0.0000e+00 0.0000e+00 0.0000e+00 0.0000e+00 0.0000e+00 0.0000e+00 0.0000e+00 0.0000e+00 0.0000e+00 0.0000e+00 0.0000e+00 0.0000e+00 0.0000e+00
-4.0466e-07 -1.1453e-06 -2.1064e-06 -3.2476e-06 -4.5457e-06 -5.9845e-06 -7.5506e-06 -9.2312e-06 -1.1013e-05 -1.2878e-05 -1.4809e-05 -1.6780e-05 -1.8760e-05 -2.0714e-05 -2.2595e-05 2.1247e-03 -2.5922e-05 -2.7237e-05 -2.8225e-05 -2.8809e-05 -2.8917e-05 -2.8490e-05 -2.7487e-05 -2.5896e-05 -2.3749e-05 -2.1123e-05 -1.8142e-05 -1.4974e-05 -1.1813e-05 -8.8512e-06 -6.2559e-06 -4.1381e-06 -2.5393e-06 -1.4314e-06 -7.3308e-07 -3.3687e-07 -1.3698e-07 -4.8514e-08 -1.4704e-08 -3.7378e-09 -7.7908e-10 -1.2977e-10 -1.6775e-11 -1.6280e-12 -1.1420e-13 -5.5445e-15 -1.7732e-16 -3.5288e-18 -4.0936e-20 -2.5673e-22 -7.9794e-25 -1.1115e-27 -6.1736e-31 -1.1937e-34 -6.8569e-39 -9.7213e-44 -2.7364e-49 -1.1837e-55 -5.8150e-63 -2.2664e-71 -4.5742e-81 -2.8724e-92 -3.0463e-105 -2.6143e-120 -7.4538e-138 -2.3927e-158 -2.3049e-182 -1.3129e-210 -5.9438e-244 -1.7648e-283 0.0000e+00 0.0000e+00 0.0000e+00 0.0000e+00 0.0000e+00 0.0000e+00 0.0000e+00 0.0000e+00 0.0000e+00 0.0000e+00 0.0000e+00 0.0000e+00 0.0000e+00 0.0000e+00 0.0000e+00 0.0000e+00 0.0000e+00 0.0000e+00 0.0000e+00 0.0000e+00 0.0000e+00 0.0000e+00 0.0000e+00 0.0000e+00 0.0000e+00 0.0000e+00 0.0000e+00 0.0000e+00 0.0000e+00 0.0000e+00 4.0465e-07 1.1453e-06 2.1062e-06 3.2466e-06 4.5422e-06 5.9749e-06 7.5282e-06 9.1843e-06 1.0923e-05 1.2718e-05 1.4538e-05 1.6345e-05 1.8091e-05 1.9721e-05 2.1173e-05 0.0000e+00 2.3267e-05 2.3770e-05 2.3829e-05 2.3399e-05 2.2461e-05 2.1026e-05 1.9141e-05 1.6892e-05 1.4401e-05 1.1810e-05 9.2750e-06 6.9385e-06 4.9152e-06 3.2751e-06 2.0369e-06 1.1721e-06 6.1788e-07 2.9491e-07 1.2573e-07 4.7111e-08 1.5212e-08 4.1277e-09 9.0926e-10 1.5402e-10 1.7951e-11 9.3188e-13 -1.0974e-13 -2.9793e-14 -3.2281e-15 -2.0300e-16 -7.7127e-18 -1.7317e-19 -2.1897e-21 -1.4603e-23 -4.7374e-26 -6.7880e-29 -3.8331e-32 -7.4625e-36 -4.2813e-40 -6.0201e-45 -1.6706e-50 -7.0872e-57 -3.3982e-64 -1.2872e-72 -2.5153e-82 -1.5238e-93 -1.5538e-106 -1.2781e-121 -3.4824e-139 -1.0652e-159 -9.7500e-184 -5.2626e-212 -2.2515e-245 -6.3000e-285 0.0000e+00 0.0000e+00 0.0000e+00 0.0000e+00 0.0000e+00 0.0000e+00 0.0000e+00 0.0000e+00 0.0000e+00 0.0000e+00 0.0000e+00 0.0000e+00 0.0000e+00 0.0000e+00 0.0000e+00 0.0000e+00 0.0000e+00 0.0000e+00 0.0000e+00 0.0000e+00 0.0000e+00 0.0000e+00 0.0000e+00 0.0000e+00 0.0000e+00 0.0000e+00 0.0000e+00 0.0000e+00 0.0000e+00 0.0000e+00
-4.2075e-07 -1.1909e-06 -2.1903e-06 -3.3770e-06 -4.7275e-06 -6.2253e-06 -7.8575e-06 -9.6123e-06 -1.1477e-05 -1.3439e-05 -1.5479e-05 -1.7578e-05 -1.9709e-05 -2.1838e-05 -2.3926e-05 -2.5922e-05 2.7372e-03 -2.9388e-05 -3.0710e-05 -3.1645e-05 -3.2105e-05 -3.2005e-05 -3.1276e-05 -2.9877e-05 -2.7809e-05 -2.5124e-05 -2.1937e-05 -1.8421e-05 -1.4795e-05 -1.1294e-05 -8.1373e-06 -5.4908e-06 -3.4397e-06 -1.9809e-06 -1.0372e-06 -4.8779e-07 -2.0319e-07 -7.3806e-08 -2.2970e-08 -6.0040e-09 -1.2887e-09 -2.2140e-10 -2.9572e-11 -2.9710e-12 -2.1619e-13 -1.0913e-14 -3.6372e-16 -7.5630e-18 -9.1924e-20 -6.0585e-22 -1.9854e-24 -2.9260e-27 -1.7261e-30 -3.5594e-34 -2.1904e-38 -3.3432e-43 -1.0185e-48 -4.7967e-55 -2.5818e-62 -1.1103e-70 -2.4917e-80 -1.7548e-91 -2.1069e-104 -2.0685e-119 -6.8259e-137 -2.5692e-157 -2.9443e-181 -2.0279e-209 -1.1307e-242 -4.2214e-282 0.0000e+00 0.0000e+00 0.0000e+00 0.0000e+00 0.0000e+00 0.0000e+00 0.0000e+00 0.0000e+00 0.0000e+00 0.0000e+00 0.0000e+00 0.0000e+00 0.0000e+00 0.0000e+00 0.0000e+00 0.0000e+00 0.0000e+00 0.0000e+00 0.0000e+00 0.0000e+00 0.0000e+00 0.0000e+00 0.0000e+00 0.0000e+00 0.0000e+00 0.0000e+00 0.0000e+00 0.0000e+00 0.0000e+00 0.0000e+00 4.2075e-07 1.1909e-06 2.1900e-06 3.3757e-06 4.7228e-06 6.2125e-06 7.8275e-06 9.5495e-06 1.1357e-05 1.3224e-05 1.5116e-05 1.6995e-05 1.8810e-05 2.0505e-05 2.2014e-05 2.3267e-05 0.0000e+00 2.4712e-05 2.4771e-05 2.4321e-05 2.3342e-05 2.1844e-05 1.9878e-05 1.7533e-05 1.4935e-05 1.2235e-05 9.5934e-06 7.1609e-06 5.0572e-06 3.3552e-06 2.0741e-06 1.1834e-06 6.1627e-07 2.8900e-07 1.2003e-07 4.3218e-08 1.3088e-08 3.1752e-09 5.5727e-10 4.7729e-11 -7.8694e-12 -4.0075e-12 -8.3471e-13 -1.0894e-13 -9.4264e-15 -5.3690e-16 -1.9499e-17 -4.3096e-19 -5.4646e-21 -3.7030e-23 -1.2332e-25 -1.8294e-28 -1.0776e-31 -2.2038e-35 -1.3371e-39 -2.0018e-44 -5.9549e-50 -2.7272e-56 -1.4221e-63 -5.9052e-72 -1.2756e-81 -8.6216e-93 -9.9068e-106 -9.2835e-121 -2.9166e-138 -1.0425e-158 -1.1317e-182 -7.3653e-211 -3.8708e-244 -1.3588e-283 0.0000e+00 0.0000e+00 0.0000e+00 0.0000e+00 0.0000e+00 0.0000e+00 0.0000e+00 0.0000e+00 0.0000e+00 0.0000e+00 0.0000e+00 0.0000e+00 0.0000e+00 0.0000e+00 0.0000e+00 0.0000e+00 0.0000e+00 0.0000e+00 0.0000e+00 0.0000e+00 0.0000e+00 0.0000e+00 0.0000e+00 0.0000e+00 0.0000e+00 0.0000e+00 0.0000e+00 0.0000e+00 0.0000e+00 0.0000e+00
