2.5154e-04 -1.7096e-04 -2.0930e-04 -2.4155e-04 -2.6986e-04 -2.9535e-04 -3.1866e-04 -3.4024e-04 -3.6035e-04 -3.7922e-04 -3.9700e-04 -4.1380e-04 -4.2972e-04 -4.4483e-04 -4.5918e-04 -4.7282e-04 -4.8578e-04 -4.9809e-04 -5.0977e-04 -5.2084e-04 -5.3129e-04 -5.4115e-04 -5.5041e-04 -5.5907e-04 -5.6712e-04 -5.7456e-04 -5.8138e-04 -5.8756e-04 -5.9309e-04 -5.9795e-04 -6.0212e-04 -6.0558e-04 -6.0830e-04 -6.1026e-04 -6.1143e-04 -6.1177e-04 -6.1127e-04 -6.0989e-04 -6.0758e-04 -6.0433e-04 -6.0009e-04 -5.9483e-04 -5.8852e-04 -5.8112e-04 -5.7261e-04 -5.6294e-04 -5.5210e-04 -5.4007e-04 -5.2683e-04 -5.1236e-04 -4.9668e-04 -4.7978e-04 -4.6168e-04 -4.4242e-04 -4.2204e-04 -4.0061e-04 -3.7820e-04 -3.5493e-04 -3.3091e-04 -3.0629e-04 -2.8124e-04 -2.5597e-04 -2.3069e-04 -2.0564e-04 -1.8108e-04 -1.5728e-04 -1.3452e-04 -1.1308e-04 -9.3201e-05 -7.5126e-05 -5.9038e-05 -4.5066e-05 -3.3270e-05 -2.3632e-05 -1.6052e-05 -1.0348e-05 -6.2741e-06 -3.5385e-06 -1.8310e-06 -8.5457e-07 -3.5212e-07 -1.2464e-07 -3.6592e-08 -8.5112e-09 -1.4762e-09 -1.7597e-10 -1.2892e-11 -4.9633e-13 -8.0216e-15 -3.9072e-17 -3.4598e-20 -2.4984e-24 -3.8777e-30 -1.2317e-38 -9.1945e-52 -1.3964e-73 -8.0445e-114 -6.9286e-201 -0.0000e+00 -0.0000e+00 0.0000e+00 -1.7096e-04 -2.0930e-04 -2.4155e-04 -2.6986e-04 -2.9534e-04 -3.1866e-04 -3.4024e-04 -3.6035e-04 -3.7922e-04 -3.9700e-04 -4.1380e-04 -4.2972e-04 -4.4482e-04 -4.5917e-04 -4.7281e-04 -4.8577e-04 -4.9808e-04 -5.0976e-04 -5.2082e-04 -5.3128e-04 -5.4113e-04 -5.5039e-04 -5.5905e-04 -5.6710e-04 -5.7454e-04 -5.8135e-04 -5.8753e-04 -5.9306e-04 -5.9791e-04 -6.0208e-04 -6.0553e-04 -6.0825e-04 -6.1021e-04 -6.1137e-04 -6.1172e-04 -6.1121e-04 -6.0982e-04 -6.0751e-04 -6.0425e-04 -6.0001e-04 -5.9475e-04 -5.8843e-04 -5.8103e-04 -5.7251e-04 -5.6284e-04 -5.5200e-04 -5.3996e-04 -5.2671e-04 -5.1224e-04 -4.9655e-04 -4.7965e-04 -4.6155e-04 -4.4229e-04 -4.2191e-04 -4.0047e-04 -3.7807e-04 -3.5479e-04 -3.3077e-04 -3.0615e-04 -2.8111e-04 -2.5584e-04 -2.3056e-04 -2.0552e-04 -1.8096e-04 -1.5717e-04 -1.3443e-04 -1.1299e-04 -9.3125e-05 -7.5060e-05 -5.8982e-05 -4.5019e-05 -3.3233e-05 -2.3604e-05 -1.6030e-05 -1.0333e-05 -6.2643e-06 -3.5324e-06 -1.8275e-06 -8.5278e-07 -3.5130e-07 -1.2431e-07 -3.6485e-08 -8.4832e-09 -1.4707e-09 -1.7522e-10 -1.2828e-11 -4.9349e-13 -7.9676e-15 -3.8758e-17 -3.4262e-20 -2.4683e-24 -3.8187e-30 -1.2074e-38 -8.9485e-52 -1.3432e-73 -7.5769e-114 -6.2478e-201 -0.0000e+00 -0.0000e+00
-1.7096e-04 1.0067e-03 -2.9593e-04 -3.4152e-04 -3.8155e-04 -4.1758e-04 -4.5056e-04 -4.8106e-04 -5.0950e-04 -5.3619e-04 -5.6132e-04 -5.8509e-04 -6.0760e-04 -6.2896e-04 -6.4926e-04 -6.6855e-04 -6.8689e-04 -7.0430e-04 -7.2082e-04 -7.3648e-04 -7.5127e-04 -7.6522e-04 -7.7833e-04 -7.9058e-04 -8.0199e-04 -8.1252e-04 -8.2218e-04 -8.3093e-04 -8.3877e-04 -8.4566e-04 -8.5157e-04 -8.5648e-04 -8.6035e-04 -8.6315e-04 -8.6482e-04 -8.6534e-04 -8.6465e-04 -8.6272e-04 -8.5949e-04 -8.5492e-04 -8.4896e-04 -8.4155e-04 -8.3266e-04 -8.2223e-04 -8.1021e-04 -7.9658e-04 -7.8129e-04 -7.6430e-04 -7.4561e-04 -7.2518e-04 -7.0303e-04 -6.7915e-04 -6.5359e-04 -6.2637e-04 -5.9757e-04 -5.6728e-04 -5.3561e-04 -5.0270e-04 -4.6873e-04 -4.3391e-04 -3.9849e-04 -3.6273e-04 -3.2695e-04 -2.9150e-04 -2.5673e-04 -2.2303e-04 -1.9080e-04 -1.6042e-04 -1.3226e-04 -1.0664e-04 -8.3830e-05 -6.4013e-05 -4.7276e-05 -3.3596e-05 -2.2830e-05 -1.4725e-05 -8.9338e-06 -5.0420e-06 -2.6110e-06 -1.2197e-06 -5.0310e-07 -1.7829e-07 -5.2417e-08 -1.2212e-08 -2.1224e-09 -2.5360e-10 -1.8633e-11 -7.1992e-13 -1.1688e-14 -5.7257e-17 -5.1083e-20 -3.7260e-24 -5.8637e-30 -1.9000e-38 -1.4612e-51 -2.3272e-73 -1.4550e-113 -1.4654e-200 -0.0000e+00 -0.0000e+00 -1.7096e-04 0.0000e+00 -2.9593e-04 -3.4151e-04 -3.8154e-04 -4.1758e-04 -4.5055e-04 -4.8105e-04 -5.0949e-04 -5.3617e-04 -5.6131e-04 -5.8507e-04 -6.0757e-04 -6.2893e-04 -6.4923e-04 -6.6851e-04 -6.8684e-04 -7.0424e-04 -7.2076e-04 -7.3640e-04 -7.5119e-04 -7.6513e-04 -7.7822e-04 -7.9047e-04 -8.0185e-04 -8.1238e-04 -8.2202e-04 -8.3076e-04 -8.3858e-04 -8.4545e-04 -8.5135e-04 -8.5624e-04 -8.6009e-04 -8.6286e-04 -8.6451e-04 -8.6501e-04 -8.6430e-04 -8.6235e-04 -8.5909e-04 -8.5450e-04 -8.4851e-04 -8.4108e-04 -8.3216e-04 -8.2170e-04 -8.0966e-04 -7.9600e-04 -7.8068e-04 -7.6367e-04 -7.4495e-04 -7.2450e-04 -7.0233e-04 -6.7843e-04 -6.5285e-04 -6.2562e-04 -5.9681e-04 -5.6651e-04 -5.3483e-04 -5.0192e-04 -4.6796e-04 -4.3315e-04 -3.9774e-04 -3.6200e-04 -3.2625e-04 -2.9083e-04 -2.5610e-04 -2.2245e-04 -1.9026e-04 -1.5994e-04 -1.3183e-04 -1.0627e-04 -8.3512e-05 -6.3750e-05 -4.7066e-05 -3.3433e-05 -2.2710e-05 -1.4641e-05 -8.8778e-06 -5.0073e-06 -2.5913e-06 -1.2095e-06 -4.9843e-07 -1.7645e-07 -5.1812e-08 -1.2054e-08 -2.0911e-09 -2.4934e-10 -1.8273e-11 -7.0377e-13 -1.1380e-14 -5.5467e-17 -4.9160e-20 -3.5540e-24 -5.5252e-30 -1.7593e-38 -1.3181e-51 -2.0142e-73 -1.1736e-113 -1.0360e-200 -0.0000e+00 -0.0000e+00
-2.0930e-04 -2.9593e-04 2.2668e-03 -4.1810e-04 -4.6711e-04 -5.1124e-04 -5.5160e-04 -5.8895e-04 -6.2378e-04 -6.5645e-04 -6.8724e-04 -7.1634e-04 -7.4391e-04 -7.7008e-04 -7.9494e-04 -8.1857e-04 -8.4103e-04 -8.6237e-04 -8.8262e-04 -9.0180e-04 -9.1994e-04 -9.3704e-04 -9.5311e-04 -9.6814e-04 -9.8213e-04 -9.9506e-04 -1.0069e-03 -1.0177e-03 -1.0273e-03 -1.0358e-03 -1.0431e-03 -1.0491e-03 -1.0539e-03 -1.0574e-03 -1.0595e-03 -1.0601e-03 -1.0594e-03 -1.0571e-03 -1.0532e-03 -1.0476e-03 -1.0404e-03 -1.0314e-03 -1.0205e-03 -1.0078e-03 -9.9318e-04 -9.7655e-04 -9.5789e-04 -9.3715e-04 -9.1432e-04 -8.8937e-04 -8.6229e-04 -8.3311e-04 -8.0185e-04 -7.6857e-04 -7.3334e-04 -6.9627e-04 -6.5751e-04 -6.1722e-04 -5.7562e-04 -5.3297e-04 -4.8957e-04 -4.4575e-04 -4.0188e-04 -3.5840e-04 -3.1575e-04 -2.7440e-04 -2.3483e-04 -1.9752e-04 -1.6292e-04 -1.3142e-04 -1.0336e-04 -7.8974e-05 -5.8363e-05 -4.1503e-05 -2.8226e-05 -1.8222e-05 -1.1066e-05 -6.2526e-06 -3.2421e-06 -1.5168e-06 -6.2669e-07 -2.2253e-07 -6.5574e-08 -1.5319e-08 -2.6708e-09 -3.2037e-10 -2.3649e-11 -9.1899e-13 -1.5027e-14 -7.4287e-17 -6.7059e-20 -4.9678e-24 -7.9844e-30 -2.6645e-38 -2.1387e-51 -3.6346e-73 -2.5217e-113 -3.0386e-200 -0.0000e+00 -0.0000e+00 -2.0930e-04 -2.9593e-04 0.0000e+00 -4.1810e-04 -4.6711e-04 -5.1123e-04 -5.5159e-04 -5.8893e-04 -6.2375e-04 -6.5642e-04 -6.8719e-04 -7.1628e-04 -7.4384e-04 -7.6999e-04 -7.9484e-04 -8.1845e-04 -8.4090e-04 -8.6221e-04 -8.8244e-04 -9.0160e-04 -9.1971e-04 -9.3678e-04 -9.5282e-04 -9.6782e-04 -9.8177e-04 -9.9466e-04 -1.0065e-03 -1.0172e-03 -1.0268e-03 -1.0352e-03 -1.0424e-03 -1.0484e-03 -1.0532e-03 -1.0566e-03 -1.0586e-03 -1.0592e-03 -1.0584e-03 -1.0560e-03 -1.0521e-03 -1.0464e-03 -1.0391e-03 -1.0301e-03 -1.0192e-03 -1.0064e-03 -9.9165e-04 -9.7495e-04 -9.5621e-04 -9.3541e-04 -9.1251e-04 -8.8749e-04 -8.6036e-04 -8.3112e-04 -7.9982e-04 -7.6649e-04 -7.3123e-04 -6.9414e-04 -6.5536e-04 -6.1507e-04 -5.7349e-04 -5.3087e-04 -4.8750e-04 -4.4374e-04 -3.9995e-04 -3.5656e-04 -3.1401e-04 -2.7278e-04 -2.3334e-04 -1.9617e-04 -1.6172e-04 -1.3038e-04 -1.0248e-04 -7.8247e-05 -5.7782e-05 -4.1055e-05 -2.7895e-05 -1.7989e-05 -1.0912e-05 -6.1568e-06 -3.1875e-06 -1.4886e-06 -6.1379e-07 -2.1743e-07 -6.3896e-08 -1.4879e-08 -2.5841e-09 -3.0853e-10 -2.2647e-11 -8.7403e-13 -1.4169e-14 -6.9286e-17 -6.1670e-20 -4.4841e-24 -7.0270e-30 -2.2635e-38 -1.7259e-51 -2.7137e-73 -1.6637e-113 -1.6282e-200 -0.0000e+00 -0.0000e+00
-2.4155e-04 -3.4152e-04 -4.1810e-04 4.0343e-03 -5.3908e-04 -5.9000e-04 -6.3659e-04 -6.7970e-04 -7.1991e-04 -7.5762e-04 -7.9316e-04 -8.2676e-04 -8.5859e-04 -8.8881e-04 -9.1752e-04 -9.4482e-04 -9.7077e-04 -9.9542e-04 -1.0188e-03 -1.0410e-03 -1.0620e-03 -1.0817e-03 -1.1003e-03 -1.1177e-03 -1.1339e-03 -1.1489e-03 -1.1626e-03 -1.1751e-03 -1.1863e-03 -1.1961e-03 -1.2046e-03 -1.2116e-03 -1.2172e-03 -1.2213e-03 -1.2238e-03 -1.2247e-03 -1.2239e-03 -1.2213e-03 -1.2169e-03 -1.2106e-03 -1.2023e-03 -1.1920e-03 -1.1796e-03 -1.1650e-03 -1.1482e-03 -1.1291e-03 -1.1077e-03 -1.0839e-03 -1.0576e-03 -1.0289e-03 -9.9774e-04 -9.6413e-04 -9.2812e-04 -8.8977e-04 -8.4916e-04 -8.0641e-04 -7.6169e-04 -7.1520e-04 -6.6718e-04 -6.1792e-04 -5.6778e-04 -5.1713e-04 -4.6641e-04 -4.1611e-04 -3.6675e-04 -3.1886e-04 -2.7302e-04 -2.2977e-04 -1.8963e-04 -1.5307e-04 -1.2048e-04 -9.2123e-05 -6.8141e-05 -4.8505e-05 -3.3024e-05 -2.1346e-05 -1.2981e-05 -7.3460e-06 -3.8158e-06 -1.7888e-06 -7.4080e-07 -2.6376e-07 -7.7966e-08 -1.8281e-08 -3.2011e-09 -3.8597e-10 -2.8670e-11 -1.1226e-12 -1.8530e-14 -9.2696e-17 -8.4948e-20 -6.4174e-24 -1.0586e-29 -3.6598e-38 -3.0865e-51 -5.6343e-73 -4.3558e-113 -6.2576e-200 -0.0000e+00 -0.0000e+00 -2.4155e-04 -3.4151e-04 -4.1810e-04 0.0000e+00 -5.3906e-04 -5.8998e-04 -6.3657e-04 -6.7966e-04 -7.1985e-04 -7.5755e-04 -7.9307e-04 -8.2664e-04 -8.5845e-04 -8.8864e-04 -9.1732e-04 -9.4458e-04 -9.7049e-04 -9.9510e-04 -1.0185e-03 -1.0406e-03 -1.0615e-03 -1.0812e-03 -1.0997e-03 -1.1170e-03 -1.1332e-03 -1.1481e-03 -1.1617e-03 -1.1741e-03 -1.1852e-03 -1.1949e-03 -1.2033e-03 -1.2102e-03 -1.2157e-03 -1.2197e-03 -1.2221e-03 -1.2228e-03 -1.2219e-03 -1.2192e-03 -1.2146e-03 -1.2082e-03 -1.1998e-03 -1.1893e-03 -1.1768e-03 -1.1620e-03 -1.1451e-03 -1.1259e-03 -1.1043e-03 -1.0803e-03 -1.0539e-03 -1.0250e-03 -9.9376e-04 -9.6005e-04 -9.2394e-04 -8.8550e-04 -8.4482e-04 -8.0202e-04 -7.5728e-04 -7.1079e-04 -6.6279e-04 -6.1359e-04 -5.6353e-04 -5.1300e-04 -4.6243e-04 -4.1231e-04 -3.6317e-04 -3.1553e-04 -2.6996e-04 -2.2700e-04 -1.8717e-04 -1.5094e-04 -1.1867e-04 -9.0628e-05 -6.6944e-05 -4.7581e-05 -3.2341e-05 -2.0865e-05 -1.2662e-05 -7.1484e-06 -3.7031e-06 -1.7306e-06 -7.1416e-07 -2.5323e-07 -7.4496e-08 -1.7370e-08 -3.0213e-09 -3.6141e-10 -2.6589e-11 -1.0290e-12 -1.6741e-14 -8.2231e-17 -7.3622e-20 -5.3956e-24 -8.5480e-30 -2.7969e-38 -2.1835e-51 -3.5653e-73 -2.3340e-113 -2.5949e-200 -0.0000e+00 -0.0000e+00
-2.6986e-04 -3.8155e-04 -4.6711e-04 -5.3908e-04 6.3127e-03 -6.5917e-04 -7.1124e-04 -7.5941e-04 -8.0434e-04 -8.4649e-04 -8.8622e-04 -9.2377e-04 -9.5936e-04 -9.9315e-04 -1.0253e-03 -1.0558e-03 -1.0848e-03 -1.1124e-03 -1.1386e-03 -1.1634e-03 -1.1869e-03 -1.2090e-03 -1.2299e-03 -1.2493e-03 -1.2675e-03 -1.2843e-03 -1.2997e-03 -1.3137e-03 -1.3263e-03 -1.3374e-03 -1.3470e-03 -1.3550e-03 -1.3613e-03 -1.3660e-03 -1.3689e-03 -1.3700e-03 -1.3692e-03 -1.3664e-03 -1.3617e-03 -1.3548e-03 -1.3457e-03 -1.3343e-03 -1.3206e-03 -1.3044e-03 -1.2858e-03 -1.2646e-03 -1.2408e-03 -1.2143e-03 -1.1851e-03 -1.1531e-03 -1.1185e-03 -1.0810e-03 -1.0409e-03 -9.9811e-04 -9.5280e-04 -9.0509e-04 -8.5515e-04 -8.0321e-04 -7.4954e-04 -6.9446e-04 -6.3836e-04 -5.8166e-04 -5.2486e-04 -4.6849e-04 -4.1313e-04 -3.5941e-04 -3.0793e-04 -2.5933e-04 -2.1419e-04 -1.7304e-04 -1.3632e-04 -1.0434e-04 -7.7267e-05 -5.5070e-05 -3.7546e-05 -2.4306e-05 -1.4808e-05 -8.3960e-06 -4.3710e-06 -2.0543e-06 -8.5321e-07 -3.0480e-07 -9.0447e-08 -2.1304e-08 -3.7503e-09 -4.5505e-10 -3.4058e-11 -1.3459e-12 -2.2466e-14 -1.1395e-16 -1.0626e-19 -8.2082e-24 -1.3936e-29 -5.0055e-38 -4.4456e-51 -8.7237e-73 -7.4975e-113 -1.2762e-199 -0.0000e+00 -0.0000e+00 -2.6986e-04 -3.8154e-04 -4.6711e-04 -5.3906e-04 0.0000e+00 -6.5914e-04 -7.1119e-04 -7.5934e-04 -8.0424e-04 -8.4637e-04 -8.8605e-04 -9.2357e-04 -9.5912e-04 -9.9285e-04 -1.0249e-03 -1.0554e-03 -1.0843e-03 -1.1118e-03 -1.1379e-03 -1.1627e-03 -1.1861e-03 -1.2081e-03 -1.2288e-03 -1.2482e-03 -1.2662e-03 -1.2829e-03 -1.2982e-03 -1.3120e-03 -1.3244e-03 -1.3354e-03 -1.3447e-03 -1.3525e-03 -1.3587e-03 -1.3632e-03 -1.3659e-03 -1.3667e-03 -1.3657e-03 -1.3627e-03 -1.3577e-03 -1.3505e-03 -1.3412e-03 -1.3296e-03 -1.3156e-03 -1.2992e-03 -1.2803e-03 -1.2589e-03 -1.2348e-03 -1.2080e-03 -1.1786e-03 -1.1464e-03 -1.1115e-03 -1.0739e-03 -1.0336e-03 -9.9063e-04 -9.4521e-04 -8.9741e-04 -8.4743e-04 -7.9549e-04 -7.4186e-04 -6.8688e-04 -6.3092e-04 -5.7443e-04 -5.1789e-04 -4.6184e-04 -4.0686e-04 -3.5356e-04 -3.0257e-04 -2.5448e-04 -2.0989e-04 -1.6930e-04 -1.3315e-04 -1.0172e-04 -7.5169e-05 -5.3450e-05 -3.6348e-05 -2.3463e-05 -1.4247e-05 -8.0487e-06 -4.1728e-06 -1.9519e-06 -8.0630e-07 -2.8624e-07 -8.4327e-08 -1.9694e-08 -3.4325e-09 -4.1157e-10 -3.0367e-11 -1.1794e-12 -1.9273e-14 -9.5211e-17 -8.5878e-20 -6.3563e-24 -1.0208e-29 -3.4051e-38 -2.7360e-51 -4.6744e-73 -3.3036e-113 -4.2387e-200 -0.0000e+00 -0.0000e+00
-2.9535e-04 -4.1758e-04 -5.1124e-04 -5.9000e-04 -6.5917e-04 9.1064e-03 -7.7845e-04 -8.3119e-04 -8.8038e-04 -9.2654e-04 -9.7004e-04 -1.0112e-03 -1.0502e-03 -1.0872e-03 -1.1223e-03 -1.1558e-03 -1.1876e-03 -1.2179e-03 -1.2466e-03 -1.2738e-03 -1.2996e-03 -1.3239e-03 -1.3468e-03 -1.3682e-03 -1.3882e-03 -1.4066e-03 -1.4236e-03 -1.4391e-03 -1.4530e-03 -1.4652e-03 -1.4758e-03 -1.4847e-03 -1.4918e-03 -1.4970e-03 -1.5004e-03 -1.5018e-03 -1.5011e-03 -1.4982e-03 -1.4931e-03 -1.4858e-03 -1.4760e-03 -1.4638e-03 -1.4489e-03 -1.4315e-03 -1.4113e-03 -1.3883e-03 -1.3624e-03 -1.3336e-03 -1.3018e-03 -1.2670e-03 -1.2292e-03 -1.1883e-03 -1.1445e-03 -1.0978e-03 -1.0483e-03 -9.9616e-04 -9.4155e-04 -8.8470e-04 -8.2593e-04 -7.6558e-04 -7.0407e-04 -6.4187e-04 -5.7952e-04 -5.1759e-04 -4.5674e-04 -3.9762e-04 -3.4094e-04 -2.8737e-04 -2.3757e-04 -1.9212e-04 -1.5152e-04 -1.1612e-04 -8.6105e-05 -6.1461e-05 -4.1973e-05 -2.7223e-05 -1.6619e-05 -9.4451e-06 -4.9302e-06 -2.3240e-06 -9.6856e-07 -3.4737e-07 -1.0355e-07 -2.4519e-08 -4.3429e-09 -5.3080e-10 -4.0071e-11 -1.6000e-12 -2.7043e-14 -1.3928e-16 -1.3237e-19 -1.0470e-23 -1.8320e-29 -6.8423e-38 -6.3994e-51 -1.3480e-72 -1.2841e-112 -2.5807e-199 -0.0000e+00 -0.0000e+00 -2.9534e-04 -4.1758e-04 -5.1123e-04 -5.8998e-04 -6.5914e-04 0.0000e+00 -7.7837e-04 -8.3108e-04 -8.8023e-04 -9.2634e-04 -9.6978e-04 -1.0109e-03 -1.0498e-03 -1.0867e-03 -1.1218e-03 -1.1552e-03 -1.1869e-03 -1.2170e-03 -1.2456e-03 -1.2727e-03 -1.2983e-03 -1.3224e-03 -1.3451e-03 -1.3664e-03 -1.3861e-03 -1.4044e-03 -1.4212e-03 -1.4364e-03 -1.4500e-03 -1.4620e-03 -1.4723e-03 -1.4809e-03 -1.4877e-03 -1.4926e-03 -1.4956e-03 -1.4966e-03 -1.4955e-03 -1.4923e-03 -1.4869e-03 -1.4791e-03 -1.4689e-03 -1.4563e-03 -1.4411e-03 -1.4232e-03 -1.4026e-03 -1.3791e-03 -1.3529e-03 -1.3237e-03 -1.2915e-03 -1.2563e-03 -1.2182e-03 -1.1770e-03 -1.1329e-03 -1.0860e-03 -1.0363e-03 -9.8403e-04 -9.2934e-04 -8.7249e-04 -8.1379e-04 -7.5359e-04 -6.9231e-04 -6.3044e-04 -5.6849e-04 -5.0707e-04 -4.4681e-04 -3.8838e-04 -3.3244e-04 -2.7969e-04 -2.3075e-04 -1.8620e-04 -1.4649e-04 -1.1197e-04 -8.2778e-05 -5.8892e-05 -4.0072e-05 -2.5884e-05 -1.5729e-05 -8.8933e-06 -4.6151e-06 -2.1611e-06 -8.9386e-07 -3.1780e-07 -9.3782e-08 -2.1947e-08 -3.8342e-09 -4.6105e-10 -3.4137e-11 -1.3316e-12 -2.1877e-14 -1.0881e-16 -9.9015e-20 -7.4151e-24 -1.2100e-29 -4.1286e-38 -3.4290e-51 -6.1660e-73 -4.7416e-113 -7.0889e-200 -0.0000e+00 -0.0000e+00
-3.1866e-04 -4.5056e-04 -5.5160e-04 -6.3659e-04 -7.1124e-04 -7.7845e-04 1.2421e-02 -8.9688e-04 -9.4998e-04 -9.9981e-04 -1.0468e-03 -1.0912e-03 -1.1333e-03 -1.1733e-03 -1.2113e-03 -1.2474e-03 -1.2818e-03 -1.3145e-03 -1.3456e-03 -1.3751e-03 -1.4030e-03 -1.4293e-03 -1.4541e-03 -1.4773e-03 -1.4990e-03 -1.5190e-03 -1.5375e-03 -1.5543e-03 -1.5694e-03 -1.5828e-03 -1.5944e-03 -1.6042e-03 -1.6120e-03 -1.6179e-03 -1.6217e-03 -1.6234e-03 -1.6228e-03 -1.6200e-03 -1.6147e-03 -1.6070e-03 -1.5967e-03 -1.5837e-03 -1.5680e-03 -1.5494e-03 -1.5278e-03 -1.5032e-03 -1.4756e-03 -1.4447e-03 -1.4106e-03 -1.3733e-03 -1.3327e-03 -1.2888e-03 -1.2417e-03 -1.1915e-03 -1.1382e-03 -1.0820e-03 -1.0231e-03 -9.6178e-04 -8.9833e-04 -8.3313e-04 -7.6663e-04 -6.9933e-04 -6.3180e-04 -5.6469e-04 -4.9868e-04 -4.3450e-04 -3.7290e-04 -3.1462e-04 -2.6037e-04 -2.1082e-04 -1.6648e-04 -1.2777e-04 -9.4888e-05 -6.7848e-05 -4.6424e-05 -3.0174e-05 -1.8465e-05 -1.0522e-05 -5.5091e-06 -2.6059e-06 -1.0902e-06 -3.9275e-07 -1.1767e-07 -2.8028e-08 -4.9986e-09 -6.1584e-10 -4.6931e-11 -1.8950e-12 -3.2461e-14 -1.6992e-16 -1.6470e-19 -1.3349e-23 -2.4081e-29 -9.3504e-38 -9.2014e-51 -2.0772e-72 -2.1887e-112 -5.1874e-199 -0.0000e+00 -0.0000e+00 -3.1866e-04 -4.5055e-04 -5.5159e-04 -6.3657e-04 -7.1119e-04 -7.7837e-04 0.0000e+00 -8.9671e-04 -9.4975e-04 -9.9951e-04 -1.0464e-03 -1.0907e-03 -1.1327e-03 -1.1726e-03 -1.2105e-03 -1.2465e-03 -1.2807e-03 -1.3132e-03 -1.3441e-03 -1.3734e-03 -1.4010e-03 -1.4271e-03 -1.4517e-03 -1.4746e-03 -1.4960e-03 -1.5157e-03 -1.5338e-03 -1.5503e-03 -1.5650e-03 -1.5780e-03 -1.5892e-03 -1.5985e-03 -1.6059e-03 -1.6113e-03 -1.6146e-03 -1.6158e-03 -1.6147e-03 -1.6113e-03 -1.6055e-03 -1.5972e-03 -1.5863e-03 -1.5727e-03 -1.5564e-03 -1.5372e-03 -1.5150e-03 -1.4898e-03 -1.4615e-03 -1.4301e-03 -1.3955e-03 -1.3576e-03 -1.3165e-03 -1.2722e-03 -1.2247e-03 -1.1741e-03 -1.1205e-03 -1.0641e-03 -1.0051e-03 -9.4378e-04 -8.8043e-04 -8.1545e-04 -7.4929e-04 -6.8246e-04 -6.1554e-04 -5.4918e-04 -4.8404e-04 -4.2086e-04 -3.6036e-04 -3.0328e-04 -2.5031e-04 -2.0206e-04 -1.5905e-04 -1.2162e-04 -8.9968e-05 -6.4047e-05 -4.3610e-05 -2.8191e-05 -1.7146e-05 -9.7042e-06 -5.0416e-06 -2.3639e-06 -9.7918e-07 -3.4873e-07 -1.0312e-07 -2.4188e-08 -4.2376e-09 -5.1128e-10 -3.8010e-11 -1.4901e-12 -2.4633e-14 -1.2349e-16 -1.1352e-19 -8.6161e-24 -1.4317e-29 -5.0103e-38 -4.3168e-51 -8.2067e-73 -6.9045e-113 -1.2099e-199 -0.0000e+00 -0.0000e+00
-3.4024e-04 -4.8106e-04 -5.8895e-04 -6.7970e-04 -7.5941e-04 -8.3119e-04 -8.9688e-04 1.6262e-02 -1.0144e-03 -1.0676e-03 -1.1178e-03 -1.1653e-03 -1.2103e-03 -1.2530e-03 -1.2937e-03 -1.3324e-03 -1.3692e-03 -1.4042e-03 -1.4374e-03 -1.4690e-03 -1.4989e-03 -1.5271e-03 -1.5537e-03 -1.5786e-03 -1.6019e-03 -1.6235e-03 -1.6434e-03 -1.6615e-03 -1.6778e-03 -1.6923e-03 -1.7049e-03 -1.7156e-03 -1.7242e-03 -1.7307e-03 -1.7350e-03 -1.7370e-03 -1.7367e-03 -1.7339e-03 -1.7286e-03 -1.7207e-03 -1.7099e-03 -1.6964e-03 -1.6799e-03 -1.6603e-03 -1.6376e-03 -1.6117e-03 -1.5824e-03 -1.5498e-03 -1.5137e-03 -1.4741e-03 -1.4310e-03 -1.3843e-03 -1.3343e-03 -1.2808e-03 -1.2240e-03 -1.1641e-03 -1.1013e-03 -1.0359e-03 -9.6806e-04 -8.9835e-04 -8.2718e-04 -7.5509e-04 -6.8269e-04 -6.1068e-04 -5.3977e-04 -4.7074e-04 -4.0442e-04 -3.4160e-04 -2.8305e-04 -2.2948e-04 -1.8149e-04 -1.3951e-04 -1.0379e-04 -7.4358e-05 -5.0989e-05 -3.3221e-05 -2.0384e-05 -1.1651e-05 -6.1204e-06 -2.9059e-06 -1.2210e-06 -4.4200e-07 -1.3317e-07 -3.1922e-08 -5.7352e-09 -7.1266e-10 -5.4856e-11 -2.2412e-12 -3.8931e-14 -2.0720e-16 -2.0492e-19 -1.7020e-23 -3.1651e-29 -1.2770e-37 -1.3209e-50 -3.1916e-72 -3.7162e-112 -1.0389e-198 -0.0000e+00 -0.0000e+00 -3.4024e-04 -4.8105e-04 -5.8893e-04 -6.7966e-04 -7.5934e-04 -8.3108e-04 -8.9671e-04 0.0000e+00 -1.0141e-03 -1.0672e-03 -1.1173e-03 -1.1646e-03 -1.2095e-03 -1.2521e-03 -1.2926e-03 -1.3310e-03 -1.3676e-03 -1.4024e-03 -1.4353e-03 -1.4666e-03 -1.4962e-03 -1.5241e-03 -1.5503e-03 -1.5749e-03 -1.5977e-03 -1.6189e-03 -1.6383e-03 -1.6559e-03 -1.6717e-03 -1.6857e-03 -1.6977e-03 -1.7077e-03 -1.7156e-03 -1.7215e-03 -1.7251e-03 -1.7264e-03 -1.7254e-03 -1.7218e-03 -1.7157e-03 -1.7069e-03 -1.6954e-03 -1.6810e-03 -1.6637e-03 -1.6432e-03 -1.6197e-03 -1.5929e-03 -1.5628e-03 -1.5293e-03 -1.4924e-03 -1.4521e-03 -1.4083e-03 -1.3610e-03 -1.3104e-03 -1.2564e-03 -1.1993e-03 -1.1391e-03 -1.0761e-03 -1.0106e-03 -9.4299e-04 -8.7357e-04 -8.0288e-04 -7.3145e-04 -6.5990e-04 -5.8892e-04 -5.1923e-04 -4.5160e-04 -3.8683e-04 -3.2569e-04 -2.6892e-04 -2.1719e-04 -1.7105e-04 -1.3087e-04 -9.6873e-05 -6.9012e-05 -4.7028e-05 -3.0428e-05 -1.8526e-05 -1.0497e-05 -5.4605e-06 -2.5641e-06 -1.0639e-06 -3.7965e-07 -1.1252e-07 -2.6465e-08 -4.6513e-09 -5.6334e-10 -4.2074e-11 -1.6587e-12 -2.7615e-14 -1.3967e-16 -1.2986e-19 -1.0004e-23 -1.6960e-29 -6.1012e-38 -5.4685e-51 -1.1029e-72 -1.0190e-112 -2.1007e-199 -0.0000e+00 -0.0000e+00
-3.6035e-04 -5.0950e-04 -6.2378e-04 -7.1991e-04 -8.0434e-04 -8.8038e-04 -9.4998e-04 -1.0144e-03 2.0638e-02 -1.1309e-03 -1.1841e-03 -1.2345e-03 -1.2822e-03 -1.3275e-03 -1.3707e-03 -1.4117e-03 -1.4508e-03 -1.4880e-03 -1.5233e-03 -1.5569e-03 -1.5886e-03 -1.6187e-03 -1.6470e-03 -1.6736e-03 -1.6984e-03 -1.7215e-03 -1.7427e-03 -1.7621e-03 -1.7797e-03 -1.7953e-03 -1.8088e-03 -1.8204e-03 -1.8297e-03 -1.8369e-03 -1.8418e-03 -1.8442e-03 -1.8442e-03 -1.8416e-03 -1.8363e-03 -1.8283e-03 -1.8173e-03 -1.8033e-03 -1.7862e-03 -1.7658e-03 -1.7421e-03 -1.7150e-03 -1.6844e-03 -1.6502e-03 -1.6123e-03 -1.5706e-03 -1.5253e-03 -1.4762e-03 -1.4234e-03 -1.3670e-03 -1.3070e-03 -1.2437e-03 -1.1773e-03 -1.1080e-03 -1.0361e-03 -9.6214e-04 -8.8656e-04 -8.0994e-04 -7.3290e-04 -6.5619e-04 -5.8056e-04 -5.0686e-04 -4.3595e-04 -3.6869e-04 -3.0592e-04 -2.4839e-04 -1.9676e-04 -1.5152e-04 -1.1295e-04 -8.1093e-05 -5.5739e-05 -3.6412e-05 -2.2407e-05 -1.2849e-05 -6.7746e-06 -3.2298e-06 -1.3634e-06 -4.9612e-07 -1.5037e-07 -3.6289e-08 -6.5706e-09 -8.2383e-10 -6.4075e-11 -2.6497e-12 -4.6688e-14 -2.5271e-16 -2.5501e-19 -2.1704e-23 -4.1588e-29 -1.7423e-37 -1.8929e-50 -4.8923e-72 -6.2932e-112 -2.0768e-198 -0.0000e+00 -0.0000e+00 -3.6035e-04 -5.0949e-04 -6.2375e-04 -7.1985e-04 -8.0424e-04 -8.8023e-04 -9.4975e-04 -1.0141e-03 0.0000e+00 -1.1304e-03 -1.1834e-03 -1.2336e-03 -1.2811e-03 -1.3262e-03 -1.3691e-03 -1.4099e-03 -1.4487e-03 -1.4855e-03 -1.5205e-03 -1.5537e-03 -1.5850e-03 -1.6146e-03 -1.6425e-03 -1.6685e-03 -1.6928e-03 -1.7152e-03 -1.7359e-03 -1.7546e-03 -1.7714e-03 -1.7863e-03 -1.7991e-03 -1.8098e-03 -1.8183e-03 -1.8246e-03 -1.8285e-03 -1.8300e-03 -1.8290e-03 -1.8253e-03 -1.8190e-03 -1.8098e-03 -1.7977e-03 -1.7826e-03 -1.7643e-03 -1.7428e-03 -1.7180e-03 -1.6898e-03 -1.6580e-03 -1.6227e-03 -1.5837e-03 -1.5411e-03 -1.4948e-03 -1.4448e-03 -1.3913e-03 -1.3342e-03 -1.2737e-03 -1.2100e-03 -1.1433e-03 -1.0740e-03 -1.0023e-03 -9.2876e-04 -8.5381e-04 -7.7807e-04 -7.0217e-04 -6.2684e-04 -5.5286e-04 -4.8104e-04 -4.1221e-04 -3.4722e-04 -2.8684e-04 -2.3179e-04 -1.8265e-04 -1.3985e-04 -1.0359e-04 -7.3857e-05 -5.0375e-05 -3.2627e-05 -1.9887e-05 -1.1283e-05 -5.8779e-06 -2.7647e-06 -1.1494e-06 -4.1105e-07 -1.2214e-07 -2.8815e-08 -5.0825e-09 -6.1819e-10 -4.6409e-11 -1.8412e-12 -3.0892e-14 -1.5777e-16 -1.4853e-19 -1.1630e-23 -2.0145e-29 -7.4643e-38 -6.9756e-51 -1.4962e-72 -1.5221e-112 -3.7013e-199 -0.0000e+00 -0.0000e+00
-3.7922e-04 -5.3619e-04 -6.5645e-04 -7.5762e-04 -8.4649e-04 -9.2654e-04 -9.9981e-04 -1.0676e-03 -1.1309e-03 2.5557e-02 -1.2464e-03 -1.2994e-03 -1.3497e-03 -1.3975e-03 -1.4430e-03 -1.4863e-03 -1.5275e-03 -1.5668e-03 -1.6041e-03 -1.6396e-03 -1.6732e-03 -1.7050e-03 -1.7350e-03 -1.7631e-03 -1.7895e-03 -1.8140e-03 -1.8366e-03 -1.8573e-03 -1.8760e-03 -1.8926e-03 -1.9072e-03 -1.9197e-03 -1.9299e-03 -1.9377e-03 -1.9432e-03 -1.9462e-03 -1.9466e-03 -1.9442e-03 -1.9390e-03 -1.9310e-03 -1.9198e-03 -1.9055e-03 -1.8879e-03 -1.8669e-03 -1.8425e-03 -1.8144e-03 -1.7826e-03 -1.7470e-03 -1.7075e-03 -1.6641e-03 -1.6167e-03 -1.5654e-03 -1.5101e-03 -1.4510e-03 -1.3881e-03 -1.3217e-03 -1.2518e-03 -1.1789e-03 -1.1032e-03 -1.0252e-03 -9.4545e-04 -8.6448e-04 -7.8299e-04 -7.0174e-04 -6.2154e-04 -5.4327e-04 -4.6786e-04 -3.9623e-04 -3.2925e-04 -2.6777e-04 -2.1249e-04 -1.6395e-04 -1.2248e-04 -8.8140e-05 -6.0739e-05 -3.9791e-05 -2.4564e-05 -1.4135e-05 -7.4819e-06 -3.5826e-06 -1.5197e-06 -5.5607e-07 -1.6959e-07 -4.1218e-08 -7.5235e-09 -9.5206e-10 -7.4839e-11 -3.1332e-12 -5.6005e-14 -3.0830e-16 -3.1740e-19 -2.7673e-23 -5.4617e-29 -2.3749e-37 -2.7087e-50 -7.4859e-72 -1.0641e-111 -4.1499e-198 -0.0000e+00 -0.0000e+00 -3.7922e-04 -5.3617e-04 -6.5642e-04 -7.5755e-04 -8.4637e-04 -9.2634e-04 -9.9951e-04 -1.0672e-03 -1.1304e-03 0.0000e+00 -1.2455e-03 -1.2983e-03 -1.3483e-03 -1.3959e-03 -1.4410e-03 -1.4840e-03 -1.5248e-03 -1.5636e-03 -1.6005e-03 -1.6354e-03 -1.6685e-03 -1.6997e-03 -1.7290e-03 -1.7565e-03 -1.7821e-03 -1.8058e-03 -1.8276e-03 -1.8474e-03 -1.8652e-03 -1.8809e-03 -1.8945e-03 -1.9059e-03 -1.9149e-03 -1.9216e-03 -1.9259e-03 -1.9276e-03 -1.9267e-03 -1.9230e-03 -1.9164e-03 -1.9069e-03 -1.8943e-03 -1.8785e-03 -1.8595e-03 -1.8370e-03 -1.8110e-03 -1.7814e-03 -1.7481e-03 -1.7111e-03 -1.6702e-03 -1.6255e-03 -1.5769e-03 -1.5244e-03 -1.4682e-03 -1.4082e-03 -1.3446e-03 -1.2776e-03 -1.2075e-03 -1.1345e-03 -1.0590e-03 -9.8158e-04 -9.0263e-04 -8.2281e-04 -7.4280e-04 -6.6335e-04 -5.8529e-04 -5.0947e-04 -4.3678e-04 -3.6810e-04 -3.0426e-04 -2.4601e-04 -1.9399e-04 -1.4864e-04 -1.1019e-04 -7.8636e-05 -5.3689e-05 -3.4812e-05 -2.1246e-05 -1.2071e-05 -6.2988e-06 -2.9682e-06 -1.2366e-06 -4.4333e-07 -1.3211e-07 -3.1271e-08 -5.5375e-09 -6.7671e-10 -5.1090e-11 -2.0409e-12 -3.4533e-14 -1.7825e-16 -1.7007e-19 -1.3550e-23 -2.4016e-29 -9.1798e-38 -8.9604e-51 -2.0479e-72 -2.2984e-112 -6.6055e-199 -0.0000e+00 -0.0000e+00
-3.9700e-04 -5.6132e-04 -6.8724e-04 -7.9316e-04 -8.8622e-04 -9.7004e-04 -1.0468e-03 -1.1178e-03 -1.1841e-03 -1.2464e-03 3.1030e-02 -1.3607e-03 -1.4135e-03 -1.4636e-03 -1.5113e-03 -1.5568e-03 -1.6001e-03 -1.6413e-03 -1.6805e-03 -1.7178e-03 -1.7532e-03 -1.7867e-03 -1.8183e-03 -1.8480e-03 -1.8758e-03 -1.9017e-03 -1.9257e-03 -1.9476e-03 -1.9675e-03 -1.9853e-03 -2.0009e-03 -2.0143e-03 -2.0254e-03 -2.0340e-03 -2.0402e-03 -2.0437e-03 -2.0445e-03 -2.0425e-03 -2.0376e-03 -2.0296e-03 -2.0184e-03 -2.0039e-03 -1.9860e-03 -1.9646e-03 -1.9395e-03 -1.9106e-03 -1.8778e-03 -1.8410e-03 -1.8001e-03 -1.7551e-03 -1.7060e-03 -1.6526e-03 -1.5951e-03 -1.5336e-03 -1.4680e-03 -1.3986e-03 -1.3255e-03 -1.2492e-03 -1.1699e-03 -1.0881e-03 -1.0044e-03 -9.1922e-04 -8.3342e-04 -7.4775e-04 -6.6308e-04 -5.8032e-04 -5.0046e-04 -4.2446e-04 -3.5329e-04 -2.8783e-04 -2.2884e-04 -1.7694e-04 -1.3248e-04 -9.5578e-05 -6.6047e-05 -4.3400e-05 -2.6881e-05 -1.5526e-05 -8.2520e-06 -3.9695e-06 -1.6925e-06 -6.2284e-07 -1.9118e-07 -4.6806e-08 -8.6143e-09 -1.1004e-09 -8.7434e-11 -3.7061e-12 -6.7203e-14 -3.7621e-16 -3.9509e-19 -3.5277e-23 -7.1689e-29 -3.2343e-37 -3.8716e-50 -1.1442e-71 -1.7985e-111 -8.2984e-198 -0.0000e+00 -0.0000e+00 -3.9700e-04 -5.6131e-04 -6.8719e-04 -7.9307e-04 -8.8605e-04 -9.6978e-04 -1.0464e-03 -1.1173e-03 -1.1834e-03 -1.2455e-03 0.0000e+00 -1.3593e-03 -1.4117e-03 -1.4615e-03 -1.5088e-03 -1.5538e-03 -1.5966e-03 -1.6373e-03 -1.6759e-03 -1.7125e-03 -1.7472e-03 -1.7800e-03 -1.8107e-03 -1.8396e-03 -1.8665e-03 -1.8914e-03 -1.9143e-03 -1.9351e-03 -1.9539e-03 -1.9704e-03 -1.9847e-03 -1.9967e-03 -2.0064e-03 -2.0135e-03 -2.0181e-03 -2.0200e-03 -2.0192e-03 -2.0155e-03 -2.0088e-03 -1.9990e-03 -1.9860e-03 -1.9696e-03 -1.9498e-03 -1.9264e-03 -1.8994e-03 -1.8686e-03 -1.8339e-03 -1.7953e-03 -1.7527e-03 -1.7060e-03 -1.6553e-03 -1.6005e-03 -1.5417e-03 -1.4790e-03 -1.4125e-03 -1.3424e-03 -1.2691e-03 -1.1927e-03 -1.1136e-03 -1.0325e-03 -9.4975e-04 -8.6606e-04 -7.8213e-04 -6.9876e-04 -6.1680e-04 -5.3715e-04 -4.6075e-04 -3.8851e-04 -3.2133e-04 -2.5999e-04 -2.0516e-04 -1.5733e-04 -1.1674e-04 -8.3392e-05 -5.6999e-05 -3.7005e-05 -2.2616e-05 -1.2870e-05 -6.7276e-06 -3.1767e-06 -1.3266e-06 -4.7687e-07 -1.4255e-07 -3.3865e-08 -6.0227e-09 -7.3976e-10 -5.6194e-11 -2.2614e-12 -3.8615e-14 -2.0159e-16 -1.9512e-19 -1.5833e-23 -2.8748e-29 -1.1351e-37 -1.1589e-50 -2.8263e-72 -3.5047e-112 -1.1924e-198 -0.0000e+00 -0.0000e+00
-4.1380e-04 -5.8509e-04 -7.1634e-04 -8.2676e-04 -9.2377e-04 -1.0112e-03 -1.0912e-03 -1.1653e-03 -1.2345e-03 -1.2994e-03 -1.3607e-03 3.7066e-02 -1.4738e-03 -1.5262e-03 -1.5761e-03 -1.6236e-03 -1.6689e-03 -1.7120e-03 -1.7531e-03 -1.7921e-03 -1.8292e-03 -1.8644e-03 -1.8975e-03 -1.9288e-03 -1.9581e-03 -1.9854e-03 -2.0106e-03 -2.0339e-03 -2.0550e-03 -2.0739e-03 -2.0906e-03 -2.1049e-03 -2.1169e-03 -2.1263e-03 -2.1332e-03 -2.1374e-03 -2.1388e-03 -2.1372e-03 -2.1326e-03 -2.1248e-03 -2.1138e-03 -2.0992e-03 -2.0812e-03 -2.0594e-03 -2.0338e-03 -2.0043e-03 -1.9707e-03 -1.9329e-03 -1.8908e-03 -1.8445e-03 -1.7937e-03 -1.7386e-03 -1.6791e-03 -1.6152e-03 -1.5472e-03 -1.4750e-03 -1.3990e-03 -1.3195e-03 -1.2368e-03 -1.1514e-03 -1.0637e-03 -9.7457e-04 -8.8458e-04 -7.9459e-04 -7.0551e-04 -6.1831e-04 -5.3401e-04 -4.5364e-04 -3.7823e-04 -3.0873e-04 -2.4597e-04 -1.9060e-04 -1.4306e-04 -1.0348e-04 -7.1717e-05 -4.7276e-05 -2.9386e-05 -1.7039e-05 -9.0947e-06 -4.3957e-06 -1.8841e-06 -6.9749e-07 -2.1551e-07 -5.3156e-08 -9.8653e-09 -1.2722e-09 -1.0219e-10 -4.3854e-12 -8.0666e-14 -4.5917e-16 -4.9178e-19 -4.4960e-23 -9.4055e-29 -4.4019e-37 -5.5303e-50 -1.7483e-71 -3.0404e-111 -1.6621e-197 -0.0000e+00 -0.0000e+00 -4.1380e-04 -5.8507e-04 -7.1628e-04 -8.2664e-04 -9.2357e-04 -1.0109e-03 -1.0907e-03 -1.1646e-03 -1.2336e-03 -1.2983e-03 -1.3593e-03 0.0000e+00 -1.4716e-03 -1.5235e-03 -1.5729e-03 -1.6198e-03 -1.6645e-03 -1.7070e-03 -1.7473e-03 -1.7856e-03 -1.8218e-03 -1.8560e-03 -1.8881e-03 -1.9183e-03 -1.9464e-03 -1.9725e-03 -1.9965e-03 -2.0183e-03 -2.0379e-03 -2.0553e-03 -2.0704e-03 -2.0830e-03 -2.0932e-03 -2.1008e-03 -2.1058e-03 -2.1079e-03 -2.1072e-03 -2.1035e-03 -2.0967e-03 -2.0867e-03 -2.0733e-03 -2.0565e-03 -2.0360e-03 -2.0118e-03 -1.9839e-03 -1.9519e-03 -1.9160e-03 -1.8759e-03 -1.8317e-03 -1.7832e-03 -1.7305e-03 -1.6735e-03 -1.6124e-03 -1.5471e-03 -1.4779e-03 -1.4050e-03 -1.3285e-03 -1.2489e-03 -1.1665e-03 -1.0818e-03 -9.9550e-04 -9.0811e-04 -8.2045e-04 -7.3331e-04 -6.4761e-04 -5.6427e-04 -4.8429e-04 -4.0861e-04 -3.3818e-04 -2.7383e-04 -2.1626e-04 -1.6598e-04 -1.2328e-04 -8.8163e-05 -6.0334e-05 -3.9223e-05 -2.4008e-05 -1.3686e-05 -7.1681e-06 -3.3922e-06 -1.4201e-06 -5.1201e-07 -1.5357e-07 -3.6627e-08 -6.5442e-09 -8.0824e-10 -6.1800e-11 -2.5069e-12 -4.3223e-14 -2.2837e-16 -2.2439e-19 -1.8563e-23 -3.4561e-29 -1.4110e-37 -1.5086e-50 -3.9309e-72 -5.3925e-112 -2.1750e-198 -0.0000e+00 -0.0000e+00
-4.2972e-04 -6.0760e-04 -7.4391e-04 -8.5859e-04 -9.5936e-04 -1.0502e-03 -1.1333e-03 -1.2103e-03 -1.2822e-03 -1.3497e-03 -1.4135e-03 -1.4738e-03 4.3678e-02 -1.5856e-03 -1.6376e-03 -1.6871e-03 -1.7343e-03 -1.7793e-03 -1.8221e-03 -1.8629e-03 -1.9017e-03 -1.9384e-03 -1.9732e-03 -2.0059e-03 -2.0366e-03 -2.0653e-03 -2.0919e-03 -2.1164e-03 -2.1387e-03 -2.1588e-03 -2.1766e-03 -2.1920e-03 -2.2049e-03 -2.2153e-03 -2.2229e-03 -2.2278e-03 -2.2298e-03 -2.2288e-03 -2.2247e-03 -2.2172e-03 -2.2064e-03 -2.1920e-03 -2.1739e-03 -2.1519e-03 -2.1260e-03 -2.0960e-03 -2.0618e-03 -2.0232e-03 -1.9802e-03 -1.9326e-03 -1.8805e-03 -1.8238e-03 -1.7624e-03 -1.6965e-03 -1.6262e-03 -1.5515e-03 -1.4728e-03 -1.3902e-03 -1.3042e-03 -1.2153e-03 -1.1240e-03 -1.0309e-03 -9.3681e-04 -8.4258e-04 -7.4914e-04 -6.5751e-04 -5.6876e-04 -4.8399e-04 -4.0428e-04 -3.3065e-04 -2.6400e-04 -2.0505e-04 -1.5430e-04 -1.1193e-04 -7.7805e-05 -5.1461e-05 -3.2104e-05 -1.8690e-05 -1.0020e-05 -4.8668e-06 -2.0974e-06 -7.8114e-07 -2.4299e-07 -6.0386e-08 -1.1302e-08 -1.4714e-09 -1.1947e-10 -5.1910e-12 -9.6852e-14 -5.6050e-16 -6.1215e-19 -5.7292e-23 -1.2336e-28 -5.9888e-37 -7.8979e-50 -2.6718e-71 -5.1450e-111 -3.3367e-197 -0.0000e+00 -0.0000e+00 -4.2972e-04 -6.0757e-04 -7.4384e-04 -8.5845e-04 -9.5912e-04 -1.0498e-03 -1.1327e-03 -1.2095e-03 -1.2811e-03 -1.3483e-03 -1.4117e-03 -1.4716e-03 0.0000e+00 -1.5824e-03 -1.6337e-03 -1.6825e-03 -1.7289e-03 -1.7731e-03 -1.8151e-03 -1.8549e-03 -1.8925e-03 -1.9281e-03 -1.9617e-03 -1.9931e-03 -2.0224e-03 -2.0496e-03 -2.0746e-03 -2.0974e-03 -2.1179e-03 -2.1361e-03 -2.1519e-03 -2.1652e-03 -2.1759e-03 -2.1840e-03 -2.1893e-03 -2.1918e-03 -2.1912e-03 -2.1876e-03 -2.1807e-03 -2.1705e-03 -2.1568e-03 -2.1395e-03 -2.1185e-03 -2.0937e-03 -2.0648e-03 -2.0319e-03 -1.9948e-03 -1.9534e-03 -1.9076e-03 -1.8575e-03 -1.8029e-03 -1.7439e-03 -1.6806e-03 -1.6130e-03 -1.5412e-03 -1.4655e-03 -1.3862e-03 -1.3035e-03 -1.2179e-03 -1.1299e-03 -1.0401e-03 -9.4922e-04 -8.5796e-04 -7.6721e-04 -6.7790e-04 -5.9100e-04 -5.0754e-04 -4.2852e-04 -3.5491e-04 -2.8761e-04 -2.2734e-04 -1.7466e-04 -1.2987e-04 -9.2981e-05 -6.3716e-05 -4.1483e-05 -2.5433e-05 -1.4525e-05 -7.6238e-06 -3.6165e-06 -1.5182e-06 -5.4908e-07 -1.6529e-07 -3.9589e-08 -7.1085e-09 -8.8309e-10 -6.7996e-11 -2.7815e-12 -4.8452e-14 -2.5924e-16 -2.5878e-19 -2.1840e-23 -4.1732e-29 -1.7634e-37 -1.9761e-50 -5.5069e-72 -8.3663e-112 -4.0062e-198 -0.0000e+00 -0.0000e+00
-4.4483e-04 -6.2896e-04 -7.7008e-04 -8.8881e-04 -9.9315e-04 -1.0872e-03 -1.1733e-03 -1.2530e-03 -1.3275e-03 -1.3975e-03 -1.4636e-03 -1.5262e-03 -1.5856e-03 5.0880e-02 -1.6961e-03 -1.7475e-03 -1.7966e-03 -1.8434e-03 -1.8880e-03 -1.9305e-03 -1.9709e-03 -2.0092e-03 -2.0455e-03 -2.0797e-03 -2.1119e-03 -2.1420e-03 -2.1699e-03 -2.1957e-03 -2.2193e-03 -2.2406e-03 -2.2595e-03 -2.2759e-03 -2.2899e-03 -2.3012e-03 -2.3097e-03 -2.3154e-03 -2.3182e-03 -2.3178e-03 -2.3142e-03 -2.3072e-03 -2.2967e-03 -2.2825e-03 -2.2646e-03 -2.2426e-03 -2.2166e-03 -2.1863e-03 -2.1516e-03 -2.1124e-03 -2.0686e-03 -2.0200e-03 -1.9667e-03 -1.9086e-03 -1.8456e-03 -1.7779e-03 -1.7054e-03 -1.6284e-03 -1.5471e-03 -1.4617e-03 -1.3726e-03 -1.2804e-03 -1.1854e-03 -1.0885e-03 -9.9044e-04 -8.9202e-04 -7.9424e-04 -6.9818e-04 -6.0495e-04 -5.1571e-04 -4.3161e-04 -3.5374e-04 -2.8308e-04 -2.2041e-04 -1.6630e-04 -1.2098e-04 -8.4368e-05 -5.5994e-05 -3.5064e-05 -2.0497e-05 -1.1040e-05 -5.3888e-06 -2.3353e-06 -8.7506e-07 -2.7406e-07 -6.8625e-08 -1.2954e-08 -1.7026e-09 -1.3974e-10 -6.1468e-12 -1.1632e-13 -6.8430e-16 -7.6199e-19 -7.3002e-23 -1.6178e-28 -8.1478e-37 -1.1282e-49 -4.0862e-71 -8.7204e-111 -6.7186e-197 -0.0000e+00 -0.0000e+00 -4.4482e-04 -6.2893e-04 -7.6999e-04 -8.8864e-04 -9.9285e-04 -1.0867e-03 -1.1726e-03 -1.2521e-03 -1.3262e-03 -1.3959e-03 -1.4615e-03 -1.5235e-03 -1.5824e-03 0.0000e+00 -1.6915e-03 -1.7420e-03 -1.7902e-03 -1.8360e-03 -1.8795e-03 -1.9207e-03 -1.9599e-03 -1.9968e-03 -2.0316e-03 -2.0642e-03 -2.0947e-03 -2.1230e-03 -2.1490e-03 -2.1727e-03 -2.1941e-03 -2.2131e-03 -2.2296e-03 -2.2436e-03 -2.2549e-03 -2.2634e-03 -2.2691e-03 -2.2719e-03 -2.2715e-03 -2.2680e-03 -2.2611e-03 -2.2508e-03 -2.2369e-03 -2.2192e-03 -2.1977e-03 -2.1722e-03 -2.1426e-03 -2.1088e-03 -2.0706e-03 -2.0280e-03 -1.9809e-03 -1.9292e-03 -1.8729e-03 -1.8121e-03 -1.7467e-03 -1.6768e-03 -1.6026e-03 -1.5244e-03 -1.4423e-03 -1.3567e-03 -1.2681e-03 -1.1769e-03 -1.0839e-03 -9.8958e-04 -8.9487e-04 -8.0063e-04 -7.0783e-04 -6.1747e-04 -5.3062e-04 -4.4833e-04 -3.7162e-04 -3.0141e-04 -2.3848e-04 -1.8341e-04 -1.3653e-04 -9.7876e-05 -6.7166e-05 -4.3799e-05 -2.6901e-05 -1.5394e-05 -8.0982e-06 -3.8514e-06 -1.6215e-06 -5.8843e-07 -1.7782e-07 -4.2783e-08 -7.7225e-09 -9.6534e-10 -7.4879e-11 -3.0903e-12 -5.4411e-14 -2.9498e-16 -2.9932e-19 -2.5790e-23 -5.0610e-29 -2.2151e-37 -2.6040e-50 -7.7675e-72 -1.3083e-111 -7.4476e-198 -0.0000e+00 -0.0000e+00
-4.5918e-04 -6.4926e-04 -7.9494e-04 -9.1752e-04 -1.0253e-03 -1.1223e-03 -1.2113e-03 -1.2937e-03 -1.3707e-03 -1.4430e-03 -1.5113e-03 -1.5761e-03 -1.6376e-03 -1.6961e-03 5.8685e-02 -1.8052e-03 -1.8561e-03 -1.9046e-03 -1.9509e-03 -1.9950e-03 -2.0370e-03 -2.0769e-03 -2.1148e-03 -2.1505e-03 -2.1841e-03 -2.2156e-03 -2.2449e-03 -2.2720e-03 -2.2969e-03 -2.3194e-03 -2.3395e-03 -2.3571e-03 -2.3721e-03 -2.3844e-03 -2.3939e-03 -2.4005e-03 -2.4041e-03 -2.4045e-03 -2.4015e-03 -2.3951e-03 -2.3851e-03 -2.3713e-03 -2.3536e-03 -2.3318e-03 -2.3058e-03 -2.2754e-03 -2.2404e-03 -2.2008e-03 -2.1564e-03 -2.1070e-03 -2.0527e-03 -1.9934e-03 -1.9290e-03 -1.8596e-03 -1.7853e-03 -1.7061e-03 -1.6224e-03 -1.5343e-03 -1.4423e-03 -1.3468e-03 -1.2484e-03 -1.1478e-03 -1.0458e-03 -9.4317e-04 -8.4107e-04 -7.4055e-04 -6.4279e-04 -5.4901e-04 -4.6041e-04 -3.7817e-04 -3.0335e-04 -2.3680e-04 -1.7916e-04 -1.3073e-04 -9.1461e-05 -6.0918e-05 -3.8295e-05 -2.2482e-05 -1.2165e-05 -5.9682e-06 -2.6009e-06 -9.8063e-07 -3.0923e-07 -7.8023e-08 -1.4853e-08 -1.9710e-09 -1.6352e-10 -7.2810e-12 -1.3973e-13 -8.3559e-16 -9.4863e-19 -9.3027e-23 -2.1220e-28 -1.1088e-36 -1.6126e-49 -6.2569e-71 -1.4812e-110 -1.3577e-196 -0.0000e+00 -0.0000e+00 -4.5917e-04 -6.4923e-04 -7.9484e-04 -9.1732e-04 -1.0249e-03 -1.1218e-03 -1.2105e-03 -1.2926e-03 -1.3691e-03 -1.4410e-03 -1.5088e-03 -1.5729e-03 -1.6337e-03 -1.6915e-03 0.0000e+00 -1.7987e-03 -1.8484e-03 -1.8958e-03 -1.9408e-03 -1.9835e-03 -2.0239e-03 -2.0622e-03 -2.0982e-03 -2.1320e-03 -2.1636e-03 -2.1930e-03 -2.2200e-03 -2.2446e-03 -2.2669e-03 -2.2867e-03 -2.3039e-03 -2.3185e-03 -2.3304e-03 -2.3395e-03 -2.3456e-03 -2.3486e-03 -2.3485e-03 -2.3451e-03 -2.3383e-03 -2.3279e-03 -2.3138e-03 -2.2958e-03 -2.2739e-03 -2.2479e-03 -2.2176e-03 -2.1830e-03 -2.1438e-03 -2.1001e-03 -2.0517e-03 -1.9986e-03 -1.9408e-03 -1.8782e-03 -1.8108e-03 -1.7389e-03 -1.6625e-03 -1.5818e-03 -1.4971e-03 -1.4088e-03 -1.3173e-03 -1.2231e-03 -1.1269e-03 -1.0294e-03 -9.3133e-04 -8.3372e-04 -7.3753e-04 -6.4381e-04 -5.5365e-04 -4.6816e-04 -3.8838e-04 -3.1530e-04 -2.4972e-04 -1.9227e-04 -1.4330e-04 -1.0288e-04 -7.0704e-05 -4.6185e-05 -2.8421e-05 -1.6298e-05 -8.5947e-06 -4.0988e-06 -1.7311e-06 -6.3041e-07 -1.9129e-07 -4.6243e-08 -8.3936e-09 -1.0561e-09 -8.2556e-11 -3.4388e-12 -6.1228e-14 -3.3651e-16 -3.4729e-19 -3.0567e-23 -6.1643e-29 -2.7965e-37 -3.4511e-50 -1.1028e-71 -2.0611e-111 -1.3969e-197 -0.0000e+00 -0.0000e+00
-4.7282e-04 -6.6855e-04 -8.1857e-04 -9.4482e-04 -1.0558e-03 -1.1558e-03 -1.2474e-03 -1.3324e-03 -1.4117e-03 -1.4863e-03 -1.5568e-03 -1.6236e-03 -1.6871e-03 -1.7475e-03 -1.8052e-03 6.7111e-02 -1.9129e-03 -1.9631e-03 -2.0111e-03 -2.0569e-03 -2.1005e-03 -2.1419e-03 -2.1812e-03 -2.2185e-03 -2.2535e-03 -2.2864e-03 -2.3171e-03 -2.3456e-03 -2.3717e-03 -2.3955e-03 -2.4169e-03 -2.4357e-03 -2.4518e-03 -2.4652e-03 -2.4758e-03 -2.4834e-03 -2.4879e-03 -2.4891e-03 -2.4870e-03 -2.4813e-03 -2.4719e-03 -2.4587e-03 -2.4414e-03 -2.4199e-03 -2.3940e-03 -2.3637e-03 -2.3286e-03 -2.2888e-03 -2.2439e-03 -2.1940e-03 -2.1389e-03 -2.0786e-03 -2.0130e-03 -1.9421e-03 -1.8661e-03 -1.7849e-03 -1.6990e-03 -1.6084e-03 -1.5136e-03 -1.4150e-03 -1.3132e-03 -1.2090e-03 -1.1030e-03 -9.9631e-04 -8.8988e-04 -7.8487e-04 -6.8251e-04 -5.8407e-04 -4.9086e-04 -4.0410e-04 -3.2494e-04 -2.5432e-04 -1.9297e-04 -1.4124e-04 -9.9148e-05 -6.6279e-05 -4.1830e-05 -2.4663e-05 -1.3408e-05 -6.6121e-06 -2.8978e-06 -1.0994e-06 -3.4907e-07 -8.8750e-08 -1.7039e-08 -2.2826e-09 -1.9141e-10 -8.6275e-12 -1.6790e-13 -1.0206e-15 -1.1813e-18 -1.1858e-22 -2.7844e-28 -1.5100e-36 -2.3074e-49 -9.5967e-71 -2.5225e-110 -2.7549e-196 -0.0000e+00 -0.0000e+00 -4.7281e-04 -6.6851e-04 -8.1845e-04 -9.4458e-04 -1.0554e-03 -1.1552e-03 -1.2465e-03 -1.3310e-03 -1.4099e-03 -1.4840e-03 -1.5538e-03 -1.6198e-03 -1.6825e-03 -1.7420e-03 -1.7987e-03 0.0000e+00 -1.9039e-03 -1.9527e-03 -1.9992e-03 -2.0432e-03 -2.0850e-03 -2.1245e-03 -2.1618e-03 -2.1967e-03 -2.2294e-03 -2.2598e-03 -2.2878e-03 -2.3133e-03 -2.3365e-03 -2.3570e-03 -2.3750e-03 -2.3902e-03 -2.4027e-03 -2.4123e-03 -2.4188e-03 -2.4222e-03 -2.4224e-03 -2.4191e-03 -2.4124e-03 -2.4020e-03 -2.3878e-03 -2.3696e-03 -2.3473e-03 -2.3209e-03 -2.2900e-03 -2.2546e-03 -2.2147e-03 -2.1699e-03 -2.1204e-03 -2.0660e-03 -2.0067e-03 -1.9425e-03 -1.8734e-03 -1.7995e-03 -1.7210e-03 -1.6380e-03 -1.5509e-03 -1.4600e-03 -1.3657e-03 -1.2686e-03 -1.1694e-03 -1.0687e-03 -9.6748e-04 -8.6660e-04 -7.6712e-04 -6.7011e-04 -5.7671e-04 -4.8806e-04 -4.0527e-04 -3.2933e-04 -2.6112e-04 -2.0129e-04 -1.5023e-04 -1.0800e-04 -7.4350e-05 -4.8655e-05 -3.0001e-05 -1.7244e-05 -9.1167e-06 -4.3603e-06 -1.8476e-06 -6.7540e-07 -2.0583e-07 -5.0008e-08 -9.1301e-09 -1.1566e-09 -9.1149e-11 -3.8335e-12 -6.9051e-14 -3.8490e-16 -4.0421e-19 -3.6362e-23 -7.5401e-29 -3.5476e-37 -4.5990e-50 -1.5755e-71 -3.2710e-111 -2.6432e-197 -0.0000e+00 -0.0000e+00
