-9.2660e-10 -1.0023e-11 -2.7663e-11 -5.6916e-11 -9.9717e-11 -1.5786e-10 -2.3305e-10 -3.2699e-10 -4.4135e-10 -5.7785e-10 -7.3822e-10 -9.2425e-10 -1.1378e-09 -1.3806e-09 -1.6545e-09 -1.9614e-09 -2.3028e-09 -2.6801e-09 -3.0945e-09 -3.5463e-09 -4.0351e-09 -4.5595e-09 -5.1163e-09 -5.7002e-09 -6.3034e-09 -6.9146e-09 -7.5182e-09 -8.0943e-09 -8.6174e-09 -9.0571e-09 -9.3782e-09 -9.5428e-09 -9.5131e-09 -9.2566e-09 -8.7522e-09 -7.9979e-09 -7.0181e-09 -5.8676e-09 -4.6308e-09 -3.4114e-09 -2.3145e-09 -1.4230e-09 -7.7757e-10 -3.6889e-10 -1.4772e-10 -4.8263e-11 -1.2346e-11 -2.3525e-12 -3.1434e-13 -2.7362e-14 -1.4186e-15 -3.9255e-17 -5.0689e-19 -2.5894e-21 -4.2687e-24 -1.7653e-27 -1.3397e-31 -1.2636e-36 -9.1014e-43 -2.7146e-50 -1.5495e-59 -6.3635e-71 -5.4095e-85 -1.9312e-102 -3.7146e-124 -2.6944e-151 -2.3039e-185 -2.4629e-228 -8.1036e-283 -0.0000e+00 -0.0000e+00 -0.0000e+00 -0.0000e+00 -0.0000e+00 -0.0000e+00 -0.0000e+00 -0.0000e+00 -0.0000e+00 -0.0000e+00 -0.0000e+00 -0.0000e+00 -0.0000e+00 -0.0000e+00 -0.0000e+00 -0.0000e+00 -0.0000e+00 -0.0000e+00 -0.0000e+00 -0.0000e+00 -0.0000e+00 -0.0000e+00 -0.0000e+00 -0.0000e+00 -0.0000e+00 -0.0000e+00 -0.0000e+00 -0.0000e+00 -0.0000e+00 -0.0000e+00 -0.0000e+00 0.0000e+00 -1.0023e-11 -2.7663e-11 -5.6916e-11 -9.9717e-11 -1.5786e-10 -2.3305e-10 -3.2699e-10 -4.4135e-10 -5.7785e-10 -7.3822e-10 -9.2425e-10 -1.1378e-09 -1.3806e-09 -1.6545e-09 -1.9614e-09 -2.3028e-09 -2.6801e-09 -3.0945e-09 -3.5463e-09 -4.0351e-09 -4.5595e-09 -5.1163e-09 -5.7002e-09 -6.3034e-09 -6.9146e-09 -7.5182e-09 -8.0943e-09 -8.6174e-09 -9.0571e-09 -9.3782e-09 -9.5428e-09 -9.5131e-09 -9.2566e-09 -8.7522e-09 -7.9979e-09 -7.0181e-09 -5.8676e-09 -4.6308e-09 -3.4114e-09 -2.3145e-09 -1.4230e-09 -7.7757e-10 -3.6889e-10 -1.4772e-10 -4.8263e-11 -1.2346e-11 -2.3525e-12 -3.1434e-13 -2.7362e-14 -1.4186e-15 -3.9255e-17 -5.0689e-19 -2.5894e-21 -4.2687e-24 -1.7653e-27 -1.3397e-31 -1.2636e-36 -9.1014e-43 -2.7146e-50 -1.5495e-59 -6.3635e-71 -5.4095e-85 -1.9312e-102 -3.7146e-124 -2.6944e-151 -2.3039e-185 -2.4629e-228 -8.1036e-283 -0.0000e+00 -0.0000e+00 -0.0000e+00 -0.0000e+00 -0.0000e+00 -0.0000e+00 -0.0000e+00 -0.0000e+00 -0.0000e+00 -0.0000e+00 -0.0000e+00 -0.0000e+00 -0.0000e+00 -0.0000e+00 -0.0000e+00 -0.0000e+00 -0.0000e+00 -0.0000e+00 -0.0000e+00 -0.0000e+00 -0.0000e+00 -0.0000e+00 -0.0000e+00 -0.0000e+00 -0.0000e+00 -0.0000e+00 -0.0000e+00 -0.0000e+00 -0.0000e+00 -0.0000e+00 -0.0000e+00
-1.0023e-11 3.0248e-10 -1.5664e-10 -3.2228e-10 -5.6463e-10 -8.9384e-10 -1.3196e-09 -1.8515e-09 -2.4991e-09 -3.2720e-09 -4.1800e-09 -5.2334e-09 -6.4423e-09 -7.8172e-09 -9.3684e-09 -1.1106e-08 -1.3039e-08 -1.5176e-08 -1.7522e-08 -2.0080e-08 -2.2848e-08 -2.5817e-08 -2.8970e-08 -3.2277e-08 -3.5692e-08 -3.9153e-08 -4.2571e-08 -4.5832e-08 -4.8795e-08 -5.1284e-08 -5.3103e-08 -5.4035e-08 -5.3867e-08 -5.2414e-08 -4.9558e-08 -4.5287e-08 -3.9739e-08 -3.3224e-08 -2.6221e-08 -1.9317e-08 -1.3106e-08 -8.0575e-09 -4.4029e-09 -2.0888e-09 -8.3646e-10 -2.7328e-10 -6.9906e-11 -1.3321e-11 -1.7799e-12 -1.5493e-13 -8.0324e-15 -2.2227e-16 -2.8702e-18 -1.4662e-20 -2.4171e-23 -9.9958e-27 -7.5856e-31 -7.1551e-36 -5.1535e-42 -1.5371e-49 -8.7738e-59 -3.6033e-70 -3.0631e-84 -1.0935e-101 -2.1033e-123 -1.5257e-150 -1.3046e-184 -1.3946e-227 -4.5886e-282 -0.0000e+00 -0.0000e+00 -0.0000e+00 -0.0000e+00 -0.0000e+00 -0.0000e+00 -0.0000e+00 -0.0000e+00 -0.0000e+00 -0.0000e+00 -0.0000e+00 -0.0000e+00 -0.0000e+00 -0.0000e+00 -0.0000e+00 -0.0000e+00 -0.0000e+00 -0.0000e+00 -0.0000e+00 -0.0000e+00 -0.0000e+00 -0.0000e+00 -0.0000e+00 -0.0000e+00 -0.0000e+00 -0.0000e+00 -0.0000e+00 -0.0000e+00 -0.0000e+00 -0.0000e+00 -0.0000e+00 -1.0023e-11 0.0000e+00 -1.5664e-10 -3.2228e-10 -5.6463e-10 -8.9384e-10 -1.3196e-09 -1.8515e-09 -2.4991e-09 -3.2720e-09 -4.1800e-09 -5.2334e-09 -6.4423e-09 -7.8172e-09 -9.3684e-09 -1.1106e-08 -1.3039e-08 -1.5176e-08 -1.7522e-08 -2.0080e-08 -2.2848e-08 -2.5817e-08 -2.8970e-08 -3.2277e-08 -3.5692e-08 -3.9153e-08 -4.2571e-08 -4.5832e-08 -4.8795e-08 -5.1284e-08 -5.3103e-08 -5.4035e-08 -5.3867e-08 -5.2414e-08 -4.9558e-08 -4.5287e-08 -3.9739e-08 -3.3224e-08 -2.6221e-08 -1.9317e-08 -1.3106e-08 -8.0575e-09 -4.4029e-09 -2.0888e-09 -8.3646e-10 -2.7328e-10 -6.9906e-11 -1.3321e-11 -1.7799e-12 -1.5493e-13 -8.0324e-15 -2.2227e-16 -2.8702e-18 -1.4662e-20 -2.4171e-23 -9.9958e-27 -7.5855e-31 -7.1551e-36 -5.1535e-42 -1.5371e-49 -8.7737e-59 -3.6033e-70 -3.0631e-84 -1.0935e-101 -2.1033e-123 -1.5257e-150 -1.3046e-184 -1.3946e-227 -4.5886e-282 -0.0000e+00 -0.0000e+00 -0.0000e+00 -0.0000e+00 -0.0000e+00 -0.0000e+00 -0.0000e+00 -0.0000e+00 -0.0000e+00 -0.0000e+00 -0.0000e+00 -0.0000e+00 -0.0000e+00 -0.0000e+00 -0.0000e+00 -0.0000e+00 -0.0000e+00 -0.0000e+00 -0.0000e+00 -0.0000e+00 -0.0000e+00 -0.0000e+00 -0.0000e+00 -0.0000e+00 -0.0000e+00 -0.0000e+00 -0.0000e+00 -0.0000e+00 -0.0000e+00 -0.0000e+00 -0.0000e+00
-2.7663e-11 -1.5664e-10 3.4883e-09 -8.8952e-10 -1.5585e-09 -2.4671e-09 -3.6423e-09 -5.1104e-09 -6.8978e-09 -9.0310e-09 -1.1537e-08 -1.4445e-08 -1.7782e-08 -2.1576e-08 -2.5858e-08 -3.0654e-08 -3.5989e-08 -4.1887e-08 -4.8363e-08 -5.5424e-08 -6.3064e-08 -7.1259e-08 -7.9961e-08 -8.9088e-08 -9.8515e-08 -1.0807e-07 -1.1750e-07 -1.2650e-07 -1.3468e-07 -1.4155e-07 -1.4657e-07 -1.4914e-07 -1.4868e-07 -1.4467e-07 -1.3679e-07 -1.2500e-07 -1.0968e-07 -9.1704e-08 -7.2374e-08 -5.3316e-08 -3.6173e-08 -2.2240e-08 -1.2152e-08 -5.7654e-09 -2.3088e-09 -7.5429e-10 -1.9295e-10 -3.6767e-11 -4.9127e-12 -4.2764e-13 -2.2171e-14 -6.1350e-16 -7.9221e-18 -4.0469e-20 -6.6715e-23 -2.7590e-26 -2.0937e-30 -1.9749e-35 -1.4225e-41 -4.2427e-49 -2.4217e-58 -9.9458e-70 -8.4548e-84 -3.0185e-101 -5.8059e-123 -4.2114e-150 -3.6011e-184 -3.8497e-227 -1.2667e-281 -0.0000e+00 -0.0000e+00 -0.0000e+00 -0.0000e+00 -0.0000e+00 -0.0000e+00 -0.0000e+00 -0.0000e+00 -0.0000e+00 -0.0000e+00 -0.0000e+00 -0.0000e+00 -0.0000e+00 -0.0000e+00 -0.0000e+00 -0.0000e+00 -0.0000e+00 -0.0000e+00 -0.0000e+00 -0.0000e+00 -0.0000e+00 -0.0000e+00 -0.0000e+00 -0.0000e+00 -0.0000e+00 -0.0000e+00 -0.0000e+00 -0.0000e+00 -0.0000e+00 -0.0000e+00 -0.0000e+00 -2.7663e-11 -1.5664e-10 0.0000e+00 -8.8952e-10 -1.5585e-09 -2.4671e-09 -3.6423e-09 -5.1104e-09 -6.8978e-09 -9.0310e-09 -1.1537e-08 -1.4445e-08 -1.7782e-08 -2.1576e-08 -2.5858e-08 -3.0654e-08 -3.5989e-08 -4.1887e-08 -4.8363e-08 -5.5424e-08 -6.3064e-08 -7.1259e-08 -7.9961e-08 -8.9088e-08 -9.8515e-08 -1.0807e-07 -1.1750e-07 -1.2650e-07 -1.3468e-07 -1.4155e-07 -1.4657e-07 -1.4914e-07 -1.4868e-07 -1.4467e-07 -1.3679e-07 -1.2500e-07 -1.0968e-07 -9.1703e-08 -7.2374e-08 -5.3316e-08 -3.6173e-08 -2.2240e-08 -1.2152e-08 -5.7654e-09 -2.3087e-09 -7.5429e-10 -1.9295e-10 -3.6767e-11 -4.9127e-12 -4.2764e-13 -2.2171e-14 -6.1350e-16 -7.9220e-18 -4.0468e-20 -6.6714e-23 -2.7590e-26 -2.0937e-30 -1.9749e-35 -1.4224e-41 -4.2427e-49 -2.4217e-58 -9.9456e-70 -8.4545e-84 -3.0183e-101 -5.8056e-123 -4.2112e-150 -3.6008e-184 -3.8494e-227 -1.2666e-281 -0.0000e+00 -0.0000e+00 -0.0000e+00 -0.0000e+00 -0.0000e+00 -0.0000e+00 -0.0000e+00 -0.0000e+00 -0.0000e+00 -0.0000e+00 -0.0000e+00 -0.0000e+00 -0.0000e+00 -0.0000e+00 -0.0000e+00 -0.0000e+00 -0.0000e+00 -0.0000e+00 -0.0000e+00 -0.0000e+00 -0.0000e+00 -0.0000e+00 -0.0000e+00 -0.0000e+00 -0.0000e+00 -0.0000e+00 -0.0000e+00 -0.0000e+00 -0.0000e+00 -0.0000e+00 -0.0000e+00
-5.6916e-11 -3.2228e-10 -8.8952e-10 1.9665e-08 -3.2064e-09 -5.0760e-09 -7.4939e-09 -1.0514e-08 -1.4192e-08 -1.8581e-08 -2.3738e-08 -2.9720e-08 -3.6585e-08 -4.4392e-08 -5.3201e-08 -6.3068e-08 -7.4046e-08 -8.6180e-08 -9.9503e-08 -1.1403e-07 -1.2975e-07 -1.4661e-07 -1.6452e-07 -1.8329e-07 -2.0269e-07 -2.2234e-07 -2.4175e-07 -2.6027e-07 -2.7710e-07 -2.9123e-07 -3.0156e-07 -3.0685e-07 -3.0590e-07 -2.9765e-07 -2.8143e-07 -2.5717e-07 -2.2567e-07 -1.8868e-07 -1.4891e-07 -1.0970e-07 -7.4424e-08 -4.5757e-08 -2.5003e-08 -1.1862e-08 -4.7502e-09 -1.5519e-09 -3.9699e-10 -7.5648e-11 -1.0108e-11 -8.7986e-13 -4.5616e-14 -1.2623e-15 -1.6300e-17 -8.3265e-20 -1.3727e-22 -5.6768e-26 -4.3080e-30 -4.0636e-35 -2.9269e-41 -8.7302e-49 -4.9833e-58 -2.0466e-69 -1.7399e-83 -6.2119e-101 -1.1949e-122 -8.6682e-150 -7.4126e-184 -7.9254e-227 -2.6081e-281 -0.0000e+00 -0.0000e+00 -0.0000e+00 -0.0000e+00 -0.0000e+00 -0.0000e+00 -0.0000e+00 -0.0000e+00 -0.0000e+00 -0.0000e+00 -0.0000e+00 -0.0000e+00 -0.0000e+00 -0.0000e+00 -0.0000e+00 -0.0000e+00 -0.0000e+00 -0.0000e+00 -0.0000e+00 -0.0000e+00 -0.0000e+00 -0.0000e+00 -0.0000e+00 -0.0000e+00 -0.0000e+00 -0.0000e+00 -0.0000e+00 -0.0000e+00 -0.0000e+00 -0.0000e+00 -0.0000e+00 -5.6916e-11 -3.2228e-10 -8.8952e-10 0.0000e+00 -3.2064e-09 -5.0760e-09 -7.4939e-09 -1.0514e-08 -1.4192e-08 -1.8581e-08 -2.3738e-08 -2.9720e-08 -3.6585e-08 -4.4392e-08 -5.3201e-08 -6.3068e-08 -7.4046e-08 -8.6180e-08 -9.9503e-08 -1.1403e-07 -1.2975e-07 -1.4661e-07 -1.6452e-07 -1.8329e-07 -2.0269e-07 -2.2234e-07 -2.4175e-07 -2.6027e-07 -2.7710e-07 -2.9123e-07 -3.0156e-07 -3.0685e-07 -3.0590e-07 -2.9765e-07 -2.8143e-07 -2.5717e-07 -2.2567e-07 -1.8867e-07 -1.4891e-07 -1.0970e-07 -7.4424e-08 -4.5757e-08 -2.5003e-08 -1.1862e-08 -4.7501e-09 -1.5519e-09 -3.9699e-10 -7.5647e-11 -1.0108e-11 -8.7984e-13 -4.5615e-14 -1.2623e-15 -1.6299e-17 -8.3263e-20 -1.3726e-22 -5.6766e-26 -4.3078e-30 -4.0634e-35 -2.9267e-41 -8.7294e-49 -4.9827e-58 -2.0464e-69 -1.7396e-83 -6.2106e-101 -1.1946e-122 -8.6654e-150 -7.4097e-184 -7.9215e-227 -2.6065e-281 -0.0000e+00 -0.0000e+00 -0.0000e+00 -0.0000e+00 -0.0000e+00 -0.0000e+00 -0.0000e+00 -0.0000e+00 -0.0000e+00 -0.0000e+00 -0.0000e+00 -0.0000e+00 -0.0000e+00 -0.0000e+00 -0.0000e+00 -0.0000e+00 -0.0000e+00 -0.0000e+00 -0.0000e+00 -0.0000e+00 -0.0000e+00 -0.0000e+00 -0.0000e+00 -0.0000e+00 -0.0000e+00 -0.0000e+00 -0.0000e+00 -0.0000e+00 -0.0000e+00 -0.0000e+00 -0.0000e+00
-9.9717e-11 -5.6463e-10 -1.5585e-09 -3.2064e-09 7.5344e-08 -8.8931e-09 -1.3129e-08 -1.8421e-08 -2.4864e-08 -3.2554e-08 -4.1589e-08 -5.2069e-08 -6.4097e-08 -7.7776e-08 -9.3209e-08 -1.1050e-07 -1.2973e-07 -1.5099e-07 -1.7433e-07 -1.9978e-07 -2.2732e-07 -2.5687e-07 -2.8823e-07 -3.2113e-07 -3.5511e-07 -3.8954e-07 -4.2355e-07 -4.5600e-07 -4.8548e-07 -5.1025e-07 -5.2834e-07 -5.3761e-07 -5.3594e-07 -5.2149e-07 -4.9307e-07 -4.5058e-07 -3.9537e-07 -3.3056e-07 -2.6089e-07 -1.9219e-07 -1.3039e-07 -8.0168e-08 -4.3806e-08 -2.0783e-08 -8.3225e-09 -2.7191e-09 -6.9555e-10 -1.3254e-10 -1.7710e-11 -1.5416e-12 -7.9925e-14 -2.2117e-15 -2.8560e-17 -1.4590e-19 -2.4053e-22 -9.9477e-26 -7.5494e-30 -7.1214e-35 -5.1297e-41 -1.5302e-48 -8.7350e-58 -3.5879e-69 -3.0505e-83 -1.0893e-100 -2.0958e-122 -1.5207e-149 -1.3009e-183 -1.3914e-226 -4.5812e-281 -0.0000e+00 -0.0000e+00 -0.0000e+00 -0.0000e+00 -0.0000e+00 -0.0000e+00 -0.0000e+00 -0.0000e+00 -0.0000e+00 -0.0000e+00 -0.0000e+00 -0.0000e+00 -0.0000e+00 -0.0000e+00 -0.0000e+00 -0.0000e+00 -0.0000e+00 -0.0000e+00 -0.0000e+00 -0.0000e+00 -0.0000e+00 -0.0000e+00 -0.0000e+00 -0.0000e+00 -0.0000e+00 -0.0000e+00 -0.0000e+00 -0.0000e+00 -0.0000e+00 -0.0000e+00 -0.0000e+00 -9.9717e-11 -5.6463e-10 -1.5585e-09 -3.2064e-09 0.0000e+00 -8.8931e-09 -1.3129e-08 -1.8421e-08 -2.4864e-08 -3.2554e-08 -4.1589e-08 -5.2069e-08 -6.4097e-08 -7.7776e-08 -9.3209e-08 -1.1050e-07 -1.2973e-07 -1.5099e-07 -1.7433e-07 -1.9978e-07 -2.2732e-07 -2.5687e-07 -2.8823e-07 -3.2113e-07 -3.5511e-07 -3.8954e-07 -4.2355e-07 -4.5600e-07 -4.8547e-07 -5.1025e-07 -5.2834e-07 -5.3761e-07 -5.3594e-07 -5.2149e-07 -4.9307e-07 -4.5057e-07 -3.9537e-07 -3.3056e-07 -2.6088e-07 -1.9219e-07 -1.3039e-07 -8.0167e-08 -4.3806e-08 -2.0782e-08 -8.3224e-09 -2.7190e-09 -6.9553e-10 -1.3254e-10 -1.7709e-11 -1.5415e-12 -7.9920e-14 -2.2115e-15 -2.8558e-17 -1.4588e-19 -2.4050e-22 -9.9460e-26 -7.5479e-30 -7.1197e-35 -5.1282e-41 -1.5296e-48 -8.7312e-58 -3.5860e-69 -3.0485e-83 -1.0884e-100 -2.0937e-122 -1.5189e-149 -1.2989e-183 -1.3888e-226 -4.5706e-281 -0.0000e+00 -0.0000e+00 -0.0000e+00 -0.0000e+00 -0.0000e+00 -0.0000e+00 -0.0000e+00 -0.0000e+00 -0.0000e+00 -0.0000e+00 -0.0000e+00 -0.0000e+00 -0.0000e+00 -0.0000e+00 -0.0000e+00 -0.0000e+00 -0.0000e+00 -0.0000e+00 -0.0000e+00 -0.0000e+00 -0.0000e+00 -0.0000e+00 -0.0000e+00 -0.0000e+00 -0.0000e+00 -0.0000e+00 -0.0000e+00 -0.0000e+00 -0.0000e+00 -0.0000e+00 -0.0000e+00
-1.5786e-10 -8.9384e-10 -2.4671e-09 -5.0760e-09 -8.8931e-09 2.2618e-07 -2.0784e-08 -2.9162e-08 -3.9361e-08 -5.1534e-08 -6.5837e-08 -8.2428e-08 -1.0147e-07 -1.2312e-07 -1.4756e-07 -1.7492e-07 -2.0537e-07 -2.3902e-07 -2.7598e-07 -3.1627e-07 -3.5987e-07 -4.0663e-07 -4.5629e-07 -5.0837e-07 -5.6216e-07 -6.1667e-07 -6.7050e-07 -7.2188e-07 -7.6853e-07 -8.0775e-07 -8.3639e-07 -8.5107e-07 -8.4842e-07 -8.2555e-07 -7.8056e-07 -7.1329e-07 -6.2591e-07 -5.2331e-07 -4.1300e-07 -3.0425e-07 -2.0643e-07 -1.2692e-07 -6.9351e-08 -3.2902e-08 -1.3176e-08 -4.3048e-09 -1.1012e-09 -2.0984e-10 -2.8039e-11 -2.4409e-12 -1.2655e-13 -3.5021e-15 -4.5225e-17 -2.3105e-19 -3.8093e-22 -1.5756e-25 -1.1958e-29 -1.1282e-34 -8.1278e-41 -2.4249e-48 -1.3846e-57 -5.6889e-69 -4.8386e-83 -1.7286e-100 -3.3275e-122 -2.4161e-149 -2.0686e-183 -2.2150e-226 -7.3028e-281 -0.0000e+00 -0.0000e+00 -0.0000e+00 -0.0000e+00 -0.0000e+00 -0.0000e+00 -0.0000e+00 -0.0000e+00 -0.0000e+00 -0.0000e+00 -0.0000e+00 -0.0000e+00 -0.0000e+00 -0.0000e+00 -0.0000e+00 -0.0000e+00 -0.0000e+00 -0.0000e+00 -0.0000e+00 -0.0000e+00 -0.0000e+00 -0.0000e+00 -0.0000e+00 -0.0000e+00 -0.0000e+00 -0.0000e+00 -0.0000e+00 -0.0000e+00 -0.0000e+00 -0.0000e+00 -0.0000e+00 -1.5786e-10 -8.9384e-10 -2.4671e-09 -5.0760e-09 -8.8931e-09 0.0000e+00 -2.0784e-08 -2.9162e-08 -3.9361e-08 -5.1534e-08 -6.5837e-08 -8.2428e-08 -1.0147e-07 -1.2312e-07 -1.4756e-07 -1.7492e-07 -2.0537e-07 -2.3902e-07 -2.7598e-07 -3.1627e-07 -3.5987e-07 -4.0663e-07 -4.5629e-07 -5.0837e-07 -5.6216e-07 -6.1667e-07 -6.7050e-07 -7.2188e-07 -7.6853e-07 -8.0775e-07 -8.3639e-07 -8.5106e-07 -8.4842e-07 -8.2554e-07 -7.8055e-07 -7.1328e-07 -6.2590e-07 -5.2330e-07 -4.1300e-07 -3.0425e-07 -2.0642e-07 -1.2691e-07 -6.9348e-08 -3.2900e-08 -1.3175e-08 -4.3044e-09 -1.1011e-09 -2.0982e-10 -2.8036e-11 -2.4405e-12 -1.2653e-13 -3.5013e-15 -4.5212e-17 -2.3097e-19 -3.8077e-22 -1.5748e-25 -1.1951e-29 -1.1274e-34 -8.1206e-41 -2.4223e-48 -1.3828e-57 -5.6798e-69 -4.8291e-83 -1.7244e-100 -3.3177e-122 -2.4074e-149 -2.0593e-183 -2.2027e-226 -7.2523e-281 -0.0000e+00 -0.0000e+00 -0.0000e+00 -0.0000e+00 -0.0000e+00 -0.0000e+00 -0.0000e+00 -0.0000e+00 -0.0000e+00 -0.0000e+00 -0.0000e+00 -0.0000e+00 -0.0000e+00 -0.0000e+00 -0.0000e+00 -0.0000e+00 -0.0000e+00 -0.0000e+00 -0.0000e+00 -0.0000e+00 -0.0000e+00 -0.0000e+00 -0.0000e+00 -0.0000e+00 -0.0000e+00 -0.0000e+00 -0.0000e+00 -0.0000e+00 -0.0000e+00 -0.0000e+00 -0.0000e+00
-2.3305e-10 -1.3196e-09 -3.6423e-09 -7.4939e-09 -1.3129e-08 -2.0784e-08 5.7396e-07 -4.3053e-08 -5.8111e-08 -7.6083e-08 -9.7198e-08 -1.2169e-07 -1.4980e-07 -1.8177e-07 -2.1784e-07 -2.5824e-07 -3.0320e-07 -3.5288e-07 -4.0744e-07 -4.6692e-07 -5.3129e-07 -6.0033e-07 -6.7364e-07 -7.5053e-07 -8.2995e-07 -9.1042e-07 -9.8990e-07 -1.0657e-06 -1.1346e-06 -1.1925e-06 -1.2348e-06 -1.2565e-06 -1.2526e-06 -1.2188e-06 -1.1524e-06 -1.0531e-06 -9.2408e-07 -7.7261e-07 -6.0977e-07 -4.4921e-07 -3.0478e-07 -1.8739e-07 -1.0240e-07 -4.8581e-08 -1.9455e-08 -6.3564e-09 -1.6261e-09 -3.0988e-10 -4.1409e-11 -3.6049e-12 -1.8692e-13 -5.1731e-15 -6.6812e-17 -3.4138e-19 -5.6293e-22 -2.3288e-25 -1.7679e-29 -1.6684e-34 -1.2024e-40 -3.5890e-48 -2.0504e-57 -8.4299e-69 -7.1758e-83 -2.5661e-100 -4.9460e-122 -3.5970e-149 -3.0856e-183 -3.3121e-226 -1.0954e-280 -0.0000e+00 -0.0000e+00 -0.0000e+00 -0.0000e+00 -0.0000e+00 -0.0000e+00 -0.0000e+00 -0.0000e+00 -0.0000e+00 -0.0000e+00 -0.0000e+00 -0.0000e+00 -0.0000e+00 -0.0000e+00 -0.0000e+00 -0.0000e+00 -0.0000e+00 -0.0000e+00 -0.0000e+00 -0.0000e+00 -0.0000e+00 -0.0000e+00 -0.0000e+00 -0.0000e+00 -0.0000e+00 -0.0000e+00 -0.0000e+00 -0.0000e+00 -0.0000e+00 -0.0000e+00 -0.0000e+00 -2.3305e-10 -1.3196e-09 -3.6423e-09 -7.4939e-09 -1.3129e-08 -2.0784e-08 0.0000e+00 -4.3053e-08 -5.8111e-08 -7.6083e-08 -9.7198e-08 -1.2169e-07 -1.4980e-07 -1.8177e-07 -2.1784e-07 -2.5824e-07 -3.0320e-07 -3.5288e-07 -4.0744e-07 -4.6692e-07 -5.3129e-07 -6.0033e-07 -6.7364e-07 -7.5053e-07 -8.2995e-07 -9.1041e-07 -9.8989e-07 -1.0657e-06 -1.1346e-06 -1.1925e-06 -1.2348e-06 -1.2565e-06 -1.2526e-06 -1.2188e-06 -1.1524e-06 -1.0531e-06 -9.2405e-07 -7.7258e-07 -6.0973e-07 -4.4918e-07 -3.0475e-07 -1.8737e-07 -1.0239e-07 -4.8574e-08 -1.9452e-08 -6.3552e-09 -1.6257e-09 -3.0979e-10 -4.1394e-11 -3.6034e-12 -1.8682e-13 -5.1700e-15 -6.6764e-17 -3.4108e-19 -5.6234e-22 -2.3258e-25 -1.7652e-29 -1.6653e-34 -1.1997e-40 -3.5791e-48 -2.0436e-57 -8.3957e-69 -7.1402e-83 -2.5505e-100 -4.9092e-122 -3.5641e-149 -3.0508e-183 -3.2659e-226 -1.0764e-280 -0.0000e+00 -0.0000e+00 -0.0000e+00 -0.0000e+00 -0.0000e+00 -0.0000e+00 -0.0000e+00 -0.0000e+00 -0.0000e+00 -0.0000e+00 -0.0000e+00 -0.0000e+00 -0.0000e+00 -0.0000e+00 -0.0000e+00 -0.0000e+00 -0.0000e+00 -0.0000e+00 -0.0000e+00 -0.0000e+00 -0.0000e+00 -0.0000e+00 -0.0000e+00 -0.0000e+00 -0.0000e+00 -0.0000e+00 -0.0000e+00 -0.0000e+00 -0.0000e+00 -0.0000e+00 -0.0000e+00
-3.2699e-10 -1.8515e-09 -5.1104e-09 -1.0514e-08 -1.8421e-08 -2.9162e-08 -4.3053e-08 1.2883e-06 -8.1533e-08 -1.0675e-07 -1.3638e-07 -1.7074e-07 -2.1018e-07 -2.5504e-07 -3.0565e-07 -3.6233e-07 -4.2540e-07 -4.9511e-07 -5.7166e-07 -6.5512e-07 -7.4543e-07 -8.4231e-07 -9.4516e-07 -1.0530e-06 -1.1645e-06 -1.2774e-06 -1.3889e-06 -1.4953e-06 -1.5920e-06 -1.6732e-06 -1.7325e-06 -1.7630e-06 -1.7575e-06 -1.7101e-06 -1.6170e-06 -1.4776e-06 -1.2966e-06 -1.0841e-06 -8.5562e-07 -6.3034e-07 -4.2768e-07 -2.6296e-07 -1.4370e-07 -6.8179e-08 -2.7305e-08 -8.9218e-09 -2.2825e-09 -4.3501e-10 -5.8136e-11 -5.0618e-12 -2.6250e-13 -7.2664e-15 -9.3869e-17 -4.7976e-19 -7.9138e-22 -3.2752e-25 -2.4877e-29 -2.3491e-34 -1.6942e-40 -5.0614e-48 -2.8948e-57 -1.1918e-68 -1.0161e-82 -3.6413e-100 -7.0363e-122 -5.1334e-149 -4.4211e-183 -4.7692e-226 -1.5872e-280 -0.0000e+00 -0.0000e+00 -0.0000e+00 -0.0000e+00 -0.0000e+00 -0.0000e+00 -0.0000e+00 -0.0000e+00 -0.0000e+00 -0.0000e+00 -0.0000e+00 -0.0000e+00 -0.0000e+00 -0.0000e+00 -0.0000e+00 -0.0000e+00 -0.0000e+00 -0.0000e+00 -0.0000e+00 -0.0000e+00 -0.0000e+00 -0.0000e+00 -0.0000e+00 -0.0000e+00 -0.0000e+00 -0.0000e+00 -0.0000e+00 -0.0000e+00 -0.0000e+00 -0.0000e+00 -0.0000e+00 -3.2699e-10 -1.8515e-09 -5.1104e-09 -1.0514e-08 -1.8421e-08 -2.9162e-08 -4.3053e-08 0.0000e+00 -8.1533e-08 -1.0675e-07 -1.3638e-07 -1.7074e-07 -2.1018e-07 -2.5504e-07 -3.0565e-07 -3.6233e-07 -4.2540e-07 -4.9511e-07 -5.7166e-07 -6.5512e-07 -7.4543e-07 -8.4230e-07 -9.4516e-07 -1.0530e-06 -1.1645e-06 -1.2774e-06 -1.3889e-06 -1.4953e-06 -1.5920e-06 -1.6732e-06 -1.7325e-06 -1.7629e-06 -1.7574e-06 -1.7101e-06 -1.6169e-06 -1.4775e-06 -1.2965e-06 -1.0840e-06 -8.5552e-07 -6.3026e-07 -4.2761e-07 -2.6291e-07 -1.4366e-07 -6.8158e-08 -2.7295e-08 -8.9178e-09 -2.2813e-09 -4.3474e-10 -5.8092e-11 -5.0571e-12 -2.6221e-13 -7.2566e-15 -9.3716e-17 -4.7882e-19 -7.8951e-22 -3.2658e-25 -2.4791e-29 -2.3393e-34 -1.6856e-40 -5.0304e-48 -2.8732e-57 -1.1810e-68 -1.0049e-82 -3.5922e-100 -6.9201e-122 -5.0294e-149 -4.3110e-183 -4.6227e-226 -1.5269e-280 -0.0000e+00 -0.0000e+00 -0.0000e+00 -0.0000e+00 -0.0000e+00 -0.0000e+00 -0.0000e+00 -0.0000e+00 -0.0000e+00 -0.0000e+00 -0.0000e+00 -0.0000e+00 -0.0000e+00 -0.0000e+00 -0.0000e+00 -0.0000e+00 -0.0000e+00 -0.0000e+00 -0.0000e+00 -0.0000e+00 -0.0000e+00 -0.0000e+00 -0.0000e+00 -0.0000e+00 -0.0000e+00 -0.0000e+00 -0.0000e+00 -0.0000e+00 -0.0000e+00 -0.0000e+00 -0.0000e+00
-4.4135e-10 -2.4991e-09 -6.8978e-09 -1.4192e-08 -2.4864e-08 -3.9361e-08 -5.8111e-08 -8.1533e-08 2.6334e-06 -1.4408e-07 -1.8407e-07 -2.3046e-07 -2.8369e-07 -3.4424e-07 -4.1255e-07 -4.8906e-07 -5.7419e-07 -6.6828e-07 -7.7159e-07 -8.8425e-07 -1.0061e-06 -1.1369e-06 -1.2757e-06 -1.4213e-06 -1.5718e-06 -1.7242e-06 -1.8747e-06 -2.0183e-06 -2.1488e-06 -2.2585e-06 -2.3386e-06 -2.3797e-06 -2.3723e-06 -2.3084e-06 -2.1827e-06 -1.9946e-06 -1.7503e-06 -1.4635e-06 -1.1551e-06 -8.5099e-07 -5.7741e-07 -3.5504e-07 -1.9403e-07 -9.2067e-08 -3.6876e-08 -1.2050e-08 -3.0834e-09 -5.8775e-10 -7.8564e-11 -6.8421e-12 -3.5493e-13 -9.8285e-15 -1.2702e-16 -6.4954e-19 -1.0721e-21 -4.4405e-25 -3.3759e-29 -3.1914e-34 -2.3049e-40 -6.8974e-48 -3.9529e-57 -1.6315e-68 -1.3954e-82 -5.0194e-100 -9.7449e-122 -7.1510e-149 -6.2033e-183 -6.7519e-226 -2.2722e-280 -0.0000e+00 -0.0000e+00 -0.0000e+00 -0.0000e+00 -0.0000e+00 -0.0000e+00 -0.0000e+00 -0.0000e+00 -0.0000e+00 -0.0000e+00 -0.0000e+00 -0.0000e+00 -0.0000e+00 -0.0000e+00 -0.0000e+00 -0.0000e+00 -0.0000e+00 -0.0000e+00 -0.0000e+00 -0.0000e+00 -0.0000e+00 -0.0000e+00 -0.0000e+00 -0.0000e+00 -0.0000e+00 -0.0000e+00 -0.0000e+00 -0.0000e+00 -0.0000e+00 -0.0000e+00 -0.0000e+00 -4.4135e-10 -2.4991e-09 -6.8978e-09 -1.4192e-08 -2.4864e-08 -3.9361e-08 -5.8111e-08 -8.1533e-08 0.0000e+00 -1.4408e-07 -1.8407e-07 -2.3046e-07 -2.8369e-07 -3.4424e-07 -4.1255e-07 -4.8906e-07 -5.7419e-07 -6.6828e-07 -7.7159e-07 -8.8425e-07 -1.0061e-06 -1.1369e-06 -1.2757e-06 -1.4213e-06 -1.5717e-06 -1.7241e-06 -1.8747e-06 -2.0183e-06 -2.1487e-06 -2.2584e-06 -2.3385e-06 -2.3795e-06 -2.3721e-06 -2.3082e-06 -2.1824e-06 -1.9944e-06 -1.7501e-06 -1.4632e-06 -1.1548e-06 -8.5075e-07 -5.7721e-07 -3.5489e-07 -1.9393e-07 -9.2011e-08 -3.6848e-08 -1.2040e-08 -3.0801e-09 -5.8698e-10 -7.8440e-11 -6.8291e-12 -3.5412e-13 -9.8015e-15 -1.2660e-16 -6.4694e-19 -1.0670e-21 -4.4147e-25 -3.3522e-29 -3.1643e-34 -2.2812e-40 -6.8116e-48 -3.8933e-57 -1.6016e-68 -1.3643e-82 -4.8832e-100 -9.4225e-122 -6.8620e-149 -5.8967e-183 -6.3433e-226 -2.1037e-280 -0.0000e+00 -0.0000e+00 -0.0000e+00 -0.0000e+00 -0.0000e+00 -0.0000e+00 -0.0000e+00 -0.0000e+00 -0.0000e+00 -0.0000e+00 -0.0000e+00 -0.0000e+00 -0.0000e+00 -0.0000e+00 -0.0000e+00 -0.0000e+00 -0.0000e+00 -0.0000e+00 -0.0000e+00 -0.0000e+00 -0.0000e+00 -0.0000e+00 -0.0000e+00 -0.0000e+00 -0.0000e+00 -0.0000e+00 -0.0000e+00 -0.0000e+00 -0.0000e+00 -0.0000e+00 -0.0000e+00
-5.7785e-10 -3.2720e-09 -9.0310e-09 -1.8581e-08 -3.2554e-08 -5.1534e-08 -7.6083e-08 -1.0675e-07 -1.4408e-07 5.0015e-06 -2.4100e-07 -3.0173e-07 -3.7143e-07 -4.5070e-07 -5.4013e-07 -6.4031e-07 -7.5177e-07 -8.7496e-07 -1.0102e-06 -1.1577e-06 -1.3173e-06 -1.4885e-06 -1.6703e-06 -1.8609e-06 -2.0579e-06 -2.2574e-06 -2.4545e-06 -2.6426e-06 -2.8135e-06 -2.9571e-06 -3.0620e-06 -3.1158e-06 -3.1063e-06 -3.0226e-06 -2.8581e-06 -2.6119e-06 -2.2921e-06 -1.9166e-06 -1.5128e-06 -1.1146e-06 -7.5634e-07 -4.6511e-07 -2.5421e-07 -1.2064e-07 -4.8329e-08 -1.5796e-08 -4.0429e-09 -7.7088e-10 -1.0308e-10 -8.9811e-12 -4.6614e-13 -1.2916e-14 -1.6705e-16 -8.5501e-19 -1.4128e-21 -5.8595e-25 -4.4620e-29 -4.2264e-34 -3.0597e-40 -9.1829e-48 -5.2815e-57 -2.1893e-68 -1.8824e-82 -6.8154e-100 -1.3337e-121 -9.8832e-149 -8.6767e-183 -9.5838e-226 -3.2838e-280 -0.0000e+00 -0.0000e+00 -0.0000e+00 -0.0000e+00 -0.0000e+00 -0.0000e+00 -0.0000e+00 -0.0000e+00 -0.0000e+00 -0.0000e+00 -0.0000e+00 -0.0000e+00 -0.0000e+00 -0.0000e+00 -0.0000e+00 -0.0000e+00 -0.0000e+00 -0.0000e+00 -0.0000e+00 -0.0000e+00 -0.0000e+00 -0.0000e+00 -0.0000e+00 -0.0000e+00 -0.0000e+00 -0.0000e+00 -0.0000e+00 -0.0000e+00 -0.0000e+00 -0.0000e+00 -0.0000e+00 -5.7785e-10 -3.2720e-09 -9.0310e-09 -1.8581e-08 -3.2554e-08 -5.1534e-08 -7.6083e-08 -1.0675e-07 -1.4408e-07 0.0000e+00 -2.4100e-07 -3.0173e-07 -3.7143e-07 -4.5070e-07 -5.4013e-07 -6.4031e-07 -7.5176e-07 -8.7496e-07 -1.0102e-06 -1.1577e-06 -1.3173e-06 -1.4885e-06 -1.6703e-06 -1.8609e-06 -2.0578e-06 -2.2574e-06 -2.4544e-06 -2.6425e-06 -2.8133e-06 -2.9569e-06 -3.0618e-06 -3.1155e-06 -3.1059e-06 -3.0222e-06 -2.8575e-06 -2.6113e-06 -2.2915e-06 -1.9159e-06 -1.5121e-06 -1.1140e-06 -7.5585e-07 -4.6474e-07 -2.5397e-07 -1.2050e-07 -4.8260e-08 -1.5769e-08 -4.0346e-09 -7.6897e-10 -1.0277e-10 -8.9488e-12 -4.6412e-13 -1.2849e-14 -1.6600e-16 -8.4855e-19 -1.4000e-21 -5.7952e-25 -4.4029e-29 -4.1589e-34 -3.0007e-40 -8.9688e-48 -5.1326e-57 -2.1146e-68 -1.8046e-82 -6.4739e-100 -1.2527e-121 -9.1554e-149 -7.9023e-183 -8.5479e-226 -2.8547e-280 -0.0000e+00 -0.0000e+00 -0.0000e+00 -0.0000e+00 -0.0000e+00 -0.0000e+00 -0.0000e+00 -0.0000e+00 -0.0000e+00 -0.0000e+00 -0.0000e+00 -0.0000e+00 -0.0000e+00 -0.0000e+00 -0.0000e+00 -0.0000e+00 -0.0000e+00 -0.0000e+00 -0.0000e+00 -0.0000e+00 -0.0000e+00 -0.0000e+00 -0.0000e+00 -0.0000e+00 -0.0000e+00 -0.0000e+00 -0.0000e+00 -0.0000e+00 -0.0000e+00 -0.0000e+00 -0.0000e+00
-7.3822e-10 -4.1800e-09 -1.1537e-08 -2.3738e-08 -4.1589e-08 -6.5837e-08 -9.7198e-08 -1.3638e-07 -1.8407e-07 -2.4100e-07 8.9520e-06 -3.8547e-07 -4.7452e-07 -5.7579e-07 -6.9004e-07 -8.1802e-07 -9.6041e-07 -1.1178e-06 -1.2906e-06 -1.4790e-06 -1.6829e-06 -1.9017e-06 -2.1339e-06 -2.3775e-06 -2.6291e-06 -2.8840e-06 -3.1359e-06 -3.3762e-06 -3.5945e-06 -3.7781e-06 -3.9122e-06 -3.9811e-06 -3.9690e-06 -3.8623e-06 -3.6522e-06 -3.3378e-06 -2.9293e-06 -2.4496e-06 -1.9336e-06 -1.4249e-06 -9.6700e-07 -5.9476e-07 -3.2514e-07 -1.5434e-07 -6.1845e-08 -2.0221e-08 -5.1775e-09 -9.8772e-10 -1.3215e-10 -1.1523e-11 -5.9857e-13 -1.6603e-14 -2.1501e-16 -1.1021e-18 -1.8245e-21 -7.5835e-25 -5.7902e-29 -5.5023e-34 -3.9990e-40 -1.2059e-47 -6.9756e-57 -2.9118e-68 -2.5249e-82 -9.2358e-100 -1.8301e-121 -1.3767e-148 -1.2309e-182 -1.3897e-225 -4.8890e-280 -0.0000e+00 -0.0000e+00 -0.0000e+00 -0.0000e+00 -0.0000e+00 -0.0000e+00 -0.0000e+00 -0.0000e+00 -0.0000e+00 -0.0000e+00 -0.0000e+00 -0.0000e+00 -0.0000e+00 -0.0000e+00 -0.0000e+00 -0.0000e+00 -0.0000e+00 -0.0000e+00 -0.0000e+00 -0.0000e+00 -0.0000e+00 -0.0000e+00 -0.0000e+00 -0.0000e+00 -0.0000e+00 -0.0000e+00 -0.0000e+00 -0.0000e+00 -0.0000e+00 -0.0000e+00 -0.0000e+00 -7.3822e-10 -4.1800e-09 -1.1537e-08 -2.3738e-08 -4.1589e-08 -6.5837e-08 -9.7198e-08 -1.3638e-07 -1.8407e-07 -2.4100e-07 0.0000e+00 -3.8547e-07 -4.7452e-07 -5.7579e-07 -6.9004e-07 -8.1802e-07 -9.6041e-07 -1.1178e-06 -1.2906e-06 -1.4790e-06 -1.6829e-06 -1.9016e-06 -2.1339e-06 -2.3774e-06 -2.6290e-06 -2.8839e-06 -3.1357e-06 -3.3760e-06 -3.5942e-06 -3.7776e-06 -3.9116e-06 -3.9803e-06 -3.9681e-06 -3.8612e-06 -3.6509e-06 -3.3364e-06 -2.9278e-06 -2.4480e-06 -1.9321e-06 -1.4235e-06 -9.6587e-07 -5.9391e-07 -3.2458e-07 -1.5401e-07 -6.1689e-08 -2.0160e-08 -5.1585e-09 -9.8335e-10 -1.3145e-10 -1.1449e-11 -5.9395e-13 -1.6449e-14 -2.1260e-16 -1.0873e-18 -1.7950e-21 -7.4361e-25 -5.6547e-29 -5.3473e-34 -3.8633e-40 -1.1566e-47 -6.6325e-57 -2.7393e-68 -2.3450e-82 -8.4442e-100 -1.6416e-121 -1.2067e-148 -1.0491e-182 -1.1451e-225 -3.8679e-280 -0.0000e+00 -0.0000e+00 -0.0000e+00 -0.0000e+00 -0.0000e+00 -0.0000e+00 -0.0000e+00 -0.0000e+00 -0.0000e+00 -0.0000e+00 -0.0000e+00 -0.0000e+00 -0.0000e+00 -0.0000e+00 -0.0000e+00 -0.0000e+00 -0.0000e+00 -0.0000e+00 -0.0000e+00 -0.0000e+00 -0.0000e+00 -0.0000e+00 -0.0000e+00 -0.0000e+00 -0.0000e+00 -0.0000e+00 -0.0000e+00 -0.0000e+00 -0.0000e+00 -0.0000e+00 -0.0000e+00
-9.2425e-10 -5.2334e-09 -1.4445e-08 -2.9720e-08 -5.2069e-08 -8.2428e-08 -1.2169e-07 -1.7074e-07 -2.3046e-07 -3.0173e-07 -3.8547e-07 1.5260e-05 -5.9410e-07 -7.2088e-07 -8.6393e-07 -1.0242e-06 -1.2024e-06 -1.3995e-06 -1.6158e-06 -1.8518e-06 -2.1071e-06 -2.3809e-06 -2.6717e-06 -2.9767e-06 -3.2917e-06 -3.6109e-06 -3.9263e-06 -4.2273e-06 -4.5008e-06 -4.7307e-06 -4.8988e-06 -4.9853e-06 -4.9703e-06 -4.8370e-06 -4.5742e-06 -4.1808e-06 -3.6695e-06 -3.0689e-06 -2.4229e-06 -1.7857e-06 -1.2122e-06 -7.4575e-07 -4.0782e-07 -1.9366e-07 -7.7636e-08 -2.5398e-08 -6.5075e-09 -1.2424e-09 -1.6639e-10 -1.4524e-11 -7.5554e-13 -2.0992e-14 -2.7238e-16 -1.3996e-18 -2.3236e-21 -9.6914e-25 -7.4305e-29 -7.0966e-34 -5.1889e-40 -1.5761e-47 -9.1973e-57 -3.8798e-68 -3.4071e-82 -1.2652e-99 -2.5528e-121 -1.9621e-148 -1.7995e-182 -2.0936e-225 -7.6281e-280 -0.0000e+00 -0.0000e+00 -0.0000e+00 -0.0000e+00 -0.0000e+00 -0.0000e+00 -0.0000e+00 -0.0000e+00 -0.0000e+00 -0.0000e+00 -0.0000e+00 -0.0000e+00 -0.0000e+00 -0.0000e+00 -0.0000e+00 -0.0000e+00 -0.0000e+00 -0.0000e+00 -0.0000e+00 -0.0000e+00 -0.0000e+00 -0.0000e+00 -0.0000e+00 -0.0000e+00 -0.0000e+00 -0.0000e+00 -0.0000e+00 -0.0000e+00 -0.0000e+00 -0.0000e+00 -0.0000e+00 -9.2425e-10 -5.2334e-09 -1.4445e-08 -2.9720e-08 -5.2069e-08 -8.2428e-08 -1.2169e-07 -1.7074e-07 -2.3046e-07 -3.0173e-07 -3.8547e-07 0.0000e+00 -5.9410e-07 -7.2088e-07 -8.6393e-07 -1.0242e-06 -1.2024e-06 -1.3995e-06 -1.6158e-06 -1.8517e-06 -2.1070e-06 -2.3808e-06 -2.6716e-06 -2.9765e-06 -3.2915e-06 -3.6107e-06 -3.9259e-06 -4.2268e-06 -4.5001e-06 -4.7298e-06 -4.8976e-06 -4.9837e-06 -4.9684e-06 -4.8347e-06 -4.5715e-06 -4.1778e-06 -3.6662e-06 -3.0656e-06 -2.4197e-06 -1.7828e-06 -1.2098e-06 -7.4395e-07 -4.0662e-07 -1.9297e-07 -7.7303e-08 -2.5267e-08 -6.4669e-09 -1.2331e-09 -1.6489e-10 -1.4366e-11 -7.4566e-13 -2.0662e-14 -2.6724e-16 -1.3679e-18 -2.2604e-21 -9.3751e-25 -7.1396e-29 -6.7634e-34 -4.8970e-40 -1.4699e-47 -8.4561e-57 -3.5063e-68 -3.0160e-82 -1.0925e-99 -2.1396e-121 -1.5871e-148 -1.3953e-182 -1.5444e-225 -5.3075e-280 -0.0000e+00 -0.0000e+00 -0.0000e+00 -0.0000e+00 -0.0000e+00 -0.0000e+00 -0.0000e+00 -0.0000e+00 -0.0000e+00 -0.0000e+00 -0.0000e+00 -0.0000e+00 -0.0000e+00 -0.0000e+00 -0.0000e+00 -0.0000e+00 -0.0000e+00 -0.0000e+00 -0.0000e+00 -0.0000e+00 -0.0000e+00 -0.0000e+00 -0.0000e+00 -0.0000e+00 -0.0000e+00 -0.0000e+00 -0.0000e+00 -0.0000e+00 -0.0000e+00 -0.0000e+00 -0.0000e+00
-1.1378e-09 -6.4423e-09 -1.7782e-08 -3.6585e-08 -6.4097e-08 -1.0147e-07 -1.4980e-07 -2.1018e-07 -2.8369e-07 -3.7143e-07 -4.7452e-07 -5.9410e-07 2.4973e-05 -8.8741e-07 -1.0635e-06 -1.2607e-06 -1.4802e-06 -1.7228e-06 -1.9891e-06 -2.2796e-06 -2.5938e-06 -2.9310e-06 -3.2889e-06 -3.6644e-06 -4.0523e-06 -4.4454e-06 -4.8337e-06 -5.2045e-06 -5.5413e-06 -5.8246e-06 -6.0319e-06 -6.1387e-06 -6.1207e-06 -5.9571e-06 -5.6340e-06 -5.1502e-06 -4.5211e-06 -3.7818e-06 -2.9865e-06 -2.2017e-06 -1.4950e-06 -9.2015e-07 -5.0343e-07 -2.3920e-07 -9.5962e-08 -3.1420e-08 -8.0585e-09 -1.5404e-09 -2.0660e-10 -1.8066e-11 -9.4173e-13 -2.6231e-14 -3.4139e-16 -1.7605e-18 -2.9354e-21 -1.2307e-24 -9.4945e-29 -9.1352e-34 -6.7388e-40 -2.0686e-47 -1.2224e-56 -5.2340e-68 -4.6780e-82 -1.7737e-99 -3.6667e-121 -2.8993e-148 -2.7477e-182 -3.3197e-225 -1.2629e-279 -0.0000e+00 -0.0000e+00 -0.0000e+00 -0.0000e+00 -0.0000e+00 -0.0000e+00 -0.0000e+00 -0.0000e+00 -0.0000e+00 -0.0000e+00 -0.0000e+00 -0.0000e+00 -0.0000e+00 -0.0000e+00 -0.0000e+00 -0.0000e+00 -0.0000e+00 -0.0000e+00 -0.0000e+00 -0.0000e+00 -0.0000e+00 -0.0000e+00 -0.0000e+00 -0.0000e+00 -0.0000e+00 -0.0000e+00 -0.0000e+00 -0.0000e+00 -0.0000e+00 -0.0000e+00 -0.0000e+00 -1.1378e-09 -6.4423e-09 -1.7782e-08 -3.6585e-08 -6.4097e-08 -1.0147e-07 -1.4980e-07 -2.1018e-07 -2.8369e-07 -3.7143e-07 -4.7452e-07 -5.9410e-07 0.0000e+00 -8.8741e-07 -1.0635e-06 -1.2607e-06 -1.4802e-06 -1.7228e-06 -1.9891e-06 -2.2795e-06 -2.5938e-06 -2.9308e-06 -3.2888e-06 -3.6642e-06 -4.0520e-06 -4.4449e-06 -4.8330e-06 -5.2034e-06 -5.5399e-06 -5.8227e-06 -6.0294e-06 -6.1355e-06 -6.1169e-06 -5.9524e-06 -5.6285e-06 -5.1440e-06 -4.5144e-06 -3.7750e-06 -2.9799e-06 -2.1958e-06 -1.4902e-06 -9.1651e-07 -5.0102e-07 -2.3781e-07 -9.5291e-08 -3.1155e-08 -7.9766e-09 -1.5216e-09 -2.0357e-10 -1.7747e-11 -9.2178e-13 -2.5564e-14 -3.3099e-16 -1.6963e-18 -2.8074e-21 -1.1665e-24 -8.9034e-29 -8.4570e-34 -6.1432e-40 -1.8514e-47 -1.0703e-56 -4.4642e-68 -3.8680e-82 -1.4137e-99 -2.7991e-121 -2.1044e-148 -1.8811e-182 -2.1248e-225 -7.4874e-280 -0.0000e+00 -0.0000e+00 -0.0000e+00 -0.0000e+00 -0.0000e+00 -0.0000e+00 -0.0000e+00 -0.0000e+00 -0.0000e+00 -0.0000e+00 -0.0000e+00 -0.0000e+00 -0.0000e+00 -0.0000e+00 -0.0000e+00 -0.0000e+00 -0.0000e+00 -0.0000e+00 -0.0000e+00 -0.0000e+00 -0.0000e+00 -0.0000e+00 -0.0000e+00 -0.0000e+00 -0.0000e+00 -0.0000e+00 -0.0000e+00 -0.0000e+00 -0.0000e+00 -0.0000e+00 -0.0000e+00
-1.3806e-09 -7.8172e-09 -2.1576e-08 -4.4392e-08 -7.7776e-08 -1.2312e-07 -1.8177e-07 -2.5504e-07 -3.4424e-07 -4.5070e-07 -5.7579e-07 -7.2088e-07 -8.8741e-07 3.9480e-05 -1.2905e-06 -1.5298e-06 -1.7961e-06 -2.0905e-06 -2.4137e-06 -2.7661e-06 -3.1475e-06 -3.5566e-06 -3.9910e-06 -4.4467e-06 -4.9176e-06 -5.3947e-06 -5.8661e-06 -6.3163e-06 -6.7254e-06 -7.0696e-06 -7.3217e-06 -7.4520e-06 -7.4311e-06 -7.2333e-06 -6.8422e-06 -6.2558e-06 -5.4930e-06 -4.5962e-06 -3.6308e-06 -2.6778e-06 -1.8193e-06 -1.1204e-06 -6.1342e-07 -2.9172e-07 -1.1715e-07 -3.8407e-08 -9.8653e-09 -1.8892e-09 -2.5392e-10 -2.2261e-11 -1.1640e-12 -3.2540e-14 -4.2537e-16 -2.2050e-18 -3.6997e-21 -1.5626e-24 -1.2162e-28 -1.1824e-33 -8.8304e-40 -2.7503e-47 -1.6531e-56 -7.2201e-68 -6.6038e-82 -2.5714e-99 -5.4808e-121 -4.4874e-148 -4.4241e-182 -5.5887e-225 -2.2352e-279 -0.0000e+00 -0.0000e+00 -0.0000e+00 -0.0000e+00 -0.0000e+00 -0.0000e+00 -0.0000e+00 -0.0000e+00 -0.0000e+00 -0.0000e+00 -0.0000e+00 -0.0000e+00 -0.0000e+00 -0.0000e+00 -0.0000e+00 -0.0000e+00 -0.0000e+00 -0.0000e+00 -0.0000e+00 -0.0000e+00 -0.0000e+00 -0.0000e+00 -0.0000e+00 -0.0000e+00 -0.0000e+00 -0.0000e+00 -0.0000e+00 -0.0000e+00 -0.0000e+00 -0.0000e+00 -0.0000e+00 -1.3806e-09 -7.8172e-09 -2.1576e-08 -4.4392e-08 -7.7776e-08 -1.2312e-07 -1.8177e-07 -2.5504e-07 -3.4424e-07 -4.5070e-07 -5.7579e-07 -7.2088e-07 -8.8741e-07 0.0000e+00 -1.2905e-06 -1.5298e-06 -1.7961e-06 -2.0904e-06 -2.4136e-06 -2.7660e-06 -3.1473e-06 -3.5564e-06 -3.9907e-06 -4.4462e-06 -4.9168e-06 -5.3936e-06 -5.8647e-06 -6.3142e-06 -6.7226e-06 -7.0660e-06 -7.3170e-06 -7.4461e-06 -7.4236e-06 -7.2243e-06 -6.8317e-06 -6.2440e-06 -5.4802e-06 -4.5831e-06 -3.6182e-06 -2.6665e-06 -1.8099e-06 -1.1134e-06 -6.0879e-07 -2.8905e-07 -1.1586e-07 -3.7898e-08 -9.7078e-09 -1.8529e-09 -2.4808e-10 -2.1647e-11 -1.1255e-12 -3.1255e-14 -4.0530e-16 -2.0810e-18 -3.4518e-21 -1.4382e-24 -1.1013e-28 -1.0503e-33 -7.6662e-40 -2.3240e-47 -1.3530e-56 -5.6929e-68 -4.9849e-82 -1.8455e-99 -3.7118e-121 -2.8444e-148 -2.6024e-182 -3.0241e-225 -1.1029e-279 -0.0000e+00 -0.0000e+00 -0.0000e+00 -0.0000e+00 -0.0000e+00 -0.0000e+00 -0.0000e+00 -0.0000e+00 -0.0000e+00 -0.0000e+00 -0.0000e+00 -0.0000e+00 -0.0000e+00 -0.0000e+00 -0.0000e+00 -0.0000e+00 -0.0000e+00 -0.0000e+00 -0.0000e+00 -0.0000e+00 -0.0000e+00 -0.0000e+00 -0.0000e+00 -0.0000e+00 -0.0000e+00 -0.0000e+00 -0.0000e+00 -0.0000e+00 -0.0000e+00 -0.0000e+00 -0.0000e+00
-1.6545e-09 -9.3684e-09 -2.5858e-08 -5.3201e-08 -9.3209e-08 -1.4756e-07 -2.1784e-07 -3.0565e-07 -4.1255e-07 -5.4013e-07 -6.9004e-07 -8.6393e-07 -1.0635e-06 -1.2905e-06 6.0589e-05 -1.8334e-06 -2.1525e-06 -2.5053e-06 -2.8927e-06 -3.3151e-06 -3.7722e-06 -4.2626e-06 -4.7833e-06 -5.3296e-06 -5.8940e-06 -6.4661e-06 -7.0315e-06 -7.5715e-06 -8.0625e-06 -8.4759e-06 -8.7791e-06 -8.9365e-06 -8.9128e-06 -8.6773e-06 -8.2100e-06 -7.5086e-06 -6.5952e-06 -5.5208e-06 -4.3634e-06 -3.2201e-06 -2.1893e-06 -1.3494e-06 -7.3961e-07 -3.5217e-07 -1.4165e-07 -4.6520e-08 -1.1975e-08 -2.2991e-09 -3.0998e-10 -2.7275e-11 -1.4324e-12 -4.0251e-14 -5.2941e-16 -2.7645e-18 -4.6784e-21 -1.9962e-24 -1.5722e-28 -1.5501e-33 -1.1766e-39 -3.7345e-47 -2.2940e-56 -1.0273e-67 -9.6668e-82 -3.8873e-99 -8.5914e-121 -7.3258e-148 -7.5576e-182 -1.0042e-224 -4.2499e-279 -0.0000e+00 -0.0000e+00 -0.0000e+00 -0.0000e+00 -0.0000e+00 -0.0000e+00 -0.0000e+00 -0.0000e+00 -0.0000e+00 -0.0000e+00 -0.0000e+00 -0.0000e+00 -0.0000e+00 -0.0000e+00 -0.0000e+00 -0.0000e+00 -0.0000e+00 -0.0000e+00 -0.0000e+00 -0.0000e+00 -0.0000e+00 -0.0000e+00 -0.0000e+00 -0.0000e+00 -0.0000e+00 -0.0000e+00 -0.0000e+00 -0.0000e+00 -0.0000e+00 -0.0000e+00 -0.0000e+00 -1.6545e-09 -9.3684e-09 -2.5858e-08 -5.3201e-08 -9.3209e-08 -1.4756e-07 -2.1784e-07 -3.0565e-07 -4.1255e-07 -5.4013e-07 -6.9004e-07 -8.6393e-07 -1.0635e-06 -1.2905e-06 0.0000e+00 -1.8334e-06 -2.1525e-06 -2.5052e-06 -2.8926e-06 -3.3149e-06 -3.7719e-06 -4.2621e-06 -4.7827e-06 -5.3287e-06 -5.8927e-06 -6.4642e-06 -7.0289e-06 -7.5678e-06 -8.0575e-06 -8.4693e-06 -8.7705e-06 -8.9255e-06 -8.8991e-06 -8.6608e-06 -8.1906e-06 -7.4868e-06 -6.5718e-06 -5.4967e-06 -4.3402e-06 -3.1992e-06 -2.1721e-06 -1.3366e-06 -7.3108e-07 -3.4726e-07 -1.3927e-07 -4.5581e-08 -1.1685e-08 -2.2323e-09 -2.9918e-10 -2.6140e-11 -1.3612e-12 -3.7871e-14 -4.9218e-16 -2.5339e-18 -4.2167e-21 -1.7638e-24 -1.3570e-28 -1.3015e-33 -9.5656e-40 -2.9240e-47 -1.7196e-56 -7.3239e-68 -6.5084e-82 -2.4529e-99 -5.0407e-121 -3.9644e-148 -3.7423e-182 -4.5150e-225 -1.7223e-279 -0.0000e+00 -0.0000e+00 -0.0000e+00 -0.0000e+00 -0.0000e+00 -0.0000e+00 -0.0000e+00 -0.0000e+00 -0.0000e+00 -0.0000e+00 -0.0000e+00 -0.0000e+00 -0.0000e+00 -0.0000e+00 -0.0000e+00 -0.0000e+00 -0.0000e+00 -0.0000e+00 -0.0000e+00 -0.0000e+00 -0.0000e+00 -0.0000e+00 -0.0000e+00 -0.0000e+00 -0.0000e+00 -0.0000e+00 -0.0000e+00 -0.0000e+00 -0.0000e+00 -0.0000e+00 -0.0000e+00
-1.9614e-09 -1.1106e-08 -3.0654e-08 -6.3068e-08 -1.1050e-07 -1.7492e-07 -2.5824e-07 -3.6233e-07 -4.8906e-07 -6.4031e-07 -8.1802e-07 -1.0242e-06 -1.2607e-06 -1.5298e-06 -1.8334e-06 9.0627e-05 -2.5518e-06 -2.9700e-06 -3.4293e-06 -3.9301e-06 -4.4720e-06 -5.0535e-06 -5.6710e-06 -6.3189e-06 -6.9884e-06 -7.6671e-06 -8.3380e-06 -8.9790e-06 -9.5622e-06 -1.0054e-05 -1.0415e-05 -1.0604e-05 -1.0578e-05 -1.0301e-05 -9.7497e-06 -8.9204e-06 -7.8392e-06 -6.5659e-06 -5.1932e-06 -3.8357e-06 -2.6105e-06 -1.6111e-06 -8.8433e-07 -4.2183e-07 -1.7002e-07 -5.5982e-08 -1.4454e-08 -2.7851e-09 -3.7710e-10 -3.3350e-11 -1.7619e-12 -4.9864e-14 -6.6132e-16 -3.4872e-18 -5.9694e-21 -2.5812e-24 -2.0647e-28 -2.0722e-33 -1.6055e-39 -5.2158e-47 -3.2898e-56 -1.5177e-67 -1.4766e-81 -6.1624e-99 -1.4193e-120 -1.2670e-147 -1.3752e-181 -1.9339e-224 -8.7205e-279 -0.0000e+00 -0.0000e+00 -0.0000e+00 -0.0000e+00 -0.0000e+00 -0.0000e+00 -0.0000e+00 -0.0000e+00 -0.0000e+00 -0.0000e+00 -0.0000e+00 -0.0000e+00 -0.0000e+00 -0.0000e+00 -0.0000e+00 -0.0000e+00 -0.0000e+00 -0.0000e+00 -0.0000e+00 -0.0000e+00 -0.0000e+00 -0.0000e+00 -0.0000e+00 -0.0000e+00 -0.0000e+00 -0.0000e+00 -0.0000e+00 -0.0000e+00 -0.0000e+00 -0.0000e+00 -0.0000e+00 -1.9614e-09 -1.1106e-08 -3.0654e-08 -6.3068e-08 -1.1050e-07 -1.7492e-07 -2.5824e-07 -3.6233e-07 -4.8906e-07 -6.4031e-07 -8.1802e-07 -1.0242e-06 -1.2607e-06 -1.5298e-06 -1.8334e-06 0.0000e+00 -2.5517e-06 -2.9699e-06 -3.4291e-06 -3.9297e-06 -4.4715e-06 -5.0527e-06 -5.6699e-06 -6.3172e-06 -6.9860e-06 -7.6637e-06 -8.3333e-06 -8.9725e-06 -9.5533e-06 -1.0042e-05 -1.0400e-05 -1.0584e-05 -1.0554e-05 -1.0272e-05 -9.7154e-06 -8.8817e-06 -7.7975e-06 -6.5232e-06 -5.1520e-06 -3.7987e-06 -2.5800e-06 -1.5882e-06 -8.6918e-07 -4.1311e-07 -1.6580e-07 -5.4311e-08 -1.3937e-08 -2.6660e-09 -3.5785e-10 -3.1322e-11 -1.6347e-12 -4.5598e-14 -5.9448e-16 -3.0721e-18 -5.1357e-21 -2.1599e-24 -1.6728e-28 -1.6171e-33 -1.1999e-39 -3.7101e-47 -2.2122e-56 -9.5791e-68 -8.6831e-82 -3.3512e-99 -7.0852e-121 -5.7643e-148 -5.6645e-182 -7.1674e-225 -2.8922e-279 -0.0000e+00 -0.0000e+00 -0.0000e+00 -0.0000e+00 -0.0000e+00 -0.0000e+00 -0.0000e+00 -0.0000e+00 -0.0000e+00 -0.0000e+00 -0.0000e+00 -0.0000e+00 -0.0000e+00 -0.0000e+00 -0.0000e+00 -0.0000e+00 -0.0000e+00 -0.0000e+00 -0.0000e+00 -0.0000e+00 -0.0000e+00 -0.0000e+00 -0.0000e+00 -0.0000e+00 -0.0000e+00 -0.0000e+00 -0.0000e+00 -0.0000e+00 -0.0000e+00 -0.0000e+00 -0.0000e+00
