2.9436e-08 -6.2128e-09 -1.1427e-08 -1.7621e-08 -2.4673e-08 -3.2503e-08 -4.1055e-08 -5.0278e-08 -6.0131e-08 -7.0568e-08 -8.1540e-08 -9.2989e-08 -1.0485e-07 -1.1703e-07 -1.2944e-07 -1.4194e-07 -1.5439e-07 -1.6662e-07 -1.7842e-07 -1.8956e-07 -1.9977e-07 -2.0878e-07 -2.1627e-07 -2.2193e-07 -2.2546e-07 -2.2655e-07 -2.2495e-07 -2.2047e-07 -2.1301e-07 -2.0258e-07 -1.8932e-07 -1.7353e-07 -1.5568e-07 -1.3635e-07 -1.1628e-07 -9.6245e-08 -7.7052e-08 -5.9427e-08 -4.3957e-08 -3.1024e-08 -2.0773e-08 -1.3109e-08 -7.7390e-09 -4.2379e-09 -2.1319e-09 -9.7441e-10 -3.9955e-10 -1.4487e-10 -4.5677e-11 -1.2287e-11 -2.7577e-12 -5.0344e-13 -7.2566e-14 -7.9784e-15 -6.4272e-16 -3.6193e-17 -1.3483e-18 -3.1137e-20 -4.1292e-22 -2.8717e-24 -9.4021e-27 -1.2741e-29 -6.1245e-33 -8.6722e-37 -2.8895e-41 -1.7244e-46 -1.3207e-52 -8.6220e-60 -2.8943e-68 -2.6660e-78 -3.0727e-90 -1.6480e-104 -1.1727e-121 -2.2252e-142 -1.4208e-167 -2.0637e-198 -1.9743e-236 -1.1238e-283 0.0000e+00 0.0000e+00 0.0000e+00 0.0000e+00 0.0000e+00 0.0000e+00 0.0000e+00 0.0000e+00 0.0000e+00 0.0000e+00 0.0000e+00 0.0000e+00 0.0000e+00 0.0000e+00 0.0000e+00 0.0000e+00 0.0000e+00 0.0000e+00 0.0000e+00 0.0000e+00 0.0000e+00 0.0000e+00 0.0000e+00 6.2128e-09 1.1427e-08 1.7621e-08 2.4673e-08 3.2503e-08 4.1055e-08 5.0278e-08 6.0131e-08 7.0568e-08 8.1540e-08 9.2989e-08 1.0485e-07 1.1703e-07 1.2944e-07 1.4194e-07 1.5439e-07 1.6662e-07 1.7842e-07 1.8956e-07 1.9977e-07 2.0878e-07 2.1627e-07 2.2193e-07 2.2546e-07 2.2655e-07 2.2495e-07 2.2047e-07 2.1301e-07 2.0258e-07 1.8932e-07 1.7353e-07 1.5568e-07 1.3635e-07 1.1628e-07 9.6244e-08 7.7051e-08 5.9427e-08 4.3957e-08 3.1024e-08 2.0773e-08 1.3109e-08 7.7390e-09 4.2379e-09 2.1319e-09 9.7440e-10 3.9955e-10 1.4487e-10 4.5677e-11 1.2286e-11 2.7577e-12 5.0343e-13 7.2564e-14 7.9781e-15 6.4270e-16 3.6192e-17 1.3482e-18 3.1135e-20 4.1290e-22 2.8715e-24 9.4015e-27 1.2740e-29 6.1240e-33 8.6713e-37 2.8892e-41 1.7242e-46 1.3205e-52 8.6205e-60 2.8936e-68 2.6654e-78 3.0718e-90 1.6474e-104 1.1723e-121 2.2242e-142 1.4201e-167 2.0624e-198 1.9728e-236 1.1228e-283 0.0000e+00 0.0000e+00 0.0000e+00 0.0000e+00 0.0000e+00 0.0000e+00 0.0000e+00 0.0000e+00 0.0000e+00 0.0000e+00 0.0000e+00 0.0000e+00 0.0000e+00 0.0000e+00 0.0000e+00 0.0000e+00 0.0000e+00 0.0000e+00 0.0000e+00 0.0000e+00 0.0000e+00 0.0000e+00
-6.2128e-09 4.7144e-07 -3.2344e-08 -4.9874e-08 -6.9834e-08 -9.1999e-08 -1.1620e-07 -1.4231e-07 -1.7020e-07 -1.9974e-07 -2.3079e-07 -2.6320e-07 -2.9677e-07 -3.3125e-07 -3.6637e-07 -4.0176e-07 -4.3701e-07 -4.7162e-07 -5.0501e-07 -5.3654e-07 -5.6545e-07 -5.9094e-07 -6.1214e-07 -6.2818e-07 -6.3815e-07 -6.4124e-07 -6.3671e-07 -6.2404e-07 -6.0293e-07 -5.7340e-07 -5.3587e-07 -4.9119e-07 -4.4065e-07 -3.8595e-07 -3.2913e-07 -2.7243e-07 -2.1810e-07 -1.6821e-07 -1.2443e-07 -8.7819e-08 -5.8802e-08 -3.7108e-08 -2.1907e-08 -1.1997e-08 -6.0351e-09 -2.7585e-09 -1.1311e-09 -4.1012e-10 -1.2932e-10 -3.4785e-11 -7.8079e-12 -1.4254e-12 -2.0547e-13 -2.2592e-14 -1.8201e-15 -1.0250e-16 -3.8185e-18 -8.8193e-20 -1.1697e-21 -8.1355e-24 -2.6640e-26 -3.6106e-29 -1.7359e-32 -2.4584e-36 -8.1932e-41 -4.8908e-46 -3.7470e-52 -2.4471e-59 -8.2179e-68 -7.5737e-78 -8.7341e-90 -4.6878e-104 -3.3389e-121 -6.3418e-142 -4.0546e-167 -5.8983e-198 -5.6536e-236 -3.2258e-283 0.0000e+00 0.0000e+00 0.0000e+00 0.0000e+00 0.0000e+00 0.0000e+00 0.0000e+00 0.0000e+00 0.0000e+00 0.0000e+00 0.0000e+00 0.0000e+00 0.0000e+00 0.0000e+00 0.0000e+00 0.0000e+00 0.0000e+00 0.0000e+00 0.0000e+00 0.0000e+00 0.0000e+00 0.0000e+00 6.2128e-09 0.0000e+00 3.2344e-08 4.9874e-08 6.9834e-08 9.1999e-08 1.1620e-07 1.4231e-07 1.7020e-07 1.9974e-07 2.3079e-07 2.6320e-07 2.9677e-07 3.3125e-07 3.6636e-07 4.0176e-07 4.3701e-07 4.7162e-07 5.0501e-07 5.3653e-07 5.6544e-07 5.9093e-07 6.1214e-07 6.2817e-07 6.3814e-07 6.4123e-07 6.3671e-07 6.2403e-07 6.0292e-07 5.7339e-07 5.3586e-07 4.9118e-07 4.4064e-07 3.8593e-07 3.2912e-07 2.7241e-07 2.1809e-07 1.6820e-07 1.2442e-07 8.7812e-08 5.8797e-08 3.7105e-08 2.1905e-08 1.1995e-08 6.0342e-09 2.7580e-09 1.1309e-09 4.1004e-10 1.2929e-10 3.4776e-11 7.8055e-12 1.4249e-12 2.0539e-13 2.2582e-14 1.8191e-15 1.0244e-16 3.8160e-18 8.8127e-20 1.1687e-21 8.1276e-24 2.6610e-26 3.6061e-29 1.7334e-32 2.4544e-36 8.1777e-41 4.8801e-46 3.7376e-52 2.4400e-59 8.1903e-68 7.5442e-78 8.6945e-90 4.6629e-104 3.3181e-121 6.2954e-142 4.0194e-167 5.8375e-198 5.5839e-236 3.1780e-283 0.0000e+00 0.0000e+00 0.0000e+00 0.0000e+00 0.0000e+00 0.0000e+00 0.0000e+00 0.0000e+00 0.0000e+00 0.0000e+00 0.0000e+00 0.0000e+00 0.0000e+00 0.0000e+00 0.0000e+00 0.0000e+00 0.0000e+00 0.0000e+00 0.0000e+00 0.0000e+00 0.0000e+00 0.0000e+00
-1.1427e-08 -3.2344e-08 2.3905e-06 -9.1731e-08 -1.2844e-07 -1.6921e-07 -2.1373e-07 -2.6174e-07 -3.1304e-07 -3.6737e-07 -4.2449e-07 -4.8410e-07 -5.4583e-07 -6.0926e-07 -6.7384e-07 -7.3894e-07 -8.0377e-07 -8.6743e-07 -9.2886e-07 -9.8684e-07 -1.0400e-06 -1.0869e-06 -1.1259e-06 -1.1554e-06 -1.1738e-06 -1.1794e-06 -1.1711e-06 -1.1478e-06 -1.1090e-06 -1.0547e-06 -9.8569e-07 -9.0352e-07 -8.1056e-07 -7.0996e-07 -6.0545e-07 -5.0115e-07 -4.0123e-07 -3.0946e-07 -2.2891e-07 -1.6157e-07 -1.0819e-07 -6.8279e-08 -4.0312e-08 -2.2077e-08 -1.1107e-08 -5.0769e-09 -2.0820e-09 -7.5498e-10 -2.3808e-10 -6.4051e-11 -1.4379e-11 -2.6255e-12 -3.7853e-13 -4.1629e-14 -3.3546e-15 -1.8897e-16 -7.0422e-18 -1.6271e-19 -2.1588e-21 -1.5022e-23 -4.9218e-26 -6.6751e-29 -3.2115e-32 -4.5521e-36 -1.5186e-40 -9.0753e-46 -6.9622e-52 -4.5539e-59 -1.5322e-67 -1.4151e-77 -1.6362e-89 -8.8088e-104 -6.2972e-121 -1.2014e-141 -7.7224e-167 -1.1308e-197 -1.0925e-235 -6.2952e-283 0.0000e+00 0.0000e+00 0.0000e+00 0.0000e+00 0.0000e+00 0.0000e+00 0.0000e+00 0.0000e+00 0.0000e+00 0.0000e+00 0.0000e+00 0.0000e+00 0.0000e+00 0.0000e+00 0.0000e+00 0.0000e+00 0.0000e+00 0.0000e+00 0.0000e+00 0.0000e+00 0.0000e+00 0.0000e+00 1.1427e-08 3.2344e-08 0.0000e+00 9.1731e-08 1.2844e-07 1.6921e-07 2.1373e-07 2.6174e-07 3.1304e-07 3.6737e-07 4.2449e-07 4.8409e-07 5.4583e-07 6.0926e-07 6.7384e-07 7.3893e-07 8.0376e-07 8.6742e-07 9.2885e-07 9.8682e-07 1.0400e-06 1.0869e-06 1.1259e-06 1.1554e-06 1.1737e-06 1.1794e-06 1.1711e-06 1.1478e-06 1.1089e-06 1.0546e-06 9.8558e-07 9.0340e-07 8.1044e-07 7.0983e-07 6.0533e-07 5.0104e-07 4.0112e-07 3.0937e-07 2.2883e-07 1.6151e-07 1.0814e-07 6.8245e-08 4.0288e-08 2.2062e-08 1.1098e-08 5.0726e-09 2.0800e-09 7.5416e-10 2.3779e-10 6.3962e-11 1.4356e-11 2.6208e-12 3.7776e-13 4.1534e-14 3.3458e-15 1.8841e-16 7.0186e-18 1.6209e-19 2.1495e-21 1.4949e-23 4.8943e-26 6.6325e-29 3.1881e-32 4.5142e-36 1.5041e-40 8.9758e-46 6.8745e-52 4.4877e-59 1.5064e-67 1.3876e-77 1.5991e-89 8.5762e-104 6.1028e-121 1.1579e-141 7.3926e-167 1.0736e-197 1.0270e-235 5.8448e-283 0.0000e+00 0.0000e+00 0.0000e+00 0.0000e+00 0.0000e+00 0.0000e+00 0.0000e+00 0.0000e+00 0.0000e+00 0.0000e+00 0.0000e+00 0.0000e+00 0.0000e+00 0.0000e+00 0.0000e+00 0.0000e+00 0.0000e+00 0.0000e+00 0.0000e+00 0.0000e+00 0.0000e+00 0.0000e+00
-1.7621e-08 -4.9874e-08 -9.1731e-08 7.5724e-06 -1.9806e-07 -2.6092e-07 -3.2957e-07 -4.0361e-07 -4.8271e-07 -5.6649e-07 -6.5457e-07 -7.4649e-07 -8.4168e-07 -9.3949e-07 -1.0391e-06 -1.1395e-06 -1.2394e-06 -1.3376e-06 -1.4324e-06 -1.5218e-06 -1.6038e-06 -1.6761e-06 -1.7363e-06 -1.7818e-06 -1.8101e-06 -1.8189e-06 -1.8061e-06 -1.7702e-06 -1.7104e-06 -1.6267e-06 -1.5203e-06 -1.3936e-06 -1.2503e-06 -1.0952e-06 -9.3401e-07 -7.7317e-07 -6.1905e-07 -4.7751e-07 -3.5325e-07 -2.4936e-07 -1.6699e-07 -1.0540e-07 -6.2239e-08 -3.4091e-08 -1.7155e-08 -7.8431e-09 -3.2172e-09 -1.1669e-09 -3.6810e-10 -9.9066e-11 -2.2248e-11 -4.0643e-12 -5.8626e-13 -6.4512e-14 -5.2019e-15 -2.9326e-16 -1.0938e-17 -2.5296e-19 -3.3601e-21 -2.3412e-23 -7.6818e-26 -1.0436e-28 -5.0306e-32 -7.1467e-36 -2.3903e-40 -1.4328e-45 -1.1031e-51 -7.2452e-59 -2.4494e-67 -2.2752e-77 -2.6483e-89 -1.4371e-103 -1.0370e-120 -2.0008e-141 -1.3034e-166 -1.9394e-197 -1.9105e-235 -1.1269e-282 0.0000e+00 0.0000e+00 0.0000e+00 0.0000e+00 0.0000e+00 0.0000e+00 0.0000e+00 0.0000e+00 0.0000e+00 0.0000e+00 0.0000e+00 0.0000e+00 0.0000e+00 0.0000e+00 0.0000e+00 0.0000e+00 0.0000e+00 0.0000e+00 0.0000e+00 0.0000e+00 0.0000e+00 0.0000e+00 1.7621e-08 4.9874e-08 9.1731e-08 0.0000e+00 1.9806e-07 2.6092e-07 3.2957e-07 4.0361e-07 4.8271e-07 5.6649e-07 6.5457e-07 7.4648e-07 8.4168e-07 9.3948e-07 1.0391e-06 1.1394e-06 1.2394e-06 1.3376e-06 1.4323e-06 1.5217e-06 1.6037e-06 1.6760e-06 1.7361e-06 1.7816e-06 1.8099e-06 1.8186e-06 1.8058e-06 1.7699e-06 1.7100e-06 1.6262e-06 1.5198e-06 1.3931e-06 1.2497e-06 1.0946e-06 9.3342e-07 7.7261e-07 6.1854e-07 4.7705e-07 3.5287e-07 2.4905e-07 1.6676e-07 1.0523e-07 6.2125e-08 3.4020e-08 1.7114e-08 7.8221e-09 3.2074e-09 1.1629e-09 3.6667e-10 9.8630e-11 2.2138e-11 4.0414e-12 5.8252e-13 6.4045e-14 5.1593e-15 2.9053e-16 1.0823e-17 2.4994e-19 3.3146e-21 2.3051e-23 7.5471e-26 1.0227e-28 4.9161e-32 6.9609e-36 2.3193e-40 1.3841e-45 1.0600e-51 6.9200e-59 2.3228e-67 2.1396e-77 2.4658e-89 1.3224e-103 9.4097e-121 1.7852e-141 1.1397e-166 1.6551e-197 1.5830e-235 9.0078e-283 0.0000e+00 0.0000e+00 0.0000e+00 0.0000e+00 0.0000e+00 0.0000e+00 0.0000e+00 0.0000e+00 0.0000e+00 0.0000e+00 0.0000e+00 0.0000e+00 0.0000e+00 0.0000e+00 0.0000e+00 0.0000e+00 0.0000e+00 0.0000e+00 0.0000e+00 0.0000e+00 0.0000e+00 0.0000e+00
-2.4673e-08 -6.9834e-08 -1.2844e-07 -1.9806e-07 1.8541e-05 -3.6535e-07 -4.6147e-07 -5.6515e-07 -6.7589e-07 -7.9321e-07 -9.1654e-07 -1.0452e-06 -1.1786e-06 -1.3155e-06 -1.4550e-06 -1.5955e-06 -1.7356e-06 -1.8730e-06 -2.0057e-06 -2.1310e-06 -2.2458e-06 -2.3472e-06 -2.4315e-06 -2.4953e-06 -2.5350e-06 -2.5475e-06 -2.5297e-06 -2.4795e-06 -2.3958e-06 -2.2787e-06 -2.1298e-06 -1.9525e-06 -1.7519e-06 -1.5347e-06 -1.3090e-06 -1.0837e-06 -8.6785e-07 -6.6954e-07 -4.9541e-07 -3.4979e-07 -2.3431e-07 -1.4793e-07 -8.7380e-08 -4.7878e-08 -2.4102e-08 -1.1025e-08 -4.5245e-09 -1.6421e-09 -5.1833e-10 -1.3960e-10 -3.1378e-11 -5.7375e-12 -8.2851e-13 -9.1280e-14 -7.3705e-15 -4.1616e-16 -1.5550e-17 -3.6036e-19 -4.7978e-21 -3.3518e-23 -1.1031e-25 -1.5038e-28 -7.2782e-32 -1.0387e-35 -3.4927e-40 -2.1065e-45 -1.6333e-51 -1.0816e-58 -3.6916e-67 -3.4673e-77 -4.0883e-89 -2.2523e-103 -1.6543e-120 -3.2582e-141 -2.1745e-166 -3.3285e-197 -3.3892e-235 -2.0781e-282 0.0000e+00 0.0000e+00 0.0000e+00 0.0000e+00 0.0000e+00 0.0000e+00 0.0000e+00 0.0000e+00 0.0000e+00 0.0000e+00 0.0000e+00 0.0000e+00 0.0000e+00 0.0000e+00 0.0000e+00 0.0000e+00 0.0000e+00 0.0000e+00 0.0000e+00 0.0000e+00 0.0000e+00 0.0000e+00 2.4673e-08 6.9834e-08 1.2844e-07 1.9806e-07 0.0000e+00 3.6535e-07 4.6147e-07 5.6515e-07 6.7589e-07 7.9320e-07 9.1653e-07 1.0452e-06 1.1785e-06 1.3155e-06 1.4549e-06 1.5955e-06 1.7354e-06 1.8729e-06 2.0055e-06 2.1307e-06 2.2455e-06 2.3467e-06 2.4309e-06 2.4946e-06 2.5342e-06 2.5465e-06 2.5285e-06 2.4782e-06 2.3943e-06 2.2770e-06 2.1280e-06 1.9506e-06 1.7499e-06 1.5326e-06 1.3070e-06 1.0818e-06 8.6608e-07 6.6798e-07 4.9409e-07 3.4872e-07 2.3349e-07 1.4735e-07 8.6989e-08 4.7635e-08 2.3963e-08 1.0953e-08 4.4911e-09 1.6283e-09 5.1342e-10 1.3810e-10 3.0997e-11 5.6587e-12 8.1564e-13 8.9677e-14 7.2241e-15 4.0681e-16 1.5154e-17 3.4997e-19 4.6411e-21 3.2276e-23 1.0567e-25 1.4320e-28 6.8833e-32 9.7464e-36 3.2473e-40 1.9379e-45 1.4841e-51 9.6884e-59 3.2520e-67 2.9952e-77 3.4516e-89 1.8509e-103 1.3168e-120 2.4978e-141 1.5942e-166 2.3141e-197 2.2118e-235 1.2573e-282 0.0000e+00 0.0000e+00 0.0000e+00 0.0000e+00 0.0000e+00 0.0000e+00 0.0000e+00 0.0000e+00 0.0000e+00 0.0000e+00 0.0000e+00 0.0000e+00 0.0000e+00 0.0000e+00 0.0000e+00 0.0000e+00 0.0000e+00 0.0000e+00 0.0000e+00 0.0000e+00 0.0000e+00 0.0000e+00
-3.2503e-08 -9.1999e-08 -1.6921e-07 -2.6092e-07 -3.6535e-07 3.8584e-05 -6.0794e-07 -7.4452e-07 -8.9042e-07 -1.0450e-06 -1.2075e-06 -1.3770e-06 -1.5526e-06 -1.7331e-06 -1.9168e-06 -2.1021e-06 -2.2866e-06 -2.4677e-06 -2.6426e-06 -2.8077e-06 -2.9591e-06 -3.0927e-06 -3.2040e-06 -3.2882e-06 -3.3408e-06 -3.3574e-06 -3.3342e-06 -3.2684e-06 -3.1584e-06 -3.0044e-06 -2.8085e-06 -2.5750e-06 -2.3108e-06 -2.0247e-06 -1.7274e-06 -1.4305e-06 -1.1458e-06 -8.8426e-07 -6.5453e-07 -4.6232e-07 -3.0983e-07 -1.9572e-07 -1.1567e-07 -6.3422e-08 -3.1950e-08 -1.4626e-08 -6.0084e-09 -2.1829e-09 -6.8987e-10 -1.8605e-10 -4.1881e-11 -7.6711e-12 -1.1099e-12 -1.2255e-13 -9.9197e-15 -5.6167e-16 -2.1054e-17 -4.8967e-19 -6.5462e-21 -4.5946e-23 -1.5202e-25 -2.0849e-28 -1.0161e-31 -1.4616e-35 -4.9590e-40 -3.0218e-45 -2.3707e-51 -1.5912e-58 -5.5154e-67 -5.2727e-77 -6.3441e-89 -3.5767e-103 -2.6973e-120 -5.4749e-141 -3.7813e-166 -6.0177e-197 -6.4039e-235 -4.1273e-282 0.0000e+00 0.0000e+00 0.0000e+00 0.0000e+00 0.0000e+00 0.0000e+00 0.0000e+00 0.0000e+00 0.0000e+00 0.0000e+00 0.0000e+00 0.0000e+00 0.0000e+00 0.0000e+00 0.0000e+00 0.0000e+00 0.0000e+00 0.0000e+00 0.0000e+00 0.0000e+00 0.0000e+00 0.0000e+00 3.2503e-08 9.1999e-08 1.6921e-07 2.6092e-07 3.6535e-07 0.0000e+00 6.0793e-07 7.4452e-07 8.9041e-07 1.0450e-06 1.2074e-06 1.3770e-06 1.5526e-06 1.7330e-06 1.9167e-06 2.1018e-06 2.2863e-06 2.4673e-06 2.6420e-06 2.8070e-06 2.9582e-06 3.0916e-06 3.2025e-06 3.2864e-06 3.3385e-06 3.3547e-06 3.3310e-06 3.2647e-06 3.1542e-06 2.9997e-06 2.8034e-06 2.5697e-06 2.3052e-06 2.0191e-06 1.7218e-06 1.4252e-06 1.1410e-06 8.7998e-07 6.5091e-07 4.5940e-07 3.0760e-07 1.9412e-07 1.1460e-07 6.2754e-08 3.1569e-08 1.4429e-08 5.9165e-09 2.1452e-09 6.7637e-10 1.8193e-10 4.0835e-11 7.4547e-12 1.0745e-12 1.1814e-13 9.5168e-15 5.3591e-16 1.9963e-17 4.6103e-19 6.1138e-21 4.2518e-23 1.3920e-25 1.8864e-28 9.0670e-32 1.2838e-35 4.2772e-40 2.5523e-45 1.9545e-51 1.2757e-58 4.2814e-67 3.9426e-77 4.5419e-89 2.4345e-103 1.7310e-120 3.2805e-141 2.0911e-166 3.0296e-197 2.8875e-235 1.6343e-282 0.0000e+00 0.0000e+00 0.0000e+00 0.0000e+00 0.0000e+00 0.0000e+00 0.0000e+00 0.0000e+00 0.0000e+00 0.0000e+00 0.0000e+00 0.0000e+00 0.0000e+00 0.0000e+00 0.0000e+00 0.0000e+00 0.0000e+00 0.0000e+00 0.0000e+00 0.0000e+00 0.0000e+00 0.0000e+00
-4.1055e-08 -1.1620e-07 -2.1373e-07 -3.2957e-07 -4.6147e-07 -6.0794e-07 7.1783e-05 -9.4040e-07 -1.1247e-06 -1.3199e-06 -1.5252e-06 -1.7393e-06 -1.9612e-06 -2.1892e-06 -2.4213e-06 -2.6553e-06 -2.8884e-06 -3.1174e-06 -3.3384e-06 -3.5471e-06 -3.7387e-06 -3.9077e-06 -4.0485e-06 -4.1553e-06 -4.2222e-06 -4.2436e-06 -4.2148e-06 -4.1322e-06 -3.9939e-06 -3.7998e-06 -3.5528e-06 -3.2583e-06 -2.9248e-06 -2.5635e-06 -2.1878e-06 -1.8125e-06 -1.4525e-06 -1.1216e-06 -8.3066e-07 -5.8712e-07 -3.9376e-07 -2.4895e-07 -1.4727e-07 -8.0835e-08 -4.0772e-08 -1.8690e-08 -7.6894e-09 -2.7985e-09 -8.8611e-10 -2.3949e-10 -5.4045e-11 -9.9264e-12 -1.4406e-12 -1.5963e-13 -1.2973e-14 -7.3781e-16 -2.7795e-17 -6.5015e-19 -8.7475e-21 -6.1842e-23 -2.0629e-25 -2.8556e-28 -1.4062e-31 -2.0467e-35 -7.0370e-40 -4.3527e-45 -3.4728e-51 -2.3756e-58 -8.4115e-67 -8.2356e-77 -1.0177e-88 -5.9117e-103 -4.6089e-120 -9.7073e-141 -6.9851e-166 -1.1634e-196 -1.3020e-234 -8.8737e-282 0.0000e+00 0.0000e+00 0.0000e+00 0.0000e+00 0.0000e+00 0.0000e+00 0.0000e+00 0.0000e+00 0.0000e+00 0.0000e+00 0.0000e+00 0.0000e+00 0.0000e+00 0.0000e+00 0.0000e+00 0.0000e+00 0.0000e+00 0.0000e+00 0.0000e+00 0.0000e+00 0.0000e+00 0.0000e+00 4.1055e-08 1.1620e-07 2.1373e-07 3.2957e-07 4.6147e-07 6.0793e-07 0.0000e+00 9.4039e-07 1.1247e-06 1.3199e-06 1.5251e-06 1.7392e-06 1.9610e-06 2.1889e-06 2.4209e-06 2.6548e-06 2.8877e-06 3.1165e-06 3.3371e-06 3.5454e-06 3.7365e-06 3.9049e-06 4.0450e-06 4.1510e-06 4.2169e-06 4.2373e-06 4.2074e-06 4.1236e-06 3.9841e-06 3.7889e-06 3.5410e-06 3.2457e-06 2.9117e-06 2.5503e-06 2.1748e-06 1.8001e-06 1.4411e-06 1.1115e-06 8.2215e-07 5.8027e-07 3.8853e-07 2.4519e-07 1.4475e-07 7.9264e-08 3.9874e-08 1.8225e-08 7.4730e-09 2.7095e-09 8.5431e-10 2.2980e-10 5.1578e-11 9.4158e-12 1.3572e-12 1.4921e-13 1.2020e-14 6.7686e-16 2.5214e-17 5.8227e-19 7.7213e-21 5.3695e-23 1.7579e-25 2.3820e-28 1.1448e-31 1.6208e-35 5.3990e-40 3.2210e-45 2.4660e-51 1.6090e-58 5.3969e-67 4.9661e-77 5.7153e-89 3.0590e-103 2.1706e-120 4.1012e-141 2.6026e-166 3.7455e-197 3.5331e-235 1.9672e-282 0.0000e+00 0.0000e+00 0.0000e+00 0.0000e+00 0.0000e+00 0.0000e+00 0.0000e+00 0.0000e+00 0.0000e+00 0.0000e+00 0.0000e+00 0.0000e+00 0.0000e+00 0.0000e+00 0.0000e+00 0.0000e+00 0.0000e+00 0.0000e+00 0.0000e+00 0.0000e+00 0.0000e+00 0.0000e+00
-5.0278e-08 -1.4231e-07 -2.6174e-07 -4.0361e-07 -5.6515e-07 -7.4452e-07 -9.4040e-07 1.2306e-04 -1.3774e-06 -1.6165e-06 -1.8679e-06 -2.1302e-06 -2.4020e-06 -2.6812e-06 -2.9656e-06 -3.2523e-06 -3.5380e-06 -3.8186e-06 -4.0896e-06 -4.3455e-06 -4.5805e-06 -4.7881e-06 -4.9612e-06 -5.0927e-06 -5.1754e-06 -5.2026e-06 -5.1683e-06 -5.0682e-06 -4.8997e-06 -4.6630e-06 -4.3614e-06 -4.0014e-06 -3.5934e-06 -3.1511e-06 -2.6908e-06 -2.2306e-06 -1.7889e-06 -1.3824e-06 -1.0247e-06 -7.2505e-07 -4.8682e-07 -3.0818e-07 -1.8258e-07 -1.0038e-07 -5.0721e-08 -2.3299e-08 -9.6078e-09 -3.5057e-09 -1.1133e-09 -3.0188e-10 -6.8372e-11 -1.2610e-11 -1.8385e-12 -2.0476e-13 -1.6737e-14 -9.5810e-16 -3.6357e-17 -8.5734e-19 -1.1641e-20 -8.3135e-23 -2.8048e-25 -3.9319e-28 -1.9637e-31 -2.9034e-35 -1.0158e-39 -6.4053e-45 -5.2209e-51 -3.6564e-58 -1.3287e-66 -1.3385e-76 -1.7067e-88 -1.0259e-102 -8.3035e-120 -1.8221e-140 -1.3713e-165 -2.3993e-196 -2.8353e-234 -2.0525e-281 0.0000e+00 0.0000e+00 0.0000e+00 0.0000e+00 0.0000e+00 0.0000e+00 0.0000e+00 0.0000e+00 0.0000e+00 0.0000e+00 0.0000e+00 0.0000e+00 0.0000e+00 0.0000e+00 0.0000e+00 0.0000e+00 0.0000e+00 0.0000e+00 0.0000e+00 0.0000e+00 0.0000e+00 0.0000e+00 5.0278e-08 1.4231e-07 2.6174e-07 4.0361e-07 5.6515e-07 7.4452e-07 9.4039e-07 0.0000e+00 1.3773e-06 1.6164e-06 1.8677e-06 2.1300e-06 2.4016e-06 2.6807e-06 2.9649e-06 3.2513e-06 3.5365e-06 3.8166e-06 4.0869e-06 4.3420e-06 4.5759e-06 4.7822e-06 4.9538e-06 5.0836e-06 5.1643e-06 5.1892e-06 5.1526e-06 5.0501e-06 4.8792e-06 4.6402e-06 4.3365e-06 3.9749e-06 3.5659e-06 3.1232e-06 2.6634e-06 2.2046e-06 1.7649e-06 1.3612e-06 1.0069e-06 7.1063e-07 4.7582e-07 3.0027e-07 1.7727e-07 9.7071e-08 4.8832e-08 2.2319e-08 9.1517e-09 3.3182e-09 1.0462e-09 2.8141e-10 6.3163e-11 1.1531e-11 1.6620e-12 1.8272e-13 1.4719e-14 8.2880e-16 3.0872e-17 7.1289e-19 9.4528e-21 6.5729e-23 2.1516e-25 2.9149e-28 1.4006e-31 1.9823e-35 6.6004e-40 3.9355e-45 3.0106e-51 1.9622e-58 6.5718e-67 6.0345e-77 6.9242e-89 3.6903e-103 2.6022e-120 4.8714e-141 3.0480e-166 4.2900e-197 3.9020e-235 2.0394e-282 0.0000e+00 0.0000e+00 0.0000e+00 0.0000e+00 0.0000e+00 0.0000e+00 0.0000e+00 0.0000e+00 0.0000e+00 0.0000e+00 0.0000e+00 0.0000e+00 0.0000e+00 0.0000e+00 0.0000e+00 0.0000e+00 0.0000e+00 0.0000e+00 0.0000e+00 0.0000e+00 0.0000e+00 0.0000e+00
-6.0131e-08 -1.7020e-07 -3.1304e-07 -4.8271e-07 -6.7589e-07 -8.9042e-07 -1.1247e-06 -1.3774e-06 1.9820e-04 -1.9333e-06 -2.2340e-06 -2.5478e-06 -2.8729e-06 -3.2070e-06 -3.5472e-06 -3.8904e-06 -4.2323e-06 -4.5684e-06 -4.8929e-06 -5.1997e-06 -5.4815e-06 -5.7307e-06 -5.9388e-06 -6.0973e-06 -6.1977e-06 -6.2318e-06 -6.1925e-06 -6.0746e-06 -5.8749e-06 -5.5935e-06 -5.2342e-06 -4.8049e-06 -4.3178e-06 -3.7890e-06 -3.2381e-06 -2.6868e-06 -2.1570e-06 -1.6688e-06 -1.2387e-06 -8.7770e-07 -5.9030e-07 -3.7438e-07 -2.2226e-07 -1.2248e-07 -6.2053e-08 -2.8588e-08 -1.1828e-08 -4.3315e-09 -1.3812e-09 -3.7623e-10 -8.5650e-11 -1.5886e-11 -2.3309e-12 -2.6145e-13 -2.1539e-14 -1.2437e-15 -4.7655e-17 -1.1358e-18 -1.5605e-20 -1.1292e-22 -3.8648e-25 -5.5044e-28 -2.7972e-31 -4.2151e-35 -1.5057e-39 -9.7122e-45 -8.1138e-51 -5.8366e-58 -2.1834e-66 -2.2698e-76 -2.9944e-88 -1.8677e-102 -1.5737e-119 -3.6078e-140 -2.8488e-165 -5.2555e-196 -6.5865e-234 -5.0928e-281 0.0000e+00 0.0000e+00 0.0000e+00 0.0000e+00 0.0000e+00 0.0000e+00 0.0000e+00 0.0000e+00 0.0000e+00 0.0000e+00 0.0000e+00 0.0000e+00 0.0000e+00 0.0000e+00 0.0000e+00 0.0000e+00 0.0000e+00 0.0000e+00 0.0000e+00 0.0000e+00 0.0000e+00 0.0000e+00 6.0131e-08 1.7020e-07 3.1304e-07 4.8271e-07 6.7589e-07 8.9041e-07 1.1247e-06 1.3773e-06 0.0000e+00 1.9332e-06 2.2337e-06 2.5474e-06 2.8723e-06 3.2060e-06 3.5459e-06 3.8884e-06 4.2295e-06 4.5645e-06 4.8877e-06 5.1928e-06 5.4726e-06 5.7193e-06 5.9246e-06 6.0797e-06 6.1763e-06 6.2061e-06 6.1623e-06 6.0397e-06 5.8353e-06 5.5495e-06 5.1863e-06 4.7538e-06 4.2647e-06 3.7353e-06 3.1853e-06 2.6365e-06 2.1108e-06 1.6279e-06 1.2042e-06 8.4988e-07 5.6905e-07 3.5911e-07 2.1200e-07 1.1609e-07 5.8400e-08 2.6692e-08 1.0945e-08 3.9682e-09 1.2511e-09 3.3653e-10 7.5532e-11 1.3788e-11 1.9873e-12 2.1847e-13 1.7598e-14 9.9082e-16 3.6903e-17 8.5203e-19 1.1296e-20 7.8522e-23 2.5695e-25 3.4795e-28 1.6709e-31 2.3629e-35 7.8594e-40 4.6792e-45 3.5723e-51 2.3218e-58 7.7458e-67 7.0730e-77 8.0505e-89 4.2398e-103 2.9364e-120 5.3445e-141 3.1937e-166 4.1482e-197 3.2250e-235 1.1450e-282 0.0000e+00 0.0000e+00 0.0000e+00 0.0000e+00 0.0000e+00 0.0000e+00 0.0000e+00 0.0000e+00 0.0000e+00 0.0000e+00 0.0000e+00 0.0000e+00 0.0000e+00 0.0000e+00 0.0000e+00 0.0000e+00 0.0000e+00 0.0000e+00 0.0000e+00 0.0000e+00 0.0000e+00 0.0000e+00
-7.0568e-08 -1.9974e-07 -3.6737e-07 -5.6649e-07 -7.9321e-07 -1.0450e-06 -1.3199e-06 -1.6165e-06 -1.9333e-06 3.0397e-04 -2.6219e-06 -2.9903e-06 -3.3719e-06 -3.7642e-06 -4.1638e-06 -4.5669e-06 -4.9687e-06 -5.3637e-06 -5.7454e-06 -6.1064e-06 -6.4385e-06 -6.7324e-06 -6.9785e-06 -7.1667e-06 -7.2869e-06 -7.3295e-06 -7.2863e-06 -7.1508e-06 -6.9194e-06 -6.5920e-06 -6.1728e-06 -5.6710e-06 -5.1005e-06 -4.4804e-06 -3.8334e-06 -3.1848e-06 -2.5604e-06 -1.9841e-06 -1.4754e-06 -1.0476e-06 -7.0618e-07 -4.4902e-07 -2.6734e-07 -1.4779e-07 -7.5143e-08 -3.4757e-08 -1.4443e-08 -5.3156e-09 -1.7043e-09 -4.6706e-10 -1.0704e-10 -2.0002e-11 -2.9590e-12 -3.3491e-13 -2.7867e-14 -1.6269e-15 -6.3088e-17 -1.5236e-18 -2.1235e-20 -1.5607e-22 -5.4333e-25 -7.8819e-28 -4.0861e-31 -6.2911e-35 -2.2999e-39 -1.5210e-44 -1.3052e-50 -9.6636e-58 -3.7290e-66 -4.0085e-76 -5.4828e-88 -3.5567e-102 -3.1277e-119 -7.5153e-140 -6.2500e-165 -1.2214e-195 -1.6329e-233 -1.3581e-280 0.0000e+00 0.0000e+00 0.0000e+00 0.0000e+00 0.0000e+00 0.0000e+00 0.0000e+00 0.0000e+00 0.0000e+00 0.0000e+00 0.0000e+00 0.0000e+00 0.0000e+00 0.0000e+00 0.0000e+00 0.0000e+00 0.0000e+00 0.0000e+00 0.0000e+00 0.0000e+00 0.0000e+00 0.0000e+00 7.0568e-08 1.9974e-07 3.6737e-07 5.6649e-07 7.9320e-07 1.0450e-06 1.3199e-06 1.6164e-06 1.9332e-06 0.0000e+00 2.6214e-06 2.9895e-06 3.3708e-06 3.7625e-06 4.1613e-06 4.5633e-06 4.9637e-06 5.3568e-06 5.7361e-06 6.0941e-06 6.4225e-06 6.7120e-06 6.9529e-06 7.1350e-06 7.2483e-06 7.2833e-06 7.2319e-06 7.0880e-06 6.8481e-06 6.5127e-06 6.0864e-06 5.5789e-06 5.0049e-06 4.3836e-06 3.7382e-06 3.0942e-06 2.4771e-06 1.9105e-06 1.4131e-06 9.9738e-07 6.6781e-07 4.2143e-07 2.4879e-07 1.3623e-07 6.8532e-08 3.1322e-08 1.2843e-08 4.6564e-09 1.4681e-09 3.9487e-10 8.8620e-11 1.6176e-11 2.3312e-12 2.5626e-13 2.0638e-14 1.1618e-15 4.3259e-17 9.9845e-19 1.3231e-20 9.1922e-23 3.0057e-25 4.0660e-28 1.9499e-31 2.7523e-35 9.1313e-40 5.4176e-45 4.1160e-51 2.6569e-58 8.7770e-67 7.9001e-77 8.7994e-89 4.4805e-103 2.9364e-120 4.8480e-141 2.3804e-166 1.8057e-197 -8.6660e-236 -3.0099e-282 0.0000e+00 0.0000e+00 0.0000e+00 0.0000e+00 0.0000e+00 0.0000e+00 0.0000e+00 0.0000e+00 0.0000e+00 0.0000e+00 0.0000e+00 0.0000e+00 0.0000e+00 0.0000e+00 0.0000e+00 0.0000e+00 0.0000e+00 0.0000e+00 0.0000e+00 0.0000e+00 0.0000e+00 0.0000e+00
-8.1540e-08 -2.3079e-07 -4.2449e-07 -6.5457e-07 -9.1654e-07 -1.2075e-06 -1.5252e-06 -1.8679e-06 -2.2340e-06 -2.6219e-06 4.4810e-04 -3.4556e-06 -3.8968e-06 -4.3504e-06 -4.8126e-06 -5.2789e-06 -5.7440e-06 -6.2014e-06 -6.6438e-06 -7.0626e-06 -7.4483e-06 -7.7904e-06 -8.0776e-06 -8.2984e-06 -8.4410e-06 -8.4944e-06 -8.4490e-06 -8.2971e-06 -8.0344e-06 -7.6605e-06 -7.1801e-06 -6.6033e-06 -5.9462e-06 -5.2303e-06 -4.4818e-06 -3.7299e-06 -3.0045e-06 -2.3333e-06 -1.7393e-06 -1.2383e-06 -8.3726e-07 -5.3417e-07 -3.1923e-07 -1.7722e-07 -9.0525e-08 -4.2087e-08 -1.7589e-08 -6.5142e-09 -2.1031e-09 -5.8078e-10 -1.3422e-10 -2.5313e-11 -3.7825e-12 -4.3284e-13 -3.6448e-14 -2.1556e-15 -8.4776e-17 -2.0787e-18 -2.9450e-20 -2.2030e-22 -7.8159e-25 -1.1571e-27 -6.1299e-31 -9.6593e-35 -3.6199e-39 -2.4583e-44 -2.1702e-50 -1.6565e-57 -6.6051e-66 -7.3561e-76 -1.0456e-87 -7.0736e-102 -6.5139e-119 -1.6469e-139 -1.4495e-164 -3.0181e-195 -4.3336e-233 -3.9084e-280 0.0000e+00 0.0000e+00 0.0000e+00 0.0000e+00 0.0000e+00 0.0000e+00 0.0000e+00 0.0000e+00 0.0000e+00 0.0000e+00 0.0000e+00 0.0000e+00 0.0000e+00 0.0000e+00 0.0000e+00 0.0000e+00 0.0000e+00 0.0000e+00 0.0000e+00 0.0000e+00 0.0000e+00 0.0000e+00 8.1540e-08 2.3079e-07 4.2449e-07 6.5457e-07 9.1653e-07 1.2074e-06 1.5251e-06 1.8677e-06 2.2337e-06 2.6214e-06 0.0000e+00 3.4544e-06 3.8949e-06 4.3475e-06 4.8083e-06 5.2728e-06 5.7354e-06 6.1897e-06 6.6280e-06 7.0417e-06 7.4211e-06 7.7556e-06 8.0339e-06 8.2443e-06 8.3752e-06 8.4157e-06 8.3564e-06 8.1900e-06 7.9129e-06 7.5253e-06 7.0327e-06 6.4463e-06 5.7830e-06 5.0651e-06 4.3194e-06 3.5752e-06 2.8622e-06 2.2075e-06 1.6328e-06 1.1524e-06 7.7161e-07 4.8693e-07 2.8745e-07 1.5740e-07 7.9179e-08 3.6187e-08 1.4837e-08 5.3791e-09 1.6958e-09 4.5608e-10 1.0235e-10 1.8679e-11 2.6914e-12 2.9578e-13 2.3814e-14 1.3400e-15 4.9868e-17 1.1502e-18 1.5227e-20 1.0566e-22 3.4492e-25 4.6556e-28 2.2260e-31 3.1291e-35 1.0323e-39 6.0757e-45 4.5638e-51 2.8974e-58 9.3364e-67 8.0845e-77 8.4502e-89 3.8408e-103 1.9868e-120 1.5682e-141 -1.2459e-166 -7.2029e-197 -1.5755e-234 -1.8049e-281 0.0000e+00 0.0000e+00 0.0000e+00 0.0000e+00 0.0000e+00 0.0000e+00 0.0000e+00 0.0000e+00 0.0000e+00 0.0000e+00 0.0000e+00 0.0000e+00 0.0000e+00 0.0000e+00 0.0000e+00 0.0000e+00 0.0000e+00 0.0000e+00 0.0000e+00 0.0000e+00 0.0000e+00 0.0000e+00
-9.2989e-08 -2.6320e-07 -4.8410e-07 -7.4649e-07 -1.0452e-06 -1.3770e-06 -1.7393e-06 -2.1302e-06 -2.5478e-06 -2.9903e-06 -3.4556e-06 6.3944e-04 -4.4449e-06 -4.9627e-06 -5.4904e-06 -6.0232e-06 -6.5548e-06 -7.0780e-06 -7.5845e-06 -8.0646e-06 -8.5075e-06 -8.9013e-06 -9.2332e-06 -9.4900e-06 -9.6584e-06 -9.7256e-06 -9.6806e-06 -9.5145e-06 -9.2219e-06 -8.8023e-06 -8.2604e-06 -7.6074e-06 -6.8612e-06 -6.0458e-06 -5.1909e-06 -4.3297e-06 -3.4964e-06 -2.7229e-06 -2.0361e-06 -1.4547e-06 -9.8736e-07 -6.3265e-07 -3.7989e-07 -2.1201e-07 -1.0893e-07 -5.0967e-08 -2.1451e-08 -8.0056e-09 -2.6064e-09 -7.2642e-10 -1.6957e-10 -3.2327e-11 -4.8877e-12 -5.6645e-13 -4.8354e-14 -2.9020e-15 -1.1593e-16 -2.8908e-18 -4.1696e-20 -3.1791e-22 -1.1511e-24 -1.7412e-27 -9.4390e-31 -1.5242e-34 -5.8630e-39 -4.0941e-44 -3.7240e-50 -2.9354e-57 -1.2119e-65 -1.4017e-75 -2.0765e-87 -1.4700e-101 -1.4233e-118 -3.8047e-139 -3.5635e-164 -7.9571e-195 -1.2364e-232 -1.2197e-279 0.0000e+00 0.0000e+00 0.0000e+00 0.0000e+00 0.0000e+00 0.0000e+00 0.0000e+00 0.0000e+00 0.0000e+00 0.0000e+00 0.0000e+00 0.0000e+00 0.0000e+00 0.0000e+00 0.0000e+00 0.0000e+00 0.0000e+00 0.0000e+00 0.0000e+00 0.0000e+00 0.0000e+00 0.0000e+00 9.2989e-08 2.6320e-07 4.8409e-07 7.4648e-07 1.0452e-06 1.3770e-06 1.7392e-06 2.1300e-06 2.5474e-06 2.9895e-06 3.4544e-06 0.0000e+00 4.4418e-06 4.9579e-06 5.4835e-06 6.0132e-06 6.5408e-06 7.0588e-06 7.5587e-06 8.0305e-06 8.4632e-06 8.8447e-06 9.1621e-06 9.4020e-06 9.5513e-06 9.5975e-06 9.5297e-06 9.3400e-06 9.0240e-06 8.5820e-06 8.0203e-06 7.3515e-06 6.5950e-06 5.7763e-06 4.9258e-06 4.0772e-06 3.2640e-06 2.5174e-06 1.8620e-06 1.3142e-06 8.7990e-07 5.5525e-07 3.2777e-07 1.7948e-07 9.0278e-08 4.1257e-08 1.6915e-08 6.1316e-09 1.9328e-09 5.1973e-10 1.1660e-10 2.1275e-11 3.0644e-12 3.3660e-13 2.7083e-14 1.5227e-15 5.6607e-17 1.3038e-18 1.7228e-20 1.1924e-22 3.8793e-25 5.2121e-28 2.4761e-31 3.4499e-35 1.1238e-39 6.4939e-45 4.7457e-51 2.8869e-58 8.6705e-67 6.6117e-77 5.2576e-89 8.8952e-104 -1.5127e-120 -9.4179e-141 -1.2971e-165 -3.6347e-196 -6.5201e-234 -7.0420e-281 0.0000e+00 0.0000e+00 0.0000e+00 0.0000e+00 0.0000e+00 0.0000e+00 0.0000e+00 0.0000e+00 0.0000e+00 0.0000e+00 0.0000e+00 0.0000e+00 0.0000e+00 0.0000e+00 0.0000e+00 0.0000e+00 0.0000e+00 0.0000e+00 0.0000e+00 0.0000e+00 0.0000e+00 0.0000e+00
-1.0485e-07 -2.9677e-07 -5.4583e-07 -8.4168e-07 -1.1786e-06 -1.5526e-06 -1.9612e-06 -2.4020e-06 -2.8729e-06 -3.3719e-06 -3.8968e-06 -4.4449e-06 8.8800e-04 -5.5976e-06 -6.1937e-06 -6.7957e-06 -7.3968e-06 -7.9890e-06 -8.5630e-06 -9.1080e-06 -9.6118e-06 -1.0061e-05 -1.0442e-05 -1.0739e-05 -1.0937e-05 -1.1022e-05 -1.0981e-05 -1.0805e-05 -1.0485e-05 -1.0022e-05 -9.4198e-06 -8.6906e-06 -7.8538e-06 -6.9361e-06 -5.9704e-06 -4.9940e-06 -4.0455e-06 -3.1617e-06 -2.3735e-06 -1.7031e-06 -1.1615e-06 -7.4821e-07 -4.5191e-07 -2.5382e-07 -1.3133e-07 -6.1921e-08 -2.6279e-08 -9.8971e-09 -3.2541e-09 -9.1660e-10 -2.1643e-10 -4.1770e-11 -6.3991e-12 -7.5211e-13 -6.5173e-14 -3.9743e-15 -1.6148e-16 -4.0995e-18 -6.0267e-20 -4.6886e-22 -1.7342e-24 -2.6835e-27 -1.4901e-30 -2.4688e-34 -9.7603e-39 -7.0190e-44 -6.5901e-50 -5.3758e-57 -2.3038e-65 -2.7754e-75 -4.2996e-87 -3.1978e-101 -3.2705e-118 -9.2926e-139 -9.3187e-164 -2.2469e-194 -3.8080e-232 -4.1458e-279 0.0000e+00 0.0000e+00 0.0000e+00 0.0000e+00 0.0000e+00 0.0000e+00 0.0000e+00 0.0000e+00 0.0000e+00 0.0000e+00 0.0000e+00 0.0000e+00 0.0000e+00 0.0000e+00 0.0000e+00 0.0000e+00 0.0000e+00 0.0000e+00 0.0000e+00 0.0000e+00 0.0000e+00 0.0000e+00 1.0485e-07 2.9677e-07 5.4583e-07 8.4168e-07 1.1785e-06 1.5526e-06 1.9610e-06 2.4016e-06 2.8723e-06 3.3708e-06 3.8949e-06 4.4418e-06 0.0000e+00 5.5902e-06 6.1828e-06 6.7800e-06 7.3749e-06 7.9590e-06 8.5226e-06 9.0546e-06 9.5424e-06 9.9726e-06 1.0330e-05 1.0601e-05 1.0769e-05 1.0821e-05 1.0745e-05 1.0531e-05 1.0175e-05 9.6763e-06 9.0430e-06 8.2889e-06 7.4359e-06 6.5128e-06 5.5538e-06 4.5969e-06 3.6801e-06 2.8382e-06 2.0993e-06 1.4816e-06 9.9197e-07 6.2594e-07 3.6948e-07 2.0230e-07 1.0175e-07 4.6495e-08 1.9059e-08 6.9077e-09 2.1769e-09 5.8518e-10 1.3123e-10 2.3932e-11 3.4446e-12 3.7803e-13 3.0380e-14 1.7054e-15 6.3269e-17 1.4532e-18 1.9131e-20 1.3175e-22 4.2568e-25 5.6647e-28 2.6549e-31 3.6270e-35 1.1474e-39 6.3355e-45 4.2952e-51 2.2791e-58 5.0648e-67 1.1009e-77 -5.0187e-89 -7.9881e-103 -1.1785e-119 -4.1766e-140 -4.8312e-165 -1.2781e-195 -2.2933e-233 -2.5725e-280 0.0000e+00 0.0000e+00 0.0000e+00 0.0000e+00 0.0000e+00 0.0000e+00 0.0000e+00 0.0000e+00 0.0000e+00 0.0000e+00 0.0000e+00 0.0000e+00 0.0000e+00 0.0000e+00 0.0000e+00 0.0000e+00 0.0000e+00 0.0000e+00 0.0000e+00 0.0000e+00 0.0000e+00 0.0000e+00
-1.1703e-07 -3.3125e-07 -6.0926e-07 -9.3949e-07 -1.3155e-06 -1.7331e-06 -2.1892e-06 -2.6812e-06 -3.2070e-06 -3.7642e-06 -4.3504e-06 -4.9627e-06 -5.5976e-06 1.2051e-03 -6.9177e-06 -7.5915e-06 -8.2650e-06 -8.9293e-06 -9.5741e-06 -1.0188e-05 -1.0756e-05 -1.1266e-05 -1.1700e-05 -1.2042e-05 -1.2275e-05 -1.2383e-05 -1.2352e-05 -1.2170e-05 -1.1828e-05 -1.1325e-05 -1.0666e-05 -9.8620e-06 -8.9348e-06 -7.9129e-06 -6.8327e-06 -5.7353e-06 -4.6641e-06 -3.6609e-06 -2.7613e-06 -1.9918e-06 -1.3664e-06 -8.8573e-07 -5.3869e-07 -3.0485e-07 -1.5903e-07 -7.5652e-08 -3.2416e-08 -1.2335e-08 -4.1008e-09 -1.1689e-09 -2.7951e-10 -5.4676e-11 -8.4970e-12 -1.0139e-12 -8.9279e-14 -5.5372e-15 -2.2905e-16 -5.9255e-18 -8.8862e-20 -7.0605e-22 -2.6705e-24 -4.2314e-27 -2.4098e-30 -4.1019e-34 -1.6694e-38 -1.2387e-43 -1.2030e-49 -1.0182e-56 -4.5424e-65 -5.7193e-75 -9.3015e-87 -7.3002e-101 -7.9258e-118 -2.4072e-138 -2.6010e-163 -6.8209e-194 -1.2711e-231 -1.5415e-278 0.0000e+00 0.0000e+00 0.0000e+00 0.0000e+00 0.0000e+00 0.0000e+00 0.0000e+00 0.0000e+00 0.0000e+00 0.0000e+00 0.0000e+00 0.0000e+00 0.0000e+00 0.0000e+00 0.0000e+00 0.0000e+00 0.0000e+00 0.0000e+00 0.0000e+00 0.0000e+00 0.0000e+00 0.0000e+00 1.1703e-07 3.3125e-07 6.0926e-07 9.3948e-07 1.3155e-06 1.7330e-06 2.1889e-06 2.6807e-06 3.2060e-06 3.7625e-06 4.3475e-06 4.9579e-06 5.5902e-06 0.0000e+00 6.9012e-06 7.5679e-06 8.2319e-06 8.8838e-06 9.5129e-06 1.0107e-05 1.0651e-05 1.1131e-05 1.1531e-05 1.1833e-05 1.2021e-05 1.2079e-05 1.1994e-05 1.1755e-05 1.1357e-05 1.0801e-05 1.0094e-05 9.2519e-06 8.2998e-06 7.2693e-06 6.1989e-06 5.1308e-06 4.1074e-06 3.1677e-06 2.3429e-06 1.6534e-06 1.1070e-06 6.9845e-07 4.1225e-07 2.2569e-07 1.1349e-07 5.1851e-08 2.1249e-08 7.6987e-09 2.4251e-09 6.5153e-10 1.4601e-10 2.6600e-11 3.8239e-12 4.1895e-13 3.3595e-14 1.8804e-15 6.9489e-17 1.5876e-18 2.0751e-20 1.4149e-22 4.5075e-25 5.8776e-28 2.6727e-31 3.4844e-35 1.0204e-39 4.8938e-45 2.4226e-51 3.0672e-59 -5.4022e-67 -1.4089e-76 -3.2831e-88 -3.2107e-102 -4.0272e-119 -1.3462e-139 -1.5469e-164 -4.2025e-195 -7.9441e-233 -9.6022e-280 0.0000e+00 0.0000e+00 0.0000e+00 0.0000e+00 0.0000e+00 0.0000e+00 0.0000e+00 0.0000e+00 0.0000e+00 0.0000e+00 0.0000e+00 0.0000e+00 0.0000e+00 0.0000e+00 0.0000e+00 0.0000e+00 0.0000e+00 0.0000e+00 0.0000e+00 0.0000e+00 0.0000e+00 0.0000e+00
-1.2944e-07 -3.6637e-07 -6.7384e-07 -1.0391e-06 -1.4550e-06 -1.9168e-06 -2.4213e-06 -2.9656e-06 -3.5472e-06 -4.1638e-06 -4.8126e-06 -5.4904e-06 -6.1937e-06 -6.9177e-06 1.6033e-03 -8.4049e-06 -9.1532e-06 -9.8925e-06 -1.0611e-05 -1.1297e-05 -1.1935e-05 -1.2509e-05 -1.3002e-05 -1.3395e-05 -1.3670e-05 -1.3808e-05 -1.3793e-05 -1.3612e-05 -1.3255e-05 -1.2719e-05 -1.2008e-05 -1.1133e-05 -1.0117e-05 -8.9910e-06 -7.7932e-06 -6.5692e-06 -5.3673e-06 -4.2346e-06 -3.2122e-06 -2.3315e-06 -1.6102e-06 -1.0515e-06 -6.4466e-07 -3.6799e-07 -1.9376e-07 -9.3100e-08 -4.0321e-08 -1.5519e-08 -5.2224e-09 -1.5079e-09 -3.6552e-10 -7.2537e-11 -1.1445e-11 -1.3877e-12 -1.2426e-13 -7.8448e-15 -3.3061e-16 -8.7228e-18 -1.3356e-19 -1.0848e-21 -4.2003e-24 -6.8236e-27 -3.9912e-30 -6.9912e-34 -2.9347e-38 -2.2516e-43 -2.2679e-49 -1.9972e-56 -9.3063e-65 -1.2291e-74 -2.1073e-86 -1.7535e-100 -2.0315e-117 -6.6338e-138 -7.7745e-163 -2.2339e-193 -4.6161e-231 -6.2953e-278 0.0000e+00 0.0000e+00 0.0000e+00 0.0000e+00 0.0000e+00 0.0000e+00 0.0000e+00 0.0000e+00 0.0000e+00 0.0000e+00 0.0000e+00 0.0000e+00 0.0000e+00 0.0000e+00 0.0000e+00 0.0000e+00 0.0000e+00 0.0000e+00 0.0000e+00 0.0000e+00 0.0000e+00 0.0000e+00 1.2944e-07 3.6636e-07 6.7384e-07 1.0391e-06 1.4549e-06 1.9167e-06 2.4209e-06 2.9649e-06 3.5459e-06 4.1613e-06 4.8083e-06 5.4835e-06 6.1828e-06 6.9012e-06 0.0000e+00 8.3701e-06 9.1045e-06 9.8255e-06 1.0521e-05 1.1178e-05 1.1780e-05 1.2311e-05 1.2753e-05 1.3087e-05 1.3295e-05 1.3359e-05 1.3265e-05 1.3001e-05 1.2561e-05 1.1945e-05 1.1163e-05 1.0232e-05 9.1791e-06 8.0393e-06 6.8554e-06 5.6740e-06 4.5421e-06 3.5028e-06 2.5906e-06 1.8281e-06 1.2238e-06 7.7207e-07 4.5562e-07 2.4938e-07 1.2538e-07 5.7259e-08 2.3455e-08 8.4929e-09 2.6732e-09 7.1748e-10 1.6058e-10 2.9204e-11 4.1888e-12 4.5757e-13 3.6546e-14 2.0346e-15 7.4639e-17 1.6882e-18 2.1754e-20 1.4533e-22 4.4923e-25 5.5909e-28 2.3549e-31 2.6707e-35 5.7365e-40 6.8236e-46 -2.5826e-51 -4.7471e-58 -3.1825e-66 -5.2575e-76 -1.0456e-87 -9.6178e-102 -1.1907e-118 -4.0499e-139 -4.8433e-164 -1.3963e-194 -2.8529e-232 -3.7982e-279 0.0000e+00 0.0000e+00 0.0000e+00 0.0000e+00 0.0000e+00 0.0000e+00 0.0000e+00 0.0000e+00 0.0000e+00 0.0000e+00 0.0000e+00 0.0000e+00 0.0000e+00 0.0000e+00 0.0000e+00 0.0000e+00 0.0000e+00 0.0000e+00 0.0000e+00 0.0000e+00 0.0000e+00 0.0000e+00
-1.4194e-07 -4.0176e-07 -7.3894e-07 -1.1395e-06 -1.5955e-06 -2.1021e-06 -2.6553e-06 -3.2523e-06 -3.8904e-06 -4.5669e-06 -5.2789e-06 -6.0232e-06 -6.7957e-06 -7.5915e-06 -8.4049e-06 2.0970e-03 -1.0054e-05 -1.0871e-05 -1.1667e-05 -1.2429e-05 -1.3141e-05 -1.3785e-05 -1.4342e-05 -1.4793e-05 -1.5117e-05 -1.5294e-05 -1.5306e-05 -1.5136e-05 -1.4773e-05 -1.4213e-05 -1.3457e-05 -1.2518e-05 -1.1418e-05 -1.0188e-05 -8.8709e-06 -7.5151e-06 -6.1739e-06 -4.9004e-06 -3.7418e-06 -2.7353e-06 -1.9038e-06 -1.2537e-06 -7.7554e-07 -4.4698e-07 -2.3779e-07 -1.1551e-07 -5.0614e-08 -1.9722e-08 -6.7236e-09 -1.9681e-09 -4.8399e-10 -9.7512e-11 -1.5632e-11 -1.9272e-12 -1.7563e-13 -1.1294e-14 -4.8530e-16 -1.3070e-17 -2.0453e-19 -1.7001e-21 -6.7470e-24 -1.1254e-26 -6.7723e-30 -1.2231e-33 -5.3072e-38 -4.2211e-43 -4.4217e-49 -4.0644e-56 -1.9851e-64 -2.7611e-74 -5.0122e-86 -4.4431e-100 -5.5230e-117 -1.9509e-137 -2.4966e-162 -7.9203e-193 -1.8304e-230 -2.8346e-277 0.0000e+00 0.0000e+00 0.0000e+00 0.0000e+00 0.0000e+00 0.0000e+00 0.0000e+00 0.0000e+00 0.0000e+00 0.0000e+00 0.0000e+00 0.0000e+00 0.0000e+00 0.0000e+00 0.0000e+00 0.0000e+00 0.0000e+00 0.0000e+00 0.0000e+00 0.0000e+00 0.0000e+00 0.0000e+00 1.4194e-07 4.0176e-07 7.3893e-07 1.1394e-06 1.5955e-06 2.1018e-06 2.6548e-06 3.2513e-06 3.8884e-06 4.5633e-06 5.2728e-06 6.0132e-06 6.7800e-06 7.5679e-06 8.3701e-06 0.0000e+00 9.9840e-06 1.0775e-05 1.1538e-05 1.2258e-05 1.2918e-05 1.3501e-05 1.3985e-05 1.4351e-05 1.4579e-05 1.4649e-05 1.4546e-05 1.4256e-05 1.3774e-05 1.3099e-05 1.2241e-05 1.1220e-05 1.0065e-05 8.8151e-06 7.5167e-06 6.2210e-06 4.9798e-06 3.8400e-06 2.8397e-06 2.0037e-06 1.3411e-06 8.4589e-07 4.9905e-07 2.7306e-07 1.3722e-07 6.2629e-08 2.5635e-08 9.2731e-09 2.9151e-09 7.8105e-10 1.7441e-10 3.1627e-11 4.5183e-12 4.9095e-13 3.8930e-14 2.1459e-15 7.7634e-17 1.7213e-18 2.1540e-20 1.3757e-22 3.9511e-25 4.3080e-28 1.3596e-31 4.8053e-36 -5.4174e-40 -9.4552e-45 -1.4473e-50 -1.6788e-57 -9.5740e-66 -1.4807e-75 -2.8883e-87 -2.6816e-101 -3.4213e-118 -1.2199e-138 -1.5539e-163 -4.8464e-194 -1.0890e-231 -1.6234e-278 0.0000e+00 0.0000e+00 0.0000e+00 0.0000e+00 0.0000e+00 0.0000e+00 0.0000e+00 0.0000e+00 0.0000e+00 0.0000e+00 0.0000e+00 0.0000e+00 0.0000e+00 0.0000e+00 0.0000e+00 0.0000e+00 0.0000e+00 0.0000e+00 0.0000e+00 0.0000e+00 0.0000e+00 0.0000e+00
-1.5439e-07 -4.3701e-07 -8.0377e-07 -1.2394e-06 -1.7356e-06 -2.2866e-06 -2.8884e-06 -3.5380e-06 -4.2323e-06 -4.9687e-06 -5.7440e-06 -6.5548e-06 -7.3968e-06 -8.2650e-06 -9.1532e-06 -1.0054e-05 2.7019e-03 -1.1855e-05 -1.2731e-05 -1.3573e-05 -1.4363e-05 -1.5084e-05 -1.5713e-05 -1.6231e-05 -1.6614e-05 -1.6840e-05 -1.6889e-05 -1.6743e-05 -1.6387e-05 -1.5815e-05 -1.5026e-05 -1.4033e-05 -1.2855e-05 -1.1525e-05 -1.0088e-05 -8.5960e-06 -7.1068e-06 -5.6797e-06 -4.3694e-06 -3.2199e-06 -2.2606e-06 -1.5025e-06 -9.3868e-07 -5.4673e-07 -2.9411e-07 -1.4457e-07 -6.4134e-08 -2.5318e-08 -8.7503e-09 -2.5983e-09 -6.4867e-10 -1.3277e-10 -2.1638e-11 -2.7144e-12 -2.5191e-13 -1.6514e-14 -7.2416e-16 -1.9927e-17 -3.1906e-19 -2.7178e-21 -1.1072e-23 -1.8995e-26 -1.1782e-29 -2.1988e-33 -9.8862e-38 -8.1731e-43 -8.9307e-49 -8.5974e-56 -4.4175e-64 -6.4973e-74 -1.2545e-85 -1.1907e-99 -1.5969e-116 -6.1398e-137 -8.6403e-162 -3.0502e-192 -7.9536e-230 -1.4127e-276 0.0000e+00 0.0000e+00 0.0000e+00 0.0000e+00 0.0000e+00 0.0000e+00 0.0000e+00 0.0000e+00 0.0000e+00 0.0000e+00 0.0000e+00 0.0000e+00 0.0000e+00 0.0000e+00 0.0000e+00 0.0000e+00 0.0000e+00 0.0000e+00 0.0000e+00 0.0000e+00 0.0000e+00 0.0000e+00 1.5439e-07 4.3701e-07 8.0376e-07 1.2394e-06 1.7354e-06 2.2863e-06 2.8877e-06 3.5365e-06 4.2295e-06 4.9637e-06 5.7354e-06 6.5408e-06 7.3749e-06 8.2319e-06 9.1045e-06 9.9840e-06 0.0000e+00 1.1720e-05 1.2550e-05 1.3333e-05 1.4052e-05 1.4685e-05 1.5212e-05 1.5610e-05 1.5858e-05 1.5935e-05 1.5822e-05 1.5507e-05 1.4982e-05 1.4247e-05 1.3314e-05 1.2203e-05 1.0947e-05 9.5869e-06 8.1744e-06 6.7649e-06 5.4146e-06 4.1749e-06 3.0869e-06 2.1776e-06 1.4571e-06 9.1877e-07 5.4181e-07 2.9628e-07 1.4878e-07 6.7841e-08 2.7733e-08 1.0016e-08 3.1416e-09 8.3933e-10 1.8671e-10 3.3684e-11 4.7789e-12 5.1434e-13 4.0246e-14 2.1769e-15 7.6600e-17 1.6281e-18 1.9032e-20 1.0771e-22 2.3967e-25 1.0757e-28 -9.8618e-32 -4.5129e-35 -3.0532e-39 -3.2323e-44 -4.1639e-50 -4.4905e-57 -2.4953e-65 -3.8671e-75 -7.7084e-87 -7.4294e-101 -9.9777e-118 -3.7956e-138 -5.2286e-163 -1.7895e-193 -4.4841e-231 -7.5894e-278 0.0000e+00 0.0000e+00 0.0000e+00 0.0000e+00 0.0000e+00 0.0000e+00 0.0000e+00 0.0000e+00 0.0000e+00 0.0000e+00 0.0000e+00 0.0000e+00 0.0000e+00 0.0000e+00 0.0000e+00 0.0000e+00 0.0000e+00 0.0000e+00 0.0000e+00 0.0000e+00 0.0000e+00 0.0000e+00
