4.7193e-12 -4.0090e-12 -1.1065e-11 -2.2766e-11 -3.9887e-11 -6.3144e-11 -9.3224e-11 -1.3080e-10 -1.7656e-10 -2.3119e-10 -2.9541e-10 -3.6997e-10 -4.5564e-10 -5.5326e-10 -6.6371e-10 -7.8793e-10 -9.2693e-10 -1.0818e-09 -1.2536e-09 -1.4438e-09 -1.6535e-09 -1.8843e-09 -2.1378e-09 -2.4156e-09 -2.7195e-09 -3.0514e-09 -3.4136e-09 -3.8082e-09 -4.2375e-09 -4.7042e-09 -5.2108e-09 -5.7601e-09 -6.3549e-09 -6.9981e-09 -7.6926e-09 -8.4410e-09 -9.2458e-09 -1.0109e-08 -1.1032e-08 -1.2015e-08 -1.3058e-08 -1.4157e-08 -1.5307e-08 -1.6500e-08 -1.7722e-08 -1.8956e-08 -2.0177e-08 -2.1351e-08 -2.2436e-08 -2.3378e-08 -2.4115e-08 -2.4571e-08 -2.4664e-08 -2.4310e-08 -2.3433e-08 -2.1978e-08 -1.9933e-08 -1.7343e-08 -1.4336e-08 -1.1119e-08 -7.9660e-09 -5.1685e-09 -2.9610e-09 -1.4501e-09 -5.8220e-10 -1.8155e-10 -4.0973e-11 -6.1008e-12 -5.3027e-13 -2.2858e-14 -3.9264e-16 -1.9984e-18 -2.0100e-21 -2.2846e-25 -1.3451e-30 -1.3643e-37 -4.9418e-47 -6.5393e-60 -1.1066e-77 -1.5984e-102 -9.6817e-138 -1.8191e-188 -7.8811e-263 -0.0000e+00 -0.0000e+00 -0.0000e+00 -0.0000e+00 -0.0000e+00 -0.0000e+00 -0.0000e+00 -0.0000e+00 -0.0000e+00 -0.0000e+00 -0.0000e+00 -0.0000e+00 -0.0000e+00 -0.0000e+00 -0.0000e+00 -0.0000e+00 -0.0000e+00 0.0000e+00 -4.0090e-12 -1.1065e-11 -2.2766e-11 -3.9887e-11 -6.3144e-11 -9.3224e-11 -1.3080e-10 -1.7656e-10 -2.3119e-10 -2.9541e-10 -3.6997e-10 -4.5564e-10 -5.5326e-10 -6.6371e-10 -7.8793e-10 -9.2693e-10 -1.0818e-09 -1.2536e-09 -1.4438e-09 -1.6535e-09 -1.8843e-09 -2.1378e-09 -2.4156e-09 -2.7195e-09 -3.0514e-09 -3.4136e-09 -3.8082e-09 -4.2375e-09 -4.7042e-09 -5.2108e-09 -5.7601e-09 -6.3549e-09 -6.9981e-09 -7.6926e-09 -8.4410e-09 -9.2458e-09 -1.0109e-08 -1.1032e-08 -1.2015e-08 -1.3058e-08 -1.4157e-08 -1.5307e-08 -1.6500e-08 -1.7722e-08 -1.8956e-08 -2.0177e-08 -2.1351e-08 -2.2436e-08 -2.3378e-08 -2.4115e-08 -2.4571e-08 -2.4664e-08 -2.4310e-08 -2.3433e-08 -2.1978e-08 -1.9933e-08 -1.7343e-08 -1.4336e-08 -1.1119e-08 -7.9660e-09 -5.1685e-09 -2.9610e-09 -1.4501e-09 -5.8220e-10 -1.8155e-10 -4.0973e-11 -6.1008e-12 -5.3027e-13 -2.2858e-14 -3.9264e-16 -1.9984e-18 -2.0100e-21 -2.2846e-25 -1.3451e-30 -1.3643e-37 -4.9418e-47 -6.5393e-60 -1.1066e-77 -1.5984e-102 -9.6817e-138 -1.8191e-188 -7.8811e-263 -0.0000e+00 -0.0000e+00 -0.0000e+00 -0.0000e+00 -0.0000e+00 -0.0000e+00 -0.0000e+00 -0.0000e+00 -0.0000e+00 -0.0000e+00 -0.0000e+00 -0.0000e+00 -0.0000e+00 -0.0000e+00 -0.0000e+00 -0.0000e+00 -0.0000e+00
-4.0090e-12 -1.1618e-08 -6.2656e-11 -1.2891e-10 -2.2585e-10 -3.5754e-10 -5.2786e-10 -7.4065e-10 -9.9975e-10 -1.3091e-09 -1.6727e-09 -2.0949e-09 -2.5800e-09 -3.1328e-09 -3.7582e-09 -4.4615e-09 -5.2486e-09 -6.1254e-09 -7.0986e-09 -8.1752e-09 -9.3628e-09 -1.0670e-08 -1.2105e-08 -1.3678e-08 -1.5399e-08 -1.7278e-08 -1.9329e-08 -2.1563e-08 -2.3994e-08 -2.6637e-08 -2.9505e-08 -3.2615e-08 -3.5983e-08 -3.9626e-08 -4.3558e-08 -4.7796e-08 -5.2353e-08 -5.7241e-08 -6.2467e-08 -6.8035e-08 -7.3938e-08 -8.0161e-08 -8.6673e-08 -9.3427e-08 -1.0035e-07 -1.0734e-07 -1.1425e-07 -1.2090e-07 -1.2704e-07 -1.3238e-07 -1.3655e-07 -1.3913e-07 -1.3965e-07 -1.3765e-07 -1.3268e-07 -1.2445e-07 -1.1287e-07 -9.8204e-08 -8.1174e-08 -6.2958e-08 -4.5106e-08 -2.9266e-08 -1.6766e-08 -8.2107e-09 -3.2966e-09 -1.0280e-09 -2.3200e-10 -3.4545e-11 -3.0026e-12 -1.2943e-13 -2.2233e-15 -1.1315e-17 -1.1381e-20 -1.2936e-24 -7.6164e-30 -7.7252e-37 -2.7982e-46 -3.7028e-59 -6.2657e-77 -9.0508e-102 -5.4821e-137 -1.0301e-187 -4.4625e-262 -0.0000e+00 -0.0000e+00 -0.0000e+00 -0.0000e+00 -0.0000e+00 -0.0000e+00 -0.0000e+00 -0.0000e+00 -0.0000e+00 -0.0000e+00 -0.0000e+00 -0.0000e+00 -0.0000e+00 -0.0000e+00 -0.0000e+00 -0.0000e+00 -0.0000e+00 -4.0090e-12 0.0000e+00 -6.2656e-11 -1.2891e-10 -2.2585e-10 -3.5754e-10 -5.2786e-10 -7.4065e-10 -9.9975e-10 -1.3091e-09 -1.6727e-09 -2.0949e-09 -2.5800e-09 -3.1328e-09 -3.7582e-09 -4.4615e-09 -5.2486e-09 -6.1254e-09 -7.0986e-09 -8.1752e-09 -9.3628e-09 -1.0670e-08 -1.2105e-08 -1.3678e-08 -1.5399e-08 -1.7278e-08 -1.9329e-08 -2.1563e-08 -2.3994e-08 -2.6637e-08 -2.9505e-08 -3.2615e-08 -3.5983e-08 -3.9626e-08 -4.3558e-08 -4.7796e-08 -5.2353e-08 -5.7241e-08 -6.2467e-08 -6.8035e-08 -7.3938e-08 -8.0161e-08 -8.6673e-08 -9.3427e-08 -1.0035e-07 -1.0734e-07 -1.1425e-07 -1.2090e-07 -1.2704e-07 -1.3238e-07 -1.3655e-07 -1.3913e-07 -1.3965e-07 -1.3765e-07 -1.3268e-07 -1.2445e-07 -1.1287e-07 -9.8204e-08 -8.1174e-08 -6.2958e-08 -4.5106e-08 -2.9266e-08 -1.6766e-08 -8.2107e-09 -3.2966e-09 -1.0280e-09 -2.3200e-10 -3.4545e-11 -3.0026e-12 -1.2943e-13 -2.2233e-15 -1.1315e-17 -1.1381e-20 -1.2936e-24 -7.6164e-30 -7.7252e-37 -2.7982e-46 -3.7028e-59 -6.2657e-77 -9.0508e-102 -5.4821e-137 -1.0301e-187 -4.4625e-262 -0.0000e+00 -0.0000e+00 -0.0000e+00 -0.0000e+00 -0.0000e+00 -0.0000e+00 -0.0000e+00 -0.0000e+00 -0.0000e+00 -0.0000e+00 -0.0000e+00 -0.0000e+00 -0.0000e+00 -0.0000e+00 -0.0000e+00 -0.0000e+00 -0.0000e+00
-1.1065e-11 -6.2656e-11 3.4537e-09 -3.5581e-10 -6.2338e-10 -9.8686e-10 -1.4570e-09 -2.0443e-09 -2.7594e-09 -3.6133e-09 -4.6169e-09 -5.7821e-09 -7.1211e-09 -8.6468e-09 -1.0373e-08 -1.2314e-08 -1.4487e-08 -1.6907e-08 -1.9593e-08 -2.2564e-08 -2.5843e-08 -2.9450e-08 -3.3411e-08 -3.7752e-08 -4.2502e-08 -4.7690e-08 -5.3350e-08 -5.9517e-08 -6.6227e-08 -7.3520e-08 -8.1438e-08 -9.0022e-08 -9.9319e-08 -1.0937e-07 -1.2023e-07 -1.3192e-07 -1.4450e-07 -1.5799e-07 -1.7242e-07 -1.8778e-07 -2.0408e-07 -2.2125e-07 -2.3923e-07 -2.5787e-07 -2.7698e-07 -2.9626e-07 -3.1534e-07 -3.3369e-07 -3.5064e-07 -3.6538e-07 -3.7689e-07 -3.8401e-07 -3.8546e-07 -3.7993e-07 -3.6622e-07 -3.4349e-07 -3.1152e-07 -2.7106e-07 -2.2405e-07 -1.7377e-07 -1.2450e-07 -8.0777e-08 -4.6277e-08 -2.2663e-08 -9.0990e-09 -2.8373e-09 -6.4036e-10 -9.5348e-11 -8.2875e-12 -3.5725e-13 -6.1365e-15 -3.1232e-17 -3.1414e-20 -3.5705e-24 -2.1022e-29 -2.1323e-36 -7.7234e-46 -1.0220e-58 -1.7294e-76 -2.4981e-101 -1.5131e-136 -2.8431e-187 -1.2317e-261 -0.0000e+00 -0.0000e+00 -0.0000e+00 -0.0000e+00 -0.0000e+00 -0.0000e+00 -0.0000e+00 -0.0000e+00 -0.0000e+00 -0.0000e+00 -0.0000e+00 -0.0000e+00 -0.0000e+00 -0.0000e+00 -0.0000e+00 -0.0000e+00 -0.0000e+00 -1.1065e-11 -6.2656e-11 0.0000e+00 -3.5581e-10 -6.2338e-10 -9.8686e-10 -1.4570e-09 -2.0443e-09 -2.7594e-09 -3.6133e-09 -4.6169e-09 -5.7821e-09 -7.1211e-09 -8.6468e-09 -1.0373e-08 -1.2314e-08 -1.4487e-08 -1.6907e-08 -1.9593e-08 -2.2564e-08 -2.5843e-08 -2.9450e-08 -3.3411e-08 -3.7752e-08 -4.2502e-08 -4.7690e-08 -5.3350e-08 -5.9517e-08 -6.6227e-08 -7.3520e-08 -8.1438e-08 -9.0022e-08 -9.9319e-08 -1.0937e-07 -1.2023e-07 -1.3192e-07 -1.4450e-07 -1.5799e-07 -1.7242e-07 -1.8778e-07 -2.0408e-07 -2.2125e-07 -2.3923e-07 -2.5787e-07 -2.7698e-07 -2.9626e-07 -3.1534e-07 -3.3369e-07 -3.5064e-07 -3.6538e-07 -3.7689e-07 -3.8401e-07 -3.8546e-07 -3.7993e-07 -3.6622e-07 -3.4349e-07 -3.1152e-07 -2.7106e-07 -2.2405e-07 -1.7377e-07 -1.2450e-07 -8.0777e-08 -4.6277e-08 -2.2663e-08 -9.0990e-09 -2.8373e-09 -6.4036e-10 -9.5348e-11 -8.2875e-12 -3.5725e-13 -6.1365e-15 -3.1232e-17 -3.1414e-20 -3.5705e-24 -2.1022e-29 -2.1323e-36 -7.7234e-46 -1.0220e-58 -1.7294e-76 -2.4981e-101 -1.5131e-136 -2.8431e-187 -1.2317e-261 -0.0000e+00 -0.0000e+00 -0.0000e+00 -0.0000e+00 -0.0000e+00 -0.0000e+00 -0.0000e+00 -0.0000e+00 -0.0000e+00 -0.0000e+00 -0.0000e+00 -0.0000e+00 -0.0000e+00 -0.0000e+00 -0.0000e+00 -0.0000e+00 -0.0000e+00
-2.2766e-11 -1.2891e-10 -3.5581e-10 1.9471e-08 -1.2826e-09 -2.0304e-09 -2.9976e-09 -4.2060e-09 -5.6774e-09 -7.4341e-09 -9.4991e-09 -1.1896e-08 -1.4651e-08 -1.7790e-08 -2.1342e-08 -2.5336e-08 -2.9806e-08 -3.4785e-08 -4.0311e-08 -4.6425e-08 -5.3170e-08 -6.0592e-08 -6.8742e-08 -7.7673e-08 -8.7445e-08 -9.8120e-08 -1.0977e-07 -1.2245e-07 -1.3626e-07 -1.5126e-07 -1.6755e-07 -1.8522e-07 -2.0434e-07 -2.2503e-07 -2.4736e-07 -2.7142e-07 -2.9730e-07 -3.2506e-07 -3.5474e-07 -3.8636e-07 -4.1988e-07 -4.5522e-07 -4.9220e-07 -5.3056e-07 -5.6987e-07 -6.0955e-07 -6.4879e-07 -6.8654e-07 -7.2143e-07 -7.5174e-07 -7.7542e-07 -7.9008e-07 -7.9306e-07 -7.8168e-07 -7.5349e-07 -7.0672e-07 -6.4095e-07 -5.5768e-07 -4.6097e-07 -3.5752e-07 -2.5615e-07 -1.6619e-07 -9.5211e-08 -4.6627e-08 -1.8721e-08 -5.8377e-09 -1.3175e-09 -1.9617e-10 -1.7051e-11 -7.3502e-13 -1.2626e-14 -6.4258e-17 -6.4633e-20 -7.3462e-24 -4.3252e-29 -4.3870e-36 -1.5890e-45 -2.1027e-58 -3.5582e-76 -5.1398e-101 -3.1132e-136 -5.8495e-187 -2.5342e-261 -0.0000e+00 -0.0000e+00 -0.0000e+00 -0.0000e+00 -0.0000e+00 -0.0000e+00 -0.0000e+00 -0.0000e+00 -0.0000e+00 -0.0000e+00 -0.0000e+00 -0.0000e+00 -0.0000e+00 -0.0000e+00 -0.0000e+00 -0.0000e+00 -0.0000e+00 -2.2766e-11 -1.2891e-10 -3.5581e-10 0.0000e+00 -1.2826e-09 -2.0304e-09 -2.9976e-09 -4.2060e-09 -5.6774e-09 -7.4341e-09 -9.4991e-09 -1.1896e-08 -1.4651e-08 -1.7790e-08 -2.1342e-08 -2.5336e-08 -2.9806e-08 -3.4785e-08 -4.0311e-08 -4.6425e-08 -5.3170e-08 -6.0592e-08 -6.8742e-08 -7.7673e-08 -8.7445e-08 -9.8120e-08 -1.0977e-07 -1.2245e-07 -1.3626e-07 -1.5126e-07 -1.6755e-07 -1.8522e-07 -2.0434e-07 -2.2503e-07 -2.4736e-07 -2.7142e-07 -2.9730e-07 -3.2506e-07 -3.5474e-07 -3.8636e-07 -4.1988e-07 -4.5522e-07 -4.9220e-07 -5.3056e-07 -5.6987e-07 -6.0955e-07 -6.4879e-07 -6.8654e-07 -7.2143e-07 -7.5174e-07 -7.7542e-07 -7.9008e-07 -7.9306e-07 -7.8168e-07 -7.5349e-07 -7.0672e-07 -6.4095e-07 -5.5768e-07 -4.6097e-07 -3.5752e-07 -2.5615e-07 -1.6619e-07 -9.5211e-08 -4.6627e-08 -1.8721e-08 -5.8377e-09 -1.3175e-09 -1.9617e-10 -1.7051e-11 -7.3502e-13 -1.2626e-14 -6.4258e-17 -6.4633e-20 -7.3462e-24 -4.3252e-29 -4.3870e-36 -1.5890e-45 -2.1027e-58 -3.5582e-76 -5.1398e-101 -3.1132e-136 -5.8495e-187 -2.5342e-261 -0.0000e+00 -0.0000e+00 -0.0000e+00 -0.0000e+00 -0.0000e+00 -0.0000e+00 -0.0000e+00 -0.0000e+00 -0.0000e+00 -0.0000e+00 -0.0000e+00 -0.0000e+00 -0.0000e+00 -0.0000e+00 -0.0000e+00 -0.0000e+00 -0.0000e+00
-3.9887e-11 -2.2585e-10 -6.2338e-10 -1.2826e-09 7.4881e-08 -3.5573e-09 -5.2519e-09 -7.3690e-09 -9.9469e-09 -1.3025e-08 -1.6643e-08 -2.0843e-08 -2.5669e-08 -3.1169e-08 -3.7391e-08 -4.4389e-08 -5.2220e-08 -6.0944e-08 -7.0626e-08 -8.1338e-08 -9.3154e-08 -1.0616e-07 -1.2044e-07 -1.3608e-07 -1.5321e-07 -1.7191e-07 -1.9231e-07 -2.1454e-07 -2.3873e-07 -2.6502e-07 -2.9356e-07 -3.2450e-07 -3.5801e-07 -3.9425e-07 -4.3337e-07 -4.7554e-07 -5.2088e-07 -5.6951e-07 -6.2151e-07 -6.7690e-07 -7.3563e-07 -7.9755e-07 -8.6235e-07 -9.2954e-07 -9.9842e-07 -1.0679e-06 -1.1367e-06 -1.2028e-06 -1.2640e-06 -1.3171e-06 -1.3586e-06 -1.3842e-06 -1.3895e-06 -1.3695e-06 -1.3201e-06 -1.2382e-06 -1.1229e-06 -9.7707e-07 -8.0763e-07 -6.2639e-07 -4.4878e-07 -2.9117e-07 -1.6681e-07 -8.1691e-08 -3.2799e-08 -1.0228e-08 -2.3083e-09 -3.4370e-10 -2.9874e-11 -1.2878e-12 -2.2120e-14 -1.1258e-16 -1.1324e-19 -1.2871e-23 -7.5779e-29 -7.6861e-36 -2.7841e-45 -3.6841e-58 -6.2341e-76 -9.0052e-101 -5.4545e-136 -1.0249e-186 -4.4402e-261 -0.0000e+00 -0.0000e+00 -0.0000e+00 -0.0000e+00 -0.0000e+00 -0.0000e+00 -0.0000e+00 -0.0000e+00 -0.0000e+00 -0.0000e+00 -0.0000e+00 -0.0000e+00 -0.0000e+00 -0.0000e+00 -0.0000e+00 -0.0000e+00 -0.0000e+00 -3.9887e-11 -2.2585e-10 -6.2338e-10 -1.2826e-09 0.0000e+00 -3.5573e-09 -5.2519e-09 -7.3690e-09 -9.9469e-09 -1.3025e-08 -1.6643e-08 -2.0843e-08 -2.5669e-08 -3.1169e-08 -3.7391e-08 -4.4389e-08 -5.2220e-08 -6.0944e-08 -7.0626e-08 -8.1338e-08 -9.3154e-08 -1.0616e-07 -1.2044e-07 -1.3608e-07 -1.5321e-07 -1.7191e-07 -1.9231e-07 -2.1454e-07 -2.3873e-07 -2.6502e-07 -2.9356e-07 -3.2450e-07 -3.5801e-07 -3.9425e-07 -4.3337e-07 -4.7554e-07 -5.2088e-07 -5.6951e-07 -6.2151e-07 -6.7690e-07 -7.3563e-07 -7.9755e-07 -8.6235e-07 -9.2954e-07 -9.9842e-07 -1.0679e-06 -1.1367e-06 -1.2028e-06 -1.2640e-06 -1.3171e-06 -1.3586e-06 -1.3842e-06 -1.3895e-06 -1.3695e-06 -1.3201e-06 -1.2382e-06 -1.1229e-06 -9.7707e-07 -8.0763e-07 -6.2639e-07 -4.4878e-07 -2.9117e-07 -1.6681e-07 -8.1691e-08 -3.2799e-08 -1.0228e-08 -2.3083e-09 -3.4370e-10 -2.9874e-11 -1.2878e-12 -2.2120e-14 -1.1258e-16 -1.1324e-19 -1.2871e-23 -7.5779e-29 -7.6861e-36 -2.7840e-45 -3.6840e-58 -6.2340e-76 -9.0051e-101 -5.4544e-136 -1.0249e-186 -4.4400e-261 -0.0000e+00 -0.0000e+00 -0.0000e+00 -0.0000e+00 -0.0000e+00 -0.0000e+00 -0.0000e+00 -0.0000e+00 -0.0000e+00 -0.0000e+00 -0.0000e+00 -0.0000e+00 -0.0000e+00 -0.0000e+00 -0.0000e+00 -0.0000e+00 -0.0000e+00
-6.3144e-11 -3.5754e-10 -9.8686e-10 -2.0304e-09 -3.5573e-09 2.2486e-07 -8.3141e-09 -1.1666e-08 -1.5747e-08 -2.0619e-08 -2.6346e-08 -3.2995e-08 -4.0636e-08 -4.9342e-08 -5.9193e-08 -7.0271e-08 -8.2667e-08 -9.6478e-08 -1.1181e-07 -1.2876e-07 -1.4747e-07 -1.6805e-07 -1.9066e-07 -2.1543e-07 -2.4253e-07 -2.7214e-07 -3.0444e-07 -3.3963e-07 -3.7792e-07 -4.1954e-07 -4.6472e-07 -5.1371e-07 -5.6676e-07 -6.2412e-07 -6.8606e-07 -7.5280e-07 -8.2458e-07 -9.0157e-07 -9.8389e-07 -1.0716e-06 -1.1646e-06 -1.2626e-06 -1.3651e-06 -1.4715e-06 -1.5806e-06 -1.6906e-06 -1.7995e-06 -1.9042e-06 -2.0009e-06 -2.0850e-06 -2.1507e-06 -2.1913e-06 -2.1996e-06 -2.1680e-06 -2.0898e-06 -1.9601e-06 -1.7777e-06 -1.5468e-06 -1.2785e-06 -9.9161e-07 -7.1044e-07 -4.6095e-07 -2.6407e-07 -1.2932e-07 -5.1923e-08 -1.6191e-08 -3.6542e-09 -5.4410e-10 -4.7292e-11 -2.0386e-12 -3.5018e-14 -1.7822e-16 -1.7926e-19 -2.0375e-23 -1.1996e-28 -1.2168e-35 -4.4074e-45 -5.8323e-58 -9.8693e-76 -1.4257e-100 -8.6354e-136 -1.6226e-186 -7.0301e-261 -0.0000e+00 -0.0000e+00 -0.0000e+00 -0.0000e+00 -0.0000e+00 -0.0000e+00 -0.0000e+00 -0.0000e+00 -0.0000e+00 -0.0000e+00 -0.0000e+00 -0.0000e+00 -0.0000e+00 -0.0000e+00 -0.0000e+00 -0.0000e+00 -0.0000e+00 -6.3144e-11 -3.5754e-10 -9.8686e-10 -2.0304e-09 -3.5573e-09 0.0000e+00 -8.3141e-09 -1.1666e-08 -1.5747e-08 -2.0619e-08 -2.6346e-08 -3.2995e-08 -4.0636e-08 -4.9342e-08 -5.9193e-08 -7.0271e-08 -8.2667e-08 -9.6478e-08 -1.1181e-07 -1.2876e-07 -1.4747e-07 -1.6805e-07 -1.9066e-07 -2.1543e-07 -2.4253e-07 -2.7214e-07 -3.0444e-07 -3.3963e-07 -3.7792e-07 -4.1954e-07 -4.6472e-07 -5.1371e-07 -5.6676e-07 -6.2412e-07 -6.8606e-07 -7.5280e-07 -8.2458e-07 -9.0157e-07 -9.8389e-07 -1.0716e-06 -1.1646e-06 -1.2626e-06 -1.3651e-06 -1.4715e-06 -1.5806e-06 -1.6906e-06 -1.7995e-06 -1.9042e-06 -2.0009e-06 -2.0850e-06 -2.1507e-06 -2.1913e-06 -2.1996e-06 -2.1680e-06 -2.0898e-06 -1.9601e-06 -1.7777e-06 -1.5468e-06 -1.2785e-06 -9.9161e-07 -7.1044e-07 -4.6095e-07 -2.6407e-07 -1.2932e-07 -5.1923e-08 -1.6191e-08 -3.6542e-09 -5.4410e-10 -4.7292e-11 -2.0386e-12 -3.5018e-14 -1.7822e-16 -1.7926e-19 -2.0375e-23 -1.1996e-28 -1.2168e-35 -4.4073e-45 -5.8321e-58 -9.8690e-76 -1.4256e-100 -8.6348e-136 -1.6225e-186 -7.0291e-261 -0.0000e+00 -0.0000e+00 -0.0000e+00 -0.0000e+00 -0.0000e+00 -0.0000e+00 -0.0000e+00 -0.0000e+00 -0.0000e+00 -0.0000e+00 -0.0000e+00 -0.0000e+00 -0.0000e+00 -0.0000e+00 -0.0000e+00 -0.0000e+00 -0.0000e+00
-9.3224e-11 -5.2786e-10 -1.4570e-09 -2.9976e-09 -5.2519e-09 -8.3141e-09 5.7056e-07 -1.7223e-08 -2.3248e-08 -3.0441e-08 -3.8897e-08 -4.8713e-08 -5.9994e-08 -7.2848e-08 -8.7391e-08 -1.0375e-07 -1.2205e-07 -1.4244e-07 -1.6507e-07 -1.9010e-07 -2.1772e-07 -2.4811e-07 -2.8148e-07 -3.1806e-07 -3.5807e-07 -4.0178e-07 -4.4947e-07 -5.0142e-07 -5.5795e-07 -6.1940e-07 -6.8610e-07 -7.5842e-07 -8.3674e-07 -9.2144e-07 -1.0129e-06 -1.1114e-06 -1.2174e-06 -1.3310e-06 -1.4526e-06 -1.5820e-06 -1.7193e-06 -1.8640e-06 -2.0155e-06 -2.1725e-06 -2.3335e-06 -2.4960e-06 -2.6567e-06 -2.8112e-06 -2.9541e-06 -3.0782e-06 -3.1752e-06 -3.2352e-06 -3.2474e-06 -3.2008e-06 -3.0854e-06 -2.8939e-06 -2.6245e-06 -2.2836e-06 -1.8876e-06 -1.4640e-06 -1.0489e-06 -6.8053e-07 -3.8987e-07 -1.9093e-07 -7.6658e-08 -2.3904e-08 -5.3950e-09 -8.0330e-10 -6.9821e-11 -3.0098e-12 -5.1700e-14 -2.6313e-16 -2.6467e-19 -3.0082e-23 -1.7712e-28 -1.7965e-35 -6.5073e-45 -8.6112e-58 -1.4572e-75 -2.1050e-100 -1.2751e-135 -2.3961e-186 -1.0382e-260 -0.0000e+00 -0.0000e+00 -0.0000e+00 -0.0000e+00 -0.0000e+00 -0.0000e+00 -0.0000e+00 -0.0000e+00 -0.0000e+00 -0.0000e+00 -0.0000e+00 -0.0000e+00 -0.0000e+00 -0.0000e+00 -0.0000e+00 -0.0000e+00 -0.0000e+00 -9.3224e-11 -5.2786e-10 -1.4570e-09 -2.9976e-09 -5.2519e-09 -8.3141e-09 0.0000e+00 -1.7223e-08 -2.3248e-08 -3.0441e-08 -3.8897e-08 -4.8713e-08 -5.9994e-08 -7.2848e-08 -8.7391e-08 -1.0375e-07 -1.2205e-07 -1.4244e-07 -1.6507e-07 -1.9010e-07 -2.1772e-07 -2.4811e-07 -2.8148e-07 -3.1806e-07 -3.5807e-07 -4.0178e-07 -4.4947e-07 -5.0142e-07 -5.5795e-07 -6.1940e-07 -6.8610e-07 -7.5842e-07 -8.3674e-07 -9.2144e-07 -1.0129e-06 -1.1114e-06 -1.2174e-06 -1.3310e-06 -1.4526e-06 -1.5820e-06 -1.7193e-06 -1.8640e-06 -2.0155e-06 -2.1725e-06 -2.3335e-06 -2.4960e-06 -2.6567e-06 -2.8112e-06 -2.9541e-06 -3.0782e-06 -3.1752e-06 -3.2352e-06 -3.2474e-06 -3.2008e-06 -3.0854e-06 -2.8939e-06 -2.6245e-06 -2.2836e-06 -1.8876e-06 -1.4640e-06 -1.0489e-06 -6.8053e-07 -3.8987e-07 -1.9093e-07 -7.6657e-08 -2.3904e-08 -5.3949e-09 -8.0329e-10 -6.9821e-11 -3.0098e-12 -5.1699e-14 -2.6312e-16 -2.6466e-19 -3.0081e-23 -1.7711e-28 -1.7964e-35 -6.5070e-45 -8.6106e-58 -1.4571e-75 -2.1048e-100 -1.2749e-135 -2.3955e-186 -1.0379e-260 -0.0000e+00 -0.0000e+00 -0.0000e+00 -0.0000e+00 -0.0000e+00 -0.0000e+00 -0.0000e+00 -0.0000e+00 -0.0000e+00 -0.0000e+00 -0.0000e+00 -0.0000e+00 -0.0000e+00 -0.0000e+00 -0.0000e+00 -0.0000e+00 -0.0000e+00
-1.3080e-10 -7.4065e-10 -2.0443e-09 -4.2060e-09 -7.3690e-09 -1.1666e-08 -1.7223e-08 1.2806e-06 -3.2619e-08 -4.2712e-08 -5.4577e-08 -6.8350e-08 -8.4178e-08 -1.0221e-07 -1.2262e-07 -1.4557e-07 -1.7125e-07 -1.9986e-07 -2.3161e-07 -2.6673e-07 -3.0548e-07 -3.4813e-07 -3.9495e-07 -4.4627e-07 -5.0241e-07 -5.6375e-07 -6.3065e-07 -7.0355e-07 -7.8287e-07 -8.6908e-07 -9.6267e-07 -1.0642e-06 -1.1740e-06 -1.2929e-06 -1.4212e-06 -1.5594e-06 -1.7081e-06 -1.8676e-06 -2.0381e-06 -2.2198e-06 -2.4124e-06 -2.6154e-06 -2.8279e-06 -3.0483e-06 -3.2741e-06 -3.5021e-06 -3.7276e-06 -3.9445e-06 -4.1449e-06 -4.3191e-06 -4.4552e-06 -4.5394e-06 -4.5565e-06 -4.4911e-06 -4.3291e-06 -4.0604e-06 -3.6825e-06 -3.2042e-06 -2.6485e-06 -2.0541e-06 -1.4717e-06 -9.5487e-07 -5.4704e-07 -2.6790e-07 -1.0756e-07 -3.3541e-08 -7.5698e-09 -1.1271e-09 -9.7969e-11 -4.2231e-12 -7.2542e-14 -3.6921e-16 -3.7137e-19 -4.2210e-23 -2.4853e-28 -2.5209e-35 -9.1314e-45 -1.2084e-57 -2.0450e-75 -2.9543e-100 -1.7897e-135 -3.3635e-186 -1.4576e-260 -0.0000e+00 -0.0000e+00 -0.0000e+00 -0.0000e+00 -0.0000e+00 -0.0000e+00 -0.0000e+00 -0.0000e+00 -0.0000e+00 -0.0000e+00 -0.0000e+00 -0.0000e+00 -0.0000e+00 -0.0000e+00 -0.0000e+00 -0.0000e+00 -0.0000e+00 -1.3080e-10 -7.4065e-10 -2.0443e-09 -4.2060e-09 -7.3690e-09 -1.1666e-08 -1.7223e-08 0.0000e+00 -3.2619e-08 -4.2712e-08 -5.4577e-08 -6.8350e-08 -8.4178e-08 -1.0221e-07 -1.2262e-07 -1.4557e-07 -1.7125e-07 -1.9986e-07 -2.3161e-07 -2.6673e-07 -3.0548e-07 -3.4813e-07 -3.9495e-07 -4.4627e-07 -5.0241e-07 -5.6375e-07 -6.3065e-07 -7.0355e-07 -7.8287e-07 -8.6908e-07 -9.6267e-07 -1.0642e-06 -1.1740e-06 -1.2929e-06 -1.4212e-06 -1.5594e-06 -1.7081e-06 -1.8676e-06 -2.0381e-06 -2.2198e-06 -2.4124e-06 -2.6154e-06 -2.8279e-06 -3.0483e-06 -3.2741e-06 -3.5021e-06 -3.7276e-06 -3.9445e-06 -4.1449e-06 -4.3191e-06 -4.4552e-06 -4.5393e-06 -4.5565e-06 -4.4911e-06 -4.3291e-06 -4.0604e-06 -3.6825e-06 -3.2041e-06 -2.6485e-06 -2.0541e-06 -1.4717e-06 -9.5486e-07 -5.4703e-07 -2.6789e-07 -1.0756e-07 -3.3540e-08 -7.5697e-09 -1.1271e-09 -9.7967e-11 -4.2231e-12 -7.2540e-14 -3.6920e-16 -3.7135e-19 -4.2208e-23 -2.4851e-28 -2.5206e-35 -9.1303e-45 -1.2082e-57 -2.0445e-75 -2.9535e-100 -1.7890e-135 -3.3617e-186 -1.4565e-260 -0.0000e+00 -0.0000e+00 -0.0000e+00 -0.0000e+00 -0.0000e+00 -0.0000e+00 -0.0000e+00 -0.0000e+00 -0.0000e+00 -0.0000e+00 -0.0000e+00 -0.0000e+00 -0.0000e+00 -0.0000e+00 -0.0000e+00 -0.0000e+00 -0.0000e+00
-1.7656e-10 -9.9975e-10 -2.7594e-09 -5.6774e-09 -9.9469e-09 -1.5747e-08 -2.3248e-08 -3.2619e-08 2.6179e-06 -5.7654e-08 -7.3669e-08 -9.2262e-08 -1.1363e-07 -1.3797e-07 -1.6551e-07 -1.9649e-07 -2.3115e-07 -2.6977e-07 -3.1263e-07 -3.6005e-07 -4.1235e-07 -4.6991e-07 -5.3312e-07 -6.0239e-07 -6.7817e-07 -7.6096e-07 -8.5128e-07 -9.4967e-07 -1.0567e-06 -1.1731e-06 -1.2994e-06 -1.4364e-06 -1.5848e-06 -1.7452e-06 -1.9184e-06 -2.1050e-06 -2.3057e-06 -2.5210e-06 -2.7511e-06 -2.9963e-06 -3.2563e-06 -3.5304e-06 -3.8172e-06 -4.1147e-06 -4.4195e-06 -4.7273e-06 -5.0316e-06 -5.3244e-06 -5.5950e-06 -5.8301e-06 -6.0137e-06 -6.1274e-06 -6.1505e-06 -6.0623e-06 -5.8436e-06 -5.4809e-06 -4.9708e-06 -4.3251e-06 -3.5750e-06 -2.7728e-06 -1.9866e-06 -1.2889e-06 -7.3841e-07 -3.6162e-07 -1.4519e-07 -4.5275e-08 -1.0218e-08 -1.5215e-09 -1.3224e-10 -5.7007e-12 -9.7924e-14 -4.9839e-16 -5.0132e-19 -5.6982e-23 -3.3551e-28 -3.4032e-35 -1.2328e-44 -1.6315e-57 -2.7613e-75 -3.9896e-100 -2.4172e-135 -4.5439e-186 -1.9699e-260 -0.0000e+00 -0.0000e+00 -0.0000e+00 -0.0000e+00 -0.0000e+00 -0.0000e+00 -0.0000e+00 -0.0000e+00 -0.0000e+00 -0.0000e+00 -0.0000e+00 -0.0000e+00 -0.0000e+00 -0.0000e+00 -0.0000e+00 -0.0000e+00 -0.0000e+00 -1.7656e-10 -9.9975e-10 -2.7594e-09 -5.6774e-09 -9.9469e-09 -1.5747e-08 -2.3248e-08 -3.2619e-08 0.0000e+00 -5.7654e-08 -7.3669e-08 -9.2262e-08 -1.1363e-07 -1.3797e-07 -1.6551e-07 -1.9649e-07 -2.3115e-07 -2.6977e-07 -3.1263e-07 -3.6005e-07 -4.1235e-07 -4.6991e-07 -5.3312e-07 -6.0239e-07 -6.7817e-07 -7.6096e-07 -8.5128e-07 -9.4967e-07 -1.0567e-06 -1.1731e-06 -1.2994e-06 -1.4364e-06 -1.5848e-06 -1.7452e-06 -1.9184e-06 -2.1050e-06 -2.3057e-06 -2.5210e-06 -2.7511e-06 -2.9963e-06 -3.2563e-06 -3.5304e-06 -3.8172e-06 -4.1147e-06 -4.4195e-06 -4.7273e-06 -5.0316e-06 -5.3244e-06 -5.5949e-06 -5.8301e-06 -6.0137e-06 -6.1274e-06 -6.1505e-06 -6.0623e-06 -5.8436e-06 -5.4809e-06 -4.9708e-06 -4.3251e-06 -3.5750e-06 -2.7728e-06 -1.9865e-06 -1.2889e-06 -7.3841e-07 -3.6161e-07 -1.4519e-07 -4.5274e-08 -1.0218e-08 -1.5214e-09 -1.3224e-10 -5.7005e-12 -9.7918e-14 -4.9836e-16 -5.0127e-19 -5.6975e-23 -3.3546e-28 -3.4026e-35 -1.2325e-44 -1.6310e-57 -2.7601e-75 -3.9873e-100 -2.4153e-135 -4.5390e-186 -1.9669e-260 -0.0000e+00 -0.0000e+00 -0.0000e+00 -0.0000e+00 -0.0000e+00 -0.0000e+00 -0.0000e+00 -0.0000e+00 -0.0000e+00 -0.0000e+00 -0.0000e+00 -0.0000e+00 -0.0000e+00 -0.0000e+00 -0.0000e+00 -0.0000e+00 -0.0000e+00
-2.3119e-10 -1.3091e-09 -3.6133e-09 -7.4341e-09 -1.3025e-08 -2.0619e-08 -3.0441e-08 -4.2712e-08 -5.7654e-08 4.9719e-06 -9.6464e-08 -1.2081e-07 -1.4878e-07 -1.8066e-07 -2.1673e-07 -2.5729e-07 -3.0268e-07 -3.5324e-07 -4.0936e-07 -4.7145e-07 -5.3994e-07 -6.1531e-07 -6.9807e-07 -7.8878e-07 -8.8801e-07 -9.9642e-07 -1.1147e-06 -1.2435e-06 -1.3837e-06 -1.5361e-06 -1.7015e-06 -1.8809e-06 -2.0751e-06 -2.2852e-06 -2.5119e-06 -2.7563e-06 -3.0191e-06 -3.3010e-06 -3.6024e-06 -3.9235e-06 -4.2639e-06 -4.6228e-06 -4.9983e-06 -5.3878e-06 -5.7870e-06 -6.1900e-06 -6.5885e-06 -6.9719e-06 -7.3261e-06 -7.6340e-06 -7.8745e-06 -8.0233e-06 -8.0536e-06 -7.9381e-06 -7.6517e-06 -7.1768e-06 -6.5089e-06 -5.6634e-06 -4.6812e-06 -3.6307e-06 -2.6012e-06 -1.6877e-06 -9.6690e-07 -4.7352e-07 -1.9012e-07 -5.9285e-08 -1.3380e-08 -1.9923e-09 -1.7317e-10 -7.4650e-12 -1.2823e-13 -6.5267e-16 -6.5651e-19 -7.4624e-23 -4.3941e-28 -4.4573e-35 -1.6148e-44 -2.1373e-57 -3.6177e-75 -5.2281e-100 -3.1685e-135 -5.9587e-186 -2.5848e-260 -0.0000e+00 -0.0000e+00 -0.0000e+00 -0.0000e+00 -0.0000e+00 -0.0000e+00 -0.0000e+00 -0.0000e+00 -0.0000e+00 -0.0000e+00 -0.0000e+00 -0.0000e+00 -0.0000e+00 -0.0000e+00 -0.0000e+00 -0.0000e+00 -0.0000e+00 -2.3119e-10 -1.3091e-09 -3.6133e-09 -7.4341e-09 -1.3025e-08 -2.0619e-08 -3.0441e-08 -4.2712e-08 -5.7654e-08 0.0000e+00 -9.6464e-08 -1.2081e-07 -1.4878e-07 -1.8066e-07 -2.1673e-07 -2.5729e-07 -3.0268e-07 -3.5324e-07 -4.0936e-07 -4.7145e-07 -5.3994e-07 -6.1531e-07 -6.9807e-07 -7.8878e-07 -8.8801e-07 -9.9642e-07 -1.1147e-06 -1.2435e-06 -1.3837e-06 -1.5361e-06 -1.7015e-06 -1.8809e-06 -2.0751e-06 -2.2852e-06 -2.5119e-06 -2.7563e-06 -3.0191e-06 -3.3010e-06 -3.6024e-06 -3.9235e-06 -4.2639e-06 -4.6228e-06 -4.9983e-06 -5.3878e-06 -5.7870e-06 -6.1900e-06 -6.5885e-06 -6.9719e-06 -7.3261e-06 -7.6340e-06 -7.8745e-06 -8.0233e-06 -8.0536e-06 -7.9381e-06 -7.6517e-06 -7.1768e-06 -6.5089e-06 -5.6633e-06 -4.6812e-06 -3.6307e-06 -2.6012e-06 -1.6877e-06 -9.6689e-07 -4.7350e-07 -1.9011e-07 -5.9283e-08 -1.3380e-08 -1.9922e-09 -1.7316e-10 -7.4644e-12 -1.2822e-13 -6.5258e-16 -6.5640e-19 -7.4608e-23 -4.3929e-28 -4.4558e-35 -1.6141e-44 -2.1360e-57 -3.6148e-75 -5.2223e-100 -3.1638e-135 -5.9463e-186 -2.5772e-260 -0.0000e+00 -0.0000e+00 -0.0000e+00 -0.0000e+00 -0.0000e+00 -0.0000e+00 -0.0000e+00 -0.0000e+00 -0.0000e+00 -0.0000e+00 -0.0000e+00 -0.0000e+00 -0.0000e+00 -0.0000e+00 -0.0000e+00 -0.0000e+00 -0.0000e+00
-2.9541e-10 -1.6727e-09 -4.6169e-09 -9.4991e-09 -1.6643e-08 -2.6346e-08 -3.8897e-08 -5.4577e-08 -7.3669e-08 -9.6464e-08 8.8991e-06 -1.5437e-07 -1.9011e-07 -2.3085e-07 -2.7693e-07 -3.2876e-07 -3.8675e-07 -4.5136e-07 -5.2308e-07 -6.0241e-07 -6.8993e-07 -7.8623e-07 -8.9198e-07 -1.0079e-06 -1.1347e-06 -1.2732e-06 -1.4243e-06 -1.5889e-06 -1.7681e-06 -1.9628e-06 -2.1742e-06 -2.4033e-06 -2.6515e-06 -2.9199e-06 -3.2097e-06 -3.5219e-06 -3.8577e-06 -4.2179e-06 -4.6031e-06 -5.0133e-06 -5.4483e-06 -5.9069e-06 -6.3868e-06 -6.8844e-06 -7.3945e-06 -7.9094e-06 -8.4187e-06 -8.9085e-06 -9.3612e-06 -9.7545e-06 -1.0062e-05 -1.0252e-05 -1.0291e-05 -1.0143e-05 -9.7772e-06 -9.1704e-06 -8.3170e-06 -7.2366e-06 -5.9816e-06 -4.6393e-06 -3.3239e-06 -2.1566e-06 -1.2355e-06 -6.0506e-07 -2.4293e-07 -7.5756e-08 -1.7098e-08 -2.5459e-09 -2.2129e-10 -9.5396e-12 -1.6387e-13 -8.3409e-16 -8.3903e-19 -9.5376e-23 -5.6164e-28 -5.6978e-35 -2.0645e-44 -2.7329e-57 -4.6271e-75 -6.6889e-100 -4.0558e-135 -7.6325e-186 -3.3142e-260 -0.0000e+00 -0.0000e+00 -0.0000e+00 -0.0000e+00 -0.0000e+00 -0.0000e+00 -0.0000e+00 -0.0000e+00 -0.0000e+00 -0.0000e+00 -0.0000e+00 -0.0000e+00 -0.0000e+00 -0.0000e+00 -0.0000e+00 -0.0000e+00 -0.0000e+00 -2.9541e-10 -1.6727e-09 -4.6169e-09 -9.4991e-09 -1.6643e-08 -2.6346e-08 -3.8897e-08 -5.4577e-08 -7.3669e-08 -9.6464e-08 0.0000e+00 -1.5437e-07 -1.9011e-07 -2.3085e-07 -2.7693e-07 -3.2876e-07 -3.8675e-07 -4.5136e-07 -5.2308e-07 -6.0241e-07 -6.8993e-07 -7.8623e-07 -8.9198e-07 -1.0079e-06 -1.1347e-06 -1.2732e-06 -1.4243e-06 -1.5889e-06 -1.7681e-06 -1.9628e-06 -2.1742e-06 -2.4033e-06 -2.6515e-06 -2.9199e-06 -3.2097e-06 -3.5219e-06 -3.8577e-06 -4.2179e-06 -4.6030e-06 -5.0133e-06 -5.4483e-06 -5.9069e-06 -6.3868e-06 -6.8844e-06 -7.3945e-06 -7.9094e-06 -8.4186e-06 -8.9085e-06 -9.3611e-06 -9.7545e-06 -1.0062e-05 -1.0252e-05 -1.0291e-05 -1.0143e-05 -9.7772e-06 -9.1704e-06 -8.3169e-06 -7.2365e-06 -5.9816e-06 -4.6392e-06 -3.3238e-06 -2.1565e-06 -1.2355e-06 -6.0504e-07 -2.4292e-07 -7.5751e-08 -1.7096e-08 -2.5456e-09 -2.2127e-10 -9.5382e-12 -1.6384e-13 -8.3389e-16 -8.3879e-19 -9.5341e-23 -5.6137e-28 -5.6943e-35 -2.0628e-44 -2.7300e-57 -4.6204e-75 -6.6759e-100 -4.0450e-135 -7.6043e-186 -3.2969e-260 -0.0000e+00 -0.0000e+00 -0.0000e+00 -0.0000e+00 -0.0000e+00 -0.0000e+00 -0.0000e+00 -0.0000e+00 -0.0000e+00 -0.0000e+00 -0.0000e+00 -0.0000e+00 -0.0000e+00 -0.0000e+00 -0.0000e+00 -0.0000e+00 -0.0000e+00
-3.6997e-10 -2.0949e-09 -5.7821e-09 -1.1896e-08 -2.0843e-08 -3.2995e-08 -4.8713e-08 -6.8350e-08 -9.2262e-08 -1.2081e-07 -1.5437e-07 1.5170e-05 -2.3809e-07 -2.8910e-07 -3.4682e-07 -4.1173e-07 -4.8436e-07 -5.6528e-07 -6.5509e-07 -7.5444e-07 -8.6404e-07 -9.8466e-07 -1.1171e-06 -1.2622e-06 -1.4210e-06 -1.5945e-06 -1.7838e-06 -1.9899e-06 -2.2143e-06 -2.4581e-06 -2.7229e-06 -3.0099e-06 -3.3207e-06 -3.6568e-06 -4.0197e-06 -4.4108e-06 -4.8313e-06 -5.2824e-06 -5.7647e-06 -6.2785e-06 -6.8233e-06 -7.3976e-06 -7.9986e-06 -8.6219e-06 -9.2607e-06 -9.9055e-06 -1.0543e-05 -1.1157e-05 -1.1724e-05 -1.2216e-05 -1.2601e-05 -1.2839e-05 -1.2888e-05 -1.2703e-05 -1.2245e-05 -1.1485e-05 -1.0416e-05 -9.0630e-06 -7.4914e-06 -5.8103e-06 -4.1628e-06 -2.7009e-06 -1.5474e-06 -7.5779e-07 -3.0426e-07 -9.4881e-08 -2.1414e-08 -3.1887e-09 -2.7717e-10 -1.1949e-11 -2.0527e-13 -1.0448e-15 -1.0511e-18 -1.1949e-22 -7.0374e-28 -7.1405e-35 -2.5877e-44 -3.4266e-57 -5.8037e-75 -8.3943e-100 -5.0938e-135 -9.5962e-186 -4.1734e-260 -0.0000e+00 -0.0000e+00 -0.0000e+00 -0.0000e+00 -0.0000e+00 -0.0000e+00 -0.0000e+00 -0.0000e+00 -0.0000e+00 -0.0000e+00 -0.0000e+00 -0.0000e+00 -0.0000e+00 -0.0000e+00 -0.0000e+00 -0.0000e+00 -0.0000e+00 -3.6997e-10 -2.0949e-09 -5.7821e-09 -1.1896e-08 -2.0843e-08 -3.2995e-08 -4.8713e-08 -6.8350e-08 -9.2262e-08 -1.2081e-07 -1.5437e-07 0.0000e+00 -2.3809e-07 -2.8910e-07 -3.4682e-07 -4.1173e-07 -4.8436e-07 -5.6528e-07 -6.5509e-07 -7.5444e-07 -8.6404e-07 -9.8466e-07 -1.1171e-06 -1.2622e-06 -1.4210e-06 -1.5945e-06 -1.7838e-06 -1.9899e-06 -2.2143e-06 -2.4581e-06 -2.7229e-06 -3.0099e-06 -3.3207e-06 -3.6568e-06 -4.0197e-06 -4.4108e-06 -4.8313e-06 -5.2824e-06 -5.7647e-06 -6.2785e-06 -6.8233e-06 -7.3976e-06 -7.9986e-06 -8.6219e-06 -9.2607e-06 -9.9055e-06 -1.0543e-05 -1.1157e-05 -1.1724e-05 -1.2216e-05 -1.2601e-05 -1.2839e-05 -1.2888e-05 -1.2703e-05 -1.2245e-05 -1.1485e-05 -1.0416e-05 -9.0628e-06 -7.4912e-06 -5.8101e-06 -4.1627e-06 -2.7008e-06 -1.5473e-06 -7.5774e-07 -3.0424e-07 -9.4871e-08 -2.1412e-08 -3.1882e-09 -2.7712e-10 -1.1946e-11 -2.0520e-13 -1.0444e-15 -1.0506e-18 -1.1942e-22 -7.0317e-28 -7.1329e-35 -2.5841e-44 -3.4202e-57 -5.7894e-75 -8.3664e-100 -5.0706e-135 -9.5359e-186 -4.1366e-260 -0.0000e+00 -0.0000e+00 -0.0000e+00 -0.0000e+00 -0.0000e+00 -0.0000e+00 -0.0000e+00 -0.0000e+00 -0.0000e+00 -0.0000e+00 -0.0000e+00 -0.0000e+00 -0.0000e+00 -0.0000e+00 -0.0000e+00 -0.0000e+00 -0.0000e+00
-4.5564e-10 -2.5800e-09 -7.1211e-09 -1.4651e-08 -2.5669e-08 -4.0636e-08 -5.9994e-08 -8.4178e-08 -1.1363e-07 -1.4878e-07 -1.9011e-07 -2.3809e-07 2.4826e-05 -3.5605e-07 -4.2713e-07 -5.0707e-07 -5.9652e-07 -6.9618e-07 -8.0678e-07 -9.2914e-07 -1.0641e-06 -1.2127e-06 -1.3758e-06 -1.5545e-06 -1.7501e-06 -1.9638e-06 -2.1968e-06 -2.4507e-06 -2.7271e-06 -3.0274e-06 -3.3534e-06 -3.7069e-06 -4.0897e-06 -4.5036e-06 -4.9506e-06 -5.4322e-06 -5.9501e-06 -6.5057e-06 -7.0997e-06 -7.7325e-06 -8.4034e-06 -9.1107e-06 -9.8509e-06 -1.0618e-05 -1.1405e-05 -1.2199e-05 -1.2985e-05 -1.3740e-05 -1.4439e-05 -1.5045e-05 -1.5519e-05 -1.5813e-05 -1.5873e-05 -1.5645e-05 -1.5081e-05 -1.4145e-05 -1.2828e-05 -1.1162e-05 -9.2263e-06 -7.1560e-06 -5.1270e-06 -3.3265e-06 -1.9058e-06 -9.3334e-07 -3.7475e-07 -1.1686e-07 -2.6377e-08 -3.9277e-09 -3.4142e-10 -1.4719e-11 -2.5288e-13 -1.2873e-15 -1.2951e-18 -1.4725e-22 -8.6738e-28 -8.8030e-35 -3.1912e-44 -4.2275e-57 -7.1644e-75 -1.0371e-99 -6.3006e-135 -1.1889e-185 -5.1834e-260 -0.0000e+00 -0.0000e+00 -0.0000e+00 -0.0000e+00 -0.0000e+00 -0.0000e+00 -0.0000e+00 -0.0000e+00 -0.0000e+00 -0.0000e+00 -0.0000e+00 -0.0000e+00 -0.0000e+00 -0.0000e+00 -0.0000e+00 -0.0000e+00 -0.0000e+00 -4.5564e-10 -2.5800e-09 -7.1211e-09 -1.4651e-08 -2.5669e-08 -4.0636e-08 -5.9994e-08 -8.4178e-08 -1.1363e-07 -1.4878e-07 -1.9011e-07 -2.3809e-07 0.0000e+00 -3.5605e-07 -4.2713e-07 -5.0707e-07 -5.9652e-07 -6.9618e-07 -8.0678e-07 -9.2914e-07 -1.0641e-06 -1.2127e-06 -1.3758e-06 -1.5545e-06 -1.7501e-06 -1.9638e-06 -2.1968e-06 -2.4507e-06 -2.7271e-06 -3.0274e-06 -3.3534e-06 -3.7069e-06 -4.0897e-06 -4.5036e-06 -4.9506e-06 -5.4322e-06 -5.9501e-06 -6.5057e-06 -7.0997e-06 -7.7324e-06 -8.4034e-06 -9.1106e-06 -9.8508e-06 -1.0618e-05 -1.1405e-05 -1.2199e-05 -1.2985e-05 -1.3740e-05 -1.4439e-05 -1.5045e-05 -1.5519e-05 -1.5812e-05 -1.5872e-05 -1.5645e-05 -1.5080e-05 -1.4144e-05 -1.2828e-05 -1.1162e-05 -9.2260e-06 -7.1556e-06 -5.1267e-06 -3.3263e-06 -1.9056e-06 -9.3323e-07 -3.7470e-07 -1.1684e-07 -2.6371e-08 -3.9267e-09 -3.4131e-10 -1.4713e-11 -2.5275e-13 -1.2864e-15 -1.2941e-18 -1.4710e-22 -8.6622e-28 -8.7877e-35 -3.1839e-44 -4.2147e-57 -7.1356e-75 -1.0315e-99 -6.2539e-135 -1.1768e-185 -5.1090e-260 -0.0000e+00 -0.0000e+00 -0.0000e+00 -0.0000e+00 -0.0000e+00 -0.0000e+00 -0.0000e+00 -0.0000e+00 -0.0000e+00 -0.0000e+00 -0.0000e+00 -0.0000e+00 -0.0000e+00 -0.0000e+00 -0.0000e+00 -0.0000e+00 -0.0000e+00
-5.5326e-10 -3.1328e-09 -8.6468e-09 -1.7790e-08 -3.1169e-08 -4.9342e-08 -7.2848e-08 -1.0221e-07 -1.3797e-07 -1.8066e-07 -2.3085e-07 -2.8910e-07 -3.5605e-07 3.9247e-05 -5.1864e-07 -6.1571e-07 -7.2433e-07 -8.4533e-07 -9.7964e-07 -1.1282e-06 -1.2921e-06 -1.4725e-06 -1.6705e-06 -1.8876e-06 -2.1251e-06 -2.3845e-06 -2.6675e-06 -2.9758e-06 -3.3113e-06 -3.6760e-06 -4.0718e-06 -4.5011e-06 -4.9659e-06 -5.4685e-06 -6.0112e-06 -6.5960e-06 -7.2249e-06 -7.8995e-06 -8.6208e-06 -9.3891e-06 -1.0204e-05 -1.1063e-05 -1.1961e-05 -1.2894e-05 -1.3849e-05 -1.4813e-05 -1.5767e-05 -1.6684e-05 -1.7532e-05 -1.8269e-05 -1.8845e-05 -1.9201e-05 -1.9273e-05 -1.8997e-05 -1.8312e-05 -1.7175e-05 -1.5577e-05 -1.3554e-05 -1.1203e-05 -8.6895e-06 -6.2257e-06 -4.0395e-06 -2.3143e-06 -1.1334e-06 -4.5509e-07 -1.4192e-07 -3.2033e-08 -4.7703e-09 -4.1469e-10 -1.7879e-11 -3.0719e-13 -1.5639e-15 -1.5737e-18 -1.7896e-22 -1.0545e-27 -1.0705e-34 -3.8826e-44 -5.1467e-57 -8.7299e-75 -1.2653e-99 -7.6999e-135 -1.4566e-185 -6.3730e-260 -0.0000e+00 -0.0000e+00 -0.0000e+00 -0.0000e+00 -0.0000e+00 -0.0000e+00 -0.0000e+00 -0.0000e+00 -0.0000e+00 -0.0000e+00 -0.0000e+00 -0.0000e+00 -0.0000e+00 -0.0000e+00 -0.0000e+00 -0.0000e+00 -0.0000e+00 -5.5326e-10 -3.1328e-09 -8.6468e-09 -1.7790e-08 -3.1169e-08 -4.9342e-08 -7.2848e-08 -1.0221e-07 -1.3797e-07 -1.8066e-07 -2.3085e-07 -2.8910e-07 -3.5605e-07 0.0000e+00 -5.1864e-07 -6.1571e-07 -7.2433e-07 -8.4533e-07 -9.7964e-07 -1.1282e-06 -1.2921e-06 -1.4725e-06 -1.6705e-06 -1.8876e-06 -2.1251e-06 -2.3845e-06 -2.6675e-06 -2.9758e-06 -3.3113e-06 -3.6760e-06 -4.0718e-06 -4.5011e-06 -4.9659e-06 -5.4685e-06 -6.0112e-06 -6.5960e-06 -7.2249e-06 -7.8995e-06 -8.6208e-06 -9.3891e-06 -1.0204e-05 -1.1063e-05 -1.1961e-05 -1.2893e-05 -1.3849e-05 -1.4813e-05 -1.5767e-05 -1.6684e-05 -1.7532e-05 -1.8269e-05 -1.8844e-05 -1.9200e-05 -1.9273e-05 -1.8997e-05 -1.8311e-05 -1.7175e-05 -1.5576e-05 -1.3553e-05 -1.1203e-05 -8.6888e-06 -6.2251e-06 -4.0390e-06 -2.3140e-06 -1.1332e-06 -4.5499e-07 -1.4188e-07 -3.2023e-08 -4.7683e-09 -4.1448e-10 -1.7868e-11 -3.0694e-13 -1.5624e-15 -1.5717e-18 -1.7867e-22 -1.0522e-27 -1.0676e-34 -3.8686e-44 -5.1222e-57 -8.6746e-75 -1.2545e-99 -7.6103e-135 -1.4332e-185 -6.2298e-260 -0.0000e+00 -0.0000e+00 -0.0000e+00 -0.0000e+00 -0.0000e+00 -0.0000e+00 -0.0000e+00 -0.0000e+00 -0.0000e+00 -0.0000e+00 -0.0000e+00 -0.0000e+00 -0.0000e+00 -0.0000e+00 -0.0000e+00 -0.0000e+00 -0.0000e+00
-6.6371e-10 -3.7582e-09 -1.0373e-08 -2.1342e-08 -3.7391e-08 -5.9193e-08 -8.7391e-08 -1.2262e-07 -1.6551e-07 -2.1673e-07 -2.7693e-07 -3.4682e-07 -4.2713e-07 -5.1864e-07 6.0231e-05 -7.3863e-07 -8.6893e-07 -1.0141e-06 -1.1752e-06 -1.3534e-06 -1.5501e-06 -1.7664e-06 -2.0040e-06 -2.2644e-06 -2.5493e-06 -2.8605e-06 -3.2000e-06 -3.5699e-06 -3.9724e-06 -4.4098e-06 -4.8847e-06 -5.3997e-06 -5.9573e-06 -6.5602e-06 -7.2113e-06 -7.9128e-06 -8.6673e-06 -9.4765e-06 -1.0342e-05 -1.1264e-05 -1.2241e-05 -1.3271e-05 -1.4349e-05 -1.5468e-05 -1.6614e-05 -1.7770e-05 -1.8915e-05 -2.0015e-05 -2.1032e-05 -2.1916e-05 -2.2607e-05 -2.3034e-05 -2.3121e-05 -2.2790e-05 -2.1968e-05 -2.0605e-05 -1.8688e-05 -1.6260e-05 -1.3441e-05 -1.0425e-05 -7.4692e-06 -4.8464e-06 -2.7766e-06 -1.3599e-06 -5.4604e-07 -1.7029e-07 -3.8438e-08 -5.7245e-09 -4.9767e-10 -2.1459e-11 -3.6875e-13 -1.8777e-15 -1.8898e-18 -2.1498e-22 -1.2671e-27 -1.2871e-34 -4.6712e-44 -6.1977e-57 -1.0526e-74 -1.5283e-99 -9.3237e-135 -1.7700e-185 -7.7843e-260 -0.0000e+00 -0.0000e+00 -0.0000e+00 -0.0000e+00 -0.0000e+00 -0.0000e+00 -0.0000e+00 -0.0000e+00 -0.0000e+00 -0.0000e+00 -0.0000e+00 -0.0000e+00 -0.0000e+00 -0.0000e+00 -0.0000e+00 -0.0000e+00 -0.0000e+00 -6.6371e-10 -3.7582e-09 -1.0373e-08 -2.1342e-08 -3.7391e-08 -5.9193e-08 -8.7391e-08 -1.2262e-07 -1.6551e-07 -2.1673e-07 -2.7693e-07 -3.4682e-07 -4.2713e-07 -5.1864e-07 0.0000e+00 -7.3863e-07 -8.6893e-07 -1.0141e-06 -1.1752e-06 -1.3534e-06 -1.5501e-06 -1.7664e-06 -2.0040e-06 -2.2644e-06 -2.5493e-06 -2.8605e-06 -3.2000e-06 -3.5699e-06 -3.9724e-06 -4.4098e-06 -4.8847e-06 -5.3997e-06 -5.9573e-06 -6.5602e-06 -7.2112e-06 -7.9128e-06 -8.6673e-06 -9.4765e-06 -1.0342e-05 -1.1264e-05 -1.2241e-05 -1.3271e-05 -1.4349e-05 -1.5467e-05 -1.6613e-05 -1.7770e-05 -1.8914e-05 -2.0015e-05 -2.1032e-05 -2.1916e-05 -2.2606e-05 -2.3034e-05 -2.3121e-05 -2.2789e-05 -2.1967e-05 -2.0604e-05 -1.8686e-05 -1.6259e-05 -1.3439e-05 -1.0424e-05 -7.4681e-06 -4.8455e-06 -2.7760e-06 -1.3595e-06 -5.4586e-07 -1.7022e-07 -3.8419e-08 -5.7209e-09 -4.9729e-10 -2.1439e-11 -3.6830e-13 -1.8748e-15 -1.8861e-18 -2.1443e-22 -1.2630e-27 -1.2817e-34 -4.6454e-44 -6.1527e-57 -1.0424e-74 -1.5084e-99 -9.1583e-135 -1.7268e-185 -7.5195e-260 -0.0000e+00 -0.0000e+00 -0.0000e+00 -0.0000e+00 -0.0000e+00 -0.0000e+00 -0.0000e+00 -0.0000e+00 -0.0000e+00 -0.0000e+00 -0.0000e+00 -0.0000e+00 -0.0000e+00 -0.0000e+00 -0.0000e+00 -0.0000e+00 -0.0000e+00
-7.8793e-10 -4.4615e-09 -1.2314e-08 -2.5336e-08 -4.4389e-08 -7.0271e-08 -1.0375e-07 -1.4557e-07 -1.9649e-07 -2.5729e-07 -3.2876e-07 -4.1173e-07 -5.0707e-07 -6.1571e-07 -7.3863e-07 9.0093e-05 -1.0316e-06 -1.2039e-06 -1.3952e-06 -1.6068e-06 -1.8402e-06 -2.0970e-06 -2.3791e-06 -2.6882e-06 -3.0264e-06 -3.3959e-06 -3.7989e-06 -4.2380e-06 -4.7158e-06 -5.2352e-06 -5.7989e-06 -6.4102e-06 -7.0722e-06 -7.7881e-06 -8.5609e-06 -9.3938e-06 -1.0289e-05 -1.1250e-05 -1.2277e-05 -1.3372e-05 -1.4532e-05 -1.5755e-05 -1.7035e-05 -1.8363e-05 -1.9723e-05 -2.1096e-05 -2.2455e-05 -2.3761e-05 -2.4969e-05 -2.6018e-05 -2.6838e-05 -2.7346e-05 -2.7449e-05 -2.7056e-05 -2.6080e-05 -2.4462e-05 -2.2186e-05 -1.9305e-05 -1.5958e-05 -1.2377e-05 -8.8681e-06 -5.7542e-06 -3.2968e-06 -1.6147e-06 -6.4839e-07 -2.0222e-07 -4.5650e-08 -6.7990e-09 -5.9116e-10 -2.5494e-11 -4.3816e-13 -2.2317e-15 -2.2468e-18 -2.5569e-22 -1.5079e-27 -1.5328e-34 -5.5682e-44 -7.3975e-57 -1.2586e-74 -1.8320e-99 -1.1216e-134 -2.1398e-185 -9.4779e-260 -0.0000e+00 -0.0000e+00 -0.0000e+00 -0.0000e+00 -0.0000e+00 -0.0000e+00 -0.0000e+00 -0.0000e+00 -0.0000e+00 -0.0000e+00 -0.0000e+00 -0.0000e+00 -0.0000e+00 -0.0000e+00 -0.0000e+00 -0.0000e+00 -0.0000e+00 -7.8793e-10 -4.4615e-09 -1.2314e-08 -2.5336e-08 -4.4389e-08 -7.0271e-08 -1.0375e-07 -1.4557e-07 -1.9649e-07 -2.5729e-07 -3.2876e-07 -4.1173e-07 -5.0707e-07 -6.1571e-07 -7.3863e-07 0.0000e+00 -1.0316e-06 -1.2039e-06 -1.3952e-06 -1.6068e-06 -1.8402e-06 -2.0970e-06 -2.3791e-06 -2.6882e-06 -3.0264e-06 -3.3959e-06 -3.7989e-06 -4.2380e-06 -4.7158e-06 -5.2352e-06 -5.7989e-06 -6.4102e-06 -7.0722e-06 -7.7880e-06 -8.5609e-06 -9.3938e-06 -1.0289e-05 -1.1250e-05 -1.2277e-05 -1.3372e-05 -1.4532e-05 -1.5755e-05 -1.7035e-05 -1.8362e-05 -1.9723e-05 -2.1096e-05 -2.2454e-05 -2.3761e-05 -2.4968e-05 -2.6018e-05 -2.6837e-05 -2.7345e-05 -2.7448e-05 -2.7054e-05 -2.6079e-05 -2.4460e-05 -2.2184e-05 -1.9302e-05 -1.5955e-05 -1.2375e-05 -8.8661e-06 -5.7527e-06 -3.2958e-06 -1.6141e-06 -6.4807e-07 -2.0210e-07 -4.5615e-08 -6.7926e-09 -5.9047e-10 -2.5457e-11 -4.3736e-13 -2.2265e-15 -2.2402e-18 -2.5473e-22 -1.5006e-27 -1.5231e-34 -5.5224e-44 -7.3174e-57 -1.2405e-74 -1.7965e-99 -1.0921e-134 -2.0628e-185 -9.0050e-260 -0.0000e+00 -0.0000e+00 -0.0000e+00 -0.0000e+00 -0.0000e+00 -0.0000e+00 -0.0000e+00 -0.0000e+00 -0.0000e+00 -0.0000e+00 -0.0000e+00 -0.0000e+00 -0.0000e+00 -0.0000e+00 -0.0000e+00 -0.0000e+00 -0.0000e+00
