2.9553e-08 -2.0709e-08 -3.8083e-08 -5.8702e-08 -8.2128e-08 -1.0803e-07 -1.3612e-07 -1.6606e-07 -1.9750e-07 -2.2995e-07 -2.6287e-07 -2.9553e-07 -3.2710e-07 -3.5658e-07 -3.8284e-07 -4.0466e-07 -4.2075e-07 -4.2989e-07 -4.3100e-07 -4.2331e-07 -4.0645e-07 -3.8063e-07 -3.4671e-07 -3.0623e-07 -2.6136e-07 -2.1469e-07 -1.6898e-07 -1.2680e-07 -9.0208e-08 -6.0457e-08 -3.7900e-08 -2.2049e-08 -1.1797e-08 -5.7476e-09 -2.5211e-09 -9.8304e-10 -3.3591e-10 -9.8977e-11 -2.4694e-11 -5.1106e-12 -8.5712e-13 -1.1346e-13 -1.1503e-14 -8.6324e-16 -4.6126e-17 -1.6787e-18 -3.9550e-20 -5.6916e-22 -4.6795e-24 -2.0355e-26 -4.2866e-29 -3.9444e-32 -1.4082e-35 -1.6986e-39 -5.8925e-44 -4.8698e-49 -7.6877e-55 -1.7878e-61 -4.5075e-69 -8.5678e-78 -7.9727e-88 -2.1694e-99 -9.3073e-113 -2.9940e-128 -2.9394e-146 -2.9553e-167 -8.0188e-192 -1.1420e-220 -1.1301e-254 -6.2999e-295 -0.0000e+00 -0.0000e+00 -0.0000e+00 -0.0000e+00 -0.0000e+00 -0.0000e+00 -0.0000e+00 -0.0000e+00 -0.0000e+00 -0.0000e+00 -0.0000e+00 -0.0000e+00 -0.0000e+00 -0.0000e+00 -0.0000e+00 -0.0000e+00 -0.0000e+00 -0.0000e+00 -0.0000e+00 -0.0000e+00 -0.0000e+00 -0.0000e+00 -0.0000e+00 -0.0000e+00 -0.0000e+00 -0.0000e+00 -0.0000e+00 -0.0000e+00 -0.0000e+00 -0.0000e+00 0.0000e+00 -2.0709e-08 -3.8083e-08 -5.8702e-08 -8.2128e-08 -1.0803e-07 -1.3612e-07 -1.6606e-07 -1.9750e-07 -2.2995e-07 -2.6287e-07 -2.9553e-07 -3.2710e-07 -3.5658e-07 -3.8284e-07 -4.0465e-07 -4.2075e-07 -4.2989e-07 -4.3100e-07 -4.2331e-07 -4.0645e-07 -3.8063e-07 -3.4670e-07 -3.0623e-07 -2.6136e-07 -2.1469e-07 -1.6898e-07 -1.2680e-07 -9.0208e-08 -6.0456e-08 -3.7900e-08 -2.2049e-08 -1.1797e-08 -5.7475e-09 -2.5210e-09 -9.8302e-10 -3.3590e-10 -9.8974e-11 -2.4694e-11 -5.1104e-12 -8.5709e-13 -1.1345e-13 -1.1502e-14 -8.6318e-16 -4.6123e-17 -1.6785e-18 -3.9547e-20 -5.6909e-22 -4.6789e-24 -2.0352e-26 -4.2859e-29 -3.9437e-32 -1.4079e-35 -1.6982e-39 -5.8910e-44 -4.8684e-49 -7.6852e-55 -1.7872e-61 -4.5055e-69 -8.5636e-78 -7.9683e-88 -2.1680e-99 -9.3006e-113 -2.9915e-128 -2.9366e-146 -2.9521e-167 -8.0088e-192 -1.1404e-220 -1.1282e-254 -6.2876e-295 -0.0000e+00 -0.0000e+00 -0.0000e+00 -0.0000e+00 -0.0000e+00 -0.0000e+00 -0.0000e+00 -0.0000e+00 -0.0000e+00 -0.0000e+00 -0.0000e+00 -0.0000e+00 -0.0000e+00 -0.0000e+00 -0.0000e+00 -0.0000e+00 -0.0000e+00 -0.0000e+00 -0.0000e+00 -0.0000e+00 -0.0000e+00 -0.0000e+00 -0.0000e+00 -0.0000e+00 -0.0000e+00 -0.0000e+00 -0.0000e+00 -0.0000e+00 -0.0000e+00 -0.0000e+00
-2.0709e-08 4.7331e-07 -1.0779e-07 -1.6615e-07 -2.3245e-07 -3.0577e-07 -3.8526e-07 -4.7002e-07 -5.5898e-07 -6.5085e-07 -7.4401e-07 -8.3647e-07 -9.2583e-07 -1.0093e-06 -1.0836e-06 -1.1453e-06 -1.1909e-06 -1.2168e-06 -1.2199e-06 -1.1982e-06 -1.1504e-06 -1.0774e-06 -9.8136e-07 -8.6681e-07 -7.3981e-07 -6.0772e-07 -4.7834e-07 -3.5895e-07 -2.5537e-07 -1.7115e-07 -1.0730e-07 -6.2424e-08 -3.3402e-08 -1.6274e-08 -7.1388e-09 -2.7838e-09 -9.5130e-10 -2.8033e-10 -6.9947e-11 -1.4478e-11 -2.4284e-12 -3.2148e-13 -3.2598e-14 -2.4468e-15 -1.3077e-16 -4.7602e-18 -1.1218e-19 -1.6148e-21 -1.3281e-23 -5.7790e-26 -1.2175e-28 -1.1209e-31 -4.0035e-35 -4.8320e-39 -1.6774e-43 -1.3874e-48 -2.1921e-54 -5.1030e-61 -1.2880e-68 -2.4515e-77 -2.2847e-87 -6.2276e-99 -2.6772e-112 -8.6322e-128 -8.4978e-146 -8.5706e-167 -2.3340e-191 -3.3384e-220 -3.3202e-254 -1.8619e-294 -0.0000e+00 -0.0000e+00 -0.0000e+00 -0.0000e+00 -0.0000e+00 -0.0000e+00 -0.0000e+00 -0.0000e+00 -0.0000e+00 -0.0000e+00 -0.0000e+00 -0.0000e+00 -0.0000e+00 -0.0000e+00 -0.0000e+00 -0.0000e+00 -0.0000e+00 -0.0000e+00 -0.0000e+00 -0.0000e+00 -0.0000e+00 -0.0000e+00 -0.0000e+00 -0.0000e+00 -0.0000e+00 -0.0000e+00 -0.0000e+00 -0.0000e+00 -0.0000e+00 -0.0000e+00 -2.0709e-08 0.0000e+00 -1.0779e-07 -1.6615e-07 -2.3245e-07 -3.0577e-07 -3.8526e-07 -4.7002e-07 -5.5898e-07 -6.5085e-07 -7.4401e-07 -8.3647e-07 -9.2582e-07 -1.0093e-06 -1.0836e-06 -1.1453e-06 -1.1909e-06 -1.2167e-06 -1.2199e-06 -1.1981e-06 -1.1504e-06 -1.0773e-06 -9.8132e-07 -8.6676e-07 -7.3976e-07 -6.0767e-07 -4.7829e-07 -3.5891e-07 -2.5534e-07 -1.7112e-07 -1.0728e-07 -6.2411e-08 -3.3394e-08 -1.6270e-08 -7.1365e-09 -2.7828e-09 -9.5090e-10 -2.8019e-10 -6.9909e-11 -1.4469e-11 -2.4267e-12 -3.2123e-13 -3.2569e-14 -2.4443e-15 -1.3062e-16 -4.7538e-18 -1.1201e-19 -1.6120e-21 -1.3255e-23 -5.7663e-26 -1.2145e-28 -1.1177e-31 -3.9908e-35 -4.8146e-39 -1.6706e-43 -1.3809e-48 -2.1806e-54 -5.0726e-61 -1.2793e-68 -2.4326e-77 -2.2647e-87 -6.1653e-99 -2.6467e-112 -8.5197e-128 -8.3710e-146 -8.4240e-167 -2.2882e-191 -3.2629e-220 -3.2336e-254 -1.8058e-294 -0.0000e+00 -0.0000e+00 -0.0000e+00 -0.0000e+00 -0.0000e+00 -0.0000e+00 -0.0000e+00 -0.0000e+00 -0.0000e+00 -0.0000e+00 -0.0000e+00 -0.0000e+00 -0.0000e+00 -0.0000e+00 -0.0000e+00 -0.0000e+00 -0.0000e+00 -0.0000e+00 -0.0000e+00 -0.0000e+00 -0.0000e+00 -0.0000e+00 -0.0000e+00 -0.0000e+00 -0.0000e+00 -0.0000e+00 -0.0000e+00 -0.0000e+00 -0.0000e+00 -0.0000e+00
-3.8083e-08 -1.0779e-07 2.4000e-06 -3.0554e-07 -4.2748e-07 -5.6231e-07 -7.0850e-07 -8.6436e-07 -1.0280e-06 -1.1969e-06 -1.3682e-06 -1.5383e-06 -1.7026e-06 -1.8561e-06 -1.9928e-06 -2.1064e-06 -2.1902e-06 -2.2378e-06 -2.2437e-06 -2.2037e-06 -2.1161e-06 -1.9817e-06 -1.8052e-06 -1.5946e-06 -1.3611e-06 -1.1181e-06 -8.8016e-07 -6.6055e-07 -4.6999e-07 -3.1503e-07 -1.9753e-07 -1.1494e-07 -6.1515e-08 -2.9978e-08 -1.3153e-08 -5.1306e-09 -1.7539e-09 -5.1701e-10 -1.2906e-10 -2.6725e-11 -4.4850e-12 -5.9411e-13 -6.0283e-14 -4.5282e-15 -2.4221e-16 -8.8254e-18 -2.0821e-19 -3.0007e-21 -2.4713e-23 -1.0770e-25 -2.2731e-28 -2.0968e-31 -7.5064e-35 -9.0829e-39 -3.1622e-43 -2.6240e-48 -4.1616e-54 -9.7292e-61 -2.4676e-68 -4.7227e-77 -4.4293e-87 -1.2161e-98 -5.2717e-112 -1.7161e-127 -1.7080e-145 -1.7446e-166 -4.8213e-191 -7.0136e-220 -7.1138e-254 -4.0813e-294 -0.0000e+00 -0.0000e+00 -0.0000e+00 -0.0000e+00 -0.0000e+00 -0.0000e+00 -0.0000e+00 -0.0000e+00 -0.0000e+00 -0.0000e+00 -0.0000e+00 -0.0000e+00 -0.0000e+00 -0.0000e+00 -0.0000e+00 -0.0000e+00 -0.0000e+00 -0.0000e+00 -0.0000e+00 -0.0000e+00 -0.0000e+00 -0.0000e+00 -0.0000e+00 -0.0000e+00 -0.0000e+00 -0.0000e+00 -0.0000e+00 -0.0000e+00 -0.0000e+00 -0.0000e+00 -3.8083e-08 -1.0779e-07 0.0000e+00 -3.0554e-07 -4.2748e-07 -5.6231e-07 -7.0849e-07 -8.6436e-07 -1.0280e-06 -1.1969e-06 -1.3682e-06 -1.5383e-06 -1.7026e-06 -1.8560e-06 -1.9927e-06 -2.1063e-06 -2.1901e-06 -2.2377e-06 -2.2435e-06 -2.2035e-06 -2.1157e-06 -1.9813e-06 -1.8048e-06 -1.5941e-06 -1.3606e-06 -1.1177e-06 -8.7974e-07 -6.6019e-07 -4.6968e-07 -3.1479e-07 -1.9736e-07 -1.1482e-07 -6.1441e-08 -2.9936e-08 -1.3132e-08 -5.1212e-09 -1.7502e-09 -5.1577e-10 -1.2870e-10 -2.6641e-11 -4.4690e-12 -5.9170e-13 -6.0005e-14 -4.5046e-15 -2.4078e-16 -8.7661e-18 -2.0662e-19 -2.9749e-21 -2.4473e-23 -1.0652e-25 -2.2448e-28 -2.0673e-31 -7.3868e-35 -8.9194e-39 -3.0979e-43 -2.5637e-48 -4.0534e-54 -9.4429e-61 -2.3855e-68 -4.5447e-77 -4.2402e-87 -1.1573e-98 -4.9824e-112 -1.6092e-127 -1.5874e-145 -1.6047e-166 -4.3820e-191 -6.2874e-220 -6.2766e-254 -3.5354e-294 -0.0000e+00 -0.0000e+00 -0.0000e+00 -0.0000e+00 -0.0000e+00 -0.0000e+00 -0.0000e+00 -0.0000e+00 -0.0000e+00 -0.0000e+00 -0.0000e+00 -0.0000e+00 -0.0000e+00 -0.0000e+00 -0.0000e+00 -0.0000e+00 -0.0000e+00 -0.0000e+00 -0.0000e+00 -0.0000e+00 -0.0000e+00 -0.0000e+00 -0.0000e+00 -0.0000e+00 -0.0000e+00 -0.0000e+00 -0.0000e+00 -0.0000e+00 -0.0000e+00 -0.0000e+00
-5.8702e-08 -1.6615e-07 -3.0554e-07 7.6023e-06 -6.5892e-07 -8.6676e-07 -1.0921e-06 -1.3324e-06 -1.5846e-06 -1.8450e-06 -2.1091e-06 -2.3713e-06 -2.6246e-06 -2.8613e-06 -3.0721e-06 -3.2473e-06 -3.3767e-06 -3.4503e-06 -3.4597e-06 -3.3983e-06 -3.2634e-06 -3.0566e-06 -2.7847e-06 -2.4602e-06 -2.1002e-06 -1.7257e-06 -1.3588e-06 -1.0200e-06 -7.2599e-07 -4.8681e-07 -3.0536e-07 -1.7777e-07 -9.5189e-08 -4.6416e-08 -2.0380e-08 -7.9556e-09 -2.7219e-09 -8.0317e-10 -2.0071e-10 -4.1614e-11 -6.9937e-12 -9.2788e-13 -9.4318e-14 -7.0992e-15 -3.8059e-16 -1.3903e-17 -3.2893e-19 -4.7559e-21 -3.9311e-23 -1.7202e-25 -3.6472e-28 -3.3818e-31 -1.2177e-34 -1.4832e-38 -5.2023e-43 -4.3531e-48 -6.9693e-54 -1.6468e-60 -4.2273e-68 -8.2013e-77 -7.8108e-87 -2.1820e-98 -9.6462e-112 -3.2104e-127 -3.2764e-145 -3.4426e-166 -9.8219e-191 -1.4811e-219 -1.5644e-253 -9.3942e-294 -0.0000e+00 -0.0000e+00 -0.0000e+00 -0.0000e+00 -0.0000e+00 -0.0000e+00 -0.0000e+00 -0.0000e+00 -0.0000e+00 -0.0000e+00 -0.0000e+00 -0.0000e+00 -0.0000e+00 -0.0000e+00 -0.0000e+00 -0.0000e+00 -0.0000e+00 -0.0000e+00 -0.0000e+00 -0.0000e+00 -0.0000e+00 -0.0000e+00 -0.0000e+00 -0.0000e+00 -0.0000e+00 -0.0000e+00 -0.0000e+00 -0.0000e+00 -0.0000e+00 -0.0000e+00 -5.8702e-08 -1.6615e-07 -3.0554e-07 0.0000e+00 -6.5892e-07 -8.6676e-07 -1.0921e-06 -1.3323e-06 -1.5845e-06 -1.8450e-06 -2.1090e-06 -2.3711e-06 -2.6245e-06 -2.8610e-06 -3.0718e-06 -3.2468e-06 -3.3760e-06 -3.4495e-06 -3.4585e-06 -3.3969e-06 -3.2618e-06 -3.0547e-06 -2.7827e-06 -2.4580e-06 -2.0980e-06 -1.7236e-06 -1.3567e-06 -1.0182e-06 -7.2449e-07 -4.8563e-07 -3.0450e-07 -1.7719e-07 -9.4830e-08 -4.6214e-08 -2.0278e-08 -7.9097e-09 -2.7039e-09 -7.9710e-10 -1.9898e-10 -4.1205e-11 -6.9154e-12 -9.1608e-13 -9.2957e-14 -6.9831e-15 -3.7354e-16 -1.3612e-17 -3.2115e-19 -4.6289e-21 -3.8126e-23 -1.6618e-25 -3.5077e-28 -3.2361e-31 -1.1587e-34 -1.4023e-38 -4.8835e-43 -4.0534e-48 -6.4305e-54 -1.5039e-60 -3.8160e-68 -7.3070e-77 -6.8571e-87 -1.8840e-98 -8.1735e-112 -2.6633e-127 -2.6540e-145 -2.7148e-166 -7.5157e-191 -1.0957e-219 -1.1143e-253 -6.4145e-294 -0.0000e+00 -0.0000e+00 -0.0000e+00 -0.0000e+00 -0.0000e+00 -0.0000e+00 -0.0000e+00 -0.0000e+00 -0.0000e+00 -0.0000e+00 -0.0000e+00 -0.0000e+00 -0.0000e+00 -0.0000e+00 -0.0000e+00 -0.0000e+00 -0.0000e+00 -0.0000e+00 -0.0000e+00 -0.0000e+00 -0.0000e+00 -0.0000e+00 -0.0000e+00 -0.0000e+00 -0.0000e+00 -0.0000e+00 -0.0000e+00 -0.0000e+00 -0.0000e+00 -0.0000e+00
-8.2128e-08 -2.3245e-07 -4.2748e-07 -6.5892e-07 1.8614e-05 -1.2127e-06 -1.5279e-06 -1.8641e-06 -2.2170e-06 -2.5814e-06 -2.9510e-06 -3.3179e-06 -3.6726e-06 -4.0039e-06 -4.2992e-06 -4.5448e-06 -4.7263e-06 -4.8300e-06 -4.8437e-06 -4.7586e-06 -4.5706e-06 -4.2820e-06 -3.9022e-06 -3.4486e-06 -2.9451e-06 -2.4210e-06 -1.9072e-06 -1.4326e-06 -1.0203e-06 -6.8466e-07 -4.2984e-07 -2.5048e-07 -1.3427e-07 -6.5557e-08 -2.8825e-08 -1.1270e-08 -3.8631e-09 -1.1422e-09 -2.8611e-10 -5.9474e-11 -1.0024e-11 -1.3343e-12 -1.3613e-13 -1.0289e-14 -5.5414e-16 -2.0347e-17 -4.8421e-19 -7.0466e-21 -5.8669e-23 -2.5882e-25 -5.5376e-28 -5.1869e-31 -1.8890e-34 -2.3300e-38 -8.2878e-43 -7.0443e-48 -1.1476e-53 -2.7647e-60 -7.2512e-68 -1.4407e-76 -1.4088e-86 -4.0522e-98 -1.8500e-111 -6.3799e-127 -6.7704e-145 -7.4258e-166 -2.2208e-190 -3.5262e-219 -3.9408e-253 -2.5171e-293 -0.0000e+00 -0.0000e+00 -0.0000e+00 -0.0000e+00 -0.0000e+00 -0.0000e+00 -0.0000e+00 -0.0000e+00 -0.0000e+00 -0.0000e+00 -0.0000e+00 -0.0000e+00 -0.0000e+00 -0.0000e+00 -0.0000e+00 -0.0000e+00 -0.0000e+00 -0.0000e+00 -0.0000e+00 -0.0000e+00 -0.0000e+00 -0.0000e+00 -0.0000e+00 -0.0000e+00 -0.0000e+00 -0.0000e+00 -0.0000e+00 -0.0000e+00 -0.0000e+00 -0.0000e+00 -8.2128e-08 -2.3245e-07 -4.2748e-07 -6.5892e-07 0.0000e+00 -1.2127e-06 -1.5279e-06 -1.8641e-06 -2.2169e-06 -2.5813e-06 -2.9508e-06 -3.3175e-06 -3.6720e-06 -4.0030e-06 -4.2980e-06 -4.5431e-06 -4.7240e-06 -4.8269e-06 -4.8399e-06 -4.7539e-06 -4.5651e-06 -4.2756e-06 -3.8952e-06 -3.4411e-06 -2.9375e-06 -2.4136e-06 -1.9002e-06 -1.4264e-06 -1.0151e-06 -6.8062e-07 -4.2689e-07 -2.4848e-07 -1.3304e-07 -6.4862e-08 -2.8474e-08 -1.1113e-08 -3.8012e-09 -1.1214e-09 -2.8015e-10 -5.8065e-11 -9.7546e-12 -1.2937e-12 -1.3144e-13 -9.8879e-15 -5.2979e-16 -1.9340e-17 -4.5724e-19 -6.6057e-21 -5.4551e-23 -2.3847e-25 -5.0502e-28 -4.6768e-31 -1.6817e-34 -2.0451e-38 -7.1605e-43 -5.9802e-48 -9.5539e-54 -2.2522e-60 -5.7667e-68 -1.1157e-76 -1.0593e-86 -2.9497e-98 -1.2995e-111 -4.3092e-127 -4.3813e-145 -4.5861e-166 -1.3036e-190 -1.9592e-219 -2.0635e-253 -1.2367e-293 -0.0000e+00 -0.0000e+00 -0.0000e+00 -0.0000e+00 -0.0000e+00 -0.0000e+00 -0.0000e+00 -0.0000e+00 -0.0000e+00 -0.0000e+00 -0.0000e+00 -0.0000e+00 -0.0000e+00 -0.0000e+00 -0.0000e+00 -0.0000e+00 -0.0000e+00 -0.0000e+00 -0.0000e+00 -0.0000e+00 -0.0000e+00 -0.0000e+00 -0.0000e+00 -0.0000e+00 -0.0000e+00 -0.0000e+00 -0.0000e+00 -0.0000e+00 -0.0000e+00 -0.0000e+00
-1.0803e-07 -3.0577e-07 -5.6231e-07 -8.6676e-07 -1.2127e-06 3.8736e-05 -2.0099e-06 -2.4522e-06 -2.9164e-06 -3.3960e-06 -3.8823e-06 -4.3653e-06 -4.8323e-06 -5.2687e-06 -5.6580e-06 -5.9821e-06 -6.2221e-06 -6.3599e-06 -6.3797e-06 -6.2695e-06 -6.0241e-06 -5.6461e-06 -5.1480e-06 -4.5522e-06 -3.8904e-06 -3.2006e-06 -2.5236e-06 -1.8976e-06 -1.3531e-06 -9.0924e-07 -5.7173e-07 -3.3375e-07 -1.7927e-07 -8.7727e-08 -3.8672e-08 -1.5164e-08 -5.2146e-09 -1.5475e-09 -3.8921e-10 -8.1277e-11 -1.3770e-11 -1.8434e-12 -1.8928e-13 -1.4408e-14 -7.8215e-16 -2.8974e-17 -6.9626e-19 -1.0243e-20 -8.6313e-23 -3.8586e-25 -8.3774e-28 -7.9745e-31 -2.9561e-34 -3.7180e-38 -1.3511e-42 -1.1755e-47 -1.9646e-53 -4.8662e-60 -1.3155e-67 -2.7008e-76 -2.7366e-86 -8.1799e-98 -3.8929e-111 -1.4040e-126 -1.5637e-144 -1.8070e-165 -5.7170e-190 -9.6474e-219 -1.1517e-252 -7.9033e-293 -0.0000e+00 -0.0000e+00 -0.0000e+00 -0.0000e+00 -0.0000e+00 -0.0000e+00 -0.0000e+00 -0.0000e+00 -0.0000e+00 -0.0000e+00 -0.0000e+00 -0.0000e+00 -0.0000e+00 -0.0000e+00 -0.0000e+00 -0.0000e+00 -0.0000e+00 -0.0000e+00 -0.0000e+00 -0.0000e+00 -0.0000e+00 -0.0000e+00 -0.0000e+00 -0.0000e+00 -0.0000e+00 -0.0000e+00 -0.0000e+00 -0.0000e+00 -0.0000e+00 -0.0000e+00 -1.0803e-07 -3.0577e-07 -5.6231e-07 -8.6676e-07 -1.2127e-06 0.0000e+00 -2.0099e-06 -2.4521e-06 -2.9162e-06 -3.3956e-06 -3.8817e-06 -4.3642e-06 -4.8306e-06 -5.2663e-06 -5.6546e-06 -5.9773e-06 -6.2157e-06 -6.3516e-06 -6.3692e-06 -6.2567e-06 -6.0089e-06 -5.6288e-06 -5.1288e-06 -4.5318e-06 -3.8695e-06 -3.1802e-06 -2.5046e-06 -1.8807e-06 -1.3390e-06 -8.9818e-07 -5.6364e-07 -3.2828e-07 -1.7588e-07 -8.5816e-08 -3.7705e-08 -1.4730e-08 -5.0443e-09 -1.4900e-09 -3.7276e-10 -7.7386e-11 -1.3024e-11 -1.7308e-12 -1.7626e-13 -1.3294e-14 -7.1436e-16 -2.6163e-17 -6.2084e-19 -9.0066e-21 -7.4726e-23 -3.2838e-25 -6.9958e-28 -6.5219e-31 -2.3628e-34 -2.8979e-38 -1.0244e-42 -8.6481e-48 -1.3985e-53 -3.3425e-60 -8.6923e-68 -1.7114e-76 -1.6576e-86 -4.7204e-98 -2.1330e-111 -7.2793e-127 -7.6455e-145 -8.3029e-166 -2.4605e-190 -3.8763e-219 -4.3063e-253 -2.7414e-293 -0.0000e+00 -0.0000e+00 -0.0000e+00 -0.0000e+00 -0.0000e+00 -0.0000e+00 -0.0000e+00 -0.0000e+00 -0.0000e+00 -0.0000e+00 -0.0000e+00 -0.0000e+00 -0.0000e+00 -0.0000e+00 -0.0000e+00 -0.0000e+00 -0.0000e+00 -0.0000e+00 -0.0000e+00 -0.0000e+00 -0.0000e+00 -0.0000e+00 -0.0000e+00 -0.0000e+00 -0.0000e+00 -0.0000e+00 -0.0000e+00 -0.0000e+00 -0.0000e+00 -0.0000e+00
-1.3612e-07 -3.8526e-07 -7.0850e-07 -1.0921e-06 -1.5279e-06 -2.0099e-06 7.2066e-05 -3.0898e-06 -3.6750e-06 -4.2794e-06 -4.8927e-06 -5.5018e-06 -6.0911e-06 -6.6423e-06 -7.1345e-06 -7.5450e-06 -7.8500e-06 -8.0268e-06 -8.0552e-06 -7.9203e-06 -7.6148e-06 -7.1422e-06 -6.5176e-06 -5.7689e-06 -4.9358e-06 -4.0660e-06 -3.2108e-06 -2.4184e-06 -1.7279e-06 -1.1637e-06 -7.3360e-07 -4.2948e-07 -2.3144e-07 -1.1367e-07 -5.0316e-08 -1.9822e-08 -6.8515e-09 -2.0451e-09 -5.1767e-10 -1.0888e-10 -1.8594e-11 -2.5113e-12 -2.6038e-13 -2.0035e-14 -1.1006e-15 -4.1307e-17 -1.0069e-18 -1.5047e-20 -1.2898e-22 -5.8744e-25 -1.3014e-27 -1.2663e-30 -4.8066e-34 -6.2020e-38 -2.3166e-42 -2.0761e-47 -3.5813e-53 -9.1772e-60 -2.5726e-67 -5.4910e-76 -5.7993e-86 -1.8121e-97 -9.0430e-111 -3.4316e-126 -4.0368e-144 -4.9476e-165 -1.6682e-189 -3.0164e-218 -3.8825e-252 -2.8930e-292 -0.0000e+00 -0.0000e+00 -0.0000e+00 -0.0000e+00 -0.0000e+00 -0.0000e+00 -0.0000e+00 -0.0000e+00 -0.0000e+00 -0.0000e+00 -0.0000e+00 -0.0000e+00 -0.0000e+00 -0.0000e+00 -0.0000e+00 -0.0000e+00 -0.0000e+00 -0.0000e+00 -0.0000e+00 -0.0000e+00 -0.0000e+00 -0.0000e+00 -0.0000e+00 -0.0000e+00 -0.0000e+00 -0.0000e+00 -0.0000e+00 -0.0000e+00 -0.0000e+00 -0.0000e+00 -1.3612e-07 -3.8526e-07 -7.0849e-07 -1.0921e-06 -1.5279e-06 -2.0099e-06 0.0000e+00 -3.0896e-06 -3.6744e-06 -4.2785e-06 -4.8911e-06 -5.4993e-06 -6.0873e-06 -6.6367e-06 -7.1264e-06 -7.5338e-06 -7.8350e-06 -8.0073e-06 -8.0306e-06 -7.8902e-06 -7.5793e-06 -7.1015e-06 -6.4725e-06 -5.7210e-06 -4.8868e-06 -4.0180e-06 -3.1660e-06 -2.3788e-06 -1.6947e-06 -1.1377e-06 -7.1456e-07 -4.1659e-07 -2.2345e-07 -1.0916e-07 -4.8033e-08 -1.8796e-08 -6.4484e-09 -1.9087e-09 -4.7864e-10 -9.9628e-11 -1.6817e-11 -2.2424e-12 -2.2921e-13 -1.7361e-14 -9.3732e-16 -3.4512e-17 -8.2384e-19 -1.2032e-20 -1.0058e-22 -4.4571e-25 -9.5853e-28 -9.0308e-31 -3.3107e-34 -4.1147e-38 -1.4763e-42 -1.2672e-47 -2.0879e-53 -5.0954e-60 -1.3564e-67 -2.7413e-76 -2.7338e-86 -8.0439e-98 -3.7699e-111 -1.3401e-126 -1.4731e-144 -1.6830e-165 -5.2782e-190 -8.8574e-219 -1.0558e-252 -7.2707e-293 -0.0000e+00 -0.0000e+00 -0.0000e+00 -0.0000e+00 -0.0000e+00 -0.0000e+00 -0.0000e+00 -0.0000e+00 -0.0000e+00 -0.0000e+00 -0.0000e+00 -0.0000e+00 -0.0000e+00 -0.0000e+00 -0.0000e+00 -0.0000e+00 -0.0000e+00 -0.0000e+00 -0.0000e+00 -0.0000e+00 -0.0000e+00 -0.0000e+00 -0.0000e+00 -0.0000e+00 -0.0000e+00 -0.0000e+00 -0.0000e+00 -0.0000e+00 -0.0000e+00 -0.0000e+00
-1.6606e-07 -4.7002e-07 -8.6436e-07 -1.3324e-06 -1.8641e-06 -2.4522e-06 -3.0898e-06 1.2354e-04 -4.4841e-06 -5.2221e-06 -5.9711e-06 -6.7155e-06 -7.4362e-06 -8.1111e-06 -8.7147e-06 -9.2195e-06 -9.5966e-06 -9.8182e-06 -9.8595e-06 -9.7020e-06 -9.3367e-06 -8.7668e-06 -8.0104e-06 -7.1010e-06 -6.0860e-06 -5.0235e-06 -3.9760e-06 -3.0027e-06 -2.1517e-06 -1.4541e-06 -9.2015e-07 -5.4102e-07 -2.9297e-07 -1.4468e-07 -6.4430e-08 -2.5554e-08 -8.8998e-09 -2.6787e-09 -6.8435e-10 -1.4541e-10 -2.5112e-11 -3.4335e-12 -3.6080e-13 -2.8171e-14 -1.5724e-15 -6.0037e-17 -1.4910e-18 -2.2733e-20 -1.9911e-22 -9.2809e-25 -2.1076e-27 -2.1056e-30 -8.2210e-34 -1.0930e-37 -4.2147e-42 -3.9069e-47 -6.9858e-53 -1.8597e-59 -5.4287e-67 -1.2098e-75 -1.3379e-85 -4.3913e-97 -2.3103e-110 -9.2795e-126 -1.1607e-143 -1.5203e-164 -5.5106e-189 -1.0783e-217 -1.5132e-251 -1.2401e-291 -0.0000e+00 -0.0000e+00 -0.0000e+00 -0.0000e+00 -0.0000e+00 -0.0000e+00 -0.0000e+00 -0.0000e+00 -0.0000e+00 -0.0000e+00 -0.0000e+00 -0.0000e+00 -0.0000e+00 -0.0000e+00 -0.0000e+00 -0.0000e+00 -0.0000e+00 -0.0000e+00 -0.0000e+00 -0.0000e+00 -0.0000e+00 -0.0000e+00 -0.0000e+00 -0.0000e+00 -0.0000e+00 -0.0000e+00 -0.0000e+00 -0.0000e+00 -0.0000e+00 -0.0000e+00 -1.6606e-07 -4.7002e-07 -8.6436e-07 -1.3323e-06 -1.8641e-06 -2.4521e-06 -3.0896e-06 0.0000e+00 -4.4830e-06 -5.2202e-06 -5.9678e-06 -6.7102e-06 -7.4282e-06 -8.0992e-06 -8.6977e-06 -9.1960e-06 -9.5652e-06 -9.7774e-06 -9.8081e-06 -9.6391e-06 -9.2622e-06 -8.6815e-06 -7.9161e-06 -7.0005e-06 -5.9832e-06 -4.9229e-06 -3.8821e-06 -2.9194e-06 -2.0821e-06 -1.3993e-06 -8.8008e-07 -5.1388e-07 -2.7610e-07 -1.3515e-07 -5.9601e-08 -2.3381e-08 -8.0440e-09 -2.3885e-09 -6.0111e-10 -1.2562e-10 -2.1301e-11 -2.8546e-12 -2.9344e-13 -2.2367e-14 -1.2162e-15 -4.5137e-17 -1.0870e-18 -1.6033e-20 -1.3551e-22 -6.0797e-25 -1.3255e-27 -1.2680e-30 -4.7283e-34 -5.9884e-38 -2.1941e-42 -1.9278e-47 -3.2593e-53 -8.1851e-60 -2.2491e-67 -4.7076e-76 -4.8803e-86 -1.4988e-97 -7.3644e-111 -2.7580e-126 -3.2112e-144 -3.9094e-165 -1.3150e-189 -2.3841e-218 -3.0954e-252 -2.3430e-292 -0.0000e+00 -0.0000e+00 -0.0000e+00 -0.0000e+00 -0.0000e+00 -0.0000e+00 -0.0000e+00 -0.0000e+00 -0.0000e+00 -0.0000e+00 -0.0000e+00 -0.0000e+00 -0.0000e+00 -0.0000e+00 -0.0000e+00 -0.0000e+00 -0.0000e+00 -0.0000e+00 -0.0000e+00 -0.0000e+00 -0.0000e+00 -0.0000e+00 -0.0000e+00 -0.0000e+00 -0.0000e+00 -0.0000e+00 -0.0000e+00 -0.0000e+00 -0.0000e+00 -0.0000e+00
-1.9750e-07 -5.5898e-07 -1.0280e-06 -1.5846e-06 -2.2170e-06 -2.9164e-06 -3.6750e-06 -4.4841e-06 1.9898e-04 -6.2126e-06 -7.1048e-06 -7.9922e-06 -8.8524e-06 -9.6592e-06 -1.0383e-05 -1.0990e-05 -1.1447e-05 -1.1721e-05 -1.1782e-05 -1.1607e-05 -1.1185e-05 -1.0519e-05 -9.6299e-06 -8.5551e-06 -7.3506e-06 -6.0849e-06 -4.8319e-06 -3.6628e-06 -2.6359e-06 -1.7898e-06 -1.1387e-06 -6.7361e-07 -3.6724e-07 -1.8272e-07 -8.2055e-08 -3.2846e-08 -1.1556e-08 -3.5172e-09 -9.0960e-10 -1.9586e-10 -3.4315e-11 -4.7658e-12 -5.0933e-13 -4.0495e-14 -2.3046e-15 -8.9845e-17 -2.2813e-18 -3.5612e-20 -3.1982e-22 -1.5307e-24 -3.5750e-27 -3.6790e-30 -1.4821e-33 -2.0368e-37 -8.1336e-42 -7.8242e-47 -1.4551e-52 -4.0389e-59 -1.2327e-66 -2.8809e-75 -3.3526e-85 -1.1624e-96 -6.4876e-110 -2.7778e-125 -3.7239e-143 -5.2601e-164 -2.0703e-188 -4.4331e-217 -6.8686e-251 -6.2768e-291 -0.0000e+00 -0.0000e+00 -0.0000e+00 -0.0000e+00 -0.0000e+00 -0.0000e+00 -0.0000e+00 -0.0000e+00 -0.0000e+00 -0.0000e+00 -0.0000e+00 -0.0000e+00 -0.0000e+00 -0.0000e+00 -0.0000e+00 -0.0000e+00 -0.0000e+00 -0.0000e+00 -0.0000e+00 -0.0000e+00 -0.0000e+00 -0.0000e+00 -0.0000e+00 -0.0000e+00 -0.0000e+00 -0.0000e+00 -0.0000e+00 -0.0000e+00 -0.0000e+00 -0.0000e+00 -1.9750e-07 -5.5898e-07 -1.0280e-06 -1.5845e-06 -2.2169e-06 -2.9162e-06 -3.6744e-06 -4.4830e-06 0.0000e+00 -6.2089e-06 -7.0986e-06 -7.9822e-06 -8.8371e-06 -9.6365e-06 -1.0350e-05 -1.0945e-05 -1.1387e-05 -1.1643e-05 -1.1683e-05 -1.1486e-05 -1.1042e-05 -1.0356e-05 -9.4487e-06 -8.3621e-06 -7.1531e-06 -5.8913e-06 -4.6510e-06 -3.5023e-06 -2.5015e-06 -1.6841e-06 -1.0613e-06 -6.2105e-07 -3.3453e-07 -1.6422e-07 -7.2650e-08 -2.8603e-08 -9.8807e-09 -2.9473e-09 -7.4555e-10 -1.5670e-10 -2.6742e-11 -3.6095e-12 -3.7403e-13 -2.8766e-14 -1.5797e-15 -5.9281e-17 -1.4453e-18 -2.1610e-20 -1.8543e-22 -8.4597e-25 -1.8789e-27 -1.8345e-30 -6.9968e-34 -9.0847e-38 -3.4210e-42 -3.0975e-47 -5.4129e-53 -1.4095e-59 -4.0300e-67 -8.8106e-76 -9.5794e-86 -3.0993e-97 -1.6122e-110 -6.4266e-126 -8.0116e-144 -1.0511e-164 -3.8380e-189 -7.6147e-218 -1.0917e-251 -9.2180e-292 -0.0000e+00 -0.0000e+00 -0.0000e+00 -0.0000e+00 -0.0000e+00 -0.0000e+00 -0.0000e+00 -0.0000e+00 -0.0000e+00 -0.0000e+00 -0.0000e+00 -0.0000e+00 -0.0000e+00 -0.0000e+00 -0.0000e+00 -0.0000e+00 -0.0000e+00 -0.0000e+00 -0.0000e+00 -0.0000e+00 -0.0000e+00 -0.0000e+00 -0.0000e+00 -0.0000e+00 -0.0000e+00 -0.0000e+00 -0.0000e+00 -0.0000e+00 -0.0000e+00 -0.0000e+00
-2.2995e-07 -6.5085e-07 -1.1969e-06 -1.8450e-06 -2.5814e-06 -3.3960e-06 -4.2794e-06 -5.2221e-06 -6.2126e-06 3.0516e-04 -8.2783e-06 -9.3151e-06 -1.0322e-05 -1.1268e-05 -1.2119e-05 -1.2838e-05 -1.3385e-05 -1.3721e-05 -1.3811e-05 -1.3628e-05 -1.3157e-05 -1.2402e-05 -1.1383e-05 -1.0143e-05 -8.7447e-06 -7.2676e-06 -5.7971e-06 -4.4168e-06 -3.1969e-06 -2.1847e-06 -1.4001e-06 -8.3486e-07 -4.5921e-07 -2.3073e-07 -1.0473e-07 -4.2421e-08 -1.5117e-08 -4.6656e-09 -1.2249e-09 -2.6804e-10 -4.7784e-11 -6.7607e-12 -7.3695e-13 -5.9836e-14 -3.4820e-15 -1.3897e-16 -3.6174e-18 -5.7965e-20 -5.3508e-22 -2.6364e-24 -6.3482e-27 -6.7466e-30 -2.8118e-33 -4.0054e-37 -1.6616e-41 -1.6643e-46 -3.2313e-52 -9.3907e-59 -3.0106e-66 -7.4174e-75 -9.1366e-85 -3.3681e-96 -2.0087e-109 -9.2423e-125 -1.3398e-142 -2.0608e-163 -8.9020e-188 -2.1107e-216 -3.6574e-250 -3.7803e-290 -0.0000e+00 -0.0000e+00 -0.0000e+00 -0.0000e+00 -0.0000e+00 -0.0000e+00 -0.0000e+00 -0.0000e+00 -0.0000e+00 -0.0000e+00 -0.0000e+00 -0.0000e+00 -0.0000e+00 -0.0000e+00 -0.0000e+00 -0.0000e+00 -0.0000e+00 -0.0000e+00 -0.0000e+00 -0.0000e+00 -0.0000e+00 -0.0000e+00 -0.0000e+00 -0.0000e+00 -0.0000e+00 -0.0000e+00 -0.0000e+00 -0.0000e+00 -0.0000e+00 -0.0000e+00 -2.2995e-07 -6.5085e-07 -1.1969e-06 -1.8450e-06 -2.5813e-06 -3.3956e-06 -4.2785e-06 -5.2202e-06 -6.2089e-06 0.0000e+00 -8.2672e-06 -9.2972e-06 -1.0294e-05 -1.1227e-05 -1.2061e-05 -1.2758e-05 -1.3277e-05 -1.3581e-05 -1.3634e-05 -1.3412e-05 -1.2902e-05 -1.2109e-05 -1.1058e-05 -9.7965e-06 -8.3902e-06 -6.9199e-06 -5.4718e-06 -4.1280e-06 -2.9546e-06 -1.9939e-06 -1.2599e-06 -7.3957e-07 -3.9976e-07 -1.9701e-07 -8.7546e-08 -3.4640e-08 -1.2033e-08 -3.6119e-09 -9.2007e-10 -1.9490e-10 -3.3551e-11 -4.5726e-12 -4.7895e-13 -3.7276e-14 -2.0743e-15 -7.8984e-17 -1.9570e-18 -2.9784e-20 -2.6061e-22 -1.2147e-24 -2.7620e-27 -2.7672e-30 -1.0856e-33 -1.4536e-37 -5.6605e-42 -5.3163e-47 -9.6678e-53 -2.6290e-59 -7.8792e-67 -1.8132e-75 -2.0843e-85 -7.1644e-97 -3.9807e-110 -1.7048e-125 -2.2981e-143 -3.2840e-164 -1.3164e-188 -2.8933e-217 -4.6412e-251 -4.4349e-291 -0.0000e+00 -0.0000e+00 -0.0000e+00 -0.0000e+00 -0.0000e+00 -0.0000e+00 -0.0000e+00 -0.0000e+00 -0.0000e+00 -0.0000e+00 -0.0000e+00 -0.0000e+00 -0.0000e+00 -0.0000e+00 -0.0000e+00 -0.0000e+00 -0.0000e+00 -0.0000e+00 -0.0000e+00 -0.0000e+00 -0.0000e+00 -0.0000e+00 -0.0000e+00 -0.0000e+00 -0.0000e+00 -0.0000e+00 -0.0000e+00 -0.0000e+00 -0.0000e+00 -0.0000e+00
-2.6287e-07 -7.4401e-07 -1.3682e-06 -2.1091e-06 -2.9510e-06 -3.8823e-06 -4.8927e-06 -5.9711e-06 -7.1048e-06 -8.2783e-06 4.4985e-04 -1.0663e-05 -1.1821e-05 -1.2914e-05 -1.3901e-05 -1.4741e-05 -1.5388e-05 -1.5799e-05 -1.5931e-05 -1.5755e-05 -1.5250e-05 -1.4417e-05 -1.3278e-05 -1.1879e-05 -1.0289e-05 -8.5956e-06 -6.8969e-06 -5.2897e-06 -3.8572e-06 -2.6579e-06 -1.7190e-06 -1.0354e-06 -5.7588e-07 -2.9287e-07 -1.3470e-07 -5.5338e-08 -2.0025e-08 -6.2823e-09 -1.6784e-09 -3.7421e-10 -6.8041e-11 -9.8299e-12 -1.0954e-12 -9.1022e-14 -5.4274e-15 -2.2223e-16 -5.9422e-18 -9.7944e-20 -9.3137e-22 -4.7345e-24 -1.1782e-26 -1.2965e-29 -5.6059e-33 -8.3041e-37 -3.5910e-41 -3.7600e-46 -7.6546e-52 -2.3404e-58 -7.9239e-66 -2.0703e-74 -2.7168e-84 -1.0724e-95 -6.8878e-109 -3.4344e-124 -5.4334e-142 -9.1929e-163 -4.4065e-187 -1.1708e-215 -2.2989e-249 -2.7266e-289 -0.0000e+00 -0.0000e+00 -0.0000e+00 -0.0000e+00 -0.0000e+00 -0.0000e+00 -0.0000e+00 -0.0000e+00 -0.0000e+00 -0.0000e+00 -0.0000e+00 -0.0000e+00 -0.0000e+00 -0.0000e+00 -0.0000e+00 -0.0000e+00 -0.0000e+00 -0.0000e+00 -0.0000e+00 -0.0000e+00 -0.0000e+00 -0.0000e+00 -0.0000e+00 -0.0000e+00 -0.0000e+00 -0.0000e+00 -0.0000e+00 -0.0000e+00 -0.0000e+00 -0.0000e+00 -2.6287e-07 -7.4401e-07 -1.3682e-06 -2.1090e-06 -2.9508e-06 -3.8817e-06 -4.8911e-06 -5.9678e-06 -7.0986e-06 -8.2672e-06 0.0000e+00 -1.0633e-05 -1.1775e-05 -1.2845e-05 -1.3803e-05 -1.4606e-05 -1.5207e-05 -1.5562e-05 -1.5633e-05 -1.5390e-05 -1.4818e-05 -1.3921e-05 -1.2729e-05 -1.1293e-05 -9.6875e-06 -8.0049e-06 -6.3436e-06 -4.7975e-06 -3.4436e-06 -2.3314e-06 -1.4786e-06 -8.7152e-07 -4.7329e-07 -2.3448e-07 -1.0481e-07 -4.1745e-08 -1.4609e-08 -4.4212e-09 -1.1366e-09 -2.4324e-10 -4.2347e-11 -5.8439e-12 -6.2061e-13 -4.9041e-14 -2.7749e-15 -1.0762e-16 -2.7205e-18 -4.2325e-20 -3.7933e-22 -1.8149e-24 -4.2459e-27 -4.3874e-30 -1.7799e-33 -2.4714e-37 -1.0011e-41 -9.8112e-47 -1.8683e-52 -5.3403e-59 -1.6892e-66 -4.1207e-75 -5.0457e-85 -1.8573e-96 -1.1115e-109 -5.1601e-125 -7.5941e-143 -1.1941e-163 -5.3142e-188 -1.3095e-216 -2.3814e-250 -2.6124e-290 -0.0000e+00 -0.0000e+00 -0.0000e+00 -0.0000e+00 -0.0000e+00 -0.0000e+00 -0.0000e+00 -0.0000e+00 -0.0000e+00 -0.0000e+00 -0.0000e+00 -0.0000e+00 -0.0000e+00 -0.0000e+00 -0.0000e+00 -0.0000e+00 -0.0000e+00 -0.0000e+00 -0.0000e+00 -0.0000e+00 -0.0000e+00 -0.0000e+00 -0.0000e+00 -0.0000e+00 -0.0000e+00 -0.0000e+00 -0.0000e+00 -0.0000e+00 -0.0000e+00 -0.0000e+00
-2.9553e-07 -8.3647e-07 -1.5383e-06 -2.3713e-06 -3.3179e-06 -4.3653e-06 -5.5018e-06 -6.7155e-06 -7.9922e-06 -9.3151e-06 -1.0663e-05 6.4191e-04 -1.3324e-05 -1.4568e-05 -1.5699e-05 -1.6671e-05 -1.7432e-05 -1.7933e-05 -1.8127e-05 -1.7977e-05 -1.7460e-05 -1.6570e-05 -1.5330e-05 -1.3785e-05 -1.2010e-05 -1.0100e-05 -8.1644e-06 -6.3140e-06 -4.6468e-06 -3.2347e-06 -2.1155e-06 -1.2899e-06 -7.2694e-07 -3.7500e-07 -1.7514e-07 -7.3139e-08 -2.6931e-08 -8.6067e-09 -2.3448e-09 -5.3364e-10 -9.9152e-11 -1.4653e-11 -1.6722e-12 -1.4246e-13 -8.7198e-15 -3.6697e-16 -1.0099e-17 -1.7157e-19 -1.6844e-21 -8.8554e-24 -2.2836e-26 -2.6095e-29 -1.1745e-32 -1.8158e-36 -8.2187e-41 -9.0356e-46 -1.9381e-51 -6.2679e-58 -2.2541e-65 -6.2847e-74 -8.8466e-84 -3.7672e-95 -2.6266e-108 -1.4317e-123 -2.4955e-141 -4.6919e-162 -2.5236e-186 -7.6061e-215 -1.7150e-248 -2.3682e-288 -0.0000e+00 -0.0000e+00 -0.0000e+00 -0.0000e+00 -0.0000e+00 -0.0000e+00 -0.0000e+00 -0.0000e+00 -0.0000e+00 -0.0000e+00 -0.0000e+00 -0.0000e+00 -0.0000e+00 -0.0000e+00 -0.0000e+00 -0.0000e+00 -0.0000e+00 -0.0000e+00 -0.0000e+00 -0.0000e+00 -0.0000e+00 -0.0000e+00 -0.0000e+00 -0.0000e+00 -0.0000e+00 -0.0000e+00 -0.0000e+00 -0.0000e+00 -0.0000e+00 -0.0000e+00 -2.9553e-07 -8.3647e-07 -1.5383e-06 -2.3711e-06 -3.3175e-06 -4.3642e-06 -5.4993e-06 -6.7102e-06 -7.9822e-06 -9.2972e-06 -1.0633e-05 0.0000e+00 -1.3249e-05 -1.4458e-05 -1.5542e-05 -1.6453e-05 -1.7140e-05 -1.7553e-05 -1.7648e-05 -1.7390e-05 -1.6763e-05 -1.5771e-05 -1.4443e-05 -1.2837e-05 -1.1036e-05 -9.1422e-06 -7.2655e-06 -5.5127e-06 -3.9716e-06 -2.7003e-06 -1.7207e-06 -1.0197e-06 -5.5711e-07 -2.7789e-07 -1.2516e-07 -5.0274e-08 -1.7760e-08 -5.4314e-09 -1.4126e-09 -3.0618e-10 -5.4063e-11 -7.5772e-12 -8.1847e-13 -6.5890e-14 -3.8049e-15 -1.5086e-16 -3.9067e-18 -6.2388e-20 -5.7520e-22 -2.8377e-24 -6.8621e-27 -7.3489e-30 -3.0984e-33 -4.4848e-37 -1.8997e-41 -1.9538e-46 -3.9189e-52 -1.1846e-58 -3.9802e-66 -1.0363e-74 -1.3614e-84 -5.4076e-96 -3.5143e-109 -1.7843e-124 -2.8942e-142 -5.0595e-163 -2.5276e-187 -7.0680e-216 -1.4767e-249 -1.8868e-289 -0.0000e+00 -0.0000e+00 -0.0000e+00 -0.0000e+00 -0.0000e+00 -0.0000e+00 -0.0000e+00 -0.0000e+00 -0.0000e+00 -0.0000e+00 -0.0000e+00 -0.0000e+00 -0.0000e+00 -0.0000e+00 -0.0000e+00 -0.0000e+00 -0.0000e+00 -0.0000e+00 -0.0000e+00 -0.0000e+00 -0.0000e+00 -0.0000e+00 -0.0000e+00 -0.0000e+00 -0.0000e+00 -0.0000e+00 -0.0000e+00 -0.0000e+00 -0.0000e+00 -0.0000e+00
-3.2710e-07 -9.2583e-07 -1.7026e-06 -2.6246e-06 -3.6726e-06 -4.8323e-06 -6.0911e-06 -7.4362e-06 -8.8524e-06 -1.0322e-05 -1.1821e-05 -1.3324e-05 8.9140e-04 -1.6195e-05 -1.7478e-05 -1.8593e-05 -1.9484e-05 -2.0095e-05 -2.0376e-05 -2.0281e-05 -1.9781e-05 -1.8865e-05 -1.7552e-05 -1.5885e-05 -1.3940e-05 -1.1819e-05 -9.6407e-06 -7.5310e-06 -5.6038e-06 -3.9482e-06 -2.6161e-06 -1.6178e-06 -9.2567e-07 -4.8530e-07 -2.3058e-07 -9.8059e-08 -3.6807e-08 -1.2002e-08 -3.3397e-09 -7.7710e-10 -1.4777e-10 -2.2375e-11 -2.6190e-12 -2.2914e-13 -1.4422e-14 -6.2498e-16 -1.7738e-17 -3.1132e-19 -3.1633e-21 -1.7248e-23 -4.6232e-26 -5.5048e-29 -2.5888e-32 -4.1939e-36 -1.9956e-40 -2.3147e-45 -5.2586e-51 -1.8089e-57 -6.9515e-65 -2.0819e-73 -3.1656e-83 -1.4653e-94 -1.1182e-107 -6.7224e-123 -1.3033e-140 -2.7516e-161 -1.6795e-185 -5.8137e-214 -1.5257e-247 -2.4896e-287 -0.0000e+00 -0.0000e+00 -0.0000e+00 -0.0000e+00 -0.0000e+00 -0.0000e+00 -0.0000e+00 -0.0000e+00 -0.0000e+00 -0.0000e+00 -0.0000e+00 -0.0000e+00 -0.0000e+00 -0.0000e+00 -0.0000e+00 -0.0000e+00 -0.0000e+00 -0.0000e+00 -0.0000e+00 -0.0000e+00 -0.0000e+00 -0.0000e+00 -0.0000e+00 -0.0000e+00 -0.0000e+00 -0.0000e+00 -0.0000e+00 -0.0000e+00 -0.0000e+00 -0.0000e+00 -3.2710e-07 -9.2582e-07 -1.7026e-06 -2.6245e-06 -3.6720e-06 -4.8306e-06 -6.0873e-06 -7.4282e-06 -8.8371e-06 -1.0294e-05 -1.1775e-05 -1.3249e-05 0.0000e+00 -1.6026e-05 -1.7236e-05 -1.8258e-05 -1.9034e-05 -1.9510e-05 -1.9636e-05 -1.9374e-05 -1.8704e-05 -1.7628e-05 -1.6177e-05 -1.4414e-05 -1.2426e-05 -1.0326e-05 -8.2366e-06 -6.2756e-06 -4.5428e-06 -3.1052e-06 -1.9907e-06 -1.1878e-06 -6.5391e-07 -3.2896e-07 -1.4957e-07 -6.0716e-08 -2.1700e-08 -6.7224e-09 -1.7733e-09 -3.9038e-10 -7.0114e-11 -1.0011e-11 -1.1035e-12 -9.0814e-14 -5.3708e-15 -2.1853e-16 -5.8191e-18 -9.5768e-20 -9.1206e-22 -4.6593e-24 -1.1697e-26 -1.3042e-29 -5.7417e-33 -8.7058e-37 -3.8762e-41 -4.2058e-46 -8.9356e-52 -2.8735e-58 -1.0320e-65 -2.8869e-74 -4.0983e-84 -1.7701e-95 -1.2596e-108 -7.0556e-124 -1.2735e-141 -2.5008e-162 -1.4184e-186 -4.5568e-215 -1.1085e-248 -1.6744e-288 -0.0000e+00 -0.0000e+00 -0.0000e+00 -0.0000e+00 -0.0000e+00 -0.0000e+00 -0.0000e+00 -0.0000e+00 -0.0000e+00 -0.0000e+00 -0.0000e+00 -0.0000e+00 -0.0000e+00 -0.0000e+00 -0.0000e+00 -0.0000e+00 -0.0000e+00 -0.0000e+00 -0.0000e+00 -0.0000e+00 -0.0000e+00 -0.0000e+00 -0.0000e+00 -0.0000e+00 -0.0000e+00 -0.0000e+00 -0.0000e+00 -0.0000e+00 -0.0000e+00 -0.0000e+00
-3.5658e-07 -1.0093e-06 -1.8561e-06 -2.8613e-06 -4.0039e-06 -5.2687e-06 -6.6423e-06 -8.1111e-06 -9.6592e-06 -1.1268e-05 -1.2914e-05 -1.4568e-05 -1.6195e-05 1.2096e-03 -1.9195e-05 -2.0465e-05 -2.1504e-05 -2.2252e-05 -2.2649e-05 -2.2646e-05 -2.2203e-05 -2.1305e-05 -1.9958e-05 -1.8204e-05 -1.6115e-05 -1.3796e-05 -1.1375e-05 -8.9910e-06 -6.7763e-06 -4.8407e-06 -3.2554e-06 -2.0453e-06 -1.1901e-06 -6.3513e-07 -3.0747e-07 -1.3336e-07 -5.1098e-08 -1.7025e-08 -4.8454e-09 -1.1543e-09 -2.2497e-10 -3.4953e-11 -4.2033e-12 -3.7833e-13 -2.4532e-14 -1.0971e-15 -3.2187e-17 -5.8512e-19 -6.1709e-21 -3.5004e-23 -9.7859e-26 -1.2186e-28 -6.0117e-32 -1.0250e-35 -5.1513e-40 -6.3353e-45 -1.5326e-50 -5.6400e-57 -2.3306e-64 -7.5475e-73 -1.2486e-82 -6.3311e-94 -5.3322e-107 -3.5675e-122 -7.7686e-140 -1.8614e-160 -1.3044e-184 -5.2510e-213 -1.6262e-246 -3.1834e-286 -0.0000e+00 -0.0000e+00 -0.0000e+00 -0.0000e+00 -0.0000e+00 -0.0000e+00 -0.0000e+00 -0.0000e+00 -0.0000e+00 -0.0000e+00 -0.0000e+00 -0.0000e+00 -0.0000e+00 -0.0000e+00 -0.0000e+00 -0.0000e+00 -0.0000e+00 -0.0000e+00 -0.0000e+00 -0.0000e+00 -0.0000e+00 -0.0000e+00 -0.0000e+00 -0.0000e+00 -0.0000e+00 -0.0000e+00 -0.0000e+00 -0.0000e+00 -0.0000e+00 -0.0000e+00 -3.5658e-07 -1.0093e-06 -1.8560e-06 -2.8610e-06 -4.0030e-06 -5.2663e-06 -6.6367e-06 -8.0992e-06 -9.6365e-06 -1.1227e-05 -1.2845e-05 -1.4458e-05 -1.6026e-05 0.0000e+00 -1.8837e-05 -1.9968e-05 -2.0837e-05 -2.1382e-05 -2.1550e-05 -2.1297e-05 -2.0600e-05 -1.9459e-05 -1.7904e-05 -1.6001e-05 -1.3843e-05 -1.1550e-05 -9.2550e-06 -7.0885e-06 -5.1616e-06 -3.5519e-06 -2.2942e-06 -1.3804e-06 -7.6710e-07 -3.8994e-07 -1.7936e-07 -7.3741e-08 -2.6728e-08 -8.4081e-09 -2.2556e-09 -5.0578e-10 -9.2671e-11 -1.3522e-11 -1.5259e-12 -1.2880e-13 -7.8280e-15 -3.2800e-16 -9.0142e-18 -1.5346e-19 -1.5156e-21 -8.0494e-24 -2.1068e-26 -2.4561e-29 -1.1342e-32 -1.8099e-36 -8.5125e-41 -9.7955e-46 -2.2166e-51 -7.6281e-58 -2.9467e-65 -8.9165e-74 -1.3777e-83 -6.5201e-95 -5.1223e-108 -3.1943e-123 -6.4783e-141 -1.4442e-161 -9.4070e-186 -3.5159e-214 -1.0096e-247 -1.8300e-287 -0.0000e+00 -0.0000e+00 -0.0000e+00 -0.0000e+00 -0.0000e+00 -0.0000e+00 -0.0000e+00 -0.0000e+00 -0.0000e+00 -0.0000e+00 -0.0000e+00 -0.0000e+00 -0.0000e+00 -0.0000e+00 -0.0000e+00 -0.0000e+00 -0.0000e+00 -0.0000e+00 -0.0000e+00 -0.0000e+00 -0.0000e+00 -0.0000e+00 -0.0000e+00 -0.0000e+00 -0.0000e+00 -0.0000e+00 -0.0000e+00 -0.0000e+00 -0.0000e+00 -0.0000e+00
-3.8284e-07 -1.0836e-06 -1.9928e-06 -3.0721e-06 -4.2992e-06 -5.6580e-06 -7.1345e-06 -8.7147e-06 -1.0383e-05 -1.2119e-05 -1.3901e-05 -1.5699e-05 -1.7478e-05 -1.9195e-05 1.6093e-03 -2.2239e-05 -2.3446e-05 -2.4359e-05 -2.4911e-05 -2.5045e-05 -2.4713e-05 -2.3886e-05 -2.2561e-05 -2.0768e-05 -1.8575e-05 -1.6083e-05 -1.3425e-05 -1.0754e-05 -8.2225e-06 -5.9649e-06 -4.0776e-06 -2.6066e-06 -1.5446e-06 -8.4025e-07 -4.1500e-07 -1.8380e-07 -7.1984e-08 -2.4538e-08 -7.1520e-09 -1.7468e-09 -3.4947e-10 -5.5803e-11 -6.9066e-12 -6.4079e-13 -4.2902e-14 -1.9846e-15 -6.0350e-17 -1.1396e-18 -1.2513e-20 -7.4094e-23 -2.1683e-25 -2.8350e-28 -1.4732e-31 -2.6554e-35 -1.4164e-39 -1.8566e-44 -4.8090e-50 -1.9045e-56 -8.5162e-64 -3.0025e-72 -5.4440e-82 -3.0476e-93 -2.8571e-106 -2.1470e-121 -5.3039e-139 -1.4579e-159 -1.1868e-183 -5.6284e-212 -2.0861e-245 -4.9755e-285 -0.0000e+00 -0.0000e+00 -0.0000e+00 -0.0000e+00 -0.0000e+00 -0.0000e+00 -0.0000e+00 -0.0000e+00 -0.0000e+00 -0.0000e+00 -0.0000e+00 -0.0000e+00 -0.0000e+00 -0.0000e+00 -0.0000e+00 -0.0000e+00 -0.0000e+00 -0.0000e+00 -0.0000e+00 -0.0000e+00 -0.0000e+00 -0.0000e+00 -0.0000e+00 -0.0000e+00 -0.0000e+00 -0.0000e+00 -0.0000e+00 -0.0000e+00 -0.0000e+00 -0.0000e+00 -3.8284e-07 -1.0836e-06 -1.9927e-06 -3.0718e-06 -4.2980e-06 -5.6546e-06 -7.1264e-06 -8.6977e-06 -1.0350e-05 -1.2061e-05 -1.3803e-05 -1.5542e-05 -1.7236e-05 -1.8837e-05 0.0000e+00 -2.1527e-05 -2.2490e-05 -2.3112e-05 -2.3333e-05 -2.3106e-05 -2.2403e-05 -2.1221e-05 -1.9589e-05 -1.7573e-05 -1.5269e-05 -1.2803e-05 -1.0318e-05 -7.9532e-06 -5.8333e-06 -4.0469e-06 -2.6378e-06 -1.6033e-06 -9.0106e-07 -4.6377e-07 -2.1626e-07 -9.0262e-08 -3.3259e-08 -1.0653e-08 -2.9140e-09 -6.6740e-10 -1.2512e-10 -1.8712e-11 -2.1684e-12 -1.8832e-13 -1.1801e-14 -5.1096e-16 -1.4543e-17 -2.5705e-19 -2.6422e-21 -1.4646e-23 -4.0126e-26 -4.9119e-29 -2.3897e-32 -4.0323e-36 -2.0132e-40 -2.4698e-45 -5.9861e-51 -2.2175e-57 -9.2725e-65 -3.0556e-73 -5.1760e-83 -2.7055e-94 -2.3665e-107 -1.6581e-122 -3.8160e-140 -9.7625e-161 -7.3887e-185 -3.2541e-213 -1.1186e-246 -2.4710e-286 -0.0000e+00 -0.0000e+00 -0.0000e+00 -0.0000e+00 -0.0000e+00 -0.0000e+00 -0.0000e+00 -0.0000e+00 -0.0000e+00 -0.0000e+00 -0.0000e+00 -0.0000e+00 -0.0000e+00 -0.0000e+00 -0.0000e+00 -0.0000e+00 -0.0000e+00 -0.0000e+00 -0.0000e+00 -0.0000e+00 -0.0000e+00 -0.0000e+00 -0.0000e+00 -0.0000e+00 -0.0000e+00 -0.0000e+00 -0.0000e+00 -0.0000e+00 -0.0000e+00 -0.0000e+00
-4.0466e-07 -1.1453e-06 -2.1064e-06 -3.2473e-06 -4.5448e-06 -5.9821e-06 -7.5450e-06 -9.2195e-06 -1.0990e-05 -1.2838e-05 -1.4741e-05 -1.6671e-05 -1.8593e-05 -2.0465e-05 -2.2239e-05 2.1047e-03 -2.5255e-05 -2.6365e-05 -2.7118e-05 -2.7444e-05 -2.7285e-05 -2.6599e-05 -2.5366e-05 -2.3601e-05 -2.1357e-05 -1.8730e-05 -1.5853e-05 -1.2888e-05 -1.0012e-05 -7.3856e-06 -5.1388e-06 -3.3465e-06 -2.0220e-06 -1.1225e-06 -5.6628e-07 -2.5641e-07 -1.0276e-07 -3.5885e-08 -1.0727e-08 -2.6902e-09 -5.5335e-10 -9.0981e-11 -1.1613e-11 -1.1131e-12 -7.7132e-14 -3.7005e-15 -1.1697e-16 -2.3013e-18 -2.6398e-20 -1.6374e-22 -5.0350e-25 -6.9402e-28 -3.8157e-31 -7.3046e-35 -4.1555e-39 -5.8361e-44 -1.6278e-49 -6.9794e-56 -3.3992e-63 -1.3138e-71 -2.6305e-81 -1.6390e-92 -1.7252e-105 -1.4699e-120 -4.1618e-138 -1.3270e-158 -1.2701e-182 -7.1900e-211 -3.2357e-244 -9.5528e-284 -0.0000e+00 -0.0000e+00 -0.0000e+00 -0.0000e+00 -0.0000e+00 -0.0000e+00 -0.0000e+00 -0.0000e+00 -0.0000e+00 -0.0000e+00 -0.0000e+00 -0.0000e+00 -0.0000e+00 -0.0000e+00 -0.0000e+00 -0.0000e+00 -0.0000e+00 -0.0000e+00 -0.0000e+00 -0.0000e+00 -0.0000e+00 -0.0000e+00 -0.0000e+00 -0.0000e+00 -0.0000e+00 -0.0000e+00 -0.0000e+00 -0.0000e+00 -0.0000e+00 -0.0000e+00 -4.0465e-07 -1.1453e-06 -2.1063e-06 -3.2468e-06 -4.5431e-06 -5.9773e-06 -7.5338e-06 -9.1960e-06 -1.0945e-05 -1.2758e-05 -1.4606e-05 -1.6453e-05 -1.8258e-05 -1.9968e-05 -2.1527e-05 0.0000e+00 -2.3927e-05 -2.4632e-05 -2.4920e-05 -2.4739e-05 -2.4057e-05 -2.2866e-05 -2.1193e-05 -1.9099e-05 -1.6683e-05 -1.4074e-05 -1.1419e-05 -8.8706e-06 -6.5630e-06 -4.5975e-06 -3.0293e-06 -1.8635e-06 -1.0613e-06 -5.5424e-07 -2.6260e-07 -1.1153e-07 -4.1881e-08 -1.3692e-08 -3.8295e-09 -8.9828e-10 -1.7278e-10 -2.6564e-11 -3.1705e-12 -2.8419e-13 -1.8420e-14 -8.2676e-16 -2.4453e-17 -4.5027e-19 -4.8349e-21 -2.8078e-23 -8.0843e-26 -1.0435e-28 -5.3723e-32 -9.6305e-36 -5.1297e-40 -6.7445e-45 -1.7607e-50 -7.0640e-57 -3.2180e-64 -1.1629e-72 -2.1758e-82 -1.2661e-93 -1.2439e-106 -9.8837e-122 -2.6077e-139 -7.7406e-160 -6.8896e-184 -3.6228e-212 -1.5125e-245 -4.1364e-285 -0.0000e+00 -0.0000e+00 -0.0000e+00 -0.0000e+00 -0.0000e+00 -0.0000e+00 -0.0000e+00 -0.0000e+00 -0.0000e+00 -0.0000e+00 -0.0000e+00 -0.0000e+00 -0.0000e+00 -0.0000e+00 -0.0000e+00 -0.0000e+00 -0.0000e+00 -0.0000e+00 -0.0000e+00 -0.0000e+00 -0.0000e+00 -0.0000e+00 -0.0000e+00 -0.0000e+00 -0.0000e+00 -0.0000e+00 -0.0000e+00 -0.0000e+00 -0.0000e+00 -0.0000e+00
