4.7193e-12 -1.0023e-11 -2.7663e-11 -5.6916e-11 -9.9717e-11 -1.5786e-10 -2.3305e-10 -3.2697e-10 -4.4129e-10 -5.7770e-10 -7.3789e-10 -9.2354e-10 -1.1363e-09 -1.3778e-09 -1.6495e-09 -1.9524e-09 -2.2874e-09 -2.6545e-09 -3.0529e-09 -3.4803e-09 -3.9328e-09 -4.4040e-09 -4.8845e-09 -5.3612e-09 -5.8167e-09 -6.2290e-09 -6.5711e-09 -6.8123e-09 -6.9199e-09 -6.8622e-09 -6.6142e-09 -6.1634e-09 -5.5167e-09 -4.7066e-09 -3.7919e-09 -2.8529e-09 -1.9779e-09 -1.2435e-09 -6.9548e-10 -3.3818e-10 -1.3908e-10 -4.6803e-11 -1.2385e-11 -2.4567e-12 -3.4485e-13 -3.1954e-14 -1.7970e-15 -5.5396e-17 -8.2736e-19 -5.1516e-21 -1.1135e-23 -6.6799e-27 -8.4530e-31 -1.6107e-35 -3.0495e-41 -3.4308e-48 -1.2115e-56 -6.0631e-67 -1.5909e-79 -6.2775e-95 -7.7070e-114 -3.9983e-137 -6.8933e-166 -1.5232e-201 -6.5275e-246 -2.3843e-301 -0.0000e+00 -0.0000e+00 -0.0000e+00 -0.0000e+00 -0.0000e+00 -0.0000e+00 -0.0000e+00 -0.0000e+00 -0.0000e+00 -0.0000e+00 -0.0000e+00 -0.0000e+00 -0.0000e+00 -0.0000e+00 -0.0000e+00 -0.0000e+00 -0.0000e+00 -0.0000e+00 -0.0000e+00 -0.0000e+00 -0.0000e+00 -0.0000e+00 -0.0000e+00 -0.0000e+00 -0.0000e+00 -0.0000e+00 -0.0000e+00 -0.0000e+00 -0.0000e+00 -0.0000e+00 -0.0000e+00 -0.0000e+00 -0.0000e+00 -0.0000e+00 0.0000e+00 -1.0023e-11 -2.7663e-11 -5.6916e-11 -9.9717e-11 -1.5786e-10 -2.3305e-10 -3.2697e-10 -4.4129e-10 -5.7770e-10 -7.3789e-10 -9.2354e-10 -1.1363e-09 -1.3778e-09 -1.6495e-09 -1.9524e-09 -2.2874e-09 -2.6545e-09 -3.0529e-09 -3.4803e-09 -3.9328e-09 -4.4040e-09 -4.8845e-09 -5.3612e-09 -5.8167e-09 -6.2290e-09 -6.5711e-09 -6.8123e-09 -6.9199e-09 -6.8622e-09 -6.6142e-09 -6.1634e-09 -5.5167e-09 -4.7066e-09 -3.7919e-09 -2.8529e-09 -1.9779e-09 -1.2435e-09 -6.9548e-10 -3.3818e-10 -1.3908e-10 -4.6803e-11 -1.2385e-11 -2.4567e-12 -3.4485e-13 -3.1954e-14 -1.7970e-15 -5.5396e-17 -8.2736e-19 -5.1516e-21 -1.1135e-23 -6.6799e-27 -8.4530e-31 -1.6107e-35 -3.0495e-41 -3.4308e-48 -1.2115e-56 -6.0631e-67 -1.5909e-79 -6.2775e-95 -7.7070e-114 -3.9983e-137 -6.8933e-166 -1.5232e-201 -6.5275e-246 -2.3843e-301 -0.0000e+00 -0.0000e+00 -0.0000e+00 -0.0000e+00 -0.0000e+00 -0.0000e+00 -0.0000e+00 -0.0000e+00 -0.0000e+00 -0.0000e+00 -0.0000e+00 -0.0000e+00 -0.0000e+00 -0.0000e+00 -0.0000e+00 -0.0000e+00 -0.0000e+00 -0.0000e+00 -0.0000e+00 -0.0000e+00 -0.0000e+00 -0.0000e+00 -0.0000e+00 -0.0000e+00 -0.0000e+00 -0.0000e+00 -0.0000e+00 -0.0000e+00 -0.0000e+00 -0.0000e+00 -0.0000e+00 -0.0000e+00 -0.0000e+00 -0.0000e+00
-1.0023e-11 3.0611e-10 -1.5664e-10 -3.2228e-10 -5.6463e-10 -8.9383e-10 -1.3196e-09 -1.8514e-09 -2.4987e-09 -3.2711e-09 -4.1782e-09 -5.2294e-09 -6.4342e-09 -7.8016e-09 -9.3398e-09 -1.1055e-08 -1.2952e-08 -1.5031e-08 -1.7286e-08 -1.9707e-08 -2.2269e-08 -2.4937e-08 -2.7658e-08 -3.0357e-08 -3.2936e-08 -3.5270e-08 -3.7208e-08 -3.8574e-08 -3.9183e-08 -3.8856e-08 -3.7452e-08 -3.4899e-08 -3.1237e-08 -2.6650e-08 -2.1471e-08 -1.6154e-08 -1.1199e-08 -7.0410e-09 -3.9380e-09 -1.9149e-09 -7.8753e-10 -2.6501e-10 -7.0127e-11 -1.3911e-11 -1.9527e-12 -1.8094e-13 -1.0175e-14 -3.1367e-16 -4.6848e-18 -2.9170e-20 -6.3052e-23 -3.7824e-26 -4.7864e-30 -9.1202e-35 -1.7267e-40 -1.9426e-47 -6.8598e-56 -3.4332e-66 -9.0085e-79 -3.5545e-94 -4.3640e-113 -2.2640e-136 -3.9033e-165 -8.6250e-201 -3.6962e-245 -1.3501e-300 -0.0000e+00 -0.0000e+00 -0.0000e+00 -0.0000e+00 -0.0000e+00 -0.0000e+00 -0.0000e+00 -0.0000e+00 -0.0000e+00 -0.0000e+00 -0.0000e+00 -0.0000e+00 -0.0000e+00 -0.0000e+00 -0.0000e+00 -0.0000e+00 -0.0000e+00 -0.0000e+00 -0.0000e+00 -0.0000e+00 -0.0000e+00 -0.0000e+00 -0.0000e+00 -0.0000e+00 -0.0000e+00 -0.0000e+00 -0.0000e+00 -0.0000e+00 -0.0000e+00 -0.0000e+00 -0.0000e+00 -0.0000e+00 -0.0000e+00 -0.0000e+00 -1.0023e-11 0.0000e+00 -1.5664e-10 -3.2228e-10 -5.6463e-10 -8.9383e-10 -1.3196e-09 -1.8514e-09 -2.4987e-09 -3.2711e-09 -4.1782e-09 -5.2294e-09 -6.4342e-09 -7.8016e-09 -9.3398e-09 -1.1055e-08 -1.2952e-08 -1.5031e-08 -1.7286e-08 -1.9707e-08 -2.2269e-08 -2.4937e-08 -2.7658e-08 -3.0357e-08 -3.2936e-08 -3.5270e-08 -3.7208e-08 -3.8574e-08 -3.9183e-08 -3.8856e-08 -3.7452e-08 -3.4899e-08 -3.1237e-08 -2.6650e-08 -2.1471e-08 -1.6154e-08 -1.1199e-08 -7.0410e-09 -3.9380e-09 -1.9149e-09 -7.8753e-10 -2.6501e-10 -7.0127e-11 -1.3911e-11 -1.9527e-12 -1.8094e-13 -1.0175e-14 -3.1367e-16 -4.6848e-18 -2.9170e-20 -6.3052e-23 -3.7824e-26 -4.7864e-30 -9.1201e-35 -1.7267e-40 -1.9426e-47 -6.8598e-56 -3.4332e-66 -9.0085e-79 -3.5545e-94 -4.3640e-113 -2.2640e-136 -3.9032e-165 -8.6249e-201 -3.6961e-245 -1.3501e-300 -0.0000e+00 -0.0000e+00 -0.0000e+00 -0.0000e+00 -0.0000e+00 -0.0000e+00 -0.0000e+00 -0.0000e+00 -0.0000e+00 -0.0000e+00 -0.0000e+00 -0.0000e+00 -0.0000e+00 -0.0000e+00 -0.0000e+00 -0.0000e+00 -0.0000e+00 -0.0000e+00 -0.0000e+00 -0.0000e+00 -0.0000e+00 -0.0000e+00 -0.0000e+00 -0.0000e+00 -0.0000e+00 -0.0000e+00 -0.0000e+00 -0.0000e+00 -0.0000e+00 -0.0000e+00 -0.0000e+00 -0.0000e+00 -0.0000e+00 -0.0000e+00
-2.7663e-11 -1.5664e-10 3.4883e-09 -8.8952e-10 -1.5585e-09 -2.4671e-09 -3.6422e-09 -5.1101e-09 -6.8968e-09 -9.0287e-09 -1.1532e-08 -1.4434e-08 -1.7759e-08 -2.1533e-08 -2.5779e-08 -3.0514e-08 -3.5749e-08 -4.1487e-08 -4.7713e-08 -5.4393e-08 -6.1465e-08 -6.8829e-08 -7.6338e-08 -8.3789e-08 -9.0908e-08 -9.7351e-08 -1.0270e-07 -1.0647e-07 -1.0815e-07 -1.0725e-07 -1.0337e-07 -9.6326e-08 -8.6219e-08 -7.3558e-08 -5.9262e-08 -4.4587e-08 -3.0912e-08 -1.9434e-08 -1.0869e-08 -5.2854e-09 -2.1737e-09 -7.3148e-10 -1.9356e-10 -3.8395e-11 -5.3896e-12 -4.9941e-13 -2.8085e-14 -8.6578e-16 -1.2931e-17 -8.0515e-20 -1.7404e-22 -1.0440e-25 -1.3211e-29 -2.5174e-34 -4.7662e-40 -5.3621e-47 -1.8935e-55 -9.4766e-66 -2.4867e-78 -9.8119e-94 -1.2047e-112 -6.2497e-136 -1.0775e-164 -2.3811e-200 -1.0205e-244 -3.7276e-300 -0.0000e+00 -0.0000e+00 -0.0000e+00 -0.0000e+00 -0.0000e+00 -0.0000e+00 -0.0000e+00 -0.0000e+00 -0.0000e+00 -0.0000e+00 -0.0000e+00 -0.0000e+00 -0.0000e+00 -0.0000e+00 -0.0000e+00 -0.0000e+00 -0.0000e+00 -0.0000e+00 -0.0000e+00 -0.0000e+00 -0.0000e+00 -0.0000e+00 -0.0000e+00 -0.0000e+00 -0.0000e+00 -0.0000e+00 -0.0000e+00 -0.0000e+00 -0.0000e+00 -0.0000e+00 -0.0000e+00 -0.0000e+00 -0.0000e+00 -0.0000e+00 -2.7663e-11 -1.5664e-10 0.0000e+00 -8.8952e-10 -1.5585e-09 -2.4671e-09 -3.6422e-09 -5.1101e-09 -6.8968e-09 -9.0287e-09 -1.1532e-08 -1.4434e-08 -1.7759e-08 -2.1533e-08 -2.5779e-08 -3.0514e-08 -3.5749e-08 -4.1487e-08 -4.7713e-08 -5.4393e-08 -6.1465e-08 -6.8829e-08 -7.6338e-08 -8.3789e-08 -9.0908e-08 -9.7351e-08 -1.0270e-07 -1.0647e-07 -1.0815e-07 -1.0725e-07 -1.0337e-07 -9.6326e-08 -8.6219e-08 -7.3558e-08 -5.9262e-08 -4.4587e-08 -3.0911e-08 -1.9434e-08 -1.0869e-08 -5.2854e-09 -2.1737e-09 -7.3148e-10 -1.9356e-10 -3.8395e-11 -5.3896e-12 -4.9941e-13 -2.8085e-14 -8.6578e-16 -1.2931e-17 -8.0514e-20 -1.7403e-22 -1.0440e-25 -1.3211e-29 -2.5173e-34 -4.7661e-40 -5.3620e-47 -1.8934e-55 -9.4762e-66 -2.4865e-78 -9.8112e-94 -1.2046e-112 -6.2491e-136 -1.0774e-164 -2.3807e-200 -1.0203e-244 -3.7268e-300 -0.0000e+00 -0.0000e+00 -0.0000e+00 -0.0000e+00 -0.0000e+00 -0.0000e+00 -0.0000e+00 -0.0000e+00 -0.0000e+00 -0.0000e+00 -0.0000e+00 -0.0000e+00 -0.0000e+00 -0.0000e+00 -0.0000e+00 -0.0000e+00 -0.0000e+00 -0.0000e+00 -0.0000e+00 -0.0000e+00 -0.0000e+00 -0.0000e+00 -0.0000e+00 -0.0000e+00 -0.0000e+00 -0.0000e+00 -0.0000e+00 -0.0000e+00 -0.0000e+00 -0.0000e+00 -0.0000e+00 -0.0000e+00 -0.0000e+00 -0.0000e+00
-5.6916e-11 -3.2228e-10 -8.8952e-10 1.9665e-08 -3.2064e-09 -5.0759e-09 -7.4937e-09 -1.0514e-08 -1.4190e-08 -1.8576e-08 -2.3727e-08 -2.9697e-08 -3.6539e-08 -4.4304e-08 -5.3039e-08 -6.2780e-08 -7.3552e-08 -8.5357e-08 -9.8166e-08 -1.1191e-07 -1.2646e-07 -1.4161e-07 -1.5706e-07 -1.7239e-07 -1.8704e-07 -2.0029e-07 -2.1129e-07 -2.1905e-07 -2.2251e-07 -2.2066e-07 -2.1268e-07 -1.9819e-07 -1.7739e-07 -1.5134e-07 -1.2193e-07 -9.1736e-08 -6.3599e-08 -3.9985e-08 -2.2364e-08 -1.0875e-08 -4.4723e-09 -1.5050e-09 -3.9825e-10 -7.8998e-11 -1.1089e-11 -1.0275e-12 -5.7786e-14 -1.7814e-15 -2.6606e-17 -1.6567e-19 -3.5810e-22 -2.1482e-25 -2.7185e-29 -5.1801e-34 -9.8080e-40 -1.1035e-46 -3.8968e-55 -1.9504e-65 -5.1182e-78 -2.0197e-93 -2.4800e-112 -1.2868e-135 -2.2189e-164 -4.9043e-200 -2.1023e-244 -7.6819e-300 -0.0000e+00 -0.0000e+00 -0.0000e+00 -0.0000e+00 -0.0000e+00 -0.0000e+00 -0.0000e+00 -0.0000e+00 -0.0000e+00 -0.0000e+00 -0.0000e+00 -0.0000e+00 -0.0000e+00 -0.0000e+00 -0.0000e+00 -0.0000e+00 -0.0000e+00 -0.0000e+00 -0.0000e+00 -0.0000e+00 -0.0000e+00 -0.0000e+00 -0.0000e+00 -0.0000e+00 -0.0000e+00 -0.0000e+00 -0.0000e+00 -0.0000e+00 -0.0000e+00 -0.0000e+00 -0.0000e+00 -0.0000e+00 -0.0000e+00 -0.0000e+00 -5.6916e-11 -3.2228e-10 -8.8952e-10 0.0000e+00 -3.2064e-09 -5.0759e-09 -7.4937e-09 -1.0514e-08 -1.4190e-08 -1.8576e-08 -2.3727e-08 -2.9697e-08 -3.6539e-08 -4.4304e-08 -5.3039e-08 -6.2780e-08 -7.3552e-08 -8.5357e-08 -9.8166e-08 -1.1191e-07 -1.2646e-07 -1.4161e-07 -1.5706e-07 -1.7239e-07 -1.8704e-07 -2.0029e-07 -2.1129e-07 -2.1905e-07 -2.2251e-07 -2.2066e-07 -2.1268e-07 -1.9818e-07 -1.7739e-07 -1.5134e-07 -1.2193e-07 -9.1735e-08 -6.3599e-08 -3.9984e-08 -2.2363e-08 -1.0874e-08 -4.4723e-09 -1.5050e-09 -3.9824e-10 -7.8997e-11 -1.1089e-11 -1.0275e-12 -5.7784e-14 -1.7813e-15 -2.6605e-17 -1.6566e-19 -3.5807e-22 -2.1480e-25 -2.7182e-29 -5.1795e-34 -9.8066e-40 -1.1033e-46 -3.8960e-55 -1.9499e-65 -5.1165e-78 -2.0189e-93 -2.4788e-112 -1.2860e-135 -2.2173e-164 -4.9000e-200 -2.1001e-244 -7.6718e-300 -0.0000e+00 -0.0000e+00 -0.0000e+00 -0.0000e+00 -0.0000e+00 -0.0000e+00 -0.0000e+00 -0.0000e+00 -0.0000e+00 -0.0000e+00 -0.0000e+00 -0.0000e+00 -0.0000e+00 -0.0000e+00 -0.0000e+00 -0.0000e+00 -0.0000e+00 -0.0000e+00 -0.0000e+00 -0.0000e+00 -0.0000e+00 -0.0000e+00 -0.0000e+00 -0.0000e+00 -0.0000e+00 -0.0000e+00 -0.0000e+00 -0.0000e+00 -0.0000e+00 -0.0000e+00 -0.0000e+00 -0.0000e+00 -0.0000e+00 -0.0000e+00
-9.9717e-11 -5.6463e-10 -1.5585e-09 -3.2064e-09 7.5344e-08 -8.8930e-09 -1.3129e-08 -1.8420e-08 -2.4861e-08 -3.2545e-08 -4.1570e-08 -5.2029e-08 -6.4016e-08 -7.7621e-08 -9.2924e-08 -1.0999e-07 -1.2886e-07 -1.4955e-07 -1.7199e-07 -1.9607e-07 -2.2156e-07 -2.4810e-07 -2.7517e-07 -3.0203e-07 -3.2769e-07 -3.5092e-07 -3.7019e-07 -3.8378e-07 -3.8984e-07 -3.8660e-07 -3.7262e-07 -3.4722e-07 -3.1079e-07 -2.6515e-07 -2.1362e-07 -1.6072e-07 -1.1143e-07 -7.0055e-08 -3.9182e-08 -1.9053e-08 -7.8359e-09 -2.6369e-09 -6.9778e-10 -1.3842e-10 -1.9430e-11 -1.8005e-12 -1.0126e-13 -3.1216e-15 -4.6623e-17 -2.9032e-19 -6.2758e-22 -3.7651e-25 -4.7649e-29 -9.0804e-34 -1.7195e-39 -1.9348e-46 -6.8337e-55 -3.4210e-65 -8.9794e-78 -3.5445e-93 -4.3538e-112 -2.2600e-135 -3.8993e-164 -8.6241e-200 -3.7000e-244 -1.3534e-299 -0.0000e+00 -0.0000e+00 -0.0000e+00 -0.0000e+00 -0.0000e+00 -0.0000e+00 -0.0000e+00 -0.0000e+00 -0.0000e+00 -0.0000e+00 -0.0000e+00 -0.0000e+00 -0.0000e+00 -0.0000e+00 -0.0000e+00 -0.0000e+00 -0.0000e+00 -0.0000e+00 -0.0000e+00 -0.0000e+00 -0.0000e+00 -0.0000e+00 -0.0000e+00 -0.0000e+00 -0.0000e+00 -0.0000e+00 -0.0000e+00 -0.0000e+00 -0.0000e+00 -0.0000e+00 -0.0000e+00 -0.0000e+00 -0.0000e+00 -0.0000e+00 -9.9717e-11 -5.6463e-10 -1.5585e-09 -3.2064e-09 0.0000e+00 -8.8930e-09 -1.3129e-08 -1.8420e-08 -2.4861e-08 -3.2545e-08 -4.1570e-08 -5.2029e-08 -6.4016e-08 -7.7621e-08 -9.2924e-08 -1.0999e-07 -1.2886e-07 -1.4955e-07 -1.7199e-07 -1.9607e-07 -2.2156e-07 -2.4810e-07 -2.7517e-07 -3.0203e-07 -3.2769e-07 -3.5092e-07 -3.7019e-07 -3.8378e-07 -3.8984e-07 -3.8659e-07 -3.7262e-07 -3.4722e-07 -3.1079e-07 -2.6515e-07 -2.1362e-07 -1.6072e-07 -1.1143e-07 -7.0054e-08 -3.9181e-08 -1.9052e-08 -7.8356e-09 -2.6368e-09 -6.9774e-10 -1.3841e-10 -1.9428e-11 -1.8003e-12 -1.0124e-13 -3.1211e-15 -4.6615e-17 -2.9026e-19 -6.2741e-22 -3.7638e-25 -4.7630e-29 -9.0761e-34 -1.7185e-39 -1.9334e-46 -6.8279e-55 -3.4175e-65 -8.9683e-78 -3.5391e-93 -4.3458e-112 -2.2550e-135 -3.8887e-164 -8.5954e-200 -3.6849e-244 -1.3466e-299 -0.0000e+00 -0.0000e+00 -0.0000e+00 -0.0000e+00 -0.0000e+00 -0.0000e+00 -0.0000e+00 -0.0000e+00 -0.0000e+00 -0.0000e+00 -0.0000e+00 -0.0000e+00 -0.0000e+00 -0.0000e+00 -0.0000e+00 -0.0000e+00 -0.0000e+00 -0.0000e+00 -0.0000e+00 -0.0000e+00 -0.0000e+00 -0.0000e+00 -0.0000e+00 -0.0000e+00 -0.0000e+00 -0.0000e+00 -0.0000e+00 -0.0000e+00 -0.0000e+00 -0.0000e+00 -0.0000e+00 -0.0000e+00 -0.0000e+00 -0.0000e+00
-1.5786e-10 -8.9383e-10 -2.4671e-09 -5.0759e-09 -8.8930e-09 2.2618e-07 -2.0784e-08 -2.9160e-08 -3.9356e-08 -5.1521e-08 -6.5807e-08 -8.2363e-08 -1.0134e-07 -1.2288e-07 -1.4710e-07 -1.7412e-07 -2.0400e-07 -2.3674e-07 -2.7226e-07 -3.1038e-07 -3.5074e-07 -3.9276e-07 -4.3561e-07 -4.7813e-07 -5.1875e-07 -5.5552e-07 -5.8603e-07 -6.0755e-07 -6.1714e-07 -6.1200e-07 -5.8989e-07 -5.4968e-07 -4.9201e-07 -4.1976e-07 -3.3819e-07 -2.5444e-07 -1.7641e-07 -1.1091e-07 -6.2032e-08 -3.0165e-08 -1.2406e-08 -4.1750e-09 -1.1048e-09 -2.1917e-10 -3.0767e-11 -2.8511e-12 -1.6035e-13 -4.9439e-15 -7.3848e-17 -4.5990e-19 -9.9430e-22 -5.9661e-25 -7.5521e-29 -1.4395e-33 -2.7267e-39 -3.0693e-46 -1.0845e-54 -5.4322e-65 -1.4268e-77 -5.6363e-93 -6.9300e-112 -3.6016e-135 -6.2232e-164 -1.3789e-199 -5.9293e-244 -2.1750e-299 -0.0000e+00 -0.0000e+00 -0.0000e+00 -0.0000e+00 -0.0000e+00 -0.0000e+00 -0.0000e+00 -0.0000e+00 -0.0000e+00 -0.0000e+00 -0.0000e+00 -0.0000e+00 -0.0000e+00 -0.0000e+00 -0.0000e+00 -0.0000e+00 -0.0000e+00 -0.0000e+00 -0.0000e+00 -0.0000e+00 -0.0000e+00 -0.0000e+00 -0.0000e+00 -0.0000e+00 -0.0000e+00 -0.0000e+00 -0.0000e+00 -0.0000e+00 -0.0000e+00 -0.0000e+00 -0.0000e+00 -0.0000e+00 -0.0000e+00 -0.0000e+00 -1.5786e-10 -8.9383e-10 -2.4671e-09 -5.0759e-09 -8.8930e-09 0.0000e+00 -2.0784e-08 -2.9160e-08 -3.9356e-08 -5.1521e-08 -6.5807e-08 -8.2363e-08 -1.0134e-07 -1.2288e-07 -1.4710e-07 -1.7412e-07 -2.0400e-07 -2.3674e-07 -2.7226e-07 -3.1038e-07 -3.5074e-07 -3.9276e-07 -4.3561e-07 -4.7813e-07 -5.1875e-07 -5.5552e-07 -5.8603e-07 -6.0754e-07 -6.1713e-07 -6.1200e-07 -5.8988e-07 -5.4967e-07 -4.9200e-07 -4.1975e-07 -3.3817e-07 -2.5443e-07 -1.7640e-07 -1.1090e-07 -6.2027e-08 -3.0162e-08 -1.2405e-08 -4.1743e-09 -1.1046e-09 -2.1912e-10 -3.0759e-11 -2.8502e-12 -1.6029e-13 -4.9415e-15 -7.3807e-17 -4.5959e-19 -9.9349e-22 -5.9602e-25 -7.5431e-29 -1.4375e-33 -2.7220e-39 -3.0629e-46 -1.0818e-54 -5.4156e-65 -1.4215e-77 -5.6110e-93 -6.8922e-112 -3.5777e-135 -6.1728e-164 -1.3652e-199 -5.8573e-244 -2.1425e-299 -0.0000e+00 -0.0000e+00 -0.0000e+00 -0.0000e+00 -0.0000e+00 -0.0000e+00 -0.0000e+00 -0.0000e+00 -0.0000e+00 -0.0000e+00 -0.0000e+00 -0.0000e+00 -0.0000e+00 -0.0000e+00 -0.0000e+00 -0.0000e+00 -0.0000e+00 -0.0000e+00 -0.0000e+00 -0.0000e+00 -0.0000e+00 -0.0000e+00 -0.0000e+00 -0.0000e+00 -0.0000e+00 -0.0000e+00 -0.0000e+00 -0.0000e+00 -0.0000e+00 -0.0000e+00 -0.0000e+00 -0.0000e+00 -0.0000e+00 -0.0000e+00
-2.3305e-10 -1.3196e-09 -3.6422e-09 -7.4937e-09 -1.3129e-08 -2.0784e-08 5.7396e-07 -4.3049e-08 -5.8101e-08 -7.6061e-08 -9.7152e-08 -1.2159e-07 -1.4961e-07 -1.8141e-07 -2.1717e-07 -2.5706e-07 -3.0116e-07 -3.4950e-07 -4.0195e-07 -4.5823e-07 -5.1780e-07 -5.7984e-07 -6.4311e-07 -7.0587e-07 -7.6585e-07 -8.2013e-07 -8.6518e-07 -8.9695e-07 -9.1112e-07 -9.0354e-07 -8.7090e-07 -8.1154e-07 -7.2641e-07 -6.1975e-07 -4.9931e-07 -3.7568e-07 -2.6046e-07 -1.6376e-07 -9.1597e-08 -4.4543e-08 -1.8321e-08 -6.1657e-09 -1.6317e-09 -3.2373e-10 -4.5450e-11 -4.2123e-12 -2.3695e-13 -7.3066e-15 -1.0917e-16 -6.8003e-19 -1.4707e-21 -8.8280e-25 -1.1180e-28 -2.1322e-33 -4.0416e-39 -4.5531e-46 -1.6105e-54 -8.0762e-65 -2.1244e-77 -8.4075e-93 -1.0360e-111 -5.3990e-135 -9.3600e-164 -2.0825e-199 -9.0005e-244 -3.3224e-299 -0.0000e+00 -0.0000e+00 -0.0000e+00 -0.0000e+00 -0.0000e+00 -0.0000e+00 -0.0000e+00 -0.0000e+00 -0.0000e+00 -0.0000e+00 -0.0000e+00 -0.0000e+00 -0.0000e+00 -0.0000e+00 -0.0000e+00 -0.0000e+00 -0.0000e+00 -0.0000e+00 -0.0000e+00 -0.0000e+00 -0.0000e+00 -0.0000e+00 -0.0000e+00 -0.0000e+00 -0.0000e+00 -0.0000e+00 -0.0000e+00 -0.0000e+00 -0.0000e+00 -0.0000e+00 -0.0000e+00 -0.0000e+00 -0.0000e+00 -0.0000e+00 -2.3305e-10 -1.3196e-09 -3.6422e-09 -7.4937e-09 -1.3129e-08 -2.0784e-08 0.0000e+00 -4.3049e-08 -5.8101e-08 -7.6061e-08 -9.7152e-08 -1.2159e-07 -1.4961e-07 -1.8141e-07 -2.1717e-07 -2.5706e-07 -3.0116e-07 -3.4950e-07 -4.0195e-07 -4.5823e-07 -5.1780e-07 -5.7984e-07 -6.4310e-07 -7.0587e-07 -7.6585e-07 -8.2012e-07 -8.6517e-07 -8.9693e-07 -9.1109e-07 -9.0351e-07 -8.7086e-07 -8.1150e-07 -7.2636e-07 -6.1970e-07 -4.9927e-07 -3.7564e-07 -2.6043e-07 -1.6373e-07 -9.1578e-08 -4.4532e-08 -1.8315e-08 -6.1634e-09 -1.6310e-09 -3.2355e-10 -4.5419e-11 -4.2089e-12 -2.3671e-13 -7.2979e-15 -1.0901e-16 -6.7886e-19 -1.4676e-21 -8.8059e-25 -1.1146e-28 -2.1245e-33 -4.0239e-39 -4.5290e-46 -1.6002e-54 -8.0139e-65 -2.1046e-77 -8.3124e-93 -1.0218e-111 -5.3090e-135 -9.1704e-164 -2.0311e-199 -8.7292e-244 -3.2000e-299 -0.0000e+00 -0.0000e+00 -0.0000e+00 -0.0000e+00 -0.0000e+00 -0.0000e+00 -0.0000e+00 -0.0000e+00 -0.0000e+00 -0.0000e+00 -0.0000e+00 -0.0000e+00 -0.0000e+00 -0.0000e+00 -0.0000e+00 -0.0000e+00 -0.0000e+00 -0.0000e+00 -0.0000e+00 -0.0000e+00 -0.0000e+00 -0.0000e+00 -0.0000e+00 -0.0000e+00 -0.0000e+00 -0.0000e+00 -0.0000e+00 -0.0000e+00 -0.0000e+00 -0.0000e+00 -0.0000e+00 -0.0000e+00 -0.0000e+00 -0.0000e+00
-3.2697e-10 -1.8514e-09 -5.1101e-09 -1.0514e-08 -1.8420e-08 -2.9160e-08 -4.3049e-08 1.2883e-06 -8.1517e-08 -1.0672e-07 -1.3631e-07 -1.7060e-07 -2.0990e-07 -2.5451e-07 -3.0469e-07 -3.6066e-07 -4.2254e-07 -4.9035e-07 -5.6394e-07 -6.4290e-07 -7.2649e-07 -8.1353e-07 -9.0230e-07 -9.9036e-07 -1.0745e-06 -1.1507e-06 -1.2139e-06 -1.2585e-06 -1.2784e-06 -1.2678e-06 -1.2220e-06 -1.1387e-06 -1.0193e-06 -8.6964e-07 -7.0067e-07 -5.2720e-07 -3.6553e-07 -2.2983e-07 -1.2856e-07 -6.2525e-08 -2.5719e-08 -8.6567e-09 -2.2913e-09 -4.5467e-10 -6.3847e-11 -5.9189e-12 -3.3305e-13 -1.0274e-14 -1.5357e-16 -9.5716e-19 -2.0714e-21 -1.2444e-24 -1.5774e-28 -3.0119e-33 -5.7169e-39 -6.4512e-46 -2.2865e-54 -1.1495e-64 -3.0327e-77 -1.2046e-92 -1.4910e-111 -7.8126e-135 -1.3635e-163 -3.0584e-199 -1.3351e-243 -4.9891e-299 -0.0000e+00 -0.0000e+00 -0.0000e+00 -0.0000e+00 -0.0000e+00 -0.0000e+00 -0.0000e+00 -0.0000e+00 -0.0000e+00 -0.0000e+00 -0.0000e+00 -0.0000e+00 -0.0000e+00 -0.0000e+00 -0.0000e+00 -0.0000e+00 -0.0000e+00 -0.0000e+00 -0.0000e+00 -0.0000e+00 -0.0000e+00 -0.0000e+00 -0.0000e+00 -0.0000e+00 -0.0000e+00 -0.0000e+00 -0.0000e+00 -0.0000e+00 -0.0000e+00 -0.0000e+00 -0.0000e+00 -0.0000e+00 -0.0000e+00 -0.0000e+00 -3.2697e-10 -1.8514e-09 -5.1101e-09 -1.0514e-08 -1.8420e-08 -2.9160e-08 -4.3049e-08 0.0000e+00 -8.1517e-08 -1.0672e-07 -1.3631e-07 -1.7060e-07 -2.0990e-07 -2.5451e-07 -3.0469e-07 -3.6066e-07 -4.2254e-07 -4.9035e-07 -5.6394e-07 -6.4290e-07 -7.2649e-07 -8.1353e-07 -9.0229e-07 -9.9035e-07 -1.0745e-06 -1.1507e-06 -1.2139e-06 -1.2584e-06 -1.2783e-06 -1.2677e-06 -1.2219e-06 -1.1386e-06 -1.0191e-06 -8.6949e-07 -7.0052e-07 -5.2706e-07 -3.6542e-07 -2.2974e-07 -1.2850e-07 -6.2489e-08 -2.5701e-08 -8.6493e-09 -2.2890e-09 -4.5410e-10 -6.3750e-11 -5.9081e-12 -3.3231e-13 -1.0247e-14 -1.5308e-16 -9.5347e-19 -2.0618e-21 -1.2374e-24 -1.5668e-28 -2.9875e-33 -5.6611e-39 -6.3753e-46 -2.2541e-54 -1.1298e-64 -2.9701e-77 -1.1746e-92 -1.4461e-111 -7.5274e-135 -1.3032e-163 -2.8948e-199 -1.2486e-243 -4.5974e-299 -0.0000e+00 -0.0000e+00 -0.0000e+00 -0.0000e+00 -0.0000e+00 -0.0000e+00 -0.0000e+00 -0.0000e+00 -0.0000e+00 -0.0000e+00 -0.0000e+00 -0.0000e+00 -0.0000e+00 -0.0000e+00 -0.0000e+00 -0.0000e+00 -0.0000e+00 -0.0000e+00 -0.0000e+00 -0.0000e+00 -0.0000e+00 -0.0000e+00 -0.0000e+00 -0.0000e+00 -0.0000e+00 -0.0000e+00 -0.0000e+00 -0.0000e+00 -0.0000e+00 -0.0000e+00 -0.0000e+00 -0.0000e+00 -0.0000e+00 -0.0000e+00
-4.4129e-10 -2.4987e-09 -6.8968e-09 -1.4190e-08 -2.4861e-08 -3.9356e-08 -5.8101e-08 -8.1517e-08 2.6334e-06 -1.4403e-07 -1.8396e-07 -2.3025e-07 -2.8330e-07 -3.4351e-07 -4.1123e-07 -4.8676e-07 -5.7028e-07 -6.6181e-07 -7.6113e-07 -8.6770e-07 -9.8052e-07 -1.0980e-06 -1.2178e-06 -1.3367e-06 -1.4503e-06 -1.5531e-06 -1.6384e-06 -1.6986e-06 -1.7255e-06 -1.7112e-06 -1.6495e-06 -1.5371e-06 -1.3760e-06 -1.1740e-06 -9.4597e-07 -7.1182e-07 -4.9358e-07 -3.1038e-07 -1.7364e-07 -8.4463e-08 -3.4750e-08 -1.1699e-08 -3.0975e-09 -6.1484e-10 -8.6376e-11 -8.0114e-12 -4.5105e-13 -1.3924e-14 -2.0831e-16 -1.2997e-18 -2.8160e-21 -1.6942e-24 -2.1514e-28 -4.1168e-33 -7.8344e-39 -8.8683e-46 -3.1551e-54 -1.5934e-64 -4.2270e-77 -1.6902e-92 -2.1090e-111 -1.1159e-134 -1.9706e-163 -4.4839e-199 -1.9914e-243 -7.5983e-299 -0.0000e+00 -0.0000e+00 -0.0000e+00 -0.0000e+00 -0.0000e+00 -0.0000e+00 -0.0000e+00 -0.0000e+00 -0.0000e+00 -0.0000e+00 -0.0000e+00 -0.0000e+00 -0.0000e+00 -0.0000e+00 -0.0000e+00 -0.0000e+00 -0.0000e+00 -0.0000e+00 -0.0000e+00 -0.0000e+00 -0.0000e+00 -0.0000e+00 -0.0000e+00 -0.0000e+00 -0.0000e+00 -0.0000e+00 -0.0000e+00 -0.0000e+00 -0.0000e+00 -0.0000e+00 -0.0000e+00 -0.0000e+00 -0.0000e+00 -0.0000e+00 -4.4129e-10 -2.4987e-09 -6.8968e-09 -1.4190e-08 -2.4861e-08 -3.9356e-08 -5.8101e-08 -8.1517e-08 0.0000e+00 -1.4403e-07 -1.8396e-07 -2.3025e-07 -2.8330e-07 -3.4351e-07 -4.1123e-07 -4.8676e-07 -5.7028e-07 -6.6181e-07 -7.6113e-07 -8.6769e-07 -9.8051e-07 -1.0980e-06 -1.2178e-06 -1.3366e-06 -1.4502e-06 -1.5530e-06 -1.6383e-06 -1.6985e-06 -1.7253e-06 -1.7110e-06 -1.6492e-06 -1.5368e-06 -1.3756e-06 -1.1736e-06 -9.4556e-07 -7.1145e-07 -4.9327e-07 -3.1014e-07 -1.7348e-07 -8.4363e-08 -3.4700e-08 -1.1679e-08 -3.0910e-09 -6.1327e-10 -8.6109e-11 -7.9815e-12 -4.4903e-13 -1.3849e-14 -2.0695e-16 -1.2895e-18 -2.7895e-21 -1.6750e-24 -2.1221e-28 -4.0493e-33 -7.6799e-39 -8.6581e-46 -3.0651e-54 -1.5388e-64 -4.0529e-77 -1.6065e-92 -1.9835e-111 -1.0362e-134 -1.8017e-163 -4.0234e-199 -1.7468e-243 -6.4850e-299 -0.0000e+00 -0.0000e+00 -0.0000e+00 -0.0000e+00 -0.0000e+00 -0.0000e+00 -0.0000e+00 -0.0000e+00 -0.0000e+00 -0.0000e+00 -0.0000e+00 -0.0000e+00 -0.0000e+00 -0.0000e+00 -0.0000e+00 -0.0000e+00 -0.0000e+00 -0.0000e+00 -0.0000e+00 -0.0000e+00 -0.0000e+00 -0.0000e+00 -0.0000e+00 -0.0000e+00 -0.0000e+00 -0.0000e+00 -0.0000e+00 -0.0000e+00 -0.0000e+00 -0.0000e+00 -0.0000e+00 -0.0000e+00 -0.0000e+00 -0.0000e+00
-5.7770e-10 -3.2711e-09 -9.0287e-09 -1.8576e-08 -3.2545e-08 -5.1521e-08 -7.6061e-08 -1.0672e-07 -1.4403e-07 5.0015e-06 -2.4083e-07 -3.0142e-07 -3.7087e-07 -4.4969e-07 -5.3835e-07 -6.3723e-07 -7.4657e-07 -8.6639e-07 -9.9642e-07 -1.1359e-06 -1.2836e-06 -1.4374e-06 -1.5943e-06 -1.7499e-06 -1.8987e-06 -2.0333e-06 -2.1451e-06 -2.2240e-06 -2.2592e-06 -2.2406e-06 -2.1598e-06 -2.0129e-06 -1.8020e-06 -1.5376e-06 -1.2391e-06 -9.3252e-07 -6.4672e-07 -4.0676e-07 -2.2762e-07 -1.1075e-07 -4.5580e-08 -1.5352e-08 -4.0666e-09 -8.0768e-10 -1.1355e-10 -1.0541e-11 -5.9407e-13 -1.8362e-14 -2.7510e-16 -1.7195e-18 -3.7336e-21 -2.2520e-24 -2.8687e-28 -5.5096e-33 -1.0531e-38 -1.1985e-45 -4.2913e-54 -2.1839e-64 -5.8474e-77 -2.3641e-92 -2.9892e-111 -1.6068e-134 -2.8915e-163 -6.7281e-199 -3.0683e-243 -1.2078e-298 -0.0000e+00 -0.0000e+00 -0.0000e+00 -0.0000e+00 -0.0000e+00 -0.0000e+00 -0.0000e+00 -0.0000e+00 -0.0000e+00 -0.0000e+00 -0.0000e+00 -0.0000e+00 -0.0000e+00 -0.0000e+00 -0.0000e+00 -0.0000e+00 -0.0000e+00 -0.0000e+00 -0.0000e+00 -0.0000e+00 -0.0000e+00 -0.0000e+00 -0.0000e+00 -0.0000e+00 -0.0000e+00 -0.0000e+00 -0.0000e+00 -0.0000e+00 -0.0000e+00 -0.0000e+00 -0.0000e+00 -0.0000e+00 -0.0000e+00 -0.0000e+00 -5.7770e-10 -3.2711e-09 -9.0287e-09 -1.8576e-08 -3.2545e-08 -5.1521e-08 -7.6061e-08 -1.0672e-07 -1.4403e-07 0.0000e+00 -2.4083e-07 -3.0142e-07 -3.7087e-07 -4.4969e-07 -5.3835e-07 -6.3723e-07 -7.4656e-07 -8.6638e-07 -9.9641e-07 -1.1359e-06 -1.2836e-06 -1.4374e-06 -1.5942e-06 -1.7498e-06 -1.8985e-06 -2.0331e-06 -2.1448e-06 -2.2236e-06 -2.2587e-06 -2.2400e-06 -2.1591e-06 -2.0120e-06 -1.8010e-06 -1.5366e-06 -1.2381e-06 -9.3159e-07 -6.4593e-07 -4.0615e-07 -2.2720e-07 -1.1050e-07 -4.5456e-08 -1.5301e-08 -4.0503e-09 -8.0377e-10 -1.1288e-10 -1.0466e-11 -5.8902e-13 -1.8174e-14 -2.7172e-16 -1.6941e-18 -3.6674e-21 -2.2041e-24 -2.7954e-28 -5.3408e-33 -1.0145e-38 -1.1459e-45 -4.0658e-54 -2.0467e-64 -5.4088e-77 -2.1528e-92 -2.6712e-111 -1.4039e-134 -2.4595e-163 -5.5429e-199 -2.4339e-243 -9.1623e-299 -0.0000e+00 -0.0000e+00 -0.0000e+00 -0.0000e+00 -0.0000e+00 -0.0000e+00 -0.0000e+00 -0.0000e+00 -0.0000e+00 -0.0000e+00 -0.0000e+00 -0.0000e+00 -0.0000e+00 -0.0000e+00 -0.0000e+00 -0.0000e+00 -0.0000e+00 -0.0000e+00 -0.0000e+00 -0.0000e+00 -0.0000e+00 -0.0000e+00 -0.0000e+00 -0.0000e+00 -0.0000e+00 -0.0000e+00 -0.0000e+00 -0.0000e+00 -0.0000e+00 -0.0000e+00 -0.0000e+00 -0.0000e+00 -0.0000e+00 -0.0000e+00
-7.3789e-10 -4.1782e-09 -1.1532e-08 -2.3727e-08 -4.1570e-08 -6.5807e-08 -9.7152e-08 -1.3631e-07 -1.8396e-07 -2.4083e-07 8.9520e-06 -3.8500e-07 -4.7371e-07 -5.7438e-07 -6.8763e-07 -8.1392e-07 -9.5358e-07 -1.1066e-06 -1.2727e-06 -1.4509e-06 -1.6396e-06 -1.8361e-06 -2.0365e-06 -2.2353e-06 -2.4254e-06 -2.5974e-06 -2.7403e-06 -2.8412e-06 -2.8864e-06 -2.8628e-06 -2.7598e-06 -2.5723e-06 -2.3031e-06 -1.9655e-06 -1.5842e-06 -1.1925e-06 -8.2725e-07 -5.2048e-07 -2.9136e-07 -1.4183e-07 -5.8406e-08 -1.9685e-08 -5.2188e-09 -1.0376e-09 -1.4604e-10 -1.3576e-11 -7.6645e-13 -2.3738e-14 -3.5653e-16 -2.2349e-18 -4.8700e-21 -2.9498e-24 -3.7763e-28 -7.2962e-33 -1.4046e-38 -1.6122e-45 -5.8310e-54 -3.0033e-64 -8.1565e-77 -3.3536e-92 -4.3251e-111 -2.3794e-134 -4.3994e-163 -1.0563e-198 -4.9950e-243 -2.0495e-298 -0.0000e+00 -0.0000e+00 -0.0000e+00 -0.0000e+00 -0.0000e+00 -0.0000e+00 -0.0000e+00 -0.0000e+00 -0.0000e+00 -0.0000e+00 -0.0000e+00 -0.0000e+00 -0.0000e+00 -0.0000e+00 -0.0000e+00 -0.0000e+00 -0.0000e+00 -0.0000e+00 -0.0000e+00 -0.0000e+00 -0.0000e+00 -0.0000e+00 -0.0000e+00 -0.0000e+00 -0.0000e+00 -0.0000e+00 -0.0000e+00 -0.0000e+00 -0.0000e+00 -0.0000e+00 -0.0000e+00 -0.0000e+00 -0.0000e+00 -0.0000e+00 -7.3789e-10 -4.1782e-09 -1.1532e-08 -2.3727e-08 -4.1570e-08 -6.5807e-08 -9.7152e-08 -1.3631e-07 -1.8396e-07 -2.4083e-07 0.0000e+00 -3.8500e-07 -4.7371e-07 -5.7438e-07 -6.8762e-07 -8.1392e-07 -9.5357e-07 -1.1066e-06 -1.2727e-06 -1.4509e-06 -1.6395e-06 -1.8360e-06 -2.0363e-06 -2.2351e-06 -2.4250e-06 -2.5969e-06 -2.7397e-06 -2.8403e-06 -2.8853e-06 -2.8614e-06 -2.7582e-06 -2.5703e-06 -2.3009e-06 -1.9632e-06 -1.5819e-06 -1.1904e-06 -8.2543e-07 -5.1908e-07 -2.9041e-07 -1.4126e-07 -5.8122e-08 -1.9569e-08 -5.1816e-09 -1.0286e-09 -1.4452e-10 -1.3406e-11 -7.5489e-13 -2.3308e-14 -3.4877e-16 -2.1766e-18 -4.7178e-21 -2.8395e-24 -3.6076e-28 -6.9072e-33 -1.3154e-38 -1.4903e-45 -5.3077e-54 -2.6841e-64 -7.1322e-77 -2.8577e-92 -3.5749e-111 -1.8975e-134 -3.3646e-163 -7.6950e-199 -3.4402e-243 -1.3238e-298 -0.0000e+00 -0.0000e+00 -0.0000e+00 -0.0000e+00 -0.0000e+00 -0.0000e+00 -0.0000e+00 -0.0000e+00 -0.0000e+00 -0.0000e+00 -0.0000e+00 -0.0000e+00 -0.0000e+00 -0.0000e+00 -0.0000e+00 -0.0000e+00 -0.0000e+00 -0.0000e+00 -0.0000e+00 -0.0000e+00 -0.0000e+00 -0.0000e+00 -0.0000e+00 -0.0000e+00 -0.0000e+00 -0.0000e+00 -0.0000e+00 -0.0000e+00 -0.0000e+00 -0.0000e+00 -0.0000e+00 -0.0000e+00 -0.0000e+00 -0.0000e+00
-9.2354e-10 -5.2294e-09 -1.4434e-08 -2.9697e-08 -5.2029e-08 -8.2363e-08 -1.2159e-07 -1.7060e-07 -2.3025e-07 -3.0142e-07 -3.8500e-07 1.5260e-05 -5.9289e-07 -7.1890e-07 -8.6064e-07 -1.0187e-06 -1.1935e-06 -1.3851e-06 -1.5930e-06 -1.8161e-06 -2.0522e-06 -2.2982e-06 -2.5491e-06 -2.7980e-06 -3.0360e-06 -3.2516e-06 -3.4306e-06 -3.5571e-06 -3.6141e-06 -3.5849e-06 -3.4564e-06 -3.2221e-06 -2.8854e-06 -2.4631e-06 -1.9858e-06 -1.4954e-06 -1.0378e-06 -6.5328e-07 -3.6594e-07 -1.7827e-07 -7.3477e-08 -2.4792e-08 -6.5813e-09 -1.3105e-09 -1.8480e-10 -1.7218e-11 -9.7469e-13 -3.0285e-14 -4.5659e-16 -2.8753e-18 -6.2994e-21 -3.8402e-24 -4.9540e-28 -9.6588e-33 -1.8795e-38 -2.1846e-45 -8.0194e-54 -4.2028e-64 -1.1647e-76 -4.9025e-92 -6.4959e-111 -3.6863e-134 -7.0608e-163 -1.7645e-198 -8.7282e-243 -3.7667e-298 -0.0000e+00 -0.0000e+00 -0.0000e+00 -0.0000e+00 -0.0000e+00 -0.0000e+00 -0.0000e+00 -0.0000e+00 -0.0000e+00 -0.0000e+00 -0.0000e+00 -0.0000e+00 -0.0000e+00 -0.0000e+00 -0.0000e+00 -0.0000e+00 -0.0000e+00 -0.0000e+00 -0.0000e+00 -0.0000e+00 -0.0000e+00 -0.0000e+00 -0.0000e+00 -0.0000e+00 -0.0000e+00 -0.0000e+00 -0.0000e+00 -0.0000e+00 -0.0000e+00 -0.0000e+00 -0.0000e+00 -0.0000e+00 -0.0000e+00 -0.0000e+00 -9.2354e-10 -5.2294e-09 -1.4434e-08 -2.9697e-08 -5.2029e-08 -8.2363e-08 -1.2159e-07 -1.7060e-07 -2.3025e-07 -3.0142e-07 -3.8500e-07 0.0000e+00 -5.9289e-07 -7.1889e-07 -8.6063e-07 -1.0187e-06 -1.1935e-06 -1.3851e-06 -1.5929e-06 -1.8160e-06 -2.0521e-06 -2.2980e-06 -2.5487e-06 -2.7975e-06 -3.0353e-06 -3.2505e-06 -3.4292e-06 -3.5553e-06 -3.6117e-06 -3.5819e-06 -3.4529e-06 -3.2179e-06 -2.8807e-06 -2.4582e-06 -1.9809e-06 -1.4908e-06 -1.0339e-06 -6.5029e-07 -3.6390e-07 -1.7706e-07 -7.2871e-08 -2.4544e-08 -6.5017e-09 -1.2914e-09 -1.8155e-10 -1.6854e-11 -9.4993e-13 -2.9362e-14 -4.3995e-16 -2.7501e-18 -5.9721e-21 -3.6028e-24 -4.5900e-28 -8.8177e-33 -1.6860e-38 -1.9195e-45 -6.8766e-54 -3.5022e-64 -9.3861e-77 -3.8000e-92 -4.8135e-111 -2.5940e-134 -4.6847e-163 -1.0954e-198 -5.0302e-243 -1.9991e-298 -0.0000e+00 -0.0000e+00 -0.0000e+00 -0.0000e+00 -0.0000e+00 -0.0000e+00 -0.0000e+00 -0.0000e+00 -0.0000e+00 -0.0000e+00 -0.0000e+00 -0.0000e+00 -0.0000e+00 -0.0000e+00 -0.0000e+00 -0.0000e+00 -0.0000e+00 -0.0000e+00 -0.0000e+00 -0.0000e+00 -0.0000e+00 -0.0000e+00 -0.0000e+00 -0.0000e+00 -0.0000e+00 -0.0000e+00 -0.0000e+00 -0.0000e+00 -0.0000e+00 -0.0000e+00 -0.0000e+00 -0.0000e+00 -0.0000e+00 -0.0000e+00
-1.1363e-09 -6.4342e-09 -1.7759e-08 -3.6539e-08 -6.4016e-08 -1.0134e-07 -1.4961e-07 -2.0990e-07 -2.8330e-07 -3.7087e-07 -4.7371e-07 -5.9289e-07 2.4973e-05 -8.8454e-07 -1.0589e-06 -1.2534e-06 -1.4685e-06 -1.7043e-06 -1.9601e-06 -2.2346e-06 -2.5252e-06 -2.8280e-06 -3.1368e-06 -3.4433e-06 -3.7364e-06 -4.0019e-06 -4.2226e-06 -4.3788e-06 -4.4495e-06 -4.4143e-06 -4.2570e-06 -3.9693e-06 -3.5556e-06 -3.0364e-06 -2.4491e-06 -1.8452e-06 -1.2815e-06 -8.0731e-07 -4.5265e-07 -2.2077e-07 -9.1121e-08 -3.0796e-08 -8.1915e-09 -1.6350e-09 -2.3122e-10 -2.1617e-11 -1.2286e-12 -3.8359e-14 -5.8164e-16 -3.6875e-18 -8.1436e-21 -5.0114e-24 -6.5366e-28 -1.2910e-32 -2.5504e-38 -3.0168e-45 -1.1301e-53 -6.0620e-64 -1.7252e-76 -7.4843e-92 -1.0260e-110 -6.0494e-134 -1.2092e-162 -3.1686e-198 -1.6520e-242 -7.5569e-298 -0.0000e+00 -0.0000e+00 -0.0000e+00 -0.0000e+00 -0.0000e+00 -0.0000e+00 -0.0000e+00 -0.0000e+00 -0.0000e+00 -0.0000e+00 -0.0000e+00 -0.0000e+00 -0.0000e+00 -0.0000e+00 -0.0000e+00 -0.0000e+00 -0.0000e+00 -0.0000e+00 -0.0000e+00 -0.0000e+00 -0.0000e+00 -0.0000e+00 -0.0000e+00 -0.0000e+00 -0.0000e+00 -0.0000e+00 -0.0000e+00 -0.0000e+00 -0.0000e+00 -0.0000e+00 -0.0000e+00 -0.0000e+00 -0.0000e+00 -0.0000e+00 -1.1363e-09 -6.4342e-09 -1.7759e-08 -3.6539e-08 -6.4016e-08 -1.0134e-07 -1.4961e-07 -2.0990e-07 -2.8330e-07 -3.7087e-07 -4.7371e-07 -5.9289e-07 0.0000e+00 -8.8453e-07 -1.0589e-06 -1.2534e-06 -1.4685e-06 -1.7042e-06 -1.9599e-06 -2.2344e-06 -2.5249e-06 -2.8275e-06 -3.1361e-06 -3.4423e-06 -3.7349e-06 -3.9999e-06 -4.2198e-06 -4.3752e-06 -4.4448e-06 -4.4084e-06 -4.2498e-06 -3.9609e-06 -3.5463e-06 -3.0265e-06 -2.4392e-06 -1.8361e-06 -1.2736e-06 -8.0129e-07 -4.4854e-07 -2.1832e-07 -8.9898e-08 -3.0296e-08 -8.0309e-09 -1.5964e-09 -2.2465e-10 -2.0880e-11 -1.1785e-12 -3.6490e-14 -5.4786e-16 -3.4329e-18 -7.4770e-21 -4.5265e-24 -5.7913e-28 -1.1182e-32 -2.1512e-38 -2.4671e-45 -8.9165e-54 -4.5894e-64 -1.2457e-76 -5.1210e-92 -6.6069e-111 -3.6396e-134 -6.7481e-163 -1.6283e-198 -7.7620e-243 -3.2251e-298 -0.0000e+00 -0.0000e+00 -0.0000e+00 -0.0000e+00 -0.0000e+00 -0.0000e+00 -0.0000e+00 -0.0000e+00 -0.0000e+00 -0.0000e+00 -0.0000e+00 -0.0000e+00 -0.0000e+00 -0.0000e+00 -0.0000e+00 -0.0000e+00 -0.0000e+00 -0.0000e+00 -0.0000e+00 -0.0000e+00 -0.0000e+00 -0.0000e+00 -0.0000e+00 -0.0000e+00 -0.0000e+00 -0.0000e+00 -0.0000e+00 -0.0000e+00 -0.0000e+00 -0.0000e+00 -0.0000e+00 -0.0000e+00 -0.0000e+00 -0.0000e+00
-1.3778e-09 -7.8016e-09 -2.1533e-08 -4.4304e-08 -7.7621e-08 -1.2288e-07 -1.8141e-07 -2.5451e-07 -3.4351e-07 -4.4969e-07 -5.7438e-07 -7.1890e-07 -8.8454e-07 3.9480e-05 -1.2840e-06 -1.5199e-06 -1.7807e-06 -2.0665e-06 -2.3768e-06 -2.7097e-06 -3.0623e-06 -3.4295e-06 -3.8042e-06 -4.1762e-06 -4.5320e-06 -4.8545e-06 -5.1229e-06 -5.3133e-06 -5.4001e-06 -5.3587e-06 -5.1693e-06 -4.8218e-06 -4.3212e-06 -3.6922e-06 -2.9801e-06 -2.2471e-06 -1.5621e-06 -9.8526e-07 -5.5322e-07 -2.7028e-07 -1.1178e-07 -3.7873e-08 -1.0103e-08 -2.0237e-09 -2.8738e-10 -2.7000e-11 -1.5436e-12 -4.8525e-14 -7.4179e-16 -4.7479e-18 -1.0603e-20 -6.6102e-24 -8.7529e-28 -1.7591e-32 -3.5451e-38 -4.2900e-45 -1.6491e-53 -9.1073e-64 -2.6778e-76 -1.2046e-91 -1.7193e-110 -1.0598e-133 -2.2247e-162 -6.1535e-198 -3.4056e-242 -1.6647e-297 -0.0000e+00 -0.0000e+00 -0.0000e+00 -0.0000e+00 -0.0000e+00 -0.0000e+00 -0.0000e+00 -0.0000e+00 -0.0000e+00 -0.0000e+00 -0.0000e+00 -0.0000e+00 -0.0000e+00 -0.0000e+00 -0.0000e+00 -0.0000e+00 -0.0000e+00 -0.0000e+00 -0.0000e+00 -0.0000e+00 -0.0000e+00 -0.0000e+00 -0.0000e+00 -0.0000e+00 -0.0000e+00 -0.0000e+00 -0.0000e+00 -0.0000e+00 -0.0000e+00 -0.0000e+00 -0.0000e+00 -0.0000e+00 -0.0000e+00 -0.0000e+00 -1.3778e-09 -7.8016e-09 -2.1533e-08 -4.4304e-08 -7.7621e-08 -1.2288e-07 -1.8141e-07 -2.5451e-07 -3.4351e-07 -4.4969e-07 -5.7438e-07 -7.1889e-07 -8.8453e-07 0.0000e+00 -1.2840e-06 -1.5198e-06 -1.7806e-06 -2.0664e-06 -2.3765e-06 -2.7093e-06 -3.0617e-06 -3.4286e-06 -3.8028e-06 -4.1742e-06 -4.5292e-06 -4.8506e-06 -5.1176e-06 -5.3063e-06 -5.3910e-06 -5.3473e-06 -5.1555e-06 -4.8057e-06 -4.3033e-06 -3.6732e-06 -2.9611e-06 -2.2295e-06 -1.5471e-06 -9.7370e-07 -5.4531e-07 -2.6558e-07 -1.0943e-07 -3.6911e-08 -9.7943e-09 -1.9493e-09 -2.7472e-10 -2.5578e-11 -1.4467e-12 -4.4906e-14 -6.7626e-16 -4.2528e-18 -9.3028e-21 -5.6610e-24 -7.2879e-28 -1.4176e-32 -2.7515e-38 -3.1893e-45 -1.1674e-53 -6.1001e-64 -1.6860e-76 -7.0812e-92 -9.3718e-111 -5.3211e-134 -1.0224e-162 -2.5730e-198 -1.2886e-242 -5.6723e-298 -0.0000e+00 -0.0000e+00 -0.0000e+00 -0.0000e+00 -0.0000e+00 -0.0000e+00 -0.0000e+00 -0.0000e+00 -0.0000e+00 -0.0000e+00 -0.0000e+00 -0.0000e+00 -0.0000e+00 -0.0000e+00 -0.0000e+00 -0.0000e+00 -0.0000e+00 -0.0000e+00 -0.0000e+00 -0.0000e+00 -0.0000e+00 -0.0000e+00 -0.0000e+00 -0.0000e+00 -0.0000e+00 -0.0000e+00 -0.0000e+00 -0.0000e+00 -0.0000e+00 -0.0000e+00 -0.0000e+00 -0.0000e+00 -0.0000e+00 -0.0000e+00
-1.6495e-09 -9.3398e-09 -2.5779e-08 -5.3039e-08 -9.2924e-08 -1.4710e-07 -2.1717e-07 -3.0469e-07 -4.1123e-07 -5.3835e-07 -6.8763e-07 -8.6064e-07 -1.0589e-06 -1.2840e-06 6.0589e-05 -1.8196e-06 -2.1318e-06 -2.4741e-06 -2.8456e-06 -3.2443e-06 -3.6666e-06 -4.1065e-06 -4.5555e-06 -5.0014e-06 -5.4282e-06 -5.8153e-06 -6.1380e-06 -6.3676e-06 -6.4735e-06 -6.4261e-06 -6.2017e-06 -5.7879e-06 -5.1904e-06 -4.4384e-06 -3.5859e-06 -2.7071e-06 -1.8845e-06 -1.1907e-06 -6.6992e-07 -3.2810e-07 -1.3610e-07 -4.6272e-08 -1.2396e-08 -2.4951e-09 -3.5641e-10 -3.3717e-11 -1.9433e-12 -6.1672e-14 -9.5325e-16 -6.1802e-18 -1.4008e-20 -8.8828e-24 -1.1993e-27 -2.4641e-32 -5.0911e-38 -6.3350e-45 -2.5120e-53 -1.4358e-63 -4.3848e-76 -2.0565e-91 -3.0724e-110 -1.9913e-133 -4.4178e-162 -1.2988e-197 -7.6924e-242 -4.0559e-297 -0.0000e+00 -0.0000e+00 -0.0000e+00 -0.0000e+00 -0.0000e+00 -0.0000e+00 -0.0000e+00 -0.0000e+00 -0.0000e+00 -0.0000e+00 -0.0000e+00 -0.0000e+00 -0.0000e+00 -0.0000e+00 -0.0000e+00 -0.0000e+00 -0.0000e+00 -0.0000e+00 -0.0000e+00 -0.0000e+00 -0.0000e+00 -0.0000e+00 -0.0000e+00 -0.0000e+00 -0.0000e+00 -0.0000e+00 -0.0000e+00 -0.0000e+00 -0.0000e+00 -0.0000e+00 -0.0000e+00 -0.0000e+00 -0.0000e+00 -0.0000e+00 -1.6495e-09 -9.3398e-09 -2.5779e-08 -5.3039e-08 -9.2924e-08 -1.4710e-07 -2.1717e-07 -3.0469e-07 -4.1123e-07 -5.3835e-07 -6.8762e-07 -8.6063e-07 -1.0589e-06 -1.2840e-06 0.0000e+00 -1.8195e-06 -2.1317e-06 -2.4738e-06 -2.8452e-06 -3.2436e-06 -3.6655e-06 -4.1048e-06 -4.5530e-06 -4.9978e-06 -5.4230e-06 -5.8082e-06 -6.1283e-06 -6.3547e-06 -6.4568e-06 -6.4052e-06 -6.1763e-06 -5.7583e-06 -5.1574e-06 -4.4034e-06 -3.5510e-06 -2.6747e-06 -1.8569e-06 -1.1694e-06 -6.5536e-07 -3.1945e-07 -1.3176e-07 -4.4497e-08 -1.1825e-08 -2.3575e-09 -3.3295e-10 -3.1078e-11 -1.7631e-12 -5.4927e-14 -8.3074e-16 -5.2514e-18 -1.1558e-20 -7.0855e-24 -9.2022e-28 -1.8088e-32 -3.5548e-38 -4.1817e-45 -1.5577e-53 -8.3103e-64 -2.3537e-76 -1.0175e-91 -1.3930e-110 -8.2281e-134 -1.6556e-162 -4.3955e-198 -2.3421e-242 -1.1073e-297 -0.0000e+00 -0.0000e+00 -0.0000e+00 -0.0000e+00 -0.0000e+00 -0.0000e+00 -0.0000e+00 -0.0000e+00 -0.0000e+00 -0.0000e+00 -0.0000e+00 -0.0000e+00 -0.0000e+00 -0.0000e+00 -0.0000e+00 -0.0000e+00 -0.0000e+00 -0.0000e+00 -0.0000e+00 -0.0000e+00 -0.0000e+00 -0.0000e+00 -0.0000e+00 -0.0000e+00 -0.0000e+00 -0.0000e+00 -0.0000e+00 -0.0000e+00 -0.0000e+00 -0.0000e+00 -0.0000e+00 -0.0000e+00 -0.0000e+00 -0.0000e+00
-1.9524e-09 -1.1055e-08 -3.0514e-08 -6.2780e-08 -1.0999e-07 -1.7412e-07 -2.5706e-07 -3.6066e-07 -4.8676e-07 -6.3723e-07 -8.1392e-07 -1.0187e-06 -1.2534e-06 -1.5199e-06 -1.8196e-06 9.0627e-05 -2.5235e-06 -2.9288e-06 -3.3686e-06 -3.8408e-06 -4.3410e-06 -4.8622e-06 -5.3944e-06 -5.9232e-06 -6.4297e-06 -6.8897e-06 -7.2739e-06 -7.5484e-06 -7.6771e-06 -7.6248e-06 -7.3631e-06 -6.8770e-06 -6.1729e-06 -5.2845e-06 -4.2753e-06 -3.2329e-06 -2.2550e-06 -1.4282e-06 -8.0588e-07 -3.9604e-07 -1.6496e-07 -5.6356e-08 -1.5184e-08 -3.0771e-09 -4.4305e-10 -4.2304e-11 -2.4647e-12 -7.9205e-14 -1.2420e-15 -8.1863e-18 -1.8906e-20 -1.2246e-23 -1.6933e-27 -3.5727e-32 -7.6024e-38 -9.7724e-45 -4.0158e-53 -2.3868e-63 -7.6069e-76 -3.7382e-91 -5.8783e-110 -4.0307e-133 -9.5169e-162 -2.9986e-197 -1.9190e-241 -1.1038e-296 -0.0000e+00 -0.0000e+00 -0.0000e+00 -0.0000e+00 -0.0000e+00 -0.0000e+00 -0.0000e+00 -0.0000e+00 -0.0000e+00 -0.0000e+00 -0.0000e+00 -0.0000e+00 -0.0000e+00 -0.0000e+00 -0.0000e+00 -0.0000e+00 -0.0000e+00 -0.0000e+00 -0.0000e+00 -0.0000e+00 -0.0000e+00 -0.0000e+00 -0.0000e+00 -0.0000e+00 -0.0000e+00 -0.0000e+00 -0.0000e+00 -0.0000e+00 -0.0000e+00 -0.0000e+00 -0.0000e+00 -0.0000e+00 -0.0000e+00 -0.0000e+00 -1.9524e-09 -1.1055e-08 -3.0514e-08 -6.2780e-08 -1.0999e-07 -1.7412e-07 -2.5706e-07 -3.6066e-07 -4.8676e-07 -6.3723e-07 -8.1392e-07 -1.0187e-06 -1.2534e-06 -1.5198e-06 -1.8195e-06 0.0000e+00 -2.5232e-06 -2.9283e-06 -3.3678e-06 -3.8396e-06 -4.3390e-06 -4.8592e-06 -5.3900e-06 -5.9168e-06 -6.4206e-06 -6.8771e-06 -7.2567e-06 -7.5256e-06 -7.6476e-06 -7.5878e-06 -7.3182e-06 -6.8246e-06 -6.1144e-06 -5.2225e-06 -4.2134e-06 -3.1755e-06 -2.2060e-06 -1.3904e-06 -7.8000e-07 -3.8067e-07 -1.5724e-07 -5.3192e-08 -1.4165e-08 -2.8311e-09 -4.0103e-10 -3.7566e-11 -2.1403e-12 -6.7015e-14 -1.0197e-15 -6.4925e-18 -1.4413e-20 -8.9257e-24 -1.1733e-27 -2.3394e-32 -4.6754e-38 -5.6102e-45 -2.1391e-53 -1.1728e-63 -3.4293e-76 -1.5384e-91 -2.1985e-110 -1.3646e-133 -2.9069e-162 -8.2394e-198 -4.7315e-242 -2.4368e-297 -0.0000e+00 -0.0000e+00 -0.0000e+00 -0.0000e+00 -0.0000e+00 -0.0000e+00 -0.0000e+00 -0.0000e+00 -0.0000e+00 -0.0000e+00 -0.0000e+00 -0.0000e+00 -0.0000e+00 -0.0000e+00 -0.0000e+00 -0.0000e+00 -0.0000e+00 -0.0000e+00 -0.0000e+00 -0.0000e+00 -0.0000e+00 -0.0000e+00 -0.0000e+00 -0.0000e+00 -0.0000e+00 -0.0000e+00 -0.0000e+00 -0.0000e+00 -0.0000e+00 -0.0000e+00 -0.0000e+00 -0.0000e+00 -0.0000e+00 -0.0000e+00
