1.1000e-08 -3.5355e-08 -6.4951e-08 -9.9994e-08 -1.3973e-07 -1.8365e-07 -2.3136e-07 -2.8255e-07 -3.3695e-07 -3.9430e-07 -4.5437e-07 -5.1693e-07 -5.8173e-07 -6.4853e-07 -7.1705e-07 -7.8700e-07 -8.5805e-07 -9.2987e-07 -1.0021e-06 -1.0742e-06 -1.1458e-06 -1.2165e-06 -1.2856e-06 -1.3527e-06 -1.4171e-06 -1.4783e-06 -1.5355e-06 -1.5882e-06 -1.6357e-06 -1.6774e-06 -1.7127e-06 -1.7410e-06 -1.7617e-06 -1.7743e-06 -1.7786e-06 -1.7742e-06 -1.7609e-06 -1.7386e-06 -1.7074e-06 -1.6674e-06 -1.6191e-06 -1.5629e-06 -1.4994e-06 -1.4294e-06 -1.3537e-06 -1.2732e-06 -1.1892e-06 -1.1026e-06 -1.0146e-06 -9.2636e-07 -8.3896e-07 -7.5347e-07 -6.7085e-07 -5.9196e-07 -5.1753e-07 -4.4815e-07 -3.8425e-07 -3.2612e-07 -2.7388e-07 -2.2752e-07 -1.8690e-07 -1.5177e-07 -1.2178e-07 -9.6520e-08 -7.5539e-08 -5.8354e-08 -4.4478e-08 -3.3437e-08 -2.4782e-08 -1.8101e-08 -1.3024e-08 -9.2282e-09 -6.4357e-09 -4.4158e-09 -2.9797e-09 -1.9764e-09 -1.2881e-09 -8.2451e-10 -5.1809e-10 -3.1943e-10 -1.9315e-10 -1.1449e-10 -6.6498e-11 -3.7824e-11 -2.1059e-11 -1.1471e-11 -6.1099e-12 -3.1807e-12 -1.6175e-12 -8.0309e-13 -3.8908e-13 -1.8385e-13 -8.4677e-14 -3.7995e-14 -1.6600e-14 -7.0576e-15 -2.9183e-15 -1.1729e-15 -4.5796e-16 -1.7360e-16 0.0000e+00 3.5355e-08 6.4951e-08 9.9994e-08 1.3973e-07 1.8365e-07 2.3136e-07 2.8255e-07 3.3695e-07 3.9430e-07 4.5437e-07 5.1693e-07 5.8173e-07 6.4853e-07 7.1705e-07 7.8700e-07 8.5805e-07 9.2987e-07 1.0021e-06 1.0742e-06 1.1458e-06 1.2165e-06 1.2856e-06 1.3527e-06 1.4171e-06 1.4783e-06 1.5355e-06 1.5882e-06 1.6357e-06 1.6774e-06 1.7127e-06 1.7410e-06 1.7617e-06 1.7743e-06 1.7786e-06 1.7742e-06 1.7609e-06 1.7386e-06 1.7074e-06 1.6674e-06 1.6191e-06 1.5629e-06 1.4994e-06 1.4294e-06 1.3537e-06 1.2732e-06 1.1892e-06 1.1026e-06 1.0146e-06 9.2636e-07 8.3896e-07 7.5347e-07 6.7085e-07 5.9196e-07 5.1753e-07 4.4815e-07 3.8425e-07 3.2612e-07 2.7388e-07 2.2752e-07 1.8690e-07 1.5177e-07 1.2178e-07 9.6520e-08 7.5539e-08 5.8354e-08 4.4478e-08 3.3436e-08 2.4782e-08 1.8101e-08 1.3024e-08 9.2282e-09 6.4357e-09 4.4158e-09 2.9796e-09 1.9764e-09 1.2881e-09 8.2450e-10 5.1808e-10 3.1943e-10 1.9315e-10 1.1449e-10 6.6497e-11 3.7823e-11 2.1059e-11 1.1471e-11 6.1099e-12 3.1807e-12 1.6175e-12 8.0308e-13 3.8908e-13 1.8385e-13 8.4676e-14 3.7995e-14 1.6600e-14 7.0575e-15 2.9183e-15 1.1729e-15 4.5796e-16 1.7360e-16
-3.5355e-08 1.7592e-07 -1.8371e-07 -2.8282e-07 -3.9522e-07 -5.1944e-07 -6.5439e-07 -7.9918e-07 -9.5303e-07 -1.1152e-06 -1.2851e-06 -1.4621e-06 -1.6454e-06 -1.8343e-06 -2.0281e-06 -2.2260e-06 -2.4269e-06 -2.6301e-06 -2.8342e-06 -3.0383e-06 -3.2409e-06 -3.4408e-06 -3.6363e-06 -3.8260e-06 -4.0082e-06 -4.1812e-06 -4.3431e-06 -4.4922e-06 -4.6266e-06 -4.7445e-06 -4.8443e-06 -4.9242e-06 -4.9827e-06 -5.0186e-06 -5.0307e-06 -5.0182e-06 -4.9805e-06 -4.9174e-06 -4.8292e-06 -4.7163e-06 -4.5796e-06 -4.4206e-06 -4.2410e-06 -4.0429e-06 -3.8287e-06 -3.6013e-06 -3.3636e-06 -3.1186e-06 -2.8698e-06 -2.6202e-06 -2.3730e-06 -2.1312e-06 -1.8975e-06 -1.6743e-06 -1.4638e-06 -1.2676e-06 -1.0869e-06 -9.2243e-07 -7.7467e-07 -6.4354e-07 -5.2865e-07 -4.2927e-07 -3.4445e-07 -2.7301e-07 -2.1366e-07 -1.6506e-07 -1.2581e-07 -9.4576e-08 -7.0096e-08 -5.1200e-08 -3.6840e-08 -2.6103e-08 -1.8204e-08 -1.2490e-08 -8.4282e-09 -5.5905e-09 -3.6436e-09 -2.3322e-09 -1.4655e-09 -9.0354e-10 -5.4636e-10 -3.2386e-10 -1.8810e-10 -1.0699e-10 -5.9568e-11 -3.2448e-11 -1.7283e-11 -8.9975e-12 -4.5755e-12 -2.2717e-12 -1.1006e-12 -5.2007e-13 -2.3954e-13 -1.0748e-13 -4.6959e-14 -1.9965e-14 -8.2555e-15 -3.3181e-15 -1.2955e-15 -4.9111e-16 3.5355e-08 0.0000e+00 1.8371e-07 2.8282e-07 3.9522e-07 5.1944e-07 6.5439e-07 7.9918e-07 9.5303e-07 1.1152e-06 1.2851e-06 1.4621e-06 1.6454e-06 1.8343e-06 2.0281e-06 2.2260e-06 2.4269e-06 2.6301e-06 2.8342e-06 3.0383e-06 3.2409e-06 3.4408e-06 3.6363e-06 3.8260e-06 4.0082e-06 4.1812e-06 4.3431e-06 4.4922e-06 4.6266e-06 4.7445e-06 4.8442e-06 4.9241e-06 4.9827e-06 5.0186e-06 5.0307e-06 5.0182e-06 4.9805e-06 4.9174e-06 4.8292e-06 4.7162e-06 4.5796e-06 4.4206e-06 4.2410e-06 4.0429e-06 3.8287e-06 3.6013e-06 3.3635e-06 3.1186e-06 2.8697e-06 2.6201e-06 2.3729e-06 2.1311e-06 1.8974e-06 1.6743e-06 1.4638e-06 1.2676e-06 1.0868e-06 9.2241e-07 7.7465e-07 6.4353e-07 5.2863e-07 4.2926e-07 3.4444e-07 2.7300e-07 2.1366e-07 1.6505e-07 1.2580e-07 9.4572e-08 7.0093e-08 5.1197e-08 3.6839e-08 2.6101e-08 1.8203e-08 1.2490e-08 8.4277e-09 5.5901e-09 3.6433e-09 2.3320e-09 1.4654e-09 9.0347e-10 5.4631e-10 3.2384e-10 1.8808e-10 1.0698e-10 5.9562e-11 3.2444e-11 1.7281e-11 8.9964e-12 4.5749e-12 2.2714e-12 1.1005e-12 5.1999e-13 2.3950e-13 1.0747e-13 4.6951e-14 1.9962e-14 8.2540e-15 3.3175e-15 1.2953e-15 4.9101e-16
-6.4951e-08 -1.8371e-07 8.9057e-07 -5.1957e-07 -7.2606e-07 -9.5427e-07 -1.2022e-06 -1.4682e-06 -1.7508e-06 -2.0488e-06 -2.3609e-06 -2.6860e-06 -3.0227e-06 -3.3698e-06 -3.7258e-06 -4.0893e-06 -4.4585e-06 -4.8316e-06 -5.2067e-06 -5.5816e-06 -5.9538e-06 -6.3210e-06 -6.6803e-06 -7.0288e-06 -7.3635e-06 -7.6812e-06 -7.9787e-06 -8.2525e-06 -8.4995e-06 -8.7161e-06 -8.8994e-06 -9.0462e-06 -9.1538e-06 -9.2197e-06 -9.2419e-06 -9.2190e-06 -9.1498e-06 -9.0339e-06 -8.8718e-06 -8.6643e-06 -8.4133e-06 -8.1212e-06 -7.7913e-06 -7.4274e-06 -7.0340e-06 -6.6162e-06 -6.1794e-06 -5.7295e-06 -5.2723e-06 -4.8137e-06 -4.3596e-06 -3.9154e-06 -3.4860e-06 -3.0761e-06 -2.6894e-06 -2.3289e-06 -1.9968e-06 -1.6947e-06 -1.4233e-06 -1.1824e-06 -9.7128e-07 -7.8871e-07 -6.3286e-07 -5.0161e-07 -3.9258e-07 -3.0327e-07 -2.3116e-07 -1.7377e-07 -1.2880e-07 -9.4077e-08 -6.7693e-08 -4.7963e-08 -3.3450e-08 -2.2952e-08 -1.5487e-08 -1.0273e-08 -6.6955e-09 -4.2858e-09 -2.6930e-09 -1.6604e-09 -1.0041e-09 -5.9519e-10 -3.4569e-10 -1.9663e-10 -1.0948e-10 -5.9636e-11 -3.1766e-11 -1.6537e-11 -8.4099e-12 -4.1756e-12 -2.0231e-12 -9.5597e-13 -4.4032e-13 -1.9758e-13 -8.6325e-14 -3.6703e-14 -1.5177e-14 -6.1002e-15 -2.3819e-15 -9.0294e-16 6.4951e-08 1.8371e-07 0.0000e+00 5.1957e-07 7.2606e-07 9.5427e-07 1.2022e-06 1.4682e-06 1.7508e-06 2.0488e-06 2.3609e-06 2.6860e-06 3.0227e-06 3.3698e-06 3.7258e-06 4.0893e-06 4.4585e-06 4.8316e-06 5.2067e-06 5.5816e-06 5.9538e-06 6.3210e-06 6.6802e-06 7.0287e-06 7.3635e-06 7.6812e-06 7.9786e-06 8.2525e-06 8.4994e-06 8.7161e-06 8.8993e-06 9.0461e-06 9.1536e-06 9.2196e-06 9.2418e-06 9.2188e-06 9.1496e-06 9.0337e-06 8.8716e-06 8.6641e-06 8.4131e-06 8.1210e-06 7.7910e-06 7.4271e-06 7.0337e-06 6.6159e-06 6.1791e-06 5.7292e-06 5.2720e-06 4.8134e-06 4.3593e-06 3.9151e-06 3.4858e-06 3.0759e-06 2.6891e-06 2.3286e-06 1.9966e-06 1.6945e-06 1.4231e-06 1.1822e-06 9.7115e-07 7.8859e-07 6.3276e-07 5.0152e-07 3.9251e-07 3.0321e-07 2.3111e-07 1.7374e-07 1.2877e-07 9.4054e-08 6.7676e-08 4.7950e-08 3.3440e-08 2.2945e-08 1.5482e-08 1.0270e-08 6.6931e-09 4.2842e-09 2.6920e-09 1.6597e-09 1.0036e-09 5.9491e-10 3.4552e-10 1.9653e-10 1.0942e-10 5.9603e-11 3.1747e-11 1.6527e-11 8.4046e-12 4.1728e-12 2.0217e-12 9.5527e-13 4.3998e-13 1.9742e-13 8.6254e-14 3.6671e-14 1.5163e-14 6.0945e-15 2.3796e-15 9.0203e-16
-9.9994e-08 -2.8282e-07 -5.1957e-07 2.8146e-06 -1.1178e-06 -1.4691e-06 -1.8508e-06 -2.2603e-06 -2.6954e-06 -3.1542e-06 -3.6347e-06 -4.1352e-06 -4.6536e-06 -5.1879e-06 -5.7361e-06 -6.2956e-06 -6.8640e-06 -7.4385e-06 -8.0159e-06 -8.5931e-06 -9.1662e-06 -9.7314e-06 -1.0285e-05 -1.0821e-05 -1.1336e-05 -1.1826e-05 -1.2284e-05 -1.2705e-05 -1.3085e-05 -1.3419e-05 -1.3701e-05 -1.3927e-05 -1.4093e-05 -1.4194e-05 -1.4229e-05 -1.4193e-05 -1.4087e-05 -1.3909e-05 -1.3659e-05 -1.3340e-05 -1.2953e-05 -1.2504e-05 -1.1996e-05 -1.1436e-05 -1.0830e-05 -1.0187e-05 -9.5144e-06 -8.8217e-06 -8.1179e-06 -7.4119e-06 -6.7127e-06 -6.0288e-06 -5.3678e-06 -4.7367e-06 -4.1412e-06 -3.5861e-06 -3.0749e-06 -2.6097e-06 -2.1918e-06 -1.8208e-06 -1.4958e-06 -1.2146e-06 -9.7464e-07 -7.7252e-07 -6.0462e-07 -4.6709e-07 -3.5603e-07 -2.6766e-07 -1.9839e-07 -1.4491e-07 -1.0427e-07 -7.3884e-08 -5.1529e-08 -3.5358e-08 -2.3860e-08 -1.5827e-08 -1.0316e-08 -6.6034e-09 -4.1496e-09 -2.5586e-09 -1.5472e-09 -9.1722e-10 -5.3275e-10 -3.0305e-10 -1.6874e-10 -9.1921e-11 -4.8965e-11 -2.5493e-11 -1.2965e-11 -6.4377e-12 -3.1193e-12 -1.4740e-12 -6.7899e-13 -3.0470e-13 -1.3314e-13 -5.6610e-14 -2.3411e-14 -9.4104e-15 -3.6747e-15 -1.3932e-15 9.9994e-08 2.8282e-07 5.1957e-07 0.0000e+00 1.1178e-06 1.4691e-06 1.8508e-06 2.2603e-06 2.6954e-06 3.1542e-06 3.6347e-06 4.1352e-06 4.6536e-06 5.1879e-06 5.7360e-06 6.2956e-06 6.8640e-06 7.4385e-06 8.0159e-06 8.5930e-06 9.1661e-06 9.7313e-06 1.0284e-05 1.0821e-05 1.1336e-05 1.1825e-05 1.2283e-05 1.2705e-05 1.3085e-05 1.3419e-05 1.3701e-05 1.3927e-05 1.4092e-05 1.4194e-05 1.4228e-05 1.4193e-05 1.4086e-05 1.3908e-05 1.3658e-05 1.3339e-05 1.2952e-05 1.2503e-05 1.1995e-05 1.1434e-05 1.0829e-05 1.0185e-05 9.5129e-06 8.8202e-06 8.1164e-06 7.4104e-06 6.7113e-06 6.0274e-06 5.3665e-06 4.7354e-06 4.1400e-06 3.5850e-06 3.0738e-06 2.6088e-06 2.1909e-06 1.8201e-06 1.4951e-06 1.2141e-06 9.7415e-07 7.7211e-07 6.0428e-07 4.6680e-07 3.5580e-07 2.6747e-07 1.9824e-07 1.4480e-07 1.0419e-07 7.3821e-08 5.1482e-08 3.5324e-08 2.3836e-08 1.5810e-08 1.0304e-08 6.5956e-09 4.1444e-09 2.5552e-09 1.5451e-09 9.1589e-10 5.3195e-10 3.0257e-10 1.6846e-10 9.1760e-11 4.8876e-11 2.5444e-11 1.2939e-11 6.4242e-12 3.1125e-12 1.4707e-12 6.7737e-13 3.0394e-13 1.3279e-13 5.6457e-14 2.3345e-14 9.3827e-15 3.6634e-15 1.3887e-15
-1.3973e-07 -3.9522e-07 -7.2606e-07 -1.1178e-06 6.8717e-06 -2.0530e-06 -2.5863e-06 -3.1585e-06 -3.7666e-06 -4.4077e-06 -5.0792e-06 -5.7785e-06 -6.5030e-06 -7.2497e-06 -8.0157e-06 -8.7976e-06 -9.5919e-06 -1.0395e-05 -1.1202e-05 -1.2008e-05 -1.2809e-05 -1.3599e-05 -1.4372e-05 -1.5122e-05 -1.5842e-05 -1.6526e-05 -1.7166e-05 -1.7755e-05 -1.8286e-05 -1.8753e-05 -1.9147e-05 -1.9463e-05 -1.9695e-05 -1.9837e-05 -1.9885e-05 -1.9836e-05 -1.9687e-05 -1.9438e-05 -1.9089e-05 -1.8643e-05 -1.8104e-05 -1.7475e-05 -1.6766e-05 -1.5983e-05 -1.5137e-05 -1.4238e-05 -1.3299e-05 -1.2331e-05 -1.1347e-05 -1.0360e-05 -9.3834e-06 -8.4276e-06 -7.5038e-06 -6.6217e-06 -5.7894e-06 -5.0136e-06 -4.2990e-06 -3.6488e-06 -3.0645e-06 -2.5459e-06 -2.0916e-06 -1.6985e-06 -1.3630e-06 -1.0804e-06 -8.4560e-07 -6.5328e-07 -4.9798e-07 -3.7440e-07 -2.7752e-07 -2.0272e-07 -1.4588e-07 -1.0337e-07 -7.2102e-08 -4.9478e-08 -3.3391e-08 -2.2151e-08 -1.4439e-08 -9.2435e-09 -5.8091e-09 -3.5822e-09 -2.1664e-09 -1.2844e-09 -7.4611e-10 -4.2446e-10 -2.3637e-10 -1.2878e-10 -6.8606e-11 -3.5723e-11 -1.8170e-11 -9.0234e-12 -4.3727e-12 -2.0667e-12 -9.5210e-13 -4.2733e-13 -1.8675e-13 -7.9417e-14 -3.2848e-14 -1.3206e-14 -5.1578e-15 -1.9558e-15 1.3973e-07 3.9522e-07 7.2606e-07 1.1178e-06 0.0000e+00 2.0530e-06 2.5863e-06 3.1585e-06 3.7666e-06 4.4077e-06 5.0792e-06 5.7785e-06 6.5030e-06 7.2497e-06 8.0156e-06 8.7975e-06 9.5918e-06 1.0395e-05 1.1202e-05 1.2008e-05 1.2809e-05 1.3599e-05 1.4372e-05 1.5121e-05 1.5841e-05 1.6525e-05 1.7165e-05 1.7754e-05 1.8285e-05 1.8751e-05 1.9146e-05 1.9461e-05 1.9693e-05 1.9835e-05 1.9882e-05 1.9833e-05 1.9684e-05 1.9435e-05 1.9086e-05 1.8640e-05 1.8100e-05 1.7471e-05 1.6761e-05 1.5978e-05 1.5132e-05 1.4233e-05 1.3293e-05 1.2326e-05 1.1342e-05 1.0355e-05 9.3784e-06 8.4227e-06 7.4992e-06 6.6173e-06 5.7853e-06 5.0097e-06 4.2954e-06 3.6456e-06 3.0616e-06 2.5434e-06 2.0893e-06 1.6965e-06 1.3613e-06 1.0790e-06 8.4442e-07 6.5231e-07 4.9720e-07 3.7377e-07 2.7703e-07 2.0234e-07 1.4559e-07 1.0316e-07 7.1942e-08 4.9362e-08 3.3308e-08 2.2094e-08 1.4399e-08 9.2168e-09 5.7914e-09 3.5707e-09 2.1592e-09 1.2799e-09 7.4335e-10 4.2281e-10 2.3540e-10 1.2823e-10 6.8300e-11 3.5556e-11 1.8081e-11 8.9773e-12 4.3494e-12 2.0551e-12 9.4656e-13 4.2473e-13 1.8556e-13 7.8893e-14 3.2622e-14 1.3111e-14 5.1193e-15 1.9406e-15
-1.8365e-07 -5.1944e-07 -9.5427e-07 -1.4691e-06 -2.0530e-06 1.4249e-05 -3.3992e-06 -4.1513e-06 -4.9505e-06 -5.7931e-06 -6.6757e-06 -7.5948e-06 -8.5470e-06 -9.5284e-06 -1.0535e-05 -1.1563e-05 -1.2607e-05 -1.3662e-05 -1.4723e-05 -1.5783e-05 -1.6835e-05 -1.7874e-05 -1.8890e-05 -1.9875e-05 -2.0822e-05 -2.1721e-05 -2.2562e-05 -2.3337e-05 -2.4035e-05 -2.4648e-05 -2.5167e-05 -2.5583e-05 -2.5888e-05 -2.6075e-05 -2.6138e-05 -2.6074e-05 -2.5879e-05 -2.5552e-05 -2.5094e-05 -2.4509e-05 -2.3799e-05 -2.2974e-05 -2.2042e-05 -2.1013e-05 -1.9901e-05 -1.8720e-05 -1.7486e-05 -1.6214e-05 -1.4921e-05 -1.3624e-05 -1.2340e-05 -1.1083e-05 -9.8689e-06 -8.7092e-06 -7.6150e-06 -6.5948e-06 -5.6552e-06 -4.8002e-06 -4.0318e-06 -3.3498e-06 -2.7521e-06 -2.2351e-06 -1.7937e-06 -1.4219e-06 -1.1130e-06 -8.5998e-07 -6.5561e-07 -4.9296e-07 -3.6544e-07 -2.6698e-07 -1.9215e-07 -1.3617e-07 -9.4989e-08 -6.5193e-08 -4.4002e-08 -2.9195e-08 -1.9033e-08 -1.2186e-08 -7.6598e-09 -4.7242e-09 -2.8576e-09 -1.6945e-09 -9.8451e-10 -5.6019e-10 -3.1202e-10 -1.7003e-10 -9.0602e-11 -4.7186e-11 -2.4006e-11 -1.1925e-11 -5.7801e-12 -2.7325e-12 -1.2592e-12 -5.6531e-13 -2.4711e-13 -1.0512e-13 -4.3492e-14 -1.7491e-14 -6.8333e-15 -2.5920e-15 1.8365e-07 5.1944e-07 9.5427e-07 1.4691e-06 2.0530e-06 0.0000e+00 3.3992e-06 4.1513e-06 4.9505e-06 5.7931e-06 6.6757e-06 7.5948e-06 8.5469e-06 9.5283e-06 1.0535e-05 1.1563e-05 1.2607e-05 1.3662e-05 1.4722e-05 1.5782e-05 1.6835e-05 1.7873e-05 1.8889e-05 1.9874e-05 2.0821e-05 2.1719e-05 2.2560e-05 2.3334e-05 2.4033e-05 2.4645e-05 2.5163e-05 2.5578e-05 2.5883e-05 2.6069e-05 2.6132e-05 2.6067e-05 2.5871e-05 2.5544e-05 2.5085e-05 2.4498e-05 2.3789e-05 2.2963e-05 2.2030e-05 2.1001e-05 1.9888e-05 1.8707e-05 1.7472e-05 1.6200e-05 1.4907e-05 1.3610e-05 1.2326e-05 1.1070e-05 9.8563e-06 8.6972e-06 7.6037e-06 6.5843e-06 5.6455e-06 4.7914e-06 4.0239e-06 3.3428e-06 2.7460e-06 2.2298e-06 1.7892e-06 1.4181e-06 1.1098e-06 8.5735e-07 6.5347e-07 4.9125e-07 3.6410e-07 2.6594e-07 1.9136e-07 1.3558e-07 9.4554e-08 6.4877e-08 4.3777e-08 2.9038e-08 1.8925e-08 1.2114e-08 7.6118e-09 4.6931e-09 2.8378e-09 1.6822e-09 9.7699e-10 5.5571e-10 3.0940e-10 1.6853e-10 8.9767e-11 4.6732e-11 2.3764e-11 1.1799e-11 5.7164e-12 2.7011e-12 1.2441e-12 5.5823e-13 2.4389e-13 1.0369e-13 4.2875e-14 1.7233e-14 6.7284e-15 2.5505e-15
-2.3136e-07 -6.5439e-07 -1.2022e-06 -1.8508e-06 -2.5863e-06 -3.3992e-06 2.6398e-05 -5.2298e-06 -6.2366e-06 -7.2981e-06 -8.4100e-06 -9.5680e-06 -1.0767e-05 -1.2004e-05 -1.3272e-05 -1.4567e-05 -1.5882e-05 -1.7212e-05 -1.8548e-05 -1.9883e-05 -2.1210e-05 -2.2518e-05 -2.3798e-05 -2.5040e-05 -2.6233e-05 -2.7365e-05 -2.8426e-05 -2.9402e-05 -3.0283e-05 -3.1056e-05 -3.1709e-05 -3.2234e-05 -3.2618e-05 -3.2855e-05 -3.2936e-05 -3.2855e-05 -3.2611e-05 -3.2200e-05 -3.1624e-05 -3.0887e-05 -2.9994e-05 -2.8955e-05 -2.7781e-05 -2.6486e-05 -2.5086e-05 -2.3598e-05 -2.2043e-05 -2.0441e-05 -1.8812e-05 -1.7178e-05 -1.5560e-05 -1.3977e-05 -1.2446e-05 -1.0985e-05 -9.6054e-06 -8.3194e-06 -7.1348e-06 -6.0567e-06 -5.0878e-06 -4.2276e-06 -3.4738e-06 -2.8215e-06 -2.2647e-06 -1.7955e-06 -1.4057e-06 -1.0862e-06 -8.2823e-07 -6.2286e-07 -4.6181e-07 -3.3745e-07 -2.4291e-07 -1.7219e-07 -1.2014e-07 -8.2469e-08 -5.5675e-08 -3.6949e-08 -2.4094e-08 -1.5431e-08 -9.7016e-09 -5.9851e-09 -3.6214e-09 -2.1480e-09 -1.2484e-09 -7.1056e-10 -3.9590e-10 -2.1581e-10 -1.1504e-10 -5.9935e-11 -3.0504e-11 -1.5158e-11 -7.3503e-12 -3.4762e-12 -1.6026e-12 -7.1980e-13 -3.1479e-13 -1.3397e-13 -5.5456e-14 -2.2313e-14 -8.7219e-15 -3.3101e-15 2.3136e-07 6.5439e-07 1.2022e-06 1.8508e-06 2.5863e-06 3.3992e-06 0.0000e+00 5.2298e-06 6.2366e-06 7.2981e-06 8.4100e-06 9.5679e-06 1.0767e-05 1.2004e-05 1.3272e-05 1.4567e-05 1.5882e-05 1.7211e-05 1.8547e-05 1.9882e-05 2.1208e-05 2.2516e-05 2.3796e-05 2.5038e-05 2.6230e-05 2.7362e-05 2.8421e-05 2.9397e-05 3.0276e-05 3.1048e-05 3.1701e-05 3.2224e-05 3.2607e-05 3.2842e-05 3.2921e-05 3.2839e-05 3.2592e-05 3.2180e-05 3.1602e-05 3.0863e-05 2.9969e-05 2.8928e-05 2.7753e-05 2.6456e-05 2.5055e-05 2.3567e-05 2.2011e-05 2.0408e-05 1.8780e-05 1.7146e-05 1.5528e-05 1.3946e-05 1.2417e-05 1.0957e-05 9.5791e-06 8.2949e-06 7.1122e-06 6.0362e-06 5.0693e-06 4.2112e-06 3.4594e-06 2.8091e-06 2.2540e-06 1.7865e-06 1.3982e-06 1.0801e-06 8.2324e-07 6.1888e-07 4.5869e-07 3.3504e-07 2.4107e-07 1.7081e-07 1.1912e-07 8.1732e-08 5.5151e-08 3.6582e-08 2.3842e-08 1.5261e-08 9.5893e-09 5.9123e-09 3.5751e-09 2.1192e-09 1.2308e-09 7.0008e-10 3.8977e-10 2.1231e-10 1.1309e-10 5.8872e-11 2.9938e-11 1.4864e-11 7.2015e-12 3.4028e-12 1.5673e-12 7.0325e-13 3.0725e-13 1.3063e-13 5.4014e-14 2.1709e-14 8.4763e-15 3.2131e-15
-2.8255e-07 -7.9918e-07 -1.4682e-06 -2.2603e-06 -3.1585e-06 -4.1513e-06 -5.2298e-06 4.5034e-05 -7.6165e-06 -8.9129e-06 -1.0271e-05 -1.1685e-05 -1.3150e-05 -1.4660e-05 -1.6209e-05 -1.7790e-05 -1.9397e-05 -2.1020e-05 -2.2652e-05 -2.4283e-05 -2.5903e-05 -2.7501e-05 -2.9065e-05 -3.0582e-05 -3.2039e-05 -3.3423e-05 -3.4719e-05 -3.5912e-05 -3.6988e-05 -3.7933e-05 -3.8733e-05 -3.9374e-05 -3.9845e-05 -4.0135e-05 -4.0235e-05 -4.0139e-05 -3.9841e-05 -3.9341e-05 -3.8640e-05 -3.7741e-05 -3.6652e-05 -3.5385e-05 -3.3952e-05 -3.2372e-05 -3.0663e-05 -2.8847e-05 -2.6948e-05 -2.4991e-05 -2.3002e-05 -2.1007e-05 -1.9030e-05 -1.7095e-05 -1.5225e-05 -1.3439e-05 -1.1753e-05 -1.0181e-05 -8.7328e-06 -7.4145e-06 -6.2293e-06 -5.1771e-06 -4.2547e-06 -3.4566e-06 -2.7749e-06 -2.2005e-06 -1.7231e-06 -1.3319e-06 -1.0158e-06 -7.6409e-07 -5.6669e-07 -4.1420e-07 -2.9825e-07 -2.1147e-07 -1.4759e-07 -1.0135e-07 -6.8447e-08 -4.5441e-08 -2.9642e-08 -1.8992e-08 -1.1945e-08 -7.3723e-09 -4.4626e-09 -2.6482e-09 -1.5398e-09 -8.7685e-10 -4.8879e-10 -2.6658e-10 -1.4218e-10 -7.4116e-11 -3.7743e-11 -1.8766e-11 -9.1054e-12 -4.3090e-12 -1.9878e-12 -8.9340e-13 -3.9098e-13 -1.6652e-13 -6.8976e-14 -2.7774e-14 -1.0865e-14 -4.1266e-15 2.8255e-07 7.9918e-07 1.4682e-06 2.2603e-06 3.1585e-06 4.1513e-06 5.2298e-06 0.0000e+00 7.6164e-06 8.9128e-06 1.0271e-05 1.1685e-05 1.3150e-05 1.4660e-05 1.6208e-05 1.7790e-05 1.9396e-05 2.1019e-05 2.2651e-05 2.4281e-05 2.5901e-05 2.7498e-05 2.9061e-05 3.0577e-05 3.2033e-05 3.3415e-05 3.4709e-05 3.5901e-05 3.6975e-05 3.7917e-05 3.8714e-05 3.9353e-05 3.9821e-05 4.0108e-05 4.0204e-05 4.0104e-05 3.9803e-05 3.9299e-05 3.8594e-05 3.7691e-05 3.6599e-05 3.5329e-05 3.3893e-05 3.2310e-05 3.0598e-05 2.8781e-05 2.6881e-05 2.4923e-05 2.2934e-05 2.0940e-05 1.8964e-05 1.7032e-05 1.5164e-05 1.3381e-05 1.1698e-05 1.0130e-05 8.6858e-06 7.3717e-06 6.1909e-06 5.1430e-06 4.2248e-06 3.4306e-06 2.7527e-06 2.1818e-06 1.7075e-06 1.3190e-06 1.0054e-06 7.5580e-07 5.6017e-07 4.0916e-07 2.9441e-07 2.0860e-07 1.4547e-07 9.9815e-08 6.7353e-08 4.4675e-08 2.9117e-08 1.8637e-08 1.1711e-08 7.2203e-09 4.3660e-09 2.5880e-09 1.5031e-09 8.5496e-10 4.7601e-10 2.5929e-10 1.3811e-10 7.1897e-11 3.6562e-11 1.8153e-11 8.7948e-12 4.1556e-12 1.9140e-12 8.5884e-13 3.7522e-13 1.5953e-13 6.5964e-14 2.6512e-14 1.0352e-14 3.9240e-15
-3.3695e-07 -9.5303e-07 -1.7508e-06 -2.6954e-06 -3.7666e-06 -4.9505e-06 -6.2366e-06 -7.6165e-06 7.2135e-05 -1.0629e-05 -1.2248e-05 -1.3934e-05 -1.5681e-05 -1.7482e-05 -1.9329e-05 -2.1215e-05 -2.3131e-05 -2.5067e-05 -2.7014e-05 -2.8960e-05 -3.0892e-05 -3.2798e-05 -3.4663e-05 -3.6473e-05 -3.8212e-05 -3.9863e-05 -4.1409e-05 -4.2833e-05 -4.4118e-05 -4.5247e-05 -4.6202e-05 -4.6969e-05 -4.7533e-05 -4.7881e-05 -4.8003e-05 -4.7891e-05 -4.7539e-05 -4.6945e-05 -4.6111e-05 -4.5042e-05 -4.3746e-05 -4.2237e-05 -4.0531e-05 -3.8648e-05 -3.6612e-05 -3.4447e-05 -3.2184e-05 -2.9851e-05 -2.7479e-05 -2.5099e-05 -2.2740e-05 -2.0432e-05 -1.8200e-05 -1.6068e-05 -1.4055e-05 -1.2178e-05 -1.0448e-05 -8.8725e-06 -7.4562e-06 -6.1983e-06 -5.0954e-06 -4.1407e-06 -3.3251e-06 -2.6376e-06 -2.0661e-06 -1.5975e-06 -1.2188e-06 -9.1715e-07 -6.8047e-07 -4.9757e-07 -3.5842e-07 -2.5425e-07 -1.7753e-07 -1.2197e-07 -8.2411e-08 -5.4740e-08 -3.5728e-08 -2.2903e-08 -1.4414e-08 -8.9011e-09 -5.3914e-09 -3.2014e-09 -1.8627e-09 -1.0615e-09 -5.9211e-10 -3.2317e-10 -1.7249e-10 -8.9988e-11 -4.5862e-11 -2.2822e-11 -1.1083e-11 -5.2496e-12 -2.4239e-12 -1.0904e-12 -4.7767e-13 -2.0364e-13 -8.4440e-14 -3.4037e-14 -1.3329e-14 -5.0682e-15 3.3695e-07 9.5303e-07 1.7508e-06 2.6954e-06 3.7666e-06 4.9505e-06 6.2366e-06 7.6164e-06 0.0000e+00 1.0629e-05 1.2248e-05 1.3934e-05 1.5681e-05 1.7482e-05 1.9329e-05 2.1214e-05 2.3130e-05 2.5065e-05 2.7011e-05 2.8956e-05 3.0887e-05 3.2792e-05 3.4655e-05 3.6463e-05 3.8200e-05 3.9848e-05 4.1391e-05 4.2812e-05 4.4093e-05 4.5217e-05 4.6167e-05 4.6929e-05 4.7487e-05 4.7829e-05 4.7944e-05 4.7825e-05 4.7466e-05 4.6865e-05 4.6024e-05 4.4947e-05 4.3645e-05 4.2130e-05 4.0418e-05 3.8530e-05 3.6489e-05 3.4321e-05 3.2056e-05 2.9721e-05 2.7350e-05 2.4971e-05 2.2615e-05 2.0310e-05 1.8083e-05 1.5957e-05 1.3950e-05 1.2080e-05 1.0358e-05 8.7908e-06 7.3827e-06 6.1330e-06 5.0381e-06 4.0910e-06 3.2826e-06 2.6018e-06 2.0362e-06 1.5730e-06 1.1989e-06 9.0130e-07 6.6801e-07 4.8793e-07 3.5108e-07 2.4875e-07 1.7348e-07 1.1903e-07 8.0318e-08 5.3275e-08 3.4722e-08 2.2225e-08 1.3965e-08 8.6103e-09 5.2065e-09 3.0862e-09 1.7925e-09 1.0195e-09 5.6764e-10 3.0920e-10 1.6469e-10 8.5736e-11 4.3600e-11 2.1647e-11 1.0488e-11 4.9555e-12 2.2824e-12 1.0241e-12 4.4744e-13 1.9023e-13 7.8659e-14 3.1615e-14 1.2344e-14 4.6792e-15
-3.9430e-07 -1.1152e-06 -2.0488e-06 -3.1542e-06 -4.4077e-06 -5.7931e-06 -7.2981e-06 -8.9129e-06 -1.0629e-05 1.0994e-04 -1.4333e-05 -1.6306e-05 -1.8351e-05 -2.0458e-05 -2.2620e-05 -2.4827e-05 -2.7069e-05 -2.9335e-05 -3.1614e-05 -3.3891e-05 -3.6153e-05 -3.8384e-05 -4.0568e-05 -4.2687e-05 -4.4723e-05 -4.6657e-05 -4.8468e-05 -5.0137e-05 -5.1643e-05 -5.2966e-05 -5.4088e-05 -5.4988e-05 -5.5652e-05 -5.6063e-05 -5.6210e-05 -5.6082e-05 -5.5675e-05 -5.4984e-05 -5.4013e-05 -5.2766e-05 -5.1254e-05 -4.9492e-05 -4.7499e-05 -4.5299e-05 -4.2919e-05 -4.0388e-05 -3.7741e-05 -3.5011e-05 -3.2236e-05 -2.9450e-05 -2.6688e-05 -2.3985e-05 -2.1370e-05 -1.8872e-05 -1.6512e-05 -1.4311e-05 -1.2281e-05 -1.0433e-05 -8.7704e-06 -7.2935e-06 -5.9979e-06 -4.8760e-06 -3.9172e-06 -3.1087e-06 -2.4362e-06 -1.8845e-06 -1.4385e-06 -1.0830e-06 -8.0396e-07 -5.8819e-07 -4.2396e-07 -3.0092e-07 -2.1025e-07 -1.4454e-07 -9.7730e-08 -6.4961e-08 -4.2430e-08 -2.7220e-08 -1.7144e-08 -1.0596e-08 -6.4234e-09 -3.8175e-09 -2.2232e-09 -1.2681e-09 -7.0805e-10 -3.8684e-10 -2.0669e-10 -1.0794e-10 -5.5073e-11 -2.7437e-11 -1.3339e-11 -6.3258e-12 -2.9244e-12 -1.3173e-12 -5.7779e-13 -2.4665e-13 -1.0242e-13 -4.1341e-14 -1.6213e-14 -6.1740e-15 3.9430e-07 1.1152e-06 2.0488e-06 3.1542e-06 4.4077e-06 5.7931e-06 7.2981e-06 8.9128e-06 1.0629e-05 0.0000e+00 1.4333e-05 1.6306e-05 1.8350e-05 2.0457e-05 2.2619e-05 2.4825e-05 2.7066e-05 2.9332e-05 3.1609e-05 3.3884e-05 3.6144e-05 3.8373e-05 4.0554e-05 4.2670e-05 4.4702e-05 4.6630e-05 4.8436e-05 5.0099e-05 5.1598e-05 5.2913e-05 5.4025e-05 5.4916e-05 5.5569e-05 5.5970e-05 5.6105e-05 5.5965e-05 5.5545e-05 5.4841e-05 5.3857e-05 5.2598e-05 5.1074e-05 4.9300e-05 4.7297e-05 4.5088e-05 4.2700e-05 4.0163e-05 3.7512e-05 3.4780e-05 3.2005e-05 2.9221e-05 2.6464e-05 2.3767e-05 2.1161e-05 1.8673e-05 1.6325e-05 1.4136e-05 1.2121e-05 1.0287e-05 8.6392e-06 7.1769e-06 5.8956e-06 4.7873e-06 3.8413e-06 3.0446e-06 2.3828e-06 1.8407e-06 1.4030e-06 1.0547e-06 7.8170e-07 5.7097e-07 4.1084e-07 2.9109e-07 2.0300e-07 1.3929e-07 9.3988e-08 6.2343e-08 4.0631e-08 2.6007e-08 1.6342e-08 1.0076e-08 6.0926e-09 3.6114e-09 2.0975e-09 1.1930e-09 6.6424e-10 3.6181e-10 1.9272e-10 1.0033e-10 5.1019e-11 2.5330e-11 1.2272e-11 5.7987e-12 2.6708e-12 1.1984e-12 5.2357e-13 2.2260e-13 9.2041e-14 3.6993e-14 1.4444e-14 5.4751e-15
-4.5437e-07 -1.2851e-06 -2.3609e-06 -3.6347e-06 -5.0792e-06 -6.6757e-06 -8.4100e-06 -1.0271e-05 -1.2248e-05 -1.4333e-05 1.6096e-04 -1.8791e-05 -2.1147e-05 -2.3576e-05 -2.6067e-05 -2.8611e-05 -3.1195e-05 -3.3807e-05 -3.6433e-05 -3.9058e-05 -4.1666e-05 -4.4238e-05 -4.6756e-05 -4.9200e-05 -5.1549e-05 -5.3780e-05 -5.5870e-05 -5.7796e-05 -5.9536e-05 -6.1065e-05 -6.2361e-05 -6.3404e-05 -6.4174e-05 -6.4654e-05 -6.4830e-05 -6.4690e-05 -6.4227e-05 -6.3438e-05 -6.2325e-05 -6.0895e-05 -5.9159e-05 -5.7135e-05 -5.4844e-05 -5.2314e-05 -4.9575e-05 -4.6662e-05 -4.3613e-05 -4.0469e-05 -3.7270e-05 -3.4059e-05 -3.0874e-05 -2.7756e-05 -2.4738e-05 -2.1853e-05 -1.9128e-05 -1.6584e-05 -1.4238e-05 -1.2101e-05 -1.0177e-05 -8.4672e-06 -6.9666e-06 -5.6665e-06 -4.5547e-06 -3.6167e-06 -2.8360e-06 -2.1952e-06 -1.6767e-06 -1.2633e-06 -9.3842e-07 -6.8708e-07 -4.9561e-07 -3.5207e-07 -2.4619e-07 -1.6940e-07 -1.1464e-07 -7.6270e-08 -4.9865e-08 -3.2022e-08 -2.0190e-08 -1.2492e-08 -7.5810e-09 -4.5106e-09 -2.6300e-09 -1.5019e-09 -8.3969e-10 -4.5936e-10 -2.4576e-10 -1.2853e-10 -6.5668e-11 -3.2763e-11 -1.5953e-11 -7.5770e-12 -3.5084e-12 -1.5829e-12 -6.9546e-13 -2.9739e-13 -1.2370e-13 -5.0024e-14 -1.9654e-14 -7.4985e-15 4.5437e-07 1.2851e-06 2.3609e-06 3.6347e-06 5.0792e-06 6.6757e-06 8.4100e-06 1.0271e-05 1.2248e-05 1.4333e-05 0.0000e+00 1.8790e-05 2.1146e-05 2.3574e-05 2.6065e-05 2.8607e-05 3.1190e-05 3.3800e-05 3.6424e-05 3.9047e-05 4.1651e-05 4.4219e-05 4.6732e-05 4.9170e-05 5.1512e-05 5.3735e-05 5.5815e-05 5.7731e-05 5.9459e-05 6.0974e-05 6.2256e-05 6.3283e-05 6.4035e-05 6.4497e-05 6.4652e-05 6.4491e-05 6.4007e-05 6.3197e-05 6.2062e-05 6.0611e-05 5.8855e-05 5.6811e-05 5.4503e-05 5.1957e-05 4.9205e-05 4.6282e-05 4.3227e-05 4.0079e-05 3.6881e-05 3.3673e-05 3.0496e-05 2.7388e-05 2.4385e-05 2.1517e-05 1.8812e-05 1.6290e-05 1.3967e-05 1.1854e-05 9.9554e-06 8.2703e-06 6.7937e-06 5.5166e-06 4.4265e-06 3.5084e-06 2.7458e-06 2.1211e-06 1.6167e-06 1.2154e-06 9.0079e-07 6.5795e-07 4.7342e-07 3.3543e-07 2.3393e-07 1.6051e-07 1.0831e-07 7.1839e-08 4.6820e-08 2.9969e-08 1.8831e-08 1.1610e-08 7.0205e-09 4.1615e-09 2.4170e-09 1.3747e-09 7.6539e-10 4.1691e-10 2.2207e-10 1.1560e-10 5.8787e-11 2.9187e-11 1.4141e-11 6.6815e-12 3.0773e-12 1.3808e-12 6.0326e-13 2.5647e-13 1.0605e-13 4.2622e-14 1.6641e-14 6.3080e-15
-5.1693e-07 -1.4621e-06 -2.6860e-06 -4.1352e-06 -5.7785e-06 -7.5948e-06 -9.5680e-06 -1.1685e-05 -1.3934e-05 -1.6306e-05 -1.8791e-05 2.2797e-04 -2.4059e-05 -2.6822e-05 -2.9657e-05 -3.2551e-05 -3.5492e-05 -3.8464e-05 -4.1453e-05 -4.4441e-05 -4.7409e-05 -5.0338e-05 -5.3205e-05 -5.5988e-05 -5.8664e-05 -6.1205e-05 -6.3588e-05 -6.5785e-05 -6.7769e-05 -6.9515e-05 -7.0997e-05 -7.2192e-05 -7.3076e-05 -7.3631e-05 -7.3840e-05 -7.3690e-05 -7.3174e-05 -7.2287e-05 -7.1031e-05 -6.9414e-05 -6.7449e-05 -6.5155e-05 -6.2557e-05 -5.9686e-05 -5.6576e-05 -5.3266e-05 -4.9801e-05 -4.6226e-05 -4.2587e-05 -3.8931e-05 -3.5305e-05 -3.1752e-05 -2.8312e-05 -2.5022e-05 -2.1912e-05 -1.9007e-05 -1.6327e-05 -1.3884e-05 -1.1684e-05 -9.7267e-06 -8.0081e-06 -6.5180e-06 -5.2429e-06 -4.1663e-06 -3.2695e-06 -2.5328e-06 -1.9362e-06 -1.4600e-06 -1.0856e-06 -7.9560e-07 -5.7446e-07 -4.0850e-07 -2.8596e-07 -1.9698e-07 -1.3346e-07 -8.8897e-08 -5.8192e-08 -3.7417e-08 -2.3622e-08 -1.4635e-08 -8.8945e-09 -5.2999e-09 -3.0948e-09 -1.7701e-09 -9.9120e-10 -5.4313e-10 -2.9107e-10 -1.5248e-10 -7.8048e-11 -3.9010e-11 -1.9030e-11 -9.0560e-12 -4.2015e-12 -1.8994e-12 -8.3625e-13 -3.5835e-13 -1.4938e-13 -6.0541e-14 -2.3840e-14 -9.1165e-15 5.1693e-07 1.4621e-06 2.6860e-06 4.1352e-06 5.7785e-06 7.5948e-06 9.5679e-06 1.1685e-05 1.3934e-05 1.6306e-05 1.8790e-05 0.0000e+00 2.4057e-05 2.6820e-05 2.9653e-05 3.2546e-05 3.5484e-05 3.8454e-05 4.1439e-05 4.4423e-05 4.7385e-05 5.0307e-05 5.3167e-05 5.5940e-05 5.8604e-05 6.1133e-05 6.3500e-05 6.5680e-05 6.7645e-05 6.9369e-05 7.0828e-05 7.1996e-05 7.2852e-05 7.3377e-05 7.3554e-05 7.3371e-05 7.2820e-05 7.1898e-05 7.0607e-05 6.8956e-05 6.6958e-05 6.4633e-05 6.2007e-05 5.9111e-05 5.5980e-05 5.2654e-05 4.9178e-05 4.5597e-05 4.1958e-05 3.8309e-05 3.4695e-05 3.1159e-05 2.7742e-05 2.4480e-05 2.1402e-05 1.8533e-05 1.5890e-05 1.3486e-05 1.1326e-05 9.4089e-06 7.7291e-06 6.2761e-06 5.0359e-06 3.9914e-06 3.1238e-06 2.4131e-06 1.8393e-06 1.3827e-06 1.0248e-06 7.4853e-07 5.3859e-07 3.8161e-07 2.6613e-07 1.8260e-07 1.2321e-07 8.1727e-08 5.3264e-08 3.4094e-08 2.1423e-08 1.3208e-08 7.9866e-09 4.7341e-09 2.7495e-09 1.5639e-09 8.7069e-10 4.7426e-10 2.5261e-10 1.3150e-10 6.6872e-11 3.3201e-11 1.6085e-11 7.6001e-12 3.5003e-12 1.5706e-12 6.8615e-13 2.9171e-13 1.2062e-13 4.8475e-14 1.8926e-14 7.1740e-15
-5.8173e-07 -1.6454e-06 -3.0227e-06 -4.6536e-06 -6.5030e-06 -8.5470e-06 -1.0767e-05 -1.3150e-05 -1.5681e-05 -1.8351e-05 -2.1147e-05 -2.4059e-05 3.1399e-04 -3.0186e-05 -3.3377e-05 -3.6634e-05 -3.9945e-05 -4.3291e-05 -4.6656e-05 -5.0020e-05 -5.3363e-05 -5.6661e-05 -5.9892e-05 -6.3028e-05 -6.6043e-05 -6.8909e-05 -7.1597e-05 -7.4076e-05 -7.6318e-05 -7.8292e-05 -7.9970e-05 -8.1325e-05 -8.2333e-05 -8.2970e-05 -8.3219e-05 -8.3064e-05 -8.2498e-05 -8.1514e-05 -8.0116e-05 -7.8311e-05 -7.6114e-05 -7.3546e-05 -7.0634e-05 -6.7413e-05 -6.3922e-05 -6.0205e-05 -5.6310e-05 -5.2289e-05 -4.8194e-05 -4.4077e-05 -3.9991e-05 -3.5985e-05 -3.2104e-05 -2.8389e-05 -2.4876e-05 -2.1593e-05 -1.8561e-05 -1.5794e-05 -1.3301e-05 -1.1082e-05 -9.1314e-06 -7.4387e-06 -5.9889e-06 -4.7635e-06 -3.7418e-06 -2.9016e-06 -2.2205e-06 -1.6763e-06 -1.2478e-06 -9.1558e-07 -6.6192e-07 -4.7129e-07 -3.3036e-07 -2.2788e-07 -1.5461e-07 -1.0314e-07 -6.7619e-08 -4.3548e-08 -2.7537e-08 -1.7090e-08 -1.0404e-08 -6.2104e-09 -3.6331e-09 -2.0819e-09 -1.1681e-09 -6.4131e-10 -3.4439e-10 -1.8079e-10 -9.2736e-11 -4.6454e-11 -2.2713e-11 -1.0833e-11 -5.0378e-12 -2.2830e-12 -1.0076e-12 -4.3285e-13 -1.8090e-13 -7.3504e-14 -2.9022e-14 -1.1128e-14 5.8173e-07 1.6454e-06 3.0227e-06 4.6536e-06 6.5030e-06 8.5469e-06 1.0767e-05 1.3150e-05 1.5681e-05 1.8350e-05 2.1146e-05 2.4057e-05 0.0000e+00 3.0182e-05 3.3371e-05 3.6626e-05 3.9933e-05 4.3275e-05 4.6634e-05 4.9992e-05 5.3326e-05 5.6614e-05 5.9832e-05 6.2953e-05 6.5951e-05 6.8797e-05 7.1461e-05 7.3914e-05 7.6125e-05 7.8066e-05 7.9707e-05 8.1022e-05 8.1985e-05 8.2576e-05 8.2775e-05 8.2569e-05 8.1949e-05 8.0911e-05 7.9459e-05 7.7601e-05 7.5352e-05 7.2736e-05 6.9781e-05 6.6521e-05 6.2997e-05 5.9255e-05 5.5343e-05 5.1313e-05 4.7218e-05 4.3111e-05 3.9044e-05 3.5065e-05 3.1220e-05 2.7549e-05 2.4085e-05 2.0856e-05 1.7882e-05 1.5177e-05 1.2746e-05 1.0588e-05 8.6979e-06 7.0628e-06 5.6671e-06 4.4917e-06 3.5154e-06 2.7156e-06 2.0698e-06 1.5560e-06 1.1532e-06 8.4234e-07 6.0609e-07 4.2943e-07 2.9948e-07 2.0548e-07 1.3865e-07 9.1966e-08 5.9937e-08 3.8364e-08 2.4106e-08 1.4862e-08 8.9868e-09 5.3269e-09 3.0938e-09 1.7597e-09 9.7968e-10 5.3362e-10 2.8422e-10 1.4795e-10 7.5236e-11 3.7353e-11 1.8096e-11 8.5500e-12 3.9378e-12 1.7668e-12 7.7184e-13 3.2813e-13 1.3567e-13 5.4523e-14 2.1286e-14 8.0681e-15
-6.4853e-07 -1.8343e-06 -3.3698e-06 -5.1879e-06 -7.2497e-06 -9.5284e-06 -1.2004e-05 -1.4660e-05 -1.7482e-05 -2.0458e-05 -2.3576e-05 -2.6822e-05 -3.0186e-05 4.2231e-04 -3.7211e-05 -4.0844e-05 -4.4536e-05 -4.8268e-05 -5.2022e-05 -5.5775e-05 -5.9505e-05 -6.3186e-05 -6.6792e-05 -7.0294e-05 -7.3662e-05 -7.6865e-05 -7.9870e-05 -8.2644e-05 -8.5155e-05 -8.7369e-05 -8.9254e-05 -9.0780e-05 -9.1920e-05 -9.2649e-05 -9.2945e-05 -9.2793e-05 -9.2182e-05 -9.1106e-05 -8.9569e-05 -8.7577e-05 -8.5147e-05 -8.2303e-05 -7.9074e-05 -7.5498e-05 -7.1618e-05 -6.7484e-05 -6.3149e-05 -5.8670e-05 -5.4104e-05 -4.9511e-05 -4.4949e-05 -4.0472e-05 -3.6132e-05 -3.1974e-05 -2.8039e-05 -2.4357e-05 -2.0955e-05 -1.7847e-05 -1.5044e-05 -1.2546e-05 -1.0348e-05 -8.4390e-06 -6.8017e-06 -5.4162e-06 -4.2596e-06 -3.3074e-06 -2.5343e-06 -1.9158e-06 -1.4281e-06 -1.0494e-06 -7.5978e-07 -5.4182e-07 -3.8041e-07 -2.6284e-07 -1.7864e-07 -1.1938e-07 -7.8412e-08 -5.0594e-08 -3.2056e-08 -1.9934e-08 -1.2160e-08 -7.2742e-09 -4.2647e-09 -2.4493e-09 -1.3773e-09 -7.5798e-10 -4.0802e-10 -2.1472e-10 -1.1042e-10 -5.5452e-11 -2.7183e-11 -1.3000e-11 -6.0619e-12 -2.7547e-12 -1.2192e-12 -5.2527e-13 -2.2016e-13 -8.9724e-14 -3.5533e-14 -1.3666e-14 6.4853e-07 1.8343e-06 3.3698e-06 5.1879e-06 7.2497e-06 9.5283e-06 1.2004e-05 1.4660e-05 1.7482e-05 2.0457e-05 2.3574e-05 2.6820e-05 3.0182e-05 0.0000e+00 3.7202e-05 4.0832e-05 4.4518e-05 4.8244e-05 5.1989e-05 5.5732e-05 5.9449e-05 6.3115e-05 6.6702e-05 7.0182e-05 7.3524e-05 7.6697e-05 7.9667e-05 8.2401e-05 8.4866e-05 8.7030e-05 8.8859e-05 9.0325e-05 9.1399e-05 9.2057e-05 9.2279e-05 9.2050e-05 9.1358e-05 9.0202e-05 8.8583e-05 8.6511e-05 8.4005e-05 8.1088e-05 7.7793e-05 7.4159e-05 7.0231e-05 6.6059e-05 6.1698e-05 5.7205e-05 5.2640e-05 4.8061e-05 4.3527e-05 3.9091e-05 3.4805e-05 3.0712e-05 2.6850e-05 2.3251e-05 1.9936e-05 1.6919e-05 1.4209e-05 1.1804e-05 9.6964e-06 7.8736e-06 6.3177e-06 5.0074e-06 3.9189e-06 3.0273e-06 2.3074e-06 1.7346e-06 1.2856e-06 9.3900e-07 6.7564e-07 4.7870e-07 3.3383e-07 2.2905e-07 1.5455e-07 1.0251e-07 6.6810e-08 4.2763e-08 2.6870e-08 1.6566e-08 1.0017e-08 5.9373e-09 3.4482e-09 1.9612e-09 1.0918e-09 5.9470e-10 3.1674e-10 1.6488e-10 8.3839e-11 4.1622e-11 2.0163e-11 9.5264e-12 4.3872e-12 1.9683e-12 8.5984e-13 3.6551e-13 1.5111e-13 6.0725e-14 2.3706e-14 8.9844e-15
-7.1705e-07 -2.0281e-06 -3.7258e-06 -5.7361e-06 -8.0157e-06 -1.0535e-05 -1.3272e-05 -1.6209e-05 -1.9329e-05 -2.2620e-05 -2.6067e-05 -2.9657e-05 -3.3377e-05 -3.7211e-05 5.5650e-04 -4.5164e-05 -4.9248e-05 -5.3376e-05 -5.7529e-05 -6.1683e-05 -6.5811e-05 -6.9887e-05 -7.3880e-05 -7.7760e-05 -8.1493e-05 -8.5045e-05 -8.8380e-05 -9.1462e-05 -9.4253e-05 -9.6719e-05 -9.8823e-05 -1.0053e-04 -1.0182e-04 -1.0265e-04 -1.0300e-04 -1.0286e-04 -1.0221e-04 -1.0105e-04 -9.9379e-05 -9.7205e-05 -9.4546e-05 -9.1426e-05 -8.7880e-05 -8.3947e-05 -7.9675e-05 -7.5117e-05 -7.0334e-05 -6.5386e-05 -6.0338e-05 -5.5255e-05 -5.0201e-05 -4.5237e-05 -4.0419e-05 -3.5800e-05 -3.1423e-05 -2.7323e-05 -2.3530e-05 -2.0062e-05 -1.6930e-05 -1.4136e-05 -1.1674e-05 -9.5320e-06 -7.6929e-06 -6.1344e-06 -4.8314e-06 -3.7570e-06 -2.8833e-06 -2.1831e-06 -1.6301e-06 -1.1999e-06 -8.7033e-07 -6.2181e-07 -4.3740e-07 -3.0282e-07 -2.0623e-07 -1.3811e-07 -9.0908e-08 -5.8787e-08 -3.7331e-08 -2.3269e-08 -1.4229e-08 -8.5324e-09 -5.0149e-09 -2.8876e-09 -1.6281e-09 -8.9837e-10 -4.8491e-10 -2.5590e-10 -1.3197e-10 -6.6468e-11 -3.2680e-11 -1.5676e-11 -7.3319e-12 -3.3421e-12 -1.4839e-12 -6.4134e-13 -2.6969e-13 -1.1027e-13 -4.3815e-14 -1.6908e-14 7.1705e-07 2.0281e-06 3.7258e-06 5.7360e-06 8.0156e-06 1.0535e-05 1.3272e-05 1.6208e-05 1.9329e-05 2.2619e-05 2.6065e-05 2.9653e-05 3.3371e-05 3.7202e-05 0.0000e+00 4.5146e-05 4.9222e-05 5.3341e-05 5.7482e-05 6.1620e-05 6.5730e-05 6.9783e-05 7.3749e-05 7.7597e-05 8.1292e-05 8.4800e-05 8.8084e-05 9.1107e-05 9.3833e-05 9.6225e-05 9.8248e-05 9.9868e-05 1.0106e-04 1.0178e-04 1.0203e-04 1.0178e-04 1.0101e-04 9.9732e-05 9.7942e-05 9.5651e-05 9.2880e-05 8.9655e-05 8.6012e-05 8.1994e-05 7.7651e-05 7.3038e-05 6.8216e-05 6.3249e-05 5.8201e-05 5.3139e-05 4.8125e-05 4.3221e-05 3.8482e-05 3.3956e-05 2.9687e-05 2.5707e-05 2.2041e-05 1.8707e-05 1.5710e-05 1.3051e-05 1.0721e-05 8.7052e-06 6.9849e-06 5.5361e-06 4.3327e-06 3.3469e-06 2.5510e-06 1.9177e-06 1.4213e-06 1.0381e-06 7.4693e-07 5.2921e-07 3.6905e-07 2.5321e-07 1.7085e-07 1.1332e-07 7.3853e-08 4.7270e-08 2.9700e-08 1.8311e-08 1.1071e-08 6.5621e-09 3.8109e-09 2.1674e-09 1.2066e-09 6.5717e-10 3.5000e-10 1.8218e-10 9.2630e-11 4.5983e-11 2.2274e-11 1.0523e-11 4.8457e-12 2.1738e-12 9.4951e-13 4.0359e-13 1.6683e-13 6.7035e-14 2.6165e-14 9.9150e-15
-7.8700e-07 -2.2260e-06 -4.0893e-06 -6.2956e-06 -8.7976e-06 -1.1563e-05 -1.4567e-05 -1.7790e-05 -2.1215e-05 -2.4827e-05 -2.8611e-05 -3.2551e-05 -3.6634e-05 -4.0844e-05 -4.5164e-05 7.2037e-04 -5.4060e-05 -5.8595e-05 -6.3157e-05 -6.7720e-05 -7.2257e-05 -7.6737e-05 -8.1129e-05 -8.5398e-05 -8.9508e-05 -9.3421e-05 -9.7097e-05 -1.0050e-04 -1.0358e-04 -1.0631e-04 -1.0865e-04 -1.1055e-04 -1.1199e-04 -1.1294e-04 -1.1336e-04 -1.1324e-04 -1.1257e-04 -1.1134e-04 -1.0954e-04 -1.0719e-04 -1.0431e-04 -1.0092e-04 -9.7058e-05 -9.2770e-05 -8.8104e-05 -8.3121e-05 -7.7883e-05 -7.2459e-05 -6.6919e-05 -6.1334e-05 -5.5774e-05 -5.0307e-05 -4.4995e-05 -3.9894e-05 -3.5055e-05 -3.0518e-05 -2.6313e-05 -2.2464e-05 -1.8982e-05 -1.5871e-05 -1.3126e-05 -1.0734e-05 -8.6766e-06 -6.9302e-06 -5.4675e-06 -4.2591e-06 -3.2746e-06 -2.4841e-06 -1.8585e-06 -1.3708e-06 -9.9635e-07 -7.1338e-07 -5.0293e-07 -3.4897e-07 -2.3823e-07 -1.5992e-07 -1.0552e-07 -6.8412e-08 -4.3556e-08 -2.7220e-08 -1.6691e-08 -1.0037e-08 -5.9157e-09 -3.4161e-09 -1.9317e-09 -1.0691e-09 -5.7884e-10 -3.0642e-10 -1.5852e-10 -8.0098e-11 -3.9509e-11 -1.9014e-11 -8.9232e-12 -4.0813e-12 -1.8183e-12 -7.8861e-13 -3.3278e-13 -1.3655e-13 -5.4452e-14 -2.1090e-14 7.8700e-07 2.2260e-06 4.0893e-06 6.2956e-06 8.7975e-06 1.1563e-05 1.4567e-05 1.7790e-05 2.1214e-05 2.4825e-05 2.8607e-05 3.2546e-05 3.6626e-05 4.0832e-05 4.5146e-05 0.0000e+00 5.4023e-05 5.8544e-05 6.3089e-05 6.7631e-05 7.2142e-05 7.6590e-05 8.0944e-05 8.5167e-05 8.9222e-05 9.3072e-05 9.6676e-05 9.9994e-05 1.0299e-04 1.0561e-04 1.0783e-04 1.0961e-04 1.1091e-04 1.1171e-04 1.1198e-04 1.1170e-04 1.1086e-04 1.0946e-04 1.0750e-04 1.0498e-04 1.0194e-04 9.8401e-05 9.4402e-05 8.9992e-05 8.5225e-05 8.0163e-05 7.4870e-05 6.9418e-05 6.3878e-05 5.8322e-05 5.2819e-05 4.7437e-05 4.2235e-05 3.7268e-05 3.2582e-05 2.8214e-05 2.4191e-05 2.0531e-05 1.7242e-05 1.4323e-05 1.1766e-05 9.5538e-06 7.6657e-06 6.0757e-06 4.7549e-06 3.6730e-06 2.7995e-06 2.1045e-06 1.5597e-06 1.1392e-06 8.1964e-07 5.8071e-07 4.0496e-07 2.7784e-07 1.8746e-07 1.2434e-07 8.1028e-08 5.1860e-08 3.2583e-08 2.0087e-08 1.2145e-08 7.1980e-09 4.1799e-09 2.3771e-09 1.3232e-09 7.2064e-10 3.8377e-10 1.9974e-10 1.0155e-10 5.0404e-11 2.4413e-11 1.1532e-11 5.3095e-12 2.3815e-12 1.0401e-12 4.4200e-13 1.8268e-13 7.3384e-14 2.8637e-14 1.0849e-14
-8.5805e-07 -2.4269e-06 -4.4585e-06 -6.8640e-06 -9.5919e-06 -1.2607e-05 -1.5882e-05 -1.9397e-05 -2.3131e-05 -2.7069e-05 -3.1195e-05 -3.5492e-05 -3.9945e-05 -4.4536e-05 -4.9248e-05 -5.4060e-05 9.1800e-04 -6.3900e-05 -6.8879e-05 -7.3861e-05 -7.8815e-05 -8.3710e-05 -8.8510e-05 -9.3178e-05 -9.7675e-05 -1.0196e-04 -1.0599e-04 -1.0972e-04 -1.1311e-04 -1.1612e-04 -1.1870e-04 -1.2082e-04 -1.2243e-04 -1.2350e-04 -1.2401e-04 -1.2393e-04 -1.2325e-04 -1.2195e-04 -1.2004e-04 -1.1753e-04 -1.1444e-04 -1.1079e-04 -1.0662e-04 -1.0198e-04 -9.6926e-05 -9.1517e-05 -8.5823e-05 -7.9918e-05 -7.3879e-05 -6.7781e-05 -6.1703e-05 -5.5717e-05 -4.9893e-05 -4.4292e-05 -3.8971e-05 -3.3973e-05 -2.9334e-05 -2.5080e-05 -2.1226e-05 -1.7776e-05 -1.4727e-05 -1.2064e-05 -9.7698e-06 -7.8182e-06 -6.1802e-06 -4.8241e-06 -3.7169e-06 -2.8257e-06 -2.1188e-06 -1.5664e-06 -1.1412e-06 -8.1912e-07 -5.7893e-07 -4.0275e-07 -2.7566e-07 -1.8555e-07 -1.2278e-07 -7.9822e-08 -5.0968e-08 -3.1947e-08 -1.9648e-08 -1.1851e-08 -7.0069e-09 -4.0591e-09 -2.3027e-09 -1.2787e-09 -6.9460e-10 -3.6894e-10 -1.9152e-10 -9.7105e-11 -4.8066e-11 -2.3214e-11 -1.0934e-11 -5.0190e-12 -2.2442e-12 -9.7695e-13 -4.1380e-13 -1.7043e-13 -6.8222e-14 -2.6524e-14 8.5805e-07 2.4269e-06 4.4585e-06 6.8640e-06 9.5918e-06 1.2607e-05 1.5882e-05 1.9396e-05 2.3130e-05 2.7066e-05 3.1190e-05 3.5484e-05 3.9933e-05 4.4518e-05 4.9222e-05 5.4023e-05 0.0000e+00 6.3830e-05 6.8785e-05 7.3738e-05 7.8655e-05 8.3506e-05 8.8252e-05 9.2856e-05 9.7278e-05 1.0148e-04 1.0540e-04 1.0902e-04 1.1228e-04 1.1515e-04 1.1757e-04 1.1951e-04 1.2093e-04 1.2180e-04 1.2209e-04 1.2179e-04 1.2087e-04 1.1934e-04 1.1720e-04 1.1446e-04 1.1114e-04 1.0728e-04 1.0292e-04 9.8117e-05 9.2919e-05 8.7399e-05 8.1629e-05 7.5685e-05 6.9645e-05 6.3587e-05 5.7587e-05 5.1718e-05 4.6047e-05 4.0631e-05 3.5522e-05 3.0760e-05 2.6374e-05 2.2383e-05 1.8797e-05 1.5615e-05 1.2827e-05 1.0415e-05 8.3569e-06 6.6234e-06 5.1835e-06 4.0040e-06 3.0517e-06 2.2940e-06 1.7001e-06 1.2417e-06 8.9339e-07 6.3294e-07 4.4136e-07 3.0280e-07 2.0430e-07 1.3549e-07 8.8294e-08 5.6507e-08 3.5501e-08 2.1884e-08 1.3230e-08 7.8405e-09 4.5526e-09 2.5888e-09 1.4409e-09 7.8462e-10 4.1778e-10 2.1741e-10 1.1051e-10 5.4845e-11 2.6559e-11 1.2543e-11 5.7737e-12 2.5891e-12 1.1304e-12 4.8025e-13 1.9843e-13 7.9684e-14 3.1084e-14 1.1772e-14
