1.2328e-08 -1.4142e-07 -2.5981e-07 -4.0000e-07 -5.5900e-07 -7.3481e-07 -9.2592e-07 -1.1312e-06 -1.3496e-06 -1.5805e-06 -1.8231e-06 -2.0767e-06 -2.3409e-06 -2.6151e-06 -2.8989e-06 -3.1916e-06 -3.4930e-06 -3.8024e-06 -4.1194e-06 -4.4436e-06 -4.7744e-06 -5.1113e-06 -5.4538e-06 -5.8013e-06 -6.1531e-06 -6.5087e-06 -6.8673e-06 -7.2282e-06 -7.5907e-06 -7.9539e-06 -8.3171e-06 -8.6792e-06 -9.0394e-06 -9.3967e-06 -9.7500e-06 -1.0098e-05 -1.0440e-05 -1.0775e-05 -1.1101e-05 -1.1418e-05 -1.1723e-05 -1.2017e-05 -1.2297e-05 -1.2561e-05 -1.2810e-05 -1.3041e-05 -1.3254e-05 -1.3447e-05 -1.3618e-05 -1.3767e-05 -1.3893e-05 -1.3995e-05 -1.4071e-05 -1.4120e-05 -1.4143e-05 -1.4139e-05 -1.4106e-05 -1.4045e-05 -1.3956e-05 -1.3838e-05 -1.3691e-05 -1.3517e-05 -1.3314e-05 -1.3085e-05 -1.2830e-05 -1.2550e-05 -1.2247e-05 -1.1921e-05 -1.1574e-05 -1.1208e-05 -1.0825e-05 -1.0426e-05 -1.0014e-05 -9.5917e-06 -9.1603e-06 -8.7223e-06 -8.2801e-06 -7.8360e-06 -7.3923e-06 -6.9512e-06 -6.5148e-06 -6.0852e-06 -5.6644e-06 -5.2541e-06 -4.8560e-06 -4.4716e-06 -4.1023e-06 -3.7490e-06 -3.4128e-06 -3.0944e-06 -2.7942e-06 -2.5128e-06 -2.2501e-06 -2.0061e-06 -1.7808e-06 -1.5737e-06 -1.3843e-06 -1.2120e-06 -1.0561e-06 -9.1578e-07 0.0000e+00 -1.4142e-07 -2.5981e-07 -4.0000e-07 -5.5900e-07 -7.3481e-07 -9.2592e-07 -1.1312e-06 -1.3496e-06 -1.5805e-06 -1.8231e-06 -2.0767e-06 -2.3409e-06 -2.6151e-06 -2.8989e-06 -3.1916e-06 -3.4930e-06 -3.8024e-06 -4.1194e-06 -4.4436e-06 -4.7744e-06 -5.1113e-06 -5.4538e-06 -5.8013e-06 -6.1531e-06 -6.5087e-06 -6.8673e-06 -7.2282e-06 -7.5907e-06 -7.9539e-06 -8.3171e-06 -8.6792e-06 -9.0394e-06 -9.3967e-06 -9.7500e-06 -1.0098e-05 -1.0440e-05 -1.0775e-05 -1.1101e-05 -1.1418e-05 -1.1723e-05 -1.2017e-05 -1.2297e-05 -1.2561e-05 -1.2810e-05 -1.3041e-05 -1.3254e-05 -1.3447e-05 -1.3618e-05 -1.3767e-05 -1.3893e-05 -1.3995e-05 -1.4071e-05 -1.4120e-05 -1.4143e-05 -1.4139e-05 -1.4106e-05 -1.4045e-05 -1.3956e-05 -1.3838e-05 -1.3691e-05 -1.3517e-05 -1.3314e-05 -1.3085e-05 -1.2830e-05 -1.2550e-05 -1.2247e-05 -1.1921e-05 -1.1574e-05 -1.1208e-05 -1.0825e-05 -1.0426e-05 -1.0014e-05 -9.5917e-06 -9.1603e-06 -8.7223e-06 -8.2801e-06 -7.8360e-06 -7.3923e-06 -6.9512e-06 -6.5148e-06 -6.0852e-06 -5.6644e-06 -5.2541e-06 -4.8560e-06 -4.4716e-06 -4.1023e-06 -3.7490e-06 -3.4128e-06 -3.0944e-06 -2.7942e-06 -2.5128e-06 -2.2501e-06 -2.0061e-06 -1.7808e-06 -1.5737e-06 -1.3843e-06 -1.2120e-06 -1.0561e-06 -9.1578e-07
-1.4142e-07 1.9187e-07 -7.3484e-07 -1.1314e-06 -1.5811e-06 -2.0784e-06 -2.6189e-06 -3.1995e-06 -3.8174e-06 -4.4703e-06 -5.1564e-06 -5.8739e-06 -6.6212e-06 -7.3967e-06 -8.1992e-06 -9.0273e-06 -9.8796e-06 -1.0755e-05 -1.1651e-05 -1.2568e-05 -1.3504e-05 -1.4457e-05 -1.5426e-05 -1.6408e-05 -1.7404e-05 -1.8409e-05 -1.9424e-05 -2.0444e-05 -2.1470e-05 -2.2497e-05 -2.3524e-05 -2.4548e-05 -2.5567e-05 -2.6578e-05 -2.7577e-05 -2.8562e-05 -2.9530e-05 -3.0477e-05 -3.1400e-05 -3.2295e-05 -3.3159e-05 -3.3989e-05 -3.4780e-05 -3.5529e-05 -3.6233e-05 -3.6887e-05 -3.7488e-05 -3.8033e-05 -3.8518e-05 -3.8940e-05 -3.9296e-05 -3.9583e-05 -3.9798e-05 -3.9939e-05 -4.0003e-05 -3.9990e-05 -3.9898e-05 -3.9725e-05 -3.9472e-05 -3.9138e-05 -3.8724e-05 -3.8231e-05 -3.7659e-05 -3.7011e-05 -3.6290e-05 -3.5498e-05 -3.4639e-05 -3.3717e-05 -3.2736e-05 -3.1700e-05 -3.0617e-05 -2.9489e-05 -2.8325e-05 -2.7130e-05 -2.5909e-05 -2.4670e-05 -2.3420e-05 -2.2164e-05 -2.0909e-05 -1.9661e-05 -1.8427e-05 -1.7212e-05 -1.6021e-05 -1.4861e-05 -1.3735e-05 -1.2648e-05 -1.1603e-05 -1.0604e-05 -9.6529e-06 -8.7522e-06 -7.9033e-06 -7.1072e-06 -6.3642e-06 -5.6742e-06 -5.0369e-06 -4.4510e-06 -3.9153e-06 -3.4280e-06 -2.9871e-06 -2.5902e-06 -1.4142e-07 0.0000e+00 -7.3484e-07 -1.1314e-06 -1.5811e-06 -2.0784e-06 -2.6189e-06 -3.1995e-06 -3.8174e-06 -4.4703e-06 -5.1564e-06 -5.8739e-06 -6.6212e-06 -7.3967e-06 -8.1992e-06 -9.0273e-06 -9.8796e-06 -1.0755e-05 -1.1651e-05 -1.2568e-05 -1.3504e-05 -1.4457e-05 -1.5426e-05 -1.6408e-05 -1.7404e-05 -1.8409e-05 -1.9424e-05 -2.0444e-05 -2.1470e-05 -2.2497e-05 -2.3524e-05 -2.4548e-05 -2.5567e-05 -2.6578e-05 -2.7577e-05 -2.8562e-05 -2.9530e-05 -3.0477e-05 -3.1400e-05 -3.2295e-05 -3.3159e-05 -3.3989e-05 -3.4780e-05 -3.5529e-05 -3.6233e-05 -3.6887e-05 -3.7488e-05 -3.8033e-05 -3.8518e-05 -3.8940e-05 -3.9296e-05 -3.9583e-05 -3.9798e-05 -3.9939e-05 -4.0003e-05 -3.9990e-05 -3.9898e-05 -3.9725e-05 -3.9472e-05 -3.9138e-05 -3.8724e-05 -3.8231e-05 -3.7659e-05 -3.7011e-05 -3.6290e-05 -3.5498e-05 -3.4639e-05 -3.3717e-05 -3.2736e-05 -3.1700e-05 -3.0617e-05 -2.9489e-05 -2.8325e-05 -2.7130e-05 -2.5909e-05 -2.4670e-05 -2.3420e-05 -2.2164e-05 -2.0909e-05 -1.9661e-05 -1.8427e-05 -1.7212e-05 -1.6021e-05 -1.4861e-05 -1.3735e-05 -1.2648e-05 -1.1603e-05 -1.0604e-05 -9.6529e-06 -8.7522e-06 -7.9033e-06 -7.1071e-06 -6.3641e-06 -5.6742e-06 -5.0368e-06 -4.4510e-06 -3.9153e-06 -3.4280e-06 -2.9870e-06 -2.5902e-06
-2.5981e-07 -7.3484e-07 9.7114e-07 -2.0784e-06 -2.9047e-06 -3.8182e-06 -4.8112e-06 -5.8778e-06 -7.0129e-06 -8.2125e-06 -9.4729e-06 -1.0791e-05 -1.2164e-05 -1.3589e-05 -1.5063e-05 -1.6584e-05 -1.8150e-05 -1.9758e-05 -2.1405e-05 -2.3090e-05 -2.4809e-05 -2.6559e-05 -2.8339e-05 -3.0144e-05 -3.1972e-05 -3.3820e-05 -3.5683e-05 -3.7559e-05 -3.9442e-05 -4.1330e-05 -4.3217e-05 -4.5098e-05 -4.6970e-05 -4.8826e-05 -5.0662e-05 -5.2472e-05 -5.4249e-05 -5.5989e-05 -5.7684e-05 -5.9329e-05 -6.0917e-05 -6.2441e-05 -6.3894e-05 -6.5271e-05 -6.6563e-05 -6.7765e-05 -6.8870e-05 -6.9871e-05 -7.0762e-05 -7.1537e-05 -7.2191e-05 -7.2718e-05 -7.3113e-05 -7.3372e-05 -7.3491e-05 -7.3467e-05 -7.3297e-05 -7.2980e-05 -7.2515e-05 -7.1902e-05 -7.1141e-05 -7.0234e-05 -6.9184e-05 -6.7994e-05 -6.6669e-05 -6.5214e-05 -6.3636e-05 -6.1942e-05 -6.0139e-05 -5.8238e-05 -5.6246e-05 -5.4176e-05 -5.2037e-05 -4.9840e-05 -4.7598e-05 -4.5322e-05 -4.3025e-05 -4.0717e-05 -3.8412e-05 -3.6119e-05 -3.3852e-05 -3.1620e-05 -2.9433e-05 -2.7301e-05 -2.5233e-05 -2.3236e-05 -2.1316e-05 -1.9481e-05 -1.7734e-05 -1.6079e-05 -1.4519e-05 -1.3057e-05 -1.1692e-05 -1.0424e-05 -9.2534e-06 -8.1771e-06 -7.1929e-06 -6.2977e-06 -5.4876e-06 -4.7586e-06 -2.5981e-07 -7.3484e-07 0.0000e+00 -2.0784e-06 -2.9047e-06 -3.8182e-06 -4.8112e-06 -5.8778e-06 -7.0129e-06 -8.2125e-06 -9.4729e-06 -1.0791e-05 -1.2164e-05 -1.3589e-05 -1.5063e-05 -1.6584e-05 -1.8150e-05 -1.9758e-05 -2.1405e-05 -2.3090e-05 -2.4809e-05 -2.6559e-05 -2.8339e-05 -3.0144e-05 -3.1972e-05 -3.3820e-05 -3.5683e-05 -3.7559e-05 -3.9442e-05 -4.1330e-05 -4.3217e-05 -4.5098e-05 -4.6970e-05 -4.8826e-05 -5.0662e-05 -5.2472e-05 -5.4249e-05 -5.5989e-05 -5.7684e-05 -5.9329e-05 -6.0917e-05 -6.2441e-05 -6.3894e-05 -6.5271e-05 -6.6563e-05 -6.7765e-05 -6.8870e-05 -6.9871e-05 -7.0762e-05 -7.1537e-05 -7.2191e-05 -7.2718e-05 -7.3113e-05 -7.3372e-05 -7.3491e-05 -7.3467e-05 -7.3297e-05 -7.2980e-05 -7.2515e-05 -7.1902e-05 -7.1141e-05 -7.0234e-05 -6.9184e-05 -6.7994e-05 -6.6669e-05 -6.5214e-05 -6.3636e-05 -6.1942e-05 -6.0139e-05 -5.8237e-05 -5.6246e-05 -5.4176e-05 -5.2036e-05 -4.9840e-05 -4.7598e-05 -4.5322e-05 -4.3025e-05 -4.0717e-05 -3.8411e-05 -3.6119e-05 -3.3852e-05 -3.1620e-05 -2.9433e-05 -2.7301e-05 -2.5233e-05 -2.3235e-05 -2.1316e-05 -1.9480e-05 -1.7733e-05 -1.6079e-05 -1.4519e-05 -1.3057e-05 -1.1692e-05 -1.0424e-05 -9.2533e-06 -8.1770e-06 -7.1928e-06 -6.2976e-06 -5.4876e-06 -4.7586e-06
-4.0000e-07 -1.1314e-06 -2.0784e-06 3.0693e-06 -4.4720e-06 -5.8784e-06 -7.4073e-06 -9.0494e-06 -1.0797e-05 -1.2644e-05 -1.4584e-05 -1.6614e-05 -1.8727e-05 -2.0921e-05 -2.3191e-05 -2.5533e-05 -2.7943e-05 -3.0419e-05 -3.2955e-05 -3.5548e-05 -3.8195e-05 -4.0890e-05 -4.3630e-05 -4.6410e-05 -4.9224e-05 -5.2069e-05 -5.4938e-05 -5.7825e-05 -6.0725e-05 -6.3631e-05 -6.6536e-05 -6.9433e-05 -7.2314e-05 -7.5173e-05 -7.7999e-05 -8.0785e-05 -8.3522e-05 -8.6200e-05 -8.8811e-05 -9.1343e-05 -9.3787e-05 -9.6133e-05 -9.8371e-05 -1.0049e-04 -1.0248e-04 -1.0433e-04 -1.0603e-04 -1.0757e-04 -1.0894e-04 -1.1014e-04 -1.1114e-04 -1.1196e-04 -1.1256e-04 -1.1296e-04 -1.1315e-04 -1.1311e-04 -1.1285e-04 -1.1236e-04 -1.1164e-04 -1.1070e-04 -1.0953e-04 -1.0813e-04 -1.0652e-04 -1.0468e-04 -1.0264e-04 -1.0040e-04 -9.7974e-05 -9.5366e-05 -9.2591e-05 -8.9663e-05 -8.6597e-05 -8.3409e-05 -8.0116e-05 -7.6735e-05 -7.3283e-05 -6.9779e-05 -6.6241e-05 -6.2689e-05 -5.9139e-05 -5.5610e-05 -5.2119e-05 -4.8682e-05 -4.5316e-05 -4.2034e-05 -3.8849e-05 -3.5774e-05 -3.2819e-05 -2.9993e-05 -2.7303e-05 -2.4756e-05 -2.2355e-05 -2.0103e-05 -1.8001e-05 -1.6050e-05 -1.4247e-05 -1.2590e-05 -1.1075e-05 -9.6962e-06 -8.4490e-06 -7.3266e-06 -4.0000e-07 -1.1314e-06 -2.0784e-06 0.0000e+00 -4.4720e-06 -5.8784e-06 -7.4073e-06 -9.0494e-06 -1.0797e-05 -1.2644e-05 -1.4584e-05 -1.6614e-05 -1.8727e-05 -2.0921e-05 -2.3191e-05 -2.5533e-05 -2.7943e-05 -3.0419e-05 -3.2955e-05 -3.5548e-05 -3.8195e-05 -4.0890e-05 -4.3630e-05 -4.6410e-05 -4.9224e-05 -5.2069e-05 -5.4938e-05 -5.7825e-05 -6.0725e-05 -6.3631e-05 -6.6536e-05 -6.9433e-05 -7.2314e-05 -7.5173e-05 -7.7999e-05 -8.0785e-05 -8.3522e-05 -8.6200e-05 -8.8810e-05 -9.1343e-05 -9.3787e-05 -9.6133e-05 -9.8371e-05 -1.0049e-04 -1.0248e-04 -1.0433e-04 -1.0603e-04 -1.0757e-04 -1.0894e-04 -1.1014e-04 -1.1114e-04 -1.1196e-04 -1.1256e-04 -1.1296e-04 -1.1315e-04 -1.1311e-04 -1.1285e-04 -1.1236e-04 -1.1164e-04 -1.1070e-04 -1.0953e-04 -1.0813e-04 -1.0652e-04 -1.0468e-04 -1.0264e-04 -1.0040e-04 -9.7974e-05 -9.5365e-05 -9.2590e-05 -8.9662e-05 -8.6596e-05 -8.3408e-05 -8.0115e-05 -7.6734e-05 -7.3282e-05 -6.9778e-05 -6.6241e-05 -6.2688e-05 -5.9138e-05 -5.5609e-05 -5.2118e-05 -4.8682e-05 -4.5315e-05 -4.2033e-05 -3.8848e-05 -3.5773e-05 -3.2818e-05 -2.9992e-05 -2.7302e-05 -2.4755e-05 -2.2354e-05 -2.0102e-05 -1.8001e-05 -1.6049e-05 -1.4246e-05 -1.2589e-05 -1.1074e-05 -9.6958e-06 -8.4487e-06 -7.3263e-06
-5.5900e-07 -1.5811e-06 -2.9047e-06 -4.4720e-06 7.4934e-06 -8.2152e-06 -1.0352e-05 -1.2647e-05 -1.5089e-05 -1.7670e-05 -2.0382e-05 -2.3218e-05 -2.6172e-05 -2.9237e-05 -3.2409e-05 -3.5683e-05 -3.9051e-05 -4.2511e-05 -4.6055e-05 -4.9680e-05 -5.3378e-05 -5.7145e-05 -6.0974e-05 -6.4859e-05 -6.8792e-05 -7.2767e-05 -7.6776e-05 -8.0812e-05 -8.4864e-05 -8.8925e-05 -9.2985e-05 -9.7034e-05 -1.0106e-04 -1.0506e-04 -1.0901e-04 -1.1290e-04 -1.1672e-04 -1.2047e-04 -1.2411e-04 -1.2765e-04 -1.3107e-04 -1.3435e-04 -1.3748e-04 -1.4044e-04 -1.4322e-04 -1.4581e-04 -1.4818e-04 -1.5034e-04 -1.5225e-04 -1.5392e-04 -1.5533e-04 -1.5646e-04 -1.5731e-04 -1.5787e-04 -1.5813e-04 -1.5807e-04 -1.5771e-04 -1.5703e-04 -1.5603e-04 -1.5471e-04 -1.5307e-04 -1.5112e-04 -1.4886e-04 -1.4630e-04 -1.4345e-04 -1.4032e-04 -1.3692e-04 -1.3328e-04 -1.2940e-04 -1.2531e-04 -1.2102e-04 -1.1657e-04 -1.1197e-04 -1.0724e-04 -1.0242e-04 -9.7520e-05 -9.2577e-05 -8.7612e-05 -8.2651e-05 -7.7719e-05 -7.2840e-05 -6.8038e-05 -6.3333e-05 -5.8745e-05 -5.4295e-05 -4.9997e-05 -4.5868e-05 -4.1918e-05 -3.8159e-05 -3.4599e-05 -3.1243e-05 -2.8096e-05 -2.5159e-05 -2.2431e-05 -1.9912e-05 -1.7596e-05 -1.5478e-05 -1.3552e-05 -1.1809e-05 -1.0240e-05 -5.5900e-07 -1.5811e-06 -2.9047e-06 -4.4720e-06 0.0000e+00 -8.2152e-06 -1.0352e-05 -1.2647e-05 -1.5089e-05 -1.7670e-05 -2.0382e-05 -2.3218e-05 -2.6172e-05 -2.9237e-05 -3.2409e-05 -3.5683e-05 -3.9051e-05 -4.2511e-05 -4.6055e-05 -4.9680e-05 -5.3378e-05 -5.7145e-05 -6.0974e-05 -6.4859e-05 -6.8792e-05 -7.2767e-05 -7.6776e-05 -8.0812e-05 -8.4864e-05 -8.8925e-05 -9.2985e-05 -9.7034e-05 -1.0106e-04 -1.0506e-04 -1.0901e-04 -1.1290e-04 -1.1672e-04 -1.2047e-04 -1.2411e-04 -1.2765e-04 -1.3107e-04 -1.3435e-04 -1.3748e-04 -1.4044e-04 -1.4322e-04 -1.4580e-04 -1.4818e-04 -1.5034e-04 -1.5225e-04 -1.5392e-04 -1.5533e-04 -1.5646e-04 -1.5731e-04 -1.5787e-04 -1.5812e-04 -1.5807e-04 -1.5771e-04 -1.5703e-04 -1.5603e-04 -1.5471e-04 -1.5307e-04 -1.5112e-04 -1.4886e-04 -1.4630e-04 -1.4345e-04 -1.4032e-04 -1.3692e-04 -1.3328e-04 -1.2940e-04 -1.2531e-04 -1.2102e-04 -1.1657e-04 -1.1196e-04 -1.0724e-04 -1.0241e-04 -9.7517e-05 -9.2574e-05 -8.7609e-05 -8.2648e-05 -7.7716e-05 -7.2837e-05 -6.8034e-05 -6.3330e-05 -5.8743e-05 -5.4292e-05 -4.9995e-05 -4.5865e-05 -4.1915e-05 -3.8156e-05 -3.4596e-05 -3.1241e-05 -2.8094e-05 -2.5157e-05 -2.2430e-05 -1.9910e-05 -1.7594e-05 -1.5477e-05 -1.3551e-05 -1.1808e-05 -1.0239e-05
-7.3481e-07 -2.0784e-06 -3.8182e-06 -5.8784e-06 -8.2152e-06 1.5538e-05 -1.3608e-05 -1.6624e-05 -1.9835e-05 -2.3227e-05 -2.6792e-05 -3.0520e-05 -3.4403e-05 -3.8433e-05 -4.2602e-05 -4.6905e-05 -5.1333e-05 -5.5880e-05 -6.0540e-05 -6.5304e-05 -7.0166e-05 -7.5117e-05 -8.0150e-05 -8.5257e-05 -9.0427e-05 -9.5653e-05 -1.0092e-04 -1.0623e-04 -1.1155e-04 -1.1689e-04 -1.2223e-04 -1.2755e-04 -1.3285e-04 -1.3810e-04 -1.4329e-04 -1.4841e-04 -1.5343e-04 -1.5835e-04 -1.6315e-04 -1.6780e-04 -1.7229e-04 -1.7660e-04 -1.8071e-04 -1.8461e-04 -1.8826e-04 -1.9166e-04 -1.9479e-04 -1.9762e-04 -2.0014e-04 -2.0233e-04 -2.0418e-04 -2.0567e-04 -2.0679e-04 -2.0752e-04 -2.0786e-04 -2.0779e-04 -2.0731e-04 -2.0642e-04 -2.0510e-04 -2.0337e-04 -2.0122e-04 -1.9865e-04 -1.9568e-04 -1.9232e-04 -1.8857e-04 -1.8446e-04 -1.7999e-04 -1.7520e-04 -1.7010e-04 -1.6472e-04 -1.5909e-04 -1.5324e-04 -1.4719e-04 -1.4098e-04 -1.3463e-04 -1.2820e-04 -1.2170e-04 -1.1517e-04 -1.0865e-04 -1.0217e-04 -9.5755e-05 -8.9442e-05 -8.3257e-05 -7.7227e-05 -7.1377e-05 -6.5727e-05 -6.0298e-05 -5.5106e-05 -5.0165e-05 -4.5485e-05 -4.1073e-05 -3.6936e-05 -3.3075e-05 -2.9490e-05 -2.6177e-05 -2.3133e-05 -2.0349e-05 -1.7816e-05 -1.5525e-05 -1.3463e-05 -7.3481e-07 -2.0784e-06 -3.8182e-06 -5.8784e-06 -8.2152e-06 0.0000e+00 -1.3608e-05 -1.6624e-05 -1.9835e-05 -2.3227e-05 -2.6792e-05 -3.0520e-05 -3.4403e-05 -3.8433e-05 -4.2602e-05 -4.6905e-05 -5.1333e-05 -5.5880e-05 -6.0540e-05 -6.5304e-05 -7.0166e-05 -7.5117e-05 -8.0150e-05 -8.5257e-05 -9.0427e-05 -9.5652e-05 -1.0092e-04 -1.0623e-04 -1.1155e-04 -1.1689e-04 -1.2223e-04 -1.2755e-04 -1.3284e-04 -1.3810e-04 -1.4329e-04 -1.4841e-04 -1.5343e-04 -1.5835e-04 -1.6315e-04 -1.6780e-04 -1.7229e-04 -1.7660e-04 -1.8071e-04 -1.8461e-04 -1.8826e-04 -1.9166e-04 -1.9478e-04 -1.9762e-04 -2.0014e-04 -2.0233e-04 -2.0418e-04 -2.0567e-04 -2.0679e-04 -2.0752e-04 -2.0785e-04 -2.0779e-04 -2.0731e-04 -2.0641e-04 -2.0510e-04 -2.0336e-04 -2.0121e-04 -1.9864e-04 -1.9567e-04 -1.9231e-04 -1.8856e-04 -1.8445e-04 -1.7998e-04 -1.7519e-04 -1.7009e-04 -1.6472e-04 -1.5908e-04 -1.5323e-04 -1.4718e-04 -1.4097e-04 -1.3463e-04 -1.2819e-04 -1.2169e-04 -1.1516e-04 -1.0864e-04 -1.0216e-04 -9.5747e-05 -8.9433e-05 -8.3249e-05 -7.7219e-05 -7.1369e-05 -6.5720e-05 -6.0291e-05 -5.5100e-05 -5.0158e-05 -4.5478e-05 -4.1067e-05 -3.6931e-05 -3.3070e-05 -2.9485e-05 -2.6173e-05 -2.3129e-05 -2.0345e-05 -1.7813e-05 -1.5522e-05 -1.3460e-05
-9.2592e-07 -2.6189e-06 -4.8112e-06 -7.4073e-06 -1.0352e-05 -1.3608e-05 2.8787e-05 -2.0948e-05 -2.4993e-05 -2.9269e-05 -3.3761e-05 -3.8458e-05 -4.3351e-05 -4.8428e-05 -5.3683e-05 -5.9104e-05 -6.4684e-05 -7.0414e-05 -7.6286e-05 -8.2289e-05 -8.8415e-05 -9.4654e-05 -1.0100e-04 -1.0743e-04 -1.1395e-04 -1.2053e-04 -1.2717e-04 -1.3386e-04 -1.4057e-04 -1.4730e-04 -1.5402e-04 -1.6073e-04 -1.6740e-04 -1.7401e-04 -1.8056e-04 -1.8701e-04 -1.9334e-04 -1.9954e-04 -2.0558e-04 -2.1145e-04 -2.1710e-04 -2.2254e-04 -2.2772e-04 -2.3262e-04 -2.3723e-04 -2.4151e-04 -2.4545e-04 -2.4902e-04 -2.5220e-04 -2.5496e-04 -2.5729e-04 -2.5917e-04 -2.6058e-04 -2.6150e-04 -2.6193e-04 -2.6184e-04 -2.6124e-04 -2.6011e-04 -2.5845e-04 -2.5627e-04 -2.5356e-04 -2.5033e-04 -2.4659e-04 -2.4235e-04 -2.3763e-04 -2.3244e-04 -2.2682e-04 -2.2078e-04 -2.1436e-04 -2.0758e-04 -2.0048e-04 -1.9311e-04 -1.8548e-04 -1.7766e-04 -1.6967e-04 -1.6155e-04 -1.5337e-04 -1.4514e-04 -1.3692e-04 -1.2876e-04 -1.2067e-04 -1.1272e-04 -1.0492e-04 -9.7326e-05 -8.9953e-05 -8.2834e-05 -7.5993e-05 -6.9450e-05 -6.3223e-05 -5.7325e-05 -5.1765e-05 -4.6552e-05 -4.1686e-05 -3.7167e-05 -3.2993e-05 -2.9156e-05 -2.5647e-05 -2.2456e-05 -1.9568e-05 -1.6969e-05 -9.2592e-07 -2.6189e-06 -4.8112e-06 -7.4073e-06 -1.0352e-05 -1.3608e-05 0.0000e+00 -2.0948e-05 -2.4993e-05 -2.9269e-05 -3.3761e-05 -3.8458e-05 -4.3351e-05 -4.8428e-05 -5.3683e-05 -5.9104e-05 -6.4684e-05 -7.0414e-05 -7.6285e-05 -8.2289e-05 -8.8415e-05 -9.4654e-05 -1.0100e-04 -1.0743e-04 -1.1395e-04 -1.2053e-04 -1.2717e-04 -1.3386e-04 -1.4057e-04 -1.4729e-04 -1.5402e-04 -1.6073e-04 -1.6740e-04 -1.7401e-04 -1.8056e-04 -1.8700e-04 -1.9334e-04 -1.9954e-04 -2.0558e-04 -2.1144e-04 -2.1710e-04 -2.2253e-04 -2.2771e-04 -2.3262e-04 -2.3723e-04 -2.4151e-04 -2.4545e-04 -2.4901e-04 -2.5219e-04 -2.5495e-04 -2.5728e-04 -2.5916e-04 -2.6057e-04 -2.6149e-04 -2.6192e-04 -2.6183e-04 -2.6123e-04 -2.6010e-04 -2.5844e-04 -2.5626e-04 -2.5354e-04 -2.5031e-04 -2.4657e-04 -2.4233e-04 -2.3761e-04 -2.3242e-04 -2.2680e-04 -2.2076e-04 -2.1434e-04 -2.0756e-04 -2.0046e-04 -1.9309e-04 -1.8546e-04 -1.7763e-04 -1.6964e-04 -1.6153e-04 -1.5335e-04 -1.4512e-04 -1.3690e-04 -1.2873e-04 -1.2065e-04 -1.1270e-04 -1.0491e-04 -9.7307e-05 -8.9935e-05 -8.2817e-05 -7.5976e-05 -6.9434e-05 -6.3207e-05 -5.7310e-05 -5.1752e-05 -4.6539e-05 -4.1674e-05 -3.7156e-05 -3.2983e-05 -2.9147e-05 -2.5639e-05 -2.2448e-05 -1.9561e-05 -1.6962e-05
-1.1312e-06 -3.1995e-06 -5.8778e-06 -9.0494e-06 -1.2647e-05 -1.6624e-05 -2.0948e-05 4.9109e-05 -3.0534e-05 -3.5757e-05 -4.1245e-05 -4.6984e-05 -5.2961e-05 -5.9164e-05 -6.5583e-05 -7.2206e-05 -7.9024e-05 -8.6024e-05 -9.3197e-05 -1.0053e-04 -1.0802e-04 -1.1564e-04 -1.2339e-04 -1.3125e-04 -1.3921e-04 -1.4725e-04 -1.5536e-04 -1.6353e-04 -1.7173e-04 -1.7995e-04 -1.8816e-04 -1.9636e-04 -2.0451e-04 -2.1259e-04 -2.2058e-04 -2.2846e-04 -2.3620e-04 -2.4378e-04 -2.5116e-04 -2.5832e-04 -2.6524e-04 -2.7187e-04 -2.7820e-04 -2.8420e-04 -2.8982e-04 -2.9506e-04 -2.9987e-04 -3.0423e-04 -3.0811e-04 -3.1149e-04 -3.1434e-04 -3.1663e-04 -3.1835e-04 -3.1948e-04 -3.2000e-04 -3.1990e-04 -3.1916e-04 -3.1779e-04 -3.1576e-04 -3.1310e-04 -3.0979e-04 -3.0584e-04 -3.0127e-04 -2.9609e-04 -2.9032e-04 -2.8399e-04 -2.7712e-04 -2.6975e-04 -2.6190e-04 -2.5362e-04 -2.4495e-04 -2.3594e-04 -2.2663e-04 -2.1706e-04 -2.0730e-04 -1.9740e-04 -1.8739e-04 -1.7734e-04 -1.6730e-04 -1.5732e-04 -1.4745e-04 -1.3773e-04 -1.2821e-04 -1.1893e-04 -1.0992e-04 -1.0122e-04 -9.2861e-05 -8.4866e-05 -7.7258e-05 -7.0051e-05 -6.3259e-05 -5.6888e-05 -5.0942e-05 -4.5421e-05 -4.0320e-05 -3.5632e-05 -3.1344e-05 -2.7444e-05 -2.3915e-05 -2.0739e-05 -1.1312e-06 -3.1995e-06 -5.8778e-06 -9.0494e-06 -1.2647e-05 -1.6624e-05 -2.0948e-05 0.0000e+00 -3.0534e-05 -3.5757e-05 -4.1245e-05 -4.6984e-05 -5.2961e-05 -5.9164e-05 -6.5583e-05 -7.2206e-05 -7.9024e-05 -8.6024e-05 -9.3197e-05 -1.0053e-04 -1.0802e-04 -1.1564e-04 -1.2339e-04 -1.3125e-04 -1.3921e-04 -1.4725e-04 -1.5536e-04 -1.6353e-04 -1.7173e-04 -1.7995e-04 -1.8816e-04 -1.9636e-04 -2.0451e-04 -2.1259e-04 -2.2058e-04 -2.2846e-04 -2.3620e-04 -2.4378e-04 -2.5116e-04 -2.5832e-04 -2.6523e-04 -2.7187e-04 -2.7820e-04 -2.8419e-04 -2.8982e-04 -2.9505e-04 -2.9986e-04 -3.0422e-04 -3.0810e-04 -3.1148e-04 -3.1432e-04 -3.1662e-04 -3.1834e-04 -3.1947e-04 -3.1998e-04 -3.1988e-04 -3.1914e-04 -3.1776e-04 -3.1574e-04 -3.1307e-04 -3.0976e-04 -3.0581e-04 -3.0124e-04 -2.9606e-04 -2.9029e-04 -2.8396e-04 -2.7709e-04 -2.6971e-04 -2.6186e-04 -2.5358e-04 -2.4491e-04 -2.3590e-04 -2.2658e-04 -2.1702e-04 -2.0726e-04 -1.9735e-04 -1.8735e-04 -1.7730e-04 -1.6726e-04 -1.5728e-04 -1.4741e-04 -1.3769e-04 -1.2817e-04 -1.1889e-04 -1.0988e-04 -1.0118e-04 -9.2826e-05 -8.4833e-05 -7.7226e-05 -7.0021e-05 -6.3230e-05 -5.6861e-05 -5.0917e-05 -4.5398e-05 -4.0299e-05 -3.5612e-05 -3.1326e-05 -2.7428e-05 -2.3900e-05 -2.0725e-05
-1.3496e-06 -3.8174e-06 -7.0129e-06 -1.0797e-05 -1.5089e-05 -1.9835e-05 -2.4993e-05 -3.0534e-05 7.8662e-05 -4.2662e-05 -4.9210e-05 -5.6057e-05 -6.3189e-05 -7.0590e-05 -7.8249e-05 -8.6151e-05 -9.4285e-05 -1.0264e-04 -1.1120e-04 -1.1995e-04 -1.2888e-04 -1.3797e-04 -1.4722e-04 -1.5659e-04 -1.6609e-04 -1.7569e-04 -1.8537e-04 -1.9511e-04 -2.0490e-04 -2.1470e-04 -2.2450e-04 -2.3428e-04 -2.4400e-04 -2.5365e-04 -2.6319e-04 -2.7259e-04 -2.8182e-04 -2.9086e-04 -2.9967e-04 -3.0822e-04 -3.1647e-04 -3.2438e-04 -3.3194e-04 -3.3909e-04 -3.4581e-04 -3.5205e-04 -3.5779e-04 -3.6300e-04 -3.6763e-04 -3.7166e-04 -3.7506e-04 -3.7780e-04 -3.7985e-04 -3.8120e-04 -3.8182e-04 -3.8170e-04 -3.8083e-04 -3.7919e-04 -3.7677e-04 -3.7359e-04 -3.6964e-04 -3.6494e-04 -3.5949e-04 -3.5331e-04 -3.4643e-04 -3.3888e-04 -3.3068e-04 -3.2188e-04 -3.1252e-04 -3.0265e-04 -2.9230e-04 -2.8155e-04 -2.7044e-04 -2.5903e-04 -2.4739e-04 -2.3556e-04 -2.2363e-04 -2.1164e-04 -1.9966e-04 -1.8775e-04 -1.7597e-04 -1.6437e-04 -1.5301e-04 -1.4193e-04 -1.3119e-04 -1.2081e-04 -1.1083e-04 -1.0129e-04 -9.2212e-05 -8.3612e-05 -7.5506e-05 -6.7903e-05 -6.0807e-05 -5.4218e-05 -4.8130e-05 -4.2534e-05 -3.7417e-05 -3.2762e-05 -2.8550e-05 -2.4759e-05 -1.3496e-06 -3.8174e-06 -7.0129e-06 -1.0797e-05 -1.5089e-05 -1.9835e-05 -2.4993e-05 -3.0534e-05 0.0000e+00 -4.2662e-05 -4.9210e-05 -5.6057e-05 -6.3189e-05 -7.0590e-05 -7.8249e-05 -8.6151e-05 -9.4285e-05 -1.0264e-04 -1.1120e-04 -1.1995e-04 -1.2888e-04 -1.3797e-04 -1.4721e-04 -1.5659e-04 -1.6609e-04 -1.7569e-04 -1.8537e-04 -1.9511e-04 -2.0490e-04 -2.1470e-04 -2.2450e-04 -2.3428e-04 -2.4400e-04 -2.5365e-04 -2.6318e-04 -2.7258e-04 -2.8182e-04 -2.9086e-04 -2.9966e-04 -3.0821e-04 -3.1646e-04 -3.2437e-04 -3.3192e-04 -3.3908e-04 -3.4579e-04 -3.5203e-04 -3.5777e-04 -3.6298e-04 -3.6761e-04 -3.7163e-04 -3.7503e-04 -3.7777e-04 -3.7982e-04 -3.8117e-04 -3.8179e-04 -3.8166e-04 -3.8078e-04 -3.7914e-04 -3.7673e-04 -3.7354e-04 -3.6959e-04 -3.6488e-04 -3.5943e-04 -3.5325e-04 -3.4636e-04 -3.3881e-04 -3.3061e-04 -3.2181e-04 -3.1245e-04 -3.0257e-04 -2.9223e-04 -2.8147e-04 -2.7036e-04 -2.5895e-04 -2.4730e-04 -2.3548e-04 -2.2355e-04 -2.1156e-04 -1.9958e-04 -1.8767e-04 -1.7589e-04 -1.6430e-04 -1.5294e-04 -1.4186e-04 -1.3111e-04 -1.2074e-04 -1.1077e-04 -1.0123e-04 -9.2152e-05 -8.3555e-05 -7.5452e-05 -6.7852e-05 -6.0760e-05 -5.4174e-05 -4.8089e-05 -4.2497e-05 -3.7382e-05 -3.2730e-05 -2.8521e-05 -2.4733e-05
-1.5805e-06 -4.4703e-06 -8.2125e-06 -1.2644e-05 -1.7670e-05 -2.3227e-05 -2.9269e-05 -3.5757e-05 -4.2662e-05 1.1989e-04 -5.7628e-05 -6.5646e-05 -7.3997e-05 -8.2665e-05 -9.1633e-05 -1.0089e-04 -1.1041e-04 -1.2019e-04 -1.3022e-04 -1.4046e-04 -1.5092e-04 -1.6157e-04 -1.7240e-04 -1.8338e-04 -1.9450e-04 -2.0574e-04 -2.1708e-04 -2.2849e-04 -2.3995e-04 -2.5143e-04 -2.6291e-04 -2.7436e-04 -2.8574e-04 -2.9704e-04 -3.0821e-04 -3.1922e-04 -3.3004e-04 -3.4062e-04 -3.5094e-04 -3.6095e-04 -3.7061e-04 -3.7988e-04 -3.8873e-04 -3.9710e-04 -4.0497e-04 -4.1229e-04 -4.1901e-04 -4.2511e-04 -4.3053e-04 -4.3525e-04 -4.3924e-04 -4.4245e-04 -4.4486e-04 -4.4644e-04 -4.4717e-04 -4.4703e-04 -4.4601e-04 -4.4409e-04 -4.4127e-04 -4.3754e-04 -4.3292e-04 -4.2741e-04 -4.2103e-04 -4.1380e-04 -4.0575e-04 -3.9690e-04 -3.8731e-04 -3.7701e-04 -3.6605e-04 -3.5448e-04 -3.4238e-04 -3.2978e-04 -3.1677e-04 -3.0341e-04 -2.8978e-04 -2.7593e-04 -2.6196e-04 -2.4792e-04 -2.3389e-04 -2.1994e-04 -2.0615e-04 -1.9256e-04 -1.7926e-04 -1.6628e-04 -1.5369e-04 -1.4153e-04 -1.2985e-04 -1.1868e-04 -1.0804e-04 -9.7967e-05 -8.8472e-05 -7.9565e-05 -7.1253e-05 -6.3533e-05 -5.6401e-05 -4.9845e-05 -4.3850e-05 -3.8395e-05 -3.3460e-05 -2.9017e-05 -1.5805e-06 -4.4703e-06 -8.2125e-06 -1.2644e-05 -1.7670e-05 -2.3227e-05 -2.9269e-05 -3.5757e-05 -4.2662e-05 0.0000e+00 -5.7628e-05 -6.5646e-05 -7.3997e-05 -8.2665e-05 -9.1633e-05 -1.0089e-04 -1.1041e-04 -1.2019e-04 -1.3022e-04 -1.4046e-04 -1.5092e-04 -1.6157e-04 -1.7240e-04 -1.8338e-04 -1.9450e-04 -2.0574e-04 -2.1708e-04 -2.2849e-04 -2.3994e-04 -2.5143e-04 -2.6290e-04 -2.7435e-04 -2.8574e-04 -2.9703e-04 -3.0820e-04 -3.1921e-04 -3.3003e-04 -3.4061e-04 -3.5092e-04 -3.6093e-04 -3.7059e-04 -3.7986e-04 -3.8871e-04 -3.9708e-04 -4.0494e-04 -4.1226e-04 -4.1898e-04 -4.2507e-04 -4.3049e-04 -4.3521e-04 -4.3919e-04 -4.4240e-04 -4.4480e-04 -4.4638e-04 -4.4710e-04 -4.4696e-04 -4.4593e-04 -4.4401e-04 -4.4118e-04 -4.3745e-04 -4.3282e-04 -4.2731e-04 -4.2093e-04 -4.1369e-04 -4.0563e-04 -3.9678e-04 -3.8718e-04 -3.7688e-04 -3.6592e-04 -3.5435e-04 -3.4224e-04 -3.2964e-04 -3.1663e-04 -3.0327e-04 -2.8963e-04 -2.7579e-04 -2.6181e-04 -2.4777e-04 -2.3374e-04 -2.1980e-04 -2.0600e-04 -1.9242e-04 -1.7912e-04 -1.6615e-04 -1.5356e-04 -1.4141e-04 -1.2973e-04 -1.1856e-04 -1.0793e-04 -9.7865e-05 -8.8375e-05 -7.9474e-05 -7.1167e-05 -6.3454e-05 -5.6328e-05 -4.9777e-05 -4.3788e-05 -3.8339e-05 -3.3408e-05 -2.8971e-05
-1.8231e-06 -5.1564e-06 -9.4729e-06 -1.4584e-05 -2.0382e-05 -2.6792e-05 -3.3761e-05 -4.1245e-05 -4.9210e-05 -5.7628e-05 1.7553e-04 -7.5721e-05 -8.5354e-05 -9.5352e-05 -1.0570e-04 -1.1637e-04 -1.2736e-04 -1.3864e-04 -1.5020e-04 -1.6202e-04 -1.7408e-04 -1.8637e-04 -1.9886e-04 -2.1153e-04 -2.2435e-04 -2.3732e-04 -2.5040e-04 -2.6356e-04 -2.7677e-04 -2.9002e-04 -3.0326e-04 -3.1647e-04 -3.2960e-04 -3.4263e-04 -3.5552e-04 -3.6822e-04 -3.8070e-04 -3.9291e-04 -4.0481e-04 -4.1635e-04 -4.2750e-04 -4.3820e-04 -4.4840e-04 -4.5807e-04 -4.6714e-04 -4.7559e-04 -4.8334e-04 -4.9038e-04 -4.9664e-04 -5.0209e-04 -5.0669e-04 -5.1039e-04 -5.1318e-04 -5.1501e-04 -5.1585e-04 -5.1570e-04 -5.1452e-04 -5.1231e-04 -5.0906e-04 -5.0477e-04 -4.9944e-04 -4.9309e-04 -4.8573e-04 -4.7740e-04 -4.6811e-04 -4.5792e-04 -4.4685e-04 -4.3497e-04 -4.2233e-04 -4.0900e-04 -3.9503e-04 -3.8051e-04 -3.6551e-04 -3.5010e-04 -3.3437e-04 -3.1840e-04 -3.0228e-04 -2.8608e-04 -2.6990e-04 -2.5381e-04 -2.3790e-04 -2.2223e-04 -2.0688e-04 -1.9191e-04 -1.7738e-04 -1.6336e-04 -1.4988e-04 -1.3698e-04 -1.2471e-04 -1.1309e-04 -1.0213e-04 -9.1849e-05 -8.2257e-05 -7.3348e-05 -6.5116e-05 -5.7549e-05 -5.0629e-05 -4.4334e-05 -3.8636e-05 -3.3508e-05 -1.8231e-06 -5.1564e-06 -9.4729e-06 -1.4584e-05 -2.0382e-05 -2.6792e-05 -3.3761e-05 -4.1245e-05 -4.9210e-05 -5.7628e-05 0.0000e+00 -7.5721e-05 -8.5354e-05 -9.5352e-05 -1.0570e-04 -1.1637e-04 -1.2736e-04 -1.3864e-04 -1.5020e-04 -1.6202e-04 -1.7408e-04 -1.8637e-04 -1.9886e-04 -2.1152e-04 -2.2435e-04 -2.3732e-04 -2.5039e-04 -2.6355e-04 -2.7677e-04 -2.9001e-04 -3.0326e-04 -3.1646e-04 -3.2959e-04 -3.4262e-04 -3.5551e-04 -3.6820e-04 -3.8068e-04 -3.9289e-04 -4.0479e-04 -4.1633e-04 -4.2747e-04 -4.3817e-04 -4.4837e-04 -4.5803e-04 -4.6710e-04 -4.7554e-04 -4.8329e-04 -4.9032e-04 -4.9657e-04 -5.0202e-04 -5.0661e-04 -5.1031e-04 -5.1308e-04 -5.1490e-04 -5.1574e-04 -5.1558e-04 -5.1439e-04 -5.1217e-04 -5.0891e-04 -5.0461e-04 -4.9928e-04 -4.9292e-04 -4.8556e-04 -4.7721e-04 -4.6792e-04 -4.5771e-04 -4.4664e-04 -4.3475e-04 -4.2211e-04 -4.0877e-04 -3.9480e-04 -3.8027e-04 -3.6526e-04 -3.4985e-04 -3.3412e-04 -3.1815e-04 -3.0203e-04 -2.8584e-04 -2.6966e-04 -2.5357e-04 -2.3766e-04 -2.2199e-04 -2.0665e-04 -1.9168e-04 -1.7717e-04 -1.6315e-04 -1.4968e-04 -1.3679e-04 -1.2453e-04 -1.1291e-04 -1.0196e-04 -9.1696e-05 -8.2113e-05 -7.3214e-05 -6.4992e-05 -5.7435e-05 -5.0524e-05 -4.4238e-05 -3.8550e-05 -3.3430e-05
-2.0767e-06 -5.8739e-06 -1.0791e-05 -1.6614e-05 -2.3218e-05 -3.0520e-05 -3.8458e-05 -4.6984e-05 -5.6057e-05 -6.5646e-05 -7.5721e-05 2.4861e-04 -9.7230e-05 -1.0862e-04 -1.2040e-04 -1.3256e-04 -1.4508e-04 -1.5793e-04 -1.7110e-04 -1.8457e-04 -1.9831e-04 -2.1230e-04 -2.2653e-04 -2.4096e-04 -2.5557e-04 -2.7034e-04 -2.8524e-04 -3.0023e-04 -3.1529e-04 -3.3038e-04 -3.4546e-04 -3.6051e-04 -3.7547e-04 -3.9031e-04 -4.0499e-04 -4.1946e-04 -4.3368e-04 -4.4759e-04 -4.6115e-04 -4.7430e-04 -4.8700e-04 -4.9919e-04 -5.1082e-04 -5.2183e-04 -5.3217e-04 -5.4179e-04 -5.5064e-04 -5.5865e-04 -5.6579e-04 -5.7200e-04 -5.7724e-04 -5.8147e-04 -5.8465e-04 -5.8674e-04 -5.8771e-04 -5.8753e-04 -5.8620e-04 -5.8369e-04 -5.7999e-04 -5.7511e-04 -5.6905e-04 -5.6182e-04 -5.5345e-04 -5.4396e-04 -5.3338e-04 -5.2177e-04 -5.0918e-04 -4.9565e-04 -4.8126e-04 -4.6607e-04 -4.5017e-04 -4.3362e-04 -4.1653e-04 -3.9899e-04 -3.8107e-04 -3.6288e-04 -3.4451e-04 -3.2607e-04 -3.0763e-04 -2.8930e-04 -2.7117e-04 -2.5332e-04 -2.3582e-04 -2.1877e-04 -2.0222e-04 -1.8623e-04 -1.7087e-04 -1.5618e-04 -1.4219e-04 -1.2894e-04 -1.1645e-04 -1.0474e-04 -9.3804e-05 -8.3649e-05 -7.4265e-05 -6.5638e-05 -5.7748e-05 -5.0570e-05 -4.4074e-05 -3.8226e-05 -2.0767e-06 -5.8739e-06 -1.0791e-05 -1.6614e-05 -2.3218e-05 -3.0520e-05 -3.8458e-05 -4.6984e-05 -5.6057e-05 -6.5646e-05 -7.5721e-05 0.0000e+00 -9.7230e-05 -1.0862e-04 -1.2040e-04 -1.3256e-04 -1.4508e-04 -1.5793e-04 -1.7110e-04 -1.8456e-04 -1.9830e-04 -2.1230e-04 -2.2652e-04 -2.4096e-04 -2.5557e-04 -2.7034e-04 -2.8523e-04 -3.0022e-04 -3.1528e-04 -3.3037e-04 -3.4545e-04 -3.6049e-04 -3.7546e-04 -3.9030e-04 -4.0497e-04 -4.1944e-04 -4.3365e-04 -4.4756e-04 -4.6111e-04 -4.7426e-04 -4.8696e-04 -4.9914e-04 -5.1076e-04 -5.2177e-04 -5.3210e-04 -5.4171e-04 -5.5055e-04 -5.5855e-04 -5.6568e-04 -5.7188e-04 -5.7711e-04 -5.8133e-04 -5.8449e-04 -5.8657e-04 -5.8753e-04 -5.8734e-04 -5.8599e-04 -5.8347e-04 -5.7976e-04 -5.7486e-04 -5.6879e-04 -5.6154e-04 -5.5316e-04 -5.4365e-04 -5.3307e-04 -5.2145e-04 -5.0884e-04 -4.9530e-04 -4.8090e-04 -4.6570e-04 -4.4979e-04 -4.3324e-04 -4.1614e-04 -3.9859e-04 -3.8067e-04 -3.6248e-04 -3.4411e-04 -3.2567e-04 -3.0723e-04 -2.8891e-04 -2.7078e-04 -2.5294e-04 -2.3545e-04 -2.1841e-04 -2.0187e-04 -1.8590e-04 -1.7055e-04 -1.5587e-04 -1.4190e-04 -1.2866e-04 -1.1619e-04 -1.0449e-04 -9.3572e-05 -8.3433e-05 -7.4065e-05 -6.5454e-05 -5.7579e-05 -5.0416e-05 -4.3934e-05 -3.8100e-05
-2.3409e-06 -6.6212e-06 -1.2164e-05 -1.8727e-05 -2.6172e-05 -3.4403e-05 -4.3351e-05 -5.2961e-05 -6.3189e-05 -7.3997e-05 -8.5354e-05 -9.7230e-05 3.4242e-04 -1.2244e-04 -1.3572e-04 -1.4943e-04 -1.6354e-04 -1.7802e-04 -1.9287e-04 -2.0805e-04 -2.2353e-04 -2.3931e-04 -2.5535e-04 -2.7161e-04 -2.8809e-04 -3.0474e-04 -3.2153e-04 -3.3843e-04 -3.5540e-04 -3.7241e-04 -3.8942e-04 -4.0638e-04 -4.2325e-04 -4.3998e-04 -4.5653e-04 -4.7284e-04 -4.8887e-04 -5.0455e-04 -5.1984e-04 -5.3467e-04 -5.4898e-04 -5.6273e-04 -5.7584e-04 -5.8826e-04 -5.9992e-04 -6.1077e-04 -6.2074e-04 -6.2978e-04 -6.3784e-04 -6.4485e-04 -6.5076e-04 -6.5553e-04 -6.5912e-04 -6.6148e-04 -6.6259e-04 -6.6240e-04 -6.6090e-04 -6.5808e-04 -6.5392e-04 -6.4843e-04 -6.4161e-04 -6.3347e-04 -6.2404e-04 -6.1335e-04 -6.0144e-04 -5.8836e-04 -5.7417e-04 -5.5893e-04 -5.4271e-04 -5.2560e-04 -5.0768e-04 -4.8904e-04 -4.6978e-04 -4.5000e-04 -4.2980e-04 -4.0930e-04 -3.8860e-04 -3.6780e-04 -3.4702e-04 -3.2636e-04 -3.0591e-04 -2.8578e-04 -2.6606e-04 -2.4683e-04 -2.2817e-04 -2.1014e-04 -1.9282e-04 -1.7625e-04 -1.6047e-04 -1.4553e-04 -1.3144e-04 -1.1822e-04 -1.0589e-04 -9.4428e-05 -8.3840e-05 -7.4106e-05 -6.5203e-05 -5.7102e-05 -4.9770e-05 -4.3170e-05 -2.3409e-06 -6.6212e-06 -1.2164e-05 -1.8727e-05 -2.6172e-05 -3.4403e-05 -4.3351e-05 -5.2961e-05 -6.3189e-05 -7.3997e-05 -8.5354e-05 -9.7230e-05 0.0000e+00 -1.2244e-04 -1.3572e-04 -1.4943e-04 -1.6354e-04 -1.7802e-04 -1.9287e-04 -2.0804e-04 -2.2353e-04 -2.3931e-04 -2.5534e-04 -2.7161e-04 -2.8808e-04 -3.0473e-04 -3.2152e-04 -3.3842e-04 -3.5539e-04 -3.7240e-04 -3.8940e-04 -4.0636e-04 -4.2322e-04 -4.3995e-04 -4.5650e-04 -4.7280e-04 -4.8882e-04 -5.0450e-04 -5.1978e-04 -5.3460e-04 -5.4891e-04 -5.6265e-04 -5.7575e-04 -5.8816e-04 -5.9981e-04 -6.1064e-04 -6.2061e-04 -6.2963e-04 -6.3767e-04 -6.4466e-04 -6.5056e-04 -6.5532e-04 -6.5888e-04 -6.6123e-04 -6.6231e-04 -6.6210e-04 -6.6059e-04 -6.5774e-04 -6.5356e-04 -6.4805e-04 -6.4120e-04 -6.3304e-04 -6.2359e-04 -6.1288e-04 -6.0095e-04 -5.8785e-04 -5.7364e-04 -5.5838e-04 -5.4215e-04 -5.2502e-04 -5.0709e-04 -4.8844e-04 -4.6917e-04 -4.4938e-04 -4.2918e-04 -4.0868e-04 -3.8797e-04 -3.6718e-04 -3.4640e-04 -3.2575e-04 -3.0531e-04 -2.8520e-04 -2.6549e-04 -2.4627e-04 -2.2762e-04 -2.0962e-04 -1.9231e-04 -1.7576e-04 -1.6001e-04 -1.4509e-04 -1.3103e-04 -1.1784e-04 -1.0553e-04 -9.4093e-05 -8.3530e-05 -7.3820e-05 -6.4940e-05 -5.6862e-05 -4.9553e-05 -4.2974e-05
-2.6151e-06 -7.3967e-06 -1.3589e-05 -2.0921e-05 -2.9237e-05 -3.8433e-05 -4.8428e-05 -5.9164e-05 -7.0590e-05 -8.2665e-05 -9.5352e-05 -1.0862e-04 -1.2244e-04 4.6057e-04 -1.5162e-04 -1.6693e-04 -1.8269e-04 -1.9888e-04 -2.1546e-04 -2.3242e-04 -2.4972e-04 -2.6734e-04 -2.8526e-04 -3.0343e-04 -3.2184e-04 -3.4044e-04 -3.5919e-04 -3.7808e-04 -3.9704e-04 -4.1604e-04 -4.3504e-04 -4.5399e-04 -4.7284e-04 -4.9153e-04 -5.1002e-04 -5.2825e-04 -5.4615e-04 -5.6368e-04 -5.8076e-04 -5.9733e-04 -6.1333e-04 -6.2869e-04 -6.4334e-04 -6.5722e-04 -6.7026e-04 -6.8238e-04 -6.9353e-04 -7.0364e-04 -7.1265e-04 -7.2049e-04 -7.2711e-04 -7.3245e-04 -7.3647e-04 -7.3912e-04 -7.4036e-04 -7.4016e-04 -7.3850e-04 -7.3536e-04 -7.3073e-04 -7.2461e-04 -7.1700e-04 -7.0792e-04 -6.9740e-04 -6.8547e-04 -6.7217e-04 -6.5757e-04 -6.4173e-04 -6.2471e-04 -6.0661e-04 -5.8750e-04 -5.6748e-04 -5.4667e-04 -5.2515e-04 -5.0306e-04 -4.8051e-04 -4.5760e-04 -4.3448e-04 -4.1124e-04 -3.8803e-04 -3.6494e-04 -3.4209e-04 -3.1960e-04 -2.9756e-04 -2.7607e-04 -2.5521e-04 -2.3506e-04 -2.1569e-04 -1.9717e-04 -1.7953e-04 -1.6282e-04 -1.4707e-04 -1.3229e-04 -1.1850e-04 -1.0568e-04 -9.3841e-05 -8.2952e-05 -7.2992e-05 -6.3929e-05 -5.5726e-05 -4.8340e-05 -2.6151e-06 -7.3967e-06 -1.3589e-05 -2.0921e-05 -2.9237e-05 -3.8433e-05 -4.8428e-05 -5.9164e-05 -7.0590e-05 -8.2665e-05 -9.5352e-05 -1.0862e-04 -1.2244e-04 0.0000e+00 -1.5162e-04 -1.6693e-04 -1.8269e-04 -1.9888e-04 -2.1546e-04 -2.3241e-04 -2.4972e-04 -2.6734e-04 -2.8525e-04 -3.0343e-04 -3.2183e-04 -3.4043e-04 -3.5918e-04 -3.7806e-04 -3.9702e-04 -4.1602e-04 -4.3502e-04 -4.5396e-04 -4.7280e-04 -4.9149e-04 -5.0997e-04 -5.2819e-04 -5.4609e-04 -5.6361e-04 -5.8068e-04 -5.9724e-04 -6.1322e-04 -6.2857e-04 -6.4321e-04 -6.5707e-04 -6.7009e-04 -6.8220e-04 -6.9333e-04 -7.0341e-04 -7.1240e-04 -7.2021e-04 -7.2680e-04 -7.3212e-04 -7.3611e-04 -7.3873e-04 -7.3994e-04 -7.3972e-04 -7.3803e-04 -7.3485e-04 -7.3019e-04 -7.2403e-04 -7.1639e-04 -7.0727e-04 -6.9672e-04 -6.8476e-04 -6.7144e-04 -6.5681e-04 -6.4094e-04 -6.2389e-04 -6.0576e-04 -5.8663e-04 -5.6660e-04 -5.4576e-04 -5.2424e-04 -5.0214e-04 -4.7957e-04 -4.5667e-04 -4.3354e-04 -4.1031e-04 -3.8710e-04 -3.6402e-04 -3.4119e-04 -3.1872e-04 -2.9669e-04 -2.7522e-04 -2.5439e-04 -2.3427e-04 -2.1494e-04 -1.9645e-04 -1.7884e-04 -1.6217e-04 -1.4645e-04 -1.3171e-04 -1.1796e-04 -1.0518e-04 -9.3374e-05 -8.2522e-05 -7.2598e-05 -6.3569e-05 -5.5399e-05 -4.8045e-05
-2.8989e-06 -8.1992e-06 -1.5063e-05 -2.3191e-05 -3.2409e-05 -4.2602e-05 -5.3683e-05 -6.5583e-05 -7.8249e-05 -9.1633e-05 -1.0570e-04 -1.2040e-04 -1.3572e-04 -1.5162e-04 6.0693e-04 -1.8504e-04 -2.0251e-04 -2.2045e-04 -2.3884e-04 -2.5763e-04 -2.7681e-04 -2.9635e-04 -3.1621e-04 -3.3636e-04 -3.5676e-04 -3.7737e-04 -3.9817e-04 -4.1910e-04 -4.4012e-04 -4.6119e-04 -4.8225e-04 -5.0326e-04 -5.2415e-04 -5.4488e-04 -5.6538e-04 -5.8559e-04 -6.0544e-04 -6.2487e-04 -6.4381e-04 -6.6219e-04 -6.7993e-04 -6.9696e-04 -7.1321e-04 -7.2861e-04 -7.4307e-04 -7.5652e-04 -7.6889e-04 -7.8010e-04 -7.9010e-04 -7.9880e-04 -8.0615e-04 -8.1209e-04 -8.1656e-04 -8.1951e-04 -8.2090e-04 -8.2070e-04 -8.1888e-04 -8.1541e-04 -8.1030e-04 -8.0353e-04 -7.9511e-04 -7.8506e-04 -7.7341e-04 -7.6021e-04 -7.4549e-04 -7.2932e-04 -7.1177e-04 -6.9292e-04 -6.7286e-04 -6.5169e-04 -6.2952e-04 -6.0645e-04 -5.8261e-04 -5.5813e-04 -5.3313e-04 -5.0774e-04 -4.8211e-04 -4.5635e-04 -4.3061e-04 -4.0502e-04 -3.7969e-04 -3.5474e-04 -3.3030e-04 -3.0646e-04 -2.8333e-04 -2.6098e-04 -2.3950e-04 -2.1894e-04 -1.9938e-04 -1.8083e-04 -1.6335e-04 -1.4695e-04 -1.3164e-04 -1.1742e-04 -1.0427e-04 -9.2180e-05 -8.1120e-05 -7.1056e-05 -6.1945e-05 -5.3741e-05 -2.8989e-06 -8.1992e-06 -1.5063e-05 -2.3191e-05 -3.2409e-05 -4.2602e-05 -5.3683e-05 -6.5583e-05 -7.8249e-05 -9.1633e-05 -1.0570e-04 -1.2040e-04 -1.3572e-04 -1.5162e-04 0.0000e+00 -1.8504e-04 -2.0251e-04 -2.2045e-04 -2.3883e-04 -2.5763e-04 -2.7681e-04 -2.9634e-04 -3.1620e-04 -3.3635e-04 -3.5675e-04 -3.7736e-04 -3.9815e-04 -4.1908e-04 -4.4010e-04 -4.6116e-04 -4.8222e-04 -5.0322e-04 -5.2410e-04 -5.4482e-04 -5.6531e-04 -5.8551e-04 -6.0535e-04 -6.2477e-04 -6.4369e-04 -6.6205e-04 -6.7977e-04 -6.9679e-04 -7.1302e-04 -7.2839e-04 -7.4282e-04 -7.5624e-04 -7.6858e-04 -7.7977e-04 -7.8973e-04 -7.9840e-04 -8.0571e-04 -8.1161e-04 -8.1603e-04 -8.1894e-04 -8.2029e-04 -8.2005e-04 -8.1818e-04 -8.1467e-04 -8.0950e-04 -8.0268e-04 -7.9422e-04 -7.8412e-04 -7.7243e-04 -7.5918e-04 -7.4441e-04 -7.2820e-04 -7.1061e-04 -6.9173e-04 -6.7163e-04 -6.5043e-04 -6.2823e-04 -6.0513e-04 -5.8128e-04 -5.5678e-04 -5.3177e-04 -5.0638e-04 -4.8074e-04 -4.5499e-04 -4.2926e-04 -4.0368e-04 -3.7837e-04 -3.5345e-04 -3.2904e-04 -3.0523e-04 -2.8213e-04 -2.5983e-04 -2.3839e-04 -2.1789e-04 -1.9837e-04 -1.7988e-04 -1.6245e-04 -1.4611e-04 -1.3085e-04 -1.1668e-04 -1.0359e-04 -9.1551e-05 -8.0543e-05 -7.0529e-05 -6.1467e-05 -5.3310e-05
-3.1916e-06 -9.0273e-06 -1.6584e-05 -2.5533e-05 -3.5683e-05 -4.6905e-05 -5.9104e-05 -7.2206e-05 -8.6151e-05 -1.0089e-04 -1.1637e-04 -1.3256e-04 -1.4943e-04 -1.6693e-04 -1.8504e-04 7.8568e-04 -2.2297e-04 -2.4272e-04 -2.6296e-04 -2.8365e-04 -3.0477e-04 -3.2628e-04 -3.4815e-04 -3.7033e-04 -3.9279e-04 -4.1549e-04 -4.3839e-04 -4.6144e-04 -4.8459e-04 -5.0778e-04 -5.3097e-04 -5.5411e-04 -5.7711e-04 -5.9994e-04 -6.2251e-04 -6.4477e-04 -6.6663e-04 -6.8803e-04 -7.0889e-04 -7.2913e-04 -7.4867e-04 -7.6744e-04 -7.8534e-04 -8.0230e-04 -8.1823e-04 -8.3305e-04 -8.4669e-04 -8.5905e-04 -8.7007e-04 -8.7967e-04 -8.8778e-04 -8.9433e-04 -8.9927e-04 -9.0255e-04 -9.0410e-04 -9.0390e-04 -9.0192e-04 -8.9813e-04 -8.9252e-04 -8.8508e-04 -8.7584e-04 -8.6480e-04 -8.5200e-04 -8.3748e-04 -8.2130e-04 -8.0352e-04 -7.8422e-04 -7.6349e-04 -7.4142e-04 -7.1813e-04 -6.9372e-04 -6.6834e-04 -6.4210e-04 -6.1515e-04 -5.8763e-04 -5.5969e-04 -5.3146e-04 -5.0311e-04 -4.7476e-04 -4.4657e-04 -4.1867e-04 -3.9120e-04 -3.6427e-04 -3.3801e-04 -3.1252e-04 -2.8790e-04 -2.6422e-04 -2.4157e-04 -2.2000e-04 -1.9956e-04 -1.8029e-04 -1.6221e-04 -1.4532e-04 -1.2963e-04 -1.1513e-04 -1.0180e-04 -8.9594e-05 -7.8488e-05 -6.8434e-05 -5.9379e-05 -3.1916e-06 -9.0273e-06 -1.6584e-05 -2.5533e-05 -3.5683e-05 -4.6905e-05 -5.9104e-05 -7.2206e-05 -8.6151e-05 -1.0089e-04 -1.1637e-04 -1.3256e-04 -1.4943e-04 -1.6693e-04 -1.8504e-04 0.0000e+00 -2.2296e-04 -2.4272e-04 -2.6295e-04 -2.8365e-04 -3.0477e-04 -3.2627e-04 -3.4814e-04 -3.7032e-04 -3.9278e-04 -4.1547e-04 -4.3837e-04 -4.6141e-04 -4.8455e-04 -5.0774e-04 -5.3092e-04 -5.5404e-04 -5.7704e-04 -5.9985e-04 -6.2241e-04 -6.4465e-04 -6.6650e-04 -6.8788e-04 -7.0872e-04 -7.2893e-04 -7.4845e-04 -7.6719e-04 -7.8506e-04 -8.0198e-04 -8.1788e-04 -8.3266e-04 -8.4625e-04 -8.5857e-04 -8.6954e-04 -8.7909e-04 -8.8715e-04 -8.9365e-04 -8.9853e-04 -9.0174e-04 -9.0324e-04 -9.0297e-04 -9.0092e-04 -8.9706e-04 -8.9138e-04 -8.8388e-04 -8.7457e-04 -8.6346e-04 -8.5060e-04 -8.3601e-04 -8.1977e-04 -8.0193e-04 -7.8257e-04 -7.6178e-04 -7.3966e-04 -7.1632e-04 -6.9188e-04 -6.6646e-04 -6.4020e-04 -6.1323e-04 -5.8569e-04 -5.5774e-04 -5.2951e-04 -5.0116e-04 -4.7283e-04 -4.4466e-04 -4.1679e-04 -3.8935e-04 -3.6247e-04 -3.3626e-04 -3.1082e-04 -2.8626e-04 -2.6264e-04 -2.4006e-04 -2.1856e-04 -1.9820e-04 -1.7900e-04 -1.6100e-04 -1.4419e-04 -1.2858e-04 -1.1416e-04 -1.0090e-04 -8.8771e-05 -7.7738e-05 -6.7752e-05 -5.8764e-05
