3.5083e-08 -2.0710e-07 -3.8092e-07 -5.8745e-07 -8.2274e-07 -1.0843e-06 -1.3705e-06 -1.6803e-06 -2.0127e-06 -2.3672e-06 -2.7435e-06 -3.1413e-06 -3.5603e-06 -4.0004e-06 -4.4614e-06 -4.9431e-06 -5.4451e-06 -5.9671e-06 -6.5085e-06 -7.0685e-06 -7.6462e-06 -8.2402e-06 -8.8489e-06 -9.4701e-06 -1.0101e-05 -1.0739e-05 -1.1380e-05 -1.2020e-05 -1.2652e-05 -1.3271e-05 -1.3870e-05 -1.4439e-05 -1.4970e-05 -1.5452e-05 -1.5874e-05 -1.6221e-05 -1.6483e-05 -1.6643e-05 -1.6689e-05 -1.6607e-05 -1.6385e-05 -1.6012e-05 -1.5481e-05 -1.4789e-05 -1.3938e-05 -1.2939e-05 -1.1806e-05 -1.0565e-05 -9.2482e-06 -7.8949e-06 -6.5497e-06 -5.2593e-06 -4.0684e-06 -3.0154e-06 -2.1276e-06 -1.4186e-06 -8.8595e-07 -5.1294e-07 -2.7198e-07 -1.3018e-07 -5.5288e-08 -2.0411e-08 -6.3907e-09 -1.6475e-09 -3.3739e-10 -5.2545e-11 -5.9008e-12 -4.4759e-13 -2.1153e-14 -5.6338e-16 -7.4587e-18 -4.1907e-20 -8.1765e-23 -4.2862e-26 -4.3357e-30 -5.5009e-35 -4.9679e-41 -1.5043e-48 -5.5509e-58 -6.2913e-70 -3.2668e-85 -5.3967e-105 -6.3317e-131 -2.1099e-165 -5.5590e-212 -4.6628e-276 0.0000e+00 0.0000e+00 0.0000e+00 0.0000e+00 0.0000e+00 0.0000e+00 0.0000e+00 0.0000e+00 0.0000e+00 0.0000e+00 0.0000e+00 0.0000e+00 0.0000e+00 0.0000e+00 0.0000e+00 2.0710e-07 3.8092e-07 5.8745e-07 8.2274e-07 1.0843e-06 1.3705e-06 1.6803e-06 2.0127e-06 2.3672e-06 2.7435e-06 3.1413e-06 3.5603e-06 4.0004e-06 4.4614e-06 4.9431e-06 5.4451e-06 5.9671e-06 6.5085e-06 7.0685e-06 7.6462e-06 8.2402e-06 8.8489e-06 9.4701e-06 1.0101e-05 1.0739e-05 1.1380e-05 1.2020e-05 1.2652e-05 1.3271e-05 1.3870e-05 1.4439e-05 1.4970e-05 1.5452e-05 1.5874e-05 1.6221e-05 1.6483e-05 1.6643e-05 1.6689e-05 1.6607e-05 1.6385e-05 1.6012e-05 1.5481e-05 1.4789e-05 1.3938e-05 1.2939e-05 1.1806e-05 1.0565e-05 9.2482e-06 7.8949e-06 6.5497e-06 5.2593e-06 4.0684e-06 3.0154e-06 2.1276e-06 1.4186e-06 8.8595e-07 5.1294e-07 2.7198e-07 1.3018e-07 5.5287e-08 2.0411e-08 6.3907e-09 1.6475e-09 3.3739e-10 5.2545e-11 5.9008e-12 4.4759e-13 2.1153e-14 5.6338e-16 7.4586e-18 4.1907e-20 8.1764e-23 4.2861e-26 4.3357e-30 5.5008e-35 4.9678e-41 1.5043e-48 5.5508e-58 6.2911e-70 3.2666e-85 5.3964e-105 6.3313e-131 2.1097e-165 5.5584e-212 4.6621e-276 0.0000e+00 0.0000e+00 0.0000e+00 0.0000e+00 0.0000e+00 0.0000e+00 0.0000e+00 0.0000e+00 0.0000e+00 0.0000e+00 0.0000e+00 0.0000e+00 0.0000e+00 0.0000e+00
-2.0710e-07 5.6189e-07 -1.0782e-06 -1.6628e-06 -2.3287e-06 -3.0691e-06 -3.8793e-06 -4.7559e-06 -5.6968e-06 -6.7004e-06 -7.7655e-06 -8.8914e-06 -1.0077e-05 -1.1323e-05 -1.2628e-05 -1.3991e-05 -1.5412e-05 -1.6890e-05 -1.8422e-05 -2.0007e-05 -2.1642e-05 -2.3324e-05 -2.5047e-05 -2.6805e-05 -2.8592e-05 -3.0398e-05 -3.2212e-05 -3.4022e-05 -3.5812e-05 -3.7565e-05 -3.9259e-05 -4.0870e-05 -4.2373e-05 -4.3737e-05 -4.4930e-05 -4.5914e-05 -4.6654e-05 -4.7108e-05 -4.7238e-05 -4.7006e-05 -4.6377e-05 -4.5320e-05 -4.3817e-05 -4.1859e-05 -3.9453e-05 -3.6623e-05 -3.3417e-05 -2.9905e-05 -2.6177e-05 -2.2346e-05 -1.8539e-05 -1.4886e-05 -1.1516e-05 -8.5350e-06 -6.0223e-06 -4.0153e-06 -2.5077e-06 -1.4519e-06 -7.6985e-07 -3.6848e-07 -1.5649e-07 -5.7774e-08 -1.8089e-08 -4.6635e-09 -9.5503e-10 -1.4874e-10 -1.6703e-11 -1.2670e-12 -5.9878e-14 -1.5948e-15 -2.1114e-17 -1.1863e-19 -2.3147e-22 -1.2134e-25 -1.2275e-29 -1.5574e-34 -1.4066e-40 -4.2594e-48 -1.5719e-57 -1.7817e-69 -9.2526e-85 -1.5288e-104 -1.7940e-130 -5.9799e-165 -1.5761e-211 -1.3227e-275 0.0000e+00 0.0000e+00 0.0000e+00 0.0000e+00 0.0000e+00 0.0000e+00 0.0000e+00 0.0000e+00 0.0000e+00 0.0000e+00 0.0000e+00 0.0000e+00 0.0000e+00 0.0000e+00 2.0710e-07 0.0000e+00 1.0782e-06 1.6628e-06 2.3287e-06 3.0691e-06 3.8793e-06 4.7559e-06 5.6968e-06 6.7004e-06 7.7655e-06 8.8914e-06 1.0077e-05 1.1323e-05 1.2628e-05 1.3991e-05 1.5412e-05 1.6890e-05 1.8422e-05 2.0007e-05 2.1642e-05 2.3324e-05 2.5047e-05 2.6805e-05 2.8592e-05 3.0398e-05 3.2212e-05 3.4022e-05 3.5812e-05 3.7565e-05 3.9259e-05 4.0870e-05 4.2373e-05 4.3737e-05 4.4930e-05 4.5914e-05 4.6654e-05 4.7108e-05 4.7238e-05 4.7006e-05 4.6376e-05 4.5320e-05 4.3817e-05 4.1859e-05 3.9452e-05 3.6623e-05 3.3417e-05 2.9904e-05 2.6177e-05 2.2346e-05 1.8539e-05 1.4886e-05 1.1516e-05 8.5349e-06 6.0222e-06 4.0153e-06 2.5076e-06 1.4519e-06 7.6984e-07 3.6847e-07 1.5649e-07 5.7772e-08 1.8089e-08 4.6633e-09 9.5498e-10 1.4873e-10 1.6702e-11 1.2669e-12 5.9873e-14 1.5946e-15 2.1111e-17 1.1862e-19 2.3143e-22 1.2132e-25 1.2272e-29 1.5570e-34 1.4061e-40 4.2578e-48 1.5711e-57 1.7807e-69 9.2461e-85 1.5274e-104 1.7921e-130 5.9716e-165 1.5733e-211 1.3196e-275 0.0000e+00 0.0000e+00 0.0000e+00 0.0000e+00 0.0000e+00 0.0000e+00 0.0000e+00 0.0000e+00 0.0000e+00 0.0000e+00 0.0000e+00 0.0000e+00 0.0000e+00 0.0000e+00
-3.8092e-07 -1.0782e-06 2.8491e-06 -3.0583e-06 -4.2833e-06 -5.6452e-06 -7.1353e-06 -8.7477e-06 -1.0478e-05 -1.2324e-05 -1.4283e-05 -1.6354e-05 -1.8536e-05 -2.0827e-05 -2.3227e-05 -2.5735e-05 -2.8348e-05 -3.1066e-05 -3.3884e-05 -3.6800e-05 -3.9808e-05 -4.2900e-05 -4.6069e-05 -4.9303e-05 -5.2590e-05 -5.5911e-05 -5.9249e-05 -6.2578e-05 -6.5870e-05 -6.9094e-05 -7.2209e-05 -7.5174e-05 -7.7939e-05 -8.0448e-05 -8.2641e-05 -8.4452e-05 -8.5812e-05 -8.6648e-05 -8.6888e-05 -8.6461e-05 -8.5303e-05 -8.3360e-05 -8.0596e-05 -7.6994e-05 -7.2567e-05 -6.7363e-05 -6.1466e-05 -5.5006e-05 -4.8149e-05 -4.1103e-05 -3.4100e-05 -2.7382e-05 -2.1182e-05 -1.5699e-05 -1.1078e-05 -7.3860e-06 -4.6128e-06 -2.6707e-06 -1.4161e-06 -6.7783e-07 -2.8788e-07 -1.0628e-07 -3.3277e-08 -8.5792e-09 -1.7570e-09 -2.7364e-10 -3.0731e-11 -2.3311e-12 -1.1017e-13 -2.9345e-15 -3.8854e-17 -2.1833e-19 -4.2602e-22 -2.2336e-25 -2.2598e-29 -2.8677e-34 -2.5905e-40 -7.8467e-48 -2.8967e-57 -3.2847e-69 -1.7067e-84 -2.8219e-104 -3.3145e-130 -1.1061e-164 -2.9202e-211 -2.4562e-275 0.0000e+00 0.0000e+00 0.0000e+00 0.0000e+00 0.0000e+00 0.0000e+00 0.0000e+00 0.0000e+00 0.0000e+00 0.0000e+00 0.0000e+00 0.0000e+00 0.0000e+00 0.0000e+00 3.8092e-07 1.0782e-06 0.0000e+00 3.0583e-06 4.2833e-06 5.6452e-06 7.1353e-06 8.7477e-06 1.0478e-05 1.2324e-05 1.4283e-05 1.6354e-05 1.8536e-05 2.0827e-05 2.3227e-05 2.5735e-05 2.8348e-05 3.1066e-05 3.3884e-05 3.6800e-05 3.9808e-05 4.2900e-05 4.6069e-05 4.9303e-05 5.2589e-05 5.5911e-05 5.9249e-05 6.2578e-05 6.5870e-05 6.9093e-05 7.2209e-05 7.5174e-05 7.7938e-05 8.0447e-05 8.2640e-05 8.4452e-05 8.5811e-05 8.6647e-05 8.6887e-05 8.6460e-05 8.5302e-05 8.3359e-05 8.0594e-05 7.6993e-05 7.2566e-05 6.7361e-05 6.1465e-05 5.5004e-05 4.8148e-05 4.1102e-05 3.4099e-05 2.7381e-05 2.1181e-05 1.5698e-05 1.1077e-05 7.3854e-06 4.6124e-06 2.6705e-06 1.4160e-06 6.7775e-07 2.8784e-07 1.0626e-07 3.3271e-08 8.5773e-09 1.7565e-09 2.7356e-10 3.0721e-11 2.3302e-12 1.1013e-13 2.9330e-15 3.8831e-17 2.1817e-19 4.2568e-22 2.2314e-25 2.2572e-29 2.8638e-34 2.5863e-40 7.8314e-48 2.8898e-57 3.2753e-69 1.7007e-84 2.8095e-104 3.2962e-130 1.0984e-164 2.8938e-211 2.4272e-275 0.0000e+00 0.0000e+00 0.0000e+00 0.0000e+00 0.0000e+00 0.0000e+00 0.0000e+00 0.0000e+00 0.0000e+00 0.0000e+00 0.0000e+00 0.0000e+00 0.0000e+00 0.0000e+00
-5.8745e-07 -1.6628e-06 -3.0583e-06 9.0250e-06 -6.6056e-06 -8.7059e-06 -1.1004e-05 -1.3491e-05 -1.6159e-05 -1.9006e-05 -2.2027e-05 -2.5221e-05 -2.8585e-05 -3.2119e-05 -3.5820e-05 -3.9687e-05 -4.3718e-05 -4.7909e-05 -5.2256e-05 -5.6752e-05 -6.1391e-05 -6.6160e-05 -7.1047e-05 -7.6035e-05 -8.1103e-05 -8.6226e-05 -9.1372e-05 -9.6506e-05 -1.0158e-04 -1.0656e-04 -1.1136e-04 -1.1593e-04 -1.2020e-04 -1.2407e-04 -1.2745e-04 -1.3024e-04 -1.3234e-04 -1.3363e-04 -1.3400e-04 -1.3334e-04 -1.3156e-04 -1.2856e-04 -1.2430e-04 -1.1874e-04 -1.1192e-04 -1.0389e-04 -9.4797e-05 -8.4834e-05 -7.4260e-05 -6.3394e-05 -5.2593e-05 -4.2232e-05 -3.2670e-05 -2.4214e-05 -1.7086e-05 -1.1392e-05 -7.1151e-06 -4.1196e-06 -2.1845e-06 -1.0456e-06 -4.4410e-07 -1.6396e-07 -5.1341e-08 -1.3237e-08 -2.7110e-09 -4.2226e-10 -4.7426e-11 -3.5979e-12 -1.7007e-13 -4.5305e-15 -5.9996e-17 -3.3720e-19 -6.5816e-22 -3.4517e-25 -3.4936e-29 -4.4354e-34 -4.0090e-40 -1.2152e-47 -4.4900e-57 -5.0973e-69 -2.6524e-84 -4.3936e-104 -5.1732e-130 -1.7320e-164 -4.5922e-211 -3.8854e-275 0.0000e+00 0.0000e+00 0.0000e+00 0.0000e+00 0.0000e+00 0.0000e+00 0.0000e+00 0.0000e+00 0.0000e+00 0.0000e+00 0.0000e+00 0.0000e+00 0.0000e+00 0.0000e+00 5.8745e-07 1.6628e-06 3.0583e-06 0.0000e+00 6.6056e-06 8.7059e-06 1.1004e-05 1.3491e-05 1.6159e-05 1.9006e-05 2.2027e-05 2.5221e-05 2.8585e-05 3.2119e-05 3.5820e-05 3.9687e-05 4.3718e-05 4.7909e-05 5.2256e-05 5.6752e-05 6.1390e-05 6.6160e-05 7.1047e-05 7.6034e-05 8.1103e-05 8.6225e-05 9.1372e-05 9.6506e-05 1.0158e-04 1.0655e-04 1.1136e-04 1.1593e-04 1.2020e-04 1.2406e-04 1.2745e-04 1.3024e-04 1.3234e-04 1.3363e-04 1.3400e-04 1.3334e-04 1.3155e-04 1.2855e-04 1.2429e-04 1.1874e-04 1.1191e-04 1.0388e-04 9.4790e-05 8.4826e-05 7.4253e-05 6.3387e-05 5.2586e-05 4.2226e-05 3.2665e-05 2.4210e-05 1.7082e-05 1.1390e-05 7.1131e-06 4.1183e-06 2.1837e-06 1.0452e-06 4.4390e-07 1.6387e-07 5.1310e-08 1.3228e-08 2.7089e-09 4.2188e-10 4.7377e-11 3.5936e-12 1.6983e-13 4.5233e-15 5.9884e-17 3.3646e-19 6.5647e-22 3.4413e-25 3.4811e-29 4.4165e-34 3.9885e-40 1.2078e-47 4.4566e-57 5.0510e-69 2.6227e-84 4.3327e-104 5.0833e-130 1.6939e-164 4.4627e-211 3.7431e-275 0.0000e+00 0.0000e+00 0.0000e+00 0.0000e+00 0.0000e+00 0.0000e+00 0.0000e+00 0.0000e+00 0.0000e+00 0.0000e+00 0.0000e+00 0.0000e+00 0.0000e+00 0.0000e+00
-8.2274e-07 -2.3287e-06 -4.2833e-06 -6.6056e-06 2.2098e-05 -1.2193e-05 -1.5411e-05 -1.8894e-05 -2.2632e-05 -2.6619e-05 -3.0850e-05 -3.5323e-05 -4.0035e-05 -4.4984e-05 -5.0167e-05 -5.5584e-05 -6.1229e-05 -6.7098e-05 -7.3186e-05 -7.9484e-05 -8.5980e-05 -9.2659e-05 -9.9504e-05 -1.0649e-04 -1.1359e-04 -1.2076e-04 -1.2797e-04 -1.3516e-04 -1.4227e-04 -1.4924e-04 -1.5597e-04 -1.6237e-04 -1.6834e-04 -1.7376e-04 -1.7850e-04 -1.8241e-04 -1.8535e-04 -1.8716e-04 -1.8768e-04 -1.8676e-04 -1.8426e-04 -1.8006e-04 -1.7409e-04 -1.6632e-04 -1.5676e-04 -1.4552e-04 -1.3278e-04 -1.1883e-04 -1.0402e-04 -8.8800e-05 -7.3672e-05 -5.9160e-05 -4.5766e-05 -3.3922e-05 -2.3937e-05 -1.5961e-05 -9.9688e-06 -5.7722e-06 -3.0610e-06 -1.4653e-06 -6.2238e-07 -2.2980e-07 -7.1966e-08 -1.8557e-08 -3.8011e-09 -5.9215e-10 -6.6521e-11 -5.0477e-12 -2.3866e-13 -6.3599e-15 -8.4254e-17 -4.7376e-19 -9.2521e-22 -4.8554e-25 -4.9183e-29 -6.2504e-34 -5.6563e-40 -1.7171e-47 -6.3564e-57 -7.2332e-69 -3.7751e-84 -6.2776e-104 -7.4287e-130 -2.5037e-164 -6.6972e-211 -5.7344e-275 0.0000e+00 0.0000e+00 0.0000e+00 0.0000e+00 0.0000e+00 0.0000e+00 0.0000e+00 0.0000e+00 0.0000e+00 0.0000e+00 0.0000e+00 0.0000e+00 0.0000e+00 0.0000e+00 8.2274e-07 2.3287e-06 4.2833e-06 6.6056e-06 0.0000e+00 1.2193e-05 1.5411e-05 1.8894e-05 2.2632e-05 2.6619e-05 3.0850e-05 3.5323e-05 4.0035e-05 4.4984e-05 5.0167e-05 5.5583e-05 6.1229e-05 6.7098e-05 7.3186e-05 7.9484e-05 8.5979e-05 9.2659e-05 9.9503e-05 1.0649e-04 1.1359e-04 1.2076e-04 1.2797e-04 1.3516e-04 1.4227e-04 1.4923e-04 1.5596e-04 1.6237e-04 1.6834e-04 1.7376e-04 1.7849e-04 1.8240e-04 1.8534e-04 1.8715e-04 1.8766e-04 1.8674e-04 1.8424e-04 1.8004e-04 1.7407e-04 1.6629e-04 1.5673e-04 1.4549e-04 1.3276e-04 1.1880e-04 1.0399e-04 8.8775e-05 7.3649e-05 5.9139e-05 4.5748e-05 3.3907e-05 2.3925e-05 1.5952e-05 9.9622e-06 5.7679e-06 3.0583e-06 1.4638e-06 6.2169e-07 2.2951e-07 7.1862e-08 1.8526e-08 3.7939e-09 5.9086e-10 6.6353e-11 5.0330e-12 2.3786e-13 6.3350e-15 8.3870e-17 4.7123e-19 9.1941e-22 4.8196e-25 4.8753e-29 6.1855e-34 5.5861e-40 1.6915e-47 6.2417e-57 7.0741e-69 3.6732e-84 6.0680e-104 7.1192e-130 2.3723e-164 6.2499e-211 5.2419e-275 0.0000e+00 0.0000e+00 0.0000e+00 0.0000e+00 0.0000e+00 0.0000e+00 0.0000e+00 0.0000e+00 0.0000e+00 0.0000e+00 0.0000e+00 0.0000e+00 0.0000e+00 0.0000e+00
-1.0843e-06 -3.0691e-06 -5.6452e-06 -8.7059e-06 -1.2193e-05 4.5985e-05 -2.0311e-05 -2.4901e-05 -2.9827e-05 -3.5082e-05 -4.0659e-05 -4.6554e-05 -5.2764e-05 -5.9286e-05 -6.6118e-05 -7.3256e-05 -8.0696e-05 -8.8432e-05 -9.6456e-05 -1.0476e-04 -1.1332e-04 -1.2212e-04 -1.3114e-04 -1.4035e-04 -1.4970e-04 -1.5916e-04 -1.6866e-04 -1.7814e-04 -1.8751e-04 -1.9669e-04 -2.0556e-04 -2.1400e-04 -2.2187e-04 -2.2902e-04 -2.3526e-04 -2.4042e-04 -2.4430e-04 -2.4668e-04 -2.4737e-04 -2.4616e-04 -2.4286e-04 -2.3734e-04 -2.2947e-04 -2.1923e-04 -2.0663e-04 -1.9182e-04 -1.7503e-04 -1.5664e-04 -1.3713e-04 -1.1707e-04 -9.7129e-05 -7.7999e-05 -6.0344e-05 -4.4730e-05 -3.1565e-05 -2.1049e-05 -1.3148e-05 -7.6137e-06 -4.0379e-06 -1.9332e-06 -8.2125e-07 -3.0328e-07 -9.4996e-08 -2.4501e-08 -5.0200e-09 -7.8227e-10 -8.7910e-11 -6.6736e-12 -3.1569e-13 -8.4176e-15 -1.1159e-16 -6.2799e-19 -1.2276e-21 -6.4503e-25 -6.5433e-29 -8.3303e-34 -7.5550e-40 -2.2997e-47 -8.5418e-57 -9.7611e-69 -5.1217e-84 -8.5754e-104 -1.0238e-129 -3.4902e-164 -9.4780e-211 -8.2798e-275 0.0000e+00 0.0000e+00 0.0000e+00 0.0000e+00 0.0000e+00 0.0000e+00 0.0000e+00 0.0000e+00 0.0000e+00 0.0000e+00 0.0000e+00 0.0000e+00 0.0000e+00 0.0000e+00 1.0843e-06 3.0691e-06 5.6452e-06 8.7059e-06 1.2193e-05 0.0000e+00 2.0311e-05 2.4901e-05 2.9827e-05 3.5082e-05 4.0659e-05 4.6554e-05 5.2764e-05 5.9286e-05 6.6118e-05 7.3256e-05 8.0696e-05 8.8432e-05 9.6455e-05 1.0475e-04 1.1332e-04 1.2212e-04 1.3114e-04 1.4035e-04 1.4970e-04 1.5916e-04 1.6866e-04 1.7813e-04 1.8751e-04 1.9668e-04 2.0555e-04 2.1399e-04 2.2186e-04 2.2900e-04 2.3524e-04 2.4040e-04 2.4427e-04 2.4665e-04 2.4733e-04 2.4612e-04 2.4282e-04 2.3729e-04 2.2942e-04 2.1917e-04 2.0657e-04 1.9175e-04 1.7497e-04 1.5657e-04 1.3706e-04 1.1700e-04 9.7065e-05 7.7942e-05 6.0293e-05 4.4687e-05 3.1531e-05 2.1023e-05 1.3130e-05 7.6017e-06 4.0307e-06 1.9293e-06 8.1935e-07 3.0248e-07 9.4709e-08 2.4416e-08 5.0001e-09 7.7871e-10 8.7449e-11 6.6332e-12 3.1348e-13 8.3491e-15 1.1054e-16 6.2105e-19 1.2117e-21 6.3520e-25 6.4254e-29 8.1521e-34 7.3621e-40 2.2293e-47 8.2260e-57 9.3231e-69 4.8409e-84 7.9970e-104 9.3821e-130 3.1262e-164 8.2355e-211 6.9065e-275 0.0000e+00 0.0000e+00 0.0000e+00 0.0000e+00 0.0000e+00 0.0000e+00 0.0000e+00 0.0000e+00 0.0000e+00 0.0000e+00 0.0000e+00 0.0000e+00 0.0000e+00 0.0000e+00
-1.3705e-06 -3.8793e-06 -7.1353e-06 -1.1004e-05 -1.5411e-05 -2.0311e-05 8.5553e-05 -3.1474e-05 -3.7701e-05 -4.4342e-05 -5.1391e-05 -5.8842e-05 -6.6691e-05 -7.4935e-05 -8.3570e-05 -9.2593e-05 -1.0200e-04 -1.1178e-04 -1.2192e-04 -1.3241e-04 -1.4323e-04 -1.5436e-04 -1.6576e-04 -1.7740e-04 -1.8922e-04 -2.0118e-04 -2.1318e-04 -2.2517e-04 -2.3701e-04 -2.4862e-04 -2.5983e-04 -2.7050e-04 -2.8045e-04 -2.8949e-04 -2.9738e-04 -3.0391e-04 -3.0881e-04 -3.1183e-04 -3.1270e-04 -3.1117e-04 -3.0702e-04 -3.0004e-04 -2.9011e-04 -2.7716e-04 -2.6124e-04 -2.4252e-04 -2.2131e-04 -1.9807e-04 -1.7340e-04 -1.4804e-04 -1.2284e-04 -9.8651e-05 -7.6327e-05 -5.6583e-05 -3.9934e-05 -2.6633e-05 -1.6638e-05 -9.6364e-06 -5.1117e-06 -2.4478e-06 -1.0401e-06 -3.8421e-07 -1.2038e-07 -3.1060e-08 -6.3667e-09 -9.9264e-10 -1.1162e-10 -8.4792e-12 -4.0143e-13 -1.0714e-14 -1.4220e-16 -8.0133e-19 -1.5690e-21 -8.2604e-25 -8.3994e-29 -1.0724e-33 -9.7606e-40 -2.9841e-47 -1.1144e-56 -1.2820e-68 -6.7840e-84 -1.1481e-103 -1.3894e-129 -4.8201e-164 -1.3387e-210 -1.2040e-274 0.0000e+00 0.0000e+00 0.0000e+00 0.0000e+00 0.0000e+00 0.0000e+00 0.0000e+00 0.0000e+00 0.0000e+00 0.0000e+00 0.0000e+00 0.0000e+00 0.0000e+00 0.0000e+00 1.3705e-06 3.8793e-06 7.1353e-06 1.1004e-05 1.5411e-05 2.0311e-05 0.0000e+00 3.1474e-05 3.7701e-05 4.4342e-05 5.1391e-05 5.8842e-05 6.6691e-05 7.4935e-05 8.3570e-05 9.2593e-05 1.0200e-04 1.1177e-04 1.2192e-04 1.3241e-04 1.4323e-04 1.5435e-04 1.6576e-04 1.7739e-04 1.8922e-04 2.0117e-04 2.1318e-04 2.2515e-04 2.3700e-04 2.4860e-04 2.5981e-04 2.7047e-04 2.8042e-04 2.8945e-04 2.9734e-04 3.0386e-04 3.0875e-04 3.1176e-04 3.1262e-04 3.1108e-04 3.0691e-04 2.9992e-04 2.8998e-04 2.7702e-04 2.6109e-04 2.4237e-04 2.2115e-04 1.9790e-04 1.7323e-04 1.4788e-04 1.2269e-04 9.8515e-05 7.6208e-05 5.6483e-05 3.9854e-05 2.6573e-05 1.6595e-05 9.6083e-06 5.0947e-06 2.4385e-06 1.0356e-06 3.8233e-07 1.1971e-07 3.0861e-08 6.3199e-09 9.8426e-10 1.1053e-10 8.3841e-12 3.9623e-13 1.0553e-14 1.3971e-16 7.8499e-19 1.5316e-21 8.0286e-25 8.1214e-29 1.0304e-33 9.3052e-40 2.8176e-47 1.0397e-56 1.1783e-68 6.1182e-84 1.0107e-103 1.1856e-129 3.9500e-164 1.0403e-210 8.7210e-275 0.0000e+00 0.0000e+00 0.0000e+00 0.0000e+00 0.0000e+00 0.0000e+00 0.0000e+00 0.0000e+00 0.0000e+00 0.0000e+00 0.0000e+00 0.0000e+00 0.0000e+00 0.0000e+00
-1.6803e-06 -4.7559e-06 -8.7477e-06 -1.3491e-05 -1.8894e-05 -2.4901e-05 -3.1474e-05 1.4666e-04 -4.6220e-05 -5.4363e-05 -6.3005e-05 -7.2139e-05 -8.1762e-05 -9.1869e-05 -1.0246e-04 -1.1352e-04 -1.2505e-04 -1.3704e-04 -1.4947e-04 -1.6233e-04 -1.7560e-04 -1.8924e-04 -2.0322e-04 -2.1749e-04 -2.3199e-04 -2.4664e-04 -2.6137e-04 -2.7606e-04 -2.9059e-04 -3.0481e-04 -3.1857e-04 -3.3165e-04 -3.4386e-04 -3.5494e-04 -3.6463e-04 -3.7263e-04 -3.7865e-04 -3.8236e-04 -3.8344e-04 -3.8158e-04 -3.7649e-04 -3.6795e-04 -3.5578e-04 -3.3991e-04 -3.2041e-04 -2.9747e-04 -2.7147e-04 -2.4297e-04 -2.1273e-04 -1.8164e-04 -1.5072e-04 -1.2106e-04 -9.3680e-05 -6.9457e-05 -4.9028e-05 -3.2704e-05 -2.0435e-05 -1.1839e-05 -6.2817e-06 -3.0090e-06 -1.2791e-06 -4.7269e-07 -1.4818e-07 -3.8254e-08 -7.8466e-09 -1.2243e-09 -1.3779e-10 -1.0479e-11 -4.9672e-13 -1.3277e-14 -1.7652e-16 -9.9681e-19 -1.9566e-21 -1.0332e-24 -1.0543e-28 -1.3520e-33 -1.2370e-39 -3.8063e-47 -1.4327e-56 -1.6646e-68 -8.9161e-84 -1.5320e-103 -1.8895e-129 -6.7129e-164 -1.9209e-210 -1.7935e-274 0.0000e+00 0.0000e+00 0.0000e+00 0.0000e+00 0.0000e+00 0.0000e+00 0.0000e+00 0.0000e+00 0.0000e+00 0.0000e+00 0.0000e+00 0.0000e+00 0.0000e+00 0.0000e+00 1.6803e-06 4.7559e-06 8.7477e-06 1.3491e-05 1.8894e-05 2.4901e-05 3.1474e-05 0.0000e+00 4.6220e-05 5.4363e-05 6.3004e-05 7.2139e-05 8.1762e-05 9.1869e-05 1.0246e-04 1.1352e-04 1.2505e-04 1.3703e-04 1.4947e-04 1.6233e-04 1.7559e-04 1.8923e-04 2.0321e-04 2.1748e-04 2.3198e-04 2.4663e-04 2.6135e-04 2.7603e-04 2.9056e-04 3.0478e-04 3.1852e-04 3.3160e-04 3.4379e-04 3.5486e-04 3.6453e-04 3.7252e-04 3.7852e-04 3.8221e-04 3.8326e-04 3.8138e-04 3.7627e-04 3.6770e-04 3.5551e-04 3.3962e-04 3.2009e-04 2.9714e-04 2.7113e-04 2.4263e-04 2.1238e-04 1.8130e-04 1.5041e-04 1.2078e-04 9.3430e-05 6.9247e-05 4.8861e-05 3.2577e-05 2.0346e-05 1.1780e-05 6.2460e-06 2.9896e-06 1.2697e-06 4.6872e-07 1.4676e-07 3.7835e-08 7.7481e-09 1.2067e-09 1.3551e-10 1.0279e-11 4.8577e-13 1.2938e-14 1.7128e-16 9.6237e-19 1.8777e-21 9.8427e-25 9.9564e-29 1.2632e-33 1.1407e-39 3.4541e-47 1.2745e-56 1.4444e-68 7.4991e-84 1.2386e-103 1.4527e-129 4.8381e-164 1.2734e-210 1.0663e-274 0.0000e+00 0.0000e+00 0.0000e+00 0.0000e+00 0.0000e+00 0.0000e+00 0.0000e+00 0.0000e+00 0.0000e+00 0.0000e+00 0.0000e+00 0.0000e+00 0.0000e+00 0.0000e+00
-2.0127e-06 -5.6968e-06 -1.0478e-05 -1.6159e-05 -2.2632e-05 -2.9827e-05 -3.7701e-05 -4.6220e-05 2.3622e-04 -6.5118e-05 -7.5469e-05 -8.6411e-05 -9.7938e-05 -1.1004e-04 -1.2273e-04 -1.3598e-04 -1.4979e-04 -1.6415e-04 -1.7904e-04 -1.9445e-04 -2.1034e-04 -2.2668e-04 -2.4343e-04 -2.6052e-04 -2.7789e-04 -2.9545e-04 -3.1309e-04 -3.3069e-04 -3.4810e-04 -3.6514e-04 -3.8162e-04 -3.9731e-04 -4.1194e-04 -4.2522e-04 -4.3683e-04 -4.4644e-04 -4.5366e-04 -4.5811e-04 -4.5942e-04 -4.5721e-04 -4.5114e-04 -4.4092e-04 -4.2636e-04 -4.0738e-04 -3.8403e-04 -3.5656e-04 -3.2543e-04 -2.9130e-04 -2.5507e-04 -2.1782e-04 -1.8077e-04 -1.4522e-04 -1.1240e-04 -8.3351e-05 -5.8851e-05 -3.9267e-05 -2.4544e-05 -1.4224e-05 -7.5505e-06 -3.6186e-06 -1.5390e-06 -5.6911e-07 -1.7854e-07 -4.6129e-08 -9.4712e-09 -1.4795e-09 -1.6673e-10 -1.2699e-11 -6.0305e-13 -1.6153e-14 -2.1530e-16 -1.2194e-18 -2.4021e-21 -1.2737e-24 -1.3064e-28 -1.6855e-33 -1.5536e-39 -4.8232e-47 -1.8353e-56 -2.1607e-68 -1.1762e-83 -2.0614e-103 -2.6049e-129 -9.5330e-164 -2.8283e-210 -2.7592e-274 0.0000e+00 0.0000e+00 0.0000e+00 0.0000e+00 0.0000e+00 0.0000e+00 0.0000e+00 0.0000e+00 0.0000e+00 0.0000e+00 0.0000e+00 0.0000e+00 0.0000e+00 0.0000e+00 2.0127e-06 5.6968e-06 1.0478e-05 1.6159e-05 2.2632e-05 2.9827e-05 3.7701e-05 4.6220e-05 0.0000e+00 6.5118e-05 7.5469e-05 8.6411e-05 9.7937e-05 1.1004e-04 1.2272e-04 1.3597e-04 1.4978e-04 1.6414e-04 1.7904e-04 1.9444e-04 2.1033e-04 2.2667e-04 2.4342e-04 2.6050e-04 2.7787e-04 2.9542e-04 3.1305e-04 3.3064e-04 3.4804e-04 3.6507e-04 3.8153e-04 3.9720e-04 4.1181e-04 4.2506e-04 4.3665e-04 4.4622e-04 4.5340e-04 4.5782e-04 4.5909e-04 4.5683e-04 4.5071e-04 4.4045e-04 4.2584e-04 4.0681e-04 3.8342e-04 3.5592e-04 3.2476e-04 2.9063e-04 2.5440e-04 2.1717e-04 1.8017e-04 1.4467e-04 1.1191e-04 8.2946e-05 5.8527e-05 3.9022e-05 2.4371e-05 1.4110e-05 7.4817e-06 3.5810e-06 1.5208e-06 5.6146e-07 1.7580e-07 4.5320e-08 9.2809e-09 1.4454e-09 1.6232e-10 1.2312e-11 5.8186e-13 1.5497e-14 2.0517e-16 1.1527e-18 2.2491e-21 1.1789e-24 1.1925e-28 1.5130e-33 1.3663e-39 4.1368e-47 1.5263e-56 1.7295e-68 8.9775e-84 1.4823e-103 1.7376e-129 5.7818e-164 1.5194e-210 1.2685e-274 0.0000e+00 0.0000e+00 0.0000e+00 0.0000e+00 0.0000e+00 0.0000e+00 0.0000e+00 0.0000e+00 0.0000e+00 0.0000e+00 0.0000e+00 0.0000e+00 0.0000e+00 0.0000e+00
-2.3672e-06 -6.7004e-06 -1.2324e-05 -1.9006e-05 -2.6619e-05 -3.5082e-05 -4.4342e-05 -5.4363e-05 -6.5118e-05 3.6227e-04 -8.8764e-05 -1.0163e-04 -1.1519e-04 -1.2943e-04 -1.4435e-04 -1.5993e-04 -1.7618e-04 -1.9307e-04 -2.1058e-04 -2.2871e-04 -2.4740e-04 -2.6662e-04 -2.8632e-04 -3.0643e-04 -3.2686e-04 -3.4752e-04 -3.6827e-04 -3.8898e-04 -4.0946e-04 -4.2952e-04 -4.4891e-04 -4.6737e-04 -4.8459e-04 -5.0022e-04 -5.1390e-04 -5.2522e-04 -5.3373e-04 -5.3900e-04 -5.4057e-04 -5.3799e-04 -5.3088e-04 -5.1889e-04 -5.0180e-04 -4.7950e-04 -4.5206e-04 -4.1977e-04 -3.8317e-04 -3.4303e-04 -3.0042e-04 -2.5659e-04 -2.1300e-04 -1.7115e-04 -1.3250e-04 -9.8289e-05 -6.9422e-05 -4.6339e-05 -2.8977e-05 -1.6802e-05 -8.9240e-06 -4.2796e-06 -1.8216e-06 -6.7419e-07 -2.1171e-07 -5.4766e-08 -1.1260e-08 -1.7616e-09 -1.9889e-10 -1.5180e-11 -7.2268e-13 -1.9414e-14 -2.5966e-16 -1.4766e-18 -2.9228e-21 -1.5587e-24 -1.6096e-28 -2.0935e-33 -1.9484e-39 -6.1196e-47 -2.3613e-56 -2.8268e-68 -1.5700e-83 -2.8186e-103 -3.6656e-129 -1.3883e-163 -4.2899e-210 -4.3921e-274 0.0000e+00 0.0000e+00 0.0000e+00 0.0000e+00 0.0000e+00 0.0000e+00 0.0000e+00 0.0000e+00 0.0000e+00 0.0000e+00 0.0000e+00 0.0000e+00 0.0000e+00 0.0000e+00 2.3672e-06 6.7004e-06 1.2324e-05 1.9006e-05 2.6619e-05 3.5082e-05 4.4342e-05 5.4363e-05 6.5118e-05 0.0000e+00 8.8764e-05 1.0163e-04 1.1519e-04 1.2943e-04 1.4434e-04 1.5993e-04 1.7617e-04 1.9306e-04 2.1058e-04 2.2869e-04 2.4738e-04 2.6660e-04 2.8630e-04 3.0640e-04 3.2682e-04 3.4746e-04 3.6820e-04 3.8889e-04 4.0935e-04 4.2938e-04 4.4875e-04 4.6717e-04 4.8435e-04 4.9994e-04 5.1357e-04 5.2483e-04 5.3328e-04 5.3847e-04 5.3996e-04 5.3731e-04 5.3011e-04 5.1804e-04 5.0086e-04 4.7847e-04 4.5096e-04 4.1862e-04 3.8197e-04 3.4182e-04 2.9922e-04 2.5543e-04 2.1191e-04 1.7016e-04 1.3163e-04 9.7558e-05 6.8837e-05 4.5897e-05 2.8664e-05 1.6596e-05 8.7996e-06 4.2119e-06 1.7888e-06 6.6036e-07 2.0676e-07 5.3303e-08 1.0916e-08 1.7000e-09 1.9091e-10 1.4481e-11 6.8435e-13 1.8227e-14 2.4130e-16 1.3557e-18 2.6451e-21 1.3865e-24 1.4025e-28 1.7792e-33 1.6065e-39 4.8637e-47 1.7942e-56 2.0325e-68 1.0546e-83 1.7400e-103 2.0372e-129 6.7647e-164 1.7711e-210 1.4684e-274 0.0000e+00 0.0000e+00 0.0000e+00 0.0000e+00 0.0000e+00 0.0000e+00 0.0000e+00 0.0000e+00 0.0000e+00 0.0000e+00 0.0000e+00 0.0000e+00 0.0000e+00 0.0000e+00
-2.7435e-06 -7.7655e-06 -1.4283e-05 -2.2027e-05 -3.0850e-05 -4.0659e-05 -5.1391e-05 -6.3005e-05 -7.5469e-05 -8.8764e-05 5.3404e-04 -1.1779e-04 -1.3350e-04 -1.5001e-04 -1.6729e-04 -1.8536e-04 -2.0418e-04 -2.2376e-04 -2.4406e-04 -2.6507e-04 -2.8674e-04 -3.0902e-04 -3.3185e-04 -3.5516e-04 -3.7885e-04 -4.0279e-04 -4.2685e-04 -4.5086e-04 -4.7461e-04 -4.9787e-04 -5.2036e-04 -5.4177e-04 -5.6175e-04 -5.7990e-04 -5.9578e-04 -6.0892e-04 -6.1883e-04 -6.2497e-04 -6.2683e-04 -6.2389e-04 -6.1570e-04 -6.0185e-04 -5.8209e-04 -5.5628e-04 -5.2452e-04 -4.8714e-04 -4.4474e-04 -3.9823e-04 -3.4883e-04 -2.9802e-04 -2.4746e-04 -1.9890e-04 -1.5404e-04 -1.1432e-04 -8.0779e-05 -5.3948e-05 -3.3756e-05 -1.9586e-05 -1.0411e-05 -4.9973e-06 -2.1292e-06 -7.8899e-07 -2.4810e-07 -6.4280e-08 -1.3240e-08 -2.0757e-09 -2.3492e-10 -1.7982e-11 -8.5889e-13 -2.3162e-14 -3.1119e-16 -1.7791e-18 -3.5434e-21 -1.9036e-24 -1.9828e-28 -2.6055e-33 -2.4544e-39 -7.8201e-47 -3.0688e-56 -3.7478e-68 -2.1310e-83 -3.9324e-103 -5.2818e-129 -2.0770e-163 -6.7060e-210 -7.2271e-274 0.0000e+00 0.0000e+00 0.0000e+00 0.0000e+00 0.0000e+00 0.0000e+00 0.0000e+00 0.0000e+00 0.0000e+00 0.0000e+00 0.0000e+00 0.0000e+00 0.0000e+00 0.0000e+00 2.7435e-06 7.7655e-06 1.4283e-05 2.2027e-05 3.0850e-05 4.0659e-05 5.1391e-05 6.3004e-05 7.5469e-05 8.8764e-05 0.0000e+00 1.1779e-04 1.3350e-04 1.5000e-04 1.6729e-04 1.8535e-04 2.0418e-04 2.2375e-04 2.4405e-04 2.6505e-04 2.8671e-04 3.0898e-04 3.3181e-04 3.5510e-04 3.7877e-04 4.0270e-04 4.2673e-04 4.5071e-04 4.7442e-04 4.9764e-04 5.2008e-04 5.4143e-04 5.6134e-04 5.7941e-04 5.9521e-04 6.0825e-04 6.1805e-04 6.2407e-04 6.2579e-04 6.2272e-04 6.1438e-04 6.0038e-04 5.8047e-04 5.5453e-04 5.2265e-04 4.8516e-04 4.4269e-04 3.9616e-04 3.4678e-04 2.9603e-04 2.4559e-04 1.9721e-04 1.5255e-04 1.1307e-04 7.9780e-05 5.3193e-05 3.3220e-05 1.9234e-05 1.0198e-05 4.8814e-06 2.0731e-06 7.6533e-07 2.3963e-07 6.1776e-08 1.2651e-08 1.9702e-09 2.2125e-10 1.6782e-11 7.9311e-13 2.1123e-14 2.7964e-16 1.5711e-18 3.0652e-21 1.6066e-24 1.6250e-28 2.0612e-33 1.8609e-39 5.6325e-47 2.0770e-56 2.3515e-68 1.2189e-83 2.0082e-103 2.3452e-129 7.7525e-164 2.0131e-210 1.6426e-274 0.0000e+00 0.0000e+00 0.0000e+00 0.0000e+00 0.0000e+00 0.0000e+00 0.0000e+00 0.0000e+00 0.0000e+00 0.0000e+00 0.0000e+00 0.0000e+00 0.0000e+00 0.0000e+00
-3.1413e-06 -8.8914e-06 -1.6354e-05 -2.5221e-05 -3.5323e-05 -4.6554e-05 -5.8842e-05 -7.2139e-05 -8.6411e-05 -1.0163e-04 -1.1779e-04 7.6206e-04 -1.5286e-04 -1.7176e-04 -1.9155e-04 -2.1223e-04 -2.3379e-04 -2.5621e-04 -2.7946e-04 -3.0351e-04 -3.2832e-04 -3.5384e-04 -3.7999e-04 -4.0668e-04 -4.3381e-04 -4.6124e-04 -4.8880e-04 -5.1630e-04 -5.4351e-04 -5.7016e-04 -5.9594e-04 -6.2048e-04 -6.4339e-04 -6.6421e-04 -6.8244e-04 -6.9754e-04 -7.0893e-04 -7.1602e-04 -7.1821e-04 -7.1492e-04 -7.0561e-04 -6.8983e-04 -6.6727e-04 -6.3779e-04 -6.0149e-04 -5.5873e-04 -5.1021e-04 -4.5698e-04 -4.0041e-04 -3.4220e-04 -2.8425e-04 -2.2857e-04 -1.7710e-04 -1.3150e-04 -9.2981e-05 -6.2141e-05 -3.8913e-05 -2.2599e-05 -1.2025e-05 -5.7788e-06 -2.4655e-06 -9.1503e-07 -2.8825e-07 -7.4834e-08 -1.5450e-08 -2.4289e-09 -2.7575e-10 -2.1184e-11 -1.0161e-12 -2.7538e-14 -3.7210e-16 -2.1415e-18 -4.2986e-21 -2.3303e-24 -2.4532e-28 -3.2637e-33 -3.1191e-39 -1.0106e-46 -4.0441e-56 -5.0519e-68 -2.9487e-83 -5.6079e-103 -7.7982e-129 -3.1916e-163 -1.0792e-209 -1.2276e-273 0.0000e+00 0.0000e+00 0.0000e+00 0.0000e+00 0.0000e+00 0.0000e+00 0.0000e+00 0.0000e+00 0.0000e+00 0.0000e+00 0.0000e+00 0.0000e+00 0.0000e+00 0.0000e+00 3.1413e-06 8.8914e-06 1.6354e-05 2.5221e-05 3.5323e-05 4.6554e-05 5.8842e-05 7.2139e-05 8.6411e-05 1.0163e-04 1.1779e-04 0.0000e+00 1.5286e-04 1.7175e-04 1.9154e-04 2.1222e-04 2.3378e-04 2.5619e-04 2.7943e-04 3.0348e-04 3.2828e-04 3.5378e-04 3.7991e-04 4.0659e-04 4.3369e-04 4.6108e-04 4.8860e-04 5.1605e-04 5.4321e-04 5.6979e-04 5.9548e-04 6.1993e-04 6.4273e-04 6.6342e-04 6.8151e-04 6.9644e-04 7.0766e-04 7.1455e-04 7.1653e-04 7.1300e-04 7.0345e-04 6.8743e-04 6.6463e-04 6.3493e-04 5.9843e-04 5.5551e-04 5.0688e-04 4.5360e-04 3.9706e-04 3.3895e-04 2.8120e-04 2.2580e-04 1.7467e-04 1.2946e-04 9.1346e-05 6.0905e-05 3.8037e-05 2.2022e-05 1.1677e-05 5.5891e-06 2.3736e-06 8.7628e-07 2.7437e-07 7.0732e-08 1.4485e-08 2.2558e-09 2.5332e-10 1.9215e-11 9.0804e-13 2.4183e-14 3.2014e-16 1.7986e-18 3.5087e-21 1.8389e-24 1.8596e-28 2.3584e-33 2.1286e-39 6.4394e-47 2.3728e-56 2.6833e-68 1.3884e-83 2.2802e-103 2.6489e-129 8.6744e-164 2.2125e-210 1.7394e-274 0.0000e+00 0.0000e+00 0.0000e+00 0.0000e+00 0.0000e+00 0.0000e+00 0.0000e+00 0.0000e+00 0.0000e+00 0.0000e+00 0.0000e+00 0.0000e+00 0.0000e+00 0.0000e+00
-3.5603e-06 -1.0077e-05 -1.8536e-05 -2.8585e-05 -4.0035e-05 -5.2764e-05 -6.6691e-05 -8.1762e-05 -9.7938e-05 -1.1519e-04 -1.3350e-04 -1.5286e-04 1.0583e-03 -1.9467e-04 -2.1710e-04 -2.4055e-04 -2.6498e-04 -2.9039e-04 -3.1675e-04 -3.4401e-04 -3.7214e-04 -4.0106e-04 -4.3071e-04 -4.6097e-04 -4.9173e-04 -5.2283e-04 -5.5409e-04 -5.8528e-04 -6.1615e-04 -6.4638e-04 -6.7563e-04 -7.0349e-04 -7.2950e-04 -7.5316e-04 -7.7388e-04 -7.9106e-04 -8.0406e-04 -8.1219e-04 -8.1476e-04 -8.1113e-04 -8.0068e-04 -7.8291e-04 -7.5744e-04 -7.2413e-04 -6.8307e-04 -6.3468e-04 -5.7975e-04 -5.1943e-04 -4.5531e-04 -3.8928e-04 -3.2351e-04 -2.6029e-04 -2.0180e-04 -1.4995e-04 -1.0611e-04 -7.0977e-05 -4.4492e-05 -2.5869e-05 -1.3783e-05 -6.6338e-06 -2.8352e-06 -1.0543e-06 -3.3288e-07 -8.6645e-08 -1.7942e-08 -2.8303e-09 -3.2260e-10 -2.4896e-11 -1.2004e-12 -3.2731e-14 -4.4537e-16 -2.5840e-18 -5.2355e-21 -2.8691e-24 -3.0582e-28 -4.1275e-33 -4.0103e-39 -1.3242e-46 -5.4153e-56 -6.9342e-68 -4.1630e-83 -8.1754e-103 -1.1792e-128 -5.0328e-163 -1.7864e-209 -2.1510e-273 0.0000e+00 0.0000e+00 0.0000e+00 0.0000e+00 0.0000e+00 0.0000e+00 0.0000e+00 0.0000e+00 0.0000e+00 0.0000e+00 0.0000e+00 0.0000e+00 0.0000e+00 0.0000e+00 3.5603e-06 1.0077e-05 1.8536e-05 2.8585e-05 4.0035e-05 5.2764e-05 6.6691e-05 8.1762e-05 9.7937e-05 1.1519e-04 1.3350e-04 1.5286e-04 0.0000e+00 1.9466e-04 2.1710e-04 2.4053e-04 2.6496e-04 2.9036e-04 3.1671e-04 3.4396e-04 3.7207e-04 4.0097e-04 4.3059e-04 4.6082e-04 4.9154e-04 5.2258e-04 5.5378e-04 5.8489e-04 6.1567e-04 6.4579e-04 6.7492e-04 7.0263e-04 7.2847e-04 7.5192e-04 7.7241e-04 7.8934e-04 8.0205e-04 8.0987e-04 8.1210e-04 8.0811e-04 7.9729e-04 7.7913e-04 7.5329e-04 7.1962e-04 6.7825e-04 6.2961e-04 5.7449e-04 5.1410e-04 4.5002e-04 3.8417e-04 3.1871e-04 2.5592e-04 1.9797e-04 1.4673e-04 1.0353e-04 6.9029e-05 4.3110e-05 2.4960e-05 1.3235e-05 6.3345e-06 2.6902e-06 9.9315e-07 3.1096e-07 8.0164e-08 1.6416e-08 2.5566e-09 2.8709e-10 2.1775e-11 1.0290e-12 2.7404e-14 3.6275e-16 2.0378e-18 3.9748e-21 2.0828e-24 2.1058e-28 2.6695e-33 2.4079e-39 7.2779e-47 2.6781e-56 3.0219e-68 1.5579e-83 2.5434e-103 2.9235e-129 9.3861e-164 2.3001e-210 1.6470e-274 0.0000e+00 0.0000e+00 0.0000e+00 0.0000e+00 0.0000e+00 0.0000e+00 0.0000e+00 0.0000e+00 0.0000e+00 0.0000e+00 0.0000e+00 0.0000e+00 0.0000e+00 0.0000e+00
-4.0004e-06 -1.1323e-05 -2.0827e-05 -3.2119e-05 -4.4984e-05 -5.9286e-05 -7.4935e-05 -9.1869e-05 -1.1004e-04 -1.2943e-04 -1.5001e-04 -1.7176e-04 -1.9467e-04 1.4361e-03 -2.4395e-04 -2.7029e-04 -2.9775e-04 -3.2630e-04 -3.5591e-04 -3.8656e-04 -4.1817e-04 -4.5068e-04 -4.8400e-04 -5.1802e-04 -5.5260e-04 -5.8756e-04 -6.2271e-04 -6.5778e-04 -6.9250e-04 -7.2652e-04 -7.5944e-04 -7.9080e-04 -8.2010e-04 -8.4675e-04 -8.7013e-04 -8.8954e-04 -9.0426e-04 -9.1351e-04 -9.1655e-04 -9.1261e-04 -9.0102e-04 -8.8120e-04 -8.5274e-04 -8.1545e-04 -7.6945e-04 -7.1518e-04 -6.5352e-04 -5.8578e-04 -5.1371e-04 -4.3945e-04 -3.6543e-04 -2.9422e-04 -2.2829e-04 -1.6978e-04 -1.2026e-04 -8.0537e-05 -5.0550e-05 -2.9434e-05 -1.5709e-05 -7.5750e-06 -3.2445e-06 -1.2095e-06 -3.8295e-07 -9.9997e-08 -2.0783e-08 -3.2923e-09 -3.7707e-10 -2.9260e-11 -1.4199e-12 -3.8994e-14 -5.3503e-16 -3.1339e-18 -6.4191e-21 -3.5617e-24 -3.8506e-28 -5.2814e-33 -5.2261e-39 -1.7618e-46 -7.3747e-56 -9.6952e-68 -5.9961e-83 -1.2178e-102 -1.8249e-128 -8.1386e-163 -3.0405e-209 -3.8897e-273 0.0000e+00 0.0000e+00 0.0000e+00 0.0000e+00 0.0000e+00 0.0000e+00 0.0000e+00 0.0000e+00 0.0000e+00 0.0000e+00 0.0000e+00 0.0000e+00 0.0000e+00 0.0000e+00 4.0004e-06 1.1323e-05 2.0827e-05 3.2119e-05 4.4984e-05 5.9286e-05 7.4935e-05 9.1869e-05 1.1004e-04 1.2943e-04 1.5000e-04 1.7175e-04 1.9466e-04 0.0000e+00 2.4393e-04 2.7027e-04 2.9771e-04 3.2626e-04 3.5586e-04 3.8648e-04 4.1806e-04 4.5054e-04 4.8382e-04 5.1779e-04 5.5230e-04 5.8718e-04 6.2223e-04 6.5719e-04 6.9177e-04 7.2562e-04 7.5835e-04 7.8948e-04 8.1851e-04 8.4486e-04 8.6789e-04 8.8692e-04 9.0120e-04 9.0998e-04 9.1249e-04 9.0800e-04 8.9584e-04 8.7544e-04 8.4641e-04 8.0858e-04 7.6209e-04 7.0743e-04 6.4551e-04 5.7765e-04 5.0565e-04 4.3165e-04 3.5811e-04 2.8755e-04 2.2244e-04 1.6486e-04 1.1633e-04 7.7561e-05 4.8439e-05 2.8045e-05 1.4870e-05 7.1174e-06 3.0227e-06 1.1159e-06 3.4938e-07 9.0068e-08 1.8444e-08 2.8723e-09 3.2254e-10 2.4463e-11 1.1560e-12 3.0782e-14 4.0742e-16 2.2883e-18 4.4625e-21 2.3376e-24 2.3622e-28 2.9924e-33 2.6963e-39 8.1365e-47 2.9864e-56 3.3560e-68 1.7186e-83 2.7729e-103 3.1198e-129 9.5982e-164 2.1327e-210 1.1230e-274 0.0000e+00 0.0000e+00 0.0000e+00 0.0000e+00 0.0000e+00 0.0000e+00 0.0000e+00 0.0000e+00 0.0000e+00 0.0000e+00 0.0000e+00 0.0000e+00 0.0000e+00 0.0000e+00
-4.4614e-06 -1.2628e-05 -2.3227e-05 -3.5820e-05 -5.0167e-05 -6.6118e-05 -8.3570e-05 -1.0246e-04 -1.2273e-04 -1.4435e-04 -1.6729e-04 -1.9155e-04 -2.1710e-04 -2.4395e-04 1.9106e-03 -3.0144e-04 -3.3207e-04 -3.6391e-04 -3.9695e-04 -4.3113e-04 -4.6639e-04 -5.0266e-04 -5.3984e-04 -5.7780e-04 -6.1638e-04 -6.5541e-04 -6.9464e-04 -7.3380e-04 -7.7257e-04 -8.1057e-04 -8.4735e-04 -8.8242e-04 -9.1519e-04 -9.4502e-04 -9.7122e-04 -9.9302e-04 -1.0096e-03 -1.0201e-03 -1.0237e-03 -1.0195e-03 -1.0068e-03 -9.8487e-04 -9.5335e-04 -9.1196e-04 -8.6083e-04 -8.0045e-04 -7.3179e-04 -6.5629e-04 -5.7589e-04 -4.9298e-04 -4.1026e-04 -3.3059e-04 -2.5676e-04 -1.9116e-04 -1.3558e-04 -9.0923e-05 -5.7160e-05 -3.3344e-05 -1.7832e-05 -8.6187e-06 -3.7013e-06 -1.3839e-06 -4.3968e-07 -1.1526e-07 -2.4061e-08 -3.8308e-09 -4.4127e-10 -3.4467e-11 -1.6849e-12 -4.6667e-14 -6.4647e-16 -3.8280e-18 -7.9378e-21 -4.4659e-24 -4.9043e-28 -6.8457e-33 -6.9088e-39 -2.3809e-46 -1.0215e-55 -1.3805e-67 -8.8069e-83 -1.8525e-102 -2.8895e-128 -1.3496e-162 -5.3235e-209 -7.2669e-273 0.0000e+00 0.0000e+00 0.0000e+00 0.0000e+00 0.0000e+00 0.0000e+00 0.0000e+00 0.0000e+00 0.0000e+00 0.0000e+00 0.0000e+00 0.0000e+00 0.0000e+00 0.0000e+00 4.4614e-06 1.2628e-05 2.3227e-05 3.5820e-05 5.0167e-05 6.6118e-05 8.3570e-05 1.0246e-04 1.2272e-04 1.4434e-04 1.6729e-04 1.9154e-04 2.1710e-04 2.4393e-04 0.0000e+00 3.0141e-04 3.3202e-04 3.6385e-04 3.9686e-04 4.3101e-04 4.6624e-04 5.0246e-04 5.3957e-04 5.7745e-04 6.1594e-04 6.5485e-04 6.9394e-04 7.3293e-04 7.7149e-04 8.0924e-04 8.4573e-04 8.8046e-04 9.1284e-04 9.4222e-04 9.6791e-04 9.8912e-04 1.0050e-03 1.0148e-03 1.0176e-03 1.0126e-03 9.9907e-04 9.7632e-04 9.4394e-04 9.0176e-04 8.4991e-04 7.8895e-04 7.1989e-04 6.4422e-04 5.6392e-04 4.8140e-04 3.9937e-04 3.2069e-04 2.4807e-04 1.8386e-04 1.2973e-04 8.6498e-05 5.4020e-05 3.1276e-05 1.6583e-05 7.9374e-06 3.3709e-06 1.2444e-06 3.8962e-07 1.0044e-07 2.0567e-08 3.2028e-09 3.5963e-10 2.7274e-11 1.2886e-12 3.4310e-14 4.5403e-16 2.5494e-18 4.9697e-21 2.6018e-24 2.6270e-28 3.3238e-33 2.9893e-39 8.9945e-47 3.2863e-56 3.6656e-68 1.8533e-83 2.9225e-103 3.1432e-129 8.7335e-164 1.4138e-210 -3.5871e-275 0.0000e+00 0.0000e+00 0.0000e+00 0.0000e+00 0.0000e+00 0.0000e+00 0.0000e+00 0.0000e+00 0.0000e+00 0.0000e+00 0.0000e+00 0.0000e+00 0.0000e+00 0.0000e+00
-4.9431e-06 -1.3991e-05 -2.5735e-05 -3.9687e-05 -5.5584e-05 -7.3256e-05 -9.2593e-05 -1.1352e-04 -1.3598e-04 -1.5993e-04 -1.8536e-04 -2.1223e-04 -2.4055e-04 -2.7029e-04 -3.0144e-04 2.4988e-03 -3.6793e-04 -4.0323e-04 -4.3984e-04 -4.7772e-04 -5.1680e-04 -5.5700e-04 -5.9821e-04 -6.4030e-04 -6.8308e-04 -7.2636e-04 -7.6987e-04 -8.1332e-04 -8.5635e-04 -8.9853e-04 -9.3939e-04 -9.7835e-04 -1.0148e-03 -1.0480e-03 -1.0772e-03 -1.1016e-03 -1.1201e-03 -1.1320e-03 -1.1362e-03 -1.1319e-03 -1.1181e-03 -1.0941e-03 -1.0595e-03 -1.0139e-03 -9.5750e-04 -8.9081e-04 -8.1487e-04 -7.3128e-04 -6.4217e-04 -5.5017e-04 -4.5828e-04 -3.6969e-04 -2.8746e-04 -2.1431e-04 -1.5223e-04 -1.0226e-04 -6.4414e-05 -3.7658e-05 -2.0189e-05 -9.7854e-06 -4.2157e-06 -1.5819e-06 -5.0464e-07 -1.3290e-07 -2.7888e-08 -4.4665e-09 -5.1794e-10 -4.0761e-11 -2.0097e-12 -5.6197e-14 -7.8692e-16 -4.7164e-18 -9.9132e-21 -5.6622e-24 -6.3237e-28 -8.9939e-33 -9.2677e-39 -3.2685e-46 -1.4389e-55 -2.0013e-67 -1.3186e-82 -2.8773e-102 -4.6811e-128 -2.2964e-162 -9.5992e-209 -1.4050e-272 0.0000e+00 0.0000e+00 0.0000e+00 0.0000e+00 0.0000e+00 0.0000e+00 0.0000e+00 0.0000e+00 0.0000e+00 0.0000e+00 0.0000e+00 0.0000e+00 0.0000e+00 0.0000e+00 4.9431e-06 1.3991e-05 2.5735e-05 3.9687e-05 5.5583e-05 7.3256e-05 9.2593e-05 1.1352e-04 1.3597e-04 1.5993e-04 1.8535e-04 2.1222e-04 2.4053e-04 2.7027e-04 3.0141e-04 0.0000e+00 3.6787e-04 4.0313e-04 4.3971e-04 4.7755e-04 5.1657e-04 5.5670e-04 5.9782e-04 6.3980e-04 6.8244e-04 7.2555e-04 7.6885e-04 8.1205e-04 8.5478e-04 8.9661e-04 9.3704e-04 9.7551e-04 1.0114e-03 1.0439e-03 1.0724e-03 1.0959e-03 1.1136e-03 1.1244e-03 1.1275e-03 1.1220e-03 1.1069e-03 1.0817e-03 1.0459e-03 9.9911e-04 9.4167e-04 8.7413e-04 7.9761e-04 7.1377e-04 6.2480e-04 5.3337e-04 4.4248e-04 3.5531e-04 2.7485e-04 2.0371e-04 1.4374e-04 9.5834e-05 5.9850e-05 3.4651e-05 1.8373e-05 8.7938e-06 3.7345e-06 1.3786e-06 4.3163e-07 1.1126e-07 2.2783e-08 3.5476e-09 3.9831e-10 3.0204e-11 1.4268e-12 3.7980e-14 5.0244e-16 2.8199e-18 5.4934e-21 2.8732e-24 2.8969e-28 3.6576e-33 3.2789e-39 9.8165e-47 3.5575e-56 3.9141e-68 1.9313e-83 2.9050e-103 2.8115e-129 5.6421e-164 -4.7383e-211 -3.9550e-274 0.0000e+00 0.0000e+00 0.0000e+00 0.0000e+00 0.0000e+00 0.0000e+00 0.0000e+00 0.0000e+00 0.0000e+00 0.0000e+00 0.0000e+00 0.0000e+00 0.0000e+00 0.0000e+00
-5.4451e-06 -1.5412e-05 -2.8348e-05 -4.3718e-05 -6.1229e-05 -8.0696e-05 -1.0200e-04 -1.2505e-04 -1.4979e-04 -1.7618e-04 -2.0418e-04 -2.3379e-04 -2.6498e-04 -2.9775e-04 -3.3207e-04 -3.6793e-04 3.2194e-03 -4.4421e-04 -4.8455e-04 -5.2629e-04 -5.6936e-04 -6.1367e-04 -6.5909e-04 -7.0549e-04 -7.5266e-04 -8.0039e-04 -8.4839e-04 -8.9633e-04 -9.4382e-04 -9.9040e-04 -1.0355e-03 -1.0786e-03 -1.1189e-03 -1.1557e-03 -1.1881e-03 -1.2152e-03 -1.2360e-03 -1.2494e-03 -1.2544e-03 -1.2500e-03 -1.2352e-03 -1.2092e-03 -1.1714e-03 -1.1216e-03 -1.0598e-03 -9.8660e-04 -9.0314e-04 -8.1114e-04 -7.1294e-04 -6.1142e-04 -5.0988e-04 -4.1184e-04 -3.2070e-04 -2.3948e-04 -1.7041e-04 -1.1472e-04 -7.2427e-05 -4.2453e-05 -2.2827e-05 -1.1101e-05 -4.8005e-06 -1.8090e-06 -5.7982e-07 -1.5352e-07 -3.2410e-08 -5.2259e-09 -6.1063e-10 -4.8467e-11 -2.4125e-12 -6.8181e-14 -9.6610e-16 -5.8670e-18 -1.2513e-20 -7.2634e-24 -8.2579e-28 -1.1978e-32 -1.2614e-38 -4.5571e-46 -2.0605e-55 -2.9530e-67 -2.0126e-82 -4.5644e-102 -7.7645e-128 -4.0135e-162 -1.7853e-208 -2.8166e-272 0.0000e+00 0.0000e+00 0.0000e+00 0.0000e+00 0.0000e+00 0.0000e+00 0.0000e+00 0.0000e+00 0.0000e+00 0.0000e+00 0.0000e+00 0.0000e+00 0.0000e+00 0.0000e+00 5.4451e-06 1.5412e-05 2.8348e-05 4.3718e-05 6.1229e-05 8.0696e-05 1.0200e-04 1.2505e-04 1.4978e-04 1.7617e-04 2.0418e-04 2.3378e-04 2.6496e-04 2.9771e-04 3.3202e-04 3.6787e-04 0.0000e+00 4.4408e-04 4.8437e-04 5.2605e-04 5.6904e-04 6.1324e-04 6.5854e-04 7.0477e-04 7.5175e-04 7.9923e-04 8.4694e-04 8.9453e-04 9.4159e-04 9.8767e-04 1.0322e-03 1.0746e-03 1.1141e-03 1.1500e-03 1.1813e-03 1.2072e-03 1.2266e-03 1.2386e-03 1.2420e-03 1.2359e-03 1.2194e-03 1.1916e-03 1.1521e-03 1.1006e-03 1.0373e-03 9.6290e-04 8.7861e-04 7.8626e-04 6.8825e-04 5.8753e-04 4.8742e-04 3.9139e-04 3.0276e-04 2.2439e-04 1.5833e-04 1.0556e-04 6.5926e-05 3.8169e-05 2.0238e-05 9.6861e-06 4.1134e-06 1.5184e-06 4.7538e-07 1.2253e-07 2.5088e-08 3.9062e-09 4.3851e-10 3.3245e-11 1.5701e-12 4.1778e-14 5.5238e-16 3.0979e-18 6.0283e-21 3.1480e-24 3.1665e-28 3.9839e-33 3.5519e-39 1.0541e-46 3.7645e-56 4.0368e-68 1.8962e-83 2.5582e-103 1.7736e-129 -1.9811e-164 -4.8302e-210 -1.2258e-273 0.0000e+00 0.0000e+00 0.0000e+00 0.0000e+00 0.0000e+00 0.0000e+00 0.0000e+00 0.0000e+00 0.0000e+00 0.0000e+00 0.0000e+00 0.0000e+00 0.0000e+00 0.0000e+00
