1.0400e-08 -1.4142e-08 -2.5980e-08 -3.9997e-08 -5.5893e-08 -7.3461e-08 -9.2546e-08 -1.1302e-07 -1.3478e-07 -1.5772e-07 -1.8175e-07 -2.0677e-07 -2.3269e-07 -2.5941e-07 -2.8682e-07 -3.1480e-07 -3.4322e-07 -3.7195e-07 -4.0082e-07 -4.2968e-07 -4.5834e-07 -4.8660e-07 -5.1425e-07 -5.4108e-07 -5.6685e-07 -5.9131e-07 -6.1421e-07 -6.3529e-07 -6.5430e-07 -6.7098e-07 -6.8508e-07 -6.9638e-07 -7.0466e-07 -7.0974e-07 -7.1145e-07 -7.0968e-07 -7.0435e-07 -6.9543e-07 -6.8295e-07 -6.6698e-07 -6.4765e-07 -6.2517e-07 -5.9977e-07 -5.7175e-07 -5.4146e-07 -5.0930e-07 -4.7568e-07 -4.4104e-07 -4.0584e-07 -3.7054e-07 -3.3559e-07 -3.0139e-07 -2.6834e-07 -2.3678e-07 -2.0701e-07 -1.7926e-07 -1.5370e-07 -1.3045e-07 -1.0955e-07 -9.1009e-08 -7.4761e-08 -6.0707e-08 -4.8711e-08 -3.8608e-08 -3.0216e-08 -2.3342e-08 -1.7791e-08 -1.3375e-08 -9.9127e-09 -7.2405e-09 -5.2098e-09 -3.6913e-09 -2.5743e-09 -1.7663e-09 -1.1919e-09 -7.9057e-10 -5.1525e-10 -3.2980e-10 -2.0723e-10 -1.2777e-10 -7.7261e-11 -4.5798e-11 -2.6599e-11 -1.5129e-11 -8.4235e-12 -4.5883e-12 -2.4440e-12 -1.2723e-12 -6.4700e-13 -3.2123e-13 -1.5563e-13 -7.3539e-14 -3.3871e-14 -1.5198e-14 -6.6400e-15 -2.8230e-15 -1.1673e-15 -4.6917e-16 -1.8318e-16 -6.9441e-17 0.0000e+00 1.4142e-08 2.5980e-08 3.9997e-08 5.5893e-08 7.3461e-08 9.2546e-08 1.1302e-07 1.3478e-07 1.5772e-07 1.8175e-07 2.0677e-07 2.3269e-07 2.5941e-07 2.8682e-07 3.1480e-07 3.4322e-07 3.7195e-07 4.0082e-07 4.2968e-07 4.5834e-07 4.8660e-07 5.1425e-07 5.4108e-07 5.6685e-07 5.9131e-07 6.1421e-07 6.3529e-07 6.5430e-07 6.7098e-07 6.8508e-07 6.9638e-07 7.0466e-07 7.0974e-07 7.1145e-07 7.0968e-07 7.0435e-07 6.9543e-07 6.8295e-07 6.6698e-07 6.4765e-07 6.2517e-07 5.9976e-07 5.7175e-07 5.4146e-07 5.0930e-07 4.7568e-07 4.4104e-07 4.0584e-07 3.7054e-07 3.3559e-07 3.0139e-07 2.6834e-07 2.3678e-07 2.0701e-07 1.7926e-07 1.5370e-07 1.3045e-07 1.0955e-07 9.1009e-08 7.4760e-08 6.0707e-08 4.8711e-08 3.8608e-08 3.0216e-08 2.3342e-08 1.7791e-08 1.3375e-08 9.9127e-09 7.2404e-09 5.2098e-09 3.6913e-09 2.5743e-09 1.7663e-09 1.1919e-09 7.9057e-10 5.1524e-10 3.2980e-10 2.0723e-10 1.2777e-10 7.7261e-11 4.5797e-11 2.6599e-11 1.5129e-11 8.4234e-12 4.5883e-12 2.4439e-12 1.2723e-12 6.4700e-13 3.2123e-13 1.5563e-13 7.3538e-14 3.3871e-14 1.5198e-14 6.6400e-15 2.8230e-15 1.1673e-15 4.6916e-16 1.8318e-16 6.9440e-17
-1.4142e-08 1.6637e-07 -7.3483e-08 -1.1313e-07 -1.5809e-07 -2.0778e-07 -2.6176e-07 -3.1967e-07 -3.8121e-07 -4.4610e-07 -5.1406e-07 -5.8484e-07 -6.5815e-07 -7.3373e-07 -8.1125e-07 -8.9038e-07 -9.7077e-07 -1.0520e-06 -1.1337e-06 -1.2153e-06 -1.2964e-06 -1.3763e-06 -1.4545e-06 -1.5304e-06 -1.6033e-06 -1.6725e-06 -1.7372e-06 -1.7969e-06 -1.8506e-06 -1.8978e-06 -1.9377e-06 -1.9697e-06 -1.9931e-06 -2.0074e-06 -2.0123e-06 -2.0073e-06 -1.9922e-06 -1.9670e-06 -1.9317e-06 -1.8865e-06 -1.8318e-06 -1.7682e-06 -1.6964e-06 -1.6172e-06 -1.5315e-06 -1.4405e-06 -1.3454e-06 -1.2475e-06 -1.1479e-06 -1.0481e-06 -9.4919e-07 -8.5246e-07 -7.5899e-07 -6.6974e-07 -5.8553e-07 -5.0703e-07 -4.3474e-07 -3.6897e-07 -3.0987e-07 -2.5742e-07 -2.1146e-07 -1.7171e-07 -1.3778e-07 -1.0920e-07 -8.5466e-08 -6.6022e-08 -5.0323e-08 -3.7830e-08 -2.8039e-08 -2.0480e-08 -1.4736e-08 -1.0441e-08 -7.2815e-09 -4.9962e-09 -3.3713e-09 -2.2362e-09 -1.4574e-09 -9.3289e-10 -5.8619e-10 -3.6142e-10 -2.1854e-10 -1.2955e-10 -7.5240e-11 -4.2796e-11 -2.3827e-11 -1.2979e-11 -6.9133e-12 -3.5990e-12 -1.8302e-12 -9.0870e-13 -4.4025e-13 -2.0803e-13 -9.5814e-14 -4.2993e-14 -1.8784e-14 -7.9860e-15 -3.3022e-15 -1.3272e-15 -5.1822e-16 -1.9644e-16 1.4142e-08 0.0000e+00 7.3483e-08 1.1313e-07 1.5809e-07 2.0778e-07 2.6176e-07 3.1967e-07 3.8121e-07 4.4610e-07 5.1406e-07 5.8484e-07 6.5815e-07 7.3373e-07 8.1125e-07 8.9038e-07 9.7077e-07 1.0520e-06 1.1337e-06 1.2153e-06 1.2964e-06 1.3763e-06 1.4545e-06 1.5304e-06 1.6033e-06 1.6725e-06 1.7372e-06 1.7969e-06 1.8506e-06 1.8978e-06 1.9377e-06 1.9697e-06 1.9931e-06 2.0074e-06 2.0123e-06 2.0073e-06 1.9922e-06 1.9670e-06 1.9317e-06 1.8865e-06 1.8318e-06 1.7682e-06 1.6964e-06 1.6171e-06 1.5315e-06 1.4405e-06 1.3454e-06 1.2474e-06 1.1479e-06 1.0481e-06 9.4917e-07 8.5245e-07 7.5898e-07 6.6972e-07 5.8552e-07 5.0702e-07 4.3473e-07 3.6896e-07 3.0986e-07 2.5741e-07 2.1145e-07 1.7170e-07 1.3777e-07 1.0920e-07 8.5463e-08 6.6020e-08 5.0321e-08 3.7829e-08 2.8037e-08 2.0479e-08 1.4735e-08 1.0440e-08 7.2811e-09 4.9959e-09 3.3711e-09 2.2360e-09 1.4573e-09 9.3282e-10 5.8614e-10 3.6139e-10 2.1853e-10 1.2953e-10 7.5233e-11 4.2792e-11 2.3825e-11 1.2978e-11 6.9125e-12 3.5986e-12 1.8300e-12 9.0858e-13 4.4019e-13 2.0800e-13 9.5800e-14 4.2986e-14 1.8781e-14 7.9847e-15 3.3016e-15 1.3270e-15 5.1812e-16 1.9640e-16
-2.5980e-08 -7.3483e-08 8.4223e-07 -2.0783e-07 -2.9042e-07 -3.8171e-07 -4.8087e-07 -5.8726e-07 -7.0032e-07 -8.1952e-07 -9.4437e-07 -1.0744e-06 -1.2091e-06 -1.3479e-06 -1.4903e-06 -1.6357e-06 -1.7834e-06 -1.9327e-06 -2.0827e-06 -2.2326e-06 -2.3815e-06 -2.5284e-06 -2.6721e-06 -2.8115e-06 -2.9454e-06 -3.0725e-06 -3.1915e-06 -3.3010e-06 -3.3998e-06 -3.4865e-06 -3.5598e-06 -3.6185e-06 -3.6615e-06 -3.6879e-06 -3.6968e-06 -3.6876e-06 -3.6599e-06 -3.6136e-06 -3.5487e-06 -3.4657e-06 -3.3653e-06 -3.2485e-06 -3.1165e-06 -2.9709e-06 -2.8136e-06 -2.6465e-06 -2.4718e-06 -2.2918e-06 -2.1089e-06 -1.9255e-06 -1.7438e-06 -1.5661e-06 -1.3944e-06 -1.2304e-06 -1.0757e-06 -9.3154e-07 -7.9873e-07 -6.7789e-07 -5.6931e-07 -4.7295e-07 -3.8851e-07 -3.1548e-07 -2.5314e-07 -2.0064e-07 -1.5703e-07 -1.2131e-07 -9.2462e-08 -6.9510e-08 -5.1519e-08 -3.7631e-08 -2.7077e-08 -1.9185e-08 -1.3380e-08 -9.1806e-09 -6.1949e-09 -4.1092e-09 -2.6782e-09 -1.7143e-09 -1.0772e-09 -6.6418e-10 -4.0163e-10 -2.3807e-10 -1.3828e-10 -7.8652e-11 -4.3792e-11 -2.3854e-11 -1.2706e-11 -6.6149e-12 -3.3640e-12 -1.6702e-12 -8.0924e-13 -3.8239e-13 -1.7613e-13 -7.9032e-14 -3.4530e-14 -1.4681e-14 -6.0708e-15 -2.4401e-15 -9.5275e-16 -3.6118e-16 2.5980e-08 7.3483e-08 0.0000e+00 2.0783e-07 2.9042e-07 3.8171e-07 4.8087e-07 5.8726e-07 7.0032e-07 8.1952e-07 9.4437e-07 1.0744e-06 1.2091e-06 1.3479e-06 1.4903e-06 1.6357e-06 1.7834e-06 1.9327e-06 2.0827e-06 2.2326e-06 2.3815e-06 2.5284e-06 2.6721e-06 2.8115e-06 2.9454e-06 3.0725e-06 3.1915e-06 3.3010e-06 3.3998e-06 3.4864e-06 3.5597e-06 3.6184e-06 3.6615e-06 3.6878e-06 3.6967e-06 3.6875e-06 3.6598e-06 3.6135e-06 3.5486e-06 3.4656e-06 3.3652e-06 3.2484e-06 3.1164e-06 2.9708e-06 2.8135e-06 2.6463e-06 2.4716e-06 2.2917e-06 2.1088e-06 1.9254e-06 1.7437e-06 1.5660e-06 1.3943e-06 1.2303e-06 1.0756e-06 9.3145e-07 7.9864e-07 6.7782e-07 5.6924e-07 4.7289e-07 3.8846e-07 3.1544e-07 2.5310e-07 2.0061e-07 1.5700e-07 1.2128e-07 9.2443e-08 6.9495e-08 5.1507e-08 3.7622e-08 2.7070e-08 1.9180e-08 1.3376e-08 9.1778e-09 6.1930e-09 4.1078e-09 2.6772e-09 1.7137e-09 1.0768e-09 6.6390e-10 4.0145e-10 2.3797e-10 1.3821e-10 7.8613e-11 4.3768e-11 2.3841e-11 1.2699e-11 6.6109e-12 3.3618e-12 1.6691e-12 8.0867e-13 3.8211e-13 1.7599e-13 7.8970e-14 3.4502e-14 1.4669e-14 6.0654e-15 2.4378e-15 9.5183e-16 3.6081e-16
-3.9997e-08 -1.1313e-07 -2.0783e-07 2.6619e-06 -4.4712e-07 -5.8765e-07 -7.4032e-07 -9.0411e-07 -1.0782e-06 -1.2617e-06 -1.4539e-06 -1.6541e-06 -1.8614e-06 -2.0752e-06 -2.2944e-06 -2.5182e-06 -2.7456e-06 -2.9754e-06 -3.2064e-06 -3.4372e-06 -3.6665e-06 -3.8926e-06 -4.1138e-06 -4.3284e-06 -4.5346e-06 -4.7302e-06 -4.9134e-06 -5.0821e-06 -5.2342e-06 -5.3676e-06 -5.4805e-06 -5.5709e-06 -5.6372e-06 -5.6778e-06 -5.6915e-06 -5.6774e-06 -5.6348e-06 -5.5635e-06 -5.4636e-06 -5.3359e-06 -5.1814e-06 -5.0015e-06 -4.7983e-06 -4.5742e-06 -4.3320e-06 -4.0747e-06 -3.8058e-06 -3.5287e-06 -3.2471e-06 -2.9648e-06 -2.6851e-06 -2.4115e-06 -2.1471e-06 -1.8947e-06 -1.6565e-06 -1.4344e-06 -1.2300e-06 -1.0439e-06 -8.7670e-07 -7.2832e-07 -5.9831e-07 -4.8585e-07 -3.8986e-07 -3.0901e-07 -2.4185e-07 -1.8683e-07 -1.4241e-07 -1.0706e-07 -7.9354e-08 -5.7964e-08 -4.1709e-08 -2.9554e-08 -2.0612e-08 -1.4143e-08 -9.5439e-09 -6.3309e-09 -4.1263e-09 -2.6414e-09 -1.6598e-09 -1.0234e-09 -6.1890e-10 -3.6689e-10 -2.1310e-10 -1.2122e-10 -6.7495e-11 -3.6768e-11 -1.9586e-11 -1.0197e-11 -5.1860e-12 -2.5751e-12 -1.2477e-12 -5.8962e-13 -2.7160e-13 -1.2188e-13 -5.3255e-14 -2.2644e-14 -9.3643e-15 -3.7641e-15 -1.4699e-15 -5.5726e-16 3.9997e-08 1.1313e-07 2.0783e-07 0.0000e+00 4.4712e-07 5.8765e-07 7.4032e-07 9.0411e-07 1.0782e-06 1.2617e-06 1.4539e-06 1.6541e-06 1.8614e-06 2.0752e-06 2.2944e-06 2.5182e-06 2.7456e-06 2.9754e-06 3.2064e-06 3.4372e-06 3.6664e-06 3.8925e-06 4.1138e-06 4.3284e-06 4.5345e-06 4.7302e-06 4.9133e-06 5.0820e-06 5.2340e-06 5.3675e-06 5.4803e-06 5.5707e-06 5.6369e-06 5.6775e-06 5.6912e-06 5.6771e-06 5.6344e-06 5.5631e-06 5.4632e-06 5.3355e-06 5.1809e-06 5.0010e-06 4.7978e-06 4.5737e-06 4.3314e-06 4.0741e-06 3.8052e-06 3.5281e-06 3.2465e-06 2.9642e-06 2.6845e-06 2.4110e-06 2.1466e-06 1.8942e-06 1.6560e-06 1.4340e-06 1.2295e-06 1.0435e-06 8.7636e-07 7.2802e-07 5.9804e-07 4.8562e-07 3.8966e-07 3.0884e-07 2.4171e-07 1.8672e-07 1.4232e-07 1.0699e-07 7.9297e-08 5.7920e-08 4.1676e-08 2.9528e-08 2.0593e-08 1.4130e-08 9.5343e-09 6.3241e-09 4.1217e-09 2.6382e-09 1.6578e-09 1.0221e-09 6.1805e-10 3.6636e-10 2.1278e-10 1.2103e-10 6.7383e-11 3.6704e-11 1.9550e-11 1.0178e-11 5.1757e-12 2.5697e-12 1.2450e-12 5.8827e-13 2.7095e-13 1.2158e-13 5.3116e-14 2.2583e-14 9.3378e-15 3.7531e-15 1.4654e-15 5.5548e-16
-5.5893e-08 -1.5809e-07 -2.9042e-07 -4.4712e-07 6.4987e-06 -8.2119e-07 -1.0345e-06 -1.2634e-06 -1.5066e-06 -1.7631e-06 -2.0317e-06 -2.3114e-06 -2.6012e-06 -2.8999e-06 -3.2063e-06 -3.5190e-06 -3.8368e-06 -4.1579e-06 -4.4807e-06 -4.8033e-06 -5.1236e-06 -5.4396e-06 -5.7488e-06 -6.0487e-06 -6.3368e-06 -6.6102e-06 -6.8663e-06 -7.1020e-06 -7.3145e-06 -7.5010e-06 -7.6588e-06 -7.7852e-06 -7.8779e-06 -7.9347e-06 -7.9539e-06 -7.9343e-06 -7.8748e-06 -7.7752e-06 -7.6358e-06 -7.4574e-06 -7.2415e-06 -6.9902e-06 -6.7063e-06 -6.3932e-06 -6.0547e-06 -5.6952e-06 -5.3194e-06 -4.9323e-06 -4.5388e-06 -4.1442e-06 -3.7534e-06 -3.3710e-06 -3.0015e-06 -2.6487e-06 -2.3158e-06 -2.0054e-06 -1.7196e-06 -1.4595e-06 -1.2258e-06 -1.0184e-06 -8.3662e-07 -6.7940e-07 -5.4519e-07 -4.3215e-07 -3.3824e-07 -2.6131e-07 -1.9919e-07 -1.4976e-07 -1.1101e-07 -8.1090e-08 -5.8354e-08 -4.1350e-08 -2.8841e-08 -1.9791e-08 -1.3356e-08 -8.8605e-09 -5.7755e-09 -3.6974e-09 -2.3236e-09 -1.4329e-09 -8.6657e-10 -5.1376e-10 -2.9844e-10 -1.6978e-10 -9.4546e-11 -5.1510e-11 -2.7442e-11 -1.4289e-11 -7.2680e-12 -3.6093e-12 -1.7491e-12 -8.2666e-13 -3.8084e-13 -1.7093e-13 -7.4698e-14 -3.1767e-14 -1.3139e-14 -5.2824e-15 -2.0631e-15 -7.8231e-16 5.5893e-08 1.5809e-07 2.9042e-07 4.4712e-07 0.0000e+00 8.2119e-07 1.0345e-06 1.2634e-06 1.5066e-06 1.7631e-06 2.0317e-06 2.3114e-06 2.6012e-06 2.8999e-06 3.2063e-06 3.5190e-06 3.8367e-06 4.1578e-06 4.4806e-06 4.8032e-06 5.1235e-06 5.4395e-06 5.7486e-06 6.0486e-06 6.3366e-06 6.6100e-06 6.8660e-06 7.1016e-06 7.3141e-06 7.5006e-06 7.6583e-06 7.7846e-06 7.8771e-06 7.9339e-06 7.9530e-06 7.9332e-06 7.8736e-06 7.7740e-06 7.6344e-06 7.4559e-06 7.2399e-06 6.9885e-06 6.7045e-06 6.3913e-06 6.0528e-06 5.6933e-06 5.3174e-06 4.9302e-06 4.5368e-06 4.1422e-06 3.7514e-06 3.3691e-06 2.9997e-06 2.6469e-06 2.3141e-06 2.0039e-06 1.7182e-06 1.4582e-06 1.2246e-06 1.0173e-06 8.3572e-07 6.7862e-07 5.4452e-07 4.3158e-07 3.3777e-07 2.6093e-07 1.9888e-07 1.4951e-07 1.1081e-07 8.0938e-08 5.8238e-08 4.1263e-08 2.8777e-08 1.9745e-08 1.3323e-08 8.8374e-09 5.7597e-09 3.6867e-09 2.3166e-09 1.4283e-09 8.6367e-10 5.1195e-10 2.9734e-10 1.6912e-10 9.4162e-11 5.1291e-11 2.7320e-11 1.4222e-11 7.2325e-12 3.5909e-12 1.7398e-12 8.2206e-13 3.7863e-13 1.6989e-13 7.4225e-14 3.1557e-14 1.3049e-14 5.2446e-15 2.0477e-15 7.7624e-16
-7.3461e-08 -2.0778e-07 -3.8171e-07 -5.8765e-07 -8.2119e-07 1.3476e-05 -1.3597e-06 -1.6605e-06 -1.9802e-06 -2.3172e-06 -2.6703e-06 -3.0379e-06 -3.4188e-06 -3.8114e-06 -4.2141e-06 -4.6251e-06 -5.0427e-06 -5.4648e-06 -5.8891e-06 -6.3131e-06 -6.7342e-06 -7.1495e-06 -7.5559e-06 -7.9501e-06 -8.3288e-06 -8.6883e-06 -9.0248e-06 -9.3347e-06 -9.6141e-06 -9.8594e-06 -1.0067e-05 -1.0233e-05 -1.0355e-05 -1.0430e-05 -1.0455e-05 -1.0430e-05 -1.0352e-05 -1.0221e-05 -1.0038e-05 -9.8034e-06 -9.5198e-06 -9.1897e-06 -8.8167e-06 -8.4053e-06 -7.9606e-06 -7.4881e-06 -6.9943e-06 -6.4854e-06 -5.9683e-06 -5.4496e-06 -4.9359e-06 -4.4333e-06 -3.9475e-06 -3.4837e-06 -3.0460e-06 -2.6379e-06 -2.2621e-06 -1.9201e-06 -1.6127e-06 -1.3399e-06 -1.1009e-06 -8.9405e-07 -7.1749e-07 -5.6878e-07 -4.4522e-07 -3.4399e-07 -2.6224e-07 -1.9718e-07 -1.4617e-07 -1.0679e-07 -7.6858e-08 -5.4469e-08 -3.7996e-08 -2.6077e-08 -1.7601e-08 -1.1678e-08 -7.6132e-09 -4.8746e-09 -3.0639e-09 -1.8897e-09 -1.1431e-09 -6.7780e-10 -3.9381e-10 -2.2408e-10 -1.2481e-10 -6.8010e-11 -3.6241e-11 -1.8875e-11 -9.6026e-12 -4.7698e-12 -2.3120e-12 -1.0930e-12 -5.0367e-13 -2.2612e-13 -9.8846e-14 -4.2048e-14 -1.7397e-14 -6.9963e-15 -2.7333e-15 -1.0368e-15 7.3461e-08 2.0778e-07 3.8171e-07 5.8765e-07 8.2119e-07 0.0000e+00 1.3597e-06 1.6605e-06 1.9802e-06 2.3172e-06 2.6703e-06 3.0379e-06 3.4188e-06 3.8113e-06 4.2140e-06 4.6251e-06 5.0427e-06 5.4647e-06 5.8889e-06 6.3129e-06 6.7339e-06 7.1492e-06 7.5555e-06 7.9497e-06 8.3283e-06 8.6876e-06 9.0240e-06 9.3338e-06 9.6130e-06 9.8581e-06 1.0065e-05 1.0231e-05 1.0353e-05 1.0428e-05 1.0453e-05 1.0427e-05 1.0348e-05 1.0217e-05 1.0034e-05 9.7994e-06 9.5154e-06 9.1851e-06 8.8119e-06 8.4002e-06 7.9553e-06 7.4827e-06 6.9887e-06 6.4798e-06 5.9627e-06 5.4441e-06 4.9305e-06 4.4281e-06 3.9425e-06 3.4789e-06 3.0415e-06 2.6337e-06 2.2582e-06 1.9166e-06 1.6096e-06 1.3371e-06 1.0984e-06 8.9191e-07 7.1567e-07 5.6723e-07 4.4393e-07 3.4294e-07 2.6139e-07 1.9650e-07 1.4564e-07 1.0638e-07 7.6543e-08 5.4233e-08 3.7822e-08 2.5951e-08 1.7511e-08 1.1615e-08 7.5701e-09 4.8455e-09 3.0447e-09 1.8772e-09 1.1351e-09 6.7286e-10 3.9080e-10 2.2228e-10 1.2376e-10 6.7412e-11 3.5907e-11 1.8693e-11 9.5058e-12 4.7196e-12 2.2866e-12 1.0804e-12 4.9763e-13 2.2329e-13 9.7555e-14 4.1476e-14 1.7150e-14 6.8930e-15 2.6913e-15 1.0202e-15
-9.2546e-08 -2.6176e-07 -4.8087e-07 -7.4032e-07 -1.0345e-06 -1.3597e-06 2.4965e-05 -2.0919e-06 -2.4946e-06 -2.9193e-06 -3.3640e-06 -3.8272e-06 -4.3070e-06 -4.8016e-06 -5.3089e-06 -5.8268e-06 -6.3529e-06 -6.8846e-06 -7.4192e-06 -7.9534e-06 -8.4839e-06 -9.0071e-06 -9.5192e-06 -1.0016e-05 -1.0493e-05 -1.0946e-05 -1.1370e-05 -1.1761e-05 -1.2113e-05 -1.2422e-05 -1.2684e-05 -1.2893e-05 -1.3047e-05 -1.3142e-05 -1.3174e-05 -1.3142e-05 -1.3044e-05 -1.2880e-05 -1.2650e-05 -1.2355e-05 -1.1998e-05 -1.1582e-05 -1.1113e-05 -1.0594e-05 -1.0034e-05 -9.4394e-06 -8.8173e-06 -8.1763e-06 -7.5248e-06 -6.8713e-06 -6.2240e-06 -5.5907e-06 -4.9785e-06 -4.3939e-06 -3.8422e-06 -3.3278e-06 -2.8539e-06 -2.4227e-06 -2.0351e-06 -1.6910e-06 -1.3895e-06 -1.1286e-06 -9.0586e-07 -7.1820e-07 -5.6227e-07 -4.3450e-07 -3.3129e-07 -2.4914e-07 -1.8473e-07 -1.3498e-07 -9.7165e-08 -6.8874e-08 -4.8054e-08 -3.2987e-08 -2.2270e-08 -1.4779e-08 -9.6375e-09 -6.1723e-09 -3.8806e-09 -2.3940e-09 -1.4485e-09 -8.5920e-10 -4.9935e-10 -2.8422e-10 -1.5836e-10 -8.6323e-11 -4.6015e-11 -2.3974e-11 -1.2202e-11 -6.0632e-12 -2.9401e-12 -1.3905e-12 -6.4104e-13 -2.8792e-13 -1.2592e-13 -5.3589e-14 -2.2182e-14 -8.9252e-15 -3.4887e-15 -1.3240e-15 9.2546e-08 2.6176e-07 4.8087e-07 7.4032e-07 1.0345e-06 1.3597e-06 0.0000e+00 2.0919e-06 2.4946e-06 2.9192e-06 3.3640e-06 3.8272e-06 4.3070e-06 4.8015e-06 5.3088e-06 5.8267e-06 6.3527e-06 6.8844e-06 7.4189e-06 7.9530e-06 8.4834e-06 9.0065e-06 9.5184e-06 1.0015e-05 1.0492e-05 1.0945e-05 1.1368e-05 1.1759e-05 1.2110e-05 1.2419e-05 1.2680e-05 1.2889e-05 1.3043e-05 1.3137e-05 1.3168e-05 1.3136e-05 1.3037e-05 1.2872e-05 1.2641e-05 1.2345e-05 1.1988e-05 1.1571e-05 1.1101e-05 1.0583e-05 1.0022e-05 9.4267e-06 8.8044e-06 8.1633e-06 7.5118e-06 6.8585e-06 6.2114e-06 5.5784e-06 4.9667e-06 4.3827e-06 3.8316e-06 3.3180e-06 2.8449e-06 2.4145e-06 2.0277e-06 1.6845e-06 1.3838e-06 1.1236e-06 9.0159e-07 7.1460e-07 5.5927e-07 4.3203e-07 3.2930e-07 2.4755e-07 1.8348e-07 1.3401e-07 9.6429e-08 6.8322e-08 4.7648e-08 3.2693e-08 2.2060e-08 1.4633e-08 9.5367e-09 6.1043e-09 3.8357e-09 2.3649e-09 1.4300e-09 8.4767e-10 4.9232e-10 2.8003e-10 1.5591e-10 8.4925e-11 4.5235e-11 2.3549e-11 1.1975e-11 5.9457e-12 2.8806e-12 1.3611e-12 6.2691e-13 2.8130e-13 1.2290e-13 5.2251e-14 2.1606e-14 8.6837e-15 3.3905e-15 1.2853e-15
-1.1302e-07 -3.1967e-07 -5.8726e-07 -9.0411e-07 -1.2634e-06 -1.6605e-06 -2.0919e-06 4.2589e-05 -3.0466e-06 -3.5651e-06 -4.1083e-06 -4.6740e-06 -5.2599e-06 -5.8639e-06 -6.4835e-06 -7.1161e-06 -7.7586e-06 -8.4080e-06 -9.0609e-06 -9.7134e-06 -1.0361e-05 -1.1000e-05 -1.1626e-05 -1.2233e-05 -1.2816e-05 -1.3369e-05 -1.3887e-05 -1.4365e-05 -1.4795e-05 -1.5173e-05 -1.5493e-05 -1.5750e-05 -1.5938e-05 -1.6054e-05 -1.6094e-05 -1.6056e-05 -1.5937e-05 -1.5737e-05 -1.5456e-05 -1.5096e-05 -1.4661e-05 -1.4154e-05 -1.3581e-05 -1.2949e-05 -1.2265e-05 -1.1539e-05 -1.0779e-05 -9.9965e-06 -9.2009e-06 -8.4027e-06 -7.6119e-06 -6.8382e-06 -6.0902e-06 -5.3757e-06 -4.7013e-06 -4.0725e-06 -3.4931e-06 -2.9658e-06 -2.4917e-06 -2.0708e-06 -1.7019e-06 -1.3826e-06 -1.1100e-06 -8.8021e-07 -6.8926e-07 -5.3275e-07 -4.0631e-07 -3.0564e-07 -2.2667e-07 -1.6568e-07 -1.1930e-07 -8.4589e-08 -5.9038e-08 -4.0541e-08 -2.7379e-08 -1.8176e-08 -1.1857e-08 -7.5966e-09 -4.7781e-09 -2.9489e-09 -1.7850e-09 -1.0593e-09 -6.1592e-10 -3.5074e-10 -1.9551e-10 -1.0663e-10 -5.6872e-11 -2.9646e-11 -1.5097e-11 -7.5064e-12 -3.6422e-12 -1.7236e-12 -7.9512e-13 -3.5736e-13 -1.5639e-13 -6.6606e-14 -2.7590e-14 -1.1110e-14 -4.3459e-15 -1.6506e-15 1.1302e-07 3.1967e-07 5.8726e-07 9.0411e-07 1.2634e-06 1.6605e-06 2.0919e-06 0.0000e+00 3.0466e-06 3.5651e-06 4.1083e-06 4.6739e-06 5.2599e-06 5.8638e-06 6.4834e-06 7.1158e-06 7.7583e-06 8.4076e-06 9.0603e-06 9.7126e-06 1.0360e-05 1.0999e-05 1.1624e-05 1.2231e-05 1.2813e-05 1.3366e-05 1.3884e-05 1.4360e-05 1.4790e-05 1.5167e-05 1.5486e-05 1.5741e-05 1.5928e-05 1.6043e-05 1.6082e-05 1.6042e-05 1.5921e-05 1.5720e-05 1.5438e-05 1.5077e-05 1.4640e-05 1.4131e-05 1.3557e-05 1.2924e-05 1.2239e-05 1.1512e-05 1.0752e-05 9.9694e-06 9.1738e-06 8.3759e-06 7.5857e-06 6.8127e-06 6.0656e-06 5.3523e-06 4.6794e-06 4.0521e-06 3.4743e-06 2.9487e-06 2.4764e-06 2.0572e-06 1.6899e-06 1.3722e-06 1.1011e-06 8.7270e-07 6.8300e-07 5.2762e-07 4.0215e-07 3.0232e-07 2.2407e-07 1.6366e-07 1.1776e-07 8.3438e-08 5.8189e-08 3.9926e-08 2.6941e-08 1.7870e-08 1.1647e-08 7.4549e-09 4.6843e-09 2.8881e-09 1.7464e-09 1.0352e-09 6.0125e-10 3.4198e-10 1.9040e-10 1.0371e-10 5.5243e-11 2.8759e-11 1.4625e-11 7.2611e-12 3.5179e-12 1.6623e-12 7.6561e-13 3.4353e-13 1.5009e-13 6.3811e-14 2.6385e-14 1.0605e-14 4.1406e-15 1.5696e-15
-1.3478e-07 -3.8121e-07 -7.0032e-07 -1.0782e-06 -1.5066e-06 -1.9802e-06 -2.4946e-06 -3.0466e-06 6.8220e-05 -4.2515e-06 -4.8992e-06 -5.5738e-06 -6.2726e-06 -6.9929e-06 -7.7318e-06 -8.4861e-06 -9.2524e-06 -1.0027e-05 -1.0806e-05 -1.1584e-05 -1.2357e-05 -1.3119e-05 -1.3865e-05 -1.4589e-05 -1.5285e-05 -1.5945e-05 -1.6564e-05 -1.7133e-05 -1.7647e-05 -1.8099e-05 -1.8481e-05 -1.8788e-05 -1.9013e-05 -1.9152e-05 -1.9201e-05 -1.9156e-05 -1.9015e-05 -1.8778e-05 -1.8444e-05 -1.8017e-05 -1.7498e-05 -1.6895e-05 -1.6212e-05 -1.5459e-05 -1.4645e-05 -1.3779e-05 -1.2874e-05 -1.1940e-05 -1.0992e-05 -1.0040e-05 -9.0962e-06 -8.1729e-06 -7.2802e-06 -6.4273e-06 -5.6221e-06 -4.8711e-06 -4.1791e-06 -3.5490e-06 -2.9825e-06 -2.4793e-06 -2.0381e-06 -1.6563e-06 -1.3300e-06 -1.0551e-06 -8.2644e-07 -6.3900e-07 -4.8752e-07 -3.6686e-07 -2.7219e-07 -1.9903e-07 -1.4337e-07 -1.0170e-07 -7.1013e-08 -4.8788e-08 -3.2965e-08 -2.1896e-08 -1.4291e-08 -9.1612e-09 -5.7655e-09 -3.5604e-09 -2.1566e-09 -1.2805e-09 -7.4507e-10 -4.2458e-10 -2.3684e-10 -1.2927e-10 -6.8997e-11 -3.5995e-11 -1.8345e-11 -9.1289e-12 -4.4332e-12 -2.0998e-12 -9.6956e-13 -4.3617e-13 -1.9107e-13 -8.1455e-14 -3.3776e-14 -1.3615e-14 -5.3316e-15 -2.0273e-15 1.3478e-07 3.8121e-07 7.0032e-07 1.0782e-06 1.5066e-06 1.9802e-06 2.4946e-06 3.0466e-06 0.0000e+00 4.2514e-06 4.8992e-06 5.5737e-06 6.2724e-06 6.9927e-06 7.7315e-06 8.4857e-06 9.2518e-06 1.0026e-05 1.0804e-05 1.1582e-05 1.2355e-05 1.3117e-05 1.3862e-05 1.4585e-05 1.5280e-05 1.5939e-05 1.6556e-05 1.7125e-05 1.7637e-05 1.8087e-05 1.8467e-05 1.8771e-05 1.8995e-05 1.9131e-05 1.9178e-05 1.9130e-05 1.8986e-05 1.8746e-05 1.8409e-05 1.7979e-05 1.7458e-05 1.6852e-05 1.6167e-05 1.5412e-05 1.4596e-05 1.3729e-05 1.2822e-05 1.1889e-05 1.0940e-05 9.9883e-06 9.0459e-06 8.1241e-06 7.2333e-06 6.3827e-06 5.5802e-06 4.8321e-06 4.1431e-06 3.5163e-06 2.9531e-06 2.4532e-06 2.0152e-06 1.6364e-06 1.3130e-06 1.0407e-06 8.1449e-07 6.2919e-07 4.7957e-07 3.6052e-07 2.6720e-07 1.9517e-07 1.4043e-07 9.9501e-08 6.9391e-08 4.7612e-08 3.2127e-08 2.1310e-08 1.3889e-08 8.8900e-09 5.5861e-09 3.4441e-09 2.0826e-09 1.2345e-09 7.1698e-10 4.0781e-10 2.2705e-10 1.2368e-10 6.5877e-11 3.4295e-11 1.7440e-11 8.6588e-12 4.1951e-12 1.9822e-12 9.1297e-13 4.0966e-13 1.7898e-13 7.6093e-14 3.1464e-14 1.2646e-14 4.9375e-15 1.8717e-15
-1.5772e-07 -4.4610e-07 -8.1952e-07 -1.2617e-06 -1.7631e-06 -2.3172e-06 -2.9193e-06 -3.5651e-06 -4.2515e-06 1.0398e-04 -5.7331e-06 -6.5225e-06 -7.3403e-06 -8.1833e-06 -9.0480e-06 -9.9308e-06 -1.0828e-05 -1.1734e-05 -1.2645e-05 -1.3556e-05 -1.4461e-05 -1.5354e-05 -1.6227e-05 -1.7075e-05 -1.7889e-05 -1.8663e-05 -1.9387e-05 -2.0055e-05 -2.0657e-05 -2.1187e-05 -2.1635e-05 -2.1995e-05 -2.2261e-05 -2.2425e-05 -2.2484e-05 -2.2433e-05 -2.2270e-05 -2.1994e-05 -2.1605e-05 -2.1106e-05 -2.0502e-05 -1.9797e-05 -1.9000e-05 -1.8120e-05 -1.7167e-05 -1.6155e-05 -1.5096e-05 -1.4004e-05 -1.2894e-05 -1.1780e-05 -1.0675e-05 -9.5940e-06 -8.5481e-06 -7.5486e-06 -6.6048e-06 -5.7242e-06 -4.9124e-06 -4.1732e-06 -3.5082e-06 -2.9174e-06 -2.3992e-06 -1.9504e-06 -1.5669e-06 -1.2435e-06 -9.7446e-07 -7.5381e-07 -5.7539e-07 -4.3321e-07 -3.2158e-07 -2.3528e-07 -1.6958e-07 -1.2037e-07 -8.4101e-08 -5.7817e-08 -3.9092e-08 -2.5984e-08 -1.6972e-08 -1.0888e-08 -6.8576e-09 -4.2384e-09 -2.5693e-09 -1.5270e-09 -8.8927e-10 -5.0723e-10 -2.8322e-10 -1.5473e-10 -8.2674e-11 -4.3177e-11 -2.2029e-11 -1.0975e-11 -5.3357e-12 -2.5303e-12 -1.1698e-12 -5.2691e-13 -2.3112e-13 -9.8661e-14 -4.0967e-14 -1.6536e-14 -6.4852e-15 -2.4696e-15 1.5772e-07 4.4610e-07 8.1952e-07 1.2617e-06 1.7631e-06 2.3172e-06 2.9192e-06 3.5651e-06 4.2514e-06 0.0000e+00 5.7330e-06 6.5224e-06 7.3400e-06 8.1829e-06 9.0474e-06 9.9300e-06 1.0827e-05 1.1733e-05 1.2643e-05 1.3554e-05 1.4458e-05 1.5349e-05 1.6222e-05 1.7068e-05 1.7881e-05 1.8652e-05 1.9374e-05 2.0039e-05 2.0639e-05 2.1165e-05 2.1610e-05 2.1967e-05 2.2228e-05 2.2388e-05 2.2442e-05 2.2386e-05 2.2218e-05 2.1937e-05 2.1543e-05 2.1039e-05 2.0429e-05 1.9720e-05 1.8919e-05 1.8035e-05 1.7080e-05 1.6065e-05 1.5005e-05 1.3912e-05 1.2802e-05 1.1688e-05 1.0586e-05 9.5069e-06 8.4645e-06 7.4691e-06 6.5300e-06 5.6546e-06 4.8483e-06 4.1148e-06 3.4557e-06 2.8708e-06 2.3582e-06 1.9149e-06 1.5365e-06 1.2178e-06 9.5311e-07 7.3628e-07 5.6119e-07 4.2188e-07 3.1268e-07 2.2839e-07 1.6433e-07 1.1644e-07 8.1201e-08 5.5715e-08 3.7595e-08 2.4937e-08 1.6252e-08 1.0403e-08 6.5368e-09 4.0302e-09 2.4370e-09 1.4446e-09 8.3900e-10 4.7722e-10 2.6569e-10 1.4473e-10 7.7087e-11 4.0130e-11 2.0407e-11 1.0132e-11 4.9089e-12 2.3195e-12 1.0683e-12 4.7936e-13 2.0943e-13 8.9038e-14 3.6816e-14 1.4797e-14 5.7774e-15 2.1900e-15
-1.8175e-07 -5.1406e-07 -9.4437e-07 -1.4539e-06 -2.0317e-06 -2.6703e-06 -3.3640e-06 -4.1083e-06 -4.8992e-06 -5.7331e-06 1.5223e-04 -7.5163e-06 -8.4587e-06 -9.4302e-06 -1.0427e-05 -1.1444e-05 -1.2478e-05 -1.3523e-05 -1.4573e-05 -1.5623e-05 -1.6666e-05 -1.7695e-05 -1.8703e-05 -1.9680e-05 -2.0620e-05 -2.1512e-05 -2.2348e-05 -2.3118e-05 -2.3814e-05 -2.4426e-05 -2.4945e-05 -2.5362e-05 -2.5670e-05 -2.5862e-05 -2.5932e-05 -2.5876e-05 -2.5691e-05 -2.5375e-05 -2.4930e-05 -2.4358e-05 -2.3664e-05 -2.2854e-05 -2.1938e-05 -2.0926e-05 -1.9830e-05 -1.8665e-05 -1.7445e-05 -1.6188e-05 -1.4908e-05 -1.3623e-05 -1.2350e-05 -1.1102e-05 -9.8952e-06 -8.7413e-06 -7.6512e-06 -6.6337e-06 -5.6953e-06 -4.8403e-06 -4.0708e-06 -3.3869e-06 -2.7866e-06 -2.2666e-06 -1.8219e-06 -1.4467e-06 -1.1344e-06 -8.7808e-07 -6.7069e-07 -5.0530e-07 -3.7537e-07 -2.7483e-07 -1.9824e-07 -1.4083e-07 -9.8477e-08 -6.7758e-08 -4.5855e-08 -3.0508e-08 -1.9946e-08 -1.2809e-08 -8.0758e-09 -4.9966e-09 -3.0324e-09 -1.8043e-09 -1.0520e-09 -6.0077e-10 -3.3588e-10 -1.8374e-10 -9.8304e-11 -5.1410e-11 -2.6267e-11 -1.3105e-11 -6.3812e-12 -3.0308e-12 -1.4034e-12 -6.3316e-13 -2.7818e-13 -1.1896e-13 -4.9481e-14 -2.0009e-14 -7.8617e-15 -2.9994e-15 1.8175e-07 5.1406e-07 9.4437e-07 1.4539e-06 2.0317e-06 2.6703e-06 3.3640e-06 4.1083e-06 4.8992e-06 5.7330e-06 0.0000e+00 7.5161e-06 8.4583e-06 9.4295e-06 1.0426e-05 1.1443e-05 1.2476e-05 1.3520e-05 1.4570e-05 1.5619e-05 1.6660e-05 1.7688e-05 1.8693e-05 1.9668e-05 2.0605e-05 2.1494e-05 2.2326e-05 2.3093e-05 2.3783e-05 2.4390e-05 2.4902e-05 2.5313e-05 2.5614e-05 2.5799e-05 2.5861e-05 2.5797e-05 2.5603e-05 2.5279e-05 2.4825e-05 2.4244e-05 2.3542e-05 2.2725e-05 2.1801e-05 2.0783e-05 1.9682e-05 1.8513e-05 1.7291e-05 1.6032e-05 1.4752e-05 1.3469e-05 1.2198e-05 1.0955e-05 9.7540e-06 8.6070e-06 7.5248e-06 6.5160e-06 5.5870e-06 4.7417e-06 3.9822e-06 3.3081e-06 2.7175e-06 2.2066e-06 1.7706e-06 1.4034e-06 1.0983e-06 8.4845e-07 6.4669e-07 4.8615e-07 3.6032e-07 2.6318e-07 1.8937e-07 1.3417e-07 9.3571e-08 6.4203e-08 4.3322e-08 2.8736e-08 1.8728e-08 1.1988e-08 7.5324e-09 4.6441e-09 2.8082e-09 1.6646e-09 9.6679e-10 5.4990e-10 3.0616e-10 1.6677e-10 8.8826e-11 4.6241e-11 2.3515e-11 1.1675e-11 5.6562e-12 2.6726e-12 1.2309e-12 5.5232e-13 2.4130e-13 1.0259e-13 4.2419e-14 1.7049e-14 6.6564e-15 2.5232e-15
-2.0677e-07 -5.8484e-07 -1.0744e-06 -1.6541e-06 -2.3114e-06 -3.0379e-06 -3.8272e-06 -4.6740e-06 -5.5738e-06 -6.5225e-06 -7.5163e-06 2.1560e-04 -9.6236e-06 -1.0729e-05 -1.1863e-05 -1.3021e-05 -1.4197e-05 -1.5386e-05 -1.6581e-05 -1.7776e-05 -1.8964e-05 -2.0135e-05 -2.1282e-05 -2.2395e-05 -2.3465e-05 -2.4482e-05 -2.5435e-05 -2.6314e-05 -2.7108e-05 -2.7806e-05 -2.8399e-05 -2.8877e-05 -2.9230e-05 -2.9452e-05 -2.9536e-05 -2.9476e-05 -2.9269e-05 -2.8915e-05 -2.8412e-05 -2.7766e-05 -2.6980e-05 -2.6062e-05 -2.5023e-05 -2.3874e-05 -2.2630e-05 -2.1307e-05 -1.9921e-05 -1.8490e-05 -1.7035e-05 -1.5572e-05 -1.4122e-05 -1.2701e-05 -1.1325e-05 -1.0009e-05 -8.7647e-06 -7.6029e-06 -6.5309e-06 -5.5536e-06 -4.6735e-06 -3.8907e-06 -3.2032e-06 -2.6072e-06 -2.0972e-06 -1.6665e-06 -1.3078e-06 -1.0131e-06 -7.7448e-07 -5.8402e-07 -4.3424e-07 -3.1824e-07 -2.2978e-07 -1.6340e-07 -1.1438e-07 -7.8791e-08 -5.3383e-08 -3.5559e-08 -2.3277e-08 -1.4967e-08 -9.4489e-09 -5.8542e-09 -3.5578e-09 -2.1200e-09 -1.2379e-09 -7.0804e-10 -3.9648e-10 -2.1725e-10 -1.1643e-10 -6.0993e-11 -3.1219e-11 -1.5604e-11 -7.6122e-12 -3.6224e-12 -1.6806e-12 -7.5977e-13 -3.3450e-13 -1.4334e-13 -5.9753e-14 -2.4216e-14 -9.5361e-15 -3.6466e-15 2.0677e-07 5.8484e-07 1.0744e-06 1.6541e-06 2.3114e-06 3.0379e-06 3.8272e-06 4.6739e-06 5.5737e-06 6.5224e-06 7.5161e-06 0.0000e+00 9.6229e-06 1.0728e-05 1.1861e-05 1.3018e-05 1.4194e-05 1.5382e-05 1.6576e-05 1.7769e-05 1.8954e-05 2.0123e-05 2.1267e-05 2.2376e-05 2.3442e-05 2.4453e-05 2.5400e-05 2.6272e-05 2.7058e-05 2.7748e-05 2.8331e-05 2.8798e-05 2.9141e-05 2.9351e-05 2.9421e-05 2.9348e-05 2.9128e-05 2.8759e-05 2.8243e-05 2.7582e-05 2.6783e-05 2.5853e-05 2.4803e-05 2.3644e-05 2.2392e-05 2.1062e-05 1.9671e-05 1.8239e-05 1.6783e-05 1.5324e-05 1.3878e-05 1.2464e-05 1.1097e-05 9.7920e-06 8.5608e-06 7.4131e-06 6.3562e-06 5.3946e-06 4.5304e-06 3.7636e-06 3.0916e-06 2.5104e-06 2.0144e-06 1.5966e-06 1.2495e-06 9.6525e-07 7.3572e-07 5.5308e-07 4.0992e-07 2.9941e-07 2.1544e-07 1.5264e-07 1.0645e-07 7.3040e-08 4.9285e-08 3.2691e-08 2.1306e-08 1.3637e-08 8.5691e-09 5.2832e-09 3.1946e-09 1.8936e-09 1.0998e-09 6.2555e-10 3.4828e-10 1.8971e-10 1.0104e-10 5.2601e-11 2.6749e-11 1.3280e-11 6.4339e-12 3.0400e-12 1.4001e-12 6.2823e-13 2.7446e-13 1.1668e-13 4.8246e-14 1.9390e-14 7.5704e-15 2.8696e-15
-2.3269e-07 -6.5815e-07 -1.2091e-06 -1.8614e-06 -2.6012e-06 -3.4188e-06 -4.3070e-06 -5.2599e-06 -6.2726e-06 -7.3403e-06 -8.4587e-06 -9.6236e-06 2.9696e-04 -1.2074e-05 -1.3351e-05 -1.4654e-05 -1.5978e-05 -1.7316e-05 -1.8662e-05 -2.0008e-05 -2.1345e-05 -2.2665e-05 -2.3957e-05 -2.5211e-05 -2.6417e-05 -2.7564e-05 -2.8639e-05 -2.9630e-05 -3.0527e-05 -3.1317e-05 -3.1988e-05 -3.2530e-05 -3.2933e-05 -3.3188e-05 -3.3287e-05 -3.3226e-05 -3.2999e-05 -3.2606e-05 -3.2046e-05 -3.1324e-05 -3.0445e-05 -2.9418e-05 -2.8254e-05 -2.6965e-05 -2.5569e-05 -2.4082e-05 -2.2524e-05 -2.0916e-05 -1.9277e-05 -1.7631e-05 -1.5996e-05 -1.4394e-05 -1.2842e-05 -1.1356e-05 -9.9505e-06 -8.6371e-06 -7.4242e-06 -6.3177e-06 -5.3205e-06 -4.4328e-06 -3.6526e-06 -2.9755e-06 -2.3956e-06 -1.9054e-06 -1.4967e-06 -1.1607e-06 -8.8821e-07 -6.7052e-07 -4.9913e-07 -3.6623e-07 -2.6477e-07 -1.8852e-07 -1.3214e-07 -9.1150e-08 -6.1845e-08 -4.1256e-08 -2.7048e-08 -1.7419e-08 -1.1015e-08 -6.8358e-09 -4.1616e-09 -2.4841e-09 -1.4532e-09 -8.3276e-10 -4.6722e-10 -2.5652e-10 -1.3775e-10 -7.2317e-11 -3.7094e-11 -1.8582e-11 -9.0850e-12 -4.3332e-12 -2.0151e-12 -9.1318e-13 -4.0303e-13 -1.7314e-13 -7.2359e-14 -2.9402e-14 -1.1609e-14 -4.4512e-15 2.3269e-07 6.5815e-07 1.2091e-06 1.8614e-06 2.6012e-06 3.4188e-06 4.3070e-06 5.2599e-06 6.2724e-06 7.3400e-06 8.4583e-06 9.6229e-06 0.0000e+00 1.2073e-05 1.3348e-05 1.4650e-05 1.5973e-05 1.7310e-05 1.8654e-05 1.9997e-05 2.1330e-05 2.2646e-05 2.3933e-05 2.5181e-05 2.6380e-05 2.7519e-05 2.8584e-05 2.9566e-05 3.0450e-05 3.1226e-05 3.1883e-05 3.2409e-05 3.2794e-05 3.3030e-05 3.3110e-05 3.3027e-05 3.2779e-05 3.2364e-05 3.1784e-05 3.1040e-05 3.0141e-05 2.9094e-05 2.7912e-05 2.6608e-05 2.5199e-05 2.3702e-05 2.2137e-05 2.0525e-05 1.8887e-05 1.7245e-05 1.5618e-05 1.4026e-05 1.2488e-05 1.1020e-05 9.6340e-06 8.3425e-06 7.1530e-06 6.0708e-06 5.0983e-06 4.2353e-06 3.4792e-06 2.8251e-06 2.2669e-06 1.7967e-06 1.4061e-06 1.0862e-06 8.2793e-07 6.2240e-07 4.6129e-07 3.3693e-07 2.4244e-07 1.7177e-07 1.1979e-07 8.2192e-08 5.5460e-08 3.6786e-08 2.3975e-08 1.5346e-08 9.6424e-09 5.9449e-09 3.5947e-09 2.1308e-09 1.2375e-09 7.0386e-10 3.9187e-10 2.1345e-10 1.1369e-10 5.9182e-11 3.0094e-11 1.4941e-11 7.2383e-12 3.4200e-12 1.5751e-12 7.0671e-13 3.0874e-13 1.3125e-13 5.4267e-14 2.1809e-14 8.5144e-15 3.2272e-15
-2.5941e-07 -7.3373e-07 -1.3479e-06 -2.0752e-06 -2.8999e-06 -3.8114e-06 -4.8016e-06 -5.8639e-06 -6.9929e-06 -8.1833e-06 -9.4302e-06 -1.0729e-05 -1.2074e-05 3.9942e-04 -1.4885e-05 -1.6338e-05 -1.7814e-05 -1.9307e-05 -2.0809e-05 -2.2310e-05 -2.3802e-05 -2.5274e-05 -2.6717e-05 -2.8118e-05 -2.9465e-05 -3.0746e-05 -3.1948e-05 -3.3058e-05 -3.4062e-05 -3.4947e-05 -3.5702e-05 -3.6312e-05 -3.6768e-05 -3.7059e-05 -3.7178e-05 -3.7117e-05 -3.6873e-05 -3.6443e-05 -3.5827e-05 -3.5031e-05 -3.4059e-05 -3.2921e-05 -3.1629e-05 -3.0199e-05 -2.8647e-05 -2.6994e-05 -2.5260e-05 -2.3468e-05 -2.1642e-05 -1.9804e-05 -1.7980e-05 -1.6189e-05 -1.4453e-05 -1.2790e-05 -1.1216e-05 -9.7430e-06 -8.3819e-06 -7.1389e-06 -6.0176e-06 -5.0185e-06 -4.1393e-06 -3.3756e-06 -2.7207e-06 -2.1665e-06 -1.7039e-06 -1.3229e-06 -1.0137e-06 -7.6630e-07 -5.7123e-07 -4.1975e-07 -3.0391e-07 -2.1673e-07 -1.5216e-07 -1.0514e-07 -7.1457e-08 -4.7754e-08 -3.1365e-08 -2.0238e-08 -1.2822e-08 -7.9735e-09 -4.8642e-09 -2.9097e-09 -1.7059e-09 -9.7973e-10 -5.5093e-10 -3.0319e-10 -1.6321e-10 -8.5889e-11 -4.4167e-11 -2.2181e-11 -1.0873e-11 -5.2000e-12 -2.4248e-12 -1.1019e-12 -4.8768e-13 -2.1011e-13 -8.8065e-14 -3.5890e-14 -1.4213e-14 -5.4665e-15 2.5941e-07 7.3373e-07 1.3479e-06 2.0752e-06 2.8999e-06 3.8113e-06 4.8015e-06 5.8638e-06 6.9927e-06 8.1829e-06 9.4295e-06 1.0728e-05 1.2073e-05 0.0000e+00 1.4881e-05 1.6333e-05 1.7807e-05 1.9298e-05 2.0796e-05 2.2293e-05 2.3780e-05 2.5246e-05 2.6681e-05 2.8073e-05 2.9410e-05 3.0679e-05 3.1867e-05 3.2960e-05 3.3947e-05 3.4812e-05 3.5544e-05 3.6130e-05 3.6560e-05 3.6823e-05 3.6912e-05 3.6820e-05 3.6543e-05 3.6081e-05 3.5433e-05 3.4604e-05 3.3602e-05 3.2435e-05 3.1117e-05 2.9664e-05 2.8092e-05 2.6424e-05 2.4679e-05 2.2882e-05 2.1056e-05 1.9225e-05 1.7411e-05 1.5637e-05 1.3922e-05 1.2285e-05 1.0740e-05 9.3003e-06 7.9742e-06 6.7678e-06 5.6837e-06 4.7216e-06 3.8786e-06 3.1495e-06 2.5271e-06 2.0029e-06 1.5675e-06 1.2109e-06 9.2295e-07 6.9383e-07 5.1423e-07 3.7560e-07 2.7025e-07 1.9148e-07 1.3353e-07 9.1621e-08 6.1822e-08 4.1005e-08 2.6724e-08 1.7105e-08 1.0748e-08 6.6263e-09 4.0067e-09 2.3749e-09 1.3793e-09 7.8447e-10 4.3674e-10 2.3788e-10 1.2670e-10 6.5951e-11 3.3535e-11 1.6649e-11 8.0653e-12 3.8105e-12 1.7549e-12 7.8733e-13 3.4393e-13 1.4620e-13 6.0445e-14 2.4290e-14 9.4823e-15 3.5938e-15
-2.8682e-07 -8.1125e-07 -1.4903e-06 -2.2944e-06 -3.2063e-06 -4.2141e-06 -5.3089e-06 -6.4835e-06 -7.7318e-06 -9.0480e-06 -1.0427e-05 -1.1863e-05 -1.3351e-05 -1.4885e-05 5.2635e-04 -1.8066e-05 -1.9699e-05 -2.1351e-05 -2.3012e-05 -2.4673e-05 -2.6324e-05 -2.7955e-05 -2.9552e-05 -3.1104e-05 -3.2597e-05 -3.4018e-05 -3.5352e-05 -3.6585e-05 -3.7701e-05 -3.8687e-05 -3.9529e-05 -4.0213e-05 -4.0726e-05 -4.1058e-05 -4.1200e-05 -4.1144e-05 -4.0884e-05 -4.0420e-05 -3.9752e-05 -3.8882e-05 -3.7818e-05 -3.6570e-05 -3.5152e-05 -3.3579e-05 -3.1870e-05 -3.0047e-05 -2.8133e-05 -2.6154e-05 -2.4135e-05 -2.2102e-05 -2.0080e-05 -1.8095e-05 -1.6168e-05 -1.4320e-05 -1.2569e-05 -1.0929e-05 -9.4121e-06 -8.0250e-06 -6.7721e-06 -5.6543e-06 -4.6695e-06 -3.8128e-06 -3.0772e-06 -2.4538e-06 -1.9326e-06 -1.5028e-06 -1.1533e-06 -8.7324e-07 -6.5204e-07 -4.7996e-07 -3.4813e-07 -2.4872e-07 -1.7496e-07 -1.2113e-07 -8.2493e-08 -5.5244e-08 -3.6363e-08 -2.3515e-08 -1.4932e-08 -9.3074e-09 -5.6916e-09 -3.4130e-09 -2.0060e-09 -1.1550e-09 -6.5123e-10 -3.5935e-10 -1.9397e-10 -1.0236e-10 -5.2787e-11 -2.6587e-11 -1.3072e-11 -6.2702e-12 -2.9328e-12 -1.3369e-12 -5.9355e-13 -2.5654e-13 -1.0787e-13 -4.4108e-14 -1.7526e-14 -6.7633e-15 2.8682e-07 8.1125e-07 1.4903e-06 2.2944e-06 3.2063e-06 4.2140e-06 5.3088e-06 6.4834e-06 7.7315e-06 9.0474e-06 1.0426e-05 1.1861e-05 1.3348e-05 1.4881e-05 0.0000e+00 1.8058e-05 1.9689e-05 2.1336e-05 2.2993e-05 2.4648e-05 2.6292e-05 2.7913e-05 2.9500e-05 3.1039e-05 3.2517e-05 3.3920e-05 3.5233e-05 3.6443e-05 3.7533e-05 3.8490e-05 3.9299e-05 3.9947e-05 4.0422e-05 4.0713e-05 4.0812e-05 4.0710e-05 4.0404e-05 3.9893e-05 3.9177e-05 3.8261e-05 3.7152e-05 3.5862e-05 3.4405e-05 3.2798e-05 3.1060e-05 2.9215e-05 2.7287e-05 2.5300e-05 2.3281e-05 2.1256e-05 1.9250e-05 1.7288e-05 1.5393e-05 1.3583e-05 1.1875e-05 1.0283e-05 8.8166e-06 7.4827e-06 6.2840e-06 5.2203e-06 4.2882e-06 3.4821e-06 2.7940e-06 2.2144e-06 1.7331e-06 1.3388e-06 1.0204e-06 7.6707e-07 5.6851e-07 4.1524e-07 2.9877e-07 2.1168e-07 1.4762e-07 1.0128e-07 6.8341e-08 4.5329e-08 2.9541e-08 1.8908e-08 1.1880e-08 7.3242e-09 4.4285e-09 2.6248e-09 1.5244e-09 8.6696e-10 4.8264e-10 2.6287e-10 1.4000e-10 7.2871e-11 3.7052e-11 1.8393e-11 8.9097e-12 4.2092e-12 1.9383e-12 8.6953e-13 3.7981e-13 1.6143e-13 6.6734e-14 2.6814e-14 1.0466e-14 3.9660e-15
-3.1480e-07 -8.9038e-07 -1.6357e-06 -2.5182e-06 -3.5190e-06 -4.6251e-06 -5.8268e-06 -7.1161e-06 -8.4861e-06 -9.9308e-06 -1.1444e-05 -1.3021e-05 -1.4654e-05 -1.6338e-05 -1.8066e-05 6.8136e-04 -2.1624e-05 -2.3438e-05 -2.5263e-05 -2.7088e-05 -2.8903e-05 -3.0695e-05 -3.2452e-05 -3.4159e-05 -3.5803e-05 -3.7368e-05 -3.8839e-05 -4.0199e-05 -4.1433e-05 -4.2525e-05 -4.3459e-05 -4.4221e-05 -4.4797e-05 -4.5175e-05 -4.5345e-05 -4.5297e-05 -4.5028e-05 -4.4534e-05 -4.3816e-05 -4.2876e-05 -4.1724e-05 -4.0368e-05 -3.8823e-05 -3.7108e-05 -3.5242e-05 -3.3248e-05 -3.1153e-05 -2.8984e-05 -2.6768e-05 -2.4533e-05 -2.2310e-05 -2.0123e-05 -1.7998e-05 -1.5958e-05 -1.4022e-05 -1.2207e-05 -1.0525e-05 -8.9855e-06 -7.5928e-06 -6.3484e-06 -5.2503e-06 -4.2936e-06 -3.4706e-06 -2.7721e-06 -2.1870e-06 -1.7036e-06 -1.3099e-06 -9.9364e-07 -7.4339e-07 -5.4831e-07 -3.9854e-07 -2.8535e-07 -2.0117e-07 -1.3959e-07 -9.5290e-08 -6.3968e-08 -4.2210e-08 -2.7365e-08 -1.7422e-08 -1.0888e-08 -6.6763e-09 -4.0146e-09 -2.3663e-09 -1.3664e-09 -7.7269e-10 -4.2765e-10 -2.3154e-10 -1.2257e-10 -6.3408e-11 -3.2039e-11 -1.5804e-11 -7.6056e-12 -3.5693e-12 -1.6325e-12 -7.2731e-13 -3.1544e-13 -1.3311e-13 -5.4620e-14 -2.1781e-14 -8.4358e-15 3.1480e-07 8.9038e-07 1.6357e-06 2.5182e-06 3.5190e-06 4.6251e-06 5.8267e-06 7.1158e-06 8.4857e-06 9.9300e-06 1.1443e-05 1.3018e-05 1.4650e-05 1.6333e-05 1.8058e-05 0.0000e+00 2.1609e-05 2.3418e-05 2.5236e-05 2.7053e-05 2.8857e-05 3.0636e-05 3.2377e-05 3.4067e-05 3.5689e-05 3.7229e-05 3.8670e-05 3.9998e-05 4.1195e-05 4.2245e-05 4.3133e-05 4.3844e-05 4.4365e-05 4.4685e-05 4.4793e-05 4.4681e-05 4.4346e-05 4.3784e-05 4.2998e-05 4.1993e-05 4.0776e-05 3.9360e-05 3.7761e-05 3.5997e-05 3.4090e-05 3.2065e-05 2.9948e-05 2.7767e-05 2.5551e-05 2.3329e-05 2.1128e-05 1.8975e-05 1.6894e-05 1.4907e-05 1.3033e-05 1.1285e-05 9.6763e-06 8.2123e-06 6.8967e-06 5.7292e-06 4.7063e-06 3.8215e-06 3.0663e-06 2.4303e-06 1.9020e-06 1.4692e-06 1.1198e-06 8.4179e-07 6.2388e-07 4.5567e-07 3.2786e-07 2.3228e-07 1.6198e-07 1.1114e-07 7.4986e-08 4.9735e-08 3.2411e-08 2.0744e-08 1.3033e-08 8.0348e-09 4.8579e-09 2.8792e-09 1.6720e-09 9.5085e-10 5.2930e-10 2.8826e-10 1.5351e-10 7.9895e-11 4.0619e-11 2.0162e-11 9.7652e-12 4.6127e-12 2.1238e-12 9.5261e-13 4.1603e-13 1.7680e-13 7.3071e-14 2.9354e-14 1.1455e-14 4.3396e-15
-3.4322e-07 -9.7077e-07 -1.7834e-06 -2.7456e-06 -3.8368e-06 -5.0427e-06 -6.3529e-06 -7.7586e-06 -9.2524e-06 -1.0828e-05 -1.2478e-05 -1.4197e-05 -1.5978e-05 -1.7814e-05 -1.9699e-05 -2.1624e-05 8.6833e-04 -2.5560e-05 -2.7552e-05 -2.9544e-05 -3.1526e-05 -3.3484e-05 -3.5404e-05 -3.7271e-05 -3.9070e-05 -4.0784e-05 -4.2396e-05 -4.3889e-05 -4.5246e-05 -4.6449e-05 -4.7481e-05 -4.8327e-05 -4.8971e-05 -4.9401e-05 -4.9604e-05 -4.9572e-05 -4.9299e-05 -4.8780e-05 -4.8017e-05 -4.7013e-05 -4.5775e-05 -4.4315e-05 -4.2648e-05 -4.0792e-05 -3.8770e-05 -3.6607e-05 -3.4329e-05 -3.1967e-05 -2.9551e-05 -2.7112e-05 -2.4681e-05 -2.2287e-05 -1.9957e-05 -1.7717e-05 -1.5588e-05 -1.3589e-05 -1.1734e-05 -1.0032e-05 -8.4905e-06 -7.1105e-06 -5.8906e-06 -4.8257e-06 -3.9079e-06 -3.1273e-06 -2.4721e-06 -1.9296e-06 -1.4867e-06 -1.1303e-06 -8.4752e-07 -6.2656e-07 -4.5650e-07 -3.2765e-07 -2.3157e-07 -1.6110e-07 -1.1026e-07 -7.4221e-08 -4.9111e-08 -3.1929e-08 -2.0387e-08 -1.2779e-08 -7.8591e-09 -4.7404e-09 -2.8028e-09 -1.6236e-09 -9.2110e-10 -5.1146e-10 -2.7784e-10 -1.4758e-10 -7.6606e-11 -3.8842e-11 -1.9226e-11 -9.2858e-12 -4.3734e-12 -2.0076e-12 -8.9769e-13 -3.9078e-13 -1.6552e-13 -6.8173e-14 -2.7289e-14 -1.0610e-14 3.4322e-07 9.7077e-07 1.7834e-06 2.7456e-06 3.8367e-06 5.0427e-06 6.3527e-06 7.7583e-06 9.2518e-06 1.0827e-05 1.2476e-05 1.4194e-05 1.5973e-05 1.7807e-05 1.9689e-05 2.1609e-05 0.0000e+00 2.5532e-05 2.7514e-05 2.9495e-05 3.1462e-05 3.3402e-05 3.5301e-05 3.7142e-05 3.8911e-05 4.0590e-05 4.2162e-05 4.3609e-05 4.4914e-05 4.6059e-05 4.7027e-05 4.7803e-05 4.8371e-05 4.8719e-05 4.8837e-05 4.8715e-05 4.8349e-05 4.7737e-05 4.6880e-05 4.5784e-05 4.4457e-05 4.2914e-05 4.1170e-05 3.9247e-05 3.7168e-05 3.4960e-05 3.2652e-05 3.0274e-05 2.7858e-05 2.5435e-05 2.3035e-05 2.0687e-05 1.8419e-05 1.6253e-05 1.4209e-05 1.2304e-05 1.0549e-05 8.9532e-06 7.5189e-06 6.2460e-06 5.1308e-06 4.1661e-06 3.3428e-06 2.6494e-06 2.0734e-06 1.6016e-06 1.2207e-06 9.1761e-07 6.8005e-07 4.9668e-07 3.5736e-07 2.5317e-07 1.7654e-07 1.2112e-07 8.1719e-08 5.4198e-08 3.5318e-08 2.2603e-08 1.4200e-08 8.7535e-09 5.2920e-09 3.1362e-09 1.8210e-09 1.0355e-09 5.7636e-10 3.1385e-10 1.6711e-10 8.6963e-11 4.4205e-11 2.1938e-11 1.0623e-11 5.0171e-12 2.3095e-12 1.0356e-12 4.5216e-13 1.9210e-13 7.9370e-14 3.1874e-14 1.2434e-14 4.7086e-15
