2.9842e-08 -4.1419e-08 -7.6180e-08 -1.1747e-07 -1.6448e-07 -2.1669e-07 -2.7370e-07 -3.3519e-07 -4.0087e-07 -4.7045e-07 -5.4360e-07 -6.1993e-07 -6.9899e-07 -7.8021e-07 -8.6291e-07 -9.4627e-07 -1.0293e-06 -1.1108e-06 -1.1895e-06 -1.2637e-06 -1.3318e-06 -1.3918e-06 -1.4418e-06 -1.4796e-06 -1.5030e-06 -1.5103e-06 -1.4997e-06 -1.4698e-06 -1.4201e-06 -1.3505e-06 -1.2621e-06 -1.1569e-06 -1.0378e-06 -9.0901e-07 -7.7518e-07 -6.4163e-07 -5.1368e-07 -3.9618e-07 -2.9305e-07 -2.0683e-07 -1.3849e-07 -8.7394e-08 -5.1593e-08 -2.8253e-08 -1.4213e-08 -6.4960e-09 -2.6637e-09 -9.6578e-10 -3.0451e-10 -8.1910e-11 -1.8385e-11 -3.3563e-12 -4.8377e-13 -5.3189e-14 -4.2848e-15 -2.4129e-16 -8.9883e-18 -2.0758e-19 -2.7528e-21 -1.9144e-23 -6.2680e-26 -8.4940e-29 -4.0829e-32 -5.7813e-36 -1.9263e-40 -1.1496e-45 -8.8044e-52 -5.7477e-59 -1.9294e-67 -1.7772e-77 -2.0483e-89 -1.0985e-103 -7.8175e-121 -1.4833e-141 -9.4709e-167 -1.3756e-197 -1.3160e-235 -7.4905e-283 -0.0000e+00 -0.0000e+00 -0.0000e+00 -0.0000e+00 -0.0000e+00 -0.0000e+00 -0.0000e+00 -0.0000e+00 -0.0000e+00 -0.0000e+00 -0.0000e+00 -0.0000e+00 -0.0000e+00 -0.0000e+00 -0.0000e+00 -0.0000e+00 -0.0000e+00 -0.0000e+00 -0.0000e+00 -0.0000e+00 -0.0000e+00 -0.0000e+00 0.0000e+00 -4.1419e-08 -7.6180e-08 -1.1747e-07 -1.6448e-07 -2.1669e-07 -2.7370e-07 -3.3519e-07 -4.0087e-07 -4.7045e-07 -5.4360e-07 -6.1993e-07 -6.9899e-07 -7.8021e-07 -8.6291e-07 -9.4627e-07 -1.0293e-06 -1.1108e-06 -1.1895e-06 -1.2637e-06 -1.3318e-06 -1.3918e-06 -1.4418e-06 -1.4796e-06 -1.5030e-06 -1.5103e-06 -1.4997e-06 -1.4698e-06 -1.4201e-06 -1.3505e-06 -1.2621e-06 -1.1569e-06 -1.0378e-06 -9.0901e-07 -7.7518e-07 -6.4163e-07 -5.1368e-07 -3.9618e-07 -2.9305e-07 -2.0683e-07 -1.3849e-07 -8.7394e-08 -5.1593e-08 -2.8253e-08 -1.4213e-08 -6.4960e-09 -2.6637e-09 -9.6577e-10 -3.0451e-10 -8.1909e-11 -1.8385e-11 -3.3562e-12 -4.8376e-13 -5.3188e-14 -4.2847e-15 -2.4128e-16 -8.9881e-18 -2.0757e-19 -2.7527e-21 -1.9144e-23 -6.2678e-26 -8.4937e-29 -4.0828e-32 -5.7810e-36 -1.9262e-40 -1.1495e-45 -8.8038e-52 -5.7472e-59 -1.9292e-67 -1.7770e-77 -2.0480e-89 -1.0984e-103 -7.8160e-121 -1.4829e-141 -9.4684e-167 -1.3752e-197 -1.3154e-235 -7.4870e-283 -0.0000e+00 -0.0000e+00 -0.0000e+00 -0.0000e+00 -0.0000e+00 -0.0000e+00 -0.0000e+00 -0.0000e+00 -0.0000e+00 -0.0000e+00 -0.0000e+00 -0.0000e+00 -0.0000e+00 -0.0000e+00 -0.0000e+00 -0.0000e+00 -0.0000e+00 -0.0000e+00 -0.0000e+00 -0.0000e+00 -0.0000e+00 -0.0000e+00
-4.1419e-08 4.7797e-07 -2.1562e-07 -3.3249e-07 -4.6556e-07 -6.1333e-07 -7.7469e-07 -9.4874e-07 -1.1346e-06 -1.3316e-06 -1.5386e-06 -1.7547e-06 -1.9784e-06 -2.2083e-06 -2.4424e-06 -2.6784e-06 -2.9134e-06 -3.1441e-06 -3.3668e-06 -3.5769e-06 -3.7696e-06 -3.9396e-06 -4.0809e-06 -4.1878e-06 -4.2543e-06 -4.2749e-06 -4.2447e-06 -4.1603e-06 -4.0195e-06 -3.8226e-06 -3.5724e-06 -3.2746e-06 -2.9376e-06 -2.5730e-06 -2.1942e-06 -1.8162e-06 -1.4540e-06 -1.1214e-06 -8.2949e-07 -5.8545e-07 -3.9200e-07 -2.4738e-07 -1.4604e-07 -7.9975e-08 -4.0233e-08 -1.8389e-08 -7.5404e-09 -2.7340e-09 -8.6206e-10 -2.3189e-10 -5.2049e-11 -9.5021e-12 -1.3697e-12 -1.5060e-13 -1.2132e-14 -6.8323e-16 -2.5453e-17 -5.8785e-19 -7.7962e-21 -5.4224e-23 -1.7755e-25 -2.4063e-28 -1.1568e-31 -1.6383e-35 -5.4595e-40 -3.2588e-45 -2.4965e-51 -1.6302e-58 -5.4740e-67 -5.0442e-77 -5.8162e-89 -3.1210e-103 -2.2224e-120 -4.2201e-141 -2.6972e-166 -3.9221e-197 -3.7574e-235 -2.1426e-282 -0.0000e+00 -0.0000e+00 -0.0000e+00 -0.0000e+00 -0.0000e+00 -0.0000e+00 -0.0000e+00 -0.0000e+00 -0.0000e+00 -0.0000e+00 -0.0000e+00 -0.0000e+00 -0.0000e+00 -0.0000e+00 -0.0000e+00 -0.0000e+00 -0.0000e+00 -0.0000e+00 -0.0000e+00 -0.0000e+00 -0.0000e+00 -0.0000e+00 -4.1419e-08 0.0000e+00 -2.1562e-07 -3.3249e-07 -4.6556e-07 -6.1333e-07 -7.7469e-07 -9.4873e-07 -1.1346e-06 -1.3316e-06 -1.5386e-06 -1.7547e-06 -1.9784e-06 -2.2083e-06 -2.4424e-06 -2.6784e-06 -2.9134e-06 -3.1441e-06 -3.3667e-06 -3.5769e-06 -3.7696e-06 -3.9396e-06 -4.0809e-06 -4.1878e-06 -4.2543e-06 -4.2749e-06 -4.2447e-06 -4.1602e-06 -4.0195e-06 -3.8226e-06 -3.5724e-06 -3.2745e-06 -2.9376e-06 -2.5729e-06 -2.1941e-06 -1.8161e-06 -1.4540e-06 -1.1214e-06 -8.2946e-07 -5.8543e-07 -3.9199e-07 -2.4737e-07 -1.4604e-07 -7.9970e-08 -4.0230e-08 -1.8387e-08 -7.5397e-09 -2.7337e-09 -8.6195e-10 -2.3186e-10 -5.2041e-11 -9.5004e-12 -1.3694e-12 -1.5056e-13 -1.2129e-14 -6.8303e-16 -2.5444e-17 -5.8763e-19 -7.7929e-21 -5.4197e-23 -1.7745e-25 -2.4048e-28 -1.1560e-31 -1.6369e-35 -5.4544e-40 -3.2552e-45 -2.4933e-51 -1.6278e-58 -5.4648e-67 -5.0344e-77 -5.8029e-89 -3.1128e-103 -2.2155e-120 -4.2046e-141 -2.6855e-166 -3.9018e-197 -3.7342e-235 -2.1266e-282 -0.0000e+00 -0.0000e+00 -0.0000e+00 -0.0000e+00 -0.0000e+00 -0.0000e+00 -0.0000e+00 -0.0000e+00 -0.0000e+00 -0.0000e+00 -0.0000e+00 -0.0000e+00 -0.0000e+00 -0.0000e+00 -0.0000e+00 -0.0000e+00 -0.0000e+00 -0.0000e+00 -0.0000e+00 -0.0000e+00 -0.0000e+00 -0.0000e+00
-7.6180e-08 -2.1562e-07 2.4236e-06 -6.1154e-07 -8.5629e-07 -1.1281e-06 -1.4248e-06 -1.7450e-06 -2.0869e-06 -2.4491e-06 -2.8299e-06 -3.2273e-06 -3.6389e-06 -4.0617e-06 -4.4923e-06 -4.9262e-06 -5.3585e-06 -5.7829e-06 -6.1924e-06 -6.5789e-06 -6.9334e-06 -7.2460e-06 -7.5060e-06 -7.7026e-06 -7.8250e-06 -7.8629e-06 -7.8074e-06 -7.6521e-06 -7.3932e-06 -7.0312e-06 -6.5711e-06 -6.0233e-06 -5.4035e-06 -4.7328e-06 -4.0361e-06 -3.3408e-06 -2.6747e-06 -2.0629e-06 -1.5260e-06 -1.0770e-06 -7.2119e-07 -4.5514e-07 -2.6871e-07 -1.4715e-07 -7.4031e-08 -3.3839e-08 -1.3877e-08 -5.0318e-09 -1.5867e-09 -4.2686e-10 -9.5822e-11 -1.7496e-11 -2.5223e-12 -2.7737e-13 -2.2349e-14 -1.2589e-15 -4.6908e-17 -1.0837e-18 -1.4377e-20 -1.0003e-22 -3.2766e-25 -4.4429e-28 -2.1371e-31 -3.0284e-35 -1.0100e-39 -6.0336e-45 -4.6269e-51 -3.0249e-58 -1.0171e-66 -9.3883e-77 -1.0846e-88 -5.8337e-103 -4.1657e-120 -7.9367e-141 -5.0932e-166 -7.4429e-197 -7.1739e-235 -4.1215e-282 -0.0000e+00 -0.0000e+00 -0.0000e+00 -0.0000e+00 -0.0000e+00 -0.0000e+00 -0.0000e+00 -0.0000e+00 -0.0000e+00 -0.0000e+00 -0.0000e+00 -0.0000e+00 -0.0000e+00 -0.0000e+00 -0.0000e+00 -0.0000e+00 -0.0000e+00 -0.0000e+00 -0.0000e+00 -0.0000e+00 -0.0000e+00 -0.0000e+00 -7.6180e-08 -2.1562e-07 0.0000e+00 -6.1154e-07 -8.5629e-07 -1.1281e-06 -1.4248e-06 -1.7450e-06 -2.0869e-06 -2.4491e-06 -2.8299e-06 -3.2273e-06 -3.6389e-06 -4.0617e-06 -4.4923e-06 -4.9262e-06 -5.3584e-06 -5.7828e-06 -6.1923e-06 -6.5788e-06 -6.9333e-06 -7.2459e-06 -7.5059e-06 -7.7025e-06 -7.8248e-06 -7.8627e-06 -7.8072e-06 -7.6518e-06 -7.3929e-06 -7.0308e-06 -6.5707e-06 -6.0229e-06 -5.4031e-06 -4.7324e-06 -4.0357e-06 -3.3405e-06 -2.6743e-06 -2.0626e-06 -1.5257e-06 -1.0768e-06 -7.2103e-07 -4.5502e-07 -2.6863e-07 -1.4710e-07 -7.4004e-08 -3.3825e-08 -1.3870e-08 -5.0291e-09 -1.5857e-09 -4.2656e-10 -9.5746e-11 -1.7480e-11 -2.5197e-12 -2.7705e-13 -2.2320e-14 -1.2570e-15 -4.6830e-17 -1.0816e-18 -1.4346e-20 -9.9781e-23 -3.2675e-25 -4.4288e-28 -2.1293e-31 -3.0158e-35 -1.0051e-39 -6.0004e-45 -4.5976e-51 -3.0028e-58 -1.0086e-66 -9.2964e-77 -1.0723e-88 -5.7562e-103 -4.1009e-120 -7.7915e-141 -4.9832e-166 -7.2525e-197 -6.9554e-235 -3.9714e-282 -0.0000e+00 -0.0000e+00 -0.0000e+00 -0.0000e+00 -0.0000e+00 -0.0000e+00 -0.0000e+00 -0.0000e+00 -0.0000e+00 -0.0000e+00 -0.0000e+00 -0.0000e+00 -0.0000e+00 -0.0000e+00 -0.0000e+00 -0.0000e+00 -0.0000e+00 -0.0000e+00 -0.0000e+00 -0.0000e+00 -0.0000e+00 -0.0000e+00
-1.1747e-07 -3.3249e-07 -6.1154e-07 7.6772e-06 -1.3204e-06 -1.7395e-06 -2.1971e-06 -2.6908e-06 -3.2180e-06 -3.7766e-06 -4.3638e-06 -4.9766e-06 -5.6112e-06 -6.2633e-06 -6.9272e-06 -7.5964e-06 -8.2629e-06 -8.9174e-06 -9.5489e-06 -1.0145e-05 -1.0692e-05 -1.1174e-05 -1.1575e-05 -1.1878e-05 -1.2067e-05 -1.2126e-05 -1.2040e-05 -1.1801e-05 -1.1402e-05 -1.0844e-05 -1.0135e-05 -9.2899e-06 -8.3344e-06 -7.3001e-06 -6.2258e-06 -5.1535e-06 -4.1262e-06 -3.1826e-06 -2.3544e-06 -1.6619e-06 -1.1129e-06 -7.0241e-07 -4.1474e-07 -2.2715e-07 -1.1430e-07 -5.2252e-08 -2.1432e-08 -7.7729e-09 -2.4516e-09 -6.5971e-10 -1.4814e-10 -2.7057e-11 -3.9022e-12 -4.2930e-13 -3.4609e-14 -1.9505e-15 -7.2728e-17 -1.6814e-18 -2.2325e-20 -1.5548e-22 -5.0987e-25 -6.9224e-28 -3.3346e-31 -4.7335e-35 -1.5817e-39 -9.4709e-45 -7.2822e-51 -4.7758e-58 -1.6118e-66 -1.4941e-76 -1.7350e-88 -9.3887e-103 -6.7528e-120 -1.2978e-140 -8.4150e-166 -1.2453e-196 -1.2186e-234 -7.1319e-282 -0.0000e+00 -0.0000e+00 -0.0000e+00 -0.0000e+00 -0.0000e+00 -0.0000e+00 -0.0000e+00 -0.0000e+00 -0.0000e+00 -0.0000e+00 -0.0000e+00 -0.0000e+00 -0.0000e+00 -0.0000e+00 -0.0000e+00 -0.0000e+00 -0.0000e+00 -0.0000e+00 -0.0000e+00 -0.0000e+00 -0.0000e+00 -0.0000e+00 -1.1747e-07 -3.3249e-07 -6.1154e-07 0.0000e+00 -1.3204e-06 -1.7395e-06 -2.1971e-06 -2.6908e-06 -3.2180e-06 -3.7766e-06 -4.3638e-06 -4.9765e-06 -5.6112e-06 -6.2632e-06 -6.9271e-06 -7.5963e-06 -8.2628e-06 -8.9173e-06 -9.5487e-06 -1.0145e-05 -1.0691e-05 -1.1173e-05 -1.1574e-05 -1.1878e-05 -1.2066e-05 -1.2125e-05 -1.2039e-05 -1.1800e-05 -1.1400e-05 -1.0842e-05 -1.0133e-05 -9.2880e-06 -8.3324e-06 -7.2981e-06 -6.2238e-06 -5.1517e-06 -4.1244e-06 -3.1811e-06 -2.3531e-06 -1.6608e-06 -1.1121e-06 -7.0184e-07 -4.1436e-07 -2.2692e-07 -1.1416e-07 -5.2182e-08 -2.1399e-08 -7.7595e-09 -2.4469e-09 -6.5826e-10 -1.4777e-10 -2.6981e-11 -3.8897e-12 -4.2775e-13 -3.4466e-14 -1.9414e-15 -7.2344e-17 -1.6713e-18 -2.2173e-20 -1.5428e-22 -5.0538e-25 -6.8529e-28 -3.2964e-31 -4.6715e-35 -1.5580e-39 -9.3083e-45 -7.1386e-51 -4.6674e-58 -1.5696e-66 -1.4489e-76 -1.6742e-88 -9.0063e-103 -6.4326e-120 -1.2259e-140 -7.8694e-166 -1.1505e-196 -1.1095e-234 -6.3783e-282 -0.0000e+00 -0.0000e+00 -0.0000e+00 -0.0000e+00 -0.0000e+00 -0.0000e+00 -0.0000e+00 -0.0000e+00 -0.0000e+00 -0.0000e+00 -0.0000e+00 -0.0000e+00 -0.0000e+00 -0.0000e+00 -0.0000e+00 -0.0000e+00 -0.0000e+00 -0.0000e+00 -0.0000e+00 -0.0000e+00 -0.0000e+00 -0.0000e+00
-1.6448e-07 -4.6556e-07 -8.5629e-07 -1.3204e-06 1.8798e-05 -2.4357e-06 -3.0765e-06 -3.7676e-06 -4.5060e-06 -5.2881e-06 -6.1103e-06 -6.9683e-06 -7.8570e-06 -8.7700e-06 -9.6997e-06 -1.0637e-05 -1.1570e-05 -1.2487e-05 -1.3371e-05 -1.4206e-05 -1.4972e-05 -1.5647e-05 -1.6209e-05 -1.6634e-05 -1.6899e-05 -1.6981e-05 -1.6862e-05 -1.6528e-05 -1.5970e-05 -1.5189e-05 -1.4196e-05 -1.3014e-05 -1.1676e-05 -1.0228e-05 -8.7234e-06 -7.2217e-06 -5.7827e-06 -4.4610e-06 -3.3005e-06 -2.3301e-06 -1.5607e-06 -9.8525e-07 -5.8188e-07 -3.1878e-07 -1.6045e-07 -7.3377e-08 -3.0108e-08 -1.0924e-08 -3.4474e-09 -9.2817e-10 -2.0855e-10 -3.8119e-11 -5.5019e-12 -6.0586e-13 -4.8893e-14 -2.7588e-15 -1.0301e-16 -2.3851e-18 -3.1724e-20 -2.2138e-22 -7.2766e-25 -9.9055e-28 -4.7862e-31 -6.8178e-35 -2.2875e-39 -1.3761e-44 -1.0639e-50 -7.0217e-58 -2.3874e-66 -2.2324e-76 -2.6187e-88 -1.4341e-102 -1.0460e-119 -2.0439e-140 -1.3516e-165 -2.0471e-196 -2.0594e-234 -1.2453e-281 -0.0000e+00 -0.0000e+00 -0.0000e+00 -0.0000e+00 -0.0000e+00 -0.0000e+00 -0.0000e+00 -0.0000e+00 -0.0000e+00 -0.0000e+00 -0.0000e+00 -0.0000e+00 -0.0000e+00 -0.0000e+00 -0.0000e+00 -0.0000e+00 -0.0000e+00 -0.0000e+00 -0.0000e+00 -0.0000e+00 -0.0000e+00 -0.0000e+00 -1.6448e-07 -4.6556e-07 -8.5629e-07 -1.3204e-06 0.0000e+00 -2.4357e-06 -3.0765e-06 -3.7676e-06 -4.5059e-06 -5.2880e-06 -6.1102e-06 -6.9682e-06 -7.8569e-06 -8.7699e-06 -9.6995e-06 -1.0637e-05 -1.1570e-05 -1.2486e-05 -1.3370e-05 -1.4205e-05 -1.4971e-05 -1.5646e-05 -1.6207e-05 -1.6632e-05 -1.6896e-05 -1.6978e-05 -1.6859e-05 -1.6523e-05 -1.5965e-05 -1.5183e-05 -1.4190e-05 -1.3007e-05 -1.1669e-05 -1.0221e-05 -8.7166e-06 -7.2153e-06 -5.7768e-06 -4.4558e-06 -3.2961e-06 -2.3266e-06 -1.5580e-06 -9.8331e-07 -5.8058e-07 -3.1797e-07 -1.5999e-07 -7.3137e-08 -2.9996e-08 -1.0879e-08 -3.4310e-09 -9.2318e-10 -2.0728e-10 -3.7856e-11 -5.4591e-12 -6.0051e-13 -4.8405e-14 -2.7276e-15 -1.0169e-16 -2.3504e-18 -3.1201e-20 -2.1724e-22 -7.1221e-25 -9.6662e-28 -4.6546e-31 -6.6041e-35 -2.2057e-39 -1.3199e-44 -1.0142e-50 -6.6459e-58 -2.2408e-66 -2.0750e-76 -2.4064e-88 -1.3003e-102 -9.3357e-120 -1.7904e-140 -1.1582e-165 -1.7090e-196 -1.6669e-234 -9.7175e-282 -0.0000e+00 -0.0000e+00 -0.0000e+00 -0.0000e+00 -0.0000e+00 -0.0000e+00 -0.0000e+00 -0.0000e+00 -0.0000e+00 -0.0000e+00 -0.0000e+00 -0.0000e+00 -0.0000e+00 -0.0000e+00 -0.0000e+00 -0.0000e+00 -0.0000e+00 -0.0000e+00 -0.0000e+00 -0.0000e+00 -0.0000e+00 -0.0000e+00
-2.1669e-07 -6.1333e-07 -1.1281e-06 -1.7395e-06 -2.4357e-06 3.9118e-05 -4.0529e-06 -4.9635e-06 -5.9361e-06 -6.9665e-06 -8.0497e-06 -9.1801e-06 -1.0351e-05 -1.1554e-05 -1.2779e-05 -1.4013e-05 -1.5243e-05 -1.6451e-05 -1.7616e-05 -1.8717e-05 -1.9726e-05 -2.0616e-05 -2.1357e-05 -2.1918e-05 -2.2268e-05 -2.2378e-05 -2.2223e-05 -2.1783e-05 -2.1049e-05 -2.0021e-05 -1.8715e-05 -1.7158e-05 -1.5396e-05 -1.3489e-05 -1.1506e-05 -9.5276e-06 -7.6307e-06 -5.8880e-06 -4.3575e-06 -3.0773e-06 -2.0618e-06 -1.3021e-06 -7.6935e-07 -4.2170e-07 -2.1237e-07 -9.7180e-08 -3.9903e-08 -1.4490e-08 -4.5766e-09 -1.2335e-09 -2.7746e-10 -5.0780e-11 -7.3401e-12 -8.0962e-13 -6.5459e-14 -3.7015e-15 -1.3854e-16 -3.2166e-18 -4.2919e-20 -3.0057e-22 -9.9202e-25 -1.3567e-27 -6.5906e-31 -9.4460e-35 -3.1916e-39 -1.9357e-44 -1.5105e-50 -1.0077e-57 -3.4690e-66 -3.2905e-76 -3.9245e-88 -2.1908e-102 -1.6338e-119 -3.2754e-140 -2.2311e-165 -3.4971e-196 -3.6599e-234 -2.3164e-281 -0.0000e+00 -0.0000e+00 -0.0000e+00 -0.0000e+00 -0.0000e+00 -0.0000e+00 -0.0000e+00 -0.0000e+00 -0.0000e+00 -0.0000e+00 -0.0000e+00 -0.0000e+00 -0.0000e+00 -0.0000e+00 -0.0000e+00 -0.0000e+00 -0.0000e+00 -0.0000e+00 -0.0000e+00 -0.0000e+00 -0.0000e+00 -0.0000e+00 -2.1669e-07 -6.1333e-07 -1.1281e-06 -1.7395e-06 -2.4357e-06 0.0000e+00 -4.0529e-06 -4.9635e-06 -5.9361e-06 -6.9664e-06 -8.0496e-06 -9.1799e-06 -1.0351e-05 -1.1553e-05 -1.2778e-05 -1.4013e-05 -1.5242e-05 -1.6450e-05 -1.7615e-05 -1.8714e-05 -1.9723e-05 -2.0612e-05 -2.1352e-05 -2.1912e-05 -2.2261e-05 -2.2369e-05 -2.2212e-05 -2.1771e-05 -2.1035e-05 -2.0006e-05 -1.8698e-05 -1.7140e-05 -1.5378e-05 -1.3470e-05 -1.1488e-05 -9.5100e-06 -7.6145e-06 -5.8737e-06 -4.3454e-06 -3.0675e-06 -2.0544e-06 -1.2968e-06 -7.6577e-07 -4.1947e-07 -2.1109e-07 -9.6521e-08 -3.9596e-08 -1.4364e-08 -4.5316e-09 -1.2197e-09 -2.7398e-10 -5.0058e-11 -7.2223e-12 -7.9492e-13 -6.4116e-14 -3.6156e-15 -1.3490e-16 -3.1212e-18 -4.1477e-20 -2.8915e-22 -9.4930e-25 -1.2905e-27 -6.2261e-31 -8.8533e-35 -2.9644e-39 -1.7792e-44 -1.3718e-50 -9.0256e-58 -3.0576e-66 -2.8472e-76 -3.3238e-88 -1.8100e-102 -1.3117e-119 -2.5439e-140 -1.6677e-165 -2.5010e-196 -2.4877e-234 -1.4854e-281 -0.0000e+00 -0.0000e+00 -0.0000e+00 -0.0000e+00 -0.0000e+00 -0.0000e+00 -0.0000e+00 -0.0000e+00 -0.0000e+00 -0.0000e+00 -0.0000e+00 -0.0000e+00 -0.0000e+00 -0.0000e+00 -0.0000e+00 -0.0000e+00 -0.0000e+00 -0.0000e+00 -0.0000e+00 -0.0000e+00 -0.0000e+00 -0.0000e+00
-2.7370e-07 -7.7469e-07 -1.4248e-06 -2.1971e-06 -3.0765e-06 -4.0529e-06 7.2776e-05 -6.2693e-06 -7.4979e-06 -8.7993e-06 -1.0168e-05 -1.1595e-05 -1.3074e-05 -1.4594e-05 -1.6141e-05 -1.7701e-05 -1.9255e-05 -2.0781e-05 -2.2254e-05 -2.3645e-05 -2.4921e-05 -2.6047e-05 -2.6984e-05 -2.7695e-05 -2.8139e-05 -2.8280e-05 -2.8086e-05 -2.7534e-05 -2.6609e-05 -2.5314e-05 -2.3666e-05 -2.1701e-05 -1.9477e-05 -1.7068e-05 -1.4564e-05 -1.2063e-05 -9.6646e-06 -7.4603e-06 -5.5236e-06 -3.9027e-06 -2.6164e-06 -1.6534e-06 -9.7760e-07 -5.3628e-07 -2.7031e-07 -1.2382e-07 -5.0902e-08 -1.8508e-08 -5.8543e-09 -1.5804e-09 -3.5618e-10 -6.5323e-11 -9.4648e-12 -1.0468e-12 -8.4891e-14 -4.8168e-15 -1.8098e-16 -4.2206e-18 -5.6597e-20 -3.9862e-22 -1.3241e-24 -1.8241e-27 -8.9351e-31 -1.2928e-34 -4.4151e-39 -2.7106e-44 -2.1448e-50 -1.4537e-57 -5.0949e-66 -4.9325e-76 -6.0207e-88 -3.4504e-102 -2.6511e-119 -5.4965e-140 -3.8891e-165 -6.3626e-196 -6.9878e-234 -4.6694e-281 -0.0000e+00 -0.0000e+00 -0.0000e+00 -0.0000e+00 -0.0000e+00 -0.0000e+00 -0.0000e+00 -0.0000e+00 -0.0000e+00 -0.0000e+00 -0.0000e+00 -0.0000e+00 -0.0000e+00 -0.0000e+00 -0.0000e+00 -0.0000e+00 -0.0000e+00 -0.0000e+00 -0.0000e+00 -0.0000e+00 -0.0000e+00 -0.0000e+00 -2.7370e-07 -7.7469e-07 -1.4248e-06 -2.1971e-06 -3.0765e-06 -4.0529e-06 0.0000e+00 -6.2693e-06 -7.4978e-06 -8.7992e-06 -1.0167e-05 -1.1595e-05 -1.3074e-05 -1.4593e-05 -1.6140e-05 -1.7700e-05 -1.9253e-05 -2.0778e-05 -2.2250e-05 -2.3639e-05 -2.4913e-05 -2.6037e-05 -2.6973e-05 -2.7680e-05 -2.8121e-05 -2.8259e-05 -2.8062e-05 -2.7505e-05 -2.6577e-05 -2.5278e-05 -2.3626e-05 -2.1659e-05 -1.9433e-05 -1.7024e-05 -1.4520e-05 -1.2021e-05 -9.6266e-06 -7.4267e-06 -5.4952e-06 -3.8799e-06 -2.5989e-06 -1.6408e-06 -9.6918e-07 -5.3104e-07 -2.6732e-07 -1.2227e-07 -5.0180e-08 -1.8211e-08 -5.7483e-09 -1.5481e-09 -3.4796e-10 -6.3621e-11 -9.1866e-12 -1.0121e-12 -8.1716e-14 -4.6136e-15 -1.7238e-16 -3.9944e-18 -5.3177e-20 -3.7146e-22 -1.2224e-24 -1.6663e-27 -8.0639e-31 -1.1508e-34 -3.8691e-39 -2.3334e-44 -1.8092e-50 -1.1981e-57 -4.0900e-66 -3.8427e-76 -4.5333e-88 -2.4995e-102 -1.8383e-119 -3.6278e-140 -2.4283e-165 -3.7332e-196 -3.8255e-234 -2.3673e-281 -0.0000e+00 -0.0000e+00 -0.0000e+00 -0.0000e+00 -0.0000e+00 -0.0000e+00 -0.0000e+00 -0.0000e+00 -0.0000e+00 -0.0000e+00 -0.0000e+00 -0.0000e+00 -0.0000e+00 -0.0000e+00 -0.0000e+00 -0.0000e+00 -0.0000e+00 -0.0000e+00 -0.0000e+00 -0.0000e+00 -0.0000e+00 -0.0000e+00
-3.3519e-07 -9.4874e-07 -1.7450e-06 -2.6908e-06 -3.7676e-06 -4.9635e-06 -6.2693e-06 1.2476e-04 -9.1825e-06 -1.0776e-05 -1.2452e-05 -1.4201e-05 -1.6012e-05 -1.7874e-05 -1.9769e-05 -2.1680e-05 -2.3584e-05 -2.5454e-05 -2.7259e-05 -2.8964e-05 -3.0529e-05 -3.1911e-05 -3.3062e-05 -3.3936e-05 -3.4484e-05 -3.4662e-05 -3.4429e-05 -3.3758e-05 -3.2631e-05 -3.1049e-05 -2.9034e-05 -2.6632e-05 -2.3910e-05 -2.0961e-05 -1.7893e-05 -1.4827e-05 -1.1886e-05 -9.1805e-06 -6.8018e-06 -4.8096e-06 -3.2271e-06 -2.0413e-06 -1.2083e-06 -6.6366e-07 -3.3499e-07 -1.5369e-07 -6.3290e-08 -2.3058e-08 -7.3098e-09 -1.9783e-09 -4.4710e-10 -8.2258e-11 -1.1961e-11 -1.3282e-12 -1.0820e-13 -6.1705e-15 -2.3317e-16 -5.4729e-18 -7.3924e-20 -5.2492e-22 -1.7597e-24 -2.4495e-27 -1.2139e-30 -1.7794e-34 -6.1671e-39 -3.8492e-44 -3.1025e-50 -2.1467e-57 -7.7001e-66 -7.6497e-76 -9.6099e-88 -5.6865e-102 -4.5271e-119 -9.7639e-140 -7.2177e-165 -1.2396e-195 -1.4372e-233 -1.0202e-280 -0.0000e+00 -0.0000e+00 -0.0000e+00 -0.0000e+00 -0.0000e+00 -0.0000e+00 -0.0000e+00 -0.0000e+00 -0.0000e+00 -0.0000e+00 -0.0000e+00 -0.0000e+00 -0.0000e+00 -0.0000e+00 -0.0000e+00 -0.0000e+00 -0.0000e+00 -0.0000e+00 -0.0000e+00 -0.0000e+00 -0.0000e+00 -0.0000e+00 -3.3519e-07 -9.4873e-07 -1.7450e-06 -2.6908e-06 -3.7676e-06 -4.9635e-06 -6.2693e-06 0.0000e+00 -9.1824e-06 -1.0776e-05 -1.2452e-05 -1.4200e-05 -1.6011e-05 -1.7872e-05 -1.9767e-05 -2.1677e-05 -2.3579e-05 -2.5447e-05 -2.7250e-05 -2.8952e-05 -3.0514e-05 -3.1891e-05 -3.3038e-05 -3.3906e-05 -3.4447e-05 -3.4617e-05 -3.4377e-05 -3.3697e-05 -3.2562e-05 -3.0973e-05 -2.8951e-05 -2.6544e-05 -2.3819e-05 -2.0868e-05 -1.7802e-05 -1.4740e-05 -1.1806e-05 -9.1100e-06 -6.7422e-06 -4.7615e-06 -3.1904e-06 -2.0150e-06 -1.1906e-06 -6.5264e-07 -3.2869e-07 -1.5042e-07 -6.1770e-08 -2.2433e-08 -7.0863e-09 -1.9101e-09 -4.2974e-10 -7.8662e-11 -1.1373e-11 -1.2547e-12 -1.0147e-13 -5.7395e-15 -2.1489e-16 -4.9914e-18 -6.6631e-20 -4.6690e-22 -1.5420e-24 -2.1105e-27 -1.0262e-30 -1.4723e-34 -4.9813e-39 -3.0259e-44 -2.3658e-50 -1.5820e-57 -5.4617e-66 -5.1994e-76 -6.2290e-88 -3.4969e-102 -2.6267e-119 -5.3142e-140 -3.6627e-165 -5.8286e-196 -6.2213e-234 -4.0401e-281 -0.0000e+00 -0.0000e+00 -0.0000e+00 -0.0000e+00 -0.0000e+00 -0.0000e+00 -0.0000e+00 -0.0000e+00 -0.0000e+00 -0.0000e+00 -0.0000e+00 -0.0000e+00 -0.0000e+00 -0.0000e+00 -0.0000e+00 -0.0000e+00 -0.0000e+00 -0.0000e+00 -0.0000e+00 -0.0000e+00 -0.0000e+00 -0.0000e+00
-4.0087e-07 -1.1346e-06 -2.0869e-06 -3.2180e-06 -4.5060e-06 -5.9361e-06 -7.4979e-06 -9.1825e-06 2.0095e-04 -1.2888e-05 -1.4893e-05 -1.6985e-05 -1.9151e-05 -2.1378e-05 -2.3646e-05 -2.5933e-05 -2.8211e-05 -3.0449e-05 -3.2611e-05 -3.4653e-05 -3.6529e-05 -3.8185e-05 -3.9568e-05 -4.0620e-05 -4.1282e-05 -4.1502e-05 -4.1233e-05 -4.0439e-05 -3.9100e-05 -3.7217e-05 -3.4815e-05 -3.1948e-05 -2.8697e-05 -2.5170e-05 -2.1499e-05 -1.7828e-05 -1.4303e-05 -1.1057e-05 -8.2003e-06 -5.8049e-06 -3.8999e-06 -2.4704e-06 -1.4646e-06 -8.0587e-07 -4.0758e-07 -1.8742e-07 -7.7374e-08 -2.8269e-08 -8.9902e-09 -2.4417e-09 -5.5404e-10 -1.0239e-10 -1.4963e-11 -1.6708e-12 -1.3696e-13 -7.8658e-15 -2.9957e-16 -7.0932e-18 -9.6747e-20 -6.9450e-22 -2.3566e-24 -3.3249e-27 -1.6725e-30 -2.4928e-34 -8.8004e-39 -5.6058e-44 -4.6211e-50 -3.2777e-57 -1.2082e-65 -1.2367e-75 -1.6056e-87 -9.8496e-102 -8.1585e-119 -1.8380e-139 -1.4256e-164 -2.5824e-195 -3.1769e-233 -2.4104e-280 -0.0000e+00 -0.0000e+00 -0.0000e+00 -0.0000e+00 -0.0000e+00 -0.0000e+00 -0.0000e+00 -0.0000e+00 -0.0000e+00 -0.0000e+00 -0.0000e+00 -0.0000e+00 -0.0000e+00 -0.0000e+00 -0.0000e+00 -0.0000e+00 -0.0000e+00 -0.0000e+00 -0.0000e+00 -0.0000e+00 -0.0000e+00 -0.0000e+00 -4.0087e-07 -1.1346e-06 -2.0869e-06 -3.2180e-06 -4.5059e-06 -5.9361e-06 -7.4978e-06 -9.1824e-06 0.0000e+00 -1.2888e-05 -1.4892e-05 -1.6983e-05 -1.9149e-05 -2.1375e-05 -2.3641e-05 -2.5926e-05 -2.8202e-05 -3.0437e-05 -3.2594e-05 -3.4630e-05 -3.6499e-05 -3.8148e-05 -3.9521e-05 -4.0561e-05 -4.1211e-05 -4.1417e-05 -4.1133e-05 -4.0323e-05 -3.8968e-05 -3.7070e-05 -3.4655e-05 -3.1777e-05 -2.8520e-05 -2.4991e-05 -2.1323e-05 -1.7661e-05 -1.4149e-05 -1.0921e-05 -8.0852e-06 -5.7122e-06 -3.8291e-06 -2.4195e-06 -1.4304e-06 -7.8456e-07 -3.9540e-07 -1.8110e-07 -7.4431e-08 -2.7058e-08 -8.5568e-09 -2.3094e-09 -5.2032e-10 -9.5396e-11 -1.3817e-11 -1.5275e-12 -1.2383e-13 -7.0228e-15 -2.6373e-16 -6.1471e-18 -8.2382e-20 -5.7985e-22 -1.9248e-24 -2.6499e-27 -1.2971e-30 -1.8754e-34 -6.4013e-39 -3.9281e-44 -3.1073e-50 -2.1061e-57 -7.3854e-66 -7.1588e-76 -8.7576e-88 -5.0372e-102 -3.8917e-119 -8.1354e-140 -5.8246e-165 -9.6889e-196 -1.0889e-233 -7.5098e-281 -0.0000e+00 -0.0000e+00 -0.0000e+00 -0.0000e+00 -0.0000e+00 -0.0000e+00 -0.0000e+00 -0.0000e+00 -0.0000e+00 -0.0000e+00 -0.0000e+00 -0.0000e+00 -0.0000e+00 -0.0000e+00 -0.0000e+00 -0.0000e+00 -0.0000e+00 -0.0000e+00 -0.0000e+00 -0.0000e+00 -0.0000e+00 -0.0000e+00
-4.7045e-07 -1.3316e-06 -2.4491e-06 -3.7766e-06 -5.2881e-06 -6.9665e-06 -8.7993e-06 -1.0776e-05 -1.2888e-05 3.0817e-04 -1.7478e-05 -1.9934e-05 -2.2478e-05 -2.5092e-05 -2.7755e-05 -3.0440e-05 -3.3116e-05 -3.5746e-05 -3.8287e-05 -4.0689e-05 -4.2897e-05 -4.4849e-05 -4.6481e-05 -4.7725e-05 -4.8515e-05 -4.8786e-05 -4.8484e-05 -4.7567e-05 -4.6010e-05 -4.3814e-05 -4.1008e-05 -3.7653e-05 -3.3844e-05 -2.9708e-05 -2.5397e-05 -2.1081e-05 -1.6930e-05 -1.3104e-05 -9.7322e-06 -6.9001e-06 -4.6438e-06 -2.9474e-06 -1.7512e-06 -9.6595e-07 -4.8989e-07 -2.2596e-07 -9.3609e-08 -3.4332e-08 -1.0966e-08 -2.9925e-09 -6.8266e-10 -1.2691e-10 -1.8669e-11 -2.1001e-12 -1.7357e-13 -1.0059e-14 -3.8697e-16 -9.2648e-18 -1.2793e-19 -9.3086e-22 -3.2061e-24 -4.5981e-27 -2.3550e-30 -3.5798e-34 -1.2912e-38 -8.4203e-44 -7.1212e-50 -5.1935e-57 -1.9732e-65 -2.0876e-75 -2.8094e-87 -1.7925e-101 -1.5500e-118 -3.6611e-139 -2.9923e-164 -5.7456e-195 -7.5451e-233 -6.1623e-280 -0.0000e+00 -0.0000e+00 -0.0000e+00 -0.0000e+00 -0.0000e+00 -0.0000e+00 -0.0000e+00 -0.0000e+00 -0.0000e+00 -0.0000e+00 -0.0000e+00 -0.0000e+00 -0.0000e+00 -0.0000e+00 -0.0000e+00 -0.0000e+00 -0.0000e+00 -0.0000e+00 -0.0000e+00 -0.0000e+00 -0.0000e+00 -0.0000e+00 -4.7045e-07 -1.3316e-06 -2.4491e-06 -3.7766e-06 -5.2880e-06 -6.9664e-06 -8.7992e-06 -1.0776e-05 -1.2888e-05 0.0000e+00 -1.7477e-05 -1.9931e-05 -2.2474e-05 -2.5086e-05 -2.7746e-05 -3.0428e-05 -3.3099e-05 -3.5723e-05 -3.8256e-05 -4.0648e-05 -4.2843e-05 -4.4781e-05 -4.6395e-05 -4.7619e-05 -4.8386e-05 -4.8632e-05 -4.8303e-05 -4.7358e-05 -4.5773e-05 -4.3550e-05 -4.0720e-05 -3.7346e-05 -3.3525e-05 -2.9385e-05 -2.5080e-05 -2.0779e-05 -1.6653e-05 -1.2859e-05 -9.5246e-06 -6.7327e-06 -4.5159e-06 -2.8554e-06 -1.6894e-06 -9.2743e-07 -4.6786e-07 -2.1451e-07 -8.8275e-08 -3.2135e-08 -1.0178e-08 -2.7519e-09 -6.2125e-10 -1.1416e-10 -1.6577e-11 -1.8379e-12 -1.4947e-13 -8.5086e-15 -3.2087e-16 -7.5144e-18 -1.0125e-19 -7.1704e-22 -2.3969e-24 -3.3262e-27 -1.6429e-30 -2.4002e-34 -8.2898e-39 -5.1563e-44 -4.1425e-50 -2.8580e-57 -1.0228e-65 -1.0148e-75 -1.2751e-87 -7.5628e-102 -6.0528e-119 -1.3176e-139 -9.8833e-165 -1.7344e-195 -2.0733e-233 -1.5352e-280 -0.0000e+00 -0.0000e+00 -0.0000e+00 -0.0000e+00 -0.0000e+00 -0.0000e+00 -0.0000e+00 -0.0000e+00 -0.0000e+00 -0.0000e+00 -0.0000e+00 -0.0000e+00 -0.0000e+00 -0.0000e+00 -0.0000e+00 -0.0000e+00 -0.0000e+00 -0.0000e+00 -0.0000e+00 -0.0000e+00 -0.0000e+00 -0.0000e+00
-5.4360e-07 -1.5386e-06 -2.8299e-06 -4.3638e-06 -6.1103e-06 -8.0497e-06 -1.0168e-05 -1.2452e-05 -1.4893e-05 -1.7478e-05 4.5430e-04 -2.3035e-05 -2.5975e-05 -2.8998e-05 -3.2077e-05 -3.5183e-05 -3.8279e-05 -4.1323e-05 -4.4266e-05 -4.7049e-05 -4.9610e-05 -5.1878e-05 -5.3778e-05 -5.5232e-05 -5.6164e-05 -5.6498e-05 -5.6172e-05 -5.5135e-05 -5.3360e-05 -5.0845e-05 -4.7622e-05 -4.3760e-05 -3.9369e-05 -3.4593e-05 -2.9608e-05 -2.4608e-05 -1.9792e-05 -1.5345e-05 -1.1417e-05 -8.1117e-06 -5.4719e-06 -3.4821e-06 -2.0750e-06 -1.1483e-06 -5.8448e-07 -2.7068e-07 -1.1264e-07 -4.1520e-08 -1.3335e-08 -3.6618e-09 -8.4106e-10 -1.5754e-10 -2.3370e-11 -2.6532e-12 -2.2152e-13 -1.2981e-14 -5.0553e-16 -1.2266e-17 -1.7187e-19 -1.2707e-21 -4.4530e-24 -6.5078e-27 -3.4018e-30 -5.2866e-34 -1.9530e-38 -1.3069e-43 -1.1366e-49 -8.5437e-57 -3.3541e-65 -3.6769e-75 -5.1436e-87 -3.4238e-101 -3.1017e-118 -7.7135e-139 -6.6759e-164 -1.3667e-194 -1.9290e-232 -1.7098e-279 -0.0000e+00 -0.0000e+00 -0.0000e+00 -0.0000e+00 -0.0000e+00 -0.0000e+00 -0.0000e+00 -0.0000e+00 -0.0000e+00 -0.0000e+00 -0.0000e+00 -0.0000e+00 -0.0000e+00 -0.0000e+00 -0.0000e+00 -0.0000e+00 -0.0000e+00 -0.0000e+00 -0.0000e+00 -0.0000e+00 -0.0000e+00 -0.0000e+00 -5.4360e-07 -1.5386e-06 -2.8299e-06 -4.3638e-06 -6.1102e-06 -8.0496e-06 -1.0167e-05 -1.2452e-05 -1.4892e-05 -1.7477e-05 0.0000e+00 -2.3031e-05 -2.5969e-05 -2.8988e-05 -3.2062e-05 -3.5162e-05 -3.8250e-05 -4.1284e-05 -4.4213e-05 -4.6979e-05 -4.9519e-05 -5.1762e-05 -5.3632e-05 -5.5052e-05 -5.5944e-05 -5.6236e-05 -5.5863e-05 -5.4778e-05 -5.2955e-05 -5.0394e-05 -4.7130e-05 -4.3237e-05 -3.8825e-05 -3.4042e-05 -2.9066e-05 -2.4092e-05 -1.9318e-05 -1.4926e-05 -1.1062e-05 -7.8255e-06 -5.2531e-06 -3.3246e-06 -1.9691e-06 -1.0822e-06 -5.4666e-07 -2.5102e-07 -1.0347e-07 -3.7737e-08 -1.1978e-08 -3.2461e-09 -7.3480e-10 -1.3543e-10 -1.9733e-11 -2.1963e-12 -1.7940e-13 -1.0262e-14 -3.8917e-16 -9.1714e-18 -1.2446e-19 -8.8854e-22 -2.9974e-24 -4.2028e-27 -2.1005e-30 -3.1098e-34 -1.0905e-38 -6.9005e-44 -5.6532e-50 -3.9878e-57 -1.4636e-65 -1.4944e-75 -1.9399e-87 -1.1940e-101 -9.9665e-119 -2.2759e-139 -1.8027e-164 -3.3663e-195 -4.3194e-233 -3.4686e-280 -0.0000e+00 -0.0000e+00 -0.0000e+00 -0.0000e+00 -0.0000e+00 -0.0000e+00 -0.0000e+00 -0.0000e+00 -0.0000e+00 -0.0000e+00 -0.0000e+00 -0.0000e+00 -0.0000e+00 -0.0000e+00 -0.0000e+00 -0.0000e+00 -0.0000e+00 -0.0000e+00 -0.0000e+00 -0.0000e+00 -0.0000e+00 -0.0000e+00
-6.1993e-07 -1.7547e-06 -3.2273e-06 -4.9766e-06 -6.9683e-06 -9.1801e-06 -1.1595e-05 -1.4201e-05 -1.6985e-05 -1.9934e-05 -2.3035e-05 6.4827e-04 -2.9628e-05 -3.3077e-05 -3.6591e-05 -4.0138e-05 -4.3675e-05 -4.7155e-05 -5.0520e-05 -5.3707e-05 -5.6643e-05 -5.9247e-05 -6.1436e-05 -6.3120e-05 -6.4211e-05 -6.4624e-05 -6.4286e-05 -6.3139e-05 -6.1149e-05 -5.8314e-05 -5.4669e-05 -5.0289e-05 -4.5297e-05 -3.9855e-05 -3.4163e-05 -2.8443e-05 -2.2921e-05 -1.7809e-05 -1.3283e-05 -9.4625e-06 -6.4024e-06 -4.0879e-06 -2.4452e-06 -1.3588e-06 -6.9483e-07 -3.2345e-07 -1.3536e-07 -5.0210e-08 -1.6238e-08 -4.4931e-09 -1.0407e-09 -1.9674e-10 -2.9480e-11 -3.3838e-12 -2.8592e-13 -1.6976e-14 -6.7053e-16 -1.6522e-17 -2.3537e-19 -1.7716e-21 -6.3294e-24 -9.4443e-27 -5.0483e-30 -8.0359e-34 -3.0463e-38 -2.0960e-43 -1.8782e-49 -1.4583e-56 -5.9292e-65 -6.7530e-75 -9.8495e-87 -6.8640e-101 -6.5416e-118 -1.7210e-138 -1.5861e-163 -3.4846e-194 -5.3266e-232 -5.1689e-279 -0.0000e+00 -0.0000e+00 -0.0000e+00 -0.0000e+00 -0.0000e+00 -0.0000e+00 -0.0000e+00 -0.0000e+00 -0.0000e+00 -0.0000e+00 -0.0000e+00 -0.0000e+00 -0.0000e+00 -0.0000e+00 -0.0000e+00 -0.0000e+00 -0.0000e+00 -0.0000e+00 -0.0000e+00 -0.0000e+00 -0.0000e+00 -0.0000e+00 -6.1993e-07 -1.7547e-06 -3.2273e-06 -4.9765e-06 -6.9682e-06 -9.1799e-06 -1.1595e-05 -1.4200e-05 -1.6983e-05 -1.9931e-05 -2.3031e-05 0.0000e+00 -2.9617e-05 -3.3061e-05 -3.6568e-05 -4.0105e-05 -4.3629e-05 -4.7091e-05 -5.0434e-05 -5.3593e-05 -5.6495e-05 -5.9059e-05 -6.1199e-05 -6.2827e-05 -6.3854e-05 -6.4197e-05 -6.3783e-05 -6.2557e-05 -6.0489e-05 -5.7580e-05 -5.3868e-05 -4.9436e-05 -4.4410e-05 -3.8957e-05 -3.3280e-05 -2.7601e-05 -2.2146e-05 -1.7124e-05 -1.2702e-05 -8.9942e-06 -6.0442e-06 -3.8299e-06 -2.2715e-06 -1.2503e-06 -6.3268e-07 -2.9108e-07 -1.2024e-07 -4.3964e-08 -1.3993e-08 -3.8041e-09 -8.6412e-10 -1.5990e-10 -2.3402e-11 -2.6177e-12 -2.1502e-13 -1.2378e-14 -4.7277e-16 -1.1232e-17 -1.5381e-19 -1.1093e-21 -3.7857e-24 -5.3776e-27 -2.7273e-30 -4.1052e-34 -1.4666e-38 -9.4776e-44 -7.9505e-50 -5.7600e-57 -2.1785e-65 -2.3010e-75 -3.1030e-87 -1.9938e-101 -1.7469e-118 -4.2135e-139 -3.5503e-164 -7.1104e-195 -9.8792e-233 -8.6862e-280 -0.0000e+00 -0.0000e+00 -0.0000e+00 -0.0000e+00 -0.0000e+00 -0.0000e+00 -0.0000e+00 -0.0000e+00 -0.0000e+00 -0.0000e+00 -0.0000e+00 -0.0000e+00 -0.0000e+00 -0.0000e+00 -0.0000e+00 -0.0000e+00 -0.0000e+00 -0.0000e+00 -0.0000e+00 -0.0000e+00 -0.0000e+00 -0.0000e+00
-6.9899e-07 -1.9784e-06 -3.6389e-06 -5.6112e-06 -7.8570e-06 -1.0351e-05 -1.3074e-05 -1.6012e-05 -1.9151e-05 -2.2478e-05 -2.5975e-05 -2.9628e-05 9.0024e-04 -3.7305e-05 -4.1273e-05 -4.5278e-05 -4.9275e-05 -5.3210e-05 -5.7019e-05 -6.0631e-05 -6.3963e-05 -6.6927e-05 -6.9427e-05 -7.1363e-05 -7.2634e-05 -7.3147e-05 -7.2815e-05 -7.1574e-05 -6.9383e-05 -6.6236e-05 -6.2169e-05 -5.7266e-05 -5.1660e-05 -4.5533e-05 -3.9106e-05 -3.2629e-05 -2.6359e-05 -2.0536e-05 -1.5364e-05 -1.0982e-05 -7.4591e-06 -4.7827e-06 -2.8741e-06 -1.6054e-06 -8.2565e-07 -3.8677e-07 -1.6299e-07 -6.0917e-08 -1.9865e-08 -5.5467e-09 -1.2975e-09 -2.4795e-10 -3.7589e-11 -4.3696e-12 -3.7430e-13 -2.2553e-14 -9.0502e-16 -2.2682e-17 -3.2906e-19 -2.5256e-21 -9.2138e-24 -1.4059e-26 -7.6968e-30 -1.2570e-33 -4.8981e-38 -3.4713e-43 -3.2117e-49 -2.5815e-56 -1.0899e-64 -1.2936e-74 -1.9740e-86 -1.4461e-100 -1.4565e-117 -4.0753e-138 -4.0242e-163 -9.5541e-194 -1.5943e-231 -1.7092e-278 -0.0000e+00 -0.0000e+00 -0.0000e+00 -0.0000e+00 -0.0000e+00 -0.0000e+00 -0.0000e+00 -0.0000e+00 -0.0000e+00 -0.0000e+00 -0.0000e+00 -0.0000e+00 -0.0000e+00 -0.0000e+00 -0.0000e+00 -0.0000e+00 -0.0000e+00 -0.0000e+00 -0.0000e+00 -0.0000e+00 -0.0000e+00 -0.0000e+00 -6.9899e-07 -1.9784e-06 -3.6389e-06 -5.6112e-06 -7.8569e-06 -1.0351e-05 -1.3074e-05 -1.6011e-05 -1.9149e-05 -2.2474e-05 -2.5969e-05 -2.9617e-05 0.0000e+00 -3.7280e-05 -4.1237e-05 -4.5226e-05 -4.9203e-05 -5.3110e-05 -5.6885e-05 -6.0453e-05 -6.3732e-05 -6.6632e-05 -6.9055e-05 -7.0903e-05 -7.2075e-05 -7.2477e-05 -7.2027e-05 -7.0663e-05 -6.8348e-05 -6.5084e-05 -6.0913e-05 -5.5928e-05 -5.0268e-05 -4.4122e-05 -3.7718e-05 -3.1306e-05 -2.5141e-05 -1.9458e-05 -1.4450e-05 -1.0244e-05 -6.8938e-06 -4.3751e-06 -2.5994e-06 -1.4337e-06 -7.2707e-07 -3.3535e-07 -1.3892e-07 -5.0952e-08 -1.6275e-08 -4.4420e-09 -1.0135e-09 -1.8848e-10 -2.7741e-11 -3.1227e-12 -2.5833e-13 -1.4990e-14 -5.7763e-16 -1.3861e-17 -1.9195e-19 -1.4019e-21 -4.8521e-24 -7.0021e-27 -3.6146e-30 -5.5496e-34 -2.0271e-38 -1.3429e-43 -1.1582e-49 -8.6553e-57 -3.3891e-65 -3.7212e-75 -5.2408e-87 -3.5349e-101 -3.2705e-118 -8.3857e-139 -7.5690e-164 -1.6383e-194 -2.4856e-232 -2.4154e-279 -0.0000e+00 -0.0000e+00 -0.0000e+00 -0.0000e+00 -0.0000e+00 -0.0000e+00 -0.0000e+00 -0.0000e+00 -0.0000e+00 -0.0000e+00 -0.0000e+00 -0.0000e+00 -0.0000e+00 -0.0000e+00 -0.0000e+00 -0.0000e+00 -0.0000e+00 -0.0000e+00 -0.0000e+00 -0.0000e+00 -0.0000e+00 -0.0000e+00
-7.8021e-07 -2.2083e-06 -4.0617e-06 -6.2633e-06 -8.7700e-06 -1.1554e-05 -1.4594e-05 -1.7874e-05 -2.1378e-05 -2.5092e-05 -2.8998e-05 -3.3077e-05 -3.7305e-05 1.2217e-03 -4.6091e-05 -5.0571e-05 -5.5045e-05 -5.9453e-05 -6.3726e-05 -6.7783e-05 -7.1534e-05 -7.4881e-05 -7.7717e-05 -7.9930e-05 -8.1410e-05 -8.2048e-05 -8.1749e-05 -8.0438e-05 -7.8067e-05 -7.4625e-05 -7.0149e-05 -6.4727e-05 -5.8503e-05 -5.1676e-05 -4.4490e-05 -3.7223e-05 -3.0161e-05 -2.3579e-05 -1.7707e-05 -1.2710e-05 -8.6727e-06 -5.5895e-06 -3.3780e-06 -1.8986e-06 -9.8314e-07 -4.6399e-07 -1.9713e-07 -7.4336e-08 -2.4477e-08 -6.9062e-09 -1.6339e-09 -3.1605e-10 -4.8548e-11 -5.7234e-12 -4.9772e-13 -3.0476e-14 -1.2442e-15 -3.1760e-17 -4.6987e-19 -3.6823e-21 -1.3736e-23 -2.1462e-26 -1.2052e-29 -2.0226e-33 -8.1155e-38 -5.9362e-43 -5.6835e-49 -4.7415e-56 -2.0850e-64 -2.5874e-74 -4.1470e-86 -3.2075e-100 -3.4316e-117 -1.0270e-137 -1.0936e-162 -2.8262e-193 -5.1909e-231 -6.2056e-278 -0.0000e+00 -0.0000e+00 -0.0000e+00 -0.0000e+00 -0.0000e+00 -0.0000e+00 -0.0000e+00 -0.0000e+00 -0.0000e+00 -0.0000e+00 -0.0000e+00 -0.0000e+00 -0.0000e+00 -0.0000e+00 -0.0000e+00 -0.0000e+00 -0.0000e+00 -0.0000e+00 -0.0000e+00 -0.0000e+00 -0.0000e+00 -0.0000e+00 -7.8021e-07 -2.2083e-06 -4.0617e-06 -6.2632e-06 -8.7699e-06 -1.1553e-05 -1.4593e-05 -1.7872e-05 -2.1375e-05 -2.5086e-05 -2.8988e-05 -3.3061e-05 -3.7280e-05 0.0000e+00 -4.6036e-05 -5.0492e-05 -5.4934e-05 -5.9301e-05 -6.3521e-05 -6.7513e-05 -7.1184e-05 -7.4433e-05 -7.7154e-05 -7.9234e-05 -8.0562e-05 -8.1032e-05 -8.0554e-05 -7.9055e-05 -7.6497e-05 -7.2877e-05 -6.8242e-05 -6.2693e-05 -5.6387e-05 -4.9531e-05 -4.2378e-05 -3.5208e-05 -2.8305e-05 -2.1935e-05 -1.6312e-05 -1.1582e-05 -7.8081e-06 -4.9652e-06 -2.9565e-06 -1.6347e-06 -8.3136e-07 -3.8465e-07 -1.5991e-07 -5.8882e-08 -1.8891e-08 -5.1817e-09 -1.1889e-09 -2.2247e-10 -3.2970e-11 -3.7402e-12 -3.1210e-13 -1.8287e-14 -7.1234e-16 -1.7301e-17 -2.4283e-19 -1.8005e-21 -6.3364e-24 -9.3162e-27 -4.9100e-30 -7.7143e-34 -2.8909e-38 -1.9705e-43 -1.7542e-49 -1.3578e-56 -5.5286e-65 -6.3398e-75 -9.3711e-87 -6.6707e-101 -6.5546e-118 -1.7977e-138 -1.7501e-163 -4.1249e-194 -6.8907e-232 -7.4702e-279 -0.0000e+00 -0.0000e+00 -0.0000e+00 -0.0000e+00 -0.0000e+00 -0.0000e+00 -0.0000e+00 -0.0000e+00 -0.0000e+00 -0.0000e+00 -0.0000e+00 -0.0000e+00 -0.0000e+00 -0.0000e+00 -0.0000e+00 -0.0000e+00 -0.0000e+00 -0.0000e+00 -0.0000e+00 -0.0000e+00 -0.0000e+00 -0.0000e+00
-8.6291e-07 -2.4424e-06 -4.4923e-06 -6.9272e-06 -9.6997e-06 -1.2779e-05 -1.6141e-05 -1.9769e-05 -2.3646e-05 -2.7755e-05 -3.2077e-05 -3.6591e-05 -4.1273e-05 -4.6091e-05 1.6254e-03 -5.5975e-05 -6.0940e-05 -6.5838e-05 -7.0593e-05 -7.5116e-05 -7.9309e-05 -8.3065e-05 -8.6264e-05 -8.8786e-05 -9.0506e-05 -9.1304e-05 -9.1073e-05 -8.9727e-05 -8.7209e-05 -8.3502e-05 -7.8640e-05 -7.2715e-05 -6.5879e-05 -5.8346e-05 -5.0383e-05 -4.2293e-05 -3.4397e-05 -2.7001e-05 -2.0369e-05 -1.4695e-05 -1.0083e-05 -6.5380e-06 -3.9777e-06 -2.2520e-06 -1.1755e-06 -5.5957e-07 -2.3997e-07 -9.1411e-08 -3.0429e-08 -8.6868e-09 -2.0811e-09 -4.0801e-10 -6.3578e-11 -7.6108e-12 -6.7269e-13 -4.1908e-14 -1.7426e-15 -4.5359e-17 -6.8512e-19 -5.4890e-21 -2.0963e-23 -3.3588e-26 -1.9377e-29 -3.3475e-33 -1.3858e-37 -1.0486e-42 -1.0415e-48 -9.0449e-56 -4.1560e-64 -5.4126e-74 -9.1504e-86 -7.5077e-100 -8.5771e-117 -2.7620e-137 -3.1924e-162 -9.0484e-193 -1.8446e-230 -2.4825e-277 -0.0000e+00 -0.0000e+00 -0.0000e+00 -0.0000e+00 -0.0000e+00 -0.0000e+00 -0.0000e+00 -0.0000e+00 -0.0000e+00 -0.0000e+00 -0.0000e+00 -0.0000e+00 -0.0000e+00 -0.0000e+00 -0.0000e+00 -0.0000e+00 -0.0000e+00 -0.0000e+00 -0.0000e+00 -0.0000e+00 -0.0000e+00 -0.0000e+00 -8.6291e-07 -2.4424e-06 -4.4923e-06 -6.9271e-06 -9.6995e-06 -1.2778e-05 -1.6140e-05 -1.9767e-05 -2.3641e-05 -2.7746e-05 -3.2062e-05 -3.6568e-05 -4.1237e-05 -4.6036e-05 0.0000e+00 -5.5859e-05 -6.0778e-05 -6.5615e-05 -7.0292e-05 -7.4719e-05 -7.8793e-05 -8.2405e-05 -8.5435e-05 -8.7760e-05 -8.9256e-05 -8.9808e-05 -8.9311e-05 -8.7688e-05 -8.4893e-05 -8.0922e-05 -7.5825e-05 -6.9711e-05 -6.2752e-05 -5.5174e-05 -4.7257e-05 -3.9309e-05 -3.1646e-05 -2.4562e-05 -1.8297e-05 -1.3017e-05 -8.7947e-06 -5.6064e-06 -3.3476e-06 -1.8567e-06 -9.4751e-07 -4.4010e-07 -1.8375e-07 -6.7990e-08 -2.1932e-08 -6.0521e-09 -1.3980e-09 -2.6357e-10 -3.9390e-11 -4.5103e-12 -3.8030e-13 -2.2541e-14 -8.8939e-16 -2.1910e-17 -3.1243e-19 -2.3574e-21 -8.4589e-24 -1.2707e-26 -6.8576e-30 -1.1061e-33 -4.2669e-38 -3.0030e-43 -2.7696e-49 -2.2293e-56 -9.4783e-65 -1.1402e-74 -1.7774e-86 -1.3422e-100 -1.4085e-117 -4.1576e-138 -4.3951e-163 -1.1365e-193 -2.1083e-231 -2.5741e-278 -0.0000e+00 -0.0000e+00 -0.0000e+00 -0.0000e+00 -0.0000e+00 -0.0000e+00 -0.0000e+00 -0.0000e+00 -0.0000e+00 -0.0000e+00 -0.0000e+00 -0.0000e+00 -0.0000e+00 -0.0000e+00 -0.0000e+00 -0.0000e+00 -0.0000e+00 -0.0000e+00 -0.0000e+00 -0.0000e+00 -0.0000e+00 -0.0000e+00
-9.4627e-07 -2.6784e-06 -4.9262e-06 -7.5964e-06 -1.0637e-05 -1.4013e-05 -1.7701e-05 -2.1680e-05 -2.5933e-05 -3.0440e-05 -3.5183e-05 -4.0138e-05 -4.5278e-05 -5.0571e-05 -5.5975e-05 2.1257e-03 -6.6910e-05 -7.2312e-05 -7.7564e-05 -8.2574e-05 -8.7233e-05 -9.1424e-05 -9.5019e-05 -9.7884e-05 -9.9884e-05 -1.0089e-04 -1.0077e-04 -9.9435e-05 -9.6816e-05 -9.2888e-05 -8.7679e-05 -8.1281e-05 -7.3852e-05 -6.5618e-05 -5.6866e-05 -4.7926e-05 -3.9150e-05 -3.0883e-05 -2.3423e-05 -1.6999e-05 -1.1739e-05 -7.6660e-06 -4.7000e-06 -2.6833e-06 -1.4133e-06 -6.7935e-07 -2.9441e-07 -1.1341e-07 -3.8209e-08 -1.1049e-08 -2.6833e-09 -5.3376e-10 -8.4461e-11 -1.0277e-11 -9.2417e-13 -5.8639e-14 -2.4861e-15 -6.6058e-17 -1.0199e-18 -8.3637e-21 -3.2747e-23 -5.3889e-26 -3.1993e-29 -5.7007e-33 -2.4403e-37 -1.9148e-42 -1.9788e-48 -1.7945e-55 -8.6466e-64 -1.1865e-73 -2.1251e-85 -1.8588e-99 -2.2800e-116 -7.9483e-137 -1.0041e-161 -3.1449e-192 -7.1776e-230 -1.0980e-276 -0.0000e+00 -0.0000e+00 -0.0000e+00 -0.0000e+00 -0.0000e+00 -0.0000e+00 -0.0000e+00 -0.0000e+00 -0.0000e+00 -0.0000e+00 -0.0000e+00 -0.0000e+00 -0.0000e+00 -0.0000e+00 -0.0000e+00 -0.0000e+00 -0.0000e+00 -0.0000e+00 -0.0000e+00 -0.0000e+00 -0.0000e+00 -0.0000e+00 -9.4627e-07 -2.6784e-06 -4.9262e-06 -7.5963e-06 -1.0637e-05 -1.4013e-05 -1.7700e-05 -2.1677e-05 -2.5926e-05 -3.0428e-05 -3.5162e-05 -4.0105e-05 -4.5226e-05 -5.0492e-05 -5.5859e-05 0.0000e+00 -6.6676e-05 -7.1991e-05 -7.7133e-05 -8.2004e-05 -8.6492e-05 -9.0477e-05 -9.3828e-05 -9.6411e-05 -9.8090e-05 -9.8736e-05 -9.8237e-05 -9.6504e-05 -9.3485e-05 -8.9175e-05 -8.3626e-05 -7.6954e-05 -6.9343e-05 -6.1041e-05 -5.2352e-05 -4.3612e-05 -3.5170e-05 -2.7348e-05 -2.0416e-05 -1.4560e-05 -9.8635e-06 -6.3066e-06 -3.7784e-06 -2.1035e-06 -1.0780e-06 -5.0307e-07 -2.1115e-07 -7.8585e-08 -2.5514e-08 -7.0920e-09 -1.6514e-09 -3.1414e-10 -4.7416e-11 -5.4893e-12 -4.6851e-13 -2.8146e-14 -1.1272e-15 -2.8229e-17 -4.0989e-19 -3.1552e-21 -1.1573e-23 -1.7811e-26 -9.8720e-30 -1.6396e-33 -6.5320e-38 -4.7628e-43 -4.5671e-49 -3.8374e-56 -1.7106e-64 -2.1682e-74 -3.5810e-86 -2.8834e-100 -3.2497e-117 -1.0388e-137 -1.2007e-162 -3.4325e-193 -7.1311e-231 -9.9014e-278 -0.0000e+00 -0.0000e+00 -0.0000e+00 -0.0000e+00 -0.0000e+00 -0.0000e+00 -0.0000e+00 -0.0000e+00 -0.0000e+00 -0.0000e+00 -0.0000e+00 -0.0000e+00 -0.0000e+00 -0.0000e+00 -0.0000e+00 -0.0000e+00 -0.0000e+00 -0.0000e+00 -0.0000e+00 -0.0000e+00 -0.0000e+00 -0.0000e+00
