3.2163e-08 -1.0355e-07 -1.9045e-07 -2.9368e-07 -4.1121e-07 -5.4172e-07 -6.8424e-07 -8.3797e-07 -1.0022e-06 -1.1761e-06 -1.3590e-06 -1.5498e-06 -1.7475e-06 -1.9505e-06 -2.1573e-06 -2.3657e-06 -2.5732e-06 -2.7770e-06 -2.9737e-06 -3.1593e-06 -3.3295e-06 -3.4796e-06 -3.6045e-06 -3.6989e-06 -3.7576e-06 -3.7758e-06 -3.7492e-06 -3.6745e-06 -3.5502e-06 -3.3763e-06 -3.1553e-06 -2.8922e-06 -2.5946e-06 -2.2725e-06 -1.9379e-06 -1.6041e-06 -1.2842e-06 -9.9045e-07 -7.3262e-07 -5.1707e-07 -3.4622e-07 -2.1849e-07 -1.2898e-07 -7.0632e-08 -3.5532e-08 -1.6240e-08 -6.6592e-09 -2.4145e-09 -7.6129e-10 -2.0478e-10 -4.5962e-11 -8.3907e-12 -1.2094e-12 -1.3297e-13 -1.0712e-14 -6.0322e-16 -2.2471e-17 -5.1895e-19 -6.8820e-21 -4.7861e-23 -1.5670e-25 -2.1236e-28 -1.0208e-31 -1.4454e-35 -4.8159e-40 -2.8740e-45 -2.2012e-51 -1.4370e-58 -4.8238e-67 -4.4434e-77 -5.1211e-89 -2.7466e-103 -1.9546e-120 -3.7086e-141 -2.3681e-166 -3.4396e-197 -3.2905e-235 -1.8731e-282 0.0000e+00 0.0000e+00 0.0000e+00 0.0000e+00 0.0000e+00 0.0000e+00 0.0000e+00 0.0000e+00 0.0000e+00 0.0000e+00 0.0000e+00 0.0000e+00 0.0000e+00 0.0000e+00 0.0000e+00 0.0000e+00 0.0000e+00 0.0000e+00 0.0000e+00 0.0000e+00 0.0000e+00 0.0000e+00 0.0000e+00 1.0355e-07 1.9045e-07 2.9368e-07 4.1121e-07 5.4172e-07 6.8424e-07 8.3797e-07 1.0022e-06 1.1761e-06 1.3590e-06 1.5498e-06 1.7475e-06 1.9505e-06 2.1573e-06 2.3657e-06 2.5732e-06 2.7770e-06 2.9737e-06 3.1593e-06 3.3295e-06 3.4796e-06 3.6045e-06 3.6989e-06 3.7576e-06 3.7758e-06 3.7491e-06 3.6745e-06 3.5502e-06 3.3763e-06 3.1553e-06 2.8922e-06 2.5946e-06 2.2725e-06 1.9379e-06 1.6041e-06 1.2842e-06 9.9044e-07 7.3261e-07 5.1707e-07 3.4622e-07 2.1848e-07 1.2898e-07 7.0631e-08 3.5532e-08 1.6240e-08 6.6591e-09 2.4144e-09 7.6128e-10 2.0477e-10 4.5961e-11 8.3905e-12 1.2094e-12 1.3297e-13 1.0712e-14 6.0320e-16 2.2470e-17 5.1892e-19 6.8816e-21 4.7858e-23 1.5669e-25 2.1234e-28 1.0207e-31 1.4452e-35 4.8153e-40 2.8736e-45 2.2009e-51 1.4367e-58 4.8227e-67 4.4423e-77 5.1196e-89 2.7457e-103 1.9538e-120 3.7069e-141 2.3668e-166 3.4373e-197 3.2880e-235 1.8713e-282 0.0000e+00 0.0000e+00 0.0000e+00 0.0000e+00 0.0000e+00 0.0000e+00 0.0000e+00 0.0000e+00 0.0000e+00 0.0000e+00 0.0000e+00 0.0000e+00 0.0000e+00 0.0000e+00 0.0000e+00 0.0000e+00 0.0000e+00 0.0000e+00 0.0000e+00 0.0000e+00 0.0000e+00 0.0000e+00
-1.0355e-07 5.1526e-07 -5.3906e-07 -8.3124e-07 -1.1639e-06 -1.5333e-06 -1.9367e-06 -2.3718e-06 -2.8366e-06 -3.3290e-06 -3.8466e-06 -4.3867e-06 -4.9461e-06 -5.5209e-06 -6.1061e-06 -6.6959e-06 -7.2834e-06 -7.8603e-06 -8.4169e-06 -8.9423e-06 -9.4241e-06 -9.8489e-06 -1.0202e-05 -1.0470e-05 -1.0636e-05 -1.0687e-05 -1.0612e-05 -1.0401e-05 -1.0049e-05 -9.5566e-06 -8.9311e-06 -8.1865e-06 -7.3441e-06 -6.4325e-06 -5.4855e-06 -4.5405e-06 -3.6350e-06 -2.8036e-06 -2.0738e-06 -1.4637e-06 -9.8003e-07 -6.1847e-07 -3.6512e-07 -1.9994e-07 -1.0059e-07 -4.5974e-08 -1.8852e-08 -6.8354e-09 -2.1553e-09 -5.7976e-10 -1.3013e-10 -2.3757e-11 -3.4245e-12 -3.7653e-13 -3.0334e-14 -1.7083e-15 -6.3642e-17 -1.4699e-18 -1.9495e-20 -1.3559e-22 -4.4400e-25 -6.0177e-28 -2.8931e-31 -4.0974e-35 -1.3655e-39 -8.1513e-45 -6.2451e-51 -4.0784e-58 -1.3696e-66 -1.2623e-76 -1.4557e-88 -7.8129e-103 -5.5648e-120 -1.0570e-140 -6.7576e-166 -9.8305e-197 -9.4226e-235 -5.3763e-282 0.0000e+00 0.0000e+00 0.0000e+00 0.0000e+00 0.0000e+00 0.0000e+00 0.0000e+00 0.0000e+00 0.0000e+00 0.0000e+00 0.0000e+00 0.0000e+00 0.0000e+00 0.0000e+00 0.0000e+00 0.0000e+00 0.0000e+00 0.0000e+00 0.0000e+00 0.0000e+00 0.0000e+00 0.0000e+00 1.0355e-07 0.0000e+00 5.3906e-07 8.3124e-07 1.1639e-06 1.5333e-06 1.9367e-06 2.3718e-06 2.8366e-06 3.3290e-06 3.8466e-06 4.3867e-06 4.9461e-06 5.5209e-06 6.1061e-06 6.6959e-06 7.2834e-06 7.8603e-06 8.4169e-06 8.9422e-06 9.4241e-06 9.8489e-06 1.0202e-05 1.0470e-05 1.0636e-05 1.0687e-05 1.0612e-05 1.0401e-05 1.0049e-05 9.5564e-06 8.9310e-06 8.1863e-06 7.3439e-06 6.4322e-06 5.4853e-06 4.5402e-06 3.6348e-06 2.8034e-06 2.0736e-06 1.4635e-06 9.7995e-07 6.1841e-07 3.6508e-07 1.9992e-07 1.0057e-07 4.5966e-08 1.8848e-08 6.8339e-09 2.1548e-09 5.7960e-10 1.3009e-10 2.3749e-11 3.4232e-12 3.7636e-13 3.0319e-14 1.7073e-15 6.3600e-17 1.4688e-18 1.9478e-20 1.3546e-22 4.4351e-25 6.0101e-28 2.8889e-31 4.0906e-35 1.3629e-39 8.1336e-45 6.2294e-51 4.0666e-58 1.3651e-66 1.2574e-76 1.4491e-88 7.7715e-103 5.5302e-120 1.0492e-140 6.6990e-166 9.7292e-197 9.3065e-235 5.2966e-282 0.0000e+00 0.0000e+00 0.0000e+00 0.0000e+00 0.0000e+00 0.0000e+00 0.0000e+00 0.0000e+00 0.0000e+00 0.0000e+00 0.0000e+00 0.0000e+00 0.0000e+00 0.0000e+00 0.0000e+00 0.0000e+00 0.0000e+00 0.0000e+00 0.0000e+00 0.0000e+00 0.0000e+00 0.0000e+00
-1.9045e-07 -5.3906e-07 2.6127e-06 -1.5289e-06 -2.1407e-06 -2.8202e-06 -3.5621e-06 -4.3624e-06 -5.2173e-06 -6.1228e-06 -7.0748e-06 -8.0683e-06 -9.0972e-06 -1.0154e-05 -1.1231e-05 -1.2316e-05 -1.3396e-05 -1.4457e-05 -1.5481e-05 -1.6447e-05 -1.7334e-05 -1.8115e-05 -1.8765e-05 -1.9257e-05 -1.9563e-05 -1.9657e-05 -1.9519e-05 -1.9131e-05 -1.8483e-05 -1.7578e-05 -1.6428e-05 -1.5059e-05 -1.3509e-05 -1.1833e-05 -1.0091e-05 -8.3526e-06 -6.6871e-06 -5.1577e-06 -3.8152e-06 -2.6929e-06 -1.8032e-06 -1.1380e-06 -6.7186e-07 -3.6794e-07 -1.8511e-07 -8.4616e-08 -3.4700e-08 -1.2583e-08 -3.9680e-09 -1.0675e-09 -2.3965e-10 -4.3759e-11 -6.3088e-12 -6.9382e-13 -5.5909e-14 -3.1495e-15 -1.1737e-16 -2.7118e-18 -3.5980e-20 -2.5037e-22 -8.2031e-25 -1.1125e-27 -5.3525e-31 -7.5869e-35 -2.5310e-39 -1.5125e-44 -1.1604e-50 -7.5899e-58 -2.5536e-66 -2.3586e-76 -2.7270e-88 -1.4681e-102 -1.0495e-119 -2.0023e-140 -1.2871e-165 -1.8846e-196 -1.8209e-234 -1.0492e-281 0.0000e+00 0.0000e+00 0.0000e+00 0.0000e+00 0.0000e+00 0.0000e+00 0.0000e+00 0.0000e+00 0.0000e+00 0.0000e+00 0.0000e+00 0.0000e+00 0.0000e+00 0.0000e+00 0.0000e+00 0.0000e+00 0.0000e+00 0.0000e+00 0.0000e+00 0.0000e+00 0.0000e+00 0.0000e+00 1.9045e-07 5.3906e-07 0.0000e+00 1.5289e-06 2.1407e-06 2.8202e-06 3.5621e-06 4.3624e-06 5.2173e-06 6.1228e-06 7.0748e-06 8.0682e-06 9.0972e-06 1.0154e-05 1.1231e-05 1.2316e-05 1.3396e-05 1.4457e-05 1.5481e-05 1.6447e-05 1.7333e-05 1.8115e-05 1.8765e-05 1.9256e-05 1.9562e-05 1.9656e-05 1.9518e-05 1.9129e-05 1.8482e-05 1.7577e-05 1.6426e-05 1.5057e-05 1.3507e-05 1.1831e-05 1.0089e-05 8.3507e-06 6.6854e-06 5.1562e-06 3.8139e-06 2.6918e-06 1.8024e-06 1.1374e-06 6.7147e-07 3.6770e-07 1.8497e-07 8.4544e-08 3.4667e-08 1.2569e-08 3.9631e-09 1.0660e-09 2.3927e-10 4.3680e-11 6.2961e-12 6.9223e-13 5.5764e-14 3.1402e-15 1.1698e-16 2.7015e-18 3.5825e-20 2.4915e-22 8.1572e-25 1.1054e-27 5.3135e-31 7.5237e-35 2.5068e-39 1.4960e-44 1.1457e-50 7.4795e-58 2.5107e-66 2.3126e-76 2.6652e-88 1.4294e-102 1.0171e-119 1.9298e-140 1.2321e-165 1.7894e-196 1.7116e-234 9.7413e-282 0.0000e+00 0.0000e+00 0.0000e+00 0.0000e+00 0.0000e+00 0.0000e+00 0.0000e+00 0.0000e+00 0.0000e+00 0.0000e+00 0.0000e+00 0.0000e+00 0.0000e+00 0.0000e+00 0.0000e+00 0.0000e+00 0.0000e+00 0.0000e+00 0.0000e+00 0.0000e+00 0.0000e+00 0.0000e+00
-2.9368e-07 -8.3124e-07 -1.5289e-06 8.2762e-06 -3.3010e-06 -4.3487e-06 -5.4928e-06 -6.7269e-06 -8.0451e-06 -9.4415e-06 -1.0909e-05 -1.2441e-05 -1.4028e-05 -1.5658e-05 -1.7318e-05 -1.8991e-05 -2.0657e-05 -2.2294e-05 -2.3873e-05 -2.5363e-05 -2.6730e-05 -2.7935e-05 -2.8938e-05 -2.9696e-05 -3.0169e-05 -3.0315e-05 -3.0102e-05 -2.9504e-05 -2.8507e-05 -2.7112e-05 -2.5339e-05 -2.3227e-05 -2.0838e-05 -1.8253e-05 -1.5567e-05 -1.2886e-05 -1.0318e-05 -7.9585e-06 -5.8875e-06 -4.1560e-06 -2.7832e-06 -1.7567e-06 -1.0373e-06 -5.6818e-07 -2.8591e-07 -1.3072e-07 -5.3619e-08 -1.9449e-08 -6.1351e-09 -1.6511e-09 -3.7081e-10 -6.7738e-11 -9.7710e-12 -1.0752e-12 -8.6699e-14 -4.8876e-15 -1.8230e-16 -4.2161e-18 -5.6002e-20 -3.9020e-22 -1.2803e-24 -1.7393e-27 -8.3843e-31 -1.1911e-34 -3.9839e-39 -2.3881e-44 -1.8385e-50 -1.2075e-57 -4.0823e-66 -3.7920e-76 -4.4138e-88 -2.3951e-102 -1.7284e-119 -3.3347e-140 -2.1723e-165 -3.2324e-196 -3.1841e-234 -1.8781e-281 0.0000e+00 0.0000e+00 0.0000e+00 0.0000e+00 0.0000e+00 0.0000e+00 0.0000e+00 0.0000e+00 0.0000e+00 0.0000e+00 0.0000e+00 0.0000e+00 0.0000e+00 0.0000e+00 0.0000e+00 0.0000e+00 0.0000e+00 0.0000e+00 0.0000e+00 0.0000e+00 0.0000e+00 0.0000e+00 2.9368e-07 8.3124e-07 1.5289e-06 0.0000e+00 3.3010e-06 4.3487e-06 5.4928e-06 6.7269e-06 8.0451e-06 9.4415e-06 1.0909e-05 1.2441e-05 1.4028e-05 1.5658e-05 1.7318e-05 1.8991e-05 2.0657e-05 2.2293e-05 2.3872e-05 2.5362e-05 2.6728e-05 2.7933e-05 2.8935e-05 2.9693e-05 3.0165e-05 3.0310e-05 3.0097e-05 2.9498e-05 2.8499e-05 2.7103e-05 2.5330e-05 2.3218e-05 2.0828e-05 1.8243e-05 1.5557e-05 1.2877e-05 1.0309e-05 7.9509e-06 5.8811e-06 4.1508e-06 2.7793e-06 1.7539e-06 1.0354e-06 5.6700e-07 2.8523e-07 1.3037e-07 5.3457e-08 1.9382e-08 6.1112e-09 1.6438e-09 3.6896e-10 6.7356e-11 9.7086e-12 1.0674e-12 8.5989e-14 4.8422e-15 1.8038e-16 4.1657e-18 5.5243e-20 3.8419e-22 1.2578e-24 1.7046e-27 8.1934e-31 1.1602e-34 3.8655e-39 2.3068e-44 1.7667e-50 1.1533e-57 3.8714e-66 3.5660e-76 4.1096e-88 2.2040e-102 1.5683e-119 2.9753e-140 1.8996e-165 2.7585e-196 2.6383e-234 1.5013e-281 0.0000e+00 0.0000e+00 0.0000e+00 0.0000e+00 0.0000e+00 0.0000e+00 0.0000e+00 0.0000e+00 0.0000e+00 0.0000e+00 0.0000e+00 0.0000e+00 0.0000e+00 0.0000e+00 0.0000e+00 0.0000e+00 0.0000e+00 0.0000e+00 0.0000e+00 0.0000e+00 0.0000e+00 0.0000e+00
-4.1121e-07 -1.1639e-06 -2.1407e-06 -3.3010e-06 2.0264e-05 -6.0892e-06 -7.6911e-06 -9.4191e-06 -1.1265e-05 -1.3220e-05 -1.5276e-05 -1.7421e-05 -1.9643e-05 -2.1925e-05 -2.4249e-05 -2.6592e-05 -2.8926e-05 -3.1217e-05 -3.3429e-05 -3.5516e-05 -3.7431e-05 -3.9119e-05 -4.0525e-05 -4.1588e-05 -4.2251e-05 -4.2458e-05 -4.2161e-05 -4.1325e-05 -3.9930e-05 -3.7979e-05 -3.5497e-05 -3.2542e-05 -2.9198e-05 -2.5578e-05 -2.1817e-05 -1.8062e-05 -1.4464e-05 -1.1159e-05 -8.2568e-06 -5.8298e-06 -3.9051e-06 -2.4655e-06 -1.4563e-06 -7.9797e-07 -4.0170e-07 -1.8374e-07 -7.5409e-08 -2.7368e-08 -8.6389e-09 -2.3267e-09 -5.2297e-10 -9.5625e-11 -1.3808e-11 -1.5213e-12 -1.2284e-13 -6.9360e-15 -2.5917e-16 -6.0060e-18 -7.9964e-20 -5.5863e-22 -1.8385e-24 -2.5063e-27 -1.2130e-30 -1.7312e-34 -5.8212e-39 -3.5109e-44 -2.7221e-50 -1.8026e-57 -6.1526e-66 -5.7788e-76 -6.8139e-88 -3.7538e-102 -2.7571e-119 -5.4304e-140 -3.6241e-165 -5.5475e-196 -5.6487e-234 -3.4634e-281 0.0000e+00 0.0000e+00 0.0000e+00 0.0000e+00 0.0000e+00 0.0000e+00 0.0000e+00 0.0000e+00 0.0000e+00 0.0000e+00 0.0000e+00 0.0000e+00 0.0000e+00 0.0000e+00 0.0000e+00 0.0000e+00 0.0000e+00 0.0000e+00 0.0000e+00 0.0000e+00 0.0000e+00 0.0000e+00 4.1121e-07 1.1639e-06 2.1407e-06 3.3010e-06 0.0000e+00 6.0892e-06 7.6911e-06 9.4191e-06 1.1265e-05 1.3220e-05 1.5276e-05 1.7421e-05 1.9642e-05 2.1925e-05 2.4249e-05 2.6591e-05 2.8924e-05 3.1215e-05 3.3425e-05 3.5512e-05 3.7425e-05 3.9112e-05 4.0516e-05 4.1577e-05 4.2237e-05 4.2441e-05 4.2142e-05 4.1303e-05 3.9905e-05 3.7951e-05 3.5467e-05 3.2510e-05 2.9164e-05 2.5544e-05 2.1783e-05 1.8030e-05 1.4435e-05 1.1133e-05 8.2348e-06 5.8120e-06 3.8916e-06 2.4558e-06 1.4498e-06 7.9392e-07 3.9939e-07 1.8254e-07 7.4851e-08 2.7139e-08 8.5570e-09 2.3017e-09 5.1662e-10 9.4312e-11 1.3594e-11 1.4946e-12 1.2040e-13 6.7801e-15 2.5257e-16 5.8328e-18 7.7351e-20 5.3793e-22 1.7612e-24 2.3867e-27 1.1472e-30 1.6244e-34 5.4122e-39 3.2298e-44 2.4736e-50 1.6147e-57 5.4199e-66 4.9921e-76 5.7527e-88 3.0848e-102 2.1947e-119 4.1630e-140 2.6570e-165 3.8568e-196 3.6863e-234 2.0955e-281 0.0000e+00 0.0000e+00 0.0000e+00 0.0000e+00 0.0000e+00 0.0000e+00 0.0000e+00 0.0000e+00 0.0000e+00 0.0000e+00 0.0000e+00 0.0000e+00 0.0000e+00 0.0000e+00 0.0000e+00 0.0000e+00 0.0000e+00 0.0000e+00 0.0000e+00 0.0000e+00 0.0000e+00 0.0000e+00
-5.4172e-07 -1.5333e-06 -2.8202e-06 -4.3487e-06 -6.0892e-06 4.2170e-05 -1.0132e-05 -1.2409e-05 -1.4840e-05 -1.7416e-05 -2.0124e-05 -2.2950e-05 -2.5877e-05 -2.8885e-05 -3.1947e-05 -3.5034e-05 -3.8109e-05 -4.1129e-05 -4.4043e-05 -4.6795e-05 -4.9319e-05 -5.1546e-05 -5.3400e-05 -5.4804e-05 -5.5680e-05 -5.5956e-05 -5.5570e-05 -5.4473e-05 -5.2640e-05 -5.0073e-05 -4.6808e-05 -4.2917e-05 -3.8514e-05 -3.3745e-05 -2.8789e-05 -2.3841e-05 -1.9097e-05 -1.4738e-05 -1.0909e-05 -7.7053e-06 -5.1638e-06 -3.2619e-06 -1.9278e-06 -1.0570e-06 -5.3250e-07 -2.4377e-07 -1.0014e-07 -3.6382e-08 -1.1498e-08 -3.1008e-09 -6.9802e-10 -1.2785e-10 -1.8498e-11 -2.0424e-12 -1.6533e-13 -9.3612e-15 -3.5089e-16 -8.1611e-18 -1.0910e-19 -7.6576e-22 -2.5336e-24 -3.4749e-27 -1.6935e-30 -2.4360e-34 -8.2650e-39 -5.0363e-44 -3.9512e-50 -2.6520e-57 -9.1924e-66 -8.7878e-76 -1.0573e-87 -5.9612e-102 -4.4955e-119 -9.1249e-140 -6.3021e-165 -1.0030e-195 -1.0673e-233 -6.8789e-281 0.0000e+00 0.0000e+00 0.0000e+00 0.0000e+00 0.0000e+00 0.0000e+00 0.0000e+00 0.0000e+00 0.0000e+00 0.0000e+00 0.0000e+00 0.0000e+00 0.0000e+00 0.0000e+00 0.0000e+00 0.0000e+00 0.0000e+00 0.0000e+00 0.0000e+00 0.0000e+00 0.0000e+00 0.0000e+00 5.4172e-07 1.5333e-06 2.8202e-06 4.3487e-06 6.0892e-06 0.0000e+00 1.0132e-05 1.2409e-05 1.4840e-05 1.7416e-05 2.0124e-05 2.2950e-05 2.5876e-05 2.8883e-05 3.1945e-05 3.5031e-05 3.8104e-05 4.1122e-05 4.4034e-05 4.6783e-05 4.9303e-05 5.1526e-05 5.3375e-05 5.4773e-05 5.5642e-05 5.5912e-05 5.5517e-05 5.4412e-05 5.2571e-05 4.9996e-05 4.6724e-05 4.2828e-05 3.8421e-05 3.3651e-05 2.8697e-05 2.3753e-05 1.9016e-05 1.4666e-05 1.0848e-05 7.6567e-06 5.1267e-06 3.2353e-06 1.9100e-06 1.0459e-06 5.2615e-07 2.4048e-07 9.8608e-08 3.5753e-08 1.1273e-08 3.0322e-09 6.8059e-10 1.2425e-10 1.7909e-11 1.9690e-12 1.5861e-13 8.9319e-15 3.3272e-16 7.6839e-18 1.0190e-19 7.0863e-22 2.3201e-24 3.1439e-27 1.5112e-30 2.1396e-34 7.1286e-39 4.2538e-44 3.2575e-50 2.1262e-57 7.1357e-66 6.5710e-76 7.5699e-88 4.0575e-102 2.8850e-119 5.4675e-140 3.4851e-165 5.0493e-196 4.8124e-234 2.7238e-281 0.0000e+00 0.0000e+00 0.0000e+00 0.0000e+00 0.0000e+00 0.0000e+00 0.0000e+00 0.0000e+00 0.0000e+00 0.0000e+00 0.0000e+00 0.0000e+00 0.0000e+00 0.0000e+00 0.0000e+00 0.0000e+00 0.0000e+00 0.0000e+00 0.0000e+00 0.0000e+00 0.0000e+00 0.0000e+00
-6.8424e-07 -1.9367e-06 -3.5621e-06 -5.4928e-06 -7.6911e-06 -1.0132e-05 7.8453e-05 -1.5673e-05 -1.8745e-05 -2.1998e-05 -2.5419e-05 -2.8989e-05 -3.2687e-05 -3.6486e-05 -4.0355e-05 -4.4255e-05 -4.8141e-05 -5.1957e-05 -5.5640e-05 -5.9119e-05 -6.2311e-05 -6.5128e-05 -6.7476e-05 -6.9255e-05 -7.0370e-05 -7.0727e-05 -7.0247e-05 -6.8871e-05 -6.6564e-05 -6.3330e-05 -5.9213e-05 -5.4306e-05 -4.8747e-05 -4.2726e-05 -3.6464e-05 -3.0209e-05 -2.4209e-05 -1.8693e-05 -1.3844e-05 -9.7854e-06 -6.5627e-06 -4.1491e-06 -2.4545e-06 -1.3472e-06 -6.7953e-07 -3.1150e-07 -1.2816e-07 -4.6641e-08 -1.4769e-08 -3.9916e-09 -9.0075e-10 -1.6544e-10 -2.4011e-11 -2.6605e-12 -2.1621e-13 -1.2297e-14 -4.6326e-16 -1.0836e-17 -1.4579e-19 -1.0307e-21 -3.4382e-24 -4.7593e-27 -2.3437e-30 -3.4112e-34 -1.1728e-38 -7.2544e-44 -5.7881e-50 -3.9593e-57 -1.4019e-65 -1.3726e-75 -1.6962e-87 -9.8528e-102 -7.6815e-119 -1.6179e-139 -1.1642e-164 -1.9389e-195 -2.1700e-233 -1.4790e-280 0.0000e+00 0.0000e+00 0.0000e+00 0.0000e+00 0.0000e+00 0.0000e+00 0.0000e+00 0.0000e+00 0.0000e+00 0.0000e+00 0.0000e+00 0.0000e+00 0.0000e+00 0.0000e+00 0.0000e+00 0.0000e+00 0.0000e+00 0.0000e+00 0.0000e+00 0.0000e+00 0.0000e+00 0.0000e+00 6.8424e-07 1.9367e-06 3.5621e-06 5.4928e-06 7.6911e-06 1.0132e-05 0.0000e+00 1.5673e-05 1.8744e-05 2.1998e-05 2.5418e-05 2.8987e-05 3.2684e-05 3.6482e-05 4.0349e-05 4.4247e-05 4.8129e-05 5.1941e-05 5.5619e-05 5.9090e-05 6.2274e-05 6.5082e-05 6.7417e-05 6.9183e-05 7.0281e-05 7.0621e-05 7.0123e-05 6.8727e-05 6.6401e-05 6.3149e-05 5.9016e-05 5.4095e-05 4.8529e-05 4.2504e-05 3.6247e-05 3.0002e-05 2.4019e-05 1.8525e-05 1.3703e-05 9.6711e-06 6.4755e-06 4.0864e-06 2.4124e-06 1.3211e-06 6.6457e-07 3.0375e-07 1.2455e-07 4.5158e-08 1.4238e-08 3.8299e-09 8.5963e-10 1.5693e-10 2.2619e-11 2.4869e-12 2.0033e-13 1.1281e-14 4.2023e-16 9.7044e-18 1.2869e-19 8.9492e-22 2.9298e-24 3.9700e-27 1.9080e-30 2.7013e-34 8.9984e-39 5.3684e-44 4.1100e-50 2.6816e-57 8.9948e-66 8.2769e-76 9.5254e-88 5.0984e-102 3.6176e-119 6.8353e-140 4.3377e-165 6.2425e-196 5.8885e-234 3.2786e-281 0.0000e+00 0.0000e+00 0.0000e+00 0.0000e+00 0.0000e+00 0.0000e+00 0.0000e+00 0.0000e+00 0.0000e+00 0.0000e+00 0.0000e+00 0.0000e+00 0.0000e+00 0.0000e+00 0.0000e+00 0.0000e+00 0.0000e+00 0.0000e+00 0.0000e+00 0.0000e+00 0.0000e+00 0.0000e+00
-8.3797e-07 -2.3718e-06 -4.3624e-06 -6.7269e-06 -9.4191e-06 -1.2409e-05 -1.5673e-05 1.3449e-04 -2.2956e-05 -2.6941e-05 -3.1131e-05 -3.5503e-05 -4.0033e-05 -4.4687e-05 -4.9426e-05 -5.4205e-05 -5.8966e-05 -6.3644e-05 -6.8159e-05 -7.2425e-05 -7.6342e-05 -7.9802e-05 -8.2687e-05 -8.4878e-05 -8.6257e-05 -8.6709e-05 -8.6138e-05 -8.4470e-05 -8.1662e-05 -7.7717e-05 -7.2690e-05 -6.6690e-05 -5.9891e-05 -5.2518e-05 -4.4847e-05 -3.7177e-05 -2.9814e-05 -2.3039e-05 -1.7079e-05 -1.2084e-05 -8.1137e-06 -5.1363e-06 -3.0430e-06 -1.6729e-06 -8.4535e-07 -3.8832e-07 -1.6013e-07 -5.8429e-08 -1.8555e-08 -5.0313e-09 -1.1395e-09 -2.1016e-10 -3.0641e-11 -3.4127e-12 -2.7895e-13 -1.5968e-14 -6.0595e-16 -1.4289e-17 -1.9401e-19 -1.3856e-21 -4.6747e-24 -6.5532e-27 -3.2729e-30 -4.8390e-34 -1.6929e-38 -1.0676e-43 -8.7014e-50 -6.0940e-57 -2.2145e-65 -2.2309e-75 -2.8445e-87 -1.7098e-101 -1.3839e-118 -3.0368e-139 -2.2855e-164 -3.9989e-195 -4.7255e-233 -3.4209e-280 0.0000e+00 0.0000e+00 0.0000e+00 0.0000e+00 0.0000e+00 0.0000e+00 0.0000e+00 0.0000e+00 0.0000e+00 0.0000e+00 0.0000e+00 0.0000e+00 0.0000e+00 0.0000e+00 0.0000e+00 0.0000e+00 0.0000e+00 0.0000e+00 0.0000e+00 0.0000e+00 0.0000e+00 0.0000e+00 8.3797e-07 2.3718e-06 4.3624e-06 6.7269e-06 9.4191e-06 1.2409e-05 1.5673e-05 0.0000e+00 2.2956e-05 2.6940e-05 3.1129e-05 3.5500e-05 4.0027e-05 4.4678e-05 4.9414e-05 5.4188e-05 5.8942e-05 6.3610e-05 6.8115e-05 7.2366e-05 7.6266e-05 7.9703e-05 8.2564e-05 8.4726e-05 8.6071e-05 8.6487e-05 8.5877e-05 8.4168e-05 8.1320e-05 7.7337e-05 7.2275e-05 6.6249e-05 5.9432e-05 5.2054e-05 4.4390e-05 3.6743e-05 2.9415e-05 2.2687e-05 1.6781e-05 1.1844e-05 7.9303e-06 5.0045e-06 2.9544e-06 1.6178e-06 8.1387e-07 3.7198e-07 1.5253e-07 5.5303e-08 1.7437e-08 4.6902e-09 1.0527e-09 1.9218e-10 2.7699e-11 3.0453e-12 2.4531e-13 1.3813e-14 5.1453e-16 1.1882e-17 1.5755e-19 1.0955e-21 3.5860e-24 4.8581e-27 2.3344e-30 3.3038e-34 1.1001e-38 6.5591e-44 5.0176e-50 3.2703e-57 1.0953e-65 1.0058e-75 1.1540e-87 6.1505e-102 4.3370e-119 8.1190e-140 5.0799e-165 7.1500e-196 6.5034e-234 3.3990e-281 0.0000e+00 0.0000e+00 0.0000e+00 0.0000e+00 0.0000e+00 0.0000e+00 0.0000e+00 0.0000e+00 0.0000e+00 0.0000e+00 0.0000e+00 0.0000e+00 0.0000e+00 0.0000e+00 0.0000e+00 0.0000e+00 0.0000e+00 0.0000e+00 0.0000e+00 0.0000e+00 0.0000e+00 0.0000e+00
-1.0022e-06 -2.8366e-06 -5.2173e-06 -8.0451e-06 -1.1265e-05 -1.4840e-05 -1.8745e-05 -2.2956e-05 2.1661e-04 -3.2222e-05 -3.7233e-05 -4.2463e-05 -4.7881e-05 -5.3449e-05 -5.9121e-05 -6.4840e-05 -7.0539e-05 -7.6139e-05 -8.1549e-05 -8.6661e-05 -9.1358e-05 -9.5511e-05 -9.8980e-05 -1.0162e-04 -1.0329e-04 -1.0386e-04 -1.0321e-04 -1.0124e-04 -9.7915e-05 -9.3225e-05 -8.7237e-05 -8.0082e-05 -7.1963e-05 -6.3150e-05 -5.3969e-05 -4.4780e-05 -3.5949e-05 -2.7813e-05 -2.0645e-05 -1.4628e-05 -9.8384e-06 -6.2397e-06 -3.7044e-06 -2.0413e-06 -1.0342e-06 -4.7647e-07 -1.9713e-07 -7.2192e-08 -2.3020e-08 -6.2706e-09 -1.4275e-09 -2.6477e-10 -3.8849e-11 -4.3575e-12 -3.5898e-13 -2.0729e-14 -7.9424e-16 -1.8931e-17 -2.6009e-19 -1.8819e-21 -6.4414e-24 -9.1740e-27 -4.6621e-30 -7.0252e-34 -2.5095e-38 -1.6187e-43 -1.3523e-49 -9.7276e-57 -3.6390e-65 -3.7831e-75 -4.9907e-87 -3.1129e-101 -2.6228e-118 -6.0130e-139 -4.7480e-164 -8.7591e-195 -1.0978e-232 -8.4880e-280 0.0000e+00 0.0000e+00 0.0000e+00 0.0000e+00 0.0000e+00 0.0000e+00 0.0000e+00 0.0000e+00 0.0000e+00 0.0000e+00 0.0000e+00 0.0000e+00 0.0000e+00 0.0000e+00 0.0000e+00 0.0000e+00 0.0000e+00 0.0000e+00 0.0000e+00 0.0000e+00 0.0000e+00 0.0000e+00 1.0022e-06 2.8366e-06 5.2173e-06 8.0451e-06 1.1265e-05 1.4840e-05 1.8744e-05 2.2956e-05 0.0000e+00 3.2219e-05 3.7229e-05 4.2457e-05 4.7871e-05 5.3433e-05 5.9098e-05 6.4806e-05 7.0492e-05 7.6075e-05 8.1462e-05 8.6547e-05 9.1210e-05 9.5322e-05 9.8743e-05 1.0133e-04 1.0294e-04 1.0344e-04 1.0271e-04 1.0066e-04 9.7255e-05 9.2491e-05 8.6438e-05 7.9231e-05 7.1078e-05 6.2254e-05 5.3089e-05 4.3942e-05 3.5179e-05 2.7132e-05 2.0069e-05 1.4165e-05 9.4842e-06 5.9851e-06 3.5333e-06 1.9348e-06 9.7333e-07 4.4486e-07 1.8241e-07 6.6136e-08 2.0852e-08 5.6088e-09 1.2589e-09 2.2980e-10 3.3121e-11 3.6412e-12 2.9329e-13 1.6514e-14 6.1505e-16 1.4201e-17 1.8826e-19 1.3087e-21 4.2825e-24 5.7992e-27 2.7849e-30 3.9382e-34 1.3099e-38 7.7987e-44 5.9539e-50 3.8696e-57 1.2910e-65 1.1788e-75 1.3417e-87 7.0663e-102 4.8940e-119 8.9075e-140 5.3229e-165 6.9136e-196 5.3751e-234 1.9084e-281 0.0000e+00 0.0000e+00 0.0000e+00 0.0000e+00 0.0000e+00 0.0000e+00 0.0000e+00 0.0000e+00 0.0000e+00 0.0000e+00 0.0000e+00 0.0000e+00 0.0000e+00 0.0000e+00 0.0000e+00 0.0000e+00 0.0000e+00 0.0000e+00 0.0000e+00 0.0000e+00 0.0000e+00 0.0000e+00
-1.1761e-06 -3.3290e-06 -6.1228e-06 -9.4415e-06 -1.3220e-05 -1.7416e-05 -2.1998e-05 -2.6941e-05 -3.2222e-05 3.3219e-04 -4.3698e-05 -4.9838e-05 -5.6198e-05 -6.2736e-05 -6.9397e-05 -7.6115e-05 -8.2812e-05 -8.9395e-05 -9.5757e-05 -1.0177e-04 -1.0731e-04 -1.1221e-04 -1.1631e-04 -1.1944e-04 -1.2145e-04 -1.2216e-04 -1.2144e-04 -1.1918e-04 -1.1532e-04 -1.0987e-04 -1.0288e-04 -9.4516e-05 -8.5009e-05 -7.4673e-05 -6.3890e-05 -5.3080e-05 -4.2673e-05 -3.3068e-05 -2.4591e-05 -1.7460e-05 -1.1770e-05 -7.4837e-06 -4.4556e-06 -2.4632e-06 -1.2524e-06 -5.7928e-07 -2.4072e-07 -8.8593e-08 -2.8404e-08 -7.7843e-09 -1.7840e-09 -3.3336e-10 -4.9317e-11 -5.5819e-12 -4.6445e-13 -2.7115e-14 -1.0515e-15 -2.5393e-17 -3.5391e-19 -2.6011e-21 -9.0554e-24 -1.3137e-26 -6.8101e-30 -1.0485e-33 -3.8331e-38 -2.5350e-43 -2.1753e-49 -1.6106e-56 -6.2150e-65 -6.6808e-75 -9.1381e-87 -5.9278e-101 -5.2129e-118 -1.2525e-138 -1.0417e-163 -2.0357e-194 -2.7214e-232 -2.2634e-279 0.0000e+00 0.0000e+00 0.0000e+00 0.0000e+00 0.0000e+00 0.0000e+00 0.0000e+00 0.0000e+00 0.0000e+00 0.0000e+00 0.0000e+00 0.0000e+00 0.0000e+00 0.0000e+00 0.0000e+00 0.0000e+00 0.0000e+00 0.0000e+00 0.0000e+00 0.0000e+00 0.0000e+00 0.0000e+00 1.1761e-06 3.3290e-06 6.1228e-06 9.4415e-06 1.3220e-05 1.7416e-05 2.1998e-05 2.6940e-05 3.2219e-05 0.0000e+00 4.3691e-05 4.9826e-05 5.6180e-05 6.2708e-05 6.9355e-05 7.6055e-05 8.2728e-05 8.9280e-05 9.5602e-05 1.0157e-04 1.0704e-04 1.1187e-04 1.1588e-04 1.1892e-04 1.2080e-04 1.2139e-04 1.2053e-04 1.1813e-04 1.1414e-04 1.0854e-04 1.0144e-04 9.2982e-05 8.3414e-05 7.3059e-05 6.2303e-05 5.1569e-05 4.1285e-05 3.1842e-05 2.3552e-05 1.6623e-05 1.1130e-05 7.0238e-06 4.1465e-06 2.2706e-06 1.1422e-06 5.2204e-07 2.1405e-07 7.7606e-08 2.4468e-08 6.5811e-09 1.4770e-09 2.6960e-10 3.8854e-11 4.2710e-12 3.4397e-13 1.9363e-14 7.2099e-16 1.6641e-17 2.2051e-19 1.5320e-21 5.0094e-24 6.7766e-27 3.2498e-30 4.5871e-34 1.5219e-38 9.0294e-44 6.8600e-50 4.4282e-57 1.4628e-65 1.3167e-75 1.4666e-87 7.4674e-102 4.8939e-119 8.0799e-140 3.9674e-165 3.0094e-196 -1.4443e-234 -5.0166e-281 0.0000e+00 0.0000e+00 0.0000e+00 0.0000e+00 0.0000e+00 0.0000e+00 0.0000e+00 0.0000e+00 0.0000e+00 0.0000e+00 0.0000e+00 0.0000e+00 0.0000e+00 0.0000e+00 0.0000e+00 0.0000e+00 0.0000e+00 0.0000e+00 0.0000e+00 0.0000e+00 0.0000e+00 0.0000e+00
-1.3590e-06 -3.8466e-06 -7.0748e-06 -1.0909e-05 -1.5276e-05 -2.0124e-05 -2.5419e-05 -3.1131e-05 -3.7233e-05 -4.3698e-05 4.8968e-04 -5.7593e-05 -6.4947e-05 -7.2506e-05 -8.0210e-05 -8.7982e-05 -9.5733e-05 -1.0336e-04 -1.1073e-04 -1.1771e-04 -1.2414e-04 -1.2984e-04 -1.3463e-04 -1.3831e-04 -1.4068e-04 -1.4157e-04 -1.4082e-04 -1.3828e-04 -1.3391e-04 -1.2768e-04 -1.1967e-04 -1.1006e-04 -9.9104e-05 -8.7172e-05 -7.4697e-05 -6.2166e-05 -5.0074e-05 -3.8888e-05 -2.8988e-05 -2.0638e-05 -1.3954e-05 -8.9028e-06 -5.3205e-06 -2.9537e-06 -1.5087e-06 -7.0145e-07 -2.9316e-07 -1.0857e-07 -3.5051e-08 -9.6796e-09 -2.2371e-09 -4.2188e-10 -6.3042e-11 -7.2140e-12 -6.0747e-13 -3.5927e-14 -1.4129e-15 -3.4645e-17 -4.9084e-19 -3.6716e-21 -1.3026e-23 -1.9284e-26 -1.0216e-29 -1.6099e-33 -6.0332e-38 -4.0971e-43 -3.6170e-49 -2.7608e-56 -1.1009e-64 -1.2260e-74 -1.7427e-86 -1.1789e-100 -1.0857e-117 -2.7449e-138 -2.4158e-163 -5.0301e-194 -7.2227e-232 -6.5140e-279 0.0000e+00 0.0000e+00 0.0000e+00 0.0000e+00 0.0000e+00 0.0000e+00 0.0000e+00 0.0000e+00 0.0000e+00 0.0000e+00 0.0000e+00 0.0000e+00 0.0000e+00 0.0000e+00 0.0000e+00 0.0000e+00 0.0000e+00 0.0000e+00 0.0000e+00 0.0000e+00 0.0000e+00 0.0000e+00 1.3590e-06 3.8466e-06 7.0748e-06 1.0909e-05 1.5276e-05 2.0124e-05 2.5418e-05 3.1129e-05 3.7229e-05 4.3691e-05 0.0000e+00 5.7573e-05 6.4915e-05 7.2458e-05 8.0138e-05 8.7880e-05 9.5590e-05 1.0316e-04 1.1047e-04 1.1736e-04 1.2368e-04 1.2926e-04 1.3390e-04 1.3741e-04 1.3959e-04 1.4026e-04 1.3927e-04 1.3650e-04 1.3188e-04 1.2542e-04 1.1721e-04 1.0744e-04 9.6383e-05 8.4418e-05 7.1989e-05 5.9587e-05 4.7704e-05 3.6792e-05 2.7214e-05 1.9207e-05 1.2860e-05 8.1154e-06 4.7908e-06 2.6234e-06 1.3197e-06 6.0312e-07 2.4729e-07 8.9651e-08 2.8264e-08 7.6013e-09 1.7058e-09 3.1132e-10 4.4857e-11 4.9297e-12 3.9689e-13 2.2333e-14 8.3113e-16 1.9170e-17 2.5379e-19 1.7610e-21 5.7486e-24 7.7594e-27 3.7099e-30 5.2151e-34 1.7204e-38 1.0126e-43 7.6063e-50 4.8290e-57 1.5561e-65 1.3474e-75 1.4084e-87 6.4013e-102 3.3113e-119 2.6137e-140 -2.0765e-165 -1.2005e-195 -2.6259e-233 -3.0082e-280 0.0000e+00 0.0000e+00 0.0000e+00 0.0000e+00 0.0000e+00 0.0000e+00 0.0000e+00 0.0000e+00 0.0000e+00 0.0000e+00 0.0000e+00 0.0000e+00 0.0000e+00 0.0000e+00 0.0000e+00 0.0000e+00 0.0000e+00 0.0000e+00 0.0000e+00 0.0000e+00 0.0000e+00 0.0000e+00
-1.5498e-06 -4.3867e-06 -8.0683e-06 -1.2441e-05 -1.7421e-05 -2.2950e-05 -2.8989e-05 -3.5503e-05 -4.2463e-05 -4.9838e-05 -5.7593e-05 6.9872e-04 -7.4082e-05 -8.2711e-05 -9.1507e-05 -1.0039e-04 -1.0925e-04 -1.1797e-04 -1.2641e-04 -1.3441e-04 -1.4179e-04 -1.4835e-04 -1.5389e-04 -1.5817e-04 -1.6097e-04 -1.6209e-04 -1.6134e-04 -1.5857e-04 -1.5370e-04 -1.4671e-04 -1.3767e-04 -1.2679e-04 -1.1435e-04 -1.0076e-04 -8.6516e-05 -7.2162e-05 -5.8273e-05 -4.5381e-05 -3.3935e-05 -2.4244e-05 -1.6456e-05 -1.0544e-05 -6.3315e-06 -3.5334e-06 -1.8154e-06 -8.4945e-07 -3.5751e-07 -1.3343e-07 -4.3440e-08 -1.2107e-08 -2.8262e-09 -5.3878e-10 -8.1462e-11 -9.4408e-12 -8.0590e-13 -4.8367e-14 -1.9322e-15 -4.8180e-17 -6.9494e-19 -5.2986e-21 -1.9184e-23 -2.9020e-26 -1.5732e-29 -2.5403e-33 -9.7716e-38 -6.8234e-43 -6.2067e-49 -4.8924e-56 -2.0199e-64 -2.3362e-74 -3.4608e-86 -2.4500e-100 -2.3721e-117 -6.3412e-138 -5.9392e-163 -1.3262e-193 -2.0607e-231 -2.0328e-278 0.0000e+00 0.0000e+00 0.0000e+00 0.0000e+00 0.0000e+00 0.0000e+00 0.0000e+00 0.0000e+00 0.0000e+00 0.0000e+00 0.0000e+00 0.0000e+00 0.0000e+00 0.0000e+00 0.0000e+00 0.0000e+00 0.0000e+00 0.0000e+00 0.0000e+00 0.0000e+00 0.0000e+00 0.0000e+00 1.5498e-06 4.3867e-06 8.0682e-06 1.2441e-05 1.7421e-05 2.2950e-05 2.8987e-05 3.5500e-05 4.2457e-05 4.9826e-05 5.7573e-05 0.0000e+00 7.4030e-05 8.2632e-05 9.1392e-05 1.0022e-04 1.0901e-04 1.1765e-04 1.2598e-04 1.3384e-04 1.4105e-04 1.4741e-04 1.5270e-04 1.5670e-04 1.5919e-04 1.5996e-04 1.5883e-04 1.5567e-04 1.5040e-04 1.4303e-04 1.3367e-04 1.2253e-04 1.0992e-04 9.6271e-05 8.2097e-05 6.7953e-05 5.4401e-05 4.1956e-05 3.1034e-05 2.1903e-05 1.4665e-05 9.2541e-06 5.4629e-06 2.9913e-06 1.5046e-06 6.8762e-07 2.8191e-07 1.0219e-07 3.2213e-08 8.6621e-09 1.9434e-09 3.5458e-10 5.1073e-11 5.6100e-12 4.5139e-13 2.5379e-14 9.4346e-16 2.1729e-17 2.8713e-19 1.9874e-21 6.4656e-24 8.6868e-27 4.1269e-30 5.7499e-34 1.8730e-38 1.0823e-43 7.9095e-50 4.8115e-57 1.4451e-65 1.1020e-75 8.7626e-88 1.4825e-102 -2.5212e-119 -1.5697e-139 -2.1619e-164 -6.0578e-195 -1.0867e-232 -1.1737e-279 0.0000e+00 0.0000e+00 0.0000e+00 0.0000e+00 0.0000e+00 0.0000e+00 0.0000e+00 0.0000e+00 0.0000e+00 0.0000e+00 0.0000e+00 0.0000e+00 0.0000e+00 0.0000e+00 0.0000e+00 0.0000e+00 0.0000e+00 0.0000e+00 0.0000e+00 0.0000e+00 0.0000e+00 0.0000e+00
-1.7475e-06 -4.9461e-06 -9.0972e-06 -1.4028e-05 -1.9643e-05 -2.5877e-05 -3.2687e-05 -4.0033e-05 -4.7881e-05 -5.6198e-05 -6.4947e-05 -7.4082e-05 9.7023e-04 -9.3293e-05 -1.0323e-04 -1.1326e-04 -1.2328e-04 -1.3315e-04 -1.4272e-04 -1.5180e-04 -1.6020e-04 -1.6769e-04 -1.7403e-04 -1.7898e-04 -1.8229e-04 -1.8370e-04 -1.8302e-04 -1.8008e-04 -1.7475e-04 -1.6703e-04 -1.5700e-04 -1.4484e-04 -1.3090e-04 -1.1560e-04 -9.9507e-05 -8.3233e-05 -6.7425e-05 -5.2695e-05 -3.9558e-05 -2.8385e-05 -1.9359e-05 -1.2470e-05 -7.5318e-06 -4.2303e-06 -2.1888e-06 -1.0320e-06 -4.3799e-07 -1.6495e-07 -5.4234e-08 -1.5277e-08 -3.6071e-09 -6.9616e-10 -1.0665e-10 -1.2535e-11 -1.0862e-12 -6.6238e-14 -2.6914e-15 -6.8326e-17 -1.0044e-18 -7.8143e-21 -2.8904e-23 -4.4725e-26 -2.4836e-29 -4.1146e-33 -1.6267e-37 -1.1698e-42 -1.0984e-48 -8.9597e-56 -3.8396e-64 -4.6257e-74 -7.1660e-86 -5.3297e-100 -5.4509e-117 -1.5488e-137 -1.5531e-162 -3.7449e-193 -6.3466e-231 -6.9097e-278 0.0000e+00 0.0000e+00 0.0000e+00 0.0000e+00 0.0000e+00 0.0000e+00 0.0000e+00 0.0000e+00 0.0000e+00 0.0000e+00 0.0000e+00 0.0000e+00 0.0000e+00 0.0000e+00 0.0000e+00 0.0000e+00 0.0000e+00 0.0000e+00 0.0000e+00 0.0000e+00 0.0000e+00 0.0000e+00 1.7475e-06 4.9461e-06 9.0972e-06 1.4028e-05 1.9642e-05 2.5876e-05 3.2684e-05 4.0027e-05 4.7871e-05 5.6180e-05 6.4915e-05 7.4030e-05 0.0000e+00 9.3170e-05 1.0305e-04 1.1300e-04 1.2292e-04 1.3265e-04 1.4204e-04 1.5091e-04 1.5904e-04 1.6621e-04 1.7217e-04 1.7668e-04 1.7949e-04 1.8036e-04 1.7908e-04 1.7552e-04 1.6958e-04 1.6127e-04 1.5072e-04 1.3815e-04 1.2393e-04 1.0855e-04 9.2564e-05 7.6615e-05 6.1335e-05 4.7304e-05 3.4988e-05 2.4693e-05 1.6533e-05 1.0432e-05 6.1581e-06 3.3717e-06 1.6958e-06 7.7492e-07 3.1765e-07 1.1513e-07 3.6282e-08 9.7530e-09 2.1872e-09 3.9886e-10 5.7410e-11 6.3005e-12 5.0634e-13 2.8424e-14 1.0545e-15 2.4219e-17 3.1885e-19 2.1959e-21 7.0947e-24 9.4411e-27 4.4248e-30 6.0450e-34 1.9123e-38 1.0559e-43 7.1586e-50 3.7985e-57 8.4413e-66 1.8348e-76 -8.3645e-88 -1.3313e-101 -1.9642e-118 -6.9610e-139 -8.0519e-164 -2.1301e-194 -3.8222e-232 -4.2874e-279 0.0000e+00 0.0000e+00 0.0000e+00 0.0000e+00 0.0000e+00 0.0000e+00 0.0000e+00 0.0000e+00 0.0000e+00 0.0000e+00 0.0000e+00 0.0000e+00 0.0000e+00 0.0000e+00 0.0000e+00 0.0000e+00 0.0000e+00 0.0000e+00 0.0000e+00 0.0000e+00 0.0000e+00 0.0000e+00
-1.9505e-06 -5.5209e-06 -1.0154e-05 -1.5658e-05 -2.1925e-05 -2.8885e-05 -3.6486e-05 -4.4687e-05 -5.3449e-05 -6.2736e-05 -7.2506e-05 -8.2711e-05 -9.3293e-05 1.3165e-03 -1.1530e-04 -1.2653e-04 -1.3775e-04 -1.4882e-04 -1.5957e-04 -1.6979e-04 -1.7927e-04 -1.8776e-04 -1.9500e-04 -2.0070e-04 -2.0458e-04 -2.0639e-04 -2.0587e-04 -2.0283e-04 -1.9713e-04 -1.8875e-04 -1.7776e-04 -1.6437e-04 -1.4891e-04 -1.3188e-04 -1.1388e-04 -9.5588e-05 -7.7735e-05 -6.1014e-05 -4.6022e-05 -3.3197e-05 -2.2773e-05 -1.4762e-05 -8.9781e-06 -5.0809e-06 -2.6505e-06 -1.2609e-06 -5.4027e-07 -2.0559e-07 -6.8347e-08 -1.9482e-08 -4.6585e-09 -9.1127e-10 -1.4162e-10 -1.6899e-11 -1.4880e-12 -9.2287e-14 -3.8174e-15 -9.8758e-17 -1.4810e-18 -1.1767e-20 -4.4508e-23 -7.0524e-26 -4.0164e-29 -6.8364e-33 -2.7823e-37 -2.0644e-42 -2.0050e-48 -1.6970e-55 -7.5707e-64 -9.5321e-74 -1.5503e-85 -1.2167e-99 -1.3210e-116 -4.0119e-137 -4.3350e-162 -1.1368e-192 -2.1185e-230 -2.5692e-277 0.0000e+00 0.0000e+00 0.0000e+00 0.0000e+00 0.0000e+00 0.0000e+00 0.0000e+00 0.0000e+00 0.0000e+00 0.0000e+00 0.0000e+00 0.0000e+00 0.0000e+00 0.0000e+00 0.0000e+00 0.0000e+00 0.0000e+00 0.0000e+00 0.0000e+00 0.0000e+00 0.0000e+00 0.0000e+00 1.9505e-06 5.5209e-06 1.0154e-05 1.5658e-05 2.1925e-05 2.8883e-05 3.6482e-05 4.4678e-05 5.3433e-05 6.2708e-05 7.2458e-05 8.2632e-05 9.3170e-05 0.0000e+00 1.1502e-04 1.2613e-04 1.3720e-04 1.4806e-04 1.5855e-04 1.6844e-04 1.7752e-04 1.8552e-04 1.9218e-04 1.9721e-04 2.0034e-04 2.0131e-04 1.9989e-04 1.9591e-04 1.8928e-04 1.8001e-04 1.6823e-04 1.5420e-04 1.3833e-04 1.2115e-04 1.0331e-04 8.5513e-05 6.8457e-05 5.2795e-05 3.9048e-05 2.7557e-05 1.8449e-05 1.1641e-05 6.8708e-06 3.7615e-06 1.8916e-06 8.6418e-07 3.5415e-07 1.2831e-07 4.0419e-08 1.0859e-08 2.4334e-09 4.4333e-10 6.3731e-11 6.9825e-12 5.5992e-13 3.1340e-14 1.1581e-15 2.6461e-17 3.4586e-19 2.3582e-21 7.5125e-24 9.7960e-27 4.4546e-30 5.8074e-34 1.7007e-38 8.1563e-44 4.0376e-50 5.1120e-58 -9.0037e-66 -2.3482e-75 -5.4718e-87 -5.3511e-101 -6.7120e-118 -2.2437e-138 -2.5782e-163 -7.0041e-194 -1.3240e-231 -1.6004e-278 0.0000e+00 0.0000e+00 0.0000e+00 0.0000e+00 0.0000e+00 0.0000e+00 0.0000e+00 0.0000e+00 0.0000e+00 0.0000e+00 0.0000e+00 0.0000e+00 0.0000e+00 0.0000e+00 0.0000e+00 0.0000e+00 0.0000e+00 0.0000e+00 0.0000e+00 0.0000e+00 0.0000e+00 0.0000e+00
-2.1573e-06 -6.1061e-06 -1.1231e-05 -1.7318e-05 -2.4249e-05 -3.1947e-05 -4.0355e-05 -4.9426e-05 -5.9121e-05 -6.9397e-05 -8.0210e-05 -9.1507e-05 -1.0323e-04 -1.1530e-04 1.7514e-03 -1.4008e-04 -1.5255e-04 -1.6487e-04 -1.7686e-04 -1.8829e-04 -1.9892e-04 -2.0849e-04 -2.1670e-04 -2.2325e-04 -2.2783e-04 -2.3013e-04 -2.2989e-04 -2.2687e-04 -2.2092e-04 -2.1199e-04 -2.0013e-04 -1.8556e-04 -1.6862e-04 -1.4985e-04 -1.2989e-04 -1.0949e-04 -8.9456e-05 -7.0576e-05 -5.3537e-05 -3.8858e-05 -2.6837e-05 -1.7526e-05 -1.0744e-05 -6.1331e-06 -3.2293e-06 -1.5517e-06 -6.7202e-07 -2.5865e-07 -8.7040e-08 -2.5131e-08 -6.0919e-09 -1.2089e-09 -1.9075e-10 -2.3128e-11 -2.0711e-12 -1.3075e-13 -5.5101e-15 -1.4538e-16 -2.2260e-18 -1.8081e-20 -7.0005e-23 -1.1373e-25 -6.6521e-29 -1.1652e-32 -4.8911e-37 -3.7527e-42 -3.7798e-48 -3.3286e-55 -1.5510e-63 -2.0486e-73 -3.5122e-85 -2.9225e-99 -3.3859e-116 -1.1056e-136 -1.2957e-161 -3.7232e-192 -7.6935e-230 -1.0492e-276 0.0000e+00 0.0000e+00 0.0000e+00 0.0000e+00 0.0000e+00 0.0000e+00 0.0000e+00 0.0000e+00 0.0000e+00 0.0000e+00 0.0000e+00 0.0000e+00 0.0000e+00 0.0000e+00 0.0000e+00 0.0000e+00 0.0000e+00 0.0000e+00 0.0000e+00 0.0000e+00 0.0000e+00 0.0000e+00 2.1573e-06 6.1061e-06 1.1231e-05 1.7318e-05 2.4249e-05 3.1945e-05 4.0349e-05 4.9414e-05 5.9098e-05 6.9355e-05 8.0138e-05 9.1392e-05 1.0305e-04 1.1502e-04 0.0000e+00 1.3950e-04 1.5174e-04 1.6376e-04 1.7536e-04 1.8630e-04 1.9634e-04 2.0519e-04 2.1255e-04 2.1812e-04 2.2158e-04 2.2265e-04 2.2108e-04 2.1668e-04 2.0934e-04 1.9909e-04 1.8605e-04 1.7054e-04 1.5299e-04 1.3399e-04 1.1426e-04 9.4567e-05 7.5702e-05 5.8380e-05 4.3177e-05 3.0469e-05 2.0396e-05 1.2868e-05 7.5937e-06 4.1564e-06 2.0896e-06 9.5431e-07 3.9091e-07 1.4155e-07 4.4554e-08 1.1958e-08 2.6763e-09 4.8673e-10 6.9813e-11 7.6262e-12 6.0910e-13 3.3911e-14 1.2440e-15 2.8136e-17 3.6257e-19 2.4222e-21 7.4871e-24 9.3182e-27 3.9249e-30 4.4511e-34 9.5608e-39 1.1373e-44 -4.3043e-50 -7.9118e-57 -5.3041e-65 -8.7625e-75 -1.7426e-86 -1.6030e-100 -1.9846e-117 -6.7498e-138 -8.0722e-163 -2.3271e-193 -4.7549e-231 -6.3303e-278 0.0000e+00 0.0000e+00 0.0000e+00 0.0000e+00 0.0000e+00 0.0000e+00 0.0000e+00 0.0000e+00 0.0000e+00 0.0000e+00 0.0000e+00 0.0000e+00 0.0000e+00 0.0000e+00 0.0000e+00 0.0000e+00 0.0000e+00 0.0000e+00 0.0000e+00 0.0000e+00 0.0000e+00 0.0000e+00
-2.3657e-06 -6.6959e-06 -1.2316e-05 -1.8991e-05 -2.6592e-05 -3.5034e-05 -4.4255e-05 -5.4205e-05 -6.4840e-05 -7.6115e-05 -8.7982e-05 -1.0039e-04 -1.1326e-04 -1.2653e-04 -1.4008e-04 2.2902e-03 -1.6757e-04 -1.8118e-04 -1.9445e-04 -2.0715e-04 -2.1901e-04 -2.2974e-04 -2.3904e-04 -2.4656e-04 -2.5196e-04 -2.5491e-04 -2.5509e-04 -2.5226e-04 -2.4622e-04 -2.3688e-04 -2.2428e-04 -2.0864e-04 -1.9030e-04 -1.6980e-04 -1.4785e-04 -1.2525e-04 -1.0290e-04 -8.1673e-05 -6.2363e-05 -4.5589e-05 -3.1730e-05 -2.0895e-05 -1.2926e-05 -7.4497e-06 -3.9631e-06 -1.9252e-06 -8.4357e-07 -3.2870e-07 -1.1206e-07 -3.2801e-08 -8.0665e-09 -1.6252e-09 -2.6053e-10 -3.2121e-11 -2.9271e-12 -1.8823e-13 -8.0884e-15 -2.1783e-16 -3.4088e-18 -2.8335e-20 -1.1245e-22 -1.8757e-25 -1.1287e-28 -2.0386e-32 -8.8454e-37 -7.0351e-42 -7.3694e-48 -6.7740e-55 -3.3085e-63 -4.6018e-73 -8.3537e-85 -7.4052e-99 -9.2049e-116 -3.2514e-136 -4.1610e-161 -1.3201e-191 -3.0507e-229 -4.7244e-276 0.0000e+00 0.0000e+00 0.0000e+00 0.0000e+00 0.0000e+00 0.0000e+00 0.0000e+00 0.0000e+00 0.0000e+00 0.0000e+00 0.0000e+00 0.0000e+00 0.0000e+00 0.0000e+00 0.0000e+00 0.0000e+00 0.0000e+00 0.0000e+00 0.0000e+00 0.0000e+00 0.0000e+00 0.0000e+00 2.3657e-06 6.6959e-06 1.2316e-05 1.8991e-05 2.6591e-05 3.5031e-05 4.4247e-05 5.4188e-05 6.4806e-05 7.6055e-05 8.7880e-05 1.0022e-04 1.1300e-04 1.2613e-04 1.3950e-04 0.0000e+00 1.6640e-04 1.7958e-04 1.9229e-04 2.0430e-04 2.1530e-04 2.2501e-04 2.3308e-04 2.3919e-04 2.4298e-04 2.4416e-04 2.4243e-04 2.3761e-04 2.2956e-04 2.1831e-04 2.0402e-04 1.8700e-04 1.6775e-04 1.4692e-04 1.2528e-04 1.0368e-04 8.2996e-05 6.4000e-05 4.7329e-05 3.3394e-05 2.2351e-05 1.4098e-05 8.3175e-06 4.5509e-06 2.2869e-06 1.0438e-06 4.2725e-07 1.5455e-07 4.8584e-08 1.3017e-08 2.9069e-09 5.2711e-10 7.5306e-11 8.1825e-12 6.4884e-13 3.5766e-14 1.2939e-15 2.8688e-17 3.5900e-19 2.2928e-21 6.5852e-24 7.1800e-27 2.2660e-30 8.0088e-35 -9.0291e-39 -1.5759e-43 -2.4122e-49 -2.7980e-56 -1.5957e-64 -2.4678e-74 -4.8138e-86 -4.4694e-100 -5.7022e-117 -2.0332e-137 -2.5898e-162 -8.0774e-193 -1.8151e-230 -2.7056e-277 0.0000e+00 0.0000e+00 0.0000e+00 0.0000e+00 0.0000e+00 0.0000e+00 0.0000e+00 0.0000e+00 0.0000e+00 0.0000e+00 0.0000e+00 0.0000e+00 0.0000e+00 0.0000e+00 0.0000e+00 0.0000e+00 0.0000e+00 0.0000e+00 0.0000e+00 0.0000e+00 0.0000e+00 0.0000e+00
-2.5732e-06 -7.2834e-06 -1.3396e-05 -2.0657e-05 -2.8926e-05 -3.8109e-05 -4.8141e-05 -5.8966e-05 -7.0539e-05 -8.2812e-05 -9.5733e-05 -1.0925e-04 -1.2328e-04 -1.3775e-04 -1.5255e-04 -1.6757e-04 2.9503e-03 -1.9758e-04 -2.1219e-04 -2.2622e-04 -2.3939e-04 -2.5139e-04 -2.6189e-04 -2.7051e-04 -2.7690e-04 -2.8067e-04 -2.8149e-04 -2.7904e-04 -2.7312e-04 -2.6358e-04 -2.5044e-04 -2.3388e-04 -2.1424e-04 -1.9209e-04 -1.6814e-04 -1.4327e-04 -1.1845e-04 -9.4662e-05 -7.2823e-05 -5.3665e-05 -3.7676e-05 -2.5042e-05 -1.5645e-05 -9.1121e-06 -4.9018e-06 -2.4094e-06 -1.0689e-06 -4.2197e-07 -1.4584e-07 -4.3306e-08 -1.0811e-08 -2.2128e-09 -3.6063e-10 -4.5239e-11 -4.1985e-12 -2.7523e-13 -1.2069e-14 -3.3212e-16 -5.3177e-18 -4.5297e-20 -1.8453e-22 -3.1658e-25 -1.9637e-28 -3.6647e-32 -1.6477e-36 -1.3622e-41 -1.4884e-47 -1.4329e-54 -7.3625e-63 -1.0829e-72 -2.0908e-84 -1.9845e-98 -2.6615e-115 -1.0233e-135 -1.4400e-160 -5.0836e-191 -1.3256e-228 -2.3545e-275 0.0000e+00 0.0000e+00 0.0000e+00 0.0000e+00 0.0000e+00 0.0000e+00 0.0000e+00 0.0000e+00 0.0000e+00 0.0000e+00 0.0000e+00 0.0000e+00 0.0000e+00 0.0000e+00 0.0000e+00 0.0000e+00 0.0000e+00 0.0000e+00 0.0000e+00 0.0000e+00 0.0000e+00 0.0000e+00 2.5732e-06 7.2834e-06 1.3396e-05 2.0657e-05 2.8924e-05 3.8104e-05 4.8129e-05 5.8942e-05 7.0492e-05 8.2728e-05 9.5590e-05 1.0901e-04 1.2292e-04 1.3720e-04 1.5174e-04 1.6640e-04 0.0000e+00 1.9533e-04 2.0917e-04 2.2222e-04 2.3419e-04 2.4475e-04 2.5353e-04 2.6017e-04 2.6430e-04 2.6558e-04 2.6370e-04 2.5845e-04 2.4969e-04 2.3746e-04 2.2190e-04 2.0339e-04 1.8245e-04 1.5978e-04 1.3624e-04 1.1275e-04 9.0244e-05 6.9581e-05 5.1448e-05 3.6293e-05 2.4285e-05 1.5313e-05 9.0302e-06 4.9381e-06 2.4796e-06 1.1307e-06 4.6222e-07 1.6693e-07 5.2360e-08 1.3989e-08 3.1119e-09 5.6140e-10 7.9649e-11 8.5723e-12 6.7077e-13 3.6281e-14 1.2767e-15 2.7136e-17 3.1719e-19 1.7952e-21 3.9945e-24 1.7929e-27 -1.6436e-30 -7.5214e-34 -5.0887e-38 -5.3871e-43 -6.9398e-49 -7.4842e-56 -4.1589e-64 -6.4451e-74 -1.2847e-85 -1.2382e-99 -1.6630e-116 -6.3259e-137 -8.7144e-162 -2.9825e-192 -7.4734e-230 -1.2649e-276 0.0000e+00 0.0000e+00 0.0000e+00 0.0000e+00 0.0000e+00 0.0000e+00 0.0000e+00 0.0000e+00 0.0000e+00 0.0000e+00 0.0000e+00 0.0000e+00 0.0000e+00 0.0000e+00 0.0000e+00 0.0000e+00 0.0000e+00 0.0000e+00 0.0000e+00 0.0000e+00 0.0000e+00 0.0000e+00
