1.0397e-04 -6.7302e-05 -7.8467e-05 -8.4569e-05 -8.6530e-05 -8.5055e-05 -8.0827e-05 -7.4538e-05 -6.6869e-05 -5.8454e-05 -4.9850e-05 -4.1510e-05 -3.3773e-05 -2.6861e-05 -2.0894e-05 -1.5899e-05 -1.1839e-05 -8.6286e-06 -6.1564e-06 -4.3008e-06 -2.9420e-06 -1.9710e-06 -1.2933e-06 -8.3127e-07 -5.2339e-07 -3.2284e-07 -1.9509e-07 -1.1551e-07 -6.7012e-08 -3.8092e-08 -2.1218e-08 -1.1581e-08 -6.1943e-09 -3.2468e-09 -1.6678e-09 -8.3955e-10 -4.1419e-10 -2.0026e-10 -9.4896e-11 -4.4071e-11 -2.0060e-11 -8.9489e-12 -3.9128e-12 -1.6768e-12 -7.0429e-13 -2.8994e-13 -1.1699e-13 -4.6269e-14 -1.7936e-14 -6.8146e-15 -2.5378e-15 -9.2635e-16 -3.3143e-16 -1.1623e-16 -3.9951e-17 -1.3460e-17 -4.4452e-18 -1.4389e-18 -4.5653e-19 -1.4198e-19 -4.3279e-20 -1.2932e-20 -3.7873e-21 -1.0872e-21 -3.0593e-22 -8.4378e-23 -2.2811e-23 -6.0448e-24 -1.5701e-24 -3.9975e-25 -9.9760e-26 -2.4403e-26 -5.8510e-27 -1.3751e-27 -3.1678e-28 -7.1530e-29 -1.5832e-29 -3.4347e-30 -7.3039e-31 -1.5224e-31 -3.1105e-32 -6.2293e-33 -1.2228e-33 -2.3528e-34 -4.4375e-35 -8.2033e-36 -1.4865e-36 -2.6402e-37 -4.5966e-38 -7.8440e-39 -1.3121e-39 -2.1512e-40 -3.4572e-41 -5.4459e-42 -8.4088e-43 -1.2727e-43 -1.8880e-44 -2.7453e-45 -3.9129e-46 -5.4666e-47 0.0000e+00 -6.7276e-05 -7.8396e-05 -8.4434e-05 -8.6314e-05 -8.4750e-05 -8.0433e-05 -7.4065e-05 -6.6333e-05 -5.7876e-05 -4.9255e-05 -4.0922e-05 -3.3213e-05 -2.6347e-05 -2.0436e-05 -1.5504e-05 -1.1508e-05 -8.3592e-06 -5.9431e-06 -4.1364e-06 -2.8186e-06 -1.8807e-06 -1.2289e-06 -7.8640e-07 -4.9290e-07 -3.0261e-07 -1.8199e-07 -1.0721e-07 -6.1879e-08 -3.4989e-08 -1.9384e-08 -1.0521e-08 -5.5957e-09 -2.9160e-09 -1.4890e-09 -7.4502e-10 -3.6529e-10 -1.7551e-10 -8.2634e-11 -3.8127e-11 -1.7240e-11 -7.6393e-12 -3.3175e-12 -1.4119e-12 -5.8888e-13 -2.4071e-13 -9.6433e-14 -3.7862e-14 -1.4570e-14 -5.4948e-15 -2.0310e-15 -7.3579e-16 -2.6126e-16 -9.0918e-17 -3.1011e-17 -1.0367e-17 -3.3968e-18 -1.0909e-18 -3.4338e-19 -1.0594e-19 -3.2036e-20 -9.4951e-21 -2.7584e-21 -7.8544e-22 -2.1921e-22 -5.9968e-23 -1.6079e-23 -4.2259e-24 -1.0886e-24 -2.7487e-25 -6.8028e-26 -1.6503e-26 -3.9240e-27 -9.1455e-28 -2.0893e-28 -4.6784e-29 -1.0268e-29 -2.2091e-30 -4.6585e-31 -9.6292e-32 -1.9509e-32 -3.8745e-33 -7.5421e-34 -1.4391e-34 -2.6915e-35 -4.9343e-36 -8.8668e-37 -1.5618e-37 -2.6965e-38 -4.5635e-39 -7.5701e-40 -1.2309e-40 -1.9619e-41 -3.0651e-42 -4.6939e-43 -7.0459e-44 -1.0367e-44 -1.4952e-45 -2.1138e-46 -2.9292e-47
-6.7302e-05 4.1581e-04 -1.0813e-04 -1.1690e-04 -1.2009e-04 -1.1862e-04 -1.1337e-04 -1.0524e-04 -9.5115e-05 -8.3830e-05 -7.2135e-05 -6.0655e-05 -4.9869e-05 -4.0110e-05 -3.1571e-05 -2.4327e-05 -1.8355e-05 -1.3563e-05 -9.8170e-06 -6.9608e-06 -4.8357e-06 -3.2916e-06 -2.1955e-06 -1.4351e-06 -9.1925e-07 -5.7708e-07 -3.5506e-07 -2.1411e-07 -1.2655e-07 -7.3307e-08 -4.1623e-08 -2.3164e-08 -1.2636e-08 -6.7560e-09 -3.5406e-09 -1.8188e-09 -9.1576e-10 -4.5196e-10 -2.1863e-10 -1.0367e-10 -4.8182e-11 -2.1950e-11 -9.8012e-12 -4.2898e-12 -1.8403e-12 -7.7387e-13 -3.1896e-13 -1.2886e-13 -5.1026e-14 -1.9805e-14 -7.5346e-15 -2.8096e-15 -1.0269e-15 -3.6789e-16 -1.2918e-16 -4.4462e-17 -1.4999e-17 -4.9597e-18 -1.6075e-18 -5.1064e-19 -1.5900e-19 -4.8525e-20 -1.4516e-20 -4.2560e-21 -1.2231e-21 -3.4453e-22 -9.5123e-23 -2.5742e-23 -6.8280e-24 -1.7752e-24 -4.5236e-25 -1.1299e-25 -2.7660e-26 -6.6373e-27 -1.5611e-27 -3.5988e-28 -8.1317e-29 -1.8010e-29 -3.9095e-30 -8.3184e-31 -1.7348e-31 -3.5463e-32 -7.1053e-33 -1.3954e-33 -2.6860e-34 -5.0677e-35 -9.3717e-36 -1.6987e-36 -3.0181e-37 -5.2558e-38 -8.9711e-39 -1.5009e-39 -2.4613e-40 -3.9561e-41 -6.2326e-42 -9.6245e-43 -1.4568e-43 -2.1612e-44 -3.1428e-45 -4.4795e-46 -6.7276e-05 0.0000e+00 -1.0774e-04 -1.1616e-04 -1.1890e-04 -1.1694e-04 -1.1120e-04 -1.0263e-04 -9.2145e-05 -8.0626e-05 -6.8831e-05 -5.7381e-05 -4.6744e-05 -3.7228e-05 -2.9000e-05 -2.2102e-05 -1.6485e-05 -1.2036e-05 -8.6035e-06 -6.0220e-06 -4.1280e-06 -2.7715e-06 -1.8227e-06 -1.1743e-06 -7.4121e-07 -4.5837e-07 -2.7774e-07 -1.6490e-07 -9.5941e-08 -5.4699e-08 -3.0562e-08 -1.6734e-08 -8.9803e-09 -4.7230e-09 -2.4346e-09 -1.2300e-09 -6.0905e-10 -2.9560e-10 -1.4062e-10 -6.5569e-11 -2.9968e-11 -1.3425e-11 -5.8954e-12 -2.5376e-12 -1.0707e-12 -4.4281e-13 -1.7952e-13 -7.1341e-14 -2.7791e-14 -1.0612e-14 -3.9724e-15 -1.4576e-15 -5.2428e-16 -1.8486e-16 -6.3894e-17 -2.1648e-17 -7.1902e-18 -2.3410e-18 -7.4716e-19 -2.3377e-19 -7.1696e-20 -2.1556e-20 -6.3530e-21 -1.8355e-21 -5.1984e-22 -1.4432e-22 -3.9279e-23 -1.0480e-23 -2.7408e-24 -7.0268e-25 -1.7660e-25 -4.3509e-26 -1.0508e-26 -2.4878e-27 -5.7737e-28 -1.3136e-28 -2.9295e-29 -6.4046e-30 -1.3726e-30 -2.8837e-31 -5.9387e-32 -1.1989e-32 -2.3727e-33 -4.6030e-34 -8.7536e-35 -1.6319e-35 -2.9822e-36 -5.3422e-37 -9.3813e-38 -1.6149e-38 -2.7251e-39 -4.5078e-40 -7.3097e-41 -1.1619e-41 -1.8105e-42 -2.7654e-43 -4.1406e-44 -6.0774e-45 -8.7442e-46 -1.2333e-46
-7.8467e-05 -1.0813e-04 9.3528e-04 -1.3782e-04 -1.4251e-04 -1.4189e-04 -1.3688e-04 -1.2841e-04 -1.1742e-04 -1.0482e-04 -9.1457e-05 -7.8051e-05 -6.5188e-05 -5.3305e-05 -4.2688e-05 -3.3489e-05 -2.5740e-05 -1.9386e-05 -1.4308e-05 -1.0349e-05 -7.3366e-06 -5.0976e-06 -3.4716e-06 -2.3173e-06 -1.5161e-06 -9.7228e-07 -6.1115e-07 -3.7653e-07 -2.2738e-07 -1.3458e-07 -7.8080e-08 -4.4399e-08 -2.4745e-08 -1.3518e-08 -7.2377e-09 -3.7982e-09 -1.9536e-09 -9.8487e-10 -4.8663e-10 -2.3566e-10 -1.1186e-10 -5.2037e-11 -2.3727e-11 -1.0603e-11 -4.6443e-12 -1.9937e-12 -8.3886e-13 -3.4593e-13 -1.3982e-13 -5.5388e-14 -2.1505e-14 -8.1835e-15 -3.0522e-15 -1.1158e-15 -3.9977e-16 -1.4039e-16 -4.8319e-17 -1.6300e-17 -5.3894e-18 -1.7465e-18 -5.5474e-19 -1.7270e-19 -5.2696e-20 -1.5759e-20 -4.6195e-21 -1.3272e-21 -3.7373e-22 -1.0315e-22 -2.7904e-23 -7.3988e-24 -1.9228e-24 -4.8979e-25 -1.2228e-25 -2.9924e-26 -7.1774e-27 -1.6873e-27 -3.8881e-28 -8.7812e-29 -1.9439e-29 -4.2178e-30 -8.9700e-31 -1.8698e-31 -3.8203e-32 -7.6506e-33 -1.5017e-33 -2.8892e-34 -5.4485e-35 -1.0071e-35 -1.8245e-36 -3.2400e-37 -5.6393e-38 -9.6209e-39 -1.6088e-39 -2.6369e-40 -4.2363e-41 -6.6709e-42 -1.0296e-42 -1.5577e-43 -2.3098e-44 -3.3572e-45 -7.8396e-05 -1.0774e-04 0.0000e+00 -1.3587e-04 -1.3939e-04 -1.3746e-04 -1.3114e-04 -1.2148e-04 -1.0953e-04 -9.6283e-05 -8.2619e-05 -6.9262e-05 -5.6765e-05 -4.5504e-05 -3.5693e-05 -2.7404e-05 -2.0600e-05 -1.5164e-05 -1.0933e-05 -7.7222e-06 -5.3435e-06 -3.6229e-06 -2.4070e-06 -1.5671e-06 -9.9995e-07 -6.2535e-07 -3.8331e-07 -2.3030e-07 -1.3563e-07 -7.8298e-08 -4.4309e-08 -2.4581e-08 -1.3368e-08 -7.1267e-09 -3.7248e-09 -1.9085e-09 -9.5868e-10 -4.7211e-10 -2.2793e-10 -1.0788e-10 -5.0062e-11 -2.2775e-11 -1.0158e-11 -4.4417e-12 -1.9041e-12 -8.0029e-13 -3.2976e-13 -1.3321e-13 -5.2759e-14 -2.0485e-14 -7.7981e-15 -2.9103e-15 -1.0648e-15 -3.8195e-16 -1.3432e-16 -4.6309e-17 -1.5653e-17 -5.1868e-18 -1.6850e-18 -5.3665e-19 -1.6756e-19 -5.1290e-20 -1.5392e-20 -4.5281e-21 -1.3060e-21 -3.6927e-22 -1.0236e-22 -2.7815e-23 -7.4101e-24 -1.9353e-24 -4.9549e-25 -1.2437e-25 -3.0601e-26 -7.3817e-27 -1.7456e-27 -4.0467e-28 -9.1966e-29 -2.0489e-29 -4.4749e-30 -9.5811e-31 -2.0110e-31 -4.1378e-32 -8.3463e-33 -1.6504e-33 -3.1991e-34 -6.0791e-35 -1.1324e-35 -2.0679e-36 -3.7019e-37 -6.4964e-38 -1.1176e-38 -1.8846e-39 -3.1156e-40 -5.0491e-41 -8.0211e-42 -1.2491e-42 -1.9069e-43 -2.8538e-44 -4.1865e-45 -6.0205e-46
-8.4569e-05 -1.1690e-04 -1.3782e-04 1.6620e-03 -1.5740e-04 -1.5841e-04 -1.5472e-04 -1.4717e-04 -1.3664e-04 -1.2400e-04 -1.1010e-04 -9.5699e-05 -8.1470e-05 -6.7947e-05 -5.5529e-05 -4.4472e-05 -3.4907e-05 -2.6854e-05 -2.0248e-05 -1.4965e-05 -1.0840e-05 -7.6962e-06 -5.3556e-06 -3.6527e-06 -2.4417e-06 -1.5996e-06 -1.0271e-06 -6.4637e-07 -3.9865e-07 -2.4096e-07 -1.4275e-07 -8.2873e-08 -4.7154e-08 -2.6294e-08 -1.4370e-08 -7.6962e-09 -4.0397e-09 -2.0781e-09 -1.0477e-09 -5.1768e-10 -2.5068e-10 -1.1897e-10 -5.5336e-11 -2.5225e-11 -1.1270e-11 -4.9346e-12 -2.1176e-12 -8.9063e-13 -3.6713e-13 -1.4832e-13 -5.8729e-14 -2.2791e-14 -8.6687e-15 -3.2315e-15 -1.1807e-15 -4.2281e-16 -1.4840e-16 -5.1048e-17 -1.7211e-17 -5.6876e-18 -1.8422e-18 -5.8480e-19 -1.8196e-19 -5.5489e-20 -1.6586e-20 -4.8591e-21 -1.3953e-21 -3.9270e-22 -1.0833e-22 -2.9290e-23 -7.7621e-24 -2.0162e-24 -5.1332e-25 -1.2809e-25 -3.1330e-26 -7.5110e-27 -1.7649e-27 -4.0649e-28 -9.1763e-29 -2.0304e-29 -4.4036e-30 -9.3609e-31 -1.9504e-31 -3.9833e-32 -7.9736e-33 -1.5645e-33 -3.0087e-34 -5.6715e-35 -1.0479e-35 -1.8977e-36 -3.3686e-37 -5.8611e-38 -9.9955e-39 -1.6708e-39 -2.7376e-40 -4.3965e-41 -6.9207e-42 -1.0678e-42 -1.6149e-43 -2.3939e-44 -8.4434e-05 -1.1616e-04 -1.3587e-04 0.0000e+00 -1.5138e-04 -1.4986e-04 -1.4361e-04 -1.3371e-04 -1.2126e-04 -1.0728e-04 -9.2703e-05 -7.8311e-05 -6.4711e-05 -5.2332e-05 -4.1434e-05 -3.2128e-05 -2.4403e-05 -1.8160e-05 -1.3243e-05 -9.4649e-06 -6.6302e-06 -4.5526e-06 -3.0645e-06 -2.0222e-06 -1.3083e-06 -8.2987e-07 -5.1611e-07 -3.1471e-07 -1.8816e-07 -1.1031e-07 -6.3409e-08 -3.5740e-08 -1.9753e-08 -1.0704e-08 -5.6881e-09 -2.9637e-09 -1.5142e-09 -7.5853e-10 -3.7259e-10 -1.7946e-10 -8.4752e-11 -3.9245e-11 -1.7819e-11 -7.9329e-12 -3.4628e-12 -1.4821e-12 -6.2194e-13 -2.5590e-13 -1.0324e-13 -4.0835e-14 -1.5836e-14 -6.0216e-15 -2.2449e-15 -8.2054e-16 -2.9405e-16 -1.0332e-16 -3.5590e-17 -1.2020e-17 -3.9799e-18 -1.2920e-18 -4.1120e-19 -1.2831e-19 -3.9251e-20 -1.1772e-20 -3.4613e-21 -9.9778e-22 -2.8198e-22 -7.8125e-23 -2.1220e-23 -5.6507e-24 -1.4752e-24 -3.7754e-25 -9.4725e-26 -2.3300e-26 -5.6184e-27 -1.3282e-27 -3.0781e-28 -6.9931e-29 -1.5575e-29 -3.4008e-30 -7.2793e-31 -1.5275e-31 -3.1421e-32 -6.3364e-33 -1.2526e-33 -2.4276e-34 -4.6120e-35 -8.5896e-36 -1.5682e-36 -2.8068e-37 -4.9247e-38 -8.4703e-39 -1.4282e-39 -2.3606e-40 -3.8249e-41 -6.0753e-42 -9.4597e-43 -1.4439e-43 -2.1605e-44 -3.1690e-45
-8.6530e-05 -1.2009e-04 -1.4251e-04 -1.5740e-04 2.5955e-03 -1.6940e-04 -1.6796e-04 -1.6244e-04 -1.5354e-04 -1.4200e-04 -1.2859e-04 -1.1408e-04 -9.9168e-05 -8.4483e-05 -7.0539e-05 -5.7725e-05 -4.6299e-05 -3.6395e-05 -2.8040e-05 -2.1172e-05 -1.5667e-05 -1.1361e-05 -8.0742e-06 -5.6232e-06 -3.8377e-06 -2.5667e-06 -1.6822e-06 -1.0804e-06 -6.8001e-07 -4.1941e-07 -2.5349e-07 -1.5014e-07 -8.7149e-08 -4.9572e-08 -2.7633e-08 -1.5095e-08 -8.0811e-09 -4.2397e-09 -2.1799e-09 -1.0984e-09 -5.4242e-10 -2.6251e-10 -1.2451e-10 -5.7879e-11 -2.6368e-11 -1.1773e-11 -5.1519e-12 -2.2095e-12 -9.2874e-13 -3.8261e-13 -1.5448e-13 -6.1133e-14 -2.3710e-14 -9.0132e-15 -3.3581e-15 -1.2263e-15 -4.3889e-16 -1.5396e-16 -5.2933e-17 -1.7838e-17 -5.8917e-18 -1.9073e-18 -6.0519e-19 -1.8821e-19 -5.7371e-20 -1.7141e-20 -5.0194e-21 -1.4407e-21 -4.0530e-22 -1.1176e-22 -3.0205e-23 -8.0015e-24 -2.0776e-24 -5.2875e-25 -1.3190e-25 -3.2249e-26 -7.7284e-27 -1.8154e-27 -4.1797e-28 -9.4323e-29 -2.0864e-29 -4.5235e-30 -9.6129e-31 -2.0023e-31 -4.0881e-32 -8.1809e-33 -1.6047e-33 -3.0852e-34 -5.8141e-35 -1.0739e-35 -1.9444e-36 -3.4506e-37 -6.0022e-38 -1.0234e-38 -1.7102e-39 -2.8015e-40 -4.4980e-41 -7.0788e-42 -1.0920e-42 -1.6511e-43 -8.6314e-05 -1.1890e-04 -1.3939e-04 -1.5138e-04 0.0000e+00 -1.5560e-04 -1.4995e-04 -1.4053e-04 -1.2837e-04 -1.1450e-04 -9.9814e-05 -8.5123e-05 -7.1059e-05 -5.8091e-05 -4.6523e-05 -3.6510e-05 -2.8082e-05 -2.1174e-05 -1.5652e-05 -1.1345e-05 -8.0627e-06 -5.6192e-06 -3.8406e-06 -2.5742e-06 -1.6921e-06 -1.0909e-06 -6.8971e-07 -4.2768e-07 -2.6009e-07 -1.5512e-07 -9.0734e-08 -5.2049e-08 -2.9282e-08 -1.6155e-08 -8.7412e-09 -4.6382e-09 -2.4135e-09 -1.2316e-09 -6.1627e-10 -3.0241e-10 -1.4552e-10 -6.8664e-11 -3.1771e-11 -1.4415e-11 -6.4130e-12 -2.7976e-12 -1.1967e-12 -5.0192e-13 -2.0642e-13 -8.3235e-14 -3.2909e-14 -1.2758e-14 -4.8492e-15 -1.8072e-15 -6.6035e-16 -2.3658e-16 -8.3099e-17 -2.8618e-17 -9.6629e-18 -3.1988e-18 -1.0382e-18 -3.3037e-19 -1.0307e-19 -3.1524e-20 -9.4529e-21 -2.7790e-21 -8.0097e-22 -2.2633e-22 -6.2698e-23 -1.7028e-23 -4.5338e-24 -1.1835e-24 -3.0285e-25 -7.5978e-26 -1.8687e-26 -4.5057e-27 -1.0650e-27 -2.4680e-28 -5.6067e-29 -1.2487e-29 -2.7262e-30 -5.8349e-31 -1.2243e-31 -2.5183e-32 -5.0781e-33 -1.0038e-33 -1.9453e-34 -3.6956e-35 -6.8824e-36 -1.2565e-36 -2.2488e-37 -3.9454e-38 -6.7856e-39 -1.1441e-39 -1.8909e-40 -3.0638e-41 -4.8662e-42 -7.5768e-43 -1.1565e-43 -1.7304e-44
-8.5055e-05 -1.1862e-04 -1.4189e-04 -1.5841e-04 -1.6940e-04 3.7350e-03 -1.7698e-04 -1.7438e-04 -1.6810e-04 -1.5868e-04 -1.4676e-04 -1.3301e-04 -1.1814e-04 -1.0285e-04 -8.7745e-05 -7.3366e-05 -6.0114e-05 -4.8268e-05 -3.7978e-05 -2.9280e-05 -2.2119e-05 -1.6373e-05 -1.1876e-05 -8.4399e-06 -5.8773e-06 -4.0103e-06 -2.6812e-06 -1.7566e-06 -1.1277e-06 -7.0936e-07 -4.3726e-07 -2.6412e-07 -1.5634e-07 -9.0687e-08 -5.1550e-08 -2.8716e-08 -1.5676e-08 -8.3865e-09 -4.3970e-09 -2.2592e-09 -1.1376e-09 -5.6143e-10 -2.7154e-10 -1.2871e-10 -5.9796e-11 -2.7225e-11 -1.2149e-11 -5.3132e-12 -2.2775e-12 -9.5677e-13 -3.9395e-13 -1.5898e-13 -6.2881e-14 -2.4377e-14 -9.2622e-15 -3.4493e-15 -1.2590e-15 -4.5041e-16 -1.5793e-16 -5.4278e-17 -1.8284e-17 -6.0366e-18 -1.9535e-18 -6.1962e-19 -1.9263e-19 -5.8698e-20 -1.7531e-20 -5.1321e-21 -1.4726e-21 -4.1414e-22 -1.1416e-22 -3.0846e-23 -8.1689e-24 -2.1205e-24 -5.3951e-25 -1.3454e-25 -3.2888e-26 -7.8795e-27 -1.8504e-27 -4.2594e-28 -9.6099e-29 -2.1252e-29 -4.6066e-30 -9.7873e-31 -2.0382e-31 -4.1605e-32 -8.3242e-33 -1.6325e-33 -3.1380e-34 -5.9124e-35 -1.0919e-35 -1.9766e-36 -3.5070e-37 -6.0993e-38 -1.0397e-38 -1.7373e-39 -2.8453e-40 -4.5677e-41 -7.1874e-42 -1.1086e-42 -8.4750e-05 -1.1694e-04 -1.3746e-04 -1.4986e-04 -1.5560e-04 0.0000e+00 -1.5108e-04 -1.4269e-04 -1.3149e-04 -1.1840e-04 -1.0430e-04 -8.9948e-05 -7.5986e-05 -6.2905e-05 -5.1048e-05 -4.0618e-05 -3.1693e-05 -2.4254e-05 -1.8205e-05 -1.3404e-05 -9.6808e-06 -6.8588e-06 -4.7670e-06 -3.2501e-06 -2.1737e-06 -1.4262e-06 -9.1785e-07 -5.7945e-07 -3.5883e-07 -2.1796e-07 -1.2986e-07 -7.5890e-08 -4.3499e-08 -2.4454e-08 -1.3483e-08 -7.2914e-09 -3.8670e-09 -2.0113e-09 -1.0259e-09 -5.1321e-10 -2.5176e-10 -1.2111e-10 -5.7134e-11 -2.6430e-11 -1.1989e-11 -5.3332e-12 -2.3262e-12 -9.9491e-13 -4.1724e-13 -1.7158e-13 -6.9181e-14 -2.7350e-14 -1.0602e-14 -4.0296e-15 -1.5017e-15 -5.4869e-16 -1.9657e-16 -6.9042e-17 -2.3777e-17 -8.0280e-18 -2.6576e-18 -8.6253e-19 -2.7446e-19 -8.5623e-20 -2.6188e-20 -7.8529e-21 -2.3087e-21 -6.6540e-22 -1.8802e-22 -5.2087e-23 -1.4146e-23 -3.7665e-24 -9.8318e-25 -2.5160e-25 -6.3121e-26 -1.5525e-26 -3.7433e-27 -8.8484e-28 -2.0505e-28 -4.6582e-29 -1.0374e-29 -2.2650e-30 -4.8480e-31 -1.0172e-31 -2.0924e-32 -4.2194e-33 -8.3409e-34 -1.6164e-34 -3.0708e-35 -5.7189e-36 -1.0441e-36 -1.8686e-37 -3.2785e-38 -5.6388e-39 -9.5073e-40 -1.5714e-40 -2.5461e-41 -4.0440e-42 -6.2967e-43 -9.6110e-44
-8.0827e-05 -1.1337e-04 -1.3688e-04 -1.5472e-04 -1.6796e-04 -1.7698e-04 5.0800e-03 -1.8286e-04 -1.7999e-04 -1.7356e-04 -1.6402e-04 -1.5190e-04 -1.3787e-04 -1.2262e-04 -1.0686e-04 -9.1252e-05 -7.6345e-05 -6.2580e-05 -5.0257e-05 -3.9542e-05 -3.0480e-05 -2.3019e-05 -1.7032e-05 -1.2346e-05 -8.7692e-06 -6.1025e-06 -4.1610e-06 -2.7800e-06 -1.8199e-06 -1.1674e-06 -7.3381e-07 -4.5199e-07 -2.7281e-07 -1.6137e-07 -9.3533e-08 -5.3130e-08 -2.9576e-08 -1.6135e-08 -8.6262e-09 -4.5198e-09 -2.3209e-09 -1.1680e-09 -5.7609e-10 -2.7848e-10 -1.3193e-10 -6.1258e-11 -2.7877e-11 -1.2434e-11 -5.4353e-12 -2.3287e-12 -9.7789e-13 -4.0248e-13 -1.6236e-13 -6.4191e-14 -2.4875e-14 -9.4481e-15 -3.5173e-15 -1.2834e-15 -4.5898e-16 -1.6089e-16 -5.5276e-17 -1.8614e-17 -6.1440e-18 -1.9877e-18 -6.3029e-19 -1.9590e-19 -5.9677e-20 -1.7819e-20 -5.2152e-21 -1.4960e-21 -4.2065e-22 -1.1593e-22 -3.1316e-23 -8.2918e-24 -2.1519e-24 -5.4740e-25 -1.3649e-25 -3.3356e-26 -7.9903e-27 -1.8761e-27 -4.3177e-28 -9.7398e-29 -2.1536e-29 -4.6673e-30 -9.9147e-31 -2.0644e-31 -4.2134e-32 -8.4287e-33 -1.6527e-33 -3.1765e-34 -5.9841e-35 -1.1050e-35 -2.0000e-36 -3.5482e-37 -6.1700e-38 -1.0517e-38 -1.7570e-39 -2.8773e-40 -4.6185e-41 -7.2665e-42 -8.0433e-05 -1.1120e-04 -1.3114e-04 -1.4361e-04 -1.4995e-04 -1.5108e-04 0.0000e+00 -1.4084e-04 -1.3109e-04 -1.1934e-04 -1.0638e-04 -9.2910e-05 -7.9545e-05 -6.6783e-05 -5.4996e-05 -4.4430e-05 -3.5216e-05 -2.7389e-05 -2.0902e-05 -1.5652e-05 -1.1501e-05 -8.2928e-06 -5.8670e-06 -4.0728e-06 -2.7740e-06 -1.8537e-06 -1.2154e-06 -7.8174e-07 -4.9328e-07 -3.0535e-07 -1.8542e-07 -1.1045e-07 -6.4530e-08 -3.6982e-08 -2.0788e-08 -1.1461e-08 -6.1974e-09 -3.2867e-09 -1.7095e-09 -8.7198e-10 -4.3620e-10 -2.1399e-10 -1.0295e-10 -4.8567e-11 -2.2468e-11 -1.0193e-11 -4.5342e-12 -1.9779e-12 -8.4599e-13 -3.5482e-13 -1.4592e-13 -5.8839e-14 -2.3264e-14 -9.0186e-15 -3.4280e-15 -1.2776e-15 -4.6684e-16 -1.6726e-16 -5.8753e-17 -2.0235e-17 -6.8326e-18 -2.2620e-18 -7.3420e-19 -2.3364e-19 -7.2895e-20 -2.2297e-20 -6.6865e-21 -1.9659e-21 -5.6665e-22 -1.6013e-22 -4.4362e-23 -1.2049e-23 -3.2084e-24 -8.3754e-25 -2.1434e-25 -5.3777e-26 -1.3227e-26 -3.1895e-27 -7.5399e-28 -1.7473e-28 -3.9698e-29 -8.8416e-30 -1.9305e-30 -4.1322e-31 -8.6709e-32 -1.7837e-32 -3.5970e-33 -7.1109e-34 -1.3781e-34 -2.6182e-35 -4.8762e-36 -8.9029e-37 -1.5935e-37 -2.7958e-38 -4.8088e-39 -8.1083e-40 -1.3402e-40 -2.1716e-41 -3.4494e-42 -5.3711e-43
-7.4538e-05 -1.0524e-04 -1.2841e-04 -1.4717e-04 -1.6244e-04 -1.7438e-04 -1.8286e-04 6.6295e-03 -1.8875e-04 -1.8599e-04 -1.7960e-04 -1.6994e-04 -1.5756e-04 -1.4311e-04 -1.2734e-04 -1.1100e-04 -9.4783e-05 -7.9279e-05 -6.4957e-05 -5.2135e-05 -4.0992e-05 -3.1574e-05 -2.3825e-05 -1.7614e-05 -1.2757e-05 -9.0531e-06 -6.2946e-06 -4.2883e-06 -2.8627e-06 -1.8725e-06 -1.2002e-06 -7.5383e-07 -4.6398e-07 -2.7985e-07 -1.6542e-07 -9.5817e-08 -5.4393e-08 -3.0260e-08 -1.6499e-08 -8.8158e-09 -4.6167e-09 -2.3694e-09 -1.1919e-09 -5.8757e-10 -2.8390e-10 -1.3444e-10 -6.2398e-11 -2.8384e-11 -1.2655e-11 -5.5300e-12 -2.3685e-12 -9.9425e-13 -4.0907e-13 -1.6496e-13 -6.5203e-14 -2.5260e-14 -9.5914e-15 -3.5697e-15 -1.3021e-15 -4.6557e-16 -1.6316e-16 -5.6043e-17 -1.8868e-17 -6.2264e-18 -2.0139e-18 -6.3847e-19 -1.9840e-19 -6.0427e-20 -1.8040e-20 -5.2787e-21 -1.5140e-21 -4.2562e-22 -1.1728e-22 -3.1676e-23 -8.3857e-24 -2.1759e-24 -5.5343e-25 -1.3797e-25 -3.3713e-26 -8.0748e-27 -1.8957e-27 -4.3621e-28 -9.8388e-29 -2.1752e-29 -4.7136e-30 -1.0012e-30 -2.0844e-31 -4.2536e-32 -8.5083e-33 -1.6681e-33 -3.2058e-34 -6.0386e-35 -1.1149e-35 -2.0178e-36 -3.5794e-37 -6.2238e-38 -1.0607e-38 -1.7720e-39 -2.9015e-40 -4.6570e-41 -7.4065e-05 -1.0263e-04 -1.2148e-04 -1.3371e-04 -1.4053e-04 -1.4269e-04 -1.4084e-04 0.0000e+00 -1.2764e-04 -1.1763e-04 -1.0624e-04 -9.4086e-05 -8.1738e-05 -6.9680e-05 -5.8296e-05 -4.7872e-05 -3.8586e-05 -3.0529e-05 -2.3709e-05 -1.8073e-05 -1.3522e-05 -9.9295e-06 -7.1558e-06 -5.0608e-06 -3.5123e-06 -2.3919e-06 -1.5983e-06 -1.0479e-06 -6.7403e-07 -4.2535e-07 -2.6333e-07 -1.5992e-07 -9.5274e-08 -5.5675e-08 -3.1913e-08 -1.7942e-08 -9.8938e-09 -5.3510e-09 -2.8383e-09 -1.4766e-09 -7.5332e-10 -3.7692e-10 -1.8494e-10 -8.8988e-11 -4.1990e-11 -1.9429e-11 -8.8157e-12 -3.9223e-12 -1.7112e-12 -7.3207e-13 -3.0709e-13 -1.2631e-13 -5.0940e-14 -2.0144e-14 -7.8102e-15 -2.9692e-15 -1.1067e-15 -4.0447e-16 -1.4493e-16 -5.0917e-17 -1.7538e-17 -5.9228e-18 -1.9610e-18 -6.3659e-19 -2.0260e-19 -6.3218e-20 -1.9339e-20 -5.8002e-21 -1.7055e-21 -4.9164e-22 -1.3895e-22 -3.8498e-23 -1.0457e-23 -2.7848e-24 -7.2703e-25 -1.8608e-25 -4.6690e-26 -1.1485e-26 -2.7697e-27 -6.5479e-28 -1.5176e-28 -3.4481e-29 -7.6802e-30 -1.6770e-30 -3.5900e-31 -7.5336e-32 -1.5498e-32 -3.1256e-33 -6.1796e-34 -1.1977e-34 -2.2756e-35 -4.2384e-36 -7.7389e-37 -1.3852e-37 -2.4306e-38 -4.1809e-39 -7.0499e-40 -1.1654e-40 -1.8884e-41 -2.9997e-42
-6.6869e-05 -9.5115e-05 -1.1742e-04 -1.3664e-04 -1.5354e-04 -1.6810e-04 -1.7999e-04 -1.8875e-04 8.3829e-03 -1.9528e-04 -1.9265e-04 -1.8619e-04 -1.7626e-04 -1.6344e-04 -1.4843e-04 -1.3202e-04 -1.1501e-04 -9.8129e-05 -8.2006e-05 -6.7128e-05 -5.3826e-05 -4.2279e-05 -3.2533e-05 -2.4525e-05 -1.8113e-05 -1.3107e-05 -9.2930e-06 -6.4558e-06 -4.3945e-06 -2.9312e-06 -1.9159e-06 -1.2271e-06 -7.7023e-07 -4.7376e-07 -2.8558e-07 -1.6870e-07 -9.7666e-08 -5.5413e-08 -3.0812e-08 -1.6791e-08 -8.9681e-09 -4.6944e-09 -2.4083e-09 -1.2109e-09 -5.9674e-10 -2.8822e-10 -1.3644e-10 -6.3306e-11 -2.8788e-11 -1.2831e-11 -5.6053e-12 -2.4001e-12 -1.0072e-12 -4.1430e-13 -1.6703e-13 -6.6004e-14 -2.5564e-14 -9.7049e-15 -3.6111e-15 -1.3170e-15 -4.7078e-16 -1.6495e-16 -5.6649e-17 -1.9069e-17 -6.2914e-18 -2.0346e-18 -6.4492e-19 -2.0037e-19 -6.1019e-20 -1.8214e-20 -5.3288e-21 -1.5282e-21 -4.2954e-22 -1.1835e-22 -3.1959e-23 -8.4596e-24 -2.1949e-24 -5.5817e-25 -1.3913e-25 -3.3995e-26 -8.1412e-27 -1.9111e-27 -4.3971e-28 -9.9167e-29 -2.1922e-29 -4.7499e-30 -1.0088e-30 -2.1001e-31 -4.2852e-32 -8.5708e-33 -1.6803e-33 -3.2288e-34 -6.0815e-35 -1.1228e-35 -2.0318e-36 -3.6039e-37 -6.2659e-38 -1.0678e-38 -1.7837e-39 -2.9206e-40 -6.6333e-05 -9.2145e-05 -1.0953e-04 -1.2126e-04 -1.2837e-04 -1.3149e-04 -1.3109e-04 -1.2764e-04 0.0000e+00 -1.1361e-04 -1.0407e-04 -9.3556e-05 -8.2560e-05 -7.1532e-05 -6.0857e-05 -5.0840e-05 -4.1705e-05 -3.3592e-05 -2.6566e-05 -2.0626e-05 -1.5722e-05 -1.1763e-05 -8.6392e-06 -6.2273e-06 -4.4053e-06 -3.0583e-06 -2.0834e-06 -1.3926e-06 -9.1338e-07 -5.8773e-07 -3.7103e-07 -2.2979e-07 -1.3960e-07 -8.3197e-08 -4.8635e-08 -2.7887e-08 -1.5684e-08 -8.6515e-09 -4.6805e-09 -2.4835e-09 -1.2924e-09 -6.5953e-10 -3.3008e-10 -1.6200e-10 -7.7973e-11 -3.6801e-11 -1.7033e-11 -7.7302e-12 -3.4402e-12 -1.5012e-12 -6.4237e-13 -2.6952e-13 -1.1088e-13 -4.4726e-14 -1.7690e-14 -6.8601e-15 -2.6084e-15 -9.7245e-16 -3.5545e-16 -1.2739e-16 -4.4761e-17 -1.5420e-17 -5.2084e-18 -1.7248e-18 -5.5998e-19 -1.7824e-19 -5.5625e-20 -1.7019e-20 -5.1049e-21 -1.5012e-21 -4.3282e-22 -1.2234e-22 -3.3900e-23 -9.2094e-24 -2.4527e-24 -6.4041e-25 -1.6393e-25 -4.1136e-26 -1.0120e-26 -2.4407e-27 -5.7708e-28 -1.3376e-28 -3.0394e-29 -6.7706e-30 -1.4786e-30 -3.1654e-31 -6.6432e-32 -1.3668e-32 -2.7567e-33 -5.4505e-34 -1.0565e-34 -2.0074e-35 -3.7393e-36 -6.8280e-37 -1.2223e-37 -2.1448e-38 -3.6896e-39 -6.2219e-40 -1.0285e-40 -1.6668e-41
-5.8454e-05 -8.3830e-05 -1.0482e-04 -1.2400e-04 -1.4200e-04 -1.5868e-04 -1.7356e-04 -1.8599e-04 -1.9528e-04 1.0339e-02 -2.0239e-04 -1.9972e-04 -1.9299e-04 -1.8261e-04 -1.6920e-04 -1.5352e-04 -1.3641e-04 -1.1870e-04 -1.0116e-04 -8.4446e-05 -6.9047e-05 -5.5304e-05 -4.3394e-05 -3.3357e-05 -2.5122e-05 -1.8537e-05 -1.3402e-05 -9.4944e-06 -6.5907e-06 -4.4830e-06 -2.9882e-06 -1.9519e-06 -1.2494e-06 -7.8376e-07 -4.8182e-07 -2.9028e-07 -1.7140e-07 -9.9180e-08 -5.6247e-08 -3.1263e-08 -1.7030e-08 -9.0924e-09 -4.7577e-09 -2.4400e-09 -1.2265e-09 -6.0421e-10 -2.9174e-10 -1.3807e-10 -6.4043e-11 -2.9116e-11 -1.2974e-11 -5.6664e-12 -2.4257e-12 -1.0178e-12 -4.1855e-13 -1.6871e-13 -6.6654e-14 -2.5811e-14 -9.7967e-15 -3.6446e-15 -1.3290e-15 -4.7500e-16 -1.6640e-16 -5.7138e-17 -1.9231e-17 -6.3440e-18 -2.0513e-18 -6.5013e-19 -2.0196e-19 -6.1497e-20 -1.8354e-20 -5.3693e-21 -1.5396e-21 -4.3271e-22 -1.1920e-22 -3.2188e-23 -8.5192e-24 -2.2101e-24 -5.6200e-25 -1.4008e-25 -3.4221e-26 -8.1948e-27 -1.9235e-27 -4.4253e-28 -9.9794e-29 -2.2059e-29 -4.7792e-30 -1.0150e-30 -2.1127e-31 -4.3107e-32 -8.6211e-33 -1.6900e-33 -3.2473e-34 -6.1160e-35 -1.1291e-35 -2.0431e-36 -3.6237e-37 -6.2999e-38 -1.0736e-38 -1.7932e-39 -5.7876e-05 -8.0626e-05 -9.6283e-05 -1.0728e-04 -1.1450e-04 -1.1840e-04 -1.1934e-04 -1.1763e-04 -1.1361e-04 0.0000e+00 -1.0010e-04 -9.1427e-05 -8.2022e-05 -7.2285e-05 -6.2580e-05 -5.3220e-05 -4.4456e-05 -3.6473e-05 -2.9386e-05 -2.3249e-05 -1.8060e-05 -1.3773e-05 -1.0311e-05 -7.5774e-06 -5.4652e-06 -3.8685e-06 -2.6873e-06 -1.8317e-06 -1.2251e-06 -8.0394e-07 -5.1759e-07 -3.2692e-07 -2.0257e-07 -1.2313e-07 -7.3412e-08 -4.2934e-08 -2.4629e-08 -1.3857e-08 -7.6469e-09 -4.1386e-09 -2.1968e-09 -1.1435e-09 -5.8379e-10 -2.9227e-10 -1.4349e-10 -6.9084e-11 -3.2616e-11 -1.5100e-11 -6.8548e-12 -3.0514e-12 -1.3319e-12 -5.7006e-13 -2.3924e-13 -9.8444e-14 -3.9719e-14 -1.5713e-14 -6.0948e-15 -2.3179e-15 -8.6430e-16 -3.1599e-16 -1.1326e-16 -3.9806e-17 -1.3716e-17 -4.6334e-18 -1.5346e-18 -4.9832e-19 -1.5864e-19 -4.9516e-20 -1.5152e-20 -4.5456e-21 -1.3369e-21 -3.8550e-22 -1.0898e-22 -3.0202e-23 -8.2058e-24 -2.1857e-24 -5.7076e-25 -1.4612e-25 -3.6671e-26 -9.0226e-27 -2.1763e-27 -5.1461e-28 -1.1929e-28 -2.7109e-29 -6.0395e-30 -1.3190e-30 -2.8241e-31 -5.9276e-32 -1.2197e-32 -2.4602e-33 -4.8647e-34 -9.4300e-35 -1.7920e-35 -3.3382e-36 -6.0962e-37 -1.0913e-37 -1.9152e-38 -3.2949e-39 -5.5568e-40 -9.1866e-41
-4.9850e-05 -7.2135e-05 -9.1457e-05 -1.1010e-04 -1.2859e-04 -1.4676e-04 -1.6402e-04 -1.7960e-04 -1.9265e-04 -2.0239e-04 1.2497e-02 -2.0970e-04 -2.0677e-04 -1.9960e-04 -1.8865e-04 -1.7457e-04 -1.5819e-04 -1.4037e-04 -1.2199e-04 -1.0384e-04 -8.6577e-05 -7.0711e-05 -5.6577e-05 -4.4349e-05 -3.4059e-05 -2.5629e-05 -1.8896e-05 -1.3651e-05 -9.6638e-06 -6.7038e-06 -4.5572e-06 -3.0358e-06 -1.9819e-06 -1.2680e-06 -7.9502e-07 -4.8852e-07 -2.9419e-07 -1.7364e-07 -1.0044e-07 -5.6940e-08 -3.1637e-08 -1.7228e-08 -9.1953e-09 -4.8102e-09 -2.4662e-09 -1.2393e-09 -6.1038e-10 -2.9465e-10 -1.3941e-10 -6.4653e-11 -2.9387e-11 -1.3092e-11 -5.7169e-12 -2.4468e-12 -1.0264e-12 -4.2205e-13 -1.7009e-13 -6.7189e-14 -2.6014e-14 -9.8725e-15 -3.6723e-15 -1.3389e-15 -4.7848e-16 -1.6760e-16 -5.7542e-17 -1.9364e-17 -6.3873e-18 -2.0651e-18 -6.5443e-19 -2.0328e-19 -6.1890e-20 -1.8470e-20 -5.4026e-21 -1.5490e-21 -4.3531e-22 -1.1991e-22 -3.2376e-23 -8.5683e-24 -2.2227e-24 -5.6515e-25 -1.4085e-25 -3.4408e-26 -8.2389e-27 -1.9337e-27 -4.4485e-28 -1.0031e-28 -2.2171e-29 -4.8033e-30 -1.0200e-30 -2.1231e-31 -4.3317e-32 -8.6625e-33 -1.6980e-33 -3.2625e-34 -6.1443e-35 -1.1342e-35 -2.0523e-36 -3.6399e-37 -6.3278e-38 -1.0783e-38 -4.9255e-05 -6.8831e-05 -8.2619e-05 -9.2703e-05 -9.9814e-05 -1.0430e-04 -1.0638e-04 -1.0624e-04 -1.0407e-04 -1.0010e-04 0.0000e+00 -8.7841e-05 -8.0169e-05 -7.1908e-05 -6.3384e-05 -5.4900e-05 -4.6719e-05 -3.9056e-05 -3.2069e-05 -2.5861e-05 -2.0479e-05 -1.5922e-05 -1.2154e-05 -9.1066e-06 -6.6976e-06 -4.8346e-06 -3.4248e-06 -2.3808e-06 -1.6240e-06 -1.0869e-06 -7.1370e-07 -4.5978e-07 -2.9058e-07 -1.8015e-07 -1.0956e-07 -6.5357e-08 -3.8242e-08 -2.1948e-08 -1.2354e-08 -6.8205e-09 -3.6929e-09 -1.9610e-09 -1.0212e-09 -5.2152e-10 -2.6119e-10 -1.2827e-10 -6.1778e-11 -2.9175e-11 -1.3511e-11 -6.1354e-12 -2.7319e-12 -1.1928e-12 -5.1065e-13 -2.1436e-13 -8.8228e-14 -3.5606e-14 -1.4089e-14 -5.4661e-15 -2.0793e-15 -7.7548e-16 -2.8357e-16 -1.0167e-16 -3.5736e-17 -1.2316e-17 -4.1612e-18 -1.3785e-18 -4.4769e-19 -1.4255e-19 -4.4499e-20 -1.3619e-20 -4.0863e-21 -1.2020e-21 -3.4665e-22 -9.8009e-23 -2.7166e-23 -7.3819e-24 -1.9665e-24 -5.1359e-25 -1.3150e-25 -3.3006e-26 -8.1217e-27 -1.9592e-27 -4.6333e-28 -1.0742e-28 -2.4414e-29 -5.4395e-30 -1.1881e-30 -2.5441e-31 -5.3403e-32 -1.0989e-32 -2.2169e-33 -4.3840e-34 -8.4989e-35 -1.6152e-35 -3.0091e-36 -5.4957e-37 -9.8393e-38 -1.7269e-38 -2.9711e-39 -5.0110e-40
-4.1510e-05 -6.0655e-05 -7.8051e-05 -9.5699e-05 -1.1408e-04 -1.3301e-04 -1.5190e-04 -1.6994e-04 -1.8619e-04 -1.9972e-04 -2.0970e-04 1.4857e-02 -2.1677e-04 -2.1344e-04 -2.0574e-04 -1.9416e-04 -1.7941e-04 -1.6234e-04 -1.4386e-04 -1.2487e-04 -1.0616e-04 -8.8419e-05 -7.2142e-05 -5.7667e-05 -4.5164e-05 -3.4658e-05 -2.6059e-05 -1.9200e-05 -1.3862e-05 -9.8071e-06 -6.7993e-06 -4.6197e-06 -3.0760e-06 -2.0072e-06 -1.2836e-06 -8.0450e-07 -4.9416e-07 -2.9748e-07 -1.7552e-07 -1.0149e-07 -5.7521e-08 -3.1951e-08 -1.7395e-08 -9.2817e-09 -4.8542e-09 -2.4882e-09 -1.2501e-09 -6.1556e-10 -2.9709e-10 -1.4054e-10 -6.5164e-11 -2.9614e-11 -1.3191e-11 -5.7592e-12 -2.4645e-12 -1.0337e-12 -4.2498e-13 -1.7125e-13 -6.7638e-14 -2.6185e-14 -9.9359e-15 -3.6955e-15 -1.3472e-15 -4.8139e-16 -1.6860e-16 -5.7880e-17 -1.9476e-17 -6.4236e-18 -2.0766e-18 -6.5802e-19 -2.0438e-19 -6.2219e-20 -1.8566e-20 -5.4304e-21 -1.5569e-21 -4.3749e-22 -1.2050e-22 -3.2533e-23 -8.6094e-24 -2.2332e-24 -5.6778e-25 -1.4150e-25 -3.4564e-26 -8.2757e-27 -1.9422e-27 -4.4679e-28 -1.0074e-28 -2.2265e-29 -4.8235e-30 -1.0242e-30 -2.1318e-31 -4.3492e-32 -8.6972e-33 -1.7047e-33 -3.2753e-34 -6.1680e-35 -1.1386e-35 -2.0601e-36 -3.6535e-37 -6.3512e-38 -4.0922e-05 -5.7381e-05 -6.9262e-05 -7.8311e-05 -8.5123e-05 -8.9948e-05 -9.2910e-05 -9.4086e-05 -9.3556e-05 -9.1427e-05 -8.7841e-05 0.0000e+00 -7.7091e-05 -7.0409e-05 -6.3217e-05 -5.5787e-05 -4.8378e-05 -4.1221e-05 -3.4502e-05 -2.8365e-05 -2.2902e-05 -1.8156e-05 -1.4132e-05 -1.0798e-05 -8.0992e-06 -5.9624e-06 -4.3077e-06 -3.0542e-06 -2.1248e-06 -1.4505e-06 -9.7150e-07 -6.3838e-07 -4.1152e-07 -2.6024e-07 -1.6144e-07 -9.8237e-08 -5.8634e-08 -3.4326e-08 -1.9710e-08 -1.1100e-08 -6.1306e-09 -3.3208e-09 -1.7641e-09 -9.1904e-10 -4.6953e-10 -2.3523e-10 -1.1557e-10 -5.5678e-11 -2.6303e-11 -1.2185e-11 -5.5348e-12 -2.4652e-12 -1.0766e-12 -4.6105e-13 -1.9359e-13 -7.9699e-14 -3.2172e-14 -1.2733e-14 -4.9412e-15 -1.8800e-15 -7.0132e-16 -2.5650e-16 -9.1980e-17 -3.2338e-17 -1.1147e-17 -3.7669e-18 -1.2481e-18 -4.0541e-19 -1.2911e-19 -4.0311e-20 -1.2339e-20 -3.7029e-21 -1.0894e-21 -3.1422e-22 -8.8851e-23 -2.4631e-23 -6.6940e-24 -1.7835e-24 -4.6585e-25 -1.1929e-25 -2.9946e-26 -7.3696e-27 -1.7780e-27 -4.2052e-28 -9.7504e-29 -2.2163e-29 -4.9386e-30 -1.0788e-30 -2.3103e-31 -4.8500e-32 -9.9813e-33 -2.0137e-33 -3.9827e-34 -7.7216e-35 -1.4676e-35 -2.7344e-36 -4.9944e-37 -8.9425e-38 -1.5696e-38 -2.7008e-39
-3.3773e-05 -4.9869e-05 -6.5188e-05 -8.1470e-05 -9.9168e-05 -1.1814e-04 -1.3787e-04 -1.5756e-04 -1.7626e-04 -1.9299e-04 -2.0677e-04 -2.1677e-04 1.7417e-02 -2.2334e-04 -2.1953e-04 -2.1126e-04 -1.9906e-04 -1.8367e-04 -1.6598e-04 -1.4690e-04 -1.2736e-04 -1.0817e-04 -9.0004e-05 -7.3370e-05 -5.8601e-05 -4.5861e-05 -3.5168e-05 -2.6427e-05 -1.9459e-05 -1.4041e-05 -9.9290e-06 -6.8807e-06 -4.6729e-06 -3.1102e-06 -2.0287e-06 -1.2969e-06 -8.1256e-07 -4.9895e-07 -3.0028e-07 -1.7712e-07 -1.0239e-07 -5.8015e-08 -3.2218e-08 -1.7536e-08 -9.3551e-09 -4.8916e-09 -2.5069e-09 -1.2592e-09 -6.1996e-10 -2.9917e-10 -1.4150e-10 -6.5597e-11 -2.9807e-11 -1.3275e-11 -5.7951e-12 -2.4796e-12 -1.0399e-12 -4.2747e-13 -1.7223e-13 -6.8018e-14 -2.6329e-14 -9.9898e-15 -3.7151e-15 -1.3542e-15 -4.8386e-16 -1.6945e-16 -5.8167e-17 -1.9571e-17 -6.4543e-18 -2.0864e-18 -6.6107e-19 -2.0531e-19 -6.2499e-20 -1.8648e-20 -5.4541e-21 -1.5635e-21 -4.3934e-22 -1.2100e-22 -3.2667e-23 -8.6442e-24 -2.2421e-24 -5.7002e-25 -1.4205e-25 -3.4696e-26 -8.3070e-27 -1.9495e-27 -4.4843e-28 -1.0111e-28 -2.2345e-29 -4.8406e-30 -1.0278e-30 -2.1392e-31 -4.3641e-32 -8.7265e-33 -1.7104e-33 -3.2861e-34 -6.1882e-35 -1.1422e-35 -2.0666e-36 -3.6650e-37 -3.3213e-05 -4.6744e-05 -5.6765e-05 -6.4711e-05 -7.1059e-05 -7.5986e-05 -7.9545e-05 -8.1738e-05 -8.2560e-05 -8.2022e-05 -8.0169e-05 -7.7091e-05 0.0000e+00 -6.7844e-05 -6.2065e-05 -5.5818e-05 -4.9339e-05 -4.2856e-05 -3.6573e-05 -3.0658e-05 -2.5240e-05 -2.0405e-05 -1.6197e-05 -1.2622e-05 -9.6556e-06 -7.2498e-06 -5.3423e-06 -3.8633e-06 -2.7415e-06 -1.9089e-06 -1.3041e-06 -8.7412e-07 -5.7479e-07 -3.7078e-07 -2.3463e-07 -1.4564e-07 -8.8671e-08 -5.2953e-08 -3.1017e-08 -1.7818e-08 -1.0039e-08 -5.5475e-09 -3.0063e-09 -1.5977e-09 -8.3266e-10 -4.2556e-10 -2.1329e-10 -1.0482e-10 -5.0518e-11 -2.3873e-11 -1.1063e-11 -5.0266e-12 -2.2395e-12 -9.7835e-13 -4.1907e-13 -1.7601e-13 -7.2481e-14 -2.9265e-14 -1.1585e-14 -4.4969e-15 -1.7113e-15 -6.3853e-16 -2.3359e-16 -8.3781e-17 -2.9461e-17 -1.0157e-17 -3.4331e-18 -1.1377e-18 -3.6962e-19 -1.1773e-19 -3.6764e-20 -1.1255e-20 -3.3782e-21 -9.9402e-22 -2.8675e-22 -8.1096e-23 -2.2484e-23 -6.1115e-24 -1.6285e-24 -4.2543e-25 -1.0895e-25 -2.7354e-26 -6.7326e-27 -1.6245e-27 -3.8427e-28 -8.9108e-29 -2.0257e-29 -4.5143e-30 -9.8625e-31 -2.1122e-31 -4.4348e-32 -9.1276e-33 -1.8417e-33 -3.6427e-34 -7.0633e-35 -1.3426e-35 -2.5017e-36 -4.5698e-37 -8.1830e-38 -1.4364e-38
-2.6861e-05 -4.0110e-05 -5.3305e-05 -6.7947e-05 -8.4483e-05 -1.0285e-04 -1.2262e-04 -1.4311e-04 -1.6344e-04 -1.8261e-04 -1.9960e-04 -2.1344e-04 -2.2334e-04 2.0177e-02 -2.2924e-04 -2.2495e-04 -2.1614e-04 -2.0336e-04 -1.8739e-04 -1.6914e-04 -1.4954e-04 -1.2952e-04 -1.0990e-04 -9.1368e-05 -7.4427e-05 -5.9404e-05 -4.6461e-05 -3.5607e-05 -2.6742e-05 -1.9682e-05 -1.4195e-05 -1.0034e-05 -6.9505e-06 -4.7186e-06 -3.1395e-06 -2.0472e-06 -1.3083e-06 -8.1947e-07 -5.0306e-07 -3.0268e-07 -1.7849e-07 -1.0316e-07 -5.8439e-08 -3.2447e-08 -1.7657e-08 -9.4180e-09 -4.9236e-09 -2.5229e-09 -1.2671e-09 -6.2373e-10 -3.0094e-10 -1.4232e-10 -6.5970e-11 -2.9972e-11 -1.3347e-11 -5.8259e-12 -2.4925e-12 -1.0452e-12 -4.2960e-13 -1.7308e-13 -6.8345e-14 -2.6453e-14 -1.0036e-14 -3.7320e-15 -1.3603e-15 -4.8598e-16 -1.7018e-16 -5.8413e-17 -1.9652e-17 -6.4807e-18 -2.0948e-18 -6.6369e-19 -2.0611e-19 -6.2739e-20 -1.8719e-20 -5.4744e-21 -1.5693e-21 -4.4093e-22 -1.2144e-22 -3.2782e-23 -8.6742e-24 -2.2497e-24 -5.7194e-25 -1.4252e-25 -3.4810e-26 -8.3339e-27 -1.9557e-27 -4.4984e-28 -1.0142e-28 -2.2414e-29 -4.8553e-30 -1.0309e-30 -2.1455e-31 -4.3768e-32 -8.7518e-33 -1.7153e-33 -3.2954e-34 -6.2054e-35 -1.1454e-35 -2.0723e-36 -2.6347e-05 -3.7228e-05 -4.5504e-05 -5.2332e-05 -5.8091e-05 -6.2905e-05 -6.6783e-05 -6.9680e-05 -7.1532e-05 -7.2285e-05 -7.1908e-05 -7.0409e-05 -6.7844e-05 0.0000e+00 -5.9962e-05 -5.4969e-05 -4.9535e-05 -4.3869e-05 -3.8173e-05 -3.2631e-05 -2.7396e-05 -2.2588e-05 -1.8287e-05 -1.4534e-05 -1.1340e-05 -8.6845e-06 -6.5275e-06 -4.8149e-06 -3.4852e-06 -2.4753e-06 -1.7250e-06 -1.1794e-06 -7.9111e-07 -5.2057e-07 -3.3603e-07 -2.1277e-07 -1.3215e-07 -8.0505e-08 -4.8103e-08 -2.8190e-08 -1.6203e-08 -9.1334e-09 -5.0491e-09 -2.7374e-09 -1.4554e-09 -7.5881e-10 -3.8796e-10 -1.9451e-10 -9.5631e-11 -4.6103e-11 -2.1794e-11 -1.0102e-11 -4.5917e-12 -2.0464e-12 -8.9422e-13 -3.8314e-13 -1.6096e-13 -6.6300e-14 -2.6776e-14 -1.0603e-14 -4.1164e-15 -1.5669e-15 -5.8476e-16 -2.1396e-16 -7.6757e-17 -2.6996e-17 -9.3091e-18 -3.1471e-18 -1.0431e-18 -3.3895e-19 -1.0798e-19 -3.3725e-20 -1.0326e-20 -3.0999e-21 -9.1228e-22 -2.6321e-22 -7.4449e-23 -2.0645e-23 -5.6122e-24 -1.4957e-24 -3.9078e-25 -1.0009e-25 -2.5132e-26 -6.1866e-27 -1.4929e-27 -3.5319e-28 -8.1910e-29 -1.8623e-29 -4.1506e-30 -9.0688e-31 -1.9425e-31 -4.0787e-32 -8.3957e-33 -1.6942e-33 -3.3513e-34 -6.4987e-35 -1.2354e-35 -2.3022e-36 -4.2057e-37 -7.5317e-38
-2.0894e-05 -3.1571e-05 -4.2688e-05 -5.5529e-05 -7.0539e-05 -8.7745e-05 -1.0686e-04 -1.2734e-04 -1.4843e-04 -1.6920e-04 -1.8865e-04 -2.0574e-04 -2.1953e-04 -2.2924e-04 2.3136e-02 -2.3446e-04 -2.2971e-04 -2.2040e-04 -2.0710e-04 -1.9062e-04 -1.7187e-04 -1.5182e-04 -1.3138e-04 -1.1140e-04 -9.2548e-05 -7.5339e-05 -6.0098e-05 -4.6978e-05 -3.5986e-05 -2.7014e-05 -1.9874e-05 -1.4328e-05 -1.0124e-05 -7.0108e-06 -4.7580e-06 -3.1648e-06 -2.0631e-06 -1.3182e-06 -8.2544e-07 -5.0661e-07 -3.0475e-07 -1.7967e-07 -1.0383e-07 -5.8806e-08 -3.2645e-08 -1.7762e-08 -9.4725e-09 -4.9514e-09 -2.5368e-09 -1.2739e-09 -6.2700e-10 -3.0248e-10 -1.4303e-10 -6.6292e-11 -3.0115e-11 -1.3410e-11 -5.8525e-12 -2.5036e-12 -1.0498e-12 -4.3145e-13 -1.7381e-13 -6.8628e-14 -2.6561e-14 -1.0076e-14 -3.7466e-15 -1.3655e-15 -4.8781e-16 -1.7081e-16 -5.8626e-17 -1.9723e-17 -6.5036e-18 -2.1021e-18 -6.6596e-19 -2.0680e-19 -6.2947e-20 -1.8780e-20 -5.4920e-21 -1.5742e-21 -4.4230e-22 -1.2181e-22 -3.2881e-23 -8.7001e-24 -2.2564e-24 -5.7360e-25 -1.4293e-25 -3.4909e-26 -8.3572e-27 -1.9611e-27 -4.5107e-28 -1.0170e-28 -2.2473e-29 -4.8680e-30 -1.0336e-30 -2.1510e-31 -4.3879e-32 -8.7736e-33 -1.7195e-33 -3.3034e-34 -6.2204e-35 -1.1481e-35 -2.0436e-05 -2.9000e-05 -3.5693e-05 -4.1434e-05 -4.6523e-05 -5.1048e-05 -5.4996e-05 -5.8296e-05 -6.0857e-05 -6.2580e-05 -6.3384e-05 -6.3217e-05 -6.2065e-05 -5.9962e-05 0.0000e+00 -5.3259e-05 -4.8935e-05 -4.4191e-05 -3.9213e-05 -3.4184e-05 -2.9271e-05 -2.4614e-05 -2.0324e-05 -1.6476e-05 -1.3112e-05 -1.0242e-05 -7.8527e-06 -5.9084e-06 -4.3625e-06 -3.1606e-06 -2.2468e-06 -1.5670e-06 -1.0722e-06 -7.1972e-07 -4.7392e-07 -3.0612e-07 -1.9395e-07 -1.2053e-07 -7.3470e-08 -4.3923e-08 -2.5754e-08 -1.4809e-08 -8.3519e-09 -4.6192e-09 -2.5053e-09 -1.3326e-09 -6.9504e-10 -3.5550e-10 -1.7830e-10 -8.7691e-11 -4.2290e-11 -1.9998e-11 -9.2726e-12 -4.2158e-12 -1.8794e-12 -8.2148e-13 -3.5207e-13 -1.4794e-13 -6.0954e-14 -2.4623e-14 -9.7525e-15 -3.7872e-15 -1.4419e-15 -5.3823e-16 -1.9698e-16 -7.0679e-17 -2.4864e-17 -8.5752e-18 -2.8996e-18 -9.6121e-19 -3.1240e-19 -9.9539e-20 -3.1094e-20 -9.5223e-21 -2.8589e-21 -8.4150e-22 -2.4283e-22 -6.8694e-23 -1.9051e-23 -5.1798e-24 -1.3806e-24 -3.6076e-25 -9.2415e-26 -2.3208e-26 -5.7136e-27 -1.3790e-27 -3.2626e-28 -7.5674e-29 -1.7207e-29 -3.8355e-30 -8.3812e-31 -1.7954e-31 -3.7702e-32 -7.7615e-33 -1.5663e-33 -3.0987e-34 -6.0096e-35 -1.1425e-35 -2.1293e-36 -3.8902e-37
-1.5899e-05 -2.4327e-05 -3.3489e-05 -4.4472e-05 -5.7725e-05 -7.3366e-05 -9.1252e-05 -1.1100e-04 -1.3202e-04 -1.5352e-04 -1.7457e-04 -1.9416e-04 -2.1126e-04 -2.2495e-04 -2.3446e-04 2.6294e-02 -2.3901e-04 -2.3385e-04 -2.2410e-04 -2.1035e-04 -1.9343e-04 -1.7425e-04 -1.5379e-04 -1.3300e-04 -1.1269e-04 -9.3571e-05 -7.6132e-05 -6.0700e-05 -4.7428e-05 -3.6316e-05 -2.7251e-05 -2.0041e-05 -1.4444e-05 -1.0203e-05 -7.0632e-06 -4.7924e-06 -3.1868e-06 -2.0770e-06 -1.3268e-06 -8.3065e-07 -5.0971e-07 -3.0656e-07 -1.8071e-07 -1.0441e-07 -5.9126e-08 -3.2818e-08 -1.7854e-08 -9.5201e-09 -4.9756e-09 -2.5489e-09 -1.2798e-09 -6.2985e-10 -3.0383e-10 -1.4365e-10 -6.6574e-11 -3.0241e-11 -1.3464e-11 -5.8759e-12 -2.5134e-12 -1.0538e-12 -4.3307e-13 -1.7445e-13 -6.8876e-14 -2.6655e-14 -1.0111e-14 -3.7594e-15 -1.3701e-15 -4.8942e-16 -1.7137e-16 -5.8813e-17 -1.9785e-17 -6.5237e-18 -2.1084e-18 -6.6795e-19 -2.0741e-19 -6.3129e-20 -1.8833e-20 -5.5074e-21 -1.5786e-21 -4.4351e-22 -1.2214e-22 -3.2968e-23 -8.7228e-24 -2.2622e-24 -5.7505e-25 -1.4328e-25 -3.4995e-26 -8.3775e-27 -1.9658e-27 -4.5214e-28 -1.0193e-28 -2.2526e-29 -4.8791e-30 -1.0359e-30 -2.1558e-31 -4.3976e-32 -8.7928e-33 -1.7233e-33 -3.3104e-34 -6.2335e-35 -1.5504e-05 -2.2102e-05 -2.7404e-05 -3.2128e-05 -3.6510e-05 -4.0618e-05 -4.4430e-05 -4.7872e-05 -5.0840e-05 -5.3220e-05 -5.4900e-05 -5.5787e-05 -5.5818e-05 -5.4969e-05 -5.3259e-05 0.0000e+00 -4.7550e-05 -4.3789e-05 -3.9628e-05 -3.5232e-05 -3.0769e-05 -2.6390e-05 -2.2226e-05 -1.8378e-05 -1.4919e-05 -1.1887e-05 -9.2964e-06 -7.1350e-06 -5.3739e-06 -3.9716e-06 -2.8800e-06 -2.0490e-06 -1.4302e-06 -9.7934e-07 -6.5785e-07 -4.3347e-07 -2.8017e-07 -1.7762e-07 -1.1045e-07 -6.7358e-08 -4.0290e-08 -2.3635e-08 -1.3598e-08 -7.6722e-09 -4.2451e-09 -2.3034e-09 -1.2256e-09 -6.3953e-10 -3.2722e-10 -1.6418e-10 -8.0773e-11 -3.8966e-11 -1.8432e-11 -8.5492e-12 -3.8881e-12 -1.7338e-12 -7.5804e-13 -3.2497e-13 -1.3659e-13 -5.6291e-14 -2.2745e-14 -9.0107e-15 -3.4999e-15 -1.3328e-15 -4.9762e-16 -1.8215e-16 -6.5372e-17 -2.3001e-17 -7.9344e-18 -2.6834e-18 -8.8971e-19 -2.8921e-19 -9.2165e-20 -2.8795e-20 -8.8198e-21 -2.6484e-21 -7.7966e-22 -2.2501e-22 -6.3664e-23 -1.7659e-23 -4.8019e-24 -1.2801e-24 -3.3453e-25 -8.5706e-26 -2.1526e-26 -5.3001e-27 -1.2793e-27 -3.0272e-28 -7.0223e-29 -1.5969e-29 -3.5600e-30 -7.7800e-31 -1.6668e-31 -3.5005e-32 -7.2070e-33 -1.4546e-33 -2.8779e-34 -5.5819e-35 -1.0613e-35 -1.9781e-36
