4.7193e-12 -8.0180e-12 -2.2131e-11 -4.5533e-11 -7.9774e-11 -1.2629e-10 -1.8645e-10 -2.6161e-10 -3.5312e-10 -4.6239e-10 -5.9083e-10 -7.3994e-10 -9.1128e-10 -1.1065e-09 -1.3274e-09 -1.5759e-09 -1.8539e-09 -2.1636e-09 -2.5073e-09 -2.8876e-09 -3.3071e-09 -3.7687e-09 -4.2756e-09 -4.8311e-09 -5.4389e-09 -6.1029e-09 -6.8272e-09 -7.6163e-09 -8.4750e-09 -9.4083e-09 -1.0422e-08 -1.1520e-08 -1.2710e-08 -1.3996e-08 -1.5385e-08 -1.6882e-08 -1.8492e-08 -2.0218e-08 -2.2064e-08 -2.4031e-08 -2.6116e-08 -2.8314e-08 -3.0614e-08 -3.3000e-08 -3.5445e-08 -3.7913e-08 -4.0354e-08 -4.2702e-08 -4.4871e-08 -4.6757e-08 -4.8230e-08 -4.9141e-08 -4.9327e-08 -4.8619e-08 -4.6865e-08 -4.3957e-08 -3.9866e-08 -3.4687e-08 -2.8672e-08 -2.2237e-08 -1.5932e-08 -1.0337e-08 -5.9220e-09 -2.9001e-09 -1.1644e-09 -3.6309e-10 -8.1946e-11 -1.2202e-11 -1.0605e-12 -4.5717e-14 -7.8528e-16 -3.9967e-18 -4.0200e-21 -4.5692e-25 -2.6902e-30 -2.7286e-37 -9.8836e-47 -1.3079e-59 -2.2131e-77 -3.1969e-102 -1.9363e-137 -3.6383e-188 -1.5762e-262 0.0000e+00 0.0000e+00 0.0000e+00 0.0000e+00 0.0000e+00 0.0000e+00 0.0000e+00 0.0000e+00 0.0000e+00 0.0000e+00 0.0000e+00 0.0000e+00 0.0000e+00 0.0000e+00 0.0000e+00 0.0000e+00 0.0000e+00 0.0000e+00 8.0180e-12 2.2131e-11 4.5533e-11 7.9774e-11 1.2629e-10 1.8645e-10 2.6161e-10 3.5312e-10 4.6239e-10 5.9083e-10 7.3994e-10 9.1128e-10 1.1065e-09 1.3274e-09 1.5759e-09 1.8539e-09 2.1636e-09 2.5073e-09 2.8876e-09 3.3071e-09 3.7687e-09 4.2756e-09 4.8311e-09 5.4389e-09 6.1029e-09 6.8272e-09 7.6163e-09 8.4750e-09 9.4083e-09 1.0422e-08 1.1520e-08 1.2710e-08 1.3996e-08 1.5385e-08 1.6882e-08 1.8492e-08 2.0218e-08 2.2064e-08 2.4031e-08 2.6116e-08 2.8314e-08 3.0614e-08 3.3000e-08 3.5445e-08 3.7913e-08 4.0354e-08 4.2702e-08 4.4871e-08 4.6757e-08 4.8230e-08 4.9141e-08 4.9327e-08 4.8619e-08 4.6865e-08 4.3957e-08 3.9866e-08 3.4687e-08 2.8672e-08 2.2237e-08 1.5932e-08 1.0337e-08 5.9220e-09 2.9001e-09 1.1644e-09 3.6309e-10 8.1946e-11 1.2202e-11 1.0605e-12 4.5717e-14 7.8528e-16 3.9967e-18 4.0200e-21 4.5692e-25 2.6902e-30 2.7286e-37 9.8836e-47 1.3079e-59 2.2131e-77 3.1969e-102 1.9363e-137 3.6383e-188 1.5762e-262 0.0000e+00 0.0000e+00 0.0000e+00 0.0000e+00 0.0000e+00 0.0000e+00 0.0000e+00 0.0000e+00 0.0000e+00 0.0000e+00 0.0000e+00 0.0000e+00 0.0000e+00 0.0000e+00 0.0000e+00 0.0000e+00 0.0000e+00
-8.0180e-12 -4.7381e-08 -1.2531e-10 -2.5782e-10 -4.5171e-10 -7.1508e-10 -1.0557e-09 -1.4813e-09 -1.9995e-09 -2.6182e-09 -3.3455e-09 -4.1898e-09 -5.1600e-09 -6.2655e-09 -7.5163e-09 -8.9231e-09 -1.0497e-08 -1.2251e-08 -1.4197e-08 -1.6350e-08 -1.8726e-08 -2.1340e-08 -2.4210e-08 -2.7355e-08 -3.0797e-08 -3.4557e-08 -3.8658e-08 -4.3126e-08 -4.7988e-08 -5.3273e-08 -5.9010e-08 -6.5231e-08 -7.1967e-08 -7.9251e-08 -8.7116e-08 -9.5591e-08 -1.0471e-07 -1.1448e-07 -1.2493e-07 -1.3607e-07 -1.4788e-07 -1.6032e-07 -1.7335e-07 -1.8685e-07 -2.0070e-07 -2.1467e-07 -2.2850e-07 -2.4179e-07 -2.5408e-07 -2.6475e-07 -2.7309e-07 -2.7825e-07 -2.7931e-07 -2.7530e-07 -2.6537e-07 -2.4890e-07 -2.2573e-07 -1.9641e-07 -1.6235e-07 -1.2592e-07 -9.0212e-08 -5.8531e-08 -3.3532e-08 -1.6421e-08 -6.5932e-09 -2.0560e-09 -4.6401e-10 -6.9090e-11 -6.0052e-12 -2.5886e-13 -4.4465e-15 -2.2631e-17 -2.2763e-20 -2.5872e-24 -1.5233e-29 -1.5450e-36 -5.5964e-46 -7.4056e-59 -1.2531e-76 -1.8102e-101 -1.0964e-136 -2.0601e-187 -8.9250e-262 0.0000e+00 0.0000e+00 0.0000e+00 0.0000e+00 0.0000e+00 0.0000e+00 0.0000e+00 0.0000e+00 0.0000e+00 0.0000e+00 0.0000e+00 0.0000e+00 0.0000e+00 0.0000e+00 0.0000e+00 0.0000e+00 0.0000e+00 8.0180e-12 0.0000e+00 1.2531e-10 2.5782e-10 4.5171e-10 7.1508e-10 1.0557e-09 1.4813e-09 1.9995e-09 2.6182e-09 3.3455e-09 4.1898e-09 5.1600e-09 6.2655e-09 7.5163e-09 8.9231e-09 1.0497e-08 1.2251e-08 1.4197e-08 1.6350e-08 1.8726e-08 2.1340e-08 2.4210e-08 2.7355e-08 3.0797e-08 3.4557e-08 3.8658e-08 4.3126e-08 4.7988e-08 5.3273e-08 5.9010e-08 6.5231e-08 7.1967e-08 7.9251e-08 8.7116e-08 9.5591e-08 1.0471e-07 1.1448e-07 1.2493e-07 1.3607e-07 1.4788e-07 1.6032e-07 1.7335e-07 1.8685e-07 2.0070e-07 2.1467e-07 2.2850e-07 2.4179e-07 2.5408e-07 2.6475e-07 2.7309e-07 2.7825e-07 2.7931e-07 2.7530e-07 2.6537e-07 2.4890e-07 2.2573e-07 1.9641e-07 1.6235e-07 1.2592e-07 9.0212e-08 5.8531e-08 3.3532e-08 1.6421e-08 6.5932e-09 2.0560e-09 4.6401e-10 6.9090e-11 6.0052e-12 2.5886e-13 4.4465e-15 2.2631e-17 2.2763e-20 2.5872e-24 1.5233e-29 1.5450e-36 5.5964e-46 7.4056e-59 1.2531e-76 1.8102e-101 1.0964e-136 2.0601e-187 8.9250e-262 0.0000e+00 0.0000e+00 0.0000e+00 0.0000e+00 0.0000e+00 0.0000e+00 0.0000e+00 0.0000e+00 0.0000e+00 0.0000e+00 0.0000e+00 0.0000e+00 0.0000e+00 0.0000e+00 0.0000e+00 0.0000e+00 0.0000e+00
-2.2131e-11 -1.2531e-10 3.4537e-09 -7.1162e-10 -1.2468e-09 -1.9737e-09 -2.9139e-09 -4.0886e-09 -5.5189e-09 -7.2265e-09 -9.2339e-09 -1.1564e-08 -1.4242e-08 -1.7294e-08 -2.0746e-08 -2.4629e-08 -2.8973e-08 -3.3814e-08 -3.9186e-08 -4.5129e-08 -5.1685e-08 -5.8900e-08 -6.6822e-08 -7.5505e-08 -8.5004e-08 -9.5381e-08 -1.0670e-07 -1.1903e-07 -1.3245e-07 -1.4704e-07 -1.6288e-07 -1.8004e-07 -1.9864e-07 -2.1874e-07 -2.4045e-07 -2.6384e-07 -2.8900e-07 -3.1598e-07 -3.4483e-07 -3.7557e-07 -4.0816e-07 -4.4251e-07 -4.7846e-07 -5.1574e-07 -5.5396e-07 -5.9253e-07 -6.3068e-07 -6.6737e-07 -7.0128e-07 -7.3075e-07 -7.5377e-07 -7.6802e-07 -7.7092e-07 -7.5986e-07 -7.3245e-07 -6.8699e-07 -6.2305e-07 -5.4211e-07 -4.4810e-07 -3.4754e-07 -2.4900e-07 -1.6155e-07 -9.2553e-08 -4.5325e-08 -1.8198e-08 -5.6747e-09 -1.2807e-09 -1.9070e-10 -1.6575e-11 -7.1450e-13 -1.2273e-14 -6.2464e-17 -6.2828e-20 -7.1410e-24 -4.2045e-29 -4.2645e-36 -1.5447e-45 -2.0440e-58 -3.4588e-76 -4.9963e-101 -3.0263e-136 -5.6862e-187 -2.4634e-261 0.0000e+00 0.0000e+00 0.0000e+00 0.0000e+00 0.0000e+00 0.0000e+00 0.0000e+00 0.0000e+00 0.0000e+00 0.0000e+00 0.0000e+00 0.0000e+00 0.0000e+00 0.0000e+00 0.0000e+00 0.0000e+00 0.0000e+00 2.2131e-11 1.2531e-10 0.0000e+00 7.1162e-10 1.2468e-09 1.9737e-09 2.9139e-09 4.0886e-09 5.5189e-09 7.2265e-09 9.2339e-09 1.1564e-08 1.4242e-08 1.7294e-08 2.0746e-08 2.4629e-08 2.8973e-08 3.3814e-08 3.9186e-08 4.5129e-08 5.1685e-08 5.8900e-08 6.6822e-08 7.5505e-08 8.5004e-08 9.5381e-08 1.0670e-07 1.1903e-07 1.3245e-07 1.4704e-07 1.6288e-07 1.8004e-07 1.9864e-07 2.1874e-07 2.4045e-07 2.6384e-07 2.8900e-07 3.1598e-07 3.4483e-07 3.7557e-07 4.0816e-07 4.4251e-07 4.7846e-07 5.1574e-07 5.5396e-07 5.9253e-07 6.3068e-07 6.6737e-07 7.0128e-07 7.3075e-07 7.5377e-07 7.6802e-07 7.7092e-07 7.5986e-07 7.3245e-07 6.8699e-07 6.2305e-07 5.4211e-07 4.4810e-07 3.4754e-07 2.4900e-07 1.6155e-07 9.2553e-08 4.5325e-08 1.8198e-08 5.6747e-09 1.2807e-09 1.9070e-10 1.6575e-11 7.1450e-13 1.2273e-14 6.2463e-17 6.2828e-20 7.1410e-24 4.2045e-29 4.2645e-36 1.5447e-45 2.0440e-58 3.4588e-76 4.9963e-101 3.0262e-136 5.6861e-187 2.4634e-261 0.0000e+00 0.0000e+00 0.0000e+00 0.0000e+00 0.0000e+00 0.0000e+00 0.0000e+00 0.0000e+00 0.0000e+00 0.0000e+00 0.0000e+00 0.0000e+00 0.0000e+00 0.0000e+00 0.0000e+00 0.0000e+00 0.0000e+00
-4.5533e-11 -2.5782e-10 -7.1162e-10 1.9471e-08 -2.5652e-09 -4.0608e-09 -5.9953e-09 -8.4120e-09 -1.1355e-08 -1.4868e-08 -1.8998e-08 -2.3793e-08 -2.9303e-08 -3.5581e-08 -4.2684e-08 -5.0672e-08 -5.9611e-08 -6.9570e-08 -8.0623e-08 -9.2850e-08 -1.0634e-07 -1.2118e-07 -1.3748e-07 -1.5535e-07 -1.7489e-07 -1.9624e-07 -2.1953e-07 -2.4491e-07 -2.7252e-07 -3.0253e-07 -3.3511e-07 -3.7043e-07 -4.0869e-07 -4.5005e-07 -4.9471e-07 -5.4284e-07 -5.9460e-07 -6.5012e-07 -7.0948e-07 -7.7271e-07 -8.3976e-07 -9.1044e-07 -9.8440e-07 -1.0611e-06 -1.1397e-06 -1.2191e-06 -1.2976e-06 -1.3731e-06 -1.4429e-06 -1.5035e-06 -1.5508e-06 -1.5802e-06 -1.5861e-06 -1.5634e-06 -1.5070e-06 -1.4134e-06 -1.2819e-06 -1.1154e-06 -9.2194e-07 -7.1505e-07 -5.1230e-07 -3.3239e-07 -1.9042e-07 -9.3254e-08 -3.7441e-08 -1.1675e-08 -2.6350e-09 -3.9235e-10 -3.4102e-11 -1.4700e-12 -2.5251e-14 -1.2852e-16 -1.2927e-19 -1.4692e-23 -8.6505e-29 -8.7740e-36 -3.1781e-45 -4.2055e-58 -7.1164e-76 -1.0280e-100 -6.2264e-136 -1.1699e-186 -5.0685e-261 0.0000e+00 0.0000e+00 0.0000e+00 0.0000e+00 0.0000e+00 0.0000e+00 0.0000e+00 0.0000e+00 0.0000e+00 0.0000e+00 0.0000e+00 0.0000e+00 0.0000e+00 0.0000e+00 0.0000e+00 0.0000e+00 0.0000e+00 4.5533e-11 2.5782e-10 7.1162e-10 0.0000e+00 2.5652e-09 4.0608e-09 5.9953e-09 8.4120e-09 1.1355e-08 1.4868e-08 1.8998e-08 2.3793e-08 2.9303e-08 3.5581e-08 4.2684e-08 5.0672e-08 5.9611e-08 6.9570e-08 8.0623e-08 9.2850e-08 1.0634e-07 1.2118e-07 1.3748e-07 1.5535e-07 1.7489e-07 1.9624e-07 2.1953e-07 2.4491e-07 2.7252e-07 3.0253e-07 3.3511e-07 3.7043e-07 4.0869e-07 4.5005e-07 4.9471e-07 5.4284e-07 5.9460e-07 6.5012e-07 7.0948e-07 7.7271e-07 8.3976e-07 9.1044e-07 9.8440e-07 1.0611e-06 1.1397e-06 1.2191e-06 1.2976e-06 1.3731e-06 1.4429e-06 1.5035e-06 1.5508e-06 1.5802e-06 1.5861e-06 1.5634e-06 1.5070e-06 1.4134e-06 1.2819e-06 1.1154e-06 9.2194e-07 7.1505e-07 5.1230e-07 3.3239e-07 1.9042e-07 9.3254e-08 3.7441e-08 1.1675e-08 2.6350e-09 3.9235e-10 3.4102e-11 1.4700e-12 2.5251e-14 1.2852e-16 1.2927e-19 1.4692e-23 8.6505e-29 8.7740e-36 3.1781e-45 4.2055e-58 7.1163e-76 1.0280e-100 6.2263e-136 1.1699e-186 5.0684e-261 0.0000e+00 0.0000e+00 0.0000e+00 0.0000e+00 0.0000e+00 0.0000e+00 0.0000e+00 0.0000e+00 0.0000e+00 0.0000e+00 0.0000e+00 0.0000e+00 0.0000e+00 0.0000e+00 0.0000e+00 0.0000e+00 0.0000e+00
-7.9774e-11 -4.5171e-10 -1.2468e-09 -2.5652e-09 7.5719e-08 -7.1146e-09 -1.0504e-08 -1.4738e-08 -1.9894e-08 -2.6049e-08 -3.3285e-08 -4.1686e-08 -5.1339e-08 -6.2338e-08 -7.4783e-08 -8.8779e-08 -1.0444e-07 -1.2189e-07 -1.4125e-07 -1.6268e-07 -1.8631e-07 -2.1232e-07 -2.4087e-07 -2.7217e-07 -3.0641e-07 -3.4382e-07 -3.8462e-07 -4.2908e-07 -4.7746e-07 -5.3003e-07 -5.8711e-07 -6.4900e-07 -7.1603e-07 -7.8850e-07 -8.6675e-07 -9.5107e-07 -1.0418e-06 -1.1390e-06 -1.2430e-06 -1.3538e-06 -1.4713e-06 -1.5951e-06 -1.7247e-06 -1.8591e-06 -1.9968e-06 -2.1359e-06 -2.2734e-06 -2.4057e-06 -2.5279e-06 -2.6341e-06 -2.7171e-06 -2.7685e-06 -2.7789e-06 -2.7390e-06 -2.6402e-06 -2.4764e-06 -2.2459e-06 -1.9541e-06 -1.6153e-06 -1.2528e-06 -8.9755e-07 -5.8235e-07 -3.3362e-07 -1.6338e-07 -6.5598e-08 -2.0455e-08 -4.6166e-09 -6.8740e-10 -5.9748e-11 -2.5755e-12 -4.4240e-14 -2.2516e-16 -2.2648e-19 -2.5741e-23 -1.5156e-28 -1.5372e-35 -5.5681e-45 -7.3682e-58 -1.2468e-75 -1.8011e-100 -1.0909e-135 -2.0498e-186 -8.8806e-261 0.0000e+00 0.0000e+00 0.0000e+00 0.0000e+00 0.0000e+00 0.0000e+00 0.0000e+00 0.0000e+00 0.0000e+00 0.0000e+00 0.0000e+00 0.0000e+00 0.0000e+00 0.0000e+00 0.0000e+00 0.0000e+00 0.0000e+00 7.9774e-11 4.5171e-10 1.2468e-09 2.5652e-09 0.0000e+00 7.1146e-09 1.0504e-08 1.4738e-08 1.9894e-08 2.6049e-08 3.3285e-08 4.1686e-08 5.1339e-08 6.2338e-08 7.4783e-08 8.8779e-08 1.0444e-07 1.2189e-07 1.4125e-07 1.6268e-07 1.8631e-07 2.1232e-07 2.4087e-07 2.7217e-07 3.0641e-07 3.4382e-07 3.8462e-07 4.2908e-07 4.7746e-07 5.3003e-07 5.8711e-07 6.4900e-07 7.1603e-07 7.8850e-07 8.6675e-07 9.5107e-07 1.0418e-06 1.1390e-06 1.2430e-06 1.3538e-06 1.4713e-06 1.5951e-06 1.7247e-06 1.8591e-06 1.9968e-06 2.1359e-06 2.2734e-06 2.4057e-06 2.5279e-06 2.6341e-06 2.7171e-06 2.7685e-06 2.7789e-06 2.7390e-06 2.6402e-06 2.4764e-06 2.2459e-06 1.9541e-06 1.6153e-06 1.2528e-06 8.9755e-07 5.8235e-07 3.3362e-07 1.6338e-07 6.5598e-08 2.0455e-08 4.6166e-09 6.8740e-10 5.9748e-11 2.5755e-12 4.4240e-14 2.2516e-16 2.2648e-19 2.5741e-23 1.5156e-28 1.5372e-35 5.5681e-45 7.3681e-58 1.2468e-75 1.8010e-100 1.0909e-135 2.0497e-186 8.8798e-261 0.0000e+00 0.0000e+00 0.0000e+00 0.0000e+00 0.0000e+00 0.0000e+00 0.0000e+00 0.0000e+00 0.0000e+00 0.0000e+00 0.0000e+00 0.0000e+00 0.0000e+00 0.0000e+00 0.0000e+00 0.0000e+00 0.0000e+00
-1.2629e-10 -7.1508e-10 -1.9737e-09 -4.0608e-09 -7.1146e-09 2.2758e-07 -1.6628e-08 -2.3331e-08 -3.1493e-08 -4.1238e-08 -5.2693e-08 -6.5991e-08 -8.1272e-08 -9.8685e-08 -1.1839e-07 -1.4054e-07 -1.6533e-07 -1.9296e-07 -2.2361e-07 -2.5753e-07 -2.9494e-07 -3.3611e-07 -3.8132e-07 -4.3086e-07 -4.8507e-07 -5.4428e-07 -6.0888e-07 -6.7926e-07 -7.5584e-07 -8.3908e-07 -9.2944e-07 -1.0274e-06 -1.1335e-06 -1.2482e-06 -1.3721e-06 -1.5056e-06 -1.6492e-06 -1.8031e-06 -1.9678e-06 -2.1432e-06 -2.3291e-06 -2.5251e-06 -2.7303e-06 -2.9431e-06 -3.1611e-06 -3.3812e-06 -3.5989e-06 -3.8083e-06 -4.0018e-06 -4.1700e-06 -4.3014e-06 -4.3826e-06 -4.3992e-06 -4.3361e-06 -4.1797e-06 -3.9203e-06 -3.5554e-06 -3.0935e-06 -2.5571e-06 -1.9832e-06 -1.4209e-06 -9.2190e-07 -5.2815e-07 -2.5865e-07 -1.0385e-07 -3.2382e-08 -7.3084e-09 -1.0882e-09 -9.4585e-11 -4.0773e-12 -7.0036e-14 -3.5645e-16 -3.5853e-19 -4.0751e-23 -2.3993e-28 -2.4336e-35 -8.8150e-45 -1.1665e-57 -1.9739e-75 -2.8514e-100 -1.7271e-135 -3.2454e-186 -1.4061e-260 0.0000e+00 0.0000e+00 0.0000e+00 0.0000e+00 0.0000e+00 0.0000e+00 0.0000e+00 0.0000e+00 0.0000e+00 0.0000e+00 0.0000e+00 0.0000e+00 0.0000e+00 0.0000e+00 0.0000e+00 0.0000e+00 0.0000e+00 1.2629e-10 7.1508e-10 1.9737e-09 4.0608e-09 7.1146e-09 0.0000e+00 1.6628e-08 2.3331e-08 3.1493e-08 4.1238e-08 5.2693e-08 6.5991e-08 8.1272e-08 9.8685e-08 1.1839e-07 1.4054e-07 1.6533e-07 1.9296e-07 2.2361e-07 2.5753e-07 2.9494e-07 3.3611e-07 3.8132e-07 4.3086e-07 4.8507e-07 5.4428e-07 6.0888e-07 6.7926e-07 7.5584e-07 8.3908e-07 9.2944e-07 1.0274e-06 1.1335e-06 1.2482e-06 1.3721e-06 1.5056e-06 1.6492e-06 1.8031e-06 1.9678e-06 2.1432e-06 2.3291e-06 2.5251e-06 2.7303e-06 2.9431e-06 3.1611e-06 3.3812e-06 3.5989e-06 3.8083e-06 4.0018e-06 4.1700e-06 4.3014e-06 4.3826e-06 4.3992e-06 4.3361e-06 4.1797e-06 3.9203e-06 3.5554e-06 3.0935e-06 2.5571e-06 1.9832e-06 1.4209e-06 9.2190e-07 5.2815e-07 2.5864e-07 1.0385e-07 3.2382e-08 7.3084e-09 1.0882e-09 9.4584e-11 4.0772e-12 7.0035e-14 3.5644e-16 3.5852e-19 4.0750e-23 2.3993e-28 2.4335e-35 8.8146e-45 1.1664e-57 1.9738e-75 2.8511e-100 1.7269e-135 3.2448e-186 1.4057e-260 0.0000e+00 0.0000e+00 0.0000e+00 0.0000e+00 0.0000e+00 0.0000e+00 0.0000e+00 0.0000e+00 0.0000e+00 0.0000e+00 0.0000e+00 0.0000e+00 0.0000e+00 0.0000e+00 0.0000e+00 0.0000e+00 0.0000e+00
-1.8645e-10 -1.0557e-09 -2.9139e-09 -5.9953e-09 -1.0504e-08 -1.6628e-08 5.7734e-07 -3.4446e-08 -4.6496e-08 -6.0882e-08 -7.7794e-08 -9.7427e-08 -1.1999e-07 -1.4570e-07 -1.7478e-07 -2.0749e-07 -2.4410e-07 -2.8487e-07 -3.3013e-07 -3.8020e-07 -4.3544e-07 -4.9622e-07 -5.6296e-07 -6.3611e-07 -7.1614e-07 -8.0356e-07 -8.9893e-07 -1.0028e-06 -1.1159e-06 -1.2388e-06 -1.3722e-06 -1.5168e-06 -1.6735e-06 -1.8429e-06 -2.0258e-06 -2.2228e-06 -2.4348e-06 -2.6621e-06 -2.9052e-06 -3.1641e-06 -3.4386e-06 -3.7280e-06 -4.0309e-06 -4.3450e-06 -4.6670e-06 -4.9919e-06 -5.3133e-06 -5.6225e-06 -5.9082e-06 -6.1565e-06 -6.3504e-06 -6.4704e-06 -6.4949e-06 -6.4017e-06 -6.1707e-06 -5.7878e-06 -5.2491e-06 -4.5672e-06 -3.7752e-06 -2.9280e-06 -2.0978e-06 -1.3611e-06 -7.7975e-07 -3.8186e-07 -1.5332e-07 -4.7809e-08 -1.0790e-08 -1.6066e-09 -1.3964e-10 -6.0196e-12 -1.0340e-13 -5.2626e-16 -5.2934e-19 -6.0165e-23 -3.5424e-28 -3.5931e-35 -1.3015e-44 -1.7223e-57 -2.9145e-75 -4.2103e-100 -2.5504e-135 -4.7928e-186 -2.0768e-260 0.0000e+00 0.0000e+00 0.0000e+00 0.0000e+00 0.0000e+00 0.0000e+00 0.0000e+00 0.0000e+00 0.0000e+00 0.0000e+00 0.0000e+00 0.0000e+00 0.0000e+00 0.0000e+00 0.0000e+00 0.0000e+00 0.0000e+00 1.8645e-10 1.0557e-09 2.9139e-09 5.9953e-09 1.0504e-08 1.6628e-08 0.0000e+00 3.4446e-08 4.6496e-08 6.0882e-08 7.7794e-08 9.7427e-08 1.1999e-07 1.4570e-07 1.7478e-07 2.0749e-07 2.4410e-07 2.8487e-07 3.3013e-07 3.8020e-07 4.3544e-07 4.9622e-07 5.6296e-07 6.3611e-07 7.1614e-07 8.0356e-07 8.9893e-07 1.0028e-06 1.1159e-06 1.2388e-06 1.3722e-06 1.5168e-06 1.6735e-06 1.8429e-06 2.0258e-06 2.2228e-06 2.4348e-06 2.6621e-06 2.9052e-06 3.1641e-06 3.4386e-06 3.7280e-06 4.0309e-06 4.3450e-06 4.6670e-06 4.9919e-06 5.3133e-06 5.6225e-06 5.9082e-06 6.1564e-06 6.3504e-06 6.4704e-06 6.4949e-06 6.4017e-06 6.1707e-06 5.7878e-06 5.2491e-06 4.5672e-06 3.7752e-06 2.9280e-06 2.0978e-06 1.3611e-06 7.7974e-07 3.8186e-07 1.5331e-07 4.7808e-08 1.0790e-08 1.6066e-09 1.3964e-10 6.0195e-12 1.0340e-13 5.2624e-16 5.2932e-19 6.0162e-23 3.5422e-28 3.5928e-35 1.3014e-44 1.7221e-57 2.9140e-75 4.2093e-100 2.5496e-135 4.7905e-186 2.0754e-260 0.0000e+00 0.0000e+00 0.0000e+00 0.0000e+00 0.0000e+00 0.0000e+00 0.0000e+00 0.0000e+00 0.0000e+00 0.0000e+00 0.0000e+00 0.0000e+00 0.0000e+00 0.0000e+00 0.0000e+00 0.0000e+00 0.0000e+00
-2.6161e-10 -1.4813e-09 -4.0886e-09 -8.4120e-09 -1.4738e-08 -2.3331e-08 -3.4446e-08 1.2959e-06 -6.5239e-08 -8.5425e-08 -1.0915e-07 -1.3670e-07 -1.6836e-07 -2.0443e-07 -2.4524e-07 -2.9114e-07 -3.4249e-07 -3.9971e-07 -4.6321e-07 -5.3347e-07 -6.1097e-07 -6.9626e-07 -7.8990e-07 -8.9254e-07 -1.0048e-06 -1.1275e-06 -1.2613e-06 -1.4071e-06 -1.5657e-06 -1.7382e-06 -1.9253e-06 -2.1283e-06 -2.3481e-06 -2.5858e-06 -2.8424e-06 -3.1189e-06 -3.4163e-06 -3.7352e-06 -4.0763e-06 -4.4396e-06 -4.8248e-06 -5.2309e-06 -5.6559e-06 -6.0966e-06 -6.5483e-06 -7.0042e-06 -7.4552e-06 -7.8890e-06 -8.2899e-06 -8.6382e-06 -8.9103e-06 -9.0787e-06 -9.1130e-06 -8.9823e-06 -8.6583e-06 -8.1209e-06 -7.3651e-06 -6.4083e-06 -5.2970e-06 -4.1083e-06 -2.9434e-06 -1.9097e-06 -1.0941e-06 -5.3579e-07 -2.1512e-07 -6.7082e-08 -1.5140e-08 -2.2543e-09 -1.9594e-10 -8.4464e-12 -1.4509e-13 -7.3843e-16 -7.4275e-19 -8.4423e-23 -4.9708e-28 -5.0420e-35 -1.8264e-44 -2.4170e-57 -4.0904e-75 -5.9094e-100 -3.5801e-135 -6.7288e-186 -2.9164e-260 0.0000e+00 0.0000e+00 0.0000e+00 0.0000e+00 0.0000e+00 0.0000e+00 0.0000e+00 0.0000e+00 0.0000e+00 0.0000e+00 0.0000e+00 0.0000e+00 0.0000e+00 0.0000e+00 0.0000e+00 0.0000e+00 0.0000e+00 2.6161e-10 1.4813e-09 4.0886e-09 8.4120e-09 1.4738e-08 2.3331e-08 3.4446e-08 0.0000e+00 6.5239e-08 8.5425e-08 1.0915e-07 1.3670e-07 1.6836e-07 2.0443e-07 2.4524e-07 2.9114e-07 3.4249e-07 3.9971e-07 4.6321e-07 5.3347e-07 6.1097e-07 6.9626e-07 7.8990e-07 8.9254e-07 1.0048e-06 1.1275e-06 1.2613e-06 1.4071e-06 1.5657e-06 1.7382e-06 1.9253e-06 2.1283e-06 2.3481e-06 2.5858e-06 2.8424e-06 3.1189e-06 3.4163e-06 3.7352e-06 4.0763e-06 4.4396e-06 4.8248e-06 5.2309e-06 5.6559e-06 6.0966e-06 6.5483e-06 7.0042e-06 7.4552e-06 7.8890e-06 8.2898e-06 8.6382e-06 8.9103e-06 9.0787e-06 9.1130e-06 8.9823e-06 8.6582e-06 8.1209e-06 7.3651e-06 6.4083e-06 5.2970e-06 4.1083e-06 2.9434e-06 1.9097e-06 1.0941e-06 5.3579e-07 2.1512e-07 6.7080e-08 1.5139e-08 2.2542e-09 1.9593e-10 8.4460e-12 1.4508e-13 7.3838e-16 7.4269e-19 8.4414e-23 4.9701e-28 5.0411e-35 1.8260e-44 2.4162e-57 4.0887e-75 5.9061e-100 3.5773e-135 6.7216e-186 2.9120e-260 0.0000e+00 0.0000e+00 0.0000e+00 0.0000e+00 0.0000e+00 0.0000e+00 0.0000e+00 0.0000e+00 0.0000e+00 0.0000e+00 0.0000e+00 0.0000e+00 0.0000e+00 0.0000e+00 0.0000e+00 0.0000e+00 0.0000e+00
-3.5312e-10 -1.9995e-09 -5.5189e-09 -1.1355e-08 -1.9894e-08 -3.1493e-08 -4.6496e-08 -6.5239e-08 2.6490e-06 -1.1531e-07 -1.4734e-07 -1.8452e-07 -2.2725e-07 -2.7594e-07 -3.3103e-07 -3.9298e-07 -4.6231e-07 -5.3954e-07 -6.2526e-07 -7.2009e-07 -8.2471e-07 -9.3983e-07 -1.0662e-06 -1.2048e-06 -1.3563e-06 -1.5219e-06 -1.7026e-06 -1.8993e-06 -2.1135e-06 -2.3462e-06 -2.5989e-06 -2.8729e-06 -3.1695e-06 -3.4903e-06 -3.8367e-06 -4.2100e-06 -4.6114e-06 -5.0419e-06 -5.5023e-06 -5.9927e-06 -6.5127e-06 -7.0608e-06 -7.6344e-06 -8.2294e-06 -8.8391e-06 -9.4545e-06 -1.0063e-05 -1.0649e-05 -1.1190e-05 -1.1660e-05 -1.2027e-05 -1.2255e-05 -1.2301e-05 -1.2125e-05 -1.1687e-05 -1.0962e-05 -9.9416e-06 -8.6502e-06 -7.1501e-06 -5.5455e-06 -3.9731e-06 -2.5778e-06 -1.4768e-06 -7.2324e-07 -2.9038e-07 -9.0550e-08 -2.0436e-08 -3.0430e-09 -2.6449e-10 -1.1402e-11 -1.9585e-13 -9.9682e-16 -1.0027e-18 -1.1397e-22 -6.7107e-28 -6.8071e-35 -2.4659e-44 -3.2636e-57 -5.5237e-75 -7.9814e-100 -4.8364e-135 -9.0928e-186 -3.9428e-260 0.0000e+00 0.0000e+00 0.0000e+00 0.0000e+00 0.0000e+00 0.0000e+00 0.0000e+00 0.0000e+00 0.0000e+00 0.0000e+00 0.0000e+00 0.0000e+00 0.0000e+00 0.0000e+00 0.0000e+00 0.0000e+00 0.0000e+00 3.5312e-10 1.9995e-09 5.5189e-09 1.1355e-08 1.9894e-08 3.1493e-08 4.6496e-08 6.5239e-08 0.0000e+00 1.1531e-07 1.4734e-07 1.8452e-07 2.2725e-07 2.7594e-07 3.3103e-07 3.9298e-07 4.6231e-07 5.3954e-07 6.2526e-07 7.2009e-07 8.2471e-07 9.3983e-07 1.0662e-06 1.2048e-06 1.3563e-06 1.5219e-06 1.7026e-06 1.8993e-06 2.1135e-06 2.3462e-06 2.5989e-06 2.8729e-06 3.1695e-06 3.4903e-06 3.8367e-06 4.2100e-06 4.6114e-06 5.0419e-06 5.5023e-06 5.9927e-06 6.5126e-06 7.0608e-06 7.6344e-06 8.2293e-06 8.8391e-06 9.4545e-06 1.0063e-05 1.0649e-05 1.1190e-05 1.1660e-05 1.2027e-05 1.2255e-05 1.2301e-05 1.2125e-05 1.1687e-05 1.0962e-05 9.9416e-06 8.6501e-06 7.1500e-06 5.5455e-06 3.9731e-06 2.5778e-06 1.4768e-06 7.2322e-07 2.9037e-07 9.0547e-08 2.0436e-08 3.0428e-09 2.6448e-10 1.1401e-11 1.9583e-13 9.9669e-16 1.0025e-18 1.1394e-22 6.7088e-28 6.8046e-35 2.4647e-44 3.2615e-57 5.5190e-75 7.9722e-100 4.8288e-135 9.0730e-186 3.9307e-260 0.0000e+00 0.0000e+00 0.0000e+00 0.0000e+00 0.0000e+00 0.0000e+00 0.0000e+00 0.0000e+00 0.0000e+00 0.0000e+00 0.0000e+00 0.0000e+00 0.0000e+00 0.0000e+00 0.0000e+00 0.0000e+00 0.0000e+00
-4.6239e-10 -2.6182e-09 -7.2265e-09 -1.4868e-08 -2.6049e-08 -4.1238e-08 -6.0882e-08 -8.5425e-08 -1.1531e-07 5.0310e-06 -1.9293e-07 -2.4162e-07 -2.9757e-07 -3.6132e-07 -4.3346e-07 -5.1458e-07 -6.0536e-07 -7.0649e-07 -8.1873e-07 -9.4290e-07 -1.0799e-06 -1.2306e-06 -1.3961e-06 -1.5776e-06 -1.7760e-06 -1.9928e-06 -2.2294e-06 -2.4870e-06 -2.7674e-06 -3.0722e-06 -3.4030e-06 -3.7618e-06 -4.1502e-06 -4.5703e-06 -5.0238e-06 -5.5126e-06 -6.0382e-06 -6.6020e-06 -7.2048e-06 -7.8469e-06 -8.5278e-06 -9.2455e-06 -9.9967e-06 -1.0776e-05 -1.1574e-05 -1.2380e-05 -1.3177e-05 -1.3944e-05 -1.4652e-05 -1.5268e-05 -1.5749e-05 -1.6047e-05 -1.6107e-05 -1.5876e-05 -1.5303e-05 -1.4354e-05 -1.3018e-05 -1.1327e-05 -9.3625e-06 -7.2615e-06 -5.2025e-06 -3.3755e-06 -1.9338e-06 -9.4704e-07 -3.8024e-07 -1.1857e-07 -2.6761e-08 -3.9847e-09 -3.4635e-10 -1.4931e-11 -2.5648e-13 -1.3054e-15 -1.3131e-18 -1.4926e-22 -8.7893e-28 -8.9162e-35 -3.2303e-44 -4.2759e-57 -7.2384e-75 -1.0462e-99 -6.3418e-135 -1.1930e-185 -5.1771e-260 0.0000e+00 0.0000e+00 0.0000e+00 0.0000e+00 0.0000e+00 0.0000e+00 0.0000e+00 0.0000e+00 0.0000e+00 0.0000e+00 0.0000e+00 0.0000e+00 0.0000e+00 0.0000e+00 0.0000e+00 0.0000e+00 0.0000e+00 4.6239e-10 2.6182e-09 7.2265e-09 1.4868e-08 2.6049e-08 4.1238e-08 6.0882e-08 8.5425e-08 1.1531e-07 0.0000e+00 1.9293e-07 2.4162e-07 2.9757e-07 3.6132e-07 4.3346e-07 5.1458e-07 6.0536e-07 7.0649e-07 8.1873e-07 9.4290e-07 1.0799e-06 1.2306e-06 1.3961e-06 1.5776e-06 1.7760e-06 1.9928e-06 2.2294e-06 2.4870e-06 2.7674e-06 3.0722e-06 3.4030e-06 3.7618e-06 4.1502e-06 4.5703e-06 5.0238e-06 5.5126e-06 6.0382e-06 6.6020e-06 7.2048e-06 7.8469e-06 8.5278e-06 9.2455e-06 9.9967e-06 1.0776e-05 1.1574e-05 1.2380e-05 1.3177e-05 1.3944e-05 1.4652e-05 1.5268e-05 1.5749e-05 1.6047e-05 1.6107e-05 1.5876e-05 1.5303e-05 1.4354e-05 1.3018e-05 1.1327e-05 9.3624e-06 7.2614e-06 5.2024e-06 3.3754e-06 1.9338e-06 9.4700e-07 3.8022e-07 1.1856e-07 2.6759e-08 3.9843e-09 3.4631e-10 1.4928e-11 2.5643e-13 1.3051e-15 1.3127e-18 1.4920e-22 8.7846e-28 8.9100e-35 3.2274e-44 4.2707e-57 7.2267e-75 1.0439e-99 6.3229e-135 1.1880e-185 5.1469e-260 0.0000e+00 0.0000e+00 0.0000e+00 0.0000e+00 0.0000e+00 0.0000e+00 0.0000e+00 0.0000e+00 0.0000e+00 0.0000e+00 0.0000e+00 0.0000e+00 0.0000e+00 0.0000e+00 0.0000e+00 0.0000e+00 0.0000e+00
-5.9083e-10 -3.3455e-09 -9.2339e-09 -1.8998e-08 -3.3285e-08 -5.2693e-08 -7.7794e-08 -1.0915e-07 -1.4734e-07 -1.9293e-07 9.0049e-06 -3.0873e-07 -3.8023e-07 -4.6169e-07 -5.5386e-07 -6.5752e-07 -7.7351e-07 -9.0273e-07 -1.0462e-06 -1.2048e-06 -1.3799e-06 -1.5725e-06 -1.7840e-06 -2.0158e-06 -2.2694e-06 -2.5464e-06 -2.8486e-06 -3.1779e-06 -3.5362e-06 -3.9256e-06 -4.3483e-06 -4.8067e-06 -5.3031e-06 -5.8398e-06 -6.4194e-06 -7.0439e-06 -7.7155e-06 -8.4358e-06 -9.2061e-06 -1.0027e-05 -1.0897e-05 -1.1814e-05 -1.2774e-05 -1.3769e-05 -1.4789e-05 -1.5819e-05 -1.6837e-05 -1.7817e-05 -1.8722e-05 -1.9509e-05 -2.0124e-05 -2.0504e-05 -2.0582e-05 -2.0286e-05 -1.9555e-05 -1.8341e-05 -1.6634e-05 -1.4473e-05 -1.1963e-05 -9.2787e-06 -6.6478e-06 -4.3133e-06 -2.4711e-06 -1.2101e-06 -4.8588e-07 -1.5152e-07 -3.4197e-08 -5.0920e-09 -4.4261e-10 -1.9080e-11 -3.2777e-13 -1.6684e-15 -1.6783e-18 -1.9079e-22 -1.1236e-27 -1.1399e-34 -4.1306e-44 -5.4688e-57 -9.2608e-75 -1.3391e-99 -8.1225e-135 -1.5293e-185 -6.6456e-260 0.0000e+00 0.0000e+00 0.0000e+00 0.0000e+00 0.0000e+00 0.0000e+00 0.0000e+00 0.0000e+00 0.0000e+00 0.0000e+00 0.0000e+00 0.0000e+00 0.0000e+00 0.0000e+00 0.0000e+00 0.0000e+00 0.0000e+00 5.9083e-10 3.3455e-09 9.2339e-09 1.8998e-08 3.3285e-08 5.2693e-08 7.7794e-08 1.0915e-07 1.4734e-07 1.9293e-07 0.0000e+00 3.0873e-07 3.8023e-07 4.6169e-07 5.5386e-07 6.5752e-07 7.7351e-07 9.0273e-07 1.0462e-06 1.2048e-06 1.3799e-06 1.5725e-06 1.7840e-06 2.0158e-06 2.2694e-06 2.5464e-06 2.8486e-06 3.1779e-06 3.5362e-06 3.9256e-06 4.3483e-06 4.8067e-06 5.3031e-06 5.8398e-06 6.4193e-06 7.0439e-06 7.7155e-06 8.4358e-06 9.2061e-06 1.0027e-05 1.0897e-05 1.1814e-05 1.2774e-05 1.3769e-05 1.4789e-05 1.5819e-05 1.6837e-05 1.7817e-05 1.8722e-05 1.9509e-05 2.0124e-05 2.0504e-05 2.0581e-05 2.0286e-05 1.9554e-05 1.8341e-05 1.6634e-05 1.4473e-05 1.1963e-05 9.2784e-06 6.6475e-06 4.3130e-06 2.4709e-06 1.2101e-06 4.8583e-07 1.5150e-07 3.4192e-08 5.0911e-09 4.4251e-10 1.9075e-11 3.2765e-13 1.6676e-15 1.6773e-18 1.9065e-22 1.1225e-27 1.1385e-34 4.1239e-44 5.4570e-57 9.2341e-75 1.3339e-99 8.0792e-135 1.5180e-185 6.5766e-260 0.0000e+00 0.0000e+00 0.0000e+00 0.0000e+00 0.0000e+00 0.0000e+00 0.0000e+00 0.0000e+00 0.0000e+00 0.0000e+00 0.0000e+00 0.0000e+00 0.0000e+00 0.0000e+00 0.0000e+00 0.0000e+00 0.0000e+00
-7.3994e-10 -4.1898e-09 -1.1564e-08 -2.3793e-08 -4.1686e-08 -6.5991e-08 -9.7427e-08 -1.3670e-07 -1.8452e-07 -2.4162e-07 -3.0873e-07 1.5350e-05 -4.7619e-07 -5.7821e-07 -6.9364e-07 -8.2346e-07 -9.6872e-07 -1.1306e-06 -1.3102e-06 -1.5089e-06 -1.7281e-06 -1.9693e-06 -2.2342e-06 -2.5245e-06 -2.8421e-06 -3.1890e-06 -3.5675e-06 -3.9799e-06 -4.4286e-06 -4.9163e-06 -5.4457e-06 -6.0198e-06 -6.6414e-06 -7.3136e-06 -8.0394e-06 -8.8216e-06 -9.6627e-06 -1.0565e-05 -1.1529e-05 -1.2557e-05 -1.3647e-05 -1.4795e-05 -1.5997e-05 -1.7244e-05 -1.8521e-05 -1.9811e-05 -2.1087e-05 -2.2314e-05 -2.3447e-05 -2.4433e-05 -2.5202e-05 -2.5679e-05 -2.5776e-05 -2.5406e-05 -2.4490e-05 -2.2970e-05 -2.0832e-05 -1.8126e-05 -1.4983e-05 -1.1621e-05 -8.3258e-06 -5.4020e-06 -3.0948e-06 -1.5156e-06 -6.0855e-07 -1.8977e-07 -4.2832e-08 -6.3779e-09 -5.5440e-10 -2.3901e-11 -4.1060e-13 -2.0901e-15 -2.1027e-18 -2.3906e-22 -1.4081e-27 -1.4289e-34 -5.1790e-44 -6.8594e-57 -1.1622e-74 -1.6817e-99 -1.0211e-134 -1.9253e-185 -8.3838e-260 0.0000e+00 0.0000e+00 0.0000e+00 0.0000e+00 0.0000e+00 0.0000e+00 0.0000e+00 0.0000e+00 0.0000e+00 0.0000e+00 0.0000e+00 0.0000e+00 0.0000e+00 0.0000e+00 0.0000e+00 0.0000e+00 0.0000e+00 7.3994e-10 4.1898e-09 1.1564e-08 2.3793e-08 4.1686e-08 6.5991e-08 9.7427e-08 1.3670e-07 1.8452e-07 2.4162e-07 3.0873e-07 0.0000e+00 4.7619e-07 5.7821e-07 6.9364e-07 8.2346e-07 9.6872e-07 1.1306e-06 1.3102e-06 1.5089e-06 1.7281e-06 1.9693e-06 2.2342e-06 2.5245e-06 2.8421e-06 3.1890e-06 3.5675e-06 3.9799e-06 4.4286e-06 4.9163e-06 5.4457e-06 6.0198e-06 6.6414e-06 7.3136e-06 8.0394e-06 8.8216e-06 9.6627e-06 1.0565e-05 1.1529e-05 1.2557e-05 1.3647e-05 1.4795e-05 1.5997e-05 1.7244e-05 1.8521e-05 1.9811e-05 2.1087e-05 2.2313e-05 2.3447e-05 2.4433e-05 2.5202e-05 2.5678e-05 2.5776e-05 2.5406e-05 2.4489e-05 2.2969e-05 2.0832e-05 1.8125e-05 1.4982e-05 1.1620e-05 8.3252e-06 5.4015e-06 3.0945e-06 1.5154e-06 6.0845e-07 1.8973e-07 4.2821e-08 6.3759e-09 5.5418e-10 2.3889e-11 4.1035e-13 2.0885e-15 2.1006e-18 2.3876e-22 1.4058e-27 1.4258e-34 5.1646e-44 6.8342e-57 1.1565e-74 1.6705e-99 1.0118e-134 1.9012e-185 8.2364e-260 0.0000e+00 0.0000e+00 0.0000e+00 0.0000e+00 0.0000e+00 0.0000e+00 0.0000e+00 0.0000e+00 0.0000e+00 0.0000e+00 0.0000e+00 0.0000e+00 0.0000e+00 0.0000e+00 0.0000e+00 0.0000e+00 0.0000e+00
-9.1128e-10 -5.1600e-09 -1.4242e-08 -2.9303e-08 -5.1339e-08 -8.1272e-08 -1.1999e-07 -1.6836e-07 -2.2725e-07 -2.9757e-07 -3.8023e-07 -4.7619e-07 2.5121e-05 -7.1210e-07 -8.5426e-07 -1.0141e-06 -1.1930e-06 -1.3924e-06 -1.6136e-06 -1.8583e-06 -2.1283e-06 -2.4253e-06 -2.7516e-06 -3.1091e-06 -3.5002e-06 -3.9275e-06 -4.3936e-06 -4.9015e-06 -5.4541e-06 -6.0547e-06 -6.7068e-06 -7.4138e-06 -8.1794e-06 -9.0073e-06 -9.9011e-06 -1.0864e-05 -1.1900e-05 -1.3011e-05 -1.4199e-05 -1.5465e-05 -1.6807e-05 -1.8221e-05 -1.9702e-05 -2.1237e-05 -2.2811e-05 -2.4399e-05 -2.5970e-05 -2.7481e-05 -2.8877e-05 -3.0091e-05 -3.1039e-05 -3.1626e-05 -3.1745e-05 -3.1290e-05 -3.0161e-05 -2.8290e-05 -2.5657e-05 -2.2324e-05 -1.8453e-05 -1.4312e-05 -1.0254e-05 -6.6533e-06 -3.8118e-06 -1.8668e-06 -7.4955e-07 -2.3375e-07 -5.2758e-08 -7.8564e-09 -6.8295e-10 -2.9445e-11 -5.0588e-13 -2.5754e-15 -2.5913e-18 -2.9466e-22 -1.7359e-27 -1.7621e-34 -6.3896e-44 -8.4677e-57 -1.4358e-74 -2.0798e-99 -1.2648e-134 -2.3901e-185 -1.0441e-259 0.0000e+00 0.0000e+00 0.0000e+00 0.0000e+00 0.0000e+00 0.0000e+00 0.0000e+00 0.0000e+00 0.0000e+00 0.0000e+00 0.0000e+00 0.0000e+00 0.0000e+00 0.0000e+00 0.0000e+00 0.0000e+00 0.0000e+00 9.1128e-10 5.1600e-09 1.4242e-08 2.9303e-08 5.1339e-08 8.1272e-08 1.1999e-07 1.6836e-07 2.2725e-07 2.9757e-07 3.8023e-07 4.7619e-07 0.0000e+00 7.1210e-07 8.5426e-07 1.0141e-06 1.1930e-06 1.3924e-06 1.6136e-06 1.8583e-06 2.1283e-06 2.4253e-06 2.7516e-06 3.1091e-06 3.5002e-06 3.9275e-06 4.3936e-06 4.9015e-06 5.4541e-06 6.0547e-06 6.7068e-06 7.4138e-06 8.1794e-06 9.0073e-06 9.9011e-06 1.0864e-05 1.1900e-05 1.3011e-05 1.4199e-05 1.5465e-05 1.6807e-05 1.8221e-05 1.9702e-05 2.1237e-05 2.2810e-05 2.4399e-05 2.5970e-05 2.7481e-05 2.8877e-05 3.0090e-05 3.1038e-05 3.1625e-05 3.1744e-05 3.1289e-05 3.0160e-05 2.8288e-05 2.5656e-05 2.2323e-05 1.8452e-05 1.4311e-05 1.0253e-05 6.6523e-06 3.8111e-06 1.8664e-06 7.4934e-07 2.3367e-07 5.2737e-08 7.8524e-09 6.8251e-10 2.9421e-11 5.0537e-13 2.5721e-15 2.5871e-18 2.9405e-22 1.7313e-27 1.7560e-34 6.3606e-44 8.4167e-57 1.4242e-74 2.0573e-99 1.2461e-134 2.3414e-185 1.0144e-259 0.0000e+00 0.0000e+00 0.0000e+00 0.0000e+00 0.0000e+00 0.0000e+00 0.0000e+00 0.0000e+00 0.0000e+00 0.0000e+00 0.0000e+00 0.0000e+00 0.0000e+00 0.0000e+00 0.0000e+00 0.0000e+00 0.0000e+00
-1.1065e-09 -6.2655e-09 -1.7294e-08 -3.5581e-08 -6.2338e-08 -9.8685e-08 -1.4570e-07 -2.0443e-07 -2.7594e-07 -3.6132e-07 -4.6169e-07 -5.7821e-07 -7.1210e-07 3.9713e-05 -1.0373e-06 -1.2314e-06 -1.4487e-06 -1.6907e-06 -1.9593e-06 -2.2564e-06 -2.5842e-06 -2.9450e-06 -3.3411e-06 -3.7752e-06 -4.2501e-06 -4.7690e-06 -5.3350e-06 -5.9516e-06 -6.6226e-06 -7.3520e-06 -8.1437e-06 -9.0022e-06 -9.9318e-06 -1.0937e-05 -1.2022e-05 -1.3192e-05 -1.4450e-05 -1.5799e-05 -1.7242e-05 -1.8778e-05 -2.0408e-05 -2.2125e-05 -2.3923e-05 -2.5787e-05 -2.7698e-05 -2.9626e-05 -3.1534e-05 -3.3369e-05 -3.5065e-05 -3.6538e-05 -3.7689e-05 -3.8402e-05 -3.8547e-05 -3.7994e-05 -3.6624e-05 -3.4352e-05 -3.1155e-05 -2.7108e-05 -2.2408e-05 -1.7380e-05 -1.2452e-05 -8.0795e-06 -4.6289e-06 -2.2670e-06 -9.1028e-07 -2.8388e-07 -6.4077e-08 -9.5425e-09 -8.2958e-10 -3.5770e-11 -6.1462e-13 -3.1295e-15 -3.1495e-18 -3.5822e-22 -2.1111e-27 -2.1440e-34 -7.7792e-44 -1.0318e-56 -1.7515e-74 -2.5413e-99 -1.5490e-134 -2.9366e-185 -1.2890e-259 0.0000e+00 0.0000e+00 0.0000e+00 0.0000e+00 0.0000e+00 0.0000e+00 0.0000e+00 0.0000e+00 0.0000e+00 0.0000e+00 0.0000e+00 0.0000e+00 0.0000e+00 0.0000e+00 0.0000e+00 0.0000e+00 0.0000e+00 1.1065e-09 6.2655e-09 1.7294e-08 3.5581e-08 6.2338e-08 9.8685e-08 1.4570e-07 2.0443e-07 2.7594e-07 3.6132e-07 4.6169e-07 5.7821e-07 7.1210e-07 0.0000e+00 1.0373e-06 1.2314e-06 1.4487e-06 1.6907e-06 1.9593e-06 2.2564e-06 2.5842e-06 2.9450e-06 3.3411e-06 3.7752e-06 4.2501e-06 4.7690e-06 5.3350e-06 5.9516e-06 6.6226e-06 7.3520e-06 8.1437e-06 9.0022e-06 9.9318e-06 1.0937e-05 1.2022e-05 1.3192e-05 1.4450e-05 1.5799e-05 1.7242e-05 1.8778e-05 2.0408e-05 2.2125e-05 2.3923e-05 2.5787e-05 2.7697e-05 2.9626e-05 3.1534e-05 3.3368e-05 3.5064e-05 3.6537e-05 3.7688e-05 3.8400e-05 3.8546e-05 3.7993e-05 3.6622e-05 3.4349e-05 3.1152e-05 2.7105e-05 2.2405e-05 1.7377e-05 1.2450e-05 8.0776e-06 4.6276e-06 2.2662e-06 9.0989e-07 2.8373e-07 6.4035e-08 9.5347e-09 8.2874e-10 3.5724e-11 6.1364e-13 3.1231e-15 3.1414e-18 3.5705e-22 2.1022e-27 2.1322e-34 7.7233e-44 1.0220e-56 1.7294e-74 2.4981e-99 1.5131e-134 2.8430e-185 1.2317e-259 0.0000e+00 0.0000e+00 0.0000e+00 0.0000e+00 0.0000e+00 0.0000e+00 0.0000e+00 0.0000e+00 0.0000e+00 0.0000e+00 0.0000e+00 0.0000e+00 0.0000e+00 0.0000e+00 0.0000e+00 0.0000e+00 0.0000e+00
-1.3274e-09 -7.5163e-09 -2.0746e-08 -4.2684e-08 -7.4783e-08 -1.1839e-07 -1.7478e-07 -2.4524e-07 -3.3103e-07 -4.3346e-07 -5.5386e-07 -6.9364e-07 -8.5426e-07 -1.0373e-06 6.0947e-05 -1.4773e-06 -1.7379e-06 -2.0282e-06 -2.3504e-06 -2.7069e-06 -3.1001e-06 -3.5329e-06 -4.0081e-06 -4.5288e-06 -5.0986e-06 -5.7210e-06 -6.4000e-06 -7.1398e-06 -7.9448e-06 -8.8197e-06 -9.7695e-06 -1.0799e-05 -1.1915e-05 -1.3120e-05 -1.4423e-05 -1.5826e-05 -1.7335e-05 -1.8953e-05 -2.0684e-05 -2.2527e-05 -2.4482e-05 -2.6542e-05 -2.8699e-05 -3.0935e-05 -3.3227e-05 -3.5541e-05 -3.7829e-05 -4.0031e-05 -4.2065e-05 -4.3833e-05 -4.5214e-05 -4.6069e-05 -4.6244e-05 -4.5581e-05 -4.3937e-05 -4.1211e-05 -3.7376e-05 -3.2522e-05 -2.6883e-05 -2.0851e-05 -1.4939e-05 -9.6936e-06 -5.5539e-06 -2.7201e-06 -1.0923e-06 -3.4065e-07 -7.6896e-08 -1.1452e-08 -9.9573e-10 -4.2940e-11 -7.3795e-13 -3.7582e-15 -3.7834e-18 -4.3049e-22 -2.5383e-27 -2.5796e-34 -9.3681e-44 -1.2441e-56 -2.1154e-74 -3.0765e-99 -1.8813e-134 -3.5834e-185 -1.5834e-259 0.0000e+00 0.0000e+00 0.0000e+00 0.0000e+00 0.0000e+00 0.0000e+00 0.0000e+00 0.0000e+00 0.0000e+00 0.0000e+00 0.0000e+00 0.0000e+00 0.0000e+00 0.0000e+00 0.0000e+00 0.0000e+00 0.0000e+00 1.3274e-09 7.5163e-09 2.0746e-08 4.2684e-08 7.4783e-08 1.1839e-07 1.7478e-07 2.4524e-07 3.3103e-07 4.3346e-07 5.5386e-07 6.9364e-07 8.5426e-07 1.0373e-06 0.0000e+00 1.4773e-06 1.7379e-06 2.0282e-06 2.3504e-06 2.7069e-06 3.1001e-06 3.5329e-06 4.0081e-06 4.5288e-06 5.0986e-06 5.7210e-06 6.4000e-06 7.1398e-06 7.9448e-06 8.8197e-06 9.7694e-06 1.0799e-05 1.1915e-05 1.3120e-05 1.4422e-05 1.5826e-05 1.7335e-05 1.8953e-05 2.0684e-05 2.2527e-05 2.4482e-05 2.6542e-05 2.8699e-05 3.0935e-05 3.3227e-05 3.5540e-05 3.7829e-05 4.0030e-05 4.2064e-05 4.3831e-05 4.5212e-05 4.6066e-05 4.6241e-05 4.5577e-05 4.3933e-05 4.1206e-05 3.7371e-05 3.2516e-05 2.6878e-05 2.0846e-05 1.4935e-05 9.6902e-06 5.5514e-06 2.7186e-06 1.0915e-06 3.4037e-07 7.6819e-08 1.1438e-08 9.9419e-10 4.2856e-11 7.3615e-13 3.7466e-15 3.7685e-18 4.2833e-22 2.5219e-27 2.5579e-34 9.2651e-44 1.2260e-56 2.0746e-74 2.9968e-99 1.8152e-134 3.4105e-185 1.4775e-259 0.0000e+00 0.0000e+00 0.0000e+00 0.0000e+00 0.0000e+00 0.0000e+00 0.0000e+00 0.0000e+00 0.0000e+00 0.0000e+00 0.0000e+00 0.0000e+00 0.0000e+00 0.0000e+00 0.0000e+00 0.0000e+00 0.0000e+00
-1.5759e-09 -8.9231e-09 -2.4629e-08 -5.0672e-08 -8.8779e-08 -1.4054e-07 -2.0749e-07 -2.9114e-07 -3.9298e-07 -5.1458e-07 -6.5752e-07 -8.2346e-07 -1.0141e-06 -1.2314e-06 -1.4773e-06 9.1164e-05 -2.0631e-06 -2.4078e-06 -2.7903e-06 -3.2135e-06 -3.6804e-06 -4.1941e-06 -4.7582e-06 -5.3765e-06 -6.0529e-06 -6.7918e-06 -7.5979e-06 -8.4761e-06 -9.4317e-06 -1.0470e-05 -1.1598e-05 -1.2820e-05 -1.4144e-05 -1.5576e-05 -1.7122e-05 -1.8788e-05 -2.0579e-05 -2.2500e-05 -2.4555e-05 -2.6743e-05 -2.9064e-05 -3.1510e-05 -3.4070e-05 -3.6725e-05 -3.9446e-05 -4.2193e-05 -4.4910e-05 -4.7523e-05 -4.9939e-05 -5.2038e-05 -5.3677e-05 -5.4692e-05 -5.4900e-05 -5.4114e-05 -5.2163e-05 -4.8927e-05 -4.4375e-05 -3.8612e-05 -3.1917e-05 -2.4756e-05 -1.7738e-05 -1.1510e-05 -6.5948e-06 -3.2301e-06 -1.2971e-06 -4.0457e-07 -9.1334e-08 -1.3604e-08 -1.1830e-09 -5.1025e-11 -8.7713e-13 -4.4685e-15 -4.5002e-18 -5.1234e-22 -3.0231e-27 -3.0751e-34 -1.1182e-43 -1.4875e-56 -2.5354e-74 -3.6995e-99 -2.2727e-134 -4.3570e-185 -1.9431e-259 0.0000e+00 0.0000e+00 0.0000e+00 0.0000e+00 0.0000e+00 0.0000e+00 0.0000e+00 0.0000e+00 0.0000e+00 0.0000e+00 0.0000e+00 0.0000e+00 0.0000e+00 0.0000e+00 0.0000e+00 0.0000e+00 0.0000e+00 1.5759e-09 8.9231e-09 2.4629e-08 5.0672e-08 8.8779e-08 1.4054e-07 2.0749e-07 2.9114e-07 3.9298e-07 5.1458e-07 6.5752e-07 8.2346e-07 1.0141e-06 1.2314e-06 1.4773e-06 0.0000e+00 2.0631e-06 2.4078e-06 2.7903e-06 3.2135e-06 3.6804e-06 4.1941e-06 4.7582e-06 5.3765e-06 6.0529e-06 6.7918e-06 7.5979e-06 8.4761e-06 9.4317e-06 1.0470e-05 1.1598e-05 1.2820e-05 1.4144e-05 1.5576e-05 1.7122e-05 1.8788e-05 2.0579e-05 2.2500e-05 2.4555e-05 2.6743e-05 2.9064e-05 3.1510e-05 3.4070e-05 3.6725e-05 3.9446e-05 4.2192e-05 4.4909e-05 4.7522e-05 4.9936e-05 5.2035e-05 5.3674e-05 5.4688e-05 5.4895e-05 5.4107e-05 5.2155e-05 4.8918e-05 4.4366e-05 3.8602e-05 3.1908e-05 2.4747e-05 1.7730e-05 1.1504e-05 6.5904e-06 3.2275e-06 1.2958e-06 4.0408e-07 9.1196e-08 1.3579e-08 1.1803e-09 5.0877e-11 8.7392e-13 4.4478e-15 4.4738e-18 5.0849e-22 2.9939e-27 3.0366e-34 1.0999e-43 1.4555e-56 2.4629e-74 3.5577e-99 2.1548e-134 4.0487e-185 1.7539e-259 0.0000e+00 0.0000e+00 0.0000e+00 0.0000e+00 0.0000e+00 0.0000e+00 0.0000e+00 0.0000e+00 0.0000e+00 0.0000e+00 0.0000e+00 0.0000e+00 0.0000e+00 0.0000e+00 0.0000e+00 0.0000e+00 0.0000e+00
-1.8539e-09 -1.0497e-08 -2.8973e-08 -5.9611e-08 -1.0444e-07 -1.6533e-07 -2.4410e-07 -3.4249e-07 -4.6231e-07 -6.0536e-07 -7.7351e-07 -9.6872e-07 -1.1930e-06 -1.4487e-06 -1.7379e-06 -2.0631e-06 1.3334e-04 -2.8325e-06 -3.2825e-06 -3.7804e-06 -4.3296e-06 -4.9340e-06 -5.5976e-06 -6.3249e-06 -7.1206e-06 -7.9899e-06 -8.9382e-06 -9.9713e-06 -1.1095e-05 -1.2317e-05 -1.3644e-05 -1.5082e-05 -1.6640e-05 -1.8324e-05 -2.0142e-05 -2.2102e-05 -2.4209e-05 -2.6470e-05 -2.8886e-05 -3.1461e-05 -3.4191e-05 -3.7069e-05 -4.0081e-05 -4.3204e-05 -4.6405e-05 -4.9637e-05 -5.2833e-05 -5.5908e-05 -5.8749e-05 -6.1219e-05 -6.3148e-05 -6.4343e-05 -6.4588e-05 -6.3663e-05 -6.1368e-05 -5.7562e-05 -5.2207e-05 -4.5428e-05 -3.7553e-05 -2.9128e-05 -2.0871e-05 -1.3544e-05 -7.7605e-06 -3.8013e-06 -1.5266e-06 -4.7621e-07 -1.0752e-07 -1.6018e-08 -1.3932e-09 -6.0107e-11 -1.0336e-12 -5.2680e-15 -5.3085e-18 -6.0481e-22 -3.5723e-27 -3.6386e-34 -1.3255e-43 -1.7675e-56 -3.0224e-74 -4.4299e-99 -2.7385e-134 -5.2960e-185 -2.3912e-259 0.0000e+00 0.0000e+00 0.0000e+00 0.0000e+00 0.0000e+00 0.0000e+00 0.0000e+00 0.0000e+00 0.0000e+00 0.0000e+00 0.0000e+00 0.0000e+00 0.0000e+00 0.0000e+00 0.0000e+00 0.0000e+00 0.0000e+00 1.8539e-09 1.0497e-08 2.8973e-08 5.9611e-08 1.0444e-07 1.6533e-07 2.4410e-07 3.4249e-07 4.6231e-07 6.0536e-07 7.7351e-07 9.6872e-07 1.1930e-06 1.4487e-06 1.7379e-06 2.0631e-06 0.0000e+00 2.8325e-06 3.2825e-06 3.7804e-06 4.3296e-06 4.9340e-06 5.5976e-06 6.3249e-06 7.1206e-06 7.9899e-06 8.9382e-06 9.9713e-06 1.1095e-05 1.2317e-05 1.3644e-05 1.5082e-05 1.6640e-05 1.8324e-05 2.0142e-05 2.2102e-05 2.4209e-05 2.6469e-05 2.8886e-05 3.1461e-05 3.4190e-05 3.7068e-05 4.0080e-05 4.3203e-05 4.6404e-05 4.9635e-05 5.2831e-05 5.5905e-05 5.8745e-05 6.1214e-05 6.3142e-05 6.4335e-05 6.4579e-05 6.3652e-05 6.1356e-05 5.7548e-05 5.2192e-05 4.5412e-05 3.7537e-05 2.9113e-05 2.0858e-05 1.3533e-05 7.7530e-06 3.7968e-06 1.5244e-06 4.7536e-07 1.0728e-07 1.5974e-08 1.3885e-09 5.9852e-11 1.0281e-12 5.2325e-15 5.2630e-18 5.9819e-22 3.5220e-27 3.5723e-34 1.2939e-43 1.7122e-56 2.8973e-74 4.1852e-99 2.5349e-134 4.7626e-185 2.0630e-259 0.0000e+00 0.0000e+00 0.0000e+00 0.0000e+00 0.0000e+00 0.0000e+00 0.0000e+00 0.0000e+00 0.0000e+00 0.0000e+00 0.0000e+00 0.0000e+00 0.0000e+00 0.0000e+00 0.0000e+00 0.0000e+00 0.0000e+00
