2.6596e-04 -4.1527e-04 -4.9395e-04 -5.4747e-04 -5.8059e-04 -5.9610e-04 -5.9622e-04 -5.8305e-04 -5.5871e-04 -5.2540e-04 -4.8532e-04 -4.4062e-04 -3.9334e-04 -3.4532e-04 -2.9816e-04 -2.5317e-04 -2.1139e-04 -1.7351e-04 -1.3996e-04 -1.1091e-04 -8.6300e-05 -6.5905e-05 -4.9367e-05 -3.6248e-05 -2.6070e-05 -1.8352e-05 -1.2633e-05 -8.4962e-06 -5.5768e-06 -3.5687e-06 -2.2237e-06 -1.3474e-06 -7.9280e-07 -4.5229e-07 -2.4976e-07 -1.3326e-07 -6.8563e-08 -3.3945e-08 -1.6134e-08 -7.3438e-09 -3.1923e-09 -1.3213e-09 -5.1906e-10 -1.9284e-10 -6.7499e-11 -2.2165e-11 -6.7964e-12 -1.9362e-12 -5.0964e-13 -1.2318e-13 -2.7156e-14 -5.4199e-15 -9.7124e-16 -1.5485e-16 -2.1743e-17 -2.6586e-18 -2.7954e-19 -2.4919e-20 -1.8539e-21 -1.1308e-22 -5.5423e-24 -2.1341e-25 -6.2920e-27 -1.3796e-28 -2.1758e-30 -2.3759e-32 -1.7193e-34 -7.8377e-37 -2.1226e-39 -3.1897e-42 -2.4553e-45 -8.8145e-49 -1.3207e-52 -7.2378e-57 -1.2390e-61 -5.4783e-67 -4.9684e-73 -6.9730e-80 -1.0701e-87 -1.1658e-96 -5.2397e-107 -4.8764e-119 -3.8740e-133 -8.2815e-150 -1.0352e-169 -9.7213e-194 -4.1260e-223 -1.5508e-259 -1.8378e-305 -0.0000e+00 -0.0000e+00 -0.0000e+00 -0.0000e+00 -0.0000e+00 -0.0000e+00 -0.0000e+00 -0.0000e+00 -0.0000e+00 -0.0000e+00 -0.0000e+00 0.0000e+00 -4.1521e-04 -4.9379e-04 -5.4714e-04 -5.8005e-04 -5.9531e-04 -5.9515e-04 -5.8167e-04 -5.5704e-04 -5.2346e-04 -4.8314e-04 -4.3826e-04 -3.9086e-04 -3.4279e-04 -2.9564e-04 -2.5073e-04 -2.0907e-04 -1.7137e-04 -1.3803e-04 -1.0921e-04 -8.4833e-05 -6.4669e-05 -4.8349e-05 -3.5430e-05 -2.5428e-05 -1.7859e-05 -1.2265e-05 -8.2284e-06 -5.3869e-06 -3.4377e-06 -2.1358e-06 -1.2902e-06 -7.5674e-07 -4.3027e-07 -2.3676e-07 -1.2586e-07 -6.4502e-08 -3.1804e-08 -1.5052e-08 -6.8202e-09 -2.9507e-09 -1.2152e-09 -4.7491e-10 -1.7548e-10 -6.1067e-11 -1.9931e-11 -6.0727e-12 -1.7185e-12 -4.4915e-13 -1.0776e-13 -2.3572e-14 -4.6659e-15 -8.2893e-16 -1.3096e-16 -1.8213e-17 -2.2044e-18 -2.2931e-19 -2.0212e-20 -1.4858e-21 -8.9486e-23 -4.3278e-24 -1.6430e-25 -4.7722e-27 -1.0299e-28 -1.5971e-30 -1.7131e-32 -1.2164e-34 -5.4345e-37 -1.4406e-39 -2.1160e-42 -1.5898e-45 -5.5616e-49 -8.1065e-53 -4.3140e-57 -7.1567e-62 -3.0601e-67 -2.6776e-73 -3.6167e-80 -5.3272e-88 -5.5540e-97 -2.3814e-107 -2.1071e-119 -1.5855e-133 -3.1972e-150 -3.7533e-170 -3.2938e-194 -1.2994e-223 -4.5123e-260 -4.9071e-306 -0.0000e+00 -0.0000e+00 -0.0000e+00 -0.0000e+00 -0.0000e+00 -0.0000e+00 -0.0000e+00 -0.0000e+00 -0.0000e+00 -0.0000e+00 -0.0000e+00
-4.1527e-04 1.0641e-03 -6.8734e-04 -7.6268e-04 -8.1002e-04 -8.3319e-04 -8.3515e-04 -8.1874e-04 -7.8679e-04 -7.4223e-04 -6.8802e-04 -6.2708e-04 -5.6215e-04 -4.9578e-04 -4.3018e-04 -3.6722e-04 -3.0835e-04 -2.5462e-04 -2.0671e-04 -1.6493e-04 -1.2926e-04 -9.9465e-05 -7.5104e-05 -5.5611e-05 -4.0351e-05 -2.8669e-05 -1.9928e-05 -1.3539e-05 -8.9819e-06 -5.8118e-06 -3.6635e-06 -2.2468e-06 -1.3387e-06 -7.7382e-07 -4.3318e-07 -2.3443e-07 -1.2241e-07 -6.1540e-08 -2.9720e-08 -1.3754e-08 -6.0824e-09 -2.5630e-09 -1.0257e-09 -3.8849e-10 -1.3872e-10 -4.6508e-11 -1.4572e-11 -4.2453e-12 -1.1437e-12 -2.8318e-13 -6.4013e-14 -1.3113e-14 -2.4142e-15 -3.9587e-16 -5.7233e-17 -7.2139e-18 -7.8284e-19 -7.2119e-20 -5.5523e-21 -3.5096e-22 -1.7854e-23 -7.1471e-25 -2.1944e-26 -5.0200e-28 -8.2766e-30 -9.4683e-32 -7.1942e-34 -3.4521e-36 -9.8674e-39 -1.5695e-41 -1.2830e-44 -4.9082e-48 -7.8670e-52 -4.6320e-56 -8.5596e-61 -4.1075e-66 -4.0673e-72 -6.2752e-79 -1.0669e-86 -1.2992e-95 -6.5945e-106 -7.0146e-118 -6.4593e-132 -1.6273e-148 -2.4452e-168 -2.8271e-192 -1.5211e-221 -7.5137e-258 -1.2245e-303 -0.0000e+00 -0.0000e+00 -0.0000e+00 -0.0000e+00 -0.0000e+00 -0.0000e+00 -0.0000e+00 -0.0000e+00 -0.0000e+00 -0.0000e+00 -0.0000e+00 -4.1521e-04 0.0000e+00 -6.8643e-04 -7.6089e-04 -8.0706e-04 -8.2880e-04 -8.2917e-04 -8.1107e-04 -7.7747e-04 -7.3138e-04 -6.7585e-04 -6.1388e-04 -5.4827e-04 -4.8159e-04 -4.1605e-04 -3.5350e-04 -2.9535e-04 -2.4259e-04 -1.9583e-04 -1.5531e-04 -1.2096e-04 -9.2457e-05 -6.9324e-05 -5.0954e-05 -3.6687e-05 -2.5856e-05 -1.7820e-05 -1.2001e-05 -7.8880e-06 -5.0550e-06 -3.1546e-06 -1.9146e-06 -1.1285e-06 -6.4495e-07 -3.5683e-07 -1.9077e-07 -9.8363e-08 -4.8809e-08 -2.3254e-08 -1.0611e-08 -4.6248e-09 -1.9196e-09 -7.5635e-10 -2.8189e-10 -9.8997e-11 -3.2622e-11 -1.0041e-11 -2.8718e-12 -7.5911e-13 -1.8430e-13 -4.0826e-14 -8.1897e-15 -1.4756e-15 -2.3662e-16 -3.3431e-17 -4.1149e-18 -4.3573e-19 -3.9139e-20 -2.9356e-21 -1.8063e-22 -8.9374e-24 -3.4766e-25 -1.0364e-26 -2.2995e-28 -3.6738e-30 -4.0683e-32 -2.9892e-34 -1.3855e-36 -3.8212e-39 -5.8576e-42 -4.6089e-45 -1.6949e-48 -2.6079e-52 -1.4720e-56 -2.6036e-61 -1.1939e-66 -1.1279e-72 -1.6571e-79 -2.6775e-87 -3.0922e-96 -1.4851e-106 -1.4910e-118 -1.2922e-132 -3.0547e-149 -4.2922e-169 -4.6226e-193 -2.3065e-222 -1.0513e-258 -1.5716e-304 -0.0000e+00 -0.0000e+00 -0.0000e+00 -0.0000e+00 -0.0000e+00 -0.0000e+00 -0.0000e+00 -0.0000e+00 -0.0000e+00 -0.0000e+00 -0.0000e+00
-4.9395e-04 -6.8734e-04 2.3950e-03 -9.1094e-04 -9.6987e-04 -1.0006e-03 -1.0065e-03 -9.9081e-04 -9.5656e-04 -9.0706e-04 -8.4562e-04 -7.7552e-04 -6.9993e-04 -6.2179e-04 -5.4373e-04 -4.6800e-04 -3.9644e-04 -3.3042e-04 -2.7089e-04 -2.1836e-04 -1.7298e-04 -1.3461e-04 -1.0284e-04 -7.7082e-05 -5.6642e-05 -4.0775e-05 -2.8729e-05 -1.9795e-05 -1.3323e-05 -8.7503e-06 -5.6012e-06 -3.4900e-06 -2.1136e-06 -1.2423e-06 -7.0746e-07 -3.8966e-07 -2.0718e-07 -1.0610e-07 -5.2225e-08 -2.4643e-08 -1.1118e-08 -4.7813e-09 -1.9539e-09 -7.5611e-10 -2.7600e-10 -9.4639e-11 -3.0344e-11 -9.0523e-12 -2.4987e-12 -6.3431e-13 -1.4711e-13 -3.0938e-14 -5.8524e-15 -9.8680e-16 -1.4683e-16 -1.9064e-17 -2.1331e-18 -2.0283e-19 -1.6135e-20 -1.0551e-21 -5.5604e-23 -2.3090e-24 -7.3655e-26 -1.7534e-27 -3.0139e-29 -3.6016e-31 -2.8648e-33 -1.4425e-35 -4.3380e-38 -7.2806e-41 -6.2998e-44 -2.5601e-47 -4.3763e-51 -2.7602e-55 -5.4911e-60 -2.8525e-65 -3.0771e-71 -5.2087e-78 -9.7958e-86 -1.3318e-94 -7.6295e-105 -9.2739e-117 -9.9019e-131 -2.9426e-147 -5.3232e-167 -7.5931e-191 -5.1926e-220 -3.3819e-256 -7.6072e-302 -0.0000e+00 -0.0000e+00 -0.0000e+00 -0.0000e+00 -0.0000e+00 -0.0000e+00 -0.0000e+00 -0.0000e+00 -0.0000e+00 -0.0000e+00 -0.0000e+00 -4.9379e-04 -6.8643e-04 0.0000e+00 -9.0615e-04 -9.6193e-04 -9.8884e-04 -9.9047e-04 -9.7021e-04 -9.3148e-04 -8.7782e-04 -8.1279e-04 -7.3986e-04 -6.6236e-04 -5.8331e-04 -5.0534e-04 -4.3066e-04 -3.6098e-04 -2.9753e-04 -2.4107e-04 -1.9194e-04 -1.5011e-04 -1.1525e-04 -8.6815e-05 -6.4126e-05 -4.6412e-05 -3.2889e-05 -2.2799e-05 -1.5447e-05 -1.0218e-05 -6.5925e-06 -4.1432e-06 -2.5332e-06 -1.5047e-06 -8.6701e-07 -4.8380e-07 -2.6097e-07 -1.3582e-07 -6.8059e-08 -3.2760e-08 -1.5110e-08 -6.6603e-09 -2.7972e-09 -1.1158e-09 -4.2128e-10 -1.4996e-10 -5.0124e-11 -1.5658e-11 -4.5490e-12 -1.2223e-12 -3.0189e-13 -6.8086e-14 -1.3919e-14 -2.5580e-15 -4.1885e-16 -6.0489e-17 -7.6189e-18 -8.2658e-19 -7.6169e-20 -5.8690e-21 -3.7152e-22 -1.8942e-23 -7.6053e-25 -2.3443e-26 -5.3893e-28 -8.9395e-30 -1.0302e-31 -7.8964e-34 -3.8285e-36 -1.1077e-38 -1.7870e-41 -1.4850e-44 -5.7896e-48 -9.4848e-52 -5.7266e-56 -1.0892e-60 -5.4023e-66 -5.5559e-72 -8.9523e-79 -1.5998e-86 -2.0628e-95 -1.1183e-105 -1.2834e-117 -1.2904e-131 -3.6005e-148 -6.0952e-168 -8.1056e-192 -5.1455e-221 -3.0954e-257 -6.3945e-303 -0.0000e+00 -0.0000e+00 -0.0000e+00 -0.0000e+00 -0.0000e+00 -0.0000e+00 -0.0000e+00 -0.0000e+00 -0.0000e+00 -0.0000e+00 -0.0000e+00
-5.4747e-04 -7.6268e-04 -9.1094e-04 4.2599e-03 -1.0849e-03 -1.1239e-03 -1.1361e-03 -1.1247e-03 -1.0927e-03 -1.0434e-03 -9.8017e-04 -9.0639e-04 -8.2536e-04 -7.4020e-04 -6.5382e-04 -5.6877e-04 -4.8720e-04 -4.1082e-04 -3.4090e-04 -2.7827e-04 -2.2334e-04 -1.7615e-04 -1.3645e-04 -1.0373e-04 -7.7346e-05 -5.6515e-05 -4.0433e-05 -2.8296e-05 -1.9350e-05 -1.2917e-05 -8.4059e-06 -5.3262e-06 -3.2813e-06 -1.9625e-06 -1.1375e-06 -6.3793e-07 -3.4543e-07 -1.8023e-07 -9.0406e-08 -4.3489e-08 -2.0008e-08 -8.7784e-09 -3.6611e-09 -1.4464e-09 -5.3928e-10 -1.8896e-10 -6.1941e-11 -1.8901e-11 -5.3395e-12 -1.3881e-12 -3.2987e-13 -7.1138e-14 -1.3809e-14 -2.3912e-15 -3.6569e-16 -4.8847e-17 -5.6285e-18 -5.5174e-19 -4.5302e-20 -3.0614e-21 -1.6695e-22 -7.1845e-24 -2.3789e-25 -5.8888e-27 -1.0545e-28 -1.3156e-30 -1.0950e-32 -5.7836e-35 -1.8294e-37 -3.2394e-40 -2.9671e-43 -1.2811e-46 -2.3361e-50 -1.5790e-54 -3.3833e-59 -1.9038e-64 -2.2389e-70 -4.1618e-77 -8.6659e-85 -1.3169e-93 -8.5235e-104 -1.1854e-115 -1.4695e-129 -5.1582e-146 -1.1250e-165 -1.9830e-189 -1.7264e-218 -1.4850e-254 -4.6190e-300 -0.0000e+00 -0.0000e+00 -0.0000e+00 -0.0000e+00 -0.0000e+00 -0.0000e+00 -0.0000e+00 -0.0000e+00 -0.0000e+00 -0.0000e+00 -0.0000e+00 -5.4714e-04 -7.6089e-04 -9.0615e-04 0.0000e+00 -1.0692e-03 -1.1006e-03 -1.1043e-03 -1.0838e-03 -1.0429e-03 -9.8523e-04 -9.1475e-04 -8.3520e-04 -7.5018e-04 -6.6302e-04 -5.7662e-04 -4.9345e-04 -4.1545e-04 -3.4405e-04 -2.8017e-04 -2.2427e-04 -1.7639e-04 -1.3623e-04 -1.0328e-04 -7.6793e-05 -5.5970e-05 -3.9954e-05 -2.7911e-05 -1.9064e-05 -1.2718e-05 -8.2776e-06 -5.2505e-06 -3.2413e-06 -1.9448e-06 -1.1324e-06 -6.3883e-07 -3.4856e-07 -1.8358e-07 -9.3135e-08 -4.5413e-08 -2.1230e-08 -9.4894e-09 -4.0440e-09 -1.6378e-09 -6.2820e-10 -2.2733e-10 -7.7296e-11 -2.4582e-11 -7.2754e-12 -1.9930e-12 -5.0229e-13 -1.1569e-13 -2.4176e-14 -4.5460e-15 -7.6236e-16 -1.1288e-16 -1.4594e-17 -1.6271e-18 -1.5428e-19 -1.2248e-20 -8.0001e-22 -4.2150e-23 -1.7518e-24 -5.5993e-26 -1.3373e-27 -2.3093e-29 -2.7766e-31 -2.2259e-33 -1.1316e-35 -3.4430e-38 -5.8593e-41 -5.1536e-44 -2.1348e-47 -3.7313e-51 -2.4146e-55 -4.9476e-60 -2.6590e-65 -2.9823e-71 -5.2789e-78 -1.0449e-85 -1.5066e-94 -9.2333e-105 -1.2130e-116 -1.4168e-130 -4.6723e-147 -9.5423e-167 -1.5690e-190 -1.2688e-219 -1.0088e-255 -2.8836e-301 -0.0000e+00 -0.0000e+00 -0.0000e+00 -0.0000e+00 -0.0000e+00 -0.0000e+00 -0.0000e+00 -0.0000e+00 -0.0000e+00 -0.0000e+00 -0.0000e+00
-5.8059e-04 -8.1002e-04 -9.6987e-04 -1.0849e-03 6.6604e-03 -1.2124e-03 -1.2332e-03 -1.2293e-03 -1.2037e-03 -1.1594e-03 -1.0993e-03 -1.0268e-03 -9.4496e-04 -8.5702e-04 -7.6596e-04 -6.7453e-04 -5.8517e-04 -4.9995e-04 -4.2050e-04 -3.4804e-04 -2.8332e-04 -2.2671e-04 -1.7822e-04 -1.3754e-04 -1.0412e-04 -7.7266e-05 -5.6149e-05 -3.9922e-05 -2.7742e-05 -1.8821e-05 -1.2451e-05 -8.0216e-06 -5.0256e-06 -3.0573e-06 -1.8030e-06 -1.0289e-06 -5.6710e-07 -3.0126e-07 -1.5390e-07 -7.5417e-08 -3.5359e-08 -1.5815e-08 -6.7263e-09 -2.7111e-09 -1.0317e-09 -3.6913e-10 -1.2362e-10 -3.8560e-11 -1.1142e-11 -2.9644e-12 -7.2148e-13 -1.5946e-13 -3.1749e-14 -5.6436e-15 -8.8681e-16 -1.2183e-16 -1.4453e-17 -1.4603e-18 -1.2373e-19 -8.6404e-21 -4.8758e-22 -2.1747e-23 -7.4752e-25 -1.9244e-26 -3.5909e-28 -4.6781e-30 -4.0753e-32 -2.2587e-34 -7.5181e-37 -1.4051e-39 -1.3629e-42 -6.2550e-46 -1.2175e-49 -8.8233e-54 -2.0375e-58 -1.2427e-63 -1.5943e-69 -3.2566e-76 -7.5134e-84 -1.2771e-92 -9.3463e-103 -1.4884e-114 -2.1440e-128 -8.8975e-145 -2.3418e-164 -5.1054e-188 -5.6644e-217 -6.4421e-253 -2.7741e-298 -0.0000e+00 -0.0000e+00 -0.0000e+00 -0.0000e+00 -0.0000e+00 -0.0000e+00 -0.0000e+00 -0.0000e+00 -0.0000e+00 -0.0000e+00 -0.0000e+00 -5.8005e-04 -8.0706e-04 -9.6193e-04 -1.0692e-03 0.0000e+00 -1.1736e-03 -1.1801e-03 -1.1611e-03 -1.1204e-03 -1.0618e-03 -9.8932e-04 -9.0677e-04 -8.1789e-04 -7.2614e-04 -6.3460e-04 -5.4591e-04 -4.6220e-04 -3.8504e-04 -3.1553e-04 -2.5426e-04 -2.0138e-04 -1.5669e-04 -1.1971e-04 -8.9741e-05 -6.5966e-05 -4.7512e-05 -3.3501e-05 -2.3104e-05 -1.5570e-05 -1.0241e-05 -6.5676e-06 -4.1008e-06 -2.4898e-06 -1.4676e-06 -8.3856e-07 -4.6361e-07 -2.4754e-07 -1.2738e-07 -6.3031e-08 -2.9918e-08 -1.3586e-08 -5.8852e-09 -2.4242e-09 -9.4630e-10 -3.4873e-10 -1.2083e-10 -3.9183e-11 -1.1834e-11 -3.3106e-12 -8.5271e-13 -2.0089e-13 -4.2976e-14 -8.2807e-15 -1.4243e-15 -2.1653e-16 -2.8772e-17 -3.3009e-18 -3.2245e-19 -2.6409e-20 -1.7819e-21 -9.7133e-23 -4.1832e-24 -1.3879e-25 -3.4473e-27 -6.2032e-29 -7.7890e-31 -6.5362e-33 -3.4874e-35 -1.1167e-37 -2.0062e-40 -1.8692e-43 -8.2326e-47 -1.5362e-50 -1.0663e-54 -2.3554e-59 -1.3725e-64 -1.6799e-70 -3.2687e-77 -7.1716e-85 -1.1570e-93 -8.0208e-104 -1.2071e-115 -1.6389e-129 -6.3925e-146 -1.5761e-165 -3.2068e-189 -3.3063e-218 -3.4771e-254 -1.3766e-299 -0.0000e+00 -0.0000e+00 -0.0000e+00 -0.0000e+00 -0.0000e+00 -0.0000e+00 -0.0000e+00 -0.0000e+00 -0.0000e+00 -0.0000e+00 -0.0000e+00
-5.9610e-04 -8.3319e-04 -1.0006e-03 -1.1239e-03 -1.2124e-03 9.5987e-03 -1.3021e-03 -1.3089e-03 -1.2934e-03 -1.2582e-03 -1.2059e-03 -1.1391e-03 -1.0609e-03 -9.7423e-04 -8.8200e-04 -7.8709e-04 -6.9219e-04 -5.9967e-04 -5.1158e-04 -4.2955e-04 -3.5482e-04 -2.8815e-04 -2.2992e-04 -1.8013e-04 -1.3845e-04 -1.0432e-04 -7.6993e-05 -5.5600e-05 -3.9249e-05 -2.7053e-05 -1.8185e-05 -1.1906e-05 -7.5822e-06 -4.6894e-06 -2.8122e-06 -1.6323e-06 -9.1528e-07 -4.9480e-07 -2.5731e-07 -1.2840e-07 -6.1319e-08 -2.7947e-08 -1.2117e-08 -4.9811e-09 -1.9341e-09 -7.0645e-10 -2.4166e-10 -7.7038e-11 -2.2764e-11 -6.1979e-12 -1.5447e-12 -3.4990e-13 -7.1454e-14 -1.3039e-14 -2.1054e-15 -2.9749e-16 -3.6340e-17 -3.7851e-18 -3.3103e-19 -2.3892e-20 -1.3955e-21 -6.4519e-23 -2.3029e-24 -6.1675e-26 -1.1996e-27 -1.6324e-29 -1.4890e-31 -8.6628e-34 -3.0352e-36 -5.9896e-39 -6.1553e-42 -3.0041e-45 -6.2435e-49 -4.8538e-53 -1.2086e-57 -7.9936e-63 -1.1193e-68 -2.5136e-75 -6.4288e-83 -1.2229e-91 -1.0126e-101 -1.8476e-113 -3.0946e-127 -1.5194e-143 -4.8295e-163 -1.3033e-186 -1.8444e-215 -2.7761e-251 -1.6568e-296 -0.0000e+00 -0.0000e+00 -0.0000e+00 -0.0000e+00 -0.0000e+00 -0.0000e+00 -0.0000e+00 -0.0000e+00 -0.0000e+00 -0.0000e+00 -0.0000e+00 -5.9531e-04 -8.2880e-04 -9.8884e-04 -1.1006e-03 -1.1736e-03 0.0000e+00 -1.2230e-03 -1.2070e-03 -1.1687e-03 -1.1118e-03 -1.0403e-03 -9.5795e-04 -8.6842e-04 -7.7521e-04 -6.8146e-04 -5.8989e-04 -5.0275e-04 -4.2178e-04 -3.4821e-04 -2.8279e-04 -2.2583e-04 -1.7723e-04 -1.3663e-04 -1.0339e-04 -7.6748e-05 -5.5844e-05 -3.9796e-05 -2.7750e-05 -1.8915e-05 -1.2590e-05 -8.1731e-06 -5.1684e-06 -3.1793e-06 -1.8996e-06 -1.1007e-06 -6.1738e-07 -3.3459e-07 -1.7485e-07 -8.7904e-08 -4.2413e-08 -1.9588e-08 -8.6345e-09 -3.6213e-09 -1.4400e-09 -5.4095e-10 -1.9118e-10 -6.3276e-11 -1.9519e-11 -5.5809e-12 -1.4704e-12 -3.5460e-13 -7.7717e-14 -1.5355e-14 -2.7108e-15 -4.2340e-16 -5.7864e-17 -6.8352e-18 -6.8831e-19 -5.8187e-20 -4.0581e-21 -2.2898e-22 -1.0224e-23 -3.5228e-25 -9.1037e-27 -1.7078e-28 -2.2404e-30 -1.9689e-32 -1.1030e-34 -3.7185e-37 -7.0555e-40 -6.9661e-43 -3.2634e-46 -6.5043e-50 -4.8440e-54 -1.1541e-58 -7.2945e-64 -9.7472e-70 -2.0857e-76 -5.0744e-84 -9.1647e-93 -7.1901e-103 -1.2402e-114 -1.9585e-128 -9.0399e-145 -2.6925e-164 -6.7832e-188 -8.9234e-217 -1.2424e-252 -6.8191e-298 -0.0000e+00 -0.0000e+00 -0.0000e+00 -0.0000e+00 -0.0000e+00 -0.0000e+00 -0.0000e+00 -0.0000e+00 -0.0000e+00 -0.0000e+00 -0.0000e+00
-5.9622e-04 -8.3515e-04 -1.0065e-03 -1.1361e-03 -1.2332e-03 -1.3021e-03 1.3078e-02 -1.3653e-03 -1.3632e-03 -1.3409e-03 -1.3003e-03 -1.2436e-03 -1.1732e-03 -1.0916e-03 -1.0018e-03 -9.0644e-04 -8.0842e-04 -7.1040e-04 -6.1481e-04 -5.2377e-04 -4.3900e-04 -3.6178e-04 -2.9296e-04 -2.3295e-04 -1.8174e-04 -1.3901e-04 -1.0415e-04 -7.6368e-05 -5.4741e-05 -3.8319e-05 -2.6164e-05 -1.7403e-05 -1.1261e-05 -7.0783e-06 -4.3150e-06 -2.5467e-06 -1.4524e-06 -7.9885e-07 -4.2278e-07 -2.1479e-07 -1.0447e-07 -4.8514e-08 -2.1442e-08 -8.9887e-09 -3.5611e-09 -1.3279e-09 -4.6397e-10 -1.5117e-10 -4.5683e-11 -1.2729e-11 -3.2493e-12 -7.5439e-13 -1.5803e-13 -2.9610e-14 -4.9135e-15 -7.1426e-16 -8.9858e-17 -9.6505e-18 -8.7134e-19 -6.5012e-20 -3.9312e-21 -1.8847e-22 -6.9873e-24 -1.9472e-25 -3.9488e-27 -5.6149e-29 -5.3640e-31 -3.2769e-33 -1.2090e-35 -2.5199e-38 -2.7445e-41 -1.4249e-44 -3.1634e-48 -2.6391e-52 -7.0879e-57 -5.0859e-62 -7.7759e-68 -1.9207e-74 -5.4485e-82 -1.1605e-90 -1.0877e-100 -2.2753e-112 -4.4339e-126 -2.5772e-142 -9.9004e-162 -3.3098e-185 -5.9798e-214 -1.1924e-249 -9.8737e-295 -0.0000e+00 -0.0000e+00 -0.0000e+00 -0.0000e+00 -0.0000e+00 -0.0000e+00 -0.0000e+00 -0.0000e+00 -0.0000e+00 -0.0000e+00 -0.0000e+00 -5.9515e-04 -8.2917e-04 -9.9047e-04 -1.1043e-03 -1.1801e-03 -1.2230e-03 0.0000e+00 -1.2250e-03 -1.1909e-03 -1.1381e-03 -1.0702e-03 -9.9080e-04 -9.0347e-04 -8.1159e-04 -7.1826e-04 -6.2621e-04 -5.3777e-04 -4.5479e-04 -3.7864e-04 -3.1023e-04 -2.5004e-04 -1.9814e-04 -1.5429e-04 -1.1798e-04 -8.8531e-05 -6.5145e-05 -4.6966e-05 -3.3146e-05 -2.2875e-05 -1.5422e-05 -1.0145e-05 -6.5031e-06 -4.0568e-06 -2.4591e-06 -1.4462e-06 -8.2365e-07 -4.5345e-07 -2.4082e-07 -1.2310e-07 -6.0418e-08 -2.8398e-08 -1.2746e-08 -5.4463e-09 -2.2077e-09 -8.4586e-10 -3.0507e-10 -1.0311e-10 -3.2503e-11 -9.5031e-12 -2.5621e-12 -6.3279e-13 -1.4215e-13 -2.8811e-14 -5.2225e-15 -8.3834e-16 -1.1788e-16 -1.4342e-17 -1.4893e-18 -1.2999e-19 -9.3738e-21 -5.4765e-22 -2.5359e-23 -9.0774e-25 -2.4414e-26 -4.7761e-28 -6.5480e-30 -6.0280e-32 -3.5465e-34 -1.2593e-36 -2.5242e-39 -2.6418e-42 -1.3168e-45 -2.8041e-49 -2.2415e-53 -5.7615e-58 -3.9516e-63 -5.7668e-69 -1.3576e-75 -3.6641e-83 -7.4112e-92 -6.5834e-102 -1.3021e-113 -2.3929e-127 -1.3079e-143 -4.7089e-163 -1.4699e-186 -2.4692e-215 -4.5553e-251 -3.4699e-296 -0.0000e+00 -0.0000e+00 -0.0000e+00 -0.0000e+00 -0.0000e+00 -0.0000e+00 -0.0000e+00 -0.0000e+00 -0.0000e+00 -0.0000e+00 -0.0000e+00
-5.8305e-04 -8.1874e-04 -9.9081e-04 -1.1247e-03 -1.2293e-03 -1.3089e-03 -1.3653e-03 1.7101e-02 -1.4136e-03 -1.4072e-03 -1.3819e-03 -1.3390e-03 -1.2802e-03 -1.2076e-03 -1.1238e-03 -1.0312e-03 -9.3281e-04 -8.3147e-04 -7.2997e-04 -6.3087e-04 -5.3643e-04 -4.4851e-04 -3.6850e-04 -2.9731e-04 -2.3537e-04 -1.8270e-04 -1.3893e-04 -1.0339e-04 -7.5238e-05 -5.3474e-05 -3.7077e-05 -2.5049e-05 -1.6467e-05 -1.0518e-05 -6.5169e-06 -3.9105e-06 -2.2682e-06 -1.2692e-06 -6.8358e-07 -3.5356e-07 -1.7515e-07 -8.2874e-08 -3.7337e-08 -1.5964e-08 -6.4534e-09 -2.4568e-09 -8.7692e-10 -2.9206e-10 -9.0277e-11 -2.5748e-11 -6.7325e-12 -1.6024e-12 -3.4441e-13 -6.6267e-14 -1.1303e-14 -1.6908e-15 -2.1911e-16 -2.4269e-17 -2.2627e-18 -1.7457e-19 -1.0931e-20 -5.4353e-22 -2.0935e-23 -6.0724e-25 -1.2843e-26 -1.9086e-28 -1.9102e-30 -1.2257e-32 -4.7631e-35 -1.0489e-37 -1.2111e-40 -6.6912e-44 -1.5874e-47 -1.4216e-51 -4.1199e-56 -3.2083e-61 -5.3583e-67 -1.4565e-73 -4.5844e-81 -1.0938e-89 -1.1612e-99 -2.7863e-111 -6.3213e-125 -4.3527e-141 -2.0223e-160 -8.3825e-184 -1.9352e-212 -5.1176e-248 -5.8870e-293 -0.0000e+00 -0.0000e+00 -0.0000e+00 -0.0000e+00 -0.0000e+00 -0.0000e+00 -0.0000e+00 -0.0000e+00 -0.0000e+00 -0.0000e+00 -0.0000e+00 -5.8167e-04 -8.1107e-04 -9.7021e-04 -1.0838e-03 -1.1611e-03 -1.2070e-03 -1.2250e-03 0.0000e+00 -1.1898e-03 -1.1430e-03 -1.0808e-03 -1.0068e-03 -9.2417e-04 -8.3609e-04 -7.4555e-04 -6.5523e-04 -5.6746e-04 -4.8418e-04 -4.0688e-04 -3.3663e-04 -2.7407e-04 -2.1948e-04 -1.7277e-04 -1.3361e-04 -1.0144e-04 -7.5549e-05 -5.5148e-05 -3.9420e-05 -2.7566e-05 -1.8837e-05 -1.2565e-05 -8.1701e-06 -5.1719e-06 -3.1826e-06 -1.9007e-06 -1.0998e-06 -6.1538e-07 -3.3231e-07 -1.7279e-07 -8.6310e-08 -4.1306e-08 -1.8886e-08 -8.2245e-09 -3.3997e-09 -1.3290e-09 -4.8934e-10 -1.6896e-10 -5.4438e-11 -1.6281e-11 -4.4930e-12 -1.1368e-12 -2.6180e-13 -5.4448e-14 -1.0136e-14 -1.6728e-15 -2.4205e-16 -3.0340e-17 -3.2498e-18 -2.9295e-19 -2.1846e-20 -1.3219e-21 -6.3494e-23 -2.3616e-24 -6.6121e-26 -1.3492e-27 -1.9337e-29 -1.8652e-31 -1.1528e-33 -4.3121e-36 -9.1341e-39 -1.0136e-41 -5.3774e-45 -1.2238e-48 -1.0503e-52 -2.9136e-57 -2.1692e-62 -3.4585e-68 -8.9609e-75 -2.6841e-82 -6.0829e-91 -6.1209e-101 -1.3889e-112 -2.9720e-126 -1.9247e-142 -8.3827e-162 -3.2450e-185 -6.9668e-214 -1.7048e-249 -1.8043e-294 -0.0000e+00 -0.0000e+00 -0.0000e+00 -0.0000e+00 -0.0000e+00 -0.0000e+00 -0.0000e+00 -0.0000e+00 -0.0000e+00 -0.0000e+00 -0.0000e+00
-5.5871e-04 -7.8679e-04 -9.5656e-04 -1.0927e-03 -1.2037e-03 -1.2934e-03 -1.3632e-03 -1.4136e-03 2.1672e-02 -1.4566e-03 -1.4493e-03 -1.4233e-03 -1.3797e-03 -1.3197e-03 -1.2453e-03 -1.1590e-03 -1.0633e-03 -9.6127e-04 -8.5594e-04 -7.5029e-04 -6.4709e-04 -5.4878e-04 -4.5735e-04 -3.7431e-04 -3.0063e-04 -2.3676e-04 -1.8269e-04 -1.3798e-04 -1.0191e-04 -7.3534e-05 -5.1772e-05 -3.5523e-05 -2.3722e-05 -1.5396e-05 -9.6961e-06 -5.9154e-06 -3.4895e-06 -1.9865e-06 -1.0889e-06 -5.7344e-07 -2.8936e-07 -1.3952e-07 -6.4082e-08 -2.7946e-08 -1.1529e-08 -4.4819e-09 -1.6345e-09 -5.5652e-10 -1.7598e-10 -5.1385e-11 -1.3765e-11 -3.3591e-12 -7.4092e-13 -1.4643e-13 -2.5679e-14 -3.9531e-15 -5.2782e-16 -6.0306e-17 -5.8073e-18 -4.6337e-19 -3.0053e-20 -1.5502e-21 -6.2049e-23 -1.8737e-24 -4.1339e-26 -6.4228e-28 -6.7360e-30 -4.5410e-32 -1.8592e-34 -4.3272e-37 -5.2985e-40 -3.1160e-43 -7.9015e-47 -7.5994e-51 -2.3773e-55 -2.0100e-60 -3.6685e-66 -1.0978e-72 -3.8360e-80 -1.0259e-88 -1.2342e-98 -3.3989e-110 -8.9832e-124 -7.3334e-140 -4.1241e-159 -2.1214e-182 -6.2649e-211 -2.1997e-246 -3.5199e-291 -0.0000e+00 -0.0000e+00 -0.0000e+00 -0.0000e+00 -0.0000e+00 -0.0000e+00 -0.0000e+00 -0.0000e+00 -0.0000e+00 -0.0000e+00 -0.0000e+00 -5.5704e-04 -7.7747e-04 -9.3148e-04 -1.0429e-03 -1.1204e-03 -1.1687e-03 -1.1909e-03 -1.1898e-03 0.0000e+00 -1.1286e-03 -1.0740e-03 -1.0073e-03 -9.3144e-04 -8.4930e-04 -7.6364e-04 -6.7704e-04 -5.9178e-04 -5.0982e-04 -4.3275e-04 -3.6180e-04 -2.9778e-04 -2.4116e-04 -1.9206e-04 -1.5031e-04 -1.1553e-04 -8.7142e-05 -6.4444e-05 -4.6684e-05 -3.3096e-05 -2.2936e-05 -1.5520e-05 -1.0242e-05 -6.5820e-06 -4.1134e-06 -2.4958e-06 -1.4677e-06 -8.3502e-07 -4.5864e-07 -2.4267e-07 -1.2340e-07 -6.0148e-08 -2.8023e-08 -1.2441e-08 -5.2454e-09 -2.0927e-09 -7.8682e-10 -2.7758e-10 -9.1442e-11 -2.7979e-11 -7.9055e-12 -2.0494e-12 -4.8398e-13 -1.0330e-13 -1.9756e-14 -3.3523e-15 -4.9930e-16 -6.4490e-17 -7.1263e-18 -6.6358e-19 -5.1187e-20 -3.2084e-21 -1.5990e-22 -6.1811e-24 -1.8019e-25 -3.8362e-27 -5.7485e-29 -5.8114e-31 -3.7741e-33 -1.4876e-35 -3.3307e-38 -3.9202e-41 -2.2141e-44 -5.3869e-48 -4.9657e-52 -1.4871e-56 -1.2022e-61 -2.0950e-67 -5.9766e-74 -1.9876e-81 -5.0495e-90 -5.7589e-100 -1.5000e-111 -3.7399e-125 -2.8718e-141 -1.5141e-160 -7.2750e-184 -1.9982e-212 -6.4928e-248 -9.5604e-293 -0.0000e+00 -0.0000e+00 -0.0000e+00 -0.0000e+00 -0.0000e+00 -0.0000e+00 -0.0000e+00 -0.0000e+00 -0.0000e+00 -0.0000e+00 -0.0000e+00
-5.2540e-04 -7.4223e-04 -9.0706e-04 -1.0434e-03 -1.1594e-03 -1.2582e-03 -1.3409e-03 -1.4072e-03 -1.4566e-03 2.6796e-02 -1.5007e-03 -1.4942e-03 -1.4686e-03 -1.4245e-03 -1.3632e-03 -1.2865e-03 -1.1969e-03 -1.0973e-03 -9.9083e-04 -8.8074e-04 -7.7030e-04 -6.6249e-04 -5.5995e-04 -4.6482e-04 -3.7868e-04 -3.0255e-04 -2.3686e-04 -1.8154e-04 -1.3609e-04 -9.9685e-05 -7.1262e-05 -4.9660e-05 -3.3690e-05 -2.2219e-05 -1.4223e-05 -8.8228e-06 -5.2938e-06 -3.0663e-06 -1.7109e-06 -9.1741e-07 -4.7158e-07 -2.3173e-07 -1.0853e-07 -4.8283e-08 -2.0331e-08 -8.0715e-09 -3.0079e-09 -1.0472e-09 -3.3883e-10 -1.0130e-10 -2.7807e-11 -6.9588e-12 -1.5754e-12 -3.1985e-13 -5.7679e-14 -9.1404e-15 -1.2577e-15 -1.4825e-16 -1.4748e-17 -1.2174e-18 -8.1795e-20 -4.3780e-21 -1.8214e-22 -5.7275e-24 -1.3185e-25 -2.1422e-27 -2.3549e-29 -1.6684e-31 -7.1989e-34 -1.7713e-36 -2.3008e-39 -1.4408e-42 -3.9067e-46 -4.0364e-50 -1.3636e-54 -1.2522e-59 -2.4987e-65 -8.2356e-72 -3.1964e-79 -9.5865e-88 -1.3078e-97 -4.1365e-109 -1.2746e-122 -1.2345e-138 -8.4110e-158 -5.3747e-181 -2.0326e-209 -9.4879e-245 -2.1152e-289 -0.0000e+00 -0.0000e+00 -0.0000e+00 -0.0000e+00 -0.0000e+00 -0.0000e+00 -0.0000e+00 -0.0000e+00 -0.0000e+00 -0.0000e+00 -0.0000e+00 -5.2346e-04 -7.3138e-04 -8.7782e-04 -9.8523e-04 -1.0618e-03 -1.1118e-03 -1.1381e-03 -1.1430e-03 -1.1286e-03 0.0000e+00 -1.0515e-03 -9.9363e-04 -9.2617e-04 -8.5170e-04 -7.7272e-04 -6.9159e-04 -6.1051e-04 -5.3140e-04 -4.5593e-04 -3.8543e-04 -3.2088e-04 -2.6296e-04 -2.1198e-04 -1.6800e-04 -1.3079e-04 -9.9958e-05 -7.4924e-05 -5.5031e-05 -3.9568e-05 -2.7820e-05 -1.9105e-05 -1.2799e-05 -8.3534e-06 -5.3034e-06 -3.2702e-06 -1.9551e-06 -1.1312e-06 -6.3213e-07 -3.4043e-07 -1.7627e-07 -8.7526e-08 -4.1560e-08 -1.8814e-08 -8.0928e-09 -3.2957e-09 -1.2656e-09 -4.5628e-10 -1.5371e-10 -4.8127e-11 -1.3925e-11 -3.6993e-12 -8.9601e-13 -1.9632e-13 -3.8574e-14 -6.7315e-15 -1.0322e-15 -1.3740e-16 -1.5667e-17 -1.5073e-18 -1.2029e-19 -7.8120e-21 -4.0402e-22 -1.6235e-23 -4.9292e-25 -1.0951e-26 -1.7162e-28 -1.8188e-30 -1.2415e-32 -5.1577e-35 -1.2210e-37 -1.5246e-40 -9.1702e-44 -2.3860e-47 -2.3630e-51 -7.6430e-56 -6.7118e-61 -1.2789e-66 -4.0189e-73 -1.4847e-80 -4.2305e-89 -5.4715e-99 -1.6370e-110 -4.7588e-124 -4.3361e-140 -2.7701e-159 -1.6535e-182 -5.8166e-211 -2.5130e-246 -5.1557e-291 -0.0000e+00 -0.0000e+00 -0.0000e+00 -0.0000e+00 -0.0000e+00 -0.0000e+00 -0.0000e+00 -0.0000e+00 -0.0000e+00 -0.0000e+00 -0.0000e+00
-4.8532e-04 -6.8802e-04 -8.4562e-04 -9.8017e-04 -1.0993e-03 -1.2059e-03 -1.3003e-03 -1.3819e-03 -1.4493e-03 -1.5007e-03 3.2480e-02 -1.5492e-03 -1.5440e-03 -1.5186e-03 -1.4736e-03 -1.4101e-03 -1.3302e-03 -1.2364e-03 -1.1320e-03 -1.0202e-03 -9.0470e-04 -7.8897e-04 -6.7623e-04 -5.6930e-04 -4.7043e-04 -3.8128e-04 -3.0285e-04 -2.3555e-04 -1.7923e-04 -1.3328e-04 -9.6746e-05 -6.8476e-05 -4.7196e-05 -3.1632e-05 -2.0584e-05 -1.2984e-05 -7.9250e-06 -4.6711e-06 -2.6532e-06 -1.4489e-06 -7.5881e-07 -3.8007e-07 -1.8152e-07 -8.2397e-08 -3.5420e-08 -1.4363e-08 -5.4703e-09 -1.9477e-09 -6.4492e-10 -1.9746e-10 -5.5548e-11 -1.4259e-11 -3.3137e-12 -6.9128e-13 -1.2821e-13 -2.0919e-14 -2.9668e-15 -3.6090e-16 -3.7096e-17 -3.1682e-18 -2.2058e-19 -1.2254e-20 -5.3001e-22 -1.7360e-23 -4.1709e-25 -7.0881e-27 -8.1698e-29 -6.0844e-31 -2.7677e-33 -7.2016e-36 -9.9265e-39 -6.6214e-42 -1.9205e-45 -2.1325e-49 -7.7825e-54 -7.7665e-59 -1.6951e-64 -6.1568e-71 -2.6557e-78 -8.9374e-87 -1.3834e-96 -5.0293e-108 -1.8080e-121 -2.0796e-137 -1.7183e-156 -1.3654e-179 -6.6211e-208 -4.1147e-243 -1.2801e-287 -0.0000e+00 -0.0000e+00 -0.0000e+00 -0.0000e+00 -0.0000e+00 -0.0000e+00 -0.0000e+00 -0.0000e+00 -0.0000e+00 -0.0000e+00 -0.0000e+00 -4.8314e-04 -6.7585e-04 -8.1279e-04 -9.1475e-04 -9.8932e-04 -1.0403e-03 -1.0702e-03 -1.0808e-03 -1.0740e-03 -1.0515e-03 0.0000e+00 -9.6712e-04 -9.0928e-04 -8.4384e-04 -7.7298e-04 -6.9881e-04 -6.2338e-04 -5.4854e-04 -4.7597e-04 -4.0707e-04 -3.4298e-04 -2.8455e-04 -2.3230e-04 -1.8650e-04 -1.4713e-04 -1.1398e-04 -8.6624e-05 -6.4530e-05 -4.7073e-05 -3.3588e-05 -2.3416e-05 -1.5930e-05 -1.0561e-05 -6.8132e-06 -4.2704e-06 -2.5961e-06 -1.5280e-06 -8.6889e-07 -4.7637e-07 -2.5121e-07 -1.2709e-07 -6.1517e-08 -2.8401e-08 -1.2466e-08 -5.1827e-09 -2.0330e-09 -7.4919e-10 -2.5813e-10 -8.2719e-11 -2.4513e-11 -6.6747e-12 -1.6584e-12 -3.7305e-13 -7.5323e-14 -1.3521e-14 -2.1347e-15 -2.9293e-16 -3.4472e-17 -3.4271e-18 -2.8302e-19 -1.9048e-20 -1.0225e-21 -4.2724e-23 -1.3512e-24 -3.1334e-26 -5.1369e-28 -5.7085e-30 -4.0964e-32 -1.7943e-34 -4.4923e-37 -5.9532e-40 -3.8145e-43 -1.0618e-46 -1.1302e-50 -3.9495e-55 -3.7693e-60 -7.8567e-66 -2.7210e-72 -1.1172e-79 -3.5725e-88 -5.2433e-98 -1.8032e-109 -6.1165e-123 -6.6188e-139 -5.1282e-158 -3.8072e-181 -1.7173e-209 -9.8792e-245 -2.8286e-289 -0.0000e+00 -0.0000e+00 -0.0000e+00 -0.0000e+00 -0.0000e+00 -0.0000e+00 -0.0000e+00 -0.0000e+00 -0.0000e+00 -0.0000e+00 -0.0000e+00
-4.4062e-04 -6.2708e-04 -7.7552e-04 -9.0639e-04 -1.0268e-03 -1.1391e-03 -1.2436e-03 -1.3390e-03 -1.4233e-03 -1.4942e-03 -1.5492e-03 3.8729e-02 -1.6028e-03 -1.5984e-03 -1.5726e-03 -1.5256e-03 -1.4590e-03 -1.3748e-03 -1.2760e-03 -1.1659e-03 -1.0482e-03 -9.2686e-04 -8.0557e-04 -6.8778e-04 -5.7646e-04 -4.7397e-04 -3.8198e-04 -3.0151e-04 -2.3286e-04 -1.7580e-04 -1.2960e-04 -9.3175e-05 -6.5251e-05 -4.4448e-05 -2.9407e-05 -1.8865e-05 -1.1714e-05 -7.0272e-06 -4.0638e-06 -2.2604e-06 -1.2063e-06 -6.1595e-07 -3.0005e-07 -1.3898e-07 -6.0999e-08 -2.5269e-08 -9.8378e-09 -3.5828e-09 -1.2142e-09 -3.8079e-10 -1.0981e-10 -2.8915e-11 -6.8997e-12 -1.4792e-12 -2.8223e-13 -4.7419e-14 -6.9332e-15 -8.7052e-16 -9.2477e-17 -8.1738e-18 -5.8984e-19 -3.4015e-20 -1.5300e-21 -5.2209e-23 -1.3096e-24 -2.3285e-26 -2.8147e-28 -2.2043e-30 -1.0574e-32 -2.9106e-35 -4.2587e-38 -3.0271e-41 -9.3955e-45 -1.1217e-48 -4.4243e-53 -4.8000e-58 -1.1466e-63 -4.5916e-70 -2.2024e-77 -8.3224e-86 -1.4627e-95 -6.1166e-107 -2.5677e-120 -3.5107e-136 -3.5214e-155 -3.4842e-178 -2.1693e-206 -1.7976e-241 -7.8182e-286 -0.0000e+00 -0.0000e+00 -0.0000e+00 -0.0000e+00 -0.0000e+00 -0.0000e+00 -0.0000e+00 -0.0000e+00 -0.0000e+00 -0.0000e+00 -0.0000e+00 -4.3826e-04 -6.1388e-04 -7.3986e-04 -8.3520e-04 -9.0677e-04 -9.5795e-04 -9.9080e-04 -1.0068e-03 -1.0073e-03 -9.9363e-04 -9.6712e-04 0.0000e+00 -8.8180e-04 -8.2631e-04 -7.6465e-04 -6.9865e-04 -6.3013e-04 -5.6082e-04 -4.9237e-04 -4.2621e-04 -3.6359e-04 -3.0550e-04 -2.5267e-04 -2.0556e-04 -1.6439e-04 -1.2912e-04 -9.9531e-05 -7.5222e-05 -5.5684e-05 -4.0333e-05 -2.8551e-05 -1.9728e-05 -1.3289e-05 -8.7130e-06 -5.5523e-06 -3.4329e-06 -2.0556e-06 -1.1898e-06 -6.6415e-07 -3.5675e-07 -1.8393e-07 -9.0768e-08 -4.2745e-08 -1.9147e-08 -8.1284e-09 -3.2577e-09 -1.2272e-09 -4.3254e-10 -1.4188e-10 -4.3070e-11 -1.2023e-11 -3.0647e-12 -7.0791e-13 -1.4691e-13 -2.7130e-14 -4.4114e-15 -6.2413e-16 -7.5816e-17 -7.7905e-18 -6.6588e-19 -4.6454e-20 -2.5890e-21 -1.1250e-22 -3.7074e-24 -8.9760e-26 -1.5397e-27 -1.7947e-29 -1.3544e-31 -6.2564e-34 -1.6572e-36 -2.3314e-39 -1.5920e-42 -4.7423e-46 -5.4278e-50 -2.0502e-54 -2.1273e-59 -4.8532e-65 -1.8534e-71 -8.4631e-79 -3.0389e-87 -5.0646e-97 -2.0036e-108 -7.9369e-122 -1.0210e-137 -9.6040e-157 -8.8783e-180 -5.1424e-208 -3.9450e-243 -1.5792e-287 -0.0000e+00 -0.0000e+00 -0.0000e+00 -0.0000e+00 -0.0000e+00 -0.0000e+00 -0.0000e+00 -0.0000e+00 -0.0000e+00 -0.0000e+00 -0.0000e+00
-3.9334e-04 -5.6215e-04 -6.9993e-04 -8.2536e-04 -9.4496e-04 -1.0609e-03 -1.1732e-03 -1.2802e-03 -1.3797e-03 -1.4686e-03 -1.5440e-03 -1.6028e-03 4.5552e-02 -1.6605e-03 -1.6561e-03 -1.6287e-03 -1.5789e-03 -1.5082e-03 -1.4190e-03 -1.3143e-03 -1.1980e-03 -1.0741e-03 -9.4663e-04 -8.1967e-04 -6.9686e-04 -5.8127e-04 -4.7535e-04 -3.8080e-04 -2.9855e-04 -2.2886e-04 -1.7135e-04 -1.2515e-04 -8.9065e-05 -6.1671e-05 -4.1488e-05 -2.7072e-05 -1.7105e-05 -1.0444e-05 -6.1502e-06 -3.4849e-06 -1.8953e-06 -9.8677e-07 -4.9034e-07 -2.3181e-07 -1.0390e-07 -4.3975e-08 -1.7503e-08 -6.5212e-09 -2.2625e-09 -7.2687e-10 -2.1490e-10 -5.8063e-11 -1.4228e-11 -3.1355e-12 -6.1555e-13 -1.0652e-13 -1.6060e-14 -2.0817e-15 -2.2861e-16 -2.0916e-17 -1.5648e-18 -9.3700e-20 -4.3839e-21 -1.5590e-22 -4.0836e-24 -7.5989e-26 -9.6369e-28 -7.9384e-30 -4.0171e-32 -1.1702e-34 -1.8182e-37 -1.3777e-40 -4.5779e-44 -5.8786e-48 -2.5073e-52 -2.9589e-57 -7.7392e-63 -3.4193e-69 -1.8250e-76 -7.7490e-85 -1.5476e-94 -7.4504e-106 -3.6557e-119 -5.9473e-135 -7.2504e-154 -8.9439e-177 -7.1604e-205 -7.9259e-240 -4.8287e-284 -0.0000e+00 -0.0000e+00 -0.0000e+00 -0.0000e+00 -0.0000e+00 -0.0000e+00 -0.0000e+00 -0.0000e+00 -0.0000e+00 -0.0000e+00 -0.0000e+00 -3.9086e-04 -5.4827e-04 -6.6236e-04 -7.5018e-04 -8.1789e-04 -8.6842e-04 -9.0347e-04 -9.2417e-04 -9.3144e-04 -9.2617e-04 -9.0928e-04 -8.8180e-04 0.0000e+00 -7.9985e-04 -7.4810e-04 -6.9114e-04 -6.3053e-04 -5.6785e-04 -5.0463e-04 -4.4230e-04 -3.8216e-04 -3.2531e-04 -2.7266e-04 -2.2486e-04 -1.8233e-04 -1.4525e-04 -1.1358e-04 -8.7108e-05 -6.5452e-05 -4.8133e-05 -3.4604e-05 -2.4291e-05 -1.6627e-05 -1.1082e-05 -7.1810e-06 -4.5163e-06 -2.7519e-06 -1.6213e-06 -9.2169e-07 -5.0439e-07 -2.6505e-07 -1.3337e-07 -6.4077e-08 -2.9297e-08 -1.2702e-08 -5.2017e-09 -2.0036e-09 -7.2249e-10 -2.4264e-10 -7.5461e-11 -2.1598e-11 -5.6495e-12 -1.3403e-12 -2.8592e-13 -5.4333e-14 -9.1004e-15 -1.3277e-15 -1.6652e-16 -1.7690e-17 -1.5653e-18 -1.1322e-19 -6.5525e-21 -2.9619e-22 -1.0173e-23 -2.5721e-25 -4.6181e-27 -5.6475e-29 -4.4833e-31 -2.1849e-33 -6.1248e-36 -9.1511e-39 -6.6617e-42 -2.1246e-45 -2.6159e-49 -1.0685e-53 -1.2061e-58 -3.0130e-64 -1.2695e-70 -6.4509e-78 -2.6029e-86 -4.9299e-96 -2.2454e-107 -1.0397e-120 -1.5916e-136 -1.8197e-155 -2.0974e-178 -1.5623e-206 -1.6009e-241 -8.9779e-286 -0.0000e+00 -0.0000e+00 -0.0000e+00 -0.0000e+00 -0.0000e+00 -0.0000e+00 -0.0000e+00 -0.0000e+00 -0.0000e+00 -0.0000e+00 -0.0000e+00
-3.4532e-04 -4.9578e-04 -6.2179e-04 -7.4020e-04 -8.5702e-04 -9.7423e-04 -1.0916e-03 -1.2076e-03 -1.3197e-03 -1.4245e-03 -1.5186e-03 -1.5984e-03 -1.6605e-03 5.2959e-02 -1.7207e-03 -1.7154e-03 -1.6856e-03 -1.6320e-03 -1.5564e-03 -1.4615e-03 -1.3506e-03 -1.2278e-03 -1.0973e-03 -9.6371e-04 -8.3112e-04 -7.0339e-04 -5.8374e-04 -4.7465e-04 -3.7781e-04 -2.9411e-04 -2.2367e-04 -1.6599e-04 -1.2005e-04 -8.4511e-05 -5.7817e-05 -3.8380e-05 -2.4677e-05 -1.5340e-05 -9.1997e-06 -5.3111e-06 -2.9443e-06 -1.5632e-06 -7.9252e-07 -3.8246e-07 -1.7507e-07 -7.5725e-08 -3.0820e-08 -1.1749e-08 -4.1737e-09 -1.3739e-09 -4.1652e-10 -1.1550e-10 -2.9071e-11 -6.5864e-12 -1.3307e-12 -2.3723e-13 -3.6888e-14 -4.9377e-15 -5.6065e-16 -5.3113e-17 -4.1203e-18 -2.5627e-19 -1.2475e-20 -4.6246e-22 -1.2653e-23 -2.4650e-25 -3.2808e-27 -2.8437e-29 -1.5186e-31 -4.6829e-34 -7.7301e-37 -6.2467e-40 -2.2232e-43 -3.0723e-47 -1.4177e-51 -1.8208e-56 -5.2180e-62 -2.5451e-68 -1.5126e-75 -7.2221e-84 -1.6404e-93 -9.0997e-105 -5.2241e-118 -1.0124e-133 -1.5020e-152 -2.3133e-175 -2.3854e-203 -3.5335e-238 -3.0221e-282 -0.0000e+00 -0.0000e+00 -0.0000e+00 -0.0000e+00 -0.0000e+00 -0.0000e+00 -0.0000e+00 -0.0000e+00 -0.0000e+00 -0.0000e+00 -0.0000e+00 -3.4279e-04 -4.8159e-04 -5.8331e-04 -6.6302e-04 -7.2614e-04 -7.7521e-04 -8.1159e-04 -8.3609e-04 -8.4930e-04 -8.5170e-04 -8.4384e-04 -8.2631e-04 -7.9985e-04 0.0000e+00 -7.2382e-04 -6.7644e-04 -6.2448e-04 -5.6930e-04 -5.1227e-04 -4.5478e-04 -3.9810e-04 -3.4343e-04 -2.9178e-04 -2.4398e-04 -2.0064e-04 -1.6214e-04 -1.2865e-04 -1.0014e-04 -7.6390e-05 -5.7048e-05 -4.1660e-05 -2.9714e-05 -2.0672e-05 -1.4008e-05 -9.2315e-06 -5.9067e-06 -3.6629e-06 -2.1972e-06 -1.2722e-06 -7.0938e-07 -3.7999e-07 -1.9501e-07 -9.5596e-08 -4.4619e-08 -1.9759e-08 -8.2701e-09 -3.2576e-09 -1.2020e-09 -4.1336e-10 -1.3174e-10 -3.8666e-11 -1.0381e-11 -2.5297e-12 -5.5487e-13 -1.0852e-13 -1.8727e-14 -2.8182e-15 -3.6501e-16 -4.0095e-17 -3.6737e-18 -2.7556e-19 -1.6566e-20 -7.7918e-22 -2.7898e-23 -7.3689e-25 -1.3852e-26 -1.7778e-28 -1.4851e-30 -7.6384e-33 -2.2670e-35 -3.5986e-38 -2.7940e-41 -9.5445e-45 -1.2647e-48 -5.5892e-53 -6.8666e-58 -1.8796e-63 -8.7437e-70 -4.9476e-77 -2.2450e-85 -4.8361e-95 -2.5383e-106 -1.3752e-119 -2.5079e-135 -3.4896e-154 -5.0221e-177 -4.8182e-205 -6.6079e-240 -5.2025e-284 -0.0000e+00 -0.0000e+00 -0.0000e+00 -0.0000e+00 -0.0000e+00 -0.0000e+00 -0.0000e+00 -0.0000e+00 -0.0000e+00 -0.0000e+00 -0.0000e+00
-2.9816e-04 -4.3018e-04 -5.4373e-04 -6.5382e-04 -7.6596e-04 -8.8200e-04 -1.0018e-03 -1.1238e-03 -1.2453e-03 -1.3632e-03 -1.4736e-03 -1.5726e-03 -1.6561e-03 -1.7207e-03 6.0959e-02 -1.7818e-03 -1.7746e-03 -1.7416e-03 -1.6837e-03 -1.6028e-03 -1.5018e-03 -1.3844e-03 -1.2548e-03 -1.1178e-03 -9.7803e-04 -8.3990e-04 -7.0743e-04 -5.8394e-04 -4.7196e-04 -3.7314e-04 -2.8828e-04 -2.1740e-04 -1.5983e-04 -1.1440e-04 -7.9603e-05 -5.3764e-05 -3.5185e-05 -2.2270e-05 -1.3604e-05 -8.0031e-06 -4.5231e-06 -2.4493e-06 -1.2671e-06 -6.2431e-07 -2.9193e-07 -1.2906e-07 -5.3722e-08 -2.0958e-08 -7.6245e-09 -2.5722e-09 -7.9978e-10 -2.2764e-10 -5.8866e-11 -1.3715e-11 -2.8522e-12 -5.2397e-13 -8.4050e-14 -1.1620e-14 -1.3646e-15 -1.3389e-16 -1.0773e-17 -6.9615e-19 -3.5270e-20 -1.3634e-21 -3.8979e-23 -7.9525e-25 -1.1111e-26 -1.0138e-28 -5.7153e-31 -1.8666e-33 -3.2748e-36 -2.8236e-39 -1.0768e-42 -1.6023e-46 -8.0035e-51 -1.1194e-55 -3.5171e-61 -1.8952e-67 -1.2551e-74 -6.7445e-83 -1.7439e-92 -1.1158e-103 -7.5029e-117 -1.7342e-132 -3.1353e-151 -6.0383e-174 -8.0334e-202 -1.5957e-236 -1.9205e-280 -0.0000e+00 -0.0000e+00 -0.0000e+00 -0.0000e+00 -0.0000e+00 -0.0000e+00 -0.0000e+00 -0.0000e+00 -0.0000e+00 -0.0000e+00 -0.0000e+00 -2.9564e-04 -4.1605e-04 -5.0534e-04 -5.7662e-04 -6.3460e-04 -6.8146e-04 -7.1826e-04 -7.4555e-04 -7.6364e-04 -7.7272e-04 -7.7298e-04 -7.6465e-04 -7.4810e-04 -7.2382e-04 0.0000e+00 -6.5488e-04 -6.1200e-04 -5.6494e-04 -5.1490e-04 -4.6312e-04 -4.1085e-04 -3.5927e-04 -3.0948e-04 -2.6244e-04 -2.1893e-04 -1.7951e-04 -1.4456e-04 -1.1422e-04 -8.8473e-05 -6.7106e-05 -4.9787e-05 -3.6087e-05 -2.5521e-05 -1.7585e-05 -1.1788e-05 -7.6746e-06 -4.8444e-06 -2.9590e-06 -1.7453e-06 -9.9177e-07 -5.4164e-07 -2.8353e-07 -1.4184e-07 -6.7597e-08 -3.0581e-08 -1.3083e-08 -5.2711e-09 -1.9906e-09 -7.0109e-10 -2.2900e-10 -6.8941e-11 -1.9000e-11 -4.7572e-12 -1.0731e-12 -2.1605e-13 -3.8420e-14 -5.9649e-15 -7.9804e-16 -9.0667e-17 -8.6043e-18 -6.6948e-19 -4.1817e-20 -2.0472e-21 -7.6436e-23 -2.1098e-24 -4.1535e-26 -5.5968e-28 -4.9217e-30 -2.6725e-32 -8.4006e-35 -1.4174e-37 -1.1742e-40 -4.2985e-44 -6.1332e-48 -2.9343e-52 -3.9259e-57 -1.1783e-62 -6.0555e-69 -3.8185e-76 -1.9501e-84 -4.7821e-94 -2.8952e-105 -1.8374e-118 -3.9966e-134 -6.7772e-153 -1.2197e-175 -1.5098e-203 -2.7769e-238 -3.0765e-282 -0.0000e+00 -0.0000e+00 -0.0000e+00 -0.0000e+00 -0.0000e+00 -0.0000e+00 -0.0000e+00 -0.0000e+00 -0.0000e+00 -0.0000e+00 -0.0000e+00
-2.5317e-04 -3.6722e-04 -4.6800e-04 -5.6877e-04 -6.7453e-04 -7.8709e-04 -9.0644e-04 -1.0312e-03 -1.1590e-03 -1.2865e-03 -1.4101e-03 -1.5256e-03 -1.6287e-03 -1.7154e-03 -1.7818e-03 6.9564e-02 -1.8422e-03 -1.8327e-03 -1.7961e-03 -1.7335e-03 -1.6469e-03 -1.5396e-03 -1.4155e-03 -1.2791e-03 -1.1356e-03 -9.8966e-04 -8.4612e-04 -7.0909e-04 -5.8201e-04 -4.6741e-04 -3.6691e-04 -2.8121e-04 -2.1018e-04 -1.5299e-04 -1.0829e-04 -7.4429e-05 -4.9584e-05 -3.1959e-05 -1.9890e-05 -1.1925e-05 -6.8721e-06 -3.7962e-06 -2.0044e-06 -1.0084e-06 -4.8178e-07 -2.1774e-07 -9.2714e-08 -3.7023e-08 -1.3796e-08 -4.7708e-09 -1.5217e-09 -4.4468e-10 -1.1816e-10 -2.8317e-11 -6.0630e-12 -1.1480e-12 -1.9002e-13 -2.7143e-14 -3.2973e-15 -3.3516e-16 -2.7981e-17 -1.8790e-18 -9.9112e-20 -3.9964e-21 -1.1943e-22 -2.5526e-24 -3.7457e-26 -3.5987e-28 -2.1427e-30 -7.4148e-33 -1.3832e-35 -1.2731e-38 -5.2057e-42 -8.3448e-46 -4.5149e-50 -6.8813e-55 -2.3720e-60 -1.4131e-66 -1.0437e-73 -6.3175e-82 -1.8612e-91 -1.3750e-102 -1.0843e-115 -2.9932e-131 -6.6042e-150 -1.5931e-172 -2.7399e-200 -7.3140e-235 -1.2418e-278 -0.0000e+00 -0.0000e+00 -0.0000e+00 -0.0000e+00 -0.0000e+00 -0.0000e+00 -0.0000e+00 -0.0000e+00 -0.0000e+00 -0.0000e+00 -0.0000e+00 -2.5073e-04 -3.5350e-04 -4.3066e-04 -4.9345e-04 -5.4591e-04 -5.8989e-04 -6.2621e-04 -6.5523e-04 -6.7704e-04 -6.9159e-04 -6.9881e-04 -6.9865e-04 -6.9114e-04 -6.7644e-04 -6.5488e-04 0.0000e+00 -5.9327e-04 -5.5471e-04 -5.1223e-04 -4.6690e-04 -4.1985e-04 -3.7224e-04 -3.2519e-04 -2.7972e-04 -2.3674e-04 -1.9700e-04 -1.6103e-04 -1.2918e-04 -1.0162e-04 -7.8297e-05 -5.9026e-05 -4.3485e-05 -3.1266e-05 -2.1910e-05 -1.4942e-05 -9.9003e-06 -6.3621e-06 -3.9576e-06 -2.3783e-06 -1.3775e-06 -7.6714e-07 -4.0968e-07 -2.0919e-07 -1.0181e-07 -4.7061e-08 -2.0584e-08 -8.4837e-09 -3.2796e-09 -1.1832e-09 -3.9618e-10 -1.2236e-10 -3.4625e-11 -8.9092e-12 -2.0672e-12 -4.2853e-13 -7.8550e-14 -1.2585e-14 -1.7396e-15 -2.0447e-16 -2.0103e-17 -1.6230e-18 -1.0536e-19 -5.3702e-21 -2.0916e-22 -6.0348e-24 -1.2447e-25 -1.7616e-27 -1.6313e-29 -9.3558e-32 -3.1162e-34 -5.5908e-37 -4.9446e-40 -1.9408e-43 -2.9834e-47 -1.5461e-51 -2.2542e-56 -7.4229e-62 -4.2179e-68 -2.9664e-75 -1.7066e-83 -4.7686e-93 -3.3336e-104 -2.4811e-117 -6.4455e-133 -1.3340e-151 -3.0071e-174 -4.8124e-202 -1.1895e-236 -1.8593e-280 -0.0000e+00 -0.0000e+00 -0.0000e+00 -0.0000e+00 -0.0000e+00 -0.0000e+00 -0.0000e+00 -0.0000e+00 -0.0000e+00 -0.0000e+00 -0.0000e+00
