2.4673e-04 -8.5482e-05 -1.0465e-04 -1.2077e-04 -1.3493e-04 -1.4767e-04 -1.5933e-04 -1.7012e-04 -1.8018e-04 -1.8961e-04 -1.9850e-04 -2.0690e-04 -2.1486e-04 -2.2241e-04 -2.2959e-04 -2.3641e-04 -2.4289e-04 -2.4905e-04 -2.5489e-04 -2.6042e-04 -2.6565e-04 -2.7058e-04 -2.7521e-04 -2.7953e-04 -2.8356e-04 -2.8728e-04 -2.9069e-04 -2.9378e-04 -2.9655e-04 -2.9898e-04 -3.0106e-04 -3.0279e-04 -3.0415e-04 -3.0513e-04 -3.0571e-04 -3.0589e-04 -3.0564e-04 -3.0494e-04 -3.0379e-04 -3.0216e-04 -3.0005e-04 -2.9742e-04 -2.9426e-04 -2.9056e-04 -2.8630e-04 -2.8147e-04 -2.7605e-04 -2.7004e-04 -2.6341e-04 -2.5618e-04 -2.4834e-04 -2.3989e-04 -2.3084e-04 -2.2121e-04 -2.1102e-04 -2.0030e-04 -1.8910e-04 -1.7746e-04 -1.6545e-04 -1.5314e-04 -1.4062e-04 -1.2799e-04 -1.1534e-04 -1.0282e-04 -9.0538e-05 -7.8639e-05 -6.7260e-05 -5.6538e-05 -4.6601e-05 -3.7563e-05 -2.9519e-05 -2.2533e-05 -1.6635e-05 -1.1816e-05 -8.0258e-06 -5.1739e-06 -3.1371e-06 -1.7692e-06 -9.1549e-07 -4.2729e-07 -1.7606e-07 -6.2319e-08 -1.8296e-08 -4.2556e-09 -7.3811e-10 -8.7986e-11 -6.4459e-12 -2.4816e-13 -4.0108e-15 -1.9536e-17 -1.7299e-20 -1.2492e-24 -1.9388e-30 -6.1587e-39 -4.5973e-52 -6.9819e-74 -4.0222e-114 -3.4643e-201 -0.0000e+00 -0.0000e+00 0.0000e+00 -8.5482e-05 -1.0465e-04 -1.2077e-04 -1.3493e-04 -1.4767e-04 -1.5933e-04 -1.7012e-04 -1.8018e-04 -1.8961e-04 -1.9850e-04 -2.0690e-04 -2.1486e-04 -2.2241e-04 -2.2959e-04 -2.3641e-04 -2.4289e-04 -2.4904e-04 -2.5488e-04 -2.6041e-04 -2.6564e-04 -2.7057e-04 -2.7520e-04 -2.7952e-04 -2.8355e-04 -2.8727e-04 -2.9068e-04 -2.9377e-04 -2.9653e-04 -2.9896e-04 -3.0104e-04 -3.0277e-04 -3.0413e-04 -3.0510e-04 -3.0569e-04 -3.0586e-04 -3.0560e-04 -3.0491e-04 -3.0376e-04 -3.0213e-04 -3.0001e-04 -2.9737e-04 -2.9422e-04 -2.9051e-04 -2.8625e-04 -2.8142e-04 -2.7600e-04 -2.6998e-04 -2.6336e-04 -2.5612e-04 -2.4828e-04 -2.3983e-04 -2.3078e-04 -2.2114e-04 -2.1095e-04 -2.0024e-04 -1.8903e-04 -1.7740e-04 -1.6539e-04 -1.5308e-04 -1.4056e-04 -1.2792e-04 -1.1528e-04 -1.0276e-04 -9.0482e-05 -7.8587e-05 -6.7213e-05 -5.6495e-05 -4.6562e-05 -3.7530e-05 -2.9491e-05 -2.2510e-05 -1.6616e-05 -1.1802e-05 -8.0152e-06 -5.1665e-06 -3.1321e-06 -1.7662e-06 -9.1375e-07 -4.2639e-07 -1.7565e-07 -6.2157e-08 -1.8242e-08 -4.2416e-09 -7.3536e-10 -8.7611e-11 -6.4142e-12 -2.4674e-13 -3.9838e-15 -1.9379e-17 -1.7131e-20 -1.2342e-24 -1.9094e-30 -6.0369e-39 -4.4743e-52 -6.7161e-74 -3.7885e-114 -3.1239e-201 -0.0000e+00 -0.0000e+00
-8.5482e-05 9.8740e-04 -1.4796e-04 -1.7076e-04 -1.9077e-04 -2.0879e-04 -2.2528e-04 -2.4053e-04 -2.5475e-04 -2.6809e-04 -2.8066e-04 -2.9254e-04 -3.0380e-04 -3.1448e-04 -3.2463e-04 -3.3428e-04 -3.4344e-04 -3.5215e-04 -3.6041e-04 -3.6824e-04 -3.7564e-04 -3.8261e-04 -3.8916e-04 -3.9529e-04 -4.0099e-04 -4.0626e-04 -4.1109e-04 -4.1547e-04 -4.1938e-04 -4.2283e-04 -4.2579e-04 -4.2824e-04 -4.3018e-04 -4.3157e-04 -4.3241e-04 -4.3267e-04 -4.3233e-04 -4.3136e-04 -4.2975e-04 -4.2746e-04 -4.2448e-04 -4.2078e-04 -4.1633e-04 -4.1111e-04 -4.0511e-04 -3.9829e-04 -3.9064e-04 -3.8215e-04 -3.7280e-04 -3.6259e-04 -3.5151e-04 -3.3958e-04 -3.2679e-04 -3.1319e-04 -2.9879e-04 -2.8364e-04 -2.6780e-04 -2.5135e-04 -2.3437e-04 -2.1696e-04 -1.9924e-04 -1.8136e-04 -1.6348e-04 -1.4575e-04 -1.2836e-04 -1.1152e-04 -9.5401e-05 -8.0211e-05 -6.6130e-05 -5.3321e-05 -4.1915e-05 -3.2006e-05 -2.3638e-05 -1.6798e-05 -1.1415e-05 -7.3627e-06 -4.4669e-06 -2.5210e-06 -1.3055e-06 -6.0986e-07 -2.5155e-07 -8.9146e-08 -2.6209e-08 -6.1062e-09 -1.0612e-09 -1.2680e-10 -9.3164e-12 -3.5996e-13 -5.8439e-15 -2.8628e-17 -2.5542e-20 -1.8630e-24 -2.9319e-30 -9.5000e-39 -7.3062e-52 -1.1636e-73 -7.2750e-114 -7.3271e-201 -0.0000e+00 -0.0000e+00 -8.5482e-05 0.0000e+00 -1.4796e-04 -1.7076e-04 -1.9077e-04 -2.0879e-04 -2.2528e-04 -2.4053e-04 -2.5475e-04 -2.6809e-04 -2.8065e-04 -2.9253e-04 -3.0379e-04 -3.1447e-04 -3.2461e-04 -3.3426e-04 -3.4342e-04 -3.5212e-04 -3.6038e-04 -3.6820e-04 -3.7560e-04 -3.8257e-04 -3.8911e-04 -3.9523e-04 -4.0093e-04 -4.0619e-04 -4.1101e-04 -4.1538e-04 -4.1929e-04 -4.2273e-04 -4.2567e-04 -4.2812e-04 -4.3004e-04 -4.3143e-04 -4.3226e-04 -4.3251e-04 -4.3215e-04 -4.3117e-04 -4.2955e-04 -4.2725e-04 -4.2425e-04 -4.2054e-04 -4.1608e-04 -4.1085e-04 -4.0483e-04 -3.9800e-04 -3.9034e-04 -3.8184e-04 -3.7247e-04 -3.6225e-04 -3.5116e-04 -3.3922e-04 -3.2642e-04 -3.1281e-04 -2.9840e-04 -2.8325e-04 -2.6741e-04 -2.5096e-04 -2.3398e-04 -2.1657e-04 -1.9887e-04 -1.8100e-04 -1.6313e-04 -1.4541e-04 -1.2805e-04 -1.1122e-04 -9.5131e-05 -7.9968e-05 -6.5914e-05 -5.3133e-05 -4.1756e-05 -3.1875e-05 -2.3533e-05 -1.6717e-05 -1.1355e-05 -7.3205e-06 -4.4389e-06 -2.5036e-06 -1.2956e-06 -6.0477e-07 -2.4922e-07 -8.8226e-08 -2.5906e-08 -6.0268e-09 -1.0456e-09 -1.2467e-10 -9.1363e-12 -3.5188e-13 -5.6901e-15 -2.7734e-17 -2.4580e-20 -1.7770e-24 -2.7626e-30 -8.7966e-39 -6.5907e-52 -1.0071e-73 -5.8682e-114 -5.1801e-201 -0.0000e+00 -0.0000e+00
-1.0465e-04 -1.4796e-04 2.2234e-03 -2.0905e-04 -2.3356e-04 -2.5562e-04 -2.7580e-04 -2.9448e-04 -3.1189e-04 -3.2823e-04 -3.4362e-04 -3.5817e-04 -3.7195e-04 -3.8504e-04 -3.9747e-04 -4.0928e-04 -4.2052e-04 -4.3118e-04 -4.4131e-04 -4.5090e-04 -4.5997e-04 -4.6852e-04 -4.7655e-04 -4.8407e-04 -4.9106e-04 -4.9753e-04 -5.0346e-04 -5.0883e-04 -5.1365e-04 -5.1789e-04 -5.2153e-04 -5.2456e-04 -5.2695e-04 -5.2868e-04 -5.2973e-04 -5.3007e-04 -5.2968e-04 -5.2853e-04 -5.2658e-04 -5.2381e-04 -5.2019e-04 -5.1568e-04 -5.1027e-04 -5.0391e-04 -4.9659e-04 -4.8828e-04 -4.7894e-04 -4.6858e-04 -4.5716e-04 -4.4468e-04 -4.3115e-04 -4.1656e-04 -4.0093e-04 -3.8428e-04 -3.6667e-04 -3.4814e-04 -3.2875e-04 -3.0861e-04 -2.8781e-04 -2.6649e-04 -2.4478e-04 -2.2287e-04 -2.0094e-04 -1.7920e-04 -1.5788e-04 -1.3720e-04 -1.1742e-04 -9.8759e-05 -8.1458e-05 -6.5710e-05 -5.1681e-05 -3.9487e-05 -2.9181e-05 -2.0752e-05 -1.4113e-05 -9.1111e-06 -5.5332e-06 -3.1263e-06 -1.6211e-06 -7.5839e-07 -3.1334e-07 -1.1127e-07 -3.2787e-08 -7.6595e-09 -1.3354e-09 -1.6018e-10 -1.1824e-11 -4.5949e-13 -7.5134e-15 -3.7143e-17 -3.3530e-20 -2.4839e-24 -3.9922e-30 -1.3323e-38 -1.0694e-51 -1.8173e-73 -1.2608e-113 -1.5193e-200 -0.0000e+00 -0.0000e+00 -1.0465e-04 -1.4796e-04 0.0000e+00 -2.0905e-04 -2.3355e-04 -2.5561e-04 -2.7580e-04 -2.9447e-04 -3.1188e-04 -3.2821e-04 -3.4360e-04 -3.5814e-04 -3.7192e-04 -3.8500e-04 -3.9742e-04 -4.0923e-04 -4.2045e-04 -4.3111e-04 -4.4122e-04 -4.5080e-04 -4.5985e-04 -4.6839e-04 -4.7641e-04 -4.8391e-04 -4.9088e-04 -4.9733e-04 -5.0324e-04 -5.0859e-04 -5.1339e-04 -5.1760e-04 -5.2122e-04 -5.2422e-04 -5.2658e-04 -5.2829e-04 -5.2931e-04 -5.2962e-04 -5.2920e-04 -5.2801e-04 -5.2603e-04 -5.2322e-04 -5.1957e-04 -5.1503e-04 -5.0958e-04 -5.0318e-04 -4.9583e-04 -4.8747e-04 -4.7811e-04 -4.6770e-04 -4.5625e-04 -4.4375e-04 -4.3018e-04 -4.1556e-04 -3.9991e-04 -3.8325e-04 -3.6561e-04 -3.4707e-04 -3.2768e-04 -3.0754e-04 -2.8674e-04 -2.6543e-04 -2.4375e-04 -2.2187e-04 -1.9997e-04 -1.7828e-04 -1.5701e-04 -1.3639e-04 -1.1667e-04 -9.8087e-05 -8.0861e-05 -6.5192e-05 -5.1242e-05 -3.9124e-05 -2.8891e-05 -2.0528e-05 -1.3947e-05 -8.9945e-06 -5.4558e-06 -3.0784e-06 -1.5937e-06 -7.4430e-07 -3.0689e-07 -1.0872e-07 -3.1948e-08 -7.4393e-09 -1.2920e-09 -1.5426e-10 -1.1324e-11 -4.3701e-13 -7.0846e-15 -3.4643e-17 -3.0835e-20 -2.2421e-24 -3.5135e-30 -1.1317e-38 -8.6296e-52 -1.3569e-73 -8.3186e-114 -8.1408e-201 -0.0000e+00 -0.0000e+00
-1.2077e-04 -1.7076e-04 -2.0905e-04 3.9572e-03 -2.6954e-04 -2.9500e-04 -3.1830e-04 -3.3985e-04 -3.5995e-04 -3.7881e-04 -3.9658e-04 -4.1338e-04 -4.2930e-04 -4.4441e-04 -4.5876e-04 -4.7241e-04 -4.8538e-04 -4.9771e-04 -5.0941e-04 -5.2050e-04 -5.3098e-04 -5.4087e-04 -5.5016e-04 -5.5886e-04 -5.6695e-04 -5.7444e-04 -5.8131e-04 -5.8754e-04 -5.9313e-04 -5.9805e-04 -6.0229e-04 -6.0581e-04 -6.0861e-04 -6.1065e-04 -6.1190e-04 -6.1234e-04 -6.1193e-04 -6.1064e-04 -6.0844e-04 -6.0529e-04 -6.0116e-04 -5.9601e-04 -5.8981e-04 -5.8252e-04 -5.7412e-04 -5.6457e-04 -5.5385e-04 -5.4193e-04 -5.2880e-04 -5.1445e-04 -4.9887e-04 -4.8207e-04 -4.6406e-04 -4.4488e-04 -4.2458e-04 -4.0320e-04 -3.8084e-04 -3.5760e-04 -3.3359e-04 -3.0896e-04 -2.8389e-04 -2.5856e-04 -2.3320e-04 -2.0805e-04 -1.8337e-04 -1.5943e-04 -1.3651e-04 -1.1488e-04 -9.4813e-05 -7.6534e-05 -6.0238e-05 -4.6062e-05 -3.4070e-05 -2.4252e-05 -1.6512e-05 -1.0673e-05 -6.4906e-06 -3.6730e-06 -1.9079e-06 -8.9441e-07 -3.7040e-07 -1.3188e-07 -3.8983e-08 -9.1405e-09 -1.6006e-09 -1.9298e-10 -1.4335e-11 -5.6131e-13 -9.2652e-15 -4.6348e-17 -4.2474e-20 -3.2087e-24 -5.2929e-30 -1.8299e-38 -1.5432e-51 -2.8172e-73 -2.1779e-113 -3.1288e-200 -0.0000e+00 -0.0000e+00 -1.2077e-04 -1.7076e-04 -2.0905e-04 0.0000e+00 -2.6953e-04 -2.9499e-04 -3.1828e-04 -3.3983e-04 -3.5993e-04 -3.7878e-04 -3.9653e-04 -4.1332e-04 -4.2923e-04 -4.4432e-04 -4.5866e-04 -4.7229e-04 -4.8525e-04 -4.9755e-04 -5.0923e-04 -5.2029e-04 -5.3074e-04 -5.4060e-04 -5.4986e-04 -5.5852e-04 -5.6658e-04 -5.7403e-04 -5.8086e-04 -5.8705e-04 -5.9259e-04 -5.9746e-04 -6.0165e-04 -6.0512e-04 -6.0786e-04 -6.0984e-04 -6.1103e-04 -6.1141e-04 -6.1093e-04 -6.0958e-04 -6.0730e-04 -6.0408e-04 -5.9988e-04 -5.9466e-04 -5.8838e-04 -5.8102e-04 -5.7255e-04 -5.6293e-04 -5.5213e-04 -5.4014e-04 -5.2694e-04 -5.1252e-04 -4.9688e-04 -4.8002e-04 -4.6197e-04 -4.4275e-04 -4.2241e-04 -4.0101e-04 -3.7864e-04 -3.5539e-04 -3.3140e-04 -3.0680e-04 -2.8176e-04 -2.5650e-04 -2.3122e-04 -2.0616e-04 -1.8158e-04 -1.5776e-04 -1.3498e-04 -1.1350e-04 -9.3586e-05 -7.5468e-05 -5.9333e-05 -4.5314e-05 -3.3472e-05 -2.3791e-05 -1.6171e-05 -1.0433e-05 -6.3311e-06 -3.5742e-06 -1.8516e-06 -8.6531e-07 -3.5708e-07 -1.2661e-07 -3.7248e-08 -8.6848e-09 -1.5107e-09 -1.8070e-10 -1.3295e-11 -5.1452e-13 -8.3704e-15 -4.1115e-17 -3.6811e-20 -2.6978e-24 -4.2740e-30 -1.3984e-38 -1.0918e-51 -1.7827e-73 -1.1670e-113 -1.2975e-200 -0.0000e+00 -0.0000e+00
-1.3493e-04 -1.9077e-04 -2.3356e-04 -2.6954e-04 6.1921e-03 -3.2959e-04 -3.5562e-04 -3.7971e-04 -4.0217e-04 -4.2325e-04 -4.4311e-04 -4.6189e-04 -4.7968e-04 -4.9657e-04 -5.1263e-04 -5.2789e-04 -5.4241e-04 -5.5620e-04 -5.6929e-04 -5.8170e-04 -5.9344e-04 -6.0451e-04 -6.1493e-04 -6.2467e-04 -6.3375e-04 -6.4215e-04 -6.4987e-04 -6.5687e-04 -6.6316e-04 -6.6870e-04 -6.7349e-04 -6.7748e-04 -6.8066e-04 -6.8299e-04 -6.8445e-04 -6.8499e-04 -6.8460e-04 -6.8322e-04 -6.8083e-04 -6.7738e-04 -6.7283e-04 -6.6715e-04 -6.6029e-04 -6.5222e-04 -6.4291e-04 -6.3231e-04 -6.2040e-04 -6.0715e-04 -5.9255e-04 -5.7657e-04 -5.5923e-04 -5.4051e-04 -5.2044e-04 -4.9905e-04 -4.7640e-04 -4.5254e-04 -4.2758e-04 -4.0161e-04 -3.7477e-04 -3.4723e-04 -3.1918e-04 -2.9083e-04 -2.6243e-04 -2.3424e-04 -2.0657e-04 -1.7970e-04 -1.5397e-04 -1.2966e-04 -1.0709e-04 -8.6520e-05 -6.8161e-05 -5.2172e-05 -3.8634e-05 -2.7535e-05 -1.8773e-05 -1.2153e-05 -7.4038e-06 -4.1980e-06 -2.1855e-06 -1.0271e-06 -4.2660e-07 -1.5240e-07 -4.5223e-08 -1.0652e-08 -1.8752e-09 -2.2753e-10 -1.7029e-11 -6.7294e-13 -1.1233e-14 -5.6976e-17 -5.3132e-20 -4.1041e-24 -6.9681e-30 -2.5028e-38 -2.2228e-51 -4.3618e-73 -3.7488e-113 -6.3811e-200 -0.0000e+00 -0.0000e+00 -1.3493e-04 -1.9077e-04 -2.3355e-04 -2.6953e-04 0.0000e+00 -3.2957e-04 -3.5559e-04 -3.7967e-04 -4.0212e-04 -4.2318e-04 -4.4303e-04 -4.6179e-04 -4.7956e-04 -4.9643e-04 -5.1245e-04 -5.2769e-04 -5.4216e-04 -5.5592e-04 -5.6897e-04 -5.8134e-04 -5.9303e-04 -6.0405e-04 -6.1441e-04 -6.2409e-04 -6.3311e-04 -6.4144e-04 -6.4908e-04 -6.5601e-04 -6.6222e-04 -6.6768e-04 -6.7237e-04 -6.7627e-04 -6.7935e-04 -6.8158e-04 -6.8293e-04 -6.8337e-04 -6.8285e-04 -6.8136e-04 -6.7884e-04 -6.7527e-04 -6.7059e-04 -6.6478e-04 -6.5780e-04 -6.4960e-04 -6.4015e-04 -6.2943e-04 -6.1739e-04 -6.0402e-04 -5.8929e-04 -5.7320e-04 -5.5575e-04 -5.3693e-04 -5.1678e-04 -4.9532e-04 -4.7260e-04 -4.4871e-04 -4.2372e-04 -3.9774e-04 -3.7093e-04 -3.4344e-04 -3.1546e-04 -2.8721e-04 -2.5894e-04 -2.3092e-04 -2.0343e-04 -1.7678e-04 -1.5128e-04 -1.2724e-04 -1.0494e-04 -8.4650e-05 -6.6574e-05 -5.0861e-05 -3.7584e-05 -2.6725e-05 -1.8174e-05 -1.1731e-05 -7.1236e-06 -4.0244e-06 -2.0864e-06 -9.7594e-07 -4.0315e-07 -1.4312e-07 -4.2164e-08 -9.8472e-09 -1.7163e-09 -2.0578e-10 -1.5183e-11 -5.8971e-13 -9.6367e-15 -4.7605e-17 -4.2939e-20 -3.1781e-24 -5.1039e-30 -1.7026e-38 -1.3680e-51 -2.3372e-73 -1.6518e-113 -2.1193e-200 -0.0000e+00 -0.0000e+00
-1.4767e-04 -2.0879e-04 -2.5562e-04 -2.9500e-04 -3.2959e-04 8.9324e-03 -3.8923e-04 -4.1559e-04 -4.4019e-04 -4.6327e-04 -4.8502e-04 -5.0558e-04 -5.2508e-04 -5.4358e-04 -5.6117e-04 -5.7790e-04 -5.9381e-04 -6.0893e-04 -6.2329e-04 -6.3691e-04 -6.4979e-04 -6.6195e-04 -6.7339e-04 -6.8410e-04 -6.9408e-04 -7.0332e-04 -7.1182e-04 -7.1954e-04 -7.2648e-04 -7.3261e-04 -7.3791e-04 -7.4235e-04 -7.4590e-04 -7.4852e-04 -7.5020e-04 -7.5088e-04 -7.5053e-04 -7.4911e-04 -7.4657e-04 -7.4289e-04 -7.3800e-04 -7.3188e-04 -7.2447e-04 -7.1573e-04 -7.0563e-04 -6.9413e-04 -6.8119e-04 -6.6678e-04 -6.5089e-04 -6.3349e-04 -6.1458e-04 -5.9416e-04 -5.7226e-04 -5.4891e-04 -5.2416e-04 -4.9808e-04 -4.7077e-04 -4.4235e-04 -4.1297e-04 -3.8279e-04 -3.5204e-04 -3.2094e-04 -2.8976e-04 -2.5880e-04 -2.2837e-04 -1.9881e-04 -1.7047e-04 -1.4368e-04 -1.1878e-04 -9.6061e-05 -7.5761e-05 -5.8061e-05 -4.3052e-05 -3.0730e-05 -2.0986e-05 -1.3611e-05 -8.3094e-06 -4.7225e-06 -2.4651e-06 -1.1620e-06 -4.8428e-07 -1.7369e-07 -5.1774e-08 -1.2259e-08 -2.1715e-09 -2.6540e-10 -2.0036e-11 -7.9998e-13 -1.3522e-14 -6.9642e-17 -6.6184e-20 -5.2350e-24 -9.1602e-30 -3.4211e-38 -3.1997e-51 -6.7400e-73 -6.4205e-113 -1.2904e-199 -0.0000e+00 -0.0000e+00 -1.4767e-04 -2.0879e-04 -2.5561e-04 -2.9499e-04 -3.2957e-04 0.0000e+00 -3.8919e-04 -4.1554e-04 -4.4011e-04 -4.6317e-04 -4.8489e-04 -5.0543e-04 -5.2488e-04 -5.4335e-04 -5.6090e-04 -5.7758e-04 -5.9343e-04 -6.0849e-04 -6.2279e-04 -6.3633e-04 -6.4914e-04 -6.6121e-04 -6.7256e-04 -6.8318e-04 -6.9306e-04 -7.0220e-04 -7.1058e-04 -7.1818e-04 -7.2499e-04 -7.3099e-04 -7.3614e-04 -7.4043e-04 -7.4383e-04 -7.4629e-04 -7.4780e-04 -7.4830e-04 -7.4777e-04 -7.4617e-04 -7.4344e-04 -7.3956e-04 -7.3447e-04 -7.2815e-04 -7.2053e-04 -7.1159e-04 -7.0128e-04 -6.8957e-04 -6.7643e-04 -6.6183e-04 -6.4574e-04 -6.2816e-04 -6.0908e-04 -5.8851e-04 -5.6647e-04 -5.4301e-04 -5.1816e-04 -4.9202e-04 -4.6467e-04 -4.3625e-04 -4.0690e-04 -3.7680e-04 -3.4616e-04 -3.1522e-04 -2.8425e-04 -2.5354e-04 -2.2341e-04 -1.9419e-04 -1.6622e-04 -1.3985e-04 -1.1538e-04 -9.3099e-05 -7.3247e-05 -5.5983e-05 -4.1389e-05 -2.9446e-05 -2.0036e-05 -1.2942e-05 -7.8645e-06 -4.4467e-06 -2.3076e-06 -1.0806e-06 -4.4693e-07 -1.5890e-07 -4.6891e-08 -1.0973e-08 -1.9171e-09 -2.3053e-10 -1.7069e-11 -6.6578e-13 -1.0938e-14 -5.4405e-17 -4.9508e-20 -3.7076e-24 -6.0501e-30 -2.0643e-38 -1.7145e-51 -3.0830e-73 -2.3708e-113 -3.5444e-200 -0.0000e+00 -0.0000e+00
-1.5933e-04 -2.2528e-04 -2.7580e-04 -3.1830e-04 -3.5562e-04 -3.8923e-04 1.2184e-02 -4.4844e-04 -4.7499e-04 -4.9990e-04 -5.2339e-04 -5.4559e-04 -5.6665e-04 -5.8664e-04 -6.0564e-04 -6.2372e-04 -6.4092e-04 -6.5727e-04 -6.7280e-04 -6.8753e-04 -7.0148e-04 -7.1464e-04 -7.2704e-04 -7.3865e-04 -7.4948e-04 -7.5952e-04 -7.6875e-04 -7.7715e-04 -7.8472e-04 -7.9141e-04 -7.9721e-04 -8.0209e-04 -8.0601e-04 -8.0894e-04 -8.1084e-04 -8.1168e-04 -8.1141e-04 -8.0999e-04 -8.0737e-04 -8.0350e-04 -7.9835e-04 -7.9186e-04 -7.8399e-04 -7.7469e-04 -7.6391e-04 -7.5162e-04 -7.3778e-04 -7.2235e-04 -7.0531e-04 -6.8665e-04 -6.6635e-04 -6.4441e-04 -6.2086e-04 -5.9574e-04 -5.6909e-04 -5.4099e-04 -5.1155e-04 -4.8089e-04 -4.4916e-04 -4.1657e-04 -3.8331e-04 -3.4966e-04 -3.1590e-04 -2.8235e-04 -2.4934e-04 -2.1725e-04 -1.8645e-04 -1.5731e-04 -1.3019e-04 -1.0541e-04 -8.3240e-05 -6.3884e-05 -4.7444e-05 -3.3924e-05 -2.3212e-05 -1.5087e-05 -9.2324e-06 -5.2612e-06 -2.7546e-06 -1.3029e-06 -5.4512e-07 -1.9637e-07 -5.8837e-08 -1.4014e-08 -2.4993e-09 -3.0792e-10 -2.3466e-11 -9.4748e-13 -1.6231e-14 -8.4958e-17 -8.2350e-20 -6.6743e-24 -1.2041e-29 -4.6752e-38 -4.6007e-51 -1.0386e-72 -1.0943e-112 -2.5937e-199 -0.0000e+00 -0.0000e+00 -1.5933e-04 -2.2528e-04 -2.7580e-04 -3.1828e-04 -3.5559e-04 -3.8919e-04 0.0000e+00 -4.4836e-04 -4.7488e-04 -4.9976e-04 -5.2320e-04 -5.4536e-04 -5.6636e-04 -5.8630e-04 -6.0524e-04 -6.2324e-04 -6.4036e-04 -6.5662e-04 -6.7206e-04 -6.8668e-04 -7.0052e-04 -7.1356e-04 -7.2583e-04 -7.3730e-04 -7.4798e-04 -7.5786e-04 -7.6692e-04 -7.7515e-04 -7.8252e-04 -7.8902e-04 -7.9461e-04 -7.9927e-04 -8.0296e-04 -8.0566e-04 -8.0731e-04 -8.0789e-04 -8.0735e-04 -8.0566e-04 -8.0275e-04 -7.9860e-04 -7.9316e-04 -7.8637e-04 -7.7819e-04 -7.6859e-04 -7.5751e-04 -7.4491e-04 -7.3077e-04 -7.1505e-04 -6.9774e-04 -6.7880e-04 -6.5825e-04 -6.3609e-04 -6.1234e-04 -5.8704e-04 -5.6025e-04 -5.3206e-04 -5.0256e-04 -4.7189e-04 -4.4021e-04 -4.0772e-04 -3.7464e-04 -3.4123e-04 -3.0777e-04 -2.7459e-04 -2.4202e-04 -2.1043e-04 -1.8018e-04 -1.5164e-04 -1.2516e-04 -1.0103e-04 -7.9524e-05 -6.0812e-05 -4.4984e-05 -3.2024e-05 -2.1805e-05 -1.4096e-05 -8.5731e-06 -4.8521e-06 -2.5208e-06 -1.1819e-06 -4.8959e-07 -1.7436e-07 -5.1558e-08 -1.2094e-08 -2.1188e-09 -2.5564e-10 -1.9005e-11 -7.4503e-13 -1.2317e-14 -6.1745e-17 -5.6760e-20 -4.3081e-24 -7.1587e-30 -2.5051e-38 -2.1584e-51 -4.1034e-73 -3.4522e-113 -6.0494e-200 -0.0000e+00 -0.0000e+00
-1.7012e-04 -2.4053e-04 -2.9448e-04 -3.3985e-04 -3.7971e-04 -4.1559e-04 -4.4844e-04 1.5952e-02 -5.0720e-04 -5.3382e-04 -5.5891e-04 -5.8264e-04 -6.0515e-04 -6.2652e-04 -6.4685e-04 -6.6618e-04 -6.8458e-04 -7.0208e-04 -7.1871e-04 -7.3449e-04 -7.4944e-04 -7.6356e-04 -7.7685e-04 -7.8932e-04 -8.0096e-04 -8.1175e-04 -8.2169e-04 -8.3076e-04 -8.3892e-04 -8.4617e-04 -8.5246e-04 -8.5778e-04 -8.6208e-04 -8.6533e-04 -8.6748e-04 -8.6851e-04 -8.6835e-04 -8.6696e-04 -8.6431e-04 -8.6033e-04 -8.5497e-04 -8.4820e-04 -8.3994e-04 -8.3016e-04 -8.1881e-04 -8.0584e-04 -7.9121e-04 -7.7488e-04 -7.5683e-04 -7.3703e-04 -7.1548e-04 -6.9217e-04 -6.6714e-04 -6.4040e-04 -6.1202e-04 -5.8207e-04 -5.5066e-04 -5.1793e-04 -4.8403e-04 -4.4917e-04 -4.1359e-04 -3.7754e-04 -3.4135e-04 -3.0534e-04 -2.6988e-04 -2.3537e-04 -2.0221e-04 -1.7080e-04 -1.4152e-04 -1.1474e-04 -9.0743e-05 -6.9753e-05 -5.1895e-05 -3.7179e-05 -2.5494e-05 -1.6611e-05 -1.0192e-05 -5.8253e-06 -3.0602e-06 -1.4530e-06 -6.1051e-07 -2.2100e-07 -6.6585e-08 -1.5961e-08 -2.8676e-09 -3.5633e-10 -2.7428e-11 -1.1206e-12 -1.9465e-14 -1.0360e-16 -1.0246e-19 -8.5102e-24 -1.5826e-29 -6.3849e-38 -6.6044e-51 -1.5958e-72 -1.8581e-112 -5.1944e-199 -0.0000e+00 -0.0000e+00 -1.7012e-04 -2.4053e-04 -2.9447e-04 -3.3983e-04 -3.7967e-04 -4.1554e-04 -4.4836e-04 0.0000e+00 -5.0704e-04 -5.3361e-04 -5.5865e-04 -5.8232e-04 -6.0475e-04 -6.2604e-04 -6.4628e-04 -6.6551e-04 -6.8380e-04 -7.0118e-04 -7.1767e-04 -7.3331e-04 -7.4810e-04 -7.6205e-04 -7.7516e-04 -7.8743e-04 -7.9886e-04 -8.0944e-04 -8.1914e-04 -8.2795e-04 -8.3586e-04 -8.4283e-04 -8.4883e-04 -8.5384e-04 -8.5782e-04 -8.6074e-04 -8.6254e-04 -8.6321e-04 -8.6268e-04 -8.6091e-04 -8.5786e-04 -8.5347e-04 -8.4771e-04 -8.4051e-04 -8.3183e-04 -8.2162e-04 -8.0984e-04 -7.9645e-04 -7.8140e-04 -7.6467e-04 -7.4622e-04 -7.2605e-04 -7.0415e-04 -6.8052e-04 -6.5520e-04 -6.2821e-04 -5.9964e-04 -5.6955e-04 -5.3806e-04 -5.0532e-04 -4.7149e-04 -4.3679e-04 -4.0144e-04 -3.6572e-04 -3.2995e-04 -2.9446e-04 -2.5961e-04 -2.2580e-04 -1.9342e-04 -1.6284e-04 -1.3446e-04 -1.0860e-04 -8.5523e-05 -6.5437e-05 -4.8437e-05 -3.4506e-05 -2.3514e-05 -1.5214e-05 -9.2628e-06 -5.2484e-06 -2.7302e-06 -1.2820e-06 -5.3196e-07 -1.8983e-07 -5.6259e-08 -1.3232e-08 -2.3257e-09 -2.8167e-10 -2.1037e-11 -8.2937e-13 -1.3808e-14 -6.9835e-17 -6.4931e-20 -5.0021e-24 -8.4799e-30 -3.0506e-38 -2.7343e-51 -5.5144e-73 -5.0948e-113 -1.0503e-199 -0.0000e+00 -0.0000e+00
-1.8018e-04 -2.5475e-04 -3.1189e-04 -3.5995e-04 -4.0217e-04 -4.4019e-04 -4.7499e-04 -5.0720e-04 2.0245e-02 -5.6547e-04 -5.9206e-04 -6.1723e-04 -6.4109e-04 -6.6377e-04 -6.8533e-04 -7.0586e-04 -7.2539e-04 -7.4398e-04 -7.6165e-04 -7.7843e-04 -7.9432e-04 -8.0935e-04 -8.2351e-04 -8.3680e-04 -8.4921e-04 -8.6074e-04 -8.7137e-04 -8.8107e-04 -8.8983e-04 -8.9763e-04 -9.0442e-04 -9.1018e-04 -9.1487e-04 -9.1845e-04 -9.2089e-04 -9.2212e-04 -9.2212e-04 -9.2082e-04 -9.1817e-04 -9.1413e-04 -9.0864e-04 -9.0164e-04 -8.9308e-04 -8.8291e-04 -8.7106e-04 -8.5751e-04 -8.4219e-04 -8.2508e-04 -8.0613e-04 -7.8532e-04 -7.6265e-04 -7.3811e-04 -7.1171e-04 -6.8350e-04 -6.5352e-04 -6.2187e-04 -5.8864e-04 -5.5398e-04 -5.1805e-04 -4.8107e-04 -4.4328e-04 -4.0497e-04 -3.6645e-04 -3.2809e-04 -2.9028e-04 -2.5343e-04 -2.1798e-04 -1.8435e-04 -1.5296e-04 -1.2419e-04 -9.8380e-05 -7.5759e-05 -5.6474e-05 -4.0547e-05 -2.7870e-05 -1.8206e-05 -1.1204e-05 -6.4246e-06 -3.3873e-06 -1.6149e-06 -6.8168e-07 -2.4806e-07 -7.5183e-08 -1.8144e-08 -3.2853e-09 -4.1191e-10 -3.2037e-11 -1.3249e-12 -2.3344e-14 -1.2636e-16 -1.2751e-19 -1.0852e-23 -2.0794e-29 -8.7116e-38 -9.4645e-51 -2.4461e-72 -3.1466e-112 -1.0384e-198 -0.0000e+00 -0.0000e+00 -1.8018e-04 -2.5475e-04 -3.1188e-04 -3.5993e-04 -4.0212e-04 -4.4011e-04 -4.7488e-04 -5.0704e-04 0.0000e+00 -5.6519e-04 -5.9171e-04 -6.1679e-04 -6.4056e-04 -6.6312e-04 -6.8457e-04 -7.0495e-04 -7.2434e-04 -7.4276e-04 -7.6025e-04 -7.7683e-04 -7.9252e-04 -8.0732e-04 -8.2123e-04 -8.3426e-04 -8.4639e-04 -8.5762e-04 -8.6793e-04 -8.7730e-04 -8.8571e-04 -8.9313e-04 -8.9953e-04 -9.0488e-04 -9.0915e-04 -9.1228e-04 -9.1424e-04 -9.1500e-04 -9.1449e-04 -9.1267e-04 -9.0950e-04 -9.0491e-04 -8.9886e-04 -8.9130e-04 -8.8217e-04 -8.7142e-04 -8.5900e-04 -8.4488e-04 -8.2900e-04 -8.1133e-04 -7.9185e-04 -7.7054e-04 -7.4739e-04 -7.2242e-04 -6.9564e-04 -6.6709e-04 -6.3686e-04 -6.0501e-04 -5.7167e-04 -5.3700e-04 -5.0116e-04 -4.6438e-04 -4.2691e-04 -3.8903e-04 -3.5108e-04 -3.1342e-04 -2.7643e-04 -2.4052e-04 -2.0611e-04 -1.7361e-04 -1.4342e-04 -1.1589e-04 -9.1325e-05 -6.9923e-05 -5.1795e-05 -3.6929e-05 -2.5188e-05 -1.6313e-05 -9.9434e-06 -5.6414e-06 -2.9389e-06 -1.3823e-06 -5.7468e-07 -2.0553e-07 -6.1069e-08 -1.4407e-08 -2.5412e-09 -3.0909e-10 -2.3205e-11 -9.2059e-13 -1.5446e-14 -7.8886e-17 -7.4266e-20 -5.8148e-24 -1.0073e-29 -3.7322e-38 -3.4878e-51 -7.4809e-73 -7.6103e-113 -1.8506e-199 -0.0000e+00 -0.0000e+00
-1.8961e-04 -2.6809e-04 -3.2823e-04 -3.7881e-04 -4.2325e-04 -4.6327e-04 -4.9990e-04 -5.3382e-04 -5.6547e-04 2.5070e-02 -6.2320e-04 -6.4971e-04 -6.7486e-04 -6.9877e-04 -7.2151e-04 -7.4316e-04 -7.6377e-04 -7.8340e-04 -8.0206e-04 -8.1979e-04 -8.3659e-04 -8.5249e-04 -8.6748e-04 -8.8157e-04 -8.9474e-04 -9.0698e-04 -9.1828e-04 -9.2863e-04 -9.3798e-04 -9.4632e-04 -9.5362e-04 -9.5984e-04 -9.6493e-04 -9.6887e-04 -9.7161e-04 -9.7309e-04 -9.7328e-04 -9.7210e-04 -9.6952e-04 -9.6548e-04 -9.5991e-04 -9.5276e-04 -9.4396e-04 -9.3347e-04 -9.2123e-04 -9.0718e-04 -8.9128e-04 -8.7348e-04 -8.5374e-04 -8.3204e-04 -8.0835e-04 -7.8269e-04 -7.5507e-04 -7.2550e-04 -6.9406e-04 -6.6083e-04 -6.2590e-04 -5.8943e-04 -5.5160e-04 -5.1261e-04 -4.7272e-04 -4.3224e-04 -3.9150e-04 -3.5087e-04 -3.1077e-04 -2.7164e-04 -2.3393e-04 -1.9811e-04 -1.6463e-04 -1.3389e-04 -1.0625e-04 -8.1976e-05 -6.1238e-05 -4.4070e-05 -3.0370e-05 -1.9896e-05 -1.2282e-05 -7.0677e-06 -3.7410e-06 -1.7913e-06 -7.5985e-07 -2.7804e-07 -8.4794e-08 -2.0609e-08 -3.7618e-09 -4.7603e-10 -3.7420e-11 -1.5666e-12 -2.8002e-14 -1.5415e-16 -1.5870e-19 -1.3836e-23 -2.7308e-29 -1.1875e-37 -1.3543e-50 -3.7429e-72 -5.3207e-112 -2.0750e-198 -0.0000e+00 -0.0000e+00 -1.8961e-04 -2.6809e-04 -3.2821e-04 -3.7878e-04 -4.2318e-04 -4.6317e-04 -4.9976e-04 -5.3361e-04 -5.6519e-04 0.0000e+00 -6.2274e-04 -6.4914e-04 -6.7417e-04 -6.9793e-04 -7.2051e-04 -7.4198e-04 -7.6240e-04 -7.8181e-04 -8.0024e-04 -8.1771e-04 -8.3424e-04 -8.4984e-04 -8.6452e-04 -8.7826e-04 -8.9106e-04 -9.0292e-04 -9.1381e-04 -9.2371e-04 -9.3261e-04 -9.4046e-04 -9.4725e-04 -9.5293e-04 -9.5747e-04 -9.6082e-04 -9.6295e-04 -9.6380e-04 -9.6333e-04 -9.6148e-04 -9.5821e-04 -9.5345e-04 -9.4715e-04 -9.3927e-04 -9.2973e-04 -9.1849e-04 -9.0549e-04 -8.9070e-04 -8.7406e-04 -8.5554e-04 -8.3511e-04 -8.1274e-04 -7.8844e-04 -7.6221e-04 -7.3408e-04 -7.0408e-04 -6.7229e-04 -6.3881e-04 -6.0374e-04 -5.6725e-04 -5.2952e-04 -4.9079e-04 -4.5132e-04 -4.1141e-04 -3.7140e-04 -3.3168e-04 -2.9264e-04 -2.5474e-04 -2.1839e-04 -1.8405e-04 -1.5213e-04 -1.2301e-04 -9.6995e-05 -7.4319e-05 -5.5096e-05 -3.9318e-05 -2.6844e-05 -1.7406e-05 -1.0623e-05 -6.0355e-06 -3.1494e-06 -1.4841e-06 -6.1829e-07 -2.2167e-07 -6.6054e-08 -1.5635e-08 -2.7687e-09 -3.3835e-10 -2.5545e-11 -1.0204e-12 -1.7266e-14 -8.9123e-17 -8.5037e-20 -6.7748e-24 -1.2008e-29 -4.5899e-38 -4.4802e-51 -1.0239e-72 -1.1492e-112 -3.3027e-199 -0.0000e+00 -0.0000e+00
-1.9850e-04 -2.8066e-04 -3.4362e-04 -3.9658e-04 -4.4311e-04 -4.8502e-04 -5.2339e-04 -5.5891e-04 -5.9206e-04 -6.2320e-04 3.0439e-02 -6.8036e-04 -7.0673e-04 -7.3180e-04 -7.5566e-04 -7.7839e-04 -8.0004e-04 -8.2065e-04 -8.4027e-04 -8.5891e-04 -8.7660e-04 -8.9335e-04 -9.0915e-04 -9.2401e-04 -9.3792e-04 -9.5087e-04 -9.6284e-04 -9.7381e-04 -9.8376e-04 -9.9265e-04 -1.0005e-03 -1.0072e-03 -1.0127e-03 -1.0170e-03 -1.0201e-03 -1.0218e-03 -1.0223e-03 -1.0213e-03 -1.0188e-03 -1.0148e-03 -1.0092e-03 -1.0020e-03 -9.9302e-04 -9.8230e-04 -9.6973e-04 -9.5528e-04 -9.3888e-04 -9.2049e-04 -9.0006e-04 -8.7757e-04 -8.5299e-04 -8.2632e-04 -7.9757e-04 -7.6678e-04 -7.3399e-04 -6.9928e-04 -6.6277e-04 -6.2461e-04 -5.8496e-04 -5.4407e-04 -5.0218e-04 -4.5961e-04 -4.1671e-04 -3.7388e-04 -3.3154e-04 -2.9016e-04 -2.5023e-04 -2.1223e-04 -1.7664e-04 -1.4391e-04 -1.1442e-04 -8.8469e-05 -6.6240e-05 -4.7789e-05 -3.3023e-05 -2.1700e-05 -1.3441e-05 -7.7631e-06 -4.1260e-06 -1.9847e-06 -8.4623e-07 -3.1142e-07 -9.5590e-08 -2.3403e-08 -4.3071e-09 -5.5019e-10 -4.3717e-11 -1.8531e-12 -3.3602e-14 -1.8811e-16 -1.9754e-19 -1.7639e-23 -3.5845e-29 -1.6172e-37 -1.9358e-50 -5.7212e-72 -8.9923e-112 -4.1492e-198 -0.0000e+00 -0.0000e+00 -1.9850e-04 -2.8065e-04 -3.4360e-04 -3.9653e-04 -4.4303e-04 -4.8489e-04 -5.2320e-04 -5.5865e-04 -5.9171e-04 -6.2274e-04 0.0000e+00 -6.7964e-04 -7.0585e-04 -7.3074e-04 -7.5439e-04 -7.7689e-04 -7.9829e-04 -8.1863e-04 -8.3795e-04 -8.5627e-04 -8.7361e-04 -8.8998e-04 -9.0537e-04 -9.1980e-04 -9.3325e-04 -9.4570e-04 -9.5715e-04 -9.6756e-04 -9.7693e-04 -9.8520e-04 -9.9237e-04 -9.9837e-04 -1.0032e-03 -1.0068e-03 -1.0091e-03 -1.0100e-03 -1.0096e-03 -1.0077e-03 -1.0044e-03 -9.9949e-04 -9.9298e-04 -9.8481e-04 -9.7491e-04 -9.6322e-04 -9.4971e-04 -9.3430e-04 -9.1696e-04 -8.9766e-04 -8.7634e-04 -8.5301e-04 -8.2764e-04 -8.0024e-04 -7.7085e-04 -7.3949e-04 -7.0625e-04 -6.7122e-04 -6.3453e-04 -5.9633e-04 -5.5682e-04 -5.1625e-04 -4.7488e-04 -4.3303e-04 -3.9107e-04 -3.4938e-04 -3.0840e-04 -2.6858e-04 -2.3037e-04 -1.9426e-04 -1.6067e-04 -1.3000e-04 -1.0258e-04 -7.8664e-05 -5.8370e-05 -4.1696e-05 -2.8500e-05 -1.8503e-05 -1.1308e-05 -6.4349e-06 -3.3638e-06 -1.5884e-06 -6.6328e-07 -2.3844e-07 -7.1273e-08 -1.6932e-08 -3.0113e-09 -3.6988e-10 -2.8097e-11 -1.1307e-12 -1.9308e-14 -1.0079e-16 -9.7559e-20 -7.9165e-24 -1.4374e-29 -5.6753e-38 -5.7943e-51 -1.4132e-72 -1.7524e-112 -5.9619e-199 -0.0000e+00 -0.0000e+00
-2.0690e-04 -2.9254e-04 -3.5817e-04 -4.1338e-04 -4.6189e-04 -5.0558e-04 -5.4559e-04 -5.8264e-04 -6.1723e-04 -6.4971e-04 -6.8036e-04 3.6361e-02 -7.3691e-04 -7.6310e-04 -7.8803e-04 -8.1179e-04 -8.3443e-04 -8.5600e-04 -8.7654e-04 -8.9607e-04 -9.1461e-04 -9.3218e-04 -9.4877e-04 -9.6439e-04 -9.7903e-04 -9.9268e-04 -1.0053e-03 -1.0169e-03 -1.0275e-03 -1.0369e-03 -1.0453e-03 -1.0525e-03 -1.0584e-03 -1.0632e-03 -1.0666e-03 -1.0687e-03 -1.0694e-03 -1.0686e-03 -1.0663e-03 -1.0624e-03 -1.0569e-03 -1.0496e-03 -1.0406e-03 -1.0297e-03 -1.0169e-03 -1.0021e-03 -9.8533e-04 -9.6644e-04 -9.4542e-04 -9.2224e-04 -8.9687e-04 -8.6930e-04 -8.3954e-04 -8.0761e-04 -7.7358e-04 -7.3751e-04 -6.9952e-04 -6.5976e-04 -6.1840e-04 -5.7568e-04 -5.3187e-04 -4.8728e-04 -4.4229e-04 -3.9730e-04 -3.5276e-04 -3.0916e-04 -2.6700e-04 -2.2682e-04 -1.8912e-04 -1.5437e-04 -1.2298e-04 -9.5299e-05 -7.1528e-05 -5.1741e-05 -3.5859e-05 -2.3638e-05 -1.4693e-05 -8.5193e-06 -4.5473e-06 -2.1978e-06 -9.4207e-07 -3.4874e-07 -1.0776e-07 -2.6578e-08 -4.9327e-09 -6.3610e-10 -5.1093e-11 -2.1927e-12 -4.0333e-14 -2.2958e-16 -2.4589e-19 -2.2480e-23 -4.7027e-29 -2.2009e-37 -2.7651e-50 -8.7415e-72 -1.5202e-111 -8.3103e-198 -0.0000e+00 -0.0000e+00 -2.0690e-04 -2.9253e-04 -3.5814e-04 -4.1332e-04 -4.6179e-04 -5.0543e-04 -5.4536e-04 -5.8232e-04 -6.1679e-04 -6.4914e-04 -6.7964e-04 0.0000e+00 -7.3581e-04 -7.6177e-04 -7.8645e-04 -8.0992e-04 -8.3225e-04 -8.5348e-04 -8.7365e-04 -8.9278e-04 -9.1089e-04 -9.2798e-04 -9.4407e-04 -9.5915e-04 -9.7322e-04 -9.8625e-04 -9.9823e-04 -1.0091e-03 -1.0190e-03 -1.0277e-03 -1.0352e-03 -1.0415e-03 -1.0466e-03 -1.0504e-03 -1.0529e-03 -1.0540e-03 -1.0536e-03 -1.0518e-03 -1.0484e-03 -1.0433e-03 -1.0367e-03 -1.0282e-03 -1.0180e-03 -1.0059e-03 -9.9193e-04 -9.7597e-04 -9.5800e-04 -9.3796e-04 -9.1584e-04 -8.9160e-04 -8.6524e-04 -8.3676e-04 -8.0618e-04 -7.7356e-04 -7.3896e-04 -7.0248e-04 -6.6425e-04 -6.2444e-04 -5.8325e-04 -5.4092e-04 -4.9775e-04 -4.5406e-04 -4.1022e-04 -3.6666e-04 -3.2380e-04 -2.8214e-04 -2.4214e-04 -2.0431e-04 -1.6909e-04 -1.3691e-04 -1.0813e-04 -8.2992e-05 -6.1642e-05 -4.4081e-05 -3.0167e-05 -1.9612e-05 -1.2004e-05 -6.8428e-06 -3.5840e-06 -1.6961e-06 -7.1007e-07 -2.5600e-07 -7.6783e-08 -1.8314e-08 -3.2721e-09 -4.0412e-10 -3.0900e-11 -1.2534e-12 -2.1612e-14 -1.1418e-16 -1.1220e-19 -9.2814e-24 -1.7281e-29 -7.0552e-38 -7.5430e-51 -1.9655e-72 -2.6962e-112 -1.0875e-198 -0.0000e+00 -0.0000e+00
-2.1486e-04 -3.0380e-04 -3.7195e-04 -4.2930e-04 -4.7968e-04 -5.2508e-04 -5.6665e-04 -6.0515e-04 -6.4109e-04 -6.7486e-04 -7.0673e-04 -7.3691e-04 4.2848e-02 -7.9282e-04 -8.1879e-04 -8.4354e-04 -8.6713e-04 -8.8963e-04 -9.1106e-04 -9.3145e-04 -9.5083e-04 -9.6921e-04 -9.8658e-04 -1.0030e-03 -1.0183e-03 -1.0327e-03 -1.0460e-03 -1.0582e-03 -1.0694e-03 -1.0794e-03 -1.0883e-03 -1.0960e-03 -1.1025e-03 -1.1076e-03 -1.1115e-03 -1.1139e-03 -1.1149e-03 -1.1144e-03 -1.1123e-03 -1.1086e-03 -1.1032e-03 -1.0960e-03 -1.0869e-03 -1.0760e-03 -1.0630e-03 -1.0480e-03 -1.0309e-03 -1.0116e-03 -9.9009e-04 -9.6631e-04 -9.4025e-04 -9.1188e-04 -8.8121e-04 -8.4826e-04 -8.1308e-04 -7.7575e-04 -7.3638e-04 -6.9511e-04 -6.5212e-04 -6.0766e-04 -5.6199e-04 -5.1545e-04 -4.6841e-04 -4.2129e-04 -3.7457e-04 -3.2876e-04 -2.8438e-04 -2.4200e-04 -2.0214e-04 -1.6532e-04 -1.3200e-04 -1.0253e-04 -7.7149e-05 -5.5963e-05 -3.8903e-05 -2.5731e-05 -1.6052e-05 -9.3448e-06 -5.0101e-06 -2.4334e-06 -1.0487e-06 -3.9057e-07 -1.2149e-07 -3.0193e-08 -5.6511e-09 -7.3572e-10 -5.9737e-11 -2.5955e-12 -4.8426e-14 -2.8025e-16 -3.0607e-19 -2.8646e-23 -6.1680e-29 -2.9944e-37 -3.9489e-50 -1.3359e-71 -2.5725e-111 -1.6683e-197 -0.0000e+00 -0.0000e+00 -2.1486e-04 -3.0379e-04 -3.7192e-04 -4.2923e-04 -4.7956e-04 -5.2488e-04 -5.6636e-04 -6.0475e-04 -6.4056e-04 -6.7417e-04 -7.0585e-04 -7.3581e-04 0.0000e+00 -7.9120e-04 -8.1685e-04 -8.4125e-04 -8.6447e-04 -8.8655e-04 -9.0753e-04 -9.2743e-04 -9.4627e-04 -9.6407e-04 -9.8083e-04 -9.9654e-04 -1.0112e-03 -1.0248e-03 -1.0373e-03 -1.0487e-03 -1.0590e-03 -1.0680e-03 -1.0759e-03 -1.0826e-03 -1.0880e-03 -1.0920e-03 -1.0947e-03 -1.0959e-03 -1.0956e-03 -1.0938e-03 -1.0904e-03 -1.0852e-03 -1.0784e-03 -1.0698e-03 -1.0593e-03 -1.0468e-03 -1.0324e-03 -1.0159e-03 -9.9738e-04 -9.7669e-04 -9.5381e-04 -9.2874e-04 -9.0146e-04 -8.7196e-04 -8.4029e-04 -8.0648e-04 -7.7060e-04 -7.3275e-04 -6.9308e-04 -6.5174e-04 -6.0895e-04 -5.6496e-04 -5.2006e-04 -4.7461e-04 -4.2898e-04 -3.8361e-04 -3.3895e-04 -2.9550e-04 -2.5377e-04 -2.1426e-04 -1.7746e-04 -1.4380e-04 -1.1367e-04 -8.7330e-05 -6.4933e-05 -4.6491e-05 -3.1858e-05 -2.0742e-05 -1.2717e-05 -7.2625e-06 -3.8119e-06 -1.8083e-06 -7.5910e-07 -2.7454e-07 -8.2643e-08 -1.9794e-08 -3.5542e-09 -4.4155e-10 -3.3998e-11 -1.3908e-12 -2.4226e-14 -1.2962e-16 -1.2939e-19 -1.0920e-23 -2.0866e-29 -8.8170e-38 -9.8807e-51 -2.7534e-72 -4.1832e-112 -2.0031e-198 -0.0000e+00 -0.0000e+00
-2.2241e-04 -3.1448e-04 -3.8504e-04 -4.4441e-04 -4.9657e-04 -5.4358e-04 -5.8664e-04 -6.2652e-04 -6.6377e-04 -6.9877e-04 -7.3180e-04 -7.6310e-04 -7.9282e-04 4.9914e-02 -8.4807e-04 -8.7377e-04 -8.9830e-04 -9.2169e-04 -9.4399e-04 -9.6523e-04 -9.8543e-04 -1.0046e-03 -1.0227e-03 -1.0399e-03 -1.0559e-03 -1.0710e-03 -1.0850e-03 -1.0979e-03 -1.1096e-03 -1.1203e-03 -1.1297e-03 -1.1380e-03 -1.1449e-03 -1.1506e-03 -1.1549e-03 -1.1577e-03 -1.1591e-03 -1.1589e-03 -1.1571e-03 -1.1536e-03 -1.1484e-03 -1.1413e-03 -1.1323e-03 -1.1213e-03 -1.1083e-03 -1.0931e-03 -1.0758e-03 -1.0562e-03 -1.0343e-03 -1.0100e-03 -9.8335e-04 -9.5429e-04 -9.2281e-04 -8.8893e-04 -8.5271e-04 -8.1421e-04 -7.7354e-04 -7.3085e-04 -6.8632e-04 -6.4018e-04 -5.9272e-04 -5.4427e-04 -4.9522e-04 -4.4601e-04 -3.9712e-04 -3.4909e-04 -3.0247e-04 -2.5786e-04 -2.1581e-04 -1.7687e-04 -1.4154e-04 -1.1021e-04 -8.3150e-05 -6.0492e-05 -4.2184e-05 -2.7997e-05 -1.7532e-05 -1.0249e-05 -5.5198e-06 -2.6944e-06 -1.1676e-06 -4.3753e-07 -1.3703e-07 -3.4313e-08 -6.4768e-09 -8.5131e-10 -6.9872e-11 -3.0734e-12 -5.8158e-14 -3.4215e-16 -3.8100e-19 -3.6501e-23 -8.0890e-29 -4.0739e-37 -5.6409e-50 -2.0431e-71 -4.3602e-111 -3.3593e-197 -0.0000e+00 -0.0000e+00 -2.2241e-04 -3.1447e-04 -3.8500e-04 -4.4432e-04 -4.9643e-04 -5.4335e-04 -5.8630e-04 -6.2604e-04 -6.6312e-04 -6.9793e-04 -7.3074e-04 -7.6177e-04 -7.9120e-04 0.0000e+00 -8.4573e-04 -8.7102e-04 -8.9509e-04 -9.1798e-04 -9.3973e-04 -9.6037e-04 -9.7993e-04 -9.9840e-04 -1.0158e-03 -1.0321e-03 -1.0473e-03 -1.0615e-03 -1.0745e-03 -1.0864e-03 -1.0971e-03 -1.1066e-03 -1.1148e-03 -1.1218e-03 -1.1274e-03 -1.1317e-03 -1.1346e-03 -1.1359e-03 -1.1358e-03 -1.1340e-03 -1.1306e-03 -1.1254e-03 -1.1184e-03 -1.1096e-03 -1.0989e-03 -1.0861e-03 -1.0713e-03 -1.0544e-03 -1.0353e-03 -1.0140e-03 -9.9044e-04 -9.6460e-04 -9.3646e-04 -9.0603e-04 -8.7333e-04 -8.3840e-04 -8.0132e-04 -7.6219e-04 -7.2114e-04 -6.7836e-04 -6.3405e-04 -5.8847e-04 -5.4193e-04 -4.9479e-04 -4.4744e-04 -4.0032e-04 -3.5391e-04 -3.0874e-04 -2.6531e-04 -2.2417e-04 -1.8581e-04 -1.5070e-04 -1.1924e-04 -9.1703e-05 -6.8264e-05 -4.8938e-05 -3.3583e-05 -2.1899e-05 -1.3451e-05 -7.6970e-06 -4.0491e-06 -1.9257e-06 -8.1077e-07 -2.9422e-07 -8.8909e-08 -2.1391e-08 -3.8613e-09 -4.8267e-10 -3.7440e-11 -1.5451e-12 -2.7206e-14 -1.4749e-16 -1.4966e-19 -1.2895e-23 -2.5305e-29 -1.1076e-37 -1.3020e-50 -3.8837e-72 -6.5413e-112 -3.7238e-198 -0.0000e+00 -0.0000e+00
-2.2959e-04 -3.2463e-04 -3.9747e-04 -4.5876e-04 -5.1263e-04 -5.6117e-04 -6.0564e-04 -6.4685e-04 -6.8533e-04 -7.2151e-04 -7.5566e-04 -7.8803e-04 -8.1879e-04 -8.4807e-04 5.7573e-02 -9.0261e-04 -9.2804e-04 -9.5231e-04 -9.7546e-04 -9.9752e-04 -1.0185e-03 -1.0385e-03 -1.0574e-03 -1.0752e-03 -1.0921e-03 -1.1078e-03 -1.1225e-03 -1.1360e-03 -1.1484e-03 -1.1597e-03 -1.1697e-03 -1.1785e-03 -1.1860e-03 -1.1922e-03 -1.1970e-03 -1.2003e-03 -1.2020e-03 -1.2022e-03 -1.2008e-03 -1.1976e-03 -1.1926e-03 -1.1857e-03 -1.1768e-03 -1.1659e-03 -1.1529e-03 -1.1377e-03 -1.1202e-03 -1.1004e-03 -1.0782e-03 -1.0535e-03 -1.0264e-03 -9.9670e-04 -9.6451e-04 -9.2981e-04 -8.9264e-04 -8.5306e-04 -8.1119e-04 -7.6716e-04 -7.2115e-04 -6.7341e-04 -6.2421e-04 -5.7390e-04 -5.2288e-04 -4.7159e-04 -4.2053e-04 -3.7028e-04 -3.2140e-04 -2.7450e-04 -2.3021e-04 -1.8909e-04 -1.5167e-04 -1.1840e-04 -8.9578e-05 -6.5364e-05 -4.5731e-05 -3.0459e-05 -1.9148e-05 -1.1241e-05 -6.0823e-06 -2.9841e-06 -1.3004e-06 -4.9031e-07 -1.5462e-07 -3.9012e-08 -7.4266e-09 -9.8548e-10 -8.1758e-11 -3.6405e-12 -6.9864e-14 -4.1780e-16 -4.7432e-19 -4.6514e-23 -1.0610e-28 -5.5442e-37 -8.0629e-50 -3.1284e-71 -7.4060e-111 -6.7885e-197 -0.0000e+00 -0.0000e+00 -2.2959e-04 -3.2461e-04 -3.9742e-04 -4.5866e-04 -5.1245e-04 -5.6090e-04 -6.0524e-04 -6.4628e-04 -6.8457e-04 -7.2051e-04 -7.5439e-04 -7.8645e-04 -8.1685e-04 -8.4573e-04 0.0000e+00 -8.9934e-04 -9.2422e-04 -9.4789e-04 -9.7038e-04 -9.9174e-04 -1.0120e-03 -1.0311e-03 -1.0491e-03 -1.0660e-03 -1.0818e-03 -1.0965e-03 -1.1100e-03 -1.1223e-03 -1.1335e-03 -1.1433e-03 -1.1520e-03 -1.1593e-03 -1.1652e-03 -1.1697e-03 -1.1728e-03 -1.1743e-03 -1.1743e-03 -1.1726e-03 -1.1691e-03 -1.1639e-03 -1.1569e-03 -1.1479e-03 -1.1370e-03 -1.1239e-03 -1.1088e-03 -1.0915e-03 -1.0719e-03 -1.0501e-03 -1.0259e-03 -9.9932e-04 -9.7039e-04 -9.3908e-04 -9.0542e-04 -8.6945e-04 -8.3125e-04 -7.9090e-04 -7.4856e-04 -7.0441e-04 -6.5865e-04 -6.1156e-04 -5.6345e-04 -5.1468e-04 -4.6566e-04 -4.1686e-04 -3.6876e-04 -3.2190e-04 -2.7682e-04 -2.3408e-04 -1.9419e-04 -1.5765e-04 -1.2486e-04 -9.6135e-05 -7.1652e-05 -5.1438e-05 -3.5352e-05 -2.3092e-05 -1.4210e-05 -8.1492e-06 -4.2973e-06 -2.0494e-06 -8.6553e-07 -3.1521e-07 -9.5644e-08 -2.3122e-08 -4.1968e-09 -5.2805e-10 -4.1278e-11 -1.7194e-12 -3.0614e-14 -1.6825e-16 -1.7364e-19 -1.5283e-23 -3.0822e-29 -1.3982e-37 -1.7256e-50 -5.5139e-72 -1.0306e-111 -6.9847e-198 -0.0000e+00 -0.0000e+00
-2.3641e-04 -3.3428e-04 -4.0928e-04 -4.7241e-04 -5.2789e-04 -5.7790e-04 -6.2372e-04 -6.6618e-04 -7.0586e-04 -7.4316e-04 -7.7839e-04 -8.1179e-04 -8.4354e-04 -8.7377e-04 -9.0261e-04 6.5841e-02 -9.5645e-04 -9.8157e-04 -1.0056e-03 -1.0284e-03 -1.0502e-03 -1.0710e-03 -1.0906e-03 -1.1092e-03 -1.1268e-03 -1.1432e-03 -1.1586e-03 -1.1728e-03 -1.1859e-03 -1.1978e-03 -1.2084e-03 -1.2178e-03 -1.2259e-03 -1.2326e-03 -1.2379e-03 -1.2417e-03 -1.2439e-03 -1.2446e-03 -1.2435e-03 -1.2406e-03 -1.2360e-03 -1.2293e-03 -1.2207e-03 -1.2099e-03 -1.1970e-03 -1.1818e-03 -1.1643e-03 -1.1444e-03 -1.1220e-03 -1.0970e-03 -1.0695e-03 -1.0393e-03 -1.0065e-03 -9.7106e-04 -9.3303e-04 -8.9247e-04 -8.4948e-04 -8.0419e-04 -7.5678e-04 -7.0750e-04 -6.5662e-04 -6.0449e-04 -5.5151e-04 -4.9816e-04 -4.4494e-04 -3.9243e-04 -3.4125e-04 -2.9204e-04 -2.4543e-04 -2.0205e-04 -1.6247e-04 -1.2716e-04 -9.6483e-05 -7.0621e-05 -4.9574e-05 -3.3139e-05 -2.0915e-05 -1.2331e-05 -6.7038e-06 -3.3061e-06 -1.4489e-06 -5.4970e-07 -1.7454e-07 -4.4375e-08 -8.5195e-09 -1.1413e-09 -9.5705e-11 -4.3137e-12 -8.3952e-14 -5.1030e-16 -5.9064e-19 -5.9290e-23 -1.3922e-28 -7.5501e-37 -1.1537e-49 -4.7983e-71 -1.2612e-110 -1.3775e-196 -0.0000e+00 -0.0000e+00 -2.3641e-04 -3.3426e-04 -4.0923e-04 -4.7229e-04 -5.2769e-04 -5.7758e-04 -6.2324e-04 -6.6551e-04 -7.0495e-04 -7.4198e-04 -7.7689e-04 -8.0992e-04 -8.4125e-04 -8.7102e-04 -8.9934e-04 0.0000e+00 -9.5195e-04 -9.7636e-04 -9.9958e-04 -1.0216e-03 -1.0425e-03 -1.0623e-03 -1.0809e-03 -1.0984e-03 -1.1147e-03 -1.1299e-03 -1.1439e-03 -1.1567e-03 -1.1682e-03 -1.1785e-03 -1.1875e-03 -1.1951e-03 -1.2014e-03 -1.2061e-03 -1.2094e-03 -1.2111e-03 -1.2112e-03 -1.2096e-03 -1.2062e-03 -1.2010e-03 -1.1939e-03 -1.1848e-03 -1.1737e-03 -1.1604e-03 -1.1450e-03 -1.1273e-03 -1.1073e-03 -1.0850e-03 -1.0602e-03 -1.0330e-03 -1.0034e-03 -9.7124e-04 -9.3669e-04 -8.9975e-04 -8.6048e-04 -8.1900e-04 -7.7544e-04 -7.2998e-04 -6.8284e-04 -6.3431e-04 -5.8469e-04 -5.3436e-04 -4.8374e-04 -4.3330e-04 -3.8356e-04 -3.3505e-04 -2.8836e-04 -2.4403e-04 -2.0263e-04 -1.6467e-04 -1.3056e-04 -1.0065e-04 -7.5114e-05 -5.4002e-05 -3.7175e-05 -2.4327e-05 -1.5001e-05 -8.6220e-06 -4.5583e-06 -2.1802e-06 -9.2380e-07 -3.3770e-07 -1.0291e-07 -2.5004e-08 -4.5650e-09 -5.7832e-10 -4.5574e-11 -1.9167e-12 -3.4526e-14 -1.9245e-16 -2.0210e-19 -1.8181e-23 -3.7701e-29 -1.7738e-37 -2.2995e-50 -7.8776e-72 -1.6355e-111 -1.3216e-197 -0.0000e+00 -0.0000e+00
