1.6572e-19 -4.6947e-19 -2.9179e-18 -1.0685e-17 -2.9293e-17 -6.6895e-17 -1.3471e-16 -2.4747e-16 -4.2395e-16 -6.8747e-16 -1.0666e-15 -1.5956e-15 -2.3158e-15 -3.2758e-15 -4.5330e-15 -6.1545e-15 -8.2188e-15 -1.0817e-14 -1.4055e-14 -1.8056e-14 -2.2960e-14 -2.8932e-14 -3.6161e-14 -4.4863e-14 -5.5291e-14 -6.7732e-14 -8.2520e-14 -1.0004e-13 -1.2073e-13 -1.4510e-13 -1.7374e-13 -2.0733e-13 -2.4664e-13 -2.9256e-13 -3.4614e-13 -4.0855e-13 -4.8114e-13 -5.6544e-13 -6.6320e-13 -7.7637e-13 -9.0707e-13 -1.0576e-12 -1.2304e-12 -1.4277e-12 -1.6515e-12 -1.9029e-12 -2.1817e-12 -2.4849e-12 -2.8053e-12 -3.1294e-12 -3.4346e-12 -3.6866e-12 -3.8376e-12 -3.8297e-12 -3.6048e-12 -3.1289e-12 -2.4262e-12 -1.6071e-12 -8.5369e-13 -3.3239e-13 -8.3425e-14 -1.1221e-14 -6.1931e-16 -9.5048e-18 -2.2925e-20 -3.7379e-24 -1.1711e-29 -1.0625e-37 -1.5753e-49 -4.6297e-67 -2.8622e-93 -7.9245e-133 -3.6173e-193 -2.7532e-286 -0.0000e+00 -0.0000e+00 -0.0000e+00 -0.0000e+00 -0.0000e+00 -0.0000e+00 -0.0000e+00 -0.0000e+00 -0.0000e+00 -0.0000e+00 -0.0000e+00 -0.0000e+00 -0.0000e+00 -0.0000e+00 -0.0000e+00 -0.0000e+00 -0.0000e+00 -0.0000e+00 -0.0000e+00 -0.0000e+00 -0.0000e+00 -0.0000e+00 -0.0000e+00 -0.0000e+00 -0.0000e+00 -0.0000e+00 0.0000e+00 -4.6947e-19 -2.9179e-18 -1.0685e-17 -2.9293e-17 -6.6895e-17 -1.3471e-16 -2.4747e-16 -4.2395e-16 -6.8747e-16 -1.0666e-15 -1.5956e-15 -2.3158e-15 -3.2758e-15 -4.5330e-15 -6.1545e-15 -8.2188e-15 -1.0817e-14 -1.4055e-14 -1.8056e-14 -2.2960e-14 -2.8932e-14 -3.6161e-14 -4.4863e-14 -5.5291e-14 -6.7732e-14 -8.2520e-14 -1.0004e-13 -1.2073e-13 -1.4510e-13 -1.7374e-13 -2.0733e-13 -2.4664e-13 -2.9256e-13 -3.4614e-13 -4.0855e-13 -4.8114e-13 -5.6544e-13 -6.6320e-13 -7.7637e-13 -9.0707e-13 -1.0576e-12 -1.2304e-12 -1.4277e-12 -1.6515e-12 -1.9029e-12 -2.1817e-12 -2.4849e-12 -2.8053e-12 -3.1294e-12 -3.4346e-12 -3.6866e-12 -3.8376e-12 -3.8297e-12 -3.6048e-12 -3.1289e-12 -2.4262e-12 -1.6071e-12 -8.5369e-13 -3.3239e-13 -8.3425e-14 -1.1221e-14 -6.1931e-16 -9.5048e-18 -2.2925e-20 -3.7379e-24 -1.1711e-29 -1.0625e-37 -1.5753e-49 -4.6297e-67 -2.8622e-93 -7.9245e-133 -3.6173e-193 -2.7532e-286 -0.0000e+00 -0.0000e+00 -0.0000e+00 -0.0000e+00 -0.0000e+00 -0.0000e+00 -0.0000e+00 -0.0000e+00 -0.0000e+00 -0.0000e+00 -0.0000e+00 -0.0000e+00 -0.0000e+00 -0.0000e+00 -0.0000e+00 -0.0000e+00 -0.0000e+00 -0.0000e+00 -0.0000e+00 -0.0000e+00 -0.0000e+00 -0.0000e+00 -0.0000e+00 -0.0000e+00 -0.0000e+00 -0.0000e+00
-4.6947e-19 1.7010e-16 -6.6121e-17 -2.4212e-16 -6.6378e-16 -1.5159e-15 -3.0526e-15 -5.6079e-15 -9.6069e-15 -1.5578e-14 -2.4169e-14 -3.6158e-14 -5.2477e-14 -7.4231e-14 -1.0272e-13 -1.3946e-13 -1.8624e-13 -2.4512e-13 -3.1850e-13 -4.0915e-13 -5.2029e-13 -6.5562e-13 -8.1942e-13 -1.0166e-12 -1.2529e-12 -1.5348e-12 -1.8699e-12 -2.2669e-12 -2.7357e-12 -3.2880e-12 -3.9370e-12 -4.6981e-12 -5.5889e-12 -6.6296e-12 -7.8437e-12 -9.2578e-12 -1.0903e-11 -1.2813e-11 -1.5028e-11 -1.7593e-11 -2.0554e-11 -2.3966e-11 -2.7881e-11 -3.2352e-11 -3.7423e-11 -4.3121e-11 -4.9438e-11 -5.6308e-11 -6.3569e-11 -7.0913e-11 -7.7830e-11 -8.3539e-11 -8.6962e-11 -8.6781e-11 -8.1686e-11 -7.0903e-11 -5.4978e-11 -3.6418e-11 -1.9345e-11 -7.5320e-12 -1.8904e-12 -2.5428e-13 -1.4034e-14 -2.1538e-16 -5.1950e-19 -8.4702e-23 -2.6537e-28 -2.4076e-36 -3.5698e-48 -1.0491e-65 -6.4858e-92 -1.7957e-131 -8.1969e-192 -6.2387e-285 -0.0000e+00 -0.0000e+00 -0.0000e+00 -0.0000e+00 -0.0000e+00 -0.0000e+00 -0.0000e+00 -0.0000e+00 -0.0000e+00 -0.0000e+00 -0.0000e+00 -0.0000e+00 -0.0000e+00 -0.0000e+00 -0.0000e+00 -0.0000e+00 -0.0000e+00 -0.0000e+00 -0.0000e+00 -0.0000e+00 -0.0000e+00 -0.0000e+00 -0.0000e+00 -0.0000e+00 -0.0000e+00 -0.0000e+00 -4.6947e-19 0.0000e+00 -6.6121e-17 -2.4212e-16 -6.6378e-16 -1.5159e-15 -3.0526e-15 -5.6079e-15 -9.6069e-15 -1.5578e-14 -2.4169e-14 -3.6158e-14 -5.2477e-14 -7.4231e-14 -1.0272e-13 -1.3946e-13 -1.8624e-13 -2.4512e-13 -3.1850e-13 -4.0915e-13 -5.2029e-13 -6.5562e-13 -8.1942e-13 -1.0166e-12 -1.2529e-12 -1.5348e-12 -1.8699e-12 -2.2669e-12 -2.7357e-12 -3.2880e-12 -3.9370e-12 -4.6981e-12 -5.5889e-12 -6.6296e-12 -7.8437e-12 -9.2578e-12 -1.0903e-11 -1.2813e-11 -1.5028e-11 -1.7593e-11 -2.0554e-11 -2.3966e-11 -2.7881e-11 -3.2352e-11 -3.7423e-11 -4.3121e-11 -4.9438e-11 -5.6308e-11 -6.3569e-11 -7.0913e-11 -7.7830e-11 -8.3539e-11 -8.6962e-11 -8.6781e-11 -8.1686e-11 -7.0903e-11 -5.4978e-11 -3.6418e-11 -1.9345e-11 -7.5320e-12 -1.8904e-12 -2.5428e-13 -1.4034e-14 -2.1538e-16 -5.1950e-19 -8.4702e-23 -2.6537e-28 -2.4076e-36 -3.5698e-48 -1.0491e-65 -6.4858e-92 -1.7957e-131 -8.1969e-192 -6.2387e-285 -0.0000e+00 -0.0000e+00 -0.0000e+00 -0.0000e+00 -0.0000e+00 -0.0000e+00 -0.0000e+00 -0.0000e+00 -0.0000e+00 -0.0000e+00 -0.0000e+00 -0.0000e+00 -0.0000e+00 -0.0000e+00 -0.0000e+00 -0.0000e+00 -0.0000e+00 -0.0000e+00 -0.0000e+00 -0.0000e+00 -0.0000e+00 -0.0000e+00 -0.0000e+00 -0.0000e+00 -0.0000e+00 -0.0000e+00
-2.9179e-18 -6.6121e-17 1.9531e-04 -1.5049e-15 -4.1256e-15 -9.4215e-15 -1.8973e-14 -3.4854e-14 -5.9710e-14 -9.6824e-14 -1.5021e-13 -2.2473e-13 -3.2616e-13 -4.6137e-13 -6.3843e-13 -8.6680e-13 -1.1575e-12 -1.5235e-12 -1.9796e-12 -2.5430e-12 -3.2337e-12 -4.0749e-12 -5.0929e-12 -6.3186e-12 -7.7872e-12 -9.5394e-12 -1.1622e-11 -1.4089e-11 -1.7003e-11 -2.0436e-11 -2.4470e-11 -2.9200e-11 -3.4736e-11 -4.1205e-11 -4.8751e-11 -5.7540e-11 -6.7763e-11 -7.9637e-11 -9.3406e-11 -1.0934e-10 -1.2775e-10 -1.4895e-10 -1.7329e-10 -2.0107e-10 -2.3259e-10 -2.6801e-10 -3.0727e-10 -3.4997e-10 -3.9510e-10 -4.4075e-10 -4.8374e-10 -5.1922e-10 -5.4049e-10 -5.3937e-10 -5.0770e-10 -4.4068e-10 -3.4171e-10 -2.2635e-10 -1.2023e-10 -4.6814e-11 -1.1750e-11 -1.5804e-12 -8.7224e-14 -1.3387e-15 -3.2288e-18 -5.2645e-22 -1.6493e-27 -1.4964e-35 -2.2187e-47 -6.5205e-65 -4.0311e-91 -1.1161e-130 -5.0946e-191 -3.8776e-284 -0.0000e+00 -0.0000e+00 -0.0000e+00 -0.0000e+00 -0.0000e+00 -0.0000e+00 -0.0000e+00 -0.0000e+00 -0.0000e+00 -0.0000e+00 -0.0000e+00 -0.0000e+00 -0.0000e+00 -0.0000e+00 -0.0000e+00 -0.0000e+00 -0.0000e+00 -0.0000e+00 -0.0000e+00 -0.0000e+00 -0.0000e+00 -0.0000e+00 -0.0000e+00 -0.0000e+00 -0.0000e+00 -0.0000e+00 -2.9179e-18 -6.6121e-17 0.0000e+00 -1.5049e-15 -4.1256e-15 -9.4215e-15 -1.8973e-14 -3.4854e-14 -5.9710e-14 -9.6824e-14 -1.5021e-13 -2.2473e-13 -3.2616e-13 -4.6137e-13 -6.3843e-13 -8.6680e-13 -1.1575e-12 -1.5235e-12 -1.9796e-12 -2.5430e-12 -3.2337e-12 -4.0749e-12 -5.0929e-12 -6.3186e-12 -7.7872e-12 -9.5394e-12 -1.1622e-11 -1.4089e-11 -1.7003e-11 -2.0436e-11 -2.4470e-11 -2.9200e-11 -3.4736e-11 -4.1205e-11 -4.8751e-11 -5.7540e-11 -6.7763e-11 -7.9637e-11 -9.3406e-11 -1.0934e-10 -1.2775e-10 -1.4895e-10 -1.7329e-10 -2.0107e-10 -2.3259e-10 -2.6801e-10 -3.0727e-10 -3.4997e-10 -3.9510e-10 -4.4075e-10 -4.8374e-10 -5.1922e-10 -5.4049e-10 -5.3937e-10 -5.0770e-10 -4.4068e-10 -3.4171e-10 -2.2635e-10 -1.2023e-10 -4.6814e-11 -1.1750e-11 -1.5804e-12 -8.7224e-14 -1.3387e-15 -3.2288e-18 -5.2645e-22 -1.6493e-27 -1.4964e-35 -2.2187e-47 -6.5205e-65 -4.0311e-91 -1.1161e-130 -5.0946e-191 -3.8776e-284 -0.0000e+00 -0.0000e+00 -0.0000e+00 -0.0000e+00 -0.0000e+00 -0.0000e+00 -0.0000e+00 -0.0000e+00 -0.0000e+00 -0.0000e+00 -0.0000e+00 -0.0000e+00 -0.0000e+00 -0.0000e+00 -0.0000e+00 -0.0000e+00 -0.0000e+00 -0.0000e+00 -0.0000e+00 -0.0000e+00 -0.0000e+00 -0.0000e+00 -0.0000e+00 -0.0000e+00 -0.0000e+00 -0.0000e+00
-1.0685e-17 -2.4212e-16 -1.5049e-15 1.7588e-13 -1.5107e-14 -3.4500e-14 -6.9474e-14 -1.2763e-13 -2.1865e-13 -3.5455e-13 -5.5006e-13 -8.2292e-13 -1.1943e-12 -1.6894e-12 -2.3378e-12 -3.1741e-12 -4.2387e-12 -5.5788e-12 -7.2488e-12 -9.3120e-12 -1.1841e-11 -1.4921e-11 -1.8649e-11 -2.3138e-11 -2.8515e-11 -3.4931e-11 -4.2558e-11 -5.1593e-11 -6.2264e-11 -7.4833e-11 -8.9604e-11 -1.0693e-10 -1.2720e-10 -1.5088e-10 -1.7852e-10 -2.1070e-10 -2.4814e-10 -2.9162e-10 -3.4204e-10 -4.0040e-10 -4.6780e-10 -5.4544e-10 -6.3455e-10 -7.3630e-10 -8.5171e-10 -9.8140e-10 -1.1252e-09 -1.2815e-09 -1.4468e-09 -1.6139e-09 -1.7714e-09 -1.9013e-09 -1.9792e-09 -1.9751e-09 -1.8591e-09 -1.6137e-09 -1.2513e-09 -8.2884e-10 -4.4028e-10 -1.7142e-10 -4.3025e-11 -5.7873e-12 -3.1940e-13 -4.9019e-15 -1.1823e-17 -1.9278e-21 -6.0395e-27 -5.4794e-35 -8.1246e-47 -2.3877e-64 -1.4761e-90 -4.0869e-130 -1.8656e-190 -1.4199e-283 -0.0000e+00 -0.0000e+00 -0.0000e+00 -0.0000e+00 -0.0000e+00 -0.0000e+00 -0.0000e+00 -0.0000e+00 -0.0000e+00 -0.0000e+00 -0.0000e+00 -0.0000e+00 -0.0000e+00 -0.0000e+00 -0.0000e+00 -0.0000e+00 -0.0000e+00 -0.0000e+00 -0.0000e+00 -0.0000e+00 -0.0000e+00 -0.0000e+00 -0.0000e+00 -0.0000e+00 -0.0000e+00 -0.0000e+00 -1.0685e-17 -2.4212e-16 -1.5049e-15 0.0000e+00 -1.5107e-14 -3.4500e-14 -6.9474e-14 -1.2763e-13 -2.1865e-13 -3.5455e-13 -5.5006e-13 -8.2292e-13 -1.1943e-12 -1.6894e-12 -2.3378e-12 -3.1741e-12 -4.2387e-12 -5.5788e-12 -7.2488e-12 -9.3120e-12 -1.1841e-11 -1.4921e-11 -1.8649e-11 -2.3138e-11 -2.8515e-11 -3.4931e-11 -4.2558e-11 -5.1593e-11 -6.2264e-11 -7.4833e-11 -8.9604e-11 -1.0693e-10 -1.2720e-10 -1.5088e-10 -1.7852e-10 -2.1070e-10 -2.4814e-10 -2.9162e-10 -3.4204e-10 -4.0040e-10 -4.6780e-10 -5.4544e-10 -6.3455e-10 -7.3630e-10 -8.5171e-10 -9.8140e-10 -1.1252e-09 -1.2815e-09 -1.4468e-09 -1.6139e-09 -1.7714e-09 -1.9013e-09 -1.9792e-09 -1.9751e-09 -1.8591e-09 -1.6137e-09 -1.2513e-09 -8.2884e-10 -4.4028e-10 -1.7142e-10 -4.3025e-11 -5.7873e-12 -3.1940e-13 -4.9019e-15 -1.1823e-17 -1.9278e-21 -6.0395e-27 -5.4794e-35 -8.1246e-47 -2.3877e-64 -1.4761e-90 -4.0869e-130 -1.8656e-190 -1.4199e-283 -0.0000e+00 -0.0000e+00 -0.0000e+00 -0.0000e+00 -0.0000e+00 -0.0000e+00 -0.0000e+00 -0.0000e+00 -0.0000e+00 -0.0000e+00 -0.0000e+00 -0.0000e+00 -0.0000e+00 -0.0000e+00 -0.0000e+00 -0.0000e+00 -0.0000e+00 -0.0000e+00 -0.0000e+00 -0.0000e+00 -0.0000e+00 -0.0000e+00 -0.0000e+00 -0.0000e+00 -0.0000e+00 -0.0000e+00
-2.9293e-17 -6.6378e-16 -4.1256e-15 -1.5107e-14 1.6500e-12 -9.4582e-14 -1.9046e-13 -3.4990e-13 -5.9942e-13 -9.7201e-13 -1.5080e-12 -2.2561e-12 -3.2743e-12 -4.6316e-12 -6.4091e-12 -8.7018e-12 -1.1620e-11 -1.5294e-11 -1.9873e-11 -2.5529e-11 -3.2463e-11 -4.0907e-11 -5.1127e-11 -6.3432e-11 -7.8175e-11 -9.5765e-11 -1.1667e-10 -1.4144e-10 -1.7070e-10 -2.0516e-10 -2.4565e-10 -2.9314e-10 -3.4872e-10 -4.1365e-10 -4.8940e-10 -5.7764e-10 -6.8027e-10 -7.9947e-10 -9.3770e-10 -1.0977e-09 -1.2825e-09 -1.4953e-09 -1.7396e-09 -2.0186e-09 -2.3350e-09 -2.6905e-09 -3.0847e-09 -3.5133e-09 -3.9664e-09 -4.4246e-09 -4.8562e-09 -5.2124e-09 -5.4260e-09 -5.4147e-09 -5.0968e-09 -4.4240e-09 -3.4304e-09 -2.2723e-09 -1.2070e-09 -4.6996e-10 -1.1795e-10 -1.5866e-11 -8.7564e-13 -1.3439e-14 -3.2414e-17 -5.2850e-21 -1.6557e-26 -1.5022e-34 -2.2274e-46 -6.5459e-64 -4.0468e-90 -1.1204e-129 -5.1145e-190 -3.8927e-283 -0.0000e+00 -0.0000e+00 -0.0000e+00 -0.0000e+00 -0.0000e+00 -0.0000e+00 -0.0000e+00 -0.0000e+00 -0.0000e+00 -0.0000e+00 -0.0000e+00 -0.0000e+00 -0.0000e+00 -0.0000e+00 -0.0000e+00 -0.0000e+00 -0.0000e+00 -0.0000e+00 -0.0000e+00 -0.0000e+00 -0.0000e+00 -0.0000e+00 -0.0000e+00 -0.0000e+00 -0.0000e+00 -0.0000e+00 -2.9293e-17 -6.6378e-16 -4.1256e-15 -1.5107e-14 0.0000e+00 -9.4582e-14 -1.9046e-13 -3.4990e-13 -5.9942e-13 -9.7201e-13 -1.5080e-12 -2.2561e-12 -3.2743e-12 -4.6316e-12 -6.4091e-12 -8.7018e-12 -1.1620e-11 -1.5294e-11 -1.9873e-11 -2.5529e-11 -3.2463e-11 -4.0907e-11 -5.1127e-11 -6.3432e-11 -7.8175e-11 -9.5765e-11 -1.1667e-10 -1.4144e-10 -1.7070e-10 -2.0516e-10 -2.4565e-10 -2.9314e-10 -3.4872e-10 -4.1365e-10 -4.8940e-10 -5.7764e-10 -6.8027e-10 -7.9947e-10 -9.3770e-10 -1.0977e-09 -1.2825e-09 -1.4953e-09 -1.7396e-09 -2.0186e-09 -2.3350e-09 -2.6905e-09 -3.0847e-09 -3.5133e-09 -3.9664e-09 -4.4246e-09 -4.8562e-09 -5.2124e-09 -5.4260e-09 -5.4147e-09 -5.0968e-09 -4.4240e-09 -3.4304e-09 -2.2723e-09 -1.2070e-09 -4.6996e-10 -1.1795e-10 -1.5866e-11 -8.7564e-13 -1.3439e-14 -3.2414e-17 -5.2850e-21 -1.6557e-26 -1.5022e-34 -2.2274e-46 -6.5459e-64 -4.0468e-90 -1.1204e-129 -5.1145e-190 -3.8927e-283 -0.0000e+00 -0.0000e+00 -0.0000e+00 -0.0000e+00 -0.0000e+00 -0.0000e+00 -0.0000e+00 -0.0000e+00 -0.0000e+00 -0.0000e+00 -0.0000e+00 -0.0000e+00 -0.0000e+00 -0.0000e+00 -0.0000e+00 -0.0000e+00 -0.0000e+00 -0.0000e+00 -0.0000e+00 -0.0000e+00 -0.0000e+00 -0.0000e+00 -0.0000e+00 -0.0000e+00 -0.0000e+00 -0.0000e+00
-6.6895e-17 -1.5159e-15 -9.4215e-15 -3.4500e-14 -9.4582e-14 1.9075e-07 -4.3496e-13 -7.9906e-13 -1.3689e-12 -2.2197e-12 -3.4438e-12 -5.1521e-12 -7.4774e-12 -1.0577e-11 -1.4636e-11 -1.9872e-11 -2.6537e-11 -3.4927e-11 -4.5382e-11 -5.8300e-11 -7.4136e-11 -9.3419e-11 -1.1676e-10 -1.4486e-10 -1.7853e-10 -2.1870e-10 -2.6644e-10 -3.2301e-10 -3.8982e-10 -4.6851e-10 -5.6099e-10 -6.6943e-10 -7.9635e-10 -9.4465e-10 -1.1176e-09 -1.3191e-09 -1.5535e-09 -1.8257e-09 -2.1414e-09 -2.5068e-09 -2.9288e-09 -3.4149e-09 -3.9727e-09 -4.6098e-09 -5.3323e-09 -6.1443e-09 -7.0444e-09 -8.0233e-09 -9.0579e-09 -1.0104e-08 -1.1090e-08 -1.1903e-08 -1.2391e-08 -1.2365e-08 -1.1639e-08 -1.0103e-08 -7.8338e-09 -5.1891e-09 -2.7564e-09 -1.0732e-09 -2.6937e-10 -3.6232e-11 -1.9997e-12 -3.0690e-14 -7.4023e-17 -1.2069e-20 -3.7812e-26 -3.4305e-34 -5.0866e-46 -1.4949e-63 -9.2416e-90 -2.5587e-129 -1.1680e-189 -8.8895e-283 -0.0000e+00 -0.0000e+00 -0.0000e+00 -0.0000e+00 -0.0000e+00 -0.0000e+00 -0.0000e+00 -0.0000e+00 -0.0000e+00 -0.0000e+00 -0.0000e+00 -0.0000e+00 -0.0000e+00 -0.0000e+00 -0.0000e+00 -0.0000e+00 -0.0000e+00 -0.0000e+00 -0.0000e+00 -0.0000e+00 -0.0000e+00 -0.0000e+00 -0.0000e+00 -0.0000e+00 -0.0000e+00 -0.0000e+00 -6.6895e-17 -1.5159e-15 -9.4215e-15 -3.4500e-14 -9.4582e-14 0.0000e+00 -4.3496e-13 -7.9906e-13 -1.3689e-12 -2.2197e-12 -3.4438e-12 -5.1521e-12 -7.4774e-12 -1.0577e-11 -1.4636e-11 -1.9872e-11 -2.6537e-11 -3.4927e-11 -4.5382e-11 -5.8300e-11 -7.4136e-11 -9.3419e-11 -1.1676e-10 -1.4486e-10 -1.7853e-10 -2.1870e-10 -2.6644e-10 -3.2301e-10 -3.8982e-10 -4.6851e-10 -5.6099e-10 -6.6943e-10 -7.9635e-10 -9.4465e-10 -1.1176e-09 -1.3191e-09 -1.5535e-09 -1.8257e-09 -2.1414e-09 -2.5068e-09 -2.9288e-09 -3.4149e-09 -3.9727e-09 -4.6098e-09 -5.3323e-09 -6.1443e-09 -7.0444e-09 -8.0233e-09 -9.0579e-09 -1.0104e-08 -1.1090e-08 -1.1903e-08 -1.2391e-08 -1.2365e-08 -1.1639e-08 -1.0103e-08 -7.8338e-09 -5.1891e-09 -2.7564e-09 -1.0732e-09 -2.6937e-10 -3.6232e-11 -1.9997e-12 -3.0690e-14 -7.4023e-17 -1.2069e-20 -3.7812e-26 -3.4305e-34 -5.0866e-46 -1.4949e-63 -9.2416e-90 -2.5587e-129 -1.1680e-189 -8.8895e-283 -0.0000e+00 -0.0000e+00 -0.0000e+00 -0.0000e+00 -0.0000e+00 -0.0000e+00 -0.0000e+00 -0.0000e+00 -0.0000e+00 -0.0000e+00 -0.0000e+00 -0.0000e+00 -0.0000e+00 -0.0000e+00 -0.0000e+00 -0.0000e+00 -0.0000e+00 -0.0000e+00 -0.0000e+00 -0.0000e+00 -0.0000e+00 -0.0000e+00 -0.0000e+00 -0.0000e+00 -0.0000e+00 -0.0000e+00
-1.3471e-16 -3.0526e-15 -1.8973e-14 -6.9474e-14 -1.9046e-13 -4.3496e-13 4.8663e-11 -1.6091e-12 -2.7566e-12 -4.4700e-12 -6.9349e-12 -1.0375e-11 -1.5058e-11 -2.1300e-11 -2.9474e-11 -4.0017e-11 -5.3439e-11 -7.0334e-11 -9.1389e-11 -1.1740e-10 -1.4929e-10 -1.8812e-10 -2.3512e-10 -2.9171e-10 -3.5950e-10 -4.4040e-10 -5.3655e-10 -6.5045e-10 -7.8499e-10 -9.4346e-10 -1.1297e-09 -1.3481e-09 -1.6037e-09 -1.9023e-09 -2.2506e-09 -2.6564e-09 -3.1284e-09 -3.6766e-09 -4.3122e-09 -5.0480e-09 -5.8978e-09 -6.8767e-09 -8.0000e-09 -9.2829e-09 -1.0738e-08 -1.2373e-08 -1.4186e-08 -1.6157e-08 -1.8240e-08 -2.0348e-08 -2.2332e-08 -2.3970e-08 -2.4953e-08 -2.4901e-08 -2.3439e-08 -2.0345e-08 -1.5775e-08 -1.0450e-08 -5.5508e-09 -2.1612e-09 -5.4243e-10 -7.2963e-11 -4.0268e-12 -6.1801e-14 -1.4906e-16 -2.4304e-20 -7.6143e-26 -6.9082e-34 -1.0243e-45 -3.0103e-63 -1.8610e-89 -5.1525e-129 -2.3520e-189 -1.7901e-282 -0.0000e+00 -0.0000e+00 -0.0000e+00 -0.0000e+00 -0.0000e+00 -0.0000e+00 -0.0000e+00 -0.0000e+00 -0.0000e+00 -0.0000e+00 -0.0000e+00 -0.0000e+00 -0.0000e+00 -0.0000e+00 -0.0000e+00 -0.0000e+00 -0.0000e+00 -0.0000e+00 -0.0000e+00 -0.0000e+00 -0.0000e+00 -0.0000e+00 -0.0000e+00 -0.0000e+00 -0.0000e+00 -0.0000e+00 -1.3471e-16 -3.0526e-15 -1.8973e-14 -6.9474e-14 -1.9046e-13 -4.3496e-13 0.0000e+00 -1.6091e-12 -2.7566e-12 -4.4700e-12 -6.9349e-12 -1.0375e-11 -1.5058e-11 -2.1300e-11 -2.9474e-11 -4.0017e-11 -5.3439e-11 -7.0334e-11 -9.1389e-11 -1.1740e-10 -1.4929e-10 -1.8812e-10 -2.3512e-10 -2.9171e-10 -3.5950e-10 -4.4040e-10 -5.3655e-10 -6.5045e-10 -7.8499e-10 -9.4346e-10 -1.1297e-09 -1.3481e-09 -1.6037e-09 -1.9023e-09 -2.2506e-09 -2.6564e-09 -3.1284e-09 -3.6766e-09 -4.3122e-09 -5.0480e-09 -5.8978e-09 -6.8767e-09 -8.0000e-09 -9.2829e-09 -1.0738e-08 -1.2373e-08 -1.4186e-08 -1.6157e-08 -1.8240e-08 -2.0348e-08 -2.2332e-08 -2.3970e-08 -2.4953e-08 -2.4901e-08 -2.3439e-08 -2.0345e-08 -1.5775e-08 -1.0450e-08 -5.5508e-09 -2.1612e-09 -5.4243e-10 -7.2963e-11 -4.0268e-12 -6.1801e-14 -1.4906e-16 -2.4304e-20 -7.6143e-26 -6.9082e-34 -1.0243e-45 -3.0103e-63 -1.8610e-89 -5.1525e-129 -2.3520e-189 -1.7901e-282 -0.0000e+00 -0.0000e+00 -0.0000e+00 -0.0000e+00 -0.0000e+00 -0.0000e+00 -0.0000e+00 -0.0000e+00 -0.0000e+00 -0.0000e+00 -0.0000e+00 -0.0000e+00 -0.0000e+00 -0.0000e+00 -0.0000e+00 -0.0000e+00 -0.0000e+00 -0.0000e+00 -0.0000e+00 -0.0000e+00 -0.0000e+00 -0.0000e+00 -0.0000e+00 -0.0000e+00 -0.0000e+00 -0.0000e+00
-2.4747e-16 -5.6079e-15 -3.4854e-14 -1.2763e-13 -3.4990e-13 -7.9906e-13 -1.6091e-12 -1.1734e-08 -5.0641e-12 -8.2119e-12 -1.2740e-11 -1.9060e-11 -2.7662e-11 -3.9129e-11 -5.4146e-11 -7.3516e-11 -9.8174e-11 -1.2921e-10 -1.6789e-10 -2.1568e-10 -2.7426e-10 -3.4560e-10 -4.3194e-10 -5.3589e-10 -6.6045e-10 -8.0906e-10 -9.8570e-10 -1.1950e-09 -1.4421e-09 -1.7332e-09 -2.0753e-09 -2.4765e-09 -2.9461e-09 -3.4947e-09 -4.1347e-09 -4.8801e-09 -5.7472e-09 -6.7542e-09 -7.9220e-09 -9.2737e-09 -1.0835e-08 -1.2633e-08 -1.4697e-08 -1.7054e-08 -1.9727e-08 -2.2730e-08 -2.6061e-08 -2.9682e-08 -3.3509e-08 -3.7381e-08 -4.1027e-08 -4.4036e-08 -4.5841e-08 -4.5745e-08 -4.3059e-08 -3.7375e-08 -2.8981e-08 -1.9197e-08 -1.0197e-08 -3.9704e-09 -9.9651e-10 -1.3404e-10 -7.3977e-12 -1.1353e-13 -2.7384e-16 -4.4649e-20 -1.3988e-25 -1.2691e-33 -1.8818e-45 -5.5302e-63 -3.4189e-89 -9.4658e-129 -4.3209e-189 -3.2886e-282 -0.0000e+00 -0.0000e+00 -0.0000e+00 -0.0000e+00 -0.0000e+00 -0.0000e+00 -0.0000e+00 -0.0000e+00 -0.0000e+00 -0.0000e+00 -0.0000e+00 -0.0000e+00 -0.0000e+00 -0.0000e+00 -0.0000e+00 -0.0000e+00 -0.0000e+00 -0.0000e+00 -0.0000e+00 -0.0000e+00 -0.0000e+00 -0.0000e+00 -0.0000e+00 -0.0000e+00 -0.0000e+00 -0.0000e+00 -2.4747e-16 -5.6079e-15 -3.4854e-14 -1.2763e-13 -3.4990e-13 -7.9906e-13 -1.6091e-12 0.0000e+00 -5.0641e-12 -8.2119e-12 -1.2740e-11 -1.9060e-11 -2.7662e-11 -3.9129e-11 -5.4146e-11 -7.3516e-11 -9.8174e-11 -1.2921e-10 -1.6789e-10 -2.1568e-10 -2.7426e-10 -3.4560e-10 -4.3194e-10 -5.3589e-10 -6.6045e-10 -8.0906e-10 -9.8570e-10 -1.1950e-09 -1.4421e-09 -1.7332e-09 -2.0753e-09 -2.4765e-09 -2.9461e-09 -3.4947e-09 -4.1347e-09 -4.8801e-09 -5.7472e-09 -6.7542e-09 -7.9220e-09 -9.2737e-09 -1.0835e-08 -1.2633e-08 -1.4697e-08 -1.7054e-08 -1.9727e-08 -2.2730e-08 -2.6061e-08 -2.9682e-08 -3.3509e-08 -3.7381e-08 -4.1027e-08 -4.4036e-08 -4.5841e-08 -4.5745e-08 -4.3059e-08 -3.7375e-08 -2.8981e-08 -1.9197e-08 -1.0197e-08 -3.9704e-09 -9.9651e-10 -1.3404e-10 -7.3977e-12 -1.1353e-13 -2.7384e-16 -4.4649e-20 -1.3988e-25 -1.2691e-33 -1.8818e-45 -5.5302e-63 -3.4189e-89 -9.4658e-129 -4.3209e-189 -3.2886e-282 -0.0000e+00 -0.0000e+00 -0.0000e+00 -0.0000e+00 -0.0000e+00 -0.0000e+00 -0.0000e+00 -0.0000e+00 -0.0000e+00 -0.0000e+00 -0.0000e+00 -0.0000e+00 -0.0000e+00 -0.0000e+00 -0.0000e+00 -0.0000e+00 -0.0000e+00 -0.0000e+00 -0.0000e+00 -0.0000e+00 -0.0000e+00 -0.0000e+00 -0.0000e+00 -0.0000e+00 -0.0000e+00 -0.0000e+00
-4.2395e-16 -9.6069e-15 -5.9710e-14 -2.1865e-13 -5.9942e-13 -1.3689e-12 -2.7566e-12 -5.0641e-12 6.1650e-10 -1.4068e-11 -2.1825e-11 -3.2652e-11 -4.7389e-11 -6.7033e-11 -9.2759e-11 -1.2594e-10 -1.6818e-10 -2.2135e-10 -2.8761e-10 -3.6948e-10 -4.6984e-10 -5.9205e-10 -7.3997e-10 -9.1805e-10 -1.1314e-09 -1.3860e-09 -1.6886e-09 -2.0471e-09 -2.4705e-09 -2.9692e-09 -3.5553e-09 -4.2426e-09 -5.0469e-09 -5.9868e-09 -7.0831e-09 -8.3602e-09 -9.8455e-09 -1.1571e-08 -1.3571e-08 -1.5887e-08 -1.8561e-08 -2.1642e-08 -2.5177e-08 -2.9215e-08 -3.3794e-08 -3.8940e-08 -4.4645e-08 -5.0848e-08 -5.7405e-08 -6.4037e-08 -7.0283e-08 -7.5439e-08 -7.8530e-08 -7.8367e-08 -7.3765e-08 -6.4028e-08 -4.9647e-08 -3.2887e-08 -1.7469e-08 -6.8017e-09 -1.7071e-09 -2.2963e-10 -1.2673e-11 -1.9450e-13 -4.6912e-16 -7.6489e-20 -2.3964e-25 -2.1741e-33 -3.2237e-45 -9.4738e-63 -5.8569e-89 -1.6216e-128 -7.4021e-189 -5.6338e-282 -0.0000e+00 -0.0000e+00 -0.0000e+00 -0.0000e+00 -0.0000e+00 -0.0000e+00 -0.0000e+00 -0.0000e+00 -0.0000e+00 -0.0000e+00 -0.0000e+00 -0.0000e+00 -0.0000e+00 -0.0000e+00 -0.0000e+00 -0.0000e+00 -0.0000e+00 -0.0000e+00 -0.0000e+00 -0.0000e+00 -0.0000e+00 -0.0000e+00 -0.0000e+00 -0.0000e+00 -0.0000e+00 -0.0000e+00 -4.2395e-16 -9.6069e-15 -5.9710e-14 -2.1865e-13 -5.9942e-13 -1.3689e-12 -2.7566e-12 -5.0641e-12 0.0000e+00 -1.4068e-11 -2.1825e-11 -3.2652e-11 -4.7389e-11 -6.7033e-11 -9.2759e-11 -1.2594e-10 -1.6818e-10 -2.2135e-10 -2.8761e-10 -3.6948e-10 -4.6984e-10 -5.9205e-10 -7.3997e-10 -9.1805e-10 -1.1314e-09 -1.3860e-09 -1.6886e-09 -2.0471e-09 -2.4705e-09 -2.9692e-09 -3.5553e-09 -4.2426e-09 -5.0469e-09 -5.9868e-09 -7.0831e-09 -8.3602e-09 -9.8455e-09 -1.1571e-08 -1.3571e-08 -1.5887e-08 -1.8561e-08 -2.1642e-08 -2.5177e-08 -2.9215e-08 -3.3794e-08 -3.8940e-08 -4.4645e-08 -5.0848e-08 -5.7405e-08 -6.4037e-08 -7.0283e-08 -7.5439e-08 -7.8530e-08 -7.8367e-08 -7.3765e-08 -6.4028e-08 -4.9647e-08 -3.2887e-08 -1.7469e-08 -6.8017e-09 -1.7071e-09 -2.2963e-10 -1.2673e-11 -1.9450e-13 -4.6912e-16 -7.6489e-20 -2.3964e-25 -2.1741e-33 -3.2236e-45 -9.4738e-63 -5.8569e-89 -1.6216e-128 -7.4021e-189 -5.6338e-282 -0.0000e+00 -0.0000e+00 -0.0000e+00 -0.0000e+00 -0.0000e+00 -0.0000e+00 -0.0000e+00 -0.0000e+00 -0.0000e+00 -0.0000e+00 -0.0000e+00 -0.0000e+00 -0.0000e+00 -0.0000e+00 -0.0000e+00 -0.0000e+00 -0.0000e+00 -0.0000e+00 -0.0000e+00 -0.0000e+00 -0.0000e+00 -0.0000e+00 -0.0000e+00 -0.0000e+00 -0.0000e+00 -0.0000e+00
-6.8747e-16 -1.5578e-14 -9.6824e-14 -3.5455e-13 -9.7201e-13 -2.2197e-12 -4.4700e-12 -8.2119e-12 -1.4068e-11 1.7957e-09 -3.5391e-11 -5.2947e-11 -7.6845e-11 -1.0870e-10 -1.5042e-10 -2.0422e-10 -2.7272e-10 -3.5894e-10 -4.6639e-10 -5.9914e-10 -7.6188e-10 -9.6005e-10 -1.1999e-09 -1.4887e-09 -1.8347e-09 -2.2475e-09 -2.7382e-09 -3.3195e-09 -4.0061e-09 -4.8148e-09 -5.7652e-09 -6.8797e-09 -8.1840e-09 -9.7080e-09 -1.1486e-08 -1.3557e-08 -1.5965e-08 -1.8763e-08 -2.2007e-08 -2.5762e-08 -3.0099e-08 -3.5094e-08 -4.0827e-08 -4.7374e-08 -5.4800e-08 -6.3144e-08 -7.2395e-08 -8.2455e-08 -9.3087e-08 -1.0384e-07 -1.1397e-07 -1.2233e-07 -1.2734e-07 -1.2708e-07 -1.1962e-07 -1.0383e-07 -8.0507e-08 -5.3328e-08 -2.8328e-08 -1.1029e-08 -2.7682e-09 -3.7236e-10 -2.0550e-11 -3.1539e-13 -7.6072e-16 -1.2403e-19 -3.8859e-25 -3.5255e-33 -5.2274e-45 -1.5363e-62 -9.4975e-89 -2.6295e-128 -1.2003e-188 -9.1357e-282 -0.0000e+00 -0.0000e+00 -0.0000e+00 -0.0000e+00 -0.0000e+00 -0.0000e+00 -0.0000e+00 -0.0000e+00 -0.0000e+00 -0.0000e+00 -0.0000e+00 -0.0000e+00 -0.0000e+00 -0.0000e+00 -0.0000e+00 -0.0000e+00 -0.0000e+00 -0.0000e+00 -0.0000e+00 -0.0000e+00 -0.0000e+00 -0.0000e+00 -0.0000e+00 -0.0000e+00 -0.0000e+00 -0.0000e+00 -6.8747e-16 -1.5578e-14 -9.6824e-14 -3.5455e-13 -9.7201e-13 -2.2197e-12 -4.4700e-12 -8.2119e-12 -1.4068e-11 0.0000e+00 -3.5391e-11 -5.2947e-11 -7.6845e-11 -1.0870e-10 -1.5042e-10 -2.0422e-10 -2.7272e-10 -3.5894e-10 -4.6639e-10 -5.9914e-10 -7.6188e-10 -9.6005e-10 -1.1999e-09 -1.4887e-09 -1.8347e-09 -2.2475e-09 -2.7382e-09 -3.3195e-09 -4.0061e-09 -4.8148e-09 -5.7652e-09 -6.8797e-09 -8.1840e-09 -9.7080e-09 -1.1486e-08 -1.3557e-08 -1.5965e-08 -1.8763e-08 -2.2007e-08 -2.5762e-08 -3.0099e-08 -3.5094e-08 -4.0827e-08 -4.7374e-08 -5.4800e-08 -6.3144e-08 -7.2395e-08 -8.2455e-08 -9.3087e-08 -1.0384e-07 -1.1397e-07 -1.2233e-07 -1.2734e-07 -1.2708e-07 -1.1962e-07 -1.0383e-07 -8.0507e-08 -5.3328e-08 -2.8328e-08 -1.1029e-08 -2.7682e-09 -3.7236e-10 -2.0550e-11 -3.1539e-13 -7.6072e-16 -1.2403e-19 -3.8859e-25 -3.5255e-33 -5.2274e-45 -1.5363e-62 -9.4975e-89 -2.6295e-128 -1.2003e-188 -9.1357e-282 -0.0000e+00 -0.0000e+00 -0.0000e+00 -0.0000e+00 -0.0000e+00 -0.0000e+00 -0.0000e+00 -0.0000e+00 -0.0000e+00 -0.0000e+00 -0.0000e+00 -0.0000e+00 -0.0000e+00 -0.0000e+00 -0.0000e+00 -0.0000e+00 -0.0000e+00 -0.0000e+00 -0.0000e+00 -0.0000e+00 -0.0000e+00 -0.0000e+00 -0.0000e+00 -0.0000e+00 -0.0000e+00 -0.0000e+00
-1.0666e-15 -2.4169e-14 -1.5021e-13 -5.5006e-13 -1.5080e-12 -3.4438e-12 -6.9349e-12 -1.2740e-11 -2.1825e-11 -3.5391e-11 4.7381e-09 -8.2144e-11 -1.1922e-10 -1.6864e-10 -2.3336e-10 -3.1684e-10 -4.2311e-10 -5.5687e-10 -7.2357e-10 -9.2952e-10 -1.1820e-09 -1.4895e-09 -1.8616e-09 -2.3096e-09 -2.8464e-09 -3.4869e-09 -4.2481e-09 -5.1500e-09 -6.2151e-09 -7.4698e-09 -8.9443e-09 -1.0673e-08 -1.2697e-08 -1.5061e-08 -1.7819e-08 -2.1032e-08 -2.4769e-08 -2.9109e-08 -3.4142e-08 -3.9968e-08 -4.6696e-08 -5.4446e-08 -6.3340e-08 -7.3497e-08 -8.5018e-08 -9.7963e-08 -1.1231e-07 -1.2792e-07 -1.4442e-07 -1.6110e-07 -1.7682e-07 -1.8979e-07 -1.9756e-07 -1.9715e-07 -1.8558e-07 -1.6108e-07 -1.2490e-07 -8.2735e-08 -4.3948e-08 -1.7111e-08 -4.2947e-09 -5.7768e-10 -3.1882e-11 -4.8931e-13 -1.1802e-15 -1.9243e-19 -6.0287e-25 -5.4696e-33 -8.1099e-45 -2.3834e-62 -1.4735e-88 -4.0795e-128 -1.8622e-188 -1.4173e-281 -0.0000e+00 -0.0000e+00 -0.0000e+00 -0.0000e+00 -0.0000e+00 -0.0000e+00 -0.0000e+00 -0.0000e+00 -0.0000e+00 -0.0000e+00 -0.0000e+00 -0.0000e+00 -0.0000e+00 -0.0000e+00 -0.0000e+00 -0.0000e+00 -0.0000e+00 -0.0000e+00 -0.0000e+00 -0.0000e+00 -0.0000e+00 -0.0000e+00 -0.0000e+00 -0.0000e+00 -0.0000e+00 -0.0000e+00 -1.0666e-15 -2.4169e-14 -1.5021e-13 -5.5006e-13 -1.5080e-12 -3.4438e-12 -6.9349e-12 -1.2740e-11 -2.1825e-11 -3.5391e-11 0.0000e+00 -8.2144e-11 -1.1922e-10 -1.6864e-10 -2.3336e-10 -3.1684e-10 -4.2311e-10 -5.5687e-10 -7.2357e-10 -9.2952e-10 -1.1820e-09 -1.4895e-09 -1.8616e-09 -2.3096e-09 -2.8464e-09 -3.4869e-09 -4.2481e-09 -5.1500e-09 -6.2151e-09 -7.4698e-09 -8.9443e-09 -1.0673e-08 -1.2697e-08 -1.5061e-08 -1.7819e-08 -2.1032e-08 -2.4769e-08 -2.9109e-08 -3.4142e-08 -3.9968e-08 -4.6696e-08 -5.4446e-08 -6.3340e-08 -7.3497e-08 -8.5018e-08 -9.7963e-08 -1.1231e-07 -1.2792e-07 -1.4442e-07 -1.6110e-07 -1.7682e-07 -1.8979e-07 -1.9756e-07 -1.9715e-07 -1.8558e-07 -1.6108e-07 -1.2490e-07 -8.2735e-08 -4.3948e-08 -1.7111e-08 -4.2947e-09 -5.7768e-10 -3.1882e-11 -4.8931e-13 -1.1802e-15 -1.9243e-19 -6.0287e-25 -5.4696e-33 -8.1099e-45 -2.3834e-62 -1.4735e-88 -4.0795e-128 -1.8622e-188 -1.4173e-281 -0.0000e+00 -0.0000e+00 -0.0000e+00 -0.0000e+00 -0.0000e+00 -0.0000e+00 -0.0000e+00 -0.0000e+00 -0.0000e+00 -0.0000e+00 -0.0000e+00 -0.0000e+00 -0.0000e+00 -0.0000e+00 -0.0000e+00 -0.0000e+00 -0.0000e+00 -0.0000e+00 -0.0000e+00 -0.0000e+00 -0.0000e+00 -0.0000e+00 -0.0000e+00 -0.0000e+00 -0.0000e+00 -0.0000e+00
-1.5956e-15 -3.6158e-14 -2.2473e-13 -8.2292e-13 -2.2561e-12 -5.1521e-12 -1.0375e-11 -1.9060e-11 -3.2652e-11 -5.2947e-11 -8.2144e-11 1.1526e-08 -1.7836e-10 -2.5229e-10 -3.4912e-10 -4.7400e-10 -6.3299e-10 -8.3311e-10 -1.0825e-09 -1.3906e-09 -1.7683e-09 -2.2283e-09 -2.7850e-09 -3.4553e-09 -4.2584e-09 -5.2165e-09 -6.3555e-09 -7.7047e-09 -9.2982e-09 -1.1175e-08 -1.3381e-08 -1.5968e-08 -1.8995e-08 -2.2533e-08 -2.6659e-08 -3.1465e-08 -3.7056e-08 -4.3549e-08 -5.1078e-08 -5.9794e-08 -6.9860e-08 -8.1455e-08 -9.4761e-08 -1.0996e-07 -1.2719e-07 -1.4656e-07 -1.6803e-07 -1.9138e-07 -2.1606e-07 -2.4102e-07 -2.6453e-07 -2.8393e-07 -2.9557e-07 -2.9495e-07 -2.7763e-07 -2.4098e-07 -1.8686e-07 -1.2378e-07 -6.5749e-08 -2.5600e-08 -6.4251e-09 -8.6425e-10 -4.7698e-11 -7.3203e-13 -1.7657e-15 -2.8788e-19 -9.0192e-25 -8.1828e-33 -1.2133e-44 -3.5657e-62 -2.2044e-88 -6.1032e-128 -2.7860e-188 -2.1204e-281 -0.0000e+00 -0.0000e+00 -0.0000e+00 -0.0000e+00 -0.0000e+00 -0.0000e+00 -0.0000e+00 -0.0000e+00 -0.0000e+00 -0.0000e+00 -0.0000e+00 -0.0000e+00 -0.0000e+00 -0.0000e+00 -0.0000e+00 -0.0000e+00 -0.0000e+00 -0.0000e+00 -0.0000e+00 -0.0000e+00 -0.0000e+00 -0.0000e+00 -0.0000e+00 -0.0000e+00 -0.0000e+00 -0.0000e+00 -1.5956e-15 -3.6158e-14 -2.2473e-13 -8.2292e-13 -2.2561e-12 -5.1521e-12 -1.0375e-11 -1.9060e-11 -3.2652e-11 -5.2947e-11 -8.2144e-11 0.0000e+00 -1.7836e-10 -2.5229e-10 -3.4912e-10 -4.7400e-10 -6.3299e-10 -8.3311e-10 -1.0825e-09 -1.3906e-09 -1.7683e-09 -2.2283e-09 -2.7850e-09 -3.4553e-09 -4.2584e-09 -5.2165e-09 -6.3555e-09 -7.7047e-09 -9.2982e-09 -1.1175e-08 -1.3381e-08 -1.5968e-08 -1.8995e-08 -2.2533e-08 -2.6659e-08 -3.1465e-08 -3.7056e-08 -4.3549e-08 -5.1078e-08 -5.9794e-08 -6.9860e-08 -8.1455e-08 -9.4761e-08 -1.0996e-07 -1.2719e-07 -1.4656e-07 -1.6803e-07 -1.9138e-07 -2.1606e-07 -2.4102e-07 -2.6453e-07 -2.8393e-07 -2.9557e-07 -2.9495e-07 -2.7763e-07 -2.4098e-07 -1.8686e-07 -1.2378e-07 -6.5749e-08 -2.5600e-08 -6.4251e-09 -8.6425e-10 -4.7698e-11 -7.3203e-13 -1.7657e-15 -2.8788e-19 -9.0192e-25 -8.1828e-33 -1.2133e-44 -3.5657e-62 -2.2044e-88 -6.1032e-128 -2.7860e-188 -2.1204e-281 -0.0000e+00 -0.0000e+00 -0.0000e+00 -0.0000e+00 -0.0000e+00 -0.0000e+00 -0.0000e+00 -0.0000e+00 -0.0000e+00 -0.0000e+00 -0.0000e+00 -0.0000e+00 -0.0000e+00 -0.0000e+00 -0.0000e+00 -0.0000e+00 -0.0000e+00 -0.0000e+00 -0.0000e+00 -0.0000e+00 -0.0000e+00 -0.0000e+00 -0.0000e+00 -0.0000e+00 -0.0000e+00 -0.0000e+00
-2.3158e-15 -5.2477e-14 -3.2616e-13 -1.1943e-12 -3.2743e-12 -7.4774e-12 -1.5058e-11 -2.7662e-11 -4.7389e-11 -7.6845e-11 -1.1922e-10 -1.7836e-10 2.6194e-08 -3.6617e-10 -5.0669e-10 -6.8794e-10 -9.1869e-10 -1.2091e-09 -1.5711e-09 -2.0183e-09 -2.5665e-09 -3.2340e-09 -4.0420e-09 -5.0148e-09 -6.1803e-09 -7.5710e-09 -9.2239e-09 -1.1182e-08 -1.3495e-08 -1.6219e-08 -1.9421e-08 -2.3175e-08 -2.7569e-08 -3.2702e-08 -3.8691e-08 -4.5667e-08 -5.3781e-08 -6.3204e-08 -7.4132e-08 -8.6781e-08 -1.0139e-07 -1.1822e-07 -1.3753e-07 -1.5958e-07 -1.8460e-07 -2.1271e-07 -2.4387e-07 -2.7776e-07 -3.1357e-07 -3.4980e-07 -3.8392e-07 -4.1208e-07 -4.2897e-07 -4.2807e-07 -4.0294e-07 -3.4975e-07 -2.7120e-07 -1.7964e-07 -9.5424e-08 -3.7154e-08 -9.3251e-09 -1.2543e-09 -6.9226e-11 -1.0624e-12 -2.5626e-15 -4.1782e-19 -1.3090e-24 -1.1876e-32 -1.7609e-44 -5.1751e-62 -3.1993e-88 -8.8579e-128 -4.0434e-188 -3.0775e-281 -0.0000e+00 -0.0000e+00 -0.0000e+00 -0.0000e+00 -0.0000e+00 -0.0000e+00 -0.0000e+00 -0.0000e+00 -0.0000e+00 -0.0000e+00 -0.0000e+00 -0.0000e+00 -0.0000e+00 -0.0000e+00 -0.0000e+00 -0.0000e+00 -0.0000e+00 -0.0000e+00 -0.0000e+00 -0.0000e+00 -0.0000e+00 -0.0000e+00 -0.0000e+00 -0.0000e+00 -0.0000e+00 -0.0000e+00 -2.3158e-15 -5.2477e-14 -3.2616e-13 -1.1943e-12 -3.2743e-12 -7.4774e-12 -1.5058e-11 -2.7662e-11 -4.7389e-11 -7.6845e-11 -1.1922e-10 -1.7836e-10 0.0000e+00 -3.6617e-10 -5.0669e-10 -6.8794e-10 -9.1869e-10 -1.2091e-09 -1.5711e-09 -2.0183e-09 -2.5665e-09 -3.2340e-09 -4.0420e-09 -5.0148e-09 -6.1803e-09 -7.5710e-09 -9.2239e-09 -1.1182e-08 -1.3495e-08 -1.6219e-08 -1.9421e-08 -2.3175e-08 -2.7569e-08 -3.2702e-08 -3.8691e-08 -4.5667e-08 -5.3781e-08 -6.3204e-08 -7.4132e-08 -8.6781e-08 -1.0139e-07 -1.1822e-07 -1.3753e-07 -1.5958e-07 -1.8460e-07 -2.1271e-07 -2.4387e-07 -2.7776e-07 -3.1357e-07 -3.4980e-07 -3.8392e-07 -4.1208e-07 -4.2897e-07 -4.2807e-07 -4.0294e-07 -3.4975e-07 -2.7120e-07 -1.7964e-07 -9.5424e-08 -3.7154e-08 -9.3251e-09 -1.2543e-09 -6.9226e-11 -1.0624e-12 -2.5626e-15 -4.1782e-19 -1.3090e-24 -1.1876e-32 -1.7609e-44 -5.1750e-62 -3.1993e-88 -8.8579e-128 -4.0434e-188 -3.0775e-281 -0.0000e+00 -0.0000e+00 -0.0000e+00 -0.0000e+00 -0.0000e+00 -0.0000e+00 -0.0000e+00 -0.0000e+00 -0.0000e+00 -0.0000e+00 -0.0000e+00 -0.0000e+00 -0.0000e+00 -0.0000e+00 -0.0000e+00 -0.0000e+00 -0.0000e+00 -0.0000e+00 -0.0000e+00 -0.0000e+00 -0.0000e+00 -0.0000e+00 -0.0000e+00 -0.0000e+00 -0.0000e+00 -0.0000e+00
-3.2758e-15 -7.4231e-14 -4.6137e-13 -1.6894e-12 -4.6316e-12 -1.0577e-11 -2.1300e-11 -3.9129e-11 -6.7033e-11 -1.0870e-10 -1.6864e-10 -2.5229e-10 -3.6617e-10 5.6288e-08 -7.1673e-10 -9.7312e-10 -1.2995e-09 -1.7104e-09 -2.2224e-09 -2.8549e-09 -3.6304e-09 -4.5747e-09 -5.7176e-09 -7.0936e-09 -8.7423e-09 -1.0709e-08 -1.3048e-08 -1.5817e-08 -1.9089e-08 -2.2943e-08 -2.7471e-08 -3.2782e-08 -3.8997e-08 -4.6259e-08 -5.4730e-08 -6.4598e-08 -7.6075e-08 -8.9405e-08 -1.0486e-07 -1.2276e-07 -1.4342e-07 -1.6722e-07 -1.9454e-07 -2.2574e-07 -2.6112e-07 -3.0088e-07 -3.4496e-07 -3.9290e-07 -4.4356e-07 -4.9481e-07 -5.4307e-07 -5.8290e-07 -6.0679e-07 -6.0553e-07 -5.6997e-07 -4.9473e-07 -3.8362e-07 -2.5411e-07 -1.3498e-07 -5.2556e-08 -1.3191e-08 -1.7743e-09 -9.7923e-11 -1.5028e-12 -3.6248e-15 -5.9102e-19 -1.8516e-24 -1.6799e-32 -2.4909e-44 -7.3204e-62 -4.5256e-88 -1.2530e-127 -5.7197e-188 -4.3534e-281 -0.0000e+00 -0.0000e+00 -0.0000e+00 -0.0000e+00 -0.0000e+00 -0.0000e+00 -0.0000e+00 -0.0000e+00 -0.0000e+00 -0.0000e+00 -0.0000e+00 -0.0000e+00 -0.0000e+00 -0.0000e+00 -0.0000e+00 -0.0000e+00 -0.0000e+00 -0.0000e+00 -0.0000e+00 -0.0000e+00 -0.0000e+00 -0.0000e+00 -0.0000e+00 -0.0000e+00 -0.0000e+00 -0.0000e+00 -3.2758e-15 -7.4231e-14 -4.6137e-13 -1.6894e-12 -4.6316e-12 -1.0577e-11 -2.1300e-11 -3.9129e-11 -6.7033e-11 -1.0870e-10 -1.6864e-10 -2.5229e-10 -3.6617e-10 0.0000e+00 -7.1673e-10 -9.7312e-10 -1.2995e-09 -1.7104e-09 -2.2224e-09 -2.8549e-09 -3.6304e-09 -4.5747e-09 -5.7176e-09 -7.0936e-09 -8.7423e-09 -1.0709e-08 -1.3048e-08 -1.5817e-08 -1.9089e-08 -2.2943e-08 -2.7471e-08 -3.2782e-08 -3.8997e-08 -4.6259e-08 -5.4730e-08 -6.4598e-08 -7.6075e-08 -8.9405e-08 -1.0486e-07 -1.2276e-07 -1.4342e-07 -1.6722e-07 -1.9454e-07 -2.2574e-07 -2.6112e-07 -3.0088e-07 -3.4496e-07 -3.9290e-07 -4.4356e-07 -4.9481e-07 -5.4307e-07 -5.8290e-07 -6.0679e-07 -6.0553e-07 -5.6997e-07 -4.9473e-07 -3.8362e-07 -2.5411e-07 -1.3498e-07 -5.2556e-08 -1.3191e-08 -1.7743e-09 -9.7923e-11 -1.5028e-12 -3.6248e-15 -5.9102e-19 -1.8516e-24 -1.6799e-32 -2.4909e-44 -7.3203e-62 -4.5256e-88 -1.2530e-127 -5.7196e-188 -4.3532e-281 -0.0000e+00 -0.0000e+00 -0.0000e+00 -0.0000e+00 -0.0000e+00 -0.0000e+00 -0.0000e+00 -0.0000e+00 -0.0000e+00 -0.0000e+00 -0.0000e+00 -0.0000e+00 -0.0000e+00 -0.0000e+00 -0.0000e+00 -0.0000e+00 -0.0000e+00 -0.0000e+00 -0.0000e+00 -0.0000e+00 -0.0000e+00 -0.0000e+00 -0.0000e+00 -0.0000e+00 -0.0000e+00 -0.0000e+00
-4.5330e-15 -1.0272e-13 -6.3843e-13 -2.3378e-12 -6.4091e-12 -1.4636e-11 -2.9474e-11 -5.4146e-11 -9.2759e-11 -1.5042e-10 -2.3336e-10 -3.4912e-10 -5.0669e-10 -7.1673e-10 1.1498e-07 -1.3466e-09 -1.7982e-09 -2.3667e-09 -3.0752e-09 -3.9505e-09 -5.0236e-09 -6.3303e-09 -7.9118e-09 -9.8159e-09 -1.2097e-08 -1.4819e-08 -1.8055e-08 -2.1888e-08 -2.6415e-08 -3.1747e-08 -3.8014e-08 -4.5362e-08 -5.3963e-08 -6.4012e-08 -7.5734e-08 -8.9388e-08 -1.0527e-07 -1.2372e-07 -1.4511e-07 -1.6987e-07 -1.9846e-07 -2.3140e-07 -2.6920e-07 -3.1237e-07 -3.6133e-07 -4.1635e-07 -4.7735e-07 -5.4368e-07 -6.1378e-07 -6.8470e-07 -7.5148e-07 -8.0660e-07 -8.3966e-07 -8.3791e-07 -7.8871e-07 -6.8460e-07 -5.3084e-07 -3.5163e-07 -1.8678e-07 -7.2725e-08 -1.8253e-08 -2.4552e-09 -1.3550e-10 -2.0796e-12 -5.0160e-15 -8.1784e-19 -2.5622e-24 -2.3246e-32 -3.4468e-44 -1.0130e-61 -6.2625e-88 -1.7339e-127 -7.9151e-188 -6.0244e-281 -0.0000e+00 -0.0000e+00 -0.0000e+00 -0.0000e+00 -0.0000e+00 -0.0000e+00 -0.0000e+00 -0.0000e+00 -0.0000e+00 -0.0000e+00 -0.0000e+00 -0.0000e+00 -0.0000e+00 -0.0000e+00 -0.0000e+00 -0.0000e+00 -0.0000e+00 -0.0000e+00 -0.0000e+00 -0.0000e+00 -0.0000e+00 -0.0000e+00 -0.0000e+00 -0.0000e+00 -0.0000e+00 -0.0000e+00 -4.5330e-15 -1.0272e-13 -6.3843e-13 -2.3378e-12 -6.4091e-12 -1.4636e-11 -2.9474e-11 -5.4146e-11 -9.2759e-11 -1.5042e-10 -2.3336e-10 -3.4912e-10 -5.0669e-10 -7.1673e-10 0.0000e+00 -1.3466e-09 -1.7982e-09 -2.3667e-09 -3.0752e-09 -3.9505e-09 -5.0236e-09 -6.3303e-09 -7.9118e-09 -9.8159e-09 -1.2097e-08 -1.4819e-08 -1.8055e-08 -2.1888e-08 -2.6415e-08 -3.1747e-08 -3.8014e-08 -4.5362e-08 -5.3963e-08 -6.4012e-08 -7.5734e-08 -8.9388e-08 -1.0527e-07 -1.2372e-07 -1.4511e-07 -1.6987e-07 -1.9846e-07 -2.3140e-07 -2.6920e-07 -3.1237e-07 -3.6133e-07 -4.1635e-07 -4.7735e-07 -5.4368e-07 -6.1378e-07 -6.8470e-07 -7.5148e-07 -8.0660e-07 -8.3966e-07 -8.3791e-07 -7.8871e-07 -6.8460e-07 -5.3084e-07 -3.5163e-07 -1.8678e-07 -7.2725e-08 -1.8253e-08 -2.4552e-09 -1.3550e-10 -2.0796e-12 -5.0160e-15 -8.1783e-19 -2.5622e-24 -2.3246e-32 -3.4468e-44 -1.0130e-61 -6.2624e-88 -1.7339e-127 -7.9147e-188 -6.0240e-281 -0.0000e+00 -0.0000e+00 -0.0000e+00 -0.0000e+00 -0.0000e+00 -0.0000e+00 -0.0000e+00 -0.0000e+00 -0.0000e+00 -0.0000e+00 -0.0000e+00 -0.0000e+00 -0.0000e+00 -0.0000e+00 -0.0000e+00 -0.0000e+00 -0.0000e+00 -0.0000e+00 -0.0000e+00 -0.0000e+00 -0.0000e+00 -0.0000e+00 -0.0000e+00 -0.0000e+00 -0.0000e+00 -0.0000e+00
-6.1545e-15 -1.3946e-13 -8.6680e-13 -3.1741e-12 -8.7018e-12 -1.9872e-11 -4.0017e-11 -7.3516e-11 -1.2594e-10 -2.0422e-10 -3.1684e-10 -4.7400e-10 -6.8794e-10 -9.7312e-10 -1.3466e-09 2.2493e-07 -2.4415e-09 -3.2134e-09 -4.1753e-09 -5.3637e-09 -6.8207e-09 -8.5948e-09 -1.0742e-08 -1.3327e-08 -1.6425e-08 -2.0121e-08 -2.4513e-08 -2.9718e-08 -3.5864e-08 -4.3104e-08 -5.1612e-08 -6.1589e-08 -7.3266e-08 -8.6910e-08 -1.0283e-07 -1.2136e-07 -1.4293e-07 -1.6797e-07 -1.9701e-07 -2.3063e-07 -2.6946e-07 -3.1418e-07 -3.6550e-07 -4.2411e-07 -4.9059e-07 -5.6529e-07 -6.4810e-07 -7.3816e-07 -8.3335e-07 -9.2963e-07 -1.0203e-06 -1.0951e-06 -1.1400e-06 -1.1376e-06 -1.0709e-06 -9.2949e-07 -7.2073e-07 -4.7741e-07 -2.5360e-07 -9.8740e-08 -2.4782e-08 -3.3335e-09 -1.8398e-10 -2.8235e-12 -6.8103e-15 -1.1104e-18 -3.4788e-24 -3.1562e-32 -4.6799e-44 -1.3754e-61 -8.5030e-88 -2.3543e-127 -1.0747e-187 -8.1804e-281 -0.0000e+00 -0.0000e+00 -0.0000e+00 -0.0000e+00 -0.0000e+00 -0.0000e+00 -0.0000e+00 -0.0000e+00 -0.0000e+00 -0.0000e+00 -0.0000e+00 -0.0000e+00 -0.0000e+00 -0.0000e+00 -0.0000e+00 -0.0000e+00 -0.0000e+00 -0.0000e+00 -0.0000e+00 -0.0000e+00 -0.0000e+00 -0.0000e+00 -0.0000e+00 -0.0000e+00 -0.0000e+00 -0.0000e+00 -6.1545e-15 -1.3946e-13 -8.6680e-13 -3.1741e-12 -8.7018e-12 -1.9872e-11 -4.0017e-11 -7.3516e-11 -1.2594e-10 -2.0422e-10 -3.1684e-10 -4.7400e-10 -6.8794e-10 -9.7312e-10 -1.3466e-09 0.0000e+00 -2.4415e-09 -3.2134e-09 -4.1753e-09 -5.3637e-09 -6.8207e-09 -8.5948e-09 -1.0742e-08 -1.3327e-08 -1.6425e-08 -2.0121e-08 -2.4513e-08 -2.9718e-08 -3.5864e-08 -4.3104e-08 -5.1612e-08 -6.1589e-08 -7.3266e-08 -8.6910e-08 -1.0283e-07 -1.2136e-07 -1.4293e-07 -1.6797e-07 -1.9701e-07 -2.3063e-07 -2.6946e-07 -3.1418e-07 -3.6550e-07 -4.2411e-07 -4.9059e-07 -5.6529e-07 -6.4810e-07 -7.3816e-07 -8.3335e-07 -9.2963e-07 -1.0203e-06 -1.0951e-06 -1.1400e-06 -1.1376e-06 -1.0709e-06 -9.2949e-07 -7.2073e-07 -4.7741e-07 -2.5360e-07 -9.8740e-08 -2.4782e-08 -3.3335e-09 -1.8398e-10 -2.8235e-12 -6.8103e-15 -1.1104e-18 -3.4788e-24 -3.1562e-32 -4.6798e-44 -1.3753e-61 -8.5027e-88 -2.3541e-127 -1.0746e-187 -8.1792e-281 -0.0000e+00 -0.0000e+00 -0.0000e+00 -0.0000e+00 -0.0000e+00 -0.0000e+00 -0.0000e+00 -0.0000e+00 -0.0000e+00 -0.0000e+00 -0.0000e+00 -0.0000e+00 -0.0000e+00 -0.0000e+00 -0.0000e+00 -0.0000e+00 -0.0000e+00 -0.0000e+00 -0.0000e+00 -0.0000e+00 -0.0000e+00 -0.0000e+00 -0.0000e+00 -0.0000e+00 -0.0000e+00 -0.0000e+00
