1.1000e-08 -7.0710e-08 -1.2990e-07 -1.9999e-07 -2.7946e-07 -3.6730e-07 -4.6273e-07 -5.6511e-07 -6.7389e-07 -7.8860e-07 -9.0874e-07 -1.0339e-06 -1.1635e-06 -1.2971e-06 -1.4341e-06 -1.5740e-06 -1.7161e-06 -1.8597e-06 -2.0041e-06 -2.1484e-06 -2.2917e-06 -2.4330e-06 -2.5713e-06 -2.7054e-06 -2.8343e-06 -2.9565e-06 -3.0710e-06 -3.1764e-06 -3.2715e-06 -3.3549e-06 -3.4254e-06 -3.4819e-06 -3.5233e-06 -3.5487e-06 -3.5572e-06 -3.5484e-06 -3.5217e-06 -3.4772e-06 -3.4147e-06 -3.3349e-06 -3.2383e-06 -3.1258e-06 -2.9988e-06 -2.8587e-06 -2.7073e-06 -2.5465e-06 -2.3784e-06 -2.2052e-06 -2.0292e-06 -1.8527e-06 -1.6779e-06 -1.5069e-06 -1.3417e-06 -1.1839e-06 -1.0351e-06 -8.9630e-07 -7.6851e-07 -6.5224e-07 -5.4776e-07 -4.5504e-07 -3.7380e-07 -3.0353e-07 -2.4355e-07 -1.9304e-07 -1.5108e-07 -1.1671e-07 -8.8955e-08 -6.6873e-08 -4.9564e-08 -3.6202e-08 -2.6049e-08 -1.8456e-08 -1.2871e-08 -8.8316e-09 -5.9593e-09 -3.9528e-09 -2.5762e-09 -1.6490e-09 -1.0362e-09 -6.3885e-10 -3.8631e-10 -2.2899e-10 -1.3300e-10 -7.5647e-11 -4.2117e-11 -2.2942e-11 -1.2220e-11 -6.3615e-12 -3.2350e-12 -1.6062e-12 -7.7817e-13 -3.6769e-13 -1.6935e-13 -7.5991e-14 -3.3200e-14 -1.4115e-14 -5.8366e-15 -2.3458e-15 -9.1592e-16 -3.4720e-16 0.0000e+00 -7.0710e-08 -1.2990e-07 -1.9999e-07 -2.7946e-07 -3.6730e-07 -4.6273e-07 -5.6511e-07 -6.7389e-07 -7.8860e-07 -9.0874e-07 -1.0339e-06 -1.1635e-06 -1.2971e-06 -1.4341e-06 -1.5740e-06 -1.7161e-06 -1.8597e-06 -2.0041e-06 -2.1484e-06 -2.2917e-06 -2.4330e-06 -2.5713e-06 -2.7054e-06 -2.8343e-06 -2.9565e-06 -3.0710e-06 -3.1764e-06 -3.2715e-06 -3.3549e-06 -3.4254e-06 -3.4819e-06 -3.5233e-06 -3.5487e-06 -3.5572e-06 -3.5484e-06 -3.5217e-06 -3.4772e-06 -3.4147e-06 -3.3349e-06 -3.2383e-06 -3.1258e-06 -2.9988e-06 -2.8587e-06 -2.7073e-06 -2.5465e-06 -2.3784e-06 -2.2052e-06 -2.0292e-06 -1.8527e-06 -1.6779e-06 -1.5069e-06 -1.3417e-06 -1.1839e-06 -1.0351e-06 -8.9630e-07 -7.6851e-07 -6.5224e-07 -5.4776e-07 -4.5504e-07 -3.7380e-07 -3.0353e-07 -2.4355e-07 -1.9304e-07 -1.5108e-07 -1.1671e-07 -8.8955e-08 -6.6873e-08 -4.9564e-08 -3.6202e-08 -2.6049e-08 -1.8456e-08 -1.2871e-08 -8.8315e-09 -5.9593e-09 -3.9528e-09 -2.5762e-09 -1.6490e-09 -1.0362e-09 -6.3885e-10 -3.8630e-10 -2.2899e-10 -1.3300e-10 -7.5647e-11 -4.2117e-11 -2.2942e-11 -1.2220e-11 -6.3614e-12 -3.2350e-12 -1.6062e-12 -7.7816e-13 -3.6769e-13 -1.6935e-13 -7.5990e-14 -3.3200e-14 -1.4115e-14 -5.8365e-15 -2.3458e-15 -9.1592e-16 -3.4720e-16
-7.0710e-08 1.7592e-07 -3.6741e-07 -5.6565e-07 -7.9044e-07 -1.0389e-06 -1.3088e-06 -1.5984e-06 -1.9061e-06 -2.2305e-06 -2.5703e-06 -2.9242e-06 -3.2908e-06 -3.6686e-06 -4.0562e-06 -4.4519e-06 -4.8539e-06 -5.2601e-06 -5.6685e-06 -6.0765e-06 -6.4818e-06 -6.8815e-06 -7.2726e-06 -7.6521e-06 -8.0164e-06 -8.3623e-06 -8.6862e-06 -8.9843e-06 -9.2531e-06 -9.4890e-06 -9.6885e-06 -9.8483e-06 -9.9654e-06 -1.0037e-05 -1.0061e-05 -1.0036e-05 -9.9610e-06 -9.8349e-06 -9.6584e-06 -9.4325e-06 -9.1592e-06 -8.8412e-06 -8.4820e-06 -8.0858e-06 -7.6575e-06 -7.2026e-06 -6.7271e-06 -6.2373e-06 -5.7395e-06 -5.2403e-06 -4.7459e-06 -4.2623e-06 -3.7949e-06 -3.3487e-06 -2.9276e-06 -2.5352e-06 -2.1737e-06 -1.8448e-06 -1.5493e-06 -1.2871e-06 -1.0573e-06 -8.5854e-07 -6.8889e-07 -5.4601e-07 -4.2732e-07 -3.3011e-07 -2.5161e-07 -1.8915e-07 -1.4019e-07 -1.0240e-07 -7.3680e-08 -5.2204e-08 -3.6407e-08 -2.4980e-08 -1.6856e-08 -1.1181e-08 -7.2870e-09 -4.6643e-09 -2.9309e-09 -1.8070e-09 -1.0927e-09 -6.4771e-10 -3.7619e-10 -2.1398e-10 -1.1913e-10 -6.4893e-11 -3.4565e-11 -1.7994e-11 -9.1508e-12 -4.5433e-12 -2.2012e-12 -1.0401e-12 -4.7905e-13 -2.1496e-13 -9.3914e-14 -3.9928e-14 -1.6510e-14 -6.6359e-15 -2.5910e-15 -9.8217e-16 -7.0710e-08 0.0000e+00 -3.6741e-07 -5.6565e-07 -7.9044e-07 -1.0389e-06 -1.3088e-06 -1.5984e-06 -1.9061e-06 -2.2305e-06 -2.5703e-06 -2.9242e-06 -3.2908e-06 -3.6686e-06 -4.0562e-06 -4.4519e-06 -4.8539e-06 -5.2601e-06 -5.6684e-06 -6.0765e-06 -6.4818e-06 -6.8815e-06 -7.2726e-06 -7.6521e-06 -8.0164e-06 -8.3623e-06 -8.6862e-06 -8.9843e-06 -9.2531e-06 -9.4890e-06 -9.6885e-06 -9.8483e-06 -9.9654e-06 -1.0037e-05 -1.0061e-05 -1.0036e-05 -9.9610e-06 -9.8349e-06 -9.6583e-06 -9.4325e-06 -9.1592e-06 -8.8412e-06 -8.4819e-06 -8.0857e-06 -7.6574e-06 -7.2026e-06 -6.7271e-06 -6.2372e-06 -5.7395e-06 -5.2403e-06 -4.7459e-06 -4.2623e-06 -3.7949e-06 -3.3486e-06 -2.9276e-06 -2.5351e-06 -2.1737e-06 -1.8448e-06 -1.5493e-06 -1.2871e-06 -1.0573e-06 -8.5853e-07 -6.8888e-07 -5.4600e-07 -4.2732e-07 -3.3010e-07 -2.5161e-07 -1.8915e-07 -1.4019e-07 -1.0240e-07 -7.3678e-08 -5.2203e-08 -3.6406e-08 -2.4980e-08 -1.6856e-08 -1.1180e-08 -7.2868e-09 -4.6642e-09 -2.9308e-09 -1.8070e-09 -1.0927e-09 -6.4769e-10 -3.7617e-10 -2.1397e-10 -1.1913e-10 -6.4890e-11 -3.4564e-11 -1.7993e-11 -9.1502e-12 -4.5430e-12 -2.2010e-12 -1.0400e-12 -4.7902e-13 -2.1494e-13 -9.3907e-14 -3.9925e-14 -1.6509e-14 -6.6353e-15 -2.5907e-15 -9.8207e-16
-1.2990e-07 -3.6741e-07 8.9057e-07 -1.0391e-06 -1.4521e-06 -1.9085e-06 -2.4044e-06 -2.9363e-06 -3.5016e-06 -4.0976e-06 -4.7219e-06 -5.3720e-06 -6.0454e-06 -6.7396e-06 -7.4517e-06 -8.1786e-06 -8.9170e-06 -9.6633e-06 -1.0413e-05 -1.1163e-05 -1.1908e-05 -1.2642e-05 -1.3360e-05 -1.4058e-05 -1.4727e-05 -1.5362e-05 -1.5957e-05 -1.6505e-05 -1.6999e-05 -1.7432e-05 -1.7799e-05 -1.8092e-05 -1.8307e-05 -1.8439e-05 -1.8484e-05 -1.8438e-05 -1.8299e-05 -1.8068e-05 -1.7743e-05 -1.7329e-05 -1.6827e-05 -1.6242e-05 -1.5582e-05 -1.4855e-05 -1.4068e-05 -1.3232e-05 -1.2359e-05 -1.1459e-05 -1.0544e-05 -9.6273e-06 -8.7190e-06 -7.8306e-06 -6.9720e-06 -6.1521e-06 -5.3786e-06 -4.6576e-06 -3.9935e-06 -3.3894e-06 -2.8465e-06 -2.3647e-06 -1.9425e-06 -1.5774e-06 -1.2657e-06 -1.0032e-06 -7.8512e-07 -6.0651e-07 -4.6229e-07 -3.4753e-07 -2.5758e-07 -1.8814e-07 -1.3538e-07 -9.5920e-08 -6.6895e-08 -4.5900e-08 -3.0972e-08 -2.0544e-08 -1.3390e-08 -8.5707e-09 -5.3856e-09 -3.3205e-09 -2.0079e-09 -1.1902e-09 -6.9130e-10 -3.9321e-10 -2.1893e-10 -1.1925e-10 -6.3522e-11 -3.3069e-11 -1.6817e-11 -8.3498e-12 -4.0455e-12 -1.9116e-12 -8.8047e-13 -3.9508e-13 -1.7261e-13 -7.3390e-14 -3.0347e-14 -1.2198e-14 -4.7626e-15 -1.8054e-15 -1.2990e-07 -3.6741e-07 0.0000e+00 -1.0391e-06 -1.4521e-06 -1.9085e-06 -2.4044e-06 -2.9363e-06 -3.5016e-06 -4.0976e-06 -4.7219e-06 -5.3720e-06 -6.0454e-06 -6.7396e-06 -7.4517e-06 -8.1786e-06 -8.9170e-06 -9.6633e-06 -1.0413e-05 -1.1163e-05 -1.1908e-05 -1.2642e-05 -1.3360e-05 -1.4058e-05 -1.4727e-05 -1.5362e-05 -1.5957e-05 -1.6505e-05 -1.6999e-05 -1.7432e-05 -1.7799e-05 -1.8092e-05 -1.8307e-05 -1.8439e-05 -1.8484e-05 -1.8438e-05 -1.8299e-05 -1.8068e-05 -1.7743e-05 -1.7328e-05 -1.6826e-05 -1.6242e-05 -1.5582e-05 -1.4854e-05 -1.4067e-05 -1.3232e-05 -1.2358e-05 -1.1458e-05 -1.0544e-05 -9.6270e-06 -8.7187e-06 -7.8303e-06 -6.9717e-06 -6.1518e-06 -5.3784e-06 -4.6574e-06 -3.9933e-06 -3.3892e-06 -2.8463e-06 -2.3645e-06 -1.9424e-06 -1.5772e-06 -1.2656e-06 -1.0031e-06 -7.8505e-07 -6.0645e-07 -4.6224e-07 -3.4749e-07 -2.5755e-07 -1.8812e-07 -1.3536e-07 -9.5907e-08 -6.6885e-08 -4.5893e-08 -3.0967e-08 -2.0541e-08 -1.3387e-08 -8.5691e-09 -5.3845e-09 -3.3198e-09 -2.0075e-09 -1.1900e-09 -6.9113e-10 -3.9311e-10 -2.1887e-10 -1.1922e-10 -6.3504e-11 -3.3059e-11 -1.6812e-11 -8.3471e-12 -4.0441e-12 -1.9109e-12 -8.8013e-13 -3.9493e-13 -1.7254e-13 -7.3358e-14 -3.0334e-14 -1.2192e-14 -4.7603e-15 -1.8045e-15
-1.9999e-07 -5.6565e-07 -1.0391e-06 2.8146e-06 -2.2356e-06 -2.9382e-06 -3.7016e-06 -4.5206e-06 -5.3908e-06 -6.3084e-06 -7.2695e-06 -8.2703e-06 -9.3071e-06 -1.0376e-05 -1.1472e-05 -1.2591e-05 -1.3728e-05 -1.4877e-05 -1.6032e-05 -1.7186e-05 -1.8332e-05 -1.9463e-05 -2.0569e-05 -2.1642e-05 -2.2673e-05 -2.3651e-05 -2.4567e-05 -2.5410e-05 -2.6171e-05 -2.6838e-05 -2.7402e-05 -2.7854e-05 -2.8185e-05 -2.8389e-05 -2.8457e-05 -2.8386e-05 -2.8173e-05 -2.7817e-05 -2.7318e-05 -2.6679e-05 -2.5906e-05 -2.5007e-05 -2.3991e-05 -2.2871e-05 -2.1659e-05 -2.0373e-05 -1.9028e-05 -1.7643e-05 -1.6235e-05 -1.4823e-05 -1.3425e-05 -1.2057e-05 -1.0735e-05 -9.4727e-06 -8.2818e-06 -7.1717e-06 -6.1492e-06 -5.2190e-06 -4.3831e-06 -3.6412e-06 -2.9912e-06 -2.4290e-06 -1.9490e-06 -1.5448e-06 -1.2091e-06 -9.3403e-07 -7.1194e-07 -5.3522e-07 -3.9670e-07 -2.8977e-07 -2.0850e-07 -1.4774e-07 -1.0303e-07 -7.0699e-08 -4.7707e-08 -3.1646e-08 -2.0626e-08 -1.3203e-08 -8.2965e-09 -5.1155e-09 -3.0934e-09 -1.8338e-09 -1.0651e-09 -6.0586e-10 -3.3734e-10 -1.8376e-10 -9.7886e-11 -5.0961e-11 -2.5917e-11 -1.2869e-11 -6.2351e-12 -2.9464e-12 -1.3572e-12 -6.0902e-13 -2.6610e-13 -1.1314e-13 -4.6788e-14 -1.8807e-14 -7.3437e-15 -2.7841e-15 -1.9999e-07 -5.6565e-07 -1.0391e-06 0.0000e+00 -2.2356e-06 -2.9382e-06 -3.7016e-06 -4.5206e-06 -5.3908e-06 -6.3084e-06 -7.2695e-06 -8.2703e-06 -9.3071e-06 -1.0376e-05 -1.1472e-05 -1.2591e-05 -1.3728e-05 -1.4877e-05 -1.6032e-05 -1.7186e-05 -1.8332e-05 -1.9463e-05 -2.0569e-05 -2.1642e-05 -2.2673e-05 -2.3651e-05 -2.4567e-05 -2.5410e-05 -2.6170e-05 -2.6838e-05 -2.7402e-05 -2.7854e-05 -2.8185e-05 -2.8388e-05 -2.8456e-05 -2.8386e-05 -2.8173e-05 -2.7816e-05 -2.7317e-05 -2.6678e-05 -2.5905e-05 -2.5006e-05 -2.3990e-05 -2.2869e-05 -2.1658e-05 -2.0371e-05 -1.9027e-05 -1.7641e-05 -1.6233e-05 -1.4822e-05 -1.3423e-05 -1.2055e-05 -1.0734e-05 -9.4714e-06 -8.2806e-06 -7.1705e-06 -6.1482e-06 -5.2181e-06 -4.3822e-06 -3.6405e-06 -2.9906e-06 -2.4284e-06 -1.9486e-06 -1.5444e-06 -1.2087e-06 -9.3374e-07 -7.1171e-07 -5.3504e-07 -3.9655e-07 -2.8965e-07 -2.0842e-07 -1.4767e-07 -1.0299e-07 -7.0665e-08 -4.7683e-08 -3.1629e-08 -2.0614e-08 -1.3195e-08 -8.2914e-09 -5.1122e-09 -3.0913e-09 -1.8324e-09 -1.0643e-09 -6.0538e-10 -3.3706e-10 -1.8360e-10 -9.7797e-11 -5.0913e-11 -2.5891e-11 -1.2855e-11 -6.2283e-12 -2.9430e-12 -1.3555e-12 -6.0826e-13 -2.6575e-13 -1.1299e-13 -4.6722e-14 -1.8779e-14 -7.3325e-15 -2.7796e-15
-2.7946e-07 -7.9044e-07 -1.4521e-06 -2.2356e-06 6.8717e-06 -4.1059e-06 -5.1727e-06 -6.3171e-06 -7.5332e-06 -8.8154e-06 -1.0158e-05 -1.1557e-05 -1.3006e-05 -1.4499e-05 -1.6031e-05 -1.7595e-05 -1.9184e-05 -2.0789e-05 -2.2403e-05 -2.4016e-05 -2.5618e-05 -2.7198e-05 -2.8744e-05 -3.0243e-05 -3.1684e-05 -3.3051e-05 -3.4331e-05 -3.5509e-05 -3.6572e-05 -3.7505e-05 -3.8293e-05 -3.8925e-05 -3.9388e-05 -3.9672e-05 -3.9768e-05 -3.9670e-05 -3.9372e-05 -3.8875e-05 -3.8177e-05 -3.7285e-05 -3.6205e-05 -3.4949e-05 -3.3529e-05 -3.1964e-05 -3.0271e-05 -2.8474e-05 -2.6595e-05 -2.4659e-05 -2.2691e-05 -2.0718e-05 -1.8764e-05 -1.6853e-05 -1.5005e-05 -1.3241e-05 -1.1577e-05 -1.0025e-05 -8.5962e-06 -7.2960e-06 -6.1276e-06 -5.0906e-06 -4.1820e-06 -3.3960e-06 -2.7251e-06 -2.1600e-06 -1.6906e-06 -1.3061e-06 -9.9557e-07 -7.4848e-07 -5.5479e-07 -4.0526e-07 -2.9162e-07 -2.0664e-07 -1.4412e-07 -9.8898e-08 -6.6740e-08 -4.4273e-08 -2.8858e-08 -1.8474e-08 -1.1609e-08 -7.1586e-09 -4.3292e-09 -2.5665e-09 -1.4908e-09 -8.4809e-10 -4.7225e-10 -2.5728e-10 -1.3706e-10 -7.1362e-11 -3.6296e-11 -1.8024e-11 -8.7337e-12 -4.1275e-12 -1.9014e-12 -8.5335e-13 -3.7290e-13 -1.5857e-13 -6.5583e-14 -2.6365e-14 -1.0296e-14 -3.9040e-15 -2.7946e-07 -7.9044e-07 -1.4521e-06 -2.2356e-06 0.0000e+00 -4.1059e-06 -5.1727e-06 -6.3171e-06 -7.5332e-06 -8.8154e-06 -1.0158e-05 -1.1557e-05 -1.3006e-05 -1.4499e-05 -1.6031e-05 -1.7595e-05 -1.9184e-05 -2.0789e-05 -2.2403e-05 -2.4016e-05 -2.5618e-05 -2.7198e-05 -2.8743e-05 -3.0243e-05 -3.1683e-05 -3.3050e-05 -3.4330e-05 -3.5509e-05 -3.6571e-05 -3.7503e-05 -3.8292e-05 -3.8924e-05 -3.9387e-05 -3.9670e-05 -3.9766e-05 -3.9667e-05 -3.9370e-05 -3.8871e-05 -3.8174e-05 -3.7281e-05 -3.6201e-05 -3.4945e-05 -3.3525e-05 -3.1959e-05 -3.0266e-05 -2.8469e-05 -2.6590e-05 -2.4654e-05 -2.2686e-05 -2.0713e-05 -1.8759e-05 -1.6848e-05 -1.5001e-05 -1.3237e-05 -1.1573e-05 -1.0021e-05 -8.5926e-06 -7.2928e-06 -6.1247e-06 -5.0880e-06 -4.1797e-06 -3.3941e-06 -2.7234e-06 -2.1586e-06 -1.6894e-06 -1.3051e-06 -9.9479e-07 -7.4786e-07 -5.5430e-07 -4.0488e-07 -2.9133e-07 -2.0642e-07 -1.4396e-07 -9.8782e-08 -6.6658e-08 -4.4216e-08 -2.8818e-08 -1.8447e-08 -1.1592e-08 -7.1472e-09 -4.3220e-09 -2.5620e-09 -1.4881e-09 -8.4644e-10 -4.7129e-10 -2.5673e-10 -1.3675e-10 -7.1195e-11 -3.6207e-11 -1.7978e-11 -8.7104e-12 -4.1160e-12 -1.8959e-12 -8.5076e-13 -3.7172e-13 -1.5805e-13 -6.5357e-14 -2.6270e-14 -1.0258e-14 -3.8888e-15
-3.6730e-07 -1.0389e-06 -1.9085e-06 -2.9382e-06 -4.1059e-06 1.4249e-05 -6.7985e-06 -8.3026e-06 -9.9010e-06 -1.1586e-05 -1.3351e-05 -1.5190e-05 -1.7094e-05 -1.9057e-05 -2.1070e-05 -2.3126e-05 -2.5214e-05 -2.7324e-05 -2.9445e-05 -3.1565e-05 -3.3671e-05 -3.5747e-05 -3.7779e-05 -3.9750e-05 -4.1643e-05 -4.3440e-05 -4.5123e-05 -4.6672e-05 -4.8069e-05 -4.9295e-05 -5.0332e-05 -5.1163e-05 -5.1773e-05 -5.2146e-05 -5.2273e-05 -5.2144e-05 -5.1754e-05 -5.1100e-05 -5.0184e-05 -4.9012e-05 -4.7594e-05 -4.5943e-05 -4.4078e-05 -4.2020e-05 -3.9796e-05 -3.7434e-05 -3.4964e-05 -3.2420e-05 -2.9835e-05 -2.7241e-05 -2.4673e-05 -2.2160e-05 -1.9731e-05 -1.7412e-05 -1.5224e-05 -1.3184e-05 -1.1306e-05 -9.5960e-06 -8.0597e-06 -6.6961e-06 -5.5012e-06 -4.4676e-06 -3.5852e-06 -2.8420e-06 -2.2245e-06 -1.7186e-06 -1.3101e-06 -9.8506e-07 -7.3020e-07 -5.3344e-07 -3.8390e-07 -2.7205e-07 -1.8976e-07 -1.3023e-07 -8.7892e-08 -5.8311e-08 -3.8012e-08 -2.4337e-08 -1.5296e-08 -9.4329e-09 -5.7054e-09 -3.3828e-09 -1.9653e-09 -1.1181e-09 -6.2272e-10 -3.3930e-10 -1.8079e-10 -9.4145e-11 -4.7892e-11 -2.3786e-11 -1.1528e-11 -5.4493e-12 -2.5108e-12 -1.1271e-12 -4.9261e-13 -2.0953e-13 -8.6675e-14 -3.4852e-14 -1.3614e-14 -5.1632e-15 -3.6730e-07 -1.0389e-06 -1.9085e-06 -2.9382e-06 -4.1059e-06 0.0000e+00 -6.7985e-06 -8.3026e-06 -9.9010e-06 -1.1586e-05 -1.3351e-05 -1.5190e-05 -1.7094e-05 -1.9057e-05 -2.1070e-05 -2.3126e-05 -2.5213e-05 -2.7324e-05 -2.9445e-05 -3.1565e-05 -3.3670e-05 -3.5746e-05 -3.7778e-05 -3.9749e-05 -4.1642e-05 -4.3439e-05 -4.5121e-05 -4.6670e-05 -4.8067e-05 -4.9292e-05 -5.0329e-05 -5.1159e-05 -5.1768e-05 -5.2141e-05 -5.2267e-05 -5.2137e-05 -5.1746e-05 -5.1091e-05 -5.0175e-05 -4.9002e-05 -4.7583e-05 -4.5931e-05 -4.4065e-05 -4.2007e-05 -3.9783e-05 -3.7420e-05 -3.4951e-05 -3.2406e-05 -2.9821e-05 -2.7227e-05 -2.4659e-05 -2.2147e-05 -1.9719e-05 -1.7400e-05 -1.5213e-05 -1.3174e-05 -1.1296e-05 -9.5873e-06 -8.0518e-06 -6.6891e-06 -5.4950e-06 -4.4622e-06 -3.5806e-06 -2.8381e-06 -2.2213e-06 -1.7160e-06 -1.3080e-06 -9.8336e-07 -7.2886e-07 -5.3241e-07 -3.8311e-07 -2.7146e-07 -1.8933e-07 -1.2991e-07 -8.7667e-08 -5.8154e-08 -3.7904e-08 -2.4264e-08 -1.5248e-08 -9.4017e-09 -5.6855e-09 -3.3705e-09 -1.9577e-09 -1.1137e-09 -6.2010e-10 -3.3781e-10 -1.7995e-10 -9.3690e-11 -4.7650e-11 -2.3661e-11 -1.1465e-11 -5.4179e-12 -2.4957e-12 -1.1200e-12 -4.8939e-13 -2.0810e-13 -8.6059e-14 -3.4594e-14 -1.3509e-14 -5.1218e-15
-4.6273e-07 -1.3088e-06 -2.4044e-06 -3.7016e-06 -5.1727e-06 -6.7985e-06 2.6398e-05 -1.0460e-05 -1.2473e-05 -1.4596e-05 -1.6820e-05 -1.9136e-05 -2.1535e-05 -2.4008e-05 -2.6544e-05 -2.9134e-05 -3.1764e-05 -3.4423e-05 -3.7095e-05 -3.9766e-05 -4.2419e-05 -4.5035e-05 -4.7595e-05 -5.0079e-05 -5.2464e-05 -5.4729e-05 -5.6849e-05 -5.8801e-05 -6.0562e-05 -6.2107e-05 -6.3415e-05 -6.4462e-05 -6.5231e-05 -6.5703e-05 -6.5864e-05 -6.5703e-05 -6.5212e-05 -6.4389e-05 -6.3237e-05 -6.1762e-05 -5.9976e-05 -5.7897e-05 -5.5548e-05 -5.2957e-05 -5.0156e-05 -4.7181e-05 -4.4070e-05 -4.0865e-05 -3.7608e-05 -3.4341e-05 -3.1104e-05 -2.7938e-05 -2.4878e-05 -2.1955e-05 -1.9198e-05 -1.6627e-05 -1.4258e-05 -1.2103e-05 -1.0166e-05 -8.4470e-06 -6.9403e-06 -5.6369e-06 -4.5240e-06 -3.5865e-06 -2.8076e-06 -2.1694e-06 -1.6540e-06 -1.2437e-06 -9.2206e-07 -6.7370e-07 -4.8490e-07 -3.4368e-07 -2.3976e-07 -1.6457e-07 -1.1109e-07 -7.3714e-08 -4.8062e-08 -3.0776e-08 -1.9347e-08 -1.1934e-08 -7.2196e-09 -4.2816e-09 -2.4880e-09 -1.4159e-09 -7.8873e-10 -4.2987e-10 -2.2910e-10 -1.1934e-10 -6.0725e-11 -3.0169e-11 -1.4626e-11 -6.9157e-12 -3.1875e-12 -1.4313e-12 -6.2581e-13 -2.6627e-13 -1.1019e-13 -4.4324e-14 -1.7321e-14 -6.5716e-15 -4.6273e-07 -1.3088e-06 -2.4044e-06 -3.7016e-06 -5.1727e-06 -6.7985e-06 0.0000e+00 -1.0460e-05 -1.2473e-05 -1.4596e-05 -1.6820e-05 -1.9136e-05 -2.1535e-05 -2.4008e-05 -2.6544e-05 -2.9134e-05 -3.1764e-05 -3.4422e-05 -3.7095e-05 -3.9765e-05 -4.2418e-05 -4.5033e-05 -4.7593e-05 -5.0076e-05 -5.2461e-05 -5.4725e-05 -5.6845e-05 -5.8796e-05 -6.0556e-05 -6.2100e-05 -6.3406e-05 -6.4452e-05 -6.5219e-05 -6.5690e-05 -6.5849e-05 -6.5686e-05 -6.5194e-05 -6.4369e-05 -6.3215e-05 -6.1738e-05 -5.9950e-05 -5.7870e-05 -5.5520e-05 -5.2928e-05 -5.0126e-05 -4.7149e-05 -4.4038e-05 -4.0833e-05 -3.7575e-05 -3.4308e-05 -3.1073e-05 -2.7908e-05 -2.4848e-05 -2.1927e-05 -1.9171e-05 -1.6602e-05 -1.4236e-05 -1.2083e-05 -1.0148e-05 -8.4307e-06 -6.9259e-06 -5.6244e-06 -4.5133e-06 -3.5775e-06 -2.8001e-06 -2.1632e-06 -1.6490e-06 -1.2397e-06 -9.1894e-07 -6.7128e-07 -4.8306e-07 -3.4230e-07 -2.3875e-07 -1.6383e-07 -1.1056e-07 -7.3347e-08 -4.7810e-08 -3.0607e-08 -1.9235e-08 -1.1861e-08 -7.1733e-09 -4.2528e-09 -2.4704e-09 -1.4054e-09 -7.8261e-10 -4.2637e-10 -2.2715e-10 -1.1828e-10 -6.0159e-11 -2.9875e-11 -1.4477e-11 -6.8423e-12 -3.1522e-12 -1.4148e-12 -6.1826e-13 -2.6293e-13 -1.0875e-13 -4.3720e-14 -1.7075e-14 -6.4747e-15
-5.6511e-07 -1.5984e-06 -2.9363e-06 -4.5206e-06 -6.3171e-06 -8.3026e-06 -1.0460e-05 4.5034e-05 -1.5233e-05 -1.7826e-05 -2.0541e-05 -2.3370e-05 -2.6300e-05 -2.9320e-05 -3.2417e-05 -3.5580e-05 -3.8793e-05 -4.2040e-05 -4.5304e-05 -4.8566e-05 -5.1806e-05 -5.5001e-05 -5.8128e-05 -6.1162e-05 -6.4076e-05 -6.6842e-05 -6.9433e-05 -7.1818e-05 -7.3970e-05 -7.5858e-05 -7.7456e-05 -7.8738e-05 -7.9678e-05 -8.0257e-05 -8.0455e-05 -8.0261e-05 -7.9664e-05 -7.8662e-05 -7.7256e-05 -7.5457e-05 -7.3278e-05 -7.0742e-05 -6.7875e-05 -6.4713e-05 -6.1293e-05 -5.7661e-05 -5.3862e-05 -4.9949e-05 -4.5971e-05 -4.1980e-05 -3.8027e-05 -3.4159e-05 -3.0420e-05 -2.6849e-05 -2.3479e-05 -2.0337e-05 -1.7442e-05 -1.4808e-05 -1.2439e-05 -1.0337e-05 -8.4945e-06 -6.9001e-06 -5.5387e-06 -4.3917e-06 -3.4385e-06 -2.6573e-06 -2.0264e-06 -1.5240e-06 -1.1301e-06 -8.2588e-07 -5.9457e-07 -4.2151e-07 -2.9413e-07 -2.0193e-07 -1.3635e-07 -9.0498e-08 -5.9022e-08 -3.7806e-08 -2.3773e-08 -1.4669e-08 -8.8769e-09 -5.2662e-09 -3.0612e-09 -1.7427e-09 -9.7118e-10 -5.2951e-10 -2.8232e-10 -1.4712e-10 -7.4894e-11 -3.7225e-11 -1.8055e-11 -8.5412e-12 -3.9386e-12 -1.7695e-12 -7.7407e-13 -3.2953e-13 -1.3644e-13 -5.4916e-14 -2.1472e-14 -8.1517e-15 -5.6511e-07 -1.5984e-06 -2.9363e-06 -4.5206e-06 -6.3171e-06 -8.3026e-06 -1.0460e-05 0.0000e+00 -1.5233e-05 -1.7826e-05 -2.0541e-05 -2.3370e-05 -2.6299e-05 -2.9319e-05 -3.2417e-05 -3.5579e-05 -3.8792e-05 -4.2039e-05 -4.5302e-05 -4.8564e-05 -5.1803e-05 -5.4998e-05 -5.8124e-05 -6.1157e-05 -6.4069e-05 -6.6834e-05 -6.9423e-05 -7.1807e-05 -7.3956e-05 -7.5842e-05 -7.7438e-05 -7.8717e-05 -7.9654e-05 -8.0229e-05 -8.0424e-05 -8.0226e-05 -7.9626e-05 -7.8620e-05 -7.7211e-05 -7.5407e-05 -7.3225e-05 -7.0685e-05 -6.7816e-05 -6.4651e-05 -6.1229e-05 -5.7595e-05 -5.3795e-05 -4.9881e-05 -4.5903e-05 -4.1913e-05 -3.7961e-05 -3.4095e-05 -3.0359e-05 -2.6791e-05 -2.3424e-05 -2.0286e-05 -1.7395e-05 -1.4765e-05 -1.2401e-05 -1.0303e-05 -8.4645e-06 -6.8741e-06 -5.5165e-06 -4.3729e-06 -3.4228e-06 -2.6445e-06 -2.0160e-06 -1.5158e-06 -1.1236e-06 -8.2084e-07 -5.9073e-07 -4.1863e-07 -2.9201e-07 -2.0040e-07 -1.3525e-07 -8.9733e-08 -5.8496e-08 -3.7452e-08 -2.3539e-08 -1.4517e-08 -8.7803e-09 -5.2061e-09 -3.0246e-09 -1.7209e-09 -9.5840e-10 -5.2222e-10 -2.7825e-10 -1.4490e-10 -7.3713e-11 -3.6612e-11 -1.7745e-11 -8.3878e-12 -3.8649e-12 -1.7349e-12 -7.5831e-13 -3.2254e-13 -1.3343e-13 -5.3654e-14 -2.0959e-14 -7.9491e-15
-6.7389e-07 -1.9061e-06 -3.5016e-06 -5.3908e-06 -7.5332e-06 -9.9010e-06 -1.2473e-05 -1.5233e-05 7.2135e-05 -2.1257e-05 -2.4496e-05 -2.7869e-05 -3.1363e-05 -3.4964e-05 -3.8659e-05 -4.2430e-05 -4.6261e-05 -5.0134e-05 -5.4027e-05 -5.7917e-05 -6.1781e-05 -6.5592e-05 -6.9323e-05 -7.2942e-05 -7.6418e-05 -7.9718e-05 -8.2809e-05 -8.5656e-05 -8.8224e-05 -9.0478e-05 -9.2387e-05 -9.3918e-05 -9.5043e-05 -9.5736e-05 -9.5977e-05 -9.5748e-05 -9.5041e-05 -9.3850e-05 -9.2178e-05 -9.0036e-05 -8.7442e-05 -8.4421e-05 -8.1006e-05 -7.7237e-05 -7.3162e-05 -6.8832e-05 -6.4304e-05 -5.9637e-05 -5.4893e-05 -5.0134e-05 -4.5418e-05 -4.0804e-05 -3.6342e-05 -3.2081e-05 -2.8058e-05 -2.4307e-05 -2.0850e-05 -1.7704e-05 -1.4876e-05 -1.2364e-05 -1.0162e-05 -8.2565e-06 -6.6289e-06 -5.2573e-06 -4.1172e-06 -3.1827e-06 -2.4276e-06 -1.8264e-06 -1.3547e-06 -9.9031e-07 -7.1317e-07 -5.0575e-07 -3.5304e-07 -2.4247e-07 -1.6377e-07 -1.0875e-07 -7.0952e-08 -4.5467e-08 -2.8603e-08 -1.7657e-08 -1.0690e-08 -6.3451e-09 -3.6902e-09 -2.1019e-09 -1.1720e-09 -6.3934e-10 -3.4108e-10 -1.7785e-10 -9.0591e-11 -4.5056e-11 -2.1868e-11 -1.0352e-11 -4.7769e-12 -2.1476e-12 -9.4018e-13 -4.0055e-13 -1.6598e-13 -6.6859e-14 -2.6164e-14 -9.9413e-15 -6.7389e-07 -1.9061e-06 -3.5016e-06 -5.3908e-06 -7.5332e-06 -9.9010e-06 -1.2473e-05 -1.5233e-05 0.0000e+00 -2.1257e-05 -2.4496e-05 -2.7869e-05 -3.1362e-05 -3.4964e-05 -3.8658e-05 -4.2429e-05 -4.6260e-05 -5.0132e-05 -5.4024e-05 -5.7913e-05 -6.1776e-05 -6.5586e-05 -6.9315e-05 -7.2932e-05 -7.6406e-05 -7.9703e-05 -8.2791e-05 -8.5634e-05 -8.8198e-05 -9.0448e-05 -9.2352e-05 -9.3878e-05 -9.4997e-05 -9.5684e-05 -9.5918e-05 -9.5683e-05 -9.4968e-05 -9.3770e-05 -9.2091e-05 -8.9942e-05 -8.7341e-05 -8.4313e-05 -8.0892e-05 -7.7119e-05 -7.3039e-05 -6.8706e-05 -6.4175e-05 -5.9508e-05 -5.4764e-05 -5.0005e-05 -4.5293e-05 -4.0682e-05 -3.6225e-05 -3.1969e-05 -2.7953e-05 -2.4209e-05 -2.0761e-05 -1.7623e-05 -1.4802e-05 -1.2299e-05 -1.0105e-05 -8.2068e-06 -6.5864e-06 -5.2215e-06 -4.0874e-06 -3.1582e-06 -2.4078e-06 -1.8105e-06 -1.3422e-06 -9.8067e-07 -7.0583e-07 -5.0025e-07 -3.4898e-07 -2.3953e-07 -1.6168e-07 -1.0728e-07 -6.9946e-08 -4.4788e-08 -2.8154e-08 -1.7366e-08 -1.0505e-08 -6.2299e-09 -3.6200e-09 -2.0600e-09 -1.1475e-09 -6.2537e-10 -3.3328e-10 -1.7359e-10 -8.8328e-11 -4.3880e-11 -2.1272e-11 -1.0058e-11 -4.6354e-12 -2.0813e-12 -9.0996e-13 -3.8715e-13 -1.6020e-13 -6.4437e-14 -2.5179e-14 -9.5522e-15
-7.8860e-07 -2.2305e-06 -4.0976e-06 -6.3084e-06 -8.8154e-06 -1.1586e-05 -1.4596e-05 -1.7826e-05 -2.1257e-05 1.0994e-04 -2.8666e-05 -3.2612e-05 -3.6701e-05 -4.0916e-05 -4.5239e-05 -4.9653e-05 -5.4137e-05 -5.8669e-05 -6.3225e-05 -6.7779e-05 -7.2301e-05 -7.6763e-05 -8.1129e-05 -8.5366e-05 -8.9436e-05 -9.3301e-05 -9.6921e-05 -1.0026e-04 -1.0326e-04 -1.0591e-04 -1.0814e-04 -1.0994e-04 -1.1126e-04 -1.1208e-04 -1.1237e-04 -1.1211e-04 -1.1128e-04 -1.0990e-04 -1.0795e-04 -1.0545e-04 -1.0242e-04 -9.8889e-05 -9.4898e-05 -9.0493e-05 -8.5728e-05 -8.0664e-05 -7.5367e-05 -6.9907e-05 -6.4356e-05 -5.8785e-05 -5.3264e-05 -4.7861e-05 -4.2636e-05 -3.7644e-05 -3.2930e-05 -2.8534e-05 -2.4482e-05 -2.0793e-05 -1.7475e-05 -1.4529e-05 -1.1945e-05 -9.7076e-06 -7.7964e-06 -6.1853e-06 -4.8456e-06 -3.7471e-06 -2.8592e-06 -2.1519e-06 -1.5968e-06 -1.1678e-06 -8.4134e-07 -5.9692e-07 -4.1687e-07 -2.8645e-07 -1.9359e-07 -1.2861e-07 -8.3958e-08 -5.3833e-08 -3.3886e-08 -2.0931e-08 -1.2681e-08 -7.5317e-09 -4.3834e-09 -2.4985e-09 -1.3941e-09 -7.6113e-10 -4.0637e-10 -2.1206e-10 -1.0811e-10 -5.3816e-11 -2.6143e-11 -1.2387e-11 -5.7216e-12 -2.5749e-12 -1.1284e-12 -4.8122e-13 -1.9962e-13 -8.0498e-14 -3.1537e-14 -1.1997e-14 -7.8860e-07 -2.2305e-06 -4.0976e-06 -6.3084e-06 -8.8154e-06 -1.1586e-05 -1.4596e-05 -1.7826e-05 -2.1257e-05 0.0000e+00 -2.8665e-05 -3.2612e-05 -3.6701e-05 -4.0915e-05 -4.5238e-05 -4.9651e-05 -5.4134e-05 -5.8665e-05 -6.3220e-05 -6.7772e-05 -7.2293e-05 -7.6751e-05 -8.1115e-05 -8.5348e-05 -8.9414e-05 -9.3274e-05 -9.6888e-05 -1.0022e-04 -1.0322e-04 -1.0585e-04 -1.0808e-04 -1.0987e-04 -1.1118e-04 -1.1199e-04 -1.1226e-04 -1.1199e-04 -1.1115e-04 -1.0975e-04 -1.0779e-04 -1.0528e-04 -1.0224e-04 -9.8697e-05 -9.4695e-05 -9.0281e-05 -8.5509e-05 -8.0439e-05 -7.5138e-05 -6.9676e-05 -6.4125e-05 -5.8556e-05 -5.3040e-05 -4.7643e-05 -4.2427e-05 -3.7445e-05 -3.2743e-05 -2.8360e-05 -2.4322e-05 -2.0647e-05 -1.7344e-05 -1.4412e-05 -1.1842e-05 -9.6189e-06 -7.7205e-06 -6.1212e-06 -4.7922e-06 -3.7033e-06 -2.8237e-06 -2.1236e-06 -1.5745e-06 -1.1505e-06 -8.2822e-07 -5.8709e-07 -4.0963e-07 -2.8120e-07 -1.8984e-07 -1.2599e-07 -8.2160e-08 -5.2620e-08 -3.3084e-08 -2.0411e-08 -1.2350e-08 -7.3257e-09 -4.2577e-09 -2.4235e-09 -1.3503e-09 -7.3610e-10 -3.9240e-10 -2.0445e-10 -1.0406e-10 -5.1710e-11 -2.5076e-11 -1.1860e-11 -5.4679e-12 -2.4560e-12 -1.0741e-12 -4.5717e-13 -1.8925e-13 -7.6149e-14 -2.9767e-14 -1.1298e-14
-9.0874e-07 -2.5703e-06 -4.7219e-06 -7.2695e-06 -1.0158e-05 -1.3351e-05 -1.6820e-05 -2.0541e-05 -2.4496e-05 -2.8666e-05 1.6096e-04 -3.7581e-05 -4.2293e-05 -4.7150e-05 -5.2133e-05 -5.7219e-05 -6.2387e-05 -6.7610e-05 -7.2861e-05 -7.8110e-05 -8.3324e-05 -8.8467e-05 -9.3501e-05 -9.8386e-05 -1.0308e-04 -1.0754e-04 -1.1171e-04 -1.1556e-04 -1.1903e-04 -1.2208e-04 -1.2467e-04 -1.2675e-04 -1.2828e-04 -1.2923e-04 -1.2957e-04 -1.2928e-04 -1.2834e-04 -1.2676e-04 -1.2452e-04 -1.2165e-04 -1.1817e-04 -1.1411e-04 -1.0952e-04 -1.0445e-04 -9.8964e-05 -9.3134e-05 -8.7033e-05 -8.0743e-05 -7.4346e-05 -6.7924e-05 -6.1559e-05 -5.5327e-05 -4.9300e-05 -4.3538e-05 -3.8098e-05 -3.3021e-05 -2.8341e-05 -2.4078e-05 -2.0243e-05 -1.6836e-05 -1.3847e-05 -1.1258e-05 -9.0453e-06 -7.1792e-06 -5.6268e-06 -4.3533e-06 -3.3234e-06 -2.5025e-06 -1.8580e-06 -1.3596e-06 -9.8011e-07 -6.9580e-07 -4.8624e-07 -3.3434e-07 -2.2610e-07 -1.5032e-07 -9.8204e-08 -6.3015e-08 -3.9698e-08 -2.4541e-08 -1.4881e-08 -8.8461e-09 -5.1530e-09 -2.9400e-09 -1.6421e-09 -8.9740e-10 -4.7962e-10 -2.5056e-10 -1.2788e-10 -6.3729e-11 -3.0995e-11 -1.4704e-11 -6.8001e-12 -3.0641e-12 -1.3445e-12 -5.7420e-13 -2.3852e-13 -9.6320e-14 -3.7791e-14 -1.4397e-14 -9.0874e-07 -2.5703e-06 -4.7219e-06 -7.2695e-06 -1.0158e-05 -1.3351e-05 -1.6820e-05 -2.0541e-05 -2.4496e-05 -2.8665e-05 0.0000e+00 -3.7581e-05 -4.2292e-05 -4.7149e-05 -5.2130e-05 -5.7216e-05 -6.2382e-05 -6.7604e-05 -7.2853e-05 -7.8099e-05 -8.3309e-05 -8.8448e-05 -9.3477e-05 -9.8356e-05 -1.0304e-04 -1.0749e-04 -1.1166e-04 -1.1549e-04 -1.1896e-04 -1.2199e-04 -1.2456e-04 -1.2663e-04 -1.2814e-04 -1.2907e-04 -1.2939e-04 -1.2908e-04 -1.2812e-04 -1.2651e-04 -1.2426e-04 -1.2136e-04 -1.1786e-04 -1.1378e-04 -1.0918e-04 -1.0409e-04 -9.8595e-05 -9.2754e-05 -8.6646e-05 -8.0353e-05 -7.3956e-05 -6.7538e-05 -6.1181e-05 -5.4960e-05 -4.8947e-05 -4.3203e-05 -3.7782e-05 -3.2727e-05 -2.8070e-05 -2.3832e-05 -2.0022e-05 -1.6639e-05 -1.3674e-05 -1.1108e-05 -8.9170e-06 -7.0709e-06 -5.5366e-06 -4.2792e-06 -3.2634e-06 -2.4547e-06 -1.8204e-06 -1.3304e-06 -9.5792e-07 -6.7917e-07 -4.7397e-07 -3.2545e-07 -2.1977e-07 -1.4589e-07 -9.5159e-08 -6.0962e-08 -3.8339e-08 -2.3660e-08 -1.4320e-08 -8.4970e-09 -4.9400e-09 -2.8128e-09 -1.5678e-09 -8.5496e-10 -4.5593e-10 -2.3764e-10 -1.2100e-10 -6.0153e-11 -2.9183e-11 -1.3808e-11 -6.3690e-12 -2.8621e-12 -1.2523e-12 -5.3328e-13 -2.2086e-13 -8.8919e-14 -3.4778e-14 -1.3207e-14
-1.0339e-06 -2.9242e-06 -5.3720e-06 -8.2703e-06 -1.1557e-05 -1.5190e-05 -1.9136e-05 -2.3370e-05 -2.7869e-05 -3.2612e-05 -3.7581e-05 2.2797e-04 -4.8117e-05 -5.3643e-05 -5.9312e-05 -6.5100e-05 -7.0980e-05 -7.6924e-05 -8.2899e-05 -8.8873e-05 -9.4806e-05 -1.0066e-04 -1.0639e-04 -1.1195e-04 -1.1730e-04 -1.2237e-04 -1.2713e-04 -1.3152e-04 -1.3548e-04 -1.3896e-04 -1.4191e-04 -1.4429e-04 -1.4604e-04 -1.4713e-04 -1.4754e-04 -1.4722e-04 -1.4617e-04 -1.4438e-04 -1.4185e-04 -1.3860e-04 -1.3465e-04 -1.3005e-04 -1.2484e-04 -1.1908e-04 -1.1285e-04 -1.0623e-04 -9.9291e-05 -9.2137e-05 -8.4859e-05 -7.7551e-05 -7.0304e-05 -6.3207e-05 -5.6339e-05 -4.9772e-05 -4.3568e-05 -3.7777e-05 -3.2436e-05 -2.7569e-05 -2.3188e-05 -1.9294e-05 -1.5876e-05 -1.2915e-05 -1.0382e-05 -8.2450e-06 -6.4660e-06 -5.0056e-06 -3.8238e-06 -2.8813e-06 -2.1407e-06 -1.5676e-06 -1.1309e-06 -8.0351e-07 -5.6197e-07 -3.8674e-07 -2.6177e-07 -1.7420e-07 -1.1391e-07 -7.3166e-08 -4.6140e-08 -2.8554e-08 -1.7333e-08 -1.0316e-08 -6.0161e-09 -3.4366e-09 -1.9218e-09 -1.0516e-09 -5.6279e-10 -2.9441e-10 -1.5047e-10 -7.5095e-11 -3.6577e-11 -1.7378e-11 -8.0497e-12 -3.6331e-12 -1.5968e-12 -6.8308e-13 -2.8425e-13 -1.1499e-13 -4.5198e-14 -1.7251e-14 -1.0339e-06 -2.9242e-06 -5.3720e-06 -8.2703e-06 -1.1557e-05 -1.5190e-05 -1.9136e-05 -2.3370e-05 -2.7869e-05 -3.2612e-05 -3.7581e-05 0.0000e+00 -4.8115e-05 -5.3640e-05 -5.9308e-05 -6.5094e-05 -7.0972e-05 -7.6913e-05 -8.2885e-05 -8.8854e-05 -9.4783e-05 -1.0063e-04 -1.0635e-04 -1.1190e-04 -1.1724e-04 -1.2230e-04 -1.2704e-04 -1.3141e-04 -1.3535e-04 -1.3881e-04 -1.4174e-04 -1.4409e-04 -1.4582e-04 -1.4688e-04 -1.4725e-04 -1.4690e-04 -1.4582e-04 -1.4399e-04 -1.4143e-04 -1.3814e-04 -1.3416e-04 -1.2953e-04 -1.2429e-04 -1.1851e-04 -1.1226e-04 -1.0561e-04 -9.8668e-05 -9.1509e-05 -8.4231e-05 -7.6929e-05 -6.9694e-05 -6.2614e-05 -5.5769e-05 -4.9231e-05 -4.3059e-05 -3.7303e-05 -3.1999e-05 -2.7171e-05 -2.2831e-05 -1.8976e-05 -1.5597e-05 -1.2673e-05 -1.0175e-05 -8.0701e-06 -6.3203e-06 -4.8860e-06 -3.7269e-06 -2.8040e-06 -2.0799e-06 -1.5205e-06 -1.0951e-06 -7.7662e-07 -5.4214e-07 -3.7236e-07 -2.5153e-07 -1.6703e-07 -1.0898e-07 -6.9842e-08 -4.3941e-08 -2.7127e-08 -1.6425e-08 -9.7498e-09 -5.6708e-09 -3.2303e-09 -1.8013e-09 -9.8276e-10 -5.2433e-10 -2.7343e-10 -1.3929e-10 -6.9286e-11 -3.3632e-11 -1.5923e-11 -7.3485e-12 -3.3042e-12 -1.4467e-12 -6.1644e-13 -2.5548e-13 -1.0292e-13 -4.0284e-14 -1.5309e-14
-1.1635e-06 -3.2908e-06 -6.0454e-06 -9.3071e-06 -1.3006e-05 -1.7094e-05 -2.1535e-05 -2.6300e-05 -3.1363e-05 -3.6701e-05 -4.2293e-05 -4.8117e-05 3.1399e-04 -6.0370e-05 -6.6750e-05 -7.3265e-05 -7.9883e-05 -8.6574e-05 -9.3301e-05 -1.0003e-04 -1.0671e-04 -1.1330e-04 -1.1975e-04 -1.2602e-04 -1.3204e-04 -1.3776e-04 -1.4313e-04 -1.4807e-04 -1.5254e-04 -1.5647e-04 -1.5981e-04 -1.6250e-04 -1.6449e-04 -1.6574e-04 -1.6622e-04 -1.6588e-04 -1.6472e-04 -1.6273e-04 -1.5990e-04 -1.5627e-04 -1.5185e-04 -1.4669e-04 -1.4084e-04 -1.3438e-04 -1.2738e-04 -1.1993e-04 -1.1214e-04 -1.0409e-04 -9.5899e-05 -8.7671e-05 -7.9508e-05 -7.1509e-05 -6.3765e-05 -5.6358e-05 -4.9356e-05 -4.2817e-05 -3.6782e-05 -3.1279e-05 -2.6324e-05 -2.1917e-05 -1.8046e-05 -1.4689e-05 -1.1817e-05 -9.3908e-06 -7.3700e-06 -5.7100e-06 -4.3655e-06 -3.2922e-06 -2.4482e-06 -1.7944e-06 -1.2958e-06 -9.2157e-07 -6.4521e-07 -4.4450e-07 -3.0120e-07 -2.0067e-07 -1.3138e-07 -8.4489e-08 -5.3349e-08 -3.3059e-08 -2.0095e-08 -1.1976e-08 -6.9946e-09 -4.0015e-09 -2.2412e-09 -1.2283e-09 -6.5844e-10 -3.4502e-10 -1.7664e-10 -8.8313e-11 -4.3094e-11 -2.0513e-11 -9.5196e-12 -4.3049e-12 -1.8959e-12 -8.1269e-13 -3.3889e-13 -1.3739e-13 -5.4122e-14 -2.0704e-14 -1.1635e-06 -3.2908e-06 -6.0454e-06 -9.3071e-06 -1.3006e-05 -1.7094e-05 -2.1535e-05 -2.6299e-05 -3.1362e-05 -3.6701e-05 -4.2292e-05 -4.8115e-05 0.0000e+00 -6.0366e-05 -6.6744e-05 -7.3256e-05 -7.9871e-05 -8.6558e-05 -9.3279e-05 -9.9998e-05 -1.0667e-04 -1.1325e-04 -1.1969e-04 -1.2594e-04 -1.3195e-04 -1.3765e-04 -1.4299e-04 -1.4791e-04 -1.5235e-04 -1.5624e-04 -1.5955e-04 -1.6220e-04 -1.6414e-04 -1.6535e-04 -1.6577e-04 -1.6539e-04 -1.6417e-04 -1.6212e-04 -1.5925e-04 -1.5556e-04 -1.5109e-04 -1.4588e-04 -1.3999e-04 -1.3349e-04 -1.2646e-04 -1.1898e-04 -1.1117e-04 -1.0311e-04 -9.4924e-05 -8.6705e-05 -7.8561e-05 -7.0590e-05 -6.2882e-05 -5.5517e-05 -4.8565e-05 -4.2080e-05 -3.6103e-05 -3.0662e-05 -2.5769e-05 -2.1423e-05 -1.7612e-05 -1.4313e-05 -1.1495e-05 -9.1190e-06 -7.1436e-06 -5.5239e-06 -4.2148e-06 -3.1719e-06 -2.3536e-06 -1.7212e-06 -1.2400e-06 -8.7970e-07 -6.1433e-07 -4.2211e-07 -2.8524e-07 -1.8949e-07 -1.2370e-07 -7.9306e-08 -4.9918e-08 -3.0832e-08 -1.8678e-08 -1.1093e-08 -6.4553e-09 -3.6793e-09 -2.0528e-09 -1.1206e-09 -5.9827e-10 -3.1218e-10 -1.5914e-10 -7.9212e-11 -3.8477e-11 -1.8230e-11 -8.4195e-12 -3.7887e-12 -1.6602e-12 -7.0797e-13 -2.9366e-13 -1.1841e-13 -4.6386e-14 -1.7644e-14
-1.2971e-06 -3.6686e-06 -6.7396e-06 -1.0376e-05 -1.4499e-05 -1.9057e-05 -2.4008e-05 -2.9320e-05 -3.4964e-05 -4.0916e-05 -4.7150e-05 -5.3643e-05 -6.0370e-05 4.2231e-04 -7.4418e-05 -8.1682e-05 -8.9063e-05 -9.6524e-05 -1.0403e-04 -1.1153e-04 -1.1898e-04 -1.2634e-04 -1.3354e-04 -1.4053e-04 -1.4726e-04 -1.5365e-04 -1.5964e-04 -1.6517e-04 -1.7017e-04 -1.7457e-04 -1.7831e-04 -1.8133e-04 -1.8358e-04 -1.8500e-04 -1.8556e-04 -1.8521e-04 -1.8395e-04 -1.8176e-04 -1.7864e-04 -1.7462e-04 -1.6972e-04 -1.6400e-04 -1.5751e-04 -1.5033e-04 -1.4254e-04 -1.3426e-04 -1.2557e-04 -1.1661e-04 -1.0748e-04 -9.8297e-05 -8.9186e-05 -8.0253e-05 -7.1599e-05 -6.3317e-05 -5.5482e-05 -4.8160e-05 -4.1399e-05 -3.5230e-05 -2.9670e-05 -2.4720e-05 -2.0370e-05 -1.6594e-05 -1.3361e-05 -1.0627e-05 -8.3483e-06 -6.4742e-06 -4.9547e-06 -3.7405e-06 -2.7846e-06 -2.0433e-06 -1.4773e-06 -1.0519e-06 -7.3740e-07 -5.0868e-07 -3.4517e-07 -2.3028e-07 -1.5098e-07 -9.7245e-08 -6.1498e-08 -3.8170e-08 -2.3240e-08 -1.3874e-08 -8.1173e-09 -4.6522e-09 -2.6105e-09 -1.4334e-09 -7.6988e-10 -4.0423e-10 -2.0738e-10 -1.0390e-10 -5.0809e-11 -2.4239e-11 -1.1274e-11 -5.1102e-12 -2.2559e-12 -9.6934e-13 -4.0520e-13 -1.6469e-13 -6.5042e-14 -2.4946e-14 -1.2971e-06 -3.6686e-06 -6.7396e-06 -1.0376e-05 -1.4499e-05 -1.9057e-05 -2.4008e-05 -2.9319e-05 -3.4964e-05 -4.0915e-05 -4.7149e-05 -5.3640e-05 -6.0366e-05 0.0000e+00 -7.4409e-05 -8.1669e-05 -8.9045e-05 -9.6500e-05 -1.0399e-04 -1.1149e-04 -1.1893e-04 -1.2627e-04 -1.3345e-04 -1.4042e-04 -1.4712e-04 -1.5348e-04 -1.5943e-04 -1.6492e-04 -1.6988e-04 -1.7423e-04 -1.7792e-04 -1.8088e-04 -1.8306e-04 -1.8441e-04 -1.8489e-04 -1.8447e-04 -1.8313e-04 -1.8086e-04 -1.7766e-04 -1.7355e-04 -1.6858e-04 -1.6278e-04 -1.5623e-04 -1.4899e-04 -1.4116e-04 -1.3283e-04 -1.2412e-04 -1.1514e-04 -1.0601e-04 -9.6847e-05 -8.7764e-05 -7.8872e-05 -7.0272e-05 -6.2054e-05 -5.4294e-05 -4.7054e-05 -4.0380e-05 -3.4302e-05 -2.8835e-05 -2.3978e-05 -1.9718e-05 -1.6029e-05 -1.2877e-05 -1.0218e-05 -8.0075e-06 -6.1941e-06 -4.7278e-06 -3.5594e-06 -2.6421e-06 -1.9329e-06 -1.3931e-06 -9.8879e-07 -6.9083e-07 -4.7490e-07 -3.2108e-07 -2.1341e-07 -1.3938e-07 -8.9413e-08 -5.6312e-08 -3.4802e-08 -2.1096e-08 -1.2537e-08 -7.3008e-09 -4.1640e-09 -2.3250e-09 -1.2702e-09 -6.7861e-10 -3.5439e-10 -1.8080e-10 -9.0070e-11 -4.3789e-11 -2.0765e-11 -9.5995e-12 -4.3238e-12 -1.8965e-12 -8.0958e-13 -3.3616e-13 -1.3569e-13 -5.3215e-14 -2.0264e-14
-1.4341e-06 -4.0562e-06 -7.4517e-06 -1.1472e-05 -1.6031e-05 -2.1070e-05 -2.6544e-05 -3.2417e-05 -3.8659e-05 -4.5239e-05 -5.2133e-05 -5.9312e-05 -6.6750e-05 -7.4418e-05 5.5650e-04 -9.0319e-05 -9.8482e-05 -1.0674e-04 -1.1503e-04 -1.2333e-04 -1.3158e-04 -1.3972e-04 -1.4769e-04 -1.5544e-04 -1.6289e-04 -1.6997e-04 -1.7661e-04 -1.8275e-04 -1.8830e-04 -1.9319e-04 -1.9736e-04 -2.0073e-04 -2.0325e-04 -2.0486e-04 -2.0551e-04 -2.0518e-04 -2.0382e-04 -2.0144e-04 -1.9804e-04 -1.9363e-04 -1.8826e-04 -1.8197e-04 -1.7482e-04 -1.6692e-04 -1.5834e-04 -1.4919e-04 -1.3961e-04 -1.2970e-04 -1.1961e-04 -1.0945e-04 -9.9362e-05 -8.9463e-05 -7.9868e-05 -7.0676e-05 -6.1975e-05 -5.3836e-05 -4.6314e-05 -3.9445e-05 -3.3248e-05 -2.7727e-05 -2.2869e-05 -1.8649e-05 -1.5030e-05 -1.1968e-05 -9.4123e-06 -7.3079e-06 -5.5996e-06 -4.2328e-06 -3.1552e-06 -2.3184e-06 -1.6786e-06 -1.1970e-06 -8.4038e-07 -5.8064e-07 -3.9463e-07 -2.6372e-07 -1.7321e-07 -1.1176e-07 -7.0808e-08 -4.4032e-08 -2.6861e-08 -1.6068e-08 -9.4205e-09 -5.4105e-09 -3.0426e-09 -1.6744e-09 -9.0137e-10 -4.7438e-10 -2.4395e-10 -1.2252e-10 -6.0065e-11 -2.8728e-11 -1.3397e-11 -6.0885e-12 -2.6950e-12 -1.1612e-12 -4.8679e-13 -1.9842e-13 -7.8590e-14 -3.0232e-14 -1.4341e-06 -4.0562e-06 -7.4517e-06 -1.1472e-05 -1.6031e-05 -2.1070e-05 -2.6544e-05 -3.2417e-05 -3.8658e-05 -4.5238e-05 -5.2130e-05 -5.9308e-05 -6.6744e-05 -7.4409e-05 0.0000e+00 -9.0300e-05 -9.8456e-05 -1.0670e-04 -1.1499e-04 -1.2327e-04 -1.3150e-04 -1.3962e-04 -1.4756e-04 -1.5528e-04 -1.6268e-04 -1.6972e-04 -1.7632e-04 -1.8239e-04 -1.8788e-04 -1.9270e-04 -1.9678e-04 -2.0007e-04 -2.0249e-04 -2.0400e-04 -2.0454e-04 -2.0409e-04 -2.0262e-04 -2.0012e-04 -1.9660e-04 -1.9208e-04 -1.8659e-04 -1.8019e-04 -1.7296e-04 -1.6496e-04 -1.5631e-04 -1.4711e-04 -1.3749e-04 -1.2756e-04 -1.1747e-04 -1.0733e-04 -9.7287e-05 -8.7448e-05 -7.7930e-05 -6.8832e-05 -6.0239e-05 -5.2220e-05 -4.4825e-05 -3.8089e-05 -3.2028e-05 -2.6642e-05 -2.1916e-05 -1.7822e-05 -1.4322e-05 -1.1370e-05 -8.9136e-06 -6.8978e-06 -5.2673e-06 -3.9673e-06 -2.9464e-06 -2.1566e-06 -1.5552e-06 -1.1044e-06 -7.7203e-07 -5.3103e-07 -3.5925e-07 -2.3893e-07 -1.5616e-07 -1.0024e-07 -6.3177e-08 -3.9074e-08 -2.3704e-08 -1.4098e-08 -8.2165e-09 -4.6903e-09 -2.6211e-09 -1.4332e-09 -7.6646e-10 -4.0065e-10 -2.0461e-10 -1.0204e-10 -4.9660e-11 -2.3575e-11 -1.0911e-11 -4.9202e-12 -2.1607e-12 -9.2348e-13 -3.8394e-13 -1.5518e-13 -6.0940e-14 -2.3238e-14
-1.5740e-06 -4.4519e-06 -8.1786e-06 -1.2591e-05 -1.7595e-05 -2.3126e-05 -2.9134e-05 -3.5580e-05 -4.2430e-05 -4.9653e-05 -5.7219e-05 -6.5100e-05 -7.3265e-05 -8.1682e-05 -9.0319e-05 7.2037e-04 -1.0810e-04 -1.1716e-04 -1.2628e-04 -1.3540e-04 -1.4446e-04 -1.5340e-04 -1.6217e-04 -1.7068e-04 -1.7887e-04 -1.8667e-04 -1.9398e-04 -2.0074e-04 -2.0687e-04 -2.1228e-04 -2.1689e-04 -2.2063e-04 -2.2345e-04 -2.2526e-04 -2.2603e-04 -2.2572e-04 -2.2429e-04 -2.2173e-04 -2.1806e-04 -2.1328e-04 -2.0743e-04 -2.0058e-04 -1.9279e-04 -1.8415e-04 -1.7477e-04 -1.6476e-04 -1.5426e-04 -1.4339e-04 -1.3231e-04 -1.2116e-04 -1.1007e-04 -9.9175e-05 -8.8606e-05 -7.8472e-05 -6.8870e-05 -5.9879e-05 -5.1561e-05 -4.3957e-05 -3.7090e-05 -3.0965e-05 -2.5568e-05 -2.0875e-05 -1.6845e-05 -1.3431e-05 -1.0576e-05 -8.2232e-06 -6.3101e-06 -4.7770e-06 -3.5664e-06 -2.6248e-06 -1.9036e-06 -1.3598e-06 -9.5641e-07 -6.6202e-07 -4.5080e-07 -3.0185e-07 -1.9866e-07 -1.2844e-07 -8.1554e-08 -5.0825e-08 -3.1076e-08 -1.8632e-08 -1.0950e-08 -6.3041e-09 -3.5539e-09 -1.9608e-09 -1.0583e-09 -5.5845e-10 -2.8796e-10 -1.4503e-10 -7.1299e-11 -3.4199e-11 -1.5995e-11 -7.2910e-12 -3.2371e-12 -1.3991e-12 -5.8834e-13 -2.4057e-13 -9.5595e-14 -3.6893e-14 -1.5740e-06 -4.4519e-06 -8.1786e-06 -1.2591e-05 -1.7595e-05 -2.3126e-05 -2.9134e-05 -3.5579e-05 -4.2429e-05 -4.9651e-05 -5.7216e-05 -6.5094e-05 -7.3256e-05 -8.1669e-05 -9.0300e-05 0.0000e+00 -1.0806e-04 -1.1711e-04 -1.2621e-04 -1.3531e-04 -1.4434e-04 -1.5325e-04 -1.6198e-04 -1.7045e-04 -1.7859e-04 -1.8632e-04 -1.9356e-04 -2.0024e-04 -2.0627e-04 -2.1157e-04 -2.1607e-04 -2.1969e-04 -2.2237e-04 -2.2404e-04 -2.2465e-04 -2.2418e-04 -2.2258e-04 -2.1986e-04 -2.1601e-04 -2.1107e-04 -2.0506e-04 -1.9806e-04 -1.9013e-04 -1.8137e-04 -1.7189e-04 -1.6180e-04 -1.5124e-04 -1.4035e-04 -1.2927e-04 -1.1815e-04 -1.0711e-04 -9.6305e-05 -8.5846e-05 -7.5845e-05 -6.6397e-05 -5.7575e-05 -4.9439e-05 -4.2024e-05 -3.5350e-05 -2.9417e-05 -2.4208e-05 -1.9695e-05 -1.5834e-05 -1.2576e-05 -9.8639e-06 -7.6372e-06 -5.8350e-06 -4.3974e-06 -3.2676e-06 -2.3932e-06 -1.7269e-06 -1.2272e-06 -8.5843e-07 -5.9089e-07 -4.0004e-07 -2.6627e-07 -1.7416e-07 -1.1189e-07 -7.0581e-08 -4.3692e-08 -2.6530e-08 -1.5794e-08 -9.2140e-09 -5.2651e-09 -2.9455e-09 -1.6124e-09 -8.6322e-10 -4.5176e-10 -2.3099e-10 -1.1533e-10 -5.6204e-11 -2.6717e-11 -1.2382e-11 -5.5912e-12 -2.4589e-12 -1.0525e-12 -4.3824e-13 -1.7740e-13 -6.9779e-14 -2.6653e-14
