2.9408e-08 -1.0354e-08 -1.9042e-08 -2.9351e-08 -4.1064e-08 -5.4017e-08 -6.8059e-08 -8.3032e-08 -9.8748e-08 -1.1498e-07 -1.3143e-07 -1.4777e-07 -1.6355e-07 -1.7829e-07 -1.9142e-07 -2.0233e-07 -2.1037e-07 -2.1494e-07 -2.1550e-07 -2.1165e-07 -2.0322e-07 -1.9031e-07 -1.7335e-07 -1.5312e-07 -1.3068e-07 -1.0735e-07 -8.4490e-08 -6.3401e-08 -4.5104e-08 -3.0228e-08 -1.8950e-08 -1.1024e-08 -5.8987e-09 -2.8738e-09 -1.2605e-09 -4.9152e-10 -1.6795e-10 -4.9488e-11 -1.2347e-11 -2.5553e-12 -4.2856e-13 -5.6728e-14 -5.7513e-15 -4.3162e-16 -2.3063e-17 -8.3934e-19 -1.9775e-20 -2.8458e-22 -2.3398e-24 -1.0177e-26 -2.1433e-29 -1.9722e-32 -7.0408e-36 -8.4928e-40 -2.9462e-44 -2.4349e-49 -3.8439e-55 -8.9392e-62 -2.2537e-69 -4.2839e-78 -3.9864e-88 -1.0847e-99 -4.6537e-113 -1.4970e-128 -1.4697e-146 -1.4777e-167 -4.0094e-192 -5.7100e-221 -5.6504e-255 -3.1499e-295 -0.0000e+00 -0.0000e+00 -0.0000e+00 -0.0000e+00 -0.0000e+00 -0.0000e+00 -0.0000e+00 -0.0000e+00 -0.0000e+00 -0.0000e+00 -0.0000e+00 -0.0000e+00 -0.0000e+00 -0.0000e+00 -0.0000e+00 -0.0000e+00 -0.0000e+00 -0.0000e+00 -0.0000e+00 -0.0000e+00 -0.0000e+00 -0.0000e+00 -0.0000e+00 -0.0000e+00 -0.0000e+00 -0.0000e+00 -0.0000e+00 -0.0000e+00 -0.0000e+00 -0.0000e+00 0.0000e+00 -1.0354e-08 -1.9042e-08 -2.9351e-08 -4.1064e-08 -5.4017e-08 -6.8059e-08 -8.3032e-08 -9.8748e-08 -1.1498e-07 -1.3143e-07 -1.4777e-07 -1.6355e-07 -1.7829e-07 -1.9142e-07 -2.0233e-07 -2.1037e-07 -2.1494e-07 -2.1550e-07 -2.1165e-07 -2.0322e-07 -1.9031e-07 -1.7335e-07 -1.5311e-07 -1.3068e-07 -1.0734e-07 -8.4490e-08 -6.3401e-08 -4.5104e-08 -3.0228e-08 -1.8950e-08 -1.1024e-08 -5.8986e-09 -2.8738e-09 -1.2605e-09 -4.9151e-10 -1.6795e-10 -4.9487e-11 -1.2347e-11 -2.5552e-12 -4.2854e-13 -5.6725e-14 -5.7510e-15 -4.3159e-16 -2.3061e-17 -8.3927e-19 -1.9773e-20 -2.8455e-22 -2.3395e-24 -1.0176e-26 -2.1429e-29 -1.9719e-32 -7.0394e-36 -8.4908e-40 -2.9455e-44 -2.4342e-49 -3.8426e-55 -8.9358e-62 -2.2528e-69 -4.2818e-78 -3.9841e-88 -1.0840e-99 -4.6503e-113 -1.4958e-128 -1.4683e-146 -1.4760e-167 -4.0044e-192 -5.7018e-221 -5.6410e-255 -3.1438e-295 -0.0000e+00 -0.0000e+00 -0.0000e+00 -0.0000e+00 -0.0000e+00 -0.0000e+00 -0.0000e+00 -0.0000e+00 -0.0000e+00 -0.0000e+00 -0.0000e+00 -0.0000e+00 -0.0000e+00 -0.0000e+00 -0.0000e+00 -0.0000e+00 -0.0000e+00 -0.0000e+00 -0.0000e+00 -0.0000e+00 -0.0000e+00 -0.0000e+00 -0.0000e+00 -0.0000e+00 -0.0000e+00 -0.0000e+00 -0.0000e+00 -0.0000e+00 -0.0000e+00 -0.0000e+00
-1.0354e-08 4.7098e-07 -5.3894e-08 -8.3074e-08 -1.1623e-07 -1.5289e-07 -1.9263e-07 -2.3501e-07 -2.7949e-07 -3.2543e-07 -3.7201e-07 -4.1823e-07 -4.6291e-07 -5.0463e-07 -5.4180e-07 -5.7267e-07 -5.9544e-07 -6.0838e-07 -6.0996e-07 -5.9908e-07 -5.7522e-07 -5.3868e-07 -4.9068e-07 -4.3340e-07 -3.6991e-07 -3.0386e-07 -2.3917e-07 -1.7948e-07 -1.2768e-07 -8.5575e-08 -5.3649e-08 -3.1212e-08 -1.6701e-08 -8.1371e-09 -3.5694e-09 -1.3919e-09 -4.7565e-10 -1.4016e-10 -3.4974e-11 -7.2388e-12 -1.2142e-12 -1.6074e-13 -1.6299e-14 -1.2234e-15 -6.5385e-17 -2.3801e-18 -5.6090e-20 -8.0740e-22 -6.6404e-24 -2.8895e-26 -6.0875e-29 -5.6043e-32 -2.0018e-35 -2.4160e-39 -8.3871e-44 -6.9368e-49 -1.0960e-54 -2.5515e-61 -6.4402e-69 -1.2258e-77 -1.1424e-87 -3.1138e-99 -1.3386e-112 -4.3161e-128 -4.2489e-146 -4.2853e-167 -1.1670e-191 -1.6692e-220 -1.6601e-254 -9.3097e-295 -0.0000e+00 -0.0000e+00 -0.0000e+00 -0.0000e+00 -0.0000e+00 -0.0000e+00 -0.0000e+00 -0.0000e+00 -0.0000e+00 -0.0000e+00 -0.0000e+00 -0.0000e+00 -0.0000e+00 -0.0000e+00 -0.0000e+00 -0.0000e+00 -0.0000e+00 -0.0000e+00 -0.0000e+00 -0.0000e+00 -0.0000e+00 -0.0000e+00 -0.0000e+00 -0.0000e+00 -0.0000e+00 -0.0000e+00 -0.0000e+00 -0.0000e+00 -0.0000e+00 -0.0000e+00 -1.0354e-08 0.0000e+00 -5.3894e-08 -8.3074e-08 -1.1623e-07 -1.5289e-07 -1.9263e-07 -2.3501e-07 -2.7949e-07 -3.2543e-07 -3.7200e-07 -4.1823e-07 -4.6291e-07 -5.0463e-07 -5.4179e-07 -5.7266e-07 -5.9543e-07 -6.0837e-07 -6.0995e-07 -5.9906e-07 -5.7520e-07 -5.3866e-07 -4.9066e-07 -4.3338e-07 -3.6988e-07 -3.0384e-07 -2.3915e-07 -1.7946e-07 -1.2767e-07 -8.5562e-08 -5.3640e-08 -3.1206e-08 -1.6697e-08 -8.1348e-09 -3.5683e-09 -1.3914e-09 -4.7545e-10 -1.4010e-10 -3.4955e-11 -7.2343e-12 -1.2133e-12 -1.6061e-13 -1.6284e-14 -1.2222e-15 -6.5308e-17 -2.3769e-18 -5.6005e-20 -8.0602e-22 -6.6276e-24 -2.8831e-26 -6.0724e-29 -5.5885e-32 -1.9954e-35 -2.4073e-39 -8.3528e-44 -6.9047e-49 -1.0903e-54 -2.5363e-61 -6.3966e-69 -1.2163e-77 -1.1323e-87 -3.0827e-99 -1.3233e-112 -4.2598e-128 -4.1855e-146 -4.2120e-167 -1.1441e-191 -1.6314e-220 -1.6168e-254 -9.0290e-295 -0.0000e+00 -0.0000e+00 -0.0000e+00 -0.0000e+00 -0.0000e+00 -0.0000e+00 -0.0000e+00 -0.0000e+00 -0.0000e+00 -0.0000e+00 -0.0000e+00 -0.0000e+00 -0.0000e+00 -0.0000e+00 -0.0000e+00 -0.0000e+00 -0.0000e+00 -0.0000e+00 -0.0000e+00 -0.0000e+00 -0.0000e+00 -0.0000e+00 -0.0000e+00 -0.0000e+00 -0.0000e+00 -0.0000e+00 -0.0000e+00 -0.0000e+00 -0.0000e+00 -0.0000e+00
-1.9042e-08 -5.3894e-08 2.3882e-06 -1.5277e-07 -2.1374e-07 -2.8116e-07 -3.5425e-07 -4.3218e-07 -5.1399e-07 -5.9846e-07 -6.8412e-07 -7.6914e-07 -8.5131e-07 -9.2805e-07 -9.9641e-07 -1.0532e-06 -1.0951e-06 -1.1189e-06 -1.1219e-06 -1.1019e-06 -1.0580e-06 -9.9086e-07 -9.0261e-07 -7.9729e-07 -6.8053e-07 -5.5906e-07 -4.4008e-07 -3.3028e-07 -2.3499e-07 -1.5752e-07 -9.8766e-08 -5.7470e-08 -3.0757e-08 -1.4989e-08 -6.5767e-09 -2.5653e-09 -8.7693e-10 -2.5851e-10 -6.4529e-11 -1.3362e-11 -2.2425e-12 -2.9705e-13 -3.0141e-14 -2.2641e-15 -1.2111e-16 -4.4127e-18 -1.0410e-19 -1.5004e-21 -1.2357e-23 -5.3852e-26 -1.1365e-28 -1.0484e-31 -3.7532e-35 -4.5414e-39 -1.5811e-43 -1.3120e-48 -2.0808e-54 -4.8646e-61 -1.2338e-68 -2.3614e-77 -2.2147e-87 -6.0805e-99 -2.6358e-112 -8.5803e-128 -8.5401e-146 -8.7232e-167 -2.4106e-191 -3.5068e-220 -3.5569e-254 -2.0407e-294 -0.0000e+00 -0.0000e+00 -0.0000e+00 -0.0000e+00 -0.0000e+00 -0.0000e+00 -0.0000e+00 -0.0000e+00 -0.0000e+00 -0.0000e+00 -0.0000e+00 -0.0000e+00 -0.0000e+00 -0.0000e+00 -0.0000e+00 -0.0000e+00 -0.0000e+00 -0.0000e+00 -0.0000e+00 -0.0000e+00 -0.0000e+00 -0.0000e+00 -0.0000e+00 -0.0000e+00 -0.0000e+00 -0.0000e+00 -0.0000e+00 -0.0000e+00 -0.0000e+00 -0.0000e+00 -1.9042e-08 -5.3894e-08 0.0000e+00 -1.5277e-07 -2.1374e-07 -2.8116e-07 -3.5425e-07 -4.3218e-07 -5.1398e-07 -5.9846e-07 -6.8412e-07 -7.6913e-07 -8.5130e-07 -9.2802e-07 -9.9637e-07 -1.0531e-06 -1.0950e-06 -1.1188e-06 -1.1217e-06 -1.1017e-06 -1.0579e-06 -9.9067e-07 -9.0240e-07 -7.9707e-07 -6.8030e-07 -5.5884e-07 -4.3987e-07 -3.3009e-07 -2.3484e-07 -1.5740e-07 -9.8678e-08 -5.7411e-08 -3.0721e-08 -1.4968e-08 -6.5662e-09 -2.5606e-09 -8.7509e-10 -2.5789e-10 -6.4352e-11 -1.3321e-11 -2.2345e-12 -2.9585e-13 -3.0002e-14 -2.2523e-15 -1.2039e-16 -4.3830e-18 -1.0331e-19 -1.4874e-21 -1.2236e-23 -5.3259e-26 -1.1224e-28 -1.0336e-31 -3.6934e-35 -4.4597e-39 -1.5490e-43 -1.2818e-48 -2.0267e-54 -4.7214e-61 -1.1927e-68 -2.2724e-77 -2.1201e-87 -5.7863e-99 -2.4912e-112 -8.0462e-128 -7.9368e-146 -8.0234e-167 -2.1910e-191 -3.1437e-220 -3.1383e-254 -1.7677e-294 -0.0000e+00 -0.0000e+00 -0.0000e+00 -0.0000e+00 -0.0000e+00 -0.0000e+00 -0.0000e+00 -0.0000e+00 -0.0000e+00 -0.0000e+00 -0.0000e+00 -0.0000e+00 -0.0000e+00 -0.0000e+00 -0.0000e+00 -0.0000e+00 -0.0000e+00 -0.0000e+00 -0.0000e+00 -0.0000e+00 -0.0000e+00 -0.0000e+00 -0.0000e+00 -0.0000e+00 -0.0000e+00 -0.0000e+00 -0.0000e+00 -0.0000e+00 -0.0000e+00 -0.0000e+00
-2.9351e-08 -8.3074e-08 -1.5277e-07 7.5649e-06 -3.2946e-07 -4.3338e-07 -5.4605e-07 -6.6618e-07 -7.9228e-07 -9.2250e-07 -1.0546e-06 -1.1856e-06 -1.3123e-06 -1.4306e-06 -1.5361e-06 -1.6237e-06 -1.6884e-06 -1.7252e-06 -1.7298e-06 -1.6991e-06 -1.6317e-06 -1.5283e-06 -1.3924e-06 -1.2301e-06 -1.0501e-06 -8.6287e-07 -6.7939e-07 -5.1002e-07 -3.6300e-07 -2.4340e-07 -1.5268e-07 -8.8883e-08 -4.7595e-08 -2.3208e-08 -1.0190e-08 -3.9778e-09 -1.3610e-09 -4.0159e-10 -1.0036e-10 -2.0807e-11 -3.4968e-12 -4.6394e-13 -4.7159e-14 -3.5496e-15 -1.9030e-16 -6.9513e-18 -1.6446e-19 -2.3779e-21 -1.9655e-23 -8.6011e-26 -1.8236e-28 -1.6909e-31 -6.0887e-35 -7.4161e-39 -2.6011e-43 -2.1766e-48 -3.4847e-54 -8.2338e-61 -2.1137e-68 -4.1006e-77 -3.9054e-87 -1.0910e-98 -4.8231e-112 -1.6052e-127 -1.6382e-145 -1.7213e-166 -4.9109e-191 -7.4057e-220 -7.8221e-254 -4.6971e-294 -0.0000e+00 -0.0000e+00 -0.0000e+00 -0.0000e+00 -0.0000e+00 -0.0000e+00 -0.0000e+00 -0.0000e+00 -0.0000e+00 -0.0000e+00 -0.0000e+00 -0.0000e+00 -0.0000e+00 -0.0000e+00 -0.0000e+00 -0.0000e+00 -0.0000e+00 -0.0000e+00 -0.0000e+00 -0.0000e+00 -0.0000e+00 -0.0000e+00 -0.0000e+00 -0.0000e+00 -0.0000e+00 -0.0000e+00 -0.0000e+00 -0.0000e+00 -0.0000e+00 -0.0000e+00 -2.9351e-08 -8.3074e-08 -1.5277e-07 0.0000e+00 -3.2946e-07 -4.3338e-07 -5.4604e-07 -6.6617e-07 -7.9227e-07 -9.2248e-07 -1.0545e-06 -1.1856e-06 -1.3122e-06 -1.4305e-06 -1.5359e-06 -1.6234e-06 -1.6880e-06 -1.7247e-06 -1.7293e-06 -1.6985e-06 -1.6309e-06 -1.5274e-06 -1.3913e-06 -1.2290e-06 -1.0490e-06 -8.6178e-07 -6.7837e-07 -5.0912e-07 -3.6225e-07 -2.4282e-07 -1.5225e-07 -8.8593e-08 -4.7415e-08 -2.3107e-08 -1.0139e-08 -3.9548e-09 -1.3520e-09 -3.9855e-10 -9.9490e-11 -2.0603e-11 -3.4577e-12 -4.5804e-13 -4.6479e-14 -3.4915e-15 -1.8677e-16 -6.8058e-18 -1.6057e-19 -2.3144e-21 -1.9063e-23 -8.3089e-26 -1.7538e-28 -1.6181e-31 -5.7935e-35 -7.0117e-39 -2.4417e-43 -2.0267e-48 -3.2153e-54 -7.5195e-61 -1.9080e-68 -3.6535e-77 -3.4285e-87 -9.4198e-99 -4.0868e-112 -1.3317e-127 -1.3270e-145 -1.3574e-166 -3.7578e-191 -5.4785e-220 -5.5717e-254 -3.2073e-294 -0.0000e+00 -0.0000e+00 -0.0000e+00 -0.0000e+00 -0.0000e+00 -0.0000e+00 -0.0000e+00 -0.0000e+00 -0.0000e+00 -0.0000e+00 -0.0000e+00 -0.0000e+00 -0.0000e+00 -0.0000e+00 -0.0000e+00 -0.0000e+00 -0.0000e+00 -0.0000e+00 -0.0000e+00 -0.0000e+00 -0.0000e+00 -0.0000e+00 -0.0000e+00 -0.0000e+00 -0.0000e+00 -0.0000e+00 -0.0000e+00 -0.0000e+00 -0.0000e+00 -0.0000e+00
-4.1064e-08 -1.1623e-07 -2.1374e-07 -3.2946e-07 1.8523e-05 -6.0633e-07 -7.6397e-07 -9.3205e-07 -1.1085e-06 -1.2907e-06 -1.4755e-06 -1.6589e-06 -1.8363e-06 -2.0020e-06 -2.1496e-06 -2.2724e-06 -2.3632e-06 -2.4150e-06 -2.4218e-06 -2.3793e-06 -2.2853e-06 -2.1410e-06 -1.9511e-06 -1.7243e-06 -1.4726e-06 -1.2105e-06 -9.5359e-07 -7.1628e-07 -5.1014e-07 -3.4233e-07 -2.1492e-07 -1.2524e-07 -6.7137e-08 -3.2779e-08 -1.4413e-08 -5.6352e-09 -1.9315e-09 -5.7112e-10 -1.4305e-10 -2.9737e-11 -5.0121e-12 -6.6717e-13 -6.8066e-14 -5.1444e-15 -2.7707e-16 -1.0174e-17 -2.4210e-19 -3.5233e-21 -2.9335e-23 -1.2941e-25 -2.7688e-28 -2.5935e-31 -9.4448e-35 -1.1650e-38 -4.1439e-43 -3.5222e-48 -5.7380e-54 -1.3823e-60 -3.6256e-68 -7.2035e-77 -7.0440e-87 -2.0261e-98 -9.2502e-112 -3.1899e-127 -3.3852e-145 -3.7129e-166 -1.1104e-190 -1.7631e-219 -1.9704e-253 -1.2586e-293 -0.0000e+00 -0.0000e+00 -0.0000e+00 -0.0000e+00 -0.0000e+00 -0.0000e+00 -0.0000e+00 -0.0000e+00 -0.0000e+00 -0.0000e+00 -0.0000e+00 -0.0000e+00 -0.0000e+00 -0.0000e+00 -0.0000e+00 -0.0000e+00 -0.0000e+00 -0.0000e+00 -0.0000e+00 -0.0000e+00 -0.0000e+00 -0.0000e+00 -0.0000e+00 -0.0000e+00 -0.0000e+00 -0.0000e+00 -0.0000e+00 -0.0000e+00 -0.0000e+00 -0.0000e+00 -4.1064e-08 -1.1623e-07 -2.1374e-07 -3.2946e-07 0.0000e+00 -6.0633e-07 -7.6396e-07 -9.3203e-07 -1.1084e-06 -1.2906e-06 -1.4754e-06 -1.6588e-06 -1.8360e-06 -2.0015e-06 -2.1490e-06 -2.2715e-06 -2.3620e-06 -2.4135e-06 -2.4199e-06 -2.3770e-06 -2.2825e-06 -2.1378e-06 -1.9476e-06 -1.7205e-06 -1.4688e-06 -1.2068e-06 -9.5012e-07 -7.1320e-07 -5.0757e-07 -3.4031e-07 -2.1345e-07 -1.2424e-07 -6.6519e-08 -3.2431e-08 -1.4237e-08 -5.5564e-09 -1.9006e-09 -5.6068e-10 -1.4007e-10 -2.9032e-11 -4.8773e-12 -6.4683e-13 -6.5719e-14 -4.9439e-15 -2.6489e-16 -9.6700e-18 -2.2862e-19 -3.3028e-21 -2.7275e-23 -1.1923e-25 -2.5251e-28 -2.3384e-31 -8.4084e-35 -1.0225e-38 -3.5803e-43 -2.9901e-48 -4.7770e-54 -1.1261e-60 -2.8834e-68 -5.5783e-77 -5.2966e-87 -1.4749e-98 -6.4975e-112 -2.1546e-127 -2.1906e-145 -2.2930e-166 -6.5181e-191 -9.7960e-220 -1.0317e-253 -6.1833e-294 -0.0000e+00 -0.0000e+00 -0.0000e+00 -0.0000e+00 -0.0000e+00 -0.0000e+00 -0.0000e+00 -0.0000e+00 -0.0000e+00 -0.0000e+00 -0.0000e+00 -0.0000e+00 -0.0000e+00 -0.0000e+00 -0.0000e+00 -0.0000e+00 -0.0000e+00 -0.0000e+00 -0.0000e+00 -0.0000e+00 -0.0000e+00 -0.0000e+00 -0.0000e+00 -0.0000e+00 -0.0000e+00 -0.0000e+00 -0.0000e+00 -0.0000e+00 -0.0000e+00 -0.0000e+00
-5.4017e-08 -1.5289e-07 -2.8116e-07 -4.3338e-07 -6.0633e-07 3.8546e-05 -1.0050e-06 -1.2261e-06 -1.4582e-06 -1.6980e-06 -1.9412e-06 -2.1826e-06 -2.4161e-06 -2.6344e-06 -2.8290e-06 -2.9910e-06 -3.1110e-06 -3.1800e-06 -3.1898e-06 -3.1348e-06 -3.0121e-06 -2.8231e-06 -2.5740e-06 -2.2761e-06 -1.9452e-06 -1.6003e-06 -1.2618e-06 -9.4879e-07 -6.7655e-07 -4.5462e-07 -2.8586e-07 -1.6688e-07 -8.9637e-08 -4.3863e-08 -1.9336e-08 -7.5821e-09 -2.6073e-09 -7.7375e-10 -1.9460e-10 -4.0638e-11 -6.8848e-12 -9.2170e-13 -9.4638e-14 -7.2038e-15 -3.9107e-16 -1.4487e-17 -3.4813e-19 -5.1215e-21 -4.3156e-23 -1.9293e-25 -4.1887e-28 -3.9872e-31 -1.4781e-34 -1.8590e-38 -6.7555e-43 -5.8777e-48 -9.8229e-54 -2.4331e-60 -6.5774e-68 -1.3504e-76 -1.3683e-86 -4.0900e-98 -1.9464e-111 -7.0200e-127 -7.8187e-145 -9.0348e-166 -2.8585e-190 -4.8237e-219 -5.7585e-253 -3.9517e-293 -0.0000e+00 -0.0000e+00 -0.0000e+00 -0.0000e+00 -0.0000e+00 -0.0000e+00 -0.0000e+00 -0.0000e+00 -0.0000e+00 -0.0000e+00 -0.0000e+00 -0.0000e+00 -0.0000e+00 -0.0000e+00 -0.0000e+00 -0.0000e+00 -0.0000e+00 -0.0000e+00 -0.0000e+00 -0.0000e+00 -0.0000e+00 -0.0000e+00 -0.0000e+00 -0.0000e+00 -0.0000e+00 -0.0000e+00 -0.0000e+00 -0.0000e+00 -0.0000e+00 -0.0000e+00 -5.4017e-08 -1.5289e-07 -2.8116e-07 -4.3338e-07 -6.0633e-07 0.0000e+00 -1.0049e-06 -1.2260e-06 -1.4581e-06 -1.6978e-06 -1.9408e-06 -2.1821e-06 -2.4153e-06 -2.6332e-06 -2.8273e-06 -2.9886e-06 -3.1078e-06 -3.1758e-06 -3.1846e-06 -3.1284e-06 -3.0045e-06 -2.8144e-06 -2.5644e-06 -2.2659e-06 -1.9347e-06 -1.5901e-06 -1.2523e-06 -9.4035e-07 -6.6949e-07 -4.4909e-07 -2.8182e-07 -1.6414e-07 -8.7940e-08 -4.2908e-08 -1.8853e-08 -7.3652e-09 -2.5222e-09 -7.4498e-10 -1.8638e-10 -3.8693e-11 -6.5121e-12 -8.6540e-13 -8.8128e-14 -6.6469e-15 -3.5718e-16 -1.3082e-17 -3.1042e-19 -4.5033e-21 -3.7363e-23 -1.6419e-25 -3.4979e-28 -3.2610e-31 -1.1814e-34 -1.4489e-38 -5.1220e-43 -4.3240e-48 -6.9927e-54 -1.6712e-60 -4.3462e-68 -8.5571e-77 -8.2879e-87 -2.3602e-98 -1.0665e-111 -3.6397e-127 -3.8228e-145 -4.1514e-166 -1.2303e-190 -1.9381e-219 -2.1531e-253 -1.3707e-293 -0.0000e+00 -0.0000e+00 -0.0000e+00 -0.0000e+00 -0.0000e+00 -0.0000e+00 -0.0000e+00 -0.0000e+00 -0.0000e+00 -0.0000e+00 -0.0000e+00 -0.0000e+00 -0.0000e+00 -0.0000e+00 -0.0000e+00 -0.0000e+00 -0.0000e+00 -0.0000e+00 -0.0000e+00 -0.0000e+00 -0.0000e+00 -0.0000e+00 -0.0000e+00 -0.0000e+00 -0.0000e+00 -0.0000e+00 -0.0000e+00 -0.0000e+00 -0.0000e+00 -0.0000e+00
-6.8059e-08 -1.9263e-07 -3.5425e-07 -5.4605e-07 -7.6397e-07 -1.0050e-06 7.1712e-05 -1.5449e-06 -1.8375e-06 -2.1397e-06 -2.4463e-06 -2.7509e-06 -3.0456e-06 -3.3212e-06 -3.5673e-06 -3.7725e-06 -3.9250e-06 -4.0134e-06 -4.0276e-06 -3.9601e-06 -3.8074e-06 -3.5711e-06 -3.2588e-06 -2.8845e-06 -2.4679e-06 -2.0330e-06 -1.6054e-06 -1.2092e-06 -8.6395e-07 -5.8185e-07 -3.6680e-07 -2.1474e-07 -1.1572e-07 -5.6836e-08 -2.5158e-08 -9.9108e-09 -3.4258e-09 -1.0225e-09 -2.5884e-10 -5.4441e-11 -9.2969e-12 -1.2557e-12 -1.3019e-13 -1.0017e-14 -5.5032e-16 -2.0653e-17 -5.0347e-19 -7.5237e-21 -6.4490e-23 -2.9372e-25 -6.5071e-28 -6.3314e-31 -2.4033e-34 -3.1010e-38 -1.1583e-42 -1.0380e-47 -1.7907e-53 -4.5886e-60 -1.2863e-67 -2.7455e-76 -2.8997e-86 -9.0604e-98 -4.5215e-111 -1.7158e-126 -2.0184e-144 -2.4738e-165 -8.3411e-190 -1.5082e-218 -1.9412e-252 -1.4465e-292 -0.0000e+00 -0.0000e+00 -0.0000e+00 -0.0000e+00 -0.0000e+00 -0.0000e+00 -0.0000e+00 -0.0000e+00 -0.0000e+00 -0.0000e+00 -0.0000e+00 -0.0000e+00 -0.0000e+00 -0.0000e+00 -0.0000e+00 -0.0000e+00 -0.0000e+00 -0.0000e+00 -0.0000e+00 -0.0000e+00 -0.0000e+00 -0.0000e+00 -0.0000e+00 -0.0000e+00 -0.0000e+00 -0.0000e+00 -0.0000e+00 -0.0000e+00 -0.0000e+00 -0.0000e+00 -6.8059e-08 -1.9263e-07 -3.5425e-07 -5.4604e-07 -7.6396e-07 -1.0049e-06 0.0000e+00 -1.5448e-06 -1.8372e-06 -2.1392e-06 -2.4456e-06 -2.7497e-06 -3.0437e-06 -3.3183e-06 -3.5632e-06 -3.7669e-06 -3.9175e-06 -4.0037e-06 -4.0153e-06 -3.9451e-06 -3.7896e-06 -3.5507e-06 -3.2363e-06 -2.8605e-06 -2.4434e-06 -2.0090e-06 -1.5830e-06 -1.1894e-06 -8.4737e-07 -5.6884e-07 -3.5728e-07 -2.0830e-07 -1.1172e-07 -5.4582e-08 -2.4017e-08 -9.3980e-09 -3.2242e-09 -9.5433e-10 -2.3932e-10 -4.9814e-11 -8.4087e-12 -1.1212e-12 -1.1460e-13 -8.6804e-15 -4.6866e-16 -1.7256e-17 -4.1192e-19 -6.0159e-21 -5.0288e-23 -2.2286e-25 -4.7926e-28 -4.5154e-31 -1.6554e-34 -2.0573e-38 -7.3815e-43 -6.3362e-48 -1.0440e-53 -2.5477e-60 -6.7820e-68 -1.3707e-76 -1.3669e-86 -4.0219e-98 -1.8850e-111 -6.7006e-127 -7.3653e-145 -8.4152e-166 -2.6391e-190 -4.4287e-219 -5.2790e-253 -3.6354e-293 -0.0000e+00 -0.0000e+00 -0.0000e+00 -0.0000e+00 -0.0000e+00 -0.0000e+00 -0.0000e+00 -0.0000e+00 -0.0000e+00 -0.0000e+00 -0.0000e+00 -0.0000e+00 -0.0000e+00 -0.0000e+00 -0.0000e+00 -0.0000e+00 -0.0000e+00 -0.0000e+00 -0.0000e+00 -0.0000e+00 -0.0000e+00 -0.0000e+00 -0.0000e+00 -0.0000e+00 -0.0000e+00 -0.0000e+00 -0.0000e+00 -0.0000e+00 -0.0000e+00 -0.0000e+00
-8.3032e-08 -2.3501e-07 -4.3218e-07 -6.6618e-07 -9.3205e-07 -1.2261e-06 -1.5449e-06 1.2293e-04 -2.2421e-06 -2.6110e-06 -2.9855e-06 -3.3577e-06 -3.7181e-06 -4.0555e-06 -4.3574e-06 -4.6097e-06 -4.7983e-06 -4.9091e-06 -4.9298e-06 -4.8510e-06 -4.6683e-06 -4.3834e-06 -4.0052e-06 -3.5505e-06 -3.0430e-06 -2.5118e-06 -1.9880e-06 -1.5013e-06 -1.0759e-06 -7.2703e-07 -4.6007e-07 -2.7051e-07 -1.4649e-07 -7.2338e-08 -3.2215e-08 -1.2777e-08 -4.4499e-09 -1.3394e-09 -3.4218e-10 -7.2706e-11 -1.2556e-11 -1.7167e-12 -1.8040e-13 -1.4085e-14 -7.8619e-16 -3.0018e-17 -7.4552e-19 -1.1367e-20 -9.9557e-23 -4.6404e-25 -1.0538e-27 -1.0528e-30 -4.1105e-34 -5.4650e-38 -2.1073e-42 -1.9534e-47 -3.4929e-53 -9.2983e-60 -2.7144e-67 -6.0488e-76 -6.6894e-86 -2.1957e-97 -1.1551e-110 -4.6398e-126 -5.8033e-144 -7.6016e-165 -2.7553e-189 -5.3914e-218 -7.5662e-252 -6.2005e-292 -0.0000e+00 -0.0000e+00 -0.0000e+00 -0.0000e+00 -0.0000e+00 -0.0000e+00 -0.0000e+00 -0.0000e+00 -0.0000e+00 -0.0000e+00 -0.0000e+00 -0.0000e+00 -0.0000e+00 -0.0000e+00 -0.0000e+00 -0.0000e+00 -0.0000e+00 -0.0000e+00 -0.0000e+00 -0.0000e+00 -0.0000e+00 -0.0000e+00 -0.0000e+00 -0.0000e+00 -0.0000e+00 -0.0000e+00 -0.0000e+00 -0.0000e+00 -0.0000e+00 -0.0000e+00 -8.3032e-08 -2.3501e-07 -4.3218e-07 -6.6617e-07 -9.3203e-07 -1.2260e-06 -1.5448e-06 0.0000e+00 -2.2415e-06 -2.6101e-06 -2.9839e-06 -3.3551e-06 -3.7141e-06 -4.0496e-06 -4.3489e-06 -4.5980e-06 -4.7826e-06 -4.8887e-06 -4.9040e-06 -4.8196e-06 -4.6311e-06 -4.3408e-06 -3.9581e-06 -3.5002e-06 -2.9916e-06 -2.4614e-06 -1.9410e-06 -1.4597e-06 -1.0410e-06 -6.9967e-07 -4.4004e-07 -2.5694e-07 -1.3805e-07 -6.7577e-08 -2.9800e-08 -1.1690e-08 -4.0220e-09 -1.1943e-09 -3.0056e-10 -6.2811e-11 -1.0651e-11 -1.4273e-12 -1.4672e-13 -1.1184e-14 -6.0810e-16 -2.2568e-17 -5.4352e-19 -8.0166e-21 -6.7756e-23 -3.0398e-25 -6.6275e-28 -6.3401e-31 -2.3641e-34 -2.9942e-38 -1.0971e-42 -9.6390e-48 -1.6297e-53 -4.0925e-60 -1.1245e-67 -2.3538e-76 -2.4402e-86 -7.4939e-98 -3.6822e-111 -1.3790e-126 -1.6056e-144 -1.9547e-165 -6.5749e-190 -1.1921e-218 -1.5477e-252 -1.1715e-292 -0.0000e+00 -0.0000e+00 -0.0000e+00 -0.0000e+00 -0.0000e+00 -0.0000e+00 -0.0000e+00 -0.0000e+00 -0.0000e+00 -0.0000e+00 -0.0000e+00 -0.0000e+00 -0.0000e+00 -0.0000e+00 -0.0000e+00 -0.0000e+00 -0.0000e+00 -0.0000e+00 -0.0000e+00 -0.0000e+00 -0.0000e+00 -0.0000e+00 -0.0000e+00 -0.0000e+00 -0.0000e+00 -0.0000e+00 -0.0000e+00 -0.0000e+00 -0.0000e+00 -0.0000e+00
-9.8748e-08 -2.7949e-07 -5.1399e-07 -7.9228e-07 -1.1085e-06 -1.4582e-06 -1.8375e-06 -2.2421e-06 1.9801e-04 -3.1063e-06 -3.5524e-06 -3.9961e-06 -4.4262e-06 -4.8296e-06 -5.1913e-06 -5.4950e-06 -5.7237e-06 -5.8606e-06 -5.8909e-06 -5.8036e-06 -5.5926e-06 -5.2597e-06 -4.8149e-06 -4.2775e-06 -3.6753e-06 -3.0424e-06 -2.4160e-06 -1.8314e-06 -1.3180e-06 -8.9490e-07 -5.6937e-07 -3.3681e-07 -1.8362e-07 -9.1361e-08 -4.1028e-08 -1.6423e-08 -5.7781e-09 -1.7586e-09 -4.5480e-10 -9.7929e-11 -1.7158e-11 -2.3829e-12 -2.5466e-13 -2.0247e-14 -1.1523e-15 -4.4922e-17 -1.1407e-18 -1.7806e-20 -1.5991e-22 -7.6536e-25 -1.7875e-27 -1.8395e-30 -7.4104e-34 -1.0184e-37 -4.0668e-42 -3.9121e-47 -7.2756e-53 -2.0194e-59 -6.1635e-67 -1.4404e-75 -1.6763e-85 -5.8120e-97 -3.2438e-110 -1.3889e-125 -1.8619e-143 -2.6301e-164 -1.0351e-188 -2.2166e-217 -3.4343e-251 -3.1384e-291 -0.0000e+00 -0.0000e+00 -0.0000e+00 -0.0000e+00 -0.0000e+00 -0.0000e+00 -0.0000e+00 -0.0000e+00 -0.0000e+00 -0.0000e+00 -0.0000e+00 -0.0000e+00 -0.0000e+00 -0.0000e+00 -0.0000e+00 -0.0000e+00 -0.0000e+00 -0.0000e+00 -0.0000e+00 -0.0000e+00 -0.0000e+00 -0.0000e+00 -0.0000e+00 -0.0000e+00 -0.0000e+00 -0.0000e+00 -0.0000e+00 -0.0000e+00 -0.0000e+00 -0.0000e+00 -9.8748e-08 -2.7949e-07 -5.1398e-07 -7.9227e-07 -1.1084e-06 -1.4581e-06 -1.8372e-06 -2.2415e-06 0.0000e+00 -3.1045e-06 -3.5493e-06 -3.9911e-06 -4.4185e-06 -4.8182e-06 -5.1751e-06 -5.4726e-06 -5.6936e-06 -5.8214e-06 -5.8416e-06 -5.7432e-06 -5.5212e-06 -5.1779e-06 -4.7244e-06 -4.1810e-06 -3.5765e-06 -2.9457e-06 -2.3255e-06 -1.7512e-06 -1.2508e-06 -8.4207e-07 -5.3064e-07 -3.1053e-07 -1.6726e-07 -8.2109e-08 -3.6325e-08 -1.4302e-08 -4.9404e-09 -1.4737e-09 -3.7278e-10 -7.8352e-11 -1.3371e-11 -1.8048e-12 -1.8702e-13 -1.4383e-14 -7.8987e-16 -2.9640e-17 -7.2267e-19 -1.0805e-20 -9.2716e-23 -4.2299e-25 -9.3944e-28 -9.1727e-31 -3.4984e-34 -4.5423e-38 -1.7105e-42 -1.5488e-47 -2.7065e-53 -7.0476e-60 -2.0150e-67 -4.4053e-76 -4.7897e-86 -1.5496e-97 -8.0611e-111 -3.2133e-126 -4.0058e-144 -5.2556e-165 -1.9190e-189 -3.8073e-218 -5.4585e-252 -4.6090e-292 -0.0000e+00 -0.0000e+00 -0.0000e+00 -0.0000e+00 -0.0000e+00 -0.0000e+00 -0.0000e+00 -0.0000e+00 -0.0000e+00 -0.0000e+00 -0.0000e+00 -0.0000e+00 -0.0000e+00 -0.0000e+00 -0.0000e+00 -0.0000e+00 -0.0000e+00 -0.0000e+00 -0.0000e+00 -0.0000e+00 -0.0000e+00 -0.0000e+00 -0.0000e+00 -0.0000e+00 -0.0000e+00 -0.0000e+00 -0.0000e+00 -0.0000e+00 -0.0000e+00 -0.0000e+00
-1.1498e-07 -3.2543e-07 -5.9846e-07 -9.2250e-07 -1.2907e-06 -1.6980e-06 -2.1397e-06 -2.6110e-06 -3.1063e-06 3.0366e-04 -4.1392e-06 -4.6575e-06 -5.1608e-06 -5.6340e-06 -6.0597e-06 -6.4191e-06 -6.6925e-06 -6.8603e-06 -6.9053e-06 -6.8138e-06 -6.5787e-06 -6.2009e-06 -5.6913e-06 -5.0713e-06 -4.3724e-06 -3.6338e-06 -2.8985e-06 -2.2084e-06 -1.5984e-06 -1.0924e-06 -7.0003e-07 -4.1743e-07 -2.2961e-07 -1.1536e-07 -5.2367e-08 -2.1210e-08 -7.5587e-09 -2.3328e-09 -6.1243e-10 -1.3402e-10 -2.3892e-11 -3.3804e-12 -3.6848e-13 -2.9918e-14 -1.7410e-15 -6.9486e-17 -1.8087e-18 -2.8982e-20 -2.6754e-22 -1.3182e-24 -3.1741e-27 -3.3733e-30 -1.4059e-33 -2.0027e-37 -8.3079e-42 -8.3216e-47 -1.6157e-52 -4.6954e-59 -1.5053e-66 -3.7087e-75 -4.5683e-85 -1.6841e-96 -1.0044e-109 -4.6212e-125 -6.6989e-143 -1.0304e-163 -4.4510e-188 -1.0553e-216 -1.8287e-250 -1.8901e-290 -0.0000e+00 -0.0000e+00 -0.0000e+00 -0.0000e+00 -0.0000e+00 -0.0000e+00 -0.0000e+00 -0.0000e+00 -0.0000e+00 -0.0000e+00 -0.0000e+00 -0.0000e+00 -0.0000e+00 -0.0000e+00 -0.0000e+00 -0.0000e+00 -0.0000e+00 -0.0000e+00 -0.0000e+00 -0.0000e+00 -0.0000e+00 -0.0000e+00 -0.0000e+00 -0.0000e+00 -0.0000e+00 -0.0000e+00 -0.0000e+00 -0.0000e+00 -0.0000e+00 -0.0000e+00 -1.1498e-07 -3.2543e-07 -5.9846e-07 -9.2248e-07 -1.2906e-06 -1.6978e-06 -2.1392e-06 -2.6101e-06 -3.1045e-06 0.0000e+00 -4.1336e-06 -4.6486e-06 -5.1471e-06 -5.6137e-06 -6.0307e-06 -6.3790e-06 -6.6386e-06 -6.7904e-06 -6.8170e-06 -6.7059e-06 -6.4508e-06 -6.0543e-06 -5.5290e-06 -4.8982e-06 -4.1951e-06 -3.4599e-06 -2.7359e-06 -2.0640e-06 -1.4773e-06 -9.9697e-07 -6.2996e-07 -3.6979e-07 -1.9988e-07 -9.8507e-08 -4.3773e-08 -1.7320e-08 -6.0166e-09 -1.8059e-09 -4.6004e-10 -9.7451e-11 -1.6776e-11 -2.2863e-12 -2.3948e-13 -1.8638e-14 -1.0372e-15 -3.9492e-17 -9.7848e-19 -1.4892e-20 -1.3030e-22 -6.0735e-25 -1.3810e-27 -1.3836e-30 -5.4279e-34 -7.2678e-38 -2.8302e-42 -2.6581e-47 -4.8339e-53 -1.3145e-59 -3.9396e-67 -9.0658e-76 -1.0421e-85 -3.5822e-97 -1.9903e-110 -8.5240e-126 -1.1491e-143 -1.6420e-164 -6.5822e-189 -1.4466e-217 -2.3206e-251 -2.2175e-291 -0.0000e+00 -0.0000e+00 -0.0000e+00 -0.0000e+00 -0.0000e+00 -0.0000e+00 -0.0000e+00 -0.0000e+00 -0.0000e+00 -0.0000e+00 -0.0000e+00 -0.0000e+00 -0.0000e+00 -0.0000e+00 -0.0000e+00 -0.0000e+00 -0.0000e+00 -0.0000e+00 -0.0000e+00 -0.0000e+00 -0.0000e+00 -0.0000e+00 -0.0000e+00 -0.0000e+00 -0.0000e+00 -0.0000e+00 -0.0000e+00 -0.0000e+00 -0.0000e+00 -0.0000e+00
-1.3143e-07 -3.7201e-07 -6.8412e-07 -1.0546e-06 -1.4755e-06 -1.9412e-06 -2.4463e-06 -2.9855e-06 -3.5524e-06 -4.1392e-06 4.4765e-04 -5.3314e-06 -5.9107e-06 -6.4569e-06 -6.9507e-06 -7.3706e-06 -7.6942e-06 -7.8993e-06 -7.9657e-06 -7.8773e-06 -7.6250e-06 -7.2087e-06 -6.6392e-06 -5.9396e-06 -5.1445e-06 -4.2978e-06 -3.4485e-06 -2.6449e-06 -1.9286e-06 -1.3289e-06 -8.5948e-07 -5.1771e-07 -2.8794e-07 -1.4643e-07 -6.7350e-08 -2.7669e-08 -1.0012e-08 -3.1412e-09 -8.3921e-10 -1.8710e-10 -3.4021e-11 -4.9149e-12 -5.4768e-13 -4.5511e-14 -2.7137e-15 -1.1112e-16 -2.9711e-18 -4.8972e-20 -4.6569e-22 -2.3673e-24 -5.8910e-27 -6.4823e-30 -2.8030e-33 -4.1520e-37 -1.7955e-41 -1.8800e-46 -3.8273e-52 -1.1702e-58 -3.9619e-66 -1.0351e-74 -1.3584e-84 -5.3621e-96 -3.4439e-109 -1.7172e-124 -2.7167e-142 -4.5964e-163 -2.2032e-187 -5.8541e-216 -1.1495e-249 -1.3633e-289 -0.0000e+00 -0.0000e+00 -0.0000e+00 -0.0000e+00 -0.0000e+00 -0.0000e+00 -0.0000e+00 -0.0000e+00 -0.0000e+00 -0.0000e+00 -0.0000e+00 -0.0000e+00 -0.0000e+00 -0.0000e+00 -0.0000e+00 -0.0000e+00 -0.0000e+00 -0.0000e+00 -0.0000e+00 -0.0000e+00 -0.0000e+00 -0.0000e+00 -0.0000e+00 -0.0000e+00 -0.0000e+00 -0.0000e+00 -0.0000e+00 -0.0000e+00 -0.0000e+00 -0.0000e+00 -1.3143e-07 -3.7200e-07 -6.8412e-07 -1.0545e-06 -1.4754e-06 -1.9408e-06 -2.4456e-06 -2.9839e-06 -3.5493e-06 -4.1336e-06 0.0000e+00 -5.3164e-06 -5.8875e-06 -6.4226e-06 -6.9017e-06 -7.3029e-06 -7.6034e-06 -7.7812e-06 -7.8167e-06 -7.6950e-06 -7.4089e-06 -6.9607e-06 -6.3645e-06 -5.6463e-06 -4.8438e-06 -4.0025e-06 -3.1718e-06 -2.3988e-06 -1.7218e-06 -1.1657e-06 -7.3929e-07 -4.3576e-07 -2.3664e-07 -1.1724e-07 -5.2405e-08 -2.0873e-08 -7.3044e-09 -2.2106e-09 -5.6831e-10 -1.2162e-10 -2.1174e-11 -2.9220e-12 -3.1030e-13 -2.4520e-14 -1.3875e-15 -5.3808e-17 -1.3603e-18 -2.1163e-20 -1.8966e-22 -9.0745e-25 -2.1229e-27 -2.1937e-30 -8.8993e-34 -1.2357e-37 -5.0054e-42 -4.9056e-47 -9.3417e-53 -2.6701e-59 -8.4460e-67 -2.0603e-75 -2.5228e-85 -9.2863e-97 -5.5574e-110 -2.5800e-125 -3.7971e-143 -5.9706e-164 -2.6571e-188 -6.5473e-217 -1.1907e-250 -1.3062e-290 -0.0000e+00 -0.0000e+00 -0.0000e+00 -0.0000e+00 -0.0000e+00 -0.0000e+00 -0.0000e+00 -0.0000e+00 -0.0000e+00 -0.0000e+00 -0.0000e+00 -0.0000e+00 -0.0000e+00 -0.0000e+00 -0.0000e+00 -0.0000e+00 -0.0000e+00 -0.0000e+00 -0.0000e+00 -0.0000e+00 -0.0000e+00 -0.0000e+00 -0.0000e+00 -0.0000e+00 -0.0000e+00 -0.0000e+00 -0.0000e+00 -0.0000e+00 -0.0000e+00 -0.0000e+00
-1.4777e-07 -4.1823e-07 -7.6914e-07 -1.1856e-06 -1.6589e-06 -2.1826e-06 -2.7509e-06 -3.3577e-06 -3.9961e-06 -4.6575e-06 -5.3314e-06 6.3879e-04 -6.6619e-06 -7.2840e-06 -7.8497e-06 -8.3354e-06 -8.7160e-06 -8.9664e-06 -9.0636e-06 -8.9886e-06 -8.7298e-06 -8.2852e-06 -7.6650e-06 -6.8926e-06 -6.0050e-06 -5.0499e-06 -4.0822e-06 -3.1570e-06 -2.3234e-06 -1.6173e-06 -1.0577e-06 -6.4493e-07 -3.6347e-07 -1.8750e-07 -8.7569e-08 -3.6569e-08 -1.3466e-08 -4.3033e-09 -1.1724e-09 -2.6682e-10 -4.9576e-11 -7.3267e-12 -8.3610e-13 -7.1232e-14 -4.3599e-15 -1.8348e-16 -5.0494e-18 -8.5785e-20 -8.4219e-22 -4.4277e-24 -1.1418e-26 -1.3047e-29 -5.8727e-33 -9.0790e-37 -4.1094e-41 -4.5178e-46 -9.6907e-52 -3.1340e-58 -1.1270e-65 -3.1424e-74 -4.4233e-84 -1.8836e-95 -1.3133e-108 -7.1587e-124 -1.2477e-141 -2.3460e-162 -1.2618e-186 -3.8031e-215 -8.5749e-249 -1.1841e-288 -0.0000e+00 -0.0000e+00 -0.0000e+00 -0.0000e+00 -0.0000e+00 -0.0000e+00 -0.0000e+00 -0.0000e+00 -0.0000e+00 -0.0000e+00 -0.0000e+00 -0.0000e+00 -0.0000e+00 -0.0000e+00 -0.0000e+00 -0.0000e+00 -0.0000e+00 -0.0000e+00 -0.0000e+00 -0.0000e+00 -0.0000e+00 -0.0000e+00 -0.0000e+00 -0.0000e+00 -0.0000e+00 -0.0000e+00 -0.0000e+00 -0.0000e+00 -0.0000e+00 -0.0000e+00 -1.4777e-07 -4.1823e-07 -7.6913e-07 -1.1856e-06 -1.6588e-06 -2.1821e-06 -2.7497e-06 -3.3551e-06 -3.9911e-06 -4.6486e-06 -5.3164e-06 0.0000e+00 -6.6247e-06 -7.2290e-06 -7.7711e-06 -8.2267e-06 -8.5701e-06 -8.7766e-06 -8.8239e-06 -8.6951e-06 -8.3815e-06 -7.8853e-06 -7.2215e-06 -6.4187e-06 -5.5182e-06 -4.5711e-06 -3.6328e-06 -2.7564e-06 -1.9858e-06 -1.3502e-06 -8.6035e-07 -5.0985e-07 -2.7856e-07 -1.3894e-07 -6.2580e-08 -2.5137e-08 -8.8800e-09 -2.7157e-09 -7.0629e-10 -1.5309e-10 -2.7032e-11 -3.7886e-12 -4.0924e-13 -3.2945e-14 -1.9024e-15 -7.5431e-17 -1.9533e-18 -3.1194e-20 -2.8760e-22 -1.4188e-24 -3.4310e-27 -3.6744e-30 -1.5492e-33 -2.2424e-37 -9.4986e-42 -9.7690e-47 -1.9595e-52 -5.9231e-59 -1.9901e-66 -5.1814e-75 -6.8071e-85 -2.7038e-96 -1.7572e-109 -8.9213e-125 -1.4471e-142 -2.5297e-163 -1.2638e-187 -3.5340e-216 -7.3834e-250 -9.4342e-290 -0.0000e+00 -0.0000e+00 -0.0000e+00 -0.0000e+00 -0.0000e+00 -0.0000e+00 -0.0000e+00 -0.0000e+00 -0.0000e+00 -0.0000e+00 -0.0000e+00 -0.0000e+00 -0.0000e+00 -0.0000e+00 -0.0000e+00 -0.0000e+00 -0.0000e+00 -0.0000e+00 -0.0000e+00 -0.0000e+00 -0.0000e+00 -0.0000e+00 -0.0000e+00 -0.0000e+00 -0.0000e+00 -0.0000e+00 -0.0000e+00 -0.0000e+00 -0.0000e+00 -0.0000e+00
-1.6355e-07 -4.6291e-07 -8.5131e-07 -1.3123e-06 -1.8363e-06 -2.4161e-06 -3.0456e-06 -3.7181e-06 -4.4262e-06 -5.1608e-06 -5.9107e-06 -6.6619e-06 8.8707e-04 -8.0977e-06 -8.7392e-06 -9.2964e-06 -9.7418e-06 -1.0048e-05 -1.0188e-05 -1.0140e-05 -9.8903e-06 -9.4327e-06 -8.7758e-06 -7.9423e-06 -6.9698e-06 -5.9093e-06 -4.8204e-06 -3.7655e-06 -2.8019e-06 -1.9741e-06 -1.3081e-06 -8.0890e-07 -4.6283e-07 -2.4265e-07 -1.1529e-07 -4.9030e-08 -1.8403e-08 -6.0011e-09 -1.6698e-09 -3.8855e-10 -7.3886e-11 -1.1187e-11 -1.3095e-12 -1.1457e-13 -7.2109e-15 -3.1249e-16 -8.8690e-18 -1.5566e-19 -1.5817e-21 -8.6239e-24 -2.3116e-26 -2.7524e-29 -1.2944e-32 -2.0969e-36 -9.9780e-41 -1.1573e-45 -2.6293e-51 -9.0443e-58 -3.4758e-65 -1.0409e-73 -1.5828e-83 -7.3265e-95 -5.5910e-108 -3.3612e-123 -6.5164e-141 -1.3758e-161 -8.3977e-186 -2.9068e-214 -7.6286e-248 -1.2448e-287 -0.0000e+00 -0.0000e+00 -0.0000e+00 -0.0000e+00 -0.0000e+00 -0.0000e+00 -0.0000e+00 -0.0000e+00 -0.0000e+00 -0.0000e+00 -0.0000e+00 -0.0000e+00 -0.0000e+00 -0.0000e+00 -0.0000e+00 -0.0000e+00 -0.0000e+00 -0.0000e+00 -0.0000e+00 -0.0000e+00 -0.0000e+00 -0.0000e+00 -0.0000e+00 -0.0000e+00 -0.0000e+00 -0.0000e+00 -0.0000e+00 -0.0000e+00 -0.0000e+00 -0.0000e+00 -1.6355e-07 -4.6291e-07 -8.5130e-07 -1.3122e-06 -1.8360e-06 -2.4153e-06 -3.0437e-06 -3.7141e-06 -4.4185e-06 -5.1471e-06 -5.8875e-06 -6.6247e-06 0.0000e+00 -8.0131e-06 -8.6182e-06 -9.1289e-06 -9.5170e-06 -9.7550e-06 -9.8181e-06 -9.6872e-06 -9.3520e-06 -8.8140e-06 -8.0887e-06 -7.2068e-06 -6.2130e-06 -5.1631e-06 -4.1183e-06 -3.1378e-06 -2.2714e-06 -1.5526e-06 -9.9536e-07 -5.9389e-07 -3.2695e-07 -1.6448e-07 -7.4786e-08 -3.0358e-08 -1.0850e-08 -3.3612e-09 -8.8663e-10 -1.9519e-10 -3.5057e-11 -5.0056e-12 -5.5176e-13 -4.5407e-14 -2.6854e-15 -1.0926e-16 -2.9095e-18 -4.7884e-20 -4.5603e-22 -2.3296e-24 -5.8487e-27 -6.5211e-30 -2.8709e-33 -4.3529e-37 -1.9381e-41 -2.1029e-46 -4.4678e-52 -1.4368e-58 -5.1599e-66 -1.4435e-74 -2.0492e-84 -8.8504e-96 -6.2978e-109 -3.5278e-124 -6.3674e-142 -1.2504e-162 -7.0920e-187 -2.2784e-215 -5.5425e-249 -8.3718e-289 -0.0000e+00 -0.0000e+00 -0.0000e+00 -0.0000e+00 -0.0000e+00 -0.0000e+00 -0.0000e+00 -0.0000e+00 -0.0000e+00 -0.0000e+00 -0.0000e+00 -0.0000e+00 -0.0000e+00 -0.0000e+00 -0.0000e+00 -0.0000e+00 -0.0000e+00 -0.0000e+00 -0.0000e+00 -0.0000e+00 -0.0000e+00 -0.0000e+00 -0.0000e+00 -0.0000e+00 -0.0000e+00 -0.0000e+00 -0.0000e+00 -0.0000e+00 -0.0000e+00 -0.0000e+00
-1.7829e-07 -5.0463e-07 -9.2805e-07 -1.4306e-06 -2.0020e-06 -2.6344e-06 -3.3212e-06 -4.0555e-06 -4.8296e-06 -5.6340e-06 -6.4569e-06 -7.2840e-06 -8.0977e-06 1.2038e-03 -9.5977e-06 -1.0233e-05 -1.0752e-05 -1.1126e-05 -1.1325e-05 -1.1323e-05 -1.1102e-05 -1.0652e-05 -9.9790e-06 -9.1018e-06 -8.0574e-06 -6.8981e-06 -5.6876e-06 -4.4955e-06 -3.3881e-06 -2.4203e-06 -1.6277e-06 -1.0226e-06 -5.9505e-07 -3.1757e-07 -1.5374e-07 -6.6679e-08 -2.5549e-08 -8.5127e-09 -2.4227e-09 -5.7716e-10 -1.1249e-10 -1.7477e-11 -2.1016e-12 -1.8916e-13 -1.2266e-14 -5.4853e-16 -1.6094e-17 -2.9256e-19 -3.0855e-21 -1.7502e-23 -4.8930e-26 -6.0932e-29 -3.0058e-32 -5.1248e-36 -2.5756e-40 -3.1677e-45 -7.6631e-51 -2.8200e-57 -1.1653e-64 -3.7737e-73 -6.2431e-83 -3.1655e-94 -2.6661e-107 -1.7838e-122 -3.8843e-140 -9.3069e-161 -6.5219e-185 -2.6255e-213 -8.1310e-247 -1.5917e-286 -0.0000e+00 -0.0000e+00 -0.0000e+00 -0.0000e+00 -0.0000e+00 -0.0000e+00 -0.0000e+00 -0.0000e+00 -0.0000e+00 -0.0000e+00 -0.0000e+00 -0.0000e+00 -0.0000e+00 -0.0000e+00 -0.0000e+00 -0.0000e+00 -0.0000e+00 -0.0000e+00 -0.0000e+00 -0.0000e+00 -0.0000e+00 -0.0000e+00 -0.0000e+00 -0.0000e+00 -0.0000e+00 -0.0000e+00 -0.0000e+00 -0.0000e+00 -0.0000e+00 -0.0000e+00 -1.7829e-07 -5.0463e-07 -9.2802e-07 -1.4305e-06 -2.0015e-06 -2.6332e-06 -3.3183e-06 -4.0496e-06 -4.8182e-06 -5.6137e-06 -6.4226e-06 -7.2290e-06 -8.0131e-06 0.0000e+00 -9.4185e-06 -9.9842e-06 -1.0419e-05 -1.0691e-05 -1.0775e-05 -1.0649e-05 -1.0300e-05 -9.7293e-06 -8.9521e-06 -8.0003e-06 -6.9213e-06 -5.7749e-06 -4.6275e-06 -3.5443e-06 -2.5808e-06 -1.7759e-06 -1.1471e-06 -6.9020e-07 -3.8355e-07 -1.9497e-07 -8.9679e-08 -3.6870e-08 -1.3364e-08 -4.2041e-09 -1.1278e-09 -2.5289e-10 -4.6336e-11 -6.7610e-12 -7.6294e-13 -6.4398e-14 -3.9140e-15 -1.6400e-16 -4.5071e-18 -7.6732e-20 -7.5778e-22 -4.0247e-24 -1.0534e-26 -1.2281e-29 -5.6709e-33 -9.0496e-37 -4.2563e-41 -4.8977e-46 -1.1083e-51 -3.8141e-58 -1.4733e-65 -4.4582e-74 -6.8883e-84 -3.2601e-95 -2.5611e-108 -1.5972e-123 -3.2391e-141 -7.2212e-162 -4.7035e-186 -1.7579e-214 -5.0480e-248 -9.1501e-288 -0.0000e+00 -0.0000e+00 -0.0000e+00 -0.0000e+00 -0.0000e+00 -0.0000e+00 -0.0000e+00 -0.0000e+00 -0.0000e+00 -0.0000e+00 -0.0000e+00 -0.0000e+00 -0.0000e+00 -0.0000e+00 -0.0000e+00 -0.0000e+00 -0.0000e+00 -0.0000e+00 -0.0000e+00 -0.0000e+00 -0.0000e+00 -0.0000e+00 -0.0000e+00 -0.0000e+00 -0.0000e+00 -0.0000e+00 -0.0000e+00 -0.0000e+00 -0.0000e+00 -0.0000e+00
-1.9142e-07 -5.4180e-07 -9.9641e-07 -1.5361e-06 -2.1496e-06 -2.8290e-06 -3.5673e-06 -4.3574e-06 -5.1913e-06 -6.0597e-06 -6.9507e-06 -7.8497e-06 -8.7392e-06 -9.5977e-06 1.6016e-03 -1.1119e-05 -1.1723e-05 -1.2179e-05 -1.2456e-05 -1.2523e-05 -1.2357e-05 -1.1943e-05 -1.1280e-05 -1.0384e-05 -9.2874e-06 -8.0413e-06 -6.7125e-06 -5.3769e-06 -4.1112e-06 -2.9824e-06 -2.0388e-06 -1.3033e-06 -7.7230e-07 -4.2013e-07 -2.0750e-07 -9.1902e-08 -3.5992e-08 -1.2269e-08 -3.5760e-09 -8.7342e-10 -1.7473e-10 -2.7902e-11 -3.4533e-12 -3.2039e-13 -2.1451e-14 -9.9228e-16 -3.0175e-17 -5.6978e-19 -6.2566e-21 -3.7047e-23 -1.0841e-25 -1.4175e-28 -7.3662e-32 -1.3277e-35 -7.0819e-40 -9.2828e-45 -2.4045e-50 -9.5223e-57 -4.2581e-64 -1.5012e-72 -2.7220e-82 -1.5238e-93 -1.4285e-106 -1.0735e-121 -2.6520e-139 -7.2897e-160 -5.9340e-184 -2.8142e-212 -1.0430e-245 -2.4877e-285 -0.0000e+00 -0.0000e+00 -0.0000e+00 -0.0000e+00 -0.0000e+00 -0.0000e+00 -0.0000e+00 -0.0000e+00 -0.0000e+00 -0.0000e+00 -0.0000e+00 -0.0000e+00 -0.0000e+00 -0.0000e+00 -0.0000e+00 -0.0000e+00 -0.0000e+00 -0.0000e+00 -0.0000e+00 -0.0000e+00 -0.0000e+00 -0.0000e+00 -0.0000e+00 -0.0000e+00 -0.0000e+00 -0.0000e+00 -0.0000e+00 -0.0000e+00 -0.0000e+00 -0.0000e+00 -1.9142e-07 -5.4179e-07 -9.9637e-07 -1.5359e-06 -2.1490e-06 -2.8273e-06 -3.5632e-06 -4.3489e-06 -5.1751e-06 -6.0307e-06 -6.9017e-06 -7.7711e-06 -8.6182e-06 -9.4185e-06 0.0000e+00 -1.0764e-05 -1.1245e-05 -1.1556e-05 -1.1666e-05 -1.1553e-05 -1.1201e-05 -1.0610e-05 -9.7947e-06 -8.7864e-06 -7.6344e-06 -6.4017e-06 -5.1588e-06 -3.9766e-06 -2.9167e-06 -2.0234e-06 -1.3189e-06 -8.0165e-07 -4.5053e-07 -2.3188e-07 -1.0813e-07 -4.5131e-08 -1.6630e-08 -5.3263e-09 -1.4570e-09 -3.3370e-10 -6.2558e-11 -9.3560e-12 -1.0842e-12 -9.4162e-14 -5.9007e-15 -2.5548e-16 -7.2717e-18 -1.2852e-19 -1.3211e-21 -7.3231e-24 -2.0063e-26 -2.4559e-29 -1.1948e-32 -2.0162e-36 -1.0066e-40 -1.2349e-45 -2.9930e-51 -1.1088e-57 -4.6362e-65 -1.5278e-73 -2.5880e-83 -1.3527e-94 -1.1833e-107 -8.2904e-123 -1.9080e-140 -4.8813e-161 -3.6943e-185 -1.6270e-213 -5.5931e-247 -1.2355e-286 -0.0000e+00 -0.0000e+00 -0.0000e+00 -0.0000e+00 -0.0000e+00 -0.0000e+00 -0.0000e+00 -0.0000e+00 -0.0000e+00 -0.0000e+00 -0.0000e+00 -0.0000e+00 -0.0000e+00 -0.0000e+00 -0.0000e+00 -0.0000e+00 -0.0000e+00 -0.0000e+00 -0.0000e+00 -0.0000e+00 -0.0000e+00 -0.0000e+00 -0.0000e+00 -0.0000e+00 -0.0000e+00 -0.0000e+00 -0.0000e+00 -0.0000e+00 -0.0000e+00 -0.0000e+00
-2.0233e-07 -5.7267e-07 -1.0532e-06 -1.6237e-06 -2.2724e-06 -2.9910e-06 -3.7725e-06 -4.6097e-06 -5.4950e-06 -6.4191e-06 -7.3706e-06 -8.3354e-06 -9.2964e-06 -1.0233e-05 -1.1119e-05 2.0946e-03 -1.2627e-05 -1.3183e-05 -1.3559e-05 -1.3722e-05 -1.3643e-05 -1.3299e-05 -1.2683e-05 -1.1800e-05 -1.0679e-05 -9.3649e-06 -7.9263e-06 -6.4442e-06 -5.0058e-06 -3.6928e-06 -2.5694e-06 -1.6732e-06 -1.0110e-06 -5.6125e-07 -2.8314e-07 -1.2820e-07 -5.1382e-08 -1.7943e-08 -5.3634e-09 -1.3451e-09 -2.7667e-10 -4.5490e-11 -5.8064e-12 -5.5654e-13 -3.8566e-14 -1.8503e-15 -5.8485e-17 -1.1506e-18 -1.3199e-20 -8.1871e-23 -2.5175e-25 -3.4701e-28 -1.9078e-31 -3.6523e-35 -2.0777e-39 -2.9180e-44 -8.1390e-50 -3.4897e-56 -1.6996e-63 -6.5692e-72 -1.3152e-81 -8.1950e-93 -8.6261e-106 -7.3494e-121 -2.0809e-138 -6.6351e-159 -6.3505e-183 -3.5950e-211 -1.6179e-244 -4.7764e-284 -0.0000e+00 -0.0000e+00 -0.0000e+00 -0.0000e+00 -0.0000e+00 -0.0000e+00 -0.0000e+00 -0.0000e+00 -0.0000e+00 -0.0000e+00 -0.0000e+00 -0.0000e+00 -0.0000e+00 -0.0000e+00 -0.0000e+00 -0.0000e+00 -0.0000e+00 -0.0000e+00 -0.0000e+00 -0.0000e+00 -0.0000e+00 -0.0000e+00 -0.0000e+00 -0.0000e+00 -0.0000e+00 -0.0000e+00 -0.0000e+00 -0.0000e+00 -0.0000e+00 -0.0000e+00 -2.0233e-07 -5.7266e-07 -1.0531e-06 -1.6234e-06 -2.2715e-06 -2.9886e-06 -3.7669e-06 -4.5980e-06 -5.4726e-06 -6.3790e-06 -7.3029e-06 -8.2267e-06 -9.1289e-06 -9.9842e-06 -1.0764e-05 0.0000e+00 -1.1964e-05 -1.2316e-05 -1.2460e-05 -1.2370e-05 -1.2028e-05 -1.1433e-05 -1.0596e-05 -9.5495e-06 -8.3414e-06 -7.0368e-06 -5.7096e-06 -4.4353e-06 -3.2815e-06 -2.2988e-06 -1.5147e-06 -9.3176e-07 -5.3063e-07 -2.7712e-07 -1.3130e-07 -5.5764e-08 -2.0940e-08 -6.8460e-09 -1.9147e-09 -4.4914e-10 -8.6391e-11 -1.3282e-11 -1.5853e-12 -1.4210e-13 -9.2101e-15 -4.1338e-16 -1.2227e-17 -2.2514e-19 -2.4175e-21 -1.4039e-23 -4.0422e-26 -5.2174e-29 -2.6861e-32 -4.8152e-36 -2.5649e-40 -3.3723e-45 -8.8037e-51 -3.5320e-57 -1.6090e-64 -5.8146e-73 -1.0879e-82 -6.3307e-94 -6.2195e-107 -4.9419e-122 -1.3038e-139 -3.8703e-160 -3.4448e-184 -1.8114e-212 -7.5623e-246 -2.0682e-285 -0.0000e+00 -0.0000e+00 -0.0000e+00 -0.0000e+00 -0.0000e+00 -0.0000e+00 -0.0000e+00 -0.0000e+00 -0.0000e+00 -0.0000e+00 -0.0000e+00 -0.0000e+00 -0.0000e+00 -0.0000e+00 -0.0000e+00 -0.0000e+00 -0.0000e+00 -0.0000e+00 -0.0000e+00 -0.0000e+00 -0.0000e+00 -0.0000e+00 -0.0000e+00 -0.0000e+00 -0.0000e+00 -0.0000e+00 -0.0000e+00 -0.0000e+00 -0.0000e+00 -0.0000e+00
