4.7193e-12 -5.0113e-12 -1.3832e-11 -2.8458e-11 -4.9858e-11 -7.8928e-11 -1.1652e-10 -1.6348e-10 -2.2065e-10 -2.8885e-10 -3.6894e-10 -4.6177e-10 -5.6816e-10 -6.8891e-10 -8.2473e-10 -9.7620e-10 -1.1437e-09 -1.3273e-09 -1.5264e-09 -1.7402e-09 -1.9664e-09 -2.2020e-09 -2.4422e-09 -2.6806e-09 -2.9084e-09 -3.1145e-09 -3.2855e-09 -3.4062e-09 -3.4599e-09 -3.4311e-09 -3.3071e-09 -3.0817e-09 -2.7584e-09 -2.3533e-09 -1.8959e-09 -1.4264e-09 -9.8893e-10 -6.2174e-10 -3.4774e-10 -1.6909e-10 -6.9541e-11 -2.3402e-11 -6.1925e-12 -1.2284e-12 -1.7243e-13 -1.5977e-14 -8.9850e-16 -2.7698e-17 -4.1368e-19 -2.5758e-21 -5.5677e-24 -3.3399e-27 -4.2265e-31 -8.0533e-36 -1.5248e-41 -1.7154e-48 -6.0574e-57 -3.0316e-67 -7.9547e-80 -3.1387e-95 -3.8535e-114 -1.9991e-137 -3.4466e-166 -7.6160e-202 -3.2638e-246 -1.1921e-301 -0.0000e+00 -0.0000e+00 -0.0000e+00 -0.0000e+00 -0.0000e+00 -0.0000e+00 -0.0000e+00 -0.0000e+00 -0.0000e+00 -0.0000e+00 -0.0000e+00 -0.0000e+00 -0.0000e+00 -0.0000e+00 -0.0000e+00 -0.0000e+00 -0.0000e+00 -0.0000e+00 -0.0000e+00 -0.0000e+00 -0.0000e+00 -0.0000e+00 -0.0000e+00 -0.0000e+00 -0.0000e+00 -0.0000e+00 -0.0000e+00 -0.0000e+00 -0.0000e+00 -0.0000e+00 -0.0000e+00 -0.0000e+00 -0.0000e+00 -0.0000e+00 0.0000e+00 -5.0113e-12 -1.3832e-11 -2.8458e-11 -4.9858e-11 -7.8928e-11 -1.1652e-10 -1.6348e-10 -2.2065e-10 -2.8885e-10 -3.6894e-10 -4.6177e-10 -5.6816e-10 -6.8891e-10 -8.2473e-10 -9.7620e-10 -1.1437e-09 -1.3273e-09 -1.5264e-09 -1.7402e-09 -1.9664e-09 -2.2020e-09 -2.4422e-09 -2.6806e-09 -2.9084e-09 -3.1145e-09 -3.2855e-09 -3.4062e-09 -3.4599e-09 -3.4311e-09 -3.3071e-09 -3.0817e-09 -2.7584e-09 -2.3533e-09 -1.8959e-09 -1.4264e-09 -9.8893e-10 -6.2174e-10 -3.4774e-10 -1.6909e-10 -6.9541e-11 -2.3402e-11 -6.1925e-12 -1.2284e-12 -1.7243e-13 -1.5977e-14 -8.9850e-16 -2.7698e-17 -4.1368e-19 -2.5758e-21 -5.5677e-24 -3.3399e-27 -4.2265e-31 -8.0533e-36 -1.5248e-41 -1.7154e-48 -6.0574e-57 -3.0316e-67 -7.9547e-80 -3.1387e-95 -3.8535e-114 -1.9991e-137 -3.4466e-166 -7.6159e-202 -3.2638e-246 -1.1921e-301 -0.0000e+00 -0.0000e+00 -0.0000e+00 -0.0000e+00 -0.0000e+00 -0.0000e+00 -0.0000e+00 -0.0000e+00 -0.0000e+00 -0.0000e+00 -0.0000e+00 -0.0000e+00 -0.0000e+00 -0.0000e+00 -0.0000e+00 -0.0000e+00 -0.0000e+00 -0.0000e+00 -0.0000e+00 -0.0000e+00 -0.0000e+00 -0.0000e+00 -0.0000e+00 -0.0000e+00 -0.0000e+00 -0.0000e+00 -0.0000e+00 -0.0000e+00 -0.0000e+00 -0.0000e+00 -0.0000e+00 -0.0000e+00 -0.0000e+00 -0.0000e+00
-5.0113e-12 3.0429e-10 -7.8320e-11 -1.6114e-10 -2.8232e-10 -4.4692e-10 -6.5979e-10 -9.2570e-10 -1.2494e-09 -1.6356e-09 -2.0891e-09 -2.6147e-09 -3.2171e-09 -3.9008e-09 -4.6699e-09 -5.5276e-09 -6.4760e-09 -7.5154e-09 -8.6432e-09 -9.8534e-09 -1.1134e-08 -1.2468e-08 -1.3829e-08 -1.5178e-08 -1.6468e-08 -1.7635e-08 -1.8604e-08 -1.9287e-08 -1.9591e-08 -1.9428e-08 -1.8726e-08 -1.7450e-08 -1.5619e-08 -1.3325e-08 -1.0735e-08 -8.0770e-09 -5.5996e-09 -3.5205e-09 -1.9690e-09 -9.5745e-10 -3.9377e-10 -1.3251e-10 -3.5064e-11 -6.9553e-12 -9.7633e-13 -9.0468e-14 -5.0876e-15 -1.5684e-16 -2.3424e-18 -1.4585e-20 -3.1526e-23 -1.8912e-26 -2.3932e-30 -4.5601e-35 -8.6337e-41 -9.7131e-48 -3.4299e-56 -1.7166e-66 -4.5043e-79 -1.7773e-94 -2.1820e-113 -1.1320e-136 -1.9516e-165 -4.3125e-201 -1.8481e-245 -6.7505e-301 -0.0000e+00 -0.0000e+00 -0.0000e+00 -0.0000e+00 -0.0000e+00 -0.0000e+00 -0.0000e+00 -0.0000e+00 -0.0000e+00 -0.0000e+00 -0.0000e+00 -0.0000e+00 -0.0000e+00 -0.0000e+00 -0.0000e+00 -0.0000e+00 -0.0000e+00 -0.0000e+00 -0.0000e+00 -0.0000e+00 -0.0000e+00 -0.0000e+00 -0.0000e+00 -0.0000e+00 -0.0000e+00 -0.0000e+00 -0.0000e+00 -0.0000e+00 -0.0000e+00 -0.0000e+00 -0.0000e+00 -0.0000e+00 -0.0000e+00 -0.0000e+00 -5.0113e-12 0.0000e+00 -7.8320e-11 -1.6114e-10 -2.8232e-10 -4.4692e-10 -6.5979e-10 -9.2570e-10 -1.2494e-09 -1.6356e-09 -2.0891e-09 -2.6147e-09 -3.2171e-09 -3.9008e-09 -4.6699e-09 -5.5276e-09 -6.4760e-09 -7.5154e-09 -8.6432e-09 -9.8534e-09 -1.1134e-08 -1.2468e-08 -1.3829e-08 -1.5178e-08 -1.6468e-08 -1.7635e-08 -1.8604e-08 -1.9287e-08 -1.9591e-08 -1.9428e-08 -1.8726e-08 -1.7450e-08 -1.5619e-08 -1.3325e-08 -1.0735e-08 -8.0770e-09 -5.5996e-09 -3.5205e-09 -1.9690e-09 -9.5745e-10 -3.9377e-10 -1.3251e-10 -3.5064e-11 -6.9553e-12 -9.7633e-13 -9.0468e-14 -5.0876e-15 -1.5684e-16 -2.3424e-18 -1.4585e-20 -3.1526e-23 -1.8912e-26 -2.3932e-30 -4.5601e-35 -8.6337e-41 -9.7131e-48 -3.4299e-56 -1.7166e-66 -4.5042e-79 -1.7773e-94 -2.1820e-113 -1.1320e-136 -1.9516e-165 -4.3124e-201 -1.8481e-245 -6.7504e-301 -0.0000e+00 -0.0000e+00 -0.0000e+00 -0.0000e+00 -0.0000e+00 -0.0000e+00 -0.0000e+00 -0.0000e+00 -0.0000e+00 -0.0000e+00 -0.0000e+00 -0.0000e+00 -0.0000e+00 -0.0000e+00 -0.0000e+00 -0.0000e+00 -0.0000e+00 -0.0000e+00 -0.0000e+00 -0.0000e+00 -0.0000e+00 -0.0000e+00 -0.0000e+00 -0.0000e+00 -0.0000e+00 -0.0000e+00 -0.0000e+00 -0.0000e+00 -0.0000e+00 -0.0000e+00 -0.0000e+00 -0.0000e+00 -0.0000e+00 -0.0000e+00
-1.3832e-11 -7.8320e-11 3.4710e-09 -4.4476e-10 -7.7923e-10 -1.2335e-09 -1.8211e-09 -2.5550e-09 -3.4484e-09 -4.5144e-09 -5.7661e-09 -7.2169e-09 -8.8796e-09 -1.0767e-08 -1.2889e-08 -1.5257e-08 -1.7875e-08 -2.0743e-08 -2.3856e-08 -2.7197e-08 -3.0732e-08 -3.4414e-08 -3.8169e-08 -4.1894e-08 -4.5454e-08 -4.8675e-08 -5.1349e-08 -5.3234e-08 -5.4074e-08 -5.3624e-08 -5.1686e-08 -4.8163e-08 -4.3110e-08 -3.6779e-08 -2.9631e-08 -2.2294e-08 -1.5456e-08 -9.7170e-09 -5.4347e-09 -2.6427e-09 -1.0868e-09 -3.6574e-10 -9.6781e-11 -1.9198e-11 -2.6948e-12 -2.4970e-13 -1.4042e-14 -4.3289e-16 -6.4654e-18 -4.0257e-20 -8.7018e-23 -5.2200e-26 -6.6057e-30 -1.2587e-34 -2.3831e-40 -2.6811e-47 -9.4675e-56 -4.7383e-66 -1.2433e-78 -4.9060e-94 -6.0233e-113 -3.1249e-136 -5.3877e-165 -1.1906e-200 -5.1023e-245 -1.8638e-300 -0.0000e+00 -0.0000e+00 -0.0000e+00 -0.0000e+00 -0.0000e+00 -0.0000e+00 -0.0000e+00 -0.0000e+00 -0.0000e+00 -0.0000e+00 -0.0000e+00 -0.0000e+00 -0.0000e+00 -0.0000e+00 -0.0000e+00 -0.0000e+00 -0.0000e+00 -0.0000e+00 -0.0000e+00 -0.0000e+00 -0.0000e+00 -0.0000e+00 -0.0000e+00 -0.0000e+00 -0.0000e+00 -0.0000e+00 -0.0000e+00 -0.0000e+00 -0.0000e+00 -0.0000e+00 -0.0000e+00 -0.0000e+00 -0.0000e+00 -0.0000e+00 -1.3832e-11 -7.8320e-11 0.0000e+00 -4.4476e-10 -7.7923e-10 -1.2335e-09 -1.8211e-09 -2.5550e-09 -3.4484e-09 -4.5144e-09 -5.7661e-09 -7.2169e-09 -8.8796e-09 -1.0767e-08 -1.2889e-08 -1.5257e-08 -1.7875e-08 -2.0743e-08 -2.3856e-08 -2.7197e-08 -3.0732e-08 -3.4414e-08 -3.8169e-08 -4.1894e-08 -4.5454e-08 -4.8675e-08 -5.1349e-08 -5.3234e-08 -5.4074e-08 -5.3624e-08 -5.1686e-08 -4.8163e-08 -4.3110e-08 -3.6779e-08 -2.9631e-08 -2.2293e-08 -1.5456e-08 -9.7170e-09 -5.4347e-09 -2.6427e-09 -1.0868e-09 -3.6574e-10 -9.6780e-11 -1.9198e-11 -2.6948e-12 -2.4970e-13 -1.4042e-14 -4.3289e-16 -6.4653e-18 -4.0257e-20 -8.7016e-23 -5.2200e-26 -6.6055e-30 -1.2586e-34 -2.3830e-40 -2.6810e-47 -9.4672e-56 -4.7381e-66 -1.2433e-78 -4.9056e-94 -6.0228e-113 -3.1246e-136 -5.3870e-165 -1.1904e-200 -5.1013e-245 -1.8634e-300 -0.0000e+00 -0.0000e+00 -0.0000e+00 -0.0000e+00 -0.0000e+00 -0.0000e+00 -0.0000e+00 -0.0000e+00 -0.0000e+00 -0.0000e+00 -0.0000e+00 -0.0000e+00 -0.0000e+00 -0.0000e+00 -0.0000e+00 -0.0000e+00 -0.0000e+00 -0.0000e+00 -0.0000e+00 -0.0000e+00 -0.0000e+00 -0.0000e+00 -0.0000e+00 -0.0000e+00 -0.0000e+00 -0.0000e+00 -0.0000e+00 -0.0000e+00 -0.0000e+00 -0.0000e+00 -0.0000e+00 -0.0000e+00 -0.0000e+00 -0.0000e+00
-2.8458e-11 -1.6114e-10 -4.4476e-10 1.9568e-08 -1.6032e-09 -2.5379e-09 -3.7468e-09 -5.2568e-09 -7.0949e-09 -9.2881e-09 -1.1863e-08 -1.4848e-08 -1.8269e-08 -2.2152e-08 -2.6519e-08 -3.1390e-08 -3.6776e-08 -4.2678e-08 -4.9083e-08 -5.5955e-08 -6.3230e-08 -7.0806e-08 -7.8531e-08 -8.6195e-08 -9.3519e-08 -1.0015e-07 -1.0565e-07 -1.0953e-07 -1.1126e-07 -1.1033e-07 -1.0634e-07 -9.9093e-08 -8.8696e-08 -7.5671e-08 -6.0965e-08 -4.5868e-08 -3.1800e-08 -1.9992e-08 -1.1182e-08 -5.4373e-09 -2.2362e-09 -7.5250e-10 -1.9912e-10 -3.9499e-11 -5.5446e-12 -5.1377e-13 -2.8893e-14 -8.9070e-16 -1.3303e-17 -8.2833e-20 -1.7905e-22 -1.0741e-25 -1.3593e-29 -2.5901e-34 -4.9040e-40 -5.5174e-47 -1.9484e-55 -9.7520e-66 -2.5591e-78 -1.0099e-93 -1.2400e-112 -6.4339e-136 -1.1095e-164 -2.4521e-200 -1.0512e-244 -3.8410e-300 -0.0000e+00 -0.0000e+00 -0.0000e+00 -0.0000e+00 -0.0000e+00 -0.0000e+00 -0.0000e+00 -0.0000e+00 -0.0000e+00 -0.0000e+00 -0.0000e+00 -0.0000e+00 -0.0000e+00 -0.0000e+00 -0.0000e+00 -0.0000e+00 -0.0000e+00 -0.0000e+00 -0.0000e+00 -0.0000e+00 -0.0000e+00 -0.0000e+00 -0.0000e+00 -0.0000e+00 -0.0000e+00 -0.0000e+00 -0.0000e+00 -0.0000e+00 -0.0000e+00 -0.0000e+00 -0.0000e+00 -0.0000e+00 -0.0000e+00 -0.0000e+00 -2.8458e-11 -1.6114e-10 -4.4476e-10 0.0000e+00 -1.6032e-09 -2.5379e-09 -3.7468e-09 -5.2568e-09 -7.0949e-09 -9.2881e-09 -1.1863e-08 -1.4848e-08 -1.8269e-08 -2.2152e-08 -2.6519e-08 -3.1390e-08 -3.6776e-08 -4.2678e-08 -4.9083e-08 -5.5955e-08 -6.3230e-08 -7.0806e-08 -7.8531e-08 -8.6195e-08 -9.3519e-08 -1.0015e-07 -1.0565e-07 -1.0953e-07 -1.1126e-07 -1.1033e-07 -1.0634e-07 -9.9092e-08 -8.8696e-08 -7.5671e-08 -6.0964e-08 -4.5868e-08 -3.1799e-08 -1.9992e-08 -1.1182e-08 -5.4372e-09 -2.2361e-09 -7.5249e-10 -1.9912e-10 -3.9498e-11 -5.5444e-12 -5.1376e-13 -2.8892e-14 -8.9066e-16 -1.3302e-17 -8.2828e-20 -1.7904e-22 -1.0740e-25 -1.3591e-29 -2.5897e-34 -4.9033e-40 -5.5164e-47 -1.9480e-55 -9.7494e-66 -2.5583e-78 -1.0095e-93 -1.2394e-112 -6.4301e-136 -1.1087e-164 -2.4500e-200 -1.0500e-244 -3.8359e-300 -0.0000e+00 -0.0000e+00 -0.0000e+00 -0.0000e+00 -0.0000e+00 -0.0000e+00 -0.0000e+00 -0.0000e+00 -0.0000e+00 -0.0000e+00 -0.0000e+00 -0.0000e+00 -0.0000e+00 -0.0000e+00 -0.0000e+00 -0.0000e+00 -0.0000e+00 -0.0000e+00 -0.0000e+00 -0.0000e+00 -0.0000e+00 -0.0000e+00 -0.0000e+00 -0.0000e+00 -0.0000e+00 -0.0000e+00 -0.0000e+00 -0.0000e+00 -0.0000e+00 -0.0000e+00 -0.0000e+00 -0.0000e+00 -0.0000e+00 -0.0000e+00
-4.9858e-11 -2.8232e-10 -7.7923e-10 -1.6032e-09 7.4973e-08 -4.4465e-09 -6.5645e-09 -9.2100e-09 -1.2430e-08 -1.6273e-08 -2.0785e-08 -2.6014e-08 -3.2008e-08 -3.8810e-08 -4.6462e-08 -5.4996e-08 -6.4432e-08 -7.4773e-08 -8.5994e-08 -9.8034e-08 -1.1078e-07 -1.2405e-07 -1.3759e-07 -1.5101e-07 -1.6385e-07 -1.7546e-07 -1.8510e-07 -1.9189e-07 -1.9492e-07 -1.9330e-07 -1.8631e-07 -1.7361e-07 -1.5540e-07 -1.3258e-07 -1.0681e-07 -8.0362e-08 -5.5714e-08 -3.5028e-08 -1.9591e-08 -9.5265e-09 -3.9179e-09 -1.3185e-09 -3.4889e-10 -6.9208e-11 -9.7151e-12 -9.0024e-13 -5.0628e-14 -1.5608e-15 -2.3312e-17 -1.4516e-19 -3.1379e-22 -1.8825e-25 -2.3825e-29 -4.5402e-34 -8.5974e-40 -9.6740e-47 -3.4168e-55 -1.7105e-65 -4.4897e-78 -1.7722e-93 -2.1769e-112 -1.1300e-135 -1.9497e-164 -4.3120e-200 -1.8500e-244 -6.7671e-300 -0.0000e+00 -0.0000e+00 -0.0000e+00 -0.0000e+00 -0.0000e+00 -0.0000e+00 -0.0000e+00 -0.0000e+00 -0.0000e+00 -0.0000e+00 -0.0000e+00 -0.0000e+00 -0.0000e+00 -0.0000e+00 -0.0000e+00 -0.0000e+00 -0.0000e+00 -0.0000e+00 -0.0000e+00 -0.0000e+00 -0.0000e+00 -0.0000e+00 -0.0000e+00 -0.0000e+00 -0.0000e+00 -0.0000e+00 -0.0000e+00 -0.0000e+00 -0.0000e+00 -0.0000e+00 -0.0000e+00 -0.0000e+00 -0.0000e+00 -0.0000e+00 -4.9858e-11 -2.8232e-10 -7.7923e-10 -1.6032e-09 0.0000e+00 -4.4465e-09 -6.5645e-09 -9.2100e-09 -1.2430e-08 -1.6273e-08 -2.0785e-08 -2.6014e-08 -3.2008e-08 -3.8810e-08 -4.6462e-08 -5.4996e-08 -6.4432e-08 -7.4773e-08 -8.5994e-08 -9.8034e-08 -1.1078e-07 -1.2405e-07 -1.3759e-07 -1.5101e-07 -1.6385e-07 -1.7546e-07 -1.8509e-07 -1.9189e-07 -1.9492e-07 -1.9330e-07 -1.8631e-07 -1.7361e-07 -1.5540e-07 -1.3258e-07 -1.0681e-07 -8.0361e-08 -5.5713e-08 -3.5027e-08 -1.9591e-08 -9.5262e-09 -3.9178e-09 -1.3184e-09 -3.4887e-10 -6.9203e-11 -9.7142e-12 -9.0014e-13 -5.0621e-14 -1.5605e-15 -2.3307e-17 -1.4513e-19 -3.1371e-22 -1.8819e-25 -2.3815e-29 -4.5380e-34 -8.5924e-40 -9.6672e-47 -3.4140e-55 -1.7087e-65 -4.4842e-78 -1.7696e-93 -2.1729e-112 -1.1275e-135 -1.9444e-164 -4.2977e-200 -1.8424e-244 -6.7331e-300 -0.0000e+00 -0.0000e+00 -0.0000e+00 -0.0000e+00 -0.0000e+00 -0.0000e+00 -0.0000e+00 -0.0000e+00 -0.0000e+00 -0.0000e+00 -0.0000e+00 -0.0000e+00 -0.0000e+00 -0.0000e+00 -0.0000e+00 -0.0000e+00 -0.0000e+00 -0.0000e+00 -0.0000e+00 -0.0000e+00 -0.0000e+00 -0.0000e+00 -0.0000e+00 -0.0000e+00 -0.0000e+00 -0.0000e+00 -0.0000e+00 -0.0000e+00 -0.0000e+00 -0.0000e+00 -0.0000e+00 -0.0000e+00 -0.0000e+00 -0.0000e+00
-7.8928e-11 -4.4692e-10 -1.2335e-09 -2.5379e-09 -4.4465e-09 2.2507e-07 -1.0392e-08 -1.4580e-08 -1.9678e-08 -2.5760e-08 -3.2903e-08 -4.1182e-08 -5.0670e-08 -6.1438e-08 -7.3551e-08 -8.7060e-08 -1.0200e-07 -1.1837e-07 -1.3613e-07 -1.5519e-07 -1.7537e-07 -1.9638e-07 -2.1781e-07 -2.3906e-07 -2.5938e-07 -2.7776e-07 -2.9302e-07 -3.0377e-07 -3.0857e-07 -3.0600e-07 -2.9494e-07 -2.7484e-07 -2.4601e-07 -2.0988e-07 -1.6909e-07 -1.2722e-07 -8.8203e-08 -5.5454e-08 -3.1016e-08 -1.5082e-08 -6.2030e-09 -2.0875e-09 -5.5241e-10 -1.0958e-10 -1.5383e-11 -1.4256e-12 -8.0177e-14 -2.4719e-15 -3.6924e-17 -2.2995e-19 -4.9715e-22 -2.9831e-25 -3.7760e-29 -7.1976e-34 -1.3634e-39 -1.5346e-46 -5.4227e-55 -2.7161e-65 -7.1338e-78 -2.8182e-93 -3.4650e-112 -1.8008e-135 -3.1116e-164 -6.8945e-200 -2.9646e-244 -1.0875e-299 -0.0000e+00 -0.0000e+00 -0.0000e+00 -0.0000e+00 -0.0000e+00 -0.0000e+00 -0.0000e+00 -0.0000e+00 -0.0000e+00 -0.0000e+00 -0.0000e+00 -0.0000e+00 -0.0000e+00 -0.0000e+00 -0.0000e+00 -0.0000e+00 -0.0000e+00 -0.0000e+00 -0.0000e+00 -0.0000e+00 -0.0000e+00 -0.0000e+00 -0.0000e+00 -0.0000e+00 -0.0000e+00 -0.0000e+00 -0.0000e+00 -0.0000e+00 -0.0000e+00 -0.0000e+00 -0.0000e+00 -0.0000e+00 -0.0000e+00 -0.0000e+00 -7.8928e-11 -4.4692e-10 -1.2335e-09 -2.5379e-09 -4.4465e-09 0.0000e+00 -1.0392e-08 -1.4580e-08 -1.9678e-08 -2.5760e-08 -3.2903e-08 -4.1182e-08 -5.0670e-08 -6.1438e-08 -7.3551e-08 -8.7060e-08 -1.0200e-07 -1.1837e-07 -1.3613e-07 -1.5519e-07 -1.7537e-07 -1.9638e-07 -2.1781e-07 -2.3906e-07 -2.5938e-07 -2.7776e-07 -2.9301e-07 -3.0377e-07 -3.0857e-07 -3.0600e-07 -2.9494e-07 -2.7483e-07 -2.4600e-07 -2.0988e-07 -1.6909e-07 -1.2722e-07 -8.8198e-08 -5.5450e-08 -3.1014e-08 -1.5081e-08 -6.2023e-09 -2.0872e-09 -5.5231e-10 -1.0956e-10 -1.5379e-11 -1.4251e-12 -8.0146e-14 -2.4708e-15 -3.6903e-17 -2.2980e-19 -4.9674e-22 -2.9801e-25 -3.7715e-29 -7.1873e-34 -1.3610e-39 -1.5314e-46 -5.4090e-55 -2.7078e-65 -7.1074e-78 -2.8055e-93 -3.4461e-112 -1.7888e-135 -3.0864e-164 -6.8262e-200 -2.9286e-244 -1.0713e-299 -0.0000e+00 -0.0000e+00 -0.0000e+00 -0.0000e+00 -0.0000e+00 -0.0000e+00 -0.0000e+00 -0.0000e+00 -0.0000e+00 -0.0000e+00 -0.0000e+00 -0.0000e+00 -0.0000e+00 -0.0000e+00 -0.0000e+00 -0.0000e+00 -0.0000e+00 -0.0000e+00 -0.0000e+00 -0.0000e+00 -0.0000e+00 -0.0000e+00 -0.0000e+00 -0.0000e+00 -0.0000e+00 -0.0000e+00 -0.0000e+00 -0.0000e+00 -0.0000e+00 -0.0000e+00 -0.0000e+00 -0.0000e+00 -0.0000e+00 -0.0000e+00
-1.1652e-10 -6.5979e-10 -1.8211e-09 -3.7468e-09 -6.5645e-09 -1.0392e-08 5.7113e-07 -2.1525e-08 -2.9051e-08 -3.8031e-08 -4.8576e-08 -6.0797e-08 -7.4805e-08 -9.0703e-08 -1.0859e-07 -1.2853e-07 -1.5058e-07 -1.7475e-07 -2.0098e-07 -2.2911e-07 -2.5890e-07 -2.8992e-07 -3.2155e-07 -3.5294e-07 -3.8293e-07 -4.1007e-07 -4.3259e-07 -4.4847e-07 -4.5556e-07 -4.5177e-07 -4.3545e-07 -4.0577e-07 -3.6320e-07 -3.0987e-07 -2.4966e-07 -1.8784e-07 -1.3023e-07 -8.1881e-08 -4.5799e-08 -2.2272e-08 -9.1603e-09 -3.0829e-09 -8.1587e-10 -1.6186e-10 -2.2725e-11 -2.1062e-12 -1.1847e-13 -3.6533e-15 -5.4583e-17 -3.4002e-19 -7.3534e-22 -4.4140e-25 -5.5899e-29 -1.0661e-33 -2.0208e-39 -2.2765e-46 -8.0523e-55 -4.0381e-65 -1.0622e-77 -4.2037e-93 -5.1801e-112 -2.6995e-135 -4.6800e-164 -1.0412e-199 -4.5002e-244 -1.6612e-299 -0.0000e+00 -0.0000e+00 -0.0000e+00 -0.0000e+00 -0.0000e+00 -0.0000e+00 -0.0000e+00 -0.0000e+00 -0.0000e+00 -0.0000e+00 -0.0000e+00 -0.0000e+00 -0.0000e+00 -0.0000e+00 -0.0000e+00 -0.0000e+00 -0.0000e+00 -0.0000e+00 -0.0000e+00 -0.0000e+00 -0.0000e+00 -0.0000e+00 -0.0000e+00 -0.0000e+00 -0.0000e+00 -0.0000e+00 -0.0000e+00 -0.0000e+00 -0.0000e+00 -0.0000e+00 -0.0000e+00 -0.0000e+00 -0.0000e+00 -0.0000e+00 -1.1652e-10 -6.5979e-10 -1.8211e-09 -3.7468e-09 -6.5645e-09 -1.0392e-08 0.0000e+00 -2.1525e-08 -2.9051e-08 -3.8031e-08 -4.8576e-08 -6.0797e-08 -7.4805e-08 -9.0703e-08 -1.0859e-07 -1.2853e-07 -1.5058e-07 -1.7475e-07 -2.0098e-07 -2.2911e-07 -2.5890e-07 -2.8992e-07 -3.2155e-07 -3.5293e-07 -3.8292e-07 -4.1006e-07 -4.3258e-07 -4.4847e-07 -4.5555e-07 -4.5176e-07 -4.3543e-07 -4.0575e-07 -3.6318e-07 -3.0985e-07 -2.4963e-07 -1.8782e-07 -1.3021e-07 -8.1866e-08 -4.5789e-08 -2.2266e-08 -9.1574e-09 -3.0817e-09 -8.1550e-10 -1.6177e-10 -2.2710e-11 -2.1044e-12 -1.1836e-13 -3.6490e-15 -5.4505e-17 -3.3943e-19 -7.3382e-22 -4.4030e-25 -5.5731e-29 -1.0623e-33 -2.0120e-39 -2.2645e-46 -8.0010e-55 -4.0070e-65 -1.0523e-77 -4.1562e-93 -5.1090e-112 -2.6545e-135 -4.5852e-164 -1.0155e-199 -4.3646e-244 -1.6000e-299 -0.0000e+00 -0.0000e+00 -0.0000e+00 -0.0000e+00 -0.0000e+00 -0.0000e+00 -0.0000e+00 -0.0000e+00 -0.0000e+00 -0.0000e+00 -0.0000e+00 -0.0000e+00 -0.0000e+00 -0.0000e+00 -0.0000e+00 -0.0000e+00 -0.0000e+00 -0.0000e+00 -0.0000e+00 -0.0000e+00 -0.0000e+00 -0.0000e+00 -0.0000e+00 -0.0000e+00 -0.0000e+00 -0.0000e+00 -0.0000e+00 -0.0000e+00 -0.0000e+00 -0.0000e+00 -0.0000e+00 -0.0000e+00 -0.0000e+00 -0.0000e+00
-1.6348e-10 -9.2570e-10 -2.5550e-09 -5.2568e-09 -9.2100e-09 -1.4580e-08 -2.1525e-08 1.2819e-06 -4.0759e-08 -5.3358e-08 -6.8153e-08 -8.5300e-08 -1.0495e-07 -1.2726e-07 -1.5235e-07 -1.8033e-07 -2.1127e-07 -2.4518e-07 -2.8197e-07 -3.2145e-07 -3.6325e-07 -4.0677e-07 -4.5115e-07 -4.9518e-07 -5.3726e-07 -5.7534e-07 -6.0695e-07 -6.2924e-07 -6.3918e-07 -6.3388e-07 -6.1098e-07 -5.6935e-07 -5.0964e-07 -4.3482e-07 -3.5033e-07 -2.6360e-07 -1.8277e-07 -1.1492e-07 -6.4281e-08 -3.1262e-08 -1.2859e-08 -4.3284e-09 -1.1457e-09 -2.2733e-10 -3.1923e-11 -2.9595e-12 -1.6652e-13 -5.1370e-15 -7.6785e-17 -4.7858e-19 -1.0357e-21 -6.2218e-25 -7.8869e-29 -1.5059e-33 -2.8584e-39 -3.2256e-46 -1.1433e-54 -5.7474e-65 -1.5164e-77 -6.0231e-93 -7.4552e-112 -3.9063e-135 -6.8175e-164 -1.5292e-199 -6.6755e-244 -2.4945e-299 -0.0000e+00 -0.0000e+00 -0.0000e+00 -0.0000e+00 -0.0000e+00 -0.0000e+00 -0.0000e+00 -0.0000e+00 -0.0000e+00 -0.0000e+00 -0.0000e+00 -0.0000e+00 -0.0000e+00 -0.0000e+00 -0.0000e+00 -0.0000e+00 -0.0000e+00 -0.0000e+00 -0.0000e+00 -0.0000e+00 -0.0000e+00 -0.0000e+00 -0.0000e+00 -0.0000e+00 -0.0000e+00 -0.0000e+00 -0.0000e+00 -0.0000e+00 -0.0000e+00 -0.0000e+00 -0.0000e+00 -0.0000e+00 -0.0000e+00 -0.0000e+00 -1.6348e-10 -9.2570e-10 -2.5550e-09 -5.2568e-09 -9.2100e-09 -1.4580e-08 -2.1525e-08 0.0000e+00 -4.0759e-08 -5.3358e-08 -6.8153e-08 -8.5300e-08 -1.0495e-07 -1.2726e-07 -1.5235e-07 -1.8033e-07 -2.1127e-07 -2.4518e-07 -2.8197e-07 -3.2145e-07 -3.6324e-07 -4.0676e-07 -4.5114e-07 -4.9517e-07 -5.3725e-07 -5.7533e-07 -6.0693e-07 -6.2921e-07 -6.3915e-07 -6.3383e-07 -6.1093e-07 -5.6929e-07 -5.0957e-07 -4.3474e-07 -3.5026e-07 -2.6353e-07 -1.8271e-07 -1.1487e-07 -6.4251e-08 -3.1244e-08 -1.2850e-08 -4.3247e-09 -1.1445e-09 -2.2705e-10 -3.1875e-11 -2.9541e-12 -1.6616e-13 -5.1233e-15 -7.6539e-17 -4.7674e-19 -1.0309e-21 -6.1870e-25 -7.8338e-29 -1.4937e-33 -2.8305e-39 -3.1877e-46 -1.1270e-54 -5.6491e-65 -1.4850e-77 -5.8728e-93 -7.2303e-112 -3.7637e-135 -6.5162e-164 -1.4474e-199 -6.2428e-244 -2.2987e-299 -0.0000e+00 -0.0000e+00 -0.0000e+00 -0.0000e+00 -0.0000e+00 -0.0000e+00 -0.0000e+00 -0.0000e+00 -0.0000e+00 -0.0000e+00 -0.0000e+00 -0.0000e+00 -0.0000e+00 -0.0000e+00 -0.0000e+00 -0.0000e+00 -0.0000e+00 -0.0000e+00 -0.0000e+00 -0.0000e+00 -0.0000e+00 -0.0000e+00 -0.0000e+00 -0.0000e+00 -0.0000e+00 -0.0000e+00 -0.0000e+00 -0.0000e+00 -0.0000e+00 -0.0000e+00 -0.0000e+00 -0.0000e+00 -0.0000e+00 -0.0000e+00
-2.2065e-10 -1.2494e-09 -3.4484e-09 -7.0949e-09 -1.2430e-08 -1.9678e-08 -2.9051e-08 -4.0759e-08 2.6204e-06 -7.2014e-08 -9.1982e-08 -1.1512e-07 -1.4165e-07 -1.7175e-07 -2.0562e-07 -2.4338e-07 -2.8514e-07 -3.3091e-07 -3.8057e-07 -4.3385e-07 -4.9026e-07 -5.4900e-07 -6.0890e-07 -6.6834e-07 -7.2514e-07 -7.7654e-07 -8.1921e-07 -8.4931e-07 -8.6275e-07 -8.5561e-07 -8.2473e-07 -7.6856e-07 -6.8798e-07 -5.8701e-07 -4.7298e-07 -3.5591e-07 -2.4679e-07 -1.5519e-07 -8.6822e-08 -4.2232e-08 -1.7375e-08 -5.8496e-09 -1.5488e-09 -3.0742e-10 -4.3188e-11 -4.0057e-12 -2.2553e-13 -6.9620e-15 -1.0415e-16 -6.4983e-19 -1.4080e-21 -8.4710e-25 -1.0757e-28 -2.0584e-33 -3.9172e-39 -4.4342e-46 -1.5775e-54 -7.9668e-65 -2.1135e-77 -8.4511e-93 -1.0545e-111 -5.5795e-135 -9.8532e-164 -2.2420e-199 -9.9572e-244 -3.7992e-299 -0.0000e+00 -0.0000e+00 -0.0000e+00 -0.0000e+00 -0.0000e+00 -0.0000e+00 -0.0000e+00 -0.0000e+00 -0.0000e+00 -0.0000e+00 -0.0000e+00 -0.0000e+00 -0.0000e+00 -0.0000e+00 -0.0000e+00 -0.0000e+00 -0.0000e+00 -0.0000e+00 -0.0000e+00 -0.0000e+00 -0.0000e+00 -0.0000e+00 -0.0000e+00 -0.0000e+00 -0.0000e+00 -0.0000e+00 -0.0000e+00 -0.0000e+00 -0.0000e+00 -0.0000e+00 -0.0000e+00 -0.0000e+00 -0.0000e+00 -0.0000e+00 -2.2065e-10 -1.2494e-09 -3.4484e-09 -7.0949e-09 -1.2430e-08 -1.9678e-08 -2.9051e-08 -4.0759e-08 0.0000e+00 -7.2014e-08 -9.1982e-08 -1.1512e-07 -1.4165e-07 -1.7175e-07 -2.0562e-07 -2.4338e-07 -2.8514e-07 -3.3090e-07 -3.8056e-07 -4.3385e-07 -4.9025e-07 -5.4899e-07 -6.0889e-07 -6.6832e-07 -7.2511e-07 -7.7650e-07 -8.1915e-07 -8.4924e-07 -8.6265e-07 -8.5548e-07 -8.2458e-07 -7.6839e-07 -6.8779e-07 -5.8681e-07 -4.7278e-07 -3.5572e-07 -2.4663e-07 -1.5507e-07 -8.6738e-08 -4.2182e-08 -1.7350e-08 -5.8394e-09 -1.5455e-09 -3.0664e-10 -4.3054e-11 -3.9908e-12 -2.2451e-13 -6.9243e-15 -1.0347e-16 -6.4473e-19 -1.3947e-21 -8.3749e-25 -1.0610e-28 -2.0246e-33 -3.8399e-39 -4.3290e-46 -1.5326e-54 -7.6938e-65 -2.0264e-77 -8.0327e-93 -9.9177e-112 -5.1808e-135 -9.0086e-164 -2.0117e-199 -8.7342e-244 -3.2425e-299 -0.0000e+00 -0.0000e+00 -0.0000e+00 -0.0000e+00 -0.0000e+00 -0.0000e+00 -0.0000e+00 -0.0000e+00 -0.0000e+00 -0.0000e+00 -0.0000e+00 -0.0000e+00 -0.0000e+00 -0.0000e+00 -0.0000e+00 -0.0000e+00 -0.0000e+00 -0.0000e+00 -0.0000e+00 -0.0000e+00 -0.0000e+00 -0.0000e+00 -0.0000e+00 -0.0000e+00 -0.0000e+00 -0.0000e+00 -0.0000e+00 -0.0000e+00 -0.0000e+00 -0.0000e+00 -0.0000e+00 -0.0000e+00 -0.0000e+00 -0.0000e+00
-2.8885e-10 -1.6356e-09 -4.5144e-09 -9.2881e-09 -1.6273e-08 -2.5760e-08 -3.8031e-08 -5.3358e-08 -7.2014e-08 4.9768e-06 -1.2042e-07 -1.5071e-07 -1.8544e-07 -2.2485e-07 -2.6917e-07 -3.1861e-07 -3.7328e-07 -4.3320e-07 -4.9821e-07 -5.6797e-07 -6.4182e-07 -7.1872e-07 -7.9715e-07 -8.7497e-07 -9.4934e-07 -1.0167e-06 -1.0725e-06 -1.1120e-06 -1.1296e-06 -1.1203e-06 -1.0799e-06 -1.0064e-06 -9.0099e-07 -7.6882e-07 -6.1955e-07 -4.6626e-07 -3.2336e-07 -2.0338e-07 -1.1381e-07 -5.5374e-08 -2.2790e-08 -7.6758e-09 -2.0333e-09 -4.0384e-10 -5.6774e-11 -5.2703e-12 -2.9703e-13 -9.1808e-15 -1.3755e-16 -8.5973e-19 -1.8668e-21 -1.1260e-24 -1.4343e-28 -2.7548e-33 -5.2657e-39 -5.9926e-46 -2.1457e-54 -1.0920e-64 -2.9237e-77 -1.1821e-92 -1.4946e-111 -8.0340e-135 -1.4458e-163 -3.3640e-199 -1.5341e-243 -6.0388e-299 -0.0000e+00 -0.0000e+00 -0.0000e+00 -0.0000e+00 -0.0000e+00 -0.0000e+00 -0.0000e+00 -0.0000e+00 -0.0000e+00 -0.0000e+00 -0.0000e+00 -0.0000e+00 -0.0000e+00 -0.0000e+00 -0.0000e+00 -0.0000e+00 -0.0000e+00 -0.0000e+00 -0.0000e+00 -0.0000e+00 -0.0000e+00 -0.0000e+00 -0.0000e+00 -0.0000e+00 -0.0000e+00 -0.0000e+00 -0.0000e+00 -0.0000e+00 -0.0000e+00 -0.0000e+00 -0.0000e+00 -0.0000e+00 -0.0000e+00 -0.0000e+00 -2.8885e-10 -1.6356e-09 -4.5144e-09 -9.2881e-09 -1.6273e-08 -2.5760e-08 -3.8031e-08 -5.3358e-08 -7.2014e-08 0.0000e+00 -1.2042e-07 -1.5071e-07 -1.8544e-07 -2.2484e-07 -2.6917e-07 -3.1861e-07 -3.7328e-07 -4.3319e-07 -4.9820e-07 -5.6796e-07 -6.4180e-07 -7.1870e-07 -7.9711e-07 -8.7492e-07 -9.4927e-07 -1.0166e-06 -1.0724e-06 -1.1118e-06 -1.1294e-06 -1.1200e-06 -1.0796e-06 -1.0060e-06 -9.0051e-07 -7.6832e-07 -6.1904e-07 -4.6579e-07 -3.2296e-07 -2.0308e-07 -1.1360e-07 -5.5250e-08 -2.2728e-08 -7.6504e-09 -2.0252e-09 -4.0189e-10 -5.6442e-11 -5.2332e-12 -2.9451e-13 -9.0870e-15 -1.3586e-16 -8.4703e-19 -1.8337e-21 -1.1020e-24 -1.3977e-28 -2.6704e-33 -5.0725e-39 -5.7293e-46 -2.0329e-54 -1.0234e-64 -2.7044e-77 -1.0764e-92 -1.3356e-111 -7.0197e-135 -1.2298e-163 -2.7714e-199 -1.2169e-243 -4.5811e-299 -0.0000e+00 -0.0000e+00 -0.0000e+00 -0.0000e+00 -0.0000e+00 -0.0000e+00 -0.0000e+00 -0.0000e+00 -0.0000e+00 -0.0000e+00 -0.0000e+00 -0.0000e+00 -0.0000e+00 -0.0000e+00 -0.0000e+00 -0.0000e+00 -0.0000e+00 -0.0000e+00 -0.0000e+00 -0.0000e+00 -0.0000e+00 -0.0000e+00 -0.0000e+00 -0.0000e+00 -0.0000e+00 -0.0000e+00 -0.0000e+00 -0.0000e+00 -0.0000e+00 -0.0000e+00 -0.0000e+00 -0.0000e+00 -0.0000e+00 -0.0000e+00
-3.6894e-10 -2.0891e-09 -5.7661e-09 -1.1863e-08 -2.0785e-08 -3.2903e-08 -4.8576e-08 -6.8153e-08 -9.1982e-08 -1.2042e-07 8.9079e-06 -1.9250e-07 -2.3685e-07 -2.8719e-07 -3.4381e-07 -4.0696e-07 -4.7679e-07 -5.5332e-07 -6.3636e-07 -7.2547e-07 -8.1981e-07 -9.1805e-07 -1.0182e-06 -1.1177e-06 -1.2127e-06 -1.2987e-06 -1.3701e-06 -1.4206e-06 -1.4432e-06 -1.4314e-06 -1.3799e-06 -1.2861e-06 -1.1515e-06 -9.8276e-07 -7.9210e-07 -5.9625e-07 -4.1362e-07 -2.6024e-07 -1.4568e-07 -7.0916e-08 -2.9203e-08 -9.8426e-09 -2.6094e-09 -5.1878e-10 -7.3019e-11 -6.7881e-12 -3.8323e-13 -1.1869e-14 -1.7827e-16 -1.1175e-18 -2.4350e-21 -1.4749e-24 -1.8881e-28 -3.6481e-33 -7.0232e-39 -8.0608e-46 -2.9155e-54 -1.5017e-64 -4.0783e-77 -1.6768e-92 -2.1625e-111 -1.1897e-134 -2.1997e-163 -5.2816e-199 -2.4975e-243 -1.0247e-298 -0.0000e+00 -0.0000e+00 -0.0000e+00 -0.0000e+00 -0.0000e+00 -0.0000e+00 -0.0000e+00 -0.0000e+00 -0.0000e+00 -0.0000e+00 -0.0000e+00 -0.0000e+00 -0.0000e+00 -0.0000e+00 -0.0000e+00 -0.0000e+00 -0.0000e+00 -0.0000e+00 -0.0000e+00 -0.0000e+00 -0.0000e+00 -0.0000e+00 -0.0000e+00 -0.0000e+00 -0.0000e+00 -0.0000e+00 -0.0000e+00 -0.0000e+00 -0.0000e+00 -0.0000e+00 -0.0000e+00 -0.0000e+00 -0.0000e+00 -0.0000e+00 -3.6894e-10 -2.0891e-09 -5.7661e-09 -1.1863e-08 -2.0785e-08 -3.2903e-08 -4.8576e-08 -6.8153e-08 -9.1982e-08 -1.2042e-07 0.0000e+00 -1.9250e-07 -2.3685e-07 -2.8719e-07 -3.4381e-07 -4.0696e-07 -4.7679e-07 -5.5331e-07 -6.3635e-07 -7.2545e-07 -8.1977e-07 -9.1799e-07 -1.0182e-06 -1.1175e-06 -1.2125e-06 -1.2985e-06 -1.3698e-06 -1.4202e-06 -1.4426e-06 -1.4307e-06 -1.3791e-06 -1.2852e-06 -1.1504e-06 -9.8161e-07 -7.9095e-07 -5.9518e-07 -4.1272e-07 -2.5954e-07 -1.4520e-07 -7.0632e-08 -2.9061e-08 -9.7846e-09 -2.5908e-09 -5.1431e-10 -7.2259e-11 -6.7030e-12 -3.7745e-13 -1.1654e-14 -1.7439e-16 -1.0883e-18 -2.3589e-21 -1.4197e-24 -1.8038e-28 -3.4536e-33 -6.5770e-39 -7.4516e-46 -2.6539e-54 -1.3420e-64 -3.5661e-77 -1.4289e-92 -1.7874e-111 -9.4877e-135 -1.6823e-163 -3.8475e-199 -1.7201e-243 -6.6190e-299 -0.0000e+00 -0.0000e+00 -0.0000e+00 -0.0000e+00 -0.0000e+00 -0.0000e+00 -0.0000e+00 -0.0000e+00 -0.0000e+00 -0.0000e+00 -0.0000e+00 -0.0000e+00 -0.0000e+00 -0.0000e+00 -0.0000e+00 -0.0000e+00 -0.0000e+00 -0.0000e+00 -0.0000e+00 -0.0000e+00 -0.0000e+00 -0.0000e+00 -0.0000e+00 -0.0000e+00 -0.0000e+00 -0.0000e+00 -0.0000e+00 -0.0000e+00 -0.0000e+00 -0.0000e+00 -0.0000e+00 -0.0000e+00 -0.0000e+00 -0.0000e+00
-4.6177e-10 -2.6147e-09 -7.2169e-09 -1.4848e-08 -2.6014e-08 -4.1182e-08 -6.0797e-08 -8.5300e-08 -1.1512e-07 -1.5071e-07 -1.9250e-07 1.5185e-05 -2.9645e-07 -3.5945e-07 -4.3032e-07 -5.0936e-07 -5.9676e-07 -6.9254e-07 -7.9649e-07 -9.0803e-07 -1.0261e-06 -1.1491e-06 -1.2745e-06 -1.3990e-06 -1.5180e-06 -1.6258e-06 -1.7153e-06 -1.7786e-06 -1.8070e-06 -1.7924e-06 -1.7282e-06 -1.6110e-06 -1.4427e-06 -1.2316e-06 -9.9291e-07 -7.4768e-07 -5.1889e-07 -3.2664e-07 -1.8297e-07 -8.9134e-08 -3.6739e-08 -1.2396e-08 -3.2906e-09 -6.5524e-10 -9.2400e-11 -8.6091e-12 -4.8734e-13 -1.5142e-14 -2.2830e-16 -1.4376e-18 -3.1497e-21 -1.9201e-24 -2.4770e-28 -4.8294e-33 -9.3975e-39 -1.0923e-45 -4.0097e-54 -2.1014e-64 -5.8236e-77 -2.4512e-92 -3.2479e-111 -1.8431e-134 -3.5304e-163 -8.8226e-199 -4.3641e-243 -1.8833e-298 -0.0000e+00 -0.0000e+00 -0.0000e+00 -0.0000e+00 -0.0000e+00 -0.0000e+00 -0.0000e+00 -0.0000e+00 -0.0000e+00 -0.0000e+00 -0.0000e+00 -0.0000e+00 -0.0000e+00 -0.0000e+00 -0.0000e+00 -0.0000e+00 -0.0000e+00 -0.0000e+00 -0.0000e+00 -0.0000e+00 -0.0000e+00 -0.0000e+00 -0.0000e+00 -0.0000e+00 -0.0000e+00 -0.0000e+00 -0.0000e+00 -0.0000e+00 -0.0000e+00 -0.0000e+00 -0.0000e+00 -0.0000e+00 -0.0000e+00 -0.0000e+00 -4.6177e-10 -2.6147e-09 -7.2169e-09 -1.4848e-08 -2.6014e-08 -4.1182e-08 -6.0797e-08 -8.5300e-08 -1.1512e-07 -1.5071e-07 -1.9250e-07 0.0000e+00 -2.9645e-07 -3.5945e-07 -4.3031e-07 -5.0935e-07 -5.9675e-07 -6.9253e-07 -7.9646e-07 -9.0798e-07 -1.0260e-06 -1.1490e-06 -1.2744e-06 -1.3988e-06 -1.5177e-06 -1.6253e-06 -1.7146e-06 -1.7777e-06 -1.8059e-06 -1.7910e-06 -1.7264e-06 -1.6090e-06 -1.4404e-06 -1.2291e-06 -9.9046e-07 -7.4540e-07 -5.1696e-07 -3.2515e-07 -1.8195e-07 -8.8528e-08 -3.6435e-08 -1.2272e-08 -3.2508e-09 -6.4568e-10 -9.0775e-11 -8.4270e-12 -4.7496e-13 -1.4681e-14 -2.1998e-16 -1.3750e-18 -2.9861e-21 -1.8014e-24 -2.2950e-28 -4.4089e-33 -8.4301e-39 -9.5976e-46 -3.4383e-54 -1.7511e-64 -4.6931e-77 -1.9000e-92 -2.4068e-111 -1.2970e-134 -2.3423e-163 -5.4772e-199 -2.5151e-243 -9.9957e-299 -0.0000e+00 -0.0000e+00 -0.0000e+00 -0.0000e+00 -0.0000e+00 -0.0000e+00 -0.0000e+00 -0.0000e+00 -0.0000e+00 -0.0000e+00 -0.0000e+00 -0.0000e+00 -0.0000e+00 -0.0000e+00 -0.0000e+00 -0.0000e+00 -0.0000e+00 -0.0000e+00 -0.0000e+00 -0.0000e+00 -0.0000e+00 -0.0000e+00 -0.0000e+00 -0.0000e+00 -0.0000e+00 -0.0000e+00 -0.0000e+00 -0.0000e+00 -0.0000e+00 -0.0000e+00 -0.0000e+00 -0.0000e+00 -0.0000e+00 -0.0000e+00
-5.6816e-10 -3.2171e-09 -8.8796e-09 -1.8269e-08 -3.2008e-08 -5.0670e-08 -7.4805e-08 -1.0495e-07 -1.4165e-07 -1.8544e-07 -2.3685e-07 -2.9645e-07 2.4850e-05 -4.4227e-07 -5.2947e-07 -6.2672e-07 -7.3426e-07 -8.5213e-07 -9.8004e-07 -1.1173e-06 -1.2626e-06 -1.4140e-06 -1.5684e-06 -1.7216e-06 -1.8682e-06 -2.0009e-06 -2.1113e-06 -2.1894e-06 -2.2247e-06 -2.2071e-06 -2.1285e-06 -1.9847e-06 -1.7778e-06 -1.5182e-06 -1.2246e-06 -9.2262e-07 -6.4073e-07 -4.0365e-07 -2.2633e-07 -1.1038e-07 -4.5560e-08 -1.5398e-08 -4.0958e-09 -8.1751e-10 -1.1561e-10 -1.0808e-11 -6.1432e-13 -1.9180e-14 -2.9082e-16 -1.8438e-18 -4.0718e-21 -2.5057e-24 -3.2683e-28 -6.4552e-33 -1.2752e-38 -1.5084e-45 -5.6504e-54 -3.0310e-64 -8.6261e-77 -3.7422e-92 -5.1302e-111 -3.0247e-134 -6.0461e-163 -1.5843e-198 -8.2598e-243 -3.7784e-298 -0.0000e+00 -0.0000e+00 -0.0000e+00 -0.0000e+00 -0.0000e+00 -0.0000e+00 -0.0000e+00 -0.0000e+00 -0.0000e+00 -0.0000e+00 -0.0000e+00 -0.0000e+00 -0.0000e+00 -0.0000e+00 -0.0000e+00 -0.0000e+00 -0.0000e+00 -0.0000e+00 -0.0000e+00 -0.0000e+00 -0.0000e+00 -0.0000e+00 -0.0000e+00 -0.0000e+00 -0.0000e+00 -0.0000e+00 -0.0000e+00 -0.0000e+00 -0.0000e+00 -0.0000e+00 -0.0000e+00 -0.0000e+00 -0.0000e+00 -0.0000e+00 -5.6816e-10 -3.2171e-09 -8.8796e-09 -1.8269e-08 -3.2008e-08 -5.0670e-08 -7.4805e-08 -1.0495e-07 -1.4165e-07 -1.8544e-07 -2.3685e-07 -2.9645e-07 0.0000e+00 -4.4226e-07 -5.2946e-07 -6.2671e-07 -7.3424e-07 -8.5209e-07 -9.7997e-07 -1.1172e-06 -1.2625e-06 -1.4138e-06 -1.5680e-06 -1.7211e-06 -1.8675e-06 -1.9999e-06 -2.1099e-06 -2.1876e-06 -2.2224e-06 -2.2042e-06 -2.1249e-06 -1.9805e-06 -1.7731e-06 -1.5132e-06 -1.2196e-06 -9.1803e-07 -6.3682e-07 -4.0064e-07 -2.2427e-07 -1.0916e-07 -4.4949e-08 -1.5148e-08 -4.0154e-09 -7.9819e-10 -1.1233e-10 -1.0440e-11 -5.8926e-13 -1.8245e-14 -2.7393e-16 -1.7165e-18 -3.7385e-21 -2.2632e-24 -2.8956e-28 -5.5910e-33 -1.0756e-38 -1.2336e-45 -4.4583e-54 -2.2947e-64 -6.2287e-77 -2.5605e-92 -3.3035e-111 -1.8198e-134 -3.3740e-163 -8.1414e-199 -3.8810e-243 -1.6125e-298 -0.0000e+00 -0.0000e+00 -0.0000e+00 -0.0000e+00 -0.0000e+00 -0.0000e+00 -0.0000e+00 -0.0000e+00 -0.0000e+00 -0.0000e+00 -0.0000e+00 -0.0000e+00 -0.0000e+00 -0.0000e+00 -0.0000e+00 -0.0000e+00 -0.0000e+00 -0.0000e+00 -0.0000e+00 -0.0000e+00 -0.0000e+00 -0.0000e+00 -0.0000e+00 -0.0000e+00 -0.0000e+00 -0.0000e+00 -0.0000e+00 -0.0000e+00 -0.0000e+00 -0.0000e+00 -0.0000e+00 -0.0000e+00 -0.0000e+00 -0.0000e+00
-6.8891e-10 -3.9008e-09 -1.0767e-08 -2.2152e-08 -3.8810e-08 -6.1438e-08 -9.0703e-08 -1.2726e-07 -1.7175e-07 -2.2485e-07 -2.8719e-07 -3.5945e-07 -4.4227e-07 3.9285e-05 -6.4200e-07 -7.5993e-07 -8.9034e-07 -1.0333e-06 -1.1884e-06 -1.3549e-06 -1.5311e-06 -1.7147e-06 -1.9021e-06 -2.0881e-06 -2.2660e-06 -2.4273e-06 -2.5615e-06 -2.6566e-06 -2.7000e-06 -2.6794e-06 -2.5846e-06 -2.4109e-06 -2.1606e-06 -1.8461e-06 -1.4900e-06 -1.1235e-06 -7.8103e-07 -4.9263e-07 -2.7661e-07 -1.3514e-07 -5.5892e-08 -1.8936e-08 -5.0517e-09 -1.0119e-09 -1.4369e-10 -1.3500e-11 -7.7179e-13 -2.4263e-14 -3.7089e-16 -2.3740e-18 -5.3015e-21 -3.3051e-24 -4.3765e-28 -8.7955e-33 -1.7726e-38 -2.1450e-45 -8.2455e-54 -4.5537e-64 -1.3389e-76 -6.0232e-92 -8.5965e-111 -5.2988e-134 -1.1124e-162 -3.0767e-198 -1.7028e-242 -8.3233e-298 -0.0000e+00 -0.0000e+00 -0.0000e+00 -0.0000e+00 -0.0000e+00 -0.0000e+00 -0.0000e+00 -0.0000e+00 -0.0000e+00 -0.0000e+00 -0.0000e+00 -0.0000e+00 -0.0000e+00 -0.0000e+00 -0.0000e+00 -0.0000e+00 -0.0000e+00 -0.0000e+00 -0.0000e+00 -0.0000e+00 -0.0000e+00 -0.0000e+00 -0.0000e+00 -0.0000e+00 -0.0000e+00 -0.0000e+00 -0.0000e+00 -0.0000e+00 -0.0000e+00 -0.0000e+00 -0.0000e+00 -0.0000e+00 -0.0000e+00 -0.0000e+00 -6.8891e-10 -3.9008e-09 -1.0767e-08 -2.2152e-08 -3.8810e-08 -6.1438e-08 -9.0703e-08 -1.2726e-07 -1.7175e-07 -2.2484e-07 -2.8719e-07 -3.5945e-07 -4.4226e-07 0.0000e+00 -6.4198e-07 -7.5990e-07 -8.9029e-07 -1.0332e-06 -1.1883e-06 -1.3547e-06 -1.5308e-06 -1.7143e-06 -1.9014e-06 -2.0871e-06 -2.2646e-06 -2.4253e-06 -2.5588e-06 -2.6531e-06 -2.6955e-06 -2.6737e-06 -2.5777e-06 -2.4028e-06 -2.1516e-06 -1.8366e-06 -1.4806e-06 -1.1148e-06 -7.7354e-07 -4.8685e-07 -2.7266e-07 -1.3279e-07 -5.4717e-08 -1.8455e-08 -4.8972e-09 -9.7465e-10 -1.3736e-10 -1.2789e-11 -7.2335e-13 -2.2453e-14 -3.3813e-16 -2.1264e-18 -4.6514e-21 -2.8305e-24 -3.6439e-28 -7.0882e-33 -1.3758e-38 -1.5947e-45 -5.8369e-54 -3.0501e-64 -8.4298e-77 -3.5406e-92 -4.6859e-111 -2.6606e-134 -5.1121e-163 -1.2865e-198 -6.4431e-243 -2.8362e-298 -0.0000e+00 -0.0000e+00 -0.0000e+00 -0.0000e+00 -0.0000e+00 -0.0000e+00 -0.0000e+00 -0.0000e+00 -0.0000e+00 -0.0000e+00 -0.0000e+00 -0.0000e+00 -0.0000e+00 -0.0000e+00 -0.0000e+00 -0.0000e+00 -0.0000e+00 -0.0000e+00 -0.0000e+00 -0.0000e+00 -0.0000e+00 -0.0000e+00 -0.0000e+00 -0.0000e+00 -0.0000e+00 -0.0000e+00 -0.0000e+00 -0.0000e+00 -0.0000e+00 -0.0000e+00 -0.0000e+00 -0.0000e+00 -0.0000e+00 -0.0000e+00
-8.2473e-10 -4.6699e-09 -1.2889e-08 -2.6519e-08 -4.6462e-08 -7.3551e-08 -1.0859e-07 -1.5235e-07 -2.0562e-07 -2.6917e-07 -3.4381e-07 -4.3032e-07 -5.2947e-07 -6.4200e-07 6.0291e-05 -9.0978e-07 -1.0659e-06 -1.2371e-06 -1.4228e-06 -1.6222e-06 -1.8333e-06 -2.0533e-06 -2.2777e-06 -2.5007e-06 -2.7141e-06 -2.9077e-06 -3.0690e-06 -3.1838e-06 -3.2367e-06 -3.2131e-06 -3.1008e-06 -2.8939e-06 -2.5952e-06 -2.2192e-06 -1.7929e-06 -1.3535e-06 -9.4224e-07 -5.9533e-07 -3.3496e-07 -1.6405e-07 -6.8049e-08 -2.3136e-08 -6.1979e-09 -1.2476e-09 -1.7820e-10 -1.6858e-11 -9.7163e-13 -3.0836e-14 -4.7662e-16 -3.0901e-18 -7.0039e-21 -4.4414e-24 -5.9966e-28 -1.2321e-32 -2.5455e-38 -3.1675e-45 -1.2560e-53 -7.1791e-64 -2.1924e-76 -1.0282e-91 -1.5362e-110 -9.9565e-134 -2.2089e-162 -6.4941e-198 -3.8462e-242 -2.0279e-297 -0.0000e+00 -0.0000e+00 -0.0000e+00 -0.0000e+00 -0.0000e+00 -0.0000e+00 -0.0000e+00 -0.0000e+00 -0.0000e+00 -0.0000e+00 -0.0000e+00 -0.0000e+00 -0.0000e+00 -0.0000e+00 -0.0000e+00 -0.0000e+00 -0.0000e+00 -0.0000e+00 -0.0000e+00 -0.0000e+00 -0.0000e+00 -0.0000e+00 -0.0000e+00 -0.0000e+00 -0.0000e+00 -0.0000e+00 -0.0000e+00 -0.0000e+00 -0.0000e+00 -0.0000e+00 -0.0000e+00 -0.0000e+00 -0.0000e+00 -0.0000e+00 -8.2473e-10 -4.6699e-09 -1.2889e-08 -2.6519e-08 -4.6462e-08 -7.3551e-08 -1.0859e-07 -1.5235e-07 -2.0562e-07 -2.6917e-07 -3.4381e-07 -4.3031e-07 -5.2946e-07 -6.4198e-07 0.0000e+00 -9.0973e-07 -1.0658e-06 -1.2369e-06 -1.4226e-06 -1.6218e-06 -1.8327e-06 -2.0524e-06 -2.2765e-06 -2.4989e-06 -2.7115e-06 -2.9041e-06 -3.0641e-06 -3.1773e-06 -3.2284e-06 -3.2026e-06 -3.0882e-06 -2.8791e-06 -2.5787e-06 -2.2017e-06 -1.7755e-06 -1.3373e-06 -9.2844e-07 -5.8469e-07 -3.2768e-07 -1.5972e-07 -6.5882e-08 -2.2248e-08 -5.9123e-09 -1.1788e-09 -1.6648e-10 -1.5539e-11 -8.8156e-13 -2.7463e-14 -4.1537e-16 -2.6257e-18 -5.7792e-21 -3.5428e-24 -4.6011e-28 -9.0442e-33 -1.7774e-38 -2.0909e-45 -7.7884e-54 -4.1551e-64 -1.1769e-76 -5.0875e-92 -6.9648e-111 -4.1141e-134 -8.2779e-163 -2.1977e-198 -1.1710e-242 -5.5367e-298 -0.0000e+00 -0.0000e+00 -0.0000e+00 -0.0000e+00 -0.0000e+00 -0.0000e+00 -0.0000e+00 -0.0000e+00 -0.0000e+00 -0.0000e+00 -0.0000e+00 -0.0000e+00 -0.0000e+00 -0.0000e+00 -0.0000e+00 -0.0000e+00 -0.0000e+00 -0.0000e+00 -0.0000e+00 -0.0000e+00 -0.0000e+00 -0.0000e+00 -0.0000e+00 -0.0000e+00 -0.0000e+00 -0.0000e+00 -0.0000e+00 -0.0000e+00 -0.0000e+00 -0.0000e+00 -0.0000e+00 -0.0000e+00 -0.0000e+00 -0.0000e+00
-9.7620e-10 -5.5276e-09 -1.5257e-08 -3.1390e-08 -5.4996e-08 -8.7060e-08 -1.2853e-07 -1.8033e-07 -2.4338e-07 -3.1861e-07 -4.0696e-07 -5.0936e-07 -6.2672e-07 -7.5993e-07 -9.0978e-07 9.0181e-05 -1.2618e-06 -1.4644e-06 -1.6843e-06 -1.9204e-06 -2.1705e-06 -2.4311e-06 -2.6972e-06 -2.9616e-06 -3.2148e-06 -3.4449e-06 -3.6369e-06 -3.7742e-06 -3.8385e-06 -3.8124e-06 -3.6815e-06 -3.4385e-06 -3.0864e-06 -2.6423e-06 -2.1376e-06 -1.6164e-06 -1.1275e-06 -7.1410e-07 -4.0294e-07 -1.9802e-07 -8.2478e-08 -2.8178e-08 -7.5920e-09 -1.5386e-09 -2.2152e-10 -2.1152e-11 -1.2323e-12 -3.9602e-14 -6.2100e-16 -4.0932e-18 -9.4531e-21 -6.1231e-24 -8.4665e-28 -1.7864e-32 -3.8012e-38 -4.8862e-45 -2.0079e-53 -1.1934e-63 -3.8035e-76 -1.8691e-91 -2.9392e-110 -2.0153e-133 -4.7585e-162 -1.4993e-197 -9.5949e-242 -5.5192e-297 -0.0000e+00 -0.0000e+00 -0.0000e+00 -0.0000e+00 -0.0000e+00 -0.0000e+00 -0.0000e+00 -0.0000e+00 -0.0000e+00 -0.0000e+00 -0.0000e+00 -0.0000e+00 -0.0000e+00 -0.0000e+00 -0.0000e+00 -0.0000e+00 -0.0000e+00 -0.0000e+00 -0.0000e+00 -0.0000e+00 -0.0000e+00 -0.0000e+00 -0.0000e+00 -0.0000e+00 -0.0000e+00 -0.0000e+00 -0.0000e+00 -0.0000e+00 -0.0000e+00 -0.0000e+00 -0.0000e+00 -0.0000e+00 -0.0000e+00 -0.0000e+00 -9.7620e-10 -5.5276e-09 -1.5257e-08 -3.1390e-08 -5.4996e-08 -8.7060e-08 -1.2853e-07 -1.8033e-07 -2.4338e-07 -3.1861e-07 -4.0696e-07 -5.0935e-07 -6.2671e-07 -7.5990e-07 -9.0973e-07 0.0000e+00 -1.2616e-06 -1.4641e-06 -1.6839e-06 -1.9198e-06 -2.1695e-06 -2.4296e-06 -2.6950e-06 -2.9584e-06 -3.2103e-06 -3.4385e-06 -3.6284e-06 -3.7628e-06 -3.8238e-06 -3.7939e-06 -3.6591e-06 -3.4123e-06 -3.0572e-06 -2.6112e-06 -2.1067e-06 -1.5877e-06 -1.1030e-06 -6.9520e-07 -3.9000e-07 -1.9033e-07 -7.8620e-08 -2.6596e-08 -7.0823e-09 -1.4155e-09 -2.0051e-10 -1.8783e-11 -1.0701e-12 -3.3507e-14 -5.0986e-16 -3.2463e-18 -7.2064e-21 -4.4628e-24 -5.8663e-28 -1.1697e-32 -2.3377e-38 -2.8051e-45 -1.0695e-53 -5.8639e-64 -1.7146e-76 -7.6920e-92 -1.0992e-110 -6.8231e-134 -1.4534e-162 -4.1197e-198 -2.3657e-242 -1.2184e-297 -0.0000e+00 -0.0000e+00 -0.0000e+00 -0.0000e+00 -0.0000e+00 -0.0000e+00 -0.0000e+00 -0.0000e+00 -0.0000e+00 -0.0000e+00 -0.0000e+00 -0.0000e+00 -0.0000e+00 -0.0000e+00 -0.0000e+00 -0.0000e+00 -0.0000e+00 -0.0000e+00 -0.0000e+00 -0.0000e+00 -0.0000e+00 -0.0000e+00 -0.0000e+00 -0.0000e+00 -0.0000e+00 -0.0000e+00 -0.0000e+00 -0.0000e+00 -0.0000e+00 -0.0000e+00 -0.0000e+00 -0.0000e+00 -0.0000e+00 -0.0000e+00
