1.0993e-04 -1.6826e-04 -1.9617e-04 -2.1142e-04 -2.1632e-04 -2.1264e-04 -2.0207e-04 -1.8635e-04 -1.6717e-04 -1.4614e-04 -1.2462e-04 -1.0377e-04 -8.4431e-05 -6.7153e-05 -5.2234e-05 -3.9748e-05 -2.9598e-05 -2.1572e-05 -1.5391e-05 -1.0752e-05 -7.3551e-06 -4.9275e-06 -3.2333e-06 -2.0782e-06 -1.3085e-06 -8.0709e-07 -4.8774e-07 -2.8878e-07 -1.6753e-07 -9.5231e-08 -5.3044e-08 -2.8952e-08 -1.5486e-08 -8.1169e-09 -4.1694e-09 -2.0989e-09 -1.0355e-09 -5.0065e-10 -2.3724e-10 -1.1018e-10 -5.0150e-11 -2.2372e-11 -9.7820e-12 -4.1920e-12 -1.7607e-12 -7.2486e-13 -2.9248e-13 -1.1567e-13 -4.4839e-14 -1.7036e-14 -6.3445e-15 -2.3159e-15 -8.2858e-16 -2.9057e-16 -9.9879e-17 -3.3651e-17 -1.1113e-17 -3.5972e-18 -1.1413e-18 -3.5495e-19 -1.0820e-19 -3.2329e-20 -9.4683e-21 -2.7181e-21 -7.6482e-22 -2.1095e-22 -5.7028e-23 -1.5112e-23 -3.9253e-24 -9.9937e-25 -2.4940e-25 -6.1007e-26 -1.4628e-26 -3.4378e-27 -7.9195e-28 -1.7882e-28 -3.9580e-29 -8.5867e-30 -1.8260e-30 -3.8061e-31 -7.7763e-32 -1.5573e-32 -3.0570e-33 -5.8821e-34 -1.1094e-34 -2.0508e-35 -3.7162e-36 -6.6005e-37 -1.1491e-37 -1.9610e-38 -3.2801e-39 -5.3780e-40 -8.6429e-41 -1.3615e-41 -2.1022e-42 -3.1816e-43 -4.7199e-44 -6.8633e-45 -9.7823e-46 -1.3667e-46 0.0000e+00 -1.6819e-04 -1.9599e-04 -2.1108e-04 -2.1578e-04 -2.1187e-04 -2.0108e-04 -1.8516e-04 -1.6583e-04 -1.4469e-04 -1.2314e-04 -1.0230e-04 -8.3032e-05 -6.5866e-05 -5.1089e-05 -3.8760e-05 -2.8770e-05 -2.0898e-05 -1.4858e-05 -1.0341e-05 -7.0466e-06 -4.7018e-06 -3.0722e-06 -1.9660e-06 -1.2322e-06 -7.5652e-07 -4.5496e-07 -2.6804e-07 -1.5470e-07 -8.7473e-08 -4.8460e-08 -2.6304e-08 -1.3989e-08 -7.2900e-09 -3.7224e-09 -1.8625e-09 -9.1321e-10 -4.3877e-10 -2.0659e-10 -9.5319e-11 -4.3100e-11 -1.9098e-11 -8.2937e-12 -3.5297e-12 -1.4722e-12 -6.0178e-13 -2.4108e-13 -9.4656e-14 -3.6424e-14 -1.3737e-14 -5.0776e-15 -1.8395e-15 -6.5314e-16 -2.2729e-16 -7.7527e-17 -2.5917e-17 -8.4921e-18 -2.7272e-18 -8.5845e-19 -2.6485e-19 -8.0089e-20 -2.3738e-20 -6.8960e-21 -1.9636e-21 -5.4803e-22 -1.4992e-22 -4.0198e-23 -1.0565e-23 -2.7215e-24 -6.8717e-25 -1.7007e-25 -4.1257e-26 -9.8100e-27 -2.2864e-27 -5.2232e-28 -1.1696e-28 -2.5671e-29 -5.5228e-30 -1.1646e-30 -2.4073e-31 -4.8773e-32 -9.6861e-33 -1.8855e-33 -3.5977e-34 -6.7288e-35 -1.2336e-35 -2.2167e-36 -3.9045e-37 -6.7413e-38 -1.1409e-38 -1.8925e-39 -3.0773e-40 -4.9048e-41 -7.6628e-42 -1.1735e-42 -1.7615e-43 -2.5918e-44 -3.7380e-45 -5.2845e-46 -7.3230e-47
-1.6826e-04 4.3952e-04 -2.7031e-04 -2.9225e-04 -3.0023e-04 -2.9655e-04 -2.8343e-04 -2.6310e-04 -2.3779e-04 -2.0957e-04 -1.8034e-04 -1.5164e-04 -1.2467e-04 -1.0027e-04 -7.8929e-05 -6.0819e-05 -4.5888e-05 -3.3908e-05 -2.4542e-05 -1.7402e-05 -1.2089e-05 -8.2290e-06 -5.4888e-06 -3.5877e-06 -2.2981e-06 -1.4427e-06 -8.8765e-07 -5.3527e-07 -3.1636e-07 -1.8327e-07 -1.0406e-07 -5.7910e-08 -3.1589e-08 -1.6890e-08 -8.8516e-09 -4.5469e-09 -2.2894e-09 -1.1299e-09 -5.4658e-10 -2.5917e-10 -1.2045e-10 -5.4874e-11 -2.4503e-11 -1.0724e-11 -4.6008e-12 -1.9347e-12 -7.9741e-13 -3.2215e-13 -1.2757e-13 -4.9513e-14 -1.8837e-14 -7.0241e-15 -2.5673e-15 -9.1973e-16 -3.2296e-16 -1.1116e-16 -3.7499e-17 -1.2399e-17 -4.0186e-18 -1.2766e-18 -3.9750e-19 -1.2131e-19 -3.6289e-20 -1.0640e-20 -3.0578e-21 -8.6133e-22 -2.3781e-22 -6.4355e-23 -1.7070e-23 -4.4379e-24 -1.1309e-24 -2.8246e-25 -6.9151e-26 -1.6593e-26 -3.9027e-27 -8.9969e-28 -2.0329e-28 -4.5024e-29 -9.7738e-30 -2.0796e-30 -4.3371e-31 -8.8657e-32 -1.7763e-32 -3.4885e-33 -6.7150e-34 -1.2669e-34 -2.3429e-35 -4.2468e-36 -7.5452e-37 -1.3139e-37 -2.2428e-38 -3.7522e-39 -6.1531e-40 -9.8902e-41 -1.5582e-41 -2.4061e-42 -3.6419e-43 -5.4031e-44 -7.8570e-45 -1.1199e-45 -1.6819e-04 0.0000e+00 -2.6934e-04 -2.9039e-04 -2.9726e-04 -2.9235e-04 -2.7800e-04 -2.5656e-04 -2.3036e-04 -2.0157e-04 -1.7208e-04 -1.4345e-04 -1.1686e-04 -9.3071e-05 -7.2500e-05 -5.5255e-05 -4.1213e-05 -3.0090e-05 -2.1509e-05 -1.5055e-05 -1.0320e-05 -6.9289e-06 -4.5569e-06 -2.9358e-06 -1.8530e-06 -1.1459e-06 -6.9435e-07 -4.1226e-07 -2.3985e-07 -1.3675e-07 -7.6405e-08 -4.1836e-08 -2.2451e-08 -1.1808e-08 -6.0864e-09 -3.0749e-09 -1.5226e-09 -7.3899e-10 -3.5155e-10 -1.6392e-10 -7.4919e-11 -3.3563e-11 -1.4738e-11 -6.3440e-12 -2.6767e-12 -1.1070e-12 -4.4880e-13 -1.7835e-13 -6.9478e-14 -2.6531e-14 -9.9309e-15 -3.6440e-15 -1.3107e-15 -4.6214e-16 -1.5973e-16 -5.4121e-17 -1.7975e-17 -5.8525e-18 -1.8679e-18 -5.8441e-19 -1.7924e-19 -5.3889e-20 -1.5882e-20 -4.5887e-21 -1.2996e-21 -3.6081e-22 -9.8199e-23 -2.6199e-23 -6.8520e-24 -1.7567e-24 -4.4150e-25 -1.0877e-25 -2.6270e-26 -6.2194e-27 -1.4434e-27 -3.2839e-28 -7.3238e-29 -1.6012e-29 -3.4315e-30 -7.2091e-31 -1.4847e-31 -2.9973e-32 -5.9317e-33 -1.1507e-33 -2.1884e-34 -4.0797e-35 -7.4554e-36 -1.3356e-36 -2.3453e-37 -4.0373e-38 -6.8128e-39 -1.1270e-39 -1.8274e-40 -2.9048e-41 -4.5262e-42 -6.9135e-43 -1.0352e-43 -1.5194e-44 -2.1860e-45 -3.0832e-46
-1.9617e-04 -2.7031e-04 9.8820e-04 -3.4454e-04 -3.5629e-04 -3.5474e-04 -3.4220e-04 -3.2102e-04 -2.9354e-04 -2.6205e-04 -2.2864e-04 -1.9513e-04 -1.6297e-04 -1.3326e-04 -1.0672e-04 -8.3722e-05 -6.4349e-05 -4.8464e-05 -3.5769e-05 -2.5873e-05 -1.8342e-05 -1.2744e-05 -8.6790e-06 -5.7933e-06 -3.7903e-06 -2.4307e-06 -1.5279e-06 -9.4132e-07 -5.6845e-07 -3.3646e-07 -1.9520e-07 -1.1100e-07 -6.1863e-08 -3.3794e-08 -1.8094e-08 -9.4955e-09 -4.8840e-09 -2.4622e-09 -1.2166e-09 -5.8916e-10 -2.7964e-10 -1.3009e-10 -5.9317e-11 -2.6508e-11 -1.1611e-11 -4.9843e-12 -2.0972e-12 -8.6483e-13 -3.4955e-13 -1.3847e-13 -5.3762e-14 -2.0459e-14 -7.6306e-15 -2.7894e-15 -9.9942e-16 -3.5096e-16 -1.2080e-16 -4.0750e-17 -1.3473e-17 -4.3663e-18 -1.3869e-18 -4.3175e-19 -1.3174e-19 -3.9399e-20 -1.1549e-20 -3.3180e-21 -9.3433e-22 -2.5788e-22 -6.9761e-23 -1.8497e-23 -4.8071e-24 -1.2245e-24 -3.0571e-25 -7.4811e-26 -1.7943e-26 -4.2184e-27 -9.7201e-28 -2.1953e-28 -4.8597e-29 -1.0544e-29 -2.2425e-30 -4.6745e-31 -9.5508e-32 -1.9126e-32 -3.7543e-33 -7.2231e-34 -1.3621e-34 -2.5177e-35 -4.5613e-36 -8.0999e-37 -1.4098e-37 -2.4052e-38 -4.0220e-39 -6.5923e-40 -1.0591e-40 -1.6677e-41 -2.5741e-42 -3.8942e-43 -5.7746e-44 -8.3931e-45 -1.9599e-04 -2.6934e-04 0.0000e+00 -3.3966e-04 -3.4848e-04 -3.4366e-04 -3.2785e-04 -3.0369e-04 -2.7382e-04 -2.4071e-04 -2.0655e-04 -1.7316e-04 -1.4191e-04 -1.1376e-04 -8.9232e-05 -6.8510e-05 -5.1500e-05 -3.7910e-05 -2.7334e-05 -1.9305e-05 -1.3359e-05 -9.0572e-06 -6.0174e-06 -3.9178e-06 -2.4999e-06 -1.5634e-06 -9.5828e-07 -5.7575e-07 -3.3908e-07 -1.9575e-07 -1.1077e-07 -6.1452e-08 -3.3419e-08 -1.7817e-08 -9.3120e-09 -4.7713e-09 -2.3967e-09 -1.1803e-09 -5.6982e-10 -2.6971e-10 -1.2515e-10 -5.6937e-11 -2.5395e-11 -1.1104e-11 -4.7604e-12 -2.0007e-12 -8.2440e-13 -3.3303e-13 -1.3190e-13 -5.1213e-14 -1.9495e-14 -7.2757e-15 -2.6620e-15 -9.5489e-16 -3.3580e-16 -1.1577e-16 -3.9132e-17 -1.2967e-17 -4.2125e-18 -1.3416e-18 -4.1890e-19 -1.2823e-19 -3.8479e-20 -1.1320e-20 -3.2650e-21 -9.2316e-22 -2.5589e-22 -6.9538e-23 -1.8525e-23 -4.8381e-24 -1.2387e-24 -3.1091e-25 -7.6504e-26 -1.8454e-26 -4.3640e-27 -1.0117e-27 -2.2992e-28 -5.1223e-29 -1.1187e-29 -2.3953e-30 -5.0275e-31 -1.0345e-31 -2.0866e-32 -4.1259e-33 -7.9978e-34 -1.5198e-34 -2.8311e-35 -5.1698e-36 -9.2548e-37 -1.6241e-37 -2.7939e-38 -4.7116e-39 -7.7890e-40 -1.2623e-40 -2.0053e-41 -3.1228e-42 -4.7674e-43 -7.1344e-44 -1.0466e-44 -1.5051e-45
-2.1142e-04 -2.9225e-04 -3.4454e-04 1.7550e-03 -3.9350e-04 -3.9603e-04 -3.8680e-04 -3.6793e-04 -3.4160e-04 -3.1001e-04 -2.7525e-04 -2.3925e-04 -2.0367e-04 -1.6987e-04 -1.3882e-04 -1.1118e-04 -8.7266e-05 -6.7134e-05 -5.0621e-05 -3.7411e-05 -2.7100e-05 -1.9240e-05 -1.3389e-05 -9.1316e-06 -6.1041e-06 -3.9991e-06 -2.5678e-06 -1.6159e-06 -9.9663e-07 -6.0241e-07 -3.5686e-07 -2.0718e-07 -1.1788e-07 -6.5735e-08 -3.5924e-08 -1.9241e-08 -1.0099e-08 -5.1954e-09 -2.6193e-09 -1.2942e-09 -6.2671e-10 -2.9743e-10 -1.3834e-10 -6.3063e-11 -2.8174e-11 -1.2336e-11 -5.2940e-12 -2.2266e-12 -9.1782e-13 -3.7080e-13 -1.4682e-13 -5.6978e-14 -2.1672e-14 -8.0789e-15 -2.9518e-15 -1.0570e-15 -3.7099e-16 -1.2762e-16 -4.3028e-17 -1.4219e-17 -4.6054e-18 -1.4620e-18 -4.5489e-19 -1.3872e-19 -4.1465e-20 -1.2148e-20 -3.4882e-21 -9.8174e-22 -2.7082e-22 -7.3224e-23 -1.9405e-23 -5.0405e-24 -1.2833e-24 -3.2023e-25 -7.8326e-26 -1.8777e-26 -4.4123e-27 -1.0162e-27 -2.2941e-28 -5.0761e-29 -1.1009e-29 -2.3402e-30 -4.8761e-31 -9.9583e-32 -1.9934e-32 -3.9112e-33 -7.5218e-34 -1.4179e-34 -2.6197e-35 -4.7443e-36 -8.4216e-37 -1.4653e-37 -2.4989e-38 -4.1771e-39 -6.8440e-40 -1.0991e-40 -1.7302e-41 -2.6695e-42 -4.0373e-43 -5.9847e-44 -2.1108e-04 -2.9039e-04 -3.3966e-04 0.0000e+00 -3.7846e-04 -3.7465e-04 -3.5901e-04 -3.3427e-04 -3.0314e-04 -2.6820e-04 -2.3176e-04 -1.9578e-04 -1.6178e-04 -1.3083e-04 -1.0358e-04 -8.0319e-05 -6.1007e-05 -4.5401e-05 -3.3108e-05 -2.3662e-05 -1.6575e-05 -1.1382e-05 -7.6612e-06 -5.0556e-06 -3.2708e-06 -2.0747e-06 -1.2903e-06 -7.8678e-07 -4.7041e-07 -2.7578e-07 -1.5852e-07 -8.9350e-08 -4.9382e-08 -2.6761e-08 -1.4220e-08 -7.4093e-09 -3.7854e-09 -1.8963e-09 -9.3149e-10 -4.4864e-10 -2.1188e-10 -9.8114e-11 -4.4548e-11 -1.9832e-11 -8.6570e-12 -3.7052e-12 -1.5549e-12 -6.3976e-13 -2.5809e-13 -1.0209e-13 -3.9591e-14 -1.5054e-14 -5.6122e-15 -2.0513e-15 -7.3513e-16 -2.5829e-16 -8.8974e-17 -3.0049e-17 -9.9498e-18 -3.2300e-18 -1.0280e-18 -3.2077e-19 -9.8128e-20 -2.9430e-20 -8.6533e-21 -2.4944e-21 -7.0495e-22 -1.9531e-22 -5.3051e-23 -1.4127e-23 -3.6879e-24 -9.4385e-25 -2.3681e-25 -5.8249e-26 -1.4046e-26 -3.3205e-27 -7.6951e-28 -1.7483e-28 -3.8938e-29 -8.5019e-30 -1.8198e-30 -3.8187e-31 -7.8553e-32 -1.5841e-32 -3.1316e-33 -6.0690e-34 -1.1530e-34 -2.1474e-35 -3.9206e-36 -7.0170e-37 -1.2312e-37 -2.1176e-38 -3.5704e-39 -5.9015e-40 -9.5622e-41 -1.5188e-41 -2.3649e-42 -3.6098e-43 -5.4013e-44 -7.9226e-45
-2.1632e-04 -3.0023e-04 -3.5629e-04 -3.9350e-04 2.7386e-03 -4.2350e-04 -4.1990e-04 -4.0610e-04 -3.8384e-04 -3.5499e-04 -3.2148e-04 -2.8520e-04 -2.4792e-04 -2.1121e-04 -1.7635e-04 -1.4431e-04 -1.1575e-04 -9.0988e-05 -7.0100e-05 -5.2930e-05 -3.9167e-05 -2.8403e-05 -2.0185e-05 -1.4058e-05 -9.5944e-06 -6.4168e-06 -4.2056e-06 -2.7011e-06 -1.7000e-06 -1.0485e-06 -6.3374e-07 -3.7536e-07 -2.1787e-07 -1.2393e-07 -6.9082e-08 -3.7737e-08 -2.0203e-08 -1.0599e-08 -5.4497e-09 -2.7460e-09 -1.3561e-09 -6.5628e-10 -3.1128e-10 -1.4470e-10 -6.5921e-11 -2.9433e-11 -1.2880e-11 -5.5238e-12 -2.3219e-12 -9.5652e-13 -3.8621e-13 -1.5283e-13 -5.9276e-14 -2.2533e-14 -8.3952e-15 -3.0657e-15 -1.0972e-15 -3.8489e-16 -1.3233e-16 -4.4595e-17 -1.4729e-17 -4.7683e-18 -1.5130e-18 -4.7053e-19 -1.4343e-19 -4.2851e-20 -1.2548e-20 -3.6017e-21 -1.0133e-21 -2.7940e-22 -7.5513e-23 -2.0004e-23 -5.1940e-24 -1.3219e-24 -3.2974e-25 -8.0621e-26 -1.9321e-26 -4.5384e-27 -1.0449e-27 -2.3581e-28 -5.2160e-29 -1.1309e-29 -2.4032e-30 -5.0058e-31 -1.0220e-31 -2.0452e-32 -4.0117e-33 -7.7130e-34 -1.4535e-34 -2.6849e-35 -4.8610e-36 -8.6265e-37 -1.5005e-37 -2.5584e-38 -4.2756e-39 -7.0036e-40 -1.1245e-40 -1.7697e-41 -2.7299e-42 -4.1277e-43 -2.1578e-04 -2.9726e-04 -3.4848e-04 -3.7846e-04 0.0000e+00 -3.8900e-04 -3.7489e-04 -3.5133e-04 -3.2094e-04 -2.8624e-04 -2.4953e-04 -2.1281e-04 -1.7765e-04 -1.4523e-04 -1.1631e-04 -9.1275e-05 -7.0206e-05 -5.2935e-05 -3.9130e-05 -2.8362e-05 -2.0157e-05 -1.4048e-05 -9.6014e-06 -6.4355e-06 -4.2303e-06 -2.7272e-06 -1.7243e-06 -1.0692e-06 -6.5021e-07 -3.8780e-07 -2.2683e-07 -1.3012e-07 -7.3204e-08 -4.0389e-08 -2.1853e-08 -1.1595e-08 -6.0337e-09 -3.0789e-09 -1.5407e-09 -7.5602e-10 -3.6379e-10 -1.7166e-10 -7.9426e-11 -3.6037e-11 -1.6032e-11 -6.9940e-12 -2.9917e-12 -1.2548e-12 -5.1604e-13 -2.0809e-13 -8.2273e-14 -3.1895e-14 -1.2123e-14 -4.5180e-15 -1.6509e-15 -5.9144e-16 -2.0775e-16 -7.1546e-17 -2.4157e-17 -7.9971e-18 -2.5955e-18 -8.2592e-19 -2.5766e-19 -7.8809e-20 -2.3632e-20 -6.9475e-21 -2.0024e-21 -5.6582e-22 -1.5675e-22 -4.2570e-23 -1.1335e-23 -2.9587e-24 -7.5713e-25 -1.8995e-25 -4.6717e-26 -1.1264e-26 -2.6626e-27 -6.1700e-28 -1.4017e-28 -3.1216e-29 -6.8154e-30 -1.4587e-30 -3.0607e-31 -6.2958e-32 -1.2695e-32 -2.5096e-33 -4.8633e-34 -9.2390e-35 -1.7206e-35 -3.1412e-36 -5.6219e-37 -9.8634e-38 -1.6964e-38 -2.8602e-39 -4.7273e-40 -7.6594e-41 -1.2166e-41 -1.8942e-42 -2.8912e-43 -4.3259e-44
-2.1264e-04 -2.9655e-04 -3.5474e-04 -3.9603e-04 -4.2350e-04 3.9375e-03 -4.4244e-04 -4.3594e-04 -4.2024e-04 -3.9670e-04 -3.6689e-04 -3.3252e-04 -2.9535e-04 -2.5712e-04 -2.1936e-04 -1.8341e-04 -1.5029e-04 -1.2067e-04 -9.4944e-05 -7.3199e-05 -5.5298e-05 -4.0933e-05 -2.9689e-05 -2.1100e-05 -1.4693e-05 -1.0026e-05 -6.7031e-06 -4.3915e-06 -2.8191e-06 -1.7734e-06 -1.0932e-06 -6.6031e-07 -3.9085e-07 -2.2672e-07 -1.2887e-07 -7.1790e-08 -3.9190e-08 -2.0966e-08 -1.0992e-08 -5.6481e-09 -2.8441e-09 -1.4036e-09 -6.7886e-10 -3.2179e-10 -1.4949e-10 -6.8063e-11 -3.0372e-11 -1.3283e-11 -5.6936e-12 -2.3919e-12 -9.8487e-13 -3.9745e-13 -1.5720e-13 -6.0942e-14 -2.3155e-14 -8.6232e-15 -3.1475e-15 -1.1260e-15 -3.9483e-16 -1.3570e-16 -4.5709e-17 -1.5092e-17 -4.8838e-18 -1.5490e-18 -4.8158e-19 -1.4674e-19 -4.3828e-20 -1.2830e-20 -3.6814e-21 -1.0354e-21 -2.8541e-22 -7.7114e-23 -2.0422e-23 -5.3011e-24 -1.3488e-24 -3.3636e-25 -8.2219e-26 -1.9699e-26 -4.6261e-27 -1.0648e-27 -2.4025e-28 -5.3130e-29 -1.1516e-29 -2.4468e-30 -5.0955e-31 -1.0401e-31 -2.0810e-32 -4.0812e-33 -7.8450e-34 -1.4781e-34 -2.7298e-35 -4.9414e-36 -8.7676e-37 -1.5248e-37 -2.5993e-38 -4.3432e-39 -7.1133e-40 -1.1419e-40 -1.7969e-41 -2.7714e-42 -2.1187e-04 -2.9235e-04 -3.4366e-04 -3.7465e-04 -3.8900e-04 0.0000e+00 -3.7770e-04 -3.5673e-04 -3.2873e-04 -2.9601e-04 -2.6075e-04 -2.2487e-04 -1.8997e-04 -1.5726e-04 -1.2762e-04 -1.0154e-04 -7.9233e-05 -6.0634e-05 -4.5512e-05 -3.3510e-05 -2.4202e-05 -1.7147e-05 -1.1917e-05 -8.1252e-06 -5.4343e-06 -3.5654e-06 -2.2946e-06 -1.4486e-06 -8.9707e-07 -5.4490e-07 -3.2466e-07 -1.8973e-07 -1.0875e-07 -6.1136e-08 -3.3709e-08 -1.8228e-08 -9.6675e-09 -5.0283e-09 -2.5648e-09 -1.2830e-09 -6.2939e-10 -3.0278e-10 -1.4284e-10 -6.6076e-11 -2.9974e-11 -1.3333e-11 -5.8155e-12 -2.4873e-12 -1.0431e-12 -4.2894e-13 -1.7295e-13 -6.8376e-14 -2.6505e-14 -1.0074e-14 -3.7542e-15 -1.3717e-15 -4.9141e-16 -1.7261e-16 -5.9442e-17 -2.0070e-17 -6.6439e-18 -2.1563e-18 -6.8614e-19 -2.1406e-19 -6.5471e-20 -1.9632e-20 -5.7716e-21 -1.6635e-21 -4.7006e-22 -1.3022e-22 -3.5365e-23 -9.4163e-24 -2.4580e-24 -6.2900e-25 -1.5780e-25 -3.8812e-26 -9.3582e-27 -2.2121e-27 -5.1261e-28 -1.1645e-28 -2.5936e-29 -5.6625e-30 -1.2120e-30 -2.5431e-31 -5.2311e-32 -1.0548e-32 -2.0852e-33 -4.0410e-34 -7.6769e-35 -1.4297e-35 -2.6102e-36 -4.6716e-37 -8.1963e-38 -1.4097e-38 -2.3768e-39 -3.9285e-40 -6.3652e-41 -1.0110e-41 -1.5742e-42 -2.4028e-43
-2.0207e-04 -2.8343e-04 -3.4220e-04 -3.8680e-04 -4.1990e-04 -4.4244e-04 5.3499e-03 -4.5715e-04 -4.4996e-04 -4.3391e-04 -4.1005e-04 -3.7976e-04 -3.4467e-04 -3.0655e-04 -2.6716e-04 -2.2813e-04 -1.9086e-04 -1.5645e-04 -1.2564e-04 -9.8855e-05 -7.6200e-05 -5.7547e-05 -4.2579e-05 -3.0866e-05 -2.1923e-05 -1.5256e-05 -1.0403e-05 -6.9500e-06 -4.5498e-06 -2.9185e-06 -1.8345e-06 -1.1300e-06 -6.8204e-07 -4.0342e-07 -2.3383e-07 -1.3282e-07 -7.3939e-08 -4.0337e-08 -2.1565e-08 -1.1299e-08 -5.8023e-09 -2.9200e-09 -1.4402e-09 -6.9619e-10 -3.2983e-10 -1.5315e-10 -6.9693e-11 -3.1084e-11 -1.3588e-11 -5.8218e-12 -2.4447e-12 -1.0062e-12 -4.0589e-13 -1.6048e-13 -6.2188e-14 -2.3620e-14 -8.7932e-15 -3.2085e-15 -1.1474e-15 -4.0222e-16 -1.3819e-16 -4.6536e-17 -1.5360e-17 -4.9692e-18 -1.5757e-18 -4.8974e-19 -1.4919e-19 -4.4548e-20 -1.3038e-20 -3.7401e-21 -1.0516e-21 -2.8983e-22 -7.8291e-23 -2.0729e-23 -5.3798e-24 -1.3685e-24 -3.4122e-25 -8.3390e-26 -1.9976e-26 -4.6902e-27 -1.0794e-27 -2.4350e-28 -5.3839e-29 -1.1668e-29 -2.4787e-30 -5.1611e-31 -1.0533e-31 -2.1072e-32 -4.1318e-33 -7.9412e-34 -1.4960e-34 -2.7625e-35 -5.0000e-36 -8.8704e-37 -1.5425e-37 -2.6292e-38 -4.3925e-39 -7.1932e-40 -1.1546e-40 -1.8166e-41 -2.0108e-04 -2.7800e-04 -3.2785e-04 -3.5901e-04 -3.7489e-04 -3.7770e-04 0.0000e+00 -3.5209e-04 -3.2772e-04 -2.9836e-04 -2.6595e-04 -2.3227e-04 -1.9886e-04 -1.6696e-04 -1.3749e-04 -1.1107e-04 -8.8041e-05 -6.8473e-05 -5.2255e-05 -3.9131e-05 -2.8753e-05 -2.0732e-05 -1.4668e-05 -1.0182e-05 -6.9350e-06 -4.6344e-06 -3.0384e-06 -1.9543e-06 -1.2332e-06 -7.6338e-07 -4.6355e-07 -2.7611e-07 -1.6133e-07 -9.2455e-08 -5.1970e-08 -2.8653e-08 -1.5494e-08 -8.2167e-09 -4.2737e-09 -2.1799e-09 -1.0905e-09 -5.3497e-10 -2.5736e-10 -1.2142e-10 -5.6170e-11 -2.5482e-11 -1.1336e-11 -4.9447e-12 -2.1150e-12 -8.8704e-13 -3.6479e-13 -1.4710e-13 -5.8159e-14 -2.2546e-14 -8.5701e-15 -3.1940e-15 -1.1671e-15 -4.1815e-16 -1.4688e-16 -5.0587e-17 -1.7082e-17 -5.6550e-18 -1.8355e-18 -5.8411e-19 -1.8224e-19 -5.5743e-20 -1.6716e-20 -4.9147e-21 -1.4166e-21 -4.0032e-22 -1.1091e-22 -3.0123e-23 -8.0209e-24 -2.0938e-24 -5.3586e-25 -1.3444e-25 -3.3068e-26 -7.9739e-27 -1.8850e-27 -4.3683e-28 -9.9244e-29 -2.2104e-29 -4.8262e-30 -1.0330e-30 -2.1677e-31 -4.4592e-32 -8.9924e-33 -1.7777e-33 -3.4452e-34 -6.5454e-35 -1.2191e-35 -2.2257e-36 -3.9836e-37 -6.9896e-38 -1.2022e-38 -2.0271e-39 -3.3506e-40 -5.4290e-41 -8.6235e-42 -1.3428e-42
-1.8635e-04 -2.6310e-04 -3.2102e-04 -3.6793e-04 -4.0610e-04 -4.3594e-04 -4.5715e-04 6.9738e-03 -4.7187e-04 -4.6497e-04 -4.4900e-04 -4.2485e-04 -3.9389e-04 -3.5778e-04 -3.1836e-04 -2.7751e-04 -2.3696e-04 -1.9820e-04 -1.6239e-04 -1.3034e-04 -1.0248e-04 -7.8935e-05 -5.9563e-05 -4.4034e-05 -3.1893e-05 -2.2633e-05 -1.5737e-05 -1.0721e-05 -7.1566e-06 -4.6812e-06 -3.0005e-06 -1.8846e-06 -1.1599e-06 -6.9963e-07 -4.1354e-07 -2.3954e-07 -1.3598e-07 -7.5651e-08 -4.1246e-08 -2.2039e-08 -1.1542e-08 -5.9236e-09 -2.9796e-09 -1.4689e-09 -7.0974e-10 -3.3610e-10 -1.5599e-10 -7.0961e-11 -3.1638e-11 -1.3825e-11 -5.9212e-12 -2.4856e-12 -1.0227e-12 -4.1241e-13 -1.6301e-13 -6.3150e-14 -2.3979e-14 -8.9241e-15 -3.2554e-15 -1.1639e-15 -4.0789e-16 -1.4011e-16 -4.7170e-17 -1.5566e-17 -5.0347e-18 -1.5962e-18 -4.9599e-19 -1.5107e-19 -4.5099e-20 -1.3197e-20 -3.7850e-21 -1.0641e-21 -2.9320e-22 -7.9190e-23 -2.0964e-23 -5.4399e-24 -1.3836e-24 -3.4492e-25 -8.4283e-26 -2.0187e-26 -4.7392e-27 -1.0905e-27 -2.4597e-28 -5.4379e-29 -1.1784e-29 -2.5029e-30 -5.2110e-31 -1.0634e-31 -2.1271e-32 -4.1704e-33 -8.0144e-34 -1.5097e-34 -2.7874e-35 -5.0445e-36 -8.9485e-37 -1.5559e-37 -2.6518e-38 -4.4300e-39 -7.2539e-40 -1.1643e-40 -1.8516e-04 -2.5656e-04 -3.0369e-04 -3.3427e-04 -3.5133e-04 -3.5673e-04 -3.5209e-04 0.0000e+00 -3.1911e-04 -2.9409e-04 -2.6560e-04 -2.3521e-04 -2.0434e-04 -1.7420e-04 -1.4574e-04 -1.1968e-04 -9.6466e-05 -7.6323e-05 -5.9273e-05 -4.5183e-05 -3.3805e-05 -2.4824e-05 -1.7890e-05 -1.2652e-05 -8.7808e-06 -5.9798e-06 -3.9957e-06 -2.6197e-06 -1.6851e-06 -1.0634e-06 -6.5833e-07 -3.9981e-07 -2.3818e-07 -1.3919e-07 -7.9782e-08 -4.4855e-08 -2.4735e-08 -1.3377e-08 -7.0959e-09 -3.6914e-09 -1.8833e-09 -9.4229e-10 -4.6235e-10 -2.2247e-10 -1.0497e-10 -4.8573e-11 -2.2039e-11 -9.8058e-12 -4.2781e-12 -1.8302e-12 -7.6772e-13 -3.1577e-13 -1.2735e-13 -5.0359e-14 -1.9526e-14 -7.4229e-15 -2.7668e-15 -1.0112e-15 -3.6233e-16 -1.2729e-16 -4.3845e-17 -1.4807e-17 -4.9026e-18 -1.5915e-18 -5.0651e-19 -1.5805e-19 -4.8348e-20 -1.4501e-20 -4.2637e-21 -1.2291e-21 -3.4737e-22 -9.6245e-23 -2.6143e-23 -6.9620e-24 -1.8176e-24 -4.6520e-25 -1.1673e-25 -2.8713e-26 -6.9242e-27 -1.6370e-27 -3.7939e-28 -8.6201e-29 -1.9201e-29 -4.1926e-30 -8.9749e-31 -1.8834e-31 -3.8746e-32 -7.8141e-33 -1.5449e-33 -2.9942e-34 -5.6889e-35 -1.0596e-35 -1.9347e-36 -3.4630e-37 -6.0765e-38 -1.0452e-38 -1.7625e-39 -2.9134e-40 -4.7209e-41 -7.4992e-42
-1.6717e-04 -2.3779e-04 -2.9354e-04 -3.4160e-04 -3.8384e-04 -4.2024e-04 -4.4996e-04 -4.7187e-04 8.8071e-03 -4.8820e-04 -4.8163e-04 -4.6548e-04 -4.4066e-04 -4.0860e-04 -3.7108e-04 -3.3006e-04 -2.8752e-04 -2.4532e-04 -2.0502e-04 -1.6782e-04 -1.3456e-04 -1.0570e-04 -8.1333e-05 -6.1313e-05 -4.5283e-05 -3.2768e-05 -2.3232e-05 -1.6140e-05 -1.0986e-05 -7.3281e-06 -4.7898e-06 -3.0679e-06 -1.9256e-06 -1.1844e-06 -7.1395e-07 -4.2175e-07 -2.4416e-07 -1.3853e-07 -7.7030e-08 -4.1978e-08 -2.2420e-08 -1.1736e-08 -6.0208e-09 -3.0273e-09 -1.4919e-09 -7.2056e-10 -3.4111e-10 -1.5826e-10 -7.1970e-11 -3.2078e-11 -1.4013e-11 -6.0001e-12 -2.5181e-12 -1.0358e-12 -4.1758e-13 -1.6501e-13 -6.3911e-14 -2.4262e-14 -9.0278e-15 -3.2925e-15 -1.1770e-15 -4.1238e-16 -1.4162e-16 -4.7672e-17 -1.5729e-17 -5.0865e-18 -1.6123e-18 -5.0093e-19 -1.5255e-19 -4.5534e-20 -1.3322e-20 -3.8204e-21 -1.0739e-21 -2.9586e-22 -7.9898e-23 -2.1149e-23 -5.4871e-24 -1.3954e-24 -3.4784e-25 -8.4986e-26 -2.0353e-26 -4.7776e-27 -1.0993e-27 -2.4792e-28 -5.4804e-29 -1.1875e-29 -2.5220e-30 -5.2502e-31 -1.0713e-31 -2.1427e-32 -4.2006e-33 -8.0719e-34 -1.5204e-34 -2.8069e-35 -5.0795e-36 -9.0099e-37 -1.5665e-37 -2.6696e-38 -4.4594e-39 -7.3015e-40 -1.6583e-04 -2.3036e-04 -2.7382e-04 -3.0314e-04 -3.2094e-04 -3.2873e-04 -3.2772e-04 -3.1911e-04 0.0000e+00 -2.8403e-04 -2.6018e-04 -2.3389e-04 -2.0640e-04 -1.7883e-04 -1.5214e-04 -1.2710e-04 -1.0426e-04 -8.3979e-05 -6.6414e-05 -5.1566e-05 -3.9304e-05 -2.9408e-05 -2.1598e-05 -1.5568e-05 -1.1013e-05 -7.6457e-06 -5.2085e-06 -3.4816e-06 -2.2834e-06 -1.4693e-06 -9.2758e-07 -5.7446e-07 -3.4901e-07 -2.0799e-07 -1.2159e-07 -6.9718e-08 -3.9210e-08 -2.1629e-08 -1.1701e-08 -6.2087e-09 -3.2309e-09 -1.6488e-09 -8.2520e-10 -4.0501e-10 -1.9493e-10 -9.2004e-11 -4.2582e-11 -1.9325e-11 -8.6004e-12 -3.7531e-12 -1.6059e-12 -6.7379e-13 -2.7719e-13 -1.1181e-13 -4.4224e-14 -1.7150e-14 -6.5211e-15 -2.4311e-15 -8.8863e-16 -3.1847e-16 -1.1190e-16 -3.8551e-17 -1.3021e-17 -4.3119e-18 -1.3999e-18 -4.4561e-19 -1.3906e-19 -4.2547e-20 -1.2762e-20 -3.7531e-21 -1.0820e-21 -3.0584e-22 -8.4749e-23 -2.3023e-23 -6.1318e-24 -1.6010e-24 -4.0982e-25 -1.0284e-25 -2.5300e-26 -6.1018e-27 -1.4427e-27 -3.3440e-28 -7.5985e-29 -1.6927e-29 -3.6964e-30 -7.9134e-31 -1.6608e-31 -3.4169e-32 -6.8917e-33 -1.3626e-33 -2.6412e-34 -5.0186e-35 -9.3481e-36 -1.7070e-36 -3.0556e-37 -5.3620e-38 -9.2239e-39 -1.5555e-39 -2.5714e-40 -4.1670e-41
-1.4614e-04 -2.0957e-04 -2.6205e-04 -3.1001e-04 -3.5499e-04 -3.9670e-04 -4.3391e-04 -4.6497e-04 -4.8820e-04 1.0848e-02 -5.0598e-04 -4.9929e-04 -4.8247e-04 -4.5653e-04 -4.2300e-04 -3.8381e-04 -3.4102e-04 -2.9675e-04 -2.5291e-04 -2.1111e-04 -1.7262e-04 -1.3826e-04 -1.0848e-04 -8.3393e-05 -6.2805e-05 -4.6343e-05 -3.3506e-05 -2.3736e-05 -1.6477e-05 -1.1208e-05 -7.4705e-06 -4.8797e-06 -3.1235e-06 -1.9594e-06 -1.2045e-06 -7.2571e-07 -4.2849e-07 -2.4795e-07 -1.4062e-07 -7.8158e-08 -4.2576e-08 -2.2731e-08 -1.1894e-08 -6.1000e-09 -3.0661e-09 -1.5105e-09 -7.2936e-10 -3.4517e-10 -1.6011e-10 -7.2790e-11 -3.2435e-11 -1.4166e-11 -6.0642e-12 -2.5444e-12 -1.0464e-12 -4.2177e-13 -1.6663e-13 -6.4528e-14 -2.4492e-14 -9.1116e-15 -3.3225e-15 -1.1875e-15 -4.1601e-16 -1.4285e-16 -4.8077e-17 -1.5860e-17 -5.1283e-18 -1.6253e-18 -5.0491e-19 -1.5374e-19 -4.5885e-20 -1.3423e-20 -3.8489e-21 -1.0818e-21 -2.9801e-22 -8.0470e-23 -2.1298e-23 -5.5253e-24 -1.4050e-24 -3.5019e-25 -8.5553e-26 -2.0487e-26 -4.8087e-27 -1.1063e-27 -2.4949e-28 -5.5146e-29 -1.1948e-29 -2.5374e-30 -5.2818e-31 -1.0777e-31 -2.1553e-32 -4.2250e-33 -8.1182e-34 -1.5290e-34 -2.8227e-35 -5.1076e-36 -9.0593e-37 -1.5750e-37 -2.6839e-38 -4.4830e-39 -1.4469e-04 -2.0157e-04 -2.4071e-04 -2.6820e-04 -2.8624e-04 -2.9601e-04 -2.9836e-04 -2.9409e-04 -2.8403e-04 0.0000e+00 -2.5026e-04 -2.2857e-04 -2.0505e-04 -1.8071e-04 -1.5645e-04 -1.3305e-04 -1.1114e-04 -9.1182e-05 -7.3465e-05 -5.8123e-05 -4.5150e-05 -3.4433e-05 -2.5778e-05 -1.8943e-05 -1.3663e-05 -9.6714e-06 -6.7181e-06 -4.5793e-06 -3.0628e-06 -2.0098e-06 -1.2940e-06 -8.1730e-07 -5.0642e-07 -3.0782e-07 -1.8353e-07 -1.0734e-07 -6.1572e-08 -3.4643e-08 -1.9117e-08 -1.0347e-08 -5.4919e-09 -2.8589e-09 -1.4595e-09 -7.3068e-10 -3.5873e-10 -1.7271e-10 -8.1540e-11 -3.7749e-11 -1.7137e-11 -7.6285e-12 -3.3298e-12 -1.4252e-12 -5.9809e-13 -2.4611e-13 -9.9298e-14 -3.9282e-14 -1.5237e-14 -5.7948e-15 -2.1608e-15 -7.8997e-16 -2.8316e-16 -9.9514e-17 -3.4289e-17 -1.1583e-17 -3.8365e-18 -1.2458e-18 -3.9661e-19 -1.2379e-19 -3.7880e-20 -1.1364e-20 -3.3423e-21 -9.6375e-22 -2.7244e-22 -7.5504e-23 -2.0514e-23 -5.4643e-24 -1.4269e-24 -3.6529e-25 -9.1678e-26 -2.2556e-26 -5.4407e-27 -1.2865e-27 -2.9823e-28 -6.7774e-29 -1.5099e-29 -3.2976e-30 -7.0603e-31 -1.4819e-31 -3.0491e-32 -6.1504e-33 -1.2162e-33 -2.3575e-34 -4.4799e-35 -8.3455e-36 -1.5240e-36 -2.7283e-37 -4.7881e-38 -8.2373e-39 -1.3892e-39 -2.2967e-40
-1.2462e-04 -1.8034e-04 -2.2864e-04 -2.7525e-04 -3.2148e-04 -3.6689e-04 -4.1005e-04 -4.4900e-04 -4.8163e-04 -5.0598e-04 1.3094e-02 -5.2424e-04 -5.1691e-04 -4.9900e-04 -4.7161e-04 -4.3643e-04 -3.9547e-04 -3.5093e-04 -3.0498e-04 -2.5960e-04 -2.1644e-04 -1.7678e-04 -1.4144e-04 -1.1087e-04 -8.5149e-05 -6.4072e-05 -4.7239e-05 -3.4128e-05 -2.4160e-05 -1.6759e-05 -1.1393e-05 -7.5896e-06 -4.9547e-06 -3.1700e-06 -1.9875e-06 -1.2213e-06 -7.3549e-07 -4.3409e-07 -2.5109e-07 -1.4235e-07 -7.9093e-08 -4.3071e-08 -2.2988e-08 -1.2025e-08 -6.1655e-09 -3.0982e-09 -1.5260e-09 -7.3663e-10 -3.4854e-10 -1.6163e-10 -7.3467e-11 -3.2730e-11 -1.4292e-11 -6.1170e-12 -2.5661e-12 -1.0551e-12 -4.2523e-13 -1.6797e-13 -6.5036e-14 -2.4681e-14 -9.1808e-15 -3.3473e-15 -1.1962e-15 -4.1900e-16 -1.4386e-16 -4.8411e-17 -1.5968e-17 -5.1627e-18 -1.6361e-18 -5.0819e-19 -1.5473e-19 -4.6174e-20 -1.3506e-20 -3.8725e-21 -1.0883e-21 -2.9978e-22 -8.0940e-23 -2.1421e-23 -5.5567e-24 -1.4129e-24 -3.5212e-25 -8.6020e-26 -2.0597e-26 -4.8342e-27 -1.1121e-27 -2.5078e-28 -5.5428e-29 -1.2008e-29 -2.5500e-30 -5.3078e-31 -1.0829e-31 -2.1656e-32 -4.2451e-33 -8.1563e-34 -1.5361e-34 -2.8356e-35 -5.1308e-36 -9.0999e-37 -1.5820e-37 -2.6957e-38 -1.2314e-04 -1.7208e-04 -2.0655e-04 -2.3176e-04 -2.4953e-04 -2.6075e-04 -2.6595e-04 -2.6560e-04 -2.6018e-04 -2.5026e-04 0.0000e+00 -2.1960e-04 -2.0042e-04 -1.7977e-04 -1.5846e-04 -1.3725e-04 -1.1680e-04 -9.7639e-05 -8.0173e-05 -6.4652e-05 -5.1196e-05 -3.9805e-05 -3.0384e-05 -2.2766e-05 -1.6744e-05 -1.2086e-05 -8.5620e-06 -5.9519e-06 -4.0599e-06 -2.7172e-06 -1.7843e-06 -1.1495e-06 -7.2645e-07 -4.5038e-07 -2.7390e-07 -1.6339e-07 -9.5606e-08 -5.4869e-08 -3.0886e-08 -1.7051e-08 -9.2322e-09 -4.9024e-09 -2.5530e-09 -1.3038e-09 -6.5296e-10 -3.2069e-10 -1.5444e-10 -7.2939e-11 -3.3778e-11 -1.5339e-11 -6.8298e-12 -2.9820e-12 -1.2766e-12 -5.3590e-13 -2.2057e-13 -8.9015e-14 -3.5223e-14 -1.3665e-14 -5.1982e-15 -1.9387e-15 -7.0892e-16 -2.5416e-16 -8.9340e-17 -3.0789e-17 -1.0403e-17 -3.4461e-18 -1.1192e-18 -3.5637e-19 -1.1125e-19 -3.4047e-20 -1.0216e-20 -3.0051e-21 -8.6663e-22 -2.4502e-22 -6.7914e-23 -1.8455e-23 -4.9163e-24 -1.2840e-24 -3.2874e-25 -8.2515e-26 -2.0304e-26 -4.8980e-27 -1.1583e-27 -2.6854e-28 -6.1034e-29 -1.3599e-29 -2.9703e-30 -6.3602e-31 -1.3351e-31 -2.7473e-32 -5.5421e-33 -1.0960e-33 -2.1247e-34 -4.0380e-35 -7.5229e-36 -1.3739e-36 -2.4598e-37 -4.3172e-38 -7.4277e-39 -1.2528e-39
-1.0377e-04 -1.5164e-04 -1.9513e-04 -2.3925e-04 -2.8520e-04 -3.3252e-04 -3.7976e-04 -4.2485e-04 -4.6548e-04 -4.9929e-04 -5.2424e-04 1.5543e-02 -5.4194e-04 -5.3361e-04 -5.1435e-04 -4.8539e-04 -4.4852e-04 -4.0585e-04 -3.5966e-04 -3.1217e-04 -2.6541e-04 -2.2105e-04 -1.8035e-04 -1.4417e-04 -1.1291e-04 -8.6644e-05 -6.5148e-05 -4.7999e-05 -3.4654e-05 -2.4518e-05 -1.6998e-05 -1.1549e-05 -7.6900e-06 -5.0180e-06 -3.2090e-06 -2.0112e-06 -1.2354e-06 -7.4371e-07 -4.3879e-07 -2.5374e-07 -1.4380e-07 -7.9878e-08 -4.3487e-08 -2.3204e-08 -1.2135e-08 -6.2205e-09 -3.1252e-09 -1.5389e-09 -7.4274e-10 -3.5135e-10 -1.6291e-10 -7.4035e-11 -3.2978e-11 -1.4398e-11 -6.1613e-12 -2.5843e-12 -1.0624e-12 -4.2812e-13 -1.6909e-13 -6.5462e-14 -2.4840e-14 -9.2387e-15 -3.3680e-15 -1.2035e-15 -4.2150e-16 -1.4470e-16 -4.8690e-17 -1.6059e-17 -5.1915e-18 -1.6451e-18 -5.1094e-19 -1.5555e-19 -4.6416e-20 -1.3576e-20 -3.8921e-21 -1.0937e-21 -3.0126e-22 -8.1334e-23 -2.1524e-23 -5.5829e-24 -1.4195e-24 -3.5374e-25 -8.6410e-26 -2.0689e-26 -4.8556e-27 -1.1170e-27 -2.5186e-28 -5.5664e-29 -1.2059e-29 -2.5606e-30 -5.3295e-31 -1.0873e-31 -2.1743e-32 -4.2618e-33 -8.1882e-34 -1.5420e-34 -2.8464e-35 -5.1502e-36 -9.1338e-37 -1.5878e-37 -1.0230e-04 -1.4345e-04 -1.7316e-04 -1.9578e-04 -2.1281e-04 -2.2487e-04 -2.3227e-04 -2.3521e-04 -2.3389e-04 -2.2857e-04 -2.1960e-04 0.0000e+00 -1.9273e-04 -1.7602e-04 -1.5804e-04 -1.3947e-04 -1.2095e-04 -1.0305e-04 -8.6256e-05 -7.0913e-05 -5.7254e-05 -4.5390e-05 -3.5330e-05 -2.6996e-05 -2.0248e-05 -1.4906e-05 -1.0769e-05 -7.6354e-06 -5.3121e-06 -3.6263e-06 -2.4288e-06 -1.5959e-06 -1.0288e-06 -6.5061e-07 -4.0360e-07 -2.4559e-07 -1.4658e-07 -8.5815e-08 -4.9274e-08 -2.7749e-08 -1.5327e-08 -8.3021e-09 -4.4103e-09 -2.2976e-09 -1.1738e-09 -5.8809e-10 -2.8892e-10 -1.3919e-10 -6.5758e-11 -3.0462e-11 -1.3837e-11 -6.1630e-12 -2.6916e-12 -1.1526e-12 -4.8397e-13 -1.9925e-13 -8.0429e-14 -3.1833e-14 -1.2353e-14 -4.7000e-15 -1.7533e-15 -6.4126e-16 -2.2995e-16 -8.0845e-17 -2.7867e-17 -9.4173e-18 -3.1202e-18 -1.0135e-18 -3.2277e-19 -1.0078e-19 -3.0848e-20 -9.2572e-21 -2.7235e-21 -7.8554e-22 -2.2213e-22 -6.1578e-23 -1.6735e-23 -4.4588e-24 -1.1646e-24 -2.9822e-25 -7.4864e-26 -1.8424e-26 -4.4450e-27 -1.0513e-27 -2.4376e-28 -5.5408e-29 -1.2347e-29 -2.6971e-30 -5.7757e-31 -1.2125e-31 -2.4953e-32 -5.0343e-33 -9.9566e-34 -1.9304e-34 -3.6690e-35 -6.8361e-36 -1.2486e-36 -2.2356e-37 -3.9241e-38 -6.7519e-39
-8.4431e-05 -1.2467e-04 -1.6297e-04 -2.0367e-04 -2.4792e-04 -2.9535e-04 -3.4467e-04 -3.9389e-04 -4.4066e-04 -4.8247e-04 -5.1691e-04 -5.4194e-04 1.8193e-02 -5.5835e-04 -5.4884e-04 -5.2816e-04 -4.9765e-04 -4.5918e-04 -4.1494e-04 -3.6726e-04 -3.1841e-04 -2.7043e-04 -2.2501e-04 -1.8343e-04 -1.4650e-04 -1.1465e-04 -8.7921e-05 -6.6066e-05 -4.8648e-05 -3.5103e-05 -2.4823e-05 -1.7202e-05 -1.1682e-05 -7.7754e-06 -5.0718e-06 -3.2423e-06 -2.0314e-06 -1.2474e-06 -7.5070e-07 -4.4279e-07 -2.5598e-07 -1.4504e-07 -8.0545e-08 -4.3840e-08 -2.3388e-08 -1.2229e-08 -6.2672e-09 -3.1481e-09 -1.5499e-09 -7.4791e-10 -3.5375e-10 -1.6399e-10 -7.4517e-11 -3.3188e-11 -1.4488e-11 -6.1989e-12 -2.5997e-12 -1.0687e-12 -4.3058e-13 -1.7005e-13 -6.5823e-14 -2.4974e-14 -9.2878e-15 -3.3856e-15 -1.2096e-15 -4.2363e-16 -1.4542e-16 -4.8927e-17 -1.6136e-17 -5.2160e-18 -1.6527e-18 -5.1327e-19 -1.5625e-19 -4.6621e-20 -1.3635e-20 -3.9088e-21 -1.0983e-21 -3.0251e-22 -8.1668e-23 -2.1611e-23 -5.6052e-24 -1.4250e-24 -3.5512e-25 -8.6741e-26 -2.0768e-26 -4.8737e-27 -1.1211e-27 -2.5277e-28 -5.5863e-29 -1.2101e-29 -2.5696e-30 -5.3480e-31 -1.0910e-31 -2.1816e-32 -4.2761e-33 -8.2152e-34 -1.5470e-34 -2.8556e-35 -5.1666e-36 -9.1626e-37 -8.3032e-05 -1.1686e-04 -1.4191e-04 -1.6178e-04 -1.7765e-04 -1.8997e-04 -1.9886e-04 -2.0434e-04 -2.0640e-04 -2.0505e-04 -2.0042e-04 -1.9273e-04 0.0000e+00 -1.6961e-04 -1.5516e-04 -1.3954e-04 -1.2335e-04 -1.0714e-04 -9.1432e-05 -7.6644e-05 -6.3100e-05 -5.1013e-05 -4.0493e-05 -3.1556e-05 -2.4139e-05 -1.8124e-05 -1.3356e-05 -9.6584e-06 -6.8538e-06 -4.7723e-06 -3.2603e-06 -2.1853e-06 -1.4370e-06 -9.2695e-07 -5.8657e-07 -3.6409e-07 -2.2168e-07 -1.3238e-07 -7.7542e-08 -4.4546e-08 -2.5098e-08 -1.3869e-08 -7.5156e-09 -3.9942e-09 -2.0817e-09 -1.0639e-09 -5.3322e-10 -2.6206e-10 -1.2629e-10 -5.9684e-11 -2.7657e-11 -1.2567e-11 -5.5988e-12 -2.4459e-12 -1.0477e-12 -4.4002e-13 -1.8120e-13 -7.3163e-14 -2.8964e-14 -1.1242e-14 -4.2783e-15 -1.5963e-15 -5.8398e-16 -2.0945e-16 -7.3653e-17 -2.5392e-17 -8.5828e-18 -2.8442e-18 -9.2405e-19 -2.9433e-19 -9.1910e-20 -2.8138e-20 -8.4454e-21 -2.4851e-21 -7.1688e-22 -2.0274e-22 -5.6211e-23 -1.5279e-23 -4.0713e-24 -1.0636e-24 -2.7238e-25 -6.8385e-26 -1.6832e-26 -4.0613e-27 -9.6067e-28 -2.2277e-28 -5.0642e-29 -1.1286e-29 -2.4656e-30 -5.2806e-31 -1.1087e-31 -2.2819e-32 -4.6042e-33 -9.1068e-34 -1.7658e-34 -3.3565e-35 -6.2543e-36 -1.1425e-36 -2.0457e-37 -3.5911e-38
-6.7153e-05 -1.0027e-04 -1.3326e-04 -1.6987e-04 -2.1121e-04 -2.5712e-04 -3.0655e-04 -3.5778e-04 -4.0860e-04 -4.5653e-04 -4.9900e-04 -5.3361e-04 -5.5835e-04 2.1043e-02 -5.7311e-04 -5.6239e-04 -5.4035e-04 -5.0840e-04 -4.6848e-04 -4.2284e-04 -3.7384e-04 -3.2379e-04 -2.7475e-04 -2.2842e-04 -1.8607e-04 -1.4851e-04 -1.1615e-04 -8.9018e-05 -6.6855e-05 -4.9204e-05 -3.5488e-05 -2.5084e-05 -1.7376e-05 -1.1796e-05 -7.8486e-06 -5.1179e-06 -3.2708e-06 -2.0487e-06 -1.2576e-06 -7.5669e-07 -4.4622e-07 -2.5790e-07 -1.4610e-07 -8.1117e-08 -4.4143e-08 -2.3545e-08 -1.2309e-08 -6.3072e-09 -3.1677e-09 -1.5593e-09 -7.5236e-10 -3.5580e-10 -1.6492e-10 -7.4930e-11 -3.3368e-11 -1.4565e-11 -6.2312e-12 -2.6130e-12 -1.0740e-12 -4.3269e-13 -1.7086e-13 -6.6134e-14 -2.5090e-14 -9.3300e-15 -3.4007e-15 -1.2149e-15 -4.2545e-16 -1.4603e-16 -4.9131e-17 -1.6202e-17 -5.2370e-18 -1.6592e-18 -5.1527e-19 -1.5685e-19 -4.6797e-20 -1.3686e-20 -3.9232e-21 -1.1023e-21 -3.0359e-22 -8.1954e-23 -2.1685e-23 -5.6244e-24 -1.4298e-24 -3.5630e-25 -8.7025e-26 -2.0835e-26 -4.8892e-27 -1.1246e-27 -2.5356e-28 -5.6035e-29 -1.2138e-29 -2.5773e-30 -5.3638e-31 -1.0942e-31 -2.1879e-32 -4.2883e-33 -8.2384e-34 -1.5514e-34 -2.8635e-35 -5.1807e-36 -6.5866e-05 -9.3071e-05 -1.1376e-04 -1.3083e-04 -1.4523e-04 -1.5726e-04 -1.6696e-04 -1.7420e-04 -1.7883e-04 -1.8071e-04 -1.7977e-04 -1.7602e-04 -1.6961e-04 0.0000e+00 -1.4990e-04 -1.3742e-04 -1.2384e-04 -1.0967e-04 -9.5432e-05 -8.1577e-05 -6.8491e-05 -5.6470e-05 -4.5717e-05 -3.6336e-05 -2.8350e-05 -2.1711e-05 -1.6319e-05 -1.2037e-05 -8.7129e-06 -6.1884e-06 -4.3125e-06 -2.9485e-06 -1.9778e-06 -1.3014e-06 -8.4007e-07 -5.3193e-07 -3.3037e-07 -2.0126e-07 -1.2026e-07 -7.0476e-08 -4.0507e-08 -2.2833e-08 -1.2623e-08 -6.8435e-09 -3.6384e-09 -1.8970e-09 -9.6991e-10 -4.8628e-10 -2.3908e-10 -1.1526e-10 -5.4486e-11 -2.5256e-11 -1.1479e-11 -5.1159e-12 -2.2355e-12 -9.5785e-13 -4.0240e-13 -1.6575e-13 -6.6940e-14 -2.6507e-14 -1.0291e-14 -3.9172e-15 -1.4619e-15 -5.3491e-16 -1.9189e-16 -6.7491e-17 -2.3273e-17 -7.8678e-18 -2.6077e-18 -8.4737e-19 -2.6995e-19 -8.4312e-20 -2.5816e-20 -7.7497e-21 -2.2807e-21 -6.5803e-22 -1.8612e-22 -5.1611e-23 -1.4030e-23 -3.7392e-24 -9.7694e-25 -2.5023e-25 -6.2831e-26 -1.5466e-26 -3.7323e-27 -8.8297e-28 -2.0477e-28 -4.6556e-29 -1.0377e-29 -2.2672e-30 -4.8562e-31 -1.0197e-31 -2.0989e-32 -4.2354e-33 -8.3782e-34 -1.6247e-34 -3.0885e-35 -5.7555e-36 -1.0514e-36 -1.8829e-37
-5.2234e-05 -7.8929e-05 -1.0672e-04 -1.3882e-04 -1.7635e-04 -2.1936e-04 -2.6716e-04 -3.1836e-04 -3.7108e-04 -4.2300e-04 -4.7161e-04 -5.1435e-04 -5.4884e-04 -5.7311e-04 2.4090e-02 -5.8614e-04 -5.7427e-04 -5.5099e-04 -5.1776e-04 -4.7656e-04 -4.2968e-04 -3.7954e-04 -3.2845e-04 -2.7849e-04 -2.3137e-04 -1.8835e-04 -1.5025e-04 -1.1745e-04 -8.9966e-05 -6.7536e-05 -4.9684e-05 -3.5821e-05 -2.5310e-05 -1.7527e-05 -1.1895e-05 -7.9120e-06 -5.1578e-06 -3.2954e-06 -2.0636e-06 -1.2665e-06 -7.6187e-07 -4.4919e-07 -2.5957e-07 -1.4701e-07 -8.1612e-08 -4.4405e-08 -2.3681e-08 -1.2378e-08 -6.3419e-09 -3.1847e-09 -1.5675e-09 -7.5621e-10 -3.5758e-10 -1.6573e-10 -7.5289e-11 -3.3524e-11 -1.4631e-11 -6.2591e-12 -2.6245e-12 -1.0786e-12 -4.3452e-13 -1.7157e-13 -6.6403e-14 -2.5190e-14 -9.3665e-15 -3.4138e-15 -1.2195e-15 -4.2703e-16 -1.4657e-16 -4.9307e-17 -1.6259e-17 -5.2552e-18 -1.6649e-18 -5.1701e-19 -1.5737e-19 -4.6950e-20 -1.3730e-20 -3.9356e-21 -1.1058e-21 -3.0452e-22 -8.2203e-23 -2.1750e-23 -5.6409e-24 -1.4340e-24 -3.5732e-25 -8.7271e-26 -2.0893e-26 -4.9027e-27 -1.1277e-27 -2.5424e-28 -5.6184e-29 -1.2170e-29 -2.5839e-30 -5.3775e-31 -1.0970e-31 -2.1934e-32 -4.2989e-33 -8.2585e-34 -1.5551e-34 -2.8703e-35 -5.1089e-05 -7.2500e-05 -8.9232e-05 -1.0358e-04 -1.1631e-04 -1.2762e-04 -1.3749e-04 -1.4574e-04 -1.5214e-04 -1.5645e-04 -1.5846e-04 -1.5804e-04 -1.5516e-04 -1.4990e-04 0.0000e+00 -1.3315e-04 -1.2234e-04 -1.1048e-04 -9.8033e-05 -8.5461e-05 -7.3177e-05 -6.1535e-05 -5.0810e-05 -4.1190e-05 -3.2780e-05 -2.5606e-05 -1.9632e-05 -1.4771e-05 -1.0906e-05 -7.9016e-06 -5.6170e-06 -3.9175e-06 -2.6805e-06 -1.7993e-06 -1.1848e-06 -7.6530e-07 -4.8488e-07 -3.0133e-07 -1.8367e-07 -1.0981e-07 -6.4384e-08 -3.7024e-08 -2.0880e-08 -1.1548e-08 -6.2634e-09 -3.3314e-09 -1.7376e-09 -8.8874e-10 -4.4575e-10 -2.1923e-10 -1.0572e-10 -4.9995e-11 -2.3181e-11 -1.0539e-11 -4.6984e-12 -2.0537e-12 -8.8017e-13 -3.6986e-13 -1.5239e-13 -6.1558e-14 -2.4381e-14 -9.4679e-15 -3.6047e-15 -1.3456e-15 -4.9245e-16 -1.7670e-16 -6.2159e-17 -2.1438e-17 -7.2489e-18 -2.4030e-18 -7.8099e-19 -2.4885e-19 -7.7734e-20 -2.3806e-20 -7.1474e-21 -2.1038e-21 -6.0706e-22 -1.7173e-22 -4.7628e-23 -1.2949e-23 -3.4516e-24 -9.0190e-25 -2.3104e-25 -5.8020e-26 -1.4284e-26 -3.4474e-27 -8.1565e-28 -1.8919e-28 -4.3017e-29 -9.5887e-30 -2.0953e-30 -4.4884e-31 -9.4256e-32 -1.9404e-32 -3.9158e-33 -7.7469e-34 -1.5024e-34 -2.8563e-35 -5.3233e-36 -9.7256e-37
-3.9748e-05 -6.0819e-05 -8.3722e-05 -1.1118e-04 -1.4431e-04 -1.8341e-04 -2.2813e-04 -2.7751e-04 -3.3006e-04 -3.8381e-04 -4.3643e-04 -4.8539e-04 -5.2816e-04 -5.6239e-04 -5.8614e-04 2.7335e-02 -5.9753e-04 -5.8463e-04 -5.6024e-04 -5.2588e-04 -4.8357e-04 -4.3562e-04 -3.8448e-04 -3.3249e-04 -2.8174e-04 -2.3393e-04 -1.9033e-04 -1.5175e-04 -1.1857e-04 -9.0789e-05 -6.8128e-05 -5.0102e-05 -3.6110e-05 -2.5507e-05 -1.7658e-05 -1.1981e-05 -7.9671e-06 -5.1925e-06 -3.3169e-06 -2.0766e-06 -1.2743e-06 -7.6639e-07 -4.5177e-07 -2.6102e-07 -1.4781e-07 -8.2044e-08 -4.4634e-08 -2.3800e-08 -1.2439e-08 -6.3722e-09 -3.1995e-09 -1.5746e-09 -7.5957e-10 -3.5913e-10 -1.6643e-10 -7.5602e-11 -3.3660e-11 -1.4690e-11 -6.2835e-12 -2.6345e-12 -1.0827e-12 -4.3611e-13 -1.7219e-13 -6.6638e-14 -2.5278e-14 -9.3985e-15 -3.4252e-15 -1.2236e-15 -4.2841e-16 -1.4703e-16 -4.9462e-17 -1.6309e-17 -5.2711e-18 -1.6699e-18 -5.1852e-19 -1.5782e-19 -4.7084e-20 -1.3768e-20 -3.9465e-21 -1.1088e-21 -3.0534e-22 -8.2420e-23 -2.1807e-23 -5.6554e-24 -1.4376e-24 -3.5821e-25 -8.7487e-26 -2.0944e-26 -4.9145e-27 -1.1304e-27 -2.5484e-28 -5.6314e-29 -1.2198e-29 -2.5898e-30 -5.3895e-31 -1.0994e-31 -2.1982e-32 -4.3081e-33 -8.2761e-34 -1.5584e-34 -3.8760e-05 -5.5255e-05 -6.8510e-05 -8.0319e-05 -9.1275e-05 -1.0154e-04 -1.1107e-04 -1.1968e-04 -1.2710e-04 -1.3305e-04 -1.3725e-04 -1.3947e-04 -1.3954e-04 -1.3742e-04 -1.3315e-04 0.0000e+00 -1.1887e-04 -1.0947e-04 -9.9069e-05 -8.8081e-05 -7.6923e-05 -6.5976e-05 -5.5565e-05 -4.5946e-05 -3.7296e-05 -2.9718e-05 -2.3241e-05 -1.7838e-05 -1.3435e-05 -9.9290e-06 -7.2000e-06 -5.1225e-06 -3.5755e-06 -2.4483e-06 -1.6446e-06 -1.0837e-06 -7.0042e-07 -4.4405e-07 -2.7611e-07 -1.6840e-07 -1.0073e-07 -5.9089e-08 -3.3995e-08 -1.9180e-08 -1.0613e-08 -5.7585e-09 -3.0641e-09 -1.5988e-09 -8.1806e-10 -4.1045e-10 -2.0193e-10 -9.7415e-11 -4.6080e-11 -2.1373e-11 -9.7201e-12 -4.3344e-12 -1.8951e-12 -8.1242e-13 -3.4148e-13 -1.4073e-13 -5.6862e-14 -2.2527e-14 -8.7497e-15 -3.3320e-15 -1.2440e-15 -4.5538e-16 -1.6343e-16 -5.7503e-17 -1.9836e-17 -6.7084e-18 -2.2243e-18 -7.2302e-19 -2.3041e-19 -7.1988e-20 -2.2050e-20 -6.6211e-21 -1.9492e-21 -5.6254e-22 -1.5916e-22 -4.4147e-23 -1.2005e-23 -3.2002e-24 -8.3633e-25 -2.1427e-25 -5.3815e-26 -1.3250e-26 -3.1983e-27 -7.5681e-28 -1.7556e-28 -3.9923e-29 -8.8999e-30 -1.9450e-30 -4.1669e-31 -8.7513e-32 -1.8018e-32 -3.6364e-33 -7.1948e-34 -1.3955e-34 -2.6533e-35 -4.9453e-36
