4.7193e-12 -4.0090e-12 -1.1065e-11 -2.2766e-11 -3.9887e-11 -6.3144e-11 -9.3223e-11 -1.3080e-10 -1.7656e-10 -2.3119e-10 -2.9541e-10 -3.6995e-10 -4.5561e-10 -5.5320e-10 -6.6359e-10 -7.8772e-10 -9.2656e-10 -1.0812e-09 -1.2526e-09 -1.4422e-09 -1.6510e-09 -1.8805e-09 -2.1320e-09 -2.4069e-09 -2.7066e-09 -3.0328e-09 -3.3867e-09 -3.7697e-09 -4.1832e-09 -4.6280e-09 -5.1048e-09 -5.6138e-09 -6.1544e-09 -6.7251e-09 -7.3232e-09 -7.9443e-09 -8.5820e-09 -9.2272e-09 -9.8678e-09 -1.0488e-08 -1.1067e-08 -1.1581e-08 -1.1999e-08 -1.2287e-08 -1.2408e-08 -1.2324e-08 -1.1999e-08 -1.1407e-08 -1.0537e-08 -9.4019e-09 -8.0447e-09 -6.5428e-09 -5.0031e-09 -3.5491e-09 -2.2974e-09 -1.3295e-09 -6.7052e-10 -2.8554e-10 -9.8677e-11 -2.6328e-11 -5.0925e-12 -6.5938e-13 -5.1632e-14 -2.1468e-15 -4.0087e-17 -2.7060e-19 -4.9774e-22 -1.7215e-25 -6.8571e-30 -1.6380e-35 -9.7714e-43 -4.4468e-52 -3.0528e-64 -3.3763e-80 -2.6536e-101 -1.8109e-129 -1.9788e-167 -3.7867e-219 -1.9019e-290 0.0000e+00 0.0000e+00 0.0000e+00 0.0000e+00 0.0000e+00 0.0000e+00 0.0000e+00 0.0000e+00 0.0000e+00 0.0000e+00 0.0000e+00 0.0000e+00 0.0000e+00 0.0000e+00 0.0000e+00 0.0000e+00 0.0000e+00 0.0000e+00 0.0000e+00 0.0000e+00 0.0000e+00 0.0000e+00 4.0090e-12 1.1065e-11 2.2766e-11 3.9887e-11 6.3144e-11 9.3223e-11 1.3080e-10 1.7656e-10 2.3119e-10 2.9541e-10 3.6995e-10 4.5561e-10 5.5320e-10 6.6359e-10 7.8772e-10 9.2656e-10 1.0812e-09 1.2526e-09 1.4422e-09 1.6510e-09 1.8805e-09 2.1320e-09 2.4069e-09 2.7066e-09 3.0328e-09 3.3867e-09 3.7697e-09 4.1832e-09 4.6280e-09 5.1048e-09 5.6138e-09 6.1544e-09 6.7251e-09 7.3232e-09 7.9443e-09 8.5820e-09 9.2272e-09 9.8678e-09 1.0488e-08 1.1067e-08 1.1581e-08 1.1999e-08 1.2287e-08 1.2408e-08 1.2324e-08 1.1999e-08 1.1407e-08 1.0537e-08 9.4019e-09 8.0447e-09 6.5428e-09 5.0031e-09 3.5491e-09 2.2974e-09 1.3295e-09 6.7052e-10 2.8554e-10 9.8677e-11 2.6328e-11 5.0925e-12 6.5938e-13 5.1632e-14 2.1468e-15 4.0087e-17 2.7060e-19 4.9774e-22 1.7215e-25 6.8571e-30 1.6380e-35 9.7714e-43 4.4468e-52 3.0528e-64 3.3763e-80 2.6536e-101 1.8109e-129 1.9788e-167 3.7867e-219 1.9019e-290 0.0000e+00 0.0000e+00 0.0000e+00 0.0000e+00 0.0000e+00 0.0000e+00 0.0000e+00 0.0000e+00 0.0000e+00 0.0000e+00 0.0000e+00 0.0000e+00 0.0000e+00 0.0000e+00 0.0000e+00 0.0000e+00 0.0000e+00 0.0000e+00 0.0000e+00 0.0000e+00 0.0000e+00
-4.0090e-12 1.7926e-09 -6.2656e-11 -1.2891e-10 -2.2585e-10 -3.5754e-10 -5.2786e-10 -7.4065e-10 -9.9975e-10 -1.3091e-09 -1.6727e-09 -2.0948e-09 -2.5798e-09 -3.1324e-09 -3.7575e-09 -4.4603e-09 -5.2465e-09 -6.1219e-09 -7.0929e-09 -8.1661e-09 -9.3487e-09 -1.0648e-08 -1.2072e-08 -1.3628e-08 -1.5326e-08 -1.7173e-08 -1.9176e-08 -2.1346e-08 -2.3687e-08 -2.6205e-08 -2.8905e-08 -3.1787e-08 -3.4848e-08 -3.8080e-08 -4.1467e-08 -4.4983e-08 -4.8594e-08 -5.2248e-08 -5.5875e-08 -5.9386e-08 -6.2666e-08 -6.5574e-08 -6.7941e-08 -6.9573e-08 -7.0259e-08 -6.9782e-08 -6.7943e-08 -6.4591e-08 -5.9665e-08 -5.3237e-08 -4.5552e-08 -3.7047e-08 -2.8329e-08 -2.0096e-08 -1.3008e-08 -7.5278e-09 -3.7967e-09 -1.6168e-09 -5.5874e-10 -1.4908e-10 -2.8835e-11 -3.7336e-12 -2.9236e-13 -1.2156e-14 -2.2698e-16 -1.5323e-18 -2.8184e-21 -9.7475e-25 -3.8827e-29 -9.2746e-35 -5.5329e-42 -2.5179e-51 -1.7286e-63 -1.9118e-79 -1.5026e-100 -1.0254e-128 -1.1205e-166 -2.1442e-218 -1.0769e-289 0.0000e+00 0.0000e+00 0.0000e+00 0.0000e+00 0.0000e+00 0.0000e+00 0.0000e+00 0.0000e+00 0.0000e+00 0.0000e+00 0.0000e+00 0.0000e+00 0.0000e+00 0.0000e+00 0.0000e+00 0.0000e+00 0.0000e+00 0.0000e+00 0.0000e+00 0.0000e+00 0.0000e+00 4.0090e-12 0.0000e+00 6.2656e-11 1.2891e-10 2.2585e-10 3.5754e-10 5.2786e-10 7.4065e-10 9.9975e-10 1.3091e-09 1.6727e-09 2.0948e-09 2.5798e-09 3.1324e-09 3.7575e-09 4.4603e-09 5.2465e-09 6.1219e-09 7.0929e-09 8.1661e-09 9.3487e-09 1.0648e-08 1.2072e-08 1.3628e-08 1.5326e-08 1.7173e-08 1.9176e-08 2.1346e-08 2.3687e-08 2.6205e-08 2.8905e-08 3.1787e-08 3.4848e-08 3.8080e-08 4.1467e-08 4.4983e-08 4.8594e-08 5.2248e-08 5.5875e-08 5.9386e-08 6.2666e-08 6.5574e-08 6.7941e-08 6.9573e-08 7.0259e-08 6.9782e-08 6.7943e-08 6.4591e-08 5.9665e-08 5.3237e-08 4.5552e-08 3.7047e-08 2.8329e-08 2.0096e-08 1.3008e-08 7.5278e-09 3.7967e-09 1.6168e-09 5.5874e-10 1.4908e-10 2.8835e-11 3.7336e-12 2.9236e-13 1.2156e-14 2.2698e-16 1.5323e-18 2.8184e-21 9.7475e-25 3.8827e-29 9.2746e-35 5.5329e-42 2.5179e-51 1.7286e-63 1.9118e-79 1.5026e-100 1.0254e-128 1.1205e-166 2.1442e-218 1.0769e-289 0.0000e+00 0.0000e+00 0.0000e+00 0.0000e+00 0.0000e+00 0.0000e+00 0.0000e+00 0.0000e+00 0.0000e+00 0.0000e+00 0.0000e+00 0.0000e+00 0.0000e+00 0.0000e+00 0.0000e+00 0.0000e+00 0.0000e+00 0.0000e+00 0.0000e+00 0.0000e+00 0.0000e+00
-1.1065e-11 -6.2656e-11 3.4537e-09 -3.5581e-10 -6.2338e-10 -9.8686e-10 -1.4570e-09 -2.0443e-09 -2.7594e-09 -3.6132e-09 -4.6168e-09 -5.7819e-09 -7.1206e-09 -8.6458e-09 -1.0371e-08 -1.2311e-08 -1.4481e-08 -1.6897e-08 -1.9577e-08 -2.2540e-08 -2.5804e-08 -2.9390e-08 -3.3320e-08 -3.7616e-08 -4.2301e-08 -4.7398e-08 -5.2929e-08 -5.8916e-08 -6.5378e-08 -7.2330e-08 -7.9782e-08 -8.7737e-08 -9.6186e-08 -1.0511e-07 -1.1445e-07 -1.2416e-07 -1.3413e-07 -1.4421e-07 -1.5422e-07 -1.6391e-07 -1.7297e-07 -1.8099e-07 -1.8753e-07 -1.9203e-07 -1.9392e-07 -1.9261e-07 -1.8753e-07 -1.7828e-07 -1.6468e-07 -1.4694e-07 -1.2573e-07 -1.0226e-07 -7.8192e-08 -5.5468e-08 -3.5905e-08 -2.0778e-08 -1.0479e-08 -4.4627e-09 -1.5422e-09 -4.1147e-10 -7.9589e-11 -1.0305e-11 -8.0695e-13 -3.3552e-14 -6.2651e-16 -4.2292e-18 -7.7790e-21 -2.6904e-24 -1.0717e-28 -2.5599e-34 -1.5272e-41 -6.9498e-51 -4.7712e-63 -5.2767e-79 -4.1473e-100 -2.8302e-128 -3.0927e-166 -5.9183e-218 -2.9724e-289 0.0000e+00 0.0000e+00 0.0000e+00 0.0000e+00 0.0000e+00 0.0000e+00 0.0000e+00 0.0000e+00 0.0000e+00 0.0000e+00 0.0000e+00 0.0000e+00 0.0000e+00 0.0000e+00 0.0000e+00 0.0000e+00 0.0000e+00 0.0000e+00 0.0000e+00 0.0000e+00 0.0000e+00 1.1065e-11 6.2656e-11 0.0000e+00 3.5581e-10 6.2338e-10 9.8686e-10 1.4570e-09 2.0443e-09 2.7594e-09 3.6132e-09 4.6168e-09 5.7819e-09 7.1206e-09 8.6458e-09 1.0371e-08 1.2311e-08 1.4481e-08 1.6897e-08 1.9577e-08 2.2540e-08 2.5804e-08 2.9390e-08 3.3320e-08 3.7616e-08 4.2301e-08 4.7398e-08 5.2929e-08 5.8916e-08 6.5378e-08 7.2330e-08 7.9782e-08 8.7737e-08 9.6186e-08 1.0511e-07 1.1445e-07 1.2416e-07 1.3413e-07 1.4421e-07 1.5422e-07 1.6391e-07 1.7297e-07 1.8099e-07 1.8753e-07 1.9203e-07 1.9392e-07 1.9261e-07 1.8753e-07 1.7828e-07 1.6468e-07 1.4694e-07 1.2573e-07 1.0226e-07 7.8192e-08 5.5468e-08 3.5905e-08 2.0778e-08 1.0479e-08 4.4627e-09 1.5422e-09 4.1147e-10 7.9589e-11 1.0305e-11 8.0695e-13 3.3552e-14 6.2650e-16 4.2292e-18 7.7790e-21 2.6904e-24 1.0717e-28 2.5599e-34 1.5272e-41 6.9497e-51 4.7712e-63 5.2767e-79 4.1473e-100 2.8301e-128 3.0927e-166 5.9182e-218 2.9724e-289 0.0000e+00 0.0000e+00 0.0000e+00 0.0000e+00 0.0000e+00 0.0000e+00 0.0000e+00 0.0000e+00 0.0000e+00 0.0000e+00 0.0000e+00 0.0000e+00 0.0000e+00 0.0000e+00 0.0000e+00 0.0000e+00 0.0000e+00 0.0000e+00 0.0000e+00 0.0000e+00 0.0000e+00
-2.2766e-11 -1.2891e-10 -3.5581e-10 1.9634e-08 -1.2826e-09 -2.0304e-09 -2.9976e-09 -4.2060e-09 -5.6774e-09 -7.4340e-09 -9.4989e-09 -1.1896e-08 -1.4650e-08 -1.7788e-08 -2.1338e-08 -2.5329e-08 -2.9794e-08 -3.4765e-08 -4.0279e-08 -4.6374e-08 -5.3090e-08 -6.0468e-08 -6.8554e-08 -7.7394e-08 -8.7033e-08 -9.7519e-08 -1.0890e-07 -1.2122e-07 -1.3451e-07 -1.4881e-07 -1.6415e-07 -1.8051e-07 -1.9790e-07 -2.1625e-07 -2.3548e-07 -2.5545e-07 -2.7596e-07 -2.9670e-07 -3.1730e-07 -3.3724e-07 -3.5587e-07 -3.7238e-07 -3.8582e-07 -3.9509e-07 -3.9899e-07 -3.9628e-07 -3.8583e-07 -3.6680e-07 -3.3882e-07 -3.0232e-07 -2.5868e-07 -2.1038e-07 -1.6088e-07 -1.1412e-07 -7.3873e-08 -4.2749e-08 -2.1561e-08 -9.1817e-09 -3.1730e-09 -8.4657e-10 -1.6375e-10 -2.1203e-11 -1.6603e-12 -6.9031e-14 -1.2890e-15 -8.7014e-18 -1.6005e-20 -5.5354e-24 -2.2049e-28 -5.2669e-34 -3.1421e-41 -1.4299e-50 -9.8167e-63 -1.0857e-78 -8.5332e-100 -5.8231e-128 -6.3634e-166 -1.2177e-217 -6.1161e-289 0.0000e+00 0.0000e+00 0.0000e+00 0.0000e+00 0.0000e+00 0.0000e+00 0.0000e+00 0.0000e+00 0.0000e+00 0.0000e+00 0.0000e+00 0.0000e+00 0.0000e+00 0.0000e+00 0.0000e+00 0.0000e+00 0.0000e+00 0.0000e+00 0.0000e+00 0.0000e+00 0.0000e+00 2.2766e-11 1.2891e-10 3.5581e-10 0.0000e+00 1.2826e-09 2.0304e-09 2.9976e-09 4.2060e-09 5.6774e-09 7.4340e-09 9.4989e-09 1.1896e-08 1.4650e-08 1.7788e-08 2.1338e-08 2.5329e-08 2.9794e-08 3.4765e-08 4.0279e-08 4.6374e-08 5.3090e-08 6.0468e-08 6.8554e-08 7.7394e-08 8.7033e-08 9.7519e-08 1.0890e-07 1.2122e-07 1.3451e-07 1.4881e-07 1.6415e-07 1.8051e-07 1.9790e-07 2.1625e-07 2.3548e-07 2.5545e-07 2.7596e-07 2.9670e-07 3.1730e-07 3.3724e-07 3.5587e-07 3.7238e-07 3.8582e-07 3.9509e-07 3.9899e-07 3.9628e-07 3.8583e-07 3.6680e-07 3.3882e-07 3.0232e-07 2.5868e-07 2.1038e-07 1.6088e-07 1.1412e-07 7.3873e-08 4.2749e-08 2.1561e-08 9.1817e-09 3.1730e-09 8.4657e-10 1.6375e-10 2.1203e-11 1.6603e-12 6.9031e-14 1.2890e-15 8.7014e-18 1.6005e-20 5.5354e-24 2.2049e-28 5.2669e-34 3.1420e-41 1.4299e-50 9.8165e-63 1.0857e-78 8.5329e-100 5.8229e-128 6.3630e-166 1.2176e-217 6.1155e-289 0.0000e+00 0.0000e+00 0.0000e+00 0.0000e+00 0.0000e+00 0.0000e+00 0.0000e+00 0.0000e+00 0.0000e+00 0.0000e+00 0.0000e+00 0.0000e+00 0.0000e+00 0.0000e+00 0.0000e+00 0.0000e+00 0.0000e+00 0.0000e+00 0.0000e+00 0.0000e+00 0.0000e+00
-3.9887e-11 -2.2585e-10 -6.2338e-10 -1.2826e-09 7.5196e-08 -3.5573e-09 -5.2519e-09 -7.3690e-09 -9.9468e-09 -1.3024e-08 -1.6642e-08 -2.0842e-08 -2.5667e-08 -3.1165e-08 -3.7385e-08 -4.4377e-08 -5.2199e-08 -6.0909e-08 -7.0570e-08 -8.1248e-08 -9.3014e-08 -1.0594e-07 -1.2011e-07 -1.3559e-07 -1.5248e-07 -1.7086e-07 -1.9079e-07 -2.1237e-07 -2.3567e-07 -2.6073e-07 -2.8759e-07 -3.1626e-07 -3.4672e-07 -3.7887e-07 -4.1257e-07 -4.4756e-07 -4.8348e-07 -5.1983e-07 -5.5592e-07 -5.9085e-07 -6.2349e-07 -6.5242e-07 -6.7597e-07 -6.9221e-07 -6.9903e-07 -6.9429e-07 -6.7599e-07 -6.4264e-07 -5.9363e-07 -5.2967e-07 -4.5321e-07 -3.6860e-07 -2.8186e-07 -1.9995e-07 -1.2943e-07 -7.4898e-08 -3.7775e-08 -1.6086e-08 -5.5592e-09 -1.4832e-09 -2.8689e-10 -3.7148e-11 -2.9088e-12 -1.2094e-13 -2.2584e-15 -1.5245e-17 -2.8042e-20 -9.6984e-24 -3.8632e-28 -9.2280e-34 -5.5052e-41 -2.5053e-50 -1.7200e-62 -1.9023e-78 -1.4952e-99 -1.0203e-127 -1.1151e-165 -2.1339e-217 -1.0719e-288 0.0000e+00 0.0000e+00 0.0000e+00 0.0000e+00 0.0000e+00 0.0000e+00 0.0000e+00 0.0000e+00 0.0000e+00 0.0000e+00 0.0000e+00 0.0000e+00 0.0000e+00 0.0000e+00 0.0000e+00 0.0000e+00 0.0000e+00 0.0000e+00 0.0000e+00 0.0000e+00 0.0000e+00 3.9887e-11 2.2585e-10 6.2338e-10 1.2826e-09 0.0000e+00 3.5573e-09 5.2519e-09 7.3690e-09 9.9468e-09 1.3024e-08 1.6642e-08 2.0842e-08 2.5667e-08 3.1165e-08 3.7385e-08 4.4377e-08 5.2199e-08 6.0909e-08 7.0570e-08 8.1248e-08 9.3014e-08 1.0594e-07 1.2011e-07 1.3559e-07 1.5248e-07 1.7086e-07 1.9079e-07 2.1237e-07 2.3567e-07 2.6073e-07 2.8759e-07 3.1626e-07 3.4672e-07 3.7887e-07 4.1257e-07 4.4756e-07 4.8348e-07 5.1983e-07 5.5592e-07 5.9085e-07 6.2349e-07 6.5242e-07 6.7597e-07 6.9221e-07 6.9903e-07 6.9429e-07 6.7599e-07 6.4264e-07 5.9363e-07 5.2967e-07 4.5321e-07 3.6860e-07 2.8186e-07 1.9995e-07 1.2943e-07 7.4897e-08 3.7775e-08 1.6086e-08 5.5592e-09 1.4832e-09 2.8689e-10 3.7147e-11 2.9088e-12 1.2094e-13 2.2583e-15 1.5245e-17 2.8041e-20 9.6981e-24 3.8630e-28 9.2277e-34 5.5049e-41 2.5052e-50 1.7199e-62 1.9021e-78 1.4950e-99 1.0202e-127 1.1148e-165 2.1333e-217 1.0714e-288 0.0000e+00 0.0000e+00 0.0000e+00 0.0000e+00 0.0000e+00 0.0000e+00 0.0000e+00 0.0000e+00 0.0000e+00 0.0000e+00 0.0000e+00 0.0000e+00 0.0000e+00 0.0000e+00 0.0000e+00 0.0000e+00 0.0000e+00 0.0000e+00 0.0000e+00 0.0000e+00 0.0000e+00
-6.3144e-11 -3.5754e-10 -9.8686e-10 -2.0304e-09 -3.5573e-09 2.2573e-07 -8.3141e-09 -1.1666e-08 -1.5746e-08 -2.0619e-08 -2.6346e-08 -3.2994e-08 -4.0633e-08 -4.9337e-08 -5.9182e-08 -7.0252e-08 -8.2635e-08 -9.6423e-08 -1.1172e-07 -1.2862e-07 -1.4725e-07 -1.6771e-07 -1.9014e-07 -2.1466e-07 -2.4139e-07 -2.7048e-07 -3.0204e-07 -3.3620e-07 -3.7307e-07 -4.1275e-07 -4.5527e-07 -5.0067e-07 -5.4888e-07 -5.9978e-07 -6.5312e-07 -7.0851e-07 -7.6538e-07 -8.2293e-07 -8.8006e-07 -9.3536e-07 -9.8702e-07 -1.0328e-06 -1.0701e-06 -1.0958e-06 -1.1066e-06 -1.0991e-06 -1.0701e-06 -1.0173e-06 -9.3975e-07 -8.3850e-07 -7.1747e-07 -5.8352e-07 -4.4620e-07 -3.1653e-07 -2.0489e-07 -1.1857e-07 -5.9800e-08 -2.5466e-08 -8.8006e-09 -2.3480e-09 -4.5418e-10 -5.8808e-11 -4.6049e-12 -1.9147e-13 -3.5753e-15 -2.4135e-17 -4.4393e-20 -1.5354e-23 -6.1160e-28 -1.4610e-33 -8.7159e-41 -3.9666e-50 -2.7233e-62 -3.0120e-78 -2.3676e-99 -1.6158e-127 -1.7660e-165 -3.3801e-217 -1.6982e-288 0.0000e+00 0.0000e+00 0.0000e+00 0.0000e+00 0.0000e+00 0.0000e+00 0.0000e+00 0.0000e+00 0.0000e+00 0.0000e+00 0.0000e+00 0.0000e+00 0.0000e+00 0.0000e+00 0.0000e+00 0.0000e+00 0.0000e+00 0.0000e+00 0.0000e+00 0.0000e+00 0.0000e+00 6.3144e-11 3.5754e-10 9.8686e-10 2.0304e-09 3.5573e-09 0.0000e+00 8.3141e-09 1.1666e-08 1.5746e-08 2.0619e-08 2.6346e-08 3.2994e-08 4.0633e-08 4.9337e-08 5.9182e-08 7.0252e-08 8.2635e-08 9.6423e-08 1.1172e-07 1.2862e-07 1.4725e-07 1.6771e-07 1.9014e-07 2.1466e-07 2.4139e-07 2.7048e-07 3.0204e-07 3.3620e-07 3.7307e-07 4.1275e-07 4.5527e-07 5.0067e-07 5.4888e-07 5.9978e-07 6.5312e-07 7.0851e-07 7.6538e-07 8.2293e-07 8.8006e-07 9.3536e-07 9.8702e-07 1.0328e-06 1.0701e-06 1.0958e-06 1.1066e-06 1.0991e-06 1.0701e-06 1.0173e-06 9.3975e-07 8.3850e-07 7.1747e-07 5.8351e-07 4.4620e-07 3.1653e-07 2.0489e-07 1.1857e-07 5.9800e-08 2.5466e-08 8.8005e-09 2.3480e-09 4.5417e-10 5.8807e-11 4.6048e-12 1.9146e-13 3.5751e-15 2.4134e-17 4.4391e-20 1.5353e-23 6.1154e-28 1.4608e-33 8.7146e-41 3.9658e-50 2.7227e-62 3.0111e-78 2.3666e-99 1.6150e-127 1.7648e-165 3.3772e-217 1.6962e-288 0.0000e+00 0.0000e+00 0.0000e+00 0.0000e+00 0.0000e+00 0.0000e+00 0.0000e+00 0.0000e+00 0.0000e+00 0.0000e+00 0.0000e+00 0.0000e+00 0.0000e+00 0.0000e+00 0.0000e+00 0.0000e+00 0.0000e+00 0.0000e+00 0.0000e+00 0.0000e+00 0.0000e+00
-9.3223e-11 -5.2786e-10 -1.4570e-09 -2.9976e-09 -5.2519e-09 -8.3141e-09 5.7283e-07 -1.7223e-08 -2.3248e-08 -3.0441e-08 -3.8896e-08 -4.8711e-08 -5.9989e-08 -7.2839e-08 -8.7375e-08 -1.0372e-07 -1.2200e-07 -1.4236e-07 -1.6494e-07 -1.8989e-07 -2.1739e-07 -2.4760e-07 -2.8072e-07 -3.1691e-07 -3.5638e-07 -3.9932e-07 -4.4592e-07 -4.9636e-07 -5.5080e-07 -6.0936e-07 -6.7215e-07 -7.3917e-07 -8.1035e-07 -8.8549e-07 -9.6424e-07 -1.0460e-06 -1.1300e-06 -1.2149e-06 -1.2993e-06 -1.3809e-06 -1.4572e-06 -1.5248e-06 -1.5799e-06 -1.6178e-06 -1.6338e-06 -1.6227e-06 -1.5799e-06 -1.5020e-06 -1.3874e-06 -1.2379e-06 -1.0593e-06 -8.6149e-07 -6.5876e-07 -4.6732e-07 -3.0250e-07 -1.7505e-07 -8.8289e-08 -3.7598e-08 -1.2993e-08 -3.4667e-09 -6.7055e-10 -8.6825e-11 -6.7989e-12 -2.8269e-13 -5.2787e-15 -3.5635e-17 -6.5547e-20 -2.2671e-23 -9.0308e-28 -2.1573e-33 -1.2871e-40 -5.8578e-50 -4.0221e-62 -4.4489e-78 -3.4975e-99 -2.3874e-127 -2.6099e-165 -4.9970e-217 -2.5116e-288 0.0000e+00 0.0000e+00 0.0000e+00 0.0000e+00 0.0000e+00 0.0000e+00 0.0000e+00 0.0000e+00 0.0000e+00 0.0000e+00 0.0000e+00 0.0000e+00 0.0000e+00 0.0000e+00 0.0000e+00 0.0000e+00 0.0000e+00 0.0000e+00 0.0000e+00 0.0000e+00 0.0000e+00 9.3223e-11 5.2786e-10 1.4570e-09 2.9976e-09 5.2519e-09 8.3141e-09 0.0000e+00 1.7223e-08 2.3248e-08 3.0441e-08 3.8896e-08 4.8711e-08 5.9989e-08 7.2839e-08 8.7375e-08 1.0372e-07 1.2200e-07 1.4236e-07 1.6494e-07 1.8989e-07 2.1739e-07 2.4760e-07 2.8072e-07 3.1691e-07 3.5638e-07 3.9932e-07 4.4592e-07 4.9636e-07 5.5080e-07 6.0936e-07 6.7215e-07 7.3917e-07 8.1035e-07 8.8549e-07 9.6424e-07 1.0460e-06 1.1300e-06 1.2149e-06 1.2993e-06 1.3809e-06 1.4572e-06 1.5248e-06 1.5799e-06 1.6178e-06 1.6338e-06 1.6227e-06 1.5799e-06 1.5020e-06 1.3874e-06 1.2379e-06 1.0592e-06 8.6148e-07 6.5875e-07 4.6731e-07 3.0249e-07 1.7505e-07 8.8287e-08 3.7597e-08 1.2993e-08 3.4665e-09 6.7052e-10 8.6820e-11 6.7984e-12 2.8267e-13 5.2782e-15 3.5630e-17 6.5537e-20 2.2666e-23 9.0287e-28 2.1567e-33 1.2866e-40 5.8550e-50 4.0197e-62 4.4455e-78 3.4940e-99 2.3843e-127 2.6055e-165 4.9860e-217 2.5042e-288 0.0000e+00 0.0000e+00 0.0000e+00 0.0000e+00 0.0000e+00 0.0000e+00 0.0000e+00 0.0000e+00 0.0000e+00 0.0000e+00 0.0000e+00 0.0000e+00 0.0000e+00 0.0000e+00 0.0000e+00 0.0000e+00 0.0000e+00 0.0000e+00 0.0000e+00 0.0000e+00 0.0000e+00
-1.3080e-10 -7.4065e-10 -2.0443e-09 -4.2060e-09 -7.3690e-09 -1.1666e-08 -1.7223e-08 1.2857e-06 -3.2619e-08 -4.2712e-08 -5.4575e-08 -6.8347e-08 -8.4172e-08 -1.0220e-07 -1.2260e-07 -1.4553e-07 -1.7118e-07 -1.9974e-07 -2.3142e-07 -2.6644e-07 -3.0502e-07 -3.4742e-07 -3.9387e-07 -4.4466e-07 -5.0004e-07 -5.6029e-07 -6.2568e-07 -6.9645e-07 -7.7283e-07 -8.5501e-07 -9.4310e-07 -1.0371e-06 -1.1370e-06 -1.2424e-06 -1.3529e-06 -1.4677e-06 -1.5855e-06 -1.7047e-06 -1.8231e-06 -1.9376e-06 -2.0446e-06 -2.1395e-06 -2.2167e-06 -2.2700e-06 -2.2924e-06 -2.2768e-06 -2.2168e-06 -2.1074e-06 -1.9467e-06 -1.7370e-06 -1.4863e-06 -1.2088e-06 -9.2432e-07 -6.5570e-07 -4.2444e-07 -2.4562e-07 -1.2388e-07 -5.2756e-08 -1.8232e-08 -4.8643e-09 -9.4091e-10 -1.2183e-10 -9.5403e-12 -3.9669e-13 -7.4075e-15 -5.0007e-17 -9.1987e-20 -3.1817e-23 -1.2675e-27 -3.0281e-33 -1.8067e-40 -8.2239e-50 -5.6476e-62 -6.2483e-78 -4.9134e-99 -3.3551e-127 -3.6696e-165 -7.0308e-217 -3.5371e-288 0.0000e+00 0.0000e+00 0.0000e+00 0.0000e+00 0.0000e+00 0.0000e+00 0.0000e+00 0.0000e+00 0.0000e+00 0.0000e+00 0.0000e+00 0.0000e+00 0.0000e+00 0.0000e+00 0.0000e+00 0.0000e+00 0.0000e+00 0.0000e+00 0.0000e+00 0.0000e+00 0.0000e+00 1.3080e-10 7.4065e-10 2.0443e-09 4.2060e-09 7.3690e-09 1.1666e-08 1.7223e-08 0.0000e+00 3.2619e-08 4.2712e-08 5.4575e-08 6.8347e-08 8.4172e-08 1.0220e-07 1.2260e-07 1.4553e-07 1.7118e-07 1.9974e-07 2.3142e-07 2.6644e-07 3.0502e-07 3.4742e-07 3.9387e-07 4.4466e-07 5.0004e-07 5.6029e-07 6.2568e-07 6.9645e-07 7.7283e-07 8.5501e-07 9.4310e-07 1.0371e-06 1.1370e-06 1.2424e-06 1.3529e-06 1.4677e-06 1.5855e-06 1.7047e-06 1.8230e-06 1.9376e-06 2.0446e-06 2.1395e-06 2.2167e-06 2.2700e-06 2.2924e-06 2.2768e-06 2.2168e-06 2.1074e-06 1.9467e-06 1.7370e-06 1.4862e-06 1.2088e-06 9.2430e-07 6.5569e-07 4.2443e-07 2.4561e-07 1.2388e-07 5.2753e-08 1.8230e-08 4.8639e-09 9.4081e-10 1.2182e-10 9.5389e-12 3.9661e-13 7.4059e-15 4.9993e-17 9.1955e-20 3.1803e-23 1.2668e-27 3.0261e-33 1.8052e-40 8.2152e-50 5.6400e-62 6.2375e-78 4.9025e-99 3.3455e-127 3.6558e-165 6.9959e-217 3.5136e-288 0.0000e+00 0.0000e+00 0.0000e+00 0.0000e+00 0.0000e+00 0.0000e+00 0.0000e+00 0.0000e+00 0.0000e+00 0.0000e+00 0.0000e+00 0.0000e+00 0.0000e+00 0.0000e+00 0.0000e+00 0.0000e+00 0.0000e+00 0.0000e+00 0.0000e+00 0.0000e+00 0.0000e+00
-1.7656e-10 -9.9975e-10 -2.7594e-09 -5.6774e-09 -9.9468e-09 -1.5746e-08 -2.3248e-08 -3.2619e-08 2.6282e-06 -5.7653e-08 -7.3667e-08 -9.2257e-08 -1.1362e-07 -1.3795e-07 -1.6548e-07 -1.9644e-07 -2.3106e-07 -2.6962e-07 -3.1238e-07 -3.5965e-07 -4.1173e-07 -4.6895e-07 -5.3166e-07 -6.0021e-07 -6.7497e-07 -7.5630e-07 -8.4455e-07 -9.4008e-07 -1.0432e-06 -1.1541e-06 -1.2730e-06 -1.3999e-06 -1.5348e-06 -1.6771e-06 -1.8262e-06 -1.9811e-06 -2.1401e-06 -2.3011e-06 -2.4608e-06 -2.6154e-06 -2.7599e-06 -2.8880e-06 -2.9922e-06 -3.0641e-06 -3.0943e-06 -3.0733e-06 -2.9923e-06 -2.8447e-06 -2.6277e-06 -2.3447e-06 -2.0062e-06 -1.6317e-06 -1.2477e-06 -8.8511e-07 -5.7294e-07 -3.3156e-07 -1.6723e-07 -7.1215e-08 -2.4611e-08 -6.5665e-09 -1.2702e-09 -1.6447e-10 -1.2880e-11 -5.3556e-13 -1.0001e-14 -6.7520e-17 -1.2421e-19 -4.2966e-23 -1.7118e-27 -4.0902e-33 -2.4409e-40 -1.1113e-49 -7.6339e-62 -8.4492e-78 -6.6475e-99 -4.5424e-127 -4.9728e-165 -9.5396e-217 -4.8075e-288 0.0000e+00 0.0000e+00 0.0000e+00 0.0000e+00 0.0000e+00 0.0000e+00 0.0000e+00 0.0000e+00 0.0000e+00 0.0000e+00 0.0000e+00 0.0000e+00 0.0000e+00 0.0000e+00 0.0000e+00 0.0000e+00 0.0000e+00 0.0000e+00 0.0000e+00 0.0000e+00 0.0000e+00 1.7656e-10 9.9975e-10 2.7594e-09 5.6774e-09 9.9468e-09 1.5746e-08 2.3248e-08 3.2619e-08 0.0000e+00 5.7653e-08 7.3667e-08 9.2257e-08 1.1362e-07 1.3795e-07 1.6548e-07 1.9644e-07 2.3106e-07 2.6962e-07 3.1238e-07 3.5965e-07 4.1173e-07 4.6895e-07 5.3166e-07 6.0021e-07 6.7497e-07 7.5630e-07 8.4455e-07 9.4008e-07 1.0432e-06 1.1541e-06 1.2730e-06 1.3999e-06 1.5348e-06 1.6771e-06 1.8262e-06 1.9811e-06 2.1401e-06 2.3010e-06 2.4608e-06 2.6154e-06 2.7599e-06 2.8879e-06 2.9922e-06 3.0641e-06 3.0943e-06 3.0733e-06 2.9923e-06 2.8446e-06 2.6277e-06 2.3446e-06 2.0062e-06 1.6316e-06 1.2476e-06 8.8506e-07 5.7291e-07 3.3153e-07 1.6721e-07 7.1207e-08 2.4608e-08 6.5654e-09 1.2699e-09 1.6443e-10 1.2876e-11 5.3536e-13 9.9966e-15 6.7482e-17 1.2412e-19 4.2929e-23 1.7100e-27 4.0847e-33 2.4368e-40 1.1089e-49 7.6130e-62 8.4196e-78 6.6175e-99 4.5158e-127 4.9347e-165 9.4432e-217 4.7428e-288 0.0000e+00 0.0000e+00 0.0000e+00 0.0000e+00 0.0000e+00 0.0000e+00 0.0000e+00 0.0000e+00 0.0000e+00 0.0000e+00 0.0000e+00 0.0000e+00 0.0000e+00 0.0000e+00 0.0000e+00 0.0000e+00 0.0000e+00 0.0000e+00 0.0000e+00 0.0000e+00 0.0000e+00
-2.3119e-10 -1.3091e-09 -3.6132e-09 -7.4340e-09 -1.3024e-08 -2.0619e-08 -3.0441e-08 -4.2712e-08 -5.7653e-08 4.9916e-06 -9.6460e-08 -1.2080e-07 -1.4877e-07 -1.8064e-07 -2.1669e-07 -2.5722e-07 -3.0255e-07 -3.5304e-07 -4.0903e-07 -4.7092e-07 -5.3912e-07 -6.1405e-07 -6.9616e-07 -7.8592e-07 -8.8381e-07 -9.9030e-07 -1.1059e-06 -1.2309e-06 -1.3660e-06 -1.5112e-06 -1.6669e-06 -1.8331e-06 -2.0096e-06 -2.1960e-06 -2.3913e-06 -2.5941e-06 -2.8023e-06 -3.0130e-06 -3.2222e-06 -3.4247e-06 -3.6138e-06 -3.7815e-06 -3.9180e-06 -4.0122e-06 -4.0518e-06 -4.0243e-06 -3.9182e-06 -3.7249e-06 -3.4409e-06 -3.0702e-06 -2.6270e-06 -2.1366e-06 -1.6338e-06 -1.1590e-06 -7.5026e-07 -4.3418e-07 -2.1899e-07 -9.3259e-08 -3.2230e-08 -8.5996e-09 -1.6635e-09 -2.1541e-10 -1.6870e-11 -7.0150e-13 -1.3101e-14 -8.8456e-17 -1.6274e-19 -5.6304e-23 -2.2437e-27 -5.3622e-33 -3.2010e-40 -1.4580e-49 -1.0021e-61 -1.1098e-77 -8.7397e-99 -5.9793e-127 -6.5564e-165 -1.2605e-216 -6.3716e-288 0.0000e+00 0.0000e+00 0.0000e+00 0.0000e+00 0.0000e+00 0.0000e+00 0.0000e+00 0.0000e+00 0.0000e+00 0.0000e+00 0.0000e+00 0.0000e+00 0.0000e+00 0.0000e+00 0.0000e+00 0.0000e+00 0.0000e+00 0.0000e+00 0.0000e+00 0.0000e+00 0.0000e+00 2.3119e-10 1.3091e-09 3.6132e-09 7.4340e-09 1.3024e-08 2.0619e-08 3.0441e-08 4.2712e-08 5.7653e-08 0.0000e+00 9.6460e-08 1.2080e-07 1.4877e-07 1.8064e-07 2.1669e-07 2.5722e-07 3.0255e-07 3.5304e-07 4.0903e-07 4.7092e-07 5.3912e-07 6.1405e-07 6.9616e-07 7.8592e-07 8.8381e-07 9.9030e-07 1.1059e-06 1.2309e-06 1.3660e-06 1.5112e-06 1.6669e-06 1.8331e-06 2.0096e-06 2.1960e-06 2.3913e-06 2.5941e-06 2.8023e-06 3.0130e-06 3.2222e-06 3.4247e-06 3.6138e-06 3.7815e-06 3.9180e-06 4.0121e-06 4.0517e-06 4.0242e-06 3.9181e-06 3.7248e-06 3.4407e-06 3.0700e-06 2.6269e-06 2.1364e-06 1.6337e-06 1.1589e-06 7.5017e-07 4.3411e-07 2.1895e-07 9.3239e-08 3.2222e-08 8.5968e-09 1.6629e-09 2.1531e-10 1.6860e-11 7.0100e-13 1.3090e-14 8.8362e-17 1.6253e-19 5.6211e-23 2.2391e-27 5.3485e-33 3.1907e-40 1.4520e-49 9.9686e-62 1.1025e-77 8.6651e-99 5.9131e-127 6.4616e-165 1.2365e-216 6.2102e-288 0.0000e+00 0.0000e+00 0.0000e+00 0.0000e+00 0.0000e+00 0.0000e+00 0.0000e+00 0.0000e+00 0.0000e+00 0.0000e+00 0.0000e+00 0.0000e+00 0.0000e+00 0.0000e+00 0.0000e+00 0.0000e+00 0.0000e+00 0.0000e+00 0.0000e+00 0.0000e+00 0.0000e+00
-2.9541e-10 -1.6727e-09 -4.6168e-09 -9.4989e-09 -1.6642e-08 -2.6346e-08 -3.8896e-08 -5.4575e-08 -7.3667e-08 -9.6460e-08 8.9344e-06 -1.5436e-07 -1.9009e-07 -2.3081e-07 -2.7687e-07 -3.2866e-07 -3.8659e-07 -4.5110e-07 -5.2265e-07 -6.0173e-07 -6.8887e-07 -7.8461e-07 -8.8953e-07 -1.0042e-06 -1.1293e-06 -1.2654e-06 -1.4130e-06 -1.5729e-06 -1.7454e-06 -1.9310e-06 -2.1299e-06 -2.3423e-06 -2.5678e-06 -2.8060e-06 -3.0555e-06 -3.3147e-06 -3.5807e-06 -3.8499e-06 -4.1172e-06 -4.3759e-06 -4.6177e-06 -4.8319e-06 -5.0064e-06 -5.1267e-06 -5.1773e-06 -5.1421e-06 -5.0066e-06 -4.7597e-06 -4.3967e-06 -3.9231e-06 -3.3569e-06 -2.7302e-06 -2.0878e-06 -1.4811e-06 -9.5875e-07 -5.5484e-07 -2.7985e-07 -1.1918e-07 -4.1191e-08 -1.0991e-08 -2.1262e-09 -2.7535e-10 -2.1565e-11 -8.9685e-13 -1.6752e-14 -1.1312e-16 -2.0817e-19 -7.2037e-23 -2.8715e-27 -6.8656e-33 -4.1006e-40 -1.8689e-49 -1.2856e-61 -1.4255e-77 -1.1243e-98 -7.7071e-127 -8.4737e-165 -1.6350e-216 -8.3054e-288 0.0000e+00 0.0000e+00 0.0000e+00 0.0000e+00 0.0000e+00 0.0000e+00 0.0000e+00 0.0000e+00 0.0000e+00 0.0000e+00 0.0000e+00 0.0000e+00 0.0000e+00 0.0000e+00 0.0000e+00 0.0000e+00 0.0000e+00 0.0000e+00 0.0000e+00 0.0000e+00 0.0000e+00 2.9541e-10 1.6727e-09 4.6168e-09 9.4989e-09 1.6642e-08 2.6346e-08 3.8896e-08 5.4575e-08 7.3667e-08 9.6460e-08 0.0000e+00 1.5436e-07 1.9009e-07 2.3081e-07 2.7687e-07 3.2866e-07 3.8659e-07 4.5110e-07 5.2265e-07 6.0173e-07 6.8887e-07 7.8461e-07 8.8953e-07 1.0042e-06 1.1293e-06 1.2654e-06 1.4130e-06 1.5729e-06 1.7454e-06 1.9310e-06 2.1299e-06 2.3423e-06 2.5678e-06 2.8059e-06 3.0555e-06 3.3146e-06 3.5807e-06 3.8499e-06 4.1172e-06 4.3759e-06 4.6176e-06 4.8318e-06 5.0063e-06 5.1265e-06 5.1771e-06 5.1419e-06 5.0064e-06 4.7594e-06 4.3964e-06 3.9228e-06 3.3565e-06 2.7299e-06 2.0874e-06 1.4808e-06 9.5854e-07 5.5469e-07 2.7976e-07 1.1914e-07 4.1171e-08 1.0985e-08 2.1247e-09 2.7512e-10 2.1543e-11 8.9571e-13 1.6725e-14 1.1290e-16 2.0767e-19 7.1825e-23 2.8610e-27 6.8341e-33 4.0770e-40 1.8553e-49 1.2737e-61 1.4087e-77 1.1072e-98 7.5555e-127 8.2563e-165 1.5799e-216 7.9350e-288 0.0000e+00 0.0000e+00 0.0000e+00 0.0000e+00 0.0000e+00 0.0000e+00 0.0000e+00 0.0000e+00 0.0000e+00 0.0000e+00 0.0000e+00 0.0000e+00 0.0000e+00 0.0000e+00 0.0000e+00 0.0000e+00 0.0000e+00 0.0000e+00 0.0000e+00 0.0000e+00 0.0000e+00
-3.6995e-10 -2.0948e-09 -5.7819e-09 -1.1896e-08 -2.0842e-08 -3.2994e-08 -4.8711e-08 -6.8347e-08 -9.2257e-08 -1.2080e-07 -1.5436e-07 1.5230e-05 -2.3806e-07 -2.8906e-07 -3.4674e-07 -4.1160e-07 -4.8415e-07 -5.6493e-07 -6.5454e-07 -7.5357e-07 -8.6270e-07 -9.8260e-07 -1.1140e-06 -1.2576e-06 -1.4143e-06 -1.5847e-06 -1.7696e-06 -1.9698e-06 -2.1858e-06 -2.4182e-06 -2.6674e-06 -2.9334e-06 -3.2158e-06 -3.5140e-06 -3.8266e-06 -4.1511e-06 -4.4843e-06 -4.8215e-06 -5.1562e-06 -5.4803e-06 -5.7830e-06 -6.0514e-06 -6.2698e-06 -6.4205e-06 -6.4839e-06 -6.4399e-06 -6.2703e-06 -5.9610e-06 -5.5065e-06 -4.9134e-06 -4.2043e-06 -3.4195e-06 -2.6149e-06 -1.8551e-06 -1.2009e-06 -6.9498e-07 -3.5055e-07 -1.4930e-07 -5.1602e-08 -1.3770e-08 -2.6641e-09 -3.4504e-10 -2.7027e-11 -1.1242e-12 -2.1002e-14 -1.4186e-16 -2.6113e-19 -9.0402e-23 -3.6054e-27 -8.6259e-33 -5.1563e-40 -2.3526e-49 -1.6206e-61 -1.8002e-77 -1.4231e-98 -9.7865e-127 -1.0805e-164 -2.0967e-216 -1.0732e-287 0.0000e+00 0.0000e+00 0.0000e+00 0.0000e+00 0.0000e+00 0.0000e+00 0.0000e+00 0.0000e+00 0.0000e+00 0.0000e+00 0.0000e+00 0.0000e+00 0.0000e+00 0.0000e+00 0.0000e+00 0.0000e+00 0.0000e+00 0.0000e+00 0.0000e+00 0.0000e+00 0.0000e+00 3.6995e-10 2.0948e-09 5.7819e-09 1.1896e-08 2.0842e-08 3.2994e-08 4.8711e-08 6.8347e-08 9.2257e-08 1.2080e-07 1.5436e-07 0.0000e+00 2.3806e-07 2.8906e-07 3.4674e-07 4.1160e-07 4.8415e-07 5.6493e-07 6.5453e-07 7.5357e-07 8.6270e-07 9.8260e-07 1.1140e-06 1.2576e-06 1.4143e-06 1.5847e-06 1.7696e-06 1.9698e-06 2.1858e-06 2.4182e-06 2.6674e-06 2.9333e-06 3.2158e-06 3.5140e-06 3.8265e-06 4.1511e-06 4.4843e-06 4.8214e-06 5.1562e-06 5.4801e-06 5.7828e-06 6.0512e-06 6.2696e-06 6.4202e-06 6.4835e-06 6.4395e-06 6.2698e-06 5.9604e-06 5.5059e-06 4.9127e-06 4.2035e-06 3.4187e-06 2.6142e-06 1.8545e-06 1.2004e-06 6.9467e-07 3.5036e-07 1.4920e-07 5.1561e-08 1.3757e-08 2.6609e-09 3.4454e-10 2.6979e-11 1.1217e-12 2.0946e-14 1.4140e-16 2.6008e-19 8.9950e-23 3.5830e-27 8.5586e-33 5.1058e-40 2.3235e-49 1.5952e-61 1.7642e-77 1.3866e-98 9.4620e-127 1.0340e-164 1.9786e-216 9.9370e-288 0.0000e+00 0.0000e+00 0.0000e+00 0.0000e+00 0.0000e+00 0.0000e+00 0.0000e+00 0.0000e+00 0.0000e+00 0.0000e+00 0.0000e+00 0.0000e+00 0.0000e+00 0.0000e+00 0.0000e+00 0.0000e+00 0.0000e+00 0.0000e+00 0.0000e+00 0.0000e+00 0.0000e+00
-4.5561e-10 -2.5798e-09 -7.1206e-09 -1.4650e-08 -2.5667e-08 -4.0633e-08 -5.9989e-08 -8.4172e-08 -1.1362e-07 -1.4877e-07 -1.9009e-07 -2.3806e-07 2.4924e-05 -3.5598e-07 -4.2702e-07 -5.0690e-07 -5.9624e-07 -6.9573e-07 -8.0608e-07 -9.2805e-07 -1.0624e-06 -1.2101e-06 -1.3719e-06 -1.5488e-06 -1.7417e-06 -1.9516e-06 -2.1793e-06 -2.4258e-06 -2.6919e-06 -2.9781e-06 -3.2850e-06 -3.6125e-06 -3.9604e-06 -4.3277e-06 -4.7126e-06 -5.1123e-06 -5.5226e-06 -5.9379e-06 -6.3502e-06 -6.7492e-06 -7.1221e-06 -7.4526e-06 -7.7217e-06 -7.9073e-06 -7.9854e-06 -7.9314e-06 -7.7225e-06 -7.3417e-06 -6.7820e-06 -6.0516e-06 -5.1783e-06 -4.2118e-06 -3.2208e-06 -2.2850e-06 -1.4793e-06 -8.5614e-07 -4.3187e-07 -1.8395e-07 -6.3583e-08 -1.6969e-08 -3.2834e-09 -4.2532e-10 -3.3322e-11 -1.3864e-12 -2.5908e-14 -1.7507e-16 -3.2242e-19 -1.1169e-22 -4.4579e-27 -1.0676e-32 -6.3898e-40 -2.9202e-49 -2.0158e-61 -2.2454e-77 -1.7814e-98 -1.2309e-126 -1.3676e-164 -2.6760e-216 -1.3852e-287 0.0000e+00 0.0000e+00 0.0000e+00 0.0000e+00 0.0000e+00 0.0000e+00 0.0000e+00 0.0000e+00 0.0000e+00 0.0000e+00 0.0000e+00 0.0000e+00 0.0000e+00 0.0000e+00 0.0000e+00 0.0000e+00 0.0000e+00 0.0000e+00 0.0000e+00 0.0000e+00 0.0000e+00 4.5561e-10 2.5798e-09 7.1206e-09 1.4650e-08 2.5667e-08 4.0633e-08 5.9989e-08 8.4172e-08 1.1362e-07 1.4877e-07 1.9009e-07 2.3806e-07 0.0000e+00 3.5598e-07 4.2702e-07 5.0690e-07 5.9624e-07 6.9573e-07 8.0608e-07 9.2805e-07 1.0624e-06 1.2101e-06 1.3719e-06 1.5488e-06 1.7417e-06 1.9516e-06 2.1793e-06 2.4258e-06 2.6919e-06 2.9781e-06 3.2850e-06 3.6125e-06 3.9604e-06 4.3276e-06 4.7125e-06 5.1122e-06 5.5225e-06 5.9377e-06 6.3500e-06 6.7490e-06 7.1217e-06 7.4522e-06 7.7212e-06 7.9067e-06 7.9847e-06 7.9305e-06 7.7214e-06 7.3405e-06 6.7806e-06 6.0501e-06 5.1768e-06 4.2103e-06 3.2195e-06 2.2839e-06 1.4784e-06 8.5551e-07 4.3148e-07 1.8375e-07 6.3499e-08 1.6942e-08 3.2770e-09 4.2431e-10 3.3226e-11 1.3815e-12 2.5796e-14 1.7413e-16 3.2030e-19 1.1078e-22 4.4125e-27 1.0540e-32 6.2879e-40 2.8615e-49 1.9645e-61 2.1726e-77 1.7076e-98 1.1653e-126 1.2733e-164 2.4365e-216 1.2236e-287 0.0000e+00 0.0000e+00 0.0000e+00 0.0000e+00 0.0000e+00 0.0000e+00 0.0000e+00 0.0000e+00 0.0000e+00 0.0000e+00 0.0000e+00 0.0000e+00 0.0000e+00 0.0000e+00 0.0000e+00 0.0000e+00 0.0000e+00 0.0000e+00 0.0000e+00 0.0000e+00 0.0000e+00
-5.5320e-10 -3.1324e-09 -8.6458e-09 -1.7788e-08 -3.1165e-08 -4.9337e-08 -7.2839e-08 -1.0220e-07 -1.3795e-07 -1.8064e-07 -2.3081e-07 -2.8906e-07 -3.5598e-07 3.9402e-05 -5.1849e-07 -6.1548e-07 -7.2396e-07 -8.4476e-07 -9.7874e-07 -1.1268e-06 -1.2900e-06 -1.4693e-06 -1.6658e-06 -1.8806e-06 -2.1148e-06 -2.3696e-06 -2.6461e-06 -2.9455e-06 -3.2685e-06 -3.6161e-06 -3.9886e-06 -4.3863e-06 -4.8087e-06 -5.2547e-06 -5.7220e-06 -6.2074e-06 -6.7057e-06 -7.2099e-06 -7.7105e-06 -8.1951e-06 -8.6478e-06 -9.0492e-06 -9.3760e-06 -9.6015e-06 -9.6964e-06 -9.6309e-06 -9.3774e-06 -8.9151e-06 -8.2356e-06 -7.3488e-06 -6.2885e-06 -5.1149e-06 -3.9117e-06 -2.7753e-06 -1.7968e-06 -1.0400e-06 -5.2464e-07 -2.2349e-07 -7.7261e-08 -2.0623e-08 -3.9911e-09 -5.1713e-10 -4.0527e-11 -1.6868e-12 -3.1537e-14 -2.1323e-16 -3.9299e-19 -1.3626e-22 -5.4448e-27 -1.3059e-32 -7.8306e-40 -3.5873e-49 -2.4840e-61 -2.7780e-77 -2.2156e-98 -1.5414e-126 -1.7281e-164 -3.4220e-216 -1.7994e-287 0.0000e+00 0.0000e+00 0.0000e+00 0.0000e+00 0.0000e+00 0.0000e+00 0.0000e+00 0.0000e+00 0.0000e+00 0.0000e+00 0.0000e+00 0.0000e+00 0.0000e+00 0.0000e+00 0.0000e+00 0.0000e+00 0.0000e+00 0.0000e+00 0.0000e+00 0.0000e+00 0.0000e+00 5.5320e-10 3.1324e-09 8.6458e-09 1.7788e-08 3.1165e-08 4.9337e-08 7.2839e-08 1.0220e-07 1.3795e-07 1.8064e-07 2.3081e-07 2.8906e-07 3.5598e-07 0.0000e+00 5.1849e-07 6.1548e-07 7.2396e-07 8.4476e-07 9.7874e-07 1.1268e-06 1.2900e-06 1.4693e-06 1.6658e-06 1.8806e-06 2.1148e-06 2.3696e-06 2.6461e-06 2.9454e-06 3.2685e-06 3.6160e-06 3.9886e-06 4.3863e-06 4.8087e-06 5.2546e-06 5.7219e-06 6.2072e-06 6.7055e-06 7.2096e-06 7.7101e-06 8.1946e-06 8.6472e-06 9.0484e-06 9.3751e-06 9.6003e-06 9.6950e-06 9.6291e-06 9.3753e-06 8.9128e-06 8.2330e-06 7.3461e-06 6.2857e-06 5.1121e-06 3.9091e-06 2.7731e-06 1.7950e-06 1.0388e-06 5.2390e-07 2.2310e-07 7.7100e-08 2.0571e-08 3.9789e-09 5.1520e-10 4.0342e-11 1.6774e-12 3.1321e-14 2.1143e-16 3.8890e-19 1.3450e-22 5.3577e-27 1.2798e-32 7.6347e-40 3.4744e-49 2.3853e-61 2.6379e-77 2.0733e-98 1.4148e-126 1.5459e-164 2.9580e-216 1.4853e-287 0.0000e+00 0.0000e+00 0.0000e+00 0.0000e+00 0.0000e+00 0.0000e+00 0.0000e+00 0.0000e+00 0.0000e+00 0.0000e+00 0.0000e+00 0.0000e+00 0.0000e+00 0.0000e+00 0.0000e+00 0.0000e+00 0.0000e+00 0.0000e+00 0.0000e+00 0.0000e+00 0.0000e+00
-6.6359e-10 -3.7575e-09 -1.0371e-08 -2.1338e-08 -3.7385e-08 -5.9182e-08 -8.7375e-08 -1.2260e-07 -1.6548e-07 -2.1669e-07 -2.7687e-07 -3.4674e-07 -4.2702e-07 -5.1849e-07 6.0470e-05 -7.3830e-07 -8.6843e-07 -1.0133e-06 -1.1741e-06 -1.3517e-06 -1.5475e-06 -1.7625e-06 -1.9982e-06 -2.2559e-06 -2.5368e-06 -2.8425e-06 -3.1742e-06 -3.5333e-06 -3.9208e-06 -4.3377e-06 -4.7846e-06 -5.2617e-06 -5.7684e-06 -6.3034e-06 -6.8640e-06 -7.4462e-06 -8.0440e-06 -8.6488e-06 -9.2494e-06 -9.8308e-06 -1.0374e-05 -1.0856e-05 -1.1248e-05 -1.1518e-05 -1.1632e-05 -1.1554e-05 -1.1250e-05 -1.0696e-05 -9.8808e-06 -8.8172e-06 -7.5453e-06 -6.1375e-06 -4.6940e-06 -3.3305e-06 -2.1564e-06 -1.2483e-06 -6.2982e-07 -2.6833e-07 -9.2781e-08 -2.4771e-08 -4.7954e-09 -6.2156e-10 -4.8733e-11 -2.0294e-12 -3.7969e-14 -2.5693e-16 -4.7403e-19 -1.6458e-22 -6.5874e-27 -1.5833e-32 -9.5196e-40 -4.3761e-49 -3.0436e-61 -3.4234e-77 -2.7505e-98 -1.9319e-126 -2.1929e-164 -4.4129e-216 -2.3693e-287 0.0000e+00 0.0000e+00 0.0000e+00 0.0000e+00 0.0000e+00 0.0000e+00 0.0000e+00 0.0000e+00 0.0000e+00 0.0000e+00 0.0000e+00 0.0000e+00 0.0000e+00 0.0000e+00 0.0000e+00 0.0000e+00 0.0000e+00 0.0000e+00 0.0000e+00 0.0000e+00 0.0000e+00 6.6359e-10 3.7575e-09 1.0371e-08 2.1338e-08 3.7385e-08 5.9182e-08 8.7375e-08 1.2260e-07 1.6548e-07 2.1669e-07 2.7687e-07 3.4674e-07 4.2702e-07 5.1849e-07 0.0000e+00 7.3830e-07 8.6843e-07 1.0133e-06 1.1741e-06 1.3517e-06 1.5475e-06 1.7625e-06 1.9982e-06 2.2559e-06 2.5368e-06 2.8425e-06 3.1742e-06 3.5332e-06 3.9207e-06 4.3376e-06 4.7846e-06 5.2616e-06 5.7683e-06 6.3032e-06 6.8638e-06 7.4459e-06 8.0436e-06 8.6483e-06 9.2487e-06 9.8299e-06 1.0373e-05 1.0854e-05 1.1246e-05 1.1516e-05 1.1630e-05 1.1551e-05 1.1246e-05 1.0691e-05 9.8760e-06 8.8120e-06 7.5400e-06 6.1323e-06 4.6892e-06 3.3265e-06 2.1532e-06 1.2461e-06 6.2845e-07 2.6763e-07 9.2487e-08 2.4676e-08 4.7730e-09 6.1801e-10 4.8393e-11 2.0121e-12 3.7572e-14 2.5363e-16 4.6651e-19 1.6134e-22 6.4268e-27 1.5352e-32 9.1582e-40 4.1677e-49 2.8612e-61 3.1642e-77 2.4869e-98 1.6969e-126 1.8541e-164 3.5471e-216 1.7807e-287 0.0000e+00 0.0000e+00 0.0000e+00 0.0000e+00 0.0000e+00 0.0000e+00 0.0000e+00 0.0000e+00 0.0000e+00 0.0000e+00 0.0000e+00 0.0000e+00 0.0000e+00 0.0000e+00 0.0000e+00 0.0000e+00 0.0000e+00 0.0000e+00 0.0000e+00 0.0000e+00 0.0000e+00
-7.8772e-10 -4.4603e-09 -1.2311e-08 -2.5329e-08 -4.4377e-08 -7.0252e-08 -1.0372e-07 -1.4553e-07 -1.9644e-07 -2.5722e-07 -3.2866e-07 -4.1160e-07 -5.0690e-07 -6.1548e-07 -7.3830e-07 9.0450e-05 -1.0309e-06 -1.2029e-06 -1.3937e-06 -1.6045e-06 -1.8369e-06 -2.0922e-06 -2.3720e-06 -2.6778e-06 -3.0114e-06 -3.3742e-06 -3.7680e-06 -4.1942e-06 -4.6542e-06 -5.1491e-06 -5.6796e-06 -6.2460e-06 -6.8475e-06 -7.4825e-06 -8.1481e-06 -8.8392e-06 -9.5488e-06 -1.0267e-05 -1.0980e-05 -1.1670e-05 -1.2315e-05 -1.2887e-05 -1.3353e-05 -1.3674e-05 -1.3810e-05 -1.3717e-05 -1.3357e-05 -1.2699e-05 -1.1732e-05 -1.0469e-05 -8.9598e-06 -7.2886e-06 -5.5748e-06 -3.9559e-06 -2.5617e-06 -1.4831e-06 -7.4843e-07 -3.1894e-07 -1.1031e-07 -2.9461e-08 -5.7057e-09 -7.3992e-10 -5.8049e-11 -2.4192e-12 -4.5305e-14 -3.0694e-16 -5.6715e-19 -1.9727e-22 -7.9147e-27 -1.9079e-32 -1.1515e-39 -5.3186e-49 -3.7218e-61 -4.2189e-77 -3.4238e-98 -2.4358e-126 -2.8105e-164 -5.7745e-216 -3.1831e-287 0.0000e+00 0.0000e+00 0.0000e+00 0.0000e+00 0.0000e+00 0.0000e+00 0.0000e+00 0.0000e+00 0.0000e+00 0.0000e+00 0.0000e+00 0.0000e+00 0.0000e+00 0.0000e+00 0.0000e+00 0.0000e+00 0.0000e+00 0.0000e+00 0.0000e+00 0.0000e+00 0.0000e+00 7.8772e-10 4.4603e-09 1.2311e-08 2.5329e-08 4.4377e-08 7.0252e-08 1.0372e-07 1.4553e-07 1.9644e-07 2.5722e-07 3.2866e-07 4.1160e-07 5.0690e-07 6.1548e-07 7.3830e-07 0.0000e+00 1.0309e-06 1.2029e-06 1.3937e-06 1.6045e-06 1.8369e-06 2.0922e-06 2.3720e-06 2.6778e-06 3.0113e-06 3.3742e-06 3.7679e-06 4.1941e-06 4.6541e-06 5.1490e-06 5.6795e-06 6.2458e-06 6.8473e-06 7.4822e-06 8.1477e-06 8.8387e-06 9.5482e-06 1.0266e-05 1.0979e-05 1.1669e-05 1.2313e-05 1.2884e-05 1.3350e-05 1.3670e-05 1.3805e-05 1.3711e-05 1.3350e-05 1.2691e-05 1.1723e-05 1.0460e-05 8.9504e-06 7.2793e-06 5.5663e-06 3.9487e-06 2.5560e-06 1.4791e-06 7.4600e-07 3.1769e-07 1.0979e-07 2.9291e-08 5.6658e-09 7.3361e-10 5.7445e-11 2.3885e-12 4.4599e-14 3.0107e-16 5.5377e-19 1.9152e-22 7.6289e-27 1.8223e-32 1.0871e-39 4.9471e-49 3.3962e-61 3.7558e-77 2.9516e-98 2.0138e-126 2.2000e-164 4.2075e-216 2.1110e-287 0.0000e+00 0.0000e+00 0.0000e+00 0.0000e+00 0.0000e+00 0.0000e+00 0.0000e+00 0.0000e+00 0.0000e+00 0.0000e+00 0.0000e+00 0.0000e+00 0.0000e+00 0.0000e+00 0.0000e+00 0.0000e+00 0.0000e+00 0.0000e+00 0.0000e+00 0.0000e+00 0.0000e+00
-9.2656e-10 -5.2465e-09 -1.4481e-08 -2.9794e-08 -5.2199e-08 -8.2635e-08 -1.2200e-07 -1.7118e-07 -2.3106e-07 -3.0255e-07 -3.8659e-07 -4.8415e-07 -5.9624e-07 -7.2396e-07 -8.6843e-07 -1.0309e-06 1.3229e-04 -1.4149e-06 -1.6393e-06 -1.8874e-06 -2.1607e-06 -2.4610e-06 -2.7901e-06 -3.1498e-06 -3.5421e-06 -3.9689e-06 -4.4321e-06 -4.9335e-06 -5.4745e-06 -6.0567e-06 -6.6808e-06 -7.3470e-06 -8.0545e-06 -8.8015e-06 -9.5844e-06 -1.0397e-05 -1.1232e-05 -1.2077e-05 -1.2916e-05 -1.3728e-05 -1.4487e-05 -1.5160e-05 -1.5708e-05 -1.6086e-05 -1.6246e-05 -1.6138e-05 -1.5714e-05 -1.4941e-05 -1.3804e-05 -1.2320e-05 -1.0544e-05 -8.5783e-06 -6.5621e-06 -4.6572e-06 -3.0163e-06 -1.7467e-06 -8.8166e-07 -3.7583e-07 -1.3004e-07 -3.4746e-08 -6.7331e-09 -8.7377e-10 -6.8609e-11 -2.8624e-12 -5.3676e-14 -3.6426e-16 -6.7443e-19 -2.3519e-22 -9.4664e-27 -2.2912e-32 -1.3899e-39 -6.4615e-49 -4.5586e-61 -5.2212e-77 -4.2929e-98 -3.1048e-126 -3.6572e-164 -7.7100e-216 -4.3869e-287 0.0000e+00 0.0000e+00 0.0000e+00 0.0000e+00 0.0000e+00 0.0000e+00 0.0000e+00 0.0000e+00 0.0000e+00 0.0000e+00 0.0000e+00 0.0000e+00 0.0000e+00 0.0000e+00 0.0000e+00 0.0000e+00 0.0000e+00 0.0000e+00 0.0000e+00 0.0000e+00 0.0000e+00 9.2656e-10 5.2465e-09 1.4481e-08 2.9794e-08 5.2199e-08 8.2635e-08 1.2200e-07 1.7118e-07 2.3106e-07 3.0255e-07 3.8659e-07 4.8415e-07 5.9624e-07 7.2396e-07 8.6843e-07 1.0309e-06 0.0000e+00 1.4149e-06 1.6393e-06 1.8874e-06 2.1607e-06 2.4610e-06 2.7901e-06 3.1498e-06 3.5421e-06 3.9689e-06 4.4321e-06 4.9334e-06 5.4744e-06 6.0566e-06 6.6806e-06 7.3467e-06 8.0542e-06 8.8011e-06 9.5838e-06 1.0397e-05 1.1231e-05 1.2076e-05 1.2914e-05 1.3725e-05 1.4483e-05 1.5155e-05 1.5702e-05 1.6080e-05 1.6238e-05 1.6128e-05 1.5703e-05 1.4928e-05 1.3790e-05 1.2304e-05 1.0528e-05 8.5624e-06 6.5474e-06 4.6447e-06 3.0065e-06 1.7398e-06 8.7749e-07 3.7368e-07 1.2914e-07 3.4454e-08 6.6644e-09 8.6292e-10 6.7570e-11 2.8095e-12 5.2460e-14 3.5413e-16 6.5137e-19 2.2528e-22 8.9734e-27 2.1435e-32 1.2787e-39 5.8187e-49 3.9944e-61 4.4170e-77 3.4709e-98 2.3676e-126 2.5855e-164 4.9415e-216 2.4762e-287 0.0000e+00 0.0000e+00 0.0000e+00 0.0000e+00 0.0000e+00 0.0000e+00 0.0000e+00 0.0000e+00 0.0000e+00 0.0000e+00 0.0000e+00 0.0000e+00 0.0000e+00 0.0000e+00 0.0000e+00 0.0000e+00 0.0000e+00 0.0000e+00 0.0000e+00 0.0000e+00 0.0000e+00
