1.0398e-04 -3.4918e-05 -4.2237e-05 -4.7929e-05 -5.2400e-05 -5.5852e-05 -5.8407e-05 -6.0153e-05 -6.1160e-05 -6.1493e-05 -6.1212e-05 -6.0378e-05 -5.9055e-05 -5.7303e-05 -5.5186e-05 -5.2766e-05 -5.0103e-05 -4.7257e-05 -4.4283e-05 -4.1233e-05 -3.8154e-05 -3.5091e-05 -3.2080e-05 -2.9154e-05 -2.6340e-05 -2.3662e-05 -2.1134e-05 -1.8770e-05 -1.6577e-05 -1.4559e-05 -1.2716e-05 -1.1045e-05 -9.5418e-06 -8.1984e-06 -7.0061e-06 -5.9551e-06 -5.0347e-06 -4.2338e-06 -3.5415e-06 -2.9467e-06 -2.4388e-06 -2.0079e-06 -1.6445e-06 -1.3397e-06 -1.0858e-06 -8.7539e-07 -7.0209e-07 -5.6018e-07 -4.4463e-07 -3.5110e-07 -2.7581e-07 -2.1554e-07 -1.6758e-07 -1.2962e-07 -9.9746e-08 -7.6362e-08 -5.8161e-08 -4.4071e-08 -3.3224e-08 -2.4919e-08 -1.8594e-08 -1.3804e-08 -1.0196e-08 -7.4924e-09 -5.4778e-09 -3.9845e-09 -2.8836e-09 -2.0763e-09 -1.4874e-09 -1.0601e-09 -7.5176e-10 -5.3040e-10 -3.7232e-10 -2.6003e-10 -1.8069e-10 -1.2493e-10 -8.5935e-11 -5.8814e-11 -4.0049e-11 -2.7134e-11 -1.8291e-11 -1.2268e-11 -8.1865e-12 -5.4354e-12 -3.5907e-12 -2.3601e-12 -1.5435e-12 -1.0043e-12 -6.5020e-13 -4.1883e-13 -2.6843e-13 -1.7118e-13 -1.0861e-13 -6.8565e-14 -4.3067e-14 -2.6916e-14 -1.6737e-14 -1.0356e-14 -6.3749e-15 -3.9048e-15 0.0000e+00 3.4916e-05 4.2232e-05 4.7920e-05 5.2384e-05 5.5827e-05 5.8372e-05 6.0105e-05 6.1099e-05 6.1416e-05 6.1119e-05 6.0270e-05 5.8930e-05 5.7163e-05 5.5031e-05 5.2598e-05 4.9923e-05 4.7067e-05 4.4084e-05 4.1027e-05 3.7945e-05 3.4879e-05 3.1869e-05 2.8945e-05 2.6136e-05 2.3463e-05 2.0943e-05 1.8587e-05 1.6404e-05 1.4396e-05 1.2564e-05 1.0905e-05 9.4133e-06 8.0813e-06 6.9002e-06 5.8599e-06 4.9497e-06 4.1585e-06 3.4752e-06 2.8887e-06 2.3885e-06 1.9644e-06 1.6072e-06 1.3080e-06 1.0589e-06 8.5273e-07 6.8314e-07 5.4442e-07 4.3161e-07 3.4040e-07 2.6708e-07 2.0846e-07 1.6187e-07 1.2504e-07 9.6090e-08 7.3464e-08 5.5876e-08 4.2281e-08 3.1829e-08 2.3838e-08 1.7762e-08 1.3166e-08 9.7102e-09 7.1245e-09 5.2007e-09 3.7770e-09 2.7290e-09 1.9618e-09 1.4030e-09 9.9834e-10 7.0676e-10 4.9779e-10 3.4882e-10 2.4320e-10 1.6869e-10 1.1642e-10 7.9936e-11 5.4608e-11 3.7116e-11 2.5099e-11 1.6887e-11 1.1304e-11 7.5287e-12 4.9889e-12 3.2891e-12 2.1575e-12 1.4081e-12 9.1435e-13 5.9073e-13 3.7972e-13 2.4285e-13 1.5453e-13 9.7839e-14 6.1631e-14 3.8627e-14 2.4087e-14 1.4945e-14 9.2255e-15 5.6663e-15 3.4627e-15
-3.4918e-05 4.1589e-04 -5.9306e-05 -6.7316e-05 -7.3620e-05 -7.8502e-05 -8.2134e-05 -8.4637e-05 -8.6108e-05 -8.6638e-05 -8.6309e-05 -8.5207e-05 -8.3417e-05 -8.1024e-05 -7.8115e-05 -7.4775e-05 -7.1089e-05 -6.7138e-05 -6.2998e-05 -5.8743e-05 -5.4440e-05 -5.0148e-05 -4.5920e-05 -4.1804e-05 -3.7838e-05 -3.4053e-05 -3.0474e-05 -2.7119e-05 -2.4000e-05 -2.1123e-05 -1.8490e-05 -1.6097e-05 -1.3939e-05 -1.2005e-05 -1.0284e-05 -8.7637e-06 -7.4284e-06 -6.2634e-06 -5.2534e-06 -4.3832e-06 -3.6381e-06 -3.0040e-06 -2.4675e-06 -2.0163e-06 -1.6392e-06 -1.3257e-06 -1.0666e-06 -8.5381e-07 -6.7994e-07 -5.3871e-07 -4.2464e-07 -3.3301e-07 -2.5982e-07 -2.0169e-07 -1.5577e-07 -1.1969e-07 -9.1500e-08 -6.9596e-08 -5.2668e-08 -3.9655e-08 -2.9707e-08 -2.2142e-08 -1.6420e-08 -1.2115e-08 -8.8939e-09 -6.4963e-09 -4.7211e-09 -3.4137e-09 -2.4560e-09 -1.7581e-09 -1.2521e-09 -8.8732e-10 -6.2564e-10 -4.3892e-10 -3.0637e-10 -2.1278e-10 -1.4704e-10 -1.0110e-10 -6.9167e-11 -4.7082e-11 -3.1888e-11 -2.1489e-11 -1.4409e-11 -9.6132e-12 -6.3814e-12 -4.2149e-12 -2.7700e-12 -1.8113e-12 -1.1785e-12 -7.6295e-13 -4.9145e-13 -3.1498e-13 -2.0087e-13 -1.2746e-13 -8.0469e-14 -5.0551e-14 -3.1597e-14 -1.9651e-14 -1.2161e-14 -7.4878e-15 3.4916e-05 0.0000e+00 5.9279e-05 6.7262e-05 7.3528e-05 7.8361e-05 8.1933e-05 8.4366e-05 8.5761e-05 8.6206e-05 8.5790e-05 8.4597e-05 8.2717e-05 8.0236e-05 7.7244e-05 7.3828e-05 7.0074e-05 6.6065e-05 6.1878e-05 5.7588e-05 5.3261e-05 4.8958e-05 4.4732e-05 4.0628e-05 3.6685e-05 3.2933e-05 2.9396e-05 2.6090e-05 2.3025e-05 2.0207e-05 1.7636e-05 1.5307e-05 1.3213e-05 1.1343e-05 9.6851e-06 8.2249e-06 6.9473e-06 5.8368e-06 4.8777e-06 4.0545e-06 3.3523e-06 2.7572e-06 2.2557e-06 1.8357e-06 1.4861e-06 1.1968e-06 9.5877e-07 7.6407e-07 6.0575e-07 4.7773e-07 3.7482e-07 2.9255e-07 2.2716e-07 1.7547e-07 1.3485e-07 1.0309e-07 7.8410e-08 5.9331e-08 4.4663e-08 3.3449e-08 2.4923e-08 1.8474e-08 1.3624e-08 9.9962e-09 7.2967e-09 5.2991e-09 3.8287e-09 2.7522e-09 1.9683e-09 1.4005e-09 9.9141e-10 6.9825e-10 4.8928e-10 3.4111e-10 2.3660e-10 1.6328e-10 1.1210e-10 7.6580e-11 5.2047e-11 3.5194e-11 2.3678e-11 1.5849e-11 1.0555e-11 6.9939e-12 4.6108e-12 3.0243e-12 1.9736e-12 1.2815e-12 8.2787e-13 5.3212e-13 3.4029e-13 2.1652e-13 1.3707e-13 8.6338e-14 5.4107e-14 3.3737e-14 2.0930e-14 1.2919e-14 7.9342e-15 4.8482e-15
-4.2237e-05 -5.9306e-05 9.3568e-04 -8.1502e-05 -8.9185e-05 -9.5164e-05 -9.9648e-05 -1.0278e-04 -1.0468e-04 -1.0544e-04 -1.0518e-04 -1.0398e-04 -1.0196e-04 -9.9196e-05 -9.5804e-05 -9.1881e-05 -8.7527e-05 -8.2837e-05 -7.7903e-05 -7.2811e-05 -6.7642e-05 -6.2469e-05 -5.7355e-05 -5.2359e-05 -4.7527e-05 -4.2900e-05 -3.8509e-05 -3.4379e-05 -3.0524e-05 -2.6956e-05 -2.3677e-05 -2.0686e-05 -1.7977e-05 -1.5541e-05 -1.3364e-05 -1.1433e-05 -9.7291e-06 -8.2366e-06 -6.9369e-06 -5.8122e-06 -4.8449e-06 -4.0178e-06 -3.3148e-06 -2.7209e-06 -2.2220e-06 -1.8054e-06 -1.4594e-06 -1.1737e-06 -9.3921e-07 -7.4774e-07 -5.9229e-07 -4.6679e-07 -3.6603e-07 -2.8557e-07 -2.2167e-07 -1.7121e-07 -1.3157e-07 -1.0060e-07 -7.6528e-08 -5.7927e-08 -4.3627e-08 -3.2692e-08 -2.4375e-08 -1.8083e-08 -1.3348e-08 -9.8032e-09 -7.1638e-09 -5.2088e-09 -3.7684e-09 -2.7127e-09 -1.9429e-09 -1.3846e-09 -9.8183e-10 -6.9272e-10 -4.8630e-10 -3.3968e-10 -2.3608e-10 -1.6326e-10 -1.1233e-10 -7.6908e-11 -5.2391e-11 -3.5511e-11 -2.3949e-11 -1.6071e-11 -1.0730e-11 -7.1287e-12 -4.7123e-12 -3.0994e-12 -2.0284e-12 -1.3208e-12 -8.5577e-13 -5.5169e-13 -3.5388e-13 -2.2586e-13 -1.4343e-13 -9.0633e-14 -5.6983e-14 -3.5647e-14 -2.2188e-14 -1.3742e-14 4.2232e-05 5.9279e-05 0.0000e+00 8.1356e-05 8.8935e-05 9.4780e-05 9.9101e-05 1.0204e-04 1.0373e-04 1.0427e-04 1.0376e-04 1.0232e-04 1.0005e-04 9.7048e-05 9.3429e-05 8.9297e-05 8.4756e-05 7.9906e-05 7.4842e-05 6.9653e-05 6.4420e-05 5.9215e-05 5.4103e-05 4.9140e-05 4.4370e-05 3.9832e-05 3.5553e-05 3.1554e-05 2.7847e-05 2.4439e-05 2.1329e-05 1.8512e-05 1.5979e-05 1.3718e-05 1.1712e-05 9.9465e-06 8.4013e-06 7.0582e-06 5.8982e-06 4.9027e-06 4.0535e-06 3.3338e-06 2.7273e-06 2.2195e-06 1.7967e-06 1.4469e-06 1.1591e-06 9.2364e-07 7.3221e-07 5.7744e-07 4.5302e-07 3.5357e-07 2.7452e-07 2.1204e-07 1.6294e-07 1.2456e-07 9.4730e-08 7.1674e-08 5.3950e-08 4.0401e-08 3.0099e-08 2.2309e-08 1.6451e-08 1.2068e-08 8.8083e-09 6.3960e-09 4.6206e-09 3.3210e-09 2.3747e-09 1.6894e-09 1.1958e-09 8.4205e-10 5.8994e-10 4.1121e-10 2.8517e-10 1.9675e-10 1.3506e-10 9.2243e-11 6.2679e-11 4.2374e-11 2.8501e-11 1.9073e-11 1.2699e-11 8.4120e-12 5.5441e-12 3.6354e-12 2.3717e-12 1.5395e-12 9.9421e-13 6.3882e-13 4.0839e-13 2.5975e-13 1.6438e-13 1.0350e-13 6.4834e-14 4.0409e-14 2.5058e-14 1.5460e-14 9.4905e-15 5.7963e-15
-4.7929e-05 -6.7316e-05 -8.1502e-05 1.6632e-03 -1.0142e-04 -1.0832e-04 -1.1355e-04 -1.1727e-04 -1.1961e-04 -1.2068e-04 -1.2060e-04 -1.1946e-04 -1.1738e-04 -1.1446e-04 -1.1082e-04 -1.0655e-04 -1.0178e-04 -9.6603e-05 -9.1124e-05 -8.5437e-05 -7.9633e-05 -7.3794e-05 -6.7995e-05 -6.2300e-05 -5.6765e-05 -5.1440e-05 -4.6361e-05 -4.1560e-05 -3.7057e-05 -3.2867e-05 -2.8997e-05 -2.5450e-05 -2.2220e-05 -1.9299e-05 -1.6676e-05 -1.4335e-05 -1.2259e-05 -1.0431e-05 -8.8298e-06 -7.4364e-06 -6.2311e-06 -5.1946e-06 -4.3086e-06 -3.5557e-06 -2.9195e-06 -2.3851e-06 -1.9387e-06 -1.5679e-06 -1.2616e-06 -1.0101e-06 -8.0461e-07 -6.3773e-07 -5.0292e-07 -3.9463e-07 -3.0809e-07 -2.3933e-07 -1.8498e-07 -1.4226e-07 -1.0885e-07 -8.2877e-08 -6.2782e-08 -4.7322e-08 -3.5490e-08 -2.6483e-08 -1.9663e-08 -1.4526e-08 -1.0678e-08 -7.8094e-09 -5.6830e-09 -4.1149e-09 -2.9645e-09 -2.1251e-09 -1.5157e-09 -1.0756e-09 -7.5953e-10 -5.3363e-10 -3.7304e-10 -2.5947e-10 -1.7957e-10 -1.2365e-10 -8.4723e-11 -5.7757e-11 -3.9177e-11 -2.6441e-11 -1.7756e-11 -1.1864e-11 -7.8871e-12 -5.2172e-12 -3.4337e-12 -2.2486e-12 -1.4652e-12 -9.4990e-13 -6.1275e-13 -3.9328e-13 -2.5116e-13 -1.5959e-13 -1.0090e-13 -6.3470e-14 -3.9726e-14 -2.4740e-14 4.7920e-05 6.7262e-05 8.1356e-05 0.0000e+00 1.0091e-04 1.0754e-04 1.1245e-04 1.1579e-04 1.1770e-04 1.1831e-04 1.1774e-04 1.1610e-04 1.1352e-04 1.1012e-04 1.0601e-04 1.0132e-04 9.6168e-05 9.0664e-05 8.4918e-05 7.9030e-05 7.3091e-05 6.7185e-05 6.1384e-05 5.5752e-05 5.0340e-05 4.5190e-05 4.0335e-05 3.5797e-05 3.1591e-05 2.7723e-05 2.4195e-05 2.0998e-05 1.8125e-05 1.5559e-05 1.3284e-05 1.1280e-05 9.5275e-06 8.0039e-06 6.6880e-06 5.5587e-06 4.5956e-06 3.7793e-06 3.0915e-06 2.5156e-06 2.0362e-06 1.6396e-06 1.3132e-06 1.0464e-06 8.2940e-07 6.5399e-07 5.1300e-07 4.0031e-07 3.1076e-07 2.3999e-07 1.8437e-07 1.4092e-07 1.0715e-07 8.1049e-08 6.0992e-08 4.5662e-08 3.4009e-08 2.5200e-08 1.8577e-08 1.3624e-08 9.9401e-09 7.2152e-09 5.2105e-09 3.7435e-09 2.6757e-09 1.9027e-09 1.3461e-09 9.4747e-10 6.6347e-10 4.6222e-10 3.2037e-10 2.2091e-10 1.5156e-10 1.0344e-10 7.0243e-11 4.7455e-11 3.1896e-11 2.1329e-11 1.4190e-11 9.3923e-12 6.1850e-12 4.0521e-12 2.6412e-12 1.7128e-12 1.1050e-12 7.0930e-13 4.5296e-13 2.8778e-13 1.8191e-13 1.1440e-13 7.1573e-14 4.4551e-14 2.7590e-14 1.6999e-14 1.0420e-14 6.3542e-15
-5.2400e-05 -7.3620e-05 -8.9185e-05 -1.0142e-04 2.5984e-03 -1.1889e-04 -1.2481e-04 -1.2911e-04 -1.3193e-04 -1.3339e-04 -1.3360e-04 -1.3267e-04 -1.3071e-04 -1.2782e-04 -1.2413e-04 -1.1973e-04 -1.1476e-04 -1.0931e-04 -1.0349e-04 -9.7410e-05 -9.1158e-05 -8.4825e-05 -7.8494e-05 -7.2238e-05 -6.6120e-05 -6.0196e-05 -5.4512e-05 -4.9105e-05 -4.4002e-05 -3.9224e-05 -3.4785e-05 -3.0688e-05 -2.6936e-05 -2.3521e-05 -2.0434e-05 -1.7662e-05 -1.5189e-05 -1.2996e-05 -1.1063e-05 -9.3700e-06 -7.8961e-06 -6.6205e-06 -5.5231e-06 -4.5843e-06 -3.7860e-06 -3.1110e-06 -2.5435e-06 -2.0691e-06 -1.6747e-06 -1.3487e-06 -1.0807e-06 -8.6156e-07 -6.8344e-07 -5.3942e-07 -4.2361e-07 -3.3100e-07 -2.5733e-07 -1.9906e-07 -1.5321e-07 -1.1732e-07 -8.9396e-08 -6.7773e-08 -5.1122e-08 -3.8369e-08 -2.8652e-08 -2.1289e-08 -1.5738e-08 -1.1576e-08 -8.4722e-09 -6.1693e-09 -4.4698e-09 -3.2222e-09 -2.3112e-09 -1.6494e-09 -1.1712e-09 -8.2742e-10 -5.8163e-10 -4.0680e-10 -2.8309e-10 -1.9601e-10 -1.3503e-10 -9.2559e-11 -6.3126e-11 -4.2836e-11 -2.8921e-11 -1.9428e-11 -1.2986e-11 -8.6359e-12 -5.7142e-12 -3.7620e-12 -2.4643e-12 -1.6061e-12 -1.0415e-12 -6.7203e-13 -4.3142e-13 -2.7557e-13 -1.7514e-13 -1.1075e-13 -6.9678e-14 -4.3619e-14 5.2384e-05 7.3528e-05 8.8935e-05 1.0091e-04 0.0000e+00 1.1756e-04 1.2292e-04 1.2657e-04 1.2866e-04 1.2933e-04 1.2871e-04 1.2692e-04 1.2409e-04 1.2037e-04 1.1588e-04 1.1076e-04 1.0512e-04 9.9104e-05 9.2822e-05 8.6384e-05 7.9890e-05 7.3433e-05 6.7091e-05 6.0933e-05 5.5016e-05 4.9386e-05 4.4078e-05 3.9117e-05 3.4519e-05 3.0291e-05 2.6433e-05 2.2940e-05 1.9799e-05 1.6994e-05 1.4508e-05 1.2318e-05 1.0403e-05 8.7382e-06 7.3005e-06 6.0668e-06 5.0148e-06 4.1232e-06 3.3722e-06 2.7434e-06 2.2201e-06 1.7872e-06 1.4311e-06 1.1400e-06 9.0332e-07 7.1205e-07 5.5834e-07 4.3553e-07 3.3797e-07 2.6089e-07 2.0035e-07 1.5305e-07 1.1632e-07 8.7940e-08 6.6140e-08 4.9487e-08 3.6835e-08 2.7276e-08 2.0093e-08 1.4725e-08 1.0735e-08 7.7859e-09 5.6178e-09 4.0324e-09 2.8795e-09 2.0456e-09 1.4457e-09 1.0164e-09 7.1090e-10 4.9466e-10 3.4241e-10 2.3579e-10 1.6154e-10 1.1009e-10 7.4640e-11 5.0343e-11 3.3779e-11 2.2548e-11 1.4973e-11 9.8907e-12 6.4997e-12 4.2491e-12 2.7634e-12 1.7877e-12 1.1505e-12 7.3659e-13 4.6911e-13 2.9720e-13 1.8730e-13 1.1742e-13 7.3227e-14 4.5426e-14 2.8031e-14 1.7206e-14 1.0506e-14 6.3807e-15
-5.5852e-05 -7.8502e-05 -9.5164e-05 -1.0832e-04 -1.1889e-04 3.7411e-03 -1.3390e-04 -1.3879e-04 -1.4215e-04 -1.4408e-04 -1.4470e-04 -1.4412e-04 -1.4243e-04 -1.3976e-04 -1.3621e-04 -1.3189e-04 -1.2691e-04 -1.2138e-04 -1.1542e-04 -1.0912e-04 -1.0259e-04 -9.5916e-05 -8.9190e-05 -8.2492e-05 -7.5891e-05 -6.9452e-05 -6.3227e-05 -5.7261e-05 -5.1591e-05 -4.6244e-05 -4.1239e-05 -3.6588e-05 -3.2296e-05 -2.8363e-05 -2.4783e-05 -2.1546e-05 -1.8636e-05 -1.6039e-05 -1.3733e-05 -1.1700e-05 -9.9177e-06 -8.3645e-06 -7.0190e-06 -5.8603e-06 -4.8683e-06 -4.0238e-06 -3.3090e-06 -2.7076e-06 -2.2043e-06 -1.7855e-06 -1.4390e-06 -1.1539e-06 -9.2061e-07 -7.3079e-07 -5.7719e-07 -4.5357e-07 -3.5464e-07 -2.7588e-07 -2.1353e-07 -1.6444e-07 -1.2600e-07 -9.6057e-08 -7.2860e-08 -5.4986e-08 -4.1288e-08 -3.0846e-08 -2.2928e-08 -1.6957e-08 -1.2477e-08 -9.1350e-09 -6.6542e-09 -4.8227e-09 -3.4776e-09 -2.4950e-09 -1.7810e-09 -1.2650e-09 -8.9389e-10 -6.2848e-10 -4.3965e-10 -3.0600e-10 -2.1191e-10 -1.4601e-10 -1.0009e-10 -6.8271e-11 -4.6332e-11 -3.1284e-11 -2.1017e-11 -1.4048e-11 -9.3431e-12 -6.1824e-12 -4.0703e-12 -2.6663e-12 -1.7378e-12 -1.1269e-12 -7.2709e-13 -4.6676e-13 -2.9813e-13 -1.8947e-13 -1.1980e-13 -7.5370e-14 5.5827e-05 7.8361e-05 9.4780e-05 1.0754e-04 1.1756e-04 0.0000e+00 1.3100e-04 1.3489e-04 1.3712e-04 1.3783e-04 1.3716e-04 1.3526e-04 1.3225e-04 1.2828e-04 1.2349e-04 1.1803e-04 1.1202e-04 1.0561e-04 9.8909e-05 9.2045e-05 8.5123e-05 7.8240e-05 7.1479e-05 6.4914e-05 5.8607e-05 5.2605e-05 4.6947e-05 4.1660e-05 3.6759e-05 3.2253e-05 2.8141e-05 2.4418e-05 2.1072e-05 1.8084e-05 1.5435e-05 1.3103e-05 1.1063e-05 9.2901e-06 7.7595e-06 6.4463e-06 5.3268e-06 4.3782e-06 3.5794e-06 2.9108e-06 2.3546e-06 1.8945e-06 1.5163e-06 1.2072e-06 9.5601e-07 7.5311e-07 5.9015e-07 4.6002e-07 3.5670e-07 2.7513e-07 2.1110e-07 1.6112e-07 1.2233e-07 9.2386e-08 6.9408e-08 5.1871e-08 3.8562e-08 2.8517e-08 2.0977e-08 1.5350e-08 1.1173e-08 8.0904e-09 5.8272e-09 4.1749e-09 2.9754e-09 2.1093e-09 1.4874e-09 1.0433e-09 7.2791e-10 5.0517e-10 3.4872e-10 2.3944e-10 1.6353e-10 1.1109e-10 7.5059e-11 5.0442e-11 3.3716e-11 2.2415e-11 1.4821e-11 9.7462e-12 6.3742e-12 4.1461e-12 2.6820e-12 1.7253e-12 1.1037e-12 7.0217e-13 4.4420e-13 2.7943e-13 1.7478e-13 1.0870e-13 6.7218e-14 4.1325e-14 2.5258e-14 1.5348e-14 9.2701e-15 5.5658e-15
-5.8407e-05 -8.2134e-05 -9.9648e-05 -1.1355e-04 -1.2481e-04 -1.3390e-04 5.0910e-03 -1.4660e-04 -1.5054e-04 -1.5303e-04 -1.5417e-04 -1.5407e-04 -1.5283e-04 -1.5054e-04 -1.4732e-04 -1.4326e-04 -1.3846e-04 -1.3305e-04 -1.2712e-04 -1.2078e-04 -1.1412e-04 -1.0726e-04 -1.0026e-04 -9.3235e-05 -8.6246e-05 -7.9368e-05 -7.2661e-05 -6.6180e-05 -5.9969e-05 -5.4064e-05 -4.8493e-05 -4.3276e-05 -3.8424e-05 -3.3943e-05 -2.9833e-05 -2.6089e-05 -2.2699e-05 -1.9649e-05 -1.6924e-05 -1.4503e-05 -1.2365e-05 -1.0490e-05 -8.8536e-06 -7.4348e-06 -6.2119e-06 -5.1638e-06 -4.2709e-06 -3.5145e-06 -2.8775e-06 -2.3439e-06 -1.8997e-06 -1.5318e-06 -1.2290e-06 -9.8097e-07 -7.7906e-07 -6.1557e-07 -4.8393e-07 -3.7851e-07 -2.9456e-07 -2.2806e-07 -1.7568e-07 -1.3465e-07 -1.0268e-07 -7.7899e-08 -5.8801e-08 -4.4160e-08 -3.2997e-08 -2.4531e-08 -1.8145e-08 -1.3353e-08 -9.7769e-09 -7.1223e-09 -5.1622e-09 -3.7226e-09 -2.6709e-09 -1.9066e-09 -1.3542e-09 -9.5692e-10 -6.7279e-10 -4.7063e-10 -3.2755e-10 -2.2682e-10 -1.5627e-10 -1.0712e-10 -7.3059e-11 -4.9576e-11 -3.3471e-11 -2.2484e-11 -1.5027e-11 -9.9930e-12 -6.6116e-12 -4.3523e-12 -2.8506e-12 -1.8577e-12 -1.2045e-12 -7.7701e-13 -4.9873e-13 -3.1850e-13 -2.0238e-13 -1.2794e-13 5.8372e-05 8.1933e-05 9.9101e-05 1.1245e-04 1.2292e-04 1.3100e-04 0.0000e+00 1.4104e-04 1.4337e-04 1.4411e-04 1.4341e-04 1.4142e-04 1.3827e-04 1.3412e-04 1.2911e-04 1.2339e-04 1.1711e-04 1.1040e-04 1.0339e-04 9.6213e-05 8.8972e-05 8.1771e-05 7.4698e-05 6.7832e-05 6.1234e-05 5.4956e-05 4.9039e-05 4.3508e-05 3.8383e-05 3.3671e-05 2.9373e-05 2.5481e-05 2.1982e-05 1.8860e-05 1.6092e-05 1.3656e-05 1.1525e-05 9.6740e-06 8.0764e-06 6.7062e-06 5.5385e-06 4.5495e-06 3.7170e-06 3.0206e-06 2.4415e-06 1.9628e-06 1.5696e-06 1.2484e-06 9.8766e-07 7.7719e-07 6.0830e-07 4.7357e-07 3.6670e-07 2.8243e-07 2.1637e-07 1.6486e-07 1.2495e-07 9.4186e-08 7.0616e-08 5.2659e-08 3.9057e-08 2.8811e-08 2.1138e-08 1.5424e-08 1.1193e-08 8.0789e-09 5.7989e-09 4.1395e-09 2.9387e-09 2.0746e-09 1.4564e-09 1.0168e-09 7.0582e-10 4.8720e-10 3.3439e-10 2.2819e-10 1.5482e-10 1.0443e-10 7.0030e-11 4.6683e-11 3.0934e-11 2.0375e-11 1.3338e-11 8.6772e-12 5.6097e-12 3.6035e-12 2.2998e-12 1.4581e-12 9.1816e-13 5.7419e-13 3.5653e-13 2.1976e-13 1.3444e-13 8.1595e-14 4.9119e-14 2.9316e-14 1.7339e-14 1.0156e-14 5.8873e-15 3.3746e-15
-6.0153e-05 -8.4637e-05 -1.0278e-04 -1.1727e-04 -1.2911e-04 -1.3879e-04 -1.4660e-04 6.6480e-03 -1.5729e-04 -1.6042e-04 -1.6219e-04 -1.6271e-04 -1.6205e-04 -1.6031e-04 -1.5759e-04 -1.5396e-04 -1.4954e-04 -1.4442e-04 -1.3869e-04 -1.3247e-04 -1.2585e-04 -1.1893e-04 -1.1180e-04 -1.0455e-04 -9.7272e-05 -9.0032e-05 -8.2904e-05 -7.5951e-05 -6.9227e-05 -6.2778e-05 -5.6640e-05 -5.0843e-05 -4.5409e-05 -4.0349e-05 -3.5671e-05 -3.1376e-05 -2.7458e-05 -2.3908e-05 -2.0710e-05 -1.7850e-05 -1.5306e-05 -1.3058e-05 -1.1084e-05 -9.3600e-06 -7.8642e-06 -6.5738e-06 -5.4672e-06 -4.5237e-06 -3.7240e-06 -3.0500e-06 -2.4854e-06 -2.0149e-06 -1.6252e-06 -1.3042e-06 -1.0412e-06 -8.2709e-07 -6.5363e-07 -5.1393e-07 -4.0202e-07 -3.1289e-07 -2.4227e-07 -1.8664e-07 -1.4306e-07 -1.0909e-07 -8.2765e-08 -6.2474e-08 -4.6918e-08 -3.5057e-08 -2.6061e-08 -1.9275e-08 -1.4184e-08 -1.0384e-08 -7.5642e-09 -5.4819e-09 -3.9527e-09 -2.8357e-09 -2.0240e-09 -1.4373e-09 -1.0155e-09 -7.1388e-10 -4.9929e-10 -3.4744e-10 -2.4055e-10 -1.6570e-10 -1.1357e-10 -7.7442e-11 -5.2541e-11 -3.5466e-11 -2.3820e-11 -1.5917e-11 -1.0582e-11 -7.0001e-12 -4.6072e-12 -3.0169e-12 -1.9656e-12 -1.2742e-12 -8.2183e-13 -5.2739e-13 -3.3673e-13 -2.1391e-13 6.0105e-05 8.4366e-05 1.0204e-04 1.1579e-04 1.2657e-04 1.3489e-04 1.4104e-04 0.0000e+00 1.4762e-04 1.4839e-04 1.4766e-04 1.4561e-04 1.4236e-04 1.3808e-04 1.3292e-04 1.2703e-04 1.2056e-04 1.1364e-04 1.0642e-04 9.9025e-05 9.1563e-05 8.4143e-05 7.6855e-05 6.9779e-05 6.2981e-05 5.6514e-05 5.0417e-05 4.4720e-05 3.9441e-05 3.4588e-05 3.0162e-05 2.6155e-05 2.2555e-05 1.9342e-05 1.6495e-05 1.3989e-05 1.1799e-05 9.8973e-06 8.2566e-06 6.8502e-06 5.6523e-06 4.6385e-06 3.7857e-06 3.0728e-06 2.4806e-06 1.9916e-06 1.5903e-06 1.2629e-06 9.9737e-07 7.8337e-07 6.1192e-07 4.7535e-07 3.6723e-07 2.8213e-07 2.1555e-07 1.6377e-07 1.2373e-07 9.2951e-08 6.9437e-08 5.1577e-08 3.8093e-08 2.7972e-08 2.0422e-08 1.4823e-08 1.0696e-08 7.6725e-09 5.4708e-09 3.8773e-09 2.7312e-09 1.9120e-09 1.3301e-09 9.1939e-10 6.3140e-10 4.3075e-10 2.9189e-10 1.9643e-10 1.3125e-10 8.7061e-11 5.7314e-11 3.7437e-11 2.4254e-11 1.5579e-11 9.9166e-12 6.2519e-12 3.9009e-12 2.4068e-12 1.4668e-12 8.8164e-13 5.2165e-13 3.0302e-13 1.7216e-13 9.5136e-14 5.0675e-14 2.5619e-14 1.1923e-14 4.7381e-15 1.1893e-15 -3.9599e-16 -9.6905e-16 -1.0559e-15
-6.1160e-05 -8.6108e-05 -1.0468e-04 -1.1961e-04 -1.3193e-04 -1.4215e-04 -1.5054e-04 -1.5729e-04 8.4117e-03 -1.6637e-04 -1.6887e-04 -1.7011e-04 -1.7018e-04 -1.6914e-04 -1.6707e-04 -1.6405e-04 -1.6017e-04 -1.5551e-04 -1.5017e-04 -1.4423e-04 -1.3780e-04 -1.3097e-04 -1.2383e-04 -1.1648e-04 -1.0900e-04 -1.0148e-04 -9.3993e-05 -8.6617e-05 -7.9413e-05 -7.2438e-05 -6.5739e-05 -5.9356e-05 -5.3319e-05 -4.7653e-05 -4.2371e-05 -3.7482e-05 -3.2989e-05 -2.8885e-05 -2.5163e-05 -2.1809e-05 -1.8805e-05 -1.6132e-05 -1.3768e-05 -1.1690e-05 -9.8751e-06 -8.2993e-06 -6.9392e-06 -5.7723e-06 -4.7771e-06 -3.9332e-06 -3.2218e-06 -2.6256e-06 -2.1288e-06 -1.7171e-06 -1.3780e-06 -1.1002e-06 -8.7390e-07 -6.9061e-07 -5.4298e-07 -4.2473e-07 -3.3053e-07 -2.5592e-07 -1.9713e-07 -1.5108e-07 -1.1519e-07 -8.7385e-08 -6.5952e-08 -4.9522e-08 -3.6997e-08 -2.7498e-08 -2.0335e-08 -1.4961e-08 -1.0951e-08 -7.9755e-09 -5.7789e-09 -4.1660e-09 -2.9881e-09 -2.1323e-09 -1.5139e-09 -1.0694e-09 -7.5161e-10 -5.2557e-10 -3.6565e-10 -2.5310e-10 -1.7431e-10 -1.1944e-10 -8.1426e-11 -5.5231e-11 -3.7274e-11 -2.5028e-11 -1.6720e-11 -1.1114e-11 -7.3502e-12 -4.8365e-12 -3.1664e-12 -2.0625e-12 -1.3367e-12 -8.6195e-13 -5.5301e-13 -3.5301e-13 6.1099e-05 8.5761e-05 1.0373e-04 1.1770e-04 1.2866e-04 1.3712e-04 1.4337e-04 1.4762e-04 0.0000e+00 1.5083e-04 1.5010e-04 1.4800e-04 1.4470e-04 1.4034e-04 1.3509e-04 1.2910e-04 1.2251e-04 1.1547e-04 1.0812e-04 1.0059e-04 9.3001e-05 8.5449e-05 7.8033e-05 7.0833e-05 6.3916e-05 5.7335e-05 5.1133e-05 4.5338e-05 3.9969e-05 3.5035e-05 3.0536e-05 2.6464e-05 2.2806e-05 1.9543e-05 1.6653e-05 1.4111e-05 1.1891e-05 9.9636e-06 8.3022e-06 6.8793e-06 5.6684e-06 4.6445e-06 3.7843e-06 3.0662e-06 2.4703e-06 1.9790e-06 1.5765e-06 1.2487e-06 9.8346e-07 7.7010e-07 5.9956e-07 4.6409e-07 3.5713e-07 2.7321e-07 2.0777e-07 1.5706e-07 1.1801e-07 8.8128e-08 6.5406e-08 4.8239e-08 3.5351e-08 2.5739e-08 1.8618e-08 1.3376e-08 9.5440e-09 6.7618e-09 4.7559e-09 3.3200e-09 2.2997e-09 1.5800e-09 1.0764e-09 7.2674e-10 4.8602e-10 3.2173e-10 2.1063e-10 1.3623e-10 8.6925e-11 5.4617e-11 3.3707e-11 2.0360e-11 1.1973e-11 6.7980e-12 3.6744e-12 1.8397e-12 8.0002e-13 2.3982e-13 -3.9088e-14 -1.5895e-13 -1.9340e-13 -1.8561e-13 -1.5990e-13 -1.2928e-13 -1.0016e-13 -7.5204e-14 -5.5103e-14 -3.9578e-14 -2.7952e-14 -1.9456e-14 -1.3367e-14 -9.0777e-15
-6.1493e-05 -8.6638e-05 -1.0544e-04 -1.2068e-04 -1.3339e-04 -1.4408e-04 -1.5303e-04 -1.6042e-04 -1.6637e-04 1.0382e-02 -1.7427e-04 -1.7635e-04 -1.7726e-04 -1.7705e-04 -1.7579e-04 -1.7354e-04 -1.7035e-04 -1.6632e-04 -1.6152e-04 -1.5602e-04 -1.4993e-04 -1.4333e-04 -1.3631e-04 -1.2897e-04 -1.2140e-04 -1.1369e-04 -1.0593e-04 -9.8185e-05 -9.0544e-05 -8.3071e-05 -7.5823e-05 -6.8854e-05 -6.2204e-05 -5.5908e-05 -4.9991e-05 -4.4470e-05 -3.9356e-05 -3.4650e-05 -3.0350e-05 -2.6447e-05 -2.2928e-05 -1.9774e-05 -1.6966e-05 -1.4482e-05 -1.2298e-05 -1.0390e-05 -8.7323e-06 -7.3015e-06 -6.0738e-06 -5.0265e-06 -4.1384e-06 -3.3897e-06 -2.7623e-06 -2.2394e-06 -1.8061e-06 -1.4493e-06 -1.1569e-06 -9.1885e-07 -7.2602e-07 -5.7072e-07 -4.4635e-07 -3.4730e-07 -2.6884e-07 -2.0705e-07 -1.5865e-07 -1.2094e-07 -9.1722e-08 -6.9210e-08 -5.1957e-08 -3.8806e-08 -2.8837e-08 -2.1319e-08 -1.5682e-08 -1.1476e-08 -8.3558e-09 -6.0530e-09 -4.3625e-09 -3.1283e-09 -2.2318e-09 -1.5842e-09 -1.1188e-09 -7.8611e-10 -5.4956e-10 -3.8224e-10 -2.6452e-10 -1.8213e-10 -1.2477e-10 -8.5040e-11 -5.7669e-11 -3.8910e-11 -2.6120e-11 -1.7446e-11 -1.1594e-11 -7.6657e-12 -5.0429e-12 -3.3008e-12 -2.1496e-12 -1.3928e-12 -8.9794e-13 -5.7597e-13 6.1416e-05 8.6206e-05 1.0427e-04 1.1831e-04 1.2933e-04 1.3783e-04 1.4411e-04 1.4839e-04 1.5083e-04 0.0000e+00 1.5086e-04 1.4875e-04 1.4543e-04 1.4104e-04 1.3576e-04 1.2972e-04 1.2309e-04 1.1600e-04 1.0860e-04 1.0102e-04 9.3377e-05 8.5774e-05 7.8308e-05 7.1059e-05 6.4096e-05 5.7473e-05 5.1231e-05 4.5401e-05 4.0001e-05 3.5039e-05 3.0516e-05 2.6424e-05 2.2750e-05 1.9475e-05 1.6576e-05 1.4027e-05 1.1803e-05 9.8744e-06 8.2136e-06 6.7927e-06 5.5853e-06 4.5658e-06 3.7106e-06 2.9980e-06 2.4079e-06 1.9225e-06 1.5258e-06 1.2036e-06 9.4366e-07 7.3529e-07 5.6936e-07 4.3807e-07 3.3489e-07 2.5434e-07 1.9187e-07 1.4376e-07 1.0696e-07 7.9005e-08 5.7926e-08 4.2145e-08 3.0419e-08 2.1773e-08 1.5447e-08 1.0858e-08 7.5563e-09 5.2023e-09 3.5397e-09 2.3773e-09 1.5732e-09 1.0235e-09 6.5259e-10 4.0588e-10 2.4450e-10 1.4097e-10 7.6129e-11 3.6716e-11 1.3714e-11 1.0608e-12 -5.2506e-12 -7.8198e-12 -8.2969e-12 -7.7011e-12 -6.6395e-12 -5.4566e-12 -4.3332e-12 -3.3518e-12 -2.5383e-12 -1.8886e-12 -1.3839e-12 -1.0006e-12 -7.1477e-13 -5.0503e-13 -3.5324e-13 -2.4475e-13 -1.6807e-13 -1.1445e-13 -7.7310e-14 -5.1819e-14 -3.4476e-14 -2.2772e-14
-6.1212e-05 -8.6309e-05 -1.0518e-04 -1.2060e-04 -1.3360e-04 -1.4470e-04 -1.5417e-04 -1.6219e-04 -1.6887e-04 -1.7427e-04 1.2558e-02 -1.8145e-04 -1.8330e-04 -1.8405e-04 -1.8373e-04 -1.8237e-04 -1.8004e-04 -1.7679e-04 -1.7268e-04 -1.6778e-04 -1.6217e-04 -1.5595e-04 -1.4918e-04 -1.4198e-04 -1.3443e-04 -1.2663e-04 -1.1866e-04 -1.1063e-04 -1.0260e-04 -9.4672e-05 -8.6901e-05 -7.9356e-05 -7.2091e-05 -6.5152e-05 -5.8576e-05 -5.2391e-05 -4.6616e-05 -4.1263e-05 -3.6335e-05 -3.1830e-05 -2.7739e-05 -2.4049e-05 -2.0741e-05 -1.7796e-05 -1.5190e-05 -1.2898e-05 -1.0896e-05 -9.1568e-06 -7.6556e-06 -6.3674e-06 -5.2687e-06 -4.3371e-06 -3.5519e-06 -2.8938e-06 -2.3455e-06 -1.8914e-06 -1.5173e-06 -1.2110e-06 -9.6156e-07 -7.5959e-07 -5.9696e-07 -4.6676e-07 -3.6308e-07 -2.8099e-07 -2.1635e-07 -1.6573e-07 -1.2630e-07 -9.5768e-08 -7.2244e-08 -5.4220e-08 -4.0486e-08 -3.0077e-08 -2.2231e-08 -1.6348e-08 -1.1960e-08 -8.7062e-09 -6.3052e-09 -4.5431e-09 -3.2569e-09 -2.3230e-09 -1.6485e-09 -1.1639e-09 -8.1762e-10 -5.7145e-10 -3.9737e-10 -2.7493e-10 -1.8925e-10 -1.2961e-10 -8.8322e-11 -5.9880e-11 -4.0393e-11 -2.7110e-11 -1.8103e-11 -1.2027e-11 -7.9506e-12 -5.2292e-12 -3.4220e-12 -2.2280e-12 -1.4433e-12 -9.3031e-13 6.1119e-05 8.5790e-05 1.0376e-04 1.1774e-04 1.2871e-04 1.3716e-04 1.4341e-04 1.4766e-04 1.5010e-04 1.5086e-04 0.0000e+00 1.4801e-04 1.4469e-04 1.4032e-04 1.3505e-04 1.2903e-04 1.2241e-04 1.1534e-04 1.0797e-04 1.0041e-04 9.2780e-05 8.5197e-05 7.7751e-05 7.0523e-05 6.3580e-05 5.6977e-05 5.0756e-05 4.4945e-05 3.9566e-05 3.4625e-05 3.0123e-05 2.6052e-05 2.2400e-05 1.9146e-05 1.6268e-05 1.3742e-05 1.1538e-05 9.6308e-06 7.9903e-06 6.5893e-06 5.4008e-06 4.3995e-06 3.5616e-06 2.8652e-06 2.2903e-06 1.8189e-06 1.4350e-06 1.1246e-06 8.7525e-07 6.7643e-07 5.1900e-07 3.9525e-07 2.9870e-07 2.2392e-07 1.6646e-07 1.2265e-07 8.9531e-08 6.4701e-08 4.6253e-08 3.2675e-08 2.2780e-08 1.5646e-08 1.0562e-08 6.9851e-09 4.5035e-09 2.8096e-09 1.6750e-09 9.3231e-10 4.5981e-10 1.7045e-10 2.6284e-12 -8.6557e-11 -1.2651e-10 -1.3699e-10 -1.3098e-10 -1.1674e-10 -9.9360e-11 -8.1801e-11 -6.5639e-11 -5.1589e-11 -3.9848e-11 -3.0320e-11 -2.2767e-11 -1.6894e-11 -1.2400e-11 -9.0107e-12 -6.4867e-12 -4.6286e-12 -3.2752e-12 -2.2991e-12 -1.6015e-12 -1.1073e-12 -7.6015e-13 -5.1820e-13 -3.5086e-13 -2.3599e-13 -1.5769e-13 -1.0470e-13 -6.9084e-14 -4.5300e-14
-6.0378e-05 -8.5207e-05 -1.0398e-04 -1.1946e-04 -1.3267e-04 -1.4412e-04 -1.5407e-04 -1.6271e-04 -1.7011e-04 -1.7635e-04 -1.8145e-04 1.4940e-02 -1.8832e-04 -1.9011e-04 -1.9084e-04 -1.9051e-04 -1.8916e-04 -1.8683e-04 -1.8355e-04 -1.7940e-04 -1.7443e-04 -1.6871e-04 -1.6234e-04 -1.5541e-04 -1.4800e-04 -1.4021e-04 -1.3214e-04 -1.2389e-04 -1.1555e-04 -1.0721e-04 -9.8957e-05 -9.0861e-05 -8.2992e-05 -7.5408e-05 -6.8160e-05 -6.1287e-05 -5.4819e-05 -4.8778e-05 -4.3177e-05 -3.8019e-05 -3.3303e-05 -2.9020e-05 -2.5156e-05 -2.1693e-05 -1.8610e-05 -1.5882e-05 -1.3483e-05 -1.1388e-05 -9.5682e-06 -7.9977e-06 -6.6504e-06 -5.5015e-06 -4.5276e-06 -3.7069e-06 -3.0193e-06 -2.4466e-06 -1.9723e-06 -1.5818e-06 -1.2621e-06 -1.0019e-06 -7.9120e-07 -6.2164e-07 -4.8591e-07 -3.7787e-07 -2.9236e-07 -2.2504e-07 -1.7234e-07 -1.3130e-07 -9.9530e-08 -7.5061e-08 -5.6319e-08 -4.2042e-08 -3.1225e-08 -2.3073e-08 -1.6962e-08 -1.2407e-08 -9.0288e-09 -6.5371e-09 -4.7091e-09 -3.3750e-09 -2.4067e-09 -1.7074e-09 -1.2052e-09 -8.4644e-10 -5.9145e-10 -4.1118e-10 -2.8441e-10 -1.9573e-10 -1.3402e-10 -9.1307e-11 -6.1891e-11 -4.1739e-11 -2.8007e-11 -1.8698e-11 -1.2420e-11 -8.2087e-12 -5.3978e-12 -3.5316e-12 -2.2989e-12 -1.4890e-12 6.0270e-05 8.4597e-05 1.0232e-04 1.1610e-04 1.2692e-04 1.3526e-04 1.4142e-04 1.4561e-04 1.4800e-04 1.4875e-04 1.4801e-04 0.0000e+00 1.4264e-04 1.3831e-04 1.3310e-04 1.2715e-04 1.2060e-04 1.1362e-04 1.0632e-04 9.8841e-05 9.1300e-05 8.3800e-05 7.6437e-05 6.9289e-05 6.2424e-05 5.5897e-05 4.9749e-05 4.4009e-05 3.8696e-05 3.3819e-05 2.9378e-05 2.5365e-05 2.1768e-05 1.8566e-05 1.5738e-05 1.3258e-05 1.1099e-05 9.2332e-06 7.6318e-06 6.2671e-06 5.1126e-06 4.1428e-06 3.3339e-06 2.6642e-06 2.1136e-06 1.6644e-06 1.3006e-06 1.0082e-06 7.7506e-07 5.9059e-07 4.4585e-07 3.3324e-07 2.4640e-07 1.8006e-07 1.2988e-07 9.2307e-08 6.4496e-08 4.4160e-08 2.9492e-08 1.9073e-08 1.1804e-08 6.8374e-09 3.5320e-09 1.4051e-09 9.9135e-11 -6.4762e-10 -1.0237e-09 -1.1628e-09 -1.1577e-09 -1.0715e-09 -9.4573e-10 -8.0675e-10 -6.7044e-10 -5.4555e-10 -4.3618e-10 -3.4350e-10 -2.6692e-10 -2.0494e-10 -1.5565e-10 -1.1702e-10 -8.7162e-11 -6.4347e-11 -4.7106e-11 -3.4210e-11 -2.4654e-11 -1.7635e-11 -1.2525e-11 -8.8333e-12 -6.1876e-12 -4.3056e-12 -2.9766e-12 -2.0447e-12 -1.3957e-12 -9.4689e-13 -6.3848e-13 -4.2794e-13 -2.8512e-13 -1.8885e-13 -1.2436e-13 -8.1421e-14
-5.9055e-05 -8.3417e-05 -1.0196e-04 -1.1738e-04 -1.3071e-04 -1.4243e-04 -1.5283e-04 -1.6205e-04 -1.7018e-04 -1.7726e-04 -1.8330e-04 -1.8832e-04 1.7527e-02 -1.9521e-04 -1.9708e-04 -1.9788e-04 -1.9763e-04 -1.9634e-04 -1.9403e-04 -1.9075e-04 -1.8656e-04 -1.8150e-04 -1.7566e-04 -1.6912e-04 -1.6198e-04 -1.5432e-04 -1.4626e-04 -1.3789e-04 -1.2932e-04 -1.2064e-04 -1.1195e-04 -1.0334e-04 -9.4897e-05 -8.6681e-05 -7.8760e-05 -7.1186e-05 -6.4003e-05 -5.7243e-05 -5.0928e-05 -4.5072e-05 -3.9680e-05 -3.4751e-05 -3.0275e-05 -2.6238e-05 -2.2621e-05 -1.9400e-05 -1.6552e-05 -1.4048e-05 -1.1862e-05 -9.9634e-06 -8.3255e-06 -6.9209e-06 -5.7235e-06 -4.7089e-06 -3.8541e-06 -3.1383e-06 -2.5422e-06 -2.0488e-06 -1.6426e-06 -1.3103e-06 -1.0398e-06 -8.2088e-07 -6.4476e-07 -5.0384e-07 -3.9170e-07 -3.0297e-07 -2.3314e-07 -1.7849e-07 -1.3595e-07 -1.0302e-07 -7.7675e-08 -5.8265e-08 -4.3483e-08 -3.2286e-08 -2.3851e-08 -1.7530e-08 -1.2819e-08 -9.3260e-09 -6.7506e-09 -4.8617e-09 -3.4836e-09 -2.4834e-09 -1.7615e-09 -1.2431e-09 -8.7283e-10 -6.0975e-10 -4.2381e-10 -2.9309e-10 -2.0166e-10 -1.3805e-10 -9.4030e-11 -6.3723e-11 -4.2966e-11 -2.8825e-11 -1.9240e-11 -1.2778e-11 -8.4432e-12 -5.5509e-12 -3.6310e-12 -2.3632e-12 5.8930e-05 8.2717e-05 1.0005e-04 1.1352e-04 1.2409e-04 1.3225e-04 1.3827e-04 1.4236e-04 1.4470e-04 1.4543e-04 1.4469e-04 1.4264e-04 0.0000e+00 1.3517e-04 1.3005e-04 1.2421e-04 1.1779e-04 1.1093e-04 1.0377e-04 9.6430e-05 8.9028e-05 8.1667e-05 7.4439e-05 6.7425e-05 6.0689e-05 5.4286e-05 4.8256e-05 4.2629e-05 3.7424e-05 3.2648e-05 2.8303e-05 2.4381e-05 2.0868e-05 1.7746e-05 1.4993e-05 1.2583e-05 1.0489e-05 8.6829e-06 7.1375e-06 5.8248e-06 4.7182e-06 3.7925e-06 3.0240e-06 2.3911e-06 1.8741e-06 1.4553e-06 1.1188e-06 8.5095e-07 6.3964e-07 4.7456e-07 3.4692e-07 2.4933e-07 1.7559e-07 1.2061e-07 8.0226e-08 5.1057e-08 3.0407e-08 1.6140e-08 6.5832e-09 4.4429e-10 -3.2636e-09 -5.2834e-09 -6.1657e-09 -6.3118e-09 -6.0083e-09 -5.4550e-09 -4.7872e-09 -4.0931e-09 -3.4269e-09 -2.8192e-09 -2.2844e-09 -1.8266e-09 -1.4432e-09 -1.1279e-09 -8.7272e-10 -6.6893e-10 -5.0823e-10 -3.8291e-10 -2.8619e-10 -2.1227e-10 -1.5628e-10 -1.1423e-10 -8.2922e-11 -5.9786e-11 -4.2820e-11 -3.0470e-11 -2.1545e-11 -1.5138e-11 -1.0572e-11 -7.3378e-12 -5.0627e-12 -3.4723e-12 -2.3676e-12 -1.6050e-12 -1.0818e-12 -7.2496e-13 -4.8310e-13 -3.2012e-13 -2.1094e-13 -1.3823e-13
-5.7303e-05 -8.1024e-05 -9.9196e-05 -1.1446e-04 -1.2782e-04 -1.3976e-04 -1.5054e-04 -1.6031e-04 -1.6914e-04 -1.7705e-04 -1.8405e-04 -1.9011e-04 -1.9521e-04 2.0320e-02 -2.0239e-04 -2.0440e-04 -2.0534e-04 -2.0520e-04 -2.0399e-04 -2.0171e-04 -1.9842e-04 -1.9416e-04 -1.8899e-04 -1.8298e-04 -1.7624e-04 -1.6884e-04 -1.6090e-04 -1.5252e-04 -1.4381e-04 -1.3488e-04 -1.2583e-04 -1.1676e-04 -1.0778e-04 -9.8957e-05 -9.0376e-05 -8.2103e-05 -7.4194e-05 -6.6692e-05 -5.9633e-05 -5.3041e-05 -4.6929e-05 -4.1303e-05 -3.6162e-05 -3.1494e-05 -2.7286e-05 -2.3516e-05 -2.0162e-05 -1.7196e-05 -1.4590e-05 -1.2315e-05 -1.0341e-05 -8.6380e-06 -7.1783e-06 -5.9344e-06 -4.8808e-06 -3.9935e-06 -3.2507e-06 -2.6324e-06 -2.1208e-06 -1.6999e-06 -1.3555e-06 -1.0753e-06 -8.4869e-07 -6.6640e-07 -5.2059e-07 -4.0461e-07 -3.1286e-07 -2.4068e-07 -1.8421e-07 -1.4027e-07 -1.0627e-07 -8.0100e-08 -6.0068e-08 -4.4817e-08 -3.3268e-08 -2.4570e-08 -1.8054e-08 -1.3199e-08 -9.6002e-09 -6.9474e-09 -5.0023e-09 -3.5835e-09 -2.5541e-09 -1.8112e-09 -1.2779e-09 -8.9706e-10 -6.2654e-10 -4.3539e-10 -3.0103e-10 -2.0708e-10 -1.4174e-10 -9.6520e-11 -6.5398e-11 -4.4087e-11 -2.9571e-11 -1.9734e-11 -1.3104e-11 -8.6569e-12 -5.6904e-12 -3.7216e-12 5.7163e-05 8.0236e-05 9.7048e-05 1.1012e-04 1.2037e-04 1.2828e-04 1.3412e-04 1.3808e-04 1.4034e-04 1.4104e-04 1.4032e-04 1.3831e-04 1.3517e-04 0.0000e+00 1.2605e-04 1.2035e-04 1.1409e-04 1.0741e-04 1.0043e-04 9.3273e-05 8.6057e-05 7.8882e-05 7.1837e-05 6.5000e-05 5.8436e-05 5.2198e-05 4.6325e-05 4.0848e-05 3.5785e-05 3.1143e-05 2.6924e-05 2.3120e-05 1.9717e-05 1.6699e-05 1.4041e-05 1.1721e-05 9.7101e-06 7.9817e-06 6.5079e-06 5.2613e-06 4.2156e-06 3.3457e-06 2.6285e-06 2.0423e-06 1.5678e-06 1.1874e-06 8.8560e-07 6.4880e-07 4.6524e-07 3.2481e-07 2.1897e-07 1.4053e-07 8.3548e-08 4.3136e-08 1.5343e-08 -2.9986e-09 -1.4394e-08 -2.0796e-08 -2.3708e-08 -2.4266e-08 -2.3314e-08 -2.1466e-08 -1.9156e-08 -1.6684e-08 -1.4246e-08 -1.1961e-08 -9.8989e-09 -8.0873e-09 -6.5311e-09 -5.2187e-09 -4.1293e-09 -3.2374e-09 -2.5162e-09 -1.9396e-09 -1.4834e-09 -1.1260e-09 -8.4842e-10 -6.3477e-10 -4.7167e-10 -3.4812e-10 -2.5525e-10 -1.8596e-10 -1.3462e-10 -9.6854e-11 -6.9256e-11 -4.9223e-11 -3.4777e-11 -2.4426e-11 -1.7056e-11 -1.1841e-11 -8.1739e-12 -5.6103e-12 -3.8291e-12 -2.5988e-12 -1.7540e-12 -1.1773e-12 -7.8588e-13 -5.2173e-13 -3.4448e-13 -2.2622e-13
-5.5186e-05 -7.8115e-05 -9.5804e-05 -1.1082e-04 -1.2413e-04 -1.3621e-04 -1.4732e-04 -1.5759e-04 -1.6707e-04 -1.7579e-04 -1.8373e-04 -1.9084e-04 -1.9708e-04 -2.0239e-04 2.3317e-02 -2.1000e-04 -2.1221e-04 -2.1331e-04 -2.1328e-04 -2.1213e-04 -2.0986e-04 -2.0652e-04 -2.0216e-04 -1.9683e-04 -1.9061e-04 -1.8361e-04 -1.7592e-04 -1.6765e-04 -1.5891e-04 -1.4982e-04 -1.4050e-04 -1.3105e-04 -1.2159e-04 -1.1220e-04 -1.0299e-04 -9.4037e-05 -8.5404e-05 -7.7152e-05 -6.9329e-05 -6.1970e-05 -5.5100e-05 -4.8734e-05 -4.2877e-05 -3.7525e-05 -3.2670e-05 -2.8294e-05 -2.4377e-05 -2.0892e-05 -1.7812e-05 -1.5108e-05 -1.2747e-05 -1.0700e-05 -8.9347e-06 -7.4223e-06 -6.1340e-06 -5.0432e-06 -4.1250e-06 -3.3567e-06 -2.7174e-06 -2.1886e-06 -1.7536e-06 -1.3979e-06 -1.1086e-06 -8.7472e-07 -6.8664e-07 -5.3625e-07 -4.1666e-07 -3.2208e-07 -2.4771e-07 -1.8954e-07 -1.4429e-07 -1.0929e-07 -8.2353e-08 -6.1742e-08 -4.6054e-08 -3.4178e-08 -2.5236e-08 -1.8539e-08 -1.3550e-08 -9.8535e-09 -7.1292e-09 -5.1320e-09 -3.6756e-09 -2.6192e-09 -1.8570e-09 -1.3099e-09 -9.1935e-10 -6.4198e-10 -4.4603e-10 -3.0833e-10 -2.1206e-10 -1.4512e-10 -9.8804e-11 -6.6932e-11 -4.5113e-11 -3.0254e-11 -2.0187e-11 -1.3402e-11 -8.8523e-12 -5.8179e-12 5.5031e-05 7.7244e-05 9.3429e-05 1.0601e-04 1.1588e-04 1.2349e-04 1.2911e-04 1.3292e-04 1.3509e-04 1.3576e-04 1.3505e-04 1.3310e-04 1.3005e-04 1.2605e-04 0.0000e+00 1.1570e-04 1.0964e-04 1.0317e-04 9.6406e-05 8.9475e-05 8.2484e-05 7.5533e-05 6.8708e-05 6.2085e-05 5.5729e-05 4.9689e-05 4.4007e-05 3.8710e-05 3.3816e-05 2.9335e-05 2.5266e-05 2.1603e-05 1.8332e-05 1.5437e-05 1.2894e-05 1.0680e-05 8.7689e-06 7.1326e-06 5.7440e-06 4.5762e-06 3.6032e-06 2.8002e-06 2.1443e-06 1.6142e-06 1.1908e-06 8.5672e-07 5.9682e-07 3.9774e-07 2.4796e-07 1.3764e-07 5.8505e-08 3.6282e-09 -3.2680e-08 -5.5044e-08 -6.7172e-08 -7.1994e-08 -7.1786e-08 -6.8289e-08 -6.2803e-08 -5.6278e-08 -4.9388e-08 -4.2591e-08 -3.6180e-08 -3.0330e-08 -2.5125e-08 -2.0589e-08 -1.6704e-08 -1.3426e-08 -1.0697e-08 -8.4516e-09 -6.6248e-09 -5.1534e-09 -3.9794e-09 -3.0510e-09 -2.3231e-09 -1.7569e-09 -1.3200e-09 -9.8539e-10 -7.3094e-10 -5.3882e-10 -3.9477e-10 -2.8749e-10 -2.0812e-10 -1.4977e-10 -1.0715e-10 -7.6222e-11 -5.3909e-11 -3.7912e-11 -2.6512e-11 -1.8437e-11 -1.2750e-11 -8.7686e-12 -5.9974e-12 -4.0796e-12 -2.7600e-12 -1.8572e-12 -1.2430e-12 -8.2742e-13 -5.4786e-13 -3.6082e-13
-5.2766e-05 -7.4775e-05 -9.1881e-05 -1.0655e-04 -1.1973e-04 -1.3189e-04 -1.4326e-04 -1.5396e-04 -1.6405e-04 -1.7354e-04 -1.8237e-04 -1.9051e-04 -1.9788e-04 -2.0440e-04 -2.1000e-04 2.6518e-02 -2.1813e-04 -2.2053e-04 -2.2178e-04 -2.2185e-04 -2.2072e-04 -2.1843e-04 -2.1499e-04 -2.1047e-04 -2.0493e-04 -1.9846e-04 -1.9115e-04 -1.8312e-04 -1.7448e-04 -1.6535e-04 -1.5586e-04 -1.4612e-04 -1.3625e-04 -1.2637e-04 -1.1658e-04 -1.0697e-04 -9.7631e-05 -8.8634e-05 -8.0039e-05 -7.1895e-05 -6.4238e-05 -5.7094e-05 -5.0477e-05 -4.4392e-05 -3.8837e-05 -3.3798e-05 -2.9260e-05 -2.5199e-05 -2.1589e-05 -1.8399e-05 -1.5600e-05 -1.3158e-05 -1.1040e-05 -9.2158e-06 -7.6531e-06 -6.3226e-06 -5.1966e-06 -4.2491e-06 -3.4565e-06 -2.7973e-06 -2.2522e-06 -1.8040e-06 -1.4377e-06 -1.1398e-06 -8.9909e-07 -7.0557e-07 -5.5088e-07 -4.2791e-07 -3.3069e-07 -2.5426e-07 -1.9450e-07 -1.4803e-07 -1.1209e-07 -8.4447e-08 -6.3297e-08 -4.7203e-08 -3.5022e-08 -2.5853e-08 -1.8988e-08 -1.3875e-08 -1.0088e-08 -7.2973e-09 -5.2519e-09 -3.7607e-09 -2.6793e-09 -1.8992e-09 -1.3395e-09 -9.3991e-10 -6.5621e-10 -4.5583e-10 -3.1505e-10 -2.1664e-10 -1.4822e-10 -1.0090e-10 -6.8343e-11 -4.6056e-11 -3.0881e-11 -2.0602e-11 -1.3675e-11 -9.0314e-12 5.2598e-05 7.3828e-05 8.9297e-05 1.0132e-04 1.1076e-04 1.1803e-04 1.2339e-04 1.2703e-04 1.2910e-04 1.2972e-04 1.2903e-04 1.2715e-04 1.2421e-04 1.2035e-04 1.1570e-04 0.0000e+00 1.0456e-04 9.8326e-05 9.1814e-05 8.5138e-05 7.8405e-05 7.1708e-05 6.5134e-05 5.8755e-05 5.2634e-05 4.6820e-05 4.1352e-05 3.6259e-05 3.1558e-05 2.7257e-05 2.3359e-05 1.9855e-05 1.6733e-05 1.3977e-05 1.1564e-05 9.4707e-06 7.6716e-06 6.1398e-06 4.8482e-06 3.7702e-06 2.8803e-06 2.1541e-06 1.5688e-06 1.1035e-06 7.3937e-07 4.5934e-07 2.4847e-07 9.3702e-08 -1.6210e-08 -9.0822e-08 -1.3815e-07 -1.6483e-07 -1.7628e-07 -1.7684e-07 -1.6996e-07 -1.5829e-07 -1.4387e-07 -1.2819e-07 -1.1232e-07 -9.6992e-08 -8.2689e-08 -6.9684e-08 -5.8105e-08 -4.7979e-08 -3.9255e-08 -3.1842e-08 -2.5617e-08 -2.0448e-08 -1.6200e-08 -1.2741e-08 -9.9498e-09 -7.7173e-09 -5.9458e-09 -4.5510e-09 -3.4612e-09 -2.6159e-09 -1.9648e-09 -1.4668e-09 -1.0885e-09 -8.0296e-10 -5.8886e-10 -4.2935e-10 -3.1125e-10 -2.2435e-10 -1.6081e-10 -1.1461e-10 -8.1234e-11 -5.7258e-11 -4.0137e-11 -2.7982e-11 -1.9402e-11 -1.3380e-11 -9.1775e-12 -6.2612e-12 -4.2488e-12 -2.8678e-12 -1.9254e-12 -1.2859e-12 -8.5425e-13 -5.6452e-13
-5.0103e-05 -7.1089e-05 -8.7527e-05 -1.0178e-04 -1.1476e-04 -1.2691e-04 -1.3846e-04 -1.4954e-04 -1.6017e-04 -1.7035e-04 -1.8004e-04 -1.8916e-04 -1.9763e-04 -2.0534e-04 -2.1221e-04 -2.1813e-04 2.9923e-02 -2.2677e-04 -2.2936e-04 -2.3072e-04 -2.3083e-04 -2.2969e-04 -2.2731e-04 -2.2372e-04 -2.1900e-04 -2.1320e-04 -2.0643e-04 -1.9878e-04 -1.9037e-04 -1.8133e-04 -1.7178e-04 -1.6186e-04 -1.5168e-04 -1.4138e-04 -1.3107e-04 -1.2086e-04 -1.1086e-04 -1.0113e-04 -9.1774e-05 -8.2838e-05 -7.4376e-05 -6.6427e-05 -5.9014e-05 -5.2152e-05 -4.5847e-05 -4.0093e-05 -3.4877e-05 -3.0182e-05 -2.5983e-05 -2.2252e-05 -1.8957e-05 -1.6067e-05 -1.3547e-05 -1.1363e-05 -9.4817e-06 -7.8712e-06 -6.5007e-06 -5.3411e-06 -4.3659e-06 -3.5504e-06 -2.8724e-06 -2.3120e-06 -1.8514e-06 -1.4750e-06 -1.1691e-06 -9.2191e-07 -7.2328e-07 -5.6456e-07 -4.3842e-07 -3.3873e-07 -2.6038e-07 -1.9913e-07 -1.5152e-07 -1.1471e-07 -8.6396e-08 -6.4743e-08 -4.8271e-08 -3.5807e-08 -2.6427e-08 -1.9405e-08 -1.4177e-08 -1.0305e-08 -7.4531e-09 -5.3630e-09 -3.8395e-09 -2.7349e-09 -1.9383e-09 -1.3668e-09 -9.5890e-10 -6.6935e-10 -4.6488e-10 -3.2124e-10 -2.2087e-10 -1.5109e-10 -1.0284e-10 -6.9642e-11 -4.6924e-11 -3.1458e-11 -2.0984e-11 -1.3926e-11 4.9923e-05 7.0074e-05 8.4756e-05 9.6168e-05 1.0512e-04 1.1202e-04 1.1711e-04 1.2056e-04 1.2251e-04 1.2309e-04 1.2241e-04 1.2060e-04 1.1779e-04 1.1409e-04 1.0964e-04 1.0456e-04 0.0000e+00 9.3002e-05 8.6764e-05 8.0368e-05 7.3915e-05 6.7497e-05 6.1196e-05 5.5083e-05 4.9218e-05 4.3649e-05 3.8415e-05 3.3543e-05 2.9051e-05 2.4947e-05 2.1233e-05 1.7902e-05 1.4942e-05 1.2336e-05 1.0064e-05 8.1029e-06 6.4266e-06 5.0092e-06 3.8242e-06 2.8454e-06 2.0475e-06 1.4066e-06 9.0021e-07 5.0771e-07 2.1042e-07 -8.3443e-09 -1.6332e-07 -2.6729e-07 -3.3126e-07 -3.6451e-07 -3.7479e-07 -3.6845e-07 -3.5063e-07 -3.2538e-07 -2.9588e-07 -2.6449e-07 -2.3297e-07 -2.0256e-07 -1.7407e-07 -1.4799e-07 -1.2459e-07 -1.0393e-07 -8.5941e-08 -7.0484e-08 -5.7355e-08 -4.6319e-08 -3.7136e-08 -2.9564e-08 -2.3374e-08 -1.8358e-08 -1.4324e-08 -1.1105e-08 -8.5556e-09 -6.5508e-09 -4.9854e-09 -3.7713e-09 -2.8360e-09 -2.1202e-09 -1.5759e-09 -1.1647e-09 -8.5584e-10 -6.2536e-10 -4.5440e-10 -3.2834e-10 -2.3594e-10 -1.6862e-10 -1.1985e-10 -8.4721e-11 -5.9566e-11 -4.1655e-11 -2.8974e-11 -2.0046e-11 -1.3795e-11 -9.4435e-12 -6.4303e-12 -4.3555e-12 -2.9347e-12 -1.9670e-12 -1.3115e-12 -8.6991e-13
