2.9004e-04 -8.5173e-04 -1.0390e-03 -1.1929e-03 -1.3240e-03 -1.4375e-03 -1.5362e-03 -1.6222e-03 -1.6965e-03 -1.7603e-03 -1.8140e-03 -1.8581e-03 -1.8932e-03 -1.9195e-03 -1.9374e-03 -1.9470e-03 -1.9488e-03 -1.9430e-03 -1.9298e-03 -1.9096e-03 -1.8826e-03 -1.8493e-03 -1.8098e-03 -1.7647e-03 -1.7142e-03 -1.6589e-03 -1.5991e-03 -1.5353e-03 -1.4680e-03 -1.3977e-03 -1.3249e-03 -1.2501e-03 -1.1740e-03 -1.0969e-03 -1.0196e-03 -9.4256e-04 -8.6629e-04 -7.9134e-04 -7.1823e-04 -6.4743e-04 -5.7940e-04 -5.1453e-04 -4.5320e-04 -3.9570e-04 -3.4228e-04 -2.9312e-04 -2.4835e-04 -2.0801e-04 -1.7207e-04 -1.4046e-04 -1.1301e-04 -8.9520e-05 -6.9726e-05 -5.3322e-05 -3.9972e-05 -2.9321e-05 -2.1004e-05 -1.4661e-05 -9.9463e-06 -6.5400e-06 -4.1546e-06 -2.5408e-06 -1.4897e-06 -8.3358e-07 -4.4277e-07 -2.2191e-07 -1.0420e-07 -4.5481e-08 -1.8279e-08 -6.6915e-09 -2.2030e-09 -6.4258e-10 -1.6315e-10 -3.5304e-11 -6.3493e-12 -9.2072e-13 -1.0376e-13 -8.6884e-15 -5.1138e-16 -1.9747e-17 -4.5872e-19 -5.7422e-21 -3.3621e-23 -7.6566e-26 -5.3139e-29 -8.0969e-33 -1.7284e-37 -2.7564e-43 -1.3336e-50 -5.1802e-60 -2.1298e-72 -3.7312e-89 -1.3347e-112 -7.9381e-147 -1.3468e-199 -3.5930e-287 -0.0000e+00 -0.0000e+00 -0.0000e+00 -0.0000e+00 0.0000e+00 -8.5173e-04 -1.0389e-03 -1.1929e-03 -1.3240e-03 -1.4374e-03 -1.5361e-03 -1.6221e-03 -1.6964e-03 -1.7601e-03 -1.8137e-03 -1.8579e-03 -1.8929e-03 -1.9191e-03 -1.9369e-03 -1.9466e-03 -1.9483e-03 -1.9424e-03 -1.9291e-03 -1.9088e-03 -1.8818e-03 -1.8484e-03 -1.8089e-03 -1.7636e-03 -1.7131e-03 -1.6577e-03 -1.5979e-03 -1.5340e-03 -1.4667e-03 -1.3963e-03 -1.3235e-03 -1.2487e-03 -1.1725e-03 -1.0955e-03 -1.0182e-03 -9.4113e-04 -8.6488e-04 -7.8997e-04 -7.1689e-04 -6.4615e-04 -5.7817e-04 -5.1337e-04 -4.5211e-04 -3.9468e-04 -3.4134e-04 -2.9227e-04 -2.4758e-04 -2.0732e-04 -1.7147e-04 -1.3993e-04 -1.1256e-04 -8.9142e-05 -6.9412e-05 -5.3067e-05 -3.9769e-05 -2.9162e-05 -2.0883e-05 -1.4571e-05 -9.8810e-06 -6.4943e-06 -4.1236e-06 -2.5205e-06 -1.4771e-06 -8.2600e-07 -4.3846e-07 -2.1959e-07 -1.0304e-07 -4.4935e-08 -1.8043e-08 -6.5985e-09 -2.1700e-09 -6.3217e-10 -1.6029e-10 -3.4633e-11 -6.2184e-12 -9.0004e-13 -1.0122e-13 -8.4553e-15 -4.9631e-16 -1.9106e-17 -4.4226e-19 -5.5135e-21 -3.2128e-23 -7.2757e-26 -5.0162e-29 -7.5829e-33 -1.6032e-37 -2.5271e-43 -1.2051e-50 -4.5966e-60 -1.8464e-72 -3.1382e-89 -1.0782e-112 -6.0697e-147 -9.5339e-200 -2.2755e-287 -0.0000e+00 -0.0000e+00 -0.0000e+00 -0.0000e+00
-8.5173e-04 1.1606e-03 -1.4658e-03 -1.6831e-03 -1.8681e-03 -2.0283e-03 -2.1677e-03 -2.2892e-03 -2.3943e-03 -2.4844e-03 -2.5604e-03 -2.6231e-03 -2.6729e-03 -2.7103e-03 -2.7359e-03 -2.7500e-03 -2.7529e-03 -2.7451e-03 -2.7270e-03 -2.6989e-03 -2.6613e-03 -2.6147e-03 -2.5595e-03 -2.4963e-03 -2.4255e-03 -2.3478e-03 -2.2638e-03 -2.1742e-03 -2.0795e-03 -1.9806e-03 -1.8781e-03 -1.7727e-03 -1.6654e-03 -1.5568e-03 -1.4477e-03 -1.3389e-03 -1.2311e-03 -1.1252e-03 -1.0218e-03 -9.2158e-04 -8.2523e-04 -7.3331e-04 -6.4633e-04 -5.6472e-04 -4.8885e-04 -4.1898e-04 -3.5528e-04 -2.9783e-04 -2.4661e-04 -2.0150e-04 -1.6230e-04 -1.2871e-04 -1.0037e-04 -7.6856e-05 -5.7694e-05 -4.2383e-05 -3.0408e-05 -2.1261e-05 -1.4449e-05 -9.5193e-06 -6.0599e-06 -3.7142e-06 -2.1830e-06 -1.2247e-06 -6.5234e-07 -3.2794e-07 -1.5451e-07 -6.7681e-08 -2.7309e-08 -1.0040e-08 -3.3212e-09 -9.7379e-10 -2.4866e-10 -5.4152e-11 -9.8082e-12 -1.4335e-12 -1.6298e-13 -1.3783e-14 -8.2028e-16 -3.2076e-17 -7.5590e-19 -9.6188e-21 -5.7392e-23 -1.3358e-25 -9.5100e-29 -1.4929e-32 -3.3012e-37 -5.4908e-43 -2.7942e-50 -1.1542e-59 -5.1173e-72 -9.8486e-89 -3.9674e-112 -2.7502e-146 -5.7133e-199 -2.0131e-286 -0.0000e+00 -0.0000e+00 -0.0000e+00 -0.0000e+00 -8.5173e-04 0.0000e+00 -1.4658e-03 -1.6830e-03 -1.8679e-03 -2.0280e-03 -2.1673e-03 -2.2886e-03 -2.3936e-03 -2.4835e-03 -2.5593e-03 -2.6216e-03 -2.6711e-03 -2.7083e-03 -2.7335e-03 -2.7472e-03 -2.7498e-03 -2.7416e-03 -2.7231e-03 -2.6946e-03 -2.6566e-03 -2.6096e-03 -2.5540e-03 -2.4904e-03 -2.4192e-03 -2.3412e-03 -2.2569e-03 -2.1669e-03 -2.0720e-03 -1.9728e-03 -1.8701e-03 -1.7647e-03 -1.6572e-03 -1.5486e-03 -1.4395e-03 -1.3308e-03 -1.2232e-03 -1.1174e-03 -1.0142e-03 -9.1431e-04 -8.1828e-04 -7.2673e-04 -6.4015e-04 -5.5897e-04 -4.8355e-04 -4.1414e-04 -3.5092e-04 -2.9394e-04 -2.4319e-04 -1.9853e-04 -1.5975e-04 -1.2656e-04 -9.8592e-05 -7.5408e-05 -5.6538e-05 -4.1480e-05 -2.9719e-05 -2.0748e-05 -1.4079e-05 -9.2592e-06 -5.8835e-06 -3.5990e-06 -2.1108e-06 -1.1814e-06 -6.2775e-07 -3.1473e-07 -1.4785e-07 -6.4558e-08 -2.5958e-08 -9.5075e-09 -3.1319e-09 -9.1408e-10 -2.3224e-10 -5.0294e-11 -9.0531e-12 -1.3141e-12 -1.4825e-13 -1.2429e-14 -7.3259e-16 -2.8334e-17 -6.5944e-19 -8.2729e-21 -4.8562e-23 -1.1093e-25 -7.7264e-29 -1.1824e-32 -2.5374e-37 -4.0736e-43 -1.9873e-50 -7.8025e-60 -3.2535e-72 -5.8095e-89 -2.1343e-112 -1.3197e-146 -2.3764e-199 -6.9905e-287 -0.0000e+00 -0.0000e+00 -0.0000e+00 -0.0000e+00
-1.0390e-03 -1.4658e-03 2.6131e-03 -2.0532e-03 -2.2791e-03 -2.4747e-03 -2.6451e-03 -2.7936e-03 -2.9223e-03 -3.0327e-03 -3.1260e-03 -3.2030e-03 -3.2644e-03 -3.3108e-03 -3.3428e-03 -3.3607e-03 -3.3652e-03 -3.3566e-03 -3.3353e-03 -3.3020e-03 -3.2571e-03 -3.2012e-03 -3.1348e-03 -3.0585e-03 -2.9731e-03 -2.8791e-03 -2.7774e-03 -2.6687e-03 -2.5539e-03 -2.4337e-03 -2.3091e-03 -2.1809e-03 -2.0502e-03 -1.9178e-03 -1.7846e-03 -1.6518e-03 -1.5200e-03 -1.3904e-03 -1.2637e-03 -1.1409e-03 -1.0226e-03 -9.0965e-04 -8.0263e-04 -7.0211e-04 -6.0852e-04 -5.2222e-04 -4.4343e-04 -3.7227e-04 -3.0872e-04 -2.5266e-04 -2.0386e-04 -1.6196e-04 -1.2655e-04 -9.7103e-05 -7.3054e-05 -5.3792e-05 -3.8691e-05 -2.7124e-05 -1.8488e-05 -1.2217e-05 -7.8027e-06 -4.7993e-06 -2.8315e-06 -1.5950e-06 -8.5332e-07 -4.3101e-07 -2.0412e-07 -8.9910e-08 -3.6497e-08 -1.3507e-08 -4.5000e-09 -1.3298e-09 -3.4248e-10 -7.5287e-11 -1.3778e-11 -2.0367e-12 -2.3450e-13 -2.0109e-14 -1.2155e-15 -4.8363e-17 -1.1620e-18 -1.5113e-20 -9.2418e-23 -2.2119e-25 -1.6253e-28 -2.6456e-32 -6.0984e-37 -1.0643e-42 -5.7278e-50 -2.5265e-59 -1.2111e-71 -2.5602e-88 -1.1573e-111 -9.2756e-146 -2.3304e-198 -1.0678e-285 -0.0000e+00 -0.0000e+00 -0.0000e+00 -0.0000e+00 -1.0389e-03 -1.4658e-03 0.0000e+00 -2.0530e-03 -2.2786e-03 -2.4740e-03 -2.6440e-03 -2.7921e-03 -2.9203e-03 -3.0301e-03 -3.1227e-03 -3.1990e-03 -3.2596e-03 -3.3052e-03 -3.3362e-03 -3.3532e-03 -3.3566e-03 -3.3469e-03 -3.3246e-03 -3.2902e-03 -3.2442e-03 -3.1871e-03 -3.1196e-03 -3.0423e-03 -2.9558e-03 -2.8609e-03 -2.7583e-03 -2.6487e-03 -2.5332e-03 -2.4124e-03 -2.2873e-03 -2.1587e-03 -2.0277e-03 -1.8952e-03 -1.7622e-03 -1.6295e-03 -1.4981e-03 -1.3690e-03 -1.2429e-03 -1.1208e-03 -1.0035e-03 -8.9150e-04 -7.8558e-04 -6.8624e-04 -5.9389e-04 -5.0887e-04 -4.3139e-04 -3.6153e-04 -2.9926e-04 -2.4444e-04 -1.9682e-04 -1.5603e-04 -1.2163e-04 -9.3093e-05 -6.9852e-05 -5.1290e-05 -3.6780e-05 -2.5702e-05 -1.7458e-05 -1.1494e-05 -7.3122e-06 -4.4786e-06 -2.6303e-06 -1.4744e-06 -7.8466e-07 -3.9408e-07 -1.8548e-07 -8.1157e-08 -3.2706e-08 -1.2009e-08 -3.9666e-09 -1.1612e-09 -2.9601e-10 -6.4342e-11 -1.1630e-11 -1.6959e-12 -1.9232e-13 -1.6218e-14 -9.6228e-16 -3.7500e-17 -8.8035e-19 -1.1155e-20 -6.6242e-23 -1.5337e-25 -1.0855e-28 -1.6930e-32 -3.7171e-37 -6.1349e-43 -3.0966e-50 -1.2685e-59 -5.5814e-72 -1.0682e-88 -4.2991e-112 -3.0071e-146 -6.4307e-199 -2.4290e-286 -0.0000e+00 -0.0000e+00 -0.0000e+00 -0.0000e+00
-1.1929e-03 -1.6831e-03 -2.0532e-03 4.6500e-03 -2.6175e-03 -2.8424e-03 -3.0385e-03 -3.2096e-03 -3.3580e-03 -3.4855e-03 -3.5935e-03 -3.6829e-03 -3.7545e-03 -3.8089e-03 -3.8469e-03 -3.8688e-03 -3.8753e-03 -3.8669e-03 -3.8440e-03 -3.8073e-03 -3.7572e-03 -3.6945e-03 -3.6197e-03 -3.5336e-03 -3.4369e-03 -3.3303e-03 -3.2148e-03 -3.0911e-03 -2.9602e-03 -2.8230e-03 -2.6806e-03 -2.5340e-03 -2.3842e-03 -2.2323e-03 -2.0794e-03 -1.9266e-03 -1.7749e-03 -1.6254e-03 -1.4791e-03 -1.3371e-03 -1.2001e-03 -1.0690e-03 -9.4468e-04 -8.2767e-04 -7.1855e-04 -6.1773e-04 -5.2551e-04 -4.4204e-04 -3.6734e-04 -3.0130e-04 -2.4367e-04 -1.9407e-04 -1.5203e-04 -1.1698e-04 -8.8266e-05 -6.5197e-05 -4.7050e-05 -3.3101e-05 -2.2646e-05 -1.5025e-05 -9.6373e-06 -5.9549e-06 -3.5304e-06 -1.9991e-06 -1.0756e-06 -5.4655e-07 -2.6051e-07 -1.1555e-07 -4.7261e-08 -1.7633e-08 -5.9263e-09 -1.7680e-09 -4.6005e-10 -1.0227e-10 -1.8945e-11 -2.8382e-12 -3.3155e-13 -2.8887e-14 -1.7769e-15 -7.2072e-17 -1.7688e-18 -2.3550e-20 -1.4781e-22 -3.6417e-25 -2.7642e-28 -4.6664e-32 -1.1210e-36 -2.0504e-42 -1.1648e-49 -5.4715e-59 -2.8250e-71 -6.5312e-88 -3.2973e-111 -3.0428e-145 -9.2180e-198 -5.4895e-285 -0.0000e+00 -0.0000e+00 -0.0000e+00 -0.0000e+00 -1.1929e-03 -1.6830e-03 -2.0530e-03 0.0000e+00 -2.6165e-03 -2.8409e-03 -3.0363e-03 -3.2065e-03 -3.3539e-03 -3.4802e-03 -3.5869e-03 -3.6748e-03 -3.7447e-03 -3.7974e-03 -3.8335e-03 -3.8534e-03 -3.8578e-03 -3.8471e-03 -3.8220e-03 -3.7830e-03 -3.7307e-03 -3.6657e-03 -3.5886e-03 -3.5003e-03 -3.4015e-03 -3.2929e-03 -3.1755e-03 -3.0502e-03 -2.9178e-03 -2.7794e-03 -2.6359e-03 -2.4885e-03 -2.3383e-03 -2.1862e-03 -2.0333e-03 -1.8809e-03 -1.7299e-03 -1.5814e-03 -1.4364e-03 -1.2959e-03 -1.1607e-03 -1.0317e-03 -9.0964e-04 -7.9504e-04 -6.8846e-04 -5.9027e-04 -5.0072e-04 -4.1992e-04 -3.4785e-04 -2.8436e-04 -2.2915e-04 -1.8182e-04 -1.4186e-04 -1.0869e-04 -8.1644e-05 -6.0017e-05 -4.3091e-05 -3.0152e-05 -2.0509e-05 -1.3524e-05 -8.6172e-06 -5.2872e-06 -3.1110e-06 -1.7474e-06 -9.3202e-07 -4.6921e-07 -2.2142e-07 -9.7156e-08 -3.9276e-08 -1.4470e-08 -4.7974e-09 -1.4102e-09 -3.6111e-10 -7.8887e-11 -1.4338e-11 -2.1039e-12 -2.4026e-13 -2.0419e-14 -1.2223e-15 -4.8111e-17 -1.1424e-18 -1.4666e-20 -8.8414e-23 -2.0832e-25 -1.5048e-28 -2.4042e-32 -5.4315e-37 -9.2771e-43 -4.8810e-50 -2.1038e-59 -9.8609e-72 -2.0438e-88 -9.1150e-112 -7.2987e-146 -1.8760e-198 -9.2015e-286 -0.0000e+00 -0.0000e+00 -0.0000e+00 -0.0000e+00
-1.3240e-03 -1.8681e-03 -2.2791e-03 -2.6175e-03 7.2744e-03 -3.1562e-03 -3.3746e-03 -3.5652e-03 -3.7309e-03 -3.8736e-03 -3.9946e-03 -4.0952e-03 -4.1762e-03 -4.2384e-03 -4.2823e-03 -4.3085e-03 -4.3177e-03 -4.3104e-03 -4.2871e-03 -4.2485e-03 -4.1951e-03 -4.1277e-03 -4.0468e-03 -3.9533e-03 -3.8479e-03 -3.7316e-03 -3.6051e-03 -3.4694e-03 -3.3255e-03 -3.1745e-03 -3.0175e-03 -2.8555e-03 -2.6898e-03 -2.5214e-03 -2.3516e-03 -2.1817e-03 -2.0127e-03 -1.8458e-03 -1.6823e-03 -1.5231e-03 -1.3694e-03 -1.2220e-03 -1.0819e-03 -9.4978e-04 -8.2626e-04 -7.1189e-04 -6.0700e-04 -5.1183e-04 -4.2643e-04 -3.5071e-04 -2.8443e-04 -2.2722e-04 -1.7856e-04 -1.3785e-04 -1.0439e-04 -7.7393e-05 -5.6073e-05 -3.9615e-05 -2.7224e-05 -1.8148e-05 -1.1699e-05 -7.2677e-06 -4.3333e-06 -2.4687e-06 -1.3368e-06 -6.8399e-07 -3.2843e-07 -1.4683e-07 -6.0560e-08 -2.2799e-08 -7.7372e-09 -2.3323e-09 -6.1372e-10 -1.3808e-10 -2.5913e-11 -3.9368e-12 -4.6693e-13 -4.1357e-14 -2.5899e-15 -1.0711e-16 -2.6853e-18 -3.6596e-20 -2.3566e-22 -5.9732e-25 -4.6792e-28 -8.1828e-32 -2.0454e-36 -3.9147e-42 -2.3429e-49 -1.1697e-58 -6.4935e-71 -1.6393e-87 -9.2351e-111 -9.8111e-145 -3.5873e-197 -2.7821e-284 -0.0000e+00 -0.0000e+00 -0.0000e+00 -0.0000e+00 -1.3240e-03 -1.8679e-03 -2.2786e-03 -2.6165e-03 0.0000e+00 -3.1535e-03 -3.3707e-03 -3.5598e-03 -3.7237e-03 -3.8643e-03 -3.9831e-03 -4.0811e-03 -4.1593e-03 -4.2183e-03 -4.2589e-03 -4.2817e-03 -4.2872e-03 -4.2761e-03 -4.2489e-03 -4.2063e-03 -4.1490e-03 -4.0775e-03 -3.9927e-03 -3.8954e-03 -3.7864e-03 -3.6665e-03 -3.5368e-03 -3.3982e-03 -3.2517e-03 -3.0985e-03 -2.9396e-03 -2.7763e-03 -2.6096e-03 -2.4409e-03 -2.2713e-03 -2.1019e-03 -1.9341e-03 -1.7690e-03 -1.6077e-03 -1.4512e-03 -1.3007e-03 -1.1568e-03 -1.0206e-03 -8.9267e-04 -7.7358e-04 -6.6378e-04 -5.6355e-04 -4.7303e-04 -3.9222e-04 -3.2095e-04 -2.5891e-04 -2.0566e-04 -1.6066e-04 -1.2325e-04 -9.2707e-05 -6.8249e-05 -4.9078e-05 -3.4398e-05 -2.3439e-05 -1.5485e-05 -9.8875e-06 -6.0800e-06 -3.5860e-06 -2.0194e-06 -1.0801e-06 -5.4539e-07 -2.5821e-07 -1.1370e-07 -4.6144e-08 -1.7072e-08 -5.6865e-09 -1.6801e-09 -4.3263e-10 -9.5097e-11 -1.7403e-11 -2.5731e-12 -2.9635e-13 -2.5427e-14 -1.5383e-15 -6.1283e-17 -1.4751e-18 -1.9234e-20 -1.1803e-22 -2.8385e-25 -2.0995e-28 -3.4484e-32 -8.0474e-37 -1.4284e-42 -7.8691e-50 -3.5858e-59 -1.7992e-71 -4.0591e-88 -2.0158e-111 -1.8565e-145 -5.7600e-198 -3.6830e-285 -0.0000e+00 -0.0000e+00 -0.0000e+00 -0.0000e+00
-1.4375e-03 -2.0283e-03 -2.4747e-03 -2.8424e-03 -3.1562e-03 1.0491e-02 -3.6665e-03 -3.8745e-03 -4.0557e-03 -4.2120e-03 -4.3452e-03 -4.4563e-03 -4.5462e-03 -4.6159e-03 -4.6659e-03 -4.6970e-03 -4.7096e-03 -4.7044e-03 -4.6820e-03 -4.6429e-03 -4.5879e-03 -4.5175e-03 -4.4326e-03 -4.3339e-03 -4.2222e-03 -4.0984e-03 -3.9634e-03 -3.8183e-03 -3.6640e-03 -3.5018e-03 -3.3326e-03 -3.1578e-03 -2.9785e-03 -2.7961e-03 -2.6117e-03 -2.4268e-03 -2.2425e-03 -2.0602e-03 -1.8810e-03 -1.7063e-03 -1.5372e-03 -1.3746e-03 -1.2197e-03 -1.0732e-03 -9.3592e-04 -8.0842e-04 -6.9116e-04 -5.8443e-04 -4.8836e-04 -4.0289e-04 -3.2782e-04 -2.6278e-04 -2.0726e-04 -1.6062e-04 -1.2212e-04 -9.0923e-05 -6.6171e-05 -4.6970e-05 -3.2439e-05 -2.1739e-05 -1.4092e-05 -8.8056e-06 -5.2830e-06 -3.0296e-06 -1.6520e-06 -8.5154e-07 -4.1210e-07 -1.8578e-07 -7.7308e-08 -2.9380e-08 -1.0071e-08 -3.0686e-09 -8.1678e-10 -1.8603e-10 -3.5374e-11 -5.4503e-12 -6.5630e-13 -5.9088e-14 -3.7661e-15 -1.5876e-16 -4.0639e-18 -5.6657e-20 -3.7406e-22 -9.7459e-25 -7.8718e-28 -1.4246e-31 -3.7019e-36 -7.4063e-42 -4.6661e-49 -2.4745e-58 -1.4764e-70 -4.0704e-87 -2.5598e-110 -3.1336e-144 -1.3848e-196 -1.4013e-283 -0.0000e+00 -0.0000e+00 -0.0000e+00 -0.0000e+00 -1.4374e-03 -2.0280e-03 -2.4740e-03 -2.8409e-03 -3.1535e-03 0.0000e+00 -3.6603e-03 -3.8660e-03 -4.0444e-03 -4.1976e-03 -4.3271e-03 -4.4341e-03 -4.5197e-03 -4.5845e-03 -4.6294e-03 -4.6549e-03 -4.6618e-03 -4.6506e-03 -4.6221e-03 -4.5768e-03 -4.5155e-03 -4.4389e-03 -4.3478e-03 -4.2430e-03 -4.1255e-03 -3.9963e-03 -3.8562e-03 -3.7064e-03 -3.5480e-03 -3.3822e-03 -3.2102e-03 -3.0332e-03 -2.8525e-03 -2.6694e-03 -2.4852e-03 -2.3012e-03 -2.1188e-03 -1.9391e-03 -1.7634e-03 -1.5929e-03 -1.4287e-03 -1.2717e-03 -1.1228e-03 -9.8293e-04 -8.5257e-04 -7.3226e-04 -6.2232e-04 -5.2293e-04 -4.3409e-04 -3.5564e-04 -2.8726e-04 -2.2850e-04 -1.7876e-04 -1.3735e-04 -1.0348e-04 -7.6314e-05 -5.4981e-05 -3.8612e-05 -2.6367e-05 -1.7460e-05 -1.1176e-05 -6.8903e-06 -4.0756e-06 -2.3022e-06 -1.2354e-06 -6.2605e-07 -2.9755e-07 -1.3158e-07 -5.3643e-08 -1.9946e-08 -6.6799e-09 -1.9854e-09 -5.1461e-10 -1.1393e-10 -2.1017e-11 -3.1348e-12 -3.6458e-13 -3.1623e-14 -1.9365e-15 -7.8206e-17 -1.9116e-18 -2.5361e-20 -1.5874e-22 -3.9046e-25 -2.9640e-28 -5.0164e-32 -1.2123e-36 -2.2418e-42 -1.2965e-49 -6.2623e-59 -3.3723e-71 -8.3016e-88 -4.6015e-111 -4.8849e-145 -1.8332e-197 -1.5311e-284 -0.0000e+00 -0.0000e+00 -0.0000e+00 -0.0000e+00
-1.5362e-03 -2.1677e-03 -2.6451e-03 -3.0385e-03 -3.3746e-03 -3.6665e-03 1.4304e-02 -4.1456e-03 -4.3408e-03 -4.5098e-03 -4.6542e-03 -4.7753e-03 -4.8740e-03 -4.9513e-03 -5.0078e-03 -5.0442e-03 -5.0611e-03 -5.0590e-03 -5.0386e-03 -5.0006e-03 -4.9455e-03 -4.8740e-03 -4.7869e-03 -4.6849e-03 -4.5690e-03 -4.4400e-03 -4.2988e-03 -4.1464e-03 -3.9841e-03 -3.8128e-03 -3.6338e-03 -3.4484e-03 -3.2577e-03 -3.0632e-03 -2.8662e-03 -2.6680e-03 -2.4701e-03 -2.2737e-03 -2.0804e-03 -1.8912e-03 -1.7076e-03 -1.5307e-03 -1.3616e-03 -1.2012e-03 -1.0504e-03 -9.0989e-04 -7.8025e-04 -6.6184e-04 -5.5486e-04 -4.5934e-04 -3.7511e-04 -3.0183e-04 -2.3901e-04 -1.8599e-04 -1.4203e-04 -1.0623e-04 -7.7687e-05 -5.5424e-05 -3.8482e-05 -2.5933e-05 -1.6910e-05 -1.0632e-05 -6.4205e-06 -3.7072e-06 -2.0362e-06 -1.0576e-06 -5.1599e-07 -2.3460e-07 -9.8509e-08 -3.7797e-08 -1.3088e-08 -4.0309e-09 -1.0852e-09 -2.5021e-10 -4.8198e-11 -7.5300e-12 -9.2032e-13 -8.4194e-14 -5.4597e-15 -2.3450e-16 -6.1256e-18 -8.7317e-20 -5.9073e-22 -1.5812e-24 -1.3161e-27 -2.4638e-31 -6.6527e-36 -1.3909e-41 -9.2234e-49 -5.1957e-58 -3.3329e-70 -1.0039e-86 -7.0535e-110 -9.9596e-144 -5.3263e-196 -7.0441e-283 -0.0000e+00 -0.0000e+00 -0.0000e+00 -0.0000e+00 -1.5361e-03 -2.1673e-03 -2.6440e-03 -3.0363e-03 -3.3707e-03 -3.6603e-03 0.0000e+00 -4.1332e-03 -4.3244e-03 -4.4887e-03 -4.6278e-03 -4.7430e-03 -4.8353e-03 -4.9055e-03 -4.9544e-03 -4.9828e-03 -4.9913e-03 -4.9805e-03 -4.9512e-03 -4.9040e-03 -4.8397e-03 -4.7591e-03 -4.6629e-03 -4.5522e-03 -4.4277e-03 -4.2906e-03 -4.1419e-03 -3.9828e-03 -3.8143e-03 -3.6378e-03 -3.4545e-03 -3.2658e-03 -3.0730e-03 -2.8774e-03 -2.6806e-03 -2.4838e-03 -2.2884e-03 -2.0959e-03 -1.9075e-03 -1.7245e-03 -1.5480e-03 -1.3791e-03 -1.2189e-03 -1.0681e-03 -9.2744e-04 -7.9746e-04 -6.7855e-04 -5.7090e-04 -4.7454e-04 -3.8933e-04 -3.1495e-04 -2.5092e-04 -1.9664e-04 -1.5136e-04 -1.1425e-04 -8.4431e-05 -6.0961e-05 -4.2912e-05 -2.9376e-05 -1.9504e-05 -1.2520e-05 -7.7426e-06 -4.5947e-06 -2.6046e-06 -1.4030e-06 -7.1391e-07 -3.4081e-07 -1.5143e-07 -6.2059e-08 -2.3206e-08 -7.8198e-09 -2.3398e-09 -6.1096e-10 -1.3636e-10 -2.5377e-11 -3.8224e-12 -4.4936e-13 -3.9446e-14 -2.4480e-15 -1.0034e-16 -2.4939e-18 -3.3712e-20 -2.1551e-22 -5.4301e-25 -4.2367e-28 -7.4001e-32 -1.8548e-36 -3.5792e-42 -2.1763e-49 -1.1158e-58 -6.4583e-71 -1.7371e-87 -1.0761e-110 -1.3184e-144 -5.9924e-197 -6.5475e-284 -0.0000e+00 -0.0000e+00 -0.0000e+00 -0.0000e+00
-1.6222e-03 -2.2892e-03 -2.7936e-03 -3.2096e-03 -3.5652e-03 -3.8745e-03 -4.1456e-03 1.8721e-02 -4.5916e-03 -4.7723e-03 -4.9274e-03 -5.0582e-03 -5.1657e-03 -5.2507e-03 -5.3141e-03 -5.3565e-03 -5.3784e-03 -5.3806e-03 -5.3635e-03 -5.3278e-03 -5.2742e-03 -5.2033e-03 -5.1158e-03 -5.0126e-03 -4.8944e-03 -4.7622e-03 -4.6169e-03 -4.4595e-03 -4.2912e-03 -4.1130e-03 -3.9263e-03 -3.7322e-03 -3.5321e-03 -3.3273e-03 -3.1193e-03 -2.9095e-03 -2.6994e-03 -2.4903e-03 -2.2838e-03 -2.0812e-03 -1.8839e-03 -1.6931e-03 -1.5102e-03 -1.3361e-03 -1.1719e-03 -1.0183e-03 -8.7605e-04 -7.4564e-04 -6.2734e-04 -5.2127e-04 -4.2733e-04 -3.4524e-04 -2.7454e-04 -2.1460e-04 -1.6462e-04 -1.2373e-04 -9.0941e-05 -6.5223e-05 -4.5537e-05 -3.0865e-05 -2.0248e-05 -1.2812e-05 -7.7889e-06 -4.5289e-06 -2.5058e-06 -1.3116e-06 -6.4512e-07 -2.9583e-07 -1.2534e-07 -4.8551e-08 -1.6982e-08 -5.2860e-09 -1.4393e-09 -3.3583e-10 -6.5522e-11 -1.0377e-11 -1.2869e-12 -1.1959e-13 -7.8873e-15 -3.4504e-16 -9.1948e-18 -1.3396e-19 -9.2839e-22 -2.5523e-24 -2.1888e-27 -4.2379e-31 -1.1890e-35 -2.5981e-41 -1.8137e-48 -1.0856e-57 -7.4905e-70 -2.4667e-86 -1.9377e-109 -3.1590e-143 -2.0469e-195 -3.5431e-282 -0.0000e+00 -0.0000e+00 -0.0000e+00 -0.0000e+00 -1.6221e-03 -2.2886e-03 -2.7921e-03 -3.2065e-03 -3.5598e-03 -3.8660e-03 -4.1332e-03 0.0000e+00 -4.5689e-03 -4.7432e-03 -4.8909e-03 -5.0135e-03 -5.1120e-03 -5.1873e-03 -5.2402e-03 -5.2715e-03 -5.2818e-03 -5.2719e-03 -5.2424e-03 -5.1940e-03 -5.1276e-03 -5.0440e-03 -4.9440e-03 -4.8284e-03 -4.6984e-03 -4.5550e-03 -4.3992e-03 -4.2323e-03 -4.0554e-03 -3.8699e-03 -3.6771e-03 -3.4783e-03 -3.2751e-03 -3.0688e-03 -2.8609e-03 -2.6529e-03 -2.4462e-03 -2.2423e-03 -2.0425e-03 -1.8483e-03 -1.6608e-03 -1.4812e-03 -1.3105e-03 -1.1497e-03 -9.9952e-04 -8.6055e-04 -7.3323e-04 -6.1780e-04 -5.1431e-04 -4.2264e-04 -3.4248e-04 -2.7336e-04 -2.1463e-04 -1.6555e-04 -1.2524e-04 -9.2762e-05 -6.7141e-05 -4.7386e-05 -3.2531e-05 -2.1663e-05 -1.3950e-05 -8.6569e-06 -5.1562e-06 -2.9344e-06 -1.5874e-06 -8.1143e-07 -3.8928e-07 -1.7389e-07 -7.1674e-08 -2.6969e-08 -9.1496e-09 -2.7580e-09 -7.2594e-10 -1.6345e-10 -3.0713e-11 -4.6751e-12 -5.5604e-13 -4.9441e-14 -3.1122e-15 -1.2960e-16 -3.2782e-18 -4.5196e-20 -2.9541e-22 -7.6319e-25 -6.1266e-28 -1.1055e-31 -2.8767e-36 -5.7981e-42 -3.7104e-49 -2.0213e-58 -1.2585e-70 -3.7018e-87 -2.5652e-110 -3.6309e-144 -2.0009e-196 -2.8637e-283 -0.0000e+00 -0.0000e+00 -0.0000e+00 -0.0000e+00
-1.6965e-03 -2.3943e-03 -2.9223e-03 -3.3580e-03 -3.7309e-03 -4.0557e-03 -4.3408e-03 -4.5916e-03 2.3748e-02 -5.0034e-03 -5.1687e-03 -5.3089e-03 -5.4251e-03 -5.5182e-03 -5.5890e-03 -5.6380e-03 -5.6659e-03 -5.6733e-03 -5.6608e-03 -5.6289e-03 -5.5783e-03 -5.5096e-03 -5.4236e-03 -5.3210e-03 -5.2025e-03 -5.0691e-03 -4.9218e-03 -4.7614e-03 -4.5891e-03 -4.4061e-03 -4.2136e-03 -4.0127e-03 -3.8050e-03 -3.5917e-03 -3.3744e-03 -3.1544e-03 -2.9333e-03 -2.7127e-03 -2.4939e-03 -2.2786e-03 -2.0682e-03 -1.8641e-03 -1.6676e-03 -1.4799e-03 -1.3021e-03 -1.1353e-03 -9.8007e-04 -8.3718e-04 -7.0701e-04 -5.8976e-04 -4.8545e-04 -3.9386e-04 -3.1459e-04 -2.4702e-04 -1.9041e-04 -1.4383e-04 -1.0626e-04 -7.6623e-05 -5.3798e-05 -3.6680e-05 -2.4211e-05 -1.5418e-05 -9.4361e-06 -5.5253e-06 -3.0797e-06 -1.6244e-06 -8.0544e-07 -3.7249e-07 -1.5923e-07 -6.2261e-08 -2.1994e-08 -6.9181e-09 -1.9047e-09 -4.4969e-10 -8.8842e-11 -1.4260e-11 -1.7941e-12 -1.6932e-13 -1.1355e-14 -5.0582e-16 -1.3749e-17 -2.0471e-19 -1.4531e-21 -4.1026e-24 -3.6251e-27 -7.2595e-31 -2.1167e-35 -4.8349e-41 -3.5543e-48 -2.2617e-57 -1.6793e-69 -6.0496e-86 -5.3175e-109 -1.0018e-142 -7.8736e-195 -1.7864e-281 -0.0000e+00 -0.0000e+00 -0.0000e+00 -0.0000e+00 -1.6964e-03 -2.3936e-03 -2.9203e-03 -3.3539e-03 -3.7237e-03 -4.0444e-03 -4.3244e-03 -4.5689e-03 0.0000e+00 -4.9647e-03 -5.1202e-03 -5.2496e-03 -5.3538e-03 -5.4340e-03 -5.4908e-03 -5.5251e-03 -5.5375e-03 -5.5288e-03 -5.4997e-03 -5.4509e-03 -5.3833e-03 -5.2976e-03 -5.1948e-03 -5.0757e-03 -4.9414e-03 -4.7930e-03 -4.6316e-03 -4.4583e-03 -4.2746e-03 -4.0816e-03 -3.8808e-03 -3.6736e-03 -3.4615e-03 -3.2460e-03 -3.0285e-03 -2.8107e-03 -2.5941e-03 -2.3801e-03 -2.1703e-03 -1.9660e-03 -1.7685e-03 -1.5791e-03 -1.3989e-03 -1.2288e-03 -1.0698e-03 -9.2238e-04 -7.8712e-04 -6.6428e-04 -5.5395e-04 -4.5604e-04 -3.7026e-04 -2.9613e-04 -2.3301e-04 -1.8013e-04 -1.3660e-04 -1.0144e-04 -7.3623e-05 -5.2112e-05 -3.5886e-05 -2.3977e-05 -1.5495e-05 -9.6517e-06 -5.7720e-06 -3.2991e-06 -1.7930e-06 -9.2109e-07 -4.4426e-07 -1.9960e-07 -8.2786e-08 -3.1361e-08 -1.0717e-08 -3.2562e-09 -8.6449e-10 -1.9648e-10 -3.7299e-11 -5.7414e-12 -6.9130e-13 -6.2303e-14 -3.9807e-15 -1.6852e-16 -4.3415e-18 -6.1091e-20 -4.0855e-22 -1.0830e-24 -8.9514e-28 -1.6698e-31 -4.5142e-36 -9.5099e-42 -6.4087e-49 -3.7119e-58 -2.4878e-70 -8.0085e-87 -6.2124e-110 -1.0167e-143 -6.8005e-196 -1.2766e-282 -0.0000e+00 -0.0000e+00 -0.0000e+00 -0.0000e+00
-1.7603e-03 -2.4844e-03 -3.0327e-03 -3.4855e-03 -3.8736e-03 -4.2120e-03 -4.5098e-03 -4.7723e-03 -5.0034e-03 2.9395e-02 -5.3807e-03 -5.5302e-03 -5.6553e-03 -5.7567e-03 -5.8353e-03 -5.8917e-03 -5.9265e-03 -5.9402e-03 -5.9335e-03 -5.9068e-03 -5.8608e-03 -5.7960e-03 -5.7131e-03 -5.6129e-03 -5.4961e-03 -5.3635e-03 -5.2161e-03 -5.0547e-03 -4.8806e-03 -4.6947e-03 -4.4982e-03 -4.2925e-03 -4.0789e-03 -3.8588e-03 -3.6336e-03 -3.4048e-03 -3.1741e-03 -2.9429e-03 -2.7129e-03 -2.4856e-03 -2.2626e-03 -2.0454e-03 -1.8355e-03 -1.6342e-03 -1.4427e-03 -1.2622e-03 -1.0936e-03 -9.3770e-04 -7.9499e-04 -6.6584e-04 -5.5037e-04 -4.4848e-04 -3.5983e-04 -2.8388e-04 -2.1989e-04 -1.6693e-04 -1.2398e-04 -8.9891e-05 -6.3474e-05 -4.3533e-05 -2.8912e-05 -1.8530e-05 -1.1417e-05 -6.7318e-06 -3.7796e-06 -2.0089e-06 -1.0040e-06 -4.6824e-07 -2.0193e-07 -7.9690e-08 -2.8427e-08 -9.0344e-09 -2.5147e-09 -6.0065e-10 -1.2015e-10 -1.9542e-11 -2.4938e-12 -2.3899e-13 -1.6295e-14 -7.3911e-16 -2.0490e-17 -3.1177e-19 -2.2668e-21 -6.5734e-24 -5.9850e-27 -1.2399e-30 -3.7580e-35 -8.9759e-41 -6.9513e-48 -4.7042e-57 -3.7609e-69 -1.4831e-85 -1.4597e-108 -3.1808e-142 -3.0358e-194 -9.0413e-281 -0.0000e+00 -0.0000e+00 -0.0000e+00 -0.0000e+00 -1.7601e-03 -2.4835e-03 -3.0301e-03 -3.4802e-03 -3.8643e-03 -4.1976e-03 -4.4887e-03 -4.7432e-03 -4.9647e-03 0.0000e+00 -5.3184e-03 -5.4539e-03 -5.5636e-03 -5.6483e-03 -5.7090e-03 -5.7464e-03 -5.7612e-03 -5.7542e-03 -5.7260e-03 -5.6775e-03 -5.6095e-03 -5.5227e-03 -5.4181e-03 -5.2966e-03 -5.1592e-03 -5.0071e-03 -4.8413e-03 -4.6632e-03 -4.4740e-03 -4.2750e-03 -4.0677e-03 -3.8536e-03 -3.6340e-03 -3.4107e-03 -3.1851e-03 -2.9589e-03 -2.7336e-03 -2.5108e-03 -2.2920e-03 -2.0786e-03 -1.8722e-03 -1.6738e-03 -1.4848e-03 -1.3062e-03 -1.1389e-03 -9.8357e-04 -8.4075e-04 -7.1081e-04 -5.9388e-04 -4.8989e-04 -3.9858e-04 -3.1949e-04 -2.5199e-04 -1.9529e-04 -1.4849e-04 -1.1058e-04 -8.0497e-05 -5.7159e-05 -3.9494e-05 -2.6482e-05 -1.7180e-05 -1.0745e-05 -6.4539e-06 -3.7061e-06 -2.0242e-06 -1.0455e-06 -5.0716e-07 -2.2928e-07 -9.5727e-08 -3.6524e-08 -1.2579e-08 -3.8539e-09 -1.0325e-09 -2.3698e-10 -4.5473e-11 -7.0820e-12 -8.6369e-13 -7.8939e-14 -5.1220e-15 -2.2056e-16 -5.7902e-18 -8.3202e-20 -5.6960e-22 -1.5502e-24 -1.3199e-27 -2.5466e-31 -7.1560e-36 -1.5765e-41 -1.1194e-48 -6.8968e-58 -4.9787e-70 -1.7550e-86 -1.5251e-109 -2.8885e-143 -2.3473e-195 -5.7873e-282 -0.0000e+00 -0.0000e+00 -0.0000e+00 -0.0000e+00
-1.8140e-03 -2.5604e-03 -3.1260e-03 -3.5935e-03 -3.9946e-03 -4.3452e-03 -4.6542e-03 -4.9274e-03 -5.1687e-03 -5.3807e-03 3.5670e-02 -5.7241e-03 -5.8581e-03 -5.9682e-03 -6.0552e-03 -6.1197e-03 -6.1623e-03 -6.1834e-03 -6.1837e-03 -6.1635e-03 -6.1236e-03 -6.0643e-03 -5.9864e-03 -5.8904e-03 -5.7771e-03 -5.6473e-03 -5.5018e-03 -5.3415e-03 -5.1673e-03 -4.9805e-03 -4.7821e-03 -4.5734e-03 -4.3556e-03 -4.1302e-03 -3.8987e-03 -3.6625e-03 -3.4233e-03 -3.1826e-03 -2.9422e-03 -2.7036e-03 -2.4685e-03 -2.2386e-03 -2.0154e-03 -1.8004e-03 -1.5950e-03 -1.4005e-03 -1.2180e-03 -1.0484e-03 -8.9237e-04 -7.5050e-04 -6.2301e-04 -5.0992e-04 -4.1101e-04 -3.2580e-04 -2.5359e-04 -1.9351e-04 -1.4448e-04 -1.0533e-04 -7.4795e-05 -5.1600e-05 -3.4480e-05 -2.2240e-05 -1.3794e-05 -8.1898e-06 -4.6315e-06 -2.4803e-06 -1.2495e-06 -5.8754e-07 -2.5559e-07 -1.0179e-07 -3.6664e-08 -1.1772e-08 -3.3123e-09 -8.0034e-10 -1.6207e-10 -2.6710e-11 -3.4572e-12 -3.3642e-13 -2.3322e-14 -1.0771e-15 -3.0455e-17 -4.7359e-19 -3.5273e-21 -1.0507e-23 -9.8598e-27 -2.1136e-30 -6.6608e-35 -1.6641e-40 -1.3582e-47 -9.7797e-57 -8.4231e-69 -3.6382e-85 -4.0126e-108 -1.0123e-141 -1.1746e-193 -4.5990e-280 -0.0000e+00 -0.0000e+00 -0.0000e+00 -0.0000e+00 -1.8137e-03 -2.5593e-03 -3.1227e-03 -3.5869e-03 -3.9831e-03 -4.3271e-03 -4.6278e-03 -4.8909e-03 -5.1202e-03 -5.3184e-03 0.0000e+00 -5.6285e-03 -5.7432e-03 -5.8324e-03 -5.8969e-03 -5.9375e-03 -5.9550e-03 -5.9501e-03 -5.9234e-03 -5.8759e-03 -5.8082e-03 -5.7212e-03 -5.6158e-03 -5.4929e-03 -5.3537e-03 -5.1991e-03 -5.0303e-03 -4.8486e-03 -4.6553e-03 -4.4518e-03 -4.2394e-03 -4.0196e-03 -3.7941e-03 -3.5643e-03 -3.3319e-03 -3.0986e-03 -2.8658e-03 -2.6353e-03 -2.4086e-03 -2.1872e-03 -1.9726e-03 -1.7662e-03 -1.5691e-03 -1.3826e-03 -1.2075e-03 -1.0446e-03 -8.9459e-04 -7.5780e-04 -6.3445e-04 -5.2449e-04 -4.2771e-04 -3.4367e-04 -2.7175e-04 -2.1118e-04 -1.6103e-04 -1.2029e-04 -8.7845e-05 -6.2590e-05 -4.3404e-05 -2.9217e-05 -1.9031e-05 -1.1955e-05 -7.2143e-06 -4.1634e-06 -2.2861e-06 -1.1875e-06 -5.7955e-07 -2.6372e-07 -1.1088e-07 -4.2625e-08 -1.4799e-08 -4.5741e-09 -1.2371e-09 -2.8687e-10 -5.5661e-11 -8.7742e-12 -1.0843e-12 -1.0054e-13 -6.6278e-15 -2.9041e-16 -7.7725e-18 -1.1410e-19 -7.9993e-22 -2.2359e-24 -1.9619e-27 -3.9169e-31 -1.1445e-35 -2.6378e-41 -1.9743e-48 -1.2946e-57 -1.0071e-69 -3.8900e-86 -3.7895e-109 -8.3128e-143 -8.2163e-195 -2.6645e-281 -0.0000e+00 -0.0000e+00 -0.0000e+00 -0.0000e+00
-1.8581e-03 -2.6231e-03 -3.2030e-03 -3.6829e-03 -4.0952e-03 -4.4563e-03 -4.7753e-03 -5.0582e-03 -5.3089e-03 -5.5302e-03 -5.7241e-03 4.2583e-02 -6.0351e-03 -6.1542e-03 -6.2501e-03 -6.3234e-03 -6.3747e-03 -6.4043e-03 -6.4128e-03 -6.4006e-03 -6.3682e-03 -6.3161e-03 -6.2448e-03 -6.1549e-03 -6.0470e-03 -5.9219e-03 -5.7802e-03 -5.6229e-03 -5.4508e-03 -5.2650e-03 -5.0665e-03 -4.8565e-03 -4.6364e-03 -4.4074e-03 -4.1711e-03 -3.9289e-03 -3.6824e-03 -3.4333e-03 -3.1833e-03 -2.9341e-03 -2.6874e-03 -2.4450e-03 -2.2087e-03 -1.9799e-03 -1.7603e-03 -1.5514e-03 -1.3543e-03 -1.1703e-03 -1.0002e-03 -8.4473e-04 -7.0427e-04 -5.7901e-04 -4.6885e-04 -3.7342e-04 -2.9210e-04 -2.2403e-04 -1.6815e-04 -1.2325e-04 -8.8020e-05 -6.1081e-05 -4.1065e-05 -2.6655e-05 -1.6641e-05 -9.9481e-06 -5.6662e-06 -3.0571e-06 -1.5522e-06 -7.3588e-07 -3.2289e-07 -1.2977e-07 -4.7190e-08 -1.5306e-08 -4.3534e-09 -1.0640e-09 -2.1813e-10 -3.6425e-11 -4.7817e-12 -4.7248e-13 -3.3303e-14 -1.5661e-15 -4.5172e-17 -7.1797e-19 -5.4787e-21 -1.6768e-23 -1.6220e-26 -3.5988e-30 -1.1796e-34 -3.0838e-40 -2.6536e-47 -2.0339e-56 -1.8882e-68 -8.9387e-85 -1.1056e-107 -3.2321e-141 -4.5649e-193 -2.3537e-279 -0.0000e+00 -0.0000e+00 -0.0000e+00 -0.0000e+00 -1.8579e-03 -2.6216e-03 -3.1990e-03 -3.6748e-03 -4.0811e-03 -4.4341e-03 -4.7430e-03 -5.0135e-03 -5.2496e-03 -5.4539e-03 -5.6285e-03 0.0000e+00 -5.8944e-03 -5.9878e-03 -6.0561e-03 -6.1001e-03 -6.1205e-03 -6.1181e-03 -6.0935e-03 -6.0475e-03 -5.9809e-03 -5.8946e-03 -5.7894e-03 -5.6662e-03 -5.5262e-03 -5.3703e-03 -5.1998e-03 -5.0158e-03 -4.8198e-03 -4.6129e-03 -4.3968e-03 -4.1728e-03 -3.9426e-03 -3.7077e-03 -3.4698e-03 -3.2304e-03 -2.9914e-03 -2.7543e-03 -2.5207e-03 -2.2923e-03 -2.0704e-03 -1.8566e-03 -1.6522e-03 -1.4582e-03 -1.2759e-03 -1.1059e-03 -9.4896e-04 -8.0556e-04 -6.7593e-04 -5.6010e-04 -4.5787e-04 -3.6887e-04 -2.9248e-04 -2.2795e-04 -1.7435e-04 -1.3066e-04 -9.5751e-05 -6.8472e-05 -4.7667e-05 -3.2217e-05 -2.1078e-05 -1.3302e-05 -8.0666e-06 -4.6797e-06 -2.5840e-06 -1.3502e-06 -6.6319e-07 -3.0384e-07 -1.2869e-07 -4.9860e-08 -1.7458e-08 -5.4449e-09 -1.4871e-09 -3.4850e-10 -6.8398e-11 -1.0917e-11 -1.3674e-12 -1.2868e-13 -8.6213e-15 -3.8454e-16 -1.0495e-17 -1.5744e-19 -1.1308e-21 -3.2473e-24 -2.9373e-27 -6.0703e-31 -1.8451e-35 -4.4506e-41 -3.5128e-48 -2.4527e-57 -2.0573e-69 -8.7118e-86 -9.5208e-109 -2.4210e-142 -2.9139e-194 -1.2449e-280 -0.0000e+00 -0.0000e+00 -0.0000e+00 -0.0000e+00
-1.8932e-03 -2.6729e-03 -3.2644e-03 -3.7545e-03 -4.1762e-03 -4.5462e-03 -4.8740e-03 -5.1657e-03 -5.4251e-03 -5.6553e-03 -5.8581e-03 -6.0351e-03 5.0148e-02 -6.3159e-03 -6.4212e-03 -6.5041e-03 -6.5648e-03 -6.6040e-03 -6.6219e-03 -6.6190e-03 -6.5956e-03 -6.5523e-03 -6.4893e-03 -6.4072e-03 -6.3066e-03 -6.1881e-03 -6.0522e-03 -5.8998e-03 -5.7317e-03 -5.5489e-03 -5.3522e-03 -5.1429e-03 -4.9221e-03 -4.6912e-03 -4.4516e-03 -4.2048e-03 -3.9523e-03 -3.6958e-03 -3.4372e-03 -3.1780e-03 -2.9203e-03 -2.6658e-03 -2.4164e-03 -2.1738e-03 -1.9398e-03 -1.7160e-03 -1.5038e-03 -1.3047e-03 -1.1196e-03 -9.4956e-04 -7.9512e-04 -6.5664e-04 -5.3417e-04 -4.2748e-04 -3.3603e-04 -2.5903e-04 -1.9544e-04 -1.4404e-04 -1.0344e-04 -7.2202e-05 -4.8835e-05 -3.1898e-05 -2.0044e-05 -1.2064e-05 -6.9204e-06 -3.7616e-06 -1.9247e-06 -9.1997e-07 -4.0714e-07 -1.6511e-07 -6.0619e-08 -1.9862e-08 -5.7102e-09 -1.4117e-09 -2.9298e-10 -4.9574e-11 -6.6009e-12 -6.6233e-13 -4.7470e-14 -2.2734e-15 -6.6896e-17 -1.0869e-18 -8.4995e-21 -2.6732e-23 -2.6664e-26 -6.1248e-30 -2.0887e-34 -5.7157e-40 -5.1876e-47 -4.2346e-56 -4.2398e-68 -2.2012e-84 -3.0557e-107 -1.0362e-140 -1.7837e-192 -1.2132e-278 -0.0000e+00 -0.0000e+00 -0.0000e+00 -0.0000e+00 -1.8929e-03 -2.6711e-03 -3.2596e-03 -3.7447e-03 -4.1593e-03 -4.5197e-03 -4.8353e-03 -5.1120e-03 -5.3538e-03 -5.5636e-03 -5.7432e-03 -5.8944e-03 0.0000e+00 -6.1157e-03 -6.1878e-03 -6.2353e-03 -6.2589e-03 -6.2593e-03 -6.2373e-03 -6.1935e-03 -6.1288e-03 -6.0440e-03 -5.9399e-03 -5.8175e-03 -5.6777e-03 -5.5218e-03 -5.3507e-03 -5.1657e-03 -4.9681e-03 -4.7593e-03 -4.5407e-03 -4.3139e-03 -4.0802e-03 -3.8415e-03 -3.5993e-03 -3.3552e-03 -3.1110e-03 -2.8684e-03 -2.6289e-03 -2.3943e-03 -2.1660e-03 -1.9456e-03 -1.7344e-03 -1.5337e-03 -1.3445e-03 -1.1677e-03 -1.0042e-03 -8.5436e-04 -7.1858e-04 -5.9693e-04 -4.8927e-04 -3.9526e-04 -3.1433e-04 -2.4573e-04 -1.8857e-04 -1.4180e-04 -1.0429e-04 -7.4868e-05 -5.2333e-05 -3.5524e-05 -2.3347e-05 -1.4806e-05 -9.0251e-06 -5.2645e-06 -2.9239e-06 -1.5374e-06 -7.6013e-07 -3.5072e-07 -1.4967e-07 -5.8462e-08 -2.0649e-08 -6.5005e-09 -1.7933e-09 -4.2486e-10 -8.4367e-11 -1.3638e-11 -1.7320e-12 -1.6546e-13 -1.1269e-14 -5.1178e-16 -1.4248e-17 -2.1850e-19 -1.6081e-21 -4.7459e-24 -4.4268e-27 -9.4727e-31 -2.9962e-35 -7.5665e-41 -6.3006e-48 -4.6862e-57 -4.2403e-69 -1.9699e-85 -2.4169e-108 -7.1314e-142 -1.0464e-193 -5.8994e-280 -0.0000e+00 -0.0000e+00 -0.0000e+00 -0.0000e+00
-1.9195e-03 -2.7103e-03 -3.3108e-03 -3.8089e-03 -4.2384e-03 -4.6159e-03 -4.9513e-03 -5.2507e-03 -5.5182e-03 -5.7567e-03 -5.9682e-03 -6.1542e-03 -6.3159e-03 5.8375e-02 -6.5693e-03 -6.6624e-03 -6.7335e-03 -6.7832e-03 -6.8117e-03 -6.8194e-03 -6.8065e-03 -6.7734e-03 -6.7205e-03 -6.6480e-03 -6.5565e-03 -6.4464e-03 -6.3183e-03 -6.1728e-03 -6.0107e-03 -5.8327e-03 -5.6398e-03 -5.4330e-03 -5.2134e-03 -4.9823e-03 -4.7410e-03 -4.4910e-03 -4.2338e-03 -3.9711e-03 -3.7047e-03 -3.4365e-03 -3.1683e-03 -2.9020e-03 -2.6397e-03 -2.3832e-03 -2.1345e-03 -1.8954e-03 -1.6676e-03 -1.4525e-03 -1.2516e-03 -1.0660e-03 -8.9654e-04 -7.4371e-04 -6.0780e-04 -4.8872e-04 -3.8605e-04 -2.9909e-04 -2.2685e-04 -1.6809e-04 -1.2139e-04 -8.5223e-05 -5.7988e-05 -3.8114e-05 -2.4106e-05 -1.4607e-05 -8.4383e-06 -4.6206e-06 -2.3826e-06 -1.1481e-06 -5.1246e-07 -2.0971e-07 -7.7729e-08 -2.5727e-08 -7.4766e-09 -1.8698e-09 -3.9286e-10 -6.7359e-11 -9.0980e-12 -9.2711e-13 -6.7573e-14 -3.2961e-15 -9.8962e-17 -1.6441e-18 -1.3177e-20 -4.2598e-23 -4.3823e-26 -1.0425e-29 -3.7000e-34 -1.0602e-39 -1.0154e-46 -8.8316e-56 -9.5419e-68 -5.4370e-84 -8.4779e-107 -3.3383e-140 -7.0129e-192 -6.3040e-278 -0.0000e+00 -0.0000e+00 -0.0000e+00 -0.0000e+00 -1.9191e-03 -2.7083e-03 -3.3052e-03 -3.7974e-03 -4.2183e-03 -4.5845e-03 -4.9055e-03 -5.1873e-03 -5.4340e-03 -5.6483e-03 -5.8324e-03 -5.9878e-03 -6.1157e-03 0.0000e+00 -6.2931e-03 -6.3442e-03 -6.3713e-03 -6.3749e-03 -6.3559e-03 -6.3150e-03 -6.2529e-03 -6.1703e-03 -6.0683e-03 -5.9475e-03 -5.8092e-03 -5.6542e-03 -5.4837e-03 -5.2989e-03 -5.1011e-03 -4.8916e-03 -4.6718e-03 -4.4433e-03 -4.2076e-03 -3.9662e-03 -3.7209e-03 -3.4732e-03 -3.2250e-03 -2.9778e-03 -2.7335e-03 -2.4936e-03 -2.2597e-03 -2.0334e-03 -1.8161e-03 -1.6091e-03 -1.4135e-03 -1.2303e-03 -1.0605e-03 -9.0442e-04 -7.6261e-04 -6.3519e-04 -5.2209e-04 -4.2301e-04 -3.3744e-04 -2.6467e-04 -2.0380e-04 -1.5381e-04 -1.1356e-04 -8.1849e-05 -5.7456e-05 -3.9178e-05 -2.5872e-05 -1.6491e-05 -1.0106e-05 -5.9286e-06 -3.3128e-06 -1.7530e-06 -8.7273e-07 -4.0563e-07 -1.7445e-07 -6.8713e-08 -2.4487e-08 -7.7829e-09 -2.1693e-09 -5.1966e-10 -1.0443e-10 -1.7102e-11 -2.2026e-12 -2.1366e-13 -1.4796e-14 -6.8436e-16 -1.9440e-17 -3.0481e-19 -2.2995e-21 -6.9761e-24 -6.7121e-27 -1.4877e-30 -4.8981e-35 -1.2955e-40 -1.1385e-47 -9.0253e-57 -8.8146e-69 -4.4953e-85 -6.1970e-108 -2.1238e-141 -3.8045e-193 -2.8355e-279 -0.0000e+00 -0.0000e+00 -0.0000e+00 -0.0000e+00
-1.9374e-03 -2.7359e-03 -3.3428e-03 -3.8469e-03 -4.2823e-03 -4.6659e-03 -5.0078e-03 -5.3141e-03 -5.5890e-03 -5.8353e-03 -6.0552e-03 -6.2501e-03 -6.4212e-03 -6.5693e-03 6.7281e-02 -6.7989e-03 -6.8813e-03 -6.9425e-03 -6.9827e-03 -7.0022e-03 -7.0012e-03 -6.9799e-03 -6.9386e-03 -6.8774e-03 -6.7968e-03 -6.6971e-03 -6.5786e-03 -6.4420e-03 -6.2878e-03 -6.1167e-03 -5.9295e-03 -5.7271e-03 -5.5106e-03 -5.2809e-03 -5.0396e-03 -4.7879e-03 -4.5274e-03 -4.2597e-03 -3.9867e-03 -3.7102e-03 -3.4321e-03 -3.1545e-03 -2.8795e-03 -2.6092e-03 -2.3456e-03 -2.0908e-03 -1.8467e-03 -1.6150e-03 -1.3974e-03 -1.1952e-03 -1.0096e-03 -8.4124e-04 -6.9067e-04 -5.5798e-04 -4.4292e-04 -3.4488e-04 -2.6294e-04 -1.9588e-04 -1.4225e-04 -1.0044e-04 -6.8751e-05 -4.5469e-05 -2.8944e-05 -1.7657e-05 -1.0272e-05 -5.6664e-06 -2.9445e-06 -1.4304e-06 -6.4396e-07 -2.6591e-07 -9.9508e-08 -3.3272e-08 -9.7744e-09 -2.4729e-09 -5.2605e-10 -9.1405e-11 -1.2525e-11 -1.2963e-12 -9.6098e-14 -4.7751e-15 -1.4631e-16 -2.4857e-18 -2.0424e-20 -6.7883e-23 -7.2046e-26 -1.7754e-29 -6.5605e-34 -1.9693e-39 -1.9910e-46 -1.8461e-55 -2.1537e-67 -1.3477e-83 -2.3627e-106 -1.0815e-139 -2.7768e-191 -3.3056e-277 -0.0000e+00 -0.0000e+00 -0.0000e+00 -0.0000e+00 -1.9369e-03 -2.7335e-03 -3.3362e-03 -3.8335e-03 -4.2589e-03 -4.6294e-03 -4.9544e-03 -5.2402e-03 -5.4908e-03 -5.7090e-03 -5.8969e-03 -6.0561e-03 -6.1878e-03 -6.2931e-03 0.0000e+00 -6.4276e-03 -6.4583e-03 -6.4656e-03 -6.4501e-03 -6.4126e-03 -6.3537e-03 -6.2743e-03 -6.1751e-03 -6.0570e-03 -5.9210e-03 -5.7681e-03 -5.5993e-03 -5.4159e-03 -5.2191e-03 -5.0101e-03 -4.7904e-03 -4.5615e-03 -4.3249e-03 -4.0821e-03 -3.8349e-03 -3.5848e-03 -3.3336e-03 -3.0830e-03 -2.8347e-03 -2.5904e-03 -2.3517e-03 -2.1203e-03 -1.8975e-03 -1.6847e-03 -1.4832e-03 -1.2940e-03 -1.1180e-03 -9.5593e-04 -8.0820e-04 -6.7505e-04 -5.5649e-04 -4.5228e-04 -3.6196e-04 -2.8487e-04 -2.2015e-04 -1.6678e-04 -1.2363e-04 -8.9483e-05 -6.3096e-05 -4.3226e-05 -2.8687e-05 -1.8381e-05 -1.1327e-05 -6.6843e-06 -3.7584e-06 -2.0021e-06 -1.0037e-06 -4.7003e-07 -2.0378e-07 -8.0950e-08 -2.9112e-08 -9.3438e-09 -2.6318e-09 -6.3761e-10 -1.2971e-10 -2.1521e-11 -2.8116e-12 -2.7699e-13 -1.9509e-14 -9.1918e-16 -2.6647e-17 -4.2730e-19 -3.3050e-21 -1.0310e-23 -1.0235e-26 -2.3503e-30 -8.0579e-35 -2.2330e-40 -2.0721e-47 -1.7515e-56 -1.8474e-68 -1.0350e-84 -1.6045e-107 -6.3938e-141 -1.4002e-192 -1.3824e-278 -0.0000e+00 -0.0000e+00 -0.0000e+00 -0.0000e+00
-1.9470e-03 -2.7500e-03 -3.3607e-03 -3.8688e-03 -4.3085e-03 -4.6970e-03 -5.0442e-03 -5.3565e-03 -5.6380e-03 -5.8917e-03 -6.1197e-03 -6.3234e-03 -6.5041e-03 -6.6624e-03 -6.7989e-03 7.6880e-02 -7.0085e-03 -7.0821e-03 -7.1351e-03 -7.1676e-03 -7.1798e-03 -7.1718e-03 -7.1436e-03 -7.0955e-03 -7.0275e-03 -6.9400e-03 -6.8332e-03 -6.7074e-03 -6.5631e-03 -6.4008e-03 -6.2213e-03 -6.0252e-03 -5.8135e-03 -5.5872e-03 -5.3476e-03 -5.0958e-03 -4.8334e-03 -4.5621e-03 -4.2835e-03 -3.9997e-03 -3.7125e-03 -3.4241e-03 -3.1368e-03 -2.8527e-03 -2.5741e-03 -2.3033e-03 -2.0423e-03 -1.7933e-03 -1.5581e-03 -1.3383e-03 -1.1353e-03 -9.5026e-04 -7.8376e-04 -6.3618e-04 -5.0745e-04 -3.9711e-04 -3.0433e-04 -2.2793e-04 -1.6644e-04 -1.1820e-04 -8.1389e-05 -5.4161e-05 -3.4700e-05 -2.1311e-05 -1.2486e-05 -6.9382e-06 -3.6333e-06 -1.7795e-06 -8.0800e-07 -3.3669e-07 -1.2721e-07 -4.2971e-08 -1.2762e-08 -3.2666e-09 -7.0361e-10 -1.2391e-10 -1.7227e-11 -1.8112e-12 -1.3658e-13 -6.9146e-15 -2.1625e-16 -3.7581e-18 -3.1662e-20 -1.0823e-22 -1.1853e-25 -3.0268e-29 -1.1649e-33 -3.6645e-39 -3.9128e-46 -3.8698e-55 -4.8776e-67 -3.3549e-83 -6.6184e-106 -3.5258e-139 -1.1082e-190 -1.7507e-276 -0.0000e+00 -0.0000e+00 -0.0000e+00 -0.0000e+00 -1.9466e-03 -2.7472e-03 -3.3532e-03 -3.8534e-03 -4.2817e-03 -4.6549e-03 -4.9828e-03 -5.2715e-03 -5.5251e-03 -5.7464e-03 -5.9375e-03 -6.1001e-03 -6.2353e-03 -6.3442e-03 -6.4276e-03 0.0000e+00 -6.5209e-03 -6.5321e-03 -6.5206e-03 -6.4870e-03 -6.4320e-03 -6.3564e-03 -6.2609e-03 -6.1464e-03 -6.0137e-03 -5.8639e-03 -5.6980e-03 -5.5171e-03 -5.3224e-03 -5.1152e-03 -4.8969e-03 -4.6688e-03 -4.4325e-03 -4.1895e-03 -3.9415e-03 -3.6901e-03 -3.4370e-03 -3.1840e-03 -2.9327e-03 -2.6849e-03 -2.4423e-03 -2.2063e-03 -1.9787e-03 -1.7607e-03 -1.5537e-03 -1.3588e-03 -1.1770e-03 -1.0091e-03 -8.5552e-04 -7.1668e-04 -5.9263e-04 -4.8322e-04 -3.8804e-04 -3.0649e-04 -2.3774e-04 -1.8082e-04 -1.3459e-04 -9.7848e-05 -6.9312e-05 -4.7716e-05 -3.1830e-05 -2.0505e-05 -1.2709e-05 -7.5452e-06 -4.2697e-06 -2.2900e-06 -1.1564e-06 -5.4570e-07 -2.3852e-07 -9.5581e-08 -3.4695e-08 -1.1247e-08 -3.2019e-09 -7.8467e-10 -1.6161e-10 -2.7174e-11 -3.6017e-12 -3.6044e-13 -2.5824e-14 -1.2397e-15 -3.6685e-17 -6.0178e-19 -4.7732e-21 -1.5314e-23 -1.5691e-26 -3.7344e-30 -1.3337e-34 -3.8739e-40 -3.7973e-47 -3.4242e-56 -3.9031e-68 -2.4039e-84 -4.1945e-107 -1.9458e-140 -5.2175e-192 -6.8377e-278 -0.0000e+00 -0.0000e+00 -0.0000e+00 -0.0000e+00
