-5.9600e-08 -2.0045e-11 -5.5327e-11 -1.1383e-10 -1.9944e-10 -3.1572e-10 -4.6612e-10 -6.5401e-10 -8.8279e-10 -1.1559e-09 -1.4770e-09 -1.8496e-09 -2.2778e-09 -2.7654e-09 -3.3170e-09 -3.9368e-09 -4.6298e-09 -5.4008e-09 -6.2549e-09 -7.1977e-09 -8.2344e-09 -9.3706e-09 -1.0612e-08 -1.1962e-08 -1.3427e-08 -1.5009e-08 -1.6711e-08 -1.8533e-08 -2.0471e-08 -2.2519e-08 -2.4665e-08 -2.6892e-08 -2.9171e-08 -3.1468e-08 -3.3733e-08 -3.5903e-08 -3.7900e-08 -3.9626e-08 -4.0970e-08 -4.1807e-08 -4.2003e-08 -4.1430e-08 -3.9980e-08 -3.7586e-08 -3.4250e-08 -3.0064e-08 -2.5232e-08 -2.0064e-08 -1.4951e-08 -1.0300e-08 -6.4545e-09 -3.6056e-09 -1.7519e-09 -7.1834e-10 -2.3945e-10 -6.1960e-11 -1.1752e-11 -1.5212e-12 -1.2289e-13 -5.5374e-15 -1.2079e-16 -1.0659e-18 -3.0272e-21 -2.0643e-24 -2.3184e-28 -2.6316e-33 -1.5976e-39 -2.2510e-47 -2.4425e-57 -4.6993e-70 -2.2329e-86 -1.8168e-107 -6.5996e-135 -6.9736e-171 -1.9111e-218 -6.7371e-282 -0.0000e+00 -0.0000e+00 -0.0000e+00 -0.0000e+00 -0.0000e+00 -0.0000e+00 -0.0000e+00 -0.0000e+00 -0.0000e+00 -0.0000e+00 -0.0000e+00 -0.0000e+00 -0.0000e+00 -0.0000e+00 -0.0000e+00 -0.0000e+00 -0.0000e+00 -0.0000e+00 -0.0000e+00 -0.0000e+00 -0.0000e+00 -0.0000e+00 -0.0000e+00 -0.0000e+00 0.0000e+00 -2.0045e-11 -5.5327e-11 -1.1383e-10 -1.9944e-10 -3.1572e-10 -4.6612e-10 -6.5401e-10 -8.8279e-10 -1.1559e-09 -1.4770e-09 -1.8496e-09 -2.2778e-09 -2.7654e-09 -3.3170e-09 -3.9368e-09 -4.6298e-09 -5.4008e-09 -6.2549e-09 -7.1977e-09 -8.2344e-09 -9.3706e-09 -1.0612e-08 -1.1962e-08 -1.3427e-08 -1.5009e-08 -1.6711e-08 -1.8533e-08 -2.0471e-08 -2.2519e-08 -2.4665e-08 -2.6892e-08 -2.9171e-08 -3.1468e-08 -3.3733e-08 -3.5903e-08 -3.7900e-08 -3.9626e-08 -4.0970e-08 -4.1807e-08 -4.2003e-08 -4.1430e-08 -3.9980e-08 -3.7586e-08 -3.4250e-08 -3.0064e-08 -2.5232e-08 -2.0064e-08 -1.4951e-08 -1.0300e-08 -6.4545e-09 -3.6056e-09 -1.7519e-09 -7.1834e-10 -2.3945e-10 -6.1960e-11 -1.1752e-11 -1.5212e-12 -1.2289e-13 -5.5374e-15 -1.2079e-16 -1.0659e-18 -3.0272e-21 -2.0643e-24 -2.3184e-28 -2.6316e-33 -1.5976e-39 -2.2510e-47 -2.4425e-57 -4.6993e-70 -2.2329e-86 -1.8168e-107 -6.5996e-135 -6.9736e-171 -1.9111e-218 -6.7371e-282 -0.0000e+00 -0.0000e+00 -0.0000e+00 -0.0000e+00 -0.0000e+00 -0.0000e+00 -0.0000e+00 -0.0000e+00 -0.0000e+00 -0.0000e+00 -0.0000e+00 -0.0000e+00 -0.0000e+00 -0.0000e+00 -0.0000e+00 -0.0000e+00 -0.0000e+00 -0.0000e+00 -0.0000e+00 -0.0000e+00 -0.0000e+00 -0.0000e+00 -0.0000e+00 -0.0000e+00
-2.0045e-11 3.0248e-10 -3.1328e-10 -6.4455e-10 -1.1293e-09 -1.7877e-09 -2.6393e-09 -3.7032e-09 -4.9987e-09 -6.5452e-09 -8.3631e-09 -1.0473e-08 -1.2897e-08 -1.5659e-08 -1.8782e-08 -2.2292e-08 -2.6215e-08 -3.0581e-08 -3.5418e-08 -4.0756e-08 -4.6626e-08 -5.3059e-08 -6.0086e-08 -6.7734e-08 -7.6028e-08 -8.4988e-08 -9.4625e-08 -1.0494e-07 -1.1591e-07 -1.2751e-07 -1.3966e-07 -1.5227e-07 -1.6518e-07 -1.7818e-07 -1.9101e-07 -2.0330e-07 -2.1460e-07 -2.2438e-07 -2.3199e-07 -2.3672e-07 -2.3784e-07 -2.3459e-07 -2.2638e-07 -2.1283e-07 -1.9393e-07 -1.7023e-07 -1.4287e-07 -1.1361e-07 -8.4656e-08 -5.8324e-08 -3.6547e-08 -2.0416e-08 -9.9199e-09 -4.0675e-09 -1.3558e-09 -3.5084e-10 -6.6545e-11 -8.6137e-12 -6.9584e-13 -3.1355e-14 -6.8397e-16 -6.0357e-18 -1.7141e-20 -1.1689e-23 -1.3128e-27 -1.4901e-32 -9.0463e-39 -1.2746e-46 -1.3831e-56 -2.6609e-69 -1.2643e-85 -1.0287e-106 -3.7369e-134 -3.9487e-170 -1.0821e-217 -3.8148e-281 -0.0000e+00 -0.0000e+00 -0.0000e+00 -0.0000e+00 -0.0000e+00 -0.0000e+00 -0.0000e+00 -0.0000e+00 -0.0000e+00 -0.0000e+00 -0.0000e+00 -0.0000e+00 -0.0000e+00 -0.0000e+00 -0.0000e+00 -0.0000e+00 -0.0000e+00 -0.0000e+00 -0.0000e+00 -0.0000e+00 -0.0000e+00 -0.0000e+00 -0.0000e+00 -0.0000e+00 -2.0045e-11 0.0000e+00 -3.1328e-10 -6.4455e-10 -1.1293e-09 -1.7877e-09 -2.6393e-09 -3.7032e-09 -4.9987e-09 -6.5452e-09 -8.3631e-09 -1.0473e-08 -1.2897e-08 -1.5659e-08 -1.8782e-08 -2.2292e-08 -2.6215e-08 -3.0581e-08 -3.5418e-08 -4.0756e-08 -4.6626e-08 -5.3059e-08 -6.0086e-08 -6.7734e-08 -7.6028e-08 -8.4988e-08 -9.4625e-08 -1.0494e-07 -1.1591e-07 -1.2751e-07 -1.3966e-07 -1.5227e-07 -1.6518e-07 -1.7818e-07 -1.9101e-07 -2.0330e-07 -2.1460e-07 -2.2438e-07 -2.3199e-07 -2.3672e-07 -2.3784e-07 -2.3459e-07 -2.2638e-07 -2.1283e-07 -1.9393e-07 -1.7023e-07 -1.4287e-07 -1.1361e-07 -8.4656e-08 -5.8324e-08 -3.6547e-08 -2.0416e-08 -9.9199e-09 -4.0675e-09 -1.3558e-09 -3.5084e-10 -6.6545e-11 -8.6137e-12 -6.9584e-13 -3.1355e-14 -6.8397e-16 -6.0357e-18 -1.7141e-20 -1.1689e-23 -1.3128e-27 -1.4901e-32 -9.0463e-39 -1.2746e-46 -1.3831e-56 -2.6609e-69 -1.2643e-85 -1.0287e-106 -3.7369e-134 -3.9487e-170 -1.0821e-217 -3.8148e-281 -0.0000e+00 -0.0000e+00 -0.0000e+00 -0.0000e+00 -0.0000e+00 -0.0000e+00 -0.0000e+00 -0.0000e+00 -0.0000e+00 -0.0000e+00 -0.0000e+00 -0.0000e+00 -0.0000e+00 -0.0000e+00 -0.0000e+00 -0.0000e+00 -0.0000e+00 -0.0000e+00 -0.0000e+00 -0.0000e+00 -0.0000e+00 -0.0000e+00 -0.0000e+00 -0.0000e+00
-5.5327e-11 -3.1328e-10 3.4537e-09 -1.7790e-09 -3.1169e-09 -4.9343e-09 -7.2848e-09 -1.0221e-08 -1.3797e-08 -1.8066e-08 -2.3083e-08 -2.8907e-08 -3.5598e-08 -4.3220e-08 -5.1840e-08 -6.1528e-08 -7.2358e-08 -8.4407e-08 -9.7757e-08 -1.1249e-07 -1.2869e-07 -1.4645e-07 -1.6584e-07 -1.8695e-07 -2.0985e-07 -2.3458e-07 -2.6118e-07 -2.8964e-07 -3.1993e-07 -3.5194e-07 -3.8549e-07 -4.2028e-07 -4.5591e-07 -4.9181e-07 -5.2721e-07 -5.6113e-07 -5.9232e-07 -6.1931e-07 -6.4032e-07 -6.5339e-07 -6.5646e-07 -6.4751e-07 -6.2484e-07 -5.8743e-07 -5.3528e-07 -4.6986e-07 -3.9434e-07 -3.1357e-07 -2.3366e-07 -1.6098e-07 -1.0088e-07 -5.6351e-08 -2.7380e-08 -1.1227e-08 -3.7423e-09 -9.6836e-10 -1.8367e-10 -2.3775e-11 -1.9206e-12 -8.6543e-14 -1.8879e-15 -1.6659e-17 -4.7311e-20 -3.2262e-23 -3.6234e-27 -4.1128e-32 -2.4969e-38 -3.5181e-46 -3.8174e-56 -7.3445e-69 -3.4897e-85 -2.8394e-106 -1.0314e-133 -1.0899e-169 -2.9869e-217 -1.0530e-280 -0.0000e+00 -0.0000e+00 -0.0000e+00 -0.0000e+00 -0.0000e+00 -0.0000e+00 -0.0000e+00 -0.0000e+00 -0.0000e+00 -0.0000e+00 -0.0000e+00 -0.0000e+00 -0.0000e+00 -0.0000e+00 -0.0000e+00 -0.0000e+00 -0.0000e+00 -0.0000e+00 -0.0000e+00 -0.0000e+00 -0.0000e+00 -0.0000e+00 -0.0000e+00 -0.0000e+00 -5.5327e-11 -3.1328e-10 0.0000e+00 -1.7790e-09 -3.1169e-09 -4.9343e-09 -7.2848e-09 -1.0221e-08 -1.3797e-08 -1.8066e-08 -2.3083e-08 -2.8907e-08 -3.5598e-08 -4.3220e-08 -5.1840e-08 -6.1528e-08 -7.2358e-08 -8.4407e-08 -9.7757e-08 -1.1249e-07 -1.2869e-07 -1.4645e-07 -1.6584e-07 -1.8695e-07 -2.0985e-07 -2.3458e-07 -2.6118e-07 -2.8964e-07 -3.1993e-07 -3.5194e-07 -3.8549e-07 -4.2028e-07 -4.5591e-07 -4.9181e-07 -5.2721e-07 -5.6113e-07 -5.9232e-07 -6.1931e-07 -6.4032e-07 -6.5339e-07 -6.5646e-07 -6.4751e-07 -6.2484e-07 -5.8743e-07 -5.3528e-07 -4.6986e-07 -3.9434e-07 -3.1357e-07 -2.3366e-07 -1.6098e-07 -1.0088e-07 -5.6351e-08 -2.7380e-08 -1.1227e-08 -3.7423e-09 -9.6836e-10 -1.8367e-10 -2.3775e-11 -1.9206e-12 -8.6543e-14 -1.8879e-15 -1.6659e-17 -4.7311e-20 -3.2262e-23 -3.6234e-27 -4.1128e-32 -2.4969e-38 -3.5181e-46 -3.8174e-56 -7.3444e-69 -3.4897e-85 -2.8394e-106 -1.0314e-133 -1.0899e-169 -2.9869e-217 -1.0529e-280 -0.0000e+00 -0.0000e+00 -0.0000e+00 -0.0000e+00 -0.0000e+00 -0.0000e+00 -0.0000e+00 -0.0000e+00 -0.0000e+00 -0.0000e+00 -0.0000e+00 -0.0000e+00 -0.0000e+00 -0.0000e+00 -0.0000e+00 -0.0000e+00 -0.0000e+00 -0.0000e+00 -0.0000e+00 -0.0000e+00 -0.0000e+00 -0.0000e+00 -0.0000e+00 -0.0000e+00
-1.1383e-10 -6.4455e-10 -1.7790e-09 1.9850e-08 -6.4129e-09 -1.0152e-08 -1.4988e-08 -2.1030e-08 -2.8386e-08 -3.7169e-08 -4.7492e-08 -5.9475e-08 -7.3242e-08 -8.8924e-08 -1.0666e-07 -1.2659e-07 -1.4887e-07 -1.7366e-07 -2.0113e-07 -2.3144e-07 -2.6478e-07 -3.0131e-07 -3.4122e-07 -3.8465e-07 -4.3175e-07 -4.8263e-07 -5.3736e-07 -5.9593e-07 -6.5825e-07 -7.2410e-07 -7.9312e-07 -8.6470e-07 -9.3801e-07 -1.0119e-06 -1.0847e-06 -1.1545e-06 -1.2187e-06 -1.2742e-06 -1.3174e-06 -1.3443e-06 -1.3506e-06 -1.3322e-06 -1.2856e-06 -1.2086e-06 -1.1013e-06 -9.6671e-07 -8.1133e-07 -6.4516e-07 -4.8074e-07 -3.3121e-07 -2.0755e-07 -1.1594e-07 -5.6333e-08 -2.3098e-08 -7.6996e-09 -1.9924e-09 -3.7790e-10 -4.8916e-11 -3.9516e-12 -1.7806e-13 -3.8842e-15 -3.4276e-17 -9.7340e-20 -6.6379e-23 -7.4550e-27 -8.4620e-32 -5.1373e-38 -7.2384e-46 -7.8543e-56 -1.5111e-68 -7.1802e-85 -5.8423e-106 -2.1223e-133 -2.2426e-169 -6.1461e-217 -2.1667e-280 -0.0000e+00 -0.0000e+00 -0.0000e+00 -0.0000e+00 -0.0000e+00 -0.0000e+00 -0.0000e+00 -0.0000e+00 -0.0000e+00 -0.0000e+00 -0.0000e+00 -0.0000e+00 -0.0000e+00 -0.0000e+00 -0.0000e+00 -0.0000e+00 -0.0000e+00 -0.0000e+00 -0.0000e+00 -0.0000e+00 -0.0000e+00 -0.0000e+00 -0.0000e+00 -0.0000e+00 -1.1383e-10 -6.4455e-10 -1.7790e-09 0.0000e+00 -6.4129e-09 -1.0152e-08 -1.4988e-08 -2.1030e-08 -2.8386e-08 -3.7169e-08 -4.7492e-08 -5.9475e-08 -7.3242e-08 -8.8924e-08 -1.0666e-07 -1.2659e-07 -1.4887e-07 -1.7366e-07 -2.0113e-07 -2.3144e-07 -2.6478e-07 -3.0131e-07 -3.4122e-07 -3.8465e-07 -4.3175e-07 -4.8263e-07 -5.3736e-07 -5.9593e-07 -6.5825e-07 -7.2410e-07 -7.9312e-07 -8.6470e-07 -9.3801e-07 -1.0119e-06 -1.0847e-06 -1.1545e-06 -1.2187e-06 -1.2742e-06 -1.3174e-06 -1.3443e-06 -1.3506e-06 -1.3322e-06 -1.2856e-06 -1.2086e-06 -1.1013e-06 -9.6671e-07 -8.1133e-07 -6.4516e-07 -4.8074e-07 -3.3121e-07 -2.0755e-07 -1.1594e-07 -5.6333e-08 -2.3098e-08 -7.6996e-09 -1.9924e-09 -3.7790e-10 -4.8916e-11 -3.9516e-12 -1.7806e-13 -3.8842e-15 -3.4276e-17 -9.7340e-20 -6.6378e-23 -7.4549e-27 -8.4619e-32 -5.1372e-38 -7.2383e-46 -7.8542e-56 -1.5111e-68 -7.1800e-85 -5.8420e-106 -2.1222e-133 -2.2425e-169 -6.1456e-217 -2.1665e-280 -0.0000e+00 -0.0000e+00 -0.0000e+00 -0.0000e+00 -0.0000e+00 -0.0000e+00 -0.0000e+00 -0.0000e+00 -0.0000e+00 -0.0000e+00 -0.0000e+00 -0.0000e+00 -0.0000e+00 -0.0000e+00 -0.0000e+00 -0.0000e+00 -0.0000e+00 -0.0000e+00 -0.0000e+00 -0.0000e+00 -0.0000e+00 -0.0000e+00 -0.0000e+00 -0.0000e+00
-1.9944e-10 -1.1293e-09 -3.1169e-09 -6.4129e-09 7.6082e-08 -1.7786e-08 -2.6259e-08 -3.6845e-08 -4.9734e-08 -6.5121e-08 -8.3207e-08 -1.0420e-07 -1.2832e-07 -1.5580e-07 -1.8687e-07 -2.2179e-07 -2.6083e-07 -3.0426e-07 -3.5238e-07 -4.0549e-07 -4.6390e-07 -5.2791e-07 -5.9782e-07 -6.7391e-07 -7.5643e-07 -8.4558e-07 -9.4146e-07 -1.0441e-06 -1.1533e-06 -1.2686e-06 -1.3896e-06 -1.5150e-06 -1.6434e-06 -1.7728e-06 -1.9004e-06 -2.0227e-06 -2.1351e-06 -2.2324e-06 -2.3081e-06 -2.3553e-06 -2.3663e-06 -2.3341e-06 -2.2524e-06 -2.1175e-06 -1.9295e-06 -1.6937e-06 -1.4215e-06 -1.1303e-06 -8.4227e-07 -5.8029e-07 -3.6362e-07 -2.0313e-07 -9.8697e-08 -4.0469e-08 -1.3490e-08 -3.4907e-09 -6.6209e-10 -8.5702e-11 -6.9233e-12 -3.1197e-13 -6.8053e-15 -6.0053e-17 -1.7055e-19 -1.1630e-22 -1.3062e-26 -1.4826e-31 -9.0012e-38 -1.2683e-45 -1.3762e-55 -2.6478e-68 -1.2582e-84 -1.0238e-105 -3.7191e-133 -3.9302e-169 -1.0772e-216 -3.7979e-280 -0.0000e+00 -0.0000e+00 -0.0000e+00 -0.0000e+00 -0.0000e+00 -0.0000e+00 -0.0000e+00 -0.0000e+00 -0.0000e+00 -0.0000e+00 -0.0000e+00 -0.0000e+00 -0.0000e+00 -0.0000e+00 -0.0000e+00 -0.0000e+00 -0.0000e+00 -0.0000e+00 -0.0000e+00 -0.0000e+00 -0.0000e+00 -0.0000e+00 -0.0000e+00 -0.0000e+00 -1.9944e-10 -1.1293e-09 -3.1169e-09 -6.4129e-09 0.0000e+00 -1.7786e-08 -2.6259e-08 -3.6845e-08 -4.9734e-08 -6.5121e-08 -8.3207e-08 -1.0420e-07 -1.2832e-07 -1.5580e-07 -1.8687e-07 -2.2179e-07 -2.6083e-07 -3.0426e-07 -3.5238e-07 -4.0549e-07 -4.6390e-07 -5.2791e-07 -5.9782e-07 -6.7391e-07 -7.5643e-07 -8.4558e-07 -9.4146e-07 -1.0441e-06 -1.1533e-06 -1.2686e-06 -1.3896e-06 -1.5150e-06 -1.6434e-06 -1.7728e-06 -1.9004e-06 -2.0227e-06 -2.1351e-06 -2.2324e-06 -2.3081e-06 -2.3553e-06 -2.3663e-06 -2.3341e-06 -2.2524e-06 -2.1175e-06 -1.9295e-06 -1.6937e-06 -1.4215e-06 -1.1303e-06 -8.4227e-07 -5.8029e-07 -3.6362e-07 -2.0313e-07 -9.8697e-08 -4.0469e-08 -1.3490e-08 -3.4906e-09 -6.6208e-10 -8.5701e-11 -6.9232e-12 -3.1196e-13 -6.8052e-15 -6.0052e-17 -1.7054e-19 -1.1630e-22 -1.3061e-26 -1.4826e-31 -9.0007e-38 -1.2682e-45 -1.3761e-55 -2.6476e-68 -1.2580e-84 -1.0236e-105 -3.7183e-133 -3.9292e-169 -1.0768e-216 -3.7963e-280 -0.0000e+00 -0.0000e+00 -0.0000e+00 -0.0000e+00 -0.0000e+00 -0.0000e+00 -0.0000e+00 -0.0000e+00 -0.0000e+00 -0.0000e+00 -0.0000e+00 -0.0000e+00 -0.0000e+00 -0.0000e+00 -0.0000e+00 -0.0000e+00 -0.0000e+00 -0.0000e+00 -0.0000e+00 -0.0000e+00 -0.0000e+00 -0.0000e+00 -0.0000e+00 -0.0000e+00
-3.1572e-10 -1.7877e-09 -4.9343e-09 -1.0152e-08 -1.7786e-08 2.2841e-07 -4.1570e-08 -5.8327e-08 -7.8731e-08 -1.0309e-07 -1.3172e-07 -1.6496e-07 -2.0314e-07 -2.4663e-07 -2.9582e-07 -3.5110e-07 -4.1290e-07 -4.8166e-07 -5.5784e-07 -6.4192e-07 -7.3438e-07 -8.3571e-07 -9.4638e-07 -1.0668e-06 -1.1975e-06 -1.3386e-06 -1.4904e-06 -1.6528e-06 -1.8257e-06 -2.0083e-06 -2.1997e-06 -2.3983e-06 -2.6016e-06 -2.8065e-06 -3.0085e-06 -3.2020e-06 -3.3801e-06 -3.5340e-06 -3.6539e-06 -3.7285e-06 -3.7460e-06 -3.6950e-06 -3.5656e-06 -3.3521e-06 -3.0545e-06 -2.6812e-06 -2.2503e-06 -1.7894e-06 -1.3334e-06 -9.1864e-07 -5.7564e-07 -3.2157e-07 -1.5624e-07 -6.4065e-08 -2.1356e-08 -5.5260e-09 -1.0481e-09 -1.3568e-10 -1.0960e-11 -4.9388e-13 -1.0774e-14 -9.5073e-17 -2.7000e-19 -1.8413e-22 -2.0680e-26 -2.3474e-31 -1.4252e-37 -2.0081e-45 -2.1791e-55 -4.1929e-68 -1.9925e-84 -1.6214e-105 -5.8911e-133 -6.2265e-169 -1.7069e-216 -6.0200e-280 -0.0000e+00 -0.0000e+00 -0.0000e+00 -0.0000e+00 -0.0000e+00 -0.0000e+00 -0.0000e+00 -0.0000e+00 -0.0000e+00 -0.0000e+00 -0.0000e+00 -0.0000e+00 -0.0000e+00 -0.0000e+00 -0.0000e+00 -0.0000e+00 -0.0000e+00 -0.0000e+00 -0.0000e+00 -0.0000e+00 -0.0000e+00 -0.0000e+00 -0.0000e+00 -0.0000e+00 -3.1572e-10 -1.7877e-09 -4.9343e-09 -1.0152e-08 -1.7786e-08 0.0000e+00 -4.1570e-08 -5.8327e-08 -7.8731e-08 -1.0309e-07 -1.3172e-07 -1.6496e-07 -2.0314e-07 -2.4663e-07 -2.9582e-07 -3.5110e-07 -4.1290e-07 -4.8166e-07 -5.5784e-07 -6.4192e-07 -7.3438e-07 -8.3571e-07 -9.4638e-07 -1.0668e-06 -1.1975e-06 -1.3386e-06 -1.4904e-06 -1.6528e-06 -1.8257e-06 -2.0083e-06 -2.1997e-06 -2.3983e-06 -2.6016e-06 -2.8065e-06 -3.0085e-06 -3.2020e-06 -3.3801e-06 -3.5340e-06 -3.6539e-06 -3.7285e-06 -3.7460e-06 -3.6949e-06 -3.5656e-06 -3.3521e-06 -3.0545e-06 -2.6812e-06 -2.2503e-06 -1.7894e-06 -1.3334e-06 -9.1863e-07 -5.7564e-07 -3.2156e-07 -1.5624e-07 -6.4065e-08 -2.1355e-08 -5.5259e-09 -1.0481e-09 -1.3567e-10 -1.0960e-11 -4.9386e-13 -1.0773e-14 -9.5068e-17 -2.6999e-19 -1.8411e-22 -2.0678e-26 -2.3471e-31 -1.4249e-37 -2.0077e-45 -2.1786e-55 -4.1917e-68 -1.9917e-84 -1.6207e-105 -5.8875e-133 -6.2217e-169 -1.7053e-216 -6.0123e-280 -0.0000e+00 -0.0000e+00 -0.0000e+00 -0.0000e+00 -0.0000e+00 -0.0000e+00 -0.0000e+00 -0.0000e+00 -0.0000e+00 -0.0000e+00 -0.0000e+00 -0.0000e+00 -0.0000e+00 -0.0000e+00 -0.0000e+00 -0.0000e+00 -0.0000e+00 -0.0000e+00 -0.0000e+00 -0.0000e+00 -0.0000e+00 -0.0000e+00 -0.0000e+00 -0.0000e+00
-4.6612e-10 -2.6393e-09 -7.2848e-09 -1.4988e-08 -2.6259e-08 -4.1570e-08 5.7961e-07 -8.6113e-08 -1.1624e-07 -1.5220e-07 -1.9447e-07 -2.4354e-07 -2.9991e-07 -3.6412e-07 -4.3674e-07 -5.1836e-07 -6.0960e-07 -7.1111e-07 -8.2358e-07 -9.4771e-07 -1.0842e-06 -1.2338e-06 -1.3972e-06 -1.5750e-06 -1.7679e-06 -1.9763e-06 -2.2004e-06 -2.4402e-06 -2.6954e-06 -2.9650e-06 -3.2476e-06 -3.5408e-06 -3.8410e-06 -4.1434e-06 -4.4416e-06 -4.7274e-06 -4.9902e-06 -5.2175e-06 -5.3945e-06 -5.5047e-06 -5.5305e-06 -5.4551e-06 -5.2642e-06 -4.9490e-06 -4.5096e-06 -3.9585e-06 -3.3222e-06 -2.6418e-06 -1.9686e-06 -1.3563e-06 -8.4987e-07 -4.7476e-07 -2.3068e-07 -9.4587e-08 -3.1530e-08 -8.1588e-09 -1.5475e-09 -2.0032e-10 -1.6183e-11 -7.2921e-13 -1.5907e-14 -1.4038e-16 -3.9868e-19 -2.7189e-22 -3.0538e-26 -3.4666e-31 -2.1048e-37 -2.9660e-45 -3.2189e-55 -6.1944e-68 -2.9441e-84 -2.3964e-105 -8.7093e-133 -9.2088e-169 -2.5258e-216 -8.9139e-280 -0.0000e+00 -0.0000e+00 -0.0000e+00 -0.0000e+00 -0.0000e+00 -0.0000e+00 -0.0000e+00 -0.0000e+00 -0.0000e+00 -0.0000e+00 -0.0000e+00 -0.0000e+00 -0.0000e+00 -0.0000e+00 -0.0000e+00 -0.0000e+00 -0.0000e+00 -0.0000e+00 -0.0000e+00 -0.0000e+00 -0.0000e+00 -0.0000e+00 -0.0000e+00 -0.0000e+00 -4.6612e-10 -2.6393e-09 -7.2848e-09 -1.4988e-08 -2.6259e-08 -4.1570e-08 0.0000e+00 -8.6113e-08 -1.1624e-07 -1.5220e-07 -1.9447e-07 -2.4354e-07 -2.9991e-07 -3.6412e-07 -4.3674e-07 -5.1836e-07 -6.0960e-07 -7.1111e-07 -8.2358e-07 -9.4771e-07 -1.0842e-06 -1.2338e-06 -1.3972e-06 -1.5750e-06 -1.7679e-06 -1.9763e-06 -2.2004e-06 -2.4402e-06 -2.6954e-06 -2.9650e-06 -3.2476e-06 -3.5408e-06 -3.8410e-06 -4.1434e-06 -4.4416e-06 -4.7274e-06 -4.9902e-06 -5.2175e-06 -5.3945e-06 -5.5047e-06 -5.5305e-06 -5.4551e-06 -5.2642e-06 -4.9490e-06 -4.5096e-06 -3.9585e-06 -3.3222e-06 -2.6418e-06 -1.9686e-06 -1.3562e-06 -8.4986e-07 -4.7475e-07 -2.3067e-07 -9.4584e-08 -3.1529e-08 -8.1584e-09 -1.5474e-09 -2.0031e-10 -1.6181e-11 -7.2914e-13 -1.5906e-14 -1.4036e-16 -3.9862e-19 -2.7183e-22 -3.0530e-26 -3.4655e-31 -2.1040e-37 -2.9646e-45 -3.2170e-55 -6.1898e-68 -2.9414e-84 -2.3936e-105 -8.6962e-133 -9.1910e-169 -2.5195e-216 -8.8850e-280 -0.0000e+00 -0.0000e+00 -0.0000e+00 -0.0000e+00 -0.0000e+00 -0.0000e+00 -0.0000e+00 -0.0000e+00 -0.0000e+00 -0.0000e+00 -0.0000e+00 -0.0000e+00 -0.0000e+00 -0.0000e+00 -0.0000e+00 -0.0000e+00 -0.0000e+00 -0.0000e+00 -0.0000e+00 -0.0000e+00 -0.0000e+00 -0.0000e+00 -0.0000e+00 -0.0000e+00
-6.5401e-10 -3.7032e-09 -1.0221e-08 -2.1030e-08 -3.6845e-08 -5.8327e-08 -8.6113e-08 1.3009e-06 -1.6309e-07 -2.1355e-07 -2.7286e-07 -3.4171e-07 -4.2080e-07 -5.1090e-07 -6.1279e-07 -7.2731e-07 -8.5533e-07 -9.9776e-07 -1.1556e-06 -1.3297e-06 -1.5213e-06 -1.7312e-06 -1.9604e-06 -2.2100e-06 -2.4806e-06 -2.7729e-06 -3.0873e-06 -3.4238e-06 -3.7819e-06 -4.1603e-06 -4.5568e-06 -4.9681e-06 -5.3893e-06 -5.8136e-06 -6.2321e-06 -6.6330e-06 -7.0018e-06 -7.3208e-06 -7.5691e-06 -7.7237e-06 -7.7600e-06 -7.6542e-06 -7.3863e-06 -6.9440e-06 -6.3276e-06 -5.5543e-06 -4.6615e-06 -3.7068e-06 -2.7622e-06 -1.9030e-06 -1.1925e-06 -6.6616e-07 -3.2368e-07 -1.3272e-07 -4.4242e-08 -1.1449e-08 -2.1715e-09 -2.8110e-10 -2.2709e-11 -1.0233e-12 -2.2325e-14 -1.9702e-16 -5.5957e-19 -3.8163e-22 -4.2868e-26 -4.8668e-31 -2.9554e-37 -4.1654e-45 -4.5216e-55 -8.7036e-68 -4.1382e-84 -3.3699e-105 -1.2255e-132 -1.2968e-168 -3.5605e-216 -1.2583e-279 -0.0000e+00 -0.0000e+00 -0.0000e+00 -0.0000e+00 -0.0000e+00 -0.0000e+00 -0.0000e+00 -0.0000e+00 -0.0000e+00 -0.0000e+00 -0.0000e+00 -0.0000e+00 -0.0000e+00 -0.0000e+00 -0.0000e+00 -0.0000e+00 -0.0000e+00 -0.0000e+00 -0.0000e+00 -0.0000e+00 -0.0000e+00 -0.0000e+00 -0.0000e+00 -0.0000e+00 -6.5401e-10 -3.7032e-09 -1.0221e-08 -2.1030e-08 -3.6845e-08 -5.8327e-08 -8.6113e-08 0.0000e+00 -1.6309e-07 -2.1355e-07 -2.7286e-07 -3.4171e-07 -4.2080e-07 -5.1090e-07 -6.1279e-07 -7.2731e-07 -8.5533e-07 -9.9776e-07 -1.1556e-06 -1.3297e-06 -1.5213e-06 -1.7312e-06 -1.9604e-06 -2.2100e-06 -2.4806e-06 -2.7729e-06 -3.0873e-06 -3.4238e-06 -3.7819e-06 -4.1603e-06 -4.5568e-06 -4.9681e-06 -5.3893e-06 -5.8136e-06 -6.2321e-06 -6.6330e-06 -7.0018e-06 -7.3207e-06 -7.5691e-06 -7.7236e-06 -7.7599e-06 -7.6541e-06 -7.3862e-06 -6.9439e-06 -6.3275e-06 -5.5542e-06 -4.6614e-06 -3.7067e-06 -2.7621e-06 -1.9030e-06 -1.1925e-06 -6.6613e-07 -3.2367e-07 -1.3271e-07 -4.4239e-08 -1.1447e-08 -2.1713e-09 -2.8106e-10 -2.2705e-11 -1.0231e-12 -2.2319e-14 -1.9696e-16 -5.5936e-19 -3.8146e-22 -4.2844e-26 -4.8634e-31 -2.9528e-37 -4.1609e-45 -4.5155e-55 -8.6890e-68 -4.1295e-84 -3.3609e-105 -1.2213e-132 -1.2911e-168 -3.5406e-216 -1.2492e-279 -0.0000e+00 -0.0000e+00 -0.0000e+00 -0.0000e+00 -0.0000e+00 -0.0000e+00 -0.0000e+00 -0.0000e+00 -0.0000e+00 -0.0000e+00 -0.0000e+00 -0.0000e+00 -0.0000e+00 -0.0000e+00 -0.0000e+00 -0.0000e+00 -0.0000e+00 -0.0000e+00 -0.0000e+00 -0.0000e+00 -0.0000e+00 -0.0000e+00 -0.0000e+00 -0.0000e+00
-8.8279e-10 -4.9987e-09 -1.3797e-08 -2.8386e-08 -4.9734e-08 -7.8731e-08 -1.1624e-07 -1.6309e-07 2.6594e-06 -2.8825e-07 -3.6831e-07 -4.6124e-07 -5.6801e-07 -6.8962e-07 -8.2716e-07 -9.8174e-07 -1.1545e-06 -1.3468e-06 -1.5598e-06 -1.7949e-06 -2.0534e-06 -2.3368e-06 -2.6462e-06 -2.9830e-06 -3.3483e-06 -3.7429e-06 -4.1673e-06 -4.6216e-06 -5.1049e-06 -5.6156e-06 -6.1508e-06 -6.7060e-06 -7.2745e-06 -7.8473e-06 -8.4122e-06 -8.9534e-06 -9.4512e-06 -9.8817e-06 -1.0217e-05 -1.0426e-05 -1.0475e-05 -1.0332e-05 -9.9702e-06 -9.3733e-06 -8.5412e-06 -7.4974e-06 -6.2924e-06 -5.0037e-06 -3.7286e-06 -2.5689e-06 -1.6097e-06 -8.9926e-07 -4.3695e-07 -1.7917e-07 -5.9727e-08 -1.5456e-08 -2.9317e-09 -3.7952e-10 -3.0661e-11 -1.3818e-12 -3.0146e-14 -2.6607e-16 -7.5577e-19 -5.1551e-22 -5.7915e-26 -6.5765e-31 -3.9946e-37 -5.6319e-45 -6.1161e-55 -1.1779e-67 -5.6042e-84 -4.5677e-105 -1.6629e-132 -1.7623e-168 -4.8480e-216 -1.7177e-279 -0.0000e+00 -0.0000e+00 -0.0000e+00 -0.0000e+00 -0.0000e+00 -0.0000e+00 -0.0000e+00 -0.0000e+00 -0.0000e+00 -0.0000e+00 -0.0000e+00 -0.0000e+00 -0.0000e+00 -0.0000e+00 -0.0000e+00 -0.0000e+00 -0.0000e+00 -0.0000e+00 -0.0000e+00 -0.0000e+00 -0.0000e+00 -0.0000e+00 -0.0000e+00 -0.0000e+00 -8.8279e-10 -4.9987e-09 -1.3797e-08 -2.8386e-08 -4.9734e-08 -7.8731e-08 -1.1624e-07 -1.6309e-07 0.0000e+00 -2.8825e-07 -3.6831e-07 -4.6124e-07 -5.6801e-07 -6.8962e-07 -8.2716e-07 -9.8174e-07 -1.1545e-06 -1.3468e-06 -1.5598e-06 -1.7949e-06 -2.0534e-06 -2.3368e-06 -2.6462e-06 -2.9830e-06 -3.3483e-06 -3.7429e-06 -4.1673e-06 -4.6216e-06 -5.1049e-06 -5.6156e-06 -6.1508e-06 -6.7060e-06 -7.2745e-06 -7.8473e-06 -8.4122e-06 -8.9533e-06 -9.4511e-06 -9.8817e-06 -1.0217e-05 -1.0426e-05 -1.0474e-05 -1.0332e-05 -9.9700e-06 -9.3731e-06 -8.5410e-06 -7.4972e-06 -6.2922e-06 -5.0035e-06 -3.7284e-06 -2.5687e-06 -1.6096e-06 -8.9917e-07 -4.3690e-07 -1.7914e-07 -5.9717e-08 -1.5453e-08 -2.9310e-09 -3.7941e-10 -3.0651e-11 -1.3812e-12 -3.0130e-14 -2.6590e-16 -7.5518e-19 -5.1502e-22 -5.7848e-26 -6.5671e-31 -3.9876e-37 -5.6196e-45 -6.0994e-55 -1.1739e-67 -5.5802e-84 -4.5429e-105 -1.6515e-132 -1.7468e-168 -4.7932e-216 -1.6926e-279 -0.0000e+00 -0.0000e+00 -0.0000e+00 -0.0000e+00 -0.0000e+00 -0.0000e+00 -0.0000e+00 -0.0000e+00 -0.0000e+00 -0.0000e+00 -0.0000e+00 -0.0000e+00 -0.0000e+00 -0.0000e+00 -0.0000e+00 -0.0000e+00 -0.0000e+00 -0.0000e+00 -0.0000e+00 -0.0000e+00 -0.0000e+00 -0.0000e+00 -0.0000e+00 -0.0000e+00
-1.1559e-09 -6.5452e-09 -1.8066e-08 -3.7169e-08 -6.5121e-08 -1.0309e-07 -1.5220e-07 -2.1355e-07 -2.8825e-07 5.0507e-06 -4.8227e-07 -6.0395e-07 -7.4375e-07 -9.0299e-07 -1.0831e-06 -1.2855e-06 -1.5117e-06 -1.7635e-06 -2.0424e-06 -2.3502e-06 -2.6888e-06 -3.0597e-06 -3.4649e-06 -3.9060e-06 -4.3843e-06 -4.9010e-06 -5.4567e-06 -6.0514e-06 -6.6843e-06 -7.3530e-06 -8.0539e-06 -8.7808e-06 -9.5253e-06 -1.0275e-05 -1.1015e-05 -1.1724e-05 -1.2375e-05 -1.2939e-05 -1.3378e-05 -1.3651e-05 -1.3716e-05 -1.3529e-05 -1.3055e-05 -1.2274e-05 -1.1184e-05 -9.8175e-06 -8.2396e-06 -6.5522e-06 -4.8825e-06 -3.3639e-06 -2.1080e-06 -1.1776e-06 -5.7223e-07 -2.3465e-07 -7.8223e-08 -2.0243e-08 -3.8400e-09 -4.9713e-10 -4.0167e-11 -1.8103e-12 -3.9500e-14 -3.4868e-16 -9.9062e-19 -6.7586e-22 -7.5953e-26 -8.6278e-31 -5.2430e-37 -7.3962e-45 -8.0378e-55 -1.5495e-67 -7.3807e-84 -6.0247e-105 -2.1977e-132 -2.3350e-168 -6.4453e-216 -2.2939e-279 -0.0000e+00 -0.0000e+00 -0.0000e+00 -0.0000e+00 -0.0000e+00 -0.0000e+00 -0.0000e+00 -0.0000e+00 -0.0000e+00 -0.0000e+00 -0.0000e+00 -0.0000e+00 -0.0000e+00 -0.0000e+00 -0.0000e+00 -0.0000e+00 -0.0000e+00 -0.0000e+00 -0.0000e+00 -0.0000e+00 -0.0000e+00 -0.0000e+00 -0.0000e+00 -0.0000e+00 -1.1559e-09 -6.5452e-09 -1.8066e-08 -3.7169e-08 -6.5121e-08 -1.0309e-07 -1.5220e-07 -2.1355e-07 -2.8825e-07 0.0000e+00 -4.8227e-07 -6.0395e-07 -7.4375e-07 -9.0299e-07 -1.0831e-06 -1.2855e-06 -1.5117e-06 -1.7635e-06 -2.0424e-06 -2.3502e-06 -2.6888e-06 -3.0597e-06 -3.4649e-06 -3.9060e-06 -4.3843e-06 -4.9010e-06 -5.4567e-06 -6.0514e-06 -6.6843e-06 -7.3530e-06 -8.0538e-06 -8.7808e-06 -9.5252e-06 -1.0275e-05 -1.1015e-05 -1.1723e-05 -1.2375e-05 -1.2939e-05 -1.3378e-05 -1.3651e-05 -1.3715e-05 -1.3528e-05 -1.3055e-05 -1.2273e-05 -1.1184e-05 -9.8169e-06 -8.2390e-06 -6.5516e-06 -4.8820e-06 -3.3635e-06 -2.1077e-06 -1.1774e-06 -5.7210e-07 -2.3459e-07 -7.8199e-08 -2.0235e-08 -3.8383e-09 -4.9686e-10 -4.0140e-11 -1.8088e-12 -3.9462e-14 -3.4827e-16 -9.8917e-19 -6.7465e-22 -7.5785e-26 -8.6044e-31 -5.2254e-37 -7.3655e-45 -7.9963e-55 -1.5394e-67 -7.3208e-84 -5.9630e-105 -2.1692e-132 -2.2963e-168 -6.3085e-216 -2.2311e-279 -0.0000e+00 -0.0000e+00 -0.0000e+00 -0.0000e+00 -0.0000e+00 -0.0000e+00 -0.0000e+00 -0.0000e+00 -0.0000e+00 -0.0000e+00 -0.0000e+00 -0.0000e+00 -0.0000e+00 -0.0000e+00 -0.0000e+00 -0.0000e+00 -0.0000e+00 -0.0000e+00 -0.0000e+00 -0.0000e+00 -0.0000e+00 -0.0000e+00 -0.0000e+00 -0.0000e+00
-1.4770e-09 -8.3631e-09 -2.3083e-08 -4.7492e-08 -8.3207e-08 -1.3172e-07 -1.9447e-07 -2.7286e-07 -3.6831e-07 -4.8227e-07 9.0402e-06 -7.7169e-07 -9.5031e-07 -1.1538e-06 -1.3839e-06 -1.6425e-06 -1.9316e-06 -2.2533e-06 -2.6096e-06 -3.0030e-06 -3.4355e-06 -3.9095e-06 -4.4273e-06 -4.9908e-06 -5.6019e-06 -6.2621e-06 -6.9722e-06 -7.7321e-06 -8.5408e-06 -9.3953e-06 -1.0291e-05 -1.1220e-05 -1.2171e-05 -1.3129e-05 -1.4074e-05 -1.4980e-05 -1.5813e-05 -1.6533e-05 -1.7094e-05 -1.7443e-05 -1.7525e-05 -1.7287e-05 -1.6682e-05 -1.5683e-05 -1.4291e-05 -1.2545e-05 -1.0529e-05 -8.3728e-06 -6.2393e-06 -4.2988e-06 -2.6940e-06 -1.5050e-06 -7.3134e-07 -2.9991e-07 -9.9985e-08 -2.5877e-08 -4.9092e-09 -6.3561e-10 -5.1363e-11 -2.3153e-12 -5.0530e-14 -4.4616e-16 -1.2679e-18 -8.6541e-22 -9.7300e-26 -1.1059e-30 -6.7257e-37 -9.4970e-45 -1.0333e-54 -1.9950e-67 -9.5215e-84 -7.7918e-105 -2.8515e-132 -3.0425e-168 -8.4446e-216 -3.0273e-279 -0.0000e+00 -0.0000e+00 -0.0000e+00 -0.0000e+00 -0.0000e+00 -0.0000e+00 -0.0000e+00 -0.0000e+00 -0.0000e+00 -0.0000e+00 -0.0000e+00 -0.0000e+00 -0.0000e+00 -0.0000e+00 -0.0000e+00 -0.0000e+00 -0.0000e+00 -0.0000e+00 -0.0000e+00 -0.0000e+00 -0.0000e+00 -0.0000e+00 -0.0000e+00 -0.0000e+00 -1.4770e-09 -8.3631e-09 -2.3083e-08 -4.7492e-08 -8.3207e-08 -1.3172e-07 -1.9447e-07 -2.7286e-07 -3.6831e-07 -4.8227e-07 0.0000e+00 -7.7169e-07 -9.5031e-07 -1.1538e-06 -1.3839e-06 -1.6425e-06 -1.9316e-06 -2.2533e-06 -2.6096e-06 -3.0030e-06 -3.4355e-06 -3.9095e-06 -4.4273e-06 -4.9908e-06 -5.6019e-06 -6.2621e-06 -6.9722e-06 -7.7321e-06 -8.5407e-06 -9.3952e-06 -1.0291e-05 -1.1220e-05 -1.2171e-05 -1.3129e-05 -1.4074e-05 -1.4980e-05 -1.5812e-05 -1.6533e-05 -1.7094e-05 -1.7443e-05 -1.7525e-05 -1.7286e-05 -1.6681e-05 -1.5682e-05 -1.4290e-05 -1.2544e-05 -1.0528e-05 -8.3715e-06 -6.2382e-06 -4.2979e-06 -2.6932e-06 -1.5045e-06 -7.3106e-07 -2.9977e-07 -9.9929e-08 -2.5859e-08 -4.9052e-09 -6.3499e-10 -5.1302e-11 -2.3120e-12 -5.0441e-14 -4.4520e-16 -1.2646e-18 -8.6264e-22 -9.6918e-26 -1.1006e-30 -6.6856e-37 -9.4267e-45 -1.0238e-54 -1.9721e-67 -9.3843e-84 -7.6504e-105 -2.7860e-132 -2.9537e-168 -8.1299e-216 -2.8826e-279 -0.0000e+00 -0.0000e+00 -0.0000e+00 -0.0000e+00 -0.0000e+00 -0.0000e+00 -0.0000e+00 -0.0000e+00 -0.0000e+00 -0.0000e+00 -0.0000e+00 -0.0000e+00 -0.0000e+00 -0.0000e+00 -0.0000e+00 -0.0000e+00 -0.0000e+00 -0.0000e+00 -0.0000e+00 -0.0000e+00 -0.0000e+00 -0.0000e+00 -0.0000e+00 -0.0000e+00
-1.8496e-09 -1.0473e-08 -2.8907e-08 -5.9475e-08 -1.0420e-07 -1.6496e-07 -2.4354e-07 -3.4171e-07 -4.6124e-07 -6.0395e-07 -7.7169e-07 1.5410e-05 -1.1901e-06 -1.4449e-06 -1.7331e-06 -2.0569e-06 -2.4190e-06 -2.8218e-06 -3.2681e-06 -3.7607e-06 -4.3023e-06 -4.8960e-06 -5.5443e-06 -6.2500e-06 -7.0154e-06 -7.8421e-06 -8.7314e-06 -9.6831e-06 -1.0696e-05 -1.1766e-05 -1.2887e-05 -1.4051e-05 -1.5242e-05 -1.6442e-05 -1.7626e-05 -1.8760e-05 -1.9803e-05 -2.0705e-05 -2.1408e-05 -2.1845e-05 -2.1948e-05 -2.1649e-05 -2.0892e-05 -1.9642e-05 -1.7899e-05 -1.5712e-05 -1.3187e-05 -1.0487e-05 -7.8151e-06 -5.3847e-06 -3.3746e-06 -1.8854e-06 -9.1623e-07 -3.7576e-07 -1.2529e-07 -3.2429e-08 -6.1531e-09 -7.9681e-10 -6.4403e-11 -2.9039e-12 -6.3397e-14 -5.5999e-16 -1.5923e-18 -1.0874e-21 -1.2236e-25 -1.3921e-30 -8.4760e-37 -1.1986e-44 -1.3067e-54 -2.5289e-67 -1.2107e-83 -9.9464e-105 -3.6585e-132 -3.9291e-168 -1.0999e-215 -3.9867e-279 -0.0000e+00 -0.0000e+00 -0.0000e+00 -0.0000e+00 -0.0000e+00 -0.0000e+00 -0.0000e+00 -0.0000e+00 -0.0000e+00 -0.0000e+00 -0.0000e+00 -0.0000e+00 -0.0000e+00 -0.0000e+00 -0.0000e+00 -0.0000e+00 -0.0000e+00 -0.0000e+00 -0.0000e+00 -0.0000e+00 -0.0000e+00 -0.0000e+00 -0.0000e+00 -0.0000e+00 -1.8496e-09 -1.0473e-08 -2.8907e-08 -5.9475e-08 -1.0420e-07 -1.6496e-07 -2.4354e-07 -3.4171e-07 -4.6124e-07 -6.0395e-07 -7.7169e-07 0.0000e+00 -1.1901e-06 -1.4449e-06 -1.7331e-06 -2.0569e-06 -2.4190e-06 -2.8218e-06 -3.2681e-06 -3.7607e-06 -4.3023e-06 -4.8960e-06 -5.5443e-06 -6.2500e-06 -7.0154e-06 -7.8421e-06 -8.7314e-06 -9.6830e-06 -1.0696e-05 -1.1766e-05 -1.2887e-05 -1.4050e-05 -1.5242e-05 -1.6442e-05 -1.7625e-05 -1.8759e-05 -1.9802e-05 -2.0704e-05 -2.1407e-05 -2.1844e-05 -2.1947e-05 -2.1648e-05 -2.0890e-05 -1.9639e-05 -1.7896e-05 -1.5709e-05 -1.3184e-05 -1.0484e-05 -7.8127e-06 -5.3827e-06 -3.3731e-06 -1.8844e-06 -9.1564e-07 -3.7546e-07 -1.2517e-07 -3.2392e-08 -6.1446e-09 -7.9548e-10 -6.4273e-11 -2.8968e-12 -6.3207e-14 -5.5795e-16 -1.5852e-18 -1.0815e-21 -1.2154e-25 -1.3807e-30 -8.3902e-37 -1.1836e-44 -1.2863e-54 -2.4798e-67 -1.1813e-83 -9.6432e-105 -3.5180e-132 -3.7382e-168 -1.0321e-215 -3.6741e-279 -0.0000e+00 -0.0000e+00 -0.0000e+00 -0.0000e+00 -0.0000e+00 -0.0000e+00 -0.0000e+00 -0.0000e+00 -0.0000e+00 -0.0000e+00 -0.0000e+00 -0.0000e+00 -0.0000e+00 -0.0000e+00 -0.0000e+00 -0.0000e+00 -0.0000e+00 -0.0000e+00 -0.0000e+00 -0.0000e+00 -0.0000e+00 -0.0000e+00 -0.0000e+00 -0.0000e+00
-2.2778e-09 -1.2897e-08 -3.5598e-08 -7.3242e-08 -1.2832e-07 -2.0314e-07 -2.9991e-07 -4.2080e-07 -5.6801e-07 -7.4375e-07 -9.5031e-07 -1.1901e-06 2.5219e-05 -1.7793e-06 -2.1342e-06 -2.5330e-06 -2.9789e-06 -3.4750e-06 -4.0246e-06 -4.6312e-06 -5.2982e-06 -6.0293e-06 -6.8277e-06 -7.6968e-06 -8.6393e-06 -9.6574e-06 -1.0753e-05 -1.1925e-05 -1.3172e-05 -1.4489e-05 -1.5870e-05 -1.7303e-05 -1.8770e-05 -2.0248e-05 -2.1706e-05 -2.3102e-05 -2.4387e-05 -2.5499e-05 -2.6364e-05 -2.6903e-05 -2.7030e-05 -2.6663e-05 -2.5730e-05 -2.4191e-05 -2.2045e-05 -1.9352e-05 -1.6243e-05 -1.2918e-05 -9.6269e-06 -6.6335e-06 -4.1575e-06 -2.3230e-06 -1.1290e-06 -4.6308e-07 -1.5443e-07 -3.9979e-08 -7.5873e-09 -9.8282e-10 -7.9465e-11 -3.5845e-12 -7.8295e-14 -6.9202e-16 -1.9692e-18 -1.3461e-21 -1.5164e-25 -1.7278e-30 -1.0539e-36 -1.4939e-44 -1.6332e-54 -3.1724e-67 -1.5258e-83 -1.2610e-104 -4.6733e-132 -5.0677e-168 -1.4363e-215 -5.2898e-279 -0.0000e+00 -0.0000e+00 -0.0000e+00 -0.0000e+00 -0.0000e+00 -0.0000e+00 -0.0000e+00 -0.0000e+00 -0.0000e+00 -0.0000e+00 -0.0000e+00 -0.0000e+00 -0.0000e+00 -0.0000e+00 -0.0000e+00 -0.0000e+00 -0.0000e+00 -0.0000e+00 -0.0000e+00 -0.0000e+00 -0.0000e+00 -0.0000e+00 -0.0000e+00 -0.0000e+00 -2.2778e-09 -1.2897e-08 -3.5598e-08 -7.3242e-08 -1.2832e-07 -2.0314e-07 -2.9991e-07 -4.2080e-07 -5.6801e-07 -7.4375e-07 -9.5031e-07 -1.1901e-06 0.0000e+00 -1.7793e-06 -2.1342e-06 -2.5330e-06 -2.9789e-06 -3.4750e-06 -4.0246e-06 -4.6312e-06 -5.2982e-06 -6.0293e-06 -6.8277e-06 -7.6968e-06 -8.6392e-06 -9.6574e-06 -1.0752e-05 -1.1924e-05 -1.3171e-05 -1.4489e-05 -1.5870e-05 -1.7303e-05 -1.8770e-05 -2.0248e-05 -2.1705e-05 -2.3102e-05 -2.4386e-05 -2.5497e-05 -2.6362e-05 -2.6901e-05 -2.7027e-05 -2.6659e-05 -2.5726e-05 -2.4186e-05 -2.2040e-05 -1.9346e-05 -1.6237e-05 -1.2912e-05 -9.6220e-06 -6.6295e-06 -4.1545e-06 -2.3209e-06 -1.1278e-06 -4.6249e-07 -1.5419e-07 -3.9904e-08 -7.5702e-09 -9.8014e-10 -7.9202e-11 -3.5701e-12 -7.7912e-14 -6.8790e-16 -1.9549e-18 -1.3342e-21 -1.4999e-25 -1.7047e-30 -1.0366e-36 -1.4635e-44 -1.5921e-54 -3.0730e-67 -1.4663e-83 -1.1995e-104 -4.3876e-132 -4.6788e-168 -1.2977e-215 -4.6482e-279 -0.0000e+00 -0.0000e+00 -0.0000e+00 -0.0000e+00 -0.0000e+00 -0.0000e+00 -0.0000e+00 -0.0000e+00 -0.0000e+00 -0.0000e+00 -0.0000e+00 -0.0000e+00 -0.0000e+00 -0.0000e+00 -0.0000e+00 -0.0000e+00 -0.0000e+00 -0.0000e+00 -0.0000e+00 -0.0000e+00 -0.0000e+00 -0.0000e+00 -0.0000e+00 -0.0000e+00
-2.7654e-09 -1.5659e-08 -4.3220e-08 -8.8924e-08 -1.5580e-07 -2.4663e-07 -3.6412e-07 -5.1090e-07 -6.8962e-07 -9.0299e-07 -1.1538e-06 -1.4449e-06 -1.7793e-06 3.9869e-05 -2.5912e-06 -3.0754e-06 -3.6167e-06 -4.2190e-06 -4.8863e-06 -5.6227e-06 -6.4326e-06 -7.3202e-06 -8.2896e-06 -9.3448e-06 -1.0489e-05 -1.1725e-05 -1.3055e-05 -1.4478e-05 -1.5992e-05 -1.7592e-05 -1.9269e-05 -2.1008e-05 -2.2789e-05 -2.4584e-05 -2.6354e-05 -2.8050e-05 -2.9610e-05 -3.0960e-05 -3.2011e-05 -3.2666e-05 -3.2821e-05 -3.2375e-05 -3.1244e-05 -2.9376e-05 -2.6770e-05 -2.3501e-05 -1.9727e-05 -1.5689e-05 -1.1693e-05 -8.0581e-06 -5.0509e-06 -2.8225e-06 -1.3720e-06 -5.6286e-07 -1.8774e-07 -4.8618e-08 -9.2300e-09 -1.1961e-09 -9.6758e-11 -4.3672e-12 -9.5463e-14 -8.4455e-16 -2.4059e-18 -1.6470e-21 -1.8586e-25 -2.1223e-30 -1.2981e-36 -1.8461e-44 -2.0269e-54 -3.9581e-67 -1.9165e-83 -1.5973e-104 -5.9838e-132 -6.5775e-168 -1.8965e-215 -7.1378e-279 -0.0000e+00 -0.0000e+00 -0.0000e+00 -0.0000e+00 -0.0000e+00 -0.0000e+00 -0.0000e+00 -0.0000e+00 -0.0000e+00 -0.0000e+00 -0.0000e+00 -0.0000e+00 -0.0000e+00 -0.0000e+00 -0.0000e+00 -0.0000e+00 -0.0000e+00 -0.0000e+00 -0.0000e+00 -0.0000e+00 -0.0000e+00 -0.0000e+00 -0.0000e+00 -0.0000e+00 -2.7654e-09 -1.5659e-08 -4.3220e-08 -8.8924e-08 -1.5580e-07 -2.4663e-07 -3.6412e-07 -5.1090e-07 -6.8962e-07 -9.0299e-07 -1.1538e-06 -1.4449e-06 -1.7793e-06 0.0000e+00 -2.5912e-06 -3.0754e-06 -3.6167e-06 -4.2190e-06 -4.8863e-06 -5.6227e-06 -6.4326e-06 -7.3202e-06 -8.2896e-06 -9.3447e-06 -1.0489e-05 -1.1725e-05 -1.3055e-05 -1.4478e-05 -1.5992e-05 -1.7592e-05 -1.9268e-05 -2.1008e-05 -2.2789e-05 -2.4583e-05 -2.6353e-05 -2.8048e-05 -2.9608e-05 -3.0957e-05 -3.2007e-05 -3.2661e-05 -3.2815e-05 -3.2368e-05 -3.1236e-05 -2.9366e-05 -2.6760e-05 -2.3491e-05 -1.9716e-05 -1.5679e-05 -1.1684e-05 -8.0503e-06 -5.0451e-06 -2.8186e-06 -1.3697e-06 -5.6172e-07 -1.8728e-07 -4.8474e-08 -9.1971e-09 -1.1909e-09 -9.6252e-11 -4.3396e-12 -9.4729e-14 -8.3664e-16 -2.3785e-18 -1.6241e-21 -1.8269e-25 -2.0779e-30 -1.2647e-36 -1.7876e-44 -1.9475e-54 -3.7662e-67 -1.8013e-83 -1.4781e-104 -5.4284e-132 -5.8188e-168 -1.6249e-215 -5.8728e-279 -0.0000e+00 -0.0000e+00 -0.0000e+00 -0.0000e+00 -0.0000e+00 -0.0000e+00 -0.0000e+00 -0.0000e+00 -0.0000e+00 -0.0000e+00 -0.0000e+00 -0.0000e+00 -0.0000e+00 -0.0000e+00 -0.0000e+00 -0.0000e+00 -0.0000e+00 -0.0000e+00 -0.0000e+00 -0.0000e+00 -0.0000e+00 -0.0000e+00 -0.0000e+00 -0.0000e+00
-3.3170e-09 -1.8782e-08 -5.1840e-08 -1.0666e-07 -1.8687e-07 -2.9582e-07 -4.3674e-07 -6.1279e-07 -8.2716e-07 -1.0831e-06 -1.3839e-06 -1.7331e-06 -2.1342e-06 -2.5912e-06 6.1186e-05 -3.6887e-06 -4.3380e-06 -5.0604e-06 -5.8608e-06 -6.7441e-06 -7.7155e-06 -8.7801e-06 -9.9429e-06 -1.1208e-05 -1.2581e-05 -1.4064e-05 -1.5658e-05 -1.7365e-05 -1.9181e-05 -2.1101e-05 -2.3112e-05 -2.5198e-05 -2.7335e-05 -2.9488e-05 -3.1611e-05 -3.3646e-05 -3.5518e-05 -3.7137e-05 -3.8399e-05 -3.9185e-05 -3.9372e-05 -3.8838e-05 -3.7483e-05 -3.5243e-05 -3.2119e-05 -2.8199e-05 -2.3671e-05 -1.8828e-05 -1.4034e-05 -9.6726e-06 -6.0638e-06 -3.3892e-06 -1.6479e-06 -6.7622e-07 -2.2563e-07 -5.8452e-08 -1.1102e-08 -1.4396e-09 -1.1654e-10 -5.2649e-12 -1.1521e-13 -1.0206e-15 -2.9123e-18 -1.9977e-21 -2.2600e-25 -2.5886e-30 -1.5894e-36 -2.2713e-44 -2.5087e-54 -4.9355e-67 -2.4122e-83 -2.0341e-104 -7.7319e-132 -8.6551e-168 -2.5525e-215 -9.8787e-279 -0.0000e+00 -0.0000e+00 -0.0000e+00 -0.0000e+00 -0.0000e+00 -0.0000e+00 -0.0000e+00 -0.0000e+00 -0.0000e+00 -0.0000e+00 -0.0000e+00 -0.0000e+00 -0.0000e+00 -0.0000e+00 -0.0000e+00 -0.0000e+00 -0.0000e+00 -0.0000e+00 -0.0000e+00 -0.0000e+00 -0.0000e+00 -0.0000e+00 -0.0000e+00 -0.0000e+00 -3.3170e-09 -1.8782e-08 -5.1840e-08 -1.0666e-07 -1.8687e-07 -2.9582e-07 -4.3674e-07 -6.1279e-07 -8.2716e-07 -1.0831e-06 -1.3839e-06 -1.7331e-06 -2.1342e-06 -2.5912e-06 0.0000e+00 -3.6887e-06 -4.3380e-06 -5.0604e-06 -5.8608e-06 -6.7441e-06 -7.7155e-06 -8.7801e-06 -9.9428e-06 -1.1208e-05 -1.2581e-05 -1.4064e-05 -1.5658e-05 -1.7365e-05 -1.9181e-05 -2.1100e-05 -2.3111e-05 -2.5197e-05 -2.7334e-05 -2.9486e-05 -3.1609e-05 -3.3642e-05 -3.5513e-05 -3.7132e-05 -3.8392e-05 -3.9177e-05 -3.9361e-05 -3.8826e-05 -3.7468e-05 -3.5226e-05 -3.2100e-05 -2.8179e-05 -2.3651e-05 -1.8809e-05 -1.4017e-05 -9.6583e-06 -6.0531e-06 -3.3820e-06 -1.6436e-06 -6.7412e-07 -2.2478e-07 -5.8188e-08 -1.1042e-08 -1.4301e-09 -1.1561e-10 -5.2139e-12 -1.1386e-13 -1.0060e-15 -2.8616e-18 -1.9553e-21 -2.2014e-25 -2.5065e-30 -1.5276e-36 -2.1629e-44 -2.3615e-54 -4.5791e-67 -2.1977e-83 -1.8114e-104 -6.6908e-132 -7.2254e-168 -2.0374e-215 -7.4577e-279 -0.0000e+00 -0.0000e+00 -0.0000e+00 -0.0000e+00 -0.0000e+00 -0.0000e+00 -0.0000e+00 -0.0000e+00 -0.0000e+00 -0.0000e+00 -0.0000e+00 -0.0000e+00 -0.0000e+00 -0.0000e+00 -0.0000e+00 -0.0000e+00 -0.0000e+00 -0.0000e+00 -0.0000e+00 -0.0000e+00 -0.0000e+00 -0.0000e+00 -0.0000e+00 -0.0000e+00
-3.9368e-09 -2.2292e-08 -6.1528e-08 -1.2659e-07 -2.2179e-07 -3.5110e-07 -5.1836e-07 -7.2731e-07 -9.8174e-07 -1.2855e-06 -1.6425e-06 -2.0569e-06 -2.5330e-06 -3.0754e-06 -3.6887e-06 9.1520e-05 -5.1487e-06 -6.0061e-06 -6.9560e-06 -8.0044e-06 -9.1574e-06 -1.0421e-05 -1.1801e-05 -1.3303e-05 -1.4932e-05 -1.6692e-05 -1.8585e-05 -2.0611e-05 -2.2766e-05 -2.5044e-05 -2.7432e-05 -2.9908e-05 -3.2445e-05 -3.5000e-05 -3.7521e-05 -3.9936e-05 -4.2159e-05 -4.4082e-05 -4.5581e-05 -4.6516e-05 -4.6739e-05 -4.6108e-05 -4.4501e-05 -4.1844e-05 -3.8138e-05 -3.3486e-05 -2.8112e-05 -2.2363e-05 -1.6672e-05 -1.1493e-05 -7.2065e-06 -4.0290e-06 -1.9596e-06 -8.0444e-07 -2.6854e-07 -6.9609e-08 -1.3231e-08 -1.7170e-09 -1.3914e-10 -6.2939e-12 -1.3794e-13 -1.2243e-15 -3.5015e-18 -2.4087e-21 -2.7345e-25 -3.1457e-30 -1.9417e-36 -2.7932e-44 -3.1103e-54 -6.1814e-67 -3.0591e-83 -2.6197e-104 -1.0148e-131 -1.1627e-167 -3.5271e-215 -1.4123e-278 -0.0000e+00 -0.0000e+00 -0.0000e+00 -0.0000e+00 -0.0000e+00 -0.0000e+00 -0.0000e+00 -0.0000e+00 -0.0000e+00 -0.0000e+00 -0.0000e+00 -0.0000e+00 -0.0000e+00 -0.0000e+00 -0.0000e+00 -0.0000e+00 -0.0000e+00 -0.0000e+00 -0.0000e+00 -0.0000e+00 -0.0000e+00 -0.0000e+00 -0.0000e+00 -0.0000e+00 -3.9368e-09 -2.2292e-08 -6.1528e-08 -1.2659e-07 -2.2179e-07 -3.5110e-07 -5.1836e-07 -7.2731e-07 -9.8174e-07 -1.2855e-06 -1.6425e-06 -2.0569e-06 -2.5330e-06 -3.0754e-06 -3.6887e-06 0.0000e+00 -5.1487e-06 -6.0061e-06 -6.9560e-06 -8.0044e-06 -9.1573e-06 -1.0421e-05 -1.1801e-05 -1.3303e-05 -1.4932e-05 -1.6692e-05 -1.8584e-05 -2.0610e-05 -2.2766e-05 -2.5043e-05 -2.7430e-05 -2.9906e-05 -3.2442e-05 -3.4997e-05 -3.7516e-05 -3.9930e-05 -4.2151e-05 -4.4072e-05 -4.5568e-05 -4.6500e-05 -4.6720e-05 -4.6085e-05 -4.4474e-05 -4.1814e-05 -3.8105e-05 -3.3451e-05 -2.8077e-05 -2.2330e-05 -1.6642e-05 -1.1467e-05 -7.1874e-06 -4.0161e-06 -1.9520e-06 -8.0071e-07 -2.6704e-07 -6.9139e-08 -1.3123e-08 -1.7002e-09 -1.3749e-10 -6.2033e-12 -1.3553e-13 -1.1983e-15 -3.4113e-18 -2.3332e-21 -2.6301e-25 -2.9992e-30 -1.8313e-36 -2.5991e-44 -2.8463e-54 -5.5403e-67 -2.6720e-83 -2.2161e-104 -8.2514e-132 -9.0034e-168 -2.5730e-215 -9.5835e-279 -0.0000e+00 -0.0000e+00 -0.0000e+00 -0.0000e+00 -0.0000e+00 -0.0000e+00 -0.0000e+00 -0.0000e+00 -0.0000e+00 -0.0000e+00 -0.0000e+00 -0.0000e+00 -0.0000e+00 -0.0000e+00 -0.0000e+00 -0.0000e+00 -0.0000e+00 -0.0000e+00 -0.0000e+00 -0.0000e+00 -0.0000e+00 -0.0000e+00 -0.0000e+00 -0.0000e+00
