-2.0857e-08 -7.0158e-12 -1.9364e-11 -3.9841e-11 -6.9802e-11 -1.1050e-10 -1.6314e-10 -2.2890e-10 -3.0898e-10 -4.0457e-10 -5.1694e-10 -6.4737e-10 -7.9721e-10 -9.6791e-10 -1.1609e-09 -1.3779e-09 -1.6204e-09 -1.8903e-09 -2.1892e-09 -2.5192e-09 -2.8820e-09 -3.2797e-09 -3.7140e-09 -4.1868e-09 -4.6995e-09 -5.2533e-09 -5.8490e-09 -6.4865e-09 -7.1648e-09 -7.8816e-09 -8.6328e-09 -9.4120e-09 -1.0210e-08 -1.1014e-08 -1.1807e-08 -1.2566e-08 -1.3265e-08 -1.3869e-08 -1.4340e-08 -1.4632e-08 -1.4701e-08 -1.4501e-08 -1.3993e-08 -1.3155e-08 -1.1987e-08 -1.0522e-08 -8.8310e-09 -7.0223e-09 -5.2327e-09 -3.6051e-09 -2.2591e-09 -1.2620e-09 -6.1317e-10 -2.5142e-10 -8.3807e-11 -2.1686e-11 -4.1133e-12 -5.3243e-13 -4.3011e-14 -1.9381e-15 -4.2278e-17 -3.7308e-19 -1.0595e-21 -7.2251e-25 -8.1144e-29 -9.2105e-34 -5.5917e-40 -7.8786e-48 -8.5489e-58 -1.6448e-70 -7.8150e-87 -6.3587e-108 -2.3099e-135 -2.4408e-171 -6.6890e-219 -2.3580e-282 -0.0000e+00 -0.0000e+00 -0.0000e+00 -0.0000e+00 -0.0000e+00 -0.0000e+00 -0.0000e+00 -0.0000e+00 -0.0000e+00 -0.0000e+00 -0.0000e+00 -0.0000e+00 -0.0000e+00 -0.0000e+00 -0.0000e+00 -0.0000e+00 -0.0000e+00 -0.0000e+00 -0.0000e+00 -0.0000e+00 -0.0000e+00 -0.0000e+00 -0.0000e+00 -0.0000e+00 0.0000e+00 -7.0158e-12 -1.9364e-11 -3.9841e-11 -6.9802e-11 -1.1050e-10 -1.6314e-10 -2.2890e-10 -3.0898e-10 -4.0457e-10 -5.1694e-10 -6.4737e-10 -7.9721e-10 -9.6791e-10 -1.1609e-09 -1.3779e-09 -1.6204e-09 -1.8903e-09 -2.1892e-09 -2.5192e-09 -2.8820e-09 -3.2797e-09 -3.7140e-09 -4.1868e-09 -4.6995e-09 -5.2533e-09 -5.8490e-09 -6.4865e-09 -7.1648e-09 -7.8816e-09 -8.6328e-09 -9.4120e-09 -1.0210e-08 -1.1014e-08 -1.1807e-08 -1.2566e-08 -1.3265e-08 -1.3869e-08 -1.4340e-08 -1.4632e-08 -1.4701e-08 -1.4501e-08 -1.3993e-08 -1.3155e-08 -1.1987e-08 -1.0522e-08 -8.8310e-09 -7.0223e-09 -5.2327e-09 -3.6051e-09 -2.2591e-09 -1.2620e-09 -6.1317e-10 -2.5142e-10 -8.3807e-11 -2.1686e-11 -4.1133e-12 -5.3243e-13 -4.3011e-14 -1.9381e-15 -4.2278e-17 -3.7308e-19 -1.0595e-21 -7.2251e-25 -8.1144e-29 -9.2105e-34 -5.5917e-40 -7.8786e-48 -8.5489e-58 -1.6448e-70 -7.8150e-87 -6.3587e-108 -2.3099e-135 -2.4408e-171 -6.6890e-219 -2.3580e-282 -0.0000e+00 -0.0000e+00 -0.0000e+00 -0.0000e+00 -0.0000e+00 -0.0000e+00 -0.0000e+00 -0.0000e+00 -0.0000e+00 -0.0000e+00 -0.0000e+00 -0.0000e+00 -0.0000e+00 -0.0000e+00 -0.0000e+00 -0.0000e+00 -0.0000e+00 -0.0000e+00 -0.0000e+00 -0.0000e+00 -0.0000e+00 -0.0000e+00 -0.0000e+00 -0.0000e+00
-7.0158e-12 3.0248e-10 -1.0965e-10 -2.2559e-10 -3.9524e-10 -6.2570e-10 -9.2376e-10 -1.2961e-09 -1.7495e-09 -2.2908e-09 -2.9271e-09 -3.6656e-09 -4.5141e-09 -5.4806e-09 -6.5736e-09 -7.8021e-09 -9.1754e-09 -1.0703e-08 -1.2396e-08 -1.4264e-08 -1.6319e-08 -1.8571e-08 -2.1030e-08 -2.3707e-08 -2.6610e-08 -2.9746e-08 -3.3119e-08 -3.6729e-08 -4.0569e-08 -4.4628e-08 -4.8882e-08 -5.3294e-08 -5.7812e-08 -6.2364e-08 -6.6853e-08 -7.1154e-08 -7.5110e-08 -7.8532e-08 -8.1196e-08 -8.2854e-08 -8.3243e-08 -8.2108e-08 -7.9234e-08 -7.4489e-08 -6.7876e-08 -5.9581e-08 -5.0004e-08 -3.9763e-08 -2.9630e-08 -2.0413e-08 -1.2792e-08 -7.1456e-09 -3.4720e-09 -1.4236e-09 -4.7455e-10 -1.2279e-10 -2.3291e-11 -3.0148e-12 -2.4355e-13 -1.0974e-14 -2.3939e-16 -2.1125e-18 -5.9993e-21 -4.0911e-24 -4.5947e-28 -5.2153e-33 -3.1662e-39 -4.4611e-47 -4.8407e-57 -9.3131e-70 -4.4251e-86 -3.6005e-107 -1.3079e-134 -1.3820e-170 -3.7875e-218 -1.3352e-281 -0.0000e+00 -0.0000e+00 -0.0000e+00 -0.0000e+00 -0.0000e+00 -0.0000e+00 -0.0000e+00 -0.0000e+00 -0.0000e+00 -0.0000e+00 -0.0000e+00 -0.0000e+00 -0.0000e+00 -0.0000e+00 -0.0000e+00 -0.0000e+00 -0.0000e+00 -0.0000e+00 -0.0000e+00 -0.0000e+00 -0.0000e+00 -0.0000e+00 -0.0000e+00 -0.0000e+00 -7.0158e-12 0.0000e+00 -1.0965e-10 -2.2559e-10 -3.9524e-10 -6.2570e-10 -9.2376e-10 -1.2961e-09 -1.7495e-09 -2.2908e-09 -2.9271e-09 -3.6656e-09 -4.5141e-09 -5.4806e-09 -6.5736e-09 -7.8021e-09 -9.1754e-09 -1.0703e-08 -1.2396e-08 -1.4264e-08 -1.6319e-08 -1.8571e-08 -2.1030e-08 -2.3707e-08 -2.6610e-08 -2.9746e-08 -3.3119e-08 -3.6729e-08 -4.0569e-08 -4.4628e-08 -4.8882e-08 -5.3294e-08 -5.7812e-08 -6.2364e-08 -6.6853e-08 -7.1154e-08 -7.5110e-08 -7.8532e-08 -8.1196e-08 -8.2854e-08 -8.3243e-08 -8.2108e-08 -7.9234e-08 -7.4489e-08 -6.7876e-08 -5.9581e-08 -5.0004e-08 -3.9763e-08 -2.9630e-08 -2.0413e-08 -1.2792e-08 -7.1456e-09 -3.4720e-09 -1.4236e-09 -4.7455e-10 -1.2279e-10 -2.3291e-11 -3.0148e-12 -2.4355e-13 -1.0974e-14 -2.3939e-16 -2.1125e-18 -5.9993e-21 -4.0911e-24 -4.5947e-28 -5.2153e-33 -3.1662e-39 -4.4611e-47 -4.8407e-57 -9.3131e-70 -4.4251e-86 -3.6005e-107 -1.3079e-134 -1.3820e-170 -3.7875e-218 -1.3352e-281 -0.0000e+00 -0.0000e+00 -0.0000e+00 -0.0000e+00 -0.0000e+00 -0.0000e+00 -0.0000e+00 -0.0000e+00 -0.0000e+00 -0.0000e+00 -0.0000e+00 -0.0000e+00 -0.0000e+00 -0.0000e+00 -0.0000e+00 -0.0000e+00 -0.0000e+00 -0.0000e+00 -0.0000e+00 -0.0000e+00 -0.0000e+00 -0.0000e+00 -0.0000e+00 -0.0000e+00
-1.9364e-11 -1.0965e-10 3.4537e-09 -6.2267e-10 -1.0909e-09 -1.7270e-09 -2.5497e-09 -3.5775e-09 -4.8289e-09 -6.3230e-09 -8.0791e-09 -1.0118e-08 -1.2459e-08 -1.5127e-08 -1.8144e-08 -2.1535e-08 -2.5325e-08 -2.9542e-08 -3.4215e-08 -3.9372e-08 -4.5043e-08 -5.1258e-08 -5.8046e-08 -6.5434e-08 -7.3447e-08 -8.2102e-08 -9.1412e-08 -1.0138e-07 -1.1198e-07 -1.2318e-07 -1.3492e-07 -1.4710e-07 -1.5957e-07 -1.7213e-07 -1.8452e-07 -1.9639e-07 -2.0731e-07 -2.1676e-07 -2.2411e-07 -2.2869e-07 -2.2976e-07 -2.2663e-07 -2.1869e-07 -2.0560e-07 -1.8735e-07 -1.6445e-07 -1.3802e-07 -1.0975e-07 -8.1781e-08 -5.6343e-08 -3.5306e-08 -1.9723e-08 -9.5830e-09 -3.9293e-09 -1.3098e-09 -3.3893e-10 -6.4285e-11 -8.3212e-12 -6.7222e-13 -3.0290e-14 -6.6075e-16 -5.8308e-18 -1.6559e-20 -1.1292e-23 -1.2682e-27 -1.4395e-32 -8.7391e-39 -1.2313e-46 -1.3361e-56 -2.5706e-69 -1.2214e-85 -9.9380e-107 -3.6101e-134 -3.8147e-170 -1.0454e-217 -3.6853e-281 -0.0000e+00 -0.0000e+00 -0.0000e+00 -0.0000e+00 -0.0000e+00 -0.0000e+00 -0.0000e+00 -0.0000e+00 -0.0000e+00 -0.0000e+00 -0.0000e+00 -0.0000e+00 -0.0000e+00 -0.0000e+00 -0.0000e+00 -0.0000e+00 -0.0000e+00 -0.0000e+00 -0.0000e+00 -0.0000e+00 -0.0000e+00 -0.0000e+00 -0.0000e+00 -0.0000e+00 -1.9364e-11 -1.0965e-10 0.0000e+00 -6.2267e-10 -1.0909e-09 -1.7270e-09 -2.5497e-09 -3.5775e-09 -4.8289e-09 -6.3230e-09 -8.0791e-09 -1.0118e-08 -1.2459e-08 -1.5127e-08 -1.8144e-08 -2.1535e-08 -2.5325e-08 -2.9542e-08 -3.4215e-08 -3.9372e-08 -4.5043e-08 -5.1258e-08 -5.8046e-08 -6.5434e-08 -7.3447e-08 -8.2102e-08 -9.1412e-08 -1.0138e-07 -1.1198e-07 -1.2318e-07 -1.3492e-07 -1.4710e-07 -1.5957e-07 -1.7213e-07 -1.8452e-07 -1.9639e-07 -2.0731e-07 -2.1676e-07 -2.2411e-07 -2.2869e-07 -2.2976e-07 -2.2663e-07 -2.1869e-07 -2.0560e-07 -1.8735e-07 -1.6445e-07 -1.3802e-07 -1.0975e-07 -8.1781e-08 -5.6343e-08 -3.5306e-08 -1.9723e-08 -9.5830e-09 -3.9293e-09 -1.3098e-09 -3.3893e-10 -6.4285e-11 -8.3212e-12 -6.7222e-13 -3.0290e-14 -6.6075e-16 -5.8307e-18 -1.6559e-20 -1.1292e-23 -1.2682e-27 -1.4395e-32 -8.7391e-39 -1.2313e-46 -1.3361e-56 -2.5706e-69 -1.2214e-85 -9.9379e-107 -3.6100e-134 -3.8146e-170 -1.0454e-217 -3.6853e-281 -0.0000e+00 -0.0000e+00 -0.0000e+00 -0.0000e+00 -0.0000e+00 -0.0000e+00 -0.0000e+00 -0.0000e+00 -0.0000e+00 -0.0000e+00 -0.0000e+00 -0.0000e+00 -0.0000e+00 -0.0000e+00 -0.0000e+00 -0.0000e+00 -0.0000e+00 -0.0000e+00 -0.0000e+00 -0.0000e+00 -0.0000e+00 -0.0000e+00 -0.0000e+00 -0.0000e+00
-3.9841e-11 -2.2559e-10 -6.2267e-10 1.9604e-08 -2.2445e-09 -3.5532e-09 -5.2458e-09 -7.3605e-09 -9.9353e-09 -1.3009e-08 -1.6622e-08 -2.0816e-08 -2.5635e-08 -3.1123e-08 -3.7330e-08 -4.4307e-08 -5.2105e-08 -6.0782e-08 -7.0395e-08 -8.1005e-08 -9.2673e-08 -1.0546e-07 -1.1943e-07 -1.3463e-07 -1.5111e-07 -1.6892e-07 -1.8807e-07 -2.0857e-07 -2.3039e-07 -2.5344e-07 -2.7759e-07 -3.0265e-07 -3.2831e-07 -3.5416e-07 -3.7965e-07 -4.0407e-07 -4.2654e-07 -4.4597e-07 -4.6109e-07 -4.7051e-07 -4.7272e-07 -4.6627e-07 -4.4995e-07 -4.2301e-07 -3.8546e-07 -3.3835e-07 -2.8396e-07 -2.2581e-07 -1.6826e-07 -1.1592e-07 -7.2641e-08 -4.0579e-08 -1.9717e-08 -8.0844e-09 -2.6949e-09 -6.9732e-10 -1.3226e-10 -1.7121e-11 -1.3831e-12 -6.2321e-14 -1.3595e-15 -1.1997e-17 -3.4069e-20 -2.3233e-23 -2.6093e-27 -2.9617e-32 -1.7981e-38 -2.5334e-46 -2.7490e-56 -5.2890e-69 -2.5131e-85 -2.0448e-106 -7.4280e-134 -7.8491e-170 -2.1511e-217 -7.5834e-281 -0.0000e+00 -0.0000e+00 -0.0000e+00 -0.0000e+00 -0.0000e+00 -0.0000e+00 -0.0000e+00 -0.0000e+00 -0.0000e+00 -0.0000e+00 -0.0000e+00 -0.0000e+00 -0.0000e+00 -0.0000e+00 -0.0000e+00 -0.0000e+00 -0.0000e+00 -0.0000e+00 -0.0000e+00 -0.0000e+00 -0.0000e+00 -0.0000e+00 -0.0000e+00 -0.0000e+00 -3.9841e-11 -2.2559e-10 -6.2267e-10 0.0000e+00 -2.2445e-09 -3.5532e-09 -5.2458e-09 -7.3605e-09 -9.9353e-09 -1.3009e-08 -1.6622e-08 -2.0816e-08 -2.5635e-08 -3.1123e-08 -3.7330e-08 -4.4307e-08 -5.2105e-08 -6.0782e-08 -7.0395e-08 -8.1005e-08 -9.2673e-08 -1.0546e-07 -1.1943e-07 -1.3463e-07 -1.5111e-07 -1.6892e-07 -1.8807e-07 -2.0857e-07 -2.3039e-07 -2.5344e-07 -2.7759e-07 -3.0265e-07 -3.2831e-07 -3.5416e-07 -3.7965e-07 -4.0407e-07 -4.2654e-07 -4.4597e-07 -4.6109e-07 -4.7051e-07 -4.7272e-07 -4.6627e-07 -4.4995e-07 -4.2301e-07 -3.8546e-07 -3.3835e-07 -2.8396e-07 -2.2581e-07 -1.6826e-07 -1.1592e-07 -7.2641e-08 -4.0578e-08 -1.9717e-08 -8.0844e-09 -2.6949e-09 -6.9732e-10 -1.3226e-10 -1.7121e-11 -1.3830e-12 -6.2320e-14 -1.3595e-15 -1.1996e-17 -3.4069e-20 -2.3232e-23 -2.6092e-27 -2.9617e-32 -1.7980e-38 -2.5334e-46 -2.7490e-56 -5.2888e-69 -2.5130e-85 -2.0447e-106 -7.4276e-134 -7.8486e-170 -2.1510e-217 -7.5826e-281 -0.0000e+00 -0.0000e+00 -0.0000e+00 -0.0000e+00 -0.0000e+00 -0.0000e+00 -0.0000e+00 -0.0000e+00 -0.0000e+00 -0.0000e+00 -0.0000e+00 -0.0000e+00 -0.0000e+00 -0.0000e+00 -0.0000e+00 -0.0000e+00 -0.0000e+00 -0.0000e+00 -0.0000e+00 -0.0000e+00 -0.0000e+00 -0.0000e+00 -0.0000e+00 -0.0000e+00
-6.9802e-11 -3.9524e-10 -1.0909e-09 -2.2445e-09 7.5120e-08 -6.2253e-09 -9.1908e-09 -1.2896e-08 -1.7407e-08 -2.2792e-08 -2.9122e-08 -3.6470e-08 -4.4912e-08 -5.4529e-08 -6.5403e-08 -7.7626e-08 -9.1289e-08 -1.0649e-07 -1.2333e-07 -1.4192e-07 -1.6236e-07 -1.8477e-07 -2.0924e-07 -2.3587e-07 -2.6475e-07 -2.9595e-07 -3.2951e-07 -3.6543e-07 -4.0364e-07 -4.4402e-07 -4.8634e-07 -5.3024e-07 -5.7520e-07 -6.2049e-07 -6.6515e-07 -7.0794e-07 -7.4730e-07 -7.8134e-07 -8.0785e-07 -8.2434e-07 -8.2821e-07 -8.1692e-07 -7.8832e-07 -7.4112e-07 -6.7533e-07 -5.9279e-07 -4.9751e-07 -3.9562e-07 -2.9480e-07 -2.0310e-07 -1.2727e-07 -7.1094e-08 -3.4544e-08 -1.4164e-08 -4.7215e-09 -1.2217e-09 -2.3173e-10 -2.9996e-11 -2.4232e-12 -1.0919e-13 -2.3818e-15 -2.1019e-17 -5.9691e-20 -4.0705e-23 -4.5716e-27 -5.1892e-32 -3.1504e-38 -4.4389e-46 -4.8167e-56 -9.2673e-69 -4.4035e-85 -3.5831e-106 -1.3017e-133 -1.3756e-169 -3.7702e-217 -1.3293e-280 -0.0000e+00 -0.0000e+00 -0.0000e+00 -0.0000e+00 -0.0000e+00 -0.0000e+00 -0.0000e+00 -0.0000e+00 -0.0000e+00 -0.0000e+00 -0.0000e+00 -0.0000e+00 -0.0000e+00 -0.0000e+00 -0.0000e+00 -0.0000e+00 -0.0000e+00 -0.0000e+00 -0.0000e+00 -0.0000e+00 -0.0000e+00 -0.0000e+00 -0.0000e+00 -0.0000e+00 -6.9802e-11 -3.9524e-10 -1.0909e-09 -2.2445e-09 0.0000e+00 -6.2253e-09 -9.1908e-09 -1.2896e-08 -1.7407e-08 -2.2792e-08 -2.9122e-08 -3.6470e-08 -4.4912e-08 -5.4529e-08 -6.5403e-08 -7.7626e-08 -9.1289e-08 -1.0649e-07 -1.2333e-07 -1.4192e-07 -1.6236e-07 -1.8477e-07 -2.0924e-07 -2.3587e-07 -2.6475e-07 -2.9595e-07 -3.2951e-07 -3.6543e-07 -4.0364e-07 -4.4402e-07 -4.8634e-07 -5.3024e-07 -5.7520e-07 -6.2049e-07 -6.6515e-07 -7.0794e-07 -7.4730e-07 -7.8134e-07 -8.0785e-07 -8.2434e-07 -8.2821e-07 -8.1692e-07 -7.8832e-07 -7.4112e-07 -6.7533e-07 -5.9279e-07 -4.9751e-07 -3.9562e-07 -2.9480e-07 -2.0310e-07 -1.2727e-07 -7.1094e-08 -3.4544e-08 -1.4164e-08 -4.7214e-09 -1.2217e-09 -2.3173e-10 -2.9995e-11 -2.4231e-12 -1.0919e-13 -2.3818e-15 -2.1018e-17 -5.9690e-20 -4.0704e-23 -4.5715e-27 -5.1890e-32 -3.1502e-38 -4.4387e-46 -4.8164e-56 -9.2664e-69 -4.4030e-85 -3.5826e-106 -1.3014e-133 -1.3752e-169 -3.7690e-217 -1.3287e-280 -0.0000e+00 -0.0000e+00 -0.0000e+00 -0.0000e+00 -0.0000e+00 -0.0000e+00 -0.0000e+00 -0.0000e+00 -0.0000e+00 -0.0000e+00 -0.0000e+00 -0.0000e+00 -0.0000e+00 -0.0000e+00 -0.0000e+00 -0.0000e+00 -0.0000e+00 -0.0000e+00 -0.0000e+00 -0.0000e+00 -0.0000e+00 -0.0000e+00 -0.0000e+00 -0.0000e+00
-1.1050e-10 -6.2570e-10 -1.7270e-09 -3.5532e-09 -6.2253e-09 2.2551e-07 -1.4550e-08 -2.0415e-08 -2.7556e-08 -3.6082e-08 -4.6103e-08 -5.7735e-08 -7.1099e-08 -8.6322e-08 -1.0354e-07 -1.2289e-07 -1.4452e-07 -1.6858e-07 -1.9525e-07 -2.2467e-07 -2.5703e-07 -2.9250e-07 -3.3123e-07 -3.7339e-07 -4.1912e-07 -4.6851e-07 -5.2164e-07 -5.7849e-07 -6.3899e-07 -7.0292e-07 -7.6991e-07 -8.3941e-07 -9.1057e-07 -9.8227e-07 -1.0530e-06 -1.1207e-06 -1.1830e-06 -1.2369e-06 -1.2789e-06 -1.3050e-06 -1.3111e-06 -1.2932e-06 -1.2480e-06 -1.1732e-06 -1.0691e-06 -9.3843e-07 -7.8759e-07 -6.2629e-07 -4.6668e-07 -3.2152e-07 -2.0147e-07 -1.1255e-07 -5.4686e-08 -2.2423e-08 -7.4745e-09 -1.9341e-09 -3.6685e-10 -4.7486e-11 -3.8361e-12 -1.7286e-13 -3.7708e-15 -3.3275e-17 -9.4501e-20 -6.4444e-23 -7.2379e-27 -8.2158e-32 -4.9880e-38 -7.0284e-46 -7.6270e-56 -1.4675e-68 -6.9737e-85 -5.6750e-106 -2.0619e-133 -2.1793e-169 -5.9743e-217 -2.1070e-280 -0.0000e+00 -0.0000e+00 -0.0000e+00 -0.0000e+00 -0.0000e+00 -0.0000e+00 -0.0000e+00 -0.0000e+00 -0.0000e+00 -0.0000e+00 -0.0000e+00 -0.0000e+00 -0.0000e+00 -0.0000e+00 -0.0000e+00 -0.0000e+00 -0.0000e+00 -0.0000e+00 -0.0000e+00 -0.0000e+00 -0.0000e+00 -0.0000e+00 -0.0000e+00 -0.0000e+00 -1.1050e-10 -6.2570e-10 -1.7270e-09 -3.5532e-09 -6.2253e-09 0.0000e+00 -1.4550e-08 -2.0415e-08 -2.7556e-08 -3.6082e-08 -4.6103e-08 -5.7735e-08 -7.1099e-08 -8.6322e-08 -1.0354e-07 -1.2289e-07 -1.4452e-07 -1.6858e-07 -1.9525e-07 -2.2467e-07 -2.5703e-07 -2.9250e-07 -3.3123e-07 -3.7339e-07 -4.1912e-07 -4.6851e-07 -5.2164e-07 -5.7849e-07 -6.3899e-07 -7.0292e-07 -7.6991e-07 -8.3941e-07 -9.1057e-07 -9.8227e-07 -1.0530e-06 -1.1207e-06 -1.1830e-06 -1.2369e-06 -1.2789e-06 -1.3050e-06 -1.3111e-06 -1.2932e-06 -1.2480e-06 -1.1732e-06 -1.0691e-06 -9.3843e-07 -7.8759e-07 -6.2628e-07 -4.6668e-07 -3.2152e-07 -2.0147e-07 -1.1255e-07 -5.4685e-08 -2.2423e-08 -7.4744e-09 -1.9341e-09 -3.6684e-10 -4.7485e-11 -3.8360e-12 -1.7285e-13 -3.7706e-15 -3.3274e-17 -9.4495e-20 -6.4439e-23 -7.2372e-27 -8.2148e-32 -4.9873e-38 -7.0271e-46 -7.6252e-56 -1.4671e-68 -6.9711e-85 -5.6723e-106 -2.0606e-133 -2.1776e-169 -5.9684e-217 -2.1043e-280 -0.0000e+00 -0.0000e+00 -0.0000e+00 -0.0000e+00 -0.0000e+00 -0.0000e+00 -0.0000e+00 -0.0000e+00 -0.0000e+00 -0.0000e+00 -0.0000e+00 -0.0000e+00 -0.0000e+00 -0.0000e+00 -0.0000e+00 -0.0000e+00 -0.0000e+00 -0.0000e+00 -0.0000e+00 -0.0000e+00 -0.0000e+00 -0.0000e+00 -0.0000e+00 -0.0000e+00
-1.6314e-10 -9.2376e-10 -2.5497e-09 -5.2458e-09 -9.1908e-09 -1.4550e-08 5.7226e-07 -3.0139e-08 -4.0683e-08 -5.3270e-08 -6.8065e-08 -8.5238e-08 -1.0497e-07 -1.2744e-07 -1.5286e-07 -1.8143e-07 -2.1336e-07 -2.4889e-07 -2.8825e-07 -3.3170e-07 -3.7948e-07 -4.3184e-07 -4.8902e-07 -5.5127e-07 -6.1877e-07 -6.9169e-07 -7.7013e-07 -8.5407e-07 -9.4338e-07 -1.0378e-06 -1.1367e-06 -1.2393e-06 -1.3443e-06 -1.4502e-06 -1.5546e-06 -1.6546e-06 -1.7466e-06 -1.8261e-06 -1.8881e-06 -1.9266e-06 -1.9357e-06 -1.9093e-06 -1.8425e-06 -1.7321e-06 -1.5784e-06 -1.3855e-06 -1.1628e-06 -9.2464e-07 -6.8900e-07 -4.7469e-07 -2.9746e-07 -1.6616e-07 -8.0738e-08 -3.3105e-08 -1.1035e-08 -2.8556e-09 -5.4163e-10 -7.0111e-11 -5.6639e-12 -2.5522e-13 -5.5676e-15 -4.9133e-17 -1.3954e-19 -9.5161e-23 -1.0688e-26 -1.2133e-31 -7.3668e-38 -1.0381e-45 -1.1266e-55 -2.1681e-68 -1.0304e-84 -8.3874e-106 -3.0483e-133 -3.2231e-169 -8.8403e-217 -3.1199e-280 -0.0000e+00 -0.0000e+00 -0.0000e+00 -0.0000e+00 -0.0000e+00 -0.0000e+00 -0.0000e+00 -0.0000e+00 -0.0000e+00 -0.0000e+00 -0.0000e+00 -0.0000e+00 -0.0000e+00 -0.0000e+00 -0.0000e+00 -0.0000e+00 -0.0000e+00 -0.0000e+00 -0.0000e+00 -0.0000e+00 -0.0000e+00 -0.0000e+00 -0.0000e+00 -0.0000e+00 -1.6314e-10 -9.2376e-10 -2.5497e-09 -5.2458e-09 -9.1908e-09 -1.4550e-08 0.0000e+00 -3.0139e-08 -4.0683e-08 -5.3270e-08 -6.8065e-08 -8.5238e-08 -1.0497e-07 -1.2744e-07 -1.5286e-07 -1.8143e-07 -2.1336e-07 -2.4889e-07 -2.8825e-07 -3.3170e-07 -3.7948e-07 -4.3184e-07 -4.8902e-07 -5.5127e-07 -6.1877e-07 -6.9169e-07 -7.7013e-07 -8.5406e-07 -9.4338e-07 -1.0378e-06 -1.1367e-06 -1.2393e-06 -1.3443e-06 -1.4502e-06 -1.5546e-06 -1.6546e-06 -1.7466e-06 -1.8261e-06 -1.8881e-06 -1.9266e-06 -1.9357e-06 -1.9093e-06 -1.8425e-06 -1.7321e-06 -1.5784e-06 -1.3855e-06 -1.1628e-06 -9.2463e-07 -6.8899e-07 -4.7468e-07 -2.9745e-07 -1.6616e-07 -8.0736e-08 -3.3104e-08 -1.1035e-08 -2.8554e-09 -5.4160e-10 -7.0107e-11 -5.6635e-12 -2.5520e-13 -5.5670e-15 -4.9126e-17 -1.3952e-19 -9.5141e-23 -1.0686e-26 -1.2129e-31 -7.3639e-38 -1.0376e-45 -1.1260e-55 -2.1664e-68 -1.0295e-84 -8.3774e-106 -3.0437e-133 -3.2168e-169 -8.8183e-217 -3.1098e-280 -0.0000e+00 -0.0000e+00 -0.0000e+00 -0.0000e+00 -0.0000e+00 -0.0000e+00 -0.0000e+00 -0.0000e+00 -0.0000e+00 -0.0000e+00 -0.0000e+00 -0.0000e+00 -0.0000e+00 -0.0000e+00 -0.0000e+00 -0.0000e+00 -0.0000e+00 -0.0000e+00 -0.0000e+00 -0.0000e+00 -0.0000e+00 -0.0000e+00 -0.0000e+00 -0.0000e+00
-2.2890e-10 -1.2961e-09 -3.5775e-09 -7.3605e-09 -1.2896e-08 -2.0415e-08 -3.0139e-08 1.2845e-06 -5.7082e-08 -7.4743e-08 -9.5502e-08 -1.1960e-07 -1.4728e-07 -1.7882e-07 -2.1448e-07 -2.5456e-07 -2.9936e-07 -3.4922e-07 -4.0445e-07 -4.6541e-07 -5.3244e-07 -6.0591e-07 -6.8615e-07 -7.7349e-07 -8.6820e-07 -9.7052e-07 -1.0806e-06 -1.1983e-06 -1.3237e-06 -1.4561e-06 -1.5949e-06 -1.7388e-06 -1.8862e-06 -2.0348e-06 -2.1812e-06 -2.3216e-06 -2.4506e-06 -2.5623e-06 -2.6492e-06 -2.7033e-06 -2.7160e-06 -2.6790e-06 -2.5852e-06 -2.4304e-06 -2.2146e-06 -1.9440e-06 -1.6315e-06 -1.2974e-06 -9.6676e-07 -6.6606e-07 -4.1737e-07 -2.3316e-07 -1.1329e-07 -4.6453e-08 -1.5485e-08 -4.0070e-09 -7.6004e-10 -9.8385e-11 -7.9482e-12 -3.5817e-13 -7.8136e-15 -6.8956e-17 -1.9585e-19 -1.3357e-22 -1.5004e-26 -1.7034e-31 -1.0344e-37 -1.4579e-45 -1.5825e-55 -3.0462e-68 -1.4484e-84 -1.1794e-105 -4.2891e-133 -4.5386e-169 -1.2462e-216 -4.4040e-280 -0.0000e+00 -0.0000e+00 -0.0000e+00 -0.0000e+00 -0.0000e+00 -0.0000e+00 -0.0000e+00 -0.0000e+00 -0.0000e+00 -0.0000e+00 -0.0000e+00 -0.0000e+00 -0.0000e+00 -0.0000e+00 -0.0000e+00 -0.0000e+00 -0.0000e+00 -0.0000e+00 -0.0000e+00 -0.0000e+00 -0.0000e+00 -0.0000e+00 -0.0000e+00 -0.0000e+00 -2.2890e-10 -1.2961e-09 -3.5775e-09 -7.3605e-09 -1.2896e-08 -2.0415e-08 -3.0139e-08 0.0000e+00 -5.7082e-08 -7.4743e-08 -9.5502e-08 -1.1960e-07 -1.4728e-07 -1.7882e-07 -2.1448e-07 -2.5456e-07 -2.9936e-07 -3.4922e-07 -4.0445e-07 -4.6541e-07 -5.3244e-07 -6.0591e-07 -6.8615e-07 -7.7349e-07 -8.6820e-07 -9.7052e-07 -1.0806e-06 -1.1983e-06 -1.3237e-06 -1.4561e-06 -1.5949e-06 -1.7388e-06 -1.8862e-06 -2.0348e-06 -2.1812e-06 -2.3215e-06 -2.4506e-06 -2.5623e-06 -2.6492e-06 -2.7033e-06 -2.7160e-06 -2.6789e-06 -2.5852e-06 -2.4304e-06 -2.2146e-06 -1.9440e-06 -1.6315e-06 -1.2974e-06 -9.6674e-07 -6.6604e-07 -4.1736e-07 -2.3314e-07 -1.1328e-07 -4.6450e-08 -1.5484e-08 -4.0066e-09 -7.5995e-10 -9.8371e-11 -7.9468e-12 -3.5809e-13 -7.8116e-15 -6.8935e-17 -1.9578e-19 -1.3351e-22 -1.4995e-26 -1.7022e-31 -1.0335e-37 -1.4563e-45 -1.5804e-55 -3.0412e-68 -1.4453e-84 -1.1763e-105 -4.2746e-133 -4.5190e-169 -1.2392e-216 -4.3721e-280 -0.0000e+00 -0.0000e+00 -0.0000e+00 -0.0000e+00 -0.0000e+00 -0.0000e+00 -0.0000e+00 -0.0000e+00 -0.0000e+00 -0.0000e+00 -0.0000e+00 -0.0000e+00 -0.0000e+00 -0.0000e+00 -0.0000e+00 -0.0000e+00 -0.0000e+00 -0.0000e+00 -0.0000e+00 -0.0000e+00 -0.0000e+00 -0.0000e+00 -0.0000e+00 -0.0000e+00
-3.0898e-10 -1.7495e-09 -4.8289e-09 -9.9353e-09 -1.7407e-08 -2.7556e-08 -4.0683e-08 -5.7082e-08 2.6256e-06 -1.0089e-07 -1.2891e-07 -1.6143e-07 -1.9880e-07 -2.4137e-07 -2.8951e-07 -3.4361e-07 -4.0409e-07 -4.7138e-07 -5.4593e-07 -6.2822e-07 -7.1870e-07 -8.1787e-07 -9.2618e-07 -1.0441e-06 -1.1719e-06 -1.3100e-06 -1.4586e-06 -1.6175e-06 -1.7867e-06 -1.9655e-06 -2.1528e-06 -2.3471e-06 -2.5461e-06 -2.7466e-06 -2.9443e-06 -3.1337e-06 -3.3079e-06 -3.4586e-06 -3.5759e-06 -3.6490e-06 -3.6661e-06 -3.6161e-06 -3.4896e-06 -3.2806e-06 -2.9894e-06 -2.6241e-06 -2.2023e-06 -1.7513e-06 -1.3050e-06 -8.9910e-07 -5.6341e-07 -3.1474e-07 -1.5293e-07 -6.2709e-08 -2.0904e-08 -5.4095e-09 -1.0261e-09 -1.3283e-10 -1.0731e-11 -4.8362e-13 -1.0551e-14 -9.3123e-17 -2.6452e-19 -1.8043e-22 -2.0270e-26 -2.3018e-31 -1.3981e-37 -1.9712e-45 -2.1406e-55 -4.1227e-68 -1.9615e-84 -1.5987e-105 -5.8202e-133 -6.1679e-169 -1.6968e-216 -6.0121e-280 -0.0000e+00 -0.0000e+00 -0.0000e+00 -0.0000e+00 -0.0000e+00 -0.0000e+00 -0.0000e+00 -0.0000e+00 -0.0000e+00 -0.0000e+00 -0.0000e+00 -0.0000e+00 -0.0000e+00 -0.0000e+00 -0.0000e+00 -0.0000e+00 -0.0000e+00 -0.0000e+00 -0.0000e+00 -0.0000e+00 -0.0000e+00 -0.0000e+00 -0.0000e+00 -0.0000e+00 -3.0898e-10 -1.7495e-09 -4.8289e-09 -9.9353e-09 -1.7407e-08 -2.7556e-08 -4.0683e-08 -5.7082e-08 0.0000e+00 -1.0089e-07 -1.2891e-07 -1.6143e-07 -1.9880e-07 -2.4137e-07 -2.8951e-07 -3.4361e-07 -4.0409e-07 -4.7138e-07 -5.4593e-07 -6.2822e-07 -7.1870e-07 -8.1787e-07 -9.2618e-07 -1.0441e-06 -1.1719e-06 -1.3100e-06 -1.4586e-06 -1.6175e-06 -1.7867e-06 -1.9655e-06 -2.1528e-06 -2.3471e-06 -2.5461e-06 -2.7466e-06 -2.9443e-06 -3.1337e-06 -3.3079e-06 -3.4586e-06 -3.5759e-06 -3.6489e-06 -3.6661e-06 -3.6161e-06 -3.4895e-06 -3.2806e-06 -2.9893e-06 -2.6240e-06 -2.2023e-06 -1.7512e-06 -1.3049e-06 -8.9904e-07 -5.6337e-07 -3.1471e-07 -1.5292e-07 -6.2701e-08 -2.0901e-08 -5.4084e-09 -1.0259e-09 -1.3279e-10 -1.0728e-11 -4.8341e-13 -1.0546e-14 -9.3065e-17 -2.6431e-19 -1.8026e-22 -2.0247e-26 -2.2985e-31 -1.3956e-37 -1.9669e-45 -2.1348e-55 -4.1086e-68 -1.9531e-84 -1.5900e-105 -5.7801e-133 -6.1137e-169 -1.6776e-216 -5.9240e-280 -0.0000e+00 -0.0000e+00 -0.0000e+00 -0.0000e+00 -0.0000e+00 -0.0000e+00 -0.0000e+00 -0.0000e+00 -0.0000e+00 -0.0000e+00 -0.0000e+00 -0.0000e+00 -0.0000e+00 -0.0000e+00 -0.0000e+00 -0.0000e+00 -0.0000e+00 -0.0000e+00 -0.0000e+00 -0.0000e+00 -0.0000e+00 -0.0000e+00 -0.0000e+00 -0.0000e+00
-4.0457e-10 -2.2908e-09 -6.3230e-09 -1.3009e-08 -2.2792e-08 -3.6082e-08 -5.3270e-08 -7.4743e-08 -1.0089e-07 4.9867e-06 -1.6879e-07 -2.1138e-07 -2.6031e-07 -3.1605e-07 -3.7908e-07 -4.4992e-07 -5.2911e-07 -6.1722e-07 -7.1484e-07 -8.2258e-07 -9.4106e-07 -1.0709e-06 -1.2127e-06 -1.3671e-06 -1.5345e-06 -1.7153e-06 -1.9098e-06 -2.1180e-06 -2.3395e-06 -2.5736e-06 -2.8189e-06 -3.0733e-06 -3.3338e-06 -3.5964e-06 -3.8552e-06 -4.1032e-06 -4.3314e-06 -4.5287e-06 -4.6824e-06 -4.7780e-06 -4.8005e-06 -4.7350e-06 -4.5693e-06 -4.2958e-06 -3.9145e-06 -3.4361e-06 -2.8839e-06 -2.2933e-06 -1.7089e-06 -1.1774e-06 -7.3780e-07 -4.1217e-07 -2.0028e-07 -8.2126e-08 -2.7378e-08 -7.0851e-09 -1.3440e-09 -1.7400e-10 -1.4058e-11 -6.3361e-13 -1.3825e-14 -1.2204e-16 -3.4672e-19 -2.3655e-22 -2.6583e-26 -3.0197e-31 -1.8350e-37 -2.5887e-45 -2.8132e-55 -5.4231e-68 -2.5832e-84 -2.1087e-105 -7.6920e-133 -8.1725e-169 -2.2559e-216 -8.0287e-280 -0.0000e+00 -0.0000e+00 -0.0000e+00 -0.0000e+00 -0.0000e+00 -0.0000e+00 -0.0000e+00 -0.0000e+00 -0.0000e+00 -0.0000e+00 -0.0000e+00 -0.0000e+00 -0.0000e+00 -0.0000e+00 -0.0000e+00 -0.0000e+00 -0.0000e+00 -0.0000e+00 -0.0000e+00 -0.0000e+00 -0.0000e+00 -0.0000e+00 -0.0000e+00 -0.0000e+00 -4.0457e-10 -2.2908e-09 -6.3230e-09 -1.3009e-08 -2.2792e-08 -3.6082e-08 -5.3270e-08 -7.4743e-08 -1.0089e-07 0.0000e+00 -1.6879e-07 -2.1138e-07 -2.6031e-07 -3.1605e-07 -3.7908e-07 -4.4992e-07 -5.2911e-07 -6.1722e-07 -7.1484e-07 -8.2258e-07 -9.4106e-07 -1.0709e-06 -1.2127e-06 -1.3671e-06 -1.5345e-06 -1.7153e-06 -1.9098e-06 -2.1180e-06 -2.3395e-06 -2.5736e-06 -2.8188e-06 -3.0733e-06 -3.3338e-06 -3.5963e-06 -3.8552e-06 -4.1032e-06 -4.3314e-06 -4.5287e-06 -4.6823e-06 -4.7779e-06 -4.8004e-06 -4.7349e-06 -4.5692e-06 -4.2956e-06 -3.9143e-06 -3.4359e-06 -2.8837e-06 -2.2931e-06 -1.7087e-06 -1.1772e-06 -7.3770e-07 -4.1210e-07 -2.0024e-07 -8.2105e-08 -2.7370e-08 -7.0824e-09 -1.3434e-09 -1.7390e-10 -1.4049e-11 -6.3310e-13 -1.3812e-14 -1.2189e-16 -3.4621e-19 -2.3613e-22 -2.6525e-26 -3.0116e-31 -1.8289e-37 -2.5779e-45 -2.7987e-55 -5.3881e-68 -2.5623e-84 -2.0871e-105 -7.5921e-133 -8.0372e-169 -2.2080e-216 -7.8088e-280 -0.0000e+00 -0.0000e+00 -0.0000e+00 -0.0000e+00 -0.0000e+00 -0.0000e+00 -0.0000e+00 -0.0000e+00 -0.0000e+00 -0.0000e+00 -0.0000e+00 -0.0000e+00 -0.0000e+00 -0.0000e+00 -0.0000e+00 -0.0000e+00 -0.0000e+00 -0.0000e+00 -0.0000e+00 -0.0000e+00 -0.0000e+00 -0.0000e+00 -0.0000e+00 -0.0000e+00
-5.1694e-10 -2.9271e-09 -8.0791e-09 -1.6622e-08 -2.9122e-08 -4.6103e-08 -6.8065e-08 -9.5502e-08 -1.2891e-07 -1.6879e-07 8.9256e-06 -2.7009e-07 -3.3261e-07 -4.0382e-07 -4.8436e-07 -5.7488e-07 -6.7606e-07 -7.8864e-07 -9.1338e-07 -1.0510e-06 -1.2024e-06 -1.3683e-06 -1.5495e-06 -1.7468e-06 -1.9607e-06 -2.1917e-06 -2.4403e-06 -2.7063e-06 -2.9893e-06 -3.2883e-06 -3.6018e-06 -3.9269e-06 -4.2598e-06 -4.5952e-06 -4.9260e-06 -5.2429e-06 -5.5344e-06 -5.7866e-06 -5.9829e-06 -6.1051e-06 -6.1339e-06 -6.0503e-06 -5.8386e-06 -5.4891e-06 -5.0019e-06 -4.3907e-06 -3.6851e-06 -2.9305e-06 -2.1838e-06 -1.5046e-06 -9.4288e-07 -5.2675e-07 -2.5597e-07 -1.0497e-07 -3.4995e-08 -9.0568e-09 -1.7182e-09 -2.2247e-10 -1.7977e-11 -8.1036e-13 -1.7685e-14 -1.5615e-16 -4.4378e-19 -3.0289e-22 -3.4055e-26 -3.8708e-31 -2.3540e-37 -3.3239e-45 -3.6166e-55 -6.9825e-68 -3.3325e-84 -2.7271e-105 -9.9804e-133 -1.0649e-168 -2.9556e-216 -1.0596e-279 -0.0000e+00 -0.0000e+00 -0.0000e+00 -0.0000e+00 -0.0000e+00 -0.0000e+00 -0.0000e+00 -0.0000e+00 -0.0000e+00 -0.0000e+00 -0.0000e+00 -0.0000e+00 -0.0000e+00 -0.0000e+00 -0.0000e+00 -0.0000e+00 -0.0000e+00 -0.0000e+00 -0.0000e+00 -0.0000e+00 -0.0000e+00 -0.0000e+00 -0.0000e+00 -0.0000e+00 -5.1694e-10 -2.9271e-09 -8.0791e-09 -1.6622e-08 -2.9122e-08 -4.6103e-08 -6.8065e-08 -9.5502e-08 -1.2891e-07 -1.6879e-07 0.0000e+00 -2.7009e-07 -3.3261e-07 -4.0382e-07 -4.8436e-07 -5.7488e-07 -6.7606e-07 -7.8864e-07 -9.1338e-07 -1.0510e-06 -1.2024e-06 -1.3683e-06 -1.5495e-06 -1.7468e-06 -1.9607e-06 -2.1917e-06 -2.4403e-06 -2.7062e-06 -2.9893e-06 -3.2883e-06 -3.6017e-06 -3.9268e-06 -4.2598e-06 -4.5952e-06 -4.9259e-06 -5.2428e-06 -5.5343e-06 -5.7865e-06 -5.9828e-06 -6.1049e-06 -6.1336e-06 -6.0500e-06 -5.8383e-06 -5.4887e-06 -5.0015e-06 -4.3903e-06 -3.6847e-06 -2.9300e-06 -2.1834e-06 -1.5043e-06 -9.4264e-07 -5.2659e-07 -2.5587e-07 -1.0492e-07 -3.4975e-08 -9.0508e-09 -1.7168e-09 -2.2225e-10 -1.7956e-11 -8.0919e-13 -1.7654e-14 -1.5582e-16 -4.4262e-19 -3.0192e-22 -3.3921e-26 -3.8521e-31 -2.3400e-37 -3.2993e-45 -3.5833e-55 -6.9022e-68 -3.2845e-84 -2.6776e-105 -9.7512e-133 -1.0338e-168 -2.8455e-216 -1.0089e-279 -0.0000e+00 -0.0000e+00 -0.0000e+00 -0.0000e+00 -0.0000e+00 -0.0000e+00 -0.0000e+00 -0.0000e+00 -0.0000e+00 -0.0000e+00 -0.0000e+00 -0.0000e+00 -0.0000e+00 -0.0000e+00 -0.0000e+00 -0.0000e+00 -0.0000e+00 -0.0000e+00 -0.0000e+00 -0.0000e+00 -0.0000e+00 -0.0000e+00 -0.0000e+00 -0.0000e+00
-6.4737e-10 -3.6656e-09 -1.0118e-08 -2.0816e-08 -3.6470e-08 -5.7735e-08 -8.5238e-08 -1.1960e-07 -1.6143e-07 -2.1138e-07 -2.7009e-07 1.5215e-05 -4.1653e-07 -5.0571e-07 -6.0657e-07 -7.1992e-07 -8.4664e-07 -9.8763e-07 -1.1438e-06 -1.3162e-06 -1.5058e-06 -1.7136e-06 -1.9405e-06 -2.1875e-06 -2.4554e-06 -2.7448e-06 -3.0560e-06 -3.3891e-06 -3.7435e-06 -4.1180e-06 -4.5105e-06 -4.9177e-06 -5.3346e-06 -5.7547e-06 -6.1689e-06 -6.5659e-06 -6.9310e-06 -7.2468e-06 -7.4927e-06 -7.6458e-06 -7.6818e-06 -7.5773e-06 -7.3122e-06 -6.8746e-06 -6.2645e-06 -5.4992e-06 -4.6155e-06 -3.6705e-06 -2.7353e-06 -1.8847e-06 -1.1811e-06 -6.5988e-07 -3.2068e-07 -1.3152e-07 -4.3850e-08 -1.1350e-08 -2.1536e-09 -2.7888e-10 -2.2541e-11 -1.0164e-12 -2.2189e-14 -1.9600e-16 -5.5729e-19 -3.8060e-22 -4.2825e-26 -4.8723e-31 -2.9666e-37 -4.1953e-45 -4.5734e-55 -8.8510e-68 -4.2373e-84 -3.4812e-105 -1.2805e-132 -1.3752e-168 -3.8495e-216 -1.3954e-279 -0.0000e+00 -0.0000e+00 -0.0000e+00 -0.0000e+00 -0.0000e+00 -0.0000e+00 -0.0000e+00 -0.0000e+00 -0.0000e+00 -0.0000e+00 -0.0000e+00 -0.0000e+00 -0.0000e+00 -0.0000e+00 -0.0000e+00 -0.0000e+00 -0.0000e+00 -0.0000e+00 -0.0000e+00 -0.0000e+00 -0.0000e+00 -0.0000e+00 -0.0000e+00 -0.0000e+00 -6.4737e-10 -3.6656e-09 -1.0118e-08 -2.0816e-08 -3.6470e-08 -5.7735e-08 -8.5238e-08 -1.1960e-07 -1.6143e-07 -2.1138e-07 -2.7009e-07 0.0000e+00 -4.1653e-07 -5.0571e-07 -6.0657e-07 -7.1992e-07 -8.4664e-07 -9.8763e-07 -1.1438e-06 -1.3162e-06 -1.5058e-06 -1.7136e-06 -1.9405e-06 -2.1875e-06 -2.4554e-06 -2.7447e-06 -3.0560e-06 -3.3891e-06 -3.7435e-06 -4.1180e-06 -4.5105e-06 -4.9176e-06 -5.3346e-06 -5.7546e-06 -6.1688e-06 -6.5657e-06 -6.9308e-06 -7.2465e-06 -7.4924e-06 -7.6454e-06 -7.6813e-06 -7.5766e-06 -7.3115e-06 -6.8738e-06 -6.2636e-06 -5.4982e-06 -4.6145e-06 -3.6695e-06 -2.7344e-06 -1.8840e-06 -1.1806e-06 -6.5952e-07 -3.2047e-07 -1.3141e-07 -4.3809e-08 -1.1337e-08 -2.1506e-09 -2.7842e-10 -2.2495e-11 -1.0139e-12 -2.2123e-14 -1.9528e-16 -5.5481e-19 -3.7853e-22 -4.2539e-26 -4.8323e-31 -2.9366e-37 -4.1427e-45 -4.5022e-55 -8.6792e-68 -4.1344e-84 -3.3751e-105 -1.2313e-132 -1.3084e-168 -3.6122e-216 -1.2859e-279 -0.0000e+00 -0.0000e+00 -0.0000e+00 -0.0000e+00 -0.0000e+00 -0.0000e+00 -0.0000e+00 -0.0000e+00 -0.0000e+00 -0.0000e+00 -0.0000e+00 -0.0000e+00 -0.0000e+00 -0.0000e+00 -0.0000e+00 -0.0000e+00 -0.0000e+00 -0.0000e+00 -0.0000e+00 -0.0000e+00 -0.0000e+00 -0.0000e+00 -0.0000e+00 -0.0000e+00
-7.9721e-10 -4.5141e-09 -1.2459e-08 -2.5635e-08 -4.4912e-08 -7.1099e-08 -1.0497e-07 -1.4728e-07 -1.9880e-07 -2.6031e-07 -3.3261e-07 -4.1653e-07 2.4900e-05 -6.2277e-07 -7.4697e-07 -8.8657e-07 -1.0426e-06 -1.2162e-06 -1.4086e-06 -1.6209e-06 -1.8544e-06 -2.1102e-06 -2.3897e-06 -2.6939e-06 -3.0237e-06 -3.3801e-06 -3.7634e-06 -4.1736e-06 -4.6100e-06 -5.0713e-06 -5.5547e-06 -6.0561e-06 -6.5695e-06 -7.0869e-06 -7.5970e-06 -8.0859e-06 -8.5356e-06 -8.9245e-06 -9.2275e-06 -9.4161e-06 -9.4606e-06 -9.3319e-06 -9.0057e-06 -8.4668e-06 -7.7157e-06 -6.7732e-06 -5.6850e-06 -4.5212e-06 -3.3694e-06 -2.3217e-06 -1.4551e-06 -8.1304e-07 -3.9516e-07 -1.6208e-07 -5.4049e-08 -1.3993e-08 -2.6556e-09 -3.4399e-10 -2.7813e-11 -1.2546e-12 -2.7403e-14 -2.4221e-16 -6.8921e-19 -4.7114e-22 -5.3075e-26 -6.0473e-31 -3.6888e-37 -5.2285e-45 -5.7163e-55 -1.1103e-67 -5.3404e-84 -4.4134e-105 -1.6357e-132 -1.7737e-168 -5.0270e-216 -1.8514e-279 -0.0000e+00 -0.0000e+00 -0.0000e+00 -0.0000e+00 -0.0000e+00 -0.0000e+00 -0.0000e+00 -0.0000e+00 -0.0000e+00 -0.0000e+00 -0.0000e+00 -0.0000e+00 -0.0000e+00 -0.0000e+00 -0.0000e+00 -0.0000e+00 -0.0000e+00 -0.0000e+00 -0.0000e+00 -0.0000e+00 -0.0000e+00 -0.0000e+00 -0.0000e+00 -0.0000e+00 -7.9721e-10 -4.5141e-09 -1.2459e-08 -2.5635e-08 -4.4912e-08 -7.1099e-08 -1.0497e-07 -1.4728e-07 -1.9880e-07 -2.6031e-07 -3.3261e-07 -4.1653e-07 0.0000e+00 -6.2277e-07 -7.4697e-07 -8.8657e-07 -1.0426e-06 -1.2162e-06 -1.4086e-06 -1.6209e-06 -1.8544e-06 -2.1102e-06 -2.3897e-06 -2.6939e-06 -3.0237e-06 -3.3801e-06 -3.7634e-06 -4.1735e-06 -4.6100e-06 -5.0712e-06 -5.5546e-06 -6.0560e-06 -6.5694e-06 -7.0867e-06 -7.5968e-06 -8.0855e-06 -8.5351e-06 -8.9240e-06 -9.2268e-06 -9.4153e-06 -9.4595e-06 -9.3307e-06 -9.0042e-06 -8.4652e-06 -7.7139e-06 -6.7713e-06 -5.6831e-06 -4.5193e-06 -3.3677e-06 -2.3203e-06 -1.4541e-06 -8.1233e-07 -3.9474e-07 -1.6187e-07 -5.3965e-08 -1.3966e-08 -2.6496e-09 -3.4305e-10 -2.7721e-11 -1.2495e-12 -2.7269e-14 -2.4077e-16 -6.8421e-19 -4.6696e-22 -5.2498e-26 -5.9665e-31 -3.6281e-37 -5.1222e-45 -5.5723e-55 -1.0756e-67 -5.1319e-84 -4.1981e-105 -1.5357e-132 -1.6376e-168 -4.5420e-216 -1.6269e-279 -0.0000e+00 -0.0000e+00 -0.0000e+00 -0.0000e+00 -0.0000e+00 -0.0000e+00 -0.0000e+00 -0.0000e+00 -0.0000e+00 -0.0000e+00 -0.0000e+00 -0.0000e+00 -0.0000e+00 -0.0000e+00 -0.0000e+00 -0.0000e+00 -0.0000e+00 -0.0000e+00 -0.0000e+00 -0.0000e+00 -0.0000e+00 -0.0000e+00 -0.0000e+00 -0.0000e+00
-9.6791e-10 -5.4806e-09 -1.5127e-08 -3.1123e-08 -5.4529e-08 -8.6322e-08 -1.2744e-07 -1.7882e-07 -2.4137e-07 -3.1605e-07 -4.0382e-07 -5.0571e-07 -6.2277e-07 3.9363e-05 -9.0691e-07 -1.0764e-06 -1.2658e-06 -1.4766e-06 -1.7102e-06 -1.9680e-06 -2.2514e-06 -2.5621e-06 -2.9014e-06 -3.2707e-06 -3.6712e-06 -4.1038e-06 -4.5692e-06 -5.0672e-06 -5.5972e-06 -6.1572e-06 -6.7441e-06 -7.3528e-06 -7.9763e-06 -8.6044e-06 -9.2239e-06 -9.8175e-06 -1.0364e-05 -1.0836e-05 -1.1204e-05 -1.1433e-05 -1.1487e-05 -1.1331e-05 -1.0935e-05 -1.0281e-05 -9.3696e-06 -8.2255e-06 -6.9044e-06 -5.4912e-06 -4.0926e-06 -2.8203e-06 -1.7678e-06 -9.8788e-07 -4.8021e-07 -1.9700e-07 -6.5710e-08 -1.7016e-08 -3.2305e-09 -4.1863e-10 -3.3865e-11 -1.5285e-12 -3.3412e-14 -2.9559e-16 -8.4208e-19 -5.7645e-22 -6.5052e-26 -7.4280e-31 -4.5432e-37 -6.4614e-45 -7.0941e-55 -1.3853e-67 -6.7078e-84 -5.5907e-105 -2.0943e-132 -2.3021e-168 -6.6377e-216 -2.4982e-279 -0.0000e+00 -0.0000e+00 -0.0000e+00 -0.0000e+00 -0.0000e+00 -0.0000e+00 -0.0000e+00 -0.0000e+00 -0.0000e+00 -0.0000e+00 -0.0000e+00 -0.0000e+00 -0.0000e+00 -0.0000e+00 -0.0000e+00 -0.0000e+00 -0.0000e+00 -0.0000e+00 -0.0000e+00 -0.0000e+00 -0.0000e+00 -0.0000e+00 -0.0000e+00 -0.0000e+00 -9.6791e-10 -5.4806e-09 -1.5127e-08 -3.1123e-08 -5.4529e-08 -8.6322e-08 -1.2744e-07 -1.7882e-07 -2.4137e-07 -3.1605e-07 -4.0382e-07 -5.0571e-07 -6.2277e-07 0.0000e+00 -9.0691e-07 -1.0764e-06 -1.2658e-06 -1.4766e-06 -1.7102e-06 -1.9680e-06 -2.2514e-06 -2.5621e-06 -2.9014e-06 -3.2707e-06 -3.6712e-06 -4.1038e-06 -4.5691e-06 -5.0672e-06 -5.5971e-06 -6.1571e-06 -6.7439e-06 -7.3526e-06 -7.9760e-06 -8.6041e-06 -9.2234e-06 -9.8169e-06 -1.0363e-05 -1.0835e-05 -1.1203e-05 -1.1431e-05 -1.1485e-05 -1.1329e-05 -1.0933e-05 -1.0278e-05 -9.3661e-06 -8.2218e-06 -6.9006e-06 -5.4876e-06 -4.0894e-06 -2.8176e-06 -1.7658e-06 -9.8651e-07 -4.7940e-07 -1.9660e-07 -6.5549e-08 -1.6966e-08 -3.2190e-09 -4.1683e-10 -3.3688e-11 -1.5189e-12 -3.3155e-14 -2.9282e-16 -8.3247e-19 -5.6842e-22 -6.3942e-26 -7.2726e-31 -4.4263e-37 -6.2565e-45 -6.8163e-55 -1.3182e-67 -6.3045e-84 -5.1733e-105 -1.9000e-132 -2.0366e-168 -5.6873e-216 -2.0555e-279 -0.0000e+00 -0.0000e+00 -0.0000e+00 -0.0000e+00 -0.0000e+00 -0.0000e+00 -0.0000e+00 -0.0000e+00 -0.0000e+00 -0.0000e+00 -0.0000e+00 -0.0000e+00 -0.0000e+00 -0.0000e+00 -0.0000e+00 -0.0000e+00 -0.0000e+00 -0.0000e+00 -0.0000e+00 -0.0000e+00 -0.0000e+00 -0.0000e+00 -0.0000e+00 -0.0000e+00
-1.1609e-09 -6.5736e-09 -1.8144e-08 -3.7330e-08 -6.5403e-08 -1.0354e-07 -1.5286e-07 -2.1448e-07 -2.8951e-07 -3.7908e-07 -4.8436e-07 -6.0657e-07 -7.4697e-07 -9.0691e-07 6.0410e-05 -1.2911e-06 -1.5183e-06 -1.7711e-06 -2.0513e-06 -2.3604e-06 -2.7004e-06 -3.0730e-06 -3.4800e-06 -3.9230e-06 -4.4033e-06 -4.9223e-06 -5.4805e-06 -6.0778e-06 -6.7135e-06 -7.3852e-06 -8.0892e-06 -8.8194e-06 -9.5673e-06 -1.0321e-05 -1.1064e-05 -1.1776e-05 -1.2431e-05 -1.2998e-05 -1.3440e-05 -1.3715e-05 -1.3780e-05 -1.3593e-05 -1.3119e-05 -1.2335e-05 -1.1242e-05 -9.8695e-06 -8.2850e-06 -6.5898e-06 -4.9120e-06 -3.3854e-06 -2.1223e-06 -1.1862e-06 -5.7675e-07 -2.3668e-07 -7.8969e-08 -2.0458e-08 -3.8859e-09 -5.0386e-10 -4.0789e-11 -1.8427e-12 -4.0324e-14 -3.5721e-16 -1.0193e-18 -6.9919e-22 -7.9100e-26 -9.0601e-31 -5.5629e-37 -7.9495e-45 -8.7803e-55 -1.7274e-67 -8.4428e-84 -7.1194e-105 -2.7062e-132 -3.0293e-168 -8.9339e-216 -3.4576e-279 -0.0000e+00 -0.0000e+00 -0.0000e+00 -0.0000e+00 -0.0000e+00 -0.0000e+00 -0.0000e+00 -0.0000e+00 -0.0000e+00 -0.0000e+00 -0.0000e+00 -0.0000e+00 -0.0000e+00 -0.0000e+00 -0.0000e+00 -0.0000e+00 -0.0000e+00 -0.0000e+00 -0.0000e+00 -0.0000e+00 -0.0000e+00 -0.0000e+00 -0.0000e+00 -0.0000e+00 -1.1609e-09 -6.5736e-09 -1.8144e-08 -3.7330e-08 -6.5403e-08 -1.0354e-07 -1.5286e-07 -2.1448e-07 -2.8951e-07 -3.7908e-07 -4.8436e-07 -6.0657e-07 -7.4697e-07 -9.0691e-07 0.0000e+00 -1.2911e-06 -1.5183e-06 -1.7711e-06 -2.0513e-06 -2.3604e-06 -2.7004e-06 -3.0730e-06 -3.4800e-06 -3.9229e-06 -4.4033e-06 -4.9222e-06 -5.4804e-06 -6.0777e-06 -6.7133e-06 -7.3850e-06 -8.0889e-06 -8.8191e-06 -9.5668e-06 -1.0320e-05 -1.1063e-05 -1.1775e-05 -1.2430e-05 -1.2996e-05 -1.3437e-05 -1.3712e-05 -1.3777e-05 -1.3589e-05 -1.3114e-05 -1.2329e-05 -1.1235e-05 -9.8626e-06 -8.2780e-06 -6.5831e-06 -4.9060e-06 -3.3804e-06 -2.1186e-06 -1.1837e-06 -5.7527e-07 -2.3594e-07 -7.8674e-08 -2.0366e-08 -3.8646e-09 -5.0054e-10 -4.0464e-11 -1.8249e-12 -3.9850e-14 -3.5211e-16 -1.0016e-18 -6.8436e-22 -7.7050e-26 -8.7729e-31 -5.3467e-37 -7.5702e-45 -8.2651e-55 -1.6027e-67 -7.6919e-84 -6.3398e-105 -2.3418e-132 -2.5289e-168 -7.1310e-216 -2.6102e-279 -0.0000e+00 -0.0000e+00 -0.0000e+00 -0.0000e+00 -0.0000e+00 -0.0000e+00 -0.0000e+00 -0.0000e+00 -0.0000e+00 -0.0000e+00 -0.0000e+00 -0.0000e+00 -0.0000e+00 -0.0000e+00 -0.0000e+00 -0.0000e+00 -0.0000e+00 -0.0000e+00 -0.0000e+00 -0.0000e+00 -0.0000e+00 -0.0000e+00 -0.0000e+00 -0.0000e+00
-1.3779e-09 -7.8021e-09 -2.1535e-08 -4.4307e-08 -7.7626e-08 -1.2289e-07 -1.8143e-07 -2.5456e-07 -3.4361e-07 -4.4992e-07 -5.7488e-07 -7.1992e-07 -8.8657e-07 -1.0764e-06 -1.2911e-06 9.0360e-05 -1.8020e-06 -2.1021e-06 -2.4346e-06 -2.8015e-06 -3.2051e-06 -3.6473e-06 -4.1303e-06 -4.6561e-06 -5.2263e-06 -5.8422e-06 -6.5047e-06 -7.2137e-06 -7.9682e-06 -8.7655e-06 -9.6011e-06 -1.0468e-05 -1.1356e-05 -1.2250e-05 -1.3132e-05 -1.3978e-05 -1.4756e-05 -1.5429e-05 -1.5953e-05 -1.6280e-05 -1.6359e-05 -1.6138e-05 -1.5575e-05 -1.4645e-05 -1.3348e-05 -1.1720e-05 -9.8394e-06 -7.8272e-06 -5.8352e-06 -4.0225e-06 -2.5223e-06 -1.4101e-06 -6.8585e-07 -2.8155e-07 -9.3988e-08 -2.4363e-08 -4.6308e-09 -6.0097e-10 -4.8700e-11 -2.2029e-12 -4.8279e-14 -4.2849e-16 -1.2255e-18 -8.4304e-22 -9.5707e-26 -1.1010e-30 -6.7961e-37 -9.7761e-45 -1.0886e-54 -2.1635e-67 -1.0707e-83 -9.1690e-105 -3.5520e-132 -4.0694e-168 -1.2345e-215 -4.9432e-279 -0.0000e+00 -0.0000e+00 -0.0000e+00 -0.0000e+00 -0.0000e+00 -0.0000e+00 -0.0000e+00 -0.0000e+00 -0.0000e+00 -0.0000e+00 -0.0000e+00 -0.0000e+00 -0.0000e+00 -0.0000e+00 -0.0000e+00 -0.0000e+00 -0.0000e+00 -0.0000e+00 -0.0000e+00 -0.0000e+00 -0.0000e+00 -0.0000e+00 -0.0000e+00 -0.0000e+00 -1.3779e-09 -7.8021e-09 -2.1535e-08 -4.4307e-08 -7.7626e-08 -1.2289e-07 -1.8143e-07 -2.5456e-07 -3.4361e-07 -4.4992e-07 -5.7488e-07 -7.1992e-07 -8.8657e-07 -1.0764e-06 -1.2911e-06 0.0000e+00 -1.8020e-06 -2.1021e-06 -2.4346e-06 -2.8015e-06 -3.2051e-06 -3.6473e-06 -4.1303e-06 -4.6560e-06 -5.2262e-06 -5.8421e-06 -6.5046e-06 -7.2135e-06 -7.9679e-06 -8.7652e-06 -9.6006e-06 -1.0467e-05 -1.1355e-05 -1.2249e-05 -1.3131e-05 -1.3976e-05 -1.4753e-05 -1.5425e-05 -1.5949e-05 -1.6275e-05 -1.6352e-05 -1.6130e-05 -1.5566e-05 -1.4635e-05 -1.3337e-05 -1.1708e-05 -9.8270e-06 -7.8153e-06 -5.8246e-06 -4.0136e-06 -2.5156e-06 -1.4056e-06 -6.8321e-07 -2.8025e-07 -9.3463e-08 -2.4199e-08 -4.5931e-09 -5.9506e-10 -4.8121e-11 -2.1711e-12 -4.7436e-14 -4.1942e-16 -1.1940e-18 -8.1662e-22 -9.2054e-26 -1.0497e-30 -6.4097e-37 -9.0969e-45 -9.9620e-55 -1.9391e-67 -9.3520e-84 -7.7563e-105 -2.8880e-132 -3.1512e-168 -9.0054e-216 -3.3542e-279 -0.0000e+00 -0.0000e+00 -0.0000e+00 -0.0000e+00 -0.0000e+00 -0.0000e+00 -0.0000e+00 -0.0000e+00 -0.0000e+00 -0.0000e+00 -0.0000e+00 -0.0000e+00 -0.0000e+00 -0.0000e+00 -0.0000e+00 -0.0000e+00 -0.0000e+00 -0.0000e+00 -0.0000e+00 -0.0000e+00 -0.0000e+00 -0.0000e+00 -0.0000e+00 -0.0000e+00
