-1.1920e-07 -2.0045e-11 -5.5327e-11 -1.1383e-10 -1.9944e-10 -3.1572e-10 -4.6612e-10 -6.5401e-10 -8.8279e-10 -1.1559e-09 -1.4770e-09 -1.8496e-09 -2.2778e-09 -2.7654e-09 -3.3170e-09 -3.9368e-09 -4.6298e-09 -5.4008e-09 -6.2549e-09 -7.1977e-09 -8.2344e-09 -9.3706e-09 -1.0612e-08 -1.1962e-08 -1.3427e-08 -1.5009e-08 -1.6711e-08 -1.8533e-08 -2.0471e-08 -2.2519e-08 -2.4665e-08 -2.6892e-08 -2.9171e-08 -3.1468e-08 -3.3733e-08 -3.5903e-08 -3.7900e-08 -3.9626e-08 -4.0970e-08 -4.1807e-08 -4.2003e-08 -4.1430e-08 -3.9980e-08 -3.7586e-08 -3.4250e-08 -3.0064e-08 -2.5232e-08 -2.0064e-08 -1.4951e-08 -1.0300e-08 -6.4545e-09 -3.6056e-09 -1.7519e-09 -7.1834e-10 -2.3945e-10 -6.1960e-11 -1.1752e-11 -1.5212e-12 -1.2289e-13 -5.5374e-15 -1.2079e-16 -1.0659e-18 -3.0272e-21 -2.0643e-24 -2.3184e-28 -2.6316e-33 -1.5976e-39 -2.2510e-47 -2.4425e-57 -4.6993e-70 -2.2329e-86 -1.8168e-107 -6.5996e-135 -6.9736e-171 -1.9111e-218 -6.7371e-282 0.0000e+00 0.0000e+00 0.0000e+00 0.0000e+00 0.0000e+00 0.0000e+00 0.0000e+00 0.0000e+00 0.0000e+00 0.0000e+00 0.0000e+00 0.0000e+00 0.0000e+00 0.0000e+00 0.0000e+00 0.0000e+00 0.0000e+00 0.0000e+00 0.0000e+00 0.0000e+00 0.0000e+00 0.0000e+00 0.0000e+00 0.0000e+00 0.0000e+00 2.0045e-11 5.5327e-11 1.1383e-10 1.9944e-10 3.1572e-10 4.6612e-10 6.5401e-10 8.8279e-10 1.1559e-09 1.4770e-09 1.8496e-09 2.2778e-09 2.7654e-09 3.3170e-09 3.9368e-09 4.6298e-09 5.4008e-09 6.2549e-09 7.1977e-09 8.2344e-09 9.3706e-09 1.0612e-08 1.1962e-08 1.3427e-08 1.5009e-08 1.6711e-08 1.8533e-08 2.0471e-08 2.2519e-08 2.4665e-08 2.6892e-08 2.9171e-08 3.1468e-08 3.3733e-08 3.5903e-08 3.7900e-08 3.9626e-08 4.0970e-08 4.1807e-08 4.2003e-08 4.1430e-08 3.9980e-08 3.7586e-08 3.4250e-08 3.0064e-08 2.5232e-08 2.0064e-08 1.4951e-08 1.0300e-08 6.4545e-09 3.6056e-09 1.7519e-09 7.1834e-10 2.3945e-10 6.1960e-11 1.1752e-11 1.5212e-12 1.2289e-13 5.5374e-15 1.2079e-16 1.0659e-18 3.0272e-21 2.0643e-24 2.3184e-28 2.6316e-33 1.5976e-39 2.2510e-47 2.4425e-57 4.6993e-70 2.2329e-86 1.8168e-107 6.5996e-135 6.9736e-171 1.9111e-218 6.7371e-282 0.0000e+00 0.0000e+00 0.0000e+00 0.0000e+00 0.0000e+00 0.0000e+00 0.0000e+00 0.0000e+00 0.0000e+00 0.0000e+00 0.0000e+00 0.0000e+00 0.0000e+00 0.0000e+00 0.0000e+00 0.0000e+00 0.0000e+00 0.0000e+00 0.0000e+00 0.0000e+00 0.0000e+00 0.0000e+00 0.0000e+00 0.0000e+00
-2.0045e-11 3.0248e-10 -3.1328e-10 -6.4455e-10 -1.1293e-09 -1.7877e-09 -2.6393e-09 -3.7032e-09 -4.9987e-09 -6.5452e-09 -8.3631e-09 -1.0473e-08 -1.2897e-08 -1.5659e-08 -1.8782e-08 -2.2292e-08 -2.6215e-08 -3.0581e-08 -3.5418e-08 -4.0756e-08 -4.6626e-08 -5.3059e-08 -6.0086e-08 -6.7734e-08 -7.6028e-08 -8.4988e-08 -9.4625e-08 -1.0494e-07 -1.1591e-07 -1.2751e-07 -1.3966e-07 -1.5227e-07 -1.6518e-07 -1.7818e-07 -1.9101e-07 -2.0330e-07 -2.1460e-07 -2.2438e-07 -2.3199e-07 -2.3672e-07 -2.3784e-07 -2.3459e-07 -2.2638e-07 -2.1283e-07 -1.9393e-07 -1.7023e-07 -1.4287e-07 -1.1361e-07 -8.4656e-08 -5.8324e-08 -3.6547e-08 -2.0416e-08 -9.9199e-09 -4.0675e-09 -1.3558e-09 -3.5084e-10 -6.6545e-11 -8.6137e-12 -6.9584e-13 -3.1355e-14 -6.8397e-16 -6.0357e-18 -1.7141e-20 -1.1689e-23 -1.3128e-27 -1.4901e-32 -9.0463e-39 -1.2746e-46 -1.3831e-56 -2.6609e-69 -1.2643e-85 -1.0287e-106 -3.7369e-134 -3.9487e-170 -1.0822e-217 -3.8148e-281 0.0000e+00 0.0000e+00 0.0000e+00 0.0000e+00 0.0000e+00 0.0000e+00 0.0000e+00 0.0000e+00 0.0000e+00 0.0000e+00 0.0000e+00 0.0000e+00 0.0000e+00 0.0000e+00 0.0000e+00 0.0000e+00 0.0000e+00 0.0000e+00 0.0000e+00 0.0000e+00 0.0000e+00 0.0000e+00 0.0000e+00 0.0000e+00 2.0045e-11 0.0000e+00 3.1328e-10 6.4455e-10 1.1293e-09 1.7877e-09 2.6393e-09 3.7032e-09 4.9987e-09 6.5452e-09 8.3631e-09 1.0473e-08 1.2897e-08 1.5659e-08 1.8782e-08 2.2292e-08 2.6215e-08 3.0581e-08 3.5418e-08 4.0756e-08 4.6626e-08 5.3059e-08 6.0086e-08 6.7734e-08 7.6028e-08 8.4988e-08 9.4625e-08 1.0494e-07 1.1591e-07 1.2751e-07 1.3966e-07 1.5227e-07 1.6518e-07 1.7818e-07 1.9101e-07 2.0330e-07 2.1460e-07 2.2438e-07 2.3199e-07 2.3672e-07 2.3784e-07 2.3459e-07 2.2638e-07 2.1283e-07 1.9393e-07 1.7023e-07 1.4287e-07 1.1361e-07 8.4656e-08 5.8324e-08 3.6547e-08 2.0416e-08 9.9199e-09 4.0675e-09 1.3558e-09 3.5084e-10 6.6545e-11 8.6137e-12 6.9584e-13 3.1355e-14 6.8397e-16 6.0357e-18 1.7141e-20 1.1689e-23 1.3128e-27 1.4901e-32 9.0463e-39 1.2746e-46 1.3830e-56 2.6609e-69 1.2643e-85 1.0287e-106 3.7369e-134 3.9487e-170 1.0821e-217 3.8148e-281 0.0000e+00 0.0000e+00 0.0000e+00 0.0000e+00 0.0000e+00 0.0000e+00 0.0000e+00 0.0000e+00 0.0000e+00 0.0000e+00 0.0000e+00 0.0000e+00 0.0000e+00 0.0000e+00 0.0000e+00 0.0000e+00 0.0000e+00 0.0000e+00 0.0000e+00 0.0000e+00 0.0000e+00 0.0000e+00 0.0000e+00 0.0000e+00
-5.5327e-11 -3.1328e-10 3.4537e-09 -1.7790e-09 -3.1169e-09 -4.9343e-09 -7.2848e-09 -1.0221e-08 -1.3797e-08 -1.8066e-08 -2.3083e-08 -2.8907e-08 -3.5598e-08 -4.3220e-08 -5.1840e-08 -6.1528e-08 -7.2358e-08 -8.4407e-08 -9.7757e-08 -1.1249e-07 -1.2869e-07 -1.4645e-07 -1.6584e-07 -1.8695e-07 -2.0985e-07 -2.3458e-07 -2.6118e-07 -2.8964e-07 -3.1993e-07 -3.5194e-07 -3.8549e-07 -4.2028e-07 -4.5591e-07 -4.9181e-07 -5.2721e-07 -5.6113e-07 -5.9232e-07 -6.1931e-07 -6.4032e-07 -6.5339e-07 -6.5646e-07 -6.4751e-07 -6.2484e-07 -5.8743e-07 -5.3528e-07 -4.6986e-07 -3.9434e-07 -3.1357e-07 -2.3366e-07 -1.6098e-07 -1.0088e-07 -5.6351e-08 -2.7380e-08 -1.1227e-08 -3.7423e-09 -9.6836e-10 -1.8367e-10 -2.3775e-11 -1.9206e-12 -8.6543e-14 -1.8879e-15 -1.6659e-17 -4.7311e-20 -3.2263e-23 -3.6234e-27 -4.1128e-32 -2.4969e-38 -3.5181e-46 -3.8174e-56 -7.3445e-69 -3.4897e-85 -2.8394e-106 -1.0315e-133 -1.0899e-169 -2.9870e-217 -1.0530e-280 0.0000e+00 0.0000e+00 0.0000e+00 0.0000e+00 0.0000e+00 0.0000e+00 0.0000e+00 0.0000e+00 0.0000e+00 0.0000e+00 0.0000e+00 0.0000e+00 0.0000e+00 0.0000e+00 0.0000e+00 0.0000e+00 0.0000e+00 0.0000e+00 0.0000e+00 0.0000e+00 0.0000e+00 0.0000e+00 0.0000e+00 0.0000e+00 5.5327e-11 3.1328e-10 0.0000e+00 1.7790e-09 3.1169e-09 4.9343e-09 7.2848e-09 1.0221e-08 1.3797e-08 1.8066e-08 2.3083e-08 2.8907e-08 3.5598e-08 4.3220e-08 5.1840e-08 6.1528e-08 7.2358e-08 8.4407e-08 9.7757e-08 1.1249e-07 1.2869e-07 1.4645e-07 1.6584e-07 1.8695e-07 2.0985e-07 2.3458e-07 2.6118e-07 2.8964e-07 3.1993e-07 3.5194e-07 3.8549e-07 4.2028e-07 4.5591e-07 4.9181e-07 5.2721e-07 5.6113e-07 5.9232e-07 6.1931e-07 6.4032e-07 6.5339e-07 6.5646e-07 6.4751e-07 6.2484e-07 5.8743e-07 5.3528e-07 4.6986e-07 3.9434e-07 3.1357e-07 2.3366e-07 1.6098e-07 1.0088e-07 5.6351e-08 2.7380e-08 1.1227e-08 3.7423e-09 9.6836e-10 1.8367e-10 2.3775e-11 1.9206e-12 8.6543e-14 1.8879e-15 1.6659e-17 4.7311e-20 3.2262e-23 3.6234e-27 4.1128e-32 2.4969e-38 3.5181e-46 3.8174e-56 7.3444e-69 3.4897e-85 2.8394e-106 1.0314e-133 1.0899e-169 2.9869e-217 1.0529e-280 0.0000e+00 0.0000e+00 0.0000e+00 0.0000e+00 0.0000e+00 0.0000e+00 0.0000e+00 0.0000e+00 0.0000e+00 0.0000e+00 0.0000e+00 0.0000e+00 0.0000e+00 0.0000e+00 0.0000e+00 0.0000e+00 0.0000e+00 0.0000e+00 0.0000e+00 0.0000e+00 0.0000e+00 0.0000e+00 0.0000e+00 0.0000e+00
-1.1383e-10 -6.4455e-10 -1.7790e-09 2.0228e-08 -6.4129e-09 -1.0152e-08 -1.4988e-08 -2.1030e-08 -2.8386e-08 -3.7169e-08 -4.7492e-08 -5.9475e-08 -7.3242e-08 -8.8924e-08 -1.0666e-07 -1.2659e-07 -1.4887e-07 -1.7366e-07 -2.0113e-07 -2.3144e-07 -2.6478e-07 -3.0131e-07 -3.4122e-07 -3.8465e-07 -4.3175e-07 -4.8263e-07 -5.3736e-07 -5.9593e-07 -6.5825e-07 -7.2410e-07 -7.9312e-07 -8.6470e-07 -9.3801e-07 -1.0119e-06 -1.0847e-06 -1.1545e-06 -1.2187e-06 -1.2742e-06 -1.3174e-06 -1.3443e-06 -1.3506e-06 -1.3322e-06 -1.2856e-06 -1.2086e-06 -1.1013e-06 -9.6671e-07 -8.1133e-07 -6.4516e-07 -4.8075e-07 -3.3121e-07 -2.0755e-07 -1.1594e-07 -5.6333e-08 -2.3098e-08 -7.6996e-09 -1.9924e-09 -3.7790e-10 -4.8916e-11 -3.9516e-12 -1.7806e-13 -3.8842e-15 -3.4276e-17 -9.7341e-20 -6.6379e-23 -7.4550e-27 -8.4621e-32 -5.1373e-38 -7.2385e-46 -7.8544e-56 -1.5112e-68 -7.1803e-85 -5.8424e-106 -2.1223e-133 -2.2427e-169 -6.1464e-217 -2.1668e-280 0.0000e+00 0.0000e+00 0.0000e+00 0.0000e+00 0.0000e+00 0.0000e+00 0.0000e+00 0.0000e+00 0.0000e+00 0.0000e+00 0.0000e+00 0.0000e+00 0.0000e+00 0.0000e+00 0.0000e+00 0.0000e+00 0.0000e+00 0.0000e+00 0.0000e+00 0.0000e+00 0.0000e+00 0.0000e+00 0.0000e+00 0.0000e+00 1.1383e-10 6.4455e-10 1.7790e-09 0.0000e+00 6.4129e-09 1.0152e-08 1.4988e-08 2.1030e-08 2.8386e-08 3.7169e-08 4.7492e-08 5.9475e-08 7.3242e-08 8.8924e-08 1.0666e-07 1.2659e-07 1.4887e-07 1.7366e-07 2.0113e-07 2.3144e-07 2.6478e-07 3.0131e-07 3.4122e-07 3.8465e-07 4.3175e-07 4.8263e-07 5.3736e-07 5.9593e-07 6.5825e-07 7.2410e-07 7.9312e-07 8.6470e-07 9.3801e-07 1.0119e-06 1.0847e-06 1.1545e-06 1.2187e-06 1.2742e-06 1.3174e-06 1.3443e-06 1.3506e-06 1.3322e-06 1.2856e-06 1.2086e-06 1.1013e-06 9.6671e-07 8.1133e-07 6.4516e-07 4.8074e-07 3.3121e-07 2.0755e-07 1.1594e-07 5.6333e-08 2.3098e-08 7.6996e-09 1.9924e-09 3.7790e-10 4.8916e-11 3.9516e-12 1.7806e-13 3.8842e-15 3.4276e-17 9.7340e-20 6.6378e-23 7.4549e-27 8.4619e-32 5.1372e-38 7.2382e-46 7.8541e-56 1.5111e-68 7.1799e-85 5.8419e-106 2.1221e-133 2.2424e-169 6.1453e-217 2.1663e-280 0.0000e+00 0.0000e+00 0.0000e+00 0.0000e+00 0.0000e+00 0.0000e+00 0.0000e+00 0.0000e+00 0.0000e+00 0.0000e+00 0.0000e+00 0.0000e+00 0.0000e+00 0.0000e+00 0.0000e+00 0.0000e+00 0.0000e+00 0.0000e+00 0.0000e+00 0.0000e+00 0.0000e+00 0.0000e+00 0.0000e+00 0.0000e+00
-1.9944e-10 -1.1293e-09 -3.1169e-09 -6.4129e-09 7.7563e-08 -1.7786e-08 -2.6259e-08 -3.6845e-08 -4.9734e-08 -6.5121e-08 -8.3207e-08 -1.0420e-07 -1.2832e-07 -1.5580e-07 -1.8687e-07 -2.2179e-07 -2.6083e-07 -3.0426e-07 -3.5238e-07 -4.0549e-07 -4.6390e-07 -5.2791e-07 -5.9782e-07 -6.7391e-07 -7.5643e-07 -8.4558e-07 -9.4146e-07 -1.0441e-06 -1.1533e-06 -1.2686e-06 -1.3896e-06 -1.5150e-06 -1.6434e-06 -1.7728e-06 -1.9004e-06 -2.0227e-06 -2.1351e-06 -2.2324e-06 -2.3081e-06 -2.3553e-06 -2.3663e-06 -2.3341e-06 -2.2524e-06 -2.1175e-06 -1.9295e-06 -1.6937e-06 -1.4215e-06 -1.1303e-06 -8.4227e-07 -5.8029e-07 -3.6362e-07 -2.0313e-07 -9.8697e-08 -4.0469e-08 -1.3490e-08 -3.4907e-09 -6.6209e-10 -8.5702e-11 -6.9233e-12 -3.1197e-13 -6.8053e-15 -6.0053e-17 -1.7055e-19 -1.1630e-22 -1.3062e-26 -1.4827e-31 -9.0014e-38 -1.2683e-45 -1.3763e-55 -2.6479e-68 -1.2582e-84 -1.0238e-105 -3.7195e-133 -3.9307e-169 -1.0774e-216 -3.7987e-280 0.0000e+00 0.0000e+00 0.0000e+00 0.0000e+00 0.0000e+00 0.0000e+00 0.0000e+00 0.0000e+00 0.0000e+00 0.0000e+00 0.0000e+00 0.0000e+00 0.0000e+00 0.0000e+00 0.0000e+00 0.0000e+00 0.0000e+00 0.0000e+00 0.0000e+00 0.0000e+00 0.0000e+00 0.0000e+00 0.0000e+00 0.0000e+00 1.9944e-10 1.1293e-09 3.1169e-09 6.4129e-09 0.0000e+00 1.7786e-08 2.6259e-08 3.6845e-08 4.9734e-08 6.5121e-08 8.3207e-08 1.0420e-07 1.2832e-07 1.5580e-07 1.8687e-07 2.2179e-07 2.6083e-07 3.0426e-07 3.5238e-07 4.0549e-07 4.6390e-07 5.2791e-07 5.9782e-07 6.7391e-07 7.5643e-07 8.4558e-07 9.4146e-07 1.0441e-06 1.1533e-06 1.2686e-06 1.3896e-06 1.5150e-06 1.6434e-06 1.7728e-06 1.9004e-06 2.0227e-06 2.1351e-06 2.2324e-06 2.3081e-06 2.3553e-06 2.3663e-06 2.3341e-06 2.2524e-06 2.1175e-06 1.9295e-06 1.6937e-06 1.4215e-06 1.1303e-06 8.4227e-07 5.8029e-07 3.6362e-07 2.0313e-07 9.8697e-08 4.0469e-08 1.3490e-08 3.4906e-09 6.6208e-10 8.5701e-11 6.9232e-12 3.1196e-13 6.8051e-15 6.0051e-17 1.7054e-19 1.1630e-22 1.3061e-26 1.4825e-31 9.0005e-38 1.2681e-45 1.3760e-55 2.6474e-68 1.2579e-84 1.0235e-105 3.7180e-133 3.9287e-169 1.0767e-216 3.7954e-280 0.0000e+00 0.0000e+00 0.0000e+00 0.0000e+00 0.0000e+00 0.0000e+00 0.0000e+00 0.0000e+00 0.0000e+00 0.0000e+00 0.0000e+00 0.0000e+00 0.0000e+00 0.0000e+00 0.0000e+00 0.0000e+00 0.0000e+00 0.0000e+00 0.0000e+00 0.0000e+00 0.0000e+00 0.0000e+00 0.0000e+00 0.0000e+00
-3.1572e-10 -1.7877e-09 -4.9343e-09 -1.0152e-08 -1.7786e-08 2.3286e-07 -4.1570e-08 -5.8327e-08 -7.8731e-08 -1.0309e-07 -1.3172e-07 -1.6496e-07 -2.0314e-07 -2.4663e-07 -2.9582e-07 -3.5110e-07 -4.1290e-07 -4.8166e-07 -5.5784e-07 -6.4192e-07 -7.3438e-07 -8.3571e-07 -9.4638e-07 -1.0668e-06 -1.1975e-06 -1.3386e-06 -1.4904e-06 -1.6528e-06 -1.8257e-06 -2.0083e-06 -2.1997e-06 -2.3983e-06 -2.6016e-06 -2.8065e-06 -3.0085e-06 -3.2020e-06 -3.3801e-06 -3.5340e-06 -3.6539e-06 -3.7285e-06 -3.7460e-06 -3.6950e-06 -3.5656e-06 -3.3521e-06 -3.0545e-06 -2.6812e-06 -2.2503e-06 -1.7894e-06 -1.3334e-06 -9.1864e-07 -5.7564e-07 -3.2157e-07 -1.5625e-07 -6.4066e-08 -2.1356e-08 -5.5261e-09 -1.0482e-09 -1.3568e-10 -1.0961e-11 -4.9389e-13 -1.0774e-14 -9.5075e-17 -2.7001e-19 -1.8413e-22 -2.0681e-26 -2.3475e-31 -1.4253e-37 -2.0083e-45 -2.1794e-55 -4.1935e-68 -1.9928e-84 -1.6218e-105 -5.8928e-133 -6.2289e-169 -1.7078e-216 -6.0238e-280 0.0000e+00 0.0000e+00 0.0000e+00 0.0000e+00 0.0000e+00 0.0000e+00 0.0000e+00 0.0000e+00 0.0000e+00 0.0000e+00 0.0000e+00 0.0000e+00 0.0000e+00 0.0000e+00 0.0000e+00 0.0000e+00 0.0000e+00 0.0000e+00 0.0000e+00 0.0000e+00 0.0000e+00 0.0000e+00 0.0000e+00 0.0000e+00 3.1572e-10 1.7877e-09 4.9343e-09 1.0152e-08 1.7786e-08 0.0000e+00 4.1570e-08 5.8327e-08 7.8731e-08 1.0309e-07 1.3172e-07 1.6496e-07 2.0314e-07 2.4663e-07 2.9582e-07 3.5110e-07 4.1290e-07 4.8166e-07 5.5784e-07 6.4192e-07 7.3438e-07 8.3571e-07 9.4638e-07 1.0668e-06 1.1975e-06 1.3386e-06 1.4904e-06 1.6528e-06 1.8257e-06 2.0083e-06 2.1997e-06 2.3983e-06 2.6016e-06 2.8065e-06 3.0085e-06 3.2020e-06 3.3801e-06 3.5340e-06 3.6539e-06 3.7285e-06 3.7460e-06 3.6949e-06 3.5656e-06 3.3521e-06 3.0545e-06 2.6812e-06 2.2503e-06 1.7894e-06 1.3334e-06 9.1863e-07 5.7564e-07 3.2156e-07 1.5624e-07 6.4064e-08 2.1355e-08 5.5259e-09 1.0481e-09 1.3567e-10 1.0960e-11 4.9385e-13 1.0773e-14 9.5065e-17 2.6998e-19 1.8410e-22 2.0677e-26 2.3469e-31 1.4248e-37 2.0076e-45 2.1784e-55 4.1910e-68 1.9914e-84 1.6203e-105 5.8858e-133 6.2194e-169 1.7044e-216 6.0084e-280 0.0000e+00 0.0000e+00 0.0000e+00 0.0000e+00 0.0000e+00 0.0000e+00 0.0000e+00 0.0000e+00 0.0000e+00 0.0000e+00 0.0000e+00 0.0000e+00 0.0000e+00 0.0000e+00 0.0000e+00 0.0000e+00 0.0000e+00 0.0000e+00 0.0000e+00 0.0000e+00 0.0000e+00 0.0000e+00 0.0000e+00 0.0000e+00
-4.6612e-10 -2.6393e-09 -7.2848e-09 -1.4988e-08 -2.6259e-08 -4.1570e-08 5.9092e-07 -8.6113e-08 -1.1624e-07 -1.5220e-07 -1.9447e-07 -2.4354e-07 -2.9991e-07 -3.6412e-07 -4.3674e-07 -5.1836e-07 -6.0960e-07 -7.1111e-07 -8.2358e-07 -9.4771e-07 -1.0842e-06 -1.2338e-06 -1.3972e-06 -1.5750e-06 -1.7679e-06 -1.9763e-06 -2.2004e-06 -2.4402e-06 -2.6954e-06 -2.9650e-06 -3.2476e-06 -3.5408e-06 -3.8410e-06 -4.1434e-06 -4.4416e-06 -4.7274e-06 -4.9902e-06 -5.2175e-06 -5.3945e-06 -5.5047e-06 -5.5305e-06 -5.4551e-06 -5.2642e-06 -4.9490e-06 -4.5097e-06 -3.9585e-06 -3.3223e-06 -2.6418e-06 -1.9686e-06 -1.3563e-06 -8.4988e-07 -4.7476e-07 -2.3068e-07 -9.4588e-08 -3.1530e-08 -8.1589e-09 -1.5476e-09 -2.0032e-10 -1.6183e-11 -7.2924e-13 -1.5908e-14 -1.4039e-16 -3.9872e-19 -2.7192e-22 -3.0542e-26 -3.4671e-31 -2.1052e-37 -2.9667e-45 -3.2199e-55 -6.1968e-68 -2.9455e-84 -2.3978e-105 -8.7159e-133 -9.2177e-169 -2.5289e-216 -8.9283e-280 0.0000e+00 0.0000e+00 0.0000e+00 0.0000e+00 0.0000e+00 0.0000e+00 0.0000e+00 0.0000e+00 0.0000e+00 0.0000e+00 0.0000e+00 0.0000e+00 0.0000e+00 0.0000e+00 0.0000e+00 0.0000e+00 0.0000e+00 0.0000e+00 0.0000e+00 0.0000e+00 0.0000e+00 0.0000e+00 0.0000e+00 0.0000e+00 4.6612e-10 2.6393e-09 7.2848e-09 1.4988e-08 2.6259e-08 4.1570e-08 0.0000e+00 8.6113e-08 1.1624e-07 1.5220e-07 1.9447e-07 2.4354e-07 2.9991e-07 3.6412e-07 4.3674e-07 5.1836e-07 6.0960e-07 7.1111e-07 8.2358e-07 9.4771e-07 1.0842e-06 1.2338e-06 1.3972e-06 1.5750e-06 1.7679e-06 1.9763e-06 2.2004e-06 2.4402e-06 2.6954e-06 2.9650e-06 3.2476e-06 3.5408e-06 3.8410e-06 4.1434e-06 4.4416e-06 4.7274e-06 4.9902e-06 5.2175e-06 5.3945e-06 5.5047e-06 5.5305e-06 5.4551e-06 5.2642e-06 4.9489e-06 4.5096e-06 3.9585e-06 3.3222e-06 2.6418e-06 1.9685e-06 1.3562e-06 8.4985e-07 4.7474e-07 2.3067e-07 9.4582e-08 3.1528e-08 8.1582e-09 1.5474e-09 2.0030e-10 1.6181e-11 7.2911e-13 1.5905e-14 1.4035e-16 3.9858e-19 2.7180e-22 3.0526e-26 3.4650e-31 2.1036e-37 2.9639e-45 3.2161e-55 6.1875e-68 2.9400e-84 2.3921e-105 8.6896e-133 9.1821e-169 2.5164e-216 8.8706e-280 0.0000e+00 0.0000e+00 0.0000e+00 0.0000e+00 0.0000e+00 0.0000e+00 0.0000e+00 0.0000e+00 0.0000e+00 0.0000e+00 0.0000e+00 0.0000e+00 0.0000e+00 0.0000e+00 0.0000e+00 0.0000e+00 0.0000e+00 0.0000e+00 0.0000e+00 0.0000e+00 0.0000e+00 0.0000e+00 0.0000e+00 0.0000e+00
-6.5401e-10 -3.7032e-09 -1.0221e-08 -2.1030e-08 -3.6845e-08 -5.8327e-08 -8.6113e-08 1.3263e-06 -1.6309e-07 -2.1355e-07 -2.7286e-07 -3.4171e-07 -4.2080e-07 -5.1090e-07 -6.1279e-07 -7.2731e-07 -8.5533e-07 -9.9776e-07 -1.1556e-06 -1.3297e-06 -1.5213e-06 -1.7312e-06 -1.9604e-06 -2.2100e-06 -2.4806e-06 -2.7729e-06 -3.0873e-06 -3.4238e-06 -3.7819e-06 -4.1603e-06 -4.5568e-06 -4.9681e-06 -5.3893e-06 -5.8136e-06 -6.2321e-06 -6.6330e-06 -7.0018e-06 -7.3208e-06 -7.5691e-06 -7.7237e-06 -7.7600e-06 -7.6542e-06 -7.3863e-06 -6.9440e-06 -6.3276e-06 -5.5543e-06 -4.6616e-06 -3.7069e-06 -2.7622e-06 -1.9031e-06 -1.1925e-06 -6.6617e-07 -3.2369e-07 -1.3273e-07 -4.4244e-08 -1.1449e-08 -2.1717e-09 -2.8112e-10 -2.2711e-11 -1.0234e-12 -2.2327e-14 -1.9705e-16 -5.5968e-19 -3.8172e-22 -4.2880e-26 -4.8685e-31 -2.9566e-37 -4.1676e-45 -4.5246e-55 -8.7109e-68 -4.1425e-84 -3.3743e-105 -1.2275e-132 -1.2996e-168 -3.5704e-216 -1.2628e-279 0.0000e+00 0.0000e+00 0.0000e+00 0.0000e+00 0.0000e+00 0.0000e+00 0.0000e+00 0.0000e+00 0.0000e+00 0.0000e+00 0.0000e+00 0.0000e+00 0.0000e+00 0.0000e+00 0.0000e+00 0.0000e+00 0.0000e+00 0.0000e+00 0.0000e+00 0.0000e+00 0.0000e+00 0.0000e+00 0.0000e+00 0.0000e+00 6.5401e-10 3.7032e-09 1.0221e-08 2.1030e-08 3.6845e-08 5.8327e-08 8.6113e-08 0.0000e+00 1.6309e-07 2.1355e-07 2.7286e-07 3.4171e-07 4.2080e-07 5.1090e-07 6.1279e-07 7.2731e-07 8.5533e-07 9.9776e-07 1.1556e-06 1.3297e-06 1.5213e-06 1.7312e-06 1.9604e-06 2.2100e-06 2.4806e-06 2.7729e-06 3.0873e-06 3.4238e-06 3.7819e-06 4.1603e-06 4.5568e-06 4.9681e-06 5.3893e-06 5.8136e-06 6.2321e-06 6.6330e-06 7.0018e-06 7.3207e-06 7.5691e-06 7.7236e-06 7.7599e-06 7.6541e-06 7.3862e-06 6.9439e-06 6.3274e-06 5.5541e-06 4.6614e-06 3.7067e-06 2.7621e-06 1.9029e-06 1.1924e-06 6.6611e-07 3.2366e-07 1.3271e-07 4.4237e-08 1.1447e-08 2.1712e-09 2.8104e-10 2.2703e-11 1.0230e-12 2.2316e-14 1.9693e-16 5.5925e-19 3.8137e-22 4.2831e-26 4.8617e-31 2.9515e-37 4.1586e-45 4.5125e-55 8.6817e-68 4.1251e-84 3.3564e-105 1.2192e-132 1.2883e-168 3.5307e-216 1.2446e-279 0.0000e+00 0.0000e+00 0.0000e+00 0.0000e+00 0.0000e+00 0.0000e+00 0.0000e+00 0.0000e+00 0.0000e+00 0.0000e+00 0.0000e+00 0.0000e+00 0.0000e+00 0.0000e+00 0.0000e+00 0.0000e+00 0.0000e+00 0.0000e+00 0.0000e+00 0.0000e+00 0.0000e+00 0.0000e+00 0.0000e+00 0.0000e+00
-8.8279e-10 -4.9987e-09 -1.3797e-08 -2.8386e-08 -4.9734e-08 -7.8731e-08 -1.1624e-07 -1.6309e-07 2.7112e-06 -2.8825e-07 -3.6831e-07 -4.6124e-07 -5.6801e-07 -6.8962e-07 -8.2716e-07 -9.8174e-07 -1.1545e-06 -1.3468e-06 -1.5598e-06 -1.7949e-06 -2.0534e-06 -2.3368e-06 -2.6462e-06 -2.9830e-06 -3.3483e-06 -3.7429e-06 -4.1673e-06 -4.6216e-06 -5.1049e-06 -5.6156e-06 -6.1508e-06 -6.7060e-06 -7.2746e-06 -7.8473e-06 -8.4122e-06 -8.9534e-06 -9.4512e-06 -9.8818e-06 -1.0217e-05 -1.0426e-05 -1.0475e-05 -1.0332e-05 -9.9703e-06 -9.3734e-06 -8.5413e-06 -7.4975e-06 -6.2925e-06 -5.0038e-06 -3.7287e-06 -2.5689e-06 -1.6098e-06 -8.9930e-07 -4.3697e-07 -1.7918e-07 -5.9732e-08 -1.5457e-08 -2.9321e-09 -3.7957e-10 -3.0667e-11 -1.3821e-12 -3.0154e-14 -2.6615e-16 -7.5606e-19 -5.1575e-22 -5.7949e-26 -6.5812e-31 -3.9981e-37 -5.6381e-45 -6.1244e-55 -1.1799e-67 -5.6162e-84 -4.5801e-105 -1.6686e-132 -1.7700e-168 -4.8755e-216 -1.7303e-279 0.0000e+00 0.0000e+00 0.0000e+00 0.0000e+00 0.0000e+00 0.0000e+00 0.0000e+00 0.0000e+00 0.0000e+00 0.0000e+00 0.0000e+00 0.0000e+00 0.0000e+00 0.0000e+00 0.0000e+00 0.0000e+00 0.0000e+00 0.0000e+00 0.0000e+00 0.0000e+00 0.0000e+00 0.0000e+00 0.0000e+00 0.0000e+00 8.8279e-10 4.9987e-09 1.3797e-08 2.8386e-08 4.9734e-08 7.8731e-08 1.1624e-07 1.6309e-07 0.0000e+00 2.8825e-07 3.6831e-07 4.6124e-07 5.6801e-07 6.8962e-07 8.2716e-07 9.8174e-07 1.1545e-06 1.3468e-06 1.5598e-06 1.7949e-06 2.0534e-06 2.3368e-06 2.6462e-06 2.9830e-06 3.3483e-06 3.7429e-06 4.1673e-06 4.6215e-06 5.1049e-06 5.6156e-06 6.1508e-06 6.7060e-06 7.2745e-06 7.8473e-06 8.4121e-06 8.9533e-06 9.4511e-06 9.8816e-06 1.0217e-05 1.0425e-05 1.0474e-05 1.0332e-05 9.9700e-06 9.3730e-06 8.5409e-06 7.4971e-06 6.2920e-06 5.0034e-06 3.7283e-06 2.5686e-06 1.6096e-06 8.9913e-07 4.3688e-07 1.7913e-07 5.9712e-08 1.5451e-08 2.9307e-09 3.7935e-10 3.0645e-11 1.3809e-12 3.0123e-14 2.6581e-16 7.5489e-19 5.1478e-22 5.7815e-26 6.5624e-31 3.9840e-37 5.6134e-45 6.0910e-55 1.1719e-67 5.5681e-84 4.5305e-105 1.6457e-132 1.7390e-168 4.7658e-216 1.6800e-279 0.0000e+00 0.0000e+00 0.0000e+00 0.0000e+00 0.0000e+00 0.0000e+00 0.0000e+00 0.0000e+00 0.0000e+00 0.0000e+00 0.0000e+00 0.0000e+00 0.0000e+00 0.0000e+00 0.0000e+00 0.0000e+00 0.0000e+00 0.0000e+00 0.0000e+00 0.0000e+00 0.0000e+00 0.0000e+00 0.0000e+00 0.0000e+00
-1.1559e-09 -6.5452e-09 -1.8066e-08 -3.7169e-08 -6.5121e-08 -1.0309e-07 -1.5220e-07 -2.1355e-07 -2.8825e-07 5.1492e-06 -4.8227e-07 -6.0395e-07 -7.4375e-07 -9.0299e-07 -1.0831e-06 -1.2855e-06 -1.5117e-06 -1.7635e-06 -2.0424e-06 -2.3502e-06 -2.6888e-06 -3.0597e-06 -3.4649e-06 -3.9060e-06 -4.3843e-06 -4.9010e-06 -5.4567e-06 -6.0514e-06 -6.6843e-06 -7.3530e-06 -8.0539e-06 -8.7808e-06 -9.5253e-06 -1.0275e-05 -1.1015e-05 -1.1724e-05 -1.2375e-05 -1.2939e-05 -1.3378e-05 -1.3652e-05 -1.3716e-05 -1.3529e-05 -1.3055e-05 -1.2274e-05 -1.1184e-05 -9.8177e-06 -8.2399e-06 -6.5525e-06 -4.8828e-06 -3.3641e-06 -2.1082e-06 -1.1777e-06 -5.7229e-07 -2.3468e-07 -7.8235e-08 -2.0247e-08 -3.8409e-09 -4.9727e-10 -4.0180e-11 -1.8110e-12 -3.9520e-14 -3.4889e-16 -9.9135e-19 -6.7647e-22 -7.6036e-26 -8.6395e-31 -5.2518e-37 -7.4116e-45 -8.0586e-55 -1.5545e-67 -7.4106e-84 -6.0556e-105 -2.2120e-132 -2.3544e-168 -6.5139e-216 -2.3254e-279 0.0000e+00 0.0000e+00 0.0000e+00 0.0000e+00 0.0000e+00 0.0000e+00 0.0000e+00 0.0000e+00 0.0000e+00 0.0000e+00 0.0000e+00 0.0000e+00 0.0000e+00 0.0000e+00 0.0000e+00 0.0000e+00 0.0000e+00 0.0000e+00 0.0000e+00 0.0000e+00 0.0000e+00 0.0000e+00 0.0000e+00 0.0000e+00 1.1559e-09 6.5452e-09 1.8066e-08 3.7169e-08 6.5121e-08 1.0309e-07 1.5220e-07 2.1355e-07 2.8825e-07 0.0000e+00 4.8227e-07 6.0395e-07 7.4375e-07 9.0299e-07 1.0831e-06 1.2855e-06 1.5117e-06 1.7635e-06 2.0424e-06 2.3502e-06 2.6888e-06 3.0597e-06 3.4649e-06 3.9060e-06 4.3843e-06 4.9010e-06 5.4567e-06 6.0514e-06 6.6843e-06 7.3530e-06 8.0538e-06 8.7808e-06 9.5252e-06 1.0275e-05 1.1015e-05 1.1723e-05 1.2375e-05 1.2939e-05 1.3378e-05 1.3651e-05 1.3715e-05 1.3528e-05 1.3055e-05 1.2273e-05 1.1183e-05 9.8166e-06 8.2388e-06 6.5514e-06 4.8818e-06 3.3633e-06 2.1075e-06 1.1773e-06 5.7204e-07 2.3456e-07 7.8187e-08 2.0232e-08 3.8374e-09 4.9672e-10 4.0127e-11 1.8081e-12 3.9442e-14 3.4806e-16 9.8845e-19 6.7405e-22 7.5702e-26 8.5928e-31 5.2167e-37 7.3502e-45 7.9755e-55 1.5344e-67 7.2909e-84 5.9322e-105 2.1549e-132 2.2770e-168 6.2402e-216 2.1998e-279 0.0000e+00 0.0000e+00 0.0000e+00 0.0000e+00 0.0000e+00 0.0000e+00 0.0000e+00 0.0000e+00 0.0000e+00 0.0000e+00 0.0000e+00 0.0000e+00 0.0000e+00 0.0000e+00 0.0000e+00 0.0000e+00 0.0000e+00 0.0000e+00 0.0000e+00 0.0000e+00 0.0000e+00 0.0000e+00 0.0000e+00 0.0000e+00
-1.4770e-09 -8.3631e-09 -2.3083e-08 -4.7492e-08 -8.3207e-08 -1.3172e-07 -1.9447e-07 -2.7286e-07 -3.6831e-07 -4.8227e-07 9.2165e-06 -7.7169e-07 -9.5031e-07 -1.1538e-06 -1.3839e-06 -1.6425e-06 -1.9316e-06 -2.2533e-06 -2.6096e-06 -3.0030e-06 -3.4355e-06 -3.9095e-06 -4.4273e-06 -4.9908e-06 -5.6019e-06 -6.2621e-06 -6.9722e-06 -7.7322e-06 -8.5408e-06 -9.3953e-06 -1.0291e-05 -1.1220e-05 -1.2171e-05 -1.3129e-05 -1.4074e-05 -1.4980e-05 -1.5813e-05 -1.6533e-05 -1.7094e-05 -1.7444e-05 -1.7526e-05 -1.7287e-05 -1.6682e-05 -1.5684e-05 -1.4292e-05 -1.2546e-05 -1.0530e-05 -8.3734e-06 -6.2399e-06 -4.2993e-06 -2.6943e-06 -1.5053e-06 -7.3148e-07 -2.9998e-07 -1.0001e-07 -2.5885e-08 -4.9111e-09 -6.3593e-10 -5.1394e-11 -2.3170e-12 -5.0574e-14 -4.4663e-16 -1.2696e-18 -8.6679e-22 -9.7492e-26 -1.1086e-30 -6.7458e-37 -9.5321e-45 -1.0381e-54 -2.0065e-67 -9.5902e-84 -7.8626e-105 -2.8843e-132 -3.0870e-168 -8.6025e-216 -3.1000e-279 0.0000e+00 0.0000e+00 0.0000e+00 0.0000e+00 0.0000e+00 0.0000e+00 0.0000e+00 0.0000e+00 0.0000e+00 0.0000e+00 0.0000e+00 0.0000e+00 0.0000e+00 0.0000e+00 0.0000e+00 0.0000e+00 0.0000e+00 0.0000e+00 0.0000e+00 0.0000e+00 0.0000e+00 0.0000e+00 0.0000e+00 0.0000e+00 1.4770e-09 8.3631e-09 2.3083e-08 4.7492e-08 8.3207e-08 1.3172e-07 1.9447e-07 2.7286e-07 3.6831e-07 4.8227e-07 0.0000e+00 7.7169e-07 9.5031e-07 1.1538e-06 1.3839e-06 1.6425e-06 1.9316e-06 2.2533e-06 2.6096e-06 3.0030e-06 3.4355e-06 3.9095e-06 4.4273e-06 4.9908e-06 5.6019e-06 6.2621e-06 6.9722e-06 7.7321e-06 8.5407e-06 9.3952e-06 1.0291e-05 1.1220e-05 1.2171e-05 1.3129e-05 1.4074e-05 1.4979e-05 1.5812e-05 1.6533e-05 1.7093e-05 1.7442e-05 1.7524e-05 1.7285e-05 1.6680e-05 1.5682e-05 1.4289e-05 1.2543e-05 1.0527e-05 8.3709e-06 6.2376e-06 4.2974e-06 2.6929e-06 1.5043e-06 7.3092e-07 2.9970e-07 9.9902e-08 2.5851e-08 4.9032e-09 6.3468e-10 5.1271e-11 2.3103e-12 5.0397e-14 4.4472e-16 1.2630e-18 8.6125e-22 9.6727e-26 1.0979e-30 6.6655e-37 9.3915e-45 1.0191e-54 1.9606e-67 9.3158e-84 7.5797e-105 2.7534e-132 2.9094e-168 7.9730e-216 2.8105e-279 0.0000e+00 0.0000e+00 0.0000e+00 0.0000e+00 0.0000e+00 0.0000e+00 0.0000e+00 0.0000e+00 0.0000e+00 0.0000e+00 0.0000e+00 0.0000e+00 0.0000e+00 0.0000e+00 0.0000e+00 0.0000e+00 0.0000e+00 0.0000e+00 0.0000e+00 0.0000e+00 0.0000e+00 0.0000e+00 0.0000e+00 0.0000e+00
-1.8496e-09 -1.0473e-08 -2.8907e-08 -5.9475e-08 -1.0420e-07 -1.6496e-07 -2.4354e-07 -3.4171e-07 -4.6124e-07 -6.0395e-07 -7.7169e-07 1.5711e-05 -1.1901e-06 -1.4449e-06 -1.7331e-06 -2.0569e-06 -2.4190e-06 -2.8218e-06 -3.2681e-06 -3.7607e-06 -4.3023e-06 -4.8960e-06 -5.5443e-06 -6.2500e-06 -7.0154e-06 -7.8422e-06 -8.7314e-06 -9.6831e-06 -1.0696e-05 -1.1766e-05 -1.2887e-05 -1.4051e-05 -1.5242e-05 -1.6442e-05 -1.7626e-05 -1.8760e-05 -1.9803e-05 -2.0705e-05 -2.1408e-05 -2.1846e-05 -2.1949e-05 -2.1650e-05 -2.0893e-05 -1.9643e-05 -1.7900e-05 -1.5713e-05 -1.3189e-05 -1.0488e-05 -7.8163e-06 -5.3857e-06 -3.3754e-06 -1.8859e-06 -9.1653e-07 -3.7591e-07 -1.2535e-07 -3.2447e-08 -6.1573e-09 -7.9748e-10 -6.4469e-11 -2.9075e-12 -6.3492e-14 -5.6101e-16 -1.5958e-18 -1.0904e-21 -1.2277e-25 -1.3978e-30 -8.5190e-37 -1.2062e-44 -1.3169e-54 -2.5534e-67 -1.2254e-83 -1.0098e-104 -3.7290e-132 -4.0250e-168 -1.1339e-215 -4.1442e-279 0.0000e+00 0.0000e+00 0.0000e+00 0.0000e+00 0.0000e+00 0.0000e+00 0.0000e+00 0.0000e+00 0.0000e+00 0.0000e+00 0.0000e+00 0.0000e+00 0.0000e+00 0.0000e+00 0.0000e+00 0.0000e+00 0.0000e+00 0.0000e+00 0.0000e+00 0.0000e+00 0.0000e+00 0.0000e+00 0.0000e+00 0.0000e+00 1.8496e-09 1.0473e-08 2.8907e-08 5.9475e-08 1.0420e-07 1.6496e-07 2.4354e-07 3.4171e-07 4.6124e-07 6.0395e-07 7.7169e-07 0.0000e+00 1.1901e-06 1.4449e-06 1.7331e-06 2.0569e-06 2.4190e-06 2.8218e-06 3.2681e-06 3.7607e-06 4.3023e-06 4.8960e-06 5.5443e-06 6.2500e-06 7.0154e-06 7.8421e-06 8.7313e-06 9.6830e-06 1.0696e-05 1.1766e-05 1.2887e-05 1.4050e-05 1.5242e-05 1.6442e-05 1.7625e-05 1.8759e-05 1.9802e-05 2.0704e-05 2.1406e-05 2.1843e-05 2.1946e-05 2.1647e-05 2.0889e-05 1.9638e-05 1.7895e-05 1.5708e-05 1.3183e-05 1.0483e-05 7.8115e-06 5.3817e-06 3.3723e-06 1.8838e-06 9.1534e-07 3.7532e-07 1.2511e-07 3.2373e-08 6.1403e-09 7.9482e-10 6.4208e-11 2.8932e-12 6.3112e-14 5.5693e-16 1.5816e-18 1.0786e-21 1.2113e-25 1.3749e-30 8.3472e-37 1.1761e-44 1.2762e-54 2.4553e-67 1.1666e-83 9.4919e-105 3.4479e-132 3.6432e-168 9.9835e-216 3.5189e-279 0.0000e+00 0.0000e+00 0.0000e+00 0.0000e+00 0.0000e+00 0.0000e+00 0.0000e+00 0.0000e+00 0.0000e+00 0.0000e+00 0.0000e+00 0.0000e+00 0.0000e+00 0.0000e+00 0.0000e+00 0.0000e+00 0.0000e+00 0.0000e+00 0.0000e+00 0.0000e+00 0.0000e+00 0.0000e+00 0.0000e+00 0.0000e+00
-2.2778e-09 -1.2897e-08 -3.5598e-08 -7.3242e-08 -1.2832e-07 -2.0314e-07 -2.9991e-07 -4.2080e-07 -5.6801e-07 -7.4375e-07 -9.5031e-07 -1.1901e-06 2.5711e-05 -1.7793e-06 -2.1342e-06 -2.5330e-06 -2.9789e-06 -3.4750e-06 -4.0246e-06 -4.6312e-06 -5.2982e-06 -6.0293e-06 -6.8277e-06 -7.6968e-06 -8.6393e-06 -9.6574e-06 -1.0753e-05 -1.1925e-05 -1.3172e-05 -1.4489e-05 -1.5871e-05 -1.7303e-05 -1.8770e-05 -2.0248e-05 -2.1706e-05 -2.3103e-05 -2.4388e-05 -2.5499e-05 -2.6365e-05 -2.6904e-05 -2.7032e-05 -2.6664e-05 -2.5733e-05 -2.4193e-05 -2.2047e-05 -1.9355e-05 -1.6246e-05 -1.2920e-05 -9.6293e-06 -6.6355e-06 -4.1590e-06 -2.3240e-06 -1.1296e-06 -4.6338e-07 -1.5455e-07 -4.0016e-08 -7.5959e-09 -9.8417e-10 -7.9596e-11 -3.5917e-12 -7.8486e-14 -6.9408e-16 -1.9763e-18 -1.3521e-21 -1.5247e-25 -1.7394e-30 -1.0626e-36 -1.5091e-44 -1.6539e-54 -3.2222e-67 -1.5557e-83 -1.2919e-104 -4.8169e-132 -5.2635e-168 -1.5062e-215 -5.6143e-279 0.0000e+00 0.0000e+00 0.0000e+00 0.0000e+00 0.0000e+00 0.0000e+00 0.0000e+00 0.0000e+00 0.0000e+00 0.0000e+00 0.0000e+00 0.0000e+00 0.0000e+00 0.0000e+00 0.0000e+00 0.0000e+00 0.0000e+00 0.0000e+00 0.0000e+00 0.0000e+00 0.0000e+00 0.0000e+00 0.0000e+00 0.0000e+00 2.2778e-09 1.2897e-08 3.5598e-08 7.3242e-08 1.2832e-07 2.0314e-07 2.9991e-07 4.2080e-07 5.6801e-07 7.4375e-07 9.5031e-07 1.1901e-06 0.0000e+00 1.7793e-06 2.1342e-06 2.5330e-06 2.9789e-06 3.4750e-06 4.0246e-06 4.6312e-06 5.2982e-06 6.0292e-06 6.8277e-06 7.6967e-06 8.6392e-06 9.6574e-06 1.0752e-05 1.1924e-05 1.3171e-05 1.4489e-05 1.5870e-05 1.7303e-05 1.8770e-05 2.0247e-05 2.1705e-05 2.3101e-05 2.4385e-05 2.5496e-05 2.6361e-05 2.6900e-05 2.7026e-05 2.6657e-05 2.5724e-05 2.4184e-05 2.2037e-05 1.9344e-05 1.6235e-05 1.2910e-05 9.6196e-06 6.6275e-06 4.1529e-06 2.3199e-06 1.1272e-06 4.6219e-07 1.5407e-07 3.9867e-08 7.5616e-09 9.7879e-10 7.9070e-11 3.5629e-12 7.7721e-14 6.8585e-16 1.9477e-18 1.3282e-21 1.4917e-25 1.6932e-30 1.0279e-36 1.4483e-44 1.5715e-54 3.0235e-67 1.4366e-83 1.1688e-104 4.2455e-132 4.4856e-168 1.2291e-215 4.3311e-279 0.0000e+00 0.0000e+00 0.0000e+00 0.0000e+00 0.0000e+00 0.0000e+00 0.0000e+00 0.0000e+00 0.0000e+00 0.0000e+00 0.0000e+00 0.0000e+00 0.0000e+00 0.0000e+00 0.0000e+00 0.0000e+00 0.0000e+00 0.0000e+00 0.0000e+00 0.0000e+00 0.0000e+00 0.0000e+00 0.0000e+00 0.0000e+00
-2.7654e-09 -1.5659e-08 -4.3220e-08 -8.8924e-08 -1.5580e-07 -2.4663e-07 -3.6412e-07 -5.1090e-07 -6.8962e-07 -9.0299e-07 -1.1538e-06 -1.4449e-06 -1.7793e-06 4.0646e-05 -2.5912e-06 -3.0754e-06 -3.6167e-06 -4.2190e-06 -4.8863e-06 -5.6227e-06 -6.4326e-06 -7.3202e-06 -8.2896e-06 -9.3448e-06 -1.0489e-05 -1.1725e-05 -1.3055e-05 -1.4478e-05 -1.5992e-05 -1.7592e-05 -1.9269e-05 -2.1008e-05 -2.2790e-05 -2.4585e-05 -2.6355e-05 -2.8051e-05 -2.9611e-05 -3.0961e-05 -3.2013e-05 -3.2668e-05 -3.2824e-05 -3.2379e-05 -3.1248e-05 -2.9380e-05 -2.6775e-05 -2.3507e-05 -1.9732e-05 -1.5694e-05 -1.1698e-05 -8.0619e-06 -5.0538e-06 -2.8245e-06 -1.3732e-06 -5.6343e-07 -1.8797e-07 -4.8689e-08 -9.2465e-09 -1.1987e-09 -9.7010e-11 -4.3811e-12 -9.5831e-14 -8.4850e-16 -2.4197e-18 -1.6585e-21 -1.8745e-25 -2.1445e-30 -1.3148e-36 -1.8755e-44 -2.0667e-54 -4.0544e-67 -1.9744e-83 -1.6574e-104 -6.2638e-132 -6.9610e-168 -2.0342e-215 -7.7818e-279 0.0000e+00 0.0000e+00 0.0000e+00 0.0000e+00 0.0000e+00 0.0000e+00 0.0000e+00 0.0000e+00 0.0000e+00 0.0000e+00 0.0000e+00 0.0000e+00 0.0000e+00 0.0000e+00 0.0000e+00 0.0000e+00 0.0000e+00 0.0000e+00 0.0000e+00 0.0000e+00 0.0000e+00 0.0000e+00 0.0000e+00 0.0000e+00 2.7654e-09 1.5659e-08 4.3220e-08 8.8924e-08 1.5580e-07 2.4663e-07 3.6412e-07 5.1090e-07 6.8962e-07 9.0299e-07 1.1538e-06 1.4449e-06 1.7793e-06 0.0000e+00 2.5912e-06 3.0754e-06 3.6167e-06 4.2190e-06 4.8863e-06 5.6227e-06 6.4326e-06 7.3202e-06 8.2896e-06 9.3447e-06 1.0489e-05 1.1725e-05 1.3055e-05 1.4478e-05 1.5992e-05 1.7591e-05 1.9268e-05 2.1007e-05 2.2788e-05 2.4583e-05 2.6352e-05 2.8047e-05 2.9607e-05 3.0955e-05 3.2005e-05 3.2659e-05 3.2812e-05 3.2365e-05 3.1232e-05 2.9362e-05 2.6755e-05 2.3485e-05 1.9711e-05 1.5674e-05 1.1679e-05 8.0465e-06 5.0421e-06 2.8166e-06 1.3686e-06 5.6115e-07 1.8705e-07 4.8402e-08 9.1806e-09 1.1884e-09 9.6000e-11 4.3258e-12 9.4362e-14 8.3269e-16 2.3648e-18 1.6126e-21 1.8111e-25 2.0557e-30 1.2480e-36 1.7584e-44 1.9079e-54 3.6706e-67 1.7440e-83 1.4188e-104 5.1531e-132 5.4436e-168 1.4911e-215 5.2516e-279 0.0000e+00 0.0000e+00 0.0000e+00 0.0000e+00 0.0000e+00 0.0000e+00 0.0000e+00 0.0000e+00 0.0000e+00 0.0000e+00 0.0000e+00 0.0000e+00 0.0000e+00 0.0000e+00 0.0000e+00 0.0000e+00 0.0000e+00 0.0000e+00 0.0000e+00 0.0000e+00 0.0000e+00 0.0000e+00 0.0000e+00 0.0000e+00
-3.3170e-09 -1.8782e-08 -5.1840e-08 -1.0666e-07 -1.8687e-07 -2.9582e-07 -4.3674e-07 -6.1279e-07 -8.2716e-07 -1.0831e-06 -1.3839e-06 -1.7331e-06 -2.1342e-06 -2.5912e-06 6.2379e-05 -3.6887e-06 -4.3380e-06 -5.0604e-06 -5.8608e-06 -6.7441e-06 -7.7155e-06 -8.7801e-06 -9.9429e-06 -1.1208e-05 -1.2581e-05 -1.4064e-05 -1.5659e-05 -1.7365e-05 -1.9182e-05 -2.1101e-05 -2.3112e-05 -2.5199e-05 -2.7336e-05 -2.9489e-05 -3.1612e-05 -3.3647e-05 -3.5520e-05 -3.7140e-05 -3.8402e-05 -3.9190e-05 -3.9377e-05 -3.8845e-05 -3.7490e-05 -3.5251e-05 -3.2128e-05 -2.8208e-05 -2.3681e-05 -1.8838e-05 -1.4043e-05 -9.6797e-06 -6.0692e-06 -3.3928e-06 -1.6500e-06 -6.7727e-07 -2.2605e-07 -5.8584e-08 -1.1133e-08 -1.4444e-09 -1.1701e-10 -5.2904e-12 -1.1589e-13 -1.0279e-15 -2.9376e-18 -2.0189e-21 -2.2893e-25 -2.6298e-30 -1.6204e-36 -2.3257e-44 -2.5827e-54 -5.1149e-67 -2.5204e-83 -2.1466e-104 -8.2593e-132 -9.3818e-168 -2.8156e-215 -1.1122e-278 0.0000e+00 0.0000e+00 0.0000e+00 0.0000e+00 0.0000e+00 0.0000e+00 0.0000e+00 0.0000e+00 0.0000e+00 0.0000e+00 0.0000e+00 0.0000e+00 0.0000e+00 0.0000e+00 0.0000e+00 0.0000e+00 0.0000e+00 0.0000e+00 0.0000e+00 0.0000e+00 0.0000e+00 0.0000e+00 0.0000e+00 0.0000e+00 3.3170e-09 1.8782e-08 5.1840e-08 1.0666e-07 1.8687e-07 2.9582e-07 4.3674e-07 6.1279e-07 8.2716e-07 1.0831e-06 1.3839e-06 1.7331e-06 2.1342e-06 2.5912e-06 0.0000e+00 3.6887e-06 4.3380e-06 5.0604e-06 5.8608e-06 6.7441e-06 7.7155e-06 8.7801e-06 9.9428e-06 1.1208e-05 1.2581e-05 1.4063e-05 1.5658e-05 1.7365e-05 1.9181e-05 2.1100e-05 2.3111e-05 2.5197e-05 2.7333e-05 2.9485e-05 3.1607e-05 3.3641e-05 3.5511e-05 3.7129e-05 3.8388e-05 3.9172e-05 3.9356e-05 3.8820e-05 3.7461e-05 3.5218e-05 3.2091e-05 2.8169e-05 2.3641e-05 1.8799e-05 1.4009e-05 9.6512e-06 6.0477e-06 3.3784e-06 1.6415e-06 6.7307e-07 2.2436e-07 5.8055e-08 1.1012e-08 1.4254e-09 1.1514e-10 5.1885e-12 1.1318e-13 9.9875e-16 2.8364e-18 1.9342e-21 2.1722e-25 2.4656e-30 1.4968e-36 2.1089e-44 2.2882e-54 4.4020e-67 2.0913e-83 1.7011e-104 6.1770e-132 6.5224e-168 1.7853e-215 6.2802e-279 0.0000e+00 0.0000e+00 0.0000e+00 0.0000e+00 0.0000e+00 0.0000e+00 0.0000e+00 0.0000e+00 0.0000e+00 0.0000e+00 0.0000e+00 0.0000e+00 0.0000e+00 0.0000e+00 0.0000e+00 0.0000e+00 0.0000e+00 0.0000e+00 0.0000e+00 0.0000e+00 0.0000e+00 0.0000e+00 0.0000e+00 0.0000e+00
-3.9368e-09 -2.2292e-08 -6.1528e-08 -1.2659e-07 -2.2179e-07 -3.5110e-07 -5.1836e-07 -7.2731e-07 -9.8174e-07 -1.2855e-06 -1.6425e-06 -2.0569e-06 -2.5330e-06 -3.0754e-06 -3.6887e-06 9.3305e-05 -5.1487e-06 -6.0061e-06 -6.9560e-06 -8.0044e-06 -9.1574e-06 -1.0421e-05 -1.1801e-05 -1.3303e-05 -1.4932e-05 -1.6692e-05 -1.8585e-05 -2.0611e-05 -2.2767e-05 -2.5045e-05 -2.7432e-05 -2.9909e-05 -3.2446e-05 -3.5002e-05 -3.7523e-05 -3.9939e-05 -4.2163e-05 -4.4087e-05 -4.5587e-05 -4.6523e-05 -4.6748e-05 -4.6119e-05 -4.4514e-05 -4.1859e-05 -3.8154e-05 -3.3503e-05 -2.8130e-05 -2.2380e-05 -1.6687e-05 -1.1505e-05 -7.2161e-06 -4.0354e-06 -1.9633e-06 -8.0631e-07 -2.6929e-07 -6.9843e-08 -1.3285e-08 -1.7255e-09 -1.3997e-10 -6.3393e-12 -1.3915e-13 -1.2373e-15 -3.5467e-18 -2.4465e-21 -2.7869e-25 -3.2192e-30 -1.9972e-36 -2.8908e-44 -3.2434e-54 -6.5051e-67 -3.2550e-83 -2.8246e-104 -1.1115e-131 -1.2971e-167 -4.0191e-215 -1.6484e-278 0.0000e+00 0.0000e+00 0.0000e+00 0.0000e+00 0.0000e+00 0.0000e+00 0.0000e+00 0.0000e+00 0.0000e+00 0.0000e+00 0.0000e+00 0.0000e+00 0.0000e+00 0.0000e+00 0.0000e+00 0.0000e+00 0.0000e+00 0.0000e+00 0.0000e+00 0.0000e+00 0.0000e+00 0.0000e+00 0.0000e+00 0.0000e+00 3.9368e-09 2.2292e-08 6.1528e-08 1.2659e-07 2.2179e-07 3.5110e-07 5.1836e-07 7.2731e-07 9.8174e-07 1.2855e-06 1.6425e-06 2.0569e-06 2.5330e-06 3.0754e-06 3.6887e-06 0.0000e+00 5.1487e-06 6.0061e-06 6.9560e-06 8.0044e-06 9.1573e-06 1.0421e-05 1.1801e-05 1.3303e-05 1.4932e-05 1.6692e-05 1.8584e-05 2.0610e-05 2.2765e-05 2.5043e-05 2.7430e-05 2.9905e-05 3.2441e-05 3.4995e-05 3.7514e-05 3.9927e-05 4.2147e-05 4.4067e-05 4.5562e-05 4.6493e-05 4.6711e-05 4.6074e-05 4.4461e-05 4.1799e-05 3.8088e-05 3.3433e-05 2.8059e-05 2.2313e-05 1.6626e-05 1.1455e-05 7.1779e-06 4.0097e-06 1.9483e-06 7.9885e-07 2.6629e-07 6.8905e-08 1.3069e-08 1.6917e-09 1.3666e-10 6.1580e-12 1.3433e-13 1.1854e-15 3.3664e-18 2.2956e-21 2.5781e-25 2.9262e-30 1.7764e-36 2.5027e-44 2.7153e-54 5.2229e-67 2.4808e-83 2.0174e-104 7.3212e-132 7.7237e-168 2.1108e-215 7.4044e-279 0.0000e+00 0.0000e+00 0.0000e+00 0.0000e+00 0.0000e+00 0.0000e+00 0.0000e+00 0.0000e+00 0.0000e+00 0.0000e+00 0.0000e+00 0.0000e+00 0.0000e+00 0.0000e+00 0.0000e+00 0.0000e+00 0.0000e+00 0.0000e+00 0.0000e+00 0.0000e+00 0.0000e+00 0.0000e+00 0.0000e+00 0.0000e+00
-4.6298e-09 -2.6215e-08 -7.2358e-08 -1.4887e-07 -2.6083e-07 -4.1290e-07 -6.0960e-07 -8.5533e-07 -1.1545e-06 -1.5117e-06 -1.9316e-06 -2.4190e-06 -2.9789e-06 -3.6167e-06 -4.3380e-06 -5.1487e-06 1.3647e-04 -7.0632e-06 -8.1804e-06 -9.4134e-06 -1.0769e-05 -1.2255e-05 -1.3878e-05 -1.5645e-05 -1.7561e-05 -1.9630e-05 -2.1857e-05 -2.4239e-05 -2.6775e-05 -2.9454e-05 -3.2262e-05 -3.5176e-05 -3.8160e-05 -4.1166e-05 -4.4133e-05 -4.6975e-05 -4.9592e-05 -5.1857e-05 -5.3624e-05 -5.4729e-05 -5.4997e-05 -5.4261e-05 -5.2377e-05 -4.9259e-05 -4.4906e-05 -3.9438e-05 -3.3120e-05 -2.6357e-05 -1.9658e-05 -1.3558e-05 -8.5070e-06 -4.7597e-06 -2.3171e-06 -9.5229e-07 -3.1832e-07 -8.2649e-08 -1.5741e-08 -2.0477e-09 -1.6642e-10 -7.5544e-12 -1.6628e-13 -1.4835e-15 -4.2702e-18 -2.9604e-21 -3.3930e-25 -3.9486e-30 -2.4721e-36 -3.6177e-44 -4.1134e-54 -8.3834e-67 -4.2764e-83 -3.7968e-104 -1.5350e-131 -1.8487e-167 -5.9421e-215 -2.5420e-278 0.0000e+00 0.0000e+00 0.0000e+00 0.0000e+00 0.0000e+00 0.0000e+00 0.0000e+00 0.0000e+00 0.0000e+00 0.0000e+00 0.0000e+00 0.0000e+00 0.0000e+00 0.0000e+00 0.0000e+00 0.0000e+00 0.0000e+00 0.0000e+00 0.0000e+00 0.0000e+00 0.0000e+00 0.0000e+00 0.0000e+00 0.0000e+00 4.6298e-09 2.6215e-08 7.2358e-08 1.4887e-07 2.6083e-07 4.1290e-07 6.0960e-07 8.5533e-07 1.1545e-06 1.5117e-06 1.9316e-06 2.4190e-06 2.9789e-06 3.6167e-06 4.3380e-06 5.1487e-06 0.0000e+00 7.0632e-06 8.1803e-06 9.4133e-06 1.0769e-05 1.2255e-05 1.3878e-05 1.5644e-05 1.7560e-05 1.9630e-05 2.1855e-05 2.4238e-05 2.6772e-05 2.9451e-05 3.2258e-05 3.5169e-05 3.8151e-05 4.1155e-05 4.4117e-05 4.6955e-05 4.9566e-05 5.1824e-05 5.3582e-05 5.4676e-05 5.4933e-05 5.4184e-05 5.2287e-05 4.9156e-05 4.4792e-05 3.9318e-05 3.2998e-05 2.6240e-05 1.9553e-05 1.3471e-05 8.4413e-06 4.7154e-06 2.2912e-06 9.3945e-07 3.1316e-07 8.1033e-08 1.5370e-08 1.9895e-09 1.6072e-10 7.2418e-12 1.5797e-13 1.3940e-15 3.9587e-18 2.6995e-21 3.0316e-25 3.4409e-30 2.0887e-36 2.9424e-44 3.1918e-54 6.1380e-67 2.9143e-83 2.3683e-104 8.5851e-132 9.0395e-168 2.4620e-215 8.5830e-279 0.0000e+00 0.0000e+00 0.0000e+00 0.0000e+00 0.0000e+00 0.0000e+00 0.0000e+00 0.0000e+00 0.0000e+00 0.0000e+00 0.0000e+00 0.0000e+00 0.0000e+00 0.0000e+00 0.0000e+00 0.0000e+00 0.0000e+00 0.0000e+00 0.0000e+00 0.0000e+00 0.0000e+00 0.0000e+00 0.0000e+00 0.0000e+00
