1.0400e-08 -2.8284e-08 -5.1960e-08 -7.9995e-08 -1.1179e-07 -1.4692e-07 -1.8509e-07 -2.2604e-07 -2.6956e-07 -3.1544e-07 -3.6350e-07 -4.1354e-07 -4.6539e-07 -5.1883e-07 -5.7364e-07 -6.2960e-07 -6.8644e-07 -7.4389e-07 -8.0164e-07 -8.5936e-07 -9.1667e-07 -9.7320e-07 -1.0285e-06 -1.0822e-06 -1.1337e-06 -1.1826e-06 -1.2284e-06 -1.2706e-06 -1.3086e-06 -1.3420e-06 -1.3702e-06 -1.3928e-06 -1.4093e-06 -1.4195e-06 -1.4229e-06 -1.4194e-06 -1.4087e-06 -1.3909e-06 -1.3659e-06 -1.3340e-06 -1.2953e-06 -1.2503e-06 -1.1995e-06 -1.1435e-06 -1.0829e-06 -1.0186e-06 -9.5135e-07 -8.8208e-07 -8.1169e-07 -7.4109e-07 -6.7117e-07 -6.0278e-07 -5.3668e-07 -4.7357e-07 -4.1403e-07 -3.5852e-07 -3.0740e-07 -2.6090e-07 -2.1911e-07 -1.8202e-07 -1.4952e-07 -1.2141e-07 -9.7422e-08 -7.7216e-08 -6.0432e-08 -4.6683e-08 -3.5582e-08 -2.6749e-08 -1.9825e-08 -1.4481e-08 -1.0420e-08 -7.3826e-09 -5.1486e-09 -3.5326e-09 -2.3837e-09 -1.5811e-09 -1.0305e-09 -6.5961e-10 -4.1447e-10 -2.5554e-10 -1.5452e-10 -9.1595e-11 -5.3198e-11 -3.0259e-11 -1.6847e-11 -9.1766e-12 -4.8879e-12 -2.5446e-12 -1.2940e-12 -6.4247e-13 -3.1127e-13 -1.4708e-13 -6.7742e-14 -3.0396e-14 -1.3280e-14 -5.6461e-15 -2.3346e-15 -9.3833e-16 -3.6637e-16 -1.3888e-16 0.0000e+00 -2.8284e-08 -5.1960e-08 -7.9995e-08 -1.1179e-07 -1.4692e-07 -1.8509e-07 -2.2604e-07 -2.6956e-07 -3.1544e-07 -3.6350e-07 -4.1354e-07 -4.6539e-07 -5.1883e-07 -5.7364e-07 -6.2960e-07 -6.8644e-07 -7.4389e-07 -8.0164e-07 -8.5936e-07 -9.1667e-07 -9.7320e-07 -1.0285e-06 -1.0822e-06 -1.1337e-06 -1.1826e-06 -1.2284e-06 -1.2706e-06 -1.3086e-06 -1.3420e-06 -1.3702e-06 -1.3928e-06 -1.4093e-06 -1.4195e-06 -1.4229e-06 -1.4194e-06 -1.4087e-06 -1.3909e-06 -1.3659e-06 -1.3340e-06 -1.2953e-06 -1.2503e-06 -1.1995e-06 -1.1435e-06 -1.0829e-06 -1.0186e-06 -9.5135e-07 -8.8208e-07 -8.1169e-07 -7.4109e-07 -6.7117e-07 -6.0278e-07 -5.3668e-07 -4.7357e-07 -4.1403e-07 -3.5852e-07 -3.0740e-07 -2.6090e-07 -2.1911e-07 -1.8202e-07 -1.4952e-07 -1.2141e-07 -9.7422e-08 -7.7216e-08 -6.0431e-08 -4.6683e-08 -3.5582e-08 -2.6749e-08 -1.9825e-08 -1.4481e-08 -1.0420e-08 -7.3826e-09 -5.1485e-09 -3.5326e-09 -2.3837e-09 -1.5811e-09 -1.0305e-09 -6.5960e-10 -4.1447e-10 -2.5554e-10 -1.5452e-10 -9.1595e-11 -5.3198e-11 -3.0259e-11 -1.6847e-11 -9.1766e-12 -4.8879e-12 -2.5446e-12 -1.2940e-12 -6.4246e-13 -3.1127e-13 -1.4708e-13 -6.7741e-14 -3.0396e-14 -1.3280e-14 -5.6461e-15 -2.3346e-15 -9.3833e-16 -3.6637e-16 -1.3888e-16
-2.8284e-08 1.6637e-07 -1.4697e-07 -2.2626e-07 -3.1618e-07 -4.1556e-07 -5.2352e-07 -6.3934e-07 -7.6242e-07 -8.9219e-07 -1.0281e-06 -1.1697e-06 -1.3163e-06 -1.4675e-06 -1.6225e-06 -1.7808e-06 -1.9415e-06 -2.1040e-06 -2.2674e-06 -2.4306e-06 -2.5927e-06 -2.7526e-06 -2.9091e-06 -3.0608e-06 -3.2066e-06 -3.3449e-06 -3.4745e-06 -3.5937e-06 -3.7013e-06 -3.7956e-06 -3.8754e-06 -3.9393e-06 -3.9862e-06 -4.0149e-06 -4.0246e-06 -4.0145e-06 -3.9844e-06 -3.9340e-06 -3.8633e-06 -3.7730e-06 -3.6637e-06 -3.5365e-06 -3.3928e-06 -3.2343e-06 -3.0630e-06 -2.8810e-06 -2.6908e-06 -2.4949e-06 -2.2958e-06 -2.0961e-06 -1.8984e-06 -1.7049e-06 -1.5180e-06 -1.3395e-06 -1.1711e-06 -1.0141e-06 -8.6948e-07 -7.3794e-07 -6.1973e-07 -5.1483e-07 -4.2292e-07 -3.4342e-07 -2.7556e-07 -2.1840e-07 -1.7093e-07 -1.3204e-07 -1.0064e-07 -7.5660e-08 -5.6076e-08 -4.0959e-08 -2.9472e-08 -2.0882e-08 -1.4563e-08 -9.9922e-09 -6.7425e-09 -4.4723e-09 -2.9148e-09 -1.8657e-09 -1.1724e-09 -7.2282e-10 -4.3708e-10 -2.5909e-10 -1.5048e-10 -8.5590e-11 -4.7653e-11 -2.5957e-11 -1.3826e-11 -7.1977e-12 -3.6603e-12 -1.8173e-12 -8.8048e-13 -4.1604e-13 -1.9162e-13 -8.5983e-14 -3.7566e-14 -1.5971e-14 -6.6041e-15 -2.6543e-15 -1.0364e-15 -3.9287e-16 -2.8284e-08 0.0000e+00 -1.4697e-07 -2.2626e-07 -3.1618e-07 -4.1556e-07 -5.2352e-07 -6.3934e-07 -7.6242e-07 -8.9219e-07 -1.0281e-06 -1.1697e-06 -1.3163e-06 -1.4675e-06 -1.6225e-06 -1.7808e-06 -1.9415e-06 -2.1040e-06 -2.2674e-06 -2.4306e-06 -2.5927e-06 -2.7526e-06 -2.9091e-06 -3.0608e-06 -3.2066e-06 -3.3449e-06 -3.4745e-06 -3.5937e-06 -3.7012e-06 -3.7956e-06 -3.8754e-06 -3.9393e-06 -3.9862e-06 -4.0149e-06 -4.0246e-06 -4.0145e-06 -3.9844e-06 -3.9339e-06 -3.8633e-06 -3.7730e-06 -3.6637e-06 -3.5365e-06 -3.3928e-06 -3.2343e-06 -3.0630e-06 -2.8810e-06 -2.6908e-06 -2.4949e-06 -2.2958e-06 -2.0961e-06 -1.8984e-06 -1.7049e-06 -1.5180e-06 -1.3395e-06 -1.1710e-06 -1.0141e-06 -8.6947e-07 -7.3793e-07 -6.1972e-07 -5.1482e-07 -4.2291e-07 -3.4341e-07 -2.7555e-07 -2.1840e-07 -1.7093e-07 -1.3204e-07 -1.0064e-07 -7.5659e-08 -5.6075e-08 -4.0958e-08 -2.9471e-08 -2.0881e-08 -1.4562e-08 -9.9919e-09 -6.7422e-09 -4.4722e-09 -2.9147e-09 -1.8657e-09 -1.1723e-09 -7.2279e-10 -4.3706e-10 -2.5907e-10 -1.5047e-10 -8.5586e-11 -4.7651e-11 -2.5956e-11 -1.3825e-11 -7.1973e-12 -3.6601e-12 -1.8172e-12 -8.8042e-13 -4.1601e-13 -1.9161e-13 -8.5976e-14 -3.7563e-14 -1.5970e-14 -6.6035e-15 -2.6541e-15 -1.0363e-15 -3.9283e-16
-5.1960e-08 -1.4697e-07 8.4223e-07 -4.1566e-07 -5.8084e-07 -7.6341e-07 -9.6174e-07 -1.1745e-06 -1.4006e-06 -1.6390e-06 -1.8887e-06 -2.1488e-06 -2.4182e-06 -2.6958e-06 -2.9807e-06 -3.2714e-06 -3.5668e-06 -3.8653e-06 -4.1654e-06 -4.4653e-06 -4.7631e-06 -5.0568e-06 -5.3442e-06 -5.6230e-06 -5.8908e-06 -6.1450e-06 -6.3829e-06 -6.6020e-06 -6.7996e-06 -6.9729e-06 -7.1195e-06 -7.2369e-06 -7.3230e-06 -7.3757e-06 -7.3935e-06 -7.3751e-06 -7.3198e-06 -7.2271e-06 -7.0974e-06 -6.9314e-06 -6.7306e-06 -6.4969e-06 -6.2330e-06 -5.9418e-06 -5.6271e-06 -5.2929e-06 -4.9435e-06 -4.5835e-06 -4.2178e-06 -3.8509e-06 -3.4876e-06 -3.1322e-06 -2.7888e-06 -2.4608e-06 -2.1514e-06 -1.8630e-06 -1.5974e-06 -1.3557e-06 -1.1386e-06 -9.4586e-07 -7.7700e-07 -6.3094e-07 -5.0627e-07 -4.0127e-07 -3.1405e-07 -2.4260e-07 -1.8491e-07 -1.3901e-07 -1.0303e-07 -7.5257e-08 -5.4151e-08 -3.8368e-08 -2.6758e-08 -1.8360e-08 -1.2389e-08 -8.2177e-09 -5.3559e-09 -3.4283e-09 -2.1542e-09 -1.3282e-09 -8.0316e-10 -4.7609e-10 -2.7652e-10 -1.5728e-10 -8.7571e-11 -4.7702e-11 -2.5409e-11 -1.3228e-11 -6.7269e-12 -3.3399e-12 -1.6182e-12 -7.6463e-13 -3.5219e-13 -1.5803e-13 -6.9046e-14 -2.9356e-14 -1.2139e-14 -4.8790e-15 -1.9050e-15 -7.2217e-16 -5.1960e-08 -1.4697e-07 0.0000e+00 -4.1566e-07 -5.8084e-07 -7.6341e-07 -9.6174e-07 -1.1745e-06 -1.4006e-06 -1.6390e-06 -1.8887e-06 -2.1488e-06 -2.4182e-06 -2.6958e-06 -2.9807e-06 -3.2714e-06 -3.5668e-06 -3.8653e-06 -4.1654e-06 -4.4653e-06 -4.7631e-06 -5.0568e-06 -5.3442e-06 -5.6230e-06 -5.8908e-06 -6.1449e-06 -6.3829e-06 -6.6020e-06 -6.7995e-06 -6.9729e-06 -7.1195e-06 -7.2369e-06 -7.3229e-06 -7.3757e-06 -7.3935e-06 -7.3751e-06 -7.3197e-06 -7.2270e-06 -7.0973e-06 -6.9313e-06 -6.7305e-06 -6.4968e-06 -6.2329e-06 -5.9417e-06 -5.6270e-06 -5.2927e-06 -4.9433e-06 -4.5834e-06 -4.2176e-06 -3.8508e-06 -3.4875e-06 -3.1321e-06 -2.7887e-06 -2.4607e-06 -2.1513e-06 -1.8629e-06 -1.5973e-06 -1.3557e-06 -1.1385e-06 -9.4580e-07 -7.7694e-07 -6.3089e-07 -5.0623e-07 -4.0123e-07 -3.1402e-07 -2.4258e-07 -1.8490e-07 -1.3900e-07 -1.0302e-07 -7.5248e-08 -5.4144e-08 -3.8363e-08 -2.6754e-08 -1.8357e-08 -1.2387e-08 -8.2163e-09 -5.3549e-09 -3.4277e-09 -2.1538e-09 -1.3279e-09 -8.0299e-10 -4.7599e-10 -2.7645e-10 -1.5725e-10 -8.7548e-11 -4.7689e-11 -2.5401e-11 -1.3224e-11 -6.7247e-12 -3.3388e-12 -1.6176e-12 -7.6436e-13 -3.5205e-13 -1.5797e-13 -6.9017e-14 -2.9343e-14 -1.2133e-14 -4.8767e-15 -1.9041e-15 -7.2181e-16
-7.9995e-08 -2.2626e-07 -4.1566e-07 2.6619e-06 -8.9423e-07 -1.1753e-06 -1.4806e-06 -1.8082e-06 -2.1563e-06 -2.5233e-06 -2.9078e-06 -3.3081e-06 -3.7229e-06 -4.1503e-06 -4.5888e-06 -5.0365e-06 -5.4912e-06 -5.9508e-06 -6.4128e-06 -6.8744e-06 -7.3329e-06 -7.7851e-06 -8.2276e-06 -8.6569e-06 -9.0691e-06 -9.4604e-06 -9.8268e-06 -1.0164e-05 -1.0468e-05 -1.0735e-05 -1.0961e-05 -1.1142e-05 -1.1274e-05 -1.1355e-05 -1.1383e-05 -1.1355e-05 -1.1269e-05 -1.1127e-05 -1.0927e-05 -1.0672e-05 -1.0362e-05 -1.0003e-05 -9.5964e-06 -9.1482e-06 -8.6637e-06 -8.1491e-06 -7.6112e-06 -7.0571e-06 -6.4940e-06 -5.9292e-06 -5.3699e-06 -4.8228e-06 -4.2940e-06 -3.7891e-06 -3.3127e-06 -2.8687e-06 -2.4597e-06 -2.0876e-06 -1.7532e-06 -1.4565e-06 -1.1965e-06 -9.7159e-07 -7.7962e-07 -6.1794e-07 -4.8363e-07 -3.7361e-07 -2.8478e-07 -2.1409e-07 -1.5868e-07 -1.1591e-07 -8.3402e-08 -5.9095e-08 -4.1214e-08 -2.8279e-08 -1.9083e-08 -1.2658e-08 -8.2503e-09 -5.2812e-09 -3.3186e-09 -2.0462e-09 -1.2374e-09 -7.3351e-10 -4.2604e-10 -2.4234e-10 -1.3493e-10 -7.3505e-11 -3.9154e-11 -2.0385e-11 -1.0367e-11 -5.1475e-12 -2.4941e-12 -1.1786e-12 -5.4287e-13 -2.4361e-13 -1.0644e-13 -4.5258e-14 -1.8715e-14 -7.5228e-15 -2.9375e-15 -1.1136e-15 -7.9995e-08 -2.2626e-07 -4.1566e-07 0.0000e+00 -8.9423e-07 -1.1753e-06 -1.4806e-06 -1.8082e-06 -2.1563e-06 -2.5233e-06 -2.9078e-06 -3.3081e-06 -3.7229e-06 -4.1503e-06 -4.5888e-06 -5.0365e-06 -5.4912e-06 -5.9508e-06 -6.4127e-06 -6.8744e-06 -7.3329e-06 -7.7851e-06 -8.2276e-06 -8.6568e-06 -9.0691e-06 -9.4604e-06 -9.8267e-06 -1.0164e-05 -1.0468e-05 -1.0735e-05 -1.0961e-05 -1.1141e-05 -1.1274e-05 -1.1355e-05 -1.1383e-05 -1.1354e-05 -1.1269e-05 -1.1126e-05 -1.0927e-05 -1.0671e-05 -1.0362e-05 -1.0002e-05 -9.5959e-06 -9.1477e-06 -8.6631e-06 -8.1486e-06 -7.6106e-06 -7.0565e-06 -6.4934e-06 -5.9286e-06 -5.3693e-06 -4.8222e-06 -4.2934e-06 -3.7886e-06 -3.3122e-06 -2.8682e-06 -2.4593e-06 -2.0872e-06 -1.7529e-06 -1.4562e-06 -1.1962e-06 -9.7136e-07 -7.7942e-07 -6.1777e-07 -4.8349e-07 -3.7350e-07 -2.8468e-07 -2.1402e-07 -1.5862e-07 -1.1586e-07 -8.3368e-08 -5.9069e-08 -4.1195e-08 -2.8266e-08 -1.9073e-08 -1.2652e-08 -8.2457e-09 -5.2781e-09 -3.3166e-09 -2.0449e-09 -1.2365e-09 -7.3298e-10 -4.2572e-10 -2.4215e-10 -1.3482e-10 -7.3440e-11 -3.9119e-11 -2.0365e-11 -1.0356e-11 -5.1421e-12 -2.4913e-12 -1.1772e-12 -5.4222e-13 -2.4331e-13 -1.0630e-13 -4.5196e-14 -1.8689e-14 -7.5117e-15 -2.9330e-15 -1.1119e-15
-1.1179e-07 -3.1618e-07 -5.8084e-07 -8.9423e-07 6.4987e-06 -1.6424e-06 -2.0691e-06 -2.5268e-06 -3.0133e-06 -3.5262e-06 -4.0634e-06 -4.6228e-06 -5.2024e-06 -5.7997e-06 -6.4125e-06 -7.0381e-06 -7.6735e-06 -8.3157e-06 -8.9613e-06 -9.6065e-06 -1.0247e-05 -1.0879e-05 -1.1497e-05 -1.2097e-05 -1.2673e-05 -1.3220e-05 -1.3732e-05 -1.4204e-05 -1.4629e-05 -1.5002e-05 -1.5317e-05 -1.5570e-05 -1.5755e-05 -1.5869e-05 -1.5907e-05 -1.5868e-05 -1.5749e-05 -1.5550e-05 -1.5271e-05 -1.4914e-05 -1.4482e-05 -1.3980e-05 -1.3412e-05 -1.2785e-05 -1.2109e-05 -1.1389e-05 -1.0638e-05 -9.8635e-06 -9.0766e-06 -8.2874e-06 -7.5057e-06 -6.7411e-06 -6.0021e-06 -5.2965e-06 -4.6307e-06 -4.0101e-06 -3.4385e-06 -2.9184e-06 -2.4510e-06 -2.0362e-06 -1.6728e-06 -1.3584e-06 -1.0900e-06 -8.6401e-07 -6.7625e-07 -5.2243e-07 -3.9823e-07 -2.9939e-07 -2.2191e-07 -1.6210e-07 -1.1665e-07 -8.2657e-08 -5.7649e-08 -3.9559e-08 -2.6696e-08 -1.7709e-08 -1.1543e-08 -7.3894e-09 -4.6437e-09 -2.8634e-09 -1.7317e-09 -1.0266e-09 -5.9633e-10 -3.3924e-10 -1.8890e-10 -1.0291e-10 -5.4823e-11 -2.8545e-11 -1.4518e-11 -7.2095e-12 -3.4935e-12 -1.6510e-12 -7.6057e-13 -3.4134e-13 -1.4916e-13 -6.3429e-14 -2.6233e-14 -1.0546e-14 -4.1185e-15 -1.5616e-15 -1.1179e-07 -3.1618e-07 -5.8084e-07 -8.9423e-07 0.0000e+00 -1.6424e-06 -2.0691e-06 -2.5268e-06 -3.0133e-06 -3.5262e-06 -4.0634e-06 -4.6228e-06 -5.2024e-06 -5.7997e-06 -6.4125e-06 -7.0380e-06 -7.6735e-06 -8.3157e-06 -8.9613e-06 -9.6064e-06 -1.0247e-05 -1.0879e-05 -1.1497e-05 -1.2097e-05 -1.2673e-05 -1.3220e-05 -1.3732e-05 -1.4203e-05 -1.4628e-05 -1.5001e-05 -1.5317e-05 -1.5569e-05 -1.5755e-05 -1.5868e-05 -1.5906e-05 -1.5867e-05 -1.5748e-05 -1.5549e-05 -1.5270e-05 -1.4912e-05 -1.4481e-05 -1.3978e-05 -1.3410e-05 -1.2784e-05 -1.2107e-05 -1.1387e-05 -1.0636e-05 -9.8614e-06 -9.0745e-06 -8.2853e-06 -7.5037e-06 -6.7392e-06 -6.0003e-06 -5.2947e-06 -4.6291e-06 -4.0085e-06 -3.4370e-06 -2.9171e-06 -2.4499e-06 -2.0352e-06 -1.6719e-06 -1.3576e-06 -1.0894e-06 -8.6345e-07 -6.7577e-07 -5.2205e-07 -3.9791e-07 -2.9914e-07 -2.2172e-07 -1.6195e-07 -1.1653e-07 -8.2570e-08 -5.7585e-08 -3.9513e-08 -2.6663e-08 -1.7686e-08 -1.1527e-08 -7.3788e-09 -4.6367e-09 -2.8589e-09 -1.7288e-09 -1.0248e-09 -5.9523e-10 -3.3858e-10 -1.8852e-10 -1.0269e-10 -5.4701e-11 -2.8478e-11 -1.4483e-11 -7.1910e-12 -3.4842e-12 -1.6464e-12 -7.5836e-13 -3.4030e-13 -1.4869e-13 -6.3220e-14 -2.6143e-14 -1.0508e-14 -4.1031e-15 -1.5555e-15
-1.4692e-07 -4.1556e-07 -7.6341e-07 -1.1753e-06 -1.6424e-06 1.3476e-05 -2.7194e-06 -3.3211e-06 -3.9604e-06 -4.6345e-06 -5.3406e-06 -6.0759e-06 -6.8376e-06 -7.6227e-06 -8.4281e-06 -9.2503e-06 -1.0085e-05 -1.0930e-05 -1.1778e-05 -1.2626e-05 -1.3468e-05 -1.4299e-05 -1.5112e-05 -1.5900e-05 -1.6657e-05 -1.7376e-05 -1.8049e-05 -1.8669e-05 -1.9228e-05 -1.9718e-05 -2.0133e-05 -2.0465e-05 -2.0709e-05 -2.0859e-05 -2.0909e-05 -2.0858e-05 -2.0702e-05 -2.0440e-05 -2.0074e-05 -1.9605e-05 -1.9037e-05 -1.8377e-05 -1.7631e-05 -1.6808e-05 -1.5918e-05 -1.4974e-05 -1.3986e-05 -1.2968e-05 -1.1934e-05 -1.0896e-05 -9.8691e-06 -8.8640e-06 -7.8926e-06 -6.9649e-06 -6.0897e-06 -5.2738e-06 -4.5222e-06 -3.8384e-06 -3.2239e-06 -2.6784e-06 -2.2005e-06 -1.7870e-06 -1.4341e-06 -1.1368e-06 -8.8980e-07 -6.8746e-07 -5.2406e-07 -3.9402e-07 -2.9208e-07 -2.1338e-07 -1.5356e-07 -1.0882e-07 -7.5904e-08 -5.2091e-08 -3.5157e-08 -2.3325e-08 -1.5205e-08 -9.7346e-09 -6.1183e-09 -3.7731e-09 -2.2821e-09 -1.3531e-09 -7.8611e-10 -4.4726e-10 -2.4909e-10 -1.3572e-10 -7.2314e-11 -3.7658e-11 -1.9157e-11 -9.5145e-12 -4.6113e-12 -2.1797e-12 -1.0043e-12 -4.5083e-13 -1.9705e-13 -8.3810e-14 -3.4670e-14 -1.3941e-14 -5.4457e-15 -2.0653e-15 -1.4692e-07 -4.1556e-07 -7.6341e-07 -1.1753e-06 -1.6424e-06 0.0000e+00 -2.7194e-06 -3.3211e-06 -3.9604e-06 -4.6345e-06 -5.3405e-06 -6.0758e-06 -6.8376e-06 -7.6227e-06 -8.4281e-06 -9.2502e-06 -1.0085e-05 -1.0929e-05 -1.1778e-05 -1.2626e-05 -1.3468e-05 -1.4298e-05 -1.5111e-05 -1.5900e-05 -1.6657e-05 -1.7376e-05 -1.8048e-05 -1.8668e-05 -1.9227e-05 -1.9717e-05 -2.0131e-05 -2.0464e-05 -2.0707e-05 -2.0856e-05 -2.0907e-05 -2.0855e-05 -2.0698e-05 -2.0437e-05 -2.0070e-05 -1.9601e-05 -1.9033e-05 -1.8372e-05 -1.7626e-05 -1.6803e-05 -1.5913e-05 -1.4968e-05 -1.3980e-05 -1.2962e-05 -1.1928e-05 -1.0891e-05 -9.8637e-06 -8.8587e-06 -7.8875e-06 -6.9602e-06 -6.0852e-06 -5.2696e-06 -4.5184e-06 -3.8349e-06 -3.2207e-06 -2.6756e-06 -2.1980e-06 -1.7849e-06 -1.4322e-06 -1.1352e-06 -8.8851e-07 -6.8640e-07 -5.2321e-07 -3.9334e-07 -2.9155e-07 -2.1296e-07 -1.5324e-07 -1.0858e-07 -7.5730e-08 -5.1965e-08 -3.5067e-08 -2.3262e-08 -1.5162e-08 -9.7056e-09 -6.0990e-09 -3.7607e-09 -2.2742e-09 -1.3482e-09 -7.8310e-10 -4.4546e-10 -2.4804e-10 -1.3512e-10 -7.1981e-11 -3.7476e-11 -1.9060e-11 -9.4643e-12 -4.5859e-12 -2.1672e-12 -9.9828e-13 -4.4800e-13 -1.9576e-13 -8.3238e-14 -3.4424e-14 -1.3838e-14 -5.4037e-15 -2.0487e-15
-1.8509e-07 -5.2352e-07 -9.6174e-07 -1.4806e-06 -2.0691e-06 -2.7194e-06 2.4965e-05 -4.1839e-06 -4.9893e-06 -5.8385e-06 -6.7280e-06 -7.6544e-06 -8.6140e-06 -9.6031e-06 -1.0618e-05 -1.1654e-05 -1.2706e-05 -1.3769e-05 -1.4838e-05 -1.5907e-05 -1.6968e-05 -1.8014e-05 -1.9038e-05 -2.0032e-05 -2.0986e-05 -2.1892e-05 -2.2740e-05 -2.3521e-05 -2.4225e-05 -2.4843e-05 -2.5366e-05 -2.5785e-05 -2.6092e-05 -2.6281e-05 -2.6346e-05 -2.6281e-05 -2.6085e-05 -2.5756e-05 -2.5295e-05 -2.4705e-05 -2.3990e-05 -2.3159e-05 -2.2219e-05 -2.1183e-05 -2.0063e-05 -1.8872e-05 -1.7628e-05 -1.6346e-05 -1.5043e-05 -1.3736e-05 -1.2442e-05 -1.1175e-05 -9.9511e-06 -8.7821e-06 -7.6791e-06 -6.6506e-06 -5.7033e-06 -4.8413e-06 -4.0665e-06 -3.3788e-06 -2.7761e-06 -2.2547e-06 -1.8096e-06 -1.4346e-06 -1.1230e-06 -8.6776e-07 -6.6158e-07 -4.9749e-07 -3.6883e-07 -2.6948e-07 -1.9396e-07 -1.3747e-07 -9.5905e-08 -6.5828e-08 -4.4435e-08 -2.9485e-08 -1.9225e-08 -1.2311e-08 -7.7388e-09 -4.7735e-09 -2.8878e-09 -1.7126e-09 -9.9519e-10 -5.6635e-10 -3.1549e-10 -1.7195e-10 -9.1640e-11 -4.7735e-11 -2.4290e-11 -1.2068e-11 -5.8504e-12 -2.7663e-12 -1.2750e-12 -5.7253e-13 -2.5032e-13 -1.0651e-13 -4.4076e-14 -1.7730e-14 -6.9283e-15 -2.6286e-15 -1.8509e-07 -5.2352e-07 -9.6174e-07 -1.4806e-06 -2.0691e-06 -2.7194e-06 0.0000e+00 -4.1839e-06 -4.9893e-06 -5.8385e-06 -6.7280e-06 -7.6543e-06 -8.6139e-06 -9.6030e-06 -1.0618e-05 -1.1653e-05 -1.2706e-05 -1.3769e-05 -1.4838e-05 -1.5906e-05 -1.6967e-05 -1.8013e-05 -1.9037e-05 -2.0031e-05 -2.0984e-05 -2.1890e-05 -2.2738e-05 -2.3518e-05 -2.4222e-05 -2.4840e-05 -2.5362e-05 -2.5781e-05 -2.6088e-05 -2.6276e-05 -2.6340e-05 -2.6274e-05 -2.6077e-05 -2.5748e-05 -2.5286e-05 -2.4695e-05 -2.3980e-05 -2.3148e-05 -2.2208e-05 -2.1171e-05 -2.0050e-05 -1.8860e-05 -1.7615e-05 -1.6333e-05 -1.5030e-05 -1.3723e-05 -1.2429e-05 -1.1163e-05 -9.9394e-06 -8.7709e-06 -7.6685e-06 -6.6408e-06 -5.6943e-06 -4.8331e-06 -4.0591e-06 -3.3723e-06 -2.7704e-06 -2.2498e-06 -1.8053e-06 -1.4310e-06 -1.1200e-06 -8.6530e-07 -6.5959e-07 -4.9590e-07 -3.6758e-07 -2.6851e-07 -1.9323e-07 -1.3692e-07 -9.5498e-08 -6.5533e-08 -4.4225e-08 -2.9339e-08 -1.9124e-08 -1.2243e-08 -7.6939e-09 -4.7444e-09 -2.8693e-09 -1.7011e-09 -9.8816e-10 -5.6216e-10 -3.1304e-10 -1.7055e-10 -9.0860e-11 -4.7310e-11 -2.4064e-11 -1.1950e-11 -5.7909e-12 -2.7369e-12 -1.2609e-12 -5.6591e-13 -2.4731e-13 -1.0517e-13 -4.3499e-14 -1.7488e-14 -6.8301e-15 -2.5899e-15
-2.2604e-07 -6.3934e-07 -1.1745e-06 -1.8082e-06 -2.5268e-06 -3.3211e-06 -4.1839e-06 4.2589e-05 -6.0932e-06 -7.1303e-06 -8.2166e-06 -9.3479e-06 -1.0520e-05 -1.1728e-05 -1.2967e-05 -1.4232e-05 -1.5517e-05 -1.6816e-05 -1.8121e-05 -1.9426e-05 -2.0722e-05 -2.2000e-05 -2.3251e-05 -2.4465e-05 -2.5630e-05 -2.6737e-05 -2.7773e-05 -2.8727e-05 -2.9588e-05 -3.0343e-05 -3.0983e-05 -3.1495e-05 -3.1871e-05 -3.2103e-05 -3.2182e-05 -3.2104e-05 -3.1866e-05 -3.1465e-05 -3.0903e-05 -3.0183e-05 -2.9311e-05 -2.8297e-05 -2.7150e-05 -2.5885e-05 -2.4517e-05 -2.3064e-05 -2.1545e-05 -1.9979e-05 -1.8388e-05 -1.6792e-05 -1.5211e-05 -1.3664e-05 -1.2168e-05 -1.0740e-05 -9.3917e-06 -8.1347e-06 -6.9768e-06 -5.9230e-06 -4.9758e-06 -4.1349e-06 -3.3978e-06 -2.7601e-06 -2.2155e-06 -1.7567e-06 -1.3754e-06 -1.0629e-06 -8.1054e-07 -6.0962e-07 -4.5205e-07 -3.3035e-07 -2.3783e-07 -1.6860e-07 -1.1765e-07 -8.0774e-08 -5.4538e-08 -3.6199e-08 -2.3609e-08 -1.5122e-08 -9.5092e-09 -5.8674e-09 -3.5508e-09 -2.1065e-09 -1.2245e-09 -6.9710e-10 -3.8847e-10 -2.1180e-10 -1.1293e-10 -5.8848e-11 -2.9958e-11 -1.4890e-11 -7.2221e-12 -3.4165e-12 -1.5755e-12 -7.0779e-13 -3.0963e-13 -1.3181e-13 -5.4577e-14 -2.1966e-14 -8.5890e-15 -3.2607e-15 -2.2604e-07 -6.3934e-07 -1.1745e-06 -1.8082e-06 -2.5268e-06 -3.3211e-06 -4.1839e-06 0.0000e+00 -6.0932e-06 -7.1303e-06 -8.2166e-06 -9.3479e-06 -1.0520e-05 -1.1728e-05 -1.2967e-05 -1.4232e-05 -1.5517e-05 -1.6815e-05 -1.8121e-05 -1.9426e-05 -2.0721e-05 -2.1999e-05 -2.3250e-05 -2.4463e-05 -2.5628e-05 -2.6734e-05 -2.7769e-05 -2.8723e-05 -2.9582e-05 -3.0337e-05 -3.0975e-05 -3.1487e-05 -3.1862e-05 -3.2092e-05 -3.2170e-05 -3.2090e-05 -3.1850e-05 -3.1448e-05 -3.0884e-05 -3.0163e-05 -2.9290e-05 -2.8274e-05 -2.7126e-05 -2.5860e-05 -2.4492e-05 -2.3038e-05 -2.1518e-05 -1.9952e-05 -1.8361e-05 -1.6765e-05 -1.5184e-05 -1.3638e-05 -1.2144e-05 -1.0716e-05 -9.3697e-06 -8.1143e-06 -6.9580e-06 -5.9059e-06 -4.9604e-06 -4.1212e-06 -3.3858e-06 -2.7497e-06 -2.2066e-06 -1.7492e-06 -1.3691e-06 -1.0578e-06 -8.0638e-07 -6.0630e-07 -4.4944e-07 -3.2834e-07 -2.3629e-07 -1.6745e-07 -1.1680e-07 -8.0159e-08 -5.4101e-08 -3.5893e-08 -2.3398e-08 -1.4981e-08 -9.4155e-09 -5.8066e-09 -3.5121e-09 -2.0824e-09 -1.2098e-09 -6.8834e-10 -3.8336e-10 -2.0889e-10 -1.1130e-10 -5.7961e-11 -2.9485e-11 -1.4645e-11 -7.0979e-12 -3.3551e-12 -1.5459e-12 -6.9397e-13 -3.0332e-13 -1.2902e-13 -5.3372e-14 -2.1462e-14 -8.3837e-15 -3.1796e-15
-2.6956e-07 -7.6242e-07 -1.4006e-06 -2.1563e-06 -3.0133e-06 -3.9604e-06 -4.9893e-06 -6.0932e-06 6.8220e-05 -8.5029e-06 -9.7984e-06 -1.1147e-05 -1.2545e-05 -1.3986e-05 -1.5463e-05 -1.6972e-05 -1.8505e-05 -2.0054e-05 -2.1611e-05 -2.3167e-05 -2.4713e-05 -2.6237e-05 -2.7729e-05 -2.9177e-05 -3.0567e-05 -3.1887e-05 -3.3124e-05 -3.4262e-05 -3.5289e-05 -3.6191e-05 -3.6955e-05 -3.7567e-05 -3.8017e-05 -3.8294e-05 -3.8391e-05 -3.8299e-05 -3.8016e-05 -3.7540e-05 -3.6871e-05 -3.6014e-05 -3.4977e-05 -3.3768e-05 -3.2402e-05 -3.0895e-05 -2.9265e-05 -2.7533e-05 -2.5721e-05 -2.3855e-05 -2.1957e-05 -2.0053e-05 -1.8167e-05 -1.6321e-05 -1.4537e-05 -1.2832e-05 -1.1223e-05 -9.7227e-06 -8.3402e-06 -7.0817e-06 -5.9502e-06 -4.9456e-06 -4.0648e-06 -3.3026e-06 -2.6516e-06 -2.1029e-06 -1.6469e-06 -1.2731e-06 -9.7106e-07 -7.3055e-07 -5.4188e-07 -3.9612e-07 -2.8527e-07 -2.0230e-07 -1.4121e-07 -9.6987e-08 -6.5510e-08 -4.3499e-08 -2.8381e-08 -1.8187e-08 -1.1441e-08 -7.0626e-09 -4.2761e-09 -2.5380e-09 -1.4761e-09 -8.4076e-10 -4.6879e-10 -2.5574e-10 -1.3643e-10 -7.1138e-11 -3.6236e-11 -1.8022e-11 -8.7471e-12 -4.1407e-12 -1.9108e-12 -8.5905e-13 -3.7607e-13 -1.6022e-13 -6.6393e-14 -2.6743e-14 -1.0466e-14 -3.9765e-15 -2.6956e-07 -7.6242e-07 -1.4006e-06 -2.1563e-06 -3.0133e-06 -3.9604e-06 -4.9893e-06 -6.0932e-06 0.0000e+00 -8.5029e-06 -9.7983e-06 -1.1147e-05 -1.2545e-05 -1.3985e-05 -1.5463e-05 -1.6972e-05 -1.8504e-05 -2.0053e-05 -2.1609e-05 -2.3165e-05 -2.4711e-05 -2.6234e-05 -2.7726e-05 -2.9173e-05 -3.0562e-05 -3.1881e-05 -3.3116e-05 -3.4254e-05 -3.5279e-05 -3.6179e-05 -3.6941e-05 -3.7551e-05 -3.7999e-05 -3.8273e-05 -3.8367e-05 -3.8273e-05 -3.7987e-05 -3.7508e-05 -3.6836e-05 -3.5977e-05 -3.4936e-05 -3.3725e-05 -3.2357e-05 -3.0847e-05 -2.9216e-05 -2.7482e-05 -2.5670e-05 -2.3803e-05 -2.1906e-05 -2.0002e-05 -1.8117e-05 -1.6273e-05 -1.4490e-05 -1.2788e-05 -1.1181e-05 -9.6837e-06 -8.3042e-06 -7.0490e-06 -5.9208e-06 -4.9195e-06 -4.0419e-06 -3.2827e-06 -2.6346e-06 -2.0886e-06 -1.6349e-06 -1.2633e-06 -9.6311e-07 -7.2421e-07 -5.3690e-07 -3.9227e-07 -2.8233e-07 -2.0010e-07 -1.3959e-07 -9.5811e-08 -6.4673e-08 -4.2913e-08 -2.7978e-08 -1.7915e-08 -1.1262e-08 -6.9463e-09 -4.2021e-09 -2.4920e-09 -1.4480e-09 -8.2400e-10 -4.5900e-10 -2.5015e-10 -1.3331e-10 -6.9438e-11 -3.5331e-11 -1.7552e-11 -8.5089e-12 -4.0231e-12 -1.8542e-12 -8.3254e-13 -3.6398e-13 -1.5486e-13 -6.4080e-14 -2.5775e-14 -1.0071e-14 -3.8209e-15
-3.1544e-07 -8.9219e-07 -1.6390e-06 -2.5233e-06 -3.5262e-06 -4.6345e-06 -5.8385e-06 -7.1303e-06 -8.5029e-06 1.0398e-04 -1.1466e-05 -1.3045e-05 -1.4680e-05 -1.6366e-05 -1.8096e-05 -1.9861e-05 -2.1655e-05 -2.3468e-05 -2.5290e-05 -2.7111e-05 -2.8921e-05 -3.0705e-05 -3.2452e-05 -3.4146e-05 -3.5774e-05 -3.7320e-05 -3.8768e-05 -4.0102e-05 -4.1305e-05 -4.2362e-05 -4.3258e-05 -4.3976e-05 -4.4505e-05 -4.4832e-05 -4.4947e-05 -4.4842e-05 -4.4514e-05 -4.3959e-05 -4.3179e-05 -4.2179e-05 -4.0967e-05 -3.9555e-05 -3.7959e-05 -3.6197e-05 -3.4291e-05 -3.2265e-05 -3.0147e-05 -2.7963e-05 -2.5742e-05 -2.3514e-05 -2.1306e-05 -1.9144e-05 -1.7054e-05 -1.5057e-05 -1.3172e-05 -1.1414e-05 -9.7928e-06 -8.3172e-06 -6.9901e-06 -5.8114e-06 -4.7778e-06 -3.8830e-06 -3.1186e-06 -2.4741e-06 -1.9382e-06 -1.4988e-06 -1.1437e-06 -8.6075e-07 -6.3871e-07 -4.6711e-07 -3.3654e-07 -2.3877e-07 -1.6675e-07 -1.1458e-07 -7.7434e-08 -5.1444e-08 -3.3583e-08 -2.1533e-08 -1.3554e-08 -8.3725e-09 -5.0724e-09 -3.0127e-09 -1.7533e-09 -9.9941e-10 -5.5766e-10 -3.0445e-10 -1.6255e-10 -8.4825e-11 -4.3245e-11 -2.1527e-11 -1.0457e-11 -4.9548e-12 -2.2886e-12 -1.0299e-12 -4.5134e-13 -1.9249e-13 -7.9849e-14 -3.2199e-14 -1.2615e-14 -4.7987e-15 -3.1544e-07 -8.9219e-07 -1.6390e-06 -2.5233e-06 -3.5262e-06 -4.6345e-06 -5.8385e-06 -7.1303e-06 -8.5029e-06 0.0000e+00 -1.1466e-05 -1.3045e-05 -1.4680e-05 -1.6366e-05 -1.8095e-05 -1.9860e-05 -2.1654e-05 -2.3466e-05 -2.5288e-05 -2.7109e-05 -2.8917e-05 -3.0701e-05 -3.2446e-05 -3.4139e-05 -3.5766e-05 -3.7310e-05 -3.8755e-05 -4.0087e-05 -4.1287e-05 -4.2341e-05 -4.3233e-05 -4.3947e-05 -4.4472e-05 -4.4794e-05 -4.4905e-05 -4.4795e-05 -4.4462e-05 -4.3902e-05 -4.3117e-05 -4.2112e-05 -4.0895e-05 -3.9479e-05 -3.7878e-05 -3.6112e-05 -3.4203e-05 -3.2175e-05 -3.0055e-05 -2.7870e-05 -2.5650e-05 -2.3422e-05 -2.1216e-05 -1.9057e-05 -1.6971e-05 -1.4978e-05 -1.3097e-05 -1.1344e-05 -9.7287e-06 -8.2588e-06 -6.9376e-06 -5.7648e-06 -4.7369e-06 -3.8476e-06 -3.0882e-06 -2.4485e-06 -1.9169e-06 -1.4813e-06 -1.1295e-06 -8.4942e-07 -6.2981e-07 -4.6022e-07 -3.3129e-07 -2.3484e-07 -1.6385e-07 -1.1248e-07 -7.5937e-08 -5.0397e-08 -3.2864e-08 -2.1048e-08 -1.3234e-08 -8.1643e-09 -4.9401e-09 -2.9303e-09 -1.7031e-09 -9.6940e-10 -5.4013e-10 -2.9444e-10 -1.5696e-10 -8.1779e-11 -4.1623e-11 -2.0684e-11 -1.0030e-11 -4.7440e-12 -2.1872e-12 -9.8239e-13 -4.2965e-13 -1.8287e-13 -7.5699e-14 -3.0460e-14 -1.1907e-14 -4.5191e-15
-3.6350e-07 -1.0281e-06 -1.8887e-06 -2.9078e-06 -4.0634e-06 -5.3406e-06 -6.7280e-06 -8.2166e-06 -9.7984e-06 -1.1466e-05 1.5223e-04 -1.5033e-05 -1.6917e-05 -1.8860e-05 -2.0853e-05 -2.2888e-05 -2.4955e-05 -2.7044e-05 -2.9145e-05 -3.1244e-05 -3.3329e-05 -3.5387e-05 -3.7400e-05 -3.9354e-05 -4.1232e-05 -4.3015e-05 -4.4685e-05 -4.6224e-05 -4.7613e-05 -4.8834e-05 -4.9868e-05 -5.0699e-05 -5.1312e-05 -5.1692e-05 -5.1828e-05 -5.1712e-05 -5.1337e-05 -5.0702e-05 -4.9808e-05 -4.8659e-05 -4.7267e-05 -4.5643e-05 -4.3807e-05 -4.1780e-05 -3.9586e-05 -3.7253e-05 -3.4813e-05 -3.2297e-05 -2.9738e-05 -2.7170e-05 -2.4624e-05 -2.2131e-05 -1.9720e-05 -1.7415e-05 -1.5239e-05 -1.3208e-05 -1.1336e-05 -9.6312e-06 -8.0972e-06 -6.7343e-06 -5.5387e-06 -4.5032e-06 -3.6181e-06 -2.8717e-06 -2.2507e-06 -1.7413e-06 -1.3294e-06 -1.0010e-06 -7.4320e-07 -5.4383e-07 -3.9204e-07 -2.7832e-07 -1.9450e-07 -1.3373e-07 -9.0441e-08 -6.0128e-08 -3.9281e-08 -2.5206e-08 -1.5879e-08 -9.8165e-09 -5.9523e-09 -3.5384e-09 -2.0612e-09 -1.1760e-09 -6.5684e-10 -3.5896e-10 -1.9185e-10 -1.0022e-10 -5.1152e-11 -2.5492e-11 -1.2398e-11 -5.8815e-12 -2.7200e-12 -1.2257e-12 -5.3781e-13 -2.2968e-13 -9.5408e-14 -3.8528e-14 -1.5116e-14 -5.7589e-15 -3.6350e-07 -1.0281e-06 -1.8887e-06 -2.9078e-06 -4.0634e-06 -5.3405e-06 -6.7280e-06 -8.2166e-06 -9.7983e-06 -1.1466e-05 0.0000e+00 -1.5032e-05 -1.6917e-05 -1.8859e-05 -2.0852e-05 -2.2886e-05 -2.4953e-05 -2.7042e-05 -2.9141e-05 -3.1240e-05 -3.3324e-05 -3.5379e-05 -3.7391e-05 -3.9342e-05 -4.1217e-05 -4.2997e-05 -4.4663e-05 -4.6198e-05 -4.7582e-05 -4.8798e-05 -4.9826e-05 -5.0651e-05 -5.1256e-05 -5.1629e-05 -5.1757e-05 -5.1633e-05 -5.1250e-05 -5.0606e-05 -4.9702e-05 -4.8546e-05 -4.7145e-05 -4.5514e-05 -4.3671e-05 -4.1637e-05 -3.9438e-05 -3.7102e-05 -3.4659e-05 -3.2141e-05 -2.9582e-05 -2.7015e-05 -2.4472e-05 -2.1984e-05 -1.9579e-05 -1.7281e-05 -1.5113e-05 -1.3091e-05 -1.1228e-05 -9.5327e-06 -8.0086e-06 -6.6556e-06 -5.4695e-06 -4.4432e-06 -3.5668e-06 -2.8284e-06 -2.2146e-06 -1.7117e-06 -1.3054e-06 -9.8186e-07 -7.2815e-07 -5.3218e-07 -3.8317e-07 -2.7167e-07 -1.8959e-07 -1.3018e-07 -8.7908e-08 -5.8355e-08 -3.8064e-08 -2.4385e-08 -1.5336e-08 -9.4640e-09 -5.7281e-09 -3.3988e-09 -1.9760e-09 -1.1251e-09 -6.2712e-10 -3.4198e-10 -1.8237e-10 -9.5055e-11 -4.8399e-11 -2.4061e-11 -1.1673e-11 -5.5233e-12 -2.5476e-12 -1.1448e-12 -5.0093e-13 -2.1331e-13 -8.8346e-14 -3.5568e-14 -1.3911e-14 -5.2827e-15
-4.1354e-07 -1.1697e-06 -2.1488e-06 -3.3081e-06 -4.6228e-06 -6.0759e-06 -7.6544e-06 -9.3479e-06 -1.1147e-05 -1.3045e-05 -1.5033e-05 2.1560e-04 -1.9247e-05 -2.1457e-05 -2.3725e-05 -2.6040e-05 -2.8392e-05 -3.0769e-05 -3.3160e-05 -3.5549e-05 -3.7923e-05 -4.0264e-05 -4.2556e-05 -4.4781e-05 -4.6919e-05 -4.8950e-05 -5.0853e-05 -5.2607e-05 -5.4190e-05 -5.5583e-05 -5.6764e-05 -5.7714e-05 -5.8416e-05 -5.8854e-05 -5.9015e-05 -5.8888e-05 -5.8468e-05 -5.7752e-05 -5.6740e-05 -5.5440e-05 -5.3861e-05 -5.2020e-05 -4.9936e-05 -4.7633e-05 -4.5141e-05 -4.2491e-05 -3.9716e-05 -3.6855e-05 -3.3944e-05 -3.1020e-05 -2.8122e-05 -2.5283e-05 -2.2535e-05 -1.9909e-05 -1.7427e-05 -1.5111e-05 -1.2974e-05 -1.1028e-05 -9.2753e-06 -7.7177e-06 -6.3506e-06 -5.1660e-06 -4.1529e-06 -3.2980e-06 -2.5864e-06 -2.0022e-06 -1.5295e-06 -1.1525e-06 -8.5629e-07 -6.2704e-07 -4.5238e-07 -3.2141e-07 -2.2479e-07 -1.5470e-07 -1.0471e-07 -6.9678e-08 -4.5564e-08 -2.9267e-08 -1.8456e-08 -1.1422e-08 -6.9332e-09 -4.1262e-09 -2.4064e-09 -1.3746e-09 -7.6873e-10 -4.2065e-10 -2.2512e-10 -1.1776e-10 -6.0188e-11 -3.0038e-11 -1.4631e-11 -6.9514e-12 -3.2199e-12 -1.4532e-12 -6.3872e-13 -2.7323e-13 -1.1370e-13 -4.5996e-14 -1.8079e-14 -6.9006e-15 -4.1354e-07 -1.1697e-06 -2.1488e-06 -3.3081e-06 -4.6228e-06 -6.0758e-06 -7.6543e-06 -9.3479e-06 -1.1147e-05 -1.3045e-05 -1.5032e-05 0.0000e+00 -1.9246e-05 -2.1456e-05 -2.3723e-05 -2.6038e-05 -2.8389e-05 -3.0765e-05 -3.3154e-05 -3.5542e-05 -3.7913e-05 -4.0252e-05 -4.2541e-05 -4.4762e-05 -4.6895e-05 -4.8921e-05 -5.0818e-05 -5.2565e-05 -5.4141e-05 -5.5525e-05 -5.6696e-05 -5.7636e-05 -5.8326e-05 -5.8752e-05 -5.8900e-05 -5.8760e-05 -5.8327e-05 -5.7596e-05 -5.6570e-05 -5.5256e-05 -5.3665e-05 -5.1811e-05 -4.9716e-05 -4.7403e-05 -4.4903e-05 -4.2246e-05 -3.9467e-05 -3.6603e-05 -3.3692e-05 -3.0771e-05 -2.7878e-05 -2.5046e-05 -2.2308e-05 -1.9692e-05 -1.7223e-05 -1.4921e-05 -1.2800e-05 -1.0869e-05 -9.1323e-06 -7.5906e-06 -6.2390e-06 -5.0692e-06 -4.0701e-06 -3.2281e-06 -2.5281e-06 -1.9544e-06 -1.4908e-06 -1.1216e-06 -8.3197e-07 -6.0821e-07 -4.3803e-07 -3.1065e-07 -2.1686e-07 -1.4895e-07 -1.0061e-07 -6.6810e-08 -4.3593e-08 -2.7937e-08 -1.7576e-08 -1.0851e-08 -6.5700e-09 -3.8999e-09 -2.2683e-09 -1.2921e-09 -7.2052e-10 -3.9310e-10 -2.0973e-10 -1.0937e-10 -5.5718e-11 -2.7714e-11 -1.3453e-11 -6.3690e-12 -2.9394e-12 -1.3217e-12 -5.7868e-13 -2.4658e-13 -1.0219e-13 -4.1170e-14 -1.6114e-14 -6.1235e-15
-4.6539e-07 -1.3163e-06 -2.4182e-06 -3.7229e-06 -5.2024e-06 -6.8376e-06 -8.6140e-06 -1.0520e-05 -1.2545e-05 -1.4680e-05 -1.6917e-05 -1.9247e-05 2.9696e-04 -2.4148e-05 -2.6700e-05 -2.9306e-05 -3.1953e-05 -3.4630e-05 -3.7320e-05 -4.0010e-05 -4.2683e-05 -4.5320e-05 -4.7901e-05 -5.0407e-05 -5.2816e-05 -5.5105e-05 -5.7250e-05 -5.9228e-05 -6.1016e-05 -6.2588e-05 -6.3923e-05 -6.4999e-05 -6.5797e-05 -6.6297e-05 -6.6486e-05 -6.6352e-05 -6.5888e-05 -6.5091e-05 -6.3961e-05 -6.2507e-05 -6.0739e-05 -5.8674e-05 -5.6336e-05 -5.3752e-05 -5.0952e-05 -4.7974e-05 -4.4855e-05 -4.1636e-05 -3.8360e-05 -3.5068e-05 -3.1803e-05 -2.8604e-05 -2.5506e-05 -2.2543e-05 -1.9742e-05 -1.7127e-05 -1.4713e-05 -1.2512e-05 -1.0530e-05 -8.7667e-06 -7.2183e-06 -5.8756e-06 -4.7266e-06 -3.7563e-06 -2.9480e-06 -2.2840e-06 -1.7462e-06 -1.3169e-06 -9.7928e-07 -7.1776e-07 -5.1832e-07 -3.6863e-07 -2.5808e-07 -1.7780e-07 -1.2048e-07 -8.0267e-08 -5.2551e-08 -3.3796e-08 -2.1340e-08 -1.3224e-08 -8.0380e-09 -4.7904e-09 -2.7978e-09 -1.6006e-09 -8.9648e-10 -4.9133e-10 -2.6337e-10 -1.3801e-10 -7.0657e-11 -3.5325e-11 -1.7237e-11 -8.2051e-12 -3.8078e-12 -1.7220e-12 -7.5836e-13 -3.2508e-13 -1.3556e-13 -5.4956e-14 -2.1649e-14 -8.2815e-15 -4.6539e-07 -1.3163e-06 -2.4182e-06 -3.7229e-06 -5.2024e-06 -6.8376e-06 -8.6139e-06 -1.0520e-05 -1.2545e-05 -1.4680e-05 -1.6917e-05 -1.9246e-05 0.0000e+00 -2.4146e-05 -2.6698e-05 -2.9302e-05 -3.1949e-05 -3.4623e-05 -3.7312e-05 -3.9999e-05 -4.2668e-05 -4.5301e-05 -4.7877e-05 -5.0378e-05 -5.2779e-05 -5.5060e-05 -5.7196e-05 -5.9164e-05 -6.0939e-05 -6.2498e-05 -6.3818e-05 -6.4878e-05 -6.5658e-05 -6.6139e-05 -6.6309e-05 -6.6154e-05 -6.5669e-05 -6.4850e-05 -6.3698e-05 -6.2223e-05 -6.0434e-05 -5.8351e-05 -5.5995e-05 -5.3395e-05 -5.0583e-05 -4.7594e-05 -4.4468e-05 -4.1246e-05 -3.7970e-05 -3.4682e-05 -3.1424e-05 -2.8236e-05 -2.5153e-05 -2.2207e-05 -1.9426e-05 -1.6832e-05 -1.4441e-05 -1.2265e-05 -1.0308e-05 -8.5692e-06 -7.0448e-06 -5.7253e-06 -4.5979e-06 -3.6476e-06 -2.8574e-06 -2.2096e-06 -1.6859e-06 -1.2688e-06 -9.4144e-07 -6.8847e-07 -4.9599e-07 -3.5188e-07 -2.4573e-07 -1.6884e-07 -1.1410e-07 -7.5797e-08 -4.9478e-08 -3.1722e-08 -1.9967e-08 -1.2333e-08 -7.4711e-09 -4.4370e-09 -2.5821e-09 -1.4717e-09 -8.2113e-10 -4.4826e-10 -2.3931e-10 -1.2487e-10 -6.3657e-11 -3.1685e-11 -1.5391e-11 -7.2918e-12 -3.3678e-12 -1.5155e-12 -6.6406e-13 -2.8319e-13 -1.1746e-13 -4.7363e-14 -1.8554e-14 -7.0576e-15
-5.1883e-07 -1.4675e-06 -2.6958e-06 -4.1503e-06 -5.7997e-06 -7.6227e-06 -9.6031e-06 -1.1728e-05 -1.3986e-05 -1.6366e-05 -1.8860e-05 -2.1457e-05 -2.4148e-05 3.9942e-04 -2.9767e-05 -3.2673e-05 -3.5625e-05 -3.8610e-05 -4.1611e-05 -4.4611e-05 -4.7593e-05 -5.0534e-05 -5.3415e-05 -5.6213e-05 -5.8902e-05 -6.1458e-05 -6.3855e-05 -6.6067e-05 -6.8066e-05 -6.9827e-05 -7.1324e-05 -7.2533e-05 -7.3432e-05 -7.4001e-05 -7.4223e-05 -7.4086e-05 -7.3581e-05 -7.2704e-05 -7.1458e-05 -6.9848e-05 -6.7889e-05 -6.5599e-05 -6.3003e-05 -6.0130e-05 -5.7017e-05 -5.3702e-05 -5.0229e-05 -4.6643e-05 -4.2990e-05 -3.9319e-05 -3.5674e-05 -3.2101e-05 -2.8640e-05 -2.5327e-05 -2.2193e-05 -1.9264e-05 -1.6559e-05 -1.4092e-05 -1.1868e-05 -9.8881e-06 -8.1479e-06 -6.6378e-06 -5.3443e-06 -4.2509e-06 -3.3393e-06 -2.5897e-06 -1.9819e-06 -1.4962e-06 -1.1138e-06 -8.1732e-07 -5.9091e-07 -4.2077e-07 -2.9496e-07 -2.0347e-07 -1.3807e-07 -9.2111e-08 -6.0393e-08 -3.8898e-08 -2.4599e-08 -1.5268e-08 -9.2960e-09 -5.5496e-09 -3.2469e-09 -1.8609e-09 -1.0442e-09 -5.7338e-10 -3.0795e-10 -1.6169e-10 -8.2952e-11 -4.1560e-11 -2.0324e-11 -9.6955e-12 -4.5097e-12 -2.0441e-12 -9.0234e-13 -3.8773e-13 -1.6208e-13 -6.5876e-14 -2.6017e-14 -9.9784e-15 -5.1883e-07 -1.4675e-06 -2.6958e-06 -4.1503e-06 -5.7997e-06 -7.6227e-06 -9.6030e-06 -1.1728e-05 -1.3985e-05 -1.6366e-05 -1.8859e-05 -2.1456e-05 -2.4146e-05 0.0000e+00 -2.9764e-05 -3.2668e-05 -3.5618e-05 -3.8600e-05 -4.1598e-05 -4.4594e-05 -4.7570e-05 -5.0506e-05 -5.3380e-05 -5.6168e-05 -5.8847e-05 -6.1391e-05 -6.3774e-05 -6.5969e-05 -6.7951e-05 -6.9692e-05 -7.1166e-05 -7.2351e-05 -7.3223e-05 -7.3764e-05 -7.3957e-05 -7.3788e-05 -7.3251e-05 -7.2342e-05 -7.1063e-05 -6.9422e-05 -6.7432e-05 -6.5113e-05 -6.2490e-05 -5.9595e-05 -5.6462e-05 -5.3132e-05 -4.9648e-05 -4.6057e-05 -4.2405e-05 -3.8739e-05 -3.5106e-05 -3.1549e-05 -2.8109e-05 -2.4822e-05 -2.1718e-05 -1.8821e-05 -1.6152e-05 -1.3721e-05 -1.1534e-05 -9.5912e-06 -7.8872e-06 -6.4116e-06 -5.1507e-06 -4.0874e-06 -3.2030e-06 -2.4776e-06 -1.8911e-06 -1.4237e-06 -1.0568e-06 -7.7317e-07 -5.5725e-07 -3.9552e-07 -2.7633e-07 -1.8996e-07 -1.2843e-07 -8.5363e-08 -5.5753e-08 -3.5765e-08 -2.2525e-08 -1.3921e-08 -8.4385e-09 -5.0148e-09 -2.9203e-09 -1.6656e-09 -9.2999e-10 -5.0806e-10 -2.7144e-10 -1.4175e-10 -7.2321e-11 -3.6028e-11 -1.7516e-11 -8.3061e-12 -3.8398e-12 -1.7295e-12 -7.5860e-13 -3.2383e-13 -1.3446e-13 -5.4276e-14 -2.1286e-14 -8.1057e-15
-5.7364e-07 -1.6225e-06 -2.9807e-06 -4.5888e-06 -6.4125e-06 -8.4281e-06 -1.0618e-05 -1.2967e-05 -1.5463e-05 -1.8096e-05 -2.0853e-05 -2.3725e-05 -2.6700e-05 -2.9767e-05 5.2635e-04 -3.6128e-05 -3.9393e-05 -4.2694e-05 -4.6014e-05 -4.9334e-05 -5.2633e-05 -5.5889e-05 -5.9078e-05 -6.2175e-05 -6.5154e-05 -6.7987e-05 -7.0645e-05 -7.3098e-05 -7.5318e-05 -7.7276e-05 -7.8943e-05 -8.0293e-05 -8.1300e-05 -8.1944e-05 -8.2205e-05 -8.2070e-05 -8.1529e-05 -8.0577e-05 -7.9216e-05 -7.7453e-05 -7.5303e-05 -7.2786e-05 -6.9930e-05 -6.6766e-05 -6.3335e-05 -5.9678e-05 -5.5843e-05 -5.1881e-05 -4.7842e-05 -4.3780e-05 -3.9745e-05 -3.5785e-05 -3.1947e-05 -2.8270e-05 -2.4790e-05 -2.1535e-05 -1.8526e-05 -1.5778e-05 -1.3299e-05 -1.1091e-05 -9.1477e-06 -7.4596e-06 -6.0121e-06 -4.7874e-06 -3.7649e-06 -2.9232e-06 -2.2398e-06 -1.6931e-06 -1.2621e-06 -9.2736e-07 -6.7142e-07 -4.7880e-07 -3.3615e-07 -2.3225e-07 -1.5785e-07 -1.0549e-07 -6.9284e-08 -4.4704e-08 -2.8323e-08 -1.7613e-08 -1.0745e-08 -6.4273e-09 -3.7682e-09 -2.1642e-09 -1.2170e-09 -6.6978e-10 -3.6055e-10 -1.8975e-10 -9.7580e-11 -4.9008e-11 -2.4026e-11 -1.1491e-11 -5.3588e-12 -2.4354e-12 -1.0780e-12 -4.6450e-13 -1.9472e-13 -7.9366e-14 -3.1436e-14 -1.2093e-14 -5.7364e-07 -1.6225e-06 -2.9807e-06 -4.5888e-06 -6.4125e-06 -8.4281e-06 -1.0618e-05 -1.2967e-05 -1.5463e-05 -1.8095e-05 -2.0852e-05 -2.3723e-05 -2.6698e-05 -2.9764e-05 0.0000e+00 -3.6120e-05 -3.9382e-05 -4.2680e-05 -4.5995e-05 -4.9309e-05 -5.2600e-05 -5.5847e-05 -5.9026e-05 -6.2110e-05 -6.5074e-05 -6.7889e-05 -7.0526e-05 -7.2957e-05 -7.5150e-05 -7.7079e-05 -7.8713e-05 -8.0027e-05 -8.0996e-05 -8.1599e-05 -8.1817e-05 -8.1637e-05 -8.1049e-05 -8.0049e-05 -7.8641e-05 -7.6832e-05 -7.4637e-05 -7.2078e-05 -6.9183e-05 -6.5985e-05 -6.2525e-05 -5.8846e-05 -5.4996e-05 -5.1026e-05 -4.6988e-05 -4.2934e-05 -3.8915e-05 -3.4979e-05 -3.1172e-05 -2.7533e-05 -2.4096e-05 -2.0888e-05 -1.7930e-05 -1.5236e-05 -1.2811e-05 -1.0657e-05 -8.7664e-06 -7.1289e-06 -5.7289e-06 -4.5480e-06 -3.5654e-06 -2.7591e-06 -2.1069e-06 -1.5869e-06 -1.1785e-06 -8.6264e-07 -6.2206e-07 -4.4176e-07 -3.0881e-07 -2.1241e-07 -1.4370e-07 -9.5572e-08 -6.2462e-08 -4.0097e-08 -2.5271e-08 -1.5629e-08 -9.4815e-09 -5.6391e-09 -3.2866e-09 -1.8761e-09 -1.0484e-09 -5.7330e-10 -3.0658e-10 -1.6026e-10 -8.1845e-11 -4.0814e-11 -1.9864e-11 -9.4299e-12 -4.3643e-12 -1.9681e-12 -8.6426e-13 -3.6939e-13 -1.5358e-13 -6.2072e-14 -2.4376e-14 -9.2953e-15
-6.2960e-07 -1.7808e-06 -3.2714e-06 -5.0365e-06 -7.0381e-06 -9.2503e-06 -1.1654e-05 -1.4232e-05 -1.6972e-05 -1.9861e-05 -2.2888e-05 -2.6040e-05 -2.9306e-05 -3.2673e-05 -3.6128e-05 6.8136e-04 -4.3241e-05 -4.6866e-05 -5.0512e-05 -5.4158e-05 -5.7783e-05 -6.1361e-05 -6.4866e-05 -6.8272e-05 -7.1549e-05 -7.4667e-05 -7.7594e-05 -8.0298e-05 -8.2747e-05 -8.4910e-05 -8.6755e-05 -8.8254e-05 -8.9378e-05 -9.0105e-05 -9.0413e-05 -9.0287e-05 -8.9715e-05 -8.8693e-05 -8.7222e-05 -8.5311e-05 -8.2973e-05 -8.0231e-05 -7.7115e-05 -7.3659e-05 -6.9907e-05 -6.5904e-05 -6.1703e-05 -5.7358e-05 -5.2926e-05 -4.8463e-05 -4.4027e-05 -3.9670e-05 -3.5442e-05 -3.1389e-05 -2.7548e-05 -2.3952e-05 -2.0625e-05 -1.7583e-05 -1.4836e-05 -1.2386e-05 -1.0227e-05 -8.3499e-06 -6.7380e-06 -5.3723e-06 -4.2306e-06 -3.2893e-06 -2.5240e-06 -1.9108e-06 -1.4266e-06 -1.0499e-06 -7.6144e-07 -5.4393e-07 -3.8256e-07 -2.6481e-07 -1.8032e-07 -1.2074e-07 -7.9462e-08 -5.1378e-08 -3.2621e-08 -2.0330e-08 -1.2430e-08 -7.4529e-09 -4.3799e-09 -2.5216e-09 -1.4216e-09 -7.8434e-10 -4.2332e-10 -2.2338e-10 -1.1519e-10 -5.8011e-11 -2.8520e-11 -1.3680e-11 -6.3981e-12 -2.9164e-12 -1.2948e-12 -5.5964e-13 -2.3534e-13 -9.6228e-14 -3.8238e-14 -1.4757e-14 -6.2960e-07 -1.7808e-06 -3.2714e-06 -5.0365e-06 -7.0380e-06 -9.2502e-06 -1.1653e-05 -1.4232e-05 -1.6972e-05 -1.9860e-05 -2.2886e-05 -2.6038e-05 -2.9302e-05 -3.2668e-05 -3.6120e-05 0.0000e+00 -4.3226e-05 -4.6846e-05 -5.0485e-05 -5.4123e-05 -5.7737e-05 -6.1302e-05 -6.4792e-05 -6.8180e-05 -7.1435e-05 -7.4527e-05 -7.7425e-05 -8.0096e-05 -8.2508e-05 -8.4630e-05 -8.6429e-05 -8.7877e-05 -8.8947e-05 -8.9615e-05 -8.9861e-05 -8.9670e-05 -8.9032e-05 -8.7943e-05 -8.6405e-05 -8.4427e-05 -8.2025e-05 -7.9224e-05 -7.6052e-05 -7.2549e-05 -6.8755e-05 -6.4721e-05 -6.0498e-05 -5.6142e-05 -5.1710e-05 -4.7259e-05 -4.2845e-05 -3.8522e-05 -3.4338e-05 -3.0338e-05 -2.6559e-05 -2.3030e-05 -1.9776e-05 -1.6810e-05 -1.4140e-05 -1.1767e-05 -9.6833e-06 -7.8779e-06 -6.3337e-06 -5.0305e-06 -3.9456e-06 -3.0549e-06 -2.3340e-06 -1.7590e-06 -1.3071e-06 -9.5729e-07 -6.9075e-07 -4.9086e-07 -3.4337e-07 -2.3635e-07 -1.6002e-07 -1.0651e-07 -6.9664e-08 -4.4757e-08 -2.8232e-08 -1.7477e-08 -1.0612e-08 -6.3175e-09 -3.6856e-09 -2.1060e-09 -1.1782e-09 -6.4495e-10 -3.4529e-10 -1.8070e-10 -9.2397e-11 -4.6134e-11 -2.2481e-11 -1.0687e-11 -4.9526e-12 -2.2365e-12 -9.8355e-13 -4.2100e-13 -1.7530e-13 -7.0962e-14 -2.7912e-14 -1.0661e-14
