2.6598e-04 -4.2741e-04 -5.2326e-04 -6.0386e-04 -6.7464e-04 -7.3836e-04 -7.9666e-04 -8.5059e-04 -9.0088e-04 -9.4806e-04 -9.9250e-04 -1.0345e-03 -1.0743e-03 -1.1121e-03 -1.1479e-03 -1.1820e-03 -1.2145e-03 -1.2452e-03 -1.2744e-03 -1.3021e-03 -1.3282e-03 -1.3529e-03 -1.3760e-03 -1.3977e-03 -1.4178e-03 -1.4364e-03 -1.4535e-03 -1.4689e-03 -1.4827e-03 -1.4949e-03 -1.5053e-03 -1.5139e-03 -1.5207e-03 -1.5256e-03 -1.5286e-03 -1.5294e-03 -1.5282e-03 -1.5247e-03 -1.5190e-03 -1.5108e-03 -1.5002e-03 -1.4871e-03 -1.4713e-03 -1.4528e-03 -1.4315e-03 -1.4074e-03 -1.3803e-03 -1.3502e-03 -1.3171e-03 -1.2809e-03 -1.2417e-03 -1.1994e-03 -1.1542e-03 -1.1060e-03 -1.0551e-03 -1.0015e-03 -9.4551e-04 -8.8732e-04 -8.2727e-04 -7.6572e-04 -7.0311e-04 -6.3993e-04 -5.7672e-04 -5.1409e-04 -4.5269e-04 -3.9320e-04 -3.3630e-04 -2.8269e-04 -2.3300e-04 -1.8782e-04 -1.4759e-04 -1.1266e-04 -8.3175e-05 -5.9081e-05 -4.0129e-05 -2.5870e-05 -1.5685e-05 -8.8462e-06 -4.5775e-06 -2.1364e-06 -8.8030e-07 -3.1159e-07 -9.1479e-08 -2.1278e-08 -3.6906e-09 -4.3993e-10 -3.2230e-11 -1.2408e-12 -2.0054e-14 -9.7680e-17 -8.6496e-20 -6.2459e-24 -9.6941e-30 -3.0794e-38 -2.2986e-51 -3.4909e-73 -2.0111e-113 -1.7322e-200 -0.0000e+00 -0.0000e+00 0.0000e+00 -4.2741e-04 -5.2326e-04 -6.0386e-04 -6.7464e-04 -7.3836e-04 -7.9666e-04 -8.5059e-04 -9.0088e-04 -9.4805e-04 -9.9249e-04 -1.0345e-03 -1.0743e-03 -1.1121e-03 -1.1479e-03 -1.1820e-03 -1.2144e-03 -1.2452e-03 -1.2744e-03 -1.3021e-03 -1.3282e-03 -1.3528e-03 -1.3760e-03 -1.3976e-03 -1.4177e-03 -1.4363e-03 -1.4534e-03 -1.4688e-03 -1.4826e-03 -1.4948e-03 -1.5052e-03 -1.5138e-03 -1.5206e-03 -1.5255e-03 -1.5284e-03 -1.5293e-03 -1.5280e-03 -1.5245e-03 -1.5188e-03 -1.5106e-03 -1.5000e-03 -1.4869e-03 -1.4711e-03 -1.4526e-03 -1.4313e-03 -1.4071e-03 -1.3800e-03 -1.3499e-03 -1.3168e-03 -1.2806e-03 -1.2414e-03 -1.1991e-03 -1.1539e-03 -1.1057e-03 -1.0548e-03 -1.0012e-03 -9.4517e-04 -8.8698e-04 -8.2693e-04 -7.6539e-04 -7.0278e-04 -6.3961e-04 -5.7641e-04 -5.1380e-04 -4.5241e-04 -3.9294e-04 -3.3606e-04 -2.8247e-04 -2.3281e-04 -1.8765e-04 -1.4745e-04 -1.1255e-04 -8.3082e-05 -5.9009e-05 -4.0076e-05 -2.5832e-05 -1.5661e-05 -8.8309e-06 -4.5688e-06 -2.1319e-06 -8.7824e-07 -3.1078e-07 -9.1212e-08 -2.1208e-08 -3.6768e-09 -4.3806e-10 -3.2071e-11 -1.2337e-12 -1.9919e-14 -9.6895e-17 -8.5654e-20 -6.1709e-24 -9.5469e-30 -3.0185e-38 -2.2371e-51 -3.3580e-73 -1.8942e-113 -1.5619e-200 -0.0000e+00 -0.0000e+00
-4.2741e-04 1.0644e-03 -7.3982e-04 -8.5379e-04 -9.5386e-04 -1.0440e-03 -1.1264e-03 -1.2026e-03 -1.2738e-03 -1.3405e-03 -1.4033e-03 -1.4627e-03 -1.5190e-03 -1.5724e-03 -1.6232e-03 -1.6714e-03 -1.7172e-03 -1.7607e-03 -1.8021e-03 -1.8412e-03 -1.8782e-03 -1.9131e-03 -1.9458e-03 -1.9765e-03 -2.0050e-03 -2.0313e-03 -2.0554e-03 -2.0773e-03 -2.0969e-03 -2.1141e-03 -2.1289e-03 -2.1412e-03 -2.1509e-03 -2.1579e-03 -2.1621e-03 -2.1633e-03 -2.1616e-03 -2.1568e-03 -2.1487e-03 -2.1373e-03 -2.1224e-03 -2.1039e-03 -2.0816e-03 -2.0556e-03 -2.0255e-03 -1.9915e-03 -1.9532e-03 -1.9108e-03 -1.8640e-03 -1.8130e-03 -1.7576e-03 -1.6979e-03 -1.6340e-03 -1.5659e-03 -1.4939e-03 -1.4182e-03 -1.3390e-03 -1.2567e-03 -1.1718e-03 -1.0848e-03 -9.9622e-04 -9.0682e-04 -8.1738e-04 -7.2874e-04 -6.4182e-04 -5.5758e-04 -4.7700e-04 -4.0106e-04 -3.3065e-04 -2.6660e-04 -2.0958e-04 -1.6003e-04 -1.1819e-04 -8.3989e-05 -5.7075e-05 -3.6814e-05 -2.2335e-05 -1.2605e-05 -6.5275e-06 -3.0493e-06 -1.2577e-06 -4.4573e-07 -1.3104e-07 -3.0531e-08 -5.3060e-09 -6.3400e-10 -4.6582e-11 -1.7998e-12 -2.9219e-14 -1.4314e-16 -1.2771e-19 -9.3149e-24 -1.4659e-29 -4.7500e-38 -3.6531e-51 -5.8180e-73 -3.6375e-113 -3.6635e-200 -0.0000e+00 -0.0000e+00 -4.2741e-04 0.0000e+00 -7.3982e-04 -8.5379e-04 -9.5386e-04 -1.0440e-03 -1.1264e-03 -1.2026e-03 -1.2737e-03 -1.3404e-03 -1.4033e-03 -1.4627e-03 -1.5189e-03 -1.5723e-03 -1.6231e-03 -1.6713e-03 -1.7171e-03 -1.7606e-03 -1.8019e-03 -1.8410e-03 -1.8780e-03 -1.9128e-03 -1.9456e-03 -1.9762e-03 -2.0046e-03 -2.0309e-03 -2.0550e-03 -2.0769e-03 -2.0964e-03 -2.1136e-03 -2.1284e-03 -2.1406e-03 -2.1502e-03 -2.1572e-03 -2.1613e-03 -2.1625e-03 -2.1608e-03 -2.1559e-03 -2.1477e-03 -2.1362e-03 -2.1213e-03 -2.1027e-03 -2.0804e-03 -2.0542e-03 -2.0241e-03 -1.9900e-03 -1.9517e-03 -1.9092e-03 -1.8624e-03 -1.8113e-03 -1.7558e-03 -1.6961e-03 -1.6321e-03 -1.5640e-03 -1.4920e-03 -1.4163e-03 -1.3371e-03 -1.2548e-03 -1.1699e-03 -1.0829e-03 -9.9434e-04 -9.0500e-04 -8.1563e-04 -7.2707e-04 -6.4024e-04 -5.5611e-04 -4.7566e-04 -3.9984e-04 -3.2957e-04 -2.6566e-04 -2.0878e-04 -1.5937e-04 -1.1766e-04 -8.3584e-05 -5.6775e-05 -3.6603e-05 -2.2195e-05 -1.2518e-05 -6.4781e-06 -3.0238e-06 -1.2461e-06 -4.4113e-07 -1.2953e-07 -3.0134e-08 -5.2278e-09 -6.2334e-10 -4.5681e-11 -1.7594e-12 -2.8450e-14 -1.3867e-16 -1.2290e-19 -8.8851e-24 -1.3813e-29 -4.3983e-38 -3.2954e-51 -5.0356e-73 -2.9341e-113 -2.5900e-200 -0.0000e+00 -0.0000e+00
-5.2326e-04 -7.3982e-04 2.3968e-03 -1.0453e-03 -1.1678e-03 -1.2781e-03 -1.3790e-03 -1.4724e-03 -1.5595e-03 -1.6411e-03 -1.7181e-03 -1.7908e-03 -1.8598e-03 -1.9252e-03 -1.9873e-03 -2.0464e-03 -2.1026e-03 -2.1559e-03 -2.2065e-03 -2.2545e-03 -2.2998e-03 -2.3426e-03 -2.3828e-03 -2.4204e-03 -2.4553e-03 -2.4876e-03 -2.5173e-03 -2.5442e-03 -2.5682e-03 -2.5894e-03 -2.6076e-03 -2.6228e-03 -2.6347e-03 -2.6434e-03 -2.6487e-03 -2.6504e-03 -2.6484e-03 -2.6426e-03 -2.6329e-03 -2.6190e-03 -2.6009e-03 -2.5784e-03 -2.5513e-03 -2.5196e-03 -2.4830e-03 -2.4414e-03 -2.3947e-03 -2.3429e-03 -2.2858e-03 -2.2234e-03 -2.1557e-03 -2.0828e-03 -2.0046e-03 -1.9214e-03 -1.8333e-03 -1.7407e-03 -1.6438e-03 -1.5430e-03 -1.4391e-03 -1.3324e-03 -1.2239e-03 -1.1144e-03 -1.0047e-03 -8.9601e-04 -7.8938e-04 -6.8600e-04 -5.8708e-04 -4.9380e-04 -4.0729e-04 -3.2855e-04 -2.5841e-04 -1.9743e-04 -1.4591e-04 -1.0376e-04 -7.0565e-05 -4.5555e-05 -2.7666e-05 -1.5631e-05 -8.1053e-06 -3.7920e-06 -1.5667e-06 -5.5633e-07 -1.6393e-07 -3.8298e-08 -6.6771e-09 -8.0092e-10 -5.9122e-11 -2.2975e-12 -3.7567e-14 -1.8572e-16 -1.6765e-19 -1.2419e-23 -1.9961e-29 -6.6613e-38 -5.3468e-51 -9.0866e-73 -6.3041e-113 -7.5964e-200 -0.0000e+00 -0.0000e+00 -5.2326e-04 -7.3982e-04 0.0000e+00 -1.0452e-03 -1.1678e-03 -1.2781e-03 -1.3790e-03 -1.4723e-03 -1.5594e-03 -1.6410e-03 -1.7180e-03 -1.7907e-03 -1.8596e-03 -1.9250e-03 -1.9871e-03 -2.0461e-03 -2.1022e-03 -2.1555e-03 -2.2061e-03 -2.2540e-03 -2.2993e-03 -2.3420e-03 -2.3820e-03 -2.4195e-03 -2.4544e-03 -2.4867e-03 -2.5162e-03 -2.5430e-03 -2.5669e-03 -2.5880e-03 -2.6061e-03 -2.6211e-03 -2.6329e-03 -2.6414e-03 -2.6465e-03 -2.6481e-03 -2.6460e-03 -2.6400e-03 -2.6301e-03 -2.6161e-03 -2.5978e-03 -2.5751e-03 -2.5479e-03 -2.5159e-03 -2.4791e-03 -2.4374e-03 -2.3905e-03 -2.3385e-03 -2.2813e-03 -2.2187e-03 -2.1509e-03 -2.0778e-03 -1.9995e-03 -1.9162e-03 -1.8281e-03 -1.7353e-03 -1.6384e-03 -1.5377e-03 -1.4337e-03 -1.3272e-03 -1.2188e-03 -1.1093e-03 -9.9987e-04 -8.9139e-04 -7.8503e-04 -6.8195e-04 -5.8335e-04 -4.9044e-04 -4.0431e-04 -3.2596e-04 -2.5621e-04 -1.9562e-04 -1.4445e-04 -1.0264e-04 -6.9737e-05 -4.4973e-05 -2.7279e-05 -1.5392e-05 -7.9687e-06 -3.7215e-06 -1.5345e-06 -5.4359e-07 -1.5974e-07 -3.7197e-08 -6.4602e-09 -7.7132e-10 -5.6618e-11 -2.1851e-12 -3.5423e-14 -1.7322e-16 -1.5417e-19 -1.1210e-23 -1.7567e-29 -5.6587e-38 -4.3148e-51 -6.7843e-73 -4.1593e-113 -4.0704e-200 -0.0000e+00 -0.0000e+00
-6.0386e-04 -8.5379e-04 -1.0453e-03 4.2658e-03 -1.3477e-03 -1.4750e-03 -1.5915e-03 -1.6993e-03 -1.7998e-03 -1.8941e-03 -1.9829e-03 -2.0669e-03 -2.1465e-03 -2.2220e-03 -2.2938e-03 -2.3620e-03 -2.4269e-03 -2.4885e-03 -2.5470e-03 -2.6025e-03 -2.6549e-03 -2.7043e-03 -2.7508e-03 -2.7943e-03 -2.8348e-03 -2.8722e-03 -2.9065e-03 -2.9377e-03 -2.9656e-03 -2.9902e-03 -3.0114e-03 -3.0291e-03 -3.0431e-03 -3.0533e-03 -3.0595e-03 -3.0617e-03 -3.0596e-03 -3.0532e-03 -3.0422e-03 -3.0264e-03 -3.0058e-03 -2.9800e-03 -2.9490e-03 -2.9126e-03 -2.8706e-03 -2.8229e-03 -2.7693e-03 -2.7097e-03 -2.6440e-03 -2.5723e-03 -2.4943e-03 -2.4103e-03 -2.3203e-03 -2.2244e-03 -2.1229e-03 -2.0160e-03 -1.9042e-03 -1.7880e-03 -1.6679e-03 -1.5448e-03 -1.4194e-03 -1.2928e-03 -1.1660e-03 -1.0403e-03 -9.1687e-04 -7.9716e-04 -6.8255e-04 -5.7441e-04 -4.7407e-04 -3.8267e-04 -3.0119e-04 -2.3031e-04 -1.7035e-04 -1.2126e-04 -8.2559e-05 -5.3364e-05 -3.2453e-05 -1.8365e-05 -9.5396e-06 -4.4720e-06 -1.8520e-06 -6.5940e-07 -1.9491e-07 -4.5703e-08 -8.0028e-09 -9.6492e-10 -7.1674e-11 -2.8066e-12 -4.6326e-14 -2.3174e-16 -2.1237e-19 -1.6044e-23 -2.6465e-29 -9.1494e-38 -7.7162e-51 -1.4086e-72 -1.0889e-112 -1.5644e-199 -0.0000e+00 -0.0000e+00 -6.0386e-04 -8.5379e-04 -1.0452e-03 0.0000e+00 -1.3477e-03 -1.4750e-03 -1.5914e-03 -1.6992e-03 -1.7996e-03 -1.8939e-03 -1.9827e-03 -2.0666e-03 -2.1461e-03 -2.2216e-03 -2.2933e-03 -2.3615e-03 -2.4262e-03 -2.4877e-03 -2.5461e-03 -2.6014e-03 -2.6537e-03 -2.7030e-03 -2.7493e-03 -2.7926e-03 -2.8329e-03 -2.8702e-03 -2.9043e-03 -2.9352e-03 -2.9629e-03 -2.9873e-03 -3.0082e-03 -3.0256e-03 -3.0393e-03 -3.0492e-03 -3.0552e-03 -3.0570e-03 -3.0547e-03 -3.0479e-03 -3.0365e-03 -3.0204e-03 -2.9994e-03 -2.9733e-03 -2.9419e-03 -2.9051e-03 -2.8627e-03 -2.8146e-03 -2.7607e-03 -2.7007e-03 -2.6347e-03 -2.5626e-03 -2.4844e-03 -2.4001e-03 -2.3098e-03 -2.2137e-03 -2.1120e-03 -2.0051e-03 -1.8932e-03 -1.7770e-03 -1.6570e-03 -1.5340e-03 -1.4088e-03 -1.2825e-03 -1.1561e-03 -1.0308e-03 -9.0791e-04 -7.8882e-04 -6.7489e-04 -5.6750e-04 -4.6793e-04 -3.7734e-04 -2.9667e-04 -2.2657e-04 -1.6736e-04 -1.1895e-04 -8.0853e-05 -5.2163e-05 -3.1656e-05 -1.7871e-05 -9.2579e-06 -4.3265e-06 -1.7854e-06 -6.3307e-07 -1.8624e-07 -4.3424e-08 -7.5534e-09 -9.0352e-10 -6.6473e-11 -2.5726e-12 -4.1852e-14 -2.0558e-16 -1.8406e-19 -1.3489e-23 -2.1370e-29 -6.9922e-38 -5.4588e-51 -8.9134e-73 -5.8349e-113 -6.4873e-200 -0.0000e+00 -0.0000e+00
-6.7464e-04 -9.5386e-04 -1.1678e-03 -1.3477e-03 6.6747e-03 -1.6479e-03 -1.7781e-03 -1.8985e-03 -2.0108e-03 -2.1162e-03 -2.2155e-03 -2.3094e-03 -2.3984e-03 -2.4829e-03 -2.5631e-03 -2.6395e-03 -2.7120e-03 -2.7810e-03 -2.8464e-03 -2.9085e-03 -2.9672e-03 -3.0226e-03 -3.0746e-03 -3.1234e-03 -3.1688e-03 -3.2108e-03 -3.2493e-03 -3.2844e-03 -3.3158e-03 -3.3435e-03 -3.3674e-03 -3.3874e-03 -3.4033e-03 -3.4149e-03 -3.4222e-03 -3.4250e-03 -3.4230e-03 -3.4161e-03 -3.4041e-03 -3.3869e-03 -3.3641e-03 -3.3357e-03 -3.3015e-03 -3.2611e-03 -3.2145e-03 -3.1615e-03 -3.1020e-03 -3.0358e-03 -2.9627e-03 -2.8829e-03 -2.7961e-03 -2.7025e-03 -2.6022e-03 -2.4953e-03 -2.3820e-03 -2.2627e-03 -2.1379e-03 -2.0080e-03 -1.8738e-03 -1.7362e-03 -1.5959e-03 -1.4541e-03 -1.3121e-03 -1.1712e-03 -1.0328e-03 -8.9852e-04 -7.6983e-04 -6.4832e-04 -5.3547e-04 -4.3260e-04 -3.4080e-04 -2.6086e-04 -1.9317e-04 -1.3768e-04 -9.3865e-05 -6.0766e-05 -3.7019e-05 -2.0990e-05 -1.0927e-05 -5.1357e-06 -2.1330e-06 -7.6200e-07 -2.2612e-07 -5.3259e-08 -9.3758e-09 -1.1376e-09 -8.5145e-11 -3.3647e-12 -5.6165e-14 -2.8488e-16 -2.6566e-19 -2.0521e-23 -3.4841e-29 -1.2514e-37 -1.1114e-50 -2.1809e-72 -1.8744e-112 -3.1905e-199 -0.0000e+00 -0.0000e+00 -6.7464e-04 -9.5386e-04 -1.1678e-03 -1.3477e-03 0.0000e+00 -1.6478e-03 -1.7780e-03 -1.8983e-03 -2.0106e-03 -2.1159e-03 -2.2151e-03 -2.3089e-03 -2.3978e-03 -2.4821e-03 -2.5623e-03 -2.6384e-03 -2.7108e-03 -2.7796e-03 -2.8448e-03 -2.9067e-03 -2.9651e-03 -3.0202e-03 -3.0720e-03 -3.1205e-03 -3.1655e-03 -3.2072e-03 -3.2454e-03 -3.2801e-03 -3.3111e-03 -3.3384e-03 -3.3618e-03 -3.3813e-03 -3.3967e-03 -3.4079e-03 -3.4146e-03 -3.4168e-03 -3.4143e-03 -3.4068e-03 -3.3942e-03 -3.3763e-03 -3.3530e-03 -3.3239e-03 -3.2890e-03 -3.2480e-03 -3.2008e-03 -3.1471e-03 -3.0869e-03 -3.0201e-03 -2.9465e-03 -2.8660e-03 -2.7787e-03 -2.6847e-03 -2.5839e-03 -2.4766e-03 -2.3630e-03 -2.2435e-03 -2.1186e-03 -1.9887e-03 -1.8547e-03 -1.7172e-03 -1.5773e-03 -1.4361e-03 -1.2947e-03 -1.1546e-03 -1.0172e-03 -8.8391e-04 -7.5641e-04 -6.3620e-04 -5.2471e-04 -4.2325e-04 -3.3287e-04 -2.5431e-04 -1.8792e-04 -1.3363e-04 -9.0869e-05 -5.8657e-05 -3.5618e-05 -2.0122e-05 -1.0432e-05 -4.8797e-06 -2.0157e-06 -7.1561e-07 -2.1082e-07 -4.9236e-08 -8.5813e-09 -1.0289e-09 -7.5917e-11 -2.9486e-12 -4.8183e-14 -2.3803e-16 -2.1469e-19 -1.5891e-23 -2.5519e-29 -8.5129e-38 -6.8400e-51 -1.1686e-72 -8.2589e-113 -1.0597e-199 -0.0000e+00 -0.0000e+00
-7.3836e-04 -1.0440e-03 -1.2781e-03 -1.4750e-03 -1.6479e-03 9.6284e-03 -1.9461e-03 -2.0780e-03 -2.2010e-03 -2.3163e-03 -2.4251e-03 -2.5279e-03 -2.6254e-03 -2.7179e-03 -2.8059e-03 -2.8895e-03 -2.9691e-03 -3.0447e-03 -3.1165e-03 -3.1845e-03 -3.2490e-03 -3.3097e-03 -3.3669e-03 -3.4205e-03 -3.4704e-03 -3.5166e-03 -3.5591e-03 -3.5977e-03 -3.6324e-03 -3.6631e-03 -3.6895e-03 -3.7117e-03 -3.7295e-03 -3.7426e-03 -3.7510e-03 -3.7544e-03 -3.7526e-03 -3.7455e-03 -3.7329e-03 -3.7144e-03 -3.6900e-03 -3.6594e-03 -3.6223e-03 -3.5787e-03 -3.5282e-03 -3.4707e-03 -3.4059e-03 -3.3339e-03 -3.2544e-03 -3.1674e-03 -3.0729e-03 -2.9708e-03 -2.8613e-03 -2.7446e-03 -2.6208e-03 -2.4904e-03 -2.3539e-03 -2.2118e-03 -2.0648e-03 -1.9140e-03 -1.7602e-03 -1.6047e-03 -1.4488e-03 -1.2940e-03 -1.1418e-03 -9.9405e-04 -8.5234e-04 -7.1842e-04 -5.9392e-04 -4.8030e-04 -3.7881e-04 -2.9030e-04 -2.1526e-04 -1.5365e-04 -1.0493e-04 -6.8057e-05 -4.1547e-05 -2.3613e-05 -1.2325e-05 -5.8101e-06 -2.4214e-06 -8.6843e-07 -2.5887e-07 -6.1296e-08 -1.0857e-08 -1.3270e-09 -1.0018e-10 -3.9999e-12 -6.7608e-14 -3.4821e-16 -3.3092e-19 -2.6175e-23 -4.5801e-29 -1.7106e-37 -1.5999e-50 -3.3700e-72 -3.2102e-112 -6.4518e-199 -0.0000e+00 -0.0000e+00 -7.3836e-04 -1.0440e-03 -1.2781e-03 -1.4750e-03 -1.6478e-03 0.0000e+00 -1.9459e-03 -2.0777e-03 -2.2006e-03 -2.3158e-03 -2.4245e-03 -2.5271e-03 -2.6244e-03 -2.7168e-03 -2.8045e-03 -2.8879e-03 -2.9672e-03 -3.0425e-03 -3.1139e-03 -3.1817e-03 -3.2457e-03 -3.3061e-03 -3.3628e-03 -3.4159e-03 -3.4653e-03 -3.5110e-03 -3.5529e-03 -3.5909e-03 -3.6250e-03 -3.6549e-03 -3.6807e-03 -3.7022e-03 -3.7191e-03 -3.7315e-03 -3.7390e-03 -3.7415e-03 -3.7389e-03 -3.7308e-03 -3.7172e-03 -3.6978e-03 -3.6724e-03 -3.6407e-03 -3.6027e-03 -3.5579e-03 -3.5064e-03 -3.4479e-03 -3.3822e-03 -3.3091e-03 -3.2287e-03 -3.1408e-03 -3.0454e-03 -2.9426e-03 -2.8324e-03 -2.7150e-03 -2.5908e-03 -2.4601e-03 -2.3234e-03 -2.1812e-03 -2.0345e-03 -1.8840e-03 -1.7308e-03 -1.5761e-03 -1.4212e-03 -1.2677e-03 -1.1170e-03 -9.7094e-04 -8.3111e-04 -6.9923e-04 -5.7688e-04 -4.6549e-04 -3.6623e-04 -2.7992e-04 -2.0694e-04 -1.4723e-04 -1.0018e-04 -6.4709e-05 -3.9323e-05 -2.2233e-05 -1.1538e-05 -5.4028e-06 -2.2347e-06 -7.9449e-07 -2.3445e-07 -5.4867e-08 -9.5855e-09 -1.1526e-09 -8.5343e-11 -3.3289e-12 -5.4691e-14 -2.7202e-16 -2.4754e-19 -1.8538e-23 -3.0251e-29 -1.0321e-37 -8.5725e-51 -1.5415e-72 -1.1854e-112 -1.7722e-199 -0.0000e+00 -0.0000e+00
-7.9666e-04 -1.1264e-03 -1.3790e-03 -1.5915e-03 -1.7781e-03 -1.9461e-03 1.3132e-02 -2.2422e-03 -2.3749e-03 -2.4995e-03 -2.6169e-03 -2.7280e-03 -2.8332e-03 -2.9332e-03 -3.0282e-03 -3.1186e-03 -3.2046e-03 -3.2863e-03 -3.3640e-03 -3.4377e-03 -3.5074e-03 -3.5732e-03 -3.6352e-03 -3.6933e-03 -3.7474e-03 -3.7976e-03 -3.8437e-03 -3.8858e-03 -3.9236e-03 -3.9570e-03 -3.9860e-03 -4.0104e-03 -4.0300e-03 -4.0447e-03 -4.0542e-03 -4.0584e-03 -4.0570e-03 -4.0499e-03 -4.0368e-03 -4.0175e-03 -3.9918e-03 -3.9593e-03 -3.9200e-03 -3.8734e-03 -3.8196e-03 -3.7581e-03 -3.6889e-03 -3.6118e-03 -3.5266e-03 -3.4332e-03 -3.3317e-03 -3.2221e-03 -3.1043e-03 -2.9787e-03 -2.8455e-03 -2.7050e-03 -2.5578e-03 -2.4044e-03 -2.2458e-03 -2.0828e-03 -1.9166e-03 -1.7483e-03 -1.5795e-03 -1.4117e-03 -1.2467e-03 -1.0863e-03 -9.3225e-04 -7.8655e-04 -6.5094e-04 -5.2704e-04 -4.1620e-04 -3.1942e-04 -2.3722e-04 -1.6962e-04 -1.1606e-04 -7.5436e-05 -4.6162e-05 -2.6306e-05 -1.3773e-05 -6.5146e-06 -2.7256e-06 -9.8187e-07 -2.9418e-07 -7.0069e-08 -1.2496e-08 -1.5396e-09 -1.1733e-10 -4.7374e-12 -8.1153e-14 -4.2479e-16 -4.1175e-19 -3.3372e-23 -6.0203e-29 -2.3376e-37 -2.3003e-50 -5.1929e-72 -5.4716e-112 -1.2968e-198 -0.0000e+00 -0.0000e+00 -7.9666e-04 -1.1264e-03 -1.3790e-03 -1.5914e-03 -1.7780e-03 -1.9459e-03 0.0000e+00 -2.2418e-03 -2.3744e-03 -2.4988e-03 -2.6160e-03 -2.7268e-03 -2.8318e-03 -2.9315e-03 -3.0262e-03 -3.1162e-03 -3.2018e-03 -3.2831e-03 -3.3603e-03 -3.4334e-03 -3.5026e-03 -3.5678e-03 -3.6291e-03 -3.6865e-03 -3.7399e-03 -3.7893e-03 -3.8346e-03 -3.8757e-03 -3.9126e-03 -3.9451e-03 -3.9731e-03 -3.9963e-03 -4.0148e-03 -4.0283e-03 -4.0366e-03 -4.0395e-03 -4.0368e-03 -4.0283e-03 -4.0138e-03 -3.9930e-03 -3.9658e-03 -3.9318e-03 -3.8910e-03 -3.8429e-03 -3.7875e-03 -3.7246e-03 -3.6539e-03 -3.5753e-03 -3.4887e-03 -3.3940e-03 -3.2912e-03 -3.1804e-03 -3.0617e-03 -2.9352e-03 -2.8013e-03 -2.6603e-03 -2.5128e-03 -2.3595e-03 -2.2011e-03 -2.0386e-03 -1.8732e-03 -1.7061e-03 -1.5389e-03 -1.3729e-03 -1.2101e-03 -1.0521e-03 -9.0090e-04 -7.5821e-04 -6.2578e-04 -5.0516e-04 -3.9762e-04 -3.0406e-04 -2.2492e-04 -1.6012e-04 -1.0902e-04 -7.0478e-05 -4.2866e-05 -2.4261e-05 -1.2604e-05 -5.9097e-06 -2.4480e-06 -8.7182e-07 -2.5779e-07 -6.0470e-08 -1.0594e-08 -1.2782e-09 -9.5025e-11 -3.7251e-12 -6.1583e-14 -3.0872e-16 -2.8380e-19 -2.1540e-23 -3.5793e-29 -1.2526e-37 -1.0792e-50 -2.0517e-72 -1.7261e-112 -3.0247e-199 -0.0000e+00 -0.0000e+00
-8.5059e-04 -1.2026e-03 -1.4724e-03 -1.6993e-03 -1.8985e-03 -2.0780e-03 -2.2422e-03 1.7193e-02 -2.5360e-03 -2.6691e-03 -2.7945e-03 -2.9132e-03 -3.0257e-03 -3.1326e-03 -3.2342e-03 -3.3309e-03 -3.4229e-03 -3.5104e-03 -3.5936e-03 -3.6725e-03 -3.7472e-03 -3.8178e-03 -3.8843e-03 -3.9466e-03 -4.0048e-03 -4.0588e-03 -4.1085e-03 -4.1538e-03 -4.1946e-03 -4.2308e-03 -4.2623e-03 -4.2889e-03 -4.3104e-03 -4.3266e-03 -4.3374e-03 -4.3425e-03 -4.3417e-03 -4.3348e-03 -4.3215e-03 -4.3016e-03 -4.2749e-03 -4.2410e-03 -4.1997e-03 -4.1508e-03 -4.0940e-03 -4.0292e-03 -3.9560e-03 -3.8744e-03 -3.7841e-03 -3.6852e-03 -3.5774e-03 -3.4609e-03 -3.3357e-03 -3.2020e-03 -3.0601e-03 -2.9103e-03 -2.7533e-03 -2.5896e-03 -2.4202e-03 -2.2459e-03 -2.0679e-03 -1.8877e-03 -1.7067e-03 -1.5267e-03 -1.3494e-03 -1.1769e-03 -1.0110e-03 -8.5399e-04 -7.0762e-04 -5.7370e-04 -4.5371e-04 -3.4877e-04 -2.5948e-04 -1.8590e-04 -1.2747e-04 -8.3053e-05 -5.0959e-05 -2.9127e-05 -1.5301e-05 -7.2649e-06 -3.0525e-06 -1.1050e-06 -3.3293e-07 -7.9804e-08 -1.4338e-08 -1.7817e-09 -1.3714e-10 -5.6029e-12 -9.7327e-14 -5.1801e-16 -5.1230e-19 -4.2551e-23 -7.9128e-29 -3.1924e-37 -3.3022e-50 -7.9791e-72 -9.2904e-112 -2.5972e-198 -0.0000e+00 -0.0000e+00 -8.5059e-04 -1.2026e-03 -1.4723e-03 -1.6992e-03 -1.8983e-03 -2.0777e-03 -2.2418e-03 0.0000e+00 -2.5352e-03 -2.6681e-03 -2.7932e-03 -2.9116e-03 -3.0237e-03 -3.1302e-03 -3.2314e-03 -3.3276e-03 -3.4190e-03 -3.5059e-03 -3.5884e-03 -3.6665e-03 -3.7405e-03 -3.8102e-03 -3.8758e-03 -3.9372e-03 -3.9943e-03 -4.0472e-03 -4.0957e-03 -4.1398e-03 -4.1793e-03 -4.2141e-03 -4.2442e-03 -4.2692e-03 -4.2891e-03 -4.3037e-03 -4.3127e-03 -4.3160e-03 -4.3134e-03 -4.3045e-03 -4.2893e-03 -4.2674e-03 -4.2385e-03 -4.2025e-03 -4.1592e-03 -4.1081e-03 -4.0492e-03 -3.9822e-03 -3.9070e-03 -3.8233e-03 -3.7311e-03 -3.6302e-03 -3.5207e-03 -3.4026e-03 -3.2760e-03 -3.1411e-03 -2.9982e-03 -2.8477e-03 -2.6903e-03 -2.5266e-03 -2.3575e-03 -2.1839e-03 -2.0072e-03 -1.8286e-03 -1.6498e-03 -1.4723e-03 -1.2981e-03 -1.1290e-03 -9.6708e-04 -8.1422e-04 -6.7230e-04 -5.4298e-04 -4.2761e-04 -3.2719e-04 -2.4218e-04 -1.7253e-04 -1.1757e-04 -7.6070e-05 -4.6314e-05 -2.6242e-05 -1.3651e-05 -6.4102e-06 -2.6598e-06 -9.4913e-07 -2.8130e-07 -6.6162e-08 -1.1628e-08 -1.4084e-09 -1.0519e-10 -4.1469e-12 -6.9038e-14 -3.4917e-16 -3.2466e-19 -2.5011e-23 -4.2399e-29 -1.5253e-37 -1.3671e-50 -2.7572e-72 -2.5474e-112 -5.2517e-199 -0.0000e+00 -0.0000e+00
-9.0088e-04 -1.2738e-03 -1.5595e-03 -1.7998e-03 -2.0108e-03 -2.2010e-03 -2.3749e-03 -2.5360e-03 2.1819e-02 -2.8273e-03 -2.9603e-03 -3.0861e-03 -3.2055e-03 -3.3188e-03 -3.4267e-03 -3.5293e-03 -3.6270e-03 -3.7199e-03 -3.8083e-03 -3.8921e-03 -3.9716e-03 -4.0467e-03 -4.1175e-03 -4.1840e-03 -4.2461e-03 -4.3037e-03 -4.3568e-03 -4.4054e-03 -4.4492e-03 -4.4881e-03 -4.5221e-03 -4.5509e-03 -4.5744e-03 -4.5923e-03 -4.6044e-03 -4.6106e-03 -4.6106e-03 -4.6041e-03 -4.5909e-03 -4.5707e-03 -4.5432e-03 -4.5082e-03 -4.4654e-03 -4.4145e-03 -4.3553e-03 -4.2875e-03 -4.2110e-03 -4.1254e-03 -4.0306e-03 -3.9266e-03 -3.8132e-03 -3.6905e-03 -3.5586e-03 -3.4175e-03 -3.2676e-03 -3.1093e-03 -2.9432e-03 -2.7699e-03 -2.5903e-03 -2.4054e-03 -2.2164e-03 -2.0248e-03 -1.8323e-03 -1.6405e-03 -1.4514e-03 -1.2672e-03 -1.0899e-03 -9.2173e-04 -7.6479e-04 -6.2097e-04 -4.9190e-04 -3.7880e-04 -2.8237e-04 -2.0273e-04 -1.3935e-04 -9.1030e-05 -5.6018e-05 -3.2123e-05 -1.6937e-05 -8.0745e-06 -3.4084e-06 -1.2403e-06 -3.7591e-07 -9.0722e-08 -1.6427e-08 -2.0596e-09 -1.6019e-10 -6.6243e-12 -1.1672e-13 -6.3178e-16 -6.3753e-19 -5.4259e-23 -1.0397e-28 -4.3558e-37 -4.7323e-50 -1.2231e-71 -1.5733e-111 -5.1919e-198 -0.0000e+00 -0.0000e+00 -9.0088e-04 -1.2737e-03 -1.5594e-03 -1.7996e-03 -2.0106e-03 -2.2006e-03 -2.3744e-03 -2.5352e-03 0.0000e+00 -2.8259e-03 -2.9586e-03 -3.0840e-03 -3.2028e-03 -3.3156e-03 -3.4228e-03 -3.5248e-03 -3.6217e-03 -3.7138e-03 -3.8013e-03 -3.8842e-03 -3.9626e-03 -4.0366e-03 -4.1062e-03 -4.1713e-03 -4.2320e-03 -4.2881e-03 -4.3397e-03 -4.3865e-03 -4.4286e-03 -4.4657e-03 -4.4977e-03 -4.5244e-03 -4.5457e-03 -4.5614e-03 -4.5712e-03 -4.5750e-03 -4.5724e-03 -4.5634e-03 -4.5475e-03 -4.5246e-03 -4.4943e-03 -4.4565e-03 -4.4108e-03 -4.3571e-03 -4.2950e-03 -4.2244e-03 -4.1450e-03 -4.0567e-03 -3.9593e-03 -3.8527e-03 -3.7370e-03 -3.6121e-03 -3.4782e-03 -3.3355e-03 -3.1843e-03 -3.0250e-03 -2.8584e-03 -2.6850e-03 -2.5058e-03 -2.3219e-03 -2.1345e-03 -1.9452e-03 -1.7554e-03 -1.5671e-03 -1.3821e-03 -1.2026e-03 -1.0305e-03 -8.6804e-04 -7.1710e-04 -5.7947e-04 -4.5663e-04 -3.4962e-04 -2.5897e-04 -1.8464e-04 -1.2594e-04 -8.1567e-05 -4.9717e-05 -2.8207e-05 -1.4695e-05 -6.9117e-06 -2.8734e-06 -1.0276e-06 -3.0535e-07 -7.2036e-08 -1.2706e-08 -1.5455e-09 -1.1602e-10 -4.6030e-12 -7.7229e-14 -3.9443e-16 -3.7133e-19 -2.9074e-23 -5.0363e-29 -1.8661e-37 -1.7439e-50 -3.7404e-72 -3.8052e-112 -9.2532e-199 -0.0000e+00 -0.0000e+00
-9.4806e-04 -1.3405e-03 -1.6411e-03 -1.8941e-03 -2.1162e-03 -2.3163e-03 -2.4995e-03 -2.6691e-03 -2.8273e-03 2.7019e-02 -3.1160e-03 -3.2486e-03 -3.3743e-03 -3.4938e-03 -3.6075e-03 -3.7158e-03 -3.8189e-03 -3.9170e-03 -4.0103e-03 -4.0989e-03 -4.1830e-03 -4.2625e-03 -4.3374e-03 -4.4078e-03 -4.4737e-03 -4.5349e-03 -4.5914e-03 -4.6431e-03 -4.6899e-03 -4.7316e-03 -4.7681e-03 -4.7992e-03 -4.8247e-03 -4.8444e-03 -4.8581e-03 -4.8655e-03 -4.8664e-03 -4.8605e-03 -4.8476e-03 -4.8274e-03 -4.7995e-03 -4.7638e-03 -4.7198e-03 -4.6674e-03 -4.6062e-03 -4.5359e-03 -4.4564e-03 -4.3674e-03 -4.2687e-03 -4.1602e-03 -4.0418e-03 -3.9135e-03 -3.7753e-03 -3.6275e-03 -3.4703e-03 -3.3041e-03 -3.1295e-03 -2.9472e-03 -2.7580e-03 -2.5630e-03 -2.3636e-03 -2.1612e-03 -1.9575e-03 -1.7543e-03 -1.5538e-03 -1.3582e-03 -1.1697e-03 -9.9056e-04 -8.2313e-04 -6.6943e-04 -5.3123e-04 -4.0988e-04 -3.0619e-04 -2.2035e-04 -1.5185e-04 -9.9479e-05 -6.1410e-05 -3.5338e-05 -1.8705e-05 -8.9565e-06 -3.7993e-06 -1.3902e-06 -4.2397e-07 -1.0304e-07 -1.8809e-08 -2.3801e-09 -1.8710e-10 -7.8330e-12 -1.4001e-13 -7.7076e-16 -7.9351e-19 -6.9182e-23 -1.3654e-28 -5.9373e-37 -6.7716e-50 -1.8715e-71 -2.6604e-111 -1.0375e-197 -0.0000e+00 -0.0000e+00 -9.4805e-04 -1.3404e-03 -1.6410e-03 -1.8939e-03 -2.1159e-03 -2.3158e-03 -2.4988e-03 -2.6681e-03 -2.8259e-03 0.0000e+00 -3.1137e-03 -3.2457e-03 -3.3708e-03 -3.4896e-03 -3.6025e-03 -3.7099e-03 -3.8120e-03 -3.9090e-03 -4.0012e-03 -4.0885e-03 -4.1712e-03 -4.2492e-03 -4.3226e-03 -4.3913e-03 -4.4553e-03 -4.5146e-03 -4.5691e-03 -4.6186e-03 -4.6630e-03 -4.7023e-03 -4.7362e-03 -4.7646e-03 -4.7873e-03 -4.8041e-03 -4.8147e-03 -4.8190e-03 -4.8166e-03 -4.8074e-03 -4.7910e-03 -4.7672e-03 -4.7358e-03 -4.6963e-03 -4.6486e-03 -4.5924e-03 -4.5275e-03 -4.4535e-03 -4.3703e-03 -4.2777e-03 -4.1755e-03 -4.0637e-03 -3.9422e-03 -3.8111e-03 -3.6704e-03 -3.5204e-03 -3.3615e-03 -3.1940e-03 -3.0187e-03 -2.8362e-03 -2.6476e-03 -2.4540e-03 -2.2566e-03 -2.0570e-03 -1.8570e-03 -1.6584e-03 -1.4632e-03 -1.2737e-03 -1.0920e-03 -9.2025e-04 -7.6064e-04 -6.1503e-04 -4.8497e-04 -3.7160e-04 -2.7548e-04 -1.9659e-04 -1.3422e-04 -8.7031e-05 -5.3115e-05 -3.0178e-05 -1.5747e-05 -7.4205e-06 -3.0915e-06 -1.1083e-06 -3.3027e-07 -7.8177e-08 -1.3844e-08 -1.6918e-09 -1.2773e-10 -5.1021e-12 -8.6332e-14 -4.4561e-16 -4.2519e-19 -3.3874e-23 -6.0040e-29 -2.2949e-37 -2.2401e-50 -5.1197e-72 -5.7459e-112 -1.6514e-198 -0.0000e+00 -0.0000e+00
-9.9250e-04 -1.4033e-03 -1.7181e-03 -1.9829e-03 -2.2155e-03 -2.4251e-03 -2.6169e-03 -2.7945e-03 -2.9603e-03 -3.1160e-03 3.2802e-02 -3.4018e-03 -3.5337e-03 -3.6590e-03 -3.7783e-03 -3.8919e-03 -4.0002e-03 -4.1033e-03 -4.2013e-03 -4.2946e-03 -4.3830e-03 -4.4667e-03 -4.5457e-03 -4.6200e-03 -4.6896e-03 -4.7543e-03 -4.8142e-03 -4.8690e-03 -4.9188e-03 -4.9633e-03 -5.0023e-03 -5.0358e-03 -5.0634e-03 -5.0850e-03 -5.1004e-03 -5.1092e-03 -5.1113e-03 -5.1063e-03 -5.0939e-03 -5.0740e-03 -5.0460e-03 -5.0099e-03 -4.9651e-03 -4.9115e-03 -4.8487e-03 -4.7764e-03 -4.6944e-03 -4.6024e-03 -4.5003e-03 -4.3878e-03 -4.2650e-03 -4.1316e-03 -3.9879e-03 -3.8339e-03 -3.6699e-03 -3.4964e-03 -3.3139e-03 -3.1230e-03 -2.9248e-03 -2.7203e-03 -2.5109e-03 -2.2980e-03 -2.0835e-03 -1.8694e-03 -1.6577e-03 -1.4508e-03 -1.2511e-03 -1.0612e-03 -8.8322e-04 -7.1957e-04 -5.7211e-04 -4.4234e-04 -3.3120e-04 -2.3895e-04 -1.6512e-04 -1.0850e-04 -6.7203e-05 -3.8816e-05 -2.0630e-05 -9.9236e-06 -4.2311e-06 -1.5571e-06 -4.7795e-07 -1.1701e-07 -2.1536e-08 -2.7509e-09 -2.1859e-10 -9.2653e-12 -1.6801e-13 -9.4053e-16 -9.8771e-19 -8.8193e-23 -1.7922e-28 -8.0858e-37 -9.6791e-50 -2.8606e-71 -4.4961e-111 -2.0746e-197 -0.0000e+00 -0.0000e+00 -9.9249e-04 -1.4033e-03 -1.7180e-03 -1.9827e-03 -2.2151e-03 -2.4245e-03 -2.6160e-03 -2.7932e-03 -2.9586e-03 -3.1137e-03 0.0000e+00 -3.3982e-03 -3.5292e-03 -3.6537e-03 -3.7720e-03 -3.8845e-03 -3.9915e-03 -4.0932e-03 -4.1898e-03 -4.2814e-03 -4.3681e-03 -4.4499e-03 -4.5269e-03 -4.5990e-03 -4.6662e-03 -4.7285e-03 -4.7857e-03 -4.8378e-03 -4.8846e-03 -4.9260e-03 -4.9618e-03 -4.9919e-03 -5.0159e-03 -5.0338e-03 -5.0453e-03 -5.0501e-03 -5.0480e-03 -5.0387e-03 -5.0220e-03 -4.9975e-03 -4.9649e-03 -4.9240e-03 -4.8745e-03 -4.8161e-03 -4.7485e-03 -4.6715e-03 -4.5848e-03 -4.4883e-03 -4.3817e-03 -4.2650e-03 -4.1382e-03 -4.0012e-03 -3.8542e-03 -3.6975e-03 -3.5313e-03 -3.3561e-03 -3.1726e-03 -2.9816e-03 -2.7841e-03 -2.5812e-03 -2.3744e-03 -2.1651e-03 -1.9553e-03 -1.7469e-03 -1.5420e-03 -1.3429e-03 -1.1519e-03 -9.7129e-04 -8.0333e-04 -6.4998e-04 -5.1291e-04 -3.9332e-04 -2.9185e-04 -2.0848e-04 -1.4250e-04 -9.2513e-05 -5.6540e-05 -3.2174e-05 -1.6819e-05 -7.9418e-06 -3.3164e-06 -1.1922e-06 -3.5636e-07 -8.4662e-08 -1.5057e-08 -1.8494e-09 -1.4048e-10 -5.6536e-12 -9.6538e-14 -5.0397e-16 -4.8779e-19 -3.9583e-23 -7.1870e-29 -2.8376e-37 -2.8972e-50 -7.0658e-72 -8.7618e-112 -2.9810e-198 -0.0000e+00 -0.0000e+00
-1.0345e-03 -1.4627e-03 -1.7908e-03 -2.0669e-03 -2.3094e-03 -2.5279e-03 -2.7280e-03 -2.9132e-03 -3.0861e-03 -3.2486e-03 -3.4018e-03 3.9181e-02 -3.6846e-03 -3.8155e-03 -3.9402e-03 -4.0589e-03 -4.1721e-03 -4.2800e-03 -4.3827e-03 -4.4803e-03 -4.5731e-03 -4.6609e-03 -4.7439e-03 -4.8220e-03 -4.8952e-03 -4.9634e-03 -5.0266e-03 -5.0846e-03 -5.1374e-03 -5.1847e-03 -5.2264e-03 -5.2623e-03 -5.2922e-03 -5.3159e-03 -5.3330e-03 -5.3435e-03 -5.3469e-03 -5.3430e-03 -5.3315e-03 -5.3121e-03 -5.2844e-03 -5.2481e-03 -5.2029e-03 -5.1485e-03 -5.0845e-03 -5.0107e-03 -4.9266e-03 -4.8322e-03 -4.7271e-03 -4.6112e-03 -4.4843e-03 -4.3465e-03 -4.1977e-03 -4.0381e-03 -3.8679e-03 -3.6876e-03 -3.4976e-03 -3.2988e-03 -3.0920e-03 -2.8784e-03 -2.6594e-03 -2.4364e-03 -2.2114e-03 -1.9865e-03 -1.7638e-03 -1.5458e-03 -1.3350e-03 -1.1341e-03 -9.4559e-04 -7.7183e-04 -6.1492e-04 -4.7650e-04 -3.5764e-04 -2.5871e-04 -1.7929e-04 -1.1819e-04 -7.3464e-05 -4.2596e-05 -2.2737e-05 -1.0989e-05 -4.7103e-06 -1.7437e-06 -5.3878e-07 -1.3289e-07 -2.4663e-08 -3.1805e-09 -2.5546e-10 -1.0963e-11 -2.0166e-13 -1.1479e-15 -1.2295e-18 -1.1240e-22 -2.3514e-28 -1.1005e-36 -1.3826e-49 -4.3708e-71 -7.6009e-111 -4.1552e-197 -0.0000e+00 -0.0000e+00 -1.0345e-03 -1.4627e-03 -1.7907e-03 -2.0666e-03 -2.3089e-03 -2.5271e-03 -2.7268e-03 -2.9116e-03 -3.0840e-03 -3.2457e-03 -3.3982e-03 0.0000e+00 -3.6791e-03 -3.8089e-03 -3.9323e-03 -4.0496e-03 -4.1613e-03 -4.2674e-03 -4.3683e-03 -4.4639e-03 -4.5544e-03 -4.6399e-03 -4.7204e-03 -4.7958e-03 -4.8661e-03 -4.9312e-03 -4.9912e-03 -5.0457e-03 -5.0948e-03 -5.1383e-03 -5.1759e-03 -5.2076e-03 -5.2330e-03 -5.2521e-03 -5.2644e-03 -5.2698e-03 -5.2681e-03 -5.2588e-03 -5.2418e-03 -5.2167e-03 -5.1833e-03 -5.1411e-03 -5.0900e-03 -5.0296e-03 -4.9597e-03 -4.8799e-03 -4.7900e-03 -4.6898e-03 -4.5792e-03 -4.4580e-03 -4.3262e-03 -4.1838e-03 -4.0309e-03 -3.8678e-03 -3.6948e-03 -3.5124e-03 -3.3212e-03 -3.1222e-03 -2.9162e-03 -2.7046e-03 -2.4887e-03 -2.2703e-03 -2.0511e-03 -1.8333e-03 -1.6190e-03 -1.4107e-03 -1.2107e-03 -1.0215e-03 -8.4545e-04 -6.8457e-04 -5.4064e-04 -4.1496e-04 -3.0821e-04 -2.2041e-04 -1.5084e-04 -9.8059e-05 -6.0021e-05 -3.4214e-05 -1.7920e-05 -8.4806e-06 -3.5504e-06 -1.2800e-06 -3.8392e-07 -9.1568e-08 -1.6360e-08 -2.0206e-09 -1.5450e-10 -6.2672e-12 -1.0806e-13 -5.7092e-16 -5.6099e-19 -4.6407e-23 -8.6403e-29 -3.5276e-37 -3.7715e-50 -9.8273e-72 -1.3481e-111 -5.4375e-198 -0.0000e+00 -0.0000e+00
-1.0743e-03 -1.5190e-03 -1.8598e-03 -2.1465e-03 -2.3984e-03 -2.6254e-03 -2.8332e-03 -3.0257e-03 -3.2055e-03 -3.3743e-03 -3.5337e-03 -3.6846e-03 4.6168e-02 -3.9641e-03 -4.0939e-03 -4.2177e-03 -4.3357e-03 -4.4481e-03 -4.5553e-03 -4.6573e-03 -4.7542e-03 -4.8460e-03 -4.9329e-03 -5.0148e-03 -5.0916e-03 -5.1633e-03 -5.2298e-03 -5.2911e-03 -5.3469e-03 -5.3971e-03 -5.4415e-03 -5.4800e-03 -5.5123e-03 -5.5381e-03 -5.5573e-03 -5.5696e-03 -5.5746e-03 -5.5721e-03 -5.5617e-03 -5.5431e-03 -5.5159e-03 -5.4799e-03 -5.4347e-03 -5.3798e-03 -5.3151e-03 -5.2400e-03 -5.1544e-03 -5.0580e-03 -4.9504e-03 -4.8316e-03 -4.7013e-03 -4.5594e-03 -4.4061e-03 -4.2413e-03 -4.0654e-03 -3.8788e-03 -3.6819e-03 -3.4755e-03 -3.2606e-03 -3.0383e-03 -2.8100e-03 -2.5772e-03 -2.3420e-03 -2.1065e-03 -1.8729e-03 -1.6438e-03 -1.4219e-03 -1.2100e-03 -1.0107e-03 -8.2662e-04 -6.6000e-04 -5.1263e-04 -3.8574e-04 -2.7982e-04 -1.9451e-04 -1.2865e-04 -8.0259e-05 -4.6724e-05 -2.5051e-05 -1.2167e-05 -5.2436e-06 -1.9529e-06 -6.0747e-07 -1.5096e-07 -2.8255e-08 -3.6786e-09 -2.9869e-10 -1.2978e-11 -2.4213e-13 -1.4013e-15 -1.5304e-18 -1.4323e-22 -3.0840e-28 -1.4972e-36 -1.9745e-49 -6.6795e-71 -1.2862e-110 -8.3417e-197 -0.0000e+00 -0.0000e+00 -1.0743e-03 -1.5189e-03 -1.8596e-03 -2.1461e-03 -2.3978e-03 -2.6244e-03 -2.8318e-03 -3.0237e-03 -3.2028e-03 -3.3708e-03 -3.5292e-03 -3.6791e-03 0.0000e+00 -3.9560e-03 -4.0843e-03 -4.2063e-03 -4.3224e-03 -4.4328e-03 -4.5376e-03 -4.6371e-03 -4.7314e-03 -4.8204e-03 -4.9041e-03 -4.9827e-03 -5.0560e-03 -5.1239e-03 -5.1865e-03 -5.2434e-03 -5.2948e-03 -5.3402e-03 -5.3797e-03 -5.4130e-03 -5.4398e-03 -5.4600e-03 -5.4733e-03 -5.4794e-03 -5.4780e-03 -5.4689e-03 -5.4518e-03 -5.4262e-03 -5.3920e-03 -5.3488e-03 -5.2963e-03 -5.2341e-03 -5.1620e-03 -5.0797e-03 -4.9869e-03 -4.8834e-03 -4.7691e-03 -4.6437e-03 -4.5073e-03 -4.3598e-03 -4.2014e-03 -4.0324e-03 -3.8530e-03 -3.6638e-03 -3.4654e-03 -3.2587e-03 -3.0447e-03 -2.8248e-03 -2.6003e-03 -2.3730e-03 -2.1449e-03 -1.9180e-03 -1.6947e-03 -1.4775e-03 -1.2688e-03 -1.0713e-03 -8.8729e-04 -7.1902e-04 -5.6835e-04 -4.3665e-04 -3.2467e-04 -2.3245e-04 -1.5929e-04 -1.0371e-04 -6.3584e-05 -3.6313e-05 -1.9060e-05 -9.0413e-06 -3.7955e-06 -1.3727e-06 -4.1321e-07 -9.8972e-08 -1.7771e-08 -2.2077e-09 -1.6999e-10 -6.9538e-12 -1.2113e-13 -6.4810e-16 -6.4695e-19 -5.4601e-23 -1.0433e-28 -4.4085e-37 -4.9404e-50 -1.3767e-71 -2.0916e-111 -1.0015e-197 -0.0000e+00 -0.0000e+00
-1.1121e-03 -1.5724e-03 -1.9252e-03 -2.2220e-03 -2.4829e-03 -2.7179e-03 -2.9332e-03 -3.1326e-03 -3.3188e-03 -3.4938e-03 -3.6590e-03 -3.8155e-03 -3.9641e-03 5.3777e-02 -4.2403e-03 -4.3689e-03 -4.4915e-03 -4.6084e-03 -4.7200e-03 -4.8261e-03 -4.9271e-03 -5.0230e-03 -5.1137e-03 -5.1993e-03 -5.2797e-03 -5.3549e-03 -5.4248e-03 -5.4893e-03 -5.5482e-03 -5.6014e-03 -5.6487e-03 -5.6898e-03 -5.7247e-03 -5.7529e-03 -5.7743e-03 -5.7886e-03 -5.7954e-03 -5.7945e-03 -5.7855e-03 -5.7680e-03 -5.7418e-03 -5.7063e-03 -5.6614e-03 -5.6065e-03 -5.5414e-03 -5.4657e-03 -5.3789e-03 -5.2809e-03 -5.1714e-03 -5.0501e-03 -4.9168e-03 -4.7714e-03 -4.6140e-03 -4.4447e-03 -4.2635e-03 -4.0710e-03 -3.8677e-03 -3.6542e-03 -3.4316e-03 -3.2009e-03 -2.9636e-03 -2.7214e-03 -2.4761e-03 -2.2300e-03 -1.9856e-03 -1.7454e-03 -1.5124e-03 -1.2893e-03 -1.0790e-03 -8.8436e-04 -7.0770e-04 -5.5104e-04 -4.1575e-04 -3.0246e-04 -2.1092e-04 -1.3999e-04 -8.7659e-05 -5.1244e-05 -2.7599e-05 -1.3472e-05 -5.8382e-06 -2.1876e-06 -6.8515e-07 -1.7156e-07 -3.2384e-08 -4.2565e-09 -3.4936e-10 -1.5367e-11 -2.9079e-13 -1.7107e-15 -1.9050e-18 -1.8250e-22 -4.0445e-28 -2.0369e-36 -2.8204e-49 -1.0215e-70 -2.1801e-110 -1.6797e-196 -0.0000e+00 -0.0000e+00 -1.1121e-03 -1.5723e-03 -1.9250e-03 -2.2216e-03 -2.4821e-03 -2.7168e-03 -2.9315e-03 -3.1302e-03 -3.3156e-03 -3.4896e-03 -3.6537e-03 -3.8089e-03 -3.9560e-03 0.0000e+00 -4.2287e-03 -4.3551e-03 -4.4754e-03 -4.5899e-03 -4.6987e-03 -4.8019e-03 -4.8996e-03 -4.9920e-03 -5.0790e-03 -5.1606e-03 -5.2367e-03 -5.3074e-03 -5.3725e-03 -5.4318e-03 -5.4853e-03 -5.5328e-03 -5.5741e-03 -5.6090e-03 -5.6372e-03 -5.6586e-03 -5.6729e-03 -5.6797e-03 -5.6789e-03 -5.6700e-03 -5.6528e-03 -5.6270e-03 -5.5922e-03 -5.5481e-03 -5.4943e-03 -5.4306e-03 -5.3566e-03 -5.2720e-03 -5.1765e-03 -5.0700e-03 -4.9522e-03 -4.8230e-03 -4.6823e-03 -4.5301e-03 -4.3666e-03 -4.1920e-03 -4.0066e-03 -3.8109e-03 -3.6057e-03 -3.3918e-03 -3.1702e-03 -2.9423e-03 -2.7097e-03 -2.4739e-03 -2.2372e-03 -2.0016e-03 -1.7696e-03 -1.5437e-03 -1.3266e-03 -1.1208e-03 -9.2905e-04 -7.5352e-04 -5.9619e-04 -4.5852e-04 -3.4132e-04 -2.4469e-04 -1.6791e-04 -1.0950e-04 -6.7253e-05 -3.8485e-05 -2.0246e-05 -9.6286e-06 -4.0539e-06 -1.4711e-06 -4.4455e-07 -1.0696e-07 -1.9306e-08 -2.4134e-09 -1.8720e-10 -7.7257e-12 -1.3603e-13 -7.3746e-16 -7.4830e-19 -6.4476e-23 -1.2653e-28 -5.5378e-37 -6.5101e-50 -1.9419e-71 -3.2706e-111 -1.8619e-197 -0.0000e+00 -0.0000e+00
-1.1479e-03 -1.6232e-03 -1.9873e-03 -2.2938e-03 -2.5631e-03 -2.8059e-03 -3.0282e-03 -3.2342e-03 -3.4267e-03 -3.6075e-03 -3.7783e-03 -3.9402e-03 -4.0939e-03 -4.2403e-03 6.2024e-02 -4.5131e-03 -4.6402e-03 -4.7615e-03 -4.8773e-03 -4.9876e-03 -5.0926e-03 -5.1924e-03 -5.2869e-03 -5.3762e-03 -5.4603e-03 -5.5390e-03 -5.6123e-03 -5.6801e-03 -5.7422e-03 -5.7984e-03 -5.8487e-03 -5.8927e-03 -5.9302e-03 -5.9610e-03 -5.9848e-03 -6.0013e-03 -6.0102e-03 -6.0112e-03 -6.0038e-03 -5.9878e-03 -5.9628e-03 -5.9283e-03 -5.8840e-03 -5.8296e-03 -5.7645e-03 -5.6884e-03 -5.6010e-03 -5.5020e-03 -5.3909e-03 -5.2676e-03 -5.1318e-03 -4.9835e-03 -4.8225e-03 -4.6490e-03 -4.4632e-03 -4.2653e-03 -4.0559e-03 -3.8358e-03 -3.6058e-03 -3.3670e-03 -3.1211e-03 -2.8695e-03 -2.6144e-03 -2.3579e-03 -2.1027e-03 -1.8514e-03 -1.6070e-03 -1.3725e-03 -1.1510e-03 -9.4543e-04 -7.5836e-04 -5.9200e-04 -4.4789e-04 -3.2682e-04 -2.2865e-04 -1.5230e-04 -9.5738e-05 -5.6204e-05 -3.0411e-05 -1.4921e-05 -6.5022e-06 -2.4516e-06 -7.7308e-07 -1.9506e-07 -3.7133e-08 -4.9274e-09 -4.0879e-10 -1.8202e-11 -3.4932e-13 -2.0890e-15 -2.3716e-18 -2.3257e-22 -5.3050e-28 -2.7721e-36 -4.0315e-49 -1.5642e-70 -3.7030e-110 -3.3942e-196 -0.0000e+00 -0.0000e+00 -1.1479e-03 -1.6231e-03 -1.9871e-03 -2.2933e-03 -2.5623e-03 -2.8045e-03 -3.0262e-03 -3.2314e-03 -3.4228e-03 -3.6025e-03 -3.7720e-03 -3.9323e-03 -4.0843e-03 -4.2287e-03 0.0000e+00 -4.4967e-03 -4.6211e-03 -4.7394e-03 -4.8519e-03 -4.9587e-03 -5.0599e-03 -5.1555e-03 -5.2456e-03 -5.3301e-03 -5.4091e-03 -5.4824e-03 -5.5499e-03 -5.6116e-03 -5.6673e-03 -5.7167e-03 -5.7598e-03 -5.7963e-03 -5.8260e-03 -5.8486e-03 -5.8639e-03 -5.8716e-03 -5.8713e-03 -5.8628e-03 -5.8457e-03 -5.8197e-03 -5.7844e-03 -5.7396e-03 -5.6848e-03 -5.6197e-03 -5.5440e-03 -5.4574e-03 -5.3596e-03 -5.2503e-03 -5.1294e-03 -4.9966e-03 -4.8519e-03 -4.6954e-03 -4.5271e-03 -4.3473e-03 -4.1562e-03 -3.9545e-03 -3.7428e-03 -3.5220e-03 -3.2932e-03 -3.0578e-03 -2.8172e-03 -2.5734e-03 -2.3283e-03 -2.0843e-03 -1.8438e-03 -1.6095e-03 -1.3841e-03 -1.1704e-03 -9.7095e-04 -7.8824e-04 -6.2430e-04 -4.8067e-04 -3.5826e-04 -2.5719e-04 -1.7676e-04 -1.1546e-04 -7.1052e-05 -4.0746e-05 -2.1487e-05 -1.0247e-05 -4.3276e-06 -1.5760e-06 -4.7822e-07 -1.1561e-07 -2.0984e-08 -2.6403e-09 -2.0639e-10 -8.5970e-12 -1.5307e-13 -8.4127e-16 -8.6821e-19 -7.6417e-23 -1.5411e-28 -6.9912e-37 -8.6278e-50 -2.7569e-71 -5.1528e-111 -3.4923e-197 -0.0000e+00 -0.0000e+00
-1.1820e-03 -1.6714e-03 -2.0464e-03 -2.3620e-03 -2.6395e-03 -2.8895e-03 -3.1186e-03 -3.3309e-03 -3.5293e-03 -3.7158e-03 -3.8919e-03 -4.0589e-03 -4.2177e-03 -4.3689e-03 -4.5131e-03 7.0924e-02 -4.7823e-03 -4.9079e-03 -5.0278e-03 -5.1422e-03 -5.2511e-03 -5.3548e-03 -5.4531e-03 -5.5461e-03 -5.6338e-03 -5.7161e-03 -5.7928e-03 -5.8640e-03 -5.9294e-03 -5.9888e-03 -6.0422e-03 -6.0891e-03 -6.1295e-03 -6.1631e-03 -6.1895e-03 -6.2085e-03 -6.2197e-03 -6.2228e-03 -6.2175e-03 -6.2032e-03 -6.1798e-03 -6.1466e-03 -6.1034e-03 -6.0497e-03 -5.9851e-03 -5.9092e-03 -5.8216e-03 -5.7219e-03 -5.6098e-03 -5.4850e-03 -5.3473e-03 -5.1965e-03 -5.0324e-03 -4.8553e-03 -4.6652e-03 -4.4624e-03 -4.2474e-03 -4.0209e-03 -3.7839e-03 -3.5375e-03 -3.2831e-03 -3.0224e-03 -2.7576e-03 -2.4908e-03 -2.2247e-03 -1.9622e-03 -1.7063e-03 -1.4602e-03 -1.2271e-03 -1.0102e-03 -8.1234e-04 -6.3581e-04 -4.8242e-04 -3.5310e-04 -2.4787e-04 -1.6570e-04 -1.0458e-04 -6.1657e-05 -3.3519e-05 -1.6530e-05 -7.2445e-06 -2.7485e-06 -8.7269e-07 -2.2187e-07 -4.2598e-08 -5.7065e-09 -4.7853e-10 -2.1569e-11 -4.1976e-13 -2.5515e-15 -2.9532e-18 -2.9645e-22 -6.9610e-28 -3.7750e-36 -5.7685e-49 -2.3992e-70 -6.3061e-110 -6.8873e-196 -0.0000e+00 -0.0000e+00 -1.1820e-03 -1.6713e-03 -2.0461e-03 -2.3615e-03 -2.6384e-03 -2.8879e-03 -3.1162e-03 -3.3276e-03 -3.5248e-03 -3.7099e-03 -3.8845e-03 -4.0496e-03 -4.2063e-03 -4.3551e-03 -4.4967e-03 0.0000e+00 -4.7597e-03 -4.8818e-03 -4.9979e-03 -5.1081e-03 -5.2126e-03 -5.3113e-03 -5.4044e-03 -5.4918e-03 -5.5735e-03 -5.6494e-03 -5.7194e-03 -5.7833e-03 -5.8411e-03 -5.8926e-03 -5.9375e-03 -5.9756e-03 -6.0068e-03 -6.0307e-03 -6.0470e-03 -6.0555e-03 -6.0559e-03 -6.0479e-03 -6.0310e-03 -6.0050e-03 -5.9694e-03 -5.9240e-03 -5.8684e-03 -5.8021e-03 -5.7250e-03 -5.6366e-03 -5.5366e-03 -5.4249e-03 -5.3011e-03 -5.1651e-03 -5.0168e-03 -4.8562e-03 -4.6835e-03 -4.4987e-03 -4.3024e-03 -4.0950e-03 -3.8772e-03 -3.6499e-03 -3.4142e-03 -3.1715e-03 -2.9234e-03 -2.6718e-03 -2.4187e-03 -2.1665e-03 -1.9178e-03 -1.6753e-03 -1.4418e-03 -1.2202e-03 -1.0132e-03 -8.2333e-04 -6.5281e-04 -5.0323e-04 -3.7557e-04 -2.7001e-04 -1.8588e-04 -1.2164e-04 -7.5003e-05 -4.3110e-05 -2.2792e-05 -1.0901e-05 -4.6190e-06 -1.6885e-06 -5.1457e-07 -1.2502e-07 -2.2825e-08 -2.8916e-09 -2.2787e-10 -9.5836e-12 -1.7263e-13 -9.6226e-16 -1.0105e-18 -9.0904e-23 -1.8850e-28 -8.8689e-37 -1.1498e-49 -3.9388e-71 -8.1775e-111 -6.6081e-197 -0.0000e+00 -0.0000e+00
