3.2173e-08 -2.0709e-07 -3.8083e-07 -5.8702e-07 -8.2128e-07 -1.0803e-06 -1.3612e-06 -1.6606e-06 -1.9750e-06 -2.2995e-06 -2.6287e-06 -2.9553e-06 -3.2710e-06 -3.5658e-06 -3.8284e-06 -4.0466e-06 -4.2075e-06 -4.2989e-06 -4.3100e-06 -4.2331e-06 -4.0645e-06 -3.8063e-06 -3.4671e-06 -3.0623e-06 -2.6136e-06 -2.1469e-06 -1.6898e-06 -1.2680e-06 -9.0208e-07 -6.0457e-07 -3.7900e-07 -2.2049e-07 -1.1797e-07 -5.7476e-08 -2.5211e-08 -9.8304e-09 -3.3591e-09 -9.8977e-10 -2.4694e-10 -5.1106e-11 -8.5712e-12 -1.1346e-12 -1.1503e-13 -8.6324e-15 -4.6126e-16 -1.6787e-17 -3.9550e-19 -5.6916e-21 -4.6795e-23 -2.0355e-25 -4.2866e-28 -3.9444e-31 -1.4082e-34 -1.6986e-38 -5.8925e-43 -4.8698e-48 -7.6877e-54 -1.7878e-60 -4.5075e-68 -8.5678e-77 -7.9727e-87 -2.1694e-98 -9.3073e-112 -2.9940e-127 -2.9394e-145 -2.9553e-166 -8.0188e-191 -1.1420e-219 -1.1301e-253 -6.2999e-294 -0.0000e+00 -0.0000e+00 -0.0000e+00 -0.0000e+00 -0.0000e+00 -0.0000e+00 -0.0000e+00 -0.0000e+00 -0.0000e+00 -0.0000e+00 -0.0000e+00 -0.0000e+00 -0.0000e+00 -0.0000e+00 -0.0000e+00 -0.0000e+00 -0.0000e+00 -0.0000e+00 -0.0000e+00 -0.0000e+00 -0.0000e+00 -0.0000e+00 -0.0000e+00 -0.0000e+00 -0.0000e+00 -0.0000e+00 -0.0000e+00 -0.0000e+00 -0.0000e+00 -0.0000e+00 0.0000e+00 -2.0709e-07 -3.8083e-07 -5.8702e-07 -8.2128e-07 -1.0803e-06 -1.3612e-06 -1.6606e-06 -1.9750e-06 -2.2995e-06 -2.6287e-06 -2.9553e-06 -3.2710e-06 -3.5658e-06 -3.8284e-06 -4.0465e-06 -4.2075e-06 -4.2989e-06 -4.3100e-06 -4.2331e-06 -4.0645e-06 -3.8063e-06 -3.4670e-06 -3.0623e-06 -2.6136e-06 -2.1469e-06 -1.6898e-06 -1.2680e-06 -9.0208e-07 -6.0456e-07 -3.7900e-07 -2.2049e-07 -1.1797e-07 -5.7475e-08 -2.5210e-08 -9.8302e-09 -3.3590e-09 -9.8974e-10 -2.4694e-10 -5.1104e-11 -8.5709e-12 -1.1345e-12 -1.1502e-13 -8.6318e-15 -4.6123e-16 -1.6785e-17 -3.9547e-19 -5.6909e-21 -4.6789e-23 -2.0352e-25 -4.2859e-28 -3.9437e-31 -1.4079e-34 -1.6982e-38 -5.8910e-43 -4.8684e-48 -7.6852e-54 -1.7872e-60 -4.5055e-68 -8.5636e-77 -7.9683e-87 -2.1680e-98 -9.3006e-112 -2.9915e-127 -2.9366e-145 -2.9521e-166 -8.0088e-191 -1.1404e-219 -1.1282e-253 -6.2876e-294 -0.0000e+00 -0.0000e+00 -0.0000e+00 -0.0000e+00 -0.0000e+00 -0.0000e+00 -0.0000e+00 -0.0000e+00 -0.0000e+00 -0.0000e+00 -0.0000e+00 -0.0000e+00 -0.0000e+00 -0.0000e+00 -0.0000e+00 -0.0000e+00 -0.0000e+00 -0.0000e+00 -0.0000e+00 -0.0000e+00 -0.0000e+00 -0.0000e+00 -0.0000e+00 -0.0000e+00 -0.0000e+00 -0.0000e+00 -0.0000e+00 -0.0000e+00 -0.0000e+00 -0.0000e+00
-2.0709e-07 5.1526e-07 -1.0779e-06 -1.6615e-06 -2.3245e-06 -3.0577e-06 -3.8526e-06 -4.7002e-06 -5.5898e-06 -6.5085e-06 -7.4401e-06 -8.3647e-06 -9.2583e-06 -1.0093e-05 -1.0836e-05 -1.1453e-05 -1.1909e-05 -1.2168e-05 -1.2199e-05 -1.1982e-05 -1.1504e-05 -1.0774e-05 -9.8136e-06 -8.6681e-06 -7.3981e-06 -6.0772e-06 -4.7834e-06 -3.5895e-06 -2.5537e-06 -1.7115e-06 -1.0730e-06 -6.2424e-07 -3.3402e-07 -1.6274e-07 -7.1388e-08 -2.7838e-08 -9.5130e-09 -2.8033e-09 -6.9947e-10 -1.4478e-10 -2.4284e-11 -3.2148e-12 -3.2598e-13 -2.4468e-14 -1.3077e-15 -4.7602e-17 -1.1218e-18 -1.6148e-20 -1.3281e-22 -5.7790e-25 -1.2175e-27 -1.1209e-30 -4.0035e-34 -4.8320e-38 -1.6774e-42 -1.3874e-47 -2.1921e-53 -5.1030e-60 -1.2880e-67 -2.4515e-76 -2.2847e-86 -6.2276e-98 -2.6772e-111 -8.6322e-127 -8.4978e-145 -8.5706e-166 -2.3340e-190 -3.3384e-219 -3.3202e-253 -1.8619e-293 -0.0000e+00 -0.0000e+00 -0.0000e+00 -0.0000e+00 -0.0000e+00 -0.0000e+00 -0.0000e+00 -0.0000e+00 -0.0000e+00 -0.0000e+00 -0.0000e+00 -0.0000e+00 -0.0000e+00 -0.0000e+00 -0.0000e+00 -0.0000e+00 -0.0000e+00 -0.0000e+00 -0.0000e+00 -0.0000e+00 -0.0000e+00 -0.0000e+00 -0.0000e+00 -0.0000e+00 -0.0000e+00 -0.0000e+00 -0.0000e+00 -0.0000e+00 -0.0000e+00 -0.0000e+00 -2.0709e-07 0.0000e+00 -1.0779e-06 -1.6615e-06 -2.3245e-06 -3.0577e-06 -3.8526e-06 -4.7002e-06 -5.5898e-06 -6.5085e-06 -7.4401e-06 -8.3647e-06 -9.2582e-06 -1.0093e-05 -1.0836e-05 -1.1453e-05 -1.1909e-05 -1.2167e-05 -1.2199e-05 -1.1981e-05 -1.1504e-05 -1.0773e-05 -9.8132e-06 -8.6676e-06 -7.3976e-06 -6.0767e-06 -4.7829e-06 -3.5891e-06 -2.5534e-06 -1.7112e-06 -1.0728e-06 -6.2411e-07 -3.3394e-07 -1.6270e-07 -7.1365e-08 -2.7828e-08 -9.5090e-09 -2.8019e-09 -6.9909e-10 -1.4469e-10 -2.4267e-11 -3.2123e-12 -3.2569e-13 -2.4443e-14 -1.3062e-15 -4.7538e-17 -1.1201e-18 -1.6120e-20 -1.3255e-22 -5.7663e-25 -1.2145e-27 -1.1177e-30 -3.9908e-34 -4.8146e-38 -1.6706e-42 -1.3809e-47 -2.1806e-53 -5.0726e-60 -1.2793e-67 -2.4326e-76 -2.2647e-86 -6.1653e-98 -2.6467e-111 -8.5197e-127 -8.3710e-145 -8.4240e-166 -2.2882e-190 -3.2629e-219 -3.2336e-253 -1.8058e-293 -0.0000e+00 -0.0000e+00 -0.0000e+00 -0.0000e+00 -0.0000e+00 -0.0000e+00 -0.0000e+00 -0.0000e+00 -0.0000e+00 -0.0000e+00 -0.0000e+00 -0.0000e+00 -0.0000e+00 -0.0000e+00 -0.0000e+00 -0.0000e+00 -0.0000e+00 -0.0000e+00 -0.0000e+00 -0.0000e+00 -0.0000e+00 -0.0000e+00 -0.0000e+00 -0.0000e+00 -0.0000e+00 -0.0000e+00 -0.0000e+00 -0.0000e+00 -0.0000e+00 -0.0000e+00
-3.8083e-07 -1.0779e-06 2.6127e-06 -3.0554e-06 -4.2748e-06 -5.6231e-06 -7.0850e-06 -8.6436e-06 -1.0280e-05 -1.1969e-05 -1.3682e-05 -1.5383e-05 -1.7026e-05 -1.8561e-05 -1.9928e-05 -2.1064e-05 -2.1902e-05 -2.2378e-05 -2.2437e-05 -2.2037e-05 -2.1161e-05 -1.9817e-05 -1.8052e-05 -1.5946e-05 -1.3611e-05 -1.1181e-05 -8.8016e-06 -6.6055e-06 -4.6999e-06 -3.1503e-06 -1.9753e-06 -1.1494e-06 -6.1515e-07 -2.9978e-07 -1.3153e-07 -5.1306e-08 -1.7539e-08 -5.1701e-09 -1.2906e-09 -2.6725e-10 -4.4850e-11 -5.9411e-12 -6.0283e-13 -4.5282e-14 -2.4221e-15 -8.8254e-17 -2.0821e-18 -3.0007e-20 -2.4713e-22 -1.0770e-24 -2.2731e-27 -2.0968e-30 -7.5064e-34 -9.0829e-38 -3.1622e-42 -2.6240e-47 -4.1616e-53 -9.7292e-60 -2.4676e-67 -4.7227e-76 -4.4293e-86 -1.2161e-97 -5.2717e-111 -1.7161e-126 -1.7080e-144 -1.7446e-165 -4.8213e-190 -7.0136e-219 -7.1138e-253 -4.0813e-293 -0.0000e+00 -0.0000e+00 -0.0000e+00 -0.0000e+00 -0.0000e+00 -0.0000e+00 -0.0000e+00 -0.0000e+00 -0.0000e+00 -0.0000e+00 -0.0000e+00 -0.0000e+00 -0.0000e+00 -0.0000e+00 -0.0000e+00 -0.0000e+00 -0.0000e+00 -0.0000e+00 -0.0000e+00 -0.0000e+00 -0.0000e+00 -0.0000e+00 -0.0000e+00 -0.0000e+00 -0.0000e+00 -0.0000e+00 -0.0000e+00 -0.0000e+00 -0.0000e+00 -0.0000e+00 -3.8083e-07 -1.0779e-06 0.0000e+00 -3.0554e-06 -4.2748e-06 -5.6231e-06 -7.0849e-06 -8.6436e-06 -1.0280e-05 -1.1969e-05 -1.3682e-05 -1.5383e-05 -1.7026e-05 -1.8560e-05 -1.9927e-05 -2.1063e-05 -2.1901e-05 -2.2377e-05 -2.2435e-05 -2.2035e-05 -2.1157e-05 -1.9813e-05 -1.8048e-05 -1.5941e-05 -1.3606e-05 -1.1177e-05 -8.7974e-06 -6.6019e-06 -4.6968e-06 -3.1479e-06 -1.9736e-06 -1.1482e-06 -6.1441e-07 -2.9936e-07 -1.3132e-07 -5.1212e-08 -1.7502e-08 -5.1577e-09 -1.2870e-09 -2.6641e-10 -4.4690e-11 -5.9170e-12 -6.0005e-13 -4.5046e-14 -2.4078e-15 -8.7661e-17 -2.0662e-18 -2.9749e-20 -2.4473e-22 -1.0652e-24 -2.2448e-27 -2.0673e-30 -7.3868e-34 -8.9194e-38 -3.0979e-42 -2.5637e-47 -4.0534e-53 -9.4429e-60 -2.3855e-67 -4.5447e-76 -4.2402e-86 -1.1573e-97 -4.9824e-111 -1.6092e-126 -1.5874e-144 -1.6047e-165 -4.3820e-190 -6.2874e-219 -6.2766e-253 -3.5354e-293 -0.0000e+00 -0.0000e+00 -0.0000e+00 -0.0000e+00 -0.0000e+00 -0.0000e+00 -0.0000e+00 -0.0000e+00 -0.0000e+00 -0.0000e+00 -0.0000e+00 -0.0000e+00 -0.0000e+00 -0.0000e+00 -0.0000e+00 -0.0000e+00 -0.0000e+00 -0.0000e+00 -0.0000e+00 -0.0000e+00 -0.0000e+00 -0.0000e+00 -0.0000e+00 -0.0000e+00 -0.0000e+00 -0.0000e+00 -0.0000e+00 -0.0000e+00 -0.0000e+00 -0.0000e+00
-5.8702e-07 -1.6615e-06 -3.0554e-06 8.2761e-06 -6.5892e-06 -8.6676e-06 -1.0921e-05 -1.3324e-05 -1.5846e-05 -1.8450e-05 -2.1091e-05 -2.3713e-05 -2.6246e-05 -2.8613e-05 -3.0721e-05 -3.2473e-05 -3.3767e-05 -3.4503e-05 -3.4597e-05 -3.3983e-05 -3.2634e-05 -3.0566e-05 -2.7847e-05 -2.4602e-05 -2.1002e-05 -1.7257e-05 -1.3588e-05 -1.0200e-05 -7.2599e-06 -4.8681e-06 -3.0536e-06 -1.7777e-06 -9.5189e-07 -4.6416e-07 -2.0380e-07 -7.9556e-08 -2.7219e-08 -8.0317e-09 -2.0071e-09 -4.1614e-10 -6.9937e-11 -9.2788e-12 -9.4318e-13 -7.0992e-14 -3.8059e-15 -1.3903e-16 -3.2893e-18 -4.7559e-20 -3.9311e-22 -1.7202e-24 -3.6472e-27 -3.3818e-30 -1.2177e-33 -1.4832e-37 -5.2023e-42 -4.3531e-47 -6.9693e-53 -1.6468e-59 -4.2273e-67 -8.2013e-76 -7.8108e-86 -2.1820e-97 -9.6462e-111 -3.2104e-126 -3.2764e-144 -3.4426e-165 -9.8219e-190 -1.4811e-218 -1.5644e-252 -9.3942e-293 -0.0000e+00 -0.0000e+00 -0.0000e+00 -0.0000e+00 -0.0000e+00 -0.0000e+00 -0.0000e+00 -0.0000e+00 -0.0000e+00 -0.0000e+00 -0.0000e+00 -0.0000e+00 -0.0000e+00 -0.0000e+00 -0.0000e+00 -0.0000e+00 -0.0000e+00 -0.0000e+00 -0.0000e+00 -0.0000e+00 -0.0000e+00 -0.0000e+00 -0.0000e+00 -0.0000e+00 -0.0000e+00 -0.0000e+00 -0.0000e+00 -0.0000e+00 -0.0000e+00 -0.0000e+00 -5.8702e-07 -1.6615e-06 -3.0554e-06 0.0000e+00 -6.5892e-06 -8.6676e-06 -1.0921e-05 -1.3323e-05 -1.5845e-05 -1.8450e-05 -2.1090e-05 -2.3711e-05 -2.6245e-05 -2.8610e-05 -3.0718e-05 -3.2468e-05 -3.3760e-05 -3.4495e-05 -3.4585e-05 -3.3969e-05 -3.2618e-05 -3.0547e-05 -2.7827e-05 -2.4580e-05 -2.0980e-05 -1.7236e-05 -1.3567e-05 -1.0182e-05 -7.2449e-06 -4.8563e-06 -3.0450e-06 -1.7719e-06 -9.4830e-07 -4.6214e-07 -2.0278e-07 -7.9097e-08 -2.7039e-08 -7.9710e-09 -1.9898e-09 -4.1205e-10 -6.9154e-11 -9.1608e-12 -9.2957e-13 -6.9831e-14 -3.7354e-15 -1.3612e-16 -3.2115e-18 -4.6289e-20 -3.8126e-22 -1.6618e-24 -3.5077e-27 -3.2361e-30 -1.1587e-33 -1.4023e-37 -4.8835e-42 -4.0534e-47 -6.4305e-53 -1.5039e-59 -3.8160e-67 -7.3070e-76 -6.8571e-86 -1.8840e-97 -8.1735e-111 -2.6633e-126 -2.6540e-144 -2.7148e-165 -7.5157e-190 -1.0957e-218 -1.1143e-252 -6.4145e-293 -0.0000e+00 -0.0000e+00 -0.0000e+00 -0.0000e+00 -0.0000e+00 -0.0000e+00 -0.0000e+00 -0.0000e+00 -0.0000e+00 -0.0000e+00 -0.0000e+00 -0.0000e+00 -0.0000e+00 -0.0000e+00 -0.0000e+00 -0.0000e+00 -0.0000e+00 -0.0000e+00 -0.0000e+00 -0.0000e+00 -0.0000e+00 -0.0000e+00 -0.0000e+00 -0.0000e+00 -0.0000e+00 -0.0000e+00 -0.0000e+00 -0.0000e+00 -0.0000e+00 -0.0000e+00
-8.2128e-07 -2.3245e-06 -4.2748e-06 -6.5892e-06 2.0264e-05 -1.2127e-05 -1.5279e-05 -1.8641e-05 -2.2170e-05 -2.5814e-05 -2.9510e-05 -3.3179e-05 -3.6726e-05 -4.0039e-05 -4.2992e-05 -4.5448e-05 -4.7263e-05 -4.8300e-05 -4.8437e-05 -4.7586e-05 -4.5706e-05 -4.2820e-05 -3.9022e-05 -3.4486e-05 -2.9451e-05 -2.4210e-05 -1.9072e-05 -1.4326e-05 -1.0203e-05 -6.8466e-06 -4.2984e-06 -2.5048e-06 -1.3427e-06 -6.5557e-07 -2.8825e-07 -1.1270e-07 -3.8631e-08 -1.1422e-08 -2.8611e-09 -5.9474e-10 -1.0024e-10 -1.3343e-11 -1.3613e-12 -1.0289e-13 -5.5414e-15 -2.0347e-16 -4.8421e-18 -7.0466e-20 -5.8669e-22 -2.5882e-24 -5.5376e-27 -5.1869e-30 -1.8890e-33 -2.3300e-37 -8.2878e-42 -7.0443e-47 -1.1476e-52 -2.7647e-59 -7.2512e-67 -1.4407e-75 -1.4088e-85 -4.0522e-97 -1.8500e-110 -6.3799e-126 -6.7704e-144 -7.4258e-165 -2.2208e-189 -3.5262e-218 -3.9408e-252 -2.5171e-292 -0.0000e+00 -0.0000e+00 -0.0000e+00 -0.0000e+00 -0.0000e+00 -0.0000e+00 -0.0000e+00 -0.0000e+00 -0.0000e+00 -0.0000e+00 -0.0000e+00 -0.0000e+00 -0.0000e+00 -0.0000e+00 -0.0000e+00 -0.0000e+00 -0.0000e+00 -0.0000e+00 -0.0000e+00 -0.0000e+00 -0.0000e+00 -0.0000e+00 -0.0000e+00 -0.0000e+00 -0.0000e+00 -0.0000e+00 -0.0000e+00 -0.0000e+00 -0.0000e+00 -0.0000e+00 -8.2128e-07 -2.3245e-06 -4.2748e-06 -6.5892e-06 0.0000e+00 -1.2127e-05 -1.5279e-05 -1.8641e-05 -2.2169e-05 -2.5813e-05 -2.9508e-05 -3.3175e-05 -3.6720e-05 -4.0030e-05 -4.2980e-05 -4.5431e-05 -4.7240e-05 -4.8269e-05 -4.8399e-05 -4.7539e-05 -4.5651e-05 -4.2756e-05 -3.8952e-05 -3.4411e-05 -2.9375e-05 -2.4136e-05 -1.9002e-05 -1.4264e-05 -1.0151e-05 -6.8062e-06 -4.2689e-06 -2.4848e-06 -1.3304e-06 -6.4862e-07 -2.8474e-07 -1.1113e-07 -3.8012e-08 -1.1214e-08 -2.8015e-09 -5.8065e-10 -9.7546e-11 -1.2937e-11 -1.3144e-12 -9.8879e-14 -5.2979e-15 -1.9340e-16 -4.5724e-18 -6.6057e-20 -5.4551e-22 -2.3847e-24 -5.0502e-27 -4.6768e-30 -1.6817e-33 -2.0451e-37 -7.1605e-42 -5.9802e-47 -9.5539e-53 -2.2522e-59 -5.7667e-67 -1.1157e-75 -1.0593e-85 -2.9497e-97 -1.2995e-110 -4.3092e-126 -4.3813e-144 -4.5861e-165 -1.3036e-189 -1.9592e-218 -2.0635e-252 -1.2367e-292 -0.0000e+00 -0.0000e+00 -0.0000e+00 -0.0000e+00 -0.0000e+00 -0.0000e+00 -0.0000e+00 -0.0000e+00 -0.0000e+00 -0.0000e+00 -0.0000e+00 -0.0000e+00 -0.0000e+00 -0.0000e+00 -0.0000e+00 -0.0000e+00 -0.0000e+00 -0.0000e+00 -0.0000e+00 -0.0000e+00 -0.0000e+00 -0.0000e+00 -0.0000e+00 -0.0000e+00 -0.0000e+00 -0.0000e+00 -0.0000e+00 -0.0000e+00 -0.0000e+00 -0.0000e+00
-1.0803e-06 -3.0577e-06 -5.6231e-06 -8.6676e-06 -1.2127e-05 4.2168e-05 -2.0099e-05 -2.4522e-05 -2.9164e-05 -3.3960e-05 -3.8823e-05 -4.3653e-05 -4.8323e-05 -5.2687e-05 -5.6580e-05 -5.9821e-05 -6.2221e-05 -6.3599e-05 -6.3797e-05 -6.2695e-05 -6.0241e-05 -5.6461e-05 -5.1480e-05 -4.5522e-05 -3.8904e-05 -3.2006e-05 -2.5236e-05 -1.8976e-05 -1.3531e-05 -9.0924e-06 -5.7173e-06 -3.3375e-06 -1.7927e-06 -8.7727e-07 -3.8672e-07 -1.5164e-07 -5.2146e-08 -1.5475e-08 -3.8921e-09 -8.1277e-10 -1.3770e-10 -1.8434e-11 -1.8928e-12 -1.4408e-13 -7.8215e-15 -2.8974e-16 -6.9626e-18 -1.0243e-19 -8.6313e-22 -3.8586e-24 -8.3774e-27 -7.9745e-30 -2.9561e-33 -3.7180e-37 -1.3511e-41 -1.1755e-46 -1.9646e-52 -4.8662e-59 -1.3155e-66 -2.7008e-75 -2.7366e-85 -8.1799e-97 -3.8929e-110 -1.4040e-125 -1.5637e-143 -1.8070e-164 -5.7170e-189 -9.6474e-218 -1.1517e-251 -7.9033e-292 -0.0000e+00 -0.0000e+00 -0.0000e+00 -0.0000e+00 -0.0000e+00 -0.0000e+00 -0.0000e+00 -0.0000e+00 -0.0000e+00 -0.0000e+00 -0.0000e+00 -0.0000e+00 -0.0000e+00 -0.0000e+00 -0.0000e+00 -0.0000e+00 -0.0000e+00 -0.0000e+00 -0.0000e+00 -0.0000e+00 -0.0000e+00 -0.0000e+00 -0.0000e+00 -0.0000e+00 -0.0000e+00 -0.0000e+00 -0.0000e+00 -0.0000e+00 -0.0000e+00 -0.0000e+00 -1.0803e-06 -3.0577e-06 -5.6231e-06 -8.6676e-06 -1.2127e-05 0.0000e+00 -2.0099e-05 -2.4521e-05 -2.9162e-05 -3.3956e-05 -3.8817e-05 -4.3642e-05 -4.8306e-05 -5.2663e-05 -5.6546e-05 -5.9773e-05 -6.2157e-05 -6.3516e-05 -6.3692e-05 -6.2567e-05 -6.0089e-05 -5.6288e-05 -5.1288e-05 -4.5318e-05 -3.8695e-05 -3.1802e-05 -2.5046e-05 -1.8807e-05 -1.3390e-05 -8.9818e-06 -5.6364e-06 -3.2828e-06 -1.7588e-06 -8.5816e-07 -3.7705e-07 -1.4730e-07 -5.0443e-08 -1.4900e-08 -3.7276e-09 -7.7386e-10 -1.3024e-10 -1.7308e-11 -1.7626e-12 -1.3294e-13 -7.1436e-15 -2.6163e-16 -6.2084e-18 -9.0066e-20 -7.4726e-22 -3.2838e-24 -6.9958e-27 -6.5219e-30 -2.3628e-33 -2.8979e-37 -1.0244e-41 -8.6481e-47 -1.3985e-52 -3.3425e-59 -8.6923e-67 -1.7114e-75 -1.6576e-85 -4.7204e-97 -2.1330e-110 -7.2793e-126 -7.6455e-144 -8.3029e-165 -2.4605e-189 -3.8763e-218 -4.3063e-252 -2.7414e-292 -0.0000e+00 -0.0000e+00 -0.0000e+00 -0.0000e+00 -0.0000e+00 -0.0000e+00 -0.0000e+00 -0.0000e+00 -0.0000e+00 -0.0000e+00 -0.0000e+00 -0.0000e+00 -0.0000e+00 -0.0000e+00 -0.0000e+00 -0.0000e+00 -0.0000e+00 -0.0000e+00 -0.0000e+00 -0.0000e+00 -0.0000e+00 -0.0000e+00 -0.0000e+00 -0.0000e+00 -0.0000e+00 -0.0000e+00 -0.0000e+00 -0.0000e+00 -0.0000e+00 -0.0000e+00
-1.3612e-06 -3.8526e-06 -7.0850e-06 -1.0921e-05 -1.5279e-05 -2.0099e-05 7.8447e-05 -3.0898e-05 -3.6750e-05 -4.2794e-05 -4.8927e-05 -5.5018e-05 -6.0911e-05 -6.6423e-05 -7.1345e-05 -7.5450e-05 -7.8500e-05 -8.0268e-05 -8.0552e-05 -7.9203e-05 -7.6148e-05 -7.1422e-05 -6.5176e-05 -5.7689e-05 -4.9358e-05 -4.0660e-05 -3.2108e-05 -2.4184e-05 -1.7279e-05 -1.1637e-05 -7.3360e-06 -4.2948e-06 -2.3144e-06 -1.1367e-06 -5.0316e-07 -1.9822e-07 -6.8515e-08 -2.0451e-08 -5.1767e-09 -1.0888e-09 -1.8594e-10 -2.5113e-11 -2.6038e-12 -2.0035e-13 -1.1006e-14 -4.1307e-16 -1.0069e-17 -1.5047e-19 -1.2898e-21 -5.8744e-24 -1.3014e-26 -1.2663e-29 -4.8066e-33 -6.2020e-37 -2.3166e-41 -2.0761e-46 -3.5813e-52 -9.1772e-59 -2.5726e-66 -5.4910e-75 -5.7993e-85 -1.8121e-96 -9.0430e-110 -3.4316e-125 -4.0368e-143 -4.9476e-164 -1.6682e-188 -3.0164e-217 -3.8825e-251 -2.8930e-291 -0.0000e+00 -0.0000e+00 -0.0000e+00 -0.0000e+00 -0.0000e+00 -0.0000e+00 -0.0000e+00 -0.0000e+00 -0.0000e+00 -0.0000e+00 -0.0000e+00 -0.0000e+00 -0.0000e+00 -0.0000e+00 -0.0000e+00 -0.0000e+00 -0.0000e+00 -0.0000e+00 -0.0000e+00 -0.0000e+00 -0.0000e+00 -0.0000e+00 -0.0000e+00 -0.0000e+00 -0.0000e+00 -0.0000e+00 -0.0000e+00 -0.0000e+00 -0.0000e+00 -0.0000e+00 -1.3612e-06 -3.8526e-06 -7.0849e-06 -1.0921e-05 -1.5279e-05 -2.0099e-05 0.0000e+00 -3.0896e-05 -3.6744e-05 -4.2785e-05 -4.8911e-05 -5.4993e-05 -6.0873e-05 -6.6367e-05 -7.1264e-05 -7.5338e-05 -7.8350e-05 -8.0073e-05 -8.0306e-05 -7.8902e-05 -7.5793e-05 -7.1015e-05 -6.4725e-05 -5.7210e-05 -4.8868e-05 -4.0180e-05 -3.1660e-05 -2.3788e-05 -1.6947e-05 -1.1377e-05 -7.1456e-06 -4.1659e-06 -2.2345e-06 -1.0916e-06 -4.8033e-07 -1.8796e-07 -6.4484e-08 -1.9087e-08 -4.7864e-09 -9.9628e-10 -1.6817e-10 -2.2424e-11 -2.2921e-12 -1.7361e-13 -9.3732e-15 -3.4512e-16 -8.2384e-18 -1.2032e-19 -1.0058e-21 -4.4571e-24 -9.5853e-27 -9.0308e-30 -3.3107e-33 -4.1147e-37 -1.4763e-41 -1.2672e-46 -2.0879e-52 -5.0954e-59 -1.3564e-66 -2.7413e-75 -2.7338e-85 -8.0439e-97 -3.7699e-110 -1.3401e-125 -1.4731e-143 -1.6830e-164 -5.2782e-189 -8.8574e-218 -1.0558e-251 -7.2707e-292 -0.0000e+00 -0.0000e+00 -0.0000e+00 -0.0000e+00 -0.0000e+00 -0.0000e+00 -0.0000e+00 -0.0000e+00 -0.0000e+00 -0.0000e+00 -0.0000e+00 -0.0000e+00 -0.0000e+00 -0.0000e+00 -0.0000e+00 -0.0000e+00 -0.0000e+00 -0.0000e+00 -0.0000e+00 -0.0000e+00 -0.0000e+00 -0.0000e+00 -0.0000e+00 -0.0000e+00 -0.0000e+00 -0.0000e+00 -0.0000e+00 -0.0000e+00 -0.0000e+00 -0.0000e+00
-1.6606e-06 -4.7002e-06 -8.6436e-06 -1.3324e-05 -1.8641e-05 -2.4522e-05 -3.0898e-05 1.3447e-04 -4.4841e-05 -5.2221e-05 -5.9711e-05 -6.7155e-05 -7.4362e-05 -8.1111e-05 -8.7147e-05 -9.2195e-05 -9.5966e-05 -9.8182e-05 -9.8595e-05 -9.7020e-05 -9.3367e-05 -8.7668e-05 -8.0104e-05 -7.1010e-05 -6.0860e-05 -5.0235e-05 -3.9760e-05 -3.0027e-05 -2.1517e-05 -1.4541e-05 -9.2015e-06 -5.4102e-06 -2.9297e-06 -1.4468e-06 -6.4430e-07 -2.5554e-07 -8.8998e-08 -2.6787e-08 -6.8435e-09 -1.4541e-09 -2.5112e-10 -3.4335e-11 -3.6080e-12 -2.8171e-13 -1.5724e-14 -6.0037e-16 -1.4910e-17 -2.2733e-19 -1.9911e-21 -9.2809e-24 -2.1076e-26 -2.1056e-29 -8.2210e-33 -1.0930e-36 -4.2147e-41 -3.9069e-46 -6.9858e-52 -1.8597e-58 -5.4287e-66 -1.2098e-74 -1.3379e-84 -4.3913e-96 -2.3103e-109 -9.2795e-125 -1.1607e-142 -1.5203e-163 -5.5106e-188 -1.0783e-216 -1.5132e-250 -1.2401e-290 -0.0000e+00 -0.0000e+00 -0.0000e+00 -0.0000e+00 -0.0000e+00 -0.0000e+00 -0.0000e+00 -0.0000e+00 -0.0000e+00 -0.0000e+00 -0.0000e+00 -0.0000e+00 -0.0000e+00 -0.0000e+00 -0.0000e+00 -0.0000e+00 -0.0000e+00 -0.0000e+00 -0.0000e+00 -0.0000e+00 -0.0000e+00 -0.0000e+00 -0.0000e+00 -0.0000e+00 -0.0000e+00 -0.0000e+00 -0.0000e+00 -0.0000e+00 -0.0000e+00 -0.0000e+00 -1.6606e-06 -4.7002e-06 -8.6436e-06 -1.3323e-05 -1.8641e-05 -2.4521e-05 -3.0896e-05 0.0000e+00 -4.4830e-05 -5.2202e-05 -5.9678e-05 -6.7102e-05 -7.4282e-05 -8.0992e-05 -8.6977e-05 -9.1960e-05 -9.5652e-05 -9.7774e-05 -9.8081e-05 -9.6391e-05 -9.2622e-05 -8.6815e-05 -7.9161e-05 -7.0005e-05 -5.9832e-05 -4.9229e-05 -3.8821e-05 -2.9194e-05 -2.0821e-05 -1.3993e-05 -8.8008e-06 -5.1388e-06 -2.7610e-06 -1.3515e-06 -5.9601e-07 -2.3381e-07 -8.0440e-08 -2.3885e-08 -6.0111e-09 -1.2562e-09 -2.1301e-10 -2.8546e-11 -2.9344e-12 -2.2367e-13 -1.2162e-14 -4.5137e-16 -1.0870e-17 -1.6033e-19 -1.3551e-21 -6.0797e-24 -1.3255e-26 -1.2680e-29 -4.7283e-33 -5.9884e-37 -2.1941e-41 -1.9278e-46 -3.2593e-52 -8.1851e-59 -2.2491e-66 -4.7076e-75 -4.8803e-85 -1.4988e-96 -7.3644e-110 -2.7580e-125 -3.2112e-143 -3.9094e-164 -1.3150e-188 -2.3841e-217 -3.0954e-251 -2.3430e-291 -0.0000e+00 -0.0000e+00 -0.0000e+00 -0.0000e+00 -0.0000e+00 -0.0000e+00 -0.0000e+00 -0.0000e+00 -0.0000e+00 -0.0000e+00 -0.0000e+00 -0.0000e+00 -0.0000e+00 -0.0000e+00 -0.0000e+00 -0.0000e+00 -0.0000e+00 -0.0000e+00 -0.0000e+00 -0.0000e+00 -0.0000e+00 -0.0000e+00 -0.0000e+00 -0.0000e+00 -0.0000e+00 -0.0000e+00 -0.0000e+00 -0.0000e+00 -0.0000e+00 -0.0000e+00
-1.9750e-06 -5.5898e-06 -1.0280e-05 -1.5846e-05 -2.2170e-05 -2.9164e-05 -3.6750e-05 -4.4841e-05 2.1656e-04 -6.2126e-05 -7.1048e-05 -7.9922e-05 -8.8524e-05 -9.6592e-05 -1.0383e-04 -1.0990e-04 -1.1447e-04 -1.1721e-04 -1.1782e-04 -1.1607e-04 -1.1185e-04 -1.0519e-04 -9.6299e-05 -8.5551e-05 -7.3506e-05 -6.0849e-05 -4.8319e-05 -3.6628e-05 -2.6359e-05 -1.7898e-05 -1.1387e-05 -6.7361e-06 -3.6724e-06 -1.8272e-06 -8.2055e-07 -3.2846e-07 -1.1556e-07 -3.5172e-08 -9.0960e-09 -1.9586e-09 -3.4315e-10 -4.7658e-11 -5.0933e-12 -4.0495e-13 -2.3046e-14 -8.9845e-16 -2.2813e-17 -3.5612e-19 -3.1982e-21 -1.5307e-23 -3.5750e-26 -3.6790e-29 -1.4821e-32 -2.0368e-36 -8.1336e-41 -7.8242e-46 -1.4551e-51 -4.0389e-58 -1.2327e-65 -2.8809e-74 -3.3526e-84 -1.1624e-95 -6.4876e-109 -2.7778e-124 -3.7239e-142 -5.2601e-163 -2.0703e-187 -4.4331e-216 -6.8686e-250 -6.2768e-290 -0.0000e+00 -0.0000e+00 -0.0000e+00 -0.0000e+00 -0.0000e+00 -0.0000e+00 -0.0000e+00 -0.0000e+00 -0.0000e+00 -0.0000e+00 -0.0000e+00 -0.0000e+00 -0.0000e+00 -0.0000e+00 -0.0000e+00 -0.0000e+00 -0.0000e+00 -0.0000e+00 -0.0000e+00 -0.0000e+00 -0.0000e+00 -0.0000e+00 -0.0000e+00 -0.0000e+00 -0.0000e+00 -0.0000e+00 -0.0000e+00 -0.0000e+00 -0.0000e+00 -0.0000e+00 -1.9750e-06 -5.5898e-06 -1.0280e-05 -1.5845e-05 -2.2169e-05 -2.9162e-05 -3.6744e-05 -4.4830e-05 0.0000e+00 -6.2089e-05 -7.0986e-05 -7.9822e-05 -8.8371e-05 -9.6365e-05 -1.0350e-04 -1.0945e-04 -1.1387e-04 -1.1643e-04 -1.1683e-04 -1.1486e-04 -1.1042e-04 -1.0356e-04 -9.4487e-05 -8.3621e-05 -7.1531e-05 -5.8913e-05 -4.6510e-05 -3.5023e-05 -2.5015e-05 -1.6841e-05 -1.0613e-05 -6.2105e-06 -3.3453e-06 -1.6422e-06 -7.2650e-07 -2.8603e-07 -9.8807e-08 -2.9473e-08 -7.4555e-09 -1.5670e-09 -2.6742e-10 -3.6095e-11 -3.7403e-12 -2.8766e-13 -1.5797e-14 -5.9281e-16 -1.4453e-17 -2.1610e-19 -1.8543e-21 -8.4597e-24 -1.8789e-26 -1.8345e-29 -6.9968e-33 -9.0847e-37 -3.4210e-41 -3.0975e-46 -5.4129e-52 -1.4095e-58 -4.0300e-66 -8.8106e-75 -9.5794e-85 -3.0993e-96 -1.6122e-109 -6.4266e-125 -8.0116e-143 -1.0511e-163 -3.8380e-188 -7.6147e-217 -1.0917e-250 -9.2180e-291 -0.0000e+00 -0.0000e+00 -0.0000e+00 -0.0000e+00 -0.0000e+00 -0.0000e+00 -0.0000e+00 -0.0000e+00 -0.0000e+00 -0.0000e+00 -0.0000e+00 -0.0000e+00 -0.0000e+00 -0.0000e+00 -0.0000e+00 -0.0000e+00 -0.0000e+00 -0.0000e+00 -0.0000e+00 -0.0000e+00 -0.0000e+00 -0.0000e+00 -0.0000e+00 -0.0000e+00 -0.0000e+00 -0.0000e+00 -0.0000e+00 -0.0000e+00 -0.0000e+00 -0.0000e+00
-2.2995e-06 -6.5085e-06 -1.1969e-05 -1.8450e-05 -2.5814e-05 -3.3960e-05 -4.2794e-05 -5.2221e-05 -6.2126e-05 3.3208e-04 -8.2783e-05 -9.3151e-05 -1.0322e-04 -1.1268e-04 -1.2119e-04 -1.2838e-04 -1.3385e-04 -1.3721e-04 -1.3811e-04 -1.3628e-04 -1.3157e-04 -1.2402e-04 -1.1383e-04 -1.0143e-04 -8.7447e-05 -7.2676e-05 -5.7971e-05 -4.4168e-05 -3.1969e-05 -2.1847e-05 -1.4001e-05 -8.3486e-06 -4.5921e-06 -2.3073e-06 -1.0473e-06 -4.2421e-07 -1.5117e-07 -4.6656e-08 -1.2249e-08 -2.6804e-09 -4.7784e-10 -6.7607e-11 -7.3695e-12 -5.9836e-13 -3.4820e-14 -1.3897e-15 -3.6174e-17 -5.7965e-19 -5.3508e-21 -2.6364e-23 -6.3482e-26 -6.7466e-29 -2.8118e-32 -4.0054e-36 -1.6616e-40 -1.6643e-45 -3.2313e-51 -9.3907e-58 -3.0106e-65 -7.4174e-74 -9.1366e-84 -3.3681e-95 -2.0087e-108 -9.2423e-124 -1.3398e-141 -2.0608e-162 -8.9020e-187 -2.1107e-215 -3.6574e-249 -3.7803e-289 -0.0000e+00 -0.0000e+00 -0.0000e+00 -0.0000e+00 -0.0000e+00 -0.0000e+00 -0.0000e+00 -0.0000e+00 -0.0000e+00 -0.0000e+00 -0.0000e+00 -0.0000e+00 -0.0000e+00 -0.0000e+00 -0.0000e+00 -0.0000e+00 -0.0000e+00 -0.0000e+00 -0.0000e+00 -0.0000e+00 -0.0000e+00 -0.0000e+00 -0.0000e+00 -0.0000e+00 -0.0000e+00 -0.0000e+00 -0.0000e+00 -0.0000e+00 -0.0000e+00 -0.0000e+00 -2.2995e-06 -6.5085e-06 -1.1969e-05 -1.8450e-05 -2.5813e-05 -3.3956e-05 -4.2785e-05 -5.2202e-05 -6.2089e-05 0.0000e+00 -8.2672e-05 -9.2972e-05 -1.0294e-04 -1.1227e-04 -1.2061e-04 -1.2758e-04 -1.3277e-04 -1.3581e-04 -1.3634e-04 -1.3412e-04 -1.2902e-04 -1.2109e-04 -1.1058e-04 -9.7965e-05 -8.3902e-05 -6.9199e-05 -5.4718e-05 -4.1280e-05 -2.9546e-05 -1.9939e-05 -1.2599e-05 -7.3957e-06 -3.9976e-06 -1.9701e-06 -8.7546e-07 -3.4640e-07 -1.2033e-07 -3.6119e-08 -9.2007e-09 -1.9490e-09 -3.3551e-10 -4.5726e-11 -4.7895e-12 -3.7276e-13 -2.0743e-14 -7.8984e-16 -1.9570e-17 -2.9784e-19 -2.6061e-21 -1.2147e-23 -2.7620e-26 -2.7672e-29 -1.0856e-32 -1.4536e-36 -5.6605e-41 -5.3163e-46 -9.6678e-52 -2.6290e-58 -7.8792e-66 -1.8132e-74 -2.0843e-84 -7.1644e-96 -3.9807e-109 -1.7048e-124 -2.2981e-142 -3.2840e-163 -1.3164e-187 -2.8933e-216 -4.6412e-250 -4.4349e-290 -0.0000e+00 -0.0000e+00 -0.0000e+00 -0.0000e+00 -0.0000e+00 -0.0000e+00 -0.0000e+00 -0.0000e+00 -0.0000e+00 -0.0000e+00 -0.0000e+00 -0.0000e+00 -0.0000e+00 -0.0000e+00 -0.0000e+00 -0.0000e+00 -0.0000e+00 -0.0000e+00 -0.0000e+00 -0.0000e+00 -0.0000e+00 -0.0000e+00 -0.0000e+00 -0.0000e+00 -0.0000e+00 -0.0000e+00 -0.0000e+00 -0.0000e+00 -0.0000e+00 -0.0000e+00
-2.6287e-06 -7.4401e-06 -1.3682e-05 -2.1091e-05 -2.9510e-05 -3.8823e-05 -4.8927e-05 -5.9711e-05 -7.1048e-05 -8.2783e-05 4.8943e-04 -1.0663e-04 -1.1821e-04 -1.2914e-04 -1.3901e-04 -1.4741e-04 -1.5388e-04 -1.5799e-04 -1.5931e-04 -1.5755e-04 -1.5250e-04 -1.4417e-04 -1.3278e-04 -1.1879e-04 -1.0289e-04 -8.5956e-05 -6.8969e-05 -5.2897e-05 -3.8572e-05 -2.6579e-05 -1.7190e-05 -1.0354e-05 -5.7588e-06 -2.9287e-06 -1.3470e-06 -5.5338e-07 -2.0025e-07 -6.2823e-08 -1.6784e-08 -3.7421e-09 -6.8041e-10 -9.8299e-11 -1.0954e-11 -9.1022e-13 -5.4274e-14 -2.2223e-15 -5.9422e-17 -9.7944e-19 -9.3137e-21 -4.7345e-23 -1.1782e-25 -1.2965e-28 -5.6059e-32 -8.3041e-36 -3.5910e-40 -3.7600e-45 -7.6546e-51 -2.3404e-57 -7.9239e-65 -2.0703e-73 -2.7168e-83 -1.0724e-94 -6.8878e-108 -3.4344e-123 -5.4334e-141 -9.1929e-162 -4.4065e-186 -1.1708e-214 -2.2989e-248 -2.7266e-288 -0.0000e+00 -0.0000e+00 -0.0000e+00 -0.0000e+00 -0.0000e+00 -0.0000e+00 -0.0000e+00 -0.0000e+00 -0.0000e+00 -0.0000e+00 -0.0000e+00 -0.0000e+00 -0.0000e+00 -0.0000e+00 -0.0000e+00 -0.0000e+00 -0.0000e+00 -0.0000e+00 -0.0000e+00 -0.0000e+00 -0.0000e+00 -0.0000e+00 -0.0000e+00 -0.0000e+00 -0.0000e+00 -0.0000e+00 -0.0000e+00 -0.0000e+00 -0.0000e+00 -0.0000e+00 -2.6287e-06 -7.4401e-06 -1.3682e-05 -2.1090e-05 -2.9508e-05 -3.8817e-05 -4.8911e-05 -5.9678e-05 -7.0986e-05 -8.2672e-05 0.0000e+00 -1.0633e-04 -1.1775e-04 -1.2845e-04 -1.3803e-04 -1.4606e-04 -1.5207e-04 -1.5562e-04 -1.5633e-04 -1.5390e-04 -1.4818e-04 -1.3921e-04 -1.2729e-04 -1.1293e-04 -9.6875e-05 -8.0049e-05 -6.3436e-05 -4.7975e-05 -3.4436e-05 -2.3314e-05 -1.4786e-05 -8.7152e-06 -4.7329e-06 -2.3448e-06 -1.0481e-06 -4.1745e-07 -1.4609e-07 -4.4212e-08 -1.1366e-08 -2.4324e-09 -4.2347e-10 -5.8439e-11 -6.2061e-12 -4.9041e-13 -2.7749e-14 -1.0762e-15 -2.7205e-17 -4.2325e-19 -3.7933e-21 -1.8149e-23 -4.2459e-26 -4.3874e-29 -1.7799e-32 -2.4714e-36 -1.0011e-40 -9.8112e-46 -1.8683e-51 -5.3403e-58 -1.6892e-65 -4.1207e-74 -5.0457e-84 -1.8573e-95 -1.1115e-108 -5.1601e-124 -7.5941e-142 -1.1941e-162 -5.3142e-187 -1.3095e-215 -2.3814e-249 -2.6124e-289 -0.0000e+00 -0.0000e+00 -0.0000e+00 -0.0000e+00 -0.0000e+00 -0.0000e+00 -0.0000e+00 -0.0000e+00 -0.0000e+00 -0.0000e+00 -0.0000e+00 -0.0000e+00 -0.0000e+00 -0.0000e+00 -0.0000e+00 -0.0000e+00 -0.0000e+00 -0.0000e+00 -0.0000e+00 -0.0000e+00 -0.0000e+00 -0.0000e+00 -0.0000e+00 -0.0000e+00 -0.0000e+00 -0.0000e+00 -0.0000e+00 -0.0000e+00 -0.0000e+00 -0.0000e+00
-2.9553e-06 -8.3647e-06 -1.5383e-05 -2.3713e-05 -3.3179e-05 -4.3653e-05 -5.5018e-05 -6.7155e-05 -7.9922e-05 -9.3151e-05 -1.0663e-04 6.9822e-04 -1.3324e-04 -1.4568e-04 -1.5699e-04 -1.6671e-04 -1.7432e-04 -1.7933e-04 -1.8127e-04 -1.7977e-04 -1.7460e-04 -1.6570e-04 -1.5330e-04 -1.3785e-04 -1.2010e-04 -1.0100e-04 -8.1644e-05 -6.3140e-05 -4.6468e-05 -3.2347e-05 -2.1155e-05 -1.2899e-05 -7.2694e-06 -3.7500e-06 -1.7514e-06 -7.3139e-07 -2.6931e-07 -8.6067e-08 -2.3448e-08 -5.3364e-09 -9.9152e-10 -1.4653e-10 -1.6722e-11 -1.4246e-12 -8.7198e-14 -3.6697e-15 -1.0099e-16 -1.7157e-18 -1.6844e-20 -8.8554e-23 -2.2836e-25 -2.6095e-28 -1.1745e-31 -1.8158e-35 -8.2187e-40 -9.0356e-45 -1.9381e-50 -6.2679e-57 -2.2541e-64 -6.2847e-73 -8.8466e-83 -3.7672e-94 -2.6266e-107 -1.4317e-122 -2.4955e-140 -4.6919e-161 -2.5236e-185 -7.6061e-214 -1.7150e-247 -2.3682e-287 -0.0000e+00 -0.0000e+00 -0.0000e+00 -0.0000e+00 -0.0000e+00 -0.0000e+00 -0.0000e+00 -0.0000e+00 -0.0000e+00 -0.0000e+00 -0.0000e+00 -0.0000e+00 -0.0000e+00 -0.0000e+00 -0.0000e+00 -0.0000e+00 -0.0000e+00 -0.0000e+00 -0.0000e+00 -0.0000e+00 -0.0000e+00 -0.0000e+00 -0.0000e+00 -0.0000e+00 -0.0000e+00 -0.0000e+00 -0.0000e+00 -0.0000e+00 -0.0000e+00 -0.0000e+00 -2.9553e-06 -8.3647e-06 -1.5383e-05 -2.3711e-05 -3.3175e-05 -4.3642e-05 -5.4993e-05 -6.7102e-05 -7.9822e-05 -9.2972e-05 -1.0633e-04 0.0000e+00 -1.3249e-04 -1.4458e-04 -1.5542e-04 -1.6453e-04 -1.7140e-04 -1.7553e-04 -1.7648e-04 -1.7390e-04 -1.6763e-04 -1.5771e-04 -1.4443e-04 -1.2837e-04 -1.1036e-04 -9.1422e-05 -7.2655e-05 -5.5127e-05 -3.9716e-05 -2.7003e-05 -1.7207e-05 -1.0197e-05 -5.5711e-06 -2.7789e-06 -1.2516e-06 -5.0274e-07 -1.7760e-07 -5.4314e-08 -1.4126e-08 -3.0618e-09 -5.4063e-10 -7.5772e-11 -8.1847e-12 -6.5890e-13 -3.8049e-14 -1.5086e-15 -3.9067e-17 -6.2388e-19 -5.7520e-21 -2.8377e-23 -6.8621e-26 -7.3489e-29 -3.0984e-32 -4.4848e-36 -1.8997e-40 -1.9538e-45 -3.9189e-51 -1.1846e-57 -3.9802e-65 -1.0363e-73 -1.3614e-83 -5.4076e-95 -3.5143e-108 -1.7843e-123 -2.8942e-141 -5.0595e-162 -2.5276e-186 -7.0680e-215 -1.4767e-248 -1.8868e-288 -0.0000e+00 -0.0000e+00 -0.0000e+00 -0.0000e+00 -0.0000e+00 -0.0000e+00 -0.0000e+00 -0.0000e+00 -0.0000e+00 -0.0000e+00 -0.0000e+00 -0.0000e+00 -0.0000e+00 -0.0000e+00 -0.0000e+00 -0.0000e+00 -0.0000e+00 -0.0000e+00 -0.0000e+00 -0.0000e+00 -0.0000e+00 -0.0000e+00 -0.0000e+00 -0.0000e+00 -0.0000e+00 -0.0000e+00 -0.0000e+00 -0.0000e+00 -0.0000e+00 -0.0000e+00
-3.2710e-06 -9.2583e-06 -1.7026e-05 -2.6246e-05 -3.6726e-05 -4.8323e-05 -6.0911e-05 -7.4362e-05 -8.8524e-05 -1.0322e-04 -1.1821e-04 -1.3324e-04 9.6928e-04 -1.6195e-04 -1.7478e-04 -1.8593e-04 -1.9484e-04 -2.0095e-04 -2.0376e-04 -2.0281e-04 -1.9781e-04 -1.8865e-04 -1.7552e-04 -1.5885e-04 -1.3940e-04 -1.1819e-04 -9.6407e-05 -7.5310e-05 -5.6038e-05 -3.9482e-05 -2.6161e-05 -1.6178e-05 -9.2567e-06 -4.8530e-06 -2.3058e-06 -9.8059e-07 -3.6807e-07 -1.2002e-07 -3.3397e-08 -7.7710e-09 -1.4777e-09 -2.2375e-10 -2.6190e-11 -2.2914e-12 -1.4422e-13 -6.2498e-15 -1.7738e-16 -3.1132e-18 -3.1633e-20 -1.7248e-22 -4.6232e-25 -5.5048e-28 -2.5888e-31 -4.1939e-35 -1.9956e-39 -2.3147e-44 -5.2586e-50 -1.8089e-56 -6.9515e-64 -2.0819e-72 -3.1656e-82 -1.4653e-93 -1.1182e-106 -6.7224e-122 -1.3033e-139 -2.7516e-160 -1.6795e-184 -5.8137e-213 -1.5257e-246 -2.4896e-286 -0.0000e+00 -0.0000e+00 -0.0000e+00 -0.0000e+00 -0.0000e+00 -0.0000e+00 -0.0000e+00 -0.0000e+00 -0.0000e+00 -0.0000e+00 -0.0000e+00 -0.0000e+00 -0.0000e+00 -0.0000e+00 -0.0000e+00 -0.0000e+00 -0.0000e+00 -0.0000e+00 -0.0000e+00 -0.0000e+00 -0.0000e+00 -0.0000e+00 -0.0000e+00 -0.0000e+00 -0.0000e+00 -0.0000e+00 -0.0000e+00 -0.0000e+00 -0.0000e+00 -0.0000e+00 -3.2710e-06 -9.2582e-06 -1.7026e-05 -2.6245e-05 -3.6720e-05 -4.8306e-05 -6.0873e-05 -7.4282e-05 -8.8371e-05 -1.0294e-04 -1.1775e-04 -1.3249e-04 0.0000e+00 -1.6026e-04 -1.7236e-04 -1.8258e-04 -1.9034e-04 -1.9510e-04 -1.9636e-04 -1.9374e-04 -1.8704e-04 -1.7628e-04 -1.6177e-04 -1.4414e-04 -1.2426e-04 -1.0326e-04 -8.2366e-05 -6.2756e-05 -4.5428e-05 -3.1052e-05 -1.9907e-05 -1.1878e-05 -6.5391e-06 -3.2896e-06 -1.4957e-06 -6.0716e-07 -2.1700e-07 -6.7224e-08 -1.7733e-08 -3.9038e-09 -7.0114e-10 -1.0011e-10 -1.1035e-11 -9.0814e-13 -5.3708e-14 -2.1853e-15 -5.8191e-17 -9.5768e-19 -9.1206e-21 -4.6593e-23 -1.1697e-25 -1.3042e-28 -5.7417e-32 -8.7058e-36 -3.8762e-40 -4.2058e-45 -8.9356e-51 -2.8735e-57 -1.0320e-64 -2.8869e-73 -4.0983e-83 -1.7701e-94 -1.2596e-107 -7.0556e-123 -1.2735e-140 -2.5008e-161 -1.4184e-185 -4.5568e-214 -1.1085e-247 -1.6744e-287 -0.0000e+00 -0.0000e+00 -0.0000e+00 -0.0000e+00 -0.0000e+00 -0.0000e+00 -0.0000e+00 -0.0000e+00 -0.0000e+00 -0.0000e+00 -0.0000e+00 -0.0000e+00 -0.0000e+00 -0.0000e+00 -0.0000e+00 -0.0000e+00 -0.0000e+00 -0.0000e+00 -0.0000e+00 -0.0000e+00 -0.0000e+00 -0.0000e+00 -0.0000e+00 -0.0000e+00 -0.0000e+00 -0.0000e+00 -0.0000e+00 -0.0000e+00 -0.0000e+00 -0.0000e+00
-3.5658e-06 -1.0093e-05 -1.8561e-05 -2.8613e-05 -4.0039e-05 -5.2687e-05 -6.6423e-05 -8.1111e-05 -9.6592e-05 -1.1268e-04 -1.2914e-04 -1.4568e-04 -1.6195e-04 1.3148e-03 -1.9195e-04 -2.0465e-04 -2.1504e-04 -2.2252e-04 -2.2649e-04 -2.2646e-04 -2.2203e-04 -2.1305e-04 -1.9958e-04 -1.8204e-04 -1.6115e-04 -1.3796e-04 -1.1375e-04 -8.9910e-05 -6.7763e-05 -4.8407e-05 -3.2554e-05 -2.0453e-05 -1.1901e-05 -6.3513e-06 -3.0747e-06 -1.3336e-06 -5.1098e-07 -1.7025e-07 -4.8454e-08 -1.1543e-08 -2.2497e-09 -3.4953e-10 -4.2033e-11 -3.7833e-12 -2.4532e-13 -1.0971e-14 -3.2187e-16 -5.8512e-18 -6.1709e-20 -3.5004e-22 -9.7859e-25 -1.2186e-27 -6.0117e-31 -1.0250e-34 -5.1513e-39 -6.3353e-44 -1.5326e-49 -5.6400e-56 -2.3306e-63 -7.5475e-72 -1.2486e-81 -6.3311e-93 -5.3322e-106 -3.5675e-121 -7.7686e-139 -1.8614e-159 -1.3044e-183 -5.2510e-212 -1.6262e-245 -3.1834e-285 -0.0000e+00 -0.0000e+00 -0.0000e+00 -0.0000e+00 -0.0000e+00 -0.0000e+00 -0.0000e+00 -0.0000e+00 -0.0000e+00 -0.0000e+00 -0.0000e+00 -0.0000e+00 -0.0000e+00 -0.0000e+00 -0.0000e+00 -0.0000e+00 -0.0000e+00 -0.0000e+00 -0.0000e+00 -0.0000e+00 -0.0000e+00 -0.0000e+00 -0.0000e+00 -0.0000e+00 -0.0000e+00 -0.0000e+00 -0.0000e+00 -0.0000e+00 -0.0000e+00 -0.0000e+00 -3.5658e-06 -1.0093e-05 -1.8560e-05 -2.8610e-05 -4.0030e-05 -5.2663e-05 -6.6367e-05 -8.0992e-05 -9.6365e-05 -1.1227e-04 -1.2845e-04 -1.4458e-04 -1.6026e-04 0.0000e+00 -1.8837e-04 -1.9968e-04 -2.0837e-04 -2.1382e-04 -2.1550e-04 -2.1297e-04 -2.0600e-04 -1.9459e-04 -1.7904e-04 -1.6001e-04 -1.3843e-04 -1.1550e-04 -9.2550e-05 -7.0885e-05 -5.1616e-05 -3.5519e-05 -2.2942e-05 -1.3804e-05 -7.6710e-06 -3.8994e-06 -1.7936e-06 -7.3741e-07 -2.6728e-07 -8.4081e-08 -2.2556e-08 -5.0578e-09 -9.2671e-10 -1.3522e-10 -1.5259e-11 -1.2880e-12 -7.8280e-14 -3.2800e-15 -9.0142e-17 -1.5346e-18 -1.5156e-20 -8.0494e-23 -2.1068e-25 -2.4561e-28 -1.1342e-31 -1.8099e-35 -8.5125e-40 -9.7955e-45 -2.2166e-50 -7.6281e-57 -2.9467e-64 -8.9165e-73 -1.3777e-82 -6.5201e-94 -5.1223e-107 -3.1943e-122 -6.4783e-140 -1.4442e-160 -9.4070e-185 -3.5159e-213 -1.0096e-246 -1.8300e-286 -0.0000e+00 -0.0000e+00 -0.0000e+00 -0.0000e+00 -0.0000e+00 -0.0000e+00 -0.0000e+00 -0.0000e+00 -0.0000e+00 -0.0000e+00 -0.0000e+00 -0.0000e+00 -0.0000e+00 -0.0000e+00 -0.0000e+00 -0.0000e+00 -0.0000e+00 -0.0000e+00 -0.0000e+00 -0.0000e+00 -0.0000e+00 -0.0000e+00 -0.0000e+00 -0.0000e+00 -0.0000e+00 -0.0000e+00 -0.0000e+00 -0.0000e+00 -0.0000e+00 -0.0000e+00
-3.8284e-06 -1.0836e-05 -1.9928e-05 -3.0721e-05 -4.2992e-05 -5.6580e-05 -7.1345e-05 -8.7147e-05 -1.0383e-04 -1.2119e-04 -1.3901e-04 -1.5699e-04 -1.7478e-04 -1.9195e-04 1.7483e-03 -2.2239e-04 -2.3446e-04 -2.4359e-04 -2.4911e-04 -2.5045e-04 -2.4713e-04 -2.3886e-04 -2.2561e-04 -2.0768e-04 -1.8575e-04 -1.6083e-04 -1.3425e-04 -1.0754e-04 -8.2225e-05 -5.9649e-05 -4.0776e-05 -2.6066e-05 -1.5446e-05 -8.4025e-06 -4.1500e-06 -1.8380e-06 -7.1984e-07 -2.4538e-07 -7.1520e-08 -1.7468e-08 -3.4947e-09 -5.5803e-10 -6.9066e-11 -6.4079e-12 -4.2902e-13 -1.9846e-14 -6.0350e-16 -1.1396e-17 -1.2513e-19 -7.4094e-22 -2.1683e-24 -2.8350e-27 -1.4732e-30 -2.6554e-34 -1.4164e-38 -1.8566e-43 -4.8090e-49 -1.9045e-55 -8.5162e-63 -3.0025e-71 -5.4440e-81 -3.0476e-92 -2.8571e-105 -2.1470e-120 -5.3039e-138 -1.4579e-158 -1.1868e-182 -5.6284e-211 -2.0861e-244 -4.9755e-284 -0.0000e+00 -0.0000e+00 -0.0000e+00 -0.0000e+00 -0.0000e+00 -0.0000e+00 -0.0000e+00 -0.0000e+00 -0.0000e+00 -0.0000e+00 -0.0000e+00 -0.0000e+00 -0.0000e+00 -0.0000e+00 -0.0000e+00 -0.0000e+00 -0.0000e+00 -0.0000e+00 -0.0000e+00 -0.0000e+00 -0.0000e+00 -0.0000e+00 -0.0000e+00 -0.0000e+00 -0.0000e+00 -0.0000e+00 -0.0000e+00 -0.0000e+00 -0.0000e+00 -0.0000e+00 -3.8284e-06 -1.0836e-05 -1.9927e-05 -3.0718e-05 -4.2980e-05 -5.6546e-05 -7.1264e-05 -8.6977e-05 -1.0350e-04 -1.2061e-04 -1.3803e-04 -1.5542e-04 -1.7236e-04 -1.8837e-04 0.0000e+00 -2.1527e-04 -2.2490e-04 -2.3112e-04 -2.3333e-04 -2.3106e-04 -2.2403e-04 -2.1221e-04 -1.9589e-04 -1.7573e-04 -1.5269e-04 -1.2803e-04 -1.0318e-04 -7.9532e-05 -5.8333e-05 -4.0469e-05 -2.6378e-05 -1.6033e-05 -9.0106e-06 -4.6377e-06 -2.1626e-06 -9.0262e-07 -3.3259e-07 -1.0653e-07 -2.9140e-08 -6.6740e-09 -1.2512e-09 -1.8712e-10 -2.1684e-11 -1.8832e-12 -1.1801e-13 -5.1096e-15 -1.4543e-16 -2.5705e-18 -2.6422e-20 -1.4646e-22 -4.0126e-25 -4.9119e-28 -2.3897e-31 -4.0323e-35 -2.0132e-39 -2.4698e-44 -5.9861e-50 -2.2175e-56 -9.2725e-64 -3.0556e-72 -5.1760e-82 -2.7055e-93 -2.3665e-106 -1.6581e-121 -3.8160e-139 -9.7625e-160 -7.3887e-184 -3.2541e-212 -1.1186e-245 -2.4710e-285 -0.0000e+00 -0.0000e+00 -0.0000e+00 -0.0000e+00 -0.0000e+00 -0.0000e+00 -0.0000e+00 -0.0000e+00 -0.0000e+00 -0.0000e+00 -0.0000e+00 -0.0000e+00 -0.0000e+00 -0.0000e+00 -0.0000e+00 -0.0000e+00 -0.0000e+00 -0.0000e+00 -0.0000e+00 -0.0000e+00 -0.0000e+00 -0.0000e+00 -0.0000e+00 -0.0000e+00 -0.0000e+00 -0.0000e+00 -0.0000e+00 -0.0000e+00 -0.0000e+00 -0.0000e+00
-4.0466e-06 -1.1453e-05 -2.1064e-05 -3.2473e-05 -4.5448e-05 -5.9821e-05 -7.5450e-05 -9.2195e-05 -1.0990e-04 -1.2838e-04 -1.4741e-04 -1.6671e-04 -1.8593e-04 -2.0465e-04 -2.2239e-04 2.2850e-03 -2.5255e-04 -2.6365e-04 -2.7118e-04 -2.7444e-04 -2.7285e-04 -2.6599e-04 -2.5366e-04 -2.3601e-04 -2.1357e-04 -1.8730e-04 -1.5853e-04 -1.2888e-04 -1.0012e-04 -7.3856e-05 -5.1388e-05 -3.3465e-05 -2.0220e-05 -1.1225e-05 -5.6628e-06 -2.5641e-06 -1.0276e-06 -3.5885e-07 -1.0727e-07 -2.6902e-08 -5.5335e-09 -9.0981e-10 -1.1613e-10 -1.1131e-11 -7.7132e-13 -3.7005e-14 -1.1697e-15 -2.3013e-17 -2.6398e-19 -1.6374e-21 -5.0350e-24 -6.9402e-27 -3.8157e-30 -7.3046e-34 -4.1555e-38 -5.8361e-43 -1.6278e-48 -6.9794e-55 -3.3992e-62 -1.3138e-70 -2.6305e-80 -1.6390e-91 -1.7252e-104 -1.4699e-119 -4.1618e-137 -1.3270e-157 -1.2701e-181 -7.1900e-210 -3.2357e-243 -9.5528e-283 -0.0000e+00 -0.0000e+00 -0.0000e+00 -0.0000e+00 -0.0000e+00 -0.0000e+00 -0.0000e+00 -0.0000e+00 -0.0000e+00 -0.0000e+00 -0.0000e+00 -0.0000e+00 -0.0000e+00 -0.0000e+00 -0.0000e+00 -0.0000e+00 -0.0000e+00 -0.0000e+00 -0.0000e+00 -0.0000e+00 -0.0000e+00 -0.0000e+00 -0.0000e+00 -0.0000e+00 -0.0000e+00 -0.0000e+00 -0.0000e+00 -0.0000e+00 -0.0000e+00 -0.0000e+00 -4.0465e-06 -1.1453e-05 -2.1063e-05 -3.2468e-05 -4.5431e-05 -5.9773e-05 -7.5338e-05 -9.1960e-05 -1.0945e-04 -1.2758e-04 -1.4606e-04 -1.6453e-04 -1.8258e-04 -1.9968e-04 -2.1527e-04 0.0000e+00 -2.3927e-04 -2.4632e-04 -2.4920e-04 -2.4739e-04 -2.4057e-04 -2.2866e-04 -2.1193e-04 -1.9099e-04 -1.6683e-04 -1.4074e-04 -1.1419e-04 -8.8706e-05 -6.5630e-05 -4.5975e-05 -3.0293e-05 -1.8635e-05 -1.0613e-05 -5.5424e-06 -2.6260e-06 -1.1153e-06 -4.1881e-07 -1.3692e-07 -3.8295e-08 -8.9828e-09 -1.7278e-09 -2.6564e-10 -3.1705e-11 -2.8419e-12 -1.8420e-13 -8.2676e-15 -2.4453e-16 -4.5027e-18 -4.8349e-20 -2.8078e-22 -8.0843e-25 -1.0435e-27 -5.3723e-31 -9.6305e-35 -5.1297e-39 -6.7445e-44 -1.7607e-49 -7.0640e-56 -3.2180e-63 -1.1629e-71 -2.1758e-81 -1.2661e-92 -1.2439e-105 -9.8837e-121 -2.6077e-138 -7.7406e-159 -6.8896e-183 -3.6228e-211 -1.5125e-244 -4.1364e-284 -0.0000e+00 -0.0000e+00 -0.0000e+00 -0.0000e+00 -0.0000e+00 -0.0000e+00 -0.0000e+00 -0.0000e+00 -0.0000e+00 -0.0000e+00 -0.0000e+00 -0.0000e+00 -0.0000e+00 -0.0000e+00 -0.0000e+00 -0.0000e+00 -0.0000e+00 -0.0000e+00 -0.0000e+00 -0.0000e+00 -0.0000e+00 -0.0000e+00 -0.0000e+00 -0.0000e+00 -0.0000e+00 -0.0000e+00 -0.0000e+00 -0.0000e+00 -0.0000e+00 -0.0000e+00
