1.0199e-04 -1.6829e-05 -1.9626e-05 -2.1159e-05 -2.1659e-05 -2.1302e-05 -2.0256e-05 -1.8694e-05 -1.6784e-05 -1.4686e-05 -1.2537e-05 -1.0451e-05 -8.5132e-06 -6.7797e-06 -5.2808e-06 -4.0243e-06 -3.0012e-06 -2.1909e-06 -1.5658e-06 -1.0958e-06 -7.5099e-07 -5.0408e-07 -3.3142e-07 -2.1345e-07 -1.3468e-07 -8.3252e-08 -5.0422e-08 -2.9922e-08 -1.7399e-08 -9.9138e-09 -5.5354e-09 -3.0288e-09 -1.6241e-09 -8.5343e-10 -4.3951e-10 -2.2183e-10 -1.0973e-10 -5.3196e-11 -2.5276e-11 -1.1771e-11 -5.3723e-12 -2.4033e-12 -1.0537e-12 -4.5284e-13 -1.9074e-13 -7.8745e-14 -3.1864e-14 -1.2638e-14 -4.9128e-15 -1.8720e-15 -6.9912e-16 -2.5593e-16 -9.1828e-17 -3.2295e-17 -1.1133e-17 -3.7615e-18 -1.2457e-18 -4.0439e-19 -1.2867e-19 -4.0128e-20 -1.2267e-20 -3.6755e-21 -1.0795e-21 -3.1075e-22 -8.7683e-23 -2.4251e-23 -6.5741e-24 -1.7468e-24 -4.5496e-25 -1.1615e-25 -2.9063e-26 -7.1281e-27 -1.7136e-27 -4.0380e-28 -9.3264e-29 -2.1114e-29 -4.6853e-30 -1.0191e-30 -2.1726e-31 -4.5399e-32 -9.2987e-33 -1.8668e-33 -3.6736e-34 -7.0857e-35 -1.3396e-35 -2.4824e-36 -4.5089e-37 -8.0275e-38 -1.4008e-38 -2.3961e-39 -4.0171e-40 -6.6013e-41 -1.0633e-41 -1.6787e-42 -2.5978e-43 -3.9403e-44 -5.8582e-45 -8.5370e-46 -1.2194e-46 -1.7072e-47 0.0000e+00 1.6816e-05 1.9590e-05 2.1092e-05 2.1552e-05 2.1149e-05 2.0059e-05 1.8457e-05 1.6516e-05 1.4397e-05 1.2240e-05 1.0157e-05 8.2333e-06 6.5224e-06 5.0517e-06 3.8267e-06 2.8357e-06 2.0562e-06 1.4592e-06 1.0136e-06 6.8929e-07 4.5893e-07 2.9920e-07 1.9102e-07 1.1943e-07 7.3137e-08 4.3868e-08 2.5773e-08 1.4833e-08 8.3624e-09 4.6186e-09 2.4990e-09 1.3248e-09 6.8804e-10 3.5012e-10 1.7456e-10 8.5277e-11 4.0819e-11 1.9145e-11 8.7986e-12 3.9623e-12 1.7485e-12 7.5607e-13 3.2037e-13 1.3303e-13 5.4130e-14 2.1584e-14 8.4343e-15 3.2298e-15 1.2120e-15 4.4574e-16 1.6065e-16 5.6740e-17 1.9640e-17 6.6621e-18 2.2148e-18 7.2157e-19 2.3039e-19 7.2094e-20 2.2109e-20 6.6450e-21 1.9573e-21 5.6503e-22 1.5986e-22 4.4325e-23 1.2045e-23 3.2080e-24 8.3736e-25 2.1421e-25 5.3706e-26 1.3197e-26 3.1781e-27 7.5011e-28 1.7352e-28 3.9339e-29 8.7409e-30 1.9035e-30 4.0627e-31 8.4984e-32 1.7423e-32 3.5008e-33 6.8940e-34 1.3306e-34 2.5170e-35 4.6663e-36 8.4788e-37 1.5099e-37 2.6354e-38 4.5081e-39 7.5580e-40 1.2419e-40 2.0000e-41 3.1566e-42 4.8830e-43 7.4030e-44 1.1000e-44 1.6019e-45 2.2864e-46 3.1983e-47 4.3848e-48
-1.6829e-05 4.0790e-04 -2.7080e-05 -2.9318e-05 -3.0171e-05 -2.9865e-05 -2.8615e-05 -2.6638e-05 -2.4151e-05 -2.1359e-05 -1.8449e-05 -1.5575e-05 -1.2860e-05 -1.0390e-05 -8.2167e-06 -6.3624e-06 -4.8247e-06 -3.5837e-06 -2.6077e-06 -1.8591e-06 -1.2987e-06 -8.8893e-07 -5.9627e-07 -3.9197e-07 -2.5252e-07 -1.5943e-07 -9.8656e-08 -5.9832e-08 -3.5565e-08 -2.0719e-08 -1.1830e-08 -6.6208e-09 -3.6316e-09 -1.9523e-09 -1.0287e-09 -5.3127e-10 -2.6891e-10 -1.3341e-10 -6.4868e-11 -3.0914e-11 -1.4439e-11 -6.6102e-12 -2.9659e-12 -1.3043e-12 -5.6216e-13 -2.3747e-13 -9.8320e-14 -3.9897e-14 -1.5867e-14 -6.1850e-15 -2.3629e-15 -8.8474e-16 -3.2468e-16 -1.1678e-16 -4.1167e-17 -1.4223e-17 -4.8163e-18 -1.5985e-18 -5.1995e-19 -1.6576e-19 -5.1795e-20 -1.5862e-20 -4.7610e-21 -1.4006e-21 -4.0383e-22 -1.1412e-22 -3.1607e-23 -8.5801e-24 -2.2828e-24 -5.9529e-25 -1.5215e-25 -3.8113e-26 -9.3573e-27 -2.2517e-27 -5.3107e-28 -1.2276e-28 -2.7814e-29 -6.1766e-30 -1.3443e-30 -2.8678e-31 -5.9961e-32 -1.2288e-32 -2.4681e-33 -4.8587e-34 -9.3751e-35 -1.7730e-35 -3.2865e-36 -5.9710e-37 -1.0633e-37 -1.8558e-38 -3.1746e-39 -5.3229e-40 -8.7476e-41 -1.4090e-41 -2.2246e-42 -3.4424e-43 -5.2211e-44 -7.7616e-45 -1.1309e-45 -1.6151e-46 1.6816e-05 0.0000e+00 2.6886e-05 2.8946e-05 2.9578e-05 2.9025e-05 2.7529e-05 2.5330e-05 2.2666e-05 1.9757e-05 1.6796e-05 1.3938e-05 1.1298e-05 8.9493e-06 6.9309e-06 5.2496e-06 3.8897e-06 2.8201e-06 2.0010e-06 1.3897e-06 9.4482e-07 6.2890e-07 4.0989e-07 2.6160e-07 1.6350e-07 1.0008e-07 5.9996e-08 3.5229e-08 2.0262e-08 1.1416e-08 6.3000e-09 3.4059e-09 1.8038e-09 9.3587e-10 4.7568e-10 2.3687e-10 1.1555e-10 5.5229e-11 2.5861e-11 1.1864e-11 5.3323e-12 2.3481e-12 1.0130e-12 4.2819e-13 1.7732e-13 7.1946e-14 2.8599e-14 1.1138e-14 4.2496e-15 1.5886e-15 5.8176e-16 2.0873e-16 7.3366e-17 2.5263e-17 8.5222e-18 2.8162e-18 9.1168e-19 2.8911e-19 8.9805e-20 2.7325e-20 8.1437e-21 2.3772e-21 6.7967e-22 1.9031e-22 5.2189e-23 1.4015e-23 3.6855e-24 9.4897e-25 2.3924e-25 5.9049e-26 1.4267e-26 3.3743e-27 7.8108e-28 1.7693e-28 3.9217e-29 8.5040e-30 1.8037e-30 3.7413e-31 7.5872e-32 1.5039e-32 2.9127e-33 5.5096e-34 1.0174e-34 1.8332e-35 3.2202e-36 5.5105e-37 9.1751e-38 1.4843e-38 2.3285e-39 3.5330e-40 5.1648e-41 7.2341e-42 9.6216e-43 1.1965e-43 1.3494e-44 1.2800e-45 7.5553e-47 -5.8279e-48 -3.2546e-48 -7.9726e-49
-1.9626e-05 -2.7080e-05 9.1764e-04 -3.4699e-05 -3.6020e-05 -3.6029e-05 -3.4940e-05 -3.2972e-05 -3.0346e-05 -2.7280e-05 -2.3979e-05 -2.0623e-05 -1.7363e-05 -1.4315e-05 -1.1561e-05 -9.1469e-06 -7.0909e-06 -5.3864e-06 -4.0097e-06 -2.9250e-06 -2.0911e-06 -1.4651e-06 -1.0059e-06 -6.7689e-07 -4.4637e-07 -2.8847e-07 -1.8270e-07 -1.1339e-07 -6.8971e-08 -4.1111e-08 -2.4014e-08 -1.3747e-08 -7.7114e-09 -4.2392e-09 -2.2838e-09 -1.2057e-09 -6.2376e-10 -3.1624e-10 -1.5712e-10 -7.6501e-11 -3.6502e-11 -1.7068e-11 -7.8210e-12 -3.5121e-12 -1.5456e-12 -6.6657e-13 -2.8173e-13 -1.1669e-13 -4.7366e-14 -1.8843e-14 -7.3459e-15 -2.8066e-15 -1.0509e-15 -3.8564e-16 -1.3869e-16 -4.8882e-17 -1.6885e-17 -5.7162e-18 -1.8965e-18 -6.1668e-19 -1.9652e-19 -6.1380e-20 -1.8789e-20 -5.6366e-21 -1.6573e-21 -4.7759e-22 -1.3489e-22 -3.7337e-23 -1.0129e-23 -2.6933e-24 -7.0189e-25 -1.7927e-25 -4.4878e-26 -1.1011e-26 -2.6478e-27 -6.2406e-28 -1.4416e-28 -3.2638e-29 -7.2426e-30 -1.5752e-30 -3.3579e-31 -7.0157e-32 -1.4367e-32 -2.8836e-33 -5.6726e-34 -1.0937e-34 -2.0670e-35 -3.8286e-36 -6.9508e-37 -1.2368e-37 -2.1571e-38 -3.6875e-39 -6.1784e-40 -1.0146e-40 -1.6332e-41 -2.5766e-42 -3.9842e-43 -6.0386e-44 -8.9706e-45 -1.3062e-45 1.9590e-05 2.6886e-05 0.0000e+00 3.3723e-05 3.4458e-05 3.3814e-05 3.2070e-05 2.9507e-05 2.6402e-05 2.3011e-05 1.9560e-05 1.6229e-05 1.3151e-05 1.0415e-05 8.0631e-06 6.1046e-06 4.5209e-06 3.2757e-06 2.3225e-06 1.6116e-06 1.0946e-06 7.2771e-07 4.7363e-07 3.0179e-07 1.8828e-07 1.1500e-07 6.8782e-08 4.0280e-08 2.3097e-08 1.2968e-08 7.1292e-09 3.8376e-09 2.0226e-09 1.0437e-09 5.2732e-10 2.6082e-10 1.2629e-10 5.9861e-11 2.7772e-11 1.2611e-11 5.6037e-12 2.4366e-12 1.0365e-12 4.3133e-13 1.7554e-13 6.9857e-14 2.7176e-14 1.0331e-14 3.8369e-15 1.3914e-15 4.9248e-16 1.7000e-16 5.7194e-17 1.8733e-17 5.9660e-18 1.8443e-18 5.5215e-19 1.5958e-19 4.4316e-20 1.1740e-20 2.9319e-21 6.7512e-22 1.3657e-22 2.0960e-23 5.6198e-25 -1.3744e-24 -8.0126e-25 -3.3066e-25 -1.1783e-25 -3.8448e-26 -1.1786e-26 -3.4401e-27 -9.6360e-28 -2.6035e-28 -6.8088e-29 -1.7278e-29 -4.2618e-30 -1.0232e-30 -2.3939e-31 -5.4619e-32 -1.2161e-32 -2.6440e-33 -5.6153e-34 -1.1654e-34 -2.3645e-35 -4.6911e-36 -9.1025e-37 -1.7278e-37 -3.2090e-38 -5.8323e-39 -1.0375e-39 -1.8064e-40 -3.0790e-41 -5.1381e-42 -8.3953e-43 -1.3432e-43 -2.1045e-44 -3.2292e-45 -4.8527e-46 -7.1425e-47
-2.1159e-05 -2.9318e-05 -3.4699e-05 1.6310e-03 -4.0104e-05 -4.0677e-05 -4.0078e-05 -3.8490e-05 -3.6104e-05 -3.3118e-05 -2.9733e-05 -2.6139e-05 -2.2508e-05 -1.8988e-05 -1.5694e-05 -1.2711e-05 -1.0087e-05 -7.8441e-06 -5.9769e-06 -4.4624e-06 -3.2645e-06 -2.3400e-06 -1.6434e-06 -1.1309e-06 -7.6251e-07 -5.0373e-07 -3.2604e-07 -2.0677e-07 -1.2848e-07 -7.8222e-08 -4.6661e-08 -2.7272e-08 -1.5619e-08 -8.7642e-09 -4.8188e-09 -2.5961e-09 -1.3705e-09 -7.0891e-10 -3.5933e-10 -1.7847e-10 -8.6861e-11 -4.1426e-11 -1.9360e-11 -8.8665e-12 -3.9792e-12 -1.7500e-12 -7.5423e-13 -3.1855e-13 -1.3185e-13 -5.3479e-14 -2.1258e-14 -8.2810e-15 -3.1614e-15 -1.1828e-15 -4.3369e-16 -1.5585e-16 -5.4884e-17 -1.8943e-17 -6.4075e-18 -2.1242e-18 -6.9014e-19 -2.1976e-19 -6.8580e-20 -2.0976e-20 -6.2878e-21 -1.8473e-21 -5.3192e-22 -1.5011e-22 -4.1520e-23 -1.1255e-23 -2.9905e-24 -7.7874e-25 -1.9875e-25 -4.9718e-26 -1.2189e-26 -2.9291e-27 -6.8986e-28 -1.5924e-28 -3.6029e-29 -7.9894e-30 -1.7365e-30 -3.6991e-31 -7.7234e-32 -1.5805e-32 -3.1702e-33 -6.2325e-34 -1.2009e-34 -2.2681e-35 -4.1985e-36 -7.6176e-37 -1.3547e-37 -2.3612e-38 -4.0339e-39 -6.7548e-40 -1.1086e-40 -1.7834e-41 -2.8120e-42 -4.3459e-43 -6.5830e-44 -9.7740e-45 2.1092e-05 2.8946e-05 3.3723e-05 0.0000e+00 3.7097e-05 3.6402e-05 3.4521e-05 3.1758e-05 2.8411e-05 2.4756e-05 2.1036e-05 1.7445e-05 1.4128e-05 1.1180e-05 8.6471e-06 6.5388e-06 4.8354e-06 3.4973e-06 2.4743e-06 1.7126e-06 1.1596e-06 7.6821e-07 4.9790e-07 3.1571e-07 1.9584e-07 1.1884e-07 7.0533e-08 4.0941e-08 2.3238e-08 1.2894e-08 6.9931e-09 3.7058e-09 1.9181e-09 9.6933e-10 4.7799e-10 2.2985e-10 1.0769e-10 4.9107e-11 2.1765e-11 9.3592e-12 3.8947e-12 1.5630e-12 6.0171e-13 2.2041e-13 7.5756e-14 2.3784e-14 6.4048e-15 1.1845e-15 -9.8998e-17 -2.6398e-16 -1.8826e-16 -1.0374e-16 -5.0478e-17 -2.2697e-17 -9.6314e-18 -3.9018e-18 -1.5195e-18 -5.7148e-19 -2.0821e-19 -7.3652e-20 -2.5338e-20 -8.4883e-21 -2.7718e-21 -8.8292e-22 -2.7453e-22 -8.3367e-23 -2.4735e-23 -7.1733e-24 -2.0339e-24 -5.6399e-25 -1.5298e-25 -4.0597e-26 -1.0543e-26 -2.6794e-27 -6.6655e-28 -1.6233e-28 -3.8702e-29 -9.0349e-30 -2.0653e-30 -4.6234e-31 -1.0136e-31 -2.1764e-32 -4.5772e-33 -9.4291e-34 -1.9027e-34 -3.7611e-35 -7.2833e-36 -1.3817e-36 -2.5680e-37 -4.6762e-38 -8.3427e-39 -1.4583e-39 -2.4976e-40 -4.1914e-41 -6.8922e-42 -1.1105e-42 -1.7533e-43 -2.7125e-44 -4.1123e-45 -6.1093e-46
-2.1659e-05 -3.0171e-05 -3.6020e-05 -4.0104e-05 2.5477e-03 -4.4087e-05 -4.4263e-05 -4.3384e-05 -4.1581e-05 -3.9006e-05 -3.5832e-05 -3.2243e-05 -2.8423e-05 -2.4546e-05 -2.0768e-05 -1.7213e-05 -1.3977e-05 -1.1118e-05 -8.6626e-06 -6.6118e-06 -4.9435e-06 -3.6205e-06 -2.5974e-06 -1.8254e-06 -1.2566e-06 -8.4744e-07 -5.5984e-07 -3.6232e-07 -2.2971e-07 -1.4268e-07 -8.6824e-08 -5.1762e-08 -3.0234e-08 -1.7302e-08 -9.7016e-09 -5.3299e-09 -2.8690e-09 -1.5132e-09 -7.8206e-10 -3.9604e-10 -1.9653e-10 -9.5561e-11 -4.5533e-11 -2.1260e-11 -9.7275e-12 -4.3616e-12 -1.9164e-12 -8.2520e-13 -3.4821e-13 -1.4399e-13 -5.8354e-14 -2.3176e-14 -9.0204e-15 -3.4407e-15 -1.2862e-15 -4.7123e-16 -1.6920e-16 -5.9538e-17 -2.0533e-17 -6.9400e-18 -2.2989e-18 -7.4636e-19 -2.3748e-19 -7.4058e-20 -2.2635e-20 -6.7804e-21 -1.9906e-21 -5.7280e-22 -1.6154e-22 -4.4651e-23 -1.2096e-23 -3.2119e-24 -8.3586e-25 -2.1320e-25 -5.3299e-26 -1.3060e-26 -3.1363e-27 -7.3823e-28 -1.7031e-28 -3.8511e-29 -8.5351e-30 -1.8540e-30 -3.9474e-31 -8.2376e-32 -1.6849e-32 -3.3778e-33 -6.6371e-34 -1.2783e-34 -2.4129e-35 -4.4644e-36 -8.0962e-37 -1.4391e-37 -2.5072e-38 -4.2813e-39 -7.1658e-40 -1.1756e-40 -1.8903e-41 -2.9792e-42 -4.6022e-43 -6.9685e-44 2.1552e-05 2.9578e-05 3.4458e-05 3.7097e-05 0.0000e+00 3.7188e-05 3.5261e-05 3.2430e-05 2.9000e-05 2.5256e-05 2.1443e-05 1.7765e-05 1.4368e-05 1.1350e-05 8.7597e-06 6.6060e-06 4.8687e-06 3.5068e-06 2.4686e-06 1.6982e-06 1.1414e-06 7.4950e-07 4.8063e-07 3.0090e-07 1.8382e-07 1.0952e-07 6.3585e-08 3.5940e-08 1.9751e-08 1.0536e-08 5.4432e-09 2.7145e-09 1.3006e-09 5.9432e-10 2.5588e-10 1.0147e-10 3.5244e-11 9.1791e-12 2.6519e-13 -1.9549e-12 -1.9253e-12 -1.3642e-12 -8.3795e-13 -4.7214e-13 -2.5014e-13 -1.2626e-13 -6.1187e-14 -2.8613e-14 -1.2955e-14 -5.6929e-15 -2.4324e-15 -1.0119e-15 -4.1025e-16 -1.6225e-16 -6.2632e-17 -2.3612e-17 -8.6976e-18 -3.1314e-18 -1.1023e-18 -3.7950e-19 -1.2781e-19 -4.2113e-20 -1.3580e-20 -4.2857e-21 -1.3240e-21 -4.0042e-22 -1.1857e-22 -3.4378e-23 -9.7610e-24 -2.7142e-24 -7.3917e-25 -1.9717e-25 -5.1515e-26 -1.3185e-26 -3.3056e-27 -8.1189e-28 -1.9536e-28 -4.6055e-29 -1.0637e-29 -2.4072e-30 -5.3374e-31 -1.1596e-31 -2.4685e-32 -5.1490e-33 -1.0525e-33 -2.1080e-34 -4.1374e-35 -7.9576e-36 -1.4998e-36 -2.7703e-37 -5.0144e-38 -8.8948e-39 -1.5463e-39 -2.6343e-40 -4.3983e-41 -7.1968e-42 -1.1541e-42 -1.8138e-43 -2.7939e-44 -4.2176e-45
-2.1302e-05 -2.9865e-05 -3.6029e-05 -4.0677e-05 -4.4087e-05 3.6675e-03 -4.7528e-05 -4.7628e-05 -4.6707e-05 -4.4849e-05 -4.2178e-05 -3.8852e-05 -3.5052e-05 -3.0973e-05 -2.6803e-05 -2.2715e-05 -1.8852e-05 -1.5322e-05 -1.2195e-05 -9.5047e-06 -7.2550e-06 -5.4233e-06 -3.9705e-06 -2.8470e-06 -1.9994e-06 -1.3754e-06 -9.2671e-07 -6.1165e-07 -3.9545e-07 -2.5047e-07 -1.5541e-07 -9.4469e-08 -5.6260e-08 -3.2826e-08 -1.8765e-08 -1.0511e-08 -5.7682e-09 -3.1017e-09 -1.6343e-09 -8.4376e-10 -4.2686e-10 -2.1161e-10 -1.0280e-10 -4.8934e-11 -2.2827e-11 -1.0435e-11 -4.6746e-12 -2.0522e-12 -8.8289e-13 -3.7224e-13 -1.5381e-13 -6.2281e-14 -2.4716e-14 -9.6125e-15 -3.6639e-15 -1.3686e-15 -5.0106e-16 -1.7978e-16 -6.3219e-17 -2.1788e-17 -7.3592e-18 -2.4362e-18 -7.9043e-19 -2.5135e-19 -7.8335e-20 -2.3928e-20 -7.1634e-21 -2.1019e-21 -6.0447e-22 -1.7038e-22 -4.7069e-23 -1.2745e-23 -3.3822e-24 -8.7973e-25 -2.2428e-25 -5.6040e-26 -1.3725e-26 -3.2945e-27 -7.7509e-28 -1.7873e-28 -4.0397e-29 -8.9492e-30 -1.9431e-30 -4.1353e-31 -8.6260e-32 -1.7636e-32 -3.5341e-33 -6.9416e-34 -1.3364e-34 -2.5217e-35 -4.6638e-36 -8.4546e-37 -1.5022e-37 -2.6163e-38 -4.4660e-39 -7.4723e-40 -1.2254e-40 -1.9698e-41 -3.1034e-42 -4.7926e-43 2.1149e-05 2.9025e-05 3.3814e-05 3.6402e-05 3.7188e-05 0.0000e+00 3.4579e-05 3.1787e-05 2.8404e-05 2.4710e-05 2.0950e-05 1.7322e-05 1.3974e-05 1.1002e-05 8.4546e-06 6.3413e-06 4.6415e-06 3.3146e-06 2.3083e-06 1.5668e-06 1.0357e-06 6.6604e-07 4.1611e-07 2.5206e-07 1.4765e-07 8.3309e-08 4.5016e-08 2.3077e-08 1.1040e-08 4.7684e-09 1.7094e-09 3.5128e-10 -1.6191e-10 -2.9070e-10 -2.6788e-10 -2.0169e-10 -1.3639e-10 -8.5874e-11 -5.1236e-11 -2.9256e-11 -1.6087e-11 -8.5525e-12 -4.4089e-12 -2.2083e-12 -1.0764e-12 -5.1117e-13 -2.3672e-13 -1.0698e-13 -4.7213e-14 -2.0355e-14 -8.5773e-15 -3.5336e-15 -1.4237e-15 -5.6111e-16 -2.1637e-16 -8.1650e-17 -3.0157e-17 -1.0903e-17 -3.8592e-18 -1.3375e-18 -4.5389e-19 -1.5084e-19 -4.9095e-20 -1.5651e-20 -4.8869e-21 -1.4947e-21 -4.4785e-22 -1.3146e-22 -3.7802e-23 -1.0650e-23 -2.9396e-24 -7.9502e-25 -2.1067e-25 -5.4700e-26 -1.3917e-26 -3.4695e-27 -8.4757e-28 -2.0290e-28 -4.7598e-29 -1.0942e-29 -2.4651e-30 -5.4423e-31 -1.1775e-31 -2.4967e-32 -5.1883e-33 -1.0566e-33 -2.1089e-34 -4.1251e-35 -7.9082e-36 -1.4858e-36 -2.7361e-37 -4.9381e-38 -8.7347e-39 -1.5143e-39 -2.5730e-40 -4.2849e-41 -6.9940e-42 -1.1189e-42 -1.7544e-43 -2.6963e-44
-2.0256e-05 -2.8615e-05 -3.4940e-05 -4.0078e-05 -4.4263e-05 -4.7528e-05 4.9900e-03 -5.1100e-05 -5.1301e-05 -5.0429e-05 -4.8540e-05 -4.5746e-05 -4.2211e-05 -3.8130e-05 -3.3719e-05 -2.9191e-05 -2.4739e-05 -2.0526e-05 -1.6673e-05 -1.3260e-05 -1.0326e-05 -7.8736e-06 -5.8791e-06 -4.2991e-06 -3.0788e-06 -2.1595e-06 -1.4836e-06 -9.9837e-07 -6.5811e-07 -4.2496e-07 -2.6883e-07 -1.6660e-07 -1.0115e-07 -6.0170e-08 -3.5068e-08 -2.0025e-08 -1.1204e-08 -6.1425e-09 -3.2997e-09 -1.7369e-09 -8.9586e-10 -4.5280e-10 -2.2427e-10 -1.0885e-10 -5.1771e-11 -2.4130e-11 -1.1022e-11 -4.9336e-12 -2.1642e-12 -9.3040e-13 -3.9199e-13 -1.6185e-13 -6.5493e-14 -2.5973e-14 -1.0095e-14 -3.8453e-15 -1.4355e-15 -5.2522e-16 -1.8834e-16 -6.6189e-17 -2.2798e-17 -7.6963e-18 -2.5464e-18 -8.2575e-19 -2.6244e-19 -8.1751e-20 -2.4959e-20 -7.4685e-21 -2.1904e-21 -6.2962e-22 -1.7739e-22 -4.8983e-23 -1.3257e-23 -3.5167e-24 -9.1434e-25 -2.3300e-25 -5.8198e-26 -1.4247e-26 -3.4186e-27 -8.0400e-28 -1.8533e-28 -4.1873e-29 -9.2729e-30 -2.0127e-30 -4.2819e-31 -8.9288e-32 -1.8249e-32 -3.6558e-33 -7.1783e-34 -1.3815e-34 -2.6060e-35 -4.8184e-36 -8.7322e-37 -1.5511e-37 -2.7006e-38 -4.6087e-39 -7.7089e-40 -1.2639e-40 -2.0310e-41 -3.1991e-42 2.0059e-05 2.7529e-05 3.2070e-05 3.4521e-05 3.5261e-05 3.4579e-05 0.0000e+00 3.0088e-05 2.6852e-05 2.3318e-05 1.9720e-05 1.6250e-05 1.3049e-05 1.0212e-05 7.7857e-06 5.7799e-06 4.1747e-06 2.9302e-06 1.9954e-06 1.3153e-06 8.3643e-07 5.1059e-07 2.9685e-07 1.6220e-07 8.1204e-08 3.5133e-08 1.0784e-08 -7.4964e-10 -5.1990e-09 -6.0665e-09 -5.3664e-09 -4.1710e-09 -2.9904e-09 -2.0218e-09 -1.3047e-09 -8.0934e-10 -4.8490e-10 -2.8149e-10 -1.5869e-10 -8.7030e-11 -4.6490e-11 -2.4214e-11 -1.2306e-11 -6.1066e-12 -2.9603e-12 -1.4026e-12 -6.4970e-13 -2.9433e-13 -1.3043e-13 -5.6556e-14 -2.3999e-14 -9.9676e-15 -4.0527e-15 -1.6133e-15 -6.2881e-16 -2.4001e-16 -8.9716e-17 -3.2846e-17 -1.1778e-17 -4.1373e-18 -1.4236e-18 -4.7988e-19 -1.5848e-19 -5.1275e-20 -1.6254e-20 -5.0486e-21 -1.5364e-21 -4.5817e-22 -1.3388e-22 -3.8334e-23 -1.0756e-23 -2.9574e-24 -7.9686e-25 -2.1041e-25 -5.4448e-26 -1.3808e-26 -3.4317e-27 -8.3584e-28 -1.9952e-28 -4.6677e-29 -1.0702e-29 -2.4049e-30 -5.2966e-31 -1.1433e-31 -2.4187e-32 -5.0151e-33 -1.0192e-33 -2.0301e-34 -3.9631e-35 -7.5832e-36 -1.4222e-36 -2.6142e-37 -4.7099e-38 -8.3171e-39 -1.4396e-39 -2.4422e-40 -4.0609e-41 -6.6185e-42 -1.0573e-42 -1.6555e-43
-1.8694e-05 -2.6638e-05 -3.2972e-05 -3.8490e-05 -4.3384e-05 -4.7628e-05 -5.1100e-05 6.5148e-03 -5.5133e-05 -5.5461e-05 -5.4606e-05 -5.2617e-05 -4.9614e-05 -4.5780e-05 -4.1338e-05 -3.6530e-05 -3.1592e-05 -2.6743e-05 -2.2159e-05 -1.7974e-05 -1.4273e-05 -1.1098e-05 -8.4496e-06 -6.2998e-06 -4.5998e-06 -3.2894e-06 -2.3039e-06 -1.5807e-06 -1.0623e-06 -6.9932e-07 -4.5101e-07 -2.8496e-07 -1.7639e-07 -1.0698e-07 -6.3566e-08 -3.7008e-08 -2.1112e-08 -1.1801e-08 -6.4634e-09 -3.4689e-09 -1.8243e-09 -9.4018e-10 -4.7480e-10 -2.3498e-10 -1.1396e-10 -5.4161e-11 -2.5226e-11 -1.1514e-11 -5.1505e-12 -2.2579e-12 -9.7003e-13 -4.0843e-13 -1.6854e-13 -6.8159e-14 -2.7015e-14 -1.0494e-14 -3.9950e-15 -1.4906e-15 -5.4510e-16 -1.9537e-16 -6.8627e-17 -2.3627e-17 -7.9722e-18 -2.6365e-18 -8.5458e-19 -2.7149e-19 -8.4534e-20 -2.5798e-20 -7.7164e-21 -2.2622e-21 -6.5002e-22 -1.8307e-22 -5.0532e-23 -1.3672e-23 -3.6254e-24 -9.4227e-25 -2.4004e-25 -5.9935e-26 -1.4668e-26 -3.5185e-27 -8.2722e-28 -1.9063e-28 -4.3057e-29 -9.5322e-30 -2.0684e-30 -4.3992e-31 -9.1709e-32 -1.8739e-32 -3.7529e-33 -7.3670e-34 -1.4175e-34 -2.6732e-35 -4.9414e-36 -8.9530e-37 -1.5900e-37 -2.7676e-38 -4.7220e-39 -7.8966e-40 -1.2944e-40 -2.0796e-41 1.8457e-05 2.5330e-05 2.9507e-05 3.1758e-05 3.2430e-05 3.1787e-05 3.0088e-05 0.0000e+00 2.4581e-05 2.1285e-05 1.7927e-05 1.4689e-05 1.1705e-05 9.0647e-06 6.8143e-06 4.9637e-06 3.4942e-06 2.3677e-06 1.5349e-06 9.4256e-07 5.3852e-07 2.7588e-07 1.1484e-07 2.3425e-08 -2.2705e-08 -4.1208e-08 -4.4211e-08 -3.9574e-08 -3.2047e-08 -2.4248e-08 -1.7421e-08 -1.1995e-08 -7.9604e-09 -5.1120e-09 -3.1852e-09 -1.9293e-09 -1.1378e-09 -6.5398e-10 -3.6671e-10 -2.0074e-10 -1.0734e-10 -5.6088e-11 -2.8653e-11 -1.4315e-11 -6.9956e-12 -3.3450e-12 -1.5653e-12 -7.1695e-13 -3.2147e-13 -1.4113e-13 -6.0667e-14 -2.5539e-14 -1.0529e-14 -4.2518e-15 -1.6818e-15 -6.5161e-16 -2.4733e-16 -9.1973e-17 -3.3507e-17 -1.1960e-17 -4.1830e-18 -1.4334e-18 -4.8133e-19 -1.5837e-19 -5.1063e-20 -1.6134e-20 -4.9953e-21 -1.5157e-21 -4.5069e-22 -1.3133e-22 -3.7507e-23 -1.0498e-23 -2.8795e-24 -7.7411e-25 -2.0396e-25 -5.2667e-26 -1.3329e-26 -3.3063e-27 -8.0381e-28 -1.9153e-28 -4.4730e-29 -1.0239e-29 -2.2971e-30 -5.0512e-31 -1.0887e-31 -2.2998e-32 -4.7620e-33 -9.6644e-34 -1.9225e-34 -3.7483e-35 -7.1633e-36 -1.3418e-36 -2.4636e-37 -4.4337e-38 -7.8208e-39 -1.3522e-39 -2.2917e-40 -3.8068e-41 -6.1984e-42 -9.8925e-43
-1.6784e-05 -2.4151e-05 -3.0346e-05 -3.6104e-05 -4.1581e-05 -4.6707e-05 -5.1301e-05 -5.5133e-05 8.2414e-03 -5.9652e-05 -6.0036e-05 -5.9103e-05 -5.6912e-05 -5.3607e-05 -4.9397e-05 -4.4534e-05 -3.9286e-05 -3.3916e-05 -2.8657e-05 -2.3702e-05 -1.9192e-05 -1.5214e-05 -1.1810e-05 -8.9766e-06 -6.6822e-06 -4.8717e-06 -3.4788e-06 -2.4333e-06 -1.6672e-06 -1.1190e-06 -7.3577e-07 -4.7397e-07 -2.9913e-07 -1.8497e-07 -1.1206e-07 -6.6524e-08 -3.8694e-08 -2.2053e-08 -1.2316e-08 -6.7401e-09 -3.6145e-09 -1.8994e-09 -9.7815e-10 -4.9362e-10 -2.4412e-10 -1.1831e-10 -5.6194e-11 -2.6156e-11 -1.1931e-11 -5.3340e-12 -2.3370e-12 -1.0035e-12 -4.2228e-13 -1.7416e-13 -7.0398e-14 -2.7888e-14 -1.0828e-14 -4.1204e-15 -1.5367e-15 -5.6170e-16 -2.0123e-16 -7.0657e-17 -2.4316e-17 -8.2016e-18 -2.7113e-18 -8.7851e-19 -2.7899e-19 -8.6838e-20 -2.6492e-20 -7.9214e-21 -2.3215e-21 -6.6685e-22 -1.8775e-22 -5.1809e-23 -1.4013e-23 -3.7147e-24 -9.6522e-25 -2.4582e-25 -6.1361e-26 -1.5013e-26 -3.6003e-27 -8.4624e-28 -1.9496e-28 -4.4025e-29 -9.7442e-30 -2.1139e-30 -4.4950e-31 -9.3684e-32 -1.9138e-32 -3.8321e-33 -7.5208e-34 -1.4468e-34 -2.7279e-35 -5.0415e-36 -9.1326e-37 -1.6215e-37 -2.8220e-38 -4.8139e-39 -8.0490e-40 -1.3191e-40 1.6516e-05 2.2666e-05 2.6402e-05 2.8411e-05 2.9000e-05 2.8404e-05 2.6852e-05 2.4581e-05 0.0000e+00 1.8816e-05 1.5747e-05 1.2786e-05 1.0060e-05 7.6528e-06 5.6104e-06 3.9429e-06 2.6338e-06 1.6475e-06 9.3711e-07 4.5124e-07 1.3950e-07 -4.3783e-08 -1.3737e-07 -1.7225e-07 -1.7183e-07 -1.5273e-07 -1.2599e-07 -9.8343e-08 -7.3417e-08 -5.2766e-08 -3.6667e-08 -2.4709e-08 -1.6182e-08 -1.0315e-08 -6.4080e-09 -3.8831e-09 -2.2971e-09 -1.3273e-09 -7.4949e-10 -4.1376e-10 -2.2338e-10 -1.1798e-10 -6.0969e-11 -3.0836e-11 -1.5266e-11 -7.3989e-12 -3.5112e-12 -1.6316e-12 -7.4256e-13 -3.3098e-13 -1.4451e-13 -6.1802e-14 -2.5893e-14 -1.0628e-14 -4.2736e-15 -1.6838e-15 -6.5000e-16 -2.4587e-16 -9.1129e-17 -3.3097e-17 -1.1779e-17 -4.1083e-18 -1.4042e-18 -4.7032e-19 -1.5438e-19 -4.9663e-20 -1.5658e-20 -4.8379e-21 -1.4650e-21 -4.3481e-22 -1.2648e-22 -3.6058e-23 -1.0076e-23 -2.7593e-24 -7.4066e-25 -1.9486e-25 -5.0247e-26 -1.2699e-26 -3.1459e-27 -7.6386e-28 -1.8179e-28 -4.2405e-29 -9.6956e-30 -2.1728e-30 -4.7729e-31 -1.0277e-31 -2.1688e-32 -4.4863e-33 -9.0963e-34 -1.8078e-34 -3.5217e-35 -6.7246e-36 -1.2586e-36 -2.3090e-37 -4.1521e-38 -7.3187e-39 -1.2645e-39 -2.1414e-40 -3.5548e-41 -5.7841e-42
-1.4686e-05 -2.1359e-05 -2.7280e-05 -3.3118e-05 -3.9006e-05 -4.4849e-05 -5.0429e-05 -5.5461e-05 -5.9652e-05 1.0170e-02 -6.4497e-05 -6.4831e-05 -6.3718e-05 -6.1238e-05 -5.7562e-05 -5.2927e-05 -4.7612e-05 -4.1912e-05 -3.6107e-05 -3.0448e-05 -2.5135e-05 -2.0314e-05 -1.6076e-05 -1.2458e-05 -9.4546e-06 -7.0275e-06 -5.1163e-06 -3.6485e-06 -2.5487e-06 -1.7442e-06 -1.1693e-06 -7.6803e-07 -4.9424e-07 -3.1161e-07 -1.9250e-07 -1.1652e-07 -6.9110e-08 -4.0165e-08 -2.2873e-08 -1.2764e-08 -6.9802e-09 -3.7406e-09 -1.9644e-09 -1.0109e-09 -5.0984e-10 -2.5199e-10 -1.2205e-10 -5.7938e-11 -2.6953e-11 -1.2289e-11 -5.4909e-12 -2.4045e-12 -1.0320e-12 -4.3408e-13 -1.7895e-13 -7.2300e-14 -2.8630e-14 -1.1111e-14 -4.2265e-15 -1.5757e-15 -5.7574e-16 -2.0619e-16 -7.2371e-17 -2.4897e-17 -8.3949e-18 -2.7743e-18 -8.9863e-19 -2.8529e-19 -8.8773e-20 -2.7074e-20 -8.0932e-21 -2.3712e-21 -6.8095e-22 -1.9166e-22 -5.2876e-23 -1.4298e-23 -3.7894e-24 -9.8439e-25 -2.5064e-25 -6.2551e-26 -1.5301e-26 -3.6684e-27 -8.6209e-28 -1.9857e-28 -4.4831e-29 -9.9205e-30 -2.1518e-30 -4.5746e-31 -9.5325e-32 -1.9470e-32 -3.8978e-33 -7.6484e-34 -1.4711e-34 -2.7732e-35 -5.1245e-36 -9.2813e-37 -1.6477e-37 -2.8671e-38 -4.8900e-39 -8.1750e-40 1.4397e-05 1.9757e-05 2.3011e-05 2.4756e-05 2.5256e-05 2.4710e-05 2.3318e-05 2.1285e-05 1.8816e-05 0.0000e+00 1.3352e-05 1.0687e-05 8.2345e-06 6.0744e-06 4.2507e-06 2.7755e-06 1.6354e-06 7.9792e-07 2.1902e-07 -1.5030e-07 -3.5881e-07 -4.5113e-07 -4.6536e-07 -4.3196e-07 -3.7380e-07 -3.0683e-07 -2.4126e-07 -1.8282e-07 -1.3405e-07 -9.5377e-08 -6.5979e-08 -4.4445e-08 -2.9187e-08 -1.8702e-08 -1.1702e-08 -7.1529e-09 -4.2738e-09 -2.4970e-09 -1.4270e-09 -7.9785e-10 -4.3656e-10 -2.3381e-10 -1.2259e-10 -6.2934e-11 -3.1637e-11 -1.5575e-11 -7.5100e-12 -3.5470e-12 -1.6410e-12 -7.4376e-13 -3.3026e-13 -1.4367e-13 -6.1241e-14 -2.5577e-14 -1.0467e-14 -4.1975e-15 -1.6494e-15 -6.3518e-16 -2.3970e-16 -8.8646e-17 -3.2128e-17 -1.1412e-17 -3.9725e-18 -1.3553e-18 -4.5317e-19 -1.4851e-19 -4.7700e-20 -1.5016e-20 -4.6331e-21 -1.4011e-21 -4.1529e-22 -1.2065e-22 -3.4354e-23 -9.5881e-24 -2.6229e-24 -7.0329e-25 -1.8484e-25 -4.7614e-26 -1.2023e-26 -2.9755e-27 -7.2182e-28 -1.7164e-28 -4.0004e-29 -9.1391e-30 -2.0465e-30 -4.4921e-31 -9.6648e-32 -2.0382e-32 -4.2133e-33 -8.5372e-34 -1.6956e-34 -3.3010e-35 -6.2994e-36 -1.1783e-36 -2.1605e-37 -3.8829e-38 -6.8404e-39 -1.1812e-39 -1.9994e-40 -3.3173e-41
-1.2537e-05 -1.8449e-05 -2.3979e-05 -2.9733e-05 -3.5832e-05 -4.2178e-05 -4.8540e-05 -5.4606e-05 -6.0036e-05 -6.4497e-05 1.2299e-02 -6.9457e-05 -6.9645e-05 -6.8273e-05 -6.5446e-05 -6.1361e-05 -5.6282e-05 -5.0512e-05 -4.4366e-05 -3.8142e-05 -3.2100e-05 -2.6450e-05 -2.1340e-05 -1.6860e-05 -1.3046e-05 -9.8864e-06 -7.3385e-06 -5.3358e-06 -3.8005e-06 -2.6518e-06 -1.8128e-06 -1.2141e-06 -7.9664e-07 -5.1217e-07 -3.2263e-07 -1.9914e-07 -1.2044e-07 -7.1381e-08 -4.1454e-08 -2.3591e-08 -1.3156e-08 -7.1898e-09 -3.8505e-09 -2.0209e-09 -1.0394e-09 -5.2392e-10 -2.5881e-10 -1.2529e-10 -5.9446e-11 -2.7642e-11 -1.2597e-11 -5.6261e-12 -2.4627e-12 -1.0565e-12 -4.4421e-13 -1.8305e-13 -7.3933e-14 -2.9266e-14 -1.1354e-14 -4.3174e-15 -1.6090e-15 -5.8774e-16 -2.1042e-16 -7.3834e-17 -2.5393e-17 -8.5596e-18 -2.8280e-18 -9.1577e-19 -2.9066e-19 -9.0419e-20 -2.7569e-20 -8.2392e-21 -2.4134e-21 -6.9291e-22 -1.9499e-22 -5.3781e-23 -1.4539e-23 -3.8526e-24 -1.0006e-24 -2.5472e-25 -6.3557e-26 -1.5544e-26 -3.7261e-27 -8.7547e-28 -2.0162e-28 -4.5511e-29 -1.0069e-29 -2.1837e-30 -4.6417e-31 -9.6707e-32 -1.9749e-32 -3.9531e-33 -7.7558e-34 -1.4915e-34 -2.8114e-35 -5.1942e-36 -9.4064e-37 -1.6697e-37 -2.9050e-38 -4.9540e-39 1.2240e-05 1.6796e-05 1.9560e-05 2.1036e-05 2.1443e-05 2.0950e-05 1.9720e-05 1.7927e-05 1.5747e-05 1.3352e-05 0.0000e+00 8.5301e-06 6.3470e-06 4.4274e-06 2.8152e-06 1.5253e-06 5.4791e-07 -1.4537e-07 -5.9489e-07 -8.4705e-07 -9.4899e-07 -9.4455e-07 -8.7165e-07 -7.6088e-07 -6.3525e-07 -5.1065e-07 -3.9698e-07 -2.9935e-07 -2.1943e-07 -1.5661e-07 -1.0895e-07 -7.3960e-08 -4.9023e-08 -3.1747e-08 -2.0097e-08 -1.2440e-08 -7.5325e-09 -4.4627e-09 -2.5876e-09 -1.4686e-09 -8.1606e-10 -4.4401e-10 -2.3657e-10 -1.2345e-10 -6.3099e-11 -3.1592e-11 -1.5495e-11 -7.4457e-12 -3.5053e-12 -1.6169e-12 -7.3076e-13 -3.2363e-13 -1.4044e-13 -5.9725e-14 -2.4890e-14 -1.0165e-14 -4.0684e-15 -1.5958e-15 -6.1344e-16 -2.3111e-16 -8.5336e-17 -3.0882e-17 -1.0954e-17 -3.8079e-18 -1.2975e-18 -4.3330e-19 -1.4183e-19 -4.5503e-20 -1.4309e-20 -4.4103e-21 -1.3324e-21 -3.9455e-22 -1.1452e-22 -3.2581e-23 -9.0854e-24 -2.4834e-24 -6.6535e-25 -1.7473e-25 -4.4979e-26 -1.1349e-26 -2.8069e-27 -6.8049e-28 -1.6171e-28 -3.7666e-29 -8.5999e-30 -1.9247e-30 -4.2223e-31 -9.0794e-32 -1.9138e-32 -3.9541e-33 -8.0079e-34 -1.5897e-34 -3.0935e-35 -5.9006e-36 -1.1032e-36 -2.0220e-37 -3.6324e-38 -6.3966e-39 -1.1041e-39 -1.8682e-40
-1.0451e-05 -1.5575e-05 -2.0623e-05 -2.6139e-05 -3.2243e-05 -3.8852e-05 -4.5746e-05 -5.2617e-05 -5.9103e-05 -6.4831e-05 -6.9457e-05 1.4629e-02 -7.4345e-05 -7.4321e-05 -7.2644e-05 -6.9443e-05 -6.4940e-05 -5.9420e-05 -5.3208e-05 -4.6635e-05 -4.0014e-05 -3.3614e-05 -2.7650e-05 -2.2273e-05 -1.7572e-05 -1.3577e-05 -1.0276e-05 -7.6183e-06 -5.5329e-06 -3.9366e-06 -2.7440e-06 -1.8740e-06 -1.2539e-06 -8.2206e-07 -5.2808e-07 -3.3240e-07 -2.0501e-07 -1.2391e-07 -7.3384e-08 -4.2590e-08 -2.4222e-08 -1.3500e-08 -7.3736e-09 -3.9468e-09 -2.0703e-09 -1.0643e-09 -5.3622e-10 -2.6476e-10 -1.2812e-10 -6.0760e-11 -2.8241e-11 -1.2865e-11 -5.7435e-12 -2.5132e-12 -1.0778e-12 -4.5300e-13 -1.8661e-13 -7.5346e-14 -2.9816e-14 -1.1564e-14 -4.3959e-15 -1.6378e-15 -5.9809e-16 -2.1407e-16 -7.5095e-17 -2.5820e-17 -8.7014e-18 -2.8742e-18 -9.3050e-19 -2.9527e-19 -9.1833e-20 -2.7995e-20 -8.3646e-21 -2.4497e-21 -7.0317e-22 -1.9784e-22 -5.4557e-23 -1.4746e-23 -3.9068e-24 -1.0145e-24 -2.5821e-25 -6.4418e-26 -1.5752e-26 -3.7753e-27 -8.8691e-28 -2.0422e-28 -4.6092e-29 -1.0196e-29 -2.2109e-30 -4.6989e-31 -9.7887e-32 -1.9987e-32 -4.0003e-33 -7.8475e-34 -1.5089e-34 -2.8439e-35 -5.2537e-36 -9.5129e-37 -1.6884e-37 -2.9372e-38 1.0157e-05 1.3938e-05 1.6229e-05 1.7445e-05 1.7765e-05 1.7322e-05 1.6250e-05 1.4689e-05 1.2786e-05 1.0687e-05 8.5301e-06 0.0000e+00 4.5033e-06 2.8041e-06 1.3830e-06 2.5822e-07 -5.7510e-07 -1.1402e-06 -1.4731e-06 -1.6170e-06 -1.6172e-06 -1.5170e-06 -1.3545e-06 -1.1612e-06 -9.6086e-07 -7.7033e-07 -5.9983e-07 -4.5449e-07 -3.3555e-07 -2.4166e-07 -1.6990e-07 -1.1669e-07 -7.8329e-08 -5.1413e-08 -3.3009e-08 -2.0735e-08 -1.2747e-08 -7.6712e-09 -4.5196e-09 -2.6073e-09 -1.4730e-09 -8.1508e-10 -4.4176e-10 -2.3454e-10 -1.2199e-10 -6.2163e-11 -3.1036e-11 -1.5182e-11 -7.2775e-12 -3.4183e-12 -1.5734e-12 -7.0968e-13 -3.1370e-13 -1.3589e-13 -5.7693e-14 -2.4005e-14 -9.7890e-15 -3.9123e-15 -1.5325e-15 -5.8837e-16 -2.2140e-16 -8.1656e-17 -2.9518e-17 -1.0459e-17 -3.6323e-18 -1.2365e-18 -4.1255e-19 -1.3492e-19 -4.3250e-20 -1.3590e-20 -4.1854e-21 -1.2635e-21 -3.7389e-22 -1.0845e-22 -3.0833e-23 -8.5927e-24 -2.3473e-24 -6.2852e-25 -1.6497e-25 -4.2442e-26 -1.0703e-26 -2.6459e-27 -6.4112e-28 -1.5228e-28 -3.5454e-29 -8.0913e-30 -1.8101e-30 -3.9692e-31 -8.5317e-32 -1.7976e-32 -3.7126e-33 -7.5162e-34 -1.4916e-34 -2.9015e-35 -5.5325e-36 -1.0341e-36 -1.8946e-37 -3.4026e-38 -5.9900e-39 -1.0337e-39
-8.5132e-06 -1.2860e-05 -1.7363e-05 -2.2508e-05 -2.8423e-05 -3.5052e-05 -4.2211e-05 -4.9614e-05 -5.6912e-05 -6.3718e-05 -6.9645e-05 -7.4345e-05 1.7159e-02 -7.9034e-05 -7.8762e-05 -7.6761e-05 -7.3183e-05 -6.8268e-05 -6.2324e-05 -5.5692e-05 -4.8719e-05 -4.1727e-05 -3.4996e-05 -2.8743e-05 -2.3121e-05 -1.8216e-05 -1.4058e-05 -1.0627e-05 -7.8702e-06 -5.7100e-06 -4.0587e-06 -2.8265e-06 -1.9287e-06 -1.2895e-06 -8.4472e-07 -5.4224e-07 -3.4107e-07 -2.1023e-07 -1.2698e-07 -7.5158e-08 -4.3594e-08 -2.4780e-08 -1.3804e-08 -7.5357e-09 -4.0317e-09 -2.1139e-09 -1.0862e-09 -5.4702e-10 -2.6999e-10 -1.3060e-10 -6.1912e-11 -2.8766e-11 -1.3099e-11 -5.8463e-12 -2.5573e-12 -1.0964e-12 -4.6068e-13 -1.8972e-13 -7.6579e-14 -3.0295e-14 -1.1747e-14 -4.4643e-15 -1.6629e-15 -6.0710e-16 -2.1724e-16 -7.6191e-17 -2.6191e-17 -8.8247e-18 -2.9143e-18 -9.4330e-19 -2.9927e-19 -9.3060e-20 -2.8364e-20 -8.4733e-21 -2.4811e-21 -7.1206e-22 -2.0031e-22 -5.5229e-23 -1.4926e-23 -3.9537e-24 -1.0265e-24 -2.6124e-25 -6.5162e-26 -1.5932e-26 -3.8179e-27 -8.9679e-28 -2.0647e-28 -4.6593e-29 -1.0306e-29 -2.2344e-30 -4.7483e-31 -9.8906e-32 -2.0193e-32 -4.0410e-33 -7.9264e-34 -1.5240e-34 -2.8719e-35 -5.3049e-36 -9.6047e-37 -1.7045e-37 8.2333e-06 1.1298e-05 1.3151e-05 1.4128e-05 1.4368e-05 1.3974e-05 1.3049e-05 1.1705e-05 1.0060e-05 8.2345e-06 6.3470e-06 4.5033e-06 0.0000e+00 1.2858e-06 2.6707e-08 -9.6163e-07 -1.6783e-06 -2.1403e-06 -2.3783e-06 -2.4316e-06 -2.3431e-06 -2.1553e-06 -1.9070e-06 -1.6308e-06 -1.3524e-06 -1.0901e-06 -8.5546e-07 -6.5447e-07 -4.8860e-07 -3.5622e-07 -2.5377e-07 -1.7674e-07 -1.2039e-07 -8.0226e-08 -5.2318e-08 -3.3396e-08 -2.0869e-08 -1.2770e-08 -7.6520e-09 -4.4908e-09 -2.5816e-09 -1.4538e-09 -8.0201e-10 -4.3348e-10 -2.2956e-10 -1.1912e-10 -6.0565e-11 -3.0176e-11 -1.4734e-11 -7.0499e-12 -3.3058e-12 -1.5192e-12 -6.8424e-13 -3.0203e-13 -1.3067e-13 -5.5406e-14 -2.3026e-14 -9.3794e-15 -3.7447e-15 -1.4654e-15 -5.6206e-16 -2.1131e-16 -7.7867e-17 -2.8125e-17 -9.9576e-18 -3.4556e-18 -1.1755e-18 -3.9193e-19 -1.2809e-19 -4.1035e-20 -1.2886e-20 -3.9664e-21 -1.1967e-21 -3.5394e-22 -1.0261e-22 -2.9158e-23 -8.1220e-24 -2.2177e-24 -5.9356e-25 -1.5572e-25 -4.0047e-26 -1.0095e-26 -2.4946e-27 -6.0425e-28 -1.4347e-28 -3.3391e-29 -7.6179e-30 -1.7036e-30 -3.7346e-31 -8.0249e-32 -1.6903e-32 -3.4901e-33 -7.0636e-34 -1.4014e-34 -2.7253e-35 -5.1952e-36 -9.7079e-37 -1.7782e-37 -3.1928e-38 -5.6194e-39
-6.7797e-06 -1.0390e-05 -1.4315e-05 -1.8988e-05 -2.4546e-05 -3.0973e-05 -3.8130e-05 -4.5780e-05 -5.3607e-05 -6.1238e-05 -6.8273e-05 -7.4321e-05 -7.9034e-05 1.9889e-02 -8.3450e-05 -8.2917e-05 -8.0594e-05 -7.6649e-05 -7.1341e-05 -6.4996e-05 -5.7971e-05 -5.0625e-05 -4.3291e-05 -3.6254e-05 -2.9736e-05 -2.3889e-05 -1.8799e-05 -1.4492e-05 -1.0944e-05 -8.0970e-06 -5.8692e-06 -4.1683e-06 -2.9006e-06 -1.9777e-06 -1.3213e-06 -8.6497e-07 -5.5488e-07 -3.4881e-07 -2.1487e-07 -1.2971e-07 -7.6735e-08 -4.4487e-08 -2.5275e-08 -1.4073e-08 -7.6794e-09 -4.1068e-09 -2.1524e-09 -1.1056e-09 -5.5657e-10 -2.7460e-10 -1.3278e-10 -6.2929e-11 -2.9229e-11 -1.3306e-11 -5.9369e-12 -2.5962e-12 -1.1127e-12 -4.6743e-13 -1.9245e-13 -7.7662e-14 -3.0717e-14 -1.1908e-14 -4.5244e-15 -1.6849e-15 -6.1500e-16 -2.2002e-16 -7.7152e-17 -2.6517e-17 -8.9326e-18 -2.9494e-18 -9.5450e-19 -3.0277e-19 -9.4134e-20 -2.8686e-20 -8.5683e-21 -2.5085e-21 -7.1983e-22 -2.0246e-22 -5.5816e-23 -1.5082e-23 -3.9946e-24 -1.0370e-24 -2.6387e-25 -6.5812e-26 -1.6089e-26 -3.8550e-27 -9.0541e-28 -2.0843e-28 -4.7031e-29 -1.0402e-29 -2.2549e-30 -4.7914e-31 -9.9792e-32 -2.0372e-32 -4.0764e-33 -7.9952e-34 -1.5370e-34 -2.8963e-35 -5.3494e-36 -9.6846e-37 6.5224e-06 8.9493e-06 1.0415e-05 1.1180e-05 1.1350e-05 1.1002e-05 1.0212e-05 9.0647e-06 7.6528e-06 6.0744e-06 4.4274e-06 2.8041e-06 1.2858e-06 0.0000e+00 -1.1913e-06 -2.0759e-06 -2.7081e-06 -3.0979e-06 -3.2694e-06 -3.2568e-06 -3.1000e-06 -2.8401e-06 -2.5163e-06 -2.1628e-06 -1.8075e-06 -1.4712e-06 -1.1676e-06 -9.0452e-07 -6.8441e-07 -5.0612e-07 -3.6596e-07 -2.5883e-07 -1.7913e-07 -1.2132e-07 -8.0444e-08 -5.2223e-08 -3.3199e-08 -2.0670e-08 -1.2606e-08 -7.5306e-09 -4.4072e-09 -2.5270e-09 -1.4197e-09 -7.8148e-10 -4.2153e-10 -2.2281e-10 -1.1541e-10 -5.8587e-11 -2.9146e-11 -1.4211e-11 -6.7904e-12 -3.1802e-12 -1.4597e-12 -6.5672e-13 -2.8958e-13 -1.2516e-13 -5.3020e-14 -2.2015e-14 -8.9600e-15 -3.5744e-15 -1.3977e-15 -5.3570e-16 -2.0126e-16 -7.4116e-17 -2.6754e-17 -9.4663e-18 -3.2832e-18 -1.1162e-18 -3.7198e-19 -1.2151e-19 -3.8908e-20 -1.2212e-20 -3.7574e-21 -1.1332e-21 -3.3501e-22 -9.7082e-23 -2.7577e-23 -7.6789e-24 -2.0960e-24 -5.6078e-25 -1.4708e-25 -3.7812e-26 -9.5290e-27 -2.3540e-27 -5.7001e-28 -1.3530e-28 -3.1482e-29 -7.1805e-30 -1.6054e-30 -3.5184e-31 -7.5586e-32 -1.5917e-32 -3.2858e-33 -6.6487e-34 -1.3188e-34 -2.5641e-35 -4.8871e-36 -9.1304e-37 -1.6721e-37 -3.0017e-38
-5.2808e-06 -8.2167e-06 -1.1561e-05 -1.5694e-05 -2.0768e-05 -2.6803e-05 -3.3719e-05 -4.1338e-05 -4.9397e-05 -5.7562e-05 -6.5446e-05 -7.2644e-05 -7.8762e-05 -8.3450e-05 2.2818e-02 -8.7563e-05 -8.6770e-05 -8.4135e-05 -7.9841e-05 -7.4164e-05 -6.7445e-05 -6.0055e-05 -5.2364e-05 -4.4716e-05 -3.7398e-05 -3.0637e-05 -2.4585e-05 -1.9327e-05 -1.4884e-05 -1.1230e-05 -8.3015e-06 -6.0126e-06 -4.2669e-06 -2.9671e-06 -2.0217e-06 -1.3498e-06 -8.8312e-07 -5.6620e-07 -3.5573e-07 -2.1902e-07 -1.3215e-07 -7.8143e-08 -4.5283e-08 -2.5717e-08 -1.4313e-08 -7.8073e-09 -4.1737e-09 -2.1867e-09 -1.1228e-09 -5.6506e-10 -2.7870e-10 -1.3473e-10 -6.3831e-11 -2.9640e-11 -1.3490e-11 -6.0171e-12 -2.6306e-12 -1.1272e-12 -4.7341e-13 -1.9487e-13 -7.8620e-14 -3.1089e-14 -1.2050e-14 -4.5774e-15 -1.7043e-15 -6.2198e-16 -2.2248e-16 -7.8001e-17 -2.6804e-17 -9.0279e-18 -2.9804e-18 -9.6438e-19 -3.0586e-19 -9.5080e-20 -2.8970e-20 -8.6520e-21 -2.5327e-21 -7.2667e-22 -2.0436e-22 -5.6332e-23 -1.5220e-23 -4.0306e-24 -1.0462e-24 -2.6619e-25 -6.6383e-26 -1.6226e-26 -3.8877e-27 -9.1298e-28 -2.1015e-28 -4.7415e-29 -1.0486e-29 -2.2729e-30 -4.8292e-31 -1.0057e-31 -2.0529e-32 -4.1075e-33 -8.0556e-34 -1.5485e-34 -2.9177e-35 -5.3886e-36 5.0517e-06 6.9309e-06 8.0631e-06 8.6471e-06 8.7597e-06 8.4546e-06 7.7857e-06 6.8143e-06 5.6104e-06 4.2507e-06 2.8152e-06 1.3830e-06 2.6707e-08 -1.1913e-06 0.0000e+00 -3.0361e-06 -3.6169e-06 -3.9674e-06 -4.1043e-06 -4.0555e-06 -3.8566e-06 -3.5465e-06 -3.1641e-06 -2.7450e-06 -2.3194e-06 -1.9113e-06 -1.5374e-06 -1.2081e-06 -9.2783e-07 -6.9684e-07 -5.1198e-07 -3.6809e-07 -2.5903e-07 -1.7846e-07 -1.2039e-07 -7.9534e-08 -5.1464e-08 -3.2620e-08 -2.0255e-08 -1.2322e-08 -7.3445e-09 -4.2894e-09 -2.4547e-09 -1.3766e-09 -7.5655e-10 -4.0746e-10 -2.1507e-10 -1.1126e-10 -5.6408e-11 -2.8030e-11 -1.3651e-11 -6.5166e-12 -3.0490e-12 -1.3983e-12 -6.2854e-13 -2.7694e-13 -1.1960e-13 -5.0630e-14 -2.1008e-14 -8.5447e-15 -3.4066e-15 -1.3313e-15 -5.0998e-16 -1.9150e-16 -7.0485e-17 -2.5431e-17 -8.9941e-18 -3.1181e-18 -1.0596e-18 -3.5298e-19 -1.1526e-19 -3.6893e-20 -1.1576e-20 -3.5603e-21 -1.0734e-21 -3.1723e-22 -9.1902e-23 -2.6098e-23 -7.2650e-24 -1.9824e-24 -5.3027e-25 -1.3904e-25 -3.5737e-26 -9.0039e-27 -2.2237e-27 -5.3836e-28 -1.2776e-28 -2.9722e-29 -6.7776e-30 -1.5150e-30 -3.3197e-31 -7.1304e-32 -1.5013e-32 -3.0986e-33 -6.2689e-34 -1.2432e-34 -2.4169e-35 -4.6057e-36 -8.6035e-37 -1.5754e-37
-4.0243e-06 -6.3624e-06 -9.1469e-06 -1.2711e-05 -1.7213e-05 -2.2715e-05 -2.9191e-05 -3.6530e-05 -4.4534e-05 -5.2927e-05 -6.1361e-05 -6.9443e-05 -7.6761e-05 -8.2917e-05 -8.7563e-05 2.5947e-02 -9.1364e-05 -9.0323e-05 -8.7392e-05 -8.2771e-05 -7.6750e-05 -6.9684e-05 -6.1957e-05 -5.3950e-05 -4.6012e-05 -3.8438e-05 -3.1455e-05 -2.5217e-05 -1.9805e-05 -1.5239e-05 -1.1489e-05 -8.4862e-06 -6.1420e-06 -4.3558e-06 -3.0270e-06 -2.0612e-06 -1.3755e-06 -8.9943e-07 -5.7636e-07 -3.6194e-07 -2.2275e-07 -1.3434e-07 -7.9405e-08 -4.5996e-08 -2.6112e-08 -1.4528e-08 -7.9217e-09 -4.2334e-09 -2.2173e-09 -1.1382e-09 -5.7264e-10 -2.8236e-10 -1.3646e-10 -6.4635e-11 -3.0006e-11 -1.3653e-11 -6.0886e-12 -2.6613e-12 -1.1401e-12 -4.7873e-13 -1.9702e-13 -7.9473e-14 -3.1421e-14 -1.2176e-14 -4.6246e-15 -1.7216e-15 -6.2819e-16 -2.2466e-16 -7.8754e-17 -2.7059e-17 -9.1124e-18 -3.0079e-18 -9.7314e-19 -3.0860e-19 -9.5919e-20 -2.9223e-20 -8.7263e-21 -2.5541e-21 -7.3274e-22 -2.0604e-22 -5.6790e-23 -1.5342e-23 -4.0625e-24 -1.0544e-24 -2.6825e-25 -6.6889e-26 -1.6349e-26 -3.9166e-27 -9.1969e-28 -2.1168e-28 -4.7755e-29 -1.0560e-29 -2.2889e-30 -4.8627e-31 -1.0126e-31 -2.0668e-32 -4.1351e-33 -8.1089e-34 -1.5587e-34 -2.9366e-35 3.8267e-06 5.2496e-06 6.1046e-06 6.5388e-06 6.6060e-06 6.3413e-06 5.7799e-06 4.9637e-06 3.9429e-06 2.7755e-06 1.5253e-06 2.5822e-07 -9.6163e-07 -2.0759e-06 -3.0361e-06 0.0000e+00 -4.3660e-06 -4.7087e-06 -4.8431e-06 -4.7899e-06 -4.5787e-06 -4.2451e-06 -3.8265e-06 -3.3593e-06 -2.8760e-06 -2.4035e-06 -1.9622e-06 -1.5659e-06 -1.2220e-06 -9.3293e-07 -6.9702e-07 -5.0975e-07 -3.6499e-07 -2.5591e-07 -1.7573e-07 -1.1820e-07 -7.7881e-08 -5.0273e-08 -3.1795e-08 -1.9703e-08 -1.1964e-08 -7.1189e-09 -4.1511e-09 -2.3722e-09 -1.3286e-09 -7.2923e-10 -3.9229e-10 -2.0684e-10 -1.0689e-10 -5.4143e-11 -2.6881e-11 -1.3081e-11 -6.2395e-12 -2.9172e-12 -1.3369e-12 -6.0057e-13 -2.6445e-13 -1.1414e-13 -4.8292e-14 -2.0028e-14 -8.1418e-15 -3.2445e-15 -1.2674e-15 -4.8528e-16 -1.8215e-16 -6.7017e-17 -2.4171e-17 -8.5454e-18 -2.9615e-18 -1.0061e-18 -3.3504e-19 -1.0937e-19 -3.4998e-20 -1.0978e-20 -3.3756e-21 -1.0175e-21 -3.0062e-22 -8.7071e-23 -2.4721e-23 -6.8801e-24 -1.8770e-24 -5.0197e-25 -1.3159e-25 -3.3816e-26 -8.5185e-27 -2.1035e-27 -5.0916e-28 -1.2081e-28 -2.8101e-29 -6.4070e-30 -1.4320e-30 -3.1372e-31 -6.7376e-32 -1.4184e-32 -2.9271e-33 -5.9212e-34 -1.1741e-34 -2.2823e-35 -4.3487e-36 -8.1224e-37
