2.6598e-04 -2.1293e-04 -2.5974e-04 -2.9823e-04 -3.3101e-04 -3.5937e-04 -3.8406e-04 -4.0555e-04 -4.2415e-04 -4.4009e-04 -4.5352e-04 -4.6457e-04 -4.7334e-04 -4.7992e-04 -4.8439e-04 -4.8682e-04 -4.8728e-04 -4.8583e-04 -4.8254e-04 -4.7750e-04 -4.7077e-04 -4.6243e-04 -4.5258e-04 -4.4130e-04 -4.2870e-04 -4.1487e-04 -3.9993e-04 -3.8399e-04 -3.6717e-04 -3.4959e-04 -3.3140e-04 -3.1271e-04 -2.9367e-04 -2.7442e-04 -2.5509e-04 -2.3582e-04 -2.1675e-04 -1.9801e-04 -1.7972e-04 -1.6202e-04 -1.4500e-04 -1.2878e-04 -1.1344e-04 -9.9052e-05 -8.5687e-05 -7.3388e-05 -6.2184e-05 -5.2087e-05 -4.3093e-05 -3.5180e-05 -2.8309e-05 -2.2427e-05 -1.7471e-05 -1.3362e-05 -1.0019e-05 -7.3502e-06 -5.2662e-06 -3.6765e-06 -2.4947e-06 -1.6407e-06 -1.0425e-06 -6.3773e-07 -3.7402e-07 -2.0934e-07 -1.1123e-07 -5.5766e-08 -2.6197e-08 -1.1439e-08 -4.5993e-09 -1.6845e-09 -5.5488e-10 -1.6195e-10 -4.1144e-11 -8.9098e-12 -1.6037e-12 -2.3277e-13 -2.6259e-14 -2.2013e-15 -1.2973e-16 -5.0170e-18 -1.1674e-19 -1.4642e-21 -8.5926e-24 -1.9620e-26 -1.3659e-29 -2.0888e-33 -4.4784e-38 -7.1799e-44 -3.4960e-51 -1.3688e-60 -5.6832e-73 -1.0081e-89 -3.6636e-113 -2.2241e-147 -3.8757e-200 -1.0710e-287 0.0000e+00 0.0000e+00 0.0000e+00 0.0000e+00 0.0000e+00 2.1293e-04 2.5974e-04 2.9822e-04 3.3099e-04 3.5935e-04 3.8403e-04 4.0550e-04 4.2409e-04 4.4000e-04 4.5341e-04 4.6444e-04 4.7319e-04 4.7974e-04 4.8418e-04 4.8658e-04 4.8700e-04 4.8552e-04 4.8220e-04 4.7712e-04 4.7035e-04 4.6198e-04 4.5209e-04 4.4078e-04 4.2814e-04 4.1428e-04 3.9931e-04 3.8334e-04 3.6650e-04 3.4891e-04 3.3070e-04 3.1200e-04 2.9295e-04 2.7369e-04 2.5437e-04 2.3510e-04 2.1604e-04 1.9732e-04 1.7906e-04 1.6138e-04 1.4439e-04 1.2820e-04 1.1289e-04 9.8543e-05 8.5219e-05 7.2961e-05 6.1799e-05 5.1744e-05 4.2791e-05 3.4917e-05 2.8084e-05 2.2238e-05 1.7314e-05 1.3235e-05 9.9168e-06 7.2707e-06 5.2056e-06 3.6314e-06 2.4621e-06 1.6178e-06 1.0270e-06 6.2761e-07 3.6768e-07 2.0555e-07 1.0908e-07 5.4608e-08 2.5614e-08 1.1166e-08 4.4813e-09 1.6380e-09 5.3837e-10 1.5675e-10 3.9715e-11 8.5747e-12 1.5382e-12 2.2243e-13 2.4987e-14 2.0847e-15 1.2220e-16 4.6965e-18 1.0851e-19 1.3499e-21 7.8461e-24 1.7715e-26 1.2170e-29 1.8318e-33 3.8527e-38 6.0334e-44 2.8534e-51 1.0770e-60 4.2663e-73 7.1161e-90 2.3814e-113 1.2899e-147 1.9089e-200 4.1225e-288 0.0000e+00 0.0000e+00 0.0000e+00 0.0000e+00
-2.1293e-04 1.0644e-03 -3.6646e-04 -4.2078e-04 -4.6705e-04 -5.0710e-04 -5.4198e-04 -5.7236e-04 -5.9867e-04 -6.2123e-04 -6.4026e-04 -6.5595e-04 -6.6844e-04 -6.7784e-04 -6.8428e-04 -6.8784e-04 -6.8862e-04 -6.8672e-04 -6.8223e-04 -6.7527e-04 -6.6592e-04 -6.5432e-04 -6.4057e-04 -6.2481e-04 -6.0716e-04 -5.8779e-04 -5.6683e-04 -5.4445e-04 -5.2082e-04 -4.9611e-04 -4.7051e-04 -4.4420e-04 -4.1737e-04 -3.9022e-04 -3.6294e-04 -3.3573e-04 -3.0878e-04 -2.8227e-04 -2.5639e-04 -2.3130e-04 -2.0718e-04 -1.8415e-04 -1.6236e-04 -1.4190e-04 -1.2288e-04 -1.0535e-04 -8.9365e-05 -7.4944e-05 -6.2081e-05 -5.0748e-05 -4.0893e-05 -3.2446e-05 -2.5315e-05 -1.9395e-05 -1.4568e-05 -1.0709e-05 -7.6884e-06 -5.3793e-06 -3.6588e-06 -2.4124e-06 -1.5371e-06 -9.4299e-07 -5.5480e-07 -3.1159e-07 -1.6617e-07 -8.3642e-08 -3.9462e-08 -1.7312e-08 -6.9967e-09 -2.5770e-09 -8.5408e-10 -2.5095e-10 -6.4231e-11 -1.4024e-11 -2.5471e-12 -3.7343e-13 -4.2602e-14 -3.6163e-15 -2.1614e-16 -8.4920e-18 -2.0118e-19 -2.5752e-21 -1.5468e-23 -3.6277e-26 -2.6048e-29 -4.1290e-33 -9.2318e-38 -1.5550e-43 -8.0287e-51 -3.3717e-60 -1.5236e-72 -2.9968e-89 -1.2377e-112 -8.8287e-147 -1.8954e-199 -6.9377e-287 0.0000e+00 0.0000e+00 0.0000e+00 0.0000e+00 2.1293e-04 0.0000e+00 3.6643e-04 4.2073e-04 4.6696e-04 5.0696e-04 5.4178e-04 5.7208e-04 5.9830e-04 6.2075e-04 6.3967e-04 6.5523e-04 6.6757e-04 6.7682e-04 6.8308e-04 6.8646e-04 6.8706e-04 6.8496e-04 6.8028e-04 6.7311e-04 6.6356e-04 6.5176e-04 6.3781e-04 6.2185e-04 6.0402e-04 5.8447e-04 5.6335e-04 5.4082e-04 5.1706e-04 4.9224e-04 4.6654e-04 4.4016e-04 4.1329e-04 3.8613e-04 3.5886e-04 3.3168e-04 3.0479e-04 2.7838e-04 2.5261e-04 2.2767e-04 2.0370e-04 1.8086e-04 1.5926e-04 1.3902e-04 1.2023e-04 1.0293e-04 8.7185e-05 7.3000e-05 6.0369e-05 4.9261e-05 3.9620e-05 3.1373e-05 2.4426e-05 1.8671e-05 1.3990e-05 1.0257e-05 7.3438e-06 5.1231e-06 3.4734e-06 2.2824e-06 1.4489e-06 8.8539e-07 5.1870e-07 2.8998e-07 1.5387e-07 7.7036e-08 3.6133e-08 1.5751e-08 6.3215e-09 2.3106e-09 7.5942e-10 2.2110e-10 5.6019e-11 1.2094e-11 2.1695e-12 3.1370e-13 3.5238e-14 2.9397e-15 1.7230e-16 6.6210e-18 1.5295e-19 1.9023e-21 1.1054e-23 2.4948e-26 1.7130e-29 2.5764e-33 5.4131e-38 8.4643e-44 3.9941e-51 1.5022e-60 5.9169e-73 9.7727e-90 3.2115e-113 1.6761e-147 2.2691e-200 3.6752e-288 0.0000e+00 0.0000e+00 0.0000e+00 0.0000e+00
-2.5974e-04 -3.6646e-04 2.3966e-03 -5.1335e-04 -5.6984e-04 -6.1877e-04 -6.6142e-04 -6.9859e-04 -7.3082e-04 -7.5850e-04 -7.8190e-04 -8.0124e-04 -8.1669e-04 -8.2840e-04 -8.3651e-04 -8.4112e-04 -8.4236e-04 -8.4034e-04 -8.3518e-04 -8.2699e-04 -8.1591e-04 -8.0206e-04 -7.8560e-04 -7.6666e-04 -7.4543e-04 -7.2206e-04 -6.9675e-04 -6.6968e-04 -6.4105e-04 -6.1109e-04 -5.8000e-04 -5.4801e-04 -5.1535e-04 -4.8226e-04 -4.4897e-04 -4.1573e-04 -3.8275e-04 -3.5028e-04 -3.1854e-04 -2.8773e-04 -2.5805e-04 -2.2969e-04 -2.0279e-04 -1.7751e-04 -1.5396e-04 -1.3223e-04 -1.1237e-04 -9.4413e-05 -7.8365e-05 -6.4196e-05 -5.1847e-05 -4.1236e-05 -3.2255e-05 -2.4779e-05 -1.8665e-05 -1.3762e-05 -9.9127e-06 -6.9597e-06 -4.7512e-06 -3.1451e-06 -2.0123e-06 -1.2402e-06 -7.3318e-07 -4.1392e-07 -2.2198e-07 -1.1241e-07 -5.3378e-08 -2.3582e-08 -9.6028e-09 -3.5659e-09 -1.1924e-09 -3.5377e-10 -9.1505e-11 -2.0209e-11 -3.7171e-12 -5.5251e-13 -6.3993e-14 -5.5233e-15 -3.3624e-16 -1.3482e-17 -3.2667e-19 -4.2878e-21 -2.6486e-23 -6.4090e-26 -4.7665e-29 -7.8613e-33 -1.8384e-37 -3.2594e-43 -1.7846e-50 -8.0217e-60 -3.9252e-72 -8.4875e-89 -3.9333e-112 -3.2409e-146 -8.3990e-199 -3.9870e-286 0.0000e+00 0.0000e+00 0.0000e+00 0.0000e+00 2.5974e-04 3.6643e-04 0.0000e+00 5.1321e-04 5.6960e-04 6.1840e-04 6.6087e-04 6.9783e-04 7.2981e-04 7.5720e-04 7.8027e-04 7.9925e-04 8.1430e-04 8.2558e-04 8.3323e-04 8.3735e-04 8.3808e-04 8.3552e-04 8.2981e-04 8.2106e-04 8.0942e-04 7.9501e-04 7.7800e-04 7.5853e-04 7.3679e-04 7.1294e-04 6.8717e-04 6.5969e-04 6.3071e-04 6.0043e-04 5.6909e-04 5.3691e-04 5.0414e-04 4.7100e-04 4.3773e-04 4.0459e-04 3.7179e-04 3.3956e-04 3.0813e-04 2.7771e-04 2.4847e-04 2.2061e-04 1.9427e-04 1.6958e-04 1.4665e-04 1.2555e-04 1.0635e-04 8.9043e-05 7.3636e-05 6.0086e-05 4.8327e-05 3.8267e-05 2.9793e-05 2.2774e-05 1.7064e-05 1.2511e-05 8.9572e-06 6.2485e-06 4.2364e-06 2.7837e-06 1.7671e-06 1.0798e-06 6.3258e-07 3.5363e-07 1.8765e-07 9.3940e-08 4.4060e-08 1.9205e-08 7.7073e-09 2.8169e-09 9.2574e-10 2.6949e-10 6.8271e-11 1.4737e-11 2.6431e-12 3.8208e-13 4.2906e-14 3.5781e-15 2.0961e-16 8.0502e-18 1.8582e-19 2.3087e-21 1.3398e-23 3.0183e-26 2.0673e-29 3.0986e-33 6.4775e-38 1.0054e-43 4.6898e-51 1.7314e-60 6.6056e-73 1.0275e-89 2.9659e-113 1.0664e-147 -3.7738e-201 -1.3759e-287 0.0000e+00 0.0000e+00 0.0000e+00 0.0000e+00
-2.9823e-04 -4.2078e-04 -5.1335e-04 4.2650e-03 -6.5449e-04 -7.1080e-04 -7.5992e-04 -8.0278e-04 -8.4002e-04 -8.7205e-04 -8.9921e-04 -9.2174e-04 -9.3984e-04 -9.5368e-04 -9.6340e-04 -9.6914e-04 -9.7102e-04 -9.6918e-04 -9.6375e-04 -9.5485e-04 -9.4262e-04 -9.2723e-04 -9.0882e-04 -8.8756e-04 -8.6364e-04 -8.3725e-04 -8.0860e-04 -7.7788e-04 -7.4535e-04 -7.1122e-04 -6.7575e-04 -6.3919e-04 -6.0181e-04 -5.6386e-04 -5.2563e-04 -4.8737e-04 -4.4936e-04 -4.1187e-04 -3.7514e-04 -3.3942e-04 -3.0495e-04 -2.7193e-04 -2.4056e-04 -2.1101e-04 -1.8341e-04 -1.5788e-04 -1.3449e-04 -1.1329e-04 -9.4283e-05 -7.7454e-05 -6.2742e-05 -5.0058e-05 -3.9287e-05 -3.0287e-05 -2.2900e-05 -1.6951e-05 -1.2261e-05 -8.6468e-06 -5.9309e-06 -3.9457e-06 -2.5381e-06 -1.5731e-06 -9.3563e-07 -5.3162e-07 -2.8707e-07 -1.4644e-07 -7.0088e-08 -3.1225e-08 -1.2831e-08 -4.8108e-09 -1.6255e-09 -4.8767e-10 -1.2767e-10 -2.8564e-11 -5.3278e-12 -8.0403e-13 -9.4664e-14 -8.3173e-15 -5.1622e-16 -2.1139e-17 -5.2413e-19 -7.0550e-21 -4.4800e-23 -1.1176e-25 -8.5966e-29 -1.4720e-32 -3.5901e-37 -6.6743e-43 -3.8578e-50 -1.8462e-59 -9.7256e-72 -2.2979e-88 -1.1880e-111 -1.1253e-145 -3.5099e-198 -2.1598e-285 0.0000e+00 0.0000e+00 0.0000e+00 0.0000e+00 2.9822e-04 4.2073e-04 5.1321e-04 0.0000e+00 6.5400e-04 7.1003e-04 7.5879e-04 8.0123e-04 8.3795e-04 8.6939e-04 8.9589e-04 9.1767e-04 9.3496e-04 9.4791e-04 9.5669e-04 9.6142e-04 9.6225e-04 9.5932e-04 9.5276e-04 9.4272e-04 9.2935e-04 9.1281e-04 8.9328e-04 8.7093e-04 8.4595e-04 8.1857e-04 7.8899e-04 7.5744e-04 7.2415e-04 6.8939e-04 6.5341e-04 6.1646e-04 5.7883e-04 5.4078e-04 5.0259e-04 4.6453e-04 4.2687e-04 3.8987e-04 3.5378e-04 3.1885e-04 2.8528e-04 2.5329e-04 2.2304e-04 1.9470e-04 1.6837e-04 1.4415e-04 1.2209e-04 1.0223e-04 8.4539e-05 6.8982e-05 5.5481e-05 4.3931e-05 3.4203e-05 2.6144e-05 1.9589e-05 1.4361e-05 1.0282e-05 7.1723e-06 4.8625e-06 3.1950e-06 2.0281e-06 1.2392e-06 7.2591e-07 4.0577e-07 2.1529e-07 1.0777e-07 5.0539e-08 2.2026e-08 8.8377e-09 3.2294e-09 1.0610e-09 3.0878e-10 7.8194e-11 1.6871e-11 3.0242e-12 4.3687e-13 4.9018e-14 4.0834e-15 2.3889e-16 9.1586e-18 2.1093e-19 2.6129e-21 1.5102e-23 3.3836e-26 2.2998e-29 3.4092e-33 7.0105e-38 1.0606e-43 4.7437e-51 1.6242e-60 5.3099e-73 5.4228e-90 -4.9248e-114 -3.1128e-147 -1.6113e-199 -1.2492e-286 0.0000e+00 0.0000e+00 0.0000e+00 0.0000e+00
-3.3101e-04 -4.6705e-04 -5.6984e-04 -6.5449e-04 6.6729e-03 -7.8939e-04 -8.4413e-04 -8.9198e-04 -9.3362e-04 -9.6954e-04 -1.0001e-03 -1.0256e-03 -1.0462e-03 -1.0621e-03 -1.0735e-03 -1.0805e-03 -1.0832e-03 -1.0819e-03 -1.0766e-03 -1.0674e-03 -1.0546e-03 -1.0382e-03 -1.0185e-03 -9.9557e-04 -9.6969e-04 -9.4103e-04 -9.0981e-04 -8.7626e-04 -8.4063e-04 -8.0316e-04 -7.6413e-04 -7.2380e-04 -6.8248e-04 -6.4044e-04 -5.9798e-04 -5.5541e-04 -5.1302e-04 -4.7110e-04 -4.2994e-04 -3.8981e-04 -3.5098e-04 -3.1370e-04 -2.7818e-04 -2.4462e-04 -2.1319e-04 -1.8402e-04 -1.5722e-04 -1.3284e-04 -1.1091e-04 -9.1425e-05 -7.4324e-05 -5.9522e-05 -4.6899e-05 -3.6307e-05 -2.7572e-05 -2.0504e-05 -1.4903e-05 -1.0564e-05 -7.2855e-06 -4.8747e-06 -3.1548e-06 -1.9678e-06 -1.1784e-06 -6.7437e-07 -3.6693e-07 -1.8869e-07 -9.1085e-08 -4.0950e-08 -1.6989e-08 -6.4359e-09 -2.1984e-09 -6.6727e-10 -1.7686e-10 -4.0099e-11 -7.5861e-12 -1.1623e-12 -1.3909e-13 -1.2436e-14 -7.8654e-16 -3.2870e-17 -8.3313e-19 -1.1486e-20 -7.4868e-23 -1.9220e-25 -1.5260e-28 -2.7068e-32 -6.8681e-37 -1.3355e-42 -8.1287e-50 -4.1320e-59 -2.3385e-71 -6.0280e-88 -3.4736e-111 -3.7827e-145 -1.4212e-197 -1.1359e-284 0.0000e+00 0.0000e+00 0.0000e+00 0.0000e+00 3.3099e-04 4.6696e-04 5.6960e-04 6.5400e-04 0.0000e+00 7.8805e-04 8.4218e-04 8.8927e-04 9.3003e-04 9.6493e-04 9.9433e-04 1.0185e-03 1.0377e-03 1.0521e-03 1.0618e-03 1.0671e-03 1.0680e-03 1.0647e-03 1.0575e-03 1.0463e-03 1.0315e-03 1.0131e-03 9.9143e-04 9.6663e-04 9.3891e-04 9.0851e-04 8.7568e-04 8.4066e-04 8.0372e-04 7.6514e-04 7.2520e-04 6.8419e-04 6.4242e-04 6.0019e-04 5.5780e-04 5.1555e-04 4.7375e-04 4.3269e-04 3.9264e-04 3.5386e-04 3.1661e-04 2.8110e-04 2.4753e-04 2.1607e-04 1.8685e-04 1.5997e-04 1.3549e-04 1.1344e-04 9.3811e-05 7.6545e-05 6.1562e-05 4.8745e-05 3.7949e-05 2.9006e-05 2.1732e-05 1.5932e-05 1.1406e-05 7.9555e-06 5.3931e-06 3.5432e-06 2.2489e-06 1.3740e-06 8.0472e-07 4.4975e-07 2.3858e-07 1.1939e-07 5.5975e-08 2.4387e-08 9.7812e-09 3.5724e-09 1.1731e-09 3.4115e-10 8.6321e-11 1.8606e-11 3.3310e-12 4.8045e-13 5.3803e-14 4.4710e-15 2.6075e-16 9.9558e-18 2.2806e-19 2.8047e-21 1.6051e-23 3.5464e-26 2.3620e-29 3.3956e-33 6.6480e-38 9.2359e-44 3.4879e-51 7.6319e-61 -8.6396e-74 -1.3917e-89 -1.3610e-112 -1.9460e-146 -8.4379e-199 -7.1001e-286 0.0000e+00 0.0000e+00 0.0000e+00 0.0000e+00
-3.5937e-04 -5.0710e-04 -6.1877e-04 -7.1080e-04 -7.8939e-04 9.6246e-03 -9.1738e-04 -9.6969e-04 -1.0153e-03 -1.0548e-03 -1.0886e-03 -1.1168e-03 -1.1399e-03 -1.1579e-03 -1.1711e-03 -1.1795e-03 -1.1834e-03 -1.1828e-03 -1.1780e-03 -1.1690e-03 -1.1560e-03 -1.1392e-03 -1.1188e-03 -1.0949e-03 -1.0677e-03 -1.0374e-03 -1.0043e-03 -9.6859e-04 -9.3055e-04 -8.9042e-04 -8.4850e-04 -8.0508e-04 -7.6044e-04 -7.1492e-04 -6.6881e-04 -6.2245e-04 -5.7616e-04 -5.3025e-04 -4.8505e-04 -4.4085e-04 -3.9794e-04 -3.5662e-04 -3.1712e-04 -2.7967e-04 -2.4448e-04 -2.1171e-04 -1.8147e-04 -1.5387e-04 -1.2894e-04 -1.0670e-04 -8.7086e-05 -7.0036e-05 -5.5426e-05 -4.3106e-05 -3.2894e-05 -2.4586e-05 -1.7966e-05 -1.2806e-05 -8.8835e-06 -5.9805e-06 -3.8955e-06 -2.4464e-06 -1.4754e-06 -8.5073e-07 -4.6655e-07 -2.4192e-07 -1.1781e-07 -5.3456e-08 -2.2395e-08 -8.5714e-09 -2.9599e-09 -9.0881e-10 -2.4384e-10 -5.6004e-11 -1.0742e-11 -1.6702e-12 -2.0302e-13 -1.8458e-14 -1.1886e-15 -5.0643e-17 -1.3108e-18 -1.8488e-20 -1.2354e-22 -3.2597e-25 -2.6679e-28 -4.8959e-32 -1.2909e-36 -2.6227e-42 -1.6795e-49 -9.0625e-59 -5.5085e-71 -1.5493e-87 -9.9552e-111 -1.2474e-144 -5.6538e-197 -5.8810e-284 0.0000e+00 0.0000e+00 0.0000e+00 0.0000e+00 3.5935e-04 5.0696e-04 6.1840e-04 7.1003e-04 7.8805e-04 0.0000e+00 9.1432e-04 9.6545e-04 1.0097e-03 1.0476e-03 1.0795e-03 1.1058e-03 1.1266e-03 1.1422e-03 1.1528e-03 1.1585e-03 1.1595e-03 1.1559e-03 1.1480e-03 1.1359e-03 1.1198e-03 1.0999e-03 1.0764e-03 1.0494e-03 1.0193e-03 9.8633e-04 9.5068e-04 9.1266e-04 8.7255e-04 8.3066e-04 7.8729e-04 7.4277e-04 6.9742e-04 6.5157e-04 6.0555e-04 5.5968e-04 5.1430e-04 4.6971e-04 4.2623e-04 3.8413e-04 3.4369e-04 3.0514e-04 2.6869e-04 2.3453e-04 2.0281e-04 1.7363e-04 1.4706e-04 1.2312e-04 1.0181e-04 8.3069e-05 6.6805e-05 5.2893e-05 4.1175e-05 3.1469e-05 2.3576e-05 1.7282e-05 1.2370e-05 8.6273e-06 5.8475e-06 3.8411e-06 2.4374e-06 1.4888e-06 8.7172e-07 4.8703e-07 2.5825e-07 1.2918e-07 6.0532e-08 2.6355e-08 1.0563e-08 3.8544e-09 1.2643e-09 3.6719e-10 9.2758e-11 1.9954e-11 3.5635e-12 5.1240e-13 5.7157e-14 4.7260e-15 2.7382e-16 1.0365e-17 2.3468e-19 2.8399e-21 1.5882e-23 3.3909e-26 2.1404e-29 2.8087e-33 4.6063e-38 4.0454e-44 -5.2687e-52 -1.7867e-60 -1.8735e-72 -7.0835e-89 -5.4308e-112 -7.5128e-146 -3.5340e-198 -3.5995e-285 0.0000e+00 0.0000e+00 0.0000e+00 0.0000e+00
-3.8406e-04 -5.4198e-04 -6.6142e-04 -7.5992e-04 -8.4413e-04 -9.1738e-04 1.3125e-02 -1.0379e-03 -1.0872e-03 -1.1301e-03 -1.1668e-03 -1.1979e-03 -1.2234e-03 -1.2436e-03 -1.2586e-03 -1.2687e-03 -1.2740e-03 -1.2746e-03 -1.2706e-03 -1.2622e-03 -1.2496e-03 -1.2329e-03 -1.2123e-03 -1.1879e-03 -1.1600e-03 -1.1287e-03 -1.0944e-03 -1.0571e-03 -1.0173e-03 -9.7516e-04 -9.3096e-04 -8.8501e-04 -8.3763e-04 -7.8914e-04 -7.3987e-04 -6.9017e-04 -6.4037e-04 -5.9082e-04 -5.4186e-04 -4.9383e-04 -4.4704e-04 -4.0180e-04 -3.5840e-04 -3.1710e-04 -2.7813e-04 -2.4169e-04 -2.0793e-04 -1.7698e-04 -1.4890e-04 -1.2372e-04 -1.0142e-04 -8.1928e-05 -6.5143e-05 -5.0911e-05 -3.9049e-05 -2.9343e-05 -2.1561e-05 -1.5458e-05 -1.0788e-05 -7.3090e-06 -4.7923e-06 -3.0305e-06 -1.8410e-06 -1.0696e-06 -5.9122e-07 -3.0912e-07 -1.5185e-07 -6.9530e-08 -2.9410e-08 -1.1370e-08 -3.9682e-09 -1.2321e-09 -3.3450e-10 -7.7793e-11 -1.5120e-11 -2.3842e-12 -2.9420e-13 -2.7183e-14 -1.7809e-15 -7.7305e-17 -2.0417e-18 -2.9438e-20 -2.0153e-22 -5.4614e-25 -4.6050e-28 -8.7378e-32 -2.3930e-36 -5.0786e-42 -3.4213e-49 -1.9598e-58 -1.2798e-70 -3.9291e-87 -2.8175e-110 -4.0664e-144 -2.2264e-196 -3.0195e-283 0.0000e+00 0.0000e+00 0.0000e+00 0.0000e+00 3.8403e-04 5.4178e-04 6.6087e-04 7.5879e-04 8.4218e-04 9.1432e-04 0.0000e+00 1.0318e-03 1.0790e-03 1.1195e-03 1.1537e-03 1.1817e-03 1.2040e-03 1.2206e-03 1.2319e-03 1.2380e-03 1.2391e-03 1.2353e-03 1.2269e-03 1.2140e-03 1.1967e-03 1.1754e-03 1.1503e-03 1.1215e-03 1.0893e-03 1.0540e-03 1.0159e-03 9.7531e-04 9.3244e-04 8.8767e-04 8.4132e-04 7.9374e-04 7.4527e-04 6.9626e-04 6.4708e-04 5.9806e-04 5.4955e-04 5.0190e-04 4.5543e-04 4.1044e-04 3.6721e-04 3.2601e-04 2.8706e-04 2.5056e-04 2.1666e-04 1.8548e-04 1.5708e-04 1.3151e-04 1.0874e-04 8.8713e-05 7.1338e-05 5.6476e-05 4.3959e-05 3.3593e-05 2.5163e-05 1.8442e-05 1.3198e-05 9.2022e-06 6.2356e-06 4.0947e-06 2.5974e-06 1.5858e-06 9.2810e-07 5.1823e-07 2.7461e-07 1.3726e-07 6.4256e-08 2.7945e-08 1.1185e-08 4.0749e-09 1.3340e-09 3.8653e-10 9.7361e-11 2.0868e-11 3.7099e-12 5.3038e-13 5.8725e-14 4.8087e-15 2.7502e-16 1.0228e-17 2.2586e-19 2.6351e-21 1.3928e-23 2.7063e-26 1.4273e-29 1.1880e-33 -5.9091e-39 -8.6463e-44 -1.0225e-50 -8.0100e-60 -6.3722e-72 -2.2189e-88 -1.7118e-111 -2.5417e-145 -1.3717e-197 -1.7516e-284 0.0000e+00 0.0000e+00 0.0000e+00 0.0000e+00
-4.0555e-04 -5.7236e-04 -6.9859e-04 -8.0278e-04 -8.9198e-04 -9.6969e-04 -1.0379e-03 1.7181e-02 -1.1507e-03 -1.1967e-03 -1.2364e-03 -1.2701e-03 -1.2981e-03 -1.3206e-03 -1.3378e-03 -1.3498e-03 -1.3567e-03 -1.3587e-03 -1.3560e-03 -1.3487e-03 -1.3369e-03 -1.3208e-03 -1.3005e-03 -1.2762e-03 -1.2482e-03 -1.2165e-03 -1.1815e-03 -1.1434e-03 -1.1024e-03 -1.0588e-03 -1.0129e-03 -9.6497e-04 -9.1535e-04 -8.6437e-04 -8.1238e-04 -7.5972e-04 -7.0677e-04 -6.5387e-04 -6.0140e-04 -5.4972e-04 -4.9917e-04 -4.5010e-04 -4.0282e-04 -3.5764e-04 -3.1482e-04 -2.7459e-04 -2.3716e-04 -2.0267e-04 -1.7122e-04 -1.4289e-04 -1.1766e-04 -9.5495e-05 -7.6300e-05 -5.9933e-05 -4.6209e-05 -3.4913e-05 -2.5799e-05 -1.8606e-05 -1.3065e-05 -8.9078e-06 -5.8793e-06 -3.7436e-06 -2.2905e-06 -1.3407e-06 -7.4689e-07 -3.9370e-07 -1.9504e-07 -9.0108e-08 -3.8470e-08 -1.5019e-08 -5.2957e-09 -1.6622e-09 -4.5644e-10 -1.0744e-10 -2.1152e-11 -3.3810e-12 -4.2332e-13 -3.9727e-14 -2.6468e-15 -1.1700e-16 -3.1518e-18 -4.6438e-20 -3.2558e-22 -9.0593e-25 -7.8676e-28 -1.5435e-31 -4.3906e-36 -9.7338e-42 -6.8996e-49 -4.1972e-58 -2.9459e-70 -9.8788e-87 -7.9115e-110 -1.3165e-143 -8.7182e-196 -1.5444e-282 0.0000e+00 0.0000e+00 0.0000e+00 0.0000e+00 4.0550e-04 5.7208e-04 6.9783e-04 8.0123e-04 8.8927e-04 9.6545e-04 1.0318e-03 0.0000e+00 1.1394e-03 1.1822e-03 1.2182e-03 1.2478e-03 1.2713e-03 1.2889e-03 1.3008e-03 1.3073e-03 1.3084e-03 1.3044e-03 1.2955e-03 1.2818e-03 1.2636e-03 1.2411e-03 1.2146e-03 1.1842e-03 1.1502e-03 1.1130e-03 1.0727e-03 1.0298e-03 9.8453e-04 9.3725e-04 8.8830e-04 8.3805e-04 7.8686e-04 7.3511e-04 6.8316e-04 6.3139e-04 5.8017e-04 5.2985e-04 4.8078e-04 4.3326e-04 3.8762e-04 3.4411e-04 3.0299e-04 2.6444e-04 2.2865e-04 1.9572e-04 1.6575e-04 1.3875e-04 1.1471e-04 9.3575e-05 7.5236e-05 5.9552e-05 4.6345e-05 3.5408e-05 2.6516e-05 1.9428e-05 1.3899e-05 9.6876e-06 6.5617e-06 4.3067e-06 2.7303e-06 1.6658e-06 9.7416e-07 5.4345e-07 2.8766e-07 1.4359e-07 6.7119e-08 2.9137e-08 1.1636e-08 4.2279e-09 1.3796e-09 3.9812e-10 9.9776e-11 2.1251e-11 3.7474e-12 5.3015e-13 5.7890e-14 4.6521e-15 2.5921e-16 9.2821e-18 1.9351e-19 2.0533e-21 9.0852e-24 1.1384e-26 -1.3269e-30 -2.2742e-33 -1.1617e-37 -3.5762e-43 -3.1364e-50 -2.2033e-59 -1.7011e-71 -6.0369e-88 -4.9451e-111 -8.1449e-145 -5.1571e-197 -8.3930e-284 0.0000e+00 0.0000e+00 0.0000e+00 0.0000e+00
-4.2415e-04 -5.9867e-04 -7.3082e-04 -8.4002e-04 -9.3362e-04 -1.0153e-03 -1.0872e-03 -1.1507e-03 2.1800e-02 -1.2557e-03 -1.2982e-03 -1.3347e-03 -1.3652e-03 -1.3901e-03 -1.4095e-03 -1.4236e-03 -1.4326e-03 -1.4364e-03 -1.4354e-03 -1.4295e-03 -1.4190e-03 -1.4040e-03 -1.3846e-03 -1.3610e-03 -1.3334e-03 -1.3020e-03 -1.2669e-03 -1.2284e-03 -1.1868e-03 -1.1424e-03 -1.0953e-03 -1.0459e-03 -9.9454e-04 -9.4154e-04 -8.8723e-04 -8.3199e-04 -7.7619e-04 -7.2022e-04 -6.6445e-04 -6.0926e-04 -5.5506e-04 -5.0219e-04 -4.5102e-04 -4.0189e-04 -3.5511e-04 -3.1094e-04 -2.6963e-04 -2.3138e-04 -1.9633e-04 -1.6457e-04 -1.3614e-04 -1.1102e-04 -8.9144e-05 -7.0379e-05 -5.4551e-05 -4.1441e-05 -3.0797e-05 -2.2341e-05 -1.5783e-05 -1.0829e-05 -7.1941e-06 -4.6118e-06 -2.8417e-06 -1.6755e-06 -9.4054e-07 -4.9973e-07 -2.4963e-07 -1.1633e-07 -5.0115e-08 -1.9752e-08 -7.0343e-09 -2.2311e-09 -6.1952e-10 -1.4755e-10 -2.9413e-11 -4.7645e-12 -6.0510e-13 -5.7662e-14 -3.9057e-15 -1.7578e-16 -4.8288e-18 -7.2689e-20 -5.2186e-22 -1.4909e-24 -1.3336e-27 -2.7052e-31 -7.9940e-36 -1.8518e-41 -1.3816e-48 -8.9288e-58 -6.7391e-70 -2.4700e-86 -2.2110e-109 -4.2461e-143 -3.4055e-195 -7.8932e-282 0.0000e+00 0.0000e+00 0.0000e+00 0.0000e+00 4.2409e-04 5.9830e-04 7.2981e-04 8.3795e-04 9.3003e-04 1.0097e-03 1.0790e-03 1.1394e-03 0.0000e+00 1.2363e-03 1.2740e-03 1.3050e-03 1.3296e-03 1.3480e-03 1.3604e-03 1.3672e-03 1.3684e-03 1.3642e-03 1.3548e-03 1.3406e-03 1.3215e-03 1.2980e-03 1.2702e-03 1.2384e-03 1.2029e-03 1.1639e-03 1.1218e-03 1.0769e-03 1.0296e-03 9.8010e-04 9.2890e-04 8.7634e-04 8.2279e-04 7.6865e-04 7.1432e-04 6.6017e-04 6.0659e-04 5.5395e-04 5.0262e-04 4.5292e-04 4.0518e-04 3.5968e-04 3.1667e-04 2.7636e-04 2.3893e-04 2.0450e-04 1.7316e-04 1.4493e-04 1.1980e-04 9.7708e-05 7.8543e-05 6.2154e-05 4.8356e-05 3.6933e-05 2.7647e-05 2.0248e-05 1.4479e-05 1.0086e-05 6.8270e-06 4.4774e-06 2.8360e-06 1.7285e-06 1.0096e-06 5.6241e-07 2.9719e-07 1.4805e-07 6.9034e-08 2.9881e-08 1.1891e-08 4.3017e-09 1.3961e-09 4.0017e-10 9.9435e-11 2.0946e-11 3.6408e-12 5.0520e-13 5.3714e-14 4.1549e-15 2.1857e-16 7.1288e-18 1.2512e-19 8.8001e-22 -4.0866e-25 -1.8900e-26 -3.1333e-29 -8.9684e-33 -3.3234e-37 -9.0138e-43 -7.5138e-50 -5.2352e-59 -4.1350e-71 -1.5439e-87 -1.3716e-110 -2.5445e-144 -1.9125e-196 -4.0049e-283 0.0000e+00 0.0000e+00 0.0000e+00 0.0000e+00
-4.4009e-04 -6.2123e-04 -7.5850e-04 -8.7205e-04 -9.6954e-04 -1.0548e-03 -1.1301e-03 -1.1967e-03 -1.2557e-03 2.6989e-02 -1.3530e-03 -1.3921e-03 -1.4253e-03 -1.4528e-03 -1.4746e-03 -1.4911e-03 -1.5023e-03 -1.5084e-03 -1.5094e-03 -1.5055e-03 -1.4967e-03 -1.4833e-03 -1.4653e-03 -1.4430e-03 -1.4164e-03 -1.3857e-03 -1.3512e-03 -1.3130e-03 -1.2713e-03 -1.2265e-03 -1.1788e-03 -1.1285e-03 -1.0759e-03 -1.0213e-03 -9.6511e-04 -9.0765e-04 -8.4931e-04 -7.9051e-04 -7.3163e-04 -6.7309e-04 -6.1530e-04 -5.5866e-04 -5.0357e-04 -4.5040e-04 -3.9951e-04 -3.5122e-04 -3.0582e-04 -2.6355e-04 -2.2460e-04 -1.8912e-04 -1.5718e-04 -1.2879e-04 -1.0393e-04 -8.2469e-05 -6.4259e-05 -4.9081e-05 -3.6679e-05 -2.6763e-05 -1.9020e-05 -1.3131e-05 -8.7794e-06 -5.6655e-06 -3.5150e-06 -2.0874e-06 -1.1805e-06 -6.3208e-07 -3.1830e-07 -1.4958e-07 -6.5013e-08 -2.5862e-08 -9.3005e-09 -2.9804e-09 -8.3662e-10 -2.0157e-10 -4.0676e-11 -6.6762e-12 -8.5989e-13 -8.3195e-14 -5.7284e-15 -2.6245e-16 -7.3518e-18 -1.1307e-19 -8.3128e-22 -2.4385e-24 -2.2470e-27 -4.7136e-31 -1.4474e-35 -3.5043e-41 -2.7528e-48 -1.8909e-57 -1.5355e-69 -6.1552e-86 -6.1632e-109 -1.3674e-142 -1.3299e-194 -4.0399e-281 0.0000e+00 0.0000e+00 0.0000e+00 0.0000e+00 4.4000e-04 6.2075e-04 7.5720e-04 8.6939e-04 9.6493e-04 1.0476e-03 1.1195e-03 1.1822e-03 1.2363e-03 0.0000e+00 1.3218e-03 1.3539e-03 1.3794e-03 1.3986e-03 1.4115e-03 1.4185e-03 1.4197e-03 1.4153e-03 1.4057e-03 1.3908e-03 1.3711e-03 1.3467e-03 1.3178e-03 1.2848e-03 1.2479e-03 1.2075e-03 1.1638e-03 1.1172e-03 1.0681e-03 1.0167e-03 9.6359e-04 9.0904e-04 8.5347e-04 7.9728e-04 7.4089e-04 6.8470e-04 6.2909e-04 5.7447e-04 5.2120e-04 4.6963e-04 4.2009e-04 3.7288e-04 3.2825e-04 2.8643e-04 2.4760e-04 2.1189e-04 1.7938e-04 1.5010e-04 1.2405e-04 1.0114e-04 8.1280e-05 6.4297e-05 5.0002e-05 3.8172e-05 2.8560e-05 2.0904e-05 1.4937e-05 1.0396e-05 7.0302e-06 4.6055e-06 2.9133e-06 1.7729e-06 1.0336e-06 5.7454e-07 3.0282e-07 1.5039e-07 6.9860e-08 3.0100e-08 1.1911e-08 4.2788e-09 1.3764e-09 3.9011e-10 9.5524e-11 1.9733e-11 3.3398e-12 4.4623e-13 4.4846e-14 3.1695e-15 1.4163e-16 3.1730e-18 1.8200e-21 -1.2151e-21 -1.7320e-23 -7.3063e-26 -8.5548e-29 -2.1262e-32 -7.3846e-37 -1.9540e-42 -1.6318e-49 -1.1636e-58 -9.5980e-71 -3.8258e-87 -3.7269e-110 -7.8549e-144 -7.0586e-196 -1.9140e-282 0.0000e+00 0.0000e+00 0.0000e+00 0.0000e+00
-4.5352e-04 -6.4026e-04 -7.8190e-04 -8.9921e-04 -1.0001e-03 -1.0886e-03 -1.1668e-03 -1.2364e-03 -1.2982e-03 -1.3530e-03 3.2759e-02 -1.4430e-03 -1.4789e-03 -1.5091e-03 -1.5336e-03 -1.5528e-03 -1.5665e-03 -1.5751e-03 -1.5786e-03 -1.5770e-03 -1.5705e-03 -1.5592e-03 -1.5432e-03 -1.5226e-03 -1.4976e-03 -1.4683e-03 -1.4348e-03 -1.3975e-03 -1.3564e-03 -1.3119e-03 -1.2641e-03 -1.2134e-03 -1.1600e-03 -1.1042e-03 -1.0465e-03 -9.8721e-04 -9.2665e-04 -8.6527e-04 -8.0349e-04 -7.4173e-04 -6.8043e-04 -6.2004e-04 -5.6097e-04 -5.0367e-04 -4.4852e-04 -3.9590e-04 -3.4616e-04 -2.9959e-04 -2.5644e-04 -2.1690e-04 -1.8110e-04 -1.4911e-04 -1.2091e-04 -9.6433e-05 -7.5531e-05 -5.8001e-05 -4.3585e-05 -3.1982e-05 -2.2863e-05 -1.5880e-05 -1.0684e-05 -6.9397e-06 -4.3346e-06 -2.5922e-06 -1.4766e-06 -7.9666e-07 -4.0436e-07 -1.9160e-07 -8.4001e-08 -3.3720e-08 -1.2243e-08 -3.9634e-09 -1.1245e-09 -2.7404e-10 -5.5980e-11 -9.3084e-12 -1.2158e-12 -1.1942e-13 -8.3588e-15 -3.8987e-16 -1.1137e-17 -1.7501e-19 -1.3177e-21 -3.9697e-24 -3.7689e-27 -8.1779e-31 -2.6099e-35 -6.6069e-41 -5.4668e-48 -3.9929e-57 -3.4907e-69 -1.5314e-85 -1.7166e-108 -4.4045e-142 -5.2015e-194 -2.0744e-280 0.0000e+00 0.0000e+00 0.0000e+00 0.0000e+00 4.5341e-04 6.3967e-04 7.8027e-04 8.9589e-04 9.9433e-04 1.0795e-03 1.1537e-03 1.2182e-03 1.2740e-03 1.3218e-03 0.0000e+00 1.3952e-03 1.4215e-03 1.4412e-03 1.4545e-03 1.4617e-03 1.4629e-03 1.4584e-03 1.4485e-03 1.4332e-03 1.4128e-03 1.3876e-03 1.3579e-03 1.3238e-03 1.2858e-03 1.2441e-03 1.1991e-03 1.1511e-03 1.1004e-03 1.0475e-03 9.9272e-04 9.3648e-04 8.7920e-04 8.2128e-04 7.6314e-04 7.0522e-04 6.4790e-04 5.9159e-04 5.3668e-04 4.8353e-04 4.3247e-04 3.8382e-04 3.3783e-04 2.9473e-04 2.5473e-04 2.1794e-04 1.8445e-04 1.5430e-04 1.2748e-04 1.0390e-04 8.3456e-05 6.5985e-05 5.1286e-05 3.9126e-05 2.9251e-05 2.1390e-05 1.5269e-05 1.0615e-05 7.1680e-06 4.6881e-06 2.9599e-06 1.7972e-06 1.0449e-06 5.7897e-07 3.0397e-07 1.5025e-07 6.9395e-08 2.9687e-08 1.1643e-08 4.1354e-09 1.3110e-09 3.6443e-10 8.6926e-11 1.7308e-11 2.7745e-12 3.4023e-13 2.9379e-14 1.4853e-15 1.1812e-17 -3.4581e-18 -2.0460e-19 -4.7343e-21 -4.5950e-23 -1.6590e-25 -1.8005e-28 -4.3167e-32 -1.4822e-36 -3.9485e-42 -3.3716e-49 -2.4958e-58 -2.1726e-70 -9.3209e-87 -1.0022e-109 -2.4131e-143 -2.6056e-195 -9.1914e-282 0.0000e+00 0.0000e+00 0.0000e+00 0.0000e+00
-4.6457e-04 -6.5595e-04 -8.0124e-04 -9.2174e-04 -1.0256e-03 -1.1168e-03 -1.1979e-03 -1.2701e-03 -1.3347e-03 -1.3921e-03 -1.4430e-03 3.9119e-02 -1.5264e-03 -1.5594e-03 -1.5869e-03 -1.6089e-03 -1.6255e-03 -1.6370e-03 -1.6433e-03 -1.6445e-03 -1.6407e-03 -1.6320e-03 -1.6185e-03 -1.6002e-03 -1.5774e-03 -1.5500e-03 -1.5183e-03 -1.4824e-03 -1.4424e-03 -1.3987e-03 -1.3514e-03 -1.3008e-03 -1.2471e-03 -1.1907e-03 -1.1319e-03 -1.0711e-03 -1.0086e-03 -9.4495e-04 -8.8046e-04 -8.1562e-04 -7.5090e-04 -6.8677e-04 -6.2370e-04 -5.6215e-04 -5.0258e-04 -4.4543e-04 -3.9109e-04 -3.3992e-04 -2.9224e-04 -2.4829e-04 -2.0827e-04 -1.7229e-04 -1.4039e-04 -1.1252e-04 -8.8586e-05 -6.8384e-05 -5.1667e-05 -3.8125e-05 -2.7412e-05 -1.9153e-05 -1.2966e-05 -8.4756e-06 -5.3290e-06 -3.2087e-06 -1.8410e-06 -1.0006e-06 -5.1186e-07 -2.4452e-07 -1.0812e-07 -4.3795e-08 -1.6053e-08 -5.2491e-09 -1.5053e-09 -3.7102e-10 -7.6714e-11 -1.2923e-11 -1.7118e-12 -1.7070e-13 -1.2146e-14 -5.7676e-16 -1.6802e-17 -2.6982e-19 -2.0810e-21 -6.4393e-24 -6.3003e-27 -1.4144e-30 -4.6932e-35 -1.2426e-40 -1.0834e-47 -8.4187e-57 -7.9275e-69 -3.8087e-85 -4.7837e-108 -1.4209e-141 -2.0403e-193 -1.0702e-279 0.0000e+00 0.0000e+00 0.0000e+00 0.0000e+00 4.6444e-04 6.5523e-04 7.9925e-04 9.1767e-04 1.0185e-03 1.1058e-03 1.1817e-03 1.2478e-03 1.3050e-03 1.3539e-03 1.3952e-03 0.0000e+00 1.4560e-03 1.4762e-03 1.4898e-03 1.4972e-03 1.4985e-03 1.4939e-03 1.4836e-03 1.4679e-03 1.4471e-03 1.4213e-03 1.3908e-03 1.3559e-03 1.3170e-03 1.2742e-03 1.2281e-03 1.1788e-03 1.1269e-03 1.0727e-03 1.0165e-03 9.5891e-04 9.0020e-04 8.4084e-04 7.8126e-04 7.2189e-04 6.6316e-04 6.0546e-04 5.4919e-04 4.9473e-04 4.4242e-04 3.9257e-04 3.4546e-04 3.0132e-04 2.6034e-04 2.2267e-04 1.8839e-04 1.5754e-04 1.3009e-04 1.0597e-04 8.5070e-05 6.7215e-05 5.2200e-05 3.9787e-05 2.9713e-05 2.1702e-05 1.5469e-05 1.0736e-05 7.2354e-06 4.7212e-06 2.9726e-06 1.7990e-06 1.0419e-06 5.7453e-07 2.9990e-07 1.4718e-07 6.7377e-08 2.8502e-08 1.1018e-08 3.8402e-09 1.1868e-09 3.1846e-10 7.2146e-11 1.3258e-11 1.8500e-12 1.6933e-13 4.6603e-15 -1.1942e-15 -1.9463e-16 -1.4034e-17 -5.3591e-19 -1.0438e-20 -9.2958e-23 -3.2088e-25 -3.4112e-28 -8.1450e-32 -2.8223e-36 -7.6768e-42 -6.7721e-49 -5.2450e-58 -4.8488e-70 -2.2505e-86 -2.6827e-109 -7.4092e-143 -9.6486e-195 -4.4450e-281 0.0000e+00 0.0000e+00 0.0000e+00 0.0000e+00
-4.7334e-04 -6.6844e-04 -8.1669e-04 -9.3984e-04 -1.0462e-03 -1.1399e-03 -1.2234e-03 -1.2981e-03 -1.3652e-03 -1.4253e-03 -1.4789e-03 -1.5264e-03 4.6083e-02 -1.6041e-03 -1.6346e-03 -1.6597e-03 -1.6796e-03 -1.6943e-03 -1.7038e-03 -1.7082e-03 -1.7076e-03 -1.7020e-03 -1.6915e-03 -1.6762e-03 -1.6560e-03 -1.6311e-03 -1.6017e-03 -1.5678e-03 -1.5296e-03 -1.4873e-03 -1.4410e-03 -1.3910e-03 -1.3376e-03 -1.2810e-03 -1.2216e-03 -1.1596e-03 -1.0956e-03 -1.0299e-03 -9.6293e-04 -8.9518e-04 -8.2713e-04 -7.5929e-04 -6.9217e-04 -6.2629e-04 -5.6215e-04 -5.0024e-04 -4.4104e-04 -3.8496e-04 -3.3240e-04 -2.8367e-04 -2.3903e-04 -1.9866e-04 -1.6265e-04 -1.3101e-04 -1.0366e-04 -8.0439e-05 -6.1099e-05 -4.5334e-05 -3.2780e-05 -2.3038e-05 -1.5691e-05 -1.0321e-05 -6.5319e-06 -3.9597e-06 -2.2879e-06 -1.2527e-06 -6.4576e-07 -3.1099e-07 -1.3868e-07 -5.6678e-08 -2.0973e-08 -6.9267e-09 -2.0076e-09 -5.0048e-10 -1.0475e-10 -1.7877e-11 -2.4015e-12 -2.4315e-13 -1.7589e-14 -8.5042e-16 -2.5270e-17 -4.1475e-19 -3.2771e-21 -1.0418e-23 -1.0507e-26 -2.4412e-30 -8.4242e-35 -2.3337e-40 -2.1450e-47 -1.7741e-56 -1.8005e-68 -9.4802e-85 -1.3353e-107 -4.5965e-141 -8.0359e-193 -5.5541e-279 0.0000e+00 0.0000e+00 0.0000e+00 0.0000e+00 4.7319e-04 6.6757e-04 8.1430e-04 9.3496e-04 1.0377e-03 1.1266e-03 1.2040e-03 1.2713e-03 1.3296e-03 1.3794e-03 1.4215e-03 1.4560e-03 0.0000e+00 1.5040e-03 1.5179e-03 1.5254e-03 1.5267e-03 1.5220e-03 1.5115e-03 1.4955e-03 1.4742e-03 1.4479e-03 1.4168e-03 1.3813e-03 1.3416e-03 1.2980e-03 1.2509e-03 1.2007e-03 1.1478e-03 1.0925e-03 1.0353e-03 9.7650e-04 9.1664e-04 8.5612e-04 7.9539e-04 7.3486e-04 6.7498e-04 6.1616e-04 5.5881e-04 5.0330e-04 4.4998e-04 3.9918e-04 3.5118e-04 3.0621e-04 2.6448e-04 2.2611e-04 1.9121e-04 1.5981e-04 1.3188e-04 1.0736e-04 8.6112e-05 6.7974e-05 5.2732e-05 4.0142e-05 2.9935e-05 2.1826e-05 1.5527e-05 1.0751e-05 7.2254e-06 4.6992e-06 2.9471e-06 1.7752e-06 1.0222e-06 5.5973e-07 2.8964e-07 1.4060e-07 6.3468e-08 2.6364e-08 9.9470e-09 3.3526e-09 9.8735e-10 2.4606e-10 4.9208e-11 7.0355e-12 4.3846e-13 -9.0883e-14 -3.2975e-14 -5.2852e-15 -5.1148e-16 -3.0395e-17 -1.0538e-18 -1.9471e-20 -1.6862e-22 -5.7521e-25 -6.1160e-28 -1.4752e-31 -5.2116e-36 -1.4587e-41 -1.3374e-48 -1.0891e-57 -1.0737e-69 -5.4110e-86 -7.1743e-109 -2.2798e-142 -3.5916e-194 -2.1680e-280 0.0000e+00 0.0000e+00 0.0000e+00 0.0000e+00
-4.7992e-04 -6.7784e-04 -8.2840e-04 -9.5368e-04 -1.0621e-03 -1.1579e-03 -1.2436e-03 -1.3206e-03 -1.3901e-03 -1.4528e-03 -1.5091e-03 -1.5594e-03 -1.6041e-03 5.3662e-02 -1.6770e-03 -1.7055e-03 -1.7289e-03 -1.7471e-03 -1.7602e-03 -1.7683e-03 -1.7713e-03 -1.7694e-03 -1.7624e-03 -1.7504e-03 -1.7335e-03 -1.7118e-03 -1.6852e-03 -1.6540e-03 -1.6181e-03 -1.5777e-03 -1.5331e-03 -1.4843e-03 -1.4316e-03 -1.3753e-03 -1.3157e-03 -1.2531e-03 -1.1879e-03 -1.1204e-03 -1.0512e-03 -9.8074e-04 -9.0949e-04 -8.3800e-04 -7.6682e-04 -6.9651e-04 -6.2765e-04 -5.6079e-04 -4.9645e-04 -4.3516e-04 -3.7736e-04 -3.2346e-04 -2.7379e-04 -2.2860e-04 -1.8805e-04 -1.5220e-04 -1.2103e-04 -9.4394e-05 -7.2077e-05 -5.3770e-05 -3.9098e-05 -2.7638e-05 -1.8936e-05 -1.2533e-05 -7.9831e-06 -4.8720e-06 -2.8347e-06 -1.5635e-06 -8.1216e-07 -3.9428e-07 -1.7732e-07 -7.3118e-08 -2.7312e-08 -9.1113e-09 -2.6691e-09 -6.7300e-10 -1.4258e-10 -2.4655e-11 -3.3591e-12 -3.4536e-13 -2.5402e-14 -1.2507e-15 -3.7912e-17 -6.3608e-19 -5.1499e-21 -1.6823e-23 -1.7494e-26 -4.2079e-30 -1.5107e-34 -4.3802e-40 -4.2463e-47 -3.7399e-56 -4.0934e-68 -2.3638e-84 -3.7370e-107 -1.4925e-140 -3.1816e-192 -2.9035e-278 0.0000e+00 0.0000e+00 0.0000e+00 0.0000e+00 4.7974e-04 6.7682e-04 8.2558e-04 9.4791e-04 1.0521e-03 1.1422e-03 1.2206e-03 1.2889e-03 1.3480e-03 1.3986e-03 1.4412e-03 1.4762e-03 1.5040e-03 0.0000e+00 1.5389e-03 1.5465e-03 1.5477e-03 1.5430e-03 1.5324e-03 1.5161e-03 1.4945e-03 1.4678e-03 1.4363e-03 1.4002e-03 1.3599e-03 1.3157e-03 1.2679e-03 1.2170e-03 1.1633e-03 1.1071e-03 1.0491e-03 9.8943e-04 9.2868e-04 8.6727e-04 8.0564e-04 7.4422e-04 6.8346e-04 6.2379e-04 5.6560e-04 5.0929e-04 4.5521e-04 4.0369e-04 3.5501e-04 3.0943e-04 2.6713e-04 2.2825e-04 1.9290e-04 1.6111e-04 1.3284e-04 1.0804e-04 8.6564e-05 6.8245e-05 5.2865e-05 4.0175e-05 2.9900e-05 2.1750e-05 1.5430e-05 1.0649e-05 7.1297e-06 4.6155e-06 2.8784e-06 1.7219e-06 9.8322e-07 5.3272e-07 2.7199e-07 1.2976e-07 5.7247e-08 2.3046e-08 8.3159e-09 2.6208e-09 6.9104e-10 1.3929e-10 1.5522e-11 -2.0866e-12 -1.6319e-12 -4.7352e-13 -8.8573e-14 -1.1369e-14 -9.8672e-16 -5.5197e-17 -1.8492e-18 -3.3558e-20 -2.8877e-22 -9.8771e-25 -1.0613e-27 -2.6061e-31 -9.4426e-36 -2.7326e-41 -2.6144e-48 -2.2462e-57 -2.3685e-69 -1.2995e-85 -1.9214e-108 -7.0430e-142 -1.3460e-193 -1.0677e-279 0.0000e+00 0.0000e+00 0.0000e+00 0.0000e+00
-4.8439e-04 -6.8428e-04 -8.3651e-04 -9.6340e-04 -1.0735e-03 -1.1711e-03 -1.2586e-03 -1.3378e-03 -1.4095e-03 -1.4746e-03 -1.5336e-03 -1.5869e-03 -1.6346e-03 -1.6770e-03 6.1870e-02 -1.7464e-03 -1.7735e-03 -1.7956e-03 -1.8127e-03 -1.8248e-03 -1.8319e-03 -1.8340e-03 -1.8311e-03 -1.8231e-03 -1.8100e-03 -1.7920e-03 -1.7689e-03 -1.7408e-03 -1.7079e-03 -1.6701e-03 -1.6276e-03 -1.5806e-03 -1.5293e-03 -1.4738e-03 -1.4145e-03 -1.3516e-03 -1.2856e-03 -1.2168e-03 -1.1456e-03 -1.0726e-03 -9.9831e-04 -9.2324e-04 -8.4802e-04 -7.7323e-04 -6.9952e-04 -6.2750e-04 -5.5779e-04 -4.9096e-04 -4.2756e-04 -3.6808e-04 -3.1295e-04 -2.6248e-04 -2.1693e-04 -1.7642e-04 -1.4098e-04 -1.1051e-04 -8.4821e-05 -6.3617e-05 -4.6514e-05 -3.3069e-05 -2.2792e-05 -1.5179e-05 -9.7300e-06 -5.9778e-06 -3.5024e-06 -1.9459e-06 -1.0185e-06 -4.9846e-07 -2.2608e-07 -9.4059e-08 -3.5469e-08 -1.1952e-08 -3.5390e-09 -9.0259e-10 -1.9358e-10 -3.3918e-11 -4.6875e-12 -4.8941e-13 -3.6606e-14 -1.8357e-15 -5.6775e-17 -9.7392e-19 -8.0816e-21 -2.7135e-23 -2.9102e-26 -7.2489e-30 -2.7083e-34 -8.2227e-40 -8.4109e-47 -7.8932e-56 -9.3227e-68 -5.9088e-84 -1.0495e-106 -4.8690e-140 -1.2676e-191 -1.5305e-277 0.0000e+00 0.0000e+00 0.0000e+00 0.0000e+00 4.8418e-04 6.8308e-04 8.3323e-04 9.5669e-04 1.0618e-03 1.1528e-03 1.2319e-03 1.3008e-03 1.3604e-03 1.4115e-03 1.4545e-03 1.4898e-03 1.5179e-03 1.5389e-03 0.0000e+00 1.5607e-03 1.5620e-03 1.5572e-03 1.5464e-03 1.5300e-03 1.5082e-03 1.4812e-03 1.4493e-03 1.4129e-03 1.3721e-03 1.3275e-03 1.2792e-03 1.2277e-03 1.1735e-03 1.1168e-03 1.0581e-03 9.9781e-04 9.3643e-04 8.7438e-04 8.1211e-04 7.5006e-04 6.8868e-04 6.2839e-04 5.6962e-04 5.1274e-04 4.5813e-04 4.0611e-04 3.5697e-04 3.1097e-04 2.6829e-04 2.2909e-04 1.9345e-04 1.6141e-04 1.3295e-04 1.0799e-04 8.6403e-05 6.8004e-05 5.2576e-05 3.9864e-05 2.9590e-05 2.1456e-05 1.5165e-05 1.0419e-05 6.9378e-06 4.4618e-06 2.7601e-06 1.6346e-06 9.2157e-07 4.9123e-07 2.4548e-07 1.1377e-07 4.8188e-08 1.8264e-08 5.9824e-09 1.5789e-09 2.7041e-10 -1.2155e-11 -3.2297e-11 -1.5068e-11 -4.5904e-12 -1.0234e-12 -1.6906e-13 -2.0254e-14 -1.6883e-15 -9.2274e-17 -3.0556e-18 -5.5291e-20 -4.7777e-22 -1.6514e-24 -1.8039e-27 -4.5310e-31 -1.6903e-35 -5.0742e-41 -5.0802e-48 -4.6165e-57 -5.2186e-69 -3.1243e-85 -5.1625e-108 -2.1877e-141 -5.0838e-193 -5.3154e-279 0.0000e+00 0.0000e+00 0.0000e+00 0.0000e+00
-4.8682e-04 -6.8784e-04 -8.4112e-04 -9.6914e-04 -1.0805e-03 -1.1795e-03 -1.2687e-03 -1.3498e-03 -1.4236e-03 -1.4911e-03 -1.5528e-03 -1.6089e-03 -1.6597e-03 -1.7055e-03 -1.7464e-03 7.0725e-02 -1.8135e-03 -1.8398e-03 -1.8612e-03 -1.8777e-03 -1.8893e-03 -1.8960e-03 -1.8976e-03 -1.8940e-03 -1.8854e-03 -1.8716e-03 -1.8525e-03 -1.8283e-03 -1.7989e-03 -1.7643e-03 -1.7246e-03 -1.6800e-03 -1.6305e-03 -1.5764e-03 -1.5179e-03 -1.4553e-03 -1.3889e-03 -1.3191e-03 -1.2463e-03 -1.1711e-03 -1.0939e-03 -1.0154e-03 -9.3614e-04 -8.5685e-04 -7.7819e-04 -7.0084e-04 -6.2550e-04 -5.5283e-04 -4.8347e-04 -4.1801e-04 -3.5696e-04 -3.0075e-04 -2.4970e-04 -2.0403e-04 -1.6384e-04 -1.2907e-04 -9.9581e-05 -7.5084e-05 -5.5201e-05 -3.9469e-05 -2.7364e-05 -1.8335e-05 -1.1829e-05 -7.3157e-06 -4.3162e-06 -2.4156e-06 -1.2741e-06 -6.2855e-07 -2.8751e-07 -1.2070e-07 -4.5949e-08 -1.5641e-08 -4.6814e-09 -1.2078e-09 -2.6226e-10 -4.6567e-11 -6.5285e-12 -6.9232e-13 -5.2667e-14 -2.6903e-15 -8.4913e-17 -1.4896e-18 -1.2671e-20 -4.3742e-23 -4.8395e-26 -1.2487e-29 -4.8573e-34 -1.5448e-39 -1.6681e-46 -1.6689e-55 -2.1286e-67 -1.4820e-83 -2.9602e-106 -1.5972e-139 -5.0863e-191 -8.1441e-277 0.0000e+00 0.0000e+00 0.0000e+00 0.0000e+00 4.8658e-04 6.8646e-04 8.3735e-04 9.6142e-04 1.0671e-03 1.1585e-03 1.2380e-03 1.3073e-03 1.3672e-03 1.4185e-03 1.4617e-03 1.4972e-03 1.5254e-03 1.5465e-03 1.5607e-03 0.0000e+00 1.5696e-03 1.5648e-03 1.5539e-03 1.5374e-03 1.5154e-03 1.4883e-03 1.4562e-03 1.4195e-03 1.3785e-03 1.3335e-03 1.2850e-03 1.2332e-03 1.1786e-03 1.1215e-03 1.0624e-03 1.0018e-03 9.4001e-04 8.7756e-04 8.1489e-04 7.5245e-04 6.9069e-04 6.3003e-04 5.7090e-04 5.1369e-04 4.5876e-04 4.0646e-04 3.5707e-04 3.1083e-04 2.6796e-04 2.2860e-04 1.9284e-04 1.6071e-04 1.3219e-04 1.0720e-04 8.5603e-05 6.7226e-05 5.1840e-05 3.9186e-05 2.8981e-05 2.0925e-05 1.4713e-05 1.0045e-05 6.6376e-06 4.2283e-06 2.5847e-06 1.5076e-06 8.3327e-07 4.3253e-07 2.0834e-07 9.1514e-08 3.5647e-08 1.1664e-08 2.7679e-09 1.4405e-10 -3.0961e-10 -2.2150e-10 -9.8650e-11 -3.3173e-11 -8.7425e-12 -1.8011e-12 -2.8391e-13 -3.3068e-14 -2.7123e-15 -1.4715e-16 -4.8696e-18 -8.8564e-20 -7.7317e-22 -2.7135e-24 -3.0250e-27 -7.7965e-31 -3.0030e-35 -9.3733e-41 -9.8412e-48 -9.4777e-57 -1.1507e-68 -7.5311e-85 -1.3934e-107 -6.8399e-141 -1.9373e-192 -2.6773e-278 0.0000e+00 0.0000e+00 0.0000e+00 0.0000e+00
-4.8728e-04 -6.8862e-04 -8.4236e-04 -9.7102e-04 -1.0832e-03 -1.1834e-03 -1.2740e-03 -1.3567e-03 -1.4326e-03 -1.5023e-03 -1.5665e-03 -1.6255e-03 -1.6796e-03 -1.7289e-03 -1.7735e-03 -1.8135e-03 8.0242e-02 -1.8796e-03 -1.9057e-03 -1.9270e-03 -1.9435e-03 -1.9551e-03 -1.9617e-03 -1.9632e-03 -1.9595e-03 -1.9505e-03 -1.9361e-03 -1.9163e-03 -1.8910e-03 -1.8603e-03 -1.8240e-03 -1.7824e-03 -1.7354e-03 -1.6832e-03 -1.6261e-03 -1.5642e-03 -1.4979e-03 -1.4275e-03 -1.3535e-03 -1.2763e-03 -1.1965e-03 -1.1147e-03 -1.0315e-03 -9.4776e-04 -8.6408e-04 -7.8125e-04 -7.0006e-04 -6.2126e-04 -5.4558e-04 -4.7372e-04 -4.0630e-04 -3.4385e-04 -2.8679e-04 -2.3544e-04 -1.8997e-04 -1.5041e-04 -1.1664e-04 -8.8412e-05 -6.5356e-05 -4.6995e-05 -3.2774e-05 -2.2095e-05 -1.4346e-05 -8.9317e-06 -5.3065e-06 -2.9916e-06 -1.5900e-06 -7.9079e-07 -3.6482e-07 -1.5454e-07 -5.9400e-08 -2.0426e-08 -6.1806e-09 -1.6132e-09 -3.5469e-10 -6.3828e-11 -9.0791e-12 -9.7803e-13 -7.5683e-14 -3.9388e-15 -1.2689e-16 -2.2769e-18 -1.9860e-20 -7.0504e-23 -8.0496e-26 -2.1523e-29 -8.7193e-34 -2.9062e-39 -3.3146e-46 -3.5375e-55 -4.8755e-67 -3.7317e-83 -8.3915e-106 -5.2730e-139 -2.0575e-190 -4.3792e-276 0.0000e+00 0.0000e+00 0.0000e+00 0.0000e+00 4.8700e-04 6.8706e-04 8.3808e-04 9.6225e-04 1.0680e-03 1.1595e-03 1.2391e-03 1.3084e-03 1.3684e-03 1.4197e-03 1.4629e-03 1.4985e-03 1.5267e-03 1.5477e-03 1.5620e-03 1.5696e-03 0.0000e+00 1.5660e-03 1.5551e-03 1.5385e-03 1.5165e-03 1.4892e-03 1.4571e-03 1.4203e-03 1.3792e-03 1.3341e-03 1.2854e-03 1.2335e-03 1.1787e-03 1.1215e-03 1.0623e-03 1.0014e-03 9.3951e-04 8.7690e-04 8.1407e-04 7.5147e-04 6.8955e-04 6.2875e-04 5.6949e-04 5.1216e-04 4.5713e-04 4.0474e-04 3.5529e-04 3.0901e-04 2.6612e-04 2.2677e-04 1.9103e-04 1.5895e-04 1.3051e-04 1.0561e-04 8.4130e-05 6.5877e-05 5.0625e-05 3.8111e-05 2.8048e-05 2.0132e-05 1.4053e-05 9.5100e-06 6.2148e-06 3.9037e-06 2.3433e-06 1.3343e-06 7.1357e-07 3.5334e-07 1.5839e-07 6.1651e-08 1.8832e-08 2.8126e-09 -1.5502e-09 -1.7884e-09 -1.0935e-09 -5.0576e-10 -1.8925e-10 -5.8060e-11 -1.4495e-11 -2.8882e-12 -4.4613e-13 -5.1376e-14 -4.1949e-15 -2.2778e-16 -7.5802e-18 -1.3923e-19 -1.2328e-21 -4.4069e-24 -5.0272e-27 -1.3326e-30 -5.3103e-35 -1.7267e-40 -1.9044e-47 -1.9469e-56 -2.5430e-68 -1.8223e-84 -3.7817e-107 -2.1547e-140 -7.4551e-192 -1.3657e-277 0.0000e+00 0.0000e+00 0.0000e+00 0.0000e+00
