-1.8579e-09 -5.0113e-12 -1.3832e-11 -2.8458e-11 -4.9859e-11 -7.8929e-11 -1.1653e-10 -1.6350e-10 -2.2069e-10 -2.8896e-10 -3.6919e-10 -4.6229e-10 -5.6921e-10 -6.9093e-10 -8.2845e-10 -9.8280e-10 -1.1550e-09 -1.3461e-09 -1.5571e-09 -1.7889e-09 -2.0421e-09 -2.3173e-09 -2.6146e-09 -2.9336e-09 -3.2732e-09 -3.6314e-09 -4.0050e-09 -4.3892e-09 -4.7773e-09 -5.1603e-09 -5.5265e-09 -5.8613e-09 -6.1469e-09 -6.3629e-09 -6.4869e-09 -6.4957e-09 -6.3682e-09 -6.0887e-09 -5.6506e-09 -5.0615e-09 -4.3462e-09 -3.5483e-09 -2.7274e-09 -1.9504e-09 -1.2792e-09 -7.5618e-10 -3.9457e-10 -1.7718e-10 -6.6391e-11 -1.9995e-11 -4.6239e-12 -7.7641e-13 -8.8394e-14 -6.2723e-15 -2.5003e-16 -4.9244e-18 -4.0853e-20 -1.1704e-22 -9.0304e-26 -1.3735e-29 -2.7775e-34 -4.5339e-40 -3.1640e-47 -4.1836e-56 -3.6765e-67 -5.5293e-81 -2.4290e-98 -3.0645e-120 -5.1824e-148 -1.9861e-183 -7.2210e-229 -1.5016e-287 -0.0000e+00 -0.0000e+00 -0.0000e+00 -0.0000e+00 -0.0000e+00 -0.0000e+00 -0.0000e+00 -0.0000e+00 -0.0000e+00 -0.0000e+00 -0.0000e+00 -0.0000e+00 -0.0000e+00 -0.0000e+00 -0.0000e+00 -0.0000e+00 -0.0000e+00 -0.0000e+00 -0.0000e+00 -0.0000e+00 -0.0000e+00 -0.0000e+00 -0.0000e+00 -0.0000e+00 -0.0000e+00 -0.0000e+00 -0.0000e+00 -0.0000e+00 0.0000e+00 -5.0113e-12 -1.3832e-11 -2.8458e-11 -4.9859e-11 -7.8929e-11 -1.1653e-10 -1.6350e-10 -2.2069e-10 -2.8896e-10 -3.6919e-10 -4.6229e-10 -5.6921e-10 -6.9093e-10 -8.2845e-10 -9.8280e-10 -1.1550e-09 -1.3461e-09 -1.5571e-09 -1.7889e-09 -2.0421e-09 -2.3173e-09 -2.6146e-09 -2.9336e-09 -3.2732e-09 -3.6314e-09 -4.0050e-09 -4.3892e-09 -4.7773e-09 -5.1603e-09 -5.5265e-09 -5.8613e-09 -6.1469e-09 -6.3629e-09 -6.4869e-09 -6.4957e-09 -6.3682e-09 -6.0887e-09 -5.6506e-09 -5.0615e-09 -4.3462e-09 -3.5483e-09 -2.7274e-09 -1.9504e-09 -1.2792e-09 -7.5618e-10 -3.9457e-10 -1.7718e-10 -6.6391e-11 -1.9995e-11 -4.6239e-12 -7.7641e-13 -8.8394e-14 -6.2723e-15 -2.5003e-16 -4.9244e-18 -4.0853e-20 -1.1704e-22 -9.0304e-26 -1.3735e-29 -2.7775e-34 -4.5339e-40 -3.1640e-47 -4.1836e-56 -3.6765e-67 -5.5293e-81 -2.4290e-98 -3.0645e-120 -5.1824e-148 -1.9861e-183 -7.2210e-229 -1.5016e-287 -0.0000e+00 -0.0000e+00 -0.0000e+00 -0.0000e+00 -0.0000e+00 -0.0000e+00 -0.0000e+00 -0.0000e+00 -0.0000e+00 -0.0000e+00 -0.0000e+00 -0.0000e+00 -0.0000e+00 -0.0000e+00 -0.0000e+00 -0.0000e+00 -0.0000e+00 -0.0000e+00 -0.0000e+00 -0.0000e+00 -0.0000e+00 -0.0000e+00 -0.0000e+00 -0.0000e+00 -0.0000e+00 -0.0000e+00 -0.0000e+00 -0.0000e+00
-5.0113e-12 3.0248e-10 -7.8320e-11 -1.6114e-10 -2.8232e-10 -4.4692e-10 -6.5982e-10 -9.2579e-10 -1.2496e-09 -1.6362e-09 -2.0905e-09 -2.6177e-09 -3.2231e-09 -3.9123e-09 -4.6909e-09 -5.5649e-09 -6.5401e-09 -7.6222e-09 -8.8169e-09 -1.0129e-08 -1.1563e-08 -1.3121e-08 -1.4805e-08 -1.6611e-08 -1.8534e-08 -2.0562e-08 -2.2678e-08 -2.4853e-08 -2.7051e-08 -2.9219e-08 -3.1293e-08 -3.3188e-08 -3.4806e-08 -3.6029e-08 -3.6731e-08 -3.6781e-08 -3.6059e-08 -3.4476e-08 -3.1996e-08 -2.8660e-08 -2.4609e-08 -2.0092e-08 -1.5444e-08 -1.1044e-08 -7.2431e-09 -4.2817e-09 -2.2342e-09 -1.0033e-09 -3.7593e-10 -1.1322e-10 -2.6182e-11 -4.3963e-12 -5.0052e-13 -3.5516e-14 -1.4158e-15 -2.7883e-17 -2.3132e-19 -6.6269e-22 -5.1133e-25 -7.7771e-29 -1.5727e-33 -2.5672e-39 -1.7916e-46 -2.3689e-55 -2.0817e-66 -3.1309e-80 -1.3754e-97 -1.7352e-119 -2.9344e-147 -1.1246e-182 -4.0888e-228 -8.5028e-287 -0.0000e+00 -0.0000e+00 -0.0000e+00 -0.0000e+00 -0.0000e+00 -0.0000e+00 -0.0000e+00 -0.0000e+00 -0.0000e+00 -0.0000e+00 -0.0000e+00 -0.0000e+00 -0.0000e+00 -0.0000e+00 -0.0000e+00 -0.0000e+00 -0.0000e+00 -0.0000e+00 -0.0000e+00 -0.0000e+00 -0.0000e+00 -0.0000e+00 -0.0000e+00 -0.0000e+00 -0.0000e+00 -0.0000e+00 -0.0000e+00 -0.0000e+00 -5.0113e-12 0.0000e+00 -7.8320e-11 -1.6114e-10 -2.8232e-10 -4.4692e-10 -6.5982e-10 -9.2579e-10 -1.2496e-09 -1.6362e-09 -2.0905e-09 -2.6177e-09 -3.2231e-09 -3.9123e-09 -4.6909e-09 -5.5649e-09 -6.5401e-09 -7.6222e-09 -8.8169e-09 -1.0129e-08 -1.1563e-08 -1.3121e-08 -1.4805e-08 -1.6611e-08 -1.8534e-08 -2.0562e-08 -2.2678e-08 -2.4853e-08 -2.7051e-08 -2.9219e-08 -3.1293e-08 -3.3188e-08 -3.4806e-08 -3.6029e-08 -3.6731e-08 -3.6781e-08 -3.6059e-08 -3.4476e-08 -3.1996e-08 -2.8660e-08 -2.4609e-08 -2.0092e-08 -1.5444e-08 -1.1044e-08 -7.2431e-09 -4.2817e-09 -2.2342e-09 -1.0033e-09 -3.7593e-10 -1.1322e-10 -2.6182e-11 -4.3963e-12 -5.0052e-13 -3.5516e-14 -1.4158e-15 -2.7883e-17 -2.3132e-19 -6.6269e-22 -5.1133e-25 -7.7771e-29 -1.5727e-33 -2.5672e-39 -1.7916e-46 -2.3689e-55 -2.0817e-66 -3.1309e-80 -1.3754e-97 -1.7352e-119 -2.9344e-147 -1.1246e-182 -4.0888e-228 -8.5027e-287 -0.0000e+00 -0.0000e+00 -0.0000e+00 -0.0000e+00 -0.0000e+00 -0.0000e+00 -0.0000e+00 -0.0000e+00 -0.0000e+00 -0.0000e+00 -0.0000e+00 -0.0000e+00 -0.0000e+00 -0.0000e+00 -0.0000e+00 -0.0000e+00 -0.0000e+00 -0.0000e+00 -0.0000e+00 -0.0000e+00 -0.0000e+00 -0.0000e+00 -0.0000e+00 -0.0000e+00 -0.0000e+00 -0.0000e+00 -0.0000e+00 -0.0000e+00
-1.3832e-11 -7.8320e-11 3.4719e-09 -4.4476e-10 -7.7923e-10 -1.2336e-09 -1.8212e-09 -2.5553e-09 -3.4491e-09 -4.5161e-09 -5.7700e-09 -7.2251e-09 -8.8961e-09 -1.0798e-08 -1.2948e-08 -1.5360e-08 -1.8051e-08 -2.1038e-08 -2.4336e-08 -2.7958e-08 -3.1915e-08 -3.6216e-08 -4.0863e-08 -4.5848e-08 -5.1156e-08 -5.6754e-08 -6.2593e-08 -6.8598e-08 -7.4664e-08 -8.0649e-08 -8.6372e-08 -9.1604e-08 -9.6068e-08 -9.9445e-08 -1.0138e-07 -1.0152e-07 -9.9528e-08 -9.5159e-08 -8.8312e-08 -7.9104e-08 -6.7925e-08 -5.5456e-08 -4.2626e-08 -3.0483e-08 -1.9992e-08 -1.1818e-08 -6.1667e-09 -2.7691e-09 -1.0376e-09 -3.1250e-10 -7.2266e-11 -1.2134e-11 -1.3815e-12 -9.8028e-14 -3.9077e-15 -7.6962e-17 -6.3848e-19 -1.8291e-21 -1.4113e-24 -2.1466e-28 -4.3409e-33 -7.0860e-39 -4.9450e-46 -6.5385e-55 -5.7460e-66 -8.6418e-80 -3.7963e-97 -4.7896e-119 -8.0997e-147 -3.1042e-182 -1.1286e-227 -2.3470e-286 -0.0000e+00 -0.0000e+00 -0.0000e+00 -0.0000e+00 -0.0000e+00 -0.0000e+00 -0.0000e+00 -0.0000e+00 -0.0000e+00 -0.0000e+00 -0.0000e+00 -0.0000e+00 -0.0000e+00 -0.0000e+00 -0.0000e+00 -0.0000e+00 -0.0000e+00 -0.0000e+00 -0.0000e+00 -0.0000e+00 -0.0000e+00 -0.0000e+00 -0.0000e+00 -0.0000e+00 -0.0000e+00 -0.0000e+00 -0.0000e+00 -0.0000e+00 -1.3832e-11 -7.8320e-11 0.0000e+00 -4.4476e-10 -7.7923e-10 -1.2336e-09 -1.8212e-09 -2.5553e-09 -3.4491e-09 -4.5161e-09 -5.7700e-09 -7.2251e-09 -8.8961e-09 -1.0798e-08 -1.2948e-08 -1.5360e-08 -1.8051e-08 -2.1038e-08 -2.4336e-08 -2.7958e-08 -3.1915e-08 -3.6216e-08 -4.0863e-08 -4.5848e-08 -5.1156e-08 -5.6754e-08 -6.2593e-08 -6.8598e-08 -7.4664e-08 -8.0649e-08 -8.6372e-08 -9.1604e-08 -9.6068e-08 -9.9445e-08 -1.0138e-07 -1.0152e-07 -9.9528e-08 -9.5159e-08 -8.8312e-08 -7.9104e-08 -6.7925e-08 -5.5456e-08 -4.2626e-08 -3.0483e-08 -1.9992e-08 -1.1818e-08 -6.1667e-09 -2.7691e-09 -1.0376e-09 -3.1250e-10 -7.2266e-11 -1.2134e-11 -1.3815e-12 -9.8028e-14 -3.9077e-15 -7.6962e-17 -6.3848e-19 -1.8291e-21 -1.4113e-24 -2.1466e-28 -4.3409e-33 -7.0859e-39 -4.9450e-46 -6.5385e-55 -5.7459e-66 -8.6416e-80 -3.7962e-97 -4.7895e-119 -8.0995e-147 -3.1041e-182 -1.1286e-227 -2.3469e-286 -0.0000e+00 -0.0000e+00 -0.0000e+00 -0.0000e+00 -0.0000e+00 -0.0000e+00 -0.0000e+00 -0.0000e+00 -0.0000e+00 -0.0000e+00 -0.0000e+00 -0.0000e+00 -0.0000e+00 -0.0000e+00 -0.0000e+00 -0.0000e+00 -0.0000e+00 -0.0000e+00 -0.0000e+00 -0.0000e+00 -0.0000e+00 -0.0000e+00 -0.0000e+00 -0.0000e+00 -0.0000e+00 -0.0000e+00 -0.0000e+00 -0.0000e+00
-2.8458e-11 -1.6114e-10 -4.4476e-10 1.9568e-08 -1.6032e-09 -2.5380e-09 -3.7470e-09 -5.2574e-09 -7.0963e-09 -9.2915e-09 -1.1871e-08 -1.4865e-08 -1.8303e-08 -2.2217e-08 -2.6639e-08 -3.1602e-08 -3.7140e-08 -4.3285e-08 -5.0069e-08 -5.7521e-08 -6.5664e-08 -7.4513e-08 -8.4072e-08 -9.4330e-08 -1.0525e-07 -1.1677e-07 -1.2878e-07 -1.4114e-07 -1.5362e-07 -1.6593e-07 -1.7771e-07 -1.8847e-07 -1.9766e-07 -2.0460e-07 -2.0859e-07 -2.0887e-07 -2.0477e-07 -1.9578e-07 -1.8170e-07 -1.6275e-07 -1.3975e-07 -1.1410e-07 -8.7702e-08 -6.2717e-08 -4.1132e-08 -2.4315e-08 -1.2688e-08 -5.6973e-09 -2.1348e-09 -6.4295e-10 -1.4868e-10 -2.4966e-11 -2.8424e-12 -2.0169e-13 -8.0400e-15 -1.5835e-16 -1.3137e-18 -3.7634e-21 -2.9038e-24 -4.4166e-28 -8.9315e-33 -1.4580e-38 -1.0175e-45 -1.3454e-54 -1.1823e-65 -1.7782e-79 -7.8116e-97 -9.8559e-119 -1.6668e-146 -6.3884e-182 -2.3228e-227 -4.8308e-286 -0.0000e+00 -0.0000e+00 -0.0000e+00 -0.0000e+00 -0.0000e+00 -0.0000e+00 -0.0000e+00 -0.0000e+00 -0.0000e+00 -0.0000e+00 -0.0000e+00 -0.0000e+00 -0.0000e+00 -0.0000e+00 -0.0000e+00 -0.0000e+00 -0.0000e+00 -0.0000e+00 -0.0000e+00 -0.0000e+00 -0.0000e+00 -0.0000e+00 -0.0000e+00 -0.0000e+00 -0.0000e+00 -0.0000e+00 -0.0000e+00 -0.0000e+00 -2.8458e-11 -1.6114e-10 -4.4476e-10 0.0000e+00 -1.6032e-09 -2.5380e-09 -3.7470e-09 -5.2574e-09 -7.0963e-09 -9.2915e-09 -1.1871e-08 -1.4865e-08 -1.8303e-08 -2.2217e-08 -2.6639e-08 -3.1602e-08 -3.7140e-08 -4.3285e-08 -5.0069e-08 -5.7521e-08 -6.5664e-08 -7.4513e-08 -8.4072e-08 -9.4330e-08 -1.0525e-07 -1.1677e-07 -1.2878e-07 -1.4114e-07 -1.5362e-07 -1.6593e-07 -1.7771e-07 -1.8847e-07 -1.9766e-07 -2.0460e-07 -2.0859e-07 -2.0887e-07 -2.0477e-07 -1.9578e-07 -1.8170e-07 -1.6275e-07 -1.3975e-07 -1.1410e-07 -8.7702e-08 -6.2717e-08 -4.1132e-08 -2.4315e-08 -1.2688e-08 -5.6973e-09 -2.1348e-09 -6.4295e-10 -1.4868e-10 -2.4966e-11 -2.8423e-12 -2.0169e-13 -8.0399e-15 -1.5834e-16 -1.3136e-18 -3.7633e-21 -2.9038e-24 -4.4165e-28 -8.9313e-33 -1.4579e-38 -1.0174e-45 -1.3453e-54 -1.1822e-65 -1.7780e-79 -7.8108e-97 -9.8546e-119 -1.6665e-146 -6.3871e-182 -2.3222e-227 -4.8293e-286 -0.0000e+00 -0.0000e+00 -0.0000e+00 -0.0000e+00 -0.0000e+00 -0.0000e+00 -0.0000e+00 -0.0000e+00 -0.0000e+00 -0.0000e+00 -0.0000e+00 -0.0000e+00 -0.0000e+00 -0.0000e+00 -0.0000e+00 -0.0000e+00 -0.0000e+00 -0.0000e+00 -0.0000e+00 -0.0000e+00 -0.0000e+00 -0.0000e+00 -0.0000e+00 -0.0000e+00 -0.0000e+00 -0.0000e+00 -0.0000e+00 -0.0000e+00
-4.9859e-11 -2.8232e-10 -7.7923e-10 -1.6032e-09 7.4973e-08 -4.4466e-09 -6.5648e-09 -9.2110e-09 -1.2433e-08 -1.6279e-08 -2.0799e-08 -2.6044e-08 -3.2068e-08 -3.8925e-08 -4.6672e-08 -5.5367e-08 -6.5070e-08 -7.5836e-08 -8.7722e-08 -1.0078e-07 -1.1504e-07 -1.3055e-07 -1.4730e-07 -1.6527e-07 -1.8440e-07 -2.0458e-07 -2.2563e-07 -2.4727e-07 -2.6914e-07 -2.9071e-07 -3.1134e-07 -3.3020e-07 -3.4630e-07 -3.5847e-07 -3.6545e-07 -3.6594e-07 -3.5877e-07 -3.4302e-07 -3.1834e-07 -2.8515e-07 -2.4485e-07 -1.9990e-07 -1.5366e-07 -1.0988e-07 -7.2064e-08 -4.2601e-08 -2.2229e-08 -9.9819e-09 -3.7403e-09 -1.1265e-09 -2.6050e-10 -4.3742e-11 -4.9800e-12 -3.5337e-13 -1.4087e-14 -2.7744e-16 -2.3017e-18 -6.5940e-21 -5.0880e-24 -7.7388e-28 -1.5650e-32 -2.5548e-38 -1.7829e-45 -2.3576e-54 -2.0720e-65 -3.1165e-79 -1.3692e-96 -1.7277e-118 -2.9222e-146 -1.1202e-181 -4.0739e-227 -8.4749e-286 -0.0000e+00 -0.0000e+00 -0.0000e+00 -0.0000e+00 -0.0000e+00 -0.0000e+00 -0.0000e+00 -0.0000e+00 -0.0000e+00 -0.0000e+00 -0.0000e+00 -0.0000e+00 -0.0000e+00 -0.0000e+00 -0.0000e+00 -0.0000e+00 -0.0000e+00 -0.0000e+00 -0.0000e+00 -0.0000e+00 -0.0000e+00 -0.0000e+00 -0.0000e+00 -0.0000e+00 -0.0000e+00 -0.0000e+00 -0.0000e+00 -0.0000e+00 -4.9859e-11 -2.8232e-10 -7.7923e-10 -1.6032e-09 0.0000e+00 -4.4466e-09 -6.5648e-09 -9.2110e-09 -1.2433e-08 -1.6279e-08 -2.0799e-08 -2.6044e-08 -3.2068e-08 -3.8925e-08 -4.6672e-08 -5.5367e-08 -6.5070e-08 -7.5836e-08 -8.7722e-08 -1.0078e-07 -1.1504e-07 -1.3055e-07 -1.4730e-07 -1.6527e-07 -1.8440e-07 -2.0458e-07 -2.2563e-07 -2.4727e-07 -2.6914e-07 -2.9071e-07 -3.1134e-07 -3.3020e-07 -3.4629e-07 -3.5847e-07 -3.6545e-07 -3.6594e-07 -3.5877e-07 -3.4302e-07 -3.1834e-07 -2.8515e-07 -2.4485e-07 -1.9990e-07 -1.5365e-07 -1.0988e-07 -7.2064e-08 -4.2601e-08 -2.2229e-08 -9.9818e-09 -3.7402e-09 -1.1265e-09 -2.6050e-10 -4.3741e-11 -4.9799e-12 -3.5336e-13 -1.4086e-14 -2.7743e-16 -2.3016e-18 -6.5936e-21 -5.0876e-24 -7.7381e-28 -1.5648e-32 -2.5544e-38 -1.7826e-45 -2.3571e-54 -2.0715e-65 -3.1155e-79 -1.3687e-96 -1.7269e-118 -2.9205e-146 -1.1193e-181 -4.0700e-227 -8.4647e-286 -0.0000e+00 -0.0000e+00 -0.0000e+00 -0.0000e+00 -0.0000e+00 -0.0000e+00 -0.0000e+00 -0.0000e+00 -0.0000e+00 -0.0000e+00 -0.0000e+00 -0.0000e+00 -0.0000e+00 -0.0000e+00 -0.0000e+00 -0.0000e+00 -0.0000e+00 -0.0000e+00 -0.0000e+00 -0.0000e+00 -0.0000e+00 -0.0000e+00 -0.0000e+00 -0.0000e+00 -0.0000e+00 -0.0000e+00 -0.0000e+00 -0.0000e+00
-7.8929e-11 -4.4692e-10 -1.2336e-09 -2.5380e-09 -4.4466e-09 2.2507e-07 -1.0392e-08 -1.4582e-08 -1.9682e-08 -2.5770e-08 -3.2926e-08 -4.1229e-08 -5.0765e-08 -6.1620e-08 -7.3884e-08 -8.7650e-08 -1.0301e-07 -1.2005e-07 -1.3887e-07 -1.5954e-07 -1.8212e-07 -2.0666e-07 -2.3318e-07 -2.6163e-07 -2.9192e-07 -3.2386e-07 -3.5718e-07 -3.9145e-07 -4.2606e-07 -4.6022e-07 -4.9288e-07 -5.2273e-07 -5.4821e-07 -5.6747e-07 -5.7853e-07 -5.7931e-07 -5.6795e-07 -5.4302e-07 -5.0395e-07 -4.5141e-07 -3.8761e-07 -3.1646e-07 -2.4325e-07 -1.7395e-07 -1.1408e-07 -6.7441e-08 -3.5191e-08 -1.5802e-08 -5.9213e-09 -1.7834e-09 -4.1241e-10 -6.9250e-11 -7.8842e-12 -5.5946e-13 -2.2303e-14 -4.3926e-16 -3.6443e-18 -1.0441e-20 -8.0564e-24 -1.2254e-27 -2.4784e-32 -4.0460e-38 -2.8240e-45 -3.7346e-54 -3.2826e-65 -4.9383e-79 -2.1701e-96 -2.7390e-118 -4.6344e-146 -1.7774e-181 -6.4676e-227 -1.3465e-285 -0.0000e+00 -0.0000e+00 -0.0000e+00 -0.0000e+00 -0.0000e+00 -0.0000e+00 -0.0000e+00 -0.0000e+00 -0.0000e+00 -0.0000e+00 -0.0000e+00 -0.0000e+00 -0.0000e+00 -0.0000e+00 -0.0000e+00 -0.0000e+00 -0.0000e+00 -0.0000e+00 -0.0000e+00 -0.0000e+00 -0.0000e+00 -0.0000e+00 -0.0000e+00 -0.0000e+00 -0.0000e+00 -0.0000e+00 -0.0000e+00 -0.0000e+00 -7.8929e-11 -4.4692e-10 -1.2336e-09 -2.5380e-09 -4.4466e-09 0.0000e+00 -1.0392e-08 -1.4582e-08 -1.9682e-08 -2.5770e-08 -3.2926e-08 -4.1229e-08 -5.0765e-08 -6.1620e-08 -7.3884e-08 -8.7650e-08 -1.0301e-07 -1.2005e-07 -1.3887e-07 -1.5954e-07 -1.8212e-07 -2.0666e-07 -2.3318e-07 -2.6163e-07 -2.9192e-07 -3.2386e-07 -3.5718e-07 -3.9145e-07 -4.2606e-07 -4.6022e-07 -4.9288e-07 -5.2273e-07 -5.4821e-07 -5.6747e-07 -5.7852e-07 -5.7931e-07 -5.6795e-07 -5.4302e-07 -5.0395e-07 -4.5140e-07 -3.8761e-07 -3.1646e-07 -2.4325e-07 -1.7395e-07 -1.1408e-07 -6.7440e-08 -3.5190e-08 -1.5802e-08 -5.9211e-09 -1.7833e-09 -4.1239e-10 -6.9246e-11 -7.8836e-12 -5.5941e-13 -2.2300e-14 -4.3920e-16 -3.6437e-18 -1.0439e-20 -8.0546e-24 -1.2251e-27 -2.4775e-32 -4.0443e-38 -2.8225e-45 -3.7323e-54 -3.2801e-65 -4.9336e-79 -2.1675e-96 -2.7350e-118 -4.6260e-146 -1.7733e-181 -6.4492e-227 -1.3416e-285 -0.0000e+00 -0.0000e+00 -0.0000e+00 -0.0000e+00 -0.0000e+00 -0.0000e+00 -0.0000e+00 -0.0000e+00 -0.0000e+00 -0.0000e+00 -0.0000e+00 -0.0000e+00 -0.0000e+00 -0.0000e+00 -0.0000e+00 -0.0000e+00 -0.0000e+00 -0.0000e+00 -0.0000e+00 -0.0000e+00 -0.0000e+00 -0.0000e+00 -0.0000e+00 -0.0000e+00 -0.0000e+00 -0.0000e+00 -0.0000e+00 -0.0000e+00
-1.1653e-10 -6.5982e-10 -1.8212e-09 -3.7470e-09 -6.5648e-09 -1.0392e-08 5.7113e-07 -2.1528e-08 -2.9058e-08 -3.8046e-08 -4.8610e-08 -6.0869e-08 -7.4947e-08 -9.0973e-08 -1.0908e-07 -1.2940e-07 -1.5208e-07 -1.7724e-07 -2.0502e-07 -2.3553e-07 -2.6888e-07 -3.0511e-07 -3.4425e-07 -3.8626e-07 -4.3097e-07 -4.7814e-07 -5.2733e-07 -5.7792e-07 -6.2902e-07 -6.7945e-07 -7.2767e-07 -7.7174e-07 -8.0935e-07 -8.3780e-07 -8.5412e-07 -8.5528e-07 -8.3850e-07 -8.0170e-07 -7.4402e-07 -6.6645e-07 -5.7226e-07 -4.6722e-07 -3.5913e-07 -2.5682e-07 -1.6844e-07 -9.9572e-08 -5.1957e-08 -2.3331e-08 -8.7427e-09 -2.6331e-09 -6.0894e-10 -1.0225e-10 -1.1642e-11 -8.2614e-13 -3.2935e-14 -6.4870e-16 -5.3822e-18 -1.5421e-20 -1.1901e-23 -1.8104e-27 -3.6618e-32 -5.9792e-38 -4.1741e-45 -5.5216e-54 -4.8549e-65 -7.3066e-79 -3.2125e-96 -4.0573e-118 -6.8707e-146 -2.6377e-181 -9.6114e-227 -2.0044e-285 -0.0000e+00 -0.0000e+00 -0.0000e+00 -0.0000e+00 -0.0000e+00 -0.0000e+00 -0.0000e+00 -0.0000e+00 -0.0000e+00 -0.0000e+00 -0.0000e+00 -0.0000e+00 -0.0000e+00 -0.0000e+00 -0.0000e+00 -0.0000e+00 -0.0000e+00 -0.0000e+00 -0.0000e+00 -0.0000e+00 -0.0000e+00 -0.0000e+00 -0.0000e+00 -0.0000e+00 -0.0000e+00 -0.0000e+00 -0.0000e+00 -0.0000e+00 -1.1653e-10 -6.5982e-10 -1.8212e-09 -3.7470e-09 -6.5648e-09 -1.0392e-08 0.0000e+00 -2.1528e-08 -2.9058e-08 -3.8046e-08 -4.8610e-08 -6.0869e-08 -7.4947e-08 -9.0973e-08 -1.0908e-07 -1.2940e-07 -1.5208e-07 -1.7724e-07 -2.0502e-07 -2.3553e-07 -2.6888e-07 -3.0511e-07 -3.4425e-07 -3.8626e-07 -4.3097e-07 -4.7814e-07 -5.2733e-07 -5.7792e-07 -6.2902e-07 -6.7945e-07 -7.2766e-07 -7.7174e-07 -8.0935e-07 -8.3779e-07 -8.5411e-07 -8.5527e-07 -8.3850e-07 -8.0169e-07 -7.4401e-07 -6.6644e-07 -5.7225e-07 -4.6721e-07 -3.5912e-07 -2.5681e-07 -1.6843e-07 -9.9567e-08 -5.1954e-08 -2.3330e-08 -8.7419e-09 -2.6328e-09 -6.0886e-10 -1.0224e-10 -1.1640e-11 -8.2595e-13 -3.2926e-14 -6.4849e-16 -5.3800e-18 -1.5414e-20 -1.1894e-23 -1.8091e-27 -3.6587e-32 -5.9728e-38 -4.1687e-45 -5.5128e-54 -4.8454e-65 -7.2890e-79 -3.2029e-96 -4.0424e-118 -6.8392e-146 -2.6226e-181 -9.5422e-227 -1.9862e-285 -0.0000e+00 -0.0000e+00 -0.0000e+00 -0.0000e+00 -0.0000e+00 -0.0000e+00 -0.0000e+00 -0.0000e+00 -0.0000e+00 -0.0000e+00 -0.0000e+00 -0.0000e+00 -0.0000e+00 -0.0000e+00 -0.0000e+00 -0.0000e+00 -0.0000e+00 -0.0000e+00 -0.0000e+00 -0.0000e+00 -0.0000e+00 -0.0000e+00 -0.0000e+00 -0.0000e+00 -0.0000e+00 -0.0000e+00 -0.0000e+00 -0.0000e+00
-1.6350e-10 -9.2579e-10 -2.5553e-09 -5.2574e-09 -9.2110e-09 -1.4582e-08 -2.1528e-08 1.2819e-06 -4.0770e-08 -5.3382e-08 -6.8204e-08 -8.5405e-08 -1.0516e-07 -1.2764e-07 -1.5305e-07 -1.8156e-07 -2.1338e-07 -2.4869e-07 -2.8766e-07 -3.3048e-07 -3.7726e-07 -4.2810e-07 -4.8302e-07 -5.4195e-07 -6.0469e-07 -6.7087e-07 -7.3989e-07 -8.1087e-07 -8.8257e-07 -9.5333e-07 -1.0210e-06 -1.0828e-06 -1.1356e-06 -1.1755e-06 -1.1984e-06 -1.2000e-06 -1.1765e-06 -1.1249e-06 -1.0440e-06 -9.3511e-07 -8.0297e-07 -6.5558e-07 -5.0392e-07 -3.6037e-07 -2.3635e-07 -1.3972e-07 -7.2909e-08 -3.2741e-08 -1.2269e-08 -3.6953e-09 -8.5460e-10 -1.4351e-10 -1.6340e-11 -1.1596e-12 -4.6234e-14 -9.1075e-16 -7.5574e-18 -2.1657e-20 -1.6716e-23 -2.5435e-27 -5.1462e-32 -8.4059e-38 -5.8708e-45 -7.7702e-54 -6.8367e-65 -1.0298e-78 -4.5324e-96 -5.7320e-118 -9.7228e-146 -3.7407e-181 -1.3667e-226 -2.8603e-285 -0.0000e+00 -0.0000e+00 -0.0000e+00 -0.0000e+00 -0.0000e+00 -0.0000e+00 -0.0000e+00 -0.0000e+00 -0.0000e+00 -0.0000e+00 -0.0000e+00 -0.0000e+00 -0.0000e+00 -0.0000e+00 -0.0000e+00 -0.0000e+00 -0.0000e+00 -0.0000e+00 -0.0000e+00 -0.0000e+00 -0.0000e+00 -0.0000e+00 -0.0000e+00 -0.0000e+00 -0.0000e+00 -0.0000e+00 -0.0000e+00 -0.0000e+00 -1.6350e-10 -9.2579e-10 -2.5553e-09 -5.2574e-09 -9.2110e-09 -1.4582e-08 -2.1528e-08 0.0000e+00 -4.0770e-08 -5.3382e-08 -6.8204e-08 -8.5405e-08 -1.0516e-07 -1.2764e-07 -1.5305e-07 -1.8156e-07 -2.1338e-07 -2.4869e-07 -2.8766e-07 -3.3048e-07 -3.7726e-07 -4.2810e-07 -4.8302e-07 -5.4195e-07 -6.0469e-07 -6.7087e-07 -7.3989e-07 -8.1087e-07 -8.8257e-07 -9.5333e-07 -1.0210e-06 -1.0828e-06 -1.1356e-06 -1.1755e-06 -1.1984e-06 -1.2000e-06 -1.1765e-06 -1.1248e-06 -1.0439e-06 -9.3508e-07 -8.0293e-07 -6.5554e-07 -5.0389e-07 -3.6034e-07 -2.3633e-07 -1.3971e-07 -7.2899e-08 -3.2735e-08 -1.2266e-08 -3.6944e-09 -8.5435e-10 -1.4346e-10 -1.6334e-11 -1.1590e-12 -4.6206e-14 -9.1007e-16 -7.5506e-18 -2.1633e-20 -1.6694e-23 -2.5394e-27 -5.1362e-32 -8.3859e-38 -5.8537e-45 -7.7426e-54 -6.8068e-65 -1.0242e-78 -4.5023e-96 -5.6849e-118 -9.6235e-146 -3.6930e-181 -1.3449e-226 -2.8028e-285 -0.0000e+00 -0.0000e+00 -0.0000e+00 -0.0000e+00 -0.0000e+00 -0.0000e+00 -0.0000e+00 -0.0000e+00 -0.0000e+00 -0.0000e+00 -0.0000e+00 -0.0000e+00 -0.0000e+00 -0.0000e+00 -0.0000e+00 -0.0000e+00 -0.0000e+00 -0.0000e+00 -0.0000e+00 -0.0000e+00 -0.0000e+00 -0.0000e+00 -0.0000e+00 -0.0000e+00 -0.0000e+00 -0.0000e+00 -0.0000e+00 -0.0000e+00
-2.2069e-10 -1.2496e-09 -3.4491e-09 -7.0963e-09 -1.2433e-08 -1.9682e-08 -2.9058e-08 -4.0770e-08 2.6204e-06 -7.2055e-08 -9.2061e-08 -1.1528e-07 -1.4194e-07 -1.7229e-07 -2.0658e-07 -2.4507e-07 -2.8802e-07 -3.3567e-07 -3.8828e-07 -4.4607e-07 -5.0922e-07 -5.7784e-07 -6.5198e-07 -7.3152e-07 -8.1621e-07 -9.0554e-07 -9.9870e-07 -1.0945e-06 -1.1913e-06 -1.2868e-06 -1.3781e-06 -1.4616e-06 -1.5328e-06 -1.5867e-06 -1.6176e-06 -1.6199e-06 -1.5881e-06 -1.5184e-06 -1.4092e-06 -1.2623e-06 -1.0839e-06 -8.8497e-07 -6.8025e-07 -4.8648e-07 -3.1907e-07 -1.8863e-07 -9.8433e-08 -4.4204e-08 -1.6565e-08 -4.9897e-09 -1.1541e-09 -1.9382e-10 -2.2071e-11 -1.5665e-12 -6.2467e-14 -1.2308e-15 -1.0215e-17 -2.9282e-20 -2.2610e-23 -3.4418e-27 -6.9676e-32 -1.1388e-37 -7.9604e-45 -1.0547e-53 -9.2912e-65 -1.4017e-78 -6.1814e-96 -7.8369e-118 -1.3335e-145 -5.1506e-181 -1.8914e-226 -3.9837e-285 -0.0000e+00 -0.0000e+00 -0.0000e+00 -0.0000e+00 -0.0000e+00 -0.0000e+00 -0.0000e+00 -0.0000e+00 -0.0000e+00 -0.0000e+00 -0.0000e+00 -0.0000e+00 -0.0000e+00 -0.0000e+00 -0.0000e+00 -0.0000e+00 -0.0000e+00 -0.0000e+00 -0.0000e+00 -0.0000e+00 -0.0000e+00 -0.0000e+00 -0.0000e+00 -0.0000e+00 -0.0000e+00 -0.0000e+00 -0.0000e+00 -0.0000e+00 -2.2069e-10 -1.2496e-09 -3.4491e-09 -7.0963e-09 -1.2433e-08 -1.9682e-08 -2.9058e-08 -4.0770e-08 0.0000e+00 -7.2055e-08 -9.2061e-08 -1.1528e-07 -1.4194e-07 -1.7229e-07 -2.0658e-07 -2.4507e-07 -2.8802e-07 -3.3567e-07 -3.8828e-07 -4.4607e-07 -5.0922e-07 -5.7784e-07 -6.5197e-07 -7.3152e-07 -8.1621e-07 -9.0554e-07 -9.9870e-07 -1.0945e-06 -1.1913e-06 -1.2868e-06 -1.3781e-06 -1.4616e-06 -1.5328e-06 -1.5867e-06 -1.6176e-06 -1.6198e-06 -1.5880e-06 -1.5183e-06 -1.4091e-06 -1.2622e-06 -1.0838e-06 -8.8487e-07 -6.8016e-07 -4.8640e-07 -3.1901e-07 -1.8858e-07 -9.8405e-08 -4.4189e-08 -1.6559e-08 -4.9872e-09 -1.1534e-09 -1.9368e-10 -2.2052e-11 -1.5649e-12 -6.2388e-14 -1.2289e-15 -1.0196e-17 -2.9217e-20 -2.2549e-23 -3.4306e-27 -6.9399e-32 -1.1333e-37 -7.9133e-45 -1.0470e-53 -9.2088e-65 -1.3864e-78 -6.0984e-96 -7.7066e-118 -1.3060e-145 -5.0184e-181 -1.8308e-226 -3.8238e-285 -0.0000e+00 -0.0000e+00 -0.0000e+00 -0.0000e+00 -0.0000e+00 -0.0000e+00 -0.0000e+00 -0.0000e+00 -0.0000e+00 -0.0000e+00 -0.0000e+00 -0.0000e+00 -0.0000e+00 -0.0000e+00 -0.0000e+00 -0.0000e+00 -0.0000e+00 -0.0000e+00 -0.0000e+00 -0.0000e+00 -0.0000e+00 -0.0000e+00 -0.0000e+00 -0.0000e+00 -0.0000e+00 -0.0000e+00 -0.0000e+00 -0.0000e+00
-2.8896e-10 -1.6362e-09 -4.5161e-09 -9.2915e-09 -1.6279e-08 -2.5770e-08 -3.8046e-08 -5.3382e-08 -7.2055e-08 4.9768e-06 -1.2054e-07 -1.5094e-07 -1.8585e-07 -2.2559e-07 -2.7049e-07 -3.2088e-07 -3.7711e-07 -4.3951e-07 -5.0840e-07 -5.8406e-07 -6.6674e-07 -7.5660e-07 -8.5366e-07 -9.5782e-07 -1.0687e-06 -1.1857e-06 -1.3077e-06 -1.4331e-06 -1.5598e-06 -1.6849e-06 -1.8045e-06 -1.9138e-06 -2.0071e-06 -2.0776e-06 -2.1181e-06 -2.1210e-06 -2.0795e-06 -1.9882e-06 -1.8452e-06 -1.6529e-06 -1.4194e-06 -1.1589e-06 -8.9085e-07 -6.3711e-07 -4.1788e-07 -2.4706e-07 -1.2893e-07 -5.7905e-08 -2.1702e-08 -6.5376e-09 -1.5123e-09 -2.5402e-10 -2.8932e-11 -2.0540e-12 -8.1930e-14 -1.6148e-15 -1.3408e-17 -3.8455e-20 -2.9712e-23 -4.5264e-27 -9.1720e-32 -1.5009e-37 -1.0506e-44 -1.3944e-53 -1.2311e-64 -1.8624e-78 -8.2413e-96 -1.0493e-117 -1.7950e-145 -6.9802e-181 -2.5851e-226 -5.5039e-285 -0.0000e+00 -0.0000e+00 -0.0000e+00 -0.0000e+00 -0.0000e+00 -0.0000e+00 -0.0000e+00 -0.0000e+00 -0.0000e+00 -0.0000e+00 -0.0000e+00 -0.0000e+00 -0.0000e+00 -0.0000e+00 -0.0000e+00 -0.0000e+00 -0.0000e+00 -0.0000e+00 -0.0000e+00 -0.0000e+00 -0.0000e+00 -0.0000e+00 -0.0000e+00 -0.0000e+00 -0.0000e+00 -0.0000e+00 -0.0000e+00 -0.0000e+00 -2.8896e-10 -1.6362e-09 -4.5161e-09 -9.2915e-09 -1.6279e-08 -2.5770e-08 -3.8046e-08 -5.3382e-08 -7.2055e-08 0.0000e+00 -1.2054e-07 -1.5094e-07 -1.8585e-07 -2.2559e-07 -2.7049e-07 -3.2088e-07 -3.7711e-07 -4.3951e-07 -5.0840e-07 -5.8406e-07 -6.6674e-07 -7.5659e-07 -8.5366e-07 -9.5781e-07 -1.0687e-06 -1.1857e-06 -1.3076e-06 -1.4331e-06 -1.5598e-06 -1.6849e-06 -1.8044e-06 -1.9137e-06 -2.0070e-06 -2.0775e-06 -2.1180e-06 -2.1209e-06 -2.0793e-06 -1.9881e-06 -1.8450e-06 -1.6527e-06 -1.4191e-06 -1.1587e-06 -8.9062e-07 -6.3691e-07 -4.1772e-07 -2.4695e-07 -1.2886e-07 -5.7868e-08 -2.1685e-08 -6.5315e-09 -1.5106e-09 -2.5367e-10 -2.8884e-11 -2.0499e-12 -8.1734e-14 -1.6101e-15 -1.3362e-17 -3.8293e-20 -2.9560e-23 -4.4984e-27 -9.1030e-32 -1.4872e-37 -1.0389e-44 -1.3754e-53 -1.2106e-64 -1.8243e-78 -8.0339e-96 -1.0167e-117 -1.7262e-145 -6.6490e-181 -2.4329e-226 -5.1014e-285 -0.0000e+00 -0.0000e+00 -0.0000e+00 -0.0000e+00 -0.0000e+00 -0.0000e+00 -0.0000e+00 -0.0000e+00 -0.0000e+00 -0.0000e+00 -0.0000e+00 -0.0000e+00 -0.0000e+00 -0.0000e+00 -0.0000e+00 -0.0000e+00 -0.0000e+00 -0.0000e+00 -0.0000e+00 -0.0000e+00 -0.0000e+00 -0.0000e+00 -0.0000e+00 -0.0000e+00 -0.0000e+00 -0.0000e+00 -0.0000e+00 -0.0000e+00
-3.6919e-10 -2.0905e-09 -5.7700e-09 -1.1871e-08 -2.0799e-08 -3.2926e-08 -4.8610e-08 -6.8204e-08 -9.2061e-08 -1.2054e-07 8.9079e-06 -1.9285e-07 -2.3745e-07 -2.8822e-07 -3.4559e-07 -4.0998e-07 -4.8182e-07 -5.6154e-07 -6.4956e-07 -7.4623e-07 -8.5187e-07 -9.6667e-07 -1.0907e-06 -1.2238e-06 -1.3654e-06 -1.5149e-06 -1.6707e-06 -1.8310e-06 -1.9930e-06 -2.1527e-06 -2.3055e-06 -2.4452e-06 -2.5644e-06 -2.6546e-06 -2.7064e-06 -2.7102e-06 -2.6571e-06 -2.5406e-06 -2.3579e-06 -2.1122e-06 -1.8138e-06 -1.4810e-06 -1.1385e-06 -8.1430e-07 -5.3414e-07 -3.1582e-07 -1.6483e-07 -7.4040e-08 -2.7753e-08 -8.3621e-09 -1.9348e-09 -3.2507e-10 -3.7037e-11 -2.6305e-12 -1.0497e-13 -2.0702e-15 -1.7202e-17 -4.9378e-20 -3.8191e-23 -5.8258e-27 -1.1823e-31 -1.9385e-37 -1.3602e-44 -1.8105e-53 -1.6043e-64 -2.4378e-78 -1.0847e-95 -1.3906e-117 -2.3994e-145 -9.4308e-181 -3.5397e-226 -7.6630e-285 -0.0000e+00 -0.0000e+00 -0.0000e+00 -0.0000e+00 -0.0000e+00 -0.0000e+00 -0.0000e+00 -0.0000e+00 -0.0000e+00 -0.0000e+00 -0.0000e+00 -0.0000e+00 -0.0000e+00 -0.0000e+00 -0.0000e+00 -0.0000e+00 -0.0000e+00 -0.0000e+00 -0.0000e+00 -0.0000e+00 -0.0000e+00 -0.0000e+00 -0.0000e+00 -0.0000e+00 -0.0000e+00 -0.0000e+00 -0.0000e+00 -0.0000e+00 -3.6919e-10 -2.0905e-09 -5.7700e-09 -1.1871e-08 -2.0799e-08 -3.2926e-08 -4.8610e-08 -6.8204e-08 -9.2061e-08 -1.2054e-07 0.0000e+00 -1.9285e-07 -2.3745e-07 -2.8822e-07 -3.4559e-07 -4.0998e-07 -4.8182e-07 -5.6154e-07 -6.4956e-07 -7.4623e-07 -8.5187e-07 -9.6667e-07 -1.0907e-06 -1.2238e-06 -1.3654e-06 -1.5149e-06 -1.6707e-06 -1.8310e-06 -1.9929e-06 -2.1527e-06 -2.3055e-06 -2.4451e-06 -2.5643e-06 -2.6544e-06 -2.7061e-06 -2.7099e-06 -2.6567e-06 -2.5401e-06 -2.3574e-06 -2.1117e-06 -1.8133e-06 -1.4805e-06 -1.1380e-06 -8.1385e-07 -5.3378e-07 -3.1557e-07 -1.6468e-07 -7.3954e-08 -2.7715e-08 -8.3481e-09 -1.9308e-09 -3.2428e-10 -3.6928e-11 -2.6212e-12 -1.0453e-13 -2.0595e-15 -1.7095e-17 -4.9007e-20 -3.7844e-23 -5.7616e-27 -1.1665e-31 -1.9070e-37 -1.3333e-44 -1.7669e-53 -1.5571e-64 -2.3501e-78 -1.0370e-95 -1.3156e-117 -2.2404e-145 -8.6633e-181 -3.1859e-226 -6.7231e-285 -0.0000e+00 -0.0000e+00 -0.0000e+00 -0.0000e+00 -0.0000e+00 -0.0000e+00 -0.0000e+00 -0.0000e+00 -0.0000e+00 -0.0000e+00 -0.0000e+00 -0.0000e+00 -0.0000e+00 -0.0000e+00 -0.0000e+00 -0.0000e+00 -0.0000e+00 -0.0000e+00 -0.0000e+00 -0.0000e+00 -0.0000e+00 -0.0000e+00 -0.0000e+00 -0.0000e+00 -0.0000e+00 -0.0000e+00 -0.0000e+00 -0.0000e+00
-4.6229e-10 -2.6177e-09 -7.2251e-09 -1.4865e-08 -2.6044e-08 -4.1229e-08 -6.0869e-08 -8.5405e-08 -1.1528e-07 -1.5094e-07 -1.9285e-07 1.5185e-05 -2.9733e-07 -3.6091e-07 -4.3274e-07 -5.1337e-07 -6.0333e-07 -7.0316e-07 -8.1337e-07 -9.3442e-07 -1.0667e-06 -1.2105e-06 -1.3658e-06 -1.5324e-06 -1.7098e-06 -1.8969e-06 -2.0921e-06 -2.2928e-06 -2.4956e-06 -2.6957e-06 -2.8871e-06 -3.0620e-06 -3.2113e-06 -3.3243e-06 -3.3892e-06 -3.3940e-06 -3.3277e-06 -3.1818e-06 -2.9532e-06 -2.6456e-06 -2.2720e-06 -1.8553e-06 -1.4263e-06 -1.0202e-06 -6.6930e-07 -3.9580e-07 -2.0661e-07 -9.2825e-08 -3.4803e-08 -1.0489e-08 -2.4279e-09 -4.0810e-10 -4.6521e-11 -3.3062e-12 -1.3204e-13 -2.6064e-15 -2.1682e-17 -6.2324e-20 -4.8284e-23 -7.3803e-27 -1.5016e-31 -2.4694e-37 -1.7391e-44 -2.3255e-53 -2.0721e-64 -3.1704e-78 -1.4227e-95 -1.8431e-117 -3.2212e-145 -1.2863e-180 -4.9227e-226 -1.0914e-284 -0.0000e+00 -0.0000e+00 -0.0000e+00 -0.0000e+00 -0.0000e+00 -0.0000e+00 -0.0000e+00 -0.0000e+00 -0.0000e+00 -0.0000e+00 -0.0000e+00 -0.0000e+00 -0.0000e+00 -0.0000e+00 -0.0000e+00 -0.0000e+00 -0.0000e+00 -0.0000e+00 -0.0000e+00 -0.0000e+00 -0.0000e+00 -0.0000e+00 -0.0000e+00 -0.0000e+00 -0.0000e+00 -0.0000e+00 -0.0000e+00 -0.0000e+00 -4.6229e-10 -2.6177e-09 -7.2251e-09 -1.4865e-08 -2.6044e-08 -4.1229e-08 -6.0869e-08 -8.5405e-08 -1.1528e-07 -1.5094e-07 -1.9285e-07 0.0000e+00 -2.9733e-07 -3.6091e-07 -4.3274e-07 -5.1337e-07 -6.0333e-07 -7.0316e-07 -8.1337e-07 -9.3442e-07 -1.0667e-06 -1.2104e-06 -1.3657e-06 -1.5324e-06 -1.7098e-06 -1.8969e-06 -2.0921e-06 -2.2928e-06 -2.4955e-06 -2.6956e-06 -2.8869e-06 -3.0618e-06 -3.2110e-06 -3.3239e-06 -3.3887e-06 -3.3934e-06 -3.3269e-06 -3.1809e-06 -2.9522e-06 -2.6444e-06 -2.2708e-06 -1.8541e-06 -1.4252e-06 -1.0193e-06 -6.6855e-07 -3.9526e-07 -2.0628e-07 -9.2642e-08 -3.4721e-08 -1.0460e-08 -2.4195e-09 -4.0641e-10 -4.6289e-11 -3.2863e-12 -1.3108e-13 -2.5836e-15 -2.1454e-17 -6.1530e-20 -4.7541e-23 -7.2429e-27 -1.4677e-31 -2.4019e-37 -1.6814e-44 -2.2318e-53 -1.9707e-64 -2.9816e-78 -1.3196e-95 -1.6807e-117 -2.8761e-145 -1.1190e-180 -4.1475e-226 -8.8402e-285 -0.0000e+00 -0.0000e+00 -0.0000e+00 -0.0000e+00 -0.0000e+00 -0.0000e+00 -0.0000e+00 -0.0000e+00 -0.0000e+00 -0.0000e+00 -0.0000e+00 -0.0000e+00 -0.0000e+00 -0.0000e+00 -0.0000e+00 -0.0000e+00 -0.0000e+00 -0.0000e+00 -0.0000e+00 -0.0000e+00 -0.0000e+00 -0.0000e+00 -0.0000e+00 -0.0000e+00 -0.0000e+00 -0.0000e+00 -0.0000e+00 -0.0000e+00
-5.6921e-10 -3.2231e-09 -8.8961e-09 -1.8303e-08 -3.2068e-08 -5.0765e-08 -7.4947e-08 -1.0516e-07 -1.4194e-07 -1.8585e-07 -2.3745e-07 -2.9733e-07 2.4850e-05 -4.4438e-07 -5.3283e-07 -6.3210e-07 -7.4287e-07 -8.6579e-07 -1.0015e-06 -1.1505e-06 -1.3134e-06 -1.4904e-06 -1.6816e-06 -1.8868e-06 -2.1053e-06 -2.3357e-06 -2.5761e-06 -2.8232e-06 -3.0729e-06 -3.3194e-06 -3.5550e-06 -3.7705e-06 -3.9545e-06 -4.0937e-06 -4.1737e-06 -4.1798e-06 -4.0982e-06 -3.9188e-06 -3.6374e-06 -3.2588e-06 -2.7989e-06 -2.2857e-06 -1.7575e-06 -1.2573e-06 -8.2498e-07 -4.8797e-07 -2.5480e-07 -1.1451e-07 -4.2950e-08 -1.2951e-08 -2.9992e-09 -5.0448e-10 -5.7555e-11 -4.0943e-12 -1.6371e-13 -3.2361e-15 -2.6967e-17 -7.7676e-20 -6.0331e-23 -9.2500e-27 -1.8890e-31 -3.1207e-37 -2.2100e-44 -2.9753e-53 -2.6731e-64 -4.1312e-78 -1.8767e-95 -2.4678e-117 -4.3918e-145 -1.7925e-180 -7.0427e-226 -1.6113e-284 -0.0000e+00 -0.0000e+00 -0.0000e+00 -0.0000e+00 -0.0000e+00 -0.0000e+00 -0.0000e+00 -0.0000e+00 -0.0000e+00 -0.0000e+00 -0.0000e+00 -0.0000e+00 -0.0000e+00 -0.0000e+00 -0.0000e+00 -0.0000e+00 -0.0000e+00 -0.0000e+00 -0.0000e+00 -0.0000e+00 -0.0000e+00 -0.0000e+00 -0.0000e+00 -0.0000e+00 -0.0000e+00 -0.0000e+00 -0.0000e+00 -0.0000e+00 -5.6921e-10 -3.2231e-09 -8.8961e-09 -1.8303e-08 -3.2068e-08 -5.0765e-08 -7.4947e-08 -1.0516e-07 -1.4194e-07 -1.8585e-07 -2.3745e-07 -2.9733e-07 0.0000e+00 -4.4438e-07 -5.3283e-07 -6.3210e-07 -7.4287e-07 -8.6579e-07 -1.0015e-06 -1.1505e-06 -1.3134e-06 -1.4904e-06 -1.6816e-06 -1.8868e-06 -2.1052e-06 -2.3356e-06 -2.5759e-06 -2.8231e-06 -3.0727e-06 -3.3191e-06 -3.5547e-06 -3.7700e-06 -3.9538e-06 -4.0928e-06 -4.1727e-06 -4.1785e-06 -4.0966e-06 -3.9170e-06 -3.6353e-06 -3.2565e-06 -2.7965e-06 -2.2834e-06 -1.7553e-06 -1.2554e-06 -8.2347e-07 -4.8689e-07 -2.5412e-07 -1.1414e-07 -4.2784e-08 -1.2890e-08 -2.9824e-09 -5.0107e-10 -5.7086e-11 -4.0542e-12 -1.6178e-13 -3.1901e-15 -2.6505e-17 -7.6072e-20 -5.8828e-23 -8.9720e-27 -1.8205e-31 -2.9839e-37 -2.0930e-44 -2.7849e-53 -2.4665e-64 -3.7457e-78 -1.6656e-95 -2.1337e-117 -3.6783e-145 -1.4445e-180 -5.4167e-226 -1.1718e-284 -0.0000e+00 -0.0000e+00 -0.0000e+00 -0.0000e+00 -0.0000e+00 -0.0000e+00 -0.0000e+00 -0.0000e+00 -0.0000e+00 -0.0000e+00 -0.0000e+00 -0.0000e+00 -0.0000e+00 -0.0000e+00 -0.0000e+00 -0.0000e+00 -0.0000e+00 -0.0000e+00 -0.0000e+00 -0.0000e+00 -0.0000e+00 -0.0000e+00 -0.0000e+00 -0.0000e+00 -0.0000e+00 -0.0000e+00 -0.0000e+00 -0.0000e+00
-6.9093e-10 -3.9123e-09 -1.0798e-08 -2.2217e-08 -3.8925e-08 -6.1620e-08 -9.0973e-08 -1.2764e-07 -1.7229e-07 -2.2559e-07 -2.8822e-07 -3.6091e-07 -4.4438e-07 3.9285e-05 -6.4677e-07 -7.6727e-07 -9.0172e-07 -1.0509e-06 -1.2156e-06 -1.3966e-06 -1.5943e-06 -1.8091e-06 -2.0413e-06 -2.2903e-06 -2.5555e-06 -2.8352e-06 -3.1270e-06 -3.4271e-06 -3.7302e-06 -4.0294e-06 -4.3156e-06 -4.5773e-06 -4.8007e-06 -4.9699e-06 -5.0673e-06 -5.0749e-06 -4.9762e-06 -4.7587e-06 -4.4174e-06 -3.9580e-06 -3.3999e-06 -2.7770e-06 -2.1356e-06 -1.5282e-06 -1.0030e-06 -5.9345e-07 -3.1000e-07 -1.3938e-07 -5.2310e-08 -1.5784e-08 -3.6584e-09 -6.1597e-10 -7.0359e-11 -5.0123e-12 -2.0077e-13 -3.9770e-15 -3.3225e-17 -9.5995e-20 -7.4836e-23 -1.1526e-26 -2.3665e-31 -3.9352e-37 -2.8090e-44 -3.8182e-53 -3.4703e-64 -5.4387e-78 -2.5124e-95 -3.3706e-117 -6.1433e-145 -2.5792e-180 -1.0476e-225 -2.4915e-284 -0.0000e+00 -0.0000e+00 -0.0000e+00 -0.0000e+00 -0.0000e+00 -0.0000e+00 -0.0000e+00 -0.0000e+00 -0.0000e+00 -0.0000e+00 -0.0000e+00 -0.0000e+00 -0.0000e+00 -0.0000e+00 -0.0000e+00 -0.0000e+00 -0.0000e+00 -0.0000e+00 -0.0000e+00 -0.0000e+00 -0.0000e+00 -0.0000e+00 -0.0000e+00 -0.0000e+00 -0.0000e+00 -0.0000e+00 -0.0000e+00 -0.0000e+00 -6.9093e-10 -3.9123e-09 -1.0798e-08 -2.2217e-08 -3.8925e-08 -6.1620e-08 -9.0973e-08 -1.2764e-07 -1.7229e-07 -2.2559e-07 -2.8822e-07 -3.6091e-07 -4.4438e-07 0.0000e+00 -6.4677e-07 -7.6727e-07 -9.0172e-07 -1.0509e-06 -1.2156e-06 -1.3966e-06 -1.5943e-06 -1.8091e-06 -2.0412e-06 -2.2903e-06 -2.5554e-06 -2.8351e-06 -3.1268e-06 -3.4268e-06 -3.7298e-06 -4.0289e-06 -4.3149e-06 -4.5764e-06 -4.7995e-06 -4.9683e-06 -5.0653e-06 -5.0724e-06 -4.9732e-06 -4.7552e-06 -4.4134e-06 -3.9537e-06 -3.3953e-06 -2.7725e-06 -2.1314e-06 -1.5245e-06 -1.0001e-06 -5.9138e-07 -3.0869e-07 -1.3868e-07 -5.1991e-08 -1.5668e-08 -3.6260e-09 -6.0942e-10 -6.9458e-11 -4.9352e-12 -1.9705e-13 -3.8885e-15 -3.2336e-17 -9.2906e-20 -7.1939e-23 -1.0989e-26 -2.2340e-31 -3.6704e-37 -2.5820e-44 -3.4479e-53 -3.0673e-64 -4.6839e-78 -2.0971e-95 -2.7095e-117 -4.7212e-145 -1.8790e-180 -7.1655e-226 -1.5832e-284 -0.0000e+00 -0.0000e+00 -0.0000e+00 -0.0000e+00 -0.0000e+00 -0.0000e+00 -0.0000e+00 -0.0000e+00 -0.0000e+00 -0.0000e+00 -0.0000e+00 -0.0000e+00 -0.0000e+00 -0.0000e+00 -0.0000e+00 -0.0000e+00 -0.0000e+00 -0.0000e+00 -0.0000e+00 -0.0000e+00 -0.0000e+00 -0.0000e+00 -0.0000e+00 -0.0000e+00 -0.0000e+00 -0.0000e+00 -0.0000e+00 -0.0000e+00
-8.2845e-10 -4.6909e-09 -1.2948e-08 -2.6639e-08 -4.6672e-08 -7.3884e-08 -1.0908e-07 -1.5305e-07 -2.0658e-07 -2.7049e-07 -3.4559e-07 -4.3274e-07 -5.3283e-07 -6.4677e-07 6.0291e-05 -9.1998e-07 -1.0812e-06 -1.2601e-06 -1.4576e-06 -1.6746e-06 -1.9116e-06 -2.1692e-06 -2.4476e-06 -2.7462e-06 -3.0642e-06 -3.3997e-06 -3.7496e-06 -4.1094e-06 -4.4730e-06 -4.8320e-06 -5.1753e-06 -5.4893e-06 -5.7575e-06 -5.9607e-06 -6.0778e-06 -6.0874e-06 -5.9695e-06 -5.7093e-06 -5.3005e-06 -4.7500e-06 -4.0810e-06 -3.3341e-06 -2.5648e-06 -1.8359e-06 -1.2054e-06 -7.1357e-07 -3.7296e-07 -1.6781e-07 -6.3030e-08 -1.9038e-08 -4.4178e-09 -7.4490e-10 -8.5232e-11 -6.0846e-12 -2.4432e-13 -4.8544e-15 -4.0702e-17 -1.1811e-19 -9.2559e-23 -1.4345e-26 -2.9677e-31 -4.9800e-37 -3.5937e-44 -4.9485e-53 -4.5679e-64 -7.2914e-78 -3.4421e-95 -4.7367e-117 -8.8932e-145 -3.8642e-180 -1.6328e-225 -4.0631e-284 -0.0000e+00 -0.0000e+00 -0.0000e+00 -0.0000e+00 -0.0000e+00 -0.0000e+00 -0.0000e+00 -0.0000e+00 -0.0000e+00 -0.0000e+00 -0.0000e+00 -0.0000e+00 -0.0000e+00 -0.0000e+00 -0.0000e+00 -0.0000e+00 -0.0000e+00 -0.0000e+00 -0.0000e+00 -0.0000e+00 -0.0000e+00 -0.0000e+00 -0.0000e+00 -0.0000e+00 -0.0000e+00 -0.0000e+00 -0.0000e+00 -0.0000e+00 -8.2845e-10 -4.6909e-09 -1.2948e-08 -2.6639e-08 -4.6672e-08 -7.3884e-08 -1.0908e-07 -1.5305e-07 -2.0658e-07 -2.7049e-07 -3.4559e-07 -4.3274e-07 -5.3283e-07 -6.4677e-07 0.0000e+00 -9.1998e-07 -1.0812e-06 -1.2601e-06 -1.4576e-06 -1.6745e-06 -1.9116e-06 -2.1692e-06 -2.4475e-06 -2.7461e-06 -3.0641e-06 -3.3994e-06 -3.7492e-06 -4.1089e-06 -4.4723e-06 -4.8310e-06 -5.1739e-06 -5.4875e-06 -5.7551e-06 -5.9577e-06 -6.0741e-06 -6.0828e-06 -5.9640e-06 -5.7028e-06 -5.2931e-06 -4.7420e-06 -4.0726e-06 -3.3257e-06 -2.5570e-06 -1.8291e-06 -1.2001e-06 -7.0975e-07 -3.7055e-07 -1.6651e-07 -6.2441e-08 -1.8824e-08 -4.3581e-09 -7.3281e-10 -8.3572e-11 -5.9422e-12 -2.3746e-13 -4.6909e-15 -3.9058e-17 -1.1239e-19 -8.7189e-23 -1.3349e-26 -2.7213e-31 -4.4864e-37 -3.1692e-44 -4.2540e-53 -3.8085e-64 -5.8617e-78 -2.6500e-95 -3.4655e-117 -6.1295e-145 -2.4852e-180 -9.6991e-226 -2.2055e-284 -0.0000e+00 -0.0000e+00 -0.0000e+00 -0.0000e+00 -0.0000e+00 -0.0000e+00 -0.0000e+00 -0.0000e+00 -0.0000e+00 -0.0000e+00 -0.0000e+00 -0.0000e+00 -0.0000e+00 -0.0000e+00 -0.0000e+00 -0.0000e+00 -0.0000e+00 -0.0000e+00 -0.0000e+00 -0.0000e+00 -0.0000e+00 -0.0000e+00 -0.0000e+00 -0.0000e+00 -0.0000e+00 -0.0000e+00 -0.0000e+00 -0.0000e+00
-9.8280e-10 -5.5649e-09 -1.5360e-08 -3.1602e-08 -5.5367e-08 -8.7650e-08 -1.2940e-07 -1.8156e-07 -2.4507e-07 -3.2088e-07 -4.0998e-07 -5.1337e-07 -6.3210e-07 -7.6727e-07 -9.1998e-07 9.0182e-05 -1.2826e-06 -1.4949e-06 -1.7292e-06 -1.9866e-06 -2.2678e-06 -2.5735e-06 -2.9037e-06 -3.2580e-06 -3.6353e-06 -4.0333e-06 -4.4485e-06 -4.8755e-06 -5.3071e-06 -5.7331e-06 -6.1406e-06 -6.5135e-06 -6.8322e-06 -7.0738e-06 -7.2135e-06 -7.2256e-06 -7.0866e-06 -6.7787e-06 -6.2946e-06 -5.6421e-06 -4.8487e-06 -3.9626e-06 -3.0495e-06 -2.1839e-06 -1.4347e-06 -8.4988e-07 -4.4457e-07 -2.0023e-07 -7.5294e-08 -2.2774e-08 -5.2937e-09 -8.9441e-10 -1.0259e-10 -7.3449e-12 -2.9596e-13 -5.9049e-15 -4.9758e-17 -1.4525e-19 -1.1465e-22 -1.7920e-26 -3.7452e-31 -6.3609e-37 -4.6561e-44 -6.5201e-53 -6.1383e-64 -1.0026e-77 -4.8606e-95 -6.8968e-117 -1.3411e-144 -6.0640e-180 -2.6806e-225 -7.0198e-284 -0.0000e+00 -0.0000e+00 -0.0000e+00 -0.0000e+00 -0.0000e+00 -0.0000e+00 -0.0000e+00 -0.0000e+00 -0.0000e+00 -0.0000e+00 -0.0000e+00 -0.0000e+00 -0.0000e+00 -0.0000e+00 -0.0000e+00 -0.0000e+00 -0.0000e+00 -0.0000e+00 -0.0000e+00 -0.0000e+00 -0.0000e+00 -0.0000e+00 -0.0000e+00 -0.0000e+00 -0.0000e+00 -0.0000e+00 -0.0000e+00 -0.0000e+00 -9.8280e-10 -5.5649e-09 -1.5360e-08 -3.1602e-08 -5.5367e-08 -8.7650e-08 -1.2940e-07 -1.8156e-07 -2.4507e-07 -3.2088e-07 -4.0998e-07 -5.1337e-07 -6.3210e-07 -7.6727e-07 -9.1998e-07 0.0000e+00 -1.2826e-06 -1.4949e-06 -1.7292e-06 -1.9865e-06 -2.2677e-06 -2.5734e-06 -2.9035e-06 -3.2578e-06 -3.6350e-06 -4.0329e-06 -4.4478e-06 -4.8746e-06 -5.3058e-06 -5.7313e-06 -6.1383e-06 -6.5104e-06 -6.8281e-06 -7.0685e-06 -7.2069e-06 -7.2174e-06 -7.0768e-06 -6.7672e-06 -6.2815e-06 -5.6278e-06 -4.8338e-06 -3.9478e-06 -3.0357e-06 -2.1719e-06 -1.4252e-06 -8.4311e-07 -4.4030e-07 -1.9791e-07 -7.4248e-08 -2.2394e-08 -5.1876e-09 -8.7290e-10 -9.9631e-11 -7.0913e-12 -2.8373e-13 -5.6131e-15 -4.6820e-17 -1.3502e-19 -1.0502e-22 -1.6131e-26 -3.3013e-31 -5.4688e-37 -3.8859e-44 -5.2536e-53 -4.7452e-64 -7.3829e-78 -3.3827e-95 -4.4968e-117 -8.1162e-145 -3.3737e-180 -1.3575e-225 -3.2048e-284 -0.0000e+00 -0.0000e+00 -0.0000e+00 -0.0000e+00 -0.0000e+00 -0.0000e+00 -0.0000e+00 -0.0000e+00 -0.0000e+00 -0.0000e+00 -0.0000e+00 -0.0000e+00 -0.0000e+00 -0.0000e+00 -0.0000e+00 -0.0000e+00 -0.0000e+00 -0.0000e+00 -0.0000e+00 -0.0000e+00 -0.0000e+00 -0.0000e+00 -0.0000e+00 -0.0000e+00 -0.0000e+00 -0.0000e+00 -0.0000e+00 -0.0000e+00
