2.9407e-08 -1.0355e-08 -1.9045e-08 -2.9368e-08 -4.1121e-08 -5.4172e-08 -6.8424e-08 -8.3797e-08 -1.0022e-07 -1.1761e-07 -1.3590e-07 -1.5498e-07 -1.7475e-07 -1.9505e-07 -2.1573e-07 -2.3657e-07 -2.5732e-07 -2.7770e-07 -2.9737e-07 -3.1593e-07 -3.3295e-07 -3.4796e-07 -3.6045e-07 -3.6989e-07 -3.7576e-07 -3.7758e-07 -3.7492e-07 -3.6745e-07 -3.5502e-07 -3.3763e-07 -3.1553e-07 -2.8922e-07 -2.5946e-07 -2.2725e-07 -1.9379e-07 -1.6041e-07 -1.2842e-07 -9.9045e-08 -7.3261e-08 -5.1707e-08 -3.4622e-08 -2.1849e-08 -1.2898e-08 -7.0632e-09 -3.5532e-09 -1.6240e-09 -6.6592e-10 -2.4145e-10 -7.6128e-11 -2.0478e-11 -4.5962e-12 -8.3907e-13 -1.2094e-13 -1.3297e-14 -1.0712e-15 -6.0321e-17 -2.2471e-18 -5.1894e-20 -6.8819e-22 -4.7860e-24 -1.5670e-26 -2.1235e-29 -1.0207e-32 -1.4453e-36 -4.8157e-41 -2.8739e-46 -2.2011e-52 -1.4369e-59 -4.8235e-68 -4.4431e-78 -5.1207e-90 -2.7464e-104 -1.9544e-121 -3.7082e-142 -2.3677e-167 -3.4390e-198 -3.2899e-236 -1.8726e-283 -0.0000e+00 -0.0000e+00 -0.0000e+00 -0.0000e+00 -0.0000e+00 -0.0000e+00 -0.0000e+00 -0.0000e+00 -0.0000e+00 -0.0000e+00 -0.0000e+00 -0.0000e+00 -0.0000e+00 -0.0000e+00 -0.0000e+00 -0.0000e+00 -0.0000e+00 -0.0000e+00 -0.0000e+00 -0.0000e+00 -0.0000e+00 -0.0000e+00 0.0000e+00 -1.0355e-08 -1.9045e-08 -2.9368e-08 -4.1121e-08 -5.4172e-08 -6.8424e-08 -8.3797e-08 -1.0022e-07 -1.1761e-07 -1.3590e-07 -1.5498e-07 -1.7475e-07 -1.9505e-07 -2.1573e-07 -2.3657e-07 -2.5732e-07 -2.7770e-07 -2.9737e-07 -3.1593e-07 -3.3295e-07 -3.4796e-07 -3.6045e-07 -3.6989e-07 -3.7576e-07 -3.7758e-07 -3.7491e-07 -3.6745e-07 -3.5502e-07 -3.3763e-07 -3.1553e-07 -2.8922e-07 -2.5946e-07 -2.2725e-07 -1.9379e-07 -1.6041e-07 -1.2842e-07 -9.9044e-08 -7.3261e-08 -5.1707e-08 -3.4622e-08 -2.1848e-08 -1.2898e-08 -7.0631e-09 -3.5532e-09 -1.6240e-09 -6.6592e-10 -2.4144e-10 -7.6128e-11 -2.0477e-11 -4.5962e-12 -8.3906e-13 -1.2094e-13 -1.3297e-14 -1.0712e-15 -6.0320e-17 -2.2470e-18 -5.1893e-20 -6.8817e-22 -4.7859e-24 -1.5669e-26 -2.1234e-29 -1.0207e-32 -1.4453e-36 -4.8154e-41 -2.8737e-46 -2.2009e-52 -1.4368e-59 -4.8230e-68 -4.4426e-78 -5.1200e-90 -2.7459e-104 -1.9540e-121 -3.7074e-142 -2.3671e-167 -3.4379e-198 -3.2886e-236 -1.8718e-283 -0.0000e+00 -0.0000e+00 -0.0000e+00 -0.0000e+00 -0.0000e+00 -0.0000e+00 -0.0000e+00 -0.0000e+00 -0.0000e+00 -0.0000e+00 -0.0000e+00 -0.0000e+00 -0.0000e+00 -0.0000e+00 -0.0000e+00 -0.0000e+00 -0.0000e+00 -0.0000e+00 -0.0000e+00 -0.0000e+00 -0.0000e+00 -0.0000e+00
-1.0355e-08 4.7098e-07 -5.3906e-08 -8.3124e-08 -1.1639e-07 -1.5333e-07 -1.9367e-07 -2.3718e-07 -2.8366e-07 -3.3290e-07 -3.8466e-07 -4.3867e-07 -4.9461e-07 -5.5209e-07 -6.1061e-07 -6.6959e-07 -7.2834e-07 -7.8603e-07 -8.4169e-07 -8.9422e-07 -9.4241e-07 -9.8489e-07 -1.0202e-06 -1.0470e-06 -1.0636e-06 -1.0687e-06 -1.0612e-06 -1.0401e-06 -1.0049e-06 -9.5566e-07 -8.9311e-07 -8.1864e-07 -7.3441e-07 -6.4324e-07 -5.4854e-07 -4.5404e-07 -3.6350e-07 -2.8035e-07 -2.0737e-07 -1.4636e-07 -9.8001e-08 -6.1846e-08 -3.6511e-08 -1.9994e-08 -1.0058e-08 -4.5972e-09 -1.8851e-09 -6.8350e-10 -2.1551e-10 -5.7972e-11 -1.3012e-11 -2.3755e-12 -3.4242e-13 -3.7649e-14 -3.0330e-15 -1.7081e-16 -6.3632e-18 -1.4696e-19 -1.9491e-21 -1.3556e-23 -4.4387e-26 -6.0158e-29 -2.8921e-32 -4.0957e-36 -1.3649e-40 -8.1469e-46 -6.2411e-52 -4.0755e-59 -1.3685e-67 -1.2611e-77 -1.4540e-89 -7.8026e-104 -5.5561e-121 -1.0550e-141 -6.7430e-167 -9.8052e-198 -9.3935e-236 -5.3564e-283 -0.0000e+00 -0.0000e+00 -0.0000e+00 -0.0000e+00 -0.0000e+00 -0.0000e+00 -0.0000e+00 -0.0000e+00 -0.0000e+00 -0.0000e+00 -0.0000e+00 -0.0000e+00 -0.0000e+00 -0.0000e+00 -0.0000e+00 -0.0000e+00 -0.0000e+00 -0.0000e+00 -0.0000e+00 -0.0000e+00 -0.0000e+00 -0.0000e+00 -1.0355e-08 0.0000e+00 -5.3906e-08 -8.3124e-08 -1.1639e-07 -1.5333e-07 -1.9367e-07 -2.3718e-07 -2.8366e-07 -3.3290e-07 -3.8466e-07 -4.3867e-07 -4.9461e-07 -5.5209e-07 -6.1061e-07 -6.6959e-07 -7.2834e-07 -7.8603e-07 -8.4169e-07 -8.9422e-07 -9.4241e-07 -9.8489e-07 -1.0202e-06 -1.0470e-06 -1.0636e-06 -1.0687e-06 -1.0612e-06 -1.0401e-06 -1.0049e-06 -9.5565e-07 -8.9310e-07 -8.1863e-07 -7.3440e-07 -6.4323e-07 -5.4853e-07 -4.5403e-07 -3.6349e-07 -2.8034e-07 -2.0737e-07 -1.4636e-07 -9.7997e-08 -6.1842e-08 -3.6509e-08 -1.9992e-08 -1.0057e-08 -4.5968e-09 -1.8849e-09 -6.8343e-10 -2.1549e-10 -5.7964e-11 -1.3010e-11 -2.3751e-12 -3.4235e-13 -3.7641e-14 -3.0323e-15 -1.7076e-16 -6.3611e-18 -1.4691e-19 -1.9482e-21 -1.3549e-23 -4.4363e-26 -6.0120e-29 -2.8900e-32 -4.0923e-36 -1.3636e-40 -8.1380e-46 -6.2333e-52 -4.0696e-59 -1.3662e-67 -1.2586e-77 -1.4507e-89 -7.7819e-104 -5.5388e-121 -1.0512e-141 -6.7137e-167 -9.7545e-198 -9.3355e-236 -5.3166e-283 -0.0000e+00 -0.0000e+00 -0.0000e+00 -0.0000e+00 -0.0000e+00 -0.0000e+00 -0.0000e+00 -0.0000e+00 -0.0000e+00 -0.0000e+00 -0.0000e+00 -0.0000e+00 -0.0000e+00 -0.0000e+00 -0.0000e+00 -0.0000e+00 -0.0000e+00 -0.0000e+00 -0.0000e+00 -0.0000e+00 -0.0000e+00 -0.0000e+00
-1.9045e-08 -5.3906e-08 2.3882e-06 -1.5289e-07 -2.1407e-07 -2.8202e-07 -3.5621e-07 -4.3624e-07 -5.2173e-07 -6.1228e-07 -7.0748e-07 -8.0683e-07 -9.0972e-07 -1.0154e-06 -1.1231e-06 -1.2316e-06 -1.3396e-06 -1.4457e-06 -1.5481e-06 -1.6447e-06 -1.7333e-06 -1.8115e-06 -1.8765e-06 -1.9257e-06 -1.9562e-06 -1.9657e-06 -1.9519e-06 -1.9130e-06 -1.8483e-06 -1.7578e-06 -1.6428e-06 -1.5058e-06 -1.3509e-06 -1.1832e-06 -1.0090e-06 -8.3521e-07 -6.6867e-07 -5.1573e-07 -3.8149e-07 -2.6926e-07 -1.8030e-07 -1.1378e-07 -6.7177e-08 -3.6788e-08 -1.8508e-08 -8.4598e-09 -3.4692e-09 -1.2580e-09 -3.9668e-10 -1.0671e-10 -2.3955e-11 -4.3739e-12 -6.3056e-13 -6.9342e-14 -5.5873e-15 -3.1472e-16 -1.1727e-17 -2.7092e-19 -3.5942e-21 -2.5007e-23 -8.1916e-26 -1.1107e-28 -5.3427e-32 -7.5711e-36 -2.5249e-40 -1.5084e-45 -1.1567e-51 -7.5623e-59 -2.5429e-67 -2.3471e-77 -2.7115e-89 -1.4584e-103 -1.0414e-120 -1.9842e-141 -1.2733e-166 -1.8607e-197 -1.7935e-235 -1.0304e-282 -0.0000e+00 -0.0000e+00 -0.0000e+00 -0.0000e+00 -0.0000e+00 -0.0000e+00 -0.0000e+00 -0.0000e+00 -0.0000e+00 -0.0000e+00 -0.0000e+00 -0.0000e+00 -0.0000e+00 -0.0000e+00 -0.0000e+00 -0.0000e+00 -0.0000e+00 -0.0000e+00 -0.0000e+00 -0.0000e+00 -0.0000e+00 -0.0000e+00 -1.9045e-08 -5.3906e-08 0.0000e+00 -1.5289e-07 -2.1407e-07 -2.8202e-07 -3.5621e-07 -4.3624e-07 -5.2173e-07 -6.1228e-07 -7.0748e-07 -8.0683e-07 -9.0972e-07 -1.0154e-06 -1.1231e-06 -1.2316e-06 -1.3396e-06 -1.4457e-06 -1.5481e-06 -1.6447e-06 -1.7333e-06 -1.8115e-06 -1.8765e-06 -1.9256e-06 -1.9562e-06 -1.9657e-06 -1.9518e-06 -1.9130e-06 -1.8482e-06 -1.7577e-06 -1.6427e-06 -1.5057e-06 -1.3508e-06 -1.1831e-06 -1.0089e-06 -8.3511e-07 -6.6858e-07 -5.1566e-07 -3.8142e-07 -2.6921e-07 -1.8026e-07 -1.1376e-07 -6.7157e-08 -3.6776e-08 -1.8501e-08 -8.4562e-09 -3.4675e-09 -1.2573e-09 -3.9644e-10 -1.0664e-10 -2.3937e-11 -4.3700e-12 -6.2992e-13 -6.9262e-14 -5.5800e-15 -3.1425e-16 -1.1707e-17 -2.7040e-19 -3.5864e-21 -2.4945e-23 -8.1687e-26 -1.1072e-28 -5.3232e-32 -7.5395e-36 -2.5128e-40 -1.5001e-45 -1.1494e-51 -7.5071e-59 -2.5214e-67 -2.3241e-77 -2.6806e-89 -1.4391e-103 -1.0252e-120 -1.9479e-141 -1.2458e-166 -1.8131e-197 -1.7389e-235 -9.9284e-283 -0.0000e+00 -0.0000e+00 -0.0000e+00 -0.0000e+00 -0.0000e+00 -0.0000e+00 -0.0000e+00 -0.0000e+00 -0.0000e+00 -0.0000e+00 -0.0000e+00 -0.0000e+00 -0.0000e+00 -0.0000e+00 -0.0000e+00 -0.0000e+00 -0.0000e+00 -0.0000e+00 -0.0000e+00 -0.0000e+00 -0.0000e+00 -0.0000e+00
-2.9368e-08 -8.3124e-08 -1.5289e-07 7.5649e-06 -3.3010e-07 -4.3487e-07 -5.4928e-07 -6.7269e-07 -8.0451e-07 -9.4415e-07 -1.0909e-06 -1.2441e-06 -1.4028e-06 -1.5658e-06 -1.7318e-06 -1.8991e-06 -2.0657e-06 -2.2293e-06 -2.3872e-06 -2.5363e-06 -2.6729e-06 -2.7935e-06 -2.8937e-06 -2.9696e-06 -3.0168e-06 -3.0314e-06 -3.0101e-06 -2.9502e-06 -2.8505e-06 -2.7110e-06 -2.5336e-06 -2.3225e-06 -2.0836e-06 -1.8250e-06 -1.5564e-06 -1.2884e-06 -1.0315e-06 -7.9566e-07 -5.8859e-07 -4.1547e-07 -2.7822e-07 -1.7560e-07 -1.0368e-07 -5.6789e-08 -2.8574e-08 -1.3063e-08 -5.3579e-09 -1.9432e-09 -6.1291e-10 -1.6493e-10 -3.7035e-11 -6.7643e-12 -9.7554e-13 -1.0733e-13 -8.6521e-15 -4.8762e-16 -1.8182e-17 -4.2035e-19 -5.5812e-21 -3.8870e-23 -1.2747e-25 -1.7306e-28 -8.3366e-32 -1.1834e-35 -3.9543e-40 -2.3677e-45 -1.8205e-51 -1.1940e-58 -4.0295e-67 -3.7353e-77 -4.3375e-89 -2.3472e-103 -1.6882e-120 -3.2444e-141 -2.1038e-166 -3.1131e-197 -3.0466e-235 -1.7830e-282 -0.0000e+00 -0.0000e+00 -0.0000e+00 -0.0000e+00 -0.0000e+00 -0.0000e+00 -0.0000e+00 -0.0000e+00 -0.0000e+00 -0.0000e+00 -0.0000e+00 -0.0000e+00 -0.0000e+00 -0.0000e+00 -0.0000e+00 -0.0000e+00 -0.0000e+00 -0.0000e+00 -0.0000e+00 -0.0000e+00 -0.0000e+00 -0.0000e+00 -2.9368e-08 -8.3124e-08 -1.5289e-07 0.0000e+00 -3.3010e-07 -4.3487e-07 -5.4928e-07 -6.7269e-07 -8.0451e-07 -9.4415e-07 -1.0909e-06 -1.2441e-06 -1.4028e-06 -1.5658e-06 -1.7318e-06 -1.8991e-06 -2.0657e-06 -2.2293e-06 -2.3872e-06 -2.5362e-06 -2.6729e-06 -2.7933e-06 -2.8936e-06 -2.9694e-06 -3.0166e-06 -3.0312e-06 -3.0098e-06 -2.9499e-06 -2.8501e-06 -2.7106e-06 -2.5332e-06 -2.3220e-06 -2.0831e-06 -1.8245e-06 -1.5559e-06 -1.2879e-06 -1.0311e-06 -7.9528e-07 -5.8827e-07 -4.1521e-07 -2.7803e-07 -1.7546e-07 -1.0359e-07 -5.6730e-08 -2.8540e-08 -1.3046e-08 -5.3498e-09 -1.9399e-09 -6.1172e-10 -1.6456e-10 -3.6942e-11 -6.7451e-12 -9.7242e-13 -1.0694e-13 -8.6166e-15 -4.8536e-16 -1.8086e-17 -4.1783e-19 -5.5433e-21 -3.8569e-23 -1.2635e-25 -1.7132e-28 -8.2411e-32 -1.1679e-35 -3.8951e-40 -2.3271e-45 -1.7846e-51 -1.1669e-58 -3.9240e-67 -3.6223e-77 -4.1854e-89 -2.2516e-103 -1.6081e-120 -3.0647e-141 -1.9674e-166 -2.8762e-197 -2.7737e-235 -1.5946e-282 -0.0000e+00 -0.0000e+00 -0.0000e+00 -0.0000e+00 -0.0000e+00 -0.0000e+00 -0.0000e+00 -0.0000e+00 -0.0000e+00 -0.0000e+00 -0.0000e+00 -0.0000e+00 -0.0000e+00 -0.0000e+00 -0.0000e+00 -0.0000e+00 -0.0000e+00 -0.0000e+00 -0.0000e+00 -0.0000e+00 -0.0000e+00 -0.0000e+00
-4.1121e-08 -1.1639e-07 -2.1407e-07 -3.3010e-07 1.8523e-05 -6.0892e-07 -7.6911e-07 -9.4191e-07 -1.1265e-06 -1.3220e-06 -1.5276e-06 -1.7421e-06 -1.9642e-06 -2.1925e-06 -2.4249e-06 -2.6592e-06 -2.8925e-06 -3.1217e-06 -3.3428e-06 -3.5515e-06 -3.7429e-06 -3.9117e-06 -4.0522e-06 -4.1585e-06 -4.2247e-06 -4.2453e-06 -4.2156e-06 -4.1320e-06 -3.9924e-06 -3.7972e-06 -3.5490e-06 -3.2534e-06 -2.9190e-06 -2.5570e-06 -2.1808e-06 -1.8054e-06 -1.4457e-06 -1.1152e-06 -8.2513e-07 -5.8253e-07 -3.9017e-07 -2.4631e-07 -1.4547e-07 -7.9696e-08 -4.0112e-08 -1.8344e-08 -7.5269e-09 -2.7311e-09 -8.6184e-10 -2.3204e-10 -5.2138e-11 -9.5297e-12 -1.3755e-12 -1.5146e-13 -1.2223e-14 -6.8970e-16 -2.5751e-17 -5.9626e-19 -7.9309e-21 -5.5345e-23 -1.8192e-25 -2.4764e-28 -1.1965e-31 -1.7045e-35 -5.7187e-40 -3.4403e-45 -2.6598e-51 -1.7554e-58 -5.9684e-67 -5.5809e-77 -6.5467e-89 -3.5851e-103 -2.6151e-120 -5.1098e-141 -3.3790e-166 -5.1178e-197 -5.1484e-235 -3.1133e-282 -0.0000e+00 -0.0000e+00 -0.0000e+00 -0.0000e+00 -0.0000e+00 -0.0000e+00 -0.0000e+00 -0.0000e+00 -0.0000e+00 -0.0000e+00 -0.0000e+00 -0.0000e+00 -0.0000e+00 -0.0000e+00 -0.0000e+00 -0.0000e+00 -0.0000e+00 -0.0000e+00 -0.0000e+00 -0.0000e+00 -0.0000e+00 -0.0000e+00 -4.1121e-08 -1.1639e-07 -2.1407e-07 -3.3010e-07 0.0000e+00 -6.0892e-07 -7.6911e-07 -9.4191e-07 -1.1265e-06 -1.3220e-06 -1.5276e-06 -1.7421e-06 -1.9642e-06 -2.1925e-06 -2.4249e-06 -2.6591e-06 -2.8925e-06 -3.1215e-06 -3.3426e-06 -3.5513e-06 -3.7426e-06 -3.9114e-06 -4.0518e-06 -4.1580e-06 -4.2240e-06 -4.2445e-06 -4.2147e-06 -4.1308e-06 -3.9911e-06 -3.7958e-06 -3.5474e-06 -3.2518e-06 -2.9173e-06 -2.5552e-06 -2.1792e-06 -1.8038e-06 -1.4442e-06 -1.1139e-06 -8.2403e-07 -5.8165e-07 -3.8950e-07 -2.4583e-07 -1.4514e-07 -7.9493e-08 -3.9997e-08 -1.8284e-08 -7.4990e-09 -2.7196e-09 -8.5775e-10 -2.3079e-10 -5.1821e-11 -9.4640e-12 -1.3648e-12 -1.5013e-13 -1.2101e-14 -6.8190e-16 -2.5422e-17 -5.8761e-19 -7.8003e-21 -5.4310e-23 -1.7805e-25 -2.4165e-28 -1.1636e-31 -1.6510e-35 -5.5142e-40 -3.2998e-45 -2.5355e-51 -1.6615e-58 -5.6021e-67 -5.1875e-77 -6.0161e-89 -3.2506e-103 -2.3339e-120 -4.4761e-141 -2.8954e-166 -4.2724e-197 -4.1672e-235 -2.4294e-282 -0.0000e+00 -0.0000e+00 -0.0000e+00 -0.0000e+00 -0.0000e+00 -0.0000e+00 -0.0000e+00 -0.0000e+00 -0.0000e+00 -0.0000e+00 -0.0000e+00 -0.0000e+00 -0.0000e+00 -0.0000e+00 -0.0000e+00 -0.0000e+00 -0.0000e+00 -0.0000e+00 -0.0000e+00 -0.0000e+00 -0.0000e+00 -0.0000e+00
-5.4172e-08 -1.5333e-07 -2.8202e-07 -4.3487e-07 -6.0892e-07 3.8546e-05 -1.0132e-06 -1.2409e-06 -1.4840e-06 -1.7416e-06 -2.0124e-06 -2.2950e-06 -2.5877e-06 -2.8884e-06 -3.1947e-06 -3.5033e-06 -3.8108e-06 -4.1127e-06 -4.4041e-06 -4.6792e-06 -4.9315e-06 -5.1541e-06 -5.3394e-06 -5.4796e-06 -5.5671e-06 -5.5945e-06 -5.5557e-06 -5.4458e-06 -5.2623e-06 -5.0054e-06 -4.6787e-06 -4.2895e-06 -3.8491e-06 -3.3722e-06 -2.8766e-06 -2.3819e-06 -1.9077e-06 -1.4720e-06 -1.0894e-06 -7.6932e-07 -5.1545e-07 -3.2553e-07 -1.9234e-07 -1.0542e-07 -5.3091e-08 -2.4295e-08 -9.9756e-09 -3.6225e-09 -1.1442e-09 -3.0836e-10 -6.9366e-11 -1.2695e-11 -1.8350e-12 -2.0240e-13 -1.6365e-14 -9.2536e-16 -3.4634e-17 -8.0415e-19 -1.0730e-20 -7.5143e-23 -2.4800e-25 -3.3918e-28 -1.6477e-31 -2.3615e-35 -7.9791e-40 -4.8392e-45 -3.7763e-51 -2.5193e-58 -8.6724e-67 -8.2264e-77 -9.8112e-89 -5.4769e-103 -4.0846e-120 -8.1884e-141 -5.5778e-166 -8.7427e-197 -9.1497e-235 -5.7909e-282 -0.0000e+00 -0.0000e+00 -0.0000e+00 -0.0000e+00 -0.0000e+00 -0.0000e+00 -0.0000e+00 -0.0000e+00 -0.0000e+00 -0.0000e+00 -0.0000e+00 -0.0000e+00 -0.0000e+00 -0.0000e+00 -0.0000e+00 -0.0000e+00 -0.0000e+00 -0.0000e+00 -0.0000e+00 -0.0000e+00 -0.0000e+00 -0.0000e+00 -5.4172e-08 -1.5333e-07 -2.8202e-07 -4.3487e-07 -6.0892e-07 0.0000e+00 -1.0132e-06 -1.2409e-06 -1.4840e-06 -1.7416e-06 -2.0124e-06 -2.2950e-06 -2.5877e-06 -2.8884e-06 -3.1945e-06 -3.5032e-06 -3.8106e-06 -4.1124e-06 -4.4036e-06 -4.6786e-06 -4.9307e-06 -5.1531e-06 -5.3381e-06 -5.4781e-06 -5.5652e-06 -5.5923e-06 -5.5530e-06 -5.4427e-06 -5.2588e-06 -5.0015e-06 -4.6745e-06 -4.2850e-06 -3.8444e-06 -3.3675e-06 -2.8720e-06 -2.3775e-06 -1.9036e-06 -1.4684e-06 -1.0864e-06 -7.6689e-07 -5.1360e-07 -3.2419e-07 -1.9144e-07 -1.0487e-07 -5.2774e-08 -2.4130e-08 -9.8990e-09 -3.5910e-09 -1.1329e-09 -3.0494e-10 -6.8494e-11 -1.2515e-11 -1.8056e-12 -1.9873e-13 -1.6029e-14 -9.0390e-16 -3.3726e-17 -7.8029e-19 -1.0369e-20 -7.2287e-23 -2.3733e-25 -3.2263e-28 -1.5565e-31 -2.2133e-35 -7.4109e-40 -4.4480e-45 -3.4295e-51 -2.2564e-58 -7.6441e-67 -7.1179e-77 -8.3094e-89 -4.5250e-103 -3.2793e-120 -6.3598e-141 -4.1694e-166 -6.2526e-197 -6.2193e-235 -3.7134e-282 -0.0000e+00 -0.0000e+00 -0.0000e+00 -0.0000e+00 -0.0000e+00 -0.0000e+00 -0.0000e+00 -0.0000e+00 -0.0000e+00 -0.0000e+00 -0.0000e+00 -0.0000e+00 -0.0000e+00 -0.0000e+00 -0.0000e+00 -0.0000e+00 -0.0000e+00 -0.0000e+00 -0.0000e+00 -0.0000e+00 -0.0000e+00 -0.0000e+00
-6.8424e-08 -1.9367e-07 -3.5621e-07 -5.4928e-07 -7.6911e-07 -1.0132e-06 7.1712e-05 -1.5673e-06 -1.8745e-06 -2.1998e-06 -2.5419e-06 -2.8989e-06 -3.2686e-06 -3.6485e-06 -4.0353e-06 -4.4253e-06 -4.8138e-06 -5.1953e-06 -5.5635e-06 -5.9112e-06 -6.2302e-06 -6.5117e-06 -6.7461e-06 -6.9237e-06 -7.0348e-06 -7.0700e-06 -7.0216e-06 -6.8835e-06 -6.6524e-06 -6.3285e-06 -5.9164e-06 -5.4253e-06 -4.8693e-06 -4.2670e-06 -3.6410e-06 -3.0157e-06 -2.4161e-06 -1.8651e-06 -1.3809e-06 -9.7568e-07 -6.5409e-07 -4.1334e-07 -2.4440e-07 -1.3407e-07 -6.7578e-08 -3.0956e-08 -1.2725e-08 -4.6270e-09 -1.4636e-09 -3.9511e-10 -8.9045e-11 -1.6331e-11 -2.3662e-12 -2.6169e-13 -2.1223e-14 -1.2042e-15 -4.5245e-17 -1.0552e-18 -1.4149e-20 -9.9655e-23 -3.3102e-25 -4.5604e-28 -2.2338e-31 -3.2319e-35 -1.1038e-39 -6.7765e-45 -5.3620e-51 -3.6341e-58 -1.2737e-66 -1.2331e-76 -1.5052e-88 -8.6261e-103 -6.6276e-120 -1.3741e-140 -9.7228e-166 -1.5906e-196 -1.7469e-234 -1.1674e-281 -0.0000e+00 -0.0000e+00 -0.0000e+00 -0.0000e+00 -0.0000e+00 -0.0000e+00 -0.0000e+00 -0.0000e+00 -0.0000e+00 -0.0000e+00 -0.0000e+00 -0.0000e+00 -0.0000e+00 -0.0000e+00 -0.0000e+00 -0.0000e+00 -0.0000e+00 -0.0000e+00 -0.0000e+00 -0.0000e+00 -0.0000e+00 -0.0000e+00 -6.8424e-08 -1.9367e-07 -3.5621e-07 -5.4928e-07 -7.6911e-07 -1.0132e-06 0.0000e+00 -1.5673e-06 -1.8745e-06 -2.1998e-06 -2.5418e-06 -2.8988e-06 -3.2685e-06 -3.6483e-06 -4.0351e-06 -4.4249e-06 -4.8132e-06 -5.1945e-06 -5.5624e-06 -5.9098e-06 -6.2284e-06 -6.5093e-06 -6.7432e-06 -6.9201e-06 -7.0303e-06 -7.0647e-06 -7.0154e-06 -6.8763e-06 -6.6442e-06 -6.3194e-06 -5.9065e-06 -5.4148e-06 -4.8583e-06 -4.2560e-06 -3.6301e-06 -3.0054e-06 -2.4066e-06 -1.8567e-06 -1.3738e-06 -9.6996e-07 -6.4973e-07 -4.1021e-07 -2.4230e-07 -1.3276e-07 -6.6830e-08 -3.0568e-08 -1.2545e-08 -4.5528e-09 -1.4371e-09 -3.8703e-10 -8.6989e-11 -1.5905e-11 -2.2966e-12 -2.5302e-13 -2.0429e-14 -1.1534e-15 -4.3094e-17 -9.9859e-19 -1.3294e-20 -9.2866e-23 -3.0560e-25 -4.1657e-28 -2.0160e-31 -2.8769e-35 -9.6728e-40 -5.8335e-45 -4.5230e-51 -2.9953e-58 -1.0225e-66 -9.6067e-77 -1.1333e-88 -6.2489e-103 -4.5957e-120 -9.0695e-141 -6.0707e-166 -9.3329e-197 -9.5638e-235 -5.9182e-282 -0.0000e+00 -0.0000e+00 -0.0000e+00 -0.0000e+00 -0.0000e+00 -0.0000e+00 -0.0000e+00 -0.0000e+00 -0.0000e+00 -0.0000e+00 -0.0000e+00 -0.0000e+00 -0.0000e+00 -0.0000e+00 -0.0000e+00 -0.0000e+00 -0.0000e+00 -0.0000e+00 -0.0000e+00 -0.0000e+00 -0.0000e+00 -0.0000e+00
-8.3797e-08 -2.3718e-07 -4.3624e-07 -6.7269e-07 -9.4191e-07 -1.2409e-06 -1.5673e-06 1.2293e-04 -2.2956e-06 -2.6941e-06 -3.1130e-06 -3.5503e-06 -4.0031e-06 -4.4684e-06 -4.9423e-06 -5.4201e-06 -5.8960e-06 -6.3635e-06 -6.8148e-06 -7.2411e-06 -7.6323e-06 -7.9777e-06 -8.2656e-06 -8.4840e-06 -8.6210e-06 -8.6654e-06 -8.6073e-06 -8.4394e-06 -8.1576e-06 -7.7622e-06 -7.2586e-06 -6.6580e-06 -5.9776e-06 -5.2402e-06 -4.4732e-06 -3.7068e-06 -2.9715e-06 -2.2951e-06 -1.7005e-06 -1.2024e-06 -8.0678e-07 -5.1033e-07 -3.0208e-07 -1.6592e-07 -8.3747e-08 -3.8423e-08 -1.5823e-08 -5.7645e-09 -1.8275e-09 -4.9457e-10 -1.1178e-10 -2.0565e-11 -2.9903e-12 -3.3204e-13 -2.7049e-14 -1.5426e-15 -5.8293e-17 -1.3682e-18 -1.8481e-20 -1.3123e-22 -4.3993e-25 -6.1238e-28 -3.0347e-31 -4.4484e-35 -1.5418e-39 -9.6229e-45 -7.7564e-51 -5.3669e-58 -1.9250e-66 -1.9124e-76 -2.4025e-88 -1.4216e-102 -1.1318e-119 -2.4410e-140 -1.8044e-165 -3.0991e-196 -3.5929e-234 -2.5505e-281 -0.0000e+00 -0.0000e+00 -0.0000e+00 -0.0000e+00 -0.0000e+00 -0.0000e+00 -0.0000e+00 -0.0000e+00 -0.0000e+00 -0.0000e+00 -0.0000e+00 -0.0000e+00 -0.0000e+00 -0.0000e+00 -0.0000e+00 -0.0000e+00 -0.0000e+00 -0.0000e+00 -0.0000e+00 -0.0000e+00 -0.0000e+00 -0.0000e+00 -8.3797e-08 -2.3718e-07 -4.3624e-07 -6.7269e-07 -9.4191e-07 -1.2409e-06 -1.5673e-06 0.0000e+00 -2.2956e-06 -2.6940e-06 -3.1129e-06 -3.5501e-06 -4.0029e-06 -4.4680e-06 -4.9417e-06 -5.4192e-06 -5.8948e-06 -6.3619e-06 -6.8126e-06 -7.2381e-06 -7.6285e-06 -7.9728e-06 -8.2595e-06 -8.4764e-06 -8.6118e-06 -8.6543e-06 -8.5943e-06 -8.4243e-06 -8.1405e-06 -7.7432e-06 -7.2379e-06 -6.6359e-06 -5.9546e-06 -5.2170e-06 -4.4504e-06 -3.6851e-06 -2.9515e-06 -2.2775e-06 -1.6856e-06 -1.1904e-06 -7.9761e-07 -5.0374e-07 -2.9765e-07 -1.6316e-07 -8.2173e-08 -3.7606e-08 -1.5443e-08 -5.6082e-09 -1.7716e-09 -4.7752e-10 -1.0743e-10 -1.9665e-11 -2.8432e-12 -3.1367e-13 -2.5368e-14 -1.4349e-15 -5.3722e-17 -1.2479e-18 -1.6658e-20 -1.1673e-22 -3.8549e-25 -5.2762e-28 -2.5654e-31 -3.6809e-35 -1.2453e-39 -7.5647e-45 -5.9145e-51 -3.9550e-58 -1.3654e-66 -1.2999e-76 -1.5573e-88 -8.7423e-103 -6.5668e-120 -1.3285e-140 -9.1567e-166 -1.4572e-196 -1.5553e-234 -1.0100e-281 -0.0000e+00 -0.0000e+00 -0.0000e+00 -0.0000e+00 -0.0000e+00 -0.0000e+00 -0.0000e+00 -0.0000e+00 -0.0000e+00 -0.0000e+00 -0.0000e+00 -0.0000e+00 -0.0000e+00 -0.0000e+00 -0.0000e+00 -0.0000e+00 -0.0000e+00 -0.0000e+00 -0.0000e+00 -0.0000e+00 -0.0000e+00 -0.0000e+00
-1.0022e-07 -2.8366e-07 -5.2173e-07 -8.0451e-07 -1.1265e-06 -1.4840e-06 -1.8745e-06 -2.2956e-06 1.9801e-04 -3.2221e-06 -3.7232e-06 -4.2461e-06 -4.7879e-06 -5.3445e-06 -5.9115e-06 -6.4831e-06 -7.0527e-06 -7.6123e-06 -8.1527e-06 -8.6632e-06 -9.1321e-06 -9.5464e-06 -9.8921e-06 -1.0155e-05 -1.0321e-05 -1.0376e-05 -1.0308e-05 -1.0110e-05 -9.7750e-06 -9.3042e-06 -8.7037e-06 -7.9869e-06 -7.1741e-06 -6.2926e-06 -5.3749e-06 -4.4571e-06 -3.5757e-06 -2.7642e-06 -2.0501e-06 -1.4512e-06 -9.7497e-07 -6.1760e-07 -3.6615e-07 -2.0147e-07 -1.0190e-07 -4.6854e-08 -1.9343e-08 -7.0673e-09 -2.2476e-09 -6.1043e-10 -1.3851e-10 -2.5597e-11 -3.7407e-12 -4.1770e-13 -3.4241e-14 -1.9665e-15 -7.4893e-17 -1.7733e-18 -2.4187e-20 -1.7363e-22 -5.8915e-25 -8.3122e-28 -4.1813e-31 -6.2321e-35 -2.2001e-39 -1.4014e-44 -1.1553e-50 -8.1942e-58 -3.0204e-66 -3.0918e-76 -4.0139e-88 -2.4624e-102 -2.0396e-119 -4.5950e-140 -3.5640e-165 -6.4561e-196 -7.9424e-234 -6.0260e-281 -0.0000e+00 -0.0000e+00 -0.0000e+00 -0.0000e+00 -0.0000e+00 -0.0000e+00 -0.0000e+00 -0.0000e+00 -0.0000e+00 -0.0000e+00 -0.0000e+00 -0.0000e+00 -0.0000e+00 -0.0000e+00 -0.0000e+00 -0.0000e+00 -0.0000e+00 -0.0000e+00 -0.0000e+00 -0.0000e+00 -0.0000e+00 -0.0000e+00 -1.0022e-07 -2.8366e-07 -5.2173e-07 -8.0451e-07 -1.1265e-06 -1.4840e-06 -1.8745e-06 -2.2956e-06 0.0000e+00 -3.2220e-06 -3.7230e-06 -4.2458e-06 -4.7873e-06 -5.3437e-06 -5.9103e-06 -6.4815e-06 -7.0504e-06 -7.6091e-06 -8.1484e-06 -8.6576e-06 -9.1247e-06 -9.5369e-06 -9.8802e-06 -1.0140e-05 -1.0303e-05 -1.0354e-05 -1.0283e-05 -1.0081e-05 -9.7420e-06 -9.2675e-06 -8.6638e-06 -7.9443e-06 -7.1299e-06 -6.2478e-06 -5.3309e-06 -4.4152e-06 -3.5372e-06 -2.7302e-06 -2.0213e-06 -1.4280e-06 -9.5726e-07 -6.0487e-07 -3.5760e-07 -1.9614e-07 -9.8851e-08 -4.5274e-08 -1.8608e-08 -6.7645e-09 -2.1392e-09 -5.7735e-10 -1.3008e-10 -2.3849e-11 -3.4543e-12 -3.8189e-13 -3.0957e-14 -1.7557e-15 -6.5934e-17 -1.5368e-18 -2.0595e-20 -1.4496e-22 -4.8120e-25 -6.6248e-28 -3.2427e-31 -4.6886e-35 -1.6003e-39 -9.8203e-45 -7.7683e-51 -5.2652e-58 -1.8464e-66 -1.7897e-76 -2.1894e-88 -1.2593e-102 -9.7293e-120 -2.0338e-140 -1.4562e-165 -2.4222e-196 -2.7223e-234 -1.8775e-281 -0.0000e+00 -0.0000e+00 -0.0000e+00 -0.0000e+00 -0.0000e+00 -0.0000e+00 -0.0000e+00 -0.0000e+00 -0.0000e+00 -0.0000e+00 -0.0000e+00 -0.0000e+00 -0.0000e+00 -0.0000e+00 -0.0000e+00 -0.0000e+00 -0.0000e+00 -0.0000e+00 -0.0000e+00 -0.0000e+00 -0.0000e+00 -0.0000e+00
-1.1761e-07 -3.3290e-07 -6.1228e-07 -9.4415e-07 -1.3220e-06 -1.7416e-06 -2.1998e-06 -2.6941e-06 -3.2221e-06 3.0367e-04 -4.3696e-06 -4.9835e-06 -5.6194e-06 -6.2729e-06 -6.9386e-06 -7.6100e-06 -8.2791e-06 -8.9366e-06 -9.5718e-06 -1.0172e-05 -1.0724e-05 -1.1212e-05 -1.1620e-05 -1.1931e-05 -1.2129e-05 -1.2197e-05 -1.2121e-05 -1.1892e-05 -1.1503e-05 -1.0954e-05 -1.0252e-05 -9.4133e-06 -8.4610e-06 -7.4269e-06 -6.3493e-06 -5.2702e-06 -4.2326e-06 -3.2761e-06 -2.4331e-06 -1.7250e-06 -1.1609e-06 -7.3684e-07 -4.3781e-07 -2.4149e-07 -1.2247e-07 -5.6491e-08 -2.3402e-08 -8.5831e-09 -2.7414e-09 -7.4813e-10 -1.7066e-10 -3.1727e-11 -4.6674e-12 -5.2502e-13 -4.3392e-14 -2.5147e-15 -9.6741e-17 -2.3162e-18 -3.1982e-20 -2.3272e-22 -8.0152e-25 -1.1495e-27 -5.8875e-31 -8.9494e-35 -3.2281e-39 -2.1051e-44 -1.7803e-50 -1.2984e-57 -4.9331e-66 -5.2191e-76 -7.0235e-88 -4.4812e-102 -3.8749e-119 -9.1528e-140 -7.4807e-165 -1.4364e-195 -1.8863e-233 -1.5406e-280 -0.0000e+00 -0.0000e+00 -0.0000e+00 -0.0000e+00 -0.0000e+00 -0.0000e+00 -0.0000e+00 -0.0000e+00 -0.0000e+00 -0.0000e+00 -0.0000e+00 -0.0000e+00 -0.0000e+00 -0.0000e+00 -0.0000e+00 -0.0000e+00 -0.0000e+00 -0.0000e+00 -0.0000e+00 -0.0000e+00 -0.0000e+00 -0.0000e+00 -1.1761e-07 -3.3290e-07 -6.1228e-07 -9.4415e-07 -1.3220e-06 -1.7416e-06 -2.1998e-06 -2.6940e-06 -3.2220e-06 0.0000e+00 -4.3692e-06 -4.9829e-06 -5.6184e-06 -6.2715e-06 -6.9365e-06 -7.6070e-06 -8.2749e-06 -8.9308e-06 -9.5640e-06 -1.0162e-05 -1.0711e-05 -1.1195e-05 -1.1599e-05 -1.1905e-05 -1.2097e-05 -1.2158e-05 -1.2076e-05 -1.1839e-05 -1.1443e-05 -1.0888e-05 -1.0180e-05 -9.3366e-06 -8.3813e-06 -7.3462e-06 -6.2699e-06 -5.1946e-06 -4.1632e-06 -3.2148e-06 -2.3811e-06 -1.6832e-06 -1.1290e-06 -7.1385e-07 -4.2235e-07 -2.3186e-07 -1.1696e-07 -5.3629e-08 -2.2069e-08 -8.0337e-09 -2.5446e-09 -6.8797e-10 -1.5531e-10 -2.8539e-11 -4.1442e-12 -4.5948e-13 -3.7368e-14 -2.1271e-15 -8.0218e-17 -1.8786e-18 -2.5312e-20 -1.7926e-22 -5.9922e-25 -8.3154e-28 -4.1073e-31 -6.0004e-35 -2.0725e-39 -1.2891e-44 -1.0356e-50 -7.1449e-58 -2.5570e-66 -2.5370e-76 -3.1878e-88 -1.8907e-102 -1.5132e-119 -3.2940e-140 -2.4708e-165 -4.3361e-196 -5.1832e-234 -3.8379e-281 -0.0000e+00 -0.0000e+00 -0.0000e+00 -0.0000e+00 -0.0000e+00 -0.0000e+00 -0.0000e+00 -0.0000e+00 -0.0000e+00 -0.0000e+00 -0.0000e+00 -0.0000e+00 -0.0000e+00 -0.0000e+00 -0.0000e+00 -0.0000e+00 -0.0000e+00 -0.0000e+00 -0.0000e+00 -0.0000e+00 -0.0000e+00 -0.0000e+00
-1.3590e-07 -3.8466e-07 -7.0748e-07 -1.0909e-06 -1.5276e-06 -2.0124e-06 -2.5419e-06 -3.1130e-06 -3.7232e-06 -4.3696e-06 4.4766e-04 -5.7588e-06 -6.4939e-06 -7.2494e-06 -8.0192e-06 -8.7956e-06 -9.5698e-06 -1.0331e-05 -1.1066e-05 -1.1762e-05 -1.2402e-05 -1.2969e-05 -1.3444e-05 -1.3808e-05 -1.4041e-05 -1.4125e-05 -1.4043e-05 -1.3784e-05 -1.3340e-05 -1.2711e-05 -1.1905e-05 -1.0940e-05 -9.8423e-06 -8.6483e-06 -7.4019e-06 -6.1520e-06 -4.9481e-06 -3.8362e-06 -2.8543e-06 -2.0279e-06 -1.3680e-06 -8.7052e-07 -5.1875e-07 -2.8707e-07 -1.4612e-07 -6.7671e-08 -2.8160e-08 -1.0380e-08 -3.3338e-09 -9.1545e-10 -2.1026e-10 -3.9386e-11 -5.8426e-12 -6.6330e-13 -5.5379e-14 -3.2453e-15 -1.2638e-16 -3.0666e-18 -4.2967e-20 -3.1767e-22 -1.1132e-24 -1.6270e-27 -8.5045e-31 -1.3216e-34 -4.8826e-39 -3.2674e-44 -2.8415e-50 -2.1359e-57 -8.3852e-66 -9.1924e-76 -1.2859e-87 -8.5595e-102 -7.7543e-119 -1.9284e-139 -1.6690e-164 -3.4167e-195 -4.8225e-233 -4.2746e-280 -0.0000e+00 -0.0000e+00 -0.0000e+00 -0.0000e+00 -0.0000e+00 -0.0000e+00 -0.0000e+00 -0.0000e+00 -0.0000e+00 -0.0000e+00 -0.0000e+00 -0.0000e+00 -0.0000e+00 -0.0000e+00 -0.0000e+00 -0.0000e+00 -0.0000e+00 -0.0000e+00 -0.0000e+00 -0.0000e+00 -0.0000e+00 -0.0000e+00 -1.3590e-07 -3.8466e-07 -7.0748e-07 -1.0909e-06 -1.5276e-06 -2.0124e-06 -2.5418e-06 -3.1129e-06 -3.7230e-06 -4.3692e-06 0.0000e+00 -5.7578e-06 -6.4923e-06 -7.2470e-06 -8.0156e-06 -8.7905e-06 -9.5626e-06 -1.0321e-05 -1.1053e-05 -1.1745e-05 -1.2380e-05 -1.2940e-05 -1.3408e-05 -1.3763e-05 -1.3986e-05 -1.4059e-05 -1.3966e-05 -1.3695e-05 -1.3239e-05 -1.2598e-05 -1.1783e-05 -1.0809e-05 -9.7063e-06 -8.5106e-06 -7.2665e-06 -6.0230e-06 -4.8295e-06 -3.7314e-06 -2.7656e-06 -1.9564e-06 -1.3133e-06 -8.3115e-07 -4.9227e-07 -2.7055e-07 -1.3667e-07 -6.2754e-08 -2.5867e-08 -9.4342e-09 -2.9945e-09 -8.1153e-10 -1.8370e-10 -3.3858e-11 -4.9333e-12 -5.4908e-13 -4.4850e-14 -2.5656e-15 -9.7292e-17 -2.2928e-18 -3.1115e-20 -2.2213e-22 -7.4935e-25 -1.0507e-27 -5.2512e-31 -7.7746e-35 -2.7262e-39 -1.7251e-44 -1.4133e-50 -9.9695e-58 -3.6590e-66 -3.7359e-76 -4.8497e-88 -2.9849e-102 -2.4916e-119 -5.6898e-140 -4.5068e-165 -8.4157e-196 -1.0799e-233 -8.6715e-281 -0.0000e+00 -0.0000e+00 -0.0000e+00 -0.0000e+00 -0.0000e+00 -0.0000e+00 -0.0000e+00 -0.0000e+00 -0.0000e+00 -0.0000e+00 -0.0000e+00 -0.0000e+00 -0.0000e+00 -0.0000e+00 -0.0000e+00 -0.0000e+00 -0.0000e+00 -0.0000e+00 -0.0000e+00 -0.0000e+00 -0.0000e+00 -0.0000e+00
-1.5498e-07 -4.3867e-07 -8.0683e-07 -1.2441e-06 -1.7421e-06 -2.2950e-06 -2.8989e-06 -3.5503e-06 -4.2461e-06 -4.9835e-06 -5.7588e-06 6.3881e-04 -7.4069e-06 -8.2691e-06 -9.1478e-06 -1.0034e-05 -1.0919e-05 -1.1789e-05 -1.2630e-05 -1.3427e-05 -1.4161e-05 -1.4812e-05 -1.5359e-05 -1.5780e-05 -1.6053e-05 -1.6156e-05 -1.6071e-05 -1.5785e-05 -1.5287e-05 -1.4579e-05 -1.3667e-05 -1.2572e-05 -1.1324e-05 -9.9638e-06 -8.5409e-06 -7.1107e-06 -5.7302e-06 -4.4522e-06 -3.3207e-06 -2.3656e-06 -1.6006e-06 -1.0220e-06 -6.1129e-07 -3.3969e-07 -1.7371e-07 -8.0862e-08 -3.3841e-08 -1.2553e-08 -4.0596e-09 -1.1233e-09 -2.6017e-10 -4.9184e-11 -7.3699e-12 -8.4595e-13 -7.1481e-14 -4.2440e-15 -1.6763e-16 -4.1305e-18 -5.8842e-20 -4.4290e-22 -1.5823e-24 -2.3611e-27 -1.2621e-30 -2.0090e-34 -7.6158e-39 -5.2399e-44 -4.6955e-50 -3.6456e-57 -1.4823e-65 -1.6883e-75 -2.4624e-87 -1.7160e-101 -1.6354e-118 -4.3024e-139 -3.9653e-164 -8.7114e-195 -1.3316e-232 -1.2922e-279 -0.0000e+00 -0.0000e+00 -0.0000e+00 -0.0000e+00 -0.0000e+00 -0.0000e+00 -0.0000e+00 -0.0000e+00 -0.0000e+00 -0.0000e+00 -0.0000e+00 -0.0000e+00 -0.0000e+00 -0.0000e+00 -0.0000e+00 -0.0000e+00 -0.0000e+00 -0.0000e+00 -0.0000e+00 -0.0000e+00 -0.0000e+00 -0.0000e+00 -1.5498e-07 -4.3867e-07 -8.0683e-07 -1.2441e-06 -1.7421e-06 -2.2950e-06 -2.8988e-06 -3.5501e-06 -4.2458e-06 -4.9829e-06 -5.7578e-06 0.0000e+00 -7.4043e-06 -8.2652e-06 -9.1420e-06 -1.0026e-05 -1.0907e-05 -1.1773e-05 -1.2609e-05 -1.3398e-05 -1.4124e-05 -1.4765e-05 -1.5300e-05 -1.5707e-05 -1.5963e-05 -1.6049e-05 -1.5946e-05 -1.5639e-05 -1.5122e-05 -1.4395e-05 -1.3467e-05 -1.2359e-05 -1.1102e-05 -9.7392e-06 -8.3199e-06 -6.9002e-06 -5.5366e-06 -4.2810e-06 -3.1756e-06 -2.2486e-06 -1.5110e-06 -9.5748e-07 -5.6786e-07 -3.1258e-07 -1.5817e-07 -7.2770e-08 -3.0061e-08 -1.0991e-08 -3.4982e-09 -9.5102e-10 -2.1603e-10 -3.9974e-11 -5.8504e-12 -6.5442e-13 -5.3756e-14 -3.0946e-15 -1.1819e-16 -2.8079e-18 -3.8451e-20 -2.7734e-22 -9.4641e-25 -1.3444e-27 -6.8183e-31 -1.0263e-34 -3.6665e-39 -2.3694e-44 -1.9876e-50 -1.4400e-57 -5.4463e-66 -5.7524e-76 -7.7576e-88 -4.9844e-102 -4.3673e-119 -1.0534e-139 -8.8757e-165 -1.7776e-195 -2.4698e-233 -2.1715e-280 -0.0000e+00 -0.0000e+00 -0.0000e+00 -0.0000e+00 -0.0000e+00 -0.0000e+00 -0.0000e+00 -0.0000e+00 -0.0000e+00 -0.0000e+00 -0.0000e+00 -0.0000e+00 -0.0000e+00 -0.0000e+00 -0.0000e+00 -0.0000e+00 -0.0000e+00 -0.0000e+00 -0.0000e+00 -0.0000e+00 -0.0000e+00 -0.0000e+00
-1.7475e-07 -4.9461e-07 -9.0972e-07 -1.4028e-06 -1.9642e-06 -2.5877e-06 -3.2686e-06 -4.0031e-06 -4.7879e-06 -5.6194e-06 -6.4939e-06 -7.4069e-06 8.8712e-04 -9.3263e-06 -1.0318e-05 -1.1320e-05 -1.2319e-05 -1.3303e-05 -1.4255e-05 -1.5158e-05 -1.5991e-05 -1.6732e-05 -1.7357e-05 -1.7841e-05 -1.8159e-05 -1.8287e-05 -1.8204e-05 -1.7894e-05 -1.7346e-05 -1.6559e-05 -1.5542e-05 -1.4317e-05 -1.2915e-05 -1.1383e-05 -9.7766e-06 -8.1573e-06 -6.5897e-06 -5.1341e-06 -3.8409e-06 -2.7456e-06 -1.8648e-06 -1.1957e-06 -7.1853e-07 -4.0135e-07 -2.0641e-07 -9.6691e-08 -4.0747e-08 -1.5229e-08 -4.9663e-09 -1.3867e-09 -3.2438e-10 -6.1986e-11 -9.3973e-12 -1.0924e-12 -9.3575e-14 -5.6381e-15 -2.2625e-16 -5.6705e-18 -8.2266e-20 -6.3141e-22 -2.3035e-24 -3.5147e-27 -1.9242e-30 -3.1425e-34 -1.2245e-38 -8.6783e-44 -8.0293e-50 -6.4537e-57 -2.7249e-65 -3.2340e-75 -4.9350e-87 -3.6151e-101 -3.6413e-118 -1.0188e-138 -1.0060e-163 -2.3885e-194 -3.9858e-232 -4.2731e-279 -0.0000e+00 -0.0000e+00 -0.0000e+00 -0.0000e+00 -0.0000e+00 -0.0000e+00 -0.0000e+00 -0.0000e+00 -0.0000e+00 -0.0000e+00 -0.0000e+00 -0.0000e+00 -0.0000e+00 -0.0000e+00 -0.0000e+00 -0.0000e+00 -0.0000e+00 -0.0000e+00 -0.0000e+00 -0.0000e+00 -0.0000e+00 -0.0000e+00 -1.7475e-07 -4.9461e-07 -9.0972e-07 -1.4028e-06 -1.9642e-06 -2.5877e-06 -3.2685e-06 -4.0029e-06 -4.7873e-06 -5.6184e-06 -6.4923e-06 -7.4043e-06 0.0000e+00 -9.3201e-06 -1.0309e-05 -1.1307e-05 -1.2301e-05 -1.3278e-05 -1.4221e-05 -1.5113e-05 -1.5933e-05 -1.6658e-05 -1.7264e-05 -1.7726e-05 -1.8019e-05 -1.8119e-05 -1.8007e-05 -1.7666e-05 -1.7087e-05 -1.6271e-05 -1.5228e-05 -1.3982e-05 -1.2567e-05 -1.1031e-05 -9.4294e-06 -7.8264e-06 -6.2852e-06 -4.8645e-06 -3.6125e-06 -2.5610e-06 -1.7235e-06 -1.0938e-06 -6.4985e-07 -3.5842e-07 -1.8177e-07 -8.3836e-08 -3.4730e-08 -1.2738e-08 -4.0687e-09 -1.1105e-09 -2.5338e-10 -4.7121e-11 -6.9353e-12 -7.8067e-13 -6.4581e-14 -3.7474e-15 -1.4441e-16 -3.4652e-18 -4.7987e-20 -3.5049e-22 -1.2130e-24 -1.7505e-27 -9.0365e-31 -1.3874e-34 -5.0677e-39 -3.3572e-44 -2.8955e-50 -2.1638e-57 -8.4728e-66 -9.3029e-76 -1.3102e-87 -8.8372e-102 -8.1763e-119 -2.0964e-139 -1.8923e-164 -4.0958e-195 -6.2140e-233 -6.0384e-280 -0.0000e+00 -0.0000e+00 -0.0000e+00 -0.0000e+00 -0.0000e+00 -0.0000e+00 -0.0000e+00 -0.0000e+00 -0.0000e+00 -0.0000e+00 -0.0000e+00 -0.0000e+00 -0.0000e+00 -0.0000e+00 -0.0000e+00 -0.0000e+00 -0.0000e+00 -0.0000e+00 -0.0000e+00 -0.0000e+00 -0.0000e+00 -0.0000e+00
-1.9505e-07 -5.5209e-07 -1.0154e-06 -1.5658e-06 -2.1925e-06 -2.8884e-06 -3.6485e-06 -4.4684e-06 -5.3445e-06 -6.2729e-06 -7.2494e-06 -8.2691e-06 -9.3263e-06 1.2039e-03 -1.1523e-05 -1.2643e-05 -1.3761e-05 -1.4863e-05 -1.5931e-05 -1.6946e-05 -1.7884e-05 -1.8720e-05 -1.9429e-05 -1.9983e-05 -2.0352e-05 -2.0512e-05 -2.0437e-05 -2.0110e-05 -1.9517e-05 -1.8656e-05 -1.7537e-05 -1.6182e-05 -1.4626e-05 -1.2919e-05 -1.1123e-05 -9.3057e-06 -7.5403e-06 -5.8947e-06 -4.4266e-06 -3.1776e-06 -2.1682e-06 -1.3974e-06 -8.4450e-07 -4.7466e-07 -2.4579e-07 -1.1600e-07 -4.9283e-08 -1.8584e-08 -6.1192e-09 -1.7265e-09 -4.0847e-10 -7.9014e-11 -1.2137e-11 -1.4309e-12 -1.2443e-13 -7.6190e-15 -3.1105e-16 -7.9400e-18 -1.1747e-19 -9.2058e-22 -3.4339e-24 -5.3654e-27 -3.0130e-30 -5.0564e-34 -2.0289e-38 -1.4841e-43 -1.4209e-49 -1.1854e-56 -5.2125e-65 -6.4684e-75 -1.0368e-86 -8.0188e-101 -8.5791e-118 -2.5676e-138 -2.7339e-163 -7.0655e-194 -1.2977e-231 -1.5514e-278 -0.0000e+00 -0.0000e+00 -0.0000e+00 -0.0000e+00 -0.0000e+00 -0.0000e+00 -0.0000e+00 -0.0000e+00 -0.0000e+00 -0.0000e+00 -0.0000e+00 -0.0000e+00 -0.0000e+00 -0.0000e+00 -0.0000e+00 -0.0000e+00 -0.0000e+00 -0.0000e+00 -0.0000e+00 -0.0000e+00 -0.0000e+00 -0.0000e+00 -1.9505e-07 -5.5209e-07 -1.0154e-06 -1.5658e-06 -2.1925e-06 -2.8884e-06 -3.6483e-06 -4.4680e-06 -5.3437e-06 -6.2715e-06 -7.2470e-06 -8.2652e-06 -9.3201e-06 0.0000e+00 -1.1509e-05 -1.2623e-05 -1.3734e-05 -1.4825e-05 -1.5880e-05 -1.6878e-05 -1.7796e-05 -1.8608e-05 -1.9288e-05 -1.9808e-05 -2.0140e-05 -2.0258e-05 -2.0138e-05 -1.9764e-05 -1.9124e-05 -1.8219e-05 -1.7061e-05 -1.5673e-05 -1.4097e-05 -1.2383e-05 -1.0594e-05 -8.8019e-06 -7.0764e-06 -5.4837e-06 -4.0779e-06 -2.8956e-06 -1.9520e-06 -1.2413e-06 -7.3913e-07 -4.0869e-07 -2.0784e-07 -9.6164e-08 -3.9977e-08 -1.4720e-08 -4.7228e-09 -1.2954e-09 -2.9722e-10 -5.5617e-11 -8.2426e-12 -9.3505e-13 -7.8026e-14 -4.5716e-15 -1.7808e-16 -4.3251e-18 -6.0708e-20 -4.5011e-22 -1.5841e-24 -2.3291e-27 -1.2275e-30 -1.9286e-34 -7.2274e-39 -4.9263e-44 -4.3854e-50 -3.3946e-57 -1.3822e-65 -1.5849e-75 -2.3428e-87 -1.6677e-101 -1.6386e-118 -4.4942e-139 -4.3752e-164 -1.0312e-194 -1.7227e-232 -1.8676e-279 -0.0000e+00 -0.0000e+00 -0.0000e+00 -0.0000e+00 -0.0000e+00 -0.0000e+00 -0.0000e+00 -0.0000e+00 -0.0000e+00 -0.0000e+00 -0.0000e+00 -0.0000e+00 -0.0000e+00 -0.0000e+00 -0.0000e+00 -0.0000e+00 -0.0000e+00 -0.0000e+00 -0.0000e+00 -0.0000e+00 -0.0000e+00 -0.0000e+00
-2.1573e-07 -6.1061e-07 -1.1231e-06 -1.7318e-06 -2.4249e-06 -3.1947e-06 -4.0353e-06 -4.9423e-06 -5.9115e-06 -6.9386e-06 -8.0192e-06 -9.1478e-06 -1.0318e-05 -1.1523e-05 1.6017e-03 -1.3994e-05 -1.5235e-05 -1.6460e-05 -1.7648e-05 -1.8779e-05 -1.9827e-05 -2.0766e-05 -2.1566e-05 -2.2197e-05 -2.2626e-05 -2.2826e-05 -2.2768e-05 -2.2432e-05 -2.1802e-05 -2.0875e-05 -1.9660e-05 -1.8179e-05 -1.6470e-05 -1.4587e-05 -1.2596e-05 -1.0573e-05 -8.5992e-06 -6.7502e-06 -5.0923e-06 -3.6738e-06 -2.5207e-06 -1.6345e-06 -9.9442e-07 -5.6301e-07 -2.9386e-07 -1.3989e-07 -5.9994e-08 -2.2853e-08 -7.6072e-09 -2.1717e-09 -5.2028e-10 -1.0200e-10 -1.5894e-11 -1.9027e-12 -1.6817e-13 -1.0477e-14 -4.3565e-16 -1.1340e-17 -1.7128e-19 -1.3723e-21 -5.2406e-24 -8.3971e-27 -4.8442e-30 -8.3686e-34 -3.4645e-38 -2.6214e-43 -2.6038e-49 -2.2612e-56 -1.0390e-64 -1.3532e-74 -2.2876e-86 -1.8769e-100 -2.1443e-117 -6.9051e-138 -7.9811e-163 -2.2621e-193 -4.6116e-231 -6.2061e-278 -0.0000e+00 -0.0000e+00 -0.0000e+00 -0.0000e+00 -0.0000e+00 -0.0000e+00 -0.0000e+00 -0.0000e+00 -0.0000e+00 -0.0000e+00 -0.0000e+00 -0.0000e+00 -0.0000e+00 -0.0000e+00 -0.0000e+00 -0.0000e+00 -0.0000e+00 -0.0000e+00 -0.0000e+00 -0.0000e+00 -0.0000e+00 -0.0000e+00 -2.1573e-07 -6.1061e-07 -1.1231e-06 -1.7318e-06 -2.4249e-06 -3.1945e-06 -4.0351e-06 -4.9417e-06 -5.9103e-06 -6.9365e-06 -8.0156e-06 -9.1420e-06 -1.0309e-05 -1.1509e-05 0.0000e+00 -1.3965e-05 -1.5194e-05 -1.6404e-05 -1.7573e-05 -1.8680e-05 -1.9698e-05 -2.0601e-05 -2.1359e-05 -2.1940e-05 -2.2314e-05 -2.2452e-05 -2.2328e-05 -2.1922e-05 -2.1223e-05 -2.0230e-05 -1.8956e-05 -1.7428e-05 -1.5688e-05 -1.3794e-05 -1.1814e-05 -9.8273e-06 -7.9116e-06 -6.1404e-06 -4.5743e-06 -3.2543e-06 -2.1987e-06 -1.4016e-06 -8.3689e-07 -4.6417e-07 -2.3688e-07 -1.1002e-07 -4.5938e-08 -1.6998e-08 -5.4829e-09 -1.5130e-09 -3.4949e-10 -6.5892e-11 -9.8475e-12 -1.1276e-12 -9.5074e-14 -5.6352e-15 -2.2235e-16 -5.4776e-18 -7.8108e-20 -5.8935e-22 -2.1147e-24 -3.1766e-27 -1.7144e-30 -2.7652e-34 -1.0667e-38 -7.5076e-44 -6.9240e-50 -5.5733e-57 -2.3696e-65 -2.8506e-75 -4.4435e-87 -3.3554e-101 -3.5212e-118 -1.0394e-138 -1.0988e-163 -2.8413e-194 -5.2706e-232 -6.4353e-279 -0.0000e+00 -0.0000e+00 -0.0000e+00 -0.0000e+00 -0.0000e+00 -0.0000e+00 -0.0000e+00 -0.0000e+00 -0.0000e+00 -0.0000e+00 -0.0000e+00 -0.0000e+00 -0.0000e+00 -0.0000e+00 -0.0000e+00 -0.0000e+00 -0.0000e+00 -0.0000e+00 -0.0000e+00 -0.0000e+00 -0.0000e+00 -0.0000e+00
-2.3657e-07 -6.6959e-07 -1.2316e-06 -1.8991e-06 -2.6592e-06 -3.5033e-06 -4.4253e-06 -5.4201e-06 -6.4831e-06 -7.6100e-06 -8.7956e-06 -1.0034e-05 -1.1320e-05 -1.2643e-05 -1.3994e-05 2.0949e-03 -1.6727e-05 -1.8078e-05 -1.9391e-05 -2.0643e-05 -2.1808e-05 -2.2856e-05 -2.3755e-05 -2.4471e-05 -2.4971e-05 -2.5221e-05 -2.5192e-05 -2.4859e-05 -2.4204e-05 -2.3222e-05 -2.1920e-05 -2.0320e-05 -1.8463e-05 -1.6405e-05 -1.4216e-05 -1.1981e-05 -9.7876e-06 -7.7207e-06 -5.8558e-06 -4.2497e-06 -2.9348e-06 -1.9165e-06 -1.1750e-06 -6.7083e-07 -3.5331e-07 -1.6984e-07 -7.3603e-08 -2.8354e-08 -9.5524e-09 -2.7622e-09 -6.7083e-10 -1.3344e-10 -2.1115e-11 -2.5692e-12 -2.3104e-13 -1.4660e-14 -6.2152e-16 -1.6514e-17 -2.5496e-19 -2.0909e-21 -8.1866e-24 -1.3472e-26 -7.9983e-30 -1.4252e-33 -6.1008e-38 -4.7871e-43 -4.9471e-49 -4.4862e-56 -2.1617e-64 -2.9663e-74 -5.3128e-86 -4.6469e-100 -5.7000e-117 -1.9871e-137 -2.5102e-162 -7.8623e-193 -1.7944e-230 -2.7450e-277 -0.0000e+00 -0.0000e+00 -0.0000e+00 -0.0000e+00 -0.0000e+00 -0.0000e+00 -0.0000e+00 -0.0000e+00 -0.0000e+00 -0.0000e+00 -0.0000e+00 -0.0000e+00 -0.0000e+00 -0.0000e+00 -0.0000e+00 -0.0000e+00 -0.0000e+00 -0.0000e+00 -0.0000e+00 -0.0000e+00 -0.0000e+00 -0.0000e+00 -2.3657e-07 -6.6959e-07 -1.2316e-06 -1.8991e-06 -2.6591e-06 -3.5032e-06 -4.4249e-06 -5.4192e-06 -6.4815e-06 -7.6070e-06 -8.7905e-06 -1.0026e-05 -1.1307e-05 -1.2623e-05 -1.3965e-05 0.0000e+00 -1.6669e-05 -1.7998e-05 -1.9283e-05 -2.0501e-05 -2.1623e-05 -2.2619e-05 -2.3457e-05 -2.4103e-05 -2.4522e-05 -2.4684e-05 -2.4559e-05 -2.4126e-05 -2.3371e-05 -2.2294e-05 -2.0906e-05 -1.9238e-05 -1.7336e-05 -1.5260e-05 -1.3088e-05 -1.0903e-05 -8.7925e-06 -6.8371e-06 -5.1041e-06 -3.6400e-06 -2.4659e-06 -1.5767e-06 -9.4460e-07 -5.2589e-07 -2.6950e-07 -1.2577e-07 -5.2787e-08 -1.9646e-08 -6.3786e-09 -1.7730e-09 -4.1285e-10 -7.8536e-11 -1.1854e-11 -1.3723e-12 -1.1713e-13 -7.0364e-15 -2.8180e-16 -7.0572e-18 -1.0247e-19 -7.8880e-22 -2.8934e-24 -4.4528e-27 -2.4680e-30 -4.0989e-34 -1.6330e-38 -1.1907e-43 -1.1418e-49 -9.5934e-57 -4.2764e-65 -5.4204e-75 -8.9525e-87 -7.2084e-101 -8.1243e-118 -2.5971e-138 -3.0016e-163 -8.5811e-194 -1.7828e-231 -2.4754e-278 -0.0000e+00 -0.0000e+00 -0.0000e+00 -0.0000e+00 -0.0000e+00 -0.0000e+00 -0.0000e+00 -0.0000e+00 -0.0000e+00 -0.0000e+00 -0.0000e+00 -0.0000e+00 -0.0000e+00 -0.0000e+00 -0.0000e+00 -0.0000e+00 -0.0000e+00 -0.0000e+00 -0.0000e+00 -0.0000e+00 -0.0000e+00 -0.0000e+00
