2.9552e-08 -1.0355e-08 -1.9045e-08 -2.9368e-08 -4.1121e-08 -5.4172e-08 -6.8424e-08 -8.3797e-08 -1.0022e-07 -1.1761e-07 -1.3590e-07 -1.5498e-07 -1.7475e-07 -1.9505e-07 -2.1573e-07 -2.3657e-07 -2.5732e-07 -2.7770e-07 -2.9737e-07 -3.1593e-07 -3.3295e-07 -3.4796e-07 -3.6045e-07 -3.6989e-07 -3.7576e-07 -3.7758e-07 -3.7492e-07 -3.6745e-07 -3.5502e-07 -3.3763e-07 -3.1553e-07 -2.8922e-07 -2.5946e-07 -2.2725e-07 -1.9379e-07 -1.6041e-07 -1.2842e-07 -9.9045e-08 -7.3262e-08 -5.1707e-08 -3.4622e-08 -2.1849e-08 -1.2898e-08 -7.0632e-09 -3.5532e-09 -1.6240e-09 -6.6592e-10 -2.4145e-10 -7.6129e-11 -2.0478e-11 -4.5962e-12 -8.3907e-13 -1.2094e-13 -1.3297e-14 -1.0712e-15 -6.0322e-17 -2.2471e-18 -5.1895e-20 -6.8820e-22 -4.7861e-24 -1.5670e-26 -2.1236e-29 -1.0208e-32 -1.4454e-36 -4.8159e-41 -2.8740e-46 -2.2012e-52 -1.4370e-59 -4.8238e-68 -4.4434e-78 -5.1211e-90 -2.7466e-104 -1.9546e-121 -3.7086e-142 -2.3681e-167 -3.4396e-198 -3.2905e-236 -1.8731e-283 0.0000e+00 0.0000e+00 0.0000e+00 0.0000e+00 0.0000e+00 0.0000e+00 0.0000e+00 0.0000e+00 0.0000e+00 0.0000e+00 0.0000e+00 0.0000e+00 0.0000e+00 0.0000e+00 0.0000e+00 0.0000e+00 0.0000e+00 0.0000e+00 0.0000e+00 0.0000e+00 0.0000e+00 0.0000e+00 0.0000e+00 1.0355e-08 1.9045e-08 2.9368e-08 4.1121e-08 5.4172e-08 6.8424e-08 8.3797e-08 1.0022e-07 1.1761e-07 1.3590e-07 1.5498e-07 1.7475e-07 1.9505e-07 2.1573e-07 2.3657e-07 2.5732e-07 2.7770e-07 2.9737e-07 3.1593e-07 3.3295e-07 3.4796e-07 3.6045e-07 3.6989e-07 3.7576e-07 3.7758e-07 3.7491e-07 3.6745e-07 3.5502e-07 3.3763e-07 3.1553e-07 2.8922e-07 2.5946e-07 2.2725e-07 1.9379e-07 1.6041e-07 1.2842e-07 9.9044e-08 7.3261e-08 5.1707e-08 3.4622e-08 2.1848e-08 1.2898e-08 7.0631e-09 3.5532e-09 1.6240e-09 6.6591e-10 2.4144e-10 7.6128e-11 2.0477e-11 4.5961e-12 8.3905e-13 1.2094e-13 1.3297e-14 1.0712e-15 6.0320e-17 2.2470e-18 5.1892e-20 6.8816e-22 4.7858e-24 1.5669e-26 2.1234e-29 1.0207e-32 1.4452e-36 4.8153e-41 2.8736e-46 2.2009e-52 1.4367e-59 4.8227e-68 4.4423e-78 5.1196e-90 2.7457e-104 1.9538e-121 3.7069e-142 2.3668e-167 3.4373e-198 3.2880e-236 1.8713e-283 0.0000e+00 0.0000e+00 0.0000e+00 0.0000e+00 0.0000e+00 0.0000e+00 0.0000e+00 0.0000e+00 0.0000e+00 0.0000e+00 0.0000e+00 0.0000e+00 0.0000e+00 0.0000e+00 0.0000e+00 0.0000e+00 0.0000e+00 0.0000e+00 0.0000e+00 0.0000e+00 0.0000e+00 0.0000e+00
-1.0355e-08 4.7331e-07 -5.3906e-08 -8.3124e-08 -1.1639e-07 -1.5333e-07 -1.9367e-07 -2.3718e-07 -2.8366e-07 -3.3290e-07 -3.8466e-07 -4.3867e-07 -4.9461e-07 -5.5209e-07 -6.1061e-07 -6.6959e-07 -7.2834e-07 -7.8603e-07 -8.4169e-07 -8.9423e-07 -9.4241e-07 -9.8489e-07 -1.0202e-06 -1.0470e-06 -1.0636e-06 -1.0687e-06 -1.0612e-06 -1.0401e-06 -1.0049e-06 -9.5566e-07 -8.9311e-07 -8.1865e-07 -7.3441e-07 -6.4325e-07 -5.4855e-07 -4.5405e-07 -3.6350e-07 -2.8036e-07 -2.0738e-07 -1.4637e-07 -9.8003e-08 -6.1847e-08 -3.6512e-08 -1.9994e-08 -1.0059e-08 -4.5974e-09 -1.8852e-09 -6.8354e-10 -2.1553e-10 -5.7976e-11 -1.3013e-11 -2.3757e-12 -3.4245e-13 -3.7653e-14 -3.0334e-15 -1.7083e-16 -6.3642e-18 -1.4699e-19 -1.9495e-21 -1.3559e-23 -4.4400e-26 -6.0177e-29 -2.8931e-32 -4.0974e-36 -1.3655e-40 -8.1513e-46 -6.2451e-52 -4.0784e-59 -1.3696e-67 -1.2623e-77 -1.4557e-89 -7.8129e-104 -5.5648e-121 -1.0570e-141 -6.7576e-167 -9.8305e-198 -9.4226e-236 -5.3763e-283 0.0000e+00 0.0000e+00 0.0000e+00 0.0000e+00 0.0000e+00 0.0000e+00 0.0000e+00 0.0000e+00 0.0000e+00 0.0000e+00 0.0000e+00 0.0000e+00 0.0000e+00 0.0000e+00 0.0000e+00 0.0000e+00 0.0000e+00 0.0000e+00 0.0000e+00 0.0000e+00 0.0000e+00 0.0000e+00 1.0355e-08 0.0000e+00 5.3906e-08 8.3124e-08 1.1639e-07 1.5333e-07 1.9367e-07 2.3718e-07 2.8366e-07 3.3290e-07 3.8466e-07 4.3867e-07 4.9461e-07 5.5209e-07 6.1061e-07 6.6959e-07 7.2834e-07 7.8603e-07 8.4169e-07 8.9422e-07 9.4241e-07 9.8489e-07 1.0202e-06 1.0470e-06 1.0636e-06 1.0687e-06 1.0612e-06 1.0401e-06 1.0049e-06 9.5564e-07 8.9310e-07 8.1863e-07 7.3439e-07 6.4322e-07 5.4853e-07 4.5402e-07 3.6348e-07 2.8034e-07 2.0736e-07 1.4635e-07 9.7995e-08 6.1841e-08 3.6508e-08 1.9992e-08 1.0057e-08 4.5966e-09 1.8848e-09 6.8339e-10 2.1548e-10 5.7960e-11 1.3009e-11 2.3749e-12 3.4232e-13 3.7636e-14 3.0319e-15 1.7073e-16 6.3600e-18 1.4688e-19 1.9478e-21 1.3546e-23 4.4351e-26 6.0101e-29 2.8889e-32 4.0906e-36 1.3629e-40 8.1336e-46 6.2294e-52 4.0666e-59 1.3651e-67 1.2574e-77 1.4491e-89 7.7715e-104 5.5302e-121 1.0492e-141 6.6990e-167 9.7292e-198 9.3065e-236 5.2966e-283 0.0000e+00 0.0000e+00 0.0000e+00 0.0000e+00 0.0000e+00 0.0000e+00 0.0000e+00 0.0000e+00 0.0000e+00 0.0000e+00 0.0000e+00 0.0000e+00 0.0000e+00 0.0000e+00 0.0000e+00 0.0000e+00 0.0000e+00 0.0000e+00 0.0000e+00 0.0000e+00 0.0000e+00 0.0000e+00
-1.9045e-08 -5.3906e-08 2.4000e-06 -1.5289e-07 -2.1407e-07 -2.8202e-07 -3.5621e-07 -4.3624e-07 -5.2173e-07 -6.1228e-07 -7.0748e-07 -8.0683e-07 -9.0972e-07 -1.0154e-06 -1.1231e-06 -1.2316e-06 -1.3396e-06 -1.4457e-06 -1.5481e-06 -1.6447e-06 -1.7334e-06 -1.8115e-06 -1.8765e-06 -1.9257e-06 -1.9563e-06 -1.9657e-06 -1.9519e-06 -1.9131e-06 -1.8483e-06 -1.7578e-06 -1.6428e-06 -1.5059e-06 -1.3509e-06 -1.1833e-06 -1.0091e-06 -8.3526e-07 -6.6871e-07 -5.1577e-07 -3.8152e-07 -2.6929e-07 -1.8032e-07 -1.1380e-07 -6.7186e-08 -3.6794e-08 -1.8511e-08 -8.4616e-09 -3.4700e-09 -1.2583e-09 -3.9680e-10 -1.0675e-10 -2.3965e-11 -4.3759e-12 -6.3088e-13 -6.9382e-14 -5.5909e-15 -3.1495e-16 -1.1737e-17 -2.7118e-19 -3.5980e-21 -2.5037e-23 -8.2031e-26 -1.1125e-28 -5.3525e-32 -7.5869e-36 -2.5310e-40 -1.5125e-45 -1.1604e-51 -7.5899e-59 -2.5536e-67 -2.3586e-77 -2.7270e-89 -1.4681e-103 -1.0495e-120 -2.0023e-141 -1.2871e-166 -1.8846e-197 -1.8209e-235 -1.0492e-282 0.0000e+00 0.0000e+00 0.0000e+00 0.0000e+00 0.0000e+00 0.0000e+00 0.0000e+00 0.0000e+00 0.0000e+00 0.0000e+00 0.0000e+00 0.0000e+00 0.0000e+00 0.0000e+00 0.0000e+00 0.0000e+00 0.0000e+00 0.0000e+00 0.0000e+00 0.0000e+00 0.0000e+00 0.0000e+00 1.9045e-08 5.3906e-08 0.0000e+00 1.5289e-07 2.1407e-07 2.8202e-07 3.5621e-07 4.3624e-07 5.2173e-07 6.1228e-07 7.0748e-07 8.0682e-07 9.0972e-07 1.0154e-06 1.1231e-06 1.2316e-06 1.3396e-06 1.4457e-06 1.5481e-06 1.6447e-06 1.7333e-06 1.8115e-06 1.8765e-06 1.9256e-06 1.9562e-06 1.9656e-06 1.9518e-06 1.9129e-06 1.8482e-06 1.7577e-06 1.6426e-06 1.5057e-06 1.3507e-06 1.1831e-06 1.0089e-06 8.3507e-07 6.6854e-07 5.1562e-07 3.8139e-07 2.6918e-07 1.8024e-07 1.1374e-07 6.7147e-08 3.6770e-08 1.8497e-08 8.4544e-09 3.4667e-09 1.2569e-09 3.9631e-10 1.0660e-10 2.3927e-11 4.3680e-12 6.2961e-13 6.9223e-14 5.5764e-15 3.1402e-16 1.1698e-17 2.7015e-19 3.5825e-21 2.4915e-23 8.1572e-26 1.1054e-28 5.3135e-32 7.5237e-36 2.5068e-40 1.4960e-45 1.1457e-51 7.4795e-59 2.5107e-67 2.3126e-77 2.6652e-89 1.4294e-103 1.0171e-120 1.9298e-141 1.2321e-166 1.7894e-197 1.7116e-235 9.7413e-283 0.0000e+00 0.0000e+00 0.0000e+00 0.0000e+00 0.0000e+00 0.0000e+00 0.0000e+00 0.0000e+00 0.0000e+00 0.0000e+00 0.0000e+00 0.0000e+00 0.0000e+00 0.0000e+00 0.0000e+00 0.0000e+00 0.0000e+00 0.0000e+00 0.0000e+00 0.0000e+00 0.0000e+00 0.0000e+00
-2.9368e-08 -8.3124e-08 -1.5289e-07 7.6023e-06 -3.3010e-07 -4.3487e-07 -5.4928e-07 -6.7269e-07 -8.0451e-07 -9.4415e-07 -1.0909e-06 -1.2441e-06 -1.4028e-06 -1.5658e-06 -1.7318e-06 -1.8991e-06 -2.0657e-06 -2.2294e-06 -2.3873e-06 -2.5363e-06 -2.6730e-06 -2.7935e-06 -2.8938e-06 -2.9696e-06 -3.0169e-06 -3.0315e-06 -3.0102e-06 -2.9504e-06 -2.8507e-06 -2.7112e-06 -2.5339e-06 -2.3227e-06 -2.0838e-06 -1.8253e-06 -1.5567e-06 -1.2886e-06 -1.0318e-06 -7.9585e-07 -5.8875e-07 -4.1560e-07 -2.7832e-07 -1.7567e-07 -1.0373e-07 -5.6818e-08 -2.8591e-08 -1.3072e-08 -5.3619e-09 -1.9449e-09 -6.1351e-10 -1.6511e-10 -3.7081e-11 -6.7738e-12 -9.7710e-13 -1.0752e-13 -8.6699e-15 -4.8876e-16 -1.8230e-17 -4.2161e-19 -5.6002e-21 -3.9020e-23 -1.2803e-25 -1.7393e-28 -8.3843e-32 -1.1911e-35 -3.9839e-40 -2.3881e-45 -1.8385e-51 -1.2075e-58 -4.0823e-67 -3.7920e-77 -4.4138e-89 -2.3951e-103 -1.7284e-120 -3.3347e-141 -2.1723e-166 -3.2324e-197 -3.1841e-235 -1.8781e-282 0.0000e+00 0.0000e+00 0.0000e+00 0.0000e+00 0.0000e+00 0.0000e+00 0.0000e+00 0.0000e+00 0.0000e+00 0.0000e+00 0.0000e+00 0.0000e+00 0.0000e+00 0.0000e+00 0.0000e+00 0.0000e+00 0.0000e+00 0.0000e+00 0.0000e+00 0.0000e+00 0.0000e+00 0.0000e+00 2.9368e-08 8.3124e-08 1.5289e-07 0.0000e+00 3.3010e-07 4.3487e-07 5.4928e-07 6.7269e-07 8.0451e-07 9.4415e-07 1.0909e-06 1.2441e-06 1.4028e-06 1.5658e-06 1.7318e-06 1.8991e-06 2.0657e-06 2.2293e-06 2.3872e-06 2.5362e-06 2.6728e-06 2.7933e-06 2.8935e-06 2.9693e-06 3.0165e-06 3.0310e-06 3.0097e-06 2.9498e-06 2.8499e-06 2.7103e-06 2.5330e-06 2.3218e-06 2.0828e-06 1.8243e-06 1.5557e-06 1.2877e-06 1.0309e-06 7.9509e-07 5.8811e-07 4.1508e-07 2.7793e-07 1.7539e-07 1.0354e-07 5.6700e-08 2.8523e-08 1.3037e-08 5.3457e-09 1.9382e-09 6.1112e-10 1.6438e-10 3.6896e-11 6.7356e-12 9.7086e-13 1.0674e-13 8.5989e-15 4.8422e-16 1.8038e-17 4.1657e-19 5.5243e-21 3.8419e-23 1.2578e-25 1.7046e-28 8.1934e-32 1.1602e-35 3.8655e-40 2.3068e-45 1.7667e-51 1.1533e-58 3.8714e-67 3.5660e-77 4.1096e-89 2.2040e-103 1.5683e-120 2.9753e-141 1.8996e-166 2.7585e-197 2.6383e-235 1.5013e-282 0.0000e+00 0.0000e+00 0.0000e+00 0.0000e+00 0.0000e+00 0.0000e+00 0.0000e+00 0.0000e+00 0.0000e+00 0.0000e+00 0.0000e+00 0.0000e+00 0.0000e+00 0.0000e+00 0.0000e+00 0.0000e+00 0.0000e+00 0.0000e+00 0.0000e+00 0.0000e+00 0.0000e+00 0.0000e+00
-4.1121e-08 -1.1639e-07 -2.1407e-07 -3.3010e-07 1.8614e-05 -6.0892e-07 -7.6911e-07 -9.4191e-07 -1.1265e-06 -1.3220e-06 -1.5276e-06 -1.7421e-06 -1.9643e-06 -2.1925e-06 -2.4249e-06 -2.6592e-06 -2.8926e-06 -3.1217e-06 -3.3429e-06 -3.5516e-06 -3.7431e-06 -3.9119e-06 -4.0525e-06 -4.1588e-06 -4.2251e-06 -4.2458e-06 -4.2161e-06 -4.1325e-06 -3.9930e-06 -3.7979e-06 -3.5497e-06 -3.2542e-06 -2.9198e-06 -2.5578e-06 -2.1817e-06 -1.8062e-06 -1.4464e-06 -1.1159e-06 -8.2568e-07 -5.8298e-07 -3.9051e-07 -2.4655e-07 -1.4563e-07 -7.9797e-08 -4.0170e-08 -1.8374e-08 -7.5409e-09 -2.7368e-09 -8.6389e-10 -2.3267e-10 -5.2297e-11 -9.5625e-12 -1.3808e-12 -1.5213e-13 -1.2284e-14 -6.9360e-16 -2.5917e-17 -6.0060e-19 -7.9964e-21 -5.5863e-23 -1.8385e-25 -2.5063e-28 -1.2130e-31 -1.7312e-35 -5.8212e-40 -3.5109e-45 -2.7221e-51 -1.8026e-58 -6.1526e-67 -5.7788e-77 -6.8139e-89 -3.7538e-103 -2.7571e-120 -5.4304e-141 -3.6241e-166 -5.5475e-197 -5.6487e-235 -3.4634e-282 0.0000e+00 0.0000e+00 0.0000e+00 0.0000e+00 0.0000e+00 0.0000e+00 0.0000e+00 0.0000e+00 0.0000e+00 0.0000e+00 0.0000e+00 0.0000e+00 0.0000e+00 0.0000e+00 0.0000e+00 0.0000e+00 0.0000e+00 0.0000e+00 0.0000e+00 0.0000e+00 0.0000e+00 0.0000e+00 4.1121e-08 1.1639e-07 2.1407e-07 3.3010e-07 0.0000e+00 6.0892e-07 7.6911e-07 9.4191e-07 1.1265e-06 1.3220e-06 1.5276e-06 1.7421e-06 1.9642e-06 2.1925e-06 2.4249e-06 2.6591e-06 2.8924e-06 3.1215e-06 3.3425e-06 3.5512e-06 3.7425e-06 3.9112e-06 4.0516e-06 4.1577e-06 4.2237e-06 4.2441e-06 4.2142e-06 4.1303e-06 3.9905e-06 3.7951e-06 3.5467e-06 3.2510e-06 2.9164e-06 2.5544e-06 2.1783e-06 1.8030e-06 1.4435e-06 1.1133e-06 8.2348e-07 5.8120e-07 3.8916e-07 2.4558e-07 1.4498e-07 7.9392e-08 3.9939e-08 1.8254e-08 7.4851e-09 2.7139e-09 8.5570e-10 2.3017e-10 5.1662e-11 9.4312e-12 1.3594e-12 1.4946e-13 1.2040e-14 6.7801e-16 2.5257e-17 5.8328e-19 7.7351e-21 5.3793e-23 1.7612e-25 2.3867e-28 1.1472e-31 1.6244e-35 5.4122e-40 3.2298e-45 2.4736e-51 1.6147e-58 5.4199e-67 4.9921e-77 5.7527e-89 3.0848e-103 2.1947e-120 4.1630e-141 2.6570e-166 3.8568e-197 3.6863e-235 2.0955e-282 0.0000e+00 0.0000e+00 0.0000e+00 0.0000e+00 0.0000e+00 0.0000e+00 0.0000e+00 0.0000e+00 0.0000e+00 0.0000e+00 0.0000e+00 0.0000e+00 0.0000e+00 0.0000e+00 0.0000e+00 0.0000e+00 0.0000e+00 0.0000e+00 0.0000e+00 0.0000e+00 0.0000e+00 0.0000e+00
-5.4172e-08 -1.5333e-07 -2.8202e-07 -4.3487e-07 -6.0892e-07 3.8736e-05 -1.0132e-06 -1.2409e-06 -1.4840e-06 -1.7416e-06 -2.0124e-06 -2.2950e-06 -2.5877e-06 -2.8885e-06 -3.1947e-06 -3.5034e-06 -3.8109e-06 -4.1129e-06 -4.4043e-06 -4.6795e-06 -4.9319e-06 -5.1546e-06 -5.3400e-06 -5.4804e-06 -5.5680e-06 -5.5956e-06 -5.5570e-06 -5.4473e-06 -5.2640e-06 -5.0073e-06 -4.6808e-06 -4.2917e-06 -3.8514e-06 -3.3745e-06 -2.8789e-06 -2.3841e-06 -1.9097e-06 -1.4738e-06 -1.0909e-06 -7.7053e-07 -5.1638e-07 -3.2619e-07 -1.9278e-07 -1.0570e-07 -5.3250e-08 -2.4377e-08 -1.0014e-08 -3.6382e-09 -1.1498e-09 -3.1008e-10 -6.9802e-11 -1.2785e-11 -1.8498e-12 -2.0424e-13 -1.6533e-14 -9.3612e-16 -3.5089e-17 -8.1611e-19 -1.0910e-20 -7.6576e-23 -2.5336e-25 -3.4749e-28 -1.6935e-31 -2.4360e-35 -8.2650e-40 -5.0363e-45 -3.9512e-51 -2.6520e-58 -9.1924e-67 -8.7878e-77 -1.0573e-88 -5.9612e-103 -4.4955e-120 -9.1249e-141 -6.3021e-166 -1.0030e-196 -1.0673e-234 -6.8789e-282 0.0000e+00 0.0000e+00 0.0000e+00 0.0000e+00 0.0000e+00 0.0000e+00 0.0000e+00 0.0000e+00 0.0000e+00 0.0000e+00 0.0000e+00 0.0000e+00 0.0000e+00 0.0000e+00 0.0000e+00 0.0000e+00 0.0000e+00 0.0000e+00 0.0000e+00 0.0000e+00 0.0000e+00 0.0000e+00 5.4172e-08 1.5333e-07 2.8202e-07 4.3487e-07 6.0892e-07 0.0000e+00 1.0132e-06 1.2409e-06 1.4840e-06 1.7416e-06 2.0124e-06 2.2950e-06 2.5876e-06 2.8883e-06 3.1945e-06 3.5031e-06 3.8104e-06 4.1122e-06 4.4034e-06 4.6783e-06 4.9303e-06 5.1526e-06 5.3375e-06 5.4773e-06 5.5642e-06 5.5912e-06 5.5517e-06 5.4412e-06 5.2571e-06 4.9996e-06 4.6724e-06 4.2828e-06 3.8421e-06 3.3651e-06 2.8697e-06 2.3753e-06 1.9016e-06 1.4666e-06 1.0848e-06 7.6567e-07 5.1267e-07 3.2353e-07 1.9100e-07 1.0459e-07 5.2615e-08 2.4048e-08 9.8608e-09 3.5753e-09 1.1273e-09 3.0322e-10 6.8059e-11 1.2425e-11 1.7909e-12 1.9690e-13 1.5861e-14 8.9319e-16 3.3272e-17 7.6839e-19 1.0190e-20 7.0863e-23 2.3201e-25 3.1439e-28 1.5112e-31 2.1396e-35 7.1286e-40 4.2538e-45 3.2575e-51 2.1262e-58 7.1357e-67 6.5710e-77 7.5699e-89 4.0575e-103 2.8850e-120 5.4675e-141 3.4851e-166 5.0493e-197 4.8124e-235 2.7238e-282 0.0000e+00 0.0000e+00 0.0000e+00 0.0000e+00 0.0000e+00 0.0000e+00 0.0000e+00 0.0000e+00 0.0000e+00 0.0000e+00 0.0000e+00 0.0000e+00 0.0000e+00 0.0000e+00 0.0000e+00 0.0000e+00 0.0000e+00 0.0000e+00 0.0000e+00 0.0000e+00 0.0000e+00 0.0000e+00
-6.8424e-08 -1.9367e-07 -3.5621e-07 -5.4928e-07 -7.6911e-07 -1.0132e-06 7.2067e-05 -1.5673e-06 -1.8745e-06 -2.1998e-06 -2.5419e-06 -2.8989e-06 -3.2687e-06 -3.6486e-06 -4.0355e-06 -4.4255e-06 -4.8141e-06 -5.1957e-06 -5.5640e-06 -5.9119e-06 -6.2311e-06 -6.5128e-06 -6.7476e-06 -6.9255e-06 -7.0370e-06 -7.0727e-06 -7.0247e-06 -6.8871e-06 -6.6564e-06 -6.3330e-06 -5.9213e-06 -5.4306e-06 -4.8747e-06 -4.2726e-06 -3.6464e-06 -3.0209e-06 -2.4209e-06 -1.8693e-06 -1.3844e-06 -9.7854e-07 -6.5627e-07 -4.1491e-07 -2.4545e-07 -1.3472e-07 -6.7953e-08 -3.1150e-08 -1.2816e-08 -4.6641e-09 -1.4769e-09 -3.9916e-10 -9.0075e-11 -1.6544e-11 -2.4011e-12 -2.6605e-13 -2.1621e-14 -1.2297e-15 -4.6326e-17 -1.0836e-18 -1.4579e-20 -1.0307e-22 -3.4382e-25 -4.7593e-28 -2.3437e-31 -3.4112e-35 -1.1728e-39 -7.2544e-45 -5.7881e-51 -3.9593e-58 -1.4019e-66 -1.3726e-76 -1.6962e-88 -9.8528e-103 -7.6815e-120 -1.6179e-140 -1.1642e-165 -1.9389e-196 -2.1700e-234 -1.4790e-281 0.0000e+00 0.0000e+00 0.0000e+00 0.0000e+00 0.0000e+00 0.0000e+00 0.0000e+00 0.0000e+00 0.0000e+00 0.0000e+00 0.0000e+00 0.0000e+00 0.0000e+00 0.0000e+00 0.0000e+00 0.0000e+00 0.0000e+00 0.0000e+00 0.0000e+00 0.0000e+00 0.0000e+00 0.0000e+00 6.8424e-08 1.9367e-07 3.5621e-07 5.4928e-07 7.6911e-07 1.0132e-06 0.0000e+00 1.5673e-06 1.8744e-06 2.1998e-06 2.5418e-06 2.8987e-06 3.2684e-06 3.6482e-06 4.0349e-06 4.4247e-06 4.8129e-06 5.1941e-06 5.5619e-06 5.9090e-06 6.2274e-06 6.5082e-06 6.7417e-06 6.9183e-06 7.0281e-06 7.0621e-06 7.0123e-06 6.8727e-06 6.6401e-06 6.3149e-06 5.9016e-06 5.4095e-06 4.8529e-06 4.2504e-06 3.6247e-06 3.0002e-06 2.4019e-06 1.8525e-06 1.3703e-06 9.6711e-07 6.4755e-07 4.0864e-07 2.4124e-07 1.3211e-07 6.6457e-08 3.0375e-08 1.2455e-08 4.5158e-09 1.4238e-09 3.8299e-10 8.5963e-11 1.5693e-11 2.2619e-12 2.4869e-13 2.0033e-14 1.1281e-15 4.2023e-17 9.7044e-19 1.2869e-20 8.9492e-23 2.9298e-25 3.9700e-28 1.9080e-31 2.7013e-35 8.9984e-40 5.3684e-45 4.1100e-51 2.6816e-58 8.9948e-67 8.2769e-77 9.5254e-89 5.0984e-103 3.6176e-120 6.8353e-141 4.3377e-166 6.2425e-197 5.8885e-235 3.2786e-282 0.0000e+00 0.0000e+00 0.0000e+00 0.0000e+00 0.0000e+00 0.0000e+00 0.0000e+00 0.0000e+00 0.0000e+00 0.0000e+00 0.0000e+00 0.0000e+00 0.0000e+00 0.0000e+00 0.0000e+00 0.0000e+00 0.0000e+00 0.0000e+00 0.0000e+00 0.0000e+00 0.0000e+00 0.0000e+00
-8.3797e-08 -2.3718e-07 -4.3624e-07 -6.7269e-07 -9.4191e-07 -1.2409e-06 -1.5673e-06 1.2354e-04 -2.2956e-06 -2.6941e-06 -3.1131e-06 -3.5503e-06 -4.0033e-06 -4.4687e-06 -4.9426e-06 -5.4205e-06 -5.8966e-06 -6.3644e-06 -6.8159e-06 -7.2425e-06 -7.6342e-06 -7.9802e-06 -8.2687e-06 -8.4878e-06 -8.6257e-06 -8.6709e-06 -8.6138e-06 -8.4470e-06 -8.1662e-06 -7.7717e-06 -7.2690e-06 -6.6690e-06 -5.9891e-06 -5.2518e-06 -4.4847e-06 -3.7177e-06 -2.9814e-06 -2.3039e-06 -1.7079e-06 -1.2084e-06 -8.1137e-07 -5.1363e-07 -3.0430e-07 -1.6729e-07 -8.4535e-08 -3.8832e-08 -1.6013e-08 -5.8429e-09 -1.8555e-09 -5.0313e-10 -1.1395e-10 -2.1016e-11 -3.0641e-12 -3.4127e-13 -2.7895e-14 -1.5968e-15 -6.0595e-17 -1.4289e-18 -1.9401e-20 -1.3856e-22 -4.6747e-25 -6.5532e-28 -3.2729e-31 -4.8390e-35 -1.6929e-39 -1.0676e-44 -8.7014e-51 -6.0940e-58 -2.2145e-66 -2.2309e-76 -2.8445e-88 -1.7098e-102 -1.3839e-119 -3.0368e-140 -2.2855e-165 -3.9989e-196 -4.7255e-234 -3.4209e-281 0.0000e+00 0.0000e+00 0.0000e+00 0.0000e+00 0.0000e+00 0.0000e+00 0.0000e+00 0.0000e+00 0.0000e+00 0.0000e+00 0.0000e+00 0.0000e+00 0.0000e+00 0.0000e+00 0.0000e+00 0.0000e+00 0.0000e+00 0.0000e+00 0.0000e+00 0.0000e+00 0.0000e+00 0.0000e+00 8.3797e-08 2.3718e-07 4.3624e-07 6.7269e-07 9.4191e-07 1.2409e-06 1.5673e-06 0.0000e+00 2.2956e-06 2.6940e-06 3.1129e-06 3.5500e-06 4.0027e-06 4.4678e-06 4.9414e-06 5.4188e-06 5.8942e-06 6.3610e-06 6.8115e-06 7.2366e-06 7.6266e-06 7.9703e-06 8.2564e-06 8.4726e-06 8.6071e-06 8.6487e-06 8.5877e-06 8.4168e-06 8.1320e-06 7.7337e-06 7.2275e-06 6.6249e-06 5.9432e-06 5.2054e-06 4.4390e-06 3.6743e-06 2.9415e-06 2.2687e-06 1.6781e-06 1.1844e-06 7.9303e-07 5.0045e-07 2.9544e-07 1.6178e-07 8.1387e-08 3.7198e-08 1.5253e-08 5.5303e-09 1.7437e-09 4.6902e-10 1.0527e-10 1.9218e-11 2.7699e-12 3.0453e-13 2.4531e-14 1.3813e-15 5.1453e-17 1.1882e-18 1.5755e-20 1.0955e-22 3.5860e-25 4.8581e-28 2.3344e-31 3.3038e-35 1.1001e-39 6.5591e-45 5.0176e-51 3.2703e-58 1.0953e-66 1.0058e-76 1.1540e-88 6.1505e-103 4.3370e-120 8.1190e-141 5.0799e-166 7.1500e-197 6.5034e-235 3.3990e-282 0.0000e+00 0.0000e+00 0.0000e+00 0.0000e+00 0.0000e+00 0.0000e+00 0.0000e+00 0.0000e+00 0.0000e+00 0.0000e+00 0.0000e+00 0.0000e+00 0.0000e+00 0.0000e+00 0.0000e+00 0.0000e+00 0.0000e+00 0.0000e+00 0.0000e+00 0.0000e+00 0.0000e+00 0.0000e+00
-1.0022e-07 -2.8366e-07 -5.2173e-07 -8.0451e-07 -1.1265e-06 -1.4840e-06 -1.8745e-06 -2.2956e-06 1.9899e-04 -3.2222e-06 -3.7233e-06 -4.2463e-06 -4.7881e-06 -5.3449e-06 -5.9121e-06 -6.4840e-06 -7.0539e-06 -7.6139e-06 -8.1549e-06 -8.6661e-06 -9.1358e-06 -9.5511e-06 -9.8980e-06 -1.0162e-05 -1.0329e-05 -1.0386e-05 -1.0321e-05 -1.0124e-05 -9.7915e-06 -9.3225e-06 -8.7237e-06 -8.0082e-06 -7.1963e-06 -6.3150e-06 -5.3969e-06 -4.4780e-06 -3.5949e-06 -2.7813e-06 -2.0645e-06 -1.4628e-06 -9.8384e-07 -6.2397e-07 -3.7044e-07 -2.0413e-07 -1.0342e-07 -4.7647e-08 -1.9713e-08 -7.2192e-09 -2.3020e-09 -6.2706e-10 -1.4275e-10 -2.6477e-11 -3.8849e-12 -4.3575e-13 -3.5898e-14 -2.0729e-15 -7.9424e-17 -1.8931e-18 -2.6009e-20 -1.8819e-22 -6.4414e-25 -9.1740e-28 -4.6621e-31 -7.0252e-35 -2.5095e-39 -1.6187e-44 -1.3523e-50 -9.7276e-58 -3.6390e-66 -3.7831e-76 -4.9907e-88 -3.1129e-102 -2.6228e-119 -6.0130e-140 -4.7480e-165 -8.7591e-196 -1.0978e-233 -8.4880e-281 0.0000e+00 0.0000e+00 0.0000e+00 0.0000e+00 0.0000e+00 0.0000e+00 0.0000e+00 0.0000e+00 0.0000e+00 0.0000e+00 0.0000e+00 0.0000e+00 0.0000e+00 0.0000e+00 0.0000e+00 0.0000e+00 0.0000e+00 0.0000e+00 0.0000e+00 0.0000e+00 0.0000e+00 0.0000e+00 1.0022e-07 2.8366e-07 5.2173e-07 8.0451e-07 1.1265e-06 1.4840e-06 1.8744e-06 2.2956e-06 0.0000e+00 3.2219e-06 3.7229e-06 4.2457e-06 4.7871e-06 5.3433e-06 5.9098e-06 6.4806e-06 7.0492e-06 7.6075e-06 8.1462e-06 8.6547e-06 9.1210e-06 9.5322e-06 9.8743e-06 1.0133e-05 1.0294e-05 1.0344e-05 1.0271e-05 1.0066e-05 9.7255e-06 9.2491e-06 8.6438e-06 7.9231e-06 7.1078e-06 6.2254e-06 5.3089e-06 4.3942e-06 3.5179e-06 2.7132e-06 2.0069e-06 1.4165e-06 9.4842e-07 5.9851e-07 3.5333e-07 1.9348e-07 9.7333e-08 4.4486e-08 1.8241e-08 6.6136e-09 2.0852e-09 5.6088e-10 1.2589e-10 2.2980e-11 3.3121e-12 3.6412e-13 2.9329e-14 1.6514e-15 6.1505e-17 1.4201e-18 1.8826e-20 1.3087e-22 4.2825e-25 5.7992e-28 2.7849e-31 3.9382e-35 1.3099e-39 7.7987e-45 5.9539e-51 3.8696e-58 1.2910e-66 1.1788e-76 1.3417e-88 7.0663e-103 4.8940e-120 8.9075e-141 5.3229e-166 6.9136e-197 5.3751e-235 1.9084e-282 0.0000e+00 0.0000e+00 0.0000e+00 0.0000e+00 0.0000e+00 0.0000e+00 0.0000e+00 0.0000e+00 0.0000e+00 0.0000e+00 0.0000e+00 0.0000e+00 0.0000e+00 0.0000e+00 0.0000e+00 0.0000e+00 0.0000e+00 0.0000e+00 0.0000e+00 0.0000e+00 0.0000e+00 0.0000e+00
-1.1761e-07 -3.3290e-07 -6.1228e-07 -9.4415e-07 -1.3220e-06 -1.7416e-06 -2.1998e-06 -2.6941e-06 -3.2222e-06 3.0517e-04 -4.3698e-06 -4.9838e-06 -5.6198e-06 -6.2736e-06 -6.9397e-06 -7.6115e-06 -8.2812e-06 -8.9395e-06 -9.5757e-06 -1.0177e-05 -1.0731e-05 -1.1221e-05 -1.1631e-05 -1.1944e-05 -1.2145e-05 -1.2216e-05 -1.2144e-05 -1.1918e-05 -1.1532e-05 -1.0987e-05 -1.0288e-05 -9.4516e-06 -8.5009e-06 -7.4673e-06 -6.3890e-06 -5.3080e-06 -4.2673e-06 -3.3068e-06 -2.4591e-06 -1.7460e-06 -1.1770e-06 -7.4837e-07 -4.4556e-07 -2.4632e-07 -1.2524e-07 -5.7928e-08 -2.4072e-08 -8.8593e-09 -2.8404e-09 -7.7843e-10 -1.7840e-10 -3.3336e-11 -4.9317e-12 -5.5819e-13 -4.6445e-14 -2.7115e-15 -1.0515e-16 -2.5393e-18 -3.5391e-20 -2.6011e-22 -9.0554e-25 -1.3137e-27 -6.8101e-31 -1.0485e-34 -3.8331e-39 -2.5350e-44 -2.1753e-50 -1.6106e-57 -6.2150e-66 -6.6808e-76 -9.1381e-88 -5.9278e-102 -5.2129e-119 -1.2525e-139 -1.0417e-164 -2.0357e-195 -2.7214e-233 -2.2634e-280 0.0000e+00 0.0000e+00 0.0000e+00 0.0000e+00 0.0000e+00 0.0000e+00 0.0000e+00 0.0000e+00 0.0000e+00 0.0000e+00 0.0000e+00 0.0000e+00 0.0000e+00 0.0000e+00 0.0000e+00 0.0000e+00 0.0000e+00 0.0000e+00 0.0000e+00 0.0000e+00 0.0000e+00 0.0000e+00 1.1761e-07 3.3290e-07 6.1228e-07 9.4415e-07 1.3220e-06 1.7416e-06 2.1998e-06 2.6940e-06 3.2219e-06 0.0000e+00 4.3691e-06 4.9826e-06 5.6180e-06 6.2708e-06 6.9355e-06 7.6055e-06 8.2728e-06 8.9280e-06 9.5602e-06 1.0157e-05 1.0704e-05 1.1187e-05 1.1588e-05 1.1892e-05 1.2080e-05 1.2139e-05 1.2053e-05 1.1813e-05 1.1414e-05 1.0854e-05 1.0144e-05 9.2982e-06 8.3414e-06 7.3059e-06 6.2303e-06 5.1569e-06 4.1285e-06 3.1842e-06 2.3552e-06 1.6623e-06 1.1130e-06 7.0238e-07 4.1465e-07 2.2706e-07 1.1422e-07 5.2204e-08 2.1405e-08 7.7606e-09 2.4468e-09 6.5811e-10 1.4770e-10 2.6960e-11 3.8854e-12 4.2710e-13 3.4397e-14 1.9363e-15 7.2099e-17 1.6641e-18 2.2051e-20 1.5320e-22 5.0094e-25 6.7766e-28 3.2498e-31 4.5871e-35 1.5219e-39 9.0294e-45 6.8600e-51 4.4282e-58 1.4628e-66 1.3167e-76 1.4666e-88 7.4674e-103 4.8939e-120 8.0799e-141 3.9674e-166 3.0094e-197 -1.4443e-235 -5.0166e-282 0.0000e+00 0.0000e+00 0.0000e+00 0.0000e+00 0.0000e+00 0.0000e+00 0.0000e+00 0.0000e+00 0.0000e+00 0.0000e+00 0.0000e+00 0.0000e+00 0.0000e+00 0.0000e+00 0.0000e+00 0.0000e+00 0.0000e+00 0.0000e+00 0.0000e+00 0.0000e+00 0.0000e+00 0.0000e+00
-1.3590e-07 -3.8466e-07 -7.0748e-07 -1.0909e-06 -1.5276e-06 -2.0124e-06 -2.5419e-06 -3.1131e-06 -3.7233e-06 -4.3698e-06 4.4987e-04 -5.7593e-06 -6.4947e-06 -7.2506e-06 -8.0210e-06 -8.7982e-06 -9.5733e-06 -1.0336e-05 -1.1073e-05 -1.1771e-05 -1.2414e-05 -1.2984e-05 -1.3463e-05 -1.3831e-05 -1.4068e-05 -1.4157e-05 -1.4082e-05 -1.3828e-05 -1.3391e-05 -1.2768e-05 -1.1967e-05 -1.1006e-05 -9.9104e-06 -8.7172e-06 -7.4697e-06 -6.2166e-06 -5.0074e-06 -3.8888e-06 -2.8988e-06 -2.0638e-06 -1.3954e-06 -8.9028e-07 -5.3205e-07 -2.9537e-07 -1.5087e-07 -7.0145e-08 -2.9316e-08 -1.0857e-08 -3.5051e-09 -9.6796e-10 -2.2371e-10 -4.2188e-11 -6.3042e-12 -7.2140e-13 -6.0747e-14 -3.5927e-15 -1.4129e-16 -3.4645e-18 -4.9084e-20 -3.6716e-22 -1.3026e-24 -1.9284e-27 -1.0216e-30 -1.6099e-34 -6.0332e-39 -4.0971e-44 -3.6170e-50 -2.7608e-57 -1.1009e-65 -1.2260e-75 -1.7427e-87 -1.1789e-101 -1.0857e-118 -2.7449e-139 -2.4158e-164 -5.0301e-195 -7.2227e-233 -6.5140e-280 0.0000e+00 0.0000e+00 0.0000e+00 0.0000e+00 0.0000e+00 0.0000e+00 0.0000e+00 0.0000e+00 0.0000e+00 0.0000e+00 0.0000e+00 0.0000e+00 0.0000e+00 0.0000e+00 0.0000e+00 0.0000e+00 0.0000e+00 0.0000e+00 0.0000e+00 0.0000e+00 0.0000e+00 0.0000e+00 1.3590e-07 3.8466e-07 7.0748e-07 1.0909e-06 1.5276e-06 2.0124e-06 2.5418e-06 3.1129e-06 3.7229e-06 4.3691e-06 0.0000e+00 5.7573e-06 6.4915e-06 7.2458e-06 8.0138e-06 8.7880e-06 9.5590e-06 1.0316e-05 1.1047e-05 1.1736e-05 1.2368e-05 1.2926e-05 1.3390e-05 1.3741e-05 1.3959e-05 1.4026e-05 1.3927e-05 1.3650e-05 1.3188e-05 1.2542e-05 1.1721e-05 1.0744e-05 9.6383e-06 8.4418e-06 7.1989e-06 5.9587e-06 4.7704e-06 3.6792e-06 2.7214e-06 1.9207e-06 1.2860e-06 8.1154e-07 4.7908e-07 2.6234e-07 1.3197e-07 6.0312e-08 2.4729e-08 8.9651e-09 2.8264e-09 7.6013e-10 1.7058e-10 3.1132e-11 4.4857e-12 4.9297e-13 3.9689e-14 2.2333e-15 8.3113e-17 1.9170e-18 2.5379e-20 1.7610e-22 5.7486e-25 7.7594e-28 3.7099e-31 5.2151e-35 1.7204e-39 1.0126e-44 7.6063e-51 4.8290e-58 1.5561e-66 1.3474e-76 1.4084e-88 6.4013e-103 3.3113e-120 2.6137e-141 -2.0765e-166 -1.2005e-196 -2.6259e-234 -3.0082e-281 0.0000e+00 0.0000e+00 0.0000e+00 0.0000e+00 0.0000e+00 0.0000e+00 0.0000e+00 0.0000e+00 0.0000e+00 0.0000e+00 0.0000e+00 0.0000e+00 0.0000e+00 0.0000e+00 0.0000e+00 0.0000e+00 0.0000e+00 0.0000e+00 0.0000e+00 0.0000e+00 0.0000e+00 0.0000e+00
-1.5498e-07 -4.3867e-07 -8.0683e-07 -1.2441e-06 -1.7421e-06 -2.2950e-06 -2.8989e-06 -3.5503e-06 -4.2463e-06 -4.9838e-06 -5.7593e-06 6.4196e-04 -7.4082e-06 -8.2711e-06 -9.1507e-06 -1.0039e-05 -1.0925e-05 -1.1797e-05 -1.2641e-05 -1.3441e-05 -1.4179e-05 -1.4835e-05 -1.5389e-05 -1.5817e-05 -1.6097e-05 -1.6209e-05 -1.6134e-05 -1.5857e-05 -1.5370e-05 -1.4671e-05 -1.3767e-05 -1.2679e-05 -1.1435e-05 -1.0076e-05 -8.6516e-06 -7.2162e-06 -5.8273e-06 -4.5381e-06 -3.3935e-06 -2.4244e-06 -1.6456e-06 -1.0544e-06 -6.3315e-07 -3.5334e-07 -1.8154e-07 -8.4945e-08 -3.5751e-08 -1.3343e-08 -4.3440e-09 -1.2107e-09 -2.8262e-10 -5.3878e-11 -8.1462e-12 -9.4408e-13 -8.0590e-14 -4.8367e-15 -1.9322e-16 -4.8180e-18 -6.9494e-20 -5.2986e-22 -1.9184e-24 -2.9020e-27 -1.5732e-30 -2.5403e-34 -9.7716e-39 -6.8234e-44 -6.2067e-50 -4.8924e-57 -2.0199e-65 -2.3362e-75 -3.4608e-87 -2.4500e-101 -2.3721e-118 -6.3412e-139 -5.9392e-164 -1.3262e-194 -2.0607e-232 -2.0328e-279 0.0000e+00 0.0000e+00 0.0000e+00 0.0000e+00 0.0000e+00 0.0000e+00 0.0000e+00 0.0000e+00 0.0000e+00 0.0000e+00 0.0000e+00 0.0000e+00 0.0000e+00 0.0000e+00 0.0000e+00 0.0000e+00 0.0000e+00 0.0000e+00 0.0000e+00 0.0000e+00 0.0000e+00 0.0000e+00 1.5498e-07 4.3867e-07 8.0682e-07 1.2441e-06 1.7421e-06 2.2950e-06 2.8987e-06 3.5500e-06 4.2457e-06 4.9826e-06 5.7573e-06 0.0000e+00 7.4030e-06 8.2632e-06 9.1392e-06 1.0022e-05 1.0901e-05 1.1765e-05 1.2598e-05 1.3384e-05 1.4105e-05 1.4741e-05 1.5270e-05 1.5670e-05 1.5919e-05 1.5996e-05 1.5883e-05 1.5567e-05 1.5040e-05 1.4303e-05 1.3367e-05 1.2253e-05 1.0992e-05 9.6271e-06 8.2097e-06 6.7953e-06 5.4401e-06 4.1956e-06 3.1034e-06 2.1903e-06 1.4665e-06 9.2541e-07 5.4629e-07 2.9913e-07 1.5046e-07 6.8762e-08 2.8191e-08 1.0219e-08 3.2213e-09 8.6621e-10 1.9434e-10 3.5458e-11 5.1073e-12 5.6100e-13 4.5139e-14 2.5379e-15 9.4346e-17 2.1729e-18 2.8713e-20 1.9874e-22 6.4656e-25 8.6868e-28 4.1269e-31 5.7499e-35 1.8730e-39 1.0823e-44 7.9095e-51 4.8115e-58 1.4451e-66 1.1020e-76 8.7626e-89 1.4825e-103 -2.5212e-120 -1.5697e-140 -2.1619e-165 -6.0578e-196 -1.0867e-233 -1.1737e-280 0.0000e+00 0.0000e+00 0.0000e+00 0.0000e+00 0.0000e+00 0.0000e+00 0.0000e+00 0.0000e+00 0.0000e+00 0.0000e+00 0.0000e+00 0.0000e+00 0.0000e+00 0.0000e+00 0.0000e+00 0.0000e+00 0.0000e+00 0.0000e+00 0.0000e+00 0.0000e+00 0.0000e+00 0.0000e+00
-1.7475e-07 -4.9461e-07 -9.0972e-07 -1.4028e-06 -1.9643e-06 -2.5877e-06 -3.2687e-06 -4.0033e-06 -4.7881e-06 -5.6198e-06 -6.4947e-06 -7.4082e-06 8.9150e-04 -9.3293e-06 -1.0323e-05 -1.1326e-05 -1.2328e-05 -1.3315e-05 -1.4272e-05 -1.5180e-05 -1.6020e-05 -1.6769e-05 -1.7403e-05 -1.7898e-05 -1.8229e-05 -1.8370e-05 -1.8302e-05 -1.8008e-05 -1.7475e-05 -1.6703e-05 -1.5700e-05 -1.4484e-05 -1.3090e-05 -1.1560e-05 -9.9507e-06 -8.3233e-06 -6.7425e-06 -5.2695e-06 -3.9558e-06 -2.8385e-06 -1.9359e-06 -1.2470e-06 -7.5318e-07 -4.2303e-07 -2.1888e-07 -1.0320e-07 -4.3799e-08 -1.6495e-08 -5.4234e-09 -1.5277e-09 -3.6071e-10 -6.9616e-11 -1.0665e-11 -1.2535e-12 -1.0862e-13 -6.6238e-15 -2.6914e-16 -6.8326e-18 -1.0044e-19 -7.8143e-22 -2.8904e-24 -4.4725e-27 -2.4836e-30 -4.1146e-34 -1.6267e-38 -1.1698e-43 -1.0984e-49 -8.9597e-57 -3.8396e-65 -4.6257e-75 -7.1660e-87 -5.3297e-101 -5.4509e-118 -1.5488e-138 -1.5531e-163 -3.7449e-194 -6.3466e-232 -6.9097e-279 0.0000e+00 0.0000e+00 0.0000e+00 0.0000e+00 0.0000e+00 0.0000e+00 0.0000e+00 0.0000e+00 0.0000e+00 0.0000e+00 0.0000e+00 0.0000e+00 0.0000e+00 0.0000e+00 0.0000e+00 0.0000e+00 0.0000e+00 0.0000e+00 0.0000e+00 0.0000e+00 0.0000e+00 0.0000e+00 1.7475e-07 4.9461e-07 9.0972e-07 1.4028e-06 1.9642e-06 2.5876e-06 3.2684e-06 4.0027e-06 4.7871e-06 5.6180e-06 6.4915e-06 7.4030e-06 0.0000e+00 9.3170e-06 1.0305e-05 1.1300e-05 1.2292e-05 1.3265e-05 1.4204e-05 1.5091e-05 1.5904e-05 1.6621e-05 1.7217e-05 1.7668e-05 1.7949e-05 1.8036e-05 1.7908e-05 1.7552e-05 1.6958e-05 1.6127e-05 1.5072e-05 1.3815e-05 1.2393e-05 1.0855e-05 9.2564e-06 7.6615e-06 6.1335e-06 4.7304e-06 3.4988e-06 2.4693e-06 1.6533e-06 1.0432e-06 6.1581e-07 3.3717e-07 1.6958e-07 7.7492e-08 3.1765e-08 1.1513e-08 3.6282e-09 9.7530e-10 2.1872e-10 3.9886e-11 5.7410e-12 6.3005e-13 5.0634e-14 2.8424e-15 1.0545e-16 2.4219e-18 3.1885e-20 2.1959e-22 7.0947e-25 9.4411e-28 4.4248e-31 6.0450e-35 1.9123e-39 1.0559e-44 7.1586e-51 3.7985e-58 8.4413e-67 1.8348e-77 -8.3645e-89 -1.3313e-102 -1.9642e-119 -6.9610e-140 -8.0519e-165 -2.1301e-195 -3.8222e-233 -4.2874e-280 0.0000e+00 0.0000e+00 0.0000e+00 0.0000e+00 0.0000e+00 0.0000e+00 0.0000e+00 0.0000e+00 0.0000e+00 0.0000e+00 0.0000e+00 0.0000e+00 0.0000e+00 0.0000e+00 0.0000e+00 0.0000e+00 0.0000e+00 0.0000e+00 0.0000e+00 0.0000e+00 0.0000e+00 0.0000e+00
-1.9505e-07 -5.5209e-07 -1.0154e-06 -1.5658e-06 -2.1925e-06 -2.8885e-06 -3.6486e-06 -4.4687e-06 -5.3449e-06 -6.2736e-06 -7.2506e-06 -8.2711e-06 -9.3293e-06 1.2098e-03 -1.1530e-05 -1.2653e-05 -1.3775e-05 -1.4882e-05 -1.5957e-05 -1.6979e-05 -1.7927e-05 -1.8776e-05 -1.9500e-05 -2.0070e-05 -2.0458e-05 -2.0639e-05 -2.0587e-05 -2.0283e-05 -1.9713e-05 -1.8875e-05 -1.7776e-05 -1.6437e-05 -1.4891e-05 -1.3188e-05 -1.1388e-05 -9.5588e-06 -7.7735e-06 -6.1014e-06 -4.6022e-06 -3.3197e-06 -2.2773e-06 -1.4762e-06 -8.9781e-07 -5.0809e-07 -2.6505e-07 -1.2609e-07 -5.4027e-08 -2.0559e-08 -6.8347e-09 -1.9482e-09 -4.6585e-10 -9.1127e-11 -1.4162e-11 -1.6899e-12 -1.4880e-13 -9.2287e-15 -3.8174e-16 -9.8758e-18 -1.4810e-19 -1.1767e-21 -4.4508e-24 -7.0524e-27 -4.0164e-30 -6.8364e-34 -2.7823e-38 -2.0644e-43 -2.0050e-49 -1.6970e-56 -7.5707e-65 -9.5321e-75 -1.5503e-86 -1.2167e-100 -1.3210e-117 -4.0119e-138 -4.3350e-163 -1.1368e-193 -2.1185e-231 -2.5692e-278 0.0000e+00 0.0000e+00 0.0000e+00 0.0000e+00 0.0000e+00 0.0000e+00 0.0000e+00 0.0000e+00 0.0000e+00 0.0000e+00 0.0000e+00 0.0000e+00 0.0000e+00 0.0000e+00 0.0000e+00 0.0000e+00 0.0000e+00 0.0000e+00 0.0000e+00 0.0000e+00 0.0000e+00 0.0000e+00 1.9505e-07 5.5209e-07 1.0154e-06 1.5658e-06 2.1925e-06 2.8883e-06 3.6482e-06 4.4678e-06 5.3433e-06 6.2708e-06 7.2458e-06 8.2632e-06 9.3170e-06 0.0000e+00 1.1502e-05 1.2613e-05 1.3720e-05 1.4806e-05 1.5855e-05 1.6844e-05 1.7752e-05 1.8552e-05 1.9218e-05 1.9721e-05 2.0034e-05 2.0131e-05 1.9989e-05 1.9591e-05 1.8928e-05 1.8001e-05 1.6823e-05 1.5420e-05 1.3833e-05 1.2115e-05 1.0331e-05 8.5513e-06 6.8457e-06 5.2795e-06 3.9048e-06 2.7557e-06 1.8449e-06 1.1641e-06 6.8708e-07 3.7615e-07 1.8916e-07 8.6418e-08 3.5415e-08 1.2831e-08 4.0419e-09 1.0859e-09 2.4334e-10 4.4333e-11 6.3731e-12 6.9825e-13 5.5992e-14 3.1340e-15 1.1581e-16 2.6461e-18 3.4586e-20 2.3582e-22 7.5125e-25 9.7960e-28 4.4546e-31 5.8074e-35 1.7007e-39 8.1563e-45 4.0376e-51 5.1120e-59 -9.0037e-67 -2.3482e-76 -5.4718e-88 -5.3511e-102 -6.7120e-119 -2.2437e-139 -2.5782e-164 -7.0041e-195 -1.3240e-232 -1.6004e-279 0.0000e+00 0.0000e+00 0.0000e+00 0.0000e+00 0.0000e+00 0.0000e+00 0.0000e+00 0.0000e+00 0.0000e+00 0.0000e+00 0.0000e+00 0.0000e+00 0.0000e+00 0.0000e+00 0.0000e+00 0.0000e+00 0.0000e+00 0.0000e+00 0.0000e+00 0.0000e+00 0.0000e+00 0.0000e+00
-2.1573e-07 -6.1061e-07 -1.1231e-06 -1.7318e-06 -2.4249e-06 -3.1947e-06 -4.0355e-06 -4.9426e-06 -5.9121e-06 -6.9397e-06 -8.0210e-06 -9.1507e-06 -1.0323e-05 -1.1530e-05 1.6096e-03 -1.4008e-05 -1.5255e-05 -1.6487e-05 -1.7686e-05 -1.8829e-05 -1.9892e-05 -2.0849e-05 -2.1670e-05 -2.2325e-05 -2.2783e-05 -2.3013e-05 -2.2989e-05 -2.2687e-05 -2.2092e-05 -2.1199e-05 -2.0013e-05 -1.8556e-05 -1.6862e-05 -1.4985e-05 -1.2989e-05 -1.0949e-05 -8.9456e-06 -7.0576e-06 -5.3537e-06 -3.8858e-06 -2.6837e-06 -1.7526e-06 -1.0744e-06 -6.1331e-07 -3.2293e-07 -1.5517e-07 -6.7202e-08 -2.5865e-08 -8.7040e-09 -2.5131e-09 -6.0919e-10 -1.2089e-10 -1.9075e-11 -2.3128e-12 -2.0711e-13 -1.3075e-14 -5.5101e-16 -1.4538e-17 -2.2260e-19 -1.8081e-21 -7.0005e-24 -1.1373e-26 -6.6521e-30 -1.1652e-33 -4.8911e-38 -3.7527e-43 -3.7798e-49 -3.3286e-56 -1.5510e-64 -2.0486e-74 -3.5122e-86 -2.9225e-100 -3.3859e-117 -1.1056e-137 -1.2957e-162 -3.7232e-193 -7.6935e-231 -1.0492e-277 0.0000e+00 0.0000e+00 0.0000e+00 0.0000e+00 0.0000e+00 0.0000e+00 0.0000e+00 0.0000e+00 0.0000e+00 0.0000e+00 0.0000e+00 0.0000e+00 0.0000e+00 0.0000e+00 0.0000e+00 0.0000e+00 0.0000e+00 0.0000e+00 0.0000e+00 0.0000e+00 0.0000e+00 0.0000e+00 2.1573e-07 6.1061e-07 1.1231e-06 1.7318e-06 2.4249e-06 3.1945e-06 4.0349e-06 4.9414e-06 5.9098e-06 6.9355e-06 8.0138e-06 9.1392e-06 1.0305e-05 1.1502e-05 0.0000e+00 1.3950e-05 1.5174e-05 1.6376e-05 1.7536e-05 1.8630e-05 1.9634e-05 2.0519e-05 2.1255e-05 2.1812e-05 2.2158e-05 2.2265e-05 2.2108e-05 2.1668e-05 2.0934e-05 1.9909e-05 1.8605e-05 1.7054e-05 1.5299e-05 1.3399e-05 1.1426e-05 9.4567e-06 7.5702e-06 5.8380e-06 4.3177e-06 3.0469e-06 2.0396e-06 1.2868e-06 7.5937e-07 4.1564e-07 2.0896e-07 9.5431e-08 3.9091e-08 1.4155e-08 4.4554e-09 1.1958e-09 2.6763e-10 4.8673e-11 6.9813e-12 7.6262e-13 6.0910e-14 3.3911e-15 1.2440e-16 2.8136e-18 3.6257e-20 2.4222e-22 7.4871e-25 9.3182e-28 3.9249e-31 4.4511e-35 9.5608e-40 1.1373e-45 -4.3043e-51 -7.9118e-58 -5.3041e-66 -8.7625e-76 -1.7426e-87 -1.6030e-101 -1.9846e-118 -6.7498e-139 -8.0722e-164 -2.3271e-194 -4.7549e-232 -6.3303e-279 0.0000e+00 0.0000e+00 0.0000e+00 0.0000e+00 0.0000e+00 0.0000e+00 0.0000e+00 0.0000e+00 0.0000e+00 0.0000e+00 0.0000e+00 0.0000e+00 0.0000e+00 0.0000e+00 0.0000e+00 0.0000e+00 0.0000e+00 0.0000e+00 0.0000e+00 0.0000e+00 0.0000e+00 0.0000e+00
-2.3657e-07 -6.6959e-07 -1.2316e-06 -1.8991e-06 -2.6592e-06 -3.5034e-06 -4.4255e-06 -5.4205e-06 -6.4840e-06 -7.6115e-06 -8.7982e-06 -1.0039e-05 -1.1326e-05 -1.2653e-05 -1.4008e-05 2.1052e-03 -1.6757e-05 -1.8118e-05 -1.9445e-05 -2.0715e-05 -2.1901e-05 -2.2974e-05 -2.3904e-05 -2.4656e-05 -2.5196e-05 -2.5491e-05 -2.5509e-05 -2.5226e-05 -2.4622e-05 -2.3688e-05 -2.2428e-05 -2.0864e-05 -1.9030e-05 -1.6980e-05 -1.4785e-05 -1.2525e-05 -1.0290e-05 -8.1673e-06 -6.2363e-06 -4.5589e-06 -3.1730e-06 -2.0895e-06 -1.2926e-06 -7.4497e-07 -3.9631e-07 -1.9252e-07 -8.4357e-08 -3.2870e-08 -1.1206e-08 -3.2801e-09 -8.0665e-10 -1.6252e-10 -2.6053e-11 -3.2121e-12 -2.9271e-13 -1.8823e-14 -8.0884e-16 -2.1783e-17 -3.4088e-19 -2.8335e-21 -1.1245e-23 -1.8757e-26 -1.1287e-29 -2.0386e-33 -8.8454e-38 -7.0351e-43 -7.3694e-49 -6.7740e-56 -3.3085e-64 -4.6018e-74 -8.3537e-86 -7.4052e-100 -9.2049e-117 -3.2514e-137 -4.1610e-162 -1.3201e-192 -3.0507e-230 -4.7244e-277 0.0000e+00 0.0000e+00 0.0000e+00 0.0000e+00 0.0000e+00 0.0000e+00 0.0000e+00 0.0000e+00 0.0000e+00 0.0000e+00 0.0000e+00 0.0000e+00 0.0000e+00 0.0000e+00 0.0000e+00 0.0000e+00 0.0000e+00 0.0000e+00 0.0000e+00 0.0000e+00 0.0000e+00 0.0000e+00 2.3657e-07 6.6959e-07 1.2316e-06 1.8991e-06 2.6591e-06 3.5031e-06 4.4247e-06 5.4188e-06 6.4806e-06 7.6055e-06 8.7880e-06 1.0022e-05 1.1300e-05 1.2613e-05 1.3950e-05 0.0000e+00 1.6640e-05 1.7958e-05 1.9229e-05 2.0430e-05 2.1530e-05 2.2501e-05 2.3308e-05 2.3919e-05 2.4298e-05 2.4416e-05 2.4243e-05 2.3761e-05 2.2956e-05 2.1831e-05 2.0402e-05 1.8700e-05 1.6775e-05 1.4692e-05 1.2528e-05 1.0368e-05 8.2996e-06 6.4000e-06 4.7329e-06 3.3394e-06 2.2351e-06 1.4098e-06 8.3175e-07 4.5509e-07 2.2869e-07 1.0438e-07 4.2725e-08 1.5455e-08 4.8584e-09 1.3017e-09 2.9069e-10 5.2711e-11 7.5306e-12 8.1825e-13 6.4884e-14 3.5766e-15 1.2939e-16 2.8688e-18 3.5900e-20 2.2928e-22 6.5852e-25 7.1800e-28 2.2660e-31 8.0088e-36 -9.0291e-40 -1.5759e-44 -2.4122e-50 -2.7980e-57 -1.5957e-65 -2.4678e-75 -4.8138e-87 -4.4694e-101 -5.7022e-118 -2.0332e-138 -2.5898e-163 -8.0774e-194 -1.8151e-231 -2.7056e-278 0.0000e+00 0.0000e+00 0.0000e+00 0.0000e+00 0.0000e+00 0.0000e+00 0.0000e+00 0.0000e+00 0.0000e+00 0.0000e+00 0.0000e+00 0.0000e+00 0.0000e+00 0.0000e+00 0.0000e+00 0.0000e+00 0.0000e+00 0.0000e+00 0.0000e+00 0.0000e+00 0.0000e+00 0.0000e+00
-2.5732e-07 -7.2834e-07 -1.3396e-06 -2.0657e-06 -2.8926e-06 -3.8109e-06 -4.8141e-06 -5.8966e-06 -7.0539e-06 -8.2812e-06 -9.5733e-06 -1.0925e-05 -1.2328e-05 -1.3775e-05 -1.5255e-05 -1.6757e-05 2.7125e-03 -1.9758e-05 -2.1219e-05 -2.2622e-05 -2.3939e-05 -2.5139e-05 -2.6189e-05 -2.7051e-05 -2.7690e-05 -2.8067e-05 -2.8149e-05 -2.7904e-05 -2.7312e-05 -2.6358e-05 -2.5044e-05 -2.3388e-05 -2.1424e-05 -1.9209e-05 -1.6814e-05 -1.4327e-05 -1.1845e-05 -9.4662e-06 -7.2823e-06 -5.3665e-06 -3.7676e-06 -2.5042e-06 -1.5645e-06 -9.1121e-07 -4.9018e-07 -2.4094e-07 -1.0689e-07 -4.2197e-08 -1.4584e-08 -4.3306e-09 -1.0811e-09 -2.2128e-10 -3.6063e-11 -4.5239e-12 -4.1985e-13 -2.7523e-14 -1.2069e-15 -3.3212e-17 -5.3177e-19 -4.5297e-21 -1.8453e-23 -3.1658e-26 -1.9637e-29 -3.6647e-33 -1.6477e-37 -1.3622e-42 -1.4884e-48 -1.4329e-55 -7.3625e-64 -1.0829e-73 -2.0908e-85 -1.9845e-99 -2.6615e-116 -1.0233e-136 -1.4400e-161 -5.0836e-192 -1.3256e-229 -2.3545e-276 0.0000e+00 0.0000e+00 0.0000e+00 0.0000e+00 0.0000e+00 0.0000e+00 0.0000e+00 0.0000e+00 0.0000e+00 0.0000e+00 0.0000e+00 0.0000e+00 0.0000e+00 0.0000e+00 0.0000e+00 0.0000e+00 0.0000e+00 0.0000e+00 0.0000e+00 0.0000e+00 0.0000e+00 0.0000e+00 2.5732e-07 7.2834e-07 1.3396e-06 2.0657e-06 2.8924e-06 3.8104e-06 4.8129e-06 5.8942e-06 7.0492e-06 8.2728e-06 9.5590e-06 1.0901e-05 1.2292e-05 1.3720e-05 1.5174e-05 1.6640e-05 0.0000e+00 1.9533e-05 2.0917e-05 2.2222e-05 2.3419e-05 2.4475e-05 2.5353e-05 2.6017e-05 2.6430e-05 2.6558e-05 2.6370e-05 2.5845e-05 2.4969e-05 2.3746e-05 2.2190e-05 2.0339e-05 1.8245e-05 1.5978e-05 1.3624e-05 1.1275e-05 9.0244e-06 6.9581e-06 5.1448e-06 3.6293e-06 2.4285e-06 1.5313e-06 9.0302e-07 4.9381e-07 2.4796e-07 1.1307e-07 4.6222e-08 1.6693e-08 5.2360e-09 1.3989e-09 3.1119e-10 5.6140e-11 7.9649e-12 8.5723e-13 6.7077e-14 3.6281e-15 1.2767e-16 2.7136e-18 3.1719e-20 1.7952e-22 3.9945e-25 1.7929e-28 -1.6436e-31 -7.5214e-35 -5.0887e-39 -5.3871e-44 -6.9398e-50 -7.4842e-57 -4.1589e-65 -6.4451e-75 -1.2847e-86 -1.2382e-100 -1.6630e-117 -6.3259e-138 -8.7144e-163 -2.9825e-193 -7.4734e-231 -1.2649e-277 0.0000e+00 0.0000e+00 0.0000e+00 0.0000e+00 0.0000e+00 0.0000e+00 0.0000e+00 0.0000e+00 0.0000e+00 0.0000e+00 0.0000e+00 0.0000e+00 0.0000e+00 0.0000e+00 0.0000e+00 0.0000e+00 0.0000e+00 0.0000e+00 0.0000e+00 0.0000e+00 0.0000e+00 0.0000e+00
