4.7193e-12 -7.0158e-12 -1.9364e-11 -3.9841e-11 -6.9802e-11 -1.1050e-10 -1.6314e-10 -2.2891e-10 -3.0898e-10 -4.0459e-10 -5.1697e-10 -6.4744e-10 -7.9737e-10 -9.6821e-10 -1.1615e-09 -1.3789e-09 -1.6221e-09 -1.8931e-09 -2.1939e-09 -2.5266e-09 -2.8937e-09 -3.2976e-09 -3.7411e-09 -4.2272e-09 -4.7591e-09 -5.3400e-09 -5.9738e-09 -6.6643e-09 -7.4157e-09 -8.2323e-09 -9.1188e-09 -1.0080e-08 -1.1121e-08 -1.2247e-08 -1.3462e-08 -1.4772e-08 -1.6180e-08 -1.7691e-08 -1.9306e-08 -2.1027e-08 -2.2851e-08 -2.4774e-08 -2.6787e-08 -2.8875e-08 -3.1014e-08 -3.3174e-08 -3.5309e-08 -3.7364e-08 -3.9262e-08 -4.0912e-08 -4.2201e-08 -4.2999e-08 -4.3161e-08 -4.2542e-08 -4.1007e-08 -3.8462e-08 -3.4882e-08 -3.0351e-08 -2.5088e-08 -1.9458e-08 -1.3940e-08 -9.0448e-09 -5.1817e-09 -2.5376e-09 -1.0188e-09 -3.1771e-10 -7.1703e-11 -1.0676e-11 -9.2798e-13 -4.0002e-14 -6.8712e-16 -3.4971e-18 -3.5175e-21 -3.9980e-25 -2.3539e-30 -2.3875e-37 -8.6481e-47 -1.1444e-59 -1.9365e-77 -2.7972e-102 -1.6943e-137 -3.1835e-188 -1.3792e-262 0.0000e+00 0.0000e+00 0.0000e+00 0.0000e+00 0.0000e+00 0.0000e+00 0.0000e+00 0.0000e+00 0.0000e+00 0.0000e+00 0.0000e+00 0.0000e+00 0.0000e+00 0.0000e+00 0.0000e+00 0.0000e+00 0.0000e+00 0.0000e+00 7.0158e-12 1.9364e-11 3.9841e-11 6.9802e-11 1.1050e-10 1.6314e-10 2.2891e-10 3.0898e-10 4.0459e-10 5.1697e-10 6.4744e-10 7.9737e-10 9.6821e-10 1.1615e-09 1.3789e-09 1.6221e-09 1.8931e-09 2.1939e-09 2.5266e-09 2.8937e-09 3.2976e-09 3.7411e-09 4.2272e-09 4.7591e-09 5.3400e-09 5.9738e-09 6.6643e-09 7.4157e-09 8.2323e-09 9.1188e-09 1.0080e-08 1.1121e-08 1.2247e-08 1.3462e-08 1.4772e-08 1.6180e-08 1.7691e-08 1.9306e-08 2.1027e-08 2.2851e-08 2.4774e-08 2.6787e-08 2.8875e-08 3.1014e-08 3.3174e-08 3.5309e-08 3.7364e-08 3.9262e-08 4.0912e-08 4.2201e-08 4.2999e-08 4.3161e-08 4.2542e-08 4.1007e-08 3.8462e-08 3.4882e-08 3.0351e-08 2.5088e-08 1.9458e-08 1.3940e-08 9.0448e-09 5.1817e-09 2.5376e-09 1.0188e-09 3.1771e-10 7.1703e-11 1.0676e-11 9.2798e-13 4.0002e-14 6.8712e-16 3.4971e-18 3.5175e-21 3.9980e-25 2.3539e-30 2.3875e-37 8.6481e-47 1.1444e-59 1.9365e-77 2.7972e-102 1.6943e-137 3.1835e-188 1.3792e-262 0.0000e+00 0.0000e+00 0.0000e+00 0.0000e+00 0.0000e+00 0.0000e+00 0.0000e+00 0.0000e+00 0.0000e+00 0.0000e+00 0.0000e+00 0.0000e+00 0.0000e+00 0.0000e+00 0.0000e+00 0.0000e+00 0.0000e+00
-7.0158e-12 -4.1421e-08 -1.0965e-10 -2.2559e-10 -3.9524e-10 -6.2570e-10 -9.2376e-10 -1.2961e-09 -1.7496e-09 -2.2909e-09 -2.9273e-09 -3.6660e-09 -4.5150e-09 -5.4823e-09 -6.5768e-09 -7.8077e-09 -9.1850e-09 -1.0719e-08 -1.2422e-08 -1.4307e-08 -1.6385e-08 -1.8672e-08 -2.1184e-08 -2.3936e-08 -2.6947e-08 -3.0237e-08 -3.3826e-08 -3.7735e-08 -4.1990e-08 -4.6614e-08 -5.1634e-08 -5.7077e-08 -6.2971e-08 -6.9345e-08 -7.6226e-08 -8.3642e-08 -9.1617e-08 -1.0017e-07 -1.0932e-07 -1.1906e-07 -1.2939e-07 -1.4028e-07 -1.5168e-07 -1.6350e-07 -1.7561e-07 -1.8784e-07 -1.9993e-07 -2.1157e-07 -2.2232e-07 -2.3166e-07 -2.3896e-07 -2.4347e-07 -2.4439e-07 -2.4089e-07 -2.3220e-07 -2.1779e-07 -1.9752e-07 -1.7186e-07 -1.4205e-07 -1.1018e-07 -7.8935e-08 -5.1215e-08 -2.9341e-08 -1.4369e-08 -5.7690e-09 -1.7990e-09 -4.0601e-10 -6.0454e-11 -5.2545e-12 -2.2651e-13 -3.8907e-15 -1.9802e-17 -1.9917e-20 -2.2638e-24 -1.3329e-29 -1.3519e-36 -4.8968e-46 -6.4799e-59 -1.0965e-76 -1.5839e-101 -9.5936e-137 -1.8026e-187 -7.8094e-262 0.0000e+00 0.0000e+00 0.0000e+00 0.0000e+00 0.0000e+00 0.0000e+00 0.0000e+00 0.0000e+00 0.0000e+00 0.0000e+00 0.0000e+00 0.0000e+00 0.0000e+00 0.0000e+00 0.0000e+00 0.0000e+00 0.0000e+00 7.0158e-12 0.0000e+00 1.0965e-10 2.2559e-10 3.9524e-10 6.2570e-10 9.2376e-10 1.2961e-09 1.7496e-09 2.2909e-09 2.9273e-09 3.6660e-09 4.5150e-09 5.4823e-09 6.5768e-09 7.8077e-09 9.1850e-09 1.0719e-08 1.2422e-08 1.4307e-08 1.6385e-08 1.8672e-08 2.1184e-08 2.3936e-08 2.6947e-08 3.0237e-08 3.3826e-08 3.7735e-08 4.1990e-08 4.6614e-08 5.1634e-08 5.7077e-08 6.2971e-08 6.9345e-08 7.6226e-08 8.3642e-08 9.1617e-08 1.0017e-07 1.0932e-07 1.1906e-07 1.2939e-07 1.4028e-07 1.5168e-07 1.6350e-07 1.7561e-07 1.8784e-07 1.9993e-07 2.1157e-07 2.2232e-07 2.3166e-07 2.3896e-07 2.4347e-07 2.4439e-07 2.4089e-07 2.3220e-07 2.1779e-07 1.9752e-07 1.7186e-07 1.4205e-07 1.1018e-07 7.8935e-08 5.1215e-08 2.9341e-08 1.4369e-08 5.7690e-09 1.7990e-09 4.0601e-10 6.0454e-11 5.2545e-12 2.2651e-13 3.8907e-15 1.9802e-17 1.9917e-20 2.2638e-24 1.3329e-29 1.3519e-36 4.8968e-46 6.4799e-59 1.0965e-76 1.5839e-101 9.5936e-137 1.8026e-187 7.8094e-262 0.0000e+00 0.0000e+00 0.0000e+00 0.0000e+00 0.0000e+00 0.0000e+00 0.0000e+00 0.0000e+00 0.0000e+00 0.0000e+00 0.0000e+00 0.0000e+00 0.0000e+00 0.0000e+00 0.0000e+00 0.0000e+00 0.0000e+00
-1.9364e-11 -1.0965e-10 3.4537e-09 -6.2267e-10 -1.0909e-09 -1.7270e-09 -2.5497e-09 -3.5775e-09 -4.8290e-09 -6.3232e-09 -8.0797e-09 -1.0119e-08 -1.2462e-08 -1.5132e-08 -1.8153e-08 -2.1550e-08 -2.5352e-08 -2.9587e-08 -3.4288e-08 -3.9488e-08 -4.5225e-08 -5.1538e-08 -5.8469e-08 -6.6066e-08 -7.4378e-08 -8.3458e-08 -9.3363e-08 -1.0415e-07 -1.1590e-07 -1.2866e-07 -1.4252e-07 -1.5754e-07 -1.7381e-07 -1.9140e-07 -2.1039e-07 -2.3086e-07 -2.5287e-07 -2.7648e-07 -3.0173e-07 -3.2862e-07 -3.5714e-07 -3.8719e-07 -4.1865e-07 -4.5127e-07 -4.8471e-07 -5.1846e-07 -5.5184e-07 -5.8395e-07 -6.1362e-07 -6.3941e-07 -6.5955e-07 -6.7201e-07 -6.7456e-07 -6.6488e-07 -6.4089e-07 -6.0111e-07 -5.4517e-07 -4.7435e-07 -3.9209e-07 -3.0410e-07 -2.1787e-07 -1.4136e-07 -8.0984e-08 -3.9659e-08 -1.5923e-08 -4.9654e-09 -1.1206e-09 -1.6686e-10 -1.4503e-11 -6.2518e-13 -1.0739e-14 -5.4656e-17 -5.4975e-20 -6.2484e-24 -3.6789e-29 -3.7314e-36 -1.3516e-45 -1.7885e-58 -3.0265e-76 -4.3718e-101 -2.6480e-136 -4.9754e-187 -2.1555e-261 0.0000e+00 0.0000e+00 0.0000e+00 0.0000e+00 0.0000e+00 0.0000e+00 0.0000e+00 0.0000e+00 0.0000e+00 0.0000e+00 0.0000e+00 0.0000e+00 0.0000e+00 0.0000e+00 0.0000e+00 0.0000e+00 0.0000e+00 1.9364e-11 1.0965e-10 0.0000e+00 6.2267e-10 1.0909e-09 1.7270e-09 2.5497e-09 3.5775e-09 4.8290e-09 6.3232e-09 8.0797e-09 1.0119e-08 1.2462e-08 1.5132e-08 1.8153e-08 2.1550e-08 2.5352e-08 2.9587e-08 3.4288e-08 3.9488e-08 4.5225e-08 5.1538e-08 5.8469e-08 6.6066e-08 7.4378e-08 8.3458e-08 9.3363e-08 1.0415e-07 1.1590e-07 1.2866e-07 1.4252e-07 1.5754e-07 1.7381e-07 1.9140e-07 2.1039e-07 2.3086e-07 2.5287e-07 2.7648e-07 3.0173e-07 3.2862e-07 3.5714e-07 3.8719e-07 4.1865e-07 4.5127e-07 4.8471e-07 5.1846e-07 5.5184e-07 5.8395e-07 6.1362e-07 6.3941e-07 6.5955e-07 6.7201e-07 6.7456e-07 6.6488e-07 6.4089e-07 6.0111e-07 5.4517e-07 4.7435e-07 3.9209e-07 3.0410e-07 2.1787e-07 1.4136e-07 8.0984e-08 3.9659e-08 1.5923e-08 4.9654e-09 1.1206e-09 1.6686e-10 1.4503e-11 6.2518e-13 1.0739e-14 5.4656e-17 5.4975e-20 6.2484e-24 3.6789e-29 3.7314e-36 1.3516e-45 1.7885e-58 3.0265e-76 4.3718e-101 2.6480e-136 4.9754e-187 2.1555e-261 0.0000e+00 0.0000e+00 0.0000e+00 0.0000e+00 0.0000e+00 0.0000e+00 0.0000e+00 0.0000e+00 0.0000e+00 0.0000e+00 0.0000e+00 0.0000e+00 0.0000e+00 0.0000e+00 0.0000e+00 0.0000e+00 0.0000e+00
-3.9841e-11 -2.2559e-10 -6.2267e-10 1.9471e-08 -2.2445e-09 -3.5532e-09 -5.2459e-09 -7.3605e-09 -9.9355e-09 -1.3010e-08 -1.6623e-08 -2.0819e-08 -2.5640e-08 -3.1133e-08 -3.7348e-08 -4.4338e-08 -5.2160e-08 -6.0874e-08 -7.0545e-08 -8.1244e-08 -9.3047e-08 -1.0604e-07 -1.2030e-07 -1.3593e-07 -1.5303e-07 -1.7171e-07 -1.9209e-07 -2.1429e-07 -2.3845e-07 -2.6471e-07 -2.9322e-07 -3.2413e-07 -3.5760e-07 -3.9380e-07 -4.3287e-07 -4.7499e-07 -5.2028e-07 -5.6885e-07 -6.2079e-07 -6.7612e-07 -7.3479e-07 -7.9663e-07 -8.6135e-07 -9.2847e-07 -9.9727e-07 -1.0667e-06 -1.1354e-06 -1.2014e-06 -1.2625e-06 -1.3155e-06 -1.3570e-06 -1.3826e-06 -1.3879e-06 -1.3679e-06 -1.3186e-06 -1.2368e-06 -1.1217e-06 -9.7595e-07 -8.0670e-07 -6.2567e-07 -4.4826e-07 -2.9084e-07 -1.6662e-07 -8.1597e-08 -3.2761e-08 -1.0216e-08 -2.3056e-09 -3.4330e-10 -2.9839e-11 -1.2863e-12 -2.2095e-14 -1.1245e-16 -1.1311e-19 -1.2856e-23 -7.5692e-29 -7.6773e-36 -2.7808e-45 -3.6798e-58 -6.2268e-76 -8.9947e-101 -5.4481e-136 -1.0237e-186 -4.4349e-261 0.0000e+00 0.0000e+00 0.0000e+00 0.0000e+00 0.0000e+00 0.0000e+00 0.0000e+00 0.0000e+00 0.0000e+00 0.0000e+00 0.0000e+00 0.0000e+00 0.0000e+00 0.0000e+00 0.0000e+00 0.0000e+00 0.0000e+00 3.9841e-11 2.2559e-10 6.2267e-10 0.0000e+00 2.2445e-09 3.5532e-09 5.2459e-09 7.3605e-09 9.9355e-09 1.3010e-08 1.6623e-08 2.0819e-08 2.5640e-08 3.1133e-08 3.7348e-08 4.4338e-08 5.2160e-08 6.0874e-08 7.0545e-08 8.1244e-08 9.3047e-08 1.0604e-07 1.2030e-07 1.3593e-07 1.5303e-07 1.7171e-07 1.9209e-07 2.1429e-07 2.3845e-07 2.6471e-07 2.9322e-07 3.2413e-07 3.5760e-07 3.9380e-07 4.3287e-07 4.7499e-07 5.2028e-07 5.6885e-07 6.2079e-07 6.7612e-07 7.3479e-07 7.9663e-07 8.6135e-07 9.2847e-07 9.9727e-07 1.0667e-06 1.1354e-06 1.2014e-06 1.2625e-06 1.3155e-06 1.3570e-06 1.3826e-06 1.3879e-06 1.3679e-06 1.3186e-06 1.2368e-06 1.1217e-06 9.7595e-07 8.0670e-07 6.2567e-07 4.4826e-07 2.9084e-07 1.6662e-07 8.1597e-08 3.2761e-08 1.0216e-08 2.3056e-09 3.4330e-10 2.9839e-11 1.2863e-12 2.2095e-14 1.1245e-16 1.1311e-19 1.2856e-23 7.5691e-29 7.6772e-36 2.7808e-45 3.6798e-58 6.2268e-76 8.9946e-101 5.4480e-136 1.0237e-186 4.4348e-261 0.0000e+00 0.0000e+00 0.0000e+00 0.0000e+00 0.0000e+00 0.0000e+00 0.0000e+00 0.0000e+00 0.0000e+00 0.0000e+00 0.0000e+00 0.0000e+00 0.0000e+00 0.0000e+00 0.0000e+00 0.0000e+00 0.0000e+00
-6.9802e-11 -3.9524e-10 -1.0909e-09 -2.2445e-09 7.5580e-08 -6.2253e-09 -9.1908e-09 -1.2896e-08 -1.7407e-08 -2.2793e-08 -2.9125e-08 -3.6475e-08 -4.4921e-08 -5.4546e-08 -6.5435e-08 -7.7681e-08 -9.1385e-08 -1.0665e-07 -1.2360e-07 -1.4234e-07 -1.6302e-07 -1.8578e-07 -2.1076e-07 -2.3815e-07 -2.6811e-07 -3.0084e-07 -3.3654e-07 -3.7544e-07 -4.1777e-07 -4.6378e-07 -5.1372e-07 -5.6788e-07 -6.2652e-07 -6.8994e-07 -7.5840e-07 -8.3219e-07 -9.1153e-07 -9.9664e-07 -1.0876e-06 -1.1846e-06 -1.2874e-06 -1.3957e-06 -1.5091e-06 -1.6267e-06 -1.7472e-06 -1.8689e-06 -1.9892e-06 -2.1050e-06 -2.2119e-06 -2.3049e-06 -2.3775e-06 -2.4224e-06 -2.4316e-06 -2.3967e-06 -2.3102e-06 -2.1668e-06 -1.9652e-06 -1.7099e-06 -1.4134e-06 -1.0962e-06 -7.8536e-07 -5.0956e-07 -2.9192e-07 -1.4296e-07 -5.7398e-08 -1.7899e-08 -4.0395e-09 -6.0148e-10 -5.2279e-11 -2.2536e-12 -3.8710e-14 -1.9702e-16 -1.9817e-19 -2.2524e-23 -1.3261e-28 -1.3451e-35 -4.8721e-45 -6.4472e-58 -1.0910e-75 -1.5759e-100 -9.5455e-136 -1.7936e-186 -7.7705e-261 0.0000e+00 0.0000e+00 0.0000e+00 0.0000e+00 0.0000e+00 0.0000e+00 0.0000e+00 0.0000e+00 0.0000e+00 0.0000e+00 0.0000e+00 0.0000e+00 0.0000e+00 0.0000e+00 0.0000e+00 0.0000e+00 0.0000e+00 6.9802e-11 3.9524e-10 1.0909e-09 2.2445e-09 0.0000e+00 6.2253e-09 9.1908e-09 1.2896e-08 1.7407e-08 2.2793e-08 2.9125e-08 3.6475e-08 4.4921e-08 5.4546e-08 6.5435e-08 7.7681e-08 9.1385e-08 1.0665e-07 1.2360e-07 1.4234e-07 1.6302e-07 1.8578e-07 2.1076e-07 2.3815e-07 2.6811e-07 3.0084e-07 3.3654e-07 3.7544e-07 4.1777e-07 4.6378e-07 5.1372e-07 5.6788e-07 6.2652e-07 6.8994e-07 7.5840e-07 8.3219e-07 9.1153e-07 9.9664e-07 1.0876e-06 1.1846e-06 1.2874e-06 1.3957e-06 1.5091e-06 1.6267e-06 1.7472e-06 1.8689e-06 1.9892e-06 2.1050e-06 2.2119e-06 2.3049e-06 2.3775e-06 2.4224e-06 2.4316e-06 2.3967e-06 2.3102e-06 2.1668e-06 1.9652e-06 1.7099e-06 1.4134e-06 1.0962e-06 7.8536e-07 5.0956e-07 2.9192e-07 1.4296e-07 5.7398e-08 1.7899e-08 4.0395e-09 6.0148e-10 5.2279e-11 2.2536e-12 3.8710e-14 1.9702e-16 1.9817e-19 2.2524e-23 1.3261e-28 1.3451e-35 4.8721e-45 6.4471e-58 1.0909e-75 1.5759e-100 9.5451e-136 1.7935e-186 7.7699e-261 0.0000e+00 0.0000e+00 0.0000e+00 0.0000e+00 0.0000e+00 0.0000e+00 0.0000e+00 0.0000e+00 0.0000e+00 0.0000e+00 0.0000e+00 0.0000e+00 0.0000e+00 0.0000e+00 0.0000e+00 0.0000e+00 0.0000e+00
-1.1050e-10 -6.2570e-10 -1.7270e-09 -3.5532e-09 -6.2253e-09 2.2713e-07 -1.4550e-08 -2.0415e-08 -2.7557e-08 -3.6083e-08 -4.6106e-08 -5.7742e-08 -7.1113e-08 -8.6349e-08 -1.0359e-07 -1.2297e-07 -1.4467e-07 -1.6884e-07 -1.9566e-07 -2.2534e-07 -2.5807e-07 -2.9410e-07 -3.3365e-07 -3.7700e-07 -4.2443e-07 -4.7625e-07 -5.3277e-07 -5.9435e-07 -6.6136e-07 -7.3419e-07 -8.1326e-07 -8.9899e-07 -9.9182e-07 -1.0922e-06 -1.2006e-06 -1.3174e-06 -1.4430e-06 -1.5777e-06 -1.7218e-06 -1.8753e-06 -2.0380e-06 -2.2095e-06 -2.3890e-06 -2.5752e-06 -2.7660e-06 -2.9586e-06 -3.1491e-06 -3.3323e-06 -3.5016e-06 -3.6487e-06 -3.7637e-06 -3.8348e-06 -3.8493e-06 -3.7941e-06 -3.6572e-06 -3.4302e-06 -3.1110e-06 -2.7068e-06 -2.2374e-06 -1.7353e-06 -1.2433e-06 -8.0666e-07 -4.6213e-07 -2.2631e-07 -9.0865e-08 -2.8335e-08 -6.3948e-09 -9.5218e-10 -8.2762e-11 -3.5676e-12 -6.1281e-14 -3.1189e-16 -3.1371e-19 -3.5657e-23 -2.0994e-28 -2.1294e-35 -7.7131e-45 -1.0207e-57 -1.7272e-75 -2.4950e-100 -1.5112e-135 -2.8397e-186 -1.2303e-260 0.0000e+00 0.0000e+00 0.0000e+00 0.0000e+00 0.0000e+00 0.0000e+00 0.0000e+00 0.0000e+00 0.0000e+00 0.0000e+00 0.0000e+00 0.0000e+00 0.0000e+00 0.0000e+00 0.0000e+00 0.0000e+00 0.0000e+00 1.1050e-10 6.2570e-10 1.7270e-09 3.5532e-09 6.2253e-09 0.0000e+00 1.4550e-08 2.0415e-08 2.7557e-08 3.6083e-08 4.6106e-08 5.7742e-08 7.1113e-08 8.6349e-08 1.0359e-07 1.2297e-07 1.4467e-07 1.6884e-07 1.9566e-07 2.2534e-07 2.5807e-07 2.9410e-07 3.3365e-07 3.7700e-07 4.2443e-07 4.7625e-07 5.3277e-07 5.9435e-07 6.6136e-07 7.3419e-07 8.1326e-07 8.9899e-07 9.9182e-07 1.0922e-06 1.2006e-06 1.3174e-06 1.4430e-06 1.5777e-06 1.7218e-06 1.8753e-06 2.0380e-06 2.2095e-06 2.3890e-06 2.5752e-06 2.7660e-06 2.9586e-06 3.1491e-06 3.3323e-06 3.5016e-06 3.6487e-06 3.7637e-06 3.8348e-06 3.8493e-06 3.7941e-06 3.6572e-06 3.4302e-06 3.1110e-06 2.7068e-06 2.2374e-06 1.7353e-06 1.2433e-06 8.0666e-07 4.6213e-07 2.2631e-07 9.0865e-08 2.8335e-08 6.3948e-09 9.5217e-10 8.2761e-11 3.5676e-12 6.1281e-14 3.1189e-16 3.1371e-19 3.5656e-23 2.0993e-28 2.1293e-35 7.7128e-45 1.0206e-57 1.7270e-75 2.4947e-100 1.5110e-135 2.8392e-186 1.2300e-260 0.0000e+00 0.0000e+00 0.0000e+00 0.0000e+00 0.0000e+00 0.0000e+00 0.0000e+00 0.0000e+00 0.0000e+00 0.0000e+00 0.0000e+00 0.0000e+00 0.0000e+00 0.0000e+00 0.0000e+00 0.0000e+00 0.0000e+00
-1.6314e-10 -9.2376e-10 -2.5497e-09 -5.2459e-09 -9.1908e-09 -1.4550e-08 5.7621e-07 -3.0140e-08 -4.0684e-08 -5.3272e-08 -6.8070e-08 -8.5249e-08 -1.0499e-07 -1.2748e-07 -1.5293e-07 -1.8156e-07 -2.1358e-07 -2.4926e-07 -2.8887e-07 -3.3268e-07 -3.8101e-07 -4.3419e-07 -4.9259e-07 -5.5660e-07 -6.2662e-07 -7.0312e-07 -7.8657e-07 -8.7748e-07 -9.7642e-07 -1.0839e-06 -1.2007e-06 -1.3272e-06 -1.4643e-06 -1.6125e-06 -1.7725e-06 -1.9450e-06 -2.1304e-06 -2.3293e-06 -2.5420e-06 -2.7686e-06 -3.0088e-06 -3.2620e-06 -3.5271e-06 -3.8019e-06 -4.0836e-06 -4.3679e-06 -4.6492e-06 -4.9197e-06 -5.1697e-06 -5.3869e-06 -5.5566e-06 -5.6616e-06 -5.6830e-06 -5.6015e-06 -5.3994e-06 -5.0643e-06 -4.5930e-06 -3.9963e-06 -3.3033e-06 -2.5620e-06 -1.8355e-06 -1.1909e-06 -6.8228e-07 -3.3413e-07 -1.3415e-07 -4.1833e-08 -9.4412e-09 -1.4058e-09 -1.2219e-10 -5.2672e-12 -9.0475e-14 -4.6048e-16 -4.6317e-19 -5.2644e-23 -3.0996e-28 -3.1439e-35 -1.1388e-44 -1.5070e-57 -2.5502e-75 -3.6840e-100 -2.2316e-135 -4.1937e-186 -1.8172e-260 0.0000e+00 0.0000e+00 0.0000e+00 0.0000e+00 0.0000e+00 0.0000e+00 0.0000e+00 0.0000e+00 0.0000e+00 0.0000e+00 0.0000e+00 0.0000e+00 0.0000e+00 0.0000e+00 0.0000e+00 0.0000e+00 0.0000e+00 1.6314e-10 9.2376e-10 2.5497e-09 5.2459e-09 9.1908e-09 1.4550e-08 0.0000e+00 3.0140e-08 4.0684e-08 5.3272e-08 6.8070e-08 8.5249e-08 1.0499e-07 1.2748e-07 1.5293e-07 1.8156e-07 2.1358e-07 2.4926e-07 2.8887e-07 3.3268e-07 3.8101e-07 4.3419e-07 4.9259e-07 5.5660e-07 6.2662e-07 7.0312e-07 7.8657e-07 8.7748e-07 9.7642e-07 1.0839e-06 1.2007e-06 1.3272e-06 1.4643e-06 1.6125e-06 1.7725e-06 1.9450e-06 2.1304e-06 2.3293e-06 2.5420e-06 2.7686e-06 3.0088e-06 3.2620e-06 3.5271e-06 3.8019e-06 4.0836e-06 4.3679e-06 4.6492e-06 4.9197e-06 5.1697e-06 5.3869e-06 5.5566e-06 5.6616e-06 5.6830e-06 5.6015e-06 5.3994e-06 5.0643e-06 4.5929e-06 3.9963e-06 3.3033e-06 2.5620e-06 1.8355e-06 1.1909e-06 6.8228e-07 3.3412e-07 1.3415e-07 4.1832e-08 9.4411e-09 1.4058e-09 1.2219e-10 5.2671e-12 9.0473e-14 4.6046e-16 4.6315e-19 5.2642e-23 3.0994e-28 3.1437e-35 1.1387e-44 1.5068e-57 2.5497e-75 3.6831e-100 2.2309e-135 4.1917e-186 1.8160e-260 0.0000e+00 0.0000e+00 0.0000e+00 0.0000e+00 0.0000e+00 0.0000e+00 0.0000e+00 0.0000e+00 0.0000e+00 0.0000e+00 0.0000e+00 0.0000e+00 0.0000e+00 0.0000e+00 0.0000e+00 0.0000e+00 0.0000e+00
-2.2891e-10 -1.2961e-09 -3.5775e-09 -7.3605e-09 -1.2896e-08 -2.0415e-08 -3.0140e-08 1.2933e-06 -5.7084e-08 -7.4747e-08 -9.5509e-08 -1.1961e-07 -1.4731e-07 -1.7887e-07 -2.1458e-07 -2.5474e-07 -2.9968e-07 -3.4975e-07 -4.0531e-07 -4.6678e-07 -5.3460e-07 -6.0922e-07 -6.9117e-07 -7.8097e-07 -8.7922e-07 -9.8656e-07 -1.1036e-06 -1.2312e-06 -1.3700e-06 -1.5209e-06 -1.6847e-06 -1.8623e-06 -2.0546e-06 -2.2625e-06 -2.4871e-06 -2.7290e-06 -2.9892e-06 -3.2683e-06 -3.5667e-06 -3.8846e-06 -4.2217e-06 -4.5770e-06 -4.9489e-06 -5.3345e-06 -5.7298e-06 -6.1287e-06 -6.5233e-06 -6.9029e-06 -7.2536e-06 -7.5584e-06 -7.7965e-06 -7.9439e-06 -7.9739e-06 -7.8595e-06 -7.5760e-06 -7.1058e-06 -6.4444e-06 -5.6073e-06 -4.6349e-06 -3.5948e-06 -2.5755e-06 -1.6710e-06 -9.5732e-07 -4.6882e-07 -1.8823e-07 -5.8696e-08 -1.3247e-08 -1.9725e-09 -1.7145e-10 -7.3906e-12 -1.2695e-13 -6.4612e-16 -6.4991e-19 -7.3870e-23 -4.3494e-28 -4.4117e-35 -1.5981e-44 -2.1149e-57 -3.5791e-75 -5.1707e-100 -3.1326e-135 -5.8877e-186 -2.5518e-260 0.0000e+00 0.0000e+00 0.0000e+00 0.0000e+00 0.0000e+00 0.0000e+00 0.0000e+00 0.0000e+00 0.0000e+00 0.0000e+00 0.0000e+00 0.0000e+00 0.0000e+00 0.0000e+00 0.0000e+00 0.0000e+00 0.0000e+00 2.2891e-10 1.2961e-09 3.5775e-09 7.3605e-09 1.2896e-08 2.0415e-08 3.0140e-08 0.0000e+00 5.7084e-08 7.4747e-08 9.5509e-08 1.1961e-07 1.4731e-07 1.7887e-07 2.1458e-07 2.5474e-07 2.9968e-07 3.4975e-07 4.0531e-07 4.6678e-07 5.3460e-07 6.0922e-07 6.9117e-07 7.8097e-07 8.7922e-07 9.8656e-07 1.1036e-06 1.2312e-06 1.3700e-06 1.5209e-06 1.6847e-06 1.8623e-06 2.0546e-06 2.2625e-06 2.4871e-06 2.7290e-06 2.9892e-06 3.2683e-06 3.5667e-06 3.8846e-06 4.2217e-06 4.5770e-06 4.9489e-06 5.3345e-06 5.7298e-06 6.1287e-06 6.5233e-06 6.9029e-06 7.2536e-06 7.5584e-06 7.7965e-06 7.9439e-06 7.9739e-06 7.8595e-06 7.5760e-06 7.1058e-06 6.4444e-06 5.6073e-06 4.6349e-06 3.5947e-06 2.5755e-06 1.6710e-06 9.5731e-07 4.6881e-07 1.8823e-07 5.8695e-08 1.3247e-08 1.9724e-09 1.7144e-10 7.3903e-12 1.2694e-13 6.4608e-16 6.4985e-19 7.3862e-23 4.3488e-28 4.4109e-35 1.5977e-44 2.1142e-57 3.5776e-75 5.1678e-100 3.1302e-135 5.8814e-186 2.5480e-260 0.0000e+00 0.0000e+00 0.0000e+00 0.0000e+00 0.0000e+00 0.0000e+00 0.0000e+00 0.0000e+00 0.0000e+00 0.0000e+00 0.0000e+00 0.0000e+00 0.0000e+00 0.0000e+00 0.0000e+00 0.0000e+00 0.0000e+00
-3.0898e-10 -1.7496e-09 -4.8290e-09 -9.9355e-09 -1.7407e-08 -2.7557e-08 -4.0684e-08 -5.7084e-08 2.6438e-06 -1.0090e-07 -1.2892e-07 -1.6146e-07 -1.9885e-07 -2.4145e-07 -2.8965e-07 -3.4386e-07 -4.0452e-07 -4.7210e-07 -5.4710e-07 -6.3008e-07 -7.2162e-07 -8.2235e-07 -9.3296e-07 -1.0542e-06 -1.1868e-06 -1.3317e-06 -1.4897e-06 -1.6619e-06 -1.8493e-06 -2.0529e-06 -2.2740e-06 -2.5137e-06 -2.7733e-06 -3.0540e-06 -3.3571e-06 -3.6837e-06 -4.0350e-06 -4.4117e-06 -4.8145e-06 -5.2436e-06 -5.6986e-06 -6.1782e-06 -6.6801e-06 -7.2007e-06 -7.7342e-06 -8.2727e-06 -8.8054e-06 -9.3177e-06 -9.7912e-06 -1.0203e-05 -1.0524e-05 -1.0723e-05 -1.0763e-05 -1.0609e-05 -1.0226e-05 -9.5916e-06 -8.6989e-06 -7.5689e-06 -6.2563e-06 -4.8524e-06 -3.4765e-06 -2.2556e-06 -1.2922e-06 -6.3283e-07 -2.5408e-07 -7.9232e-08 -1.7882e-08 -2.6626e-09 -2.3143e-10 -9.9765e-12 -1.7137e-13 -8.7222e-16 -8.7734e-19 -9.9723e-23 -5.8718e-28 -5.9562e-35 -2.1577e-44 -2.8556e-57 -4.8332e-75 -6.9837e-100 -4.2318e-135 -7.9562e-186 -3.4500e-260 0.0000e+00 0.0000e+00 0.0000e+00 0.0000e+00 0.0000e+00 0.0000e+00 0.0000e+00 0.0000e+00 0.0000e+00 0.0000e+00 0.0000e+00 0.0000e+00 0.0000e+00 0.0000e+00 0.0000e+00 0.0000e+00 0.0000e+00 3.0898e-10 1.7496e-09 4.8290e-09 9.9355e-09 1.7407e-08 2.7557e-08 4.0684e-08 5.7084e-08 0.0000e+00 1.0090e-07 1.2892e-07 1.6146e-07 1.9885e-07 2.4145e-07 2.8965e-07 3.4386e-07 4.0452e-07 4.7210e-07 5.4710e-07 6.3008e-07 7.2162e-07 8.2235e-07 9.3296e-07 1.0542e-06 1.1868e-06 1.3317e-06 1.4897e-06 1.6619e-06 1.8493e-06 2.0529e-06 2.2740e-06 2.5137e-06 2.7733e-06 3.0540e-06 3.3571e-06 3.6837e-06 4.0349e-06 4.4117e-06 4.8145e-06 5.2436e-06 5.6986e-06 6.1782e-06 6.6801e-06 7.2007e-06 7.7342e-06 8.2727e-06 8.8054e-06 9.3177e-06 9.7912e-06 1.0203e-05 1.0524e-05 1.0723e-05 1.0763e-05 1.0609e-05 1.0226e-05 9.5916e-06 8.6989e-06 7.5688e-06 6.2563e-06 4.8523e-06 3.4764e-06 2.2556e-06 1.2922e-06 6.3282e-07 2.5408e-07 7.9229e-08 1.7881e-08 2.6625e-09 2.3142e-10 9.9756e-12 1.7135e-13 8.7210e-16 8.7719e-19 9.9702e-23 5.8702e-28 5.9540e-35 2.1566e-44 2.8538e-57 4.8291e-75 6.9757e-100 4.2252e-135 7.9389e-186 3.4394e-260 0.0000e+00 0.0000e+00 0.0000e+00 0.0000e+00 0.0000e+00 0.0000e+00 0.0000e+00 0.0000e+00 0.0000e+00 0.0000e+00 0.0000e+00 0.0000e+00 0.0000e+00 0.0000e+00 0.0000e+00 0.0000e+00 0.0000e+00
-4.0459e-10 -2.2909e-09 -6.3232e-09 -1.3010e-08 -2.2793e-08 -3.6083e-08 -5.3272e-08 -7.4747e-08 -1.0090e-07 5.0212e-06 -1.6881e-07 -2.1142e-07 -2.6037e-07 -3.1616e-07 -3.7927e-07 -4.5026e-07 -5.2969e-07 -6.1817e-07 -7.1639e-07 -8.2504e-07 -9.4490e-07 -1.0768e-06 -1.2216e-06 -1.3804e-06 -1.5540e-06 -1.7437e-06 -1.9507e-06 -2.1762e-06 -2.4215e-06 -2.6882e-06 -2.9777e-06 -3.2915e-06 -3.6315e-06 -3.9990e-06 -4.3959e-06 -4.8235e-06 -5.2834e-06 -5.7767e-06 -6.3042e-06 -6.8661e-06 -7.4618e-06 -8.0898e-06 -8.7471e-06 -9.4287e-06 -1.0127e-05 -1.0832e-05 -1.1530e-05 -1.2201e-05 -1.2821e-05 -1.3359e-05 -1.3780e-05 -1.4041e-05 -1.4094e-05 -1.3892e-05 -1.3391e-05 -1.2559e-05 -1.1391e-05 -9.9109e-06 -8.1922e-06 -6.3538e-06 -4.5522e-06 -2.9536e-06 -1.6921e-06 -8.2866e-07 -3.3271e-07 -1.0375e-07 -2.3416e-08 -3.4866e-09 -3.0306e-10 -1.3064e-11 -2.2442e-13 -1.1422e-15 -1.1490e-18 -1.3061e-22 -7.6906e-28 -7.8017e-35 -2.8265e-44 -3.7414e-57 -6.3336e-75 -9.1541e-100 -5.5491e-135 -1.0438e-185 -4.5299e-260 0.0000e+00 0.0000e+00 0.0000e+00 0.0000e+00 0.0000e+00 0.0000e+00 0.0000e+00 0.0000e+00 0.0000e+00 0.0000e+00 0.0000e+00 0.0000e+00 0.0000e+00 0.0000e+00 0.0000e+00 0.0000e+00 0.0000e+00 4.0459e-10 2.2909e-09 6.3232e-09 1.3010e-08 2.2793e-08 3.6083e-08 5.3272e-08 7.4747e-08 1.0090e-07 0.0000e+00 1.6881e-07 2.1142e-07 2.6037e-07 3.1616e-07 3.7927e-07 4.5026e-07 5.2969e-07 6.1817e-07 7.1639e-07 8.2504e-07 9.4490e-07 1.0768e-06 1.2216e-06 1.3804e-06 1.5540e-06 1.7437e-06 1.9507e-06 2.1762e-06 2.4215e-06 2.6882e-06 2.9777e-06 3.2915e-06 3.6315e-06 3.9990e-06 4.3959e-06 4.8235e-06 5.2834e-06 5.7767e-06 6.3042e-06 6.8661e-06 7.4618e-06 8.0898e-06 8.7471e-06 9.4287e-06 1.0127e-05 1.0832e-05 1.1530e-05 1.2201e-05 1.2821e-05 1.3359e-05 1.3780e-05 1.4041e-05 1.4094e-05 1.3892e-05 1.3390e-05 1.2559e-05 1.1390e-05 9.9108e-06 8.1921e-06 6.3537e-06 4.5521e-06 2.9535e-06 1.6920e-06 8.2862e-07 3.3269e-07 1.0374e-07 2.3414e-08 3.4863e-09 3.0302e-10 1.3062e-11 2.2437e-13 1.1419e-15 1.1486e-18 1.3055e-22 7.6865e-28 7.7963e-35 2.8239e-44 3.7368e-57 6.3234e-75 9.1341e-100 5.5325e-135 1.0395e-185 4.5036e-260 0.0000e+00 0.0000e+00 0.0000e+00 0.0000e+00 0.0000e+00 0.0000e+00 0.0000e+00 0.0000e+00 0.0000e+00 0.0000e+00 0.0000e+00 0.0000e+00 0.0000e+00 0.0000e+00 0.0000e+00 0.0000e+00 0.0000e+00
-5.1697e-10 -2.9273e-09 -8.0797e-09 -1.6623e-08 -2.9125e-08 -4.6106e-08 -6.8070e-08 -9.5509e-08 -1.2892e-07 -1.6881e-07 8.9873e-06 -2.7014e-07 -3.3270e-07 -4.0398e-07 -4.8463e-07 -5.7533e-07 -6.7682e-07 -7.8989e-07 -9.1538e-07 -1.0542e-06 -1.2074e-06 -1.3759e-06 -1.5610e-06 -1.7638e-06 -1.9857e-06 -2.2281e-06 -2.4925e-06 -2.7806e-06 -3.0941e-06 -3.4349e-06 -3.8048e-06 -4.2059e-06 -4.6402e-06 -5.1099e-06 -5.6169e-06 -6.1634e-06 -6.7510e-06 -7.3814e-06 -8.0553e-06 -8.7733e-06 -9.5345e-06 -1.0337e-05 -1.1177e-05 -1.2048e-05 -1.2940e-05 -1.3841e-05 -1.4733e-05 -1.5590e-05 -1.6382e-05 -1.7070e-05 -1.7608e-05 -1.7941e-05 -1.8009e-05 -1.7751e-05 -1.7110e-05 -1.6048e-05 -1.4555e-05 -1.2664e-05 -1.0468e-05 -8.1189e-06 -5.8168e-06 -3.7741e-06 -2.1622e-06 -1.0589e-06 -4.2515e-07 -1.3258e-07 -2.9922e-08 -4.4555e-09 -3.8728e-10 -1.6695e-11 -2.8680e-13 -1.4598e-15 -1.4685e-18 -1.6694e-22 -9.8311e-28 -9.9743e-35 -3.6143e-44 -4.7852e-57 -8.1032e-75 -1.1717e-99 -7.1072e-135 -1.3382e-185 -5.8149e-260 0.0000e+00 0.0000e+00 0.0000e+00 0.0000e+00 0.0000e+00 0.0000e+00 0.0000e+00 0.0000e+00 0.0000e+00 0.0000e+00 0.0000e+00 0.0000e+00 0.0000e+00 0.0000e+00 0.0000e+00 0.0000e+00 0.0000e+00 5.1697e-10 2.9273e-09 8.0797e-09 1.6623e-08 2.9125e-08 4.6106e-08 6.8070e-08 9.5509e-08 1.2892e-07 1.6881e-07 0.0000e+00 2.7014e-07 3.3270e-07 4.0398e-07 4.8463e-07 5.7533e-07 6.7682e-07 7.8989e-07 9.1538e-07 1.0542e-06 1.2074e-06 1.3759e-06 1.5610e-06 1.7638e-06 1.9857e-06 2.2281e-06 2.4925e-06 2.7806e-06 3.0941e-06 3.4349e-06 3.8048e-06 4.2059e-06 4.6402e-06 5.1099e-06 5.6169e-06 6.1634e-06 6.7510e-06 7.3814e-06 8.0553e-06 8.7733e-06 9.5345e-06 1.0337e-05 1.1177e-05 1.2048e-05 1.2940e-05 1.3841e-05 1.4733e-05 1.5590e-05 1.6382e-05 1.7070e-05 1.7608e-05 1.7941e-05 1.8009e-05 1.7750e-05 1.7110e-05 1.6048e-05 1.4554e-05 1.2664e-05 1.0468e-05 8.1186e-06 5.8166e-06 3.7739e-06 2.1620e-06 1.0588e-06 4.2511e-07 1.3256e-07 2.9918e-08 4.4547e-09 3.8719e-10 1.6691e-11 2.8670e-13 1.4591e-15 1.4677e-18 1.6681e-22 9.8216e-28 9.9619e-35 3.6084e-44 4.7749e-57 8.0798e-75 1.1671e-99 7.0693e-135 1.3283e-185 5.7545e-260 0.0000e+00 0.0000e+00 0.0000e+00 0.0000e+00 0.0000e+00 0.0000e+00 0.0000e+00 0.0000e+00 0.0000e+00 0.0000e+00 0.0000e+00 0.0000e+00 0.0000e+00 0.0000e+00 0.0000e+00 0.0000e+00 0.0000e+00
-6.4744e-10 -3.6660e-09 -1.0119e-08 -2.0819e-08 -3.6475e-08 -5.7742e-08 -8.5249e-08 -1.1961e-07 -1.6146e-07 -2.1142e-07 -2.7014e-07 1.5320e-05 -4.1666e-07 -5.0593e-07 -6.0693e-07 -7.2053e-07 -8.4763e-07 -9.8923e-07 -1.1464e-06 -1.3203e-06 -1.5121e-06 -1.7231e-06 -1.9549e-06 -2.2089e-06 -2.4868e-06 -2.7904e-06 -3.1216e-06 -3.4824e-06 -3.8750e-06 -4.3017e-06 -4.7650e-06 -5.2673e-06 -5.8112e-06 -6.3994e-06 -7.0345e-06 -7.7189e-06 -8.4548e-06 -9.2442e-06 -1.0088e-05 -1.0987e-05 -1.1941e-05 -1.2946e-05 -1.3998e-05 -1.5088e-05 -1.6206e-05 -1.7335e-05 -1.8451e-05 -1.9524e-05 -2.0517e-05 -2.1379e-05 -2.2052e-05 -2.2469e-05 -2.2554e-05 -2.2230e-05 -2.1429e-05 -2.0099e-05 -1.8228e-05 -1.5860e-05 -1.3110e-05 -1.0168e-05 -7.2850e-06 -4.7268e-06 -2.7080e-06 -1.3262e-06 -5.3248e-07 -1.6605e-07 -3.7478e-08 -5.5807e-09 -4.8510e-10 -2.0913e-11 -3.5927e-13 -1.8288e-15 -1.8399e-18 -2.0918e-22 -1.2321e-27 -1.2503e-34 -4.5316e-44 -6.0020e-57 -1.0169e-74 -1.4714e-99 -8.9343e-135 -1.6846e-185 -7.3358e-260 0.0000e+00 0.0000e+00 0.0000e+00 0.0000e+00 0.0000e+00 0.0000e+00 0.0000e+00 0.0000e+00 0.0000e+00 0.0000e+00 0.0000e+00 0.0000e+00 0.0000e+00 0.0000e+00 0.0000e+00 0.0000e+00 0.0000e+00 6.4744e-10 3.6660e-09 1.0119e-08 2.0819e-08 3.6475e-08 5.7742e-08 8.5249e-08 1.1961e-07 1.6146e-07 2.1142e-07 2.7014e-07 0.0000e+00 4.1666e-07 5.0593e-07 6.0693e-07 7.2053e-07 8.4763e-07 9.8923e-07 1.1464e-06 1.3203e-06 1.5121e-06 1.7231e-06 1.9549e-06 2.2089e-06 2.4868e-06 2.7904e-06 3.1216e-06 3.4824e-06 3.8750e-06 4.3017e-06 4.7650e-06 5.2673e-06 5.8112e-06 6.3994e-06 7.0345e-06 7.7189e-06 8.4548e-06 9.2442e-06 1.0088e-05 1.0987e-05 1.1941e-05 1.2946e-05 1.3998e-05 1.5088e-05 1.6206e-05 1.7335e-05 1.8451e-05 1.9524e-05 2.0516e-05 2.1378e-05 2.2052e-05 2.2469e-05 2.2554e-05 2.2230e-05 2.1428e-05 2.0098e-05 1.8228e-05 1.5860e-05 1.3109e-05 1.0168e-05 7.2845e-06 4.7263e-06 2.7077e-06 1.3260e-06 5.3239e-07 1.6602e-07 3.7468e-08 5.5789e-09 4.8491e-10 2.0903e-11 3.5905e-13 1.8274e-15 1.8381e-18 2.0891e-22 1.2300e-27 1.2476e-34 4.5190e-44 5.9799e-57 1.0119e-74 1.4617e-99 8.8534e-135 1.6635e-185 7.2068e-260 0.0000e+00 0.0000e+00 0.0000e+00 0.0000e+00 0.0000e+00 0.0000e+00 0.0000e+00 0.0000e+00 0.0000e+00 0.0000e+00 0.0000e+00 0.0000e+00 0.0000e+00 0.0000e+00 0.0000e+00 0.0000e+00 0.0000e+00
-7.9737e-10 -4.5150e-09 -1.2462e-08 -2.5640e-08 -4.4921e-08 -7.1113e-08 -1.0499e-07 -1.4731e-07 -1.9885e-07 -2.6037e-07 -3.3270e-07 -4.1666e-07 2.5072e-05 -6.2309e-07 -7.4748e-07 -8.8738e-07 -1.0439e-06 -1.2183e-06 -1.4119e-06 -1.6260e-06 -1.8622e-06 -2.1222e-06 -2.4076e-06 -2.7204e-06 -3.0627e-06 -3.4366e-06 -3.8444e-06 -4.2888e-06 -4.7723e-06 -5.2979e-06 -5.8684e-06 -6.4870e-06 -7.1569e-06 -7.8814e-06 -8.6635e-06 -9.5063e-06 -1.0413e-05 -1.1385e-05 -1.2424e-05 -1.3532e-05 -1.4706e-05 -1.5944e-05 -1.7239e-05 -1.8582e-05 -1.9959e-05 -2.1349e-05 -2.2724e-05 -2.4046e-05 -2.5268e-05 -2.6329e-05 -2.7159e-05 -2.7672e-05 -2.7777e-05 -2.7379e-05 -2.6391e-05 -2.4753e-05 -2.2450e-05 -1.9534e-05 -1.6146e-05 -1.2523e-05 -8.9725e-06 -5.8217e-06 -3.3353e-06 -1.6334e-06 -6.5585e-07 -2.0453e-07 -4.6164e-08 -6.8744e-09 -5.9758e-10 -2.5764e-11 -4.4264e-13 -2.2534e-15 -2.2674e-18 -2.5783e-22 -1.5189e-27 -1.5419e-34 -5.5909e-44 -7.4092e-57 -1.2563e-74 -1.8198e-99 -1.1067e-134 -2.0913e-185 -9.1361e-260 0.0000e+00 0.0000e+00 0.0000e+00 0.0000e+00 0.0000e+00 0.0000e+00 0.0000e+00 0.0000e+00 0.0000e+00 0.0000e+00 0.0000e+00 0.0000e+00 0.0000e+00 0.0000e+00 0.0000e+00 0.0000e+00 0.0000e+00 7.9737e-10 4.5150e-09 1.2462e-08 2.5640e-08 4.4921e-08 7.1113e-08 1.0499e-07 1.4731e-07 1.9885e-07 2.6037e-07 3.3270e-07 4.1666e-07 0.0000e+00 6.2309e-07 7.4748e-07 8.8738e-07 1.0439e-06 1.2183e-06 1.4119e-06 1.6260e-06 1.8622e-06 2.1222e-06 2.4076e-06 2.7204e-06 3.0627e-06 3.4366e-06 3.8444e-06 4.2888e-06 4.7723e-06 5.2979e-06 5.8684e-06 6.4870e-06 7.1569e-06 7.8814e-06 8.6635e-06 9.5063e-06 1.0413e-05 1.1385e-05 1.2424e-05 1.3532e-05 1.4706e-05 1.5944e-05 1.7239e-05 1.8582e-05 1.9959e-05 2.1349e-05 2.2723e-05 2.4045e-05 2.5267e-05 2.6329e-05 2.7158e-05 2.7672e-05 2.7776e-05 2.7378e-05 2.6390e-05 2.4752e-05 2.2449e-05 1.9532e-05 1.6145e-05 1.2522e-05 8.9714e-06 5.8208e-06 3.3347e-06 1.6331e-06 6.5568e-07 2.0446e-07 4.6145e-08 6.8708e-09 5.9720e-10 2.5743e-11 4.4220e-13 2.2506e-15 2.2637e-18 2.5729e-22 1.5149e-27 1.5365e-34 5.5655e-44 7.3647e-57 1.2462e-74 1.8002e-99 1.0904e-134 2.0487e-185 8.8757e-260 0.0000e+00 0.0000e+00 0.0000e+00 0.0000e+00 0.0000e+00 0.0000e+00 0.0000e+00 0.0000e+00 0.0000e+00 0.0000e+00 0.0000e+00 0.0000e+00 0.0000e+00 0.0000e+00 0.0000e+00 0.0000e+00 0.0000e+00
-9.6821e-10 -5.4823e-09 -1.5132e-08 -3.1133e-08 -5.4546e-08 -8.6349e-08 -1.2748e-07 -1.7887e-07 -2.4145e-07 -3.1616e-07 -4.0398e-07 -5.0593e-07 -6.2309e-07 3.9635e-05 -9.0763e-07 -1.0775e-06 -1.2676e-06 -1.4793e-06 -1.7144e-06 -1.9744e-06 -2.2612e-06 -2.5769e-06 -2.9234e-06 -3.3033e-06 -3.7189e-06 -4.1729e-06 -4.6681e-06 -5.2077e-06 -5.7948e-06 -6.4330e-06 -7.1257e-06 -7.8769e-06 -8.6903e-06 -9.5699e-06 -1.0520e-05 -1.1543e-05 -1.2644e-05 -1.3824e-05 -1.5086e-05 -1.6431e-05 -1.7857e-05 -1.9360e-05 -2.0933e-05 -2.2564e-05 -2.4236e-05 -2.5923e-05 -2.7592e-05 -2.9198e-05 -3.0681e-05 -3.1971e-05 -3.2978e-05 -3.3602e-05 -3.3729e-05 -3.3245e-05 -3.2046e-05 -3.0058e-05 -2.7261e-05 -2.3720e-05 -1.9607e-05 -1.5207e-05 -1.0896e-05 -7.0696e-06 -4.0503e-06 -1.9836e-06 -7.9650e-07 -2.4840e-07 -5.6068e-08 -8.3497e-09 -7.2588e-10 -3.1299e-11 -5.3780e-13 -2.7383e-15 -2.7558e-18 -3.1345e-22 -1.8472e-27 -1.8760e-34 -6.8068e-44 -9.0281e-57 -1.5326e-74 -2.2237e-99 -1.3553e-134 -2.5696e-185 -1.1278e-259 0.0000e+00 0.0000e+00 0.0000e+00 0.0000e+00 0.0000e+00 0.0000e+00 0.0000e+00 0.0000e+00 0.0000e+00 0.0000e+00 0.0000e+00 0.0000e+00 0.0000e+00 0.0000e+00 0.0000e+00 0.0000e+00 0.0000e+00 9.6821e-10 5.4823e-09 1.5132e-08 3.1133e-08 5.4546e-08 8.6349e-08 1.2748e-07 1.7887e-07 2.4145e-07 3.1616e-07 4.0398e-07 5.0593e-07 6.2309e-07 0.0000e+00 9.0763e-07 1.0775e-06 1.2676e-06 1.4793e-06 1.7144e-06 1.9744e-06 2.2612e-06 2.5769e-06 2.9234e-06 3.3033e-06 3.7189e-06 4.1729e-06 4.6681e-06 5.2077e-06 5.7948e-06 6.4330e-06 7.1257e-06 7.8769e-06 8.6903e-06 9.5699e-06 1.0520e-05 1.1543e-05 1.2644e-05 1.3824e-05 1.5086e-05 1.6431e-05 1.7857e-05 1.9360e-05 2.0932e-05 2.2564e-05 2.4235e-05 2.5923e-05 2.7592e-05 2.9197e-05 3.0681e-05 3.1970e-05 3.2977e-05 3.3600e-05 3.3727e-05 3.3243e-05 3.2044e-05 3.0055e-05 2.7258e-05 2.3717e-05 1.9604e-05 1.5205e-05 1.0893e-05 7.0679e-06 4.0492e-06 1.9830e-06 7.9615e-07 2.4827e-07 5.6031e-08 8.3429e-09 7.2515e-10 3.1259e-11 5.3694e-13 2.7328e-15 2.7487e-18 3.1242e-22 1.8394e-27 1.8657e-34 6.7579e-44 8.9425e-57 1.5132e-74 2.1858e-99 1.3240e-134 2.4876e-185 1.0777e-259 0.0000e+00 0.0000e+00 0.0000e+00 0.0000e+00 0.0000e+00 0.0000e+00 0.0000e+00 0.0000e+00 0.0000e+00 0.0000e+00 0.0000e+00 0.0000e+00 0.0000e+00 0.0000e+00 0.0000e+00 0.0000e+00 0.0000e+00
-1.1615e-09 -6.5768e-09 -1.8153e-08 -3.7348e-08 -6.5435e-08 -1.0359e-07 -1.5293e-07 -2.1458e-07 -2.8965e-07 -3.7927e-07 -4.8463e-07 -6.0693e-07 -7.4748e-07 -9.0763e-07 6.0828e-05 -1.2926e-06 -1.5206e-06 -1.7747e-06 -2.0566e-06 -2.3685e-06 -2.7126e-06 -3.0913e-06 -3.5071e-06 -3.9627e-06 -4.4613e-06 -5.0059e-06 -5.6000e-06 -6.2473e-06 -6.9517e-06 -7.7172e-06 -8.5483e-06 -9.4494e-06 -1.0425e-05 -1.1480e-05 -1.2620e-05 -1.3847e-05 -1.5168e-05 -1.6584e-05 -1.8098e-05 -1.9711e-05 -2.1422e-05 -2.3225e-05 -2.5111e-05 -2.7068e-05 -2.9074e-05 -3.1098e-05 -3.3101e-05 -3.5027e-05 -3.6807e-05 -3.8354e-05 -3.9562e-05 -4.0310e-05 -4.0463e-05 -3.9883e-05 -3.8445e-05 -3.6060e-05 -3.2704e-05 -2.8457e-05 -2.3523e-05 -1.8245e-05 -1.3072e-05 -8.4819e-06 -4.8596e-06 -2.3801e-06 -9.5572e-07 -2.9807e-07 -6.7284e-08 -1.0021e-08 -8.7127e-10 -3.7572e-11 -6.4571e-13 -3.2885e-15 -3.3105e-18 -3.7668e-22 -2.2210e-27 -2.2571e-34 -8.1970e-44 -1.0885e-56 -1.8510e-74 -2.6919e-99 -1.6461e-134 -3.1355e-185 -1.3855e-259 0.0000e+00 0.0000e+00 0.0000e+00 0.0000e+00 0.0000e+00 0.0000e+00 0.0000e+00 0.0000e+00 0.0000e+00 0.0000e+00 0.0000e+00 0.0000e+00 0.0000e+00 0.0000e+00 0.0000e+00 0.0000e+00 0.0000e+00 1.1615e-09 6.5768e-09 1.8153e-08 3.7348e-08 6.5435e-08 1.0359e-07 1.5293e-07 2.1458e-07 2.8965e-07 3.7927e-07 4.8463e-07 6.0693e-07 7.4748e-07 9.0763e-07 0.0000e+00 1.2926e-06 1.5206e-06 1.7747e-06 2.0566e-06 2.3685e-06 2.7126e-06 3.0913e-06 3.5071e-06 3.9627e-06 4.4613e-06 5.0059e-06 5.6000e-06 6.2473e-06 6.9517e-06 7.7172e-06 8.5483e-06 9.4494e-06 1.0425e-05 1.1480e-05 1.2620e-05 1.3847e-05 1.5168e-05 1.6584e-05 1.8098e-05 1.9711e-05 2.1421e-05 2.3224e-05 2.5111e-05 2.7068e-05 2.9073e-05 3.1098e-05 3.3100e-05 3.5026e-05 3.6806e-05 3.8352e-05 3.9561e-05 4.0308e-05 4.0461e-05 3.9880e-05 3.8441e-05 3.6056e-05 3.2700e-05 2.8452e-05 2.3518e-05 1.8240e-05 1.3068e-05 8.4789e-06 4.8575e-06 2.3788e-06 9.5509e-07 2.9783e-07 6.7217e-08 1.0008e-08 8.6991e-10 3.7499e-11 6.4413e-13 3.2783e-15 3.2974e-18 3.7479e-22 2.2066e-27 2.2382e-34 8.1070e-44 1.0728e-56 1.8153e-74 2.6222e-99 1.5883e-134 2.9842e-185 1.2928e-259 0.0000e+00 0.0000e+00 0.0000e+00 0.0000e+00 0.0000e+00 0.0000e+00 0.0000e+00 0.0000e+00 0.0000e+00 0.0000e+00 0.0000e+00 0.0000e+00 0.0000e+00 0.0000e+00 0.0000e+00 0.0000e+00 0.0000e+00
-1.3789e-09 -7.8077e-09 -2.1550e-08 -4.4338e-08 -7.7681e-08 -1.2297e-07 -1.8156e-07 -2.5474e-07 -3.4386e-07 -4.5026e-07 -5.7533e-07 -7.2053e-07 -8.8738e-07 -1.0775e-06 -1.2926e-06 9.0985e-05 -1.8052e-06 -2.1068e-06 -2.4415e-06 -2.8118e-06 -3.2203e-06 -3.6698e-06 -4.1634e-06 -4.7044e-06 -5.2963e-06 -5.9428e-06 -6.6481e-06 -7.4166e-06 -8.2527e-06 -9.1615e-06 -1.0148e-05 -1.1218e-05 -1.2376e-05 -1.3629e-05 -1.4982e-05 -1.6439e-05 -1.8007e-05 -1.9688e-05 -2.1485e-05 -2.3400e-05 -2.5431e-05 -2.7571e-05 -2.9811e-05 -3.2135e-05 -3.4516e-05 -3.6919e-05 -3.9296e-05 -4.1583e-05 -4.3696e-05 -4.5533e-05 -4.6968e-05 -4.7856e-05 -4.8038e-05 -4.7349e-05 -4.5642e-05 -4.2811e-05 -3.8828e-05 -3.3785e-05 -2.7928e-05 -2.1662e-05 -1.5521e-05 -1.0071e-05 -5.7704e-06 -2.8263e-06 -1.1350e-06 -3.5400e-07 -7.9917e-08 -1.1904e-08 -1.0351e-09 -4.4647e-11 -7.6749e-13 -3.9099e-15 -3.9377e-18 -4.4830e-22 -2.6452e-27 -2.6907e-34 -9.7843e-44 -1.3016e-56 -2.2185e-74 -3.2370e-99 -1.9886e-134 -3.8123e-185 -1.7002e-259 0.0000e+00 0.0000e+00 0.0000e+00 0.0000e+00 0.0000e+00 0.0000e+00 0.0000e+00 0.0000e+00 0.0000e+00 0.0000e+00 0.0000e+00 0.0000e+00 0.0000e+00 0.0000e+00 0.0000e+00 0.0000e+00 0.0000e+00 1.3789e-09 7.8077e-09 2.1550e-08 4.4338e-08 7.7681e-08 1.2297e-07 1.8156e-07 2.5474e-07 3.4386e-07 4.5026e-07 5.7533e-07 7.2053e-07 8.8738e-07 1.0775e-06 1.2926e-06 0.0000e+00 1.8052e-06 2.1068e-06 2.4415e-06 2.8118e-06 3.2203e-06 3.6698e-06 4.1634e-06 4.7044e-06 5.2963e-06 5.9428e-06 6.6481e-06 7.4165e-06 8.2527e-06 9.1615e-06 1.0148e-05 1.1218e-05 1.2376e-05 1.3629e-05 1.4982e-05 1.6439e-05 1.8006e-05 1.9688e-05 2.1485e-05 2.3400e-05 2.5431e-05 2.7571e-05 2.9811e-05 3.2134e-05 3.4515e-05 3.6918e-05 3.9295e-05 4.1581e-05 4.3694e-05 4.5530e-05 4.6965e-05 4.7852e-05 4.8033e-05 4.7344e-05 4.5636e-05 4.2804e-05 3.8820e-05 3.3777e-05 2.7919e-05 2.1654e-05 1.5514e-05 1.0066e-05 5.7666e-06 2.8240e-06 1.1338e-06 3.5357e-07 7.9797e-08 1.1882e-08 1.0327e-09 4.4517e-11 7.6468e-13 3.8919e-15 3.9146e-18 4.4493e-22 2.6196e-27 2.6570e-34 9.6243e-44 1.2735e-56 2.1550e-74 3.1129e-99 1.8855e-134 3.5426e-185 1.5347e-259 0.0000e+00 0.0000e+00 0.0000e+00 0.0000e+00 0.0000e+00 0.0000e+00 0.0000e+00 0.0000e+00 0.0000e+00 0.0000e+00 0.0000e+00 0.0000e+00 0.0000e+00 0.0000e+00 0.0000e+00 0.0000e+00 0.0000e+00
-1.6221e-09 -9.1850e-09 -2.5352e-08 -5.2160e-08 -9.1385e-08 -1.4467e-07 -2.1358e-07 -2.9968e-07 -4.0452e-07 -5.2969e-07 -6.7682e-07 -8.4763e-07 -1.0439e-06 -1.2676e-06 -1.5206e-06 -1.8052e-06 1.3308e-04 -2.4785e-06 -2.8722e-06 -3.3078e-06 -3.7884e-06 -4.3172e-06 -4.8979e-06 -5.5343e-06 -6.2305e-06 -6.9912e-06 -7.8209e-06 -8.7249e-06 -9.7086e-06 -1.0778e-05 -1.1938e-05 -1.3197e-05 -1.4560e-05 -1.6033e-05 -1.7624e-05 -1.9339e-05 -2.1183e-05 -2.3161e-05 -2.5276e-05 -2.7528e-05 -2.9917e-05 -3.2435e-05 -3.5071e-05 -3.7804e-05 -4.0605e-05 -4.3432e-05 -4.6229e-05 -4.8919e-05 -5.1406e-05 -5.3566e-05 -5.5255e-05 -5.6300e-05 -5.6514e-05 -5.5705e-05 -5.3697e-05 -5.0367e-05 -4.5681e-05 -3.9750e-05 -3.2859e-05 -2.5487e-05 -1.8263e-05 -1.1851e-05 -6.7904e-06 -3.3261e-06 -1.3358e-06 -4.1668e-07 -9.4080e-08 -1.4016e-08 -1.2190e-09 -5.2594e-11 -9.0440e-13 -4.6095e-15 -4.6449e-18 -5.2921e-22 -3.1258e-27 -3.1838e-34 -1.1598e-43 -1.5465e-56 -2.6446e-74 -3.8762e-99 -2.3962e-134 -4.6340e-185 -2.0923e-259 0.0000e+00 0.0000e+00 0.0000e+00 0.0000e+00 0.0000e+00 0.0000e+00 0.0000e+00 0.0000e+00 0.0000e+00 0.0000e+00 0.0000e+00 0.0000e+00 0.0000e+00 0.0000e+00 0.0000e+00 0.0000e+00 0.0000e+00 1.6221e-09 9.1850e-09 2.5352e-08 5.2160e-08 9.1385e-08 1.4467e-07 2.1358e-07 2.9968e-07 4.0452e-07 5.2969e-07 6.7682e-07 8.4763e-07 1.0439e-06 1.2676e-06 1.5206e-06 1.8052e-06 0.0000e+00 2.4785e-06 2.8722e-06 3.3078e-06 3.7884e-06 4.3172e-06 4.8979e-06 5.5343e-06 6.2305e-06 6.9911e-06 7.8209e-06 8.7249e-06 9.7085e-06 1.0778e-05 1.1938e-05 1.3197e-05 1.4560e-05 1.6033e-05 1.7624e-05 1.9339e-05 2.1183e-05 2.3161e-05 2.5275e-05 2.7528e-05 2.9917e-05 3.2435e-05 3.5070e-05 3.7803e-05 4.0603e-05 4.3431e-05 4.6227e-05 4.8917e-05 5.1402e-05 5.3562e-05 5.5249e-05 5.6294e-05 5.6506e-05 5.5696e-05 5.3686e-05 5.0354e-05 4.5668e-05 3.9735e-05 3.2845e-05 2.5474e-05 1.8251e-05 1.1841e-05 6.7839e-06 3.3222e-06 1.3339e-06 4.1594e-07 9.3873e-08 1.3978e-08 1.2149e-09 5.2371e-11 8.9958e-13 4.5784e-15 4.6051e-18 5.2342e-22 3.0818e-27 3.1258e-34 1.1322e-43 1.4982e-56 2.5352e-74 3.6620e-99 2.2180e-134 4.1673e-185 1.8052e-259 0.0000e+00 0.0000e+00 0.0000e+00 0.0000e+00 0.0000e+00 0.0000e+00 0.0000e+00 0.0000e+00 0.0000e+00 0.0000e+00 0.0000e+00 0.0000e+00 0.0000e+00 0.0000e+00 0.0000e+00 0.0000e+00 0.0000e+00
