2.9004e-04 -8.5482e-04 -1.0465e-03 -1.2077e-03 -1.3493e-03 -1.4767e-03 -1.5933e-03 -1.7012e-03 -1.8018e-03 -1.8961e-03 -1.9850e-03 -2.0690e-03 -2.1486e-03 -2.2241e-03 -2.2959e-03 -2.3641e-03 -2.4289e-03 -2.4905e-03 -2.5489e-03 -2.6042e-03 -2.6565e-03 -2.7058e-03 -2.7521e-03 -2.7953e-03 -2.8356e-03 -2.8728e-03 -2.9069e-03 -2.9378e-03 -2.9655e-03 -2.9898e-03 -3.0106e-03 -3.0279e-03 -3.0415e-03 -3.0513e-03 -3.0571e-03 -3.0589e-03 -3.0564e-03 -3.0494e-03 -3.0379e-03 -3.0216e-03 -3.0005e-03 -2.9742e-03 -2.9426e-03 -2.9056e-03 -2.8630e-03 -2.8147e-03 -2.7605e-03 -2.7004e-03 -2.6341e-03 -2.5618e-03 -2.4834e-03 -2.3989e-03 -2.3084e-03 -2.2121e-03 -2.1102e-03 -2.0030e-03 -1.8910e-03 -1.7746e-03 -1.6545e-03 -1.5314e-03 -1.4062e-03 -1.2799e-03 -1.1534e-03 -1.0282e-03 -9.0538e-04 -7.8639e-04 -6.7260e-04 -5.6538e-04 -4.6601e-04 -3.7563e-04 -2.9519e-04 -2.2533e-04 -1.6635e-04 -1.1816e-04 -8.0258e-05 -5.1739e-05 -3.1371e-05 -1.7692e-05 -9.1549e-06 -4.2729e-06 -1.7606e-06 -6.2319e-07 -1.8296e-07 -4.2556e-08 -7.3811e-09 -8.7986e-10 -6.4459e-11 -2.4816e-12 -4.0108e-14 -1.9536e-16 -1.7299e-19 -1.2492e-23 -1.9388e-29 -6.1587e-38 -4.5973e-51 -6.9819e-73 -4.0222e-113 -3.4643e-200 -0.0000e+00 -0.0000e+00 0.0000e+00 -8.5482e-04 -1.0465e-03 -1.2077e-03 -1.3493e-03 -1.4767e-03 -1.5933e-03 -1.7012e-03 -1.8018e-03 -1.8961e-03 -1.9850e-03 -2.0690e-03 -2.1486e-03 -2.2241e-03 -2.2959e-03 -2.3641e-03 -2.4289e-03 -2.4904e-03 -2.5488e-03 -2.6041e-03 -2.6564e-03 -2.7057e-03 -2.7520e-03 -2.7952e-03 -2.8355e-03 -2.8727e-03 -2.9068e-03 -2.9377e-03 -2.9653e-03 -2.9896e-03 -3.0104e-03 -3.0277e-03 -3.0413e-03 -3.0510e-03 -3.0569e-03 -3.0586e-03 -3.0560e-03 -3.0491e-03 -3.0376e-03 -3.0213e-03 -3.0001e-03 -2.9737e-03 -2.9422e-03 -2.9051e-03 -2.8625e-03 -2.8142e-03 -2.7600e-03 -2.6998e-03 -2.6336e-03 -2.5612e-03 -2.4828e-03 -2.3983e-03 -2.3078e-03 -2.2114e-03 -2.1095e-03 -2.0024e-03 -1.8903e-03 -1.7740e-03 -1.6539e-03 -1.5308e-03 -1.4056e-03 -1.2792e-03 -1.1528e-03 -1.0276e-03 -9.0482e-04 -7.8587e-04 -6.7213e-04 -5.6495e-04 -4.6562e-04 -3.7530e-04 -2.9491e-04 -2.2510e-04 -1.6616e-04 -1.1802e-04 -8.0152e-05 -5.1665e-05 -3.1321e-05 -1.7662e-05 -9.1375e-06 -4.2639e-06 -1.7565e-06 -6.2157e-07 -1.8242e-07 -4.2416e-08 -7.3536e-09 -8.7611e-10 -6.4142e-11 -2.4674e-12 -3.9838e-14 -1.9379e-16 -1.7131e-19 -1.2342e-23 -1.9094e-29 -6.0369e-38 -4.4743e-51 -6.7161e-73 -3.7885e-113 -3.1239e-200 -0.0000e+00 -0.0000e+00
-8.5482e-04 1.1607e-03 -1.4796e-03 -1.7076e-03 -1.9077e-03 -2.0879e-03 -2.2528e-03 -2.4053e-03 -2.5475e-03 -2.6809e-03 -2.8066e-03 -2.9254e-03 -3.0380e-03 -3.1448e-03 -3.2463e-03 -3.3428e-03 -3.4344e-03 -3.5215e-03 -3.6041e-03 -3.6824e-03 -3.7564e-03 -3.8261e-03 -3.8916e-03 -3.9529e-03 -4.0099e-03 -4.0626e-03 -4.1109e-03 -4.1547e-03 -4.1938e-03 -4.2283e-03 -4.2579e-03 -4.2824e-03 -4.3018e-03 -4.3157e-03 -4.3241e-03 -4.3267e-03 -4.3233e-03 -4.3136e-03 -4.2975e-03 -4.2746e-03 -4.2448e-03 -4.2078e-03 -4.1633e-03 -4.1111e-03 -4.0511e-03 -3.9829e-03 -3.9064e-03 -3.8215e-03 -3.7280e-03 -3.6259e-03 -3.5151e-03 -3.3958e-03 -3.2679e-03 -3.1319e-03 -2.9879e-03 -2.8364e-03 -2.6780e-03 -2.5135e-03 -2.3437e-03 -2.1696e-03 -1.9924e-03 -1.8136e-03 -1.6348e-03 -1.4575e-03 -1.2836e-03 -1.1152e-03 -9.5401e-04 -8.0211e-04 -6.6130e-04 -5.3321e-04 -4.1915e-04 -3.2006e-04 -2.3638e-04 -1.6798e-04 -1.1415e-04 -7.3627e-05 -4.4669e-05 -2.5210e-05 -1.3055e-05 -6.0986e-06 -2.5155e-06 -8.9146e-07 -2.6209e-07 -6.1062e-08 -1.0612e-08 -1.2680e-09 -9.3164e-11 -3.5996e-12 -5.8439e-14 -2.8628e-16 -2.5542e-19 -1.8630e-23 -2.9319e-29 -9.5000e-38 -7.3062e-51 -1.1636e-72 -7.2750e-113 -7.3271e-200 -0.0000e+00 -0.0000e+00 -8.5482e-04 0.0000e+00 -1.4796e-03 -1.7076e-03 -1.9077e-03 -2.0879e-03 -2.2528e-03 -2.4053e-03 -2.5475e-03 -2.6809e-03 -2.8065e-03 -2.9253e-03 -3.0379e-03 -3.1447e-03 -3.2461e-03 -3.3426e-03 -3.4342e-03 -3.5212e-03 -3.6038e-03 -3.6820e-03 -3.7560e-03 -3.8257e-03 -3.8911e-03 -3.9523e-03 -4.0093e-03 -4.0619e-03 -4.1101e-03 -4.1538e-03 -4.1929e-03 -4.2273e-03 -4.2567e-03 -4.2812e-03 -4.3004e-03 -4.3143e-03 -4.3226e-03 -4.3251e-03 -4.3215e-03 -4.3117e-03 -4.2955e-03 -4.2725e-03 -4.2425e-03 -4.2054e-03 -4.1608e-03 -4.1085e-03 -4.0483e-03 -3.9800e-03 -3.9034e-03 -3.8184e-03 -3.7247e-03 -3.6225e-03 -3.5116e-03 -3.3922e-03 -3.2642e-03 -3.1281e-03 -2.9840e-03 -2.8325e-03 -2.6741e-03 -2.5096e-03 -2.3398e-03 -2.1657e-03 -1.9887e-03 -1.8100e-03 -1.6313e-03 -1.4541e-03 -1.2805e-03 -1.1122e-03 -9.5131e-04 -7.9968e-04 -6.5914e-04 -5.3133e-04 -4.1756e-04 -3.1875e-04 -2.3533e-04 -1.6717e-04 -1.1355e-04 -7.3205e-05 -4.4389e-05 -2.5036e-05 -1.2956e-05 -6.0477e-06 -2.4922e-06 -8.8226e-07 -2.5906e-07 -6.0268e-08 -1.0456e-08 -1.2467e-09 -9.1363e-11 -3.5188e-12 -5.6901e-14 -2.7734e-16 -2.4580e-19 -1.7770e-23 -2.7626e-29 -8.7966e-38 -6.5907e-51 -1.0071e-72 -5.8682e-113 -5.1801e-200 -0.0000e+00 -0.0000e+00
-1.0465e-03 -1.4796e-03 2.6136e-03 -2.0905e-03 -2.3356e-03 -2.5562e-03 -2.7580e-03 -2.9448e-03 -3.1189e-03 -3.2823e-03 -3.4362e-03 -3.5817e-03 -3.7195e-03 -3.8504e-03 -3.9747e-03 -4.0928e-03 -4.2052e-03 -4.3118e-03 -4.4131e-03 -4.5090e-03 -4.5997e-03 -4.6852e-03 -4.7655e-03 -4.8407e-03 -4.9106e-03 -4.9753e-03 -5.0346e-03 -5.0883e-03 -5.1365e-03 -5.1789e-03 -5.2153e-03 -5.2456e-03 -5.2695e-03 -5.2868e-03 -5.2973e-03 -5.3007e-03 -5.2968e-03 -5.2853e-03 -5.2658e-03 -5.2381e-03 -5.2019e-03 -5.1568e-03 -5.1027e-03 -5.0391e-03 -4.9659e-03 -4.8828e-03 -4.7894e-03 -4.6858e-03 -4.5716e-03 -4.4468e-03 -4.3115e-03 -4.1656e-03 -4.0093e-03 -3.8428e-03 -3.6667e-03 -3.4814e-03 -3.2875e-03 -3.0861e-03 -2.8781e-03 -2.6649e-03 -2.4478e-03 -2.2287e-03 -2.0094e-03 -1.7920e-03 -1.5788e-03 -1.3720e-03 -1.1742e-03 -9.8759e-04 -8.1458e-04 -6.5710e-04 -5.1681e-04 -3.9487e-04 -2.9181e-04 -2.0752e-04 -1.4113e-04 -9.1111e-05 -5.5332e-05 -3.1263e-05 -1.6211e-05 -7.5839e-06 -3.1334e-06 -1.1127e-06 -3.2787e-07 -7.6595e-08 -1.3354e-08 -1.6018e-09 -1.1824e-10 -4.5949e-12 -7.5134e-14 -3.7143e-16 -3.3530e-19 -2.4839e-23 -3.9922e-29 -1.3323e-37 -1.0694e-50 -1.8173e-72 -1.2608e-112 -1.5193e-199 -0.0000e+00 -0.0000e+00 -1.0465e-03 -1.4796e-03 0.0000e+00 -2.0905e-03 -2.3355e-03 -2.5561e-03 -2.7580e-03 -2.9447e-03 -3.1188e-03 -3.2821e-03 -3.4360e-03 -3.5814e-03 -3.7192e-03 -3.8500e-03 -3.9742e-03 -4.0923e-03 -4.2045e-03 -4.3111e-03 -4.4122e-03 -4.5080e-03 -4.5985e-03 -4.6839e-03 -4.7641e-03 -4.8391e-03 -4.9088e-03 -4.9733e-03 -5.0324e-03 -5.0859e-03 -5.1339e-03 -5.1760e-03 -5.2122e-03 -5.2422e-03 -5.2658e-03 -5.2829e-03 -5.2931e-03 -5.2962e-03 -5.2920e-03 -5.2801e-03 -5.2603e-03 -5.2322e-03 -5.1957e-03 -5.1503e-03 -5.0958e-03 -5.0318e-03 -4.9583e-03 -4.8747e-03 -4.7811e-03 -4.6770e-03 -4.5625e-03 -4.4375e-03 -4.3018e-03 -4.1556e-03 -3.9991e-03 -3.8325e-03 -3.6561e-03 -3.4707e-03 -3.2768e-03 -3.0754e-03 -2.8674e-03 -2.6543e-03 -2.4375e-03 -2.2187e-03 -1.9997e-03 -1.7828e-03 -1.5701e-03 -1.3639e-03 -1.1667e-03 -9.8087e-04 -8.0861e-04 -6.5192e-04 -5.1242e-04 -3.9124e-04 -2.8891e-04 -2.0528e-04 -1.3947e-04 -8.9945e-05 -5.4558e-05 -3.0784e-05 -1.5937e-05 -7.4430e-06 -3.0689e-06 -1.0872e-06 -3.1948e-07 -7.4393e-08 -1.2920e-08 -1.5426e-09 -1.1324e-10 -4.3701e-12 -7.0846e-14 -3.4643e-16 -3.0835e-19 -2.2421e-23 -3.5135e-29 -1.1317e-37 -8.6296e-51 -1.3569e-72 -8.3186e-113 -8.1408e-200 -0.0000e+00 -0.0000e+00
-1.2077e-03 -1.7076e-03 -2.0905e-03 4.6515e-03 -2.6954e-03 -2.9500e-03 -3.1830e-03 -3.3985e-03 -3.5995e-03 -3.7881e-03 -3.9658e-03 -4.1338e-03 -4.2930e-03 -4.4441e-03 -4.5876e-03 -4.7241e-03 -4.8538e-03 -4.9771e-03 -5.0941e-03 -5.2050e-03 -5.3098e-03 -5.4087e-03 -5.5016e-03 -5.5886e-03 -5.6695e-03 -5.7444e-03 -5.8131e-03 -5.8754e-03 -5.9313e-03 -5.9805e-03 -6.0229e-03 -6.0581e-03 -6.0861e-03 -6.1065e-03 -6.1190e-03 -6.1234e-03 -6.1193e-03 -6.1064e-03 -6.0844e-03 -6.0529e-03 -6.0116e-03 -5.9601e-03 -5.8981e-03 -5.8252e-03 -5.7412e-03 -5.6457e-03 -5.5385e-03 -5.4193e-03 -5.2880e-03 -5.1445e-03 -4.9887e-03 -4.8207e-03 -4.6406e-03 -4.4488e-03 -4.2458e-03 -4.0320e-03 -3.8084e-03 -3.5760e-03 -3.3359e-03 -3.0896e-03 -2.8389e-03 -2.5856e-03 -2.3320e-03 -2.0805e-03 -1.8337e-03 -1.5943e-03 -1.3651e-03 -1.1488e-03 -9.4813e-04 -7.6534e-04 -6.0238e-04 -4.6062e-04 -3.4070e-04 -2.4252e-04 -1.6512e-04 -1.0673e-04 -6.4906e-05 -3.6730e-05 -1.9079e-05 -8.9441e-06 -3.7040e-06 -1.3188e-06 -3.8983e-07 -9.1405e-08 -1.6006e-08 -1.9298e-09 -1.4335e-10 -5.6131e-12 -9.2652e-14 -4.6348e-16 -4.2474e-19 -3.2087e-23 -5.2929e-29 -1.8299e-37 -1.5432e-50 -2.8172e-72 -2.1779e-112 -3.1288e-199 -0.0000e+00 -0.0000e+00 -1.2077e-03 -1.7076e-03 -2.0905e-03 0.0000e+00 -2.6953e-03 -2.9499e-03 -3.1828e-03 -3.3983e-03 -3.5993e-03 -3.7878e-03 -3.9653e-03 -4.1332e-03 -4.2923e-03 -4.4432e-03 -4.5866e-03 -4.7229e-03 -4.8525e-03 -4.9755e-03 -5.0923e-03 -5.2029e-03 -5.3074e-03 -5.4060e-03 -5.4986e-03 -5.5852e-03 -5.6658e-03 -5.7403e-03 -5.8086e-03 -5.8705e-03 -5.9259e-03 -5.9746e-03 -6.0165e-03 -6.0512e-03 -6.0786e-03 -6.0984e-03 -6.1103e-03 -6.1141e-03 -6.1093e-03 -6.0958e-03 -6.0730e-03 -6.0408e-03 -5.9988e-03 -5.9466e-03 -5.8838e-03 -5.8102e-03 -5.7255e-03 -5.6293e-03 -5.5213e-03 -5.4014e-03 -5.2694e-03 -5.1252e-03 -4.9688e-03 -4.8002e-03 -4.6197e-03 -4.4275e-03 -4.2241e-03 -4.0101e-03 -3.7864e-03 -3.5539e-03 -3.3140e-03 -3.0680e-03 -2.8176e-03 -2.5650e-03 -2.3122e-03 -2.0616e-03 -1.8158e-03 -1.5776e-03 -1.3498e-03 -1.1350e-03 -9.3586e-04 -7.5468e-04 -5.9333e-04 -4.5314e-04 -3.3472e-04 -2.3791e-04 -1.6171e-04 -1.0433e-04 -6.3311e-05 -3.5742e-05 -1.8516e-05 -8.6531e-06 -3.5708e-06 -1.2661e-06 -3.7248e-07 -8.6848e-08 -1.5107e-08 -1.8070e-09 -1.3295e-10 -5.1452e-12 -8.3704e-14 -4.1115e-16 -3.6811e-19 -2.6978e-23 -4.2740e-29 -1.3984e-37 -1.0918e-50 -1.7827e-72 -1.1670e-112 -1.2975e-199 -0.0000e+00 -0.0000e+00
-1.3493e-03 -1.9077e-03 -2.3356e-03 -2.6954e-03 7.2781e-03 -3.2959e-03 -3.5562e-03 -3.7971e-03 -4.0217e-03 -4.2325e-03 -4.4311e-03 -4.6189e-03 -4.7968e-03 -4.9657e-03 -5.1263e-03 -5.2789e-03 -5.4241e-03 -5.5620e-03 -5.6929e-03 -5.8170e-03 -5.9344e-03 -6.0451e-03 -6.1493e-03 -6.2467e-03 -6.3375e-03 -6.4215e-03 -6.4987e-03 -6.5687e-03 -6.6316e-03 -6.6870e-03 -6.7349e-03 -6.7748e-03 -6.8066e-03 -6.8299e-03 -6.8445e-03 -6.8499e-03 -6.8460e-03 -6.8322e-03 -6.8083e-03 -6.7738e-03 -6.7283e-03 -6.6715e-03 -6.6029e-03 -6.5222e-03 -6.4291e-03 -6.3231e-03 -6.2040e-03 -6.0715e-03 -5.9255e-03 -5.7657e-03 -5.5923e-03 -5.4051e-03 -5.2044e-03 -4.9905e-03 -4.7640e-03 -4.5254e-03 -4.2758e-03 -4.0161e-03 -3.7477e-03 -3.4723e-03 -3.1918e-03 -2.9083e-03 -2.6243e-03 -2.3424e-03 -2.0657e-03 -1.7970e-03 -1.5397e-03 -1.2966e-03 -1.0709e-03 -8.6520e-04 -6.8161e-04 -5.2172e-04 -3.8634e-04 -2.7535e-04 -1.8773e-04 -1.2153e-04 -7.4038e-05 -4.1980e-05 -2.1855e-05 -1.0271e-05 -4.2660e-06 -1.5240e-06 -4.5223e-07 -1.0652e-07 -1.8752e-08 -2.2753e-09 -1.7029e-10 -6.7294e-12 -1.1233e-13 -5.6976e-16 -5.3132e-19 -4.1041e-23 -6.9681e-29 -2.5028e-37 -2.2228e-50 -4.3618e-72 -3.7488e-112 -6.3811e-199 -0.0000e+00 -0.0000e+00 -1.3493e-03 -1.9077e-03 -2.3355e-03 -2.6953e-03 0.0000e+00 -3.2957e-03 -3.5559e-03 -3.7967e-03 -4.0212e-03 -4.2318e-03 -4.4303e-03 -4.6179e-03 -4.7956e-03 -4.9643e-03 -5.1245e-03 -5.2769e-03 -5.4216e-03 -5.5592e-03 -5.6897e-03 -5.8134e-03 -5.9303e-03 -6.0405e-03 -6.1441e-03 -6.2409e-03 -6.3311e-03 -6.4144e-03 -6.4908e-03 -6.5601e-03 -6.6222e-03 -6.6768e-03 -6.7237e-03 -6.7627e-03 -6.7935e-03 -6.8158e-03 -6.8293e-03 -6.8337e-03 -6.8285e-03 -6.8136e-03 -6.7884e-03 -6.7527e-03 -6.7059e-03 -6.6478e-03 -6.5780e-03 -6.4960e-03 -6.4015e-03 -6.2943e-03 -6.1739e-03 -6.0402e-03 -5.8929e-03 -5.7320e-03 -5.5575e-03 -5.3693e-03 -5.1678e-03 -4.9532e-03 -4.7260e-03 -4.4871e-03 -4.2372e-03 -3.9774e-03 -3.7093e-03 -3.4344e-03 -3.1546e-03 -2.8721e-03 -2.5894e-03 -2.3092e-03 -2.0343e-03 -1.7678e-03 -1.5128e-03 -1.2724e-03 -1.0494e-03 -8.4650e-04 -6.6574e-04 -5.0861e-04 -3.7584e-04 -2.6725e-04 -1.8174e-04 -1.1731e-04 -7.1236e-05 -4.0244e-05 -2.0864e-05 -9.7594e-06 -4.0315e-06 -1.4312e-06 -4.2164e-07 -9.8472e-08 -1.7163e-08 -2.0578e-09 -1.5183e-10 -5.8971e-12 -9.6367e-14 -4.7605e-16 -4.2939e-19 -3.1781e-23 -5.1039e-29 -1.7026e-37 -1.3680e-50 -2.3372e-72 -1.6518e-112 -2.1193e-199 -0.0000e+00 -0.0000e+00
-1.4767e-03 -2.0879e-03 -2.5562e-03 -2.9500e-03 -3.2959e-03 1.0498e-02 -3.8923e-03 -4.1559e-03 -4.4019e-03 -4.6327e-03 -4.8502e-03 -5.0558e-03 -5.2508e-03 -5.4358e-03 -5.6117e-03 -5.7790e-03 -5.9381e-03 -6.0893e-03 -6.2329e-03 -6.3691e-03 -6.4979e-03 -6.6195e-03 -6.7339e-03 -6.8410e-03 -6.9408e-03 -7.0332e-03 -7.1182e-03 -7.1954e-03 -7.2648e-03 -7.3261e-03 -7.3791e-03 -7.4235e-03 -7.4590e-03 -7.4852e-03 -7.5020e-03 -7.5088e-03 -7.5053e-03 -7.4911e-03 -7.4657e-03 -7.4289e-03 -7.3800e-03 -7.3188e-03 -7.2447e-03 -7.1573e-03 -7.0563e-03 -6.9413e-03 -6.8119e-03 -6.6678e-03 -6.5089e-03 -6.3349e-03 -6.1458e-03 -5.9416e-03 -5.7226e-03 -5.4891e-03 -5.2416e-03 -4.9808e-03 -4.7077e-03 -4.4235e-03 -4.1297e-03 -3.8279e-03 -3.5204e-03 -3.2094e-03 -2.8976e-03 -2.5880e-03 -2.2837e-03 -1.9881e-03 -1.7047e-03 -1.4368e-03 -1.1878e-03 -9.6061e-04 -7.5761e-04 -5.8061e-04 -4.3052e-04 -3.0730e-04 -2.0986e-04 -1.3611e-04 -8.3094e-05 -4.7225e-05 -2.4651e-05 -1.1620e-05 -4.8428e-06 -1.7369e-06 -5.1774e-07 -1.2259e-07 -2.1715e-08 -2.6540e-09 -2.0036e-10 -7.9998e-12 -1.3522e-13 -6.9642e-16 -6.6184e-19 -5.2350e-23 -9.1602e-29 -3.4211e-37 -3.1997e-50 -6.7400e-72 -6.4205e-112 -1.2904e-198 -0.0000e+00 -0.0000e+00 -1.4767e-03 -2.0879e-03 -2.5561e-03 -2.9499e-03 -3.2957e-03 0.0000e+00 -3.8919e-03 -4.1554e-03 -4.4011e-03 -4.6317e-03 -4.8489e-03 -5.0543e-03 -5.2488e-03 -5.4335e-03 -5.6090e-03 -5.7758e-03 -5.9343e-03 -6.0849e-03 -6.2279e-03 -6.3633e-03 -6.4914e-03 -6.6121e-03 -6.7256e-03 -6.8318e-03 -6.9306e-03 -7.0220e-03 -7.1058e-03 -7.1818e-03 -7.2499e-03 -7.3099e-03 -7.3614e-03 -7.4043e-03 -7.4383e-03 -7.4629e-03 -7.4780e-03 -7.4830e-03 -7.4777e-03 -7.4617e-03 -7.4344e-03 -7.3956e-03 -7.3447e-03 -7.2815e-03 -7.2053e-03 -7.1159e-03 -7.0128e-03 -6.8957e-03 -6.7643e-03 -6.6183e-03 -6.4574e-03 -6.2816e-03 -6.0908e-03 -5.8851e-03 -5.6647e-03 -5.4301e-03 -5.1816e-03 -4.9202e-03 -4.6467e-03 -4.3625e-03 -4.0690e-03 -3.7680e-03 -3.4616e-03 -3.1522e-03 -2.8425e-03 -2.5354e-03 -2.2341e-03 -1.9419e-03 -1.6622e-03 -1.3985e-03 -1.1538e-03 -9.3099e-04 -7.3247e-04 -5.5983e-04 -4.1389e-04 -2.9446e-04 -2.0036e-04 -1.2942e-04 -7.8645e-05 -4.4467e-05 -2.3076e-05 -1.0806e-05 -4.4693e-06 -1.5890e-06 -4.6891e-07 -1.0973e-07 -1.9171e-08 -2.3053e-09 -1.7069e-10 -6.6578e-12 -1.0938e-13 -5.4405e-16 -4.9508e-19 -3.7076e-23 -6.0501e-29 -2.0643e-37 -1.7145e-50 -3.0830e-72 -2.3708e-112 -3.5444e-199 -0.0000e+00 -0.0000e+00
-1.5933e-03 -2.2528e-03 -2.7580e-03 -3.1830e-03 -3.5562e-03 -3.8923e-03 1.4318e-02 -4.4844e-03 -4.7499e-03 -4.9990e-03 -5.2339e-03 -5.4559e-03 -5.6665e-03 -5.8664e-03 -6.0564e-03 -6.2372e-03 -6.4092e-03 -6.5727e-03 -6.7280e-03 -6.8753e-03 -7.0148e-03 -7.1464e-03 -7.2704e-03 -7.3865e-03 -7.4948e-03 -7.5952e-03 -7.6875e-03 -7.7715e-03 -7.8472e-03 -7.9141e-03 -7.9721e-03 -8.0209e-03 -8.0601e-03 -8.0894e-03 -8.1084e-03 -8.1168e-03 -8.1141e-03 -8.0999e-03 -8.0737e-03 -8.0350e-03 -7.9835e-03 -7.9186e-03 -7.8399e-03 -7.7469e-03 -7.6391e-03 -7.5162e-03 -7.3778e-03 -7.2235e-03 -7.0531e-03 -6.8665e-03 -6.6635e-03 -6.4441e-03 -6.2086e-03 -5.9574e-03 -5.6909e-03 -5.4099e-03 -5.1155e-03 -4.8089e-03 -4.4916e-03 -4.1657e-03 -3.8331e-03 -3.4966e-03 -3.1590e-03 -2.8235e-03 -2.4934e-03 -2.1725e-03 -1.8645e-03 -1.5731e-03 -1.3019e-03 -1.0541e-03 -8.3240e-04 -6.3884e-04 -4.7444e-04 -3.3924e-04 -2.3212e-04 -1.5087e-04 -9.2324e-05 -5.2612e-05 -2.7546e-05 -1.3029e-05 -5.4512e-06 -1.9637e-06 -5.8837e-07 -1.4014e-07 -2.4993e-08 -3.0792e-09 -2.3466e-10 -9.4748e-12 -1.6231e-13 -8.4958e-16 -8.2350e-19 -6.6743e-23 -1.2041e-28 -4.6752e-37 -4.6007e-50 -1.0386e-71 -1.0943e-111 -2.5937e-198 -0.0000e+00 -0.0000e+00 -1.5933e-03 -2.2528e-03 -2.7580e-03 -3.1828e-03 -3.5559e-03 -3.8919e-03 0.0000e+00 -4.4836e-03 -4.7488e-03 -4.9976e-03 -5.2320e-03 -5.4536e-03 -5.6636e-03 -5.8630e-03 -6.0524e-03 -6.2324e-03 -6.4036e-03 -6.5662e-03 -6.7206e-03 -6.8668e-03 -7.0052e-03 -7.1356e-03 -7.2583e-03 -7.3730e-03 -7.4798e-03 -7.5786e-03 -7.6692e-03 -7.7515e-03 -7.8252e-03 -7.8902e-03 -7.9461e-03 -7.9927e-03 -8.0296e-03 -8.0566e-03 -8.0731e-03 -8.0789e-03 -8.0735e-03 -8.0566e-03 -8.0275e-03 -7.9860e-03 -7.9316e-03 -7.8637e-03 -7.7819e-03 -7.6859e-03 -7.5751e-03 -7.4491e-03 -7.3077e-03 -7.1505e-03 -6.9774e-03 -6.7880e-03 -6.5825e-03 -6.3609e-03 -6.1234e-03 -5.8704e-03 -5.6025e-03 -5.3206e-03 -5.0256e-03 -4.7189e-03 -4.4021e-03 -4.0772e-03 -3.7464e-03 -3.4123e-03 -3.0777e-03 -2.7459e-03 -2.4202e-03 -2.1043e-03 -1.8018e-03 -1.5164e-03 -1.2516e-03 -1.0103e-03 -7.9524e-04 -6.0812e-04 -4.4984e-04 -3.2024e-04 -2.1805e-04 -1.4096e-04 -8.5731e-05 -4.8521e-05 -2.5208e-05 -1.1819e-05 -4.8959e-06 -1.7436e-06 -5.1558e-07 -1.2094e-07 -2.1188e-08 -2.5564e-09 -1.9005e-10 -7.4503e-12 -1.2317e-13 -6.1745e-16 -5.6760e-19 -4.3081e-23 -7.1587e-29 -2.5051e-37 -2.1584e-50 -4.1034e-72 -3.4522e-112 -6.0494e-199 -0.0000e+00 -0.0000e+00
-1.7012e-03 -2.4053e-03 -2.9448e-03 -3.3985e-03 -3.7971e-03 -4.1559e-03 -4.4844e-03 1.8745e-02 -5.0720e-03 -5.3382e-03 -5.5891e-03 -5.8264e-03 -6.0515e-03 -6.2652e-03 -6.4685e-03 -6.6618e-03 -6.8458e-03 -7.0208e-03 -7.1871e-03 -7.3449e-03 -7.4944e-03 -7.6356e-03 -7.7685e-03 -7.8932e-03 -8.0096e-03 -8.1175e-03 -8.2169e-03 -8.3076e-03 -8.3892e-03 -8.4617e-03 -8.5246e-03 -8.5778e-03 -8.6208e-03 -8.6533e-03 -8.6748e-03 -8.6851e-03 -8.6835e-03 -8.6696e-03 -8.6431e-03 -8.6033e-03 -8.5497e-03 -8.4820e-03 -8.3994e-03 -8.3016e-03 -8.1881e-03 -8.0584e-03 -7.9121e-03 -7.7488e-03 -7.5683e-03 -7.3703e-03 -7.1548e-03 -6.9217e-03 -6.6714e-03 -6.4040e-03 -6.1202e-03 -5.8207e-03 -5.5066e-03 -5.1793e-03 -4.8403e-03 -4.4917e-03 -4.1359e-03 -3.7754e-03 -3.4135e-03 -3.0534e-03 -2.6988e-03 -2.3537e-03 -2.0221e-03 -1.7080e-03 -1.4152e-03 -1.1474e-03 -9.0743e-04 -6.9753e-04 -5.1895e-04 -3.7179e-04 -2.5494e-04 -1.6611e-04 -1.0192e-04 -5.8253e-05 -3.0602e-05 -1.4530e-05 -6.1051e-06 -2.2100e-06 -6.6585e-07 -1.5961e-07 -2.8676e-08 -3.5633e-09 -2.7428e-10 -1.1206e-11 -1.9465e-13 -1.0360e-15 -1.0246e-18 -8.5102e-23 -1.5826e-28 -6.3849e-37 -6.6044e-50 -1.5958e-71 -1.8581e-111 -5.1944e-198 -0.0000e+00 -0.0000e+00 -1.7012e-03 -2.4053e-03 -2.9447e-03 -3.3983e-03 -3.7967e-03 -4.1554e-03 -4.4836e-03 0.0000e+00 -5.0704e-03 -5.3361e-03 -5.5865e-03 -5.8232e-03 -6.0475e-03 -6.2604e-03 -6.4628e-03 -6.6551e-03 -6.8380e-03 -7.0118e-03 -7.1767e-03 -7.3331e-03 -7.4810e-03 -7.6205e-03 -7.7516e-03 -7.8743e-03 -7.9886e-03 -8.0944e-03 -8.1914e-03 -8.2795e-03 -8.3586e-03 -8.4283e-03 -8.4883e-03 -8.5384e-03 -8.5782e-03 -8.6074e-03 -8.6254e-03 -8.6321e-03 -8.6268e-03 -8.6091e-03 -8.5786e-03 -8.5347e-03 -8.4771e-03 -8.4051e-03 -8.3183e-03 -8.2162e-03 -8.0984e-03 -7.9645e-03 -7.8140e-03 -7.6467e-03 -7.4622e-03 -7.2605e-03 -7.0415e-03 -6.8052e-03 -6.5520e-03 -6.2821e-03 -5.9964e-03 -5.6955e-03 -5.3806e-03 -5.0532e-03 -4.7149e-03 -4.3679e-03 -4.0144e-03 -3.6572e-03 -3.2995e-03 -2.9446e-03 -2.5961e-03 -2.2580e-03 -1.9342e-03 -1.6284e-03 -1.3446e-03 -1.0860e-03 -8.5523e-04 -6.5437e-04 -4.8437e-04 -3.4506e-04 -2.3514e-04 -1.5214e-04 -9.2628e-05 -5.2484e-05 -2.7302e-05 -1.2820e-05 -5.3196e-06 -1.8983e-06 -5.6259e-07 -1.3232e-07 -2.3257e-08 -2.8167e-09 -2.1037e-10 -8.2937e-12 -1.3808e-13 -6.9835e-16 -6.4931e-19 -5.0021e-23 -8.4799e-29 -3.0506e-37 -2.7343e-50 -5.5144e-72 -5.0948e-112 -1.0503e-198 -0.0000e+00 -0.0000e+00
-1.8018e-03 -2.5475e-03 -3.1189e-03 -3.5995e-03 -4.0217e-03 -4.4019e-03 -4.7499e-03 -5.0720e-03 2.3787e-02 -5.6547e-03 -5.9206e-03 -6.1723e-03 -6.4109e-03 -6.6377e-03 -6.8533e-03 -7.0586e-03 -7.2539e-03 -7.4398e-03 -7.6165e-03 -7.7843e-03 -7.9432e-03 -8.0935e-03 -8.2351e-03 -8.3680e-03 -8.4921e-03 -8.6074e-03 -8.7137e-03 -8.8107e-03 -8.8983e-03 -8.9763e-03 -9.0442e-03 -9.1018e-03 -9.1487e-03 -9.1845e-03 -9.2089e-03 -9.2212e-03 -9.2212e-03 -9.2082e-03 -9.1817e-03 -9.1413e-03 -9.0864e-03 -9.0164e-03 -8.9308e-03 -8.8291e-03 -8.7106e-03 -8.5751e-03 -8.4219e-03 -8.2508e-03 -8.0613e-03 -7.8532e-03 -7.6265e-03 -7.3811e-03 -7.1171e-03 -6.8350e-03 -6.5352e-03 -6.2187e-03 -5.8864e-03 -5.5398e-03 -5.1805e-03 -4.8107e-03 -4.4328e-03 -4.0497e-03 -3.6645e-03 -3.2809e-03 -2.9028e-03 -2.5343e-03 -2.1798e-03 -1.8435e-03 -1.5296e-03 -1.2419e-03 -9.8380e-04 -7.5759e-04 -5.6474e-04 -4.0547e-04 -2.7870e-04 -1.8206e-04 -1.1204e-04 -6.4246e-05 -3.3873e-05 -1.6149e-05 -6.8168e-06 -2.4806e-06 -7.5183e-07 -1.8144e-07 -3.2853e-08 -4.1191e-09 -3.2037e-10 -1.3249e-11 -2.3344e-13 -1.2636e-15 -1.2751e-18 -1.0852e-22 -2.0794e-28 -8.7116e-37 -9.4645e-50 -2.4461e-71 -3.1466e-111 -1.0384e-197 -0.0000e+00 -0.0000e+00 -1.8018e-03 -2.5475e-03 -3.1188e-03 -3.5993e-03 -4.0212e-03 -4.4011e-03 -4.7488e-03 -5.0704e-03 0.0000e+00 -5.6519e-03 -5.9171e-03 -6.1679e-03 -6.4056e-03 -6.6312e-03 -6.8457e-03 -7.0495e-03 -7.2434e-03 -7.4276e-03 -7.6025e-03 -7.7683e-03 -7.9252e-03 -8.0732e-03 -8.2123e-03 -8.3426e-03 -8.4639e-03 -8.5762e-03 -8.6793e-03 -8.7730e-03 -8.8571e-03 -8.9313e-03 -8.9953e-03 -9.0488e-03 -9.0915e-03 -9.1228e-03 -9.1424e-03 -9.1500e-03 -9.1449e-03 -9.1267e-03 -9.0950e-03 -9.0491e-03 -8.9886e-03 -8.9130e-03 -8.8217e-03 -8.7142e-03 -8.5900e-03 -8.4488e-03 -8.2900e-03 -8.1133e-03 -7.9185e-03 -7.7054e-03 -7.4739e-03 -7.2242e-03 -6.9564e-03 -6.6709e-03 -6.3686e-03 -6.0501e-03 -5.7167e-03 -5.3700e-03 -5.0116e-03 -4.6438e-03 -4.2691e-03 -3.8903e-03 -3.5108e-03 -3.1342e-03 -2.7643e-03 -2.4052e-03 -2.0611e-03 -1.7361e-03 -1.4342e-03 -1.1589e-03 -9.1325e-04 -6.9923e-04 -5.1795e-04 -3.6929e-04 -2.5188e-04 -1.6313e-04 -9.9434e-05 -5.6414e-05 -2.9389e-05 -1.3823e-05 -5.7468e-06 -2.0553e-06 -6.1069e-07 -1.4407e-07 -2.5412e-08 -3.0909e-09 -2.3205e-10 -9.2059e-12 -1.5446e-13 -7.8886e-16 -7.4266e-19 -5.8148e-23 -1.0073e-28 -3.7322e-37 -3.4878e-50 -7.4809e-72 -7.6103e-112 -1.8506e-198 -0.0000e+00 -0.0000e+00
-1.8961e-03 -2.6809e-03 -3.2823e-03 -3.7881e-03 -4.2325e-03 -4.6327e-03 -4.9990e-03 -5.3382e-03 -5.6547e-03 2.9454e-02 -6.2320e-03 -6.4971e-03 -6.7486e-03 -6.9877e-03 -7.2151e-03 -7.4316e-03 -7.6377e-03 -7.8340e-03 -8.0206e-03 -8.1979e-03 -8.3659e-03 -8.5249e-03 -8.6748e-03 -8.8157e-03 -8.9474e-03 -9.0698e-03 -9.1828e-03 -9.2863e-03 -9.3798e-03 -9.4632e-03 -9.5362e-03 -9.5984e-03 -9.6493e-03 -9.6887e-03 -9.7161e-03 -9.7309e-03 -9.7328e-03 -9.7210e-03 -9.6952e-03 -9.6548e-03 -9.5991e-03 -9.5276e-03 -9.4396e-03 -9.3347e-03 -9.2123e-03 -9.0718e-03 -8.9128e-03 -8.7348e-03 -8.5374e-03 -8.3204e-03 -8.0835e-03 -7.8269e-03 -7.5507e-03 -7.2550e-03 -6.9406e-03 -6.6083e-03 -6.2590e-03 -5.8943e-03 -5.5160e-03 -5.1261e-03 -4.7272e-03 -4.3224e-03 -3.9150e-03 -3.5087e-03 -3.1077e-03 -2.7164e-03 -2.3393e-03 -1.9811e-03 -1.6463e-03 -1.3389e-03 -1.0625e-03 -8.1976e-04 -6.1238e-04 -4.4070e-04 -3.0370e-04 -1.9896e-04 -1.2282e-04 -7.0677e-05 -3.7410e-05 -1.7913e-05 -7.5985e-06 -2.7804e-06 -8.4794e-07 -2.0609e-07 -3.7618e-08 -4.7603e-09 -3.7420e-10 -1.5666e-11 -2.8002e-13 -1.5415e-15 -1.5870e-18 -1.3836e-22 -2.7308e-28 -1.1875e-36 -1.3543e-49 -3.7429e-71 -5.3207e-111 -2.0750e-197 -0.0000e+00 -0.0000e+00 -1.8961e-03 -2.6809e-03 -3.2821e-03 -3.7878e-03 -4.2318e-03 -4.6317e-03 -4.9976e-03 -5.3361e-03 -5.6519e-03 0.0000e+00 -6.2274e-03 -6.4914e-03 -6.7417e-03 -6.9793e-03 -7.2051e-03 -7.4198e-03 -7.6240e-03 -7.8181e-03 -8.0024e-03 -8.1771e-03 -8.3424e-03 -8.4984e-03 -8.6452e-03 -8.7826e-03 -8.9106e-03 -9.0292e-03 -9.1381e-03 -9.2371e-03 -9.3261e-03 -9.4046e-03 -9.4725e-03 -9.5293e-03 -9.5747e-03 -9.6082e-03 -9.6295e-03 -9.6380e-03 -9.6333e-03 -9.6148e-03 -9.5821e-03 -9.5345e-03 -9.4715e-03 -9.3927e-03 -9.2973e-03 -9.1849e-03 -9.0549e-03 -8.9070e-03 -8.7406e-03 -8.5554e-03 -8.3511e-03 -8.1274e-03 -7.8844e-03 -7.6221e-03 -7.3408e-03 -7.0408e-03 -6.7229e-03 -6.3881e-03 -6.0374e-03 -5.6725e-03 -5.2952e-03 -4.9079e-03 -4.5132e-03 -4.1141e-03 -3.7140e-03 -3.3168e-03 -2.9264e-03 -2.5474e-03 -2.1839e-03 -1.8405e-03 -1.5213e-03 -1.2301e-03 -9.6995e-04 -7.4319e-04 -5.5096e-04 -3.9318e-04 -2.6844e-04 -1.7406e-04 -1.0623e-04 -6.0355e-05 -3.1494e-05 -1.4841e-05 -6.1829e-06 -2.2167e-06 -6.6054e-07 -1.5635e-07 -2.7687e-08 -3.3835e-09 -2.5545e-10 -1.0204e-11 -1.7266e-13 -8.9123e-16 -8.5037e-19 -6.7748e-23 -1.2008e-28 -4.5899e-37 -4.4802e-50 -1.0239e-71 -1.1492e-111 -3.3027e-198 -0.0000e+00 -0.0000e+00
-1.9850e-03 -2.8066e-03 -3.4362e-03 -3.9658e-03 -4.4311e-03 -4.8502e-03 -5.2339e-03 -5.5891e-03 -5.9206e-03 -6.2320e-03 3.5757e-02 -6.8036e-03 -7.0673e-03 -7.3180e-03 -7.5566e-03 -7.7839e-03 -8.0004e-03 -8.2065e-03 -8.4027e-03 -8.5891e-03 -8.7660e-03 -8.9335e-03 -9.0915e-03 -9.2401e-03 -9.3792e-03 -9.5087e-03 -9.6284e-03 -9.7381e-03 -9.8376e-03 -9.9265e-03 -1.0005e-02 -1.0072e-02 -1.0127e-02 -1.0170e-02 -1.0201e-02 -1.0218e-02 -1.0223e-02 -1.0213e-02 -1.0188e-02 -1.0148e-02 -1.0092e-02 -1.0020e-02 -9.9302e-03 -9.8230e-03 -9.6973e-03 -9.5528e-03 -9.3888e-03 -9.2049e-03 -9.0006e-03 -8.7757e-03 -8.5299e-03 -8.2632e-03 -7.9757e-03 -7.6678e-03 -7.3399e-03 -6.9928e-03 -6.6277e-03 -6.2461e-03 -5.8496e-03 -5.4407e-03 -5.0218e-03 -4.5961e-03 -4.1671e-03 -3.7388e-03 -3.3154e-03 -2.9016e-03 -2.5023e-03 -2.1223e-03 -1.7664e-03 -1.4391e-03 -1.1442e-03 -8.8469e-04 -6.6240e-04 -4.7789e-04 -3.3023e-04 -2.1700e-04 -1.3441e-04 -7.7631e-05 -4.1260e-05 -1.9847e-05 -8.4623e-06 -3.1142e-06 -9.5590e-07 -2.3403e-07 -4.3071e-08 -5.5019e-09 -4.3717e-10 -1.8531e-11 -3.3602e-13 -1.8811e-15 -1.9754e-18 -1.7639e-22 -3.5845e-28 -1.6172e-36 -1.9358e-49 -5.7212e-71 -8.9923e-111 -4.1492e-197 -0.0000e+00 -0.0000e+00 -1.9850e-03 -2.8065e-03 -3.4360e-03 -3.9653e-03 -4.4303e-03 -4.8489e-03 -5.2320e-03 -5.5865e-03 -5.9171e-03 -6.2274e-03 0.0000e+00 -6.7964e-03 -7.0585e-03 -7.3074e-03 -7.5439e-03 -7.7689e-03 -7.9829e-03 -8.1863e-03 -8.3795e-03 -8.5627e-03 -8.7361e-03 -8.8998e-03 -9.0537e-03 -9.1980e-03 -9.3325e-03 -9.4570e-03 -9.5715e-03 -9.6756e-03 -9.7693e-03 -9.8520e-03 -9.9237e-03 -9.9837e-03 -1.0032e-02 -1.0068e-02 -1.0091e-02 -1.0100e-02 -1.0096e-02 -1.0077e-02 -1.0044e-02 -9.9949e-03 -9.9298e-03 -9.8481e-03 -9.7491e-03 -9.6322e-03 -9.4971e-03 -9.3430e-03 -9.1696e-03 -8.9766e-03 -8.7634e-03 -8.5301e-03 -8.2764e-03 -8.0024e-03 -7.7085e-03 -7.3949e-03 -7.0625e-03 -6.7122e-03 -6.3453e-03 -5.9633e-03 -5.5682e-03 -5.1625e-03 -4.7488e-03 -4.3303e-03 -3.9107e-03 -3.4938e-03 -3.0840e-03 -2.6858e-03 -2.3037e-03 -1.9426e-03 -1.6067e-03 -1.3000e-03 -1.0258e-03 -7.8664e-04 -5.8370e-04 -4.1696e-04 -2.8500e-04 -1.8503e-04 -1.1308e-04 -6.4349e-05 -3.3638e-05 -1.5884e-05 -6.6328e-06 -2.3844e-06 -7.1273e-07 -1.6932e-07 -3.0113e-08 -3.6988e-09 -2.8097e-10 -1.1307e-11 -1.9308e-13 -1.0079e-15 -9.7559e-19 -7.9165e-23 -1.4374e-28 -5.6753e-37 -5.7943e-50 -1.4132e-71 -1.7524e-111 -5.9619e-198 -0.0000e+00 -0.0000e+00
-2.0690e-03 -2.9254e-03 -3.5817e-03 -4.1338e-03 -4.6189e-03 -5.0558e-03 -5.4559e-03 -5.8264e-03 -6.1723e-03 -6.4971e-03 -6.8036e-03 4.2707e-02 -7.3691e-03 -7.6310e-03 -7.8803e-03 -8.1179e-03 -8.3443e-03 -8.5600e-03 -8.7654e-03 -8.9607e-03 -9.1461e-03 -9.3218e-03 -9.4877e-03 -9.6439e-03 -9.7903e-03 -9.9268e-03 -1.0053e-02 -1.0169e-02 -1.0275e-02 -1.0369e-02 -1.0453e-02 -1.0525e-02 -1.0584e-02 -1.0632e-02 -1.0666e-02 -1.0687e-02 -1.0694e-02 -1.0686e-02 -1.0663e-02 -1.0624e-02 -1.0569e-02 -1.0496e-02 -1.0406e-02 -1.0297e-02 -1.0169e-02 -1.0021e-02 -9.8533e-03 -9.6644e-03 -9.4542e-03 -9.2224e-03 -8.9687e-03 -8.6930e-03 -8.3954e-03 -8.0761e-03 -7.7358e-03 -7.3751e-03 -6.9952e-03 -6.5976e-03 -6.1840e-03 -5.7568e-03 -5.3187e-03 -4.8728e-03 -4.4229e-03 -3.9730e-03 -3.5276e-03 -3.0916e-03 -2.6700e-03 -2.2682e-03 -1.8912e-03 -1.5437e-03 -1.2298e-03 -9.5299e-04 -7.1528e-04 -5.1741e-04 -3.5859e-04 -2.3638e-04 -1.4693e-04 -8.5193e-05 -4.5473e-05 -2.1978e-05 -9.4207e-06 -3.4874e-06 -1.0776e-06 -2.6578e-07 -4.9327e-08 -6.3610e-09 -5.1093e-10 -2.1927e-11 -4.0333e-13 -2.2958e-15 -2.4589e-18 -2.2480e-22 -4.7027e-28 -2.2009e-36 -2.7651e-49 -8.7415e-71 -1.5202e-110 -8.3103e-197 -0.0000e+00 -0.0000e+00 -2.0690e-03 -2.9253e-03 -3.5814e-03 -4.1332e-03 -4.6179e-03 -5.0543e-03 -5.4536e-03 -5.8232e-03 -6.1679e-03 -6.4914e-03 -6.7964e-03 0.0000e+00 -7.3581e-03 -7.6177e-03 -7.8645e-03 -8.0992e-03 -8.3225e-03 -8.5348e-03 -8.7365e-03 -8.9278e-03 -9.1089e-03 -9.2798e-03 -9.4407e-03 -9.5915e-03 -9.7322e-03 -9.8625e-03 -9.9823e-03 -1.0091e-02 -1.0190e-02 -1.0277e-02 -1.0352e-02 -1.0415e-02 -1.0466e-02 -1.0504e-02 -1.0529e-02 -1.0540e-02 -1.0536e-02 -1.0518e-02 -1.0484e-02 -1.0433e-02 -1.0367e-02 -1.0282e-02 -1.0180e-02 -1.0059e-02 -9.9193e-03 -9.7597e-03 -9.5800e-03 -9.3796e-03 -9.1584e-03 -8.9160e-03 -8.6524e-03 -8.3676e-03 -8.0618e-03 -7.7356e-03 -7.3896e-03 -7.0248e-03 -6.6425e-03 -6.2444e-03 -5.8325e-03 -5.4092e-03 -4.9775e-03 -4.5406e-03 -4.1022e-03 -3.6666e-03 -3.2380e-03 -2.8214e-03 -2.4214e-03 -2.0431e-03 -1.6909e-03 -1.3691e-03 -1.0813e-03 -8.2992e-04 -6.1642e-04 -4.4081e-04 -3.0167e-04 -1.9612e-04 -1.2004e-04 -6.8428e-05 -3.5840e-05 -1.6961e-05 -7.1007e-06 -2.5600e-06 -7.6783e-07 -1.8314e-07 -3.2721e-08 -4.0412e-09 -3.0900e-10 -1.2534e-11 -2.1612e-13 -1.1418e-15 -1.1220e-18 -9.2814e-23 -1.7281e-28 -7.0552e-37 -7.5430e-50 -1.9655e-71 -2.6962e-111 -1.0875e-197 -0.0000e+00 -0.0000e+00
-2.1486e-03 -3.0380e-03 -3.7195e-03 -4.2930e-03 -4.7968e-03 -5.2508e-03 -5.6665e-03 -6.0515e-03 -6.4109e-03 -6.7486e-03 -7.0673e-03 -7.3691e-03 5.0319e-02 -7.9282e-03 -8.1879e-03 -8.4354e-03 -8.6713e-03 -8.8963e-03 -9.1106e-03 -9.3145e-03 -9.5083e-03 -9.6921e-03 -9.8658e-03 -1.0030e-02 -1.0183e-02 -1.0327e-02 -1.0460e-02 -1.0582e-02 -1.0694e-02 -1.0794e-02 -1.0883e-02 -1.0960e-02 -1.1025e-02 -1.1076e-02 -1.1115e-02 -1.1139e-02 -1.1149e-02 -1.1144e-02 -1.1123e-02 -1.1086e-02 -1.1032e-02 -1.0960e-02 -1.0869e-02 -1.0760e-02 -1.0630e-02 -1.0480e-02 -1.0309e-02 -1.0116e-02 -9.9009e-03 -9.6631e-03 -9.4025e-03 -9.1188e-03 -8.8121e-03 -8.4826e-03 -8.1308e-03 -7.7575e-03 -7.3638e-03 -6.9511e-03 -6.5212e-03 -6.0766e-03 -5.6199e-03 -5.1545e-03 -4.6841e-03 -4.2129e-03 -3.7457e-03 -3.2876e-03 -2.8438e-03 -2.4200e-03 -2.0214e-03 -1.6532e-03 -1.3200e-03 -1.0253e-03 -7.7149e-04 -5.5963e-04 -3.8903e-04 -2.5731e-04 -1.6052e-04 -9.3448e-05 -5.0101e-05 -2.4334e-05 -1.0487e-05 -3.9057e-06 -1.2149e-06 -3.0193e-07 -5.6511e-08 -7.3572e-09 -5.9737e-10 -2.5955e-11 -4.8426e-13 -2.8025e-15 -3.0607e-18 -2.8646e-22 -6.1680e-28 -2.9944e-36 -3.9489e-49 -1.3359e-70 -2.5725e-110 -1.6683e-196 -0.0000e+00 -0.0000e+00 -2.1486e-03 -3.0379e-03 -3.7192e-03 -4.2923e-03 -4.7956e-03 -5.2488e-03 -5.6636e-03 -6.0475e-03 -6.4056e-03 -6.7417e-03 -7.0585e-03 -7.3581e-03 0.0000e+00 -7.9120e-03 -8.1685e-03 -8.4125e-03 -8.6447e-03 -8.8655e-03 -9.0753e-03 -9.2743e-03 -9.4627e-03 -9.6407e-03 -9.8083e-03 -9.9654e-03 -1.0112e-02 -1.0248e-02 -1.0373e-02 -1.0487e-02 -1.0590e-02 -1.0680e-02 -1.0759e-02 -1.0826e-02 -1.0880e-02 -1.0920e-02 -1.0947e-02 -1.0959e-02 -1.0956e-02 -1.0938e-02 -1.0904e-02 -1.0852e-02 -1.0784e-02 -1.0698e-02 -1.0593e-02 -1.0468e-02 -1.0324e-02 -1.0159e-02 -9.9738e-03 -9.7669e-03 -9.5381e-03 -9.2874e-03 -9.0146e-03 -8.7196e-03 -8.4029e-03 -8.0648e-03 -7.7060e-03 -7.3275e-03 -6.9308e-03 -6.5174e-03 -6.0895e-03 -5.6496e-03 -5.2006e-03 -4.7461e-03 -4.2898e-03 -3.8361e-03 -3.3895e-03 -2.9550e-03 -2.5377e-03 -2.1426e-03 -1.7746e-03 -1.4380e-03 -1.1367e-03 -8.7330e-04 -6.4933e-04 -4.6491e-04 -3.1858e-04 -2.0742e-04 -1.2717e-04 -7.2625e-05 -3.8119e-05 -1.8083e-05 -7.5910e-06 -2.7454e-06 -8.2643e-07 -1.9794e-07 -3.5542e-08 -4.4155e-09 -3.3998e-10 -1.3908e-11 -2.4226e-13 -1.2962e-15 -1.2939e-18 -1.0920e-22 -2.0866e-28 -8.8170e-37 -9.8807e-50 -2.7534e-71 -4.1832e-111 -2.0031e-197 -0.0000e+00 -0.0000e+00
-2.2241e-03 -3.1448e-03 -3.8504e-03 -4.4441e-03 -4.9657e-03 -5.4358e-03 -5.8664e-03 -6.2652e-03 -6.6377e-03 -6.9877e-03 -7.3180e-03 -7.6310e-03 -7.9282e-03 5.8607e-02 -8.4807e-03 -8.7377e-03 -8.9830e-03 -9.2169e-03 -9.4399e-03 -9.6523e-03 -9.8543e-03 -1.0046e-02 -1.0227e-02 -1.0399e-02 -1.0559e-02 -1.0710e-02 -1.0850e-02 -1.0979e-02 -1.1096e-02 -1.1203e-02 -1.1297e-02 -1.1380e-02 -1.1449e-02 -1.1506e-02 -1.1549e-02 -1.1577e-02 -1.1591e-02 -1.1589e-02 -1.1571e-02 -1.1536e-02 -1.1484e-02 -1.1413e-02 -1.1323e-02 -1.1213e-02 -1.1083e-02 -1.0931e-02 -1.0758e-02 -1.0562e-02 -1.0343e-02 -1.0100e-02 -9.8335e-03 -9.5429e-03 -9.2281e-03 -8.8893e-03 -8.5271e-03 -8.1421e-03 -7.7354e-03 -7.3085e-03 -6.8632e-03 -6.4018e-03 -5.9272e-03 -5.4427e-03 -4.9522e-03 -4.4601e-03 -3.9712e-03 -3.4909e-03 -3.0247e-03 -2.5786e-03 -2.1581e-03 -1.7687e-03 -1.4154e-03 -1.1021e-03 -8.3150e-04 -6.0492e-04 -4.2184e-04 -2.7997e-04 -1.7532e-04 -1.0249e-04 -5.5198e-05 -2.6944e-05 -1.1676e-05 -4.3753e-06 -1.3703e-06 -3.4313e-07 -6.4768e-08 -8.5131e-09 -6.9872e-10 -3.0734e-11 -5.8158e-13 -3.4215e-15 -3.8100e-18 -3.6501e-22 -8.0890e-28 -4.0739e-36 -5.6409e-49 -2.0431e-70 -4.3602e-110 -3.3593e-196 -0.0000e+00 -0.0000e+00 -2.2241e-03 -3.1447e-03 -3.8500e-03 -4.4432e-03 -4.9643e-03 -5.4335e-03 -5.8630e-03 -6.2604e-03 -6.6312e-03 -6.9793e-03 -7.3074e-03 -7.6177e-03 -7.9120e-03 0.0000e+00 -8.4573e-03 -8.7102e-03 -8.9509e-03 -9.1798e-03 -9.3973e-03 -9.6037e-03 -9.7993e-03 -9.9840e-03 -1.0158e-02 -1.0321e-02 -1.0473e-02 -1.0615e-02 -1.0745e-02 -1.0864e-02 -1.0971e-02 -1.1066e-02 -1.1148e-02 -1.1218e-02 -1.1274e-02 -1.1317e-02 -1.1346e-02 -1.1359e-02 -1.1358e-02 -1.1340e-02 -1.1306e-02 -1.1254e-02 -1.1184e-02 -1.1096e-02 -1.0989e-02 -1.0861e-02 -1.0713e-02 -1.0544e-02 -1.0353e-02 -1.0140e-02 -9.9044e-03 -9.6460e-03 -9.3646e-03 -9.0603e-03 -8.7333e-03 -8.3840e-03 -8.0132e-03 -7.6219e-03 -7.2114e-03 -6.7836e-03 -6.3405e-03 -5.8847e-03 -5.4193e-03 -4.9479e-03 -4.4744e-03 -4.0032e-03 -3.5391e-03 -3.0874e-03 -2.6531e-03 -2.2417e-03 -1.8581e-03 -1.5070e-03 -1.1924e-03 -9.1703e-04 -6.8264e-04 -4.8938e-04 -3.3583e-04 -2.1899e-04 -1.3451e-04 -7.6970e-05 -4.0491e-05 -1.9257e-05 -8.1077e-06 -2.9422e-06 -8.8909e-07 -2.1391e-07 -3.8613e-08 -4.8267e-09 -3.7440e-10 -1.5451e-11 -2.7206e-13 -1.4749e-15 -1.4966e-18 -1.2895e-22 -2.5305e-28 -1.1076e-36 -1.3020e-49 -3.8837e-71 -6.5413e-111 -3.7238e-197 -0.0000e+00 -0.0000e+00
-2.2959e-03 -3.2463e-03 -3.9747e-03 -4.5876e-03 -5.1263e-03 -5.6117e-03 -6.0564e-03 -6.4685e-03 -6.8533e-03 -7.2151e-03 -7.5566e-03 -7.8803e-03 -8.1879e-03 -8.4807e-03 6.7587e-02 -9.0261e-03 -9.2804e-03 -9.5231e-03 -9.7546e-03 -9.9752e-03 -1.0185e-02 -1.0385e-02 -1.0574e-02 -1.0752e-02 -1.0921e-02 -1.1078e-02 -1.1225e-02 -1.1360e-02 -1.1484e-02 -1.1597e-02 -1.1697e-02 -1.1785e-02 -1.1860e-02 -1.1922e-02 -1.1970e-02 -1.2003e-02 -1.2020e-02 -1.2022e-02 -1.2008e-02 -1.1976e-02 -1.1926e-02 -1.1857e-02 -1.1768e-02 -1.1659e-02 -1.1529e-02 -1.1377e-02 -1.1202e-02 -1.1004e-02 -1.0782e-02 -1.0535e-02 -1.0264e-02 -9.9670e-03 -9.6451e-03 -9.2981e-03 -8.9264e-03 -8.5306e-03 -8.1119e-03 -7.6716e-03 -7.2115e-03 -6.7341e-03 -6.2421e-03 -5.7390e-03 -5.2288e-03 -4.7159e-03 -4.2053e-03 -3.7028e-03 -3.2140e-03 -2.7450e-03 -2.3021e-03 -1.8909e-03 -1.5167e-03 -1.1840e-03 -8.9578e-04 -6.5364e-04 -4.5731e-04 -3.0459e-04 -1.9148e-04 -1.1241e-04 -6.0823e-05 -2.9841e-05 -1.3004e-05 -4.9031e-06 -1.5462e-06 -3.9012e-07 -7.4266e-08 -9.8548e-09 -8.1758e-10 -3.6405e-11 -6.9864e-13 -4.1780e-15 -4.7432e-18 -4.6514e-22 -1.0610e-27 -5.5442e-36 -8.0629e-49 -3.1284e-70 -7.4060e-110 -6.7885e-196 -0.0000e+00 -0.0000e+00 -2.2959e-03 -3.2461e-03 -3.9742e-03 -4.5866e-03 -5.1245e-03 -5.6090e-03 -6.0524e-03 -6.4628e-03 -6.8457e-03 -7.2051e-03 -7.5439e-03 -7.8645e-03 -8.1685e-03 -8.4573e-03 0.0000e+00 -8.9934e-03 -9.2422e-03 -9.4789e-03 -9.7038e-03 -9.9174e-03 -1.0120e-02 -1.0311e-02 -1.0491e-02 -1.0660e-02 -1.0818e-02 -1.0965e-02 -1.1100e-02 -1.1223e-02 -1.1335e-02 -1.1433e-02 -1.1520e-02 -1.1593e-02 -1.1652e-02 -1.1697e-02 -1.1728e-02 -1.1743e-02 -1.1743e-02 -1.1726e-02 -1.1691e-02 -1.1639e-02 -1.1569e-02 -1.1479e-02 -1.1370e-02 -1.1239e-02 -1.1088e-02 -1.0915e-02 -1.0719e-02 -1.0501e-02 -1.0259e-02 -9.9932e-03 -9.7039e-03 -9.3908e-03 -9.0542e-03 -8.6945e-03 -8.3125e-03 -7.9090e-03 -7.4856e-03 -7.0441e-03 -6.5865e-03 -6.1156e-03 -5.6345e-03 -5.1468e-03 -4.6566e-03 -4.1686e-03 -3.6876e-03 -3.2190e-03 -2.7682e-03 -2.3408e-03 -1.9419e-03 -1.5765e-03 -1.2486e-03 -9.6135e-04 -7.1652e-04 -5.1438e-04 -3.5352e-04 -2.3092e-04 -1.4210e-04 -8.1492e-05 -4.2973e-05 -2.0494e-05 -8.6553e-06 -3.1521e-06 -9.5644e-07 -2.3122e-07 -4.1968e-08 -5.2805e-09 -4.1278e-10 -1.7194e-11 -3.0614e-13 -1.6825e-15 -1.7364e-18 -1.5283e-22 -3.0822e-28 -1.3982e-36 -1.7256e-49 -5.5139e-71 -1.0306e-110 -6.9847e-197 -0.0000e+00 -0.0000e+00
-2.3641e-03 -3.3428e-03 -4.0928e-03 -4.7241e-03 -5.2789e-03 -5.7790e-03 -6.2372e-03 -6.6618e-03 -7.0586e-03 -7.4316e-03 -7.7839e-03 -8.1179e-03 -8.4354e-03 -8.7377e-03 -9.0261e-03 7.7278e-02 -9.5645e-03 -9.8157e-03 -1.0056e-02 -1.0284e-02 -1.0502e-02 -1.0710e-02 -1.0906e-02 -1.1092e-02 -1.1268e-02 -1.1432e-02 -1.1586e-02 -1.1728e-02 -1.1859e-02 -1.1978e-02 -1.2084e-02 -1.2178e-02 -1.2259e-02 -1.2326e-02 -1.2379e-02 -1.2417e-02 -1.2439e-02 -1.2446e-02 -1.2435e-02 -1.2406e-02 -1.2360e-02 -1.2293e-02 -1.2207e-02 -1.2099e-02 -1.1970e-02 -1.1818e-02 -1.1643e-02 -1.1444e-02 -1.1220e-02 -1.0970e-02 -1.0695e-02 -1.0393e-02 -1.0065e-02 -9.7106e-03 -9.3303e-03 -8.9247e-03 -8.4948e-03 -8.0419e-03 -7.5678e-03 -7.0750e-03 -6.5662e-03 -6.0449e-03 -5.5151e-03 -4.9816e-03 -4.4494e-03 -3.9243e-03 -3.4125e-03 -2.9204e-03 -2.4543e-03 -2.0205e-03 -1.6247e-03 -1.2716e-03 -9.6483e-04 -7.0621e-04 -4.9574e-04 -3.3139e-04 -2.0915e-04 -1.2331e-04 -6.7038e-05 -3.3061e-05 -1.4489e-05 -5.4970e-06 -1.7454e-06 -4.4375e-07 -8.5195e-08 -1.1413e-08 -9.5705e-10 -4.3137e-11 -8.3952e-13 -5.1030e-15 -5.9064e-18 -5.9290e-22 -1.3922e-27 -7.5501e-36 -1.1537e-48 -4.7983e-70 -1.2612e-109 -1.3775e-195 -0.0000e+00 -0.0000e+00 -2.3641e-03 -3.3426e-03 -4.0923e-03 -4.7229e-03 -5.2769e-03 -5.7758e-03 -6.2324e-03 -6.6551e-03 -7.0495e-03 -7.4198e-03 -7.7689e-03 -8.0992e-03 -8.4125e-03 -8.7102e-03 -8.9934e-03 0.0000e+00 -9.5195e-03 -9.7636e-03 -9.9958e-03 -1.0216e-02 -1.0425e-02 -1.0623e-02 -1.0809e-02 -1.0984e-02 -1.1147e-02 -1.1299e-02 -1.1439e-02 -1.1567e-02 -1.1682e-02 -1.1785e-02 -1.1875e-02 -1.1951e-02 -1.2014e-02 -1.2061e-02 -1.2094e-02 -1.2111e-02 -1.2112e-02 -1.2096e-02 -1.2062e-02 -1.2010e-02 -1.1939e-02 -1.1848e-02 -1.1737e-02 -1.1604e-02 -1.1450e-02 -1.1273e-02 -1.1073e-02 -1.0850e-02 -1.0602e-02 -1.0330e-02 -1.0034e-02 -9.7124e-03 -9.3669e-03 -8.9975e-03 -8.6048e-03 -8.1900e-03 -7.7544e-03 -7.2998e-03 -6.8284e-03 -6.3431e-03 -5.8469e-03 -5.3436e-03 -4.8374e-03 -4.3330e-03 -3.8356e-03 -3.3505e-03 -2.8836e-03 -2.4403e-03 -2.0263e-03 -1.6467e-03 -1.3056e-03 -1.0065e-03 -7.5114e-04 -5.4002e-04 -3.7175e-04 -2.4327e-04 -1.5001e-04 -8.6220e-05 -4.5583e-05 -2.1802e-05 -9.2380e-06 -3.3770e-06 -1.0291e-06 -2.5004e-07 -4.5650e-08 -5.7832e-09 -4.5574e-10 -1.9167e-11 -3.4526e-13 -1.9245e-15 -2.0210e-18 -1.8181e-22 -3.7701e-28 -1.7738e-36 -2.2995e-49 -7.8776e-71 -1.6355e-110 -1.3216e-196 -0.0000e+00 -0.0000e+00
