1.6572e-19 -4.6947e-19 -2.9179e-18 -1.0685e-17 -2.9293e-17 -6.6895e-17 -1.3471e-16 -2.4747e-16 -4.2395e-16 -6.8747e-16 -1.0666e-15 -1.5956e-15 -2.3158e-15 -3.2758e-15 -4.5330e-15 -6.1545e-15 -8.2187e-15 -1.0817e-14 -1.4055e-14 -1.8055e-14 -2.2958e-14 -2.8928e-14 -3.6152e-14 -4.4845e-14 -5.5255e-14 -6.7665e-14 -8.2395e-14 -9.9810e-14 -1.2032e-13 -1.4437e-13 -1.7246e-13 -2.0511e-13 -2.4284e-13 -2.8612e-13 -3.3534e-13 -3.9060e-13 -4.5162e-13 -5.1739e-13 -5.8585e-13 -6.5332e-13 -7.1407e-13 -7.5984e-13 -7.7999e-13 -7.6280e-13 -6.9868e-13 -5.8556e-13 -4.3501e-13 -2.7427e-13 -1.3831e-13 -5.1418e-14 -1.2603e-14 -1.7462e-15 -1.1061e-16 -2.3868e-18 -1.1663e-20 -7.3016e-24 -2.6377e-28 -1.7910e-34 -4.6836e-43 -4.9640e-55 -8.5522e-72 -2.3570e-95 -1.3014e-128 -8.5597e-176 -4.2500e-243 -0.0000e+00 -0.0000e+00 -0.0000e+00 -0.0000e+00 -0.0000e+00 -0.0000e+00 -0.0000e+00 -0.0000e+00 -0.0000e+00 -0.0000e+00 -0.0000e+00 -0.0000e+00 -0.0000e+00 -0.0000e+00 -0.0000e+00 -0.0000e+00 -0.0000e+00 -0.0000e+00 -0.0000e+00 -0.0000e+00 -0.0000e+00 -0.0000e+00 -0.0000e+00 -0.0000e+00 -0.0000e+00 -0.0000e+00 -0.0000e+00 -0.0000e+00 -0.0000e+00 -0.0000e+00 -0.0000e+00 -0.0000e+00 -0.0000e+00 -0.0000e+00 -0.0000e+00 0.0000e+00 -4.6947e-19 -2.9179e-18 -1.0685e-17 -2.9293e-17 -6.6895e-17 -1.3471e-16 -2.4747e-16 -4.2395e-16 -6.8747e-16 -1.0666e-15 -1.5956e-15 -2.3158e-15 -3.2758e-15 -4.5330e-15 -6.1545e-15 -8.2187e-15 -1.0817e-14 -1.4055e-14 -1.8055e-14 -2.2958e-14 -2.8928e-14 -3.6152e-14 -4.4845e-14 -5.5255e-14 -6.7665e-14 -8.2395e-14 -9.9810e-14 -1.2032e-13 -1.4437e-13 -1.7246e-13 -2.0511e-13 -2.4284e-13 -2.8612e-13 -3.3534e-13 -3.9060e-13 -4.5162e-13 -5.1739e-13 -5.8585e-13 -6.5332e-13 -7.1407e-13 -7.5984e-13 -7.7999e-13 -7.6280e-13 -6.9868e-13 -5.8556e-13 -4.3501e-13 -2.7427e-13 -1.3831e-13 -5.1418e-14 -1.2603e-14 -1.7462e-15 -1.1061e-16 -2.3868e-18 -1.1663e-20 -7.3016e-24 -2.6377e-28 -1.7910e-34 -4.6836e-43 -4.9640e-55 -8.5522e-72 -2.3570e-95 -1.3014e-128 -8.5597e-176 -4.2500e-243 -0.0000e+00 -0.0000e+00 -0.0000e+00 -0.0000e+00 -0.0000e+00 -0.0000e+00 -0.0000e+00 -0.0000e+00 -0.0000e+00 -0.0000e+00 -0.0000e+00 -0.0000e+00 -0.0000e+00 -0.0000e+00 -0.0000e+00 -0.0000e+00 -0.0000e+00 -0.0000e+00 -0.0000e+00 -0.0000e+00 -0.0000e+00 -0.0000e+00 -0.0000e+00 -0.0000e+00 -0.0000e+00 -0.0000e+00 -0.0000e+00 -0.0000e+00 -0.0000e+00 -0.0000e+00 -0.0000e+00 -0.0000e+00 -0.0000e+00 -0.0000e+00 -0.0000e+00
-4.6947e-19 1.7010e-16 -6.6121e-17 -2.4212e-16 -6.6378e-16 -1.5159e-15 -3.0526e-15 -5.6079e-15 -9.6069e-15 -1.5578e-14 -2.4169e-14 -3.6158e-14 -5.2477e-14 -7.4231e-14 -1.0272e-13 -1.3946e-13 -1.8624e-13 -2.4512e-13 -3.1849e-13 -4.0913e-13 -5.2024e-13 -6.5552e-13 -8.1921e-13 -1.0162e-12 -1.2521e-12 -1.5333e-12 -1.8671e-12 -2.2617e-12 -2.7264e-12 -3.2715e-12 -3.9080e-12 -4.6479e-12 -5.5028e-12 -6.4837e-12 -7.5988e-12 -8.8511e-12 -1.0234e-11 -1.1724e-11 -1.3275e-11 -1.4805e-11 -1.6181e-11 -1.7218e-11 -1.7675e-11 -1.7285e-11 -1.5832e-11 -1.3269e-11 -9.8574e-12 -6.2151e-12 -3.1340e-12 -1.1651e-12 -2.8559e-13 -3.9570e-14 -2.5064e-15 -5.4085e-17 -2.6429e-19 -1.6546e-22 -5.9771e-27 -4.0584e-33 -1.0613e-41 -1.1249e-53 -1.9380e-70 -5.3410e-94 -2.9490e-127 -1.9396e-174 -9.6305e-242 -0.0000e+00 -0.0000e+00 -0.0000e+00 -0.0000e+00 -0.0000e+00 -0.0000e+00 -0.0000e+00 -0.0000e+00 -0.0000e+00 -0.0000e+00 -0.0000e+00 -0.0000e+00 -0.0000e+00 -0.0000e+00 -0.0000e+00 -0.0000e+00 -0.0000e+00 -0.0000e+00 -0.0000e+00 -0.0000e+00 -0.0000e+00 -0.0000e+00 -0.0000e+00 -0.0000e+00 -0.0000e+00 -0.0000e+00 -0.0000e+00 -0.0000e+00 -0.0000e+00 -0.0000e+00 -0.0000e+00 -0.0000e+00 -0.0000e+00 -0.0000e+00 -0.0000e+00 -4.6947e-19 0.0000e+00 -6.6121e-17 -2.4212e-16 -6.6378e-16 -1.5159e-15 -3.0526e-15 -5.6079e-15 -9.6069e-15 -1.5578e-14 -2.4169e-14 -3.6158e-14 -5.2477e-14 -7.4231e-14 -1.0272e-13 -1.3946e-13 -1.8624e-13 -2.4512e-13 -3.1849e-13 -4.0913e-13 -5.2024e-13 -6.5552e-13 -8.1921e-13 -1.0162e-12 -1.2521e-12 -1.5333e-12 -1.8671e-12 -2.2617e-12 -2.7264e-12 -3.2715e-12 -3.9080e-12 -4.6479e-12 -5.5028e-12 -6.4837e-12 -7.5988e-12 -8.8511e-12 -1.0234e-11 -1.1724e-11 -1.3275e-11 -1.4805e-11 -1.6181e-11 -1.7218e-11 -1.7675e-11 -1.7285e-11 -1.5832e-11 -1.3269e-11 -9.8574e-12 -6.2151e-12 -3.1340e-12 -1.1651e-12 -2.8559e-13 -3.9570e-14 -2.5064e-15 -5.4085e-17 -2.6429e-19 -1.6546e-22 -5.9771e-27 -4.0584e-33 -1.0613e-41 -1.1249e-53 -1.9380e-70 -5.3410e-94 -2.9490e-127 -1.9396e-174 -9.6305e-242 -0.0000e+00 -0.0000e+00 -0.0000e+00 -0.0000e+00 -0.0000e+00 -0.0000e+00 -0.0000e+00 -0.0000e+00 -0.0000e+00 -0.0000e+00 -0.0000e+00 -0.0000e+00 -0.0000e+00 -0.0000e+00 -0.0000e+00 -0.0000e+00 -0.0000e+00 -0.0000e+00 -0.0000e+00 -0.0000e+00 -0.0000e+00 -0.0000e+00 -0.0000e+00 -0.0000e+00 -0.0000e+00 -0.0000e+00 -0.0000e+00 -0.0000e+00 -0.0000e+00 -0.0000e+00 -0.0000e+00 -0.0000e+00 -0.0000e+00 -0.0000e+00 -0.0000e+00
-2.9179e-18 -6.6121e-17 -3.8147e-07 -1.5049e-15 -4.1256e-15 -9.4215e-15 -1.8973e-14 -3.4854e-14 -5.9710e-14 -9.6824e-14 -1.5021e-13 -2.2473e-13 -3.2616e-13 -4.6137e-13 -6.3842e-13 -8.6680e-13 -1.1575e-12 -1.5235e-12 -1.9795e-12 -2.5428e-12 -3.2334e-12 -4.0742e-12 -5.0916e-12 -6.3160e-12 -7.7822e-12 -9.5299e-12 -1.1605e-11 -1.4057e-11 -1.6946e-11 -2.0333e-11 -2.4290e-11 -2.8888e-11 -3.4201e-11 -4.0298e-11 -4.7229e-11 -5.5012e-11 -6.3606e-11 -7.2870e-11 -8.2511e-11 -9.2014e-11 -1.0057e-10 -1.0702e-10 -1.0985e-10 -1.0743e-10 -9.8402e-11 -8.2471e-11 -6.1266e-11 -3.8629e-11 -1.9479e-11 -7.2417e-12 -1.7750e-12 -2.4594e-13 -1.5578e-14 -3.3616e-16 -1.6427e-18 -1.0284e-21 -3.7149e-26 -2.5224e-32 -6.5964e-41 -6.9913e-53 -1.2045e-69 -3.3196e-93 -1.8329e-126 -1.2055e-173 -5.9857e-241 -0.0000e+00 -0.0000e+00 -0.0000e+00 -0.0000e+00 -0.0000e+00 -0.0000e+00 -0.0000e+00 -0.0000e+00 -0.0000e+00 -0.0000e+00 -0.0000e+00 -0.0000e+00 -0.0000e+00 -0.0000e+00 -0.0000e+00 -0.0000e+00 -0.0000e+00 -0.0000e+00 -0.0000e+00 -0.0000e+00 -0.0000e+00 -0.0000e+00 -0.0000e+00 -0.0000e+00 -0.0000e+00 -0.0000e+00 -0.0000e+00 -0.0000e+00 -0.0000e+00 -0.0000e+00 -0.0000e+00 -0.0000e+00 -0.0000e+00 -0.0000e+00 -0.0000e+00 -2.9179e-18 -6.6121e-17 0.0000e+00 -1.5049e-15 -4.1256e-15 -9.4215e-15 -1.8973e-14 -3.4854e-14 -5.9710e-14 -9.6824e-14 -1.5021e-13 -2.2473e-13 -3.2616e-13 -4.6137e-13 -6.3842e-13 -8.6680e-13 -1.1575e-12 -1.5235e-12 -1.9795e-12 -2.5428e-12 -3.2334e-12 -4.0742e-12 -5.0916e-12 -6.3160e-12 -7.7822e-12 -9.5299e-12 -1.1605e-11 -1.4057e-11 -1.6946e-11 -2.0333e-11 -2.4290e-11 -2.8888e-11 -3.4201e-11 -4.0298e-11 -4.7229e-11 -5.5012e-11 -6.3606e-11 -7.2870e-11 -8.2511e-11 -9.2014e-11 -1.0057e-10 -1.0702e-10 -1.0985e-10 -1.0743e-10 -9.8402e-11 -8.2471e-11 -6.1266e-11 -3.8629e-11 -1.9479e-11 -7.2417e-12 -1.7750e-12 -2.4594e-13 -1.5578e-14 -3.3616e-16 -1.6427e-18 -1.0284e-21 -3.7149e-26 -2.5224e-32 -6.5964e-41 -6.9913e-53 -1.2045e-69 -3.3196e-93 -1.8329e-126 -1.2055e-173 -5.9857e-241 -0.0000e+00 -0.0000e+00 -0.0000e+00 -0.0000e+00 -0.0000e+00 -0.0000e+00 -0.0000e+00 -0.0000e+00 -0.0000e+00 -0.0000e+00 -0.0000e+00 -0.0000e+00 -0.0000e+00 -0.0000e+00 -0.0000e+00 -0.0000e+00 -0.0000e+00 -0.0000e+00 -0.0000e+00 -0.0000e+00 -0.0000e+00 -0.0000e+00 -0.0000e+00 -0.0000e+00 -0.0000e+00 -0.0000e+00 -0.0000e+00 -0.0000e+00 -0.0000e+00 -0.0000e+00 -0.0000e+00 -0.0000e+00 -0.0000e+00 -0.0000e+00 -0.0000e+00
-1.0685e-17 -2.4212e-16 -1.5049e-15 1.7588e-13 -1.5107e-14 -3.4500e-14 -6.9474e-14 -1.2763e-13 -2.1865e-13 -3.5455e-13 -5.5006e-13 -8.2292e-13 -1.1943e-12 -1.6894e-12 -2.3378e-12 -3.1741e-12 -4.2387e-12 -5.5786e-12 -7.2485e-12 -9.3114e-12 -1.1840e-11 -1.4919e-11 -1.8645e-11 -2.3128e-11 -2.8497e-11 -3.4897e-11 -4.2494e-11 -5.1475e-11 -6.2052e-11 -7.4457e-11 -8.8944e-11 -1.0578e-10 -1.2524e-10 -1.4756e-10 -1.7294e-10 -2.0145e-10 -2.3291e-10 -2.6684e-10 -3.0214e-10 -3.3694e-10 -3.6827e-10 -3.9187e-10 -4.0226e-10 -3.9340e-10 -3.6033e-10 -3.0199e-10 -2.2435e-10 -1.4145e-10 -7.1328e-11 -2.6518e-11 -6.4998e-12 -9.0059e-13 -5.7043e-14 -1.2309e-15 -6.0151e-18 -3.7657e-21 -1.3603e-25 -9.2366e-32 -2.4155e-40 -2.5601e-52 -4.4107e-69 -1.2156e-92 -6.7116e-126 -4.4145e-173 -2.1918e-240 -0.0000e+00 -0.0000e+00 -0.0000e+00 -0.0000e+00 -0.0000e+00 -0.0000e+00 -0.0000e+00 -0.0000e+00 -0.0000e+00 -0.0000e+00 -0.0000e+00 -0.0000e+00 -0.0000e+00 -0.0000e+00 -0.0000e+00 -0.0000e+00 -0.0000e+00 -0.0000e+00 -0.0000e+00 -0.0000e+00 -0.0000e+00 -0.0000e+00 -0.0000e+00 -0.0000e+00 -0.0000e+00 -0.0000e+00 -0.0000e+00 -0.0000e+00 -0.0000e+00 -0.0000e+00 -0.0000e+00 -0.0000e+00 -0.0000e+00 -0.0000e+00 -0.0000e+00 -1.0685e-17 -2.4212e-16 -1.5049e-15 0.0000e+00 -1.5107e-14 -3.4500e-14 -6.9474e-14 -1.2763e-13 -2.1865e-13 -3.5455e-13 -5.5006e-13 -8.2292e-13 -1.1943e-12 -1.6894e-12 -2.3378e-12 -3.1741e-12 -4.2387e-12 -5.5786e-12 -7.2485e-12 -9.3114e-12 -1.1840e-11 -1.4919e-11 -1.8645e-11 -2.3128e-11 -2.8497e-11 -3.4897e-11 -4.2494e-11 -5.1475e-11 -6.2052e-11 -7.4457e-11 -8.8944e-11 -1.0578e-10 -1.2524e-10 -1.4756e-10 -1.7294e-10 -2.0145e-10 -2.3291e-10 -2.6684e-10 -3.0214e-10 -3.3694e-10 -3.6827e-10 -3.9187e-10 -4.0226e-10 -3.9340e-10 -3.6033e-10 -3.0199e-10 -2.2435e-10 -1.4145e-10 -7.1328e-11 -2.6518e-11 -6.4998e-12 -9.0059e-13 -5.7043e-14 -1.2309e-15 -6.0151e-18 -3.7657e-21 -1.3603e-25 -9.2366e-32 -2.4155e-40 -2.5601e-52 -4.4107e-69 -1.2156e-92 -6.7116e-126 -4.4145e-173 -2.1918e-240 -0.0000e+00 -0.0000e+00 -0.0000e+00 -0.0000e+00 -0.0000e+00 -0.0000e+00 -0.0000e+00 -0.0000e+00 -0.0000e+00 -0.0000e+00 -0.0000e+00 -0.0000e+00 -0.0000e+00 -0.0000e+00 -0.0000e+00 -0.0000e+00 -0.0000e+00 -0.0000e+00 -0.0000e+00 -0.0000e+00 -0.0000e+00 -0.0000e+00 -0.0000e+00 -0.0000e+00 -0.0000e+00 -0.0000e+00 -0.0000e+00 -0.0000e+00 -0.0000e+00 -0.0000e+00 -0.0000e+00 -0.0000e+00 -0.0000e+00 -0.0000e+00 -0.0000e+00
-2.9293e-17 -6.6378e-16 -4.1256e-15 -1.5107e-14 1.6500e-12 -9.4582e-14 -1.9046e-13 -3.4990e-13 -5.9942e-13 -9.7201e-13 -1.5080e-12 -2.2560e-12 -3.2743e-12 -4.6316e-12 -6.4091e-12 -8.7017e-12 -1.1620e-11 -1.5294e-11 -1.9872e-11 -2.5527e-11 -3.2460e-11 -4.0901e-11 -5.1114e-11 -6.3406e-11 -7.8125e-11 -9.5670e-11 -1.1650e-10 -1.4112e-10 -1.7012e-10 -2.0412e-10 -2.4384e-10 -2.9000e-10 -3.4334e-10 -4.0455e-10 -4.7413e-10 -5.5226e-10 -6.3854e-10 -7.3154e-10 -8.2832e-10 -9.2373e-10 -1.0096e-09 -1.0743e-09 -1.1028e-09 -1.0785e-09 -9.8785e-10 -8.2792e-10 -6.1505e-10 -3.8779e-10 -1.9555e-10 -7.2699e-11 -1.7819e-11 -2.4690e-12 -1.5638e-13 -3.3747e-15 -1.6491e-17 -1.0324e-20 -3.7294e-25 -2.5322e-31 -6.6221e-40 -7.0185e-52 -1.2092e-68 -3.3325e-92 -1.8400e-125 -1.2102e-172 -6.0089e-240 -0.0000e+00 -0.0000e+00 -0.0000e+00 -0.0000e+00 -0.0000e+00 -0.0000e+00 -0.0000e+00 -0.0000e+00 -0.0000e+00 -0.0000e+00 -0.0000e+00 -0.0000e+00 -0.0000e+00 -0.0000e+00 -0.0000e+00 -0.0000e+00 -0.0000e+00 -0.0000e+00 -0.0000e+00 -0.0000e+00 -0.0000e+00 -0.0000e+00 -0.0000e+00 -0.0000e+00 -0.0000e+00 -0.0000e+00 -0.0000e+00 -0.0000e+00 -0.0000e+00 -0.0000e+00 -0.0000e+00 -0.0000e+00 -0.0000e+00 -0.0000e+00 -0.0000e+00 -2.9293e-17 -6.6378e-16 -4.1256e-15 -1.5107e-14 0.0000e+00 -9.4582e-14 -1.9046e-13 -3.4990e-13 -5.9942e-13 -9.7201e-13 -1.5080e-12 -2.2560e-12 -3.2743e-12 -4.6316e-12 -6.4091e-12 -8.7017e-12 -1.1620e-11 -1.5294e-11 -1.9872e-11 -2.5527e-11 -3.2460e-11 -4.0901e-11 -5.1114e-11 -6.3406e-11 -7.8125e-11 -9.5670e-11 -1.1650e-10 -1.4112e-10 -1.7012e-10 -2.0412e-10 -2.4384e-10 -2.9000e-10 -3.4334e-10 -4.0455e-10 -4.7413e-10 -5.5226e-10 -6.3854e-10 -7.3154e-10 -8.2832e-10 -9.2373e-10 -1.0096e-09 -1.0743e-09 -1.1028e-09 -1.0785e-09 -9.8785e-10 -8.2792e-10 -6.1505e-10 -3.8779e-10 -1.9555e-10 -7.2699e-11 -1.7819e-11 -2.4690e-12 -1.5638e-13 -3.3747e-15 -1.6491e-17 -1.0324e-20 -3.7294e-25 -2.5322e-31 -6.6221e-40 -7.0185e-52 -1.2092e-68 -3.3325e-92 -1.8400e-125 -1.2102e-172 -6.0089e-240 -0.0000e+00 -0.0000e+00 -0.0000e+00 -0.0000e+00 -0.0000e+00 -0.0000e+00 -0.0000e+00 -0.0000e+00 -0.0000e+00 -0.0000e+00 -0.0000e+00 -0.0000e+00 -0.0000e+00 -0.0000e+00 -0.0000e+00 -0.0000e+00 -0.0000e+00 -0.0000e+00 -0.0000e+00 -0.0000e+00 -0.0000e+00 -0.0000e+00 -0.0000e+00 -0.0000e+00 -0.0000e+00 -0.0000e+00 -0.0000e+00 -0.0000e+00 -0.0000e+00 -0.0000e+00 -0.0000e+00 -0.0000e+00 -0.0000e+00 -0.0000e+00 -0.0000e+00
-6.6895e-17 -1.5159e-15 -9.4215e-15 -3.4500e-14 -9.4582e-14 1.0308e-11 -4.3496e-13 -7.9906e-13 -1.3689e-12 -2.2197e-12 -3.4438e-12 -5.1521e-12 -7.4774e-12 -1.0577e-11 -1.4636e-11 -1.9872e-11 -2.6537e-11 -3.4926e-11 -4.5381e-11 -5.8296e-11 -7.4128e-11 -9.3404e-11 -1.1673e-10 -1.4480e-10 -1.7841e-10 -2.1848e-10 -2.6604e-10 -3.2227e-10 -3.8849e-10 -4.6615e-10 -5.5686e-10 -6.6227e-10 -7.8409e-10 -9.2385e-10 -1.0828e-09 -1.2612e-09 -1.4582e-09 -1.6706e-09 -1.8916e-09 -2.1095e-09 -2.3056e-09 -2.4534e-09 -2.5185e-09 -2.4630e-09 -2.2559e-09 -1.8907e-09 -1.4046e-09 -8.8558e-10 -4.4657e-10 -1.6602e-10 -4.0693e-11 -5.6383e-12 -3.5713e-13 -7.7066e-15 -3.7659e-17 -2.3576e-20 -8.5167e-25 -5.7828e-31 -1.5123e-39 -1.6028e-51 -2.7614e-68 -7.6104e-92 -4.2020e-125 -2.7638e-172 -1.3722e-239 -0.0000e+00 -0.0000e+00 -0.0000e+00 -0.0000e+00 -0.0000e+00 -0.0000e+00 -0.0000e+00 -0.0000e+00 -0.0000e+00 -0.0000e+00 -0.0000e+00 -0.0000e+00 -0.0000e+00 -0.0000e+00 -0.0000e+00 -0.0000e+00 -0.0000e+00 -0.0000e+00 -0.0000e+00 -0.0000e+00 -0.0000e+00 -0.0000e+00 -0.0000e+00 -0.0000e+00 -0.0000e+00 -0.0000e+00 -0.0000e+00 -0.0000e+00 -0.0000e+00 -0.0000e+00 -0.0000e+00 -0.0000e+00 -0.0000e+00 -0.0000e+00 -0.0000e+00 -6.6895e-17 -1.5159e-15 -9.4215e-15 -3.4500e-14 -9.4582e-14 0.0000e+00 -4.3496e-13 -7.9906e-13 -1.3689e-12 -2.2197e-12 -3.4438e-12 -5.1521e-12 -7.4774e-12 -1.0577e-11 -1.4636e-11 -1.9872e-11 -2.6537e-11 -3.4926e-11 -4.5381e-11 -5.8296e-11 -7.4128e-11 -9.3404e-11 -1.1673e-10 -1.4480e-10 -1.7841e-10 -2.1848e-10 -2.6604e-10 -3.2227e-10 -3.8849e-10 -4.6615e-10 -5.5686e-10 -6.6227e-10 -7.8409e-10 -9.2385e-10 -1.0828e-09 -1.2612e-09 -1.4582e-09 -1.6706e-09 -1.8916e-09 -2.1095e-09 -2.3056e-09 -2.4534e-09 -2.5185e-09 -2.4630e-09 -2.2559e-09 -1.8907e-09 -1.4046e-09 -8.8558e-10 -4.4657e-10 -1.6602e-10 -4.0693e-11 -5.6383e-12 -3.5713e-13 -7.7066e-15 -3.7659e-17 -2.3576e-20 -8.5167e-25 -5.7828e-31 -1.5123e-39 -1.6028e-51 -2.7614e-68 -7.6104e-92 -4.2020e-125 -2.7638e-172 -1.3722e-239 -0.0000e+00 -0.0000e+00 -0.0000e+00 -0.0000e+00 -0.0000e+00 -0.0000e+00 -0.0000e+00 -0.0000e+00 -0.0000e+00 -0.0000e+00 -0.0000e+00 -0.0000e+00 -0.0000e+00 -0.0000e+00 -0.0000e+00 -0.0000e+00 -0.0000e+00 -0.0000e+00 -0.0000e+00 -0.0000e+00 -0.0000e+00 -0.0000e+00 -0.0000e+00 -0.0000e+00 -0.0000e+00 -0.0000e+00 -0.0000e+00 -0.0000e+00 -0.0000e+00 -0.0000e+00 -0.0000e+00 -0.0000e+00 -0.0000e+00 -0.0000e+00 -0.0000e+00
-1.3471e-16 -3.0526e-15 -1.8973e-14 -6.9474e-14 -1.9046e-13 -4.3496e-13 -4.4469e-11 -1.6091e-12 -2.7566e-12 -4.4700e-12 -6.9349e-12 -1.0375e-11 -1.5058e-11 -2.1300e-11 -2.9474e-11 -4.0017e-11 -5.3439e-11 -7.0333e-11 -9.1386e-11 -1.1739e-10 -1.4928e-10 -1.8809e-10 -2.3506e-10 -2.9159e-10 -3.5928e-10 -4.3996e-10 -5.3574e-10 -6.4897e-10 -7.8232e-10 -9.3871e-10 -1.1214e-09 -1.3336e-09 -1.5789e-09 -1.8604e-09 -2.1804e-09 -2.5397e-09 -2.9365e-09 -3.3641e-09 -3.8092e-09 -4.2480e-09 -4.6430e-09 -4.9405e-09 -5.0715e-09 -4.9598e-09 -4.5429e-09 -3.8074e-09 -2.8284e-09 -1.7833e-09 -8.9927e-10 -3.3432e-10 -8.1946e-11 -1.1354e-11 -7.1917e-13 -1.5519e-14 -7.5836e-17 -4.7476e-20 -1.7151e-24 -1.1645e-30 -3.0453e-39 -3.2276e-51 -5.5607e-68 -1.5325e-91 -8.4617e-125 -5.5656e-172 -2.7634e-239 -0.0000e+00 -0.0000e+00 -0.0000e+00 -0.0000e+00 -0.0000e+00 -0.0000e+00 -0.0000e+00 -0.0000e+00 -0.0000e+00 -0.0000e+00 -0.0000e+00 -0.0000e+00 -0.0000e+00 -0.0000e+00 -0.0000e+00 -0.0000e+00 -0.0000e+00 -0.0000e+00 -0.0000e+00 -0.0000e+00 -0.0000e+00 -0.0000e+00 -0.0000e+00 -0.0000e+00 -0.0000e+00 -0.0000e+00 -0.0000e+00 -0.0000e+00 -0.0000e+00 -0.0000e+00 -0.0000e+00 -0.0000e+00 -0.0000e+00 -0.0000e+00 -0.0000e+00 -1.3471e-16 -3.0526e-15 -1.8973e-14 -6.9474e-14 -1.9046e-13 -4.3496e-13 0.0000e+00 -1.6091e-12 -2.7566e-12 -4.4700e-12 -6.9349e-12 -1.0375e-11 -1.5058e-11 -2.1300e-11 -2.9474e-11 -4.0017e-11 -5.3439e-11 -7.0333e-11 -9.1386e-11 -1.1739e-10 -1.4928e-10 -1.8809e-10 -2.3506e-10 -2.9159e-10 -3.5928e-10 -4.3996e-10 -5.3574e-10 -6.4897e-10 -7.8232e-10 -9.3871e-10 -1.1214e-09 -1.3336e-09 -1.5789e-09 -1.8604e-09 -2.1804e-09 -2.5397e-09 -2.9365e-09 -3.3641e-09 -3.8092e-09 -4.2480e-09 -4.6430e-09 -4.9405e-09 -5.0715e-09 -4.9598e-09 -4.5429e-09 -3.8074e-09 -2.8284e-09 -1.7833e-09 -8.9927e-10 -3.3432e-10 -8.1946e-11 -1.1354e-11 -7.1917e-13 -1.5519e-14 -7.5836e-17 -4.7476e-20 -1.7151e-24 -1.1645e-30 -3.0453e-39 -3.2276e-51 -5.5607e-68 -1.5325e-91 -8.4617e-125 -5.5656e-172 -2.7634e-239 -0.0000e+00 -0.0000e+00 -0.0000e+00 -0.0000e+00 -0.0000e+00 -0.0000e+00 -0.0000e+00 -0.0000e+00 -0.0000e+00 -0.0000e+00 -0.0000e+00 -0.0000e+00 -0.0000e+00 -0.0000e+00 -0.0000e+00 -0.0000e+00 -0.0000e+00 -0.0000e+00 -0.0000e+00 -0.0000e+00 -0.0000e+00 -0.0000e+00 -0.0000e+00 -0.0000e+00 -0.0000e+00 -0.0000e+00 -0.0000e+00 -0.0000e+00 -0.0000e+00 -0.0000e+00 -0.0000e+00 -0.0000e+00 -0.0000e+00 -0.0000e+00 -0.0000e+00
-2.4747e-16 -5.6079e-15 -3.4854e-14 -1.2763e-13 -3.4990e-13 -7.9906e-13 -1.6091e-12 1.8724e-10 -5.0641e-12 -8.2119e-12 -1.2740e-11 -1.9060e-11 -2.7662e-11 -3.9129e-11 -5.4146e-11 -7.3515e-11 -9.8173e-11 -1.2921e-10 -1.6788e-10 -2.1566e-10 -2.7423e-10 -3.4554e-10 -4.3183e-10 -5.3568e-10 -6.6003e-10 -8.0826e-10 -9.8421e-10 -1.1922e-09 -1.4372e-09 -1.7245e-09 -2.0601e-09 -2.4500e-09 -2.9007e-09 -3.4178e-09 -4.0056e-09 -4.6657e-09 -5.3946e-09 -6.1803e-09 -6.9979e-09 -7.8040e-09 -8.5296e-09 -9.0763e-09 -9.3169e-09 -9.1116e-09 -8.3457e-09 -6.9946e-09 -5.1961e-09 -3.2762e-09 -1.6521e-09 -6.1419e-10 -1.5054e-10 -2.0859e-11 -1.3212e-12 -2.8510e-14 -1.3932e-16 -8.7218e-20 -3.1507e-24 -2.1393e-30 -5.5946e-39 -5.9295e-51 -1.0216e-67 -2.8154e-91 -1.5545e-124 -1.0225e-171 -5.0766e-239 -0.0000e+00 -0.0000e+00 -0.0000e+00 -0.0000e+00 -0.0000e+00 -0.0000e+00 -0.0000e+00 -0.0000e+00 -0.0000e+00 -0.0000e+00 -0.0000e+00 -0.0000e+00 -0.0000e+00 -0.0000e+00 -0.0000e+00 -0.0000e+00 -0.0000e+00 -0.0000e+00 -0.0000e+00 -0.0000e+00 -0.0000e+00 -0.0000e+00 -0.0000e+00 -0.0000e+00 -0.0000e+00 -0.0000e+00 -0.0000e+00 -0.0000e+00 -0.0000e+00 -0.0000e+00 -0.0000e+00 -0.0000e+00 -0.0000e+00 -0.0000e+00 -0.0000e+00 -2.4747e-16 -5.6079e-15 -3.4854e-14 -1.2763e-13 -3.4990e-13 -7.9906e-13 -1.6091e-12 0.0000e+00 -5.0641e-12 -8.2119e-12 -1.2740e-11 -1.9060e-11 -2.7662e-11 -3.9129e-11 -5.4146e-11 -7.3515e-11 -9.8173e-11 -1.2921e-10 -1.6788e-10 -2.1566e-10 -2.7423e-10 -3.4554e-10 -4.3183e-10 -5.3568e-10 -6.6003e-10 -8.0826e-10 -9.8421e-10 -1.1922e-09 -1.4372e-09 -1.7245e-09 -2.0601e-09 -2.4500e-09 -2.9007e-09 -3.4178e-09 -4.0056e-09 -4.6657e-09 -5.3946e-09 -6.1803e-09 -6.9979e-09 -7.8040e-09 -8.5296e-09 -9.0763e-09 -9.3169e-09 -9.1116e-09 -8.3457e-09 -6.9946e-09 -5.1961e-09 -3.2762e-09 -1.6521e-09 -6.1419e-10 -1.5054e-10 -2.0859e-11 -1.3212e-12 -2.8510e-14 -1.3932e-16 -8.7218e-20 -3.1507e-24 -2.1393e-30 -5.5946e-39 -5.9295e-51 -1.0216e-67 -2.8154e-91 -1.5545e-124 -1.0225e-171 -5.0766e-239 -0.0000e+00 -0.0000e+00 -0.0000e+00 -0.0000e+00 -0.0000e+00 -0.0000e+00 -0.0000e+00 -0.0000e+00 -0.0000e+00 -0.0000e+00 -0.0000e+00 -0.0000e+00 -0.0000e+00 -0.0000e+00 -0.0000e+00 -0.0000e+00 -0.0000e+00 -0.0000e+00 -0.0000e+00 -0.0000e+00 -0.0000e+00 -0.0000e+00 -0.0000e+00 -0.0000e+00 -0.0000e+00 -0.0000e+00 -0.0000e+00 -0.0000e+00 -0.0000e+00 -0.0000e+00 -0.0000e+00 -0.0000e+00 -0.0000e+00 -0.0000e+00 -0.0000e+00
-4.2395e-16 -9.6069e-15 -5.9710e-14 -2.1865e-13 -5.9942e-13 -1.3689e-12 -2.7566e-12 -5.0641e-12 6.1650e-10 -1.4068e-11 -2.1825e-11 -3.2652e-11 -4.7389e-11 -6.7033e-11 -9.2758e-11 -1.2594e-10 -1.6818e-10 -2.2135e-10 -2.8761e-10 -3.6946e-10 -4.6979e-10 -5.9195e-10 -7.3978e-10 -9.1767e-10 -1.1307e-09 -1.3846e-09 -1.6861e-09 -2.0424e-09 -2.4621e-09 -2.9543e-09 -3.5291e-09 -4.1972e-09 -4.9692e-09 -5.8550e-09 -6.8620e-09 -7.9929e-09 -9.2415e-09 -1.0587e-08 -1.1988e-08 -1.3369e-08 -1.4612e-08 -1.5549e-08 -1.5961e-08 -1.5609e-08 -1.4297e-08 -1.1982e-08 -8.9016e-09 -5.6125e-09 -2.8302e-09 -1.0522e-09 -2.5790e-10 -3.5733e-11 -2.2633e-12 -4.8841e-14 -2.3867e-16 -1.4941e-19 -5.3975e-24 -3.6649e-30 -9.5842e-39 -1.0158e-50 -1.7501e-67 -4.8232e-91 -2.6630e-124 -1.7516e-171 -8.6968e-239 -0.0000e+00 -0.0000e+00 -0.0000e+00 -0.0000e+00 -0.0000e+00 -0.0000e+00 -0.0000e+00 -0.0000e+00 -0.0000e+00 -0.0000e+00 -0.0000e+00 -0.0000e+00 -0.0000e+00 -0.0000e+00 -0.0000e+00 -0.0000e+00 -0.0000e+00 -0.0000e+00 -0.0000e+00 -0.0000e+00 -0.0000e+00 -0.0000e+00 -0.0000e+00 -0.0000e+00 -0.0000e+00 -0.0000e+00 -0.0000e+00 -0.0000e+00 -0.0000e+00 -0.0000e+00 -0.0000e+00 -0.0000e+00 -0.0000e+00 -0.0000e+00 -0.0000e+00 -4.2395e-16 -9.6069e-15 -5.9710e-14 -2.1865e-13 -5.9942e-13 -1.3689e-12 -2.7566e-12 -5.0641e-12 0.0000e+00 -1.4068e-11 -2.1825e-11 -3.2652e-11 -4.7389e-11 -6.7033e-11 -9.2758e-11 -1.2594e-10 -1.6818e-10 -2.2135e-10 -2.8761e-10 -3.6946e-10 -4.6979e-10 -5.9195e-10 -7.3978e-10 -9.1767e-10 -1.1307e-09 -1.3846e-09 -1.6861e-09 -2.0424e-09 -2.4621e-09 -2.9543e-09 -3.5291e-09 -4.1972e-09 -4.9692e-09 -5.8550e-09 -6.8620e-09 -7.9929e-09 -9.2415e-09 -1.0587e-08 -1.1988e-08 -1.3369e-08 -1.4612e-08 -1.5549e-08 -1.5961e-08 -1.5609e-08 -1.4297e-08 -1.1982e-08 -8.9016e-09 -5.6125e-09 -2.8302e-09 -1.0522e-09 -2.5790e-10 -3.5733e-11 -2.2633e-12 -4.8841e-14 -2.3867e-16 -1.4941e-19 -5.3975e-24 -3.6649e-30 -9.5842e-39 -1.0158e-50 -1.7501e-67 -4.8231e-91 -2.6630e-124 -1.7516e-171 -8.6968e-239 -0.0000e+00 -0.0000e+00 -0.0000e+00 -0.0000e+00 -0.0000e+00 -0.0000e+00 -0.0000e+00 -0.0000e+00 -0.0000e+00 -0.0000e+00 -0.0000e+00 -0.0000e+00 -0.0000e+00 -0.0000e+00 -0.0000e+00 -0.0000e+00 -0.0000e+00 -0.0000e+00 -0.0000e+00 -0.0000e+00 -0.0000e+00 -0.0000e+00 -0.0000e+00 -0.0000e+00 -0.0000e+00 -0.0000e+00 -0.0000e+00 -0.0000e+00 -0.0000e+00 -0.0000e+00 -0.0000e+00 -0.0000e+00 -0.0000e+00 -0.0000e+00 -0.0000e+00
-6.8747e-16 -1.5578e-14 -9.6824e-14 -3.5455e-13 -9.7201e-13 -2.2197e-12 -4.4700e-12 -8.2119e-12 -1.4068e-11 1.7986e-09 -3.5391e-11 -5.2947e-11 -7.6845e-11 -1.0870e-10 -1.5042e-10 -2.0422e-10 -2.7272e-10 -3.5893e-10 -4.6638e-10 -5.9910e-10 -7.6181e-10 -9.5990e-10 -1.1996e-09 -1.4881e-09 -1.8335e-09 -2.2453e-09 -2.7341e-09 -3.3120e-09 -3.9925e-09 -4.7906e-09 -5.7227e-09 -6.8061e-09 -8.0580e-09 -9.4944e-09 -1.1127e-08 -1.2961e-08 -1.4986e-08 -1.7168e-08 -1.9440e-08 -2.1679e-08 -2.3695e-08 -2.5213e-08 -2.5882e-08 -2.5312e-08 -2.3184e-08 -1.9431e-08 -1.4435e-08 -9.1011e-09 -4.5893e-09 -1.7062e-09 -4.1820e-10 -5.7944e-11 -3.6702e-12 -7.9200e-14 -3.8702e-16 -2.4229e-19 -8.7526e-24 -5.9429e-30 -1.5542e-38 -1.6472e-50 -2.8379e-67 -7.8212e-91 -4.3184e-124 -2.8404e-171 -1.4103e-238 -0.0000e+00 -0.0000e+00 -0.0000e+00 -0.0000e+00 -0.0000e+00 -0.0000e+00 -0.0000e+00 -0.0000e+00 -0.0000e+00 -0.0000e+00 -0.0000e+00 -0.0000e+00 -0.0000e+00 -0.0000e+00 -0.0000e+00 -0.0000e+00 -0.0000e+00 -0.0000e+00 -0.0000e+00 -0.0000e+00 -0.0000e+00 -0.0000e+00 -0.0000e+00 -0.0000e+00 -0.0000e+00 -0.0000e+00 -0.0000e+00 -0.0000e+00 -0.0000e+00 -0.0000e+00 -0.0000e+00 -0.0000e+00 -0.0000e+00 -0.0000e+00 -0.0000e+00 -6.8747e-16 -1.5578e-14 -9.6824e-14 -3.5455e-13 -9.7201e-13 -2.2197e-12 -4.4700e-12 -8.2119e-12 -1.4068e-11 0.0000e+00 -3.5391e-11 -5.2947e-11 -7.6845e-11 -1.0870e-10 -1.5042e-10 -2.0422e-10 -2.7272e-10 -3.5893e-10 -4.6638e-10 -5.9910e-10 -7.6181e-10 -9.5990e-10 -1.1996e-09 -1.4881e-09 -1.8335e-09 -2.2453e-09 -2.7341e-09 -3.3120e-09 -3.9925e-09 -4.7906e-09 -5.7227e-09 -6.8061e-09 -8.0580e-09 -9.4944e-09 -1.1127e-08 -1.2961e-08 -1.4986e-08 -1.7168e-08 -1.9440e-08 -2.1679e-08 -2.3695e-08 -2.5213e-08 -2.5882e-08 -2.5312e-08 -2.3184e-08 -1.9431e-08 -1.4435e-08 -9.1011e-09 -4.5893e-09 -1.7062e-09 -4.1820e-10 -5.7944e-11 -3.6702e-12 -7.9200e-14 -3.8702e-16 -2.4229e-19 -8.7526e-24 -5.9429e-30 -1.5542e-38 -1.6472e-50 -2.8379e-67 -7.8211e-91 -4.3183e-124 -2.8403e-171 -1.4103e-238 -0.0000e+00 -0.0000e+00 -0.0000e+00 -0.0000e+00 -0.0000e+00 -0.0000e+00 -0.0000e+00 -0.0000e+00 -0.0000e+00 -0.0000e+00 -0.0000e+00 -0.0000e+00 -0.0000e+00 -0.0000e+00 -0.0000e+00 -0.0000e+00 -0.0000e+00 -0.0000e+00 -0.0000e+00 -0.0000e+00 -0.0000e+00 -0.0000e+00 -0.0000e+00 -0.0000e+00 -0.0000e+00 -0.0000e+00 -0.0000e+00 -0.0000e+00 -0.0000e+00 -0.0000e+00 -0.0000e+00 -0.0000e+00 -0.0000e+00 -0.0000e+00 -0.0000e+00
-1.0666e-15 -2.4169e-14 -1.5021e-13 -5.5006e-13 -1.5080e-12 -3.4438e-12 -6.9349e-12 -1.2740e-11 -2.1825e-11 -3.5391e-11 4.7475e-09 -8.2144e-11 -1.1922e-10 -1.6864e-10 -2.3336e-10 -3.1683e-10 -4.2310e-10 -5.5686e-10 -7.2355e-10 -9.2946e-10 -1.1819e-09 -1.4892e-09 -1.8611e-09 -2.3086e-09 -2.8446e-09 -3.4834e-09 -4.2417e-09 -5.1382e-09 -6.1940e-09 -7.4323e-09 -8.8784e-09 -1.0559e-08 -1.2501e-08 -1.4730e-08 -1.7263e-08 -2.0108e-08 -2.3249e-08 -2.6636e-08 -3.0160e-08 -3.3633e-08 -3.6761e-08 -3.9117e-08 -4.0154e-08 -3.9269e-08 -3.5968e-08 -3.0145e-08 -2.2394e-08 -1.4120e-08 -7.1200e-09 -2.6470e-09 -6.4881e-10 -8.9896e-11 -5.6940e-12 -1.2287e-13 -6.0043e-16 -3.7589e-19 -1.3579e-23 -9.2200e-30 -2.4112e-38 -2.5555e-50 -4.4028e-67 -1.2134e-90 -6.6999e-124 -4.4068e-171 -2.1881e-238 -0.0000e+00 -0.0000e+00 -0.0000e+00 -0.0000e+00 -0.0000e+00 -0.0000e+00 -0.0000e+00 -0.0000e+00 -0.0000e+00 -0.0000e+00 -0.0000e+00 -0.0000e+00 -0.0000e+00 -0.0000e+00 -0.0000e+00 -0.0000e+00 -0.0000e+00 -0.0000e+00 -0.0000e+00 -0.0000e+00 -0.0000e+00 -0.0000e+00 -0.0000e+00 -0.0000e+00 -0.0000e+00 -0.0000e+00 -0.0000e+00 -0.0000e+00 -0.0000e+00 -0.0000e+00 -0.0000e+00 -0.0000e+00 -0.0000e+00 -0.0000e+00 -0.0000e+00 -1.0666e-15 -2.4169e-14 -1.5021e-13 -5.5006e-13 -1.5080e-12 -3.4438e-12 -6.9349e-12 -1.2740e-11 -2.1825e-11 -3.5391e-11 0.0000e+00 -8.2144e-11 -1.1922e-10 -1.6864e-10 -2.3336e-10 -3.1683e-10 -4.2310e-10 -5.5686e-10 -7.2355e-10 -9.2946e-10 -1.1819e-09 -1.4892e-09 -1.8611e-09 -2.3086e-09 -2.8446e-09 -3.4834e-09 -4.2417e-09 -5.1382e-09 -6.1940e-09 -7.4323e-09 -8.8784e-09 -1.0559e-08 -1.2501e-08 -1.4730e-08 -1.7263e-08 -2.0108e-08 -2.3249e-08 -2.6636e-08 -3.0160e-08 -3.3633e-08 -3.6761e-08 -3.9117e-08 -4.0154e-08 -3.9269e-08 -3.5968e-08 -3.0145e-08 -2.2394e-08 -1.4120e-08 -7.1200e-09 -2.6470e-09 -6.4880e-10 -8.9896e-11 -5.6940e-12 -1.2287e-13 -6.0043e-16 -3.7589e-19 -1.3579e-23 -9.2200e-30 -2.4112e-38 -2.5555e-50 -4.4028e-67 -1.2134e-90 -6.6997e-124 -4.4066e-171 -2.1880e-238 -0.0000e+00 -0.0000e+00 -0.0000e+00 -0.0000e+00 -0.0000e+00 -0.0000e+00 -0.0000e+00 -0.0000e+00 -0.0000e+00 -0.0000e+00 -0.0000e+00 -0.0000e+00 -0.0000e+00 -0.0000e+00 -0.0000e+00 -0.0000e+00 -0.0000e+00 -0.0000e+00 -0.0000e+00 -0.0000e+00 -0.0000e+00 -0.0000e+00 -0.0000e+00 -0.0000e+00 -0.0000e+00 -0.0000e+00 -0.0000e+00 -0.0000e+00 -0.0000e+00 -0.0000e+00 -0.0000e+00 -0.0000e+00 -0.0000e+00 -0.0000e+00 -0.0000e+00
-1.5956e-15 -3.6158e-14 -2.2473e-13 -8.2292e-13 -2.2560e-12 -5.1521e-12 -1.0375e-11 -1.9060e-11 -3.2652e-11 -5.2947e-11 -8.2144e-11 1.1549e-08 -1.7836e-10 -2.5229e-10 -3.4912e-10 -4.7400e-10 -6.3299e-10 -8.3309e-10 -1.0825e-09 -1.3905e-09 -1.7682e-09 -2.2280e-09 -2.7843e-09 -3.4539e-09 -4.2556e-09 -5.2114e-09 -6.3459e-09 -7.6871e-09 -9.2666e-09 -1.1119e-08 -1.3283e-08 -1.5797e-08 -1.8703e-08 -2.2037e-08 -2.5827e-08 -3.0083e-08 -3.4783e-08 -3.9848e-08 -4.5120e-08 -5.0317e-08 -5.4996e-08 -5.8521e-08 -6.0073e-08 -5.8749e-08 -5.3811e-08 -4.5099e-08 -3.3503e-08 -2.1124e-08 -1.0652e-08 -3.9601e-09 -9.7065e-10 -1.3449e-10 -8.5186e-12 -1.8383e-13 -8.9829e-16 -5.6236e-19 -2.0315e-23 -1.3794e-29 -3.6073e-38 -3.8233e-50 -6.5871e-67 -1.8154e-90 -1.0024e-123 -6.5935e-171 -3.2740e-238 -0.0000e+00 -0.0000e+00 -0.0000e+00 -0.0000e+00 -0.0000e+00 -0.0000e+00 -0.0000e+00 -0.0000e+00 -0.0000e+00 -0.0000e+00 -0.0000e+00 -0.0000e+00 -0.0000e+00 -0.0000e+00 -0.0000e+00 -0.0000e+00 -0.0000e+00 -0.0000e+00 -0.0000e+00 -0.0000e+00 -0.0000e+00 -0.0000e+00 -0.0000e+00 -0.0000e+00 -0.0000e+00 -0.0000e+00 -0.0000e+00 -0.0000e+00 -0.0000e+00 -0.0000e+00 -0.0000e+00 -0.0000e+00 -0.0000e+00 -0.0000e+00 -0.0000e+00 -1.5956e-15 -3.6158e-14 -2.2473e-13 -8.2292e-13 -2.2560e-12 -5.1521e-12 -1.0375e-11 -1.9060e-11 -3.2652e-11 -5.2947e-11 -8.2144e-11 0.0000e+00 -1.7836e-10 -2.5229e-10 -3.4912e-10 -4.7400e-10 -6.3299e-10 -8.3309e-10 -1.0825e-09 -1.3905e-09 -1.7682e-09 -2.2280e-09 -2.7843e-09 -3.4539e-09 -4.2556e-09 -5.2114e-09 -6.3459e-09 -7.6871e-09 -9.2666e-09 -1.1119e-08 -1.3283e-08 -1.5797e-08 -1.8703e-08 -2.2037e-08 -2.5827e-08 -3.0083e-08 -3.4783e-08 -3.9848e-08 -4.5120e-08 -5.0317e-08 -5.4996e-08 -5.8521e-08 -6.0073e-08 -5.8749e-08 -5.3811e-08 -4.5099e-08 -3.3503e-08 -2.1124e-08 -1.0652e-08 -3.9601e-09 -9.7065e-10 -1.3449e-10 -8.5186e-12 -1.8383e-13 -8.9828e-16 -5.6235e-19 -2.0315e-23 -1.3794e-29 -3.6073e-38 -3.8232e-50 -6.5869e-67 -1.8153e-90 -1.0023e-123 -6.5928e-171 -3.2735e-238 -0.0000e+00 -0.0000e+00 -0.0000e+00 -0.0000e+00 -0.0000e+00 -0.0000e+00 -0.0000e+00 -0.0000e+00 -0.0000e+00 -0.0000e+00 -0.0000e+00 -0.0000e+00 -0.0000e+00 -0.0000e+00 -0.0000e+00 -0.0000e+00 -0.0000e+00 -0.0000e+00 -0.0000e+00 -0.0000e+00 -0.0000e+00 -0.0000e+00 -0.0000e+00 -0.0000e+00 -0.0000e+00 -0.0000e+00 -0.0000e+00 -0.0000e+00 -0.0000e+00 -0.0000e+00 -0.0000e+00 -0.0000e+00 -0.0000e+00 -0.0000e+00 -0.0000e+00
-2.3158e-15 -5.2477e-14 -3.2616e-13 -1.1943e-12 -3.2743e-12 -7.4774e-12 -1.5058e-11 -2.7662e-11 -4.7389e-11 -7.6845e-11 -1.1922e-10 -1.7836e-10 2.6246e-08 -3.6616e-10 -5.0669e-10 -6.8794e-10 -9.1868e-10 -1.2091e-09 -1.5710e-09 -2.0181e-09 -2.5662e-09 -3.2335e-09 -4.0410e-09 -5.0127e-09 -6.1764e-09 -7.5635e-09 -9.2100e-09 -1.1157e-08 -1.3449e-08 -1.6138e-08 -1.9278e-08 -2.2927e-08 -2.7144e-08 -3.1983e-08 -3.7483e-08 -4.3661e-08 -5.0481e-08 -5.7834e-08 -6.5485e-08 -7.3028e-08 -7.9818e-08 -8.4934e-08 -8.7186e-08 -8.5265e-08 -7.8097e-08 -6.5454e-08 -4.8624e-08 -3.0658e-08 -1.5460e-08 -5.7474e-09 -1.4088e-09 -1.9519e-10 -1.2363e-11 -2.6680e-13 -1.3037e-15 -8.1618e-19 -2.9485e-23 -2.0020e-29 -5.2357e-38 -5.5492e-50 -9.5609e-67 -2.6351e-90 -1.4551e-123 -9.5714e-171 -4.7530e-238 -0.0000e+00 -0.0000e+00 -0.0000e+00 -0.0000e+00 -0.0000e+00 -0.0000e+00 -0.0000e+00 -0.0000e+00 -0.0000e+00 -0.0000e+00 -0.0000e+00 -0.0000e+00 -0.0000e+00 -0.0000e+00 -0.0000e+00 -0.0000e+00 -0.0000e+00 -0.0000e+00 -0.0000e+00 -0.0000e+00 -0.0000e+00 -0.0000e+00 -0.0000e+00 -0.0000e+00 -0.0000e+00 -0.0000e+00 -0.0000e+00 -0.0000e+00 -0.0000e+00 -0.0000e+00 -0.0000e+00 -0.0000e+00 -0.0000e+00 -0.0000e+00 -0.0000e+00 -2.3158e-15 -5.2477e-14 -3.2616e-13 -1.1943e-12 -3.2743e-12 -7.4774e-12 -1.5058e-11 -2.7662e-11 -4.7389e-11 -7.6845e-11 -1.1922e-10 -1.7836e-10 0.0000e+00 -3.6616e-10 -5.0669e-10 -6.8794e-10 -9.1868e-10 -1.2091e-09 -1.5710e-09 -2.0181e-09 -2.5662e-09 -3.2335e-09 -4.0410e-09 -5.0127e-09 -6.1764e-09 -7.5635e-09 -9.2100e-09 -1.1157e-08 -1.3449e-08 -1.6138e-08 -1.9278e-08 -2.2927e-08 -2.7144e-08 -3.1983e-08 -3.7483e-08 -4.3661e-08 -5.0481e-08 -5.7834e-08 -6.5485e-08 -7.3028e-08 -7.9818e-08 -8.4933e-08 -8.7186e-08 -8.5265e-08 -7.8097e-08 -6.5454e-08 -4.8624e-08 -3.0658e-08 -1.5460e-08 -5.7474e-09 -1.4087e-09 -1.9519e-10 -1.2363e-11 -2.6679e-13 -1.3037e-15 -8.1617e-19 -2.9484e-23 -2.0020e-29 -5.2354e-38 -5.5489e-50 -9.5600e-67 -2.6348e-90 -1.4548e-123 -9.5691e-171 -4.7514e-238 -0.0000e+00 -0.0000e+00 -0.0000e+00 -0.0000e+00 -0.0000e+00 -0.0000e+00 -0.0000e+00 -0.0000e+00 -0.0000e+00 -0.0000e+00 -0.0000e+00 -0.0000e+00 -0.0000e+00 -0.0000e+00 -0.0000e+00 -0.0000e+00 -0.0000e+00 -0.0000e+00 -0.0000e+00 -0.0000e+00 -0.0000e+00 -0.0000e+00 -0.0000e+00 -0.0000e+00 -0.0000e+00 -0.0000e+00 -0.0000e+00 -0.0000e+00 -0.0000e+00 -0.0000e+00 -0.0000e+00 -0.0000e+00 -0.0000e+00 -0.0000e+00 -0.0000e+00
-3.2758e-15 -7.4231e-14 -4.6137e-13 -1.6894e-12 -4.6316e-12 -1.0577e-11 -2.1300e-11 -3.9129e-11 -6.7033e-11 -1.0870e-10 -1.6864e-10 -2.5229e-10 -3.6616e-10 5.6307e-08 -7.1673e-10 -9.7311e-10 -1.2995e-09 -1.7103e-09 -2.2223e-09 -2.8547e-09 -3.6300e-09 -4.5739e-09 -5.7161e-09 -7.0907e-09 -8.7367e-09 -1.0699e-08 -1.3028e-08 -1.5781e-08 -1.9024e-08 -2.2827e-08 -2.7269e-08 -3.2431e-08 -3.8396e-08 -4.5241e-08 -5.3022e-08 -6.1760e-08 -7.1408e-08 -8.1808e-08 -9.2631e-08 -1.0330e-07 -1.1291e-07 -1.2014e-07 -1.2333e-07 -1.2061e-07 -1.1047e-07 -9.2587e-08 -6.8781e-08 -4.3367e-08 -2.1868e-08 -8.1300e-09 -1.9927e-09 -2.7611e-10 -1.7489e-11 -3.7740e-13 -1.8442e-15 -1.1546e-18 -4.1709e-23 -2.8321e-29 -7.4066e-38 -7.8505e-50 -1.3526e-66 -3.7283e-90 -2.0588e-123 -1.3545e-170 -6.7274e-238 -0.0000e+00 -0.0000e+00 -0.0000e+00 -0.0000e+00 -0.0000e+00 -0.0000e+00 -0.0000e+00 -0.0000e+00 -0.0000e+00 -0.0000e+00 -0.0000e+00 -0.0000e+00 -0.0000e+00 -0.0000e+00 -0.0000e+00 -0.0000e+00 -0.0000e+00 -0.0000e+00 -0.0000e+00 -0.0000e+00 -0.0000e+00 -0.0000e+00 -0.0000e+00 -0.0000e+00 -0.0000e+00 -0.0000e+00 -0.0000e+00 -0.0000e+00 -0.0000e+00 -0.0000e+00 -0.0000e+00 -0.0000e+00 -0.0000e+00 -0.0000e+00 -0.0000e+00 -3.2758e-15 -7.4231e-14 -4.6137e-13 -1.6894e-12 -4.6316e-12 -1.0577e-11 -2.1300e-11 -3.9129e-11 -6.7033e-11 -1.0870e-10 -1.6864e-10 -2.5229e-10 -3.6616e-10 0.0000e+00 -7.1673e-10 -9.7311e-10 -1.2995e-09 -1.7103e-09 -2.2223e-09 -2.8547e-09 -3.6300e-09 -4.5739e-09 -5.7161e-09 -7.0907e-09 -8.7367e-09 -1.0699e-08 -1.3028e-08 -1.5781e-08 -1.9024e-08 -2.2827e-08 -2.7269e-08 -3.2431e-08 -3.8396e-08 -4.5241e-08 -5.3022e-08 -6.1760e-08 -7.1408e-08 -8.1808e-08 -9.2631e-08 -1.0330e-07 -1.1291e-07 -1.2014e-07 -1.2333e-07 -1.2061e-07 -1.1047e-07 -9.2586e-08 -6.8781e-08 -4.3367e-08 -2.1868e-08 -8.1300e-09 -1.9927e-09 -2.7611e-10 -1.7488e-11 -3.7739e-13 -1.8442e-15 -1.1545e-18 -4.1707e-23 -2.8319e-29 -7.4059e-38 -7.8494e-50 -1.3524e-66 -3.7273e-90 -2.0581e-123 -1.3538e-170 -6.7223e-238 -0.0000e+00 -0.0000e+00 -0.0000e+00 -0.0000e+00 -0.0000e+00 -0.0000e+00 -0.0000e+00 -0.0000e+00 -0.0000e+00 -0.0000e+00 -0.0000e+00 -0.0000e+00 -0.0000e+00 -0.0000e+00 -0.0000e+00 -0.0000e+00 -0.0000e+00 -0.0000e+00 -0.0000e+00 -0.0000e+00 -0.0000e+00 -0.0000e+00 -0.0000e+00 -0.0000e+00 -0.0000e+00 -0.0000e+00 -0.0000e+00 -0.0000e+00 -0.0000e+00 -0.0000e+00 -0.0000e+00 -0.0000e+00 -0.0000e+00 -0.0000e+00 -0.0000e+00
-4.5330e-15 -1.0272e-13 -6.3842e-13 -2.3378e-12 -6.4091e-12 -1.4636e-11 -2.9474e-11 -5.4146e-11 -9.2758e-11 -1.5042e-10 -2.3336e-10 -3.4912e-10 -5.0669e-10 -7.1673e-10 1.1497e-07 -1.3466e-09 -1.7982e-09 -2.3667e-09 -3.0751e-09 -3.9503e-09 -5.0231e-09 -6.3293e-09 -7.9098e-09 -9.8119e-09 -1.2090e-08 -1.4805e-08 -1.8028e-08 -2.1838e-08 -2.6325e-08 -3.1588e-08 -3.7734e-08 -4.4877e-08 -5.3131e-08 -6.2602e-08 -7.3370e-08 -8.5461e-08 -9.8812e-08 -1.1320e-07 -1.2818e-07 -1.4294e-07 -1.5624e-07 -1.6625e-07 -1.7066e-07 -1.6690e-07 -1.5287e-07 -1.2812e-07 -9.5178e-08 -6.0010e-08 -3.0261e-08 -1.1250e-08 -2.7575e-09 -3.8208e-10 -2.4201e-11 -5.2225e-13 -2.5521e-15 -1.5977e-18 -5.7721e-23 -3.9194e-29 -1.0251e-37 -1.0866e-49 -1.8723e-66 -5.1613e-90 -2.8507e-123 -1.8759e-170 -9.3200e-238 -0.0000e+00 -0.0000e+00 -0.0000e+00 -0.0000e+00 -0.0000e+00 -0.0000e+00 -0.0000e+00 -0.0000e+00 -0.0000e+00 -0.0000e+00 -0.0000e+00 -0.0000e+00 -0.0000e+00 -0.0000e+00 -0.0000e+00 -0.0000e+00 -0.0000e+00 -0.0000e+00 -0.0000e+00 -0.0000e+00 -0.0000e+00 -0.0000e+00 -0.0000e+00 -0.0000e+00 -0.0000e+00 -0.0000e+00 -0.0000e+00 -0.0000e+00 -0.0000e+00 -0.0000e+00 -0.0000e+00 -0.0000e+00 -0.0000e+00 -0.0000e+00 -0.0000e+00 -4.5330e-15 -1.0272e-13 -6.3842e-13 -2.3378e-12 -6.4091e-12 -1.4636e-11 -2.9474e-11 -5.4146e-11 -9.2758e-11 -1.5042e-10 -2.3336e-10 -3.4912e-10 -5.0669e-10 -7.1673e-10 0.0000e+00 -1.3466e-09 -1.7982e-09 -2.3667e-09 -3.0751e-09 -3.9503e-09 -5.0231e-09 -6.3293e-09 -7.9098e-09 -9.8119e-09 -1.2090e-08 -1.4805e-08 -1.8028e-08 -2.1838e-08 -2.6325e-08 -3.1588e-08 -3.7734e-08 -4.4877e-08 -5.3131e-08 -6.2602e-08 -7.3370e-08 -8.5461e-08 -9.8812e-08 -1.1320e-07 -1.2818e-07 -1.4294e-07 -1.5624e-07 -1.6625e-07 -1.7066e-07 -1.6690e-07 -1.5287e-07 -1.2812e-07 -9.5177e-08 -6.0009e-08 -3.0261e-08 -1.1250e-08 -2.7575e-09 -3.8207e-10 -2.4200e-11 -5.2223e-13 -2.5519e-15 -1.5976e-18 -5.7714e-23 -3.9188e-29 -1.0249e-37 -1.0863e-49 -1.8716e-66 -5.1584e-90 -2.8485e-123 -1.8738e-170 -9.3058e-238 -0.0000e+00 -0.0000e+00 -0.0000e+00 -0.0000e+00 -0.0000e+00 -0.0000e+00 -0.0000e+00 -0.0000e+00 -0.0000e+00 -0.0000e+00 -0.0000e+00 -0.0000e+00 -0.0000e+00 -0.0000e+00 -0.0000e+00 -0.0000e+00 -0.0000e+00 -0.0000e+00 -0.0000e+00 -0.0000e+00 -0.0000e+00 -0.0000e+00 -0.0000e+00 -0.0000e+00 -0.0000e+00 -0.0000e+00 -0.0000e+00 -0.0000e+00 -0.0000e+00 -0.0000e+00 -0.0000e+00 -0.0000e+00 -0.0000e+00 -0.0000e+00 -0.0000e+00
-6.1545e-15 -1.3946e-13 -8.6680e-13 -3.1741e-12 -8.7017e-12 -1.9872e-11 -4.0017e-11 -7.3515e-11 -1.2594e-10 -2.0422e-10 -3.1683e-10 -4.7400e-10 -6.8794e-10 -9.7311e-10 -1.3466e-09 2.2492e-07 -2.4415e-09 -3.2133e-09 -4.1751e-09 -5.3634e-09 -6.8200e-09 -8.5934e-09 -1.0739e-08 -1.3322e-08 -1.6414e-08 -2.0101e-08 -2.4476e-08 -2.9650e-08 -3.5742e-08 -4.2887e-08 -5.1232e-08 -6.0930e-08 -7.2137e-08 -8.4996e-08 -9.9615e-08 -1.1603e-07 -1.3416e-07 -1.5370e-07 -1.7403e-07 -1.9408e-07 -2.1212e-07 -2.2572e-07 -2.3170e-07 -2.2660e-07 -2.0755e-07 -1.7395e-07 -1.2923e-07 -8.1477e-08 -4.1086e-08 -1.5275e-08 -3.7440e-09 -5.1877e-10 -3.2860e-11 -7.0911e-13 -3.4653e-15 -2.1695e-18 -7.8381e-23 -5.3226e-29 -1.3922e-37 -1.4759e-49 -2.5435e-66 -7.0131e-90 -3.8747e-123 -2.5509e-170 -1.2682e-237 -0.0000e+00 -0.0000e+00 -0.0000e+00 -0.0000e+00 -0.0000e+00 -0.0000e+00 -0.0000e+00 -0.0000e+00 -0.0000e+00 -0.0000e+00 -0.0000e+00 -0.0000e+00 -0.0000e+00 -0.0000e+00 -0.0000e+00 -0.0000e+00 -0.0000e+00 -0.0000e+00 -0.0000e+00 -0.0000e+00 -0.0000e+00 -0.0000e+00 -0.0000e+00 -0.0000e+00 -0.0000e+00 -0.0000e+00 -0.0000e+00 -0.0000e+00 -0.0000e+00 -0.0000e+00 -0.0000e+00 -0.0000e+00 -0.0000e+00 -0.0000e+00 -0.0000e+00 -6.1545e-15 -1.3946e-13 -8.6680e-13 -3.1741e-12 -8.7017e-12 -1.9872e-11 -4.0017e-11 -7.3515e-11 -1.2594e-10 -2.0422e-10 -3.1683e-10 -4.7400e-10 -6.8794e-10 -9.7311e-10 -1.3466e-09 0.0000e+00 -2.4415e-09 -3.2133e-09 -4.1751e-09 -5.3634e-09 -6.8200e-09 -8.5934e-09 -1.0739e-08 -1.3322e-08 -1.6414e-08 -2.0101e-08 -2.4476e-08 -2.9650e-08 -3.5742e-08 -4.2887e-08 -5.1232e-08 -6.0930e-08 -7.2137e-08 -8.4996e-08 -9.9615e-08 -1.1603e-07 -1.3416e-07 -1.5370e-07 -1.7403e-07 -1.9408e-07 -2.1212e-07 -2.2572e-07 -2.3170e-07 -2.2660e-07 -2.0755e-07 -1.7395e-07 -1.2922e-07 -8.1476e-08 -4.1085e-08 -1.5274e-08 -3.7439e-09 -5.1875e-10 -3.2858e-11 -7.0905e-13 -3.4649e-15 -2.1692e-18 -7.8364e-23 -5.3211e-29 -1.3916e-37 -1.4750e-49 -2.5415e-66 -7.0055e-90 -3.8688e-123 -2.5454e-170 -1.2644e-237 -0.0000e+00 -0.0000e+00 -0.0000e+00 -0.0000e+00 -0.0000e+00 -0.0000e+00 -0.0000e+00 -0.0000e+00 -0.0000e+00 -0.0000e+00 -0.0000e+00 -0.0000e+00 -0.0000e+00 -0.0000e+00 -0.0000e+00 -0.0000e+00 -0.0000e+00 -0.0000e+00 -0.0000e+00 -0.0000e+00 -0.0000e+00 -0.0000e+00 -0.0000e+00 -0.0000e+00 -0.0000e+00 -0.0000e+00 -0.0000e+00 -0.0000e+00 -0.0000e+00 -0.0000e+00 -0.0000e+00 -0.0000e+00 -0.0000e+00 -0.0000e+00 -0.0000e+00
