3.2172e-08 -1.0355e-07 -1.9046e-07 -2.9372e-07 -4.1137e-07 -5.4216e-07 -6.8527e-07 -8.4013e-07 -1.0063e-06 -1.1836e-06 -1.3718e-06 -1.5707e-06 -1.7802e-06 -2.0002e-06 -2.2307e-06 -2.4715e-06 -2.7226e-06 -2.9836e-06 -3.2543e-06 -3.5343e-06 -3.8231e-06 -4.1201e-06 -4.4244e-06 -4.7351e-06 -5.0507e-06 -5.3697e-06 -5.6902e-06 -6.0099e-06 -6.3262e-06 -6.6357e-06 -6.9350e-06 -7.2197e-06 -7.4852e-06 -7.7262e-06 -7.9368e-06 -8.1107e-06 -8.2413e-06 -8.3216e-06 -8.3446e-06 -8.3036e-06 -8.1923e-06 -8.0058e-06 -7.7403e-06 -7.3944e-06 -6.9692e-06 -6.4694e-06 -5.9031e-06 -5.2826e-06 -4.6241e-06 -3.9474e-06 -3.2748e-06 -2.6296e-06 -2.0342e-06 -1.5077e-06 -1.0638e-06 -7.0929e-07 -4.4297e-07 -2.5647e-07 -1.3599e-07 -6.5091e-08 -2.7644e-08 -1.0205e-08 -3.1954e-09 -8.2377e-10 -1.6870e-10 -2.6273e-11 -2.9504e-12 -2.2380e-13 -1.0576e-14 -2.8169e-16 -3.7293e-18 -2.0954e-20 -4.0883e-23 -2.1431e-26 -2.1679e-30 -2.7504e-35 -2.4839e-41 -7.5215e-49 -2.7755e-58 -3.1457e-70 -1.6334e-85 -2.6984e-105 -3.1659e-131 -1.0550e-165 -2.7795e-212 -2.3314e-276 0.0000e+00 0.0000e+00 0.0000e+00 0.0000e+00 0.0000e+00 0.0000e+00 0.0000e+00 0.0000e+00 0.0000e+00 0.0000e+00 0.0000e+00 0.0000e+00 0.0000e+00 0.0000e+00 0.0000e+00 1.0355e-07 1.9046e-07 2.9372e-07 4.1137e-07 5.4216e-07 6.8527e-07 8.4013e-07 1.0063e-06 1.1836e-06 1.3718e-06 1.5707e-06 1.7802e-06 2.0002e-06 2.2307e-06 2.4715e-06 2.7226e-06 2.9836e-06 3.2543e-06 3.5343e-06 3.8231e-06 4.1201e-06 4.4244e-06 4.7351e-06 5.0507e-06 5.3697e-06 5.6902e-06 6.0099e-06 6.3262e-06 6.6357e-06 6.9350e-06 7.2197e-06 7.4852e-06 7.7262e-06 7.9368e-06 8.1107e-06 8.2413e-06 8.3216e-06 8.3446e-06 8.3036e-06 8.1923e-06 8.0058e-06 7.7403e-06 7.3944e-06 6.9692e-06 6.4694e-06 5.9031e-06 5.2826e-06 4.6241e-06 3.9474e-06 3.2748e-06 2.6296e-06 2.0342e-06 1.5077e-06 1.0638e-06 7.0929e-07 4.4297e-07 2.5647e-07 1.3599e-07 6.5091e-08 2.7644e-08 1.0205e-08 3.1954e-09 8.2376e-10 1.6870e-10 2.6273e-11 2.9504e-12 2.2379e-13 1.0576e-14 2.8169e-16 3.7293e-18 2.0953e-20 4.0882e-23 2.1431e-26 2.1678e-30 2.7504e-35 2.4839e-41 7.5213e-49 2.7754e-58 3.1456e-70 1.6333e-85 2.6982e-105 3.1656e-131 1.0549e-165 2.7792e-212 2.3311e-276 0.0000e+00 0.0000e+00 0.0000e+00 0.0000e+00 0.0000e+00 0.0000e+00 0.0000e+00 0.0000e+00 0.0000e+00 0.0000e+00 0.0000e+00 0.0000e+00 0.0000e+00 0.0000e+00
-1.0355e-07 5.1527e-07 -5.3909e-07 -8.3138e-07 -1.1644e-06 -1.5346e-06 -1.9396e-06 -2.3780e-06 -2.8484e-06 -3.3502e-06 -3.8827e-06 -4.4457e-06 -5.0387e-06 -5.6616e-06 -6.3140e-06 -6.9956e-06 -7.7061e-06 -8.4449e-06 -9.2111e-06 -1.0004e-05 -1.0821e-05 -1.1662e-05 -1.2523e-05 -1.3403e-05 -1.4296e-05 -1.5199e-05 -1.6106e-05 -1.7011e-05 -1.7906e-05 -1.8782e-05 -1.9629e-05 -2.0435e-05 -2.1187e-05 -2.1869e-05 -2.2465e-05 -2.2957e-05 -2.3327e-05 -2.3554e-05 -2.3619e-05 -2.3503e-05 -2.3188e-05 -2.2660e-05 -2.1909e-05 -2.0930e-05 -1.9726e-05 -1.8312e-05 -1.6709e-05 -1.4952e-05 -1.3089e-05 -1.1173e-05 -9.2694e-06 -7.4432e-06 -5.7578e-06 -4.2675e-06 -3.0112e-06 -2.0077e-06 -1.2538e-06 -7.2595e-07 -3.8493e-07 -1.8424e-07 -7.8247e-08 -2.8887e-08 -9.0447e-09 -2.3317e-09 -4.7751e-10 -7.4368e-11 -8.3516e-12 -6.3349e-13 -2.9939e-14 -7.9739e-16 -1.0557e-17 -5.9316e-20 -1.1573e-22 -6.0670e-26 -6.1374e-30 -7.7870e-35 -7.0328e-41 -2.1297e-48 -7.8593e-58 -8.9085e-70 -4.6263e-85 -7.6439e-105 -8.9701e-131 -2.9900e-165 -7.8806e-212 -6.6135e-276 0.0000e+00 0.0000e+00 0.0000e+00 0.0000e+00 0.0000e+00 0.0000e+00 0.0000e+00 0.0000e+00 0.0000e+00 0.0000e+00 0.0000e+00 0.0000e+00 0.0000e+00 0.0000e+00 1.0355e-07 0.0000e+00 5.3909e-07 8.3138e-07 1.1644e-06 1.5346e-06 1.9396e-06 2.3780e-06 2.8484e-06 3.3502e-06 3.8827e-06 4.4457e-06 5.0387e-06 5.6616e-06 6.3140e-06 6.9956e-06 7.7061e-06 8.4449e-06 9.2111e-06 1.0004e-05 1.0821e-05 1.1662e-05 1.2523e-05 1.3403e-05 1.4296e-05 1.5199e-05 1.6106e-05 1.7011e-05 1.7906e-05 1.8782e-05 1.9629e-05 2.0435e-05 2.1187e-05 2.1869e-05 2.2465e-05 2.2957e-05 2.3327e-05 2.3554e-05 2.3619e-05 2.3503e-05 2.3188e-05 2.2660e-05 2.1909e-05 2.0930e-05 1.9726e-05 1.8311e-05 1.6709e-05 1.4952e-05 1.3088e-05 1.1173e-05 9.2693e-06 7.4431e-06 5.7578e-06 4.2674e-06 3.0111e-06 2.0076e-06 1.2538e-06 7.2593e-07 3.8492e-07 1.8424e-07 7.8245e-08 2.8886e-08 9.0444e-09 2.3316e-09 4.7749e-10 7.4364e-11 8.3511e-12 6.3345e-13 2.9936e-14 7.9731e-16 1.0556e-17 5.9308e-20 1.1572e-22 6.0659e-26 6.1360e-30 7.7849e-35 7.0306e-41 2.1289e-48 7.8557e-58 8.9034e-70 4.6231e-85 7.6372e-105 8.9603e-131 2.9858e-165 7.8664e-212 6.5980e-276 0.0000e+00 0.0000e+00 0.0000e+00 0.0000e+00 0.0000e+00 0.0000e+00 0.0000e+00 0.0000e+00 0.0000e+00 0.0000e+00 0.0000e+00 0.0000e+00 0.0000e+00 0.0000e+00
-1.9046e-07 -5.3909e-07 2.6127e-06 -1.5292e-06 -2.1417e-06 -2.8226e-06 -3.5676e-06 -4.3739e-06 -5.2392e-06 -6.1621e-06 -7.1416e-06 -8.1771e-06 -9.2678e-06 -1.0413e-05 -1.1613e-05 -1.2867e-05 -1.4174e-05 -1.5533e-05 -1.6942e-05 -1.8400e-05 -1.9904e-05 -2.1450e-05 -2.3034e-05 -2.4652e-05 -2.6295e-05 -2.7956e-05 -2.9624e-05 -3.1289e-05 -3.2935e-05 -3.4547e-05 -3.6105e-05 -3.7587e-05 -3.8969e-05 -4.0224e-05 -4.1320e-05 -4.2226e-05 -4.2906e-05 -4.3324e-05 -4.3444e-05 -4.3230e-05 -4.2651e-05 -4.1680e-05 -4.0298e-05 -3.8497e-05 -3.6284e-05 -3.3681e-05 -3.0733e-05 -2.7503e-05 -2.4075e-05 -2.0552e-05 -1.7050e-05 -1.3691e-05 -1.0591e-05 -7.8497e-06 -5.5388e-06 -3.6930e-06 -2.3064e-06 -1.3354e-06 -7.0807e-07 -3.3892e-07 -1.4394e-07 -5.3139e-08 -1.6639e-08 -4.2896e-09 -8.7848e-10 -1.3682e-10 -1.5365e-11 -1.1656e-12 -5.5087e-14 -1.4673e-15 -1.9427e-17 -1.0916e-19 -2.1301e-22 -1.1168e-25 -1.1299e-29 -1.4338e-34 -1.2952e-40 -3.9234e-48 -1.4483e-57 -1.6424e-69 -8.5336e-85 -1.4110e-104 -1.6573e-130 -5.5307e-165 -1.4601e-211 -1.2281e-275 0.0000e+00 0.0000e+00 0.0000e+00 0.0000e+00 0.0000e+00 0.0000e+00 0.0000e+00 0.0000e+00 0.0000e+00 0.0000e+00 0.0000e+00 0.0000e+00 0.0000e+00 0.0000e+00 1.9046e-07 5.3909e-07 0.0000e+00 1.5292e-06 2.1417e-06 2.8226e-06 3.5676e-06 4.3739e-06 5.2392e-06 6.1621e-06 7.1416e-06 8.1771e-06 9.2678e-06 1.0413e-05 1.1613e-05 1.2867e-05 1.4174e-05 1.5533e-05 1.6942e-05 1.8400e-05 1.9904e-05 2.1450e-05 2.3034e-05 2.4652e-05 2.6295e-05 2.7956e-05 2.9624e-05 3.1289e-05 3.2935e-05 3.4547e-05 3.6105e-05 3.7587e-05 3.8969e-05 4.0224e-05 4.1320e-05 4.2226e-05 4.2906e-05 4.3324e-05 4.3443e-05 4.3230e-05 4.2651e-05 4.1679e-05 4.0297e-05 3.8496e-05 3.6283e-05 3.3681e-05 3.0732e-05 2.7502e-05 2.4074e-05 2.0551e-05 1.7049e-05 1.3690e-05 1.0590e-05 7.8492e-06 5.5384e-06 3.6927e-06 2.3062e-06 1.3352e-06 7.0799e-07 3.3887e-07 1.4392e-07 5.3131e-08 1.6636e-08 4.2887e-09 8.7826e-10 1.3678e-10 1.5360e-11 1.1651e-12 5.5063e-14 1.4665e-15 1.9415e-17 1.0909e-19 2.1284e-22 1.1157e-25 1.1286e-29 1.4319e-34 1.2932e-40 3.9157e-48 1.4449e-57 1.6376e-69 8.5033e-85 1.4047e-104 1.6481e-130 5.4918e-165 1.4469e-211 1.2136e-275 0.0000e+00 0.0000e+00 0.0000e+00 0.0000e+00 0.0000e+00 0.0000e+00 0.0000e+00 0.0000e+00 0.0000e+00 0.0000e+00 0.0000e+00 0.0000e+00 0.0000e+00 0.0000e+00
-2.9372e-07 -8.3138e-07 -1.5292e-06 8.2762e-06 -3.3028e-06 -4.3529e-06 -5.5019e-06 -6.7453e-06 -8.0797e-06 -9.5031e-06 -1.1014e-05 -1.2611e-05 -1.4293e-05 -1.6059e-05 -1.7910e-05 -1.9844e-05 -2.1859e-05 -2.3955e-05 -2.6128e-05 -2.8376e-05 -3.0695e-05 -3.3080e-05 -3.5523e-05 -3.8017e-05 -4.0551e-05 -4.3113e-05 -4.5686e-05 -4.8253e-05 -5.0792e-05 -5.3278e-05 -5.5680e-05 -5.7967e-05 -6.0098e-05 -6.2033e-05 -6.3724e-05 -6.5121e-05 -6.6170e-05 -6.6815e-05 -6.7000e-05 -6.6670e-05 -6.5778e-05 -6.4280e-05 -6.2149e-05 -5.9371e-05 -5.5958e-05 -5.1945e-05 -4.7399e-05 -4.2417e-05 -3.7130e-05 -3.1697e-05 -2.6297e-05 -2.1116e-05 -1.6335e-05 -1.2107e-05 -8.5431e-06 -5.6962e-06 -3.5575e-06 -2.0598e-06 -1.0922e-06 -5.2281e-07 -2.2205e-07 -8.1980e-08 -2.5670e-08 -6.6184e-09 -1.3555e-09 -2.1113e-10 -2.3713e-11 -1.7990e-12 -8.5034e-14 -2.2653e-15 -2.9998e-17 -1.6860e-19 -3.2908e-22 -1.7259e-25 -1.7468e-29 -2.2177e-34 -2.0045e-40 -6.0761e-48 -2.2450e-57 -2.5487e-69 -1.3262e-84 -2.1968e-104 -2.5866e-130 -8.6600e-165 -2.2961e-211 -1.9427e-275 0.0000e+00 0.0000e+00 0.0000e+00 0.0000e+00 0.0000e+00 0.0000e+00 0.0000e+00 0.0000e+00 0.0000e+00 0.0000e+00 0.0000e+00 0.0000e+00 0.0000e+00 0.0000e+00 2.9372e-07 8.3138e-07 1.5292e-06 0.0000e+00 3.3028e-06 4.3529e-06 5.5019e-06 6.7453e-06 8.0797e-06 9.5031e-06 1.1014e-05 1.2611e-05 1.4293e-05 1.6059e-05 1.7910e-05 1.9844e-05 2.1859e-05 2.3955e-05 2.6128e-05 2.8376e-05 3.0695e-05 3.3080e-05 3.5523e-05 3.8017e-05 4.0551e-05 4.3113e-05 4.5686e-05 4.8253e-05 5.0792e-05 5.3277e-05 5.5680e-05 5.7966e-05 6.0098e-05 6.2032e-05 6.3723e-05 6.5120e-05 6.6168e-05 6.6813e-05 6.6998e-05 6.6668e-05 6.5775e-05 6.4277e-05 6.2146e-05 5.9368e-05 5.5955e-05 5.1942e-05 4.7395e-05 4.2413e-05 3.7126e-05 3.1693e-05 2.6293e-05 2.1113e-05 1.6332e-05 1.2105e-05 8.5412e-06 5.6948e-06 3.5566e-06 2.0592e-06 1.0919e-06 5.2260e-07 2.2195e-07 8.1937e-08 2.5655e-08 6.6139e-09 1.3544e-09 2.1094e-10 2.3688e-11 1.7968e-12 8.4917e-14 2.2616e-15 2.9942e-17 1.6823e-19 3.2824e-22 1.7206e-25 1.7405e-29 2.2083e-34 1.9943e-40 6.0388e-48 2.2283e-57 2.5255e-69 1.3114e-84 2.1664e-104 2.5416e-130 8.4694e-165 2.2313e-211 1.8716e-275 0.0000e+00 0.0000e+00 0.0000e+00 0.0000e+00 0.0000e+00 0.0000e+00 0.0000e+00 0.0000e+00 0.0000e+00 0.0000e+00 0.0000e+00 0.0000e+00 0.0000e+00 0.0000e+00
-4.1137e-07 -1.1644e-06 -2.1417e-06 -3.3028e-06 2.0264e-05 -6.0964e-06 -7.7056e-06 -9.4470e-06 -1.1316e-05 -1.3309e-05 -1.5425e-05 -1.7661e-05 -2.0017e-05 -2.2492e-05 -2.5084e-05 -2.7792e-05 -3.0614e-05 -3.3549e-05 -3.6593e-05 -3.9742e-05 -4.2990e-05 -4.6330e-05 -4.9752e-05 -5.3245e-05 -5.6794e-05 -6.0381e-05 -6.3985e-05 -6.7581e-05 -7.1137e-05 -7.4618e-05 -7.7983e-05 -8.1185e-05 -8.4171e-05 -8.6881e-05 -8.9250e-05 -9.1207e-05 -9.2676e-05 -9.3579e-05 -9.3839e-05 -9.3378e-05 -9.2129e-05 -9.0032e-05 -8.7047e-05 -8.3158e-05 -7.8378e-05 -7.2758e-05 -6.6391e-05 -5.9414e-05 -5.2009e-05 -4.4400e-05 -3.6836e-05 -2.9580e-05 -2.2883e-05 -1.6961e-05 -1.1968e-05 -7.9805e-06 -4.9844e-06 -2.8861e-06 -1.5305e-06 -7.3264e-07 -3.1119e-07 -1.1490e-07 -3.5983e-08 -9.2784e-09 -1.9006e-09 -2.9608e-10 -3.3260e-11 -2.5239e-12 -1.1933e-13 -3.1800e-15 -4.2127e-17 -2.3688e-19 -4.6260e-22 -2.4277e-25 -2.4591e-29 -3.1252e-34 -2.8281e-40 -8.5855e-48 -3.1782e-57 -3.6166e-69 -1.8875e-84 -3.1388e-104 -3.7144e-130 -1.2518e-164 -3.3486e-211 -2.8672e-275 0.0000e+00 0.0000e+00 0.0000e+00 0.0000e+00 0.0000e+00 0.0000e+00 0.0000e+00 0.0000e+00 0.0000e+00 0.0000e+00 0.0000e+00 0.0000e+00 0.0000e+00 0.0000e+00 4.1137e-07 1.1644e-06 2.1417e-06 3.3028e-06 0.0000e+00 6.0964e-06 7.7056e-06 9.4470e-06 1.1316e-05 1.3309e-05 1.5425e-05 1.7661e-05 2.0017e-05 2.2492e-05 2.5084e-05 2.7792e-05 3.0614e-05 3.3549e-05 3.6593e-05 3.9742e-05 4.2990e-05 4.6329e-05 4.9752e-05 5.3244e-05 5.6793e-05 6.0381e-05 6.3985e-05 6.7580e-05 7.1136e-05 7.4617e-05 7.7982e-05 8.1183e-05 8.4169e-05 8.6878e-05 8.9246e-05 9.1202e-05 9.2671e-05 9.3574e-05 9.3832e-05 9.3371e-05 9.2120e-05 9.0022e-05 8.7037e-05 8.3147e-05 7.8367e-05 7.2746e-05 6.6378e-05 5.9401e-05 5.1997e-05 4.4388e-05 3.6825e-05 2.9569e-05 2.2874e-05 1.6953e-05 1.1962e-05 7.9758e-06 4.9811e-06 2.8839e-06 1.5292e-06 7.3192e-07 3.1084e-07 1.1476e-07 3.5931e-08 9.2630e-09 1.8969e-09 2.9543e-10 3.3176e-11 2.5165e-12 1.1893e-13 3.1675e-15 4.1935e-17 2.3562e-19 4.5971e-22 2.4098e-25 2.4377e-29 3.0927e-34 2.7930e-40 8.4575e-48 3.1208e-57 3.5371e-69 1.8366e-84 3.0340e-104 3.5596e-130 1.1861e-164 3.1249e-211 2.6210e-275 0.0000e+00 0.0000e+00 0.0000e+00 0.0000e+00 0.0000e+00 0.0000e+00 0.0000e+00 0.0000e+00 0.0000e+00 0.0000e+00 0.0000e+00 0.0000e+00 0.0000e+00 0.0000e+00
-5.4216e-07 -1.5346e-06 -2.8226e-06 -4.3529e-06 -6.0964e-06 4.2170e-05 -1.0156e-05 -1.2451e-05 -1.4914e-05 -1.7541e-05 -2.0329e-05 -2.3277e-05 -2.6382e-05 -2.9643e-05 -3.3059e-05 -3.6628e-05 -4.0348e-05 -4.4216e-05 -4.8228e-05 -5.2378e-05 -5.6658e-05 -6.1060e-05 -6.5570e-05 -7.0174e-05 -7.4852e-05 -7.9580e-05 -8.4330e-05 -8.9069e-05 -9.3756e-05 -9.8344e-05 -1.0278e-04 -1.0700e-04 -1.1094e-04 -1.1451e-04 -1.1763e-04 -1.2021e-04 -1.2215e-04 -1.2334e-04 -1.2368e-04 -1.2308e-04 -1.2143e-04 -1.1867e-04 -1.1474e-04 -1.0961e-04 -1.0331e-04 -9.5909e-05 -8.7517e-05 -7.8322e-05 -6.8563e-05 -5.8534e-05 -4.8564e-05 -3.9000e-05 -3.0172e-05 -2.2365e-05 -1.5783e-05 -1.0524e-05 -6.5739e-06 -3.8068e-06 -2.0190e-06 -9.6660e-07 -4.1063e-07 -1.5164e-07 -4.7498e-08 -1.2250e-08 -2.5100e-09 -3.9114e-10 -4.3955e-11 -3.3368e-12 -1.5785e-13 -4.2088e-15 -5.5795e-17 -3.1400e-19 -6.1382e-22 -3.2252e-25 -3.2717e-29 -4.1652e-34 -3.7775e-40 -1.1499e-47 -4.2709e-57 -4.8805e-69 -2.5609e-84 -4.2877e-104 -5.1188e-130 -1.7451e-164 -4.7390e-211 -4.1399e-275 0.0000e+00 0.0000e+00 0.0000e+00 0.0000e+00 0.0000e+00 0.0000e+00 0.0000e+00 0.0000e+00 0.0000e+00 0.0000e+00 0.0000e+00 0.0000e+00 0.0000e+00 0.0000e+00 5.4216e-07 1.5346e-06 2.8226e-06 4.3529e-06 6.0964e-06 0.0000e+00 1.0156e-05 1.2451e-05 1.4914e-05 1.7541e-05 2.0329e-05 2.3277e-05 2.6382e-05 2.9643e-05 3.3059e-05 3.6628e-05 4.0348e-05 4.4216e-05 4.8228e-05 5.2377e-05 5.6658e-05 6.1059e-05 6.5570e-05 7.0173e-05 7.4850e-05 7.9578e-05 8.4328e-05 8.9066e-05 9.3753e-05 9.8340e-05 1.0278e-04 1.0699e-04 1.1093e-04 1.1450e-04 1.1762e-04 1.2020e-04 1.2213e-04 1.2332e-04 1.2367e-04 1.2306e-04 1.2141e-04 1.1864e-04 1.1471e-04 1.0958e-04 1.0328e-04 9.5875e-05 8.7483e-05 7.8287e-05 6.8529e-05 5.8500e-05 4.8533e-05 3.8971e-05 3.0147e-05 2.2344e-05 1.5766e-05 1.0512e-05 6.5648e-06 3.8008e-06 2.0154e-06 9.6463e-07 4.0968e-07 1.5124e-07 4.7355e-08 1.2208e-08 2.5001e-09 3.8936e-10 4.3725e-11 3.3166e-12 1.5674e-13 4.1746e-15 5.5268e-17 3.1053e-19 6.0587e-22 3.1760e-25 3.2127e-29 4.0760e-34 3.6810e-40 1.1146e-47 4.1130e-57 4.6616e-69 2.4205e-84 3.9985e-104 4.6910e-130 1.5631e-164 4.1178e-211 3.4532e-275 0.0000e+00 0.0000e+00 0.0000e+00 0.0000e+00 0.0000e+00 0.0000e+00 0.0000e+00 0.0000e+00 0.0000e+00 0.0000e+00 0.0000e+00 0.0000e+00 0.0000e+00 0.0000e+00
-6.8527e-07 -1.9396e-06 -3.5676e-06 -5.5019e-06 -7.7056e-06 -1.0156e-05 7.8455e-05 -1.5737e-05 -1.8850e-05 -2.2171e-05 -2.5696e-05 -2.9421e-05 -3.3346e-05 -3.7468e-05 -4.1785e-05 -4.6296e-05 -5.0999e-05 -5.5888e-05 -6.0958e-05 -6.6204e-05 -7.1614e-05 -7.7178e-05 -8.2879e-05 -8.8698e-05 -9.4611e-05 -1.0059e-04 -1.0659e-04 -1.1258e-04 -1.1851e-04 -1.2431e-04 -1.2991e-04 -1.3525e-04 -1.4023e-04 -1.4474e-04 -1.4869e-04 -1.5195e-04 -1.5441e-04 -1.5591e-04 -1.5635e-04 -1.5559e-04 -1.5351e-04 -1.5002e-04 -1.4505e-04 -1.3858e-04 -1.3062e-04 -1.2126e-04 -1.1066e-04 -9.9034e-05 -8.6700e-05 -7.4022e-05 -6.1418e-05 -4.9325e-05 -3.8164e-05 -2.8291e-05 -1.9967e-05 -1.3316e-05 -8.3190e-06 -4.8182e-06 -2.5558e-06 -1.2239e-06 -5.2005e-07 -1.9211e-07 -6.0192e-08 -1.5530e-08 -3.1834e-09 -4.9632e-10 -5.5808e-11 -4.2396e-12 -2.0072e-13 -5.3570e-15 -7.1099e-17 -4.0067e-19 -7.8452e-22 -4.1302e-25 -4.1997e-29 -5.3621e-34 -4.8803e-40 -1.4920e-47 -5.5718e-57 -6.4101e-69 -3.3920e-84 -5.7403e-104 -6.9470e-130 -2.4100e-164 -6.6935e-211 -6.0199e-275 0.0000e+00 0.0000e+00 0.0000e+00 0.0000e+00 0.0000e+00 0.0000e+00 0.0000e+00 0.0000e+00 0.0000e+00 0.0000e+00 0.0000e+00 0.0000e+00 0.0000e+00 0.0000e+00 6.8527e-07 1.9396e-06 3.5676e-06 5.5019e-06 7.7056e-06 1.0156e-05 0.0000e+00 1.5737e-05 1.8850e-05 2.2171e-05 2.5696e-05 2.9421e-05 3.3346e-05 3.7467e-05 4.1785e-05 4.6296e-05 5.0998e-05 5.5887e-05 6.0958e-05 6.6203e-05 7.1613e-05 7.7177e-05 8.2878e-05 8.8696e-05 9.4608e-05 1.0058e-04 1.0659e-04 1.1258e-04 1.1850e-04 1.2430e-04 1.2990e-04 1.3524e-04 1.4021e-04 1.4472e-04 1.4867e-04 1.5193e-04 1.5437e-04 1.5588e-04 1.5631e-04 1.5554e-04 1.5346e-04 1.4996e-04 1.4499e-04 1.3851e-04 1.3055e-04 1.2118e-04 1.1057e-04 9.8952e-05 8.6617e-05 7.3942e-05 6.1343e-05 4.9258e-05 3.8104e-05 2.8241e-05 1.9927e-05 1.3286e-05 8.2976e-06 4.8041e-06 2.5473e-06 1.2193e-06 5.1781e-07 1.9116e-07 5.9855e-08 1.5431e-08 3.1600e-09 4.9213e-10 5.5266e-11 4.1921e-12 1.9811e-13 5.2765e-15 6.9856e-17 3.9249e-19 7.6579e-22 4.0143e-25 4.0607e-29 5.1519e-34 4.6526e-40 1.4088e-47 5.1985e-57 5.8917e-69 3.0591e-84 5.0533e-104 5.9280e-130 1.9750e-164 5.2017e-211 4.3605e-275 0.0000e+00 0.0000e+00 0.0000e+00 0.0000e+00 0.0000e+00 0.0000e+00 0.0000e+00 0.0000e+00 0.0000e+00 0.0000e+00 0.0000e+00 0.0000e+00 0.0000e+00 0.0000e+00
-8.4013e-07 -2.3780e-06 -4.3739e-06 -6.7453e-06 -9.4470e-06 -1.2451e-05 -1.5737e-05 1.3449e-04 -2.3110e-05 -2.7181e-05 -3.1502e-05 -3.6070e-05 -4.0881e-05 -4.5935e-05 -5.1228e-05 -5.6759e-05 -6.2524e-05 -6.8518e-05 -7.4734e-05 -8.1165e-05 -8.7799e-05 -9.4620e-05 -1.0161e-04 -1.0874e-04 -1.1599e-04 -1.2332e-04 -1.3068e-04 -1.3803e-04 -1.4529e-04 -1.5241e-04 -1.5928e-04 -1.6583e-04 -1.7193e-04 -1.7747e-04 -1.8231e-04 -1.8632e-04 -1.8932e-04 -1.9118e-04 -1.9172e-04 -1.9079e-04 -1.8825e-04 -1.8397e-04 -1.7789e-04 -1.6996e-04 -1.6020e-04 -1.4873e-04 -1.3573e-04 -1.2149e-04 -1.0636e-04 -9.0818e-05 -7.5362e-05 -6.0531e-05 -4.6840e-05 -3.4728e-05 -2.4514e-05 -1.6352e-05 -1.0218e-05 -5.9194e-06 -3.1408e-06 -1.5045e-06 -6.3954e-07 -2.3635e-07 -7.4090e-08 -1.9127e-08 -3.9233e-09 -6.1216e-10 -6.8896e-11 -5.2394e-12 -2.4836e-13 -6.6384e-15 -8.8260e-17 -4.9840e-19 -9.7832e-22 -5.1658e-25 -5.2716e-29 -6.7599e-34 -6.1850e-40 -1.9032e-47 -7.1637e-57 -8.3228e-69 -4.4580e-84 -7.6598e-104 -9.4475e-130 -3.3565e-164 -9.6047e-211 -8.9677e-275 0.0000e+00 0.0000e+00 0.0000e+00 0.0000e+00 0.0000e+00 0.0000e+00 0.0000e+00 0.0000e+00 0.0000e+00 0.0000e+00 0.0000e+00 0.0000e+00 0.0000e+00 0.0000e+00 8.4013e-07 2.3780e-06 4.3739e-06 6.7453e-06 9.4470e-06 1.2451e-05 1.5737e-05 0.0000e+00 2.3110e-05 2.7181e-05 3.1502e-05 3.6070e-05 4.0881e-05 4.5934e-05 5.1228e-05 5.6758e-05 6.2523e-05 6.8517e-05 7.4733e-05 8.1164e-05 8.7797e-05 9.4617e-05 1.0161e-04 1.0874e-04 1.1599e-04 1.2331e-04 1.3067e-04 1.3802e-04 1.4528e-04 1.5239e-04 1.5926e-04 1.6580e-04 1.7190e-04 1.7743e-04 1.8227e-04 1.8626e-04 1.8926e-04 1.9110e-04 1.9163e-04 1.9069e-04 1.8814e-04 1.8385e-04 1.7775e-04 1.6981e-04 1.6005e-04 1.4857e-04 1.3556e-04 1.2131e-04 1.0619e-04 9.0652e-05 7.5206e-05 6.0389e-05 4.6715e-05 3.4623e-05 2.4430e-05 1.6289e-05 1.0173e-05 5.8898e-06 3.1230e-06 1.4948e-06 6.3483e-07 2.3436e-07 7.3381e-08 1.8917e-08 3.8741e-09 6.0334e-10 6.7755e-11 5.1394e-12 2.4288e-13 6.4689e-15 8.5642e-17 4.8118e-19 9.3883e-22 4.9214e-25 4.9782e-29 6.3159e-34 5.7037e-40 1.7271e-47 6.3726e-57 7.2220e-69 3.7495e-84 6.1930e-104 7.2635e-130 2.4190e-164 6.3672e-211 5.3313e-275 0.0000e+00 0.0000e+00 0.0000e+00 0.0000e+00 0.0000e+00 0.0000e+00 0.0000e+00 0.0000e+00 0.0000e+00 0.0000e+00 0.0000e+00 0.0000e+00 0.0000e+00 0.0000e+00
-1.0063e-06 -2.8484e-06 -5.2392e-06 -8.0797e-06 -1.1316e-05 -1.4914e-05 -1.8850e-05 -2.3110e-05 2.1663e-04 -3.2559e-05 -3.7735e-05 -4.3206e-05 -4.8969e-05 -5.5022e-05 -6.1363e-05 -6.7988e-05 -7.4893e-05 -8.2073e-05 -8.9520e-05 -9.7224e-05 -1.0517e-04 -1.1334e-04 -1.2172e-04 -1.3026e-04 -1.3895e-04 -1.4773e-04 -1.5655e-04 -1.6535e-04 -1.7405e-04 -1.8257e-04 -1.9081e-04 -1.9865e-04 -2.0597e-04 -2.1261e-04 -2.1842e-04 -2.2322e-04 -2.2683e-04 -2.2906e-04 -2.2971e-04 -2.2861e-04 -2.2557e-04 -2.2046e-04 -2.1318e-04 -2.0369e-04 -1.9201e-04 -1.7828e-04 -1.6271e-04 -1.4565e-04 -1.2753e-04 -1.0891e-04 -9.0387e-05 -7.2611e-05 -5.6198e-05 -4.1676e-05 -2.9425e-05 -1.9634e-05 -1.2272e-05 -7.1121e-06 -3.7753e-06 -1.8093e-06 -7.6951e-07 -2.8456e-07 -8.9268e-08 -2.3065e-08 -4.7356e-09 -7.3974e-10 -8.3364e-11 -6.3494e-12 -3.0152e-13 -8.0765e-15 -1.0765e-16 -6.0971e-19 -1.2010e-21 -6.3687e-25 -6.5321e-29 -8.4275e-34 -7.7678e-40 -2.4116e-47 -9.1766e-57 -1.0803e-68 -5.8812e-84 -1.0307e-103 -1.3025e-129 -4.7665e-164 -1.4141e-210 -1.3796e-274 0.0000e+00 0.0000e+00 0.0000e+00 0.0000e+00 0.0000e+00 0.0000e+00 0.0000e+00 0.0000e+00 0.0000e+00 0.0000e+00 0.0000e+00 0.0000e+00 0.0000e+00 0.0000e+00 1.0063e-06 2.8484e-06 5.2392e-06 8.0797e-06 1.1316e-05 1.4914e-05 1.8850e-05 2.3110e-05 0.0000e+00 3.2559e-05 3.7735e-05 4.3205e-05 4.8969e-05 5.5022e-05 6.1362e-05 6.7987e-05 7.4892e-05 8.2072e-05 8.9518e-05 9.7221e-05 1.0517e-04 1.1334e-04 1.2171e-04 1.3025e-04 1.3893e-04 1.4771e-04 1.5653e-04 1.6532e-04 1.7402e-04 1.8254e-04 1.9077e-04 1.9860e-04 2.0590e-04 2.1253e-04 2.1832e-04 2.2311e-04 2.2670e-04 2.2891e-04 2.2954e-04 2.2841e-04 2.2535e-04 2.2022e-04 2.1292e-04 2.0340e-04 1.9171e-04 1.7796e-04 1.6238e-04 1.4531e-04 1.2720e-04 1.0859e-04 9.0084e-05 7.2336e-05 5.5957e-05 4.1473e-05 2.9263e-05 1.9511e-05 1.2185e-05 7.0550e-06 3.7408e-06 1.7905e-06 7.6042e-07 2.8073e-07 8.7898e-08 2.2660e-08 4.6405e-09 7.2270e-10 8.1159e-11 6.1561e-12 2.9093e-13 7.7485e-15 1.0258e-16 5.7637e-19 1.1245e-21 5.8947e-25 5.9627e-29 7.5648e-34 6.8314e-40 2.0684e-47 7.6314e-57 8.6475e-69 4.4888e-84 7.4116e-104 8.6881e-130 2.8909e-164 7.5971e-211 6.3425e-275 0.0000e+00 0.0000e+00 0.0000e+00 0.0000e+00 0.0000e+00 0.0000e+00 0.0000e+00 0.0000e+00 0.0000e+00 0.0000e+00 0.0000e+00 0.0000e+00 0.0000e+00 0.0000e+00
-1.1836e-06 -3.3502e-06 -6.1621e-06 -9.5031e-06 -1.3309e-05 -1.7541e-05 -2.2171e-05 -2.7181e-05 -3.2559e-05 3.3222e-04 -4.4382e-05 -5.0817e-05 -5.7596e-05 -6.4715e-05 -7.2173e-05 -7.9966e-05 -8.8088e-05 -9.6533e-05 -1.0529e-04 -1.1435e-04 -1.2370e-04 -1.3331e-04 -1.4316e-04 -1.5322e-04 -1.6343e-04 -1.7376e-04 -1.8414e-04 -1.9449e-04 -2.0473e-04 -2.1476e-04 -2.2445e-04 -2.3368e-04 -2.4229e-04 -2.5011e-04 -2.5695e-04 -2.6261e-04 -2.6687e-04 -2.6950e-04 -2.7028e-04 -2.6900e-04 -2.6544e-04 -2.5945e-04 -2.5090e-04 -2.3975e-04 -2.2603e-04 -2.0989e-04 -1.9158e-04 -1.7152e-04 -1.5021e-04 -1.2830e-04 -1.0650e-04 -8.5575e-05 -6.6249e-05 -4.9144e-05 -3.4711e-05 -2.3169e-05 -1.4489e-05 -8.4009e-06 -4.4620e-06 -2.1398e-06 -9.1078e-07 -3.3709e-07 -1.0586e-07 -2.7383e-08 -5.6298e-09 -8.8080e-10 -9.9443e-11 -7.5902e-12 -3.6134e-13 -9.7071e-15 -1.2983e-16 -7.3832e-19 -1.4614e-21 -7.7934e-25 -8.0478e-29 -1.0467e-33 -9.7419e-40 -3.0598e-47 -1.1806e-56 -1.4134e-68 -7.8502e-84 -1.4093e-103 -1.8328e-129 -6.9413e-164 -2.1450e-210 -2.1960e-274 0.0000e+00 0.0000e+00 0.0000e+00 0.0000e+00 0.0000e+00 0.0000e+00 0.0000e+00 0.0000e+00 0.0000e+00 0.0000e+00 0.0000e+00 0.0000e+00 0.0000e+00 0.0000e+00 1.1836e-06 3.3502e-06 6.1621e-06 9.5031e-06 1.3309e-05 1.7541e-05 2.2171e-05 2.7181e-05 3.2559e-05 0.0000e+00 4.4382e-05 5.0817e-05 5.7595e-05 6.4715e-05 7.2172e-05 7.9964e-05 8.8085e-05 9.6530e-05 1.0529e-04 1.1435e-04 1.2369e-04 1.3330e-04 1.4315e-04 1.5320e-04 1.6341e-04 1.7373e-04 1.8410e-04 1.9444e-04 2.0468e-04 2.1469e-04 2.2437e-04 2.3359e-04 2.4217e-04 2.4997e-04 2.5678e-04 2.6241e-04 2.6664e-04 2.6924e-04 2.6998e-04 2.6865e-04 2.6505e-04 2.5902e-04 2.5043e-04 2.3924e-04 2.2548e-04 2.0931e-04 1.9099e-04 1.7091e-04 1.4961e-04 1.2771e-04 1.0595e-04 8.5079e-05 6.5814e-05 4.8779e-05 3.4419e-05 2.2948e-05 1.4332e-05 8.2978e-06 4.3998e-06 2.1059e-06 8.9438e-07 3.3018e-07 1.0338e-07 2.6652e-08 5.4579e-09 8.5001e-10 9.5455e-11 7.2404e-12 3.4218e-13 9.1133e-15 1.2065e-16 6.7787e-19 1.3225e-21 6.9326e-25 7.0123e-29 8.8958e-34 8.0327e-40 2.4319e-47 8.9708e-57 1.0162e-68 5.2728e-84 8.6998e-104 1.0186e-129 3.3823e-164 8.8557e-211 7.3420e-275 0.0000e+00 0.0000e+00 0.0000e+00 0.0000e+00 0.0000e+00 0.0000e+00 0.0000e+00 0.0000e+00 0.0000e+00 0.0000e+00 0.0000e+00 0.0000e+00 0.0000e+00 0.0000e+00
-1.3718e-06 -3.8827e-06 -7.1416e-06 -1.1014e-05 -1.5425e-05 -2.0329e-05 -2.5696e-05 -3.1502e-05 -3.7735e-05 -4.4382e-05 4.8975e-04 -5.8895e-05 -6.6752e-05 -7.5003e-05 -8.3647e-05 -9.2678e-05 -1.0209e-04 -1.1188e-04 -1.2203e-04 -1.3253e-04 -1.4337e-04 -1.5451e-04 -1.6593e-04 -1.7758e-04 -1.8942e-04 -2.0140e-04 -2.1343e-04 -2.2543e-04 -2.3730e-04 -2.4893e-04 -2.6018e-04 -2.7088e-04 -2.8087e-04 -2.8995e-04 -2.9789e-04 -3.0446e-04 -3.0941e-04 -3.1249e-04 -3.1341e-04 -3.1195e-04 -3.0785e-04 -3.0093e-04 -2.9104e-04 -2.7814e-04 -2.6226e-04 -2.4357e-04 -2.2237e-04 -1.9912e-04 -1.7442e-04 -1.4901e-04 -1.2373e-04 -9.9452e-05 -7.7020e-05 -5.7158e-05 -4.0389e-05 -2.6974e-05 -1.6878e-05 -9.7931e-06 -5.2056e-06 -2.4986e-06 -1.0646e-06 -3.9450e-07 -1.2405e-07 -3.2140e-08 -6.6198e-09 -1.0379e-09 -1.1746e-10 -8.9909e-12 -4.2944e-13 -1.1581e-14 -1.5559e-16 -8.8955e-19 -1.7717e-21 -9.5180e-25 -9.9142e-29 -1.3028e-33 -1.2272e-39 -3.9101e-47 -1.5344e-56 -1.8739e-68 -1.0655e-83 -1.9662e-103 -2.6409e-129 -1.0385e-163 -3.3530e-210 -3.6135e-274 0.0000e+00 0.0000e+00 0.0000e+00 0.0000e+00 0.0000e+00 0.0000e+00 0.0000e+00 0.0000e+00 0.0000e+00 0.0000e+00 0.0000e+00 0.0000e+00 0.0000e+00 0.0000e+00 1.3718e-06 3.8827e-06 7.1416e-06 1.1014e-05 1.5425e-05 2.0329e-05 2.5696e-05 3.1502e-05 3.7735e-05 4.4382e-05 0.0000e+00 5.8895e-05 6.6751e-05 7.5002e-05 8.3645e-05 9.2675e-05 1.0209e-04 1.1187e-04 1.2202e-04 1.3252e-04 1.4335e-04 1.5449e-04 1.6590e-04 1.7755e-04 1.8939e-04 2.0135e-04 2.1337e-04 2.2535e-04 2.3721e-04 2.4882e-04 2.6004e-04 2.7072e-04 2.8067e-04 2.8971e-04 2.9760e-04 3.0413e-04 3.0902e-04 3.1203e-04 3.1290e-04 3.1136e-04 3.0719e-04 3.0019e-04 2.9024e-04 2.7727e-04 2.6132e-04 2.4258e-04 2.2135e-04 1.9808e-04 1.7339e-04 1.4802e-04 1.2280e-04 9.8603e-05 7.6276e-05 5.6533e-05 3.9890e-05 2.6596e-05 1.6610e-05 9.6168e-06 5.0992e-06 2.4407e-06 1.0365e-06 3.8266e-07 1.1981e-07 3.0888e-08 6.3255e-09 9.8512e-10 1.1063e-10 8.3912e-12 3.9656e-13 1.0561e-14 1.3982e-16 7.8555e-19 1.5326e-21 8.0331e-25 8.1249e-29 1.0306e-33 9.3047e-40 2.8162e-47 1.0385e-56 1.1758e-68 6.0947e-84 1.0041e-103 1.1726e-129 3.8762e-164 1.0066e-210 8.2128e-275 0.0000e+00 0.0000e+00 0.0000e+00 0.0000e+00 0.0000e+00 0.0000e+00 0.0000e+00 0.0000e+00 0.0000e+00 0.0000e+00 0.0000e+00 0.0000e+00 0.0000e+00 0.0000e+00
-1.5707e-06 -4.4457e-06 -8.1771e-06 -1.2611e-05 -1.7661e-05 -2.3277e-05 -2.9421e-05 -3.6070e-05 -4.3206e-05 -5.0817e-05 -5.8895e-05 6.9886e-04 -7.6430e-05 -8.5878e-05 -9.5775e-05 -1.0612e-04 -1.1690e-04 -1.2810e-04 -1.3973e-04 -1.5175e-04 -1.6416e-04 -1.7692e-04 -1.8999e-04 -2.0334e-04 -2.1691e-04 -2.3062e-04 -2.4440e-04 -2.5815e-04 -2.7176e-04 -2.8508e-04 -2.9797e-04 -3.1024e-04 -3.2170e-04 -3.3210e-04 -3.4122e-04 -3.4877e-04 -3.5446e-04 -3.5801e-04 -3.5911e-04 -3.5746e-04 -3.5280e-04 -3.4492e-04 -3.3364e-04 -3.1890e-04 -3.0074e-04 -2.7937e-04 -2.5511e-04 -2.2849e-04 -2.0021e-04 -1.7110e-04 -1.4212e-04 -1.1429e-04 -8.8551e-05 -6.5751e-05 -4.6490e-05 -3.1070e-05 -1.9457e-05 -1.1300e-05 -6.0125e-06 -2.8894e-06 -1.2328e-06 -4.5752e-07 -1.4413e-07 -3.7417e-08 -7.7249e-09 -1.2144e-09 -1.3788e-10 -1.0592e-11 -5.0807e-13 -1.3769e-14 -1.8605e-16 -1.0708e-18 -2.1493e-21 -1.1652e-24 -1.2266e-28 -1.6318e-33 -1.5596e-39 -5.0531e-47 -2.0221e-56 -2.5260e-68 -1.4743e-83 -2.8040e-103 -3.8991e-129 -1.5958e-163 -5.3962e-210 -6.1379e-274 0.0000e+00 0.0000e+00 0.0000e+00 0.0000e+00 0.0000e+00 0.0000e+00 0.0000e+00 0.0000e+00 0.0000e+00 0.0000e+00 0.0000e+00 0.0000e+00 0.0000e+00 0.0000e+00 1.5707e-06 4.4457e-06 8.1771e-06 1.2611e-05 1.7661e-05 2.3277e-05 2.9421e-05 3.6070e-05 4.3205e-05 5.0817e-05 5.8895e-05 0.0000e+00 7.6429e-05 8.5876e-05 9.5772e-05 1.0611e-04 1.1689e-04 1.2809e-04 1.3972e-04 1.5174e-04 1.6414e-04 1.7689e-04 1.8996e-04 2.0329e-04 2.1684e-04 2.3054e-04 2.4430e-04 2.5803e-04 2.7160e-04 2.8489e-04 2.9774e-04 3.0997e-04 3.2137e-04 3.3171e-04 3.4075e-04 3.4822e-04 3.5383e-04 3.5727e-04 3.5826e-04 3.5650e-04 3.5173e-04 3.4372e-04 3.3232e-04 3.1746e-04 2.9921e-04 2.7775e-04 2.5344e-04 2.2680e-04 1.9853e-04 1.6948e-04 1.4060e-04 1.1290e-04 8.7335e-05 6.4730e-05 4.5673e-05 3.0452e-05 1.9018e-05 1.1011e-05 5.8385e-06 2.7945e-06 1.1868e-06 4.3814e-07 1.3718e-07 3.5366e-08 7.2424e-09 1.1279e-09 1.2666e-10 9.6073e-12 4.5402e-13 1.2092e-14 1.6007e-16 8.9928e-19 1.7543e-21 9.1945e-25 9.2982e-29 1.1792e-33 1.0643e-39 3.2197e-47 1.1864e-56 1.3417e-68 6.9418e-84 1.1401e-103 1.3245e-129 4.3372e-164 1.1062e-210 8.6972e-275 0.0000e+00 0.0000e+00 0.0000e+00 0.0000e+00 0.0000e+00 0.0000e+00 0.0000e+00 0.0000e+00 0.0000e+00 0.0000e+00 0.0000e+00 0.0000e+00 0.0000e+00 0.0000e+00
-1.7802e-06 -5.0387e-06 -9.2678e-06 -1.4293e-05 -2.0017e-05 -2.6382e-05 -3.3346e-05 -4.0881e-05 -4.8969e-05 -5.7596e-05 -6.6752e-05 -7.6430e-05 9.7050e-04 -9.7335e-05 -1.0855e-04 -1.2027e-04 -1.3249e-04 -1.4520e-04 -1.5837e-04 -1.7201e-04 -1.8607e-04 -2.0053e-04 -2.1536e-04 -2.3049e-04 -2.4587e-04 -2.6142e-04 -2.7704e-04 -2.9264e-04 -3.0807e-04 -3.2319e-04 -3.3782e-04 -3.5175e-04 -3.6475e-04 -3.7658e-04 -3.8694e-04 -3.9553e-04 -4.0203e-04 -4.0609e-04 -4.0738e-04 -4.0557e-04 -4.0034e-04 -3.9145e-04 -3.7872e-04 -3.6207e-04 -3.4154e-04 -3.1734e-04 -2.8987e-04 -2.5972e-04 -2.2765e-04 -1.9464e-04 -1.6176e-04 -1.3014e-04 -1.0090e-04 -7.4973e-05 -5.3053e-05 -3.5488e-05 -2.2246e-05 -1.2935e-05 -6.8916e-06 -3.3169e-06 -1.4176e-06 -5.2716e-07 -1.6644e-07 -4.3322e-08 -8.9708e-09 -1.4151e-09 -1.6130e-10 -1.2448e-11 -6.0022e-13 -1.6365e-14 -2.2268e-16 -1.2920e-18 -2.6178e-21 -1.4345e-24 -1.5291e-28 -2.0637e-33 -2.0052e-39 -6.6212e-47 -2.7076e-56 -3.4671e-68 -2.0815e-83 -4.0877e-103 -5.8960e-129 -2.5164e-163 -8.9322e-210 -1.0755e-273 0.0000e+00 0.0000e+00 0.0000e+00 0.0000e+00 0.0000e+00 0.0000e+00 0.0000e+00 0.0000e+00 0.0000e+00 0.0000e+00 0.0000e+00 0.0000e+00 0.0000e+00 0.0000e+00 1.7802e-06 5.0387e-06 9.2678e-06 1.4293e-05 2.0017e-05 2.6382e-05 3.3346e-05 4.0881e-05 4.8969e-05 5.7595e-05 6.6751e-05 7.6429e-05 0.0000e+00 9.7331e-05 1.0855e-04 1.2027e-04 1.3248e-04 1.4518e-04 1.5835e-04 1.7198e-04 1.8603e-04 2.0049e-04 2.1530e-04 2.3041e-04 2.4577e-04 2.6129e-04 2.7689e-04 2.9245e-04 3.0783e-04 3.2290e-04 3.3746e-04 3.5131e-04 3.6423e-04 3.7596e-04 3.8621e-04 3.9467e-04 4.0103e-04 4.0493e-04 4.0605e-04 4.0406e-04 3.9864e-04 3.8956e-04 3.7665e-04 3.5981e-04 3.3913e-04 3.1480e-04 2.8725e-04 2.5705e-04 2.2501e-04 1.9208e-04 1.5935e-04 1.2796e-04 9.8985e-05 7.3364e-05 5.1766e-05 3.4514e-05 2.1555e-05 1.2480e-05 6.6173e-06 3.1673e-06 1.3451e-06 4.9658e-07 1.5548e-07 4.0082e-08 8.2081e-09 1.2783e-09 1.4355e-10 1.0888e-11 5.1451e-13 1.3702e-14 1.8138e-16 1.0189e-18 1.9874e-21 1.0414e-24 1.0529e-28 1.3347e-33 1.2039e-39 3.6390e-47 1.3390e-56 1.5109e-68 7.7897e-84 1.2717e-103 1.4617e-129 4.6931e-164 1.1501e-210 8.2349e-275 0.0000e+00 0.0000e+00 0.0000e+00 0.0000e+00 0.0000e+00 0.0000e+00 0.0000e+00 0.0000e+00 0.0000e+00 0.0000e+00 0.0000e+00 0.0000e+00 0.0000e+00 0.0000e+00
-2.0002e-06 -5.6616e-06 -1.0413e-05 -1.6059e-05 -2.2492e-05 -2.9643e-05 -3.7468e-05 -4.5935e-05 -5.5022e-05 -6.4715e-05 -7.5003e-05 -8.5878e-05 -9.7335e-05 1.3170e-03 -1.2197e-04 -1.3514e-04 -1.4887e-04 -1.6315e-04 -1.7796e-04 -1.9328e-04 -2.0908e-04 -2.2534e-04 -2.4200e-04 -2.5901e-04 -2.7630e-04 -2.9378e-04 -3.1135e-04 -3.2889e-04 -3.4625e-04 -3.6326e-04 -3.7972e-04 -3.9540e-04 -4.1005e-04 -4.2338e-04 -4.3506e-04 -4.4477e-04 -4.5213e-04 -4.5676e-04 -4.5827e-04 -4.5630e-04 -4.5051e-04 -4.4060e-04 -4.2637e-04 -4.0773e-04 -3.8472e-04 -3.5759e-04 -3.2676e-04 -2.9289e-04 -2.5686e-04 -2.1973e-04 -1.8272e-04 -1.4711e-04 -1.1414e-04 -8.4889e-05 -6.0130e-05 -4.0268e-05 -2.5275e-05 -1.4717e-05 -7.8545e-06 -3.7875e-06 -1.6222e-06 -6.0474e-07 -1.9147e-07 -4.9999e-08 -1.0391e-08 -1.6461e-09 -1.8853e-10 -1.4630e-11 -7.0993e-13 -1.9497e-14 -2.6751e-16 -1.5670e-18 -3.2096e-21 -1.7808e-24 -1.9253e-28 -2.6407e-33 -2.6130e-39 -8.8088e-47 -3.6873e-56 -4.8476e-68 -2.9980e-83 -6.0889e-103 -9.1247e-129 -4.0693e-163 -1.5202e-209 -1.9448e-273 0.0000e+00 0.0000e+00 0.0000e+00 0.0000e+00 0.0000e+00 0.0000e+00 0.0000e+00 0.0000e+00 0.0000e+00 0.0000e+00 0.0000e+00 0.0000e+00 0.0000e+00 0.0000e+00 2.0002e-06 5.6616e-06 1.0413e-05 1.6059e-05 2.2492e-05 2.9643e-05 3.7467e-05 4.5934e-05 5.5022e-05 6.4715e-05 7.5002e-05 8.5876e-05 9.7331e-05 0.0000e+00 1.2197e-04 1.3513e-04 1.4886e-04 1.6313e-04 1.7793e-04 1.9324e-04 2.0903e-04 2.2527e-04 2.4191e-04 2.5889e-04 2.7615e-04 2.9359e-04 3.1112e-04 3.2860e-04 3.4589e-04 3.6281e-04 3.7917e-04 3.9474e-04 4.0926e-04 4.2243e-04 4.3395e-04 4.4346e-04 4.5060e-04 4.5499e-04 4.5625e-04 4.5400e-04 4.4792e-04 4.3772e-04 4.2320e-04 4.0429e-04 3.8105e-04 3.5372e-04 3.2275e-04 2.8883e-04 2.5282e-04 2.1583e-04 1.7905e-04 1.4378e-04 1.1122e-04 8.2432e-05 5.8164e-05 3.8780e-05 2.4219e-05 1.4022e-05 7.4351e-06 3.5587e-06 1.5114e-06 5.5794e-07 1.7469e-07 4.5034e-08 9.2221e-09 1.4362e-09 1.6127e-10 1.2231e-11 5.7798e-13 1.5391e-14 2.0371e-16 1.1442e-18 2.2312e-21 1.1688e-24 1.1811e-28 1.4962e-33 1.3482e-39 4.0682e-47 1.4932e-56 1.6780e-68 8.5928e-84 1.3865e-103 1.5599e-129 4.7991e-164 1.0664e-210 5.6149e-275 0.0000e+00 0.0000e+00 0.0000e+00 0.0000e+00 0.0000e+00 0.0000e+00 0.0000e+00 0.0000e+00 0.0000e+00 0.0000e+00 0.0000e+00 0.0000e+00 0.0000e+00 0.0000e+00
-2.2307e-06 -6.3140e-06 -1.1613e-05 -1.7910e-05 -2.5084e-05 -3.3059e-05 -4.1785e-05 -5.1228e-05 -6.1363e-05 -7.2173e-05 -8.3647e-05 -9.5775e-05 -1.0855e-04 -1.2197e-04 1.7522e-03 -1.5072e-04 -1.6603e-04 -1.8196e-04 -1.9848e-04 -2.1556e-04 -2.3320e-04 -2.5133e-04 -2.6992e-04 -2.8890e-04 -3.0819e-04 -3.2770e-04 -3.4732e-04 -3.6690e-04 -3.8629e-04 -4.0528e-04 -4.2368e-04 -4.4121e-04 -4.5759e-04 -4.7251e-04 -4.8561e-04 -4.9651e-04 -5.0479e-04 -5.1004e-04 -5.1183e-04 -5.0974e-04 -5.0338e-04 -4.9244e-04 -4.7667e-04 -4.5598e-04 -4.3042e-04 -4.0023e-04 -3.6590e-04 -3.2814e-04 -2.8795e-04 -2.4649e-04 -2.0513e-04 -1.6530e-04 -1.2838e-04 -9.5582e-05 -6.7789e-05 -4.5461e-05 -2.8580e-05 -1.6672e-05 -8.9160e-06 -4.3093e-06 -1.8506e-06 -6.9196e-07 -2.1984e-07 -5.7629e-08 -1.2030e-08 -1.9154e-09 -2.2063e-10 -1.7233e-11 -8.4247e-13 -2.3334e-14 -3.2323e-16 -1.9140e-18 -3.9689e-21 -2.2330e-24 -2.4521e-28 -3.4229e-33 -3.4544e-39 -1.1905e-46 -5.1076e-56 -6.9026e-68 -4.4035e-83 -9.2624e-103 -1.4447e-128 -6.7481e-163 -2.6617e-209 -3.6334e-273 0.0000e+00 0.0000e+00 0.0000e+00 0.0000e+00 0.0000e+00 0.0000e+00 0.0000e+00 0.0000e+00 0.0000e+00 0.0000e+00 0.0000e+00 0.0000e+00 0.0000e+00 0.0000e+00 2.2307e-06 6.3140e-06 1.1613e-05 1.7910e-05 2.5084e-05 3.3059e-05 4.1785e-05 5.1228e-05 6.1362e-05 7.2172e-05 8.3645e-05 9.5772e-05 1.0855e-04 1.2197e-04 0.0000e+00 1.5071e-04 1.6601e-04 1.8193e-04 1.9843e-04 2.1551e-04 2.3312e-04 2.5123e-04 2.6979e-04 2.8873e-04 3.0797e-04 3.2742e-04 3.4697e-04 3.6646e-04 3.8574e-04 4.0462e-04 4.2287e-04 4.4023e-04 4.5642e-04 4.7111e-04 4.8395e-04 4.9456e-04 5.0252e-04 5.0742e-04 5.0882e-04 5.0632e-04 4.9954e-04 4.8816e-04 4.7197e-04 4.5088e-04 4.2496e-04 3.9448e-04 3.5995e-04 3.2211e-04 2.8196e-04 2.4070e-04 1.9969e-04 1.6034e-04 1.2404e-04 9.1931e-05 6.4866e-05 4.3249e-05 2.7010e-05 1.5638e-05 8.2917e-06 3.9687e-06 1.6854e-06 6.2220e-07 1.9481e-07 5.0219e-08 1.0283e-08 1.6014e-09 1.7981e-10 1.3637e-11 6.4432e-13 1.7155e-14 2.2702e-16 1.2747e-18 2.4849e-21 1.3009e-24 1.3135e-28 1.6619e-33 1.4946e-39 4.4973e-47 1.6431e-56 1.8328e-68 9.2665e-84 1.4612e-103 1.5716e-129 4.3668e-164 7.0691e-211 -1.7935e-275 0.0000e+00 0.0000e+00 0.0000e+00 0.0000e+00 0.0000e+00 0.0000e+00 0.0000e+00 0.0000e+00 0.0000e+00 0.0000e+00 0.0000e+00 0.0000e+00 0.0000e+00 0.0000e+00
-2.4715e-06 -6.9956e-06 -1.2867e-05 -1.9844e-05 -2.7792e-05 -3.6628e-05 -4.6296e-05 -5.6759e-05 -6.7988e-05 -7.9966e-05 -9.2678e-05 -1.0612e-04 -1.2027e-04 -1.3514e-04 -1.5072e-04 2.2917e-03 -1.8397e-04 -2.0161e-04 -2.1992e-04 -2.3886e-04 -2.5840e-04 -2.7850e-04 -2.9911e-04 -3.2015e-04 -3.4154e-04 -3.6318e-04 -3.8494e-04 -4.0666e-04 -4.2817e-04 -4.4927e-04 -4.6969e-04 -4.8918e-04 -5.0740e-04 -5.2400e-04 -5.3860e-04 -5.5078e-04 -5.6007e-04 -5.6601e-04 -5.6812e-04 -5.6594e-04 -5.5904e-04 -5.4706e-04 -5.2974e-04 -5.0695e-04 -4.7875e-04 -4.4540e-04 -4.0743e-04 -3.6564e-04 -3.2108e-04 -2.7508e-04 -2.2914e-04 -1.8484e-04 -1.4373e-04 -1.0716e-04 -7.6113e-05 -5.1132e-05 -3.2207e-05 -1.8829e-05 -1.0095e-05 -4.8927e-06 -2.1079e-06 -7.9097e-07 -2.5232e-07 -6.6449e-08 -1.3944e-08 -2.2332e-09 -2.5897e-10 -2.0381e-11 -1.0048e-12 -2.8099e-14 -3.9346e-16 -2.3582e-18 -4.9566e-21 -2.8311e-24 -3.1618e-28 -4.4970e-33 -4.6338e-39 -1.6343e-46 -7.1945e-56 -1.0006e-67 -6.5932e-83 -1.4387e-102 -2.3406e-128 -1.1482e-162 -4.7996e-209 -7.0250e-273 0.0000e+00 0.0000e+00 0.0000e+00 0.0000e+00 0.0000e+00 0.0000e+00 0.0000e+00 0.0000e+00 0.0000e+00 0.0000e+00 0.0000e+00 0.0000e+00 0.0000e+00 0.0000e+00 2.4715e-06 6.9956e-06 1.2867e-05 1.9844e-05 2.7792e-05 3.6628e-05 4.6296e-05 5.6758e-05 6.7987e-05 7.9964e-05 9.2675e-05 1.0611e-04 1.2027e-04 1.3513e-04 1.5071e-04 0.0000e+00 1.8393e-04 2.0157e-04 2.1985e-04 2.3877e-04 2.5829e-04 2.7835e-04 2.9891e-04 3.1990e-04 3.4122e-04 3.6277e-04 3.8443e-04 4.0603e-04 4.2739e-04 4.4830e-04 4.6852e-04 4.8776e-04 5.0569e-04 5.2197e-04 5.3620e-04 5.4795e-04 5.5678e-04 5.6220e-04 5.6375e-04 5.6098e-04 5.5347e-04 5.4086e-04 5.2293e-04 4.9956e-04 4.7083e-04 4.3706e-04 3.9881e-04 3.5688e-04 3.1240e-04 2.6668e-04 2.2124e-04 1.7765e-04 1.3743e-04 1.0185e-04 7.1868e-05 4.7917e-05 2.9925e-05 1.7326e-05 9.1865e-06 4.3969e-06 1.8673e-06 6.8931e-07 2.1581e-07 5.5632e-08 1.1391e-08 1.7738e-09 1.9915e-10 1.5102e-11 7.1342e-13 1.8990e-14 2.5122e-16 1.4100e-18 2.7467e-21 1.4366e-24 1.4485e-28 1.8288e-33 1.6395e-39 4.9082e-47 1.7787e-56 1.9570e-68 9.6563e-84 1.4525e-103 1.4058e-129 2.8211e-164 -2.3692e-211 -1.9775e-274 0.0000e+00 0.0000e+00 0.0000e+00 0.0000e+00 0.0000e+00 0.0000e+00 0.0000e+00 0.0000e+00 0.0000e+00 0.0000e+00 0.0000e+00 0.0000e+00 0.0000e+00 0.0000e+00
-2.7226e-06 -7.7061e-06 -1.4174e-05 -2.1859e-05 -3.0614e-05 -4.0348e-05 -5.0999e-05 -6.2524e-05 -7.4893e-05 -8.8088e-05 -1.0209e-04 -1.1690e-04 -1.3249e-04 -1.4887e-04 -1.6603e-04 -1.8397e-04 2.9527e-03 -2.2210e-04 -2.4227e-04 -2.6314e-04 -2.8468e-04 -3.0683e-04 -3.2955e-04 -3.5274e-04 -3.7633e-04 -4.0019e-04 -4.2419e-04 -4.4816e-04 -4.7191e-04 -4.9520e-04 -5.1777e-04 -5.3931e-04 -5.5947e-04 -5.7787e-04 -5.9407e-04 -6.0761e-04 -6.1800e-04 -6.2470e-04 -6.2720e-04 -6.2499e-04 -6.1759e-04 -6.0460e-04 -5.8572e-04 -5.6080e-04 -5.2990e-04 -4.9330e-04 -4.5157e-04 -4.0557e-04 -3.5647e-04 -3.0571e-04 -2.5494e-04 -2.0592e-04 -1.6035e-04 -1.1974e-04 -8.5207e-05 -5.7359e-05 -3.6214e-05 -2.1227e-05 -1.1414e-05 -5.5505e-06 -2.4002e-06 -9.0450e-07 -2.8991e-07 -7.6759e-08 -1.6205e-08 -2.6130e-09 -3.0531e-10 -2.4233e-11 -1.2062e-12 -3.4091e-14 -4.8305e-16 -2.9335e-18 -6.2565e-21 -3.6317e-24 -4.1289e-28 -5.9891e-33 -6.3071e-39 -2.2785e-46 -1.0303e-55 -1.4765e-67 -1.0063e-82 -2.2822e-102 -3.8823e-128 -2.0068e-162 -8.9265e-209 -1.4083e-272 0.0000e+00 0.0000e+00 0.0000e+00 0.0000e+00 0.0000e+00 0.0000e+00 0.0000e+00 0.0000e+00 0.0000e+00 0.0000e+00 0.0000e+00 0.0000e+00 0.0000e+00 0.0000e+00 2.7226e-06 7.7061e-06 1.4174e-05 2.1859e-05 3.0614e-05 4.0348e-05 5.0998e-05 6.2523e-05 7.4892e-05 8.8085e-05 1.0209e-04 1.1689e-04 1.3248e-04 1.4886e-04 1.6601e-04 1.8393e-04 0.0000e+00 2.2204e-04 2.4218e-04 2.6302e-04 2.8452e-04 3.0662e-04 3.2927e-04 3.5239e-04 3.7588e-04 3.9962e-04 4.2347e-04 4.4726e-04 4.7080e-04 4.9383e-04 5.1610e-04 5.3729e-04 5.5705e-04 5.7499e-04 5.9066e-04 6.0360e-04 6.1332e-04 6.1930e-04 6.2101e-04 6.1796e-04 6.0968e-04 5.9579e-04 5.7603e-04 5.5029e-04 5.1865e-04 4.8145e-04 4.3931e-04 3.9313e-04 3.4412e-04 2.9377e-04 2.4371e-04 1.9569e-04 1.5138e-04 1.1220e-04 7.9165e-05 5.2782e-05 3.2963e-05 1.9084e-05 1.0119e-05 4.8431e-06 2.0567e-06 7.5921e-07 2.3769e-07 6.1267e-08 1.2544e-08 1.9531e-09 2.1925e-10 1.6623e-11 7.8504e-13 2.0889e-14 2.7619e-16 1.5489e-18 3.0141e-21 1.5740e-24 1.5833e-28 1.9919e-33 1.7759e-39 5.2703e-47 1.8823e-56 2.0184e-68 9.4811e-84 1.2791e-103 8.8682e-130 -9.9057e-165 -2.4151e-210 -6.1292e-274 0.0000e+00 0.0000e+00 0.0000e+00 0.0000e+00 0.0000e+00 0.0000e+00 0.0000e+00 0.0000e+00 0.0000e+00 0.0000e+00 0.0000e+00 0.0000e+00 0.0000e+00 0.0000e+00
