-3.7206e-09 -5.0113e-12 -1.3832e-11 -2.8458e-11 -4.9859e-11 -7.8929e-11 -1.1653e-10 -1.6350e-10 -2.2069e-10 -2.8896e-10 -3.6919e-10 -4.6229e-10 -5.6921e-10 -6.9093e-10 -8.2845e-10 -9.8280e-10 -1.1550e-09 -1.3461e-09 -1.5571e-09 -1.7889e-09 -2.0421e-09 -2.3173e-09 -2.6146e-09 -2.9336e-09 -3.2732e-09 -3.6314e-09 -4.0050e-09 -4.3892e-09 -4.7773e-09 -5.1603e-09 -5.5265e-09 -5.8613e-09 -6.1469e-09 -6.3629e-09 -6.4869e-09 -6.4957e-09 -6.3682e-09 -6.0887e-09 -5.6506e-09 -5.0615e-09 -4.3462e-09 -3.5483e-09 -2.7274e-09 -1.9504e-09 -1.2792e-09 -7.5618e-10 -3.9457e-10 -1.7718e-10 -6.6391e-11 -1.9995e-11 -4.6239e-12 -7.7641e-13 -8.8394e-14 -6.2723e-15 -2.5003e-16 -4.9244e-18 -4.0853e-20 -1.1704e-22 -9.0304e-26 -1.3735e-29 -2.7775e-34 -4.5339e-40 -3.1640e-47 -4.1836e-56 -3.6765e-67 -5.5293e-81 -2.4290e-98 -3.0645e-120 -5.1824e-148 -1.9861e-183 -7.2210e-229 -1.5016e-287 0.0000e+00 0.0000e+00 0.0000e+00 0.0000e+00 0.0000e+00 0.0000e+00 0.0000e+00 0.0000e+00 0.0000e+00 0.0000e+00 0.0000e+00 0.0000e+00 0.0000e+00 0.0000e+00 0.0000e+00 0.0000e+00 0.0000e+00 0.0000e+00 0.0000e+00 0.0000e+00 0.0000e+00 0.0000e+00 0.0000e+00 0.0000e+00 0.0000e+00 0.0000e+00 0.0000e+00 0.0000e+00 0.0000e+00 5.0113e-12 1.3832e-11 2.8458e-11 4.9859e-11 7.8929e-11 1.1653e-10 1.6350e-10 2.2069e-10 2.8896e-10 3.6919e-10 4.6229e-10 5.6921e-10 6.9093e-10 8.2845e-10 9.8280e-10 1.1550e-09 1.3461e-09 1.5571e-09 1.7889e-09 2.0421e-09 2.3173e-09 2.6146e-09 2.9336e-09 3.2732e-09 3.6314e-09 4.0050e-09 4.3892e-09 4.7773e-09 5.1603e-09 5.5265e-09 5.8613e-09 6.1469e-09 6.3629e-09 6.4869e-09 6.4957e-09 6.3682e-09 6.0887e-09 5.6506e-09 5.0615e-09 4.3462e-09 3.5483e-09 2.7274e-09 1.9504e-09 1.2792e-09 7.5618e-10 3.9457e-10 1.7718e-10 6.6391e-11 1.9995e-11 4.6239e-12 7.7641e-13 8.8394e-14 6.2723e-15 2.5003e-16 4.9244e-18 4.0853e-20 1.1704e-22 9.0304e-26 1.3735e-29 2.7775e-34 4.5339e-40 3.1640e-47 4.1836e-56 3.6765e-67 5.5293e-81 2.4290e-98 3.0645e-120 5.1824e-148 1.9861e-183 7.2210e-229 1.5016e-287 0.0000e+00 0.0000e+00 0.0000e+00 0.0000e+00 0.0000e+00 0.0000e+00 0.0000e+00 0.0000e+00 0.0000e+00 0.0000e+00 0.0000e+00 0.0000e+00 0.0000e+00 0.0000e+00 0.0000e+00 0.0000e+00 0.0000e+00 0.0000e+00 0.0000e+00 0.0000e+00 0.0000e+00 0.0000e+00 0.0000e+00 0.0000e+00 0.0000e+00 0.0000e+00 0.0000e+00 0.0000e+00
-5.0113e-12 3.0248e-10 -7.8320e-11 -1.6114e-10 -2.8232e-10 -4.4692e-10 -6.5982e-10 -9.2579e-10 -1.2496e-09 -1.6362e-09 -2.0905e-09 -2.6177e-09 -3.2231e-09 -3.9123e-09 -4.6909e-09 -5.5649e-09 -6.5401e-09 -7.6222e-09 -8.8169e-09 -1.0129e-08 -1.1563e-08 -1.3121e-08 -1.4805e-08 -1.6611e-08 -1.8534e-08 -2.0562e-08 -2.2678e-08 -2.4853e-08 -2.7051e-08 -2.9219e-08 -3.1293e-08 -3.3188e-08 -3.4806e-08 -3.6029e-08 -3.6731e-08 -3.6781e-08 -3.6059e-08 -3.4476e-08 -3.1996e-08 -2.8660e-08 -2.4609e-08 -2.0092e-08 -1.5444e-08 -1.1044e-08 -7.2431e-09 -4.2817e-09 -2.2342e-09 -1.0033e-09 -3.7593e-10 -1.1322e-10 -2.6182e-11 -4.3963e-12 -5.0052e-13 -3.5516e-14 -1.4158e-15 -2.7883e-17 -2.3132e-19 -6.6269e-22 -5.1133e-25 -7.7771e-29 -1.5727e-33 -2.5672e-39 -1.7916e-46 -2.3689e-55 -2.0817e-66 -3.1309e-80 -1.3754e-97 -1.7352e-119 -2.9344e-147 -1.1246e-182 -4.0888e-228 -8.5028e-287 0.0000e+00 0.0000e+00 0.0000e+00 0.0000e+00 0.0000e+00 0.0000e+00 0.0000e+00 0.0000e+00 0.0000e+00 0.0000e+00 0.0000e+00 0.0000e+00 0.0000e+00 0.0000e+00 0.0000e+00 0.0000e+00 0.0000e+00 0.0000e+00 0.0000e+00 0.0000e+00 0.0000e+00 0.0000e+00 0.0000e+00 0.0000e+00 0.0000e+00 0.0000e+00 0.0000e+00 0.0000e+00 5.0113e-12 0.0000e+00 7.8320e-11 1.6114e-10 2.8232e-10 4.4692e-10 6.5982e-10 9.2579e-10 1.2496e-09 1.6362e-09 2.0905e-09 2.6177e-09 3.2231e-09 3.9123e-09 4.6909e-09 5.5649e-09 6.5401e-09 7.6222e-09 8.8169e-09 1.0129e-08 1.1563e-08 1.3121e-08 1.4805e-08 1.6611e-08 1.8534e-08 2.0562e-08 2.2678e-08 2.4853e-08 2.7051e-08 2.9219e-08 3.1293e-08 3.3188e-08 3.4806e-08 3.6029e-08 3.6731e-08 3.6781e-08 3.6059e-08 3.4476e-08 3.1996e-08 2.8660e-08 2.4609e-08 2.0092e-08 1.5444e-08 1.1044e-08 7.2431e-09 4.2817e-09 2.2342e-09 1.0033e-09 3.7593e-10 1.1322e-10 2.6182e-11 4.3963e-12 5.0052e-13 3.5516e-14 1.4158e-15 2.7883e-17 2.3132e-19 6.6269e-22 5.1133e-25 7.7771e-29 1.5727e-33 2.5672e-39 1.7916e-46 2.3689e-55 2.0817e-66 3.1309e-80 1.3754e-97 1.7352e-119 2.9344e-147 1.1246e-182 4.0888e-228 8.5027e-287 0.0000e+00 0.0000e+00 0.0000e+00 0.0000e+00 0.0000e+00 0.0000e+00 0.0000e+00 0.0000e+00 0.0000e+00 0.0000e+00 0.0000e+00 0.0000e+00 0.0000e+00 0.0000e+00 0.0000e+00 0.0000e+00 0.0000e+00 0.0000e+00 0.0000e+00 0.0000e+00 0.0000e+00 0.0000e+00 0.0000e+00 0.0000e+00 0.0000e+00 0.0000e+00 0.0000e+00 0.0000e+00
-1.3832e-11 -7.8320e-11 3.4901e-09 -4.4476e-10 -7.7923e-10 -1.2336e-09 -1.8212e-09 -2.5553e-09 -3.4491e-09 -4.5161e-09 -5.7700e-09 -7.2251e-09 -8.8961e-09 -1.0798e-08 -1.2948e-08 -1.5360e-08 -1.8051e-08 -2.1038e-08 -2.4336e-08 -2.7958e-08 -3.1915e-08 -3.6216e-08 -4.0863e-08 -4.5848e-08 -5.1156e-08 -5.6754e-08 -6.2593e-08 -6.8598e-08 -7.4664e-08 -8.0649e-08 -8.6372e-08 -9.1604e-08 -9.6068e-08 -9.9445e-08 -1.0138e-07 -1.0152e-07 -9.9528e-08 -9.5159e-08 -8.8312e-08 -7.9104e-08 -6.7925e-08 -5.5456e-08 -4.2626e-08 -3.0483e-08 -1.9992e-08 -1.1818e-08 -6.1667e-09 -2.7691e-09 -1.0376e-09 -3.1250e-10 -7.2266e-11 -1.2134e-11 -1.3815e-12 -9.8028e-14 -3.9077e-15 -7.6962e-17 -6.3848e-19 -1.8291e-21 -1.4113e-24 -2.1466e-28 -4.3409e-33 -7.0860e-39 -4.9450e-46 -6.5386e-55 -5.7460e-66 -8.6418e-80 -3.7963e-97 -4.7896e-119 -8.0999e-147 -3.1043e-182 -1.1286e-227 -2.3471e-286 0.0000e+00 0.0000e+00 0.0000e+00 0.0000e+00 0.0000e+00 0.0000e+00 0.0000e+00 0.0000e+00 0.0000e+00 0.0000e+00 0.0000e+00 0.0000e+00 0.0000e+00 0.0000e+00 0.0000e+00 0.0000e+00 0.0000e+00 0.0000e+00 0.0000e+00 0.0000e+00 0.0000e+00 0.0000e+00 0.0000e+00 0.0000e+00 0.0000e+00 0.0000e+00 0.0000e+00 0.0000e+00 1.3832e-11 7.8320e-11 0.0000e+00 4.4476e-10 7.7923e-10 1.2336e-09 1.8212e-09 2.5553e-09 3.4491e-09 4.5161e-09 5.7700e-09 7.2251e-09 8.8961e-09 1.0798e-08 1.2948e-08 1.5360e-08 1.8051e-08 2.1038e-08 2.4336e-08 2.7958e-08 3.1915e-08 3.6216e-08 4.0863e-08 4.5848e-08 5.1156e-08 5.6754e-08 6.2593e-08 6.8598e-08 7.4664e-08 8.0649e-08 8.6372e-08 9.1604e-08 9.6068e-08 9.9445e-08 1.0138e-07 1.0152e-07 9.9528e-08 9.5159e-08 8.8312e-08 7.9104e-08 6.7925e-08 5.5456e-08 4.2626e-08 3.0483e-08 1.9992e-08 1.1818e-08 6.1667e-09 2.7691e-09 1.0376e-09 3.1250e-10 7.2266e-11 1.2134e-11 1.3815e-12 9.8028e-14 3.9077e-15 7.6961e-17 6.3848e-19 1.8291e-21 1.4113e-24 2.1466e-28 4.3409e-33 7.0859e-39 4.9449e-46 6.5384e-55 5.7459e-66 8.6416e-80 3.7962e-97 4.7894e-119 8.0994e-147 3.1041e-182 1.1286e-227 2.3469e-286 0.0000e+00 0.0000e+00 0.0000e+00 0.0000e+00 0.0000e+00 0.0000e+00 0.0000e+00 0.0000e+00 0.0000e+00 0.0000e+00 0.0000e+00 0.0000e+00 0.0000e+00 0.0000e+00 0.0000e+00 0.0000e+00 0.0000e+00 0.0000e+00 0.0000e+00 0.0000e+00 0.0000e+00 0.0000e+00 0.0000e+00 0.0000e+00 0.0000e+00 0.0000e+00 0.0000e+00 0.0000e+00
-2.8458e-11 -1.6114e-10 -4.4476e-10 1.9665e-08 -1.6032e-09 -2.5380e-09 -3.7470e-09 -5.2574e-09 -7.0963e-09 -9.2915e-09 -1.1871e-08 -1.4865e-08 -1.8303e-08 -2.2217e-08 -2.6639e-08 -3.1602e-08 -3.7140e-08 -4.3285e-08 -5.0069e-08 -5.7521e-08 -6.5664e-08 -7.4513e-08 -8.4072e-08 -9.4330e-08 -1.0525e-07 -1.1677e-07 -1.2878e-07 -1.4114e-07 -1.5362e-07 -1.6593e-07 -1.7771e-07 -1.8847e-07 -1.9766e-07 -2.0460e-07 -2.0859e-07 -2.0887e-07 -2.0477e-07 -1.9578e-07 -1.8170e-07 -1.6275e-07 -1.3975e-07 -1.1410e-07 -8.7702e-08 -6.2717e-08 -4.1132e-08 -2.4315e-08 -1.2688e-08 -5.6973e-09 -2.1348e-09 -6.4295e-10 -1.4868e-10 -2.4966e-11 -2.8424e-12 -2.0169e-13 -8.0400e-15 -1.5835e-16 -1.3137e-18 -3.7634e-21 -2.9039e-24 -4.4167e-28 -8.9317e-33 -1.4580e-38 -1.0175e-45 -1.3454e-54 -1.1823e-65 -1.7783e-79 -7.8120e-97 -9.8565e-119 -1.6669e-146 -6.3890e-182 -2.3231e-227 -4.8316e-286 0.0000e+00 0.0000e+00 0.0000e+00 0.0000e+00 0.0000e+00 0.0000e+00 0.0000e+00 0.0000e+00 0.0000e+00 0.0000e+00 0.0000e+00 0.0000e+00 0.0000e+00 0.0000e+00 0.0000e+00 0.0000e+00 0.0000e+00 0.0000e+00 0.0000e+00 0.0000e+00 0.0000e+00 0.0000e+00 0.0000e+00 0.0000e+00 0.0000e+00 0.0000e+00 0.0000e+00 0.0000e+00 2.8458e-11 1.6114e-10 4.4476e-10 0.0000e+00 1.6032e-09 2.5380e-09 3.7470e-09 5.2574e-09 7.0963e-09 9.2915e-09 1.1871e-08 1.4865e-08 1.8303e-08 2.2217e-08 2.6639e-08 3.1602e-08 3.7140e-08 4.3285e-08 5.0069e-08 5.7521e-08 6.5664e-08 7.4513e-08 8.4072e-08 9.4330e-08 1.0525e-07 1.1677e-07 1.2878e-07 1.4114e-07 1.5362e-07 1.6593e-07 1.7771e-07 1.8847e-07 1.9766e-07 2.0460e-07 2.0859e-07 2.0887e-07 2.0477e-07 1.9578e-07 1.8170e-07 1.6275e-07 1.3975e-07 1.1410e-07 8.7702e-08 6.2717e-08 4.1132e-08 2.4315e-08 1.2688e-08 5.6973e-09 2.1348e-09 6.4295e-10 1.4868e-10 2.4966e-11 2.8423e-12 2.0169e-13 8.0399e-15 1.5834e-16 1.3136e-18 3.7633e-21 2.9037e-24 4.4165e-28 8.9311e-33 1.4579e-38 1.0174e-45 1.3452e-54 1.1822e-65 1.7780e-79 7.8104e-97 9.8540e-119 1.6664e-146 6.3865e-182 2.3219e-227 4.8285e-286 0.0000e+00 0.0000e+00 0.0000e+00 0.0000e+00 0.0000e+00 0.0000e+00 0.0000e+00 0.0000e+00 0.0000e+00 0.0000e+00 0.0000e+00 0.0000e+00 0.0000e+00 0.0000e+00 0.0000e+00 0.0000e+00 0.0000e+00 0.0000e+00 0.0000e+00 0.0000e+00 0.0000e+00 0.0000e+00 0.0000e+00 0.0000e+00 0.0000e+00 0.0000e+00 0.0000e+00 0.0000e+00
-4.9859e-11 -2.8232e-10 -7.7923e-10 -1.6032e-09 7.5344e-08 -4.4466e-09 -6.5648e-09 -9.2110e-09 -1.2433e-08 -1.6279e-08 -2.0799e-08 -2.6044e-08 -3.2068e-08 -3.8925e-08 -4.6672e-08 -5.5367e-08 -6.5070e-08 -7.5836e-08 -8.7722e-08 -1.0078e-07 -1.1504e-07 -1.3055e-07 -1.4730e-07 -1.6527e-07 -1.8440e-07 -2.0458e-07 -2.2563e-07 -2.4727e-07 -2.6914e-07 -2.9071e-07 -3.1134e-07 -3.3020e-07 -3.4630e-07 -3.5847e-07 -3.6545e-07 -3.6594e-07 -3.5877e-07 -3.4302e-07 -3.1834e-07 -2.8515e-07 -2.4485e-07 -1.9990e-07 -1.5366e-07 -1.0988e-07 -7.2064e-08 -4.2601e-08 -2.2229e-08 -9.9819e-09 -3.7403e-09 -1.1265e-09 -2.6050e-10 -4.3742e-11 -4.9801e-12 -3.5338e-13 -1.4087e-14 -2.7745e-16 -2.3017e-18 -6.5942e-21 -5.0882e-24 -7.7391e-28 -1.5651e-32 -2.5549e-38 -1.7831e-45 -2.3579e-54 -2.0723e-65 -3.1170e-79 -1.3695e-96 -1.7281e-118 -2.9231e-146 -1.1206e-181 -4.0758e-227 -8.4800e-286 0.0000e+00 0.0000e+00 0.0000e+00 0.0000e+00 0.0000e+00 0.0000e+00 0.0000e+00 0.0000e+00 0.0000e+00 0.0000e+00 0.0000e+00 0.0000e+00 0.0000e+00 0.0000e+00 0.0000e+00 0.0000e+00 0.0000e+00 0.0000e+00 0.0000e+00 0.0000e+00 0.0000e+00 0.0000e+00 0.0000e+00 0.0000e+00 0.0000e+00 0.0000e+00 0.0000e+00 0.0000e+00 4.9859e-11 2.8232e-10 7.7923e-10 1.6032e-09 0.0000e+00 4.4466e-09 6.5648e-09 9.2110e-09 1.2433e-08 1.6279e-08 2.0799e-08 2.6044e-08 3.2068e-08 3.8925e-08 4.6672e-08 5.5367e-08 6.5070e-08 7.5836e-08 8.7722e-08 1.0078e-07 1.1504e-07 1.3055e-07 1.4730e-07 1.6527e-07 1.8440e-07 2.0458e-07 2.2563e-07 2.4727e-07 2.6914e-07 2.9071e-07 3.1134e-07 3.3020e-07 3.4629e-07 3.5847e-07 3.6545e-07 3.6594e-07 3.5877e-07 3.4302e-07 3.1834e-07 2.8515e-07 2.4485e-07 1.9990e-07 1.5365e-07 1.0988e-07 7.2064e-08 4.2600e-08 2.2229e-08 9.9817e-09 3.7402e-09 1.1265e-09 2.6049e-10 4.3740e-11 4.9798e-12 3.5336e-13 1.4086e-14 2.7742e-16 2.3015e-18 6.5934e-21 5.0874e-24 7.7377e-28 1.5647e-32 2.5542e-38 1.7825e-45 2.3569e-54 2.0712e-65 3.1150e-79 1.3684e-96 1.7264e-118 2.9196e-146 1.1189e-181 4.0681e-227 8.4596e-286 0.0000e+00 0.0000e+00 0.0000e+00 0.0000e+00 0.0000e+00 0.0000e+00 0.0000e+00 0.0000e+00 0.0000e+00 0.0000e+00 0.0000e+00 0.0000e+00 0.0000e+00 0.0000e+00 0.0000e+00 0.0000e+00 0.0000e+00 0.0000e+00 0.0000e+00 0.0000e+00 0.0000e+00 0.0000e+00 0.0000e+00 0.0000e+00 0.0000e+00 0.0000e+00 0.0000e+00 0.0000e+00
-7.8929e-11 -4.4692e-10 -1.2336e-09 -2.5380e-09 -4.4466e-09 2.2618e-07 -1.0392e-08 -1.4582e-08 -1.9682e-08 -2.5770e-08 -3.2926e-08 -4.1229e-08 -5.0765e-08 -6.1620e-08 -7.3884e-08 -8.7650e-08 -1.0301e-07 -1.2005e-07 -1.3887e-07 -1.5954e-07 -1.8212e-07 -2.0666e-07 -2.3318e-07 -2.6163e-07 -2.9192e-07 -3.2386e-07 -3.5718e-07 -3.9145e-07 -4.2606e-07 -4.6022e-07 -4.9288e-07 -5.2273e-07 -5.4821e-07 -5.6747e-07 -5.7853e-07 -5.7931e-07 -5.6795e-07 -5.4302e-07 -5.0395e-07 -4.5141e-07 -3.8761e-07 -3.1646e-07 -2.4325e-07 -1.7395e-07 -1.1408e-07 -6.7442e-08 -3.5191e-08 -1.5803e-08 -5.9214e-09 -1.7834e-09 -4.1242e-10 -6.9252e-11 -7.8845e-12 -5.5949e-13 -2.2304e-14 -4.3929e-16 -3.6446e-18 -1.0442e-20 -8.0574e-24 -1.2256e-27 -2.4788e-32 -4.0469e-38 -2.8247e-45 -3.7358e-54 -3.2839e-65 -4.9406e-79 -2.1713e-96 -2.7410e-118 -4.6386e-146 -1.7794e-181 -6.4768e-227 -1.3489e-285 0.0000e+00 0.0000e+00 0.0000e+00 0.0000e+00 0.0000e+00 0.0000e+00 0.0000e+00 0.0000e+00 0.0000e+00 0.0000e+00 0.0000e+00 0.0000e+00 0.0000e+00 0.0000e+00 0.0000e+00 0.0000e+00 0.0000e+00 0.0000e+00 0.0000e+00 0.0000e+00 0.0000e+00 0.0000e+00 0.0000e+00 0.0000e+00 0.0000e+00 0.0000e+00 0.0000e+00 0.0000e+00 7.8929e-11 4.4692e-10 1.2336e-09 2.5380e-09 4.4466e-09 0.0000e+00 1.0392e-08 1.4582e-08 1.9682e-08 2.5770e-08 3.2926e-08 4.1229e-08 5.0765e-08 6.1620e-08 7.3884e-08 8.7650e-08 1.0301e-07 1.2005e-07 1.3887e-07 1.5954e-07 1.8212e-07 2.0666e-07 2.3318e-07 2.6163e-07 2.9192e-07 3.2386e-07 3.5718e-07 3.9145e-07 4.2606e-07 4.6022e-07 4.9288e-07 5.2273e-07 5.4821e-07 5.6747e-07 5.7852e-07 5.7931e-07 5.6795e-07 5.4302e-07 5.0395e-07 4.5140e-07 3.8761e-07 3.1646e-07 2.4324e-07 1.7395e-07 1.1408e-07 6.7439e-08 3.5190e-08 1.5802e-08 5.9210e-09 1.7832e-09 4.1238e-10 6.9244e-11 7.8833e-12 5.5939e-13 2.2299e-14 4.3917e-16 3.6434e-18 1.0438e-20 8.0536e-24 1.2249e-27 2.4771e-32 4.0435e-38 2.8218e-45 3.7311e-54 3.2788e-65 4.9312e-79 2.1663e-96 2.7330e-118 4.6219e-146 1.7713e-181 6.4400e-227 1.3392e-285 0.0000e+00 0.0000e+00 0.0000e+00 0.0000e+00 0.0000e+00 0.0000e+00 0.0000e+00 0.0000e+00 0.0000e+00 0.0000e+00 0.0000e+00 0.0000e+00 0.0000e+00 0.0000e+00 0.0000e+00 0.0000e+00 0.0000e+00 0.0000e+00 0.0000e+00 0.0000e+00 0.0000e+00 0.0000e+00 0.0000e+00 0.0000e+00 0.0000e+00 0.0000e+00 0.0000e+00 0.0000e+00
-1.1653e-10 -6.5982e-10 -1.8212e-09 -3.7470e-09 -6.5648e-09 -1.0392e-08 5.7396e-07 -2.1528e-08 -2.9058e-08 -3.8046e-08 -4.8610e-08 -6.0869e-08 -7.4947e-08 -9.0973e-08 -1.0908e-07 -1.2940e-07 -1.5208e-07 -1.7724e-07 -2.0502e-07 -2.3553e-07 -2.6888e-07 -3.0511e-07 -3.4425e-07 -3.8626e-07 -4.3097e-07 -4.7814e-07 -5.2733e-07 -5.7792e-07 -6.2902e-07 -6.7945e-07 -7.2767e-07 -7.7174e-07 -8.0935e-07 -8.3780e-07 -8.5412e-07 -8.5528e-07 -8.3851e-07 -8.0170e-07 -7.4402e-07 -6.6645e-07 -5.7227e-07 -4.6722e-07 -3.5914e-07 -2.5683e-07 -1.6844e-07 -9.9574e-08 -5.1959e-08 -2.3332e-08 -8.7431e-09 -2.6333e-09 -6.0898e-10 -1.0226e-10 -1.1643e-11 -8.2623e-13 -3.2939e-14 -6.4881e-16 -5.3833e-18 -1.5425e-20 -1.1904e-23 -1.8110e-27 -3.6634e-32 -5.9823e-38 -4.1768e-45 -5.5260e-54 -4.8596e-65 -7.3153e-79 -3.2172e-96 -4.0648e-118 -6.8864e-146 -2.6453e-181 -9.6459e-227 -2.0135e-285 0.0000e+00 0.0000e+00 0.0000e+00 0.0000e+00 0.0000e+00 0.0000e+00 0.0000e+00 0.0000e+00 0.0000e+00 0.0000e+00 0.0000e+00 0.0000e+00 0.0000e+00 0.0000e+00 0.0000e+00 0.0000e+00 0.0000e+00 0.0000e+00 0.0000e+00 0.0000e+00 0.0000e+00 0.0000e+00 0.0000e+00 0.0000e+00 0.0000e+00 0.0000e+00 0.0000e+00 0.0000e+00 1.1653e-10 6.5982e-10 1.8212e-09 3.7470e-09 6.5648e-09 1.0392e-08 0.0000e+00 2.1528e-08 2.9058e-08 3.8046e-08 4.8610e-08 6.0869e-08 7.4947e-08 9.0973e-08 1.0908e-07 1.2940e-07 1.5208e-07 1.7724e-07 2.0502e-07 2.3553e-07 2.6888e-07 3.0511e-07 3.4425e-07 3.8626e-07 4.3097e-07 4.7814e-07 5.2733e-07 5.7792e-07 6.2902e-07 6.7945e-07 7.2766e-07 7.7174e-07 8.0935e-07 8.3779e-07 8.5411e-07 8.5527e-07 8.3849e-07 8.0169e-07 7.4400e-07 6.6643e-07 5.7225e-07 4.6720e-07 3.5912e-07 2.5681e-07 1.6842e-07 9.9564e-08 5.1952e-08 2.3329e-08 8.7415e-09 2.6327e-09 6.0882e-10 1.0223e-10 1.1639e-11 8.2586e-13 3.2921e-14 6.4838e-16 5.3790e-18 1.5410e-20 1.1890e-23 1.8084e-27 3.6571e-32 5.9697e-38 4.1660e-45 5.5084e-54 4.8407e-65 7.2803e-79 3.1982e-96 4.0349e-118 6.8235e-146 2.6151e-181 9.5077e-227 1.9771e-285 0.0000e+00 0.0000e+00 0.0000e+00 0.0000e+00 0.0000e+00 0.0000e+00 0.0000e+00 0.0000e+00 0.0000e+00 0.0000e+00 0.0000e+00 0.0000e+00 0.0000e+00 0.0000e+00 0.0000e+00 0.0000e+00 0.0000e+00 0.0000e+00 0.0000e+00 0.0000e+00 0.0000e+00 0.0000e+00 0.0000e+00 0.0000e+00 0.0000e+00 0.0000e+00 0.0000e+00 0.0000e+00
-1.6350e-10 -9.2579e-10 -2.5553e-09 -5.2574e-09 -9.2110e-09 -1.4582e-08 -2.1528e-08 1.2883e-06 -4.0770e-08 -5.3382e-08 -6.8204e-08 -8.5405e-08 -1.0516e-07 -1.2764e-07 -1.5305e-07 -1.8156e-07 -2.1338e-07 -2.4869e-07 -2.8766e-07 -3.3048e-07 -3.7726e-07 -4.2810e-07 -4.8302e-07 -5.4195e-07 -6.0469e-07 -6.7087e-07 -7.3989e-07 -8.1087e-07 -8.8257e-07 -9.5333e-07 -1.0210e-06 -1.0828e-06 -1.1356e-06 -1.1755e-06 -1.1984e-06 -1.2001e-06 -1.1765e-06 -1.1249e-06 -1.0440e-06 -9.3513e-07 -8.0298e-07 -6.5560e-07 -5.0394e-07 -3.6038e-07 -2.3636e-07 -1.3973e-07 -7.2914e-08 -3.2743e-08 -1.2270e-08 -3.6957e-09 -8.5472e-10 -1.4354e-10 -1.6344e-11 -1.1599e-12 -4.6249e-14 -9.1109e-16 -7.5608e-18 -2.1668e-20 -1.6727e-23 -2.5455e-27 -5.1513e-32 -8.4159e-38 -5.8793e-45 -7.7840e-54 -6.8516e-65 -1.0325e-78 -4.5474e-96 -5.7555e-118 -9.7725e-146 -3.7645e-181 -1.3777e-226 -2.8891e-285 0.0000e+00 0.0000e+00 0.0000e+00 0.0000e+00 0.0000e+00 0.0000e+00 0.0000e+00 0.0000e+00 0.0000e+00 0.0000e+00 0.0000e+00 0.0000e+00 0.0000e+00 0.0000e+00 0.0000e+00 0.0000e+00 0.0000e+00 0.0000e+00 0.0000e+00 0.0000e+00 0.0000e+00 0.0000e+00 0.0000e+00 0.0000e+00 0.0000e+00 0.0000e+00 0.0000e+00 0.0000e+00 1.6350e-10 9.2579e-10 2.5553e-09 5.2574e-09 9.2110e-09 1.4582e-08 2.1528e-08 0.0000e+00 4.0770e-08 5.3382e-08 6.8204e-08 8.5405e-08 1.0516e-07 1.2764e-07 1.5305e-07 1.8156e-07 2.1338e-07 2.4869e-07 2.8766e-07 3.3048e-07 3.7726e-07 4.2810e-07 4.8302e-07 5.4195e-07 6.0469e-07 6.7087e-07 7.3989e-07 8.1087e-07 8.8257e-07 9.5332e-07 1.0210e-06 1.0828e-06 1.1356e-06 1.1755e-06 1.1984e-06 1.2000e-06 1.1765e-06 1.1248e-06 1.0439e-06 9.3506e-07 8.0291e-07 6.5553e-07 5.0387e-07 3.6033e-07 2.3631e-07 1.3970e-07 7.2894e-08 3.2732e-08 1.2265e-08 3.6939e-09 8.5423e-10 1.4344e-10 1.6330e-11 1.1587e-12 4.6191e-14 9.0973e-16 7.5472e-18 2.1621e-20 1.6683e-23 2.5374e-27 5.1312e-32 8.3760e-38 5.8452e-45 7.7288e-54 6.7919e-65 1.0215e-78 4.4873e-96 5.6614e-118 9.5740e-146 3.6692e-181 1.3340e-226 2.7741e-285 0.0000e+00 0.0000e+00 0.0000e+00 0.0000e+00 0.0000e+00 0.0000e+00 0.0000e+00 0.0000e+00 0.0000e+00 0.0000e+00 0.0000e+00 0.0000e+00 0.0000e+00 0.0000e+00 0.0000e+00 0.0000e+00 0.0000e+00 0.0000e+00 0.0000e+00 0.0000e+00 0.0000e+00 0.0000e+00 0.0000e+00 0.0000e+00 0.0000e+00 0.0000e+00 0.0000e+00 0.0000e+00
-2.2069e-10 -1.2496e-09 -3.4491e-09 -7.0963e-09 -1.2433e-08 -1.9682e-08 -2.9058e-08 -4.0770e-08 2.6334e-06 -7.2055e-08 -9.2061e-08 -1.1528e-07 -1.4194e-07 -1.7229e-07 -2.0658e-07 -2.4507e-07 -2.8802e-07 -3.3567e-07 -3.8828e-07 -4.4607e-07 -5.0922e-07 -5.7784e-07 -6.5198e-07 -7.3152e-07 -8.1621e-07 -9.0554e-07 -9.9871e-07 -1.0945e-06 -1.1913e-06 -1.2868e-06 -1.3781e-06 -1.4616e-06 -1.5329e-06 -1.5867e-06 -1.6177e-06 -1.6199e-06 -1.5881e-06 -1.5184e-06 -1.4092e-06 -1.2623e-06 -1.0840e-06 -8.8501e-07 -6.8030e-07 -4.8652e-07 -3.1910e-07 -1.8865e-07 -9.8447e-08 -4.4212e-08 -1.6569e-08 -4.9909e-09 -1.1544e-09 -1.9389e-10 -2.2080e-11 -1.5673e-12 -6.2506e-14 -1.2317e-15 -1.0225e-17 -2.9314e-20 -2.2640e-23 -3.4474e-27 -6.9814e-32 -1.1416e-37 -7.9839e-45 -1.0585e-53 -9.3324e-65 -1.4093e-78 -6.2230e-96 -7.9021e-118 -1.3472e-145 -5.2168e-181 -1.9217e-226 -4.0639e-285 0.0000e+00 0.0000e+00 0.0000e+00 0.0000e+00 0.0000e+00 0.0000e+00 0.0000e+00 0.0000e+00 0.0000e+00 0.0000e+00 0.0000e+00 0.0000e+00 0.0000e+00 0.0000e+00 0.0000e+00 0.0000e+00 0.0000e+00 0.0000e+00 0.0000e+00 0.0000e+00 0.0000e+00 0.0000e+00 0.0000e+00 0.0000e+00 0.0000e+00 0.0000e+00 0.0000e+00 0.0000e+00 2.2069e-10 1.2496e-09 3.4491e-09 7.0963e-09 1.2433e-08 1.9682e-08 2.9058e-08 4.0770e-08 0.0000e+00 7.2055e-08 9.2061e-08 1.1528e-07 1.4194e-07 1.7229e-07 2.0658e-07 2.4507e-07 2.8802e-07 3.3567e-07 3.8828e-07 4.4607e-07 5.0922e-07 5.7784e-07 6.5197e-07 7.3152e-07 8.1621e-07 9.0553e-07 9.9870e-07 1.0945e-06 1.1913e-06 1.2868e-06 1.3781e-06 1.4616e-06 1.5328e-06 1.5867e-06 1.6176e-06 1.6198e-06 1.5880e-06 1.5183e-06 1.4090e-06 1.2621e-06 1.0838e-06 8.8482e-07 6.8012e-07 4.8636e-07 3.1897e-07 1.8856e-07 9.8391e-08 4.4182e-08 1.6555e-08 4.9860e-09 1.1530e-09 1.9361e-10 2.2042e-11 1.5641e-12 6.2349e-14 1.2279e-15 1.0187e-17 2.9184e-20 2.2518e-23 3.4249e-27 6.9260e-32 1.1306e-37 7.8898e-45 1.0432e-53 9.1677e-65 1.3788e-78 6.0569e-96 7.6416e-118 1.2923e-145 4.9525e-181 1.8006e-226 3.7442e-285 0.0000e+00 0.0000e+00 0.0000e+00 0.0000e+00 0.0000e+00 0.0000e+00 0.0000e+00 0.0000e+00 0.0000e+00 0.0000e+00 0.0000e+00 0.0000e+00 0.0000e+00 0.0000e+00 0.0000e+00 0.0000e+00 0.0000e+00 0.0000e+00 0.0000e+00 0.0000e+00 0.0000e+00 0.0000e+00 0.0000e+00 0.0000e+00 0.0000e+00 0.0000e+00 0.0000e+00 0.0000e+00
-2.8896e-10 -1.6362e-09 -4.5161e-09 -9.2915e-09 -1.6279e-08 -2.5770e-08 -3.8046e-08 -5.3382e-08 -7.2055e-08 5.0015e-06 -1.2054e-07 -1.5094e-07 -1.8585e-07 -2.2559e-07 -2.7049e-07 -3.2088e-07 -3.7711e-07 -4.3951e-07 -5.0840e-07 -5.8406e-07 -6.6674e-07 -7.5660e-07 -8.5366e-07 -9.5782e-07 -1.0687e-06 -1.1857e-06 -1.3077e-06 -1.4331e-06 -1.5598e-06 -1.6849e-06 -1.8045e-06 -1.9138e-06 -2.0071e-06 -2.0777e-06 -2.1182e-06 -2.1211e-06 -2.0796e-06 -1.9883e-06 -1.8454e-06 -1.6530e-06 -1.4195e-06 -1.1590e-06 -8.9096e-07 -6.3720e-07 -4.1795e-07 -2.4711e-07 -1.2897e-07 -5.7924e-08 -2.1710e-08 -6.5407e-09 -1.5131e-09 -2.5419e-10 -2.8956e-11 -2.0560e-12 -8.2027e-14 -1.6171e-15 -1.3432e-17 -3.8536e-20 -2.9788e-23 -4.5405e-27 -9.2065e-32 -1.5078e-37 -1.0565e-44 -1.4039e-53 -1.2414e-64 -1.8815e-78 -8.3452e-96 -1.0656e-117 -1.8295e-145 -7.1465e-181 -2.6616e-226 -5.7065e-285 0.0000e+00 0.0000e+00 0.0000e+00 0.0000e+00 0.0000e+00 0.0000e+00 0.0000e+00 0.0000e+00 0.0000e+00 0.0000e+00 0.0000e+00 0.0000e+00 0.0000e+00 0.0000e+00 0.0000e+00 0.0000e+00 0.0000e+00 0.0000e+00 0.0000e+00 0.0000e+00 0.0000e+00 0.0000e+00 0.0000e+00 0.0000e+00 0.0000e+00 0.0000e+00 0.0000e+00 0.0000e+00 2.8896e-10 1.6362e-09 4.5161e-09 9.2915e-09 1.6279e-08 2.5770e-08 3.8046e-08 5.3382e-08 7.2055e-08 0.0000e+00 1.2054e-07 1.5094e-07 1.8585e-07 2.2559e-07 2.7049e-07 3.2088e-07 3.7711e-07 4.3951e-07 5.0840e-07 5.8406e-07 6.6674e-07 7.5659e-07 8.5366e-07 9.5781e-07 1.0687e-06 1.1857e-06 1.3076e-06 1.4331e-06 1.5598e-06 1.6848e-06 1.8044e-06 1.9137e-06 2.0070e-06 2.0775e-06 2.1180e-06 2.1208e-06 2.0792e-06 1.9880e-06 1.8449e-06 1.6526e-06 1.4190e-06 1.1585e-06 8.9051e-07 6.3682e-07 4.1765e-07 2.4689e-07 1.2883e-07 5.7849e-08 2.1677e-08 6.5284e-09 1.5097e-09 2.5350e-10 2.8861e-11 2.0479e-12 8.1636e-14 1.6078e-15 1.3338e-17 3.8212e-20 2.9484e-23 4.4844e-27 9.0685e-32 1.4803e-37 1.0330e-44 1.3659e-53 1.2004e-64 1.8053e-78 7.9304e-96 1.0005e-117 1.6919e-145 6.4841e-181 2.3573e-226 4.9015e-285 0.0000e+00 0.0000e+00 0.0000e+00 0.0000e+00 0.0000e+00 0.0000e+00 0.0000e+00 0.0000e+00 0.0000e+00 0.0000e+00 0.0000e+00 0.0000e+00 0.0000e+00 0.0000e+00 0.0000e+00 0.0000e+00 0.0000e+00 0.0000e+00 0.0000e+00 0.0000e+00 0.0000e+00 0.0000e+00 0.0000e+00 0.0000e+00 0.0000e+00 0.0000e+00 0.0000e+00 0.0000e+00
-3.6919e-10 -2.0905e-09 -5.7700e-09 -1.1871e-08 -2.0799e-08 -3.2926e-08 -4.8610e-08 -6.8204e-08 -9.2061e-08 -1.2054e-07 8.9520e-06 -1.9285e-07 -2.3745e-07 -2.8822e-07 -3.4559e-07 -4.0998e-07 -4.8182e-07 -5.6154e-07 -6.4956e-07 -7.4623e-07 -8.5187e-07 -9.6667e-07 -1.0907e-06 -1.2238e-06 -1.3654e-06 -1.5149e-06 -1.6708e-06 -1.8311e-06 -1.9930e-06 -2.1528e-06 -2.3056e-06 -2.4453e-06 -2.5645e-06 -2.6547e-06 -2.7065e-06 -2.7103e-06 -2.6573e-06 -2.5408e-06 -2.3582e-06 -2.1125e-06 -1.8141e-06 -1.4813e-06 -1.1388e-06 -8.1452e-07 -5.3431e-07 -3.1594e-07 -1.6491e-07 -7.4083e-08 -2.7773e-08 -8.3691e-09 -1.9367e-09 -3.2547e-10 -3.7091e-11 -2.6351e-12 -1.0520e-13 -2.0755e-15 -1.7256e-17 -4.9564e-20 -3.8365e-23 -5.8579e-27 -1.1903e-31 -1.9543e-37 -1.3736e-44 -1.8324e-53 -1.6280e-64 -2.4817e-78 -1.1087e-95 -1.4283e-117 -2.4794e-145 -9.8174e-181 -3.7182e-226 -8.1384e-285 0.0000e+00 0.0000e+00 0.0000e+00 0.0000e+00 0.0000e+00 0.0000e+00 0.0000e+00 0.0000e+00 0.0000e+00 0.0000e+00 0.0000e+00 0.0000e+00 0.0000e+00 0.0000e+00 0.0000e+00 0.0000e+00 0.0000e+00 0.0000e+00 0.0000e+00 0.0000e+00 0.0000e+00 0.0000e+00 0.0000e+00 0.0000e+00 0.0000e+00 0.0000e+00 0.0000e+00 0.0000e+00 3.6919e-10 2.0905e-09 5.7700e-09 1.1871e-08 2.0799e-08 3.2926e-08 4.8610e-08 6.8204e-08 9.2061e-08 1.2054e-07 0.0000e+00 1.9285e-07 2.3745e-07 2.8822e-07 3.4559e-07 4.0998e-07 4.8182e-07 5.6154e-07 6.4956e-07 7.4623e-07 8.5187e-07 9.6667e-07 1.0907e-06 1.2238e-06 1.3654e-06 1.5149e-06 1.6707e-06 1.8310e-06 1.9929e-06 2.1526e-06 2.3054e-06 2.4451e-06 2.5642e-06 2.6543e-06 2.7060e-06 2.7097e-06 2.6565e-06 2.5399e-06 2.3572e-06 2.1114e-06 1.8130e-06 1.4802e-06 1.1378e-06 8.1363e-07 5.3361e-07 3.1544e-07 1.6460e-07 7.3912e-08 2.7695e-08 8.3410e-09 1.9289e-09 3.2388e-10 3.6874e-11 2.6165e-12 1.0430e-13 2.0542e-15 1.7042e-17 4.8822e-20 3.7670e-23 5.7295e-27 1.1586e-31 1.8913e-37 1.3199e-44 1.7452e-53 1.5336e-64 2.3064e-78 1.0132e-95 1.2782e-117 2.1614e-145 8.2824e-181 3.0106e-226 6.2587e-285 0.0000e+00 0.0000e+00 0.0000e+00 0.0000e+00 0.0000e+00 0.0000e+00 0.0000e+00 0.0000e+00 0.0000e+00 0.0000e+00 0.0000e+00 0.0000e+00 0.0000e+00 0.0000e+00 0.0000e+00 0.0000e+00 0.0000e+00 0.0000e+00 0.0000e+00 0.0000e+00 0.0000e+00 0.0000e+00 0.0000e+00 0.0000e+00 0.0000e+00 0.0000e+00 0.0000e+00 0.0000e+00
-4.6229e-10 -2.6177e-09 -7.2251e-09 -1.4865e-08 -2.6044e-08 -4.1229e-08 -6.0869e-08 -8.5405e-08 -1.1528e-07 -1.5094e-07 -1.9285e-07 1.5260e-05 -2.9733e-07 -3.6091e-07 -4.3274e-07 -5.1337e-07 -6.0333e-07 -7.0316e-07 -8.1337e-07 -9.3443e-07 -1.0667e-06 -1.2105e-06 -1.3658e-06 -1.5324e-06 -1.7098e-06 -1.8970e-06 -2.0921e-06 -2.2929e-06 -2.4957e-06 -2.6958e-06 -2.8872e-06 -3.0622e-06 -3.2115e-06 -3.3245e-06 -3.3895e-06 -3.3943e-06 -3.3280e-06 -3.1823e-06 -2.9537e-06 -2.6461e-06 -2.2726e-06 -1.8558e-06 -1.4269e-06 -1.0207e-06 -6.6968e-07 -3.9606e-07 -2.0678e-07 -9.2916e-08 -3.4845e-08 -1.0504e-08 -2.4320e-09 -4.0895e-10 -4.6638e-11 -3.3161e-12 -1.3252e-13 -2.6178e-15 -2.1797e-17 -6.2721e-20 -4.8656e-23 -7.4491e-27 -1.5185e-31 -2.5032e-37 -1.7680e-44 -2.3725e-53 -2.1231e-64 -3.2653e-78 -1.4746e-95 -1.9249e-117 -3.3955e-145 -1.3710e-180 -5.3164e-226 -1.1971e-284 0.0000e+00 0.0000e+00 0.0000e+00 0.0000e+00 0.0000e+00 0.0000e+00 0.0000e+00 0.0000e+00 0.0000e+00 0.0000e+00 0.0000e+00 0.0000e+00 0.0000e+00 0.0000e+00 0.0000e+00 0.0000e+00 0.0000e+00 0.0000e+00 0.0000e+00 0.0000e+00 0.0000e+00 0.0000e+00 0.0000e+00 0.0000e+00 0.0000e+00 0.0000e+00 0.0000e+00 0.0000e+00 4.6229e-10 2.6177e-09 7.2251e-09 1.4865e-08 2.6044e-08 4.1229e-08 6.0869e-08 8.5405e-08 1.1528e-07 1.5094e-07 1.9285e-07 0.0000e+00 2.9733e-07 3.6091e-07 4.3274e-07 5.1337e-07 6.0333e-07 7.0316e-07 8.1337e-07 9.3442e-07 1.0667e-06 1.2104e-06 1.3657e-06 1.5324e-06 1.7098e-06 1.8969e-06 2.0920e-06 2.2927e-06 2.4955e-06 2.6955e-06 2.8868e-06 3.0617e-06 3.2109e-06 3.3237e-06 3.3884e-06 3.3930e-06 3.3265e-06 3.1805e-06 2.9516e-06 2.6439e-06 2.2702e-06 1.8535e-06 1.4247e-06 1.0188e-06 6.6818e-07 3.9499e-07 2.0611e-07 9.2551e-08 3.4679e-08 1.0445e-08 2.4153e-09 4.0556e-10 4.6173e-11 3.2763e-12 1.3061e-13 2.5723e-15 2.1339e-17 6.1134e-20 4.7170e-23 7.1743e-27 1.4508e-31 2.3682e-37 1.6527e-44 2.1852e-53 1.9202e-64 2.8878e-78 1.2685e-95 1.6001e-117 2.7053e-145 1.0364e-180 3.7659e-226 7.8237e-285 0.0000e+00 0.0000e+00 0.0000e+00 0.0000e+00 0.0000e+00 0.0000e+00 0.0000e+00 0.0000e+00 0.0000e+00 0.0000e+00 0.0000e+00 0.0000e+00 0.0000e+00 0.0000e+00 0.0000e+00 0.0000e+00 0.0000e+00 0.0000e+00 0.0000e+00 0.0000e+00 0.0000e+00 0.0000e+00 0.0000e+00 0.0000e+00 0.0000e+00 0.0000e+00 0.0000e+00 0.0000e+00
-5.6921e-10 -3.2231e-09 -8.8961e-09 -1.8303e-08 -3.2068e-08 -5.0765e-08 -7.4947e-08 -1.0516e-07 -1.4194e-07 -1.8585e-07 -2.3745e-07 -2.9733e-07 2.4973e-05 -4.4438e-07 -5.3283e-07 -6.3210e-07 -7.4287e-07 -8.6579e-07 -1.0015e-06 -1.1505e-06 -1.3134e-06 -1.4904e-06 -1.6817e-06 -1.8868e-06 -2.1053e-06 -2.3358e-06 -2.5761e-06 -2.8233e-06 -3.0730e-06 -3.3195e-06 -3.5552e-06 -3.7708e-06 -3.9548e-06 -4.0941e-06 -4.1742e-06 -4.1804e-06 -4.0990e-06 -3.9197e-06 -3.6385e-06 -3.2599e-06 -2.8001e-06 -2.2869e-06 -1.7586e-06 -1.2583e-06 -8.2574e-07 -4.8851e-07 -2.5514e-07 -1.1469e-07 -4.3033e-08 -1.2981e-08 -3.0076e-09 -5.0619e-10 -5.7789e-11 -4.1143e-12 -1.6468e-13 -3.2591e-15 -2.7198e-17 -7.8479e-20 -6.1084e-23 -9.3894e-27 -1.9234e-31 -3.1894e-37 -2.2688e-44 -3.0710e-53 -2.7771e-64 -4.3256e-78 -1.9834e-95 -2.6370e-117 -4.7543e-145 -1.9700e-180 -7.8762e-226 -1.8379e-284 0.0000e+00 0.0000e+00 0.0000e+00 0.0000e+00 0.0000e+00 0.0000e+00 0.0000e+00 0.0000e+00 0.0000e+00 0.0000e+00 0.0000e+00 0.0000e+00 0.0000e+00 0.0000e+00 0.0000e+00 0.0000e+00 0.0000e+00 0.0000e+00 0.0000e+00 0.0000e+00 0.0000e+00 0.0000e+00 0.0000e+00 0.0000e+00 0.0000e+00 0.0000e+00 0.0000e+00 0.0000e+00 5.6921e-10 3.2231e-09 8.8961e-09 1.8303e-08 3.2068e-08 5.0765e-08 7.4947e-08 1.0516e-07 1.4194e-07 1.8585e-07 2.3745e-07 2.9733e-07 0.0000e+00 4.4438e-07 5.3283e-07 6.3210e-07 7.4287e-07 8.6579e-07 1.0015e-06 1.1505e-06 1.3134e-06 1.4904e-06 1.6816e-06 1.8868e-06 2.1052e-06 2.3356e-06 2.5759e-06 2.8230e-06 3.0726e-06 3.3189e-06 3.5545e-06 3.7698e-06 3.9535e-06 4.0924e-06 4.1721e-06 4.1778e-06 4.0959e-06 3.9161e-06 3.6343e-06 3.2554e-06 2.7953e-06 2.2822e-06 1.7542e-06 1.2545e-06 8.2272e-07 4.8635e-07 2.5378e-07 1.1396e-07 4.2700e-08 1.2860e-08 2.9739e-09 4.9936e-10 5.6852e-11 4.0341e-12 1.6081e-13 3.1672e-15 2.6275e-17 7.5272e-20 5.8079e-23 8.8334e-27 1.7863e-31 2.9158e-37 2.0347e-44 2.6902e-53 2.3639e-64 3.5546e-78 1.5611e-95 1.9688e-117 3.3274e-145 1.2740e-180 4.6242e-226 9.5904e-285 0.0000e+00 0.0000e+00 0.0000e+00 0.0000e+00 0.0000e+00 0.0000e+00 0.0000e+00 0.0000e+00 0.0000e+00 0.0000e+00 0.0000e+00 0.0000e+00 0.0000e+00 0.0000e+00 0.0000e+00 0.0000e+00 0.0000e+00 0.0000e+00 0.0000e+00 0.0000e+00 0.0000e+00 0.0000e+00 0.0000e+00 0.0000e+00 0.0000e+00 0.0000e+00 0.0000e+00 0.0000e+00
-6.9093e-10 -3.9123e-09 -1.0798e-08 -2.2217e-08 -3.8925e-08 -6.1620e-08 -9.0973e-08 -1.2764e-07 -1.7229e-07 -2.2559e-07 -2.8822e-07 -3.6091e-07 -4.4438e-07 3.9480e-05 -6.4677e-07 -7.6727e-07 -9.0172e-07 -1.0509e-06 -1.2156e-06 -1.3966e-06 -1.5943e-06 -1.8092e-06 -2.0413e-06 -2.2904e-06 -2.5556e-06 -2.8353e-06 -3.1271e-06 -3.4272e-06 -3.7304e-06 -4.0297e-06 -4.3160e-06 -4.5778e-06 -4.8014e-06 -4.9707e-06 -5.0683e-06 -5.0762e-06 -4.9777e-06 -4.7605e-06 -4.4194e-06 -3.9602e-06 -3.4022e-06 -2.7793e-06 -2.1378e-06 -1.5300e-06 -1.0044e-06 -5.9449e-07 -3.1065e-07 -1.3974e-07 -5.2470e-08 -1.5842e-08 -3.6746e-09 -6.1925e-10 -7.0809e-11 -5.0510e-12 -2.0263e-13 -4.0213e-15 -3.3671e-17 -9.7545e-20 -7.6290e-23 -1.1795e-26 -2.4331e-31 -4.0685e-37 -2.9234e-44 -4.0049e-53 -3.6741e-64 -5.8211e-78 -2.7235e-95 -3.7078e-117 -6.8723e-145 -2.9403e-180 -1.2195e-225 -2.9676e-284 0.0000e+00 0.0000e+00 0.0000e+00 0.0000e+00 0.0000e+00 0.0000e+00 0.0000e+00 0.0000e+00 0.0000e+00 0.0000e+00 0.0000e+00 0.0000e+00 0.0000e+00 0.0000e+00 0.0000e+00 0.0000e+00 0.0000e+00 0.0000e+00 0.0000e+00 0.0000e+00 0.0000e+00 0.0000e+00 0.0000e+00 0.0000e+00 0.0000e+00 0.0000e+00 0.0000e+00 0.0000e+00 6.9093e-10 3.9123e-09 1.0798e-08 2.2217e-08 3.8925e-08 6.1620e-08 9.0973e-08 1.2764e-07 1.7229e-07 2.2559e-07 2.8822e-07 3.6091e-07 4.4438e-07 0.0000e+00 6.4677e-07 7.6727e-07 9.0172e-07 1.0509e-06 1.2156e-06 1.3966e-06 1.5943e-06 1.8091e-06 2.0412e-06 2.2902e-06 2.5554e-06 2.8350e-06 3.1267e-06 3.4266e-06 3.7296e-06 4.0286e-06 4.3145e-06 4.5759e-06 4.7989e-06 4.9675e-06 5.0643e-06 5.0712e-06 4.9717e-06 4.7534e-06 4.4114e-06 3.9515e-06 3.3930e-06 2.7702e-06 2.1293e-06 1.5227e-06 9.9864e-07 5.9034e-07 3.0804e-07 1.3832e-07 5.1831e-08 1.5610e-08 3.6099e-09 6.0614e-10 6.9009e-11 4.8967e-12 1.9520e-13 3.8443e-15 3.1893e-17 9.1365e-20 7.0495e-23 1.0722e-26 2.1681e-31 3.5388e-37 2.4693e-44 3.2645e-53 2.8680e-64 4.3117e-78 1.8929e-95 2.3858e-117 4.0282e-145 1.5399e-180 5.5749e-226 1.1512e-284 0.0000e+00 0.0000e+00 0.0000e+00 0.0000e+00 0.0000e+00 0.0000e+00 0.0000e+00 0.0000e+00 0.0000e+00 0.0000e+00 0.0000e+00 0.0000e+00 0.0000e+00 0.0000e+00 0.0000e+00 0.0000e+00 0.0000e+00 0.0000e+00 0.0000e+00 0.0000e+00 0.0000e+00 0.0000e+00 0.0000e+00 0.0000e+00 0.0000e+00 0.0000e+00 0.0000e+00 0.0000e+00
-8.2845e-10 -4.6909e-09 -1.2948e-08 -2.6639e-08 -4.6672e-08 -7.3884e-08 -1.0908e-07 -1.5305e-07 -2.0658e-07 -2.7049e-07 -3.4559e-07 -4.3274e-07 -5.3283e-07 -6.4677e-07 6.0589e-05 -9.1998e-07 -1.0812e-06 -1.2601e-06 -1.4576e-06 -1.6746e-06 -1.9116e-06 -2.1693e-06 -2.4476e-06 -2.7463e-06 -3.0643e-06 -3.3998e-06 -3.7498e-06 -4.1097e-06 -4.4734e-06 -4.8324e-06 -5.1759e-06 -5.4901e-06 -5.7586e-06 -5.9621e-06 -6.0797e-06 -6.0897e-06 -5.9723e-06 -5.7125e-06 -5.3042e-06 -4.7540e-06 -4.0852e-06 -3.3382e-06 -2.5687e-06 -1.8392e-06 -1.2081e-06 -7.1547e-07 -3.7416e-07 -1.6846e-07 -6.3325e-08 -1.9145e-08 -4.4476e-09 -7.5095e-10 -8.6064e-11 -6.1559e-12 -2.4776e-13 -4.9364e-15 -4.1527e-17 -1.2098e-19 -9.5258e-23 -1.4846e-26 -3.0919e-31 -5.2291e-37 -3.8083e-44 -5.3006e-53 -4.9539e-64 -8.0209e-78 -3.8481e-95 -5.3920e-117 -1.0328e-144 -4.5861e-180 -1.9835e-225 -5.0584e-284 0.0000e+00 0.0000e+00 0.0000e+00 0.0000e+00 0.0000e+00 0.0000e+00 0.0000e+00 0.0000e+00 0.0000e+00 0.0000e+00 0.0000e+00 0.0000e+00 0.0000e+00 0.0000e+00 0.0000e+00 0.0000e+00 0.0000e+00 0.0000e+00 0.0000e+00 0.0000e+00 0.0000e+00 0.0000e+00 0.0000e+00 0.0000e+00 0.0000e+00 0.0000e+00 0.0000e+00 0.0000e+00 8.2845e-10 4.6909e-09 1.2948e-08 2.6639e-08 4.6672e-08 7.3884e-08 1.0908e-07 1.5305e-07 2.0658e-07 2.7049e-07 3.4559e-07 4.3274e-07 5.3283e-07 6.4677e-07 0.0000e+00 9.1998e-07 1.0812e-06 1.2601e-06 1.4576e-06 1.6745e-06 1.9116e-06 2.1692e-06 2.4475e-06 2.7461e-06 3.0640e-06 3.3993e-06 3.7490e-06 4.1087e-06 4.4720e-06 4.8305e-06 5.1733e-06 5.4866e-06 5.7540e-06 5.9562e-06 6.0722e-06 6.0805e-06 5.9612e-06 5.6995e-06 5.2894e-06 4.7379e-06 4.0684e-06 3.3215e-06 2.5531e-06 1.8258e-06 1.1974e-06 7.0784e-07 3.6935e-07 1.6585e-07 6.2147e-08 1.8717e-08 4.3283e-09 7.2678e-10 8.2743e-11 5.8712e-12 2.3404e-13 4.6094e-15 3.8238e-17 1.0954e-19 8.4518e-23 1.2854e-26 2.5990e-31 4.2418e-37 2.9594e-44 3.9115e-53 3.4352e-64 5.1615e-78 2.2640e-95 2.8495e-117 4.8002e-145 1.8281e-180 6.5767e-226 1.3432e-284 0.0000e+00 0.0000e+00 0.0000e+00 0.0000e+00 0.0000e+00 0.0000e+00 0.0000e+00 0.0000e+00 0.0000e+00 0.0000e+00 0.0000e+00 0.0000e+00 0.0000e+00 0.0000e+00 0.0000e+00 0.0000e+00 0.0000e+00 0.0000e+00 0.0000e+00 0.0000e+00 0.0000e+00 0.0000e+00 0.0000e+00 0.0000e+00 0.0000e+00 0.0000e+00 0.0000e+00 0.0000e+00
-9.8280e-10 -5.5649e-09 -1.5360e-08 -3.1602e-08 -5.5367e-08 -8.7650e-08 -1.2940e-07 -1.8156e-07 -2.4507e-07 -3.2088e-07 -4.0998e-07 -5.1337e-07 -6.3210e-07 -7.6727e-07 -9.1998e-07 9.0628e-05 -1.2826e-06 -1.4949e-06 -1.7292e-06 -1.9866e-06 -2.2678e-06 -2.5735e-06 -2.9037e-06 -3.2581e-06 -3.6355e-06 -4.0335e-06 -4.4488e-06 -4.8760e-06 -5.3077e-06 -5.7339e-06 -6.1418e-06 -6.5151e-06 -6.8342e-06 -7.0764e-06 -7.2168e-06 -7.2297e-06 -7.0915e-06 -6.7845e-06 -6.3011e-06 -5.6493e-06 -4.8562e-06 -3.9700e-06 -3.0564e-06 -2.1898e-06 -1.4395e-06 -8.5328e-07 -4.4671e-07 -2.0138e-07 -7.5818e-08 -2.2964e-08 -5.3469e-09 -9.0518e-10 -1.0407e-10 -7.4720e-12 -3.0210e-13 -6.0515e-15 -5.1235e-17 -1.5040e-19 -1.1950e-22 -1.8824e-26 -3.9697e-31 -6.8131e-37 -5.0475e-44 -7.1662e-53 -6.8521e-64 -1.1387e-77 -5.6268e-95 -8.1510e-117 -1.6204e-144 -7.5002e-180 -3.3970e-225 -9.1209e-284 0.0000e+00 0.0000e+00 0.0000e+00 0.0000e+00 0.0000e+00 0.0000e+00 0.0000e+00 0.0000e+00 0.0000e+00 0.0000e+00 0.0000e+00 0.0000e+00 0.0000e+00 0.0000e+00 0.0000e+00 0.0000e+00 0.0000e+00 0.0000e+00 0.0000e+00 0.0000e+00 0.0000e+00 0.0000e+00 0.0000e+00 0.0000e+00 0.0000e+00 0.0000e+00 0.0000e+00 0.0000e+00 9.8280e-10 5.5649e-09 1.5360e-08 3.1602e-08 5.5367e-08 8.7650e-08 1.2940e-07 1.8156e-07 2.4507e-07 3.2088e-07 4.0998e-07 5.1337e-07 6.3210e-07 7.6727e-07 9.1998e-07 0.0000e+00 1.2826e-06 1.4949e-06 1.7291e-06 1.9865e-06 2.2677e-06 2.5733e-06 2.9034e-06 3.2577e-06 3.6348e-06 4.0326e-06 4.4475e-06 4.8742e-06 5.3051e-06 5.7304e-06 6.1371e-06 6.5088e-06 6.8260e-06 7.0659e-06 7.2035e-06 7.2133e-06 7.0718e-06 6.7614e-06 6.2749e-06 5.6207e-06 4.8263e-06 3.9404e-06 3.0288e-06 2.1659e-06 1.4205e-06 8.3972e-07 4.3816e-07 1.9675e-07 7.3725e-08 2.2204e-08 5.1347e-09 8.6217e-10 9.8157e-11 6.9649e-12 2.7764e-13 5.4678e-15 4.5359e-17 1.2993e-19 1.0024e-22 1.5244e-26 3.0819e-31 5.0288e-37 3.5073e-44 4.6332e-53 4.0658e-64 6.1013e-78 2.6709e-95 3.3509e-117 5.6154e-145 2.1197e-180 7.5087e-226 1.4909e-284 0.0000e+00 0.0000e+00 0.0000e+00 0.0000e+00 0.0000e+00 0.0000e+00 0.0000e+00 0.0000e+00 0.0000e+00 0.0000e+00 0.0000e+00 0.0000e+00 0.0000e+00 0.0000e+00 0.0000e+00 0.0000e+00 0.0000e+00 0.0000e+00 0.0000e+00 0.0000e+00 0.0000e+00 0.0000e+00 0.0000e+00 0.0000e+00 0.0000e+00 0.0000e+00 0.0000e+00 0.0000e+00
-1.1550e-09 -6.5401e-09 -1.8051e-08 -3.7140e-08 -6.5070e-08 -1.0301e-07 -1.5208e-07 -2.1338e-07 -2.8802e-07 -3.7711e-07 -4.8182e-07 -6.0333e-07 -7.4287e-07 -9.0172e-07 -1.0812e-06 -1.2826e-06 1.3255e-04 -1.7569e-06 -2.0322e-06 -2.3347e-06 -2.6653e-06 -3.0246e-06 -3.4127e-06 -3.8293e-06 -4.2729e-06 -4.7409e-06 -5.2291e-06 -5.7314e-06 -6.2392e-06 -6.7406e-06 -7.2206e-06 -7.6602e-06 -8.0362e-06 -8.3222e-06 -8.4886e-06 -8.5055e-06 -8.3449e-06 -7.9859e-06 -7.4195e-06 -6.6548e-06 -5.7234e-06 -4.6818e-06 -3.6070e-06 -2.5866e-06 -1.7021e-06 -1.0102e-06 -5.2965e-07 -2.3920e-07 -9.0249e-08 -2.7405e-08 -6.4002e-09 -1.0874e-09 -1.2556e-10 -9.0614e-12 -3.6858e-13 -7.4364e-15 -6.3496e-17 -1.8826e-19 -1.5133e-22 -2.4164e-26 -5.1768e-31 -9.0478e-37 -6.8440e-44 -9.9491e-53 -9.7702e-64 -1.6729e-77 -8.5467e-95 -1.2847e-116 -2.6605e-144 -1.2885e-179 -6.1378e-225 -1.7438e-283 0.0000e+00 0.0000e+00 0.0000e+00 0.0000e+00 0.0000e+00 0.0000e+00 0.0000e+00 0.0000e+00 0.0000e+00 0.0000e+00 0.0000e+00 0.0000e+00 0.0000e+00 0.0000e+00 0.0000e+00 0.0000e+00 0.0000e+00 0.0000e+00 0.0000e+00 0.0000e+00 0.0000e+00 0.0000e+00 0.0000e+00 0.0000e+00 0.0000e+00 0.0000e+00 0.0000e+00 0.0000e+00 1.1550e-09 6.5401e-09 1.8051e-08 3.7140e-08 6.5070e-08 1.0301e-07 1.5208e-07 2.1338e-07 2.8802e-07 3.7711e-07 4.8182e-07 6.0333e-07 7.4287e-07 9.0172e-07 1.0812e-06 1.2826e-06 0.0000e+00 1.7568e-06 2.0322e-06 2.3346e-06 2.6651e-06 3.0242e-06 3.4122e-06 3.8285e-06 4.2718e-06 4.7393e-06 5.2269e-06 5.7283e-06 6.2348e-06 6.7346e-06 7.2125e-06 7.6494e-06 8.0222e-06 8.3041e-06 8.4658e-06 8.4774e-06 8.3111e-06 7.9462e-06 7.3745e-06 6.6056e-06 5.6721e-06 4.6309e-06 3.5595e-06 2.5455e-06 1.6694e-06 9.8686e-07 5.1494e-07 2.3123e-07 8.6643e-08 2.6094e-08 6.0343e-09 1.0132e-09 1.1535e-10 8.1849e-12 3.2626e-13 6.4251e-15 5.3296e-17 1.5266e-19 1.1776e-22 1.7904e-26 3.6186e-31 5.9018e-37 4.1132e-44 5.4277e-53 4.7549e-64 7.1162e-78 3.1016e-95 3.8636e-117 6.3965e-145 2.3637e-180 8.0488e-226 1.4747e-284 0.0000e+00 0.0000e+00 0.0000e+00 0.0000e+00 0.0000e+00 0.0000e+00 0.0000e+00 0.0000e+00 0.0000e+00 0.0000e+00 0.0000e+00 0.0000e+00 0.0000e+00 0.0000e+00 0.0000e+00 0.0000e+00 0.0000e+00 0.0000e+00 0.0000e+00 0.0000e+00 0.0000e+00 0.0000e+00 0.0000e+00 0.0000e+00 0.0000e+00 0.0000e+00 0.0000e+00 0.0000e+00
