2.6588e-04 -3.8049e-04 -4.1496e-04 -4.0719e-04 -3.6909e-04 -3.1258e-04 -2.4878e-04 -1.8665e-04 -1.3224e-04 -8.8546e-05 -5.6044e-05 -3.3524e-05 -1.8942e-05 -1.0102e-05 -5.0792e-06 -2.4049e-06 -1.0707e-06 -4.4746e-07 -1.7522e-07 -6.4163e-08 -2.1921e-08 -6.9699e-09 -2.0570e-09 -5.6188e-10 -1.4160e-10 -3.2811e-11 -6.9649e-12 -1.3491e-12 -2.3741e-13 -3.7784e-14 -5.4111e-15 -6.9358e-16 -7.9105e-17 -7.9777e-18 -7.0658e-19 -5.4559e-20 -3.6436e-21 -2.0864e-22 -1.0149e-23 -4.1515e-25 -1.4123e-26 -3.9483e-28 -8.9530e-30 -1.6234e-31 -2.3176e-33 -2.5610e-35 -2.1503e-37 -1.3441e-39 -6.1166e-42 -1.9770e-44 -4.4176e-47 -6.6223e-50 -6.4434e-53 -3.9224e-56 -1.4343e-59 -3.0109e-63 -3.4493e-67 -2.0379e-71 -5.8286e-76 -7.5146e-81 -4.0305e-86 -8.2136e-92 -5.7380e-98 -1.2225e-104 -6.9514e-112 -9.0540e-120 -2.2661e-128 -8.8996e-138 -4.3361e-148 -1.9939e-159 -6.2853e-172 -9.3255e-186 -4.1762e-201 -3.3286e-218 -2.5104e-237 -8.3722e-259 -4.9078e-283 -1.6375e-310 -0.0000e+00 -0.0000e+00 -0.0000e+00 -0.0000e+00 -0.0000e+00 -0.0000e+00 -0.0000e+00 -0.0000e+00 -0.0000e+00 -0.0000e+00 -0.0000e+00 -0.0000e+00 -0.0000e+00 -0.0000e+00 -0.0000e+00 -0.0000e+00 -0.0000e+00 -0.0000e+00 -0.0000e+00 -0.0000e+00 -0.0000e+00 -0.0000e+00 0.0000e+00 -3.7960e-04 -4.1279e-04 -4.0341e-04 -3.6376e-04 -3.0612e-04 -2.4182e-04 -1.7989e-04 -1.2623e-04 -8.3621e-05 -5.2311e-05 -3.0896e-05 -1.7221e-05 -9.0505e-06 -4.4807e-06 -2.0870e-06 -9.1330e-07 -3.7488e-07 -1.4407e-07 -5.1735e-08 -1.7321e-08 -5.3934e-09 -1.5578e-09 -4.1620e-10 -1.0253e-10 -2.3211e-11 -4.8113e-12 -9.0955e-13 -1.5615e-13 -2.4233e-14 -3.3826e-15 -4.2244e-16 -4.6926e-17 -4.6075e-18 -3.9718e-19 -2.9839e-20 -1.9383e-21 -1.0792e-22 -5.1034e-24 -2.0287e-25 -6.7055e-27 -1.8209e-28 -4.0096e-30 -7.0585e-32 -9.7808e-34 -1.0488e-35 -8.5437e-38 -5.1800e-40 -2.2858e-42 -7.1627e-45 -1.5512e-47 -2.2533e-50 -2.1238e-53 -1.2521e-56 -4.4330e-60 -9.0068e-64 -9.9837e-68 -5.7056e-72 -1.5778e-76 -1.9662e-81 -1.0189e-86 -2.0053e-92 -1.3523e-98 -2.7798e-105 -1.5242e-112 -1.9133e-120 -4.6125e-129 -1.7436e-138 -8.1709e-149 -3.6112e-160 -1.0931e-172 -1.5560e-186 -6.6788e-202 -5.0966e-219 -3.6758e-238 -1.1708e-259 -6.5457e-284 -2.0797e-311 -0.0000e+00 -0.0000e+00 -0.0000e+00 -0.0000e+00 -0.0000e+00 -0.0000e+00 -0.0000e+00 -0.0000e+00 -0.0000e+00 -0.0000e+00 -0.0000e+00 -0.0000e+00 -0.0000e+00 -0.0000e+00 -0.0000e+00 -0.0000e+00 -0.0000e+00 -0.0000e+00 -0.0000e+00 -0.0000e+00 -0.0000e+00 -0.0000e+00
-3.8049e-04 1.0629e-03 -5.5896e-04 -5.5840e-04 -5.1771e-04 -4.5045e-04 -3.6982e-04 -2.8729e-04 -2.1147e-04 -1.4755e-04 -9.7576e-05 -6.1130e-05 -3.6249e-05 -2.0324e-05 -1.0760e-05 -5.3716e-06 -2.5243e-06 -1.1146e-06 -4.6158e-07 -1.7886e-07 -6.4709e-08 -2.1801e-08 -6.8211e-09 -1.9763e-09 -5.2856e-10 -1.3005e-10 -2.9327e-11 -6.0379e-12 -1.1301e-12 -1.9140e-13 -2.9190e-14 -3.9872e-15 -4.8500e-16 -5.2208e-17 -4.9402e-18 -4.0795e-19 -2.9166e-20 -1.7901e-21 -9.3443e-23 -4.1073e-24 -1.5036e-25 -4.5305e-27 -1.1090e-28 -2.1748e-30 -3.3642e-32 -4.0363e-34 -3.6876e-36 -2.5140e-38 -1.2508e-40 -4.4321e-43 -1.0888e-45 -1.7998e-48 -1.9373e-51 -1.3093e-54 -5.3349e-58 -1.2529e-61 -1.6126e-65 -1.0754e-69 -3.4889e-74 -5.1295e-79 -3.1554e-84 -7.4205e-90 -6.0224e-96 -1.5015e-102 -1.0069e-109 -1.5599e-117 -4.6875e-126 -2.2327e-135 -1.3340e-145 -7.6153e-157 -3.0202e-169 -5.7218e-183 -3.3260e-198 -3.5042e-215 -3.5652e-234 -1.6410e-255 -1.3620e-279 -6.6238e-307 -0.0000e+00 -0.0000e+00 -0.0000e+00 -0.0000e+00 -0.0000e+00 -0.0000e+00 -0.0000e+00 -0.0000e+00 -0.0000e+00 -0.0000e+00 -0.0000e+00 -0.0000e+00 -0.0000e+00 -0.0000e+00 -0.0000e+00 -0.0000e+00 -0.0000e+00 -0.0000e+00 -0.0000e+00 -0.0000e+00 -0.0000e+00 -0.0000e+00 -3.7960e-04 0.0000e+00 -5.4745e-04 -5.3831e-04 -4.8924e-04 -4.1569e-04 -3.3212e-04 -2.5031e-04 -1.7825e-04 -1.2005e-04 -7.6471e-05 -4.6070e-05 -2.6234e-05 -1.4110e-05 -7.1603e-06 -3.4242e-06 -1.5409e-06 -6.5143e-07 -2.5826e-07 -9.5819e-08 -3.3196e-08 -1.0713e-08 -3.2121e-09 -8.9216e-10 -2.2884e-10 -5.4026e-11 -1.1696e-11 -2.3130e-12 -4.1605e-13 -6.7755e-14 -9.9408e-15 -1.3070e-15 -1.5309e-16 -1.5877e-17 -1.4482e-18 -1.1531e-19 -7.9534e-21 -4.7109e-22 -2.3741e-23 -1.0078e-24 -3.5643e-26 -1.0378e-27 -2.4556e-29 -4.6555e-31 -6.9638e-33 -8.0810e-35 -7.1415e-37 -4.7101e-39 -2.2674e-41 -7.7739e-44 -1.8478e-46 -2.9557e-49 -3.0785e-52 -2.0130e-55 -7.9356e-59 -1.8028e-62 -2.2444e-66 -1.4475e-70 -4.5401e-75 -6.4519e-80 -3.8352e-85 -8.7126e-91 -6.8282e-97 -1.6432e-103 -1.0632e-110 -1.5884e-118 -4.6002e-127 -2.1105e-136 -1.2138e-146 -6.6649e-158 -2.5404e-170 -4.6215e-184 -2.5771e-199 -2.6020e-216 -2.5341e-235 -1.1150e-256 -8.8354e-281 -4.0957e-308 -0.0000e+00 -0.0000e+00 -0.0000e+00 -0.0000e+00 -0.0000e+00 -0.0000e+00 -0.0000e+00 -0.0000e+00 -0.0000e+00 -0.0000e+00 -0.0000e+00 -0.0000e+00 -0.0000e+00 -0.0000e+00 -0.0000e+00 -0.0000e+00 -0.0000e+00 -0.0000e+00 -0.0000e+00 -0.0000e+00 -0.0000e+00 -0.0000e+00
-4.1496e-04 -5.5896e-04 2.3893e-03 -6.4818e-04 -6.2217e-04 -5.6343e-04 -4.8351e-04 -3.9393e-04 -3.0484e-04 -2.2401e-04 -1.5621e-04 -1.0327e-04 -6.4645e-05 -3.8270e-05 -2.1396e-05 -1.1279e-05 -5.5966e-06 -2.6094e-06 -1.1410e-06 -4.6687e-07 -1.7837e-07 -6.3476e-08 -2.0984e-08 -6.4258e-09 -1.8171e-09 -4.7296e-10 -1.1290e-10 -2.4619e-11 -4.8839e-12 -8.7746e-13 -1.4208e-13 -2.0624e-14 -2.6686e-15 -3.0591e-16 -3.0862e-17 -2.7204e-18 -2.0789e-19 -1.3657e-20 -7.6422e-22 -3.6064e-23 -1.4198e-24 -4.6085e-26 -1.2176e-27 -2.5820e-29 -4.3281e-31 -5.6395e-33 -5.6085e-35 -4.1724e-37 -2.2713e-39 -8.8298e-42 -2.3868e-44 -4.3552e-47 -5.1920e-50 -3.9000e-53 -1.7730e-56 -4.6644e-60 -6.7548e-64 -5.0919e-68 -1.8765e-72 -3.1509e-77 -2.2265e-82 -6.0520e-88 -5.7154e-94 -1.6701e-100 -1.3231e-107 -2.4424e-115 -8.8264e-124 -5.1076e-133 -3.7491e-143 -2.6614e-154 -1.3303e-166 -3.2240e-180 -2.4369e-195 -3.4000e-212 -4.6752e-231 -2.9752e-252 -3.5032e-276 -2.4879e-303 -0.0000e+00 -0.0000e+00 -0.0000e+00 -0.0000e+00 -0.0000e+00 -0.0000e+00 -0.0000e+00 -0.0000e+00 -0.0000e+00 -0.0000e+00 -0.0000e+00 -0.0000e+00 -0.0000e+00 -0.0000e+00 -0.0000e+00 -0.0000e+00 -0.0000e+00 -0.0000e+00 -0.0000e+00 -0.0000e+00 -0.0000e+00 -0.0000e+00 -4.1279e-04 -5.4745e-04 0.0000e+00 -5.9828e-04 -5.5082e-04 -4.7541e-04 -3.8687e-04 -2.9773e-04 -2.1703e-04 -1.4997e-04 -9.8249e-05 -6.1002e-05 -3.5875e-05 -1.9966e-05 -1.0504e-05 -5.2167e-06 -2.4421e-06 -1.0757e-06 -4.4503e-07 -1.7255e-07 -6.2562e-08 -2.1158e-08 -6.6566e-09 -1.9426e-09 -5.2417e-10 -1.3034e-10 -2.9758e-11 -6.2136e-12 -1.1815e-12 -2.0366e-13 -3.1667e-14 -4.4179e-15 -5.4983e-16 -6.0669e-17 -5.8952e-18 -5.0083e-19 -3.6907e-20 -2.3393e-21 -1.2635e-22 -5.7583e-24 -2.1901e-25 -6.8703e-27 -1.7548e-28 -3.5984e-30 -5.8343e-32 -7.3548e-34 -7.0775e-36 -5.0956e-38 -2.6847e-40 -1.0103e-42 -2.6434e-45 -4.6692e-48 -5.3884e-51 -3.9178e-54 -1.7239e-57 -4.3891e-61 -6.1505e-65 -4.4855e-69 -1.5989e-73 -2.5963e-78 -1.7735e-83 -4.6590e-89 -4.2506e-95 -1.1995e-101 -9.1722e-109 -1.6334e-116 -5.6917e-125 -3.1738e-134 -2.2434e-144 -1.5325e-155 -7.3653e-168 -1.7147e-181 -1.2439e-196 -1.6639e-213 -2.1909e-232 -1.3335e-253 -1.4995e-277 -1.0155e-304 -0.0000e+00 -0.0000e+00 -0.0000e+00 -0.0000e+00 -0.0000e+00 -0.0000e+00 -0.0000e+00 -0.0000e+00 -0.0000e+00 -0.0000e+00 -0.0000e+00 -0.0000e+00 -0.0000e+00 -0.0000e+00 -0.0000e+00 -0.0000e+00 -0.0000e+00 -0.0000e+00 -0.0000e+00 -0.0000e+00 -0.0000e+00 -0.0000e+00
-4.0719e-04 -5.5840e-04 -6.4818e-04 4.2422e-03 -6.9292e-04 -6.5834e-04 -5.9446e-04 -5.1043e-04 -4.1660e-04 -3.2293e-04 -2.3750e-04 -1.6554e-04 -1.0922e-04 -6.8130e-05 -4.0123e-05 -2.2277e-05 -1.1642e-05 -5.7176e-06 -2.6337e-06 -1.1357e-06 -4.5740e-07 -1.7166e-07 -5.9881e-08 -1.9360e-08 -5.7842e-09 -1.5917e-09 -4.0200e-10 -9.2827e-11 -1.9518e-11 -3.7199e-12 -6.3960e-13 -9.8692e-14 -1.3590e-14 -1.6597e-15 -1.7861e-16 -1.6816e-17 -1.3744e-18 -9.6700e-20 -5.8041e-21 -2.9426e-22 -1.2467e-23 -4.3625e-25 -1.2449e-26 -2.8568e-28 -5.1929e-30 -7.3538e-32 -7.9667e-34 -6.4722e-36 -3.8575e-38 -1.6465e-40 -4.9008e-43 -9.8781e-46 -1.3052e-48 -1.0904e-51 -5.5347e-55 -1.6323e-58 -2.6614e-62 -2.2693e-66 -9.5071e-71 -1.8245e-75 -1.4819e-80 -4.6592e-86 -5.1236e-92 -1.7561e-98 -1.6447e-105 -3.6200e-113 -1.5744e-121 -1.1077e-130 -9.9960e-141 -8.8311e-152 -5.5678e-164 -1.7274e-177 -1.6992e-192 -3.1422e-209 -5.8442e-228 -5.1469e-249 -8.6047e-273 -8.9323e-300 -0.0000e+00 -0.0000e+00 -0.0000e+00 -0.0000e+00 -0.0000e+00 -0.0000e+00 -0.0000e+00 -0.0000e+00 -0.0000e+00 -0.0000e+00 -0.0000e+00 -0.0000e+00 -0.0000e+00 -0.0000e+00 -0.0000e+00 -0.0000e+00 -0.0000e+00 -0.0000e+00 -0.0000e+00 -0.0000e+00 -0.0000e+00 -0.0000e+00 -4.0341e-04 -5.3831e-04 -5.9828e-04 0.0000e+00 -5.6480e-04 -4.9796e-04 -4.1529e-04 -3.2856e-04 -2.4692e-04 -1.7636e-04 -1.1971e-04 -7.7170e-05 -4.7214e-05 -2.7384e-05 -1.5038e-05 -7.8071e-06 -3.8256e-06 -1.7661e-06 -7.6667e-07 -3.1225e-07 -1.1904e-07 -4.2376e-08 -1.4046e-08 -4.3228e-09 -1.2313e-09 -3.2350e-10 -7.8115e-11 -1.7267e-11 -3.4794e-12 -6.3623e-13 -1.0505e-13 -1.5581e-14 -2.0639e-15 -2.4267e-16 -2.5159e-17 -2.2834e-18 -1.8002e-19 -1.2224e-20 -7.0846e-22 -3.4697e-23 -1.4206e-24 -4.8056e-26 -1.3261e-27 -2.9437e-29 -5.1774e-31 -7.0954e-33 -7.4403e-35 -5.8514e-37 -3.3765e-39 -1.3954e-41 -4.0218e-44 -7.8494e-47 -1.0042e-49 -8.1237e-53 -3.9920e-56 -1.1397e-59 -1.7986e-63 -1.4841e-67 -6.0157e-72 -1.1167e-76 -8.7707e-82 -2.6656e-87 -2.8326e-93 -9.3779e-100 -8.4798e-107 -1.8011e-114 -7.5547e-123 -5.1230e-132 -4.4530e-142 -3.7865e-153 -2.2960e-165 -6.8444e-179 -6.4629e-194 -1.1461e-210 -2.0417e-229 -1.7201e-250 -2.7470e-274 -2.7199e-301 -0.0000e+00 -0.0000e+00 -0.0000e+00 -0.0000e+00 -0.0000e+00 -0.0000e+00 -0.0000e+00 -0.0000e+00 -0.0000e+00 -0.0000e+00 -0.0000e+00 -0.0000e+00 -0.0000e+00 -0.0000e+00 -0.0000e+00 -0.0000e+00 -0.0000e+00 -0.0000e+00 -0.0000e+00 -0.0000e+00 -0.0000e+00 -0.0000e+00
-3.6909e-04 -5.1771e-04 -6.2217e-04 -6.9292e-04 6.6186e-03 -7.2993e-04 -6.9495e-04 -6.2924e-04 -5.4134e-04 -4.4205e-04 -3.4228e-04 -2.5106e-04 -1.7426e-04 -1.1433e-04 -7.0819e-05 -4.1362e-05 -2.2745e-05 -1.1757e-05 -5.7024e-06 -2.5903e-06 -1.0997e-06 -4.3526e-07 -1.6023e-07 -5.4709e-08 -1.7274e-08 -5.0273e-09 -1.3439e-09 -3.2877e-10 -7.3298e-11 -1.4827e-11 -2.7085e-12 -4.4447e-13 -6.5162e-14 -8.4831e-15 -9.7428e-16 -9.8019e-17 -8.5723e-18 -6.4632e-19 -4.1632e-20 -2.2687e-21 -1.0349e-22 -3.9057e-24 -1.2043e-25 -2.9922e-27 -5.9009e-29 -9.0861e-31 -1.0728e-32 -9.5215e-35 -6.2162e-37 -2.9144e-39 -9.5566e-42 -2.1287e-44 -3.1187e-47 -2.8994e-50 -1.6438e-53 -5.4370e-57 -9.9856e-61 -9.6354e-65 -4.5910e-69 -1.0074e-73 -9.4104e-79 -3.4238e-84 -4.3864e-90 -1.7643e-96 -1.9545e-103 -5.1320e-111 -2.6878e-119 -2.3003e-128 -2.5536e-138 -2.8093e-149 -2.2355e-161 -8.8846e-175 -1.1381e-189 -2.7915e-206 -7.0282e-225 -8.5724e-246 -2.0366e-269 -3.0931e-296 -0.0000e+00 -0.0000e+00 -0.0000e+00 -0.0000e+00 -0.0000e+00 -0.0000e+00 -0.0000e+00 -0.0000e+00 -0.0000e+00 -0.0000e+00 -0.0000e+00 -0.0000e+00 -0.0000e+00 -0.0000e+00 -0.0000e+00 -0.0000e+00 -0.0000e+00 -0.0000e+00 -0.0000e+00 -0.0000e+00 -0.0000e+00 -0.0000e+00 -3.6376e-04 -4.8924e-04 -5.5082e-04 -5.6480e-04 0.0000e+00 -4.8984e-04 -4.2094e-04 -3.4425e-04 -2.6820e-04 -1.9907e-04 -1.4072e-04 -9.4649e-05 -6.0514e-05 -3.6730e-05 -2.1133e-05 -1.1508e-05 -5.9209e-06 -2.8726e-06 -1.3116e-06 -5.6233e-07 -2.2586e-07 -8.4769e-08 -2.9649e-08 -9.6358e-09 -2.9008e-09 -8.0616e-10 -2.0608e-10 -4.8270e-11 -1.0316e-11 -2.0025e-12 -3.5138e-13 -5.5440e-14 -7.8210e-15 -9.8049e-16 -1.0852e-16 -1.0527e-17 -8.8831e-19 -6.4654e-20 -4.0223e-21 -2.1180e-22 -9.3386e-24 -3.4080e-25 -1.0164e-26 -2.4435e-28 -4.6635e-30 -6.9507e-32 -7.9451e-34 -6.8280e-36 -4.3167e-38 -1.9600e-40 -6.2244e-43 -1.3428e-45 -1.9052e-48 -1.7153e-51 -9.4170e-55 -3.0158e-58 -5.3620e-62 -5.0078e-66 -2.3090e-70 -4.9016e-75 -4.4283e-80 -1.5577e-85 -1.9288e-91 -7.4949e-98 -8.0173e-105 -2.0317e-112 -1.0264e-120 -8.4683e-130 -9.0560e-140 -9.5906e-151 -7.3407e-163 -2.8037e-176 -3.4482e-191 -8.1110e-208 -1.9563e-226 -2.2829e-247 -5.1818e-271 -7.5072e-298 -0.0000e+00 -0.0000e+00 -0.0000e+00 -0.0000e+00 -0.0000e+00 -0.0000e+00 -0.0000e+00 -0.0000e+00 -0.0000e+00 -0.0000e+00 -0.0000e+00 -0.0000e+00 -0.0000e+00 -0.0000e+00 -0.0000e+00 -0.0000e+00 -0.0000e+00 -0.0000e+00 -0.0000e+00 -0.0000e+00 -0.0000e+00 -0.0000e+00
-3.1258e-04 -4.5045e-04 -5.6343e-04 -6.5834e-04 -7.2993e-04 9.5152e-03 -7.7301e-04 -7.3731e-04 -6.6765e-04 -5.7345e-04 -4.6683e-04 -3.5990e-04 -2.6256e-04 -1.8107e-04 -1.1793e-04 -7.2437e-05 -4.1910e-05 -2.2803e-05 -1.1648e-05 -5.5756e-06 -2.4957e-06 -1.0422e-06 -4.0504e-07 -1.4611e-07 -4.8772e-08 -1.5019e-08 -4.2516e-09 -1.1023e-09 -2.6069e-10 -5.5994e-11 -1.0871e-11 -1.8981e-12 -2.9639e-13 -4.1146e-14 -5.0453e-15 -5.4262e-16 -5.0798e-17 -4.1056e-18 -2.8391e-19 -1.6636e-20 -8.1734e-22 -3.3283e-23 -1.1093e-24 -2.9851e-26 -6.3893e-28 -1.0701e-29 -1.3774e-31 -1.3362e-33 -9.5586e-36 -4.9243e-38 -1.7796e-40 -4.3823e-43 -7.1215e-46 -7.3702e-49 -4.6692e-52 -1.7328e-55 -3.5861e-59 -3.9176e-63 -2.1238e-67 -5.3311e-72 -5.7297e-77 -2.4135e-82 -3.6040e-88 -1.7020e-94 -2.2313e-101 -6.9932e-109 -4.4127e-117 -4.5968e-126 -6.2810e-136 -8.6100e-147 -8.6531e-159 -4.4085e-172 -7.3599e-187 -2.3960e-203 -8.1728e-222 -1.3818e-242 -4.6697e-266 -1.0386e-292 -3.9525e-323 -0.0000e+00 -0.0000e+00 -0.0000e+00 -0.0000e+00 -0.0000e+00 -0.0000e+00 -0.0000e+00 -0.0000e+00 -0.0000e+00 -0.0000e+00 -0.0000e+00 -0.0000e+00 -0.0000e+00 -0.0000e+00 -0.0000e+00 -0.0000e+00 -0.0000e+00 -0.0000e+00 -0.0000e+00 -0.0000e+00 -0.0000e+00 -3.0612e-04 -4.1569e-04 -4.7541e-04 -4.9796e-04 -4.8984e-04 0.0000e+00 -4.0659e-04 -3.4523e-04 -2.7997e-04 -2.1677e-04 -1.6012e-04 -1.1271e-04 -7.5507e-05 -4.8071e-05 -2.9038e-05 -1.6615e-05 -8.9890e-06 -4.5892e-06 -2.2064e-06 -9.9683e-07 -4.2218e-07 -1.6719e-07 -6.1749e-08 -2.1206e-08 -6.7509e-09 -1.9856e-09 -5.3763e-10 -1.3349e-10 -3.0272e-11 -6.2410e-12 -1.1642e-12 -1.9548e-13 -2.9379e-14 -3.9284e-15 -4.6429e-16 -4.8160e-17 -4.3510e-18 -3.3954e-19 -2.2682e-20 -1.2845e-21 -6.1010e-23 -2.4027e-24 -7.7475e-26 -2.0175e-27 -4.1798e-29 -6.7772e-31 -8.4470e-33 -7.9351e-35 -5.4979e-37 -2.7434e-39 -9.6029e-42 -2.2906e-44 -3.6055e-47 -3.6140e-50 -2.2174e-53 -7.9683e-57 -1.5967e-60 -1.6884e-64 -8.8587e-69 -2.1515e-73 -2.2367e-78 -9.1100e-84 -1.3149e-89 -5.9997e-96 -7.5959e-103 -2.2979e-110 -1.3988e-118 -1.4048e-127 -1.8494e-137 -2.4407e-148 -2.3595e-160 -1.1554e-173 -1.8520e-188 -5.7830e-205 -1.8898e-223 -3.0573e-244 -9.8718e-268 -2.0947e-294 -0.0000e+00 -0.0000e+00 -0.0000e+00 -0.0000e+00 -0.0000e+00 -0.0000e+00 -0.0000e+00 -0.0000e+00 -0.0000e+00 -0.0000e+00 -0.0000e+00 -0.0000e+00 -0.0000e+00 -0.0000e+00 -0.0000e+00 -0.0000e+00 -0.0000e+00 -0.0000e+00 -0.0000e+00 -0.0000e+00 -0.0000e+00 -0.0000e+00
-2.4878e-04 -3.6982e-04 -4.8351e-04 -5.9446e-04 -6.9495e-04 -7.7301e-04 1.2930e-02 -8.2005e-04 -7.8069e-04 -7.0463e-04 -6.0266e-04 -4.8816e-04 -3.7422e-04 -2.7127e-04 -1.8577e-04 -1.2004e-04 -7.3090e-05 -4.1875e-05 -2.2536e-05 -1.1371e-05 -5.3684e-06 -2.3661e-06 -9.7121e-07 -3.7026e-07 -1.3072e-07 -4.2608e-08 -1.2777e-08 -3.5123e-09 -8.8145e-10 -2.0109e-10 -4.1510e-11 -7.7139e-12 -1.2834e-12 -1.9005e-13 -2.4889e-14 -2.8624e-15 -2.8695e-16 -2.4869e-17 -1.8469e-18 -1.1640e-19 -6.1616e-21 -2.7080e-22 -9.7596e-24 -2.8454e-25 -6.6121e-27 -1.2049e-28 -1.6915e-30 -1.7939e-32 -1.4067e-34 -7.9662e-37 -3.1738e-39 -8.6437e-42 -1.5587e-44 -1.7964e-47 -1.2722e-50 -5.2993e-54 -1.2364e-57 -1.5298e-61 -9.4404e-66 -2.7120e-70 -3.3551e-75 -1.6370e-80 -2.8508e-86 -1.5815e-92 -2.4549e-99 -9.1890e-107 -6.9900e-115 -8.8689e-124 -1.4925e-133 -2.5512e-144 -3.2405e-156 -2.1180e-169 -4.6120e-184 -1.9947e-200 -9.2263e-219 -2.1646e-239 -1.0416e-262 -3.3966e-289 -1.9153e-319 -0.0000e+00 -0.0000e+00 -0.0000e+00 -0.0000e+00 -0.0000e+00 -0.0000e+00 -0.0000e+00 -0.0000e+00 -0.0000e+00 -0.0000e+00 -0.0000e+00 -0.0000e+00 -0.0000e+00 -0.0000e+00 -0.0000e+00 -0.0000e+00 -0.0000e+00 -0.0000e+00 -0.0000e+00 -0.0000e+00 -0.0000e+00 -2.4182e-04 -3.3212e-04 -3.8687e-04 -4.1529e-04 -4.2094e-04 -4.0659e-04 0.0000e+00 -3.3221e-04 -2.8126e-04 -2.2776e-04 -1.7619e-04 -1.3004e-04 -9.1424e-05 -6.1133e-05 -3.8814e-05 -2.3358e-05 -1.3299e-05 -7.1500e-06 -3.6222e-06 -1.7254e-06 -7.7091e-07 -3.2230e-07 -1.2575e-07 -4.5651e-08 -1.5375e-08 -4.7875e-09 -1.3735e-09 -3.6166e-10 -8.7046e-11 -1.9065e-11 -3.7821e-12 -6.7601e-13 -1.0827e-13 -1.5446e-14 -1.9500e-15 -2.1634e-16 -2.0932e-17 -1.7519e-18 -1.2570e-19 -7.6577e-21 -3.9194e-22 -1.6662e-23 -5.8102e-25 -1.6395e-26 -3.6880e-28 -6.5072e-30 -8.8463e-32 -9.0866e-34 -6.9019e-36 -3.7861e-38 -1.4612e-40 -3.8551e-43 -6.7342e-46 -7.5178e-49 -5.1567e-52 -2.0802e-55 -4.6994e-59 -5.6290e-63 -3.3621e-67 -9.3459e-72 -1.1185e-76 -5.2773e-82 -8.8836e-88 -4.7620e-94 -7.1391e-101 -2.5796e-108 -1.8931e-116 -2.3159e-125 -3.7553e-135 -6.1800e-146 -7.5518e-158 -4.7442e-171 -9.9198e-186 -4.1153e-202 -1.8238e-220 -4.0943e-241 -1.8826e-264 -5.8574e-291 -3.1472e-321 -0.0000e+00 -0.0000e+00 -0.0000e+00 -0.0000e+00 -0.0000e+00 -0.0000e+00 -0.0000e+00 -0.0000e+00 -0.0000e+00 -0.0000e+00 -0.0000e+00 -0.0000e+00 -0.0000e+00 -0.0000e+00 -0.0000e+00 -0.0000e+00 -0.0000e+00 -0.0000e+00 -0.0000e+00 -0.0000e+00 -0.0000e+00
-1.8665e-04 -2.8729e-04 -3.9393e-04 -5.1043e-04 -6.2924e-04 -7.3731e-04 -8.2005e-04 1.6860e-02 -8.6525e-04 -8.2033e-04 -7.3702e-04 -6.2723e-04 -5.0534e-04 -3.8514e-04 -2.7740e-04 -1.8862e-04 -1.2092e-04 -7.2971e-05 -4.1388e-05 -2.2022e-05 -1.0970e-05 -5.1052e-06 -2.2139e-06 -8.9233e-07 -3.3332e-07 -1.1503e-07 -3.6555e-08 -1.0657e-08 -2.8391e-09 -6.8819e-10 -1.5109e-10 -2.9892e-11 -5.3007e-12 -8.3756e-13 -1.1718e-13 -1.4416e-14 -1.5480e-15 -1.4391e-16 -1.1481e-17 -7.7858e-19 -4.4417e-20 -2.1076e-21 -8.2161e-23 -2.5961e-24 -6.5519e-26 -1.2996e-27 -1.9904e-29 -2.3086e-31 -1.9852e-33 -1.2362e-35 -5.4318e-38 -1.6367e-40 -3.2763e-43 -4.2068e-46 -3.3318e-49 -1.5584e-52 -4.1009e-56 -5.7496e-60 -4.0408e-64 -1.3291e-68 -1.8938e-73 -1.0709e-78 -2.1760e-84 -1.4189e-90 -2.6095e-97 -1.1673e-104 -1.0712e-112 -1.6565e-121 -3.4362e-131 -7.3292e-142 -1.1776e-153 -9.8832e-167 -2.8096e-181 -1.6159e-197 -1.0147e-215 -3.3069e-236 -2.2686e-259 -1.0862e-285 -9.2968e-316 -0.0000e+00 -0.0000e+00 -0.0000e+00 -0.0000e+00 -0.0000e+00 -0.0000e+00 -0.0000e+00 -0.0000e+00 -0.0000e+00 -0.0000e+00 -0.0000e+00 -0.0000e+00 -0.0000e+00 -0.0000e+00 -0.0000e+00 -0.0000e+00 -0.0000e+00 -0.0000e+00 -0.0000e+00 -0.0000e+00 -0.0000e+00 -1.7989e-04 -2.5031e-04 -2.9773e-04 -3.2856e-04 -3.4425e-04 -3.4523e-04 -3.3221e-04 0.0000e+00 -2.7177e-04 -2.3057e-04 -1.8708e-04 -1.4494e-04 -1.0705e-04 -7.5243e-05 -5.0248e-05 -3.1824e-05 -1.9079e-05 -1.0807e-05 -5.7713e-06 -2.8996e-06 -1.3673e-06 -6.0370e-07 -2.4890e-07 -9.5555e-08 -3.4055e-08 -1.1231e-08 -3.4149e-09 -9.5383e-10 -2.4374e-10 -5.6732e-11 -1.1971e-11 -2.2785e-12 -3.8900e-13 -5.9224e-14 -7.9889e-15 -9.4821e-16 -9.8284e-17 -8.8245e-18 -6.8027e-19 -4.4596e-20 -2.4603e-21 -1.1293e-22 -4.2601e-24 -1.3029e-25 -3.1835e-27 -6.1144e-29 -9.0694e-31 -1.0189e-32 -8.4878e-35 -5.1203e-37 -2.1797e-39 -6.3628e-42 -1.2339e-44 -1.5348e-47 -1.1774e-50 -5.3338e-54 -1.3591e-57 -1.8449e-61 -1.2550e-65 -3.9948e-70 -5.5064e-75 -3.0112e-80 -5.9150e-86 -3.7271e-92 -6.6204e-99 -2.8589e-106 -2.5313e-114 -3.7743e-123 -7.5440e-133 -1.5493e-143 -2.3950e-155 -1.9321e-168 -5.2743e-183 -2.9100e-199 -1.7507e-217 -5.4601e-238 -3.5796e-261 -1.6352e-287 -1.3332e-317 -0.0000e+00 -0.0000e+00 -0.0000e+00 -0.0000e+00 -0.0000e+00 -0.0000e+00 -0.0000e+00 -0.0000e+00 -0.0000e+00 -0.0000e+00 -0.0000e+00 -0.0000e+00 -0.0000e+00 -0.0000e+00 -0.0000e+00 -0.0000e+00 -0.0000e+00 -0.0000e+00 -0.0000e+00 -0.0000e+00 -0.0000e+00
-1.3224e-04 -2.1147e-04 -3.0484e-04 -4.1660e-04 -5.4134e-04 -6.6765e-04 -7.8069e-04 -8.6525e-04 2.1307e-02 -9.0521e-04 -8.5441e-04 -7.6414e-04 -6.4721e-04 -5.1877e-04 -3.9315e-04 -2.8141e-04 -1.8999e-04 -1.2082e-04 -7.2247e-05 -4.0552e-05 -2.1323e-05 -1.0480e-05 -4.8033e-06 -2.0475e-06 -8.0948e-07 -2.9589e-07 -9.9670e-08 -3.0827e-08 -8.7204e-09 -2.2467e-09 -5.2475e-10 -1.1057e-10 -2.0904e-11 -3.5256e-12 -5.2714e-13 -6.9394e-14 -7.9840e-15 -7.9642e-16 -6.8280e-17 -4.9838e-18 -3.0653e-19 -1.5709e-20 -6.6264e-22 -2.2701e-23 -6.2243e-25 -1.3443e-26 -2.2470e-28 -2.8516e-30 -2.6900e-32 -1.8427e-34 -8.9336e-37 -2.9795e-39 -6.6238e-42 -9.4794e-45 -8.4003e-48 -4.4143e-51 -1.3107e-54 -2.0834e-58 -1.6684e-62 -6.2874e-67 -1.0324e-71 -6.7697e-77 -1.6060e-82 -1.2318e-88 -2.6857e-95 -1.4368e-102 -1.5918e-110 -3.0025e-119 -7.6833e-129 -2.0469e-139 -4.1640e-151 -4.4918e-164 -1.6688e-178 -1.2778e-194 -1.0905e-212 -4.9438e-233 -4.8422e-256 -3.4088e-282 -4.4362e-312 -0.0000e+00 -0.0000e+00 -0.0000e+00 -0.0000e+00 -0.0000e+00 -0.0000e+00 -0.0000e+00 -0.0000e+00 -0.0000e+00 -0.0000e+00 -0.0000e+00 -0.0000e+00 -0.0000e+00 -0.0000e+00 -0.0000e+00 -0.0000e+00 -0.0000e+00 -0.0000e+00 -0.0000e+00 -0.0000e+00 -0.0000e+00 -1.2623e-04 -1.7825e-04 -2.1703e-04 -2.4692e-04 -2.6820e-04 -2.7997e-04 -2.8126e-04 -2.7177e-04 0.0000e+00 -2.2446e-04 -1.9120e-04 -1.5563e-04 -1.2083e-04 -8.9334e-05 -6.2781e-05 -4.1864e-05 -2.6440e-05 -1.5784e-05 -8.8891e-06 -4.7122e-06 -2.3460e-06 -1.0942e-06 -4.7689e-07 -1.9366e-07 -7.3061e-08 -2.5524e-08 -8.2281e-09 -2.4386e-09 -6.6179e-10 -1.6374e-10 -3.6764e-11 -7.4529e-12 -1.3568e-12 -2.2051e-13 -3.1792e-14 -4.0381e-15 -4.4853e-16 -4.3216e-17 -3.5804e-18 -2.5265e-19 -1.5029e-20 -7.4513e-22 -3.0417e-23 -1.0087e-24 -2.6778e-26 -5.6004e-28 -9.0671e-30 -1.1146e-31 -1.0186e-33 -6.7602e-36 -3.1754e-38 -1.0260e-40 -2.2100e-43 -3.0639e-46 -2.6301e-49 -1.3387e-52 -3.8493e-56 -5.9240e-60 -4.5922e-64 -1.6747e-68 -2.6603e-73 -1.6871e-78 -3.8695e-84 -2.8679e-90 -6.0401e-97 -3.1195e-104 -3.3346e-112 -6.0652e-121 -1.4956e-130 -3.8364e-141 -7.5089e-153 -7.7861e-166 -2.7780e-180 -2.0406e-196 -1.6687e-214 -7.2393e-235 -6.7761e-258 -4.5516e-284 -5.6424e-314 -0.0000e+00 -0.0000e+00 -0.0000e+00 -0.0000e+00 -0.0000e+00 -0.0000e+00 -0.0000e+00 -0.0000e+00 -0.0000e+00 -0.0000e+00 -0.0000e+00 -0.0000e+00 -0.0000e+00 -0.0000e+00 -0.0000e+00 -0.0000e+00 -0.0000e+00 -0.0000e+00 -0.0000e+00 -0.0000e+00 -0.0000e+00
-8.8546e-05 -1.4755e-04 -2.2401e-04 -3.2293e-04 -4.4205e-04 -5.7345e-04 -7.0463e-04 -8.2033e-04 -9.0521e-04 2.6272e-02 -9.3932e-04 -8.8312e-04 -7.8662e-04 -6.6336e-04 -5.2916e-04 -3.9885e-04 -2.8371e-04 -1.9018e-04 -1.1994e-04 -7.1044e-05 -3.9444e-05 -2.0483e-05 -9.9249e-06 -4.4759e-06 -1.8734e-06 -7.2554e-07 -2.5915e-07 -8.5062e-08 -2.5559e-08 -7.0010e-09 -1.7403e-09 -3.9064e-10 -7.8767e-11 -1.4185e-11 -2.2672e-12 -3.1948e-13 -3.9399e-14 -4.2185e-15 -3.8880e-16 -3.0556e-17 -2.0269e-18 -1.1223e-19 -5.1243e-21 -1.9040e-22 -5.6741e-24 -1.3349e-25 -2.4362e-27 -3.3842e-29 -3.5035e-31 -2.6413e-33 -1.4135e-35 -5.2205e-38 -1.2896e-40 -2.0580e-43 -2.0416e-46 -1.2059e-49 -4.0428e-53 -7.2896e-57 -6.6557e-61 -2.8753e-65 -5.4438e-70 -4.1424e-75 -1.1482e-80 -1.0365e-86 -2.6816e-93 -1.7170e-100 -2.2984e-108 -5.2931e-117 -1.6725e-126 -5.5704e-137 -1.4363e-148 -1.9936e-161 -9.6915e-176 -9.8925e-192 -1.1490e-209 -7.2561e-230 -1.0163e-252 -1.0537e-278 -2.0889e-308 -0.0000e+00 -0.0000e+00 -0.0000e+00 -0.0000e+00 -0.0000e+00 -0.0000e+00 -0.0000e+00 -0.0000e+00 -0.0000e+00 -0.0000e+00 -0.0000e+00 -0.0000e+00 -0.0000e+00 -0.0000e+00 -0.0000e+00 -0.0000e+00 -0.0000e+00 -0.0000e+00 -0.0000e+00 -0.0000e+00 -0.0000e+00 -8.3621e-05 -1.2005e-04 -1.4997e-04 -1.7636e-04 -1.9907e-04 -2.1677e-04 -2.2776e-04 -2.3057e-04 -2.2446e-04 0.0000e+00 -1.8769e-04 -1.6060e-04 -1.3115e-04 -1.0203e-04 -7.5489e-05 -5.3021e-05 -3.5288e-05 -2.2211e-05 -1.3195e-05 -7.3831e-06 -3.8819e-06 -1.9133e-06 -8.8172e-07 -3.7887e-07 -1.5135e-07 -5.6027e-08 -1.9154e-08 -6.0254e-09 -1.7371e-09 -4.5701e-10 -1.0921e-10 -2.3589e-11 -4.5805e-12 -7.9494e-13 -1.2253e-13 -1.6661e-14 -1.9838e-15 -2.0518e-16 -1.8276e-17 -1.3887e-18 -8.9095e-20 -4.7729e-21 -2.1091e-22 -7.5864e-24 -2.1891e-25 -4.9875e-27 -8.8170e-29 -1.1865e-30 -1.1900e-32 -8.6923e-35 -4.5072e-37 -1.6129e-39 -3.8601e-42 -5.9682e-45 -5.7353e-48 -3.2814e-51 -1.0654e-54 -1.8600e-58 -1.6440e-62 -6.8731e-67 -1.2590e-71 -9.2657e-77 -2.4830e-82 -2.1662e-88 -5.4133e-95 -3.3463e-102 -4.3223e-110 -9.5984e-119 -2.9226e-128 -9.3733e-139 -2.3254e-150 -3.1027e-163 -1.4485e-177 -1.4185e-193 -1.5787e-211 -9.5411e-232 -1.2771e-254 -1.2635e-280 -2.3860e-310 -0.0000e+00 -0.0000e+00 -0.0000e+00 -0.0000e+00 -0.0000e+00 -0.0000e+00 -0.0000e+00 -0.0000e+00 -0.0000e+00 -0.0000e+00 -0.0000e+00 -0.0000e+00 -0.0000e+00 -0.0000e+00 -0.0000e+00 -0.0000e+00 -0.0000e+00 -0.0000e+00 -0.0000e+00 -0.0000e+00 -0.0000e+00
-5.6044e-05 -9.7576e-05 -1.5621e-04 -2.3750e-04 -3.4228e-04 -4.6683e-04 -6.0266e-04 -7.3702e-04 -8.5441e-04 -9.3932e-04 3.1760e-02 -9.6834e-04 -9.0743e-04 -8.0541e-04 -6.7651e-04 -5.3717e-04 -4.0272e-04 -2.8466e-04 -1.8941e-04 -1.1843e-04 -6.9453e-05 -3.8118e-05 -1.9534e-05 -9.3229e-06 -4.1326e-06 -1.6963e-06 -6.4269e-07 -2.2395e-07 -7.1502e-08 -2.0830e-08 -5.5123e-09 -1.3187e-09 -2.8368e-10 -5.4566e-11 -9.3272e-12 -1.4074e-12 -1.8610e-13 -2.1396e-14 -2.1207e-15 -1.7952e-16 -1.2849e-17 -7.6895e-19 -3.8020e-20 -1.5328e-21 -4.9670e-23 -1.2734e-24 -2.5387e-26 -3.8618e-28 -4.3897e-30 -3.6440e-32 -2.1538e-34 -8.8129e-37 -2.4202e-39 -4.3094e-42 -4.7883e-45 -3.1812e-48 -1.2048e-51 -2.4659e-55 -2.5686e-59 -1.2729e-63 -2.7810e-68 -2.4575e-73 -7.9648e-79 -8.4699e-85 -2.6021e-91 -1.9959e-98 -3.2314e-106 -9.0940e-115 -3.5518e-124 -1.4806e-134 -4.8444e-146 -8.6631e-159 -5.5178e-173 -7.5187e-189 -1.1903e-206 -1.0489e-226 -2.1043e-249 -3.2198e-275 -9.7432e-305 -0.0000e+00 -0.0000e+00 -0.0000e+00 -0.0000e+00 -0.0000e+00 -0.0000e+00 -0.0000e+00 -0.0000e+00 -0.0000e+00 -0.0000e+00 -0.0000e+00 -0.0000e+00 -0.0000e+00 -0.0000e+00 -0.0000e+00 -0.0000e+00 -0.0000e+00 -0.0000e+00 -0.0000e+00 -0.0000e+00 -0.0000e+00 -5.2311e-05 -7.6471e-05 -9.8249e-05 -1.1971e-04 -1.4072e-04 -1.6012e-04 -1.7619e-04 -1.8708e-04 -1.9120e-04 -1.8769e-04 0.0000e+00 -1.5892e-04 -1.3656e-04 -1.1184e-04 -8.7149e-05 -6.4497e-05 -4.5251e-05 -3.0040e-05 -1.8832e-05 -1.1125e-05 -6.1795e-06 -3.2195e-06 -1.5694e-06 -7.1376e-07 -3.0201e-07 -1.1851e-07 -4.2981e-08 -1.4355e-08 -4.3978e-09 -1.2307e-09 -3.1313e-10 -7.2085e-11 -1.4935e-11 -2.7687e-12 -4.5643e-13 -6.6461e-14 -8.4856e-15 -9.4249e-16 -9.0285e-17 -7.3898e-18 -5.1158e-19 -2.9624e-20 -1.4177e-21 -5.5332e-23 -1.7362e-24 -4.3109e-26 -8.3250e-28 -1.2268e-29 -1.3511e-31 -1.0868e-33 -6.2238e-36 -2.4676e-38 -6.5658e-41 -1.1327e-43 -1.2193e-46 -7.8463e-50 -2.8780e-53 -5.7035e-57 -5.7515e-61 -2.7585e-65 -5.8310e-70 -4.9836e-75 -1.5616e-80 -1.6049e-86 -4.7628e-93 -3.5272e-100 -5.5101e-108 -1.4954e-116 -5.6283e-126 -2.2593e-136 -7.1127e-148 -1.2227e-160 -7.4795e-175 -9.7776e-191 -1.4834e-208 -1.2509e-228 -2.3984e-251 -3.5019e-277 -1.0095e-306 -0.0000e+00 -0.0000e+00 -0.0000e+00 -0.0000e+00 -0.0000e+00 -0.0000e+00 -0.0000e+00 -0.0000e+00 -0.0000e+00 -0.0000e+00 -0.0000e+00 -0.0000e+00 -0.0000e+00 -0.0000e+00 -0.0000e+00 -0.0000e+00 -0.0000e+00 -0.0000e+00 -0.0000e+00 -0.0000e+00 -0.0000e+00
-3.3524e-05 -6.1130e-05 -1.0327e-04 -1.6554e-04 -2.5106e-04 -3.5990e-04 -4.8816e-04 -6.2723e-04 -7.6414e-04 -8.8312e-04 -9.6834e-04 3.7778e-02 -9.9337e-04 -9.2835e-04 -8.2138e-04 -6.8732e-04 -5.4329e-04 -4.0510e-04 -2.8449e-04 -1.8785e-04 -1.1640e-04 -6.7542e-05 -3.6618e-05 -1.8502e-05 -8.6892e-06 -3.7816e-06 -1.5203e-06 -5.6260e-07 -1.9093e-07 -5.9178e-08 -1.6678e-08 -4.2537e-09 -9.7663e-10 -2.0073e-10 -3.6708e-11 -5.9333e-12 -8.4160e-13 -1.0394e-13 -1.1084e-14 -1.0111e-15 -7.8108e-17 -5.0548e-18 -2.7077e-19 -1.1850e-20 -4.1773e-22 -1.1676e-23 -2.5441e-25 -4.2400e-27 -5.2948e-29 -4.8423e-31 -3.1625e-33 -1.4345e-35 -4.3822e-38 -8.7114e-41 -1.0849e-43 -8.1116e-47 -3.4729e-50 -8.0738e-54 -9.6020e-58 -5.4627e-62 -1.3783e-66 -1.4155e-71 -5.3688e-77 -6.7315e-83 -2.4581e-89 -2.2609e-96 -4.4316e-104 -1.5258e-112 -7.3744e-122 -3.8523e-132 -1.6015e-143 -3.6948e-156 -3.0878e-170 -5.6256e-186 -1.2160e-203 -1.4977e-223 -4.3127e-246 -9.7588e-272 -4.5178e-301 -0.0000e+00 -0.0000e+00 -0.0000e+00 -0.0000e+00 -0.0000e+00 -0.0000e+00 -0.0000e+00 -0.0000e+00 -0.0000e+00 -0.0000e+00 -0.0000e+00 -0.0000e+00 -0.0000e+00 -0.0000e+00 -0.0000e+00 -0.0000e+00 -0.0000e+00 -0.0000e+00 -0.0000e+00 -0.0000e+00 -0.0000e+00 -3.0896e-05 -4.6070e-05 -6.1002e-05 -7.7170e-05 -9.4649e-05 -1.1271e-04 -1.3004e-04 -1.4494e-04 -1.5563e-04 -1.6060e-04 -1.5892e-04 0.0000e+00 -1.3613e-04 -1.1741e-04 -9.6397e-05 -7.5198e-05 -5.5637e-05 -3.8969e-05 -2.5788e-05 -1.6090e-05 -9.4447e-06 -5.2032e-06 -2.6837e-06 -1.2923e-06 -5.7939e-07 -2.4108e-07 -9.2785e-08 -3.2913e-08 -1.0719e-08 -3.1916e-09 -8.6492e-10 -2.1229e-10 -4.6946e-11 -9.3002e-12 -1.6404e-12 -2.5588e-13 -3.5047e-14 -4.1818e-15 -4.3100e-16 -3.8016e-17 -2.8409e-18 -1.7790e-19 -9.2236e-21 -3.9082e-22 -1.3341e-23 -3.6117e-25 -7.6229e-27 -1.2308e-28 -1.4892e-30 -1.3197e-32 -8.3516e-35 -3.6708e-37 -1.0865e-39 -2.0927e-42 -2.5248e-45 -1.8287e-48 -7.5828e-52 -1.7070e-55 -1.9653e-59 -1.0822e-63 -2.6417e-68 -2.6242e-73 -9.6234e-79 -1.1661e-84 -4.1135e-91 -3.6530e-98 -6.9091e-106 -2.2940e-114 -1.0685e-123 -5.3750e-134 -2.1500e-145 -4.7686e-158 -3.8275e-172 -6.6899e-188 -1.3858e-205 -1.6335e-225 -4.4953e-248 -9.7065e-274 -4.2808e-303 -0.0000e+00 -0.0000e+00 -0.0000e+00 -0.0000e+00 -0.0000e+00 -0.0000e+00 -0.0000e+00 -0.0000e+00 -0.0000e+00 -0.0000e+00 -0.0000e+00 -0.0000e+00 -0.0000e+00 -0.0000e+00 -0.0000e+00 -0.0000e+00 -0.0000e+00 -0.0000e+00 -0.0000e+00 -0.0000e+00 -0.0000e+00
-1.8942e-05 -3.6249e-05 -6.4645e-05 -1.0922e-04 -1.7426e-04 -2.6256e-04 -3.7422e-04 -5.0534e-04 -6.4721e-04 -7.8662e-04 -9.0743e-04 -9.9337e-04 4.4334e-02 -1.0154e-03 -9.4673e-04 -8.3520e-04 -6.9632e-04 -5.4790e-04 -4.0626e-04 -2.8338e-04 -1.8561e-04 -1.1391e-04 -6.5362e-05 -3.4977e-05 -1.7409e-05 -8.0361e-06 -3.4294e-06 -1.3483e-06 -4.8655e-07 -1.6051e-07 -4.8198e-08 -1.3110e-08 -3.2139e-09 -7.0613e-10 -1.3821e-10 -2.3940e-11 -3.6441e-12 -4.8370e-13 -5.5515e-14 -5.4594e-15 -4.5547e-16 -3.1888e-17 -1.8515e-18 -8.8008e-20 -3.3766e-21 -1.0296e-22 -2.4529e-24 -4.4815e-26 -6.1514e-28 -6.2013e-30 -4.4781e-32 -2.2532e-34 -7.6613e-37 -1.7014e-39 -2.3764e-42 -2.0012e-45 -9.6929e-49 -2.5615e-52 -3.4808e-56 -2.2752e-60 -6.6350e-65 -7.9267e-70 -3.5217e-75 -5.2112e-81 -2.2643e-87 -2.5000e-94 -5.9392e-102 -2.5047e-110 -1.4999e-119 -9.8322e-130 -5.2008e-141 -1.5503e-153 -1.7028e-167 -4.1549e-183 -1.2285e-200 -2.1192e-220 -8.7771e-243 -2.9438e-268 -2.0903e-297 -0.0000e+00 -0.0000e+00 -0.0000e+00 -0.0000e+00 -0.0000e+00 -0.0000e+00 -0.0000e+00 -0.0000e+00 -0.0000e+00 -0.0000e+00 -0.0000e+00 -0.0000e+00 -0.0000e+00 -0.0000e+00 -0.0000e+00 -0.0000e+00 -0.0000e+00 -0.0000e+00 -0.0000e+00 -0.0000e+00 -0.0000e+00 -1.7221e-05 -2.6234e-05 -3.5875e-05 -4.7214e-05 -6.0514e-05 -7.5507e-05 -9.1424e-05 -1.0705e-04 -1.2083e-04 -1.3115e-04 -1.3656e-04 -1.3613e-04 0.0000e+00 -1.1784e-04 -1.0197e-04 -8.3877e-05 -6.5467e-05 -4.8397e-05 -3.3820e-05 -2.2295e-05 -1.3835e-05 -8.0623e-06 -4.4014e-06 -2.2450e-06 -1.0668e-06 -4.7086e-07 -1.9238e-07 -7.2509e-08 -2.5112e-08 -7.9591e-09 -2.2982e-09 -6.0165e-10 -1.4207e-10 -3.0087e-11 -5.6799e-12 -9.4958e-13 -1.3958e-13 -1.7900e-14 -1.9858e-15 -1.8884e-16 -1.5240e-17 -1.0325e-18 -5.8025e-20 -2.6704e-21 -9.9217e-23 -2.9302e-24 -6.7628e-26 -1.1971e-27 -1.5921e-29 -1.5552e-31 -1.0883e-33 -5.3062e-36 -1.7482e-38 -3.7618e-41 -5.0902e-44 -4.1523e-47 -1.9479e-50 -4.9848e-54 -6.5578e-58 -4.1488e-62 -1.1706e-66 -1.3527e-71 -5.8110e-77 -8.3105e-83 -3.4882e-89 -3.7186e-96 -8.5247e-104 -3.4670e-112 -2.0009e-121 -1.2631e-131 -6.4285e-143 -1.8423e-155 -1.9434e-169 -4.5494e-185 -1.2891e-202 -2.1282e-222 -8.4248e-245 -2.6962e-270 -1.8238e-299 -0.0000e+00 -0.0000e+00 -0.0000e+00 -0.0000e+00 -0.0000e+00 -0.0000e+00 -0.0000e+00 -0.0000e+00 -0.0000e+00 -0.0000e+00 -0.0000e+00 -0.0000e+00 -0.0000e+00 -0.0000e+00 -0.0000e+00 -0.0000e+00 -0.0000e+00 -0.0000e+00 -0.0000e+00 -0.0000e+00 -0.0000e+00
-1.0102e-05 -2.0324e-05 -3.8270e-05 -6.8130e-05 -1.1433e-04 -1.8107e-04 -2.7127e-04 -3.8514e-04 -5.1877e-04 -6.6336e-04 -8.0541e-04 -9.2835e-04 -1.0154e-03 5.1442e-02 -1.0353e-03 -9.6324e-04 -8.4738e-04 -7.0390e-04 -5.5128e-04 -4.0639e-04 -2.8146e-04 -1.8277e-04 -1.1104e-04 -6.2955e-05 -3.3223e-05 -1.6273e-05 -7.3743e-06 -3.0815e-06 -1.1830e-06 -4.1555e-07 -1.3300e-07 -3.8600e-08 -1.0108e-08 -2.3750e-09 -4.9774e-10 -9.2442e-11 -1.5108e-11 -2.1561e-12 -2.6648e-13 -2.8266e-14 -2.5478e-15 -1.9308e-16 -1.2158e-17 -6.2798e-19 -2.6238e-20 -8.7323e-22 -2.2762e-23 -4.5616e-25 -6.8865e-27 -7.6576e-29 -6.1181e-31 -3.4170e-33 -1.2941e-35 -3.2130e-38 -5.0367e-41 -4.7806e-44 -2.6216e-47 -7.8820e-51 -1.2249e-54 -9.2073e-59 -3.1063e-63 -4.3211e-68 -2.2511e-73 -3.9354e-79 -2.0368e-85 -2.7028e-92 -7.7921e-100 -4.0303e-108 -2.9946e-117 -2.4668e-127 -1.6628e-138 -6.4149e-151 -9.2760e-165 -3.0371e-180 -1.2308e-197 -2.9801e-217 -1.7794e-239 -8.8685e-265 -9.6849e-294 -0.0000e+00 -0.0000e+00 -0.0000e+00 -0.0000e+00 -0.0000e+00 -0.0000e+00 -0.0000e+00 -0.0000e+00 -0.0000e+00 -0.0000e+00 -0.0000e+00 -0.0000e+00 -0.0000e+00 -0.0000e+00 -0.0000e+00 -0.0000e+00 -0.0000e+00 -0.0000e+00 -0.0000e+00 -0.0000e+00 -0.0000e+00 -9.0505e-06 -1.4110e-05 -1.9966e-05 -2.7384e-05 -3.6730e-05 -4.8071e-05 -6.1133e-05 -7.5243e-05 -8.9334e-05 -1.0203e-04 -1.1184e-04 -1.1741e-04 -1.1784e-04 0.0000e+00 -1.0298e-04 -8.9350e-05 -7.3598e-05 -5.7446e-05 -4.2407e-05 -2.9548e-05 -1.9391e-05 -1.1958e-05 -6.9124e-06 -3.7359e-06 -1.8824e-06 -8.8166e-07 -3.8257e-07 -1.5326e-07 -5.6470e-08 -1.9059e-08 -5.8659e-09 -1.6387e-09 -4.1334e-10 -9.3620e-11 -1.8926e-11 -3.3925e-12 -5.3542e-13 -7.3829e-14 -8.8204e-15 -9.0474e-16 -7.8892e-17 -5.7855e-18 -3.5263e-19 -1.7636e-20 -7.1358e-22 -2.3003e-23 -5.8087e-25 -1.1279e-26 -1.6499e-28 -1.7778e-30 -1.3764e-32 -7.4492e-35 -2.7337e-37 -6.5765e-40 -9.9882e-43 -9.1837e-46 -4.8779e-49 -1.4202e-52 -2.1366e-56 -1.5545e-60 -5.0745e-65 -6.8281e-70 -3.4394e-75 -5.8114e-81 -2.9056e-87 -3.7228e-94 -1.0357e-101 -5.1661e-110 -3.6994e-119 -2.9346e-129 -1.9034e-140 -7.0597e-153 -9.8046e-167 -3.0799e-182 -1.1962e-199 -2.7719e-219 -1.5818e-241 -7.5232e-267 -7.8268e-296 -0.0000e+00 -0.0000e+00 -0.0000e+00 -0.0000e+00 -0.0000e+00 -0.0000e+00 -0.0000e+00 -0.0000e+00 -0.0000e+00 -0.0000e+00 -0.0000e+00 -0.0000e+00 -0.0000e+00 -0.0000e+00 -0.0000e+00 -0.0000e+00 -0.0000e+00 -0.0000e+00 -0.0000e+00 -0.0000e+00 -0.0000e+00
-5.0792e-06 -1.0760e-05 -2.1396e-05 -4.0123e-05 -7.0819e-05 -1.1793e-04 -1.8577e-04 -2.7740e-04 -3.9315e-04 -5.2916e-04 -6.7651e-04 -8.2138e-04 -9.4673e-04 -1.0353e-03 5.9113e-02 -1.0535e-03 -9.7836e-04 -8.5832e-04 -7.1032e-04 -5.5361e-04 -4.0562e-04 -2.7882e-04 -1.7942e-04 -1.0782e-04 -6.0356e-05 -3.1381e-05 -1.5108e-05 -6.7130e-06 -2.7427e-06 -1.0264e-06 -3.5028e-07 -1.0853e-07 -3.0371e-08 -7.6353e-09 -1.7142e-09 -3.4151e-10 -5.9953e-11 -9.2044e-12 -1.2257e-12 -1.4030e-13 -1.3672e-14 -1.1221e-15 -7.6667e-17 -4.3058e-18 -1.9603e-19 -7.1253e-21 -2.0333e-22 -4.4726e-24 -7.4314e-26 -9.1211e-28 -8.0684e-30 -5.0056e-32 -2.1131e-34 -5.8699e-37 -1.0336e-39 -1.1067e-42 -6.8772e-46 -2.3544e-49 -4.1881e-53 -3.6238e-57 -1.4158e-61 -2.2957e-66 -1.4039e-71 -2.9030e-77 -1.7919e-83 -2.8614e-90 -1.0024e-97 -6.3680e-106 -5.8795e-115 -6.0957e-125 -5.2451e-136 -2.6235e-148 -5.0040e-162 -2.2029e-177 -1.2263e-194 -4.1773e-214 -3.6051e-236 -2.6772e-261 -4.5099e-290 -3.4585e-323 -0.0000e+00 -0.0000e+00 -0.0000e+00 -0.0000e+00 -0.0000e+00 -0.0000e+00 -0.0000e+00 -0.0000e+00 -0.0000e+00 -0.0000e+00 -0.0000e+00 -0.0000e+00 -0.0000e+00 -0.0000e+00 -0.0000e+00 -0.0000e+00 -0.0000e+00 -0.0000e+00 -0.0000e+00 -0.0000e+00 -4.4807e-06 -7.1603e-06 -1.0504e-05 -1.5038e-05 -2.1133e-05 -2.9038e-05 -3.8814e-05 -5.0248e-05 -6.2781e-05 -7.5489e-05 -8.7149e-05 -9.6397e-05 -1.0197e-04 -1.0298e-04 0.0000e+00 -9.0746e-05 -7.8916e-05 -6.5063e-05 -5.0758e-05 -3.7396e-05 -2.5964e-05 -1.6950e-05 -1.0379e-05 -5.9465e-06 -3.1785e-06 -1.5804e-06 -7.2861e-07 -3.1038e-07 -1.2172e-07 -4.3765e-08 -1.4365e-08 -4.2839e-09 -1.1548e-09 -2.7988e-10 -6.0615e-11 -1.1656e-11 -1.9761e-12 -2.9314e-13 -3.7734e-14 -4.1771e-15 -3.9377e-16 -3.1275e-17 -2.0685e-18 -1.1248e-19 -4.9596e-21 -1.7461e-22 -4.8274e-24 -1.0288e-25 -1.6564e-27 -1.9701e-29 -1.6888e-31 -1.0153e-33 -4.1534e-36 -1.1179e-38 -1.9072e-41 -1.9782e-44 -1.1907e-47 -3.9474e-51 -6.7982e-55 -5.6935e-59 -2.1524e-63 -3.3759e-68 -1.9961e-73 -3.9895e-79 -2.3789e-85 -3.6679e-92 -1.2400e-99 -7.5969e-108 -6.7600e-117 -6.7494e-127 -5.5883e-138 -2.6873e-150 -4.9235e-164 -2.0793e-179 -1.1093e-196 -3.6165e-216 -2.9830e-238 -2.1140e-263 -3.3926e-292 -0.0000e+00 -0.0000e+00 -0.0000e+00 -0.0000e+00 -0.0000e+00 -0.0000e+00 -0.0000e+00 -0.0000e+00 -0.0000e+00 -0.0000e+00 -0.0000e+00 -0.0000e+00 -0.0000e+00 -0.0000e+00 -0.0000e+00 -0.0000e+00 -0.0000e+00 -0.0000e+00 -0.0000e+00 -0.0000e+00 -0.0000e+00
-2.4049e-06 -5.3716e-06 -1.1279e-05 -2.2277e-05 -4.1362e-05 -7.2437e-05 -1.2004e-04 -1.8862e-04 -2.8141e-04 -3.9885e-04 -5.3717e-04 -6.8732e-04 -8.3520e-04 -9.6324e-04 -1.0535e-03 6.7365e-02 -1.0707e-03 -9.9249e-04 -8.6829e-04 -7.1580e-04 -5.5505e-04 -4.0405e-04 -2.7552e-04 -1.7558e-04 -1.0430e-04 -5.7594e-05 -2.9473e-05 -1.3931e-05 -6.0604e-06 -2.4171e-06 -8.8010e-07 -2.9122e-07 -8.7141e-08 -2.3452e-08 -5.6436e-09 -1.2067e-09 -2.2768e-10 -3.7623e-11 -5.4009e-12 -6.6757e-13 -7.0364e-14 -6.2580e-15 -4.6425e-16 -2.8368e-17 -1.4082e-18 -5.5939e-20 -1.7488e-21 -4.2252e-23 -7.7320e-25 -1.0483e-26 -1.0274e-28 -7.0860e-31 -3.3371e-33 -1.0380e-35 -2.0549e-38 -2.4841e-41 -1.7509e-44 -6.8324e-48 -1.3926e-51 -1.3885e-55 -6.2890e-60 -1.1900e-64 -8.5525e-70 -2.0945e-75 -1.5439e-81 -2.9707e-88 -1.2665e-95 -9.8968e-104 -1.1373e-112 -1.4866e-122 -1.6358e-133 -1.0629e-145 -2.6796e-159 -1.5896e-174 -1.2183e-191 -5.8538e-211 -7.3216e-233 -8.1257e-258 -2.1183e-286 -2.4753e-319 -0.0000e+00 -0.0000e+00 -0.0000e+00 -0.0000e+00 -0.0000e+00 -0.0000e+00 -0.0000e+00 -0.0000e+00 -0.0000e+00 -0.0000e+00 -0.0000e+00 -0.0000e+00 -0.0000e+00 -0.0000e+00 -0.0000e+00 -0.0000e+00 -0.0000e+00 -0.0000e+00 -0.0000e+00 -0.0000e+00 -2.0870e-06 -3.4242e-06 -5.2167e-06 -7.8071e-06 -1.1508e-05 -1.6615e-05 -2.3358e-05 -3.1824e-05 -4.1864e-05 -5.3021e-05 -6.4497e-05 -7.5198e-05 -8.3877e-05 -8.9350e-05 -9.0746e-05 0.0000e+00 -8.0575e-05 -7.0198e-05 -5.7900e-05 -4.5125e-05 -3.3161e-05 -2.2928e-05 -1.4879e-05 -9.0402e-06 -5.1283e-06 -2.7082e-06 -1.3271e-06 -6.0147e-07 -2.5116e-07 -9.6253e-08 -3.3707e-08 -1.0736e-08 -3.0948e-09 -8.0295e-10 -1.8640e-10 -3.8471e-11 -7.0102e-12 -1.1193e-12 -1.5533e-13 -1.8568e-14 -1.8934e-15 -1.6296e-16 -1.1703e-17 -6.9242e-19 -3.3289e-20 -1.2809e-21 -3.8796e-23 -9.0818e-25 -1.6104e-26 -2.1158e-28 -2.0097e-30 -1.3432e-32 -6.1297e-35 -1.8475e-37 -3.5436e-40 -4.1499e-43 -2.8331e-46 -1.0706e-49 -2.1127e-53 -2.0389e-57 -8.9360e-62 -1.6356e-66 -1.1366e-71 -2.6904e-77 -1.9158e-83 -3.5595e-90 -1.4644e-97 -1.1036e-105 -1.2223e-114 -1.5387e-124 -1.6292e-135 -1.0177e-147 -2.4643e-161 -1.4026e-176 -1.0302e-193 -4.7377e-213 -5.6636e-235 -5.9984e-260 -1.4897e-288 -1.6551e-321 -0.0000e+00 -0.0000e+00 -0.0000e+00 -0.0000e+00 -0.0000e+00 -0.0000e+00 -0.0000e+00 -0.0000e+00 -0.0000e+00 -0.0000e+00 -0.0000e+00 -0.0000e+00 -0.0000e+00 -0.0000e+00 -0.0000e+00 -0.0000e+00 -0.0000e+00 -0.0000e+00 -0.0000e+00 -0.0000e+00
