2.9553e-08 -1.0355e-08 -1.9046e-08 -2.9372e-08 -4.1137e-08 -5.4216e-08 -6.8527e-08 -8.4013e-08 -1.0063e-07 -1.1836e-07 -1.3718e-07 -1.5707e-07 -1.7802e-07 -2.0002e-07 -2.2307e-07 -2.4715e-07 -2.7226e-07 -2.9836e-07 -3.2543e-07 -3.5343e-07 -3.8231e-07 -4.1201e-07 -4.4244e-07 -4.7351e-07 -5.0507e-07 -5.3697e-07 -5.6902e-07 -6.0099e-07 -6.3262e-07 -6.6357e-07 -6.9350e-07 -7.2197e-07 -7.4852e-07 -7.7262e-07 -7.9368e-07 -8.1107e-07 -8.2413e-07 -8.3216e-07 -8.3446e-07 -8.3036e-07 -8.1923e-07 -8.0058e-07 -7.7403e-07 -7.3944e-07 -6.9692e-07 -6.4694e-07 -5.9031e-07 -5.2826e-07 -4.6241e-07 -3.9474e-07 -3.2748e-07 -2.6296e-07 -2.0342e-07 -1.5077e-07 -1.0638e-07 -7.0929e-08 -4.4297e-08 -2.5647e-08 -1.3599e-08 -6.5091e-09 -2.7644e-09 -1.0205e-09 -3.1954e-10 -8.2377e-11 -1.6870e-11 -2.6273e-12 -2.9504e-13 -2.2380e-14 -1.0576e-15 -2.8169e-17 -3.7293e-19 -2.0954e-21 -4.0883e-24 -2.1431e-27 -2.1679e-31 -2.7504e-36 -2.4839e-42 -7.5215e-50 -2.7755e-59 -3.1457e-71 -1.6334e-86 -2.6984e-106 -3.1659e-132 -1.0550e-166 -2.7795e-213 -2.3314e-277 0.0000e+00 0.0000e+00 0.0000e+00 0.0000e+00 0.0000e+00 0.0000e+00 0.0000e+00 0.0000e+00 0.0000e+00 0.0000e+00 0.0000e+00 0.0000e+00 0.0000e+00 0.0000e+00 0.0000e+00 1.0355e-08 1.9046e-08 2.9372e-08 4.1137e-08 5.4216e-08 6.8527e-08 8.4013e-08 1.0063e-07 1.1836e-07 1.3718e-07 1.5707e-07 1.7802e-07 2.0002e-07 2.2307e-07 2.4715e-07 2.7226e-07 2.9836e-07 3.2543e-07 3.5343e-07 3.8231e-07 4.1201e-07 4.4244e-07 4.7351e-07 5.0507e-07 5.3697e-07 5.6902e-07 6.0099e-07 6.3262e-07 6.6357e-07 6.9350e-07 7.2197e-07 7.4852e-07 7.7262e-07 7.9368e-07 8.1107e-07 8.2413e-07 8.3216e-07 8.3446e-07 8.3036e-07 8.1923e-07 8.0058e-07 7.7403e-07 7.3944e-07 6.9692e-07 6.4694e-07 5.9031e-07 5.2826e-07 4.6241e-07 3.9474e-07 3.2748e-07 2.6296e-07 2.0342e-07 1.5077e-07 1.0638e-07 7.0929e-08 4.4297e-08 2.5647e-08 1.3599e-08 6.5091e-09 2.7644e-09 1.0205e-09 3.1954e-10 8.2376e-11 1.6870e-11 2.6273e-12 2.9504e-13 2.2379e-14 1.0576e-15 2.8169e-17 3.7293e-19 2.0953e-21 4.0882e-24 2.1431e-27 2.1678e-31 2.7504e-36 2.4839e-42 7.5213e-50 2.7754e-59 3.1456e-71 1.6333e-86 2.6982e-106 3.1656e-132 1.0549e-166 2.7792e-213 2.3311e-277 0.0000e+00 0.0000e+00 0.0000e+00 0.0000e+00 0.0000e+00 0.0000e+00 0.0000e+00 0.0000e+00 0.0000e+00 0.0000e+00 0.0000e+00 0.0000e+00 0.0000e+00 0.0000e+00
-1.0355e-08 4.7331e-07 -5.3909e-08 -8.3138e-08 -1.1644e-07 -1.5346e-07 -1.9396e-07 -2.3780e-07 -2.8484e-07 -3.3502e-07 -3.8827e-07 -4.4457e-07 -5.0387e-07 -5.6616e-07 -6.3140e-07 -6.9956e-07 -7.7061e-07 -8.4449e-07 -9.2111e-07 -1.0004e-06 -1.0821e-06 -1.1662e-06 -1.2523e-06 -1.3403e-06 -1.4296e-06 -1.5199e-06 -1.6106e-06 -1.7011e-06 -1.7906e-06 -1.8782e-06 -1.9629e-06 -2.0435e-06 -2.1187e-06 -2.1869e-06 -2.2465e-06 -2.2957e-06 -2.3327e-06 -2.3554e-06 -2.3619e-06 -2.3503e-06 -2.3188e-06 -2.2660e-06 -2.1909e-06 -2.0930e-06 -1.9726e-06 -1.8312e-06 -1.6709e-06 -1.4952e-06 -1.3089e-06 -1.1173e-06 -9.2694e-07 -7.4432e-07 -5.7578e-07 -4.2675e-07 -3.0112e-07 -2.0077e-07 -1.2538e-07 -7.2595e-08 -3.8493e-08 -1.8424e-08 -7.8247e-09 -2.8887e-09 -9.0447e-10 -2.3317e-10 -4.7751e-11 -7.4368e-12 -8.3516e-13 -6.3349e-14 -2.9939e-15 -7.9739e-17 -1.0557e-18 -5.9316e-21 -1.1573e-23 -6.0670e-27 -6.1374e-31 -7.7870e-36 -7.0328e-42 -2.1297e-49 -7.8593e-59 -8.9085e-71 -4.6263e-86 -7.6439e-106 -8.9701e-132 -2.9900e-166 -7.8806e-213 -6.6135e-277 0.0000e+00 0.0000e+00 0.0000e+00 0.0000e+00 0.0000e+00 0.0000e+00 0.0000e+00 0.0000e+00 0.0000e+00 0.0000e+00 0.0000e+00 0.0000e+00 0.0000e+00 0.0000e+00 1.0355e-08 0.0000e+00 5.3909e-08 8.3138e-08 1.1644e-07 1.5346e-07 1.9396e-07 2.3780e-07 2.8484e-07 3.3502e-07 3.8827e-07 4.4457e-07 5.0387e-07 5.6616e-07 6.3140e-07 6.9956e-07 7.7061e-07 8.4449e-07 9.2111e-07 1.0004e-06 1.0821e-06 1.1662e-06 1.2523e-06 1.3403e-06 1.4296e-06 1.5199e-06 1.6106e-06 1.7011e-06 1.7906e-06 1.8782e-06 1.9629e-06 2.0435e-06 2.1187e-06 2.1869e-06 2.2465e-06 2.2957e-06 2.3327e-06 2.3554e-06 2.3619e-06 2.3503e-06 2.3188e-06 2.2660e-06 2.1909e-06 2.0930e-06 1.9726e-06 1.8311e-06 1.6709e-06 1.4952e-06 1.3088e-06 1.1173e-06 9.2693e-07 7.4431e-07 5.7578e-07 4.2674e-07 3.0111e-07 2.0076e-07 1.2538e-07 7.2593e-08 3.8492e-08 1.8424e-08 7.8245e-09 2.8886e-09 9.0444e-10 2.3316e-10 4.7749e-11 7.4364e-12 8.3511e-13 6.3345e-14 2.9936e-15 7.9731e-17 1.0556e-18 5.9308e-21 1.1572e-23 6.0659e-27 6.1360e-31 7.7849e-36 7.0306e-42 2.1289e-49 7.8557e-59 8.9034e-71 4.6231e-86 7.6372e-106 8.9603e-132 2.9858e-166 7.8664e-213 6.5980e-277 0.0000e+00 0.0000e+00 0.0000e+00 0.0000e+00 0.0000e+00 0.0000e+00 0.0000e+00 0.0000e+00 0.0000e+00 0.0000e+00 0.0000e+00 0.0000e+00 0.0000e+00 0.0000e+00
-1.9046e-08 -5.3909e-08 2.4000e-06 -1.5292e-07 -2.1417e-07 -2.8226e-07 -3.5676e-07 -4.3739e-07 -5.2392e-07 -6.1621e-07 -7.1416e-07 -8.1771e-07 -9.2678e-07 -1.0413e-06 -1.1613e-06 -1.2867e-06 -1.4174e-06 -1.5533e-06 -1.6942e-06 -1.8400e-06 -1.9904e-06 -2.1450e-06 -2.3034e-06 -2.4652e-06 -2.6295e-06 -2.7956e-06 -2.9624e-06 -3.1289e-06 -3.2935e-06 -3.4547e-06 -3.6105e-06 -3.7587e-06 -3.8969e-06 -4.0224e-06 -4.1320e-06 -4.2226e-06 -4.2906e-06 -4.3324e-06 -4.3444e-06 -4.3230e-06 -4.2651e-06 -4.1680e-06 -4.0298e-06 -3.8497e-06 -3.6284e-06 -3.3681e-06 -3.0733e-06 -2.7503e-06 -2.4075e-06 -2.0552e-06 -1.7050e-06 -1.3691e-06 -1.0591e-06 -7.8497e-07 -5.5388e-07 -3.6930e-07 -2.3064e-07 -1.3354e-07 -7.0807e-08 -3.3892e-08 -1.4394e-08 -5.3139e-09 -1.6639e-09 -4.2896e-10 -8.7848e-11 -1.3682e-11 -1.5365e-12 -1.1656e-13 -5.5087e-15 -1.4673e-16 -1.9427e-18 -1.0916e-20 -2.1301e-23 -1.1168e-26 -1.1299e-30 -1.4338e-35 -1.2952e-41 -3.9234e-49 -1.4483e-58 -1.6424e-70 -8.5336e-86 -1.4110e-105 -1.6573e-131 -5.5307e-166 -1.4601e-212 -1.2281e-276 0.0000e+00 0.0000e+00 0.0000e+00 0.0000e+00 0.0000e+00 0.0000e+00 0.0000e+00 0.0000e+00 0.0000e+00 0.0000e+00 0.0000e+00 0.0000e+00 0.0000e+00 0.0000e+00 1.9046e-08 5.3909e-08 0.0000e+00 1.5292e-07 2.1417e-07 2.8226e-07 3.5676e-07 4.3739e-07 5.2392e-07 6.1621e-07 7.1416e-07 8.1771e-07 9.2678e-07 1.0413e-06 1.1613e-06 1.2867e-06 1.4174e-06 1.5533e-06 1.6942e-06 1.8400e-06 1.9904e-06 2.1450e-06 2.3034e-06 2.4652e-06 2.6295e-06 2.7956e-06 2.9624e-06 3.1289e-06 3.2935e-06 3.4547e-06 3.6105e-06 3.7587e-06 3.8969e-06 4.0224e-06 4.1320e-06 4.2226e-06 4.2906e-06 4.3324e-06 4.3443e-06 4.3230e-06 4.2651e-06 4.1679e-06 4.0297e-06 3.8496e-06 3.6283e-06 3.3681e-06 3.0732e-06 2.7502e-06 2.4074e-06 2.0551e-06 1.7049e-06 1.3690e-06 1.0590e-06 7.8492e-07 5.5384e-07 3.6927e-07 2.3062e-07 1.3352e-07 7.0799e-08 3.3887e-08 1.4392e-08 5.3131e-09 1.6636e-09 4.2887e-10 8.7826e-11 1.3678e-11 1.5360e-12 1.1651e-13 5.5063e-15 1.4665e-16 1.9415e-18 1.0909e-20 2.1284e-23 1.1157e-26 1.1286e-30 1.4319e-35 1.2932e-41 3.9157e-49 1.4449e-58 1.6376e-70 8.5033e-86 1.4047e-105 1.6481e-131 5.4918e-166 1.4469e-212 1.2136e-276 0.0000e+00 0.0000e+00 0.0000e+00 0.0000e+00 0.0000e+00 0.0000e+00 0.0000e+00 0.0000e+00 0.0000e+00 0.0000e+00 0.0000e+00 0.0000e+00 0.0000e+00 0.0000e+00
-2.9372e-08 -8.3138e-08 -1.5292e-07 7.6023e-06 -3.3028e-07 -4.3529e-07 -5.5019e-07 -6.7453e-07 -8.0797e-07 -9.5031e-07 -1.1014e-06 -1.2611e-06 -1.4293e-06 -1.6059e-06 -1.7910e-06 -1.9844e-06 -2.1859e-06 -2.3955e-06 -2.6128e-06 -2.8376e-06 -3.0695e-06 -3.3080e-06 -3.5523e-06 -3.8017e-06 -4.0551e-06 -4.3113e-06 -4.5686e-06 -4.8253e-06 -5.0792e-06 -5.3278e-06 -5.5680e-06 -5.7967e-06 -6.0098e-06 -6.2033e-06 -6.3724e-06 -6.5121e-06 -6.6170e-06 -6.6815e-06 -6.7000e-06 -6.6670e-06 -6.5778e-06 -6.4280e-06 -6.2149e-06 -5.9371e-06 -5.5958e-06 -5.1945e-06 -4.7399e-06 -4.2417e-06 -3.7130e-06 -3.1697e-06 -2.6297e-06 -2.1116e-06 -1.6335e-06 -1.2107e-06 -8.5431e-07 -5.6962e-07 -3.5575e-07 -2.0598e-07 -1.0922e-07 -5.2281e-08 -2.2205e-08 -8.1980e-09 -2.5670e-09 -6.6184e-10 -1.3555e-10 -2.1113e-11 -2.3713e-12 -1.7990e-13 -8.5034e-15 -2.2653e-16 -2.9998e-18 -1.6860e-20 -3.2908e-23 -1.7259e-26 -1.7468e-30 -2.2177e-35 -2.0045e-41 -6.0761e-49 -2.2450e-58 -2.5487e-70 -1.3262e-85 -2.1968e-105 -2.5866e-131 -8.6600e-166 -2.2961e-212 -1.9427e-276 0.0000e+00 0.0000e+00 0.0000e+00 0.0000e+00 0.0000e+00 0.0000e+00 0.0000e+00 0.0000e+00 0.0000e+00 0.0000e+00 0.0000e+00 0.0000e+00 0.0000e+00 0.0000e+00 2.9372e-08 8.3138e-08 1.5292e-07 0.0000e+00 3.3028e-07 4.3529e-07 5.5019e-07 6.7453e-07 8.0797e-07 9.5031e-07 1.1014e-06 1.2611e-06 1.4293e-06 1.6059e-06 1.7910e-06 1.9844e-06 2.1859e-06 2.3955e-06 2.6128e-06 2.8376e-06 3.0695e-06 3.3080e-06 3.5523e-06 3.8017e-06 4.0551e-06 4.3113e-06 4.5686e-06 4.8253e-06 5.0792e-06 5.3277e-06 5.5680e-06 5.7966e-06 6.0098e-06 6.2032e-06 6.3723e-06 6.5120e-06 6.6168e-06 6.6813e-06 6.6998e-06 6.6668e-06 6.5775e-06 6.4277e-06 6.2146e-06 5.9368e-06 5.5955e-06 5.1942e-06 4.7395e-06 4.2413e-06 3.7126e-06 3.1693e-06 2.6293e-06 2.1113e-06 1.6332e-06 1.2105e-06 8.5412e-07 5.6948e-07 3.5566e-07 2.0592e-07 1.0919e-07 5.2260e-08 2.2195e-08 8.1937e-09 2.5655e-09 6.6139e-10 1.3544e-10 2.1094e-11 2.3688e-12 1.7968e-13 8.4917e-15 2.2616e-16 2.9942e-18 1.6823e-20 3.2824e-23 1.7206e-26 1.7405e-30 2.2083e-35 1.9943e-41 6.0388e-49 2.2283e-58 2.5255e-70 1.3114e-85 2.1664e-105 2.5416e-131 8.4694e-166 2.2313e-212 1.8716e-276 0.0000e+00 0.0000e+00 0.0000e+00 0.0000e+00 0.0000e+00 0.0000e+00 0.0000e+00 0.0000e+00 0.0000e+00 0.0000e+00 0.0000e+00 0.0000e+00 0.0000e+00 0.0000e+00
-4.1137e-08 -1.1644e-07 -2.1417e-07 -3.3028e-07 1.8614e-05 -6.0964e-07 -7.7056e-07 -9.4470e-07 -1.1316e-06 -1.3309e-06 -1.5425e-06 -1.7661e-06 -2.0017e-06 -2.2492e-06 -2.5084e-06 -2.7792e-06 -3.0614e-06 -3.3549e-06 -3.6593e-06 -3.9742e-06 -4.2990e-06 -4.6330e-06 -4.9752e-06 -5.3245e-06 -5.6794e-06 -6.0381e-06 -6.3985e-06 -6.7581e-06 -7.1137e-06 -7.4618e-06 -7.7983e-06 -8.1185e-06 -8.4171e-06 -8.6881e-06 -8.9250e-06 -9.1207e-06 -9.2676e-06 -9.3579e-06 -9.3839e-06 -9.3378e-06 -9.2129e-06 -9.0032e-06 -8.7047e-06 -8.3158e-06 -7.8378e-06 -7.2758e-06 -6.6391e-06 -5.9414e-06 -5.2009e-06 -4.4400e-06 -3.6836e-06 -2.9580e-06 -2.2883e-06 -1.6961e-06 -1.1968e-06 -7.9805e-07 -4.9844e-07 -2.8861e-07 -1.5305e-07 -7.3264e-08 -3.1119e-08 -1.1490e-08 -3.5983e-09 -9.2784e-10 -1.9006e-10 -2.9608e-11 -3.3260e-12 -2.5239e-13 -1.1933e-14 -3.1800e-16 -4.2127e-18 -2.3688e-20 -4.6260e-23 -2.4277e-26 -2.4591e-30 -3.1252e-35 -2.8281e-41 -8.5855e-49 -3.1782e-58 -3.6166e-70 -1.8875e-85 -3.1388e-105 -3.7144e-131 -1.2518e-165 -3.3486e-212 -2.8672e-276 0.0000e+00 0.0000e+00 0.0000e+00 0.0000e+00 0.0000e+00 0.0000e+00 0.0000e+00 0.0000e+00 0.0000e+00 0.0000e+00 0.0000e+00 0.0000e+00 0.0000e+00 0.0000e+00 4.1137e-08 1.1644e-07 2.1417e-07 3.3028e-07 0.0000e+00 6.0964e-07 7.7056e-07 9.4470e-07 1.1316e-06 1.3309e-06 1.5425e-06 1.7661e-06 2.0017e-06 2.2492e-06 2.5084e-06 2.7792e-06 3.0614e-06 3.3549e-06 3.6593e-06 3.9742e-06 4.2990e-06 4.6329e-06 4.9752e-06 5.3244e-06 5.6793e-06 6.0381e-06 6.3985e-06 6.7580e-06 7.1136e-06 7.4617e-06 7.7982e-06 8.1183e-06 8.4169e-06 8.6878e-06 8.9246e-06 9.1202e-06 9.2671e-06 9.3574e-06 9.3832e-06 9.3371e-06 9.2120e-06 9.0022e-06 8.7037e-06 8.3147e-06 7.8367e-06 7.2746e-06 6.6378e-06 5.9401e-06 5.1997e-06 4.4388e-06 3.6825e-06 2.9569e-06 2.2874e-06 1.6953e-06 1.1962e-06 7.9758e-07 4.9811e-07 2.8839e-07 1.5292e-07 7.3192e-08 3.1084e-08 1.1476e-08 3.5931e-09 9.2630e-10 1.8969e-10 2.9543e-11 3.3176e-12 2.5165e-13 1.1893e-14 3.1675e-16 4.1935e-18 2.3562e-20 4.5971e-23 2.4098e-26 2.4377e-30 3.0927e-35 2.7930e-41 8.4575e-49 3.1208e-58 3.5371e-70 1.8366e-85 3.0340e-105 3.5596e-131 1.1861e-165 3.1249e-212 2.6210e-276 0.0000e+00 0.0000e+00 0.0000e+00 0.0000e+00 0.0000e+00 0.0000e+00 0.0000e+00 0.0000e+00 0.0000e+00 0.0000e+00 0.0000e+00 0.0000e+00 0.0000e+00 0.0000e+00
-5.4216e-08 -1.5346e-07 -2.8226e-07 -4.3529e-07 -6.0964e-07 3.8736e-05 -1.0156e-06 -1.2451e-06 -1.4914e-06 -1.7541e-06 -2.0329e-06 -2.3277e-06 -2.6382e-06 -2.9643e-06 -3.3059e-06 -3.6628e-06 -4.0348e-06 -4.4216e-06 -4.8228e-06 -5.2378e-06 -5.6658e-06 -6.1060e-06 -6.5570e-06 -7.0174e-06 -7.4852e-06 -7.9580e-06 -8.4330e-06 -8.9069e-06 -9.3756e-06 -9.8344e-06 -1.0278e-05 -1.0700e-05 -1.1094e-05 -1.1451e-05 -1.1763e-05 -1.2021e-05 -1.2215e-05 -1.2334e-05 -1.2368e-05 -1.2308e-05 -1.2143e-05 -1.1867e-05 -1.1474e-05 -1.0961e-05 -1.0331e-05 -9.5909e-06 -8.7517e-06 -7.8322e-06 -6.8563e-06 -5.8534e-06 -4.8564e-06 -3.9000e-06 -3.0172e-06 -2.2365e-06 -1.5783e-06 -1.0524e-06 -6.5739e-07 -3.8068e-07 -2.0190e-07 -9.6660e-08 -4.1063e-08 -1.5164e-08 -4.7498e-09 -1.2250e-09 -2.5100e-10 -3.9114e-11 -4.3955e-12 -3.3368e-13 -1.5785e-14 -4.2088e-16 -5.5795e-18 -3.1400e-20 -6.1382e-23 -3.2252e-26 -3.2717e-30 -4.1652e-35 -3.7775e-41 -1.1499e-48 -4.2709e-58 -4.8805e-70 -2.5609e-85 -4.2877e-105 -5.1188e-131 -1.7451e-165 -4.7390e-212 -4.1399e-276 0.0000e+00 0.0000e+00 0.0000e+00 0.0000e+00 0.0000e+00 0.0000e+00 0.0000e+00 0.0000e+00 0.0000e+00 0.0000e+00 0.0000e+00 0.0000e+00 0.0000e+00 0.0000e+00 5.4216e-08 1.5346e-07 2.8226e-07 4.3529e-07 6.0964e-07 0.0000e+00 1.0156e-06 1.2451e-06 1.4914e-06 1.7541e-06 2.0329e-06 2.3277e-06 2.6382e-06 2.9643e-06 3.3059e-06 3.6628e-06 4.0348e-06 4.4216e-06 4.8228e-06 5.2377e-06 5.6658e-06 6.1059e-06 6.5570e-06 7.0173e-06 7.4850e-06 7.9578e-06 8.4328e-06 8.9066e-06 9.3753e-06 9.8340e-06 1.0278e-05 1.0699e-05 1.1093e-05 1.1450e-05 1.1762e-05 1.2020e-05 1.2213e-05 1.2332e-05 1.2367e-05 1.2306e-05 1.2141e-05 1.1864e-05 1.1471e-05 1.0958e-05 1.0328e-05 9.5875e-06 8.7483e-06 7.8287e-06 6.8529e-06 5.8500e-06 4.8533e-06 3.8971e-06 3.0147e-06 2.2344e-06 1.5766e-06 1.0512e-06 6.5648e-07 3.8008e-07 2.0154e-07 9.6463e-08 4.0968e-08 1.5124e-08 4.7355e-09 1.2208e-09 2.5001e-10 3.8936e-11 4.3725e-12 3.3166e-13 1.5674e-14 4.1746e-16 5.5268e-18 3.1053e-20 6.0587e-23 3.1760e-26 3.2127e-30 4.0760e-35 3.6810e-41 1.1146e-48 4.1130e-58 4.6616e-70 2.4205e-85 3.9985e-105 4.6910e-131 1.5631e-165 4.1178e-212 3.4532e-276 0.0000e+00 0.0000e+00 0.0000e+00 0.0000e+00 0.0000e+00 0.0000e+00 0.0000e+00 0.0000e+00 0.0000e+00 0.0000e+00 0.0000e+00 0.0000e+00 0.0000e+00 0.0000e+00
-6.8527e-08 -1.9396e-07 -3.5676e-07 -5.5019e-07 -7.7056e-07 -1.0156e-06 7.2067e-05 -1.5737e-06 -1.8850e-06 -2.2171e-06 -2.5696e-06 -2.9421e-06 -3.3346e-06 -3.7468e-06 -4.1785e-06 -4.6296e-06 -5.0999e-06 -5.5888e-06 -6.0958e-06 -6.6204e-06 -7.1614e-06 -7.7178e-06 -8.2879e-06 -8.8698e-06 -9.4611e-06 -1.0059e-05 -1.0659e-05 -1.1258e-05 -1.1851e-05 -1.2431e-05 -1.2991e-05 -1.3525e-05 -1.4023e-05 -1.4474e-05 -1.4869e-05 -1.5195e-05 -1.5441e-05 -1.5591e-05 -1.5635e-05 -1.5559e-05 -1.5351e-05 -1.5002e-05 -1.4505e-05 -1.3858e-05 -1.3062e-05 -1.2126e-05 -1.1066e-05 -9.9034e-06 -8.6700e-06 -7.4022e-06 -6.1418e-06 -4.9325e-06 -3.8164e-06 -2.8291e-06 -1.9967e-06 -1.3316e-06 -8.3190e-07 -4.8182e-07 -2.5558e-07 -1.2239e-07 -5.2005e-08 -1.9211e-08 -6.0192e-09 -1.5530e-09 -3.1834e-10 -4.9632e-11 -5.5808e-12 -4.2396e-13 -2.0072e-14 -5.3570e-16 -7.1099e-18 -4.0067e-20 -7.8452e-23 -4.1302e-26 -4.1997e-30 -5.3621e-35 -4.8803e-41 -1.4920e-48 -5.5718e-58 -6.4101e-70 -3.3920e-85 -5.7403e-105 -6.9470e-131 -2.4100e-165 -6.6935e-212 -6.0199e-276 0.0000e+00 0.0000e+00 0.0000e+00 0.0000e+00 0.0000e+00 0.0000e+00 0.0000e+00 0.0000e+00 0.0000e+00 0.0000e+00 0.0000e+00 0.0000e+00 0.0000e+00 0.0000e+00 6.8527e-08 1.9396e-07 3.5676e-07 5.5019e-07 7.7056e-07 1.0156e-06 0.0000e+00 1.5737e-06 1.8850e-06 2.2171e-06 2.5696e-06 2.9421e-06 3.3346e-06 3.7467e-06 4.1785e-06 4.6296e-06 5.0998e-06 5.5887e-06 6.0958e-06 6.6203e-06 7.1613e-06 7.7177e-06 8.2878e-06 8.8696e-06 9.4608e-06 1.0058e-05 1.0659e-05 1.1258e-05 1.1850e-05 1.2430e-05 1.2990e-05 1.3524e-05 1.4021e-05 1.4472e-05 1.4867e-05 1.5193e-05 1.5437e-05 1.5588e-05 1.5631e-05 1.5554e-05 1.5346e-05 1.4996e-05 1.4499e-05 1.3851e-05 1.3055e-05 1.2118e-05 1.1057e-05 9.8952e-06 8.6617e-06 7.3942e-06 6.1343e-06 4.9258e-06 3.8104e-06 2.8241e-06 1.9927e-06 1.3286e-06 8.2976e-07 4.8041e-07 2.5473e-07 1.2193e-07 5.1781e-08 1.9116e-08 5.9855e-09 1.5431e-09 3.1600e-10 4.9213e-11 5.5266e-12 4.1921e-13 1.9811e-14 5.2765e-16 6.9856e-18 3.9249e-20 7.6579e-23 4.0143e-26 4.0607e-30 5.1519e-35 4.6526e-41 1.4088e-48 5.1985e-58 5.8917e-70 3.0591e-85 5.0533e-105 5.9280e-131 1.9750e-165 5.2017e-212 4.3605e-276 0.0000e+00 0.0000e+00 0.0000e+00 0.0000e+00 0.0000e+00 0.0000e+00 0.0000e+00 0.0000e+00 0.0000e+00 0.0000e+00 0.0000e+00 0.0000e+00 0.0000e+00 0.0000e+00
-8.4013e-08 -2.3780e-07 -4.3739e-07 -6.7453e-07 -9.4470e-07 -1.2451e-06 -1.5737e-06 1.2354e-04 -2.3110e-06 -2.7181e-06 -3.1502e-06 -3.6070e-06 -4.0881e-06 -4.5935e-06 -5.1228e-06 -5.6759e-06 -6.2524e-06 -6.8518e-06 -7.4734e-06 -8.1165e-06 -8.7799e-06 -9.4620e-06 -1.0161e-05 -1.0874e-05 -1.1599e-05 -1.2332e-05 -1.3068e-05 -1.3803e-05 -1.4529e-05 -1.5241e-05 -1.5928e-05 -1.6583e-05 -1.7193e-05 -1.7747e-05 -1.8231e-05 -1.8632e-05 -1.8932e-05 -1.9118e-05 -1.9172e-05 -1.9079e-05 -1.8825e-05 -1.8397e-05 -1.7789e-05 -1.6996e-05 -1.6020e-05 -1.4873e-05 -1.3573e-05 -1.2149e-05 -1.0636e-05 -9.0818e-06 -7.5362e-06 -6.0531e-06 -4.6840e-06 -3.4728e-06 -2.4514e-06 -1.6352e-06 -1.0218e-06 -5.9194e-07 -3.1408e-07 -1.5045e-07 -6.3954e-08 -2.3635e-08 -7.4090e-09 -1.9127e-09 -3.9233e-10 -6.1216e-11 -6.8896e-12 -5.2394e-13 -2.4836e-14 -6.6384e-16 -8.8260e-18 -4.9840e-20 -9.7832e-23 -5.1658e-26 -5.2716e-30 -6.7599e-35 -6.1850e-41 -1.9032e-48 -7.1637e-58 -8.3228e-70 -4.4580e-85 -7.6598e-105 -9.4475e-131 -3.3565e-165 -9.6047e-212 -8.9677e-276 0.0000e+00 0.0000e+00 0.0000e+00 0.0000e+00 0.0000e+00 0.0000e+00 0.0000e+00 0.0000e+00 0.0000e+00 0.0000e+00 0.0000e+00 0.0000e+00 0.0000e+00 0.0000e+00 8.4013e-08 2.3780e-07 4.3739e-07 6.7453e-07 9.4470e-07 1.2451e-06 1.5737e-06 0.0000e+00 2.3110e-06 2.7181e-06 3.1502e-06 3.6070e-06 4.0881e-06 4.5934e-06 5.1228e-06 5.6758e-06 6.2523e-06 6.8517e-06 7.4733e-06 8.1164e-06 8.7797e-06 9.4617e-06 1.0161e-05 1.0874e-05 1.1599e-05 1.2331e-05 1.3067e-05 1.3802e-05 1.4528e-05 1.5239e-05 1.5926e-05 1.6580e-05 1.7190e-05 1.7743e-05 1.8227e-05 1.8626e-05 1.8926e-05 1.9110e-05 1.9163e-05 1.9069e-05 1.8814e-05 1.8385e-05 1.7775e-05 1.6981e-05 1.6005e-05 1.4857e-05 1.3556e-05 1.2131e-05 1.0619e-05 9.0652e-06 7.5206e-06 6.0389e-06 4.6715e-06 3.4623e-06 2.4430e-06 1.6289e-06 1.0173e-06 5.8898e-07 3.1230e-07 1.4948e-07 6.3483e-08 2.3436e-08 7.3381e-09 1.8917e-09 3.8741e-10 6.0334e-11 6.7755e-12 5.1394e-13 2.4288e-14 6.4689e-16 8.5642e-18 4.8118e-20 9.3883e-23 4.9214e-26 4.9782e-30 6.3159e-35 5.7037e-41 1.7271e-48 6.3726e-58 7.2220e-70 3.7495e-85 6.1930e-105 7.2635e-131 2.4190e-165 6.3672e-212 5.3313e-276 0.0000e+00 0.0000e+00 0.0000e+00 0.0000e+00 0.0000e+00 0.0000e+00 0.0000e+00 0.0000e+00 0.0000e+00 0.0000e+00 0.0000e+00 0.0000e+00 0.0000e+00 0.0000e+00
-1.0063e-07 -2.8484e-07 -5.2392e-07 -8.0797e-07 -1.1316e-06 -1.4914e-06 -1.8850e-06 -2.3110e-06 1.9899e-04 -3.2559e-06 -3.7735e-06 -4.3206e-06 -4.8969e-06 -5.5022e-06 -6.1363e-06 -6.7988e-06 -7.4893e-06 -8.2073e-06 -8.9520e-06 -9.7224e-06 -1.0517e-05 -1.1334e-05 -1.2172e-05 -1.3026e-05 -1.3895e-05 -1.4773e-05 -1.5655e-05 -1.6535e-05 -1.7405e-05 -1.8257e-05 -1.9081e-05 -1.9865e-05 -2.0597e-05 -2.1261e-05 -2.1842e-05 -2.2322e-05 -2.2683e-05 -2.2906e-05 -2.2971e-05 -2.2861e-05 -2.2557e-05 -2.2046e-05 -2.1318e-05 -2.0369e-05 -1.9201e-05 -1.7828e-05 -1.6271e-05 -1.4565e-05 -1.2753e-05 -1.0891e-05 -9.0387e-06 -7.2611e-06 -5.6198e-06 -4.1676e-06 -2.9425e-06 -1.9634e-06 -1.2272e-06 -7.1121e-07 -3.7753e-07 -1.8093e-07 -7.6951e-08 -2.8456e-08 -8.9268e-09 -2.3065e-09 -4.7356e-10 -7.3974e-11 -8.3364e-12 -6.3494e-13 -3.0152e-14 -8.0765e-16 -1.0765e-17 -6.0971e-20 -1.2010e-22 -6.3687e-26 -6.5321e-30 -8.4275e-35 -7.7678e-41 -2.4116e-48 -9.1766e-58 -1.0803e-69 -5.8812e-85 -1.0307e-104 -1.3025e-130 -4.7665e-165 -1.4141e-211 -1.3796e-275 0.0000e+00 0.0000e+00 0.0000e+00 0.0000e+00 0.0000e+00 0.0000e+00 0.0000e+00 0.0000e+00 0.0000e+00 0.0000e+00 0.0000e+00 0.0000e+00 0.0000e+00 0.0000e+00 1.0063e-07 2.8484e-07 5.2392e-07 8.0797e-07 1.1316e-06 1.4914e-06 1.8850e-06 2.3110e-06 0.0000e+00 3.2559e-06 3.7735e-06 4.3205e-06 4.8969e-06 5.5022e-06 6.1362e-06 6.7987e-06 7.4892e-06 8.2072e-06 8.9518e-06 9.7221e-06 1.0517e-05 1.1334e-05 1.2171e-05 1.3025e-05 1.3893e-05 1.4771e-05 1.5653e-05 1.6532e-05 1.7402e-05 1.8254e-05 1.9077e-05 1.9860e-05 2.0590e-05 2.1253e-05 2.1832e-05 2.2311e-05 2.2670e-05 2.2891e-05 2.2954e-05 2.2841e-05 2.2535e-05 2.2022e-05 2.1292e-05 2.0340e-05 1.9171e-05 1.7796e-05 1.6238e-05 1.4531e-05 1.2720e-05 1.0859e-05 9.0084e-06 7.2336e-06 5.5957e-06 4.1473e-06 2.9263e-06 1.9511e-06 1.2185e-06 7.0550e-07 3.7408e-07 1.7905e-07 7.6042e-08 2.8073e-08 8.7898e-09 2.2660e-09 4.6405e-10 7.2270e-11 8.1159e-12 6.1561e-13 2.9093e-14 7.7485e-16 1.0258e-17 5.7637e-20 1.1245e-22 5.8947e-26 5.9627e-30 7.5648e-35 6.8314e-41 2.0684e-48 7.6314e-58 8.6475e-70 4.4888e-85 7.4116e-105 8.6881e-131 2.8909e-165 7.5971e-212 6.3425e-276 0.0000e+00 0.0000e+00 0.0000e+00 0.0000e+00 0.0000e+00 0.0000e+00 0.0000e+00 0.0000e+00 0.0000e+00 0.0000e+00 0.0000e+00 0.0000e+00 0.0000e+00 0.0000e+00
-1.1836e-07 -3.3502e-07 -6.1621e-07 -9.5031e-07 -1.3309e-06 -1.7541e-06 -2.2171e-06 -2.7181e-06 -3.2559e-06 3.0517e-04 -4.4382e-06 -5.0817e-06 -5.7596e-06 -6.4715e-06 -7.2173e-06 -7.9966e-06 -8.8088e-06 -9.6533e-06 -1.0529e-05 -1.1435e-05 -1.2370e-05 -1.3331e-05 -1.4316e-05 -1.5322e-05 -1.6343e-05 -1.7376e-05 -1.8414e-05 -1.9449e-05 -2.0473e-05 -2.1476e-05 -2.2445e-05 -2.3368e-05 -2.4229e-05 -2.5011e-05 -2.5695e-05 -2.6261e-05 -2.6687e-05 -2.6950e-05 -2.7028e-05 -2.6900e-05 -2.6544e-05 -2.5945e-05 -2.5090e-05 -2.3975e-05 -2.2603e-05 -2.0989e-05 -1.9158e-05 -1.7152e-05 -1.5021e-05 -1.2830e-05 -1.0650e-05 -8.5575e-06 -6.6249e-06 -4.9144e-06 -3.4711e-06 -2.3169e-06 -1.4489e-06 -8.4009e-07 -4.4620e-07 -2.1398e-07 -9.1078e-08 -3.3709e-08 -1.0586e-08 -2.7383e-09 -5.6298e-10 -8.8080e-11 -9.9443e-12 -7.5902e-13 -3.6134e-14 -9.7071e-16 -1.2983e-17 -7.3832e-20 -1.4614e-22 -7.7934e-26 -8.0478e-30 -1.0467e-34 -9.7419e-41 -3.0598e-48 -1.1806e-57 -1.4134e-69 -7.8502e-85 -1.4093e-104 -1.8328e-130 -6.9413e-165 -2.1450e-211 -2.1960e-275 0.0000e+00 0.0000e+00 0.0000e+00 0.0000e+00 0.0000e+00 0.0000e+00 0.0000e+00 0.0000e+00 0.0000e+00 0.0000e+00 0.0000e+00 0.0000e+00 0.0000e+00 0.0000e+00 1.1836e-07 3.3502e-07 6.1621e-07 9.5031e-07 1.3309e-06 1.7541e-06 2.2171e-06 2.7181e-06 3.2559e-06 0.0000e+00 4.4382e-06 5.0817e-06 5.7595e-06 6.4715e-06 7.2172e-06 7.9964e-06 8.8085e-06 9.6530e-06 1.0529e-05 1.1435e-05 1.2369e-05 1.3330e-05 1.4315e-05 1.5320e-05 1.6341e-05 1.7373e-05 1.8410e-05 1.9444e-05 2.0468e-05 2.1469e-05 2.2437e-05 2.3359e-05 2.4217e-05 2.4997e-05 2.5678e-05 2.6241e-05 2.6664e-05 2.6924e-05 2.6998e-05 2.6865e-05 2.6505e-05 2.5902e-05 2.5043e-05 2.3924e-05 2.2548e-05 2.0931e-05 1.9099e-05 1.7091e-05 1.4961e-05 1.2771e-05 1.0595e-05 8.5079e-06 6.5814e-06 4.8779e-06 3.4419e-06 2.2948e-06 1.4332e-06 8.2978e-07 4.3998e-07 2.1059e-07 8.9438e-08 3.3018e-08 1.0338e-08 2.6652e-09 5.4579e-10 8.5001e-11 9.5455e-12 7.2404e-13 3.4218e-14 9.1133e-16 1.2065e-17 6.7787e-20 1.3225e-22 6.9326e-26 7.0123e-30 8.8958e-35 8.0327e-41 2.4319e-48 8.9708e-58 1.0162e-69 5.2728e-85 8.6998e-105 1.0186e-130 3.3823e-165 8.8557e-212 7.3420e-276 0.0000e+00 0.0000e+00 0.0000e+00 0.0000e+00 0.0000e+00 0.0000e+00 0.0000e+00 0.0000e+00 0.0000e+00 0.0000e+00 0.0000e+00 0.0000e+00 0.0000e+00 0.0000e+00
-1.3718e-07 -3.8827e-07 -7.1416e-07 -1.1014e-06 -1.5425e-06 -2.0329e-06 -2.5696e-06 -3.1502e-06 -3.7735e-06 -4.4382e-06 4.4988e-04 -5.8895e-06 -6.6752e-06 -7.5003e-06 -8.3647e-06 -9.2678e-06 -1.0209e-05 -1.1188e-05 -1.2203e-05 -1.3253e-05 -1.4337e-05 -1.5451e-05 -1.6593e-05 -1.7758e-05 -1.8942e-05 -2.0140e-05 -2.1343e-05 -2.2543e-05 -2.3730e-05 -2.4893e-05 -2.6018e-05 -2.7088e-05 -2.8087e-05 -2.8995e-05 -2.9789e-05 -3.0446e-05 -3.0941e-05 -3.1249e-05 -3.1341e-05 -3.1195e-05 -3.0785e-05 -3.0093e-05 -2.9104e-05 -2.7814e-05 -2.6226e-05 -2.4357e-05 -2.2237e-05 -1.9912e-05 -1.7442e-05 -1.4901e-05 -1.2373e-05 -9.9452e-06 -7.7020e-06 -5.7158e-06 -4.0389e-06 -2.6974e-06 -1.6878e-06 -9.7931e-07 -5.2056e-07 -2.4986e-07 -1.0646e-07 -3.9450e-08 -1.2405e-08 -3.2140e-09 -6.6198e-10 -1.0379e-10 -1.1746e-11 -8.9909e-13 -4.2944e-14 -1.1581e-15 -1.5559e-17 -8.8955e-20 -1.7717e-22 -9.5180e-26 -9.9142e-30 -1.3028e-34 -1.2272e-40 -3.9101e-48 -1.5344e-57 -1.8739e-69 -1.0655e-84 -1.9662e-104 -2.6409e-130 -1.0385e-164 -3.3530e-211 -3.6135e-275 0.0000e+00 0.0000e+00 0.0000e+00 0.0000e+00 0.0000e+00 0.0000e+00 0.0000e+00 0.0000e+00 0.0000e+00 0.0000e+00 0.0000e+00 0.0000e+00 0.0000e+00 0.0000e+00 1.3718e-07 3.8827e-07 7.1416e-07 1.1014e-06 1.5425e-06 2.0329e-06 2.5696e-06 3.1502e-06 3.7735e-06 4.4382e-06 0.0000e+00 5.8895e-06 6.6751e-06 7.5002e-06 8.3645e-06 9.2675e-06 1.0209e-05 1.1187e-05 1.2202e-05 1.3252e-05 1.4335e-05 1.5449e-05 1.6590e-05 1.7755e-05 1.8939e-05 2.0135e-05 2.1337e-05 2.2535e-05 2.3721e-05 2.4882e-05 2.6004e-05 2.7072e-05 2.8067e-05 2.8971e-05 2.9760e-05 3.0413e-05 3.0902e-05 3.1203e-05 3.1290e-05 3.1136e-05 3.0719e-05 3.0019e-05 2.9024e-05 2.7727e-05 2.6132e-05 2.4258e-05 2.2135e-05 1.9808e-05 1.7339e-05 1.4802e-05 1.2280e-05 9.8603e-06 7.6276e-06 5.6533e-06 3.9890e-06 2.6596e-06 1.6610e-06 9.6168e-07 5.0992e-07 2.4407e-07 1.0365e-07 3.8266e-08 1.1981e-08 3.0888e-09 6.3255e-10 9.8512e-11 1.1063e-11 8.3912e-13 3.9656e-14 1.0561e-15 1.3982e-17 7.8555e-20 1.5326e-22 8.0331e-26 8.1249e-30 1.0306e-34 9.3047e-41 2.8162e-48 1.0385e-57 1.1758e-69 6.0947e-85 1.0041e-104 1.1726e-130 3.8762e-165 1.0066e-211 8.2128e-276 0.0000e+00 0.0000e+00 0.0000e+00 0.0000e+00 0.0000e+00 0.0000e+00 0.0000e+00 0.0000e+00 0.0000e+00 0.0000e+00 0.0000e+00 0.0000e+00 0.0000e+00 0.0000e+00
-1.5707e-07 -4.4457e-07 -8.1771e-07 -1.2611e-06 -1.7661e-06 -2.3277e-06 -2.9421e-06 -3.6070e-06 -4.3206e-06 -5.0817e-06 -5.8895e-06 6.4198e-04 -7.6430e-06 -8.5878e-06 -9.5775e-06 -1.0612e-05 -1.1690e-05 -1.2810e-05 -1.3973e-05 -1.5175e-05 -1.6416e-05 -1.7692e-05 -1.8999e-05 -2.0334e-05 -2.1691e-05 -2.3062e-05 -2.4440e-05 -2.5815e-05 -2.7176e-05 -2.8508e-05 -2.9797e-05 -3.1024e-05 -3.2170e-05 -3.3210e-05 -3.4122e-05 -3.4877e-05 -3.5446e-05 -3.5801e-05 -3.5911e-05 -3.5746e-05 -3.5280e-05 -3.4492e-05 -3.3364e-05 -3.1890e-05 -3.0074e-05 -2.7937e-05 -2.5511e-05 -2.2849e-05 -2.0021e-05 -1.7110e-05 -1.4212e-05 -1.1429e-05 -8.8551e-06 -6.5751e-06 -4.6490e-06 -3.1070e-06 -1.9457e-06 -1.1300e-06 -6.0125e-07 -2.8894e-07 -1.2328e-07 -4.5752e-08 -1.4413e-08 -3.7417e-09 -7.7249e-10 -1.2144e-10 -1.3788e-11 -1.0592e-12 -5.0807e-14 -1.3769e-15 -1.8605e-17 -1.0708e-19 -2.1493e-22 -1.1652e-25 -1.2266e-29 -1.6318e-34 -1.5596e-40 -5.0531e-48 -2.0221e-57 -2.5260e-69 -1.4743e-84 -2.8040e-104 -3.8991e-130 -1.5958e-164 -5.3962e-211 -6.1379e-275 0.0000e+00 0.0000e+00 0.0000e+00 0.0000e+00 0.0000e+00 0.0000e+00 0.0000e+00 0.0000e+00 0.0000e+00 0.0000e+00 0.0000e+00 0.0000e+00 0.0000e+00 0.0000e+00 1.5707e-07 4.4457e-07 8.1771e-07 1.2611e-06 1.7661e-06 2.3277e-06 2.9421e-06 3.6070e-06 4.3205e-06 5.0817e-06 5.8895e-06 0.0000e+00 7.6429e-06 8.5876e-06 9.5772e-06 1.0611e-05 1.1689e-05 1.2809e-05 1.3972e-05 1.5174e-05 1.6414e-05 1.7689e-05 1.8996e-05 2.0329e-05 2.1684e-05 2.3054e-05 2.4430e-05 2.5803e-05 2.7160e-05 2.8489e-05 2.9774e-05 3.0997e-05 3.2137e-05 3.3171e-05 3.4075e-05 3.4822e-05 3.5383e-05 3.5727e-05 3.5826e-05 3.5650e-05 3.5173e-05 3.4372e-05 3.3232e-05 3.1746e-05 2.9921e-05 2.7775e-05 2.5344e-05 2.2680e-05 1.9853e-05 1.6948e-05 1.4060e-05 1.1290e-05 8.7335e-06 6.4730e-06 4.5673e-06 3.0452e-06 1.9018e-06 1.1011e-06 5.8385e-07 2.7945e-07 1.1868e-07 4.3814e-08 1.3718e-08 3.5366e-09 7.2424e-10 1.1279e-10 1.2666e-11 9.6073e-13 4.5402e-14 1.2092e-15 1.6007e-17 8.9928e-20 1.7543e-22 9.1945e-26 9.2982e-30 1.1792e-34 1.0643e-40 3.2197e-48 1.1864e-57 1.3417e-69 6.9418e-85 1.1401e-104 1.3245e-130 4.3372e-165 1.1062e-211 8.6972e-276 0.0000e+00 0.0000e+00 0.0000e+00 0.0000e+00 0.0000e+00 0.0000e+00 0.0000e+00 0.0000e+00 0.0000e+00 0.0000e+00 0.0000e+00 0.0000e+00 0.0000e+00 0.0000e+00
-1.7802e-07 -5.0387e-07 -9.2678e-07 -1.4293e-06 -2.0017e-06 -2.6382e-06 -3.3346e-06 -4.0881e-06 -4.8969e-06 -5.7596e-06 -6.6752e-06 -7.6430e-06 8.9152e-04 -9.7335e-06 -1.0855e-05 -1.2027e-05 -1.3249e-05 -1.4520e-05 -1.5837e-05 -1.7201e-05 -1.8607e-05 -2.0053e-05 -2.1536e-05 -2.3049e-05 -2.4587e-05 -2.6142e-05 -2.7704e-05 -2.9264e-05 -3.0807e-05 -3.2319e-05 -3.3782e-05 -3.5175e-05 -3.6475e-05 -3.7658e-05 -3.8694e-05 -3.9553e-05 -4.0203e-05 -4.0609e-05 -4.0738e-05 -4.0557e-05 -4.0034e-05 -3.9145e-05 -3.7872e-05 -3.6207e-05 -3.4154e-05 -3.1734e-05 -2.8987e-05 -2.5972e-05 -2.2765e-05 -1.9464e-05 -1.6176e-05 -1.3014e-05 -1.0090e-05 -7.4973e-06 -5.3053e-06 -3.5488e-06 -2.2246e-06 -1.2935e-06 -6.8916e-07 -3.3169e-07 -1.4176e-07 -5.2716e-08 -1.6644e-08 -4.3322e-09 -8.9708e-10 -1.4151e-10 -1.6130e-11 -1.2448e-12 -6.0022e-14 -1.6365e-15 -2.2268e-17 -1.2920e-19 -2.6178e-22 -1.4345e-25 -1.5291e-29 -2.0637e-34 -2.0052e-40 -6.6212e-48 -2.7076e-57 -3.4671e-69 -2.0815e-84 -4.0877e-104 -5.8960e-130 -2.5164e-164 -8.9322e-211 -1.0755e-274 0.0000e+00 0.0000e+00 0.0000e+00 0.0000e+00 0.0000e+00 0.0000e+00 0.0000e+00 0.0000e+00 0.0000e+00 0.0000e+00 0.0000e+00 0.0000e+00 0.0000e+00 0.0000e+00 1.7802e-07 5.0387e-07 9.2678e-07 1.4293e-06 2.0017e-06 2.6382e-06 3.3346e-06 4.0881e-06 4.8969e-06 5.7595e-06 6.6751e-06 7.6429e-06 0.0000e+00 9.7331e-06 1.0855e-05 1.2027e-05 1.3248e-05 1.4518e-05 1.5835e-05 1.7198e-05 1.8603e-05 2.0049e-05 2.1530e-05 2.3041e-05 2.4577e-05 2.6129e-05 2.7689e-05 2.9245e-05 3.0783e-05 3.2290e-05 3.3746e-05 3.5131e-05 3.6423e-05 3.7596e-05 3.8621e-05 3.9467e-05 4.0103e-05 4.0493e-05 4.0605e-05 4.0406e-05 3.9864e-05 3.8956e-05 3.7665e-05 3.5981e-05 3.3913e-05 3.1480e-05 2.8725e-05 2.5705e-05 2.2501e-05 1.9208e-05 1.5935e-05 1.2796e-05 9.8985e-06 7.3364e-06 5.1766e-06 3.4514e-06 2.1555e-06 1.2480e-06 6.6173e-07 3.1673e-07 1.3451e-07 4.9658e-08 1.5548e-08 4.0082e-09 8.2081e-10 1.2783e-10 1.4355e-11 1.0888e-12 5.1451e-14 1.3702e-15 1.8138e-17 1.0189e-19 1.9874e-22 1.0414e-25 1.0529e-29 1.3347e-34 1.2039e-40 3.6390e-48 1.3390e-57 1.5109e-69 7.7897e-85 1.2717e-104 1.4617e-130 4.6931e-165 1.1501e-211 8.2349e-276 0.0000e+00 0.0000e+00 0.0000e+00 0.0000e+00 0.0000e+00 0.0000e+00 0.0000e+00 0.0000e+00 0.0000e+00 0.0000e+00 0.0000e+00 0.0000e+00 0.0000e+00 0.0000e+00
-2.0002e-07 -5.6616e-07 -1.0413e-06 -1.6059e-06 -2.2492e-06 -2.9643e-06 -3.7468e-06 -4.5935e-06 -5.5022e-06 -6.4715e-06 -7.5003e-06 -8.5878e-06 -9.7335e-06 1.2098e-03 -1.2197e-05 -1.3514e-05 -1.4887e-05 -1.6315e-05 -1.7796e-05 -1.9328e-05 -2.0908e-05 -2.2534e-05 -2.4200e-05 -2.5901e-05 -2.7630e-05 -2.9378e-05 -3.1135e-05 -3.2889e-05 -3.4625e-05 -3.6326e-05 -3.7972e-05 -3.9540e-05 -4.1005e-05 -4.2338e-05 -4.3506e-05 -4.4477e-05 -4.5213e-05 -4.5676e-05 -4.5827e-05 -4.5630e-05 -4.5051e-05 -4.4060e-05 -4.2637e-05 -4.0773e-05 -3.8472e-05 -3.5759e-05 -3.2676e-05 -2.9289e-05 -2.5686e-05 -2.1973e-05 -1.8272e-05 -1.4711e-05 -1.1414e-05 -8.4889e-06 -6.0130e-06 -4.0268e-06 -2.5275e-06 -1.4717e-06 -7.8545e-07 -3.7875e-07 -1.6222e-07 -6.0474e-08 -1.9147e-08 -4.9999e-09 -1.0391e-09 -1.6461e-10 -1.8853e-11 -1.4630e-12 -7.0993e-14 -1.9497e-15 -2.6751e-17 -1.5670e-19 -3.2096e-22 -1.7808e-25 -1.9253e-29 -2.6407e-34 -2.6130e-40 -8.8088e-48 -3.6873e-57 -4.8476e-69 -2.9980e-84 -6.0889e-104 -9.1247e-130 -4.0693e-164 -1.5202e-210 -1.9448e-274 0.0000e+00 0.0000e+00 0.0000e+00 0.0000e+00 0.0000e+00 0.0000e+00 0.0000e+00 0.0000e+00 0.0000e+00 0.0000e+00 0.0000e+00 0.0000e+00 0.0000e+00 0.0000e+00 2.0002e-07 5.6616e-07 1.0413e-06 1.6059e-06 2.2492e-06 2.9643e-06 3.7467e-06 4.5934e-06 5.5022e-06 6.4715e-06 7.5002e-06 8.5876e-06 9.7331e-06 0.0000e+00 1.2197e-05 1.3513e-05 1.4886e-05 1.6313e-05 1.7793e-05 1.9324e-05 2.0903e-05 2.2527e-05 2.4191e-05 2.5889e-05 2.7615e-05 2.9359e-05 3.1112e-05 3.2860e-05 3.4589e-05 3.6281e-05 3.7917e-05 3.9474e-05 4.0926e-05 4.2243e-05 4.3395e-05 4.4346e-05 4.5060e-05 4.5499e-05 4.5625e-05 4.5400e-05 4.4792e-05 4.3772e-05 4.2320e-05 4.0429e-05 3.8105e-05 3.5372e-05 3.2275e-05 2.8883e-05 2.5282e-05 2.1583e-05 1.7905e-05 1.4378e-05 1.1122e-05 8.2432e-06 5.8164e-06 3.8780e-06 2.4219e-06 1.4022e-06 7.4351e-07 3.5587e-07 1.5114e-07 5.5794e-08 1.7469e-08 4.5034e-09 9.2221e-10 1.4362e-10 1.6127e-11 1.2231e-12 5.7798e-14 1.5391e-15 2.0371e-17 1.1442e-19 2.2312e-22 1.1688e-25 1.1811e-29 1.4962e-34 1.3482e-40 4.0682e-48 1.4932e-57 1.6780e-69 8.5928e-85 1.3865e-104 1.5599e-130 4.7991e-165 1.0664e-211 5.6149e-276 0.0000e+00 0.0000e+00 0.0000e+00 0.0000e+00 0.0000e+00 0.0000e+00 0.0000e+00 0.0000e+00 0.0000e+00 0.0000e+00 0.0000e+00 0.0000e+00 0.0000e+00 0.0000e+00
-2.2307e-07 -6.3140e-07 -1.1613e-06 -1.7910e-06 -2.5084e-06 -3.3059e-06 -4.1785e-06 -5.1228e-06 -6.1363e-06 -7.2173e-06 -8.3647e-06 -9.5775e-06 -1.0855e-05 -1.2197e-05 1.6097e-03 -1.5072e-05 -1.6603e-05 -1.8196e-05 -1.9848e-05 -2.1556e-05 -2.3320e-05 -2.5133e-05 -2.6992e-05 -2.8890e-05 -3.0819e-05 -3.2770e-05 -3.4732e-05 -3.6690e-05 -3.8629e-05 -4.0528e-05 -4.2368e-05 -4.4121e-05 -4.5759e-05 -4.7251e-05 -4.8561e-05 -4.9651e-05 -5.0479e-05 -5.1004e-05 -5.1183e-05 -5.0974e-05 -5.0338e-05 -4.9244e-05 -4.7667e-05 -4.5598e-05 -4.3042e-05 -4.0023e-05 -3.6590e-05 -3.2814e-05 -2.8795e-05 -2.4649e-05 -2.0513e-05 -1.6530e-05 -1.2838e-05 -9.5582e-06 -6.7789e-06 -4.5461e-06 -2.8580e-06 -1.6672e-06 -8.9160e-07 -4.3093e-07 -1.8506e-07 -6.9196e-08 -2.1984e-08 -5.7629e-09 -1.2030e-09 -1.9154e-10 -2.2063e-11 -1.7233e-12 -8.4247e-14 -2.3334e-15 -3.2323e-17 -1.9140e-19 -3.9689e-22 -2.2330e-25 -2.4521e-29 -3.4229e-34 -3.4544e-40 -1.1905e-47 -5.1076e-57 -6.9026e-69 -4.4035e-84 -9.2624e-104 -1.4447e-129 -6.7481e-164 -2.6617e-210 -3.6334e-274 0.0000e+00 0.0000e+00 0.0000e+00 0.0000e+00 0.0000e+00 0.0000e+00 0.0000e+00 0.0000e+00 0.0000e+00 0.0000e+00 0.0000e+00 0.0000e+00 0.0000e+00 0.0000e+00 2.2307e-07 6.3140e-07 1.1613e-06 1.7910e-06 2.5084e-06 3.3059e-06 4.1785e-06 5.1228e-06 6.1362e-06 7.2172e-06 8.3645e-06 9.5772e-06 1.0855e-05 1.2197e-05 0.0000e+00 1.5071e-05 1.6601e-05 1.8193e-05 1.9843e-05 2.1551e-05 2.3312e-05 2.5123e-05 2.6979e-05 2.8873e-05 3.0797e-05 3.2742e-05 3.4697e-05 3.6646e-05 3.8574e-05 4.0462e-05 4.2287e-05 4.4023e-05 4.5642e-05 4.7111e-05 4.8395e-05 4.9456e-05 5.0252e-05 5.0742e-05 5.0882e-05 5.0632e-05 4.9954e-05 4.8816e-05 4.7197e-05 4.5088e-05 4.2496e-05 3.9448e-05 3.5995e-05 3.2211e-05 2.8196e-05 2.4070e-05 1.9969e-05 1.6034e-05 1.2404e-05 9.1931e-06 6.4866e-06 4.3249e-06 2.7010e-06 1.5638e-06 8.2917e-07 3.9687e-07 1.6854e-07 6.2220e-08 1.9481e-08 5.0219e-09 1.0283e-09 1.6014e-10 1.7981e-11 1.3637e-12 6.4432e-14 1.7155e-15 2.2702e-17 1.2747e-19 2.4849e-22 1.3009e-25 1.3135e-29 1.6619e-34 1.4946e-40 4.4973e-48 1.6431e-57 1.8328e-69 9.2665e-85 1.4612e-104 1.5716e-130 4.3668e-165 7.0691e-212 -1.7935e-276 0.0000e+00 0.0000e+00 0.0000e+00 0.0000e+00 0.0000e+00 0.0000e+00 0.0000e+00 0.0000e+00 0.0000e+00 0.0000e+00 0.0000e+00 0.0000e+00 0.0000e+00 0.0000e+00
-2.4715e-07 -6.9956e-07 -1.2867e-06 -1.9844e-06 -2.7792e-06 -3.6628e-06 -4.6296e-06 -5.6759e-06 -6.7988e-06 -7.9966e-06 -9.2678e-06 -1.0612e-05 -1.2027e-05 -1.3514e-05 -1.5072e-05 2.1053e-03 -1.8397e-05 -2.0161e-05 -2.1992e-05 -2.3886e-05 -2.5840e-05 -2.7850e-05 -2.9911e-05 -3.2015e-05 -3.4154e-05 -3.6318e-05 -3.8494e-05 -4.0666e-05 -4.2817e-05 -4.4927e-05 -4.6969e-05 -4.8918e-05 -5.0740e-05 -5.2400e-05 -5.3860e-05 -5.5078e-05 -5.6007e-05 -5.6601e-05 -5.6812e-05 -5.6594e-05 -5.5904e-05 -5.4706e-05 -5.2974e-05 -5.0695e-05 -4.7875e-05 -4.4540e-05 -4.0743e-05 -3.6564e-05 -3.2108e-05 -2.7508e-05 -2.2914e-05 -1.8484e-05 -1.4373e-05 -1.0716e-05 -7.6113e-06 -5.1132e-06 -3.2207e-06 -1.8829e-06 -1.0095e-06 -4.8927e-07 -2.1079e-07 -7.9097e-08 -2.5232e-08 -6.6449e-09 -1.3944e-09 -2.2332e-10 -2.5897e-11 -2.0381e-12 -1.0048e-13 -2.8099e-15 -3.9346e-17 -2.3582e-19 -4.9566e-22 -2.8311e-25 -3.1618e-29 -4.4970e-34 -4.6338e-40 -1.6343e-47 -7.1945e-57 -1.0006e-68 -6.5932e-84 -1.4387e-103 -2.3406e-129 -1.1482e-163 -4.7996e-210 -7.0250e-274 0.0000e+00 0.0000e+00 0.0000e+00 0.0000e+00 0.0000e+00 0.0000e+00 0.0000e+00 0.0000e+00 0.0000e+00 0.0000e+00 0.0000e+00 0.0000e+00 0.0000e+00 0.0000e+00 2.4715e-07 6.9956e-07 1.2867e-06 1.9844e-06 2.7792e-06 3.6628e-06 4.6296e-06 5.6758e-06 6.7987e-06 7.9964e-06 9.2675e-06 1.0611e-05 1.2027e-05 1.3513e-05 1.5071e-05 0.0000e+00 1.8393e-05 2.0157e-05 2.1985e-05 2.3877e-05 2.5829e-05 2.7835e-05 2.9891e-05 3.1990e-05 3.4122e-05 3.6277e-05 3.8443e-05 4.0603e-05 4.2739e-05 4.4830e-05 4.6852e-05 4.8776e-05 5.0569e-05 5.2197e-05 5.3620e-05 5.4795e-05 5.5678e-05 5.6220e-05 5.6375e-05 5.6098e-05 5.5347e-05 5.4086e-05 5.2293e-05 4.9956e-05 4.7083e-05 4.3706e-05 3.9881e-05 3.5688e-05 3.1240e-05 2.6668e-05 2.2124e-05 1.7765e-05 1.3743e-05 1.0185e-05 7.1868e-06 4.7917e-06 2.9925e-06 1.7326e-06 9.1865e-07 4.3969e-07 1.8673e-07 6.8931e-08 2.1581e-08 5.5632e-09 1.1391e-09 1.7738e-10 1.9915e-11 1.5102e-12 7.1342e-14 1.8990e-15 2.5122e-17 1.4100e-19 2.7467e-22 1.4366e-25 1.4485e-29 1.8288e-34 1.6395e-40 4.9082e-48 1.7787e-57 1.9570e-69 9.6563e-85 1.4525e-104 1.4058e-130 2.8211e-165 -2.3692e-212 -1.9775e-275 0.0000e+00 0.0000e+00 0.0000e+00 0.0000e+00 0.0000e+00 0.0000e+00 0.0000e+00 0.0000e+00 0.0000e+00 0.0000e+00 0.0000e+00 0.0000e+00 0.0000e+00 0.0000e+00
-2.7226e-07 -7.7061e-07 -1.4174e-06 -2.1859e-06 -3.0614e-06 -4.0348e-06 -5.0999e-06 -6.2524e-06 -7.4893e-06 -8.8088e-06 -1.0209e-05 -1.1690e-05 -1.3249e-05 -1.4887e-05 -1.6603e-05 -1.8397e-05 2.7127e-03 -2.2210e-05 -2.4227e-05 -2.6314e-05 -2.8468e-05 -3.0683e-05 -3.2955e-05 -3.5274e-05 -3.7633e-05 -4.0019e-05 -4.2419e-05 -4.4816e-05 -4.7191e-05 -4.9520e-05 -5.1777e-05 -5.3931e-05 -5.5947e-05 -5.7787e-05 -5.9407e-05 -6.0761e-05 -6.1800e-05 -6.2470e-05 -6.2720e-05 -6.2499e-05 -6.1759e-05 -6.0460e-05 -5.8572e-05 -5.6080e-05 -5.2990e-05 -4.9330e-05 -4.5157e-05 -4.0557e-05 -3.5647e-05 -3.0571e-05 -2.5494e-05 -2.0592e-05 -1.6035e-05 -1.1974e-05 -8.5207e-06 -5.7359e-06 -3.6214e-06 -2.1227e-06 -1.1414e-06 -5.5505e-07 -2.4002e-07 -9.0450e-08 -2.8991e-08 -7.6759e-09 -1.6205e-09 -2.6130e-10 -3.0531e-11 -2.4233e-12 -1.2062e-13 -3.4091e-15 -4.8305e-17 -2.9335e-19 -6.2565e-22 -3.6317e-25 -4.1289e-29 -5.9891e-34 -6.3071e-40 -2.2785e-47 -1.0303e-56 -1.4765e-68 -1.0063e-83 -2.2822e-103 -3.8823e-129 -2.0068e-163 -8.9265e-210 -1.4083e-273 0.0000e+00 0.0000e+00 0.0000e+00 0.0000e+00 0.0000e+00 0.0000e+00 0.0000e+00 0.0000e+00 0.0000e+00 0.0000e+00 0.0000e+00 0.0000e+00 0.0000e+00 0.0000e+00 2.7226e-07 7.7061e-07 1.4174e-06 2.1859e-06 3.0614e-06 4.0348e-06 5.0998e-06 6.2523e-06 7.4892e-06 8.8085e-06 1.0209e-05 1.1689e-05 1.3248e-05 1.4886e-05 1.6601e-05 1.8393e-05 0.0000e+00 2.2204e-05 2.4218e-05 2.6302e-05 2.8452e-05 3.0662e-05 3.2927e-05 3.5239e-05 3.7588e-05 3.9962e-05 4.2347e-05 4.4726e-05 4.7080e-05 4.9383e-05 5.1610e-05 5.3729e-05 5.5705e-05 5.7499e-05 5.9066e-05 6.0360e-05 6.1332e-05 6.1930e-05 6.2101e-05 6.1796e-05 6.0968e-05 5.9579e-05 5.7603e-05 5.5029e-05 5.1865e-05 4.8145e-05 4.3931e-05 3.9313e-05 3.4412e-05 2.9377e-05 2.4371e-05 1.9569e-05 1.5138e-05 1.1220e-05 7.9165e-06 5.2782e-06 3.2963e-06 1.9084e-06 1.0119e-06 4.8431e-07 2.0567e-07 7.5921e-08 2.3769e-08 6.1267e-09 1.2544e-09 1.9531e-10 2.1925e-11 1.6623e-12 7.8504e-14 2.0889e-15 2.7619e-17 1.5489e-19 3.0141e-22 1.5740e-25 1.5833e-29 1.9919e-34 1.7759e-40 5.2703e-48 1.8823e-57 2.0184e-69 9.4811e-85 1.2791e-104 8.8682e-131 -9.9057e-166 -2.4151e-211 -6.1292e-275 0.0000e+00 0.0000e+00 0.0000e+00 0.0000e+00 0.0000e+00 0.0000e+00 0.0000e+00 0.0000e+00 0.0000e+00 0.0000e+00 0.0000e+00 0.0000e+00 0.0000e+00 0.0000e+00
