-4.6094e-10 -5.0113e-12 -1.3832e-11 -2.8458e-11 -4.9859e-11 -7.8929e-11 -1.1653e-10 -1.6349e-10 -2.2067e-10 -2.8890e-10 -3.6906e-10 -4.6202e-10 -5.6867e-10 -6.8988e-10 -8.2651e-10 -9.7936e-10 -1.1491e-09 -1.3363e-09 -1.5411e-09 -1.7634e-09 -2.0024e-09 -2.2566e-09 -2.5235e-09 -2.7992e-09 -3.0781e-09 -3.3527e-09 -3.6131e-09 -3.8470e-09 -4.0395e-09 -4.1736e-09 -4.2315e-09 -4.1957e-09 -4.0522e-09 -3.7934e-09 -3.4217e-09 -2.9531e-09 -2.4178e-09 -1.8589e-09 -1.3257e-09 -8.6432e-10 -5.0612e-10 -2.6063e-10 -1.1506e-10 -4.2239e-11 -1.2427e-11 -2.8026e-12 -4.5917e-13 -5.1205e-14 -3.5915e-15 -1.4392e-16 -2.9306e-18 -2.6278e-20 -8.7055e-23 -8.5876e-26 -1.9333e-29 -7.1482e-34 -2.8852e-39 -7.6429e-46 -7.0317e-54 -1.0103e-63 -8.2718e-76 -1.0753e-90 -4.3607e-109 -6.8682e-132 -2.8743e-160 -9.9122e-196 -3.0475e-240 -2.2027e-296 0.0000e+00 0.0000e+00 0.0000e+00 0.0000e+00 0.0000e+00 0.0000e+00 0.0000e+00 0.0000e+00 0.0000e+00 0.0000e+00 0.0000e+00 0.0000e+00 0.0000e+00 0.0000e+00 0.0000e+00 0.0000e+00 0.0000e+00 0.0000e+00 0.0000e+00 0.0000e+00 0.0000e+00 0.0000e+00 0.0000e+00 0.0000e+00 0.0000e+00 0.0000e+00 0.0000e+00 0.0000e+00 0.0000e+00 0.0000e+00 0.0000e+00 0.0000e+00 0.0000e+00 5.0113e-12 1.3832e-11 2.8458e-11 4.9859e-11 7.8929e-11 1.1653e-10 1.6349e-10 2.2067e-10 2.8890e-10 3.6906e-10 4.6202e-10 5.6867e-10 6.8988e-10 8.2651e-10 9.7936e-10 1.1491e-09 1.3363e-09 1.5411e-09 1.7634e-09 2.0024e-09 2.2566e-09 2.5235e-09 2.7992e-09 3.0781e-09 3.3527e-09 3.6131e-09 3.8470e-09 4.0395e-09 4.1736e-09 4.2315e-09 4.1957e-09 4.0522e-09 3.7934e-09 3.4217e-09 2.9531e-09 2.4178e-09 1.8589e-09 1.3257e-09 8.6432e-10 5.0612e-10 2.6063e-10 1.1506e-10 4.2239e-11 1.2427e-11 2.8026e-12 4.5917e-13 5.1205e-14 3.5915e-15 1.4392e-16 2.9306e-18 2.6278e-20 8.7055e-23 8.5876e-26 1.9333e-29 7.1482e-34 2.8852e-39 7.6429e-46 7.0317e-54 1.0103e-63 8.2718e-76 1.0753e-90 4.3607e-109 6.8682e-132 2.8743e-160 9.9122e-196 3.0475e-240 2.2027e-296 0.0000e+00 0.0000e+00 0.0000e+00 0.0000e+00 0.0000e+00 0.0000e+00 0.0000e+00 0.0000e+00 0.0000e+00 0.0000e+00 0.0000e+00 0.0000e+00 0.0000e+00 0.0000e+00 0.0000e+00 0.0000e+00 0.0000e+00 0.0000e+00 0.0000e+00 0.0000e+00 0.0000e+00 0.0000e+00 0.0000e+00 0.0000e+00 0.0000e+00 0.0000e+00 0.0000e+00 0.0000e+00 0.0000e+00 0.0000e+00 0.0000e+00 0.0000e+00
-5.0113e-12 3.0248e-10 -7.8320e-11 -1.6114e-10 -2.8232e-10 -4.4692e-10 -6.5981e-10 -9.2574e-10 -1.2495e-09 -1.6359e-09 -2.0897e-09 -2.6161e-09 -3.2200e-09 -3.9063e-09 -4.6800e-09 -5.5455e-09 -6.5067e-09 -7.5665e-09 -8.7262e-09 -9.9848e-09 -1.1338e-08 -1.2778e-08 -1.4289e-08 -1.5850e-08 -1.7429e-08 -1.8984e-08 -2.0459e-08 -2.1783e-08 -2.2873e-08 -2.3632e-08 -2.3960e-08 -2.3758e-08 -2.2945e-08 -2.1479e-08 -1.9375e-08 -1.6721e-08 -1.3690e-08 -1.0526e-08 -7.5068e-09 -4.8941e-09 -2.8658e-09 -1.4758e-09 -6.5152e-10 -2.3917e-10 -7.0364e-11 -1.5869e-11 -2.5999e-12 -2.8994e-13 -2.0336e-14 -8.1492e-16 -1.6594e-17 -1.4879e-19 -4.9293e-22 -4.8626e-25 -1.0947e-28 -4.0476e-33 -1.6337e-38 -4.3277e-45 -3.9816e-53 -5.7209e-63 -4.6838e-75 -6.0889e-90 -2.4692e-108 -3.8890e-131 -1.6276e-159 -5.6127e-195 -1.7256e-239 -1.2473e-295 0.0000e+00 0.0000e+00 0.0000e+00 0.0000e+00 0.0000e+00 0.0000e+00 0.0000e+00 0.0000e+00 0.0000e+00 0.0000e+00 0.0000e+00 0.0000e+00 0.0000e+00 0.0000e+00 0.0000e+00 0.0000e+00 0.0000e+00 0.0000e+00 0.0000e+00 0.0000e+00 0.0000e+00 0.0000e+00 0.0000e+00 0.0000e+00 0.0000e+00 0.0000e+00 0.0000e+00 0.0000e+00 0.0000e+00 0.0000e+00 0.0000e+00 0.0000e+00 5.0113e-12 0.0000e+00 7.8320e-11 1.6114e-10 2.8232e-10 4.4692e-10 6.5981e-10 9.2574e-10 1.2495e-09 1.6359e-09 2.0897e-09 2.6161e-09 3.2200e-09 3.9063e-09 4.6800e-09 5.5455e-09 6.5067e-09 7.5665e-09 8.7262e-09 9.9848e-09 1.1338e-08 1.2778e-08 1.4289e-08 1.5850e-08 1.7429e-08 1.8984e-08 2.0459e-08 2.1783e-08 2.2873e-08 2.3632e-08 2.3960e-08 2.3758e-08 2.2945e-08 2.1479e-08 1.9375e-08 1.6721e-08 1.3690e-08 1.0526e-08 7.5068e-09 4.8941e-09 2.8658e-09 1.4758e-09 6.5152e-10 2.3917e-10 7.0364e-11 1.5869e-11 2.5999e-12 2.8994e-13 2.0336e-14 8.1492e-16 1.6594e-17 1.4879e-19 4.9293e-22 4.8626e-25 1.0947e-28 4.0475e-33 1.6337e-38 4.3277e-45 3.9816e-53 5.7209e-63 4.6838e-75 6.0889e-90 2.4692e-108 3.8890e-131 1.6276e-159 5.6126e-195 1.7256e-239 1.2472e-295 0.0000e+00 0.0000e+00 0.0000e+00 0.0000e+00 0.0000e+00 0.0000e+00 0.0000e+00 0.0000e+00 0.0000e+00 0.0000e+00 0.0000e+00 0.0000e+00 0.0000e+00 0.0000e+00 0.0000e+00 0.0000e+00 0.0000e+00 0.0000e+00 0.0000e+00 0.0000e+00 0.0000e+00 0.0000e+00 0.0000e+00 0.0000e+00 0.0000e+00 0.0000e+00 0.0000e+00 0.0000e+00 0.0000e+00 0.0000e+00 0.0000e+00 0.0000e+00
-1.3832e-11 -7.8320e-11 3.4883e-09 -4.4476e-10 -7.7923e-10 -1.2336e-09 -1.8211e-09 -2.5552e-09 -3.4487e-09 -4.5152e-09 -5.7680e-09 -7.2208e-09 -8.8875e-09 -1.0782e-08 -1.2917e-08 -1.5306e-08 -1.7959e-08 -2.0884e-08 -2.4085e-08 -2.7559e-08 -3.1295e-08 -3.5268e-08 -3.9439e-08 -4.3748e-08 -4.8107e-08 -5.2399e-08 -5.6469e-08 -6.0124e-08 -6.3132e-08 -6.5228e-08 -6.6132e-08 -6.5574e-08 -6.3331e-08 -5.9286e-08 -5.3477e-08 -4.6153e-08 -3.7787e-08 -2.9052e-08 -2.0720e-08 -1.3508e-08 -7.9101e-09 -4.0733e-09 -1.7983e-09 -6.6014e-10 -1.9422e-10 -4.3801e-11 -7.1762e-12 -8.0028e-13 -5.6131e-14 -2.2493e-15 -4.5802e-17 -4.1069e-19 -1.3606e-21 -1.3422e-24 -3.0216e-28 -1.1172e-32 -4.5093e-38 -1.1945e-44 -1.0990e-52 -1.5791e-62 -1.2929e-74 -1.6808e-89 -6.8160e-108 -1.0735e-130 -4.4929e-159 -1.5495e-194 -4.7640e-239 -3.4436e-295 0.0000e+00 0.0000e+00 0.0000e+00 0.0000e+00 0.0000e+00 0.0000e+00 0.0000e+00 0.0000e+00 0.0000e+00 0.0000e+00 0.0000e+00 0.0000e+00 0.0000e+00 0.0000e+00 0.0000e+00 0.0000e+00 0.0000e+00 0.0000e+00 0.0000e+00 0.0000e+00 0.0000e+00 0.0000e+00 0.0000e+00 0.0000e+00 0.0000e+00 0.0000e+00 0.0000e+00 0.0000e+00 0.0000e+00 0.0000e+00 0.0000e+00 0.0000e+00 1.3832e-11 7.8320e-11 0.0000e+00 4.4476e-10 7.7923e-10 1.2336e-09 1.8211e-09 2.5552e-09 3.4487e-09 4.5152e-09 5.7680e-09 7.2208e-09 8.8875e-09 1.0782e-08 1.2917e-08 1.5306e-08 1.7959e-08 2.0884e-08 2.4085e-08 2.7559e-08 3.1295e-08 3.5268e-08 3.9439e-08 4.3748e-08 4.8107e-08 5.2399e-08 5.6469e-08 6.0124e-08 6.3132e-08 6.5228e-08 6.6132e-08 6.5574e-08 6.3331e-08 5.9286e-08 5.3477e-08 4.6153e-08 3.7787e-08 2.9052e-08 2.0720e-08 1.3508e-08 7.9101e-09 4.0733e-09 1.7983e-09 6.6014e-10 1.9421e-10 4.3801e-11 7.1762e-12 8.0027e-13 5.6131e-14 2.2493e-15 4.5801e-17 4.1069e-19 1.3606e-21 1.3421e-24 3.0215e-28 1.1172e-32 4.5092e-38 1.1945e-44 1.0990e-52 1.5790e-62 1.2928e-74 1.6806e-89 6.8153e-108 1.0734e-130 4.4922e-159 1.5492e-194 4.7629e-239 3.4426e-295 0.0000e+00 0.0000e+00 0.0000e+00 0.0000e+00 0.0000e+00 0.0000e+00 0.0000e+00 0.0000e+00 0.0000e+00 0.0000e+00 0.0000e+00 0.0000e+00 0.0000e+00 0.0000e+00 0.0000e+00 0.0000e+00 0.0000e+00 0.0000e+00 0.0000e+00 0.0000e+00 0.0000e+00 0.0000e+00 0.0000e+00 0.0000e+00 0.0000e+00 0.0000e+00 0.0000e+00 0.0000e+00 0.0000e+00 0.0000e+00 0.0000e+00 0.0000e+00
-2.8458e-11 -1.6114e-10 -4.4476e-10 1.9665e-08 -1.6032e-09 -2.5380e-09 -3.7469e-09 -5.2571e-09 -7.0956e-09 -9.2897e-09 -1.1867e-08 -1.4856e-08 -1.8286e-08 -2.2183e-08 -2.6577e-08 -3.1492e-08 -3.6950e-08 -4.2969e-08 -4.9554e-08 -5.6702e-08 -6.4387e-08 -7.2562e-08 -8.1144e-08 -9.0008e-08 -9.8977e-08 -1.0781e-07 -1.1618e-07 -1.2370e-07 -1.2989e-07 -1.3420e-07 -1.3606e-07 -1.3491e-07 -1.3030e-07 -1.2198e-07 -1.1003e-07 -9.4957e-08 -7.7744e-08 -5.9773e-08 -4.2630e-08 -2.7793e-08 -1.6275e-08 -8.3806e-09 -3.6999e-09 -1.3582e-09 -3.9959e-10 -9.0120e-11 -1.4765e-11 -1.6466e-12 -1.1549e-13 -4.6280e-15 -9.4239e-17 -8.4503e-19 -2.7995e-21 -2.7616e-24 -6.2174e-28 -2.2989e-32 -9.2791e-38 -2.4581e-44 -2.2617e-52 -3.2498e-62 -2.6609e-74 -3.4594e-89 -1.4030e-107 -2.2101e-130 -9.2507e-159 -3.1908e-194 -9.8124e-239 -7.0946e-295 0.0000e+00 0.0000e+00 0.0000e+00 0.0000e+00 0.0000e+00 0.0000e+00 0.0000e+00 0.0000e+00 0.0000e+00 0.0000e+00 0.0000e+00 0.0000e+00 0.0000e+00 0.0000e+00 0.0000e+00 0.0000e+00 0.0000e+00 0.0000e+00 0.0000e+00 0.0000e+00 0.0000e+00 0.0000e+00 0.0000e+00 0.0000e+00 0.0000e+00 0.0000e+00 0.0000e+00 0.0000e+00 0.0000e+00 0.0000e+00 0.0000e+00 0.0000e+00 2.8458e-11 1.6114e-10 4.4476e-10 0.0000e+00 1.6032e-09 2.5380e-09 3.7469e-09 5.2571e-09 7.0956e-09 9.2897e-09 1.1867e-08 1.4856e-08 1.8286e-08 2.2183e-08 2.6577e-08 3.1492e-08 3.6950e-08 4.2969e-08 4.9554e-08 5.6702e-08 6.4387e-08 7.2562e-08 8.1144e-08 9.0008e-08 9.8977e-08 1.0781e-07 1.1618e-07 1.2370e-07 1.2989e-07 1.3420e-07 1.3606e-07 1.3491e-07 1.3030e-07 1.2198e-07 1.1003e-07 9.4956e-08 7.7744e-08 5.9772e-08 4.2630e-08 2.7793e-08 1.6275e-08 8.3805e-09 3.6998e-09 1.3582e-09 3.9959e-10 9.0118e-11 1.4765e-11 1.6465e-12 1.1549e-13 4.6278e-15 9.4234e-17 8.4497e-19 2.7993e-21 2.7614e-24 6.2166e-28 2.2985e-32 9.2774e-38 2.4576e-44 2.2611e-52 3.2488e-62 2.6598e-74 3.4578e-89 1.4022e-107 2.2085e-130 9.2425e-159 3.1873e-194 9.7993e-239 7.0829e-295 0.0000e+00 0.0000e+00 0.0000e+00 0.0000e+00 0.0000e+00 0.0000e+00 0.0000e+00 0.0000e+00 0.0000e+00 0.0000e+00 0.0000e+00 0.0000e+00 0.0000e+00 0.0000e+00 0.0000e+00 0.0000e+00 0.0000e+00 0.0000e+00 0.0000e+00 0.0000e+00 0.0000e+00 0.0000e+00 0.0000e+00 0.0000e+00 0.0000e+00 0.0000e+00 0.0000e+00 0.0000e+00 0.0000e+00 0.0000e+00 0.0000e+00 0.0000e+00
-4.9859e-11 -2.8232e-10 -7.7923e-10 -1.6032e-09 7.5344e-08 -4.4466e-09 -6.5646e-09 -9.2105e-09 -1.2432e-08 -1.6276e-08 -2.0792e-08 -2.6029e-08 -3.2037e-08 -3.8865e-08 -4.6563e-08 -5.5174e-08 -6.4737e-08 -7.5281e-08 -8.6819e-08 -9.9342e-08 -1.1281e-07 -1.2713e-07 -1.4216e-07 -1.5770e-07 -1.7341e-07 -1.8888e-07 -2.0355e-07 -2.1673e-07 -2.2757e-07 -2.3513e-07 -2.3839e-07 -2.3637e-07 -2.2829e-07 -2.1371e-07 -1.9277e-07 -1.6637e-07 -1.3621e-07 -1.0472e-07 -7.4689e-08 -4.8694e-08 -2.8514e-08 -1.4683e-08 -6.4825e-09 -2.3797e-09 -7.0013e-10 -1.5790e-10 -2.5870e-11 -2.8851e-12 -2.0236e-13 -8.1094e-15 -1.6514e-16 -1.4808e-18 -4.9059e-21 -4.8398e-24 -1.0897e-27 -4.0293e-32 -1.6265e-37 -4.3093e-44 -3.9654e-52 -5.6989e-62 -4.6670e-74 -6.0691e-89 -2.4622e-107 -3.8799e-130 -1.6247e-158 -5.6073e-194 -1.7256e-238 -1.2488e-294 0.0000e+00 0.0000e+00 0.0000e+00 0.0000e+00 0.0000e+00 0.0000e+00 0.0000e+00 0.0000e+00 0.0000e+00 0.0000e+00 0.0000e+00 0.0000e+00 0.0000e+00 0.0000e+00 0.0000e+00 0.0000e+00 0.0000e+00 0.0000e+00 0.0000e+00 0.0000e+00 0.0000e+00 0.0000e+00 0.0000e+00 0.0000e+00 0.0000e+00 0.0000e+00 0.0000e+00 0.0000e+00 0.0000e+00 0.0000e+00 0.0000e+00 0.0000e+00 4.9859e-11 2.8232e-10 7.7923e-10 1.6032e-09 0.0000e+00 4.4466e-09 6.5646e-09 9.2105e-09 1.2432e-08 1.6276e-08 2.0792e-08 2.6029e-08 3.2037e-08 3.8865e-08 4.6563e-08 5.5174e-08 6.4737e-08 7.5281e-08 8.6819e-08 9.9342e-08 1.1281e-07 1.2713e-07 1.4216e-07 1.5770e-07 1.7341e-07 1.8888e-07 2.0355e-07 2.1673e-07 2.2757e-07 2.3513e-07 2.3839e-07 2.3637e-07 2.2829e-07 2.1371e-07 1.9277e-07 1.6636e-07 1.3621e-07 1.0472e-07 7.4687e-08 4.8693e-08 2.8513e-08 1.4683e-08 6.4822e-09 2.3796e-09 7.0008e-10 1.5789e-10 2.5868e-11 2.8847e-12 2.0233e-13 8.1079e-15 1.6510e-16 1.4804e-18 4.9044e-21 4.8379e-24 1.0892e-27 4.0270e-32 1.6254e-37 4.3057e-44 3.9614e-52 5.6919e-62 4.6600e-74 6.0580e-89 2.4567e-107 3.8693e-130 1.6193e-158 5.5842e-194 1.7168e-238 1.2409e-294 0.0000e+00 0.0000e+00 0.0000e+00 0.0000e+00 0.0000e+00 0.0000e+00 0.0000e+00 0.0000e+00 0.0000e+00 0.0000e+00 0.0000e+00 0.0000e+00 0.0000e+00 0.0000e+00 0.0000e+00 0.0000e+00 0.0000e+00 0.0000e+00 0.0000e+00 0.0000e+00 0.0000e+00 0.0000e+00 0.0000e+00 0.0000e+00 0.0000e+00 0.0000e+00 0.0000e+00 0.0000e+00 0.0000e+00 0.0000e+00 0.0000e+00 0.0000e+00
-7.8929e-11 -4.4692e-10 -1.2336e-09 -2.5380e-09 -4.4466e-09 2.2618e-07 -1.0392e-08 -1.4581e-08 -1.9680e-08 -2.5765e-08 -3.2914e-08 -4.1204e-08 -5.0715e-08 -6.1525e-08 -7.3711e-08 -8.7343e-08 -1.0248e-07 -1.1917e-07 -1.3744e-07 -1.5726e-07 -1.7858e-07 -2.0125e-07 -2.2505e-07 -2.4964e-07 -2.7452e-07 -2.9901e-07 -3.2223e-07 -3.4309e-07 -3.6026e-07 -3.7222e-07 -3.7738e-07 -3.7419e-07 -3.6140e-07 -3.3831e-07 -3.0517e-07 -2.6337e-07 -2.1563e-07 -1.6579e-07 -1.1824e-07 -7.7090e-08 -4.5142e-08 -2.3246e-08 -1.0263e-08 -3.7677e-09 -1.1085e-09 -2.5001e-10 -4.0963e-11 -4.5684e-12 -3.2045e-13 -1.2842e-14 -2.6153e-16 -2.3454e-18 -7.7714e-21 -7.6677e-24 -1.7266e-27 -6.3859e-32 -2.5784e-37 -6.8333e-44 -6.2902e-52 -9.0438e-62 -7.4103e-74 -9.6428e-89 -3.9151e-107 -6.1756e-130 -2.5893e-158 -8.9501e-194 -2.7597e-238 -2.0020e-294 0.0000e+00 0.0000e+00 0.0000e+00 0.0000e+00 0.0000e+00 0.0000e+00 0.0000e+00 0.0000e+00 0.0000e+00 0.0000e+00 0.0000e+00 0.0000e+00 0.0000e+00 0.0000e+00 0.0000e+00 0.0000e+00 0.0000e+00 0.0000e+00 0.0000e+00 0.0000e+00 0.0000e+00 0.0000e+00 0.0000e+00 0.0000e+00 0.0000e+00 0.0000e+00 0.0000e+00 0.0000e+00 0.0000e+00 0.0000e+00 0.0000e+00 0.0000e+00 7.8929e-11 4.4692e-10 1.2336e-09 2.5380e-09 4.4466e-09 0.0000e+00 1.0392e-08 1.4581e-08 1.9680e-08 2.5765e-08 3.2914e-08 4.1204e-08 5.0715e-08 6.1525e-08 7.3711e-08 8.7343e-08 1.0248e-07 1.1917e-07 1.3744e-07 1.5726e-07 1.7858e-07 2.0125e-07 2.2505e-07 2.4964e-07 2.7452e-07 2.9901e-07 3.2223e-07 3.4309e-07 3.6025e-07 3.7222e-07 3.7738e-07 3.7419e-07 3.6139e-07 3.3831e-07 3.0516e-07 2.6336e-07 2.1562e-07 1.6578e-07 1.1823e-07 7.7083e-08 4.5138e-08 2.3244e-08 1.0262e-08 3.7670e-09 1.1083e-09 2.4994e-10 4.0950e-11 4.5666e-12 3.2030e-13 1.2835e-14 2.6136e-16 2.3435e-18 7.7638e-21 7.6587e-24 1.7242e-27 6.3750e-32 2.5731e-37 6.8162e-44 6.2711e-52 9.0105e-62 7.3771e-74 9.5902e-89 3.8890e-107 6.1252e-130 2.5634e-158 8.8400e-194 2.7178e-238 1.9644e-294 0.0000e+00 0.0000e+00 0.0000e+00 0.0000e+00 0.0000e+00 0.0000e+00 0.0000e+00 0.0000e+00 0.0000e+00 0.0000e+00 0.0000e+00 0.0000e+00 0.0000e+00 0.0000e+00 0.0000e+00 0.0000e+00 0.0000e+00 0.0000e+00 0.0000e+00 0.0000e+00 0.0000e+00 0.0000e+00 0.0000e+00 0.0000e+00 0.0000e+00 0.0000e+00 0.0000e+00 0.0000e+00 0.0000e+00 0.0000e+00 0.0000e+00 0.0000e+00
-1.1653e-10 -6.5981e-10 -1.8211e-09 -3.7469e-09 -6.5646e-09 -1.0392e-08 5.7396e-07 -2.1526e-08 -2.9054e-08 -3.8038e-08 -4.8592e-08 -6.0832e-08 -7.4873e-08 -9.0832e-08 -1.0882e-07 -1.2895e-07 -1.5130e-07 -1.7594e-07 -2.0291e-07 -2.3217e-07 -2.6364e-07 -2.9712e-07 -3.3226e-07 -3.6855e-07 -4.0528e-07 -4.4144e-07 -4.7573e-07 -5.0652e-07 -5.3187e-07 -5.4953e-07 -5.5715e-07 -5.5245e-07 -5.3356e-07 -4.9949e-07 -4.5055e-07 -3.8885e-07 -3.1837e-07 -2.4478e-07 -1.7458e-07 -1.1382e-07 -6.6656e-08 -3.4326e-08 -1.5155e-08 -5.5639e-09 -1.6371e-09 -3.6925e-10 -6.0505e-11 -6.7485e-12 -4.7343e-13 -1.8976e-14 -3.8651e-16 -3.4670e-18 -1.1490e-20 -1.1341e-23 -2.5547e-27 -9.4526e-32 -3.8188e-37 -1.0127e-43 -9.3299e-52 -1.3428e-61 -1.1016e-73 -1.4356e-88 -5.8394e-107 -9.2319e-130 -3.8817e-158 -1.3465e-193 -4.1699e-238 -3.0417e-294 0.0000e+00 0.0000e+00 0.0000e+00 0.0000e+00 0.0000e+00 0.0000e+00 0.0000e+00 0.0000e+00 0.0000e+00 0.0000e+00 0.0000e+00 0.0000e+00 0.0000e+00 0.0000e+00 0.0000e+00 0.0000e+00 0.0000e+00 0.0000e+00 0.0000e+00 0.0000e+00 0.0000e+00 0.0000e+00 0.0000e+00 0.0000e+00 0.0000e+00 0.0000e+00 0.0000e+00 0.0000e+00 0.0000e+00 0.0000e+00 0.0000e+00 0.0000e+00 1.1653e-10 6.5981e-10 1.8211e-09 3.7469e-09 6.5646e-09 1.0392e-08 0.0000e+00 2.1526e-08 2.9054e-08 3.8038e-08 4.8592e-08 6.0832e-08 7.4873e-08 9.0832e-08 1.0882e-07 1.2895e-07 1.5130e-07 1.7594e-07 2.0291e-07 2.3217e-07 2.6364e-07 2.9711e-07 3.3226e-07 3.6855e-07 4.0528e-07 4.4143e-07 4.7572e-07 5.0652e-07 5.3185e-07 5.4952e-07 5.5713e-07 5.5243e-07 5.3353e-07 4.9945e-07 4.5052e-07 3.8881e-07 3.1834e-07 2.4475e-07 1.7455e-07 1.1380e-07 6.6639e-08 3.4315e-08 1.5150e-08 5.5613e-09 1.6362e-09 3.6900e-10 6.0456e-11 6.7419e-12 4.7287e-13 1.8949e-14 3.8586e-16 3.4599e-18 1.1462e-20 1.1307e-23 2.5455e-27 9.4116e-32 3.7988e-37 1.0063e-43 9.2583e-52 1.3303e-61 1.0891e-73 1.4158e-88 5.7415e-107 9.0429e-130 3.7845e-158 1.3051e-193 4.0124e-238 2.9001e-294 0.0000e+00 0.0000e+00 0.0000e+00 0.0000e+00 0.0000e+00 0.0000e+00 0.0000e+00 0.0000e+00 0.0000e+00 0.0000e+00 0.0000e+00 0.0000e+00 0.0000e+00 0.0000e+00 0.0000e+00 0.0000e+00 0.0000e+00 0.0000e+00 0.0000e+00 0.0000e+00 0.0000e+00 0.0000e+00 0.0000e+00 0.0000e+00 0.0000e+00 0.0000e+00 0.0000e+00 0.0000e+00 0.0000e+00 0.0000e+00 0.0000e+00 0.0000e+00
-1.6349e-10 -9.2574e-10 -2.5552e-09 -5.2571e-09 -9.2105e-09 -1.4581e-08 -2.1526e-08 1.2883e-06 -4.0764e-08 -5.3370e-08 -6.8177e-08 -8.5350e-08 -1.0505e-07 -1.2744e-07 -1.5268e-07 -1.8092e-07 -2.1228e-07 -2.4685e-07 -2.8469e-07 -3.2575e-07 -3.6991e-07 -4.1687e-07 -4.6618e-07 -5.1710e-07 -5.6863e-07 -6.1937e-07 -6.6748e-07 -7.1069e-07 -7.4625e-07 -7.7104e-07 -7.8174e-07 -7.7515e-07 -7.4866e-07 -7.0086e-07 -6.3221e-07 -5.4564e-07 -4.4676e-07 -3.4350e-07 -2.4500e-07 -1.5974e-07 -9.3551e-08 -4.8180e-08 -2.1274e-08 -7.8109e-09 -2.2985e-09 -5.1850e-10 -8.4976e-11 -9.4799e-12 -6.6521e-13 -2.6671e-14 -5.4345e-16 -4.8767e-18 -1.6171e-20 -1.5970e-23 -3.6004e-27 -1.3334e-31 -5.3930e-37 -1.4321e-43 -1.3216e-51 -1.9059e-61 -1.5674e-73 -2.0488e-88 -8.3650e-107 -1.3285e-129 -5.6176e-158 -1.9622e-193 -6.1293e-238 -4.5189e-294 0.0000e+00 0.0000e+00 0.0000e+00 0.0000e+00 0.0000e+00 0.0000e+00 0.0000e+00 0.0000e+00 0.0000e+00 0.0000e+00 0.0000e+00 0.0000e+00 0.0000e+00 0.0000e+00 0.0000e+00 0.0000e+00 0.0000e+00 0.0000e+00 0.0000e+00 0.0000e+00 0.0000e+00 0.0000e+00 0.0000e+00 0.0000e+00 0.0000e+00 0.0000e+00 0.0000e+00 0.0000e+00 0.0000e+00 0.0000e+00 0.0000e+00 0.0000e+00 1.6349e-10 9.2574e-10 2.5552e-09 5.2571e-09 9.2105e-09 1.4581e-08 2.1526e-08 0.0000e+00 4.0764e-08 5.3370e-08 6.8177e-08 8.5350e-08 1.0505e-07 1.2744e-07 1.5268e-07 1.8092e-07 2.1228e-07 2.4685e-07 2.8469e-07 3.2575e-07 3.6990e-07 4.1687e-07 4.6617e-07 5.1710e-07 5.6862e-07 6.1935e-07 6.6746e-07 7.1067e-07 7.4622e-07 7.7100e-07 7.8169e-07 7.7508e-07 7.4858e-07 7.0076e-07 6.3210e-07 5.4552e-07 4.4664e-07 3.4339e-07 2.4491e-07 1.5967e-07 9.3497e-08 4.8146e-08 2.1256e-08 7.8028e-09 2.2956e-09 5.1773e-10 8.4823e-11 9.4592e-12 6.6347e-13 2.6586e-14 5.4137e-16 4.8544e-18 1.6082e-20 1.5864e-23 3.5715e-27 1.3205e-31 5.3299e-37 1.4119e-43 1.2990e-51 1.8664e-61 1.5281e-73 1.9865e-88 8.0556e-107 1.2687e-129 5.3097e-158 1.8310e-193 5.6293e-238 4.0686e-294 0.0000e+00 0.0000e+00 0.0000e+00 0.0000e+00 0.0000e+00 0.0000e+00 0.0000e+00 0.0000e+00 0.0000e+00 0.0000e+00 0.0000e+00 0.0000e+00 0.0000e+00 0.0000e+00 0.0000e+00 0.0000e+00 0.0000e+00 0.0000e+00 0.0000e+00 0.0000e+00 0.0000e+00 0.0000e+00 0.0000e+00 0.0000e+00 0.0000e+00 0.0000e+00 0.0000e+00 0.0000e+00 0.0000e+00 0.0000e+00 0.0000e+00 0.0000e+00
-2.2067e-10 -1.2495e-09 -3.4487e-09 -7.0956e-09 -1.2432e-08 -1.9680e-08 -2.9054e-08 -4.0764e-08 2.6334e-06 -7.2034e-08 -9.2020e-08 -1.1520e-07 -1.4179e-07 -1.7201e-07 -2.0608e-07 -2.4419e-07 -2.8652e-07 -3.3319e-07 -3.8425e-07 -4.3967e-07 -4.9927e-07 -5.6266e-07 -6.2921e-07 -6.9795e-07 -7.6751e-07 -8.3599e-07 -9.0094e-07 -9.5927e-07 -1.0073e-06 -1.0408e-06 -1.0552e-06 -1.0463e-06 -1.0106e-06 -9.4609e-07 -8.5346e-07 -7.3662e-07 -6.0316e-07 -4.6378e-07 -3.3082e-07 -2.1572e-07 -1.2634e-07 -6.5077e-08 -2.8739e-08 -1.0554e-08 -3.1063e-09 -7.0093e-10 -1.1491e-10 -1.2824e-11 -9.0031e-13 -3.6117e-14 -7.3642e-16 -6.6138e-18 -2.1953e-20 -2.1706e-23 -4.9004e-27 -1.8180e-31 -7.3682e-37 -1.9616e-43 -1.8158e-51 -2.6283e-61 -2.1714e-73 -2.8541e-88 -1.1732e-106 -1.8786e-129 -8.0239e-158 -2.8373e-193 -8.9968e-238 -6.7551e-294 0.0000e+00 0.0000e+00 0.0000e+00 0.0000e+00 0.0000e+00 0.0000e+00 0.0000e+00 0.0000e+00 0.0000e+00 0.0000e+00 0.0000e+00 0.0000e+00 0.0000e+00 0.0000e+00 0.0000e+00 0.0000e+00 0.0000e+00 0.0000e+00 0.0000e+00 0.0000e+00 0.0000e+00 0.0000e+00 0.0000e+00 0.0000e+00 0.0000e+00 0.0000e+00 0.0000e+00 0.0000e+00 0.0000e+00 0.0000e+00 0.0000e+00 0.0000e+00 2.2067e-10 1.2495e-09 3.4487e-09 7.0956e-09 1.2432e-08 1.9680e-08 2.9054e-08 4.0764e-08 0.0000e+00 7.2034e-08 9.2020e-08 1.1520e-07 1.4179e-07 1.7201e-07 2.0608e-07 2.4419e-07 2.8652e-07 3.3318e-07 3.8425e-07 4.3967e-07 4.9927e-07 5.6265e-07 6.2920e-07 6.9794e-07 7.6748e-07 8.3595e-07 9.0089e-07 9.5920e-07 1.0072e-06 1.0406e-06 1.0551e-06 1.0461e-06 1.0104e-06 9.4583e-07 8.5316e-07 7.3630e-07 6.0284e-07 4.6348e-07 3.3056e-07 2.1551e-07 1.2619e-07 6.4984e-08 2.8689e-08 1.0532e-08 3.0984e-09 6.9879e-10 1.1449e-10 1.2767e-11 8.9549e-13 3.5884e-14 7.3070e-16 6.5520e-18 2.1706e-20 2.1412e-23 4.8205e-27 1.7823e-31 7.1938e-37 1.9056e-43 1.7532e-51 2.5191e-61 2.0624e-73 2.6811e-88 1.0872e-106 1.7123e-129 7.1658e-158 2.4709e-193 7.5959e-238 5.4893e-294 0.0000e+00 0.0000e+00 0.0000e+00 0.0000e+00 0.0000e+00 0.0000e+00 0.0000e+00 0.0000e+00 0.0000e+00 0.0000e+00 0.0000e+00 0.0000e+00 0.0000e+00 0.0000e+00 0.0000e+00 0.0000e+00 0.0000e+00 0.0000e+00 0.0000e+00 0.0000e+00 0.0000e+00 0.0000e+00 0.0000e+00 0.0000e+00 0.0000e+00 0.0000e+00 0.0000e+00 0.0000e+00 0.0000e+00 0.0000e+00 0.0000e+00 0.0000e+00
-2.8890e-10 -1.6359e-09 -4.5152e-09 -9.2897e-09 -1.6276e-08 -2.5765e-08 -3.8038e-08 -5.3370e-08 -7.2034e-08 5.0015e-06 -1.2048e-07 -1.5082e-07 -1.8563e-07 -2.2520e-07 -2.6980e-07 -3.1970e-07 -3.7512e-07 -4.3622e-07 -5.0307e-07 -5.7564e-07 -6.5366e-07 -7.3666e-07 -8.2379e-07 -9.1380e-07 -1.0049e-06 -1.0945e-06 -1.1796e-06 -1.2560e-06 -1.3189e-06 -1.3627e-06 -1.3817e-06 -1.3701e-06 -1.3234e-06 -1.2390e-06 -1.1177e-06 -9.6478e-07 -7.9005e-07 -6.0755e-07 -4.3342e-07 -2.8267e-07 -1.6559e-07 -8.5310e-08 -3.7684e-08 -1.3843e-08 -4.0761e-09 -9.2020e-10 -1.5094e-10 -1.6857e-11 -1.1844e-12 -4.7560e-14 -9.7089e-16 -8.7320e-18 -2.9033e-20 -2.8765e-23 -6.5103e-27 -2.4225e-31 -9.8535e-37 -2.6347e-43 -2.4516e-51 -3.5712e-61 -2.9730e-73 -3.9441e-88 -1.6394e-106 -2.6607e-129 -1.1549e-157 -4.1639e-193 -1.3513e-237 -1.0429e-293 0.0000e+00 0.0000e+00 0.0000e+00 0.0000e+00 0.0000e+00 0.0000e+00 0.0000e+00 0.0000e+00 0.0000e+00 0.0000e+00 0.0000e+00 0.0000e+00 0.0000e+00 0.0000e+00 0.0000e+00 0.0000e+00 0.0000e+00 0.0000e+00 0.0000e+00 0.0000e+00 0.0000e+00 0.0000e+00 0.0000e+00 0.0000e+00 0.0000e+00 0.0000e+00 0.0000e+00 0.0000e+00 0.0000e+00 0.0000e+00 0.0000e+00 0.0000e+00 2.8890e-10 1.6359e-09 4.5152e-09 9.2897e-09 1.6276e-08 2.5765e-08 3.8038e-08 5.3370e-08 7.2034e-08 0.0000e+00 1.2048e-07 1.5082e-07 1.8563e-07 2.2520e-07 2.6980e-07 3.1970e-07 3.7511e-07 4.3621e-07 5.0307e-07 5.7563e-07 6.5365e-07 7.3664e-07 8.2376e-07 9.1376e-07 1.0048e-06 1.0945e-06 1.1795e-06 1.2558e-06 1.3186e-06 1.3624e-06 1.3813e-06 1.3696e-06 1.3228e-06 1.2383e-06 1.1170e-06 9.6399e-07 7.8925e-07 6.0680e-07 4.3277e-07 2.8215e-07 1.6522e-07 8.5078e-08 3.7560e-08 1.3788e-08 4.0565e-09 9.1487e-10 1.4989e-10 1.6715e-11 1.1724e-12 4.6980e-14 9.5665e-16 8.5780e-18 2.8418e-20 2.8033e-23 6.3110e-27 2.3334e-31 9.4181e-37 2.4949e-43 2.2953e-51 3.2979e-61 2.6999e-73 3.5097e-88 1.4232e-106 2.2412e-129 9.3780e-158 3.2331e-193 9.9359e-238 7.1768e-294 0.0000e+00 0.0000e+00 0.0000e+00 0.0000e+00 0.0000e+00 0.0000e+00 0.0000e+00 0.0000e+00 0.0000e+00 0.0000e+00 0.0000e+00 0.0000e+00 0.0000e+00 0.0000e+00 0.0000e+00 0.0000e+00 0.0000e+00 0.0000e+00 0.0000e+00 0.0000e+00 0.0000e+00 0.0000e+00 0.0000e+00 0.0000e+00 0.0000e+00 0.0000e+00 0.0000e+00 0.0000e+00 0.0000e+00 0.0000e+00 0.0000e+00 0.0000e+00
-3.6906e-10 -2.0897e-09 -5.7680e-09 -1.1867e-08 -2.0792e-08 -3.2914e-08 -4.8592e-08 -6.8177e-08 -9.2020e-08 -1.2048e-07 8.9520e-06 -1.9267e-07 -2.3714e-07 -2.8769e-07 -3.4467e-07 -4.0841e-07 -4.7920e-07 -5.5725e-07 -6.4266e-07 -7.3536e-07 -8.3504e-07 -9.4107e-07 -1.0524e-06 -1.1674e-06 -1.2837e-06 -1.3983e-06 -1.5070e-06 -1.6046e-06 -1.6850e-06 -1.7411e-06 -1.7654e-06 -1.7507e-06 -1.6911e-06 -1.5834e-06 -1.4286e-06 -1.2333e-06 -1.0101e-06 -7.7688e-07 -5.5434e-07 -3.6162e-07 -2.1190e-07 -1.0921e-07 -4.8265e-08 -1.7740e-08 -5.2269e-09 -1.1809e-09 -1.9389e-10 -2.1678e-11 -1.5252e-12 -6.1344e-14 -1.2547e-15 -1.1311e-17 -3.7713e-20 -3.7491e-23 -8.5193e-27 -3.1854e-31 -1.3032e-36 -3.5089e-43 -3.2924e-51 -4.8440e-61 -4.0808e-73 -5.4909e-88 -2.3211e-106 -3.8428e-129 -1.7077e-157 -6.3281e-193 -2.1203e-237 -1.6980e-293 0.0000e+00 0.0000e+00 0.0000e+00 0.0000e+00 0.0000e+00 0.0000e+00 0.0000e+00 0.0000e+00 0.0000e+00 0.0000e+00 0.0000e+00 0.0000e+00 0.0000e+00 0.0000e+00 0.0000e+00 0.0000e+00 0.0000e+00 0.0000e+00 0.0000e+00 0.0000e+00 0.0000e+00 0.0000e+00 0.0000e+00 0.0000e+00 0.0000e+00 0.0000e+00 0.0000e+00 0.0000e+00 0.0000e+00 0.0000e+00 0.0000e+00 0.0000e+00 3.6906e-10 2.0897e-09 5.7680e-09 1.1867e-08 2.0792e-08 3.2914e-08 4.8592e-08 6.8177e-08 9.2020e-08 1.2048e-07 0.0000e+00 1.9267e-07 2.3714e-07 2.8769e-07 3.4466e-07 4.0840e-07 4.7919e-07 5.5724e-07 6.4265e-07 7.3534e-07 8.3501e-07 9.4103e-07 1.0523e-06 1.1673e-06 1.2836e-06 1.3981e-06 1.5067e-06 1.6042e-06 1.6845e-06 1.7404e-06 1.7646e-06 1.7497e-06 1.6898e-06 1.5819e-06 1.4269e-06 1.2315e-06 1.0082e-06 7.7517e-07 5.5285e-07 3.6043e-07 2.1106e-07 1.0868e-07 4.7982e-08 1.7614e-08 5.1821e-09 1.1687e-09 1.9148e-10 2.1353e-11 1.4977e-12 6.0015e-14 1.2221e-15 1.0958e-17 3.6302e-20 3.5810e-23 8.0619e-27 2.9807e-31 1.2031e-36 3.1868e-43 2.9319e-51 4.2123e-61 3.4483e-73 4.4820e-88 1.8171e-106 2.8609e-129 1.1966e-157 4.1227e-193 1.2657e-237 9.1282e-294 0.0000e+00 0.0000e+00 0.0000e+00 0.0000e+00 0.0000e+00 0.0000e+00 0.0000e+00 0.0000e+00 0.0000e+00 0.0000e+00 0.0000e+00 0.0000e+00 0.0000e+00 0.0000e+00 0.0000e+00 0.0000e+00 0.0000e+00 0.0000e+00 0.0000e+00 0.0000e+00 0.0000e+00 0.0000e+00 0.0000e+00 0.0000e+00 0.0000e+00 0.0000e+00 0.0000e+00 0.0000e+00 0.0000e+00 0.0000e+00 0.0000e+00 0.0000e+00
-4.6202e-10 -2.6161e-09 -7.2208e-09 -1.4856e-08 -2.6029e-08 -4.1204e-08 -6.0832e-08 -8.5350e-08 -1.1520e-07 -1.5082e-07 -1.9267e-07 1.5260e-05 -2.9687e-07 -3.6015e-07 -4.3148e-07 -5.1128e-07 -5.9990e-07 -6.9762e-07 -8.0455e-07 -9.2060e-07 -1.0454e-06 -1.1782e-06 -1.3175e-06 -1.4615e-06 -1.6072e-06 -1.7507e-06 -1.8868e-06 -2.0092e-06 -2.1099e-06 -2.1803e-06 -2.2109e-06 -2.1927e-06 -2.1182e-06 -1.9836e-06 -1.7899e-06 -1.5455e-06 -1.2661e-06 -9.7407e-07 -6.9529e-07 -4.5375e-07 -2.6603e-07 -1.3719e-07 -6.0672e-08 -2.2319e-08 -6.5830e-09 -1.4891e-09 -2.4486e-10 -2.7426e-11 -1.9337e-12 -7.7973e-14 -1.5997e-15 -1.4474e-17 -4.8469e-20 -4.8435e-23 -1.1075e-26 -4.1715e-31 -1.7217e-36 -4.6841e-43 -4.4495e-51 -6.6422e-61 -5.6921e-73 -7.8135e-88 -3.3804e-106 -5.7492e-129 -2.6348e-157 -1.0113e-192 -3.5260e-237 -2.9528e-293 0.0000e+00 0.0000e+00 0.0000e+00 0.0000e+00 0.0000e+00 0.0000e+00 0.0000e+00 0.0000e+00 0.0000e+00 0.0000e+00 0.0000e+00 0.0000e+00 0.0000e+00 0.0000e+00 0.0000e+00 0.0000e+00 0.0000e+00 0.0000e+00 0.0000e+00 0.0000e+00 0.0000e+00 0.0000e+00 0.0000e+00 0.0000e+00 0.0000e+00 0.0000e+00 0.0000e+00 0.0000e+00 0.0000e+00 0.0000e+00 0.0000e+00 0.0000e+00 4.6202e-10 2.6161e-09 7.2208e-09 1.4856e-08 2.6029e-08 4.1204e-08 6.0832e-08 8.5350e-08 1.1520e-07 1.5082e-07 1.9267e-07 0.0000e+00 2.9687e-07 3.6015e-07 4.3148e-07 5.1127e-07 5.9989e-07 6.9760e-07 8.0452e-07 9.2056e-07 1.0453e-06 1.1781e-06 1.3174e-06 1.4613e-06 1.6069e-06 1.7503e-06 1.8862e-06 2.0083e-06 2.1088e-06 2.1788e-06 2.2090e-06 2.1904e-06 2.1155e-06 1.9803e-06 1.7863e-06 1.5416e-06 1.2622e-06 9.7042e-07 6.9210e-07 4.5122e-07 2.6422e-07 1.3606e-07 6.0068e-08 2.2051e-08 6.4873e-09 1.4631e-09 2.3971e-10 2.6731e-11 1.8749e-12 7.5131e-14 1.5299e-15 1.3718e-17 4.5445e-20 4.4828e-23 1.0092e-26 3.7312e-31 1.5059e-36 3.9888e-43 3.6693e-51 5.2710e-61 4.3140e-73 5.6055e-88 2.2715e-106 3.5736e-129 1.4930e-157 5.1346e-193 1.5718e-237 1.1283e-293 0.0000e+00 0.0000e+00 0.0000e+00 0.0000e+00 0.0000e+00 0.0000e+00 0.0000e+00 0.0000e+00 0.0000e+00 0.0000e+00 0.0000e+00 0.0000e+00 0.0000e+00 0.0000e+00 0.0000e+00 0.0000e+00 0.0000e+00 0.0000e+00 0.0000e+00 0.0000e+00 0.0000e+00 0.0000e+00 0.0000e+00 0.0000e+00 0.0000e+00 0.0000e+00 0.0000e+00 0.0000e+00 0.0000e+00 0.0000e+00 0.0000e+00 0.0000e+00
-5.6867e-10 -3.2200e-09 -8.8875e-09 -1.8286e-08 -3.2037e-08 -5.0715e-08 -7.4873e-08 -1.0505e-07 -1.4179e-07 -1.8563e-07 -2.3714e-07 -2.9687e-07 2.4973e-05 -4.4328e-07 -5.3108e-07 -6.2930e-07 -7.3838e-07 -8.5866e-07 -9.9028e-07 -1.1331e-06 -1.2868e-06 -1.4502e-06 -1.6218e-06 -1.7990e-06 -1.9785e-06 -2.1552e-06 -2.3229e-06 -2.4736e-06 -2.5978e-06 -2.6847e-06 -2.7227e-06 -2.7006e-06 -2.6094e-06 -2.4440e-06 -2.2059e-06 -1.9053e-06 -1.5614e-06 -1.2018e-06 -8.5827e-07 -5.6047e-07 -3.2885e-07 -1.6974e-07 -7.5151e-08 -2.7682e-08 -8.1777e-09 -1.8534e-09 -3.0545e-10 -3.4304e-11 -2.4264e-12 -9.8218e-14 -2.0243e-15 -1.8414e-17 -6.2064e-20 -6.2495e-23 -1.4419e-26 -5.4891e-31 -2.2939e-36 -6.3327e-43 -6.1186e-51 -9.3154e-61 -8.1659e-73 -1.1504e-87 -5.1259e-106 -9.0124e-129 -4.2870e-157 -1.7151e-192 -6.2611e-237 -5.5165e-293 0.0000e+00 0.0000e+00 0.0000e+00 0.0000e+00 0.0000e+00 0.0000e+00 0.0000e+00 0.0000e+00 0.0000e+00 0.0000e+00 0.0000e+00 0.0000e+00 0.0000e+00 0.0000e+00 0.0000e+00 0.0000e+00 0.0000e+00 0.0000e+00 0.0000e+00 0.0000e+00 0.0000e+00 0.0000e+00 0.0000e+00 0.0000e+00 0.0000e+00 0.0000e+00 0.0000e+00 0.0000e+00 0.0000e+00 0.0000e+00 0.0000e+00 0.0000e+00 5.6867e-10 3.2200e-09 8.8875e-09 1.8286e-08 3.2037e-08 5.0715e-08 7.4873e-08 1.0505e-07 1.4179e-07 1.8563e-07 2.3714e-07 2.9687e-07 0.0000e+00 4.4328e-07 5.3107e-07 6.2929e-07 7.3836e-07 8.5863e-07 9.9022e-07 1.1330e-06 1.2866e-06 1.4500e-06 1.6215e-06 1.7986e-06 1.9778e-06 2.1543e-06 2.3216e-06 2.4719e-06 2.5955e-06 2.6817e-06 2.7189e-06 2.6959e-06 2.6037e-06 2.4374e-06 2.1986e-06 1.8975e-06 1.5535e-06 1.1944e-06 8.5185e-07 5.5537e-07 3.2521e-07 1.6747e-07 7.3932e-08 2.7140e-08 7.9847e-09 1.8008e-09 2.9503e-10 3.2901e-11 2.3076e-12 9.2471e-14 1.8829e-15 1.6883e-17 5.5930e-20 5.5170e-23 1.2419e-26 4.5913e-31 1.8528e-36 4.9069e-43 4.5128e-51 6.4803e-61 5.3009e-73 6.8821e-88 2.7852e-106 4.3730e-129 1.8212e-157 6.2322e-193 1.8924e-237 1.3401e-293 0.0000e+00 0.0000e+00 0.0000e+00 0.0000e+00 0.0000e+00 0.0000e+00 0.0000e+00 0.0000e+00 0.0000e+00 0.0000e+00 0.0000e+00 0.0000e+00 0.0000e+00 0.0000e+00 0.0000e+00 0.0000e+00 0.0000e+00 0.0000e+00 0.0000e+00 0.0000e+00 0.0000e+00 0.0000e+00 0.0000e+00 0.0000e+00 0.0000e+00 0.0000e+00 0.0000e+00 0.0000e+00 0.0000e+00 0.0000e+00 0.0000e+00 0.0000e+00
-6.8988e-10 -3.9063e-09 -1.0782e-08 -2.2183e-08 -3.8865e-08 -6.1525e-08 -9.0832e-08 -1.2744e-07 -1.7201e-07 -2.2520e-07 -2.8769e-07 -3.6015e-07 -4.4328e-07 3.9480e-05 -6.4428e-07 -7.6344e-07 -8.9578e-07 -1.0417e-06 -1.2014e-06 -1.3747e-06 -1.5611e-06 -1.7594e-06 -1.9677e-06 -2.1828e-06 -2.4006e-06 -2.6152e-06 -2.8189e-06 -3.0020e-06 -3.1531e-06 -3.2590e-06 -3.3057e-06 -3.2796e-06 -3.1696e-06 -2.9695e-06 -2.6813e-06 -2.3168e-06 -1.8997e-06 -1.4631e-06 -1.0458e-06 -6.8355e-07 -4.0151e-07 -2.0753e-07 -9.2032e-08 -3.3967e-08 -1.0058e-08 -2.2858e-09 -3.7795e-10 -4.2614e-11 -3.0283e-12 -1.2326e-13 -2.5571e-15 -2.3441e-17 -7.9726e-20 -8.1137e-23 -1.8953e-26 -7.3202e-31 -3.1105e-36 -8.7531e-43 -8.6443e-51 -1.3492e-60 -1.2163e-72 -1.7679e-87 -8.1565e-106 -1.4903e-128 -7.3958e-157 -3.0997e-192 -1.1909e-236 -1.1101e-292 0.0000e+00 0.0000e+00 0.0000e+00 0.0000e+00 0.0000e+00 0.0000e+00 0.0000e+00 0.0000e+00 0.0000e+00 0.0000e+00 0.0000e+00 0.0000e+00 0.0000e+00 0.0000e+00 0.0000e+00 0.0000e+00 0.0000e+00 0.0000e+00 0.0000e+00 0.0000e+00 0.0000e+00 0.0000e+00 0.0000e+00 0.0000e+00 0.0000e+00 0.0000e+00 0.0000e+00 0.0000e+00 0.0000e+00 0.0000e+00 0.0000e+00 0.0000e+00 6.8988e-10 3.9063e-09 1.0782e-08 2.2183e-08 3.8865e-08 6.1525e-08 9.0832e-08 1.2744e-07 1.7201e-07 2.2520e-07 2.8769e-07 3.6015e-07 4.4328e-07 0.0000e+00 6.4427e-07 7.6342e-07 8.9575e-07 1.0416e-06 1.2013e-06 1.3746e-06 1.5609e-06 1.7590e-06 1.9671e-06 2.1820e-06 2.3994e-06 2.6135e-06 2.8165e-06 2.9988e-06 3.1488e-06 3.2534e-06 3.2985e-06 3.2706e-06 3.1587e-06 2.9570e-06 2.6673e-06 2.3019e-06 1.8847e-06 1.4490e-06 1.0334e-06 6.7375e-07 3.9453e-07 2.0316e-07 8.9691e-08 3.2925e-08 9.6866e-09 2.1846e-09 3.5791e-10 3.9913e-11 2.7994e-12 1.1217e-13 2.2841e-15 2.0479e-17 6.7839e-20 6.6911e-23 1.5061e-26 5.5668e-31 2.2459e-36 5.9454e-43 5.4646e-51 7.8400e-61 6.4043e-73 8.2971e-88 3.3469e-106 5.2278e-129 2.1593e-157 7.2892e-193 2.1628e-237 1.4697e-293 0.0000e+00 0.0000e+00 0.0000e+00 0.0000e+00 0.0000e+00 0.0000e+00 0.0000e+00 0.0000e+00 0.0000e+00 0.0000e+00 0.0000e+00 0.0000e+00 0.0000e+00 0.0000e+00 0.0000e+00 0.0000e+00 0.0000e+00 0.0000e+00 0.0000e+00 0.0000e+00 0.0000e+00 0.0000e+00 0.0000e+00 0.0000e+00 0.0000e+00 0.0000e+00 0.0000e+00 0.0000e+00 0.0000e+00 0.0000e+00 0.0000e+00 0.0000e+00
-8.2651e-10 -4.6800e-09 -1.2917e-08 -2.6577e-08 -4.6563e-08 -7.3711e-08 -1.0882e-07 -1.5268e-07 -2.0608e-07 -2.6980e-07 -3.4467e-07 -4.3148e-07 -5.3108e-07 -6.4428e-07 6.0589e-05 -9.1466e-07 -1.0732e-06 -1.2481e-06 -1.4394e-06 -1.6471e-06 -1.8705e-06 -2.1081e-06 -2.3577e-06 -2.6157e-06 -2.8768e-06 -3.1342e-06 -3.3787e-06 -3.5987e-06 -3.7804e-06 -3.9081e-06 -3.9650e-06 -3.9349e-06 -3.8042e-06 -3.5657e-06 -3.2213e-06 -2.7853e-06 -2.2856e-06 -1.7620e-06 -1.2608e-06 -8.2523e-07 -4.8553e-07 -2.5145e-07 -1.1177e-07 -4.1366e-08 -1.2289e-08 -2.8040e-09 -4.6581e-10 -5.2810e-11 -3.7774e-12 -1.5493e-13 -3.2431e-15 -3.0043e-17 -1.0343e-19 -1.0675e-22 -2.5342e-26 -9.9702e-31 -4.3263e-36 -1.2466e-42 -1.2641e-50 -2.0319e-60 -1.8922e-72 -2.8505e-87 -1.3676e-105 -2.6079e-128 -1.3561e-156 -5.9831e-192 -2.4325e-236 -2.4147e-292 0.0000e+00 0.0000e+00 0.0000e+00 0.0000e+00 0.0000e+00 0.0000e+00 0.0000e+00 0.0000e+00 0.0000e+00 0.0000e+00 0.0000e+00 0.0000e+00 0.0000e+00 0.0000e+00 0.0000e+00 0.0000e+00 0.0000e+00 0.0000e+00 0.0000e+00 0.0000e+00 0.0000e+00 0.0000e+00 0.0000e+00 0.0000e+00 0.0000e+00 0.0000e+00 0.0000e+00 0.0000e+00 0.0000e+00 0.0000e+00 0.0000e+00 0.0000e+00 8.2651e-10 4.6800e-09 1.2917e-08 2.6577e-08 4.6563e-08 7.3711e-08 1.0882e-07 1.5268e-07 2.0608e-07 2.6980e-07 3.4466e-07 4.3148e-07 5.3107e-07 6.4427e-07 0.0000e+00 9.1462e-07 1.0732e-06 1.2479e-06 1.4392e-06 1.6468e-06 1.8700e-06 2.1074e-06 2.3567e-06 2.6141e-06 2.8746e-06 3.1311e-06 3.3743e-06 3.5927e-06 3.7724e-06 3.8977e-06 3.9517e-06 3.9183e-06 3.7843e-06 3.5426e-06 3.1955e-06 2.7578e-06 2.2579e-06 1.7360e-06 1.2381e-06 8.0718e-07 4.7266e-07 2.4340e-07 1.0745e-07 3.9446e-08 1.1605e-08 2.6172e-09 4.2878e-10 4.7815e-11 3.3535e-12 1.3437e-13 2.7359e-15 2.4528e-17 8.1241e-20 8.0114e-23 1.8027e-26 6.6605e-31 2.6855e-36 7.1025e-43 6.5189e-51 9.3325e-61 7.5984e-73 9.7936e-88 3.9185e-106 6.0403e-129 2.4402e-157 7.9244e-193 2.1863e-237 1.2730e-293 0.0000e+00 0.0000e+00 0.0000e+00 0.0000e+00 0.0000e+00 0.0000e+00 0.0000e+00 0.0000e+00 0.0000e+00 0.0000e+00 0.0000e+00 0.0000e+00 0.0000e+00 0.0000e+00 0.0000e+00 0.0000e+00 0.0000e+00 0.0000e+00 0.0000e+00 0.0000e+00 0.0000e+00 0.0000e+00 0.0000e+00 0.0000e+00 0.0000e+00 0.0000e+00 0.0000e+00 0.0000e+00 0.0000e+00 0.0000e+00 0.0000e+00 0.0000e+00
-9.7936e-10 -5.5455e-09 -1.5306e-08 -3.1492e-08 -5.5174e-08 -8.7343e-08 -1.2895e-07 -1.8092e-07 -2.4419e-07 -3.1970e-07 -4.0841e-07 -5.1128e-07 -6.2930e-07 -7.6344e-07 -9.1466e-07 9.0627e-05 -1.2717e-06 -1.4789e-06 -1.7057e-06 -1.9519e-06 -2.2167e-06 -2.4984e-06 -2.7944e-06 -3.1003e-06 -3.4102e-06 -3.7157e-06 -4.0061e-06 -4.2677e-06 -4.4842e-06 -4.6370e-06 -4.7061e-06 -4.6723e-06 -4.5195e-06 -4.2388e-06 -3.8322e-06 -3.3165e-06 -2.7245e-06 -2.1032e-06 -1.5073e-06 -9.8849e-07 -5.8292e-07 -3.0272e-07 -1.3500e-07 -5.0156e-08 -1.4969e-08 -3.4340e-09 -5.7412e-10 -6.5578e-11 -4.7319e-12 -1.9607e-13 -4.1527e-15 -3.8995e-17 -1.3635e-19 -1.4324e-22 -3.4691e-26 -1.3957e-30 -6.2095e-36 -1.8393e-42 -1.9227e-50 -3.1949e-60 -3.0851e-72 -4.8344e-87 -2.4211e-105 -4.8387e-128 -2.6491e-156 -1.2372e-191 -5.3590e-236 -5.7116e-292 0.0000e+00 0.0000e+00 0.0000e+00 0.0000e+00 0.0000e+00 0.0000e+00 0.0000e+00 0.0000e+00 0.0000e+00 0.0000e+00 0.0000e+00 0.0000e+00 0.0000e+00 0.0000e+00 0.0000e+00 0.0000e+00 0.0000e+00 0.0000e+00 0.0000e+00 0.0000e+00 0.0000e+00 0.0000e+00 0.0000e+00 0.0000e+00 0.0000e+00 0.0000e+00 0.0000e+00 0.0000e+00 0.0000e+00 0.0000e+00 0.0000e+00 0.0000e+00 9.7936e-10 5.5455e-09 1.5306e-08 3.1492e-08 5.5174e-08 8.7343e-08 1.2895e-07 1.8092e-07 2.4419e-07 3.1970e-07 4.0840e-07 5.1127e-07 6.2929e-07 7.6342e-07 9.1462e-07 0.0000e+00 1.2716e-06 1.4787e-06 1.7054e-06 1.9514e-06 2.2158e-06 2.4972e-06 2.7925e-06 3.0976e-06 3.4062e-06 3.7101e-06 3.9983e-06 4.2571e-06 4.4701e-06 4.6185e-06 4.6826e-06 4.6430e-06 4.4842e-06 4.1978e-06 3.7865e-06 3.2679e-06 2.6755e-06 2.0570e-06 1.4671e-06 9.5645e-07 5.6007e-07 2.8840e-07 1.2732e-07 4.6739e-08 1.3750e-08 3.1010e-09 5.0803e-10 5.6650e-11 3.9729e-12 1.5918e-13 3.2405e-15 2.9047e-17 9.6178e-20 9.4804e-23 2.1319e-26 7.8695e-31 3.1685e-36 8.3623e-43 7.6505e-51 1.0898e-60 8.8045e-73 1.1207e-87 4.3927e-106 6.5354e-129 2.4741e-157 7.0329e-193 1.3742e-237 -1.2562e-295 0.0000e+00 0.0000e+00 0.0000e+00 0.0000e+00 0.0000e+00 0.0000e+00 0.0000e+00 0.0000e+00 0.0000e+00 0.0000e+00 0.0000e+00 0.0000e+00 0.0000e+00 0.0000e+00 0.0000e+00 0.0000e+00 0.0000e+00 0.0000e+00 0.0000e+00 0.0000e+00 0.0000e+00 0.0000e+00 0.0000e+00 0.0000e+00 0.0000e+00 0.0000e+00 0.0000e+00 0.0000e+00 0.0000e+00 0.0000e+00 0.0000e+00 0.0000e+00
-1.1491e-09 -6.5067e-09 -1.7959e-08 -3.6950e-08 -6.4737e-08 -1.0248e-07 -1.5130e-07 -2.1228e-07 -2.8652e-07 -3.7512e-07 -4.7920e-07 -5.9990e-07 -7.3838e-07 -8.9578e-07 -1.0732e-06 -1.2717e-06 1.3255e-04 -1.7354e-06 -2.0015e-06 -2.2905e-06 -2.6013e-06 -2.9321e-06 -3.2797e-06 -3.6392e-06 -4.0034e-06 -4.3628e-06 -4.7047e-06 -5.0132e-06 -5.2692e-06 -5.4508e-06 -5.5347e-06 -5.4981e-06 -5.3220e-06 -4.9958e-06 -4.5214e-06 -3.9179e-06 -3.2234e-06 -2.4929e-06 -1.7906e-06 -1.1774e-06 -6.9648e-07 -3.6304e-07 -1.6262e-07 -6.0734e-08 -1.8238e-08 -4.2142e-09 -7.1050e-10 -8.1954e-11 -5.9807e-12 -2.5105e-13 -5.3966e-15 -5.1535e-17 -1.8364e-19 -1.9704e-22 -4.8858e-26 -2.0173e-30 -9.2336e-36 -2.8211e-42 -3.0499e-50 -5.2562e-60 -5.2804e-72 -8.6386e-87 -4.5348e-105 -9.5442e-128 -5.5334e-156 -2.7547e-191 -1.2819e-235 -1.4816e-291 0.0000e+00 0.0000e+00 0.0000e+00 0.0000e+00 0.0000e+00 0.0000e+00 0.0000e+00 0.0000e+00 0.0000e+00 0.0000e+00 0.0000e+00 0.0000e+00 0.0000e+00 0.0000e+00 0.0000e+00 0.0000e+00 0.0000e+00 0.0000e+00 0.0000e+00 0.0000e+00 0.0000e+00 0.0000e+00 0.0000e+00 0.0000e+00 0.0000e+00 0.0000e+00 0.0000e+00 0.0000e+00 0.0000e+00 0.0000e+00 0.0000e+00 0.0000e+00 1.1491e-09 6.5067e-09 1.7959e-08 3.6950e-08 6.4737e-08 1.0248e-07 1.5130e-07 2.1228e-07 2.8652e-07 3.7511e-07 4.7919e-07 5.9989e-07 7.3836e-07 8.9575e-07 1.0732e-06 1.2716e-06 0.0000e+00 1.7350e-06 2.0010e-06 2.2896e-06 2.5999e-06 2.9300e-06 3.2765e-06 3.6345e-06 3.9967e-06 4.3532e-06 4.6914e-06 4.9950e-06 5.2449e-06 5.4191e-06 5.4942e-06 5.4478e-06 5.2615e-06 4.9254e-06 4.4428e-06 3.8343e-06 3.1392e-06 2.4136e-06 1.7213e-06 1.1222e-06 6.5713e-07 3.3838e-07 1.4939e-07 5.4837e-08 1.6132e-08 3.6380e-09 5.9597e-10 6.6450e-11 4.6596e-12 1.8665e-13 3.7988e-15 3.4037e-17 1.1263e-19 1.1092e-22 2.4911e-26 9.1768e-31 3.6836e-36 9.6768e-43 8.7892e-51 1.2378e-60 9.8144e-73 1.2104e-87 4.4830e-106 5.9646e-129 1.7281e-157 1.3966e-193 -2.0707e-237 -4.8516e-293 0.0000e+00 0.0000e+00 0.0000e+00 0.0000e+00 0.0000e+00 0.0000e+00 0.0000e+00 0.0000e+00 0.0000e+00 0.0000e+00 0.0000e+00 0.0000e+00 0.0000e+00 0.0000e+00 0.0000e+00 0.0000e+00 0.0000e+00 0.0000e+00 0.0000e+00 0.0000e+00 0.0000e+00 0.0000e+00 0.0000e+00 0.0000e+00 0.0000e+00 0.0000e+00 0.0000e+00 0.0000e+00 0.0000e+00 0.0000e+00 0.0000e+00 0.0000e+00
