4.7193e-12 -6.0135e-12 -1.6598e-11 -3.4149e-11 -5.9830e-11 -9.4714e-11 -1.3983e-10 -1.9618e-10 -2.6477e-10 -3.4662e-10 -4.4273e-10 -5.5412e-10 -6.8179e-10 -8.2669e-10 -9.8967e-10 -1.1714e-09 -1.3724e-09 -1.5927e-09 -1.8317e-09 -2.0882e-09 -2.3597e-09 -2.6424e-09 -2.9307e-09 -3.2167e-09 -3.4900e-09 -3.7374e-09 -3.9426e-09 -4.0874e-09 -4.1519e-09 -4.1173e-09 -3.9685e-09 -3.6980e-09 -3.3100e-09 -2.8239e-09 -2.2751e-09 -1.7117e-09 -1.1867e-09 -7.4609e-10 -4.1729e-10 -2.0291e-10 -8.3450e-11 -2.8082e-11 -7.4309e-12 -1.4740e-12 -2.0691e-13 -1.9173e-14 -1.0782e-15 -3.3238e-17 -4.9641e-19 -3.0910e-21 -6.6812e-24 -4.0079e-27 -5.0718e-31 -9.6640e-36 -1.8297e-41 -2.0585e-48 -7.2689e-57 -3.6379e-67 -9.5456e-80 -3.7665e-95 -4.6242e-114 -2.3990e-137 -4.1360e-166 -9.1391e-202 -3.9165e-246 -1.4306e-301 -0.0000e+00 -0.0000e+00 -0.0000e+00 -0.0000e+00 -0.0000e+00 -0.0000e+00 -0.0000e+00 -0.0000e+00 -0.0000e+00 -0.0000e+00 -0.0000e+00 -0.0000e+00 -0.0000e+00 -0.0000e+00 -0.0000e+00 -0.0000e+00 -0.0000e+00 -0.0000e+00 -0.0000e+00 -0.0000e+00 -0.0000e+00 -0.0000e+00 -0.0000e+00 -0.0000e+00 -0.0000e+00 -0.0000e+00 -0.0000e+00 -0.0000e+00 -0.0000e+00 -0.0000e+00 -0.0000e+00 -0.0000e+00 -0.0000e+00 -0.0000e+00 0.0000e+00 -6.0135e-12 -1.6598e-11 -3.4149e-11 -5.9830e-11 -9.4714e-11 -1.3983e-10 -1.9618e-10 -2.6477e-10 -3.4662e-10 -4.4273e-10 -5.5412e-10 -6.8179e-10 -8.2669e-10 -9.8967e-10 -1.1714e-09 -1.3724e-09 -1.5927e-09 -1.8317e-09 -2.0882e-09 -2.3597e-09 -2.6424e-09 -2.9307e-09 -3.2167e-09 -3.4900e-09 -3.7374e-09 -3.9426e-09 -4.0874e-09 -4.1519e-09 -4.1173e-09 -3.9685e-09 -3.6980e-09 -3.3100e-09 -2.8239e-09 -2.2751e-09 -1.7117e-09 -1.1867e-09 -7.4609e-10 -4.1729e-10 -2.0291e-10 -8.3450e-11 -2.8082e-11 -7.4309e-12 -1.4740e-12 -2.0691e-13 -1.9173e-14 -1.0782e-15 -3.3238e-17 -4.9641e-19 -3.0910e-21 -6.6812e-24 -4.0079e-27 -5.0718e-31 -9.6640e-36 -1.8297e-41 -2.0585e-48 -7.2689e-57 -3.6379e-67 -9.5456e-80 -3.7665e-95 -4.6242e-114 -2.3990e-137 -4.1360e-166 -9.1391e-202 -3.9165e-246 -1.4306e-301 -0.0000e+00 -0.0000e+00 -0.0000e+00 -0.0000e+00 -0.0000e+00 -0.0000e+00 -0.0000e+00 -0.0000e+00 -0.0000e+00 -0.0000e+00 -0.0000e+00 -0.0000e+00 -0.0000e+00 -0.0000e+00 -0.0000e+00 -0.0000e+00 -0.0000e+00 -0.0000e+00 -0.0000e+00 -0.0000e+00 -0.0000e+00 -0.0000e+00 -0.0000e+00 -0.0000e+00 -0.0000e+00 -0.0000e+00 -0.0000e+00 -0.0000e+00 -0.0000e+00 -0.0000e+00 -0.0000e+00 -0.0000e+00 -0.0000e+00 -0.0000e+00
-6.0135e-12 3.0466e-10 -9.3984e-11 -1.9337e-10 -3.3878e-10 -5.3630e-10 -7.9175e-10 -1.1108e-09 -1.4992e-09 -1.9627e-09 -2.5069e-09 -3.1376e-09 -3.8605e-09 -4.6810e-09 -5.6039e-09 -6.6331e-09 -7.7712e-09 -9.0185e-09 -1.0372e-08 -1.1824e-08 -1.3361e-08 -1.4962e-08 -1.6595e-08 -1.8214e-08 -1.9762e-08 -2.1162e-08 -2.2325e-08 -2.3144e-08 -2.3510e-08 -2.3314e-08 -2.2471e-08 -2.0939e-08 -1.8742e-08 -1.5990e-08 -1.2882e-08 -9.6924e-09 -6.7196e-09 -4.2246e-09 -2.3628e-09 -1.1489e-09 -4.7252e-10 -1.5901e-10 -4.2076e-11 -8.3464e-12 -1.1716e-12 -1.0856e-13 -6.1051e-15 -1.8820e-16 -2.8109e-18 -1.7502e-20 -3.7831e-23 -2.2694e-26 -2.8718e-30 -5.4721e-35 -1.0360e-40 -1.1656e-47 -4.1159e-56 -2.0599e-66 -5.4051e-79 -2.1327e-94 -2.6184e-113 -1.3584e-136 -2.3420e-165 -5.1750e-201 -2.2177e-245 -8.1006e-301 -0.0000e+00 -0.0000e+00 -0.0000e+00 -0.0000e+00 -0.0000e+00 -0.0000e+00 -0.0000e+00 -0.0000e+00 -0.0000e+00 -0.0000e+00 -0.0000e+00 -0.0000e+00 -0.0000e+00 -0.0000e+00 -0.0000e+00 -0.0000e+00 -0.0000e+00 -0.0000e+00 -0.0000e+00 -0.0000e+00 -0.0000e+00 -0.0000e+00 -0.0000e+00 -0.0000e+00 -0.0000e+00 -0.0000e+00 -0.0000e+00 -0.0000e+00 -0.0000e+00 -0.0000e+00 -0.0000e+00 -0.0000e+00 -0.0000e+00 -0.0000e+00 -6.0135e-12 0.0000e+00 -9.3984e-11 -1.9337e-10 -3.3878e-10 -5.3630e-10 -7.9175e-10 -1.1108e-09 -1.4992e-09 -1.9627e-09 -2.5069e-09 -3.1376e-09 -3.8605e-09 -4.6810e-09 -5.6039e-09 -6.6331e-09 -7.7712e-09 -9.0185e-09 -1.0372e-08 -1.1824e-08 -1.3361e-08 -1.4962e-08 -1.6595e-08 -1.8214e-08 -1.9762e-08 -2.1162e-08 -2.2325e-08 -2.3144e-08 -2.3510e-08 -2.3314e-08 -2.2471e-08 -2.0939e-08 -1.8742e-08 -1.5990e-08 -1.2882e-08 -9.6924e-09 -6.7196e-09 -4.2246e-09 -2.3628e-09 -1.1489e-09 -4.7252e-10 -1.5901e-10 -4.2076e-11 -8.3464e-12 -1.1716e-12 -1.0856e-13 -6.1051e-15 -1.8820e-16 -2.8109e-18 -1.7502e-20 -3.7831e-23 -2.2694e-26 -2.8718e-30 -5.4721e-35 -1.0360e-40 -1.1656e-47 -4.1159e-56 -2.0599e-66 -5.4051e-79 -2.1327e-94 -2.6184e-113 -1.3584e-136 -2.3419e-165 -5.1749e-201 -2.2177e-245 -8.1004e-301 -0.0000e+00 -0.0000e+00 -0.0000e+00 -0.0000e+00 -0.0000e+00 -0.0000e+00 -0.0000e+00 -0.0000e+00 -0.0000e+00 -0.0000e+00 -0.0000e+00 -0.0000e+00 -0.0000e+00 -0.0000e+00 -0.0000e+00 -0.0000e+00 -0.0000e+00 -0.0000e+00 -0.0000e+00 -0.0000e+00 -0.0000e+00 -0.0000e+00 -0.0000e+00 -0.0000e+00 -0.0000e+00 -0.0000e+00 -0.0000e+00 -0.0000e+00 -0.0000e+00 -0.0000e+00 -0.0000e+00 -0.0000e+00 -0.0000e+00 -0.0000e+00
-1.6598e-11 -9.3984e-11 3.4745e-09 -5.3371e-10 -9.3507e-10 -1.4803e-09 -2.1853e-09 -3.0660e-09 -4.1381e-09 -5.4172e-09 -6.9193e-09 -8.6602e-09 -1.0656e-08 -1.2920e-08 -1.5467e-08 -1.8308e-08 -2.1450e-08 -2.4892e-08 -2.8628e-08 -3.2636e-08 -3.6879e-08 -4.1297e-08 -4.5803e-08 -5.0273e-08 -5.4545e-08 -5.8411e-08 -6.1619e-08 -6.3881e-08 -6.4889e-08 -6.4349e-08 -6.2023e-08 -5.7795e-08 -5.1732e-08 -4.4135e-08 -3.5557e-08 -2.6752e-08 -1.8547e-08 -1.1660e-08 -6.5217e-09 -3.1712e-09 -1.3042e-09 -4.3889e-10 -1.1614e-10 -2.3037e-11 -3.2338e-12 -2.9965e-13 -1.6851e-14 -5.1947e-16 -7.7584e-18 -4.8309e-20 -1.0442e-22 -6.2640e-26 -7.9268e-30 -1.5104e-34 -2.8597e-40 -3.2173e-47 -1.1361e-55 -5.6860e-66 -1.4920e-78 -5.8871e-94 -7.2280e-113 -3.7498e-136 -6.4652e-165 -1.4287e-200 -6.1227e-245 -2.2366e-300 -0.0000e+00 -0.0000e+00 -0.0000e+00 -0.0000e+00 -0.0000e+00 -0.0000e+00 -0.0000e+00 -0.0000e+00 -0.0000e+00 -0.0000e+00 -0.0000e+00 -0.0000e+00 -0.0000e+00 -0.0000e+00 -0.0000e+00 -0.0000e+00 -0.0000e+00 -0.0000e+00 -0.0000e+00 -0.0000e+00 -0.0000e+00 -0.0000e+00 -0.0000e+00 -0.0000e+00 -0.0000e+00 -0.0000e+00 -0.0000e+00 -0.0000e+00 -0.0000e+00 -0.0000e+00 -0.0000e+00 -0.0000e+00 -0.0000e+00 -0.0000e+00 -1.6598e-11 -9.3984e-11 0.0000e+00 -5.3371e-10 -9.3507e-10 -1.4803e-09 -2.1853e-09 -3.0660e-09 -4.1381e-09 -5.4172e-09 -6.9193e-09 -8.6602e-09 -1.0656e-08 -1.2920e-08 -1.5467e-08 -1.8308e-08 -2.1450e-08 -2.4892e-08 -2.8628e-08 -3.2636e-08 -3.6879e-08 -4.1297e-08 -4.5803e-08 -5.0273e-08 -5.4545e-08 -5.8411e-08 -6.1619e-08 -6.3881e-08 -6.4889e-08 -6.4349e-08 -6.2023e-08 -5.7795e-08 -5.1732e-08 -4.4135e-08 -3.5557e-08 -2.6752e-08 -1.8547e-08 -1.1660e-08 -6.5217e-09 -3.1712e-09 -1.3042e-09 -4.3889e-10 -1.1614e-10 -2.3037e-11 -3.2338e-12 -2.9964e-13 -1.6851e-14 -5.1947e-16 -7.7584e-18 -4.8308e-20 -1.0442e-22 -6.2639e-26 -7.9266e-30 -1.5104e-34 -2.8597e-40 -3.2172e-47 -1.1361e-55 -5.6857e-66 -1.4919e-78 -5.8867e-94 -7.2274e-113 -3.7495e-136 -6.4644e-165 -1.4284e-200 -6.1216e-245 -2.2361e-300 -0.0000e+00 -0.0000e+00 -0.0000e+00 -0.0000e+00 -0.0000e+00 -0.0000e+00 -0.0000e+00 -0.0000e+00 -0.0000e+00 -0.0000e+00 -0.0000e+00 -0.0000e+00 -0.0000e+00 -0.0000e+00 -0.0000e+00 -0.0000e+00 -0.0000e+00 -0.0000e+00 -0.0000e+00 -0.0000e+00 -0.0000e+00 -0.0000e+00 -0.0000e+00 -0.0000e+00 -0.0000e+00 -0.0000e+00 -0.0000e+00 -0.0000e+00 -0.0000e+00 -0.0000e+00 -0.0000e+00 -0.0000e+00 -0.0000e+00 -0.0000e+00
-3.4149e-11 -1.9337e-10 -5.3371e-10 1.9587e-08 -1.9239e-09 -3.0455e-09 -4.4962e-09 -6.3082e-09 -8.5139e-09 -1.1146e-08 -1.4236e-08 -1.7818e-08 -2.1923e-08 -2.6582e-08 -3.1823e-08 -3.7668e-08 -4.4131e-08 -5.1214e-08 -5.8900e-08 -6.7146e-08 -7.5876e-08 -8.4967e-08 -9.4237e-08 -1.0343e-07 -1.1222e-07 -1.2018e-07 -1.2678e-07 -1.3143e-07 -1.3351e-07 -1.3239e-07 -1.2761e-07 -1.1891e-07 -1.0644e-07 -9.0805e-08 -7.3157e-08 -5.5041e-08 -3.8159e-08 -2.3991e-08 -1.3418e-08 -6.5247e-09 -2.6834e-09 -9.0300e-10 -2.3895e-10 -4.7399e-11 -6.6535e-12 -6.1652e-13 -3.4671e-14 -1.0688e-15 -1.5963e-17 -9.9400e-20 -2.1486e-22 -1.2889e-25 -1.6311e-29 -3.1081e-34 -5.8848e-40 -6.6209e-47 -2.3381e-55 -1.1702e-65 -3.0709e-78 -1.2118e-93 -1.4880e-112 -7.7206e-136 -1.3314e-164 -2.9426e-200 -1.2614e-244 -4.6091e-300 -0.0000e+00 -0.0000e+00 -0.0000e+00 -0.0000e+00 -0.0000e+00 -0.0000e+00 -0.0000e+00 -0.0000e+00 -0.0000e+00 -0.0000e+00 -0.0000e+00 -0.0000e+00 -0.0000e+00 -0.0000e+00 -0.0000e+00 -0.0000e+00 -0.0000e+00 -0.0000e+00 -0.0000e+00 -0.0000e+00 -0.0000e+00 -0.0000e+00 -0.0000e+00 -0.0000e+00 -0.0000e+00 -0.0000e+00 -0.0000e+00 -0.0000e+00 -0.0000e+00 -0.0000e+00 -0.0000e+00 -0.0000e+00 -0.0000e+00 -0.0000e+00 -3.4149e-11 -1.9337e-10 -5.3371e-10 0.0000e+00 -1.9239e-09 -3.0455e-09 -4.4962e-09 -6.3082e-09 -8.5139e-09 -1.1146e-08 -1.4236e-08 -1.7818e-08 -2.1923e-08 -2.6582e-08 -3.1823e-08 -3.7668e-08 -4.4131e-08 -5.1214e-08 -5.8900e-08 -6.7146e-08 -7.5876e-08 -8.4967e-08 -9.4237e-08 -1.0343e-07 -1.1222e-07 -1.2018e-07 -1.2678e-07 -1.3143e-07 -1.3351e-07 -1.3239e-07 -1.2761e-07 -1.1891e-07 -1.0643e-07 -9.0805e-08 -7.3157e-08 -5.5041e-08 -3.8159e-08 -2.3991e-08 -1.3418e-08 -6.5247e-09 -2.6834e-09 -9.0299e-10 -2.3895e-10 -4.7398e-11 -6.6533e-12 -6.1651e-13 -3.4670e-14 -1.0688e-15 -1.5963e-17 -9.9394e-20 -2.1484e-22 -1.2888e-25 -1.6309e-29 -3.1077e-34 -5.8839e-40 -6.6197e-47 -2.3376e-55 -1.1699e-65 -3.0699e-78 -1.2114e-93 -1.4873e-112 -7.7162e-136 -1.3304e-164 -2.9400e-200 -1.2600e-244 -4.6031e-300 -0.0000e+00 -0.0000e+00 -0.0000e+00 -0.0000e+00 -0.0000e+00 -0.0000e+00 -0.0000e+00 -0.0000e+00 -0.0000e+00 -0.0000e+00 -0.0000e+00 -0.0000e+00 -0.0000e+00 -0.0000e+00 -0.0000e+00 -0.0000e+00 -0.0000e+00 -0.0000e+00 -0.0000e+00 -0.0000e+00 -0.0000e+00 -0.0000e+00 -0.0000e+00 -0.0000e+00 -0.0000e+00 -0.0000e+00 -0.0000e+00 -0.0000e+00 -0.0000e+00 -0.0000e+00 -0.0000e+00 -0.0000e+00 -0.0000e+00 -0.0000e+00
-5.9830e-11 -3.3878e-10 -9.3507e-10 -1.9239e-09 7.5047e-08 -5.3358e-09 -7.8774e-09 -1.1052e-08 -1.4916e-08 -1.9527e-08 -2.4942e-08 -3.1217e-08 -3.8410e-08 -4.6572e-08 -5.5754e-08 -6.5995e-08 -7.7318e-08 -8.9727e-08 -1.0319e-07 -1.1764e-07 -1.3294e-07 -1.4886e-07 -1.6510e-07 -1.8122e-07 -1.9662e-07 -2.1055e-07 -2.2211e-07 -2.3027e-07 -2.3390e-07 -2.3196e-07 -2.2357e-07 -2.0833e-07 -1.8648e-07 -1.5909e-07 -1.2817e-07 -9.6435e-08 -6.6857e-08 -4.2033e-08 -2.3509e-08 -1.1432e-08 -4.7015e-09 -1.5821e-09 -4.1867e-10 -8.3050e-11 -1.1658e-11 -1.0803e-12 -6.0753e-14 -1.8729e-15 -2.7974e-17 -1.7419e-19 -3.7655e-22 -2.2590e-25 -2.8590e-29 -5.4482e-34 -1.0317e-39 -1.1609e-46 -4.1002e-55 -2.0526e-65 -5.3876e-78 -2.1267e-93 -2.6123e-112 -1.3560e-135 -2.3396e-164 -5.1744e-200 -2.2200e-244 -8.1205e-300 -0.0000e+00 -0.0000e+00 -0.0000e+00 -0.0000e+00 -0.0000e+00 -0.0000e+00 -0.0000e+00 -0.0000e+00 -0.0000e+00 -0.0000e+00 -0.0000e+00 -0.0000e+00 -0.0000e+00 -0.0000e+00 -0.0000e+00 -0.0000e+00 -0.0000e+00 -0.0000e+00 -0.0000e+00 -0.0000e+00 -0.0000e+00 -0.0000e+00 -0.0000e+00 -0.0000e+00 -0.0000e+00 -0.0000e+00 -0.0000e+00 -0.0000e+00 -0.0000e+00 -0.0000e+00 -0.0000e+00 -0.0000e+00 -0.0000e+00 -0.0000e+00 -5.9830e-11 -3.3878e-10 -9.3507e-10 -1.9239e-09 0.0000e+00 -5.3358e-09 -7.8774e-09 -1.1052e-08 -1.4916e-08 -1.9527e-08 -2.4942e-08 -3.1217e-08 -3.8410e-08 -4.6572e-08 -5.5754e-08 -6.5995e-08 -7.7318e-08 -8.9727e-08 -1.0319e-07 -1.1764e-07 -1.3294e-07 -1.4886e-07 -1.6510e-07 -1.8122e-07 -1.9662e-07 -2.1055e-07 -2.2211e-07 -2.3027e-07 -2.3390e-07 -2.3196e-07 -2.2357e-07 -2.0833e-07 -1.8648e-07 -1.5909e-07 -1.2817e-07 -9.6433e-08 -6.6856e-08 -4.2032e-08 -2.3509e-08 -1.1431e-08 -4.7013e-09 -1.5821e-09 -4.1864e-10 -8.3044e-11 -1.1657e-11 -1.0802e-12 -6.0745e-14 -1.8726e-15 -2.7969e-17 -1.7415e-19 -3.7645e-22 -2.2583e-25 -2.8578e-29 -5.4456e-34 -1.0311e-39 -1.1601e-46 -4.0967e-55 -2.0505e-65 -5.3810e-78 -2.1235e-93 -2.6075e-112 -1.3530e-135 -2.3332e-164 -5.1572e-200 -2.2109e-244 -8.0797e-300 -0.0000e+00 -0.0000e+00 -0.0000e+00 -0.0000e+00 -0.0000e+00 -0.0000e+00 -0.0000e+00 -0.0000e+00 -0.0000e+00 -0.0000e+00 -0.0000e+00 -0.0000e+00 -0.0000e+00 -0.0000e+00 -0.0000e+00 -0.0000e+00 -0.0000e+00 -0.0000e+00 -0.0000e+00 -0.0000e+00 -0.0000e+00 -0.0000e+00 -0.0000e+00 -0.0000e+00 -0.0000e+00 -0.0000e+00 -0.0000e+00 -0.0000e+00 -0.0000e+00 -0.0000e+00 -0.0000e+00 -0.0000e+00 -0.0000e+00 -0.0000e+00
-9.4714e-11 -5.3630e-10 -1.4803e-09 -3.0455e-09 -5.3358e-09 2.2529e-07 -1.2470e-08 -1.7496e-08 -2.3613e-08 -3.0913e-08 -3.9484e-08 -4.9418e-08 -6.0804e-08 -7.3726e-08 -8.8262e-08 -1.0447e-07 -1.2240e-07 -1.4204e-07 -1.6336e-07 -1.8623e-07 -2.1044e-07 -2.3566e-07 -2.6137e-07 -2.8688e-07 -3.1125e-07 -3.3331e-07 -3.5162e-07 -3.6453e-07 -3.7028e-07 -3.6720e-07 -3.5393e-07 -3.2981e-07 -2.9521e-07 -2.5186e-07 -2.0291e-07 -1.5267e-07 -1.0584e-07 -6.6545e-08 -3.7219e-08 -1.8099e-08 -7.4436e-09 -2.5050e-09 -6.6289e-10 -1.3150e-10 -1.8460e-11 -1.7107e-12 -9.6212e-14 -2.9663e-15 -4.4309e-17 -2.7594e-19 -5.9658e-22 -3.5797e-25 -4.5312e-29 -8.6372e-34 -1.6360e-39 -1.8416e-46 -6.5072e-55 -3.2593e-65 -8.5606e-78 -3.3818e-93 -4.1580e-112 -2.1610e-135 -3.7339e-164 -8.2734e-200 -3.5576e-244 -1.3050e-299 -0.0000e+00 -0.0000e+00 -0.0000e+00 -0.0000e+00 -0.0000e+00 -0.0000e+00 -0.0000e+00 -0.0000e+00 -0.0000e+00 -0.0000e+00 -0.0000e+00 -0.0000e+00 -0.0000e+00 -0.0000e+00 -0.0000e+00 -0.0000e+00 -0.0000e+00 -0.0000e+00 -0.0000e+00 -0.0000e+00 -0.0000e+00 -0.0000e+00 -0.0000e+00 -0.0000e+00 -0.0000e+00 -0.0000e+00 -0.0000e+00 -0.0000e+00 -0.0000e+00 -0.0000e+00 -0.0000e+00 -0.0000e+00 -0.0000e+00 -0.0000e+00 -9.4714e-11 -5.3630e-10 -1.4803e-09 -3.0455e-09 -5.3358e-09 0.0000e+00 -1.2470e-08 -1.7496e-08 -2.3613e-08 -3.0913e-08 -3.9484e-08 -4.9418e-08 -6.0804e-08 -7.3726e-08 -8.8262e-08 -1.0447e-07 -1.2240e-07 -1.4204e-07 -1.6336e-07 -1.8623e-07 -2.1044e-07 -2.3566e-07 -2.6137e-07 -2.8688e-07 -3.1125e-07 -3.3331e-07 -3.5162e-07 -3.6452e-07 -3.7028e-07 -3.6720e-07 -3.5393e-07 -3.2980e-07 -2.9520e-07 -2.5185e-07 -2.0290e-07 -1.5266e-07 -1.0584e-07 -6.6540e-08 -3.7216e-08 -1.8097e-08 -7.4427e-09 -2.5046e-09 -6.6277e-10 -1.3147e-10 -1.8455e-11 -1.7101e-12 -9.6175e-14 -2.9649e-15 -4.4284e-17 -2.7575e-19 -5.9609e-22 -3.5761e-25 -4.5258e-29 -8.6248e-34 -1.6332e-39 -1.8377e-46 -6.4908e-55 -3.2493e-65 -8.5289e-78 -3.3666e-93 -4.1353e-112 -2.1466e-135 -3.7037e-164 -8.1914e-200 -3.5144e-244 -1.2855e-299 -0.0000e+00 -0.0000e+00 -0.0000e+00 -0.0000e+00 -0.0000e+00 -0.0000e+00 -0.0000e+00 -0.0000e+00 -0.0000e+00 -0.0000e+00 -0.0000e+00 -0.0000e+00 -0.0000e+00 -0.0000e+00 -0.0000e+00 -0.0000e+00 -0.0000e+00 -0.0000e+00 -0.0000e+00 -0.0000e+00 -0.0000e+00 -0.0000e+00 -0.0000e+00 -0.0000e+00 -0.0000e+00 -0.0000e+00 -0.0000e+00 -0.0000e+00 -0.0000e+00 -0.0000e+00 -0.0000e+00 -0.0000e+00 -0.0000e+00 -0.0000e+00
-1.3983e-10 -7.9175e-10 -2.1853e-09 -4.4962e-09 -7.8774e-09 -1.2470e-08 5.7170e-07 -2.5829e-08 -3.4861e-08 -4.5637e-08 -5.8291e-08 -7.2957e-08 -8.9766e-08 -1.0884e-07 -1.3030e-07 -1.5423e-07 -1.8070e-07 -2.0970e-07 -2.4117e-07 -2.7494e-07 -3.1068e-07 -3.4791e-07 -3.8586e-07 -4.2352e-07 -4.5951e-07 -4.9208e-07 -5.1911e-07 -5.3817e-07 -5.4667e-07 -5.4212e-07 -5.2254e-07 -4.8692e-07 -4.3584e-07 -3.7185e-07 -2.9959e-07 -2.2541e-07 -1.5628e-07 -9.8257e-08 -5.4958e-08 -2.6726e-08 -1.0992e-08 -3.6994e-09 -9.7905e-10 -1.9424e-10 -2.7270e-11 -2.5274e-12 -1.4217e-13 -4.3840e-15 -6.5499e-17 -4.0802e-19 -8.8241e-22 -5.2968e-25 -6.7079e-29 -1.2793e-33 -2.4250e-39 -2.7319e-46 -9.6628e-55 -4.8457e-65 -1.2746e-77 -5.0445e-93 -6.2161e-112 -3.2394e-135 -5.6160e-164 -1.2495e-199 -5.4003e-244 -1.9935e-299 -0.0000e+00 -0.0000e+00 -0.0000e+00 -0.0000e+00 -0.0000e+00 -0.0000e+00 -0.0000e+00 -0.0000e+00 -0.0000e+00 -0.0000e+00 -0.0000e+00 -0.0000e+00 -0.0000e+00 -0.0000e+00 -0.0000e+00 -0.0000e+00 -0.0000e+00 -0.0000e+00 -0.0000e+00 -0.0000e+00 -0.0000e+00 -0.0000e+00 -0.0000e+00 -0.0000e+00 -0.0000e+00 -0.0000e+00 -0.0000e+00 -0.0000e+00 -0.0000e+00 -0.0000e+00 -0.0000e+00 -0.0000e+00 -0.0000e+00 -0.0000e+00 -1.3983e-10 -7.9175e-10 -2.1853e-09 -4.4962e-09 -7.8774e-09 -1.2470e-08 0.0000e+00 -2.5829e-08 -3.4861e-08 -4.5637e-08 -5.8291e-08 -7.2957e-08 -8.9766e-08 -1.0884e-07 -1.3030e-07 -1.5423e-07 -1.8070e-07 -2.0970e-07 -2.4117e-07 -2.7494e-07 -3.1068e-07 -3.4790e-07 -3.8586e-07 -4.2352e-07 -4.5951e-07 -4.9207e-07 -5.1910e-07 -5.3816e-07 -5.4666e-07 -5.4211e-07 -5.2252e-07 -4.8690e-07 -4.3582e-07 -3.7182e-07 -2.9956e-07 -2.2538e-07 -1.5626e-07 -9.8240e-08 -5.4947e-08 -2.6719e-08 -1.0989e-08 -3.6980e-09 -9.7860e-10 -1.9413e-10 -2.7251e-11 -2.5253e-12 -1.4203e-13 -4.3788e-15 -6.5406e-17 -4.0732e-19 -8.8058e-22 -5.2835e-25 -6.6877e-29 -1.2747e-33 -2.4143e-39 -2.7174e-46 -9.6012e-55 -4.8084e-65 -1.2627e-77 -4.9875e-93 -6.1309e-112 -3.1854e-135 -5.5022e-164 -1.2186e-199 -5.2375e-244 -1.9200e-299 -0.0000e+00 -0.0000e+00 -0.0000e+00 -0.0000e+00 -0.0000e+00 -0.0000e+00 -0.0000e+00 -0.0000e+00 -0.0000e+00 -0.0000e+00 -0.0000e+00 -0.0000e+00 -0.0000e+00 -0.0000e+00 -0.0000e+00 -0.0000e+00 -0.0000e+00 -0.0000e+00 -0.0000e+00 -0.0000e+00 -0.0000e+00 -0.0000e+00 -0.0000e+00 -0.0000e+00 -0.0000e+00 -0.0000e+00 -0.0000e+00 -0.0000e+00 -0.0000e+00 -0.0000e+00 -0.0000e+00 -0.0000e+00 -0.0000e+00 -0.0000e+00
-1.9618e-10 -1.1108e-09 -3.0660e-09 -6.3082e-09 -1.1052e-08 -1.7496e-08 -2.5829e-08 1.2832e-06 -4.8910e-08 -6.4029e-08 -8.1783e-08 -1.0236e-07 -1.2594e-07 -1.5271e-07 -1.8282e-07 -2.1639e-07 -2.5352e-07 -2.9421e-07 -3.3837e-07 -3.8574e-07 -4.3589e-07 -4.8812e-07 -5.4138e-07 -5.9422e-07 -6.4471e-07 -6.9041e-07 -7.2834e-07 -7.5509e-07 -7.6702e-07 -7.6065e-07 -7.3318e-07 -6.8322e-07 -6.1157e-07 -5.2178e-07 -4.2040e-07 -3.1632e-07 -2.1932e-07 -1.3790e-07 -7.7138e-08 -3.7515e-08 -1.5431e-08 -5.1940e-09 -1.3748e-09 -2.7280e-10 -3.8308e-11 -3.5514e-12 -1.9983e-13 -6.1644e-15 -9.2142e-17 -5.7430e-19 -1.2428e-21 -7.4662e-25 -9.4643e-29 -1.8071e-33 -3.4301e-39 -3.8707e-46 -1.3719e-54 -6.8969e-65 -1.8196e-77 -7.2278e-93 -8.9462e-112 -4.6876e-135 -8.1810e-164 -1.8351e-199 -8.0106e-244 -2.9935e-299 -0.0000e+00 -0.0000e+00 -0.0000e+00 -0.0000e+00 -0.0000e+00 -0.0000e+00 -0.0000e+00 -0.0000e+00 -0.0000e+00 -0.0000e+00 -0.0000e+00 -0.0000e+00 -0.0000e+00 -0.0000e+00 -0.0000e+00 -0.0000e+00 -0.0000e+00 -0.0000e+00 -0.0000e+00 -0.0000e+00 -0.0000e+00 -0.0000e+00 -0.0000e+00 -0.0000e+00 -0.0000e+00 -0.0000e+00 -0.0000e+00 -0.0000e+00 -0.0000e+00 -0.0000e+00 -0.0000e+00 -0.0000e+00 -0.0000e+00 -0.0000e+00 -1.9618e-10 -1.1108e-09 -3.0660e-09 -6.3082e-09 -1.1052e-08 -1.7496e-08 -2.5829e-08 0.0000e+00 -4.8910e-08 -6.4029e-08 -8.1783e-08 -1.0236e-07 -1.2594e-07 -1.5271e-07 -1.8282e-07 -2.1639e-07 -2.5352e-07 -2.9421e-07 -3.3837e-07 -3.8574e-07 -4.3589e-07 -4.8812e-07 -5.4137e-07 -5.9421e-07 -6.4470e-07 -6.9039e-07 -7.2831e-07 -7.5505e-07 -7.6698e-07 -7.6060e-07 -7.3312e-07 -6.8315e-07 -6.1148e-07 -5.2169e-07 -4.2031e-07 -3.1624e-07 -2.1925e-07 -1.3785e-07 -7.7101e-08 -3.7493e-08 -1.5421e-08 -5.1896e-09 -1.3734e-09 -2.7246e-10 -3.8250e-11 -3.5449e-12 -1.9939e-13 -6.1480e-15 -9.1847e-17 -5.7208e-19 -1.2371e-21 -7.4245e-25 -9.4006e-29 -1.7925e-33 -3.3966e-39 -3.8252e-46 -1.3524e-54 -6.7789e-65 -1.7820e-77 -7.0474e-93 -8.6763e-112 -4.5165e-135 -7.8195e-164 -1.7369e-199 -7.4913e-244 -2.7584e-299 -0.0000e+00 -0.0000e+00 -0.0000e+00 -0.0000e+00 -0.0000e+00 -0.0000e+00 -0.0000e+00 -0.0000e+00 -0.0000e+00 -0.0000e+00 -0.0000e+00 -0.0000e+00 -0.0000e+00 -0.0000e+00 -0.0000e+00 -0.0000e+00 -0.0000e+00 -0.0000e+00 -0.0000e+00 -0.0000e+00 -0.0000e+00 -0.0000e+00 -0.0000e+00 -0.0000e+00 -0.0000e+00 -0.0000e+00 -0.0000e+00 -0.0000e+00 -0.0000e+00 -0.0000e+00 -0.0000e+00 -0.0000e+00 -0.0000e+00 -0.0000e+00
-2.6477e-10 -1.4992e-09 -4.1381e-09 -8.5139e-09 -1.4916e-08 -2.3613e-08 -3.4861e-08 -4.8910e-08 2.6230e-06 -8.6417e-08 -1.1038e-07 -1.3815e-07 -1.6998e-07 -2.0610e-07 -2.4674e-07 -2.9206e-07 -3.4217e-07 -3.9709e-07 -4.5668e-07 -5.2062e-07 -5.8831e-07 -6.5880e-07 -7.3069e-07 -8.0201e-07 -8.7016e-07 -9.3185e-07 -9.8305e-07 -1.0192e-06 -1.0353e-06 -1.0267e-06 -9.8967e-07 -9.2227e-07 -8.2558e-07 -7.0441e-07 -5.6758e-07 -4.2709e-07 -2.9615e-07 -1.8623e-07 -1.0419e-07 -5.0678e-08 -2.0850e-08 -7.0195e-09 -1.8585e-09 -3.6891e-10 -5.1825e-11 -4.8068e-12 -2.7063e-13 -8.3544e-15 -1.2498e-16 -7.7979e-19 -1.6896e-21 -1.0165e-24 -1.2909e-28 -2.4701e-33 -4.7006e-39 -5.3210e-46 -1.8930e-54 -9.5601e-65 -2.5362e-77 -1.0141e-92 -1.2654e-111 -6.6954e-135 -1.1824e-163 -2.6903e-199 -1.1949e-243 -4.5590e-299 -0.0000e+00 -0.0000e+00 -0.0000e+00 -0.0000e+00 -0.0000e+00 -0.0000e+00 -0.0000e+00 -0.0000e+00 -0.0000e+00 -0.0000e+00 -0.0000e+00 -0.0000e+00 -0.0000e+00 -0.0000e+00 -0.0000e+00 -0.0000e+00 -0.0000e+00 -0.0000e+00 -0.0000e+00 -0.0000e+00 -0.0000e+00 -0.0000e+00 -0.0000e+00 -0.0000e+00 -0.0000e+00 -0.0000e+00 -0.0000e+00 -0.0000e+00 -0.0000e+00 -0.0000e+00 -0.0000e+00 -0.0000e+00 -0.0000e+00 -0.0000e+00 -2.6477e-10 -1.4992e-09 -4.1381e-09 -8.5139e-09 -1.4916e-08 -2.3613e-08 -3.4861e-08 -4.8910e-08 0.0000e+00 -8.6417e-08 -1.1038e-07 -1.3815e-07 -1.6998e-07 -2.0610e-07 -2.4674e-07 -2.9206e-07 -3.4217e-07 -3.9708e-07 -4.5668e-07 -5.2062e-07 -5.8830e-07 -6.5879e-07 -7.3067e-07 -8.0198e-07 -8.7013e-07 -9.3180e-07 -9.8299e-07 -1.0191e-06 -1.0352e-06 -1.0266e-06 -9.8950e-07 -9.2207e-07 -8.2535e-07 -7.0417e-07 -5.6734e-07 -4.2687e-07 -2.9596e-07 -1.8608e-07 -1.0409e-07 -5.0618e-08 -2.0820e-08 -7.0073e-09 -1.8546e-09 -3.6796e-10 -5.1665e-11 -4.7889e-12 -2.6942e-13 -8.3092e-15 -1.2417e-16 -7.7367e-19 -1.6737e-21 -1.0050e-24 -1.2732e-28 -2.4296e-33 -4.6079e-39 -5.1948e-46 -1.8391e-54 -9.2325e-65 -2.4317e-77 -9.6392e-93 -1.1901e-111 -6.2170e-135 -1.0810e-163 -2.4140e-199 -1.0481e-243 -3.8910e-299 -0.0000e+00 -0.0000e+00 -0.0000e+00 -0.0000e+00 -0.0000e+00 -0.0000e+00 -0.0000e+00 -0.0000e+00 -0.0000e+00 -0.0000e+00 -0.0000e+00 -0.0000e+00 -0.0000e+00 -0.0000e+00 -0.0000e+00 -0.0000e+00 -0.0000e+00 -0.0000e+00 -0.0000e+00 -0.0000e+00 -0.0000e+00 -0.0000e+00 -0.0000e+00 -0.0000e+00 -0.0000e+00 -0.0000e+00 -0.0000e+00 -0.0000e+00 -0.0000e+00 -0.0000e+00 -0.0000e+00 -0.0000e+00 -0.0000e+00 -0.0000e+00
-3.4662e-10 -1.9627e-09 -5.4172e-09 -1.1146e-08 -1.9527e-08 -3.0913e-08 -4.5637e-08 -6.4029e-08 -8.6417e-08 4.9818e-06 -1.4450e-07 -1.8085e-07 -2.2252e-07 -2.6981e-07 -3.2301e-07 -3.8234e-07 -4.4794e-07 -5.1983e-07 -5.9785e-07 -6.8156e-07 -7.7018e-07 -8.6247e-07 -9.5658e-07 -1.0500e-06 -1.1392e-06 -1.2200e-06 -1.2870e-06 -1.3344e-06 -1.3555e-06 -1.3444e-06 -1.2959e-06 -1.2077e-06 -1.0812e-06 -9.2258e-07 -7.4346e-07 -5.5951e-07 -3.8803e-07 -2.4406e-07 -1.3657e-07 -6.6449e-08 -2.7348e-08 -9.2110e-09 -2.4399e-09 -4.8461e-10 -6.8128e-11 -6.3244e-12 -3.5644e-13 -1.1017e-14 -1.6506e-16 -1.0317e-18 -2.2402e-21 -1.3512e-24 -1.7212e-28 -3.3057e-33 -6.3189e-39 -7.1911e-46 -2.5748e-54 -1.3104e-64 -3.5084e-77 -1.4185e-92 -1.7935e-111 -9.6408e-135 -1.7349e-163 -4.0368e-199 -1.8410e-243 -7.2465e-299 -0.0000e+00 -0.0000e+00 -0.0000e+00 -0.0000e+00 -0.0000e+00 -0.0000e+00 -0.0000e+00 -0.0000e+00 -0.0000e+00 -0.0000e+00 -0.0000e+00 -0.0000e+00 -0.0000e+00 -0.0000e+00 -0.0000e+00 -0.0000e+00 -0.0000e+00 -0.0000e+00 -0.0000e+00 -0.0000e+00 -0.0000e+00 -0.0000e+00 -0.0000e+00 -0.0000e+00 -0.0000e+00 -0.0000e+00 -0.0000e+00 -0.0000e+00 -0.0000e+00 -0.0000e+00 -0.0000e+00 -0.0000e+00 -0.0000e+00 -0.0000e+00 -3.4662e-10 -1.9627e-09 -5.4172e-09 -1.1146e-08 -1.9527e-08 -3.0913e-08 -4.5637e-08 -6.4029e-08 -8.6417e-08 0.0000e+00 -1.4450e-07 -1.8085e-07 -2.2252e-07 -2.6981e-07 -3.2301e-07 -3.8234e-07 -4.4794e-07 -5.1983e-07 -5.9784e-07 -6.8155e-07 -7.7016e-07 -8.6244e-07 -9.5654e-07 -1.0499e-06 -1.1391e-06 -1.2199e-06 -1.2869e-06 -1.3341e-06 -1.3552e-06 -1.3440e-06 -1.2955e-06 -1.2072e-06 -1.0806e-06 -9.2198e-07 -7.4285e-07 -5.5895e-07 -3.8756e-07 -2.4369e-07 -1.3632e-07 -6.6300e-08 -2.7273e-08 -9.1805e-09 -2.4302e-09 -4.8226e-10 -6.7730e-11 -6.2798e-12 -3.5341e-13 -1.0904e-14 -1.6303e-16 -1.0164e-18 -2.2004e-21 -1.3224e-24 -1.6772e-28 -3.2045e-33 -6.0870e-39 -6.8752e-46 -2.4395e-54 -1.2280e-64 -3.2453e-77 -1.2917e-92 -1.6027e-111 -8.4236e-135 -1.4757e-163 -3.3257e-199 -1.4603e-243 -5.4974e-299 -0.0000e+00 -0.0000e+00 -0.0000e+00 -0.0000e+00 -0.0000e+00 -0.0000e+00 -0.0000e+00 -0.0000e+00 -0.0000e+00 -0.0000e+00 -0.0000e+00 -0.0000e+00 -0.0000e+00 -0.0000e+00 -0.0000e+00 -0.0000e+00 -0.0000e+00 -0.0000e+00 -0.0000e+00 -0.0000e+00 -0.0000e+00 -0.0000e+00 -0.0000e+00 -0.0000e+00 -0.0000e+00 -0.0000e+00 -0.0000e+00 -0.0000e+00 -0.0000e+00 -0.0000e+00 -0.0000e+00 -0.0000e+00 -0.0000e+00 -0.0000e+00
-4.4273e-10 -2.5069e-09 -6.9193e-09 -1.4236e-08 -2.4942e-08 -3.9484e-08 -5.8291e-08 -8.1783e-08 -1.1038e-07 -1.4450e-07 8.9167e-06 -2.3100e-07 -2.8422e-07 -3.4463e-07 -4.1258e-07 -4.8835e-07 -5.7215e-07 -6.6398e-07 -7.6364e-07 -8.7056e-07 -9.8377e-07 -1.1017e-06 -1.2219e-06 -1.3412e-06 -1.4552e-06 -1.5585e-06 -1.6442e-06 -1.7047e-06 -1.7318e-06 -1.7177e-06 -1.6559e-06 -1.5434e-06 -1.3818e-06 -1.1793e-06 -9.5052e-07 -7.1550e-07 -4.9635e-07 -3.1229e-07 -1.7482e-07 -8.5099e-08 -3.5044e-08 -1.1811e-08 -3.1313e-09 -6.2254e-10 -8.7623e-11 -8.1457e-12 -4.5987e-13 -1.4243e-14 -2.1392e-16 -1.3410e-18 -2.9220e-21 -1.7699e-24 -2.2658e-28 -4.3777e-33 -8.4278e-39 -9.6730e-46 -3.4986e-54 -1.8020e-64 -4.8939e-77 -2.0122e-92 -2.5950e-111 -1.4277e-134 -2.6397e-163 -6.3380e-199 -2.9970e-243 -1.2297e-298 -0.0000e+00 -0.0000e+00 -0.0000e+00 -0.0000e+00 -0.0000e+00 -0.0000e+00 -0.0000e+00 -0.0000e+00 -0.0000e+00 -0.0000e+00 -0.0000e+00 -0.0000e+00 -0.0000e+00 -0.0000e+00 -0.0000e+00 -0.0000e+00 -0.0000e+00 -0.0000e+00 -0.0000e+00 -0.0000e+00 -0.0000e+00 -0.0000e+00 -0.0000e+00 -0.0000e+00 -0.0000e+00 -0.0000e+00 -0.0000e+00 -0.0000e+00 -0.0000e+00 -0.0000e+00 -0.0000e+00 -0.0000e+00 -0.0000e+00 -0.0000e+00 -4.4273e-10 -2.5069e-09 -6.9193e-09 -1.4236e-08 -2.4942e-08 -3.9484e-08 -5.8291e-08 -8.1783e-08 -1.1038e-07 -1.4450e-07 0.0000e+00 -2.3100e-07 -2.8422e-07 -3.4463e-07 -4.1257e-07 -4.8835e-07 -5.7214e-07 -6.6397e-07 -7.6362e-07 -8.7054e-07 -9.8372e-07 -1.1016e-06 -1.2218e-06 -1.3410e-06 -1.4550e-06 -1.5582e-06 -1.6438e-06 -1.7042e-06 -1.7312e-06 -1.7168e-06 -1.6549e-06 -1.5422e-06 -1.3805e-06 -1.1779e-06 -9.4914e-07 -7.1422e-07 -4.9526e-07 -3.1145e-07 -1.7424e-07 -8.4759e-08 -3.4873e-08 -1.1741e-08 -3.1090e-09 -6.1717e-10 -8.6711e-11 -8.0436e-12 -4.5294e-13 -1.3985e-14 -2.0926e-16 -1.3060e-18 -2.8307e-21 -1.7037e-24 -2.1645e-28 -4.1443e-33 -7.8924e-39 -8.9419e-46 -3.1846e-54 -1.6104e-64 -4.2793e-77 -1.7146e-92 -2.1449e-111 -1.1385e-134 -2.0188e-163 -4.6170e-199 -2.0641e-243 -7.9428e-299 -0.0000e+00 -0.0000e+00 -0.0000e+00 -0.0000e+00 -0.0000e+00 -0.0000e+00 -0.0000e+00 -0.0000e+00 -0.0000e+00 -0.0000e+00 -0.0000e+00 -0.0000e+00 -0.0000e+00 -0.0000e+00 -0.0000e+00 -0.0000e+00 -0.0000e+00 -0.0000e+00 -0.0000e+00 -0.0000e+00 -0.0000e+00 -0.0000e+00 -0.0000e+00 -0.0000e+00 -0.0000e+00 -0.0000e+00 -0.0000e+00 -0.0000e+00 -0.0000e+00 -0.0000e+00 -0.0000e+00 -0.0000e+00 -0.0000e+00 -0.0000e+00
-5.5412e-10 -3.1376e-09 -8.6602e-09 -1.7818e-08 -3.1217e-08 -4.9418e-08 -7.2957e-08 -1.0236e-07 -1.3815e-07 -1.8085e-07 -2.3100e-07 1.5200e-05 -3.5574e-07 -4.3134e-07 -5.1638e-07 -6.1123e-07 -7.1611e-07 -8.3105e-07 -9.5579e-07 -1.0896e-06 -1.2313e-06 -1.3789e-06 -1.5294e-06 -1.6788e-06 -1.8216e-06 -1.9509e-06 -2.0584e-06 -2.1343e-06 -2.1684e-06 -2.1509e-06 -2.0739e-06 -1.9332e-06 -1.7312e-06 -1.4779e-06 -1.1915e-06 -8.9721e-07 -6.2267e-07 -3.9197e-07 -2.1956e-07 -1.0696e-07 -4.4086e-08 -1.4875e-08 -3.9488e-09 -7.8629e-10 -1.1088e-10 -1.0331e-11 -5.8481e-13 -1.8171e-14 -2.7396e-16 -1.7252e-18 -3.7796e-21 -2.3041e-24 -2.9724e-28 -5.7953e-33 -1.1277e-38 -1.3107e-45 -4.8116e-54 -2.5217e-64 -6.9883e-77 -2.9415e-92 -3.8975e-111 -2.2118e-134 -4.2365e-163 -1.0587e-198 -5.2369e-243 -2.2600e-298 -0.0000e+00 -0.0000e+00 -0.0000e+00 -0.0000e+00 -0.0000e+00 -0.0000e+00 -0.0000e+00 -0.0000e+00 -0.0000e+00 -0.0000e+00 -0.0000e+00 -0.0000e+00 -0.0000e+00 -0.0000e+00 -0.0000e+00 -0.0000e+00 -0.0000e+00 -0.0000e+00 -0.0000e+00 -0.0000e+00 -0.0000e+00 -0.0000e+00 -0.0000e+00 -0.0000e+00 -0.0000e+00 -0.0000e+00 -0.0000e+00 -0.0000e+00 -0.0000e+00 -0.0000e+00 -0.0000e+00 -0.0000e+00 -0.0000e+00 -0.0000e+00 -5.5412e-10 -3.1376e-09 -8.6602e-09 -1.7818e-08 -3.1217e-08 -4.9418e-08 -7.2957e-08 -1.0236e-07 -1.3815e-07 -1.8085e-07 -2.3100e-07 0.0000e+00 -3.5573e-07 -4.3134e-07 -5.1638e-07 -6.1122e-07 -7.1610e-07 -8.3103e-07 -9.5575e-07 -1.0896e-06 -1.2312e-06 -1.3788e-06 -1.5292e-06 -1.6785e-06 -1.8212e-06 -1.9503e-06 -2.0575e-06 -2.1332e-06 -2.1670e-06 -2.1492e-06 -2.0717e-06 -1.9307e-06 -1.7284e-06 -1.4749e-06 -1.1885e-06 -8.9448e-07 -6.2035e-07 -3.9018e-07 -2.1834e-07 -1.0623e-07 -4.3723e-08 -1.4726e-08 -3.9010e-09 -7.7482e-10 -1.0893e-10 -1.0112e-11 -5.6996e-13 -1.7617e-14 -2.6397e-16 -1.6500e-18 -3.5833e-21 -2.1617e-24 -2.7540e-28 -5.2906e-33 -1.0116e-38 -1.1517e-45 -4.1260e-54 -2.1013e-64 -5.6317e-77 -2.2800e-92 -2.8881e-111 -1.5564e-134 -2.8108e-163 -6.5726e-199 -3.0181e-243 -1.1995e-298 -0.0000e+00 -0.0000e+00 -0.0000e+00 -0.0000e+00 -0.0000e+00 -0.0000e+00 -0.0000e+00 -0.0000e+00 -0.0000e+00 -0.0000e+00 -0.0000e+00 -0.0000e+00 -0.0000e+00 -0.0000e+00 -0.0000e+00 -0.0000e+00 -0.0000e+00 -0.0000e+00 -0.0000e+00 -0.0000e+00 -0.0000e+00 -0.0000e+00 -0.0000e+00 -0.0000e+00 -0.0000e+00 -0.0000e+00 -0.0000e+00 -0.0000e+00 -0.0000e+00 -0.0000e+00 -0.0000e+00 -0.0000e+00 -0.0000e+00 -0.0000e+00
-6.8179e-10 -3.8605e-09 -1.0656e-08 -2.1923e-08 -3.8410e-08 -6.0804e-08 -8.9766e-08 -1.2594e-07 -1.6998e-07 -2.2252e-07 -2.8422e-07 -3.5574e-07 2.4875e-05 -5.3072e-07 -6.3536e-07 -7.5206e-07 -8.8112e-07 -1.0226e-06 -1.1760e-06 -1.3408e-06 -1.5151e-06 -1.6968e-06 -1.8821e-06 -2.0660e-06 -2.2418e-06 -2.4011e-06 -2.5336e-06 -2.6273e-06 -2.6697e-06 -2.6486e-06 -2.5542e-06 -2.3816e-06 -2.1334e-06 -1.8218e-06 -1.4695e-06 -1.1071e-06 -7.6887e-07 -4.8439e-07 -2.7159e-07 -1.3246e-07 -5.4672e-08 -1.8478e-08 -4.9149e-09 -9.8101e-10 -1.3873e-10 -1.2970e-11 -7.3718e-13 -2.3015e-14 -3.4898e-16 -2.2125e-18 -4.8861e-21 -3.0068e-24 -3.9220e-28 -7.7462e-33 -1.5302e-38 -1.8101e-45 -6.7805e-54 -3.6372e-64 -1.0351e-76 -4.4906e-92 -6.1563e-111 -3.6297e-134 -7.2553e-163 -1.9012e-198 -9.9118e-243 -4.5341e-298 -0.0000e+00 -0.0000e+00 -0.0000e+00 -0.0000e+00 -0.0000e+00 -0.0000e+00 -0.0000e+00 -0.0000e+00 -0.0000e+00 -0.0000e+00 -0.0000e+00 -0.0000e+00 -0.0000e+00 -0.0000e+00 -0.0000e+00 -0.0000e+00 -0.0000e+00 -0.0000e+00 -0.0000e+00 -0.0000e+00 -0.0000e+00 -0.0000e+00 -0.0000e+00 -0.0000e+00 -0.0000e+00 -0.0000e+00 -0.0000e+00 -0.0000e+00 -0.0000e+00 -0.0000e+00 -0.0000e+00 -0.0000e+00 -0.0000e+00 -0.0000e+00 -6.8179e-10 -3.8605e-09 -1.0656e-08 -2.1923e-08 -3.8410e-08 -6.0804e-08 -8.9766e-08 -1.2594e-07 -1.6998e-07 -2.2252e-07 -2.8422e-07 -3.5573e-07 0.0000e+00 -5.3072e-07 -6.3535e-07 -7.5205e-07 -8.8109e-07 -1.0225e-06 -1.1760e-06 -1.3406e-06 -1.5150e-06 -1.6965e-06 -1.8816e-06 -2.0654e-06 -2.2410e-06 -2.3999e-06 -2.5319e-06 -2.6251e-06 -2.6669e-06 -2.6450e-06 -2.5499e-06 -2.3766e-06 -2.1278e-06 -1.8159e-06 -1.4635e-06 -1.1016e-06 -7.6418e-07 -4.8077e-07 -2.6912e-07 -1.3099e-07 -5.3939e-08 -1.8178e-08 -4.8185e-09 -9.5783e-10 -1.3479e-10 -1.2528e-11 -7.0711e-13 -2.1894e-14 -3.2872e-16 -2.0598e-18 -4.4862e-21 -2.7159e-24 -3.4748e-28 -6.7092e-33 -1.2907e-38 -1.4803e-45 -5.3499e-54 -2.7536e-64 -7.4744e-77 -3.0726e-92 -3.9642e-111 -2.1838e-134 -4.0489e-163 -9.7696e-199 -4.6572e-243 -1.9351e-298 -0.0000e+00 -0.0000e+00 -0.0000e+00 -0.0000e+00 -0.0000e+00 -0.0000e+00 -0.0000e+00 -0.0000e+00 -0.0000e+00 -0.0000e+00 -0.0000e+00 -0.0000e+00 -0.0000e+00 -0.0000e+00 -0.0000e+00 -0.0000e+00 -0.0000e+00 -0.0000e+00 -0.0000e+00 -0.0000e+00 -0.0000e+00 -0.0000e+00 -0.0000e+00 -0.0000e+00 -0.0000e+00 -0.0000e+00 -0.0000e+00 -0.0000e+00 -0.0000e+00 -0.0000e+00 -0.0000e+00 -0.0000e+00 -0.0000e+00 -0.0000e+00
-8.2669e-10 -4.6810e-09 -1.2920e-08 -2.6582e-08 -4.6572e-08 -7.3726e-08 -1.0884e-07 -1.5271e-07 -2.0610e-07 -2.6981e-07 -3.4463e-07 -4.3134e-07 -5.3072e-07 3.9324e-05 -7.7040e-07 -9.1191e-07 -1.0684e-06 -1.2399e-06 -1.4261e-06 -1.6258e-06 -1.8374e-06 -2.0577e-06 -2.2825e-06 -2.5057e-06 -2.7192e-06 -2.9127e-06 -3.0738e-06 -3.1880e-06 -3.2401e-06 -3.2152e-06 -3.1016e-06 -2.8931e-06 -2.5927e-06 -2.2153e-06 -1.7880e-06 -1.3483e-06 -9.3724e-07 -5.9116e-07 -3.3193e-07 -1.6217e-07 -6.7071e-08 -2.2724e-08 -6.0621e-09 -1.2142e-09 -1.7243e-10 -1.6200e-11 -9.2615e-13 -2.9115e-14 -4.4507e-16 -2.8487e-18 -6.3618e-21 -3.9661e-24 -5.2518e-28 -1.0555e-32 -2.1271e-38 -2.5740e-45 -9.8946e-54 -5.4644e-64 -1.6067e-76 -7.2279e-92 -1.0316e-110 -6.3586e-134 -1.3348e-162 -3.6921e-198 -2.0434e-242 -9.9879e-298 -0.0000e+00 -0.0000e+00 -0.0000e+00 -0.0000e+00 -0.0000e+00 -0.0000e+00 -0.0000e+00 -0.0000e+00 -0.0000e+00 -0.0000e+00 -0.0000e+00 -0.0000e+00 -0.0000e+00 -0.0000e+00 -0.0000e+00 -0.0000e+00 -0.0000e+00 -0.0000e+00 -0.0000e+00 -0.0000e+00 -0.0000e+00 -0.0000e+00 -0.0000e+00 -0.0000e+00 -0.0000e+00 -0.0000e+00 -0.0000e+00 -0.0000e+00 -0.0000e+00 -0.0000e+00 -0.0000e+00 -0.0000e+00 -0.0000e+00 -0.0000e+00 -8.2669e-10 -4.6810e-09 -1.2920e-08 -2.6582e-08 -4.6572e-08 -7.3726e-08 -1.0884e-07 -1.5271e-07 -2.0610e-07 -2.6981e-07 -3.4463e-07 -4.3134e-07 -5.3072e-07 0.0000e+00 -7.7038e-07 -9.1188e-07 -1.0684e-06 -1.2398e-06 -1.4259e-06 -1.6256e-06 -1.8370e-06 -2.0571e-06 -2.2817e-06 -2.5045e-06 -2.7175e-06 -2.9104e-06 -3.0706e-06 -3.1838e-06 -3.2346e-06 -3.2084e-06 -3.0933e-06 -2.8834e-06 -2.5820e-06 -2.2039e-06 -1.7767e-06 -1.3377e-06 -9.2824e-07 -5.8422e-07 -3.2719e-07 -1.5935e-07 -6.5661e-08 -2.2147e-08 -5.8766e-09 -1.1696e-09 -1.6483e-10 -1.5347e-11 -8.6802e-13 -2.6944e-14 -4.0576e-16 -2.5517e-18 -5.5817e-21 -3.3966e-24 -4.3727e-28 -8.5059e-33 -1.6509e-38 -1.9136e-45 -7.0042e-54 -3.6601e-64 -1.0116e-76 -4.2487e-92 -5.6231e-111 -3.1927e-134 -6.1346e-163 -1.5438e-198 -7.7317e-243 -3.4034e-298 -0.0000e+00 -0.0000e+00 -0.0000e+00 -0.0000e+00 -0.0000e+00 -0.0000e+00 -0.0000e+00 -0.0000e+00 -0.0000e+00 -0.0000e+00 -0.0000e+00 -0.0000e+00 -0.0000e+00 -0.0000e+00 -0.0000e+00 -0.0000e+00 -0.0000e+00 -0.0000e+00 -0.0000e+00 -0.0000e+00 -0.0000e+00 -0.0000e+00 -0.0000e+00 -0.0000e+00 -0.0000e+00 -0.0000e+00 -0.0000e+00 -0.0000e+00 -0.0000e+00 -0.0000e+00 -0.0000e+00 -0.0000e+00 -0.0000e+00 -0.0000e+00
-9.8967e-10 -5.6039e-09 -1.5467e-08 -3.1823e-08 -5.5754e-08 -8.8262e-08 -1.3030e-07 -1.8282e-07 -2.4674e-07 -3.2301e-07 -4.1258e-07 -5.1638e-07 -6.3536e-07 -7.7040e-07 6.0350e-05 -1.0917e-06 -1.2791e-06 -1.4845e-06 -1.7074e-06 -1.9466e-06 -2.1999e-06 -2.4639e-06 -2.7333e-06 -3.0008e-06 -3.2569e-06 -3.4892e-06 -3.6828e-06 -3.8205e-06 -3.8841e-06 -3.8557e-06 -3.7210e-06 -3.4727e-06 -3.1143e-06 -2.6631e-06 -2.1515e-06 -1.6242e-06 -1.1307e-06 -7.1439e-07 -4.0195e-07 -1.9686e-07 -8.1659e-08 -2.7763e-08 -7.4374e-09 -1.4971e-09 -2.1384e-10 -2.0230e-11 -1.1660e-12 -3.7003e-14 -5.7195e-16 -3.7081e-18 -8.4046e-21 -5.3297e-24 -7.1960e-28 -1.4785e-32 -3.0547e-38 -3.8010e-45 -1.5072e-53 -8.6149e-64 -2.6309e-76 -1.2339e-91 -1.8435e-110 -1.1948e-133 -2.6507e-162 -7.7929e-198 -4.6155e-242 -2.4335e-297 -0.0000e+00 -0.0000e+00 -0.0000e+00 -0.0000e+00 -0.0000e+00 -0.0000e+00 -0.0000e+00 -0.0000e+00 -0.0000e+00 -0.0000e+00 -0.0000e+00 -0.0000e+00 -0.0000e+00 -0.0000e+00 -0.0000e+00 -0.0000e+00 -0.0000e+00 -0.0000e+00 -0.0000e+00 -0.0000e+00 -0.0000e+00 -0.0000e+00 -0.0000e+00 -0.0000e+00 -0.0000e+00 -0.0000e+00 -0.0000e+00 -0.0000e+00 -0.0000e+00 -0.0000e+00 -0.0000e+00 -0.0000e+00 -0.0000e+00 -0.0000e+00 -9.8967e-10 -5.6039e-09 -1.5467e-08 -3.1823e-08 -5.5754e-08 -8.8262e-08 -1.3030e-07 -1.8282e-07 -2.4674e-07 -3.2301e-07 -4.1257e-07 -5.1638e-07 -6.3535e-07 -7.7038e-07 0.0000e+00 -1.0917e-06 -1.2790e-06 -1.4843e-06 -1.7071e-06 -1.9462e-06 -2.1993e-06 -2.4629e-06 -2.7318e-06 -2.9987e-06 -3.2538e-06 -3.4849e-06 -3.6770e-06 -3.8128e-06 -3.8741e-06 -3.8431e-06 -3.7058e-06 -3.4550e-06 -3.0944e-06 -2.6421e-06 -2.1306e-06 -1.6048e-06 -1.1141e-06 -7.0163e-07 -3.9321e-07 -1.9167e-07 -7.9058e-08 -2.6698e-08 -7.0947e-09 -1.4145e-09 -1.9977e-10 -1.8647e-11 -1.0579e-12 -3.2956e-14 -4.9845e-16 -3.1508e-18 -6.9350e-21 -4.2513e-24 -5.5213e-28 -1.0853e-32 -2.1329e-38 -2.5090e-45 -9.3461e-54 -4.9862e-64 -1.4122e-76 -6.1050e-92 -8.3578e-111 -4.9369e-134 -9.9335e-163 -2.6373e-198 -1.4052e-242 -6.6441e-298 -0.0000e+00 -0.0000e+00 -0.0000e+00 -0.0000e+00 -0.0000e+00 -0.0000e+00 -0.0000e+00 -0.0000e+00 -0.0000e+00 -0.0000e+00 -0.0000e+00 -0.0000e+00 -0.0000e+00 -0.0000e+00 -0.0000e+00 -0.0000e+00 -0.0000e+00 -0.0000e+00 -0.0000e+00 -0.0000e+00 -0.0000e+00 -0.0000e+00 -0.0000e+00 -0.0000e+00 -0.0000e+00 -0.0000e+00 -0.0000e+00 -0.0000e+00 -0.0000e+00 -0.0000e+00 -0.0000e+00 -0.0000e+00 -0.0000e+00 -0.0000e+00
-1.1714e-09 -6.6331e-09 -1.8308e-08 -3.7668e-08 -6.5995e-08 -1.0447e-07 -1.5423e-07 -2.1639e-07 -2.9206e-07 -3.8234e-07 -4.8835e-07 -6.1123e-07 -7.5206e-07 -9.1191e-07 -1.0917e-06 9.0270e-05 -1.5141e-06 -1.7573e-06 -2.0212e-06 -2.3045e-06 -2.6046e-06 -2.9173e-06 -3.2366e-06 -3.5539e-06 -3.8578e-06 -4.1338e-06 -4.3643e-06 -4.5291e-06 -4.6063e-06 -4.5749e-06 -4.4179e-06 -4.1262e-06 -3.7037e-06 -3.1707e-06 -2.5652e-06 -1.9397e-06 -1.3530e-06 -8.5692e-07 -4.8353e-07 -2.3763e-07 -9.8973e-08 -3.3814e-08 -9.1104e-09 -1.8463e-09 -2.6583e-10 -2.5382e-11 -1.4788e-12 -4.7523e-14 -7.4520e-16 -4.9118e-18 -1.1344e-20 -7.3477e-24 -1.0160e-27 -2.1436e-32 -4.5614e-38 -5.8634e-45 -2.4095e-53 -1.4321e-63 -4.5641e-76 -2.2429e-91 -3.5270e-110 -2.4184e-133 -5.7101e-162 -1.7992e-197 -1.1514e-241 -6.6230e-297 -0.0000e+00 -0.0000e+00 -0.0000e+00 -0.0000e+00 -0.0000e+00 -0.0000e+00 -0.0000e+00 -0.0000e+00 -0.0000e+00 -0.0000e+00 -0.0000e+00 -0.0000e+00 -0.0000e+00 -0.0000e+00 -0.0000e+00 -0.0000e+00 -0.0000e+00 -0.0000e+00 -0.0000e+00 -0.0000e+00 -0.0000e+00 -0.0000e+00 -0.0000e+00 -0.0000e+00 -0.0000e+00 -0.0000e+00 -0.0000e+00 -0.0000e+00 -0.0000e+00 -0.0000e+00 -0.0000e+00 -0.0000e+00 -0.0000e+00 -0.0000e+00 -1.1714e-09 -6.6331e-09 -1.8308e-08 -3.7668e-08 -6.5995e-08 -1.0447e-07 -1.5423e-07 -2.1639e-07 -2.9206e-07 -3.8234e-07 -4.8835e-07 -6.1122e-07 -7.5205e-07 -9.1188e-07 -1.0917e-06 0.0000e+00 -1.5139e-06 -1.7570e-06 -2.0207e-06 -2.3037e-06 -2.6034e-06 -2.9155e-06 -3.2340e-06 -3.5501e-06 -3.8524e-06 -4.1262e-06 -4.3540e-06 -4.5154e-06 -4.5886e-06 -4.5527e-06 -4.3909e-06 -4.0948e-06 -3.6686e-06 -3.1335e-06 -2.5281e-06 -1.9053e-06 -1.3236e-06 -8.3424e-07 -4.6800e-07 -2.2840e-07 -9.4344e-08 -3.1915e-08 -8.4988e-09 -1.6986e-09 -2.4062e-10 -2.2539e-11 -1.2842e-12 -4.0209e-14 -6.1183e-16 -3.8955e-18 -8.6477e-21 -5.3554e-24 -7.0396e-28 -1.4036e-32 -2.8053e-38 -3.3661e-45 -1.2834e-53 -7.0367e-64 -2.0576e-76 -9.2304e-92 -1.3191e-110 -8.1877e-134 -1.7441e-162 -4.9437e-198 -2.8389e-242 -1.4621e-297 -0.0000e+00 -0.0000e+00 -0.0000e+00 -0.0000e+00 -0.0000e+00 -0.0000e+00 -0.0000e+00 -0.0000e+00 -0.0000e+00 -0.0000e+00 -0.0000e+00 -0.0000e+00 -0.0000e+00 -0.0000e+00 -0.0000e+00 -0.0000e+00 -0.0000e+00 -0.0000e+00 -0.0000e+00 -0.0000e+00 -0.0000e+00 -0.0000e+00 -0.0000e+00 -0.0000e+00 -0.0000e+00 -0.0000e+00 -0.0000e+00 -0.0000e+00 -0.0000e+00 -0.0000e+00 -0.0000e+00 -0.0000e+00 -0.0000e+00 -0.0000e+00
