3.2163e-08 -2.0709e-07 -3.8090e-07 -5.8735e-07 -8.2242e-07 -1.0834e-06 -1.3685e-06 -1.6759e-06 -2.0044e-06 -2.3523e-06 -2.7180e-06 -3.0996e-06 -3.4949e-06 -3.9010e-06 -4.3146e-06 -4.7314e-06 -5.1465e-06 -5.5541e-06 -5.9474e-06 -6.3186e-06 -6.6591e-06 -6.9592e-06 -7.2090e-06 -7.3978e-06 -7.5152e-06 -7.5516e-06 -7.4983e-06 -7.3490e-06 -7.1004e-06 -6.7526e-06 -6.3106e-06 -5.7845e-06 -5.1892e-06 -4.5450e-06 -3.8759e-06 -3.2082e-06 -2.5684e-06 -1.9809e-06 -1.4652e-06 -1.0341e-06 -6.9243e-07 -4.3697e-07 -2.5797e-07 -1.4126e-07 -7.1064e-08 -3.2480e-08 -1.3318e-08 -4.8289e-09 -1.5226e-09 -4.0955e-10 -9.1924e-11 -1.6781e-11 -2.4189e-12 -2.6594e-13 -2.1424e-14 -1.2064e-15 -4.4941e-17 -1.0379e-18 -1.3764e-20 -9.5721e-23 -3.1340e-25 -4.2470e-28 -2.0415e-31 -2.8907e-35 -9.6314e-40 -5.7478e-45 -4.4022e-51 -2.8739e-58 -9.6470e-67 -8.8862e-77 -1.0241e-88 -5.4927e-103 -3.9088e-120 -7.4164e-141 -4.7355e-166 -6.8780e-197 -6.5798e-235 -3.7453e-282 -0.0000e+00 -0.0000e+00 -0.0000e+00 -0.0000e+00 -0.0000e+00 -0.0000e+00 -0.0000e+00 -0.0000e+00 -0.0000e+00 -0.0000e+00 -0.0000e+00 -0.0000e+00 -0.0000e+00 -0.0000e+00 -0.0000e+00 -0.0000e+00 -0.0000e+00 -0.0000e+00 -0.0000e+00 -0.0000e+00 -0.0000e+00 -0.0000e+00 0.0000e+00 -2.0709e-07 -3.8090e-07 -5.8735e-07 -8.2242e-07 -1.0834e-06 -1.3685e-06 -1.6759e-06 -2.0044e-06 -2.3523e-06 -2.7180e-06 -3.0996e-06 -3.4949e-06 -3.9010e-06 -4.3146e-06 -4.7314e-06 -5.1465e-06 -5.5541e-06 -5.9474e-06 -6.3186e-06 -6.6591e-06 -6.9592e-06 -7.2090e-06 -7.3978e-06 -7.5152e-06 -7.5516e-06 -7.4983e-06 -7.3490e-06 -7.1003e-06 -6.7526e-06 -6.3106e-06 -5.7844e-06 -5.1892e-06 -4.5450e-06 -3.8759e-06 -3.2081e-06 -2.5684e-06 -1.9809e-06 -1.4652e-06 -1.0341e-06 -6.9243e-07 -4.3697e-07 -2.5797e-07 -1.4126e-07 -7.1063e-08 -3.2480e-08 -1.3318e-08 -4.8289e-09 -1.5226e-09 -4.0955e-10 -9.1923e-11 -1.6781e-11 -2.4188e-12 -2.6594e-13 -2.1423e-14 -1.2064e-15 -4.4940e-17 -1.0379e-18 -1.3763e-20 -9.5718e-23 -3.1339e-25 -4.2469e-28 -2.0414e-31 -2.8905e-35 -9.6309e-40 -5.7474e-45 -4.4019e-51 -2.8736e-58 -9.6460e-67 -8.8851e-77 -1.0240e-88 -5.4918e-103 -3.9080e-120 -7.4147e-141 -4.7342e-166 -6.8758e-197 -6.5772e-235 -3.7435e-282 -0.0000e+00 -0.0000e+00 -0.0000e+00 -0.0000e+00 -0.0000e+00 -0.0000e+00 -0.0000e+00 -0.0000e+00 -0.0000e+00 -0.0000e+00 -0.0000e+00 -0.0000e+00 -0.0000e+00 -0.0000e+00 -0.0000e+00 -0.0000e+00 -0.0000e+00 -0.0000e+00 -0.0000e+00 -0.0000e+00 -0.0000e+00 -0.0000e+00
-2.0709e-07 5.1526e-07 -1.0781e-06 -1.6625e-06 -2.3278e-06 -3.0666e-06 -3.8734e-06 -4.7437e-06 -5.6732e-06 -6.6579e-06 -7.6931e-06 -8.7734e-06 -9.8922e-06 -1.1042e-05 -1.2212e-05 -1.3392e-05 -1.4567e-05 -1.5721e-05 -1.6834e-05 -1.7884e-05 -1.8848e-05 -1.9698e-05 -2.0405e-05 -2.0939e-05 -2.1272e-05 -2.1374e-05 -2.1224e-05 -2.0801e-05 -2.0097e-05 -1.9113e-05 -1.7862e-05 -1.6373e-05 -1.4688e-05 -1.2865e-05 -1.0971e-05 -9.0808e-06 -7.2699e-06 -5.6071e-06 -4.1475e-06 -2.9272e-06 -1.9600e-06 -1.2369e-06 -7.3022e-07 -3.9988e-07 -2.0116e-07 -9.1944e-08 -3.7702e-08 -1.3670e-08 -4.3103e-09 -1.1594e-09 -2.6024e-10 -4.7511e-11 -6.8484e-12 -7.5298e-13 -6.0661e-14 -3.4161e-15 -1.2726e-16 -2.9392e-18 -3.8981e-20 -2.7112e-22 -8.8775e-25 -1.2032e-27 -5.7841e-31 -8.1914e-35 -2.7298e-39 -1.6294e-44 -1.2482e-50 -8.1510e-58 -2.7370e-66 -2.5221e-76 -2.9081e-88 -1.5605e-102 -1.1112e-119 -2.1101e-140 -1.3486e-165 -1.9610e-196 -1.8787e-234 -1.0713e-281 -0.0000e+00 -0.0000e+00 -0.0000e+00 -0.0000e+00 -0.0000e+00 -0.0000e+00 -0.0000e+00 -0.0000e+00 -0.0000e+00 -0.0000e+00 -0.0000e+00 -0.0000e+00 -0.0000e+00 -0.0000e+00 -0.0000e+00 -0.0000e+00 -0.0000e+00 -0.0000e+00 -0.0000e+00 -0.0000e+00 -0.0000e+00 -0.0000e+00 -2.0709e-07 0.0000e+00 -1.0781e-06 -1.6625e-06 -2.3278e-06 -3.0666e-06 -3.8734e-06 -4.7437e-06 -5.6732e-06 -6.6579e-06 -7.6931e-06 -8.7734e-06 -9.8922e-06 -1.1042e-05 -1.2212e-05 -1.3392e-05 -1.4567e-05 -1.5721e-05 -1.6834e-05 -1.7884e-05 -1.8848e-05 -1.9698e-05 -2.0405e-05 -2.0939e-05 -2.1272e-05 -2.1374e-05 -2.1224e-05 -2.0801e-05 -2.0097e-05 -1.9113e-05 -1.7862e-05 -1.6373e-05 -1.4688e-05 -1.2865e-05 -1.0971e-05 -9.0806e-06 -7.2698e-06 -5.6069e-06 -4.1473e-06 -2.9271e-06 -1.9599e-06 -1.2368e-06 -7.3018e-07 -3.9985e-07 -2.0115e-07 -9.1937e-08 -3.7698e-08 -1.3669e-08 -4.3098e-09 -1.1593e-09 -2.6020e-10 -4.7502e-11 -6.8470e-12 -7.5281e-13 -6.0645e-14 -3.4151e-15 -1.2722e-16 -2.9381e-18 -3.8965e-20 -2.7099e-22 -8.8726e-25 -1.2024e-27 -5.7800e-31 -8.1846e-35 -2.7272e-39 -1.6276e-44 -1.2467e-50 -8.1392e-58 -2.7324e-66 -2.5172e-76 -2.9015e-88 -1.5564e-102 -1.1078e-119 -2.1023e-140 -1.3427e-165 -1.9509e-196 -1.8671e-234 -1.0633e-281 -0.0000e+00 -0.0000e+00 -0.0000e+00 -0.0000e+00 -0.0000e+00 -0.0000e+00 -0.0000e+00 -0.0000e+00 -0.0000e+00 -0.0000e+00 -0.0000e+00 -0.0000e+00 -0.0000e+00 -0.0000e+00 -0.0000e+00 -0.0000e+00 -0.0000e+00 -0.0000e+00 -0.0000e+00 -0.0000e+00 -0.0000e+00 -0.0000e+00
-3.8090e-07 -1.0781e-06 2.6127e-06 -3.0577e-06 -4.2814e-06 -5.6403e-06 -7.1242e-06 -8.7248e-06 -1.0435e-05 -1.2246e-05 -1.4150e-05 -1.6137e-05 -1.8194e-05 -2.0309e-05 -2.2461e-05 -2.4631e-05 -2.6792e-05 -2.8914e-05 -3.0962e-05 -3.2894e-05 -3.4667e-05 -3.6230e-05 -3.7530e-05 -3.8513e-05 -3.9125e-05 -3.9314e-05 -3.9037e-05 -3.8260e-05 -3.6966e-05 -3.5156e-05 -3.2855e-05 -3.0116e-05 -2.7018e-05 -2.3664e-05 -2.0181e-05 -1.6704e-05 -1.3373e-05 -1.0315e-05 -7.6298e-06 -5.3852e-06 -3.6060e-06 -2.2757e-06 -1.3435e-06 -7.3576e-07 -3.7016e-07 -1.6920e-07 -6.9384e-08 -2.5159e-08 -7.9336e-09 -2.1343e-09 -4.7911e-10 -8.7478e-11 -1.2611e-11 -1.3868e-12 -1.1175e-13 -6.2943e-15 -2.3454e-16 -5.4184e-18 -7.1883e-20 -5.0014e-22 -1.6383e-24 -2.2215e-27 -1.0685e-30 -1.5142e-34 -5.0498e-39 -3.0168e-44 -2.3134e-50 -1.5125e-57 -5.0857e-66 -4.6941e-76 -5.4230e-88 -2.9169e-102 -2.0829e-119 -3.9684e-140 -2.5466e-165 -3.7215e-196 -3.5870e-234 -2.0607e-281 -0.0000e+00 -0.0000e+00 -0.0000e+00 -0.0000e+00 -0.0000e+00 -0.0000e+00 -0.0000e+00 -0.0000e+00 -0.0000e+00 -0.0000e+00 -0.0000e+00 -0.0000e+00 -0.0000e+00 -0.0000e+00 -0.0000e+00 -0.0000e+00 -0.0000e+00 -0.0000e+00 -0.0000e+00 -0.0000e+00 -0.0000e+00 -0.0000e+00 -3.8090e-07 -1.0781e-06 0.0000e+00 -3.0577e-06 -4.2814e-06 -5.6403e-06 -7.1242e-06 -8.7248e-06 -1.0435e-05 -1.2246e-05 -1.4150e-05 -1.6137e-05 -1.8194e-05 -2.0309e-05 -2.2461e-05 -2.4631e-05 -2.6792e-05 -2.8914e-05 -3.0962e-05 -3.2894e-05 -3.4667e-05 -3.6229e-05 -3.7530e-05 -3.8513e-05 -3.9124e-05 -3.9313e-05 -3.9036e-05 -3.8259e-05 -3.6965e-05 -3.5154e-05 -3.2853e-05 -3.0114e-05 -2.7016e-05 -2.3662e-05 -2.0179e-05 -1.6702e-05 -1.3372e-05 -1.0313e-05 -7.6285e-06 -5.3842e-06 -3.6051e-06 -2.2751e-06 -1.3431e-06 -7.3552e-07 -3.7002e-07 -1.6912e-07 -6.9350e-08 -2.5145e-08 -7.9287e-09 -2.1328e-09 -4.7873e-10 -8.7400e-11 -1.2598e-11 -1.3852e-12 -1.1160e-13 -6.2850e-15 -2.3415e-16 -5.4081e-18 -7.1728e-20 -4.9891e-22 -1.6337e-24 -2.2144e-27 -1.0646e-30 -1.5079e-34 -5.0257e-39 -3.0002e-44 -2.2988e-50 -1.5014e-57 -5.0428e-66 -4.6482e-76 -5.3613e-88 -2.8781e-102 -2.0504e-119 -3.8958e-140 -2.4916e-165 -3.6263e-196 -3.4777e-234 -1.9857e-281 -0.0000e+00 -0.0000e+00 -0.0000e+00 -0.0000e+00 -0.0000e+00 -0.0000e+00 -0.0000e+00 -0.0000e+00 -0.0000e+00 -0.0000e+00 -0.0000e+00 -0.0000e+00 -0.0000e+00 -0.0000e+00 -0.0000e+00 -0.0000e+00 -0.0000e+00 -0.0000e+00 -0.0000e+00 -0.0000e+00 -0.0000e+00 -0.0000e+00
-5.8735e-07 -1.6625e-06 -3.0577e-06 8.2762e-06 -6.6020e-06 -8.6975e-06 -1.0986e-05 -1.3454e-05 -1.6090e-05 -1.8883e-05 -2.1819e-05 -2.4883e-05 -2.8056e-05 -3.1316e-05 -3.4636e-05 -3.7982e-05 -4.1315e-05 -4.4587e-05 -4.7745e-05 -5.0725e-05 -5.3459e-05 -5.5869e-05 -5.7875e-05 -5.9391e-05 -6.0335e-05 -6.0628e-05 -6.0202e-05 -5.9005e-05 -5.7010e-05 -5.4219e-05 -5.0673e-05 -4.6449e-05 -4.1672e-05 -3.6501e-05 -3.1129e-05 -2.5768e-05 -2.0631e-05 -1.5913e-05 -1.1772e-05 -8.3094e-06 -5.5645e-06 -3.5121e-06 -2.0737e-06 -1.1358e-06 -5.7148e-07 -2.6126e-07 -1.0716e-07 -3.8864e-08 -1.2258e-08 -3.2986e-09 -7.4069e-10 -1.3529e-10 -1.9511e-11 -2.1465e-12 -1.7304e-13 -9.7525e-15 -3.6364e-16 -8.4069e-18 -1.1162e-19 -7.7739e-22 -2.5494e-24 -3.4612e-27 -1.6673e-30 -2.3667e-34 -7.9085e-39 -4.7354e-44 -3.6411e-50 -2.3879e-57 -8.0590e-66 -7.4707e-76 -8.6750e-88 -4.6943e-102 -3.3764e-119 -6.4888e-140 -4.2075e-165 -6.2263e-196 -6.0931e-234 -3.5659e-281 -0.0000e+00 -0.0000e+00 -0.0000e+00 -0.0000e+00 -0.0000e+00 -0.0000e+00 -0.0000e+00 -0.0000e+00 -0.0000e+00 -0.0000e+00 -0.0000e+00 -0.0000e+00 -0.0000e+00 -0.0000e+00 -0.0000e+00 -0.0000e+00 -0.0000e+00 -0.0000e+00 -0.0000e+00 -0.0000e+00 -0.0000e+00 -0.0000e+00 -5.8735e-07 -1.6625e-06 -3.0577e-06 0.0000e+00 -6.6020e-06 -8.6975e-06 -1.0986e-05 -1.3454e-05 -1.6090e-05 -1.8883e-05 -2.1819e-05 -2.4883e-05 -2.8056e-05 -3.1316e-05 -3.4636e-05 -3.7982e-05 -4.1314e-05 -4.4586e-05 -4.7744e-05 -5.0724e-05 -5.3457e-05 -5.5867e-05 -5.7872e-05 -5.9388e-05 -6.0331e-05 -6.0623e-05 -6.0196e-05 -5.8998e-05 -5.7002e-05 -5.4211e-05 -5.0664e-05 -4.6440e-05 -4.1662e-05 -3.6491e-05 -3.1119e-05 -2.5758e-05 -2.0622e-05 -1.5906e-05 -1.1765e-05 -8.3042e-06 -5.5605e-06 -3.5092e-06 -2.0718e-06 -1.1346e-06 -5.7080e-07 -2.6091e-07 -1.0700e-07 -3.8798e-08 -1.2234e-08 -3.2913e-09 -7.3884e-10 -1.3490e-10 -1.9448e-11 -2.1387e-12 -1.7233e-13 -9.7071e-15 -3.6172e-16 -8.3566e-18 -1.1087e-19 -7.7138e-22 -2.5269e-24 -3.4265e-27 -1.6482e-30 -2.3358e-34 -7.7901e-39 -4.6542e-44 -3.5693e-50 -2.3337e-57 -7.8480e-66 -7.2446e-76 -8.3708e-88 -4.5032e-102 -3.2163e-119 -6.1295e-140 -3.9347e-165 -5.7524e-196 -5.5473e-234 -3.1891e-281 -0.0000e+00 -0.0000e+00 -0.0000e+00 -0.0000e+00 -0.0000e+00 -0.0000e+00 -0.0000e+00 -0.0000e+00 -0.0000e+00 -0.0000e+00 -0.0000e+00 -0.0000e+00 -0.0000e+00 -0.0000e+00 -0.0000e+00 -0.0000e+00 -0.0000e+00 -0.0000e+00 -0.0000e+00 -0.0000e+00 -0.0000e+00 -0.0000e+00
-8.2242e-07 -2.3278e-06 -4.2814e-06 -6.6020e-06 2.0264e-05 -1.2178e-05 -1.5382e-05 -1.8838e-05 -2.2530e-05 -2.6440e-05 -3.0551e-05 -3.4841e-05 -3.9285e-05 -4.3850e-05 -4.8499e-05 -5.3184e-05 -5.7851e-05 -6.2433e-05 -6.6855e-05 -7.1030e-05 -7.4859e-05 -7.8235e-05 -8.1045e-05 -8.3170e-05 -8.4494e-05 -8.4907e-05 -8.4312e-05 -8.2639e-05 -7.9848e-05 -7.5944e-05 -7.0980e-05 -6.5068e-05 -5.8380e-05 -5.1139e-05 -4.3617e-05 -3.6109e-05 -2.8914e-05 -2.2305e-05 -1.6503e-05 -1.1651e-05 -7.8034e-06 -4.9262e-06 -2.9094e-06 -1.5939e-06 -8.0225e-07 -3.6689e-07 -1.5054e-07 -5.4622e-08 -1.7237e-08 -4.6409e-09 -1.0428e-09 -1.9059e-10 -2.7510e-11 -3.0293e-12 -2.4446e-13 -1.3794e-14 -5.1503e-16 -1.1925e-17 -1.5862e-19 -1.1069e-21 -3.6383e-24 -4.9527e-27 -2.3931e-30 -3.4089e-34 -1.1437e-38 -6.8807e-44 -5.3195e-50 -3.5109e-57 -1.1937e-65 -1.1162e-75 -1.3093e-87 -7.1703e-102 -5.2302e-119 -1.0220e-139 -6.7579e-165 -1.0236e-195 -1.0297e-233 -6.2267e-281 -0.0000e+00 -0.0000e+00 -0.0000e+00 -0.0000e+00 -0.0000e+00 -0.0000e+00 -0.0000e+00 -0.0000e+00 -0.0000e+00 -0.0000e+00 -0.0000e+00 -0.0000e+00 -0.0000e+00 -0.0000e+00 -0.0000e+00 -0.0000e+00 -0.0000e+00 -0.0000e+00 -0.0000e+00 -0.0000e+00 -0.0000e+00 -0.0000e+00 -8.2242e-07 -2.3278e-06 -4.2814e-06 -6.6020e-06 0.0000e+00 -1.2178e-05 -1.5382e-05 -1.8838e-05 -2.2530e-05 -2.6440e-05 -3.0551e-05 -3.4841e-05 -3.9284e-05 -4.3849e-05 -4.8498e-05 -5.3183e-05 -5.7849e-05 -6.2431e-05 -6.6852e-05 -7.1025e-05 -7.4853e-05 -7.8228e-05 -8.1036e-05 -8.3159e-05 -8.4481e-05 -8.4890e-05 -8.4293e-05 -8.2617e-05 -7.9823e-05 -7.5915e-05 -7.0949e-05 -6.5035e-05 -5.8346e-05 -5.1105e-05 -4.3583e-05 -3.6077e-05 -2.8884e-05 -2.2279e-05 -1.6481e-05 -1.1633e-05 -7.7899e-06 -4.9165e-06 -2.9029e-06 -1.5899e-06 -7.9993e-07 -3.6569e-07 -1.4998e-07 -5.4393e-08 -1.7155e-08 -4.6159e-09 -1.0364e-09 -1.8928e-10 -2.7295e-11 -3.0026e-12 -2.4202e-13 -1.3638e-14 -5.0843e-16 -1.1752e-17 -1.5601e-19 -1.0862e-21 -3.5610e-24 -4.8331e-27 -2.3273e-30 -3.3021e-34 -1.1028e-38 -6.5996e-44 -5.0709e-50 -3.3230e-57 -1.1204e-65 -1.0375e-75 -1.2032e-87 -6.5013e-102 -4.6678e-119 -8.9522e-140 -5.7908e-165 -8.5448e-196 -8.3343e-234 -4.8588e-281 -0.0000e+00 -0.0000e+00 -0.0000e+00 -0.0000e+00 -0.0000e+00 -0.0000e+00 -0.0000e+00 -0.0000e+00 -0.0000e+00 -0.0000e+00 -0.0000e+00 -0.0000e+00 -0.0000e+00 -0.0000e+00 -0.0000e+00 -0.0000e+00 -0.0000e+00 -0.0000e+00 -0.0000e+00 -0.0000e+00 -0.0000e+00 -0.0000e+00
-1.0834e-06 -3.0666e-06 -5.6403e-06 -8.6975e-06 -1.2178e-05 4.2170e-05 -2.0264e-05 -2.4817e-05 -2.9681e-05 -3.4832e-05 -4.0248e-05 -4.5900e-05 -5.1754e-05 -5.7769e-05 -6.3893e-05 -7.0067e-05 -7.6216e-05 -8.2254e-05 -8.8082e-05 -9.3583e-05 -9.8630e-05 -1.0308e-04 -1.0679e-04 -1.0959e-04 -1.1134e-04 -1.1189e-04 -1.1111e-04 -1.0892e-04 -1.0525e-04 -1.0011e-04 -9.3573e-05 -8.5790e-05 -7.6981e-05 -6.7444e-05 -5.7532e-05 -4.7638e-05 -3.8153e-05 -2.9440e-05 -2.1787e-05 -1.5386e-05 -1.0309e-05 -6.5105e-06 -3.8467e-06 -2.1085e-06 -1.0618e-06 -4.8590e-07 -1.9951e-07 -7.2449e-08 -2.2883e-08 -6.1673e-09 -1.3873e-09 -2.5390e-10 -3.6701e-11 -4.0481e-12 -3.2729e-13 -1.8507e-14 -6.9268e-16 -1.6083e-17 -2.1459e-19 -1.5029e-21 -4.9601e-24 -6.7836e-27 -3.2953e-30 -4.7230e-34 -1.5958e-38 -9.6785e-44 -7.5526e-50 -5.0386e-57 -1.7345e-65 -1.6453e-75 -1.9622e-87 -1.0954e-101 -8.1692e-119 -1.6377e-139 -1.1156e-164 -1.7485e-195 -1.8299e-233 -1.1582e-280 -0.0000e+00 -0.0000e+00 -0.0000e+00 -0.0000e+00 -0.0000e+00 -0.0000e+00 -0.0000e+00 -0.0000e+00 -0.0000e+00 -0.0000e+00 -0.0000e+00 -0.0000e+00 -0.0000e+00 -0.0000e+00 -0.0000e+00 -0.0000e+00 -0.0000e+00 -0.0000e+00 -0.0000e+00 -0.0000e+00 -0.0000e+00 -0.0000e+00 -1.0834e-06 -3.0666e-06 -5.6403e-06 -8.6975e-06 -1.2178e-05 0.0000e+00 -2.0264e-05 -2.4817e-05 -2.9680e-05 -3.4832e-05 -4.0248e-05 -4.5900e-05 -5.1753e-05 -5.7767e-05 -6.3891e-05 -7.0063e-05 -7.6211e-05 -8.2248e-05 -8.8073e-05 -9.3571e-05 -9.8614e-05 -1.0306e-04 -1.0676e-04 -1.0956e-04 -1.1130e-04 -1.1185e-04 -1.1106e-04 -1.0885e-04 -1.0518e-04 -1.0003e-04 -9.3489e-05 -8.5700e-05 -7.6888e-05 -6.7350e-05 -5.7440e-05 -4.7550e-05 -3.8073e-05 -2.9368e-05 -2.1727e-05 -1.5338e-05 -1.0272e-05 -6.4839e-06 -3.8289e-06 -2.0974e-06 -1.0555e-06 -4.8261e-07 -1.9798e-07 -7.1820e-08 -2.2658e-08 -6.0987e-09 -1.3699e-09 -2.5029e-10 -3.6111e-11 -3.9746e-12 -3.2058e-13 -1.8078e-14 -6.7451e-16 -1.5606e-17 -2.0739e-19 -1.4457e-21 -4.7465e-24 -6.4526e-27 -3.1130e-30 -4.4266e-34 -1.4822e-38 -8.8959e-44 -6.8590e-50 -4.5128e-57 -1.5288e-65 -1.4236e-75 -1.6619e-87 -9.0501e-102 -6.5587e-119 -1.2720e-139 -8.3387e-165 -1.2505e-195 -1.2439e-233 -7.4268e-281 -0.0000e+00 -0.0000e+00 -0.0000e+00 -0.0000e+00 -0.0000e+00 -0.0000e+00 -0.0000e+00 -0.0000e+00 -0.0000e+00 -0.0000e+00 -0.0000e+00 -0.0000e+00 -0.0000e+00 -0.0000e+00 -0.0000e+00 -0.0000e+00 -0.0000e+00 -0.0000e+00 -0.0000e+00 -0.0000e+00 -0.0000e+00 -0.0000e+00
-1.3685e-06 -3.8734e-06 -7.1242e-06 -1.0986e-05 -1.5382e-05 -2.0264e-05 7.8453e-05 -3.1347e-05 -3.7489e-05 -4.3997e-05 -5.0838e-05 -5.7977e-05 -6.5372e-05 -7.2970e-05 -8.0707e-05 -8.8506e-05 -9.6275e-05 -1.0391e-04 -1.1127e-04 -1.1822e-04 -1.2460e-04 -1.3023e-04 -1.3492e-04 -1.3847e-04 -1.4070e-04 -1.4140e-04 -1.4043e-04 -1.3767e-04 -1.3305e-04 -1.2657e-04 -1.1833e-04 -1.0851e-04 -9.7385e-05 -8.5341e-05 -7.2819e-05 -6.0314e-05 -4.8323e-05 -3.7301e-05 -2.7618e-05 -1.9514e-05 -1.3082e-05 -8.2669e-06 -4.8880e-06 -2.6814e-06 -1.3516e-06 -6.1912e-07 -2.5451e-07 -9.2540e-08 -2.9272e-08 -7.9022e-09 -1.7809e-09 -3.2662e-10 -4.7324e-11 -5.2339e-12 -4.2445e-13 -2.4084e-14 -9.0491e-16 -2.1103e-17 -2.8299e-19 -1.9931e-21 -6.6204e-24 -9.1207e-27 -4.4675e-30 -6.4638e-34 -2.2076e-38 -1.3553e-43 -1.0724e-49 -7.2683e-57 -2.5474e-65 -2.4662e-75 -3.0103e-87 -1.7252e-101 -1.3255e-118 -2.7483e-139 -1.9446e-164 -3.1813e-195 -3.4939e-233 -2.3347e-280 -0.0000e+00 -0.0000e+00 -0.0000e+00 -0.0000e+00 -0.0000e+00 -0.0000e+00 -0.0000e+00 -0.0000e+00 -0.0000e+00 -0.0000e+00 -0.0000e+00 -0.0000e+00 -0.0000e+00 -0.0000e+00 -0.0000e+00 -0.0000e+00 -0.0000e+00 -0.0000e+00 -0.0000e+00 -0.0000e+00 -0.0000e+00 -0.0000e+00 -1.3685e-06 -3.8734e-06 -7.1242e-06 -1.0986e-05 -1.5382e-05 -2.0264e-05 0.0000e+00 -3.1346e-05 -3.7489e-05 -4.3996e-05 -5.0837e-05 -5.7976e-05 -6.5369e-05 -7.2966e-05 -8.0701e-05 -8.8498e-05 -9.6264e-05 -1.0389e-04 -1.1125e-04 -1.1820e-04 -1.2457e-04 -1.3019e-04 -1.3486e-04 -1.3840e-04 -1.4061e-04 -1.4129e-04 -1.4031e-04 -1.3753e-04 -1.3288e-04 -1.2639e-04 -1.1813e-04 -1.0830e-04 -9.7167e-05 -8.5119e-05 -7.2602e-05 -6.0107e-05 -4.8133e-05 -3.7134e-05 -2.7476e-05 -1.9399e-05 -1.2995e-05 -8.2042e-06 -4.8459e-06 -2.6552e-06 -1.3366e-06 -6.1137e-07 -2.5090e-07 -9.1057e-08 -2.8742e-08 -7.7405e-09 -1.7398e-09 -3.1810e-10 -4.5933e-11 -5.0603e-12 -4.0858e-13 -2.3068e-14 -8.6188e-16 -1.9972e-17 -2.6588e-19 -1.8573e-21 -6.1121e-24 -8.3314e-27 -4.0319e-30 -5.7538e-34 -1.9346e-38 -1.1667e-43 -9.0459e-50 -5.9906e-57 -2.0450e-65 -1.9213e-75 -2.2667e-87 -1.2498e-101 -9.1914e-119 -1.8139e-139 -1.2141e-164 -1.8666e-195 -1.9128e-233 -1.1836e-280 -0.0000e+00 -0.0000e+00 -0.0000e+00 -0.0000e+00 -0.0000e+00 -0.0000e+00 -0.0000e+00 -0.0000e+00 -0.0000e+00 -0.0000e+00 -0.0000e+00 -0.0000e+00 -0.0000e+00 -0.0000e+00 -0.0000e+00 -0.0000e+00 -0.0000e+00 -0.0000e+00 -0.0000e+00 -0.0000e+00 -0.0000e+00 -0.0000e+00
-1.6759e-06 -4.7437e-06 -8.7248e-06 -1.3454e-05 -1.8838e-05 -2.4817e-05 -3.1347e-05 1.3449e-04 -4.5913e-05 -5.3882e-05 -6.2261e-05 -7.1005e-05 -8.0062e-05 -8.9369e-05 -9.8847e-05 -1.0840e-04 -1.1792e-04 -1.2727e-04 -1.3630e-04 -1.4482e-04 -1.5265e-04 -1.5955e-04 -1.6531e-04 -1.6968e-04 -1.7242e-04 -1.7331e-04 -1.7215e-04 -1.6879e-04 -1.6315e-04 -1.5524e-04 -1.4517e-04 -1.3316e-04 -1.1955e-04 -1.0480e-04 -8.9465e-05 -7.4137e-05 -5.9429e-05 -4.5902e-05 -3.4009e-05 -2.4048e-05 -1.6136e-05 -1.0207e-05 -6.0416e-06 -3.3183e-06 -1.6749e-06 -7.6845e-07 -3.1645e-07 -1.1529e-07 -3.6549e-08 -9.8915e-09 -2.2355e-09 -4.1129e-10 -5.9805e-11 -6.6408e-12 -5.4099e-13 -3.0852e-14 -1.1659e-15 -2.7365e-17 -3.6962e-19 -2.6246e-21 -8.7986e-24 -1.2248e-26 -6.0693e-30 -8.8969e-34 -3.0835e-38 -1.9246e-43 -1.5513e-49 -1.0734e-56 -3.8501e-65 -3.8249e-75 -4.8049e-87 -2.8432e-101 -2.2636e-118 -4.8820e-139 -3.6089e-164 -6.1982e-195 -7.1858e-233 -5.1010e-280 -0.0000e+00 -0.0000e+00 -0.0000e+00 -0.0000e+00 -0.0000e+00 -0.0000e+00 -0.0000e+00 -0.0000e+00 -0.0000e+00 -0.0000e+00 -0.0000e+00 -0.0000e+00 -0.0000e+00 -0.0000e+00 -0.0000e+00 -0.0000e+00 -0.0000e+00 -0.0000e+00 -0.0000e+00 -0.0000e+00 -0.0000e+00 -0.0000e+00 -1.6759e-06 -4.7437e-06 -8.7248e-06 -1.3454e-05 -1.8838e-05 -2.4817e-05 -3.1346e-05 0.0000e+00 -4.5912e-05 -5.3881e-05 -6.2259e-05 -7.1002e-05 -8.0057e-05 -8.9361e-05 -9.8835e-05 -1.0838e-04 -1.1790e-04 -1.2724e-04 -1.3625e-04 -1.4476e-04 -1.5257e-04 -1.5946e-04 -1.6519e-04 -1.6953e-04 -1.7224e-04 -1.7309e-04 -1.7189e-04 -1.6849e-04 -1.6281e-04 -1.5486e-04 -1.4476e-04 -1.3272e-04 -1.1909e-04 -1.0434e-04 -8.9008e-05 -7.3702e-05 -5.9030e-05 -4.5550e-05 -3.3711e-05 -2.3808e-05 -1.5952e-05 -1.0075e-05 -5.9531e-06 -3.2632e-06 -1.6435e-06 -7.5212e-07 -3.0885e-07 -1.1216e-07 -3.5431e-08 -9.5505e-09 -2.1487e-09 -3.9331e-10 -5.6863e-11 -6.2734e-12 -5.0735e-13 -2.8697e-14 -1.0744e-15 -2.4957e-17 -3.3316e-19 -2.3345e-21 -7.7098e-24 -1.0552e-26 -5.1308e-30 -7.3617e-34 -2.4907e-38 -1.5129e-43 -1.1829e-49 -7.9100e-57 -2.7309e-65 -2.5997e-75 -3.1145e-87 -1.7485e-101 -1.3134e-118 -2.6571e-139 -1.8313e-164 -2.9143e-195 -3.1107e-233 -2.0200e-280 -0.0000e+00 -0.0000e+00 -0.0000e+00 -0.0000e+00 -0.0000e+00 -0.0000e+00 -0.0000e+00 -0.0000e+00 -0.0000e+00 -0.0000e+00 -0.0000e+00 -0.0000e+00 -0.0000e+00 -0.0000e+00 -0.0000e+00 -0.0000e+00 -0.0000e+00 -0.0000e+00 -0.0000e+00 -0.0000e+00 -0.0000e+00 -0.0000e+00
-2.0044e-06 -5.6732e-06 -1.0435e-05 -1.6090e-05 -2.2530e-05 -2.9681e-05 -3.7489e-05 -4.5913e-05 2.1661e-04 -6.4442e-05 -7.4464e-05 -8.4923e-05 -9.5757e-05 -1.0689e-04 -1.1823e-04 -1.2966e-04 -1.4105e-04 -1.5225e-04 -1.6305e-04 -1.7326e-04 -1.8264e-04 -1.9093e-04 -1.9784e-04 -2.0310e-04 -2.0641e-04 -2.0751e-04 -2.0617e-04 -2.0219e-04 -1.9550e-04 -1.8608e-04 -1.7407e-04 -1.5974e-04 -1.4348e-04 -1.2585e-04 -1.0750e-04 -8.9141e-05 -7.1513e-05 -5.5285e-05 -4.1001e-05 -2.9025e-05 -1.9499e-05 -1.2352e-05 -7.3230e-06 -4.0293e-06 -2.0379e-06 -9.3709e-07 -3.8687e-07 -1.4135e-07 -4.4951e-08 -1.2209e-08 -2.7702e-09 -5.1194e-10 -7.4814e-11 -8.3540e-12 -6.8482e-13 -3.9329e-14 -1.4979e-15 -3.5466e-17 -4.8374e-19 -3.4725e-21 -1.1783e-23 -1.6624e-26 -8.3627e-30 -1.2464e-33 -4.4002e-38 -2.8029e-43 -2.3106e-49 -1.6388e-56 -6.0408e-65 -6.1836e-75 -8.0278e-87 -4.9248e-101 -4.0792e-118 -9.1899e-139 -7.1281e-164 -1.2912e-194 -1.5885e-232 -1.2052e-279 -0.0000e+00 -0.0000e+00 -0.0000e+00 -0.0000e+00 -0.0000e+00 -0.0000e+00 -0.0000e+00 -0.0000e+00 -0.0000e+00 -0.0000e+00 -0.0000e+00 -0.0000e+00 -0.0000e+00 -0.0000e+00 -0.0000e+00 -0.0000e+00 -0.0000e+00 -0.0000e+00 -0.0000e+00 -0.0000e+00 -0.0000e+00 -0.0000e+00 -2.0044e-06 -5.6732e-06 -1.0435e-05 -1.6090e-05 -2.2530e-05 -2.9680e-05 -3.7489e-05 -4.5912e-05 0.0000e+00 -6.4440e-05 -7.4460e-05 -8.4916e-05 -9.5747e-05 -1.0687e-04 -1.1821e-04 -1.2963e-04 -1.4101e-04 -1.5218e-04 -1.6297e-04 -1.7315e-04 -1.8249e-04 -1.9074e-04 -1.9760e-04 -2.0280e-04 -2.0605e-04 -2.0708e-04 -2.0566e-04 -2.0161e-04 -1.9484e-04 -1.8535e-04 -1.7328e-04 -1.5889e-04 -1.4260e-04 -1.2496e-04 -1.0662e-04 -8.8304e-05 -7.0743e-05 -5.4605e-05 -4.0426e-05 -2.8561e-05 -1.9145e-05 -1.2097e-05 -7.1520e-06 -3.9228e-06 -1.9770e-06 -9.0548e-07 -3.7216e-07 -1.3529e-07 -4.2784e-08 -1.1547e-08 -2.6016e-09 -4.7698e-10 -6.9086e-11 -7.6377e-12 -6.1914e-13 -3.5114e-14 -1.3187e-15 -3.0736e-17 -4.1191e-19 -2.8993e-21 -9.6241e-24 -1.3250e-26 -6.4855e-30 -9.3771e-34 -3.2006e-38 -1.9641e-43 -1.5537e-49 -1.0530e-56 -3.6927e-65 -3.5794e-75 -4.3788e-87 -2.5186e-101 -1.9459e-118 -4.0677e-139 -2.9123e-164 -4.8445e-195 -5.4447e-233 -3.7549e-280 -0.0000e+00 -0.0000e+00 -0.0000e+00 -0.0000e+00 -0.0000e+00 -0.0000e+00 -0.0000e+00 -0.0000e+00 -0.0000e+00 -0.0000e+00 -0.0000e+00 -0.0000e+00 -0.0000e+00 -0.0000e+00 -0.0000e+00 -0.0000e+00 -0.0000e+00 -0.0000e+00 -0.0000e+00 -0.0000e+00 -0.0000e+00 -0.0000e+00
-2.3523e-06 -6.6579e-06 -1.2246e-05 -1.8883e-05 -2.6440e-05 -3.4832e-05 -4.3997e-05 -5.3882e-05 -6.4442e-05 3.3219e-04 -8.7392e-05 -9.9669e-05 -1.1239e-04 -1.2546e-04 -1.3877e-04 -1.5220e-04 -1.6558e-04 -1.7873e-04 -1.9144e-04 -2.0345e-04 -2.1448e-04 -2.2424e-04 -2.3240e-04 -2.3863e-04 -2.4257e-04 -2.4393e-04 -2.4242e-04 -2.3784e-04 -2.3005e-04 -2.1907e-04 -2.0504e-04 -1.8827e-04 -1.6922e-04 -1.4854e-04 -1.2699e-04 -1.0540e-04 -8.4652e-05 -6.5522e-05 -4.8661e-05 -3.4501e-05 -2.3219e-05 -1.4737e-05 -8.7562e-06 -4.8297e-06 -2.4495e-06 -1.1298e-06 -4.6804e-07 -1.7166e-07 -5.4828e-08 -1.4963e-08 -3.4133e-09 -6.3455e-10 -9.3347e-11 -1.0500e-11 -8.6785e-13 -5.0294e-14 -1.9348e-15 -4.6324e-17 -6.3965e-19 -4.6543e-21 -1.6030e-23 -2.2991e-26 -1.1775e-29 -1.7899e-33 -6.4562e-38 -4.2102e-43 -3.5606e-49 -2.5968e-56 -9.8661e-65 -1.0438e-74 -1.4047e-86 -8.9625e-101 -7.7499e-118 -1.8306e-138 -1.4961e-163 -2.8728e-194 -3.7725e-232 -3.0812e-279 -0.0000e+00 -0.0000e+00 -0.0000e+00 -0.0000e+00 -0.0000e+00 -0.0000e+00 -0.0000e+00 -0.0000e+00 -0.0000e+00 -0.0000e+00 -0.0000e+00 -0.0000e+00 -0.0000e+00 -0.0000e+00 -0.0000e+00 -0.0000e+00 -0.0000e+00 -0.0000e+00 -0.0000e+00 -0.0000e+00 -0.0000e+00 -0.0000e+00 -2.3523e-06 -6.6579e-06 -1.2246e-05 -1.8883e-05 -2.6440e-05 -3.4832e-05 -4.3996e-05 -5.3881e-05 -6.4440e-05 0.0000e+00 -8.7385e-05 -9.9657e-05 -1.1237e-04 -1.2543e-04 -1.3873e-04 -1.5214e-04 -1.6550e-04 -1.7862e-04 -1.9128e-04 -2.0324e-04 -2.1422e-04 -2.2390e-04 -2.3198e-04 -2.3810e-04 -2.4193e-04 -2.4316e-04 -2.4152e-04 -2.3679e-04 -2.2886e-04 -2.1775e-04 -2.0360e-04 -1.8673e-04 -1.6763e-04 -1.4692e-04 -1.2540e-04 -1.0389e-04 -8.3263e-05 -6.4295e-05 -4.7623e-05 -3.3664e-05 -2.2579e-05 -1.4277e-05 -8.4470e-06 -4.6371e-06 -2.3393e-06 -1.0726e-06 -4.4137e-07 -1.6067e-07 -5.0891e-08 -1.3759e-08 -3.1062e-09 -5.7079e-10 -8.2884e-11 -9.1896e-12 -7.4736e-13 -4.2543e-14 -1.6044e-15 -3.7572e-17 -5.0625e-19 -3.5852e-21 -1.1984e-23 -1.6631e-26 -8.2147e-30 -1.2001e-33 -4.1449e-38 -2.5781e-43 -2.0713e-49 -1.4290e-56 -5.1139e-65 -5.0740e-75 -6.3755e-87 -3.7814e-101 -3.0264e-118 -6.5881e-139 -4.9416e-164 -8.6722e-195 -1.0366e-232 -7.6758e-280 -0.0000e+00 -0.0000e+00 -0.0000e+00 -0.0000e+00 -0.0000e+00 -0.0000e+00 -0.0000e+00 -0.0000e+00 -0.0000e+00 -0.0000e+00 -0.0000e+00 -0.0000e+00 -0.0000e+00 -0.0000e+00 -0.0000e+00 -0.0000e+00 -0.0000e+00 -0.0000e+00 -0.0000e+00 -0.0000e+00 -0.0000e+00 -0.0000e+00
-2.7180e-06 -7.6931e-06 -1.4150e-05 -2.1819e-05 -3.0551e-05 -4.0248e-05 -5.0838e-05 -6.2261e-05 -7.4464e-05 -8.7392e-05 4.8968e-04 -1.1518e-04 -1.2988e-04 -1.4499e-04 -1.6038e-04 -1.7591e-04 -1.9140e-04 -2.0662e-04 -2.2133e-04 -2.3525e-04 -2.4805e-04 -2.5939e-04 -2.6889e-04 -2.7616e-04 -2.8082e-04 -2.8249e-04 -2.8086e-04 -2.7568e-04 -2.6680e-04 -2.5422e-04 -2.3811e-04 -2.1880e-04 -1.9685e-04 -1.7297e-04 -1.4804e-04 -1.2304e-04 -9.8961e-05 -7.6725e-05 -5.7087e-05 -4.0559e-05 -2.7360e-05 -1.7410e-05 -1.0375e-05 -5.7413e-06 -2.9224e-06 -1.3534e-06 -5.6321e-07 -2.0760e-07 -6.6677e-08 -1.8309e-08 -4.2053e-09 -7.8772e-10 -1.1685e-10 -1.3266e-11 -1.1076e-12 -6.4906e-14 -2.5276e-15 -6.1332e-17 -8.5934e-19 -6.3533e-21 -2.2265e-23 -3.2539e-26 -1.7009e-29 -2.6433e-33 -9.7651e-38 -6.5347e-43 -5.6830e-49 -4.2718e-56 -1.6770e-64 -1.8385e-74 -2.5718e-86 -1.7119e-100 -1.5509e-117 -3.8567e-138 -3.3379e-163 -6.8333e-194 -9.6450e-232 -8.5491e-279 -0.0000e+00 -0.0000e+00 -0.0000e+00 -0.0000e+00 -0.0000e+00 -0.0000e+00 -0.0000e+00 -0.0000e+00 -0.0000e+00 -0.0000e+00 -0.0000e+00 -0.0000e+00 -0.0000e+00 -0.0000e+00 -0.0000e+00 -0.0000e+00 -0.0000e+00 -0.0000e+00 -0.0000e+00 -0.0000e+00 -0.0000e+00 -0.0000e+00 -2.7180e-06 -7.6931e-06 -1.4150e-05 -2.1819e-05 -3.0551e-05 -4.0248e-05 -5.0837e-05 -6.2259e-05 -7.4460e-05 -8.7385e-05 0.0000e+00 -1.1516e-04 -1.2985e-04 -1.4494e-04 -1.6031e-04 -1.7581e-04 -1.9125e-04 -2.0642e-04 -2.2106e-04 -2.3490e-04 -2.4760e-04 -2.5881e-04 -2.6816e-04 -2.7526e-04 -2.7972e-04 -2.8118e-04 -2.7932e-04 -2.7389e-04 -2.6477e-04 -2.5197e-04 -2.3565e-04 -2.1619e-04 -1.9413e-04 -1.7021e-04 -1.4533e-04 -1.2046e-04 -9.6590e-05 -7.4629e-05 -5.5312e-05 -3.9127e-05 -2.6266e-05 -1.6623e-05 -9.8453e-06 -5.4111e-06 -2.7333e-06 -1.2551e-06 -5.1734e-07 -1.8868e-07 -5.9889e-08 -1.6231e-08 -3.6740e-09 -6.7716e-10 -9.8667e-11 -1.0982e-11 -8.9700e-13 -5.1312e-14 -1.9458e-15 -4.5857e-17 -6.2229e-19 -4.4427e-21 -1.4987e-23 -2.1014e-26 -1.0502e-29 -1.5549e-33 -5.4524e-38 -3.4502e-43 -2.8266e-49 -1.9939e-56 -7.3179e-65 -7.4719e-75 -9.6994e-87 -5.9698e-101 -4.9832e-118 -1.1380e-138 -9.0136e-164 -1.6831e-194 -2.1597e-232 -1.7343e-279 -0.0000e+00 -0.0000e+00 -0.0000e+00 -0.0000e+00 -0.0000e+00 -0.0000e+00 -0.0000e+00 -0.0000e+00 -0.0000e+00 -0.0000e+00 -0.0000e+00 -0.0000e+00 -0.0000e+00 -0.0000e+00 -0.0000e+00 -0.0000e+00 -0.0000e+00 -0.0000e+00 -0.0000e+00 -0.0000e+00 -0.0000e+00 -0.0000e+00
-3.0996e-06 -8.7734e-06 -1.6137e-05 -2.4883e-05 -3.4841e-05 -4.5900e-05 -5.7977e-05 -7.1005e-05 -8.4923e-05 -9.9669e-05 -1.1518e-04 6.9872e-04 -1.4814e-04 -1.6538e-04 -1.8296e-04 -2.0069e-04 -2.1838e-04 -2.3577e-04 -2.5260e-04 -2.6853e-04 -2.8321e-04 -2.9624e-04 -3.0718e-04 -3.1560e-04 -3.2105e-04 -3.2312e-04 -3.2143e-04 -3.1569e-04 -3.0575e-04 -2.9157e-04 -2.7334e-04 -2.5145e-04 -2.2648e-04 -1.9928e-04 -1.7082e-04 -1.4221e-04 -1.1460e-04 -8.9044e-05 -6.6413e-05 -4.7313e-05 -3.2012e-05 -2.0440e-05 -1.2226e-05 -6.7938e-06 -3.4742e-06 -1.6172e-06 -6.7682e-07 -2.5105e-07 -8.1192e-08 -2.2465e-08 -5.2034e-09 -9.8369e-10 -1.4740e-10 -1.6919e-11 -1.4296e-12 -8.4880e-14 -3.3526e-15 -8.2609e-17 -1.1768e-18 -8.8579e-21 -3.1647e-23 -4.7221e-26 -2.5241e-29 -4.0179e-33 -1.5232e-37 -1.0480e-42 -9.3910e-49 -7.2913e-56 -2.9646e-64 -3.3765e-74 -4.9247e-86 -3.4320e-100 -3.2708e-117 -8.6049e-138 -7.9305e-163 -1.7423e-193 -2.6633e-231 -2.5845e-278 -0.0000e+00 -0.0000e+00 -0.0000e+00 -0.0000e+00 -0.0000e+00 -0.0000e+00 -0.0000e+00 -0.0000e+00 -0.0000e+00 -0.0000e+00 -0.0000e+00 -0.0000e+00 -0.0000e+00 -0.0000e+00 -0.0000e+00 -0.0000e+00 -0.0000e+00 -0.0000e+00 -0.0000e+00 -0.0000e+00 -0.0000e+00 -0.0000e+00 -3.0996e-06 -8.7734e-06 -1.6137e-05 -2.4883e-05 -3.4841e-05 -4.5900e-05 -5.7976e-05 -7.1002e-05 -8.4916e-05 -9.9657e-05 -1.1516e-04 0.0000e+00 -1.4809e-04 -1.6530e-04 -1.8284e-04 -2.0052e-04 -2.1814e-04 -2.3545e-04 -2.5217e-04 -2.6797e-04 -2.8247e-04 -2.9529e-04 -3.0599e-04 -3.1413e-04 -3.1927e-04 -3.2098e-04 -3.1891e-04 -3.1279e-04 -3.0245e-04 -2.8790e-04 -2.6934e-04 -2.4718e-04 -2.2205e-04 -1.9478e-04 -1.6640e-04 -1.3800e-04 -1.1073e-04 -8.5620e-05 -6.3512e-05 -4.4971e-05 -3.0221e-05 -1.9150e-05 -1.1357e-05 -6.2516e-06 -3.1634e-06 -1.4554e-06 -6.0122e-07 -2.1982e-07 -6.9965e-08 -1.9020e-08 -4.3206e-09 -7.9948e-10 -1.1701e-10 -1.3088e-11 -1.0751e-12 -6.1892e-14 -2.3639e-15 -5.6158e-17 -7.6903e-19 -5.5467e-21 -1.8928e-23 -2.6888e-26 -1.3637e-29 -2.0526e-33 -7.3329e-38 -4.7388e-43 -3.9753e-49 -2.8800e-56 -1.0893e-64 -1.1505e-74 -1.5515e-86 -9.9688e-101 -8.7345e-118 -2.1067e-138 -1.7751e-163 -3.5552e-194 -4.9396e-232 -4.3431e-279 -0.0000e+00 -0.0000e+00 -0.0000e+00 -0.0000e+00 -0.0000e+00 -0.0000e+00 -0.0000e+00 -0.0000e+00 -0.0000e+00 -0.0000e+00 -0.0000e+00 -0.0000e+00 -0.0000e+00 -0.0000e+00 -0.0000e+00 -0.0000e+00 -0.0000e+00 -0.0000e+00 -0.0000e+00 -0.0000e+00 -0.0000e+00 -0.0000e+00
-3.4949e-06 -9.8922e-06 -1.8194e-05 -2.8056e-05 -3.9285e-05 -5.1754e-05 -6.5372e-05 -8.0062e-05 -9.5757e-05 -1.1239e-04 -1.2988e-04 -1.4814e-04 9.7023e-04 -1.8653e-04 -2.0636e-04 -2.2639e-04 -2.4638e-04 -2.6605e-04 -2.8510e-04 -3.0315e-04 -3.1982e-04 -3.3464e-04 -3.4713e-04 -3.5681e-04 -3.6317e-04 -3.6573e-04 -3.6408e-04 -3.5787e-04 -3.4691e-04 -3.3118e-04 -3.1085e-04 -2.8633e-04 -2.5830e-04 -2.2767e-04 -1.9553e-04 -1.6315e-04 -1.3179e-04 -1.0268e-04 -7.6819e-05 -5.4912e-05 -3.7295e-05 -2.3913e-05 -1.4371e-05 -8.0270e-06 -4.1283e-06 -1.9338e-06 -8.1493e-07 -3.0458e-07 -9.9326e-08 -2.7734e-08 -6.4875e-09 -1.2397e-09 -1.8795e-10 -2.1848e-11 -1.8715e-12 -1.1276e-13 -4.5251e-15 -1.1341e-16 -1.6453e-18 -1.2628e-20 -4.6069e-23 -7.0294e-26 -3.8484e-29 -6.2850e-33 -2.4490e-37 -1.7357e-42 -1.6059e-48 -1.2907e-55 -5.4497e-64 -6.4679e-74 -9.8700e-86 -7.2303e-100 -7.2825e-117 -2.0377e-137 -2.0121e-162 -4.7770e-193 -7.9716e-231 -8.5461e-278 -0.0000e+00 -0.0000e+00 -0.0000e+00 -0.0000e+00 -0.0000e+00 -0.0000e+00 -0.0000e+00 -0.0000e+00 -0.0000e+00 -0.0000e+00 -0.0000e+00 -0.0000e+00 -0.0000e+00 -0.0000e+00 -0.0000e+00 -0.0000e+00 -0.0000e+00 -0.0000e+00 -0.0000e+00 -0.0000e+00 -0.0000e+00 -0.0000e+00 -3.4949e-06 -9.8922e-06 -1.8194e-05 -2.8056e-05 -3.9284e-05 -5.1753e-05 -6.5369e-05 -8.0057e-05 -9.5747e-05 -1.1237e-04 -1.2985e-04 -1.4809e-04 0.0000e+00 -1.8640e-04 -2.0618e-04 -2.2613e-04 -2.4601e-04 -2.6555e-04 -2.8442e-04 -3.0226e-04 -3.1866e-04 -3.3316e-04 -3.4528e-04 -3.5452e-04 -3.6037e-04 -3.6239e-04 -3.6014e-04 -3.5331e-04 -3.4174e-04 -3.2542e-04 -3.0457e-04 -2.7964e-04 -2.5134e-04 -2.2061e-04 -1.8859e-04 -1.5653e-04 -1.2570e-04 -9.7291e-05 -7.2250e-05 -5.1221e-05 -3.4469e-05 -2.1876e-05 -1.2997e-05 -7.1684e-06 -3.6353e-06 -1.6767e-06 -6.9460e-07 -2.5476e-07 -8.1374e-08 -2.2210e-08 -5.0677e-09 -9.4242e-10 -1.3871e-10 -1.5613e-11 -1.2916e-12 -7.4949e-14 -2.8882e-15 -6.9303e-17 -9.5973e-19 -7.0097e-21 -2.4260e-23 -3.5011e-26 -1.8073e-29 -2.7748e-33 -1.0135e-37 -6.7143e-43 -5.7910e-49 -4.3277e-56 -1.6946e-64 -1.8606e-74 -2.6204e-86 -1.7674e-100 -1.6353e-117 -4.1928e-138 -3.7845e-163 -8.1917e-194 -1.2428e-231 -1.2077e-278 -0.0000e+00 -0.0000e+00 -0.0000e+00 -0.0000e+00 -0.0000e+00 -0.0000e+00 -0.0000e+00 -0.0000e+00 -0.0000e+00 -0.0000e+00 -0.0000e+00 -0.0000e+00 -0.0000e+00 -0.0000e+00 -0.0000e+00 -0.0000e+00 -0.0000e+00 -0.0000e+00 -0.0000e+00 -0.0000e+00 -0.0000e+00 -0.0000e+00
-3.9010e-06 -1.1042e-05 -2.0309e-05 -3.1316e-05 -4.3850e-05 -5.7769e-05 -7.2970e-05 -8.9369e-05 -1.0689e-04 -1.2546e-04 -1.4499e-04 -1.6538e-04 -1.8653e-04 1.3165e-03 -2.3045e-04 -2.5285e-04 -2.7522e-04 -2.9726e-04 -3.1863e-04 -3.3891e-04 -3.5767e-04 -3.7441e-04 -3.8858e-04 -3.9965e-04 -4.0705e-04 -4.1024e-04 -4.0875e-04 -4.0219e-04 -3.9033e-04 -3.7313e-04 -3.5075e-04 -3.2364e-04 -2.9252e-04 -2.5838e-04 -2.2245e-04 -1.8611e-04 -1.5081e-04 -1.1789e-04 -8.8533e-05 -6.3552e-05 -4.3364e-05 -2.7947e-05 -1.6890e-05 -9.4931e-06 -4.9157e-06 -2.3200e-06 -9.8566e-07 -3.7168e-07 -1.2238e-07 -3.4531e-08 -8.1694e-09 -1.5803e-09 -2.4274e-10 -2.8617e-11 -2.4886e-12 -1.5238e-13 -6.2210e-15 -1.5880e-16 -2.3493e-18 -1.8412e-20 -6.8678e-23 -1.0731e-25 -6.0259e-29 -1.0113e-32 -4.0577e-37 -2.9681e-42 -2.8418e-48 -2.3708e-55 -1.0425e-63 -1.2937e-73 -2.0735e-85 -1.6038e-99 -1.7158e-116 -5.1351e-137 -5.4678e-162 -1.4131e-192 -2.5955e-230 -3.1028e-277 -0.0000e+00 -0.0000e+00 -0.0000e+00 -0.0000e+00 -0.0000e+00 -0.0000e+00 -0.0000e+00 -0.0000e+00 -0.0000e+00 -0.0000e+00 -0.0000e+00 -0.0000e+00 -0.0000e+00 -0.0000e+00 -0.0000e+00 -0.0000e+00 -0.0000e+00 -0.0000e+00 -0.0000e+00 -0.0000e+00 -0.0000e+00 -0.0000e+00 -3.9010e-06 -1.1042e-05 -2.0309e-05 -3.1316e-05 -4.3849e-05 -5.7767e-05 -7.2966e-05 -8.9361e-05 -1.0687e-04 -1.2543e-04 -1.4494e-04 -1.6530e-04 -1.8640e-04 0.0000e+00 -2.3018e-04 -2.5246e-04 -2.7467e-04 -2.9651e-04 -3.1761e-04 -3.3756e-04 -3.5592e-04 -3.7217e-04 -3.8577e-04 -3.9617e-04 -4.0281e-04 -4.0516e-04 -4.0277e-04 -3.9528e-04 -3.8248e-04 -3.6438e-04 -3.4121e-04 -3.1347e-04 -2.8193e-04 -2.4765e-04 -2.1189e-04 -1.7604e-04 -1.4153e-04 -1.0967e-04 -8.1559e-05 -5.7912e-05 -3.9040e-05 -2.4826e-05 -1.4783e-05 -8.1737e-06 -4.1568e-06 -1.9233e-06 -7.9955e-07 -2.9441e-07 -9.4455e-08 -2.5908e-08 -5.9443e-09 -1.1123e-09 -1.6485e-10 -1.8701e-11 -1.5605e-12 -9.1433e-14 -3.5617e-15 -8.6503e-17 -1.2142e-18 -9.0023e-21 -3.1682e-23 -4.6581e-26 -2.4550e-29 -3.8572e-33 -1.4455e-37 -9.8525e-43 -8.7709e-49 -6.7891e-56 -2.7643e-64 -3.1699e-74 -4.6856e-86 -3.3353e-100 -3.2773e-117 -8.9885e-138 -8.7504e-163 -2.0624e-193 -3.4454e-231 -3.7351e-278 -0.0000e+00 -0.0000e+00 -0.0000e+00 -0.0000e+00 -0.0000e+00 -0.0000e+00 -0.0000e+00 -0.0000e+00 -0.0000e+00 -0.0000e+00 -0.0000e+00 -0.0000e+00 -0.0000e+00 -0.0000e+00 -0.0000e+00 -0.0000e+00 -0.0000e+00 -0.0000e+00 -0.0000e+00 -0.0000e+00 -0.0000e+00 -0.0000e+00
-4.3146e-06 -1.2212e-05 -2.2461e-05 -3.4636e-05 -4.8499e-05 -6.3893e-05 -8.0707e-05 -9.8847e-05 -1.1823e-04 -1.3877e-04 -1.6038e-04 -1.8296e-04 -2.0636e-04 -2.3045e-04 1.7514e-03 -2.7987e-04 -3.0470e-04 -3.2919e-04 -3.5296e-04 -3.7558e-04 -3.9655e-04 -4.1532e-04 -4.3132e-04 -4.4393e-04 -4.5253e-04 -4.5652e-04 -4.5537e-04 -4.4863e-04 -4.3604e-04 -4.1751e-04 -3.9320e-04 -3.6357e-04 -3.2940e-04 -2.9173e-04 -2.5192e-04 -2.1147e-04 -1.7198e-04 -1.3500e-04 -1.0185e-04 -7.3476e-05 -5.0414e-05 -3.2690e-05 -1.9888e-05 -1.1260e-05 -5.8773e-06 -2.7978e-06 -1.1999e-06 -4.5706e-07 -1.5214e-07 -4.3434e-08 -1.0406e-08 -2.0401e-09 -3.1789e-10 -3.8054e-11 -3.3634e-12 -2.0954e-13 -8.7131e-15 -2.2680e-16 -3.4256e-18 -2.7445e-20 -1.0481e-22 -1.6794e-25 -9.6884e-29 -1.6737e-32 -6.9290e-37 -5.2428e-42 -5.2077e-48 -4.5224e-55 -2.0780e-63 -2.7063e-73 -4.5752e-85 -3.7539e-99 -4.2886e-116 -1.3810e-136 -1.5962e-161 -4.5242e-192 -9.2231e-230 -1.2412e-276 -0.0000e+00 -0.0000e+00 -0.0000e+00 -0.0000e+00 -0.0000e+00 -0.0000e+00 -0.0000e+00 -0.0000e+00 -0.0000e+00 -0.0000e+00 -0.0000e+00 -0.0000e+00 -0.0000e+00 -0.0000e+00 -0.0000e+00 -0.0000e+00 -0.0000e+00 -0.0000e+00 -0.0000e+00 -0.0000e+00 -0.0000e+00 -0.0000e+00 -4.3146e-06 -1.2212e-05 -2.2461e-05 -3.4636e-05 -4.8498e-05 -6.3891e-05 -8.0701e-05 -9.8835e-05 -1.1821e-04 -1.3873e-04 -1.6031e-04 -1.8284e-04 -2.0618e-04 -2.3018e-04 0.0000e+00 -2.7929e-04 -3.0389e-04 -3.2808e-04 -3.5146e-04 -3.7359e-04 -3.9397e-04 -4.1203e-04 -4.2718e-04 -4.3880e-04 -4.4628e-04 -4.4904e-04 -4.4656e-04 -4.3844e-04 -4.2446e-04 -4.0461e-04 -3.7913e-04 -3.4856e-04 -3.1376e-04 -2.7587e-04 -2.3629e-04 -1.9655e-04 -1.5823e-04 -1.2281e-04 -9.1485e-05 -6.5087e-05 -4.3974e-05 -2.8032e-05 -1.6738e-05 -9.2835e-06 -4.7376e-06 -2.2005e-06 -9.1876e-07 -3.3995e-07 -1.0966e-07 -3.0261e-08 -6.9899e-09 -1.3178e-09 -1.9695e-10 -2.2552e-11 -1.9015e-12 -1.1270e-13 -4.4469e-15 -1.0955e-16 -1.5622e-18 -1.1787e-20 -4.2294e-23 -6.3533e-26 -3.4288e-29 -5.5304e-33 -2.1335e-37 -1.5015e-42 -1.3848e-48 -1.1147e-55 -4.7392e-64 -5.7012e-74 -8.8870e-86 -6.7109e-100 -7.0424e-117 -2.0788e-137 -2.1975e-162 -5.6826e-193 -1.0541e-230 -1.2871e-277 -0.0000e+00 -0.0000e+00 -0.0000e+00 -0.0000e+00 -0.0000e+00 -0.0000e+00 -0.0000e+00 -0.0000e+00 -0.0000e+00 -0.0000e+00 -0.0000e+00 -0.0000e+00 -0.0000e+00 -0.0000e+00 -0.0000e+00 -0.0000e+00 -0.0000e+00 -0.0000e+00 -0.0000e+00 -0.0000e+00 -0.0000e+00 -0.0000e+00
-4.7314e-06 -1.3392e-05 -2.4631e-05 -3.7982e-05 -5.3184e-05 -7.0067e-05 -8.8506e-05 -1.0840e-04 -1.2966e-04 -1.5220e-04 -1.7591e-04 -2.0069e-04 -2.2639e-04 -2.5285e-04 -2.7987e-04 2.2902e-03 -3.3455e-04 -3.6156e-04 -3.8782e-04 -4.1287e-04 -4.3616e-04 -4.5712e-04 -4.7510e-04 -4.8942e-04 -4.9942e-04 -5.0443e-04 -5.0384e-04 -4.9717e-04 -4.8408e-04 -4.6444e-04 -4.3839e-04 -4.0640e-04 -3.6926e-04 -3.2809e-04 -2.8433e-04 -2.3963e-04 -1.9575e-04 -1.5441e-04 -1.1712e-04 -8.4994e-05 -5.8696e-05 -3.8330e-05 -2.3500e-05 -1.3417e-05 -7.0663e-06 -3.3968e-06 -1.4721e-06 -5.6707e-07 -1.9105e-07 -5.5243e-08 -1.3417e-08 -2.6688e-09 -4.2231e-10 -5.1385e-11 -4.6209e-12 -2.9319e-13 -1.2430e-14 -3.3029e-16 -5.0993e-18 -4.1818e-20 -1.6373e-22 -2.6945e-25 -1.5997e-28 -2.8503e-32 -1.2202e-36 -9.5741e-42 -9.8942e-48 -8.9725e-55 -4.3233e-63 -5.9327e-73 -1.0626e-84 -9.2938e-99 -1.1400e-115 -3.9742e-136 -5.0203e-161 -1.5725e-191 -3.5888e-229 -5.4900e-276 -0.0000e+00 -0.0000e+00 -0.0000e+00 -0.0000e+00 -0.0000e+00 -0.0000e+00 -0.0000e+00 -0.0000e+00 -0.0000e+00 -0.0000e+00 -0.0000e+00 -0.0000e+00 -0.0000e+00 -0.0000e+00 -0.0000e+00 -0.0000e+00 -0.0000e+00 -0.0000e+00 -0.0000e+00 -0.0000e+00 -0.0000e+00 -0.0000e+00 -4.7314e-06 -1.3392e-05 -2.4631e-05 -3.7982e-05 -5.3183e-05 -7.0063e-05 -8.8498e-05 -1.0838e-04 -1.2963e-04 -1.5214e-04 -1.7581e-04 -2.0052e-04 -2.2613e-04 -2.5246e-04 -2.7929e-04 0.0000e+00 -3.3338e-04 -3.5996e-04 -3.8567e-04 -4.1002e-04 -4.3246e-04 -4.5238e-04 -4.6914e-04 -4.8205e-04 -4.9045e-04 -4.9368e-04 -4.9118e-04 -4.8252e-04 -4.6742e-04 -4.4588e-04 -4.1813e-04 -3.8477e-04 -3.4671e-04 -3.0521e-04 -2.6176e-04 -2.1806e-04 -1.7585e-04 -1.3674e-04 -1.0208e-04 -7.2800e-05 -4.9317e-05 -3.1533e-05 -1.8892e-05 -1.0518e-05 -5.3901e-06 -2.5154e-06 -1.0557e-06 -3.9292e-07 -1.2757e-07 -3.5460e-08 -8.2570e-09 -1.5707e-09 -2.3708e-10 -2.7447e-11 -2.3426e-12 -1.4073e-13 -5.6360e-15 -1.4114e-16 -2.0495e-18 -1.5776e-20 -5.7867e-23 -8.9056e-26 -4.9360e-29 -8.1979e-33 -3.2660e-37 -2.3814e-42 -2.2836e-48 -1.9187e-55 -8.5528e-64 -1.0841e-73 -1.7905e-85 -1.4417e-99 -1.6249e-116 -5.1941e-137 -6.0033e-162 -1.7162e-192 -3.5656e-230 -4.9507e-277 -0.0000e+00 -0.0000e+00 -0.0000e+00 -0.0000e+00 -0.0000e+00 -0.0000e+00 -0.0000e+00 -0.0000e+00 -0.0000e+00 -0.0000e+00 -0.0000e+00 -0.0000e+00 -0.0000e+00 -0.0000e+00 -0.0000e+00 -0.0000e+00 -0.0000e+00 -0.0000e+00 -0.0000e+00 -0.0000e+00 -0.0000e+00 -0.0000e+00
