1.0994e-04 -8.7295e-05 -1.0559e-04 -1.1982e-04 -1.3100e-04 -1.3963e-04 -1.4602e-04 -1.5038e-04 -1.5290e-04 -1.5373e-04 -1.5303e-04 -1.5095e-04 -1.4764e-04 -1.4326e-04 -1.3797e-04 -1.3191e-04 -1.2526e-04 -1.1814e-04 -1.1071e-04 -1.0308e-04 -9.5386e-05 -8.7727e-05 -8.0199e-05 -7.2884e-05 -6.5851e-05 -5.9154e-05 -5.2835e-05 -4.6924e-05 -4.1442e-05 -3.6396e-05 -3.1789e-05 -2.7613e-05 -2.3854e-05 -2.0496e-05 -1.7515e-05 -1.4888e-05 -1.2587e-05 -1.0585e-05 -8.8537e-06 -7.3667e-06 -6.0971e-06 -5.0198e-06 -4.1111e-06 -3.3493e-06 -2.7145e-06 -2.1885e-06 -1.7552e-06 -1.4004e-06 -1.1116e-06 -8.7774e-07 -6.8952e-07 -5.3886e-07 -4.1896e-07 -3.2406e-07 -2.4937e-07 -1.9091e-07 -1.4540e-07 -1.1018e-07 -8.3060e-08 -6.2297e-08 -4.6486e-08 -3.4511e-08 -2.5490e-08 -1.8731e-08 -1.3695e-08 -9.9613e-09 -7.2090e-09 -5.1907e-09 -3.7185e-09 -2.6503e-09 -1.8794e-09 -1.3260e-09 -9.3080e-10 -6.5009e-10 -4.5174e-10 -3.1232e-10 -2.1484e-10 -1.4704e-10 -1.0012e-10 -6.7835e-11 -4.5728e-11 -3.0669e-11 -2.0466e-11 -1.3589e-11 -8.9768e-12 -5.9003e-12 -3.8586e-12 -2.5108e-12 -1.6255e-12 -1.0471e-12 -6.7108e-13 -4.2794e-13 -2.7152e-13 -1.7141e-13 -1.0767e-13 -6.7290e-14 -4.1843e-14 -2.5889e-14 -1.5937e-14 -9.7619e-15 0.0000e+00 8.7290e-05 1.0558e-04 1.1980e-04 1.3096e-04 1.3957e-04 1.4593e-04 1.5026e-04 1.5275e-04 1.5354e-04 1.5280e-04 1.5067e-04 1.4733e-04 1.4291e-04 1.3758e-04 1.3149e-04 1.2481e-04 1.1767e-04 1.1021e-04 1.0257e-04 9.4862e-05 8.7199e-05 7.9672e-05 7.2363e-05 6.5340e-05 5.8657e-05 5.2357e-05 4.6468e-05 4.1010e-05 3.5991e-05 3.1411e-05 2.7263e-05 2.3533e-05 2.0203e-05 1.7250e-05 1.4650e-05 1.2374e-05 1.0396e-05 8.6880e-06 7.2218e-06 5.9712e-06 4.9111e-06 4.0179e-06 3.2699e-06 2.6472e-06 2.1318e-06 1.7078e-06 1.3611e-06 1.0790e-06 8.5101e-07 6.6769e-07 5.2115e-07 4.0466e-07 3.1259e-07 2.4022e-07 1.8366e-07 1.3969e-07 1.0570e-07 7.9573e-08 5.9595e-08 4.4404e-08 3.2916e-08 2.4275e-08 1.7811e-08 1.3002e-08 9.4425e-09 6.8226e-09 4.9044e-09 3.5076e-09 2.4959e-09 1.7669e-09 1.2445e-09 8.7206e-10 6.0799e-10 4.2173e-10 2.9105e-10 1.9984e-10 1.3652e-10 9.2790e-11 6.2748e-11 4.2217e-11 2.8260e-11 1.8822e-11 1.2472e-11 8.2229e-12 5.3939e-12 3.5203e-12 2.2859e-12 1.4768e-12 9.4930e-13 6.0713e-13 3.8634e-13 2.4460e-13 1.5408e-13 9.6567e-14 6.0218e-14 3.7362e-14 2.3064e-14 1.4166e-14 8.6569e-15
-8.7295e-05 4.3972e-04 -1.4826e-04 -1.6829e-04 -1.8405e-04 -1.9626e-04 -2.0534e-04 -2.1159e-04 -2.1527e-04 -2.1659e-04 -2.1577e-04 -2.1302e-04 -2.0854e-04 -2.0256e-04 -1.9529e-04 -1.8694e-04 -1.7772e-04 -1.6784e-04 -1.5750e-04 -1.4686e-04 -1.3610e-04 -1.2537e-04 -1.1480e-04 -1.0451e-04 -9.4594e-05 -8.5132e-05 -7.6185e-05 -6.7797e-05 -6.0000e-05 -5.2808e-05 -4.6225e-05 -4.0243e-05 -3.4847e-05 -3.0012e-05 -2.5711e-05 -2.1909e-05 -1.8571e-05 -1.5658e-05 -1.3133e-05 -1.0958e-05 -9.0953e-06 -7.5099e-06 -6.1687e-06 -5.0408e-06 -4.0979e-06 -3.3142e-06 -2.6666e-06 -2.1345e-06 -1.6999e-06 -1.3468e-06 -1.0616e-06 -8.3252e-07 -6.4955e-07 -5.0422e-07 -3.8941e-07 -2.9922e-07 -2.2875e-07 -1.7399e-07 -1.3167e-07 -9.9138e-08 -7.4267e-08 -5.5354e-08 -4.1049e-08 -3.0288e-08 -2.2235e-08 -1.6241e-08 -1.1803e-08 -8.5343e-09 -6.1400e-09 -4.3951e-09 -3.1303e-09 -2.2183e-09 -1.5641e-09 -1.0973e-09 -7.6594e-10 -5.3196e-10 -3.6761e-10 -2.5276e-10 -1.7292e-10 -1.1771e-10 -7.9721e-11 -5.3723e-11 -3.6023e-11 -2.4033e-11 -1.5954e-11 -1.0537e-11 -6.9251e-12 -4.5284e-12 -2.9463e-12 -1.9074e-12 -1.2286e-12 -7.8745e-13 -5.0217e-13 -3.1864e-13 -2.0117e-13 -1.2638e-13 -7.8993e-14 -4.9128e-14 -3.0402e-14 -1.8720e-14 8.7290e-05 0.0000e+00 1.4820e-04 1.6816e-04 1.8382e-04 1.9590e-04 2.0483e-04 2.1092e-04 2.1440e-04 2.1552e-04 2.1447e-04 2.1149e-04 2.0679e-04 2.0059e-04 1.9311e-04 1.8457e-04 1.7519e-04 1.6516e-04 1.5470e-04 1.4397e-04 1.3315e-04 1.2240e-04 1.1183e-04 1.0157e-04 9.1713e-05 8.2333e-05 7.3490e-05 6.5224e-05 5.7562e-05 5.0517e-05 4.4089e-05 3.8267e-05 3.3032e-05 2.8357e-05 2.4213e-05 2.0562e-05 1.7368e-05 1.4592e-05 1.2194e-05 1.0136e-05 8.3809e-06 6.8929e-06 5.6392e-06 4.5893e-06 3.7153e-06 2.9920e-06 2.3969e-06 1.9102e-06 1.5144e-06 1.1943e-06 9.3704e-07 7.3137e-07 5.6789e-07 4.3868e-07 3.3711e-07 2.5773e-07 1.9603e-07 1.4833e-07 1.1166e-07 8.3624e-08 6.2307e-08 4.6186e-08 3.4061e-08 2.4990e-08 1.8242e-08 1.3248e-08 9.5717e-09 6.8804e-09 4.9207e-09 3.5012e-09 2.4785e-09 1.7456e-09 1.2232e-09 8.5277e-10 5.9150e-10 4.0819e-10 2.8026e-10 1.9145e-10 1.3012e-10 8.7986e-11 5.9195e-11 3.9623e-11 2.6388e-11 1.7485e-11 1.1527e-11 7.5607e-12 4.9341e-12 3.2037e-12 2.0697e-12 1.3303e-12 8.5073e-13 5.4130e-13 3.4268e-13 2.1584e-13 1.3527e-13 8.4343e-14 5.2325e-14 3.2298e-14 1.9836e-14 1.2120e-14
-1.0559e-04 -1.4826e-04 9.8919e-04 -2.0376e-04 -2.2296e-04 -2.3791e-04 -2.4912e-04 -2.5695e-04 -2.6169e-04 -2.6361e-04 -2.6295e-04 -2.5996e-04 -2.5489e-04 -2.4799e-04 -2.3951e-04 -2.2970e-04 -2.1882e-04 -2.0709e-04 -1.9476e-04 -1.8203e-04 -1.6911e-04 -1.5617e-04 -1.4339e-04 -1.3090e-04 -1.1882e-04 -1.0725e-04 -9.6273e-05 -8.5946e-05 -7.6310e-05 -6.7389e-05 -5.9192e-05 -5.1715e-05 -4.4943e-05 -3.8852e-05 -3.3411e-05 -2.8581e-05 -2.4323e-05 -2.0591e-05 -1.7342e-05 -1.4531e-05 -1.2112e-05 -1.0044e-05 -8.2871e-06 -6.8023e-06 -5.5551e-06 -4.5135e-06 -3.6485e-06 -2.9344e-06 -2.3480e-06 -1.8693e-06 -1.4807e-06 -1.1670e-06 -9.1507e-07 -7.1392e-07 -5.5418e-07 -4.2802e-07 -3.2892e-07 -2.5149e-07 -1.9132e-07 -1.4482e-07 -1.0907e-07 -8.1730e-08 -6.0938e-08 -4.5207e-08 -3.3369e-08 -2.4508e-08 -1.7910e-08 -1.3022e-08 -9.4210e-09 -6.7817e-09 -4.8573e-09 -3.4616e-09 -2.4546e-09 -1.7318e-09 -1.2158e-09 -8.4921e-10 -5.9021e-10 -4.0815e-10 -2.8084e-10 -1.9227e-10 -1.3098e-10 -8.8777e-11 -5.9872e-11 -4.0177e-11 -2.6826e-11 -1.7822e-11 -1.1781e-11 -7.7485e-12 -5.0709e-12 -3.3020e-12 -2.1394e-12 -1.3792e-12 -8.8470e-13 -5.6466e-13 -3.5859e-13 -2.2658e-13 -1.4246e-13 -8.9117e-14 -5.5471e-14 -3.4355e-14 1.0558e-04 1.4820e-04 0.0000e+00 2.0339e-04 2.2234e-04 2.3695e-04 2.4775e-04 2.5511e-04 2.5933e-04 2.6067e-04 2.5941e-04 2.5581e-04 2.5012e-04 2.4262e-04 2.3357e-04 2.2324e-04 2.1189e-04 1.9977e-04 1.8711e-04 1.7413e-04 1.6105e-04 1.4804e-04 1.3526e-04 1.2285e-04 1.1093e-04 9.9580e-05 8.8883e-05 7.8885e-05 6.9618e-05 6.1097e-05 5.3322e-05 4.6280e-05 3.9948e-05 3.4294e-05 2.9281e-05 2.4866e-05 2.1003e-05 1.7646e-05 1.4746e-05 1.2257e-05 1.0134e-05 8.3344e-06 6.8183e-06 5.5487e-06 4.4918e-06 3.6172e-06 2.8976e-06 2.3091e-06 1.8305e-06 1.4436e-06 1.1326e-06 8.8392e-07 6.8630e-07 5.3010e-07 4.0734e-07 3.1140e-07 2.3683e-07 1.7918e-07 1.3488e-07 1.0100e-07 7.5248e-08 5.5773e-08 4.1127e-08 3.0171e-08 2.2021e-08 1.5990e-08 1.1552e-08 8.3025e-09 5.9369e-09 4.2236e-09 2.9894e-09 2.1051e-09 1.4748e-09 1.0280e-09 7.1292e-10 4.9189e-10 3.3766e-10 2.3061e-10 1.5670e-10 1.0593e-10 7.1252e-11 4.7682e-11 3.1747e-11 2.1030e-11 1.3860e-11 9.0885e-12 5.9293e-12 3.8487e-12 2.4855e-12 1.5970e-12 1.0210e-12 6.4938e-13 4.1095e-13 2.5874e-13 1.6209e-13 1.0102e-13 6.2646e-14 3.8651e-14 2.3726e-14 1.4491e-14
-1.1982e-04 -1.6829e-04 -2.0376e-04 1.7581e-03 -2.5354e-04 -2.7080e-04 -2.8388e-04 -2.9318e-04 -2.9903e-04 -3.0171e-04 -3.0150e-04 -2.9865e-04 -2.9345e-04 -2.8615e-04 -2.7704e-04 -2.6638e-04 -2.5445e-04 -2.4151e-04 -2.2781e-04 -2.1359e-04 -1.9908e-04 -1.8449e-04 -1.6999e-04 -1.5575e-04 -1.4191e-04 -1.2860e-04 -1.1590e-04 -1.0390e-04 -9.2642e-05 -8.2167e-05 -7.2493e-05 -6.3624e-05 -5.5549e-05 -4.8247e-05 -4.1689e-05 -3.5837e-05 -3.0649e-05 -2.6077e-05 -2.2074e-05 -1.8591e-05 -1.5578e-05 -1.2987e-05 -1.0772e-05 -8.8893e-06 -7.2988e-06 -5.9627e-06 -4.8467e-06 -3.9197e-06 -3.1540e-06 -2.5252e-06 -2.0115e-06 -1.5943e-06 -1.2573e-06 -9.8656e-07 -7.7023e-07 -5.9832e-07 -4.6245e-07 -3.5565e-07 -2.7214e-07 -2.0719e-07 -1.5696e-07 -1.1830e-07 -8.8725e-08 -6.6208e-08 -4.9158e-08 -3.6316e-08 -2.6694e-08 -1.9523e-08 -1.4207e-08 -1.0287e-08 -7.4113e-09 -5.3127e-09 -3.7892e-09 -2.6891e-09 -1.8988e-09 -1.3341e-09 -9.3260e-10 -6.4868e-10 -4.4893e-10 -3.0914e-10 -2.1181e-10 -1.4439e-10 -9.7943e-11 -6.6102e-11 -4.4389e-11 -2.9659e-11 -1.9718e-11 -1.3043e-11 -8.5844e-12 -5.6216e-12 -3.6629e-12 -2.3747e-12 -1.5319e-12 -9.8320e-13 -6.2789e-13 -3.9897e-13 -2.5224e-13 -1.5867e-13 -9.9315e-14 -6.1850e-14 1.1980e-04 1.6816e-04 2.0339e-04 0.0000e+00 2.5228e-04 2.6886e-04 2.8112e-04 2.8946e-04 2.9425e-04 2.9578e-04 2.9435e-04 2.9025e-04 2.8380e-04 2.7529e-04 2.6502e-04 2.5330e-04 2.4042e-04 2.2666e-04 2.1230e-04 1.9757e-04 1.8273e-04 1.6796e-04 1.5346e-04 1.3938e-04 1.2585e-04 1.1298e-04 1.0084e-04 8.9493e-05 7.8978e-05 6.9309e-05 6.0486e-05 5.2496e-05 4.5312e-05 3.8897e-05 3.3210e-05 2.8201e-05 2.3819e-05 2.0010e-05 1.6720e-05 1.3897e-05 1.1489e-05 9.4482e-06 7.7288e-06 6.2890e-06 5.0906e-06 4.0989e-06 3.2831e-06 2.6160e-06 2.0735e-06 1.6350e-06 1.2825e-06 1.0008e-06 7.7689e-07 5.9996e-07 4.6094e-07 3.5229e-07 2.6787e-07 2.0262e-07 1.5248e-07 1.1416e-07 8.5023e-08 6.3000e-08 4.6441e-08 3.4059e-08 2.4850e-08 1.8038e-08 1.3026e-08 9.3587e-09 6.6893e-09 4.7568e-09 3.3653e-09 2.3687e-09 1.6587e-09 1.1555e-09 8.0092e-10 5.5229e-10 3.7889e-10 2.5861e-10 1.7561e-10 1.1864e-10 7.9741e-11 5.3323e-11 3.5475e-11 2.3481e-11 1.5462e-11 1.0130e-11 6.6030e-12 4.2819e-12 2.7626e-12 1.7732e-12 1.1324e-12 7.1946e-13 4.5477e-13 2.8599e-13 1.7893e-13 1.1138e-13 6.8975e-14 4.2496e-14 2.6049e-14 1.5886e-14
-1.3100e-04 -1.8405e-04 -2.2296e-04 -2.5354e-04 2.7461e-03 -2.9722e-04 -3.1202e-04 -3.2278e-04 -3.2984e-04 -3.3349e-04 -3.3401e-04 -3.3168e-04 -3.2676e-04 -3.1955e-04 -3.1031e-04 -2.9934e-04 -2.8690e-04 -2.7328e-04 -2.5873e-04 -2.4352e-04 -2.2789e-04 -2.1206e-04 -1.9624e-04 -1.8059e-04 -1.6530e-04 -1.5049e-04 -1.3628e-04 -1.2276e-04 -1.1000e-04 -9.8061e-05 -8.6961e-05 -7.6721e-05 -6.7339e-05 -5.8802e-05 -5.1085e-05 -4.4155e-05 -3.7972e-05 -3.2489e-05 -2.7657e-05 -2.3425e-05 -1.9740e-05 -1.6551e-05 -1.3808e-05 -1.1461e-05 -9.4651e-06 -7.7775e-06 -6.3588e-06 -5.1727e-06 -4.1867e-06 -3.3716e-06 -2.7016e-06 -2.1539e-06 -1.7086e-06 -1.3485e-06 -1.0590e-06 -8.2749e-07 -6.4333e-07 -4.9764e-07 -3.8302e-07 -2.9331e-07 -2.2349e-07 -1.6943e-07 -1.2781e-07 -9.5921e-08 -7.1630e-08 -5.3221e-08 -3.9345e-08 -2.8941e-08 -2.1181e-08 -1.5423e-08 -1.1175e-08 -8.0556e-09 -5.7779e-09 -4.1234e-09 -2.9279e-09 -2.0686e-09 -1.4541e-09 -1.0170e-09 -7.0773e-10 -4.9003e-10 -3.3759e-10 -2.3140e-10 -1.5781e-10 -1.0709e-10 -7.2303e-11 -4.8571e-11 -3.2464e-11 -2.1590e-11 -1.4286e-11 -9.4051e-12 -6.1608e-12 -4.0153e-12 -2.6039e-12 -1.6801e-12 -1.0786e-12 -6.8893e-13 -4.3784e-13 -2.7687e-13 -1.7420e-13 -1.0905e-13 1.3096e-04 1.8382e-04 2.2234e-04 2.5228e-04 0.0000e+00 2.9391e-04 3.0730e-04 3.1643e-04 3.2166e-04 3.2333e-04 3.2176e-04 3.1729e-04 3.1024e-04 3.0093e-04 2.8970e-04 2.7689e-04 2.6280e-04 2.4776e-04 2.3205e-04 2.1596e-04 1.9973e-04 1.8358e-04 1.6773e-04 1.5233e-04 1.3754e-04 1.2347e-04 1.1020e-04 9.7793e-05 8.6298e-05 7.5728e-05 6.6084e-05 5.7349e-05 4.9497e-05 4.2486e-05 3.6270e-05 3.0796e-05 2.6007e-05 2.1845e-05 1.8251e-05 1.5167e-05 1.2537e-05 1.0308e-05 8.4306e-06 6.8586e-06 5.5503e-06 4.4680e-06 3.5778e-06 2.8500e-06 2.2583e-06 1.7801e-06 1.3959e-06 1.0888e-06 8.4492e-07 6.5223e-07 5.0087e-07 3.8263e-07 2.9079e-07 2.1985e-07 1.6535e-07 1.2372e-07 9.2088e-08 6.8190e-08 5.0232e-08 3.6812e-08 2.6838e-08 1.9465e-08 1.4044e-08 1.0081e-08 7.1988e-09 5.1140e-09 3.6142e-09 2.5410e-09 1.7773e-09 1.2366e-09 8.5602e-10 5.8949e-10 4.0384e-10 2.7523e-10 1.8660e-10 1.2586e-10 8.4449e-11 5.6370e-11 3.7432e-11 2.4727e-11 1.6249e-11 1.0623e-11 6.9084e-12 4.4694e-12 2.8764e-12 1.8415e-12 1.1728e-12 7.4300e-13 4.6825e-13 2.9356e-13 1.8307e-13 1.1357e-13 7.0079e-14 4.3016e-14 2.6265e-14 1.5952e-14
-1.3963e-04 -1.9626e-04 -2.3791e-04 -2.7080e-04 -2.9722e-04 3.9528e-03 -3.3475e-04 -3.4699e-04 -3.5537e-04 -3.6020e-04 -3.6175e-04 -3.6029e-04 -3.5608e-04 -3.4940e-04 -3.4052e-04 -3.2972e-04 -3.1728e-04 -3.0346e-04 -2.8855e-04 -2.7280e-04 -2.5647e-04 -2.3979e-04 -2.2298e-04 -2.0623e-04 -1.8973e-04 -1.7363e-04 -1.5807e-04 -1.4315e-04 -1.2898e-04 -1.1561e-04 -1.0310e-04 -9.1469e-05 -8.0741e-05 -7.0909e-05 -6.1959e-05 -5.3864e-05 -4.6591e-05 -4.0097e-05 -3.4333e-05 -2.9250e-05 -2.4794e-05 -2.0911e-05 -1.7548e-05 -1.4651e-05 -1.2171e-05 -1.0059e-05 -8.2726e-06 -6.7689e-06 -5.5107e-06 -4.4637e-06 -3.5975e-06 -2.8847e-06 -2.3015e-06 -1.8270e-06 -1.4430e-06 -1.1339e-06 -8.8659e-07 -6.8971e-07 -5.3384e-07 -4.1111e-07 -3.1500e-07 -2.4014e-07 -1.8215e-07 -1.3747e-07 -1.0322e-07 -7.7114e-08 -5.7320e-08 -4.2392e-08 -3.1194e-08 -2.2838e-08 -1.6636e-08 -1.2057e-08 -8.6940e-09 -6.2376e-09 -4.4526e-09 -3.1624e-09 -2.2347e-09 -1.5712e-09 -1.0991e-09 -7.6501e-10 -5.2977e-10 -3.6502e-10 -2.5023e-10 -1.7068e-10 -1.1583e-10 -7.8210e-11 -5.2543e-11 -3.5121e-11 -2.3358e-11 -1.5456e-11 -1.0176e-11 -6.6657e-12 -4.3444e-12 -2.8173e-12 -1.8177e-12 -1.1669e-12 -7.4533e-13 -4.7366e-13 -2.9950e-13 -1.8843e-13 1.3957e-04 1.9590e-04 2.3695e-04 2.6886e-04 2.9391e-04 0.0000e+00 3.2750e-04 3.3723e-04 3.4280e-04 3.4458e-04 3.4291e-04 3.3814e-04 3.3062e-04 3.2070e-04 3.0873e-04 2.9507e-04 2.8005e-04 2.6402e-04 2.4727e-04 2.3011e-04 2.1281e-04 1.9560e-04 1.7870e-04 1.6229e-04 1.4652e-04 1.3151e-04 1.1737e-04 1.0415e-04 9.1897e-05 8.0631e-05 7.0354e-05 6.1046e-05 5.2679e-05 4.5209e-05 3.8588e-05 3.2757e-05 2.7657e-05 2.3225e-05 1.9399e-05 1.6116e-05 1.3317e-05 1.0946e-05 8.9486e-06 7.2771e-06 5.8864e-06 4.7363e-06 3.7907e-06 3.0179e-06 2.3900e-06 1.8828e-06 1.4754e-06 1.1500e-06 8.9174e-07 6.8782e-07 5.2774e-07 4.0280e-07 3.0582e-07 2.3097e-07 1.7352e-07 1.2968e-07 9.6404e-08 7.1292e-08 5.2444e-08 3.8376e-08 2.7934e-08 2.0226e-08 1.4568e-08 1.0437e-08 7.4384e-09 5.2732e-09 3.7184e-09 2.6082e-09 1.8198e-09 1.2629e-09 8.7181e-10 5.9861e-10 4.0883e-10 2.7772e-10 1.8765e-10 1.2611e-10 8.4291e-11 5.6037e-11 3.7052e-11 2.4366e-11 1.5936e-11 1.0365e-11 6.7049e-12 4.3133e-12 2.7593e-12 1.7554e-12 1.1105e-12 6.9857e-13 4.3695e-13 2.7176e-13 1.6804e-13 1.0331e-13 6.3146e-14 3.8369e-14 2.3175e-14 1.3914e-14
-1.4602e-04 -2.0534e-04 -2.4912e-04 -2.8388e-04 -3.1202e-04 -3.3475e-04 5.3776e-03 -3.6651e-04 -3.7635e-04 -3.8257e-04 -3.8543e-04 -3.8518e-04 -3.8208e-04 -3.7636e-04 -3.6829e-04 -3.5814e-04 -3.4616e-04 -3.3263e-04 -3.1780e-04 -3.0194e-04 -2.8531e-04 -2.6814e-04 -2.5066e-04 -2.3309e-04 -2.1562e-04 -1.9842e-04 -1.8165e-04 -1.6545e-04 -1.4992e-04 -1.3516e-04 -1.2123e-04 -1.0819e-04 -9.6059e-05 -8.4857e-05 -7.4583e-05 -6.5221e-05 -5.6747e-05 -4.9124e-05 -4.2310e-05 -3.6257e-05 -3.0914e-05 -2.6224e-05 -2.2134e-05 -1.8587e-05 -1.5530e-05 -1.2910e-05 -1.0677e-05 -8.7863e-06 -7.1936e-06 -5.8599e-06 -4.7492e-06 -3.8296e-06 -3.0724e-06 -2.4524e-06 -1.9476e-06 -1.5389e-06 -1.2098e-06 -9.4627e-07 -7.3639e-07 -5.7015e-07 -4.3921e-07 -3.3662e-07 -2.5669e-07 -1.9475e-07 -1.4700e-07 -1.1040e-07 -8.2493e-08 -6.1327e-08 -4.5362e-08 -3.3382e-08 -2.4442e-08 -1.7806e-08 -1.2906e-08 -9.3066e-09 -6.6773e-09 -4.7666e-09 -3.3854e-09 -2.3923e-09 -1.6820e-09 -1.1766e-09 -8.1887e-10 -5.6704e-10 -3.9067e-10 -2.6780e-10 -1.8265e-10 -1.2394e-10 -8.3679e-11 -5.6211e-11 -3.7569e-11 -2.4982e-11 -1.6529e-11 -1.0881e-11 -7.1266e-12 -4.6441e-12 -3.0112e-12 -1.9425e-12 -1.2468e-12 -7.9626e-13 -5.0595e-13 -3.1986e-13 1.4593e-04 2.0483e-04 2.4775e-04 2.8112e-04 3.0730e-04 3.2750e-04 0.0000e+00 3.5260e-04 3.5842e-04 3.6028e-04 3.5853e-04 3.5354e-04 3.4567e-04 3.3529e-04 3.2277e-04 3.0848e-04 2.9277e-04 2.7600e-04 2.5848e-04 2.4053e-04 2.2243e-04 2.0443e-04 1.8675e-04 1.6958e-04 1.5308e-04 1.3739e-04 1.2260e-04 1.0877e-04 9.5957e-05 8.4178e-05 7.3432e-05 6.3701e-05 5.4955e-05 4.7149e-05 4.0230e-05 3.4139e-05 2.8812e-05 2.4185e-05 2.0191e-05 1.6766e-05 1.3846e-05 1.1374e-05 9.2925e-06 7.5515e-06 6.1037e-06 4.9071e-06 3.9240e-06 3.1211e-06 2.4692e-06 1.9430e-06 1.5208e-06 1.1839e-06 9.1676e-07 7.0609e-07 5.4091e-07 4.1216e-07 3.1237e-07 2.3547e-07 1.7654e-07 1.3165e-07 9.7642e-08 7.2028e-08 5.2845e-08 3.8560e-08 2.7984e-08 2.0197e-08 1.4497e-08 1.0349e-08 7.3467e-09 5.1865e-09 3.6411e-09 2.5419e-09 1.7646e-09 1.2180e-09 8.3596e-10 5.7047e-10 3.8705e-10 2.6108e-10 1.7507e-10 1.1671e-10 7.7336e-11 5.0937e-11 3.3344e-11 2.1693e-11 1.4024e-11 9.0089e-12 5.7495e-12 3.6452e-12 2.2954e-12 1.4355e-12 8.9132e-13 5.4940e-13 3.3609e-13 2.0399e-13 1.2280e-13 7.3290e-14 4.3346e-14 2.5390e-14 1.4718e-14 8.4364e-15
-1.5038e-04 -2.1159e-04 -2.5695e-04 -2.9318e-04 -3.2278e-04 -3.4699e-04 -3.6651e-04 7.0200e-03 -3.9323e-04 -4.0104e-04 -4.0548e-04 -4.0677e-04 -4.0513e-04 -4.0078e-04 -3.9396e-04 -3.8490e-04 -3.7385e-04 -3.6104e-04 -3.4674e-04 -3.3118e-04 -3.1464e-04 -2.9733e-04 -2.7951e-04 -2.6139e-04 -2.4318e-04 -2.2508e-04 -2.0726e-04 -1.8988e-04 -1.7307e-04 -1.5694e-04 -1.4160e-04 -1.2711e-04 -1.1352e-04 -1.0087e-04 -8.9179e-05 -7.8441e-05 -6.8646e-05 -5.9769e-05 -5.1776e-05 -4.4624e-05 -3.8265e-05 -3.2645e-05 -2.7709e-05 -2.3400e-05 -1.9660e-05 -1.6434e-05 -1.3668e-05 -1.1309e-05 -9.3100e-06 -7.6251e-06 -6.2134e-06 -5.0373e-06 -4.0630e-06 -3.2604e-06 -2.6031e-06 -2.0677e-06 -1.6341e-06 -1.2848e-06 -1.0051e-06 -7.8222e-07 -6.0569e-07 -4.6661e-07 -3.5764e-07 -2.7272e-07 -2.0691e-07 -1.5619e-07 -1.1730e-07 -8.7642e-08 -6.5152e-08 -4.8188e-08 -3.5460e-08 -2.5961e-08 -1.8910e-08 -1.3705e-08 -9.8818e-09 -7.0891e-09 -5.0599e-09 -3.5933e-09 -2.5388e-09 -1.7847e-09 -1.2482e-09 -8.6861e-10 -6.0138e-10 -4.1426e-10 -2.8392e-10 -1.9360e-10 -1.3135e-10 -8.8665e-11 -5.9549e-11 -3.9792e-11 -2.6456e-11 -1.7500e-11 -1.1518e-11 -7.5423e-12 -4.9140e-12 -3.1855e-12 -2.0546e-12 -1.3185e-12 -8.4182e-13 -5.3479e-13 1.5026e-04 2.1092e-04 2.5511e-04 2.8946e-04 3.1643e-04 3.3723e-04 3.5260e-04 0.0000e+00 3.6906e-04 3.7097e-04 3.6916e-04 3.6402e-04 3.5591e-04 3.4521e-04 3.3231e-04 3.1758e-04 3.0140e-04 2.8411e-04 2.6606e-04 2.4756e-04 2.2891e-04 2.1036e-04 1.9214e-04 1.7445e-04 1.5745e-04 1.4128e-04 1.2604e-04 1.1180e-04 9.8602e-05 8.6471e-05 7.5405e-05 6.5388e-05 5.6386e-05 4.8354e-05 4.1237e-05 3.4973e-05 2.9498e-05 2.4743e-05 2.0642e-05 1.7126e-05 1.4131e-05 1.1596e-05 9.4642e-06 7.6821e-06 6.2016e-06 4.9790e-06 3.9757e-06 3.1571e-06 2.4934e-06 1.9584e-06 1.5298e-06 1.1884e-06 9.1808e-07 7.0533e-07 5.3888e-07 4.0941e-07 3.0931e-07 2.3238e-07 1.7359e-07 1.2894e-07 9.5232e-08 6.9931e-08 5.1055e-08 3.7058e-08 2.6740e-08 1.9181e-08 1.3677e-08 9.6933e-09 6.8280e-09 4.7799e-09 3.3252e-09 2.2985e-09 1.5785e-09 1.0769e-09 7.2973e-10 4.9107e-10 3.2813e-10 2.1765e-10 1.4329e-10 9.3592e-11 6.0634e-11 3.8947e-11 2.4792e-11 1.5630e-11 9.7523e-12 6.0171e-12 3.6670e-12 2.2041e-12 1.3041e-12 7.5756e-13 4.3041e-13 2.3784e-13 1.2669e-13 6.4048e-14 2.9808e-14 1.1845e-14 2.9731e-15 -9.8998e-16 -2.4226e-15 -2.6398e-15
-1.5290e-04 -2.1527e-04 -2.6169e-04 -2.9903e-04 -3.2984e-04 -3.5537e-04 -3.7635e-04 -3.9323e-04 8.8792e-03 -4.1591e-04 -4.2217e-04 -4.2528e-04 -4.2545e-04 -4.2285e-04 -4.1768e-04 -4.1014e-04 -4.0043e-04 -3.8878e-04 -3.7542e-04 -3.6058e-04 -3.4450e-04 -3.2742e-04 -3.0957e-04 -2.9119e-04 -2.7249e-04 -2.5369e-04 -2.3498e-04 -2.1654e-04 -1.9853e-04 -1.8110e-04 -1.6435e-04 -1.4839e-04 -1.3330e-04 -1.1913e-04 -1.0593e-04 -9.3706e-05 -8.2472e-05 -7.2214e-05 -6.2908e-05 -5.4522e-05 -4.7012e-05 -4.0329e-05 -3.4419e-05 -2.9225e-05 -2.4688e-05 -2.0748e-05 -1.7348e-05 -1.4431e-05 -1.1943e-05 -9.8329e-06 -8.0545e-06 -6.5639e-06 -5.3219e-06 -4.2928e-06 -3.4450e-06 -2.7505e-06 -2.1848e-06 -1.7265e-06 -1.3575e-06 -1.0618e-06 -8.2633e-07 -6.3979e-07 -4.9283e-07 -3.7770e-07 -2.8799e-07 -2.1846e-07 -1.6488e-07 -1.2381e-07 -9.2491e-08 -6.8746e-08 -5.0837e-08 -3.7402e-08 -2.7378e-08 -1.9939e-08 -1.4447e-08 -1.0415e-08 -7.4702e-09 -5.3308e-09 -3.7848e-09 -2.6736e-09 -1.8790e-09 -1.3139e-09 -9.1411e-10 -6.3275e-10 -4.3577e-10 -2.9859e-10 -2.0356e-10 -1.3808e-10 -9.3185e-11 -6.2570e-11 -4.1801e-11 -2.7785e-11 -1.8376e-11 -1.2091e-11 -7.9159e-12 -5.1563e-12 -3.3418e-12 -2.1549e-12 -1.3825e-12 -8.8253e-13 1.5275e-04 2.1440e-04 2.5933e-04 2.9425e-04 3.2166e-04 3.4280e-04 3.5842e-04 3.6906e-04 0.0000e+00 3.7708e-04 3.7524e-04 3.7000e-04 3.6175e-04 3.5086e-04 3.3773e-04 3.2274e-04 3.0627e-04 2.8868e-04 2.7031e-04 2.5149e-04 2.3250e-04 2.1362e-04 1.9508e-04 1.7708e-04 1.5979e-04 1.4334e-04 1.2783e-04 1.1335e-04 9.9923e-05 8.7588e-05 7.6340e-05 6.6160e-05 5.7015e-05 4.8858e-05 4.1633e-05 3.5278e-05 2.9727e-05 2.4909e-05 2.0756e-05 1.7198e-05 1.4171e-05 1.1611e-05 9.4608e-06 7.6654e-06 6.1758e-06 4.9476e-06 3.9413e-06 3.1218e-06 2.4586e-06 1.9253e-06 1.4989e-06 1.1602e-06 8.9282e-07 6.8302e-07 5.1942e-07 3.9265e-07 2.9502e-07 2.2032e-07 1.6352e-07 1.2060e-07 8.8378e-08 6.4349e-08 4.6544e-08 3.3440e-08 2.3860e-08 1.6904e-08 1.1890e-08 8.3001e-09 5.7492e-09 3.9501e-09 2.6910e-09 1.8169e-09 1.2150e-09 8.0433e-10 5.2658e-10 3.4058e-10 2.1731e-10 1.3654e-10 8.4267e-11 5.0899e-11 2.9932e-11 1.6995e-11 9.1861e-12 4.5993e-12 2.0000e-12 5.9956e-13 -9.7721e-14 -3.9736e-13 -4.8351e-13 -4.6402e-13 -3.9974e-13 -3.2320e-13 -2.5040e-13 -1.8801e-13 -1.3776e-13 -9.8945e-14 -6.9881e-14 -4.8639e-14 -3.3419e-14 -2.2694e-14
-1.5373e-04 -2.1659e-04 -2.6361e-04 -3.0171e-04 -3.3349e-04 -3.6020e-04 -3.8257e-04 -4.0104e-04 -4.1591e-04 1.0955e-02 -4.3567e-04 -4.4087e-04 -4.4315e-04 -4.4263e-04 -4.3948e-04 -4.3384e-04 -4.2589e-04 -4.1581e-04 -4.0379e-04 -3.9006e-04 -3.7483e-04 -3.5832e-04 -3.4078e-04 -3.2243e-04 -3.0351e-04 -2.8423e-04 -2.6481e-04 -2.4546e-04 -2.2636e-04 -2.0768e-04 -1.8956e-04 -1.7213e-04 -1.5551e-04 -1.3977e-04 -1.2498e-04 -1.1118e-04 -9.8389e-05 -8.6626e-05 -7.5876e-05 -6.6118e-05 -5.7319e-05 -4.9435e-05 -4.2415e-05 -3.6205e-05 -3.0745e-05 -2.5974e-05 -2.1831e-05 -1.8254e-05 -1.5184e-05 -1.2566e-05 -1.0346e-05 -8.4744e-06 -6.9056e-06 -5.5984e-06 -4.5154e-06 -3.6232e-06 -2.8924e-06 -2.2971e-06 -1.8151e-06 -1.4268e-06 -1.1159e-06 -8.6824e-07 -6.7211e-07 -5.1762e-07 -3.9661e-07 -3.0234e-07 -2.2930e-07 -1.7302e-07 -1.2989e-07 -9.7016e-08 -7.2092e-08 -5.3299e-08 -3.9204e-08 -2.8690e-08 -2.0889e-08 -1.5132e-08 -1.0906e-08 -7.8206e-09 -5.5795e-09 -3.9604e-09 -2.7970e-09 -1.9653e-09 -1.3739e-09 -9.5561e-10 -6.6131e-10 -4.5533e-10 -3.1192e-10 -2.1260e-10 -1.4417e-10 -9.7275e-11 -6.5301e-11 -4.3616e-11 -2.8985e-11 -1.9164e-11 -1.2607e-11 -8.2520e-12 -5.3740e-12 -3.4821e-12 -2.2448e-12 -1.4399e-12 1.5354e-04 2.1552e-04 2.6067e-04 2.9578e-04 3.2333e-04 3.4458e-04 3.6028e-04 3.7097e-04 3.7708e-04 0.0000e+00 3.7716e-04 3.7188e-04 3.6357e-04 3.5261e-04 3.3939e-04 3.2430e-04 3.0771e-04 2.9000e-04 2.7151e-04 2.5256e-04 2.3344e-04 2.1443e-04 1.9577e-04 1.7765e-04 1.6024e-04 1.4368e-04 1.2808e-04 1.1350e-04 1.0000e-04 8.7597e-05 7.6290e-05 6.6060e-05 5.6875e-05 4.8687e-05 4.1439e-05 3.5068e-05 2.9507e-05 2.4686e-05 2.0534e-05 1.6982e-05 1.3963e-05 1.1414e-05 9.2766e-06 7.4950e-06 6.0198e-06 4.8063e-06 3.8145e-06 3.0090e-06 2.3592e-06 1.8382e-06 1.4234e-06 1.0952e-06 8.3723e-07 6.3585e-07 4.7968e-07 3.5940e-07 2.6739e-07 1.9751e-07 1.4481e-07 1.0536e-07 7.6048e-08 5.4432e-08 3.8619e-08 2.7145e-08 1.8891e-08 1.3006e-08 8.8494e-09 5.9432e-09 3.9330e-09 2.5588e-09 1.6315e-09 1.0147e-09 6.1124e-10 3.5244e-10 1.9032e-10 9.1791e-11 3.4285e-11 2.6519e-12 -1.3126e-11 -1.9549e-11 -2.0742e-11 -1.9253e-11 -1.6599e-11 -1.3642e-11 -1.0833e-11 -8.3795e-12 -6.3458e-12 -4.7214e-12 -3.4597e-12 -2.5014e-12 -1.7869e-12 -1.2626e-12 -8.8310e-13 -6.1187e-13 -4.2018e-13 -2.8613e-13 -1.9327e-13 -1.2955e-13 -8.6189e-14 -5.6929e-14
-1.5303e-04 -2.1577e-04 -2.6295e-04 -3.0150e-04 -3.3401e-04 -3.6175e-04 -3.8543e-04 -4.0548e-04 -4.2217e-04 -4.3567e-04 1.3245e-02 -4.5362e-04 -4.5826e-04 -4.6013e-04 -4.5932e-04 -4.5593e-04 -4.5010e-04 -4.4197e-04 -4.3169e-04 -4.1945e-04 -4.0544e-04 -3.8987e-04 -3.7296e-04 -3.5496e-04 -3.3608e-04 -3.1657e-04 -2.9666e-04 -2.7657e-04 -2.5651e-04 -2.3668e-04 -2.1725e-04 -1.9839e-04 -1.8023e-04 -1.6288e-04 -1.4644e-04 -1.3098e-04 -1.1654e-04 -1.0316e-04 -9.0838e-05 -7.9575e-05 -6.9348e-05 -6.0121e-05 -5.1853e-05 -4.4490e-05 -3.7974e-05 -3.2246e-05 -2.7240e-05 -2.2892e-05 -1.9139e-05 -1.5919e-05 -1.3172e-05 -1.0843e-05 -8.8796e-06 -7.2345e-06 -5.8638e-06 -4.7284e-06 -3.7933e-06 -3.0275e-06 -2.4039e-06 -1.8990e-06 -1.4924e-06 -1.1669e-06 -9.0770e-07 -7.0248e-07 -5.4088e-07 -4.1432e-07 -3.1576e-07 -2.3942e-07 -1.8061e-07 -1.3555e-07 -1.0122e-07 -7.5193e-08 -5.5577e-08 -4.0869e-08 -2.9901e-08 -2.1765e-08 -1.5763e-08 -1.1358e-08 -8.1423e-09 -5.8075e-09 -4.1213e-09 -2.9098e-09 -2.0441e-09 -1.4286e-09 -9.9343e-10 -6.8732e-10 -4.7312e-10 -3.2403e-10 -2.2080e-10 -1.4970e-10 -1.0098e-10 -6.7774e-11 -4.5257e-11 -3.0069e-11 -1.9877e-11 -1.3073e-11 -8.5549e-12 -5.5701e-12 -3.6084e-12 -2.3258e-12 1.5280e-04 2.1447e-04 2.5941e-04 2.9435e-04 3.2176e-04 3.4291e-04 3.5853e-04 3.6916e-04 3.7524e-04 3.7716e-04 0.0000e+00 3.7002e-04 3.6173e-04 3.5080e-04 3.3761e-04 3.2257e-04 3.0603e-04 2.8836e-04 2.6992e-04 2.5101e-04 2.3195e-04 2.1299e-04 1.9438e-04 1.7631e-04 1.5895e-04 1.4244e-04 1.2689e-04 1.1236e-04 9.8914e-05 8.6562e-05 7.5307e-05 6.5131e-05 5.5999e-05 4.7864e-05 4.0671e-05 3.4354e-05 2.8846e-05 2.4077e-05 1.9976e-05 1.6473e-05 1.3502e-05 1.0999e-05 8.9041e-06 7.1630e-06 5.7257e-06 4.5472e-06 3.5875e-06 2.8114e-06 2.1881e-06 1.6911e-06 1.2975e-06 9.8813e-07 7.4674e-07 5.5980e-07 4.1615e-07 3.0663e-07 2.2383e-07 1.6175e-07 1.1563e-07 8.1687e-08 5.6950e-08 3.9116e-08 2.6406e-08 1.7463e-08 1.1259e-08 7.0239e-09 4.1876e-09 2.3308e-09 1.1495e-09 4.2612e-10 6.5710e-12 -2.1639e-10 -3.1628e-10 -3.4248e-10 -3.2744e-10 -2.9184e-10 -2.4840e-10 -2.0450e-10 -1.6410e-10 -1.2897e-10 -9.9619e-11 -7.5801e-11 -5.6919e-11 -4.2234e-11 -3.1000e-11 -2.2527e-11 -1.6217e-11 -1.1572e-11 -8.1880e-12 -5.7476e-12 -4.0037e-12 -2.7683e-12 -1.9004e-12 -1.2955e-12 -8.7716e-13 -5.8997e-13 -3.9423e-13 -2.6176e-13 -1.7271e-13 -1.1325e-13
-1.5095e-04 -2.1302e-04 -2.5996e-04 -2.9865e-04 -3.3168e-04 -3.6029e-04 -3.8518e-04 -4.0677e-04 -4.2528e-04 -4.4087e-04 -4.5362e-04 1.5750e-02 -4.7079e-04 -4.7528e-04 -4.7710e-04 -4.7628e-04 -4.7290e-04 -4.6707e-04 -4.5888e-04 -4.4849e-04 -4.3606e-04 -4.2178e-04 -4.0586e-04 -3.8852e-04 -3.6999e-04 -3.5052e-04 -3.3035e-04 -3.0973e-04 -2.8888e-04 -2.6803e-04 -2.4739e-04 -2.2715e-04 -2.0748e-04 -1.8852e-04 -1.7040e-04 -1.5322e-04 -1.3705e-04 -1.2195e-04 -1.0794e-04 -9.5047e-05 -8.3257e-05 -7.2550e-05 -6.2890e-05 -5.4233e-05 -4.6525e-05 -3.9705e-05 -3.3709e-05 -2.8470e-05 -2.3920e-05 -1.9994e-05 -1.6626e-05 -1.3754e-05 -1.1319e-05 -9.2671e-06 -7.5482e-06 -6.1165e-06 -4.9308e-06 -3.9545e-06 -3.1553e-06 -2.5047e-06 -1.9780e-06 -1.5541e-06 -1.2148e-06 -9.4469e-07 -7.3089e-07 -5.6260e-07 -4.3084e-07 -3.2826e-07 -2.4882e-07 -1.8765e-07 -1.4080e-07 -1.0511e-07 -7.8062e-08 -5.7682e-08 -4.2406e-08 -3.1017e-08 -2.2572e-08 -1.6343e-08 -1.1773e-08 -8.4376e-09 -6.0166e-09 -4.2686e-09 -3.0131e-09 -2.1161e-09 -1.4786e-09 -1.0280e-09 -7.1103e-10 -4.8934e-10 -3.3506e-10 -2.2827e-10 -1.5473e-10 -1.0435e-10 -7.0018e-11 -4.6746e-11 -3.1051e-11 -2.0522e-11 -1.3495e-11 -8.8289e-12 -5.7473e-12 -3.7224e-12 1.5067e-04 2.1149e-04 2.5581e-04 2.9025e-04 3.1729e-04 3.3814e-04 3.5354e-04 3.6402e-04 3.7000e-04 3.7188e-04 3.7002e-04 0.0000e+00 3.5660e-04 3.4579e-04 3.3275e-04 3.1787e-04 3.0151e-04 2.8404e-04 2.6580e-04 2.4710e-04 2.2825e-04 2.0950e-04 1.9109e-04 1.7322e-04 1.5606e-04 1.3974e-04 1.2437e-04 1.1002e-04 9.6739e-05 8.4546e-05 7.3444e-05 6.3413e-05 5.4419e-05 4.6415e-05 3.9345e-05 3.3146e-05 2.7748e-05 2.3083e-05 1.9079e-05 1.5668e-05 1.2782e-05 1.0357e-05 8.3348e-06 6.6604e-06 5.2841e-06 4.1611e-06 3.2516e-06 2.5206e-06 1.9377e-06 1.4765e-06 1.1146e-06 8.3309e-07 6.1601e-07 4.5016e-07 3.2470e-07 2.3077e-07 1.6124e-07 1.1040e-07 7.3730e-08 4.7684e-08 2.9510e-08 1.7094e-08 8.8300e-09 3.5128e-09 2.4784e-10 -1.6191e-09 -2.5593e-09 -2.9070e-09 -2.8943e-09 -2.6788e-09 -2.3643e-09 -2.0169e-09 -1.6761e-09 -1.3639e-09 -1.0905e-09 -8.5874e-10 -6.6730e-10 -5.1236e-10 -3.8912e-10 -2.9256e-10 -2.1790e-10 -1.6087e-10 -1.1777e-10 -8.5525e-11 -6.1634e-11 -4.4089e-11 -3.1312e-11 -2.2083e-11 -1.5469e-11 -1.0764e-11 -7.4414e-12 -5.1117e-12 -3.4893e-12 -2.3672e-12 -1.5962e-12 -1.0698e-12 -7.1280e-13 -4.7213e-13 -3.1090e-13 -2.0355e-13
-1.4764e-04 -2.0854e-04 -2.5489e-04 -2.9345e-04 -3.2676e-04 -3.5608e-04 -3.8208e-04 -4.0513e-04 -4.2545e-04 -4.4315e-04 -4.5826e-04 -4.7079e-04 1.8469e-02 -4.8803e-04 -4.9269e-04 -4.9470e-04 -4.9407e-04 -4.9084e-04 -4.8508e-04 -4.7689e-04 -4.6639e-04 -4.5375e-04 -4.3916e-04 -4.2281e-04 -4.0495e-04 -3.8581e-04 -3.6565e-04 -3.4473e-04 -3.2329e-04 -3.0160e-04 -2.7988e-04 -2.5836e-04 -2.3724e-04 -2.1670e-04 -1.9690e-04 -1.7797e-04 -1.6001e-04 -1.4311e-04 -1.2732e-04 -1.1268e-04 -9.9201e-05 -8.6878e-05 -7.5688e-05 -6.5595e-05 -5.6552e-05 -4.8501e-05 -4.1380e-05 -3.5121e-05 -2.9654e-05 -2.4908e-05 -2.0814e-05 -1.7302e-05 -1.4309e-05 -1.1772e-05 -9.6353e-06 -7.8457e-06 -6.3555e-06 -5.1220e-06 -4.1066e-06 -3.2756e-06 -2.5994e-06 -2.0522e-06 -1.6119e-06 -1.2596e-06 -9.7925e-07 -7.5741e-07 -5.8284e-07 -4.4622e-07 -3.3988e-07 -2.5756e-07 -1.9419e-07 -1.4566e-07 -1.0871e-07 -8.0715e-08 -5.9626e-08 -4.3824e-08 -3.2046e-08 -2.3315e-08 -1.6877e-08 -1.2154e-08 -8.7089e-09 -6.2086e-09 -4.4038e-09 -3.1078e-09 -2.1821e-09 -1.5244e-09 -1.0595e-09 -7.3271e-10 -5.0415e-10 -3.4513e-10 -2.3507e-10 -1.5931e-10 -1.0742e-10 -7.2062e-11 -4.8100e-11 -3.1944e-11 -2.1108e-11 -1.3877e-11 -9.0776e-12 -5.9081e-12 1.4733e-04 2.0679e-04 2.5012e-04 2.8380e-04 3.1024e-04 3.3062e-04 3.4567e-04 3.5591e-04 3.6175e-04 3.6357e-04 3.6173e-04 3.5660e-04 0.0000e+00 3.3793e-04 3.2513e-04 3.1053e-04 2.9448e-04 2.7733e-04 2.5942e-04 2.4108e-04 2.2257e-04 2.0417e-04 1.8610e-04 1.6856e-04 1.5172e-04 1.3571e-04 1.2064e-04 1.0657e-04 9.3559e-05 8.1620e-05 7.0758e-05 6.0953e-05 5.2171e-05 4.4366e-05 3.7482e-05 3.1457e-05 2.6222e-05 2.1707e-05 1.7844e-05 1.4562e-05 1.1796e-05 9.4812e-06 7.5600e-06 5.9779e-06 4.6854e-06 3.6382e-06 2.7971e-06 2.1274e-06 1.5991e-06 1.1864e-06 8.6730e-07 6.2331e-07 4.3897e-07 3.0153e-07 2.0056e-07 1.2764e-07 7.6018e-08 4.0350e-08 1.6458e-08 1.1107e-09 -8.1591e-09 -1.3209e-08 -1.5414e-08 -1.5780e-08 -1.5021e-08 -1.3637e-08 -1.1968e-08 -1.0233e-08 -8.5672e-09 -7.0479e-09 -5.7111e-09 -4.5666e-09 -3.6081e-09 -2.8199e-09 -2.1818e-09 -1.6723e-09 -1.2706e-09 -9.5726e-10 -7.1547e-10 -5.3067e-10 -3.9069e-10 -2.8558e-10 -2.0730e-10 -1.4946e-10 -1.0705e-10 -7.6176e-11 -5.3862e-11 -3.7846e-11 -2.6429e-11 -1.8344e-11 -1.2657e-11 -8.6807e-12 -5.9190e-12 -4.0124e-12 -2.7044e-12 -1.8124e-12 -1.2077e-12 -8.0030e-13 -5.2736e-13 -3.4557e-13
-1.4326e-04 -2.0256e-04 -2.4799e-04 -2.8615e-04 -3.1955e-04 -3.4940e-04 -3.7636e-04 -4.0078e-04 -4.2285e-04 -4.4263e-04 -4.6013e-04 -4.7528e-04 -4.8803e-04 2.1400e-02 -5.0596e-04 -5.1100e-04 -5.1336e-04 -5.1301e-04 -5.0996e-04 -5.0429e-04 -4.9605e-04 -4.8540e-04 -4.7247e-04 -4.5746e-04 -4.4059e-04 -4.2211e-04 -4.0225e-04 -3.8130e-04 -3.5952e-04 -3.3719e-04 -3.1457e-04 -2.9191e-04 -2.6944e-04 -2.4739e-04 -2.2594e-04 -2.0526e-04 -1.8548e-04 -1.6673e-04 -1.4908e-04 -1.3260e-04 -1.1732e-04 -1.0326e-04 -9.0404e-05 -7.8736e-05 -6.8215e-05 -5.8791e-05 -5.0405e-05 -4.2991e-05 -3.6476e-05 -3.0788e-05 -2.5852e-05 -2.1595e-05 -1.7946e-05 -1.4836e-05 -1.2202e-05 -9.9837e-06 -8.1267e-06 -6.5811e-06 -5.3020e-06 -4.2496e-06 -3.3887e-06 -2.6883e-06 -2.1217e-06 -1.6660e-06 -1.3015e-06 -1.0115e-06 -7.8215e-07 -6.0170e-07 -4.6053e-07 -3.5068e-07 -2.6567e-07 -2.0025e-07 -1.5017e-07 -1.1204e-07 -8.3170e-08 -6.1425e-08 -4.5135e-08 -3.2997e-08 -2.4000e-08 -1.7369e-08 -1.2506e-08 -8.9586e-09 -6.3852e-09 -4.5280e-09 -3.1947e-09 -2.2427e-09 -1.5664e-09 -1.0885e-09 -7.5258e-10 -5.1771e-10 -3.5434e-10 -2.4130e-10 -1.6349e-10 -1.1022e-10 -7.3927e-11 -4.9336e-11 -3.2759e-11 -2.1642e-11 -1.4226e-11 -9.3040e-12 1.4291e-04 2.0059e-04 2.4262e-04 2.7529e-04 3.0093e-04 3.2070e-04 3.3529e-04 3.4521e-04 3.5086e-04 3.5261e-04 3.5080e-04 3.4579e-04 3.3793e-04 0.0000e+00 3.1511e-04 3.0088e-04 2.8523e-04 2.6852e-04 2.5107e-04 2.3318e-04 2.1514e-04 1.9720e-04 1.7959e-04 1.6250e-04 1.4609e-04 1.3049e-04 1.1581e-04 1.0212e-04 8.9461e-05 7.7857e-05 6.7309e-05 5.7799e-05 4.9293e-05 4.1747e-05 3.5104e-05 2.9302e-05 2.4275e-05 1.9954e-05 1.6270e-05 1.3153e-05 1.0539e-05 8.3643e-06 6.5712e-06 5.1059e-06 3.9196e-06 2.9685e-06 2.2140e-06 1.6220e-06 1.1631e-06 8.1204e-07 5.4743e-07 3.5133e-07 2.0887e-07 1.0784e-07 3.8358e-08 -7.4964e-09 -3.5984e-08 -5.1990e-08 -5.9270e-08 -6.0665e-08 -5.8285e-08 -5.3664e-08 -4.7891e-08 -4.1710e-08 -3.5614e-08 -2.9904e-08 -2.4747e-08 -2.0218e-08 -1.6328e-08 -1.3047e-08 -1.0323e-08 -8.0934e-09 -6.2905e-09 -4.8490e-09 -3.7086e-09 -2.8149e-09 -2.1211e-09 -1.5869e-09 -1.1792e-09 -8.7030e-10 -6.3814e-10 -4.6490e-10 -3.3656e-10 -2.4214e-10 -1.7314e-10 -1.2306e-10 -8.6943e-11 -6.1066e-11 -4.2641e-11 -2.9603e-11 -2.0435e-11 -1.4026e-11 -9.5727e-12 -6.4970e-12 -4.3850e-12 -2.9433e-12 -1.9647e-12 -1.3043e-12 -8.6121e-13 -5.6556e-13
-1.3797e-04 -1.9529e-04 -2.3951e-04 -2.7704e-04 -3.1031e-04 -3.4052e-04 -3.6829e-04 -3.9396e-04 -4.1768e-04 -4.3948e-04 -4.5932e-04 -4.7710e-04 -4.9269e-04 -5.0596e-04 2.4542e-02 -5.2500e-04 -5.3052e-04 -5.3327e-04 -5.3320e-04 -5.3032e-04 -5.2466e-04 -5.1631e-04 -5.0539e-04 -4.9206e-04 -4.7653e-04 -4.5902e-04 -4.3980e-04 -4.1912e-04 -3.9727e-04 -3.7455e-04 -3.5125e-04 -3.2763e-04 -3.0397e-04 -2.8051e-04 -2.5748e-04 -2.3509e-04 -2.1351e-04 -1.9288e-04 -1.7332e-04 -1.5492e-04 -1.3775e-04 -1.2183e-04 -1.0719e-04 -9.3813e-05 -8.1675e-05 -7.0736e-05 -6.0942e-05 -5.2230e-05 -4.4531e-05 -3.7769e-05 -3.1868e-05 -2.6749e-05 -2.2337e-05 -1.8556e-05 -1.5335e-05 -1.2608e-05 -1.0313e-05 -8.3917e-06 -6.7935e-06 -5.4714e-06 -4.3840e-06 -3.4947e-06 -2.7716e-06 -2.1868e-06 -1.7166e-06 -1.3406e-06 -1.0416e-06 -8.0521e-07 -6.1928e-07 -4.7385e-07 -3.6073e-07 -2.7322e-07 -2.0588e-07 -1.5435e-07 -1.1514e-07 -8.5445e-08 -6.3090e-08 -4.6347e-08 -3.3875e-08 -2.4634e-08 -1.7823e-08 -1.2830e-08 -9.1889e-09 -6.5479e-09 -4.6424e-09 -3.2748e-09 -2.2984e-09 -1.6050e-09 -1.1151e-09 -7.7082e-10 -5.3015e-10 -3.6279e-10 -2.4701e-10 -1.6733e-10 -1.1278e-10 -7.5635e-11 -5.0467e-11 -3.3504e-11 -2.2131e-11 -1.4545e-11 1.3758e-04 1.9311e-04 2.3357e-04 2.6502e-04 2.8970e-04 3.0873e-04 3.2277e-04 3.3231e-04 3.3773e-04 3.3939e-04 3.3761e-04 3.3275e-04 3.2513e-04 3.1511e-04 0.0000e+00 2.8925e-04 2.7410e-04 2.5792e-04 2.4101e-04 2.2369e-04 2.0621e-04 1.8883e-04 1.7177e-04 1.5521e-04 1.3932e-04 1.2422e-04 1.1002e-04 9.6774e-05 8.4540e-05 7.3337e-05 6.3165e-05 5.4007e-05 4.5831e-05 3.8592e-05 3.2236e-05 2.6701e-05 2.1922e-05 1.7831e-05 1.4360e-05 1.1440e-05 9.0079e-06 7.0005e-06 5.3607e-06 4.0355e-06 2.9769e-06 2.1418e-06 1.4921e-06 9.9435e-07 6.1989e-07 3.4411e-07 1.4626e-07 9.0704e-09 -8.1700e-08 -1.3761e-07 -1.6793e-07 -1.7998e-07 -1.7947e-07 -1.7072e-07 -1.5701e-07 -1.4070e-07 -1.2347e-07 -1.0648e-07 -9.0450e-08 -7.5824e-08 -6.2812e-08 -5.1472e-08 -4.1759e-08 -3.3564e-08 -2.6742e-08 -2.1129e-08 -1.6562e-08 -1.2883e-08 -9.9485e-09 -7.6276e-09 -5.8077e-09 -4.3924e-09 -3.3001e-09 -2.4635e-09 -1.8273e-09 -1.3471e-09 -9.8693e-10 -7.1872e-10 -5.2029e-10 -3.7442e-10 -2.6788e-10 -1.9055e-10 -1.3477e-10 -9.4781e-11 -6.6281e-11 -4.6092e-11 -3.1875e-11 -2.1921e-11 -1.4993e-11 -1.0199e-11 -6.9001e-12 -4.6430e-12 -3.1074e-12 -2.0685e-12 -1.3696e-12 -9.0205e-13
-1.3191e-04 -1.8694e-04 -2.2970e-04 -2.6638e-04 -2.9934e-04 -3.2972e-04 -3.5814e-04 -3.8490e-04 -4.1014e-04 -4.3384e-04 -4.5593e-04 -4.7628e-04 -4.9470e-04 -5.1100e-04 -5.2500e-04 2.7895e-02 -5.4531e-04 -5.5133e-04 -5.5445e-04 -5.5461e-04 -5.5181e-04 -5.4606e-04 -5.3747e-04 -5.2617e-04 -5.1232e-04 -4.9614e-04 -4.7788e-04 -4.5780e-04 -4.3621e-04 -4.1338e-04 -3.8965e-04 -3.6530e-04 -3.4063e-04 -3.1592e-04 -2.9144e-04 -2.6743e-04 -2.4408e-04 -2.2159e-04 -2.0010e-04 -1.7974e-04 -1.6059e-04 -1.4273e-04 -1.2619e-04 -1.1098e-04 -9.7092e-05 -8.4496e-05 -7.3150e-05 -6.2998e-05 -5.3971e-05 -4.5998e-05 -3.8999e-05 -3.2894e-05 -2.7601e-05 -2.3039e-05 -1.9133e-05 -1.5807e-05 -1.2991e-05 -1.0623e-05 -8.6412e-06 -6.9932e-06 -5.6305e-06 -4.5101e-06 -3.5942e-06 -2.8496e-06 -2.2477e-06 -1.7639e-06 -1.3772e-06 -1.0698e-06 -8.2673e-07 -6.3566e-07 -4.8626e-07 -3.7008e-07 -2.8023e-07 -2.1112e-07 -1.5824e-07 -1.1801e-07 -8.7556e-08 -6.4634e-08 -4.7471e-08 -3.4689e-08 -2.5220e-08 -1.8243e-08 -1.3130e-08 -9.4018e-09 -6.6982e-09 -4.7480e-09 -3.3486e-09 -2.3498e-09 -1.6405e-09 -1.1396e-09 -7.8761e-10 -5.4161e-10 -3.7056e-10 -2.5226e-10 -1.7086e-10 -1.1514e-10 -7.7203e-11 -5.1505e-11 -3.4187e-11 -2.2579e-11 1.3149e-04 1.8457e-04 2.2324e-04 2.5330e-04 2.7689e-04 2.9507e-04 3.0848e-04 3.1758e-04 3.2274e-04 3.2430e-04 3.2257e-04 3.1787e-04 3.1053e-04 3.0088e-04 2.8925e-04 0.0000e+00 2.6140e-04 2.4581e-04 2.2954e-04 2.1285e-04 1.9601e-04 1.7927e-04 1.6283e-04 1.4689e-04 1.3158e-04 1.1705e-04 1.0338e-04 9.0647e-05 7.8894e-05 6.8143e-05 5.8396e-05 4.9637e-05 4.1833e-05 3.4942e-05 2.8909e-05 2.3677e-05 1.9179e-05 1.5349e-05 1.2120e-05 9.4256e-06 7.2008e-06 5.3852e-06 3.9220e-06 2.7588e-06 1.8484e-06 1.1484e-06 6.2118e-07 2.3425e-07 -4.0525e-08 -2.2705e-07 -3.4538e-07 -4.1208e-07 -4.4070e-07 -4.4211e-07 -4.2490e-07 -3.9574e-07 -3.5968e-07 -3.2047e-07 -2.8079e-07 -2.4248e-07 -2.0672e-07 -1.7421e-07 -1.4526e-07 -1.1995e-07 -9.8138e-08 -7.9604e-08 -6.4042e-08 -5.1120e-08 -4.0499e-08 -3.1852e-08 -2.4875e-08 -1.9293e-08 -1.4864e-08 -1.1378e-08 -8.6531e-09 -6.5398e-09 -4.9121e-09 -3.6671e-09 -2.7212e-09 -2.0074e-09 -1.4722e-09 -1.0734e-09 -7.7813e-10 -5.6088e-10 -4.0201e-10 -2.8653e-10 -2.0308e-10 -1.4315e-10 -1.0034e-10 -6.9956e-11 -4.8505e-11 -3.3450e-11 -2.2944e-11 -1.5653e-11 -1.0622e-11 -7.1695e-12 -4.8136e-12 -3.2147e-12 -2.1356e-12 -1.4113e-12
-1.2526e-04 -1.7772e-04 -2.1882e-04 -2.5445e-04 -2.8690e-04 -3.1728e-04 -3.4616e-04 -3.7385e-04 -4.0043e-04 -4.2589e-04 -4.5010e-04 -4.7290e-04 -4.9407e-04 -5.1336e-04 -5.3052e-04 -5.4531e-04 3.1458e-02 -5.6693e-04 -5.7339e-04 -5.7680e-04 -5.7708e-04 -5.7422e-04 -5.6827e-04 -5.5931e-04 -5.4749e-04 -5.3300e-04 -5.1606e-04 -4.9694e-04 -4.7593e-04 -4.5332e-04 -4.2945e-04 -4.0464e-04 -3.7920e-04 -3.5345e-04 -3.2768e-04 -3.0216e-04 -2.7714e-04 -2.5283e-04 -2.2943e-04 -2.0709e-04 -1.8594e-04 -1.6607e-04 -1.4753e-04 -1.3038e-04 -1.1462e-04 -1.0023e-04 -8.7194e-05 -7.5455e-05 -6.4957e-05 -5.5629e-05 -4.7393e-05 -4.0167e-05 -3.3867e-05 -2.8407e-05 -2.3704e-05 -1.9678e-05 -1.6252e-05 -1.3353e-05 -1.0915e-05 -8.8760e-06 -7.1811e-06 -5.7800e-06 -4.6285e-06 -3.6875e-06 -2.9227e-06 -2.3048e-06 -1.8082e-06 -1.4114e-06 -1.0961e-06 -8.4683e-07 -6.5095e-07 -4.9784e-07 -3.7880e-07 -2.8677e-07 -2.1599e-07 -1.6186e-07 -1.2068e-07 -8.9518e-08 -6.6068e-08 -4.8514e-08 -3.5444e-08 -2.5764e-08 -1.8633e-08 -1.3407e-08 -9.5988e-09 -6.8373e-09 -4.8457e-09 -3.4169e-09 -2.3972e-09 -1.6734e-09 -1.1622e-09 -8.0311e-10 -5.5217e-10 -3.7773e-10 -2.5709e-10 -1.7411e-10 -1.1731e-10 -7.8646e-11 -5.2459e-11 -3.4816e-11 1.2481e-04 1.7519e-04 2.1189e-04 2.4042e-04 2.6280e-04 2.8005e-04 2.9277e-04 3.0140e-04 3.0627e-04 3.0771e-04 3.0603e-04 3.0151e-04 2.9448e-04 2.8523e-04 2.7410e-04 2.6140e-04 0.0000e+00 2.3251e-04 2.1691e-04 2.0092e-04 1.8479e-04 1.6874e-04 1.5299e-04 1.3771e-04 1.2304e-04 1.0912e-04 9.6038e-05 8.3857e-05 7.2627e-05 6.2367e-05 5.3082e-05 4.4754e-05 3.7354e-05 3.0840e-05 2.5161e-05 2.0257e-05 1.6066e-05 1.2523e-05 9.5604e-06 7.1135e-06 5.1188e-06 3.5165e-06 2.2505e-06 1.2693e-06 5.2606e-07 -2.0861e-08 -4.0829e-07 -6.6823e-07 -8.2815e-07 -9.1128e-07 -9.3697e-07 -9.2112e-07 -8.7657e-07 -8.1346e-07 -7.3969e-07 -6.6122e-07 -5.8243e-07 -5.0640e-07 -4.3517e-07 -3.6998e-07 -3.1148e-07 -2.5982e-07 -2.1485e-07 -1.7621e-07 -1.4339e-07 -1.1580e-07 -9.2839e-08 -7.3909e-08 -5.8436e-08 -4.5894e-08 -3.5810e-08 -2.7763e-08 -2.1389e-08 -1.6377e-08 -1.2463e-08 -9.4283e-09 -7.0901e-09 -5.3006e-09 -3.9399e-09 -2.9117e-09 -2.1396e-09 -1.5634e-09 -1.1360e-09 -8.2084e-10 -5.8986e-10 -4.2155e-10 -2.9962e-10 -2.1180e-10 -1.4892e-10 -1.0414e-10 -7.2435e-11 -5.0115e-11 -3.4488e-11 -2.3609e-11 -1.6076e-11 -1.0889e-11 -7.3367e-12 -4.9175e-12 -3.2788e-12 -2.1748e-12
