3.0423e-08 -8.2838e-08 -1.5236e-07 -2.3494e-07 -3.2897e-07 -4.3338e-07 -5.4739e-07 -6.7038e-07 -8.0174e-07 -9.4090e-07 -1.0872e-06 -1.2399e-06 -1.3980e-06 -1.5604e-06 -1.7258e-06 -1.8925e-06 -2.0586e-06 -2.2216e-06 -2.3789e-06 -2.5274e-06 -2.6636e-06 -2.7837e-06 -2.8836e-06 -2.9591e-06 -3.0061e-06 -3.0206e-06 -2.9993e-06 -2.9396e-06 -2.8401e-06 -2.7010e-06 -2.5243e-06 -2.3138e-06 -2.0757e-06 -1.8180e-06 -1.5504e-06 -1.2833e-06 -1.0274e-06 -7.9236e-07 -5.8609e-07 -4.1366e-07 -2.7697e-07 -1.7479e-07 -1.0319e-07 -5.6505e-08 -2.8426e-08 -1.2992e-08 -5.3274e-09 -1.9316e-09 -6.0903e-10 -1.6382e-10 -3.6770e-11 -6.7125e-12 -9.6754e-13 -1.0638e-13 -8.5695e-15 -4.8257e-16 -1.7977e-17 -4.1515e-19 -5.5055e-21 -3.8288e-23 -1.2536e-25 -1.6988e-28 -8.1659e-32 -1.1563e-35 -3.8526e-40 -2.2991e-45 -1.7609e-51 -1.1495e-58 -3.8588e-67 -3.5545e-77 -4.0966e-89 -2.1971e-103 -1.5635e-120 -2.9666e-141 -1.8942e-166 -2.7512e-197 -2.6319e-235 -1.4981e-282 -0.0000e+00 -0.0000e+00 -0.0000e+00 -0.0000e+00 -0.0000e+00 -0.0000e+00 -0.0000e+00 -0.0000e+00 -0.0000e+00 -0.0000e+00 -0.0000e+00 -0.0000e+00 -0.0000e+00 -0.0000e+00 -0.0000e+00 -0.0000e+00 -0.0000e+00 -0.0000e+00 -0.0000e+00 -0.0000e+00 -0.0000e+00 -0.0000e+00 0.0000e+00 -8.2838e-08 -1.5236e-07 -2.3494e-07 -3.2897e-07 -4.3338e-07 -5.4739e-07 -6.7038e-07 -8.0174e-07 -9.4090e-07 -1.0872e-06 -1.2399e-06 -1.3980e-06 -1.5604e-06 -1.7258e-06 -1.8925e-06 -2.0586e-06 -2.2216e-06 -2.3789e-06 -2.5274e-06 -2.6636e-06 -2.7837e-06 -2.8836e-06 -2.9591e-06 -3.0061e-06 -3.0206e-06 -2.9993e-06 -2.9396e-06 -2.8401e-06 -2.7010e-06 -2.5243e-06 -2.3138e-06 -2.0757e-06 -1.8180e-06 -1.5504e-06 -1.2833e-06 -1.0274e-06 -7.9236e-07 -5.8609e-07 -4.1366e-07 -2.7697e-07 -1.7479e-07 -1.0319e-07 -5.6505e-08 -2.8425e-08 -1.2992e-08 -5.3273e-09 -1.9315e-09 -6.0902e-10 -1.6382e-10 -3.6769e-11 -6.7125e-12 -9.6753e-13 -1.0638e-13 -8.5694e-15 -4.8256e-16 -1.7976e-17 -4.1514e-19 -5.5054e-21 -3.8287e-23 -1.2536e-25 -1.6987e-28 -8.1655e-32 -1.1562e-35 -3.8523e-40 -2.2990e-45 -1.7608e-51 -1.1494e-58 -3.8584e-67 -3.5541e-77 -4.0960e-89 -2.1967e-103 -1.5632e-120 -2.9659e-141 -1.8937e-166 -2.7503e-197 -2.6309e-235 -1.4974e-282 -0.0000e+00 -0.0000e+00 -0.0000e+00 -0.0000e+00 -0.0000e+00 -0.0000e+00 -0.0000e+00 -0.0000e+00 -0.0000e+00 -0.0000e+00 -0.0000e+00 -0.0000e+00 -0.0000e+00 -0.0000e+00 -0.0000e+00 -0.0000e+00 -0.0000e+00 -0.0000e+00 -0.0000e+00 -0.0000e+00 -0.0000e+00 -0.0000e+00
-8.2838e-08 4.8729e-07 -4.3125e-07 -6.6499e-07 -9.3113e-07 -1.2267e-06 -1.5494e-06 -1.8975e-06 -2.2693e-06 -2.6632e-06 -3.0772e-06 -3.5094e-06 -3.9569e-06 -4.4167e-06 -4.8849e-06 -5.3568e-06 -5.8267e-06 -6.2882e-06 -6.7335e-06 -7.1538e-06 -7.5393e-06 -7.8791e-06 -8.1619e-06 -8.3757e-06 -8.5087e-06 -8.5498e-06 -8.4895e-06 -8.3205e-06 -8.0390e-06 -7.6452e-06 -7.1449e-06 -6.5492e-06 -5.8753e-06 -5.1459e-06 -4.3883e-06 -3.6323e-06 -2.9080e-06 -2.2428e-06 -1.6590e-06 -1.1709e-06 -7.8401e-07 -4.9476e-07 -2.9209e-07 -1.5995e-07 -8.0465e-08 -3.6778e-08 -1.5081e-08 -5.4680e-09 -1.7241e-09 -4.6377e-10 -1.0410e-10 -1.9004e-11 -2.7393e-12 -3.0119e-13 -2.4264e-14 -1.3665e-15 -5.0905e-17 -1.1757e-18 -1.5592e-20 -1.0845e-22 -3.5510e-25 -4.8127e-28 -2.3137e-31 -3.2765e-35 -1.0919e-39 -6.5175e-45 -4.9929e-51 -3.2604e-58 -1.0948e-66 -1.0088e-76 -1.1632e-88 -6.2421e-103 -4.4449e-120 -8.4403e-141 -5.3944e-166 -7.8441e-197 -7.5148e-235 -4.2851e-282 -0.0000e+00 -0.0000e+00 -0.0000e+00 -0.0000e+00 -0.0000e+00 -0.0000e+00 -0.0000e+00 -0.0000e+00 -0.0000e+00 -0.0000e+00 -0.0000e+00 -0.0000e+00 -0.0000e+00 -0.0000e+00 -0.0000e+00 -0.0000e+00 -0.0000e+00 -0.0000e+00 -0.0000e+00 -0.0000e+00 -0.0000e+00 -0.0000e+00 -8.2838e-08 0.0000e+00 -4.3125e-07 -6.6499e-07 -9.3113e-07 -1.2267e-06 -1.5494e-06 -1.8975e-06 -2.2693e-06 -2.6632e-06 -3.0772e-06 -3.5094e-06 -3.9569e-06 -4.4167e-06 -4.8849e-06 -5.3568e-06 -5.8267e-06 -6.2882e-06 -6.7335e-06 -7.1538e-06 -7.5393e-06 -7.8791e-06 -8.1619e-06 -8.3756e-06 -8.5086e-06 -8.5498e-06 -8.4894e-06 -8.3205e-06 -8.0389e-06 -7.6452e-06 -7.1448e-06 -6.5491e-06 -5.8752e-06 -5.1458e-06 -4.3882e-06 -3.6322e-06 -2.9079e-06 -2.2428e-06 -1.6589e-06 -1.1709e-06 -7.8397e-07 -4.9474e-07 -2.9207e-07 -1.5994e-07 -8.0459e-08 -3.6775e-08 -1.5079e-08 -5.4674e-09 -1.7239e-09 -4.6371e-10 -1.0408e-10 -1.9001e-11 -2.7388e-12 -3.0112e-13 -2.4258e-14 -1.3661e-15 -5.0889e-17 -1.1753e-18 -1.5586e-20 -1.0839e-22 -3.5490e-25 -4.8096e-28 -2.3120e-31 -3.2738e-35 -1.0909e-39 -6.5104e-45 -4.9867e-51 -3.2557e-58 -1.0930e-66 -1.0069e-76 -1.1606e-88 -6.2255e-103 -4.4311e-120 -8.4093e-141 -5.3709e-166 -7.8036e-197 -7.4684e-235 -4.2532e-282 -0.0000e+00 -0.0000e+00 -0.0000e+00 -0.0000e+00 -0.0000e+00 -0.0000e+00 -0.0000e+00 -0.0000e+00 -0.0000e+00 -0.0000e+00 -0.0000e+00 -0.0000e+00 -0.0000e+00 -0.0000e+00 -0.0000e+00 -0.0000e+00 -0.0000e+00 -0.0000e+00 -0.0000e+00 -0.0000e+00 -0.0000e+00 -0.0000e+00
-1.5236e-07 -4.3125e-07 2.4709e-06 -1.2231e-06 -1.7126e-06 -2.2561e-06 -2.8497e-06 -3.4899e-06 -4.1738e-06 -4.8983e-06 -5.6598e-06 -6.4546e-06 -7.2778e-06 -8.1234e-06 -8.9845e-06 -9.8525e-06 -1.0717e-05 -1.1566e-05 -1.2385e-05 -1.3158e-05 -1.3867e-05 -1.4492e-05 -1.5012e-05 -1.5405e-05 -1.5650e-05 -1.5726e-05 -1.5615e-05 -1.5304e-05 -1.4786e-05 -1.4062e-05 -1.3142e-05 -1.2047e-05 -1.0807e-05 -9.4657e-06 -8.0722e-06 -6.6817e-06 -5.3494e-06 -4.1259e-06 -3.0519e-06 -2.1541e-06 -1.4424e-06 -9.1028e-07 -5.3741e-07 -2.9431e-07 -1.4806e-07 -6.7678e-08 -2.7753e-08 -1.0064e-08 -3.1734e-09 -8.5372e-10 -1.9164e-10 -3.4991e-11 -5.0445e-12 -5.5474e-13 -4.4698e-14 -2.5177e-15 -9.3817e-17 -2.1674e-18 -2.8753e-20 -2.0005e-22 -6.5533e-25 -8.8859e-28 -4.2742e-31 -6.0568e-35 -2.0199e-39 -1.2067e-44 -9.2537e-51 -6.0498e-58 -2.0343e-66 -1.8777e-76 -2.1692e-88 -1.1667e-102 -8.3314e-120 -1.5873e-140 -1.0186e-165 -1.4886e-196 -1.4348e-234 -8.2430e-282 -0.0000e+00 -0.0000e+00 -0.0000e+00 -0.0000e+00 -0.0000e+00 -0.0000e+00 -0.0000e+00 -0.0000e+00 -0.0000e+00 -0.0000e+00 -0.0000e+00 -0.0000e+00 -0.0000e+00 -0.0000e+00 -0.0000e+00 -0.0000e+00 -0.0000e+00 -0.0000e+00 -0.0000e+00 -0.0000e+00 -0.0000e+00 -0.0000e+00 -1.5236e-07 -4.3125e-07 0.0000e+00 -1.2231e-06 -1.7126e-06 -2.2561e-06 -2.8497e-06 -3.4899e-06 -4.1738e-06 -4.8983e-06 -5.6598e-06 -6.4546e-06 -7.2777e-06 -8.1234e-06 -8.9845e-06 -9.8524e-06 -1.0717e-05 -1.1566e-05 -1.2385e-05 -1.3158e-05 -1.3867e-05 -1.4492e-05 -1.5012e-05 -1.5405e-05 -1.5650e-05 -1.5725e-05 -1.5614e-05 -1.5304e-05 -1.4786e-05 -1.4062e-05 -1.3141e-05 -1.2046e-05 -1.0806e-05 -9.4648e-06 -8.0714e-06 -6.6809e-06 -5.3487e-06 -4.1252e-06 -3.0514e-06 -2.1537e-06 -1.4421e-06 -9.1004e-07 -5.3726e-07 -2.9421e-07 -1.4801e-07 -6.7650e-08 -2.7740e-08 -1.0058e-08 -3.1715e-09 -8.5312e-10 -1.9149e-10 -3.4960e-11 -5.0394e-12 -5.5410e-13 -4.4640e-14 -2.5140e-15 -9.3660e-17 -2.1632e-18 -2.8691e-20 -1.9956e-22 -6.5349e-25 -8.8575e-28 -4.2586e-31 -6.0316e-35 -2.0103e-39 -1.2001e-44 -9.1952e-51 -6.0057e-58 -2.0171e-66 -1.8593e-76 -2.1445e-88 -1.1512e-102 -8.2018e-120 -1.5583e-140 -9.9665e-166 -1.4505e-196 -1.3911e-234 -7.9427e-282 -0.0000e+00 -0.0000e+00 -0.0000e+00 -0.0000e+00 -0.0000e+00 -0.0000e+00 -0.0000e+00 -0.0000e+00 -0.0000e+00 -0.0000e+00 -0.0000e+00 -0.0000e+00 -0.0000e+00 -0.0000e+00 -0.0000e+00 -0.0000e+00 -0.0000e+00 -0.0000e+00 -0.0000e+00 -0.0000e+00 -0.0000e+00 -0.0000e+00
-2.3494e-07 -6.6499e-07 -1.2231e-06 7.8269e-06 -2.6408e-06 -3.4790e-06 -4.3943e-06 -5.3815e-06 -6.4361e-06 -7.5532e-06 -8.7276e-06 -9.9531e-06 -1.1222e-05 -1.2527e-05 -1.3854e-05 -1.5193e-05 -1.6526e-05 -1.7835e-05 -1.9098e-05 -2.0290e-05 -2.1383e-05 -2.2348e-05 -2.3150e-05 -2.3757e-05 -2.4134e-05 -2.4251e-05 -2.4081e-05 -2.3602e-05 -2.2804e-05 -2.1688e-05 -2.0269e-05 -1.8580e-05 -1.6669e-05 -1.4600e-05 -1.2452e-05 -1.0307e-05 -8.2523e-06 -6.3653e-06 -4.7087e-06 -3.3238e-06 -2.2258e-06 -1.4048e-06 -8.2948e-07 -4.5431e-07 -2.2859e-07 -1.0450e-07 -4.2863e-08 -1.5546e-08 -4.9033e-09 -1.3194e-09 -2.9628e-10 -5.4114e-11 -7.8043e-12 -8.5860e-13 -6.9217e-14 -3.9010e-15 -1.4546e-16 -3.3628e-18 -4.4650e-20 -3.1096e-22 -1.0197e-24 -1.3845e-27 -6.6693e-31 -9.4669e-35 -3.1634e-39 -1.8942e-44 -1.4564e-50 -9.5516e-58 -3.2236e-66 -2.9883e-76 -3.4700e-88 -1.8777e-102 -1.3506e-119 -2.5955e-140 -1.6830e-165 -2.4905e-196 -2.4372e-234 -1.4264e-281 -0.0000e+00 -0.0000e+00 -0.0000e+00 -0.0000e+00 -0.0000e+00 -0.0000e+00 -0.0000e+00 -0.0000e+00 -0.0000e+00 -0.0000e+00 -0.0000e+00 -0.0000e+00 -0.0000e+00 -0.0000e+00 -0.0000e+00 -0.0000e+00 -0.0000e+00 -0.0000e+00 -0.0000e+00 -0.0000e+00 -0.0000e+00 -0.0000e+00 -2.3494e-07 -6.6499e-07 -1.2231e-06 0.0000e+00 -2.6408e-06 -3.4790e-06 -4.3943e-06 -5.3815e-06 -6.4361e-06 -7.5532e-06 -8.7276e-06 -9.9531e-06 -1.1222e-05 -1.2526e-05 -1.3854e-05 -1.5193e-05 -1.6526e-05 -1.7835e-05 -1.9097e-05 -2.0290e-05 -2.1383e-05 -2.2347e-05 -2.3149e-05 -2.3755e-05 -2.4133e-05 -2.4249e-05 -2.4078e-05 -2.3599e-05 -2.2801e-05 -2.1684e-05 -2.0265e-05 -1.8576e-05 -1.6665e-05 -1.4596e-05 -1.2448e-05 -1.0303e-05 -8.2489e-06 -6.3622e-06 -4.7062e-06 -3.3217e-06 -2.2242e-06 -1.4037e-06 -8.2872e-07 -4.5384e-07 -2.2832e-07 -1.0436e-07 -4.2798e-08 -1.5519e-08 -4.8937e-09 -1.3165e-09 -2.9554e-10 -5.3961e-11 -7.7794e-12 -8.5549e-13 -6.8933e-14 -3.8828e-15 -1.4469e-16 -3.3426e-18 -4.4346e-20 -3.0855e-22 -1.0108e-24 -1.3706e-27 -6.5929e-31 -9.3431e-35 -3.1160e-39 -1.8617e-44 -1.4277e-50 -9.3348e-58 -3.1392e-66 -2.8979e-76 -3.3483e-88 -1.8013e-102 -1.2865e-119 -2.4518e-140 -1.5739e-165 -2.3010e-196 -2.2189e-234 -1.2757e-281 -0.0000e+00 -0.0000e+00 -0.0000e+00 -0.0000e+00 -0.0000e+00 -0.0000e+00 -0.0000e+00 -0.0000e+00 -0.0000e+00 -0.0000e+00 -0.0000e+00 -0.0000e+00 -0.0000e+00 -0.0000e+00 -0.0000e+00 -0.0000e+00 -0.0000e+00 -0.0000e+00 -0.0000e+00 -0.0000e+00 -0.0000e+00 -0.0000e+00
-3.2897e-07 -9.3113e-07 -1.7126e-06 -2.6408e-06 1.9164e-05 -4.8713e-06 -6.1529e-06 -7.5353e-06 -9.0119e-06 -1.0576e-05 -1.2221e-05 -1.3937e-05 -1.5714e-05 -1.7540e-05 -1.9399e-05 -2.1274e-05 -2.3140e-05 -2.4973e-05 -2.6742e-05 -2.8412e-05 -2.9943e-05 -3.1294e-05 -3.2418e-05 -3.3268e-05 -3.3798e-05 -3.3963e-05 -3.3725e-05 -3.3056e-05 -3.1939e-05 -3.0377e-05 -2.8392e-05 -2.6027e-05 -2.3352e-05 -2.0456e-05 -1.7447e-05 -1.4443e-05 -1.1565e-05 -8.9219e-06 -6.6010e-06 -4.6603e-06 -3.1214e-06 -1.9705e-06 -1.1638e-06 -6.3757e-07 -3.2090e-07 -1.4675e-07 -6.0216e-08 -2.1849e-08 -6.8947e-09 -1.8563e-09 -4.1710e-10 -7.6237e-11 -1.1004e-11 -1.2117e-12 -9.7785e-14 -5.5176e-15 -2.0601e-16 -4.7701e-18 -6.3448e-20 -4.4276e-22 -1.4553e-24 -1.9811e-27 -9.5724e-31 -1.3636e-34 -4.5749e-39 -2.7523e-44 -2.1278e-50 -1.4043e-57 -4.7748e-66 -4.4647e-76 -5.2373e-88 -2.8681e-102 -2.0921e-119 -4.0878e-140 -2.7032e-165 -4.0942e-196 -4.1187e-234 -2.4907e-281 -0.0000e+00 -0.0000e+00 -0.0000e+00 -0.0000e+00 -0.0000e+00 -0.0000e+00 -0.0000e+00 -0.0000e+00 -0.0000e+00 -0.0000e+00 -0.0000e+00 -0.0000e+00 -0.0000e+00 -0.0000e+00 -0.0000e+00 -0.0000e+00 -0.0000e+00 -0.0000e+00 -0.0000e+00 -0.0000e+00 -0.0000e+00 -0.0000e+00 -3.2897e-07 -9.3113e-07 -1.7126e-06 -2.6408e-06 0.0000e+00 -4.8713e-06 -6.1529e-06 -7.5353e-06 -9.0119e-06 -1.0576e-05 -1.2220e-05 -1.3936e-05 -1.5714e-05 -1.7540e-05 -1.9399e-05 -2.1273e-05 -2.3140e-05 -2.4972e-05 -2.6741e-05 -2.8410e-05 -2.9941e-05 -3.1291e-05 -3.2414e-05 -3.3264e-05 -3.3792e-05 -3.3956e-05 -3.3717e-05 -3.3047e-05 -3.1929e-05 -3.0366e-05 -2.8380e-05 -2.6014e-05 -2.3338e-05 -2.0442e-05 -1.7433e-05 -1.4431e-05 -1.1554e-05 -8.9115e-06 -6.5922e-06 -4.6532e-06 -3.1160e-06 -1.9666e-06 -1.1612e-06 -6.3595e-07 -3.1997e-07 -1.4627e-07 -5.9992e-08 -2.1757e-08 -6.8620e-09 -1.8464e-09 -4.1457e-10 -7.5712e-11 -1.0918e-11 -1.2010e-12 -9.6809e-14 -5.4552e-15 -2.0337e-16 -4.7008e-18 -6.2403e-20 -4.3448e-22 -1.4244e-24 -1.9332e-27 -9.3091e-31 -1.3208e-34 -4.4113e-39 -2.6398e-44 -2.0284e-50 -1.3292e-57 -4.4817e-66 -4.1500e-76 -4.8128e-88 -2.6005e-102 -1.8671e-119 -3.5809e-140 -2.3163e-165 -3.4179e-196 -3.3337e-234 -1.9435e-281 -0.0000e+00 -0.0000e+00 -0.0000e+00 -0.0000e+00 -0.0000e+00 -0.0000e+00 -0.0000e+00 -0.0000e+00 -0.0000e+00 -0.0000e+00 -0.0000e+00 -0.0000e+00 -0.0000e+00 -0.0000e+00 -0.0000e+00 -0.0000e+00 -0.0000e+00 -0.0000e+00 -0.0000e+00 -0.0000e+00 -0.0000e+00 -0.0000e+00
-4.3338e-07 -1.2267e-06 -2.2561e-06 -3.4790e-06 -4.8713e-06 3.9881e-05 -8.1058e-06 -9.9269e-06 -1.1872e-05 -1.3933e-05 -1.6099e-05 -1.8360e-05 -2.0702e-05 -2.3108e-05 -2.5557e-05 -2.8027e-05 -3.0486e-05 -3.2902e-05 -3.5233e-05 -3.7433e-05 -3.9452e-05 -4.1233e-05 -4.2715e-05 -4.3837e-05 -4.4537e-05 -4.4756e-05 -4.4445e-05 -4.3566e-05 -4.2098e-05 -4.0043e-05 -3.7429e-05 -3.4316e-05 -3.0792e-05 -2.6977e-05 -2.3013e-05 -1.9055e-05 -1.5261e-05 -1.1776e-05 -8.7149e-06 -6.1545e-06 -4.1236e-06 -2.6042e-06 -1.5387e-06 -8.4340e-07 -4.2473e-07 -1.9436e-07 -7.9805e-08 -2.8980e-08 -9.1532e-09 -2.4669e-09 -5.5493e-10 -1.0156e-10 -1.4680e-11 -1.6192e-12 -1.3092e-13 -7.4029e-15 -2.7707e-16 -6.4332e-18 -8.5837e-20 -6.0115e-22 -1.9840e-24 -2.7134e-27 -1.3181e-30 -1.8892e-34 -6.3833e-39 -3.8714e-44 -3.0210e-50 -2.0154e-57 -6.9380e-66 -6.5811e-76 -7.8489e-88 -4.3815e-102 -3.2677e-119 -6.5508e-140 -4.4623e-165 -6.9942e-196 -7.3198e-234 -4.6328e-281 -0.0000e+00 -0.0000e+00 -0.0000e+00 -0.0000e+00 -0.0000e+00 -0.0000e+00 -0.0000e+00 -0.0000e+00 -0.0000e+00 -0.0000e+00 -0.0000e+00 -0.0000e+00 -0.0000e+00 -0.0000e+00 -0.0000e+00 -0.0000e+00 -0.0000e+00 -0.0000e+00 -0.0000e+00 -0.0000e+00 -0.0000e+00 -0.0000e+00 -4.3338e-07 -1.2267e-06 -2.2561e-06 -3.4790e-06 -4.8713e-06 0.0000e+00 -8.1058e-06 -9.9269e-06 -1.1872e-05 -1.3933e-05 -1.6099e-05 -1.8360e-05 -2.0701e-05 -2.3107e-05 -2.5556e-05 -2.8025e-05 -3.0484e-05 -3.2899e-05 -3.5229e-05 -3.7428e-05 -3.9446e-05 -4.1225e-05 -4.2705e-05 -4.3824e-05 -4.4522e-05 -4.4738e-05 -4.4424e-05 -4.3542e-05 -4.2070e-05 -4.0012e-05 -3.7396e-05 -3.4280e-05 -3.0755e-05 -2.6940e-05 -2.2976e-05 -1.9020e-05 -1.5229e-05 -1.1747e-05 -8.6908e-06 -6.1351e-06 -4.1088e-06 -2.5936e-06 -1.5315e-06 -8.3895e-07 -4.2219e-07 -1.9304e-07 -7.9192e-08 -2.8728e-08 -9.0632e-09 -2.4395e-09 -5.4795e-10 -1.0012e-10 -1.4445e-11 -1.5898e-12 -1.2823e-13 -7.2312e-15 -2.6980e-16 -6.2423e-18 -8.2955e-20 -5.7830e-22 -1.8986e-24 -2.5811e-27 -1.2452e-30 -1.7707e-34 -5.9287e-39 -3.5584e-44 -2.7436e-50 -1.8051e-57 -6.1153e-66 -5.6944e-76 -6.6475e-88 -3.6200e-102 -2.6235e-119 -5.0878e-140 -3.3355e-165 -5.0021e-196 -4.9755e-234 -2.9707e-281 -0.0000e+00 -0.0000e+00 -0.0000e+00 -0.0000e+00 -0.0000e+00 -0.0000e+00 -0.0000e+00 -0.0000e+00 -0.0000e+00 -0.0000e+00 -0.0000e+00 -0.0000e+00 -0.0000e+00 -0.0000e+00 -0.0000e+00 -0.0000e+00 -0.0000e+00 -0.0000e+00 -0.0000e+00 -0.0000e+00 -0.0000e+00 -0.0000e+00
-5.4739e-07 -1.5494e-06 -2.8497e-06 -4.3943e-06 -6.1529e-06 -8.1058e-06 7.4196e-05 -1.2539e-05 -1.4996e-05 -1.7599e-05 -2.0335e-05 -2.3191e-05 -2.6149e-05 -2.9188e-05 -3.2283e-05 -3.5402e-05 -3.8510e-05 -4.1562e-05 -4.4508e-05 -4.7289e-05 -4.9841e-05 -5.2093e-05 -5.3969e-05 -5.5390e-05 -5.6278e-05 -5.6560e-05 -5.6173e-05 -5.5068e-05 -5.3219e-05 -5.0628e-05 -4.7331e-05 -4.3402e-05 -3.8954e-05 -3.4136e-05 -2.9128e-05 -2.4126e-05 -1.9329e-05 -1.4921e-05 -1.1047e-05 -7.8054e-06 -5.2327e-06 -3.3068e-06 -1.9552e-06 -1.0726e-06 -5.4063e-07 -2.4765e-07 -1.0180e-07 -3.7016e-08 -1.1709e-08 -3.1609e-09 -7.1236e-10 -1.3065e-10 -1.8930e-11 -2.0936e-12 -1.6978e-13 -9.6335e-15 -3.6196e-16 -8.4413e-18 -1.1319e-19 -7.9724e-22 -2.6482e-24 -3.6483e-27 -1.7870e-30 -2.5855e-34 -8.8303e-39 -5.4212e-44 -4.2896e-50 -2.9073e-57 -1.0190e-65 -9.8650e-76 -1.2041e-87 -6.9009e-102 -5.3021e-119 -1.0993e-139 -7.7783e-165 -1.2725e-195 -1.3976e-233 -9.3389e-281 -0.0000e+00 -0.0000e+00 -0.0000e+00 -0.0000e+00 -0.0000e+00 -0.0000e+00 -0.0000e+00 -0.0000e+00 -0.0000e+00 -0.0000e+00 -0.0000e+00 -0.0000e+00 -0.0000e+00 -0.0000e+00 -0.0000e+00 -0.0000e+00 -0.0000e+00 -0.0000e+00 -0.0000e+00 -0.0000e+00 -0.0000e+00 -0.0000e+00 -5.4739e-07 -1.5494e-06 -2.8497e-06 -4.3943e-06 -6.1529e-06 -8.1058e-06 0.0000e+00 -1.2539e-05 -1.4996e-05 -1.7598e-05 -2.0335e-05 -2.3190e-05 -2.6148e-05 -2.9186e-05 -3.2280e-05 -3.5399e-05 -3.8506e-05 -4.1556e-05 -4.4499e-05 -4.7278e-05 -4.9827e-05 -5.2075e-05 -5.3945e-05 -5.5361e-05 -5.6243e-05 -5.6518e-05 -5.6123e-05 -5.5010e-05 -5.3154e-05 -5.0555e-05 -4.7252e-05 -4.3318e-05 -3.8867e-05 -3.4048e-05 -2.9041e-05 -2.4043e-05 -1.9253e-05 -1.4853e-05 -1.0990e-05 -7.7597e-06 -5.1978e-06 -3.2817e-06 -1.9384e-06 -1.0621e-06 -5.3464e-07 -2.4455e-07 -1.0036e-07 -3.6423e-08 -1.1497e-08 -3.0962e-09 -6.9591e-10 -1.2724e-10 -1.8373e-11 -2.0241e-12 -1.6343e-13 -9.2272e-15 -3.4475e-16 -7.9888e-18 -1.0635e-19 -7.4293e-22 -2.4448e-24 -3.3326e-27 -1.6128e-30 -2.3015e-34 -7.7383e-39 -4.6668e-44 -3.6184e-50 -2.3962e-57 -8.1800e-66 -7.6854e-76 -9.0667e-88 -4.9991e-102 -3.6765e-119 -7.2556e-140 -4.8566e-165 -7.4664e-196 -7.6510e-234 -4.7345e-281 -0.0000e+00 -0.0000e+00 -0.0000e+00 -0.0000e+00 -0.0000e+00 -0.0000e+00 -0.0000e+00 -0.0000e+00 -0.0000e+00 -0.0000e+00 -0.0000e+00 -0.0000e+00 -0.0000e+00 -0.0000e+00 -0.0000e+00 -0.0000e+00 -0.0000e+00 -0.0000e+00 -0.0000e+00 -0.0000e+00 -0.0000e+00 -0.0000e+00
-6.7038e-07 -1.8975e-06 -3.4899e-06 -5.3815e-06 -7.5353e-06 -9.9269e-06 -1.2539e-05 1.2719e-04 -1.8365e-05 -2.1553e-05 -2.4904e-05 -2.8402e-05 -3.2025e-05 -3.5748e-05 -3.9539e-05 -4.3361e-05 -4.7168e-05 -5.0908e-05 -5.4519e-05 -5.7928e-05 -6.1059e-05 -6.3822e-05 -6.6125e-05 -6.7872e-05 -6.8968e-05 -6.9323e-05 -6.8858e-05 -6.7515e-05 -6.5261e-05 -6.2098e-05 -5.8069e-05 -5.3264e-05 -4.7821e-05 -4.1922e-05 -3.5786e-05 -2.9655e-05 -2.3772e-05 -1.8361e-05 -1.3604e-05 -9.6192e-06 -6.4543e-06 -4.0827e-06 -2.4166e-06 -1.3273e-06 -6.6998e-07 -3.0738e-07 -1.2658e-07 -4.6116e-08 -1.4620e-08 -3.9566e-09 -8.9420e-10 -1.6452e-10 -2.3922e-11 -2.6563e-12 -2.1640e-13 -1.2341e-14 -4.6635e-16 -1.0946e-17 -1.4785e-19 -1.0498e-21 -3.5194e-24 -4.8990e-27 -2.4277e-30 -3.5588e-34 -1.2334e-38 -7.6983e-44 -6.2051e-50 -4.2935e-57 -1.5400e-65 -1.5299e-75 -1.9220e-87 -1.1373e-101 -9.0542e-119 -1.9528e-139 -1.4435e-164 -2.4793e-195 -2.8743e-233 -2.0404e-280 -0.0000e+00 -0.0000e+00 -0.0000e+00 -0.0000e+00 -0.0000e+00 -0.0000e+00 -0.0000e+00 -0.0000e+00 -0.0000e+00 -0.0000e+00 -0.0000e+00 -0.0000e+00 -0.0000e+00 -0.0000e+00 -0.0000e+00 -0.0000e+00 -0.0000e+00 -0.0000e+00 -0.0000e+00 -0.0000e+00 -0.0000e+00 -0.0000e+00 -6.7038e-07 -1.8975e-06 -3.4899e-06 -5.3815e-06 -7.5353e-06 -9.9269e-06 -1.2539e-05 0.0000e+00 -1.8365e-05 -2.1552e-05 -2.4903e-05 -2.8401e-05 -3.2023e-05 -3.5744e-05 -3.9534e-05 -4.3354e-05 -4.7159e-05 -5.0895e-05 -5.4501e-05 -5.7905e-05 -6.1028e-05 -6.3782e-05 -6.6076e-05 -6.7811e-05 -6.8894e-05 -6.9234e-05 -6.8754e-05 -6.7395e-05 -6.5124e-05 -6.1945e-05 -5.7903e-05 -5.3087e-05 -4.7637e-05 -4.1736e-05 -3.5603e-05 -2.9481e-05 -2.3612e-05 -1.8220e-05 -1.3484e-05 -9.5231e-06 -6.3809e-06 -4.0300e-06 -2.3812e-06 -1.3053e-06 -6.5738e-07 -3.0085e-07 -1.2354e-07 -4.4866e-08 -1.4173e-08 -3.8202e-09 -8.5947e-10 -1.5732e-10 -2.2745e-11 -2.5094e-12 -2.0294e-13 -1.1479e-14 -4.2978e-16 -9.9829e-18 -1.3326e-19 -9.3380e-22 -3.0839e-24 -4.2210e-27 -2.0523e-30 -2.9447e-34 -9.9626e-39 -6.0518e-44 -4.7316e-50 -3.1640e-57 -1.0923e-65 -1.0399e-75 -1.2458e-87 -6.9938e-102 -5.2534e-119 -1.0628e-139 -7.3253e-165 -1.1657e-195 -1.2443e-233 -8.0801e-281 -0.0000e+00 -0.0000e+00 -0.0000e+00 -0.0000e+00 -0.0000e+00 -0.0000e+00 -0.0000e+00 -0.0000e+00 -0.0000e+00 -0.0000e+00 -0.0000e+00 -0.0000e+00 -0.0000e+00 -0.0000e+00 -0.0000e+00 -0.0000e+00 -0.0000e+00 -0.0000e+00 -0.0000e+00 -0.0000e+00 -0.0000e+00 -0.0000e+00
-8.0174e-07 -2.2693e-06 -4.1738e-06 -6.4361e-06 -9.0119e-06 -1.1872e-05 -1.4996e-05 -1.8365e-05 2.0486e-04 -2.5777e-05 -2.9785e-05 -3.3969e-05 -3.8303e-05 -4.2756e-05 -4.7292e-05 -5.1865e-05 -5.6422e-05 -6.0899e-05 -6.5222e-05 -6.9306e-05 -7.3057e-05 -7.6371e-05 -7.9137e-05 -8.1239e-05 -8.2565e-05 -8.3005e-05 -8.2466e-05 -8.0878e-05 -7.8200e-05 -7.4433e-05 -6.9630e-05 -6.3895e-05 -5.7393e-05 -5.0341e-05 -4.2999e-05 -3.5657e-05 -2.8605e-05 -2.2114e-05 -1.6401e-05 -1.1610e-05 -7.7998e-06 -4.9408e-06 -2.9292e-06 -1.6117e-06 -8.1516e-07 -3.7484e-07 -1.5475e-07 -5.6538e-08 -1.7980e-08 -4.8835e-09 -1.1081e-09 -2.0478e-10 -2.9926e-11 -3.3416e-12 -2.7393e-13 -1.5732e-14 -5.9915e-16 -1.4186e-17 -1.9349e-19 -1.3890e-21 -4.7132e-24 -6.6498e-27 -3.3451e-30 -4.9857e-34 -1.7601e-38 -1.1212e-43 -9.2423e-50 -6.5554e-57 -2.4163e-65 -2.4735e-75 -3.2111e-87 -1.9699e-101 -1.6317e-118 -3.6760e-139 -2.8512e-164 -5.1649e-195 -6.3539e-233 -4.8208e-280 -0.0000e+00 -0.0000e+00 -0.0000e+00 -0.0000e+00 -0.0000e+00 -0.0000e+00 -0.0000e+00 -0.0000e+00 -0.0000e+00 -0.0000e+00 -0.0000e+00 -0.0000e+00 -0.0000e+00 -0.0000e+00 -0.0000e+00 -0.0000e+00 -0.0000e+00 -0.0000e+00 -0.0000e+00 -0.0000e+00 -0.0000e+00 -0.0000e+00 -8.0174e-07 -2.2693e-06 -4.1738e-06 -6.4361e-06 -9.0119e-06 -1.1872e-05 -1.4996e-05 -1.8365e-05 0.0000e+00 -2.5776e-05 -2.9784e-05 -3.3967e-05 -3.8299e-05 -4.2750e-05 -4.7283e-05 -5.1852e-05 -5.6403e-05 -6.0873e-05 -6.5187e-05 -6.9260e-05 -7.2998e-05 -7.6295e-05 -7.9042e-05 -8.1122e-05 -8.2422e-05 -8.2834e-05 -8.2265e-05 -8.0645e-05 -7.7936e-05 -7.4140e-05 -6.9310e-05 -6.3555e-05 -5.7039e-05 -4.9982e-05 -4.2647e-05 -3.5321e-05 -2.8297e-05 -2.1842e-05 -1.6170e-05 -1.1424e-05 -7.6581e-06 -4.8389e-06 -2.8608e-06 -1.5691e-06 -7.9081e-07 -3.6219e-07 -1.4886e-07 -5.4116e-08 -1.7114e-08 -4.6188e-09 -1.0406e-09 -1.9079e-10 -2.7634e-11 -3.0551e-12 -2.4766e-13 -1.4046e-14 -5.2747e-16 -1.2294e-17 -1.6476e-19 -1.1597e-21 -3.8496e-24 -5.2998e-27 -2.5942e-30 -3.7509e-34 -1.2803e-38 -7.8562e-44 -6.2146e-50 -4.2122e-57 -1.4771e-65 -1.4318e-75 -1.7515e-87 -1.0074e-101 -7.7834e-119 -1.6271e-139 -1.1649e-164 -1.9378e-195 -2.1779e-233 -1.5020e-280 -0.0000e+00 -0.0000e+00 -0.0000e+00 -0.0000e+00 -0.0000e+00 -0.0000e+00 -0.0000e+00 -0.0000e+00 -0.0000e+00 -0.0000e+00 -0.0000e+00 -0.0000e+00 -0.0000e+00 -0.0000e+00 -0.0000e+00 -0.0000e+00 -0.0000e+00 -0.0000e+00 -0.0000e+00 -0.0000e+00 -0.0000e+00 -0.0000e+00
-9.4090e-07 -2.6632e-06 -4.8983e-06 -7.5532e-06 -1.0576e-05 -1.3933e-05 -1.7599e-05 -2.1553e-05 -2.5777e-05 3.1418e-04 -3.4957e-05 -3.9868e-05 -4.4955e-05 -5.0183e-05 -5.5509e-05 -6.0880e-05 -6.6232e-05 -7.1493e-05 -7.6574e-05 -8.1378e-05 -8.5793e-05 -8.9698e-05 -9.2962e-05 -9.5450e-05 -9.7029e-05 -9.7573e-05 -9.6969e-05 -9.5134e-05 -9.2021e-05 -8.7629e-05 -8.2016e-05 -7.5306e-05 -6.7688e-05 -5.9416e-05 -5.0794e-05 -4.2161e-05 -3.3861e-05 -2.6209e-05 -1.9464e-05 -1.3800e-05 -9.2875e-06 -5.8947e-06 -3.5025e-06 -1.9319e-06 -9.7979e-07 -4.5193e-07 -1.8722e-07 -6.8665e-08 -2.1931e-08 -5.9851e-09 -1.3653e-09 -2.5382e-10 -3.7339e-11 -4.2002e-12 -3.4714e-13 -2.0118e-14 -7.7393e-16 -1.8530e-17 -2.5586e-19 -1.8617e-21 -6.4122e-24 -9.1963e-27 -4.7100e-30 -7.1595e-34 -2.5825e-38 -1.6841e-43 -1.4242e-49 -1.0387e-56 -3.9464e-65 -4.1753e-75 -5.6188e-87 -3.5850e-101 -3.1000e-118 -7.3222e-139 -5.9846e-164 -1.1491e-194 -1.5090e-232 -1.2325e-279 -0.0000e+00 -0.0000e+00 -0.0000e+00 -0.0000e+00 -0.0000e+00 -0.0000e+00 -0.0000e+00 -0.0000e+00 -0.0000e+00 -0.0000e+00 -0.0000e+00 -0.0000e+00 -0.0000e+00 -0.0000e+00 -0.0000e+00 -0.0000e+00 -0.0000e+00 -0.0000e+00 -0.0000e+00 -0.0000e+00 -0.0000e+00 -0.0000e+00 -9.4090e-07 -2.6632e-06 -4.8983e-06 -7.5532e-06 -1.0576e-05 -1.3933e-05 -1.7598e-05 -2.1552e-05 -2.5776e-05 0.0000e+00 -3.4954e-05 -3.9863e-05 -4.4948e-05 -5.0172e-05 -5.5492e-05 -6.0856e-05 -6.6199e-05 -7.1447e-05 -7.6512e-05 -8.1296e-05 -8.5687e-05 -8.9562e-05 -9.2791e-05 -9.5239e-05 -9.6772e-05 -9.7265e-05 -9.6607e-05 -9.4716e-05 -9.1546e-05 -8.7100e-05 -8.1440e-05 -7.4693e-05 -6.7050e-05 -5.8770e-05 -5.0159e-05 -4.1557e-05 -3.3305e-05 -2.5718e-05 -1.9049e-05 -1.3465e-05 -9.0317e-06 -5.7108e-06 -3.3788e-06 -1.8549e-06 -9.3572e-07 -4.2903e-07 -1.7655e-07 -6.4270e-08 -2.0357e-08 -5.5038e-09 -1.2425e-09 -2.2831e-10 -3.3154e-11 -3.6758e-12 -2.9895e-13 -1.7017e-14 -6.4174e-16 -1.5029e-17 -2.0250e-19 -1.4341e-21 -4.7937e-24 -6.6523e-27 -3.2859e-30 -4.8003e-34 -1.6580e-38 -1.0313e-43 -8.2850e-50 -5.7160e-57 -2.0456e-65 -2.0296e-75 -2.5502e-87 -1.5126e-101 -1.2106e-118 -2.6352e-139 -1.9767e-164 -3.4689e-195 -4.1466e-233 -3.0703e-280 -0.0000e+00 -0.0000e+00 -0.0000e+00 -0.0000e+00 -0.0000e+00 -0.0000e+00 -0.0000e+00 -0.0000e+00 -0.0000e+00 -0.0000e+00 -0.0000e+00 -0.0000e+00 -0.0000e+00 -0.0000e+00 -0.0000e+00 -0.0000e+00 -0.0000e+00 -0.0000e+00 -0.0000e+00 -0.0000e+00 -0.0000e+00 -0.0000e+00
-1.0872e-06 -3.0772e-06 -5.6598e-06 -8.7276e-06 -1.2221e-05 -1.6099e-05 -2.0335e-05 -2.4904e-05 -2.9785e-05 -3.4957e-05 4.6314e-04 -4.6070e-05 -5.1951e-05 -5.7995e-05 -6.4153e-05 -7.0365e-05 -7.6558e-05 -8.2647e-05 -8.8531e-05 -9.4098e-05 -9.9220e-05 -1.0376e-04 -1.0756e-04 -1.1046e-04 -1.1233e-04 -1.1300e-04 -1.1234e-04 -1.1027e-04 -1.0672e-04 -1.0169e-04 -9.5243e-05 -8.7521e-05 -7.8738e-05 -6.9186e-05 -5.9215e-05 -4.9216e-05 -3.9584e-05 -3.0690e-05 -2.2835e-05 -1.6223e-05 -1.0944e-05 -6.9642e-06 -4.1500e-06 -2.2965e-06 -1.1690e-06 -5.4137e-07 -2.2528e-07 -8.3041e-08 -2.6671e-08 -7.3236e-09 -1.6821e-09 -3.1509e-10 -4.6741e-11 -5.3064e-12 -4.4303e-13 -2.5963e-14 -1.0111e-15 -2.4533e-17 -3.4374e-19 -2.5413e-21 -8.9059e-24 -1.3016e-26 -6.8036e-30 -1.0573e-33 -3.9060e-38 -2.6139e-43 -2.2732e-49 -1.7087e-56 -6.7081e-65 -7.3539e-75 -1.0287e-86 -6.8476e-101 -6.2035e-118 -1.5427e-138 -1.3352e-163 -2.7333e-194 -3.8580e-232 -3.4196e-279 -0.0000e+00 -0.0000e+00 -0.0000e+00 -0.0000e+00 -0.0000e+00 -0.0000e+00 -0.0000e+00 -0.0000e+00 -0.0000e+00 -0.0000e+00 -0.0000e+00 -0.0000e+00 -0.0000e+00 -0.0000e+00 -0.0000e+00 -0.0000e+00 -0.0000e+00 -0.0000e+00 -0.0000e+00 -0.0000e+00 -0.0000e+00 -0.0000e+00 -1.0872e-06 -3.0772e-06 -5.6598e-06 -8.7276e-06 -1.2220e-05 -1.6099e-05 -2.0335e-05 -2.4903e-05 -2.9784e-05 -3.4954e-05 0.0000e+00 -4.6062e-05 -5.1938e-05 -5.7976e-05 -6.4125e-05 -7.0324e-05 -7.6501e-05 -8.2568e-05 -8.8426e-05 -9.3959e-05 -9.9038e-05 -1.0352e-04 -1.0726e-04 -1.1010e-04 -1.1189e-04 -1.1247e-04 -1.1173e-04 -1.0956e-04 -1.0591e-04 -1.0079e-04 -9.4261e-05 -8.6474e-05 -7.7650e-05 -6.8085e-05 -5.8132e-05 -4.8184e-05 -3.8636e-05 -2.9852e-05 -2.2125e-05 -1.5651e-05 -1.0506e-05 -6.6492e-06 -3.9381e-06 -2.1644e-06 -1.0933e-06 -5.0203e-07 -2.0694e-07 -7.5473e-08 -2.3956e-08 -6.4923e-09 -1.4696e-09 -2.7086e-10 -3.9467e-11 -4.3927e-12 -3.5880e-13 -2.0525e-14 -7.7834e-16 -1.8343e-17 -2.4892e-19 -1.7771e-21 -5.9948e-24 -8.4056e-27 -4.2010e-30 -6.2197e-34 -2.1810e-38 -1.3801e-43 -1.1306e-49 -7.9756e-57 -2.9272e-65 -2.9888e-75 -3.8797e-87 -2.3879e-101 -1.9933e-118 -4.5518e-139 -3.6054e-164 -6.7326e-195 -8.6389e-233 -6.9372e-280 -0.0000e+00 -0.0000e+00 -0.0000e+00 -0.0000e+00 -0.0000e+00 -0.0000e+00 -0.0000e+00 -0.0000e+00 -0.0000e+00 -0.0000e+00 -0.0000e+00 -0.0000e+00 -0.0000e+00 -0.0000e+00 -0.0000e+00 -0.0000e+00 -0.0000e+00 -0.0000e+00 -0.0000e+00 -0.0000e+00 -0.0000e+00 -0.0000e+00
-1.2399e-06 -3.5094e-06 -6.4546e-06 -9.9531e-06 -1.3937e-05 -1.8360e-05 -2.3191e-05 -2.8402e-05 -3.3969e-05 -3.9868e-05 -4.6070e-05 6.6088e-04 -5.9255e-05 -6.6153e-05 -7.3183e-05 -8.0276e-05 -8.7350e-05 -9.4309e-05 -1.0104e-04 -1.0741e-04 -1.1329e-04 -1.1849e-04 -1.2287e-04 -1.2624e-04 -1.2842e-04 -1.2925e-04 -1.2857e-04 -1.2628e-04 -1.2230e-04 -1.1663e-04 -1.0934e-04 -1.0058e-04 -9.0593e-05 -7.9710e-05 -6.8327e-05 -5.6886e-05 -4.5841e-05 -3.5618e-05 -2.6565e-05 -1.8925e-05 -1.2805e-05 -8.1759e-06 -4.8904e-06 -2.7175e-06 -1.3897e-06 -6.4689e-07 -2.7073e-07 -1.0042e-07 -3.2477e-08 -8.9861e-09 -2.0814e-09 -3.9347e-10 -5.8959e-11 -6.7676e-12 -5.7185e-13 -3.3952e-14 -1.3411e-15 -3.3044e-17 -4.7073e-19 -3.5432e-21 -1.2659e-23 -1.8889e-26 -1.0097e-29 -1.6072e-33 -6.0926e-38 -4.1920e-43 -3.7564e-49 -2.9165e-56 -1.1858e-64 -1.3506e-74 -1.9699e-86 -1.3728e-100 -1.3083e-117 -3.4419e-138 -3.1722e-163 -6.9691e-194 -1.0653e-231 -1.0338e-278 -0.0000e+00 -0.0000e+00 -0.0000e+00 -0.0000e+00 -0.0000e+00 -0.0000e+00 -0.0000e+00 -0.0000e+00 -0.0000e+00 -0.0000e+00 -0.0000e+00 -0.0000e+00 -0.0000e+00 -0.0000e+00 -0.0000e+00 -0.0000e+00 -0.0000e+00 -0.0000e+00 -0.0000e+00 -0.0000e+00 -0.0000e+00 -0.0000e+00 -1.2399e-06 -3.5094e-06 -6.4546e-06 -9.9531e-06 -1.3936e-05 -1.8360e-05 -2.3190e-05 -2.8401e-05 -3.3967e-05 -3.9863e-05 -4.6062e-05 0.0000e+00 -5.9234e-05 -6.6122e-05 -7.3136e-05 -8.0209e-05 -8.7257e-05 -9.4181e-05 -1.0087e-04 -1.0719e-04 -1.1299e-04 -1.1812e-04 -1.2240e-04 -1.2565e-04 -1.2771e-04 -1.2839e-04 -1.2757e-04 -1.2511e-04 -1.2098e-04 -1.1516e-04 -1.0774e-04 -9.8872e-05 -8.8819e-05 -7.7914e-05 -6.6559e-05 -5.5202e-05 -4.4293e-05 -3.4248e-05 -2.5405e-05 -1.7988e-05 -1.2088e-05 -7.6598e-06 -4.5429e-06 -2.5007e-06 -1.2654e-06 -5.8216e-07 -2.4049e-07 -8.7927e-08 -2.7986e-08 -7.6082e-09 -1.7282e-09 -3.1979e-10 -4.6803e-11 -5.2353e-12 -4.3004e-13 -2.4757e-14 -9.4555e-16 -2.2463e-17 -3.0761e-19 -2.2187e-21 -7.5713e-24 -1.0755e-26 -5.4546e-30 -8.2103e-34 -2.9332e-38 -1.8955e-43 -1.5901e-49 -1.1520e-56 -4.3570e-65 -4.6019e-75 -6.2061e-87 -3.9875e-101 -3.4938e-118 -8.4269e-139 -7.1005e-164 -1.4221e-194 -1.9758e-232 -1.7372e-279 -0.0000e+00 -0.0000e+00 -0.0000e+00 -0.0000e+00 -0.0000e+00 -0.0000e+00 -0.0000e+00 -0.0000e+00 -0.0000e+00 -0.0000e+00 -0.0000e+00 -0.0000e+00 -0.0000e+00 -0.0000e+00 -0.0000e+00 -0.0000e+00 -0.0000e+00 -0.0000e+00 -0.0000e+00 -0.0000e+00 -0.0000e+00 -0.0000e+00
-1.3980e-06 -3.9569e-06 -7.2778e-06 -1.1222e-05 -1.5714e-05 -2.0702e-05 -2.6149e-05 -3.2025e-05 -3.8303e-05 -4.4955e-05 -5.1951e-05 -5.9255e-05 9.1774e-04 -7.4610e-05 -8.2546e-05 -9.0557e-05 -9.8551e-05 -1.0642e-04 -1.1404e-04 -1.2126e-04 -1.2793e-04 -1.3385e-04 -1.3885e-04 -1.4273e-04 -1.4527e-04 -1.4629e-04 -1.4563e-04 -1.4315e-04 -1.3877e-04 -1.3247e-04 -1.2434e-04 -1.1453e-04 -1.0332e-04 -9.1066e-05 -7.8213e-05 -6.5258e-05 -5.2717e-05 -4.1073e-05 -3.0728e-05 -2.1965e-05 -1.4918e-05 -9.5654e-06 -5.7482e-06 -3.2108e-06 -1.6513e-06 -7.7353e-07 -3.2597e-07 -1.2183e-07 -3.9731e-08 -1.1093e-08 -2.5950e-09 -4.9589e-10 -7.5179e-11 -8.7392e-12 -7.4860e-13 -4.5105e-14 -1.8100e-15 -4.5364e-17 -6.5813e-19 -5.0513e-21 -1.8428e-23 -2.8118e-26 -1.5394e-29 -2.5140e-33 -9.7961e-38 -6.9427e-43 -6.4234e-49 -5.1630e-56 -2.1799e-64 -2.5872e-74 -3.9480e-86 -2.8921e-100 -2.9130e-117 -8.1507e-138 -8.0484e-163 -1.9108e-193 -3.1887e-231 -3.4185e-278 -0.0000e+00 -0.0000e+00 -0.0000e+00 -0.0000e+00 -0.0000e+00 -0.0000e+00 -0.0000e+00 -0.0000e+00 -0.0000e+00 -0.0000e+00 -0.0000e+00 -0.0000e+00 -0.0000e+00 -0.0000e+00 -0.0000e+00 -0.0000e+00 -0.0000e+00 -0.0000e+00 -0.0000e+00 -0.0000e+00 -0.0000e+00 -0.0000e+00 -1.3980e-06 -3.9569e-06 -7.2777e-06 -1.1222e-05 -1.5714e-05 -2.0701e-05 -2.6148e-05 -3.2023e-05 -3.8299e-05 -4.4948e-05 -5.1938e-05 -5.9234e-05 0.0000e+00 -7.4561e-05 -8.2473e-05 -9.0453e-05 -9.8405e-05 -1.0622e-04 -1.1377e-04 -1.2091e-04 -1.2746e-04 -1.3326e-04 -1.3811e-04 -1.4181e-04 -1.4415e-04 -1.4495e-04 -1.4405e-04 -1.4133e-04 -1.3670e-04 -1.3017e-04 -1.2183e-04 -1.1186e-04 -1.0054e-04 -8.8244e-05 -7.5435e-05 -6.2611e-05 -5.0281e-05 -3.8916e-05 -2.8900e-05 -2.0488e-05 -1.3788e-05 -8.7503e-06 -5.1988e-06 -2.8674e-06 -1.4541e-06 -6.7069e-07 -2.7784e-07 -1.0190e-07 -3.2550e-08 -8.8840e-09 -2.0271e-09 -3.7697e-10 -5.5482e-11 -6.2453e-12 -5.1665e-13 -2.9980e-14 -1.1553e-15 -2.7721e-17 -3.8389e-19 -2.8039e-21 -9.7041e-24 -1.4004e-26 -7.2292e-30 -1.1099e-33 -4.0541e-38 -2.6857e-43 -2.3164e-49 -1.7311e-56 -6.7782e-65 -7.4423e-75 -1.0482e-86 -7.0698e-101 -6.5410e-118 -1.6771e-138 -1.5138e-163 -3.2767e-194 -4.9712e-232 -4.8307e-279 -0.0000e+00 -0.0000e+00 -0.0000e+00 -0.0000e+00 -0.0000e+00 -0.0000e+00 -0.0000e+00 -0.0000e+00 -0.0000e+00 -0.0000e+00 -0.0000e+00 -0.0000e+00 -0.0000e+00 -0.0000e+00 -0.0000e+00 -0.0000e+00 -0.0000e+00 -0.0000e+00 -0.0000e+00 -0.0000e+00 -0.0000e+00 -0.0000e+00
-1.5604e-06 -4.4167e-06 -8.1234e-06 -1.2527e-05 -1.7540e-05 -2.3108e-05 -2.9188e-05 -3.5748e-05 -4.2756e-05 -5.0183e-05 -5.7995e-05 -6.6153e-05 -7.4610e-05 1.2454e-03 -9.2181e-05 -1.0114e-04 -1.1009e-04 -1.1891e-04 -1.2745e-04 -1.3557e-04 -1.4307e-04 -1.4976e-04 -1.5543e-04 -1.5986e-04 -1.6282e-04 -1.6410e-04 -1.6350e-04 -1.6088e-04 -1.5613e-04 -1.4925e-04 -1.4030e-04 -1.2945e-04 -1.1701e-04 -1.0335e-04 -8.8981e-05 -7.4446e-05 -6.0322e-05 -4.7157e-05 -3.5413e-05 -2.5421e-05 -1.7345e-05 -1.1179e-05 -6.7560e-06 -3.7972e-06 -1.9663e-06 -9.2798e-07 -3.9427e-07 -1.4867e-07 -4.8953e-08 -1.3812e-08 -3.2678e-09 -6.3211e-10 -9.7095e-11 -1.1447e-11 -9.9543e-13 -6.0952e-14 -2.4884e-15 -6.3520e-17 -9.3974e-19 -7.3646e-21 -2.7471e-23 -4.2924e-26 -2.4104e-29 -4.0451e-33 -1.6231e-37 -1.1872e-42 -1.1367e-48 -9.4830e-56 -4.1700e-64 -5.1747e-74 -8.2941e-86 -6.4150e-100 -6.8633e-117 -2.0541e-137 -2.1871e-162 -5.6524e-193 -1.0382e-230 -1.2411e-277 -0.0000e+00 -0.0000e+00 -0.0000e+00 -0.0000e+00 -0.0000e+00 -0.0000e+00 -0.0000e+00 -0.0000e+00 -0.0000e+00 -0.0000e+00 -0.0000e+00 -0.0000e+00 -0.0000e+00 -0.0000e+00 -0.0000e+00 -0.0000e+00 -0.0000e+00 -0.0000e+00 -0.0000e+00 -0.0000e+00 -0.0000e+00 -0.0000e+00 -1.5604e-06 -4.4167e-06 -8.1234e-06 -1.2526e-05 -1.7540e-05 -2.3107e-05 -2.9186e-05 -3.5744e-05 -4.2750e-05 -5.0172e-05 -5.7976e-05 -6.6122e-05 -7.4561e-05 0.0000e+00 -9.2071e-05 -1.0098e-04 -1.0987e-04 -1.1860e-04 -1.2704e-04 -1.3503e-04 -1.4237e-04 -1.4887e-04 -1.5431e-04 -1.5847e-04 -1.6112e-04 -1.6206e-04 -1.6111e-04 -1.5811e-04 -1.5299e-04 -1.4575e-04 -1.3648e-04 -1.2539e-04 -1.1277e-04 -9.9061e-05 -8.4756e-05 -7.0416e-05 -5.6611e-05 -4.3870e-05 -3.2624e-05 -2.3165e-05 -1.5616e-05 -9.9304e-06 -5.9131e-06 -3.2695e-06 -1.6627e-06 -7.6931e-07 -3.1982e-07 -1.1776e-07 -3.7782e-08 -1.0363e-08 -2.3777e-09 -4.4493e-10 -6.5941e-11 -7.4804e-12 -6.2421e-13 -3.6573e-14 -1.4247e-15 -3.4601e-17 -4.8566e-19 -3.6009e-21 -1.2673e-23 -1.8632e-26 -9.8199e-30 -1.5429e-33 -5.7819e-38 -3.9410e-43 -3.5083e-49 -2.7157e-56 -1.1057e-64 -1.2680e-74 -1.8742e-86 -1.3341e-100 -1.3109e-117 -3.5954e-138 -3.5002e-163 -8.2497e-194 -1.3781e-231 -1.4940e-278 -0.0000e+00 -0.0000e+00 -0.0000e+00 -0.0000e+00 -0.0000e+00 -0.0000e+00 -0.0000e+00 -0.0000e+00 -0.0000e+00 -0.0000e+00 -0.0000e+00 -0.0000e+00 -0.0000e+00 -0.0000e+00 -0.0000e+00 -0.0000e+00 -0.0000e+00 -0.0000e+00 -0.0000e+00 -0.0000e+00 -0.0000e+00 -0.0000e+00
-1.7258e-06 -4.8849e-06 -8.9845e-06 -1.3854e-05 -1.9399e-05 -2.5557e-05 -3.2283e-05 -3.9539e-05 -4.7292e-05 -5.5509e-05 -6.4153e-05 -7.3183e-05 -8.2546e-05 -9.2181e-05 1.6569e-03 -1.1195e-04 -1.2188e-04 -1.3168e-04 -1.4119e-04 -1.5023e-04 -1.5862e-04 -1.6613e-04 -1.7253e-04 -1.7757e-04 -1.8101e-04 -1.8261e-04 -1.8215e-04 -1.7945e-04 -1.7442e-04 -1.6700e-04 -1.5728e-04 -1.4543e-04 -1.3176e-04 -1.1669e-04 -1.0077e-04 -8.4587e-05 -6.8794e-05 -5.4002e-05 -4.0738e-05 -2.9391e-05 -2.0166e-05 -1.3076e-05 -7.9554e-06 -4.5041e-06 -2.3509e-06 -1.1191e-06 -4.7995e-07 -1.8282e-07 -6.0857e-08 -1.7374e-08 -4.1622e-09 -8.1602e-10 -1.2716e-10 -1.5222e-11 -1.3454e-12 -8.3816e-14 -3.4852e-15 -9.0718e-17 -1.3702e-18 -1.0978e-20 -4.1925e-23 -6.7176e-26 -3.8754e-29 -6.6949e-33 -2.7716e-37 -2.0971e-42 -2.0831e-48 -1.8090e-55 -8.3120e-64 -1.0825e-73 -1.8301e-85 -1.5015e-99 -1.7154e-116 -5.5241e-137 -6.3849e-162 -1.8097e-192 -3.6893e-230 -4.9649e-277 -0.0000e+00 -0.0000e+00 -0.0000e+00 -0.0000e+00 -0.0000e+00 -0.0000e+00 -0.0000e+00 -0.0000e+00 -0.0000e+00 -0.0000e+00 -0.0000e+00 -0.0000e+00 -0.0000e+00 -0.0000e+00 -0.0000e+00 -0.0000e+00 -0.0000e+00 -0.0000e+00 -0.0000e+00 -0.0000e+00 -0.0000e+00 -0.0000e+00 -1.7258e-06 -4.8849e-06 -8.9845e-06 -1.3854e-05 -1.9399e-05 -2.5556e-05 -3.2280e-05 -3.9534e-05 -4.7283e-05 -5.5492e-05 -6.4125e-05 -7.3136e-05 -8.2473e-05 -9.2071e-05 0.0000e+00 -1.1172e-04 -1.2156e-04 -1.3123e-04 -1.4058e-04 -1.4944e-04 -1.5759e-04 -1.6481e-04 -1.7087e-04 -1.7552e-04 -1.7851e-04 -1.7962e-04 -1.7862e-04 -1.7538e-04 -1.6979e-04 -1.6184e-04 -1.5165e-04 -1.3942e-04 -1.2550e-04 -1.1035e-04 -9.4514e-05 -7.8619e-05 -6.3293e-05 -4.9123e-05 -3.6594e-05 -2.6035e-05 -1.7589e-05 -1.1213e-05 -6.6951e-06 -3.7134e-06 -1.8950e-06 -8.8020e-07 -3.6750e-07 -1.3598e-07 -4.3863e-08 -1.2104e-08 -2.7959e-09 -5.2714e-10 -7.8780e-11 -9.0207e-12 -7.6059e-13 -4.5081e-14 -1.7788e-15 -4.3821e-17 -6.2486e-19 -4.7148e-21 -1.6918e-23 -2.5413e-26 -1.3715e-29 -2.2122e-33 -8.5339e-38 -6.0061e-43 -5.5392e-49 -4.4587e-56 -1.8957e-64 -2.2805e-74 -3.5548e-86 -2.6844e-100 -2.8170e-117 -8.3152e-138 -8.7902e-163 -2.2730e-193 -4.2165e-231 -5.1482e-278 -0.0000e+00 -0.0000e+00 -0.0000e+00 -0.0000e+00 -0.0000e+00 -0.0000e+00 -0.0000e+00 -0.0000e+00 -0.0000e+00 -0.0000e+00 -0.0000e+00 -0.0000e+00 -0.0000e+00 -0.0000e+00 -0.0000e+00 -0.0000e+00 -0.0000e+00 -0.0000e+00 -0.0000e+00 -0.0000e+00 -0.0000e+00 -0.0000e+00
-1.8925e-06 -5.3568e-06 -9.8525e-06 -1.5193e-05 -2.1274e-05 -2.8027e-05 -3.5402e-05 -4.3361e-05 -5.1865e-05 -6.0880e-05 -7.0365e-05 -8.0276e-05 -9.0557e-05 -1.0114e-04 -1.1195e-04 2.1668e-03 -1.3382e-04 -1.4462e-04 -1.5513e-04 -1.6515e-04 -1.7447e-04 -1.8285e-04 -1.9004e-04 -1.9577e-04 -1.9977e-04 -2.0177e-04 -2.0154e-04 -1.9887e-04 -1.9363e-04 -1.8578e-04 -1.7536e-04 -1.6256e-04 -1.4770e-04 -1.3124e-04 -1.1373e-04 -9.5852e-05 -7.8301e-05 -6.1765e-05 -4.6846e-05 -3.3998e-05 -2.3478e-05 -1.5332e-05 -9.4000e-06 -5.3666e-06 -2.8265e-06 -1.3587e-06 -5.8883e-07 -2.2683e-07 -7.6419e-08 -2.2097e-08 -5.3666e-09 -1.0675e-09 -1.6892e-10 -2.0554e-11 -1.8483e-12 -1.1728e-13 -4.9722e-15 -1.3212e-16 -2.0397e-18 -1.6727e-20 -6.5493e-23 -1.0778e-25 -6.3986e-29 -1.1401e-32 -4.8807e-37 -3.8297e-42 -3.9577e-48 -3.5890e-55 -1.7293e-63 -2.3731e-73 -4.2502e-85 -3.7175e-99 -4.5600e-116 -1.5897e-136 -2.0081e-161 -6.2898e-192 -1.4355e-229 -2.1960e-276 -0.0000e+00 -0.0000e+00 -0.0000e+00 -0.0000e+00 -0.0000e+00 -0.0000e+00 -0.0000e+00 -0.0000e+00 -0.0000e+00 -0.0000e+00 -0.0000e+00 -0.0000e+00 -0.0000e+00 -0.0000e+00 -0.0000e+00 -0.0000e+00 -0.0000e+00 -0.0000e+00 -0.0000e+00 -0.0000e+00 -0.0000e+00 -0.0000e+00 -1.8925e-06 -5.3568e-06 -9.8524e-06 -1.5193e-05 -2.1273e-05 -2.8025e-05 -3.5399e-05 -4.3354e-05 -5.1852e-05 -6.0856e-05 -7.0324e-05 -8.0209e-05 -9.0453e-05 -1.0098e-04 -1.1172e-04 0.0000e+00 -1.3335e-04 -1.4398e-04 -1.5427e-04 -1.6401e-04 -1.7298e-04 -1.8095e-04 -1.8766e-04 -1.9282e-04 -1.9618e-04 -1.9747e-04 -1.9647e-04 -1.9301e-04 -1.8697e-04 -1.7835e-04 -1.6725e-04 -1.5391e-04 -1.3869e-04 -1.2208e-04 -1.0470e-04 -8.7225e-05 -7.0340e-05 -5.4696e-05 -4.0833e-05 -2.9120e-05 -1.9727e-05 -1.2613e-05 -7.5568e-06 -4.2071e-06 -2.1560e-06 -1.0061e-06 -4.2230e-07 -1.5717e-07 -5.1029e-08 -1.4184e-08 -3.3028e-09 -6.2828e-10 -9.4832e-11 -1.0979e-11 -9.3702e-13 -5.6291e-14 -2.2544e-15 -5.6458e-17 -8.1979e-19 -6.3104e-21 -2.3147e-23 -3.5622e-26 -1.9744e-29 -3.2792e-33 -1.3064e-37 -9.5256e-43 -9.1343e-49 -7.6747e-56 -3.4211e-64 -4.3363e-74 -7.1620e-86 -5.7667e-100 -6.4995e-117 -2.0776e-137 -2.4013e-162 -6.8649e-193 -1.4262e-230 -1.9803e-277 -0.0000e+00 -0.0000e+00 -0.0000e+00 -0.0000e+00 -0.0000e+00 -0.0000e+00 -0.0000e+00 -0.0000e+00 -0.0000e+00 -0.0000e+00 -0.0000e+00 -0.0000e+00 -0.0000e+00 -0.0000e+00 -0.0000e+00 -0.0000e+00 -0.0000e+00 -0.0000e+00 -0.0000e+00 -0.0000e+00 -0.0000e+00 -0.0000e+00
