1.0398e-08 -2.8284e-08 -5.1957e-08 -7.9979e-08 -1.1173e-07 -1.4678e-07 -1.8476e-07 -2.2535e-07 -2.6823e-07 -3.1308e-07 -3.5953e-07 -4.0716e-07 -4.5552e-07 -5.0409e-07 -5.5227e-07 -5.9940e-07 -6.4476e-07 -6.8757e-07 -7.2700e-07 -7.6218e-07 -7.9226e-07 -8.1639e-07 -8.3379e-07 -8.4378e-07 -8.4579e-07 -8.3946e-07 -8.2460e-07 -8.0130e-07 -7.6989e-07 -7.3098e-07 -6.8543e-07 -6.3436e-07 -5.7907e-07 -5.2102e-07 -4.6173e-07 -4.0272e-07 -3.4543e-07 -2.9115e-07 -2.4093e-07 -1.9557e-07 -1.5558e-07 -1.2119e-07 -9.2350e-08 -6.8771e-08 -4.9997e-08 -3.5449e-08 -2.4487e-08 -1.6461e-08 -1.0757e-08 -6.8252e-09 -4.2002e-09 -2.5039e-09 -1.4442e-09 -8.0494e-10 -4.3300e-10 -2.2450e-10 -1.1205e-10 -5.3760e-11 -2.4762e-11 -1.0934e-11 -4.6220e-12 -1.8677e-12 -7.2044e-13 -2.6487e-13 -9.2673e-14 -3.0811e-14 -9.7186e-15 -2.9038e-15 -8.2051e-16 -2.1890e-16 -5.5049e-17 -1.3027e-17 -2.8960e-18 -6.0376e-19 -1.1783e-19 -2.1490e-20 -3.6558e-21 -5.7907e-22 -8.5243e-23 -1.1640e-23 -1.4716e-24 -1.7193e-25 -1.8525e-26 -1.8373e-27 -1.6739e-28 -1.3980e-29 -1.0683e-30 -7.4529e-32 -4.7371e-33 -2.7374e-34 -1.4351e-35 -6.8105e-37 -2.9194e-38 -1.1278e-39 -3.9181e-41 -1.2213e-42 -3.4075e-44 -8.4910e-46 -1.8852e-47 -3.7206e-49 0.0000e+00 -2.8284e-08 -5.1957e-08 -7.9979e-08 -1.1173e-07 -1.4678e-07 -1.8476e-07 -2.2535e-07 -2.6823e-07 -3.1308e-07 -3.5953e-07 -4.0716e-07 -4.5552e-07 -5.0409e-07 -5.5227e-07 -5.9940e-07 -6.4476e-07 -6.8757e-07 -7.2700e-07 -7.6218e-07 -7.9226e-07 -8.1639e-07 -8.3379e-07 -8.4378e-07 -8.4579e-07 -8.3946e-07 -8.2460e-07 -8.0130e-07 -7.6989e-07 -7.3098e-07 -6.8543e-07 -6.3436e-07 -5.7907e-07 -5.2102e-07 -4.6173e-07 -4.0272e-07 -3.4543e-07 -2.9115e-07 -2.4093e-07 -1.9557e-07 -1.5558e-07 -1.2119e-07 -9.2350e-08 -6.8770e-08 -4.9997e-08 -3.5449e-08 -2.4487e-08 -1.6461e-08 -1.0757e-08 -6.8252e-09 -4.2002e-09 -2.5039e-09 -1.4442e-09 -8.0494e-10 -4.3299e-10 -2.2450e-10 -1.1205e-10 -5.3759e-11 -2.4762e-11 -1.0934e-11 -4.6219e-12 -1.8677e-12 -7.2043e-13 -2.6486e-13 -9.2671e-14 -3.0810e-14 -9.7184e-15 -2.9037e-15 -8.2049e-16 -2.1890e-16 -5.5048e-17 -1.3027e-17 -2.8959e-18 -6.0374e-19 -1.1783e-19 -2.1489e-20 -3.6557e-21 -5.7905e-22 -8.5240e-23 -1.1640e-23 -1.4716e-24 -1.7192e-25 -1.8524e-26 -1.8372e-27 -1.6738e-28 -1.3980e-29 -1.0682e-30 -7.4524e-32 -4.7368e-33 -2.7373e-34 -1.4350e-35 -6.8100e-37 -2.9191e-38 -1.1277e-39 -3.9178e-41 -1.2212e-42 -3.4072e-44 -8.4902e-46 -1.8850e-47 -3.7203e-49
-2.8284e-08 1.6637e-07 -1.4696e-07 -2.2621e-07 -3.1603e-07 -4.1515e-07 -5.2257e-07 -6.3737e-07 -7.5867e-07 -8.8551e-07 -1.0169e-06 -1.1516e-06 -1.2884e-06 -1.4258e-06 -1.5620e-06 -1.6953e-06 -1.8236e-06 -1.9447e-06 -2.0562e-06 -2.1557e-06 -2.2408e-06 -2.3091e-06 -2.3583e-06 -2.3865e-06 -2.3922e-06 -2.3743e-06 -2.3323e-06 -2.2664e-06 -2.1776e-06 -2.0675e-06 -1.9387e-06 -1.7943e-06 -1.6379e-06 -1.4737e-06 -1.3060e-06 -1.1391e-06 -9.7706e-07 -8.2352e-07 -6.8147e-07 -5.5317e-07 -4.4008e-07 -3.4281e-07 -2.6122e-07 -1.9453e-07 -1.4142e-07 -1.0027e-07 -6.9266e-08 -4.6563e-08 -3.0428e-08 -1.9307e-08 -1.1882e-08 -7.0831e-09 -4.0855e-09 -2.2771e-09 -1.2249e-09 -6.3512e-10 -3.1699e-10 -1.5209e-10 -7.0055e-11 -3.0935e-11 -1.3077e-11 -5.2844e-12 -2.0384e-12 -7.4943e-13 -2.6222e-13 -8.7182e-14 -2.7500e-14 -8.2169e-15 -2.3219e-15 -6.1948e-16 -1.5579e-16 -3.6868e-17 -8.1963e-18 -1.7088e-18 -3.3351e-19 -6.0827e-20 -1.0348e-20 -1.6392e-21 -2.4131e-22 -3.2953e-23 -4.1664e-24 -4.8678e-25 -5.2452e-26 -5.2023e-27 -4.7399e-28 -3.9591e-29 -3.0254e-30 -2.1108e-31 -1.3417e-32 -7.7540e-34 -4.0653e-35 -1.9294e-36 -8.2710e-38 -3.1956e-39 -1.1102e-40 -3.4608e-42 -9.6569e-44 -2.4066e-45 -5.3436e-47 -1.0547e-48 -2.8284e-08 0.0000e+00 -1.4696e-07 -2.2621e-07 -3.1603e-07 -4.1515e-07 -5.2257e-07 -6.3737e-07 -7.5867e-07 -8.8551e-07 -1.0169e-06 -1.1516e-06 -1.2884e-06 -1.4258e-06 -1.5620e-06 -1.6953e-06 -1.8236e-06 -1.9447e-06 -2.0562e-06 -2.1557e-06 -2.2408e-06 -2.3091e-06 -2.3583e-06 -2.3865e-06 -2.3922e-06 -2.3743e-06 -2.3323e-06 -2.2664e-06 -2.1776e-06 -2.0675e-06 -1.9387e-06 -1.7942e-06 -1.6379e-06 -1.4737e-06 -1.3060e-06 -1.1391e-06 -9.7703e-07 -8.2349e-07 -6.8144e-07 -5.5315e-07 -4.4006e-07 -3.4279e-07 -2.6121e-07 -1.9451e-07 -1.4141e-07 -1.0027e-07 -6.9260e-08 -4.6559e-08 -3.0425e-08 -1.9305e-08 -1.1880e-08 -7.0823e-09 -4.0850e-09 -2.2768e-09 -1.2248e-09 -6.3502e-10 -3.1694e-10 -1.5206e-10 -7.0041e-11 -3.0928e-11 -1.3074e-11 -5.2832e-12 -2.0379e-12 -7.4923e-13 -2.6215e-13 -8.7156e-14 -2.7492e-14 -8.2141e-15 -2.3211e-15 -6.1924e-16 -1.5573e-16 -3.6852e-17 -8.1926e-18 -1.7080e-18 -3.3334e-19 -6.0795e-20 -1.0342e-20 -1.6382e-21 -2.4116e-22 -3.2932e-23 -4.1635e-24 -4.8643e-25 -5.2412e-26 -5.1982e-27 -4.7359e-28 -3.9556e-29 -3.0227e-30 -2.1088e-31 -1.3404e-32 -7.7458e-34 -4.0608e-35 -1.9272e-36 -8.2611e-38 -3.1916e-39 -1.1088e-40 -3.4561e-42 -9.6433e-44 -2.4030e-45 -5.3354e-47 -1.0530e-48
-5.1957e-08 -1.4696e-07 8.4223e-07 -4.1555e-07 -5.8054e-07 -7.6262e-07 -9.5996e-07 -1.1709e-06 -1.3937e-06 -1.6267e-06 -1.8680e-06 -2.1155e-06 -2.3668e-06 -2.6191e-06 -2.8695e-06 -3.1144e-06 -3.3501e-06 -3.5725e-06 -3.7773e-06 -3.9602e-06 -4.1165e-06 -4.2419e-06 -4.3323e-06 -4.3842e-06 -4.3947e-06 -4.3618e-06 -4.2847e-06 -4.1637e-06 -4.0005e-06 -3.7983e-06 -3.5617e-06 -3.2964e-06 -3.0091e-06 -2.7075e-06 -2.3995e-06 -2.0929e-06 -1.7952e-06 -1.5131e-06 -1.2521e-06 -1.0164e-06 -8.0865e-07 -6.2993e-07 -4.8002e-07 -3.5748e-07 -2.5990e-07 -1.8428e-07 -1.2730e-07 -8.5580e-08 -5.5927e-08 -3.5489e-08 -2.1841e-08 -1.3021e-08 -7.5108e-09 -4.1865e-09 -2.2522e-09 -1.1678e-09 -5.8291e-10 -2.7970e-10 -1.2884e-10 -5.6898e-11 -2.4055e-11 -9.7215e-12 -3.7503e-12 -1.3790e-12 -4.8254e-13 -1.6045e-13 -5.0618e-14 -1.5126e-14 -4.2747e-15 -1.1406e-15 -2.8689e-16 -6.7904e-17 -1.5098e-17 -3.1483e-18 -6.1455e-19 -1.1210e-19 -1.9075e-20 -3.0221e-21 -4.4497e-22 -6.0777e-23 -7.6858e-24 -8.9815e-25 -9.6800e-26 -9.6031e-27 -8.7515e-28 -7.3116e-29 -5.5888e-30 -3.9002e-31 -2.4799e-32 -1.4335e-33 -7.5178e-35 -3.5690e-36 -1.5305e-37 -5.9149e-39 -2.0557e-40 -6.4102e-42 -1.7893e-43 -4.4606e-45 -9.9082e-47 -1.9564e-48 -5.1957e-08 -1.4696e-07 0.0000e+00 -4.1555e-07 -5.8054e-07 -7.6262e-07 -9.5996e-07 -1.1709e-06 -1.3937e-06 -1.6267e-06 -1.8680e-06 -2.1155e-06 -2.3668e-06 -2.6191e-06 -2.8694e-06 -3.1143e-06 -3.3500e-06 -3.5725e-06 -3.7773e-06 -3.9601e-06 -4.1164e-06 -4.2418e-06 -4.3322e-06 -4.3841e-06 -4.3946e-06 -4.3617e-06 -4.2845e-06 -4.1634e-06 -4.0003e-06 -3.7981e-06 -3.5614e-06 -3.2961e-06 -3.0088e-06 -2.7072e-06 -2.3992e-06 -2.0926e-06 -1.7949e-06 -1.5128e-06 -1.2519e-06 -1.0162e-06 -8.0846e-07 -6.2977e-07 -4.7989e-07 -3.5737e-07 -2.5981e-07 -1.8422e-07 -1.2725e-07 -8.5543e-08 -5.5901e-08 -3.5471e-08 -2.1829e-08 -1.3013e-08 -7.5060e-09 -4.1837e-09 -2.2505e-09 -1.1669e-09 -5.8241e-10 -2.7944e-10 -1.2872e-10 -5.6839e-11 -2.4028e-11 -9.7099e-12 -3.7455e-12 -1.3771e-12 -4.8184e-13 -1.6020e-13 -5.0535e-14 -1.5100e-14 -4.2669e-15 -1.1384e-15 -2.8630e-16 -6.7756e-17 -1.5064e-17 -3.1406e-18 -6.1298e-19 -1.1180e-19 -1.9021e-20 -3.0130e-21 -4.4357e-22 -6.0576e-23 -7.6591e-24 -8.9488e-25 -9.6430e-26 -9.5645e-27 -8.7146e-28 -7.2794e-29 -5.5630e-30 -3.8814e-31 -2.4673e-32 -1.4259e-33 -7.4763e-35 -3.5484e-36 -1.5212e-37 -5.8778e-39 -2.0422e-40 -6.3664e-42 -1.7766e-43 -4.4276e-45 -9.8318e-47 -1.9407e-48
-7.9979e-08 -2.2621e-07 -4.1555e-07 2.6619e-06 -8.9364e-07 -1.1739e-06 -1.4777e-06 -1.8023e-06 -2.1453e-06 -2.5040e-06 -2.8755e-06 -3.2565e-06 -3.6433e-06 -4.0317e-06 -4.4171e-06 -4.7941e-06 -5.1570e-06 -5.4994e-06 -5.8148e-06 -6.0963e-06 -6.3369e-06 -6.5300e-06 -6.6694e-06 -6.7494e-06 -6.7656e-06 -6.7151e-06 -6.5965e-06 -6.4103e-06 -6.1592e-06 -5.8481e-06 -5.4840e-06 -5.0756e-06 -4.6335e-06 -4.1692e-06 -3.6950e-06 -3.2230e-06 -2.7648e-06 -2.3304e-06 -1.9286e-06 -1.5657e-06 -1.2457e-06 -9.7046e-07 -7.3958e-07 -5.5081e-07 -4.0050e-07 -2.8401e-07 -1.9621e-07 -1.3192e-07 -8.6221e-08 -5.4719e-08 -3.3680e-08 -2.0082e-08 -1.1586e-08 -6.4589e-09 -3.4752e-09 -1.8023e-09 -8.9978e-10 -4.3183e-10 -1.9896e-10 -8.7883e-11 -3.7163e-11 -1.5023e-11 -5.7968e-12 -2.1320e-12 -7.4626e-13 -2.4822e-13 -7.8329e-14 -2.3415e-14 -6.6194e-15 -1.7669e-15 -4.4457e-16 -1.0526e-16 -2.3414e-17 -4.8843e-18 -9.5385e-19 -1.7407e-19 -2.9633e-20 -4.6971e-21 -6.9196e-22 -9.4560e-23 -1.1965e-23 -1.3989e-24 -1.5086e-25 -1.4975e-26 -1.3656e-27 -1.1416e-28 -8.7321e-30 -6.0981e-31 -3.8801e-32 -2.2446e-33 -1.1780e-34 -5.5970e-36 -2.4020e-37 -9.2912e-39 -3.2319e-40 -1.0087e-41 -2.8182e-43 -7.0322e-45 -1.5636e-46 -3.0904e-48 -7.9979e-08 -2.2621e-07 -4.1555e-07 0.0000e+00 -8.9364e-07 -1.1739e-06 -1.4777e-06 -1.8023e-06 -2.1453e-06 -2.5040e-06 -2.8755e-06 -3.2565e-06 -3.6433e-06 -4.0317e-06 -4.4171e-06 -4.7940e-06 -5.1568e-06 -5.4992e-06 -5.8146e-06 -6.0960e-06 -6.3366e-06 -6.5296e-06 -6.6689e-06 -6.7488e-06 -6.7649e-06 -6.7143e-06 -6.5956e-06 -6.4093e-06 -6.1581e-06 -5.8469e-06 -5.4827e-06 -5.0742e-06 -4.6321e-06 -4.1678e-06 -3.6936e-06 -3.2216e-06 -2.7634e-06 -2.3292e-06 -1.9275e-06 -1.5647e-06 -1.2448e-06 -9.6969e-07 -7.3893e-07 -5.5029e-07 -4.0008e-07 -2.8368e-07 -1.9596e-07 -1.3174e-07 -8.6094e-08 -5.4631e-08 -3.3622e-08 -2.0045e-08 -1.1562e-08 -6.4448e-09 -3.4671e-09 -1.7978e-09 -8.9736e-10 -4.3058e-10 -1.9835e-10 -8.7593e-11 -3.7031e-11 -1.4966e-11 -5.7735e-12 -2.1229e-12 -7.4287e-13 -2.4702e-13 -7.7927e-14 -2.3287e-14 -6.5812e-15 -1.7561e-15 -4.4170e-16 -1.0454e-16 -2.3246e-17 -4.8472e-18 -9.4619e-19 -1.7260e-19 -2.9369e-20 -4.6531e-21 -6.8514e-22 -9.3581e-23 -1.1834e-23 -1.3830e-24 -1.4905e-25 -1.4787e-26 -1.3476e-27 -1.1259e-28 -8.6062e-30 -6.0061e-31 -3.8189e-32 -2.2076e-33 -1.1578e-34 -5.4965e-36 -2.3571e-37 -9.1098e-39 -3.1661e-40 -9.8729e-42 -2.7559e-43 -6.8706e-45 -1.5262e-46 -3.0135e-48
-1.1173e-07 -3.1603e-07 -5.8054e-07 -8.9364e-07 6.4987e-06 -1.6400e-06 -2.0644e-06 -2.5179e-06 -2.9971e-06 -3.4982e-06 -4.0172e-06 -4.5494e-06 -5.0899e-06 -5.6326e-06 -6.1710e-06 -6.6977e-06 -7.2047e-06 -7.6832e-06 -8.1240e-06 -8.5174e-06 -8.8538e-06 -9.1238e-06 -9.3187e-06 -9.4308e-06 -9.4538e-06 -9.3836e-06 -9.2181e-06 -8.9584e-06 -8.6080e-06 -8.1737e-06 -7.6652e-06 -7.0949e-06 -6.4774e-06 -5.8288e-06 -5.1663e-06 -4.5068e-06 -3.8664e-06 -3.2595e-06 -2.6978e-06 -2.1904e-06 -1.7430e-06 -1.3581e-06 -1.0352e-06 -7.7110e-07 -5.6078e-07 -3.9775e-07 -2.7485e-07 -1.8484e-07 -1.2084e-07 -7.6708e-08 -4.7228e-08 -2.8169e-08 -1.6256e-08 -9.0656e-09 -4.8795e-09 -2.5316e-09 -1.2644e-09 -6.0705e-10 -2.7982e-10 -1.2365e-10 -5.2314e-11 -2.1158e-11 -8.1687e-12 -3.0061e-12 -1.0528e-12 -3.5040e-13 -1.1064e-13 -3.3097e-14 -9.3631e-15 -2.5011e-15 -6.2978e-16 -1.4924e-16 -3.3223e-17 -6.9363e-18 -1.3558e-18 -2.4765e-19 -4.2200e-20 -6.6958e-21 -9.8741e-22 -1.3508e-22 -1.7111e-23 -2.0030e-24 -2.1626e-25 -2.1493e-26 -1.9625e-27 -1.6428e-28 -1.2583e-29 -8.7997e-31 -5.6072e-32 -3.2486e-33 -1.7076e-34 -8.1262e-36 -3.4933e-37 -1.3535e-38 -4.7164e-40 -1.4746e-41 -4.1277e-43 -1.0319e-44 -2.2990e-46 -4.5531e-48 -1.1173e-07 -3.1603e-07 -5.8054e-07 -8.9364e-07 0.0000e+00 -1.6400e-06 -2.0644e-06 -2.5179e-06 -2.9971e-06 -3.4982e-06 -4.0171e-06 -4.5494e-06 -5.0898e-06 -5.6324e-06 -6.1708e-06 -6.6975e-06 -7.2044e-06 -7.6827e-06 -8.1233e-06 -8.5165e-06 -8.8527e-06 -9.1225e-06 -9.3171e-06 -9.4288e-06 -9.4515e-06 -9.3809e-06 -9.2151e-06 -8.9549e-06 -8.6042e-06 -8.1695e-06 -7.6608e-06 -7.0902e-06 -6.4726e-06 -5.8240e-06 -5.1615e-06 -4.5021e-06 -3.8619e-06 -3.2552e-06 -2.6939e-06 -2.1869e-06 -1.7399e-06 -1.3555e-06 -1.0330e-06 -7.6930e-07 -5.5935e-07 -3.9664e-07 -2.7401e-07 -1.8423e-07 -1.2040e-07 -7.6409e-08 -4.7029e-08 -2.8041e-08 -1.6176e-08 -9.0177e-09 -4.8518e-09 -2.5161e-09 -1.2561e-09 -6.0279e-10 -2.7772e-10 -1.2266e-10 -5.1866e-11 -2.0965e-11 -8.0892e-12 -2.9749e-12 -1.0412e-12 -3.4630e-13 -1.0927e-13 -3.2661e-14 -9.2326e-15 -2.4642e-15 -6.1996e-16 -1.4678e-16 -3.2645e-17 -6.8091e-18 -1.3296e-18 -2.4261e-19 -4.1296e-20 -6.5449e-21 -9.6404e-22 -1.3172e-22 -1.6664e-23 -1.9482e-24 -2.1006e-25 -2.0848e-26 -1.9008e-27 -1.5888e-28 -1.2150e-29 -8.4836e-31 -5.3969e-32 -3.1215e-33 -1.6379e-34 -7.7804e-36 -3.3384e-37 -1.2910e-38 -4.4897e-40 -1.4009e-41 -3.9131e-43 -9.7620e-45 -2.1700e-46 -4.2878e-48
-1.4678e-07 -4.1515e-07 -7.6262e-07 -1.1739e-06 -1.6400e-06 1.3476e-05 -2.7119e-06 -3.3077e-06 -3.9372e-06 -4.5955e-06 -5.2772e-06 -5.9765e-06 -6.6865e-06 -7.3995e-06 -8.1070e-06 -8.7991e-06 -9.4653e-06 -1.0094e-05 -1.0673e-05 -1.1191e-05 -1.1633e-05 -1.1988e-05 -1.2245e-05 -1.2393e-05 -1.2424e-05 -1.2332e-05 -1.2116e-05 -1.1775e-05 -1.1316e-05 -1.0746e-05 -1.0079e-05 -9.3300e-06 -8.5192e-06 -7.6674e-06 -6.7970e-06 -5.9304e-06 -5.0887e-06 -4.2908e-06 -3.5522e-06 -2.8848e-06 -2.2962e-06 -1.7896e-06 -1.3645e-06 -1.0168e-06 -7.3970e-07 -5.2485e-07 -3.6283e-07 -2.4411e-07 -1.5966e-07 -1.0140e-07 -6.2462e-08 -3.7275e-08 -2.1524e-08 -1.2011e-08 -6.4688e-09 -3.3584e-09 -1.6785e-09 -8.0650e-10 -3.7204e-10 -1.6455e-10 -6.9675e-11 -2.8206e-11 -1.0900e-11 -4.0152e-12 -1.4077e-12 -4.6902e-13 -1.4827e-13 -4.4405e-14 -1.2578e-14 -3.3642e-15 -8.4826e-16 -2.0129e-16 -4.4877e-17 -9.3837e-18 -1.8370e-18 -3.3611e-19 -5.7371e-20 -9.1188e-21 -1.3472e-21 -1.8465e-22 -2.3435e-23 -2.7488e-24 -2.9741e-25 -2.9622e-26 -2.7107e-27 -2.2744e-28 -1.7461e-29 -1.2241e-30 -7.8198e-32 -4.5423e-33 -2.3940e-34 -1.1424e-35 -4.9246e-37 -1.9136e-38 -6.6879e-40 -2.0974e-41 -5.8893e-43 -1.4771e-44 -3.3015e-46 -6.5606e-48 -1.4678e-07 -4.1515e-07 -7.6262e-07 -1.1739e-06 -1.6400e-06 0.0000e+00 -2.7119e-06 -3.3077e-06 -3.9371e-06 -4.5954e-06 -5.2771e-06 -5.9764e-06 -6.6863e-06 -7.3992e-06 -8.1064e-06 -8.7983e-06 -9.4643e-06 -1.0093e-05 -1.0672e-05 -1.1188e-05 -1.1630e-05 -1.1985e-05 -1.2241e-05 -1.2388e-05 -1.2418e-05 -1.2325e-05 -1.2108e-05 -1.1766e-05 -1.1306e-05 -1.0735e-05 -1.0067e-05 -9.3174e-06 -8.5061e-06 -7.6541e-06 -6.7838e-06 -5.9176e-06 -5.0764e-06 -4.2792e-06 -3.5416e-06 -2.8753e-06 -2.2878e-06 -1.7825e-06 -1.3585e-06 -1.0119e-06 -7.3580e-07 -5.2183e-07 -3.6055e-07 -2.4244e-07 -1.5847e-07 -1.0059e-07 -6.1920e-08 -3.6926e-08 -2.1306e-08 -1.1880e-08 -6.3931e-09 -3.3162e-09 -1.6559e-09 -7.9487e-10 -3.6631e-10 -1.6184e-10 -6.8451e-11 -2.7677e-11 -1.0683e-11 -3.9300e-12 -1.3760e-12 -4.5781e-13 -1.4452e-13 -4.3213e-14 -1.2221e-14 -3.2632e-15 -8.2135e-16 -1.9455e-16 -4.3293e-17 -9.0348e-18 -1.7651e-18 -3.2228e-19 -5.4889e-20 -8.7046e-21 -1.2830e-21 -1.7542e-22 -2.2207e-23 -2.5981e-24 -2.8034e-25 -2.7845e-26 -2.5407e-27 -2.1255e-28 -1.6268e-29 -1.1369e-30 -7.2390e-32 -4.1908e-33 -2.2012e-34 -1.0467e-35 -4.4956e-37 -1.7404e-38 -6.0592e-40 -1.8928e-41 -5.2933e-43 -1.3221e-44 -2.9425e-46 -5.8218e-48
-1.8476e-07 -5.2257e-07 -9.5996e-07 -1.4777e-06 -2.0644e-06 -2.7119e-06 2.4965e-05 -4.1636e-06 -4.9560e-06 -5.7846e-06 -6.6429e-06 -7.5232e-06 -8.4171e-06 -9.3148e-06 -1.0205e-05 -1.1077e-05 -1.1916e-05 -1.2708e-05 -1.3438e-05 -1.4090e-05 -1.4648e-05 -1.5096e-05 -1.5421e-05 -1.5608e-05 -1.5649e-05 -1.5535e-05 -1.5264e-05 -1.4837e-05 -1.4261e-05 -1.3545e-05 -1.2706e-05 -1.1765e-05 -1.0745e-05 -9.6727e-06 -8.5770e-06 -7.4857e-06 -6.4253e-06 -5.4196e-06 -4.4884e-06 -3.6466e-06 -2.9038e-06 -2.2643e-06 -1.7273e-06 -1.2878e-06 -9.3741e-07 -6.6554e-07 -4.6039e-07 -3.0996e-07 -2.0288e-07 -1.2895e-07 -7.9501e-08 -4.7485e-08 -2.7445e-08 -1.5330e-08 -8.2651e-09 -4.2957e-09 -2.1494e-09 -1.0340e-09 -4.7761e-10 -2.1152e-10 -8.9692e-11 -3.6362e-11 -1.4074e-11 -5.1925e-12 -1.8236e-12 -6.0864e-13 -1.9276e-13 -5.7839e-14 -1.6415e-14 -4.3996e-15 -1.1117e-15 -2.6439e-16 -5.9081e-17 -1.2383e-17 -2.4303e-18 -4.4580e-19 -7.6295e-20 -1.2160e-20 -1.8016e-21 -2.4765e-22 -3.1526e-23 -3.7093e-24 -4.0262e-25 -4.0234e-26 -3.6943e-27 -3.1105e-28 -2.3966e-29 -1.6863e-30 -1.0813e-31 -6.3054e-33 -3.3365e-34 -1.5986e-35 -6.9202e-37 -2.7006e-38 -9.4795e-40 -2.9863e-41 -8.4233e-43 -2.1225e-44 -4.7667e-46 -9.5183e-48 -1.8476e-07 -5.2257e-07 -9.5996e-07 -1.4777e-06 -2.0644e-06 -2.7119e-06 0.0000e+00 -4.1635e-06 -4.9559e-06 -5.7845e-06 -6.6427e-06 -7.5228e-06 -8.4165e-06 -9.3139e-06 -1.0204e-05 -1.1075e-05 -1.1914e-05 -1.2705e-05 -1.3434e-05 -1.4085e-05 -1.4641e-05 -1.5088e-05 -1.5410e-05 -1.5596e-05 -1.5634e-05 -1.5518e-05 -1.5245e-05 -1.4816e-05 -1.4236e-05 -1.3519e-05 -1.2678e-05 -1.1735e-05 -1.0714e-05 -9.6418e-06 -8.5462e-06 -7.4557e-06 -6.3966e-06 -5.3927e-06 -4.4637e-06 -3.6244e-06 -2.8843e-06 -2.2475e-06 -1.7133e-06 -1.2763e-06 -9.2828e-07 -6.5847e-07 -4.5507e-07 -3.0607e-07 -2.0011e-07 -1.2705e-07 -7.8233e-08 -4.6668e-08 -2.6936e-08 -1.5024e-08 -8.0881e-09 -4.1970e-09 -2.0965e-09 -1.0068e-09 -4.6417e-10 -2.0517e-10 -8.6821e-11 -3.5123e-11 -1.3564e-11 -4.9928e-12 -1.7491e-12 -5.8231e-13 -1.8393e-13 -5.5037e-14 -1.5575e-14 -4.1620e-15 -1.0484e-15 -2.4853e-16 -5.5349e-17 -1.1561e-17 -2.2607e-18 -4.1314e-19 -7.0432e-20 -1.1181e-20 -1.6496e-21 -2.2580e-22 -2.8618e-23 -3.3519e-24 -3.6212e-25 -3.6012e-26 -3.2902e-27 -2.7562e-28 -2.1125e-29 -1.4784e-30 -9.4274e-32 -5.4661e-33 -2.8755e-34 -1.3695e-35 -5.8922e-37 -2.2850e-38 -7.9694e-40 -2.4941e-41 -6.9880e-43 -1.7488e-44 -3.8999e-46 -7.7320e-48
-2.2535e-07 -6.3737e-07 -1.1709e-06 -1.8023e-06 -2.5179e-06 -3.3077e-06 -4.1636e-06 4.2589e-05 -6.0449e-06 -7.0557e-06 -8.1026e-06 -9.1765e-06 -1.0267e-05 -1.1362e-05 -1.2449e-05 -1.3513e-05 -1.4537e-05 -1.5504e-05 -1.6396e-05 -1.7193e-05 -1.7875e-05 -1.8424e-05 -1.8822e-05 -1.9053e-05 -1.9106e-05 -1.8970e-05 -1.8643e-05 -1.8125e-05 -1.7425e-05 -1.6555e-05 -1.5534e-05 -1.4387e-05 -1.3145e-05 -1.1838e-05 -1.0501e-05 -9.1692e-06 -7.8742e-06 -6.6452e-06 -5.5066e-06 -4.4766e-06 -3.5671e-06 -2.7835e-06 -2.1250e-06 -1.5856e-06 -1.1552e-06 -8.2093e-07 -5.6844e-07 -3.8311e-07 -2.5104e-07 -1.5975e-07 -9.8615e-08 -5.8980e-08 -3.4136e-08 -1.9096e-08 -1.0312e-08 -5.3682e-09 -2.6907e-09 -1.2968e-09 -6.0011e-10 -2.6630e-10 -1.1316e-10 -4.5974e-11 -1.7834e-11 -6.5957e-12 -2.3221e-12 -7.7701e-13 -2.4674e-13 -7.4242e-14 -2.1132e-14 -5.6806e-15 -1.4398e-15 -3.4352e-16 -7.7018e-17 -1.6198e-17 -3.1903e-18 -5.8734e-19 -1.0090e-19 -1.6143e-20 -2.4013e-21 -3.3144e-22 -4.2370e-23 -5.0069e-24 -5.4587e-25 -5.4798e-26 -5.0551e-27 -4.2766e-28 -3.3112e-29 -2.3416e-30 -1.5092e-31 -8.8462e-33 -4.7059e-34 -2.2670e-35 -9.8680e-37 -3.8727e-38 -1.3672e-39 -4.3323e-41 -1.2293e-42 -3.1163e-44 -7.0416e-46 -1.4149e-47 -2.2535e-07 -6.3737e-07 -1.1709e-06 -1.8023e-06 -2.5179e-06 -3.3077e-06 -4.1635e-06 0.0000e+00 -6.0447e-06 -7.0554e-06 -8.1021e-06 -9.1757e-06 -1.0266e-05 -1.1361e-05 -1.2447e-05 -1.3509e-05 -1.4532e-05 -1.5498e-05 -1.6387e-05 -1.7181e-05 -1.7861e-05 -1.8406e-05 -1.8800e-05 -1.9027e-05 -1.9075e-05 -1.8935e-05 -1.8603e-05 -1.8080e-05 -1.7375e-05 -1.6500e-05 -1.5475e-05 -1.4326e-05 -1.3081e-05 -1.1773e-05 -1.0437e-05 -9.1066e-06 -7.8142e-06 -6.5890e-06 -5.4550e-06 -4.4302e-06 -3.5264e-06 -2.7485e-06 -2.0957e-06 -1.5617e-06 -1.1362e-06 -8.0619e-07 -5.5734e-07 -3.7499e-07 -2.4527e-07 -1.5578e-07 -9.5968e-08 -5.7273e-08 -3.3073e-08 -1.8457e-08 -9.9414e-09 -5.1617e-09 -2.5799e-09 -1.2397e-09 -5.7196e-10 -2.5299e-10 -1.0714e-10 -4.3375e-11 -1.6764e-11 -6.1761e-12 -2.1656e-12 -7.2164e-13 -2.2817e-13 -6.8342e-14 -1.9361e-14 -5.1794e-15 -1.3062e-15 -3.1001e-16 -6.9129e-17 -1.4458e-17 -2.8310e-18 -5.1810e-19 -8.8455e-20 -1.4063e-20 -2.0782e-21 -2.8492e-22 -3.6172e-23 -4.2441e-24 -4.5934e-25 -4.5767e-26 -4.1896e-27 -3.5166e-28 -2.7009e-29 -1.8942e-30 -1.2106e-31 -7.0350e-33 -3.7095e-34 -1.7710e-35 -7.6386e-37 -2.9699e-38 -1.0385e-39 -3.2590e-41 -9.1565e-43 -2.2981e-44 -5.1400e-46 -1.0221e-47
-2.6823e-07 -7.5867e-07 -1.3937e-06 -2.1453e-06 -2.9971e-06 -3.9372e-06 -4.9560e-06 -6.0449e-06 6.8218e-05 -8.3987e-06 -9.6451e-06 -1.0924e-05 -1.2222e-05 -1.3527e-05 -1.4821e-05 -1.6088e-05 -1.7309e-05 -1.8462e-05 -1.9526e-05 -2.0477e-05 -2.1292e-05 -2.1949e-05 -2.2427e-05 -2.2707e-05 -2.2774e-05 -2.2618e-05 -2.2234e-05 -2.1624e-05 -2.0795e-05 -1.9764e-05 -1.8553e-05 -1.7192e-05 -1.5714e-05 -1.4160e-05 -1.2569e-05 -1.0982e-05 -9.4372e-06 -7.9704e-06 -6.6102e-06 -5.3786e-06 -4.2899e-06 -3.3510e-06 -2.5610e-06 -1.9132e-06 -1.3956e-06 -9.9310e-07 -6.8864e-07 -4.6482e-07 -3.0507e-07 -1.9446e-07 -1.2026e-07 -7.2060e-08 -4.1790e-08 -2.3426e-08 -1.2678e-08 -6.6152e-09 -3.3238e-09 -1.6059e-09 -7.4516e-10 -3.3158e-10 -1.4130e-10 -5.7582e-11 -2.2407e-11 -8.3138e-12 -2.9368e-12 -9.8617e-13 -3.1430e-13 -9.4925e-14 -2.7124e-14 -7.3208e-15 -1.8633e-15 -4.4645e-16 -1.0054e-16 -2.1240e-17 -4.2028e-18 -7.7746e-19 -1.3421e-19 -2.1582e-20 -3.2269e-21 -4.4776e-22 -5.7550e-23 -6.8384e-24 -7.4976e-25 -7.5700e-26 -7.0243e-27 -5.9782e-28 -4.6570e-29 -3.3137e-30 -2.1492e-31 -1.2679e-32 -6.7888e-34 -3.2921e-35 -1.4426e-36 -5.7003e-38 -2.0263e-39 -6.4657e-41 -1.8476e-42 -4.7175e-44 -1.0737e-45 -2.1732e-47 -2.6823e-07 -7.5867e-07 -1.3937e-06 -2.1453e-06 -2.9971e-06 -3.9371e-06 -4.9559e-06 -6.0447e-06 0.0000e+00 -8.3982e-06 -9.6442e-06 -1.0922e-05 -1.2220e-05 -1.3523e-05 -1.4816e-05 -1.6081e-05 -1.7300e-05 -1.8449e-05 -1.9509e-05 -2.0455e-05 -2.1265e-05 -2.1915e-05 -2.2386e-05 -2.2658e-05 -2.2716e-05 -2.2551e-05 -2.2157e-05 -2.1537e-05 -2.0699e-05 -1.9659e-05 -1.8441e-05 -1.7074e-05 -1.5593e-05 -1.4037e-05 -1.2446e-05 -1.0862e-05 -9.3228e-06 -7.8631e-06 -6.5116e-06 -5.2900e-06 -4.2121e-06 -3.2841e-06 -2.5050e-06 -1.8674e-06 -1.3592e-06 -9.6490e-07 -6.6738e-07 -4.4926e-07 -2.9402e-07 -1.8685e-07 -1.1518e-07 -6.8786e-08 -3.9749e-08 -2.2199e-08 -1.1966e-08 -6.2182e-09 -3.1108e-09 -1.4962e-09 -6.9094e-10 -3.0593e-10 -1.2969e-10 -5.2566e-11 -2.0340e-11 -7.5027e-12 -2.6342e-12 -8.7895e-13 -2.7830e-13 -8.3479e-14 -2.3686e-14 -6.3463e-15 -1.6031e-15 -3.8114e-16 -8.5143e-17 -1.7840e-17 -3.5001e-18 -6.4183e-19 -1.0981e-19 -1.7496e-20 -2.5912e-21 -3.5608e-22 -4.5315e-23 -5.3301e-24 -5.7835e-25 -5.7777e-26 -5.3035e-27 -4.4641e-28 -3.4386e-29 -2.4188e-30 -1.5506e-31 -9.0398e-33 -4.7823e-34 -2.2909e-35 -9.9150e-37 -3.8687e-38 -1.3578e-39 -4.2769e-41 -1.2063e-42 -3.0394e-44 -6.8258e-46 -1.3630e-47
-3.1308e-07 -8.8551e-07 -1.6267e-06 -2.5040e-06 -3.4982e-06 -4.5955e-06 -5.7846e-06 -7.0557e-06 -8.3987e-06 1.0397e-04 -1.1259e-05 -1.2751e-05 -1.4268e-05 -1.5791e-05 -1.7304e-05 -1.8785e-05 -2.0212e-05 -2.1561e-05 -2.2805e-05 -2.3920e-05 -2.4877e-05 -2.5650e-05 -2.6214e-05 -2.6549e-05 -2.6635e-05 -2.6462e-05 -2.6023e-05 -2.5319e-05 -2.4360e-05 -2.3164e-05 -2.1758e-05 -2.0174e-05 -1.8453e-05 -1.6640e-05 -1.4783e-05 -1.2928e-05 -1.1121e-05 -9.4020e-06 -7.8064e-06 -6.3596e-06 -5.0791e-06 -3.9730e-06 -3.0410e-06 -2.2754e-06 -1.6627e-06 -1.1853e-06 -8.2351e-07 -5.5700e-07 -3.6636e-07 -2.3407e-07 -1.4510e-07 -8.7165e-08 -5.0684e-08 -2.8492e-08 -1.5465e-08 -8.0941e-09 -4.0799e-09 -1.9779e-09 -9.2095e-10 -4.1129e-10 -1.7593e-10 -7.1976e-11 -2.8122e-11 -1.0478e-11 -3.7175e-12 -1.2539e-12 -4.0150e-13 -1.2184e-13 -3.4986e-14 -9.4907e-15 -2.4281e-15 -5.8491e-16 -1.3244e-16 -2.8137e-17 -5.5994e-18 -1.0419e-18 -1.8094e-19 -2.9275e-20 -4.4044e-21 -6.1503e-22 -7.9561e-23 -9.5161e-24 -1.0503e-24 -1.0677e-25 -9.9756e-27 -8.5495e-28 -6.7073e-29 -4.8070e-30 -3.1404e-31 -1.8663e-32 -1.0068e-33 -4.9189e-35 -2.1720e-36 -8.6481e-38 -3.0981e-39 -9.9632e-41 -2.8696e-42 -7.3854e-44 -1.6944e-45 -3.4574e-47 -3.1308e-07 -8.8551e-07 -1.6267e-06 -2.5040e-06 -3.4982e-06 -4.5954e-06 -5.7845e-06 -7.0554e-06 -8.3982e-06 0.0000e+00 -1.1257e-05 -1.2749e-05 -1.4264e-05 -1.5785e-05 -1.7295e-05 -1.8772e-05 -2.0195e-05 -2.1538e-05 -2.2776e-05 -2.3882e-05 -2.4828e-05 -2.5590e-05 -2.6141e-05 -2.6461e-05 -2.6532e-05 -2.6342e-05 -2.5885e-05 -2.5164e-05 -2.4189e-05 -2.2978e-05 -2.1559e-05 -1.9965e-05 -1.8237e-05 -1.6421e-05 -1.4565e-05 -1.2715e-05 -1.0917e-05 -9.2106e-06 -7.6305e-06 -6.2016e-06 -4.9402e-06 -3.8537e-06 -2.9410e-06 -2.1937e-06 -1.5976e-06 -1.1349e-06 -7.8549e-07 -5.2915e-07 -3.4657e-07 -2.2043e-07 -1.3600e-07 -8.1292e-08 -4.7022e-08 -2.6288e-08 -1.4186e-08 -7.3800e-09 -3.6964e-09 -1.7801e-09 -8.2316e-10 -3.6498e-10 -1.5496e-10 -6.2902e-11 -2.4379e-11 -9.0076e-12 -3.1681e-12 -1.0591e-12 -3.3597e-13 -1.0098e-13 -2.8711e-14 -7.7095e-15 -1.9519e-15 -4.6515e-16 -1.0416e-16 -2.1881e-17 -4.3041e-18 -7.9142e-19 -1.3578e-19 -2.1697e-20 -3.2232e-21 -4.4431e-22 -5.6725e-23 -6.6944e-24 -7.2889e-25 -7.3074e-26 -6.7321e-27 -5.6879e-28 -4.3983e-29 -3.1063e-30 -1.9995e-31 -1.1706e-32 -6.2194e-34 -2.9925e-35 -1.3011e-36 -5.1004e-38 -1.7987e-39 -5.6934e-41 -1.6139e-42 -4.0875e-44 -9.2278e-46 -1.8526e-47
-3.5953e-07 -1.0169e-06 -1.8680e-06 -2.8755e-06 -4.0172e-06 -5.2772e-06 -6.6429e-06 -8.1026e-06 -9.6451e-06 -1.1259e-05 1.5222e-04 -1.4645e-05 -1.6388e-05 -1.8139e-05 -1.9878e-05 -2.1581e-05 -2.3223e-05 -2.4777e-05 -2.6212e-05 -2.7499e-05 -2.8606e-05 -2.9503e-05 -3.0161e-05 -3.0557e-05 -3.0670e-05 -3.0484e-05 -2.9993e-05 -2.9199e-05 -2.8111e-05 -2.6750e-05 -2.5145e-05 -2.3334e-05 -2.1364e-05 -1.9285e-05 -1.7151e-05 -1.5017e-05 -1.2934e-05 -1.0951e-05 -9.1061e-06 -7.4306e-06 -5.9448e-06 -4.6588e-06 -3.5730e-06 -2.6791e-06 -1.9621e-06 -1.4021e-06 -9.7659e-07 -6.6230e-07 -4.3685e-07 -2.7993e-07 -1.7407e-07 -1.0491e-07 -6.1212e-08 -3.4533e-08 -1.8814e-08 -9.8855e-09 -5.0031e-09 -2.4357e-09 -1.1391e-09 -5.1101e-10 -2.1961e-10 -9.0282e-11 -3.5451e-11 -1.3277e-11 -4.7356e-12 -1.6061e-12 -5.1714e-13 -1.5784e-13 -4.5590e-14 -1.2442e-14 -3.2028e-15 -7.7638e-16 -1.7692e-16 -3.7835e-17 -7.5797e-18 -1.4200e-18 -2.4830e-19 -4.0455e-20 -6.1299e-21 -8.6217e-22 -1.1235e-22 -1.3538e-23 -1.5054e-24 -1.5420e-25 -1.4518e-26 -1.2539e-27 -9.9145e-29 -7.1618e-30 -4.7164e-31 -2.8255e-32 -1.5366e-33 -7.5694e-35 -3.3700e-36 -1.3531e-37 -4.8881e-39 -1.5853e-40 -4.6050e-42 -1.1954e-43 -2.7663e-45 -5.6938e-47 -3.5953e-07 -1.0169e-06 -1.8680e-06 -2.8755e-06 -4.0171e-06 -5.2771e-06 -6.6427e-06 -8.1021e-06 -9.6442e-06 -1.1257e-05 0.0000e+00 -1.4641e-05 -1.6381e-05 -1.8128e-05 -1.9863e-05 -2.1560e-05 -2.3195e-05 -2.4739e-05 -2.6162e-05 -2.7434e-05 -2.8524e-05 -2.9402e-05 -3.0039e-05 -3.0410e-05 -3.0495e-05 -3.0282e-05 -2.9762e-05 -2.8939e-05 -2.7823e-05 -2.6437e-05 -2.4810e-05 -2.2982e-05 -2.1000e-05 -1.8916e-05 -1.6783e-05 -1.4658e-05 -1.2590e-05 -1.0628e-05 -8.8094e-06 -7.1637e-06 -5.7101e-06 -4.4573e-06 -3.4040e-06 -2.5409e-06 -1.8520e-06 -1.3167e-06 -9.1218e-07 -6.1510e-07 -4.0328e-07 -2.5678e-07 -1.5861e-07 -9.4925e-08 -5.4980e-08 -3.0779e-08 -1.6633e-08 -8.6665e-09 -4.3478e-09 -2.0974e-09 -9.7158e-10 -4.3159e-10 -1.8359e-10 -7.4679e-11 -2.9005e-11 -1.0741e-11 -3.7865e-12 -1.2689e-12 -4.0354e-13 -1.2161e-13 -3.4672e-14 -9.3366e-15 -2.3708e-15 -5.6672e-16 -1.2731e-16 -2.6832e-17 -5.2961e-18 -9.7726e-19 -1.6828e-19 -2.6992e-20 -4.0255e-21 -5.5713e-22 -7.1424e-23 -8.4652e-24 -9.2575e-25 -9.3232e-26 -8.6293e-27 -7.3258e-28 -5.6927e-29 -4.0408e-30 -2.6145e-31 -1.5388e-32 -8.2203e-34 -3.9774e-35 -1.7392e-36 -6.8577e-38 -2.4329e-39 -7.7480e-41 -2.2100e-42 -5.6331e-44 -1.2800e-45 -2.5869e-47
-4.0716e-07 -1.1516e-06 -2.1155e-06 -3.2565e-06 -4.5494e-06 -5.9765e-06 -7.5232e-06 -9.1765e-06 -1.0924e-05 -1.2751e-05 -1.4645e-05 2.1558e-04 -1.8564e-05 -2.0549e-05 -2.2522e-05 -2.4455e-05 -2.6321e-05 -2.8087e-05 -2.9721e-05 -3.1188e-05 -3.2453e-05 -3.3483e-05 -3.4245e-05 -3.4711e-05 -3.4857e-05 -3.4666e-05 -3.4131e-05 -3.3252e-05 -3.2039e-05 -3.0516e-05 -2.8714e-05 -2.6676e-05 -2.4453e-05 -2.2103e-05 -1.9685e-05 -1.7262e-05 -1.4894e-05 -1.2632e-05 -1.0525e-05 -8.6062e-06 -6.9007e-06 -5.4208e-06 -4.1679e-06 -3.1336e-06 -2.3015e-06 -1.6496e-06 -1.1526e-06 -7.8430e-07 -5.1914e-07 -3.3389e-07 -2.0843e-07 -1.2613e-07 -7.3901e-08 -4.1875e-08 -2.2918e-08 -1.2099e-08 -6.1534e-09 -3.0109e-09 -1.4155e-09 -6.3846e-10 -2.7592e-10 -1.1408e-10 -4.5060e-11 -1.6978e-11 -6.0931e-12 -2.0796e-12 -6.7393e-13 -2.0705e-13 -6.0209e-14 -1.6544e-14 -4.2886e-15 -1.0470e-15 -2.4031e-16 -5.1768e-17 -1.0448e-17 -1.9721e-18 -3.4748e-19 -5.7052e-20 -8.7122e-21 -1.2351e-21 -1.6222e-22 -1.9705e-23 -2.2091e-24 -2.2813e-25 -2.1657e-26 -1.8862e-27 -1.5040e-28 -1.0957e-29 -7.2772e-31 -4.3974e-32 -2.4122e-33 -1.1987e-34 -5.3840e-36 -2.1809e-37 -7.9493e-39 -2.6014e-40 -7.6252e-42 -1.9975e-43 -4.6652e-45 -9.6914e-47 -4.0716e-07 -1.1516e-06 -2.1155e-06 -3.2565e-06 -4.5494e-06 -5.9764e-06 -7.5228e-06 -9.1757e-06 -1.0922e-05 -1.2749e-05 -1.4641e-05 0.0000e+00 -1.8553e-05 -2.0533e-05 -2.2498e-05 -2.4422e-05 -2.6275e-05 -2.8026e-05 -2.9641e-05 -3.1085e-05 -3.2323e-05 -3.3321e-05 -3.4047e-05 -3.4474e-05 -3.4577e-05 -3.4342e-05 -3.3760e-05 -3.2834e-05 -3.1577e-05 -3.0013e-05 -2.8176e-05 -2.6110e-05 -2.3869e-05 -2.1509e-05 -1.9094e-05 -1.6685e-05 -1.4340e-05 -1.2113e-05 -1.0047e-05 -8.1760e-06 -6.5222e-06 -5.0955e-06 -3.8950e-06 -2.9103e-06 -2.1234e-06 -1.5114e-06 -1.0483e-06 -7.0778e-07 -4.6467e-07 -2.9630e-07 -1.8329e-07 -1.0987e-07 -6.3745e-08 -3.5749e-08 -1.9356e-08 -1.0105e-08 -5.0800e-09 -2.4559e-09 -1.1403e-09 -5.0774e-10 -2.1653e-10 -8.8306e-11 -3.4392e-11 -1.2772e-11 -4.5159e-12 -1.5180e-12 -4.8433e-13 -1.4645e-13 -4.1897e-14 -1.1323e-14 -2.8860e-15 -6.9256e-16 -1.5621e-16 -3.3058e-17 -6.5531e-18 -1.2146e-18 -2.1010e-19 -3.3858e-20 -5.0740e-21 -7.0577e-22 -9.0944e-23 -1.0836e-23 -1.1914e-24 -1.2066e-25 -1.1232e-26 -9.5912e-28 -7.4979e-29 -5.3550e-30 -3.4867e-31 -2.0654e-32 -1.1106e-33 -5.4100e-35 -2.3819e-36 -9.4581e-38 -3.3795e-39 -1.0842e-40 -3.1155e-42 -8.0013e-44 -1.8322e-45 -3.7320e-47
-4.5552e-07 -1.2884e-06 -2.3668e-06 -3.6433e-06 -5.0899e-06 -6.6865e-06 -8.4171e-06 -1.0267e-05 -1.2222e-05 -1.4268e-05 -1.6388e-05 -1.8564e-05 2.9692e-04 -2.3000e-05 -2.5212e-05 -2.7381e-05 -2.9476e-05 -3.1462e-05 -3.3302e-05 -3.4957e-05 -3.6390e-05 -3.7562e-05 -3.8438e-05 -3.8984e-05 -3.9175e-05 -3.8991e-05 -3.8421e-05 -3.7467e-05 -3.6139e-05 -3.4461e-05 -3.2467e-05 -3.0205e-05 -2.7731e-05 -2.5107e-05 -2.2401e-05 -1.9683e-05 -1.7018e-05 -1.4467e-05 -1.2083e-05 -9.9056e-06 -7.9646e-06 -6.2750e-06 -4.8398e-06 -3.6508e-06 -2.6908e-06 -1.9357e-06 -1.3578e-06 -9.2765e-07 -6.1664e-07 -3.9837e-07 -2.4982e-07 -1.5191e-07 -8.9453e-08 -5.0951e-08 -2.8035e-08 -1.4883e-08 -7.6124e-09 -3.7468e-09 -1.7721e-09 -8.0429e-10 -3.4979e-10 -1.4557e-10 -5.7882e-11 -2.1958e-11 -7.9349e-12 -2.7274e-12 -8.9023e-13 -2.7551e-13 -8.0710e-14 -2.2345e-14 -5.8366e-15 -1.4359e-15 -3.3217e-16 -7.2124e-17 -1.4673e-17 -2.7920e-18 -4.9599e-19 -8.2110e-20 -1.2643e-20 -1.8075e-21 -2.3943e-22 -2.9333e-23 -3.3169e-24 -3.4552e-25 -3.3089e-26 -2.9074e-27 -2.3390e-28 -1.7193e-29 -1.1523e-30 -7.0265e-32 -3.8901e-33 -1.9510e-34 -8.8450e-36 -3.6167e-37 -1.3308e-38 -4.3967e-40 -1.3012e-41 -3.4419e-43 -8.1175e-45 -1.7030e-46 -4.5552e-07 -1.2884e-06 -2.3668e-06 -3.6433e-06 -5.0898e-06 -6.6863e-06 -8.4165e-06 -1.0266e-05 -1.2220e-05 -1.4264e-05 -1.6381e-05 -1.8553e-05 0.0000e+00 -2.2975e-05 -2.5175e-05 -2.7330e-05 -2.9406e-05 -3.1368e-05 -3.3178e-05 -3.4799e-05 -3.6190e-05 -3.7313e-05 -3.8133e-05 -3.8619e-05 -3.8743e-05 -3.8489e-05 -3.7848e-05 -3.6822e-05 -3.5426e-05 -3.3684e-05 -3.1637e-05 -2.9331e-05 -2.6827e-05 -2.4190e-05 -2.1487e-05 -1.8789e-05 -1.6160e-05 -1.3661e-05 -1.1341e-05 -9.2382e-06 -7.3771e-06 -5.7697e-06 -4.4155e-06 -3.3033e-06 -2.4135e-06 -1.7203e-06 -1.1950e-06 -8.0812e-07 -5.3145e-07 -3.3949e-07 -2.1042e-07 -1.2639e-07 -7.3482e-08 -4.1303e-08 -2.2416e-08 -1.1732e-08 -5.9130e-09 -2.8665e-09 -1.3347e-09 -5.9610e-10 -2.5500e-10 -1.0434e-10 -4.0774e-11 -1.5196e-11 -5.3929e-12 -1.8197e-12 -5.8291e-13 -1.7698e-13 -5.0851e-14 -1.3804e-14 -3.5345e-15 -8.5219e-16 -1.9315e-16 -4.1084e-17 -8.1865e-18 -1.5255e-18 -2.6534e-19 -4.3004e-20 -6.4822e-21 -9.0706e-22 -1.1760e-22 -1.4101e-23 -1.5605e-24 -1.5908e-25 -1.4909e-26 -1.2820e-27 -1.0093e-28 -7.2609e-30 -4.7628e-31 -2.8426e-32 -1.5404e-33 -7.5624e-35 -3.3563e-36 -1.3436e-37 -4.8408e-39 -1.5661e-40 -4.5392e-42 -1.1760e-43 -2.7168e-45 -5.5838e-47
-5.0409e-07 -1.4258e-06 -2.6191e-06 -4.0317e-06 -5.6326e-06 -7.3995e-06 -9.3148e-06 -1.1362e-05 -1.3527e-05 -1.5791e-05 -1.8139e-05 -2.0549e-05 -2.3000e-05 3.9935e-04 -2.7921e-05 -3.0329e-05 -3.2658e-05 -3.4870e-05 -3.6923e-05 -3.8776e-05 -4.0385e-05 -4.1710e-05 -4.2710e-05 -4.3350e-05 -4.3599e-05 -4.3436e-05 -4.2847e-05 -4.1833e-05 -4.0403e-05 -3.8583e-05 -3.6409e-05 -3.3931e-05 -3.1211e-05 -2.8316e-05 -2.5321e-05 -2.2301e-05 -1.9331e-05 -1.6479e-05 -1.3804e-05 -1.1353e-05 -9.1589e-06 -7.2416e-06 -5.6064e-06 -4.2458e-06 -3.1423e-06 -2.2705e-06 -1.5999e-06 -1.0983e-06 -7.3372e-07 -4.7646e-07 -3.0041e-07 -1.8368e-07 -1.0879e-07 -6.2332e-08 -3.4507e-08 -1.8433e-08 -9.4896e-09 -4.7016e-09 -2.2388e-09 -1.0231e-09 -4.4810e-10 -1.8782e-10 -7.5230e-11 -2.8751e-11 -1.0468e-11 -3.6258e-12 -1.1927e-12 -3.7202e-13 -1.0985e-13 -3.0659e-14 -8.0737e-15 -2.0027e-15 -4.6715e-16 -1.0229e-16 -2.0986e-17 -4.0276e-18 -7.2167e-19 -1.2051e-19 -1.8721e-20 -2.7000e-21 -3.6087e-22 -4.4610e-23 -5.0904e-24 -5.3514e-25 -5.1724e-26 -4.5872e-27 -3.7251e-28 -2.7642e-29 -1.8704e-30 -1.1516e-31 -6.4376e-33 -3.2605e-34 -1.4928e-35 -6.1653e-37 -2.2915e-38 -7.6480e-40 -2.2868e-41 -6.1115e-43 -1.4565e-44 -3.0880e-46 -5.0409e-07 -1.4258e-06 -2.6191e-06 -4.0317e-06 -5.6324e-06 -7.3992e-06 -9.3139e-06 -1.1361e-05 -1.3523e-05 -1.5785e-05 -1.8128e-05 -2.0533e-05 -2.2975e-05 0.0000e+00 -2.7866e-05 -3.0253e-05 -3.2554e-05 -3.4730e-05 -3.6739e-05 -3.8539e-05 -4.0086e-05 -4.1339e-05 -4.2257e-05 -4.2806e-05 -4.2956e-05 -4.2689e-05 -4.1993e-05 -4.0872e-05 -3.9339e-05 -3.7424e-05 -3.5168e-05 -3.2626e-05 -2.9860e-05 -2.6944e-05 -2.3953e-05 -2.0963e-05 -1.8047e-05 -1.5272e-05 -1.2693e-05 -1.0351e-05 -8.2763e-06 -6.4818e-06 -4.9677e-06 -3.7223e-06 -2.7241e-06 -1.9451e-06 -1.3537e-06 -9.1729e-07 -6.0453e-07 -3.8704e-07 -2.4046e-07 -1.4479e-07 -8.4405e-08 -4.7574e-08 -2.5894e-08 -1.3593e-08 -6.8735e-09 -3.3432e-09 -1.5621e-09 -7.0023e-10 -3.0069e-10 -1.2352e-10 -4.8470e-11 -1.8142e-11 -6.4670e-12 -2.1923e-12 -7.0562e-13 -2.1530e-13 -6.2179e-14 -1.6968e-14 -4.3685e-15 -1.0592e-15 -2.4148e-16 -5.1670e-17 -1.0359e-17 -1.9426e-18 -3.4009e-19 -5.5486e-20 -8.4210e-21 -1.1866e-21 -1.5495e-22 -1.8715e-23 -2.0867e-24 -2.1436e-25 -2.0247e-26 -1.7549e-27 -1.3929e-28 -1.0104e-29 -6.6838e-31 -4.0236e-32 -2.1995e-33 -1.0895e-34 -4.8793e-36 -1.9713e-37 -7.1691e-39 -2.3414e-40 -6.8521e-42 -1.7926e-43 -4.1827e-45 -8.6835e-47
-5.5227e-07 -1.5620e-06 -2.8695e-06 -4.4171e-06 -6.1710e-06 -8.1070e-06 -1.0205e-05 -1.2449e-05 -1.4821e-05 -1.7304e-05 -1.9878e-05 -2.2522e-05 -2.5212e-05 -2.7921e-05 5.2622e-04 -3.3268e-05 -3.5834e-05 -3.8276e-05 -4.0548e-05 -4.2605e-05 -4.4402e-05 -4.5891e-05 -4.7030e-05 -4.7779e-05 -4.8104e-05 -4.7980e-05 -4.7392e-05 -4.6337e-05 -4.4825e-05 -4.2881e-05 -4.0543e-05 -3.7865e-05 -3.4909e-05 -3.1750e-05 -2.8468e-05 -2.5146e-05 -2.1865e-05 -1.8701e-05 -1.5720e-05 -1.2977e-05 -1.0511e-05 -8.3452e-06 -6.4892e-06 -4.9372e-06 -3.6718e-06 -2.6664e-06 -1.8888e-06 -1.3037e-06 -8.7592e-07 -5.7215e-07 -3.6293e-07 -2.2330e-07 -1.3310e-07 -7.6768e-08 -4.2786e-08 -2.3015e-08 -1.1932e-08 -5.9545e-09 -2.8562e-09 -1.3151e-09 -5.8036e-10 -2.4514e-10 -9.8957e-11 -3.8120e-11 -1.3992e-11 -4.8855e-12 -1.6203e-12 -5.0963e-13 -1.5176e-13 -4.2714e-14 -1.1345e-14 -2.8386e-15 -6.6792e-16 -1.4754e-16 -3.0542e-17 -5.9142e-18 -1.0694e-18 -1.8021e-19 -2.8253e-20 -4.1129e-21 -5.5490e-22 -6.9247e-23 -7.9777e-24 -8.4679e-25 -8.2647e-26 -7.4020e-27 -6.0709e-28 -4.5502e-29 -3.1101e-30 -1.9345e-31 -1.0927e-32 -5.5919e-34 -2.5873e-35 -1.0799e-36 -4.0572e-38 -1.3688e-39 -4.1379e-41 -1.1181e-42 -2.6946e-44 -5.7778e-46 -5.5227e-07 -1.5620e-06 -2.8694e-06 -4.4171e-06 -6.1708e-06 -8.1064e-06 -1.0204e-05 -1.2447e-05 -1.4816e-05 -1.7295e-05 -1.9863e-05 -2.2498e-05 -2.5175e-05 -2.7866e-05 0.0000e+00 -3.3158e-05 -3.5684e-05 -3.8073e-05 -4.0282e-05 -4.2264e-05 -4.3970e-05 -4.5355e-05 -4.6375e-05 -4.6992e-05 -4.7174e-05 -4.6899e-05 -4.6156e-05 -4.4945e-05 -4.3284e-05 -4.1203e-05 -3.8746e-05 -3.5972e-05 -3.2950e-05 -2.9759e-05 -2.6481e-05 -2.3200e-05 -1.9997e-05 -1.6943e-05 -1.4100e-05 -1.1516e-05 -9.2218e-06 -7.2344e-06 -5.5545e-06 -4.1699e-06 -3.0578e-06 -2.1882e-06 -1.5264e-06 -1.0368e-06 -6.8506e-07 -4.3979e-07 -2.7402e-07 -1.6550e-07 -9.6784e-08 -5.4734e-08 -2.9896e-08 -1.5752e-08 -7.9954e-09 -3.9046e-09 -1.8321e-09 -8.2481e-10 -3.5580e-10 -1.4685e-10 -5.7906e-11 -2.1784e-11 -7.8062e-12 -2.6606e-12 -8.6119e-13 -2.6430e-13 -7.6787e-14 -2.1085e-14 -5.4628e-15 -1.3332e-15 -3.0599e-16 -6.5928e-17 -1.3312e-17 -2.5143e-18 -4.4347e-19 -7.2905e-20 -1.1151e-20 -1.5838e-21 -2.0851e-22 -2.5394e-23 -2.8554e-24 -2.9586e-25 -2.8192e-26 -2.4655e-27 -1.9749e-28 -1.4459e-29 -9.6550e-31 -5.8681e-32 -3.2392e-33 -1.6204e-34 -7.3303e-36 -2.9919e-37 -1.0994e-38 -3.6283e-40 -1.0732e-41 -2.8379e-43 -6.6942e-45 -1.4052e-46
-5.9940e-07 -1.6953e-06 -3.1144e-06 -4.7941e-06 -6.6977e-06 -8.7991e-06 -1.1077e-05 -1.3513e-05 -1.6088e-05 -1.8785e-05 -2.1581e-05 -2.4455e-05 -2.7381e-05 -3.0329e-05 -3.3268e-05 6.8115e-04 -3.8965e-05 -4.1639e-05 -4.4136e-05 -4.6406e-05 -4.8399e-05 -5.0066e-05 -5.1360e-05 -5.2236e-05 -5.2658e-05 -5.2596e-05 -5.2034e-05 -5.0965e-05 -4.9397e-05 -4.7355e-05 -4.4878e-05 -4.2018e-05 -3.8844e-05 -3.5434e-05 -3.1872e-05 -2.8248e-05 -2.4652e-05 -2.1167e-05 -1.7866e-05 -1.4813e-05 -1.2052e-05 -9.6154e-06 -7.5147e-06 -5.7476e-06 -4.2979e-06 -3.1389e-06 -2.2367e-06 -1.5533e-06 -1.0502e-06 -6.9046e-07 -4.4091e-07 -2.7314e-07 -1.6396e-07 -9.5241e-08 -5.3472e-08 -2.8978e-08 -1.5138e-08 -7.6125e-09 -3.6802e-09 -1.7079e-09 -7.5983e-10 -3.2357e-10 -1.3170e-10 -5.1158e-11 -1.8936e-11 -6.6686e-12 -2.2308e-12 -7.0777e-13 -2.1262e-13 -6.0378e-14 -1.6181e-14 -4.0853e-15 -9.7010e-16 -2.1627e-16 -4.5189e-17 -8.8331e-18 -1.6124e-18 -2.7434e-19 -4.3428e-20 -6.3841e-21 -8.6986e-22 -1.0964e-22 -1.2759e-23 -1.3682e-24 -1.3492e-25 -1.2210e-26 -1.0120e-27 -7.6658e-29 -5.2962e-30 -3.3302e-31 -1.9017e-32 -9.8406e-34 -4.6045e-35 -1.9437e-36 -7.3864e-38 -2.5210e-39 -7.7102e-41 -2.1082e-42 -5.1415e-44 -1.1158e-45 -5.9940e-07 -1.6953e-06 -3.1143e-06 -4.7940e-06 -6.6975e-06 -8.7983e-06 -1.1075e-05 -1.3509e-05 -1.6081e-05 -1.8772e-05 -2.1560e-05 -2.4422e-05 -2.7330e-05 -3.0253e-05 -3.3158e-05 0.0000e+00 -3.8753e-05 -4.1355e-05 -4.3763e-05 -4.5925e-05 -4.7791e-05 -4.9311e-05 -5.0437e-05 -5.1128e-05 -5.1349e-05 -5.1074e-05 -5.0292e-05 -4.9004e-05 -4.7225e-05 -4.4988e-05 -4.2341e-05 -3.9345e-05 -3.6076e-05 -3.2618e-05 -2.9060e-05 -2.5492e-05 -2.2003e-05 -1.8671e-05 -1.5564e-05 -1.2734e-05 -1.0216e-05 -8.0307e-06 -6.1792e-06 -4.6495e-06 -3.4179e-06 -2.4522e-06 -1.7153e-06 -1.1685e-06 -7.7446e-07 -4.9881e-07 -3.1185e-07 -1.8903e-07 -1.1096e-07 -6.2999e-08 -3.4553e-08 -1.8285e-08 -9.3230e-09 -4.5744e-09 -2.1569e-09 -9.7600e-10 -4.2324e-10 -1.7565e-10 -6.9656e-11 -2.6358e-11 -9.5028e-12 -3.2593e-12 -1.0618e-12 -3.2804e-13 -9.5959e-14 -2.6535e-14 -6.9248e-15 -1.7026e-15 -3.9375e-16 -8.5500e-17 -1.7402e-17 -3.3138e-18 -5.8936e-19 -9.7719e-20 -1.5077e-20 -2.1605e-21 -2.8701e-22 -3.5277e-23 -4.0042e-24 -4.1887e-25 -4.0303e-26 -3.5596e-27 -2.8800e-28 -2.1301e-29 -1.4372e-30 -8.8272e-32 -4.9248e-33 -2.4904e-34 -1.1390e-35 -4.7008e-37 -1.7468e-38 -5.8313e-40 -1.7448e-41 -4.6681e-43 -1.1142e-44 -2.3671e-46
