-1.8579e-09 -2.0045e-11 -5.5327e-11 -1.1383e-10 -1.9943e-10 -3.1572e-10 -4.6611e-10 -6.5398e-10 -8.8270e-10 -1.1557e-09 -1.4764e-09 -1.8485e-09 -2.2755e-09 -2.7611e-09 -3.3090e-09 -3.9227e-09 -4.6055e-09 -5.3602e-09 -6.1889e-09 -7.0925e-09 -8.0702e-09 -9.1190e-09 -1.0233e-08 -1.1400e-08 -1.2607e-08 -1.3829e-08 -1.5036e-08 -1.6189e-08 -1.7235e-08 -1.8114e-08 -1.8756e-08 -1.9086e-08 -1.9026e-08 -1.8513e-08 -1.7504e-08 -1.5996e-08 -1.4036e-08 -1.1735e-08 -9.2616e-09 -6.8229e-09 -4.6290e-09 -2.8460e-09 -1.5551e-09 -7.3779e-10 -2.9545e-10 -9.6526e-11 -2.4692e-11 -4.7051e-12 -6.2867e-13 -5.4724e-14 -2.8371e-15 -7.8509e-17 -1.0138e-18 -5.1787e-21 -8.5374e-24 -3.5306e-27 -2.6793e-31 -2.5273e-36 -1.8203e-42 -5.4293e-50 -3.0990e-59 -1.2727e-70 -1.0819e-84 -3.8625e-102 -7.4292e-124 -5.3889e-151 -4.6078e-185 -4.9258e-228 -1.6207e-282 -0.0000e+00 -0.0000e+00 -0.0000e+00 -0.0000e+00 -0.0000e+00 -0.0000e+00 -0.0000e+00 -0.0000e+00 -0.0000e+00 -0.0000e+00 -0.0000e+00 -0.0000e+00 -0.0000e+00 -0.0000e+00 -0.0000e+00 -0.0000e+00 -0.0000e+00 -0.0000e+00 -0.0000e+00 -0.0000e+00 -0.0000e+00 -0.0000e+00 -0.0000e+00 -0.0000e+00 -0.0000e+00 -0.0000e+00 -0.0000e+00 -0.0000e+00 -0.0000e+00 -0.0000e+00 -0.0000e+00 0.0000e+00 -2.0045e-11 -5.5327e-11 -1.1383e-10 -1.9943e-10 -3.1572e-10 -4.6611e-10 -6.5398e-10 -8.8270e-10 -1.1557e-09 -1.4764e-09 -1.8485e-09 -2.2755e-09 -2.7611e-09 -3.3090e-09 -3.9227e-09 -4.6055e-09 -5.3602e-09 -6.1889e-09 -7.0925e-09 -8.0702e-09 -9.1190e-09 -1.0233e-08 -1.1400e-08 -1.2607e-08 -1.3829e-08 -1.5036e-08 -1.6189e-08 -1.7235e-08 -1.8114e-08 -1.8756e-08 -1.9086e-08 -1.9026e-08 -1.8513e-08 -1.7504e-08 -1.5996e-08 -1.4036e-08 -1.1735e-08 -9.2616e-09 -6.8229e-09 -4.6290e-09 -2.8460e-09 -1.5551e-09 -7.3779e-10 -2.9545e-10 -9.6526e-11 -2.4692e-11 -4.7051e-12 -6.2867e-13 -5.4724e-14 -2.8371e-15 -7.8509e-17 -1.0138e-18 -5.1787e-21 -8.5374e-24 -3.5306e-27 -2.6793e-31 -2.5273e-36 -1.8203e-42 -5.4293e-50 -3.0990e-59 -1.2727e-70 -1.0819e-84 -3.8625e-102 -7.4292e-124 -5.3889e-151 -4.6078e-185 -4.9258e-228 -1.6207e-282 -0.0000e+00 -0.0000e+00 -0.0000e+00 -0.0000e+00 -0.0000e+00 -0.0000e+00 -0.0000e+00 -0.0000e+00 -0.0000e+00 -0.0000e+00 -0.0000e+00 -0.0000e+00 -0.0000e+00 -0.0000e+00 -0.0000e+00 -0.0000e+00 -0.0000e+00 -0.0000e+00 -0.0000e+00 -0.0000e+00 -0.0000e+00 -0.0000e+00 -0.0000e+00 -0.0000e+00 -0.0000e+00 -0.0000e+00 -0.0000e+00 -0.0000e+00 -0.0000e+00 -0.0000e+00 -0.0000e+00
-2.0045e-11 3.0248e-10 -3.1328e-10 -6.4455e-10 -1.1293e-09 -1.7877e-09 -2.6392e-09 -3.7030e-09 -4.9981e-09 -6.5439e-09 -8.3601e-09 -1.0467e-08 -1.2885e-08 -1.5634e-08 -1.8737e-08 -2.2212e-08 -2.6078e-08 -3.0351e-08 -3.5044e-08 -4.0160e-08 -4.5696e-08 -5.1635e-08 -5.7940e-08 -6.4553e-08 -7.1384e-08 -7.8305e-08 -8.5141e-08 -9.1665e-08 -9.7589e-08 -1.0257e-07 -1.0621e-07 -1.0807e-07 -1.0773e-07 -1.0483e-07 -9.9116e-08 -9.0573e-08 -7.9477e-08 -6.6449e-08 -5.2442e-08 -3.8633e-08 -2.6211e-08 -1.6115e-08 -8.8057e-09 -4.1776e-09 -1.6729e-09 -5.4656e-10 -1.3981e-10 -2.6642e-11 -3.5598e-12 -3.0987e-13 -1.6065e-14 -4.4454e-16 -5.7403e-18 -2.9324e-20 -4.8341e-23 -1.9992e-26 -1.5171e-30 -1.4310e-35 -1.0307e-41 -3.0742e-49 -1.7548e-58 -7.2065e-70 -6.1261e-84 -2.1871e-101 -4.2067e-123 -3.0514e-150 -2.6091e-184 -2.7892e-227 -9.1772e-282 -0.0000e+00 -0.0000e+00 -0.0000e+00 -0.0000e+00 -0.0000e+00 -0.0000e+00 -0.0000e+00 -0.0000e+00 -0.0000e+00 -0.0000e+00 -0.0000e+00 -0.0000e+00 -0.0000e+00 -0.0000e+00 -0.0000e+00 -0.0000e+00 -0.0000e+00 -0.0000e+00 -0.0000e+00 -0.0000e+00 -0.0000e+00 -0.0000e+00 -0.0000e+00 -0.0000e+00 -0.0000e+00 -0.0000e+00 -0.0000e+00 -0.0000e+00 -0.0000e+00 -0.0000e+00 -0.0000e+00 -2.0045e-11 0.0000e+00 -3.1328e-10 -6.4455e-10 -1.1293e-09 -1.7877e-09 -2.6392e-09 -3.7030e-09 -4.9981e-09 -6.5439e-09 -8.3601e-09 -1.0467e-08 -1.2885e-08 -1.5634e-08 -1.8737e-08 -2.2212e-08 -2.6078e-08 -3.0351e-08 -3.5044e-08 -4.0160e-08 -4.5696e-08 -5.1635e-08 -5.7940e-08 -6.4553e-08 -7.1384e-08 -7.8305e-08 -8.5141e-08 -9.1665e-08 -9.7589e-08 -1.0257e-07 -1.0621e-07 -1.0807e-07 -1.0773e-07 -1.0483e-07 -9.9116e-08 -9.0573e-08 -7.9477e-08 -6.6449e-08 -5.2442e-08 -3.8633e-08 -2.6211e-08 -1.6115e-08 -8.8057e-09 -4.1776e-09 -1.6729e-09 -5.4656e-10 -1.3981e-10 -2.6642e-11 -3.5598e-12 -3.0987e-13 -1.6065e-14 -4.4454e-16 -5.7403e-18 -2.9324e-20 -4.8341e-23 -1.9992e-26 -1.5171e-30 -1.4310e-35 -1.0307e-41 -3.0742e-49 -1.7547e-58 -7.2065e-70 -6.1261e-84 -2.1871e-101 -4.2067e-123 -3.0514e-150 -2.6091e-184 -2.7892e-227 -9.1771e-282 -0.0000e+00 -0.0000e+00 -0.0000e+00 -0.0000e+00 -0.0000e+00 -0.0000e+00 -0.0000e+00 -0.0000e+00 -0.0000e+00 -0.0000e+00 -0.0000e+00 -0.0000e+00 -0.0000e+00 -0.0000e+00 -0.0000e+00 -0.0000e+00 -0.0000e+00 -0.0000e+00 -0.0000e+00 -0.0000e+00 -0.0000e+00 -0.0000e+00 -0.0000e+00 -0.0000e+00 -0.0000e+00 -0.0000e+00 -0.0000e+00 -0.0000e+00 -0.0000e+00 -0.0000e+00 -0.0000e+00
-5.5327e-11 -3.1328e-10 3.5229e-09 -1.7790e-09 -3.1169e-09 -4.9342e-09 -7.2846e-09 -1.0221e-08 -1.3796e-08 -1.8062e-08 -2.3075e-08 -2.8890e-08 -3.5563e-08 -4.3153e-08 -5.1716e-08 -6.1307e-08 -7.1979e-08 -8.3774e-08 -9.6725e-08 -1.1085e-07 -1.2613e-07 -1.4252e-07 -1.5992e-07 -1.7818e-07 -1.9703e-07 -2.1613e-07 -2.3500e-07 -2.5301e-07 -2.6936e-07 -2.8310e-07 -2.9314e-07 -2.9828e-07 -2.9736e-07 -2.8934e-07 -2.7357e-07 -2.4999e-07 -2.1937e-07 -1.8341e-07 -1.4475e-07 -1.0663e-07 -7.2346e-08 -4.4480e-08 -2.4305e-08 -1.1531e-08 -4.6175e-09 -1.5086e-09 -3.8590e-10 -7.3535e-11 -9.8254e-12 -8.5528e-13 -4.4341e-14 -1.2270e-15 -1.5844e-17 -8.0937e-20 -1.3343e-22 -5.5180e-26 -4.1875e-30 -3.9499e-35 -2.8449e-41 -8.4854e-49 -4.8435e-58 -1.9892e-69 -1.6910e-83 -6.0369e-101 -1.1612e-122 -8.4229e-150 -7.2022e-184 -7.6995e-227 -2.5334e-281 -0.0000e+00 -0.0000e+00 -0.0000e+00 -0.0000e+00 -0.0000e+00 -0.0000e+00 -0.0000e+00 -0.0000e+00 -0.0000e+00 -0.0000e+00 -0.0000e+00 -0.0000e+00 -0.0000e+00 -0.0000e+00 -0.0000e+00 -0.0000e+00 -0.0000e+00 -0.0000e+00 -0.0000e+00 -0.0000e+00 -0.0000e+00 -0.0000e+00 -0.0000e+00 -0.0000e+00 -0.0000e+00 -0.0000e+00 -0.0000e+00 -0.0000e+00 -0.0000e+00 -0.0000e+00 -0.0000e+00 -5.5327e-11 -3.1328e-10 0.0000e+00 -1.7790e-09 -3.1169e-09 -4.9342e-09 -7.2846e-09 -1.0221e-08 -1.3796e-08 -1.8062e-08 -2.3075e-08 -2.8890e-08 -3.5563e-08 -4.3153e-08 -5.1716e-08 -6.1307e-08 -7.1979e-08 -8.3774e-08 -9.6725e-08 -1.1085e-07 -1.2613e-07 -1.4252e-07 -1.5992e-07 -1.7818e-07 -1.9703e-07 -2.1613e-07 -2.3500e-07 -2.5301e-07 -2.6936e-07 -2.8310e-07 -2.9314e-07 -2.9828e-07 -2.9736e-07 -2.8934e-07 -2.7357e-07 -2.4999e-07 -2.1937e-07 -1.8341e-07 -1.4475e-07 -1.0663e-07 -7.2346e-08 -4.4480e-08 -2.4305e-08 -1.1531e-08 -4.6175e-09 -1.5086e-09 -3.8590e-10 -7.3534e-11 -9.8254e-12 -8.5527e-13 -4.4341e-14 -1.2270e-15 -1.5844e-17 -8.0937e-20 -1.3343e-22 -5.5180e-26 -4.1874e-30 -3.9498e-35 -2.8449e-41 -8.4853e-49 -4.8434e-58 -1.9891e-69 -1.6909e-83 -6.0367e-101 -1.1611e-122 -8.4224e-150 -7.2017e-184 -7.6988e-227 -2.5331e-281 -0.0000e+00 -0.0000e+00 -0.0000e+00 -0.0000e+00 -0.0000e+00 -0.0000e+00 -0.0000e+00 -0.0000e+00 -0.0000e+00 -0.0000e+00 -0.0000e+00 -0.0000e+00 -0.0000e+00 -0.0000e+00 -0.0000e+00 -0.0000e+00 -0.0000e+00 -0.0000e+00 -0.0000e+00 -0.0000e+00 -0.0000e+00 -0.0000e+00 -0.0000e+00 -0.0000e+00 -0.0000e+00 -0.0000e+00 -0.0000e+00 -0.0000e+00 -0.0000e+00 -0.0000e+00 -0.0000e+00
-1.1383e-10 -6.4455e-10 -1.7790e-09 1.9859e-08 -6.4129e-09 -1.0152e-08 -1.4988e-08 -2.1029e-08 -2.8383e-08 -3.7162e-08 -4.7475e-08 -5.9439e-08 -7.3169e-08 -8.8785e-08 -1.0640e-07 -1.2614e-07 -1.4809e-07 -1.7236e-07 -1.9901e-07 -2.2806e-07 -2.5950e-07 -2.9322e-07 -3.2903e-07 -3.6659e-07 -4.0538e-07 -4.4468e-07 -4.8350e-07 -5.2055e-07 -5.5419e-07 -5.8247e-07 -6.0312e-07 -6.1370e-07 -6.1180e-07 -5.9530e-07 -5.6286e-07 -5.1435e-07 -4.5134e-07 -3.7735e-07 -2.9781e-07 -2.1939e-07 -1.4885e-07 -9.1515e-08 -5.0006e-08 -2.3724e-08 -9.5003e-09 -3.1038e-09 -7.9398e-10 -1.5130e-10 -2.0216e-11 -1.7597e-12 -9.1232e-14 -2.5246e-15 -3.2599e-17 -1.6653e-19 -2.7454e-22 -1.1354e-25 -8.6160e-30 -8.1272e-35 -5.8539e-41 -1.7460e-48 -9.9666e-58 -4.0933e-69 -3.4798e-83 -1.2424e-100 -2.3898e-122 -1.7336e-149 -1.4825e-183 -1.5851e-226 -5.2162e-281 -0.0000e+00 -0.0000e+00 -0.0000e+00 -0.0000e+00 -0.0000e+00 -0.0000e+00 -0.0000e+00 -0.0000e+00 -0.0000e+00 -0.0000e+00 -0.0000e+00 -0.0000e+00 -0.0000e+00 -0.0000e+00 -0.0000e+00 -0.0000e+00 -0.0000e+00 -0.0000e+00 -0.0000e+00 -0.0000e+00 -0.0000e+00 -0.0000e+00 -0.0000e+00 -0.0000e+00 -0.0000e+00 -0.0000e+00 -0.0000e+00 -0.0000e+00 -0.0000e+00 -0.0000e+00 -0.0000e+00 -1.1383e-10 -6.4455e-10 -1.7790e-09 0.0000e+00 -6.4129e-09 -1.0152e-08 -1.4988e-08 -2.1029e-08 -2.8383e-08 -3.7162e-08 -4.7475e-08 -5.9439e-08 -7.3169e-08 -8.8785e-08 -1.0640e-07 -1.2614e-07 -1.4809e-07 -1.7236e-07 -1.9901e-07 -2.2806e-07 -2.5950e-07 -2.9322e-07 -3.2903e-07 -3.6659e-07 -4.0538e-07 -4.4468e-07 -4.8350e-07 -5.2055e-07 -5.5419e-07 -5.8247e-07 -6.0312e-07 -6.1370e-07 -6.1180e-07 -5.9530e-07 -5.6286e-07 -5.1435e-07 -4.5134e-07 -3.7735e-07 -2.9781e-07 -2.1939e-07 -1.4885e-07 -9.1514e-08 -5.0006e-08 -2.3724e-08 -9.5003e-09 -3.1038e-09 -7.9397e-10 -1.5129e-10 -2.0215e-11 -1.7597e-12 -9.1230e-14 -2.5245e-15 -3.2599e-17 -1.6653e-19 -2.7453e-22 -1.1353e-25 -8.6156e-30 -8.1267e-35 -5.8534e-41 -1.7459e-48 -9.9654e-58 -4.0927e-69 -3.4792e-83 -1.2421e-100 -2.3892e-122 -1.7331e-149 -1.4819e-183 -1.5843e-226 -5.2131e-281 -0.0000e+00 -0.0000e+00 -0.0000e+00 -0.0000e+00 -0.0000e+00 -0.0000e+00 -0.0000e+00 -0.0000e+00 -0.0000e+00 -0.0000e+00 -0.0000e+00 -0.0000e+00 -0.0000e+00 -0.0000e+00 -0.0000e+00 -0.0000e+00 -0.0000e+00 -0.0000e+00 -0.0000e+00 -0.0000e+00 -0.0000e+00 -0.0000e+00 -0.0000e+00 -0.0000e+00 -0.0000e+00 -0.0000e+00 -0.0000e+00 -0.0000e+00 -0.0000e+00 -0.0000e+00 -0.0000e+00
-1.9943e-10 -1.1293e-09 -3.1169e-09 -6.4129e-09 7.6086e-08 -1.7786e-08 -2.6259e-08 -3.6843e-08 -4.9728e-08 -6.5108e-08 -8.3177e-08 -1.0414e-07 -1.2819e-07 -1.5555e-07 -1.8642e-07 -2.2099e-07 -2.5946e-07 -3.0198e-07 -3.4866e-07 -3.9957e-07 -4.5465e-07 -5.1373e-07 -5.7647e-07 -6.4226e-07 -7.1023e-07 -7.7908e-07 -8.4710e-07 -9.1201e-07 -9.7095e-07 -1.0205e-06 -1.0567e-06 -1.0752e-06 -1.0719e-06 -1.0430e-06 -9.8614e-07 -9.0115e-07 -7.9075e-07 -6.6113e-07 -5.2177e-07 -3.8438e-07 -2.6079e-07 -1.6034e-07 -8.7613e-08 -4.1566e-08 -1.6645e-08 -5.4381e-09 -1.3911e-09 -2.6508e-10 -3.5420e-11 -3.0832e-12 -1.5985e-13 -4.4234e-15 -5.7121e-17 -2.9180e-19 -4.8106e-22 -1.9895e-25 -1.5099e-29 -1.4243e-34 -1.0259e-40 -3.0603e-48 -1.7470e-57 -7.1758e-69 -6.1010e-83 -2.1786e-100 -4.1915e-122 -3.0414e-149 -2.6017e-183 -2.7828e-226 -9.1624e-281 -0.0000e+00 -0.0000e+00 -0.0000e+00 -0.0000e+00 -0.0000e+00 -0.0000e+00 -0.0000e+00 -0.0000e+00 -0.0000e+00 -0.0000e+00 -0.0000e+00 -0.0000e+00 -0.0000e+00 -0.0000e+00 -0.0000e+00 -0.0000e+00 -0.0000e+00 -0.0000e+00 -0.0000e+00 -0.0000e+00 -0.0000e+00 -0.0000e+00 -0.0000e+00 -0.0000e+00 -0.0000e+00 -0.0000e+00 -0.0000e+00 -0.0000e+00 -0.0000e+00 -0.0000e+00 -0.0000e+00 -1.9943e-10 -1.1293e-09 -3.1169e-09 -6.4129e-09 0.0000e+00 -1.7786e-08 -2.6259e-08 -3.6843e-08 -4.9728e-08 -6.5108e-08 -8.3177e-08 -1.0414e-07 -1.2819e-07 -1.5555e-07 -1.8642e-07 -2.2099e-07 -2.5946e-07 -3.0198e-07 -3.4866e-07 -3.9957e-07 -4.5465e-07 -5.1373e-07 -5.7647e-07 -6.4226e-07 -7.1023e-07 -7.7908e-07 -8.4710e-07 -9.1201e-07 -9.7095e-07 -1.0205e-06 -1.0567e-06 -1.0752e-06 -1.0719e-06 -1.0430e-06 -9.8614e-07 -9.0115e-07 -7.9075e-07 -6.6112e-07 -5.2177e-07 -3.8438e-07 -2.6078e-07 -1.6033e-07 -8.7612e-08 -4.1565e-08 -1.6645e-08 -5.4380e-09 -1.3911e-09 -2.6507e-10 -3.5418e-11 -3.0831e-12 -1.5984e-13 -4.4231e-15 -5.7115e-17 -2.9177e-19 -4.8100e-22 -1.9892e-25 -1.5096e-29 -1.4239e-34 -1.0256e-40 -3.0592e-48 -1.7462e-57 -7.1719e-69 -6.0970e-83 -2.1769e-100 -4.1874e-122 -3.0378e-149 -2.5978e-183 -2.7776e-226 -9.1412e-281 -0.0000e+00 -0.0000e+00 -0.0000e+00 -0.0000e+00 -0.0000e+00 -0.0000e+00 -0.0000e+00 -0.0000e+00 -0.0000e+00 -0.0000e+00 -0.0000e+00 -0.0000e+00 -0.0000e+00 -0.0000e+00 -0.0000e+00 -0.0000e+00 -0.0000e+00 -0.0000e+00 -0.0000e+00 -0.0000e+00 -0.0000e+00 -0.0000e+00 -0.0000e+00 -0.0000e+00 -0.0000e+00 -0.0000e+00 -0.0000e+00 -0.0000e+00 -0.0000e+00 -0.0000e+00 -0.0000e+00
-3.1572e-10 -1.7877e-09 -4.9342e-09 -1.0152e-08 -1.7786e-08 2.2841e-07 -4.1569e-08 -5.8324e-08 -7.8722e-08 -1.0307e-07 -1.3167e-07 -1.6486e-07 -2.0294e-07 -2.4625e-07 -2.9511e-07 -3.4984e-07 -4.1074e-07 -4.7805e-07 -5.5195e-07 -6.3254e-07 -7.1973e-07 -8.1327e-07 -9.1258e-07 -1.0167e-06 -1.1243e-06 -1.2333e-06 -1.3410e-06 -1.4438e-06 -1.5371e-06 -1.6155e-06 -1.6728e-06 -1.7021e-06 -1.6968e-06 -1.6511e-06 -1.5611e-06 -1.4266e-06 -1.2518e-06 -1.0466e-06 -8.2601e-07 -6.0851e-07 -4.1285e-07 -2.5383e-07 -1.3870e-07 -6.5804e-08 -2.6352e-08 -8.6095e-09 -2.2024e-09 -4.1969e-10 -5.6079e-11 -4.8817e-12 -2.5310e-13 -7.0042e-15 -9.0451e-17 -4.6209e-19 -7.6187e-22 -3.1511e-25 -2.3917e-29 -2.2564e-34 -1.6256e-40 -4.8499e-48 -2.7693e-57 -1.1378e-68 -9.6772e-83 -3.4571e-100 -6.6550e-122 -4.8323e-149 -4.1372e-183 -4.4299e-226 -1.4606e-280 -0.0000e+00 -0.0000e+00 -0.0000e+00 -0.0000e+00 -0.0000e+00 -0.0000e+00 -0.0000e+00 -0.0000e+00 -0.0000e+00 -0.0000e+00 -0.0000e+00 -0.0000e+00 -0.0000e+00 -0.0000e+00 -0.0000e+00 -0.0000e+00 -0.0000e+00 -0.0000e+00 -0.0000e+00 -0.0000e+00 -0.0000e+00 -0.0000e+00 -0.0000e+00 -0.0000e+00 -0.0000e+00 -0.0000e+00 -0.0000e+00 -0.0000e+00 -0.0000e+00 -0.0000e+00 -0.0000e+00 -3.1572e-10 -1.7877e-09 -4.9342e-09 -1.0152e-08 -1.7786e-08 0.0000e+00 -4.1569e-08 -5.8324e-08 -7.8722e-08 -1.0307e-07 -1.3167e-07 -1.6486e-07 -2.0294e-07 -2.4625e-07 -2.9511e-07 -3.4984e-07 -4.1074e-07 -4.7805e-07 -5.5195e-07 -6.3254e-07 -7.1973e-07 -8.1327e-07 -9.1258e-07 -1.0167e-06 -1.1243e-06 -1.2333e-06 -1.3410e-06 -1.4438e-06 -1.5371e-06 -1.6155e-06 -1.6728e-06 -1.7021e-06 -1.6968e-06 -1.6511e-06 -1.5611e-06 -1.4266e-06 -1.2518e-06 -1.0466e-06 -8.2599e-07 -6.0849e-07 -4.1284e-07 -2.5382e-07 -1.3870e-07 -6.5800e-08 -2.6350e-08 -8.6088e-09 -2.2022e-09 -4.1964e-10 -5.6071e-11 -4.8809e-12 -2.5305e-13 -7.0025e-15 -9.0425e-17 -4.6193e-19 -7.6155e-22 -3.1495e-25 -2.3902e-29 -2.2547e-34 -1.6241e-40 -4.8446e-48 -2.7656e-57 -1.1360e-68 -9.6583e-83 -3.4488e-100 -6.6354e-122 -4.8148e-149 -4.1187e-183 -4.4053e-226 -1.4505e-280 -0.0000e+00 -0.0000e+00 -0.0000e+00 -0.0000e+00 -0.0000e+00 -0.0000e+00 -0.0000e+00 -0.0000e+00 -0.0000e+00 -0.0000e+00 -0.0000e+00 -0.0000e+00 -0.0000e+00 -0.0000e+00 -0.0000e+00 -0.0000e+00 -0.0000e+00 -0.0000e+00 -0.0000e+00 -0.0000e+00 -0.0000e+00 -0.0000e+00 -0.0000e+00 -0.0000e+00 -0.0000e+00 -0.0000e+00 -0.0000e+00 -0.0000e+00 -0.0000e+00 -0.0000e+00 -0.0000e+00
-4.6611e-10 -2.6392e-09 -7.2846e-09 -1.4988e-08 -2.6259e-08 -4.1569e-08 5.7961e-07 -8.6106e-08 -1.1622e-07 -1.5217e-07 -1.9440e-07 -2.4338e-07 -2.9961e-07 -3.6355e-07 -4.3568e-07 -5.1649e-07 -6.0639e-07 -7.0576e-07 -8.1487e-07 -9.3384e-07 -1.0626e-06 -1.2007e-06 -1.3473e-06 -1.5011e-06 -1.6599e-06 -1.8208e-06 -1.9798e-06 -2.1315e-06 -2.2693e-06 -2.3850e-06 -2.4696e-06 -2.5130e-06 -2.5052e-06 -2.4376e-06 -2.3048e-06 -2.1062e-06 -1.8482e-06 -1.5452e-06 -1.2195e-06 -8.9842e-07 -6.0955e-07 -3.7477e-07 -2.0479e-07 -9.7161e-08 -3.8910e-08 -1.2713e-08 -3.2522e-09 -6.1976e-10 -8.2817e-11 -7.2098e-12 -3.7384e-13 -1.0346e-14 -1.3362e-16 -6.8275e-19 -1.1259e-21 -4.6575e-25 -3.5359e-29 -3.3369e-34 -2.4048e-40 -7.1780e-48 -4.1008e-57 -1.6860e-68 -1.4352e-82 -5.1322e-100 -9.8920e-122 -7.1940e-149 -6.1713e-183 -6.6242e-226 -2.1908e-280 -0.0000e+00 -0.0000e+00 -0.0000e+00 -0.0000e+00 -0.0000e+00 -0.0000e+00 -0.0000e+00 -0.0000e+00 -0.0000e+00 -0.0000e+00 -0.0000e+00 -0.0000e+00 -0.0000e+00 -0.0000e+00 -0.0000e+00 -0.0000e+00 -0.0000e+00 -0.0000e+00 -0.0000e+00 -0.0000e+00 -0.0000e+00 -0.0000e+00 -0.0000e+00 -0.0000e+00 -0.0000e+00 -0.0000e+00 -0.0000e+00 -0.0000e+00 -0.0000e+00 -0.0000e+00 -0.0000e+00 -4.6611e-10 -2.6392e-09 -7.2846e-09 -1.4988e-08 -2.6259e-08 -4.1569e-08 0.0000e+00 -8.6106e-08 -1.1622e-07 -1.5217e-07 -1.9440e-07 -2.4338e-07 -2.9961e-07 -3.6355e-07 -4.3568e-07 -5.1649e-07 -6.0639e-07 -7.0576e-07 -8.1487e-07 -9.3384e-07 -1.0626e-06 -1.2007e-06 -1.3473e-06 -1.5011e-06 -1.6599e-06 -1.8208e-06 -1.9798e-06 -2.1315e-06 -2.2692e-06 -2.3850e-06 -2.4696e-06 -2.5129e-06 -2.5051e-06 -2.4376e-06 -2.3048e-06 -2.1061e-06 -1.8481e-06 -1.5452e-06 -1.2195e-06 -8.9837e-07 -6.0951e-07 -3.7474e-07 -2.0477e-07 -9.7148e-08 -3.8904e-08 -1.2710e-08 -3.2514e-09 -6.1959e-10 -8.2789e-11 -7.2068e-12 -3.7365e-13 -1.0340e-14 -1.3353e-16 -6.8216e-19 -1.1247e-21 -4.6516e-25 -3.5304e-29 -3.3306e-34 -2.3994e-40 -7.1583e-48 -4.0871e-57 -1.6791e-68 -1.4280e-82 -5.1011e-100 -9.8185e-122 -7.1282e-149 -6.1017e-183 -6.5318e-226 -2.1529e-280 -0.0000e+00 -0.0000e+00 -0.0000e+00 -0.0000e+00 -0.0000e+00 -0.0000e+00 -0.0000e+00 -0.0000e+00 -0.0000e+00 -0.0000e+00 -0.0000e+00 -0.0000e+00 -0.0000e+00 -0.0000e+00 -0.0000e+00 -0.0000e+00 -0.0000e+00 -0.0000e+00 -0.0000e+00 -0.0000e+00 -0.0000e+00 -0.0000e+00 -0.0000e+00 -0.0000e+00 -0.0000e+00 -0.0000e+00 -0.0000e+00 -0.0000e+00 -0.0000e+00 -0.0000e+00 -0.0000e+00
-6.5398e-10 -3.7030e-09 -1.0221e-08 -2.1029e-08 -3.6843e-08 -5.8324e-08 -8.6106e-08 1.3009e-06 -1.6307e-07 -2.1350e-07 -2.7275e-07 -3.4148e-07 -4.2037e-07 -5.1008e-07 -6.1129e-07 -7.2467e-07 -8.5081e-07 -9.9023e-07 -1.1433e-06 -1.3102e-06 -1.4909e-06 -1.6846e-06 -1.8903e-06 -2.1061e-06 -2.3290e-06 -2.5548e-06 -2.7778e-06 -2.9906e-06 -3.1840e-06 -3.3464e-06 -3.4651e-06 -3.5259e-06 -3.5150e-06 -3.4203e-06 -3.2339e-06 -2.9553e-06 -2.5933e-06 -2.1682e-06 -1.7112e-06 -1.2607e-06 -8.5536e-07 -5.2592e-07 -2.8740e-07 -1.3636e-07 -5.4610e-08 -1.7844e-08 -4.5651e-09 -8.7003e-10 -1.1627e-10 -1.0124e-11 -5.2500e-13 -1.4533e-14 -1.8774e-16 -9.5951e-19 -1.5828e-21 -6.5504e-25 -4.9754e-29 -4.6981e-34 -3.3884e-40 -1.0123e-47 -5.7895e-57 -2.3835e-68 -2.0323e-82 -7.2826e-100 -1.4073e-121 -1.0267e-148 -8.8422e-183 -9.5384e-226 -3.1743e-280 -0.0000e+00 -0.0000e+00 -0.0000e+00 -0.0000e+00 -0.0000e+00 -0.0000e+00 -0.0000e+00 -0.0000e+00 -0.0000e+00 -0.0000e+00 -0.0000e+00 -0.0000e+00 -0.0000e+00 -0.0000e+00 -0.0000e+00 -0.0000e+00 -0.0000e+00 -0.0000e+00 -0.0000e+00 -0.0000e+00 -0.0000e+00 -0.0000e+00 -0.0000e+00 -0.0000e+00 -0.0000e+00 -0.0000e+00 -0.0000e+00 -0.0000e+00 -0.0000e+00 -0.0000e+00 -0.0000e+00 -6.5398e-10 -3.7030e-09 -1.0221e-08 -2.1029e-08 -3.6843e-08 -5.8324e-08 -8.6106e-08 0.0000e+00 -1.6307e-07 -2.1350e-07 -2.7275e-07 -3.4148e-07 -4.2037e-07 -5.1008e-07 -6.1129e-07 -7.2467e-07 -8.5081e-07 -9.9023e-07 -1.1433e-06 -1.3102e-06 -1.4909e-06 -1.6846e-06 -1.8903e-06 -2.1061e-06 -2.3289e-06 -2.5547e-06 -2.7778e-06 -2.9906e-06 -3.1839e-06 -3.3464e-06 -3.4650e-06 -3.5258e-06 -3.5149e-06 -3.4201e-06 -3.2338e-06 -2.9551e-06 -2.5931e-06 -2.1680e-06 -1.7110e-06 -1.2605e-06 -8.5522e-07 -5.2581e-07 -2.8733e-07 -1.3632e-07 -5.4590e-08 -1.7836e-08 -4.5627e-09 -8.6947e-10 -1.1618e-10 -1.0114e-11 -5.2442e-13 -1.4513e-14 -1.8743e-16 -9.5763e-19 -1.5790e-21 -6.5317e-25 -4.9582e-29 -4.6785e-34 -3.3713e-40 -1.0061e-47 -5.7464e-57 -2.3619e-68 -2.0099e-82 -7.1844e-100 -1.3840e-121 -1.0059e-148 -8.6220e-183 -9.2455e-226 -3.0539e-280 -0.0000e+00 -0.0000e+00 -0.0000e+00 -0.0000e+00 -0.0000e+00 -0.0000e+00 -0.0000e+00 -0.0000e+00 -0.0000e+00 -0.0000e+00 -0.0000e+00 -0.0000e+00 -0.0000e+00 -0.0000e+00 -0.0000e+00 -0.0000e+00 -0.0000e+00 -0.0000e+00 -0.0000e+00 -0.0000e+00 -0.0000e+00 -0.0000e+00 -0.0000e+00 -0.0000e+00 -0.0000e+00 -0.0000e+00 -0.0000e+00 -0.0000e+00 -0.0000e+00 -0.0000e+00 -0.0000e+00
-8.8270e-10 -4.9981e-09 -1.3796e-08 -2.8383e-08 -4.9728e-08 -7.8722e-08 -1.1622e-07 -1.6307e-07 2.6594e-06 -2.8817e-07 -3.6814e-07 -4.6092e-07 -5.6739e-07 -6.8848e-07 -8.2509e-07 -9.7812e-07 -1.1484e-06 -1.3366e-06 -1.5432e-06 -1.7685e-06 -2.0123e-06 -2.2738e-06 -2.5515e-06 -2.8427e-06 -3.1435e-06 -3.4483e-06 -3.7494e-06 -4.0367e-06 -4.2976e-06 -4.5169e-06 -4.6771e-06 -4.7593e-06 -4.7446e-06 -4.6168e-06 -4.3653e-06 -3.9892e-06 -3.5007e-06 -2.9270e-06 -2.3102e-06 -1.7020e-06 -1.1548e-06 -7.1009e-07 -3.8806e-07 -1.8413e-07 -7.3751e-08 -2.4101e-08 -6.1668e-09 -1.1755e-09 -1.5713e-10 -1.3684e-11 -7.0986e-13 -1.9657e-14 -2.5404e-16 -1.2991e-18 -2.1443e-21 -8.8809e-25 -6.7518e-29 -6.3828e-34 -4.6097e-40 -1.3795e-47 -7.9059e-57 -3.2630e-68 -2.7908e-82 -1.0039e-99 -1.9490e-121 -1.4302e-148 -1.2407e-182 -1.3504e-225 -4.5443e-280 -0.0000e+00 -0.0000e+00 -0.0000e+00 -0.0000e+00 -0.0000e+00 -0.0000e+00 -0.0000e+00 -0.0000e+00 -0.0000e+00 -0.0000e+00 -0.0000e+00 -0.0000e+00 -0.0000e+00 -0.0000e+00 -0.0000e+00 -0.0000e+00 -0.0000e+00 -0.0000e+00 -0.0000e+00 -0.0000e+00 -0.0000e+00 -0.0000e+00 -0.0000e+00 -0.0000e+00 -0.0000e+00 -0.0000e+00 -0.0000e+00 -0.0000e+00 -0.0000e+00 -0.0000e+00 -0.0000e+00 -8.8270e-10 -4.9981e-09 -1.3796e-08 -2.8383e-08 -4.9728e-08 -7.8722e-08 -1.1622e-07 -1.6307e-07 0.0000e+00 -2.8817e-07 -3.6814e-07 -4.6092e-07 -5.6739e-07 -6.8848e-07 -8.2509e-07 -9.7812e-07 -1.1484e-06 -1.3366e-06 -1.5432e-06 -1.7685e-06 -2.0123e-06 -2.2738e-06 -2.5515e-06 -2.8427e-06 -3.1435e-06 -3.4483e-06 -3.7493e-06 -4.0366e-06 -4.2975e-06 -4.5168e-06 -4.6769e-06 -4.7591e-06 -4.7443e-06 -4.6164e-06 -4.3649e-06 -3.9887e-06 -3.5001e-06 -2.9264e-06 -2.3096e-06 -1.7015e-06 -1.1544e-06 -7.0979e-07 -3.8787e-07 -1.8402e-07 -7.3696e-08 -2.4079e-08 -6.1601e-09 -1.1740e-09 -1.5688e-10 -1.3658e-11 -7.0824e-13 -1.9603e-14 -2.5320e-16 -1.2939e-18 -2.1339e-21 -8.8293e-25 -6.7044e-29 -6.3287e-34 -4.5624e-40 -1.3623e-47 -7.7866e-57 -3.2032e-68 -2.7286e-82 -9.7664e-100 -1.8845e-121 -1.3724e-148 -1.1793e-182 -1.2687e-225 -4.2074e-280 -0.0000e+00 -0.0000e+00 -0.0000e+00 -0.0000e+00 -0.0000e+00 -0.0000e+00 -0.0000e+00 -0.0000e+00 -0.0000e+00 -0.0000e+00 -0.0000e+00 -0.0000e+00 -0.0000e+00 -0.0000e+00 -0.0000e+00 -0.0000e+00 -0.0000e+00 -0.0000e+00 -0.0000e+00 -0.0000e+00 -0.0000e+00 -0.0000e+00 -0.0000e+00 -0.0000e+00 -0.0000e+00 -0.0000e+00 -0.0000e+00 -0.0000e+00 -0.0000e+00 -0.0000e+00 -0.0000e+00
-1.1557e-09 -6.5439e-09 -1.8062e-08 -3.7162e-08 -6.5108e-08 -1.0307e-07 -1.5217e-07 -2.1350e-07 -2.8817e-07 5.0507e-06 -4.8200e-07 -6.0346e-07 -7.4286e-07 -9.0140e-07 -1.0803e-06 -1.2806e-06 -1.5035e-06 -1.7499e-06 -2.0205e-06 -2.3154e-06 -2.6346e-06 -2.9770e-06 -3.3406e-06 -3.7219e-06 -4.1158e-06 -4.5148e-06 -4.9090e-06 -5.2853e-06 -5.6269e-06 -5.9142e-06 -6.1240e-06 -6.2317e-06 -6.2125e-06 -6.0453e-06 -5.7162e-06 -5.2239e-06 -4.5843e-06 -3.8332e-06 -3.0256e-06 -2.2292e-06 -1.5127e-06 -9.3022e-07 -5.0843e-07 -2.4128e-07 -9.6657e-08 -3.1593e-08 -8.0858e-09 -1.5418e-09 -2.0616e-10 -1.7962e-11 -9.3227e-13 -2.5832e-14 -3.3410e-16 -1.7100e-18 -2.8257e-21 -1.1719e-24 -8.9239e-29 -8.4529e-34 -6.1194e-40 -1.8366e-47 -1.0563e-56 -4.3786e-68 -3.7649e-82 -1.3631e-99 -2.6675e-121 -1.9766e-148 -1.7353e-182 -1.9168e-225 -6.5676e-280 -0.0000e+00 -0.0000e+00 -0.0000e+00 -0.0000e+00 -0.0000e+00 -0.0000e+00 -0.0000e+00 -0.0000e+00 -0.0000e+00 -0.0000e+00 -0.0000e+00 -0.0000e+00 -0.0000e+00 -0.0000e+00 -0.0000e+00 -0.0000e+00 -0.0000e+00 -0.0000e+00 -0.0000e+00 -0.0000e+00 -0.0000e+00 -0.0000e+00 -0.0000e+00 -0.0000e+00 -0.0000e+00 -0.0000e+00 -0.0000e+00 -0.0000e+00 -0.0000e+00 -0.0000e+00 -0.0000e+00 -1.1557e-09 -6.5439e-09 -1.8062e-08 -3.7162e-08 -6.5108e-08 -1.0307e-07 -1.5217e-07 -2.1350e-07 -2.8817e-07 0.0000e+00 -4.8200e-07 -6.0346e-07 -7.4286e-07 -9.0140e-07 -1.0803e-06 -1.2806e-06 -1.5035e-06 -1.7499e-06 -2.0205e-06 -2.3154e-06 -2.6346e-06 -2.9770e-06 -3.3406e-06 -3.7218e-06 -4.1157e-06 -4.5147e-06 -4.9089e-06 -5.2850e-06 -5.6267e-06 -5.9138e-06 -6.1235e-06 -6.2310e-06 -6.2117e-06 -6.0443e-06 -5.7151e-06 -5.2226e-06 -4.5829e-06 -3.8318e-06 -3.0242e-06 -2.2280e-06 -1.5117e-06 -9.2948e-07 -5.0794e-07 -2.4100e-07 -9.6521e-08 -3.1539e-08 -8.0692e-09 -1.5379e-09 -2.0555e-10 -1.7898e-11 -9.2824e-13 -2.5697e-14 -3.3201e-16 -1.6971e-18 -2.8000e-21 -1.1590e-24 -8.8058e-29 -8.3178e-34 -6.0013e-40 -1.7938e-47 -1.0265e-56 -4.2292e-68 -3.6092e-82 -1.2948e-99 -2.5055e-121 -1.8311e-148 -1.5805e-182 -1.7096e-225 -5.7094e-280 -0.0000e+00 -0.0000e+00 -0.0000e+00 -0.0000e+00 -0.0000e+00 -0.0000e+00 -0.0000e+00 -0.0000e+00 -0.0000e+00 -0.0000e+00 -0.0000e+00 -0.0000e+00 -0.0000e+00 -0.0000e+00 -0.0000e+00 -0.0000e+00 -0.0000e+00 -0.0000e+00 -0.0000e+00 -0.0000e+00 -0.0000e+00 -0.0000e+00 -0.0000e+00 -0.0000e+00 -0.0000e+00 -0.0000e+00 -0.0000e+00 -0.0000e+00 -0.0000e+00 -0.0000e+00 -0.0000e+00
-1.4764e-09 -8.3601e-09 -2.3075e-08 -4.7475e-08 -8.3177e-08 -1.3167e-07 -1.9440e-07 -2.7275e-07 -3.6814e-07 -4.8200e-07 9.0402e-06 -7.7095e-07 -9.4904e-07 -1.1516e-06 -1.3801e-06 -1.6360e-06 -1.9208e-06 -2.2356e-06 -2.5812e-06 -2.9581e-06 -3.3659e-06 -3.8033e-06 -4.2678e-06 -4.7549e-06 -5.2582e-06 -5.7680e-06 -6.2717e-06 -6.7524e-06 -7.1890e-06 -7.5561e-06 -7.8244e-06 -7.9621e-06 -7.9379e-06 -7.7245e-06 -7.3043e-06 -6.6756e-06 -5.8586e-06 -4.8991e-06 -3.8673e-06 -2.8497e-06 -1.9340e-06 -1.1895e-06 -6.5028e-07 -3.0867e-07 -1.2369e-07 -4.0442e-08 -1.0355e-08 -1.9754e-09 -2.6431e-10 -2.3045e-11 -1.1971e-12 -3.3206e-14 -4.3001e-16 -2.2043e-18 -3.6490e-21 -1.5167e-24 -1.1580e-28 -1.1005e-33 -7.9979e-40 -2.4118e-47 -1.3951e-56 -5.8235e-68 -5.0498e-82 -1.8472e-99 -3.6601e-121 -2.7534e-148 -2.4617e-182 -2.7795e-225 -9.7779e-280 -0.0000e+00 -0.0000e+00 -0.0000e+00 -0.0000e+00 -0.0000e+00 -0.0000e+00 -0.0000e+00 -0.0000e+00 -0.0000e+00 -0.0000e+00 -0.0000e+00 -0.0000e+00 -0.0000e+00 -0.0000e+00 -0.0000e+00 -0.0000e+00 -0.0000e+00 -0.0000e+00 -0.0000e+00 -0.0000e+00 -0.0000e+00 -0.0000e+00 -0.0000e+00 -0.0000e+00 -0.0000e+00 -0.0000e+00 -0.0000e+00 -0.0000e+00 -0.0000e+00 -0.0000e+00 -0.0000e+00 -1.4764e-09 -8.3601e-09 -2.3075e-08 -4.7475e-08 -8.3177e-08 -1.3167e-07 -1.9440e-07 -2.7275e-07 -3.6814e-07 -4.8200e-07 0.0000e+00 -7.7095e-07 -9.4904e-07 -1.1516e-06 -1.3801e-06 -1.6360e-06 -1.9208e-06 -2.2356e-06 -2.5812e-06 -2.9581e-06 -3.3658e-06 -3.8033e-06 -4.2677e-06 -4.7548e-06 -5.2580e-06 -5.7678e-06 -6.2714e-06 -6.7519e-06 -7.1884e-06 -7.5553e-06 -7.8233e-06 -7.9607e-06 -7.9361e-06 -7.7223e-06 -7.3018e-06 -6.6727e-06 -5.8555e-06 -4.8960e-06 -3.8642e-06 -2.8470e-06 -1.9317e-06 -1.1878e-06 -6.4916e-07 -3.0803e-07 -1.2338e-07 -4.0319e-08 -1.0317e-08 -1.9667e-09 -2.6290e-10 -2.2897e-11 -1.1879e-12 -3.2897e-14 -4.2521e-16 -2.1746e-18 -3.5901e-21 -1.4872e-24 -1.1309e-28 -1.0695e-33 -7.7266e-40 -2.3133e-47 -1.3265e-56 -5.4787e-68 -4.6899e-82 -1.6888e-99 -3.2833e-121 -2.4135e-148 -2.0983e-182 -2.2903e-225 -7.7357e-280 -0.0000e+00 -0.0000e+00 -0.0000e+00 -0.0000e+00 -0.0000e+00 -0.0000e+00 -0.0000e+00 -0.0000e+00 -0.0000e+00 -0.0000e+00 -0.0000e+00 -0.0000e+00 -0.0000e+00 -0.0000e+00 -0.0000e+00 -0.0000e+00 -0.0000e+00 -0.0000e+00 -0.0000e+00 -0.0000e+00 -0.0000e+00 -0.0000e+00 -0.0000e+00 -0.0000e+00 -0.0000e+00 -0.0000e+00 -0.0000e+00 -0.0000e+00 -0.0000e+00 -0.0000e+00 -0.0000e+00
-1.8485e-09 -1.0467e-08 -2.8890e-08 -5.9439e-08 -1.0414e-07 -1.6486e-07 -2.4338e-07 -3.4148e-07 -4.6092e-07 -6.0346e-07 -7.7095e-07 1.5410e-05 -1.1882e-06 -1.4418e-06 -1.7279e-06 -2.0483e-06 -2.4049e-06 -2.7990e-06 -3.2317e-06 -3.7035e-06 -4.2141e-06 -4.7618e-06 -5.3434e-06 -5.9533e-06 -6.5834e-06 -7.2219e-06 -7.8526e-06 -8.4547e-06 -9.0015e-06 -9.4614e-06 -9.7976e-06 -9.9705e-06 -9.9407e-06 -9.6740e-06 -9.1483e-06 -8.3616e-06 -7.3391e-06 -6.1379e-06 -4.8459e-06 -3.5715e-06 -2.4244e-06 -1.4915e-06 -8.1563e-07 -3.8731e-07 -1.5527e-07 -5.0797e-08 -1.3015e-08 -2.4848e-09 -3.3278e-10 -2.9049e-11 -1.5111e-12 -4.1983e-14 -5.4476e-16 -2.7991e-18 -4.6472e-21 -1.9383e-24 -1.4861e-28 -1.4193e-33 -1.0378e-39 -3.1522e-47 -1.8395e-56 -7.7595e-68 -6.8141e-82 -2.5305e-99 -5.1055e-121 -3.9242e-148 -3.5989e-182 -4.1871e-225 -1.5256e-279 -0.0000e+00 -0.0000e+00 -0.0000e+00 -0.0000e+00 -0.0000e+00 -0.0000e+00 -0.0000e+00 -0.0000e+00 -0.0000e+00 -0.0000e+00 -0.0000e+00 -0.0000e+00 -0.0000e+00 -0.0000e+00 -0.0000e+00 -0.0000e+00 -0.0000e+00 -0.0000e+00 -0.0000e+00 -0.0000e+00 -0.0000e+00 -0.0000e+00 -0.0000e+00 -0.0000e+00 -0.0000e+00 -0.0000e+00 -0.0000e+00 -0.0000e+00 -0.0000e+00 -0.0000e+00 -0.0000e+00 -1.8485e-09 -1.0467e-08 -2.8890e-08 -5.9439e-08 -1.0414e-07 -1.6486e-07 -2.4338e-07 -3.4148e-07 -4.6092e-07 -6.0346e-07 -7.7095e-07 0.0000e+00 -1.1882e-06 -1.4418e-06 -1.7279e-06 -2.0483e-06 -2.4049e-06 -2.7989e-06 -3.2317e-06 -3.7035e-06 -4.2140e-06 -4.7617e-06 -5.3432e-06 -5.9531e-06 -6.5831e-06 -7.2214e-06 -7.8519e-06 -8.4536e-06 -9.0001e-06 -9.4596e-06 -9.7952e-06 -9.9674e-06 -9.9368e-06 -9.6693e-06 -9.1429e-06 -8.3555e-06 -7.3325e-06 -6.1311e-06 -4.8394e-06 -3.5656e-06 -2.4195e-06 -1.4879e-06 -8.1324e-07 -3.8594e-07 -1.5461e-07 -5.0534e-08 -1.2934e-08 -2.4662e-09 -3.2977e-10 -2.8733e-11 -1.4913e-12 -4.1324e-14 -5.3448e-16 -2.7357e-18 -4.5208e-21 -1.8750e-24 -1.4279e-28 -1.3527e-33 -9.7939e-40 -2.9399e-47 -1.6912e-56 -7.0125e-68 -6.0320e-82 -2.1850e-99 -4.2792e-121 -3.1742e-148 -2.7907e-182 -3.0888e-225 -1.0615e-279 -0.0000e+00 -0.0000e+00 -0.0000e+00 -0.0000e+00 -0.0000e+00 -0.0000e+00 -0.0000e+00 -0.0000e+00 -0.0000e+00 -0.0000e+00 -0.0000e+00 -0.0000e+00 -0.0000e+00 -0.0000e+00 -0.0000e+00 -0.0000e+00 -0.0000e+00 -0.0000e+00 -0.0000e+00 -0.0000e+00 -0.0000e+00 -0.0000e+00 -0.0000e+00 -0.0000e+00 -0.0000e+00 -0.0000e+00 -0.0000e+00 -0.0000e+00 -0.0000e+00 -0.0000e+00 -0.0000e+00
-2.2755e-09 -1.2885e-08 -3.5563e-08 -7.3169e-08 -1.2819e-07 -2.0294e-07 -2.9961e-07 -4.2037e-07 -5.6739e-07 -7.4286e-07 -9.4904e-07 -1.1882e-06 2.5219e-05 -1.7748e-06 -2.1270e-06 -2.5215e-06 -2.9604e-06 -3.4455e-06 -3.9783e-06 -4.5591e-06 -5.1877e-06 -5.8619e-06 -6.5779e-06 -7.3289e-06 -8.1047e-06 -8.8908e-06 -9.6675e-06 -1.0409e-05 -1.1083e-05 -1.1649e-05 -1.2064e-05 -1.2277e-05 -1.2241e-05 -1.1914e-05 -1.1268e-05 -1.0300e-05 -9.0422e-06 -7.5637e-06 -5.9730e-06 -4.4034e-06 -2.9901e-06 -1.8403e-06 -1.0069e-06 -4.7840e-07 -1.9192e-07 -6.2840e-08 -1.6117e-08 -3.0808e-09 -4.1321e-10 -3.6132e-11 -1.8835e-12 -5.2461e-14 -6.8277e-16 -3.5210e-18 -5.8709e-21 -2.4614e-24 -1.8989e-28 -1.8270e-33 -1.3478e-39 -4.1373e-47 -2.4448e-56 -1.0468e-67 -9.3560e-82 -3.5473e-99 -7.3333e-121 -5.7985e-148 -5.4953e-182 -6.6393e-225 -2.5257e-279 -0.0000e+00 -0.0000e+00 -0.0000e+00 -0.0000e+00 -0.0000e+00 -0.0000e+00 -0.0000e+00 -0.0000e+00 -0.0000e+00 -0.0000e+00 -0.0000e+00 -0.0000e+00 -0.0000e+00 -0.0000e+00 -0.0000e+00 -0.0000e+00 -0.0000e+00 -0.0000e+00 -0.0000e+00 -0.0000e+00 -0.0000e+00 -0.0000e+00 -0.0000e+00 -0.0000e+00 -0.0000e+00 -0.0000e+00 -0.0000e+00 -0.0000e+00 -0.0000e+00 -0.0000e+00 -0.0000e+00 -2.2755e-09 -1.2885e-08 -3.5563e-08 -7.3169e-08 -1.2819e-07 -2.0294e-07 -2.9961e-07 -4.2037e-07 -5.6739e-07 -7.4286e-07 -9.4904e-07 -1.1882e-06 0.0000e+00 -1.7748e-06 -2.1270e-06 -2.5215e-06 -2.9604e-06 -3.4455e-06 -3.9782e-06 -4.5590e-06 -5.1875e-06 -5.8617e-06 -6.5775e-06 -7.3283e-06 -8.1039e-06 -8.8897e-06 -9.6660e-06 -1.0407e-05 -1.1080e-05 -1.1645e-05 -1.2059e-05 -1.2271e-05 -1.2234e-05 -1.1905e-05 -1.1257e-05 -1.0288e-05 -9.0289e-06 -7.5501e-06 -5.9598e-06 -4.3915e-06 -2.9803e-06 -1.8330e-06 -1.0020e-06 -4.7563e-07 -1.9058e-07 -6.2310e-08 -1.5953e-08 -3.0432e-09 -4.0713e-10 -3.5494e-11 -1.8436e-12 -5.1128e-14 -6.6198e-16 -3.3926e-18 -5.6148e-21 -2.3330e-24 -1.7807e-28 -1.6914e-33 -1.2286e-39 -3.7028e-47 -2.1405e-56 -8.9284e-68 -7.7361e-82 -2.8274e-99 -5.5982e-121 -4.2088e-148 -3.7621e-182 -4.2497e-225 -1.4975e-279 -0.0000e+00 -0.0000e+00 -0.0000e+00 -0.0000e+00 -0.0000e+00 -0.0000e+00 -0.0000e+00 -0.0000e+00 -0.0000e+00 -0.0000e+00 -0.0000e+00 -0.0000e+00 -0.0000e+00 -0.0000e+00 -0.0000e+00 -0.0000e+00 -0.0000e+00 -0.0000e+00 -0.0000e+00 -0.0000e+00 -0.0000e+00 -0.0000e+00 -0.0000e+00 -0.0000e+00 -0.0000e+00 -0.0000e+00 -0.0000e+00 -0.0000e+00 -0.0000e+00 -0.0000e+00 -0.0000e+00
-2.7611e-09 -1.5634e-08 -4.3153e-08 -8.8785e-08 -1.5555e-07 -2.4625e-07 -3.6355e-07 -5.1008e-07 -6.8848e-07 -9.0140e-07 -1.1516e-06 -1.4418e-06 -1.7748e-06 3.9869e-05 -2.5809e-06 -3.0596e-06 -3.5922e-06 -4.1809e-06 -4.8273e-06 -5.5322e-06 -6.2949e-06 -7.1132e-06 -7.9821e-06 -8.8935e-06 -9.8351e-06 -1.0789e-05 -1.1732e-05 -1.2633e-05 -1.3451e-05 -1.4139e-05 -1.4643e-05 -1.4904e-05 -1.4862e-05 -1.4467e-05 -1.3684e-05 -1.2512e-05 -1.0986e-05 -9.1923e-06 -7.2616e-06 -5.3556e-06 -3.6385e-06 -2.2407e-06 -1.2268e-06 -5.8343e-07 -2.3431e-07 -7.6814e-08 -1.9731e-08 -3.7783e-09 -5.0785e-10 -4.4522e-11 -2.3280e-12 -6.5081e-14 -8.5073e-16 -4.4101e-18 -7.3993e-21 -3.1252e-24 -2.4323e-28 -2.3648e-33 -1.7661e-39 -5.5006e-47 -3.3062e-56 -1.4440e-67 -1.3208e-81 -5.1428e-99 -1.0962e-120 -8.9749e-148 -8.8483e-182 -1.1177e-224 -4.4704e-279 -0.0000e+00 -0.0000e+00 -0.0000e+00 -0.0000e+00 -0.0000e+00 -0.0000e+00 -0.0000e+00 -0.0000e+00 -0.0000e+00 -0.0000e+00 -0.0000e+00 -0.0000e+00 -0.0000e+00 -0.0000e+00 -0.0000e+00 -0.0000e+00 -0.0000e+00 -0.0000e+00 -0.0000e+00 -0.0000e+00 -0.0000e+00 -0.0000e+00 -0.0000e+00 -0.0000e+00 -0.0000e+00 -0.0000e+00 -0.0000e+00 -0.0000e+00 -0.0000e+00 -0.0000e+00 -0.0000e+00 -2.7611e-09 -1.5634e-08 -4.3153e-08 -8.8785e-08 -1.5555e-07 -2.4625e-07 -3.6355e-07 -5.1008e-07 -6.8848e-07 -9.0140e-07 -1.1516e-06 -1.4418e-06 -1.7748e-06 0.0000e+00 -2.5809e-06 -3.0596e-06 -3.5922e-06 -4.1808e-06 -4.8272e-06 -5.5320e-06 -6.2946e-06 -7.1127e-06 -7.9814e-06 -8.8925e-06 -9.8336e-06 -1.0787e-05 -1.1729e-05 -1.2628e-05 -1.3445e-05 -1.4132e-05 -1.4634e-05 -1.4892e-05 -1.4847e-05 -1.4449e-05 -1.3663e-05 -1.2488e-05 -1.0960e-05 -9.1661e-06 -7.2363e-06 -5.3329e-06 -3.6198e-06 -2.2268e-06 -1.2176e-06 -5.7811e-07 -2.3173e-07 -7.5795e-08 -1.9416e-08 -3.7059e-09 -4.9616e-10 -4.3294e-11 -2.2511e-12 -6.2511e-14 -8.1061e-16 -4.1620e-18 -6.9037e-21 -2.8764e-24 -2.2026e-28 -2.1005e-33 -1.5332e-39 -4.6479e-47 -2.7061e-56 -1.1386e-67 -9.9698e-82 -3.6910e-99 -7.4236e-121 -5.6888e-148 -5.2048e-182 -6.0481e-225 -2.2058e-279 -0.0000e+00 -0.0000e+00 -0.0000e+00 -0.0000e+00 -0.0000e+00 -0.0000e+00 -0.0000e+00 -0.0000e+00 -0.0000e+00 -0.0000e+00 -0.0000e+00 -0.0000e+00 -0.0000e+00 -0.0000e+00 -0.0000e+00 -0.0000e+00 -0.0000e+00 -0.0000e+00 -0.0000e+00 -0.0000e+00 -0.0000e+00 -0.0000e+00 -0.0000e+00 -0.0000e+00 -0.0000e+00 -0.0000e+00 -0.0000e+00 -0.0000e+00 -0.0000e+00 -0.0000e+00 -0.0000e+00
-3.3090e-09 -1.8737e-08 -5.1716e-08 -1.0640e-07 -1.8642e-07 -2.9511e-07 -4.3568e-07 -6.1129e-07 -8.2509e-07 -1.0803e-06 -1.3801e-06 -1.7279e-06 -2.1270e-06 -2.5809e-06 6.1186e-05 -3.6668e-06 -4.3051e-06 -5.0106e-06 -5.7853e-06 -6.6301e-06 -7.5443e-06 -8.5251e-06 -9.5666e-06 -1.0659e-05 -1.1788e-05 -1.2932e-05 -1.4063e-05 -1.5143e-05 -1.6125e-05 -1.6952e-05 -1.7558e-05 -1.7873e-05 -1.7826e-05 -1.7355e-05 -1.6420e-05 -1.5017e-05 -1.3190e-05 -1.1042e-05 -8.7268e-06 -6.4401e-06 -4.3786e-06 -2.6988e-06 -1.4792e-06 -7.0434e-07 -2.8329e-07 -9.3040e-08 -2.3950e-08 -4.5982e-09 -6.1995e-10 -5.4549e-11 -2.8647e-12 -8.0503e-14 -1.0588e-15 -5.5289e-18 -9.3568e-21 -3.9923e-24 -3.1445e-28 -3.1002e-33 -2.3532e-39 -7.4690e-47 -4.5881e-56 -2.0545e-67 -1.9334e-81 -7.7746e-99 -1.7183e-120 -1.4652e-147 -1.5115e-181 -2.0085e-224 -8.4999e-279 -0.0000e+00 -0.0000e+00 -0.0000e+00 -0.0000e+00 -0.0000e+00 -0.0000e+00 -0.0000e+00 -0.0000e+00 -0.0000e+00 -0.0000e+00 -0.0000e+00 -0.0000e+00 -0.0000e+00 -0.0000e+00 -0.0000e+00 -0.0000e+00 -0.0000e+00 -0.0000e+00 -0.0000e+00 -0.0000e+00 -0.0000e+00 -0.0000e+00 -0.0000e+00 -0.0000e+00 -0.0000e+00 -0.0000e+00 -0.0000e+00 -0.0000e+00 -0.0000e+00 -0.0000e+00 -0.0000e+00 -3.3090e-09 -1.8737e-08 -5.1716e-08 -1.0640e-07 -1.8642e-07 -2.9511e-07 -4.3568e-07 -6.1129e-07 -8.2509e-07 -1.0803e-06 -1.3801e-06 -1.7279e-06 -2.1270e-06 -2.5809e-06 0.0000e+00 -3.6667e-06 -4.3050e-06 -5.0105e-06 -5.7851e-06 -6.6298e-06 -7.5438e-06 -8.5243e-06 -9.5654e-06 -1.0657e-05 -1.1785e-05 -1.2928e-05 -1.4058e-05 -1.5136e-05 -1.6115e-05 -1.6939e-05 -1.7541e-05 -1.7851e-05 -1.7798e-05 -1.7322e-05 -1.6381e-05 -1.4974e-05 -1.3144e-05 -1.0993e-05 -8.6804e-06 -6.3984e-06 -4.3441e-06 -2.6731e-06 -1.4622e-06 -6.9453e-07 -2.7854e-07 -9.1162e-08 -2.3369e-08 -4.4645e-09 -5.9837e-10 -5.2279e-11 -2.7225e-12 -7.5741e-14 -9.8437e-16 -5.0678e-18 -8.4334e-21 -3.5275e-24 -2.7140e-28 -2.6030e-33 -1.9131e-39 -5.8480e-47 -3.4392e-56 -1.4648e-67 -1.3017e-81 -4.9057e-99 -1.0081e-120 -7.9288e-148 -7.4845e-182 -9.0299e-225 -3.4446e-279 -0.0000e+00 -0.0000e+00 -0.0000e+00 -0.0000e+00 -0.0000e+00 -0.0000e+00 -0.0000e+00 -0.0000e+00 -0.0000e+00 -0.0000e+00 -0.0000e+00 -0.0000e+00 -0.0000e+00 -0.0000e+00 -0.0000e+00 -0.0000e+00 -0.0000e+00 -0.0000e+00 -0.0000e+00 -0.0000e+00 -0.0000e+00 -0.0000e+00 -0.0000e+00 -0.0000e+00 -0.0000e+00 -0.0000e+00 -0.0000e+00 -0.0000e+00 -0.0000e+00 -0.0000e+00 -0.0000e+00
-3.9227e-09 -2.2212e-08 -6.1307e-08 -1.2614e-07 -2.2099e-07 -3.4984e-07 -5.1649e-07 -7.2467e-07 -9.7812e-07 -1.2806e-06 -1.6360e-06 -2.0483e-06 -2.5215e-06 -3.0596e-06 -3.6668e-06 9.1519e-05 -5.1036e-06 -5.9400e-06 -6.8585e-06 -7.8601e-06 -8.9440e-06 -1.0107e-05 -1.1342e-05 -1.2638e-05 -1.3977e-05 -1.5334e-05 -1.6676e-05 -1.7958e-05 -1.9124e-05 -2.0108e-05 -2.0830e-05 -2.1207e-05 -2.1156e-05 -2.0602e-05 -1.9499e-05 -1.7841e-05 -1.5678e-05 -1.3132e-05 -1.0386e-05 -7.6714e-06 -5.2211e-06 -3.2222e-06 -1.7687e-06 -8.4366e-07 -3.4005e-07 -1.1196e-07 -2.8909e-08 -5.5702e-09 -7.5421e-10 -6.6699e-11 -3.5238e-12 -9.9727e-14 -1.3226e-15 -6.9744e-18 -1.1939e-20 -5.1623e-24 -4.1294e-28 -4.1444e-33 -3.2109e-39 -1.0432e-46 -6.5796e-56 -3.0353e-67 -2.9531e-81 -1.2325e-98 -2.8387e-120 -2.5339e-147 -2.7505e-181 -3.8678e-224 -1.7441e-278 -0.0000e+00 -0.0000e+00 -0.0000e+00 -0.0000e+00 -0.0000e+00 -0.0000e+00 -0.0000e+00 -0.0000e+00 -0.0000e+00 -0.0000e+00 -0.0000e+00 -0.0000e+00 -0.0000e+00 -0.0000e+00 -0.0000e+00 -0.0000e+00 -0.0000e+00 -0.0000e+00 -0.0000e+00 -0.0000e+00 -0.0000e+00 -0.0000e+00 -0.0000e+00 -0.0000e+00 -0.0000e+00 -0.0000e+00 -0.0000e+00 -0.0000e+00 -0.0000e+00 -0.0000e+00 -0.0000e+00 -3.9227e-09 -2.2212e-08 -6.1307e-08 -1.2614e-07 -2.2099e-07 -3.4984e-07 -5.1649e-07 -7.2467e-07 -9.7812e-07 -1.2806e-06 -1.6360e-06 -2.0483e-06 -2.5215e-06 -3.0596e-06 -3.6667e-06 0.0000e+00 -5.1034e-06 -5.9398e-06 -6.8581e-06 -7.8595e-06 -8.9431e-06 -1.0105e-05 -1.1340e-05 -1.2634e-05 -1.3972e-05 -1.5327e-05 -1.6667e-05 -1.7945e-05 -1.9107e-05 -2.0084e-05 -2.0799e-05 -2.1168e-05 -2.1107e-05 -2.0544e-05 -1.9431e-05 -1.7763e-05 -1.5595e-05 -1.3046e-05 -1.0304e-05 -7.5974e-06 -5.1599e-06 -3.1764e-06 -1.7384e-06 -8.2623e-07 -3.3159e-07 -1.0862e-07 -2.7875e-08 -5.3319e-09 -7.1571e-10 -6.2645e-11 -3.2694e-12 -9.1195e-14 -1.1890e-15 -6.1442e-18 -1.0271e-20 -4.3198e-24 -3.3455e-28 -3.2342e-33 -2.3998e-39 -7.4202e-47 -4.4244e-56 -1.9158e-67 -1.7366e-81 -6.7024e-99 -1.4170e-120 -1.1529e-147 -1.1329e-181 -1.4335e-224 -5.7844e-279 -0.0000e+00 -0.0000e+00 -0.0000e+00 -0.0000e+00 -0.0000e+00 -0.0000e+00 -0.0000e+00 -0.0000e+00 -0.0000e+00 -0.0000e+00 -0.0000e+00 -0.0000e+00 -0.0000e+00 -0.0000e+00 -0.0000e+00 -0.0000e+00 -0.0000e+00 -0.0000e+00 -0.0000e+00 -0.0000e+00 -0.0000e+00 -0.0000e+00 -0.0000e+00 -0.0000e+00 -0.0000e+00 -0.0000e+00 -0.0000e+00 -0.0000e+00 -0.0000e+00 -0.0000e+00 -0.0000e+00
