3.0423e-08 -4.1419e-08 -7.6180e-08 -1.1747e-07 -1.6448e-07 -2.1669e-07 -2.7370e-07 -3.3519e-07 -4.0087e-07 -4.7045e-07 -5.4360e-07 -6.1993e-07 -6.9899e-07 -7.8021e-07 -8.6291e-07 -9.4627e-07 -1.0293e-06 -1.1108e-06 -1.1895e-06 -1.2637e-06 -1.3318e-06 -1.3918e-06 -1.4418e-06 -1.4796e-06 -1.5030e-06 -1.5103e-06 -1.4997e-06 -1.4698e-06 -1.4201e-06 -1.3505e-06 -1.2621e-06 -1.1569e-06 -1.0378e-06 -9.0901e-07 -7.7518e-07 -6.4163e-07 -5.1368e-07 -3.9618e-07 -2.9305e-07 -2.0683e-07 -1.3849e-07 -8.7394e-08 -5.1593e-08 -2.8253e-08 -1.4213e-08 -6.4961e-09 -2.6637e-09 -9.6578e-10 -3.0451e-10 -8.1910e-11 -1.8385e-11 -3.3563e-12 -4.8377e-13 -5.3189e-14 -4.2848e-15 -2.4129e-16 -8.9884e-18 -2.0758e-19 -2.7528e-21 -1.9144e-23 -6.2681e-26 -8.4942e-29 -4.0830e-32 -5.7815e-36 -1.9263e-40 -1.1496e-45 -8.8048e-52 -5.7480e-59 -1.9295e-67 -1.7774e-77 -2.0484e-89 -1.0986e-103 -7.8183e-121 -1.4835e-141 -9.4722e-167 -1.3758e-197 -1.3162e-235 -7.4923e-283 0.0000e+00 0.0000e+00 0.0000e+00 0.0000e+00 0.0000e+00 0.0000e+00 0.0000e+00 0.0000e+00 0.0000e+00 0.0000e+00 0.0000e+00 0.0000e+00 0.0000e+00 0.0000e+00 0.0000e+00 0.0000e+00 0.0000e+00 0.0000e+00 0.0000e+00 0.0000e+00 0.0000e+00 0.0000e+00 0.0000e+00 4.1419e-08 7.6180e-08 1.1747e-07 1.6448e-07 2.1669e-07 2.7370e-07 3.3519e-07 4.0087e-07 4.7045e-07 5.4360e-07 6.1993e-07 6.9899e-07 7.8021e-07 8.6291e-07 9.4627e-07 1.0293e-06 1.1108e-06 1.1895e-06 1.2637e-06 1.3318e-06 1.3918e-06 1.4418e-06 1.4796e-06 1.5030e-06 1.5103e-06 1.4997e-06 1.4698e-06 1.4201e-06 1.3505e-06 1.2621e-06 1.1569e-06 1.0378e-06 9.0901e-07 7.7518e-07 6.4163e-07 5.1368e-07 3.9618e-07 2.9304e-07 2.0683e-07 1.3849e-07 8.7394e-08 5.1593e-08 2.8253e-08 1.4213e-08 6.4960e-09 2.6637e-09 9.6577e-10 3.0451e-10 8.1909e-11 1.8385e-11 3.3562e-12 4.8376e-13 5.3188e-14 4.2847e-15 2.4128e-16 8.9880e-18 2.0757e-19 2.7527e-21 1.9143e-23 6.2676e-26 8.4935e-29 4.0827e-32 5.7809e-36 1.9261e-40 1.1494e-45 8.8034e-52 5.7470e-59 1.9291e-67 1.7769e-77 2.0479e-89 1.0983e-103 7.8152e-121 1.4828e-141 9.4671e-167 1.3749e-197 1.3152e-235 7.4853e-283 0.0000e+00 0.0000e+00 0.0000e+00 0.0000e+00 0.0000e+00 0.0000e+00 0.0000e+00 0.0000e+00 0.0000e+00 0.0000e+00 0.0000e+00 0.0000e+00 0.0000e+00 0.0000e+00 0.0000e+00 0.0000e+00 0.0000e+00 0.0000e+00 0.0000e+00 0.0000e+00 0.0000e+00 0.0000e+00
-4.1419e-08 4.8729e-07 -2.1562e-07 -3.3249e-07 -4.6556e-07 -6.1333e-07 -7.7469e-07 -9.4874e-07 -1.1346e-06 -1.3316e-06 -1.5386e-06 -1.7547e-06 -1.9784e-06 -2.2083e-06 -2.4424e-06 -2.6784e-06 -2.9134e-06 -3.1441e-06 -3.3668e-06 -3.5769e-06 -3.7696e-06 -3.9396e-06 -4.0809e-06 -4.1878e-06 -4.2543e-06 -4.2749e-06 -4.2448e-06 -4.1603e-06 -4.0195e-06 -3.8226e-06 -3.5725e-06 -3.2746e-06 -2.9377e-06 -2.5730e-06 -2.1942e-06 -1.8162e-06 -1.4540e-06 -1.1214e-06 -8.2950e-07 -5.8546e-07 -3.9201e-07 -2.4739e-07 -1.4605e-07 -7.9978e-08 -4.0234e-08 -1.8390e-08 -7.5408e-09 -2.7342e-09 -8.6211e-10 -2.3190e-10 -5.2053e-11 -9.5030e-12 -1.3698e-12 -1.5061e-13 -1.2134e-14 -6.8333e-16 -2.5457e-17 -5.8796e-19 -7.7979e-21 -5.4237e-23 -1.7760e-25 -2.4071e-28 -1.1572e-31 -1.6390e-35 -5.4621e-40 -3.2605e-45 -2.4980e-51 -1.6314e-58 -5.4786e-67 -5.0491e-77 -5.8228e-89 -3.1252e-103 -2.2259e-120 -4.2279e-141 -2.7030e-166 -3.9322e-197 -3.7690e-235 -2.1505e-282 0.0000e+00 0.0000e+00 0.0000e+00 0.0000e+00 0.0000e+00 0.0000e+00 0.0000e+00 0.0000e+00 0.0000e+00 0.0000e+00 0.0000e+00 0.0000e+00 0.0000e+00 0.0000e+00 0.0000e+00 0.0000e+00 0.0000e+00 0.0000e+00 0.0000e+00 0.0000e+00 0.0000e+00 0.0000e+00 4.1419e-08 0.0000e+00 2.1562e-07 3.3249e-07 4.6556e-07 6.1333e-07 7.7469e-07 9.4873e-07 1.1346e-06 1.3316e-06 1.5386e-06 1.7547e-06 1.9784e-06 2.2083e-06 2.4424e-06 2.6784e-06 2.9134e-06 3.1441e-06 3.3667e-06 3.5769e-06 3.7696e-06 3.9396e-06 4.0809e-06 4.1878e-06 4.2543e-06 4.2749e-06 4.2447e-06 4.1602e-06 4.0194e-06 3.8226e-06 3.5724e-06 3.2745e-06 2.9376e-06 2.5729e-06 2.1941e-06 1.8161e-06 1.4539e-06 1.1214e-06 8.2945e-07 5.8542e-07 3.9198e-07 2.4736e-07 1.4603e-07 7.9967e-08 4.0228e-08 1.8387e-08 7.5393e-09 2.7336e-09 8.6190e-10 2.3184e-10 5.2037e-11 9.4996e-12 1.3693e-12 1.5054e-13 1.2128e-14 6.8293e-16 2.5440e-17 5.8751e-19 7.7912e-21 5.4184e-23 1.7740e-25 2.4041e-28 1.1556e-31 1.6362e-35 5.4518e-40 3.2534e-45 2.4918e-51 1.6267e-58 5.4602e-67 5.0295e-77 5.7964e-89 3.1086e-103 2.2121e-120 4.1969e-141 2.6796e-166 3.8917e-197 3.7226e-235 2.1187e-282 0.0000e+00 0.0000e+00 0.0000e+00 0.0000e+00 0.0000e+00 0.0000e+00 0.0000e+00 0.0000e+00 0.0000e+00 0.0000e+00 0.0000e+00 0.0000e+00 0.0000e+00 0.0000e+00 0.0000e+00 0.0000e+00 0.0000e+00 0.0000e+00 0.0000e+00 0.0000e+00 0.0000e+00 0.0000e+00
-7.6180e-08 -2.1562e-07 2.4709e-06 -6.1154e-07 -8.5629e-07 -1.1281e-06 -1.4248e-06 -1.7450e-06 -2.0869e-06 -2.4491e-06 -2.8299e-06 -3.2273e-06 -3.6389e-06 -4.0617e-06 -4.4923e-06 -4.9262e-06 -5.3585e-06 -5.7829e-06 -6.1924e-06 -6.5789e-06 -6.9334e-06 -7.2460e-06 -7.5061e-06 -7.7027e-06 -7.8251e-06 -7.8630e-06 -7.8076e-06 -7.6522e-06 -7.3934e-06 -7.0313e-06 -6.5712e-06 -6.0234e-06 -5.4037e-06 -4.7330e-06 -4.0363e-06 -3.3410e-06 -2.6749e-06 -2.0631e-06 -1.5261e-06 -1.0772e-06 -7.2127e-07 -4.5520e-07 -2.6875e-07 -1.4718e-07 -7.4045e-08 -3.3846e-08 -1.3880e-08 -5.0332e-09 -1.5872e-09 -4.2701e-10 -9.5860e-11 -1.7503e-11 -2.5235e-12 -2.7753e-13 -2.2364e-14 -1.2598e-15 -4.6948e-17 -1.0847e-18 -1.4392e-20 -1.0015e-22 -3.2812e-25 -4.4500e-28 -2.1410e-31 -3.0347e-35 -1.0124e-39 -6.0502e-45 -4.6415e-51 -3.0360e-58 -1.0214e-66 -9.4343e-77 -1.0908e-88 -5.8725e-103 -4.1982e-120 -8.0094e-141 -5.1482e-166 -7.5383e-197 -7.2834e-235 -4.1968e-282 0.0000e+00 0.0000e+00 0.0000e+00 0.0000e+00 0.0000e+00 0.0000e+00 0.0000e+00 0.0000e+00 0.0000e+00 0.0000e+00 0.0000e+00 0.0000e+00 0.0000e+00 0.0000e+00 0.0000e+00 0.0000e+00 0.0000e+00 0.0000e+00 0.0000e+00 0.0000e+00 0.0000e+00 0.0000e+00 7.6180e-08 2.1562e-07 0.0000e+00 6.1154e-07 8.5629e-07 1.1281e-06 1.4248e-06 1.7450e-06 2.0869e-06 2.4491e-06 2.8299e-06 3.2273e-06 3.6389e-06 4.0617e-06 4.4923e-06 4.9262e-06 5.3584e-06 5.7828e-06 6.1923e-06 6.5788e-06 6.9333e-06 7.2458e-06 7.5059e-06 7.7024e-06 7.8247e-06 7.8626e-06 7.8071e-06 7.6517e-06 7.3928e-06 7.0307e-06 6.5705e-06 6.0227e-06 5.4029e-06 4.7322e-06 4.0355e-06 3.3403e-06 2.6742e-06 2.0625e-06 1.5256e-06 1.0767e-06 7.2095e-07 4.5496e-07 2.6859e-07 1.4708e-07 7.3990e-08 3.3818e-08 1.3867e-08 5.0277e-09 1.5853e-09 4.2641e-10 9.5708e-11 1.7472e-11 2.5184e-12 2.7689e-13 2.2306e-14 1.2561e-15 4.6791e-17 1.0806e-18 1.4330e-20 9.9658e-23 3.2629e-25 4.4217e-28 2.1254e-31 3.0095e-35 1.0027e-39 5.9839e-45 4.5830e-51 2.9918e-58 1.0043e-66 9.2505e-77 1.0661e-88 5.7175e-103 4.0685e-120 7.7191e-141 4.9284e-166 7.1576e-197 6.8465e-235 3.8965e-282 0.0000e+00 0.0000e+00 0.0000e+00 0.0000e+00 0.0000e+00 0.0000e+00 0.0000e+00 0.0000e+00 0.0000e+00 0.0000e+00 0.0000e+00 0.0000e+00 0.0000e+00 0.0000e+00 0.0000e+00 0.0000e+00 0.0000e+00 0.0000e+00 0.0000e+00 0.0000e+00 0.0000e+00 0.0000e+00
-1.1747e-07 -3.3249e-07 -6.1154e-07 7.8269e-06 -1.3204e-06 -1.7395e-06 -2.1971e-06 -2.6908e-06 -3.2180e-06 -3.7766e-06 -4.3638e-06 -4.9766e-06 -5.6112e-06 -6.2633e-06 -6.9272e-06 -7.5964e-06 -8.2630e-06 -8.9175e-06 -9.5490e-06 -1.0145e-05 -1.0692e-05 -1.1174e-05 -1.1575e-05 -1.1879e-05 -1.2067e-05 -1.2126e-05 -1.2041e-05 -1.1802e-05 -1.1403e-05 -1.0845e-05 -1.0135e-05 -9.2908e-06 -8.3354e-06 -7.3011e-06 -6.2267e-06 -5.1545e-06 -4.1270e-06 -3.1834e-06 -2.3550e-06 -1.6624e-06 -1.1133e-06 -7.0269e-07 -4.1493e-07 -2.2727e-07 -1.1436e-07 -5.2287e-08 -2.1448e-08 -7.7796e-09 -2.4540e-09 -6.6044e-10 -1.4832e-10 -2.7095e-11 -3.9084e-12 -4.3008e-13 -3.4680e-14 -1.9550e-15 -7.2920e-17 -1.6864e-18 -2.2401e-20 -1.5608e-22 -5.1212e-25 -6.9572e-28 -3.3537e-31 -4.7645e-35 -1.5936e-39 -9.5523e-45 -7.3541e-51 -4.8301e-58 -1.6329e-66 -1.5168e-76 -1.7655e-88 -9.5805e-103 -6.9136e-120 -1.3339e-140 -8.6894e-166 -1.2930e-196 -1.2736e-234 -7.5124e-282 0.0000e+00 0.0000e+00 0.0000e+00 0.0000e+00 0.0000e+00 0.0000e+00 0.0000e+00 0.0000e+00 0.0000e+00 0.0000e+00 0.0000e+00 0.0000e+00 0.0000e+00 0.0000e+00 0.0000e+00 0.0000e+00 0.0000e+00 0.0000e+00 0.0000e+00 0.0000e+00 0.0000e+00 0.0000e+00 1.1747e-07 3.3249e-07 6.1154e-07 0.0000e+00 1.3204e-06 1.7395e-06 2.1971e-06 2.6908e-06 3.2180e-06 3.7766e-06 4.3638e-06 4.9765e-06 5.6112e-06 6.2632e-06 6.9271e-06 7.5963e-06 8.2628e-06 8.9172e-06 9.5486e-06 1.0145e-05 1.0691e-05 1.1173e-05 1.1574e-05 1.1877e-05 1.2066e-05 1.2124e-05 1.2039e-05 1.1799e-05 1.1400e-05 1.0841e-05 1.0132e-05 9.2870e-06 8.3314e-06 7.2971e-06 6.2228e-06 5.1507e-06 4.1236e-06 3.1804e-06 2.3524e-06 1.6603e-06 1.1117e-06 7.0156e-07 4.1417e-07 2.2680e-07 1.1409e-07 5.2147e-08 2.1383e-08 7.7528e-09 2.4445e-09 6.5753e-10 1.4758e-10 2.6942e-11 3.8834e-12 4.2697e-13 3.4395e-14 1.9369e-15 7.2152e-17 1.6663e-18 2.2097e-20 1.5367e-22 5.0314e-25 6.8182e-28 3.2774e-31 4.6406e-35 1.5462e-39 9.2271e-45 7.0669e-51 4.6133e-58 1.5486e-66 1.4264e-76 1.6438e-88 8.8158e-103 6.2731e-120 1.1901e-140 7.5982e-166 1.1034e-196 1.0553e-234 6.0052e-282 0.0000e+00 0.0000e+00 0.0000e+00 0.0000e+00 0.0000e+00 0.0000e+00 0.0000e+00 0.0000e+00 0.0000e+00 0.0000e+00 0.0000e+00 0.0000e+00 0.0000e+00 0.0000e+00 0.0000e+00 0.0000e+00 0.0000e+00 0.0000e+00 0.0000e+00 0.0000e+00 0.0000e+00 0.0000e+00
-1.6448e-07 -4.6556e-07 -8.5629e-07 -1.3204e-06 1.9164e-05 -2.4357e-06 -3.0765e-06 -3.7676e-06 -4.5060e-06 -5.2881e-06 -6.1103e-06 -6.9683e-06 -7.8570e-06 -8.7701e-06 -9.6998e-06 -1.0637e-05 -1.1570e-05 -1.2487e-05 -1.3371e-05 -1.4206e-05 -1.4972e-05 -1.5648e-05 -1.6210e-05 -1.6635e-05 -1.6900e-05 -1.6983e-05 -1.6864e-05 -1.6530e-05 -1.5972e-05 -1.5192e-05 -1.4199e-05 -1.3017e-05 -1.1679e-05 -1.0231e-05 -8.7267e-06 -7.2250e-06 -5.7857e-06 -4.4636e-06 -3.3027e-06 -2.3319e-06 -1.5620e-06 -9.8622e-07 -5.8253e-07 -3.1919e-07 -1.6068e-07 -7.3497e-08 -3.0164e-08 -1.0947e-08 -3.4556e-09 -9.3067e-10 -2.0919e-10 -3.8250e-11 -5.5234e-12 -6.0853e-13 -4.9137e-14 -2.7744e-15 -1.0367e-16 -2.4024e-18 -3.1985e-20 -2.2345e-22 -7.3541e-25 -1.0025e-27 -4.8522e-31 -6.9250e-35 -2.3285e-39 -1.4043e-44 -1.0889e-50 -7.2105e-58 -2.4610e-66 -2.3115e-76 -2.7256e-88 -1.5015e-102 -1.1028e-119 -2.1722e-140 -1.4497e-165 -2.2190e-196 -2.2595e-234 -1.3854e-281 0.0000e+00 0.0000e+00 0.0000e+00 0.0000e+00 0.0000e+00 0.0000e+00 0.0000e+00 0.0000e+00 0.0000e+00 0.0000e+00 0.0000e+00 0.0000e+00 0.0000e+00 0.0000e+00 0.0000e+00 0.0000e+00 0.0000e+00 0.0000e+00 0.0000e+00 0.0000e+00 0.0000e+00 0.0000e+00 1.6448e-07 4.6556e-07 8.5629e-07 1.3204e-06 0.0000e+00 2.4357e-06 3.0765e-06 3.7676e-06 4.5059e-06 5.2880e-06 6.1102e-06 6.9682e-06 7.8569e-06 8.7698e-06 9.6994e-06 1.0636e-05 1.1570e-05 1.2486e-05 1.3370e-05 1.4205e-05 1.4970e-05 1.5645e-05 1.6206e-05 1.6631e-05 1.6895e-05 1.6976e-05 1.6857e-05 1.6521e-05 1.5962e-05 1.5180e-05 1.4187e-05 1.3004e-05 1.1666e-05 1.0218e-05 8.7133e-06 7.2121e-06 5.7739e-06 4.4532e-06 3.2939e-06 2.3248e-06 1.5566e-06 9.8233e-07 5.7992e-07 3.1757e-07 1.5976e-07 7.3017e-08 2.9940e-08 1.0856e-08 3.4228e-09 9.2068e-10 2.0665e-10 3.7725e-11 5.4376e-12 5.9785e-13 4.8161e-14 2.7120e-15 1.0103e-16 2.3331e-18 3.0940e-20 2.1517e-22 7.0449e-25 9.5468e-28 4.5889e-31 6.4976e-35 2.1649e-39 1.2919e-44 9.8943e-51 6.4589e-58 2.1680e-66 1.9968e-76 2.3011e-88 1.2339e-102 8.7790e-120 1.6652e-140 1.0628e-165 1.5427e-196 1.4745e-234 8.3819e-282 0.0000e+00 0.0000e+00 0.0000e+00 0.0000e+00 0.0000e+00 0.0000e+00 0.0000e+00 0.0000e+00 0.0000e+00 0.0000e+00 0.0000e+00 0.0000e+00 0.0000e+00 0.0000e+00 0.0000e+00 0.0000e+00 0.0000e+00 0.0000e+00 0.0000e+00 0.0000e+00 0.0000e+00 0.0000e+00
-2.1669e-07 -6.1333e-07 -1.1281e-06 -1.7395e-06 -2.4357e-06 3.9881e-05 -4.0529e-06 -4.9635e-06 -5.9361e-06 -6.9665e-06 -8.0497e-06 -9.1801e-06 -1.0351e-05 -1.1554e-05 -1.2779e-05 -1.4014e-05 -1.5244e-05 -1.6452e-05 -1.7617e-05 -1.8718e-05 -1.9728e-05 -2.0618e-05 -2.1360e-05 -2.1921e-05 -2.2272e-05 -2.2383e-05 -2.2228e-05 -2.1789e-05 -2.1056e-05 -2.0029e-05 -1.8723e-05 -1.7167e-05 -1.5406e-05 -1.3498e-05 -1.1516e-05 -9.5364e-06 -7.6388e-06 -5.8951e-06 -4.3635e-06 -3.0821e-06 -2.0655e-06 -1.3048e-06 -7.7114e-07 -4.2281e-07 -2.1300e-07 -9.7510e-08 -4.0056e-08 -1.4553e-08 -4.5991e-09 -1.2403e-09 -2.7921e-10 -5.1141e-11 -7.3992e-12 -8.1698e-13 -6.6132e-14 -3.7445e-15 -1.4036e-16 -3.2644e-18 -4.3641e-20 -3.0631e-22 -1.0135e-24 -1.3900e-27 -6.7738e-31 -9.7440e-35 -3.3060e-39 -2.0145e-44 -1.5805e-50 -1.0608e-57 -3.6770e-66 -3.5151e-76 -4.2294e-88 -2.3845e-102 -1.7982e-119 -3.6500e-140 -2.5208e-165 -4.0118e-196 -4.2693e-234 -2.7515e-281 0.0000e+00 0.0000e+00 0.0000e+00 0.0000e+00 0.0000e+00 0.0000e+00 0.0000e+00 0.0000e+00 0.0000e+00 0.0000e+00 0.0000e+00 0.0000e+00 0.0000e+00 0.0000e+00 0.0000e+00 0.0000e+00 0.0000e+00 0.0000e+00 0.0000e+00 0.0000e+00 0.0000e+00 0.0000e+00 2.1669e-07 6.1333e-07 1.1281e-06 1.7395e-06 2.4357e-06 0.0000e+00 4.0529e-06 4.9634e-06 5.9361e-06 6.9664e-06 8.0495e-06 9.1799e-06 1.0351e-05 1.1553e-05 1.2778e-05 1.4012e-05 1.5242e-05 1.6449e-05 1.7614e-05 1.8713e-05 1.9721e-05 2.0610e-05 2.1350e-05 2.1909e-05 2.2257e-05 2.2365e-05 2.2207e-05 2.1765e-05 2.1028e-05 1.9998e-05 1.8689e-05 1.7131e-05 1.5368e-05 1.3461e-05 1.1479e-05 9.5012e-06 7.6065e-06 5.8666e-06 4.3394e-06 3.0627e-06 2.0507e-06 1.2941e-06 7.6399e-07 4.1836e-07 2.1046e-07 9.6192e-08 3.9443e-08 1.4301e-08 4.5091e-09 1.2129e-09 2.7224e-10 4.9698e-11 7.1634e-12 7.8759e-13 6.3446e-14 3.5728e-15 1.3309e-16 3.0735e-18 4.0759e-20 2.8345e-22 9.2803e-25 1.2576e-27 6.0447e-31 8.5586e-35 2.8515e-39 1.7015e-44 1.3030e-50 8.5050e-58 2.8543e-66 2.6284e-76 3.0280e-88 1.6230e-102 1.1540e-119 2.1870e-140 1.3941e-165 2.0197e-196 1.9250e-234 1.0895e-281 0.0000e+00 0.0000e+00 0.0000e+00 0.0000e+00 0.0000e+00 0.0000e+00 0.0000e+00 0.0000e+00 0.0000e+00 0.0000e+00 0.0000e+00 0.0000e+00 0.0000e+00 0.0000e+00 0.0000e+00 0.0000e+00 0.0000e+00 0.0000e+00 0.0000e+00 0.0000e+00 0.0000e+00 0.0000e+00
-2.7370e-07 -7.7469e-07 -1.4248e-06 -2.1971e-06 -3.0765e-06 -4.0529e-06 7.4196e-05 -6.2693e-06 -7.4979e-06 -8.7994e-06 -1.0168e-05 -1.1596e-05 -1.3075e-05 -1.4594e-05 -1.6142e-05 -1.7702e-05 -1.9256e-05 -2.0783e-05 -2.2256e-05 -2.3647e-05 -2.4924e-05 -2.6051e-05 -2.6990e-05 -2.7702e-05 -2.8148e-05 -2.8291e-05 -2.8099e-05 -2.7548e-05 -2.6626e-05 -2.5332e-05 -2.3685e-05 -2.1722e-05 -1.9499e-05 -1.7090e-05 -1.4586e-05 -1.2084e-05 -9.6836e-06 -7.4771e-06 -5.5377e-06 -3.9141e-06 -2.6251e-06 -1.6596e-06 -9.8181e-07 -5.3890e-07 -2.7181e-07 -1.2460e-07 -5.1263e-08 -1.8657e-08 -5.9074e-09 -1.5966e-09 -3.6030e-10 -6.6176e-11 -9.6043e-12 -1.0642e-12 -8.6484e-14 -4.9187e-15 -1.8530e-16 -4.3343e-18 -5.8317e-20 -4.1228e-22 -1.3753e-24 -1.9037e-27 -9.3746e-31 -1.3645e-34 -4.6914e-39 -2.9018e-44 -2.3152e-50 -1.5837e-57 -5.6076e-66 -5.4904e-76 -6.7849e-88 -3.9411e-102 -3.0726e-119 -6.4716e-140 -4.6568e-165 -7.7558e-196 -8.6800e-234 -5.9158e-281 0.0000e+00 0.0000e+00 0.0000e+00 0.0000e+00 0.0000e+00 0.0000e+00 0.0000e+00 0.0000e+00 0.0000e+00 0.0000e+00 0.0000e+00 0.0000e+00 0.0000e+00 0.0000e+00 0.0000e+00 0.0000e+00 0.0000e+00 0.0000e+00 0.0000e+00 0.0000e+00 0.0000e+00 0.0000e+00 2.7370e-07 7.7469e-07 1.4248e-06 2.1971e-06 3.0765e-06 4.0529e-06 0.0000e+00 6.2693e-06 7.4978e-06 8.7992e-06 1.0167e-05 1.1595e-05 1.3074e-05 1.4593e-05 1.6140e-05 1.7699e-05 1.9252e-05 2.0776e-05 2.2248e-05 2.3636e-05 2.4910e-05 2.6033e-05 2.6967e-05 2.7673e-05 2.8113e-05 2.8248e-05 2.8049e-05 2.7491e-05 2.6561e-05 2.5260e-05 2.3606e-05 2.1638e-05 1.9412e-05 1.7002e-05 1.4499e-05 1.2001e-05 9.6076e-06 7.4100e-06 5.4810e-06 3.8684e-06 2.5902e-06 1.6346e-06 9.6498e-07 5.2842e-07 2.6583e-07 1.2150e-07 4.9820e-08 1.8063e-08 5.6954e-09 1.5320e-09 3.4385e-10 6.2772e-11 9.0478e-12 9.9476e-13 8.0134e-14 4.5124e-15 1.6809e-16 3.8818e-18 5.1476e-20 3.5797e-22 1.1719e-24 1.5880e-27 7.6322e-31 1.0805e-34 3.5994e-39 2.1473e-44 1.6440e-50 1.0726e-57 3.5979e-66 3.3108e-76 3.8102e-88 2.0393e-102 1.4470e-119 2.7341e-140 1.7351e-165 2.4970e-196 2.3554e-234 1.3114e-281 0.0000e+00 0.0000e+00 0.0000e+00 0.0000e+00 0.0000e+00 0.0000e+00 0.0000e+00 0.0000e+00 0.0000e+00 0.0000e+00 0.0000e+00 0.0000e+00 0.0000e+00 0.0000e+00 0.0000e+00 0.0000e+00 0.0000e+00 0.0000e+00 0.0000e+00 0.0000e+00 0.0000e+00 0.0000e+00
-3.3519e-07 -9.4874e-07 -1.7450e-06 -2.6908e-06 -3.7676e-06 -4.9635e-06 -6.2693e-06 1.2719e-04 -9.1826e-06 -1.0777e-05 -1.2452e-05 -1.4201e-05 -1.6013e-05 -1.7875e-05 -1.9771e-05 -2.1682e-05 -2.3587e-05 -2.5457e-05 -2.7264e-05 -2.8970e-05 -3.0537e-05 -3.1921e-05 -3.3075e-05 -3.3951e-05 -3.4503e-05 -3.4684e-05 -3.4455e-05 -3.3788e-05 -3.2665e-05 -3.1087e-05 -2.9076e-05 -2.6676e-05 -2.3956e-05 -2.1007e-05 -1.7939e-05 -1.4871e-05 -1.1926e-05 -9.2158e-06 -6.8317e-06 -4.8336e-06 -3.2455e-06 -2.0545e-06 -1.2172e-06 -6.6918e-07 -3.3814e-07 -1.5533e-07 -6.4052e-08 -2.3371e-08 -7.4219e-09 -2.0125e-09 -4.5581e-10 -8.4063e-11 -1.2257e-11 -1.3651e-12 -1.1158e-13 -6.3873e-15 -2.4238e-16 -5.7156e-18 -7.7603e-20 -5.5423e-22 -1.8699e-24 -2.6213e-27 -1.3092e-30 -1.9356e-34 -6.7718e-39 -4.2702e-44 -3.4806e-50 -2.4376e-57 -8.8580e-66 -8.9236e-76 -1.1378e-87 -6.8393e-102 -5.5356e-119 -1.2147e-139 -9.1420e-165 -1.5995e-195 -1.8902e-233 -1.3683e-280 0.0000e+00 0.0000e+00 0.0000e+00 0.0000e+00 0.0000e+00 0.0000e+00 0.0000e+00 0.0000e+00 0.0000e+00 0.0000e+00 0.0000e+00 0.0000e+00 0.0000e+00 0.0000e+00 0.0000e+00 0.0000e+00 0.0000e+00 0.0000e+00 0.0000e+00 0.0000e+00 0.0000e+00 0.0000e+00 3.3519e-07 9.4873e-07 1.7450e-06 2.6908e-06 3.7676e-06 4.9634e-06 6.2693e-06 0.0000e+00 9.1823e-06 1.0776e-05 1.2452e-05 1.4200e-05 1.6011e-05 1.7871e-05 1.9766e-05 2.1675e-05 2.3577e-05 2.5444e-05 2.7246e-05 2.8947e-05 3.0506e-05 3.1881e-05 3.3025e-05 3.3890e-05 3.4429e-05 3.4595e-05 3.4351e-05 3.3667e-05 3.2528e-05 3.0935e-05 2.8910e-05 2.6499e-05 2.3773e-05 2.0822e-05 1.7756e-05 1.4697e-05 1.1766e-05 9.0748e-06 6.7124e-06 4.7375e-06 3.1721e-06 2.0018e-06 1.1818e-06 6.4714e-07 3.2555e-07 1.4879e-07 6.1012e-08 2.2121e-08 6.9748e-09 1.8761e-09 4.2108e-10 7.6870e-11 1.1080e-11 1.2181e-12 9.8125e-14 5.5253e-15 2.0581e-16 4.7526e-18 6.3019e-20 4.3819e-22 1.4344e-24 1.9433e-27 9.3375e-31 1.3215e-34 4.4003e-39 2.6237e-44 2.0070e-50 1.3081e-57 4.3812e-66 4.0230e-76 4.6161e-88 2.4602e-102 1.7348e-119 3.2476e-140 2.0320e-165 2.8600e-196 2.6014e-234 1.3596e-281 0.0000e+00 0.0000e+00 0.0000e+00 0.0000e+00 0.0000e+00 0.0000e+00 0.0000e+00 0.0000e+00 0.0000e+00 0.0000e+00 0.0000e+00 0.0000e+00 0.0000e+00 0.0000e+00 0.0000e+00 0.0000e+00 0.0000e+00 0.0000e+00 0.0000e+00 0.0000e+00 0.0000e+00 0.0000e+00
-4.0087e-07 -1.1346e-06 -2.0869e-06 -3.2180e-06 -4.5060e-06 -5.9361e-06 -7.4979e-06 -9.1826e-06 2.0486e-04 -1.2889e-05 -1.4893e-05 -1.6985e-05 -1.9153e-05 -2.1380e-05 -2.3648e-05 -2.5936e-05 -2.8216e-05 -3.0456e-05 -3.2619e-05 -3.4664e-05 -3.6543e-05 -3.8204e-05 -3.9592e-05 -4.0649e-05 -4.1318e-05 -4.1545e-05 -4.1283e-05 -4.0497e-05 -3.9166e-05 -3.7290e-05 -3.4895e-05 -3.2033e-05 -2.8785e-05 -2.5260e-05 -2.1588e-05 -1.7912e-05 -1.4380e-05 -1.1125e-05 -8.2579e-06 -5.8514e-06 -3.9353e-06 -2.4959e-06 -1.4817e-06 -8.1654e-07 -4.1369e-07 -1.9059e-07 -7.8850e-08 -2.8877e-08 -9.2079e-09 -2.5082e-09 -5.7100e-10 -1.0591e-10 -1.5540e-11 -1.7430e-12 -1.4359e-13 -8.2916e-15 -3.1770e-16 -7.5723e-18 -1.0404e-19 -7.5277e-22 -2.5766e-24 -3.6696e-27 -1.8648e-30 -2.8101e-34 -1.0038e-38 -6.4748e-44 -5.4092e-50 -3.8911e-57 -1.4556e-65 -1.5132e-75 -1.9963e-87 -1.2451e-101 -1.0491e-118 -2.4052e-139 -1.8992e-164 -3.5036e-195 -4.3910e-233 -3.3952e-280 0.0000e+00 0.0000e+00 0.0000e+00 0.0000e+00 0.0000e+00 0.0000e+00 0.0000e+00 0.0000e+00 0.0000e+00 0.0000e+00 0.0000e+00 0.0000e+00 0.0000e+00 0.0000e+00 0.0000e+00 0.0000e+00 0.0000e+00 0.0000e+00 0.0000e+00 0.0000e+00 0.0000e+00 0.0000e+00 4.0087e-07 1.1346e-06 2.0869e-06 3.2180e-06 4.5059e-06 5.9361e-06 7.4978e-06 9.1823e-06 0.0000e+00 1.2888e-05 1.4892e-05 1.6983e-05 1.9148e-05 2.1373e-05 2.3639e-05 2.5923e-05 2.8197e-05 3.0430e-05 3.2585e-05 3.4619e-05 3.6484e-05 3.8129e-05 3.9497e-05 4.0532e-05 4.1175e-05 4.1374e-05 4.1082e-05 4.0265e-05 3.8902e-05 3.6997e-05 3.4575e-05 3.1692e-05 2.8431e-05 2.4902e-05 2.1235e-05 1.7577e-05 1.4072e-05 1.0853e-05 8.0277e-06 5.6659e-06 3.7937e-06 2.3941e-06 1.4133e-06 7.7394e-07 3.8933e-07 1.7794e-07 7.2964e-08 2.6454e-08 8.3410e-09 2.2435e-09 5.0354e-10 9.1920e-11 1.3248e-11 1.4565e-12 1.1732e-13 6.6055e-15 2.4602e-16 5.6802e-18 7.5304e-20 5.2348e-22 1.7130e-24 2.3197e-27 1.1139e-30 1.5753e-34 5.2396e-39 3.1195e-44 2.3816e-50 1.5479e-57 5.1638e-66 4.7153e-76 5.3670e-88 2.8265e-102 1.9576e-119 3.5630e-140 2.1292e-165 2.7654e-196 2.1500e-234 7.6334e-282 0.0000e+00 0.0000e+00 0.0000e+00 0.0000e+00 0.0000e+00 0.0000e+00 0.0000e+00 0.0000e+00 0.0000e+00 0.0000e+00 0.0000e+00 0.0000e+00 0.0000e+00 0.0000e+00 0.0000e+00 0.0000e+00 0.0000e+00 0.0000e+00 0.0000e+00 0.0000e+00 0.0000e+00 0.0000e+00
-4.7045e-07 -1.3316e-06 -2.4491e-06 -3.7766e-06 -5.2881e-06 -6.9665e-06 -8.7994e-06 -1.0777e-05 -1.2889e-05 3.1418e-04 -1.7479e-05 -1.9935e-05 -2.2479e-05 -2.5094e-05 -2.7759e-05 -3.0446e-05 -3.3125e-05 -3.5758e-05 -3.8303e-05 -4.0710e-05 -4.2923e-05 -4.4883e-05 -4.6524e-05 -4.7778e-05 -4.8579e-05 -4.8863e-05 -4.8575e-05 -4.7672e-05 -4.6129e-05 -4.3947e-05 -4.1152e-05 -3.7807e-05 -3.4004e-05 -2.9869e-05 -2.5556e-05 -2.1232e-05 -1.7069e-05 -1.3227e-05 -9.8362e-06 -6.9840e-06 -4.7078e-06 -2.9935e-06 -1.7822e-06 -9.8528e-07 -5.0096e-07 -2.3171e-07 -9.6289e-08 -3.5437e-08 -1.1362e-08 -3.1137e-09 -7.1361e-10 -1.3335e-10 -1.9727e-11 -2.2327e-12 -1.8578e-13 -1.0846e-14 -4.2058e-16 -1.0157e-17 -1.4156e-19 -1.0405e-21 -3.6222e-24 -5.2546e-27 -2.7240e-30 -4.1941e-34 -1.5333e-38 -1.0140e-43 -8.7013e-50 -6.4424e-57 -2.4860e-65 -2.6723e-75 -3.6552e-87 -2.3711e-101 -2.0852e-118 -5.0102e-139 -4.1666e-164 -8.1426e-195 -1.0886e-232 -9.0537e-280 0.0000e+00 0.0000e+00 0.0000e+00 0.0000e+00 0.0000e+00 0.0000e+00 0.0000e+00 0.0000e+00 0.0000e+00 0.0000e+00 0.0000e+00 0.0000e+00 0.0000e+00 0.0000e+00 0.0000e+00 0.0000e+00 0.0000e+00 0.0000e+00 0.0000e+00 0.0000e+00 0.0000e+00 0.0000e+00 4.7045e-07 1.3316e-06 2.4491e-06 3.7766e-06 5.2880e-06 6.9664e-06 8.7992e-06 1.0776e-05 1.2888e-05 0.0000e+00 1.7476e-05 1.9930e-05 2.2472e-05 2.5083e-05 2.7742e-05 3.0422e-05 3.3091e-05 3.5712e-05 3.8241e-05 4.0628e-05 4.2817e-05 4.4747e-05 4.6353e-05 4.7567e-05 4.8322e-05 4.8555e-05 4.8213e-05 4.7253e-05 4.5654e-05 4.3418e-05 4.0576e-05 3.7193e-05 3.3366e-05 2.9224e-05 2.4921e-05 2.0628e-05 1.6514e-05 1.2737e-05 9.4210e-06 6.6492e-06 4.4521e-06 2.8095e-06 1.6586e-06 9.0823e-07 4.5688e-07 2.0882e-07 8.5621e-08 3.1043e-08 9.7872e-09 2.6324e-09 5.9080e-10 1.0784e-10 1.5542e-11 1.7084e-12 1.3759e-13 7.7452e-15 2.8839e-16 6.6564e-18 8.8206e-20 6.1282e-22 2.0038e-24 2.7107e-27 1.2999e-30 1.8349e-34 6.0876e-39 3.6117e-44 2.7440e-50 1.7713e-57 5.8514e-66 5.2668e-76 5.8662e-88 2.9870e-102 1.9576e-119 3.2320e-140 1.5869e-165 1.2038e-196 -5.7774e-235 -2.0066e-281 0.0000e+00 0.0000e+00 0.0000e+00 0.0000e+00 0.0000e+00 0.0000e+00 0.0000e+00 0.0000e+00 0.0000e+00 0.0000e+00 0.0000e+00 0.0000e+00 0.0000e+00 0.0000e+00 0.0000e+00 0.0000e+00 0.0000e+00 0.0000e+00 0.0000e+00 0.0000e+00 0.0000e+00 0.0000e+00
-5.4360e-07 -1.5386e-06 -2.8299e-06 -4.3638e-06 -6.1103e-06 -8.0497e-06 -1.0168e-05 -1.2452e-05 -1.4893e-05 -1.7479e-05 4.6314e-04 -2.3037e-05 -2.5979e-05 -2.9002e-05 -3.2084e-05 -3.5193e-05 -3.8293e-05 -4.1343e-05 -4.4292e-05 -4.7084e-05 -4.9655e-05 -5.1936e-05 -5.3851e-05 -5.5323e-05 -5.6273e-05 -5.6630e-05 -5.6326e-05 -5.5314e-05 -5.3562e-05 -5.1070e-05 -4.7867e-05 -4.4022e-05 -3.9642e-05 -3.4869e-05 -2.9879e-05 -2.4866e-05 -2.0030e-05 -1.5555e-05 -1.1595e-05 -8.2553e-06 -5.5817e-06 -3.5611e-06 -2.1282e-06 -1.1815e-06 -6.0350e-07 -2.8058e-07 -1.1726e-07 -4.3428e-08 -1.4021e-08 -3.8718e-09 -8.9483e-10 -1.6875e-10 -2.5217e-11 -2.8856e-12 -2.4299e-13 -1.4371e-14 -5.6517e-16 -1.3858e-17 -1.9633e-19 -1.4687e-21 -5.2106e-24 -7.7138e-27 -4.0866e-30 -6.4396e-34 -2.4133e-38 -1.6388e-43 -1.4468e-49 -1.1043e-56 -4.4034e-65 -4.9041e-75 -6.9708e-87 -4.7157e-101 -4.3426e-118 -1.0980e-138 -9.6632e-164 -2.0121e-194 -2.8891e-232 -2.6056e-279 0.0000e+00 0.0000e+00 0.0000e+00 0.0000e+00 0.0000e+00 0.0000e+00 0.0000e+00 0.0000e+00 0.0000e+00 0.0000e+00 0.0000e+00 0.0000e+00 0.0000e+00 0.0000e+00 0.0000e+00 0.0000e+00 0.0000e+00 0.0000e+00 0.0000e+00 0.0000e+00 0.0000e+00 0.0000e+00 5.4360e-07 1.5386e-06 2.8299e-06 4.3638e-06 6.1102e-06 8.0495e-06 1.0167e-05 1.2452e-05 1.4892e-05 1.7476e-05 0.0000e+00 2.3029e-05 2.5966e-05 2.8983e-05 3.2055e-05 3.5152e-05 3.8236e-05 4.1264e-05 4.4186e-05 4.6944e-05 4.9474e-05 5.1704e-05 5.3560e-05 5.4962e-05 5.5835e-05 5.6105e-05 5.5709e-05 5.4600e-05 5.2752e-05 5.0169e-05 4.6885e-05 4.2976e-05 3.8553e-05 3.3767e-05 2.8796e-05 2.3835e-05 1.9081e-05 1.4717e-05 1.0886e-05 7.6828e-06 5.1441e-06 3.2462e-06 1.9163e-06 1.0494e-06 5.2786e-07 2.4125e-07 9.8915e-08 3.5861e-08 1.1306e-08 3.0405e-09 6.8231e-10 1.2453e-10 1.7943e-11 1.9719e-12 1.5876e-13 8.9333e-15 3.3245e-16 7.6678e-18 1.0151e-19 7.0441e-22 2.2995e-24 3.1038e-27 1.4840e-30 2.0861e-34 6.8817e-39 4.0505e-44 3.0425e-50 1.9316e-57 6.2243e-66 5.3897e-76 5.6334e-88 2.5605e-102 1.3245e-119 1.0455e-140 -8.3060e-166 -4.8020e-196 -1.0504e-233 -1.2033e-280 0.0000e+00 0.0000e+00 0.0000e+00 0.0000e+00 0.0000e+00 0.0000e+00 0.0000e+00 0.0000e+00 0.0000e+00 0.0000e+00 0.0000e+00 0.0000e+00 0.0000e+00 0.0000e+00 0.0000e+00 0.0000e+00 0.0000e+00 0.0000e+00 0.0000e+00 0.0000e+00 0.0000e+00 0.0000e+00
-6.1993e-07 -1.7547e-06 -3.2273e-06 -4.9766e-06 -6.9683e-06 -9.1801e-06 -1.1596e-05 -1.4201e-05 -1.6985e-05 -1.9935e-05 -2.3037e-05 6.6088e-04 -2.9633e-05 -3.3084e-05 -3.6603e-05 -4.0154e-05 -4.3698e-05 -4.7187e-05 -5.0563e-05 -5.3764e-05 -5.6716e-05 -5.9342e-05 -6.1555e-05 -6.3267e-05 -6.4389e-05 -6.4838e-05 -6.4537e-05 -6.3430e-05 -6.1480e-05 -5.8682e-05 -5.5069e-05 -5.0716e-05 -4.5741e-05 -4.0305e-05 -3.4606e-05 -2.8865e-05 -2.3309e-05 -1.8152e-05 -1.3574e-05 -9.6977e-06 -6.5824e-06 -4.2177e-06 -2.5326e-06 -1.4134e-06 -7.2617e-07 -3.3978e-07 -1.4300e-07 -5.3371e-08 -1.7376e-08 -4.8428e-09 -1.1305e-09 -2.1551e-10 -3.2585e-11 -3.7763e-12 -3.2236e-13 -1.9347e-14 -7.7290e-16 -1.9272e-17 -2.7798e-19 -2.1194e-21 -7.6737e-24 -1.1608e-26 -6.2927e-30 -1.0161e-33 -3.9086e-38 -2.7294e-43 -2.4827e-49 -1.9570e-56 -8.0795e-65 -9.3449e-75 -1.3843e-86 -9.7999e-101 -9.4886e-118 -2.5365e-138 -2.3757e-163 -5.3047e-194 -8.2427e-232 -8.1311e-279 0.0000e+00 0.0000e+00 0.0000e+00 0.0000e+00 0.0000e+00 0.0000e+00 0.0000e+00 0.0000e+00 0.0000e+00 0.0000e+00 0.0000e+00 0.0000e+00 0.0000e+00 0.0000e+00 0.0000e+00 0.0000e+00 0.0000e+00 0.0000e+00 0.0000e+00 0.0000e+00 0.0000e+00 0.0000e+00 6.1993e-07 1.7547e-06 3.2273e-06 4.9765e-06 6.9682e-06 9.1799e-06 1.1595e-05 1.4200e-05 1.6983e-05 1.9930e-05 2.3029e-05 0.0000e+00 2.9612e-05 3.3053e-05 3.6557e-05 4.0088e-05 4.3605e-05 4.7059e-05 5.0391e-05 5.3536e-05 5.6421e-05 5.8964e-05 6.1080e-05 6.2680e-05 6.3675e-05 6.3983e-05 6.3532e-05 6.2267e-05 6.0160e-05 5.7213e-05 5.3468e-05 4.9010e-05 4.3967e-05 3.8508e-05 3.2839e-05 2.7181e-05 2.1760e-05 1.6783e-05 1.2413e-05 8.7611e-06 5.8660e-06 3.7016e-06 2.1851e-06 1.1965e-06 6.0185e-07 2.7505e-07 1.1276e-07 4.0877e-08 1.2885e-08 3.4648e-09 7.7735e-10 1.4183e-10 2.0429e-11 2.2440e-12 1.8055e-13 1.0151e-14 3.7738e-16 8.6918e-18 1.1485e-19 7.9496e-22 2.5862e-24 3.4747e-27 1.6508e-30 2.2999e-34 7.4919e-39 4.3293e-44 3.1638e-50 1.9246e-57 5.7803e-66 4.4078e-76 3.5051e-88 5.9301e-103 -1.0085e-119 -6.2786e-140 -8.6474e-165 -2.4231e-195 -4.3467e-233 -4.6947e-280 0.0000e+00 0.0000e+00 0.0000e+00 0.0000e+00 0.0000e+00 0.0000e+00 0.0000e+00 0.0000e+00 0.0000e+00 0.0000e+00 0.0000e+00 0.0000e+00 0.0000e+00 0.0000e+00 0.0000e+00 0.0000e+00 0.0000e+00 0.0000e+00 0.0000e+00 0.0000e+00 0.0000e+00 0.0000e+00
-6.9899e-07 -1.9784e-06 -3.6389e-06 -5.6112e-06 -7.8570e-06 -1.0351e-05 -1.3075e-05 -1.6013e-05 -1.9153e-05 -2.2479e-05 -2.5979e-05 -2.9633e-05 9.1774e-04 -3.7317e-05 -4.1291e-05 -4.5304e-05 -4.9312e-05 -5.3260e-05 -5.7087e-05 -6.0720e-05 -6.4079e-05 -6.7075e-05 -6.9613e-05 -7.1592e-05 -7.2914e-05 -7.3482e-05 -7.3210e-05 -7.2030e-05 -6.9901e-05 -6.6813e-05 -6.2798e-05 -5.7937e-05 -5.2358e-05 -4.6240e-05 -3.9803e-05 -3.3293e-05 -2.6970e-05 -2.1078e-05 -1.5823e-05 -1.1354e-05 -7.7436e-06 -4.9881e-06 -3.0127e-06 -1.6921e-06 -8.7550e-07 -4.1281e-07 -1.7520e-07 -6.5981e-08 -2.1694e-08 -6.1106e-09 -1.4428e-09 -2.7846e-10 -4.2661e-11 -5.0140e-12 -4.3448e-13 -2.6495e-14 -1.0766e-15 -2.7330e-17 -4.0178e-19 -3.1257e-21 -1.1561e-23 -1.7890e-26 -9.9343e-30 -1.6459e-33 -6.5069e-38 -4.6793e-43 -4.3934e-49 -3.5839e-56 -1.5358e-64 -1.8503e-74 -2.8664e-86 -2.1319e-100 -2.1803e-117 -6.1951e-138 -6.2125e-163 -1.4979e-193 -2.5386e-231 -2.7639e-278 0.0000e+00 0.0000e+00 0.0000e+00 0.0000e+00 0.0000e+00 0.0000e+00 0.0000e+00 0.0000e+00 0.0000e+00 0.0000e+00 0.0000e+00 0.0000e+00 0.0000e+00 0.0000e+00 0.0000e+00 0.0000e+00 0.0000e+00 0.0000e+00 0.0000e+00 0.0000e+00 0.0000e+00 0.0000e+00 6.9899e-07 1.9784e-06 3.6389e-06 5.6112e-06 7.8569e-06 1.0351e-05 1.3074e-05 1.6011e-05 1.9148e-05 2.2472e-05 2.5966e-05 2.9612e-05 0.0000e+00 3.7268e-05 4.1219e-05 4.5200e-05 4.9166e-05 5.3060e-05 5.6817e-05 6.0364e-05 6.3616e-05 6.6484e-05 6.8870e-05 7.0673e-05 7.1795e-05 7.2143e-05 7.1633e-05 7.0207e-05 6.7831e-05 6.4509e-05 6.0287e-05 5.5259e-05 4.9573e-05 4.3418e-05 3.7026e-05 3.0646e-05 2.4534e-05 1.8922e-05 1.3995e-05 9.8773e-06 6.6131e-06 4.1729e-06 2.4632e-06 1.3487e-06 6.7834e-07 3.0997e-07 1.2706e-07 4.6051e-08 1.4513e-08 3.9012e-09 8.7489e-10 1.5954e-10 2.2964e-11 2.5202e-12 2.0254e-13 1.1370e-14 4.2179e-16 9.6878e-18 1.2754e-19 8.7835e-22 2.8379e-24 3.7764e-27 1.7699e-30 2.4180e-34 7.6492e-39 4.2237e-44 2.8634e-50 1.5194e-57 3.3765e-66 7.3391e-77 -3.3458e-88 -5.3254e-102 -7.8568e-119 -2.7844e-139 -3.2208e-164 -8.5205e-195 -1.5289e-232 -1.7150e-279 0.0000e+00 0.0000e+00 0.0000e+00 0.0000e+00 0.0000e+00 0.0000e+00 0.0000e+00 0.0000e+00 0.0000e+00 0.0000e+00 0.0000e+00 0.0000e+00 0.0000e+00 0.0000e+00 0.0000e+00 0.0000e+00 0.0000e+00 0.0000e+00 0.0000e+00 0.0000e+00 0.0000e+00 0.0000e+00
-7.8021e-07 -2.2083e-06 -4.0617e-06 -6.2633e-06 -8.7701e-06 -1.1554e-05 -1.4594e-05 -1.7875e-05 -2.1380e-05 -2.5094e-05 -2.9002e-05 -3.3084e-05 -3.7317e-05 1.2454e-03 -4.6118e-05 -5.0610e-05 -5.5100e-05 -5.9529e-05 -6.3828e-05 -6.7918e-05 -7.1709e-05 -7.5105e-05 -7.7999e-05 -8.0279e-05 -8.1834e-05 -8.2556e-05 -8.2348e-05 -8.1130e-05 -7.8853e-05 -7.5501e-05 -7.1105e-05 -6.5747e-05 -5.9565e-05 -5.2753e-05 -4.5551e-05 -3.8235e-05 -3.1094e-05 -2.4406e-05 -1.8409e-05 -1.3279e-05 -9.1091e-06 -5.9049e-06 -3.5912e-06 -2.0323e-06 -1.0602e-06 -5.0435e-07 -2.1611e-07 -8.2234e-08 -2.7339e-08 -7.7926e-09 -1.8634e-09 -3.6451e-10 -5.6647e-11 -6.7595e-12 -5.9519e-13 -3.6915e-14 -1.5270e-15 -3.9503e-17 -5.9242e-19 -4.7070e-21 -1.7803e-23 -2.8210e-26 -1.6066e-29 -2.7346e-33 -1.1129e-37 -8.2577e-43 -8.0202e-49 -6.7878e-56 -3.0283e-64 -3.8128e-74 -6.2010e-86 -4.8668e-100 -5.2839e-117 -1.6048e-137 -1.7340e-162 -4.5473e-193 -8.4741e-231 -1.0277e-277 0.0000e+00 0.0000e+00 0.0000e+00 0.0000e+00 0.0000e+00 0.0000e+00 0.0000e+00 0.0000e+00 0.0000e+00 0.0000e+00 0.0000e+00 0.0000e+00 0.0000e+00 0.0000e+00 0.0000e+00 0.0000e+00 0.0000e+00 0.0000e+00 0.0000e+00 0.0000e+00 0.0000e+00 0.0000e+00 7.8021e-07 2.2083e-06 4.0617e-06 6.2632e-06 8.7698e-06 1.1553e-05 1.4593e-05 1.7871e-05 2.1373e-05 2.5083e-05 2.8983e-05 3.3053e-05 3.7268e-05 0.0000e+00 4.6008e-05 5.0453e-05 5.4879e-05 5.9226e-05 6.3419e-05 6.7378e-05 7.1008e-05 7.4209e-05 7.6872e-05 7.8886e-05 8.0138e-05 8.0525e-05 7.9957e-05 7.8365e-05 7.5713e-05 7.2004e-05 6.7291e-05 6.1679e-05 5.5332e-05 4.8462e-05 4.1326e-05 3.4205e-05 2.7383e-05 2.1118e-05 1.5619e-05 1.1023e-05 7.3797e-06 4.6563e-06 2.7483e-06 1.5046e-06 7.5663e-07 3.4567e-07 1.4166e-07 5.1325e-08 1.6168e-08 4.3436e-09 9.7338e-10 1.7733e-10 2.5492e-11 2.7930e-12 2.2397e-13 1.2536e-14 4.6326e-16 1.0584e-17 1.3834e-19 9.4327e-22 3.0050e-24 3.9184e-27 1.7818e-30 2.3230e-34 6.8027e-39 3.2625e-44 1.6150e-50 2.0448e-58 -3.6015e-66 -9.3930e-76 -2.1887e-87 -2.1405e-101 -2.6848e-118 -8.9748e-139 -1.0313e-163 -2.8017e-194 -5.2961e-232 -6.4015e-279 0.0000e+00 0.0000e+00 0.0000e+00 0.0000e+00 0.0000e+00 0.0000e+00 0.0000e+00 0.0000e+00 0.0000e+00 0.0000e+00 0.0000e+00 0.0000e+00 0.0000e+00 0.0000e+00 0.0000e+00 0.0000e+00 0.0000e+00 0.0000e+00 0.0000e+00 0.0000e+00 0.0000e+00 0.0000e+00
-8.6291e-07 -2.4424e-06 -4.4923e-06 -6.9272e-06 -9.6998e-06 -1.2779e-05 -1.6142e-05 -1.9771e-05 -2.3648e-05 -2.7759e-05 -3.2084e-05 -3.6603e-05 -4.1291e-05 -4.6118e-05 1.6569e-03 -5.6033e-05 -6.1022e-05 -6.5950e-05 -7.0743e-05 -7.5314e-05 -7.9568e-05 -8.3395e-05 -8.6679e-05 -8.9300e-05 -9.1131e-05 -9.2053e-05 -9.1956e-05 -9.0748e-05 -8.8369e-05 -8.4795e-05 -8.0052e-05 -7.4222e-05 -6.7450e-05 -5.9940e-05 -5.1955e-05 -4.3795e-05 -3.5782e-05 -2.8230e-05 -2.1415e-05 -1.5543e-05 -1.0735e-05 -7.0103e-06 -4.2977e-06 -2.4533e-06 -1.2917e-06 -6.2066e-07 -2.6881e-07 -1.0346e-07 -3.4816e-08 -1.0052e-08 -2.4368e-09 -4.8358e-10 -7.6300e-11 -9.2513e-12 -8.2843e-13 -5.2299e-14 -2.2040e-15 -5.8152e-17 -8.9041e-19 -7.2322e-21 -2.8002e-23 -4.5491e-26 -2.6608e-29 -4.6608e-33 -1.9564e-37 -1.5011e-42 -1.5119e-48 -1.3315e-55 -6.2042e-64 -8.1943e-74 -1.4049e-85 -1.1690e-99 -1.3543e-116 -4.4226e-137 -5.1830e-162 -1.4893e-192 -3.0774e-230 -4.1969e-277 0.0000e+00 0.0000e+00 0.0000e+00 0.0000e+00 0.0000e+00 0.0000e+00 0.0000e+00 0.0000e+00 0.0000e+00 0.0000e+00 0.0000e+00 0.0000e+00 0.0000e+00 0.0000e+00 0.0000e+00 0.0000e+00 0.0000e+00 0.0000e+00 0.0000e+00 0.0000e+00 0.0000e+00 0.0000e+00 8.6291e-07 2.4424e-06 4.4923e-06 6.9271e-06 9.6994e-06 1.2778e-05 1.6140e-05 1.9766e-05 2.3639e-05 2.7742e-05 3.2055e-05 3.6557e-05 4.1219e-05 4.6008e-05 0.0000e+00 5.5801e-05 6.0697e-05 6.5504e-05 7.0142e-05 7.4520e-05 7.8535e-05 8.2076e-05 8.5021e-05 8.7247e-05 8.8632e-05 8.9061e-05 8.8432e-05 8.6671e-05 8.3737e-05 7.9635e-05 7.4422e-05 6.8215e-05 6.1194e-05 5.3596e-05 4.5703e-05 3.7827e-05 3.0281e-05 2.3352e-05 1.7271e-05 1.2187e-05 8.1586e-06 5.1471e-06 3.0375e-06 1.6625e-06 8.3584e-07 3.8173e-07 1.5636e-07 5.6619e-08 1.7822e-08 4.7832e-09 1.0705e-09 1.9469e-10 2.7925e-11 3.0505e-12 2.4364e-13 1.3564e-14 4.9760e-16 1.1255e-17 1.4503e-19 9.6890e-22 2.9949e-24 3.7273e-27 1.5700e-30 1.7805e-34 3.8243e-39 4.5490e-45 -1.7217e-50 -3.1647e-57 -2.1217e-65 -3.5050e-75 -6.9704e-87 -6.4119e-101 -7.9383e-118 -2.6999e-138 -3.2289e-163 -9.3085e-194 -1.9020e-231 -2.5321e-278 0.0000e+00 0.0000e+00 0.0000e+00 0.0000e+00 0.0000e+00 0.0000e+00 0.0000e+00 0.0000e+00 0.0000e+00 0.0000e+00 0.0000e+00 0.0000e+00 0.0000e+00 0.0000e+00 0.0000e+00 0.0000e+00 0.0000e+00 0.0000e+00 0.0000e+00 0.0000e+00 0.0000e+00 0.0000e+00
-9.4627e-07 -2.6784e-06 -4.9262e-06 -7.5964e-06 -1.0637e-05 -1.4014e-05 -1.7702e-05 -2.1682e-05 -2.5936e-05 -3.0446e-05 -3.5193e-05 -4.0154e-05 -4.5304e-05 -5.0610e-05 -5.6033e-05 2.1668e-03 -6.7026e-05 -7.2472e-05 -7.7780e-05 -8.2859e-05 -8.7603e-05 -9.1898e-05 -9.5615e-05 -9.8622e-05 -1.0078e-04 -1.0196e-04 -1.0204e-04 -1.0090e-04 -9.8486e-05 -9.4750e-05 -8.9714e-05 -8.3454e-05 -7.6119e-05 -6.7921e-05 -5.9139e-05 -5.0100e-05 -4.1160e-05 -3.2669e-05 -2.4945e-05 -1.8235e-05 -1.2692e-05 -8.3580e-06 -5.1702e-06 -2.9799e-06 -1.5853e-06 -7.7010e-07 -3.3743e-07 -1.3148e-07 -4.4824e-08 -1.3120e-08 -3.2266e-09 -6.5008e-10 -1.0421e-10 -1.2848e-11 -1.1709e-12 -7.5292e-14 -3.2353e-15 -8.7133e-17 -1.3635e-18 -1.1334e-20 -4.4980e-23 -7.5028e-26 -4.5149e-29 -8.1542e-33 -3.5382e-37 -2.8141e-42 -2.9478e-48 -2.7096e-55 -1.3234e-63 -1.8407e-73 -3.3415e-85 -2.9621e-99 -3.6820e-116 -1.3006e-136 -1.6644e-161 -5.2802e-192 -1.2203e-229 -1.8898e-276 0.0000e+00 0.0000e+00 0.0000e+00 0.0000e+00 0.0000e+00 0.0000e+00 0.0000e+00 0.0000e+00 0.0000e+00 0.0000e+00 0.0000e+00 0.0000e+00 0.0000e+00 0.0000e+00 0.0000e+00 0.0000e+00 0.0000e+00 0.0000e+00 0.0000e+00 0.0000e+00 0.0000e+00 0.0000e+00 9.4627e-07 2.6784e-06 4.9262e-06 7.5963e-06 1.0636e-05 1.4012e-05 1.7699e-05 2.1675e-05 2.5923e-05 3.0422e-05 3.5152e-05 4.0088e-05 4.5200e-05 5.0453e-05 5.5801e-05 0.0000e+00 6.6560e-05 7.1831e-05 7.6918e-05 8.1719e-05 8.6122e-05 9.0004e-05 9.3234e-05 9.5675e-05 9.7194e-05 9.7663e-05 9.6973e-05 9.5042e-05 9.1825e-05 8.7325e-05 8.1608e-05 7.4801e-05 6.7101e-05 5.8767e-05 5.0111e-05 4.1474e-05 3.3198e-05 2.5600e-05 1.8932e-05 1.3358e-05 8.9405e-06 5.6392e-06 3.3270e-06 1.8204e-06 9.1478e-07 4.1753e-07 1.7090e-07 6.1821e-08 1.9434e-08 5.2070e-09 1.1627e-09 2.1084e-10 3.0122e-11 3.2730e-12 2.5954e-13 1.4306e-14 5.1756e-16 1.1475e-17 1.4360e-19 9.1712e-22 2.6341e-24 2.8720e-27 9.0639e-31 3.2035e-35 -3.6116e-39 -6.3034e-44 -9.6488e-50 -1.1192e-56 -6.3827e-65 -9.8713e-75 -1.9255e-86 -1.7877e-100 -2.2809e-117 -8.1330e-138 -1.0359e-162 -3.2310e-193 -7.2603e-231 -1.0822e-277 0.0000e+00 0.0000e+00 0.0000e+00 0.0000e+00 0.0000e+00 0.0000e+00 0.0000e+00 0.0000e+00 0.0000e+00 0.0000e+00 0.0000e+00 0.0000e+00 0.0000e+00 0.0000e+00 0.0000e+00 0.0000e+00 0.0000e+00 0.0000e+00 0.0000e+00 0.0000e+00 0.0000e+00 0.0000e+00
-1.0293e-06 -2.9134e-06 -5.3585e-06 -8.2630e-06 -1.1570e-05 -1.5244e-05 -1.9256e-05 -2.3587e-05 -2.8216e-05 -3.3125e-05 -3.8293e-05 -4.3698e-05 -4.9312e-05 -5.5100e-05 -6.1022e-05 -6.7026e-05 2.7917e-03 -7.9031e-05 -8.4875e-05 -9.0487e-05 -9.5756e-05 -1.0056e-04 -1.0475e-04 -1.0821e-04 -1.1076e-04 -1.1227e-04 -1.1259e-04 -1.1162e-04 -1.0925e-04 -1.0543e-04 -1.0018e-04 -9.3551e-05 -8.5698e-05 -7.6836e-05 -6.7255e-05 -5.7307e-05 -4.7379e-05 -3.7865e-05 -2.9129e-05 -2.1466e-05 -1.5070e-05 -1.0017e-05 -6.2578e-06 -3.6449e-06 -1.9607e-06 -9.6377e-07 -4.2756e-07 -1.6879e-07 -5.8335e-08 -1.7322e-08 -4.3244e-09 -8.8510e-10 -1.4425e-10 -1.8096e-11 -1.6794e-12 -1.1009e-13 -4.8278e-15 -1.3285e-16 -2.1271e-18 -1.8119e-20 -7.3812e-23 -1.2663e-25 -7.8546e-29 -1.4659e-32 -6.5908e-37 -5.4487e-42 -5.9538e-48 -5.7316e-55 -2.9450e-63 -4.3315e-73 -8.3632e-85 -7.9380e-99 -1.0646e-115 -4.0932e-136 -5.7602e-161 -2.0334e-191 -5.3024e-229 -9.4181e-276 0.0000e+00 0.0000e+00 0.0000e+00 0.0000e+00 0.0000e+00 0.0000e+00 0.0000e+00 0.0000e+00 0.0000e+00 0.0000e+00 0.0000e+00 0.0000e+00 0.0000e+00 0.0000e+00 0.0000e+00 0.0000e+00 0.0000e+00 0.0000e+00 0.0000e+00 0.0000e+00 0.0000e+00 0.0000e+00 1.0293e-06 2.9134e-06 5.3584e-06 8.2628e-06 1.1570e-05 1.5242e-05 1.9252e-05 2.3577e-05 2.8197e-05 3.3091e-05 3.8236e-05 4.3605e-05 4.9166e-05 5.4879e-05 6.0697e-05 6.6560e-05 0.0000e+00 7.8134e-05 8.3666e-05 8.8888e-05 9.3678e-05 9.7900e-05 1.0141e-04 1.0407e-04 1.0572e-04 1.0623e-04 1.0548e-04 1.0338e-04 9.9877e-05 9.4982e-05 8.8762e-05 8.1356e-05 7.2979e-05 6.3913e-05 5.4496e-05 4.5099e-05 3.6098e-05 2.7832e-05 2.0579e-05 1.4517e-05 9.7141e-06 6.1251e-06 3.6121e-06 1.9752e-06 9.9186e-07 4.5227e-07 1.8489e-07 6.6770e-08 2.0944e-08 5.5955e-09 1.2447e-09 2.2456e-10 3.1860e-11 3.4289e-12 2.6831e-13 1.4512e-14 5.1067e-16 1.0854e-17 1.2688e-19 7.1807e-22 1.5978e-24 7.1716e-28 -6.5745e-31 -3.0086e-34 -2.0355e-38 -2.1548e-43 -2.7759e-49 -2.9937e-56 -1.6636e-64 -2.5781e-74 -5.1389e-86 -4.9529e-100 -6.6518e-117 -2.5304e-137 -3.4858e-162 -1.1930e-192 -2.9894e-230 -5.0596e-277 0.0000e+00 0.0000e+00 0.0000e+00 0.0000e+00 0.0000e+00 0.0000e+00 0.0000e+00 0.0000e+00 0.0000e+00 0.0000e+00 0.0000e+00 0.0000e+00 0.0000e+00 0.0000e+00 0.0000e+00 0.0000e+00 0.0000e+00 0.0000e+00 0.0000e+00 0.0000e+00 0.0000e+00 0.0000e+00
