2.9262e-08 -4.1419e-08 -7.6184e-08 -1.1749e-07 -1.6456e-07 -2.1689e-07 -2.7417e-07 -3.3617e-07 -4.0277e-07 -4.7387e-07 -5.4944e-07 -6.2946e-07 -7.1395e-07 -8.0297e-07 -8.9656e-07 -9.9482e-07 -1.0978e-06 -1.2057e-06 -1.3186e-06 -1.4365e-06 -1.5597e-06 -1.6883e-06 -1.8224e-06 -1.9620e-06 -2.1075e-06 -2.2587e-06 -2.4159e-06 -2.5790e-06 -2.7482e-06 -2.9233e-06 -3.1043e-06 -3.2911e-06 -3.4833e-06 -3.6808e-06 -3.8831e-06 -4.0895e-06 -4.2993e-06 -4.5115e-06 -4.7250e-06 -4.9382e-06 -5.1495e-06 -5.3566e-06 -5.5571e-06 -5.7480e-06 -5.9259e-06 -6.0868e-06 -6.2263e-06 -6.3395e-06 -6.4208e-06 -6.4643e-06 -6.4641e-06 -6.4138e-06 -6.3075e-06 -6.1399e-06 -5.9069e-06 -5.6060e-06 -5.2374e-06 -4.8046e-06 -4.3149e-06 -3.7802e-06 -3.2170e-06 -2.6459e-06 -2.0905e-06 -1.5750e-06 -1.1215e-06 -7.4670e-07 -4.5873e-07 -2.5585e-07 -1.2697e-07 -5.4683e-08 -1.9810e-08 -5.8035e-09 -1.3078e-09 -2.1265e-10 -2.2973e-11 -1.4808e-12 -4.9440e-14 -7.0856e-16 -3.3854e-18 -3.8221e-21 -6.3392e-25 -7.9322e-30 -2.8960e-36 -7.7623e-45 -1.9744e-56 -2.1367e-72 -7.8048e-95 -4.0929e-127 -7.7605e-175 -1.1249e-247 0.0000e+00 0.0000e+00 0.0000e+00 0.0000e+00 0.0000e+00 0.0000e+00 0.0000e+00 0.0000e+00 0.0000e+00 0.0000e+00 0.0000e+00 4.1419e-08 7.6184e-08 1.1749e-07 1.6456e-07 2.1689e-07 2.7417e-07 3.3617e-07 4.0277e-07 4.7387e-07 5.4944e-07 6.2946e-07 7.1395e-07 8.0297e-07 8.9656e-07 9.9482e-07 1.0978e-06 1.2057e-06 1.3186e-06 1.4365e-06 1.5597e-06 1.6883e-06 1.8224e-06 1.9620e-06 2.1075e-06 2.2587e-06 2.4159e-06 2.5790e-06 2.7482e-06 2.9233e-06 3.1043e-06 3.2911e-06 3.4833e-06 3.6808e-06 3.8831e-06 4.0895e-06 4.2993e-06 4.5115e-06 4.7250e-06 4.9382e-06 5.1495e-06 5.3566e-06 5.5571e-06 5.7480e-06 5.9259e-06 6.0868e-06 6.2263e-06 6.3395e-06 6.4208e-06 6.4643e-06 6.4641e-06 6.4138e-06 6.3075e-06 6.1399e-06 5.9069e-06 5.6060e-06 5.2374e-06 4.8046e-06 4.3149e-06 3.7802e-06 3.2170e-06 2.6459e-06 2.0905e-06 1.5750e-06 1.1215e-06 7.4670e-07 4.5873e-07 2.5585e-07 1.2697e-07 5.4683e-08 1.9810e-08 5.8035e-09 1.3078e-09 2.1265e-10 2.2973e-11 1.4807e-12 4.9440e-14 7.0856e-16 3.3854e-18 3.8221e-21 6.3392e-25 7.9322e-30 2.8960e-36 7.7622e-45 1.9744e-56 2.1367e-72 7.8047e-95 4.0928e-127 7.7603e-175 1.1248e-247 0.0000e+00 0.0000e+00 0.0000e+00 0.0000e+00 0.0000e+00 0.0000e+00 0.0000e+00 0.0000e+00 0.0000e+00 0.0000e+00
-4.1419e-08 4.8727e-07 -2.1564e-07 -3.3256e-07 -4.6577e-07 -6.1390e-07 -7.7602e-07 -9.5154e-07 -1.1400e-06 -1.3413e-06 -1.5552e-06 -1.7817e-06 -2.0208e-06 -2.2728e-06 -2.5377e-06 -2.8158e-06 -3.1074e-06 -3.4128e-06 -3.7322e-06 -4.0661e-06 -4.4148e-06 -4.7787e-06 -5.1582e-06 -5.5535e-06 -5.9651e-06 -6.3932e-06 -6.8381e-06 -7.2999e-06 -7.7786e-06 -8.2743e-06 -8.7866e-06 -9.3153e-06 -9.8595e-06 -1.0419e-05 -1.0991e-05 -1.1575e-05 -1.2169e-05 -1.2770e-05 -1.3374e-05 -1.3978e-05 -1.4575e-05 -1.5162e-05 -1.5729e-05 -1.6270e-05 -1.6773e-05 -1.7229e-05 -1.7624e-05 -1.7944e-05 -1.8174e-05 -1.8297e-05 -1.8296e-05 -1.8154e-05 -1.7853e-05 -1.7379e-05 -1.6719e-05 -1.5868e-05 -1.4824e-05 -1.3599e-05 -1.2213e-05 -1.0700e-05 -9.1056e-06 -7.4892e-06 -5.9170e-06 -4.4579e-06 -3.1744e-06 -2.1135e-06 -1.2984e-06 -7.2417e-07 -3.5938e-07 -1.5478e-07 -5.6072e-08 -1.6427e-08 -3.7018e-09 -6.0191e-10 -6.5025e-11 -4.1913e-12 -1.3994e-13 -2.0056e-15 -9.5827e-18 -1.0819e-20 -1.7944e-24 -2.2453e-29 -8.1975e-36 -2.1973e-44 -5.5892e-56 -6.0488e-72 -2.2095e-94 -1.1588e-126 -2.1973e-174 -3.1855e-247 0.0000e+00 0.0000e+00 0.0000e+00 0.0000e+00 0.0000e+00 0.0000e+00 0.0000e+00 0.0000e+00 0.0000e+00 0.0000e+00 4.1419e-08 0.0000e+00 2.1564e-07 3.3256e-07 4.6577e-07 6.1390e-07 7.7602e-07 9.5154e-07 1.1400e-06 1.3413e-06 1.5552e-06 1.7817e-06 2.0208e-06 2.2728e-06 2.5377e-06 2.8158e-06 3.1074e-06 3.4128e-06 3.7322e-06 4.0661e-06 4.4148e-06 4.7787e-06 5.1582e-06 5.5535e-06 5.9651e-06 6.3932e-06 6.8381e-06 7.2999e-06 7.7786e-06 8.2743e-06 8.7866e-06 9.3153e-06 9.8595e-06 1.0419e-05 1.0991e-05 1.1575e-05 1.2169e-05 1.2770e-05 1.3374e-05 1.3978e-05 1.4575e-05 1.5162e-05 1.5729e-05 1.6270e-05 1.6773e-05 1.7229e-05 1.7624e-05 1.7944e-05 1.8174e-05 1.8297e-05 1.8296e-05 1.8154e-05 1.7853e-05 1.7379e-05 1.6719e-05 1.5868e-05 1.4824e-05 1.3599e-05 1.2213e-05 1.0700e-05 9.1056e-06 7.4892e-06 5.9170e-06 4.4579e-06 3.1744e-06 2.1135e-06 1.2984e-06 7.2416e-07 3.5938e-07 1.5478e-07 5.6072e-08 1.6427e-08 3.7017e-09 6.0191e-10 6.5024e-11 4.1912e-12 1.3994e-13 2.0056e-15 9.5824e-18 1.0818e-20 1.7943e-24 2.2452e-29 8.1969e-36 2.1971e-44 5.5885e-56 6.0480e-72 2.2091e-94 1.1585e-126 2.1965e-174 3.1838e-247 0.0000e+00 0.0000e+00 0.0000e+00 0.0000e+00 0.0000e+00 0.0000e+00 0.0000e+00 0.0000e+00 0.0000e+00 0.0000e+00
-7.6184e-08 -2.1564e-07 2.4709e-06 -6.1169e-07 -8.5672e-07 -1.1292e-06 -1.4274e-06 -1.7502e-06 -2.0969e-06 -2.4671e-06 -2.8605e-06 -3.2771e-06 -3.7170e-06 -4.1804e-06 -4.6677e-06 -5.1792e-06 -5.7156e-06 -6.2772e-06 -6.8648e-06 -7.4789e-06 -8.1203e-06 -8.7897e-06 -9.4876e-06 -1.0215e-05 -1.0972e-05 -1.1759e-05 -1.2578e-05 -1.3427e-05 -1.4307e-05 -1.5219e-05 -1.6162e-05 -1.7134e-05 -1.8135e-05 -1.9163e-05 -2.0216e-05 -2.1291e-05 -2.2383e-05 -2.3488e-05 -2.4599e-05 -2.5709e-05 -2.6809e-05 -2.7888e-05 -2.8931e-05 -2.9925e-05 -3.0851e-05 -3.1689e-05 -3.2416e-05 -3.3005e-05 -3.3428e-05 -3.3655e-05 -3.3653e-05 -3.3392e-05 -3.2838e-05 -3.1966e-05 -3.0753e-05 -2.9186e-05 -2.7267e-05 -2.5014e-05 -2.2465e-05 -1.9681e-05 -1.6748e-05 -1.3775e-05 -1.0884e-05 -8.1997e-06 -5.8389e-06 -3.8875e-06 -2.3883e-06 -1.3320e-06 -6.6104e-07 -2.8470e-07 -1.0314e-07 -3.0215e-08 -6.8091e-09 -1.1072e-09 -1.1961e-10 -7.7097e-12 -2.5742e-13 -3.6893e-15 -1.7628e-17 -1.9902e-20 -3.3010e-24 -4.1308e-29 -1.5082e-35 -4.0430e-44 -1.0285e-55 -1.1133e-71 -4.0673e-94 -2.1337e-126 -4.0477e-174 -5.8718e-247 0.0000e+00 0.0000e+00 0.0000e+00 0.0000e+00 0.0000e+00 0.0000e+00 0.0000e+00 0.0000e+00 0.0000e+00 0.0000e+00 7.6184e-08 2.1564e-07 0.0000e+00 6.1169e-07 8.5672e-07 1.1292e-06 1.4274e-06 1.7502e-06 2.0969e-06 2.4671e-06 2.8605e-06 3.2771e-06 3.7170e-06 4.1804e-06 4.6677e-06 5.1792e-06 5.7156e-06 6.2772e-06 6.8648e-06 7.4789e-06 8.1203e-06 8.7897e-06 9.4876e-06 1.0215e-05 1.0972e-05 1.1759e-05 1.2578e-05 1.3427e-05 1.4307e-05 1.5219e-05 1.6162e-05 1.7134e-05 1.8135e-05 1.9163e-05 2.0216e-05 2.1291e-05 2.2383e-05 2.3488e-05 2.4599e-05 2.5709e-05 2.6809e-05 2.7888e-05 2.8931e-05 2.9925e-05 3.0851e-05 3.1689e-05 3.2416e-05 3.3005e-05 3.3428e-05 3.3655e-05 3.3653e-05 3.3391e-05 3.2838e-05 3.1966e-05 3.0752e-05 2.9186e-05 2.7267e-05 2.5014e-05 2.2464e-05 1.9681e-05 1.6748e-05 1.3775e-05 1.0883e-05 8.1996e-06 5.8389e-06 3.8875e-06 2.3882e-06 1.3320e-06 6.6102e-07 2.8469e-07 1.0314e-07 3.0214e-08 6.8087e-09 1.1071e-09 1.1960e-10 7.7091e-12 2.5739e-13 3.6889e-15 1.7625e-17 1.9899e-20 3.3003e-24 4.1296e-29 1.5077e-35 4.0412e-44 1.0279e-55 1.1124e-71 4.0633e-94 2.1308e-126 4.0402e-174 5.8561e-247 0.0000e+00 0.0000e+00 0.0000e+00 0.0000e+00 0.0000e+00 0.0000e+00 0.0000e+00 0.0000e+00 0.0000e+00 0.0000e+00
-1.1749e-07 -3.3256e-07 -6.1169e-07 7.8269e-06 -1.3212e-06 -1.7414e-06 -2.2013e-06 -2.6992e-06 -3.2339e-06 -3.8048e-06 -4.4115e-06 -5.0540e-06 -5.7324e-06 -6.4471e-06 -7.1985e-06 -7.9874e-06 -8.8146e-06 -9.6807e-06 -1.0587e-05 -1.1534e-05 -1.2523e-05 -1.3555e-05 -1.4632e-05 -1.5753e-05 -1.6921e-05 -1.8135e-05 -1.9397e-05 -2.0707e-05 -2.2065e-05 -2.3471e-05 -2.4924e-05 -2.6424e-05 -2.7968e-05 -2.9554e-05 -3.1177e-05 -3.2835e-05 -3.4519e-05 -3.6223e-05 -3.7937e-05 -3.9649e-05 -4.1345e-05 -4.3009e-05 -4.4618e-05 -4.6151e-05 -4.7579e-05 -4.8872e-05 -4.9992e-05 -5.0900e-05 -5.1553e-05 -5.1903e-05 -5.1901e-05 -5.1497e-05 -5.0644e-05 -4.9298e-05 -4.7427e-05 -4.5011e-05 -4.2052e-05 -3.8577e-05 -3.4645e-05 -3.0352e-05 -2.5830e-05 -2.1245e-05 -1.6785e-05 -1.2646e-05 -9.0051e-06 -5.9956e-06 -3.6834e-06 -2.0543e-06 -1.0195e-06 -4.3910e-07 -1.5907e-07 -4.6603e-08 -1.0502e-08 -1.7077e-09 -1.8449e-10 -1.1892e-11 -3.9708e-13 -5.6912e-15 -2.7194e-17 -3.0706e-20 -5.0933e-24 -6.3743e-29 -2.3277e-35 -6.2411e-44 -1.5881e-55 -1.7196e-71 -6.2861e-94 -3.3002e-126 -6.2677e-174 -9.1078e-247 0.0000e+00 0.0000e+00 0.0000e+00 0.0000e+00 0.0000e+00 0.0000e+00 0.0000e+00 0.0000e+00 0.0000e+00 0.0000e+00 1.1749e-07 3.3256e-07 6.1169e-07 0.0000e+00 1.3212e-06 1.7414e-06 2.2013e-06 2.6992e-06 3.2339e-06 3.8048e-06 4.4115e-06 5.0540e-06 5.7324e-06 6.4471e-06 7.1985e-06 7.9874e-06 8.8146e-06 9.6807e-06 1.0587e-05 1.1534e-05 1.2523e-05 1.3555e-05 1.4632e-05 1.5753e-05 1.6921e-05 1.8135e-05 1.9397e-05 2.0707e-05 2.2065e-05 2.3471e-05 2.4924e-05 2.6424e-05 2.7968e-05 2.9554e-05 3.1177e-05 3.2835e-05 3.4519e-05 3.6223e-05 3.7937e-05 3.9649e-05 4.1345e-05 4.3008e-05 4.4618e-05 4.6151e-05 4.7579e-05 4.8871e-05 4.9992e-05 5.0900e-05 5.1552e-05 5.1902e-05 5.1900e-05 5.1497e-05 5.0643e-05 4.9298e-05 4.7427e-05 4.5011e-05 4.2052e-05 3.8576e-05 3.4645e-05 3.0351e-05 2.5829e-05 2.1244e-05 1.6784e-05 1.2646e-05 9.0047e-06 5.9953e-06 3.6831e-06 2.0542e-06 1.0194e-06 4.3905e-07 1.5906e-07 4.6596e-08 1.0500e-08 1.7074e-09 1.8445e-10 1.1889e-11 3.9695e-13 5.6890e-15 2.7182e-17 3.0688e-20 5.0897e-24 6.3688e-29 2.3252e-35 6.2323e-44 1.5853e-55 1.7156e-71 6.2664e-94 3.2862e-126 6.2308e-174 9.0313e-247 0.0000e+00 0.0000e+00 0.0000e+00 0.0000e+00 0.0000e+00 0.0000e+00 0.0000e+00 0.0000e+00 0.0000e+00 0.0000e+00
-1.6456e-07 -4.6577e-07 -8.5672e-07 -1.3212e-06 1.9164e-05 -2.4390e-06 -3.0831e-06 -3.7804e-06 -4.5293e-06 -5.3289e-06 -6.1786e-06 -7.0785e-06 -8.0286e-06 -9.0296e-06 -1.0082e-05 -1.1187e-05 -1.2345e-05 -1.3559e-05 -1.4828e-05 -1.6154e-05 -1.7540e-05 -1.8986e-05 -2.0493e-05 -2.2064e-05 -2.3699e-05 -2.5400e-05 -2.7167e-05 -2.9002e-05 -3.0904e-05 -3.2873e-05 -3.4909e-05 -3.7009e-05 -3.9171e-05 -4.1392e-05 -4.3666e-05 -4.5987e-05 -4.8347e-05 -5.0733e-05 -5.3134e-05 -5.5532e-05 -5.7908e-05 -6.0237e-05 -6.2492e-05 -6.4639e-05 -6.6639e-05 -6.8449e-05 -7.0018e-05 -7.1290e-05 -7.2204e-05 -7.2695e-05 -7.2692e-05 -7.2127e-05 -7.0932e-05 -6.9047e-05 -6.6427e-05 -6.3043e-05 -5.8899e-05 -5.4032e-05 -4.8525e-05 -4.2512e-05 -3.6179e-05 -2.9756e-05 -2.3510e-05 -1.7713e-05 -1.2613e-05 -8.3980e-06 -5.1594e-06 -2.8776e-06 -1.4281e-06 -6.1508e-07 -2.2283e-07 -6.5284e-08 -1.4712e-08 -2.3924e-09 -2.5848e-10 -1.6662e-11 -5.5640e-13 -7.9755e-15 -3.8114e-17 -4.3041e-20 -7.1409e-24 -8.9391e-29 -3.2654e-35 -8.7588e-44 -2.2301e-55 -2.4167e-71 -8.8443e-94 -4.6507e-126 -8.8535e-174 -1.2912e-246 0.0000e+00 0.0000e+00 0.0000e+00 0.0000e+00 0.0000e+00 0.0000e+00 0.0000e+00 0.0000e+00 0.0000e+00 0.0000e+00 1.6456e-07 4.6577e-07 8.5672e-07 1.3212e-06 0.0000e+00 2.4390e-06 3.0831e-06 3.7804e-06 4.5293e-06 5.3289e-06 6.1786e-06 7.0785e-06 8.0286e-06 9.0296e-06 1.0082e-05 1.1187e-05 1.2345e-05 1.3559e-05 1.4828e-05 1.6154e-05 1.7540e-05 1.8986e-05 2.0493e-05 2.2064e-05 2.3699e-05 2.5400e-05 2.7167e-05 2.9002e-05 3.0904e-05 3.2873e-05 3.4909e-05 3.7009e-05 3.9171e-05 4.1392e-05 4.3666e-05 4.5987e-05 4.8347e-05 5.0733e-05 5.3134e-05 5.5532e-05 5.7907e-05 6.0237e-05 6.2491e-05 6.4638e-05 6.6639e-05 6.8448e-05 7.0017e-05 7.1289e-05 7.2203e-05 7.2693e-05 7.2690e-05 7.2125e-05 7.0930e-05 6.9045e-05 6.6425e-05 6.3041e-05 5.8897e-05 5.4029e-05 4.8523e-05 4.2510e-05 3.6176e-05 2.9754e-05 2.3508e-05 1.7711e-05 1.2612e-05 8.3969e-06 5.1585e-06 2.8771e-06 1.4278e-06 6.1493e-07 2.2277e-07 6.5262e-08 1.4707e-08 2.3913e-09 2.5833e-10 1.6651e-11 5.5597e-13 7.9679e-15 3.8070e-17 4.2981e-20 7.1286e-24 8.9200e-29 3.2566e-35 8.7289e-44 2.2203e-55 2.4028e-71 8.7767e-94 4.6025e-126 8.7267e-174 1.2649e-246 0.0000e+00 0.0000e+00 0.0000e+00 0.0000e+00 0.0000e+00 0.0000e+00 0.0000e+00 0.0000e+00 0.0000e+00 0.0000e+00
-2.1689e-07 -6.1390e-07 -1.1292e-06 -1.7414e-06 -2.4390e-06 3.9881e-05 -4.0636e-06 -4.9826e-06 -5.9697e-06 -7.0236e-06 -8.1435e-06 -9.3296e-06 -1.0582e-05 -1.1901e-05 -1.3288e-05 -1.4745e-05 -1.6272e-05 -1.7871e-05 -1.9543e-05 -2.1292e-05 -2.3118e-05 -2.5023e-05 -2.7010e-05 -2.9081e-05 -3.1236e-05 -3.3478e-05 -3.5807e-05 -3.8225e-05 -4.0732e-05 -4.3328e-05 -4.6010e-05 -4.8779e-05 -5.1629e-05 -5.4556e-05 -5.7553e-05 -6.0613e-05 -6.3722e-05 -6.6868e-05 -7.0032e-05 -7.3193e-05 -7.6324e-05 -7.9394e-05 -8.2366e-05 -8.5196e-05 -8.7833e-05 -9.0218e-05 -9.2286e-05 -9.3963e-05 -9.5169e-05 -9.5815e-05 -9.5811e-05 -9.5067e-05 -9.3492e-05 -9.1008e-05 -8.7555e-05 -8.3096e-05 -7.7634e-05 -7.1219e-05 -6.3961e-05 -5.6036e-05 -4.7688e-05 -3.9223e-05 -3.0990e-05 -2.3349e-05 -1.6627e-05 -1.1070e-05 -6.8013e-06 -3.7935e-06 -1.8827e-06 -8.1090e-07 -2.9379e-07 -8.6076e-08 -1.9400e-08 -3.1549e-09 -3.4088e-10 -2.1977e-11 -7.3397e-13 -1.0523e-14 -5.0297e-17 -5.6815e-20 -9.4294e-24 -1.1809e-28 -4.3164e-35 -1.1587e-43 -2.9534e-55 -3.2051e-71 -1.1753e-93 -6.1985e-126 -1.1851e-173 -1.7394e-246 0.0000e+00 0.0000e+00 0.0000e+00 0.0000e+00 0.0000e+00 0.0000e+00 0.0000e+00 0.0000e+00 0.0000e+00 0.0000e+00 2.1689e-07 6.1390e-07 1.1292e-06 1.7414e-06 2.4390e-06 0.0000e+00 4.0636e-06 4.9826e-06 5.9697e-06 7.0236e-06 8.1435e-06 9.3296e-06 1.0582e-05 1.1901e-05 1.3288e-05 1.4745e-05 1.6272e-05 1.7871e-05 1.9543e-05 2.1292e-05 2.3118e-05 2.5023e-05 2.7010e-05 2.9081e-05 3.1236e-05 3.3478e-05 3.5807e-05 3.8225e-05 4.0732e-05 4.3327e-05 4.6010e-05 4.8778e-05 5.1629e-05 5.4556e-05 5.7553e-05 6.0612e-05 6.3722e-05 6.6867e-05 7.0031e-05 7.3192e-05 7.6323e-05 7.9393e-05 8.2365e-05 8.5194e-05 8.7831e-05 9.0216e-05 9.2284e-05 9.3961e-05 9.5165e-05 9.5811e-05 9.5808e-05 9.5062e-05 9.3487e-05 9.1003e-05 8.7549e-05 8.3090e-05 7.7627e-05 7.1212e-05 6.3954e-05 5.6029e-05 4.7681e-05 3.9216e-05 3.0984e-05 2.3344e-05 1.6623e-05 1.1067e-05 6.7991e-06 3.7920e-06 1.8818e-06 8.1049e-07 2.9362e-07 8.6016e-08 1.9384e-08 3.1518e-09 3.4049e-10 2.1947e-11 7.3277e-13 1.0502e-14 5.0177e-17 5.6650e-20 9.3956e-24 1.1757e-28 4.2923e-35 1.1505e-43 2.9264e-55 3.1670e-71 1.1568e-93 6.0662e-126 1.1502e-173 1.6671e-246 0.0000e+00 0.0000e+00 0.0000e+00 0.0000e+00 0.0000e+00 0.0000e+00 0.0000e+00 0.0000e+00 0.0000e+00 0.0000e+00
-2.7417e-07 -7.7602e-07 -1.4274e-06 -2.2013e-06 -3.0831e-06 -4.0636e-06 7.4196e-05 -6.2985e-06 -7.5462e-06 -8.8784e-06 -1.0294e-05 -1.1793e-05 -1.3376e-05 -1.5044e-05 -1.6798e-05 -1.8639e-05 -2.0569e-05 -2.2590e-05 -2.4704e-05 -2.6915e-05 -2.9223e-05 -3.1632e-05 -3.4143e-05 -3.6760e-05 -3.9485e-05 -4.2319e-05 -4.5263e-05 -4.8320e-05 -5.1489e-05 -5.4770e-05 -5.8161e-05 -6.1661e-05 -6.5263e-05 -6.8964e-05 -7.2753e-05 -7.6620e-05 -8.0551e-05 -8.4527e-05 -8.8527e-05 -9.2523e-05 -9.6481e-05 -1.0036e-04 -1.0412e-04 -1.0770e-04 -1.1103e-04 -1.1405e-04 -1.1666e-04 -1.1878e-04 -1.2030e-04 -1.2112e-04 -1.2112e-04 -1.2018e-04 -1.1819e-04 -1.1505e-04 -1.1068e-04 -1.0505e-04 -9.8143e-05 -9.0035e-05 -8.0860e-05 -7.0842e-05 -6.0289e-05 -4.9588e-05 -3.9180e-05 -2.9520e-05 -2.1022e-05 -1.3997e-05 -8.5999e-06 -4.7968e-06 -2.3808e-06 -1.0255e-06 -3.7157e-07 -1.0887e-07 -2.4540e-08 -3.9913e-09 -4.3133e-10 -2.7813e-11 -9.2910e-13 -1.3324e-14 -6.3710e-17 -7.1999e-20 -1.1956e-23 -1.4985e-28 -5.4826e-35 -1.4737e-43 -3.7627e-55 -4.0932e-71 -1.5060e-93 -7.9801e-126 -1.5363e-173 -2.2784e-246 0.0000e+00 0.0000e+00 0.0000e+00 0.0000e+00 0.0000e+00 0.0000e+00 0.0000e+00 0.0000e+00 0.0000e+00 0.0000e+00 2.7417e-07 7.7602e-07 1.4274e-06 2.2013e-06 3.0831e-06 4.0636e-06 0.0000e+00 6.2985e-06 7.5462e-06 8.8784e-06 1.0294e-05 1.1793e-05 1.3376e-05 1.5044e-05 1.6798e-05 1.8639e-05 2.0569e-05 2.2590e-05 2.4704e-05 2.6915e-05 2.9223e-05 3.1632e-05 3.4143e-05 3.6760e-05 3.9485e-05 4.2318e-05 4.5263e-05 4.8320e-05 5.1489e-05 5.4770e-05 5.8161e-05 6.1660e-05 6.5263e-05 6.8963e-05 7.2752e-05 7.6619e-05 8.0550e-05 8.4526e-05 8.8526e-05 9.2521e-05 9.6479e-05 1.0036e-04 1.0412e-04 1.0769e-04 1.1103e-04 1.1404e-04 1.1665e-04 1.1877e-04 1.2030e-04 1.2111e-04 1.2111e-04 1.2017e-04 1.1818e-04 1.1504e-04 1.1067e-04 1.0503e-04 9.8127e-05 9.0018e-05 8.0843e-05 7.0825e-05 6.0273e-05 4.9573e-05 3.9166e-05 2.9508e-05 2.1012e-05 1.3990e-05 8.5946e-06 4.7934e-06 2.3788e-06 1.0245e-06 3.7116e-07 1.0873e-07 2.4503e-08 3.9842e-09 4.3041e-10 2.7743e-11 9.2629e-13 1.3275e-14 6.3428e-17 7.1610e-20 1.1877e-23 1.4861e-28 5.4258e-35 1.4543e-43 3.6992e-55 4.0033e-71 1.4623e-93 7.6681e-126 1.4539e-173 2.1073e-246 0.0000e+00 0.0000e+00 0.0000e+00 0.0000e+00 0.0000e+00 0.0000e+00 0.0000e+00 0.0000e+00 0.0000e+00 0.0000e+00
-3.3617e-07 -9.5154e-07 -1.7502e-06 -2.6992e-06 -3.7804e-06 -4.9826e-06 -6.2985e-06 1.2719e-04 -9.2530e-06 -1.0886e-05 -1.2622e-05 -1.4461e-05 -1.6402e-05 -1.8447e-05 -2.0597e-05 -2.2854e-05 -2.5221e-05 -2.7699e-05 -3.0292e-05 -3.3002e-05 -3.5832e-05 -3.8786e-05 -4.1866e-05 -4.5074e-05 -4.8415e-05 -5.1890e-05 -5.5501e-05 -5.9249e-05 -6.3134e-05 -6.7157e-05 -7.1316e-05 -7.5607e-05 -8.0024e-05 -8.4562e-05 -8.9208e-05 -9.3950e-05 -9.8770e-05 -1.0365e-04 -1.0855e-04 -1.1345e-04 -1.1830e-04 -1.2306e-04 -1.2767e-04 -1.3206e-04 -1.3614e-04 -1.3984e-04 -1.4305e-04 -1.4565e-04 -1.4752e-04 -1.4852e-04 -1.4852e-04 -1.4737e-04 -1.4493e-04 -1.4108e-04 -1.3573e-04 -1.2882e-04 -1.2035e-04 -1.1041e-04 -9.9163e-05 -8.6879e-05 -7.3939e-05 -6.0817e-05 -4.8054e-05 -3.6207e-05 -2.5785e-05 -1.7170e-05 -1.0549e-05 -5.8847e-06 -2.9209e-06 -1.2583e-06 -4.5597e-07 -1.3362e-07 -3.0123e-08 -4.9003e-09 -5.2968e-10 -3.4165e-11 -1.1417e-12 -1.6380e-14 -7.8366e-17 -8.8623e-20 -1.4730e-23 -1.8483e-28 -6.7724e-35 -1.8240e-43 -4.6696e-55 -5.0982e-71 -1.8853e-93 -1.0061e-125 -1.9569e-173 -2.9466e-246 0.0000e+00 0.0000e+00 0.0000e+00 0.0000e+00 0.0000e+00 0.0000e+00 0.0000e+00 0.0000e+00 0.0000e+00 0.0000e+00 3.3617e-07 9.5154e-07 1.7502e-06 2.6992e-06 3.7804e-06 4.9826e-06 6.2985e-06 0.0000e+00 9.2530e-06 1.0886e-05 1.2622e-05 1.4461e-05 1.6402e-05 1.8447e-05 2.0597e-05 2.2854e-05 2.5221e-05 2.7699e-05 3.0292e-05 3.3002e-05 3.5832e-05 3.8786e-05 4.1866e-05 4.5074e-05 4.8415e-05 5.1890e-05 5.5500e-05 5.9248e-05 6.3134e-05 6.7157e-05 7.1315e-05 7.5606e-05 8.0023e-05 8.4560e-05 8.9206e-05 9.3948e-05 9.8768e-05 1.0364e-04 1.0855e-04 1.1345e-04 1.1830e-04 1.2306e-04 1.2766e-04 1.3205e-04 1.3614e-04 1.3983e-04 1.4304e-04 1.4564e-04 1.4750e-04 1.4851e-04 1.4850e-04 1.4734e-04 1.4490e-04 1.4105e-04 1.3570e-04 1.2879e-04 1.2032e-04 1.1038e-04 9.9127e-05 8.6843e-05 7.3904e-05 6.0785e-05 4.8025e-05 3.6182e-05 2.5765e-05 1.7154e-05 1.0538e-05 5.8776e-06 2.9168e-06 1.2562e-06 4.5510e-07 1.3332e-07 3.0044e-08 4.8853e-09 5.2775e-10 3.4017e-11 1.1358e-12 1.6278e-14 7.7774e-17 8.7806e-20 1.4563e-23 1.8223e-28 6.6529e-35 1.7832e-43 4.5358e-55 4.9087e-71 1.7929e-93 9.4021e-126 1.7826e-173 2.5836e-246 0.0000e+00 0.0000e+00 0.0000e+00 0.0000e+00 0.0000e+00 0.0000e+00 0.0000e+00 0.0000e+00 0.0000e+00 0.0000e+00
-4.0277e-07 -1.1400e-06 -2.0969e-06 -3.2339e-06 -4.5293e-06 -5.9697e-06 -7.5462e-06 -9.2530e-06 2.0487e-04 -1.3043e-05 -1.5123e-05 -1.7325e-05 -1.9651e-05 -2.2101e-05 -2.4677e-05 -2.7382e-05 -3.0217e-05 -3.3186e-05 -3.6293e-05 -3.9540e-05 -4.2931e-05 -4.6470e-05 -5.0159e-05 -5.4004e-05 -5.8006e-05 -6.2170e-05 -6.6496e-05 -7.0986e-05 -7.5642e-05 -8.0462e-05 -8.5444e-05 -9.0585e-05 -9.5878e-05 -1.0131e-04 -1.0688e-04 -1.1256e-04 -1.1834e-04 -1.2418e-04 -1.3006e-04 -1.3593e-04 -1.4174e-04 -1.4745e-04 -1.5297e-04 -1.5822e-04 -1.6312e-04 -1.6755e-04 -1.7140e-04 -1.7451e-04 -1.7676e-04 -1.7796e-04 -1.7796e-04 -1.7658e-04 -1.7366e-04 -1.6905e-04 -1.6264e-04 -1.5436e-04 -1.4422e-04 -1.3231e-04 -1.1883e-04 -1.0412e-04 -8.8611e-05 -7.2888e-05 -5.7594e-05 -4.3398e-05 -3.0908e-05 -2.0583e-05 -1.2647e-05 -7.0557e-06 -3.5026e-06 -1.5091e-06 -5.4693e-07 -1.6031e-07 -3.6148e-08 -5.8821e-09 -6.3602e-10 -4.1042e-11 -1.3722e-12 -1.9700e-14 -9.4324e-17 -1.0678e-19 -1.7771e-23 -2.2335e-28 -8.2018e-35 -2.2153e-43 -5.6932e-55 -6.2482e-71 -2.3271e-93 -1.2545e-125 -2.4751e-173 -3.8047e-246 0.0000e+00 0.0000e+00 0.0000e+00 0.0000e+00 0.0000e+00 0.0000e+00 0.0000e+00 0.0000e+00 0.0000e+00 0.0000e+00 4.0277e-07 1.1400e-06 2.0969e-06 3.2339e-06 4.5293e-06 5.9697e-06 7.5462e-06 9.2530e-06 0.0000e+00 1.3043e-05 1.5123e-05 1.7325e-05 1.9651e-05 2.2101e-05 2.4677e-05 2.7382e-05 3.0217e-05 3.3186e-05 3.6293e-05 3.9540e-05 4.2931e-05 4.6469e-05 5.0159e-05 5.4004e-05 5.8006e-05 6.2169e-05 6.6495e-05 7.0986e-05 7.5641e-05 8.0461e-05 8.5443e-05 9.0584e-05 9.5876e-05 1.0131e-04 1.0688e-04 1.1256e-04 1.1833e-04 1.2418e-04 1.3005e-04 1.3592e-04 1.4174e-04 1.4744e-04 1.5296e-04 1.5821e-04 1.6311e-04 1.6754e-04 1.7138e-04 1.7449e-04 1.7673e-04 1.7793e-04 1.7792e-04 1.7653e-04 1.7361e-04 1.6900e-04 1.6258e-04 1.5430e-04 1.4416e-04 1.3224e-04 1.1876e-04 1.0405e-04 8.8545e-05 7.2826e-05 5.7538e-05 4.3350e-05 3.0869e-05 2.0552e-05 1.2626e-05 7.0419e-06 3.4947e-06 1.5051e-06 5.4526e-07 1.5974e-07 3.5996e-08 5.8531e-09 6.3231e-10 4.0756e-11 1.3608e-12 1.9502e-14 9.3181e-17 1.0520e-19 1.7448e-23 2.1833e-28 7.9708e-35 2.1365e-43 5.4343e-55 5.8809e-71 2.1480e-93 1.1264e-125 2.1354e-173 3.0944e-246 0.0000e+00 0.0000e+00 0.0000e+00 0.0000e+00 0.0000e+00 0.0000e+00 0.0000e+00 0.0000e+00 0.0000e+00 0.0000e+00
-4.7387e-07 -1.3413e-06 -2.4671e-06 -3.8048e-06 -5.3289e-06 -7.0236e-06 -8.8784e-06 -1.0886e-05 -1.3043e-05 3.1419e-04 -1.7793e-05 -2.0384e-05 -2.3120e-05 -2.6003e-05 -2.9034e-05 -3.2215e-05 -3.5551e-05 -3.9045e-05 -4.2700e-05 -4.6520e-05 -5.0510e-05 -5.4673e-05 -5.9014e-05 -6.3538e-05 -6.8247e-05 -7.3145e-05 -7.8235e-05 -8.3518e-05 -8.8996e-05 -9.4667e-05 -1.0053e-04 -1.0658e-04 -1.1281e-04 -1.1920e-04 -1.2575e-04 -1.3244e-04 -1.3923e-04 -1.4611e-04 -1.5302e-04 -1.5993e-04 -1.6677e-04 -1.7348e-04 -1.7998e-04 -1.8616e-04 -1.9193e-04 -1.9714e-04 -2.0167e-04 -2.0534e-04 -2.0798e-04 -2.0940e-04 -2.0939e-04 -2.0777e-04 -2.0434e-04 -1.9892e-04 -1.9138e-04 -1.8165e-04 -1.6972e-04 -1.5571e-04 -1.3985e-04 -1.2254e-04 -1.0430e-04 -8.5794e-05 -6.7797e-05 -5.1090e-05 -3.6389e-05 -2.4235e-05 -1.4894e-05 -8.3099e-06 -4.1259e-06 -1.7779e-06 -6.4453e-07 -1.8897e-07 -4.2624e-08 -6.9388e-09 -7.5064e-10 -4.8467e-11 -1.6216e-12 -2.3301e-14 -1.1170e-16 -1.2662e-19 -2.1112e-23 -2.6596e-28 -9.7957e-35 -2.6563e-43 -6.8625e-55 -7.5851e-71 -2.8525e-93 -1.5584e-125 -3.1328e-173 -4.9449e-246 0.0000e+00 0.0000e+00 0.0000e+00 0.0000e+00 0.0000e+00 0.0000e+00 0.0000e+00 0.0000e+00 0.0000e+00 0.0000e+00 4.7387e-07 1.3413e-06 2.4671e-06 3.8048e-06 5.3289e-06 7.0236e-06 8.8784e-06 1.0886e-05 1.3043e-05 0.0000e+00 1.7793e-05 2.0384e-05 2.3120e-05 2.6003e-05 2.9034e-05 3.2215e-05 3.5551e-05 3.9045e-05 4.2700e-05 4.6520e-05 5.0509e-05 5.4673e-05 5.9014e-05 6.3537e-05 6.8246e-05 7.3144e-05 7.8234e-05 8.3517e-05 8.8994e-05 9.4665e-05 1.0053e-04 1.0657e-04 1.1280e-04 1.1920e-04 1.2575e-04 1.3243e-04 1.3922e-04 1.4610e-04 1.5301e-04 1.5992e-04 1.6676e-04 1.7346e-04 1.7996e-04 1.8614e-04 1.9190e-04 1.9711e-04 2.0163e-04 2.0529e-04 2.0792e-04 2.0934e-04 2.0933e-04 2.0770e-04 2.0426e-04 1.9883e-04 1.9128e-04 1.8154e-04 1.6961e-04 1.5559e-04 1.3973e-04 1.2242e-04 1.0418e-04 8.5682e-05 6.7696e-05 5.1003e-05 3.6318e-05 2.4181e-05 1.4855e-05 8.2851e-06 4.1116e-06 1.7708e-06 6.4151e-07 1.8793e-07 4.2351e-08 6.8863e-09 7.4393e-10 4.7951e-11 1.6010e-12 2.2945e-14 1.0963e-16 1.2377e-19 2.0528e-23 2.5687e-28 9.3778e-35 2.5136e-43 6.3934e-55 6.9187e-71 2.5270e-93 1.3250e-125 2.5115e-173 3.6381e-246 0.0000e+00 0.0000e+00 0.0000e+00 0.0000e+00 0.0000e+00 0.0000e+00 0.0000e+00 0.0000e+00 0.0000e+00 0.0000e+00
-5.4944e-07 -1.5552e-06 -2.8605e-06 -4.4115e-06 -6.1786e-06 -8.1435e-06 -1.0294e-05 -1.2622e-05 -1.5123e-05 -1.7793e-05 4.6317e-04 -2.3634e-05 -2.6807e-05 -3.0149e-05 -3.3663e-05 -3.7353e-05 -4.1221e-05 -4.5271e-05 -4.9509e-05 -5.3938e-05 -5.8564e-05 -6.3391e-05 -6.8425e-05 -7.3670e-05 -7.9130e-05 -8.4809e-05 -9.0711e-05 -9.6837e-05 -1.0319e-04 -1.0976e-04 -1.1656e-04 -1.2357e-04 -1.3080e-04 -1.3821e-04 -1.4581e-04 -1.5356e-04 -1.6144e-04 -1.6941e-04 -1.7743e-04 -1.8544e-04 -1.9337e-04 -2.0116e-04 -2.0869e-04 -2.1586e-04 -2.2255e-04 -2.2860e-04 -2.3385e-04 -2.3811e-04 -2.4117e-04 -2.4282e-04 -2.4282e-04 -2.4095e-04 -2.3697e-04 -2.3069e-04 -2.2196e-04 -2.1068e-04 -1.9685e-04 -1.8061e-04 -1.6222e-04 -1.4215e-04 -1.2099e-04 -9.9537e-05 -7.8663e-05 -5.9284e-05 -4.2231e-05 -2.8129e-05 -1.7290e-05 -9.6487e-06 -4.7916e-06 -2.0654e-06 -7.4896e-07 -2.1967e-07 -4.9572e-08 -8.0741e-09 -8.7404e-10 -5.6479e-11 -1.8916e-12 -2.7213e-14 -1.3065e-16 -1.4839e-19 -2.4801e-23 -3.1341e-28 -1.1590e-34 -3.1593e-43 -8.2187e-55 -9.1686e-71 -3.4913e-93 -1.9400e-125 -3.9918e-173 -6.5053e-246 0.0000e+00 0.0000e+00 0.0000e+00 0.0000e+00 0.0000e+00 0.0000e+00 0.0000e+00 0.0000e+00 0.0000e+00 0.0000e+00 5.4944e-07 1.5552e-06 2.8605e-06 4.4115e-06 6.1786e-06 8.1435e-06 1.0294e-05 1.2622e-05 1.5123e-05 1.7793e-05 0.0000e+00 2.3634e-05 2.6807e-05 3.0149e-05 3.3663e-05 3.7353e-05 4.1221e-05 4.5271e-05 4.9509e-05 5.3938e-05 5.8564e-05 6.3391e-05 6.8425e-05 7.3669e-05 7.9129e-05 8.4808e-05 9.0709e-05 9.6835e-05 1.0319e-04 1.0976e-04 1.1656e-04 1.2357e-04 1.3079e-04 1.3820e-04 1.4580e-04 1.5355e-04 1.6142e-04 1.6939e-04 1.7741e-04 1.8542e-04 1.9335e-04 2.0112e-04 2.0865e-04 2.1582e-04 2.2250e-04 2.2854e-04 2.3378e-04 2.3803e-04 2.4108e-04 2.4272e-04 2.4271e-04 2.4082e-04 2.3683e-04 2.3054e-04 2.2179e-04 2.1049e-04 1.9665e-04 1.8040e-04 1.6201e-04 1.4194e-04 1.2079e-04 9.9346e-05 7.8491e-05 5.9136e-05 4.2110e-05 2.8036e-05 1.7224e-05 9.6062e-06 4.7672e-06 2.0532e-06 7.4381e-07 2.1790e-07 4.9104e-08 7.9844e-09 8.6255e-10 5.5598e-11 1.8563e-12 2.6604e-14 1.2711e-16 1.4351e-19 2.3801e-23 2.9782e-28 1.0873e-34 2.9143e-43 7.4125e-55 8.0211e-71 2.9294e-93 1.5357e-125 2.9100e-173 4.2121e-246 0.0000e+00 0.0000e+00 0.0000e+00 0.0000e+00 0.0000e+00 0.0000e+00 0.0000e+00 0.0000e+00 0.0000e+00 0.0000e+00
-6.2946e-07 -1.7817e-06 -3.2771e-06 -5.0540e-06 -7.0785e-06 -9.3296e-06 -1.1793e-05 -1.4461e-05 -1.7325e-05 -2.0384e-05 -2.3634e-05 6.6095e-04 -3.0711e-05 -3.4540e-05 -3.8566e-05 -4.2793e-05 -4.7224e-05 -5.1865e-05 -5.6719e-05 -6.1794e-05 -6.7094e-05 -7.2624e-05 -7.8391e-05 -8.4399e-05 -9.0655e-05 -9.7161e-05 -1.0392e-04 -1.1094e-04 -1.1822e-04 -1.2575e-04 -1.3354e-04 -1.4157e-04 -1.4985e-04 -1.5834e-04 -1.6705e-04 -1.7593e-04 -1.8496e-04 -1.9409e-04 -2.0328e-04 -2.1246e-04 -2.2155e-04 -2.3047e-04 -2.3910e-04 -2.4732e-04 -2.5499e-04 -2.6192e-04 -2.6794e-04 -2.7282e-04 -2.7634e-04 -2.7823e-04 -2.7824e-04 -2.7610e-04 -2.7156e-04 -2.6437e-04 -2.5437e-04 -2.4145e-04 -2.2561e-04 -2.0701e-04 -1.8595e-04 -1.6295e-04 -1.3871e-04 -1.1413e-04 -9.0204e-05 -6.7991e-05 -4.8441e-05 -3.2272e-05 -1.9840e-05 -1.1075e-05 -5.5014e-06 -2.3722e-06 -8.6057e-07 -2.5253e-07 -5.7021e-08 -9.2940e-09 -1.0070e-09 -6.5138e-11 -2.1844e-12 -3.1476e-14 -1.5141e-16 -1.7241e-19 -2.8906e-23 -3.6676e-28 -1.3633e-34 -3.7414e-43 -9.8191e-55 -1.1082e-70 -4.2855e-93 -2.4309e-125 -5.1417e-173 -8.6932e-246 0.0000e+00 0.0000e+00 0.0000e+00 0.0000e+00 0.0000e+00 0.0000e+00 0.0000e+00 0.0000e+00 0.0000e+00 0.0000e+00 6.2946e-07 1.7817e-06 3.2771e-06 5.0540e-06 7.0785e-06 9.3296e-06 1.1793e-05 1.4461e-05 1.7325e-05 2.0384e-05 2.3634e-05 0.0000e+00 3.0711e-05 3.4540e-05 3.8566e-05 4.2793e-05 4.7224e-05 5.1864e-05 5.6719e-05 6.1793e-05 6.7093e-05 7.2623e-05 7.8390e-05 8.4398e-05 9.0653e-05 9.7159e-05 1.0392e-04 1.1094e-04 1.1821e-04 1.2575e-04 1.3353e-04 1.4157e-04 1.4984e-04 1.5833e-04 1.6703e-04 1.7591e-04 1.8493e-04 1.9406e-04 2.0325e-04 2.1242e-04 2.2151e-04 2.3042e-04 2.3904e-04 2.4725e-04 2.5490e-04 2.6183e-04 2.6783e-04 2.7269e-04 2.7619e-04 2.7807e-04 2.7805e-04 2.7589e-04 2.7132e-04 2.6411e-04 2.5409e-04 2.4114e-04 2.2529e-04 2.0667e-04 1.8561e-04 1.6261e-04 1.3838e-04 1.1381e-04 8.9922e-05 6.7748e-05 4.8242e-05 3.2120e-05 1.9732e-05 1.1005e-05 5.4615e-06 2.3522e-06 8.5214e-07 2.4964e-07 5.6256e-08 9.1473e-09 9.8817e-10 6.3695e-11 2.1267e-12 3.0478e-14 1.4562e-16 1.6441e-19 2.7267e-23 3.4119e-28 1.2456e-34 3.3385e-43 8.4910e-55 9.1873e-71 3.3547e-93 1.7581e-125 3.3291e-173 4.8116e-246 0.0000e+00 0.0000e+00 0.0000e+00 0.0000e+00 0.0000e+00 0.0000e+00 0.0000e+00 0.0000e+00 0.0000e+00 0.0000e+00
-7.1395e-07 -2.0208e-06 -3.7170e-06 -5.7324e-06 -8.0286e-06 -1.0582e-05 -1.3376e-05 -1.6402e-05 -1.9651e-05 -2.3120e-05 -2.6807e-05 -3.0711e-05 9.1787e-04 -3.9176e-05 -4.3743e-05 -4.8537e-05 -5.3563e-05 -5.8827e-05 -6.4333e-05 -7.0089e-05 -7.6100e-05 -8.2373e-05 -8.8914e-05 -9.5729e-05 -1.0282e-04 -1.1020e-04 -1.1787e-04 -1.2583e-04 -1.3409e-04 -1.4263e-04 -1.5147e-04 -1.6058e-04 -1.6997e-04 -1.7960e-04 -1.8948e-04 -1.9955e-04 -2.0979e-04 -2.2015e-04 -2.3058e-04 -2.4099e-04 -2.5131e-04 -2.6143e-04 -2.7122e-04 -2.8055e-04 -2.8925e-04 -2.9712e-04 -3.0395e-04 -3.0950e-04 -3.1349e-04 -3.1565e-04 -3.1568e-04 -3.1326e-04 -3.0811e-04 -2.9997e-04 -2.8864e-04 -2.7399e-04 -2.5604e-04 -2.3495e-04 -2.1106e-04 -1.8498e-04 -1.5748e-04 -1.2958e-04 -1.0244e-04 -7.7226e-05 -5.5031e-05 -3.6671e-05 -2.2551e-05 -1.2592e-05 -6.2575e-06 -2.6994e-06 -9.7981e-07 -2.8770e-07 -6.5013e-08 -1.0606e-08 -1.1504e-09 -7.4520e-11 -2.5032e-12 -3.6144e-14 -1.7431e-16 -1.9912e-19 -3.3518e-23 -4.2743e-28 -1.5992e-34 -4.4256e-43 -1.1741e-54 -1.3439e-70 -5.2935e-93 -3.0758e-125 -6.7130e-173 -1.1821e-245 0.0000e+00 0.0000e+00 0.0000e+00 0.0000e+00 0.0000e+00 0.0000e+00 0.0000e+00 0.0000e+00 0.0000e+00 0.0000e+00 7.1395e-07 2.0208e-06 3.7170e-06 5.7324e-06 8.0286e-06 1.0582e-05 1.3376e-05 1.6402e-05 1.9651e-05 2.3120e-05 2.6807e-05 3.0711e-05 0.0000e+00 3.9176e-05 4.3743e-05 4.8537e-05 5.3563e-05 5.8826e-05 6.4333e-05 7.0088e-05 7.6099e-05 8.2372e-05 8.8912e-05 9.5727e-05 1.0282e-04 1.1020e-04 1.1787e-04 1.2583e-04 1.3408e-04 1.4262e-04 1.5146e-04 1.6057e-04 1.6995e-04 1.7959e-04 1.8945e-04 1.9952e-04 2.0976e-04 2.2011e-04 2.3053e-04 2.4093e-04 2.5124e-04 2.6135e-04 2.7113e-04 2.8044e-04 2.8912e-04 2.9697e-04 3.0378e-04 3.0930e-04 3.1327e-04 3.1539e-04 3.1538e-04 3.1293e-04 3.0774e-04 2.9956e-04 2.8819e-04 2.7351e-04 2.5553e-04 2.3441e-04 2.1052e-04 1.8443e-04 1.5696e-04 1.2909e-04 1.0199e-04 7.6842e-05 5.4718e-05 3.6431e-05 2.2381e-05 1.2483e-05 6.1947e-06 2.6679e-06 9.6652e-07 2.8315e-07 6.3807e-08 1.0375e-08 1.1208e-09 7.2244e-11 2.4121e-12 3.4569e-14 1.6517e-16 1.8647e-19 3.0926e-23 3.8696e-28 1.4127e-34 3.7861e-43 9.6285e-55 1.0416e-70 3.8024e-93 1.9915e-125 3.7663e-173 5.4281e-246 0.0000e+00 0.0000e+00 0.0000e+00 0.0000e+00 0.0000e+00 0.0000e+00 0.0000e+00 0.0000e+00 0.0000e+00 0.0000e+00
-8.0297e-07 -2.2728e-06 -4.1804e-06 -6.4471e-06 -9.0296e-06 -1.1901e-05 -1.5044e-05 -1.8447e-05 -2.2101e-05 -2.6003e-05 -3.0149e-05 -3.4540e-05 -3.9176e-05 1.2456e-03 -4.9197e-05 -5.4588e-05 -6.0241e-05 -6.6161e-05 -7.2354e-05 -7.8827e-05 -8.5588e-05 -9.2643e-05 -1.0000e-04 -1.0767e-04 -1.1565e-04 -1.2395e-04 -1.3257e-04 -1.4152e-04 -1.5081e-04 -1.6042e-04 -1.7035e-04 -1.8061e-04 -1.9116e-04 -2.0200e-04 -2.1311e-04 -2.2444e-04 -2.3596e-04 -2.4762e-04 -2.5934e-04 -2.7106e-04 -2.8267e-04 -2.9405e-04 -3.0507e-04 -3.1557e-04 -3.2536e-04 -3.3423e-04 -3.4192e-04 -3.4817e-04 -3.5267e-04 -3.5511e-04 -3.5515e-04 -3.5245e-04 -3.4667e-04 -3.3754e-04 -3.2481e-04 -3.0835e-04 -2.8817e-04 -2.6445e-04 -2.3760e-04 -2.0825e-04 -1.7732e-04 -1.4594e-04 -1.1539e-04 -8.7008e-05 -6.2018e-05 -4.1339e-05 -2.5431e-05 -1.4206e-05 -7.0630e-06 -3.0486e-06 -1.1073e-06 -3.2541e-07 -7.3605e-08 -1.2022e-08 -1.3058e-09 -8.4731e-11 -2.8522e-12 -4.1289e-14 -1.9976e-16 -2.2909e-19 -3.8754e-23 -4.9731e-28 -1.8755e-34 -5.2427e-43 -1.4089e-54 -1.6396e-70 -6.5965e-93 -3.9382e-125 -8.8973e-173 -1.6368e-245 0.0000e+00 0.0000e+00 0.0000e+00 0.0000e+00 0.0000e+00 0.0000e+00 0.0000e+00 0.0000e+00 0.0000e+00 0.0000e+00 8.0297e-07 2.2728e-06 4.1804e-06 6.4471e-06 9.0296e-06 1.1901e-05 1.5044e-05 1.8447e-05 2.2101e-05 2.6003e-05 3.0149e-05 3.4540e-05 3.9176e-05 0.0000e+00 4.9196e-05 5.4588e-05 6.0241e-05 6.6160e-05 7.2353e-05 7.8826e-05 8.5587e-05 9.2641e-05 9.9998e-05 1.0766e-04 1.1564e-04 1.2394e-04 1.3256e-04 1.4152e-04 1.5080e-04 1.6041e-04 1.7034e-04 1.8059e-04 1.9114e-04 2.0198e-04 2.1307e-04 2.2440e-04 2.3591e-04 2.4756e-04 2.5927e-04 2.7097e-04 2.8256e-04 2.9393e-04 3.0493e-04 3.1541e-04 3.2517e-04 3.3400e-04 3.4165e-04 3.4786e-04 3.5232e-04 3.5471e-04 3.5470e-04 3.5194e-04 3.4611e-04 3.3691e-04 3.2412e-04 3.0761e-04 2.8739e-04 2.6364e-04 2.3677e-04 2.0743e-04 1.7652e-04 1.4519e-04 1.1471e-04 8.6422e-05 6.1540e-05 4.0973e-05 2.5171e-05 1.4039e-05 6.9670e-06 3.0006e-06 1.0870e-06 3.1845e-07 7.1762e-08 1.1669e-08 1.2605e-09 8.1251e-11 2.7128e-12 3.8879e-14 1.8576e-16 2.0971e-19 3.4780e-23 4.3517e-28 1.5886e-34 4.2571e-43 1.0825e-54 1.1707e-70 4.2711e-93 2.2346e-125 4.2163e-173 6.0451e-246 0.0000e+00 0.0000e+00 0.0000e+00 0.0000e+00 0.0000e+00 0.0000e+00 0.0000e+00 0.0000e+00 0.0000e+00 0.0000e+00
-8.9656e-07 -2.5377e-06 -4.6677e-06 -7.1985e-06 -1.0082e-05 -1.3288e-05 -1.6798e-05 -2.0597e-05 -2.4677e-05 -2.9034e-05 -3.3663e-05 -3.8566e-05 -4.3743e-05 -4.9197e-05 1.6573e-03 -6.0951e-05 -6.7263e-05 -7.3873e-05 -8.0788e-05 -8.8016e-05 -9.5565e-05 -1.0344e-04 -1.1166e-04 -1.2022e-04 -1.2913e-04 -1.3839e-04 -1.4803e-04 -1.5802e-04 -1.6839e-04 -1.7912e-04 -1.9022e-04 -2.0167e-04 -2.1345e-04 -2.2556e-04 -2.3796e-04 -2.5062e-04 -2.6348e-04 -2.7650e-04 -2.8960e-04 -3.0268e-04 -3.1565e-04 -3.2837e-04 -3.4069e-04 -3.5242e-04 -3.6336e-04 -3.7327e-04 -3.8187e-04 -3.8886e-04 -3.9391e-04 -3.9665e-04 -3.9672e-04 -3.9372e-04 -3.8729e-04 -3.7711e-04 -3.6292e-04 -3.4456e-04 -3.2204e-04 -2.9558e-04 -2.6560e-04 -2.3283e-04 -1.9829e-04 -1.6323e-04 -1.2909e-04 -9.7366e-05 -6.9424e-05 -4.6293e-05 -2.8491e-05 -1.5923e-05 -7.9218e-06 -3.4218e-06 -1.2439e-06 -3.6592e-07 -8.2867e-08 -1.3555e-08 -1.4749e-09 -9.5903e-11 -3.2365e-12 -4.7002e-14 -2.2828e-16 -2.6307e-19 -4.4771e-23 -5.7885e-28 -2.2036e-34 -6.2334e-43 -1.7004e-54 -2.0165e-70 -8.3076e-93 -5.1093e-125 -1.1978e-172 -2.3075e-245 0.0000e+00 0.0000e+00 0.0000e+00 0.0000e+00 0.0000e+00 0.0000e+00 0.0000e+00 0.0000e+00 0.0000e+00 0.0000e+00 8.9656e-07 2.5377e-06 4.6677e-06 7.1985e-06 1.0082e-05 1.3288e-05 1.6798e-05 2.0597e-05 2.4677e-05 2.9034e-05 3.3663e-05 3.8566e-05 4.3743e-05 4.9196e-05 0.0000e+00 6.0951e-05 6.7263e-05 7.3872e-05 8.0787e-05 8.8015e-05 9.5563e-05 1.0344e-04 1.1165e-04 1.2021e-04 1.2912e-04 1.3839e-04 1.4802e-04 1.5801e-04 1.6838e-04 1.7910e-04 1.9019e-04 2.0164e-04 2.1342e-04 2.2552e-04 2.3791e-04 2.5056e-04 2.6341e-04 2.7641e-04 2.8949e-04 3.0256e-04 3.1550e-04 3.2819e-04 3.4047e-04 3.5217e-04 3.6307e-04 3.7293e-04 3.8148e-04 3.8841e-04 3.9339e-04 3.9606e-04 3.9604e-04 3.9296e-04 3.8645e-04 3.7618e-04 3.6190e-04 3.4347e-04 3.2089e-04 2.9437e-04 2.6437e-04 2.3161e-04 1.9710e-04 1.6211e-04 1.2808e-04 9.6496e-05 6.8713e-05 4.5749e-05 2.8105e-05 1.5675e-05 7.7790e-06 3.3503e-06 1.2137e-06 3.5557e-07 8.0126e-08 1.3029e-08 1.4075e-09 9.0720e-11 3.0289e-12 4.3409e-14 2.0740e-16 2.3414e-19 3.8830e-23 4.8581e-28 1.7733e-34 4.7513e-43 1.2078e-54 1.3056e-70 4.7588e-93 2.4850e-125 4.6700e-173 6.6329e-246 0.0000e+00 0.0000e+00 0.0000e+00 0.0000e+00 0.0000e+00 0.0000e+00 0.0000e+00 0.0000e+00 0.0000e+00 0.0000e+00
-9.9482e-07 -2.8158e-06 -5.1792e-06 -7.9874e-06 -1.1187e-05 -1.4745e-05 -1.8639e-05 -2.2854e-05 -2.7382e-05 -3.2215e-05 -3.7353e-05 -4.2793e-05 -4.8537e-05 -5.4588e-05 -6.0951e-05 2.1675e-03 -7.4635e-05 -8.1969e-05 -8.9642e-05 -9.7663e-05 -1.0604e-04 -1.1478e-04 -1.2389e-04 -1.3339e-04 -1.4328e-04 -1.5356e-04 -1.6425e-04 -1.7535e-04 -1.8685e-04 -1.9876e-04 -2.1107e-04 -2.2378e-04 -2.3686e-04 -2.5029e-04 -2.6406e-04 -2.7810e-04 -2.9238e-04 -3.0683e-04 -3.2137e-04 -3.3590e-04 -3.5030e-04 -3.6442e-04 -3.7810e-04 -3.9113e-04 -4.0328e-04 -4.1429e-04 -4.2386e-04 -4.3163e-04 -4.3726e-04 -4.4033e-04 -4.4042e-04 -4.3712e-04 -4.3002e-04 -4.1876e-04 -4.0304e-04 -3.8269e-04 -3.5773e-04 -3.2838e-04 -2.9513e-04 -2.5877e-04 -2.2043e-04 -1.8150e-04 -1.4358e-04 -1.0833e-04 -7.7276e-05 -5.1553e-05 -3.1745e-05 -1.7754e-05 -8.8389e-06 -3.8213e-06 -1.3906e-06 -4.0957e-07 -9.2892e-08 -1.5221e-08 -1.6598e-09 -1.0820e-10 -3.6631e-12 -5.3400e-14 -2.6058e-16 -3.0201e-19 -5.1766e-23 -6.7521e-28 -2.5987e-34 -7.4519e-43 -2.0675e-54 -2.5037e-70 -1.0585e-92 -6.7203e-125 -1.6382e-172 -3.3113e-245 0.0000e+00 0.0000e+00 0.0000e+00 0.0000e+00 0.0000e+00 0.0000e+00 0.0000e+00 0.0000e+00 0.0000e+00 0.0000e+00 9.9482e-07 2.8158e-06 5.1792e-06 7.9874e-06 1.1187e-05 1.4745e-05 1.8639e-05 2.2854e-05 2.7382e-05 3.2215e-05 3.7353e-05 4.2793e-05 4.8537e-05 5.4588e-05 6.0951e-05 0.0000e+00 7.4634e-05 8.1968e-05 8.9641e-05 9.7660e-05 1.0604e-04 1.1478e-04 1.2389e-04 1.3339e-04 1.4327e-04 1.5355e-04 1.6424e-04 1.7533e-04 1.8683e-04 1.9873e-04 2.1104e-04 2.2374e-04 2.3681e-04 2.5023e-04 2.6398e-04 2.7801e-04 2.9228e-04 3.0671e-04 3.2122e-04 3.3571e-04 3.5008e-04 3.6416e-04 3.7779e-04 3.9077e-04 4.0286e-04 4.1380e-04 4.2329e-04 4.3098e-04 4.3650e-04 4.3946e-04 4.3945e-04 4.3603e-04 4.2880e-04 4.1741e-04 4.0157e-04 3.8111e-04 3.5606e-04 3.2663e-04 2.9334e-04 2.5699e-04 2.1870e-04 1.7988e-04 1.4212e-04 1.0707e-04 7.6244e-05 5.0763e-05 3.1186e-05 1.7393e-05 8.6316e-06 3.7175e-06 1.3467e-06 3.9453e-07 8.8907e-08 1.4456e-08 1.5617e-09 1.0066e-10 3.3608e-12 4.8164e-14 2.3011e-16 2.5977e-19 4.3078e-23 5.3892e-28 1.9668e-34 5.2685e-43 1.3387e-54 1.4458e-70 5.2616e-93 2.7387e-125 5.1109e-173 7.1376e-246 0.0000e+00 0.0000e+00 0.0000e+00 0.0000e+00 0.0000e+00 0.0000e+00 0.0000e+00 0.0000e+00 0.0000e+00 0.0000e+00
-1.0978e-06 -3.1074e-06 -5.7156e-06 -8.8146e-06 -1.2345e-05 -1.6272e-05 -2.0569e-05 -2.5221e-05 -3.0217e-05 -3.5551e-05 -4.1221e-05 -4.7224e-05 -5.3563e-05 -6.0241e-05 -6.7263e-05 -7.4635e-05 2.7929e-03 -9.0458e-05 -9.8926e-05 -1.0778e-04 -1.1702e-04 -1.2667e-04 -1.3673e-04 -1.4721e-04 -1.5812e-04 -1.6947e-04 -1.8126e-04 -1.9351e-04 -2.0620e-04 -2.1935e-04 -2.3294e-04 -2.4696e-04 -2.6140e-04 -2.7623e-04 -2.9142e-04 -3.0693e-04 -3.2270e-04 -3.3865e-04 -3.5470e-04 -3.7074e-04 -3.8664e-04 -4.0224e-04 -4.1735e-04 -4.3174e-04 -4.4518e-04 -4.5735e-04 -4.6793e-04 -4.7654e-04 -4.8278e-04 -4.8620e-04 -4.8634e-04 -4.8274e-04 -4.7494e-04 -4.6255e-04 -4.4524e-04 -4.2283e-04 -3.9531e-04 -3.6294e-04 -3.2626e-04 -2.8613e-04 -2.4380e-04 -2.0081e-04 -1.5891e-04 -1.1996e-04 -8.5607e-05 -5.7144e-05 -3.5211e-05 -1.9707e-05 -9.8205e-06 -4.2502e-06 -1.5486e-06 -4.5681e-07 -1.0379e-07 -1.7044e-08 -1.8632e-09 -1.2184e-10 -4.1403e-12 -6.0631e-14 -2.9750e-16 -3.4714e-19 -5.9994e-23 -7.9052e-28 -3.0807e-34 -8.9698e-43 -2.5356e-54 -3.1412e-70 -1.3653e-92 -8.9633e-125 -2.2757e-172 -4.8358e-245 0.0000e+00 0.0000e+00 0.0000e+00 0.0000e+00 0.0000e+00 0.0000e+00 0.0000e+00 0.0000e+00 0.0000e+00 0.0000e+00 1.0978e-06 3.1074e-06 5.7156e-06 8.8146e-06 1.2345e-05 1.6272e-05 2.0569e-05 2.5221e-05 3.0217e-05 3.5551e-05 4.1221e-05 4.7224e-05 5.3563e-05 6.0241e-05 6.7263e-05 7.4634e-05 0.0000e+00 9.0456e-05 9.8923e-05 1.0777e-04 1.1702e-04 1.2666e-04 1.3672e-04 1.4720e-04 1.5811e-04 1.6945e-04 1.8125e-04 1.9349e-04 2.0617e-04 2.1931e-04 2.3289e-04 2.4690e-04 2.6133e-04 2.7615e-04 2.9132e-04 3.0680e-04 3.2254e-04 3.3846e-04 3.5448e-04 3.7048e-04 3.8633e-04 4.0187e-04 4.1691e-04 4.3123e-04 4.4458e-04 4.5665e-04 4.6712e-04 4.7560e-04 4.8170e-04 4.8497e-04 4.8495e-04 4.8118e-04 4.7321e-04 4.6063e-04 4.4315e-04 4.2058e-04 3.9293e-04 3.6046e-04 3.2372e-04 2.8360e-04 2.4135e-04 1.9850e-04 1.5683e-04 1.1816e-04 8.4139e-05 5.6019e-05 3.4415e-05 1.9194e-05 9.5253e-06 4.1024e-06 1.4862e-06 4.3538e-07 9.8112e-08 1.5953e-08 1.7234e-09 1.1108e-10 3.7086e-12 5.3147e-14 2.5391e-16 2.8662e-19 4.7526e-23 5.9447e-28 2.1690e-34 5.8078e-43 1.4746e-54 1.5905e-70 5.7727e-93 2.9886e-125 5.5105e-173 7.4631e-246 0.0000e+00 0.0000e+00 0.0000e+00 0.0000e+00 0.0000e+00 0.0000e+00 0.0000e+00 0.0000e+00 0.0000e+00 0.0000e+00
