2.9552e-08 -2.0709e-08 -3.8090e-08 -5.8735e-08 -8.2242e-08 -1.0834e-07 -1.3685e-07 -1.6759e-07 -2.0044e-07 -2.3523e-07 -2.7180e-07 -3.0996e-07 -3.4949e-07 -3.9010e-07 -4.3146e-07 -4.7314e-07 -5.1465e-07 -5.5541e-07 -5.9474e-07 -6.3186e-07 -6.6591e-07 -6.9592e-07 -7.2090e-07 -7.3978e-07 -7.5152e-07 -7.5516e-07 -7.4983e-07 -7.3490e-07 -7.1004e-07 -6.7526e-07 -6.3106e-07 -5.7845e-07 -5.1892e-07 -4.5450e-07 -3.8759e-07 -3.2082e-07 -2.5684e-07 -1.9809e-07 -1.4652e-07 -1.0341e-07 -6.9243e-08 -4.3697e-08 -2.5797e-08 -1.4126e-08 -7.1064e-09 -3.2480e-09 -1.3318e-09 -4.8289e-10 -1.5226e-10 -4.0955e-11 -9.1924e-12 -1.6781e-12 -2.4189e-13 -2.6594e-14 -2.1424e-15 -1.2064e-16 -4.4941e-18 -1.0379e-19 -1.3764e-21 -9.5721e-24 -3.1340e-26 -4.2470e-29 -2.0415e-32 -2.8907e-36 -9.6314e-41 -5.7478e-46 -4.4022e-52 -2.8739e-59 -9.6470e-68 -8.8862e-78 -1.0241e-89 -5.4927e-104 -3.9088e-121 -7.4164e-142 -4.7355e-167 -6.8780e-198 -6.5798e-236 -3.7453e-283 -0.0000e+00 -0.0000e+00 -0.0000e+00 -0.0000e+00 -0.0000e+00 -0.0000e+00 -0.0000e+00 -0.0000e+00 -0.0000e+00 -0.0000e+00 -0.0000e+00 -0.0000e+00 -0.0000e+00 -0.0000e+00 -0.0000e+00 -0.0000e+00 -0.0000e+00 -0.0000e+00 -0.0000e+00 -0.0000e+00 -0.0000e+00 -0.0000e+00 0.0000e+00 -2.0709e-08 -3.8090e-08 -5.8735e-08 -8.2242e-08 -1.0834e-07 -1.3685e-07 -1.6759e-07 -2.0044e-07 -2.3523e-07 -2.7180e-07 -3.0996e-07 -3.4949e-07 -3.9010e-07 -4.3146e-07 -4.7314e-07 -5.1465e-07 -5.5541e-07 -5.9474e-07 -6.3186e-07 -6.6591e-07 -6.9592e-07 -7.2090e-07 -7.3978e-07 -7.5152e-07 -7.5516e-07 -7.4983e-07 -7.3490e-07 -7.1003e-07 -6.7526e-07 -6.3106e-07 -5.7844e-07 -5.1892e-07 -4.5450e-07 -3.8759e-07 -3.2081e-07 -2.5684e-07 -1.9809e-07 -1.4652e-07 -1.0341e-07 -6.9243e-08 -4.3697e-08 -2.5797e-08 -1.4126e-08 -7.1063e-09 -3.2480e-09 -1.3318e-09 -4.8289e-10 -1.5226e-10 -4.0955e-11 -9.1923e-12 -1.6781e-12 -2.4188e-13 -2.6594e-14 -2.1423e-15 -1.2064e-16 -4.4940e-18 -1.0379e-19 -1.3763e-21 -9.5718e-24 -3.1339e-26 -4.2469e-29 -2.0414e-32 -2.8905e-36 -9.6309e-41 -5.7474e-46 -4.4019e-52 -2.8736e-59 -9.6460e-68 -8.8851e-78 -1.0240e-89 -5.4918e-104 -3.9080e-121 -7.4147e-142 -4.7342e-167 -6.8758e-198 -6.5772e-236 -3.7435e-283 -0.0000e+00 -0.0000e+00 -0.0000e+00 -0.0000e+00 -0.0000e+00 -0.0000e+00 -0.0000e+00 -0.0000e+00 -0.0000e+00 -0.0000e+00 -0.0000e+00 -0.0000e+00 -0.0000e+00 -0.0000e+00 -0.0000e+00 -0.0000e+00 -0.0000e+00 -0.0000e+00 -0.0000e+00 -0.0000e+00 -0.0000e+00 -0.0000e+00
-2.0709e-08 4.7331e-07 -1.0781e-07 -1.6625e-07 -2.3278e-07 -3.0666e-07 -3.8734e-07 -4.7437e-07 -5.6732e-07 -6.6579e-07 -7.6931e-07 -8.7734e-07 -9.8922e-07 -1.1042e-06 -1.2212e-06 -1.3392e-06 -1.4567e-06 -1.5721e-06 -1.6834e-06 -1.7884e-06 -1.8848e-06 -1.9698e-06 -2.0405e-06 -2.0939e-06 -2.1272e-06 -2.1374e-06 -2.1224e-06 -2.0801e-06 -2.0097e-06 -1.9113e-06 -1.7862e-06 -1.6373e-06 -1.4688e-06 -1.2865e-06 -1.0971e-06 -9.0808e-07 -7.2699e-07 -5.6071e-07 -4.1475e-07 -2.9272e-07 -1.9600e-07 -1.2369e-07 -7.3022e-08 -3.9988e-08 -2.0116e-08 -9.1944e-09 -3.7702e-09 -1.3670e-09 -4.3103e-10 -1.1594e-10 -2.6024e-11 -4.7511e-12 -6.8484e-13 -7.5298e-14 -6.0661e-15 -3.4161e-16 -1.2726e-17 -2.9392e-19 -3.8981e-21 -2.7112e-23 -8.8775e-26 -1.2032e-28 -5.7841e-32 -8.1914e-36 -2.7298e-40 -1.6294e-45 -1.2482e-51 -8.1510e-59 -2.7370e-67 -2.5221e-77 -2.9081e-89 -1.5605e-103 -1.1112e-120 -2.1101e-141 -1.3486e-166 -1.9610e-197 -1.8787e-235 -1.0713e-282 -0.0000e+00 -0.0000e+00 -0.0000e+00 -0.0000e+00 -0.0000e+00 -0.0000e+00 -0.0000e+00 -0.0000e+00 -0.0000e+00 -0.0000e+00 -0.0000e+00 -0.0000e+00 -0.0000e+00 -0.0000e+00 -0.0000e+00 -0.0000e+00 -0.0000e+00 -0.0000e+00 -0.0000e+00 -0.0000e+00 -0.0000e+00 -0.0000e+00 -2.0709e-08 0.0000e+00 -1.0781e-07 -1.6625e-07 -2.3278e-07 -3.0666e-07 -3.8734e-07 -4.7437e-07 -5.6732e-07 -6.6579e-07 -7.6931e-07 -8.7734e-07 -9.8922e-07 -1.1042e-06 -1.2212e-06 -1.3392e-06 -1.4567e-06 -1.5721e-06 -1.6834e-06 -1.7884e-06 -1.8848e-06 -1.9698e-06 -2.0405e-06 -2.0939e-06 -2.1272e-06 -2.1374e-06 -2.1224e-06 -2.0801e-06 -2.0097e-06 -1.9113e-06 -1.7862e-06 -1.6373e-06 -1.4688e-06 -1.2865e-06 -1.0971e-06 -9.0806e-07 -7.2698e-07 -5.6069e-07 -4.1473e-07 -2.9271e-07 -1.9599e-07 -1.2368e-07 -7.3018e-08 -3.9985e-08 -2.0115e-08 -9.1937e-09 -3.7698e-09 -1.3669e-09 -4.3098e-10 -1.1593e-10 -2.6020e-11 -4.7502e-12 -6.8470e-13 -7.5281e-14 -6.0645e-15 -3.4151e-16 -1.2722e-17 -2.9381e-19 -3.8965e-21 -2.7099e-23 -8.8726e-26 -1.2024e-28 -5.7800e-32 -8.1846e-36 -2.7272e-40 -1.6276e-45 -1.2467e-51 -8.1392e-59 -2.7324e-67 -2.5172e-77 -2.9015e-89 -1.5564e-103 -1.1078e-120 -2.1023e-141 -1.3427e-166 -1.9509e-197 -1.8671e-235 -1.0633e-282 -0.0000e+00 -0.0000e+00 -0.0000e+00 -0.0000e+00 -0.0000e+00 -0.0000e+00 -0.0000e+00 -0.0000e+00 -0.0000e+00 -0.0000e+00 -0.0000e+00 -0.0000e+00 -0.0000e+00 -0.0000e+00 -0.0000e+00 -0.0000e+00 -0.0000e+00 -0.0000e+00 -0.0000e+00 -0.0000e+00 -0.0000e+00 -0.0000e+00
-3.8090e-08 -1.0781e-07 2.4000e-06 -3.0577e-07 -4.2814e-07 -5.6403e-07 -7.1242e-07 -8.7248e-07 -1.0435e-06 -1.2246e-06 -1.4150e-06 -1.6137e-06 -1.8194e-06 -2.0309e-06 -2.2461e-06 -2.4631e-06 -2.6792e-06 -2.8914e-06 -3.0962e-06 -3.2894e-06 -3.4667e-06 -3.6230e-06 -3.7530e-06 -3.8513e-06 -3.9125e-06 -3.9314e-06 -3.9037e-06 -3.8260e-06 -3.6966e-06 -3.5156e-06 -3.2855e-06 -3.0116e-06 -2.7018e-06 -2.3664e-06 -2.0181e-06 -1.6704e-06 -1.3373e-06 -1.0315e-06 -7.6298e-07 -5.3852e-07 -3.6060e-07 -2.2757e-07 -1.3435e-07 -7.3576e-08 -3.7016e-08 -1.6920e-08 -6.9384e-09 -2.5159e-09 -7.9336e-10 -2.1343e-10 -4.7911e-11 -8.7478e-12 -1.2611e-12 -1.3868e-13 -1.1175e-14 -6.2943e-16 -2.3454e-17 -5.4184e-19 -7.1883e-21 -5.0014e-23 -1.6383e-25 -2.2215e-28 -1.0685e-31 -1.5142e-35 -5.0498e-40 -3.0168e-45 -2.3134e-51 -1.5125e-58 -5.0857e-67 -4.6941e-77 -5.4230e-89 -2.9169e-103 -2.0829e-120 -3.9684e-141 -2.5466e-166 -3.7215e-197 -3.5870e-235 -2.0607e-282 -0.0000e+00 -0.0000e+00 -0.0000e+00 -0.0000e+00 -0.0000e+00 -0.0000e+00 -0.0000e+00 -0.0000e+00 -0.0000e+00 -0.0000e+00 -0.0000e+00 -0.0000e+00 -0.0000e+00 -0.0000e+00 -0.0000e+00 -0.0000e+00 -0.0000e+00 -0.0000e+00 -0.0000e+00 -0.0000e+00 -0.0000e+00 -0.0000e+00 -3.8090e-08 -1.0781e-07 0.0000e+00 -3.0577e-07 -4.2814e-07 -5.6403e-07 -7.1242e-07 -8.7248e-07 -1.0435e-06 -1.2246e-06 -1.4150e-06 -1.6137e-06 -1.8194e-06 -2.0309e-06 -2.2461e-06 -2.4631e-06 -2.6792e-06 -2.8914e-06 -3.0962e-06 -3.2894e-06 -3.4667e-06 -3.6229e-06 -3.7530e-06 -3.8513e-06 -3.9124e-06 -3.9313e-06 -3.9036e-06 -3.8259e-06 -3.6965e-06 -3.5154e-06 -3.2853e-06 -3.0114e-06 -2.7016e-06 -2.3662e-06 -2.0179e-06 -1.6702e-06 -1.3372e-06 -1.0313e-06 -7.6285e-07 -5.3842e-07 -3.6051e-07 -2.2751e-07 -1.3431e-07 -7.3552e-08 -3.7002e-08 -1.6912e-08 -6.9350e-09 -2.5145e-09 -7.9287e-10 -2.1328e-10 -4.7873e-11 -8.7400e-12 -1.2598e-12 -1.3852e-13 -1.1160e-14 -6.2850e-16 -2.3415e-17 -5.4081e-19 -7.1728e-21 -4.9891e-23 -1.6337e-25 -2.2144e-28 -1.0646e-31 -1.5079e-35 -5.0257e-40 -3.0002e-45 -2.2988e-51 -1.5014e-58 -5.0428e-67 -4.6482e-77 -5.3613e-89 -2.8781e-103 -2.0504e-120 -3.8958e-141 -2.4916e-166 -3.6263e-197 -3.4777e-235 -1.9857e-282 -0.0000e+00 -0.0000e+00 -0.0000e+00 -0.0000e+00 -0.0000e+00 -0.0000e+00 -0.0000e+00 -0.0000e+00 -0.0000e+00 -0.0000e+00 -0.0000e+00 -0.0000e+00 -0.0000e+00 -0.0000e+00 -0.0000e+00 -0.0000e+00 -0.0000e+00 -0.0000e+00 -0.0000e+00 -0.0000e+00 -0.0000e+00 -0.0000e+00
-5.8735e-08 -1.6625e-07 -3.0577e-07 7.6023e-06 -6.6020e-07 -8.6975e-07 -1.0986e-06 -1.3454e-06 -1.6090e-06 -1.8883e-06 -2.1819e-06 -2.4883e-06 -2.8056e-06 -3.1316e-06 -3.4636e-06 -3.7982e-06 -4.1315e-06 -4.4587e-06 -4.7745e-06 -5.0725e-06 -5.3459e-06 -5.5869e-06 -5.7875e-06 -5.9391e-06 -6.0335e-06 -6.0628e-06 -6.0202e-06 -5.9005e-06 -5.7010e-06 -5.4219e-06 -5.0673e-06 -4.6449e-06 -4.1672e-06 -3.6501e-06 -3.1129e-06 -2.5768e-06 -2.0631e-06 -1.5913e-06 -1.1772e-06 -8.3094e-07 -5.5645e-07 -3.5121e-07 -2.0737e-07 -1.1358e-07 -5.7148e-08 -2.6126e-08 -1.0716e-08 -3.8864e-09 -1.2258e-09 -3.2986e-10 -7.4069e-11 -1.3529e-11 -1.9511e-12 -2.1465e-13 -1.7304e-14 -9.7525e-16 -3.6364e-17 -8.4069e-19 -1.1162e-20 -7.7739e-23 -2.5494e-25 -3.4612e-28 -1.6673e-31 -2.3667e-35 -7.9085e-40 -4.7354e-45 -3.6411e-51 -2.3879e-58 -8.0590e-67 -7.4707e-77 -8.6750e-89 -4.6943e-103 -3.3764e-120 -6.4888e-141 -4.2075e-166 -6.2263e-197 -6.0931e-235 -3.5659e-282 -0.0000e+00 -0.0000e+00 -0.0000e+00 -0.0000e+00 -0.0000e+00 -0.0000e+00 -0.0000e+00 -0.0000e+00 -0.0000e+00 -0.0000e+00 -0.0000e+00 -0.0000e+00 -0.0000e+00 -0.0000e+00 -0.0000e+00 -0.0000e+00 -0.0000e+00 -0.0000e+00 -0.0000e+00 -0.0000e+00 -0.0000e+00 -0.0000e+00 -5.8735e-08 -1.6625e-07 -3.0577e-07 0.0000e+00 -6.6020e-07 -8.6975e-07 -1.0986e-06 -1.3454e-06 -1.6090e-06 -1.8883e-06 -2.1819e-06 -2.4883e-06 -2.8056e-06 -3.1316e-06 -3.4636e-06 -3.7982e-06 -4.1314e-06 -4.4586e-06 -4.7744e-06 -5.0724e-06 -5.3457e-06 -5.5867e-06 -5.7872e-06 -5.9388e-06 -6.0331e-06 -6.0623e-06 -6.0196e-06 -5.8998e-06 -5.7002e-06 -5.4211e-06 -5.0664e-06 -4.6440e-06 -4.1662e-06 -3.6491e-06 -3.1119e-06 -2.5758e-06 -2.0622e-06 -1.5906e-06 -1.1765e-06 -8.3042e-07 -5.5605e-07 -3.5092e-07 -2.0718e-07 -1.1346e-07 -5.7080e-08 -2.6091e-08 -1.0700e-08 -3.8798e-09 -1.2234e-09 -3.2913e-10 -7.3884e-11 -1.3490e-11 -1.9448e-12 -2.1387e-13 -1.7233e-14 -9.7071e-16 -3.6172e-17 -8.3566e-19 -1.1087e-20 -7.7138e-23 -2.5269e-25 -3.4265e-28 -1.6482e-31 -2.3358e-35 -7.7901e-40 -4.6542e-45 -3.5693e-51 -2.3337e-58 -7.8480e-67 -7.2446e-77 -8.3708e-89 -4.5032e-103 -3.2163e-120 -6.1295e-141 -3.9347e-166 -5.7524e-197 -5.5473e-235 -3.1891e-282 -0.0000e+00 -0.0000e+00 -0.0000e+00 -0.0000e+00 -0.0000e+00 -0.0000e+00 -0.0000e+00 -0.0000e+00 -0.0000e+00 -0.0000e+00 -0.0000e+00 -0.0000e+00 -0.0000e+00 -0.0000e+00 -0.0000e+00 -0.0000e+00 -0.0000e+00 -0.0000e+00 -0.0000e+00 -0.0000e+00 -0.0000e+00 -0.0000e+00
-8.2242e-08 -2.3278e-07 -4.2814e-07 -6.6020e-07 1.8614e-05 -1.2178e-06 -1.5382e-06 -1.8838e-06 -2.2530e-06 -2.6440e-06 -3.0551e-06 -3.4841e-06 -3.9285e-06 -4.3850e-06 -4.8499e-06 -5.3184e-06 -5.7851e-06 -6.2433e-06 -6.6855e-06 -7.1030e-06 -7.4859e-06 -7.8235e-06 -8.1045e-06 -8.3170e-06 -8.4494e-06 -8.4907e-06 -8.4312e-06 -8.2639e-06 -7.9848e-06 -7.5944e-06 -7.0980e-06 -6.5068e-06 -5.8380e-06 -5.1139e-06 -4.3617e-06 -3.6109e-06 -2.8914e-06 -2.2305e-06 -1.6503e-06 -1.1651e-06 -7.8034e-07 -4.9262e-07 -2.9094e-07 -1.5939e-07 -8.0225e-08 -3.6689e-08 -1.5054e-08 -5.4622e-09 -1.7237e-09 -4.6409e-10 -1.0428e-10 -1.9059e-11 -2.7510e-12 -3.0293e-13 -2.4446e-14 -1.3794e-15 -5.1503e-17 -1.1925e-18 -1.5862e-20 -1.1069e-22 -3.6383e-25 -4.9527e-28 -2.3931e-31 -3.4089e-35 -1.1437e-39 -6.8807e-45 -5.3195e-51 -3.5109e-58 -1.1937e-66 -1.1162e-76 -1.3093e-88 -7.1703e-103 -5.2302e-120 -1.0220e-140 -6.7579e-166 -1.0236e-196 -1.0297e-234 -6.2267e-282 -0.0000e+00 -0.0000e+00 -0.0000e+00 -0.0000e+00 -0.0000e+00 -0.0000e+00 -0.0000e+00 -0.0000e+00 -0.0000e+00 -0.0000e+00 -0.0000e+00 -0.0000e+00 -0.0000e+00 -0.0000e+00 -0.0000e+00 -0.0000e+00 -0.0000e+00 -0.0000e+00 -0.0000e+00 -0.0000e+00 -0.0000e+00 -0.0000e+00 -8.2242e-08 -2.3278e-07 -4.2814e-07 -6.6020e-07 0.0000e+00 -1.2178e-06 -1.5382e-06 -1.8838e-06 -2.2530e-06 -2.6440e-06 -3.0551e-06 -3.4841e-06 -3.9284e-06 -4.3849e-06 -4.8498e-06 -5.3183e-06 -5.7849e-06 -6.2431e-06 -6.6852e-06 -7.1025e-06 -7.4853e-06 -7.8228e-06 -8.1036e-06 -8.3159e-06 -8.4481e-06 -8.4890e-06 -8.4293e-06 -8.2617e-06 -7.9823e-06 -7.5915e-06 -7.0949e-06 -6.5035e-06 -5.8346e-06 -5.1105e-06 -4.3583e-06 -3.6077e-06 -2.8884e-06 -2.2279e-06 -1.6481e-06 -1.1633e-06 -7.7899e-07 -4.9165e-07 -2.9029e-07 -1.5899e-07 -7.9993e-08 -3.6569e-08 -1.4998e-08 -5.4393e-09 -1.7155e-09 -4.6159e-10 -1.0364e-10 -1.8928e-11 -2.7295e-12 -3.0026e-13 -2.4202e-14 -1.3638e-15 -5.0843e-17 -1.1752e-18 -1.5601e-20 -1.0862e-22 -3.5610e-25 -4.8331e-28 -2.3273e-31 -3.3021e-35 -1.1028e-39 -6.5996e-45 -5.0709e-51 -3.3230e-58 -1.1204e-66 -1.0375e-76 -1.2032e-88 -6.5013e-103 -4.6678e-120 -8.9522e-141 -5.7908e-166 -8.5448e-197 -8.3343e-235 -4.8588e-282 -0.0000e+00 -0.0000e+00 -0.0000e+00 -0.0000e+00 -0.0000e+00 -0.0000e+00 -0.0000e+00 -0.0000e+00 -0.0000e+00 -0.0000e+00 -0.0000e+00 -0.0000e+00 -0.0000e+00 -0.0000e+00 -0.0000e+00 -0.0000e+00 -0.0000e+00 -0.0000e+00 -0.0000e+00 -0.0000e+00 -0.0000e+00 -0.0000e+00
-1.0834e-07 -3.0666e-07 -5.6403e-07 -8.6975e-07 -1.2178e-06 3.8736e-05 -2.0264e-06 -2.4817e-06 -2.9681e-06 -3.4832e-06 -4.0248e-06 -4.5900e-06 -5.1754e-06 -5.7769e-06 -6.3893e-06 -7.0067e-06 -7.6216e-06 -8.2254e-06 -8.8082e-06 -9.3583e-06 -9.8630e-06 -1.0308e-05 -1.0679e-05 -1.0959e-05 -1.1134e-05 -1.1189e-05 -1.1111e-05 -1.0892e-05 -1.0525e-05 -1.0011e-05 -9.3573e-06 -8.5790e-06 -7.6981e-06 -6.7444e-06 -5.7532e-06 -4.7638e-06 -3.8153e-06 -2.9440e-06 -2.1787e-06 -1.5386e-06 -1.0309e-06 -6.5105e-07 -3.8467e-07 -2.1085e-07 -1.0618e-07 -4.8590e-08 -1.9951e-08 -7.2449e-09 -2.2883e-09 -6.1673e-10 -1.3873e-10 -2.5390e-11 -3.6701e-12 -4.0481e-13 -3.2729e-14 -1.8507e-15 -6.9268e-17 -1.6083e-18 -2.1459e-20 -1.5029e-22 -4.9601e-25 -6.7836e-28 -3.2953e-31 -4.7230e-35 -1.5958e-39 -9.6785e-45 -7.5526e-51 -5.0386e-58 -1.7345e-66 -1.6453e-76 -1.9622e-88 -1.0954e-102 -8.1692e-120 -1.6377e-140 -1.1156e-165 -1.7485e-196 -1.8299e-234 -1.1582e-281 -0.0000e+00 -0.0000e+00 -0.0000e+00 -0.0000e+00 -0.0000e+00 -0.0000e+00 -0.0000e+00 -0.0000e+00 -0.0000e+00 -0.0000e+00 -0.0000e+00 -0.0000e+00 -0.0000e+00 -0.0000e+00 -0.0000e+00 -0.0000e+00 -0.0000e+00 -0.0000e+00 -0.0000e+00 -0.0000e+00 -0.0000e+00 -0.0000e+00 -1.0834e-07 -3.0666e-07 -5.6403e-07 -8.6975e-07 -1.2178e-06 0.0000e+00 -2.0264e-06 -2.4817e-06 -2.9680e-06 -3.4832e-06 -4.0248e-06 -4.5900e-06 -5.1753e-06 -5.7767e-06 -6.3891e-06 -7.0063e-06 -7.6211e-06 -8.2248e-06 -8.8073e-06 -9.3571e-06 -9.8614e-06 -1.0306e-05 -1.0676e-05 -1.0956e-05 -1.1130e-05 -1.1185e-05 -1.1106e-05 -1.0885e-05 -1.0518e-05 -1.0003e-05 -9.3489e-06 -8.5700e-06 -7.6888e-06 -6.7350e-06 -5.7440e-06 -4.7550e-06 -3.8073e-06 -2.9368e-06 -2.1727e-06 -1.5338e-06 -1.0272e-06 -6.4839e-07 -3.8289e-07 -2.0974e-07 -1.0555e-07 -4.8261e-08 -1.9798e-08 -7.1820e-09 -2.2658e-09 -6.0987e-10 -1.3699e-10 -2.5029e-11 -3.6111e-12 -3.9746e-13 -3.2058e-14 -1.8078e-15 -6.7451e-17 -1.5606e-18 -2.0739e-20 -1.4457e-22 -4.7465e-25 -6.4526e-28 -3.1130e-31 -4.4266e-35 -1.4822e-39 -8.8959e-45 -6.8590e-51 -4.5128e-58 -1.5288e-66 -1.4236e-76 -1.6619e-88 -9.0501e-103 -6.5587e-120 -1.2720e-140 -8.3387e-166 -1.2505e-196 -1.2439e-234 -7.4268e-282 -0.0000e+00 -0.0000e+00 -0.0000e+00 -0.0000e+00 -0.0000e+00 -0.0000e+00 -0.0000e+00 -0.0000e+00 -0.0000e+00 -0.0000e+00 -0.0000e+00 -0.0000e+00 -0.0000e+00 -0.0000e+00 -0.0000e+00 -0.0000e+00 -0.0000e+00 -0.0000e+00 -0.0000e+00 -0.0000e+00 -0.0000e+00 -0.0000e+00
-1.3685e-07 -3.8734e-07 -7.1242e-07 -1.0986e-06 -1.5382e-06 -2.0264e-06 7.2067e-05 -3.1347e-06 -3.7489e-06 -4.3997e-06 -5.0838e-06 -5.7977e-06 -6.5372e-06 -7.2970e-06 -8.0707e-06 -8.8506e-06 -9.6275e-06 -1.0391e-05 -1.1127e-05 -1.1822e-05 -1.2460e-05 -1.3023e-05 -1.3492e-05 -1.3847e-05 -1.4070e-05 -1.4140e-05 -1.4043e-05 -1.3767e-05 -1.3305e-05 -1.2657e-05 -1.1833e-05 -1.0851e-05 -9.7385e-06 -8.5341e-06 -7.2819e-06 -6.0314e-06 -4.8323e-06 -3.7301e-06 -2.7618e-06 -1.9514e-06 -1.3082e-06 -8.2669e-07 -4.8880e-07 -2.6814e-07 -1.3516e-07 -6.1912e-08 -2.5451e-08 -9.2540e-09 -2.9272e-09 -7.9022e-10 -1.7809e-10 -3.2662e-11 -4.7324e-12 -5.2339e-13 -4.2445e-14 -2.4084e-15 -9.0491e-17 -2.1103e-18 -2.8299e-20 -1.9931e-22 -6.6204e-25 -9.1207e-28 -4.4675e-31 -6.4638e-35 -2.2076e-39 -1.3553e-44 -1.0724e-50 -7.2683e-58 -2.5474e-66 -2.4662e-76 -3.0103e-88 -1.7252e-102 -1.3255e-119 -2.7483e-140 -1.9446e-165 -3.1813e-196 -3.4939e-234 -2.3347e-281 -0.0000e+00 -0.0000e+00 -0.0000e+00 -0.0000e+00 -0.0000e+00 -0.0000e+00 -0.0000e+00 -0.0000e+00 -0.0000e+00 -0.0000e+00 -0.0000e+00 -0.0000e+00 -0.0000e+00 -0.0000e+00 -0.0000e+00 -0.0000e+00 -0.0000e+00 -0.0000e+00 -0.0000e+00 -0.0000e+00 -0.0000e+00 -0.0000e+00 -1.3685e-07 -3.8734e-07 -7.1242e-07 -1.0986e-06 -1.5382e-06 -2.0264e-06 0.0000e+00 -3.1346e-06 -3.7489e-06 -4.3996e-06 -5.0837e-06 -5.7976e-06 -6.5369e-06 -7.2966e-06 -8.0701e-06 -8.8498e-06 -9.6264e-06 -1.0389e-05 -1.1125e-05 -1.1820e-05 -1.2457e-05 -1.3019e-05 -1.3486e-05 -1.3840e-05 -1.4061e-05 -1.4129e-05 -1.4031e-05 -1.3753e-05 -1.3288e-05 -1.2639e-05 -1.1813e-05 -1.0830e-05 -9.7167e-06 -8.5119e-06 -7.2602e-06 -6.0107e-06 -4.8133e-06 -3.7134e-06 -2.7476e-06 -1.9399e-06 -1.2995e-06 -8.2042e-07 -4.8459e-07 -2.6552e-07 -1.3366e-07 -6.1137e-08 -2.5090e-08 -9.1057e-09 -2.8742e-09 -7.7405e-10 -1.7398e-10 -3.1810e-11 -4.5933e-12 -5.0603e-13 -4.0858e-14 -2.3068e-15 -8.6188e-17 -1.9972e-18 -2.6588e-20 -1.8573e-22 -6.1121e-25 -8.3314e-28 -4.0319e-31 -5.7538e-35 -1.9346e-39 -1.1667e-44 -9.0459e-51 -5.9906e-58 -2.0450e-66 -1.9213e-76 -2.2667e-88 -1.2498e-102 -9.1914e-120 -1.8139e-140 -1.2141e-165 -1.8666e-196 -1.9128e-234 -1.1836e-281 -0.0000e+00 -0.0000e+00 -0.0000e+00 -0.0000e+00 -0.0000e+00 -0.0000e+00 -0.0000e+00 -0.0000e+00 -0.0000e+00 -0.0000e+00 -0.0000e+00 -0.0000e+00 -0.0000e+00 -0.0000e+00 -0.0000e+00 -0.0000e+00 -0.0000e+00 -0.0000e+00 -0.0000e+00 -0.0000e+00 -0.0000e+00 -0.0000e+00
-1.6759e-07 -4.7437e-07 -8.7248e-07 -1.3454e-06 -1.8838e-06 -2.4817e-06 -3.1347e-06 1.2354e-04 -4.5913e-06 -5.3882e-06 -6.2261e-06 -7.1005e-06 -8.0062e-06 -8.9369e-06 -9.8847e-06 -1.0840e-05 -1.1792e-05 -1.2727e-05 -1.3630e-05 -1.4482e-05 -1.5265e-05 -1.5955e-05 -1.6531e-05 -1.6968e-05 -1.7242e-05 -1.7331e-05 -1.7215e-05 -1.6879e-05 -1.6315e-05 -1.5524e-05 -1.4517e-05 -1.3316e-05 -1.1955e-05 -1.0480e-05 -8.9465e-06 -7.4137e-06 -5.9429e-06 -4.5902e-06 -3.4009e-06 -2.4048e-06 -1.6136e-06 -1.0207e-06 -6.0416e-07 -3.3183e-07 -1.6749e-07 -7.6845e-08 -3.1645e-08 -1.1529e-08 -3.6549e-09 -9.8915e-10 -2.2355e-10 -4.1129e-11 -5.9805e-12 -6.6408e-13 -5.4099e-14 -3.0852e-15 -1.1659e-16 -2.7365e-18 -3.6962e-20 -2.6246e-22 -8.7986e-25 -1.2248e-27 -6.0693e-31 -8.8969e-35 -3.0835e-39 -1.9246e-44 -1.5513e-50 -1.0734e-57 -3.8501e-66 -3.8249e-76 -4.8049e-88 -2.8432e-102 -2.2636e-119 -4.8820e-140 -3.6089e-165 -6.1982e-196 -7.1858e-234 -5.1010e-281 -0.0000e+00 -0.0000e+00 -0.0000e+00 -0.0000e+00 -0.0000e+00 -0.0000e+00 -0.0000e+00 -0.0000e+00 -0.0000e+00 -0.0000e+00 -0.0000e+00 -0.0000e+00 -0.0000e+00 -0.0000e+00 -0.0000e+00 -0.0000e+00 -0.0000e+00 -0.0000e+00 -0.0000e+00 -0.0000e+00 -0.0000e+00 -0.0000e+00 -1.6759e-07 -4.7437e-07 -8.7248e-07 -1.3454e-06 -1.8838e-06 -2.4817e-06 -3.1346e-06 0.0000e+00 -4.5912e-06 -5.3881e-06 -6.2259e-06 -7.1002e-06 -8.0057e-06 -8.9361e-06 -9.8835e-06 -1.0838e-05 -1.1790e-05 -1.2724e-05 -1.3625e-05 -1.4476e-05 -1.5257e-05 -1.5946e-05 -1.6519e-05 -1.6953e-05 -1.7224e-05 -1.7309e-05 -1.7189e-05 -1.6849e-05 -1.6281e-05 -1.5486e-05 -1.4476e-05 -1.3272e-05 -1.1909e-05 -1.0434e-05 -8.9008e-06 -7.3702e-06 -5.9030e-06 -4.5550e-06 -3.3711e-06 -2.3808e-06 -1.5952e-06 -1.0075e-06 -5.9531e-07 -3.2632e-07 -1.6435e-07 -7.5212e-08 -3.0885e-08 -1.1216e-08 -3.5431e-09 -9.5505e-10 -2.1487e-10 -3.9331e-11 -5.6863e-12 -6.2734e-13 -5.0735e-14 -2.8697e-15 -1.0744e-16 -2.4957e-18 -3.3316e-20 -2.3345e-22 -7.7098e-25 -1.0552e-27 -5.1308e-31 -7.3617e-35 -2.4907e-39 -1.5129e-44 -1.1829e-50 -7.9100e-58 -2.7309e-66 -2.5997e-76 -3.1145e-88 -1.7485e-102 -1.3134e-119 -2.6571e-140 -1.8313e-165 -2.9143e-196 -3.1107e-234 -2.0200e-281 -0.0000e+00 -0.0000e+00 -0.0000e+00 -0.0000e+00 -0.0000e+00 -0.0000e+00 -0.0000e+00 -0.0000e+00 -0.0000e+00 -0.0000e+00 -0.0000e+00 -0.0000e+00 -0.0000e+00 -0.0000e+00 -0.0000e+00 -0.0000e+00 -0.0000e+00 -0.0000e+00 -0.0000e+00 -0.0000e+00 -0.0000e+00 -0.0000e+00
-2.0044e-07 -5.6732e-07 -1.0435e-06 -1.6090e-06 -2.2530e-06 -2.9681e-06 -3.7489e-06 -4.5913e-06 1.9899e-04 -6.4442e-06 -7.4464e-06 -8.4923e-06 -9.5757e-06 -1.0689e-05 -1.1823e-05 -1.2966e-05 -1.4105e-05 -1.5225e-05 -1.6305e-05 -1.7326e-05 -1.8264e-05 -1.9093e-05 -1.9784e-05 -2.0310e-05 -2.0641e-05 -2.0751e-05 -2.0617e-05 -2.0219e-05 -1.9550e-05 -1.8608e-05 -1.7407e-05 -1.5974e-05 -1.4348e-05 -1.2585e-05 -1.0750e-05 -8.9141e-06 -7.1513e-06 -5.5285e-06 -4.1001e-06 -2.9025e-06 -1.9499e-06 -1.2352e-06 -7.3230e-07 -4.0293e-07 -2.0379e-07 -9.3709e-08 -3.8687e-08 -1.4135e-08 -4.4951e-09 -1.2209e-09 -2.7702e-10 -5.1194e-11 -7.4814e-12 -8.3540e-13 -6.8482e-14 -3.9329e-15 -1.4979e-16 -3.5466e-18 -4.8374e-20 -3.4725e-22 -1.1783e-24 -1.6624e-27 -8.3627e-31 -1.2464e-34 -4.4002e-39 -2.8029e-44 -2.3106e-50 -1.6388e-57 -6.0408e-66 -6.1836e-76 -8.0278e-88 -4.9248e-102 -4.0792e-119 -9.1899e-140 -7.1281e-165 -1.2912e-195 -1.5885e-233 -1.2052e-280 -0.0000e+00 -0.0000e+00 -0.0000e+00 -0.0000e+00 -0.0000e+00 -0.0000e+00 -0.0000e+00 -0.0000e+00 -0.0000e+00 -0.0000e+00 -0.0000e+00 -0.0000e+00 -0.0000e+00 -0.0000e+00 -0.0000e+00 -0.0000e+00 -0.0000e+00 -0.0000e+00 -0.0000e+00 -0.0000e+00 -0.0000e+00 -0.0000e+00 -2.0044e-07 -5.6732e-07 -1.0435e-06 -1.6090e-06 -2.2530e-06 -2.9680e-06 -3.7489e-06 -4.5912e-06 0.0000e+00 -6.4440e-06 -7.4460e-06 -8.4916e-06 -9.5747e-06 -1.0687e-05 -1.1821e-05 -1.2963e-05 -1.4101e-05 -1.5218e-05 -1.6297e-05 -1.7315e-05 -1.8249e-05 -1.9074e-05 -1.9760e-05 -2.0280e-05 -2.0605e-05 -2.0708e-05 -2.0566e-05 -2.0161e-05 -1.9484e-05 -1.8535e-05 -1.7328e-05 -1.5889e-05 -1.4260e-05 -1.2496e-05 -1.0662e-05 -8.8304e-06 -7.0743e-06 -5.4605e-06 -4.0426e-06 -2.8561e-06 -1.9145e-06 -1.2097e-06 -7.1520e-07 -3.9228e-07 -1.9770e-07 -9.0548e-08 -3.7216e-08 -1.3529e-08 -4.2784e-09 -1.1547e-09 -2.6016e-10 -4.7698e-11 -6.9086e-12 -7.6377e-13 -6.1914e-14 -3.5114e-15 -1.3187e-16 -3.0736e-18 -4.1191e-20 -2.8993e-22 -9.6241e-25 -1.3250e-27 -6.4855e-31 -9.3771e-35 -3.2006e-39 -1.9641e-44 -1.5537e-50 -1.0530e-57 -3.6927e-66 -3.5794e-76 -4.3788e-88 -2.5186e-102 -1.9459e-119 -4.0677e-140 -2.9123e-165 -4.8445e-196 -5.4447e-234 -3.7549e-281 -0.0000e+00 -0.0000e+00 -0.0000e+00 -0.0000e+00 -0.0000e+00 -0.0000e+00 -0.0000e+00 -0.0000e+00 -0.0000e+00 -0.0000e+00 -0.0000e+00 -0.0000e+00 -0.0000e+00 -0.0000e+00 -0.0000e+00 -0.0000e+00 -0.0000e+00 -0.0000e+00 -0.0000e+00 -0.0000e+00 -0.0000e+00 -0.0000e+00
-2.3523e-07 -6.6579e-07 -1.2246e-06 -1.8883e-06 -2.6440e-06 -3.4832e-06 -4.3997e-06 -5.3882e-06 -6.4442e-06 3.0517e-04 -8.7392e-06 -9.9669e-06 -1.1239e-05 -1.2546e-05 -1.3877e-05 -1.5220e-05 -1.6558e-05 -1.7873e-05 -1.9144e-05 -2.0345e-05 -2.1448e-05 -2.2424e-05 -2.3240e-05 -2.3863e-05 -2.4257e-05 -2.4393e-05 -2.4242e-05 -2.3784e-05 -2.3005e-05 -2.1907e-05 -2.0504e-05 -1.8827e-05 -1.6922e-05 -1.4854e-05 -1.2699e-05 -1.0540e-05 -8.4652e-06 -6.5522e-06 -4.8661e-06 -3.4501e-06 -2.3219e-06 -1.4737e-06 -8.7562e-07 -4.8297e-07 -2.4495e-07 -1.1298e-07 -4.6804e-08 -1.7166e-08 -5.4828e-09 -1.4963e-09 -3.4133e-10 -6.3455e-11 -9.3347e-12 -1.0500e-12 -8.6785e-14 -5.0294e-15 -1.9348e-16 -4.6324e-18 -6.3965e-20 -4.6543e-22 -1.6030e-24 -2.2991e-27 -1.1775e-30 -1.7899e-34 -6.4562e-39 -4.2102e-44 -3.5606e-50 -2.5968e-57 -9.8661e-66 -1.0438e-75 -1.4047e-87 -8.9625e-102 -7.7499e-119 -1.8306e-139 -1.4961e-164 -2.8728e-195 -3.7725e-233 -3.0812e-280 -0.0000e+00 -0.0000e+00 -0.0000e+00 -0.0000e+00 -0.0000e+00 -0.0000e+00 -0.0000e+00 -0.0000e+00 -0.0000e+00 -0.0000e+00 -0.0000e+00 -0.0000e+00 -0.0000e+00 -0.0000e+00 -0.0000e+00 -0.0000e+00 -0.0000e+00 -0.0000e+00 -0.0000e+00 -0.0000e+00 -0.0000e+00 -0.0000e+00 -2.3523e-07 -6.6579e-07 -1.2246e-06 -1.8883e-06 -2.6440e-06 -3.4832e-06 -4.3996e-06 -5.3881e-06 -6.4440e-06 0.0000e+00 -8.7385e-06 -9.9657e-06 -1.1237e-05 -1.2543e-05 -1.3873e-05 -1.5214e-05 -1.6550e-05 -1.7862e-05 -1.9128e-05 -2.0324e-05 -2.1422e-05 -2.2390e-05 -2.3198e-05 -2.3810e-05 -2.4193e-05 -2.4316e-05 -2.4152e-05 -2.3679e-05 -2.2886e-05 -2.1775e-05 -2.0360e-05 -1.8673e-05 -1.6763e-05 -1.4692e-05 -1.2540e-05 -1.0389e-05 -8.3263e-06 -6.4295e-06 -4.7623e-06 -3.3664e-06 -2.2579e-06 -1.4277e-06 -8.4470e-07 -4.6371e-07 -2.3393e-07 -1.0726e-07 -4.4137e-08 -1.6067e-08 -5.0891e-09 -1.3759e-09 -3.1062e-10 -5.7079e-11 -8.2884e-12 -9.1896e-13 -7.4736e-14 -4.2543e-15 -1.6044e-16 -3.7572e-18 -5.0625e-20 -3.5852e-22 -1.1984e-24 -1.6631e-27 -8.2147e-31 -1.2001e-34 -4.1449e-39 -2.5781e-44 -2.0713e-50 -1.4290e-57 -5.1139e-66 -5.0740e-76 -6.3755e-88 -3.7814e-102 -3.0264e-119 -6.5881e-140 -4.9416e-165 -8.6722e-196 -1.0366e-233 -7.6758e-281 -0.0000e+00 -0.0000e+00 -0.0000e+00 -0.0000e+00 -0.0000e+00 -0.0000e+00 -0.0000e+00 -0.0000e+00 -0.0000e+00 -0.0000e+00 -0.0000e+00 -0.0000e+00 -0.0000e+00 -0.0000e+00 -0.0000e+00 -0.0000e+00 -0.0000e+00 -0.0000e+00 -0.0000e+00 -0.0000e+00 -0.0000e+00 -0.0000e+00
-2.7180e-07 -7.6931e-07 -1.4150e-06 -2.1819e-06 -3.0551e-06 -4.0248e-06 -5.0838e-06 -6.2261e-06 -7.4464e-06 -8.7392e-06 4.4987e-04 -1.1518e-05 -1.2988e-05 -1.4499e-05 -1.6038e-05 -1.7591e-05 -1.9140e-05 -2.0662e-05 -2.2133e-05 -2.3525e-05 -2.4805e-05 -2.5939e-05 -2.6889e-05 -2.7616e-05 -2.8082e-05 -2.8249e-05 -2.8086e-05 -2.7568e-05 -2.6680e-05 -2.5422e-05 -2.3811e-05 -2.1880e-05 -1.9685e-05 -1.7297e-05 -1.4804e-05 -1.2304e-05 -9.8961e-06 -7.6725e-06 -5.7087e-06 -4.0559e-06 -2.7360e-06 -1.7410e-06 -1.0375e-06 -5.7413e-07 -2.9224e-07 -1.3534e-07 -5.6321e-08 -2.0760e-08 -6.6677e-09 -1.8309e-09 -4.2053e-10 -7.8772e-11 -1.1685e-11 -1.3266e-12 -1.1076e-13 -6.4906e-15 -2.5276e-16 -6.1332e-18 -8.5934e-20 -6.3533e-22 -2.2265e-24 -3.2539e-27 -1.7009e-30 -2.6433e-34 -9.7651e-39 -6.5347e-44 -5.6830e-50 -4.2718e-57 -1.6770e-65 -1.8385e-75 -2.5718e-87 -1.7119e-101 -1.5509e-118 -3.8567e-139 -3.3379e-164 -6.8333e-195 -9.6450e-233 -8.5491e-280 -0.0000e+00 -0.0000e+00 -0.0000e+00 -0.0000e+00 -0.0000e+00 -0.0000e+00 -0.0000e+00 -0.0000e+00 -0.0000e+00 -0.0000e+00 -0.0000e+00 -0.0000e+00 -0.0000e+00 -0.0000e+00 -0.0000e+00 -0.0000e+00 -0.0000e+00 -0.0000e+00 -0.0000e+00 -0.0000e+00 -0.0000e+00 -0.0000e+00 -2.7180e-07 -7.6931e-07 -1.4150e-06 -2.1819e-06 -3.0551e-06 -4.0248e-06 -5.0837e-06 -6.2259e-06 -7.4460e-06 -8.7385e-06 0.0000e+00 -1.1516e-05 -1.2985e-05 -1.4494e-05 -1.6031e-05 -1.7581e-05 -1.9125e-05 -2.0642e-05 -2.2106e-05 -2.3490e-05 -2.4760e-05 -2.5881e-05 -2.6816e-05 -2.7526e-05 -2.7972e-05 -2.8118e-05 -2.7932e-05 -2.7389e-05 -2.6477e-05 -2.5197e-05 -2.3565e-05 -2.1619e-05 -1.9413e-05 -1.7021e-05 -1.4533e-05 -1.2046e-05 -9.6590e-06 -7.4629e-06 -5.5312e-06 -3.9127e-06 -2.6266e-06 -1.6623e-06 -9.8453e-07 -5.4111e-07 -2.7333e-07 -1.2551e-07 -5.1734e-08 -1.8868e-08 -5.9889e-09 -1.6231e-09 -3.6740e-10 -6.7716e-11 -9.8667e-12 -1.0982e-12 -8.9700e-14 -5.1312e-15 -1.9458e-16 -4.5857e-18 -6.2229e-20 -4.4427e-22 -1.4987e-24 -2.1014e-27 -1.0502e-30 -1.5549e-34 -5.4524e-39 -3.4502e-44 -2.8266e-50 -1.9939e-57 -7.3179e-66 -7.4719e-76 -9.6994e-88 -5.9698e-102 -4.9832e-119 -1.1380e-139 -9.0136e-165 -1.6831e-195 -2.1597e-233 -1.7343e-280 -0.0000e+00 -0.0000e+00 -0.0000e+00 -0.0000e+00 -0.0000e+00 -0.0000e+00 -0.0000e+00 -0.0000e+00 -0.0000e+00 -0.0000e+00 -0.0000e+00 -0.0000e+00 -0.0000e+00 -0.0000e+00 -0.0000e+00 -0.0000e+00 -0.0000e+00 -0.0000e+00 -0.0000e+00 -0.0000e+00 -0.0000e+00 -0.0000e+00
-3.0996e-07 -8.7734e-07 -1.6137e-06 -2.4883e-06 -3.4841e-06 -4.5900e-06 -5.7977e-06 -7.1005e-06 -8.4923e-06 -9.9669e-06 -1.1518e-05 6.4196e-04 -1.4814e-05 -1.6538e-05 -1.8296e-05 -2.0069e-05 -2.1838e-05 -2.3577e-05 -2.5260e-05 -2.6853e-05 -2.8321e-05 -2.9624e-05 -3.0718e-05 -3.1560e-05 -3.2105e-05 -3.2312e-05 -3.2143e-05 -3.1569e-05 -3.0575e-05 -2.9157e-05 -2.7334e-05 -2.5145e-05 -2.2648e-05 -1.9928e-05 -1.7082e-05 -1.4221e-05 -1.1460e-05 -8.9044e-06 -6.6413e-06 -4.7313e-06 -3.2012e-06 -2.0440e-06 -1.2226e-06 -6.7938e-07 -3.4742e-07 -1.6172e-07 -6.7682e-08 -2.5105e-08 -8.1192e-09 -2.2465e-09 -5.2034e-10 -9.8369e-11 -1.4740e-11 -1.6919e-12 -1.4296e-13 -8.4880e-15 -3.3526e-16 -8.2609e-18 -1.1768e-19 -8.8579e-22 -3.1647e-24 -4.7221e-27 -2.5241e-30 -4.0179e-34 -1.5232e-38 -1.0480e-43 -9.3910e-50 -7.2913e-57 -2.9646e-65 -3.3765e-75 -4.9247e-87 -3.4320e-101 -3.2708e-118 -8.6049e-139 -7.9305e-164 -1.7423e-194 -2.6633e-232 -2.5845e-279 -0.0000e+00 -0.0000e+00 -0.0000e+00 -0.0000e+00 -0.0000e+00 -0.0000e+00 -0.0000e+00 -0.0000e+00 -0.0000e+00 -0.0000e+00 -0.0000e+00 -0.0000e+00 -0.0000e+00 -0.0000e+00 -0.0000e+00 -0.0000e+00 -0.0000e+00 -0.0000e+00 -0.0000e+00 -0.0000e+00 -0.0000e+00 -0.0000e+00 -3.0996e-07 -8.7734e-07 -1.6137e-06 -2.4883e-06 -3.4841e-06 -4.5900e-06 -5.7976e-06 -7.1002e-06 -8.4916e-06 -9.9657e-06 -1.1516e-05 0.0000e+00 -1.4809e-05 -1.6530e-05 -1.8284e-05 -2.0052e-05 -2.1814e-05 -2.3545e-05 -2.5217e-05 -2.6797e-05 -2.8247e-05 -2.9529e-05 -3.0599e-05 -3.1413e-05 -3.1927e-05 -3.2098e-05 -3.1891e-05 -3.1279e-05 -3.0245e-05 -2.8790e-05 -2.6934e-05 -2.4718e-05 -2.2205e-05 -1.9478e-05 -1.6640e-05 -1.3800e-05 -1.1073e-05 -8.5620e-06 -6.3512e-06 -4.4971e-06 -3.0221e-06 -1.9150e-06 -1.1357e-06 -6.2516e-07 -3.1634e-07 -1.4554e-07 -6.0122e-08 -2.1982e-08 -6.9965e-09 -1.9020e-09 -4.3206e-10 -7.9948e-11 -1.1701e-11 -1.3088e-12 -1.0751e-13 -6.1892e-15 -2.3639e-16 -5.6158e-18 -7.6903e-20 -5.5467e-22 -1.8928e-24 -2.6888e-27 -1.3637e-30 -2.0526e-34 -7.3329e-39 -4.7388e-44 -3.9753e-50 -2.8800e-57 -1.0893e-65 -1.1505e-75 -1.5515e-87 -9.9688e-102 -8.7345e-119 -2.1067e-139 -1.7751e-164 -3.5552e-195 -4.9396e-233 -4.3431e-280 -0.0000e+00 -0.0000e+00 -0.0000e+00 -0.0000e+00 -0.0000e+00 -0.0000e+00 -0.0000e+00 -0.0000e+00 -0.0000e+00 -0.0000e+00 -0.0000e+00 -0.0000e+00 -0.0000e+00 -0.0000e+00 -0.0000e+00 -0.0000e+00 -0.0000e+00 -0.0000e+00 -0.0000e+00 -0.0000e+00 -0.0000e+00 -0.0000e+00
-3.4949e-07 -9.8922e-07 -1.8194e-06 -2.8056e-06 -3.9285e-06 -5.1754e-06 -6.5372e-06 -8.0062e-06 -9.5757e-06 -1.1239e-05 -1.2988e-05 -1.4814e-05 8.9150e-04 -1.8653e-05 -2.0636e-05 -2.2639e-05 -2.4638e-05 -2.6605e-05 -2.8510e-05 -3.0315e-05 -3.1982e-05 -3.3464e-05 -3.4713e-05 -3.5681e-05 -3.6317e-05 -3.6573e-05 -3.6408e-05 -3.5787e-05 -3.4691e-05 -3.3118e-05 -3.1085e-05 -2.8633e-05 -2.5830e-05 -2.2767e-05 -1.9553e-05 -1.6315e-05 -1.3179e-05 -1.0268e-05 -7.6819e-06 -5.4912e-06 -3.7295e-06 -2.3913e-06 -1.4371e-06 -8.0270e-07 -4.1283e-07 -1.9338e-07 -8.1493e-08 -3.0458e-08 -9.9326e-09 -2.7734e-09 -6.4875e-10 -1.2397e-10 -1.8795e-11 -2.1848e-12 -1.8715e-13 -1.1276e-14 -4.5251e-16 -1.1341e-17 -1.6453e-19 -1.2628e-21 -4.6069e-24 -7.0294e-27 -3.8484e-30 -6.2850e-34 -2.4490e-38 -1.7357e-43 -1.6059e-49 -1.2907e-56 -5.4497e-65 -6.4679e-75 -9.8700e-87 -7.2303e-101 -7.2825e-118 -2.0377e-138 -2.0121e-163 -4.7770e-194 -7.9716e-232 -8.5461e-279 -0.0000e+00 -0.0000e+00 -0.0000e+00 -0.0000e+00 -0.0000e+00 -0.0000e+00 -0.0000e+00 -0.0000e+00 -0.0000e+00 -0.0000e+00 -0.0000e+00 -0.0000e+00 -0.0000e+00 -0.0000e+00 -0.0000e+00 -0.0000e+00 -0.0000e+00 -0.0000e+00 -0.0000e+00 -0.0000e+00 -0.0000e+00 -0.0000e+00 -3.4949e-07 -9.8922e-07 -1.8194e-06 -2.8056e-06 -3.9284e-06 -5.1753e-06 -6.5369e-06 -8.0057e-06 -9.5747e-06 -1.1237e-05 -1.2985e-05 -1.4809e-05 0.0000e+00 -1.8640e-05 -2.0618e-05 -2.2613e-05 -2.4601e-05 -2.6555e-05 -2.8442e-05 -3.0226e-05 -3.1866e-05 -3.3316e-05 -3.4528e-05 -3.5452e-05 -3.6037e-05 -3.6239e-05 -3.6014e-05 -3.5331e-05 -3.4174e-05 -3.2542e-05 -3.0457e-05 -2.7964e-05 -2.5134e-05 -2.2061e-05 -1.8859e-05 -1.5653e-05 -1.2570e-05 -9.7291e-06 -7.2250e-06 -5.1221e-06 -3.4469e-06 -2.1876e-06 -1.2997e-06 -7.1684e-07 -3.6353e-07 -1.6767e-07 -6.9460e-08 -2.5476e-08 -8.1374e-09 -2.2210e-09 -5.0677e-10 -9.4242e-11 -1.3871e-11 -1.5613e-12 -1.2916e-13 -7.4949e-15 -2.8882e-16 -6.9303e-18 -9.5973e-20 -7.0097e-22 -2.4260e-24 -3.5011e-27 -1.8073e-30 -2.7748e-34 -1.0135e-38 -6.7143e-44 -5.7910e-50 -4.3277e-57 -1.6946e-65 -1.8606e-75 -2.6204e-87 -1.7674e-101 -1.6353e-118 -4.1928e-139 -3.7845e-164 -8.1917e-195 -1.2428e-232 -1.2077e-279 -0.0000e+00 -0.0000e+00 -0.0000e+00 -0.0000e+00 -0.0000e+00 -0.0000e+00 -0.0000e+00 -0.0000e+00 -0.0000e+00 -0.0000e+00 -0.0000e+00 -0.0000e+00 -0.0000e+00 -0.0000e+00 -0.0000e+00 -0.0000e+00 -0.0000e+00 -0.0000e+00 -0.0000e+00 -0.0000e+00 -0.0000e+00 -0.0000e+00
-3.9010e-07 -1.1042e-06 -2.0309e-06 -3.1316e-06 -4.3850e-06 -5.7769e-06 -7.2970e-06 -8.9369e-06 -1.0689e-05 -1.2546e-05 -1.4499e-05 -1.6538e-05 -1.8653e-05 1.2098e-03 -2.3045e-05 -2.5285e-05 -2.7522e-05 -2.9726e-05 -3.1863e-05 -3.3891e-05 -3.5767e-05 -3.7441e-05 -3.8858e-05 -3.9965e-05 -4.0705e-05 -4.1024e-05 -4.0875e-05 -4.0219e-05 -3.9033e-05 -3.7313e-05 -3.5075e-05 -3.2364e-05 -2.9252e-05 -2.5838e-05 -2.2245e-05 -1.8611e-05 -1.5081e-05 -1.1789e-05 -8.8533e-06 -6.3552e-06 -4.3364e-06 -2.7947e-06 -1.6890e-06 -9.4931e-07 -4.9157e-07 -2.3200e-07 -9.8566e-08 -3.7168e-08 -1.2238e-08 -3.4531e-09 -8.1694e-10 -1.5803e-10 -2.4274e-11 -2.8617e-12 -2.4886e-13 -1.5238e-14 -6.2210e-16 -1.5880e-17 -2.3493e-19 -1.8412e-21 -6.8678e-24 -1.0731e-26 -6.0259e-30 -1.0113e-33 -4.0577e-38 -2.9681e-43 -2.8418e-49 -2.3708e-56 -1.0425e-64 -1.2937e-74 -2.0735e-86 -1.6038e-100 -1.7158e-117 -5.1351e-138 -5.4678e-163 -1.4131e-193 -2.5955e-231 -3.1028e-278 -0.0000e+00 -0.0000e+00 -0.0000e+00 -0.0000e+00 -0.0000e+00 -0.0000e+00 -0.0000e+00 -0.0000e+00 -0.0000e+00 -0.0000e+00 -0.0000e+00 -0.0000e+00 -0.0000e+00 -0.0000e+00 -0.0000e+00 -0.0000e+00 -0.0000e+00 -0.0000e+00 -0.0000e+00 -0.0000e+00 -0.0000e+00 -0.0000e+00 -3.9010e-07 -1.1042e-06 -2.0309e-06 -3.1316e-06 -4.3849e-06 -5.7767e-06 -7.2966e-06 -8.9361e-06 -1.0687e-05 -1.2543e-05 -1.4494e-05 -1.6530e-05 -1.8640e-05 0.0000e+00 -2.3018e-05 -2.5246e-05 -2.7467e-05 -2.9651e-05 -3.1761e-05 -3.3756e-05 -3.5592e-05 -3.7217e-05 -3.8577e-05 -3.9617e-05 -4.0281e-05 -4.0516e-05 -4.0277e-05 -3.9528e-05 -3.8248e-05 -3.6438e-05 -3.4121e-05 -3.1347e-05 -2.8193e-05 -2.4765e-05 -2.1189e-05 -1.7604e-05 -1.4153e-05 -1.0967e-05 -8.1559e-06 -5.7912e-06 -3.9040e-06 -2.4826e-06 -1.4783e-06 -8.1737e-07 -4.1568e-07 -1.9233e-07 -7.9955e-08 -2.9441e-08 -9.4455e-09 -2.5908e-09 -5.9443e-10 -1.1123e-10 -1.6485e-11 -1.8701e-12 -1.5605e-13 -9.1433e-15 -3.5617e-16 -8.6503e-18 -1.2142e-19 -9.0023e-22 -3.1682e-24 -4.6581e-27 -2.4550e-30 -3.8572e-34 -1.4455e-38 -9.8525e-44 -8.7709e-50 -6.7891e-57 -2.7643e-65 -3.1699e-75 -4.6856e-87 -3.3353e-101 -3.2773e-118 -8.9885e-139 -8.7504e-164 -2.0624e-194 -3.4454e-232 -3.7351e-279 -0.0000e+00 -0.0000e+00 -0.0000e+00 -0.0000e+00 -0.0000e+00 -0.0000e+00 -0.0000e+00 -0.0000e+00 -0.0000e+00 -0.0000e+00 -0.0000e+00 -0.0000e+00 -0.0000e+00 -0.0000e+00 -0.0000e+00 -0.0000e+00 -0.0000e+00 -0.0000e+00 -0.0000e+00 -0.0000e+00 -0.0000e+00 -0.0000e+00
-4.3146e-07 -1.2212e-06 -2.2461e-06 -3.4636e-06 -4.8499e-06 -6.3893e-06 -8.0707e-06 -9.8847e-06 -1.1823e-05 -1.3877e-05 -1.6038e-05 -1.8296e-05 -2.0636e-05 -2.3045e-05 1.6096e-03 -2.7987e-05 -3.0470e-05 -3.2919e-05 -3.5296e-05 -3.7558e-05 -3.9655e-05 -4.1532e-05 -4.3132e-05 -4.4393e-05 -4.5253e-05 -4.5652e-05 -4.5537e-05 -4.4863e-05 -4.3604e-05 -4.1751e-05 -3.9320e-05 -3.6357e-05 -3.2940e-05 -2.9173e-05 -2.5192e-05 -2.1147e-05 -1.7198e-05 -1.3500e-05 -1.0185e-05 -7.3476e-06 -5.0414e-06 -3.2690e-06 -1.9888e-06 -1.1260e-06 -5.8773e-07 -2.7978e-07 -1.1999e-07 -4.5706e-08 -1.5214e-08 -4.3434e-09 -1.0406e-09 -2.0401e-10 -3.1789e-11 -3.8054e-12 -3.3634e-13 -2.0954e-14 -8.7131e-16 -2.2680e-17 -3.4256e-19 -2.7445e-21 -1.0481e-23 -1.6794e-26 -9.6884e-30 -1.6737e-33 -6.9290e-38 -5.2428e-43 -5.2077e-49 -4.5224e-56 -2.0780e-64 -2.7063e-74 -4.5752e-86 -3.7539e-100 -4.2886e-117 -1.3810e-137 -1.5962e-162 -4.5242e-193 -9.2231e-231 -1.2412e-277 -0.0000e+00 -0.0000e+00 -0.0000e+00 -0.0000e+00 -0.0000e+00 -0.0000e+00 -0.0000e+00 -0.0000e+00 -0.0000e+00 -0.0000e+00 -0.0000e+00 -0.0000e+00 -0.0000e+00 -0.0000e+00 -0.0000e+00 -0.0000e+00 -0.0000e+00 -0.0000e+00 -0.0000e+00 -0.0000e+00 -0.0000e+00 -0.0000e+00 -4.3146e-07 -1.2212e-06 -2.2461e-06 -3.4636e-06 -4.8498e-06 -6.3891e-06 -8.0701e-06 -9.8835e-06 -1.1821e-05 -1.3873e-05 -1.6031e-05 -1.8284e-05 -2.0618e-05 -2.3018e-05 0.0000e+00 -2.7929e-05 -3.0389e-05 -3.2808e-05 -3.5146e-05 -3.7359e-05 -3.9397e-05 -4.1203e-05 -4.2718e-05 -4.3880e-05 -4.4628e-05 -4.4904e-05 -4.4656e-05 -4.3844e-05 -4.2446e-05 -4.0461e-05 -3.7913e-05 -3.4856e-05 -3.1376e-05 -2.7587e-05 -2.3629e-05 -1.9655e-05 -1.5823e-05 -1.2281e-05 -9.1485e-06 -6.5087e-06 -4.3974e-06 -2.8032e-06 -1.6738e-06 -9.2835e-07 -4.7376e-07 -2.2005e-07 -9.1876e-08 -3.3995e-08 -1.0966e-08 -3.0261e-09 -6.9899e-10 -1.3178e-10 -1.9695e-11 -2.2552e-12 -1.9015e-13 -1.1270e-14 -4.4469e-16 -1.0955e-17 -1.5622e-19 -1.1787e-21 -4.2294e-24 -6.3533e-27 -3.4288e-30 -5.5304e-34 -2.1335e-38 -1.5015e-43 -1.3848e-49 -1.1147e-56 -4.7392e-65 -5.7012e-75 -8.8870e-87 -6.7109e-101 -7.0424e-118 -2.0788e-138 -2.1975e-163 -5.6826e-194 -1.0541e-231 -1.2871e-278 -0.0000e+00 -0.0000e+00 -0.0000e+00 -0.0000e+00 -0.0000e+00 -0.0000e+00 -0.0000e+00 -0.0000e+00 -0.0000e+00 -0.0000e+00 -0.0000e+00 -0.0000e+00 -0.0000e+00 -0.0000e+00 -0.0000e+00 -0.0000e+00 -0.0000e+00 -0.0000e+00 -0.0000e+00 -0.0000e+00 -0.0000e+00 -0.0000e+00
-4.7314e-07 -1.3392e-06 -2.4631e-06 -3.7982e-06 -5.3184e-06 -7.0067e-06 -8.8506e-06 -1.0840e-05 -1.2966e-05 -1.5220e-05 -1.7591e-05 -2.0069e-05 -2.2639e-05 -2.5285e-05 -2.7987e-05 2.1052e-03 -3.3455e-05 -3.6156e-05 -3.8782e-05 -4.1287e-05 -4.3616e-05 -4.5712e-05 -4.7510e-05 -4.8942e-05 -4.9942e-05 -5.0443e-05 -5.0384e-05 -4.9717e-05 -4.8408e-05 -4.6444e-05 -4.3839e-05 -4.0640e-05 -3.6926e-05 -3.2809e-05 -2.8433e-05 -2.3963e-05 -1.9575e-05 -1.5441e-05 -1.1712e-05 -8.4994e-06 -5.8696e-06 -3.8330e-06 -2.3500e-06 -1.3417e-06 -7.0663e-07 -3.3968e-07 -1.4721e-07 -5.6707e-08 -1.9105e-08 -5.5243e-09 -1.3417e-09 -2.6688e-10 -4.2231e-11 -5.1385e-12 -4.6209e-13 -2.9319e-14 -1.2430e-15 -3.3029e-17 -5.0993e-19 -4.1818e-21 -1.6373e-23 -2.6945e-26 -1.5997e-29 -2.8503e-33 -1.2202e-37 -9.5741e-43 -9.8942e-49 -8.9725e-56 -4.3233e-64 -5.9327e-74 -1.0626e-85 -9.2938e-100 -1.1400e-116 -3.9742e-137 -5.0203e-162 -1.5725e-192 -3.5888e-230 -5.4900e-277 -0.0000e+00 -0.0000e+00 -0.0000e+00 -0.0000e+00 -0.0000e+00 -0.0000e+00 -0.0000e+00 -0.0000e+00 -0.0000e+00 -0.0000e+00 -0.0000e+00 -0.0000e+00 -0.0000e+00 -0.0000e+00 -0.0000e+00 -0.0000e+00 -0.0000e+00 -0.0000e+00 -0.0000e+00 -0.0000e+00 -0.0000e+00 -0.0000e+00 -4.7314e-07 -1.3392e-06 -2.4631e-06 -3.7982e-06 -5.3183e-06 -7.0063e-06 -8.8498e-06 -1.0838e-05 -1.2963e-05 -1.5214e-05 -1.7581e-05 -2.0052e-05 -2.2613e-05 -2.5246e-05 -2.7929e-05 0.0000e+00 -3.3338e-05 -3.5996e-05 -3.8567e-05 -4.1002e-05 -4.3246e-05 -4.5238e-05 -4.6914e-05 -4.8205e-05 -4.9045e-05 -4.9368e-05 -4.9118e-05 -4.8252e-05 -4.6742e-05 -4.4588e-05 -4.1813e-05 -3.8477e-05 -3.4671e-05 -3.0521e-05 -2.6176e-05 -2.1806e-05 -1.7585e-05 -1.3674e-05 -1.0208e-05 -7.2800e-06 -4.9317e-06 -3.1533e-06 -1.8892e-06 -1.0518e-06 -5.3901e-07 -2.5154e-07 -1.0557e-07 -3.9292e-08 -1.2757e-08 -3.5460e-09 -8.2570e-10 -1.5707e-10 -2.3708e-11 -2.7447e-12 -2.3426e-13 -1.4073e-14 -5.6360e-16 -1.4114e-17 -2.0495e-19 -1.5776e-21 -5.7867e-24 -8.9056e-27 -4.9360e-30 -8.1979e-34 -3.2660e-38 -2.3814e-43 -2.2836e-49 -1.9187e-56 -8.5528e-65 -1.0841e-74 -1.7905e-86 -1.4417e-100 -1.6249e-117 -5.1941e-138 -6.0033e-163 -1.7162e-193 -3.5656e-231 -4.9507e-278 -0.0000e+00 -0.0000e+00 -0.0000e+00 -0.0000e+00 -0.0000e+00 -0.0000e+00 -0.0000e+00 -0.0000e+00 -0.0000e+00 -0.0000e+00 -0.0000e+00 -0.0000e+00 -0.0000e+00 -0.0000e+00 -0.0000e+00 -0.0000e+00 -0.0000e+00 -0.0000e+00 -0.0000e+00 -0.0000e+00 -0.0000e+00 -0.0000e+00
