2.9000e-04 -8.3054e-04 -9.8791e-04 -1.0949e-03 -1.1612e-03 -1.1922e-03 -1.1924e-03 -1.1661e-03 -1.1174e-03 -1.0508e-03 -9.7064e-04 -8.8125e-04 -7.8669e-04 -6.9064e-04 -5.9632e-04 -5.0635e-04 -4.2277e-04 -3.4701e-04 -2.7992e-04 -2.2182e-04 -1.7260e-04 -1.3181e-04 -9.8735e-05 -7.2496e-05 -5.2140e-05 -3.6703e-05 -2.5266e-05 -1.6992e-05 -1.1154e-05 -7.1374e-06 -4.4473e-06 -2.6948e-06 -1.5856e-06 -9.0458e-07 -4.9952e-07 -2.6652e-07 -1.3713e-07 -6.7890e-08 -3.2268e-08 -1.4688e-08 -6.3845e-09 -2.6426e-09 -1.0381e-09 -3.8569e-10 -1.3500e-10 -4.4329e-11 -1.3593e-11 -3.8724e-12 -1.0193e-12 -2.4636e-13 -5.4312e-14 -1.0840e-14 -1.9425e-15 -3.0970e-16 -4.3487e-17 -5.3173e-18 -5.5908e-19 -4.9839e-20 -3.7078e-21 -2.2615e-22 -1.1085e-23 -4.2681e-25 -1.2584e-26 -2.7592e-28 -4.3516e-30 -4.7519e-32 -3.4386e-34 -1.5675e-36 -4.2452e-39 -6.3793e-42 -4.9107e-45 -1.7629e-48 -2.6414e-52 -1.4476e-56 -2.4780e-61 -1.0957e-66 -9.9368e-73 -1.3946e-79 -2.1402e-87 -2.3316e-96 -1.0479e-106 -9.7529e-119 -7.7481e-133 -1.6563e-149 -2.0704e-169 -1.9443e-193 -8.2520e-223 -3.1016e-259 -3.6757e-305 -0.0000e+00 -0.0000e+00 -0.0000e+00 -0.0000e+00 -0.0000e+00 -0.0000e+00 -0.0000e+00 -0.0000e+00 -0.0000e+00 -0.0000e+00 -0.0000e+00 0.0000e+00 -8.3042e-04 -9.8758e-04 -1.0943e-03 -1.1601e-03 -1.1906e-03 -1.1903e-03 -1.1633e-03 -1.1141e-03 -1.0469e-03 -9.6629e-04 -8.7653e-04 -7.8172e-04 -6.8557e-04 -5.9128e-04 -5.0146e-04 -4.1815e-04 -3.4274e-04 -2.7606e-04 -2.1841e-04 -1.6967e-04 -1.2934e-04 -9.6699e-05 -7.0859e-05 -5.0855e-05 -3.5719e-05 -2.4530e-05 -1.6457e-05 -1.0774e-05 -6.8754e-06 -4.2717e-06 -2.5805e-06 -1.5135e-06 -8.6054e-07 -4.7352e-07 -2.5171e-07 -1.2900e-07 -6.3608e-08 -3.0104e-08 -1.3640e-08 -5.9014e-09 -2.4305e-09 -9.4981e-10 -3.5095e-10 -1.2213e-10 -3.9862e-11 -1.2145e-11 -3.4370e-12 -8.9830e-13 -2.1552e-13 -4.7143e-14 -9.3319e-15 -1.6579e-15 -2.6192e-16 -3.6425e-17 -4.4089e-18 -4.5862e-19 -4.0424e-20 -2.9716e-21 -1.7897e-22 -8.6556e-24 -3.2861e-25 -9.5443e-27 -2.0597e-28 -3.1942e-30 -3.4263e-32 -2.4328e-34 -1.0869e-36 -2.8812e-39 -4.2320e-42 -3.1796e-45 -1.1123e-48 -1.6213e-52 -8.6279e-57 -1.4313e-61 -6.1202e-67 -5.3553e-73 -7.2333e-80 -1.0654e-87 -1.1108e-96 -4.7628e-107 -4.2142e-119 -3.1710e-133 -6.3944e-150 -7.5066e-170 -6.5877e-194 -2.5989e-223 -9.0246e-260 -9.8143e-306 -0.0000e+00 -0.0000e+00 -0.0000e+00 -0.0000e+00 -0.0000e+00 -0.0000e+00 -0.0000e+00 -0.0000e+00 -0.0000e+00 -0.0000e+00 -0.0000e+00
-8.3054e-04 1.1600e-03 -1.3747e-03 -1.5254e-03 -1.6200e-03 -1.6664e-03 -1.6703e-03 -1.6375e-03 -1.5736e-03 -1.4845e-03 -1.3760e-03 -1.2542e-03 -1.1243e-03 -9.9156e-04 -8.6037e-04 -7.3444e-04 -6.1670e-04 -5.0925e-04 -4.1343e-04 -3.2985e-04 -2.5852e-04 -1.9893e-04 -1.5021e-04 -1.1122e-04 -8.0703e-05 -5.7338e-05 -3.9856e-05 -2.7078e-05 -1.7964e-05 -1.1624e-05 -7.3270e-06 -4.4936e-06 -2.6775e-06 -1.5476e-06 -8.6636e-07 -4.6885e-07 -2.4482e-07 -1.2308e-07 -5.9441e-08 -2.7508e-08 -1.2165e-08 -5.1259e-09 -2.0514e-09 -7.7697e-10 -2.7745e-10 -9.3017e-11 -2.9144e-11 -8.4905e-12 -2.2874e-12 -5.6636e-13 -1.2803e-13 -2.6225e-14 -4.8283e-15 -7.9174e-16 -1.1447e-16 -1.4428e-17 -1.5657e-18 -1.4424e-19 -1.1105e-20 -7.0192e-22 -3.5708e-23 -1.4294e-24 -4.3889e-26 -1.0040e-27 -1.6553e-29 -1.8937e-31 -1.4388e-33 -6.9043e-36 -1.9735e-38 -3.1391e-41 -2.5660e-44 -9.8164e-48 -1.5734e-51 -9.2640e-56 -1.7119e-60 -8.2149e-66 -8.1346e-72 -1.2550e-78 -2.1338e-86 -2.5984e-95 -1.3189e-105 -1.4029e-117 -1.2919e-131 -3.2546e-148 -4.8905e-168 -5.6543e-192 -3.0422e-221 -1.5027e-257 -2.4490e-303 -0.0000e+00 -0.0000e+00 -0.0000e+00 -0.0000e+00 -0.0000e+00 -0.0000e+00 -0.0000e+00 -0.0000e+00 -0.0000e+00 -0.0000e+00 -0.0000e+00 -8.3042e-04 0.0000e+00 -1.3729e-03 -1.5218e-03 -1.6141e-03 -1.6576e-03 -1.6583e-03 -1.6221e-03 -1.5549e-03 -1.4628e-03 -1.3517e-03 -1.2278e-03 -1.0965e-03 -9.6317e-04 -8.3210e-04 -7.0699e-04 -5.9069e-04 -4.8518e-04 -3.9167e-04 -3.1063e-04 -2.4191e-04 -1.8491e-04 -1.3865e-04 -1.0191e-04 -7.3375e-05 -5.1711e-05 -3.5641e-05 -2.4001e-05 -1.5776e-05 -1.0110e-05 -6.3092e-06 -3.8292e-06 -2.2569e-06 -1.2899e-06 -7.1366e-07 -3.8155e-07 -1.9673e-07 -9.7617e-08 -4.6508e-08 -2.1222e-08 -9.2497e-09 -3.8393e-09 -1.5127e-09 -5.6378e-10 -1.9799e-10 -6.5244e-11 -2.0081e-11 -5.7437e-12 -1.5182e-12 -3.6861e-13 -8.1651e-14 -1.6379e-14 -2.9511e-15 -4.7324e-16 -6.6863e-17 -8.2299e-18 -8.7146e-19 -7.8279e-20 -5.8713e-21 -3.6126e-22 -1.7875e-23 -6.9532e-25 -2.0727e-26 -4.5990e-28 -7.3475e-30 -8.1367e-32 -5.9784e-34 -2.7711e-36 -7.6424e-39 -1.1715e-41 -9.2177e-45 -3.3898e-48 -5.2159e-52 -2.9439e-56 -5.2071e-61 -2.3879e-66 -2.2558e-72 -3.3141e-79 -5.3551e-87 -6.1845e-96 -2.9703e-106 -2.9820e-118 -2.5845e-132 -6.1094e-149 -8.5845e-169 -9.2452e-193 -4.6130e-222 -2.1026e-258 -3.1433e-304 -0.0000e+00 -0.0000e+00 -0.0000e+00 -0.0000e+00 -0.0000e+00 -0.0000e+00 -0.0000e+00 -0.0000e+00 -0.0000e+00 -0.0000e+00 -0.0000e+00
-9.8791e-04 -1.3747e-03 2.6099e-03 -1.8219e-03 -1.9397e-03 -2.0012e-03 -2.0131e-03 -1.9816e-03 -1.9131e-03 -1.8141e-03 -1.6912e-03 -1.5510e-03 -1.3999e-03 -1.2436e-03 -1.0875e-03 -9.3601e-04 -7.9289e-04 -6.6085e-04 -5.4177e-04 -4.3671e-04 -3.4597e-04 -2.6923e-04 -2.0568e-04 -1.5416e-04 -1.1328e-04 -8.1549e-05 -5.7459e-05 -3.9589e-05 -2.6646e-05 -1.7501e-05 -1.1202e-05 -6.9799e-06 -4.2272e-06 -2.4846e-06 -1.4149e-06 -7.7933e-07 -4.1435e-07 -2.1221e-07 -1.0445e-07 -4.9286e-08 -2.2235e-08 -9.5627e-09 -3.9079e-09 -1.5122e-09 -5.5200e-10 -1.8928e-10 -6.0689e-11 -1.8105e-11 -4.9973e-12 -1.2686e-12 -2.9421e-13 -6.1876e-14 -1.1705e-14 -1.9736e-15 -2.9366e-16 -3.8127e-17 -4.2661e-18 -4.0566e-19 -3.2271e-20 -2.1103e-21 -1.1121e-22 -4.6180e-24 -1.4731e-25 -3.5069e-27 -6.0278e-29 -7.2032e-31 -5.7296e-33 -2.8850e-35 -8.6760e-38 -1.4561e-40 -1.2600e-43 -5.1203e-47 -8.7527e-51 -5.5204e-55 -1.0982e-59 -5.7050e-65 -6.1541e-71 -1.0417e-77 -1.9592e-85 -2.6637e-94 -1.5259e-104 -1.8548e-116 -1.9804e-130 -5.8851e-147 -1.0646e-166 -1.5186e-190 -1.0385e-219 -6.7637e-256 -1.5214e-301 -0.0000e+00 -0.0000e+00 -0.0000e+00 -0.0000e+00 -0.0000e+00 -0.0000e+00 -0.0000e+00 -0.0000e+00 -0.0000e+00 -0.0000e+00 -0.0000e+00 -9.8758e-04 -1.3729e-03 0.0000e+00 -1.8123e-03 -1.9239e-03 -1.9777e-03 -1.9809e-03 -1.9404e-03 -1.8630e-03 -1.7556e-03 -1.6256e-03 -1.4797e-03 -1.3247e-03 -1.1666e-03 -1.0107e-03 -8.6132e-04 -7.2196e-04 -5.9506e-04 -4.8214e-04 -3.8388e-04 -3.0021e-04 -2.3049e-04 -1.7363e-04 -1.2825e-04 -9.2824e-05 -6.5778e-05 -4.5599e-05 -3.0894e-05 -2.0437e-05 -1.3185e-05 -8.2864e-06 -5.0665e-06 -3.0095e-06 -1.7340e-06 -9.6759e-07 -5.2194e-07 -2.7164e-07 -1.3612e-07 -6.5520e-08 -3.0220e-08 -1.3321e-08 -5.5945e-09 -2.2316e-09 -8.4255e-10 -2.9993e-10 -1.0025e-10 -3.1317e-11 -9.0981e-12 -2.4445e-12 -6.0378e-13 -1.3617e-13 -2.7837e-14 -5.1161e-15 -8.3770e-16 -1.2098e-16 -1.5238e-17 -1.6532e-18 -1.5234e-19 -1.1738e-20 -7.4304e-22 -3.7884e-23 -1.5211e-24 -4.6886e-26 -1.0779e-27 -1.7879e-29 -2.0604e-31 -1.5793e-33 -7.6570e-36 -2.2154e-38 -3.5740e-41 -2.9699e-44 -1.1579e-47 -1.8970e-51 -1.1453e-55 -2.1784e-60 -1.0805e-65 -1.1112e-71 -1.7905e-78 -3.1996e-86 -4.1256e-95 -2.2366e-105 -2.5669e-117 -2.5808e-131 -7.2009e-148 -1.2190e-167 -1.6211e-191 -1.0291e-220 -6.1909e-257 -1.2789e-302 -0.0000e+00 -0.0000e+00 -0.0000e+00 -0.0000e+00 -0.0000e+00 -0.0000e+00 -0.0000e+00 -0.0000e+00 -0.0000e+00 -0.0000e+00 -0.0000e+00
-1.0949e-03 -1.5254e-03 -1.8219e-03 4.6396e-03 -2.1697e-03 -2.2479e-03 -2.2723e-03 -2.2493e-03 -2.1853e-03 -2.0868e-03 -1.9603e-03 -1.8128e-03 -1.6507e-03 -1.4804e-03 -1.3076e-03 -1.1375e-03 -9.7439e-04 -8.2163e-04 -6.8180e-04 -5.5654e-04 -4.4667e-04 -3.5229e-04 -2.7289e-04 -2.0747e-04 -1.5469e-04 -1.1303e-04 -8.0865e-05 -5.6592e-05 -3.8701e-05 -2.5833e-05 -1.6812e-05 -1.0652e-05 -6.5626e-06 -3.9249e-06 -2.2751e-06 -1.2759e-06 -6.9086e-07 -3.6047e-07 -1.8081e-07 -8.6978e-08 -4.0016e-08 -1.7557e-08 -7.3222e-09 -2.8929e-09 -1.0786e-09 -3.7792e-10 -1.2388e-10 -3.7802e-11 -1.0679e-11 -2.7762e-12 -6.5975e-13 -1.4228e-13 -2.7618e-14 -4.7823e-15 -7.3138e-16 -9.7694e-17 -1.1257e-17 -1.1035e-18 -9.0603e-20 -6.1228e-21 -3.3389e-22 -1.4369e-23 -4.7579e-25 -1.1778e-26 -2.1091e-28 -2.6312e-30 -2.1900e-32 -1.1567e-34 -3.6589e-37 -6.4788e-40 -5.9341e-43 -2.5621e-46 -4.6722e-50 -3.1579e-54 -6.7665e-59 -3.8076e-64 -4.4778e-70 -8.3236e-77 -1.7332e-84 -2.6338e-93 -1.7047e-103 -2.3708e-115 -2.9390e-129 -1.0316e-145 -2.2501e-165 -3.9660e-189 -3.4528e-218 -2.9700e-254 -9.2381e-300 -0.0000e+00 -0.0000e+00 -0.0000e+00 -0.0000e+00 -0.0000e+00 -0.0000e+00 -0.0000e+00 -0.0000e+00 -0.0000e+00 -0.0000e+00 -0.0000e+00 -1.0943e-03 -1.5218e-03 -1.8123e-03 0.0000e+00 -2.1383e-03 -2.2013e-03 -2.2086e-03 -2.1676e-03 -2.0857e-03 -1.9705e-03 -1.8295e-03 -1.6704e-03 -1.5004e-03 -1.3260e-03 -1.1532e-03 -9.8689e-04 -8.3090e-04 -6.8810e-04 -5.6035e-04 -4.4854e-04 -3.5277e-04 -2.7247e-04 -2.0655e-04 -1.5359e-04 -1.1194e-04 -7.9908e-05 -5.5822e-05 -3.8127e-05 -2.5435e-05 -1.6555e-05 -1.0501e-05 -6.4826e-06 -3.8896e-06 -2.2648e-06 -1.2777e-06 -6.9711e-07 -3.6715e-07 -1.8627e-07 -9.0825e-08 -4.2459e-08 -1.8979e-08 -8.0879e-09 -3.2756e-09 -1.2564e-09 -4.5466e-10 -1.5459e-10 -4.9163e-11 -1.4551e-11 -3.9860e-12 -1.0046e-12 -2.3139e-13 -4.8351e-14 -9.0920e-15 -1.5247e-15 -2.2576e-16 -2.9188e-17 -3.2542e-18 -3.0855e-19 -2.4496e-20 -1.6000e-21 -8.4301e-23 -3.5036e-24 -1.1199e-25 -2.6746e-27 -4.6186e-29 -5.5532e-31 -4.4517e-33 -2.2633e-35 -6.8860e-38 -1.1719e-40 -1.0307e-43 -4.2696e-47 -7.4625e-51 -4.8291e-55 -9.8953e-60 -5.3180e-65 -5.9646e-71 -1.0558e-77 -2.0898e-85 -3.0133e-94 -1.8467e-104 -2.4261e-116 -2.8337e-130 -9.3447e-147 -1.9085e-166 -3.1380e-190 -2.5377e-219 -2.0176e-255 -5.7672e-301 -0.0000e+00 -0.0000e+00 -0.0000e+00 -0.0000e+00 -0.0000e+00 -0.0000e+00 -0.0000e+00 -0.0000e+00 -0.0000e+00 -0.0000e+00 -0.0000e+00
-1.1612e-03 -1.6200e-03 -1.9397e-03 -2.1697e-03 7.2493e-03 -2.4248e-03 -2.4664e-03 -2.4587e-03 -2.4075e-03 -2.3187e-03 -2.1986e-03 -2.0536e-03 -1.8899e-03 -1.7140e-03 -1.5319e-03 -1.3491e-03 -1.1703e-03 -9.9990e-04 -8.4101e-04 -6.9608e-04 -5.6664e-04 -4.5343e-04 -3.5644e-04 -2.7508e-04 -2.0825e-04 -1.5453e-04 -1.1230e-04 -7.9844e-05 -5.5485e-05 -3.7643e-05 -2.4902e-05 -1.6043e-05 -1.0051e-05 -6.1146e-06 -3.6059e-06 -2.0578e-06 -1.1342e-06 -6.0252e-07 -3.0780e-07 -1.5083e-07 -7.0718e-08 -3.1629e-08 -1.3453e-08 -5.4222e-09 -2.0634e-09 -7.3827e-10 -2.4725e-10 -7.7121e-11 -2.2283e-11 -5.9288e-12 -1.4430e-12 -3.1892e-13 -6.3497e-14 -1.1287e-14 -1.7736e-15 -2.4366e-16 -2.8906e-17 -2.9206e-18 -2.4747e-19 -1.7281e-20 -9.7517e-22 -4.3493e-23 -1.4950e-24 -3.8488e-26 -7.1818e-28 -9.3561e-30 -8.1506e-32 -4.5174e-34 -1.5036e-36 -2.8102e-39 -2.7258e-42 -1.2510e-45 -2.4349e-49 -1.7647e-53 -4.0751e-58 -2.4855e-63 -3.1886e-69 -6.5132e-76 -1.5027e-83 -2.5541e-92 -1.8693e-102 -2.9768e-114 -4.2879e-128 -1.7795e-144 -4.6837e-164 -1.0211e-187 -1.1329e-216 -1.2884e-252 -5.5483e-298 -0.0000e+00 -0.0000e+00 -0.0000e+00 -0.0000e+00 -0.0000e+00 -0.0000e+00 -0.0000e+00 -0.0000e+00 -0.0000e+00 -0.0000e+00 -0.0000e+00 -1.1601e-03 -1.6141e-03 -1.9239e-03 -2.1383e-03 0.0000e+00 -2.3473e-03 -2.3602e-03 -2.3222e-03 -2.2408e-03 -2.1236e-03 -1.9786e-03 -1.8135e-03 -1.6358e-03 -1.4523e-03 -1.2692e-03 -1.0918e-03 -9.2439e-04 -7.7008e-04 -6.3107e-04 -5.0852e-04 -4.0276e-04 -3.1339e-04 -2.3942e-04 -1.7948e-04 -1.3193e-04 -9.5023e-05 -6.7002e-05 -4.6209e-05 -3.1140e-05 -2.0483e-05 -1.3135e-05 -8.2017e-06 -4.9795e-06 -2.9352e-06 -1.6771e-06 -9.2722e-07 -4.9508e-07 -2.5476e-07 -1.2606e-07 -5.9837e-08 -2.7172e-08 -1.1770e-08 -4.8485e-09 -1.8926e-09 -6.9746e-10 -2.4166e-10 -7.8366e-11 -2.3668e-11 -6.6211e-12 -1.7054e-12 -4.0179e-13 -8.5952e-14 -1.6561e-14 -2.8486e-15 -4.3305e-16 -5.7545e-17 -6.6018e-18 -6.4491e-19 -5.2817e-20 -3.5639e-21 -1.9427e-22 -8.3664e-24 -2.7759e-25 -6.8946e-27 -1.2406e-28 -1.5578e-30 -1.3072e-32 -6.9749e-35 -2.2334e-37 -4.0125e-40 -3.7384e-43 -1.6465e-46 -3.0725e-50 -2.1325e-54 -4.7108e-59 -2.7451e-64 -3.3598e-70 -6.5375e-77 -1.4343e-84 -2.3140e-93 -1.6042e-103 -2.4142e-115 -3.2779e-129 -1.2785e-145 -3.1522e-165 -6.4135e-189 -6.6126e-218 -6.9542e-254 -2.7533e-299 -0.0000e+00 -0.0000e+00 -0.0000e+00 -0.0000e+00 -0.0000e+00 -0.0000e+00 -0.0000e+00 -0.0000e+00 -0.0000e+00 -0.0000e+00 -0.0000e+00
-1.1922e-03 -1.6664e-03 -2.0012e-03 -2.2479e-03 -2.4248e-03 1.0439e-02 -2.6042e-03 -2.6177e-03 -2.5868e-03 -2.5164e-03 -2.4117e-03 -2.2783e-03 -2.1218e-03 -1.9485e-03 -1.7640e-03 -1.5742e-03 -1.3844e-03 -1.1993e-03 -1.0232e-03 -8.5911e-04 -7.0963e-04 -5.7630e-04 -4.5984e-04 -3.6025e-04 -2.7691e-04 -2.0865e-04 -1.5399e-04 -1.1120e-04 -7.8497e-05 -5.4105e-05 -3.6370e-05 -2.3813e-05 -1.5164e-05 -9.3789e-06 -5.6243e-06 -3.2646e-06 -1.8306e-06 -9.8960e-07 -5.1461e-07 -2.5679e-07 -1.2264e-07 -5.5894e-08 -2.4235e-08 -9.9623e-09 -3.8682e-09 -1.4129e-09 -4.8332e-10 -1.5408e-10 -4.5527e-11 -1.2396e-11 -3.0895e-12 -6.9980e-13 -1.4291e-13 -2.6078e-14 -4.2107e-15 -5.9499e-16 -7.2680e-17 -7.5702e-18 -6.6207e-19 -4.7783e-20 -2.7909e-21 -1.2904e-22 -4.6058e-24 -1.2335e-25 -2.3991e-27 -3.2648e-29 -2.9779e-31 -1.7326e-33 -6.0704e-36 -1.1979e-38 -1.2311e-41 -6.0081e-45 -1.2487e-48 -9.7077e-53 -2.4171e-57 -1.5987e-62 -2.2386e-68 -5.0272e-75 -1.2858e-82 -2.4458e-91 -2.0252e-101 -3.6952e-113 -6.1891e-127 -3.0387e-143 -9.6589e-163 -2.6065e-186 -3.6888e-215 -5.5522e-251 -3.3137e-296 -0.0000e+00 -0.0000e+00 -0.0000e+00 -0.0000e+00 -0.0000e+00 -0.0000e+00 -0.0000e+00 -0.0000e+00 -0.0000e+00 -0.0000e+00 -0.0000e+00 -1.1906e-03 -1.6576e-03 -1.9777e-03 -2.2013e-03 -2.3473e-03 0.0000e+00 -2.4460e-03 -2.4139e-03 -2.3373e-03 -2.2237e-03 -2.0807e-03 -1.9159e-03 -1.7368e-03 -1.5504e-03 -1.3629e-03 -1.1798e-03 -1.0055e-03 -8.4356e-04 -6.9642e-04 -5.6559e-04 -4.5166e-04 -3.5447e-04 -2.7326e-04 -2.0678e-04 -1.5350e-04 -1.1169e-04 -7.9591e-05 -5.5499e-05 -3.7830e-05 -2.5180e-05 -1.6346e-05 -1.0337e-05 -6.3586e-06 -3.7992e-06 -2.2014e-06 -1.2348e-06 -6.6919e-07 -3.4970e-07 -1.7581e-07 -8.4826e-08 -3.9176e-08 -1.7269e-08 -7.2425e-09 -2.8801e-09 -1.0819e-09 -3.8235e-10 -1.2655e-10 -3.9037e-11 -1.1162e-11 -2.9407e-12 -7.0921e-13 -1.5543e-13 -3.0711e-14 -5.4217e-15 -8.4680e-16 -1.1573e-16 -1.3670e-17 -1.3766e-18 -1.1637e-19 -8.1162e-21 -4.5795e-22 -2.0447e-23 -7.0456e-25 -1.8207e-26 -3.4156e-28 -4.4808e-30 -3.9377e-32 -2.2059e-34 -7.4370e-37 -1.4111e-39 -1.3932e-42 -6.5268e-46 -1.3009e-49 -9.6879e-54 -2.3081e-58 -1.4589e-63 -1.9494e-69 -4.1715e-76 -1.0149e-83 -1.8329e-92 -1.4380e-102 -2.4803e-114 -3.9169e-128 -1.8080e-144 -5.3851e-164 -1.3566e-187 -1.7847e-216 -2.4848e-252 -1.3638e-297 -0.0000e+00 -0.0000e+00 -0.0000e+00 -0.0000e+00 -0.0000e+00 -0.0000e+00 -0.0000e+00 -0.0000e+00 -0.0000e+00 -0.0000e+00 -0.0000e+00
-1.1924e-03 -1.6703e-03 -2.0131e-03 -2.2723e-03 -2.4664e-03 -2.6042e-03 1.4209e-02 -2.7306e-03 -2.7264e-03 -2.6818e-03 -2.6006e-03 -2.4872e-03 -2.3463e-03 -2.1833e-03 -2.0036e-03 -1.8129e-03 -1.6168e-03 -1.4208e-03 -1.2296e-03 -1.0475e-03 -8.7800e-04 -7.2357e-04 -5.8593e-04 -4.6590e-04 -3.6349e-04 -2.7803e-04 -2.0831e-04 -1.5274e-04 -1.0948e-04 -7.6638e-05 -5.2327e-05 -3.4806e-05 -2.2522e-05 -1.4157e-05 -8.6300e-06 -5.0934e-06 -2.9049e-06 -1.5977e-06 -8.4557e-07 -4.2958e-07 -2.0895e-07 -9.7029e-08 -4.2883e-08 -1.7977e-08 -7.1222e-09 -2.6557e-09 -9.2794e-10 -3.0234e-10 -9.1366e-11 -2.5459e-11 -6.4987e-12 -1.5088e-12 -3.1607e-13 -5.9220e-14 -9.8269e-15 -1.4285e-15 -1.7972e-16 -1.9301e-17 -1.7427e-18 -1.3002e-19 -7.8624e-21 -3.7694e-22 -1.3975e-23 -3.8944e-25 -7.8976e-27 -1.1230e-28 -1.0728e-30 -6.5538e-33 -2.4179e-35 -5.0398e-38 -5.4890e-41 -2.8498e-44 -6.3267e-48 -5.2782e-52 -1.4176e-56 -1.0172e-61 -1.5552e-67 -3.8415e-74 -1.0897e-81 -2.3210e-90 -2.1755e-100 -4.5506e-112 -8.8679e-126 -5.1544e-142 -1.9801e-161 -6.6196e-185 -1.1960e-213 -2.3847e-249 -1.9747e-294 -0.0000e+00 -0.0000e+00 -0.0000e+00 -0.0000e+00 -0.0000e+00 -0.0000e+00 -0.0000e+00 -0.0000e+00 -0.0000e+00 -0.0000e+00 -0.0000e+00 -1.1903e-03 -1.6583e-03 -1.9809e-03 -2.2086e-03 -2.3602e-03 -2.4460e-03 0.0000e+00 -2.4499e-03 -2.3818e-03 -2.2762e-03 -2.1404e-03 -1.9816e-03 -1.8069e-03 -1.6232e-03 -1.4365e-03 -1.2524e-03 -1.0755e-03 -9.0957e-04 -7.5728e-04 -6.2047e-04 -5.0008e-04 -3.9628e-04 -3.0857e-04 -2.3596e-04 -1.7706e-04 -1.3029e-04 -9.3933e-05 -6.6291e-05 -4.5751e-05 -3.0844e-05 -2.0290e-05 -1.3006e-05 -8.1136e-06 -4.9183e-06 -2.8924e-06 -1.6473e-06 -9.0690e-07 -4.8163e-07 -2.4619e-07 -1.2084e-07 -5.6797e-08 -2.5493e-08 -1.0893e-08 -4.4154e-09 -1.6917e-09 -6.1014e-10 -2.0623e-10 -6.5005e-11 -1.9006e-11 -5.1242e-12 -1.2656e-12 -2.8429e-13 -5.7622e-14 -1.0445e-14 -1.6767e-15 -2.3576e-16 -2.8684e-17 -2.9786e-18 -2.5999e-19 -1.8748e-20 -1.0953e-21 -5.0718e-23 -1.8155e-24 -4.8828e-26 -9.5522e-28 -1.3096e-29 -1.2056e-31 -7.0931e-34 -2.5185e-36 -5.0485e-39 -5.2837e-42 -2.6337e-45 -5.6083e-49 -4.4830e-53 -1.1523e-57 -7.9032e-63 -1.1534e-68 -2.7152e-75 -7.3281e-83 -1.4822e-91 -1.3167e-101 -2.6041e-113 -4.7857e-127 -2.6157e-143 -9.4177e-163 -2.9399e-186 -4.9385e-215 -9.1106e-251 -6.9399e-296 -0.0000e+00 -0.0000e+00 -0.0000e+00 -0.0000e+00 -0.0000e+00 -0.0000e+00 -0.0000e+00 -0.0000e+00 -0.0000e+00 -0.0000e+00 -0.0000e+00
-1.1661e-03 -1.6375e-03 -1.9816e-03 -2.2493e-03 -2.4587e-03 -2.6177e-03 -2.7306e-03 1.8560e-02 -2.8272e-03 -2.8145e-03 -2.7638e-03 -2.6780e-03 -2.5604e-03 -2.4153e-03 -2.2475e-03 -2.0624e-03 -1.8656e-03 -1.6629e-03 -1.4599e-03 -1.2617e-03 -1.0729e-03 -8.9703e-04 -7.3700e-04 -5.9461e-04 -4.7074e-04 -3.6540e-04 -2.7785e-04 -2.0679e-04 -1.5048e-04 -1.0695e-04 -7.4155e-05 -5.0098e-05 -3.2934e-05 -2.1035e-05 -1.3034e-05 -7.8210e-06 -4.5364e-06 -2.5383e-06 -1.3672e-06 -7.0711e-07 -3.5030e-07 -1.6575e-07 -7.4675e-08 -3.1927e-08 -1.2907e-08 -4.9136e-09 -1.7538e-09 -5.8411e-10 -1.8055e-10 -5.1497e-11 -1.3465e-11 -3.2047e-12 -6.8881e-13 -1.3253e-13 -2.2607e-14 -3.3815e-15 -4.3822e-16 -4.8538e-17 -4.5254e-18 -3.4914e-19 -2.1862e-20 -1.0871e-21 -4.1870e-23 -1.2145e-24 -2.5686e-26 -3.8173e-28 -3.8204e-30 -2.4514e-32 -9.5262e-35 -2.0979e-37 -2.4223e-40 -1.3382e-43 -3.1747e-47 -2.8432e-51 -8.2397e-56 -6.4167e-61 -1.0717e-66 -2.9129e-73 -9.1688e-81 -2.1877e-89 -2.3225e-99 -5.5726e-111 -1.2643e-124 -8.7055e-141 -4.0446e-160 -1.6765e-183 -3.8705e-212 -1.0235e-247 -1.1774e-292 -0.0000e+00 -0.0000e+00 -0.0000e+00 -0.0000e+00 -0.0000e+00 -0.0000e+00 -0.0000e+00 -0.0000e+00 -0.0000e+00 -0.0000e+00 -0.0000e+00 -1.1633e-03 -1.6221e-03 -1.9404e-03 -2.1676e-03 -2.3222e-03 -2.4139e-03 -2.4499e-03 0.0000e+00 -2.3797e-03 -2.2859e-03 -2.1617e-03 -2.0136e-03 -1.8483e-03 -1.6722e-03 -1.4911e-03 -1.3105e-03 -1.1349e-03 -9.6836e-04 -8.1376e-04 -6.7325e-04 -5.4814e-04 -4.3895e-04 -3.4555e-04 -2.6723e-04 -2.0288e-04 -1.5110e-04 -1.1030e-04 -7.8841e-05 -5.5132e-05 -3.7674e-05 -2.5129e-05 -1.6340e-05 -1.0344e-05 -6.3651e-06 -3.8014e-06 -2.1996e-06 -1.2308e-06 -6.6461e-07 -3.4558e-07 -1.7262e-07 -8.2612e-08 -3.7772e-08 -1.6449e-08 -6.7994e-09 -2.6580e-09 -9.7868e-10 -3.3791e-10 -1.0888e-10 -3.2562e-11 -8.9861e-12 -2.2736e-12 -5.2360e-13 -1.0890e-13 -2.0273e-14 -3.3455e-15 -4.8410e-16 -6.0680e-17 -6.4995e-18 -5.8589e-19 -4.3692e-20 -2.6437e-21 -1.2699e-22 -4.7232e-24 -1.3224e-25 -2.6985e-27 -3.8673e-29 -3.7304e-31 -2.3056e-33 -8.6243e-36 -1.8268e-38 -2.0273e-41 -1.0755e-44 -2.4476e-48 -2.1007e-52 -5.8273e-57 -4.3383e-62 -6.9171e-68 -1.7922e-74 -5.3681e-82 -1.2166e-90 -1.2242e-100 -2.7778e-112 -5.9441e-126 -3.8495e-142 -1.6765e-161 -6.4901e-185 -1.3934e-213 -3.4095e-249 -3.6085e-294 -0.0000e+00 -0.0000e+00 -0.0000e+00 -0.0000e+00 -0.0000e+00 -0.0000e+00 -0.0000e+00 -0.0000e+00 -0.0000e+00 -0.0000e+00 -0.0000e+00
-1.1174e-03 -1.5736e-03 -1.9131e-03 -2.1853e-03 -2.4075e-03 -2.5868e-03 -2.7264e-03 -2.8272e-03 2.3493e-02 -2.9132e-03 -2.8985e-03 -2.8466e-03 -2.7593e-03 -2.6394e-03 -2.4907e-03 -2.3179e-03 -2.1266e-03 -1.9225e-03 -1.7119e-03 -1.5006e-03 -1.2942e-03 -1.0976e-03 -9.1470e-04 -7.4863e-04 -6.0127e-04 -4.7353e-04 -3.6538e-04 -2.7597e-04 -2.0383e-04 -1.4707e-04 -1.0354e-04 -7.1045e-05 -4.7444e-05 -3.0792e-05 -1.9392e-05 -1.1831e-05 -6.9791e-06 -3.9730e-06 -2.1779e-06 -1.1469e-06 -5.7871e-07 -2.7903e-07 -1.2816e-07 -5.5892e-08 -2.3059e-08 -8.9637e-09 -3.2689e-09 -1.1130e-09 -3.5197e-10 -1.0277e-10 -2.7530e-11 -6.7183e-12 -1.4818e-12 -2.9285e-13 -5.1357e-14 -7.9063e-15 -1.0556e-15 -1.2061e-16 -1.1615e-17 -9.2674e-19 -6.0106e-20 -3.1004e-21 -1.2410e-22 -3.7474e-24 -8.2678e-26 -1.2846e-27 -1.3472e-29 -9.0821e-32 -3.7184e-34 -8.6544e-37 -1.0597e-39 -6.2320e-43 -1.5803e-46 -1.5199e-50 -4.7546e-55 -4.0200e-60 -7.3370e-66 -2.1955e-72 -7.6720e-80 -2.0517e-88 -2.4684e-98 -6.7979e-110 -1.7966e-123 -1.4667e-139 -8.2483e-159 -4.2429e-182 -1.2530e-210 -4.3993e-246 -7.0399e-291 -0.0000e+00 -0.0000e+00 -0.0000e+00 -0.0000e+00 -0.0000e+00 -0.0000e+00 -0.0000e+00 -0.0000e+00 -0.0000e+00 -0.0000e+00 -0.0000e+00 -1.1141e-03 -1.5549e-03 -1.8630e-03 -2.0857e-03 -2.2408e-03 -2.3373e-03 -2.3818e-03 -2.3797e-03 0.0000e+00 -2.2572e-03 -2.1480e-03 -2.0146e-03 -1.8629e-03 -1.6986e-03 -1.5273e-03 -1.3541e-03 -1.1836e-03 -1.0196e-03 -8.6551e-04 -7.2360e-04 -5.9556e-04 -4.8231e-04 -3.8411e-04 -3.0063e-04 -2.3107e-04 -1.7428e-04 -1.2889e-04 -9.3369e-05 -6.6192e-05 -4.5872e-05 -3.1041e-05 -2.0484e-05 -1.3164e-05 -8.2268e-06 -4.9917e-06 -2.9355e-06 -1.6700e-06 -9.1728e-07 -4.8535e-07 -2.4680e-07 -1.2030e-07 -5.6046e-08 -2.4882e-08 -1.0491e-08 -4.1854e-09 -1.5736e-09 -5.5516e-10 -1.8288e-10 -5.5959e-11 -1.5811e-11 -4.0988e-12 -9.6797e-13 -2.0661e-13 -3.9512e-14 -6.7046e-15 -9.9860e-16 -1.2898e-16 -1.4253e-17 -1.3272e-18 -1.0237e-19 -6.4169e-21 -3.1980e-22 -1.2362e-23 -3.6039e-25 -7.6724e-27 -1.1497e-28 -1.1623e-30 -7.5483e-33 -2.9752e-35 -6.6614e-38 -7.8404e-41 -4.4282e-44 -1.0774e-47 -9.9313e-52 -2.9742e-56 -2.4044e-61 -4.1900e-67 -1.1953e-73 -3.9752e-81 -1.0099e-89 -1.1518e-99 -3.0001e-111 -7.4799e-125 -5.7436e-141 -3.0283e-160 -1.4550e-183 -3.9963e-212 -1.2986e-247 -1.9121e-292 -0.0000e+00 -0.0000e+00 -0.0000e+00 -0.0000e+00 -0.0000e+00 -0.0000e+00 -0.0000e+00 -0.0000e+00 -0.0000e+00 -0.0000e+00 -0.0000e+00
-1.0508e-03 -1.4845e-03 -1.8141e-03 -2.0868e-03 -2.3187e-03 -2.5164e-03 -2.6818e-03 -2.8145e-03 -2.9132e-03 2.9009e-02 -3.0013e-03 -2.9884e-03 -2.9372e-03 -2.8491e-03 -2.7264e-03 -2.5731e-03 -2.3939e-03 -2.1946e-03 -1.9817e-03 -1.7615e-03 -1.5406e-03 -1.3250e-03 -1.1199e-03 -9.2963e-04 -7.5736e-04 -6.0510e-04 -4.7372e-04 -3.6308e-04 -2.7219e-04 -1.9937e-04 -1.4252e-04 -9.9320e-05 -6.7379e-05 -4.4437e-05 -2.8446e-05 -1.7646e-05 -1.0588e-05 -6.1325e-06 -3.4217e-06 -1.8348e-06 -9.4315e-07 -4.6346e-07 -2.1705e-07 -9.6565e-08 -4.0663e-08 -1.6143e-08 -6.0158e-09 -2.0944e-09 -6.7767e-10 -2.0260e-10 -5.5614e-11 -1.3918e-11 -3.1508e-12 -6.3969e-13 -1.1536e-13 -1.8281e-14 -2.5153e-15 -2.9651e-16 -2.9497e-17 -2.4347e-18 -1.6359e-19 -8.7560e-21 -3.6428e-22 -1.1455e-23 -2.6370e-25 -4.2844e-27 -4.7098e-29 -3.3368e-31 -1.4398e-33 -3.5426e-36 -4.6016e-39 -2.8816e-42 -7.8134e-46 -8.0729e-50 -2.7271e-54 -2.5045e-59 -4.9975e-65 -1.6471e-71 -6.3929e-79 -1.9173e-87 -2.6155e-97 -8.2731e-109 -2.5491e-122 -2.4690e-138 -1.6822e-157 -1.0749e-180 -4.0652e-209 -1.8976e-244 -4.2304e-289 -0.0000e+00 -0.0000e+00 -0.0000e+00 -0.0000e+00 -0.0000e+00 -0.0000e+00 -0.0000e+00 -0.0000e+00 -0.0000e+00 -0.0000e+00 -0.0000e+00 -1.0469e-03 -1.4628e-03 -1.7556e-03 -1.9705e-03 -2.1236e-03 -2.2237e-03 -2.2762e-03 -2.2859e-03 -2.2572e-03 0.0000e+00 -2.1031e-03 -1.9873e-03 -1.8523e-03 -1.7034e-03 -1.5454e-03 -1.3832e-03 -1.2210e-03 -1.0628e-03 -9.1186e-04 -7.7085e-04 -6.4177e-04 -5.2591e-04 -4.2396e-04 -3.3599e-04 -2.6159e-04 -1.9992e-04 -1.4985e-04 -1.1006e-04 -7.9136e-05 -5.5640e-05 -3.8211e-05 -2.5599e-05 -1.6707e-05 -1.0607e-05 -6.5403e-06 -3.9102e-06 -2.2624e-06 -1.2643e-06 -6.8087e-07 -3.5254e-07 -1.7505e-07 -8.3121e-08 -3.7628e-08 -1.6186e-08 -6.5913e-09 -2.5311e-09 -9.1256e-10 -3.0741e-10 -9.6254e-11 -2.7850e-11 -7.3987e-12 -1.7920e-12 -3.9264e-13 -7.7148e-14 -1.3463e-14 -2.0643e-15 -2.7480e-16 -3.1334e-17 -3.0145e-18 -2.4057e-19 -1.5624e-20 -8.0804e-22 -3.2471e-23 -9.8584e-25 -2.1902e-26 -3.4324e-28 -3.6376e-30 -2.4830e-32 -1.0315e-34 -2.4419e-37 -3.0493e-40 -1.8340e-43 -4.7720e-47 -4.7261e-51 -1.5286e-55 -1.3424e-60 -2.5578e-66 -8.0378e-73 -2.9694e-80 -8.4609e-89 -1.0943e-98 -3.2741e-110 -9.5177e-124 -8.6722e-140 -5.5401e-159 -3.3070e-182 -1.1633e-210 -5.0260e-246 -1.0311e-290 -0.0000e+00 -0.0000e+00 -0.0000e+00 -0.0000e+00 -0.0000e+00 -0.0000e+00 -0.0000e+00 -0.0000e+00 -0.0000e+00 -0.0000e+00 -0.0000e+00
-9.7064e-04 -1.3760e-03 -1.6912e-03 -1.9603e-03 -2.1986e-03 -2.4117e-03 -2.6006e-03 -2.7638e-03 -2.8985e-03 -3.0013e-03 3.5112e-02 -3.0983e-03 -3.0880e-03 -3.0373e-03 -2.9472e-03 -2.8203e-03 -2.6604e-03 -2.4729e-03 -2.2639e-03 -2.0404e-03 -1.8094e-03 -1.5779e-03 -1.3525e-03 -1.1386e-03 -9.4087e-04 -7.6256e-04 -6.0571e-04 -4.7111e-04 -3.5846e-04 -2.6655e-04 -1.9349e-04 -1.3695e-04 -9.4392e-05 -6.3264e-05 -4.1169e-05 -2.5969e-05 -1.5850e-05 -9.3423e-06 -5.3064e-06 -2.8978e-06 -1.5176e-06 -7.6015e-07 -3.6305e-07 -1.6479e-07 -7.0840e-08 -2.8726e-08 -1.0941e-08 -3.8954e-09 -1.2898e-09 -3.9491e-10 -1.1110e-10 -2.8517e-11 -6.6274e-12 -1.3826e-12 -2.5643e-13 -4.1838e-14 -5.9335e-15 -7.2179e-16 -7.4193e-17 -6.3364e-18 -4.4117e-19 -2.4507e-20 -1.0600e-21 -3.4719e-23 -8.3418e-25 -1.4176e-26 -1.6340e-28 -1.2169e-30 -5.5354e-33 -1.4403e-35 -1.9853e-38 -1.3243e-41 -3.8410e-45 -4.2650e-49 -1.5565e-53 -1.5533e-58 -3.3903e-64 -1.2314e-70 -5.3114e-78 -1.7875e-86 -2.7668e-96 -1.0059e-107 -3.6160e-121 -4.1592e-137 -3.4365e-156 -2.7309e-179 -1.3242e-207 -8.2295e-243 -2.5602e-287 -0.0000e+00 -0.0000e+00 -0.0000e+00 -0.0000e+00 -0.0000e+00 -0.0000e+00 -0.0000e+00 -0.0000e+00 -0.0000e+00 -0.0000e+00 -0.0000e+00 -9.6629e-04 -1.3517e-03 -1.6256e-03 -1.8295e-03 -1.9786e-03 -2.0807e-03 -2.1404e-03 -2.1617e-03 -2.1480e-03 -2.1031e-03 0.0000e+00 -1.9342e-03 -1.8186e-03 -1.6877e-03 -1.5460e-03 -1.3976e-03 -1.2468e-03 -1.0971e-03 -9.5194e-04 -8.1414e-04 -6.8597e-04 -5.6909e-04 -4.6460e-04 -3.7299e-04 -2.9426e-04 -2.2796e-04 -1.7325e-04 -1.2906e-04 -9.4145e-05 -6.7176e-05 -4.6833e-05 -3.1860e-05 -2.1122e-05 -1.3626e-05 -8.5409e-06 -5.1922e-06 -3.0559e-06 -1.7378e-06 -9.5275e-07 -5.0242e-07 -2.5419e-07 -1.2303e-07 -5.6803e-08 -2.4931e-08 -1.0365e-08 -4.0661e-09 -1.4984e-09 -5.1626e-10 -1.6544e-10 -4.9025e-11 -1.3349e-11 -3.3168e-12 -7.4610e-13 -1.5065e-13 -2.7041e-14 -4.2695e-15 -5.8586e-16 -6.8944e-17 -6.8542e-18 -5.6603e-19 -3.8096e-20 -2.0451e-21 -8.5447e-23 -2.7024e-24 -6.2668e-26 -1.0274e-27 -1.1417e-29 -8.1928e-32 -3.5886e-34 -8.9846e-37 -1.1906e-39 -7.6290e-43 -2.1235e-46 -2.2604e-50 -7.8991e-55 -7.5385e-60 -1.5713e-65 -5.4420e-72 -2.2345e-79 -7.1450e-88 -1.0487e-97 -3.6064e-109 -1.2233e-122 -1.3238e-138 -1.0256e-157 -7.6143e-181 -3.4347e-209 -1.9758e-244 -5.6572e-289 -0.0000e+00 -0.0000e+00 -0.0000e+00 -0.0000e+00 -0.0000e+00 -0.0000e+00 -0.0000e+00 -0.0000e+00 -0.0000e+00 -0.0000e+00 -0.0000e+00
-8.8125e-04 -1.2542e-03 -1.5510e-03 -1.8128e-03 -2.0536e-03 -2.2783e-03 -2.4872e-03 -2.6780e-03 -2.8466e-03 -2.9884e-03 -3.0983e-03 4.1803e-02 -3.2055e-03 -3.1968e-03 -3.1451e-03 -3.0513e-03 -2.9180e-03 -2.7497e-03 -2.5520e-03 -2.3317e-03 -2.0964e-03 -1.8537e-03 -1.6111e-03 -1.3756e-03 -1.1529e-03 -9.4793e-04 -7.6397e-04 -6.0301e-04 -4.6572e-04 -3.5160e-04 -2.5919e-04 -1.8635e-04 -1.3050e-04 -8.8897e-05 -5.8814e-05 -3.7731e-05 -2.3429e-05 -1.4054e-05 -8.1277e-06 -4.5208e-06 -2.4126e-06 -1.2319e-06 -6.0009e-07 -2.7797e-07 -1.2200e-07 -5.0538e-08 -1.9676e-08 -7.1655e-09 -2.4285e-09 -7.6157e-10 -2.1961e-10 -5.7830e-11 -1.3799e-11 -2.9585e-12 -5.6447e-13 -9.4839e-14 -1.3866e-14 -1.7410e-15 -1.8495e-16 -1.6348e-17 -1.1797e-18 -6.8030e-20 -3.0599e-21 -1.0442e-22 -2.6191e-24 -4.6569e-26 -5.6294e-28 -4.4086e-30 -2.1148e-32 -5.8211e-35 -8.5174e-38 -6.0541e-41 -1.8791e-44 -2.2433e-48 -8.8485e-53 -9.6001e-58 -2.2931e-63 -9.1832e-70 -4.4047e-77 -1.6645e-85 -2.9254e-95 -1.2233e-106 -5.1355e-120 -7.0213e-136 -7.0427e-155 -6.9684e-178 -4.3385e-206 -3.5952e-241 -1.5636e-285 -0.0000e+00 -0.0000e+00 -0.0000e+00 -0.0000e+00 -0.0000e+00 -0.0000e+00 -0.0000e+00 -0.0000e+00 -0.0000e+00 -0.0000e+00 -0.0000e+00 -8.7653e-04 -1.2278e-03 -1.4797e-03 -1.6704e-03 -1.8135e-03 -1.9159e-03 -1.9816e-03 -2.0136e-03 -2.0146e-03 -1.9873e-03 -1.9342e-03 0.0000e+00 -1.7636e-03 -1.6526e-03 -1.5293e-03 -1.3973e-03 -1.2603e-03 -1.1216e-03 -9.8474e-04 -8.5242e-04 -7.2718e-04 -6.1100e-04 -5.0534e-04 -4.1113e-04 -3.2878e-04 -2.5825e-04 -1.9906e-04 -1.5044e-04 -1.1137e-04 -8.0665e-05 -5.7102e-05 -3.9457e-05 -2.6577e-05 -1.7426e-05 -1.1105e-05 -6.8658e-06 -4.1112e-06 -2.3795e-06 -1.3283e-06 -7.1351e-07 -3.6786e-07 -1.8154e-07 -8.5490e-08 -3.8294e-08 -1.6257e-08 -6.5153e-09 -2.4545e-09 -8.6508e-10 -2.8377e-10 -8.6140e-11 -2.4045e-11 -6.1294e-12 -1.4158e-12 -2.9382e-13 -5.4260e-14 -8.8229e-15 -1.2483e-15 -1.5163e-16 -1.5581e-17 -1.3318e-18 -9.2908e-20 -5.1781e-21 -2.2501e-22 -7.4147e-24 -1.7952e-25 -3.0795e-27 -3.5894e-29 -2.7087e-31 -1.2513e-33 -3.3144e-36 -4.6629e-39 -3.1840e-42 -9.4846e-46 -1.0856e-49 -4.1004e-54 -4.2547e-59 -9.7064e-65 -3.7068e-71 -1.6926e-78 -6.0777e-87 -1.0129e-96 -4.0072e-108 -1.5874e-121 -2.0420e-137 -1.9208e-156 -1.7757e-179 -1.0285e-207 -7.8899e-243 -3.1584e-287 -0.0000e+00 -0.0000e+00 -0.0000e+00 -0.0000e+00 -0.0000e+00 -0.0000e+00 -0.0000e+00 -0.0000e+00 -0.0000e+00 -0.0000e+00 -0.0000e+00
-7.8669e-04 -1.1243e-03 -1.3999e-03 -1.6507e-03 -1.8899e-03 -2.1218e-03 -2.3463e-03 -2.5604e-03 -2.7593e-03 -2.9372e-03 -3.0880e-03 -3.2055e-03 4.9087e-02 -3.3210e-03 -3.3123e-03 -3.2575e-03 -3.1579e-03 -3.0164e-03 -2.8379e-03 -2.6286e-03 -2.3960e-03 -2.1481e-03 -1.8933e-03 -1.6393e-03 -1.3937e-03 -1.1625e-03 -9.5071e-04 -7.6160e-04 -5.9711e-04 -4.5772e-04 -3.4270e-04 -2.5031e-04 -1.7813e-04 -1.2334e-04 -8.2975e-05 -5.4144e-05 -3.4209e-05 -2.0888e-05 -1.2300e-05 -6.9698e-06 -3.7907e-06 -1.9735e-06 -9.8069e-07 -4.6363e-07 -2.0779e-07 -8.7950e-08 -3.5007e-08 -1.3042e-08 -4.5250e-09 -1.4537e-09 -4.2979e-10 -1.1613e-10 -2.8457e-11 -6.2711e-12 -1.2311e-12 -2.1305e-13 -3.2119e-14 -4.1635e-15 -4.5721e-16 -4.1833e-17 -3.1295e-18 -1.8740e-19 -8.7678e-21 -3.1180e-22 -8.1671e-24 -1.5198e-25 -1.9274e-27 -1.5877e-29 -8.0342e-32 -2.3403e-34 -3.6364e-37 -2.7554e-40 -9.1558e-44 -1.1757e-47 -5.0146e-52 -5.9179e-57 -1.5478e-62 -6.8387e-69 -3.6500e-76 -1.5498e-84 -3.0953e-94 -1.4901e-105 -7.3114e-119 -1.1895e-134 -1.4501e-153 -1.7888e-176 -1.4321e-204 -1.5852e-239 -9.6575e-284 -0.0000e+00 -0.0000e+00 -0.0000e+00 -0.0000e+00 -0.0000e+00 -0.0000e+00 -0.0000e+00 -0.0000e+00 -0.0000e+00 -0.0000e+00 -0.0000e+00 -7.8172e-04 -1.0965e-03 -1.3247e-03 -1.5004e-03 -1.6358e-03 -1.7368e-03 -1.8069e-03 -1.8483e-03 -1.8629e-03 -1.8523e-03 -1.8186e-03 -1.7636e-03 0.0000e+00 -1.5997e-03 -1.4962e-03 -1.3823e-03 -1.2611e-03 -1.1357e-03 -1.0093e-03 -8.8460e-04 -7.6431e-04 -6.5062e-04 -5.4532e-04 -4.4972e-04 -3.6466e-04 -2.9050e-04 -2.2717e-04 -1.7422e-04 -1.3090e-04 -9.6266e-05 -6.9209e-05 -4.8582e-05 -3.3254e-05 -2.2164e-05 -1.4362e-05 -9.0326e-06 -5.5038e-06 -3.2427e-06 -1.8434e-06 -1.0088e-06 -5.3010e-07 -2.6675e-07 -1.2815e-07 -5.8593e-08 -2.5403e-08 -1.0403e-08 -4.0072e-09 -1.4450e-09 -4.8527e-10 -1.5092e-10 -4.3196e-11 -1.1299e-11 -2.6805e-12 -5.7184e-13 -1.0867e-13 -1.8201e-14 -2.6555e-15 -3.3305e-16 -3.5379e-17 -3.1306e-18 -2.2643e-19 -1.3105e-20 -5.9239e-22 -2.0345e-23 -5.1443e-25 -9.2361e-27 -1.1295e-28 -8.9666e-31 -4.3698e-33 -1.2250e-35 -1.8302e-38 -1.3323e-41 -4.2492e-45 -5.2317e-49 -2.1370e-53 -2.4121e-58 -6.0260e-64 -2.5391e-70 -1.2902e-77 -5.2059e-86 -9.8598e-96 -4.4908e-107 -2.0794e-120 -3.1831e-136 -3.6394e-155 -4.1948e-178 -3.1245e-206 -3.2019e-241 -1.7956e-285 -0.0000e+00 -0.0000e+00 -0.0000e+00 -0.0000e+00 -0.0000e+00 -0.0000e+00 -0.0000e+00 -0.0000e+00 -0.0000e+00 -0.0000e+00 -0.0000e+00
-6.9064e-04 -9.9156e-04 -1.2436e-03 -1.4804e-03 -1.7140e-03 -1.9485e-03 -2.1833e-03 -2.4153e-03 -2.6394e-03 -2.8491e-03 -3.0373e-03 -3.1968e-03 -3.3210e-03 5.6970e-02 -3.4415e-03 -3.4307e-03 -3.3711e-03 -3.2640e-03 -3.1129e-03 -2.9230e-03 -2.7012e-03 -2.4555e-03 -2.1947e-03 -1.9274e-03 -1.6622e-03 -1.4068e-03 -1.1675e-03 -9.4929e-04 -7.5562e-04 -5.8821e-04 -4.4733e-04 -3.3197e-04 -2.4010e-04 -1.6902e-04 -1.1563e-04 -7.6759e-05 -4.9354e-05 -3.0680e-05 -1.8399e-05 -1.0622e-05 -5.8886e-06 -3.1264e-06 -1.5850e-06 -7.6491e-07 -3.5014e-07 -1.5145e-07 -6.1641e-08 -2.3498e-08 -8.3474e-09 -2.7478e-09 -8.3304e-10 -2.3099e-10 -5.8142e-11 -1.3173e-11 -2.6613e-12 -4.7447e-13 -7.3777e-14 -9.8754e-15 -1.1213e-15 -1.0623e-16 -8.2406e-18 -5.1253e-19 -2.4950e-20 -9.2492e-22 -2.5307e-23 -4.9301e-25 -6.5615e-27 -5.6873e-29 -3.0371e-31 -9.3658e-34 -1.5460e-36 -1.2493e-39 -4.4463e-43 -6.1446e-47 -2.8353e-51 -3.6417e-56 -1.0436e-61 -5.0902e-68 -3.0251e-75 -1.4444e-83 -3.2809e-93 -1.8199e-104 -1.0448e-117 -2.0248e-133 -3.0040e-152 -4.6266e-175 -4.7707e-203 -7.0669e-238 -6.0442e-282 -0.0000e+00 -0.0000e+00 -0.0000e+00 -0.0000e+00 -0.0000e+00 -0.0000e+00 -0.0000e+00 -0.0000e+00 -0.0000e+00 -0.0000e+00 -0.0000e+00 -6.8557e-04 -9.6317e-04 -1.1666e-03 -1.3260e-03 -1.4523e-03 -1.5504e-03 -1.6232e-03 -1.6722e-03 -1.6986e-03 -1.7034e-03 -1.6877e-03 -1.6526e-03 -1.5997e-03 0.0000e+00 -1.4476e-03 -1.3529e-03 -1.2490e-03 -1.1386e-03 -1.0245e-03 -9.0955e-04 -7.9620e-04 -6.8686e-04 -5.8356e-04 -4.8796e-04 -4.0128e-04 -3.2428e-04 -2.5731e-04 -2.0028e-04 -1.5278e-04 -1.1410e-04 -8.3320e-05 -5.9428e-05 -4.1344e-05 -2.8016e-05 -1.8463e-05 -1.1813e-05 -7.3259e-06 -4.3944e-06 -2.5444e-06 -1.4188e-06 -7.5998e-07 -3.9002e-07 -1.9119e-07 -8.9239e-08 -3.9519e-08 -1.6540e-08 -6.5152e-09 -2.4040e-09 -8.2672e-10 -2.6347e-10 -7.7332e-11 -2.0761e-11 -5.0594e-12 -1.1097e-12 -2.1704e-13 -3.7454e-14 -5.6363e-15 -7.3002e-16 -8.0190e-17 -7.3474e-18 -5.5112e-19 -3.3132e-20 -1.5584e-21 -5.5796e-23 -1.4738e-24 -2.7704e-26 -3.5557e-28 -2.9703e-30 -1.5277e-32 -4.5340e-35 -7.1971e-38 -5.5879e-41 -1.9089e-44 -2.5294e-48 -1.1178e-52 -1.3733e-57 -3.7592e-63 -1.7487e-69 -9.8952e-77 -4.4901e-85 -9.6722e-95 -5.0765e-106 -2.7504e-119 -5.0157e-135 -6.9792e-154 -1.0044e-176 -9.6363e-205 -1.3216e-239 -1.0405e-283 -0.0000e+00 -0.0000e+00 -0.0000e+00 -0.0000e+00 -0.0000e+00 -0.0000e+00 -0.0000e+00 -0.0000e+00 -0.0000e+00 -0.0000e+00 -0.0000e+00
-5.9632e-04 -8.6037e-04 -1.0875e-03 -1.3076e-03 -1.5319e-03 -1.7640e-03 -2.0036e-03 -2.2475e-03 -2.4907e-03 -2.7264e-03 -2.9472e-03 -3.1451e-03 -3.3123e-03 -3.4415e-03 6.5457e-02 -3.5635e-03 -3.5492e-03 -3.4833e-03 -3.3675e-03 -3.2057e-03 -3.0036e-03 -2.7687e-03 -2.5097e-03 -2.2357e-03 -1.9561e-03 -1.6798e-03 -1.4149e-03 -1.1679e-03 -9.4391e-04 -7.4628e-04 -5.7657e-04 -4.3480e-04 -3.1966e-04 -2.2880e-04 -1.5921e-04 -1.0753e-04 -7.0370e-05 -4.4539e-05 -2.7208e-05 -1.6006e-05 -9.0461e-06 -4.8986e-06 -2.5342e-06 -1.2486e-06 -5.8385e-07 -2.5812e-07 -1.0744e-07 -4.1917e-08 -1.5249e-08 -5.1444e-09 -1.5996e-09 -4.5528e-10 -1.1773e-10 -2.7430e-11 -5.7043e-12 -1.0479e-12 -1.6810e-13 -2.3241e-14 -2.7292e-15 -2.6777e-16 -2.1547e-17 -1.3923e-18 -7.0539e-20 -2.7268e-21 -7.7958e-23 -1.5905e-24 -2.2223e-26 -2.0276e-28 -1.1431e-30 -3.7332e-33 -6.5496e-36 -5.6472e-39 -2.1537e-42 -3.2046e-46 -1.6007e-50 -2.2389e-55 -7.0342e-61 -3.7904e-67 -2.5102e-74 -1.3489e-82 -3.4877e-92 -2.2315e-103 -1.5006e-116 -3.4684e-132 -6.2706e-151 -1.2077e-173 -1.6067e-201 -3.1915e-236 -3.8410e-280 -0.0000e+00 -0.0000e+00 -0.0000e+00 -0.0000e+00 -0.0000e+00 -0.0000e+00 -0.0000e+00 -0.0000e+00 -0.0000e+00 -0.0000e+00 -0.0000e+00 -5.9128e-04 -8.3210e-04 -1.0107e-03 -1.1532e-03 -1.2692e-03 -1.3629e-03 -1.4365e-03 -1.4911e-03 -1.5273e-03 -1.5454e-03 -1.5460e-03 -1.5293e-03 -1.4962e-03 -1.4476e-03 0.0000e+00 -1.3098e-03 -1.2240e-03 -1.1299e-03 -1.0298e-03 -9.2625e-04 -8.2169e-04 -7.1853e-04 -6.1896e-04 -5.2489e-04 -4.3786e-04 -3.5902e-04 -2.8911e-04 -2.2845e-04 -1.7695e-04 -1.3421e-04 -9.9573e-05 -7.2173e-05 -5.1041e-05 -3.5170e-05 -2.3576e-05 -1.5349e-05 -9.6888e-06 -5.9180e-06 -3.4905e-06 -1.9835e-06 -1.0833e-06 -5.6706e-07 -2.8368e-07 -1.3519e-07 -6.1163e-08 -2.6167e-08 -1.0542e-08 -3.9812e-09 -1.4022e-09 -4.5800e-10 -1.3788e-10 -3.8000e-11 -9.5144e-12 -2.1462e-12 -4.3210e-13 -7.6840e-14 -1.1930e-14 -1.5961e-15 -1.8133e-16 -1.7209e-17 -1.3390e-18 -8.3633e-20 -4.0943e-21 -1.5287e-22 -4.2195e-24 -8.3070e-26 -1.1194e-27 -9.8434e-30 -5.3449e-32 -1.6801e-34 -2.8347e-37 -2.3484e-40 -8.5971e-44 -1.2266e-47 -5.8685e-52 -7.8518e-57 -2.3565e-62 -1.2111e-68 -7.6370e-76 -3.9003e-84 -9.5643e-94 -5.7904e-105 -3.6748e-118 -7.9932e-134 -1.3554e-152 -2.4393e-175 -3.0197e-203 -5.5537e-238 -6.1531e-282 -0.0000e+00 -0.0000e+00 -0.0000e+00 -0.0000e+00 -0.0000e+00 -0.0000e+00 -0.0000e+00 -0.0000e+00 -0.0000e+00 -0.0000e+00 -0.0000e+00
-5.0635e-04 -7.3444e-04 -9.3601e-04 -1.1375e-03 -1.3491e-03 -1.5742e-03 -1.8129e-03 -2.0624e-03 -2.3179e-03 -2.5731e-03 -2.8203e-03 -3.0513e-03 -3.2575e-03 -3.4307e-03 -3.5635e-03 7.4558e-02 -3.6844e-03 -3.6654e-03 -3.5923e-03 -3.4670e-03 -3.2939e-03 -3.0792e-03 -2.8309e-03 -2.5583e-03 -2.2711e-03 -1.9793e-03 -1.6922e-03 -1.4182e-03 -1.1640e-03 -9.3482e-04 -7.3382e-04 -5.6243e-04 -4.2036e-04 -3.0597e-04 -2.1658e-04 -1.4886e-04 -9.9168e-05 -6.3919e-05 -3.9779e-05 -2.3851e-05 -1.3744e-05 -7.5923e-06 -4.0088e-06 -2.0169e-06 -9.6356e-07 -4.3549e-07 -1.8543e-07 -7.4046e-08 -2.7592e-08 -9.5416e-09 -3.0434e-09 -8.8936e-10 -2.3633e-10 -5.6633e-11 -1.2126e-11 -2.2960e-12 -3.8005e-13 -5.4285e-14 -6.5947e-15 -6.7031e-16 -5.5962e-17 -3.7581e-18 -1.9822e-19 -7.9928e-21 -2.3886e-22 -5.1053e-24 -7.4913e-26 -7.1975e-28 -4.2854e-30 -1.4830e-32 -2.7665e-35 -2.5463e-38 -1.0411e-41 -1.6690e-45 -9.0297e-50 -1.3763e-54 -4.7440e-60 -2.8261e-66 -2.0874e-73 -1.2635e-81 -3.7224e-91 -2.7500e-102 -2.1686e-115 -5.9863e-131 -1.3208e-149 -3.1862e-172 -5.4797e-200 -1.4628e-234 -2.4836e-278 -0.0000e+00 -0.0000e+00 -0.0000e+00 -0.0000e+00 -0.0000e+00 -0.0000e+00 -0.0000e+00 -0.0000e+00 -0.0000e+00 -0.0000e+00 -0.0000e+00 -5.0146e-04 -7.0699e-04 -8.6132e-04 -9.8689e-04 -1.0918e-03 -1.1798e-03 -1.2524e-03 -1.3105e-03 -1.3541e-03 -1.3832e-03 -1.3976e-03 -1.3973e-03 -1.3823e-03 -1.3529e-03 -1.3098e-03 0.0000e+00 -1.1865e-03 -1.1094e-03 -1.0245e-03 -9.3380e-04 -8.3970e-04 -7.4448e-04 -6.5037e-04 -5.5944e-04 -4.7349e-04 -3.9399e-04 -3.2205e-04 -2.5837e-04 -2.0324e-04 -1.5659e-04 -1.1805e-04 -8.6969e-05 -6.2532e-05 -4.3821e-05 -2.9884e-05 -1.9801e-05 -1.2724e-05 -7.9153e-06 -4.7565e-06 -2.7550e-06 -1.5343e-06 -8.1936e-07 -4.1838e-07 -2.0362e-07 -9.4123e-08 -4.1169e-08 -1.6967e-08 -6.5593e-09 -2.3664e-09 -7.9237e-10 -2.4473e-10 -6.9249e-11 -1.7818e-11 -4.1344e-12 -8.5706e-13 -1.5710e-13 -2.5169e-14 -3.4792e-15 -4.0894e-16 -4.0206e-17 -3.2460e-18 -2.1072e-19 -1.0740e-20 -4.1832e-22 -1.2070e-23 -2.4895e-25 -3.5231e-27 -3.2626e-29 -1.8712e-31 -6.2324e-34 -1.1182e-36 -9.8891e-40 -3.8816e-43 -5.9668e-47 -3.0922e-51 -4.5084e-56 -1.4846e-61 -8.4357e-68 -5.9328e-75 -3.4132e-83 -9.5372e-93 -6.6673e-104 -4.9623e-117 -1.2891e-132 -2.6679e-151 -6.0142e-174 -9.6247e-202 -2.3790e-236 -3.7185e-280 -0.0000e+00 -0.0000e+00 -0.0000e+00 -0.0000e+00 -0.0000e+00 -0.0000e+00 -0.0000e+00 -0.0000e+00 -0.0000e+00 -0.0000e+00 -0.0000e+00
