2.9262e-08 -1.2426e-08 -2.2855e-08 -3.5248e-08 -4.9367e-08 -6.5067e-08 -8.2250e-08 -1.0085e-07 -1.2083e-07 -1.4216e-07 -1.6483e-07 -1.8884e-07 -2.1419e-07 -2.4089e-07 -2.6897e-07 -2.9845e-07 -3.2935e-07 -3.6171e-07 -3.9557e-07 -4.3096e-07 -4.6792e-07 -5.0649e-07 -5.4671e-07 -5.8861e-07 -6.3224e-07 -6.7761e-07 -7.2476e-07 -7.7371e-07 -8.2445e-07 -8.7698e-07 -9.3129e-07 -9.8732e-07 -1.0450e-06 -1.1042e-06 -1.1649e-06 -1.2268e-06 -1.2898e-06 -1.3534e-06 -1.4175e-06 -1.4815e-06 -1.5448e-06 -1.6070e-06 -1.6671e-06 -1.7244e-06 -1.7778e-06 -1.8260e-06 -1.8679e-06 -1.9018e-06 -1.9262e-06 -1.9393e-06 -1.9392e-06 -1.9241e-06 -1.8923e-06 -1.8420e-06 -1.7721e-06 -1.6818e-06 -1.5712e-06 -1.4414e-06 -1.2945e-06 -1.1341e-06 -9.6510e-07 -7.9377e-07 -6.2714e-07 -4.7249e-07 -3.3646e-07 -2.2401e-07 -1.3762e-07 -7.6754e-08 -3.8090e-08 -1.6405e-08 -5.9430e-09 -1.7410e-09 -3.9234e-10 -6.3796e-11 -6.8918e-12 -4.4423e-13 -1.4832e-14 -2.1257e-16 -1.0156e-18 -1.1466e-21 -1.9018e-25 -2.3797e-30 -8.6879e-37 -2.3287e-45 -5.9233e-57 -6.4102e-73 -2.3414e-95 -1.2279e-127 -2.3281e-175 -3.3746e-248 -0.0000e+00 -0.0000e+00 -0.0000e+00 -0.0000e+00 -0.0000e+00 -0.0000e+00 -0.0000e+00 -0.0000e+00 -0.0000e+00 -0.0000e+00 0.0000e+00 -1.2426e-08 -2.2855e-08 -3.5248e-08 -4.9367e-08 -6.5067e-08 -8.2250e-08 -1.0085e-07 -1.2083e-07 -1.4216e-07 -1.6483e-07 -1.8884e-07 -2.1419e-07 -2.4089e-07 -2.6897e-07 -2.9845e-07 -3.2935e-07 -3.6171e-07 -3.9557e-07 -4.3096e-07 -4.6792e-07 -5.0649e-07 -5.4671e-07 -5.8861e-07 -6.3224e-07 -6.7761e-07 -7.2476e-07 -7.7371e-07 -8.2445e-07 -8.7698e-07 -9.3129e-07 -9.8732e-07 -1.0450e-06 -1.1042e-06 -1.1649e-06 -1.2268e-06 -1.2898e-06 -1.3534e-06 -1.4175e-06 -1.4815e-06 -1.5448e-06 -1.6070e-06 -1.6671e-06 -1.7244e-06 -1.7778e-06 -1.8260e-06 -1.8679e-06 -1.9018e-06 -1.9262e-06 -1.9393e-06 -1.9392e-06 -1.9241e-06 -1.8923e-06 -1.8420e-06 -1.7721e-06 -1.6818e-06 -1.5712e-06 -1.4414e-06 -1.2945e-06 -1.1341e-06 -9.6510e-07 -7.9377e-07 -6.2714e-07 -4.7249e-07 -3.3645e-07 -2.2401e-07 -1.3762e-07 -7.6754e-08 -3.8090e-08 -1.6405e-08 -5.9430e-09 -1.7410e-09 -3.9234e-10 -6.3796e-11 -6.8918e-12 -4.4422e-13 -1.4832e-14 -2.1257e-16 -1.0156e-18 -1.1466e-21 -1.9017e-25 -2.3796e-30 -8.6879e-37 -2.3287e-45 -5.9233e-57 -6.4102e-73 -2.3414e-95 -1.2279e-127 -2.3281e-175 -3.3745e-248 -0.0000e+00 -0.0000e+00 -0.0000e+00 -0.0000e+00 -0.0000e+00 -0.0000e+00 -0.0000e+00 -0.0000e+00 -0.0000e+00 -0.0000e+00
-1.2426e-08 4.7144e-07 -6.4691e-08 -9.9768e-08 -1.3973e-07 -1.8417e-07 -2.3281e-07 -2.8546e-07 -3.4201e-07 -4.0239e-07 -4.6655e-07 -5.3450e-07 -6.0625e-07 -6.8183e-07 -7.6131e-07 -8.4475e-07 -9.3222e-07 -1.0238e-06 -1.1197e-06 -1.2198e-06 -1.3244e-06 -1.4336e-06 -1.5475e-06 -1.6661e-06 -1.7895e-06 -1.9180e-06 -2.0514e-06 -2.1900e-06 -2.3336e-06 -2.4823e-06 -2.6360e-06 -2.7946e-06 -2.9579e-06 -3.1256e-06 -3.2973e-06 -3.4725e-06 -3.6507e-06 -3.8309e-06 -4.0122e-06 -4.1933e-06 -4.3726e-06 -4.5485e-06 -4.7188e-06 -4.8809e-06 -5.0319e-06 -5.1686e-06 -5.2871e-06 -5.3831e-06 -5.4521e-06 -5.4892e-06 -5.4889e-06 -5.4462e-06 -5.3560e-06 -5.2137e-06 -5.0158e-06 -4.7603e-06 -4.4473e-06 -4.0798e-06 -3.6640e-06 -3.2099e-06 -2.7317e-06 -2.2467e-06 -1.7751e-06 -1.3374e-06 -9.5233e-07 -6.3406e-07 -3.8953e-07 -2.1725e-07 -1.0781e-07 -4.6434e-08 -1.6822e-08 -4.9280e-09 -1.1105e-09 -1.8057e-10 -1.9507e-11 -1.2574e-12 -4.1982e-14 -6.0168e-16 -2.8748e-18 -3.2456e-21 -5.3830e-25 -6.7358e-30 -2.4592e-36 -6.5917e-45 -1.6767e-56 -1.8146e-72 -6.6283e-95 -3.4761e-127 -6.5914e-175 -9.5552e-248 -0.0000e+00 -0.0000e+00 -0.0000e+00 -0.0000e+00 -0.0000e+00 -0.0000e+00 -0.0000e+00 -0.0000e+00 -0.0000e+00 -0.0000e+00 -1.2426e-08 0.0000e+00 -6.4691e-08 -9.9768e-08 -1.3973e-07 -1.8417e-07 -2.3281e-07 -2.8546e-07 -3.4201e-07 -4.0239e-07 -4.6655e-07 -5.3450e-07 -6.0625e-07 -6.8183e-07 -7.6131e-07 -8.4475e-07 -9.3222e-07 -1.0238e-06 -1.1197e-06 -1.2198e-06 -1.3244e-06 -1.4336e-06 -1.5475e-06 -1.6661e-06 -1.7895e-06 -1.9180e-06 -2.0514e-06 -2.1900e-06 -2.3336e-06 -2.4823e-06 -2.6360e-06 -2.7946e-06 -2.9579e-06 -3.1256e-06 -3.2973e-06 -3.4725e-06 -3.6507e-06 -3.8309e-06 -4.0122e-06 -4.1933e-06 -4.3726e-06 -4.5485e-06 -4.7188e-06 -4.8809e-06 -5.0319e-06 -5.1686e-06 -5.2871e-06 -5.3831e-06 -5.4521e-06 -5.4891e-06 -5.4889e-06 -5.4462e-06 -5.3560e-06 -5.2137e-06 -5.0158e-06 -4.7603e-06 -4.4473e-06 -4.0798e-06 -3.6640e-06 -3.2099e-06 -2.7317e-06 -2.2467e-06 -1.7751e-06 -1.3374e-06 -9.5233e-07 -6.3406e-07 -3.8953e-07 -2.1725e-07 -1.0781e-07 -4.6434e-08 -1.6822e-08 -4.9280e-09 -1.1105e-09 -1.8057e-10 -1.9507e-11 -1.2574e-12 -4.1982e-14 -6.0167e-16 -2.8747e-18 -3.2456e-21 -5.3829e-25 -6.7356e-30 -2.4591e-36 -6.5914e-45 -1.6766e-56 -1.8145e-72 -6.6277e-95 -3.4756e-127 -6.5902e-175 -9.5527e-248 -0.0000e+00 -0.0000e+00 -0.0000e+00 -0.0000e+00 -0.0000e+00 -0.0000e+00 -0.0000e+00 -0.0000e+00 -0.0000e+00 -0.0000e+00
-2.2855e-08 -6.4691e-08 2.3905e-06 -1.8351e-07 -2.5701e-07 -3.3875e-07 -4.2821e-07 -5.2506e-07 -6.2908e-07 -7.4013e-07 -8.5815e-07 -9.8313e-07 -1.1151e-06 -1.2541e-06 -1.4003e-06 -1.5538e-06 -1.7147e-06 -1.8832e-06 -2.0594e-06 -2.2437e-06 -2.4361e-06 -2.6369e-06 -2.8463e-06 -3.0644e-06 -3.2916e-06 -3.5278e-06 -3.7733e-06 -4.0281e-06 -4.2922e-06 -4.5658e-06 -4.8485e-06 -5.1402e-06 -5.4405e-06 -5.7490e-06 -6.0648e-06 -6.3872e-06 -6.7149e-06 -7.0463e-06 -7.3798e-06 -7.7128e-06 -8.0428e-06 -8.3663e-06 -8.6794e-06 -8.9776e-06 -9.2554e-06 -9.5068e-06 -9.7247e-06 -9.9014e-06 -1.0028e-05 -1.0096e-05 -1.0096e-05 -1.0017e-05 -9.8515e-06 -9.5897e-06 -9.2258e-06 -8.7558e-06 -8.1802e-06 -7.5042e-06 -6.7393e-06 -5.9042e-06 -5.0245e-06 -4.1326e-06 -3.2650e-06 -2.4599e-06 -1.7517e-06 -1.1663e-06 -7.1648e-07 -3.9960e-07 -1.9831e-07 -8.5409e-08 -3.0941e-08 -9.0645e-09 -2.0427e-09 -3.3215e-10 -3.5882e-11 -2.3129e-12 -7.7224e-14 -1.1068e-15 -5.2882e-18 -5.9705e-21 -9.9026e-25 -1.2392e-29 -4.5243e-36 -1.2128e-44 -3.0851e-56 -3.3391e-72 -1.2199e-94 -6.3989e-127 -1.2138e-174 -1.7604e-247 -0.0000e+00 -0.0000e+00 -0.0000e+00 -0.0000e+00 -0.0000e+00 -0.0000e+00 -0.0000e+00 -0.0000e+00 -0.0000e+00 -0.0000e+00 -2.2855e-08 -6.4691e-08 0.0000e+00 -1.8351e-07 -2.5701e-07 -3.3875e-07 -4.2821e-07 -5.2506e-07 -6.2908e-07 -7.4013e-07 -8.5815e-07 -9.8313e-07 -1.1151e-06 -1.2541e-06 -1.4003e-06 -1.5538e-06 -1.7147e-06 -1.8832e-06 -2.0594e-06 -2.2437e-06 -2.4361e-06 -2.6369e-06 -2.8463e-06 -3.0644e-06 -3.2916e-06 -3.5278e-06 -3.7733e-06 -4.0281e-06 -4.2922e-06 -4.5658e-06 -4.8485e-06 -5.1402e-06 -5.4405e-06 -5.7490e-06 -6.0648e-06 -6.3872e-06 -6.7149e-06 -7.0463e-06 -7.3798e-06 -7.7128e-06 -8.0428e-06 -8.3663e-06 -8.6794e-06 -8.9776e-06 -9.2554e-06 -9.5068e-06 -9.7247e-06 -9.9014e-06 -1.0028e-05 -1.0096e-05 -1.0096e-05 -1.0017e-05 -9.8515e-06 -9.5897e-06 -9.2257e-06 -8.7558e-06 -8.1802e-06 -7.5042e-06 -6.7393e-06 -5.9042e-06 -5.0245e-06 -4.1325e-06 -3.2650e-06 -2.4599e-06 -1.7517e-06 -1.1662e-06 -7.1647e-07 -3.9960e-07 -1.9831e-07 -8.5408e-08 -3.0941e-08 -9.0643e-09 -2.0426e-09 -3.3214e-10 -3.5881e-11 -2.3128e-12 -7.7220e-14 -1.1067e-15 -5.2878e-18 -5.9699e-21 -9.9015e-25 -1.2390e-29 -4.5235e-36 -1.2125e-44 -3.0842e-56 -3.3379e-72 -1.2193e-94 -6.3946e-127 -1.2126e-174 -1.7580e-247 -0.0000e+00 -0.0000e+00 -0.0000e+00 -0.0000e+00 -0.0000e+00 -0.0000e+00 -0.0000e+00 -0.0000e+00 -0.0000e+00 -0.0000e+00
-3.5248e-08 -9.9768e-08 -1.8351e-07 7.5724e-06 -3.9637e-07 -5.2242e-07 -6.6039e-07 -8.0975e-07 -9.7016e-07 -1.1414e-06 -1.3234e-06 -1.5162e-06 -1.7197e-06 -1.9341e-06 -2.1596e-06 -2.3962e-06 -2.6444e-06 -2.9042e-06 -3.1761e-06 -3.4602e-06 -3.7570e-06 -4.0666e-06 -4.3896e-06 -4.7260e-06 -5.0763e-06 -5.4406e-06 -5.8191e-06 -6.2121e-06 -6.6195e-06 -7.0413e-06 -7.4773e-06 -7.9272e-06 -8.3904e-06 -8.8661e-06 -9.3532e-06 -9.8504e-06 -1.0356e-05 -1.0867e-05 -1.1381e-05 -1.1895e-05 -1.2404e-05 -1.2903e-05 -1.3386e-05 -1.3845e-05 -1.4274e-05 -1.4661e-05 -1.4998e-05 -1.5270e-05 -1.5466e-05 -1.5571e-05 -1.5570e-05 -1.5449e-05 -1.5193e-05 -1.4789e-05 -1.4228e-05 -1.3503e-05 -1.2616e-05 -1.1573e-05 -1.0394e-05 -9.1056e-06 -7.7490e-06 -6.3734e-06 -5.0355e-06 -3.7938e-06 -2.7015e-06 -1.7987e-06 -1.1050e-06 -6.1629e-07 -3.0585e-07 -1.3173e-07 -4.7721e-08 -1.3980e-08 -3.1505e-09 -5.1229e-10 -5.5344e-11 -3.5674e-12 -1.1911e-13 -1.7072e-15 -8.1574e-18 -9.2104e-21 -1.5277e-24 -1.9119e-29 -6.9813e-36 -1.8717e-44 -4.7622e-56 -5.1559e-72 -1.8844e-94 -9.8900e-127 -1.8775e-174 -2.7266e-247 -0.0000e+00 -0.0000e+00 -0.0000e+00 -0.0000e+00 -0.0000e+00 -0.0000e+00 -0.0000e+00 -0.0000e+00 -0.0000e+00 -0.0000e+00 -3.5248e-08 -9.9768e-08 -1.8351e-07 0.0000e+00 -3.9637e-07 -5.2242e-07 -6.6039e-07 -8.0975e-07 -9.7016e-07 -1.1414e-06 -1.3234e-06 -1.5162e-06 -1.7197e-06 -1.9341e-06 -2.1596e-06 -2.3962e-06 -2.6444e-06 -2.9042e-06 -3.1761e-06 -3.4602e-06 -3.7570e-06 -4.0666e-06 -4.3896e-06 -4.7260e-06 -5.0763e-06 -5.4406e-06 -5.8191e-06 -6.2121e-06 -6.6195e-06 -7.0413e-06 -7.4773e-06 -7.9272e-06 -8.3904e-06 -8.8661e-06 -9.3532e-06 -9.8504e-06 -1.0356e-05 -1.0867e-05 -1.1381e-05 -1.1895e-05 -1.2404e-05 -1.2903e-05 -1.3385e-05 -1.3845e-05 -1.4274e-05 -1.4661e-05 -1.4997e-05 -1.5270e-05 -1.5466e-05 -1.5571e-05 -1.5570e-05 -1.5449e-05 -1.5193e-05 -1.4789e-05 -1.4228e-05 -1.3503e-05 -1.2616e-05 -1.1573e-05 -1.0393e-05 -9.1055e-06 -7.7489e-06 -6.3733e-06 -5.0354e-06 -3.7937e-06 -2.7014e-06 -1.7986e-06 -1.1050e-06 -6.1627e-07 -3.0583e-07 -1.3172e-07 -4.7718e-08 -1.3979e-08 -3.1503e-09 -5.1224e-10 -5.5338e-11 -3.5669e-12 -1.1910e-13 -1.7069e-15 -8.1555e-18 -9.2077e-21 -1.5272e-24 -1.9110e-29 -6.9774e-36 -1.8704e-44 -4.7579e-56 -5.1498e-72 -1.8814e-94 -9.8690e-127 -1.8720e-174 -2.7151e-247 -0.0000e+00 -0.0000e+00 -0.0000e+00 -0.0000e+00 -0.0000e+00 -0.0000e+00 -0.0000e+00 -0.0000e+00 -0.0000e+00 -0.0000e+00
-4.9367e-08 -1.3973e-07 -2.5701e-07 -3.9637e-07 1.8541e-05 -7.3170e-07 -9.2493e-07 -1.1341e-06 -1.3588e-06 -1.5987e-06 -1.8536e-06 -2.1235e-06 -2.4086e-06 -2.7089e-06 -3.0246e-06 -3.3561e-06 -3.7036e-06 -4.0676e-06 -4.4483e-06 -4.8463e-06 -5.2619e-06 -5.6957e-06 -6.1479e-06 -6.6191e-06 -7.1097e-06 -7.6200e-06 -8.1502e-06 -8.7006e-06 -9.2712e-06 -9.8619e-06 -1.0473e-05 -1.1103e-05 -1.1751e-05 -1.2418e-05 -1.3100e-05 -1.3796e-05 -1.4504e-05 -1.5220e-05 -1.5940e-05 -1.6660e-05 -1.7372e-05 -1.8071e-05 -1.8748e-05 -1.9392e-05 -1.9992e-05 -2.0535e-05 -2.1005e-05 -2.1387e-05 -2.1661e-05 -2.1808e-05 -2.1807e-05 -2.1638e-05 -2.1279e-05 -2.0714e-05 -1.9928e-05 -1.8913e-05 -1.7670e-05 -1.6209e-05 -1.4557e-05 -1.2753e-05 -1.0853e-05 -8.9267e-06 -7.0528e-06 -5.3137e-06 -3.7839e-06 -2.5193e-06 -1.5477e-06 -8.6324e-07 -4.2840e-07 -1.8451e-07 -6.6845e-08 -1.9583e-08 -4.4133e-09 -7.1765e-10 -7.7532e-11 -4.9979e-12 -1.6689e-13 -2.3921e-15 -1.1431e-17 -1.2908e-20 -2.1413e-24 -2.6803e-29 -9.7896e-36 -2.6254e-44 -6.6830e-56 -7.2397e-72 -2.6482e-94 -1.3916e-126 -2.6465e-174 -3.8538e-247 -0.0000e+00 -0.0000e+00 -0.0000e+00 -0.0000e+00 -0.0000e+00 -0.0000e+00 -0.0000e+00 -0.0000e+00 -0.0000e+00 -0.0000e+00 -4.9367e-08 -1.3973e-07 -2.5701e-07 -3.9637e-07 0.0000e+00 -7.3170e-07 -9.2493e-07 -1.1341e-06 -1.3588e-06 -1.5987e-06 -1.8536e-06 -2.1235e-06 -2.4086e-06 -2.7089e-06 -3.0246e-06 -3.3561e-06 -3.7036e-06 -4.0676e-06 -4.4483e-06 -4.8463e-06 -5.2619e-06 -5.6957e-06 -6.1479e-06 -6.6191e-06 -7.1097e-06 -7.6200e-06 -8.1502e-06 -8.7006e-06 -9.2712e-06 -9.8619e-06 -1.0473e-05 -1.1103e-05 -1.1751e-05 -1.2418e-05 -1.3100e-05 -1.3796e-05 -1.4504e-05 -1.5220e-05 -1.5940e-05 -1.6660e-05 -1.7372e-05 -1.8071e-05 -1.8747e-05 -1.9391e-05 -1.9992e-05 -2.0535e-05 -2.1005e-05 -2.1387e-05 -2.1661e-05 -2.1808e-05 -2.1807e-05 -2.1638e-05 -2.1279e-05 -2.0714e-05 -1.9928e-05 -1.8913e-05 -1.7669e-05 -1.6209e-05 -1.4557e-05 -1.2753e-05 -1.0853e-05 -8.9263e-06 -7.0525e-06 -5.3135e-06 -3.7837e-06 -2.5191e-06 -1.5476e-06 -8.6316e-07 -4.2836e-07 -1.8449e-07 -6.6836e-08 -1.9580e-08 -4.4124e-09 -7.1748e-10 -7.7511e-11 -4.9963e-12 -1.6682e-13 -2.3909e-15 -1.1424e-17 -1.2899e-20 -2.1395e-24 -2.6774e-29 -9.7764e-36 -2.6209e-44 -6.6682e-56 -7.2189e-72 -2.6381e-94 -1.3844e-126 -2.6275e-174 -3.8144e-247 -0.0000e+00 -0.0000e+00 -0.0000e+00 -0.0000e+00 -0.0000e+00 -0.0000e+00 -0.0000e+00 -0.0000e+00 -0.0000e+00 -0.0000e+00
-6.5067e-08 -1.8417e-07 -3.3875e-07 -5.2242e-07 -7.3170e-07 3.8584e-05 -1.2191e-06 -1.4948e-06 -1.7909e-06 -2.1071e-06 -2.4431e-06 -2.7989e-06 -3.1746e-06 -3.5704e-06 -3.9865e-06 -4.4234e-06 -4.8815e-06 -5.3612e-06 -5.8630e-06 -6.3875e-06 -6.9353e-06 -7.5070e-06 -8.1031e-06 -8.7242e-06 -9.3707e-06 -1.0043e-05 -1.0742e-05 -1.1468e-05 -1.2220e-05 -1.2998e-05 -1.3803e-05 -1.4634e-05 -1.5489e-05 -1.6367e-05 -1.7266e-05 -1.8184e-05 -1.9117e-05 -2.0060e-05 -2.1010e-05 -2.1958e-05 -2.2897e-05 -2.3818e-05 -2.4710e-05 -2.5559e-05 -2.6350e-05 -2.7065e-05 -2.7686e-05 -2.8189e-05 -2.8550e-05 -2.8744e-05 -2.8743e-05 -2.8520e-05 -2.8047e-05 -2.7302e-05 -2.6266e-05 -2.4928e-05 -2.3290e-05 -2.1365e-05 -1.9188e-05 -1.6810e-05 -1.4306e-05 -1.1766e-05 -9.2965e-06 -7.0042e-06 -4.9877e-06 -3.3209e-06 -2.0402e-06 -1.1379e-06 -5.6474e-07 -2.4324e-07 -8.8124e-08 -2.5818e-08 -5.8187e-09 -9.4623e-10 -1.0223e-10 -6.5908e-12 -2.2010e-13 -3.1552e-15 -1.5080e-17 -1.7032e-20 -2.8263e-24 -3.5388e-29 -1.2931e-35 -3.4699e-44 -8.8398e-56 -9.5867e-72 -3.5121e-94 -1.8496e-126 -3.5290e-174 -5.1640e-247 -0.0000e+00 -0.0000e+00 -0.0000e+00 -0.0000e+00 -0.0000e+00 -0.0000e+00 -0.0000e+00 -0.0000e+00 -0.0000e+00 -0.0000e+00 -6.5067e-08 -1.8417e-07 -3.3875e-07 -5.2242e-07 -7.3170e-07 0.0000e+00 -1.2191e-06 -1.4948e-06 -1.7909e-06 -2.1071e-06 -2.4431e-06 -2.7989e-06 -3.1746e-06 -3.5704e-06 -3.9865e-06 -4.4234e-06 -4.8815e-06 -5.3612e-06 -5.8630e-06 -6.3875e-06 -6.9353e-06 -7.5070e-06 -8.1031e-06 -8.7242e-06 -9.3707e-06 -1.0043e-05 -1.0742e-05 -1.1468e-05 -1.2220e-05 -1.2998e-05 -1.3803e-05 -1.4634e-05 -1.5489e-05 -1.6367e-05 -1.7266e-05 -1.8184e-05 -1.9117e-05 -2.0060e-05 -2.1009e-05 -2.1958e-05 -2.2897e-05 -2.3818e-05 -2.4710e-05 -2.5558e-05 -2.6349e-05 -2.7065e-05 -2.7685e-05 -2.8188e-05 -2.8550e-05 -2.8744e-05 -2.8743e-05 -2.8519e-05 -2.8046e-05 -2.7301e-05 -2.6265e-05 -2.4927e-05 -2.3289e-05 -2.1364e-05 -1.9187e-05 -1.6809e-05 -1.4305e-05 -1.1765e-05 -9.2956e-06 -7.0034e-06 -4.9871e-06 -3.3204e-06 -2.0399e-06 -1.1377e-06 -5.6462e-07 -2.4318e-07 -8.8098e-08 -2.5809e-08 -5.8163e-09 -9.4578e-10 -1.0218e-10 -6.5863e-12 -2.1992e-13 -3.1521e-15 -1.5062e-17 -1.7007e-20 -2.8212e-24 -3.5309e-29 -1.2895e-35 -3.4576e-44 -8.7994e-56 -9.5295e-72 -3.4843e-94 -1.8298e-126 -3.4767e-174 -5.0556e-247 -0.0000e+00 -0.0000e+00 -0.0000e+00 -0.0000e+00 -0.0000e+00 -0.0000e+00 -0.0000e+00 -0.0000e+00 -0.0000e+00 -0.0000e+00
-8.2250e-08 -2.3281e-07 -4.2821e-07 -6.6039e-07 -9.2493e-07 -1.2191e-06 7.1783e-05 -1.8895e-06 -2.2639e-06 -2.6635e-06 -3.0882e-06 -3.5380e-06 -4.0129e-06 -4.5133e-06 -5.0393e-06 -5.5916e-06 -6.1706e-06 -6.7770e-06 -7.4113e-06 -8.0744e-06 -8.7669e-06 -9.4895e-06 -1.0243e-05 -1.1028e-05 -1.1845e-05 -1.2696e-05 -1.3579e-05 -1.4496e-05 -1.5447e-05 -1.6431e-05 -1.7448e-05 -1.8498e-05 -1.9579e-05 -2.0689e-05 -2.1826e-05 -2.2986e-05 -2.4165e-05 -2.5358e-05 -2.6558e-05 -2.7757e-05 -2.8944e-05 -3.0109e-05 -3.1236e-05 -3.2309e-05 -3.3309e-05 -3.4213e-05 -3.4998e-05 -3.5634e-05 -3.6091e-05 -3.6336e-05 -3.6335e-05 -3.6052e-05 -3.5455e-05 -3.4514e-05 -3.3204e-05 -3.1513e-05 -2.9442e-05 -2.7009e-05 -2.4257e-05 -2.1251e-05 -1.8085e-05 -1.4875e-05 -1.1753e-05 -8.8552e-06 -6.3059e-06 -4.1987e-06 -2.5796e-06 -1.4388e-06 -7.1408e-07 -3.0758e-07 -1.1144e-07 -3.2651e-08 -7.3592e-09 -1.1969e-09 -1.2933e-10 -8.3387e-12 -2.7852e-13 -3.9935e-15 -1.9092e-17 -2.1571e-20 -3.5809e-24 -4.4863e-29 -1.6405e-35 -4.4065e-44 -1.1240e-55 -1.2212e-71 -4.4852e-94 -2.3706e-126 -4.5469e-174 -6.7064e-247 -0.0000e+00 -0.0000e+00 -0.0000e+00 -0.0000e+00 -0.0000e+00 -0.0000e+00 -0.0000e+00 -0.0000e+00 -0.0000e+00 -0.0000e+00 -8.2250e-08 -2.3281e-07 -4.2821e-07 -6.6039e-07 -9.2493e-07 -1.2191e-06 0.0000e+00 -1.8895e-06 -2.2639e-06 -2.6635e-06 -3.0882e-06 -3.5380e-06 -4.0129e-06 -4.5133e-06 -5.0393e-06 -5.5916e-06 -6.1706e-06 -6.7770e-06 -7.4113e-06 -8.0744e-06 -8.7669e-06 -9.4895e-06 -1.0243e-05 -1.1028e-05 -1.1845e-05 -1.2696e-05 -1.3579e-05 -1.4496e-05 -1.5447e-05 -1.6431e-05 -1.7448e-05 -1.8498e-05 -1.9579e-05 -2.0689e-05 -2.1826e-05 -2.2986e-05 -2.4165e-05 -2.5358e-05 -2.6558e-05 -2.7756e-05 -2.8944e-05 -3.0108e-05 -3.1235e-05 -3.2308e-05 -3.3308e-05 -3.4213e-05 -3.4997e-05 -3.5633e-05 -3.6090e-05 -3.6335e-05 -3.6333e-05 -3.6051e-05 -3.5454e-05 -3.4512e-05 -3.3202e-05 -3.1511e-05 -2.9439e-05 -2.7007e-05 -2.4254e-05 -2.1249e-05 -1.8083e-05 -1.4873e-05 -1.1751e-05 -8.8534e-06 -6.3045e-06 -4.1976e-06 -2.5788e-06 -1.4383e-06 -7.1379e-07 -3.0743e-07 -1.1138e-07 -3.2630e-08 -7.3536e-09 -1.1958e-09 -1.2919e-10 -8.3281e-12 -2.7810e-13 -3.9862e-15 -1.9050e-17 -2.1512e-20 -3.5690e-24 -4.4677e-29 -1.6320e-35 -4.3774e-44 -1.1145e-55 -1.2077e-71 -4.4196e-94 -2.3238e-126 -4.4233e-174 -6.4498e-247 -0.0000e+00 -0.0000e+00 -0.0000e+00 -0.0000e+00 -0.0000e+00 -0.0000e+00 -0.0000e+00 -0.0000e+00 -0.0000e+00 -0.0000e+00
-1.0085e-07 -2.8546e-07 -5.2506e-07 -8.0975e-07 -1.1341e-06 -1.4948e-06 -1.8895e-06 1.2306e-04 -2.7759e-06 -3.2659e-06 -3.7867e-06 -4.3382e-06 -4.9205e-06 -5.5340e-06 -6.1791e-06 -6.8562e-06 -7.5662e-06 -8.3097e-06 -9.0876e-06 -9.9006e-06 -1.0750e-05 -1.1636e-05 -1.2560e-05 -1.3522e-05 -1.4525e-05 -1.5567e-05 -1.6650e-05 -1.7775e-05 -1.8940e-05 -2.0147e-05 -2.1395e-05 -2.2682e-05 -2.4007e-05 -2.5368e-05 -2.6762e-05 -2.8185e-05 -2.9631e-05 -3.1094e-05 -3.2565e-05 -3.4035e-05 -3.5491e-05 -3.6919e-05 -3.8301e-05 -3.9617e-05 -4.0843e-05 -4.1952e-05 -4.2914e-05 -4.3694e-05 -4.4255e-05 -4.4556e-05 -4.4554e-05 -4.4208e-05 -4.3476e-05 -4.2322e-05 -4.0716e-05 -3.8643e-05 -3.6104e-05 -3.3121e-05 -2.9746e-05 -2.6061e-05 -2.2179e-05 -1.8243e-05 -1.4414e-05 -1.0860e-05 -7.7340e-06 -5.1497e-06 -3.1640e-06 -1.7649e-06 -8.7597e-07 -3.7733e-07 -1.3672e-07 -4.0064e-08 -9.0310e-09 -1.4690e-09 -1.5876e-10 -1.0239e-11 -3.4207e-13 -4.9063e-15 -2.3465e-17 -2.6526e-20 -4.4065e-24 -5.5253e-29 -2.0227e-35 -5.4413e-44 -1.3908e-55 -1.5152e-71 -5.5864e-94 -2.9688e-126 -5.7395e-174 -8.5660e-247 -0.0000e+00 -0.0000e+00 -0.0000e+00 -0.0000e+00 -0.0000e+00 -0.0000e+00 -0.0000e+00 -0.0000e+00 -0.0000e+00 -0.0000e+00 -1.0085e-07 -2.8546e-07 -5.2506e-07 -8.0975e-07 -1.1341e-06 -1.4948e-06 -1.8895e-06 0.0000e+00 -2.7759e-06 -3.2659e-06 -3.7867e-06 -4.3382e-06 -4.9205e-06 -5.5340e-06 -6.1791e-06 -6.8562e-06 -7.5662e-06 -8.3097e-06 -9.0876e-06 -9.9006e-06 -1.0750e-05 -1.1636e-05 -1.2560e-05 -1.3522e-05 -1.4524e-05 -1.5567e-05 -1.6650e-05 -1.7774e-05 -1.8940e-05 -2.0147e-05 -2.1395e-05 -2.2682e-05 -2.4007e-05 -2.5368e-05 -2.6762e-05 -2.8185e-05 -2.9630e-05 -3.1093e-05 -3.2564e-05 -3.4034e-05 -3.5490e-05 -3.6918e-05 -3.8300e-05 -3.9616e-05 -4.0842e-05 -4.1951e-05 -4.2912e-05 -4.3692e-05 -4.4253e-05 -4.4553e-05 -4.4552e-05 -4.4205e-05 -4.3473e-05 -4.2318e-05 -4.0712e-05 -3.8639e-05 -3.6099e-05 -3.3116e-05 -2.9741e-05 -2.6056e-05 -2.2174e-05 -1.8238e-05 -1.4410e-05 -1.0857e-05 -7.7310e-06 -5.1474e-06 -3.1624e-06 -1.7638e-06 -8.7536e-07 -3.7703e-07 -1.3659e-07 -4.0019e-08 -9.0192e-09 -1.4667e-09 -1.5847e-10 -1.0216e-11 -3.4118e-13 -4.8910e-15 -2.3377e-17 -2.6403e-20 -4.3814e-24 -5.4863e-29 -2.0048e-35 -5.3802e-44 -1.3708e-55 -1.4868e-71 -5.4479e-94 -2.8699e-126 -5.4780e-174 -8.0215e-247 -0.0000e+00 -0.0000e+00 -0.0000e+00 -0.0000e+00 -0.0000e+00 -0.0000e+00 -0.0000e+00 -0.0000e+00 -0.0000e+00 -0.0000e+00
-1.2083e-07 -3.4201e-07 -6.2908e-07 -9.7016e-07 -1.3588e-06 -1.7909e-06 -2.2639e-06 -2.7759e-06 1.9821e-04 -3.9129e-06 -4.5369e-06 -5.1976e-06 -5.8953e-06 -6.6303e-06 -7.4032e-06 -8.2145e-06 -9.0651e-06 -9.9559e-06 -1.0888e-05 -1.1862e-05 -1.2879e-05 -1.3941e-05 -1.5048e-05 -1.6201e-05 -1.7402e-05 -1.8651e-05 -1.9949e-05 -2.1296e-05 -2.2692e-05 -2.4138e-05 -2.5633e-05 -2.7175e-05 -2.8763e-05 -3.0394e-05 -3.2064e-05 -3.3769e-05 -3.5501e-05 -3.7254e-05 -3.9017e-05 -4.0778e-05 -4.2522e-05 -4.4233e-05 -4.5889e-05 -4.7466e-05 -4.8935e-05 -5.0265e-05 -5.1418e-05 -5.2352e-05 -5.3024e-05 -5.3385e-05 -5.3384e-05 -5.2970e-05 -5.2093e-05 -5.0711e-05 -4.8787e-05 -4.6304e-05 -4.3261e-05 -3.9688e-05 -3.5645e-05 -3.1230e-05 -2.6578e-05 -2.1862e-05 -1.7274e-05 -1.3016e-05 -9.2695e-06 -6.1725e-06 -3.7926e-06 -2.1157e-06 -1.0502e-06 -4.5242e-07 -1.6395e-07 -4.8050e-08 -1.0833e-08 -1.7625e-09 -1.9053e-10 -1.2291e-11 -4.1081e-13 -5.8951e-15 -2.8212e-17 -3.1915e-20 -5.3070e-24 -6.6629e-29 -2.4432e-35 -6.5867e-44 -1.6885e-55 -1.8468e-71 -6.8466e-94 -3.6669e-126 -7.1689e-174 -1.0877e-246 -0.0000e+00 -0.0000e+00 -0.0000e+00 -0.0000e+00 -0.0000e+00 -0.0000e+00 -0.0000e+00 -0.0000e+00 -0.0000e+00 -0.0000e+00 -1.2083e-07 -3.4201e-07 -6.2908e-07 -9.7016e-07 -1.3588e-06 -1.7909e-06 -2.2639e-06 -2.7759e-06 0.0000e+00 -3.9129e-06 -4.5369e-06 -5.1976e-06 -5.8953e-06 -6.6303e-06 -7.4032e-06 -8.2145e-06 -9.0651e-06 -9.9559e-06 -1.0888e-05 -1.1862e-05 -1.2879e-05 -1.3941e-05 -1.5048e-05 -1.6201e-05 -1.7402e-05 -1.8651e-05 -1.9949e-05 -2.1296e-05 -2.2692e-05 -2.4138e-05 -2.5633e-05 -2.7175e-05 -2.8763e-05 -3.0394e-05 -3.2064e-05 -3.3768e-05 -3.5501e-05 -3.7253e-05 -3.9016e-05 -4.0777e-05 -4.2521e-05 -4.4232e-05 -4.5887e-05 -4.7464e-05 -4.8933e-05 -5.0262e-05 -5.1414e-05 -5.2349e-05 -5.3020e-05 -5.3380e-05 -5.3378e-05 -5.2963e-05 -5.2086e-05 -5.0703e-05 -4.8779e-05 -4.6295e-05 -4.3252e-05 -3.9678e-05 -3.5635e-05 -3.1219e-05 -2.6569e-05 -2.1853e-05 -1.7266e-05 -1.3009e-05 -9.2636e-06 -6.1680e-06 -3.7894e-06 -2.1136e-06 -1.0490e-06 -4.5183e-07 -1.6370e-07 -4.7964e-08 -1.0810e-08 -1.7581e-09 -1.8997e-10 -1.2248e-11 -4.0909e-13 -5.8655e-15 -2.8040e-17 -3.1679e-20 -5.2586e-24 -6.5874e-29 -2.4086e-35 -6.4684e-44 -1.6497e-55 -1.7918e-71 -6.5780e-94 -3.4747e-126 -6.6594e-174 -9.8112e-247 -0.0000e+00 -0.0000e+00 -0.0000e+00 -0.0000e+00 -0.0000e+00 -0.0000e+00 -0.0000e+00 -0.0000e+00 -0.0000e+00 -0.0000e+00
-1.4216e-07 -4.0239e-07 -7.4013e-07 -1.1414e-06 -1.5987e-06 -2.1071e-06 -2.6635e-06 -3.2659e-06 -3.9129e-06 3.0397e-04 -5.3378e-06 -6.1152e-06 -6.9360e-06 -7.8008e-06 -8.7101e-06 -9.6646e-06 -1.0665e-05 -1.1713e-05 -1.2810e-05 -1.3956e-05 -1.5153e-05 -1.6402e-05 -1.7704e-05 -1.9061e-05 -2.0474e-05 -2.1943e-05 -2.3470e-05 -2.5055e-05 -2.6699e-05 -2.8400e-05 -3.0159e-05 -3.1973e-05 -3.3841e-05 -3.5760e-05 -3.7725e-05 -3.9730e-05 -4.1769e-05 -4.3831e-05 -4.5905e-05 -4.7977e-05 -5.0030e-05 -5.2043e-05 -5.3992e-05 -5.5847e-05 -5.7576e-05 -5.9141e-05 -6.0497e-05 -6.1598e-05 -6.2389e-05 -6.2814e-05 -6.2813e-05 -6.2327e-05 -6.1296e-05 -5.9670e-05 -5.7408e-05 -5.4487e-05 -5.0908e-05 -4.6704e-05 -4.1947e-05 -3.6752e-05 -3.1280e-05 -2.5730e-05 -2.0331e-05 -1.5320e-05 -1.0911e-05 -7.2664e-06 -4.4652e-06 -2.4911e-06 -1.2367e-06 -5.3285e-07 -1.9313e-07 -5.6613e-08 -1.2767e-08 -2.0777e-09 -2.2469e-10 -1.4501e-11 -4.8494e-13 -6.9637e-15 -3.3354e-17 -3.7773e-20 -6.2896e-24 -7.9104e-29 -2.9073e-35 -7.8616e-44 -2.0235e-55 -2.2253e-71 -8.3121e-94 -4.4988e-126 -8.9280e-174 -1.3841e-246 -0.0000e+00 -0.0000e+00 -0.0000e+00 -0.0000e+00 -0.0000e+00 -0.0000e+00 -0.0000e+00 -0.0000e+00 -0.0000e+00 -0.0000e+00 -1.4216e-07 -4.0239e-07 -7.4013e-07 -1.1414e-06 -1.5987e-06 -2.1071e-06 -2.6635e-06 -3.2659e-06 -3.9129e-06 0.0000e+00 -5.3378e-06 -6.1152e-06 -6.9360e-06 -7.8008e-06 -8.7101e-06 -9.6646e-06 -1.0665e-05 -1.1713e-05 -1.2810e-05 -1.3956e-05 -1.5153e-05 -1.6402e-05 -1.7704e-05 -1.9061e-05 -2.0474e-05 -2.1943e-05 -2.3470e-05 -2.5055e-05 -2.6698e-05 -2.8400e-05 -3.0158e-05 -3.1973e-05 -3.3841e-05 -3.5759e-05 -3.7724e-05 -3.9729e-05 -4.1768e-05 -4.3830e-05 -4.5904e-05 -4.7976e-05 -5.0028e-05 -5.2041e-05 -5.3989e-05 -5.5844e-05 -5.7572e-05 -5.9136e-05 -6.0492e-05 -6.1591e-05 -6.2381e-05 -6.2805e-05 -6.2803e-05 -6.2315e-05 -6.1283e-05 -5.9656e-05 -5.7393e-05 -5.4470e-05 -5.0890e-05 -4.6686e-05 -4.1928e-05 -3.6734e-05 -3.1262e-05 -2.5713e-05 -2.0316e-05 -1.5307e-05 -1.0901e-05 -7.2582e-06 -4.4594e-06 -2.4874e-06 -1.2345e-06 -5.3178e-07 -1.9268e-07 -5.6458e-08 -1.2726e-08 -2.0698e-09 -2.2368e-10 -1.4424e-11 -4.8185e-13 -6.9103e-15 -3.3044e-17 -3.7345e-20 -6.2021e-24 -7.7741e-29 -2.8446e-35 -7.6475e-44 -1.9531e-55 -2.1254e-71 -7.8239e-94 -4.1488e-126 -7.9960e-174 -1.1881e-246 -0.0000e+00 -0.0000e+00 -0.0000e+00 -0.0000e+00 -0.0000e+00 -0.0000e+00 -0.0000e+00 -0.0000e+00 -0.0000e+00 -0.0000e+00
-1.6483e-07 -4.6655e-07 -8.5815e-07 -1.3234e-06 -1.8536e-06 -2.4431e-06 -3.0882e-06 -3.7867e-06 -4.5369e-06 -5.3378e-06 4.4811e-04 -7.0903e-06 -8.0421e-06 -9.0447e-06 -1.0099e-05 -1.1206e-05 -1.2366e-05 -1.3581e-05 -1.4853e-05 -1.6181e-05 -1.7569e-05 -1.9017e-05 -2.0527e-05 -2.2101e-05 -2.3739e-05 -2.5443e-05 -2.7213e-05 -2.9051e-05 -3.0956e-05 -3.2929e-05 -3.4968e-05 -3.7072e-05 -3.9238e-05 -4.1463e-05 -4.3741e-05 -4.6067e-05 -4.8430e-05 -5.0821e-05 -5.3227e-05 -5.5630e-05 -5.8010e-05 -6.0344e-05 -6.2604e-05 -6.4756e-05 -6.6761e-05 -6.8576e-05 -7.0149e-05 -7.1426e-05 -7.2344e-05 -7.2838e-05 -7.2838e-05 -7.2275e-05 -7.1081e-05 -6.9197e-05 -6.6575e-05 -6.3189e-05 -5.9040e-05 -5.4166e-05 -4.8651e-05 -4.2628e-05 -3.6282e-05 -2.9847e-05 -2.3586e-05 -1.7774e-05 -1.2660e-05 -8.4319e-06 -5.1820e-06 -2.8914e-06 -1.4357e-06 -6.1870e-07 -2.2430e-07 -6.5768e-08 -1.4836e-08 -2.4155e-09 -2.6135e-10 -1.6878e-11 -5.6483e-13 -8.1183e-15 -3.8929e-17 -4.4151e-20 -7.3651e-24 -9.2850e-29 -3.4230e-35 -9.2935e-44 -2.4049e-55 -2.6640e-71 -1.0049e-93 -5.5137e-126 -1.1153e-173 -1.7761e-246 -0.0000e+00 -0.0000e+00 -0.0000e+00 -0.0000e+00 -0.0000e+00 -0.0000e+00 -0.0000e+00 -0.0000e+00 -0.0000e+00 -0.0000e+00 -1.6483e-07 -4.6655e-07 -8.5815e-07 -1.3234e-06 -1.8536e-06 -2.4431e-06 -3.0882e-06 -3.7867e-06 -4.5369e-06 -5.3378e-06 0.0000e+00 -7.0903e-06 -8.0421e-06 -9.0447e-06 -1.0099e-05 -1.1206e-05 -1.2366e-05 -1.3581e-05 -1.4853e-05 -1.6181e-05 -1.7569e-05 -1.9017e-05 -2.0527e-05 -2.2101e-05 -2.3739e-05 -2.5442e-05 -2.7213e-05 -2.9051e-05 -3.0956e-05 -3.2928e-05 -3.4967e-05 -3.7071e-05 -3.9237e-05 -4.1462e-05 -4.3740e-05 -4.6065e-05 -4.8428e-05 -5.0819e-05 -5.3224e-05 -5.5626e-05 -5.8006e-05 -6.0340e-05 -6.2599e-05 -6.4750e-05 -6.6754e-05 -6.8567e-05 -7.0139e-05 -7.1414e-05 -7.2331e-05 -7.2823e-05 -7.2821e-05 -7.2255e-05 -7.1059e-05 -6.9173e-05 -6.6549e-05 -6.3161e-05 -5.9010e-05 -5.4135e-05 -4.8620e-05 -4.2596e-05 -3.6252e-05 -2.9818e-05 -2.3560e-05 -1.7752e-05 -1.2642e-05 -8.4179e-06 -5.1721e-06 -2.8851e-06 -1.4320e-06 -6.1687e-07 -2.2353e-07 -6.5503e-08 -1.4766e-08 -2.4021e-09 -2.5963e-10 -1.6745e-11 -5.5954e-13 -8.0269e-15 -3.8398e-17 -4.3418e-20 -7.2152e-24 -9.0513e-29 -3.3155e-35 -8.9260e-44 -2.2839e-55 -2.4919e-71 -9.2064e-94 -4.9072e-126 -9.5297e-174 -1.4321e-246 -0.0000e+00 -0.0000e+00 -0.0000e+00 -0.0000e+00 -0.0000e+00 -0.0000e+00 -0.0000e+00 -0.0000e+00 -0.0000e+00 -0.0000e+00
-1.8884e-07 -5.3450e-07 -9.8313e-07 -1.5162e-06 -2.1235e-06 -2.7989e-06 -3.5380e-06 -4.3382e-06 -5.1976e-06 -6.1152e-06 -7.0903e-06 6.3945e-04 -9.2133e-06 -1.0362e-05 -1.1570e-05 -1.2838e-05 -1.4167e-05 -1.5559e-05 -1.7016e-05 -1.8538e-05 -2.0128e-05 -2.1787e-05 -2.3517e-05 -2.5320e-05 -2.7196e-05 -2.9148e-05 -3.1177e-05 -3.3282e-05 -3.5465e-05 -3.7725e-05 -4.0061e-05 -4.2472e-05 -4.4953e-05 -4.7502e-05 -5.0113e-05 -5.2777e-05 -5.5485e-05 -5.8225e-05 -6.0981e-05 -6.3734e-05 -6.6462e-05 -6.9136e-05 -7.1726e-05 -7.4192e-05 -7.6490e-05 -7.8569e-05 -8.0373e-05 -8.1837e-05 -8.2890e-05 -8.3457e-05 -8.3459e-05 -8.2815e-05 -8.1449e-05 -7.9292e-05 -7.6290e-05 -7.2412e-05 -6.7660e-05 -6.2078e-05 -5.5760e-05 -4.8859e-05 -4.1589e-05 -3.4215e-05 -2.7040e-05 -2.0379e-05 -1.4517e-05 -9.6701e-06 -5.9439e-06 -3.3172e-06 -1.6474e-06 -7.1015e-07 -2.5754e-07 -7.5542e-08 -1.7049e-08 -2.7772e-09 -3.0068e-10 -1.9433e-11 -6.5098e-13 -9.3680e-15 -4.4989e-17 -5.1121e-20 -8.5486e-24 -1.0810e-28 -4.0013e-35 -1.0921e-43 -2.8455e-55 -3.1813e-71 -1.2151e-93 -6.7807e-126 -1.4038e-173 -2.3086e-246 -0.0000e+00 -0.0000e+00 -0.0000e+00 -0.0000e+00 -0.0000e+00 -0.0000e+00 -0.0000e+00 -0.0000e+00 -0.0000e+00 -0.0000e+00 -1.8884e-07 -5.3450e-07 -9.8313e-07 -1.5162e-06 -2.1235e-06 -2.7989e-06 -3.5380e-06 -4.3382e-06 -5.1976e-06 -6.1152e-06 -7.0903e-06 0.0000e+00 -9.2133e-06 -1.0362e-05 -1.1570e-05 -1.2838e-05 -1.4167e-05 -1.5559e-05 -1.7016e-05 -1.8538e-05 -2.0128e-05 -2.1787e-05 -2.3517e-05 -2.5320e-05 -2.7196e-05 -2.9148e-05 -3.1176e-05 -3.3281e-05 -3.5464e-05 -3.7724e-05 -4.0060e-05 -4.2470e-05 -4.4952e-05 -4.7501e-05 -5.0111e-05 -5.2774e-05 -5.5482e-05 -5.8221e-05 -6.0976e-05 -6.3728e-05 -6.6455e-05 -6.9129e-05 -7.1717e-05 -7.4181e-05 -7.6478e-05 -7.8555e-05 -8.0357e-05 -8.1818e-05 -8.2868e-05 -8.3432e-05 -8.3430e-05 -8.2783e-05 -8.1414e-05 -7.9253e-05 -7.6247e-05 -7.2366e-05 -6.7611e-05 -6.2027e-05 -5.5708e-05 -4.8808e-05 -4.1539e-05 -3.4168e-05 -2.6998e-05 -2.0343e-05 -1.4488e-05 -9.6473e-06 -5.9278e-06 -3.3068e-06 -1.6415e-06 -7.0716e-07 -2.5627e-07 -7.5108e-08 -1.6934e-08 -2.7552e-09 -2.9786e-10 -1.9217e-11 -6.4232e-13 -9.2183e-15 -4.4120e-17 -4.9921e-20 -8.3028e-24 -1.0427e-28 -3.8247e-35 -1.0316e-43 -2.6463e-55 -2.8971e-71 -1.0755e-93 -5.7715e-126 -1.1319e-173 -1.7263e-246 -0.0000e+00 -0.0000e+00 -0.0000e+00 -0.0000e+00 -0.0000e+00 -0.0000e+00 -0.0000e+00 -0.0000e+00 -0.0000e+00 -0.0000e+00
-2.1419e-07 -6.0625e-07 -1.1151e-06 -1.7197e-06 -2.4086e-06 -3.1746e-06 -4.0129e-06 -4.9205e-06 -5.8953e-06 -6.9360e-06 -8.0421e-06 -9.2133e-06 8.8801e-04 -1.1753e-05 -1.3123e-05 -1.4561e-05 -1.6069e-05 -1.7648e-05 -1.9300e-05 -2.1027e-05 -2.2830e-05 -2.4712e-05 -2.6674e-05 -2.8719e-05 -3.0847e-05 -3.3061e-05 -3.5362e-05 -3.7750e-05 -4.0226e-05 -4.2789e-05 -4.5439e-05 -4.8173e-05 -5.0989e-05 -5.3880e-05 -5.6841e-05 -5.9863e-05 -6.2935e-05 -6.6043e-05 -6.9169e-05 -7.2293e-05 -7.5387e-05 -7.8422e-05 -8.1360e-05 -8.4157e-05 -8.6765e-05 -8.9126e-05 -9.1173e-05 -9.2835e-05 -9.4031e-05 -9.4676e-05 -9.4680e-05 -9.3952e-05 -9.2405e-05 -8.9961e-05 -8.6558e-05 -8.2162e-05 -7.6774e-05 -7.0444e-05 -6.3279e-05 -5.5452e-05 -4.7205e-05 -3.8838e-05 -3.0698e-05 -2.3139e-05 -1.6486e-05 -1.0983e-05 -6.7525e-06 -3.7694e-06 -1.8725e-06 -8.0746e-07 -2.9295e-07 -8.5969e-08 -1.9413e-08 -3.1646e-09 -3.4291e-10 -2.2185e-11 -7.4412e-13 -1.0725e-14 -5.1606e-17 -5.8784e-20 -9.8603e-24 -1.2518e-28 -4.6570e-35 -1.2794e-43 -3.3625e-55 -3.8024e-71 -1.4745e-93 -8.3977e-126 -1.7868e-173 -3.0483e-246 -0.0000e+00 -0.0000e+00 -0.0000e+00 -0.0000e+00 -0.0000e+00 -0.0000e+00 -0.0000e+00 -0.0000e+00 -0.0000e+00 -0.0000e+00 -2.1419e-07 -6.0625e-07 -1.1151e-06 -1.7197e-06 -2.4086e-06 -3.1746e-06 -4.0129e-06 -4.9205e-06 -5.8953e-06 -6.9360e-06 -8.0421e-06 -9.2133e-06 0.0000e+00 -1.1753e-05 -1.3123e-05 -1.4561e-05 -1.6069e-05 -1.7648e-05 -1.9300e-05 -2.1027e-05 -2.2830e-05 -2.4712e-05 -2.6674e-05 -2.8718e-05 -3.0847e-05 -3.3061e-05 -3.5361e-05 -3.7749e-05 -4.0225e-05 -4.2788e-05 -4.5438e-05 -4.8172e-05 -5.0986e-05 -5.3877e-05 -5.6838e-05 -5.9859e-05 -6.2930e-05 -6.6037e-05 -6.9162e-05 -7.2284e-05 -7.5377e-05 -7.8410e-05 -8.1346e-05 -8.4141e-05 -8.6746e-05 -8.9103e-05 -9.1147e-05 -9.2805e-05 -9.3997e-05 -9.4637e-05 -9.4636e-05 -9.3903e-05 -9.2350e-05 -8.9900e-05 -8.6491e-05 -8.2090e-05 -7.6698e-05 -7.0364e-05 -6.3197e-05 -5.5371e-05 -4.7126e-05 -3.8764e-05 -3.0631e-05 -2.3081e-05 -1.6439e-05 -1.0947e-05 -6.7271e-06 -3.7530e-06 -1.8631e-06 -8.0274e-07 -2.9095e-07 -8.5286e-08 -1.9232e-08 -3.1299e-09 -3.3846e-10 -2.1844e-11 -7.3045e-13 -1.0489e-14 -5.0235e-17 -5.6887e-20 -9.4716e-24 -1.1911e-28 -4.3772e-35 -1.1835e-43 -3.0456e-55 -3.3491e-71 -1.2509e-93 -6.7713e-126 -1.3448e-173 -2.0893e-246 -0.0000e+00 -0.0000e+00 -0.0000e+00 -0.0000e+00 -0.0000e+00 -0.0000e+00 -0.0000e+00 -0.0000e+00 -0.0000e+00 -0.0000e+00
-2.4089e-07 -6.8183e-07 -1.2541e-06 -1.9341e-06 -2.7089e-06 -3.5704e-06 -4.5133e-06 -5.5340e-06 -6.6303e-06 -7.8008e-06 -9.0447e-06 -1.0362e-05 -1.1753e-05 1.2051e-03 -1.4759e-05 -1.6376e-05 -1.8072e-05 -1.9848e-05 -2.1706e-05 -2.3648e-05 -2.5676e-05 -2.7793e-05 -3.0000e-05 -3.2299e-05 -3.4693e-05 -3.7183e-05 -3.9771e-05 -4.2457e-05 -4.5242e-05 -4.8125e-05 -5.1105e-05 -5.4181e-05 -5.7347e-05 -6.0599e-05 -6.3930e-05 -6.7329e-05 -7.0785e-05 -7.4280e-05 -7.7797e-05 -8.1311e-05 -8.4792e-05 -8.8206e-05 -9.1512e-05 -9.4660e-05 -9.7594e-05 -1.0025e-04 -1.0256e-04 -1.0443e-04 -1.0578e-04 -1.0650e-04 -1.0651e-04 -1.0570e-04 -1.0396e-04 -1.0121e-04 -9.7390e-05 -9.2449e-05 -8.6392e-05 -7.9275e-05 -7.1217e-05 -6.2414e-05 -5.3137e-05 -4.3725e-05 -3.4565e-05 -2.6058e-05 -1.8570e-05 -1.2374e-05 -7.6097e-06 -4.2492e-06 -2.1117e-06 -9.1098e-07 -3.3067e-07 -9.7100e-08 -2.1943e-08 -3.5801e-09 -3.8835e-10 -2.5158e-11 -8.4517e-13 -1.2205e-14 -5.8874e-17 -6.7267e-20 -1.1327e-23 -1.4451e-28 -5.4096e-35 -1.4982e-43 -3.9791e-55 -4.5617e-71 -1.8010e-93 -1.0502e-125 -2.3051e-173 -4.0964e-246 -0.0000e+00 -0.0000e+00 -0.0000e+00 -0.0000e+00 -0.0000e+00 -0.0000e+00 -0.0000e+00 -0.0000e+00 -0.0000e+00 -0.0000e+00 -2.4089e-07 -6.8183e-07 -1.2541e-06 -1.9341e-06 -2.7089e-06 -3.5704e-06 -4.5133e-06 -5.5340e-06 -6.6303e-06 -7.8008e-06 -9.0447e-06 -1.0362e-05 -1.1753e-05 0.0000e+00 -1.4759e-05 -1.6376e-05 -1.8072e-05 -1.9848e-05 -2.1706e-05 -2.3648e-05 -2.5676e-05 -2.7793e-05 -2.9999e-05 -3.2299e-05 -3.4693e-05 -3.7183e-05 -3.9770e-05 -4.2456e-05 -4.5240e-05 -4.8123e-05 -5.1103e-05 -5.4178e-05 -5.7344e-05 -6.0595e-05 -6.3925e-05 -6.7323e-05 -7.0777e-05 -7.4271e-05 -7.7786e-05 -8.1298e-05 -8.4777e-05 -8.8188e-05 -9.1490e-05 -9.4635e-05 -9.7565e-05 -1.0022e-04 -1.0252e-04 -1.0438e-04 -1.0572e-04 -1.0644e-04 -1.0644e-04 -1.0562e-04 -1.0387e-04 -1.0112e-04 -9.7288e-05 -9.2339e-05 -8.6276e-05 -7.9153e-05 -7.1093e-05 -6.2291e-05 -5.3017e-05 -4.3612e-05 -3.4463e-05 -2.5971e-05 -1.8498e-05 -1.2319e-05 -7.5709e-06 -4.2242e-06 -2.0973e-06 -9.0377e-07 -3.2763e-07 -9.6056e-08 -2.1667e-08 -3.5271e-09 -3.8156e-10 -2.4636e-11 -8.2427e-13 -1.1844e-14 -5.6774e-17 -6.4361e-20 -1.0731e-23 -1.3518e-28 -4.9793e-35 -1.3504e-43 -3.4894e-55 -3.8584e-71 -1.4522e-93 -7.9469e-126 -1.6030e-173 -2.5479e-246 -0.0000e+00 -0.0000e+00 -0.0000e+00 -0.0000e+00 -0.0000e+00 -0.0000e+00 -0.0000e+00 -0.0000e+00 -0.0000e+00 -0.0000e+00
-2.6897e-07 -7.6131e-07 -1.4003e-06 -2.1596e-06 -3.0246e-06 -3.9865e-06 -5.0393e-06 -6.1791e-06 -7.4032e-06 -8.7101e-06 -1.0099e-05 -1.1570e-05 -1.3123e-05 -1.4759e-05 1.6034e-03 -1.8285e-05 -2.0179e-05 -2.2162e-05 -2.4236e-05 -2.6405e-05 -2.8669e-05 -3.1033e-05 -3.3497e-05 -3.6064e-05 -3.8737e-05 -4.1518e-05 -4.4407e-05 -4.7406e-05 -5.0516e-05 -5.3735e-05 -5.7063e-05 -6.0498e-05 -6.4033e-05 -6.7665e-05 -7.1384e-05 -7.5180e-05 -7.9039e-05 -8.2944e-05 -8.6871e-05 -9.0796e-05 -9.4684e-05 -9.8498e-05 -1.0219e-04 -1.0571e-04 -1.0899e-04 -1.1196e-04 -1.1453e-04 -1.1662e-04 -1.1813e-04 -1.1895e-04 -1.1896e-04 -1.1806e-04 -1.1612e-04 -1.1306e-04 -1.0880e-04 -1.0329e-04 -9.6527e-05 -8.8582e-05 -7.9587e-05 -6.9758e-05 -5.9397e-05 -4.8884e-05 -3.8651e-05 -2.9144e-05 -2.0774e-05 -1.3847e-05 -8.5183e-06 -4.7584e-06 -2.3658e-06 -1.0212e-06 -3.7091e-07 -1.0900e-07 -2.4654e-08 -4.0269e-09 -4.3740e-10 -2.8381e-11 -9.5535e-13 -1.3830e-14 -6.6912e-17 -7.6740e-20 -1.2983e-23 -1.6662e-28 -6.2849e-35 -1.7575e-43 -4.7261e-55 -5.5055e-71 -2.2191e-93 -1.3290e-125 -3.0189e-173 -5.6072e-246 -0.0000e+00 -0.0000e+00 -0.0000e+00 -0.0000e+00 -0.0000e+00 -0.0000e+00 -0.0000e+00 -0.0000e+00 -0.0000e+00 -0.0000e+00 -2.6897e-07 -7.6131e-07 -1.4003e-06 -2.1596e-06 -3.0246e-06 -3.9865e-06 -5.0393e-06 -6.1791e-06 -7.4032e-06 -8.7101e-06 -1.0099e-05 -1.1570e-05 -1.3123e-05 -1.4759e-05 0.0000e+00 -1.8285e-05 -2.0179e-05 -2.2162e-05 -2.4236e-05 -2.6404e-05 -2.8669e-05 -3.1032e-05 -3.3496e-05 -3.6064e-05 -3.8737e-05 -4.1517e-05 -4.4406e-05 -4.7405e-05 -5.0514e-05 -5.3733e-05 -5.7060e-05 -6.0493e-05 -6.4028e-05 -6.7659e-05 -7.1377e-05 -7.5171e-05 -7.9028e-05 -8.2930e-05 -8.6855e-05 -9.0777e-05 -9.4661e-05 -9.8471e-05 -1.0216e-04 -1.0567e-04 -1.0894e-04 -1.1190e-04 -1.1447e-04 -1.1656e-04 -1.1806e-04 -1.1886e-04 -1.1886e-04 -1.1795e-04 -1.1600e-04 -1.1292e-04 -1.0865e-04 -1.0312e-04 -9.6354e-05 -8.8402e-05 -7.9403e-05 -6.9574e-05 -5.9219e-05 -4.8717e-05 -3.8499e-05 -2.9014e-05 -2.0667e-05 -1.3766e-05 -8.4605e-06 -4.7212e-06 -2.3444e-06 -1.0104e-06 -3.6638e-07 -1.0745e-07 -2.4243e-08 -3.9480e-09 -4.2729e-10 -2.7604e-11 -9.2421e-13 -1.3291e-14 -6.3779e-17 -7.2401e-20 -1.2092e-23 -1.5267e-28 -5.6395e-35 -1.5352e-43 -3.9871e-55 -4.4392e-71 -1.6867e-93 -9.3534e-126 -1.9227e-173 -3.1408e-246 -0.0000e+00 -0.0000e+00 -0.0000e+00 -0.0000e+00 -0.0000e+00 -0.0000e+00 -0.0000e+00 -0.0000e+00 -0.0000e+00 -0.0000e+00
-2.9845e-07 -8.4475e-07 -1.5538e-06 -2.3962e-06 -3.3561e-06 -4.4234e-06 -5.5916e-06 -6.8562e-06 -8.2145e-06 -9.6646e-06 -1.1206e-05 -1.2838e-05 -1.4561e-05 -1.6376e-05 -1.8285e-05 2.0971e-03 -2.2390e-05 -2.4591e-05 -2.6893e-05 -2.9299e-05 -3.1811e-05 -3.4434e-05 -3.7168e-05 -4.0017e-05 -4.2983e-05 -4.6068e-05 -4.9275e-05 -5.2603e-05 -5.6053e-05 -5.9626e-05 -6.3319e-05 -6.7130e-05 -7.1054e-05 -7.5084e-05 -7.9211e-05 -8.3424e-05 -8.7707e-05 -9.2041e-05 -9.6400e-05 -1.0076e-04 -1.0507e-04 -1.0931e-04 -1.1341e-04 -1.1731e-04 -1.2095e-04 -1.2425e-04 -1.2711e-04 -1.2944e-04 -1.3112e-04 -1.3203e-04 -1.3205e-04 -1.3106e-04 -1.2892e-04 -1.2553e-04 -1.2080e-04 -1.1469e-04 -1.0719e-04 -9.8383e-05 -8.8404e-05 -7.7497e-05 -6.5999e-05 -5.4327e-05 -4.2964e-05 -3.2406e-05 -2.3105e-05 -1.5407e-05 -9.4815e-06 -5.2990e-06 -2.6361e-06 -1.1386e-06 -4.1388e-07 -1.2174e-07 -2.7568e-08 -4.5089e-09 -4.9056e-10 -3.1893e-11 -1.0762e-12 -1.5626e-14 -7.5876e-17 -8.7415e-20 -1.4873e-23 -1.9224e-28 -7.3163e-35 -2.0692e-43 -5.6448e-55 -6.6969e-71 -2.7626e-93 -1.7038e-125 -4.0171e-173 -7.8211e-246 -0.0000e+00 -0.0000e+00 -0.0000e+00 -0.0000e+00 -0.0000e+00 -0.0000e+00 -0.0000e+00 -0.0000e+00 -0.0000e+00 -0.0000e+00 -2.9845e-07 -8.4475e-07 -1.5538e-06 -2.3962e-06 -3.3561e-06 -4.4234e-06 -5.5916e-06 -6.8562e-06 -8.2145e-06 -9.6646e-06 -1.1206e-05 -1.2838e-05 -1.4561e-05 -1.6376e-05 -1.8285e-05 0.0000e+00 -2.2390e-05 -2.4591e-05 -2.6892e-05 -2.9298e-05 -3.1811e-05 -3.4433e-05 -3.7167e-05 -4.0016e-05 -4.2982e-05 -4.6067e-05 -4.9273e-05 -5.2600e-05 -5.6050e-05 -5.9622e-05 -6.3314e-05 -6.7124e-05 -7.1046e-05 -7.5075e-05 -7.9200e-05 -8.3411e-05 -8.7691e-05 -9.2021e-05 -9.6377e-05 -1.0073e-04 -1.0504e-04 -1.0927e-04 -1.1336e-04 -1.1726e-04 -1.2089e-04 -1.2418e-04 -1.2703e-04 -1.2934e-04 -1.3101e-04 -1.3190e-04 -1.3191e-04 -1.3089e-04 -1.2873e-04 -1.2532e-04 -1.2058e-04 -1.1445e-04 -1.0694e-04 -9.8121e-05 -8.8136e-05 -7.7230e-05 -6.5740e-05 -5.4084e-05 -4.2744e-05 -3.2216e-05 -2.2951e-05 -1.5288e-05 -9.3976e-06 -5.2449e-06 -2.6050e-06 -1.1230e-06 -4.0731e-07 -1.1949e-07 -2.6970e-08 -4.3941e-09 -4.7584e-10 -3.0762e-11 -1.0308e-12 -1.4840e-14 -7.1306e-17 -8.1079e-20 -1.3570e-23 -1.7179e-28 -6.3685e-35 -1.7417e-43 -4.5516e-55 -5.1102e-71 -1.9640e-93 -1.1066e-125 -2.3265e-173 -3.9248e-246 -0.0000e+00 -0.0000e+00 -0.0000e+00 -0.0000e+00 -0.0000e+00 -0.0000e+00 -0.0000e+00 -0.0000e+00 -0.0000e+00 -0.0000e+00
