1.1863e-08 -7.0711e-09 -1.2990e-08 -2.0000e-08 -2.7951e-08 -3.6742e-08 -4.6300e-08 -5.6566e-08 -6.7496e-08 -7.9049e-08 -9.1194e-08 -1.0390e-07 -1.1715e-07 -1.3091e-07 -1.4516e-07 -1.5990e-07 -1.7509e-07 -1.9072e-07 -2.0678e-07 -2.2325e-07 -2.4012e-07 -2.5737e-07 -2.7499e-07 -2.9297e-07 -3.1128e-07 -3.2993e-07 -3.4888e-07 -3.6814e-07 -3.8767e-07 -4.0748e-07 -4.2754e-07 -4.4783e-07 -4.6834e-07 -4.8905e-07 -5.0995e-07 -5.3101e-07 -5.5221e-07 -5.7353e-07 -5.9496e-07 -6.1647e-07 -6.3803e-07 -6.5963e-07 -6.8123e-07 -7.0282e-07 -7.2435e-07 -7.4582e-07 -7.6718e-07 -7.8840e-07 -8.0946e-07 -8.3033e-07 -8.5097e-07 -8.7135e-07 -8.9143e-07 -9.1118e-07 -9.3056e-07 -9.4954e-07 -9.6807e-07 -9.8613e-07 -1.0037e-06 -1.0207e-06 -1.0371e-06 -1.0528e-06 -1.0679e-06 -1.0823e-06 -1.0959e-06 -1.1088e-06 -1.1208e-06 -1.1320e-06 -1.1423e-06 -1.1516e-06 -1.1600e-06 -1.1674e-06 -1.1738e-06 -1.1791e-06 -1.1834e-06 -1.1865e-06 -1.1885e-06 -1.1894e-06 -1.1891e-06 -1.1876e-06 -1.1850e-06 -1.1812e-06 -1.1761e-06 -1.1699e-06 -1.1624e-06 -1.1538e-06 -1.1440e-06 -1.1330e-06 -1.1208e-06 -1.1075e-06 -1.0932e-06 -1.0777e-06 -1.0612e-06 -1.0437e-06 -1.0252e-06 -1.0057e-06 -9.8542e-07 -9.6427e-07 -9.4235e-07 -9.1970e-07 0.0000e+00 7.0711e-09 1.2990e-08 2.0000e-08 2.7951e-08 3.6742e-08 4.6300e-08 5.6566e-08 6.7496e-08 7.9049e-08 9.1194e-08 1.0390e-07 1.1715e-07 1.3091e-07 1.4516e-07 1.5990e-07 1.7509e-07 1.9072e-07 2.0678e-07 2.2325e-07 2.4012e-07 2.5737e-07 2.7499e-07 2.9297e-07 3.1128e-07 3.2993e-07 3.4888e-07 3.6814e-07 3.8767e-07 4.0748e-07 4.2754e-07 4.4783e-07 4.6834e-07 4.8905e-07 5.0995e-07 5.3101e-07 5.5221e-07 5.7353e-07 5.9496e-07 6.1647e-07 6.3803e-07 6.5963e-07 6.8123e-07 7.0282e-07 7.2435e-07 7.4582e-07 7.6718e-07 7.8840e-07 8.0946e-07 8.3033e-07 8.5097e-07 8.7135e-07 8.9143e-07 9.1118e-07 9.3056e-07 9.4954e-07 9.6807e-07 9.8613e-07 1.0037e-06 1.0207e-06 1.0371e-06 1.0528e-06 1.0679e-06 1.0823e-06 1.0959e-06 1.1088e-06 1.1208e-06 1.1320e-06 1.1423e-06 1.1516e-06 1.1600e-06 1.1674e-06 1.1738e-06 1.1791e-06 1.1834e-06 1.1865e-06 1.1885e-06 1.1894e-06 1.1891e-06 1.1876e-06 1.1850e-06 1.1812e-06 1.1761e-06 1.1699e-06 1.1624e-06 1.1538e-06 1.1440e-06 1.1330e-06 1.1208e-06 1.1075e-06 1.0932e-06 1.0777e-06 1.0612e-06 1.0437e-06 1.0252e-06 1.0057e-06 9.8542e-07 9.6427e-07 9.4235e-07 9.1970e-07
-7.0711e-09 1.6314e-07 -3.6742e-08 -5.6568e-08 -7.9056e-08 -1.0392e-07 -1.3095e-07 -1.5999e-07 -1.9091e-07 -2.2358e-07 -2.5794e-07 -2.9388e-07 -3.3134e-07 -3.7026e-07 -4.1058e-07 -4.5225e-07 -4.9522e-07 -5.3943e-07 -5.8486e-07 -6.3144e-07 -6.7916e-07 -7.2795e-07 -7.7779e-07 -8.2863e-07 -8.8044e-07 -9.3317e-07 -9.8679e-07 -1.0412e-06 -1.0965e-06 -1.1525e-06 -1.2093e-06 -1.2666e-06 -1.3247e-06 -1.3832e-06 -1.4423e-06 -1.5019e-06 -1.5619e-06 -1.6222e-06 -1.6828e-06 -1.7436e-06 -1.8046e-06 -1.8657e-06 -1.9268e-06 -1.9879e-06 -2.0488e-06 -2.1095e-06 -2.1699e-06 -2.2299e-06 -2.2895e-06 -2.3485e-06 -2.4069e-06 -2.4645e-06 -2.5213e-06 -2.5772e-06 -2.6320e-06 -2.6857e-06 -2.7381e-06 -2.7892e-06 -2.8388e-06 -2.8869e-06 -2.9332e-06 -2.9778e-06 -3.0205e-06 -3.0612e-06 -3.0998e-06 -3.1361e-06 -3.1702e-06 -3.2018e-06 -3.2308e-06 -3.2573e-06 -3.2810e-06 -3.3020e-06 -3.3200e-06 -3.3351e-06 -3.3471e-06 -3.3559e-06 -3.3617e-06 -3.3641e-06 -3.3633e-06 -3.3592e-06 -3.3517e-06 -3.3408e-06 -3.3265e-06 -3.3089e-06 -3.2878e-06 -3.2634e-06 -3.2356e-06 -3.2045e-06 -3.1702e-06 -3.1326e-06 -3.0919e-06 -3.0482e-06 -3.0015e-06 -2.9519e-06 -2.8996e-06 -2.8446e-06 -2.7872e-06 -2.7274e-06 -2.6654e-06 -2.6013e-06 7.0711e-09 0.0000e+00 3.6742e-08 5.6568e-08 7.9056e-08 1.0392e-07 1.3095e-07 1.5999e-07 1.9091e-07 2.2358e-07 2.5794e-07 2.9388e-07 3.3134e-07 3.7026e-07 4.1058e-07 4.5225e-07 4.9522e-07 5.3943e-07 5.8486e-07 6.3144e-07 6.7916e-07 7.2795e-07 7.7779e-07 8.2863e-07 8.8044e-07 9.3317e-07 9.8679e-07 1.0412e-06 1.0965e-06 1.1525e-06 1.2093e-06 1.2666e-06 1.3247e-06 1.3832e-06 1.4423e-06 1.5019e-06 1.5619e-06 1.6222e-06 1.6828e-06 1.7436e-06 1.8046e-06 1.8657e-06 1.9268e-06 1.9879e-06 2.0488e-06 2.1095e-06 2.1699e-06 2.2299e-06 2.2895e-06 2.3485e-06 2.4069e-06 2.4645e-06 2.5213e-06 2.5772e-06 2.6320e-06 2.6857e-06 2.7381e-06 2.7892e-06 2.8388e-06 2.8869e-06 2.9332e-06 2.9778e-06 3.0205e-06 3.0612e-06 3.0998e-06 3.1361e-06 3.1702e-06 3.2018e-06 3.2308e-06 3.2573e-06 3.2810e-06 3.3020e-06 3.3200e-06 3.3351e-06 3.3471e-06 3.3559e-06 3.3617e-06 3.3641e-06 3.3633e-06 3.3592e-06 3.3517e-06 3.3408e-06 3.3265e-06 3.3089e-06 3.2878e-06 3.2634e-06 3.2356e-06 3.2045e-06 3.1702e-06 3.1326e-06 3.0919e-06 3.0482e-06 3.0015e-06 2.9519e-06 2.8996e-06 2.8446e-06 2.7872e-06 2.7274e-06 2.6654e-06 2.6013e-06
-1.2990e-08 -3.6742e-08 8.2612e-07 -1.0392e-07 -1.4524e-07 -1.9092e-07 -2.4058e-07 -2.9393e-07 -3.5072e-07 -4.1075e-07 -4.7386e-07 -5.3989e-07 -6.0871e-07 -6.8022e-07 -7.5429e-07 -8.3084e-07 -9.0977e-07 -9.9100e-07 -1.0744e-06 -1.1600e-06 -1.2477e-06 -1.3373e-06 -1.4289e-06 -1.5223e-06 -1.6175e-06 -1.7143e-06 -1.8128e-06 -1.9129e-06 -2.0144e-06 -2.1173e-06 -2.2215e-06 -2.3270e-06 -2.4336e-06 -2.5412e-06 -2.6498e-06 -2.7592e-06 -2.8694e-06 -2.9802e-06 -3.0915e-06 -3.2033e-06 -3.3153e-06 -3.4275e-06 -3.5398e-06 -3.6519e-06 -3.7638e-06 -3.8754e-06 -3.9864e-06 -4.0967e-06 -4.2061e-06 -4.3145e-06 -4.4218e-06 -4.5276e-06 -4.6320e-06 -4.7346e-06 -4.8353e-06 -4.9339e-06 -5.0303e-06 -5.1241e-06 -5.2152e-06 -5.3035e-06 -5.3887e-06 -5.4706e-06 -5.5490e-06 -5.6238e-06 -5.6947e-06 -5.7614e-06 -5.8240e-06 -5.8820e-06 -5.9354e-06 -5.9840e-06 -6.0276e-06 -6.0661e-06 -6.0992e-06 -6.1269e-06 -6.1489e-06 -6.1653e-06 -6.1758e-06 -6.1803e-06 -6.1788e-06 -6.1712e-06 -6.1574e-06 -6.1375e-06 -6.1113e-06 -6.0788e-06 -6.0401e-06 -5.9952e-06 -5.9442e-06 -5.8871e-06 -5.8240e-06 -5.7550e-06 -5.6802e-06 -5.5999e-06 -5.5141e-06 -5.4230e-06 -5.3269e-06 -5.2259e-06 -5.1204e-06 -5.0105e-06 -4.8966e-06 -4.7789e-06 1.2990e-08 3.6742e-08 0.0000e+00 1.0392e-07 1.4524e-07 1.9092e-07 2.4058e-07 2.9393e-07 3.5072e-07 4.1075e-07 4.7386e-07 5.3989e-07 6.0871e-07 6.8022e-07 7.5429e-07 8.3084e-07 9.0977e-07 9.9100e-07 1.0744e-06 1.1600e-06 1.2477e-06 1.3373e-06 1.4289e-06 1.5223e-06 1.6175e-06 1.7143e-06 1.8128e-06 1.9129e-06 2.0144e-06 2.1173e-06 2.2215e-06 2.3270e-06 2.4336e-06 2.5412e-06 2.6498e-06 2.7592e-06 2.8694e-06 2.9802e-06 3.0915e-06 3.2033e-06 3.3153e-06 3.4275e-06 3.5398e-06 3.6519e-06 3.7638e-06 3.8754e-06 3.9864e-06 4.0967e-06 4.2061e-06 4.3145e-06 4.4218e-06 4.5276e-06 4.6320e-06 4.7346e-06 4.8353e-06 4.9339e-06 5.0303e-06 5.1241e-06 5.2152e-06 5.3035e-06 5.3887e-06 5.4706e-06 5.5490e-06 5.6238e-06 5.6947e-06 5.7614e-06 5.8240e-06 5.8820e-06 5.9354e-06 5.9840e-06 6.0276e-06 6.0661e-06 6.0992e-06 6.1269e-06 6.1489e-06 6.1653e-06 6.1758e-06 6.1803e-06 6.1788e-06 6.1712e-06 6.1574e-06 6.1375e-06 6.1112e-06 6.0788e-06 6.0401e-06 5.9952e-06 5.9442e-06 5.8871e-06 5.8240e-06 5.7550e-06 5.6802e-06 5.5999e-06 5.5141e-06 5.4230e-06 5.3269e-06 5.2259e-06 5.1204e-06 5.0105e-06 4.8966e-06 4.7789e-06
-2.0000e-08 -5.6568e-08 -1.0392e-07 2.6109e-06 -2.2360e-07 -2.9393e-07 -3.7040e-07 -4.5253e-07 -5.3996e-07 -6.3239e-07 -7.2955e-07 -8.3121e-07 -9.3717e-07 -1.0473e-06 -1.1613e-06 -1.2792e-06 -1.4007e-06 -1.5257e-06 -1.6542e-06 -1.7860e-06 -1.9209e-06 -2.0589e-06 -2.1999e-06 -2.3437e-06 -2.4902e-06 -2.6394e-06 -2.7910e-06 -2.9451e-06 -3.1014e-06 -3.2598e-06 -3.4203e-06 -3.5826e-06 -3.7467e-06 -3.9124e-06 -4.0796e-06 -4.2480e-06 -4.4177e-06 -4.5883e-06 -4.7597e-06 -4.9317e-06 -5.1043e-06 -5.2770e-06 -5.4498e-06 -5.6225e-06 -5.7948e-06 -5.9665e-06 -6.1374e-06 -6.3072e-06 -6.4757e-06 -6.6426e-06 -6.8077e-06 -6.9708e-06 -7.1314e-06 -7.2894e-06 -7.4444e-06 -7.5963e-06 -7.7446e-06 -7.8890e-06 -8.0294e-06 -8.1653e-06 -8.2964e-06 -8.4226e-06 -8.5433e-06 -8.6584e-06 -8.7675e-06 -8.8703e-06 -8.9666e-06 -9.0560e-06 -9.1382e-06 -9.2130e-06 -9.2802e-06 -9.3393e-06 -9.3904e-06 -9.4329e-06 -9.4669e-06 -9.4920e-06 -9.5082e-06 -9.5152e-06 -9.5129e-06 -9.5012e-06 -9.4800e-06 -9.4492e-06 -9.4089e-06 -9.3589e-06 -9.2994e-06 -9.2303e-06 -9.1517e-06 -9.0638e-06 -8.9666e-06 -8.8604e-06 -8.7453e-06 -8.6216e-06 -8.4895e-06 -8.3492e-06 -8.2013e-06 -8.0458e-06 -7.8833e-06 -7.7142e-06 -7.5388e-06 -7.3576e-06 2.0000e-08 5.6568e-08 1.0392e-07 0.0000e+00 2.2360e-07 2.9393e-07 3.7040e-07 4.5253e-07 5.3996e-07 6.3239e-07 7.2955e-07 8.3121e-07 9.3717e-07 1.0473e-06 1.1613e-06 1.2792e-06 1.4007e-06 1.5257e-06 1.6542e-06 1.7860e-06 1.9209e-06 2.0589e-06 2.1999e-06 2.3437e-06 2.4902e-06 2.6394e-06 2.7910e-06 2.9451e-06 3.1014e-06 3.2598e-06 3.4203e-06 3.5826e-06 3.7467e-06 3.9124e-06 4.0796e-06 4.2480e-06 4.4177e-06 4.5883e-06 4.7597e-06 4.9317e-06 5.1043e-06 5.2770e-06 5.4498e-06 5.6225e-06 5.7948e-06 5.9665e-06 6.1374e-06 6.3072e-06 6.4757e-06 6.6426e-06 6.8077e-06 6.9708e-06 7.1314e-06 7.2894e-06 7.4444e-06 7.5963e-06 7.7446e-06 7.8890e-06 8.0294e-06 8.1653e-06 8.2964e-06 8.4226e-06 8.5433e-06 8.6584e-06 8.7675e-06 8.8703e-06 8.9666e-06 9.0560e-06 9.1382e-06 9.2130e-06 9.2801e-06 9.3393e-06 9.3903e-06 9.4329e-06 9.4669e-06 9.4920e-06 9.5082e-06 9.5152e-06 9.5129e-06 9.5012e-06 9.4800e-06 9.4492e-06 9.4089e-06 9.3589e-06 9.2994e-06 9.2303e-06 9.1517e-06 9.0638e-06 8.9666e-06 8.8604e-06 8.7453e-06 8.6215e-06 8.4894e-06 8.3492e-06 8.2012e-06 8.0458e-06 7.8833e-06 7.7142e-06 7.5388e-06 7.3576e-06
-2.7951e-08 -7.9056e-08 -1.4524e-07 -2.2360e-07 6.3743e-06 -4.1078e-07 -5.1764e-07 -6.3243e-07 -7.5462e-07 -8.8379e-07 -1.0196e-06 -1.1616e-06 -1.3097e-06 -1.4636e-06 -1.6230e-06 -1.7877e-06 -1.9575e-06 -2.1323e-06 -2.3118e-06 -2.4960e-06 -2.6846e-06 -2.8775e-06 -3.0745e-06 -3.2754e-06 -3.4802e-06 -3.6887e-06 -3.9006e-06 -4.1159e-06 -4.3343e-06 -4.5557e-06 -4.7800e-06 -5.0068e-06 -5.2362e-06 -5.4677e-06 -5.7013e-06 -5.9368e-06 -6.1738e-06 -6.4123e-06 -6.6518e-06 -6.8923e-06 -7.1334e-06 -7.3748e-06 -7.6164e-06 -7.8577e-06 -8.0985e-06 -8.3384e-06 -8.5772e-06 -8.8146e-06 -9.0500e-06 -9.2833e-06 -9.5141e-06 -9.7419e-06 -9.9664e-06 -1.0187e-05 -1.0404e-05 -1.0616e-05 -1.0823e-05 -1.1025e-05 -1.1221e-05 -1.1411e-05 -1.1595e-05 -1.1771e-05 -1.1940e-05 -1.2100e-05 -1.2253e-05 -1.2397e-05 -1.2531e-05 -1.2656e-05 -1.2771e-05 -1.2876e-05 -1.2969e-05 -1.3052e-05 -1.3123e-05 -1.3183e-05 -1.3230e-05 -1.3266e-05 -1.3288e-05 -1.3298e-05 -1.3295e-05 -1.3278e-05 -1.3249e-05 -1.3206e-05 -1.3149e-05 -1.3080e-05 -1.2996e-05 -1.2900e-05 -1.2790e-05 -1.2667e-05 -1.2531e-05 -1.2383e-05 -1.2222e-05 -1.2049e-05 -1.1864e-05 -1.1668e-05 -1.1462e-05 -1.1244e-05 -1.1017e-05 -1.0781e-05 -1.0536e-05 -1.0283e-05 2.7951e-08 7.9056e-08 1.4524e-07 2.2360e-07 0.0000e+00 4.1078e-07 5.1764e-07 6.3243e-07 7.5462e-07 8.8379e-07 1.0196e-06 1.1616e-06 1.3097e-06 1.4636e-06 1.6230e-06 1.7877e-06 1.9575e-06 2.1323e-06 2.3118e-06 2.4960e-06 2.6846e-06 2.8775e-06 3.0745e-06 3.2754e-06 3.4802e-06 3.6887e-06 3.9006e-06 4.1159e-06 4.3343e-06 4.5557e-06 4.7800e-06 5.0068e-06 5.2362e-06 5.4677e-06 5.7013e-06 5.9368e-06 6.1738e-06 6.4123e-06 6.6518e-06 6.8923e-06 7.1334e-06 7.3748e-06 7.6164e-06 7.8577e-06 8.0985e-06 8.3384e-06 8.5772e-06 8.8145e-06 9.0500e-06 9.2833e-06 9.5141e-06 9.7419e-06 9.9664e-06 1.0187e-05 1.0404e-05 1.0616e-05 1.0823e-05 1.1025e-05 1.1221e-05 1.1411e-05 1.1595e-05 1.1771e-05 1.1940e-05 1.2100e-05 1.2253e-05 1.2397e-05 1.2531e-05 1.2656e-05 1.2771e-05 1.2876e-05 1.2969e-05 1.3052e-05 1.3123e-05 1.3183e-05 1.3230e-05 1.3265e-05 1.3288e-05 1.3298e-05 1.3295e-05 1.3278e-05 1.3249e-05 1.3206e-05 1.3149e-05 1.3079e-05 1.2996e-05 1.2900e-05 1.2790e-05 1.2667e-05 1.2531e-05 1.2383e-05 1.2222e-05 1.2049e-05 1.1864e-05 1.1668e-05 1.1462e-05 1.1244e-05 1.1017e-05 1.0781e-05 1.0536e-05 1.0282e-05
-3.6742e-08 -1.0392e-07 -1.9092e-07 -2.9393e-07 -4.1078e-07 1.3218e-05 -6.8045e-07 -8.3134e-07 -9.9197e-07 -1.1618e-06 -1.3403e-06 -1.5270e-06 -1.7217e-06 -1.9239e-06 -2.1334e-06 -2.3499e-06 -2.5732e-06 -2.8029e-06 -3.0390e-06 -3.2810e-06 -3.5290e-06 -3.7825e-06 -4.0415e-06 -4.3056e-06 -4.5748e-06 -4.8488e-06 -5.1274e-06 -5.4104e-06 -5.6975e-06 -5.9886e-06 -6.2834e-06 -6.5816e-06 -6.8831e-06 -7.1875e-06 -7.4946e-06 -7.8041e-06 -8.1157e-06 -8.4291e-06 -8.7440e-06 -9.0601e-06 -9.3770e-06 -9.6944e-06 -1.0012e-05 -1.0329e-05 -1.0646e-05 -1.0961e-05 -1.1275e-05 -1.1587e-05 -1.1897e-05 -1.2203e-05 -1.2507e-05 -1.2806e-05 -1.3101e-05 -1.3391e-05 -1.3676e-05 -1.3955e-05 -1.4228e-05 -1.4493e-05 -1.4751e-05 -1.5000e-05 -1.5241e-05 -1.5473e-05 -1.5695e-05 -1.5906e-05 -1.6107e-05 -1.6296e-05 -1.6473e-05 -1.6637e-05 -1.6788e-05 -1.6925e-05 -1.7049e-05 -1.7157e-05 -1.7251e-05 -1.7329e-05 -1.7392e-05 -1.7438e-05 -1.7468e-05 -1.7480e-05 -1.7476e-05 -1.7455e-05 -1.7416e-05 -1.7359e-05 -1.7285e-05 -1.7193e-05 -1.7084e-05 -1.6957e-05 -1.6813e-05 -1.6651e-05 -1.6473e-05 -1.6278e-05 -1.6066e-05 -1.5839e-05 -1.5596e-05 -1.5339e-05 -1.5067e-05 -1.4781e-05 -1.4483e-05 -1.4172e-05 -1.3850e-05 -1.3517e-05 3.6742e-08 1.0392e-07 1.9092e-07 2.9393e-07 4.1078e-07 0.0000e+00 6.8045e-07 8.3134e-07 9.9197e-07 1.1618e-06 1.3403e-06 1.5270e-06 1.7217e-06 1.9239e-06 2.1334e-06 2.3499e-06 2.5732e-06 2.8029e-06 3.0390e-06 3.2810e-06 3.5290e-06 3.7825e-06 4.0415e-06 4.3056e-06 4.5748e-06 4.8488e-06 5.1274e-06 5.4104e-06 5.6975e-06 5.9886e-06 6.2834e-06 6.5816e-06 6.8831e-06 7.1875e-06 7.4946e-06 7.8041e-06 8.1157e-06 8.4291e-06 8.7440e-06 9.0601e-06 9.3770e-06 9.6944e-06 1.0012e-05 1.0329e-05 1.0646e-05 1.0961e-05 1.1275e-05 1.1587e-05 1.1896e-05 1.2203e-05 1.2506e-05 1.2806e-05 1.3101e-05 1.3391e-05 1.3676e-05 1.3955e-05 1.4228e-05 1.4493e-05 1.4751e-05 1.5000e-05 1.5241e-05 1.5473e-05 1.5695e-05 1.5906e-05 1.6107e-05 1.6296e-05 1.6472e-05 1.6637e-05 1.6788e-05 1.6925e-05 1.7049e-05 1.7157e-05 1.7251e-05 1.7329e-05 1.7392e-05 1.7438e-05 1.7467e-05 1.7480e-05 1.7476e-05 1.7455e-05 1.7416e-05 1.7359e-05 1.7285e-05 1.7193e-05 1.7084e-05 1.6957e-05 1.6813e-05 1.6651e-05 1.6473e-05 1.6277e-05 1.6066e-05 1.5839e-05 1.5596e-05 1.5338e-05 1.5066e-05 1.4781e-05 1.4482e-05 1.4172e-05 1.3849e-05 1.3517e-05
-4.6300e-08 -1.3095e-07 -2.4058e-07 -3.7040e-07 -5.1764e-07 -6.8045e-07 2.4488e-05 -1.0476e-06 -1.2500e-06 -1.4640e-06 -1.6889e-06 -1.9242e-06 -2.1695e-06 -2.4244e-06 -2.6884e-06 -2.9612e-06 -3.2426e-06 -3.5321e-06 -3.8295e-06 -4.1345e-06 -4.4469e-06 -4.7664e-06 -5.0928e-06 -5.4257e-06 -5.7649e-06 -6.1102e-06 -6.4612e-06 -6.8178e-06 -7.1796e-06 -7.5464e-06 -7.9179e-06 -8.2937e-06 -8.6736e-06 -9.0572e-06 -9.4441e-06 -9.8341e-06 -1.0227e-05 -1.0622e-05 -1.1019e-05 -1.1417e-05 -1.1816e-05 -1.2216e-05 -1.2616e-05 -1.3016e-05 -1.3415e-05 -1.3812e-05 -1.4208e-05 -1.4601e-05 -1.4991e-05 -1.5378e-05 -1.5760e-05 -1.6137e-05 -1.6509e-05 -1.6875e-05 -1.7234e-05 -1.7585e-05 -1.7929e-05 -1.8263e-05 -1.8588e-05 -1.8903e-05 -1.9206e-05 -1.9498e-05 -1.9778e-05 -2.0044e-05 -2.0297e-05 -2.0535e-05 -2.0758e-05 -2.0965e-05 -2.1155e-05 -2.1328e-05 -2.1484e-05 -2.1621e-05 -2.1739e-05 -2.1837e-05 -2.1916e-05 -2.1974e-05 -2.2012e-05 -2.2028e-05 -2.2023e-05 -2.1995e-05 -2.1946e-05 -2.1875e-05 -2.1782e-05 -2.1666e-05 -2.1528e-05 -2.1368e-05 -2.1187e-05 -2.0983e-05 -2.0758e-05 -2.0512e-05 -2.0246e-05 -1.9959e-05 -1.9654e-05 -1.9329e-05 -1.8986e-05 -1.8627e-05 -1.8251e-05 -1.7859e-05 -1.7453e-05 -1.7033e-05 4.6300e-08 1.3095e-07 2.4058e-07 3.7040e-07 5.1764e-07 6.8045e-07 0.0000e+00 1.0476e-06 1.2500e-06 1.4640e-06 1.6889e-06 1.9242e-06 2.1695e-06 2.4244e-06 2.6884e-06 2.9612e-06 3.2426e-06 3.5321e-06 3.8295e-06 4.1345e-06 4.4469e-06 4.7664e-06 5.0928e-06 5.4257e-06 5.7649e-06 6.1102e-06 6.4612e-06 6.8178e-06 7.1796e-06 7.5464e-06 7.9179e-06 8.2937e-06 8.6736e-06 9.0571e-06 9.4441e-06 9.8341e-06 1.0227e-05 1.0622e-05 1.1019e-05 1.1417e-05 1.1816e-05 1.2216e-05 1.2616e-05 1.3016e-05 1.3415e-05 1.3812e-05 1.4208e-05 1.4601e-05 1.4991e-05 1.5378e-05 1.5760e-05 1.6137e-05 1.6509e-05 1.6875e-05 1.7234e-05 1.7585e-05 1.7929e-05 1.8263e-05 1.8588e-05 1.8902e-05 1.9206e-05 1.9498e-05 1.9778e-05 2.0044e-05 2.0297e-05 2.0535e-05 2.0757e-05 2.0964e-05 2.1155e-05 2.1328e-05 2.1483e-05 2.1620e-05 2.1738e-05 2.1837e-05 2.1916e-05 2.1974e-05 2.2011e-05 2.2027e-05 2.2022e-05 2.1995e-05 2.1946e-05 2.1875e-05 2.1781e-05 2.1666e-05 2.1528e-05 2.1368e-05 2.1186e-05 2.0982e-05 2.0758e-05 2.0512e-05 2.0245e-05 1.9959e-05 1.9653e-05 1.9328e-05 1.8986e-05 1.8626e-05 1.8250e-05 1.7858e-05 1.7452e-05 1.7033e-05
-5.6566e-08 -1.5999e-07 -2.9393e-07 -4.5253e-07 -6.3243e-07 -8.3134e-07 -1.0476e-06 4.1775e-05 -1.5272e-06 -1.7886e-06 -2.0634e-06 -2.3509e-06 -2.6506e-06 -2.9620e-06 -3.2845e-06 -3.6179e-06 -3.9616e-06 -4.3153e-06 -4.6787e-06 -5.0513e-06 -5.4330e-06 -5.8234e-06 -6.2221e-06 -6.6288e-06 -7.0432e-06 -7.4651e-06 -7.8940e-06 -8.3296e-06 -8.7717e-06 -9.2198e-06 -9.6736e-06 -1.0133e-05 -1.0597e-05 -1.1066e-05 -1.1538e-05 -1.2015e-05 -1.2495e-05 -1.2977e-05 -1.3462e-05 -1.3949e-05 -1.4436e-05 -1.4925e-05 -1.5414e-05 -1.5902e-05 -1.6390e-05 -1.6875e-05 -1.7359e-05 -1.7839e-05 -1.8315e-05 -1.8788e-05 -1.9255e-05 -1.9716e-05 -2.0170e-05 -2.0617e-05 -2.1055e-05 -2.1485e-05 -2.1904e-05 -2.2313e-05 -2.2710e-05 -2.3094e-05 -2.3465e-05 -2.3822e-05 -2.4163e-05 -2.4489e-05 -2.4798e-05 -2.5088e-05 -2.5361e-05 -2.5614e-05 -2.5846e-05 -2.6058e-05 -2.6248e-05 -2.6415e-05 -2.6559e-05 -2.6680e-05 -2.6776e-05 -2.6847e-05 -2.6893e-05 -2.6913e-05 -2.6906e-05 -2.6873e-05 -2.6813e-05 -2.6726e-05 -2.6612e-05 -2.6471e-05 -2.6303e-05 -2.6107e-05 -2.5885e-05 -2.5636e-05 -2.5362e-05 -2.5061e-05 -2.4736e-05 -2.4386e-05 -2.4012e-05 -2.3616e-05 -2.3197e-05 -2.2758e-05 -2.2298e-05 -2.1820e-05 -2.1324e-05 -2.0811e-05 5.6566e-08 1.5999e-07 2.9393e-07 4.5253e-07 6.3243e-07 8.3134e-07 1.0476e-06 0.0000e+00 1.5272e-06 1.7886e-06 2.0634e-06 2.3509e-06 2.6506e-06 2.9620e-06 3.2845e-06 3.6179e-06 3.9616e-06 4.3153e-06 4.6787e-06 5.0513e-06 5.4330e-06 5.8234e-06 6.2221e-06 6.6288e-06 7.0432e-06 7.4650e-06 7.8940e-06 8.3296e-06 8.7717e-06 9.2198e-06 9.6736e-06 1.0133e-05 1.0597e-05 1.1066e-05 1.1538e-05 1.2015e-05 1.2495e-05 1.2977e-05 1.3462e-05 1.3949e-05 1.4436e-05 1.4925e-05 1.5414e-05 1.5902e-05 1.6390e-05 1.6875e-05 1.7358e-05 1.7839e-05 1.8315e-05 1.8787e-05 1.9254e-05 1.9716e-05 2.0170e-05 2.0617e-05 2.1055e-05 2.1485e-05 2.1904e-05 2.2313e-05 2.2710e-05 2.3094e-05 2.3465e-05 2.3822e-05 2.4163e-05 2.4489e-05 2.4797e-05 2.5088e-05 2.5360e-05 2.5613e-05 2.5846e-05 2.6057e-05 2.6247e-05 2.6415e-05 2.6559e-05 2.6679e-05 2.6775e-05 2.6846e-05 2.6892e-05 2.6912e-05 2.6905e-05 2.6872e-05 2.6812e-05 2.6725e-05 2.6611e-05 2.6470e-05 2.6302e-05 2.6106e-05 2.5884e-05 2.5635e-05 2.5360e-05 2.5060e-05 2.4734e-05 2.4384e-05 2.4011e-05 2.3614e-05 2.3196e-05 2.2756e-05 2.2297e-05 2.1818e-05 2.1322e-05 2.0810e-05
-6.7496e-08 -1.9091e-07 -3.5072e-07 -5.3996e-07 -7.5462e-07 -9.9197e-07 -1.2500e-06 -1.5272e-06 6.6915e-05 -2.1342e-06 -2.4621e-06 -2.8052e-06 -3.1628e-06 -3.5343e-06 -3.9192e-06 -4.3169e-06 -4.7270e-06 -5.1491e-06 -5.5826e-06 -6.0273e-06 -6.4828e-06 -6.9485e-06 -7.4242e-06 -7.9095e-06 -8.4041e-06 -8.9074e-06 -9.4192e-06 -9.9390e-06 -1.0466e-05 -1.1001e-05 -1.1543e-05 -1.2091e-05 -1.2644e-05 -1.3204e-05 -1.3768e-05 -1.4336e-05 -1.4909e-05 -1.5484e-05 -1.6063e-05 -1.6644e-05 -1.7226e-05 -1.7809e-05 -1.8392e-05 -1.8975e-05 -1.9556e-05 -2.0136e-05 -2.0713e-05 -2.1286e-05 -2.1854e-05 -2.2418e-05 -2.2975e-05 -2.3525e-05 -2.4067e-05 -2.4600e-05 -2.5124e-05 -2.5636e-05 -2.6137e-05 -2.6624e-05 -2.7098e-05 -2.7557e-05 -2.7999e-05 -2.8425e-05 -2.8832e-05 -2.9221e-05 -2.9589e-05 -2.9936e-05 -3.0261e-05 -3.0563e-05 -3.0840e-05 -3.1093e-05 -3.1320e-05 -3.1519e-05 -3.1692e-05 -3.1835e-05 -3.1950e-05 -3.2035e-05 -3.2090e-05 -3.2113e-05 -3.2106e-05 -3.2066e-05 -3.1995e-05 -3.1891e-05 -3.1755e-05 -3.1586e-05 -3.1385e-05 -3.1152e-05 -3.0887e-05 -3.0591e-05 -3.0263e-05 -2.9904e-05 -2.9516e-05 -2.9099e-05 -2.8653e-05 -2.8180e-05 -2.7680e-05 -2.7156e-05 -2.6608e-05 -2.6037e-05 -2.5445e-05 -2.4833e-05 6.7496e-08 1.9091e-07 3.5072e-07 5.3996e-07 7.5462e-07 9.9197e-07 1.2500e-06 1.5272e-06 0.0000e+00 2.1342e-06 2.4621e-06 2.8052e-06 3.1628e-06 3.5343e-06 3.9192e-06 4.3169e-06 4.7270e-06 5.1491e-06 5.5826e-06 6.0273e-06 6.4828e-06 6.9485e-06 7.4242e-06 7.9095e-06 8.4041e-06 8.9074e-06 9.4192e-06 9.9390e-06 1.0466e-05 1.1001e-05 1.1543e-05 1.2091e-05 1.2644e-05 1.3204e-05 1.3768e-05 1.4336e-05 1.4909e-05 1.5484e-05 1.6063e-05 1.6644e-05 1.7226e-05 1.7809e-05 1.8392e-05 1.8975e-05 1.9556e-05 2.0136e-05 2.0712e-05 2.1285e-05 2.1854e-05 2.2417e-05 2.2975e-05 2.3525e-05 2.4067e-05 2.4600e-05 2.5123e-05 2.5636e-05 2.6136e-05 2.6624e-05 2.7097e-05 2.7556e-05 2.7999e-05 2.8424e-05 2.8832e-05 2.9220e-05 2.9588e-05 2.9935e-05 3.0260e-05 3.0562e-05 3.0839e-05 3.1092e-05 3.1319e-05 3.1518e-05 3.1690e-05 3.1834e-05 3.1949e-05 3.2034e-05 3.2088e-05 3.2112e-05 3.2104e-05 3.2064e-05 3.1993e-05 3.1889e-05 3.1753e-05 3.1584e-05 3.1383e-05 3.1150e-05 3.0885e-05 3.0588e-05 3.0260e-05 2.9902e-05 2.9513e-05 2.9096e-05 2.8650e-05 2.8177e-05 2.7677e-05 2.7153e-05 2.6604e-05 2.6034e-05 2.5442e-05 2.4830e-05
-7.9049e-08 -2.2358e-07 -4.1075e-07 -6.3239e-07 -8.8379e-07 -1.1618e-06 -1.4640e-06 -1.7886e-06 -2.1342e-06 1.0199e-04 -2.8835e-06 -3.2853e-06 -3.7041e-06 -4.1393e-06 -4.5900e-06 -5.0558e-06 -5.5361e-06 -6.0304e-06 -6.5382e-06 -7.0591e-06 -7.5924e-06 -8.1379e-06 -8.6951e-06 -9.2635e-06 -9.8426e-06 -1.0432e-05 -1.1032e-05 -1.1640e-05 -1.2258e-05 -1.2884e-05 -1.3519e-05 -1.4160e-05 -1.4809e-05 -1.5464e-05 -1.6124e-05 -1.6790e-05 -1.7461e-05 -1.8135e-05 -1.8813e-05 -1.9493e-05 -2.0174e-05 -2.0857e-05 -2.1540e-05 -2.2223e-05 -2.2904e-05 -2.3583e-05 -2.4258e-05 -2.4929e-05 -2.5595e-05 -2.6255e-05 -2.6908e-05 -2.7552e-05 -2.8187e-05 -2.8812e-05 -2.9424e-05 -3.0025e-05 -3.0611e-05 -3.1182e-05 -3.1737e-05 -3.2274e-05 -3.2792e-05 -3.3291e-05 -3.3768e-05 -3.4223e-05 -3.4654e-05 -3.5061e-05 -3.5441e-05 -3.5795e-05 -3.6120e-05 -3.6416e-05 -3.6681e-05 -3.6915e-05 -3.7117e-05 -3.7286e-05 -3.7420e-05 -3.7519e-05 -3.7583e-05 -3.7611e-05 -3.7602e-05 -3.7556e-05 -3.7472e-05 -3.7351e-05 -3.7192e-05 -3.6994e-05 -3.6759e-05 -3.6486e-05 -3.6176e-05 -3.5828e-05 -3.5445e-05 -3.5025e-05 -3.4570e-05 -3.4081e-05 -3.3559e-05 -3.3005e-05 -3.2420e-05 -3.1806e-05 -3.1164e-05 -3.0496e-05 -2.9802e-05 -2.9086e-05 7.9049e-08 2.2358e-07 4.1075e-07 6.3239e-07 8.8379e-07 1.1618e-06 1.4640e-06 1.7886e-06 2.1342e-06 0.0000e+00 2.8835e-06 3.2853e-06 3.7041e-06 4.1393e-06 4.5900e-06 5.0558e-06 5.5361e-06 6.0304e-06 6.5382e-06 7.0591e-06 7.5924e-06 8.1379e-06 8.6951e-06 9.2634e-06 9.8426e-06 1.0432e-05 1.1031e-05 1.1640e-05 1.2258e-05 1.2884e-05 1.3518e-05 1.4160e-05 1.4809e-05 1.5464e-05 1.6124e-05 1.6790e-05 1.7461e-05 1.8135e-05 1.8812e-05 1.9493e-05 2.0174e-05 2.0857e-05 2.1540e-05 2.2223e-05 2.2904e-05 2.3582e-05 2.4258e-05 2.4929e-05 2.5595e-05 2.6255e-05 2.6907e-05 2.7552e-05 2.8187e-05 2.8811e-05 2.9424e-05 3.0024e-05 3.0610e-05 3.1181e-05 3.1736e-05 3.2273e-05 3.2791e-05 3.3290e-05 3.3767e-05 3.4222e-05 3.4653e-05 3.5060e-05 3.5440e-05 3.5793e-05 3.6118e-05 3.6414e-05 3.6679e-05 3.6913e-05 3.7115e-05 3.7283e-05 3.7418e-05 3.7517e-05 3.7581e-05 3.7608e-05 3.7599e-05 3.7553e-05 3.7469e-05 3.7348e-05 3.7188e-05 3.6991e-05 3.6755e-05 3.6482e-05 3.6172e-05 3.5824e-05 3.5440e-05 3.5020e-05 3.4565e-05 3.4076e-05 3.3554e-05 3.3000e-05 3.2415e-05 3.1801e-05 3.1158e-05 3.0490e-05 2.9797e-05 2.9081e-05
-9.1194e-08 -2.5794e-07 -4.7386e-07 -7.2955e-07 -1.0196e-06 -1.3403e-06 -1.6889e-06 -2.0634e-06 -2.4621e-06 -2.8835e-06 1.4932e-04 -3.7901e-06 -4.2732e-06 -4.7752e-06 -5.2952e-06 -5.8326e-06 -6.3867e-06 -6.9569e-06 -7.5428e-06 -8.1436e-06 -8.7589e-06 -9.3882e-06 -1.0031e-05 -1.0687e-05 -1.1355e-05 -1.2035e-05 -1.2726e-05 -1.3429e-05 -1.4141e-05 -1.4864e-05 -1.5595e-05 -1.6336e-05 -1.7084e-05 -1.7839e-05 -1.8602e-05 -1.9370e-05 -2.0143e-05 -2.0921e-05 -2.1703e-05 -2.2487e-05 -2.3274e-05 -2.4062e-05 -2.4850e-05 -2.5637e-05 -2.6423e-05 -2.7206e-05 -2.7985e-05 -2.8759e-05 -2.9528e-05 -3.0289e-05 -3.1042e-05 -3.1785e-05 -3.2518e-05 -3.3238e-05 -3.3945e-05 -3.4638e-05 -3.5314e-05 -3.5973e-05 -3.6613e-05 -3.7233e-05 -3.7831e-05 -3.8406e-05 -3.8957e-05 -3.9482e-05 -3.9979e-05 -4.0448e-05 -4.0887e-05 -4.1295e-05 -4.1670e-05 -4.2012e-05 -4.2318e-05 -4.2588e-05 -4.2821e-05 -4.3015e-05 -4.3170e-05 -4.3285e-05 -4.3359e-05 -4.3391e-05 -4.3381e-05 -4.3328e-05 -4.3231e-05 -4.3091e-05 -4.2908e-05 -4.2680e-05 -4.2409e-05 -4.2094e-05 -4.1736e-05 -4.1335e-05 -4.0893e-05 -4.0408e-05 -3.9884e-05 -3.9320e-05 -3.8718e-05 -3.8079e-05 -3.7404e-05 -3.6696e-05 -3.5955e-05 -3.5184e-05 -3.4384e-05 -3.3558e-05 9.1194e-08 2.5794e-07 4.7386e-07 7.2955e-07 1.0196e-06 1.3403e-06 1.6889e-06 2.0634e-06 2.4621e-06 2.8835e-06 0.0000e+00 3.7901e-06 4.2732e-06 4.7752e-06 5.2952e-06 5.8326e-06 6.3867e-06 6.9569e-06 7.5428e-06 8.1436e-06 8.7589e-06 9.3882e-06 1.0031e-05 1.0687e-05 1.1355e-05 1.2035e-05 1.2726e-05 1.3429e-05 1.4141e-05 1.4864e-05 1.5595e-05 1.6336e-05 1.7084e-05 1.7839e-05 1.8602e-05 1.9370e-05 2.0143e-05 2.0921e-05 2.1703e-05 2.2487e-05 2.3274e-05 2.4062e-05 2.4850e-05 2.5637e-05 2.6423e-05 2.7206e-05 2.7985e-05 2.8759e-05 2.9527e-05 3.0288e-05 3.1041e-05 3.1785e-05 3.2517e-05 3.3237e-05 3.3944e-05 3.4637e-05 3.5313e-05 3.5972e-05 3.6612e-05 3.7231e-05 3.7829e-05 3.8404e-05 3.8955e-05 3.9480e-05 3.9977e-05 4.0446e-05 4.0885e-05 4.1292e-05 4.1667e-05 4.2009e-05 4.2315e-05 4.2585e-05 4.2817e-05 4.3011e-05 4.3166e-05 4.3281e-05 4.3354e-05 4.3386e-05 4.3376e-05 4.3322e-05 4.3226e-05 4.3086e-05 4.2902e-05 4.2674e-05 4.2402e-05 4.2087e-05 4.1729e-05 4.1328e-05 4.0885e-05 4.0401e-05 3.9876e-05 3.9312e-05 3.8709e-05 3.8070e-05 3.7395e-05 3.6686e-05 3.5946e-05 3.5174e-05 3.4375e-05 3.3548e-05
-1.0390e-07 -2.9388e-07 -5.3989e-07 -8.3121e-07 -1.1616e-06 -1.5270e-06 -1.9242e-06 -2.3509e-06 -2.8052e-06 -3.2853e-06 -3.7901e-06 2.1149e-04 -4.8687e-06 -5.4406e-06 -6.0331e-06 -6.6453e-06 -7.2767e-06 -7.9264e-06 -8.5938e-06 -9.2784e-06 -9.9794e-06 -1.0696e-05 -1.1429e-05 -1.2176e-05 -1.2937e-05 -1.3712e-05 -1.4500e-05 -1.5300e-05 -1.6112e-05 -1.6935e-05 -1.7769e-05 -1.8612e-05 -1.9465e-05 -2.0325e-05 -2.1194e-05 -2.2069e-05 -2.2950e-05 -2.3837e-05 -2.4727e-05 -2.5621e-05 -2.6517e-05 -2.7415e-05 -2.8313e-05 -2.9210e-05 -3.0105e-05 -3.0997e-05 -3.1885e-05 -3.2767e-05 -3.3643e-05 -3.4510e-05 -3.5368e-05 -3.6215e-05 -3.7049e-05 -3.7870e-05 -3.8676e-05 -3.9465e-05 -4.0235e-05 -4.0986e-05 -4.1715e-05 -4.2422e-05 -4.3103e-05 -4.3759e-05 -4.4386e-05 -4.4984e-05 -4.5551e-05 -4.6086e-05 -4.6586e-05 -4.7051e-05 -4.7478e-05 -4.7867e-05 -4.8216e-05 -4.8524e-05 -4.8789e-05 -4.9011e-05 -4.9188e-05 -4.9319e-05 -4.9403e-05 -4.9440e-05 -4.9428e-05 -4.9368e-05 -4.9258e-05 -4.9099e-05 -4.8889e-05 -4.8630e-05 -4.8321e-05 -4.7963e-05 -4.7555e-05 -4.7099e-05 -4.6594e-05 -4.6043e-05 -4.5445e-05 -4.4803e-05 -4.4117e-05 -4.3389e-05 -4.2620e-05 -4.1813e-05 -4.0970e-05 -4.0091e-05 -3.9180e-05 -3.8239e-05 1.0390e-07 2.9388e-07 5.3989e-07 8.3121e-07 1.1616e-06 1.5270e-06 1.9242e-06 2.3509e-06 2.8052e-06 3.2853e-06 3.7901e-06 0.0000e+00 4.8687e-06 5.4406e-06 6.0331e-06 6.6453e-06 7.2767e-06 7.9264e-06 8.5938e-06 9.2784e-06 9.9794e-06 1.0696e-05 1.1429e-05 1.2176e-05 1.2937e-05 1.3712e-05 1.4500e-05 1.5300e-05 1.6112e-05 1.6935e-05 1.7769e-05 1.8612e-05 1.9464e-05 2.0325e-05 2.1194e-05 2.2069e-05 2.2950e-05 2.3836e-05 2.4727e-05 2.5621e-05 2.6517e-05 2.7415e-05 2.8312e-05 2.9209e-05 3.0105e-05 3.0997e-05 3.1884e-05 3.2766e-05 3.3642e-05 3.4509e-05 3.5367e-05 3.6214e-05 3.7048e-05 3.7869e-05 3.8675e-05 3.9463e-05 4.0234e-05 4.0984e-05 4.1713e-05 4.2419e-05 4.3101e-05 4.3756e-05 4.4383e-05 4.4981e-05 4.5548e-05 4.6082e-05 4.6582e-05 4.7046e-05 4.7474e-05 4.7862e-05 4.8211e-05 4.8519e-05 4.8784e-05 4.9005e-05 4.9181e-05 4.9312e-05 4.9396e-05 4.9432e-05 4.9420e-05 4.9359e-05 4.9249e-05 4.9090e-05 4.8880e-05 4.8620e-05 4.8311e-05 4.7952e-05 4.7544e-05 4.7087e-05 4.6582e-05 4.6030e-05 4.5433e-05 4.4790e-05 4.4103e-05 4.3375e-05 4.2606e-05 4.1799e-05 4.0955e-05 4.0076e-05 3.9165e-05 3.8223e-05
-1.1715e-07 -3.3134e-07 -6.0871e-07 -9.3717e-07 -1.3097e-06 -1.7217e-06 -2.1695e-06 -2.6506e-06 -3.1628e-06 -3.7041e-06 -4.2732e-06 -4.8687e-06 2.9129e-04 -6.1342e-06 -6.8022e-06 -7.4925e-06 -8.2043e-06 -8.9368e-06 -9.6894e-06 -1.0461e-05 -1.1252e-05 -1.2060e-05 -1.2886e-05 -1.3728e-05 -1.4586e-05 -1.5460e-05 -1.6348e-05 -1.7250e-05 -1.8166e-05 -1.9094e-05 -2.0034e-05 -2.0985e-05 -2.1946e-05 -2.2917e-05 -2.3896e-05 -2.4883e-05 -2.5876e-05 -2.6875e-05 -2.7880e-05 -2.8887e-05 -2.9898e-05 -3.0910e-05 -3.1922e-05 -3.2934e-05 -3.3943e-05 -3.4949e-05 -3.5950e-05 -3.6945e-05 -3.7932e-05 -3.8910e-05 -3.9877e-05 -4.0832e-05 -4.1773e-05 -4.2699e-05 -4.3607e-05 -4.4497e-05 -4.5365e-05 -4.6212e-05 -4.7034e-05 -4.7831e-05 -4.8599e-05 -4.9338e-05 -5.0046e-05 -5.0720e-05 -5.1360e-05 -5.1962e-05 -5.2526e-05 -5.3050e-05 -5.3533e-05 -5.3971e-05 -5.4365e-05 -5.4712e-05 -5.5012e-05 -5.5262e-05 -5.5461e-05 -5.5609e-05 -5.5704e-05 -5.5746e-05 -5.5733e-05 -5.5665e-05 -5.5541e-05 -5.5362e-05 -5.5126e-05 -5.4834e-05 -5.4486e-05 -5.4082e-05 -5.3622e-05 -5.3108e-05 -5.2539e-05 -5.1918e-05 -5.1244e-05 -5.0520e-05 -4.9747e-05 -4.8926e-05 -4.8060e-05 -4.7150e-05 -4.6199e-05 -4.5208e-05 -4.4182e-05 -4.3121e-05 1.1715e-07 3.3134e-07 6.0871e-07 9.3717e-07 1.3097e-06 1.7217e-06 2.1695e-06 2.6506e-06 3.1628e-06 3.7041e-06 4.2732e-06 4.8687e-06 0.0000e+00 6.1342e-06 6.8022e-06 7.4925e-06 8.2043e-06 8.9368e-06 9.6894e-06 1.0461e-05 1.1252e-05 1.2060e-05 1.2886e-05 1.3728e-05 1.4586e-05 1.5460e-05 1.6348e-05 1.7250e-05 1.8166e-05 1.9094e-05 2.0034e-05 2.0985e-05 2.1946e-05 2.2916e-05 2.3895e-05 2.4882e-05 2.5876e-05 2.6875e-05 2.7879e-05 2.8887e-05 2.9897e-05 3.0909e-05 3.1922e-05 3.2933e-05 3.3942e-05 3.4948e-05 3.5949e-05 3.6944e-05 3.7931e-05 3.8908e-05 3.9875e-05 4.0830e-05 4.1771e-05 4.2697e-05 4.3605e-05 4.4494e-05 4.5363e-05 4.6209e-05 4.7031e-05 4.7827e-05 4.8595e-05 4.9334e-05 5.0041e-05 5.0715e-05 5.1354e-05 5.1957e-05 5.2520e-05 5.3044e-05 5.3526e-05 5.3964e-05 5.4357e-05 5.4704e-05 5.5003e-05 5.5252e-05 5.5451e-05 5.5598e-05 5.5693e-05 5.5734e-05 5.5720e-05 5.5652e-05 5.5528e-05 5.5347e-05 5.5111e-05 5.4818e-05 5.4470e-05 5.4065e-05 5.3605e-05 5.3090e-05 5.2521e-05 5.1898e-05 5.1224e-05 5.0500e-05 4.9726e-05 4.8904e-05 4.8038e-05 4.7127e-05 4.6175e-05 4.5185e-05 4.4157e-05 4.3096e-05
-1.3091e-07 -3.7026e-07 -6.8022e-07 -1.0473e-06 -1.4636e-06 -1.9239e-06 -2.4244e-06 -2.9620e-06 -3.5343e-06 -4.1393e-06 -4.7752e-06 -5.4406e-06 -6.1342e-06 3.9180e-04 -7.6012e-06 -8.3726e-06 -9.1680e-06 -9.9866e-06 -1.0828e-05 -1.1690e-05 -1.2573e-05 -1.3477e-05 -1.4399e-05 -1.5341e-05 -1.6300e-05 -1.7276e-05 -1.8269e-05 -1.9277e-05 -2.0300e-05 -2.1337e-05 -2.2387e-05 -2.3450e-05 -2.4524e-05 -2.5609e-05 -2.6703e-05 -2.7805e-05 -2.8916e-05 -3.0033e-05 -3.1155e-05 -3.2281e-05 -3.3410e-05 -3.4541e-05 -3.5672e-05 -3.6803e-05 -3.7931e-05 -3.9055e-05 -4.0173e-05 -4.1285e-05 -4.2388e-05 -4.3481e-05 -4.4562e-05 -4.5629e-05 -4.6681e-05 -4.7715e-05 -4.8730e-05 -4.9724e-05 -5.0695e-05 -5.1641e-05 -5.2560e-05 -5.3450e-05 -5.4309e-05 -5.5135e-05 -5.5926e-05 -5.6680e-05 -5.7395e-05 -5.8068e-05 -5.8699e-05 -5.9285e-05 -5.9824e-05 -6.0314e-05 -6.0754e-05 -6.1142e-05 -6.1477e-05 -6.1757e-05 -6.1980e-05 -6.2145e-05 -6.2252e-05 -6.2298e-05 -6.2284e-05 -6.2209e-05 -6.2071e-05 -6.1870e-05 -6.1607e-05 -6.1281e-05 -6.0892e-05 -6.0441e-05 -5.9928e-05 -5.9353e-05 -5.8718e-05 -5.8024e-05 -5.7272e-05 -5.6463e-05 -5.5599e-05 -5.4682e-05 -5.3714e-05 -5.2697e-05 -5.1635e-05 -5.0528e-05 -4.9381e-05 -4.8195e-05 1.3091e-07 3.7026e-07 6.8022e-07 1.0473e-06 1.4636e-06 1.9239e-06 2.4244e-06 2.9620e-06 3.5343e-06 4.1393e-06 4.7752e-06 5.4406e-06 6.1342e-06 0.0000e+00 7.6012e-06 8.3726e-06 9.1680e-06 9.9866e-06 1.0828e-05 1.1690e-05 1.2573e-05 1.3477e-05 1.4399e-05 1.5341e-05 1.6300e-05 1.7276e-05 1.8268e-05 1.9277e-05 2.0300e-05 2.1337e-05 2.2387e-05 2.3450e-05 2.4524e-05 2.5608e-05 2.6702e-05 2.7805e-05 2.8915e-05 3.0032e-05 3.1154e-05 3.2280e-05 3.3409e-05 3.4540e-05 3.5671e-05 3.6802e-05 3.7929e-05 3.9053e-05 4.0172e-05 4.1283e-05 4.2386e-05 4.3479e-05 4.4559e-05 4.5626e-05 4.6678e-05 4.7712e-05 4.8727e-05 4.9721e-05 5.0691e-05 5.1637e-05 5.2556e-05 5.3445e-05 5.4304e-05 5.5129e-05 5.5919e-05 5.6673e-05 5.7387e-05 5.8060e-05 5.8690e-05 5.9275e-05 5.9813e-05 6.0303e-05 6.0742e-05 6.1130e-05 6.1464e-05 6.1742e-05 6.1965e-05 6.2129e-05 6.2235e-05 6.2281e-05 6.2266e-05 6.2189e-05 6.2050e-05 6.1849e-05 6.1585e-05 6.1258e-05 6.0868e-05 6.0416e-05 5.9902e-05 5.9326e-05 5.8690e-05 5.7995e-05 5.7241e-05 5.6431e-05 5.5567e-05 5.4649e-05 5.3680e-05 5.2663e-05 5.1599e-05 5.0492e-05 4.9344e-05 4.8158e-05
-1.4516e-07 -4.1058e-07 -7.5429e-07 -1.1613e-06 -1.6230e-06 -2.1334e-06 -2.6884e-06 -3.2845e-06 -3.9192e-06 -4.5900e-06 -5.2952e-06 -6.0331e-06 -6.8022e-06 -7.6012e-06 5.1632e-04 -9.2844e-06 -1.0166e-05 -1.1074e-05 -1.2007e-05 -1.2963e-05 -1.3943e-05 -1.4944e-05 -1.5967e-05 -1.7011e-05 -1.8075e-05 -1.9157e-05 -2.0258e-05 -2.1376e-05 -2.2511e-05 -2.3661e-05 -2.4825e-05 -2.6004e-05 -2.7195e-05 -2.8397e-05 -2.9611e-05 -3.0834e-05 -3.2065e-05 -3.3303e-05 -3.4548e-05 -3.5796e-05 -3.7049e-05 -3.8303e-05 -3.9557e-05 -4.0811e-05 -4.2062e-05 -4.3308e-05 -4.4549e-05 -4.5781e-05 -4.7005e-05 -4.8217e-05 -4.9415e-05 -5.0599e-05 -5.1765e-05 -5.2912e-05 -5.4038e-05 -5.5141e-05 -5.6218e-05 -5.7267e-05 -5.8286e-05 -5.9273e-05 -6.0226e-05 -6.1142e-05 -6.2019e-05 -6.2855e-05 -6.3647e-05 -6.4395e-05 -6.5094e-05 -6.5744e-05 -6.6342e-05 -6.6886e-05 -6.7374e-05 -6.7805e-05 -6.8176e-05 -6.8487e-05 -6.8734e-05 -6.8918e-05 -6.9037e-05 -6.9089e-05 -6.9073e-05 -6.8990e-05 -6.8837e-05 -6.8616e-05 -6.8324e-05 -6.7963e-05 -6.7532e-05 -6.7032e-05 -6.6463e-05 -6.5826e-05 -6.5123e-05 -6.4353e-05 -6.3519e-05 -6.2622e-05 -6.1665e-05 -6.0648e-05 -5.9575e-05 -5.8448e-05 -5.7270e-05 -5.6043e-05 -5.4771e-05 -5.3457e-05 1.4516e-07 4.1058e-07 7.5429e-07 1.1613e-06 1.6230e-06 2.1334e-06 2.6884e-06 3.2845e-06 3.9192e-06 4.5900e-06 5.2952e-06 6.0331e-06 6.8022e-06 7.6012e-06 0.0000e+00 9.2844e-06 1.0166e-05 1.1074e-05 1.2007e-05 1.2963e-05 1.3943e-05 1.4944e-05 1.5967e-05 1.7011e-05 1.8075e-05 1.9157e-05 2.0258e-05 2.1376e-05 2.2510e-05 2.3660e-05 2.4825e-05 2.6003e-05 2.7194e-05 2.8397e-05 2.9610e-05 3.0833e-05 3.2064e-05 3.3302e-05 3.4547e-05 3.5796e-05 3.7048e-05 3.8302e-05 3.9556e-05 4.0809e-05 4.2060e-05 4.3306e-05 4.4546e-05 4.5779e-05 4.7002e-05 4.8213e-05 4.9412e-05 5.0595e-05 5.1761e-05 5.2908e-05 5.4033e-05 5.5135e-05 5.6212e-05 5.7260e-05 5.8279e-05 5.9265e-05 6.0217e-05 6.1132e-05 6.2009e-05 6.2844e-05 6.3636e-05 6.4382e-05 6.5081e-05 6.5730e-05 6.6327e-05 6.6870e-05 6.7357e-05 6.7787e-05 6.8157e-05 6.8466e-05 6.8712e-05 6.8895e-05 6.9012e-05 6.9063e-05 6.9046e-05 6.8961e-05 6.8807e-05 6.8584e-05 6.8291e-05 6.7929e-05 6.7496e-05 6.6995e-05 6.6425e-05 6.5786e-05 6.5081e-05 6.4310e-05 6.3475e-05 6.2577e-05 6.1618e-05 6.0600e-05 5.9526e-05 5.8398e-05 5.7219e-05 5.5991e-05 5.4718e-05 5.3403e-05
-1.5990e-07 -4.5225e-07 -8.3084e-07 -1.2792e-06 -1.7877e-06 -2.3499e-06 -2.9612e-06 -3.6179e-06 -4.3169e-06 -5.0558e-06 -5.8326e-06 -6.6453e-06 -7.4925e-06 -8.3726e-06 -9.2844e-06 6.6840e-04 -1.1198e-05 -1.2198e-05 -1.3225e-05 -1.4279e-05 -1.5358e-05 -1.6461e-05 -1.7588e-05 -1.8738e-05 -1.9909e-05 -2.1102e-05 -2.2314e-05 -2.3545e-05 -2.4795e-05 -2.6062e-05 -2.7345e-05 -2.8643e-05 -2.9955e-05 -3.1279e-05 -3.2616e-05 -3.3963e-05 -3.5319e-05 -3.6683e-05 -3.8054e-05 -3.9430e-05 -4.0809e-05 -4.2190e-05 -4.3572e-05 -4.4953e-05 -4.6331e-05 -4.7704e-05 -4.9070e-05 -5.0428e-05 -5.1776e-05 -5.3111e-05 -5.4431e-05 -5.5735e-05 -5.7020e-05 -5.8284e-05 -5.9524e-05 -6.0738e-05 -6.1925e-05 -6.3080e-05 -6.4203e-05 -6.5291e-05 -6.6340e-05 -6.7349e-05 -6.8316e-05 -6.9237e-05 -7.0110e-05 -7.0934e-05 -7.1705e-05 -7.2421e-05 -7.3080e-05 -7.3679e-05 -7.4217e-05 -7.4692e-05 -7.5102e-05 -7.5444e-05 -7.5717e-05 -7.5920e-05 -7.6051e-05 -7.6109e-05 -7.6092e-05 -7.6000e-05 -7.5833e-05 -7.5589e-05 -7.5269e-05 -7.4871e-05 -7.4397e-05 -7.3847e-05 -7.3221e-05 -7.2520e-05 -7.1745e-05 -7.0898e-05 -6.9979e-05 -6.8992e-05 -6.7938e-05 -6.6818e-05 -6.5637e-05 -6.4396e-05 -6.3098e-05 -6.1748e-05 -6.0347e-05 -5.8899e-05 1.5990e-07 4.5225e-07 8.3084e-07 1.2792e-06 1.7877e-06 2.3499e-06 2.9612e-06 3.6179e-06 4.3169e-06 5.0558e-06 5.8326e-06 6.6453e-06 7.4925e-06 8.3726e-06 9.2844e-06 0.0000e+00 1.1198e-05 1.2198e-05 1.3225e-05 1.4279e-05 1.5357e-05 1.6461e-05 1.7588e-05 1.8737e-05 1.9909e-05 2.1101e-05 2.2314e-05 2.3545e-05 2.4795e-05 2.6062e-05 2.7344e-05 2.8642e-05 2.9954e-05 3.1279e-05 3.2615e-05 3.3962e-05 3.5318e-05 3.6682e-05 3.8053e-05 3.9428e-05 4.0807e-05 4.2189e-05 4.3570e-05 4.4951e-05 4.6328e-05 4.7701e-05 4.9067e-05 5.0425e-05 5.1772e-05 5.3106e-05 5.4426e-05 5.5730e-05 5.7014e-05 5.8277e-05 5.9517e-05 6.0730e-05 6.1916e-05 6.3071e-05 6.4193e-05 6.5280e-05 6.6328e-05 6.7336e-05 6.8302e-05 6.9222e-05 7.0094e-05 7.0916e-05 7.1686e-05 7.2400e-05 7.3058e-05 7.3656e-05 7.4193e-05 7.4666e-05 7.5074e-05 7.5414e-05 7.5686e-05 7.5887e-05 7.6016e-05 7.6072e-05 7.6053e-05 7.5960e-05 7.5790e-05 7.5544e-05 7.5222e-05 7.4822e-05 7.4346e-05 7.3794e-05 7.3166e-05 7.2463e-05 7.1686e-05 7.0837e-05 6.9917e-05 6.8927e-05 6.7871e-05 6.6750e-05 6.5567e-05 6.4324e-05 6.3025e-05 6.1673e-05 6.0271e-05 5.8822e-05
-1.7509e-07 -4.9522e-07 -9.0977e-07 -1.4007e-06 -1.9575e-06 -2.5732e-06 -3.2426e-06 -3.9616e-06 -4.7270e-06 -5.5361e-06 -6.3867e-06 -7.2767e-06 -8.2043e-06 -9.1680e-06 -1.0166e-05 -1.1198e-05 8.5182e-04 -1.3357e-05 -1.4482e-05 -1.5635e-05 -1.6817e-05 -1.8025e-05 -1.9259e-05 -2.0518e-05 -2.1801e-05 -2.3106e-05 -2.4434e-05 -2.5782e-05 -2.7151e-05 -2.8538e-05 -2.9943e-05 -3.1364e-05 -3.2800e-05 -3.4251e-05 -3.5715e-05 -3.7190e-05 -3.8675e-05 -4.0168e-05 -4.1669e-05 -4.3176e-05 -4.4686e-05 -4.6199e-05 -4.7712e-05 -4.9224e-05 -5.0733e-05 -5.2237e-05 -5.3733e-05 -5.5220e-05 -5.6696e-05 -5.8158e-05 -5.9604e-05 -6.1032e-05 -6.2439e-05 -6.3823e-05 -6.5181e-05 -6.6511e-05 -6.7810e-05 -6.9076e-05 -7.0306e-05 -7.1497e-05 -7.2646e-05 -7.3752e-05 -7.4810e-05 -7.5819e-05 -7.6776e-05 -7.7678e-05 -7.8522e-05 -7.9307e-05 -8.0029e-05 -8.0686e-05 -8.1276e-05 -8.1796e-05 -8.2245e-05 -8.2620e-05 -8.2920e-05 -8.3142e-05 -8.3286e-05 -8.3350e-05 -8.3333e-05 -8.3233e-05 -8.3050e-05 -8.2784e-05 -8.2433e-05 -8.1999e-05 -8.1480e-05 -8.0878e-05 -8.0193e-05 -7.9426e-05 -7.8579e-05 -7.7651e-05 -7.6647e-05 -7.5566e-05 -7.4412e-05 -7.3187e-05 -7.1894e-05 -7.0535e-05 -6.9115e-05 -6.7636e-05 -6.6103e-05 -6.4518e-05 1.7509e-07 4.9522e-07 9.0977e-07 1.4007e-06 1.9575e-06 2.5732e-06 3.2426e-06 3.9616e-06 4.7270e-06 5.5361e-06 6.3867e-06 7.2767e-06 8.2043e-06 9.1680e-06 1.0166e-05 1.1198e-05 0.0000e+00 1.3357e-05 1.4482e-05 1.5635e-05 1.6816e-05 1.8025e-05 1.9259e-05 2.0518e-05 2.1800e-05 2.3106e-05 2.4434e-05 2.5782e-05 2.7150e-05 2.8537e-05 2.9942e-05 3.1363e-05 3.2800e-05 3.4250e-05 3.5714e-05 3.7189e-05 3.8674e-05 4.0167e-05 4.1668e-05 4.3174e-05 4.4684e-05 4.6197e-05 4.7710e-05 4.9221e-05 5.0730e-05 5.2233e-05 5.3729e-05 5.5215e-05 5.6690e-05 5.8152e-05 5.9597e-05 6.1024e-05 6.2430e-05 6.3814e-05 6.5171e-05 6.6500e-05 6.7798e-05 6.9063e-05 7.0292e-05 7.1481e-05 7.2630e-05 7.3734e-05 7.4791e-05 7.5798e-05 7.6753e-05 7.7653e-05 7.8496e-05 7.9279e-05 7.9999e-05 8.0654e-05 8.1241e-05 8.1759e-05 8.2206e-05 8.2579e-05 8.2876e-05 8.3096e-05 8.3238e-05 8.3299e-05 8.3279e-05 8.3176e-05 8.2991e-05 8.2721e-05 8.2368e-05 8.1931e-05 8.1409e-05 8.0805e-05 8.0117e-05 7.9347e-05 7.8496e-05 7.7566e-05 7.6559e-05 7.5476e-05 7.4319e-05 7.3092e-05 7.1796e-05 7.0435e-05 6.9013e-05 6.7532e-05 6.5997e-05 6.4410e-05
