1.1989e-04 -3.4917e-04 -4.2236e-04 -4.7927e-04 -5.2396e-04 -5.5846e-04 -5.8399e-04 -6.0141e-04 -6.1145e-04 -6.1473e-04 -6.1188e-04 -6.0351e-04 -5.9023e-04 -5.7268e-04 -5.5147e-04 -5.2724e-04 -5.0058e-04 -4.7210e-04 -4.4233e-04 -4.1181e-04 -3.8102e-04 -3.5038e-04 -3.2027e-04 -2.9102e-04 -2.6289e-04 -2.3612e-04 -2.1086e-04 -1.8724e-04 -1.6533e-04 -1.4518e-04 -1.2678e-04 -1.1010e-04 -9.5096e-05 -8.1691e-05 -6.9796e-05 -5.9313e-05 -5.0134e-05 -4.2150e-05 -3.5249e-05 -2.9322e-05 -2.4262e-05 -1.9970e-05 -1.6351e-05 -1.3318e-05 -1.0790e-05 -8.6972e-06 -6.9735e-06 -5.5623e-06 -4.4137e-06 -3.4842e-06 -2.7362e-06 -2.1377e-06 -1.6615e-06 -1.2847e-06 -9.8831e-07 -7.5636e-07 -5.7589e-07 -4.3623e-07 -3.2875e-07 -2.4648e-07 -1.8386e-07 -1.3644e-07 -1.0074e-07 -7.4003e-08 -5.4084e-08 -3.9325e-08 -2.8449e-08 -2.0476e-08 -1.4662e-08 -1.0446e-08 -7.4048e-09 -5.2222e-09 -3.6643e-09 -2.5581e-09 -1.7769e-09 -1.2279e-09 -8.4430e-10 -5.7759e-10 -3.9314e-10 -2.6624e-10 -1.7939e-10 -1.2026e-10 -8.0215e-11 -5.3234e-11 -3.5150e-11 -2.3093e-11 -1.5095e-11 -9.8172e-12 -6.3527e-12 -4.0901e-12 -2.6201e-12 -1.6700e-12 -1.0590e-12 -6.6823e-13 -4.1952e-13 -2.6205e-13 -1.6287e-13 -1.0072e-13 -6.1969e-14 -3.7937e-14 0.0000e+00 -3.4917e-04 -4.2233e-04 -4.7922e-04 -5.2388e-04 -5.5833e-04 -5.8381e-04 -6.0117e-04 -6.1114e-04 -6.1435e-04 -6.1142e-04 -6.0297e-04 -5.8961e-04 -5.7198e-04 -5.5070e-04 -5.2640e-04 -4.9968e-04 -4.7114e-04 -4.4134e-04 -4.1079e-04 -3.7997e-04 -3.4932e-04 -3.1921e-04 -2.8997e-04 -2.6187e-04 -2.3513e-04 -2.0991e-04 -1.8633e-04 -1.6447e-04 -1.4437e-04 -1.2602e-04 -1.0940e-04 -9.4454e-05 -8.1106e-05 -6.9266e-05 -5.8837e-05 -4.9709e-05 -4.1774e-05 -3.4918e-05 -2.9032e-05 -2.4011e-05 -1.9753e-05 -1.6165e-05 -1.3159e-05 -1.0656e-05 -8.5839e-06 -6.8787e-06 -5.4836e-06 -4.3486e-06 -3.4307e-06 -2.6926e-06 -2.1023e-06 -1.6329e-06 -1.2618e-06 -9.7002e-07 -7.4187e-07 -5.6446e-07 -4.2728e-07 -3.2177e-07 -2.4108e-07 -1.7969e-07 -1.3326e-07 -9.8313e-08 -7.2163e-08 -5.2698e-08 -3.8288e-08 -2.7676e-08 -1.9903e-08 -1.4241e-08 -1.0137e-08 -7.1798e-09 -5.0592e-09 -3.5468e-09 -2.4739e-09 -1.7168e-09 -1.1854e-09 -8.1431e-10 -5.5656e-10 -3.7847e-10 -2.5606e-10 -1.7237e-10 -1.1544e-10 -7.6926e-11 -5.1001e-11 -3.3643e-11 -2.2080e-11 -1.4418e-11 -9.3675e-12 -6.0553e-12 -3.8946e-12 -2.4922e-12 -1.5868e-12 -1.0052e-12 -6.3356e-13 -3.9732e-13 -2.4791e-13 -1.5391e-13 -9.5066e-14 -5.8426e-14 -3.5727e-14
-3.4917e-04 4.7945e-04 -5.9299e-04 -6.7302e-04 -7.3597e-04 -7.8467e-04 -8.2084e-04 -8.4569e-04 -8.6021e-04 -8.6530e-04 -8.6179e-04 -8.5055e-04 -8.3242e-04 -8.0827e-04 -7.7897e-04 -7.4538e-04 -7.0835e-04 -6.6869e-04 -6.2718e-04 -5.8454e-04 -5.4145e-04 -4.9850e-04 -4.5623e-04 -4.1510e-04 -3.7549e-04 -3.3773e-04 -3.0204e-04 -2.6861e-04 -2.3756e-04 -2.0894e-04 -1.8276e-04 -1.5899e-04 -1.3757e-04 -1.1839e-04 -1.0134e-04 -8.6286e-05 -7.3078e-05 -6.1564e-05 -5.1592e-05 -4.3008e-05 -3.5664e-05 -2.9420e-05 -2.4143e-05 -1.9710e-05 -1.6007e-05 -1.2933e-05 -1.0396e-05 -8.3127e-06 -6.6130e-06 -5.2339e-06 -4.1212e-06 -3.2284e-06 -2.5161e-06 -1.9509e-06 -1.5050e-06 -1.1551e-06 -8.8205e-07 -6.7012e-07 -5.0652e-07 -3.8092e-07 -2.8502e-07 -2.1218e-07 -1.5715e-07 -1.1581e-07 -8.4912e-08 -6.1943e-08 -4.4959e-08 -3.2468e-08 -2.3329e-08 -1.6678e-08 -1.1863e-08 -8.3955e-09 -5.9118e-09 -4.1419e-09 -2.8873e-09 -2.0026e-09 -1.3820e-09 -9.4896e-10 -6.4833e-10 -4.4071e-10 -2.9808e-10 -2.0060e-10 -1.3432e-10 -8.9489e-11 -5.9323e-11 -3.9128e-11 -2.5679e-11 -1.6768e-11 -1.0894e-11 -7.0429e-12 -4.5302e-12 -2.8994e-12 -1.8464e-12 -1.1699e-12 -7.3759e-13 -4.6269e-13 -2.8880e-13 -1.7936e-13 -1.1083e-13 -6.8146e-14 -3.4917e-04 0.0000e+00 -5.9286e-04 -6.7276e-04 -7.3551e-04 -7.8396e-04 -8.1983e-04 -8.4434e-04 -8.5848e-04 -8.6314e-04 -8.5919e-04 -8.4750e-04 -8.2892e-04 -8.0433e-04 -7.7462e-04 -7.4065e-04 -7.0328e-04 -6.6333e-04 -6.2158e-04 -5.7876e-04 -5.3555e-04 -4.9255e-04 -4.5029e-04 -4.0922e-04 -3.6973e-04 -3.3213e-04 -2.9665e-04 -2.6347e-04 -2.3268e-04 -2.0436e-04 -1.7849e-04 -1.5504e-04 -1.3394e-04 -1.1508e-04 -9.8345e-05 -8.3592e-05 -7.0673e-05 -5.9431e-05 -4.9713e-05 -4.1364e-05 -3.4235e-05 -2.8186e-05 -2.3084e-05 -1.8807e-05 -1.5242e-05 -1.2289e-05 -9.8561e-06 -7.8640e-06 -6.2420e-06 -4.9290e-06 -3.8721e-06 -3.0261e-06 -2.3528e-06 -1.8199e-06 -1.4004e-06 -1.0721e-06 -8.1661e-07 -6.1879e-07 -4.6650e-07 -3.4989e-07 -2.6109e-07 -1.9384e-07 -1.4317e-07 -1.0521e-07 -7.6926e-08 -5.5957e-08 -4.0497e-08 -2.9160e-08 -2.0890e-08 -1.4890e-08 -1.0559e-08 -7.4502e-09 -5.2300e-09 -3.6529e-09 -2.5384e-09 -1.7551e-09 -1.2073e-09 -8.2634e-10 -5.6273e-10 -3.8127e-10 -2.5703e-10 -1.7240e-10 -1.1505e-10 -7.6393e-11 -5.0469e-11 -3.3175e-11 -2.1697e-11 -1.4119e-11 -9.1412e-12 -5.8888e-12 -3.7745e-12 -2.4071e-12 -1.5274e-12 -9.6433e-13 -6.0577e-13 -3.7862e-13 -2.3546e-13 -1.4570e-13 -8.9700e-14 -5.4948e-14
-4.2236e-04 -5.9299e-04 1.0784e-03 -8.1465e-04 -8.9122e-04 -9.5068e-04 -9.9511e-04 -1.0260e-03 -1.0444e-03 -1.0515e-03 -1.0483e-03 -1.0357e-03 -1.0148e-03 -9.8658e-04 -9.5209e-04 -9.1234e-04 -8.6833e-04 -8.2103e-04 -7.7136e-04 -7.2020e-04 -6.6835e-04 -6.1653e-04 -5.6540e-04 -5.1552e-04 -4.6735e-04 -4.2131e-04 -3.7768e-04 -3.3670e-04 -2.9852e-04 -2.6324e-04 -2.3087e-04 -2.0140e-04 -1.7475e-04 -1.5083e-04 -1.2949e-04 -1.1059e-04 -9.3951e-05 -7.9400e-05 -6.6754e-05 -5.5832e-05 -4.6455e-05 -3.8454e-05 -3.1667e-05 -2.5944e-05 -2.1147e-05 -1.7149e-05 -1.3836e-05 -1.1106e-05 -8.8689e-06 -7.0468e-06 -5.5706e-06 -4.3813e-06 -3.4286e-06 -2.6694e-06 -2.0679e-06 -1.5938e-06 -1.2222e-06 -9.3254e-07 -7.0794e-07 -5.3473e-07 -4.0187e-07 -3.0051e-07 -2.2358e-07 -1.6551e-07 -1.2191e-07 -8.9345e-08 -6.5151e-08 -4.7270e-08 -3.4125e-08 -2.4512e-08 -1.7519e-08 -1.2458e-08 -8.8150e-09 -6.2061e-09 -4.3475e-09 -3.0302e-09 -2.1016e-09 -1.4502e-09 -9.9573e-10 -6.8027e-10 -4.6243e-10 -3.1278e-10 -2.1050e-10 -1.4096e-10 -9.3921e-11 -6.2267e-11 -4.1075e-11 -2.6960e-11 -1.7608e-11 -1.1442e-11 -7.3983e-12 -4.7598e-12 -3.0470e-12 -1.9408e-12 -1.2301e-12 -7.7569e-13 -4.8673e-13 -3.0388e-13 -1.8878e-13 -1.1669e-13 -4.2233e-04 -5.9286e-04 0.0000e+00 -8.1392e-04 -8.8997e-04 -9.4876e-04 -9.9237e-04 -1.0223e-03 -1.0397e-03 -1.0456e-03 -1.0412e-03 -1.0274e-03 -1.0052e-03 -9.7584e-04 -9.4022e-04 -8.9942e-04 -8.5448e-04 -8.0638e-04 -7.5606e-04 -7.0441e-04 -6.5224e-04 -6.0026e-04 -5.4914e-04 -4.9942e-04 -4.5157e-04 -4.0597e-04 -3.6290e-04 -3.2258e-04 -2.8514e-04 -2.5065e-04 -2.1913e-04 -1.9053e-04 -1.6476e-04 -1.4171e-04 -1.2123e-04 -1.0316e-04 -8.7312e-05 -7.3509e-05 -6.1561e-05 -5.1284e-05 -4.2498e-05 -3.5034e-05 -2.8730e-05 -2.3437e-05 -1.9021e-05 -1.5356e-05 -1.2334e-05 -9.8550e-06 -7.8339e-06 -6.1953e-06 -4.8742e-06 -3.8152e-06 -2.9710e-06 -2.3018e-06 -1.7742e-06 -1.3605e-06 -1.0380e-06 -7.8793e-07 -5.9505e-07 -4.4710e-07 -3.3424e-07 -2.4859e-07 -1.8396e-07 -1.3544e-07 -9.9214e-08 -7.2310e-08 -5.2435e-08 -3.7831e-08 -2.7157e-08 -1.9396e-08 -1.3783e-08 -9.7452e-09 -6.8556e-09 -4.7985e-09 -3.3418e-09 -2.3156e-09 -1.5965e-09 -1.0951e-09 -7.4746e-10 -5.0760e-10 -3.4298e-10 -2.3059e-10 -1.5425e-10 -1.0267e-10 -6.7990e-11 -4.4800e-11 -2.9372e-11 -1.9161e-11 -1.2437e-11 -8.0321e-12 -5.1614e-12 -3.3001e-12 -2.0995e-12 -1.3290e-12 -8.3705e-13 -5.2457e-13 -3.2710e-13 -2.0295e-13 -1.2529e-13 -7.6961e-14
-4.7927e-04 -6.7302e-04 -8.1465e-04 1.9162e-03 -1.0129e-03 -1.0813e-03 -1.1327e-03 -1.1690e-03 -1.1913e-03 -1.2009e-03 -1.1988e-03 -1.1862e-03 -1.1641e-03 -1.1337e-03 -1.0961e-03 -1.0524e-03 -1.0037e-03 -9.5115e-04 -8.9568e-04 -8.3830e-04 -7.7992e-04 -7.2135e-04 -6.6335e-04 -6.0655e-04 -5.5151e-04 -4.9869e-04 -4.4846e-04 -4.0110e-04 -3.5681e-04 -3.1571e-04 -2.7787e-04 -2.4327e-04 -2.1187e-04 -1.8355e-04 -1.5819e-04 -1.3563e-04 -1.1569e-04 -9.8170e-05 -8.2877e-05 -6.9608e-05 -5.8166e-05 -4.8357e-05 -3.9998e-05 -3.2916e-05 -2.6951e-05 -2.1955e-05 -1.7795e-05 -1.4351e-05 -1.1515e-05 -9.1925e-06 -7.3018e-06 -5.7708e-06 -4.5380e-06 -3.5506e-06 -2.7641e-06 -2.1411e-06 -1.6502e-06 -1.2655e-06 -9.6557e-07 -7.3307e-07 -5.5377e-07 -4.1623e-07 -3.1129e-07 -2.3164e-07 -1.7151e-07 -1.2636e-07 -9.2626e-08 -6.7560e-08 -4.9031e-08 -3.5406e-08 -2.5440e-08 -1.8188e-08 -1.2938e-08 -9.1576e-09 -6.4495e-09 -4.5196e-09 -3.1513e-09 -2.1863e-09 -1.5093e-09 -1.0367e-09 -7.0852e-10 -4.8182e-10 -3.2602e-10 -2.1950e-10 -1.4704e-10 -9.8012e-11 -6.5004e-11 -4.2898e-11 -2.8168e-11 -1.8403e-11 -1.1964e-11 -7.7387e-12 -4.9807e-12 -3.1896e-12 -2.0324e-12 -1.2886e-12 -8.1291e-13 -5.1026e-13 -3.1869e-13 -1.9805e-13 -4.7922e-04 -6.7276e-04 -8.1392e-04 0.0000e+00 -1.0104e-03 -1.0774e-03 -1.1272e-03 -1.1616e-03 -1.1818e-03 -1.1890e-03 -1.1845e-03 -1.1694e-03 -1.1448e-03 -1.1120e-03 -1.0721e-03 -1.0263e-03 -9.7568e-04 -9.2145e-04 -8.6465e-04 -8.0626e-04 -7.4720e-04 -6.8831e-04 -6.3030e-04 -5.7381e-04 -5.1938e-04 -4.6744e-04 -4.1832e-04 -3.7228e-04 -3.2948e-04 -2.9000e-04 -2.5386e-04 -2.2102e-04 -1.9139e-04 -1.6485e-04 -1.4123e-04 -1.2036e-04 -1.0203e-04 -8.6035e-05 -7.2168e-05 -6.0220e-05 -4.9989e-05 -4.1280e-05 -3.3912e-05 -2.7715e-05 -2.2534e-05 -1.8227e-05 -1.4668e-05 -1.1743e-05 -9.3536e-06 -7.4121e-06 -5.8437e-06 -4.5837e-06 -3.5771e-06 -2.7774e-06 -2.1455e-06 -1.6490e-06 -1.2610e-06 -9.5941e-07 -7.2626e-07 -5.4699e-07 -4.0990e-07 -3.0562e-07 -2.2672e-07 -1.6734e-07 -1.2290e-07 -8.9803e-08 -6.5290e-08 -4.7230e-08 -3.3995e-08 -2.4346e-08 -1.7348e-08 -1.2300e-08 -8.6769e-09 -6.0905e-09 -4.2537e-09 -2.9560e-09 -2.0439e-09 -1.4062e-09 -9.6263e-10 -6.5569e-10 -4.4439e-10 -2.9968e-10 -2.0108e-10 -1.3425e-10 -8.9187e-11 -5.8954e-11 -3.8775e-11 -2.5376e-11 -1.6524e-11 -1.0707e-11 -6.9027e-12 -4.4281e-12 -2.8265e-12 -1.7952e-12 -1.1345e-12 -7.1341e-13 -4.4638e-13 -2.7791e-13 -1.7216e-13 -1.0612e-13
-5.2396e-04 -7.3597e-04 -8.9122e-04 -1.0129e-03 2.9922e-03 -1.1856e-03 -1.2434e-03 -1.2848e-03 -1.3112e-03 -1.3238e-03 -1.3238e-03 -1.3123e-03 -1.2905e-03 -1.2595e-03 -1.2206e-03 -1.1748e-03 -1.1234e-03 -1.0675e-03 -1.0081e-03 -9.4639e-04 -8.8325e-04 -8.1959e-04 -7.5624e-04 -6.9391e-04 -6.3322e-04 -5.7470e-04 -5.1879e-04 -4.6583e-04 -4.1606e-04 -3.6965e-04 -3.2671e-04 -2.8726e-04 -2.5127e-04 -2.1865e-04 -1.8930e-04 -1.6304e-04 -1.3972e-04 -1.1912e-04 -1.0104e-04 -8.5275e-05 -7.1606e-05 -5.9824e-05 -4.9729e-05 -4.1130e-05 -3.3846e-05 -2.7713e-05 -2.2578e-05 -1.8301e-05 -1.4761e-05 -1.1846e-05 -9.4588e-06 -7.5150e-06 -5.9408e-06 -4.6729e-06 -3.6573e-06 -2.8480e-06 -2.2068e-06 -1.7014e-06 -1.3052e-06 -9.9626e-07 -7.5664e-07 -5.7179e-07 -4.2994e-07 -3.2167e-07 -2.3946e-07 -1.7737e-07 -1.3073e-07 -9.5866e-08 -6.9951e-08 -5.0787e-08 -3.6688e-08 -2.6371e-08 -1.8861e-08 -1.3422e-08 -9.5038e-09 -6.6958e-09 -4.6938e-09 -3.2740e-09 -2.2723e-09 -1.5691e-09 -1.0782e-09 -7.3710e-10 -5.0142e-10 -3.3939e-10 -2.2857e-10 -1.5316e-10 -1.0212e-10 -6.7749e-11 -4.4721e-11 -2.9373e-11 -1.9195e-11 -1.2482e-11 -8.0756e-12 -5.1987e-12 -3.3299e-12 -2.1223e-12 -1.3458e-12 -8.4918e-13 -5.3313e-13 -3.3303e-13 -5.2388e-04 -7.3551e-04 -8.8997e-04 -1.0104e-03 0.0000e+00 -1.1789e-03 -1.2339e-03 -1.2721e-03 -1.2948e-03 -1.3035e-03 -1.2993e-03 -1.2835e-03 -1.2574e-03 -1.2223e-03 -1.1794e-03 -1.1299e-03 -1.0752e-03 -1.0165e-03 -9.5477e-04 -8.9126e-04 -8.2691e-04 -7.6263e-04 -6.9923e-04 -6.3739e-04 -5.7770e-04 -5.2065e-04 -4.6662e-04 -4.1589e-04 -3.6864e-04 -3.2499e-04 -2.8496e-04 -2.4852e-04 -2.1558e-04 -1.8602e-04 -1.5966e-04 -1.3632e-04 -1.1579e-04 -9.7831e-05 -8.2230e-05 -6.8760e-05 -5.7199e-05 -4.7337e-05 -3.8975e-05 -3.1925e-05 -2.6017e-05 -2.1094e-05 -1.7016e-05 -1.3656e-05 -1.0904e-05 -8.6627e-06 -6.8472e-06 -5.3849e-06 -4.2135e-06 -3.2803e-06 -2.5409e-06 -1.9583e-06 -1.5017e-06 -1.1458e-06 -8.6987e-07 -6.5707e-07 -4.9384e-07 -3.6931e-07 -2.7480e-07 -2.0345e-07 -1.4988e-07 -1.0986e-07 -8.0125e-08 -5.8147e-08 -4.1988e-08 -3.0168e-08 -2.1568e-08 -1.5342e-08 -1.0860e-08 -7.6484e-09 -5.3600e-09 -3.7376e-09 -2.5933e-09 -1.7905e-09 -1.2300e-09 -8.4079e-10 -5.7188e-10 -3.8705e-10 -2.6065e-10 -1.7466e-10 -1.1646e-10 -7.7267e-11 -5.1010e-11 -3.3508e-11 -2.1903e-11 -1.4246e-11 -9.2194e-12 -5.9370e-12 -3.8043e-12 -2.4257e-12 -1.5390e-12 -9.7155e-13 -6.1030e-13 -3.8148e-13 -2.3727e-13 -1.4684e-13
-5.5846e-04 -7.8467e-04 -9.5068e-04 -1.0813e-03 -1.1856e-03 4.3056e-03 -1.3317e-03 -1.3782e-03 -1.4089e-03 -1.4251e-03 -1.4281e-03 -1.4189e-03 -1.3988e-03 -1.3688e-03 -1.3302e-03 -1.2841e-03 -1.2317e-03 -1.1742e-03 -1.1126e-03 -1.0482e-03 -9.8187e-04 -9.1457e-04 -8.4719e-04 -7.8051e-04 -7.1520e-04 -6.5188e-04 -5.9102e-04 -5.3305e-04 -4.7826e-04 -4.2688e-04 -3.7907e-04 -3.3489e-04 -2.9435e-04 -2.5740e-04 -2.2395e-04 -1.9386e-04 -1.6696e-04 -1.4308e-04 -1.2199e-04 -1.0349e-04 -8.7355e-05 -7.3366e-05 -6.1309e-05 -5.0976e-05 -4.2173e-05 -3.4716e-05 -2.8434e-05 -2.3173e-05 -1.8791e-05 -1.5161e-05 -1.2172e-05 -9.7228e-06 -7.7278e-06 -6.1115e-06 -4.8090e-06 -3.7653e-06 -2.9333e-06 -2.2738e-06 -1.7537e-06 -1.3458e-06 -1.0277e-06 -7.8080e-07 -5.9026e-07 -4.4399e-07 -3.3229e-07 -2.4745e-07 -1.8335e-07 -1.3518e-07 -9.9161e-08 -7.2377e-08 -5.2563e-08 -3.7982e-08 -2.7308e-08 -1.9536e-08 -1.3906e-08 -9.8487e-09 -6.9403e-09 -4.8663e-09 -3.3950e-09 -2.3566e-09 -1.6277e-09 -1.1186e-09 -7.6486e-10 -5.2037e-10 -3.5226e-10 -2.3727e-10 -1.5901e-10 -1.0603e-10 -7.0351e-11 -4.6443e-11 -3.0506e-11 -1.9937e-11 -1.2965e-11 -8.3886e-12 -5.4005e-12 -3.4593e-12 -2.2048e-12 -1.3982e-12 -8.8222e-13 -5.5388e-13 -5.5833e-04 -7.8396e-04 -9.4876e-04 -1.0774e-03 -1.1789e-03 0.0000e+00 -1.3173e-03 -1.3587e-03 -1.3837e-03 -1.3939e-03 -1.3904e-03 -1.3746e-03 -1.3479e-03 -1.3114e-03 -1.2666e-03 -1.2148e-03 -1.1572e-03 -1.0953e-03 -1.0301e-03 -9.6283e-04 -8.9454e-04 -8.2619e-04 -7.5864e-04 -6.9262e-04 -6.2878e-04 -5.6765e-04 -5.0963e-04 -4.5504e-04 -4.0410e-04 -3.5693e-04 -3.1358e-04 -2.7404e-04 -2.3822e-04 -2.0600e-04 -1.7720e-04 -1.5164e-04 -1.2910e-04 -1.0933e-04 -9.2122e-05 -7.7222e-05 -6.4401e-05 -5.3435e-05 -4.4111e-05 -3.6229e-05 -2.9605e-05 -2.4070e-05 -1.9471e-05 -1.5671e-05 -1.2550e-05 -9.9995e-06 -7.9275e-06 -6.2535e-06 -4.9082e-06 -3.8331e-06 -2.9786e-06 -2.3030e-06 -1.7718e-06 -1.3563e-06 -1.0331e-06 -7.8298e-07 -5.9048e-07 -4.4309e-07 -3.3085e-07 -2.4581e-07 -1.8172e-07 -1.3368e-07 -9.7848e-08 -7.1267e-08 -5.1650e-08 -3.7248e-08 -2.6728e-08 -1.9085e-08 -1.3560e-08 -9.5868e-09 -6.7442e-09 -4.7211e-09 -3.2885e-09 -2.2793e-09 -1.5720e-09 -1.0788e-09 -7.3673e-10 -5.0062e-10 -3.3850e-10 -2.2775e-10 -1.5248e-10 -1.0158e-10 -6.7337e-11 -4.4417e-11 -2.9154e-11 -1.9041e-11 -1.2375e-11 -8.0029e-12 -5.1499e-12 -3.2976e-12 -2.1011e-12 -1.3321e-12 -8.4042e-13 -5.2759e-13 -3.2957e-13 -2.0485e-13
-5.8399e-04 -8.2084e-04 -9.9511e-04 -1.1327e-03 -1.2434e-03 -1.3317e-03 5.8552e-03 -1.4521e-03 -1.4874e-03 -1.5079e-03 -1.5147e-03 -1.5090e-03 -1.4917e-03 -1.4642e-03 -1.4274e-03 -1.3826e-03 -1.3309e-03 -1.2734e-03 -1.2113e-03 -1.1457e-03 -1.0777e-03 -1.0081e-03 -9.3788e-04 -8.6793e-04 -7.9896e-04 -7.3162e-04 -6.6649e-04 -6.0402e-04 -5.4461e-04 -4.8853e-04 -4.3600e-04 -3.8715e-04 -3.4204e-04 -3.0066e-04 -2.6296e-04 -2.2883e-04 -1.9813e-04 -1.7069e-04 -1.4631e-04 -1.2479e-04 -1.0590e-04 -8.9423e-05 -7.5130e-05 -6.2807e-05 -5.2243e-05 -4.3238e-05 -3.5606e-05 -2.9175e-05 -2.3786e-05 -1.9296e-05 -1.5574e-05 -1.2508e-05 -9.9951e-06 -7.9471e-06 -6.2871e-06 -4.9489e-06 -3.8760e-06 -3.0206e-06 -2.3421e-06 -1.8069e-06 -1.3871e-06 -1.0594e-06 -8.0511e-07 -6.0878e-07 -4.5802e-07 -3.4287e-07 -2.5538e-07 -1.8926e-07 -1.3955e-07 -1.0239e-07 -7.4742e-08 -5.4287e-08 -3.9233e-08 -2.8211e-08 -2.0183e-08 -1.4368e-08 -1.0177e-08 -7.1718e-09 -5.0289e-09 -3.5085e-09 -2.4356e-09 -1.6822e-09 -1.1561e-09 -7.9051e-10 -5.3782e-10 -3.6407e-10 -2.4522e-10 -1.6433e-10 -1.0958e-10 -7.2700e-11 -4.7991e-11 -3.1521e-11 -2.0600e-11 -1.3395e-11 -8.6662e-12 -5.5788e-12 -3.5732e-12 -2.2772e-12 -1.4440e-12 -9.1105e-13 -5.8381e-04 -8.1983e-04 -9.9237e-04 -1.1272e-03 -1.2339e-03 -1.3173e-03 0.0000e+00 -1.4243e-03 -1.4516e-03 -1.4633e-03 -1.4609e-03 -1.4457e-03 -1.4189e-03 -1.3820e-03 -1.3364e-03 -1.2833e-03 -1.2241e-03 -1.1602e-03 -1.0927e-03 -1.0229e-03 -9.5190e-04 -8.8065e-04 -8.1005e-04 -7.4091e-04 -6.7390e-04 -6.0957e-04 -5.4838e-04 -4.9066e-04 -4.3668e-04 -3.8656e-04 -3.4040e-04 -2.9818e-04 -2.5983e-04 -2.2524e-04 -1.9425e-04 -1.6666e-04 -1.4226e-04 -1.2081e-04 -1.0207e-04 -8.5807e-05 -7.1767e-05 -5.9721e-05 -4.9448e-05 -4.0736e-05 -3.3391e-05 -2.7233e-05 -2.2100e-05 -1.7845e-05 -1.4337e-05 -1.1462e-05 -9.1176e-06 -7.2167e-06 -5.6839e-06 -4.4544e-06 -3.4736e-06 -2.6954e-06 -2.0811e-06 -1.5989e-06 -1.2224e-06 -9.2992e-07 -7.0393e-07 -5.3023e-07 -3.9742e-07 -2.9641e-07 -2.1998e-07 -1.6246e-07 -1.1939e-07 -8.7300e-08 -6.3524e-08 -4.5995e-08 -3.3140e-08 -2.3760e-08 -1.6951e-08 -1.2034e-08 -8.5008e-09 -5.9756e-09 -4.1798e-09 -2.9094e-09 -2.0151e-09 -1.3888e-09 -9.5248e-10 -6.5002e-10 -4.4142e-10 -2.9829e-10 -2.0058e-10 -1.3421e-10 -8.9358e-11 -5.9203e-11 -3.9032e-11 -2.5606e-11 -1.6716e-11 -1.0858e-11 -7.0188e-12 -4.5145e-12 -2.8895e-12 -1.8403e-12 -1.1663e-12 -7.3549e-13 -4.6154e-13 -2.8820e-13
-6.0141e-04 -8.4569e-04 -1.0260e-03 -1.1690e-03 -1.2848e-03 -1.3782e-03 -1.4521e-03 7.6400e-03 -1.5487e-03 -1.5740e-03 -1.5855e-03 -1.5841e-03 -1.5710e-03 -1.5472e-03 -1.5137e-03 -1.4717e-03 -1.4222e-03 -1.3664e-03 -1.3053e-03 -1.2400e-03 -1.1716e-03 -1.1010e-03 -1.0292e-03 -9.5699e-04 -8.8526e-04 -8.1470e-04 -7.4592e-04 -6.7947e-04 -6.1581e-04 -5.5529e-04 -4.9819e-04 -4.4472e-04 -3.9499e-04 -3.4907e-04 -3.0693e-04 -2.6854e-04 -2.3377e-04 -2.0248e-04 -1.7451e-04 -1.4965e-04 -1.2768e-04 -1.0840e-04 -9.1567e-05 -7.6962e-05 -6.4362e-05 -5.3556e-05 -4.4340e-05 -3.6527e-05 -2.9939e-05 -2.4417e-05 -1.9813e-05 -1.5996e-05 -1.2850e-05 -1.0271e-05 -8.1686e-06 -6.4637e-06 -5.0890e-06 -3.9865e-06 -3.1072e-06 -2.4096e-06 -1.8593e-06 -1.4275e-06 -1.0904e-06 -8.2873e-07 -6.2670e-07 -4.7154e-07 -3.5300e-07 -2.6294e-07 -1.9487e-07 -1.4370e-07 -1.0543e-07 -7.6962e-08 -5.5900e-08 -4.0397e-08 -2.9047e-08 -2.0781e-08 -1.4793e-08 -1.0477e-08 -7.3832e-09 -5.1768e-09 -3.6115e-09 -2.5068e-09 -1.7313e-09 -1.1897e-09 -8.1343e-10 -5.5336e-10 -3.7456e-10 -2.5225e-10 -1.6903e-10 -1.1270e-10 -7.4761e-11 -4.9346e-11 -3.2407e-11 -2.1176e-11 -1.3768e-11 -8.9063e-12 -5.7326e-12 -3.6713e-12 -2.3394e-12 -1.4832e-12 -6.0117e-04 -8.4434e-04 -1.0223e-03 -1.1616e-03 -1.2721e-03 -1.3587e-03 -1.4243e-03 0.0000e+00 -1.5003e-03 -1.5138e-03 -1.5128e-03 -1.4986e-03 -1.4726e-03 -1.4361e-03 -1.3904e-03 -1.3371e-03 -1.2773e-03 -1.2126e-03 -1.1440e-03 -1.0728e-03 -1.0001e-03 -9.2703e-04 -8.5442e-04 -7.8311e-04 -7.1381e-04 -6.4711e-04 -5.8349e-04 -5.2332e-04 -4.6688e-04 -4.1434e-04 -3.6580e-04 -3.2128e-04 -2.8072e-04 -2.4403e-04 -2.1105e-04 -1.8160e-04 -1.5547e-04 -1.3243e-04 -1.1224e-04 -9.4649e-05 -7.9415e-05 -6.6302e-05 -5.5077e-05 -4.5526e-05 -3.7444e-05 -3.0645e-05 -2.4956e-05 -2.0222e-05 -1.6306e-05 -1.3083e-05 -1.0446e-05 -8.2987e-06 -6.5607e-06 -5.1611e-06 -4.0402e-06 -3.1471e-06 -2.4395e-06 -1.8816e-06 -1.4443e-06 -1.1031e-06 -8.3840e-07 -6.3409e-07 -4.7722e-07 -3.5740e-07 -2.6635e-07 -1.9753e-07 -1.4577e-07 -1.0704e-07 -7.8222e-08 -5.6881e-08 -4.1159e-08 -2.9637e-08 -2.1236e-08 -1.5142e-08 -1.0743e-08 -7.5853e-09 -5.3293e-09 -3.7259e-09 -2.5922e-09 -1.7946e-09 -1.2363e-09 -8.4752e-10 -5.7814e-10 -3.9245e-10 -2.6510e-10 -1.7819e-10 -1.1919e-10 -7.9329e-11 -5.2541e-11 -3.4628e-11 -2.2710e-11 -1.4821e-11 -9.6245e-12 -6.2194e-12 -3.9993e-12 -2.5590e-12 -1.6294e-12 -1.0324e-12 -6.5089e-13 -4.0835e-13
-6.1145e-04 -8.6021e-04 -1.0444e-03 -1.1913e-03 -1.3112e-03 -1.4089e-03 -1.4874e-03 -1.5487e-03 9.6584e-03 -1.6247e-03 -1.6415e-03 -1.6455e-03 -1.6376e-03 -1.6188e-03 -1.5900e-03 -1.5522e-03 -1.5064e-03 -1.4537e-03 -1.3950e-03 -1.3314e-03 -1.2640e-03 -1.1936e-03 -1.1213e-03 -1.0480e-03 -9.7441e-04 -9.0140e-04 -8.2964e-04 -7.5973e-04 -6.9221e-04 -6.2753e-04 -5.6603e-04 -5.0801e-04 -4.5364e-04 -4.0307e-04 -3.5634e-04 -3.1346e-04 -2.7435e-04 -2.3892e-04 -2.0703e-04 -1.7849e-04 -1.5311e-04 -1.3069e-04 -1.1099e-04 -9.3781e-05 -7.8846e-05 -6.5956e-05 -5.4896e-05 -4.5461e-05 -3.7458e-05 -3.0709e-05 -2.5049e-05 -2.0329e-05 -1.6416e-05 -1.3189e-05 -1.0543e-05 -8.3858e-06 -6.6361e-06 -5.2251e-06 -4.0934e-06 -3.1906e-06 -2.4744e-06 -1.9093e-06 -1.4658e-06 -1.1197e-06 -8.5099e-07 -6.4351e-07 -4.8416e-07 -3.6244e-07 -2.6995e-07 -2.0005e-07 -1.4751e-07 -1.0822e-07 -7.8990e-08 -5.7367e-08 -4.1454e-08 -2.9804e-08 -2.1320e-08 -1.5175e-08 -1.0746e-08 -7.5719e-09 -5.3084e-09 -3.7028e-09 -2.5699e-09 -1.7746e-09 -1.2193e-09 -8.3355e-10 -5.6697e-10 -3.8371e-10 -2.5838e-10 -1.7311e-10 -1.1540e-10 -7.6543e-11 -5.0514e-11 -3.3170e-11 -2.1671e-11 -1.4088e-11 -9.1118e-12 -5.8640e-12 -3.7549e-12 -2.3923e-12 -6.1114e-04 -8.5848e-04 -1.0397e-03 -1.1818e-03 -1.2948e-03 -1.3837e-03 -1.4516e-03 -1.5003e-03 0.0000e+00 -1.5470e-03 -1.5477e-03 -1.5350e-03 -1.5102e-03 -1.4748e-03 -1.4301e-03 -1.3774e-03 -1.3181e-03 -1.2535e-03 -1.1848e-03 -1.1132e-03 -1.0400e-03 -9.6604e-04 -8.9235e-04 -8.1977e-04 -7.4901e-04 -6.8070e-04 -6.1534e-04 -5.5334e-04 -4.9499e-04 -4.4051e-04 -3.9002e-04 -3.4355e-04 -3.0108e-04 -2.6252e-04 -2.2776e-04 -1.9660e-04 -1.6886e-04 -1.4431e-04 -1.2272e-04 -1.0384e-04 -8.7431e-05 -7.3251e-05 -6.1069e-05 -5.0662e-05 -4.1822e-05 -3.4355e-05 -2.8083e-05 -2.2843e-05 -1.8490e-05 -1.4894e-05 -1.1938e-05 -9.5220e-06 -7.5580e-06 -5.9697e-06 -4.6923e-06 -3.6701e-06 -2.8567e-06 -2.2127e-06 -1.7055e-06 -1.3081e-06 -9.9848e-07 -7.5841e-07 -5.7325e-07 -4.3118e-07 -3.2274e-07 -2.4039e-07 -1.7818e-07 -1.3143e-07 -9.6468e-08 -7.0462e-08 -5.1216e-08 -3.7045e-08 -2.6664e-08 -1.9098e-08 -1.3612e-08 -9.6548e-09 -6.8145e-09 -4.7862e-09 -3.3452e-09 -2.3266e-09 -1.6102e-09 -1.1090e-09 -7.6005e-10 -5.1835e-10 -3.5178e-10 -2.3756e-10 -1.5965e-10 -1.0676e-10 -7.1043e-11 -4.7043e-11 -3.0999e-11 -2.0326e-11 -1.3262e-11 -8.6112e-12 -5.5637e-12 -3.5770e-12 -2.2885e-12 -1.4569e-12 -9.2296e-13 -5.8182e-13
-6.1473e-04 -8.6530e-04 -1.0515e-03 -1.2009e-03 -1.3238e-03 -1.4251e-03 -1.5079e-03 -1.5740e-03 -1.6247e-03 1.1909e-02 -1.6838e-03 -1.6940e-03 -1.6923e-03 -1.6796e-03 -1.6567e-03 -1.6244e-03 -1.5836e-03 -1.5354e-03 -1.4805e-03 -1.4200e-03 -1.3548e-03 -1.2859e-03 -1.2143e-03 -1.1408e-03 -1.0663e-03 -9.9168e-04 -9.1762e-04 -8.4483e-04 -7.7391e-04 -7.0539e-04 -6.3971e-04 -5.7725e-04 -5.1827e-04 -4.6299e-04 -4.1153e-04 -3.6395e-04 -3.2026e-04 -2.8040e-04 -2.4427e-04 -2.1172e-04 -1.8259e-04 -1.5667e-04 -1.3375e-04 -1.1361e-04 -9.6020e-05 -8.0742e-05 -6.7552e-05 -5.6232e-05 -4.6572e-05 -3.8377e-05 -3.1465e-05 -2.5667e-05 -2.0832e-05 -1.6822e-05 -1.3516e-05 -1.0804e-05 -8.5932e-06 -6.8001e-06 -5.3540e-06 -4.1941e-06 -3.2689e-06 -2.5349e-06 -1.9559e-06 -1.5014e-06 -1.1468e-06 -8.7149e-07 -6.5894e-07 -4.9572e-07 -3.7104e-07 -2.7633e-07 -2.0475e-07 -1.5095e-07 -1.1073e-07 -8.0811e-08 -5.8681e-08 -4.2397e-08 -3.0477e-08 -2.1799e-08 -1.5513e-08 -1.0984e-08 -7.7383e-09 -5.4242e-09 -3.7830e-09 -2.6251e-09 -1.8125e-09 -1.2451e-09 -8.5106e-10 -5.7879e-10 -3.9165e-10 -2.6368e-10 -1.7664e-10 -1.1773e-10 -7.8077e-11 -5.1519e-11 -3.3824e-11 -2.2095e-11 -1.4361e-11 -9.2874e-12 -5.9761e-12 -3.8261e-12 -6.1435e-04 -8.6314e-04 -1.0456e-03 -1.1890e-03 -1.3035e-03 -1.3939e-03 -1.4633e-03 -1.5138e-03 -1.5470e-03 0.0000e+00 -1.5668e-03 -1.5560e-03 -1.5332e-03 -1.4995e-03 -1.4565e-03 -1.4053e-03 -1.3473e-03 -1.2837e-03 -1.2159e-03 -1.1450e-03 -1.0720e-03 -9.9814e-04 -9.2426e-04 -8.5123e-04 -7.7979e-04 -7.1059e-04 -6.4415e-04 -5.8091e-04 -5.2119e-04 -4.6523e-04 -4.1318e-04 -3.6510e-04 -3.2100e-04 -2.8082e-04 -2.4445e-04 -2.1174e-04 -1.8250e-04 -1.5652e-04 -1.3358e-04 -1.1345e-04 -9.5874e-05 -8.0627e-05 -6.7475e-05 -5.6192e-05 -4.6569e-05 -3.8406e-05 -3.1519e-05 -2.5742e-05 -2.0922e-05 -1.6921e-05 -1.3620e-05 -1.0909e-05 -8.6952e-06 -6.8971e-06 -5.4444e-06 -4.2768e-06 -3.3433e-06 -2.6009e-06 -2.0135e-06 -1.5512e-06 -1.1893e-06 -9.0734e-07 -6.8889e-07 -5.2049e-07 -3.9135e-07 -2.9282e-07 -2.1803e-07 -1.6155e-07 -1.1913e-07 -8.7412e-08 -6.3829e-08 -4.6382e-08 -3.3539e-08 -2.4135e-08 -1.7283e-08 -1.2316e-08 -8.7332e-09 -6.1627e-09 -4.3276e-09 -3.0241e-09 -2.1029e-09 -1.4552e-09 -1.0020e-09 -6.8664e-10 -4.6821e-10 -3.1771e-10 -2.1453e-10 -1.4415e-10 -9.6382e-11 -6.4130e-11 -4.2461e-11 -2.7976e-11 -1.8342e-11 -1.1967e-11 -7.7691e-12 -5.0192e-12 -3.2267e-12 -2.0642e-12 -1.3140e-12 -8.3235e-13
-6.1188e-04 -8.6179e-04 -1.0483e-03 -1.1988e-03 -1.3238e-03 -1.4281e-03 -1.5147e-03 -1.5855e-03 -1.6415e-03 -1.6838e-03 1.4390e-02 -1.7301e-03 -1.7355e-03 -1.7299e-03 -1.7139e-03 -1.6883e-03 -1.6538e-03 -1.6112e-03 -1.5614e-03 -1.5053e-03 -1.4436e-03 -1.3774e-03 -1.3076e-03 -1.2350e-03 -1.1606e-03 -1.0852e-03 -1.0096e-03 -9.3455e-04 -8.6074e-04 -7.8879e-04 -7.1922e-04 -6.5250e-04 -5.8899e-04 -5.2899e-04 -4.7272e-04 -4.2030e-04 -3.7181e-04 -3.2726e-04 -2.8659e-04 -2.4971e-04 -2.1648e-04 -1.8672e-04 -1.6023e-04 -1.3681e-04 -1.1622e-04 -9.8231e-05 -8.2605e-05 -6.9113e-05 -5.7532e-05 -4.7649e-05 -3.9264e-05 -3.2190e-05 -2.6258e-05 -2.1310e-05 -1.7207e-05 -1.3824e-05 -1.1050e-05 -8.7874e-06 -6.9530e-06 -5.4737e-06 -4.2873e-06 -3.3412e-06 -2.5906e-06 -1.9985e-06 -1.5340e-06 -1.1715e-06 -8.9011e-07 -6.7291e-07 -5.0615e-07 -3.7879e-07 -2.8205e-07 -2.0896e-07 -1.5403e-07 -1.1296e-07 -8.2430e-08 -5.9847e-08 -4.3232e-08 -3.1073e-08 -2.2221e-08 -1.5811e-08 -1.1193e-08 -7.8842e-09 -5.5256e-09 -3.8531e-09 -2.6733e-09 -1.8455e-09 -1.2676e-09 -8.6627e-10 -5.8904e-10 -3.9852e-10 -2.6827e-10 -1.7968e-10 -1.1974e-10 -7.9400e-11 -5.2384e-11 -3.4387e-11 -2.2460e-11 -1.4596e-11 -9.4379e-12 -6.0721e-12 -6.1142e-04 -8.5919e-04 -1.0412e-03 -1.1845e-03 -1.2993e-03 -1.3904e-03 -1.4609e-03 -1.5128e-03 -1.5477e-03 -1.5668e-03 0.0000e+00 -1.5629e-03 -1.5424e-03 -1.5112e-03 -1.4705e-03 -1.4215e-03 -1.3656e-03 -1.3040e-03 -1.2379e-03 -1.1684e-03 -1.0967e-03 -1.0237e-03 -9.5044e-04 -8.7775e-04 -8.0636e-04 -7.3695e-04 -6.7006e-04 -6.0614e-04 -5.4555e-04 -4.8855e-04 -4.3533e-04 -3.8598e-04 -3.4053e-04 -2.9896e-04 -2.6118e-04 -2.2705e-04 -1.9642e-04 -1.6910e-04 -1.4487e-04 -1.2351e-04 -1.0478e-04 -8.8471e-05 -7.4336e-05 -6.2158e-05 -5.1724e-05 -4.2833e-05 -3.5300e-05 -2.8951e-05 -2.3630e-05 -1.9194e-05 -1.5515e-05 -1.2481e-05 -9.9920e-06 -7.9607e-06 -6.3117e-06 -4.9802e-06 -3.9106e-06 -3.0559e-06 -2.3764e-06 -1.8391e-06 -1.4164e-06 -1.0856e-06 -8.2803e-07 -6.2851e-07 -4.7475e-07 -3.5687e-07 -2.6696e-07 -1.9874e-07 -1.4723e-07 -1.0854e-07 -7.9632e-08 -5.8138e-08 -4.2240e-08 -3.0540e-08 -2.1973e-08 -1.5733e-08 -1.1210e-08 -7.9480e-09 -5.6080e-09 -3.9376e-09 -2.7513e-09 -1.9130e-09 -1.3237e-09 -9.1139e-10 -6.2447e-10 -4.2579e-10 -2.8890e-10 -1.9506e-10 -1.3106e-10 -8.7626e-11 -5.8300e-11 -3.8599e-11 -2.5430e-11 -1.6672e-11 -1.0877e-11 -7.0611e-12 -4.5615e-12 -2.9324e-12 -1.8758e-12 -1.1940e-12
-6.0351e-04 -8.5055e-04 -1.0357e-03 -1.1862e-03 -1.3123e-03 -1.4189e-03 -1.5090e-03 -1.5841e-03 -1.6455e-03 -1.6940e-03 -1.7301e-03 1.7100e-02 -1.7676e-03 -1.7698e-03 -1.7617e-03 -1.7438e-03 -1.7166e-03 -1.6810e-03 -1.6374e-03 -1.5868e-03 -1.5299e-03 -1.4676e-03 -1.4007e-03 -1.3301e-03 -1.2567e-03 -1.1814e-03 -1.1051e-03 -1.0285e-03 -9.5236e-04 -8.7745e-04 -8.0437e-04 -7.3366e-04 -6.6578e-04 -6.0114e-04 -5.4003e-04 -4.8268e-04 -4.2924e-04 -3.7978e-04 -3.3431e-04 -2.9280e-04 -2.5514e-04 -2.2119e-04 -1.9079e-04 -1.6373e-04 -1.3980e-04 -1.1876e-04 -1.0037e-04 -8.4399e-05 -7.0609e-05 -5.8773e-05 -4.8672e-05 -4.0103e-05 -3.2874e-05 -2.6812e-05 -2.1757e-05 -1.7566e-05 -1.4110e-05 -1.1277e-05 -8.9665e-06 -7.0936e-06 -5.5835e-06 -4.3726e-06 -3.4070e-06 -2.6412e-06 -2.0372e-06 -1.5634e-06 -1.1937e-06 -9.0687e-07 -6.8546e-07 -5.1550e-07 -3.8572e-07 -2.8716e-07 -2.1270e-07 -1.5676e-07 -1.1495e-07 -8.3865e-08 -6.0878e-08 -4.3970e-08 -3.1597e-08 -2.2592e-08 -1.6072e-08 -1.1376e-08 -8.0121e-09 -5.6143e-09 -3.9144e-09 -2.7154e-09 -1.8742e-09 -1.2871e-09 -8.7951e-10 -5.9796e-10 -4.0450e-10 -2.7225e-10 -1.8232e-10 -1.2149e-10 -8.0545e-11 -5.3132e-11 -3.4874e-11 -2.2775e-11 -1.4799e-11 -9.5677e-12 -6.0297e-04 -8.4750e-04 -1.0274e-03 -1.1694e-03 -1.2835e-03 -1.3746e-03 -1.4457e-03 -1.4986e-03 -1.5350e-03 -1.5560e-03 -1.5629e-03 0.0000e+00 -1.5392e-03 -1.5108e-03 -1.4730e-03 -1.4269e-03 -1.3738e-03 -1.3149e-03 -1.2513e-03 -1.1840e-03 -1.1143e-03 -1.0430e-03 -9.7112e-04 -8.9948e-04 -8.2884e-04 -7.5986e-04 -6.9311e-04 -6.2905e-04 -5.6808e-04 -5.1048e-04 -4.5647e-04 -4.0618e-04 -3.5966e-04 -3.1693e-04 -2.7792e-04 -2.4254e-04 -2.1064e-04 -1.8205e-04 -1.5659e-04 -1.3404e-04 -1.1419e-04 -9.6808e-05 -8.1681e-05 -6.8588e-05 -5.7318e-05 -4.7670e-05 -3.9456e-05 -3.2501e-05 -2.6644e-05 -2.1737e-05 -1.7649e-05 -1.4262e-05 -1.1469e-05 -9.1785e-06 -7.3104e-06 -5.7945e-06 -4.5709e-06 -3.5883e-06 -2.8034e-06 -2.1796e-06 -1.6865e-06 -1.2986e-06 -9.9514e-07 -7.5890e-07 -5.7595e-07 -4.3499e-07 -3.2694e-07 -2.4454e-07 -1.8203e-07 -1.3483e-07 -9.9394e-08 -7.2914e-08 -5.3229e-08 -3.8670e-08 -2.7957e-08 -2.0113e-08 -1.4400e-08 -1.0259e-08 -7.2739e-09 -5.1321e-09 -3.6033e-09 -2.5176e-09 -1.7504e-09 -1.2111e-09 -8.3388e-10 -5.7134e-10 -3.8955e-10 -2.6430e-10 -1.7845e-10 -1.1989e-10 -8.0160e-11 -5.3332e-11 -3.5309e-11 -2.3262e-11 -1.5250e-11 -9.9491e-12 -6.4588e-12 -4.1724e-12 -2.6822e-12 -1.7158e-12
-5.9023e-04 -8.3242e-04 -1.0148e-03 -1.1641e-03 -1.2905e-03 -1.3988e-03 -1.4917e-03 -1.5710e-03 -1.6376e-03 -1.6923e-03 -1.7355e-03 -1.7676e-03 2.0037e-02 -1.7995e-03 -1.8000e-03 -1.7906e-03 -1.7718e-03 -1.7440e-03 -1.7078e-03 -1.6639e-03 -1.6128e-03 -1.5555e-03 -1.4926e-03 -1.4251e-03 -1.3538e-03 -1.2795e-03 -1.2033e-03 -1.1259e-03 -1.0482e-03 -9.7094e-04 -8.9480e-04 -8.2046e-04 -7.4849e-04 -6.7936e-04 -6.1349e-04 -5.5119e-04 -4.9269e-04 -4.3817e-04 -3.8769e-04 -3.4128e-04 -2.9890e-04 -2.6045e-04 -2.2579e-04 -1.9474e-04 -1.6711e-04 -1.4267e-04 -1.2118e-04 -1.0241e-04 -8.6100e-05 -7.2022e-05 -5.9940e-05 -4.9631e-05 -4.0886e-05 -3.3511e-05 -2.7327e-05 -2.2171e-05 -1.7897e-05 -1.4373e-05 -1.1485e-05 -9.1303e-06 -7.2218e-06 -5.6833e-06 -4.4500e-06 -3.4667e-06 -2.6870e-06 -2.0721e-06 -1.5899e-06 -1.2137e-06 -9.2189e-07 -6.9669e-07 -5.2385e-07 -3.9190e-07 -2.9171e-07 -2.1604e-07 -1.5919e-07 -1.1671e-07 -8.5135e-08 -6.1790e-08 -4.4621e-08 -3.2060e-08 -2.2920e-08 -1.6303e-08 -1.1538e-08 -8.1245e-09 -5.6922e-09 -3.9681e-09 -2.7523e-09 -1.8994e-09 -1.3043e-09 -8.9108e-10 -6.0574e-10 -4.0971e-10 -2.7572e-10 -1.8463e-10 -1.2301e-10 -8.1541e-11 -5.3783e-11 -3.5296e-11 -2.3048e-11 -1.4975e-11 -5.8961e-04 -8.2892e-04 -1.0052e-03 -1.1448e-03 -1.2574e-03 -1.3479e-03 -1.4189e-03 -1.4726e-03 -1.5102e-03 -1.5332e-03 -1.5424e-03 -1.5392e-03 0.0000e+00 -1.4993e-03 -1.4649e-03 -1.4223e-03 -1.3726e-03 -1.3170e-03 -1.2565e-03 -1.1922e-03 -1.1252e-03 -1.0563e-03 -9.8648e-04 -9.1657e-04 -8.4730e-04 -7.7936e-04 -7.1330e-04 -6.4963e-04 -5.8875e-04 -5.3098e-04 -4.7655e-04 -4.2564e-04 -3.7835e-04 -3.3469e-04 -2.9465e-04 -2.5817e-04 -2.2512e-04 -1.9537e-04 -1.6874e-04 -1.4505e-04 -1.2409e-04 -1.0565e-04 -8.9531e-05 -7.5506e-05 -6.3376e-05 -5.2941e-05 -4.4014e-05 -3.6418e-05 -2.9989e-05 -2.4578e-05 -2.0047e-05 -1.6273e-05 -1.3146e-05 -1.0570e-05 -8.4574e-06 -6.7348e-06 -5.3375e-06 -4.2097e-06 -3.3043e-06 -2.5812e-06 -2.0067e-06 -1.5525e-06 -1.1953e-06 -9.1592e-07 -6.9843e-07 -5.3002e-07 -4.0028e-07 -3.0083e-07 -2.2500e-07 -1.6747e-07 -1.2405e-07 -9.1441e-08 -6.7077e-08 -4.8967e-08 -3.5572e-08 -2.5717e-08 -1.8501e-08 -1.3246e-08 -9.4370e-09 -6.6907e-09 -4.7206e-09 -3.3143e-09 -2.3157e-09 -1.6101e-09 -1.1140e-09 -7.6700e-10 -5.2552e-10 -3.5831e-10 -2.4311e-10 -1.6414e-10 -1.1028e-10 -7.3733e-11 -4.9056e-11 -3.2478e-11 -2.1397e-11 -1.4028e-11 -9.1518e-12 -5.9413e-12 -3.8381e-12 -2.4673e-12
-5.7268e-04 -8.0827e-04 -9.8658e-04 -1.1337e-03 -1.2595e-03 -1.3688e-03 -1.4642e-03 -1.5472e-03 -1.6188e-03 -1.6796e-03 -1.7299e-03 -1.7698e-03 -1.7995e-03 2.3199e-02 -1.8288e-03 -1.8286e-03 -1.8189e-03 -1.7999e-03 -1.7720e-03 -1.7356e-03 -1.6915e-03 -1.6402e-03 -1.5824e-03 -1.5190e-03 -1.4508e-03 -1.3787e-03 -1.3035e-03 -1.2262e-03 -1.1476e-03 -1.0686e-03 -9.9001e-04 -9.1252e-04 -8.3680e-04 -7.6345e-04 -6.9298e-04 -6.2580e-04 -5.6225e-04 -5.0257e-04 -4.4693e-04 -3.9542e-04 -3.4806e-04 -3.0480e-04 -2.6556e-04 -2.3019e-04 -1.9851e-04 -1.7032e-04 -1.4538e-04 -1.2346e-04 -1.0432e-04 -8.7692e-05 -7.3340e-05 -6.1025e-05 -5.0519e-05 -4.1610e-05 -3.4098e-05 -2.7800e-05 -2.2550e-05 -1.8199e-05 -1.4613e-05 -1.1674e-05 -9.2791e-06 -7.3381e-06 -5.7737e-06 -4.5199e-06 -3.5204e-06 -2.7281e-06 -2.1035e-06 -1.6137e-06 -1.2317e-06 -9.3533e-07 -7.0673e-07 -5.3130e-07 -3.9741e-07 -2.9576e-07 -2.1900e-07 -1.6135e-07 -1.1827e-07 -8.6262e-08 -6.2598e-08 -4.5198e-08 -3.2470e-08 -2.3209e-08 -1.6506e-08 -1.1680e-08 -8.2236e-09 -5.7609e-09 -4.0154e-09 -2.7848e-09 -1.9216e-09 -1.3193e-09 -9.0125e-10 -6.1258e-10 -4.1428e-10 -2.7877e-10 -1.8664e-10 -1.2434e-10 -8.2414e-11 -5.4353e-11 -3.5667e-11 -2.3287e-11 -5.7198e-04 -8.0433e-04 -9.7584e-04 -1.1120e-03 -1.2223e-03 -1.3114e-03 -1.3820e-03 -1.4361e-03 -1.4748e-03 -1.4995e-03 -1.5112e-03 -1.5108e-03 -1.4993e-03 0.0000e+00 -1.4471e-03 -1.4084e-03 -1.3626e-03 -1.3109e-03 -1.2542e-03 -1.1934e-03 -1.1297e-03 -1.0638e-03 -9.9668e-04 -9.2910e-04 -8.6180e-04 -7.9545e-04 -7.3062e-04 -6.6783e-04 -6.0749e-04 -5.4996e-04 -4.9549e-04 -4.4430e-04 -3.9650e-04 -3.5216e-04 -3.1131e-04 -2.7389e-04 -2.3983e-04 -2.0902e-04 -1.8130e-04 -1.5652e-04 -1.3449e-04 -1.1501e-04 -9.7893e-05 -8.2928e-05 -6.9918e-05 -5.8670e-05 -4.8999e-05 -4.0728e-05 -3.3692e-05 -2.7740e-05 -2.2731e-05 -1.8537e-05 -1.5046e-05 -1.2154e-05 -9.7706e-06 -7.8174e-06 -6.2247e-06 -4.9328e-06 -3.8904e-06 -3.0535e-06 -2.3852e-06 -1.8542e-06 -1.4345e-06 -1.1045e-06 -8.4626e-07 -6.4530e-07 -4.8970e-07 -3.6982e-07 -2.7794e-07 -2.0788e-07 -1.5473e-07 -1.1461e-07 -8.4484e-08 -6.1974e-08 -4.5242e-08 -3.2867e-08 -2.3761e-08 -1.7095e-08 -1.2239e-08 -8.7198e-09 -6.1824e-09 -4.3620e-09 -3.0626e-09 -2.1399e-09 -1.4878e-09 -1.0295e-09 -7.0882e-10 -4.8567e-10 -3.3114e-10 -2.2468e-10 -1.5170e-10 -1.0193e-10 -6.8150e-11 -4.5342e-11 -3.0020e-11 -1.9779e-11 -1.2967e-11 -8.4599e-12 -5.4923e-12 -3.5482e-12
-5.5147e-04 -7.7897e-04 -9.5209e-04 -1.0961e-03 -1.2206e-03 -1.3302e-03 -1.4274e-03 -1.5137e-03 -1.5900e-03 -1.6567e-03 -1.7139e-03 -1.7617e-03 -1.8000e-03 -1.8288e-03 2.6585e-02 -1.8575e-03 -1.8574e-03 -1.8479e-03 -1.8290e-03 -1.8013e-03 -1.7650e-03 -1.7207e-03 -1.6691e-03 -1.6109e-03 -1.5468e-03 -1.4777e-03 -1.4046e-03 -1.3283e-03 -1.2497e-03 -1.1698e-03 -1.0893e-03 -1.0093e-03 -9.3029e-04 -8.5310e-04 -7.7830e-04 -7.0642e-04 -6.3789e-04 -5.7305e-04 -5.1216e-04 -4.5540e-04 -4.0285e-04 -3.5454e-04 -3.1043e-04 -2.7041e-04 -2.3435e-04 -2.0206e-04 -1.7333e-04 -1.4792e-04 -1.2560e-04 -1.0610e-04 -8.9169e-05 -7.4559e-05 -6.2026e-05 -5.1338e-05 -4.2275e-05 -3.4635e-05 -2.8232e-05 -2.2896e-05 -1.8475e-05 -1.4831e-05 -1.1846e-05 -9.4139e-06 -7.4432e-06 -5.8553e-06 -4.5829e-06 -3.5689e-06 -2.7652e-06 -2.1317e-06 -1.6350e-06 -1.2477e-06 -9.4737e-07 -7.1570e-07 -5.3796e-07 -4.0232e-07 -2.9937e-07 -2.2164e-07 -1.6327e-07 -1.1966e-07 -8.7264e-08 -6.3316e-08 -4.5710e-08 -3.2833e-08 -2.3466e-08 -1.6687e-08 -1.1806e-08 -8.3113e-09 -5.8216e-09 -4.0573e-09 -2.8135e-09 -1.9412e-09 -1.3326e-09 -9.1023e-10 -6.1862e-10 -4.1832e-10 -2.8146e-10 -1.8842e-10 -1.2551e-10 -8.3184e-11 -5.4855e-11 -3.5993e-11 -5.5070e-04 -7.7462e-04 -9.4022e-04 -1.0721e-03 -1.1794e-03 -1.2666e-03 -1.3364e-03 -1.3904e-03 -1.4301e-03 -1.4565e-03 -1.4705e-03 -1.4730e-03 -1.4649e-03 -1.4471e-03 0.0000e+00 -1.3860e-03 -1.3446e-03 -1.2972e-03 -1.2447e-03 -1.1880e-03 -1.1281e-03 -1.0658e-03 -1.0019e-03 -9.3716e-04 -8.7237e-04 -8.0813e-04 -7.4503e-04 -6.8358e-04 -6.2422e-04 -5.6732e-04 -5.1318e-04 -4.6203e-04 -4.1402e-04 -3.6926e-04 -3.2780e-04 -2.8963e-04 -2.5471e-04 -2.2295e-04 -1.9424e-04 -1.6843e-04 -1.4537e-04 -1.2488e-04 -1.0677e-04 -9.0858e-05 -7.6955e-05 -6.4872e-05 -5.4429e-05 -4.5452e-05 -3.7776e-05 -3.1248e-05 -2.5725e-05 -2.1079e-05 -1.7189e-05 -1.3951e-05 -1.1269e-05 -9.0593e-06 -7.2482e-06 -5.7714e-06 -4.5736e-06 -3.6071e-06 -2.8312e-06 -2.2115e-06 -1.7192e-06 -1.3301e-06 -1.0241e-06 -7.8471e-07 -5.9839e-07 -4.5411e-07 -3.4295e-07 -2.5776e-07 -1.9279e-07 -1.4350e-07 -1.0630e-07 -7.8360e-08 -5.7484e-08 -4.1966e-08 -3.0488e-08 -2.2042e-08 -1.5859e-08 -1.1354e-08 -8.0900e-09 -5.7360e-09 -4.0473e-09 -2.8418e-09 -1.9856e-09 -1.3807e-09 -9.5534e-10 -6.5781e-10 -4.5073e-10 -3.0734e-10 -2.0854e-10 -1.4081e-10 -9.4612e-11 -6.3260e-11 -4.2091e-11 -2.7869e-11 -1.8362e-11 -1.2039e-11 -7.8545e-12 -5.0994e-12
-5.2724e-04 -7.4538e-04 -9.1234e-04 -1.0524e-03 -1.1748e-03 -1.2841e-03 -1.3826e-03 -1.4717e-03 -1.5522e-03 -1.6244e-03 -1.6883e-03 -1.7438e-03 -1.7906e-03 -1.8286e-03 -1.8575e-03 3.0191e-02 -1.8870e-03 -1.8875e-03 -1.8784e-03 -1.8599e-03 -1.8323e-03 -1.7960e-03 -1.7515e-03 -1.6994e-03 -1.6405e-03 -1.5756e-03 -1.5055e-03 -1.4311e-03 -1.3535e-03 -1.2734e-03 -1.1920e-03 -1.1100e-03 -1.0284e-03 -9.4783e-04 -8.6909e-04 -7.9279e-04 -7.1947e-04 -6.4957e-04 -5.8344e-04 -5.2135e-04 -4.6348e-04 -4.0992e-04 -3.6069e-04 -3.1574e-04 -2.7498e-04 -2.3825e-04 -2.0538e-04 -1.7614e-04 -1.5028e-04 -1.2757e-04 -1.0774e-04 -9.0531e-05 -7.5682e-05 -6.2946e-05 -5.2088e-05 -4.2883e-05 -3.5126e-05 -2.8627e-05 -2.3211e-05 -1.8725e-05 -1.5029e-05 -1.2002e-05 -9.5360e-06 -7.5383e-06 -5.9291e-06 -4.6398e-06 -3.6125e-06 -2.7985e-06 -2.1570e-06 -1.6542e-06 -1.2621e-06 -9.5817e-07 -7.2375e-07 -5.4393e-07 -4.0673e-07 -3.0260e-07 -2.2400e-07 -1.6499e-07 -1.2091e-07 -8.8158e-08 -6.3957e-08 -4.6167e-08 -3.3157e-08 -2.3694e-08 -1.6847e-08 -1.1919e-08 -8.3895e-09 -5.8757e-09 -4.0945e-09 -2.8390e-09 -1.9586e-09 -1.3444e-09 -9.1821e-10 -6.2398e-10 -4.2191e-10 -2.8384e-10 -1.9000e-10 -1.2655e-10 -8.3866e-11 -5.5300e-11 -5.2640e-04 -7.4065e-04 -8.9942e-04 -1.0263e-03 -1.1299e-03 -1.2148e-03 -1.2833e-03 -1.3371e-03 -1.3774e-03 -1.4053e-03 -1.4215e-03 -1.4269e-03 -1.4223e-03 -1.4084e-03 -1.3860e-03 0.0000e+00 -1.3192e-03 -1.2764e-03 -1.2285e-03 -1.1763e-03 -1.1207e-03 -1.0624e-03 -1.0022e-03 -9.4086e-04 -8.7904e-04 -8.1738e-04 -7.5646e-04 -6.9680e-04 -6.3883e-04 -5.8296e-04 -5.2951e-04 -4.7872e-04 -4.3079e-04 -3.8586e-04 -3.4402e-04 -3.0529e-04 -2.6967e-04 -2.3709e-04 -2.0749e-04 -1.8073e-04 -1.5669e-04 -1.3522e-04 -1.1615e-04 -9.9295e-05 -8.4491e-05 -7.1558e-05 -6.0320e-05 -5.0608e-05 -4.2260e-05 -3.5123e-05 -2.9053e-05 -2.3919e-05 -1.9599e-05 -1.5983e-05 -1.2972e-05 -1.0479e-05 -8.4243e-06 -6.7403e-06 -5.3673e-06 -4.2535e-06 -3.3548e-06 -2.6333e-06 -2.0571e-06 -1.5992e-06 -1.2373e-06 -9.5274e-07 -7.3007e-07 -5.5675e-07 -4.2254e-07 -3.1913e-07 -2.3987e-07 -1.7942e-07 -1.3356e-07 -9.8938e-08 -7.2938e-08 -5.3510e-08 -3.9067e-08 -2.8383e-08 -2.0522e-08 -1.4766e-08 -1.0572e-08 -7.5332e-09 -5.3416e-09 -3.7692e-09 -2.6467e-09 -1.8494e-09 -1.2860e-09 -8.8988e-10 -6.1277e-10 -4.1990e-10 -2.8633e-10 -1.9429e-10 -1.3120e-10 -8.8157e-11 -5.8947e-11 -3.9223e-11 -2.5971e-11 -1.7112e-11 -1.1220e-11 -7.3207e-12
