4.7193e-12 -5.0113e-12 -1.3832e-11 -2.8458e-11 -4.9859e-11 -7.8930e-11 -1.1653e-10 -1.6350e-10 -2.2070e-10 -2.8899e-10 -3.6927e-10 -4.6246e-10 -5.6955e-10 -6.9158e-10 -8.2964e-10 -9.8491e-10 -1.1587e-09 -1.3522e-09 -1.5671e-09 -1.8047e-09 -2.0669e-09 -2.3554e-09 -2.6722e-09 -3.0195e-09 -3.3993e-09 -3.8143e-09 -4.2670e-09 -4.7602e-09 -5.2969e-09 -5.8802e-09 -6.5135e-09 -7.2001e-09 -7.9436e-09 -8.7476e-09 -9.6157e-09 -1.0551e-08 -1.1557e-08 -1.2636e-08 -1.3790e-08 -1.5019e-08 -1.6322e-08 -1.7696e-08 -1.9134e-08 -2.0625e-08 -2.2153e-08 -2.3695e-08 -2.5221e-08 -2.6688e-08 -2.8045e-08 -2.9223e-08 -3.0144e-08 -3.0713e-08 -3.0829e-08 -3.0387e-08 -2.9291e-08 -2.7473e-08 -2.4916e-08 -2.1679e-08 -1.7920e-08 -1.3898e-08 -9.9575e-09 -6.4606e-09 -3.7012e-09 -1.8126e-09 -7.2774e-10 -2.2693e-10 -5.1217e-11 -7.6260e-12 -6.6284e-13 -2.8573e-14 -4.9080e-16 -2.4979e-18 -2.5125e-21 -2.8557e-25 -1.6814e-30 -1.7054e-37 -6.1772e-47 -8.1741e-60 -1.3832e-77 -1.9980e-102 -1.2102e-137 -2.2739e-188 -9.8513e-263 -0.0000e+00 -0.0000e+00 -0.0000e+00 -0.0000e+00 -0.0000e+00 -0.0000e+00 -0.0000e+00 -0.0000e+00 -0.0000e+00 -0.0000e+00 -0.0000e+00 -0.0000e+00 -0.0000e+00 -0.0000e+00 -0.0000e+00 -0.0000e+00 -0.0000e+00 0.0000e+00 -5.0113e-12 -1.3832e-11 -2.8458e-11 -4.9859e-11 -7.8930e-11 -1.1653e-10 -1.6350e-10 -2.2070e-10 -2.8899e-10 -3.6927e-10 -4.6246e-10 -5.6955e-10 -6.9158e-10 -8.2964e-10 -9.8491e-10 -1.1587e-09 -1.3522e-09 -1.5671e-09 -1.8047e-09 -2.0669e-09 -2.3554e-09 -2.6722e-09 -3.0195e-09 -3.3993e-09 -3.8143e-09 -4.2670e-09 -4.7602e-09 -5.2969e-09 -5.8802e-09 -6.5135e-09 -7.2001e-09 -7.9436e-09 -8.7476e-09 -9.6157e-09 -1.0551e-08 -1.1557e-08 -1.2636e-08 -1.3790e-08 -1.5019e-08 -1.6322e-08 -1.7696e-08 -1.9134e-08 -2.0625e-08 -2.2153e-08 -2.3695e-08 -2.5221e-08 -2.6688e-08 -2.8045e-08 -2.9223e-08 -3.0144e-08 -3.0713e-08 -3.0829e-08 -3.0387e-08 -2.9291e-08 -2.7473e-08 -2.4916e-08 -2.1679e-08 -1.7920e-08 -1.3898e-08 -9.9575e-09 -6.4606e-09 -3.7012e-09 -1.8126e-09 -7.2774e-10 -2.2693e-10 -5.1217e-11 -7.6260e-12 -6.6284e-13 -2.8573e-14 -4.9080e-16 -2.4979e-18 -2.5125e-21 -2.8557e-25 -1.6814e-30 -1.7054e-37 -6.1772e-47 -8.1741e-60 -1.3832e-77 -1.9980e-102 -1.2102e-137 -2.2739e-188 -9.8513e-263 -0.0000e+00 -0.0000e+00 -0.0000e+00 -0.0000e+00 -0.0000e+00 -0.0000e+00 -0.0000e+00 -0.0000e+00 -0.0000e+00 -0.0000e+00 -0.0000e+00 -0.0000e+00 -0.0000e+00 -0.0000e+00 -0.0000e+00 -0.0000e+00 -0.0000e+00
-5.0113e-12 -1.4599e-08 -7.8320e-11 -1.6114e-10 -2.8232e-10 -4.4693e-10 -6.5983e-10 -9.2581e-10 -1.2497e-09 -1.6364e-09 -2.0909e-09 -2.6186e-09 -3.2250e-09 -3.9159e-09 -4.6977e-09 -5.5769e-09 -6.5607e-09 -7.6567e-09 -8.8732e-09 -1.0219e-08 -1.1704e-08 -1.3337e-08 -1.5131e-08 -1.7097e-08 -1.9248e-08 -2.1598e-08 -2.4161e-08 -2.6954e-08 -2.9993e-08 -3.3296e-08 -3.6881e-08 -4.0769e-08 -4.4979e-08 -4.9532e-08 -5.4447e-08 -5.9744e-08 -6.5441e-08 -7.1551e-08 -7.8084e-08 -8.5043e-08 -9.2422e-08 -1.0020e-07 -1.0834e-07 -1.1678e-07 -1.2544e-07 -1.3417e-07 -1.4281e-07 -1.5112e-07 -1.5880e-07 -1.6547e-07 -1.7068e-07 -1.7391e-07 -1.7457e-07 -1.7206e-07 -1.6585e-07 -1.5556e-07 -1.4108e-07 -1.2276e-07 -1.0147e-07 -7.8697e-08 -5.6382e-08 -3.6582e-08 -2.0958e-08 -1.0263e-08 -4.1207e-09 -1.2850e-09 -2.9001e-10 -4.3181e-11 -3.7532e-12 -1.6179e-13 -2.7791e-15 -1.4144e-17 -1.4227e-20 -1.6170e-24 -9.5205e-30 -9.6565e-37 -3.4977e-46 -4.6285e-59 -7.8321e-77 -1.1314e-101 -6.8526e-137 -1.2876e-187 -5.5781e-262 -0.0000e+00 -0.0000e+00 -0.0000e+00 -0.0000e+00 -0.0000e+00 -0.0000e+00 -0.0000e+00 -0.0000e+00 -0.0000e+00 -0.0000e+00 -0.0000e+00 -0.0000e+00 -0.0000e+00 -0.0000e+00 -0.0000e+00 -0.0000e+00 -0.0000e+00 -5.0113e-12 0.0000e+00 -7.8320e-11 -1.6114e-10 -2.8232e-10 -4.4693e-10 -6.5983e-10 -9.2581e-10 -1.2497e-09 -1.6364e-09 -2.0909e-09 -2.6186e-09 -3.2250e-09 -3.9159e-09 -4.6977e-09 -5.5769e-09 -6.5607e-09 -7.6567e-09 -8.8732e-09 -1.0219e-08 -1.1704e-08 -1.3337e-08 -1.5131e-08 -1.7097e-08 -1.9248e-08 -2.1598e-08 -2.4161e-08 -2.6954e-08 -2.9993e-08 -3.3296e-08 -3.6881e-08 -4.0769e-08 -4.4979e-08 -4.9532e-08 -5.4447e-08 -5.9744e-08 -6.5441e-08 -7.1551e-08 -7.8084e-08 -8.5043e-08 -9.2422e-08 -1.0020e-07 -1.0834e-07 -1.1678e-07 -1.2544e-07 -1.3417e-07 -1.4281e-07 -1.5112e-07 -1.5880e-07 -1.6547e-07 -1.7068e-07 -1.7391e-07 -1.7457e-07 -1.7206e-07 -1.6585e-07 -1.5556e-07 -1.4108e-07 -1.2276e-07 -1.0147e-07 -7.8697e-08 -5.6382e-08 -3.6582e-08 -2.0958e-08 -1.0263e-08 -4.1207e-09 -1.2850e-09 -2.9001e-10 -4.3181e-11 -3.7532e-12 -1.6179e-13 -2.7791e-15 -1.4144e-17 -1.4227e-20 -1.6170e-24 -9.5205e-30 -9.6565e-37 -3.4977e-46 -4.6285e-59 -7.8321e-77 -1.1314e-101 -6.8526e-137 -1.2876e-187 -5.5781e-262 -0.0000e+00 -0.0000e+00 -0.0000e+00 -0.0000e+00 -0.0000e+00 -0.0000e+00 -0.0000e+00 -0.0000e+00 -0.0000e+00 -0.0000e+00 -0.0000e+00 -0.0000e+00 -0.0000e+00 -0.0000e+00 -0.0000e+00 -0.0000e+00 -0.0000e+00
-1.3832e-11 -7.8320e-11 3.4537e-09 -4.4476e-10 -7.7923e-10 -1.2336e-09 -1.8212e-09 -2.5554e-09 -3.4493e-09 -4.5166e-09 -5.7712e-09 -7.2277e-09 -8.9014e-09 -1.0808e-08 -1.2966e-08 -1.5393e-08 -1.8108e-08 -2.1134e-08 -2.4491e-08 -2.8206e-08 -3.2303e-08 -3.6813e-08 -4.1764e-08 -4.7190e-08 -5.3127e-08 -5.9613e-08 -6.6688e-08 -7.4396e-08 -8.2784e-08 -9.1900e-08 -1.0180e-07 -1.1253e-07 -1.2415e-07 -1.3671e-07 -1.5028e-07 -1.6490e-07 -1.8062e-07 -1.9749e-07 -2.1552e-07 -2.3473e-07 -2.5510e-07 -2.7657e-07 -2.9904e-07 -3.2234e-07 -3.4622e-07 -3.7033e-07 -3.9417e-07 -4.1711e-07 -4.3830e-07 -4.5672e-07 -4.7111e-07 -4.8001e-07 -4.8183e-07 -4.7491e-07 -4.5778e-07 -4.2937e-07 -3.8941e-07 -3.3882e-07 -2.8006e-07 -2.1721e-07 -1.5562e-07 -1.0097e-07 -5.7846e-08 -2.8328e-08 -1.1374e-08 -3.5467e-09 -8.0045e-10 -1.1919e-10 -1.0359e-11 -4.4656e-13 -7.6706e-15 -3.9040e-17 -3.9268e-20 -4.4631e-24 -2.6278e-29 -2.6653e-36 -9.6542e-46 -1.2775e-58 -2.1618e-76 -3.1227e-101 -1.8914e-136 -3.5539e-187 -1.5396e-261 -0.0000e+00 -0.0000e+00 -0.0000e+00 -0.0000e+00 -0.0000e+00 -0.0000e+00 -0.0000e+00 -0.0000e+00 -0.0000e+00 -0.0000e+00 -0.0000e+00 -0.0000e+00 -0.0000e+00 -0.0000e+00 -0.0000e+00 -0.0000e+00 -0.0000e+00 -1.3832e-11 -7.8320e-11 0.0000e+00 -4.4476e-10 -7.7923e-10 -1.2336e-09 -1.8212e-09 -2.5554e-09 -3.4493e-09 -4.5166e-09 -5.7712e-09 -7.2277e-09 -8.9014e-09 -1.0808e-08 -1.2966e-08 -1.5393e-08 -1.8108e-08 -2.1134e-08 -2.4491e-08 -2.8206e-08 -3.2303e-08 -3.6813e-08 -4.1764e-08 -4.7190e-08 -5.3127e-08 -5.9613e-08 -6.6688e-08 -7.4396e-08 -8.2784e-08 -9.1900e-08 -1.0180e-07 -1.1253e-07 -1.2415e-07 -1.3671e-07 -1.5028e-07 -1.6490e-07 -1.8062e-07 -1.9749e-07 -2.1552e-07 -2.3473e-07 -2.5510e-07 -2.7657e-07 -2.9904e-07 -3.2234e-07 -3.4622e-07 -3.7033e-07 -3.9417e-07 -4.1711e-07 -4.3830e-07 -4.5672e-07 -4.7111e-07 -4.8001e-07 -4.8183e-07 -4.7491e-07 -4.5778e-07 -4.2937e-07 -3.8941e-07 -3.3882e-07 -2.8006e-07 -2.1721e-07 -1.5562e-07 -1.0097e-07 -5.7846e-08 -2.8328e-08 -1.1374e-08 -3.5467e-09 -8.0045e-10 -1.1919e-10 -1.0359e-11 -4.4656e-13 -7.6706e-15 -3.9040e-17 -3.9268e-20 -4.4631e-24 -2.6278e-29 -2.6653e-36 -9.6542e-46 -1.2775e-58 -2.1618e-76 -3.1227e-101 -1.8914e-136 -3.5538e-187 -1.5396e-261 -0.0000e+00 -0.0000e+00 -0.0000e+00 -0.0000e+00 -0.0000e+00 -0.0000e+00 -0.0000e+00 -0.0000e+00 -0.0000e+00 -0.0000e+00 -0.0000e+00 -0.0000e+00 -0.0000e+00 -0.0000e+00 -0.0000e+00 -0.0000e+00 -0.0000e+00
-2.8458e-11 -1.6114e-10 -4.4476e-10 1.9471e-08 -1.6032e-09 -2.5380e-09 -3.7470e-09 -5.2575e-09 -7.0968e-09 -9.2926e-09 -1.1874e-08 -1.4871e-08 -1.8314e-08 -2.2238e-08 -2.6677e-08 -3.1670e-08 -3.7257e-08 -4.3481e-08 -5.0389e-08 -5.8032e-08 -6.6462e-08 -7.5740e-08 -8.5927e-08 -9.7092e-08 -1.0931e-07 -1.2265e-07 -1.3721e-07 -1.5307e-07 -1.7032e-07 -1.8908e-07 -2.0944e-07 -2.3152e-07 -2.5543e-07 -2.8128e-07 -3.0920e-07 -3.3928e-07 -3.7163e-07 -4.0632e-07 -4.4342e-07 -4.8294e-07 -5.2485e-07 -5.6902e-07 -6.1525e-07 -6.6320e-07 -7.1233e-07 -7.6193e-07 -8.1099e-07 -8.5818e-07 -9.0178e-07 -9.3968e-07 -9.6928e-07 -9.8759e-07 -9.9133e-07 -9.7711e-07 -9.4186e-07 -8.8340e-07 -8.0118e-07 -6.9710e-07 -5.7621e-07 -4.4691e-07 -3.2019e-07 -2.0774e-07 -1.1901e-07 -5.8284e-08 -2.3401e-08 -7.2971e-09 -1.6469e-09 -2.4522e-10 -2.1314e-11 -9.1877e-13 -1.5782e-14 -8.0322e-17 -8.0791e-20 -9.1827e-24 -5.4065e-29 -5.4837e-36 -1.9863e-45 -2.6284e-58 -4.4477e-76 -6.4248e-101 -3.8915e-136 -7.3119e-187 -3.1678e-261 -0.0000e+00 -0.0000e+00 -0.0000e+00 -0.0000e+00 -0.0000e+00 -0.0000e+00 -0.0000e+00 -0.0000e+00 -0.0000e+00 -0.0000e+00 -0.0000e+00 -0.0000e+00 -0.0000e+00 -0.0000e+00 -0.0000e+00 -0.0000e+00 -0.0000e+00 -2.8458e-11 -1.6114e-10 -4.4476e-10 0.0000e+00 -1.6032e-09 -2.5380e-09 -3.7470e-09 -5.2575e-09 -7.0968e-09 -9.2926e-09 -1.1874e-08 -1.4871e-08 -1.8314e-08 -2.2238e-08 -2.6677e-08 -3.1670e-08 -3.7257e-08 -4.3481e-08 -5.0389e-08 -5.8032e-08 -6.6462e-08 -7.5740e-08 -8.5927e-08 -9.7092e-08 -1.0931e-07 -1.2265e-07 -1.3721e-07 -1.5307e-07 -1.7032e-07 -1.8908e-07 -2.0944e-07 -2.3152e-07 -2.5543e-07 -2.8128e-07 -3.0920e-07 -3.3928e-07 -3.7163e-07 -4.0632e-07 -4.4342e-07 -4.8294e-07 -5.2485e-07 -5.6902e-07 -6.1525e-07 -6.6320e-07 -7.1233e-07 -7.6193e-07 -8.1099e-07 -8.5818e-07 -9.0178e-07 -9.3968e-07 -9.6928e-07 -9.8759e-07 -9.9133e-07 -9.7711e-07 -9.4186e-07 -8.8340e-07 -8.0118e-07 -6.9710e-07 -5.7621e-07 -4.4691e-07 -3.2019e-07 -2.0774e-07 -1.1901e-07 -5.8284e-08 -2.3401e-08 -7.2971e-09 -1.6469e-09 -2.4522e-10 -2.1314e-11 -9.1877e-13 -1.5782e-14 -8.0322e-17 -8.0791e-20 -9.1827e-24 -5.4065e-29 -5.4837e-36 -1.9863e-45 -2.6284e-58 -4.4477e-76 -6.4248e-101 -3.8915e-136 -7.3119e-187 -3.1677e-261 -0.0000e+00 -0.0000e+00 -0.0000e+00 -0.0000e+00 -0.0000e+00 -0.0000e+00 -0.0000e+00 -0.0000e+00 -0.0000e+00 -0.0000e+00 -0.0000e+00 -0.0000e+00 -0.0000e+00 -0.0000e+00 -0.0000e+00 -0.0000e+00 -0.0000e+00
-4.9859e-11 -2.8232e-10 -7.7923e-10 -1.6032e-09 7.4951e-08 -4.4466e-09 -6.5649e-09 -9.2113e-09 -1.2434e-08 -1.6281e-08 -2.0803e-08 -2.6053e-08 -3.2087e-08 -3.8961e-08 -4.6739e-08 -5.5487e-08 -6.5275e-08 -7.6180e-08 -8.8283e-08 -1.0167e-07 -1.1644e-07 -1.3270e-07 -1.5055e-07 -1.7011e-07 -1.9151e-07 -2.1489e-07 -2.4039e-07 -2.6817e-07 -2.9841e-07 -3.3127e-07 -3.6695e-07 -4.0563e-07 -4.4752e-07 -4.9281e-07 -5.4172e-07 -5.9442e-07 -6.5109e-07 -7.1188e-07 -7.7689e-07 -8.4613e-07 -9.1954e-07 -9.9694e-07 -1.0779e-06 -1.1619e-06 -1.2480e-06 -1.3349e-06 -1.4209e-06 -1.5035e-06 -1.5799e-06 -1.6463e-06 -1.6982e-06 -1.7303e-06 -1.7368e-06 -1.7119e-06 -1.6501e-06 -1.5477e-06 -1.4037e-06 -1.2213e-06 -1.0095e-06 -7.8299e-07 -5.6097e-07 -3.6397e-07 -2.0852e-07 -1.0211e-07 -4.0999e-08 -1.2785e-08 -2.8854e-09 -4.2963e-10 -3.7342e-11 -1.6097e-12 -2.7650e-14 -1.4073e-16 -1.4155e-19 -1.6088e-23 -9.4724e-29 -9.6077e-36 -3.4801e-45 -4.6051e-58 -7.7926e-76 -1.1257e-100 -6.8181e-136 -1.2811e-186 -5.5503e-261 -0.0000e+00 -0.0000e+00 -0.0000e+00 -0.0000e+00 -0.0000e+00 -0.0000e+00 -0.0000e+00 -0.0000e+00 -0.0000e+00 -0.0000e+00 -0.0000e+00 -0.0000e+00 -0.0000e+00 -0.0000e+00 -0.0000e+00 -0.0000e+00 -0.0000e+00 -4.9859e-11 -2.8232e-10 -7.7923e-10 -1.6032e-09 0.0000e+00 -4.4466e-09 -6.5649e-09 -9.2113e-09 -1.2434e-08 -1.6281e-08 -2.0803e-08 -2.6053e-08 -3.2087e-08 -3.8961e-08 -4.6739e-08 -5.5487e-08 -6.5275e-08 -7.6180e-08 -8.8283e-08 -1.0167e-07 -1.1644e-07 -1.3270e-07 -1.5055e-07 -1.7011e-07 -1.9151e-07 -2.1489e-07 -2.4039e-07 -2.6817e-07 -2.9841e-07 -3.3127e-07 -3.6695e-07 -4.0563e-07 -4.4752e-07 -4.9281e-07 -5.4172e-07 -5.9442e-07 -6.5109e-07 -7.1188e-07 -7.7689e-07 -8.4613e-07 -9.1954e-07 -9.9694e-07 -1.0779e-06 -1.1619e-06 -1.2480e-06 -1.3349e-06 -1.4209e-06 -1.5035e-06 -1.5799e-06 -1.6463e-06 -1.6982e-06 -1.7303e-06 -1.7368e-06 -1.7119e-06 -1.6501e-06 -1.5477e-06 -1.4037e-06 -1.2213e-06 -1.0095e-06 -7.8299e-07 -5.6097e-07 -3.6397e-07 -2.0852e-07 -1.0211e-07 -4.0999e-08 -1.2785e-08 -2.8854e-09 -4.2963e-10 -3.7342e-11 -1.6097e-12 -2.7650e-14 -1.4073e-16 -1.4155e-19 -1.6088e-23 -9.4724e-29 -9.6076e-36 -3.4801e-45 -4.6051e-58 -7.7925e-76 -1.1256e-100 -6.8180e-136 -1.2811e-186 -5.5500e-261 -0.0000e+00 -0.0000e+00 -0.0000e+00 -0.0000e+00 -0.0000e+00 -0.0000e+00 -0.0000e+00 -0.0000e+00 -0.0000e+00 -0.0000e+00 -0.0000e+00 -0.0000e+00 -0.0000e+00 -0.0000e+00 -0.0000e+00 -0.0000e+00 -0.0000e+00
-7.8930e-11 -4.4693e-10 -1.2336e-09 -2.5380e-09 -4.4466e-09 2.2509e-07 -1.0393e-08 -1.4582e-08 -1.9683e-08 -2.5774e-08 -3.2933e-08 -4.1244e-08 -5.0795e-08 -6.1678e-08 -7.3991e-08 -8.7839e-08 -1.0333e-07 -1.2060e-07 -1.3976e-07 -1.6095e-07 -1.8434e-07 -2.1007e-07 -2.3832e-07 -2.6929e-07 -3.0317e-07 -3.4018e-07 -3.8055e-07 -4.2454e-07 -4.7240e-07 -5.2442e-07 -5.8090e-07 -6.4213e-07 -7.0845e-07 -7.8015e-07 -8.5757e-07 -9.4101e-07 -1.0307e-06 -1.1270e-06 -1.2299e-06 -1.3395e-06 -1.4557e-06 -1.5782e-06 -1.7064e-06 -1.8394e-06 -1.9757e-06 -2.1133e-06 -2.2493e-06 -2.3802e-06 -2.5011e-06 -2.6062e-06 -2.6883e-06 -2.7391e-06 -2.7495e-06 -2.7101e-06 -2.6123e-06 -2.4502e-06 -2.2221e-06 -1.9335e-06 -1.5982e-06 -1.2395e-06 -8.8805e-07 -5.7619e-07 -3.3009e-07 -1.6165e-07 -6.4904e-08 -2.0239e-08 -4.5677e-09 -6.8013e-10 -5.9115e-11 -2.5483e-12 -4.3772e-14 -2.2278e-16 -2.2408e-19 -2.5469e-23 -1.4996e-28 -1.5210e-35 -5.5093e-45 -7.2904e-58 -1.2337e-75 -1.7821e-100 -1.0794e-135 -2.0283e-186 -8.7876e-261 -0.0000e+00 -0.0000e+00 -0.0000e+00 -0.0000e+00 -0.0000e+00 -0.0000e+00 -0.0000e+00 -0.0000e+00 -0.0000e+00 -0.0000e+00 -0.0000e+00 -0.0000e+00 -0.0000e+00 -0.0000e+00 -0.0000e+00 -0.0000e+00 -0.0000e+00 -7.8930e-11 -4.4693e-10 -1.2336e-09 -2.5380e-09 -4.4466e-09 0.0000e+00 -1.0393e-08 -1.4582e-08 -1.9683e-08 -2.5774e-08 -3.2933e-08 -4.1244e-08 -5.0795e-08 -6.1678e-08 -7.3991e-08 -8.7839e-08 -1.0333e-07 -1.2060e-07 -1.3976e-07 -1.6095e-07 -1.8434e-07 -2.1007e-07 -2.3832e-07 -2.6929e-07 -3.0317e-07 -3.4018e-07 -3.8055e-07 -4.2454e-07 -4.7240e-07 -5.2442e-07 -5.8090e-07 -6.4213e-07 -7.0845e-07 -7.8015e-07 -8.5757e-07 -9.4101e-07 -1.0307e-06 -1.1270e-06 -1.2299e-06 -1.3395e-06 -1.4557e-06 -1.5782e-06 -1.7064e-06 -1.8394e-06 -1.9757e-06 -2.1133e-06 -2.2493e-06 -2.3802e-06 -2.5011e-06 -2.6062e-06 -2.6883e-06 -2.7391e-06 -2.7495e-06 -2.7101e-06 -2.6123e-06 -2.4502e-06 -2.2221e-06 -1.9335e-06 -1.5982e-06 -1.2395e-06 -8.8805e-07 -5.7618e-07 -3.3009e-07 -1.6165e-07 -6.4904e-08 -2.0239e-08 -4.5677e-09 -6.8013e-10 -5.9115e-11 -2.5483e-12 -4.3772e-14 -2.2278e-16 -2.2408e-19 -2.5469e-23 -1.4995e-28 -1.5210e-35 -5.5092e-45 -7.2902e-58 -1.2336e-75 -1.7820e-100 -1.0794e-135 -2.0281e-186 -8.7864e-261 -0.0000e+00 -0.0000e+00 -0.0000e+00 -0.0000e+00 -0.0000e+00 -0.0000e+00 -0.0000e+00 -0.0000e+00 -0.0000e+00 -0.0000e+00 -0.0000e+00 -0.0000e+00 -0.0000e+00 -0.0000e+00 -0.0000e+00 -0.0000e+00 -0.0000e+00
-1.1653e-10 -6.5983e-10 -1.8212e-09 -3.7470e-09 -6.5649e-09 -1.0393e-08 5.7113e-07 -2.1528e-08 -2.9060e-08 -3.8051e-08 -4.8621e-08 -6.0892e-08 -7.4993e-08 -9.1060e-08 -1.0924e-07 -1.2968e-07 -1.5256e-07 -1.7805e-07 -2.0633e-07 -2.3763e-07 -2.7215e-07 -3.1014e-07 -3.5185e-07 -3.9757e-07 -4.4759e-07 -5.0223e-07 -5.6183e-07 -6.2677e-07 -6.9744e-07 -7.7424e-07 -8.5762e-07 -9.4803e-07 -1.0459e-06 -1.1518e-06 -1.2661e-06 -1.3893e-06 -1.5217e-06 -1.6638e-06 -1.8157e-06 -1.9776e-06 -2.1491e-06 -2.3300e-06 -2.5193e-06 -2.7156e-06 -2.9169e-06 -3.1200e-06 -3.3208e-06 -3.5141e-06 -3.6926e-06 -3.8478e-06 -3.9690e-06 -4.0440e-06 -4.0593e-06 -4.0010e-06 -3.8567e-06 -3.6173e-06 -3.2807e-06 -2.8545e-06 -2.3595e-06 -1.8300e-06 -1.3111e-06 -8.5066e-07 -4.8734e-07 -2.3866e-07 -9.5822e-08 -2.9880e-08 -6.7437e-09 -1.0041e-09 -8.7277e-11 -3.7622e-12 -6.4625e-14 -3.2891e-16 -3.3083e-19 -3.7603e-23 -2.2140e-28 -2.2456e-35 -8.1342e-45 -1.0764e-57 -1.8215e-75 -2.6313e-100 -1.5939e-135 -2.9951e-186 -1.2978e-260 -0.0000e+00 -0.0000e+00 -0.0000e+00 -0.0000e+00 -0.0000e+00 -0.0000e+00 -0.0000e+00 -0.0000e+00 -0.0000e+00 -0.0000e+00 -0.0000e+00 -0.0000e+00 -0.0000e+00 -0.0000e+00 -0.0000e+00 -0.0000e+00 -0.0000e+00 -1.1653e-10 -6.5983e-10 -1.8212e-09 -3.7470e-09 -6.5649e-09 -1.0393e-08 0.0000e+00 -2.1528e-08 -2.9060e-08 -3.8051e-08 -4.8621e-08 -6.0892e-08 -7.4993e-08 -9.1060e-08 -1.0924e-07 -1.2968e-07 -1.5256e-07 -1.7805e-07 -2.0633e-07 -2.3763e-07 -2.7215e-07 -3.1014e-07 -3.5185e-07 -3.9757e-07 -4.4759e-07 -5.0223e-07 -5.6183e-07 -6.2677e-07 -6.9744e-07 -7.7424e-07 -8.5762e-07 -9.4803e-07 -1.0459e-06 -1.1518e-06 -1.2661e-06 -1.3893e-06 -1.5217e-06 -1.6638e-06 -1.8157e-06 -1.9776e-06 -2.1491e-06 -2.3300e-06 -2.5193e-06 -2.7156e-06 -2.9169e-06 -3.1200e-06 -3.3208e-06 -3.5141e-06 -3.6926e-06 -3.8478e-06 -3.9690e-06 -4.0440e-06 -4.0593e-06 -4.0010e-06 -3.8567e-06 -3.6173e-06 -3.2807e-06 -2.8545e-06 -2.3595e-06 -1.8300e-06 -1.3111e-06 -8.5066e-07 -4.8734e-07 -2.3866e-07 -9.5822e-08 -2.9880e-08 -6.7437e-09 -1.0041e-09 -8.7276e-11 -3.7622e-12 -6.4624e-14 -3.2890e-16 -3.3083e-19 -3.7602e-23 -2.2139e-28 -2.2455e-35 -8.1337e-45 -1.0763e-57 -1.8213e-75 -2.6310e-100 -1.5936e-135 -2.9944e-186 -1.2973e-260 -0.0000e+00 -0.0000e+00 -0.0000e+00 -0.0000e+00 -0.0000e+00 -0.0000e+00 -0.0000e+00 -0.0000e+00 -0.0000e+00 -0.0000e+00 -0.0000e+00 -0.0000e+00 -0.0000e+00 -0.0000e+00 -0.0000e+00 -0.0000e+00 -0.0000e+00
-1.6350e-10 -9.2581e-10 -2.5554e-09 -5.2575e-09 -9.2113e-09 -1.4582e-08 -2.1528e-08 1.2819e-06 -4.0774e-08 -5.3390e-08 -6.8221e-08 -8.5438e-08 -1.0522e-07 -1.2777e-07 -1.5327e-07 -1.8196e-07 -2.1406e-07 -2.4982e-07 -2.8951e-07 -3.3342e-07 -3.8186e-07 -4.3516e-07 -4.9369e-07 -5.5784e-07 -6.2802e-07 -7.0468e-07 -7.8832e-07 -8.7944e-07 -9.7859e-07 -1.0864e-06 -1.2033e-06 -1.3302e-06 -1.4676e-06 -1.6161e-06 -1.7765e-06 -1.9493e-06 -2.1352e-06 -2.3345e-06 -2.5477e-06 -2.7747e-06 -3.0155e-06 -3.2693e-06 -3.5349e-06 -3.8104e-06 -4.0927e-06 -4.3776e-06 -4.6595e-06 -4.9306e-06 -5.1812e-06 -5.3989e-06 -5.5689e-06 -5.6742e-06 -5.6956e-06 -5.6139e-06 -5.4114e-06 -5.0756e-06 -4.6032e-06 -4.0052e-06 -3.3106e-06 -2.5677e-06 -1.8396e-06 -1.1936e-06 -6.8380e-07 -3.3487e-07 -1.3445e-07 -4.1926e-08 -9.4623e-09 -1.4089e-09 -1.2246e-10 -5.2789e-12 -9.0678e-14 -4.6151e-16 -4.6421e-19 -5.2763e-23 -3.1066e-28 -3.1511e-35 -1.1414e-44 -1.5105e-57 -2.5562e-75 -3.6929e-100 -2.2371e-135 -4.2044e-186 -1.8221e-260 -0.0000e+00 -0.0000e+00 -0.0000e+00 -0.0000e+00 -0.0000e+00 -0.0000e+00 -0.0000e+00 -0.0000e+00 -0.0000e+00 -0.0000e+00 -0.0000e+00 -0.0000e+00 -0.0000e+00 -0.0000e+00 -0.0000e+00 -0.0000e+00 -0.0000e+00 -1.6350e-10 -9.2581e-10 -2.5554e-09 -5.2575e-09 -9.2113e-09 -1.4582e-08 -2.1528e-08 0.0000e+00 -4.0774e-08 -5.3390e-08 -6.8221e-08 -8.5438e-08 -1.0522e-07 -1.2777e-07 -1.5327e-07 -1.8196e-07 -2.1406e-07 -2.4982e-07 -2.8951e-07 -3.3342e-07 -3.8186e-07 -4.3516e-07 -4.9369e-07 -5.5784e-07 -6.2802e-07 -7.0468e-07 -7.8832e-07 -8.7944e-07 -9.7859e-07 -1.0864e-06 -1.2033e-06 -1.3302e-06 -1.4676e-06 -1.6161e-06 -1.7765e-06 -1.9493e-06 -2.1352e-06 -2.3345e-06 -2.5477e-06 -2.7747e-06 -3.0155e-06 -3.2693e-06 -3.5349e-06 -3.8104e-06 -4.0927e-06 -4.3776e-06 -4.6595e-06 -4.9306e-06 -5.1812e-06 -5.3989e-06 -5.5689e-06 -5.6742e-06 -5.6956e-06 -5.6139e-06 -5.4114e-06 -5.0755e-06 -4.6032e-06 -4.0052e-06 -3.3106e-06 -2.5677e-06 -1.8396e-06 -1.1936e-06 -6.8379e-07 -3.3487e-07 -1.3445e-07 -4.1925e-08 -9.4622e-09 -1.4089e-09 -1.2246e-10 -5.2788e-12 -9.0675e-14 -4.6149e-16 -4.6419e-19 -5.2760e-23 -3.1064e-28 -3.1508e-35 -1.1413e-44 -1.5103e-57 -2.5557e-75 -3.6918e-100 -2.2363e-135 -4.2021e-186 -1.8207e-260 -0.0000e+00 -0.0000e+00 -0.0000e+00 -0.0000e+00 -0.0000e+00 -0.0000e+00 -0.0000e+00 -0.0000e+00 -0.0000e+00 -0.0000e+00 -0.0000e+00 -0.0000e+00 -0.0000e+00 -0.0000e+00 -0.0000e+00 -0.0000e+00 -0.0000e+00
-2.2070e-10 -1.2497e-09 -3.4493e-09 -7.0968e-09 -1.2434e-08 -1.9683e-08 -2.9060e-08 -4.0774e-08 2.6204e-06 -7.2068e-08 -9.2087e-08 -1.1533e-07 -1.4203e-07 -1.7246e-07 -2.0689e-07 -2.4562e-07 -2.8894e-07 -3.3721e-07 -3.9079e-07 -4.5006e-07 -5.1544e-07 -5.8739e-07 -6.6640e-07 -7.5298e-07 -8.4772e-07 -9.5120e-07 -1.0641e-06 -1.1871e-06 -1.3209e-06 -1.4664e-06 -1.6243e-06 -1.7955e-06 -1.9810e-06 -2.1815e-06 -2.3979e-06 -2.6312e-06 -2.8821e-06 -3.1512e-06 -3.4389e-06 -3.7454e-06 -4.0704e-06 -4.4130e-06 -4.7715e-06 -5.1433e-06 -5.5244e-06 -5.9091e-06 -6.2895e-06 -6.6555e-06 -6.9937e-06 -7.2876e-06 -7.5171e-06 -7.6592e-06 -7.6882e-06 -7.5779e-06 -7.3045e-06 -6.8511e-06 -6.2135e-06 -5.4063e-06 -4.4688e-06 -3.4660e-06 -2.4832e-06 -1.6111e-06 -9.2302e-07 -4.5202e-07 -1.8149e-07 -5.6593e-08 -1.2773e-08 -1.9018e-09 -1.6531e-10 -7.1259e-12 -1.2240e-13 -6.2299e-16 -6.2665e-19 -7.1227e-23 -4.1939e-28 -4.2540e-35 -1.5410e-44 -2.0394e-57 -3.4516e-75 -4.9869e-100 -3.0215e-135 -5.6799e-186 -2.4624e-260 -0.0000e+00 -0.0000e+00 -0.0000e+00 -0.0000e+00 -0.0000e+00 -0.0000e+00 -0.0000e+00 -0.0000e+00 -0.0000e+00 -0.0000e+00 -0.0000e+00 -0.0000e+00 -0.0000e+00 -0.0000e+00 -0.0000e+00 -0.0000e+00 -0.0000e+00 -2.2070e-10 -1.2497e-09 -3.4493e-09 -7.0968e-09 -1.2434e-08 -1.9683e-08 -2.9060e-08 -4.0774e-08 0.0000e+00 -7.2068e-08 -9.2087e-08 -1.1533e-07 -1.4203e-07 -1.7246e-07 -2.0689e-07 -2.4562e-07 -2.8894e-07 -3.3721e-07 -3.9079e-07 -4.5006e-07 -5.1544e-07 -5.8739e-07 -6.6640e-07 -7.5298e-07 -8.4772e-07 -9.5120e-07 -1.0641e-06 -1.1871e-06 -1.3209e-06 -1.4664e-06 -1.6243e-06 -1.7955e-06 -1.9810e-06 -2.1815e-06 -2.3979e-06 -2.6312e-06 -2.8821e-06 -3.1512e-06 -3.4389e-06 -3.7454e-06 -4.0704e-06 -4.4130e-06 -4.7715e-06 -5.1433e-06 -5.5244e-06 -5.9091e-06 -6.2895e-06 -6.6555e-06 -6.9937e-06 -7.2876e-06 -7.5171e-06 -7.6592e-06 -7.6882e-06 -7.5778e-06 -7.3045e-06 -6.8511e-06 -6.2135e-06 -5.4063e-06 -4.4688e-06 -3.4659e-06 -2.4832e-06 -1.6111e-06 -9.2301e-07 -4.5202e-07 -1.8148e-07 -5.6592e-08 -1.2772e-08 -1.9018e-09 -1.6530e-10 -7.1256e-12 -1.2240e-13 -6.2295e-16 -6.2659e-19 -7.1219e-23 -4.1933e-28 -4.2532e-35 -1.5406e-44 -2.0388e-57 -3.4501e-75 -4.9841e-100 -3.0192e-135 -5.6737e-186 -2.4586e-260 -0.0000e+00 -0.0000e+00 -0.0000e+00 -0.0000e+00 -0.0000e+00 -0.0000e+00 -0.0000e+00 -0.0000e+00 -0.0000e+00 -0.0000e+00 -0.0000e+00 -0.0000e+00 -0.0000e+00 -0.0000e+00 -0.0000e+00 -0.0000e+00 -0.0000e+00
-2.8899e-10 -1.6364e-09 -4.5166e-09 -9.2926e-09 -1.6281e-08 -2.5774e-08 -3.8051e-08 -5.3390e-08 -7.2068e-08 4.9768e-06 -1.2058e-07 -1.5101e-07 -1.8598e-07 -2.2583e-07 -2.7091e-07 -3.2161e-07 -3.7835e-07 -4.4155e-07 -5.1171e-07 -5.8931e-07 -6.7493e-07 -7.6914e-07 -8.7259e-07 -9.8597e-07 -1.1100e-06 -1.2455e-06 -1.3933e-06 -1.5544e-06 -1.7296e-06 -1.9201e-06 -2.1269e-06 -2.3511e-06 -2.5939e-06 -2.8564e-06 -3.1399e-06 -3.4454e-06 -3.7739e-06 -4.1262e-06 -4.5030e-06 -4.9043e-06 -5.3299e-06 -5.7785e-06 -6.2479e-06 -6.7348e-06 -7.2338e-06 -7.7375e-06 -8.2356e-06 -8.7148e-06 -9.1577e-06 -9.5425e-06 -9.8431e-06 -1.0029e-05 -1.0067e-05 -9.9226e-06 -9.5647e-06 -8.9710e-06 -8.1361e-06 -7.0792e-06 -5.8516e-06 -4.5384e-06 -3.2516e-06 -2.1097e-06 -1.2086e-06 -5.9189e-07 -2.3765e-07 -7.4106e-08 -1.6725e-08 -2.4904e-09 -2.1646e-10 -9.3313e-12 -1.6029e-13 -8.1583e-16 -8.2064e-19 -9.3280e-23 -5.4926e-28 -5.5717e-35 -2.0185e-44 -2.6716e-57 -4.5222e-75 -6.5351e-100 -3.9607e-135 -7.4483e-186 -3.2310e-260 -0.0000e+00 -0.0000e+00 -0.0000e+00 -0.0000e+00 -0.0000e+00 -0.0000e+00 -0.0000e+00 -0.0000e+00 -0.0000e+00 -0.0000e+00 -0.0000e+00 -0.0000e+00 -0.0000e+00 -0.0000e+00 -0.0000e+00 -0.0000e+00 -0.0000e+00 -2.8899e-10 -1.6364e-09 -4.5166e-09 -9.2926e-09 -1.6281e-08 -2.5774e-08 -3.8051e-08 -5.3390e-08 -7.2068e-08 0.0000e+00 -1.2058e-07 -1.5101e-07 -1.8598e-07 -2.2583e-07 -2.7091e-07 -3.2161e-07 -3.7835e-07 -4.4155e-07 -5.1171e-07 -5.8931e-07 -6.7493e-07 -7.6914e-07 -8.7259e-07 -9.8597e-07 -1.1100e-06 -1.2455e-06 -1.3933e-06 -1.5544e-06 -1.7296e-06 -1.9201e-06 -2.1269e-06 -2.3511e-06 -2.5939e-06 -2.8564e-06 -3.1399e-06 -3.4454e-06 -3.7739e-06 -4.1262e-06 -4.5030e-06 -4.9043e-06 -5.3299e-06 -5.7785e-06 -6.2479e-06 -6.7348e-06 -7.2338e-06 -7.7375e-06 -8.2356e-06 -8.7148e-06 -9.1577e-06 -9.5425e-06 -9.8431e-06 -1.0029e-05 -1.0067e-05 -9.9226e-06 -9.5646e-06 -8.9710e-06 -8.1361e-06 -7.0792e-06 -5.8515e-06 -4.5384e-06 -3.2515e-06 -2.1097e-06 -1.2086e-06 -5.9188e-07 -2.3764e-07 -7.4104e-08 -1.6725e-08 -2.4903e-09 -2.1645e-10 -9.3306e-12 -1.6027e-13 -8.1573e-16 -8.2050e-19 -9.3260e-23 -5.4911e-28 -5.5697e-35 -2.0176e-44 -2.6700e-57 -4.5185e-75 -6.5279e-100 -3.9548e-135 -7.4329e-186 -3.2215e-260 -0.0000e+00 -0.0000e+00 -0.0000e+00 -0.0000e+00 -0.0000e+00 -0.0000e+00 -0.0000e+00 -0.0000e+00 -0.0000e+00 -0.0000e+00 -0.0000e+00 -0.0000e+00 -0.0000e+00 -0.0000e+00 -0.0000e+00 -0.0000e+00 -0.0000e+00
-3.6927e-10 -2.0909e-09 -5.7712e-09 -1.1874e-08 -2.0803e-08 -3.2933e-08 -4.8621e-08 -6.8221e-08 -9.2087e-08 -1.2058e-07 8.9079e-06 -1.9296e-07 -2.3764e-07 -2.8856e-07 -3.4616e-07 -4.1095e-07 -4.8344e-07 -5.6421e-07 -6.5384e-07 -7.5301e-07 -8.6241e-07 -9.8279e-07 -1.1150e-06 -1.2598e-06 -1.4183e-06 -1.5915e-06 -1.7804e-06 -1.9862e-06 -2.2101e-06 -2.4535e-06 -2.7177e-06 -3.0042e-06 -3.3144e-06 -3.6499e-06 -4.0121e-06 -4.4024e-06 -4.8222e-06 -5.2724e-06 -5.7538e-06 -6.2666e-06 -6.8104e-06 -7.3836e-06 -7.9835e-06 -8.6056e-06 -9.2432e-06 -9.8868e-06 -1.0523e-05 -1.1136e-05 -1.1701e-05 -1.2193e-05 -1.2577e-05 -1.2815e-05 -1.2863e-05 -1.2679e-05 -1.2222e-05 -1.1463e-05 -1.0396e-05 -9.0457e-06 -7.4771e-06 -5.7991e-06 -4.1548e-06 -2.6957e-06 -1.5444e-06 -7.5633e-07 -3.0367e-07 -9.4695e-08 -2.1372e-08 -3.1824e-09 -2.7661e-10 -1.1924e-11 -2.0484e-13 -1.0426e-15 -1.0488e-18 -1.1922e-22 -7.0205e-28 -7.1223e-35 -2.5806e-44 -3.4162e-57 -5.7838e-75 -8.3611e-100 -5.0698e-135 -9.5407e-186 -4.1427e-260 -0.0000e+00 -0.0000e+00 -0.0000e+00 -0.0000e+00 -0.0000e+00 -0.0000e+00 -0.0000e+00 -0.0000e+00 -0.0000e+00 -0.0000e+00 -0.0000e+00 -0.0000e+00 -0.0000e+00 -0.0000e+00 -0.0000e+00 -0.0000e+00 -0.0000e+00 -3.6927e-10 -2.0909e-09 -5.7712e-09 -1.1874e-08 -2.0803e-08 -3.2933e-08 -4.8621e-08 -6.8221e-08 -9.2087e-08 -1.2058e-07 0.0000e+00 -1.9296e-07 -2.3764e-07 -2.8856e-07 -3.4616e-07 -4.1095e-07 -4.8344e-07 -5.6421e-07 -6.5384e-07 -7.5301e-07 -8.6241e-07 -9.8279e-07 -1.1150e-06 -1.2598e-06 -1.4183e-06 -1.5915e-06 -1.7804e-06 -1.9862e-06 -2.2101e-06 -2.4535e-06 -2.7177e-06 -3.0042e-06 -3.3144e-06 -3.6499e-06 -4.0121e-06 -4.4024e-06 -4.8222e-06 -5.2724e-06 -5.7538e-06 -6.2666e-06 -6.8104e-06 -7.3836e-06 -7.9834e-06 -8.6055e-06 -9.2432e-06 -9.8867e-06 -1.0523e-05 -1.1136e-05 -1.1701e-05 -1.2193e-05 -1.2577e-05 -1.2815e-05 -1.2863e-05 -1.2679e-05 -1.2221e-05 -1.1463e-05 -1.0396e-05 -9.0456e-06 -7.4769e-06 -5.7990e-06 -4.1547e-06 -2.6957e-06 -1.5443e-06 -7.5630e-07 -3.0365e-07 -9.4689e-08 -2.1371e-08 -3.1821e-09 -2.7658e-10 -1.1923e-11 -2.0480e-13 -1.0424e-15 -1.0485e-18 -1.1918e-22 -7.0171e-28 -7.1179e-35 -2.5785e-44 -3.4125e-57 -5.7755e-75 -8.3448e-100 -5.0563e-135 -9.5054e-186 -4.1212e-260 -0.0000e+00 -0.0000e+00 -0.0000e+00 -0.0000e+00 -0.0000e+00 -0.0000e+00 -0.0000e+00 -0.0000e+00 -0.0000e+00 -0.0000e+00 -0.0000e+00 -0.0000e+00 -0.0000e+00 -0.0000e+00 -0.0000e+00 -0.0000e+00 -0.0000e+00
-4.6246e-10 -2.6186e-09 -7.2277e-09 -1.4871e-08 -2.6053e-08 -4.1244e-08 -6.0892e-08 -8.5438e-08 -1.1533e-07 -1.5101e-07 -1.9296e-07 1.5185e-05 -2.9762e-07 -3.6138e-07 -4.3352e-07 -5.1466e-07 -6.0545e-07 -7.0660e-07 -8.1886e-07 -9.4305e-07 -1.0801e-06 -1.2308e-06 -1.3964e-06 -1.5778e-06 -1.7763e-06 -1.9931e-06 -2.2297e-06 -2.4874e-06 -2.7679e-06 -3.0727e-06 -3.4036e-06 -3.7624e-06 -4.1509e-06 -4.5710e-06 -5.0246e-06 -5.5135e-06 -6.0392e-06 -6.6030e-06 -7.2059e-06 -7.8482e-06 -8.5291e-06 -9.2470e-06 -9.9983e-06 -1.0777e-05 -1.1576e-05 -1.2382e-05 -1.3179e-05 -1.3946e-05 -1.4655e-05 -1.5270e-05 -1.5752e-05 -1.6049e-05 -1.6110e-05 -1.5879e-05 -1.5306e-05 -1.4356e-05 -1.3020e-05 -1.1329e-05 -9.3642e-06 -7.2628e-06 -5.2035e-06 -3.3762e-06 -1.9342e-06 -9.4724e-07 -3.8033e-07 -1.1860e-07 -2.6768e-08 -3.9859e-09 -3.4647e-10 -1.4936e-11 -2.5658e-13 -1.3060e-15 -1.3139e-18 -1.4937e-22 -8.7968e-28 -8.9257e-35 -3.2346e-44 -4.2832e-57 -7.2546e-75 -1.0493e-99 -6.3672e-135 -1.1995e-185 -5.2168e-260 -0.0000e+00 -0.0000e+00 -0.0000e+00 -0.0000e+00 -0.0000e+00 -0.0000e+00 -0.0000e+00 -0.0000e+00 -0.0000e+00 -0.0000e+00 -0.0000e+00 -0.0000e+00 -0.0000e+00 -0.0000e+00 -0.0000e+00 -0.0000e+00 -0.0000e+00 -4.6246e-10 -2.6186e-09 -7.2277e-09 -1.4871e-08 -2.6053e-08 -4.1244e-08 -6.0892e-08 -8.5438e-08 -1.1533e-07 -1.5101e-07 -1.9296e-07 0.0000e+00 -2.9762e-07 -3.6138e-07 -4.3352e-07 -5.1466e-07 -6.0545e-07 -7.0660e-07 -8.1886e-07 -9.4305e-07 -1.0801e-06 -1.2308e-06 -1.3964e-06 -1.5778e-06 -1.7763e-06 -1.9931e-06 -2.2297e-06 -2.4874e-06 -2.7679e-06 -3.0727e-06 -3.4036e-06 -3.7624e-06 -4.1509e-06 -4.5710e-06 -5.0246e-06 -5.5135e-06 -6.0392e-06 -6.6030e-06 -7.2059e-06 -7.8482e-06 -8.5291e-06 -9.2470e-06 -9.9983e-06 -1.0777e-05 -1.1576e-05 -1.2382e-05 -1.3179e-05 -1.3946e-05 -1.4655e-05 -1.5270e-05 -1.5751e-05 -1.6049e-05 -1.6110e-05 -1.5879e-05 -1.5306e-05 -1.4356e-05 -1.3020e-05 -1.1328e-05 -9.3640e-06 -7.2626e-06 -5.2033e-06 -3.3760e-06 -1.9341e-06 -9.4718e-07 -3.8029e-07 -1.1859e-07 -2.6765e-08 -3.9853e-09 -3.4640e-10 -1.4932e-11 -2.5651e-13 -1.3055e-15 -1.3132e-18 -1.4927e-22 -8.7896e-28 -8.9162e-35 -3.2301e-44 -4.2753e-57 -7.2367e-75 -1.0458e-99 -6.3383e-135 -1.1920e-185 -5.1707e-260 -0.0000e+00 -0.0000e+00 -0.0000e+00 -0.0000e+00 -0.0000e+00 -0.0000e+00 -0.0000e+00 -0.0000e+00 -0.0000e+00 -0.0000e+00 -0.0000e+00 -0.0000e+00 -0.0000e+00 -0.0000e+00 -0.0000e+00 -0.0000e+00 -0.0000e+00
-5.6955e-10 -3.2250e-09 -8.9014e-09 -1.8314e-08 -3.2087e-08 -5.0795e-08 -7.4993e-08 -1.0522e-07 -1.4203e-07 -1.8598e-07 -2.3764e-07 -2.9762e-07 2.4850e-05 -4.4506e-07 -5.3391e-07 -6.3384e-07 -7.4565e-07 -8.7022e-07 -1.0085e-06 -1.1614e-06 -1.3302e-06 -1.5158e-06 -1.7197e-06 -1.9432e-06 -2.1876e-06 -2.4547e-06 -2.7460e-06 -3.0634e-06 -3.4088e-06 -3.7842e-06 -4.1917e-06 -4.6336e-06 -5.1121e-06 -5.6295e-06 -6.1882e-06 -6.7902e-06 -7.4377e-06 -8.1321e-06 -8.8746e-06 -9.6656e-06 -1.0504e-05 -1.1388e-05 -1.2314e-05 -1.3273e-05 -1.4257e-05 -1.5249e-05 -1.6231e-05 -1.7175e-05 -1.8048e-05 -1.8807e-05 -1.9399e-05 -1.9766e-05 -1.9841e-05 -1.9556e-05 -1.8851e-05 -1.7681e-05 -1.6035e-05 -1.3952e-05 -1.1533e-05 -8.9449e-06 -6.4087e-06 -4.1582e-06 -2.3823e-06 -1.1667e-06 -4.6843e-07 -1.4608e-07 -3.2971e-08 -4.9096e-09 -4.2678e-10 -1.8399e-11 -3.1609e-13 -1.6091e-15 -1.6189e-18 -1.8407e-22 -1.0842e-27 -1.1004e-34 -3.9890e-44 -5.2843e-57 -8.9555e-75 -1.2964e-99 -7.8757e-135 -1.4862e-185 -6.4792e-260 -0.0000e+00 -0.0000e+00 -0.0000e+00 -0.0000e+00 -0.0000e+00 -0.0000e+00 -0.0000e+00 -0.0000e+00 -0.0000e+00 -0.0000e+00 -0.0000e+00 -0.0000e+00 -0.0000e+00 -0.0000e+00 -0.0000e+00 -0.0000e+00 -0.0000e+00 -5.6955e-10 -3.2250e-09 -8.9014e-09 -1.8314e-08 -3.2087e-08 -5.0795e-08 -7.4993e-08 -1.0522e-07 -1.4203e-07 -1.8598e-07 -2.3764e-07 -2.9762e-07 0.0000e+00 -4.4506e-07 -5.3391e-07 -6.3384e-07 -7.4565e-07 -8.7022e-07 -1.0085e-06 -1.1614e-06 -1.3302e-06 -1.5158e-06 -1.7197e-06 -1.9432e-06 -2.1876e-06 -2.4547e-06 -2.7460e-06 -3.0634e-06 -3.4088e-06 -3.7842e-06 -4.1917e-06 -4.6336e-06 -5.1121e-06 -5.6295e-06 -6.1882e-06 -6.7902e-06 -7.4376e-06 -8.1321e-06 -8.8746e-06 -9.6656e-06 -1.0504e-05 -1.1388e-05 -1.2314e-05 -1.3273e-05 -1.4256e-05 -1.5249e-05 -1.6231e-05 -1.7175e-05 -1.8048e-05 -1.8807e-05 -1.9399e-05 -1.9766e-05 -1.9840e-05 -1.9556e-05 -1.8850e-05 -1.7680e-05 -1.6035e-05 -1.3952e-05 -1.1532e-05 -8.9445e-06 -6.4083e-06 -4.1579e-06 -2.3820e-06 -1.1665e-06 -4.6837e-07 -1.4606e-07 -3.2964e-08 -4.9084e-09 -4.2664e-10 -1.8392e-11 -3.1594e-13 -1.6081e-15 -1.6176e-18 -1.8388e-22 -1.0828e-27 -1.0985e-34 -3.9799e-44 -5.2684e-57 -8.9195e-75 -1.2893e-99 -7.8174e-135 -1.4710e-185 -6.3862e-260 -0.0000e+00 -0.0000e+00 -0.0000e+00 -0.0000e+00 -0.0000e+00 -0.0000e+00 -0.0000e+00 -0.0000e+00 -0.0000e+00 -0.0000e+00 -0.0000e+00 -0.0000e+00 -0.0000e+00 -0.0000e+00 -0.0000e+00 -0.0000e+00 -0.0000e+00
-6.9158e-10 -3.9159e-09 -1.0808e-08 -2.2238e-08 -3.8961e-08 -6.1678e-08 -9.1060e-08 -1.2777e-07 -1.7246e-07 -2.2583e-07 -2.8856e-07 -3.6138e-07 -4.4506e-07 3.9286e-05 -6.4831e-07 -7.6964e-07 -9.0541e-07 -1.0567e-06 -1.2245e-06 -1.4103e-06 -1.6151e-06 -1.8406e-06 -2.0882e-06 -2.3595e-06 -2.6563e-06 -2.9806e-06 -3.3344e-06 -3.7198e-06 -4.1392e-06 -4.5950e-06 -5.0898e-06 -5.6264e-06 -6.2074e-06 -6.8357e-06 -7.5140e-06 -8.2450e-06 -9.0312e-06 -9.8744e-06 -1.0776e-05 -1.1736e-05 -1.2755e-05 -1.3828e-05 -1.4952e-05 -1.6117e-05 -1.7311e-05 -1.8516e-05 -1.9709e-05 -2.0855e-05 -2.1915e-05 -2.2836e-05 -2.3556e-05 -2.4001e-05 -2.4092e-05 -2.3746e-05 -2.2890e-05 -2.1469e-05 -1.9471e-05 -1.6942e-05 -1.4004e-05 -1.0862e-05 -7.7822e-06 -5.0494e-06 -2.8929e-06 -1.4168e-06 -5.6886e-07 -1.7740e-07 -4.0042e-08 -5.9628e-09 -5.1836e-10 -2.2349e-11 -3.8399e-13 -1.9549e-15 -1.9671e-18 -2.2371e-22 -1.3181e-27 -1.3382e-34 -4.8532e-44 -6.4334e-57 -1.0912e-74 -1.5816e-99 -9.6249e-135 -1.8208e-185 -7.9663e-260 -0.0000e+00 -0.0000e+00 -0.0000e+00 -0.0000e+00 -0.0000e+00 -0.0000e+00 -0.0000e+00 -0.0000e+00 -0.0000e+00 -0.0000e+00 -0.0000e+00 -0.0000e+00 -0.0000e+00 -0.0000e+00 -0.0000e+00 -0.0000e+00 -0.0000e+00 -6.9158e-10 -3.9159e-09 -1.0808e-08 -2.2238e-08 -3.8961e-08 -6.1678e-08 -9.1060e-08 -1.2777e-07 -1.7246e-07 -2.2583e-07 -2.8856e-07 -3.6138e-07 -4.4506e-07 0.0000e+00 -6.4831e-07 -7.6964e-07 -9.0541e-07 -1.0567e-06 -1.2245e-06 -1.4103e-06 -1.6151e-06 -1.8406e-06 -2.0882e-06 -2.3595e-06 -2.6563e-06 -2.9806e-06 -3.3344e-06 -3.7198e-06 -4.1392e-06 -4.5950e-06 -5.0898e-06 -5.6264e-06 -6.2074e-06 -6.8357e-06 -7.5140e-06 -8.2450e-06 -9.0312e-06 -9.8744e-06 -1.0776e-05 -1.1736e-05 -1.2755e-05 -1.3828e-05 -1.4952e-05 -1.6117e-05 -1.7311e-05 -1.8516e-05 -1.9709e-05 -2.0855e-05 -2.1915e-05 -2.2836e-05 -2.3555e-05 -2.4000e-05 -2.4091e-05 -2.3746e-05 -2.2889e-05 -2.1469e-05 -1.9471e-05 -1.6941e-05 -1.4003e-05 -1.0861e-05 -7.7814e-06 -5.0488e-06 -2.8925e-06 -1.4165e-06 -5.6874e-07 -1.7736e-07 -4.0029e-08 -5.9604e-09 -5.1809e-10 -2.2335e-11 -3.8368e-13 -1.9530e-15 -1.9646e-18 -2.2334e-22 -1.3153e-27 -1.3345e-34 -4.8358e-44 -6.4028e-57 -1.0843e-74 -1.5681e-99 -9.5128e-135 -1.7915e-185 -7.7873e-260 -0.0000e+00 -0.0000e+00 -0.0000e+00 -0.0000e+00 -0.0000e+00 -0.0000e+00 -0.0000e+00 -0.0000e+00 -0.0000e+00 -0.0000e+00 -0.0000e+00 -0.0000e+00 -0.0000e+00 -0.0000e+00 -0.0000e+00 -0.0000e+00 -0.0000e+00
-8.2964e-10 -4.6977e-09 -1.2966e-08 -2.6677e-08 -4.6739e-08 -7.3991e-08 -1.0924e-07 -1.5327e-07 -2.0689e-07 -2.7091e-07 -3.4616e-07 -4.3352e-07 -5.3391e-07 -6.4831e-07 6.0291e-05 -9.2329e-07 -1.0862e-06 -1.2676e-06 -1.4690e-06 -1.6918e-06 -1.9376e-06 -2.2081e-06 -2.5050e-06 -2.8305e-06 -3.1866e-06 -3.5756e-06 -4.0000e-06 -4.4624e-06 -4.9655e-06 -5.5123e-06 -6.1059e-06 -6.7496e-06 -7.4466e-06 -8.2003e-06 -9.0141e-06 -9.8910e-06 -1.0834e-05 -1.1846e-05 -1.2927e-05 -1.4079e-05 -1.5301e-05 -1.6589e-05 -1.7937e-05 -1.9334e-05 -2.0767e-05 -2.2213e-05 -2.3643e-05 -2.5019e-05 -2.6290e-05 -2.7395e-05 -2.8258e-05 -2.8793e-05 -2.8902e-05 -2.8487e-05 -2.7460e-05 -2.5756e-05 -2.3359e-05 -2.0325e-05 -1.6801e-05 -1.3031e-05 -9.3365e-06 -6.0580e-06 -3.4708e-06 -1.6998e-06 -6.8255e-07 -2.1286e-07 -4.8048e-08 -7.1556e-09 -6.2209e-10 -2.6824e-11 -4.6094e-13 -2.3471e-15 -2.3623e-18 -2.6872e-22 -1.5839e-27 -1.6088e-34 -5.8389e-44 -7.7471e-57 -1.3158e-74 -1.9103e-99 -1.1655e-134 -2.2126e-185 -9.7304e-260 -0.0000e+00 -0.0000e+00 -0.0000e+00 -0.0000e+00 -0.0000e+00 -0.0000e+00 -0.0000e+00 -0.0000e+00 -0.0000e+00 -0.0000e+00 -0.0000e+00 -0.0000e+00 -0.0000e+00 -0.0000e+00 -0.0000e+00 -0.0000e+00 -0.0000e+00 -8.2964e-10 -4.6977e-09 -1.2966e-08 -2.6677e-08 -4.6739e-08 -7.3991e-08 -1.0924e-07 -1.5327e-07 -2.0689e-07 -2.7091e-07 -3.4616e-07 -4.3352e-07 -5.3391e-07 -6.4831e-07 0.0000e+00 -9.2329e-07 -1.0862e-06 -1.2676e-06 -1.4690e-06 -1.6918e-06 -1.9376e-06 -2.2081e-06 -2.5050e-06 -2.8305e-06 -3.1866e-06 -3.5756e-06 -4.0000e-06 -4.4624e-06 -4.9655e-06 -5.5123e-06 -6.1059e-06 -6.7496e-06 -7.4466e-06 -8.2003e-06 -9.0141e-06 -9.8910e-06 -1.0834e-05 -1.1846e-05 -1.2927e-05 -1.4079e-05 -1.5301e-05 -1.6589e-05 -1.7937e-05 -1.9334e-05 -2.0767e-05 -2.2213e-05 -2.3643e-05 -2.5019e-05 -2.6290e-05 -2.7395e-05 -2.8258e-05 -2.8792e-05 -2.8901e-05 -2.8486e-05 -2.7459e-05 -2.5755e-05 -2.3358e-05 -2.0324e-05 -1.6799e-05 -1.3030e-05 -9.3351e-06 -6.0569e-06 -3.4700e-06 -1.6994e-06 -6.8232e-07 -2.1278e-07 -4.8024e-08 -7.1511e-09 -6.2161e-10 -2.6798e-11 -4.6037e-13 -2.3435e-15 -2.3576e-18 -2.6804e-22 -1.5787e-27 -1.6021e-34 -5.8068e-44 -7.6908e-57 -1.3030e-74 -1.8854e-99 -1.1448e-134 -2.1585e-185 -9.3994e-260 -0.0000e+00 -0.0000e+00 -0.0000e+00 -0.0000e+00 -0.0000e+00 -0.0000e+00 -0.0000e+00 -0.0000e+00 -0.0000e+00 -0.0000e+00 -0.0000e+00 -0.0000e+00 -0.0000e+00 -0.0000e+00 -0.0000e+00 -0.0000e+00 -0.0000e+00
-9.8491e-10 -5.5769e-09 -1.5393e-08 -3.1670e-08 -5.5487e-08 -8.7839e-08 -1.2968e-07 -1.8196e-07 -2.4562e-07 -3.2161e-07 -4.1095e-07 -5.1466e-07 -6.3384e-07 -7.6964e-07 -9.2329e-07 9.0182e-05 -1.2894e-06 -1.5049e-06 -1.7439e-06 -2.0084e-06 -2.3002e-06 -2.6213e-06 -2.9739e-06 -3.3603e-06 -3.7830e-06 -4.2449e-06 -4.7487e-06 -5.2975e-06 -5.8948e-06 -6.5440e-06 -7.2487e-06 -8.0128e-06 -8.8403e-06 -9.7351e-06 -1.0701e-05 -1.1742e-05 -1.2862e-05 -1.4063e-05 -1.5347e-05 -1.6715e-05 -1.8165e-05 -1.9694e-05 -2.1294e-05 -2.2953e-05 -2.4654e-05 -2.6371e-05 -2.8069e-05 -2.9702e-05 -3.1211e-05 -3.2523e-05 -3.3548e-05 -3.4182e-05 -3.4312e-05 -3.3820e-05 -3.2601e-05 -3.0578e-05 -2.7733e-05 -2.4131e-05 -1.9947e-05 -1.5471e-05 -1.1085e-05 -7.1927e-06 -4.1210e-06 -2.0184e-06 -8.1049e-07 -2.5278e-07 -5.7062e-08 -8.4987e-09 -7.3895e-10 -3.1868e-11 -5.4770e-13 -2.7896e-15 -2.8085e-18 -3.1961e-22 -1.8849e-27 -1.9159e-34 -6.9602e-44 -9.2469e-57 -1.5733e-74 -2.2900e-99 -1.4020e-134 -2.6748e-185 -1.1847e-259 -0.0000e+00 -0.0000e+00 -0.0000e+00 -0.0000e+00 -0.0000e+00 -0.0000e+00 -0.0000e+00 -0.0000e+00 -0.0000e+00 -0.0000e+00 -0.0000e+00 -0.0000e+00 -0.0000e+00 -0.0000e+00 -0.0000e+00 -0.0000e+00 -0.0000e+00 -9.8491e-10 -5.5769e-09 -1.5393e-08 -3.1670e-08 -5.5487e-08 -8.7839e-08 -1.2968e-07 -1.8196e-07 -2.4562e-07 -3.2161e-07 -4.1095e-07 -5.1466e-07 -6.3384e-07 -7.6964e-07 -9.2329e-07 0.0000e+00 -1.2894e-06 -1.5049e-06 -1.7439e-06 -2.0084e-06 -2.3002e-06 -2.6213e-06 -2.9739e-06 -3.3603e-06 -3.7830e-06 -4.2449e-06 -4.7487e-06 -5.2975e-06 -5.8948e-06 -6.5440e-06 -7.2487e-06 -8.0128e-06 -8.8403e-06 -9.7351e-06 -1.0701e-05 -1.1742e-05 -1.2862e-05 -1.4063e-05 -1.5347e-05 -1.6714e-05 -1.8165e-05 -1.9694e-05 -2.1294e-05 -2.2953e-05 -2.4654e-05 -2.6370e-05 -2.8068e-05 -2.9701e-05 -3.1211e-05 -3.2522e-05 -3.3547e-05 -3.4181e-05 -3.4310e-05 -3.3818e-05 -3.2598e-05 -3.0575e-05 -2.7730e-05 -2.4128e-05 -1.9944e-05 -1.5469e-05 -1.1083e-05 -7.1908e-06 -4.1197e-06 -2.0176e-06 -8.1009e-07 -2.5263e-07 -5.7019e-08 -8.4908e-09 -7.3809e-10 -3.1821e-11 -5.4670e-13 -2.7831e-15 -2.8003e-18 -3.1841e-22 -1.8757e-27 -1.9039e-34 -6.9030e-44 -9.1468e-57 -1.5506e-74 -2.2457e-99 -1.3651e-134 -2.5785e-185 -1.1256e-259 -0.0000e+00 -0.0000e+00 -0.0000e+00 -0.0000e+00 -0.0000e+00 -0.0000e+00 -0.0000e+00 -0.0000e+00 -0.0000e+00 -0.0000e+00 -0.0000e+00 -0.0000e+00 -0.0000e+00 -0.0000e+00 -0.0000e+00 -0.0000e+00 -0.0000e+00
