4.7193e-12 -7.0158e-12 -1.9364e-11 -3.9841e-11 -6.9802e-11 -1.1050e-10 -1.6314e-10 -2.2890e-10 -3.0898e-10 -4.0458e-10 -5.1696e-10 -6.4741e-10 -7.9731e-10 -9.6810e-10 -1.1613e-09 -1.3785e-09 -1.6215e-09 -1.8920e-09 -2.1921e-09 -2.5238e-09 -2.8893e-09 -3.2909e-09 -3.7310e-09 -4.2120e-09 -4.7366e-09 -5.3073e-09 -5.9267e-09 -6.5970e-09 -7.3206e-09 -8.0990e-09 -8.9335e-09 -9.8242e-09 -1.0770e-08 -1.1769e-08 -1.2816e-08 -1.3903e-08 -1.5019e-08 -1.6148e-08 -1.7269e-08 -1.8354e-08 -1.9368e-08 -2.0266e-08 -2.0998e-08 -2.1502e-08 -2.1714e-08 -2.1567e-08 -2.0998e-08 -1.9962e-08 -1.8440e-08 -1.6453e-08 -1.4078e-08 -1.1450e-08 -8.7554e-09 -6.2110e-09 -4.0204e-09 -2.3266e-09 -1.1734e-09 -4.9970e-10 -1.7269e-10 -4.6073e-11 -8.9118e-12 -1.1539e-12 -9.0357e-14 -3.7569e-15 -7.0152e-17 -4.7356e-19 -8.7104e-22 -3.0126e-25 -1.2000e-29 -2.8664e-35 -1.7100e-42 -7.7818e-52 -5.3425e-64 -5.9085e-80 -4.6439e-101 -3.1690e-129 -3.4630e-167 -6.6268e-219 -3.3283e-290 0.0000e+00 0.0000e+00 0.0000e+00 0.0000e+00 0.0000e+00 0.0000e+00 0.0000e+00 0.0000e+00 0.0000e+00 0.0000e+00 0.0000e+00 0.0000e+00 0.0000e+00 0.0000e+00 0.0000e+00 0.0000e+00 0.0000e+00 0.0000e+00 0.0000e+00 0.0000e+00 0.0000e+00 0.0000e+00 7.0158e-12 1.9364e-11 3.9841e-11 6.9802e-11 1.1050e-10 1.6314e-10 2.2890e-10 3.0898e-10 4.0458e-10 5.1696e-10 6.4741e-10 7.9731e-10 9.6810e-10 1.1613e-09 1.3785e-09 1.6215e-09 1.8920e-09 2.1921e-09 2.5238e-09 2.8893e-09 3.2909e-09 3.7310e-09 4.2120e-09 4.7366e-09 5.3073e-09 5.9267e-09 6.5970e-09 7.3206e-09 8.0990e-09 8.9335e-09 9.8242e-09 1.0770e-08 1.1769e-08 1.2816e-08 1.3903e-08 1.5019e-08 1.6148e-08 1.7269e-08 1.8354e-08 1.9368e-08 2.0266e-08 2.0998e-08 2.1502e-08 2.1714e-08 2.1567e-08 2.0998e-08 1.9962e-08 1.8440e-08 1.6453e-08 1.4078e-08 1.1450e-08 8.7554e-09 6.2110e-09 4.0204e-09 2.3266e-09 1.1734e-09 4.9970e-10 1.7269e-10 4.6073e-11 8.9118e-12 1.1539e-12 9.0357e-14 3.7569e-15 7.0152e-17 4.7356e-19 8.7104e-22 3.0126e-25 1.2000e-29 2.8664e-35 1.7100e-42 7.7818e-52 5.3425e-64 5.9085e-80 4.6439e-101 3.1690e-129 3.4630e-167 6.6268e-219 3.3283e-290 0.0000e+00 0.0000e+00 0.0000e+00 0.0000e+00 0.0000e+00 0.0000e+00 0.0000e+00 0.0000e+00 0.0000e+00 0.0000e+00 0.0000e+00 0.0000e+00 0.0000e+00 0.0000e+00 0.0000e+00 0.0000e+00 0.0000e+00 0.0000e+00 0.0000e+00 0.0000e+00 0.0000e+00
-7.0158e-12 2.9102e-09 -1.0965e-10 -2.2559e-10 -3.9524e-10 -6.2570e-10 -9.2376e-10 -1.2961e-09 -1.7496e-09 -2.2909e-09 -2.9272e-09 -3.6659e-09 -4.5147e-09 -5.4817e-09 -6.5756e-09 -7.8056e-09 -9.1814e-09 -1.0713e-08 -1.2413e-08 -1.4291e-08 -1.6360e-08 -1.8634e-08 -2.1126e-08 -2.3850e-08 -2.6820e-08 -3.0052e-08 -3.3559e-08 -3.7355e-08 -4.1452e-08 -4.5859e-08 -5.0584e-08 -5.5628e-08 -6.0985e-08 -6.6640e-08 -7.2567e-08 -7.8721e-08 -8.5040e-08 -9.1433e-08 -9.7781e-08 -1.0393e-07 -1.0967e-07 -1.1475e-07 -1.1890e-07 -1.2175e-07 -1.2295e-07 -1.2212e-07 -1.1890e-07 -1.1303e-07 -1.0441e-07 -9.3164e-08 -7.9716e-08 -6.4833e-08 -4.9576e-08 -3.5169e-08 -2.2765e-08 -1.3174e-08 -6.6442e-09 -2.8295e-09 -9.7780e-10 -2.6088e-10 -5.0462e-11 -6.5339e-12 -5.1163e-13 -2.1273e-14 -3.9722e-16 -2.6814e-18 -4.9321e-21 -1.7058e-24 -6.7947e-29 -1.6231e-34 -9.6826e-42 -4.4063e-51 -3.0251e-63 -3.3456e-79 -2.6295e-100 -1.7944e-128 -1.9609e-166 -3.7523e-218 -1.8846e-289 0.0000e+00 0.0000e+00 0.0000e+00 0.0000e+00 0.0000e+00 0.0000e+00 0.0000e+00 0.0000e+00 0.0000e+00 0.0000e+00 0.0000e+00 0.0000e+00 0.0000e+00 0.0000e+00 0.0000e+00 0.0000e+00 0.0000e+00 0.0000e+00 0.0000e+00 0.0000e+00 0.0000e+00 7.0158e-12 0.0000e+00 1.0965e-10 2.2559e-10 3.9524e-10 6.2570e-10 9.2376e-10 1.2961e-09 1.7496e-09 2.2909e-09 2.9272e-09 3.6659e-09 4.5147e-09 5.4817e-09 6.5756e-09 7.8056e-09 9.1814e-09 1.0713e-08 1.2413e-08 1.4291e-08 1.6360e-08 1.8634e-08 2.1126e-08 2.3850e-08 2.6820e-08 3.0052e-08 3.3559e-08 3.7355e-08 4.1452e-08 4.5859e-08 5.0584e-08 5.5628e-08 6.0985e-08 6.6640e-08 7.2567e-08 7.8721e-08 8.5040e-08 9.1433e-08 9.7781e-08 1.0393e-07 1.0967e-07 1.1475e-07 1.1890e-07 1.2175e-07 1.2295e-07 1.2212e-07 1.1890e-07 1.1303e-07 1.0441e-07 9.3164e-08 7.9716e-08 6.4833e-08 4.9576e-08 3.5169e-08 2.2765e-08 1.3174e-08 6.6442e-09 2.8295e-09 9.7780e-10 2.6088e-10 5.0462e-11 6.5339e-12 5.1163e-13 2.1273e-14 3.9722e-16 2.6814e-18 4.9321e-21 1.7058e-24 6.7947e-29 1.6231e-34 9.6826e-42 4.4063e-51 3.0251e-63 3.3456e-79 2.6295e-100 1.7944e-128 1.9609e-166 3.7523e-218 1.8846e-289 0.0000e+00 0.0000e+00 0.0000e+00 0.0000e+00 0.0000e+00 0.0000e+00 0.0000e+00 0.0000e+00 0.0000e+00 0.0000e+00 0.0000e+00 0.0000e+00 0.0000e+00 0.0000e+00 0.0000e+00 0.0000e+00 0.0000e+00 0.0000e+00 0.0000e+00 0.0000e+00 0.0000e+00
-1.9364e-11 -1.0965e-10 3.4537e-09 -6.2267e-10 -1.0909e-09 -1.7270e-09 -2.5497e-09 -3.5775e-09 -4.8290e-09 -6.3231e-09 -8.0794e-09 -1.0118e-08 -1.2461e-08 -1.5130e-08 -1.8149e-08 -2.1544e-08 -2.5342e-08 -2.9570e-08 -3.4260e-08 -3.9444e-08 -4.5156e-08 -5.1432e-08 -5.8310e-08 -6.5829e-08 -7.4027e-08 -8.2947e-08 -9.2627e-08 -1.0310e-07 -1.1441e-07 -1.2658e-07 -1.3962e-07 -1.5354e-07 -1.6833e-07 -1.8393e-07 -2.0029e-07 -2.1728e-07 -2.3472e-07 -2.5237e-07 -2.6989e-07 -2.8685e-07 -3.0269e-07 -3.1674e-07 -3.2817e-07 -3.3605e-07 -3.3937e-07 -3.3706e-07 -3.2818e-07 -3.1199e-07 -2.8819e-07 -2.5714e-07 -2.2003e-07 -1.7895e-07 -1.3684e-07 -9.7070e-08 -6.2834e-08 -3.6361e-08 -1.8339e-08 -7.8096e-09 -2.6989e-09 -7.2007e-10 -1.3928e-10 -1.8034e-11 -1.4122e-12 -5.8716e-14 -1.0964e-15 -7.4011e-18 -1.3613e-20 -4.7082e-24 -1.8754e-28 -4.4799e-34 -2.6725e-41 -1.2162e-50 -8.3497e-63 -9.2342e-79 -7.2578e-100 -4.9528e-128 -5.4123e-166 -1.0357e-217 -5.2018e-289 0.0000e+00 0.0000e+00 0.0000e+00 0.0000e+00 0.0000e+00 0.0000e+00 0.0000e+00 0.0000e+00 0.0000e+00 0.0000e+00 0.0000e+00 0.0000e+00 0.0000e+00 0.0000e+00 0.0000e+00 0.0000e+00 0.0000e+00 0.0000e+00 0.0000e+00 0.0000e+00 0.0000e+00 1.9364e-11 1.0965e-10 0.0000e+00 6.2267e-10 1.0909e-09 1.7270e-09 2.5497e-09 3.5775e-09 4.8290e-09 6.3231e-09 8.0794e-09 1.0118e-08 1.2461e-08 1.5130e-08 1.8149e-08 2.1544e-08 2.5342e-08 2.9570e-08 3.4260e-08 3.9444e-08 4.5156e-08 5.1432e-08 5.8310e-08 6.5829e-08 7.4027e-08 8.2947e-08 9.2627e-08 1.0310e-07 1.1441e-07 1.2658e-07 1.3962e-07 1.5354e-07 1.6833e-07 1.8393e-07 2.0029e-07 2.1728e-07 2.3472e-07 2.5237e-07 2.6989e-07 2.8685e-07 3.0269e-07 3.1674e-07 3.2817e-07 3.3605e-07 3.3937e-07 3.3706e-07 3.2818e-07 3.1199e-07 2.8819e-07 2.5714e-07 2.2003e-07 1.7895e-07 1.3684e-07 9.7070e-08 6.2834e-08 3.6361e-08 1.8339e-08 7.8096e-09 2.6989e-09 7.2007e-10 1.3928e-10 1.8034e-11 1.4122e-12 5.8716e-14 1.0964e-15 7.4011e-18 1.3613e-20 4.7082e-24 1.8754e-28 4.4799e-34 2.6725e-41 1.2162e-50 8.3496e-63 9.2342e-79 7.2578e-100 4.9528e-128 5.4122e-166 1.0357e-217 5.2017e-289 0.0000e+00 0.0000e+00 0.0000e+00 0.0000e+00 0.0000e+00 0.0000e+00 0.0000e+00 0.0000e+00 0.0000e+00 0.0000e+00 0.0000e+00 0.0000e+00 0.0000e+00 0.0000e+00 0.0000e+00 0.0000e+00 0.0000e+00 0.0000e+00 0.0000e+00 0.0000e+00 0.0000e+00
-3.9841e-11 -2.2559e-10 -6.2267e-10 1.9756e-08 -2.2445e-09 -3.5532e-09 -5.2459e-09 -7.3605e-09 -9.9354e-09 -1.3009e-08 -1.6623e-08 -2.0818e-08 -2.5638e-08 -3.1129e-08 -3.7342e-08 -4.4326e-08 -5.2139e-08 -6.0839e-08 -7.0489e-08 -8.1155e-08 -9.2907e-08 -1.0582e-07 -1.1997e-07 -1.3544e-07 -1.5231e-07 -1.7066e-07 -1.9057e-07 -2.1213e-07 -2.3540e-07 -2.6043e-07 -2.8726e-07 -3.1590e-07 -3.4632e-07 -3.7844e-07 -4.1209e-07 -4.4704e-07 -4.8293e-07 -5.1923e-07 -5.5528e-07 -5.9017e-07 -6.2277e-07 -6.5167e-07 -6.7519e-07 -6.9141e-07 -6.9823e-07 -6.9349e-07 -6.7521e-07 -6.4190e-07 -5.9294e-07 -5.2906e-07 -4.5269e-07 -3.6817e-07 -2.8153e-07 -1.9972e-07 -1.2928e-07 -7.4811e-08 -3.7731e-08 -1.6068e-08 -5.5528e-09 -1.4815e-09 -2.8656e-10 -3.7105e-11 -2.9055e-12 -1.2080e-13 -2.2558e-15 -1.5227e-17 -2.8009e-20 -9.6870e-24 -3.8586e-28 -9.2172e-34 -5.4986e-41 -2.5023e-50 -1.7179e-62 -1.8999e-78 -1.4933e-99 -1.0190e-127 -1.1136e-165 -2.1310e-217 -1.0703e-288 0.0000e+00 0.0000e+00 0.0000e+00 0.0000e+00 0.0000e+00 0.0000e+00 0.0000e+00 0.0000e+00 0.0000e+00 0.0000e+00 0.0000e+00 0.0000e+00 0.0000e+00 0.0000e+00 0.0000e+00 0.0000e+00 0.0000e+00 0.0000e+00 0.0000e+00 0.0000e+00 0.0000e+00 3.9841e-11 2.2559e-10 6.2267e-10 0.0000e+00 2.2445e-09 3.5532e-09 5.2459e-09 7.3605e-09 9.9354e-09 1.3009e-08 1.6623e-08 2.0818e-08 2.5638e-08 3.1129e-08 3.7342e-08 4.4326e-08 5.2139e-08 6.0839e-08 7.0489e-08 8.1155e-08 9.2907e-08 1.0582e-07 1.1997e-07 1.3544e-07 1.5231e-07 1.7066e-07 1.9057e-07 2.1213e-07 2.3540e-07 2.6043e-07 2.8726e-07 3.1590e-07 3.4632e-07 3.7844e-07 4.1209e-07 4.4704e-07 4.8293e-07 5.1923e-07 5.5528e-07 5.9017e-07 6.2277e-07 6.5167e-07 6.7519e-07 6.9141e-07 6.9823e-07 6.9349e-07 6.7521e-07 6.4190e-07 5.9294e-07 5.2906e-07 4.5269e-07 3.6817e-07 2.8153e-07 1.9972e-07 1.2928e-07 7.4811e-08 3.7731e-08 1.6068e-08 5.5528e-09 1.4815e-09 2.8656e-10 3.7105e-11 2.9055e-12 1.2080e-13 2.2558e-15 1.5227e-17 2.8009e-20 9.6870e-24 3.8586e-28 9.2171e-34 5.4986e-41 2.5023e-50 1.7179e-62 1.8999e-78 1.4933e-99 1.0190e-127 1.1135e-165 2.1309e-217 1.0702e-288 0.0000e+00 0.0000e+00 0.0000e+00 0.0000e+00 0.0000e+00 0.0000e+00 0.0000e+00 0.0000e+00 0.0000e+00 0.0000e+00 0.0000e+00 0.0000e+00 0.0000e+00 0.0000e+00 0.0000e+00 0.0000e+00 0.0000e+00 0.0000e+00 0.0000e+00 0.0000e+00 0.0000e+00
-6.9802e-11 -3.9524e-10 -1.0909e-09 -2.2445e-09 7.5641e-08 -6.2253e-09 -9.1908e-09 -1.2896e-08 -1.7407e-08 -2.2793e-08 -2.9124e-08 -3.6473e-08 -4.4918e-08 -5.4539e-08 -6.5423e-08 -7.7661e-08 -9.1349e-08 -1.0659e-07 -1.2350e-07 -1.4218e-07 -1.6277e-07 -1.8540e-07 -2.1019e-07 -2.3729e-07 -2.6685e-07 -2.9900e-07 -3.3389e-07 -3.7166e-07 -4.1242e-07 -4.5627e-07 -5.0328e-07 -5.5346e-07 -6.0676e-07 -6.6303e-07 -7.2199e-07 -7.8323e-07 -8.4609e-07 -9.0971e-07 -9.7286e-07 -1.0340e-06 -1.0911e-06 -1.1417e-06 -1.1829e-06 -1.2114e-06 -1.2233e-06 -1.2150e-06 -1.1830e-06 -1.1246e-06 -1.0388e-06 -9.2692e-07 -7.9312e-07 -6.4505e-07 -4.9325e-07 -3.4991e-07 -2.2650e-07 -1.3107e-07 -6.6106e-08 -2.8151e-08 -9.7286e-09 -2.5956e-09 -5.0206e-10 -6.5008e-11 -5.0904e-12 -2.1165e-13 -3.9522e-15 -2.6679e-17 -4.9073e-20 -1.6972e-23 -6.7605e-28 -1.6149e-33 -9.6340e-41 -4.3843e-50 -3.0100e-62 -3.3290e-78 -2.6165e-99 -1.7856e-127 -1.9514e-165 -3.7344e-217 -1.8758e-288 0.0000e+00 0.0000e+00 0.0000e+00 0.0000e+00 0.0000e+00 0.0000e+00 0.0000e+00 0.0000e+00 0.0000e+00 0.0000e+00 0.0000e+00 0.0000e+00 0.0000e+00 0.0000e+00 0.0000e+00 0.0000e+00 0.0000e+00 0.0000e+00 0.0000e+00 0.0000e+00 0.0000e+00 6.9802e-11 3.9524e-10 1.0909e-09 2.2445e-09 0.0000e+00 6.2253e-09 9.1908e-09 1.2896e-08 1.7407e-08 2.2793e-08 2.9124e-08 3.6473e-08 4.4918e-08 5.4539e-08 6.5423e-08 7.7661e-08 9.1349e-08 1.0659e-07 1.2350e-07 1.4218e-07 1.6277e-07 1.8540e-07 2.1019e-07 2.3729e-07 2.6685e-07 2.9900e-07 3.3389e-07 3.7166e-07 4.1242e-07 4.5627e-07 5.0328e-07 5.5346e-07 6.0676e-07 6.6303e-07 7.2199e-07 7.8323e-07 8.4609e-07 9.0971e-07 9.7286e-07 1.0340e-06 1.0911e-06 1.1417e-06 1.1829e-06 1.2114e-06 1.2233e-06 1.2150e-06 1.1830e-06 1.1246e-06 1.0388e-06 9.2692e-07 7.9312e-07 6.4505e-07 4.9325e-07 3.4990e-07 2.2650e-07 1.3107e-07 6.6106e-08 2.8151e-08 9.7285e-09 2.5956e-09 5.0206e-10 6.5008e-11 5.0904e-12 2.1165e-13 3.9521e-15 2.6679e-17 4.9072e-20 1.6972e-23 6.7603e-28 1.6148e-33 9.6336e-41 4.3840e-50 3.0098e-62 3.3286e-78 2.6162e-99 1.7853e-127 1.9509e-165 3.7333e-217 1.8750e-288 0.0000e+00 0.0000e+00 0.0000e+00 0.0000e+00 0.0000e+00 0.0000e+00 0.0000e+00 0.0000e+00 0.0000e+00 0.0000e+00 0.0000e+00 0.0000e+00 0.0000e+00 0.0000e+00 0.0000e+00 0.0000e+00 0.0000e+00 0.0000e+00 0.0000e+00 0.0000e+00 0.0000e+00
-1.1050e-10 -6.2570e-10 -1.7270e-09 -3.5532e-09 -6.2253e-09 2.2707e-07 -1.4550e-08 -2.0415e-08 -2.7556e-08 -3.6083e-08 -4.6105e-08 -5.7739e-08 -7.1108e-08 -8.6339e-08 -1.0357e-07 -1.2294e-07 -1.4461e-07 -1.6874e-07 -1.9550e-07 -2.2509e-07 -2.5768e-07 -2.9350e-07 -3.3274e-07 -3.7565e-07 -4.2243e-07 -4.7333e-07 -5.2857e-07 -5.8835e-07 -6.5288e-07 -7.2230e-07 -7.9672e-07 -8.7616e-07 -9.6054e-07 -1.0496e-06 -1.1430e-06 -1.2399e-06 -1.3394e-06 -1.4401e-06 -1.5401e-06 -1.6369e-06 -1.7273e-06 -1.8074e-06 -1.8727e-06 -1.9177e-06 -1.9366e-06 -1.9234e-06 -1.8727e-06 -1.7803e-06 -1.6446e-06 -1.4674e-06 -1.2556e-06 -1.0212e-06 -7.8085e-07 -5.5392e-07 -3.5856e-07 -2.0749e-07 -1.0465e-07 -4.4566e-08 -1.5401e-08 -4.1091e-09 -7.9481e-10 -1.0291e-10 -8.0586e-12 -3.3507e-13 -6.2567e-15 -4.2236e-17 -7.7688e-20 -2.6869e-23 -1.0703e-27 -2.5567e-33 -1.5253e-40 -6.9415e-50 -4.7658e-62 -5.2710e-78 -4.1432e-99 -2.8277e-127 -3.0905e-165 -5.9152e-217 -2.9718e-288 0.0000e+00 0.0000e+00 0.0000e+00 0.0000e+00 0.0000e+00 0.0000e+00 0.0000e+00 0.0000e+00 0.0000e+00 0.0000e+00 0.0000e+00 0.0000e+00 0.0000e+00 0.0000e+00 0.0000e+00 0.0000e+00 0.0000e+00 0.0000e+00 0.0000e+00 0.0000e+00 0.0000e+00 1.1050e-10 6.2570e-10 1.7270e-09 3.5532e-09 6.2253e-09 0.0000e+00 1.4550e-08 2.0415e-08 2.7556e-08 3.6083e-08 4.6105e-08 5.7739e-08 7.1108e-08 8.6339e-08 1.0357e-07 1.2294e-07 1.4461e-07 1.6874e-07 1.9550e-07 2.2509e-07 2.5768e-07 2.9350e-07 3.3274e-07 3.7565e-07 4.2243e-07 4.7333e-07 5.2857e-07 5.8835e-07 6.5288e-07 7.2230e-07 7.9672e-07 8.7616e-07 9.6054e-07 1.0496e-06 1.1430e-06 1.2399e-06 1.3394e-06 1.4401e-06 1.5401e-06 1.6369e-06 1.7273e-06 1.8074e-06 1.8727e-06 1.9177e-06 1.9366e-06 1.9234e-06 1.8727e-06 1.7803e-06 1.6446e-06 1.4674e-06 1.2556e-06 1.0211e-06 7.8084e-07 5.5392e-07 3.5856e-07 2.0749e-07 1.0465e-07 4.4565e-08 1.5401e-08 4.1090e-09 7.9479e-10 1.0291e-10 8.0584e-12 3.3506e-13 6.2564e-15 4.2234e-17 7.7684e-20 2.6867e-23 1.0702e-27 2.5564e-33 1.5251e-40 6.9402e-50 4.7647e-62 5.2694e-78 4.1416e-99 2.8263e-127 3.0884e-165 5.9101e-217 2.9683e-288 0.0000e+00 0.0000e+00 0.0000e+00 0.0000e+00 0.0000e+00 0.0000e+00 0.0000e+00 0.0000e+00 0.0000e+00 0.0000e+00 0.0000e+00 0.0000e+00 0.0000e+00 0.0000e+00 0.0000e+00 0.0000e+00 0.0000e+00 0.0000e+00 0.0000e+00 0.0000e+00 0.0000e+00
-1.6314e-10 -9.2376e-10 -2.5497e-09 -5.2459e-09 -9.1908e-09 -1.4550e-08 5.7622e-07 -3.0140e-08 -4.0683e-08 -5.3271e-08 -6.8068e-08 -8.5245e-08 -1.0498e-07 -1.2747e-07 -1.5291e-07 -1.8151e-07 -2.1350e-07 -2.4912e-07 -2.8864e-07 -3.3231e-07 -3.8043e-07 -4.3331e-07 -4.9125e-07 -5.5459e-07 -6.2367e-07 -6.9881e-07 -7.8036e-07 -8.6863e-07 -9.6389e-07 -1.0664e-06 -1.1763e-06 -1.2935e-06 -1.4181e-06 -1.5496e-06 -1.6874e-06 -1.8305e-06 -1.9775e-06 -2.1262e-06 -2.2738e-06 -2.4166e-06 -2.5501e-06 -2.6684e-06 -2.7648e-06 -2.8312e-06 -2.8591e-06 -2.8397e-06 -2.7648e-06 -2.6284e-06 -2.4280e-06 -2.1664e-06 -1.8537e-06 -1.5076e-06 -1.1528e-06 -8.1780e-07 -5.2937e-07 -3.0634e-07 -1.5450e-07 -6.5796e-08 -2.2738e-08 -6.0666e-09 -1.1735e-09 -1.5194e-10 -1.1898e-11 -4.9471e-13 -9.2377e-15 -6.2361e-17 -1.1471e-19 -3.9674e-23 -1.5804e-27 -3.7753e-33 -2.2524e-40 -1.0251e-49 -7.0386e-62 -7.7856e-78 -6.1206e-99 -4.1780e-127 -4.5673e-165 -8.7448e-217 -4.3953e-288 0.0000e+00 0.0000e+00 0.0000e+00 0.0000e+00 0.0000e+00 0.0000e+00 0.0000e+00 0.0000e+00 0.0000e+00 0.0000e+00 0.0000e+00 0.0000e+00 0.0000e+00 0.0000e+00 0.0000e+00 0.0000e+00 0.0000e+00 0.0000e+00 0.0000e+00 0.0000e+00 0.0000e+00 1.6314e-10 9.2376e-10 2.5497e-09 5.2459e-09 9.1908e-09 1.4550e-08 0.0000e+00 3.0140e-08 4.0683e-08 5.3271e-08 6.8068e-08 8.5245e-08 1.0498e-07 1.2747e-07 1.5291e-07 1.8151e-07 2.1350e-07 2.4912e-07 2.8864e-07 3.3231e-07 3.8043e-07 4.3331e-07 4.9125e-07 5.5459e-07 6.2367e-07 6.9881e-07 7.8036e-07 8.6863e-07 9.6389e-07 1.0664e-06 1.1763e-06 1.2935e-06 1.4181e-06 1.5496e-06 1.6874e-06 1.8305e-06 1.9775e-06 2.1262e-06 2.2738e-06 2.4166e-06 2.5501e-06 2.6684e-06 2.7648e-06 2.8312e-06 2.8591e-06 2.8397e-06 2.7648e-06 2.6284e-06 2.4280e-06 2.1664e-06 1.8537e-06 1.5076e-06 1.1528e-06 8.1779e-07 5.2936e-07 3.0634e-07 1.5450e-07 6.5795e-08 2.2737e-08 6.0664e-09 1.1734e-09 1.5194e-10 1.1897e-11 4.9467e-13 9.2368e-15 6.2353e-17 1.1469e-19 3.9666e-23 1.5800e-27 3.7742e-33 2.2515e-40 1.0246e-49 7.0344e-62 7.7796e-78 6.1146e-99 4.1726e-127 4.5597e-165 8.7254e-217 4.3823e-288 0.0000e+00 0.0000e+00 0.0000e+00 0.0000e+00 0.0000e+00 0.0000e+00 0.0000e+00 0.0000e+00 0.0000e+00 0.0000e+00 0.0000e+00 0.0000e+00 0.0000e+00 0.0000e+00 0.0000e+00 0.0000e+00 0.0000e+00 0.0000e+00 0.0000e+00 0.0000e+00 0.0000e+00
-2.2890e-10 -1.2961e-09 -3.5775e-09 -7.3605e-09 -1.2896e-08 -2.0415e-08 -3.0140e-08 1.2933e-06 -5.7083e-08 -7.4745e-08 -9.5506e-08 -1.1961e-07 -1.4730e-07 -1.7885e-07 -2.1454e-07 -2.5467e-07 -2.9956e-07 -3.4955e-07 -4.0499e-07 -4.6627e-07 -5.3379e-07 -6.0798e-07 -6.8928e-07 -7.7815e-07 -8.7507e-07 -9.8051e-07 -1.0949e-06 -1.2188e-06 -1.3524e-06 -1.4963e-06 -1.6504e-06 -1.8150e-06 -1.9898e-06 -2.1743e-06 -2.3676e-06 -2.5685e-06 -2.7746e-06 -2.9832e-06 -3.1903e-06 -3.3908e-06 -3.5781e-06 -3.7441e-06 -3.8793e-06 -3.9725e-06 -4.0117e-06 -3.9844e-06 -3.8794e-06 -3.6880e-06 -3.4067e-06 -3.0397e-06 -2.6010e-06 -2.1154e-06 -1.6176e-06 -1.1475e-06 -7.4278e-07 -4.2984e-07 -2.1679e-07 -9.2322e-08 -3.1905e-08 -8.5126e-09 -1.6466e-09 -2.1321e-10 -1.6696e-11 -6.9420e-13 -1.2963e-14 -8.7512e-17 -1.6098e-19 -5.5679e-23 -2.2181e-27 -5.2991e-33 -3.1618e-40 -1.4392e-49 -9.8833e-62 -1.0934e-77 -8.5984e-99 -5.8715e-127 -6.4219e-165 -1.2304e-216 -6.1899e-288 0.0000e+00 0.0000e+00 0.0000e+00 0.0000e+00 0.0000e+00 0.0000e+00 0.0000e+00 0.0000e+00 0.0000e+00 0.0000e+00 0.0000e+00 0.0000e+00 0.0000e+00 0.0000e+00 0.0000e+00 0.0000e+00 0.0000e+00 0.0000e+00 0.0000e+00 0.0000e+00 0.0000e+00 2.2890e-10 1.2961e-09 3.5775e-09 7.3605e-09 1.2896e-08 2.0415e-08 3.0140e-08 0.0000e+00 5.7083e-08 7.4745e-08 9.5506e-08 1.1961e-07 1.4730e-07 1.7885e-07 2.1454e-07 2.5467e-07 2.9956e-07 3.4955e-07 4.0499e-07 4.6627e-07 5.3379e-07 6.0798e-07 6.8928e-07 7.7815e-07 8.7507e-07 9.8051e-07 1.0949e-06 1.2188e-06 1.3524e-06 1.4963e-06 1.6504e-06 1.8150e-06 1.9898e-06 2.1743e-06 2.3676e-06 2.5685e-06 2.7746e-06 2.9832e-06 3.1903e-06 3.3908e-06 3.5781e-06 3.7441e-06 3.8793e-06 3.9725e-06 4.0116e-06 3.9844e-06 3.8794e-06 3.6880e-06 3.4067e-06 3.0397e-06 2.6009e-06 2.1153e-06 1.6175e-06 1.1475e-06 7.4275e-07 4.2982e-07 2.1678e-07 9.2317e-08 3.1903e-08 8.5119e-09 1.6464e-09 2.1318e-10 1.6693e-11 6.9407e-13 1.2960e-14 8.7488e-17 1.6092e-19 5.5656e-23 2.2169e-27 5.2956e-33 3.1592e-40 1.4377e-49 9.8700e-62 1.0916e-77 8.5794e-99 5.8546e-127 6.3977e-165 1.2243e-216 6.1489e-288 0.0000e+00 0.0000e+00 0.0000e+00 0.0000e+00 0.0000e+00 0.0000e+00 0.0000e+00 0.0000e+00 0.0000e+00 0.0000e+00 0.0000e+00 0.0000e+00 0.0000e+00 0.0000e+00 0.0000e+00 0.0000e+00 0.0000e+00 0.0000e+00 0.0000e+00 0.0000e+00 0.0000e+00
-3.0898e-10 -1.7496e-09 -4.8290e-09 -9.9354e-09 -1.7407e-08 -2.7556e-08 -4.0683e-08 -5.7083e-08 2.6438e-06 -1.0089e-07 -1.2892e-07 -1.6145e-07 -1.9883e-07 -2.4142e-07 -2.8960e-07 -3.4377e-07 -4.0436e-07 -4.7183e-07 -5.4666e-07 -6.2938e-07 -7.2052e-07 -8.2067e-07 -9.3041e-07 -1.0504e-06 -1.1812e-06 -1.3235e-06 -1.4780e-06 -1.6451e-06 -1.8256e-06 -2.0197e-06 -2.2278e-06 -2.4499e-06 -2.6858e-06 -2.9349e-06 -3.1959e-06 -3.4670e-06 -3.7453e-06 -4.0268e-06 -4.3064e-06 -4.5770e-06 -4.8298e-06 -5.0539e-06 -5.2364e-06 -5.3622e-06 -5.4151e-06 -5.3783e-06 -5.2366e-06 -4.9782e-06 -4.5986e-06 -4.1032e-06 -3.5109e-06 -2.8554e-06 -2.1835e-06 -1.5489e-06 -1.0027e-06 -5.8023e-07 -2.9265e-07 -1.2463e-07 -4.3069e-08 -1.1491e-08 -2.2228e-09 -2.8783e-10 -2.2540e-11 -9.3723e-13 -1.7502e-14 -1.1816e-16 -2.1737e-19 -7.5191e-23 -2.9957e-27 -7.1578e-33 -4.2716e-40 -1.9448e-49 -1.3359e-61 -1.4786e-77 -1.1633e-98 -7.9492e-127 -8.7025e-165 -1.6694e-216 -8.4132e-288 0.0000e+00 0.0000e+00 0.0000e+00 0.0000e+00 0.0000e+00 0.0000e+00 0.0000e+00 0.0000e+00 0.0000e+00 0.0000e+00 0.0000e+00 0.0000e+00 0.0000e+00 0.0000e+00 0.0000e+00 0.0000e+00 0.0000e+00 0.0000e+00 0.0000e+00 0.0000e+00 0.0000e+00 3.0898e-10 1.7496e-09 4.8290e-09 9.9354e-09 1.7407e-08 2.7556e-08 4.0683e-08 5.7083e-08 0.0000e+00 1.0089e-07 1.2892e-07 1.6145e-07 1.9883e-07 2.4142e-07 2.8960e-07 3.4377e-07 4.0436e-07 4.7183e-07 5.4666e-07 6.2938e-07 7.2052e-07 8.2067e-07 9.3041e-07 1.0504e-06 1.1812e-06 1.3235e-06 1.4780e-06 1.6451e-06 1.8256e-06 2.0197e-06 2.2278e-06 2.4499e-06 2.6858e-06 2.9349e-06 3.1959e-06 3.4670e-06 3.7452e-06 4.0268e-06 4.3064e-06 4.5770e-06 4.8298e-06 5.0539e-06 5.2363e-06 5.3621e-06 5.4150e-06 5.3782e-06 5.2365e-06 4.9781e-06 4.5985e-06 4.1030e-06 3.5108e-06 2.8553e-06 2.1834e-06 1.5489e-06 1.0026e-06 5.8019e-07 2.9262e-07 1.2461e-07 4.3063e-08 1.1490e-08 2.2224e-09 2.8776e-10 2.2533e-11 9.3688e-13 1.7494e-14 1.1809e-16 2.1722e-19 7.5126e-23 2.9925e-27 7.1481e-33 4.2643e-40 1.9406e-49 1.3323e-61 1.4734e-77 1.1581e-98 7.9027e-127 8.6358e-165 1.6526e-216 8.2999e-288 0.0000e+00 0.0000e+00 0.0000e+00 0.0000e+00 0.0000e+00 0.0000e+00 0.0000e+00 0.0000e+00 0.0000e+00 0.0000e+00 0.0000e+00 0.0000e+00 0.0000e+00 0.0000e+00 0.0000e+00 0.0000e+00 0.0000e+00 0.0000e+00 0.0000e+00 0.0000e+00 0.0000e+00
-4.0458e-10 -2.2909e-09 -6.3231e-09 -1.3009e-08 -2.2793e-08 -3.6083e-08 -5.3271e-08 -7.4745e-08 -1.0089e-07 5.0212e-06 -1.6881e-07 -2.1140e-07 -2.6035e-07 -3.1612e-07 -3.7920e-07 -4.5013e-07 -5.2947e-07 -6.1782e-07 -7.1581e-07 -8.2412e-07 -9.4346e-07 -1.0746e-06 -1.2183e-06 -1.3754e-06 -1.5467e-06 -1.7330e-06 -1.9353e-06 -2.1542e-06 -2.3904e-06 -2.6446e-06 -2.9171e-06 -3.2079e-06 -3.5169e-06 -3.8430e-06 -4.1848e-06 -4.5397e-06 -4.9041e-06 -5.2728e-06 -5.6389e-06 -5.9932e-06 -6.3242e-06 -6.6177e-06 -6.8566e-06 -7.0213e-06 -7.0906e-06 -7.0425e-06 -6.8569e-06 -6.5186e-06 -6.0215e-06 -5.3728e-06 -4.5973e-06 -3.7390e-06 -2.8592e-06 -2.0283e-06 -1.3130e-06 -7.5981e-07 -3.8323e-07 -1.6320e-07 -5.6403e-08 -1.5049e-08 -2.9111e-09 -3.7697e-10 -2.9522e-11 -1.2276e-12 -2.2927e-14 -1.5480e-16 -2.8480e-19 -9.8532e-23 -3.9264e-27 -9.3839e-33 -5.6018e-40 -2.5514e-49 -1.7536e-61 -1.9422e-77 -1.5294e-98 -1.0464e-126 -1.1474e-164 -2.2059e-216 -1.1150e-287 0.0000e+00 0.0000e+00 0.0000e+00 0.0000e+00 0.0000e+00 0.0000e+00 0.0000e+00 0.0000e+00 0.0000e+00 0.0000e+00 0.0000e+00 0.0000e+00 0.0000e+00 0.0000e+00 0.0000e+00 0.0000e+00 0.0000e+00 0.0000e+00 0.0000e+00 0.0000e+00 0.0000e+00 4.0458e-10 2.2909e-09 6.3231e-09 1.3009e-08 2.2793e-08 3.6083e-08 5.3271e-08 7.4745e-08 1.0089e-07 0.0000e+00 1.6881e-07 2.1140e-07 2.6035e-07 3.1612e-07 3.7920e-07 4.5013e-07 5.2947e-07 6.1782e-07 7.1581e-07 8.2412e-07 9.4346e-07 1.0746e-06 1.2183e-06 1.3754e-06 1.5467e-06 1.7330e-06 1.9353e-06 2.1542e-06 2.3904e-06 2.6446e-06 2.9171e-06 3.2079e-06 3.5169e-06 3.8430e-06 4.1848e-06 4.5397e-06 4.9041e-06 5.2728e-06 5.6388e-06 5.9931e-06 6.3242e-06 6.6176e-06 6.8565e-06 7.0212e-06 7.0905e-06 7.0423e-06 6.8567e-06 6.5184e-06 6.0213e-06 5.3726e-06 4.5970e-06 3.7388e-06 2.8589e-06 2.0281e-06 1.3128e-06 7.5970e-07 3.8316e-07 1.6317e-07 5.6388e-08 1.5044e-08 2.9100e-09 3.7679e-10 2.9505e-11 1.2268e-12 2.2907e-14 1.5463e-16 2.8443e-19 9.8370e-23 3.9184e-27 9.3598e-33 5.5837e-40 2.5410e-49 1.7445e-61 1.9293e-77 1.5164e-98 1.0348e-126 1.1308e-164 2.1639e-216 1.0868e-287 0.0000e+00 0.0000e+00 0.0000e+00 0.0000e+00 0.0000e+00 0.0000e+00 0.0000e+00 0.0000e+00 0.0000e+00 0.0000e+00 0.0000e+00 0.0000e+00 0.0000e+00 0.0000e+00 0.0000e+00 0.0000e+00 0.0000e+00 0.0000e+00 0.0000e+00 0.0000e+00 0.0000e+00
-5.1696e-10 -2.9272e-09 -8.0794e-09 -1.6623e-08 -2.9124e-08 -4.6105e-08 -6.8068e-08 -9.5506e-08 -1.2892e-07 -1.6881e-07 8.9873e-06 -2.7012e-07 -3.3266e-07 -4.0392e-07 -4.8453e-07 -5.7516e-07 -6.7654e-07 -7.8942e-07 -9.1463e-07 -1.0530e-06 -1.2055e-06 -1.3731e-06 -1.5567e-06 -1.7574e-06 -1.9763e-06 -2.2144e-06 -2.4728e-06 -2.7525e-06 -3.0544e-06 -3.3792e-06 -3.7273e-06 -4.0990e-06 -4.4937e-06 -4.9104e-06 -5.3471e-06 -5.8006e-06 -6.2663e-06 -6.7374e-06 -7.2051e-06 -7.6579e-06 -8.0809e-06 -8.4559e-06 -8.7612e-06 -8.9717e-06 -9.0602e-06 -8.9987e-06 -8.7616e-06 -8.3295e-06 -7.6943e-06 -6.8654e-06 -5.8745e-06 -4.7778e-06 -3.6536e-06 -2.5919e-06 -1.6778e-06 -9.7097e-07 -4.8974e-07 -2.0857e-07 -7.2084e-08 -1.9234e-08 -3.7209e-09 -4.8186e-10 -3.7739e-11 -1.5695e-12 -2.9315e-14 -1.9796e-16 -3.6429e-19 -1.2606e-22 -5.0252e-27 -1.2015e-32 -7.1760e-40 -3.2707e-49 -2.2499e-61 -2.4947e-77 -1.9675e-98 -1.3487e-126 -1.4829e-164 -2.8613e-216 -1.4535e-287 0.0000e+00 0.0000e+00 0.0000e+00 0.0000e+00 0.0000e+00 0.0000e+00 0.0000e+00 0.0000e+00 0.0000e+00 0.0000e+00 0.0000e+00 0.0000e+00 0.0000e+00 0.0000e+00 0.0000e+00 0.0000e+00 0.0000e+00 0.0000e+00 0.0000e+00 0.0000e+00 0.0000e+00 5.1696e-10 2.9272e-09 8.0794e-09 1.6623e-08 2.9124e-08 4.6105e-08 6.8068e-08 9.5506e-08 1.2892e-07 1.6881e-07 0.0000e+00 2.7012e-07 3.3266e-07 4.0392e-07 4.8453e-07 5.7516e-07 6.7654e-07 7.8942e-07 9.1463e-07 1.0530e-06 1.2055e-06 1.3731e-06 1.5567e-06 1.7574e-06 1.9763e-06 2.2144e-06 2.4728e-06 2.7525e-06 3.0544e-06 3.3792e-06 3.7273e-06 4.0990e-06 4.4937e-06 4.9104e-06 5.3471e-06 5.8006e-06 6.2662e-06 6.7373e-06 7.2051e-06 7.6578e-06 8.0808e-06 8.4557e-06 8.7609e-06 8.9714e-06 9.0599e-06 8.9984e-06 8.7612e-06 8.3290e-06 7.6937e-06 6.8649e-06 5.8739e-06 4.7772e-06 3.6530e-06 2.5914e-06 1.6774e-06 9.7071e-07 4.8958e-07 2.0849e-07 7.2050e-08 1.9223e-08 3.7183e-09 4.8145e-10 3.7700e-11 1.5675e-12 2.9270e-14 1.9758e-16 3.6343e-19 1.2569e-22 5.0067e-27 1.1960e-32 7.1347e-40 3.2468e-49 2.2291e-61 2.4652e-77 1.9376e-98 1.3222e-126 1.4449e-164 2.7649e-216 1.3886e-287 0.0000e+00 0.0000e+00 0.0000e+00 0.0000e+00 0.0000e+00 0.0000e+00 0.0000e+00 0.0000e+00 0.0000e+00 0.0000e+00 0.0000e+00 0.0000e+00 0.0000e+00 0.0000e+00 0.0000e+00 0.0000e+00 0.0000e+00 0.0000e+00 0.0000e+00 0.0000e+00 0.0000e+00
-6.4741e-10 -3.6659e-09 -1.0118e-08 -2.0818e-08 -3.6473e-08 -5.7739e-08 -8.5245e-08 -1.1961e-07 -1.6145e-07 -2.1140e-07 -2.7012e-07 1.5320e-05 -4.1661e-07 -5.0585e-07 -6.0680e-07 -7.2030e-07 -8.4726e-07 -9.8863e-07 -1.1454e-06 -1.3188e-06 -1.5097e-06 -1.7196e-06 -1.9495e-06 -2.2009e-06 -2.4750e-06 -2.7732e-06 -3.0968e-06 -3.4471e-06 -3.8252e-06 -4.2319e-06 -4.6679e-06 -5.1334e-06 -5.6277e-06 -6.1496e-06 -6.6965e-06 -7.2645e-06 -7.8476e-06 -8.4376e-06 -9.0234e-06 -9.5905e-06 -1.0120e-05 -1.0590e-05 -1.0972e-05 -1.1236e-05 -1.1347e-05 -1.1270e-05 -1.0973e-05 -1.0432e-05 -9.6364e-06 -8.5985e-06 -7.3575e-06 -5.9841e-06 -4.5760e-06 -3.2464e-06 -2.1015e-06 -1.2162e-06 -6.1347e-07 -2.6127e-07 -9.0304e-08 -2.4098e-08 -4.6621e-09 -6.0382e-10 -4.7297e-11 -1.9673e-12 -3.6753e-14 -2.4825e-16 -4.5698e-19 -1.5820e-22 -6.3095e-27 -1.5095e-32 -9.0234e-40 -4.1171e-49 -2.8360e-61 -3.1503e-77 -2.4905e-98 -1.7126e-126 -1.8909e-164 -3.6692e-216 -1.8781e-287 0.0000e+00 0.0000e+00 0.0000e+00 0.0000e+00 0.0000e+00 0.0000e+00 0.0000e+00 0.0000e+00 0.0000e+00 0.0000e+00 0.0000e+00 0.0000e+00 0.0000e+00 0.0000e+00 0.0000e+00 0.0000e+00 0.0000e+00 0.0000e+00 0.0000e+00 0.0000e+00 0.0000e+00 6.4741e-10 3.6659e-09 1.0118e-08 2.0818e-08 3.6473e-08 5.7739e-08 8.5245e-08 1.1961e-07 1.6145e-07 2.1140e-07 2.7012e-07 0.0000e+00 4.1661e-07 5.0585e-07 6.0680e-07 7.2030e-07 8.4726e-07 9.8863e-07 1.1454e-06 1.3188e-06 1.5097e-06 1.7196e-06 1.9495e-06 2.2009e-06 2.4750e-06 2.7732e-06 3.0968e-06 3.4471e-06 3.8252e-06 4.2319e-06 4.6679e-06 5.1333e-06 5.6277e-06 6.1495e-06 6.6964e-06 7.2644e-06 7.8475e-06 8.4375e-06 9.0233e-06 9.5903e-06 1.0120e-05 1.0590e-05 1.0972e-05 1.1235e-05 1.1346e-05 1.1269e-05 1.0972e-05 1.0431e-05 9.6353e-06 8.5972e-06 7.3562e-06 5.9828e-06 4.5749e-06 3.2454e-06 2.1007e-06 1.2157e-06 6.1313e-07 2.6110e-07 9.0232e-08 2.4074e-08 4.6566e-09 6.0295e-10 4.7213e-11 1.9631e-12 3.6656e-14 2.4744e-16 4.5514e-19 1.5741e-22 6.2702e-27 1.4978e-32 8.9351e-40 4.0662e-49 2.7915e-61 3.0873e-77 2.4265e-98 1.6558e-126 1.8094e-164 3.4625e-216 1.7390e-287 0.0000e+00 0.0000e+00 0.0000e+00 0.0000e+00 0.0000e+00 0.0000e+00 0.0000e+00 0.0000e+00 0.0000e+00 0.0000e+00 0.0000e+00 0.0000e+00 0.0000e+00 0.0000e+00 0.0000e+00 0.0000e+00 0.0000e+00 0.0000e+00 0.0000e+00 0.0000e+00 0.0000e+00
-7.9731e-10 -4.5147e-09 -1.2461e-08 -2.5638e-08 -4.4918e-08 -7.1108e-08 -1.0498e-07 -1.4730e-07 -1.9883e-07 -2.6035e-07 -3.3266e-07 -4.1661e-07 2.5072e-05 -6.2297e-07 -7.4729e-07 -8.8707e-07 -1.0434e-06 -1.2175e-06 -1.4106e-06 -1.6241e-06 -1.8593e-06 -2.1177e-06 -2.4009e-06 -2.7104e-06 -3.0480e-06 -3.4153e-06 -3.8138e-06 -4.2452e-06 -4.7108e-06 -5.2117e-06 -5.7487e-06 -6.3219e-06 -6.9307e-06 -7.5735e-06 -8.2470e-06 -8.9465e-06 -9.6646e-06 -1.0391e-05 -1.1113e-05 -1.1811e-05 -1.2464e-05 -1.3042e-05 -1.3513e-05 -1.3838e-05 -1.3974e-05 -1.3880e-05 -1.3514e-05 -1.2848e-05 -1.1868e-05 -1.0590e-05 -9.0620e-06 -7.3706e-06 -5.6365e-06 -3.9988e-06 -2.5887e-06 -1.4983e-06 -7.5577e-07 -3.2190e-07 -1.1127e-07 -2.9695e-08 -5.7459e-09 -7.4431e-10 -5.8313e-11 -2.4261e-12 -4.5339e-14 -3.0637e-16 -5.6424e-19 -1.9546e-22 -7.8013e-27 -1.8683e-32 -1.1182e-39 -5.1103e-49 -3.5277e-61 -3.9294e-77 -3.1175e-98 -2.1540e-126 -2.3932e-164 -4.6830e-216 -2.4241e-287 0.0000e+00 0.0000e+00 0.0000e+00 0.0000e+00 0.0000e+00 0.0000e+00 0.0000e+00 0.0000e+00 0.0000e+00 0.0000e+00 0.0000e+00 0.0000e+00 0.0000e+00 0.0000e+00 0.0000e+00 0.0000e+00 0.0000e+00 0.0000e+00 0.0000e+00 0.0000e+00 0.0000e+00 7.9731e-10 4.5147e-09 1.2461e-08 2.5638e-08 4.4918e-08 7.1108e-08 1.0498e-07 1.4730e-07 1.9883e-07 2.6035e-07 3.3266e-07 4.1661e-07 0.0000e+00 6.2297e-07 7.4729e-07 8.8707e-07 1.0434e-06 1.2175e-06 1.4106e-06 1.6241e-06 1.8593e-06 2.1177e-06 2.4009e-06 2.7104e-06 3.0480e-06 3.4153e-06 3.8138e-06 4.2452e-06 4.7108e-06 5.2117e-06 5.7487e-06 6.3219e-06 6.9307e-06 7.5734e-06 8.2469e-06 8.9463e-06 9.6644e-06 1.0391e-05 1.1112e-05 1.1811e-05 1.2463e-05 1.3041e-05 1.3512e-05 1.3837e-05 1.3973e-05 1.3878e-05 1.3512e-05 1.2846e-05 1.1866e-05 1.0588e-05 9.0594e-06 7.3680e-06 5.6341e-06 3.9968e-06 2.5871e-06 1.4971e-06 7.5509e-07 3.2156e-07 1.1112e-07 2.9648e-08 5.7348e-09 7.4255e-10 5.8145e-11 2.4176e-12 4.5143e-14 3.0473e-16 5.6052e-19 1.9386e-22 7.7219e-27 1.8445e-32 1.1004e-39 5.0076e-49 3.4379e-61 3.8021e-77 2.9883e-98 2.0392e-126 2.2283e-164 4.2639e-216 2.1414e-287 0.0000e+00 0.0000e+00 0.0000e+00 0.0000e+00 0.0000e+00 0.0000e+00 0.0000e+00 0.0000e+00 0.0000e+00 0.0000e+00 0.0000e+00 0.0000e+00 0.0000e+00 0.0000e+00 0.0000e+00 0.0000e+00 0.0000e+00 0.0000e+00 0.0000e+00 0.0000e+00 0.0000e+00
-9.6810e-10 -5.4817e-09 -1.5130e-08 -3.1129e-08 -5.4539e-08 -8.6339e-08 -1.2747e-07 -1.7885e-07 -2.4142e-07 -3.1612e-07 -4.0392e-07 -5.0585e-07 -6.2297e-07 3.9635e-05 -9.0736e-07 -1.0771e-06 -1.2669e-06 -1.4783e-06 -1.7128e-06 -1.9720e-06 -2.2575e-06 -2.5713e-06 -2.9151e-06 -3.2910e-06 -3.7009e-06 -4.1468e-06 -4.6308e-06 -5.1545e-06 -5.7199e-06 -6.3281e-06 -6.9801e-06 -7.6761e-06 -8.4153e-06 -9.1957e-06 -1.0014e-05 -1.0863e-05 -1.1735e-05 -1.2617e-05 -1.3493e-05 -1.4341e-05 -1.5134e-05 -1.5836e-05 -1.6408e-05 -1.6803e-05 -1.6969e-05 -1.6854e-05 -1.6410e-05 -1.5601e-05 -1.4412e-05 -1.2860e-05 -1.1005e-05 -8.9511e-06 -6.8455e-06 -4.8568e-06 -3.1443e-06 -1.8200e-06 -9.1813e-07 -3.9110e-07 -1.3521e-07 -3.6090e-08 -6.9845e-09 -9.0497e-10 -7.0922e-11 -2.9519e-12 -5.5190e-14 -3.7315e-16 -6.8772e-19 -2.3845e-22 -9.5284e-27 -2.2853e-32 -1.3704e-39 -6.2777e-49 -4.3470e-61 -4.8616e-77 -3.8774e-98 -2.6975e-126 -3.0242e-164 -5.9885e-216 -3.1489e-287 0.0000e+00 0.0000e+00 0.0000e+00 0.0000e+00 0.0000e+00 0.0000e+00 0.0000e+00 0.0000e+00 0.0000e+00 0.0000e+00 0.0000e+00 0.0000e+00 0.0000e+00 0.0000e+00 0.0000e+00 0.0000e+00 0.0000e+00 0.0000e+00 0.0000e+00 0.0000e+00 0.0000e+00 9.6810e-10 5.4817e-09 1.5130e-08 3.1129e-08 5.4539e-08 8.6339e-08 1.2747e-07 1.7885e-07 2.4142e-07 3.1612e-07 4.0392e-07 5.0585e-07 6.2297e-07 0.0000e+00 9.0736e-07 1.0771e-06 1.2669e-06 1.4783e-06 1.7128e-06 1.9720e-06 2.2575e-06 2.5713e-06 2.9151e-06 3.2910e-06 3.7009e-06 4.1468e-06 4.6307e-06 5.1545e-06 5.7198e-06 6.3281e-06 6.9800e-06 7.6760e-06 8.4152e-06 9.1956e-06 1.0013e-05 1.0863e-05 1.1735e-05 1.2617e-05 1.3493e-05 1.4341e-05 1.5133e-05 1.5835e-05 1.6406e-05 1.6801e-05 1.6966e-05 1.6851e-05 1.6407e-05 1.5597e-05 1.4408e-05 1.2856e-05 1.1000e-05 8.9462e-06 6.8409e-06 4.8529e-06 3.1413e-06 1.8178e-06 9.1683e-07 3.9043e-07 1.3493e-07 3.5999e-08 6.9631e-09 9.0160e-10 7.0599e-11 2.9354e-12 5.4812e-14 3.7001e-16 6.8058e-19 2.3538e-22 9.3759e-27 2.2396e-32 1.3361e-39 6.0802e-49 4.1742e-61 4.6164e-77 3.6283e-98 2.4759e-126 2.7054e-164 5.1765e-216 2.5994e-287 0.0000e+00 0.0000e+00 0.0000e+00 0.0000e+00 0.0000e+00 0.0000e+00 0.0000e+00 0.0000e+00 0.0000e+00 0.0000e+00 0.0000e+00 0.0000e+00 0.0000e+00 0.0000e+00 0.0000e+00 0.0000e+00 0.0000e+00 0.0000e+00 0.0000e+00 0.0000e+00 0.0000e+00
-1.1613e-09 -6.5756e-09 -1.8149e-08 -3.7342e-08 -6.5423e-08 -1.0357e-07 -1.5291e-07 -2.1454e-07 -2.8960e-07 -3.7920e-07 -4.8453e-07 -6.0680e-07 -7.4729e-07 -9.0736e-07 6.0828e-05 -1.2920e-06 -1.5198e-06 -1.7733e-06 -2.0546e-06 -2.3655e-06 -2.7080e-06 -3.0844e-06 -3.4969e-06 -3.9478e-06 -4.4395e-06 -4.9744e-06 -5.5549e-06 -6.1832e-06 -6.8613e-06 -7.5910e-06 -8.3731e-06 -9.2080e-06 -1.0095e-05 -1.1031e-05 -1.2012e-05 -1.3031e-05 -1.4077e-05 -1.5135e-05 -1.6186e-05 -1.7204e-05 -1.8154e-05 -1.8997e-05 -1.9683e-05 -2.0157e-05 -2.0357e-05 -2.0219e-05 -1.9688e-05 -1.8717e-05 -1.7291e-05 -1.5430e-05 -1.3204e-05 -1.0741e-05 -8.2145e-06 -5.8285e-06 -3.7738e-06 -2.1845e-06 -1.1022e-06 -4.6958e-07 -1.6237e-07 -4.3350e-08 -8.3920e-09 -1.0877e-09 -8.5282e-11 -3.5515e-12 -6.6445e-14 -4.4963e-16 -8.2956e-19 -2.8801e-22 -1.1528e-26 -2.7707e-32 -1.6659e-39 -7.6581e-49 -5.3263e-61 -5.9909e-77 -4.8134e-98 -3.3809e-126 -3.8377e-164 -7.7225e-216 -4.1463e-287 0.0000e+00 0.0000e+00 0.0000e+00 0.0000e+00 0.0000e+00 0.0000e+00 0.0000e+00 0.0000e+00 0.0000e+00 0.0000e+00 0.0000e+00 0.0000e+00 0.0000e+00 0.0000e+00 0.0000e+00 0.0000e+00 0.0000e+00 0.0000e+00 0.0000e+00 0.0000e+00 0.0000e+00 1.1613e-09 6.5756e-09 1.8149e-08 3.7342e-08 6.5423e-08 1.0357e-07 1.5291e-07 2.1454e-07 2.8960e-07 3.7920e-07 4.8453e-07 6.0680e-07 7.4729e-07 9.0736e-07 0.0000e+00 1.2920e-06 1.5198e-06 1.7733e-06 2.0546e-06 2.3655e-06 2.7080e-06 3.0844e-06 3.4969e-06 3.9478e-06 4.4395e-06 4.9744e-06 5.5548e-06 6.1832e-06 6.8613e-06 7.5909e-06 8.3730e-06 9.2078e-06 1.0095e-05 1.1031e-05 1.2012e-05 1.3030e-05 1.4076e-05 1.5135e-05 1.6185e-05 1.7202e-05 1.8152e-05 1.8995e-05 1.9680e-05 2.0153e-05 2.0352e-05 2.0214e-05 1.9681e-05 1.8710e-05 1.7283e-05 1.5421e-05 1.3195e-05 1.0732e-05 8.2061e-06 5.8213e-06 3.7682e-06 2.1806e-06 1.0998e-06 4.6835e-07 1.6185e-07 4.3183e-08 8.3527e-09 1.0815e-09 8.4688e-11 3.5212e-12 6.5750e-14 4.4385e-16 8.1639e-19 2.8235e-22 1.1247e-26 2.6866e-32 1.6027e-39 7.2934e-49 5.0071e-61 5.5374e-77 4.3520e-98 2.9696e-126 3.2446e-164 6.2074e-216 3.1162e-287 0.0000e+00 0.0000e+00 0.0000e+00 0.0000e+00 0.0000e+00 0.0000e+00 0.0000e+00 0.0000e+00 0.0000e+00 0.0000e+00 0.0000e+00 0.0000e+00 0.0000e+00 0.0000e+00 0.0000e+00 0.0000e+00 0.0000e+00 0.0000e+00 0.0000e+00 0.0000e+00 0.0000e+00
-1.3785e-09 -7.8056e-09 -2.1544e-08 -4.4326e-08 -7.7661e-08 -1.2294e-07 -1.8151e-07 -2.5467e-07 -3.4377e-07 -4.5013e-07 -5.7516e-07 -7.2030e-07 -8.8707e-07 -1.0771e-06 -1.2920e-06 9.0985e-05 -1.8040e-06 -2.1050e-06 -2.4389e-06 -2.8080e-06 -3.2146e-06 -3.6614e-06 -4.1510e-06 -4.6862e-06 -5.2699e-06 -5.9049e-06 -6.5939e-06 -7.3398e-06 -8.1448e-06 -9.0109e-06 -9.9394e-06 -1.0930e-05 -1.1983e-05 -1.3094e-05 -1.4259e-05 -1.5469e-05 -1.6710e-05 -1.7967e-05 -1.9215e-05 -2.0423e-05 -2.1551e-05 -2.2552e-05 -2.3367e-05 -2.3930e-05 -2.4167e-05 -2.4005e-05 -2.3374e-05 -2.2223e-05 -2.0531e-05 -1.8322e-05 -1.5680e-05 -1.2755e-05 -9.7559e-06 -6.9229e-06 -4.4829e-06 -2.5954e-06 -1.3097e-06 -5.5814e-07 -1.9304e-07 -5.1557e-08 -9.9849e-09 -1.2949e-09 -1.0159e-10 -4.2337e-12 -7.9284e-14 -5.3715e-16 -9.9251e-19 -3.4523e-22 -1.3851e-26 -3.3388e-32 -2.0151e-39 -9.3075e-49 -6.5132e-61 -7.3831e-77 -5.9916e-98 -4.2626e-126 -4.9183e-164 -1.0105e-215 -5.5704e-287 0.0000e+00 0.0000e+00 0.0000e+00 0.0000e+00 0.0000e+00 0.0000e+00 0.0000e+00 0.0000e+00 0.0000e+00 0.0000e+00 0.0000e+00 0.0000e+00 0.0000e+00 0.0000e+00 0.0000e+00 0.0000e+00 0.0000e+00 0.0000e+00 0.0000e+00 0.0000e+00 0.0000e+00 1.3785e-09 7.8056e-09 2.1544e-08 4.4326e-08 7.7661e-08 1.2294e-07 1.8151e-07 2.5467e-07 3.4377e-07 4.5013e-07 5.7516e-07 7.2030e-07 8.8707e-07 1.0771e-06 1.2920e-06 0.0000e+00 1.8040e-06 2.1050e-06 2.4389e-06 2.8080e-06 3.2146e-06 3.6614e-06 4.1510e-06 4.6862e-06 5.2699e-06 5.9048e-06 6.5939e-06 7.3397e-06 8.1447e-06 9.0108e-06 9.9392e-06 1.0930e-05 1.1983e-05 1.3094e-05 1.4258e-05 1.5468e-05 1.6709e-05 1.7966e-05 1.9213e-05 2.0420e-05 2.1548e-05 2.2548e-05 2.3362e-05 2.3923e-05 2.4159e-05 2.3995e-05 2.3362e-05 2.2210e-05 2.0516e-05 1.8306e-05 1.5663e-05 1.2739e-05 9.7411e-06 6.9102e-06 4.4730e-06 2.5885e-06 1.3055e-06 5.5595e-07 1.9213e-07 5.1260e-08 9.9151e-09 1.2838e-09 1.0053e-10 4.1798e-12 7.8049e-14 5.2687e-16 9.6910e-19 3.3517e-22 1.3351e-26 3.1890e-32 1.9024e-39 8.6574e-49 5.9434e-61 6.5726e-77 5.1654e-98 3.5242e-126 3.8500e-164 7.3631e-216 3.6942e-287 0.0000e+00 0.0000e+00 0.0000e+00 0.0000e+00 0.0000e+00 0.0000e+00 0.0000e+00 0.0000e+00 0.0000e+00 0.0000e+00 0.0000e+00 0.0000e+00 0.0000e+00 0.0000e+00 0.0000e+00 0.0000e+00 0.0000e+00 0.0000e+00 0.0000e+00 0.0000e+00 0.0000e+00
-1.6215e-09 -9.1814e-09 -2.5342e-08 -5.2139e-08 -9.1349e-08 -1.4461e-07 -2.1350e-07 -2.9956e-07 -4.0436e-07 -5.2947e-07 -6.7654e-07 -8.4726e-07 -1.0434e-06 -1.2669e-06 -1.5198e-06 -1.8040e-06 1.3307e-04 -2.4761e-06 -2.8688e-06 -3.3029e-06 -3.7812e-06 -4.3067e-06 -4.8826e-06 -5.5122e-06 -6.1988e-06 -6.9457e-06 -7.7562e-06 -8.6335e-06 -9.5805e-06 -1.0599e-05 -1.1691e-05 -1.2857e-05 -1.4095e-05 -1.5403e-05 -1.6773e-05 -1.8196e-05 -1.9656e-05 -2.1135e-05 -2.2603e-05 -2.4024e-05 -2.5352e-05 -2.6529e-05 -2.7489e-05 -2.8151e-05 -2.8431e-05 -2.8241e-05 -2.7500e-05 -2.6147e-05 -2.4158e-05 -2.1560e-05 -1.8452e-05 -1.5012e-05 -1.1484e-05 -8.1501e-06 -5.2785e-06 -3.0567e-06 -1.5429e-06 -6.5771e-07 -2.2757e-07 -6.0806e-08 -1.1783e-08 -1.5291e-09 -1.2007e-10 -5.0092e-12 -9.3933e-14 -6.3745e-16 -1.1802e-18 -4.1158e-22 -1.6566e-26 -4.0096e-32 -2.4323e-39 -1.1308e-48 -7.9776e-61 -9.1371e-77 -7.5125e-98 -5.4334e-126 -6.4001e-164 -1.3493e-215 -7.6771e-287 0.0000e+00 0.0000e+00 0.0000e+00 0.0000e+00 0.0000e+00 0.0000e+00 0.0000e+00 0.0000e+00 0.0000e+00 0.0000e+00 0.0000e+00 0.0000e+00 0.0000e+00 0.0000e+00 0.0000e+00 0.0000e+00 0.0000e+00 0.0000e+00 0.0000e+00 0.0000e+00 0.0000e+00 1.6215e-09 9.1814e-09 2.5342e-08 5.2139e-08 9.1349e-08 1.4461e-07 2.1350e-07 2.9956e-07 4.0436e-07 5.2947e-07 6.7654e-07 8.4726e-07 1.0434e-06 1.2669e-06 1.5198e-06 1.8040e-06 0.0000e+00 2.4761e-06 2.8688e-06 3.3029e-06 3.7812e-06 4.3067e-06 4.8826e-06 5.5122e-06 6.1987e-06 6.9456e-06 7.7561e-06 8.6334e-06 9.5803e-06 1.0599e-05 1.1691e-05 1.2857e-05 1.4095e-05 1.5402e-05 1.6772e-05 1.8194e-05 1.9654e-05 2.1132e-05 2.2599e-05 2.4019e-05 2.5346e-05 2.6522e-05 2.7479e-05 2.8140e-05 2.8417e-05 2.8224e-05 2.7480e-05 2.6124e-05 2.4132e-05 2.1532e-05 1.8424e-05 1.4984e-05 1.1458e-05 8.1282e-06 5.2614e-06 3.0447e-06 1.5356e-06 6.5394e-07 2.2599e-07 6.0295e-08 1.1663e-08 1.5101e-09 1.1825e-10 4.9166e-12 9.1806e-14 6.1973e-16 1.1399e-18 3.9424e-22 1.5704e-26 3.7510e-32 2.2377e-39 1.0183e-48 6.9902e-61 7.7298e-77 6.0740e-98 4.1433e-126 4.5246e-164 8.6477e-216 4.3333e-287 0.0000e+00 0.0000e+00 0.0000e+00 0.0000e+00 0.0000e+00 0.0000e+00 0.0000e+00 0.0000e+00 0.0000e+00 0.0000e+00 0.0000e+00 0.0000e+00 0.0000e+00 0.0000e+00 0.0000e+00 0.0000e+00 0.0000e+00 0.0000e+00 0.0000e+00 0.0000e+00 0.0000e+00
