-7.4034e-10 -8.0180e-12 -2.2131e-11 -4.5533e-11 -7.9774e-11 -1.2629e-10 -1.8644e-10 -2.6159e-10 -3.5308e-10 -4.6228e-10 -5.9058e-10 -7.3940e-10 -9.1020e-10 -1.1045e-09 -1.3236e-09 -1.5691e-09 -1.8422e-09 -2.1441e-09 -2.4756e-09 -2.8370e-09 -3.2281e-09 -3.6476e-09 -4.0930e-09 -4.5602e-09 -5.0428e-09 -5.5316e-09 -6.0146e-09 -6.4754e-09 -6.8939e-09 -7.2457e-09 -7.5026e-09 -7.6343e-09 -7.6105e-09 -7.4053e-09 -7.0018e-09 -6.3983e-09 -5.6144e-09 -4.6941e-09 -3.7046e-09 -2.7291e-09 -1.8516e-09 -1.1384e-09 -6.2206e-10 -2.9512e-10 -1.1818e-10 -3.8610e-11 -9.8767e-12 -1.8820e-12 -2.5147e-13 -2.1890e-14 -1.1349e-15 -3.1404e-17 -4.0551e-19 -2.0715e-21 -3.4149e-24 -1.4123e-27 -1.0717e-31 -1.0109e-36 -7.2811e-43 -2.1717e-50 -1.2396e-59 -5.0908e-71 -4.3276e-85 -1.5450e-102 -2.9717e-124 -2.1556e-151 -1.8431e-185 -1.9703e-228 -6.4829e-283 -0.0000e+00 -0.0000e+00 -0.0000e+00 -0.0000e+00 -0.0000e+00 -0.0000e+00 -0.0000e+00 -0.0000e+00 -0.0000e+00 -0.0000e+00 -0.0000e+00 -0.0000e+00 -0.0000e+00 -0.0000e+00 -0.0000e+00 -0.0000e+00 -0.0000e+00 -0.0000e+00 -0.0000e+00 -0.0000e+00 -0.0000e+00 -0.0000e+00 -0.0000e+00 -0.0000e+00 -0.0000e+00 -0.0000e+00 -0.0000e+00 -0.0000e+00 -0.0000e+00 -0.0000e+00 -0.0000e+00 0.0000e+00 -8.0180e-12 -2.2131e-11 -4.5533e-11 -7.9774e-11 -1.2629e-10 -1.8644e-10 -2.6159e-10 -3.5308e-10 -4.6228e-10 -5.9058e-10 -7.3940e-10 -9.1020e-10 -1.1045e-09 -1.3236e-09 -1.5691e-09 -1.8422e-09 -2.1441e-09 -2.4756e-09 -2.8370e-09 -3.2281e-09 -3.6476e-09 -4.0930e-09 -4.5602e-09 -5.0428e-09 -5.5316e-09 -6.0146e-09 -6.4754e-09 -6.8939e-09 -7.2457e-09 -7.5026e-09 -7.6343e-09 -7.6105e-09 -7.4053e-09 -7.0018e-09 -6.3983e-09 -5.6144e-09 -4.6941e-09 -3.7046e-09 -2.7291e-09 -1.8516e-09 -1.1384e-09 -6.2206e-10 -2.9512e-10 -1.1818e-10 -3.8610e-11 -9.8767e-12 -1.8820e-12 -2.5147e-13 -2.1890e-14 -1.1349e-15 -3.1404e-17 -4.0551e-19 -2.0715e-21 -3.4149e-24 -1.4123e-27 -1.0717e-31 -1.0109e-36 -7.2811e-43 -2.1717e-50 -1.2396e-59 -5.0908e-71 -4.3276e-85 -1.5450e-102 -2.9717e-124 -2.1556e-151 -1.8431e-185 -1.9703e-228 -6.4829e-283 -0.0000e+00 -0.0000e+00 -0.0000e+00 -0.0000e+00 -0.0000e+00 -0.0000e+00 -0.0000e+00 -0.0000e+00 -0.0000e+00 -0.0000e+00 -0.0000e+00 -0.0000e+00 -0.0000e+00 -0.0000e+00 -0.0000e+00 -0.0000e+00 -0.0000e+00 -0.0000e+00 -0.0000e+00 -0.0000e+00 -0.0000e+00 -0.0000e+00 -0.0000e+00 -0.0000e+00 -0.0000e+00 -0.0000e+00 -0.0000e+00 -0.0000e+00 -0.0000e+00 -0.0000e+00 -0.0000e+00
-8.0180e-12 3.0248e-10 -1.2531e-10 -2.5782e-10 -4.5171e-10 -7.1507e-10 -1.0557e-09 -1.4812e-09 -1.9993e-09 -2.6176e-09 -3.3440e-09 -4.1867e-09 -5.1539e-09 -6.2538e-09 -7.4947e-09 -8.8847e-09 -1.0431e-08 -1.2141e-08 -1.4018e-08 -1.6064e-08 -1.8279e-08 -2.0654e-08 -2.3176e-08 -2.5821e-08 -2.8554e-08 -3.1322e-08 -3.4057e-08 -3.6666e-08 -3.9036e-08 -4.1027e-08 -4.2482e-08 -4.3228e-08 -4.3093e-08 -4.1931e-08 -3.9646e-08 -3.6229e-08 -3.1791e-08 -2.6580e-08 -2.0977e-08 -1.5453e-08 -1.0484e-08 -6.4460e-09 -3.5223e-09 -1.6710e-09 -6.6917e-10 -2.1862e-10 -5.5925e-11 -1.0657e-11 -1.4239e-12 -1.2395e-13 -6.4259e-15 -1.7782e-16 -2.2961e-18 -1.1729e-20 -1.9337e-23 -7.9967e-27 -6.0684e-31 -5.7241e-36 -4.1228e-42 -1.2297e-49 -7.0190e-59 -2.8826e-70 -2.4504e-84 -8.7483e-102 -1.6827e-123 -1.2206e-150 -1.0436e-184 -1.1157e-227 -3.6709e-282 -0.0000e+00 -0.0000e+00 -0.0000e+00 -0.0000e+00 -0.0000e+00 -0.0000e+00 -0.0000e+00 -0.0000e+00 -0.0000e+00 -0.0000e+00 -0.0000e+00 -0.0000e+00 -0.0000e+00 -0.0000e+00 -0.0000e+00 -0.0000e+00 -0.0000e+00 -0.0000e+00 -0.0000e+00 -0.0000e+00 -0.0000e+00 -0.0000e+00 -0.0000e+00 -0.0000e+00 -0.0000e+00 -0.0000e+00 -0.0000e+00 -0.0000e+00 -0.0000e+00 -0.0000e+00 -0.0000e+00 -8.0180e-12 0.0000e+00 -1.2531e-10 -2.5782e-10 -4.5171e-10 -7.1507e-10 -1.0557e-09 -1.4812e-09 -1.9993e-09 -2.6176e-09 -3.3440e-09 -4.1867e-09 -5.1539e-09 -6.2538e-09 -7.4947e-09 -8.8847e-09 -1.0431e-08 -1.2141e-08 -1.4018e-08 -1.6064e-08 -1.8279e-08 -2.0654e-08 -2.3176e-08 -2.5821e-08 -2.8554e-08 -3.1322e-08 -3.4057e-08 -3.6666e-08 -3.9036e-08 -4.1027e-08 -4.2482e-08 -4.3228e-08 -4.3093e-08 -4.1931e-08 -3.9646e-08 -3.6229e-08 -3.1791e-08 -2.6580e-08 -2.0977e-08 -1.5453e-08 -1.0484e-08 -6.4460e-09 -3.5223e-09 -1.6710e-09 -6.6917e-10 -2.1862e-10 -5.5925e-11 -1.0657e-11 -1.4239e-12 -1.2395e-13 -6.4259e-15 -1.7782e-16 -2.2961e-18 -1.1729e-20 -1.9337e-23 -7.9967e-27 -6.0684e-31 -5.7241e-36 -4.1228e-42 -1.2297e-49 -7.0190e-59 -2.8826e-70 -2.4504e-84 -8.7483e-102 -1.6827e-123 -1.2206e-150 -1.0436e-184 -1.1157e-227 -3.6708e-282 -0.0000e+00 -0.0000e+00 -0.0000e+00 -0.0000e+00 -0.0000e+00 -0.0000e+00 -0.0000e+00 -0.0000e+00 -0.0000e+00 -0.0000e+00 -0.0000e+00 -0.0000e+00 -0.0000e+00 -0.0000e+00 -0.0000e+00 -0.0000e+00 -0.0000e+00 -0.0000e+00 -0.0000e+00 -0.0000e+00 -0.0000e+00 -0.0000e+00 -0.0000e+00 -0.0000e+00 -0.0000e+00 -0.0000e+00 -0.0000e+00 -0.0000e+00 -0.0000e+00 -0.0000e+00 -0.0000e+00
-2.2131e-11 -1.2531e-10 3.4814e-09 -7.1162e-10 -1.2468e-09 -1.9737e-09 -2.9139e-09 -4.0883e-09 -5.5182e-09 -7.2248e-09 -9.2300e-09 -1.1556e-08 -1.4225e-08 -1.7261e-08 -2.0686e-08 -2.4523e-08 -2.8791e-08 -3.3510e-08 -3.8690e-08 -4.4339e-08 -5.0451e-08 -5.7007e-08 -6.3969e-08 -7.1270e-08 -7.8812e-08 -8.6453e-08 -9.4000e-08 -1.0120e-07 -1.0774e-07 -1.1324e-07 -1.1726e-07 -1.1931e-07 -1.1894e-07 -1.1574e-07 -1.0943e-07 -9.9998e-08 -8.7747e-08 -7.3363e-08 -5.7899e-08 -4.2653e-08 -2.8938e-08 -1.7792e-08 -9.7220e-09 -4.6123e-09 -1.8470e-09 -6.0343e-10 -1.5436e-10 -2.9414e-11 -3.9302e-12 -3.4211e-13 -1.7736e-14 -4.9080e-16 -6.3377e-18 -3.2375e-20 -5.3372e-23 -2.2072e-26 -1.6750e-30 -1.5799e-35 -1.1380e-41 -3.3942e-49 -1.9374e-58 -7.9566e-70 -6.7638e-84 -2.4148e-101 -4.6447e-123 -3.3692e-150 -2.8809e-184 -3.0798e-227 -1.0134e-281 -0.0000e+00 -0.0000e+00 -0.0000e+00 -0.0000e+00 -0.0000e+00 -0.0000e+00 -0.0000e+00 -0.0000e+00 -0.0000e+00 -0.0000e+00 -0.0000e+00 -0.0000e+00 -0.0000e+00 -0.0000e+00 -0.0000e+00 -0.0000e+00 -0.0000e+00 -0.0000e+00 -0.0000e+00 -0.0000e+00 -0.0000e+00 -0.0000e+00 -0.0000e+00 -0.0000e+00 -0.0000e+00 -0.0000e+00 -0.0000e+00 -0.0000e+00 -0.0000e+00 -0.0000e+00 -0.0000e+00 -2.2131e-11 -1.2531e-10 0.0000e+00 -7.1162e-10 -1.2468e-09 -1.9737e-09 -2.9139e-09 -4.0883e-09 -5.5182e-09 -7.2248e-09 -9.2300e-09 -1.1556e-08 -1.4225e-08 -1.7261e-08 -2.0686e-08 -2.4523e-08 -2.8791e-08 -3.3510e-08 -3.8690e-08 -4.4339e-08 -5.0451e-08 -5.7007e-08 -6.3969e-08 -7.1270e-08 -7.8812e-08 -8.6453e-08 -9.4000e-08 -1.0120e-07 -1.0774e-07 -1.1324e-07 -1.1726e-07 -1.1931e-07 -1.1894e-07 -1.1574e-07 -1.0943e-07 -9.9998e-08 -8.7747e-08 -7.3363e-08 -5.7899e-08 -4.2653e-08 -2.8938e-08 -1.7792e-08 -9.7220e-09 -4.6123e-09 -1.8470e-09 -6.0343e-10 -1.5436e-10 -2.9414e-11 -3.9302e-12 -3.4211e-13 -1.7736e-14 -4.9080e-16 -6.3376e-18 -3.2375e-20 -5.3371e-23 -2.2072e-26 -1.6750e-30 -1.5799e-35 -1.1380e-41 -3.3941e-49 -1.9373e-58 -7.9564e-70 -6.7636e-84 -2.4147e-101 -4.6445e-123 -3.3690e-150 -2.8807e-184 -3.0795e-227 -1.0132e-281 -0.0000e+00 -0.0000e+00 -0.0000e+00 -0.0000e+00 -0.0000e+00 -0.0000e+00 -0.0000e+00 -0.0000e+00 -0.0000e+00 -0.0000e+00 -0.0000e+00 -0.0000e+00 -0.0000e+00 -0.0000e+00 -0.0000e+00 -0.0000e+00 -0.0000e+00 -0.0000e+00 -0.0000e+00 -0.0000e+00 -0.0000e+00 -0.0000e+00 -0.0000e+00 -0.0000e+00 -0.0000e+00 -0.0000e+00 -0.0000e+00 -0.0000e+00 -0.0000e+00 -0.0000e+00 -0.0000e+00
-4.5533e-11 -2.5782e-10 -7.1162e-10 1.9626e-08 -2.5652e-09 -4.0608e-09 -5.9951e-09 -8.4115e-09 -1.1353e-08 -1.4865e-08 -1.8990e-08 -2.3776e-08 -2.9268e-08 -3.5514e-08 -4.2561e-08 -5.0455e-08 -5.9237e-08 -6.8944e-08 -7.9603e-08 -9.1225e-08 -1.0380e-07 -1.1729e-07 -1.3161e-07 -1.4663e-07 -1.6215e-07 -1.7787e-07 -1.9340e-07 -2.0822e-07 -2.2168e-07 -2.3299e-07 -2.4125e-07 -2.4548e-07 -2.4472e-07 -2.3812e-07 -2.2514e-07 -2.0574e-07 -1.8053e-07 -1.5094e-07 -1.1912e-07 -8.7757e-08 -5.9539e-08 -3.6606e-08 -2.0003e-08 -9.4896e-09 -3.8001e-09 -1.2415e-09 -3.1759e-10 -6.0518e-11 -8.0862e-12 -7.0389e-13 -3.6493e-14 -1.0098e-15 -1.3040e-17 -6.6612e-20 -1.0981e-22 -4.5414e-26 -3.4464e-30 -3.2509e-35 -2.3415e-41 -6.9841e-49 -3.9866e-58 -1.6373e-69 -1.3919e-83 -4.9695e-101 -9.5592e-123 -6.9346e-150 -5.9301e-184 -6.3403e-227 -2.0865e-281 -0.0000e+00 -0.0000e+00 -0.0000e+00 -0.0000e+00 -0.0000e+00 -0.0000e+00 -0.0000e+00 -0.0000e+00 -0.0000e+00 -0.0000e+00 -0.0000e+00 -0.0000e+00 -0.0000e+00 -0.0000e+00 -0.0000e+00 -0.0000e+00 -0.0000e+00 -0.0000e+00 -0.0000e+00 -0.0000e+00 -0.0000e+00 -0.0000e+00 -0.0000e+00 -0.0000e+00 -0.0000e+00 -0.0000e+00 -0.0000e+00 -0.0000e+00 -0.0000e+00 -0.0000e+00 -0.0000e+00 -4.5533e-11 -2.5782e-10 -7.1162e-10 0.0000e+00 -2.5652e-09 -4.0608e-09 -5.9951e-09 -8.4115e-09 -1.1353e-08 -1.4865e-08 -1.8990e-08 -2.3776e-08 -2.9268e-08 -3.5514e-08 -4.2561e-08 -5.0455e-08 -5.9237e-08 -6.8944e-08 -7.9603e-08 -9.1225e-08 -1.0380e-07 -1.1729e-07 -1.3161e-07 -1.4663e-07 -1.6215e-07 -1.7787e-07 -1.9340e-07 -2.0822e-07 -2.2168e-07 -2.3299e-07 -2.4125e-07 -2.4548e-07 -2.4472e-07 -2.3812e-07 -2.2514e-07 -2.0574e-07 -1.8053e-07 -1.5094e-07 -1.1912e-07 -8.7757e-08 -5.9539e-08 -3.6606e-08 -2.0002e-08 -9.4895e-09 -3.8001e-09 -1.2415e-09 -3.1759e-10 -6.0518e-11 -8.0861e-12 -7.0388e-13 -3.6492e-14 -1.0098e-15 -1.3039e-17 -6.6610e-20 -1.0981e-22 -4.5412e-26 -3.4462e-30 -3.2507e-35 -2.3414e-41 -6.9835e-49 -3.9862e-58 -1.6371e-69 -1.3917e-83 -4.9685e-101 -9.5568e-123 -6.9324e-150 -5.9278e-184 -6.3372e-227 -2.0852e-281 -0.0000e+00 -0.0000e+00 -0.0000e+00 -0.0000e+00 -0.0000e+00 -0.0000e+00 -0.0000e+00 -0.0000e+00 -0.0000e+00 -0.0000e+00 -0.0000e+00 -0.0000e+00 -0.0000e+00 -0.0000e+00 -0.0000e+00 -0.0000e+00 -0.0000e+00 -0.0000e+00 -0.0000e+00 -0.0000e+00 -0.0000e+00 -0.0000e+00 -0.0000e+00 -0.0000e+00 -0.0000e+00 -0.0000e+00 -0.0000e+00 -0.0000e+00 -0.0000e+00 -0.0000e+00 -0.0000e+00
-7.9774e-11 -4.5171e-10 -1.2468e-09 -2.5652e-09 7.5195e-08 -7.1145e-09 -1.0503e-08 -1.4737e-08 -1.9891e-08 -2.6043e-08 -3.3271e-08 -4.1655e-08 -5.1278e-08 -6.2221e-08 -7.4567e-08 -8.8397e-08 -1.0378e-07 -1.2079e-07 -1.3947e-07 -1.5983e-07 -1.8186e-07 -2.0549e-07 -2.3059e-07 -2.5691e-07 -2.8409e-07 -3.1163e-07 -3.3884e-07 -3.6480e-07 -3.8838e-07 -4.0820e-07 -4.2267e-07 -4.3009e-07 -4.2875e-07 -4.1719e-07 -3.9446e-07 -3.6046e-07 -3.1630e-07 -2.6445e-07 -2.0871e-07 -1.5375e-07 -1.0431e-07 -6.4135e-08 -3.5045e-08 -1.6626e-08 -6.6580e-09 -2.1753e-09 -5.5644e-10 -1.0603e-10 -1.4168e-11 -1.2333e-12 -6.3940e-14 -1.7694e-15 -2.2848e-17 -1.1672e-19 -1.9243e-22 -7.9581e-26 -6.0395e-30 -5.6972e-35 -4.1038e-41 -1.2241e-48 -6.9880e-58 -2.8703e-69 -2.4404e-83 -8.7144e-101 -1.6766e-122 -1.2166e-149 -1.0407e-183 -1.1131e-226 -3.6650e-281 -0.0000e+00 -0.0000e+00 -0.0000e+00 -0.0000e+00 -0.0000e+00 -0.0000e+00 -0.0000e+00 -0.0000e+00 -0.0000e+00 -0.0000e+00 -0.0000e+00 -0.0000e+00 -0.0000e+00 -0.0000e+00 -0.0000e+00 -0.0000e+00 -0.0000e+00 -0.0000e+00 -0.0000e+00 -0.0000e+00 -0.0000e+00 -0.0000e+00 -0.0000e+00 -0.0000e+00 -0.0000e+00 -0.0000e+00 -0.0000e+00 -0.0000e+00 -0.0000e+00 -0.0000e+00 -0.0000e+00 -7.9774e-11 -4.5171e-10 -1.2468e-09 -2.5652e-09 0.0000e+00 -7.1145e-09 -1.0503e-08 -1.4737e-08 -1.9891e-08 -2.6043e-08 -3.3271e-08 -4.1655e-08 -5.1278e-08 -6.2221e-08 -7.4567e-08 -8.8397e-08 -1.0378e-07 -1.2079e-07 -1.3947e-07 -1.5983e-07 -1.8186e-07 -2.0549e-07 -2.3059e-07 -2.5691e-07 -2.8409e-07 -3.1163e-07 -3.3884e-07 -3.6480e-07 -3.8838e-07 -4.0820e-07 -4.2267e-07 -4.3009e-07 -4.2875e-07 -4.1719e-07 -3.9445e-07 -3.6046e-07 -3.1630e-07 -2.6445e-07 -2.0871e-07 -1.5375e-07 -1.0431e-07 -6.4134e-08 -3.5045e-08 -1.6626e-08 -6.6579e-09 -2.1752e-09 -5.5643e-10 -1.0603e-10 -1.4167e-11 -1.2332e-12 -6.3936e-14 -1.7692e-15 -2.2846e-17 -1.1671e-19 -1.9240e-22 -7.9568e-26 -6.0383e-30 -5.6958e-35 -4.1025e-41 -1.2237e-48 -6.9850e-58 -2.8688e-69 -2.4388e-83 -8.7074e-101 -1.6750e-122 -1.2151e-149 -1.0391e-183 -1.1110e-226 -3.6565e-281 -0.0000e+00 -0.0000e+00 -0.0000e+00 -0.0000e+00 -0.0000e+00 -0.0000e+00 -0.0000e+00 -0.0000e+00 -0.0000e+00 -0.0000e+00 -0.0000e+00 -0.0000e+00 -0.0000e+00 -0.0000e+00 -0.0000e+00 -0.0000e+00 -0.0000e+00 -0.0000e+00 -0.0000e+00 -0.0000e+00 -0.0000e+00 -0.0000e+00 -0.0000e+00 -0.0000e+00 -0.0000e+00 -0.0000e+00 -0.0000e+00 -0.0000e+00 -0.0000e+00 -0.0000e+00 -0.0000e+00
-1.2629e-10 -7.1507e-10 -1.9737e-09 -4.0608e-09 -7.1145e-09 2.2573e-07 -1.6628e-08 -2.3330e-08 -3.1489e-08 -4.1228e-08 -5.2670e-08 -6.5942e-08 -8.1175e-08 -9.8499e-08 -1.1804e-07 -1.3994e-07 -1.6429e-07 -1.9122e-07 -2.2078e-07 -2.5301e-07 -2.8789e-07 -3.2531e-07 -3.6503e-07 -4.0669e-07 -4.4973e-07 -4.9333e-07 -5.3640e-07 -5.7750e-07 -6.1483e-07 -6.4620e-07 -6.6911e-07 -6.8085e-07 -6.7874e-07 -6.6044e-07 -6.2445e-07 -5.7063e-07 -5.0073e-07 -4.1865e-07 -3.3040e-07 -2.4340e-07 -1.6514e-07 -1.0153e-07 -5.5481e-08 -2.6322e-08 -1.0541e-08 -3.4438e-09 -8.8096e-10 -1.6787e-10 -2.2431e-11 -1.9527e-12 -1.0124e-13 -2.8017e-15 -3.6180e-17 -1.8484e-19 -3.0475e-22 -1.2605e-25 -9.5667e-30 -9.0255e-35 -6.5023e-41 -1.9399e-48 -1.1077e-57 -4.5511e-69 -3.8709e-83 -1.3829e-100 -2.6620e-122 -1.9329e-149 -1.6549e-183 -1.7720e-226 -5.8422e-281 -0.0000e+00 -0.0000e+00 -0.0000e+00 -0.0000e+00 -0.0000e+00 -0.0000e+00 -0.0000e+00 -0.0000e+00 -0.0000e+00 -0.0000e+00 -0.0000e+00 -0.0000e+00 -0.0000e+00 -0.0000e+00 -0.0000e+00 -0.0000e+00 -0.0000e+00 -0.0000e+00 -0.0000e+00 -0.0000e+00 -0.0000e+00 -0.0000e+00 -0.0000e+00 -0.0000e+00 -0.0000e+00 -0.0000e+00 -0.0000e+00 -0.0000e+00 -0.0000e+00 -0.0000e+00 -0.0000e+00 -1.2629e-10 -7.1507e-10 -1.9737e-09 -4.0608e-09 -7.1145e-09 0.0000e+00 -1.6628e-08 -2.3330e-08 -3.1489e-08 -4.1228e-08 -5.2670e-08 -6.5942e-08 -8.1175e-08 -9.8499e-08 -1.1804e-07 -1.3994e-07 -1.6429e-07 -1.9122e-07 -2.2078e-07 -2.5301e-07 -2.8789e-07 -3.2531e-07 -3.6503e-07 -4.0669e-07 -4.4973e-07 -4.9333e-07 -5.3640e-07 -5.7750e-07 -6.1483e-07 -6.4620e-07 -6.6911e-07 -6.8085e-07 -6.7874e-07 -6.6043e-07 -6.2444e-07 -5.7063e-07 -5.0072e-07 -4.1864e-07 -3.3040e-07 -2.4340e-07 -1.6514e-07 -1.0153e-07 -5.5478e-08 -2.6320e-08 -1.0540e-08 -3.4435e-09 -8.8088e-10 -1.6786e-10 -2.2428e-11 -1.9524e-12 -1.0122e-13 -2.8010e-15 -3.6170e-17 -1.8477e-19 -3.0462e-22 -1.2598e-25 -9.5609e-30 -9.0189e-35 -6.4965e-41 -1.9378e-48 -1.1062e-57 -4.5438e-69 -3.8633e-83 -1.3795e-100 -2.6542e-122 -1.9259e-149 -1.6475e-183 -1.7621e-226 -5.8018e-281 -0.0000e+00 -0.0000e+00 -0.0000e+00 -0.0000e+00 -0.0000e+00 -0.0000e+00 -0.0000e+00 -0.0000e+00 -0.0000e+00 -0.0000e+00 -0.0000e+00 -0.0000e+00 -0.0000e+00 -0.0000e+00 -0.0000e+00 -0.0000e+00 -0.0000e+00 -0.0000e+00 -0.0000e+00 -0.0000e+00 -0.0000e+00 -0.0000e+00 -0.0000e+00 -0.0000e+00 -0.0000e+00 -0.0000e+00 -0.0000e+00 -0.0000e+00 -0.0000e+00 -0.0000e+00 -0.0000e+00
-1.8644e-10 -1.0557e-09 -2.9139e-09 -5.9951e-09 -1.0503e-08 -1.6628e-08 5.7283e-07 -3.4443e-08 -4.6489e-08 -6.0866e-08 -7.7759e-08 -9.7354e-08 -1.1984e-07 -1.4542e-07 -1.7427e-07 -2.0660e-07 -2.4256e-07 -2.8230e-07 -3.2595e-07 -3.7354e-07 -4.2503e-07 -4.8027e-07 -5.3891e-07 -6.0042e-07 -6.6396e-07 -7.2833e-07 -7.9192e-07 -8.5260e-07 -9.0770e-07 -9.5402e-07 -9.8785e-07 -1.0052e-06 -1.0021e-06 -9.7505e-07 -9.2192e-07 -8.4247e-07 -7.3927e-07 -6.1809e-07 -4.8781e-07 -3.5937e-07 -2.4382e-07 -1.4991e-07 -8.1917e-08 -3.8864e-08 -1.5564e-08 -5.0852e-09 -1.3009e-09 -2.4790e-10 -3.3127e-11 -2.8839e-12 -1.4953e-13 -4.1385e-15 -5.3450e-17 -2.7310e-19 -4.5034e-22 -1.8630e-25 -1.4144e-29 -1.3347e-34 -9.6194e-41 -2.8712e-48 -1.6403e-57 -6.7439e-69 -5.7406e-83 -2.0529e-100 -3.9568e-122 -2.8776e-149 -2.4685e-183 -2.6497e-226 -8.7633e-281 -0.0000e+00 -0.0000e+00 -0.0000e+00 -0.0000e+00 -0.0000e+00 -0.0000e+00 -0.0000e+00 -0.0000e+00 -0.0000e+00 -0.0000e+00 -0.0000e+00 -0.0000e+00 -0.0000e+00 -0.0000e+00 -0.0000e+00 -0.0000e+00 -0.0000e+00 -0.0000e+00 -0.0000e+00 -0.0000e+00 -0.0000e+00 -0.0000e+00 -0.0000e+00 -0.0000e+00 -0.0000e+00 -0.0000e+00 -0.0000e+00 -0.0000e+00 -0.0000e+00 -0.0000e+00 -0.0000e+00 -1.8644e-10 -1.0557e-09 -2.9139e-09 -5.9951e-09 -1.0503e-08 -1.6628e-08 0.0000e+00 -3.4443e-08 -4.6489e-08 -6.0866e-08 -7.7759e-08 -9.7354e-08 -1.1984e-07 -1.4542e-07 -1.7427e-07 -2.0660e-07 -2.4256e-07 -2.8230e-07 -3.2595e-07 -3.7354e-07 -4.2503e-07 -4.8026e-07 -5.3891e-07 -6.0042e-07 -6.6396e-07 -7.2833e-07 -7.9192e-07 -8.5259e-07 -9.0770e-07 -9.5401e-07 -9.8784e-07 -1.0052e-06 -1.0021e-06 -9.7503e-07 -9.2190e-07 -8.4245e-07 -7.3924e-07 -6.1806e-07 -4.8779e-07 -3.5935e-07 -2.4380e-07 -1.4990e-07 -8.1908e-08 -3.8859e-08 -1.5561e-08 -5.0842e-09 -1.3006e-09 -2.4783e-10 -3.3116e-11 -2.8827e-12 -1.4946e-13 -4.1360e-15 -5.3411e-17 -2.7286e-19 -4.4987e-22 -1.8606e-25 -1.4122e-29 -1.3323e-34 -9.5976e-41 -2.8633e-48 -1.6349e-57 -6.7166e-69 -5.7122e-83 -2.0404e-100 -3.9274e-122 -2.8513e-149 -2.4407e-183 -2.6127e-226 -8.6115e-281 -0.0000e+00 -0.0000e+00 -0.0000e+00 -0.0000e+00 -0.0000e+00 -0.0000e+00 -0.0000e+00 -0.0000e+00 -0.0000e+00 -0.0000e+00 -0.0000e+00 -0.0000e+00 -0.0000e+00 -0.0000e+00 -0.0000e+00 -0.0000e+00 -0.0000e+00 -0.0000e+00 -0.0000e+00 -0.0000e+00 -0.0000e+00 -0.0000e+00 -0.0000e+00 -0.0000e+00 -0.0000e+00 -0.0000e+00 -0.0000e+00 -0.0000e+00 -0.0000e+00 -0.0000e+00 -0.0000e+00
-2.6159e-10 -1.4812e-09 -4.0883e-09 -8.4115e-09 -1.4737e-08 -2.3330e-08 -3.4443e-08 1.2857e-06 -6.5227e-08 -8.5399e-08 -1.0910e-07 -1.3659e-07 -1.6815e-07 -2.0403e-07 -2.4452e-07 -2.8987e-07 -3.4032e-07 -3.9609e-07 -4.5733e-07 -5.2410e-07 -5.9635e-07 -6.7384e-07 -7.5613e-07 -8.4244e-07 -9.3158e-07 -1.0219e-06 -1.1111e-06 -1.1963e-06 -1.2736e-06 -1.3386e-06 -1.3860e-06 -1.4104e-06 -1.4060e-06 -1.3681e-06 -1.2936e-06 -1.1821e-06 -1.0373e-06 -8.6729e-07 -6.8450e-07 -5.0428e-07 -3.4214e-07 -2.1037e-07 -1.1496e-07 -5.4543e-08 -2.1844e-08 -7.1374e-09 -1.8260e-09 -3.4801e-10 -4.6509e-11 -4.0495e-12 -2.1000e-13 -5.8131e-15 -7.5095e-17 -3.8380e-19 -6.3311e-22 -2.6202e-25 -1.9901e-29 -1.8793e-34 -1.3554e-40 -4.0491e-48 -2.3158e-57 -9.5341e-69 -8.1292e-83 -2.9130e-100 -5.6290e-122 -4.1067e-149 -3.5369e-183 -3.8154e-226 -1.2697e-280 -0.0000e+00 -0.0000e+00 -0.0000e+00 -0.0000e+00 -0.0000e+00 -0.0000e+00 -0.0000e+00 -0.0000e+00 -0.0000e+00 -0.0000e+00 -0.0000e+00 -0.0000e+00 -0.0000e+00 -0.0000e+00 -0.0000e+00 -0.0000e+00 -0.0000e+00 -0.0000e+00 -0.0000e+00 -0.0000e+00 -0.0000e+00 -0.0000e+00 -0.0000e+00 -0.0000e+00 -0.0000e+00 -0.0000e+00 -0.0000e+00 -0.0000e+00 -0.0000e+00 -0.0000e+00 -0.0000e+00 -2.6159e-10 -1.4812e-09 -4.0883e-09 -8.4115e-09 -1.4737e-08 -2.3330e-08 -3.4443e-08 0.0000e+00 -6.5227e-08 -8.5399e-08 -1.0910e-07 -1.3659e-07 -1.6815e-07 -2.0403e-07 -2.4452e-07 -2.8987e-07 -3.4032e-07 -3.9609e-07 -4.5733e-07 -5.2410e-07 -5.9634e-07 -6.7384e-07 -7.5613e-07 -8.4243e-07 -9.3158e-07 -1.0219e-06 -1.1111e-06 -1.1962e-06 -1.2736e-06 -1.3385e-06 -1.3860e-06 -1.4103e-06 -1.4060e-06 -1.3681e-06 -1.2935e-06 -1.1820e-06 -1.0372e-06 -8.6721e-07 -6.8442e-07 -5.0421e-07 -3.4209e-07 -2.1033e-07 -1.1493e-07 -5.4527e-08 -2.1836e-08 -7.1343e-09 -1.8251e-09 -3.4779e-10 -4.6473e-11 -4.0457e-12 -2.0977e-13 -5.8053e-15 -7.4973e-17 -3.8305e-19 -6.3161e-22 -2.6127e-25 -1.9833e-29 -1.8714e-34 -1.3485e-40 -4.0243e-48 -2.2986e-57 -9.4477e-69 -8.0394e-83 -2.8737e-100 -5.5361e-122 -4.0235e-149 -3.4488e-183 -3.6982e-226 -1.2216e-280 -0.0000e+00 -0.0000e+00 -0.0000e+00 -0.0000e+00 -0.0000e+00 -0.0000e+00 -0.0000e+00 -0.0000e+00 -0.0000e+00 -0.0000e+00 -0.0000e+00 -0.0000e+00 -0.0000e+00 -0.0000e+00 -0.0000e+00 -0.0000e+00 -0.0000e+00 -0.0000e+00 -0.0000e+00 -0.0000e+00 -0.0000e+00 -0.0000e+00 -0.0000e+00 -0.0000e+00 -0.0000e+00 -0.0000e+00 -0.0000e+00 -0.0000e+00 -0.0000e+00 -0.0000e+00 -0.0000e+00
-3.5308e-10 -1.9993e-09 -5.5182e-09 -1.1353e-08 -1.9891e-08 -3.1489e-08 -4.6489e-08 -6.5227e-08 2.6282e-06 -1.1527e-07 -1.4726e-07 -1.8437e-07 -2.2696e-07 -2.7539e-07 -3.3004e-07 -3.9125e-07 -4.5935e-07 -5.3462e-07 -6.1728e-07 -7.0740e-07 -8.0492e-07 -9.0952e-07 -1.0206e-06 -1.1371e-06 -1.2574e-06 -1.3793e-06 -1.4997e-06 -1.6147e-06 -1.7190e-06 -1.8068e-06 -1.8709e-06 -1.9037e-06 -1.8978e-06 -1.8467e-06 -1.7461e-06 -1.5957e-06 -1.4003e-06 -1.1708e-06 -9.2406e-07 -6.8079e-07 -4.6193e-07 -2.8403e-07 -1.5523e-07 -7.3654e-08 -2.9500e-08 -9.6403e-09 -2.4667e-09 -4.7020e-10 -6.2851e-11 -5.4737e-12 -2.8395e-13 -7.8628e-15 -1.0162e-16 -5.1963e-19 -8.5770e-22 -3.5524e-25 -2.7007e-29 -2.5531e-34 -1.8439e-40 -5.5179e-48 -3.1623e-57 -1.3052e-68 -1.1163e-82 -4.0155e-100 -7.7959e-122 -5.7208e-149 -4.9626e-183 -5.4015e-226 -1.8177e-280 -0.0000e+00 -0.0000e+00 -0.0000e+00 -0.0000e+00 -0.0000e+00 -0.0000e+00 -0.0000e+00 -0.0000e+00 -0.0000e+00 -0.0000e+00 -0.0000e+00 -0.0000e+00 -0.0000e+00 -0.0000e+00 -0.0000e+00 -0.0000e+00 -0.0000e+00 -0.0000e+00 -0.0000e+00 -0.0000e+00 -0.0000e+00 -0.0000e+00 -0.0000e+00 -0.0000e+00 -0.0000e+00 -0.0000e+00 -0.0000e+00 -0.0000e+00 -0.0000e+00 -0.0000e+00 -0.0000e+00 -3.5308e-10 -1.9993e-09 -5.5182e-09 -1.1353e-08 -1.9891e-08 -3.1489e-08 -4.6489e-08 -6.5227e-08 0.0000e+00 -1.1527e-07 -1.4726e-07 -1.8437e-07 -2.2696e-07 -2.7539e-07 -3.3004e-07 -3.9125e-07 -4.5935e-07 -5.3462e-07 -6.1727e-07 -7.0740e-07 -8.0491e-07 -9.0952e-07 -1.0206e-06 -1.1371e-06 -1.2574e-06 -1.3793e-06 -1.4997e-06 -1.6146e-06 -1.7190e-06 -1.8067e-06 -1.8708e-06 -1.9036e-06 -1.8977e-06 -1.8466e-06 -1.7459e-06 -1.5955e-06 -1.4000e-06 -1.1706e-06 -9.2385e-07 -6.8060e-07 -4.6177e-07 -2.8392e-07 -1.5515e-07 -7.3609e-08 -2.9479e-08 -9.6317e-09 -2.4640e-09 -4.6958e-10 -6.2752e-11 -5.4633e-12 -2.8330e-13 -7.8412e-15 -1.0128e-16 -5.1755e-19 -8.5357e-22 -3.5317e-25 -2.6818e-29 -2.5315e-34 -1.8250e-40 -5.4493e-48 -3.1147e-57 -1.2813e-68 -1.0915e-82 -3.9066e-100 -7.5380e-122 -5.4896e-149 -4.7173e-183 -5.0746e-226 -1.6830e-280 -0.0000e+00 -0.0000e+00 -0.0000e+00 -0.0000e+00 -0.0000e+00 -0.0000e+00 -0.0000e+00 -0.0000e+00 -0.0000e+00 -0.0000e+00 -0.0000e+00 -0.0000e+00 -0.0000e+00 -0.0000e+00 -0.0000e+00 -0.0000e+00 -0.0000e+00 -0.0000e+00 -0.0000e+00 -0.0000e+00 -0.0000e+00 -0.0000e+00 -0.0000e+00 -0.0000e+00 -0.0000e+00 -0.0000e+00 -0.0000e+00 -0.0000e+00 -0.0000e+00 -0.0000e+00 -0.0000e+00
-4.6228e-10 -2.6176e-09 -7.2248e-09 -1.4865e-08 -2.6043e-08 -4.1228e-08 -6.0866e-08 -8.5399e-08 -1.1527e-07 4.9916e-06 -1.9280e-07 -2.4139e-07 -2.9715e-07 -3.6056e-07 -4.3211e-07 -5.1225e-07 -6.0141e-07 -6.9997e-07 -8.0818e-07 -9.2618e-07 -1.0539e-06 -1.1908e-06 -1.3362e-06 -1.4888e-06 -1.6463e-06 -1.8059e-06 -1.9636e-06 -2.1141e-06 -2.2508e-06 -2.3657e-06 -2.4496e-06 -2.4927e-06 -2.4850e-06 -2.4181e-06 -2.2865e-06 -2.0896e-06 -1.8337e-06 -1.5333e-06 -1.2102e-06 -8.9168e-07 -6.0507e-07 -3.7209e-07 -2.0337e-07 -9.6513e-08 -3.8663e-08 -1.2637e-08 -3.2343e-09 -6.1670e-10 -8.2464e-11 -7.1849e-12 -3.7291e-13 -1.0333e-14 -1.3364e-16 -6.8401e-19 -1.1303e-21 -4.6876e-25 -3.5696e-29 -3.3811e-34 -2.4478e-40 -7.3463e-48 -4.2252e-57 -1.7514e-68 -1.5059e-82 -5.4523e-100 -1.0670e-121 -7.9066e-149 -6.9414e-183 -7.6670e-226 -2.6270e-280 -0.0000e+00 -0.0000e+00 -0.0000e+00 -0.0000e+00 -0.0000e+00 -0.0000e+00 -0.0000e+00 -0.0000e+00 -0.0000e+00 -0.0000e+00 -0.0000e+00 -0.0000e+00 -0.0000e+00 -0.0000e+00 -0.0000e+00 -0.0000e+00 -0.0000e+00 -0.0000e+00 -0.0000e+00 -0.0000e+00 -0.0000e+00 -0.0000e+00 -0.0000e+00 -0.0000e+00 -0.0000e+00 -0.0000e+00 -0.0000e+00 -0.0000e+00 -0.0000e+00 -0.0000e+00 -0.0000e+00 -4.6228e-10 -2.6176e-09 -7.2248e-09 -1.4865e-08 -2.6043e-08 -4.1228e-08 -6.0866e-08 -8.5399e-08 -1.1527e-07 0.0000e+00 -1.9280e-07 -2.4139e-07 -2.9715e-07 -3.6056e-07 -4.3211e-07 -5.1225e-07 -6.0141e-07 -6.9997e-07 -8.0818e-07 -9.2617e-07 -1.0539e-06 -1.1908e-06 -1.3362e-06 -1.4887e-06 -1.6463e-06 -1.8059e-06 -1.9636e-06 -2.1140e-06 -2.2507e-06 -2.3655e-06 -2.4494e-06 -2.4924e-06 -2.4847e-06 -2.4177e-06 -2.2860e-06 -2.0891e-06 -1.8332e-06 -1.5327e-06 -1.2097e-06 -8.9120e-07 -6.0468e-07 -3.7179e-07 -2.0318e-07 -9.6400e-08 -3.8608e-08 -1.2616e-08 -3.2277e-09 -6.1517e-10 -8.2218e-11 -7.1591e-12 -3.7129e-13 -1.0279e-14 -1.3280e-16 -6.7884e-19 -1.1200e-21 -4.6362e-25 -3.5223e-29 -3.3271e-34 -2.4005e-40 -7.1750e-48 -4.1061e-57 -1.6917e-68 -1.4437e-82 -5.1792e-100 -1.0022e-121 -7.3243e-149 -6.3218e-183 -6.8384e-226 -2.2838e-280 -0.0000e+00 -0.0000e+00 -0.0000e+00 -0.0000e+00 -0.0000e+00 -0.0000e+00 -0.0000e+00 -0.0000e+00 -0.0000e+00 -0.0000e+00 -0.0000e+00 -0.0000e+00 -0.0000e+00 -0.0000e+00 -0.0000e+00 -0.0000e+00 -0.0000e+00 -0.0000e+00 -0.0000e+00 -0.0000e+00 -0.0000e+00 -0.0000e+00 -0.0000e+00 -0.0000e+00 -0.0000e+00 -0.0000e+00 -0.0000e+00 -0.0000e+00 -0.0000e+00 -0.0000e+00 -0.0000e+00
-5.9058e-10 -3.3440e-09 -9.2300e-09 -1.8990e-08 -3.3271e-08 -5.2670e-08 -7.7759e-08 -1.0910e-07 -1.4726e-07 -1.9280e-07 8.9344e-06 -3.0838e-07 -3.7961e-07 -4.6063e-07 -5.5203e-07 -6.5442e-07 -7.6833e-07 -8.9424e-07 -1.0325e-06 -1.1832e-06 -1.3463e-06 -1.5213e-06 -1.7071e-06 -1.9020e-06 -2.1033e-06 -2.3072e-06 -2.5087e-06 -2.7010e-06 -2.8756e-06 -3.0225e-06 -3.1298e-06 -3.1849e-06 -3.1752e-06 -3.0898e-06 -2.9217e-06 -2.6702e-06 -2.3434e-06 -1.9596e-06 -1.5469e-06 -1.1399e-06 -7.7360e-07 -4.7580e-07 -2.6011e-07 -1.2347e-07 -4.9476e-08 -1.6177e-08 -4.1420e-09 -7.9017e-10 -1.0572e-10 -9.2181e-12 -4.7885e-13 -1.3282e-14 -1.7200e-16 -8.8170e-19 -1.4596e-21 -6.0668e-25 -4.6322e-29 -4.4019e-34 -3.1992e-40 -9.6471e-48 -5.5805e-57 -2.3294e-68 -2.0199e-82 -7.3886e-100 -1.4640e-121 -1.1014e-148 -9.8469e-183 -1.1118e-225 -3.9112e-280 -0.0000e+00 -0.0000e+00 -0.0000e+00 -0.0000e+00 -0.0000e+00 -0.0000e+00 -0.0000e+00 -0.0000e+00 -0.0000e+00 -0.0000e+00 -0.0000e+00 -0.0000e+00 -0.0000e+00 -0.0000e+00 -0.0000e+00 -0.0000e+00 -0.0000e+00 -0.0000e+00 -0.0000e+00 -0.0000e+00 -0.0000e+00 -0.0000e+00 -0.0000e+00 -0.0000e+00 -0.0000e+00 -0.0000e+00 -0.0000e+00 -0.0000e+00 -0.0000e+00 -0.0000e+00 -0.0000e+00 -5.9058e-10 -3.3440e-09 -9.2300e-09 -1.8990e-08 -3.3271e-08 -5.2670e-08 -7.7759e-08 -1.0910e-07 -1.4726e-07 -1.9280e-07 0.0000e+00 -3.0838e-07 -3.7961e-07 -4.6063e-07 -5.5203e-07 -6.5441e-07 -7.6832e-07 -8.9423e-07 -1.0325e-06 -1.1832e-06 -1.3463e-06 -1.5213e-06 -1.7071e-06 -1.9019e-06 -2.1032e-06 -2.3071e-06 -2.5085e-06 -2.7008e-06 -2.8754e-06 -3.0221e-06 -3.1293e-06 -3.1843e-06 -3.1744e-06 -3.0889e-06 -2.9207e-06 -2.6691e-06 -2.3422e-06 -1.9584e-06 -1.5457e-06 -1.1388e-06 -7.7270e-07 -4.7513e-07 -2.5966e-07 -1.2321e-07 -4.9351e-08 -1.6128e-08 -4.1268e-09 -7.8668e-10 -1.0516e-10 -9.1590e-12 -4.7516e-13 -1.3159e-14 -1.7008e-16 -8.6985e-19 -1.4360e-21 -5.9488e-25 -4.5238e-29 -4.2778e-34 -3.0907e-40 -9.2530e-48 -5.3060e-57 -2.1915e-68 -1.8760e-82 -6.7553e-100 -1.3133e-121 -9.6540e-149 -8.3930e-183 -9.1611e-226 -3.0943e-280 -0.0000e+00 -0.0000e+00 -0.0000e+00 -0.0000e+00 -0.0000e+00 -0.0000e+00 -0.0000e+00 -0.0000e+00 -0.0000e+00 -0.0000e+00 -0.0000e+00 -0.0000e+00 -0.0000e+00 -0.0000e+00 -0.0000e+00 -0.0000e+00 -0.0000e+00 -0.0000e+00 -0.0000e+00 -0.0000e+00 -0.0000e+00 -0.0000e+00 -0.0000e+00 -0.0000e+00 -0.0000e+00 -0.0000e+00 -0.0000e+00 -0.0000e+00 -0.0000e+00 -0.0000e+00 -0.0000e+00
-7.3940e-10 -4.1867e-09 -1.1556e-08 -2.3776e-08 -4.1655e-08 -6.5942e-08 -9.7354e-08 -1.3659e-07 -1.8437e-07 -2.4139e-07 -3.0838e-07 1.5230e-05 -4.7528e-07 -5.7671e-07 -6.9114e-07 -8.1933e-07 -9.6195e-07 -1.1196e-06 -1.2927e-06 -1.4814e-06 -1.6856e-06 -1.9047e-06 -2.1373e-06 -2.3813e-06 -2.6334e-06 -2.8888e-06 -3.1411e-06 -3.3819e-06 -3.6006e-06 -3.7846e-06 -3.9191e-06 -3.9882e-06 -3.9763e-06 -3.8696e-06 -3.6593e-06 -3.3447e-06 -2.9356e-06 -2.4552e-06 -1.9384e-06 -1.4286e-06 -9.6975e-07 -5.9660e-07 -3.2625e-07 -1.5492e-07 -6.2109e-08 -2.0319e-08 -5.2060e-09 -9.9393e-10 -1.3311e-10 -1.1619e-11 -6.0443e-13 -1.6793e-14 -2.1790e-16 -1.1197e-18 -1.8589e-21 -7.7531e-25 -5.9444e-29 -5.6772e-34 -4.1511e-40 -1.2609e-47 -7.3579e-57 -3.1038e-68 -2.7256e-82 -1.0122e-99 -2.0422e-121 -1.5697e-148 -1.4396e-182 -1.6749e-225 -6.1025e-280 -0.0000e+00 -0.0000e+00 -0.0000e+00 -0.0000e+00 -0.0000e+00 -0.0000e+00 -0.0000e+00 -0.0000e+00 -0.0000e+00 -0.0000e+00 -0.0000e+00 -0.0000e+00 -0.0000e+00 -0.0000e+00 -0.0000e+00 -0.0000e+00 -0.0000e+00 -0.0000e+00 -0.0000e+00 -0.0000e+00 -0.0000e+00 -0.0000e+00 -0.0000e+00 -0.0000e+00 -0.0000e+00 -0.0000e+00 -0.0000e+00 -0.0000e+00 -0.0000e+00 -0.0000e+00 -0.0000e+00 -7.3940e-10 -4.1867e-09 -1.1556e-08 -2.3776e-08 -4.1655e-08 -6.5942e-08 -9.7354e-08 -1.3659e-07 -1.8437e-07 -2.4139e-07 -3.0838e-07 0.0000e+00 -4.7528e-07 -5.7671e-07 -6.9114e-07 -8.1933e-07 -9.6194e-07 -1.1196e-06 -1.2927e-06 -1.4814e-06 -1.6856e-06 -1.9047e-06 -2.1373e-06 -2.3812e-06 -2.6332e-06 -2.8885e-06 -3.1408e-06 -3.3814e-06 -3.6001e-06 -3.7838e-06 -3.9181e-06 -3.9870e-06 -3.9747e-06 -3.8677e-06 -3.6572e-06 -3.3422e-06 -2.9330e-06 -2.4524e-06 -1.9357e-06 -1.4262e-06 -9.6781e-07 -5.9516e-07 -3.2529e-07 -1.5437e-07 -6.1842e-08 -2.0214e-08 -5.1735e-09 -9.8646e-10 -1.3191e-10 -1.1493e-11 -5.9653e-13 -1.6529e-14 -2.1379e-16 -1.0943e-18 -1.8083e-21 -7.5001e-25 -5.7117e-29 -5.4107e-34 -3.9176e-40 -1.1759e-47 -6.7649e-57 -2.8050e-68 -2.4128e-82 -8.7401e-100 -1.7117e-121 -1.2697e-148 -1.1163e-182 -1.2355e-225 -4.2460e-280 -0.0000e+00 -0.0000e+00 -0.0000e+00 -0.0000e+00 -0.0000e+00 -0.0000e+00 -0.0000e+00 -0.0000e+00 -0.0000e+00 -0.0000e+00 -0.0000e+00 -0.0000e+00 -0.0000e+00 -0.0000e+00 -0.0000e+00 -0.0000e+00 -0.0000e+00 -0.0000e+00 -0.0000e+00 -0.0000e+00 -0.0000e+00 -0.0000e+00 -0.0000e+00 -0.0000e+00 -0.0000e+00 -0.0000e+00 -0.0000e+00 -0.0000e+00 -0.0000e+00 -0.0000e+00 -0.0000e+00
-9.1020e-10 -5.1539e-09 -1.4225e-08 -2.9268e-08 -5.1278e-08 -8.1175e-08 -1.1984e-07 -1.6815e-07 -2.2696e-07 -2.9715e-07 -3.7961e-07 -4.7528e-07 2.4924e-05 -7.0993e-07 -8.5080e-07 -1.0086e-06 -1.1842e-06 -1.3782e-06 -1.5913e-06 -1.8236e-06 -2.0751e-06 -2.3448e-06 -2.6312e-06 -2.9315e-06 -3.2419e-06 -3.5563e-06 -3.8670e-06 -4.1636e-06 -4.4330e-06 -4.6597e-06 -4.8255e-06 -4.9109e-06 -4.8966e-06 -4.7656e-06 -4.5072e-06 -4.1202e-06 -3.6169e-06 -3.0255e-06 -2.3892e-06 -1.7613e-06 -1.1960e-06 -7.3612e-07 -4.0274e-07 -1.9136e-07 -7.6770e-08 -2.5136e-08 -6.4468e-09 -1.2323e-09 -1.6528e-10 -1.4453e-11 -7.5339e-13 -2.0984e-14 -2.7311e-16 -1.4084e-18 -2.3483e-21 -9.8455e-25 -7.5956e-29 -7.3081e-34 -5.3911e-40 -1.6549e-47 -9.7792e-57 -4.1872e-68 -3.7424e-82 -1.4189e-99 -2.9333e-121 -2.3194e-148 -2.1981e-182 -2.6557e-225 -1.0103e-279 -0.0000e+00 -0.0000e+00 -0.0000e+00 -0.0000e+00 -0.0000e+00 -0.0000e+00 -0.0000e+00 -0.0000e+00 -0.0000e+00 -0.0000e+00 -0.0000e+00 -0.0000e+00 -0.0000e+00 -0.0000e+00 -0.0000e+00 -0.0000e+00 -0.0000e+00 -0.0000e+00 -0.0000e+00 -0.0000e+00 -0.0000e+00 -0.0000e+00 -0.0000e+00 -0.0000e+00 -0.0000e+00 -0.0000e+00 -0.0000e+00 -0.0000e+00 -0.0000e+00 -0.0000e+00 -0.0000e+00 -9.1020e-10 -5.1539e-09 -1.4225e-08 -2.9268e-08 -5.1278e-08 -8.1175e-08 -1.1984e-07 -1.6815e-07 -2.2696e-07 -2.9715e-07 -3.7961e-07 -4.7528e-07 0.0000e+00 -7.0993e-07 -8.5080e-07 -1.0086e-06 -1.1842e-06 -1.3782e-06 -1.5913e-06 -1.8236e-06 -2.0750e-06 -2.3447e-06 -2.6310e-06 -2.9313e-06 -3.2416e-06 -3.5559e-06 -3.8664e-06 -4.1627e-06 -4.4319e-06 -4.6582e-06 -4.8235e-06 -4.9084e-06 -4.8935e-06 -4.7619e-06 -4.5028e-06 -4.1152e-06 -3.6115e-06 -3.0200e-06 -2.3839e-06 -1.7566e-06 -1.1921e-06 -7.3321e-07 -4.0081e-07 -1.9025e-07 -7.6232e-08 -2.4924e-08 -6.3813e-09 -1.2173e-09 -1.6285e-10 -1.4198e-11 -7.3742e-13 -2.0451e-14 -2.6479e-16 -1.3570e-18 -2.2459e-21 -9.3321e-25 -7.1227e-29 -6.7656e-34 -4.9146e-40 -1.4811e-47 -8.5621e-57 -3.5714e-68 -3.0944e-82 -1.1310e-99 -2.2393e-121 -1.6835e-148 -1.5048e-182 -1.6999e-225 -5.9899e-280 -0.0000e+00 -0.0000e+00 -0.0000e+00 -0.0000e+00 -0.0000e+00 -0.0000e+00 -0.0000e+00 -0.0000e+00 -0.0000e+00 -0.0000e+00 -0.0000e+00 -0.0000e+00 -0.0000e+00 -0.0000e+00 -0.0000e+00 -0.0000e+00 -0.0000e+00 -0.0000e+00 -0.0000e+00 -0.0000e+00 -0.0000e+00 -0.0000e+00 -0.0000e+00 -0.0000e+00 -0.0000e+00 -0.0000e+00 -0.0000e+00 -0.0000e+00 -0.0000e+00 -0.0000e+00 -0.0000e+00
-1.1045e-09 -6.2538e-09 -1.7261e-08 -3.5514e-08 -6.2221e-08 -9.8499e-08 -1.4542e-07 -2.0403e-07 -2.7539e-07 -3.6056e-07 -4.6063e-07 -5.7671e-07 -7.0993e-07 3.9402e-05 -1.0324e-06 -1.2239e-06 -1.4369e-06 -1.6724e-06 -1.9309e-06 -2.2129e-06 -2.5180e-06 -2.8453e-06 -3.1928e-06 -3.5574e-06 -3.9340e-06 -4.3157e-06 -4.6929e-06 -5.0530e-06 -5.3803e-06 -5.6557e-06 -5.8574e-06 -5.9616e-06 -5.9449e-06 -5.7867e-06 -5.4737e-06 -5.0047e-06 -4.3944e-06 -3.6769e-06 -2.9046e-06 -2.1422e-06 -1.4554e-06 -8.9630e-07 -4.9074e-07 -2.3337e-07 -9.3723e-08 -3.0726e-08 -7.8922e-09 -1.5113e-09 -2.0314e-10 -1.7809e-11 -9.3119e-13 -2.6032e-14 -3.4029e-16 -1.7640e-18 -2.9597e-21 -1.2501e-24 -9.7294e-29 -9.4592e-34 -7.0644e-40 -2.2002e-47 -1.3225e-56 -5.7761e-68 -5.2830e-82 -2.0571e-99 -4.3847e-121 -3.5900e-148 -3.5393e-182 -4.4709e-225 -1.7881e-279 -0.0000e+00 -0.0000e+00 -0.0000e+00 -0.0000e+00 -0.0000e+00 -0.0000e+00 -0.0000e+00 -0.0000e+00 -0.0000e+00 -0.0000e+00 -0.0000e+00 -0.0000e+00 -0.0000e+00 -0.0000e+00 -0.0000e+00 -0.0000e+00 -0.0000e+00 -0.0000e+00 -0.0000e+00 -0.0000e+00 -0.0000e+00 -0.0000e+00 -0.0000e+00 -0.0000e+00 -0.0000e+00 -0.0000e+00 -0.0000e+00 -0.0000e+00 -0.0000e+00 -0.0000e+00 -0.0000e+00 -1.1045e-09 -6.2538e-09 -1.7261e-08 -3.5514e-08 -6.2221e-08 -9.8499e-08 -1.4542e-07 -2.0403e-07 -2.7539e-07 -3.6056e-07 -4.6063e-07 -5.7671e-07 -7.0993e-07 0.0000e+00 -1.0324e-06 -1.2238e-06 -1.4369e-06 -1.6723e-06 -1.9309e-06 -2.2128e-06 -2.5179e-06 -2.8451e-06 -3.1926e-06 -3.5570e-06 -3.9335e-06 -4.3149e-06 -4.6917e-06 -5.0514e-06 -5.3781e-06 -5.6528e-06 -5.8536e-06 -5.9568e-06 -5.9389e-06 -5.7795e-06 -5.4653e-06 -4.9952e-06 -4.3842e-06 -3.6665e-06 -2.8945e-06 -2.1332e-06 -1.4479e-06 -8.9071e-07 -4.8703e-07 -2.3124e-07 -9.2691e-08 -3.0318e-08 -7.7663e-09 -1.4824e-09 -1.9847e-10 -1.7318e-11 -9.0044e-13 -2.5004e-14 -3.2424e-16 -1.6648e-18 -2.7615e-21 -1.1506e-24 -8.8105e-29 -8.4022e-34 -6.1330e-40 -1.8592e-47 -1.0824e-56 -4.5543e-68 -3.9879e-82 -1.4764e-99 -2.9694e-121 -2.2755e-148 -2.0819e-182 -2.4192e-225 -8.8232e-280 -0.0000e+00 -0.0000e+00 -0.0000e+00 -0.0000e+00 -0.0000e+00 -0.0000e+00 -0.0000e+00 -0.0000e+00 -0.0000e+00 -0.0000e+00 -0.0000e+00 -0.0000e+00 -0.0000e+00 -0.0000e+00 -0.0000e+00 -0.0000e+00 -0.0000e+00 -0.0000e+00 -0.0000e+00 -0.0000e+00 -0.0000e+00 -0.0000e+00 -0.0000e+00 -0.0000e+00 -0.0000e+00 -0.0000e+00 -0.0000e+00 -0.0000e+00 -0.0000e+00 -0.0000e+00 -0.0000e+00
-1.3236e-09 -7.4947e-09 -2.0686e-08 -4.2561e-08 -7.4567e-08 -1.1804e-07 -1.7427e-07 -2.4452e-07 -3.3004e-07 -4.3211e-07 -5.5203e-07 -6.9114e-07 -8.5080e-07 -1.0324e-06 6.0470e-05 -1.4667e-06 -1.7220e-06 -2.0042e-06 -2.3141e-06 -2.6521e-06 -3.0177e-06 -3.4100e-06 -3.8266e-06 -4.2637e-06 -4.7152e-06 -5.1729e-06 -5.6252e-06 -6.0572e-06 -6.4500e-06 -6.7808e-06 -7.0233e-06 -7.1492e-06 -7.1302e-06 -6.9418e-06 -6.5680e-06 -6.0069e-06 -5.2762e-06 -4.4166e-06 -3.4907e-06 -2.5761e-06 -1.7514e-06 -1.0795e-06 -5.9169e-07 -2.8173e-07 -1.1332e-07 -3.7216e-08 -9.5800e-09 -1.8393e-09 -2.4798e-10 -2.1820e-11 -1.1459e-12 -3.2201e-14 -4.2353e-16 -2.2116e-18 -3.7427e-21 -1.5969e-24 -1.2578e-28 -1.2401e-33 -9.4130e-40 -2.9876e-47 -1.8352e-56 -8.2182e-68 -7.7334e-82 -3.1098e-99 -6.8731e-121 -5.8606e-148 -6.0461e-182 -8.0338e-225 -3.3999e-279 -0.0000e+00 -0.0000e+00 -0.0000e+00 -0.0000e+00 -0.0000e+00 -0.0000e+00 -0.0000e+00 -0.0000e+00 -0.0000e+00 -0.0000e+00 -0.0000e+00 -0.0000e+00 -0.0000e+00 -0.0000e+00 -0.0000e+00 -0.0000e+00 -0.0000e+00 -0.0000e+00 -0.0000e+00 -0.0000e+00 -0.0000e+00 -0.0000e+00 -0.0000e+00 -0.0000e+00 -0.0000e+00 -0.0000e+00 -0.0000e+00 -0.0000e+00 -0.0000e+00 -0.0000e+00 -0.0000e+00 -1.3236e-09 -7.4947e-09 -2.0686e-08 -4.2561e-08 -7.4567e-08 -1.1804e-07 -1.7427e-07 -2.4452e-07 -3.3004e-07 -4.3211e-07 -5.5203e-07 -6.9114e-07 -8.5080e-07 -1.0324e-06 0.0000e+00 -1.4667e-06 -1.7220e-06 -2.0042e-06 -2.3140e-06 -2.6519e-06 -3.0175e-06 -3.4097e-06 -3.8261e-06 -4.2629e-06 -4.7142e-06 -5.1714e-06 -5.6231e-06 -6.0543e-06 -6.4460e-06 -6.7754e-06 -7.0164e-06 -7.1404e-06 -7.1193e-06 -6.9286e-06 -6.5525e-06 -5.9894e-06 -5.2574e-06 -4.3973e-06 -3.4721e-06 -2.5594e-06 -1.7376e-06 -1.0692e-06 -5.8486e-07 -2.7781e-07 -1.1141e-07 -3.6465e-08 -9.3477e-09 -1.7858e-09 -2.3935e-10 -2.0912e-11 -1.0890e-12 -3.0296e-14 -3.9375e-16 -2.0271e-18 -3.3734e-21 -1.4110e-24 -1.0856e-28 -1.0412e-33 -7.6525e-40 -2.3392e-47 -1.3757e-56 -5.8591e-68 -5.2067e-82 -1.9623e-99 -4.0325e-121 -3.1715e-148 -2.9938e-182 -3.6120e-225 -1.3779e-279 -0.0000e+00 -0.0000e+00 -0.0000e+00 -0.0000e+00 -0.0000e+00 -0.0000e+00 -0.0000e+00 -0.0000e+00 -0.0000e+00 -0.0000e+00 -0.0000e+00 -0.0000e+00 -0.0000e+00 -0.0000e+00 -0.0000e+00 -0.0000e+00 -0.0000e+00 -0.0000e+00 -0.0000e+00 -0.0000e+00 -0.0000e+00 -0.0000e+00 -0.0000e+00 -0.0000e+00 -0.0000e+00 -0.0000e+00 -0.0000e+00 -0.0000e+00 -0.0000e+00 -0.0000e+00 -0.0000e+00
-1.5691e-09 -8.8847e-09 -2.4523e-08 -5.0455e-08 -8.8397e-08 -1.3994e-07 -2.0660e-07 -2.8987e-07 -3.9125e-07 -5.1225e-07 -6.5442e-07 -8.1933e-07 -1.0086e-06 -1.2239e-06 -1.4667e-06 9.0449e-05 -2.0414e-06 -2.3760e-06 -2.7434e-06 -3.1440e-06 -3.5776e-06 -4.0428e-06 -4.5368e-06 -5.0551e-06 -5.5907e-06 -6.1336e-06 -6.6704e-06 -7.1832e-06 -7.6498e-06 -8.0430e-06 -8.3320e-06 -8.4829e-06 -8.4623e-06 -8.2410e-06 -7.7998e-06 -7.1363e-06 -6.2713e-06 -5.2527e-06 -4.1545e-06 -3.0686e-06 -2.0884e-06 -1.2889e-06 -7.0747e-07 -3.3746e-07 -1.3602e-07 -4.4786e-08 -1.1563e-08 -2.2281e-09 -3.0168e-10 -2.6680e-11 -1.4095e-12 -3.9891e-14 -5.2906e-16 -2.7898e-18 -4.7755e-21 -2.0649e-24 -1.6517e-28 -1.6578e-33 -1.2844e-39 -4.1726e-47 -2.6318e-56 -1.2141e-67 -1.1812e-81 -4.9299e-99 -1.1355e-120 -1.0136e-147 -1.1002e-181 -1.5471e-224 -6.9764e-279 -0.0000e+00 -0.0000e+00 -0.0000e+00 -0.0000e+00 -0.0000e+00 -0.0000e+00 -0.0000e+00 -0.0000e+00 -0.0000e+00 -0.0000e+00 -0.0000e+00 -0.0000e+00 -0.0000e+00 -0.0000e+00 -0.0000e+00 -0.0000e+00 -0.0000e+00 -0.0000e+00 -0.0000e+00 -0.0000e+00 -0.0000e+00 -0.0000e+00 -0.0000e+00 -0.0000e+00 -0.0000e+00 -0.0000e+00 -0.0000e+00 -0.0000e+00 -0.0000e+00 -0.0000e+00 -0.0000e+00 -1.5691e-09 -8.8847e-09 -2.4523e-08 -5.0455e-08 -8.8397e-08 -1.3994e-07 -2.0660e-07 -2.8987e-07 -3.9125e-07 -5.1225e-07 -6.5441e-07 -8.1933e-07 -1.0086e-06 -1.2238e-06 -1.4667e-06 0.0000e+00 -2.0414e-06 -2.3759e-06 -2.7432e-06 -3.1438e-06 -3.5772e-06 -4.0422e-06 -4.5359e-06 -5.0538e-06 -5.5888e-06 -6.1309e-06 -6.6666e-06 -7.1780e-06 -7.6427e-06 -8.0336e-06 -8.3197e-06 -8.4673e-06 -8.4429e-06 -8.2175e-06 -7.7723e-06 -7.1054e-06 -6.2380e-06 -5.2186e-06 -4.1216e-06 -3.0389e-06 -2.0640e-06 -1.2706e-06 -6.9534e-07 -3.3049e-07 -1.3264e-07 -4.3449e-08 -1.1150e-08 -2.1328e-09 -2.8628e-10 -2.5058e-11 -1.3078e-12 -3.6478e-14 -4.7558e-16 -2.4577e-18 -4.1085e-21 -1.7279e-24 -1.3382e-28 -1.2937e-33 -9.5992e-40 -2.9681e-47 -1.7698e-56 -7.6633e-68 -6.9465e-82 -2.6810e-99 -5.6682e-121 -4.6114e-148 -4.5316e-182 -5.7340e-225 -2.3138e-279 -0.0000e+00 -0.0000e+00 -0.0000e+00 -0.0000e+00 -0.0000e+00 -0.0000e+00 -0.0000e+00 -0.0000e+00 -0.0000e+00 -0.0000e+00 -0.0000e+00 -0.0000e+00 -0.0000e+00 -0.0000e+00 -0.0000e+00 -0.0000e+00 -0.0000e+00 -0.0000e+00 -0.0000e+00 -0.0000e+00 -0.0000e+00 -0.0000e+00 -0.0000e+00 -0.0000e+00 -0.0000e+00 -0.0000e+00 -0.0000e+00 -0.0000e+00 -0.0000e+00 -0.0000e+00 -0.0000e+00
