2.4673e-04 -8.3054e-05 -9.8791e-05 -1.0949e-04 -1.1612e-04 -1.1922e-04 -1.1924e-04 -1.1661e-04 -1.1174e-04 -1.0508e-04 -9.7064e-05 -8.8125e-05 -7.8669e-05 -6.9064e-05 -5.9632e-05 -5.0635e-05 -4.2277e-05 -3.4701e-05 -2.7992e-05 -2.2182e-05 -1.7260e-05 -1.3181e-05 -9.8735e-06 -7.2496e-06 -5.2140e-06 -3.6703e-06 -2.5266e-06 -1.6992e-06 -1.1154e-06 -7.1374e-07 -4.4473e-07 -2.6948e-07 -1.5856e-07 -9.0458e-08 -4.9952e-08 -2.6652e-08 -1.3713e-08 -6.7890e-09 -3.2268e-09 -1.4688e-09 -6.3845e-10 -2.6426e-10 -1.0381e-10 -3.8569e-11 -1.3500e-11 -4.4329e-12 -1.3593e-12 -3.8724e-13 -1.0193e-13 -2.4636e-14 -5.4312e-15 -1.0840e-15 -1.9425e-16 -3.0970e-17 -4.3487e-18 -5.3173e-19 -5.5908e-20 -4.9839e-21 -3.7078e-22 -2.2615e-23 -1.1085e-24 -4.2681e-26 -1.2584e-27 -2.7592e-29 -4.3516e-31 -4.7519e-33 -3.4386e-35 -1.5675e-37 -4.2452e-40 -6.3793e-43 -4.9107e-46 -1.7629e-49 -2.6414e-53 -1.4476e-57 -2.4780e-62 -1.0957e-67 -9.9368e-74 -1.3946e-80 -2.1402e-88 -2.3316e-97 -1.0479e-107 -9.7529e-120 -7.7481e-134 -1.6563e-150 -2.0704e-170 -1.9443e-194 -8.2520e-224 -3.1016e-260 -3.6757e-306 -0.0000e+00 -0.0000e+00 -0.0000e+00 -0.0000e+00 -0.0000e+00 -0.0000e+00 -0.0000e+00 -0.0000e+00 -0.0000e+00 -0.0000e+00 -0.0000e+00 0.0000e+00 -8.3042e-05 -9.8758e-05 -1.0943e-04 -1.1601e-04 -1.1906e-04 -1.1903e-04 -1.1633e-04 -1.1141e-04 -1.0469e-04 -9.6629e-05 -8.7653e-05 -7.8172e-05 -6.8557e-05 -5.9128e-05 -5.0146e-05 -4.1815e-05 -3.4274e-05 -2.7606e-05 -2.1841e-05 -1.6967e-05 -1.2934e-05 -9.6699e-06 -7.0859e-06 -5.0855e-06 -3.5719e-06 -2.4530e-06 -1.6457e-06 -1.0774e-06 -6.8754e-07 -4.2717e-07 -2.5805e-07 -1.5135e-07 -8.6054e-08 -4.7352e-08 -2.5171e-08 -1.2900e-08 -6.3608e-09 -3.0104e-09 -1.3640e-09 -5.9014e-10 -2.4305e-10 -9.4981e-11 -3.5095e-11 -1.2213e-11 -3.9862e-12 -1.2145e-12 -3.4370e-13 -8.9830e-14 -2.1552e-14 -4.7143e-15 -9.3319e-16 -1.6579e-16 -2.6192e-17 -3.6425e-18 -4.4089e-19 -4.5862e-20 -4.0424e-21 -2.9716e-22 -1.7897e-23 -8.6556e-25 -3.2861e-26 -9.5443e-28 -2.0597e-29 -3.1942e-31 -3.4263e-33 -2.4328e-35 -1.0869e-37 -2.8812e-40 -4.2320e-43 -3.1796e-46 -1.1123e-49 -1.6213e-53 -8.6279e-58 -1.4313e-62 -6.1202e-68 -5.3553e-74 -7.2333e-81 -1.0654e-88 -1.1108e-97 -4.7628e-108 -4.2142e-120 -3.1710e-134 -6.3944e-151 -7.5066e-171 -6.5877e-195 -2.5989e-224 -9.0246e-261 -9.8143e-307 -0.0000e+00 -0.0000e+00 -0.0000e+00 -0.0000e+00 -0.0000e+00 -0.0000e+00 -0.0000e+00 -0.0000e+00 -0.0000e+00 -0.0000e+00 -0.0000e+00
-8.3054e-05 9.8732e-04 -1.3747e-04 -1.5254e-04 -1.6200e-04 -1.6664e-04 -1.6703e-04 -1.6375e-04 -1.5736e-04 -1.4845e-04 -1.3760e-04 -1.2542e-04 -1.1243e-04 -9.9156e-05 -8.6037e-05 -7.3444e-05 -6.1670e-05 -5.0925e-05 -4.1343e-05 -3.2985e-05 -2.5852e-05 -1.9893e-05 -1.5021e-05 -1.1122e-05 -8.0703e-06 -5.7338e-06 -3.9856e-06 -2.7078e-06 -1.7964e-06 -1.1624e-06 -7.3270e-07 -4.4936e-07 -2.6775e-07 -1.5476e-07 -8.6636e-08 -4.6885e-08 -2.4482e-08 -1.2308e-08 -5.9441e-09 -2.7508e-09 -1.2165e-09 -5.1259e-10 -2.0514e-10 -7.7697e-11 -2.7745e-11 -9.3017e-12 -2.9144e-12 -8.4905e-13 -2.2874e-13 -5.6636e-14 -1.2803e-14 -2.6225e-15 -4.8283e-16 -7.9174e-17 -1.1447e-17 -1.4428e-18 -1.5657e-19 -1.4424e-20 -1.1105e-21 -7.0192e-23 -3.5708e-24 -1.4294e-25 -4.3889e-27 -1.0040e-28 -1.6553e-30 -1.8937e-32 -1.4388e-34 -6.9043e-37 -1.9735e-39 -3.1391e-42 -2.5660e-45 -9.8164e-49 -1.5734e-52 -9.2640e-57 -1.7119e-61 -8.2149e-67 -8.1346e-73 -1.2550e-79 -2.1338e-87 -2.5984e-96 -1.3189e-106 -1.4029e-118 -1.2919e-132 -3.2546e-149 -4.8905e-169 -5.6543e-193 -3.0422e-222 -1.5027e-258 -2.4490e-304 -0.0000e+00 -0.0000e+00 -0.0000e+00 -0.0000e+00 -0.0000e+00 -0.0000e+00 -0.0000e+00 -0.0000e+00 -0.0000e+00 -0.0000e+00 -0.0000e+00 -8.3042e-05 0.0000e+00 -1.3729e-04 -1.5218e-04 -1.6141e-04 -1.6576e-04 -1.6583e-04 -1.6221e-04 -1.5549e-04 -1.4628e-04 -1.3517e-04 -1.2278e-04 -1.0965e-04 -9.6317e-05 -8.3210e-05 -7.0699e-05 -5.9069e-05 -4.8518e-05 -3.9167e-05 -3.1063e-05 -2.4191e-05 -1.8491e-05 -1.3865e-05 -1.0191e-05 -7.3375e-06 -5.1711e-06 -3.5641e-06 -2.4001e-06 -1.5776e-06 -1.0110e-06 -6.3092e-07 -3.8292e-07 -2.2569e-07 -1.2899e-07 -7.1366e-08 -3.8155e-08 -1.9673e-08 -9.7617e-09 -4.6508e-09 -2.1222e-09 -9.2497e-10 -3.8393e-10 -1.5127e-10 -5.6378e-11 -1.9799e-11 -6.5244e-12 -2.0081e-12 -5.7437e-13 -1.5182e-13 -3.6861e-14 -8.1651e-15 -1.6379e-15 -2.9511e-16 -4.7324e-17 -6.6863e-18 -8.2299e-19 -8.7146e-20 -7.8279e-21 -5.8713e-22 -3.6126e-23 -1.7875e-24 -6.9532e-26 -2.0727e-27 -4.5990e-29 -7.3475e-31 -8.1367e-33 -5.9784e-35 -2.7711e-37 -7.6424e-40 -1.1715e-42 -9.2177e-46 -3.3898e-49 -5.2159e-53 -2.9439e-57 -5.2071e-62 -2.3879e-67 -2.2558e-73 -3.3141e-80 -5.3551e-88 -6.1845e-97 -2.9703e-107 -2.9820e-119 -2.5845e-133 -6.1094e-150 -8.5845e-170 -9.2452e-194 -4.6130e-223 -2.1026e-259 -3.1433e-305 -0.0000e+00 -0.0000e+00 -0.0000e+00 -0.0000e+00 -0.0000e+00 -0.0000e+00 -0.0000e+00 -0.0000e+00 -0.0000e+00 -0.0000e+00 -0.0000e+00
-9.8791e-05 -1.3747e-04 2.2230e-03 -1.8219e-04 -1.9397e-04 -2.0012e-04 -2.0131e-04 -1.9816e-04 -1.9131e-04 -1.8141e-04 -1.6912e-04 -1.5510e-04 -1.3999e-04 -1.2436e-04 -1.0875e-04 -9.3601e-05 -7.9289e-05 -6.6085e-05 -5.4177e-05 -4.3671e-05 -3.4597e-05 -2.6923e-05 -2.0568e-05 -1.5416e-05 -1.1328e-05 -8.1549e-06 -5.7459e-06 -3.9589e-06 -2.6646e-06 -1.7501e-06 -1.1202e-06 -6.9799e-07 -4.2272e-07 -2.4846e-07 -1.4149e-07 -7.7933e-08 -4.1435e-08 -2.1221e-08 -1.0445e-08 -4.9286e-09 -2.2235e-09 -9.5627e-10 -3.9079e-10 -1.5122e-10 -5.5200e-11 -1.8928e-11 -6.0689e-12 -1.8105e-12 -4.9973e-13 -1.2686e-13 -2.9421e-14 -6.1876e-15 -1.1705e-15 -1.9736e-16 -2.9366e-17 -3.8127e-18 -4.2661e-19 -4.0566e-20 -3.2271e-21 -2.1103e-22 -1.1121e-23 -4.6180e-25 -1.4731e-26 -3.5069e-28 -6.0278e-30 -7.2032e-32 -5.7296e-34 -2.8850e-36 -8.6760e-39 -1.4561e-41 -1.2600e-44 -5.1203e-48 -8.7527e-52 -5.5204e-56 -1.0982e-60 -5.7050e-66 -6.1541e-72 -1.0417e-78 -1.9592e-86 -2.6637e-95 -1.5259e-105 -1.8548e-117 -1.9804e-131 -5.8851e-148 -1.0646e-167 -1.5186e-191 -1.0385e-220 -6.7637e-257 -1.5214e-302 -0.0000e+00 -0.0000e+00 -0.0000e+00 -0.0000e+00 -0.0000e+00 -0.0000e+00 -0.0000e+00 -0.0000e+00 -0.0000e+00 -0.0000e+00 -0.0000e+00 -9.8758e-05 -1.3729e-04 0.0000e+00 -1.8123e-04 -1.9239e-04 -1.9777e-04 -1.9809e-04 -1.9404e-04 -1.8630e-04 -1.7556e-04 -1.6256e-04 -1.4797e-04 -1.3247e-04 -1.1666e-04 -1.0107e-04 -8.6132e-05 -7.2196e-05 -5.9506e-05 -4.8214e-05 -3.8388e-05 -3.0021e-05 -2.3049e-05 -1.7363e-05 -1.2825e-05 -9.2824e-06 -6.5778e-06 -4.5599e-06 -3.0894e-06 -2.0437e-06 -1.3185e-06 -8.2864e-07 -5.0665e-07 -3.0095e-07 -1.7340e-07 -9.6759e-08 -5.2194e-08 -2.7164e-08 -1.3612e-08 -6.5520e-09 -3.0220e-09 -1.3321e-09 -5.5945e-10 -2.2316e-10 -8.4255e-11 -2.9993e-11 -1.0025e-11 -3.1317e-12 -9.0981e-13 -2.4445e-13 -6.0378e-14 -1.3617e-14 -2.7837e-15 -5.1161e-16 -8.3770e-17 -1.2098e-17 -1.5238e-18 -1.6532e-19 -1.5234e-20 -1.1738e-21 -7.4304e-23 -3.7884e-24 -1.5211e-25 -4.6886e-27 -1.0779e-28 -1.7879e-30 -2.0604e-32 -1.5793e-34 -7.6570e-37 -2.2154e-39 -3.5740e-42 -2.9699e-45 -1.1579e-48 -1.8970e-52 -1.1453e-56 -2.1784e-61 -1.0805e-66 -1.1112e-72 -1.7905e-79 -3.1996e-87 -4.1256e-96 -2.2366e-106 -2.5669e-118 -2.5808e-132 -7.2009e-149 -1.2190e-168 -1.6211e-192 -1.0291e-221 -6.1909e-258 -1.2789e-303 -0.0000e+00 -0.0000e+00 -0.0000e+00 -0.0000e+00 -0.0000e+00 -0.0000e+00 -0.0000e+00 -0.0000e+00 -0.0000e+00 -0.0000e+00 -0.0000e+00
-1.0949e-04 -1.5254e-04 -1.8219e-04 3.9560e-03 -2.1697e-04 -2.2479e-04 -2.2723e-04 -2.2493e-04 -2.1853e-04 -2.0868e-04 -1.9603e-04 -1.8128e-04 -1.6507e-04 -1.4804e-04 -1.3076e-04 -1.1375e-04 -9.7439e-05 -8.2163e-05 -6.8180e-05 -5.5654e-05 -4.4667e-05 -3.5229e-05 -2.7289e-05 -2.0747e-05 -1.5469e-05 -1.1303e-05 -8.0865e-06 -5.6592e-06 -3.8701e-06 -2.5833e-06 -1.6812e-06 -1.0652e-06 -6.5626e-07 -3.9249e-07 -2.2751e-07 -1.2759e-07 -6.9086e-08 -3.6047e-08 -1.8081e-08 -8.6978e-09 -4.0016e-09 -1.7557e-09 -7.3222e-10 -2.8929e-10 -1.0786e-10 -3.7792e-11 -1.2388e-11 -3.7802e-12 -1.0679e-12 -2.7762e-13 -6.5975e-14 -1.4228e-14 -2.7618e-15 -4.7823e-16 -7.3138e-17 -9.7694e-18 -1.1257e-18 -1.1035e-19 -9.0603e-21 -6.1228e-22 -3.3389e-23 -1.4369e-24 -4.7579e-26 -1.1778e-27 -2.1091e-29 -2.6312e-31 -2.1900e-33 -1.1567e-35 -3.6589e-38 -6.4788e-41 -5.9341e-44 -2.5621e-47 -4.6722e-51 -3.1579e-55 -6.7665e-60 -3.8076e-65 -4.4778e-71 -8.3236e-78 -1.7332e-85 -2.6338e-94 -1.7047e-104 -2.3708e-116 -2.9390e-130 -1.0316e-146 -2.2501e-166 -3.9660e-190 -3.4528e-219 -2.9700e-255 -9.2381e-301 -0.0000e+00 -0.0000e+00 -0.0000e+00 -0.0000e+00 -0.0000e+00 -0.0000e+00 -0.0000e+00 -0.0000e+00 -0.0000e+00 -0.0000e+00 -0.0000e+00 -1.0943e-04 -1.5218e-04 -1.8123e-04 0.0000e+00 -2.1383e-04 -2.2013e-04 -2.2086e-04 -2.1676e-04 -2.0857e-04 -1.9705e-04 -1.8295e-04 -1.6704e-04 -1.5004e-04 -1.3260e-04 -1.1532e-04 -9.8689e-05 -8.3090e-05 -6.8810e-05 -5.6035e-05 -4.4854e-05 -3.5277e-05 -2.7247e-05 -2.0655e-05 -1.5359e-05 -1.1194e-05 -7.9908e-06 -5.5822e-06 -3.8127e-06 -2.5435e-06 -1.6555e-06 -1.0501e-06 -6.4826e-07 -3.8896e-07 -2.2648e-07 -1.2777e-07 -6.9711e-08 -3.6715e-08 -1.8627e-08 -9.0825e-09 -4.2459e-09 -1.8979e-09 -8.0879e-10 -3.2756e-10 -1.2564e-10 -4.5466e-11 -1.5459e-11 -4.9163e-12 -1.4551e-12 -3.9860e-13 -1.0046e-13 -2.3139e-14 -4.8351e-15 -9.0920e-16 -1.5247e-16 -2.2576e-17 -2.9188e-18 -3.2542e-19 -3.0855e-20 -2.4496e-21 -1.6000e-22 -8.4301e-24 -3.5036e-25 -1.1199e-26 -2.6746e-28 -4.6186e-30 -5.5532e-32 -4.4517e-34 -2.2633e-36 -6.8860e-39 -1.1719e-41 -1.0307e-44 -4.2696e-48 -7.4625e-52 -4.8291e-56 -9.8953e-61 -5.3180e-66 -5.9646e-72 -1.0558e-78 -2.0898e-86 -3.0133e-95 -1.8467e-105 -2.4261e-117 -2.8337e-131 -9.3447e-148 -1.9085e-167 -3.1380e-191 -2.5377e-220 -2.0176e-256 -5.7672e-302 -0.0000e+00 -0.0000e+00 -0.0000e+00 -0.0000e+00 -0.0000e+00 -0.0000e+00 -0.0000e+00 -0.0000e+00 -0.0000e+00 -0.0000e+00 -0.0000e+00
-1.1612e-04 -1.6200e-04 -1.9397e-04 -2.1697e-04 6.1892e-03 -2.4248e-04 -2.4664e-04 -2.4587e-04 -2.4075e-04 -2.3187e-04 -2.1986e-04 -2.0536e-04 -1.8899e-04 -1.7140e-04 -1.5319e-04 -1.3491e-04 -1.1703e-04 -9.9990e-05 -8.4101e-05 -6.9608e-05 -5.6664e-05 -4.5343e-05 -3.5644e-05 -2.7508e-05 -2.0825e-05 -1.5453e-05 -1.1230e-05 -7.9844e-06 -5.5485e-06 -3.7643e-06 -2.4902e-06 -1.6043e-06 -1.0051e-06 -6.1146e-07 -3.6059e-07 -2.0578e-07 -1.1342e-07 -6.0252e-08 -3.0780e-08 -1.5083e-08 -7.0718e-09 -3.1629e-09 -1.3453e-09 -5.4222e-10 -2.0634e-10 -7.3827e-11 -2.4725e-11 -7.7121e-12 -2.2283e-12 -5.9288e-13 -1.4430e-13 -3.1892e-14 -6.3497e-15 -1.1287e-15 -1.7736e-16 -2.4366e-17 -2.8906e-18 -2.9206e-19 -2.4747e-20 -1.7281e-21 -9.7517e-23 -4.3493e-24 -1.4950e-25 -3.8488e-27 -7.1818e-29 -9.3561e-31 -8.1506e-33 -4.5174e-35 -1.5036e-37 -2.8102e-40 -2.7258e-43 -1.2510e-46 -2.4349e-50 -1.7647e-54 -4.0751e-59 -2.4855e-64 -3.1886e-70 -6.5132e-77 -1.5027e-84 -2.5541e-93 -1.8693e-103 -2.9768e-115 -4.2879e-129 -1.7795e-145 -4.6837e-165 -1.0211e-188 -1.1329e-217 -1.2884e-253 -5.5483e-299 -0.0000e+00 -0.0000e+00 -0.0000e+00 -0.0000e+00 -0.0000e+00 -0.0000e+00 -0.0000e+00 -0.0000e+00 -0.0000e+00 -0.0000e+00 -0.0000e+00 -1.1601e-04 -1.6141e-04 -1.9239e-04 -2.1383e-04 0.0000e+00 -2.3473e-04 -2.3602e-04 -2.3222e-04 -2.2408e-04 -2.1236e-04 -1.9786e-04 -1.8135e-04 -1.6358e-04 -1.4523e-04 -1.2692e-04 -1.0918e-04 -9.2439e-05 -7.7008e-05 -6.3107e-05 -5.0852e-05 -4.0276e-05 -3.1339e-05 -2.3942e-05 -1.7948e-05 -1.3193e-05 -9.5023e-06 -6.7002e-06 -4.6209e-06 -3.1140e-06 -2.0483e-06 -1.3135e-06 -8.2017e-07 -4.9795e-07 -2.9352e-07 -1.6771e-07 -9.2722e-08 -4.9508e-08 -2.5476e-08 -1.2606e-08 -5.9837e-09 -2.7172e-09 -1.1770e-09 -4.8485e-10 -1.8926e-10 -6.9746e-11 -2.4166e-11 -7.8366e-12 -2.3668e-12 -6.6211e-13 -1.7054e-13 -4.0179e-14 -8.5952e-15 -1.6561e-15 -2.8486e-16 -4.3305e-17 -5.7545e-18 -6.6018e-19 -6.4491e-20 -5.2817e-21 -3.5639e-22 -1.9427e-23 -8.3664e-25 -2.7759e-26 -6.8946e-28 -1.2406e-29 -1.5578e-31 -1.3072e-33 -6.9749e-36 -2.2334e-38 -4.0125e-41 -3.7384e-44 -1.6465e-47 -3.0725e-51 -2.1325e-55 -4.7108e-60 -2.7451e-65 -3.3598e-71 -6.5375e-78 -1.4343e-85 -2.3140e-94 -1.6042e-104 -2.4142e-116 -3.2779e-130 -1.2785e-146 -3.1522e-166 -6.4135e-190 -6.6126e-219 -6.9542e-255 -2.7533e-300 -0.0000e+00 -0.0000e+00 -0.0000e+00 -0.0000e+00 -0.0000e+00 -0.0000e+00 -0.0000e+00 -0.0000e+00 -0.0000e+00 -0.0000e+00 -0.0000e+00
-1.1922e-04 -1.6664e-04 -2.0012e-04 -2.2479e-04 -2.4248e-04 8.9265e-03 -2.6042e-04 -2.6177e-04 -2.5868e-04 -2.5164e-04 -2.4117e-04 -2.2783e-04 -2.1218e-04 -1.9485e-04 -1.7640e-04 -1.5742e-04 -1.3844e-04 -1.1993e-04 -1.0232e-04 -8.5911e-05 -7.0963e-05 -5.7630e-05 -4.5984e-05 -3.6025e-05 -2.7691e-05 -2.0865e-05 -1.5399e-05 -1.1120e-05 -7.8497e-06 -5.4105e-06 -3.6370e-06 -2.3813e-06 -1.5164e-06 -9.3789e-07 -5.6243e-07 -3.2646e-07 -1.8306e-07 -9.8960e-08 -5.1461e-08 -2.5679e-08 -1.2264e-08 -5.5894e-09 -2.4235e-09 -9.9623e-10 -3.8682e-10 -1.4129e-10 -4.8332e-11 -1.5408e-11 -4.5527e-12 -1.2396e-12 -3.0895e-13 -6.9980e-14 -1.4291e-14 -2.6078e-15 -4.2107e-16 -5.9499e-17 -7.2680e-18 -7.5702e-19 -6.6207e-20 -4.7783e-21 -2.7909e-22 -1.2904e-23 -4.6058e-25 -1.2335e-26 -2.3991e-28 -3.2648e-30 -2.9779e-32 -1.7326e-34 -6.0704e-37 -1.1979e-39 -1.2311e-42 -6.0081e-46 -1.2487e-49 -9.7077e-54 -2.4171e-58 -1.5987e-63 -2.2386e-69 -5.0272e-76 -1.2858e-83 -2.4458e-92 -2.0252e-102 -3.6952e-114 -6.1891e-128 -3.0387e-144 -9.6589e-164 -2.6065e-187 -3.6888e-216 -5.5522e-252 -3.3137e-297 -0.0000e+00 -0.0000e+00 -0.0000e+00 -0.0000e+00 -0.0000e+00 -0.0000e+00 -0.0000e+00 -0.0000e+00 -0.0000e+00 -0.0000e+00 -0.0000e+00 -1.1906e-04 -1.6576e-04 -1.9777e-04 -2.2013e-04 -2.3473e-04 0.0000e+00 -2.4460e-04 -2.4139e-04 -2.3373e-04 -2.2237e-04 -2.0807e-04 -1.9159e-04 -1.7368e-04 -1.5504e-04 -1.3629e-04 -1.1798e-04 -1.0055e-04 -8.4356e-05 -6.9642e-05 -5.6559e-05 -4.5166e-05 -3.5447e-05 -2.7326e-05 -2.0678e-05 -1.5350e-05 -1.1169e-05 -7.9591e-06 -5.5499e-06 -3.7830e-06 -2.5180e-06 -1.6346e-06 -1.0337e-06 -6.3586e-07 -3.7992e-07 -2.2014e-07 -1.2348e-07 -6.6919e-08 -3.4970e-08 -1.7581e-08 -8.4826e-09 -3.9176e-09 -1.7269e-09 -7.2425e-10 -2.8801e-10 -1.0819e-10 -3.8235e-11 -1.2655e-11 -3.9037e-12 -1.1162e-12 -2.9407e-13 -7.0921e-14 -1.5543e-14 -3.0711e-15 -5.4217e-16 -8.4680e-17 -1.1573e-17 -1.3670e-18 -1.3766e-19 -1.1637e-20 -8.1162e-22 -4.5795e-23 -2.0447e-24 -7.0456e-26 -1.8207e-27 -3.4156e-29 -4.4808e-31 -3.9377e-33 -2.2059e-35 -7.4370e-38 -1.4111e-40 -1.3932e-43 -6.5268e-47 -1.3009e-50 -9.6879e-55 -2.3081e-59 -1.4589e-64 -1.9494e-70 -4.1715e-77 -1.0149e-84 -1.8329e-93 -1.4380e-103 -2.4803e-115 -3.9169e-129 -1.8080e-145 -5.3851e-165 -1.3566e-188 -1.7847e-217 -2.4848e-253 -1.3638e-298 -0.0000e+00 -0.0000e+00 -0.0000e+00 -0.0000e+00 -0.0000e+00 -0.0000e+00 -0.0000e+00 -0.0000e+00 -0.0000e+00 -0.0000e+00 -0.0000e+00
-1.1924e-04 -1.6703e-04 -2.0131e-04 -2.2723e-04 -2.4664e-04 -2.6042e-04 1.2173e-02 -2.7306e-04 -2.7264e-04 -2.6818e-04 -2.6006e-04 -2.4872e-04 -2.3463e-04 -2.1833e-04 -2.0036e-04 -1.8129e-04 -1.6168e-04 -1.4208e-04 -1.2296e-04 -1.0475e-04 -8.7800e-05 -7.2357e-05 -5.8593e-05 -4.6590e-05 -3.6349e-05 -2.7803e-05 -2.0831e-05 -1.5274e-05 -1.0948e-05 -7.6638e-06 -5.2327e-06 -3.4806e-06 -2.2522e-06 -1.4157e-06 -8.6300e-07 -5.0934e-07 -2.9049e-07 -1.5977e-07 -8.4557e-08 -4.2958e-08 -2.0895e-08 -9.7029e-09 -4.2883e-09 -1.7977e-09 -7.1222e-10 -2.6557e-10 -9.2794e-11 -3.0234e-11 -9.1366e-12 -2.5459e-12 -6.4987e-13 -1.5088e-13 -3.1607e-14 -5.9220e-15 -9.8269e-16 -1.4285e-16 -1.7972e-17 -1.9301e-18 -1.7427e-19 -1.3002e-20 -7.8624e-22 -3.7694e-23 -1.3975e-24 -3.8944e-26 -7.8976e-28 -1.1230e-29 -1.0728e-31 -6.5538e-34 -2.4179e-36 -5.0398e-39 -5.4890e-42 -2.8498e-45 -6.3267e-49 -5.2782e-53 -1.4176e-57 -1.0172e-62 -1.5552e-68 -3.8415e-75 -1.0897e-82 -2.3210e-91 -2.1755e-101 -4.5506e-113 -8.8679e-127 -5.1544e-143 -1.9801e-162 -6.6196e-186 -1.1960e-214 -2.3847e-250 -1.9747e-295 -0.0000e+00 -0.0000e+00 -0.0000e+00 -0.0000e+00 -0.0000e+00 -0.0000e+00 -0.0000e+00 -0.0000e+00 -0.0000e+00 -0.0000e+00 -0.0000e+00 -1.1903e-04 -1.6583e-04 -1.9809e-04 -2.2086e-04 -2.3602e-04 -2.4460e-04 0.0000e+00 -2.4499e-04 -2.3818e-04 -2.2762e-04 -2.1404e-04 -1.9816e-04 -1.8069e-04 -1.6232e-04 -1.4365e-04 -1.2524e-04 -1.0755e-04 -9.0957e-05 -7.5728e-05 -6.2047e-05 -5.0008e-05 -3.9628e-05 -3.0857e-05 -2.3596e-05 -1.7706e-05 -1.3029e-05 -9.3933e-06 -6.6291e-06 -4.5751e-06 -3.0844e-06 -2.0290e-06 -1.3006e-06 -8.1136e-07 -4.9183e-07 -2.8924e-07 -1.6473e-07 -9.0690e-08 -4.8163e-08 -2.4619e-08 -1.2084e-08 -5.6797e-09 -2.5493e-09 -1.0893e-09 -4.4154e-10 -1.6917e-10 -6.1014e-11 -2.0623e-11 -6.5005e-12 -1.9006e-12 -5.1242e-13 -1.2656e-13 -2.8429e-14 -5.7622e-15 -1.0445e-15 -1.6767e-16 -2.3576e-17 -2.8684e-18 -2.9786e-19 -2.5999e-20 -1.8748e-21 -1.0953e-22 -5.0718e-24 -1.8155e-25 -4.8828e-27 -9.5522e-29 -1.3096e-30 -1.2056e-32 -7.0931e-35 -2.5185e-37 -5.0485e-40 -5.2837e-43 -2.6337e-46 -5.6083e-50 -4.4830e-54 -1.1523e-58 -7.9032e-64 -1.1534e-69 -2.7152e-76 -7.3281e-84 -1.4822e-92 -1.3167e-102 -2.6041e-114 -4.7857e-128 -2.6157e-144 -9.4177e-164 -2.9399e-187 -4.9385e-216 -9.1106e-252 -6.9399e-297 -0.0000e+00 -0.0000e+00 -0.0000e+00 -0.0000e+00 -0.0000e+00 -0.0000e+00 -0.0000e+00 -0.0000e+00 -0.0000e+00 -0.0000e+00 -0.0000e+00
-1.1661e-04 -1.6375e-04 -1.9816e-04 -2.2493e-04 -2.4587e-04 -2.6177e-04 -2.7306e-04 1.5933e-02 -2.8272e-04 -2.8145e-04 -2.7638e-04 -2.6780e-04 -2.5604e-04 -2.4153e-04 -2.2475e-04 -2.0624e-04 -1.8656e-04 -1.6629e-04 -1.4599e-04 -1.2617e-04 -1.0729e-04 -8.9703e-05 -7.3700e-05 -5.9461e-05 -4.7074e-05 -3.6540e-05 -2.7785e-05 -2.0679e-05 -1.5048e-05 -1.0695e-05 -7.4155e-06 -5.0098e-06 -3.2934e-06 -2.1035e-06 -1.3034e-06 -7.8210e-07 -4.5364e-07 -2.5383e-07 -1.3672e-07 -7.0711e-08 -3.5030e-08 -1.6575e-08 -7.4675e-09 -3.1927e-09 -1.2907e-09 -4.9136e-10 -1.7538e-10 -5.8411e-11 -1.8055e-11 -5.1497e-12 -1.3465e-12 -3.2047e-13 -6.8881e-14 -1.3253e-14 -2.2607e-15 -3.3815e-16 -4.3822e-17 -4.8538e-18 -4.5254e-19 -3.4914e-20 -2.1862e-21 -1.0871e-22 -4.1870e-24 -1.2145e-25 -2.5686e-27 -3.8173e-29 -3.8204e-31 -2.4514e-33 -9.5262e-36 -2.0979e-38 -2.4223e-41 -1.3382e-44 -3.1747e-48 -2.8432e-52 -8.2397e-57 -6.4167e-62 -1.0717e-67 -2.9129e-74 -9.1688e-82 -2.1877e-90 -2.3225e-100 -5.5726e-112 -1.2643e-125 -8.7055e-142 -4.0446e-161 -1.6765e-184 -3.8705e-213 -1.0235e-248 -1.1774e-293 -0.0000e+00 -0.0000e+00 -0.0000e+00 -0.0000e+00 -0.0000e+00 -0.0000e+00 -0.0000e+00 -0.0000e+00 -0.0000e+00 -0.0000e+00 -0.0000e+00 -1.1633e-04 -1.6221e-04 -1.9404e-04 -2.1676e-04 -2.3222e-04 -2.4139e-04 -2.4499e-04 0.0000e+00 -2.3797e-04 -2.2859e-04 -2.1617e-04 -2.0136e-04 -1.8483e-04 -1.6722e-04 -1.4911e-04 -1.3105e-04 -1.1349e-04 -9.6836e-05 -8.1376e-05 -6.7325e-05 -5.4814e-05 -4.3895e-05 -3.4555e-05 -2.6723e-05 -2.0288e-05 -1.5110e-05 -1.1030e-05 -7.8841e-06 -5.5132e-06 -3.7674e-06 -2.5129e-06 -1.6340e-06 -1.0344e-06 -6.3651e-07 -3.8014e-07 -2.1996e-07 -1.2308e-07 -6.6461e-08 -3.4558e-08 -1.7262e-08 -8.2612e-09 -3.7772e-09 -1.6449e-09 -6.7994e-10 -2.6580e-10 -9.7868e-11 -3.3791e-11 -1.0888e-11 -3.2562e-12 -8.9861e-13 -2.2736e-13 -5.2360e-14 -1.0890e-14 -2.0273e-15 -3.3455e-16 -4.8410e-17 -6.0680e-18 -6.4995e-19 -5.8589e-20 -4.3692e-21 -2.6437e-22 -1.2699e-23 -4.7232e-25 -1.3224e-26 -2.6985e-28 -3.8673e-30 -3.7304e-32 -2.3056e-34 -8.6243e-37 -1.8268e-39 -2.0273e-42 -1.0755e-45 -2.4476e-49 -2.1007e-53 -5.8273e-58 -4.3383e-63 -6.9171e-69 -1.7922e-75 -5.3681e-83 -1.2166e-91 -1.2242e-101 -2.7778e-113 -5.9441e-127 -3.8495e-143 -1.6765e-162 -6.4901e-186 -1.3934e-214 -3.4095e-250 -3.6085e-295 -0.0000e+00 -0.0000e+00 -0.0000e+00 -0.0000e+00 -0.0000e+00 -0.0000e+00 -0.0000e+00 -0.0000e+00 -0.0000e+00 -0.0000e+00 -0.0000e+00
-1.1174e-04 -1.5736e-04 -1.9131e-04 -2.1853e-04 -2.4075e-04 -2.5868e-04 -2.7264e-04 -2.8272e-04 2.0215e-02 -2.9132e-04 -2.8985e-04 -2.8466e-04 -2.7593e-04 -2.6394e-04 -2.4907e-04 -2.3179e-04 -2.1266e-04 -1.9225e-04 -1.7119e-04 -1.5006e-04 -1.2942e-04 -1.0976e-04 -9.1470e-05 -7.4863e-05 -6.0127e-05 -4.7353e-05 -3.6538e-05 -2.7597e-05 -2.0383e-05 -1.4707e-05 -1.0354e-05 -7.1045e-06 -4.7444e-06 -3.0792e-06 -1.9392e-06 -1.1831e-06 -6.9791e-07 -3.9730e-07 -2.1779e-07 -1.1469e-07 -5.7871e-08 -2.7903e-08 -1.2816e-08 -5.5892e-09 -2.3059e-09 -8.9637e-10 -3.2689e-10 -1.1130e-10 -3.5197e-11 -1.0277e-11 -2.7530e-12 -6.7183e-13 -1.4818e-13 -2.9285e-14 -5.1357e-15 -7.9063e-16 -1.0556e-16 -1.2061e-17 -1.1615e-18 -9.2674e-20 -6.0106e-21 -3.1004e-22 -1.2410e-23 -3.7474e-25 -8.2678e-27 -1.2846e-28 -1.3472e-30 -9.0821e-33 -3.7184e-35 -8.6544e-38 -1.0597e-40 -6.2320e-44 -1.5803e-47 -1.5199e-51 -4.7546e-56 -4.0200e-61 -7.3370e-67 -2.1955e-73 -7.6720e-81 -2.0517e-89 -2.4684e-99 -6.7979e-111 -1.7966e-124 -1.4667e-140 -8.2483e-160 -4.2429e-183 -1.2530e-211 -4.3993e-247 -7.0399e-292 -0.0000e+00 -0.0000e+00 -0.0000e+00 -0.0000e+00 -0.0000e+00 -0.0000e+00 -0.0000e+00 -0.0000e+00 -0.0000e+00 -0.0000e+00 -0.0000e+00 -1.1141e-04 -1.5549e-04 -1.8630e-04 -2.0857e-04 -2.2408e-04 -2.3373e-04 -2.3818e-04 -2.3797e-04 0.0000e+00 -2.2572e-04 -2.1480e-04 -2.0146e-04 -1.8629e-04 -1.6986e-04 -1.5273e-04 -1.3541e-04 -1.1836e-04 -1.0196e-04 -8.6551e-05 -7.2360e-05 -5.9556e-05 -4.8231e-05 -3.8411e-05 -3.0063e-05 -2.3107e-05 -1.7428e-05 -1.2889e-05 -9.3369e-06 -6.6192e-06 -4.5872e-06 -3.1041e-06 -2.0484e-06 -1.3164e-06 -8.2268e-07 -4.9917e-07 -2.9355e-07 -1.6700e-07 -9.1728e-08 -4.8535e-08 -2.4680e-08 -1.2030e-08 -5.6046e-09 -2.4882e-09 -1.0491e-09 -4.1854e-10 -1.5736e-10 -5.5516e-11 -1.8288e-11 -5.5959e-12 -1.5811e-12 -4.0988e-13 -9.6797e-14 -2.0661e-14 -3.9512e-15 -6.7046e-16 -9.9860e-17 -1.2898e-17 -1.4253e-18 -1.3272e-19 -1.0237e-20 -6.4169e-22 -3.1980e-23 -1.2362e-24 -3.6039e-26 -7.6724e-28 -1.1497e-29 -1.1623e-31 -7.5483e-34 -2.9752e-36 -6.6614e-39 -7.8404e-42 -4.4282e-45 -1.0774e-48 -9.9313e-53 -2.9742e-57 -2.4044e-62 -4.1900e-68 -1.1953e-74 -3.9752e-82 -1.0099e-90 -1.1518e-100 -3.0001e-112 -7.4799e-126 -5.7436e-142 -3.0283e-161 -1.4550e-184 -3.9963e-213 -1.2986e-248 -1.9121e-293 -0.0000e+00 -0.0000e+00 -0.0000e+00 -0.0000e+00 -0.0000e+00 -0.0000e+00 -0.0000e+00 -0.0000e+00 -0.0000e+00 -0.0000e+00 -0.0000e+00
-1.0508e-04 -1.4845e-04 -1.8141e-04 -2.0868e-04 -2.3187e-04 -2.5164e-04 -2.6818e-04 -2.8145e-04 -2.9132e-04 2.5026e-02 -3.0013e-04 -2.9884e-04 -2.9372e-04 -2.8491e-04 -2.7264e-04 -2.5731e-04 -2.3939e-04 -2.1946e-04 -1.9817e-04 -1.7615e-04 -1.5406e-04 -1.3250e-04 -1.1199e-04 -9.2963e-05 -7.5736e-05 -6.0510e-05 -4.7372e-05 -3.6308e-05 -2.7219e-05 -1.9937e-05 -1.4252e-05 -9.9320e-06 -6.7379e-06 -4.4437e-06 -2.8446e-06 -1.7646e-06 -1.0588e-06 -6.1325e-07 -3.4217e-07 -1.8348e-07 -9.4315e-08 -4.6346e-08 -2.1705e-08 -9.6565e-09 -4.0663e-09 -1.6143e-09 -6.0158e-10 -2.0944e-10 -6.7767e-11 -2.0260e-11 -5.5614e-12 -1.3918e-12 -3.1508e-13 -6.3969e-14 -1.1536e-14 -1.8281e-15 -2.5153e-16 -2.9651e-17 -2.9497e-18 -2.4347e-19 -1.6359e-20 -8.7560e-22 -3.6428e-23 -1.1455e-24 -2.6370e-26 -4.2844e-28 -4.7098e-30 -3.3368e-32 -1.4398e-34 -3.5426e-37 -4.6016e-40 -2.8816e-43 -7.8134e-47 -8.0729e-51 -2.7271e-55 -2.5045e-60 -4.9975e-66 -1.6471e-72 -6.3929e-80 -1.9173e-88 -2.6155e-98 -8.2731e-110 -2.5491e-123 -2.4690e-139 -1.6822e-158 -1.0749e-181 -4.0652e-210 -1.8976e-245 -4.2304e-290 -0.0000e+00 -0.0000e+00 -0.0000e+00 -0.0000e+00 -0.0000e+00 -0.0000e+00 -0.0000e+00 -0.0000e+00 -0.0000e+00 -0.0000e+00 -0.0000e+00 -1.0469e-04 -1.4628e-04 -1.7556e-04 -1.9705e-04 -2.1236e-04 -2.2237e-04 -2.2762e-04 -2.2859e-04 -2.2572e-04 0.0000e+00 -2.1031e-04 -1.9873e-04 -1.8523e-04 -1.7034e-04 -1.5454e-04 -1.3832e-04 -1.2210e-04 -1.0628e-04 -9.1186e-05 -7.7085e-05 -6.4177e-05 -5.2591e-05 -4.2396e-05 -3.3599e-05 -2.6159e-05 -1.9992e-05 -1.4985e-05 -1.1006e-05 -7.9136e-06 -5.5640e-06 -3.8211e-06 -2.5599e-06 -1.6707e-06 -1.0607e-06 -6.5403e-07 -3.9102e-07 -2.2624e-07 -1.2643e-07 -6.8087e-08 -3.5254e-08 -1.7505e-08 -8.3121e-09 -3.7628e-09 -1.6186e-09 -6.5913e-10 -2.5311e-10 -9.1256e-11 -3.0741e-11 -9.6254e-12 -2.7850e-12 -7.3987e-13 -1.7920e-13 -3.9264e-14 -7.7148e-15 -1.3463e-15 -2.0643e-16 -2.7480e-17 -3.1334e-18 -3.0145e-19 -2.4057e-20 -1.5624e-21 -8.0804e-23 -3.2471e-24 -9.8584e-26 -2.1902e-27 -3.4324e-29 -3.6376e-31 -2.4830e-33 -1.0315e-35 -2.4419e-38 -3.0493e-41 -1.8340e-44 -4.7720e-48 -4.7261e-52 -1.5286e-56 -1.3424e-61 -2.5578e-67 -8.0378e-74 -2.9694e-81 -8.4609e-90 -1.0943e-99 -3.2741e-111 -9.5177e-125 -8.6722e-141 -5.5401e-160 -3.3070e-183 -1.1633e-211 -5.0260e-247 -1.0311e-291 -0.0000e+00 -0.0000e+00 -0.0000e+00 -0.0000e+00 -0.0000e+00 -0.0000e+00 -0.0000e+00 -0.0000e+00 -0.0000e+00 -0.0000e+00 -0.0000e+00
-9.7064e-05 -1.3760e-04 -1.6912e-04 -1.9603e-04 -2.1986e-04 -2.4117e-04 -2.6006e-04 -2.7638e-04 -2.8985e-04 -3.0013e-04 3.0374e-02 -3.0983e-04 -3.0880e-04 -3.0373e-04 -2.9472e-04 -2.8203e-04 -2.6604e-04 -2.4729e-04 -2.2639e-04 -2.0404e-04 -1.8094e-04 -1.5779e-04 -1.3525e-04 -1.1386e-04 -9.4087e-05 -7.6256e-05 -6.0571e-05 -4.7111e-05 -3.5846e-05 -2.6655e-05 -1.9349e-05 -1.3695e-05 -9.4392e-06 -6.3264e-06 -4.1169e-06 -2.5969e-06 -1.5850e-06 -9.3423e-07 -5.3064e-07 -2.8978e-07 -1.5176e-07 -7.6015e-08 -3.6305e-08 -1.6479e-08 -7.0840e-09 -2.8726e-09 -1.0941e-09 -3.8954e-10 -1.2898e-10 -3.9491e-11 -1.1110e-11 -2.8517e-12 -6.6274e-13 -1.3826e-13 -2.5643e-14 -4.1838e-15 -5.9335e-16 -7.2179e-17 -7.4193e-18 -6.3364e-19 -4.4117e-20 -2.4507e-21 -1.0600e-22 -3.4719e-24 -8.3418e-26 -1.4176e-27 -1.6340e-29 -1.2169e-31 -5.5354e-34 -1.4403e-36 -1.9853e-39 -1.3243e-42 -3.8410e-46 -4.2650e-50 -1.5565e-54 -1.5533e-59 -3.3903e-65 -1.2314e-71 -5.3114e-79 -1.7875e-87 -2.7668e-97 -1.0059e-108 -3.6160e-122 -4.1592e-138 -3.4365e-157 -2.7309e-180 -1.3242e-208 -8.2295e-244 -2.5602e-288 -0.0000e+00 -0.0000e+00 -0.0000e+00 -0.0000e+00 -0.0000e+00 -0.0000e+00 -0.0000e+00 -0.0000e+00 -0.0000e+00 -0.0000e+00 -0.0000e+00 -9.6629e-05 -1.3517e-04 -1.6256e-04 -1.8295e-04 -1.9786e-04 -2.0807e-04 -2.1404e-04 -2.1617e-04 -2.1480e-04 -2.1031e-04 0.0000e+00 -1.9342e-04 -1.8186e-04 -1.6877e-04 -1.5460e-04 -1.3976e-04 -1.2468e-04 -1.0971e-04 -9.5194e-05 -8.1414e-05 -6.8597e-05 -5.6909e-05 -4.6460e-05 -3.7299e-05 -2.9426e-05 -2.2796e-05 -1.7325e-05 -1.2906e-05 -9.4145e-06 -6.7176e-06 -4.6833e-06 -3.1860e-06 -2.1122e-06 -1.3626e-06 -8.5409e-07 -5.1922e-07 -3.0559e-07 -1.7378e-07 -9.5275e-08 -5.0242e-08 -2.5419e-08 -1.2303e-08 -5.6803e-09 -2.4931e-09 -1.0365e-09 -4.0661e-10 -1.4984e-10 -5.1626e-11 -1.6544e-11 -4.9025e-12 -1.3349e-12 -3.3168e-13 -7.4610e-14 -1.5065e-14 -2.7041e-15 -4.2695e-16 -5.8586e-17 -6.8944e-18 -6.8542e-19 -5.6603e-20 -3.8096e-21 -2.0451e-22 -8.5447e-24 -2.7024e-25 -6.2668e-27 -1.0274e-28 -1.1417e-30 -8.1928e-33 -3.5886e-35 -8.9846e-38 -1.1906e-40 -7.6290e-44 -2.1235e-47 -2.2604e-51 -7.8991e-56 -7.5385e-61 -1.5713e-66 -5.4420e-73 -2.2345e-80 -7.1450e-89 -1.0487e-98 -3.6064e-110 -1.2233e-123 -1.3238e-139 -1.0256e-158 -7.6143e-182 -3.4347e-210 -1.9758e-245 -5.6572e-290 -0.0000e+00 -0.0000e+00 -0.0000e+00 -0.0000e+00 -0.0000e+00 -0.0000e+00 -0.0000e+00 -0.0000e+00 -0.0000e+00 -0.0000e+00 -0.0000e+00
-8.8125e-05 -1.2542e-04 -1.5510e-04 -1.8128e-04 -2.0536e-04 -2.2783e-04 -2.4872e-04 -2.6780e-04 -2.8466e-04 -2.9884e-04 -3.0983e-04 3.6270e-02 -3.2055e-04 -3.1968e-04 -3.1451e-04 -3.0513e-04 -2.9180e-04 -2.7497e-04 -2.5520e-04 -2.3317e-04 -2.0964e-04 -1.8537e-04 -1.6111e-04 -1.3756e-04 -1.1529e-04 -9.4793e-05 -7.6397e-05 -6.0301e-05 -4.6572e-05 -3.5160e-05 -2.5919e-05 -1.8635e-05 -1.3050e-05 -8.8897e-06 -5.8814e-06 -3.7731e-06 -2.3429e-06 -1.4054e-06 -8.1277e-07 -4.5208e-07 -2.4126e-07 -1.2319e-07 -6.0009e-08 -2.7797e-08 -1.2200e-08 -5.0538e-09 -1.9676e-09 -7.1655e-10 -2.4285e-10 -7.6157e-11 -2.1961e-11 -5.7830e-12 -1.3799e-12 -2.9585e-13 -5.6447e-14 -9.4839e-15 -1.3866e-15 -1.7410e-16 -1.8495e-17 -1.6348e-18 -1.1797e-19 -6.8030e-21 -3.0599e-22 -1.0442e-23 -2.6191e-25 -4.6569e-27 -5.6294e-29 -4.4086e-31 -2.1148e-33 -5.8211e-36 -8.5174e-39 -6.0541e-42 -1.8791e-45 -2.2433e-49 -8.8485e-54 -9.6001e-59 -2.2931e-64 -9.1832e-71 -4.4047e-78 -1.6645e-86 -2.9254e-96 -1.2233e-107 -5.1355e-121 -7.0213e-137 -7.0427e-156 -6.9684e-179 -4.3385e-207 -3.5952e-242 -1.5636e-286 -0.0000e+00 -0.0000e+00 -0.0000e+00 -0.0000e+00 -0.0000e+00 -0.0000e+00 -0.0000e+00 -0.0000e+00 -0.0000e+00 -0.0000e+00 -0.0000e+00 -8.7653e-05 -1.2278e-04 -1.4797e-04 -1.6704e-04 -1.8135e-04 -1.9159e-04 -1.9816e-04 -2.0136e-04 -2.0146e-04 -1.9873e-04 -1.9342e-04 0.0000e+00 -1.7636e-04 -1.6526e-04 -1.5293e-04 -1.3973e-04 -1.2603e-04 -1.1216e-04 -9.8474e-05 -8.5242e-05 -7.2718e-05 -6.1100e-05 -5.0534e-05 -4.1113e-05 -3.2878e-05 -2.5825e-05 -1.9906e-05 -1.5044e-05 -1.1137e-05 -8.0665e-06 -5.7102e-06 -3.9457e-06 -2.6577e-06 -1.7426e-06 -1.1105e-06 -6.8658e-07 -4.1112e-07 -2.3795e-07 -1.3283e-07 -7.1351e-08 -3.6786e-08 -1.8154e-08 -8.5490e-09 -3.8294e-09 -1.6257e-09 -6.5153e-10 -2.4545e-10 -8.6508e-11 -2.8377e-11 -8.6140e-12 -2.4045e-12 -6.1294e-13 -1.4158e-13 -2.9382e-14 -5.4260e-15 -8.8229e-16 -1.2483e-16 -1.5163e-17 -1.5581e-18 -1.3318e-19 -9.2908e-21 -5.1781e-22 -2.2501e-23 -7.4147e-25 -1.7952e-26 -3.0795e-28 -3.5894e-30 -2.7087e-32 -1.2513e-34 -3.3144e-37 -4.6629e-40 -3.1840e-43 -9.4846e-47 -1.0856e-50 -4.1004e-55 -4.2547e-60 -9.7064e-66 -3.7068e-72 -1.6926e-79 -6.0777e-88 -1.0129e-97 -4.0072e-109 -1.5874e-122 -2.0420e-138 -1.9208e-157 -1.7757e-180 -1.0285e-208 -7.8899e-244 -3.1584e-288 -0.0000e+00 -0.0000e+00 -0.0000e+00 -0.0000e+00 -0.0000e+00 -0.0000e+00 -0.0000e+00 -0.0000e+00 -0.0000e+00 -0.0000e+00 -0.0000e+00
-7.8669e-05 -1.1243e-04 -1.3999e-04 -1.6507e-04 -1.8899e-04 -2.1218e-04 -2.3463e-04 -2.5604e-04 -2.7593e-04 -2.9372e-04 -3.0880e-04 -3.2055e-04 4.2725e-02 -3.3210e-04 -3.3123e-04 -3.2575e-04 -3.1579e-04 -3.0164e-04 -2.8379e-04 -2.6286e-04 -2.3960e-04 -2.1481e-04 -1.8933e-04 -1.6393e-04 -1.3937e-04 -1.1625e-04 -9.5071e-05 -7.6160e-05 -5.9711e-05 -4.5772e-05 -3.4270e-05 -2.5031e-05 -1.7813e-05 -1.2334e-05 -8.2975e-06 -5.4144e-06 -3.4209e-06 -2.0888e-06 -1.2300e-06 -6.9698e-07 -3.7907e-07 -1.9735e-07 -9.8069e-08 -4.6363e-08 -2.0779e-08 -8.7950e-09 -3.5007e-09 -1.3042e-09 -4.5250e-10 -1.4537e-10 -4.2979e-11 -1.1613e-11 -2.8457e-12 -6.2711e-13 -1.2311e-13 -2.1305e-14 -3.2119e-15 -4.1635e-16 -4.5721e-17 -4.1833e-18 -3.1295e-19 -1.8740e-20 -8.7678e-22 -3.1180e-23 -8.1671e-25 -1.5198e-26 -1.9274e-28 -1.5877e-30 -8.0342e-33 -2.3403e-35 -3.6364e-38 -2.7554e-41 -9.1558e-45 -1.1757e-48 -5.0146e-53 -5.9179e-58 -1.5478e-63 -6.8387e-70 -3.6500e-77 -1.5498e-85 -3.0953e-95 -1.4901e-106 -7.3114e-120 -1.1895e-135 -1.4501e-154 -1.7888e-177 -1.4321e-205 -1.5852e-240 -9.6575e-285 -0.0000e+00 -0.0000e+00 -0.0000e+00 -0.0000e+00 -0.0000e+00 -0.0000e+00 -0.0000e+00 -0.0000e+00 -0.0000e+00 -0.0000e+00 -0.0000e+00 -7.8172e-05 -1.0965e-04 -1.3247e-04 -1.5004e-04 -1.6358e-04 -1.7368e-04 -1.8069e-04 -1.8483e-04 -1.8629e-04 -1.8523e-04 -1.8186e-04 -1.7636e-04 0.0000e+00 -1.5997e-04 -1.4962e-04 -1.3823e-04 -1.2611e-04 -1.1357e-04 -1.0093e-04 -8.8460e-05 -7.6431e-05 -6.5062e-05 -5.4532e-05 -4.4972e-05 -3.6466e-05 -2.9050e-05 -2.2717e-05 -1.7422e-05 -1.3090e-05 -9.6266e-06 -6.9209e-06 -4.8582e-06 -3.3254e-06 -2.2164e-06 -1.4362e-06 -9.0326e-07 -5.5038e-07 -3.2427e-07 -1.8434e-07 -1.0088e-07 -5.3010e-08 -2.6675e-08 -1.2815e-08 -5.8593e-09 -2.5403e-09 -1.0403e-09 -4.0072e-10 -1.4450e-10 -4.8527e-11 -1.5092e-11 -4.3196e-12 -1.1299e-12 -2.6805e-13 -5.7184e-14 -1.0867e-14 -1.8201e-15 -2.6555e-16 -3.3305e-17 -3.5379e-18 -3.1306e-19 -2.2643e-20 -1.3105e-21 -5.9239e-23 -2.0345e-24 -5.1443e-26 -9.2361e-28 -1.1295e-29 -8.9666e-32 -4.3698e-34 -1.2250e-36 -1.8302e-39 -1.3323e-42 -4.2492e-46 -5.2317e-50 -2.1370e-54 -2.4121e-59 -6.0260e-65 -2.5391e-71 -1.2902e-78 -5.2059e-87 -9.8598e-97 -4.4908e-108 -2.0794e-121 -3.1831e-137 -3.6394e-156 -4.1948e-179 -3.1245e-207 -3.2019e-242 -1.7956e-286 -0.0000e+00 -0.0000e+00 -0.0000e+00 -0.0000e+00 -0.0000e+00 -0.0000e+00 -0.0000e+00 -0.0000e+00 -0.0000e+00 -0.0000e+00 -0.0000e+00
-6.9064e-05 -9.9156e-05 -1.2436e-04 -1.4804e-04 -1.7140e-04 -1.9485e-04 -2.1833e-04 -2.4153e-04 -2.6394e-04 -2.8491e-04 -3.0373e-04 -3.1968e-04 -3.3210e-04 4.9750e-02 -3.4415e-04 -3.4307e-04 -3.3711e-04 -3.2640e-04 -3.1129e-04 -2.9230e-04 -2.7012e-04 -2.4555e-04 -2.1947e-04 -1.9274e-04 -1.6622e-04 -1.4068e-04 -1.1675e-04 -9.4929e-05 -7.5562e-05 -5.8821e-05 -4.4733e-05 -3.3197e-05 -2.4010e-05 -1.6902e-05 -1.1563e-05 -7.6759e-06 -4.9354e-06 -3.0680e-06 -1.8399e-06 -1.0622e-06 -5.8886e-07 -3.1264e-07 -1.5850e-07 -7.6491e-08 -3.5014e-08 -1.5145e-08 -6.1641e-09 -2.3498e-09 -8.3474e-10 -2.7478e-10 -8.3304e-11 -2.3099e-11 -5.8142e-12 -1.3173e-12 -2.6613e-13 -4.7447e-14 -7.3777e-15 -9.8754e-16 -1.1213e-16 -1.0623e-17 -8.2406e-19 -5.1253e-20 -2.4950e-21 -9.2492e-23 -2.5307e-24 -4.9301e-26 -6.5615e-28 -5.6873e-30 -3.0371e-32 -9.3658e-35 -1.5460e-37 -1.2493e-40 -4.4463e-44 -6.1446e-48 -2.8353e-52 -3.6417e-57 -1.0436e-62 -5.0902e-69 -3.0251e-76 -1.4444e-84 -3.2809e-94 -1.8199e-105 -1.0448e-118 -2.0248e-134 -3.0040e-153 -4.6266e-176 -4.7707e-204 -7.0669e-239 -6.0442e-283 -0.0000e+00 -0.0000e+00 -0.0000e+00 -0.0000e+00 -0.0000e+00 -0.0000e+00 -0.0000e+00 -0.0000e+00 -0.0000e+00 -0.0000e+00 -0.0000e+00 -6.8557e-05 -9.6317e-05 -1.1666e-04 -1.3260e-04 -1.4523e-04 -1.5504e-04 -1.6232e-04 -1.6722e-04 -1.6986e-04 -1.7034e-04 -1.6877e-04 -1.6526e-04 -1.5997e-04 0.0000e+00 -1.4476e-04 -1.3529e-04 -1.2490e-04 -1.1386e-04 -1.0245e-04 -9.0955e-05 -7.9620e-05 -6.8686e-05 -5.8356e-05 -4.8796e-05 -4.0128e-05 -3.2428e-05 -2.5731e-05 -2.0028e-05 -1.5278e-05 -1.1410e-05 -8.3320e-06 -5.9428e-06 -4.1344e-06 -2.8016e-06 -1.8463e-06 -1.1813e-06 -7.3259e-07 -4.3944e-07 -2.5444e-07 -1.4188e-07 -7.5998e-08 -3.9002e-08 -1.9119e-08 -8.9239e-09 -3.9519e-09 -1.6540e-09 -6.5152e-10 -2.4040e-10 -8.2672e-11 -2.6347e-11 -7.7332e-12 -2.0761e-12 -5.0594e-13 -1.1097e-13 -2.1704e-14 -3.7454e-15 -5.6363e-16 -7.3002e-17 -8.0190e-18 -7.3474e-19 -5.5112e-20 -3.3132e-21 -1.5584e-22 -5.5796e-24 -1.4738e-25 -2.7704e-27 -3.5557e-29 -2.9703e-31 -1.5277e-33 -4.5340e-36 -7.1971e-39 -5.5879e-42 -1.9089e-45 -2.5294e-49 -1.1178e-53 -1.3733e-58 -3.7592e-64 -1.7487e-70 -9.8952e-78 -4.4901e-86 -9.6722e-96 -5.0765e-107 -2.7504e-120 -5.0157e-136 -6.9792e-155 -1.0044e-177 -9.6363e-206 -1.3216e-240 -1.0405e-284 -0.0000e+00 -0.0000e+00 -0.0000e+00 -0.0000e+00 -0.0000e+00 -0.0000e+00 -0.0000e+00 -0.0000e+00 -0.0000e+00 -0.0000e+00 -0.0000e+00
-5.9632e-05 -8.6037e-05 -1.0875e-04 -1.3076e-04 -1.5319e-04 -1.7640e-04 -2.0036e-04 -2.2475e-04 -2.4907e-04 -2.7264e-04 -2.9472e-04 -3.1451e-04 -3.3123e-04 -3.4415e-04 5.7360e-02 -3.5635e-04 -3.5492e-04 -3.4833e-04 -3.3675e-04 -3.2057e-04 -3.0036e-04 -2.7687e-04 -2.5097e-04 -2.2357e-04 -1.9561e-04 -1.6798e-04 -1.4149e-04 -1.1679e-04 -9.4391e-05 -7.4628e-05 -5.7657e-05 -4.3480e-05 -3.1966e-05 -2.2880e-05 -1.5921e-05 -1.0753e-05 -7.0370e-06 -4.4539e-06 -2.7208e-06 -1.6006e-06 -9.0461e-07 -4.8986e-07 -2.5342e-07 -1.2486e-07 -5.8385e-08 -2.5812e-08 -1.0744e-08 -4.1917e-09 -1.5249e-09 -5.1444e-10 -1.5996e-10 -4.5528e-11 -1.1773e-11 -2.7430e-12 -5.7043e-13 -1.0479e-13 -1.6810e-14 -2.3241e-15 -2.7292e-16 -2.6777e-17 -2.1547e-18 -1.3923e-19 -7.0539e-21 -2.7268e-22 -7.7958e-24 -1.5905e-25 -2.2223e-27 -2.0276e-29 -1.1431e-31 -3.7332e-34 -6.5496e-37 -5.6472e-40 -2.1537e-43 -3.2046e-47 -1.6007e-51 -2.2389e-56 -7.0342e-62 -3.7904e-68 -2.5102e-75 -1.3489e-83 -3.4877e-93 -2.2315e-104 -1.5006e-117 -3.4684e-133 -6.2706e-152 -1.2077e-174 -1.6067e-202 -3.1915e-237 -3.8410e-281 -0.0000e+00 -0.0000e+00 -0.0000e+00 -0.0000e+00 -0.0000e+00 -0.0000e+00 -0.0000e+00 -0.0000e+00 -0.0000e+00 -0.0000e+00 -0.0000e+00 -5.9128e-05 -8.3210e-05 -1.0107e-04 -1.1532e-04 -1.2692e-04 -1.3629e-04 -1.4365e-04 -1.4911e-04 -1.5273e-04 -1.5454e-04 -1.5460e-04 -1.5293e-04 -1.4962e-04 -1.4476e-04 0.0000e+00 -1.3098e-04 -1.2240e-04 -1.1299e-04 -1.0298e-04 -9.2625e-05 -8.2169e-05 -7.1853e-05 -6.1896e-05 -5.2489e-05 -4.3786e-05 -3.5902e-05 -2.8911e-05 -2.2845e-05 -1.7695e-05 -1.3421e-05 -9.9573e-06 -7.2173e-06 -5.1041e-06 -3.5170e-06 -2.3576e-06 -1.5349e-06 -9.6888e-07 -5.9180e-07 -3.4905e-07 -1.9835e-07 -1.0833e-07 -5.6706e-08 -2.8368e-08 -1.3519e-08 -6.1163e-09 -2.6167e-09 -1.0542e-09 -3.9812e-10 -1.4022e-10 -4.5800e-11 -1.3788e-11 -3.8000e-12 -9.5144e-13 -2.1462e-13 -4.3210e-14 -7.6840e-15 -1.1930e-15 -1.5961e-16 -1.8133e-17 -1.7209e-18 -1.3390e-19 -8.3633e-21 -4.0943e-22 -1.5287e-23 -4.2195e-25 -8.3070e-27 -1.1194e-28 -9.8434e-31 -5.3449e-33 -1.6801e-35 -2.8347e-38 -2.3484e-41 -8.5971e-45 -1.2266e-48 -5.8685e-53 -7.8518e-58 -2.3565e-63 -1.2111e-69 -7.6370e-77 -3.9003e-85 -9.5643e-95 -5.7904e-106 -3.6748e-119 -7.9932e-135 -1.3554e-153 -2.4393e-176 -3.0197e-204 -5.5537e-239 -6.1531e-283 -0.0000e+00 -0.0000e+00 -0.0000e+00 -0.0000e+00 -0.0000e+00 -0.0000e+00 -0.0000e+00 -0.0000e+00 -0.0000e+00 -0.0000e+00 -0.0000e+00
-5.0635e-05 -7.3444e-05 -9.3601e-05 -1.1375e-04 -1.3491e-04 -1.5742e-04 -1.8129e-04 -2.0624e-04 -2.3179e-04 -2.5731e-04 -2.8203e-04 -3.0513e-04 -3.2575e-04 -3.4307e-04 -3.5635e-04 6.5568e-02 -3.6844e-04 -3.6654e-04 -3.5923e-04 -3.4670e-04 -3.2939e-04 -3.0792e-04 -2.8309e-04 -2.5583e-04 -2.2711e-04 -1.9793e-04 -1.6922e-04 -1.4182e-04 -1.1640e-04 -9.3482e-05 -7.3382e-05 -5.6243e-05 -4.2036e-05 -3.0597e-05 -2.1658e-05 -1.4886e-05 -9.9168e-06 -6.3919e-06 -3.9779e-06 -2.3851e-06 -1.3744e-06 -7.5923e-07 -4.0088e-07 -2.0169e-07 -9.6356e-08 -4.3549e-08 -1.8543e-08 -7.4046e-09 -2.7592e-09 -9.5416e-10 -3.0434e-10 -8.8936e-11 -2.3633e-11 -5.6633e-12 -1.2126e-12 -2.2960e-13 -3.8005e-14 -5.4285e-15 -6.5947e-16 -6.7031e-17 -5.5962e-18 -3.7581e-19 -1.9822e-20 -7.9928e-22 -2.3886e-23 -5.1053e-25 -7.4913e-27 -7.1975e-29 -4.2854e-31 -1.4830e-33 -2.7665e-36 -2.5463e-39 -1.0411e-42 -1.6690e-46 -9.0297e-51 -1.3763e-55 -4.7440e-61 -2.8261e-67 -2.0874e-74 -1.2635e-82 -3.7224e-92 -2.7500e-103 -2.1686e-116 -5.9863e-132 -1.3208e-150 -3.1862e-173 -5.4797e-201 -1.4628e-235 -2.4836e-279 -0.0000e+00 -0.0000e+00 -0.0000e+00 -0.0000e+00 -0.0000e+00 -0.0000e+00 -0.0000e+00 -0.0000e+00 -0.0000e+00 -0.0000e+00 -0.0000e+00 -5.0146e-05 -7.0699e-05 -8.6132e-05 -9.8689e-05 -1.0918e-04 -1.1798e-04 -1.2524e-04 -1.3105e-04 -1.3541e-04 -1.3832e-04 -1.3976e-04 -1.3973e-04 -1.3823e-04 -1.3529e-04 -1.3098e-04 0.0000e+00 -1.1865e-04 -1.1094e-04 -1.0245e-04 -9.3380e-05 -8.3970e-05 -7.4448e-05 -6.5037e-05 -5.5944e-05 -4.7349e-05 -3.9399e-05 -3.2205e-05 -2.5837e-05 -2.0324e-05 -1.5659e-05 -1.1805e-05 -8.6969e-06 -6.2532e-06 -4.3821e-06 -2.9884e-06 -1.9801e-06 -1.2724e-06 -7.9153e-07 -4.7565e-07 -2.7550e-07 -1.5343e-07 -8.1936e-08 -4.1838e-08 -2.0362e-08 -9.4123e-09 -4.1169e-09 -1.6967e-09 -6.5593e-10 -2.3664e-10 -7.9237e-11 -2.4473e-11 -6.9249e-12 -1.7818e-12 -4.1344e-13 -8.5706e-14 -1.5710e-14 -2.5169e-15 -3.4792e-16 -4.0894e-17 -4.0206e-18 -3.2460e-19 -2.1072e-20 -1.0740e-21 -4.1832e-23 -1.2070e-24 -2.4895e-26 -3.5231e-28 -3.2626e-30 -1.8712e-32 -6.2324e-35 -1.1182e-37 -9.8891e-41 -3.8816e-44 -5.9668e-48 -3.0922e-52 -4.5084e-57 -1.4846e-62 -8.4357e-69 -5.9328e-76 -3.4132e-84 -9.5372e-94 -6.6673e-105 -4.9623e-118 -1.2891e-133 -2.6679e-152 -6.0142e-175 -9.6247e-203 -2.3790e-237 -3.7185e-281 -0.0000e+00 -0.0000e+00 -0.0000e+00 -0.0000e+00 -0.0000e+00 -0.0000e+00 -0.0000e+00 -0.0000e+00 -0.0000e+00 -0.0000e+00 -0.0000e+00
