4.7193e-12 -6.0135e-12 -1.6598e-11 -3.4149e-11 -5.9830e-11 -9.4714e-11 -1.3983e-10 -1.9618e-10 -2.6477e-10 -3.4662e-10 -4.4273e-10 -5.5412e-10 -6.8179e-10 -8.2669e-10 -9.8967e-10 -1.1714e-09 -1.3724e-09 -1.5927e-09 -1.8317e-09 -2.0882e-09 -2.3597e-09 -2.6424e-09 -2.9307e-09 -3.2167e-09 -3.4900e-09 -3.7374e-09 -3.9426e-09 -4.0874e-09 -4.1519e-09 -4.1173e-09 -3.9685e-09 -3.6980e-09 -3.3100e-09 -2.8239e-09 -2.2751e-09 -1.7117e-09 -1.1867e-09 -7.4609e-10 -4.1729e-10 -2.0291e-10 -8.3450e-11 -2.8082e-11 -7.4309e-12 -1.4740e-12 -2.0691e-13 -1.9173e-14 -1.0782e-15 -3.3238e-17 -4.9641e-19 -3.0910e-21 -6.6812e-24 -4.0079e-27 -5.0718e-31 -9.6640e-36 -1.8297e-41 -2.0585e-48 -7.2689e-57 -3.6379e-67 -9.5456e-80 -3.7665e-95 -4.6242e-114 -2.3990e-137 -4.1360e-166 -9.1391e-202 -3.9165e-246 -1.4306e-301 0.0000e+00 0.0000e+00 0.0000e+00 0.0000e+00 0.0000e+00 0.0000e+00 0.0000e+00 0.0000e+00 0.0000e+00 0.0000e+00 0.0000e+00 0.0000e+00 0.0000e+00 0.0000e+00 0.0000e+00 0.0000e+00 0.0000e+00 0.0000e+00 0.0000e+00 0.0000e+00 0.0000e+00 0.0000e+00 0.0000e+00 0.0000e+00 0.0000e+00 0.0000e+00 0.0000e+00 0.0000e+00 0.0000e+00 0.0000e+00 0.0000e+00 0.0000e+00 0.0000e+00 0.0000e+00 0.0000e+00 6.0135e-12 1.6598e-11 3.4149e-11 5.9830e-11 9.4714e-11 1.3983e-10 1.9618e-10 2.6477e-10 3.4662e-10 4.4273e-10 5.5412e-10 6.8179e-10 8.2669e-10 9.8967e-10 1.1714e-09 1.3724e-09 1.5927e-09 1.8317e-09 2.0882e-09 2.3597e-09 2.6424e-09 2.9307e-09 3.2167e-09 3.4900e-09 3.7374e-09 3.9426e-09 4.0874e-09 4.1519e-09 4.1173e-09 3.9685e-09 3.6980e-09 3.3100e-09 2.8239e-09 2.2751e-09 1.7117e-09 1.1867e-09 7.4609e-10 4.1729e-10 2.0291e-10 8.3450e-11 2.8082e-11 7.4309e-12 1.4740e-12 2.0691e-13 1.9173e-14 1.0782e-15 3.3238e-17 4.9641e-19 3.0910e-21 6.6812e-24 4.0079e-27 5.0718e-31 9.6640e-36 1.8297e-41 2.0585e-48 7.2689e-57 3.6379e-67 9.5456e-80 3.7665e-95 4.6242e-114 2.3990e-137 4.1360e-166 9.1391e-202 3.9165e-246 1.4306e-301 0.0000e+00 0.0000e+00 0.0000e+00 0.0000e+00 0.0000e+00 0.0000e+00 0.0000e+00 0.0000e+00 0.0000e+00 0.0000e+00 0.0000e+00 0.0000e+00 0.0000e+00 0.0000e+00 0.0000e+00 0.0000e+00 0.0000e+00 0.0000e+00 0.0000e+00 0.0000e+00 0.0000e+00 0.0000e+00 0.0000e+00 0.0000e+00 0.0000e+00 0.0000e+00 0.0000e+00 0.0000e+00 0.0000e+00 0.0000e+00 0.0000e+00 0.0000e+00 0.0000e+00 0.0000e+00
-6.0135e-12 3.0684e-10 -9.3984e-11 -1.9337e-10 -3.3878e-10 -5.3630e-10 -7.9175e-10 -1.1108e-09 -1.4992e-09 -1.9627e-09 -2.5069e-09 -3.1376e-09 -3.8605e-09 -4.6810e-09 -5.6039e-09 -6.6331e-09 -7.7712e-09 -9.0185e-09 -1.0372e-08 -1.1824e-08 -1.3361e-08 -1.4962e-08 -1.6595e-08 -1.8214e-08 -1.9762e-08 -2.1162e-08 -2.2325e-08 -2.3144e-08 -2.3510e-08 -2.3314e-08 -2.2471e-08 -2.0939e-08 -1.8742e-08 -1.5990e-08 -1.2882e-08 -9.6924e-09 -6.7196e-09 -4.2246e-09 -2.3628e-09 -1.1489e-09 -4.7252e-10 -1.5901e-10 -4.2076e-11 -8.3464e-12 -1.1716e-12 -1.0856e-13 -6.1051e-15 -1.8820e-16 -2.8109e-18 -1.7502e-20 -3.7831e-23 -2.2694e-26 -2.8718e-30 -5.4721e-35 -1.0361e-40 -1.1656e-47 -4.1159e-56 -2.0599e-66 -5.4051e-79 -2.1327e-94 -2.6184e-113 -1.3584e-136 -2.3420e-165 -5.1750e-201 -2.2177e-245 -8.1007e-301 0.0000e+00 0.0000e+00 0.0000e+00 0.0000e+00 0.0000e+00 0.0000e+00 0.0000e+00 0.0000e+00 0.0000e+00 0.0000e+00 0.0000e+00 0.0000e+00 0.0000e+00 0.0000e+00 0.0000e+00 0.0000e+00 0.0000e+00 0.0000e+00 0.0000e+00 0.0000e+00 0.0000e+00 0.0000e+00 0.0000e+00 0.0000e+00 0.0000e+00 0.0000e+00 0.0000e+00 0.0000e+00 0.0000e+00 0.0000e+00 0.0000e+00 0.0000e+00 0.0000e+00 0.0000e+00 6.0135e-12 0.0000e+00 9.3984e-11 1.9337e-10 3.3878e-10 5.3630e-10 7.9175e-10 1.1108e-09 1.4992e-09 1.9627e-09 2.5069e-09 3.1376e-09 3.8605e-09 4.6810e-09 5.6039e-09 6.6331e-09 7.7712e-09 9.0185e-09 1.0372e-08 1.1824e-08 1.3361e-08 1.4962e-08 1.6595e-08 1.8214e-08 1.9762e-08 2.1162e-08 2.2325e-08 2.3144e-08 2.3510e-08 2.3314e-08 2.2471e-08 2.0939e-08 1.8742e-08 1.5990e-08 1.2882e-08 9.6924e-09 6.7196e-09 4.2246e-09 2.3628e-09 1.1489e-09 4.7252e-10 1.5901e-10 4.2076e-11 8.3464e-12 1.1716e-12 1.0856e-13 6.1051e-15 1.8820e-16 2.8109e-18 1.7502e-20 3.7831e-23 2.2694e-26 2.8718e-30 5.4721e-35 1.0360e-40 1.1656e-47 4.1159e-56 2.0599e-66 5.4051e-79 2.1327e-94 2.6184e-113 1.3584e-136 2.3419e-165 5.1749e-201 2.2177e-245 8.1004e-301 0.0000e+00 0.0000e+00 0.0000e+00 0.0000e+00 0.0000e+00 0.0000e+00 0.0000e+00 0.0000e+00 0.0000e+00 0.0000e+00 0.0000e+00 0.0000e+00 0.0000e+00 0.0000e+00 0.0000e+00 0.0000e+00 0.0000e+00 0.0000e+00 0.0000e+00 0.0000e+00 0.0000e+00 0.0000e+00 0.0000e+00 0.0000e+00 0.0000e+00 0.0000e+00 0.0000e+00 0.0000e+00 0.0000e+00 0.0000e+00 0.0000e+00 0.0000e+00 0.0000e+00 0.0000e+00
-1.6598e-11 -9.3984e-11 3.4952e-09 -5.3371e-10 -9.3507e-10 -1.4803e-09 -2.1853e-09 -3.0660e-09 -4.1381e-09 -5.4172e-09 -6.9193e-09 -8.6602e-09 -1.0656e-08 -1.2920e-08 -1.5467e-08 -1.8308e-08 -2.1450e-08 -2.4892e-08 -2.8628e-08 -3.2636e-08 -3.6879e-08 -4.1297e-08 -4.5803e-08 -5.0273e-08 -5.4545e-08 -5.8411e-08 -6.1619e-08 -6.3881e-08 -6.4889e-08 -6.4349e-08 -6.2023e-08 -5.7795e-08 -5.1732e-08 -4.4135e-08 -3.5557e-08 -2.6752e-08 -1.8547e-08 -1.1660e-08 -6.5217e-09 -3.1712e-09 -1.3042e-09 -4.3889e-10 -1.1614e-10 -2.3037e-11 -3.2338e-12 -2.9965e-13 -1.6851e-14 -5.1947e-16 -7.7585e-18 -4.8309e-20 -1.0442e-22 -6.2641e-26 -7.9269e-30 -1.5104e-34 -2.8598e-40 -3.2173e-47 -1.1361e-55 -5.6861e-66 -1.4920e-78 -5.8873e-94 -7.2283e-113 -3.7500e-136 -6.4656e-165 -1.4288e-200 -6.1233e-245 -2.2368e-300 0.0000e+00 0.0000e+00 0.0000e+00 0.0000e+00 0.0000e+00 0.0000e+00 0.0000e+00 0.0000e+00 0.0000e+00 0.0000e+00 0.0000e+00 0.0000e+00 0.0000e+00 0.0000e+00 0.0000e+00 0.0000e+00 0.0000e+00 0.0000e+00 0.0000e+00 0.0000e+00 0.0000e+00 0.0000e+00 0.0000e+00 0.0000e+00 0.0000e+00 0.0000e+00 0.0000e+00 0.0000e+00 0.0000e+00 0.0000e+00 0.0000e+00 0.0000e+00 0.0000e+00 0.0000e+00 1.6598e-11 9.3984e-11 0.0000e+00 5.3371e-10 9.3507e-10 1.4803e-09 2.1853e-09 3.0660e-09 4.1381e-09 5.4172e-09 6.9193e-09 8.6602e-09 1.0656e-08 1.2920e-08 1.5467e-08 1.8308e-08 2.1450e-08 2.4892e-08 2.8628e-08 3.2636e-08 3.6879e-08 4.1297e-08 4.5803e-08 5.0273e-08 5.4545e-08 5.8411e-08 6.1619e-08 6.3881e-08 6.4889e-08 6.4349e-08 6.2023e-08 5.7795e-08 5.1732e-08 4.4135e-08 3.5557e-08 2.6752e-08 1.8547e-08 1.1660e-08 6.5217e-09 3.1712e-09 1.3042e-09 4.3888e-10 1.1614e-10 2.3037e-11 3.2338e-12 2.9964e-13 1.6851e-14 5.1947e-16 7.7583e-18 4.8308e-20 1.0442e-22 6.2639e-26 7.9266e-30 1.5104e-34 2.8596e-40 3.2171e-47 1.1360e-55 5.6856e-66 1.4919e-78 5.8865e-94 7.2271e-113 3.7493e-136 6.4640e-165 1.4283e-200 6.1210e-245 2.2358e-300 0.0000e+00 0.0000e+00 0.0000e+00 0.0000e+00 0.0000e+00 0.0000e+00 0.0000e+00 0.0000e+00 0.0000e+00 0.0000e+00 0.0000e+00 0.0000e+00 0.0000e+00 0.0000e+00 0.0000e+00 0.0000e+00 0.0000e+00 0.0000e+00 0.0000e+00 0.0000e+00 0.0000e+00 0.0000e+00 0.0000e+00 0.0000e+00 0.0000e+00 0.0000e+00 0.0000e+00 0.0000e+00 0.0000e+00 0.0000e+00 0.0000e+00 0.0000e+00 0.0000e+00 0.0000e+00
-3.4149e-11 -1.9337e-10 -5.3371e-10 1.9704e-08 -1.9239e-09 -3.0455e-09 -4.4962e-09 -6.3082e-09 -8.5139e-09 -1.1146e-08 -1.4236e-08 -1.7818e-08 -2.1923e-08 -2.6582e-08 -3.1823e-08 -3.7668e-08 -4.4131e-08 -5.1214e-08 -5.8900e-08 -6.7146e-08 -7.5876e-08 -8.4967e-08 -9.4237e-08 -1.0343e-07 -1.1222e-07 -1.2018e-07 -1.2678e-07 -1.3143e-07 -1.3351e-07 -1.3239e-07 -1.2761e-07 -1.1891e-07 -1.0644e-07 -9.0805e-08 -7.3158e-08 -5.5042e-08 -3.8160e-08 -2.3991e-08 -1.3418e-08 -6.5247e-09 -2.6834e-09 -9.0300e-10 -2.3895e-10 -4.7399e-11 -6.6536e-12 -6.1653e-13 -3.4672e-14 -1.0689e-15 -1.5964e-17 -9.9403e-20 -2.1487e-22 -1.2890e-25 -1.6312e-29 -3.1083e-34 -5.8853e-40 -6.6215e-47 -2.3384e-55 -1.1704e-65 -3.0714e-78 -1.2121e-93 -1.4884e-112 -7.7229e-136 -1.3318e-164 -2.9438e-200 -1.2621e-244 -4.6122e-300 0.0000e+00 0.0000e+00 0.0000e+00 0.0000e+00 0.0000e+00 0.0000e+00 0.0000e+00 0.0000e+00 0.0000e+00 0.0000e+00 0.0000e+00 0.0000e+00 0.0000e+00 0.0000e+00 0.0000e+00 0.0000e+00 0.0000e+00 0.0000e+00 0.0000e+00 0.0000e+00 0.0000e+00 0.0000e+00 0.0000e+00 0.0000e+00 0.0000e+00 0.0000e+00 0.0000e+00 0.0000e+00 0.0000e+00 0.0000e+00 0.0000e+00 0.0000e+00 0.0000e+00 0.0000e+00 3.4149e-11 1.9337e-10 5.3371e-10 0.0000e+00 1.9239e-09 3.0455e-09 4.4962e-09 6.3082e-09 8.5139e-09 1.1146e-08 1.4236e-08 1.7818e-08 2.1923e-08 2.6582e-08 3.1823e-08 3.7668e-08 4.4131e-08 5.1214e-08 5.8900e-08 6.7146e-08 7.5876e-08 8.4967e-08 9.4237e-08 1.0343e-07 1.1222e-07 1.2018e-07 1.2678e-07 1.3143e-07 1.3351e-07 1.3239e-07 1.2761e-07 1.1891e-07 1.0643e-07 9.0805e-08 7.3157e-08 5.5041e-08 3.8159e-08 2.3991e-08 1.3418e-08 6.5246e-09 2.6833e-09 9.0298e-10 2.3894e-10 4.7398e-11 6.6533e-12 6.1650e-13 3.4670e-14 1.0688e-15 1.5962e-17 9.9391e-20 2.1484e-22 1.2888e-25 1.6308e-29 3.1075e-34 5.8835e-40 6.6191e-47 2.3373e-55 1.1698e-65 3.0694e-78 1.2111e-93 1.4869e-112 7.7139e-136 1.3299e-164 2.9387e-200 1.2594e-244 4.6000e-300 0.0000e+00 0.0000e+00 0.0000e+00 0.0000e+00 0.0000e+00 0.0000e+00 0.0000e+00 0.0000e+00 0.0000e+00 0.0000e+00 0.0000e+00 0.0000e+00 0.0000e+00 0.0000e+00 0.0000e+00 0.0000e+00 0.0000e+00 0.0000e+00 0.0000e+00 0.0000e+00 0.0000e+00 0.0000e+00 0.0000e+00 0.0000e+00 0.0000e+00 0.0000e+00 0.0000e+00 0.0000e+00 0.0000e+00 0.0000e+00 0.0000e+00 0.0000e+00 0.0000e+00 0.0000e+00
-5.9830e-11 -3.3878e-10 -9.3507e-10 -1.9239e-09 7.5492e-08 -5.3358e-09 -7.8774e-09 -1.1052e-08 -1.4916e-08 -1.9527e-08 -2.4942e-08 -3.1217e-08 -3.8410e-08 -4.6572e-08 -5.5754e-08 -6.5995e-08 -7.7318e-08 -8.9727e-08 -1.0319e-07 -1.1764e-07 -1.3294e-07 -1.4886e-07 -1.6510e-07 -1.8122e-07 -1.9662e-07 -2.1055e-07 -2.2211e-07 -2.3027e-07 -2.3390e-07 -2.3196e-07 -2.2358e-07 -2.0834e-07 -1.8648e-07 -1.5909e-07 -1.2817e-07 -9.6435e-08 -6.6858e-08 -4.2034e-08 -2.3510e-08 -1.1432e-08 -4.7016e-09 -1.5822e-09 -4.1868e-10 -8.3053e-11 -1.1659e-11 -1.0803e-12 -6.0757e-14 -1.8731e-15 -2.7977e-17 -1.7421e-19 -3.7660e-22 -2.2594e-25 -2.8595e-29 -5.4495e-34 -1.0320e-39 -1.1613e-46 -4.1019e-55 -2.0536e-65 -5.3910e-78 -2.1283e-93 -2.6146e-112 -1.3575e-135 -2.3428e-164 -5.1831e-200 -2.2245e-244 -8.1409e-300 0.0000e+00 0.0000e+00 0.0000e+00 0.0000e+00 0.0000e+00 0.0000e+00 0.0000e+00 0.0000e+00 0.0000e+00 0.0000e+00 0.0000e+00 0.0000e+00 0.0000e+00 0.0000e+00 0.0000e+00 0.0000e+00 0.0000e+00 0.0000e+00 0.0000e+00 0.0000e+00 0.0000e+00 0.0000e+00 0.0000e+00 0.0000e+00 0.0000e+00 0.0000e+00 0.0000e+00 0.0000e+00 0.0000e+00 0.0000e+00 0.0000e+00 0.0000e+00 0.0000e+00 0.0000e+00 5.9830e-11 3.3878e-10 9.3507e-10 1.9239e-09 0.0000e+00 5.3358e-09 7.8774e-09 1.1052e-08 1.4916e-08 1.9527e-08 2.4942e-08 3.1217e-08 3.8410e-08 4.6572e-08 5.5754e-08 6.5995e-08 7.7318e-08 8.9727e-08 1.0319e-07 1.1764e-07 1.3294e-07 1.4886e-07 1.6510e-07 1.8122e-07 1.9662e-07 2.1055e-07 2.2211e-07 2.3027e-07 2.3390e-07 2.3196e-07 2.2357e-07 2.0833e-07 1.8647e-07 1.5909e-07 1.2817e-07 9.6432e-08 6.6855e-08 4.2032e-08 2.3508e-08 1.1431e-08 4.7012e-09 1.5820e-09 4.1863e-10 8.3041e-11 1.1657e-11 1.0801e-12 6.0741e-14 1.8725e-15 2.7966e-17 1.7413e-19 3.7639e-22 2.2579e-25 2.8573e-29 5.4443e-34 1.0308e-39 1.1597e-46 4.0950e-55 2.0494e-65 5.3777e-78 2.1219e-93 2.6051e-112 1.3515e-135 2.3300e-164 5.1486e-200 2.2064e-244 8.0593e-300 0.0000e+00 0.0000e+00 0.0000e+00 0.0000e+00 0.0000e+00 0.0000e+00 0.0000e+00 0.0000e+00 0.0000e+00 0.0000e+00 0.0000e+00 0.0000e+00 0.0000e+00 0.0000e+00 0.0000e+00 0.0000e+00 0.0000e+00 0.0000e+00 0.0000e+00 0.0000e+00 0.0000e+00 0.0000e+00 0.0000e+00 0.0000e+00 0.0000e+00 0.0000e+00 0.0000e+00 0.0000e+00 0.0000e+00 0.0000e+00 0.0000e+00 0.0000e+00 0.0000e+00 0.0000e+00
-9.4714e-11 -5.3630e-10 -1.4803e-09 -3.0455e-09 -5.3358e-09 2.2663e-07 -1.2470e-08 -1.7496e-08 -2.3613e-08 -3.0913e-08 -3.9484e-08 -4.9418e-08 -6.0804e-08 -7.3726e-08 -8.8262e-08 -1.0447e-07 -1.2240e-07 -1.4204e-07 -1.6336e-07 -1.8623e-07 -2.1044e-07 -2.3566e-07 -2.6137e-07 -2.8688e-07 -3.1125e-07 -3.3331e-07 -3.5162e-07 -3.6453e-07 -3.7029e-07 -3.6720e-07 -3.5394e-07 -3.2981e-07 -2.9521e-07 -2.5186e-07 -2.0292e-07 -1.5267e-07 -1.0585e-07 -6.6547e-08 -3.7221e-08 -1.8100e-08 -7.4441e-09 -2.5052e-09 -6.6295e-10 -1.3152e-10 -1.8463e-11 -1.7110e-12 -9.6231e-14 -2.9670e-15 -4.4321e-17 -2.7604e-19 -5.9683e-22 -3.5814e-25 -4.5339e-29 -8.6434e-34 -1.6374e-39 -1.8435e-46 -6.5154e-55 -3.2643e-65 -8.5764e-78 -3.3894e-93 -4.1694e-112 -2.1682e-135 -3.7491e-164 -8.3144e-200 -3.5792e-244 -1.3147e-299 0.0000e+00 0.0000e+00 0.0000e+00 0.0000e+00 0.0000e+00 0.0000e+00 0.0000e+00 0.0000e+00 0.0000e+00 0.0000e+00 0.0000e+00 0.0000e+00 0.0000e+00 0.0000e+00 0.0000e+00 0.0000e+00 0.0000e+00 0.0000e+00 0.0000e+00 0.0000e+00 0.0000e+00 0.0000e+00 0.0000e+00 0.0000e+00 0.0000e+00 0.0000e+00 0.0000e+00 0.0000e+00 0.0000e+00 0.0000e+00 0.0000e+00 0.0000e+00 0.0000e+00 0.0000e+00 9.4714e-11 5.3630e-10 1.4803e-09 3.0455e-09 5.3358e-09 0.0000e+00 1.2470e-08 1.7496e-08 2.3613e-08 3.0913e-08 3.9484e-08 4.9418e-08 6.0804e-08 7.3726e-08 8.8262e-08 1.0447e-07 1.2240e-07 1.4204e-07 1.6336e-07 1.8623e-07 2.1044e-07 2.3566e-07 2.6137e-07 2.8687e-07 3.1125e-07 3.3331e-07 3.5161e-07 3.6452e-07 3.7028e-07 3.6720e-07 3.5393e-07 3.2980e-07 2.9520e-07 2.5185e-07 2.0290e-07 1.5266e-07 1.0583e-07 6.6538e-08 3.7215e-08 1.8096e-08 7.4422e-09 2.5044e-09 6.6271e-10 1.3146e-10 1.8453e-11 1.7099e-12 9.6156e-14 2.9642e-15 4.4271e-17 2.7566e-19 5.9585e-22 3.5744e-25 4.5232e-29 8.6186e-34 1.6318e-39 1.8358e-46 6.4826e-55 3.2444e-65 8.5130e-78 3.3590e-93 4.1240e-112 2.1394e-135 3.6886e-164 8.1505e-200 3.4928e-244 1.2758e-299 0.0000e+00 0.0000e+00 0.0000e+00 0.0000e+00 0.0000e+00 0.0000e+00 0.0000e+00 0.0000e+00 0.0000e+00 0.0000e+00 0.0000e+00 0.0000e+00 0.0000e+00 0.0000e+00 0.0000e+00 0.0000e+00 0.0000e+00 0.0000e+00 0.0000e+00 0.0000e+00 0.0000e+00 0.0000e+00 0.0000e+00 0.0000e+00 0.0000e+00 0.0000e+00 0.0000e+00 0.0000e+00 0.0000e+00 0.0000e+00 0.0000e+00 0.0000e+00 0.0000e+00 0.0000e+00
-1.3983e-10 -7.9175e-10 -2.1853e-09 -4.4962e-09 -7.8774e-09 -1.2470e-08 5.7509e-07 -2.5829e-08 -3.4861e-08 -4.5637e-08 -5.8291e-08 -7.2957e-08 -8.9766e-08 -1.0884e-07 -1.3030e-07 -1.5423e-07 -1.8070e-07 -2.0970e-07 -2.4117e-07 -2.7494e-07 -3.1068e-07 -3.4791e-07 -3.8586e-07 -4.2353e-07 -4.5951e-07 -4.9208e-07 -5.1911e-07 -5.3817e-07 -5.4668e-07 -5.4213e-07 -5.2255e-07 -4.8694e-07 -4.3586e-07 -3.7186e-07 -2.9960e-07 -2.2542e-07 -1.5629e-07 -9.8265e-08 -5.4964e-08 -2.6729e-08 -1.0994e-08 -3.7001e-09 -9.7928e-10 -1.9429e-10 -2.7279e-11 -2.5284e-12 -1.4224e-13 -4.3866e-15 -6.5546e-17 -4.0837e-19 -8.8332e-22 -5.3034e-25 -6.7180e-29 -1.2817e-33 -2.4303e-39 -2.7391e-46 -9.6936e-55 -4.8644e-65 -1.2806e-77 -5.0730e-93 -6.2587e-112 -3.2664e-135 -5.6730e-164 -1.2650e-199 -5.4819e-244 -2.0303e-299 0.0000e+00 0.0000e+00 0.0000e+00 0.0000e+00 0.0000e+00 0.0000e+00 0.0000e+00 0.0000e+00 0.0000e+00 0.0000e+00 0.0000e+00 0.0000e+00 0.0000e+00 0.0000e+00 0.0000e+00 0.0000e+00 0.0000e+00 0.0000e+00 0.0000e+00 0.0000e+00 0.0000e+00 0.0000e+00 0.0000e+00 0.0000e+00 0.0000e+00 0.0000e+00 0.0000e+00 0.0000e+00 0.0000e+00 0.0000e+00 0.0000e+00 0.0000e+00 0.0000e+00 0.0000e+00 1.3983e-10 7.9175e-10 2.1853e-09 4.4962e-09 7.8774e-09 1.2470e-08 0.0000e+00 2.5829e-08 3.4861e-08 4.5637e-08 5.8291e-08 7.2957e-08 8.9766e-08 1.0884e-07 1.3030e-07 1.5423e-07 1.8070e-07 2.0970e-07 2.4117e-07 2.7494e-07 3.1068e-07 3.4790e-07 3.8586e-07 4.2352e-07 4.5951e-07 4.9207e-07 5.1910e-07 5.3815e-07 5.4665e-07 5.4210e-07 5.2251e-07 4.8689e-07 4.3581e-07 3.7181e-07 2.9955e-07 2.2537e-07 1.5625e-07 9.8231e-08 5.4941e-08 2.6716e-08 1.0987e-08 3.6973e-09 9.7837e-10 1.9407e-10 2.7242e-11 2.5243e-12 1.4196e-13 4.3762e-15 6.5359e-17 4.0696e-19 8.7966e-22 5.2769e-25 6.6776e-29 1.2724e-33 2.4090e-39 2.7102e-46 9.5704e-55 4.7897e-65 1.2568e-77 4.9590e-93 6.0883e-112 3.1585e-135 5.4454e-164 1.2032e-199 5.1563e-244 1.8834e-299 0.0000e+00 0.0000e+00 0.0000e+00 0.0000e+00 0.0000e+00 0.0000e+00 0.0000e+00 0.0000e+00 0.0000e+00 0.0000e+00 0.0000e+00 0.0000e+00 0.0000e+00 0.0000e+00 0.0000e+00 0.0000e+00 0.0000e+00 0.0000e+00 0.0000e+00 0.0000e+00 0.0000e+00 0.0000e+00 0.0000e+00 0.0000e+00 0.0000e+00 0.0000e+00 0.0000e+00 0.0000e+00 0.0000e+00 0.0000e+00 0.0000e+00 0.0000e+00 0.0000e+00 0.0000e+00
-1.9618e-10 -1.1108e-09 -3.0660e-09 -6.3082e-09 -1.1052e-08 -1.7496e-08 -2.5829e-08 1.2908e-06 -4.8910e-08 -6.4029e-08 -8.1783e-08 -1.0236e-07 -1.2594e-07 -1.5271e-07 -1.8282e-07 -2.1639e-07 -2.5352e-07 -2.9421e-07 -3.3837e-07 -3.8574e-07 -4.3590e-07 -4.8812e-07 -5.4138e-07 -5.9422e-07 -6.4472e-07 -6.9042e-07 -7.2835e-07 -7.5510e-07 -7.6704e-07 -7.6068e-07 -7.3321e-07 -6.8326e-07 -6.1161e-07 -5.2183e-07 -4.2044e-07 -3.1636e-07 -2.1935e-07 -1.3793e-07 -7.7156e-08 -3.7526e-08 -1.5437e-08 -5.1963e-09 -1.3755e-09 -2.7297e-10 -3.8337e-11 -3.5546e-12 -2.0005e-13 -6.1726e-15 -9.2289e-17 -5.7540e-19 -1.2457e-21 -7.4871e-25 -9.4962e-29 -1.8145e-33 -3.4469e-39 -3.8935e-46 -1.3816e-54 -6.9560e-65 -1.8385e-77 -7.3182e-93 -9.0816e-112 -4.7734e-135 -8.3624e-164 -1.8844e-199 -8.2717e-244 -3.1118e-299 0.0000e+00 0.0000e+00 0.0000e+00 0.0000e+00 0.0000e+00 0.0000e+00 0.0000e+00 0.0000e+00 0.0000e+00 0.0000e+00 0.0000e+00 0.0000e+00 0.0000e+00 0.0000e+00 0.0000e+00 0.0000e+00 0.0000e+00 0.0000e+00 0.0000e+00 0.0000e+00 0.0000e+00 0.0000e+00 0.0000e+00 0.0000e+00 0.0000e+00 0.0000e+00 0.0000e+00 0.0000e+00 0.0000e+00 0.0000e+00 0.0000e+00 0.0000e+00 0.0000e+00 0.0000e+00 1.9618e-10 1.1108e-09 3.0660e-09 6.3082e-09 1.1052e-08 1.7496e-08 2.5829e-08 0.0000e+00 4.8910e-08 6.4029e-08 8.1783e-08 1.0236e-07 1.2594e-07 1.5271e-07 1.8282e-07 2.1639e-07 2.5352e-07 2.9421e-07 3.3836e-07 3.8574e-07 4.3589e-07 4.8811e-07 5.4137e-07 5.9420e-07 6.4469e-07 6.9038e-07 7.2830e-07 7.5504e-07 7.6696e-07 7.6057e-07 7.3308e-07 6.8311e-07 6.1144e-07 5.2165e-07 4.2027e-07 3.1620e-07 2.1921e-07 1.3782e-07 7.7083e-08 3.7482e-08 1.5415e-08 5.1874e-09 1.3727e-09 2.7229e-10 3.8221e-11 3.5416e-12 1.9917e-13 6.1398e-15 9.1699e-17 5.7098e-19 1.2342e-21 7.4036e-25 9.3688e-29 1.7852e-33 3.3799e-39 3.8025e-46 1.3427e-54 6.7200e-65 1.7633e-77 6.9574e-93 8.5417e-112 4.4312e-135 7.6394e-164 1.6880e-199 7.2332e-244 2.6418e-299 0.0000e+00 0.0000e+00 0.0000e+00 0.0000e+00 0.0000e+00 0.0000e+00 0.0000e+00 0.0000e+00 0.0000e+00 0.0000e+00 0.0000e+00 0.0000e+00 0.0000e+00 0.0000e+00 0.0000e+00 0.0000e+00 0.0000e+00 0.0000e+00 0.0000e+00 0.0000e+00 0.0000e+00 0.0000e+00 0.0000e+00 0.0000e+00 0.0000e+00 0.0000e+00 0.0000e+00 0.0000e+00 0.0000e+00 0.0000e+00 0.0000e+00 0.0000e+00 0.0000e+00 0.0000e+00
-2.6477e-10 -1.4992e-09 -4.1381e-09 -8.5139e-09 -1.4916e-08 -2.3613e-08 -3.4861e-08 -4.8910e-08 2.6386e-06 -8.6417e-08 -1.1038e-07 -1.3815e-07 -1.6998e-07 -2.0610e-07 -2.4674e-07 -2.9206e-07 -3.4217e-07 -3.9709e-07 -4.5668e-07 -5.2062e-07 -5.8832e-07 -6.5881e-07 -7.3069e-07 -8.0202e-07 -8.7018e-07 -9.3188e-07 -9.8309e-07 -1.0192e-06 -1.0354e-06 -1.0268e-06 -9.8976e-07 -9.2238e-07 -8.2569e-07 -7.0453e-07 -5.6770e-07 -4.2721e-07 -2.9625e-07 -1.8630e-07 -1.0424e-07 -5.0708e-08 -2.0865e-08 -7.0256e-09 -1.8605e-09 -3.6938e-10 -5.1905e-11 -4.8158e-12 -2.7124e-13 -8.3771e-15 -1.2539e-16 -7.8285e-19 -1.6976e-21 -1.0223e-24 -1.2997e-28 -2.4904e-33 -4.7470e-39 -5.3842e-46 -1.9201e-54 -9.7244e-65 -2.5886e-77 -1.0393e-92 -1.3032e-111 -6.9361e-135 -1.2335e-163 -2.8298e-199 -1.2691e-243 -4.8978e-299 0.0000e+00 0.0000e+00 0.0000e+00 0.0000e+00 0.0000e+00 0.0000e+00 0.0000e+00 0.0000e+00 0.0000e+00 0.0000e+00 0.0000e+00 0.0000e+00 0.0000e+00 0.0000e+00 0.0000e+00 0.0000e+00 0.0000e+00 0.0000e+00 0.0000e+00 0.0000e+00 0.0000e+00 0.0000e+00 0.0000e+00 0.0000e+00 0.0000e+00 0.0000e+00 0.0000e+00 0.0000e+00 0.0000e+00 0.0000e+00 0.0000e+00 0.0000e+00 0.0000e+00 0.0000e+00 2.6477e-10 1.4992e-09 4.1381e-09 8.5139e-09 1.4916e-08 2.3613e-08 3.4861e-08 4.8910e-08 0.0000e+00 8.6417e-08 1.1038e-07 1.3815e-07 1.6998e-07 2.0610e-07 2.4674e-07 2.9206e-07 3.4217e-07 3.9708e-07 4.5667e-07 5.2061e-07 5.8830e-07 6.5878e-07 7.3066e-07 8.0197e-07 8.7011e-07 9.3178e-07 9.8295e-07 1.0190e-06 1.0351e-06 1.0265e-06 9.8941e-07 9.2196e-07 8.2523e-07 7.0405e-07 5.6722e-07 4.2676e-07 2.9586e-07 1.8601e-07 1.0404e-07 5.0588e-08 2.0805e-08 7.0012e-09 1.8526e-09 3.6749e-10 5.1585e-11 4.7800e-12 2.6881e-13 8.2866e-15 1.2376e-16 7.7062e-19 1.6657e-21 9.9922e-25 1.2645e-28 2.4093e-33 4.5616e-39 5.1319e-46 1.8122e-54 9.0692e-65 2.3797e-77 9.3892e-93 1.1527e-111 5.9794e-135 1.0308e-163 2.2772e-199 9.7558e-244 3.5618e-299 0.0000e+00 0.0000e+00 0.0000e+00 0.0000e+00 0.0000e+00 0.0000e+00 0.0000e+00 0.0000e+00 0.0000e+00 0.0000e+00 0.0000e+00 0.0000e+00 0.0000e+00 0.0000e+00 0.0000e+00 0.0000e+00 0.0000e+00 0.0000e+00 0.0000e+00 0.0000e+00 0.0000e+00 0.0000e+00 0.0000e+00 0.0000e+00 0.0000e+00 0.0000e+00 0.0000e+00 0.0000e+00 0.0000e+00 0.0000e+00 0.0000e+00 0.0000e+00 0.0000e+00 0.0000e+00
-3.4662e-10 -1.9627e-09 -5.4172e-09 -1.1146e-08 -1.9527e-08 -3.0913e-08 -4.5637e-08 -6.4029e-08 -8.6417e-08 5.0113e-06 -1.4450e-07 -1.8085e-07 -2.2252e-07 -2.6981e-07 -3.2301e-07 -3.8234e-07 -4.4794e-07 -5.1984e-07 -5.9786e-07 -6.8157e-07 -7.7019e-07 -8.6248e-07 -9.5660e-07 -1.0500e-06 -1.1393e-06 -1.2200e-06 -1.2871e-06 -1.3345e-06 -1.3557e-06 -1.3445e-06 -1.2961e-06 -1.2080e-06 -1.0815e-06 -9.2289e-07 -7.4376e-07 -5.5979e-07 -3.8827e-07 -2.4424e-07 -1.3670e-07 -6.6523e-08 -2.7385e-08 -9.2262e-09 -2.4448e-09 -4.8578e-10 -6.8327e-11 -6.3467e-12 -3.5795e-13 -1.1073e-14 -1.6608e-16 -1.0393e-18 -2.2601e-21 -1.3656e-24 -1.7432e-28 -3.3565e-33 -6.4352e-39 -7.3497e-46 -2.6428e-54 -1.3517e-64 -3.6409e-77 -1.4824e-92 -1.8899e-111 -1.0257e-134 -1.8664e-163 -4.3988e-199 -2.0355e-243 -8.1445e-299 0.0000e+00 0.0000e+00 0.0000e+00 0.0000e+00 0.0000e+00 0.0000e+00 0.0000e+00 0.0000e+00 0.0000e+00 0.0000e+00 0.0000e+00 0.0000e+00 0.0000e+00 0.0000e+00 0.0000e+00 0.0000e+00 0.0000e+00 0.0000e+00 0.0000e+00 0.0000e+00 0.0000e+00 0.0000e+00 0.0000e+00 0.0000e+00 0.0000e+00 0.0000e+00 0.0000e+00 0.0000e+00 0.0000e+00 0.0000e+00 0.0000e+00 0.0000e+00 0.0000e+00 0.0000e+00 3.4662e-10 1.9627e-09 5.4172e-09 1.1146e-08 1.9527e-08 3.0913e-08 4.5637e-08 6.4029e-08 8.6417e-08 0.0000e+00 1.4450e-07 1.8085e-07 2.2252e-07 2.6981e-07 3.2301e-07 3.8233e-07 4.4794e-07 5.1983e-07 5.9784e-07 6.8154e-07 7.7015e-07 8.6242e-07 9.5652e-07 1.0499e-06 1.1391e-06 1.2198e-06 1.2868e-06 1.3340e-06 1.3551e-06 1.3438e-06 1.2953e-06 1.2070e-06 1.0803e-06 9.2168e-07 7.4255e-07 5.5867e-07 3.8732e-07 2.4351e-07 1.3619e-07 6.6226e-08 2.7236e-08 9.1653e-09 2.4253e-09 4.8109e-10 6.7531e-11 6.2575e-12 3.5190e-13 1.0848e-14 1.6202e-16 1.0088e-18 2.1806e-21 1.3081e-24 1.6553e-28 3.1540e-33 5.9714e-39 6.7178e-46 2.3721e-54 1.1871e-64 3.1146e-77 1.2288e-92 1.5083e-111 7.8224e-135 1.3480e-163 2.9765e-199 1.2742e-243 4.6462e-299 0.0000e+00 0.0000e+00 0.0000e+00 0.0000e+00 0.0000e+00 0.0000e+00 0.0000e+00 0.0000e+00 0.0000e+00 0.0000e+00 0.0000e+00 0.0000e+00 0.0000e+00 0.0000e+00 0.0000e+00 0.0000e+00 0.0000e+00 0.0000e+00 0.0000e+00 0.0000e+00 0.0000e+00 0.0000e+00 0.0000e+00 0.0000e+00 0.0000e+00 0.0000e+00 0.0000e+00 0.0000e+00 0.0000e+00 0.0000e+00 0.0000e+00 0.0000e+00 0.0000e+00 0.0000e+00
-4.4273e-10 -2.5069e-09 -6.9193e-09 -1.4236e-08 -2.4942e-08 -3.9484e-08 -5.8291e-08 -8.1783e-08 -1.1038e-07 -1.4450e-07 8.9696e-06 -2.3100e-07 -2.8422e-07 -3.4463e-07 -4.1258e-07 -4.8836e-07 -5.7215e-07 -6.6399e-07 -7.6364e-07 -8.7058e-07 -9.8379e-07 -1.1017e-06 -1.2219e-06 -1.3413e-06 -1.4553e-06 -1.5586e-06 -1.6444e-06 -1.7050e-06 -1.7322e-06 -1.7181e-06 -1.6564e-06 -1.5440e-06 -1.3825e-06 -1.1800e-06 -9.5121e-07 -7.1614e-07 -4.9689e-07 -3.1271e-07 -1.7511e-07 -8.5269e-08 -3.5129e-08 -1.1846e-08 -3.1425e-09 -6.2522e-10 -8.8079e-11 -8.1968e-12 -4.6335e-13 -1.4372e-14 -2.1625e-16 -1.3585e-18 -2.9678e-21 -1.8031e-24 -2.3166e-28 -4.4950e-33 -8.6971e-39 -1.0041e-45 -3.6569e-54 -1.8987e-64 -5.2049e-77 -2.1631e-92 -2.8241e-111 -1.5753e-134 -2.9581e-163 -7.2255e-199 -3.4812e-243 -1.4575e-298 0.0000e+00 0.0000e+00 0.0000e+00 0.0000e+00 0.0000e+00 0.0000e+00 0.0000e+00 0.0000e+00 0.0000e+00 0.0000e+00 0.0000e+00 0.0000e+00 0.0000e+00 0.0000e+00 0.0000e+00 0.0000e+00 0.0000e+00 0.0000e+00 0.0000e+00 0.0000e+00 0.0000e+00 0.0000e+00 0.0000e+00 0.0000e+00 0.0000e+00 0.0000e+00 0.0000e+00 0.0000e+00 0.0000e+00 0.0000e+00 0.0000e+00 0.0000e+00 0.0000e+00 0.0000e+00 4.4273e-10 2.5069e-09 6.9193e-09 1.4236e-08 2.4942e-08 3.9484e-08 5.8291e-08 8.1783e-08 1.1038e-07 1.4450e-07 0.0000e+00 2.3100e-07 2.8422e-07 3.4463e-07 4.1257e-07 4.8835e-07 5.7214e-07 6.6397e-07 7.6361e-07 8.7052e-07 9.8370e-07 1.1016e-06 1.2217e-06 1.3410e-06 1.4549e-06 1.5580e-06 1.6436e-06 1.7039e-06 1.7308e-06 1.7164e-06 1.6544e-06 1.5416e-06 1.3799e-06 1.1772e-06 9.4845e-07 7.1358e-07 4.9471e-07 3.1103e-07 1.7396e-07 8.4589e-08 3.4788e-08 1.1707e-08 3.0978e-09 6.1449e-10 8.6256e-11 7.9926e-12 4.4947e-13 1.3856e-14 2.0694e-16 1.2885e-18 2.7851e-21 1.6707e-24 2.1141e-28 4.0282e-33 7.6262e-39 8.5788e-46 3.0290e-54 1.5156e-64 3.9757e-77 1.5680e-92 1.9238e-111 9.9704e-135 1.7163e-163 3.7836e-199 1.6155e-243 5.8667e-299 0.0000e+00 0.0000e+00 0.0000e+00 0.0000e+00 0.0000e+00 0.0000e+00 0.0000e+00 0.0000e+00 0.0000e+00 0.0000e+00 0.0000e+00 0.0000e+00 0.0000e+00 0.0000e+00 0.0000e+00 0.0000e+00 0.0000e+00 0.0000e+00 0.0000e+00 0.0000e+00 0.0000e+00 0.0000e+00 0.0000e+00 0.0000e+00 0.0000e+00 0.0000e+00 0.0000e+00 0.0000e+00 0.0000e+00 0.0000e+00 0.0000e+00 0.0000e+00 0.0000e+00 0.0000e+00
-5.5412e-10 -3.1376e-09 -8.6602e-09 -1.7818e-08 -3.1217e-08 -4.9418e-08 -7.2957e-08 -1.0236e-07 -1.3815e-07 -1.8085e-07 -2.3100e-07 1.5290e-05 -3.5574e-07 -4.3134e-07 -5.1638e-07 -6.1123e-07 -7.1612e-07 -8.3107e-07 -9.5581e-07 -1.0897e-06 -1.2314e-06 -1.3790e-06 -1.5295e-06 -1.6790e-06 -1.8218e-06 -1.9512e-06 -2.0588e-06 -2.1348e-06 -2.1691e-06 -2.1518e-06 -2.0749e-06 -1.9345e-06 -1.7326e-06 -1.4793e-06 -1.1930e-06 -8.9858e-07 -6.2384e-07 -3.9286e-07 -2.2018e-07 -1.0732e-07 -4.4268e-08 -1.4949e-08 -3.9727e-09 -7.9204e-10 -1.1186e-10 -1.0440e-11 -5.9226e-13 -1.8448e-14 -2.7896e-16 -1.7629e-18 -3.8782e-21 -2.3758e-24 -3.0823e-28 -6.0496e-33 -1.1863e-38 -1.3912e-45 -5.1592e-54 -2.7354e-64 -7.6803e-77 -3.2803e-92 -4.4171e-111 -2.5511e-134 -4.9798e-163 -1.2698e-198 -6.4156e-243 -2.8301e-298 0.0000e+00 0.0000e+00 0.0000e+00 0.0000e+00 0.0000e+00 0.0000e+00 0.0000e+00 0.0000e+00 0.0000e+00 0.0000e+00 0.0000e+00 0.0000e+00 0.0000e+00 0.0000e+00 0.0000e+00 0.0000e+00 0.0000e+00 0.0000e+00 0.0000e+00 0.0000e+00 0.0000e+00 0.0000e+00 0.0000e+00 0.0000e+00 0.0000e+00 0.0000e+00 0.0000e+00 0.0000e+00 0.0000e+00 0.0000e+00 0.0000e+00 0.0000e+00 0.0000e+00 0.0000e+00 5.5412e-10 3.1376e-09 8.6602e-09 1.7818e-08 3.1217e-08 4.9418e-08 7.2957e-08 1.0236e-07 1.3815e-07 1.8085e-07 2.3100e-07 0.0000e+00 3.5573e-07 4.3134e-07 5.1638e-07 6.1122e-07 7.1609e-07 8.3102e-07 9.5573e-07 1.0895e-06 1.2312e-06 1.3787e-06 1.5291e-06 1.6784e-06 1.8210e-06 1.9500e-06 2.0571e-06 2.1326e-06 2.1663e-06 2.1483e-06 2.0706e-06 1.9295e-06 1.7271e-06 1.4734e-06 1.1871e-06 8.9312e-07 6.1918e-07 3.8928e-07 2.1773e-07 1.0587e-07 4.3541e-08 1.4652e-08 3.8772e-09 7.6908e-10 1.0796e-10 1.0003e-11 5.6255e-13 1.7342e-14 2.5900e-16 1.6126e-18 3.4856e-21 2.0908e-24 2.6456e-28 5.0403e-33 9.5413e-39 1.0731e-45 3.7879e-54 1.8946e-64 4.9671e-77 1.9573e-92 2.3983e-111 1.2404e-134 2.1285e-163 4.6691e-199 1.9779e-243 7.0909e-299 0.0000e+00 0.0000e+00 0.0000e+00 0.0000e+00 0.0000e+00 0.0000e+00 0.0000e+00 0.0000e+00 0.0000e+00 0.0000e+00 0.0000e+00 0.0000e+00 0.0000e+00 0.0000e+00 0.0000e+00 0.0000e+00 0.0000e+00 0.0000e+00 0.0000e+00 0.0000e+00 0.0000e+00 0.0000e+00 0.0000e+00 0.0000e+00 0.0000e+00 0.0000e+00 0.0000e+00 0.0000e+00 0.0000e+00 0.0000e+00 0.0000e+00 0.0000e+00 0.0000e+00 0.0000e+00
-6.8179e-10 -3.8605e-09 -1.0656e-08 -2.1923e-08 -3.8410e-08 -6.0804e-08 -8.9766e-08 -1.2594e-07 -1.6998e-07 -2.2252e-07 -2.8422e-07 -3.5574e-07 2.5022e-05 -5.3072e-07 -6.3537e-07 -7.5207e-07 -8.8113e-07 -1.0226e-06 -1.1761e-06 -1.3408e-06 -1.5152e-06 -1.6969e-06 -1.8823e-06 -2.0663e-06 -2.2423e-06 -2.4017e-06 -2.5344e-06 -2.6284e-06 -2.6711e-06 -2.6504e-06 -2.5563e-06 -2.3841e-06 -2.1362e-06 -1.8248e-06 -1.4724e-06 -1.1099e-06 -7.7122e-07 -4.8619e-07 -2.7283e-07 -1.3319e-07 -5.5040e-08 -1.8628e-08 -4.9632e-09 -9.9263e-10 -1.4071e-10 -1.3192e-11 -7.5227e-13 -2.3579e-14 -3.5917e-16 -2.2894e-18 -5.0876e-21 -3.1536e-24 -4.1480e-28 -8.2715e-33 -1.6519e-38 -1.9781e-45 -7.5119e-54 -4.0909e-64 -1.1836e-76 -5.2272e-92 -7.3036e-111 -4.3932e-134 -8.9663e-163 -2.4005e-198 -1.2792e-242 -5.9825e-298 0.0000e+00 0.0000e+00 0.0000e+00 0.0000e+00 0.0000e+00 0.0000e+00 0.0000e+00 0.0000e+00 0.0000e+00 0.0000e+00 0.0000e+00 0.0000e+00 0.0000e+00 0.0000e+00 0.0000e+00 0.0000e+00 0.0000e+00 0.0000e+00 0.0000e+00 0.0000e+00 0.0000e+00 0.0000e+00 0.0000e+00 0.0000e+00 0.0000e+00 0.0000e+00 0.0000e+00 0.0000e+00 0.0000e+00 0.0000e+00 0.0000e+00 0.0000e+00 0.0000e+00 0.0000e+00 6.8179e-10 3.8605e-09 1.0656e-08 2.1923e-08 3.8410e-08 6.0804e-08 8.9766e-08 1.2594e-07 1.6998e-07 2.2252e-07 2.8422e-07 3.5573e-07 0.0000e+00 5.3071e-07 6.3535e-07 7.5204e-07 8.8107e-07 1.0225e-06 1.1759e-06 1.3406e-06 1.5149e-06 1.6964e-06 1.8814e-06 2.0651e-06 2.2405e-06 2.3993e-06 2.5311e-06 2.6240e-06 2.6654e-06 2.6432e-06 2.5477e-06 2.3740e-06 2.1250e-06 1.8129e-06 1.4606e-06 1.0989e-06 7.6184e-07 4.7897e-07 2.6789e-07 1.3026e-07 5.3572e-08 1.8028e-08 4.7704e-09 9.4626e-10 1.3283e-10 1.2308e-11 6.9212e-13 2.1335e-14 3.1863e-16 1.9839e-18 4.2877e-21 2.5717e-24 3.2536e-28 6.1974e-33 1.1728e-38 1.3185e-45 4.6507e-54 2.3238e-64 6.0827e-77 2.3913e-92 2.9194e-111 1.5014e-134 2.5535e-163 5.5205e-199 2.2825e-243 7.8434e-299 0.0000e+00 0.0000e+00 0.0000e+00 0.0000e+00 0.0000e+00 0.0000e+00 0.0000e+00 0.0000e+00 0.0000e+00 0.0000e+00 0.0000e+00 0.0000e+00 0.0000e+00 0.0000e+00 0.0000e+00 0.0000e+00 0.0000e+00 0.0000e+00 0.0000e+00 0.0000e+00 0.0000e+00 0.0000e+00 0.0000e+00 0.0000e+00 0.0000e+00 0.0000e+00 0.0000e+00 0.0000e+00 0.0000e+00 0.0000e+00 0.0000e+00 0.0000e+00 0.0000e+00 0.0000e+00
-8.2669e-10 -4.6810e-09 -1.2920e-08 -2.6582e-08 -4.6572e-08 -7.3726e-08 -1.0884e-07 -1.5271e-07 -2.0610e-07 -2.6981e-07 -3.4463e-07 -4.3134e-07 -5.3072e-07 3.9557e-05 -7.7041e-07 -9.1193e-07 -1.0684e-06 -1.2400e-06 -1.4261e-06 -1.6259e-06 -1.8375e-06 -2.0580e-06 -2.2829e-06 -2.5063e-06 -2.7200e-06 -2.9139e-06 -3.0753e-06 -3.1901e-06 -3.2428e-06 -3.2186e-06 -3.1057e-06 -2.8979e-06 -2.5981e-06 -2.2210e-06 -1.7937e-06 -1.3535e-06 -9.4174e-07 -5.9463e-07 -3.3430e-07 -1.6358e-07 -6.7777e-08 -2.3013e-08 -6.1551e-09 -1.2366e-09 -1.7624e-10 -1.6628e-11 -9.5538e-13 -3.0208e-14 -4.6489e-16 -2.9987e-18 -6.7564e-21 -4.2549e-24 -5.6987e-28 -1.1600e-32 -2.3709e-38 -2.9138e-45 -1.1390e-53 -6.4041e-64 -1.9191e-76 -8.8060e-92 -1.2829e-110 -8.0751e-134 -1.7317e-162 -4.8937e-198 -2.7673e-242 -1.3821e-297 0.0000e+00 0.0000e+00 0.0000e+00 0.0000e+00 0.0000e+00 0.0000e+00 0.0000e+00 0.0000e+00 0.0000e+00 0.0000e+00 0.0000e+00 0.0000e+00 0.0000e+00 0.0000e+00 0.0000e+00 0.0000e+00 0.0000e+00 0.0000e+00 0.0000e+00 0.0000e+00 0.0000e+00 0.0000e+00 0.0000e+00 0.0000e+00 0.0000e+00 0.0000e+00 0.0000e+00 0.0000e+00 0.0000e+00 0.0000e+00 0.0000e+00 0.0000e+00 0.0000e+00 0.0000e+00 8.2669e-10 4.6810e-09 1.2920e-08 2.6582e-08 4.6572e-08 7.3726e-08 1.0884e-07 1.5271e-07 2.0610e-07 2.6981e-07 3.4463e-07 4.3134e-07 5.3071e-07 0.0000e+00 7.7037e-07 9.1187e-07 1.0683e-06 1.2398e-06 1.4258e-06 1.6255e-06 1.8368e-06 2.0569e-06 2.2813e-06 2.5039e-06 2.7167e-06 2.9092e-06 3.0690e-06 3.1817e-06 3.2319e-06 3.2050e-06 3.0892e-06 2.8786e-06 2.5766e-06 2.1982e-06 1.7710e-06 1.3324e-06 9.2375e-07 5.8076e-07 3.2482e-07 1.5795e-07 6.4957e-08 2.1859e-08 5.7841e-09 1.1473e-09 1.6105e-10 1.4922e-11 8.3912e-13 2.5865e-14 3.8626e-16 2.4046e-18 5.1962e-21 3.1159e-24 3.9406e-28 7.5022e-33 1.4186e-38 1.5930e-45 5.6093e-54 2.7955e-64 7.2884e-77 2.8477e-92 3.4431e-111 1.7433e-134 2.8891e-163 5.9710e-199 2.2695e-243 6.5217e-299 0.0000e+00 0.0000e+00 0.0000e+00 0.0000e+00 0.0000e+00 0.0000e+00 0.0000e+00 0.0000e+00 0.0000e+00 0.0000e+00 0.0000e+00 0.0000e+00 0.0000e+00 0.0000e+00 0.0000e+00 0.0000e+00 0.0000e+00 0.0000e+00 0.0000e+00 0.0000e+00 0.0000e+00 0.0000e+00 0.0000e+00 0.0000e+00 0.0000e+00 0.0000e+00 0.0000e+00 0.0000e+00 0.0000e+00 0.0000e+00 0.0000e+00 0.0000e+00 0.0000e+00 0.0000e+00
-9.8967e-10 -5.6039e-09 -1.5467e-08 -3.1823e-08 -5.5754e-08 -8.8262e-08 -1.3030e-07 -1.8282e-07 -2.4674e-07 -3.2301e-07 -4.1258e-07 -5.1638e-07 -6.3537e-07 -7.7041e-07 6.0708e-05 -1.0918e-06 -1.2791e-06 -1.4845e-06 -1.7075e-06 -1.9468e-06 -2.2003e-06 -2.4644e-06 -2.7340e-06 -3.0019e-06 -3.2584e-06 -3.4913e-06 -3.6857e-06 -3.8244e-06 -3.8891e-06 -3.8619e-06 -3.7286e-06 -3.4816e-06 -3.1242e-06 -2.6736e-06 -2.1620e-06 -1.6340e-06 -1.1390e-06 -7.2079e-07 -4.0633e-07 -1.9946e-07 -8.2963e-08 -2.8298e-08 -7.6095e-09 -1.5386e-09 -2.2092e-10 -2.1027e-11 -1.2205e-12 -3.9048e-14 -6.0915e-16 -3.9909e-18 -9.1525e-21 -5.8804e-24 -8.0546e-28 -1.6811e-32 -3.5324e-38 -4.4751e-45 -1.8084e-53 -1.0541e-63 -3.2849e-76 -1.5727e-91 -2.3991e-110 -1.5878e-133 -3.5971e-162 -1.0799e-197 -6.5303e-242 -3.5153e-297 0.0000e+00 0.0000e+00 0.0000e+00 0.0000e+00 0.0000e+00 0.0000e+00 0.0000e+00 0.0000e+00 0.0000e+00 0.0000e+00 0.0000e+00 0.0000e+00 0.0000e+00 0.0000e+00 0.0000e+00 0.0000e+00 0.0000e+00 0.0000e+00 0.0000e+00 0.0000e+00 0.0000e+00 0.0000e+00 0.0000e+00 0.0000e+00 0.0000e+00 0.0000e+00 0.0000e+00 0.0000e+00 0.0000e+00 0.0000e+00 0.0000e+00 0.0000e+00 0.0000e+00 0.0000e+00 9.8967e-10 5.6039e-09 1.5467e-08 3.1823e-08 5.5754e-08 8.8262e-08 1.3030e-07 1.8282e-07 2.4674e-07 3.2301e-07 4.1257e-07 5.1638e-07 6.3535e-07 7.7037e-07 0.0000e+00 1.0916e-06 1.2789e-06 1.4842e-06 1.7070e-06 1.9459e-06 2.1989e-06 2.4624e-06 2.7310e-06 2.9976e-06 3.2523e-06 3.4828e-06 3.6741e-06 3.8089e-06 3.8691e-06 3.8369e-06 3.6982e-06 3.4461e-06 3.0845e-06 2.6316e-06 2.1201e-06 1.5951e-06 1.1059e-06 6.9525e-07 3.8885e-07 1.8908e-07 7.7761e-08 2.6167e-08 6.9240e-09 1.3734e-09 1.9277e-10 1.7861e-11 1.0043e-12 3.0953e-14 4.6215e-16 2.8763e-18 6.2132e-21 3.7236e-24 4.7054e-28 8.9472e-33 1.6888e-38 1.8911e-45 6.6316e-54 3.2838e-64 8.4761e-77 3.2589e-92 3.8372e-111 1.8558e-134 2.8244e-163 4.8741e-199 1.0981e-243 -2.2978e-299 0.0000e+00 0.0000e+00 0.0000e+00 0.0000e+00 0.0000e+00 0.0000e+00 0.0000e+00 0.0000e+00 0.0000e+00 0.0000e+00 0.0000e+00 0.0000e+00 0.0000e+00 0.0000e+00 0.0000e+00 0.0000e+00 0.0000e+00 0.0000e+00 0.0000e+00 0.0000e+00 0.0000e+00 0.0000e+00 0.0000e+00 0.0000e+00 0.0000e+00 0.0000e+00 0.0000e+00 0.0000e+00 0.0000e+00 0.0000e+00 0.0000e+00 0.0000e+00 0.0000e+00 0.0000e+00
-1.1714e-09 -6.6331e-09 -1.8308e-08 -3.7668e-08 -6.5995e-08 -1.0447e-07 -1.5423e-07 -2.1639e-07 -2.9206e-07 -3.8234e-07 -4.8836e-07 -6.1123e-07 -7.5207e-07 -9.1193e-07 -1.0918e-06 9.0805e-05 -1.5142e-06 -1.7574e-06 -2.0214e-06 -2.3049e-06 -2.6052e-06 -2.9182e-06 -3.2379e-06 -3.5558e-06 -3.8605e-06 -4.1376e-06 -4.3695e-06 -4.5359e-06 -4.6151e-06 -4.5860e-06 -4.4313e-06 -4.1419e-06 -3.7213e-06 -3.1893e-06 -2.5837e-06 -1.9570e-06 -1.3677e-06 -8.6828e-07 -4.9131e-07 -2.4225e-07 -1.0130e-07 -3.4768e-08 -9.4181e-09 -1.9206e-09 -2.7854e-10 -2.6818e-11 -1.5774e-12 -5.1236e-14 -8.1311e-16 -5.4310e-18 -1.2727e-20 -8.3751e-24 -1.1778e-27 -2.5302e-32 -5.4861e-38 -7.1907e-45 -3.0145e-53 -1.8283e-63 -5.9476e-76 -2.9833e-91 -4.7883e-110 -3.3509e-133 -8.0741e-162 -2.5958e-197 -1.6948e-241 -9.9444e-297 0.0000e+00 0.0000e+00 0.0000e+00 0.0000e+00 0.0000e+00 0.0000e+00 0.0000e+00 0.0000e+00 0.0000e+00 0.0000e+00 0.0000e+00 0.0000e+00 0.0000e+00 0.0000e+00 0.0000e+00 0.0000e+00 0.0000e+00 0.0000e+00 0.0000e+00 0.0000e+00 0.0000e+00 0.0000e+00 0.0000e+00 0.0000e+00 0.0000e+00 0.0000e+00 0.0000e+00 0.0000e+00 0.0000e+00 0.0000e+00 0.0000e+00 0.0000e+00 0.0000e+00 0.0000e+00 1.1714e-09 6.6331e-09 1.8308e-08 3.7668e-08 6.5995e-08 1.0447e-07 1.5423e-07 2.1639e-07 2.9206e-07 3.8233e-07 4.8835e-07 6.1122e-07 7.5204e-07 9.1187e-07 1.0916e-06 0.0000e+00 1.5139e-06 1.7568e-06 2.0205e-06 2.3034e-06 2.6028e-06 2.9147e-06 3.2327e-06 3.5482e-06 3.8496e-06 4.1225e-06 4.3489e-06 4.5085e-06 4.5797e-06 4.5416e-06 4.3774e-06 4.0790e-06 3.6511e-06 3.1149e-06 2.5095e-06 1.8881e-06 1.3090e-06 8.2293e-07 4.6026e-07 2.2380e-07 9.2038e-08 3.0971e-08 8.1948e-09 1.6254e-09 2.2812e-10 2.1133e-11 1.1881e-12 3.6607e-14 5.4636e-16 3.3985e-18 7.3350e-21 4.3905e-24 5.5378e-28 1.0501e-32 1.9737e-38 2.1961e-45 7.6243e-54 3.7158e-64 9.3440e-77 3.4354e-92 3.7250e-111 1.5166e-134 1.4204e-163 -1.3802e-199 -4.0193e-243 -3.7743e-298 0.0000e+00 0.0000e+00 0.0000e+00 0.0000e+00 0.0000e+00 0.0000e+00 0.0000e+00 0.0000e+00 0.0000e+00 0.0000e+00 0.0000e+00 0.0000e+00 0.0000e+00 0.0000e+00 0.0000e+00 0.0000e+00 0.0000e+00 0.0000e+00 0.0000e+00 0.0000e+00 0.0000e+00 0.0000e+00 0.0000e+00 0.0000e+00 0.0000e+00 0.0000e+00 0.0000e+00 0.0000e+00 0.0000e+00 0.0000e+00 0.0000e+00 0.0000e+00 0.0000e+00 0.0000e+00
-1.3724e-09 -7.7712e-09 -2.1450e-08 -4.4131e-08 -7.7318e-08 -1.2240e-07 -1.8070e-07 -2.5352e-07 -3.4217e-07 -4.4794e-07 -5.7215e-07 -7.1612e-07 -8.8113e-07 -1.0684e-06 -1.2791e-06 -1.5142e-06 1.3281e-04 -2.0593e-06 -2.3688e-06 -2.7012e-06 -3.0534e-06 -3.4209e-06 -3.7964e-06 -4.1701e-06 -4.5288e-06 -4.8558e-06 -5.1304e-06 -5.3290e-06 -5.4262e-06 -5.3970e-06 -5.2210e-06 -4.8868e-06 -4.3980e-06 -3.7771e-06 -3.0676e-06 -2.3304e-06 -1.6346e-06 -1.0421e-06 -5.9269e-07 -2.9400e-07 -1.2381e-07 -4.2845e-08 -1.1718e-08 -2.4164e-09 -3.5493e-10 -3.4674e-11 -2.0733e-12 -6.8601e-14 -1.1114e-15 -7.5948e-18 -1.8249e-20 -1.2342e-23 -1.7880e-27 -3.9660e-32 -8.9015e-38 -1.2109e-44 -5.2843e-53 -3.3473e-63 -1.1415e-75 -6.0292e-91 -1.0242e-109 -7.6327e-133 -1.9724e-161 -6.8573e-197 -4.8885e-241 -3.1673e-296 0.0000e+00 0.0000e+00 0.0000e+00 0.0000e+00 0.0000e+00 0.0000e+00 0.0000e+00 0.0000e+00 0.0000e+00 0.0000e+00 0.0000e+00 0.0000e+00 0.0000e+00 0.0000e+00 0.0000e+00 0.0000e+00 0.0000e+00 0.0000e+00 0.0000e+00 0.0000e+00 0.0000e+00 0.0000e+00 0.0000e+00 0.0000e+00 0.0000e+00 0.0000e+00 0.0000e+00 0.0000e+00 0.0000e+00 0.0000e+00 0.0000e+00 0.0000e+00 0.0000e+00 0.0000e+00 1.3724e-09 7.7712e-09 2.1450e-08 4.4131e-08 7.7318e-08 1.2240e-07 1.8070e-07 2.5352e-07 3.4217e-07 4.4794e-07 5.7214e-07 7.1609e-07 8.8107e-07 1.0683e-06 1.2789e-06 1.5139e-06 0.0000e+00 2.0583e-06 2.3671e-06 2.6986e-06 3.0494e-06 3.4148e-06 3.7873e-06 4.1569e-06 4.5102e-06 4.8298e-06 5.0951e-06 5.2821e-06 5.3655e-06 5.3208e-06 5.1285e-06 4.7789e-06 4.2775e-06 3.6493e-06 2.9401e-06 2.2120e-06 1.5335e-06 9.6410e-07 5.3920e-07 2.6218e-07 1.0782e-07 3.6278e-08 9.5984e-09 1.9035e-09 2.6711e-10 2.4739e-11 1.3903e-12 4.2813e-14 6.3846e-16 3.9666e-18 8.5456e-21 5.1013e-24 6.4083e-28 1.2076e-32 2.2481e-38 2.4637e-45 8.3443e-54 3.8993e-64 9.0843e-77 2.8566e-92 2.0394e-111 -2.2467e-135 -4.2264e-163 -2.4604e-198 -2.2830e-242 -1.7209e-297 0.0000e+00 0.0000e+00 0.0000e+00 0.0000e+00 0.0000e+00 0.0000e+00 0.0000e+00 0.0000e+00 0.0000e+00 0.0000e+00 0.0000e+00 0.0000e+00 0.0000e+00 0.0000e+00 0.0000e+00 0.0000e+00 0.0000e+00 0.0000e+00 0.0000e+00 0.0000e+00 0.0000e+00 0.0000e+00 0.0000e+00 0.0000e+00 0.0000e+00 0.0000e+00 0.0000e+00 0.0000e+00 0.0000e+00 0.0000e+00 0.0000e+00 0.0000e+00 0.0000e+00 0.0000e+00
