2.9844e-08 -2.0710e-08 -3.8092e-08 -5.8745e-08 -8.2274e-08 -1.0843e-07 -1.3705e-07 -1.6803e-07 -2.0127e-07 -2.3672e-07 -2.7435e-07 -3.1413e-07 -3.5603e-07 -4.0004e-07 -4.4614e-07 -4.9431e-07 -5.4451e-07 -5.9671e-07 -6.5085e-07 -7.0685e-07 -7.6462e-07 -8.2402e-07 -8.8489e-07 -9.4701e-07 -1.0101e-06 -1.0739e-06 -1.1380e-06 -1.2020e-06 -1.2652e-06 -1.3271e-06 -1.3870e-06 -1.4439e-06 -1.4970e-06 -1.5452e-06 -1.5874e-06 -1.6221e-06 -1.6483e-06 -1.6643e-06 -1.6689e-06 -1.6607e-06 -1.6385e-06 -1.6012e-06 -1.5481e-06 -1.4789e-06 -1.3938e-06 -1.2939e-06 -1.1806e-06 -1.0565e-06 -9.2482e-07 -7.8949e-07 -6.5497e-07 -5.2593e-07 -4.0684e-07 -3.0154e-07 -2.1276e-07 -1.4186e-07 -8.8595e-08 -5.1294e-08 -2.7198e-08 -1.3018e-08 -5.5288e-09 -2.0411e-09 -6.3907e-10 -1.6475e-10 -3.3739e-11 -5.2545e-12 -5.9008e-13 -4.4759e-14 -2.1153e-15 -5.6338e-17 -7.4587e-19 -4.1907e-21 -8.1765e-24 -4.2862e-27 -4.3357e-31 -5.5009e-36 -4.9679e-42 -1.5043e-49 -5.5509e-59 -6.2913e-71 -3.2668e-86 -5.3967e-106 -6.3317e-132 -2.1099e-166 -5.5590e-213 -4.6628e-277 0.0000e+00 0.0000e+00 0.0000e+00 0.0000e+00 0.0000e+00 0.0000e+00 0.0000e+00 0.0000e+00 0.0000e+00 0.0000e+00 0.0000e+00 0.0000e+00 0.0000e+00 0.0000e+00 0.0000e+00 2.0710e-08 3.8092e-08 5.8745e-08 8.2274e-08 1.0843e-07 1.3705e-07 1.6803e-07 2.0127e-07 2.3672e-07 2.7435e-07 3.1413e-07 3.5603e-07 4.0004e-07 4.4614e-07 4.9431e-07 5.4451e-07 5.9671e-07 6.5085e-07 7.0685e-07 7.6462e-07 8.2402e-07 8.8489e-07 9.4701e-07 1.0101e-06 1.0739e-06 1.1380e-06 1.2020e-06 1.2652e-06 1.3271e-06 1.3870e-06 1.4439e-06 1.4970e-06 1.5452e-06 1.5874e-06 1.6221e-06 1.6483e-06 1.6643e-06 1.6689e-06 1.6607e-06 1.6385e-06 1.6012e-06 1.5481e-06 1.4789e-06 1.3938e-06 1.2939e-06 1.1806e-06 1.0565e-06 9.2482e-07 7.8949e-07 6.5497e-07 5.2593e-07 4.0684e-07 3.0154e-07 2.1276e-07 1.4186e-07 8.8595e-08 5.1294e-08 2.7198e-08 1.3018e-08 5.5287e-09 2.0411e-09 6.3907e-10 1.6475e-10 3.3739e-11 5.2545e-12 5.9008e-13 4.4759e-14 2.1153e-15 5.6338e-17 7.4586e-19 4.1907e-21 8.1764e-24 4.2861e-27 4.3357e-31 5.5008e-36 4.9678e-42 1.5043e-49 5.5508e-59 6.2911e-71 3.2666e-86 5.3964e-106 6.3313e-132 2.1097e-166 5.5584e-213 4.6621e-277 0.0000e+00 0.0000e+00 0.0000e+00 0.0000e+00 0.0000e+00 0.0000e+00 0.0000e+00 0.0000e+00 0.0000e+00 0.0000e+00 0.0000e+00 0.0000e+00 0.0000e+00 0.0000e+00
-2.0710e-08 4.7797e-07 -1.0782e-07 -1.6628e-07 -2.3287e-07 -3.0691e-07 -3.8793e-07 -4.7559e-07 -5.6968e-07 -6.7004e-07 -7.7655e-07 -8.8914e-07 -1.0077e-06 -1.1323e-06 -1.2628e-06 -1.3991e-06 -1.5412e-06 -1.6890e-06 -1.8422e-06 -2.0007e-06 -2.1642e-06 -2.3324e-06 -2.5047e-06 -2.6805e-06 -2.8592e-06 -3.0398e-06 -3.2212e-06 -3.4022e-06 -3.5812e-06 -3.7565e-06 -3.9259e-06 -4.0870e-06 -4.2373e-06 -4.3737e-06 -4.4930e-06 -4.5914e-06 -4.6654e-06 -4.7108e-06 -4.7238e-06 -4.7006e-06 -4.6377e-06 -4.5320e-06 -4.3817e-06 -4.1859e-06 -3.9453e-06 -3.6623e-06 -3.3417e-06 -2.9905e-06 -2.6177e-06 -2.2346e-06 -1.8539e-06 -1.4886e-06 -1.1516e-06 -8.5350e-07 -6.0223e-07 -4.0153e-07 -2.5077e-07 -1.4519e-07 -7.6985e-08 -3.6848e-08 -1.5649e-08 -5.7774e-09 -1.8089e-09 -4.6635e-10 -9.5503e-11 -1.4874e-11 -1.6703e-12 -1.2670e-13 -5.9878e-15 -1.5948e-16 -2.1114e-18 -1.1863e-20 -2.3147e-23 -1.2134e-26 -1.2275e-30 -1.5574e-35 -1.4066e-41 -4.2594e-49 -1.5719e-58 -1.7817e-70 -9.2526e-86 -1.5288e-105 -1.7940e-131 -5.9799e-166 -1.5761e-212 -1.3227e-276 0.0000e+00 0.0000e+00 0.0000e+00 0.0000e+00 0.0000e+00 0.0000e+00 0.0000e+00 0.0000e+00 0.0000e+00 0.0000e+00 0.0000e+00 0.0000e+00 0.0000e+00 0.0000e+00 2.0710e-08 0.0000e+00 1.0782e-07 1.6628e-07 2.3287e-07 3.0691e-07 3.8793e-07 4.7559e-07 5.6968e-07 6.7004e-07 7.7655e-07 8.8914e-07 1.0077e-06 1.1323e-06 1.2628e-06 1.3991e-06 1.5412e-06 1.6890e-06 1.8422e-06 2.0007e-06 2.1642e-06 2.3324e-06 2.5047e-06 2.6805e-06 2.8592e-06 3.0398e-06 3.2212e-06 3.4022e-06 3.5812e-06 3.7565e-06 3.9259e-06 4.0870e-06 4.2373e-06 4.3737e-06 4.4930e-06 4.5914e-06 4.6654e-06 4.7108e-06 4.7238e-06 4.7006e-06 4.6376e-06 4.5320e-06 4.3817e-06 4.1859e-06 3.9452e-06 3.6623e-06 3.3417e-06 2.9904e-06 2.6177e-06 2.2346e-06 1.8539e-06 1.4886e-06 1.1516e-06 8.5349e-07 6.0222e-07 4.0153e-07 2.5076e-07 1.4519e-07 7.6984e-08 3.6847e-08 1.5649e-08 5.7772e-09 1.8089e-09 4.6633e-10 9.5498e-11 1.4873e-11 1.6702e-12 1.2669e-13 5.9873e-15 1.5946e-16 2.1111e-18 1.1862e-20 2.3143e-23 1.2132e-26 1.2272e-30 1.5570e-35 1.4061e-41 4.2578e-49 1.5711e-58 1.7807e-70 9.2461e-86 1.5274e-105 1.7921e-131 5.9716e-166 1.5733e-212 1.3196e-276 0.0000e+00 0.0000e+00 0.0000e+00 0.0000e+00 0.0000e+00 0.0000e+00 0.0000e+00 0.0000e+00 0.0000e+00 0.0000e+00 0.0000e+00 0.0000e+00 0.0000e+00 0.0000e+00
-3.8092e-08 -1.0782e-07 2.4236e-06 -3.0583e-07 -4.2833e-07 -5.6452e-07 -7.1353e-07 -8.7477e-07 -1.0478e-06 -1.2324e-06 -1.4283e-06 -1.6354e-06 -1.8536e-06 -2.0827e-06 -2.3227e-06 -2.5735e-06 -2.8348e-06 -3.1066e-06 -3.3884e-06 -3.6800e-06 -3.9808e-06 -4.2900e-06 -4.6069e-06 -4.9303e-06 -5.2590e-06 -5.5911e-06 -5.9249e-06 -6.2578e-06 -6.5870e-06 -6.9094e-06 -7.2209e-06 -7.5174e-06 -7.7939e-06 -8.0448e-06 -8.2641e-06 -8.4452e-06 -8.5812e-06 -8.6648e-06 -8.6888e-06 -8.6461e-06 -8.5303e-06 -8.3360e-06 -8.0596e-06 -7.6994e-06 -7.2567e-06 -6.7363e-06 -6.1466e-06 -5.5006e-06 -4.8149e-06 -4.1103e-06 -3.4100e-06 -2.7382e-06 -2.1182e-06 -1.5699e-06 -1.1078e-06 -7.3860e-07 -4.6128e-07 -2.6707e-07 -1.4161e-07 -6.7783e-08 -2.8788e-08 -1.0628e-08 -3.3277e-09 -8.5792e-10 -1.7570e-10 -2.7364e-11 -3.0731e-12 -2.3311e-13 -1.1017e-14 -2.9345e-16 -3.8854e-18 -2.1833e-20 -4.2602e-23 -2.2336e-26 -2.2598e-30 -2.8677e-35 -2.5905e-41 -7.8467e-49 -2.8967e-58 -3.2847e-70 -1.7067e-85 -2.8219e-105 -3.3145e-131 -1.1061e-165 -2.9202e-212 -2.4562e-276 0.0000e+00 0.0000e+00 0.0000e+00 0.0000e+00 0.0000e+00 0.0000e+00 0.0000e+00 0.0000e+00 0.0000e+00 0.0000e+00 0.0000e+00 0.0000e+00 0.0000e+00 0.0000e+00 3.8092e-08 1.0782e-07 0.0000e+00 3.0583e-07 4.2833e-07 5.6452e-07 7.1353e-07 8.7477e-07 1.0478e-06 1.2324e-06 1.4283e-06 1.6354e-06 1.8536e-06 2.0827e-06 2.3227e-06 2.5735e-06 2.8348e-06 3.1066e-06 3.3884e-06 3.6800e-06 3.9808e-06 4.2900e-06 4.6069e-06 4.9303e-06 5.2589e-06 5.5911e-06 5.9249e-06 6.2578e-06 6.5870e-06 6.9093e-06 7.2209e-06 7.5174e-06 7.7938e-06 8.0447e-06 8.2640e-06 8.4452e-06 8.5811e-06 8.6647e-06 8.6887e-06 8.6460e-06 8.5302e-06 8.3359e-06 8.0594e-06 7.6993e-06 7.2566e-06 6.7361e-06 6.1465e-06 5.5004e-06 4.8148e-06 4.1102e-06 3.4099e-06 2.7381e-06 2.1181e-06 1.5698e-06 1.1077e-06 7.3854e-07 4.6124e-07 2.6705e-07 1.4160e-07 6.7775e-08 2.8784e-08 1.0626e-08 3.3271e-09 8.5773e-10 1.7565e-10 2.7356e-11 3.0721e-12 2.3302e-13 1.1013e-14 2.9330e-16 3.8831e-18 2.1817e-20 4.2568e-23 2.2314e-26 2.2572e-30 2.8638e-35 2.5863e-41 7.8314e-49 2.8898e-58 3.2753e-70 1.7007e-85 2.8095e-105 3.2962e-131 1.0984e-165 2.8938e-212 2.4272e-276 0.0000e+00 0.0000e+00 0.0000e+00 0.0000e+00 0.0000e+00 0.0000e+00 0.0000e+00 0.0000e+00 0.0000e+00 0.0000e+00 0.0000e+00 0.0000e+00 0.0000e+00 0.0000e+00
-5.8745e-08 -1.6628e-07 -3.0583e-07 7.6772e-06 -6.6056e-07 -8.7059e-07 -1.1004e-06 -1.3491e-06 -1.6159e-06 -1.9006e-06 -2.2027e-06 -2.5221e-06 -2.8585e-06 -3.2119e-06 -3.5820e-06 -3.9687e-06 -4.3718e-06 -4.7909e-06 -5.2256e-06 -5.6752e-06 -6.1391e-06 -6.6160e-06 -7.1047e-06 -7.6035e-06 -8.1103e-06 -8.6226e-06 -9.1372e-06 -9.6506e-06 -1.0158e-05 -1.0656e-05 -1.1136e-05 -1.1593e-05 -1.2020e-05 -1.2407e-05 -1.2745e-05 -1.3024e-05 -1.3234e-05 -1.3363e-05 -1.3400e-05 -1.3334e-05 -1.3156e-05 -1.2856e-05 -1.2430e-05 -1.1874e-05 -1.1192e-05 -1.0389e-05 -9.4797e-06 -8.4834e-06 -7.4260e-06 -6.3394e-06 -5.2593e-06 -4.2232e-06 -3.2670e-06 -2.4214e-06 -1.7086e-06 -1.1392e-06 -7.1151e-07 -4.1196e-07 -2.1845e-07 -1.0456e-07 -4.4410e-08 -1.6396e-08 -5.1341e-09 -1.3237e-09 -2.7110e-10 -4.2226e-11 -4.7426e-12 -3.5979e-13 -1.7007e-14 -4.5305e-16 -5.9996e-18 -3.3720e-20 -6.5816e-23 -3.4517e-26 -3.4936e-30 -4.4354e-35 -4.0090e-41 -1.2152e-48 -4.4900e-58 -5.0973e-70 -2.6524e-85 -4.3936e-105 -5.1732e-131 -1.7320e-165 -4.5922e-212 -3.8854e-276 0.0000e+00 0.0000e+00 0.0000e+00 0.0000e+00 0.0000e+00 0.0000e+00 0.0000e+00 0.0000e+00 0.0000e+00 0.0000e+00 0.0000e+00 0.0000e+00 0.0000e+00 0.0000e+00 5.8745e-08 1.6628e-07 3.0583e-07 0.0000e+00 6.6056e-07 8.7059e-07 1.1004e-06 1.3491e-06 1.6159e-06 1.9006e-06 2.2027e-06 2.5221e-06 2.8585e-06 3.2119e-06 3.5820e-06 3.9687e-06 4.3718e-06 4.7909e-06 5.2256e-06 5.6752e-06 6.1390e-06 6.6160e-06 7.1047e-06 7.6034e-06 8.1103e-06 8.6225e-06 9.1372e-06 9.6506e-06 1.0158e-05 1.0655e-05 1.1136e-05 1.1593e-05 1.2020e-05 1.2406e-05 1.2745e-05 1.3024e-05 1.3234e-05 1.3363e-05 1.3400e-05 1.3334e-05 1.3155e-05 1.2855e-05 1.2429e-05 1.1874e-05 1.1191e-05 1.0388e-05 9.4790e-06 8.4826e-06 7.4253e-06 6.3387e-06 5.2586e-06 4.2226e-06 3.2665e-06 2.4210e-06 1.7082e-06 1.1390e-06 7.1131e-07 4.1183e-07 2.1837e-07 1.0452e-07 4.4390e-08 1.6387e-08 5.1310e-09 1.3228e-09 2.7089e-10 4.2188e-11 4.7377e-12 3.5936e-13 1.6983e-14 4.5233e-16 5.9884e-18 3.3646e-20 6.5647e-23 3.4413e-26 3.4811e-30 4.4165e-35 3.9885e-41 1.2078e-48 4.4566e-58 5.0510e-70 2.6227e-85 4.3327e-105 5.0833e-131 1.6939e-165 4.4627e-212 3.7431e-276 0.0000e+00 0.0000e+00 0.0000e+00 0.0000e+00 0.0000e+00 0.0000e+00 0.0000e+00 0.0000e+00 0.0000e+00 0.0000e+00 0.0000e+00 0.0000e+00 0.0000e+00 0.0000e+00
-8.2274e-08 -2.3287e-07 -4.2833e-07 -6.6056e-07 1.8798e-05 -1.2193e-06 -1.5411e-06 -1.8894e-06 -2.2632e-06 -2.6619e-06 -3.0850e-06 -3.5323e-06 -4.0035e-06 -4.4984e-06 -5.0167e-06 -5.5584e-06 -6.1229e-06 -6.7098e-06 -7.3186e-06 -7.9484e-06 -8.5980e-06 -9.2659e-06 -9.9504e-06 -1.0649e-05 -1.1359e-05 -1.2076e-05 -1.2797e-05 -1.3516e-05 -1.4227e-05 -1.4924e-05 -1.5597e-05 -1.6237e-05 -1.6834e-05 -1.7376e-05 -1.7850e-05 -1.8241e-05 -1.8535e-05 -1.8716e-05 -1.8768e-05 -1.8676e-05 -1.8426e-05 -1.8006e-05 -1.7409e-05 -1.6632e-05 -1.5676e-05 -1.4552e-05 -1.3278e-05 -1.1883e-05 -1.0402e-05 -8.8800e-06 -7.3672e-06 -5.9160e-06 -4.5766e-06 -3.3922e-06 -2.3937e-06 -1.5961e-06 -9.9688e-07 -5.7722e-07 -3.0610e-07 -1.4653e-07 -6.2238e-08 -2.2980e-08 -7.1966e-09 -1.8557e-09 -3.8011e-10 -5.9215e-11 -6.6521e-12 -5.0477e-13 -2.3866e-14 -6.3599e-16 -8.4254e-18 -4.7376e-20 -9.2521e-23 -4.8554e-26 -4.9183e-30 -6.2504e-35 -5.6563e-41 -1.7171e-48 -6.3564e-58 -7.2332e-70 -3.7751e-85 -6.2776e-105 -7.4287e-131 -2.5037e-165 -6.6972e-212 -5.7344e-276 0.0000e+00 0.0000e+00 0.0000e+00 0.0000e+00 0.0000e+00 0.0000e+00 0.0000e+00 0.0000e+00 0.0000e+00 0.0000e+00 0.0000e+00 0.0000e+00 0.0000e+00 0.0000e+00 8.2274e-08 2.3287e-07 4.2833e-07 6.6056e-07 0.0000e+00 1.2193e-06 1.5411e-06 1.8894e-06 2.2632e-06 2.6619e-06 3.0850e-06 3.5323e-06 4.0035e-06 4.4984e-06 5.0167e-06 5.5583e-06 6.1229e-06 6.7098e-06 7.3186e-06 7.9484e-06 8.5979e-06 9.2659e-06 9.9503e-06 1.0649e-05 1.1359e-05 1.2076e-05 1.2797e-05 1.3516e-05 1.4227e-05 1.4923e-05 1.5596e-05 1.6237e-05 1.6834e-05 1.7376e-05 1.7849e-05 1.8240e-05 1.8534e-05 1.8715e-05 1.8766e-05 1.8674e-05 1.8424e-05 1.8004e-05 1.7407e-05 1.6629e-05 1.5673e-05 1.4549e-05 1.3276e-05 1.1880e-05 1.0399e-05 8.8775e-06 7.3649e-06 5.9139e-06 4.5748e-06 3.3907e-06 2.3925e-06 1.5952e-06 9.9622e-07 5.7679e-07 3.0583e-07 1.4638e-07 6.2169e-08 2.2951e-08 7.1862e-09 1.8526e-09 3.7939e-10 5.9086e-11 6.6353e-12 5.0330e-13 2.3786e-14 6.3350e-16 8.3870e-18 4.7123e-20 9.1941e-23 4.8196e-26 4.8753e-30 6.1855e-35 5.5861e-41 1.6915e-48 6.2417e-58 7.0741e-70 3.6732e-85 6.0680e-105 7.1192e-131 2.3723e-165 6.2499e-212 5.2419e-276 0.0000e+00 0.0000e+00 0.0000e+00 0.0000e+00 0.0000e+00 0.0000e+00 0.0000e+00 0.0000e+00 0.0000e+00 0.0000e+00 0.0000e+00 0.0000e+00 0.0000e+00 0.0000e+00
-1.0843e-07 -3.0691e-07 -5.6452e-07 -8.7059e-07 -1.2193e-06 3.9118e-05 -2.0311e-06 -2.4901e-06 -2.9827e-06 -3.5082e-06 -4.0659e-06 -4.6554e-06 -5.2764e-06 -5.9286e-06 -6.6118e-06 -7.3256e-06 -8.0696e-06 -8.8432e-06 -9.6456e-06 -1.0476e-05 -1.1332e-05 -1.2212e-05 -1.3114e-05 -1.4035e-05 -1.4970e-05 -1.5916e-05 -1.6866e-05 -1.7814e-05 -1.8751e-05 -1.9669e-05 -2.0556e-05 -2.1400e-05 -2.2187e-05 -2.2902e-05 -2.3526e-05 -2.4042e-05 -2.4430e-05 -2.4668e-05 -2.4737e-05 -2.4616e-05 -2.4286e-05 -2.3734e-05 -2.2947e-05 -2.1923e-05 -2.0663e-05 -1.9182e-05 -1.7503e-05 -1.5664e-05 -1.3713e-05 -1.1707e-05 -9.7129e-06 -7.7999e-06 -6.0344e-06 -4.4730e-06 -3.1565e-06 -2.1049e-06 -1.3148e-06 -7.6137e-07 -4.0379e-07 -1.9332e-07 -8.2125e-08 -3.0328e-08 -9.4996e-09 -2.4501e-09 -5.0200e-10 -7.8227e-11 -8.7910e-12 -6.6736e-13 -3.1569e-14 -8.4176e-16 -1.1159e-17 -6.2799e-20 -1.2276e-22 -6.4503e-26 -6.5433e-30 -8.3303e-35 -7.5550e-41 -2.2997e-48 -8.5418e-58 -9.7611e-70 -5.1217e-85 -8.5754e-105 -1.0238e-130 -3.4902e-165 -9.4780e-212 -8.2798e-276 0.0000e+00 0.0000e+00 0.0000e+00 0.0000e+00 0.0000e+00 0.0000e+00 0.0000e+00 0.0000e+00 0.0000e+00 0.0000e+00 0.0000e+00 0.0000e+00 0.0000e+00 0.0000e+00 1.0843e-07 3.0691e-07 5.6452e-07 8.7059e-07 1.2193e-06 0.0000e+00 2.0311e-06 2.4901e-06 2.9827e-06 3.5082e-06 4.0659e-06 4.6554e-06 5.2764e-06 5.9286e-06 6.6118e-06 7.3256e-06 8.0696e-06 8.8432e-06 9.6455e-06 1.0475e-05 1.1332e-05 1.2212e-05 1.3114e-05 1.4035e-05 1.4970e-05 1.5916e-05 1.6866e-05 1.7813e-05 1.8751e-05 1.9668e-05 2.0555e-05 2.1399e-05 2.2186e-05 2.2900e-05 2.3524e-05 2.4040e-05 2.4427e-05 2.4665e-05 2.4733e-05 2.4612e-05 2.4282e-05 2.3729e-05 2.2942e-05 2.1917e-05 2.0657e-05 1.9175e-05 1.7497e-05 1.5657e-05 1.3706e-05 1.1700e-05 9.7065e-06 7.7942e-06 6.0293e-06 4.4687e-06 3.1531e-06 2.1023e-06 1.3130e-06 7.6017e-07 4.0307e-07 1.9293e-07 8.1935e-08 3.0248e-08 9.4709e-09 2.4416e-09 5.0001e-10 7.7871e-11 8.7449e-12 6.6332e-13 3.1348e-14 8.3491e-16 1.1054e-17 6.2105e-20 1.2117e-22 6.3520e-26 6.4254e-30 8.1521e-35 7.3621e-41 2.2293e-48 8.2260e-58 9.3231e-70 4.8409e-85 7.9970e-105 9.3821e-131 3.1262e-165 8.2355e-212 6.9065e-276 0.0000e+00 0.0000e+00 0.0000e+00 0.0000e+00 0.0000e+00 0.0000e+00 0.0000e+00 0.0000e+00 0.0000e+00 0.0000e+00 0.0000e+00 0.0000e+00 0.0000e+00 0.0000e+00
-1.3705e-07 -3.8793e-07 -7.1353e-07 -1.1004e-06 -1.5411e-06 -2.0311e-06 7.2777e-05 -3.1474e-06 -3.7701e-06 -4.4342e-06 -5.1391e-06 -5.8842e-06 -6.6691e-06 -7.4935e-06 -8.3570e-06 -9.2593e-06 -1.0200e-05 -1.1178e-05 -1.2192e-05 -1.3241e-05 -1.4323e-05 -1.5436e-05 -1.6576e-05 -1.7740e-05 -1.8922e-05 -2.0118e-05 -2.1318e-05 -2.2517e-05 -2.3701e-05 -2.4862e-05 -2.5983e-05 -2.7050e-05 -2.8045e-05 -2.8949e-05 -2.9738e-05 -3.0391e-05 -3.0881e-05 -3.1183e-05 -3.1270e-05 -3.1117e-05 -3.0702e-05 -3.0004e-05 -2.9011e-05 -2.7716e-05 -2.6124e-05 -2.4252e-05 -2.2131e-05 -1.9807e-05 -1.7340e-05 -1.4804e-05 -1.2284e-05 -9.8651e-06 -7.6327e-06 -5.6583e-06 -3.9934e-06 -2.6633e-06 -1.6638e-06 -9.6364e-07 -5.1117e-07 -2.4478e-07 -1.0401e-07 -3.8421e-08 -1.2038e-08 -3.1060e-09 -6.3667e-10 -9.9264e-11 -1.1162e-11 -8.4792e-13 -4.0143e-14 -1.0714e-15 -1.4220e-17 -8.0133e-20 -1.5690e-22 -8.2604e-26 -8.3994e-30 -1.0724e-34 -9.7606e-41 -2.9841e-48 -1.1144e-57 -1.2820e-69 -6.7840e-85 -1.1481e-104 -1.3894e-130 -4.8201e-165 -1.3387e-211 -1.2040e-275 0.0000e+00 0.0000e+00 0.0000e+00 0.0000e+00 0.0000e+00 0.0000e+00 0.0000e+00 0.0000e+00 0.0000e+00 0.0000e+00 0.0000e+00 0.0000e+00 0.0000e+00 0.0000e+00 1.3705e-07 3.8793e-07 7.1353e-07 1.1004e-06 1.5411e-06 2.0311e-06 0.0000e+00 3.1474e-06 3.7701e-06 4.4342e-06 5.1391e-06 5.8842e-06 6.6691e-06 7.4935e-06 8.3570e-06 9.2593e-06 1.0200e-05 1.1177e-05 1.2192e-05 1.3241e-05 1.4323e-05 1.5435e-05 1.6576e-05 1.7739e-05 1.8922e-05 2.0117e-05 2.1318e-05 2.2515e-05 2.3700e-05 2.4860e-05 2.5981e-05 2.7047e-05 2.8042e-05 2.8945e-05 2.9734e-05 3.0386e-05 3.0875e-05 3.1176e-05 3.1262e-05 3.1108e-05 3.0691e-05 2.9992e-05 2.8998e-05 2.7702e-05 2.6109e-05 2.4237e-05 2.2115e-05 1.9790e-05 1.7323e-05 1.4788e-05 1.2269e-05 9.8515e-06 7.6208e-06 5.6483e-06 3.9854e-06 2.6573e-06 1.6595e-06 9.6083e-07 5.0947e-07 2.4385e-07 1.0356e-07 3.8233e-08 1.1971e-08 3.0861e-09 6.3199e-10 9.8426e-11 1.1053e-11 8.3841e-13 3.9623e-14 1.0553e-15 1.3971e-17 7.8499e-20 1.5316e-22 8.0286e-26 8.1214e-30 1.0304e-34 9.3052e-41 2.8176e-48 1.0397e-57 1.1783e-69 6.1182e-85 1.0107e-104 1.1856e-130 3.9500e-165 1.0403e-211 8.7210e-276 0.0000e+00 0.0000e+00 0.0000e+00 0.0000e+00 0.0000e+00 0.0000e+00 0.0000e+00 0.0000e+00 0.0000e+00 0.0000e+00 0.0000e+00 0.0000e+00 0.0000e+00 0.0000e+00
-1.6803e-07 -4.7559e-07 -8.7477e-07 -1.3491e-06 -1.8894e-06 -2.4901e-06 -3.1474e-06 1.2476e-04 -4.6220e-06 -5.4363e-06 -6.3005e-06 -7.2139e-06 -8.1762e-06 -9.1869e-06 -1.0246e-05 -1.1352e-05 -1.2505e-05 -1.3704e-05 -1.4947e-05 -1.6233e-05 -1.7560e-05 -1.8924e-05 -2.0322e-05 -2.1749e-05 -2.3199e-05 -2.4664e-05 -2.6137e-05 -2.7606e-05 -2.9059e-05 -3.0481e-05 -3.1857e-05 -3.3165e-05 -3.4386e-05 -3.5494e-05 -3.6463e-05 -3.7263e-05 -3.7865e-05 -3.8236e-05 -3.8344e-05 -3.8158e-05 -3.7649e-05 -3.6795e-05 -3.5578e-05 -3.3991e-05 -3.2041e-05 -2.9747e-05 -2.7147e-05 -2.4297e-05 -2.1273e-05 -1.8164e-05 -1.5072e-05 -1.2106e-05 -9.3680e-06 -6.9457e-06 -4.9028e-06 -3.2704e-06 -2.0435e-06 -1.1839e-06 -6.2817e-07 -3.0090e-07 -1.2791e-07 -4.7269e-08 -1.4818e-08 -3.8254e-09 -7.8466e-10 -1.2243e-10 -1.3779e-11 -1.0479e-12 -4.9672e-14 -1.3277e-15 -1.7652e-17 -9.9681e-20 -1.9566e-22 -1.0332e-25 -1.0543e-29 -1.3520e-34 -1.2370e-40 -3.8063e-48 -1.4327e-57 -1.6646e-69 -8.9161e-85 -1.5320e-104 -1.8895e-130 -6.7129e-165 -1.9209e-211 -1.7935e-275 0.0000e+00 0.0000e+00 0.0000e+00 0.0000e+00 0.0000e+00 0.0000e+00 0.0000e+00 0.0000e+00 0.0000e+00 0.0000e+00 0.0000e+00 0.0000e+00 0.0000e+00 0.0000e+00 1.6803e-07 4.7559e-07 8.7477e-07 1.3491e-06 1.8894e-06 2.4901e-06 3.1474e-06 0.0000e+00 4.6220e-06 5.4363e-06 6.3004e-06 7.2139e-06 8.1762e-06 9.1869e-06 1.0246e-05 1.1352e-05 1.2505e-05 1.3703e-05 1.4947e-05 1.6233e-05 1.7559e-05 1.8923e-05 2.0321e-05 2.1748e-05 2.3198e-05 2.4663e-05 2.6135e-05 2.7603e-05 2.9056e-05 3.0478e-05 3.1852e-05 3.3160e-05 3.4379e-05 3.5486e-05 3.6453e-05 3.7252e-05 3.7852e-05 3.8221e-05 3.8326e-05 3.8138e-05 3.7627e-05 3.6770e-05 3.5551e-05 3.3962e-05 3.2009e-05 2.9714e-05 2.7113e-05 2.4263e-05 2.1238e-05 1.8130e-05 1.5041e-05 1.2078e-05 9.3430e-06 6.9247e-06 4.8861e-06 3.2577e-06 2.0346e-06 1.1780e-06 6.2460e-07 2.9896e-07 1.2697e-07 4.6872e-08 1.4676e-08 3.7835e-09 7.7481e-10 1.2067e-10 1.3551e-11 1.0279e-12 4.8577e-14 1.2938e-15 1.7128e-17 9.6237e-20 1.8777e-22 9.8427e-26 9.9564e-30 1.2632e-34 1.1407e-40 3.4541e-48 1.2745e-57 1.4444e-69 7.4991e-85 1.2386e-104 1.4527e-130 4.8381e-165 1.2734e-211 1.0663e-275 0.0000e+00 0.0000e+00 0.0000e+00 0.0000e+00 0.0000e+00 0.0000e+00 0.0000e+00 0.0000e+00 0.0000e+00 0.0000e+00 0.0000e+00 0.0000e+00 0.0000e+00 0.0000e+00
-2.0127e-07 -5.6968e-07 -1.0478e-06 -1.6159e-06 -2.2632e-06 -2.9827e-06 -3.7701e-06 -4.6220e-06 2.0095e-04 -6.5118e-06 -7.5469e-06 -8.6411e-06 -9.7938e-06 -1.1004e-05 -1.2273e-05 -1.3598e-05 -1.4979e-05 -1.6415e-05 -1.7904e-05 -1.9445e-05 -2.1034e-05 -2.2668e-05 -2.4343e-05 -2.6052e-05 -2.7789e-05 -2.9545e-05 -3.1309e-05 -3.3069e-05 -3.4810e-05 -3.6514e-05 -3.8162e-05 -3.9731e-05 -4.1194e-05 -4.2522e-05 -4.3683e-05 -4.4644e-05 -4.5366e-05 -4.5811e-05 -4.5942e-05 -4.5721e-05 -4.5114e-05 -4.4092e-05 -4.2636e-05 -4.0738e-05 -3.8403e-05 -3.5656e-05 -3.2543e-05 -2.9130e-05 -2.5507e-05 -2.1782e-05 -1.8077e-05 -1.4522e-05 -1.1240e-05 -8.3351e-06 -5.8851e-06 -3.9267e-06 -2.4544e-06 -1.4224e-06 -7.5505e-07 -3.6186e-07 -1.5390e-07 -5.6911e-08 -1.7854e-08 -4.6129e-09 -9.4712e-10 -1.4795e-10 -1.6673e-11 -1.2699e-12 -6.0305e-14 -1.6153e-15 -2.1530e-17 -1.2194e-19 -2.4021e-22 -1.2737e-25 -1.3064e-29 -1.6855e-34 -1.5536e-40 -4.8232e-48 -1.8353e-57 -2.1607e-69 -1.1762e-84 -2.0614e-104 -2.6049e-130 -9.5330e-165 -2.8283e-211 -2.7592e-275 0.0000e+00 0.0000e+00 0.0000e+00 0.0000e+00 0.0000e+00 0.0000e+00 0.0000e+00 0.0000e+00 0.0000e+00 0.0000e+00 0.0000e+00 0.0000e+00 0.0000e+00 0.0000e+00 2.0127e-07 5.6968e-07 1.0478e-06 1.6159e-06 2.2632e-06 2.9827e-06 3.7701e-06 4.6220e-06 0.0000e+00 6.5118e-06 7.5469e-06 8.6411e-06 9.7937e-06 1.1004e-05 1.2272e-05 1.3597e-05 1.4978e-05 1.6414e-05 1.7904e-05 1.9444e-05 2.1033e-05 2.2667e-05 2.4342e-05 2.6050e-05 2.7787e-05 2.9542e-05 3.1305e-05 3.3064e-05 3.4804e-05 3.6507e-05 3.8153e-05 3.9720e-05 4.1181e-05 4.2506e-05 4.3665e-05 4.4622e-05 4.5340e-05 4.5782e-05 4.5909e-05 4.5683e-05 4.5071e-05 4.4045e-05 4.2584e-05 4.0681e-05 3.8342e-05 3.5592e-05 3.2476e-05 2.9063e-05 2.5440e-05 2.1717e-05 1.8017e-05 1.4467e-05 1.1191e-05 8.2946e-06 5.8527e-06 3.9022e-06 2.4371e-06 1.4110e-06 7.4817e-07 3.5810e-07 1.5208e-07 5.6146e-08 1.7580e-08 4.5320e-09 9.2809e-10 1.4454e-10 1.6232e-11 1.2312e-12 5.8186e-14 1.5497e-15 2.0517e-17 1.1527e-19 2.2491e-22 1.1789e-25 1.1925e-29 1.5130e-34 1.3663e-40 4.1368e-48 1.5263e-57 1.7295e-69 8.9775e-85 1.4823e-104 1.7376e-130 5.7818e-165 1.5194e-211 1.2685e-275 0.0000e+00 0.0000e+00 0.0000e+00 0.0000e+00 0.0000e+00 0.0000e+00 0.0000e+00 0.0000e+00 0.0000e+00 0.0000e+00 0.0000e+00 0.0000e+00 0.0000e+00 0.0000e+00
-2.3672e-07 -6.7004e-07 -1.2324e-06 -1.9006e-06 -2.6619e-06 -3.5082e-06 -4.4342e-06 -5.4363e-06 -6.5118e-06 3.0818e-04 -8.8764e-06 -1.0163e-05 -1.1519e-05 -1.2943e-05 -1.4435e-05 -1.5993e-05 -1.7618e-05 -1.9307e-05 -2.1058e-05 -2.2871e-05 -2.4740e-05 -2.6662e-05 -2.8632e-05 -3.0643e-05 -3.2686e-05 -3.4752e-05 -3.6827e-05 -3.8898e-05 -4.0946e-05 -4.2952e-05 -4.4891e-05 -4.6737e-05 -4.8459e-05 -5.0022e-05 -5.1390e-05 -5.2522e-05 -5.3373e-05 -5.3900e-05 -5.4057e-05 -5.3799e-05 -5.3088e-05 -5.1889e-05 -5.0180e-05 -4.7950e-05 -4.5206e-05 -4.1977e-05 -3.8317e-05 -3.4303e-05 -3.0042e-05 -2.5659e-05 -2.1300e-05 -1.7115e-05 -1.3250e-05 -9.8289e-06 -6.9422e-06 -4.6339e-06 -2.8977e-06 -1.6802e-06 -8.9240e-07 -4.2796e-07 -1.8216e-07 -6.7419e-08 -2.1171e-08 -5.4766e-09 -1.1260e-09 -1.7616e-10 -1.9889e-11 -1.5180e-12 -7.2268e-14 -1.9414e-15 -2.5966e-17 -1.4766e-19 -2.9228e-22 -1.5587e-25 -1.6096e-29 -2.0935e-34 -1.9484e-40 -6.1196e-48 -2.3613e-57 -2.8268e-69 -1.5700e-84 -2.8186e-104 -3.6656e-130 -1.3883e-164 -4.2899e-211 -4.3921e-275 0.0000e+00 0.0000e+00 0.0000e+00 0.0000e+00 0.0000e+00 0.0000e+00 0.0000e+00 0.0000e+00 0.0000e+00 0.0000e+00 0.0000e+00 0.0000e+00 0.0000e+00 0.0000e+00 2.3672e-07 6.7004e-07 1.2324e-06 1.9006e-06 2.6619e-06 3.5082e-06 4.4342e-06 5.4363e-06 6.5118e-06 0.0000e+00 8.8764e-06 1.0163e-05 1.1519e-05 1.2943e-05 1.4434e-05 1.5993e-05 1.7617e-05 1.9306e-05 2.1058e-05 2.2869e-05 2.4738e-05 2.6660e-05 2.8630e-05 3.0640e-05 3.2682e-05 3.4746e-05 3.6820e-05 3.8889e-05 4.0935e-05 4.2938e-05 4.4875e-05 4.6717e-05 4.8435e-05 4.9994e-05 5.1357e-05 5.2483e-05 5.3328e-05 5.3847e-05 5.3996e-05 5.3731e-05 5.3011e-05 5.1804e-05 5.0086e-05 4.7847e-05 4.5096e-05 4.1862e-05 3.8197e-05 3.4182e-05 2.9922e-05 2.5543e-05 2.1191e-05 1.7016e-05 1.3163e-05 9.7558e-06 6.8837e-06 4.5897e-06 2.8664e-06 1.6596e-06 8.7996e-07 4.2119e-07 1.7888e-07 6.6036e-08 2.0676e-08 5.3303e-09 1.0916e-09 1.7000e-10 1.9091e-11 1.4481e-12 6.8435e-14 1.8227e-15 2.4130e-17 1.3557e-19 2.6451e-22 1.3865e-25 1.4025e-29 1.7792e-34 1.6065e-40 4.8637e-48 1.7942e-57 2.0325e-69 1.0546e-84 1.7400e-104 2.0372e-130 6.7647e-165 1.7711e-211 1.4684e-275 0.0000e+00 0.0000e+00 0.0000e+00 0.0000e+00 0.0000e+00 0.0000e+00 0.0000e+00 0.0000e+00 0.0000e+00 0.0000e+00 0.0000e+00 0.0000e+00 0.0000e+00 0.0000e+00
-2.7435e-07 -7.7655e-07 -1.4283e-06 -2.2027e-06 -3.0850e-06 -4.0659e-06 -5.1391e-06 -6.3005e-06 -7.5469e-06 -8.8764e-06 4.5431e-04 -1.1779e-05 -1.3350e-05 -1.5001e-05 -1.6729e-05 -1.8536e-05 -2.0418e-05 -2.2376e-05 -2.4406e-05 -2.6507e-05 -2.8674e-05 -3.0902e-05 -3.3185e-05 -3.5516e-05 -3.7885e-05 -4.0279e-05 -4.2685e-05 -4.5086e-05 -4.7461e-05 -4.9787e-05 -5.2036e-05 -5.4177e-05 -5.6175e-05 -5.7990e-05 -5.9578e-05 -6.0892e-05 -6.1883e-05 -6.2497e-05 -6.2683e-05 -6.2389e-05 -6.1570e-05 -6.0185e-05 -5.8209e-05 -5.5628e-05 -5.2452e-05 -4.8714e-05 -4.4474e-05 -3.9823e-05 -3.4883e-05 -2.9802e-05 -2.4746e-05 -1.9890e-05 -1.5404e-05 -1.1432e-05 -8.0779e-06 -5.3948e-06 -3.3756e-06 -1.9586e-06 -1.0411e-06 -4.9973e-07 -2.1292e-07 -7.8899e-08 -2.4810e-08 -6.4280e-09 -1.3240e-09 -2.0757e-10 -2.3492e-11 -1.7982e-12 -8.5889e-14 -2.3162e-15 -3.1119e-17 -1.7791e-19 -3.5434e-22 -1.9036e-25 -1.9828e-29 -2.6055e-34 -2.4544e-40 -7.8201e-48 -3.0688e-57 -3.7478e-69 -2.1310e-84 -3.9324e-104 -5.2818e-130 -2.0770e-164 -6.7060e-211 -7.2271e-275 0.0000e+00 0.0000e+00 0.0000e+00 0.0000e+00 0.0000e+00 0.0000e+00 0.0000e+00 0.0000e+00 0.0000e+00 0.0000e+00 0.0000e+00 0.0000e+00 0.0000e+00 0.0000e+00 2.7435e-07 7.7655e-07 1.4283e-06 2.2027e-06 3.0850e-06 4.0659e-06 5.1391e-06 6.3004e-06 7.5469e-06 8.8764e-06 0.0000e+00 1.1779e-05 1.3350e-05 1.5000e-05 1.6729e-05 1.8535e-05 2.0418e-05 2.2375e-05 2.4405e-05 2.6505e-05 2.8671e-05 3.0898e-05 3.3181e-05 3.5510e-05 3.7877e-05 4.0270e-05 4.2673e-05 4.5071e-05 4.7442e-05 4.9764e-05 5.2008e-05 5.4143e-05 5.6134e-05 5.7941e-05 5.9521e-05 6.0825e-05 6.1805e-05 6.2407e-05 6.2579e-05 6.2272e-05 6.1438e-05 6.0038e-05 5.8047e-05 5.5453e-05 5.2265e-05 4.8516e-05 4.4269e-05 3.9616e-05 3.4678e-05 2.9603e-05 2.4559e-05 1.9721e-05 1.5255e-05 1.1307e-05 7.9780e-06 5.3193e-06 3.3220e-06 1.9234e-06 1.0198e-06 4.8814e-07 2.0731e-07 7.6533e-08 2.3963e-08 6.1776e-09 1.2651e-09 1.9702e-10 2.2125e-11 1.6782e-12 7.9311e-14 2.1123e-15 2.7964e-17 1.5711e-19 3.0652e-22 1.6066e-25 1.6250e-29 2.0612e-34 1.8609e-40 5.6325e-48 2.0770e-57 2.3515e-69 1.2189e-84 2.0082e-104 2.3452e-130 7.7525e-165 2.0131e-211 1.6426e-275 0.0000e+00 0.0000e+00 0.0000e+00 0.0000e+00 0.0000e+00 0.0000e+00 0.0000e+00 0.0000e+00 0.0000e+00 0.0000e+00 0.0000e+00 0.0000e+00 0.0000e+00 0.0000e+00
-3.1413e-07 -8.8914e-07 -1.6354e-06 -2.5221e-06 -3.5323e-06 -4.6554e-06 -5.8842e-06 -7.2139e-06 -8.6411e-06 -1.0163e-05 -1.1779e-05 6.4830e-04 -1.5286e-05 -1.7176e-05 -1.9155e-05 -2.1223e-05 -2.3379e-05 -2.5621e-05 -2.7946e-05 -3.0351e-05 -3.2832e-05 -3.5384e-05 -3.7999e-05 -4.0668e-05 -4.3381e-05 -4.6124e-05 -4.8880e-05 -5.1630e-05 -5.4351e-05 -5.7016e-05 -5.9594e-05 -6.2048e-05 -6.4339e-05 -6.6421e-05 -6.8244e-05 -6.9754e-05 -7.0893e-05 -7.1602e-05 -7.1821e-05 -7.1492e-05 -7.0561e-05 -6.8983e-05 -6.6727e-05 -6.3779e-05 -6.0149e-05 -5.5873e-05 -5.1021e-05 -4.5698e-05 -4.0041e-05 -3.4220e-05 -2.8425e-05 -2.2857e-05 -1.7710e-05 -1.3150e-05 -9.2981e-06 -6.2141e-06 -3.8913e-06 -2.2599e-06 -1.2025e-06 -5.7788e-07 -2.4655e-07 -9.1503e-08 -2.8825e-08 -7.4834e-09 -1.5450e-09 -2.4289e-10 -2.7575e-11 -2.1184e-12 -1.0161e-13 -2.7538e-15 -3.7210e-17 -2.1415e-19 -4.2986e-22 -2.3303e-25 -2.4532e-29 -3.2637e-34 -3.1191e-40 -1.0106e-47 -4.0441e-57 -5.0519e-69 -2.9487e-84 -5.6079e-104 -7.7982e-130 -3.1916e-164 -1.0792e-210 -1.2276e-274 0.0000e+00 0.0000e+00 0.0000e+00 0.0000e+00 0.0000e+00 0.0000e+00 0.0000e+00 0.0000e+00 0.0000e+00 0.0000e+00 0.0000e+00 0.0000e+00 0.0000e+00 0.0000e+00 3.1413e-07 8.8914e-07 1.6354e-06 2.5221e-06 3.5323e-06 4.6554e-06 5.8842e-06 7.2139e-06 8.6411e-06 1.0163e-05 1.1779e-05 0.0000e+00 1.5286e-05 1.7175e-05 1.9154e-05 2.1222e-05 2.3378e-05 2.5619e-05 2.7943e-05 3.0348e-05 3.2828e-05 3.5378e-05 3.7991e-05 4.0659e-05 4.3369e-05 4.6108e-05 4.8860e-05 5.1605e-05 5.4321e-05 5.6979e-05 5.9548e-05 6.1993e-05 6.4273e-05 6.6342e-05 6.8151e-05 6.9644e-05 7.0766e-05 7.1455e-05 7.1653e-05 7.1300e-05 7.0345e-05 6.8743e-05 6.6463e-05 6.3493e-05 5.9843e-05 5.5551e-05 5.0688e-05 4.5360e-05 3.9706e-05 3.3895e-05 2.8120e-05 2.2580e-05 1.7467e-05 1.2946e-05 9.1346e-06 6.0905e-06 3.8037e-06 2.2022e-06 1.1677e-06 5.5891e-07 2.3736e-07 8.7628e-08 2.7437e-08 7.0732e-09 1.4485e-09 2.2558e-10 2.5332e-11 1.9215e-12 9.0804e-14 2.4183e-15 3.2014e-17 1.7986e-19 3.5087e-22 1.8389e-25 1.8596e-29 2.3584e-34 2.1286e-40 6.4394e-48 2.3728e-57 2.6833e-69 1.3884e-84 2.2802e-104 2.6489e-130 8.6744e-165 2.2125e-211 1.7394e-275 0.0000e+00 0.0000e+00 0.0000e+00 0.0000e+00 0.0000e+00 0.0000e+00 0.0000e+00 0.0000e+00 0.0000e+00 0.0000e+00 0.0000e+00 0.0000e+00 0.0000e+00 0.0000e+00
-3.5603e-07 -1.0077e-06 -1.8536e-06 -2.8585e-06 -4.0035e-06 -5.2764e-06 -6.6691e-06 -8.1762e-06 -9.7938e-06 -1.1519e-05 -1.3350e-05 -1.5286e-05 9.0030e-04 -1.9467e-05 -2.1710e-05 -2.4055e-05 -2.6498e-05 -2.9039e-05 -3.1675e-05 -3.4401e-05 -3.7214e-05 -4.0106e-05 -4.3071e-05 -4.6097e-05 -4.9173e-05 -5.2283e-05 -5.5409e-05 -5.8528e-05 -6.1615e-05 -6.4638e-05 -6.7563e-05 -7.0349e-05 -7.2950e-05 -7.5316e-05 -7.7388e-05 -7.9106e-05 -8.0406e-05 -8.1219e-05 -8.1476e-05 -8.1113e-05 -8.0068e-05 -7.8291e-05 -7.5744e-05 -7.2413e-05 -6.8307e-05 -6.3468e-05 -5.7975e-05 -5.1943e-05 -4.5531e-05 -3.8928e-05 -3.2351e-05 -2.6029e-05 -2.0180e-05 -1.4995e-05 -1.0611e-05 -7.0977e-06 -4.4492e-06 -2.5869e-06 -1.3783e-06 -6.6338e-07 -2.8352e-07 -1.0543e-07 -3.3288e-08 -8.6645e-09 -1.7942e-09 -2.8303e-10 -3.2260e-11 -2.4896e-12 -1.2004e-13 -3.2731e-15 -4.4537e-17 -2.5840e-19 -5.2355e-22 -2.8691e-25 -3.0582e-29 -4.1275e-34 -4.0103e-40 -1.3242e-47 -5.4153e-57 -6.9342e-69 -4.1630e-84 -8.1754e-104 -1.1792e-129 -5.0328e-164 -1.7864e-210 -2.1510e-274 0.0000e+00 0.0000e+00 0.0000e+00 0.0000e+00 0.0000e+00 0.0000e+00 0.0000e+00 0.0000e+00 0.0000e+00 0.0000e+00 0.0000e+00 0.0000e+00 0.0000e+00 0.0000e+00 3.5603e-07 1.0077e-06 1.8536e-06 2.8585e-06 4.0035e-06 5.2764e-06 6.6691e-06 8.1762e-06 9.7937e-06 1.1519e-05 1.3350e-05 1.5286e-05 0.0000e+00 1.9466e-05 2.1710e-05 2.4053e-05 2.6496e-05 2.9036e-05 3.1671e-05 3.4396e-05 3.7207e-05 4.0097e-05 4.3059e-05 4.6082e-05 4.9154e-05 5.2258e-05 5.5378e-05 5.8489e-05 6.1567e-05 6.4579e-05 6.7492e-05 7.0263e-05 7.2847e-05 7.5192e-05 7.7241e-05 7.8934e-05 8.0205e-05 8.0987e-05 8.1210e-05 8.0811e-05 7.9729e-05 7.7913e-05 7.5329e-05 7.1962e-05 6.7825e-05 6.2961e-05 5.7449e-05 5.1410e-05 4.5002e-05 3.8417e-05 3.1871e-05 2.5592e-05 1.9797e-05 1.4673e-05 1.0353e-05 6.9029e-06 4.3110e-06 2.4960e-06 1.3235e-06 6.3345e-07 2.6902e-07 9.9315e-08 3.1096e-08 8.0164e-09 1.6416e-09 2.5566e-10 2.8709e-11 2.1775e-12 1.0290e-13 2.7404e-15 3.6275e-17 2.0378e-19 3.9748e-22 2.0828e-25 2.1058e-29 2.6695e-34 2.4079e-40 7.2779e-48 2.6781e-57 3.0219e-69 1.5579e-84 2.5434e-104 2.9235e-130 9.3861e-165 2.3001e-211 1.6470e-275 0.0000e+00 0.0000e+00 0.0000e+00 0.0000e+00 0.0000e+00 0.0000e+00 0.0000e+00 0.0000e+00 0.0000e+00 0.0000e+00 0.0000e+00 0.0000e+00 0.0000e+00 0.0000e+00
-4.0004e-07 -1.1323e-06 -2.0827e-06 -3.2119e-06 -4.4984e-06 -5.9286e-06 -7.4935e-06 -9.1869e-06 -1.1004e-05 -1.2943e-05 -1.5001e-05 -1.7176e-05 -1.9467e-05 1.2218e-03 -2.4395e-05 -2.7029e-05 -2.9775e-05 -3.2630e-05 -3.5591e-05 -3.8656e-05 -4.1817e-05 -4.5068e-05 -4.8400e-05 -5.1802e-05 -5.5260e-05 -5.8756e-05 -6.2271e-05 -6.5778e-05 -6.9250e-05 -7.2652e-05 -7.5944e-05 -7.9080e-05 -8.2010e-05 -8.4675e-05 -8.7013e-05 -8.8954e-05 -9.0426e-05 -9.1351e-05 -9.1655e-05 -9.1261e-05 -9.0102e-05 -8.8120e-05 -8.5274e-05 -8.1545e-05 -7.6945e-05 -7.1518e-05 -6.5352e-05 -5.8578e-05 -5.1371e-05 -4.3945e-05 -3.6543e-05 -2.9422e-05 -2.2829e-05 -1.6978e-05 -1.2026e-05 -8.0537e-06 -5.0550e-06 -2.9434e-06 -1.5709e-06 -7.5750e-07 -3.2445e-07 -1.2095e-07 -3.8295e-08 -9.9997e-09 -2.0783e-09 -3.2923e-10 -3.7707e-11 -2.9260e-12 -1.4199e-13 -3.8994e-15 -5.3503e-17 -3.1339e-19 -6.4191e-22 -3.5617e-25 -3.8506e-29 -5.2814e-34 -5.2261e-40 -1.7618e-47 -7.3747e-57 -9.6952e-69 -5.9961e-84 -1.2178e-103 -1.8249e-129 -8.1386e-164 -3.0405e-210 -3.8897e-274 0.0000e+00 0.0000e+00 0.0000e+00 0.0000e+00 0.0000e+00 0.0000e+00 0.0000e+00 0.0000e+00 0.0000e+00 0.0000e+00 0.0000e+00 0.0000e+00 0.0000e+00 0.0000e+00 4.0004e-07 1.1323e-06 2.0827e-06 3.2119e-06 4.4984e-06 5.9286e-06 7.4935e-06 9.1869e-06 1.1004e-05 1.2943e-05 1.5000e-05 1.7175e-05 1.9466e-05 0.0000e+00 2.4393e-05 2.7027e-05 2.9771e-05 3.2626e-05 3.5586e-05 3.8648e-05 4.1806e-05 4.5054e-05 4.8382e-05 5.1779e-05 5.5230e-05 5.8718e-05 6.2223e-05 6.5719e-05 6.9177e-05 7.2562e-05 7.5835e-05 7.8948e-05 8.1851e-05 8.4486e-05 8.6789e-05 8.8692e-05 9.0120e-05 9.0998e-05 9.1249e-05 9.0800e-05 8.9584e-05 8.7544e-05 8.4641e-05 8.0858e-05 7.6209e-05 7.0743e-05 6.4551e-05 5.7765e-05 5.0565e-05 4.3165e-05 3.5811e-05 2.8755e-05 2.2244e-05 1.6486e-05 1.1633e-05 7.7561e-06 4.8439e-06 2.8045e-06 1.4870e-06 7.1174e-07 3.0227e-07 1.1159e-07 3.4938e-08 9.0068e-09 1.8444e-09 2.8723e-10 3.2254e-11 2.4463e-12 1.1560e-13 3.0782e-15 4.0742e-17 2.2883e-19 4.4625e-22 2.3376e-25 2.3622e-29 2.9924e-34 2.6963e-40 8.1365e-48 2.9864e-57 3.3560e-69 1.7186e-84 2.7729e-104 3.1198e-130 9.5982e-165 2.1327e-211 1.1230e-275 0.0000e+00 0.0000e+00 0.0000e+00 0.0000e+00 0.0000e+00 0.0000e+00 0.0000e+00 0.0000e+00 0.0000e+00 0.0000e+00 0.0000e+00 0.0000e+00 0.0000e+00 0.0000e+00
-4.4614e-07 -1.2628e-06 -2.3227e-06 -3.5820e-06 -5.0167e-06 -6.6118e-06 -8.3570e-06 -1.0246e-05 -1.2273e-05 -1.4435e-05 -1.6729e-05 -1.9155e-05 -2.1710e-05 -2.4395e-05 1.6255e-03 -3.0144e-05 -3.3207e-05 -3.6391e-05 -3.9695e-05 -4.3113e-05 -4.6639e-05 -5.0266e-05 -5.3984e-05 -5.7780e-05 -6.1638e-05 -6.5541e-05 -6.9464e-05 -7.3380e-05 -7.7257e-05 -8.1057e-05 -8.4735e-05 -8.8242e-05 -9.1519e-05 -9.4502e-05 -9.7122e-05 -9.9302e-05 -1.0096e-04 -1.0201e-04 -1.0237e-04 -1.0195e-04 -1.0068e-04 -9.8487e-05 -9.5335e-05 -9.1196e-05 -8.6083e-05 -8.0045e-05 -7.3179e-05 -6.5629e-05 -5.7589e-05 -4.9298e-05 -4.1026e-05 -3.3059e-05 -2.5676e-05 -1.9116e-05 -1.3558e-05 -9.0923e-06 -5.7160e-06 -3.3344e-06 -1.7832e-06 -8.6187e-07 -3.7013e-07 -1.3839e-07 -4.3968e-08 -1.1526e-08 -2.4061e-09 -3.8308e-10 -4.4127e-11 -3.4467e-12 -1.6849e-13 -4.6667e-15 -6.4647e-17 -3.8280e-19 -7.9378e-22 -4.4659e-25 -4.9043e-29 -6.8457e-34 -6.9088e-40 -2.3809e-47 -1.0215e-56 -1.3805e-68 -8.8069e-84 -1.8525e-103 -2.8895e-129 -1.3496e-163 -5.3235e-210 -7.2669e-274 0.0000e+00 0.0000e+00 0.0000e+00 0.0000e+00 0.0000e+00 0.0000e+00 0.0000e+00 0.0000e+00 0.0000e+00 0.0000e+00 0.0000e+00 0.0000e+00 0.0000e+00 0.0000e+00 4.4614e-07 1.2628e-06 2.3227e-06 3.5820e-06 5.0167e-06 6.6118e-06 8.3570e-06 1.0246e-05 1.2272e-05 1.4434e-05 1.6729e-05 1.9154e-05 2.1710e-05 2.4393e-05 0.0000e+00 3.0141e-05 3.3202e-05 3.6385e-05 3.9686e-05 4.3101e-05 4.6624e-05 5.0246e-05 5.3957e-05 5.7745e-05 6.1594e-05 6.5485e-05 6.9394e-05 7.3293e-05 7.7149e-05 8.0924e-05 8.4573e-05 8.8046e-05 9.1284e-05 9.4222e-05 9.6791e-05 9.8912e-05 1.0050e-04 1.0148e-04 1.0176e-04 1.0126e-04 9.9907e-05 9.7632e-05 9.4394e-05 9.0176e-05 8.4991e-05 7.8895e-05 7.1989e-05 6.4422e-05 5.6392e-05 4.8140e-05 3.9937e-05 3.2069e-05 2.4807e-05 1.8386e-05 1.2973e-05 8.6498e-06 5.4020e-06 3.1276e-06 1.6583e-06 7.9374e-07 3.3709e-07 1.2444e-07 3.8962e-08 1.0044e-08 2.0567e-09 3.2028e-10 3.5963e-11 2.7274e-12 1.2886e-13 3.4310e-15 4.5403e-17 2.5494e-19 4.9697e-22 2.6018e-25 2.6270e-29 3.3238e-34 2.9893e-40 8.9945e-48 3.2863e-57 3.6656e-69 1.8533e-84 2.9225e-104 3.1432e-130 8.7335e-165 1.4138e-211 -3.5871e-276 0.0000e+00 0.0000e+00 0.0000e+00 0.0000e+00 0.0000e+00 0.0000e+00 0.0000e+00 0.0000e+00 0.0000e+00 0.0000e+00 0.0000e+00 0.0000e+00 0.0000e+00 0.0000e+00
-4.9431e-07 -1.3991e-06 -2.5735e-06 -3.9687e-06 -5.5584e-06 -7.3256e-06 -9.2593e-06 -1.1352e-05 -1.3598e-05 -1.5993e-05 -1.8536e-05 -2.1223e-05 -2.4055e-05 -2.7029e-05 -3.0144e-05 2.1260e-03 -3.6793e-05 -4.0323e-05 -4.3984e-05 -4.7772e-05 -5.1680e-05 -5.5700e-05 -5.9821e-05 -6.4030e-05 -6.8308e-05 -7.2636e-05 -7.6987e-05 -8.1332e-05 -8.5635e-05 -8.9853e-05 -9.3939e-05 -9.7835e-05 -1.0148e-04 -1.0480e-04 -1.0772e-04 -1.1016e-04 -1.1201e-04 -1.1320e-04 -1.1362e-04 -1.1319e-04 -1.1181e-04 -1.0941e-04 -1.0595e-04 -1.0139e-04 -9.5750e-05 -8.9081e-05 -8.1487e-05 -7.3128e-05 -6.4217e-05 -5.5017e-05 -4.5828e-05 -3.6969e-05 -2.8746e-05 -2.1431e-05 -1.5223e-05 -1.0226e-05 -6.4414e-06 -3.7658e-06 -2.0189e-06 -9.7854e-07 -4.2157e-07 -1.5819e-07 -5.0464e-08 -1.3290e-08 -2.7888e-09 -4.4665e-10 -5.1794e-11 -4.0761e-12 -2.0097e-13 -5.6197e-15 -7.8692e-17 -4.7164e-19 -9.9132e-22 -5.6622e-25 -6.3237e-29 -8.9939e-34 -9.2677e-40 -3.2685e-47 -1.4389e-56 -2.0013e-68 -1.3186e-83 -2.8773e-103 -4.6811e-129 -2.2964e-163 -9.5992e-210 -1.4050e-273 0.0000e+00 0.0000e+00 0.0000e+00 0.0000e+00 0.0000e+00 0.0000e+00 0.0000e+00 0.0000e+00 0.0000e+00 0.0000e+00 0.0000e+00 0.0000e+00 0.0000e+00 0.0000e+00 4.9431e-07 1.3991e-06 2.5735e-06 3.9687e-06 5.5583e-06 7.3256e-06 9.2593e-06 1.1352e-05 1.3597e-05 1.5993e-05 1.8535e-05 2.1222e-05 2.4053e-05 2.7027e-05 3.0141e-05 0.0000e+00 3.6787e-05 4.0313e-05 4.3971e-05 4.7755e-05 5.1657e-05 5.5670e-05 5.9782e-05 6.3980e-05 6.8244e-05 7.2555e-05 7.6885e-05 8.1205e-05 8.5478e-05 8.9661e-05 9.3704e-05 9.7551e-05 1.0114e-04 1.0439e-04 1.0724e-04 1.0959e-04 1.1136e-04 1.1244e-04 1.1275e-04 1.1220e-04 1.1069e-04 1.0817e-04 1.0459e-04 9.9911e-05 9.4167e-05 8.7413e-05 7.9761e-05 7.1377e-05 6.2480e-05 5.3337e-05 4.4248e-05 3.5531e-05 2.7485e-05 2.0371e-05 1.4374e-05 9.5834e-06 5.9850e-06 3.4651e-06 1.8373e-06 8.7938e-07 3.7345e-07 1.3786e-07 4.3163e-08 1.1126e-08 2.2783e-09 3.5476e-10 3.9831e-11 3.0204e-12 1.4268e-13 3.7980e-15 5.0244e-17 2.8199e-19 5.4934e-22 2.8732e-25 2.8969e-29 3.6576e-34 3.2789e-40 9.8165e-48 3.5575e-57 3.9141e-69 1.9313e-84 2.9050e-104 2.8115e-130 5.6421e-165 -4.7383e-212 -3.9550e-275 0.0000e+00 0.0000e+00 0.0000e+00 0.0000e+00 0.0000e+00 0.0000e+00 0.0000e+00 0.0000e+00 0.0000e+00 0.0000e+00 0.0000e+00 0.0000e+00 0.0000e+00 0.0000e+00
-5.4451e-07 -1.5412e-06 -2.8348e-06 -4.3718e-06 -6.1229e-06 -8.0696e-06 -1.0200e-05 -1.2505e-05 -1.4979e-05 -1.7618e-05 -2.0418e-05 -2.3379e-05 -2.6498e-05 -2.9775e-05 -3.3207e-05 -3.6793e-05 2.7394e-03 -4.4421e-05 -4.8455e-05 -5.2629e-05 -5.6936e-05 -6.1367e-05 -6.5909e-05 -7.0549e-05 -7.5266e-05 -8.0039e-05 -8.4839e-05 -8.9633e-05 -9.4382e-05 -9.9040e-05 -1.0355e-04 -1.0786e-04 -1.1189e-04 -1.1557e-04 -1.1881e-04 -1.2152e-04 -1.2360e-04 -1.2494e-04 -1.2544e-04 -1.2500e-04 -1.2352e-04 -1.2092e-04 -1.1714e-04 -1.1216e-04 -1.0598e-04 -9.8660e-05 -9.0314e-05 -8.1114e-05 -7.1294e-05 -6.1142e-05 -5.0988e-05 -4.1184e-05 -3.2070e-05 -2.3948e-05 -1.7041e-05 -1.1472e-05 -7.2427e-06 -4.2453e-06 -2.2827e-06 -1.1101e-06 -4.8005e-07 -1.8090e-07 -5.7982e-08 -1.5352e-08 -3.2410e-09 -5.2259e-10 -6.1063e-11 -4.8467e-12 -2.4125e-13 -6.8181e-15 -9.6610e-17 -5.8670e-19 -1.2513e-21 -7.2634e-25 -8.2579e-29 -1.1978e-33 -1.2614e-39 -4.5571e-47 -2.0605e-56 -2.9530e-68 -2.0126e-83 -4.5644e-103 -7.7645e-129 -4.0135e-163 -1.7853e-209 -2.8166e-273 0.0000e+00 0.0000e+00 0.0000e+00 0.0000e+00 0.0000e+00 0.0000e+00 0.0000e+00 0.0000e+00 0.0000e+00 0.0000e+00 0.0000e+00 0.0000e+00 0.0000e+00 0.0000e+00 5.4451e-07 1.5412e-06 2.8348e-06 4.3718e-06 6.1229e-06 8.0696e-06 1.0200e-05 1.2505e-05 1.4978e-05 1.7617e-05 2.0418e-05 2.3378e-05 2.6496e-05 2.9771e-05 3.3202e-05 3.6787e-05 0.0000e+00 4.4408e-05 4.8437e-05 5.2605e-05 5.6904e-05 6.1324e-05 6.5854e-05 7.0477e-05 7.5175e-05 7.9923e-05 8.4694e-05 8.9453e-05 9.4159e-05 9.8767e-05 1.0322e-04 1.0746e-04 1.1141e-04 1.1500e-04 1.1813e-04 1.2072e-04 1.2266e-04 1.2386e-04 1.2420e-04 1.2359e-04 1.2194e-04 1.1916e-04 1.1521e-04 1.1006e-04 1.0373e-04 9.6290e-05 8.7861e-05 7.8626e-05 6.8825e-05 5.8753e-05 4.8742e-05 3.9139e-05 3.0276e-05 2.2439e-05 1.5833e-05 1.0556e-05 6.5926e-06 3.8169e-06 2.0238e-06 9.6861e-07 4.1134e-07 1.5184e-07 4.7538e-08 1.2253e-08 2.5088e-09 3.9062e-10 4.3851e-11 3.3245e-12 1.5701e-13 4.1778e-15 5.5238e-17 3.0979e-19 6.0283e-22 3.1480e-25 3.1665e-29 3.9839e-34 3.5519e-40 1.0541e-47 3.7645e-57 4.0368e-69 1.8962e-84 2.5582e-104 1.7736e-130 -1.9811e-165 -4.8302e-211 -1.2258e-274 0.0000e+00 0.0000e+00 0.0000e+00 0.0000e+00 0.0000e+00 0.0000e+00 0.0000e+00 0.0000e+00 0.0000e+00 0.0000e+00 0.0000e+00 0.0000e+00 0.0000e+00 0.0000e+00
