3.5084e-08 -2.0709e-07 -3.8083e-07 -5.8702e-07 -8.2128e-07 -1.0803e-06 -1.3612e-06 -1.6606e-06 -1.9750e-06 -2.2995e-06 -2.6287e-06 -2.9553e-06 -3.2710e-06 -3.5658e-06 -3.8284e-06 -4.0466e-06 -4.2075e-06 -4.2989e-06 -4.3100e-06 -4.2331e-06 -4.0645e-06 -3.8063e-06 -3.4671e-06 -3.0623e-06 -2.6136e-06 -2.1469e-06 -1.6898e-06 -1.2680e-06 -9.0209e-07 -6.0457e-07 -3.7901e-07 -2.2049e-07 -1.1798e-07 -5.7477e-08 -2.5211e-08 -9.8305e-09 -3.3591e-09 -9.8978e-10 -2.4695e-10 -5.1107e-11 -8.5714e-12 -1.1346e-12 -1.1503e-13 -8.6327e-15 -4.6128e-16 -1.6787e-17 -3.9552e-19 -5.6919e-21 -4.6798e-23 -2.0356e-25 -4.2869e-28 -3.9448e-31 -1.4083e-34 -1.6987e-38 -5.8932e-43 -4.8705e-48 -7.6890e-54 -1.7882e-60 -4.5084e-68 -8.5698e-77 -7.9749e-87 -2.1700e-98 -9.3107e-112 -2.9952e-127 -2.9408e-145 -2.9569e-166 -8.0239e-191 -1.1428e-219 -1.1310e-253 -6.3060e-294 0.0000e+00 0.0000e+00 0.0000e+00 0.0000e+00 0.0000e+00 0.0000e+00 0.0000e+00 0.0000e+00 0.0000e+00 0.0000e+00 0.0000e+00 0.0000e+00 0.0000e+00 0.0000e+00 0.0000e+00 0.0000e+00 0.0000e+00 0.0000e+00 0.0000e+00 0.0000e+00 0.0000e+00 0.0000e+00 0.0000e+00 0.0000e+00 0.0000e+00 0.0000e+00 0.0000e+00 0.0000e+00 0.0000e+00 0.0000e+00 0.0000e+00 2.0709e-07 3.8083e-07 5.8702e-07 8.2128e-07 1.0803e-06 1.3612e-06 1.6606e-06 1.9750e-06 2.2995e-06 2.6287e-06 2.9553e-06 3.2710e-06 3.5658e-06 3.8284e-06 4.0465e-06 4.2075e-06 4.2989e-06 4.3100e-06 4.2331e-06 4.0645e-06 3.8063e-06 3.4670e-06 3.0623e-06 2.6136e-06 2.1469e-06 1.6898e-06 1.2680e-06 9.0207e-07 6.0456e-07 3.7900e-07 2.2048e-07 1.1797e-07 5.7475e-08 2.5210e-08 9.8301e-09 3.3590e-09 9.8972e-10 2.4693e-10 5.1103e-11 8.5707e-12 1.1345e-12 1.1502e-13 8.6316e-15 4.6121e-16 1.6785e-17 3.9545e-19 5.6906e-21 4.6787e-23 2.0351e-25 4.2856e-28 3.9434e-31 1.4077e-34 1.6980e-38 5.8902e-43 4.8677e-48 7.6839e-54 1.7868e-60 4.5046e-68 8.5615e-77 7.9661e-87 2.1673e-98 9.2972e-112 2.9903e-127 2.9352e-145 2.9505e-166 8.0038e-191 1.1395e-219 1.1272e-253 6.2815e-294 0.0000e+00 0.0000e+00 0.0000e+00 0.0000e+00 0.0000e+00 0.0000e+00 0.0000e+00 0.0000e+00 0.0000e+00 0.0000e+00 0.0000e+00 0.0000e+00 0.0000e+00 0.0000e+00 0.0000e+00 0.0000e+00 0.0000e+00 0.0000e+00 0.0000e+00 0.0000e+00 0.0000e+00 0.0000e+00 0.0000e+00 0.0000e+00 0.0000e+00 0.0000e+00 0.0000e+00 0.0000e+00 0.0000e+00 0.0000e+00
-2.0709e-07 5.6188e-07 -1.0779e-06 -1.6615e-06 -2.3245e-06 -3.0577e-06 -3.8526e-06 -4.7002e-06 -5.5898e-06 -6.5085e-06 -7.4401e-06 -8.3647e-06 -9.2583e-06 -1.0093e-05 -1.0836e-05 -1.1453e-05 -1.1909e-05 -1.2168e-05 -1.2199e-05 -1.1982e-05 -1.1505e-05 -1.0774e-05 -9.8139e-06 -8.6683e-06 -7.3983e-06 -6.0774e-06 -4.7836e-06 -3.5897e-06 -2.5538e-06 -1.7116e-06 -1.0731e-06 -6.2430e-07 -3.3406e-07 -1.6276e-07 -7.1399e-08 -2.7843e-08 -9.5149e-09 -2.8039e-09 -6.9966e-10 -1.4482e-10 -2.4292e-11 -3.2161e-12 -3.2613e-13 -2.4481e-14 -1.3085e-15 -4.7634e-17 -1.1226e-18 -1.6162e-20 -1.3294e-22 -5.7853e-25 -1.2190e-27 -1.1224e-30 -4.0099e-34 -4.8408e-38 -1.6809e-42 -1.3906e-47 -2.1979e-53 -5.1183e-60 -1.2924e-67 -2.4610e-76 -2.2948e-86 -6.2587e-98 -2.6925e-111 -8.6885e-127 -8.5612e-145 -8.6440e-166 -2.3570e-190 -3.3762e-219 -3.3636e-253 -1.8901e-293 0.0000e+00 0.0000e+00 0.0000e+00 0.0000e+00 0.0000e+00 0.0000e+00 0.0000e+00 0.0000e+00 0.0000e+00 0.0000e+00 0.0000e+00 0.0000e+00 0.0000e+00 0.0000e+00 0.0000e+00 0.0000e+00 0.0000e+00 0.0000e+00 0.0000e+00 0.0000e+00 0.0000e+00 0.0000e+00 0.0000e+00 0.0000e+00 0.0000e+00 0.0000e+00 0.0000e+00 0.0000e+00 0.0000e+00 0.0000e+00 2.0709e-07 0.0000e+00 1.0779e-06 1.6615e-06 2.3245e-06 3.0577e-06 3.8526e-06 4.7002e-06 5.5898e-06 6.5085e-06 7.4401e-06 8.3646e-06 9.2582e-06 1.0093e-05 1.0836e-05 1.1453e-05 1.1909e-05 1.2167e-05 1.2199e-05 1.1981e-05 1.1504e-05 1.0773e-05 9.8130e-06 8.6674e-06 7.3974e-06 6.0765e-06 4.7827e-06 3.5889e-06 2.5532e-06 1.7111e-06 1.0727e-06 6.2405e-07 3.3390e-07 1.6267e-07 7.1354e-08 2.7823e-08 9.5070e-09 2.8013e-09 6.9890e-10 1.4464e-10 2.4258e-11 3.2110e-12 3.2554e-13 2.4430e-14 1.3054e-15 4.7507e-17 1.1193e-18 1.6107e-20 1.3242e-22 5.7599e-25 1.2130e-27 1.1161e-30 3.9844e-34 4.8059e-38 1.6671e-42 1.3777e-47 2.1748e-53 5.0574e-60 1.2750e-67 2.4232e-76 2.2547e-86 6.1342e-98 2.6314e-111 8.4635e-127 8.3077e-145 8.3508e-166 2.2653e-190 3.2252e-219 3.1904e-253 1.7778e-293 0.0000e+00 0.0000e+00 0.0000e+00 0.0000e+00 0.0000e+00 0.0000e+00 0.0000e+00 0.0000e+00 0.0000e+00 0.0000e+00 0.0000e+00 0.0000e+00 0.0000e+00 0.0000e+00 0.0000e+00 0.0000e+00 0.0000e+00 0.0000e+00 0.0000e+00 0.0000e+00 0.0000e+00 0.0000e+00 0.0000e+00 0.0000e+00 0.0000e+00 0.0000e+00 0.0000e+00 0.0000e+00 0.0000e+00 0.0000e+00
-3.8083e-07 -1.0779e-06 2.8491e-06 -3.0554e-06 -4.2748e-06 -5.6231e-06 -7.0850e-06 -8.6437e-06 -1.0280e-05 -1.1969e-05 -1.3683e-05 -1.5383e-05 -1.7026e-05 -1.8561e-05 -1.9928e-05 -2.1064e-05 -2.1903e-05 -2.2379e-05 -2.2438e-05 -2.2039e-05 -2.1162e-05 -1.9819e-05 -1.8054e-05 -1.5948e-05 -1.3613e-05 -1.1183e-05 -8.8037e-06 -6.6074e-06 -4.7014e-06 -3.1515e-06 -1.9762e-06 -1.1500e-06 -6.1552e-07 -2.9999e-07 -1.3164e-07 -5.1353e-08 -1.7557e-08 -5.1763e-09 -1.2924e-09 -2.6767e-10 -4.4930e-11 -5.9531e-12 -6.0421e-13 -4.5401e-14 -2.4293e-15 -8.8551e-17 -2.0900e-18 -3.0137e-20 -2.4834e-22 -1.0830e-24 -2.2873e-27 -2.1116e-30 -7.5662e-34 -9.1647e-38 -3.1945e-42 -2.6543e-47 -4.2158e-53 -9.8727e-60 -2.5089e-67 -4.8121e-76 -4.5243e-86 -1.2457e-97 -5.4170e-111 -1.7698e-126 -1.7687e-144 -1.8151e-165 -5.0428e-190 -7.3803e-219 -7.5371e-253 -4.3578e-293 0.0000e+00 0.0000e+00 0.0000e+00 0.0000e+00 0.0000e+00 0.0000e+00 0.0000e+00 0.0000e+00 0.0000e+00 0.0000e+00 0.0000e+00 0.0000e+00 0.0000e+00 0.0000e+00 0.0000e+00 0.0000e+00 0.0000e+00 0.0000e+00 0.0000e+00 0.0000e+00 0.0000e+00 0.0000e+00 0.0000e+00 0.0000e+00 0.0000e+00 0.0000e+00 0.0000e+00 0.0000e+00 0.0000e+00 0.0000e+00 3.8083e-07 1.0779e-06 0.0000e+00 3.0554e-06 4.2748e-06 5.6231e-06 7.0849e-06 8.6436e-06 1.0280e-05 1.1969e-05 1.3682e-05 1.5383e-05 1.7026e-05 1.8560e-05 1.9927e-05 2.1062e-05 2.1900e-05 2.2376e-05 2.2434e-05 2.2033e-05 2.1156e-05 1.9812e-05 1.8046e-05 1.5939e-05 1.3604e-05 1.1175e-05 8.7954e-06 6.6000e-06 4.6953e-06 3.1467e-06 1.9727e-06 1.1476e-06 6.1404e-07 2.9916e-07 1.3122e-07 5.1166e-08 1.7483e-08 5.1515e-09 1.2853e-09 2.6599e-10 4.4610e-11 5.9049e-12 5.9866e-13 4.4927e-14 2.4006e-15 8.7364e-17 2.0583e-18 2.9620e-20 2.4352e-22 1.0592e-24 2.2306e-27 2.0525e-30 7.3272e-34 8.8378e-38 3.0658e-42 2.5336e-47 3.9993e-53 9.3001e-60 2.3445e-67 4.4560e-76 4.1460e-86 1.1280e-97 4.8385e-111 1.5561e-126 1.5274e-144 1.5352e-165 4.1641e-190 5.9278e-219 5.8627e-253 3.2660e-293 0.0000e+00 0.0000e+00 0.0000e+00 0.0000e+00 0.0000e+00 0.0000e+00 0.0000e+00 0.0000e+00 0.0000e+00 0.0000e+00 0.0000e+00 0.0000e+00 0.0000e+00 0.0000e+00 0.0000e+00 0.0000e+00 0.0000e+00 0.0000e+00 0.0000e+00 0.0000e+00 0.0000e+00 0.0000e+00 0.0000e+00 0.0000e+00 0.0000e+00 0.0000e+00 0.0000e+00 0.0000e+00 0.0000e+00 0.0000e+00
-5.8702e-07 -1.6615e-06 -3.0554e-06 9.0248e-06 -6.5892e-06 -8.6676e-06 -1.0921e-05 -1.3324e-05 -1.5846e-05 -1.8450e-05 -2.1091e-05 -2.3713e-05 -2.6247e-05 -2.8614e-05 -3.0723e-05 -3.2476e-05 -3.3770e-05 -3.4508e-05 -3.4602e-05 -3.3990e-05 -3.2642e-05 -3.0575e-05 -2.7857e-05 -2.4613e-05 -2.1013e-05 -1.7268e-05 -1.3598e-05 -1.0209e-05 -7.2674e-06 -4.8740e-06 -3.0579e-06 -1.7806e-06 -9.5369e-07 -4.6518e-07 -2.0431e-07 -7.9785e-08 -2.7309e-08 -8.0621e-09 -2.0158e-09 -4.1819e-10 -7.0328e-11 -9.3379e-12 -9.5000e-13 -7.1573e-14 -3.8412e-15 -1.4048e-16 -3.3283e-18 -4.8196e-20 -3.9905e-22 -1.7495e-24 -3.7172e-27 -3.4549e-30 -1.2474e-33 -1.5238e-37 -5.3626e-42 -4.5039e-47 -7.2406e-53 -1.7188e-59 -4.4348e-67 -8.6530e-76 -8.2932e-86 -2.3331e-97 -1.0394e-110 -3.4887e-126 -3.5937e-144 -3.8146e-165 -1.1005e-189 -1.6796e-218 -1.7971e-252 -1.0942e-292 0.0000e+00 0.0000e+00 0.0000e+00 0.0000e+00 0.0000e+00 0.0000e+00 0.0000e+00 0.0000e+00 0.0000e+00 0.0000e+00 0.0000e+00 0.0000e+00 0.0000e+00 0.0000e+00 0.0000e+00 0.0000e+00 0.0000e+00 0.0000e+00 0.0000e+00 0.0000e+00 0.0000e+00 0.0000e+00 0.0000e+00 0.0000e+00 0.0000e+00 0.0000e+00 0.0000e+00 0.0000e+00 0.0000e+00 0.0000e+00 5.8702e-07 1.6615e-06 3.0554e-06 0.0000e+00 6.5892e-06 8.6676e-06 1.0921e-05 1.3323e-05 1.5845e-05 1.8449e-05 2.1090e-05 2.3711e-05 2.6244e-05 2.8609e-05 3.0716e-05 3.2466e-05 3.3757e-05 3.4490e-05 3.4580e-05 3.3962e-05 3.2610e-05 3.0538e-05 2.7816e-05 2.4569e-05 2.0969e-05 1.7225e-05 1.3557e-05 1.0173e-05 7.2374e-06 4.8504e-06 3.0407e-06 1.7690e-06 9.4650e-07 4.6113e-07 2.0226e-07 7.8867e-08 2.6949e-08 7.9406e-09 1.9811e-09 4.1001e-10 6.8763e-11 9.1019e-12 9.2278e-13 6.9251e-14 3.7003e-15 1.3466e-16 3.1726e-18 4.5655e-20 3.7536e-22 1.6327e-24 3.4381e-27 3.1635e-30 1.1293e-33 1.3621e-37 4.7249e-42 3.9044e-47 6.1630e-53 1.4330e-59 3.6122e-67 6.8644e-76 6.3858e-86 1.7369e-97 7.4483e-111 2.3945e-126 2.3489e-144 2.3592e-165 6.3923e-190 9.0868e-219 8.9695e-253 4.9832e-293 0.0000e+00 0.0000e+00 0.0000e+00 0.0000e+00 0.0000e+00 0.0000e+00 0.0000e+00 0.0000e+00 0.0000e+00 0.0000e+00 0.0000e+00 0.0000e+00 0.0000e+00 0.0000e+00 0.0000e+00 0.0000e+00 0.0000e+00 0.0000e+00 0.0000e+00 0.0000e+00 0.0000e+00 0.0000e+00 0.0000e+00 0.0000e+00 0.0000e+00 0.0000e+00 0.0000e+00 0.0000e+00 0.0000e+00 0.0000e+00
-8.2128e-07 -2.3245e-06 -4.2748e-06 -6.5892e-06 2.2097e-05 -1.2127e-05 -1.5279e-05 -1.8641e-05 -2.2170e-05 -2.5815e-05 -2.9511e-05 -3.3181e-05 -3.6729e-05 -4.0044e-05 -4.2999e-05 -4.5457e-05 -4.7275e-05 -4.8315e-05 -4.8456e-05 -4.7609e-05 -4.5734e-05 -4.2851e-05 -3.9057e-05 -3.4523e-05 -2.9489e-05 -2.4248e-05 -1.9107e-05 -1.4356e-05 -1.0228e-05 -6.8667e-06 -4.3131e-06 -2.5147e-06 -1.3489e-06 -6.5905e-07 -2.9001e-07 -1.1349e-07 -3.8940e-08 -1.1527e-08 -2.8909e-09 -6.0180e-10 -1.0159e-10 -1.3547e-11 -1.3849e-12 -1.0490e-13 -5.6637e-15 -2.0853e-16 -4.9776e-18 -7.2683e-20 -6.0742e-22 -2.6908e-24 -5.7833e-27 -5.4443e-30 -1.9937e-33 -2.4740e-37 -8.8589e-42 -7.5844e-47 -1.2453e-52 -3.0258e-59 -8.0095e-67 -1.6072e-75 -1.5884e-85 -4.6208e-97 -2.1351e-110 -7.4572e-126 -8.0200e-144 -8.9201e-165 -2.7067e-189 -4.3629e-218 -4.9521e-252 -3.2138e-292 0.0000e+00 0.0000e+00 0.0000e+00 0.0000e+00 0.0000e+00 0.0000e+00 0.0000e+00 0.0000e+00 0.0000e+00 0.0000e+00 0.0000e+00 0.0000e+00 0.0000e+00 0.0000e+00 0.0000e+00 0.0000e+00 0.0000e+00 0.0000e+00 0.0000e+00 0.0000e+00 0.0000e+00 0.0000e+00 0.0000e+00 0.0000e+00 0.0000e+00 0.0000e+00 0.0000e+00 0.0000e+00 0.0000e+00 0.0000e+00 8.2128e-07 2.3245e-06 4.2748e-06 6.5892e-06 0.0000e+00 1.2127e-05 1.5279e-05 1.8640e-05 2.2169e-05 2.5812e-05 2.9506e-05 3.3173e-05 3.6717e-05 4.0026e-05 4.2974e-05 4.5422e-05 4.7228e-05 4.8254e-05 4.8379e-05 4.7516e-05 4.5623e-05 4.2725e-05 3.8917e-05 3.4374e-05 2.9337e-05 2.4099e-05 1.8968e-05 1.4233e-05 1.0126e-05 6.7861e-06 4.2542e-06 2.4749e-06 1.3242e-06 6.4514e-07 2.8298e-07 1.1034e-07 3.7703e-08 1.1109e-08 2.7717e-09 5.7361e-10 9.6201e-11 1.2734e-11 1.2910e-12 9.6881e-14 5.1765e-15 1.8838e-16 4.4382e-18 6.3864e-20 5.2504e-22 2.2836e-24 4.8085e-27 4.4241e-30 1.5791e-33 1.9043e-37 6.6043e-42 5.4560e-47 8.6091e-53 2.0009e-59 5.0405e-67 9.5712e-76 8.8944e-86 2.4159e-97 1.0341e-110 3.3159e-126 3.2418e-144 3.2407e-165 8.7241e-190 1.2289e-218 1.1974e-252 6.5288e-293 0.0000e+00 0.0000e+00 0.0000e+00 0.0000e+00 0.0000e+00 0.0000e+00 0.0000e+00 0.0000e+00 0.0000e+00 0.0000e+00 0.0000e+00 0.0000e+00 0.0000e+00 0.0000e+00 0.0000e+00 0.0000e+00 0.0000e+00 0.0000e+00 0.0000e+00 0.0000e+00 0.0000e+00 0.0000e+00 0.0000e+00 0.0000e+00 0.0000e+00 0.0000e+00 0.0000e+00 0.0000e+00 0.0000e+00 0.0000e+00
-1.0803e-06 -3.0577e-06 -5.6231e-06 -8.6676e-06 -1.2127e-05 4.5981e-05 -2.0099e-05 -2.4522e-05 -2.9165e-05 -3.3962e-05 -3.8827e-05 -4.3658e-05 -4.8331e-05 -5.2699e-05 -5.6598e-05 -5.9845e-05 -6.2253e-05 -6.3641e-05 -6.3849e-05 -6.2760e-05 -6.0317e-05 -5.6548e-05 -5.1576e-05 -4.5624e-05 -3.9008e-05 -3.2108e-05 -2.5332e-05 -1.9060e-05 -1.3601e-05 -9.1478e-06 -5.7578e-06 -3.3649e-06 -1.8097e-06 -8.8684e-07 -3.9157e-07 -1.5382e-07 -5.3000e-08 -1.5764e-08 -3.9746e-09 -8.3231e-10 -1.4144e-10 -1.9000e-11 -1.9583e-12 -1.4968e-13 -8.1632e-15 -3.0391e-16 -7.3435e-18 -1.0868e-19 -9.2181e-22 -4.1502e-24 -9.0796e-27 -8.7143e-30 -3.2590e-33 -4.1379e-37 -1.5188e-41 -1.3356e-46 -2.2573e-52 -5.6574e-59 -1.5483e-66 -3.2197e-75 -3.3059e-85 -1.0017e-96 -4.8345e-110 -1.7687e-125 -1.9989e-143 -2.3442e-164 -7.5289e-189 -1.2899e-217 -1.5637e-251 -1.0897e-291 0.0000e+00 0.0000e+00 0.0000e+00 0.0000e+00 0.0000e+00 0.0000e+00 0.0000e+00 0.0000e+00 0.0000e+00 0.0000e+00 0.0000e+00 0.0000e+00 0.0000e+00 0.0000e+00 0.0000e+00 0.0000e+00 0.0000e+00 0.0000e+00 0.0000e+00 0.0000e+00 0.0000e+00 0.0000e+00 0.0000e+00 0.0000e+00 0.0000e+00 0.0000e+00 0.0000e+00 0.0000e+00 0.0000e+00 0.0000e+00 1.0803e-06 3.0577e-06 5.6231e-06 8.6676e-06 1.2127e-05 0.0000e+00 2.0098e-05 2.4520e-05 2.9161e-05 3.3954e-05 3.8813e-05 4.3637e-05 4.8298e-05 5.2651e-05 5.6528e-05 5.9749e-05 6.2125e-05 6.3475e-05 6.3639e-05 6.2503e-05 6.0014e-05 5.6201e-05 5.1192e-05 4.5216e-05 3.8591e-05 3.1700e-05 2.4950e-05 1.8723e-05 1.3319e-05 8.9265e-06 5.5960e-06 3.2555e-06 1.7419e-06 8.4862e-07 3.7223e-07 1.4514e-07 4.9594e-08 1.4613e-08 3.6457e-09 7.5448e-10 1.2653e-10 1.6748e-11 1.6979e-12 1.2741e-13 6.8073e-15 2.4771e-16 5.8351e-18 8.3954e-20 6.9008e-22 3.0007e-24 6.3165e-27 5.8092e-30 2.0724e-33 2.4976e-37 8.6543e-42 7.1415e-47 1.1252e-52 2.6099e-59 6.5579e-67 1.2409e-75 1.1478e-85 3.0981e-97 1.3147e-110 4.1660e-126 4.0053e-144 3.9091e-165 1.0160e-189 1.3569e-218 1.2150e-252 5.7346e-293 0.0000e+00 0.0000e+00 0.0000e+00 0.0000e+00 0.0000e+00 0.0000e+00 0.0000e+00 0.0000e+00 0.0000e+00 0.0000e+00 0.0000e+00 0.0000e+00 0.0000e+00 0.0000e+00 0.0000e+00 0.0000e+00 0.0000e+00 0.0000e+00 0.0000e+00 0.0000e+00 0.0000e+00 0.0000e+00 0.0000e+00 0.0000e+00 0.0000e+00 0.0000e+00 0.0000e+00 0.0000e+00 0.0000e+00 0.0000e+00
-1.3612e-06 -3.8526e-06 -7.0850e-06 -1.0921e-05 -1.5279e-05 -2.0099e-05 8.5536e-05 -3.0900e-05 -3.6752e-05 -4.2799e-05 -4.8935e-05 -5.5031e-05 -6.0931e-05 -6.6452e-05 -7.1386e-05 -7.5506e-05 -7.8575e-05 -8.0366e-05 -8.0675e-05 -7.9353e-05 -7.6326e-05 -7.1626e-05 -6.5401e-05 -5.7929e-05 -4.9603e-05 -4.0900e-05 -3.2332e-05 -2.4383e-05 -1.7445e-05 -1.1767e-05 -7.4313e-06 -4.3594e-06 -2.3545e-06 -1.1593e-06 -5.1462e-07 -2.0337e-07 -7.0542e-08 -2.1137e-08 -5.3732e-09 -1.1354e-09 -1.9490e-10 -2.6471e-11 -2.7615e-12 -2.1389e-13 -1.1835e-14 -4.4760e-16 -1.1002e-17 -1.6587e-19 -1.4352e-21 -6.6020e-24 -1.4780e-26 -1.4540e-29 -5.5831e-33 -7.2904e-37 -2.7570e-41 -2.5024e-46 -4.3734e-52 -1.1357e-58 -3.2271e-66 -6.9832e-75 -7.4785e-85 -2.3697e-96 -1.1994e-109 -4.6165e-125 -5.5086e-143 -6.8488e-164 -2.3427e-188 -4.2977e-217 -5.6124e-251 -4.2435e-291 0.0000e+00 0.0000e+00 0.0000e+00 0.0000e+00 0.0000e+00 0.0000e+00 0.0000e+00 0.0000e+00 0.0000e+00 0.0000e+00 0.0000e+00 0.0000e+00 0.0000e+00 0.0000e+00 0.0000e+00 0.0000e+00 0.0000e+00 0.0000e+00 0.0000e+00 0.0000e+00 0.0000e+00 0.0000e+00 0.0000e+00 0.0000e+00 0.0000e+00 0.0000e+00 0.0000e+00 0.0000e+00 0.0000e+00 0.0000e+00 1.3612e-06 3.8526e-06 7.0849e-06 1.0921e-05 1.5279e-05 2.0098e-05 0.0000e+00 3.0894e-05 3.6742e-05 4.2780e-05 4.8904e-05 5.4981e-05 6.0854e-05 6.6338e-05 7.1224e-05 7.5282e-05 7.8275e-05 7.9976e-05 8.0183e-05 7.8752e-05 7.5615e-05 7.0811e-05 6.4500e-05 5.6970e-05 4.8623e-05 3.9940e-05 3.1436e-05 2.3590e-05 1.6782e-05 1.1247e-05 7.0506e-06 4.1017e-06 2.1946e-06 1.0692e-06 4.6896e-07 1.8285e-07 6.2479e-08 1.8409e-08 4.5926e-09 9.5037e-10 1.5937e-10 2.1092e-11 2.1380e-12 1.6041e-13 8.5685e-15 3.1171e-16 7.3400e-18 1.0556e-19 8.6711e-22 3.7675e-24 7.9224e-27 7.2764e-30 2.5913e-33 3.1157e-37 1.0764e-41 8.8469e-47 1.3865e-52 3.1933e-59 7.9464e-67 1.4839e-75 1.3475e-85 3.5435e-97 1.4478e-110 4.3344e-126 3.8110e-144 3.1968e-165 6.1906e-190 3.6283e-219 -4.0893e-253 -8.8292e-293 0.0000e+00 0.0000e+00 0.0000e+00 0.0000e+00 0.0000e+00 0.0000e+00 0.0000e+00 0.0000e+00 0.0000e+00 0.0000e+00 0.0000e+00 0.0000e+00 0.0000e+00 0.0000e+00 0.0000e+00 0.0000e+00 0.0000e+00 0.0000e+00 0.0000e+00 0.0000e+00 0.0000e+00 0.0000e+00 0.0000e+00 0.0000e+00 0.0000e+00 0.0000e+00 0.0000e+00 0.0000e+00 0.0000e+00 0.0000e+00
-1.6606e-06 -4.7002e-06 -8.6437e-06 -1.3324e-05 -1.8641e-05 -2.4522e-05 -3.0900e-05 1.4661e-04 -4.4847e-05 -5.2230e-05 -5.9727e-05 -6.7181e-05 -7.4402e-05 -8.1170e-05 -8.7232e-05 -9.2312e-05 -9.6123e-05 -9.8386e-05 -9.8853e-05 -9.7335e-05 -9.3739e-05 -8.8095e-05 -8.0576e-05 -7.1513e-05 -6.1375e-05 -5.0739e-05 -4.0231e-05 -3.0444e-05 -2.1867e-05 -1.4815e-05 -9.4026e-06 -5.5465e-06 -3.0145e-06 -1.4946e-06 -6.6861e-07 -2.6649e-07 -9.3315e-08 -2.8253e-08 -7.2646e-09 -1.5544e-09 -2.7045e-10 -3.7278e-11 -3.9513e-12 -3.1136e-13 -1.7548e-14 -6.7694e-16 -1.6993e-17 -2.6201e-19 -2.3217e-21 -1.0953e-23 -2.5182e-26 -2.5479e-29 -1.0077e-32 -1.3574e-36 -5.3041e-41 -4.9829e-46 -9.0306e-52 -2.4367e-58 -7.2102e-66 -1.6287e-74 -1.8258e-84 -6.0747e-96 -3.2396e-109 -1.3190e-124 -1.6724e-142 -2.2207e-163 -8.1598e-188 -1.6186e-216 -2.3027e-250 -1.9130e-290 0.0000e+00 0.0000e+00 0.0000e+00 0.0000e+00 0.0000e+00 0.0000e+00 0.0000e+00 0.0000e+00 0.0000e+00 0.0000e+00 0.0000e+00 0.0000e+00 0.0000e+00 0.0000e+00 0.0000e+00 0.0000e+00 0.0000e+00 0.0000e+00 0.0000e+00 0.0000e+00 0.0000e+00 0.0000e+00 0.0000e+00 0.0000e+00 0.0000e+00 0.0000e+00 0.0000e+00 0.0000e+00 0.0000e+00 0.0000e+00 1.6606e-06 4.7002e-06 8.6436e-06 1.3323e-05 1.8640e-05 2.4520e-05 3.0894e-05 0.0000e+00 4.4825e-05 5.2192e-05 5.9662e-05 6.7076e-05 7.4242e-05 8.0933e-05 8.6893e-05 9.1843e-05 9.5495e-05 9.7570e-05 9.7823e-05 9.6077e-05 9.2250e-05 8.6389e-05 7.8690e-05 6.9503e-05 5.9319e-05 4.8727e-05 3.8352e-05 2.8779e-05 2.0473e-05 1.3721e-05 8.6012e-06 5.0037e-06 2.6771e-06 1.3042e-06 5.7203e-07 2.2303e-07 7.6199e-08 2.2449e-08 5.5997e-09 1.1586e-09 1.9424e-10 2.5700e-11 2.6041e-12 1.9529e-13 1.0425e-14 3.7893e-16 8.9137e-18 1.2801e-19 1.0497e-21 4.5503e-24 9.5396e-27 8.7267e-30 3.0914e-33 3.6908e-37 1.2630e-41 1.0247e-46 1.5776e-52 3.5438e-59 8.5085e-67 1.5069e-75 1.2609e-85 2.8961e-97 9.1940e-111 1.4736e-126 -6.6614e-145 -3.8064e-165 -2.3154e-189 -6.1154e-218 -1.0470e-251 -9.8609e-292 0.0000e+00 0.0000e+00 0.0000e+00 0.0000e+00 0.0000e+00 0.0000e+00 0.0000e+00 0.0000e+00 0.0000e+00 0.0000e+00 0.0000e+00 0.0000e+00 0.0000e+00 0.0000e+00 0.0000e+00 0.0000e+00 0.0000e+00 0.0000e+00 0.0000e+00 0.0000e+00 0.0000e+00 0.0000e+00 0.0000e+00 0.0000e+00 0.0000e+00 0.0000e+00 0.0000e+00 0.0000e+00 0.0000e+00 0.0000e+00
-1.9750e-06 -5.5898e-06 -1.0280e-05 -1.5846e-05 -2.2170e-05 -2.9165e-05 -3.6752e-05 -4.4847e-05 2.3610e-04 -6.2145e-05 -7.1079e-05 -7.9972e-05 -8.8601e-05 -9.6706e-05 -1.0399e-04 -1.1013e-04 -1.1477e-04 -1.1760e-04 -1.1831e-04 -1.1667e-04 -1.1257e-04 -1.0601e-04 -9.7206e-05 -8.6518e-05 -7.4497e-05 -6.1820e-05 -4.9227e-05 -3.7433e-05 -2.7034e-05 -1.8429e-05 -1.1777e-05 -7.0007e-06 -3.8374e-06 -1.9206e-06 -8.6809e-07 -3.4994e-07 -1.2406e-07 -3.8068e-08 -9.9313e-09 -2.1585e-09 -3.8191e-10 -5.3595e-11 -5.7903e-12 -4.6561e-13 -2.6811e-14 -1.0579e-15 -2.7198e-17 -4.2998e-19 -3.9114e-21 -1.8966e-23 -4.4882e-26 -4.6802e-29 -1.9105e-32 -2.6606e-36 -1.0767e-40 -1.0495e-45 -1.9777e-51 -5.5620e-58 -1.7200e-65 -4.0725e-74 -4.8015e-84 -1.6865e-95 -9.5358e-109 -4.1362e-124 -5.6169e-142 -8.0368e-163 -3.2039e-187 -6.9486e-216 -1.0903e-249 -1.0089e-289 0.0000e+00 0.0000e+00 0.0000e+00 0.0000e+00 0.0000e+00 0.0000e+00 0.0000e+00 0.0000e+00 0.0000e+00 0.0000e+00 0.0000e+00 0.0000e+00 0.0000e+00 0.0000e+00 0.0000e+00 0.0000e+00 0.0000e+00 0.0000e+00 0.0000e+00 0.0000e+00 0.0000e+00 0.0000e+00 0.0000e+00 0.0000e+00 0.0000e+00 0.0000e+00 0.0000e+00 0.0000e+00 0.0000e+00 0.0000e+00 1.9750e-06 5.5898e-06 1.0280e-05 1.5845e-05 2.2169e-05 2.9161e-05 3.6742e-05 4.4825e-05 0.0000e+00 6.2071e-05 7.0955e-05 7.9772e-05 8.8294e-05 9.6251e-05 1.0334e-04 1.0923e-04 1.1357e-04 1.1604e-04 1.1634e-04 1.1426e-04 1.0971e-04 1.0274e-04 9.3583e-05 8.2657e-05 7.0545e-05 5.7948e-05 4.5609e-05 3.4224e-05 2.4346e-05 1.6316e-05 1.0228e-05 5.9496e-06 3.1830e-06 1.5505e-06 6.7999e-07 2.6508e-07 9.0549e-08 2.6670e-08 6.6504e-09 1.3754e-09 2.3046e-10 3.0470e-11 3.0845e-12 2.3103e-13 1.2313e-14 4.4664e-16 1.0478e-17 1.4994e-19 1.2237e-21 5.2713e-24 1.0959e-26 9.9123e-30 3.4575e-33 4.0405e-37 1.3414e-41 1.0415e-46 1.5007e-52 3.0333e-59 6.0569e-67 7.2892e-76 1.2217e-86 -1.8397e-97 -2.1490e-110 -1.3414e-125 -2.2856e-143 -3.8120e-164 -1.6905e-188 -3.9473e-217 -6.5072e-251 -6.2059e-291 0.0000e+00 0.0000e+00 0.0000e+00 0.0000e+00 0.0000e+00 0.0000e+00 0.0000e+00 0.0000e+00 0.0000e+00 0.0000e+00 0.0000e+00 0.0000e+00 0.0000e+00 0.0000e+00 0.0000e+00 0.0000e+00 0.0000e+00 0.0000e+00 0.0000e+00 0.0000e+00 0.0000e+00 0.0000e+00 0.0000e+00 0.0000e+00 0.0000e+00 0.0000e+00 0.0000e+00 0.0000e+00 0.0000e+00 0.0000e+00
-2.2995e-06 -6.5085e-06 -1.1969e-05 -1.8450e-05 -2.5815e-05 -3.3962e-05 -4.2799e-05 -5.2230e-05 -6.2145e-05 3.6198e-04 -8.2839e-05 -9.3240e-05 -1.0335e-04 -1.1288e-04 -1.2148e-04 -1.2878e-04 -1.3439e-04 -1.3791e-04 -1.3899e-04 -1.3736e-04 -1.3286e-04 -1.2549e-04 -1.1545e-04 -1.0316e-04 -8.9226e-05 -7.4422e-05 -5.9605e-05 -4.5621e-05 -3.3188e-05 -2.2809e-05 -1.4708e-05 -8.8301e-06 -4.8931e-06 -2.4783e-06 -1.1347e-06 -4.6385e-07 -1.6693e-07 -5.2054e-08 -1.3815e-08 -3.0577e-09 -5.5156e-10 -7.8990e-11 -8.7183e-12 -7.1693e-13 -4.2263e-14 -1.7090e-15 -4.5075e-17 -7.3189e-19 -6.8463e-21 -3.4181e-23 -8.3398e-26 -8.9803e-29 -3.7918e-32 -5.4720e-36 -2.2994e-40 -2.3329e-45 -4.5874e-51 -1.3501e-57 -4.3833e-65 -1.0935e-73 -1.3639e-83 -5.0905e-95 -3.0735e-108 -1.4315e-123 -2.1005e-141 -3.2699e-162 -1.4294e-186 -3.4290e-215 -6.0107e-249 -6.2835e-289 0.0000e+00 0.0000e+00 0.0000e+00 0.0000e+00 0.0000e+00 0.0000e+00 0.0000e+00 0.0000e+00 0.0000e+00 0.0000e+00 0.0000e+00 0.0000e+00 0.0000e+00 0.0000e+00 0.0000e+00 0.0000e+00 0.0000e+00 0.0000e+00 0.0000e+00 0.0000e+00 0.0000e+00 0.0000e+00 0.0000e+00 0.0000e+00 0.0000e+00 0.0000e+00 0.0000e+00 0.0000e+00 0.0000e+00 0.0000e+00 2.2995e-06 6.5085e-06 1.1969e-05 1.8449e-05 2.5812e-05 3.3954e-05 4.2780e-05 5.2192e-05 6.2071e-05 0.0000e+00 8.2616e-05 9.2883e-05 1.0280e-04 1.1207e-04 1.2032e-04 1.2718e-04 1.3224e-04 1.3511e-04 1.3546e-04 1.3304e-04 1.2774e-04 1.1962e-04 1.0896e-04 9.6239e-05 8.2136e-05 6.7467e-05 5.3100e-05 3.9844e-05 2.8343e-05 1.8993e-05 1.1905e-05 6.9245e-06 3.7041e-06 1.8040e-06 7.9093e-07 3.0823e-07 1.0524e-07 3.0979e-08 7.7193e-09 1.5949e-09 2.6690e-10 3.5228e-11 3.5583e-12 2.6575e-13 1.4110e-14 5.0923e-16 1.1866e-17 1.6828e-19 1.3568e-21 5.7476e-24 1.1674e-26 1.0215e-29 3.3941e-33 3.6827e-37 1.0833e-41 6.7481e-47 5.8229e-53 -2.2249e-60 -6.2138e-67 -2.7318e-75 -4.6596e-85 -2.1294e-96 -1.4782e-109 -7.5971e-125 -1.1945e-142 -1.9490e-163 -8.7748e-188 -2.1373e-216 -3.7583e-250 -3.9007e-290 0.0000e+00 0.0000e+00 0.0000e+00 0.0000e+00 0.0000e+00 0.0000e+00 0.0000e+00 0.0000e+00 0.0000e+00 0.0000e+00 0.0000e+00 0.0000e+00 0.0000e+00 0.0000e+00 0.0000e+00 0.0000e+00 0.0000e+00 0.0000e+00 0.0000e+00 0.0000e+00 0.0000e+00 0.0000e+00 0.0000e+00 0.0000e+00 0.0000e+00 0.0000e+00 0.0000e+00 0.0000e+00 0.0000e+00 0.0000e+00
-2.6287e-06 -7.4401e-06 -1.3683e-05 -2.1091e-05 -2.9511e-05 -3.8827e-05 -4.8935e-05 -5.9727e-05 -7.1079e-05 -8.2839e-05 5.3342e-04 -1.0678e-04 -1.1845e-04 -1.2948e-04 -1.3950e-04 -1.4809e-04 -1.5479e-04 -1.5917e-04 -1.6081e-04 -1.5937e-04 -1.5467e-04 -1.4666e-04 -1.3554e-04 -1.2174e-04 -1.0591e-04 -8.8927e-05 -7.1756e-05 -5.5379e-05 -4.0661e-05 -2.8230e-05 -1.8408e-05 -1.1187e-05 -6.2811e-06 -3.2267e-06 -1.5000e-06 -6.2321e-07 -2.2817e-07 -7.2459e-08 -1.9602e-08 -4.4268e-09 -8.1548e-10 -1.1938e-10 -1.3482e-11 -1.1354e-12 -6.8615e-14 -2.8474e-15 -7.7157e-17 -1.2887e-18 -1.2416e-20 -6.3944e-23 -1.6119e-25 -1.7965e-28 -7.8672e-32 -1.1801e-35 -5.1670e-40 -5.4774e-45 -1.1288e-50 -3.4935e-57 -1.1971e-64 -3.1652e-73 -4.2031e-83 -1.6787e-94 -1.0907e-107 -5.5008e-123 -8.8009e-141 -1.5056e-161 -7.2955e-186 -1.9592e-214 -3.8871e-248 -4.6572e-288 0.0000e+00 0.0000e+00 0.0000e+00 0.0000e+00 0.0000e+00 0.0000e+00 0.0000e+00 0.0000e+00 0.0000e+00 0.0000e+00 0.0000e+00 0.0000e+00 0.0000e+00 0.0000e+00 0.0000e+00 0.0000e+00 0.0000e+00 0.0000e+00 0.0000e+00 0.0000e+00 0.0000e+00 0.0000e+00 0.0000e+00 0.0000e+00 0.0000e+00 0.0000e+00 0.0000e+00 0.0000e+00 0.0000e+00 0.0000e+00 2.6287e-06 7.4401e-06 1.3682e-05 2.1090e-05 2.9506e-05 3.8813e-05 4.8904e-05 5.9662e-05 7.0955e-05 8.2616e-05 0.0000e+00 1.0618e-04 1.1752e-04 1.2811e-04 1.3755e-04 1.4538e-04 1.5116e-04 1.5445e-04 1.5485e-04 1.5208e-04 1.4602e-04 1.3674e-04 1.2455e-04 1.1001e-04 9.3884e-05 7.7114e-05 6.0690e-05 4.5535e-05 3.2389e-05 2.1701e-05 1.3600e-05 7.9087e-06 4.2292e-06 2.0589e-06 9.0223e-07 3.5135e-07 1.1985e-07 3.5237e-08 8.7662e-09 1.8073e-09 3.0160e-10 3.9662e-11 3.9865e-12 2.9577e-13 1.5566e-14 5.5507e-16 1.2722e-17 1.7631e-19 1.3755e-21 5.5518e-24 1.0469e-26 8.1076e-30 2.1500e-33 1.3548e-37 -1.2885e-42 -8.0441e-47 -2.8443e-52 -1.1926e-58 -4.9818e-66 -1.5113e-74 -2.2129e-84 -9.4732e-96 -6.4579e-109 -3.3603e-124 -5.4711e-142 -9.4160e-163 -4.5453e-187 -1.2056e-215 -2.3445e-249 -2.7343e-289 0.0000e+00 0.0000e+00 0.0000e+00 0.0000e+00 0.0000e+00 0.0000e+00 0.0000e+00 0.0000e+00 0.0000e+00 0.0000e+00 0.0000e+00 0.0000e+00 0.0000e+00 0.0000e+00 0.0000e+00 0.0000e+00 0.0000e+00 0.0000e+00 0.0000e+00 0.0000e+00 0.0000e+00 0.0000e+00 0.0000e+00 0.0000e+00 0.0000e+00 0.0000e+00 0.0000e+00 0.0000e+00 0.0000e+00 0.0000e+00
-2.9553e-06 -8.3647e-06 -1.5383e-05 -2.3713e-05 -3.3181e-05 -4.3658e-05 -5.5031e-05 -6.7181e-05 -7.9972e-05 -9.3240e-05 -1.0678e-04 7.6079e-04 -1.3361e-04 -1.4623e-04 -1.5778e-04 -1.6780e-04 -1.7578e-04 -1.8123e-04 -1.8367e-04 -1.8272e-04 -1.7809e-04 -1.6972e-04 -1.5776e-04 -1.4262e-04 -1.2500e-04 -1.0583e-04 -8.6185e-05 -6.7196e-05 -4.9891e-05 -3.5063e-05 -2.3167e-05 -1.4280e-05 -8.1403e-06 -4.2499e-06 -2.0097e-06 -8.5010e-07 -3.1717e-07 -1.0273e-07 -2.8369e-08 -6.5454e-09 -1.2329e-09 -1.8472e-10 -2.1370e-11 -1.8454e-12 -1.1448e-13 -4.8822e-15 -1.3613e-16 -2.3429e-18 -2.3298e-20 -1.2405e-22 -3.2391e-25 -3.7475e-28 -1.7075e-31 -2.6720e-35 -1.2240e-39 -1.3617e-44 -2.9552e-50 -9.6684e-57 -3.5170e-64 -9.9171e-73 -1.4116e-82 -6.0771e-94 -4.2828e-107 -2.3592e-122 -4.1546e-140 -7.8906e-161 -4.2859e-185 -1.3042e-213 -2.9682e-247 -4.1359e-287 0.0000e+00 0.0000e+00 0.0000e+00 0.0000e+00 0.0000e+00 0.0000e+00 0.0000e+00 0.0000e+00 0.0000e+00 0.0000e+00 0.0000e+00 0.0000e+00 0.0000e+00 0.0000e+00 0.0000e+00 0.0000e+00 0.0000e+00 0.0000e+00 0.0000e+00 0.0000e+00 0.0000e+00 0.0000e+00 0.0000e+00 0.0000e+00 0.0000e+00 0.0000e+00 0.0000e+00 0.0000e+00 0.0000e+00 0.0000e+00 2.9553e-06 8.3646e-06 1.5383e-05 2.3711e-05 3.3173e-05 4.3637e-05 5.4981e-05 6.7076e-05 7.9772e-05 9.2883e-05 1.0618e-04 0.0000e+00 1.3212e-04 1.4403e-04 1.5464e-04 1.6345e-04 1.6995e-04 1.7364e-04 1.7409e-04 1.7097e-04 1.6416e-04 1.5373e-04 1.4002e-04 1.2366e-04 1.0553e-04 8.6676e-05 6.8208e-05 5.1169e-05 3.6389e-05 2.4376e-05 1.5271e-05 8.8763e-06 4.7438e-06 2.3076e-06 1.0101e-06 3.9281e-07 1.3375e-07 3.9224e-08 9.7255e-09 1.9963e-09 3.3116e-10 4.3202e-11 4.2953e-12 3.1395e-13 1.6180e-14 5.6004e-16 1.2287e-17 1.5928e-19 1.1146e-21 3.6934e-24 4.4405e-27 -1.6811e-31 -2.1859e-33 -6.2687e-37 -3.9833e-41 -5.4698e-46 -1.3729e-51 -4.9818e-58 -1.9516e-65 -5.7980e-74 -8.5474e-84 -3.7590e-95 -2.6754e-108 -1.4740e-123 -2.5744e-141 -4.8135e-162 -2.5571e-186 -7.5647e-215 -1.6645e-248 -2.2308e-288 0.0000e+00 0.0000e+00 0.0000e+00 0.0000e+00 0.0000e+00 0.0000e+00 0.0000e+00 0.0000e+00 0.0000e+00 0.0000e+00 0.0000e+00 0.0000e+00 0.0000e+00 0.0000e+00 0.0000e+00 0.0000e+00 0.0000e+00 0.0000e+00 0.0000e+00 0.0000e+00 0.0000e+00 0.0000e+00 0.0000e+00 0.0000e+00 0.0000e+00 0.0000e+00 0.0000e+00 0.0000e+00 0.0000e+00 0.0000e+00
-3.2710e-06 -9.2583e-06 -1.7026e-05 -2.6247e-05 -3.6729e-05 -4.8331e-05 -6.0931e-05 -7.4402e-05 -8.8601e-05 -1.0335e-04 -1.1845e-04 -1.3361e-04 1.0558e-03 -1.6280e-04 -1.7599e-04 -1.8760e-04 -1.9709e-04 -2.0389e-04 -2.0747e-04 -2.0736e-04 -2.0321e-04 -1.9488e-04 -1.8244e-04 -1.6626e-04 -1.4704e-04 -1.2574e-04 -1.0353e-04 -8.1692e-05 -6.1448e-05 -4.3793e-05 -2.9371e-05 -1.8394e-05 -1.0663e-05 -5.6661e-06 -2.7294e-06 -1.1770e-06 -4.4806e-07 -1.4818e-07 -4.1817e-08 -9.8675e-09 -1.9027e-09 -2.9208e-10 -3.4655e-11 -3.0728e-12 -1.9597e-13 -8.6034e-15 -2.4733e-16 -4.3960e-18 -4.5227e-20 -2.4964e-22 -6.7731e-25 -8.1618e-28 -3.8838e-31 -6.3655e-35 -3.0639e-39 -3.5943e-44 -8.2571e-50 -2.8716e-56 -1.1155e-63 -3.3762e-72 -5.1871e-82 -2.4254e-93 -1.8693e-106 -1.1347e-121 -2.2205e-139 -4.7311e-160 -2.9136e-184 -1.0172e-212 -2.6918e-246 -4.4278e-286 0.0000e+00 0.0000e+00 0.0000e+00 0.0000e+00 0.0000e+00 0.0000e+00 0.0000e+00 0.0000e+00 0.0000e+00 0.0000e+00 0.0000e+00 0.0000e+00 0.0000e+00 0.0000e+00 0.0000e+00 0.0000e+00 0.0000e+00 0.0000e+00 0.0000e+00 0.0000e+00 0.0000e+00 0.0000e+00 0.0000e+00 0.0000e+00 0.0000e+00 0.0000e+00 0.0000e+00 0.0000e+00 0.0000e+00 0.0000e+00 3.2710e-06 9.2582e-06 1.7026e-05 2.6244e-05 3.6717e-05 4.8298e-05 6.0854e-05 7.4242e-05 8.8294e-05 1.0280e-04 1.1752e-04 1.3212e-04 0.0000e+00 1.5942e-04 1.7116e-04 1.8091e-04 1.8810e-04 1.9218e-04 1.9268e-04 1.8923e-04 1.8168e-04 1.7013e-04 1.5495e-04 1.3684e-04 1.1677e-04 9.5891e-05 7.5446e-05 5.6585e-05 4.0226e-05 2.6934e-05 1.6863e-05 9.7932e-06 5.2279e-06 2.5392e-06 1.1092e-06 4.3017e-07 1.4593e-07 4.2585e-08 1.0489e-08 2.1333e-09 3.4948e-10 4.4800e-11 4.3449e-12 3.0630e-13 1.4948e-14 4.7435e-16 8.9477e-18 8.4925e-20 2.0151e-22 -2.1288e-24 -1.3378e-26 -2.3951e-29 -1.4539e-32 -2.8105e-36 -1.5202e-40 -1.9392e-45 -4.7294e-51 -1.7143e-57 -6.8402e-65 -2.1013e-73 -3.2441e-83 -1.5114e-94 -1.1520e-107 -6.8705e-123 -1.3133e-140 -2.7187e-161 -1.6187e-185 -5.4389e-214 -1.3792e-247 -2.1650e-287 0.0000e+00 0.0000e+00 0.0000e+00 0.0000e+00 0.0000e+00 0.0000e+00 0.0000e+00 0.0000e+00 0.0000e+00 0.0000e+00 0.0000e+00 0.0000e+00 0.0000e+00 0.0000e+00 0.0000e+00 0.0000e+00 0.0000e+00 0.0000e+00 0.0000e+00 0.0000e+00 0.0000e+00 0.0000e+00 0.0000e+00 0.0000e+00 0.0000e+00 0.0000e+00 0.0000e+00 0.0000e+00 0.0000e+00 0.0000e+00
-3.5658e-06 -1.0093e-05 -1.8561e-05 -2.8614e-05 -4.0044e-05 -5.2699e-05 -6.6452e-05 -8.1170e-05 -9.6706e-05 -1.1288e-04 -1.2948e-04 -1.4623e-04 -1.6280e-04 1.4316e-03 -1.9375e-04 -2.0714e-04 -2.1838e-04 -2.2688e-04 -2.3201e-04 -2.3323e-04 -2.3010e-04 -2.2235e-04 -2.0995e-04 -1.9318e-04 -1.7267e-04 -1.4938e-04 -1.2456e-04 -9.9636e-05 -7.6048e-05 -5.5048e-05 -3.7530e-05 -2.3912e-05 -1.4115e-05 -7.6426e-06 -3.7541e-06 -1.6521e-06 -6.4228e-07 -2.1710e-07 -6.2670e-08 -1.5140e-08 -2.9918e-09 -4.7116e-10 -5.7419e-11 -5.2363e-12 -3.4393e-13 -1.5576e-14 -4.6274e-16 -8.5156e-18 -9.0899e-20 -5.2178e-22 -1.4759e-24 -1.8592e-27 -9.2759e-31 -1.5992e-34 -8.1256e-39 -1.0101e-43 -2.4694e-49 -9.1813e-56 -3.8323e-63 -1.2533e-71 -2.0933e-81 -1.0713e-92 -9.1048e-106 -6.1453e-121 -1.3496e-138 -3.2605e-159 -2.3031e-183 -9.3433e-212 -2.9151e-245 -5.7476e-285 0.0000e+00 0.0000e+00 0.0000e+00 0.0000e+00 0.0000e+00 0.0000e+00 0.0000e+00 0.0000e+00 0.0000e+00 0.0000e+00 0.0000e+00 0.0000e+00 0.0000e+00 0.0000e+00 0.0000e+00 0.0000e+00 0.0000e+00 0.0000e+00 0.0000e+00 0.0000e+00 0.0000e+00 0.0000e+00 0.0000e+00 0.0000e+00 0.0000e+00 0.0000e+00 0.0000e+00 0.0000e+00 0.0000e+00 0.0000e+00 3.5658e-06 1.0093e-05 1.8560e-05 2.8609e-05 4.0026e-05 5.2651e-05 6.6338e-05 8.0933e-05 9.6251e-05 1.1207e-04 1.2811e-04 1.4403e-04 1.5942e-04 0.0000e+00 1.8658e-04 1.9721e-04 2.0505e-04 2.0949e-04 2.1003e-04 2.0627e-04 1.9803e-04 1.8543e-04 1.6887e-04 1.4912e-04 1.2722e-04 1.0445e-04 8.2153e-05 6.1587e-05 4.3756e-05 2.9272e-05 1.8306e-05 1.0615e-05 5.6546e-06 2.7387e-06 1.1918e-06 4.5979e-07 1.5487e-07 4.4754e-08 1.0874e-08 2.1695e-09 3.4571e-10 4.2534e-11 3.8710e-12 2.4562e-13 9.8534e-15 1.9518e-16 -7.2933e-19 -1.1756e-19 -2.2084e-21 -1.7316e-23 -5.9949e-26 -8.6876e-29 -4.7904e-32 -8.8740e-36 -4.7441e-40 -6.1048e-45 -1.5249e-50 -5.7305e-57 -2.3960e-64 -7.7880e-73 -1.2842e-82 -6.4500e-94 -5.3509e-107 -3.5084e-122 -7.4517e-140 -1.7338e-160 -1.1749e-184 -4.5556e-213 -1.3537e-246 -2.5330e-286 0.0000e+00 0.0000e+00 0.0000e+00 0.0000e+00 0.0000e+00 0.0000e+00 0.0000e+00 0.0000e+00 0.0000e+00 0.0000e+00 0.0000e+00 0.0000e+00 0.0000e+00 0.0000e+00 0.0000e+00 0.0000e+00 0.0000e+00 0.0000e+00 0.0000e+00 0.0000e+00 0.0000e+00 0.0000e+00 0.0000e+00 0.0000e+00 0.0000e+00 0.0000e+00 0.0000e+00 0.0000e+00 0.0000e+00 0.0000e+00
-3.8284e-06 -1.0836e-05 -1.9928e-05 -3.0723e-05 -4.2999e-05 -5.6598e-05 -7.1386e-05 -8.7232e-05 -1.0399e-04 -1.2148e-04 -1.3950e-04 -1.5778e-04 -1.7599e-04 -1.9375e-04 1.9027e-03 -2.2595e-04 -2.3926e-04 -2.4985e-04 -2.5705e-04 -2.6022e-04 -2.5878e-04 -2.5232e-04 -2.4065e-04 -2.2390e-04 -2.0258e-04 -1.7757e-04 -1.5018e-04 -1.2196e-04 -9.4583e-05 -6.9622e-05 -4.8307e-05 -3.1348e-05 -1.8859e-05 -1.0415e-05 -5.2214e-06 -2.3470e-06 -9.3267e-07 -3.2252e-07 -9.5337e-08 -2.3609e-08 -4.7875e-09 -7.7469e-10 -9.7138e-11 -9.1281e-12 -6.1885e-13 -2.8981e-14 -8.9204e-16 -1.7045e-17 -1.8936e-19 -1.1342e-21 -3.3566e-24 -4.4373e-27 -2.3309e-30 -4.2460e-34 -2.2883e-38 -3.0298e-43 -7.9257e-49 -3.1689e-55 -1.4303e-62 -5.0886e-71 -9.3079e-81 -5.2553e-92 -4.9675e-105 -3.7627e-120 -9.3675e-138 -2.5941e-158 -2.1269e-182 -1.0157e-210 -3.7895e-244 -9.0961e-284 0.0000e+00 0.0000e+00 0.0000e+00 0.0000e+00 0.0000e+00 0.0000e+00 0.0000e+00 0.0000e+00 0.0000e+00 0.0000e+00 0.0000e+00 0.0000e+00 0.0000e+00 0.0000e+00 0.0000e+00 0.0000e+00 0.0000e+00 0.0000e+00 0.0000e+00 0.0000e+00 0.0000e+00 0.0000e+00 0.0000e+00 0.0000e+00 0.0000e+00 0.0000e+00 0.0000e+00 0.0000e+00 0.0000e+00 0.0000e+00 3.8284e-06 1.0836e-05 1.9927e-05 3.0716e-05 4.2974e-05 5.6528e-05 7.1224e-05 8.6893e-05 1.0334e-04 1.2032e-04 1.3755e-04 1.5464e-04 1.7116e-04 1.8658e-04 0.0000e+00 2.1173e-04 2.2014e-04 2.2491e-04 2.2548e-04 2.2143e-04 2.1257e-04 1.9902e-04 1.8123e-04 1.5999e-04 1.3646e-04 1.1199e-04 8.8033e-05 6.5944e-05 4.6800e-05 3.1262e-05 1.9511e-05 1.1283e-05 5.9878e-06 2.8851e-06 1.2466e-06 4.7619e-07 1.5818e-07 4.4813e-08 1.0577e-08 2.0205e-09 3.0053e-10 3.2871e-11 2.3731e-12 7.8830e-14 -3.1568e-15 -4.9077e-16 -2.4101e-17 -6.0521e-19 -8.0574e-21 -5.4772e-23 -1.7746e-25 -2.5032e-28 -1.3762e-31 -2.5842e-35 -1.4183e-39 -1.8933e-44 -4.9514e-50 -1.9649e-56 -8.7469e-64 -3.0521e-72 -5.4485e-82 -2.9888e-93 -2.7335e-106 -1.9957e-121 -4.7720e-139 -1.2649e-159 -9.8946e-184 -4.4938e-212 -1.5897e-245 -3.6070e-285 0.0000e+00 0.0000e+00 0.0000e+00 0.0000e+00 0.0000e+00 0.0000e+00 0.0000e+00 0.0000e+00 0.0000e+00 0.0000e+00 0.0000e+00 0.0000e+00 0.0000e+00 0.0000e+00 0.0000e+00 0.0000e+00 0.0000e+00 0.0000e+00 0.0000e+00 0.0000e+00 0.0000e+00 0.0000e+00 0.0000e+00 0.0000e+00 0.0000e+00 0.0000e+00 0.0000e+00 0.0000e+00 0.0000e+00 0.0000e+00
-4.0466e-06 -1.1453e-05 -2.1064e-05 -3.2476e-05 -4.5457e-05 -5.9845e-05 -7.5506e-05 -9.2312e-05 -1.1013e-04 -1.2878e-04 -1.4809e-04 -1.6780e-04 -1.8760e-04 -2.0714e-04 -2.2595e-04 2.4853e-03 -2.5922e-04 -2.7237e-04 -2.8225e-04 -2.8809e-04 -2.8917e-04 -2.8490e-04 -2.7487e-04 -2.5896e-04 -2.3749e-04 -2.1123e-04 -1.8142e-04 -1.4974e-04 -1.1813e-04 -8.8512e-05 -6.2559e-05 -4.1381e-05 -2.5393e-05 -1.4314e-05 -7.3308e-06 -3.3687e-06 -1.3698e-06 -4.8514e-07 -1.4704e-07 -3.7378e-08 -7.7908e-09 -1.2977e-09 -1.6775e-10 -1.6280e-11 -1.1420e-12 -5.5445e-14 -1.7732e-15 -3.5288e-17 -4.0936e-19 -2.5673e-21 -7.9794e-24 -1.1115e-26 -6.1736e-30 -1.1937e-33 -6.8569e-38 -9.7213e-43 -2.7364e-48 -1.1837e-54 -5.8150e-62 -2.2664e-70 -4.5742e-80 -2.8724e-91 -3.0463e-104 -2.6143e-119 -7.4538e-137 -2.3927e-157 -2.3049e-181 -1.3129e-209 -5.9438e-243 -1.7648e-282 0.0000e+00 0.0000e+00 0.0000e+00 0.0000e+00 0.0000e+00 0.0000e+00 0.0000e+00 0.0000e+00 0.0000e+00 0.0000e+00 0.0000e+00 0.0000e+00 0.0000e+00 0.0000e+00 0.0000e+00 0.0000e+00 0.0000e+00 0.0000e+00 0.0000e+00 0.0000e+00 0.0000e+00 0.0000e+00 0.0000e+00 0.0000e+00 0.0000e+00 0.0000e+00 0.0000e+00 0.0000e+00 0.0000e+00 0.0000e+00 4.0465e-06 1.1453e-05 2.1062e-05 3.2466e-05 4.5422e-05 5.9749e-05 7.5282e-05 9.1843e-05 1.0923e-04 1.2718e-04 1.4538e-04 1.6345e-04 1.8091e-04 1.9721e-04 2.1173e-04 0.0000e+00 2.3267e-04 2.3770e-04 2.3829e-04 2.3399e-04 2.2461e-04 2.1026e-04 1.9141e-04 1.6892e-04 1.4401e-04 1.1810e-04 9.2750e-05 6.9385e-05 4.9152e-05 3.2751e-05 2.0369e-05 1.1721e-05 6.1788e-06 2.9491e-06 1.2573e-06 4.7111e-07 1.5212e-07 4.1277e-08 9.0926e-09 1.5402e-09 1.7951e-10 9.3188e-12 -1.0974e-12 -2.9793e-13 -3.2281e-14 -2.0300e-15 -7.7127e-17 -1.7317e-18 -2.1897e-20 -1.4603e-22 -4.7374e-25 -6.7880e-28 -3.8331e-31 -7.4625e-35 -4.2813e-39 -6.0201e-44 -1.6706e-49 -7.0872e-56 -3.3982e-63 -1.2872e-71 -2.5153e-81 -1.5238e-92 -1.5538e-105 -1.2781e-120 -3.4824e-138 -1.0652e-158 -9.7500e-183 -5.2626e-211 -2.2515e-244 -6.3000e-284 0.0000e+00 0.0000e+00 0.0000e+00 0.0000e+00 0.0000e+00 0.0000e+00 0.0000e+00 0.0000e+00 0.0000e+00 0.0000e+00 0.0000e+00 0.0000e+00 0.0000e+00 0.0000e+00 0.0000e+00 0.0000e+00 0.0000e+00 0.0000e+00 0.0000e+00 0.0000e+00 0.0000e+00 0.0000e+00 0.0000e+00 0.0000e+00 0.0000e+00 0.0000e+00 0.0000e+00 0.0000e+00 0.0000e+00 0.0000e+00
-4.2075e-06 -1.1909e-05 -2.1903e-05 -3.3770e-05 -4.7275e-05 -6.2253e-05 -7.8575e-05 -9.6123e-05 -1.1477e-04 -1.3439e-04 -1.5479e-04 -1.7578e-04 -1.9709e-04 -2.1838e-04 -2.3926e-04 -2.5922e-04 3.1973e-03 -2.9388e-04 -3.0710e-04 -3.1645e-04 -3.2105e-04 -3.2005e-04 -3.1276e-04 -2.9877e-04 -2.7809e-04 -2.5124e-04 -2.1937e-04 -1.8421e-04 -1.4795e-04 -1.1294e-04 -8.1373e-05 -5.4908e-05 -3.4397e-05 -1.9809e-05 -1.0372e-05 -4.8779e-06 -2.0319e-06 -7.3806e-07 -2.2970e-07 -6.0040e-08 -1.2887e-08 -2.2140e-09 -2.9572e-10 -2.9710e-11 -2.1619e-12 -1.0913e-13 -3.6372e-15 -7.5630e-17 -9.1924e-19 -6.0585e-21 -1.9854e-23 -2.9260e-26 -1.7261e-29 -3.5594e-33 -2.1904e-37 -3.3432e-42 -1.0185e-47 -4.7967e-54 -2.5818e-61 -1.1103e-69 -2.4917e-79 -1.7548e-90 -2.1069e-103 -2.0685e-118 -6.8259e-136 -2.5692e-156 -2.9443e-180 -2.0279e-208 -1.1307e-241 -4.2214e-281 0.0000e+00 0.0000e+00 0.0000e+00 0.0000e+00 0.0000e+00 0.0000e+00 0.0000e+00 0.0000e+00 0.0000e+00 0.0000e+00 0.0000e+00 0.0000e+00 0.0000e+00 0.0000e+00 0.0000e+00 0.0000e+00 0.0000e+00 0.0000e+00 0.0000e+00 0.0000e+00 0.0000e+00 0.0000e+00 0.0000e+00 0.0000e+00 0.0000e+00 0.0000e+00 0.0000e+00 0.0000e+00 0.0000e+00 0.0000e+00 4.2075e-06 1.1909e-05 2.1900e-05 3.3757e-05 4.7228e-05 6.2125e-05 7.8275e-05 9.5495e-05 1.1357e-04 1.3224e-04 1.5116e-04 1.6995e-04 1.8810e-04 2.0505e-04 2.2014e-04 2.3267e-04 0.0000e+00 2.4712e-04 2.4771e-04 2.4321e-04 2.3342e-04 2.1844e-04 1.9878e-04 1.7533e-04 1.4935e-04 1.2235e-04 9.5934e-05 7.1609e-05 5.0572e-05 3.3552e-05 2.0741e-05 1.1834e-05 6.1627e-06 2.8900e-06 1.2003e-06 4.3218e-07 1.3088e-07 3.1752e-08 5.5727e-09 4.7729e-10 -7.8694e-11 -4.0075e-11 -8.3471e-12 -1.0894e-12 -9.4264e-14 -5.3690e-15 -1.9499e-16 -4.3096e-18 -5.4646e-20 -3.7030e-22 -1.2332e-24 -1.8294e-27 -1.0776e-30 -2.2038e-34 -1.3371e-38 -2.0018e-43 -5.9549e-49 -2.7272e-55 -1.4221e-62 -5.9052e-71 -1.2756e-80 -8.6216e-92 -9.9068e-105 -9.2835e-120 -2.9166e-137 -1.0425e-157 -1.1317e-181 -7.3653e-210 -3.8708e-243 -1.3588e-282 0.0000e+00 0.0000e+00 0.0000e+00 0.0000e+00 0.0000e+00 0.0000e+00 0.0000e+00 0.0000e+00 0.0000e+00 0.0000e+00 0.0000e+00 0.0000e+00 0.0000e+00 0.0000e+00 0.0000e+00 0.0000e+00 0.0000e+00 0.0000e+00 0.0000e+00 0.0000e+00 0.0000e+00 0.0000e+00 0.0000e+00 0.0000e+00 0.0000e+00 0.0000e+00 0.0000e+00 0.0000e+00 0.0000e+00 0.0000e+00
