1.0398e-04 -7.0569e-05 -8.6257e-05 -9.9323e-05 -1.1065e-04 -1.2068e-04 -1.2967e-04 -1.3779e-04 -1.4516e-04 -1.5186e-04 -1.5794e-04 -1.6345e-04 -1.6843e-04 -1.7291e-04 -1.7692e-04 -1.8047e-04 -1.8359e-04 -1.8629e-04 -1.8858e-04 -1.9049e-04 -1.9202e-04 -1.9319e-04 -1.9401e-04 -1.9449e-04 -1.9465e-04 -1.9450e-04 -1.9405e-04 -1.9331e-04 -1.9230e-04 -1.9103e-04 -1.8951e-04 -1.8775e-04 -1.8578e-04 -1.8359e-04 -1.8120e-04 -1.7863e-04 -1.7588e-04 -1.7298e-04 -1.6993e-04 -1.6674e-04 -1.6343e-04 -1.6002e-04 -1.5650e-04 -1.5290e-04 -1.4922e-04 -1.4548e-04 -1.4169e-04 -1.3785e-04 -1.3398e-04 -1.3009e-04 -1.2619e-04 -1.2228e-04 -1.1837e-04 -1.1448e-04 -1.1061e-04 -1.0677e-04 -1.0296e-04 -9.9191e-05 -9.5471e-05 -9.1804e-05 -8.8195e-05 -8.4649e-05 -8.1170e-05 -7.7762e-05 -7.4428e-05 -7.1172e-05 -6.7996e-05 -6.4903e-05 -6.1894e-05 -5.8971e-05 -5.6136e-05 -5.3389e-05 -5.0731e-05 -4.8162e-05 -4.5683e-05 -4.3292e-05 -4.0991e-05 -3.8777e-05 -3.6651e-05 -3.4611e-05 -3.2656e-05 -3.0784e-05 -2.8994e-05 -2.7285e-05 -2.5654e-05 -2.4099e-05 -2.2619e-05 -2.1212e-05 -1.9875e-05 -1.8606e-05 -1.7403e-05 -1.6264e-05 -1.5186e-05 -1.4168e-05 -1.3207e-05 -1.2300e-05 -1.1446e-05 -1.0642e-05 -9.8861e-06 -9.1761e-06 0.0000e+00 -7.0569e-05 -8.6257e-05 -9.9322e-05 -1.1065e-04 -1.2068e-04 -1.2967e-04 -1.3779e-04 -1.4516e-04 -1.5185e-04 -1.5793e-04 -1.6345e-04 -1.6843e-04 -1.7291e-04 -1.7691e-04 -1.8047e-04 -1.8358e-04 -1.8628e-04 -1.8857e-04 -1.9048e-04 -1.9200e-04 -1.9317e-04 -1.9399e-04 -1.9447e-04 -1.9463e-04 -1.9448e-04 -1.9403e-04 -1.9329e-04 -1.9228e-04 -1.9100e-04 -1.8948e-04 -1.8772e-04 -1.8574e-04 -1.8355e-04 -1.8116e-04 -1.7859e-04 -1.7584e-04 -1.7294e-04 -1.6989e-04 -1.6670e-04 -1.6339e-04 -1.5997e-04 -1.5646e-04 -1.5285e-04 -1.4917e-04 -1.4543e-04 -1.4164e-04 -1.3780e-04 -1.3393e-04 -1.3004e-04 -1.2613e-04 -1.2222e-04 -1.1832e-04 -1.1443e-04 -1.1056e-04 -1.0671e-04 -1.0291e-04 -9.9138e-05 -9.5418e-05 -9.1751e-05 -8.8143e-05 -8.4597e-05 -8.1118e-05 -7.7711e-05 -7.4378e-05 -7.1122e-05 -6.7947e-05 -6.4855e-05 -6.1847e-05 -5.8925e-05 -5.6090e-05 -5.3344e-05 -5.0687e-05 -4.8120e-05 -4.5641e-05 -4.3252e-05 -4.0952e-05 -3.8740e-05 -3.6615e-05 -3.4576e-05 -3.2622e-05 -3.0751e-05 -2.8962e-05 -2.7254e-05 -2.5624e-05 -2.4071e-05 -2.2592e-05 -2.1185e-05 -1.9849e-05 -1.8582e-05 -1.7380e-05 -1.6242e-05 -1.5165e-05 -1.4148e-05 -1.3188e-05 -1.2282e-05 -1.1429e-05 -1.0626e-05 -9.8707e-06 -9.1615e-06
-7.0569e-05 4.1591e-04 -1.2184e-04 -1.4030e-04 -1.5629e-04 -1.7046e-04 -1.8317e-04 -1.9465e-04 -2.0506e-04 -2.1452e-04 -2.2311e-04 -2.3090e-04 -2.3794e-04 -2.4428e-04 -2.4994e-04 -2.5497e-04 -2.5938e-04 -2.6319e-04 -2.6644e-04 -2.6914e-04 -2.7132e-04 -2.7298e-04 -2.7414e-04 -2.7484e-04 -2.7507e-04 -2.7487e-04 -2.7424e-04 -2.7321e-04 -2.7180e-04 -2.7001e-04 -2.6787e-04 -2.6540e-04 -2.6262e-04 -2.5953e-04 -2.5617e-04 -2.5255e-04 -2.4868e-04 -2.4459e-04 -2.4029e-04 -2.3580e-04 -2.3113e-04 -2.2631e-04 -2.2136e-04 -2.1627e-04 -2.1109e-04 -2.0581e-04 -2.0045e-04 -1.9504e-04 -1.8958e-04 -1.8409e-04 -1.7857e-04 -1.7306e-04 -1.6754e-04 -1.6205e-04 -1.5658e-04 -1.5115e-04 -1.4577e-04 -1.4045e-04 -1.3519e-04 -1.3001e-04 -1.2491e-04 -1.1990e-04 -1.1498e-04 -1.1016e-04 -1.0545e-04 -1.0085e-04 -9.6356e-05 -9.1981e-05 -8.7726e-05 -8.3591e-05 -7.9580e-05 -7.5694e-05 -7.1933e-05 -6.8298e-05 -6.4789e-05 -6.1405e-05 -5.8147e-05 -5.5014e-05 -5.2003e-05 -4.9114e-05 -4.6345e-05 -4.3693e-05 -4.1158e-05 -3.8736e-05 -3.6425e-05 -3.4222e-05 -3.2124e-05 -3.0129e-05 -2.8233e-05 -2.6434e-05 -2.4728e-05 -2.3113e-05 -2.1585e-05 -2.0140e-05 -1.8776e-05 -1.7489e-05 -1.6277e-05 -1.5136e-05 -1.4063e-05 -1.3055e-05 -7.0569e-05 0.0000e+00 -1.2184e-04 -1.4030e-04 -1.5629e-04 -1.7046e-04 -1.8316e-04 -1.9464e-04 -2.0505e-04 -2.1450e-04 -2.2309e-04 -2.3088e-04 -2.3792e-04 -2.4425e-04 -2.4991e-04 -2.5493e-04 -2.5933e-04 -2.6314e-04 -2.6638e-04 -2.6908e-04 -2.7124e-04 -2.7289e-04 -2.7405e-04 -2.7474e-04 -2.7496e-04 -2.7475e-04 -2.7412e-04 -2.7308e-04 -2.7165e-04 -2.6985e-04 -2.6771e-04 -2.6523e-04 -2.6243e-04 -2.5934e-04 -2.5597e-04 -2.5234e-04 -2.4846e-04 -2.4436e-04 -2.4005e-04 -2.3556e-04 -2.3089e-04 -2.2606e-04 -2.2109e-04 -2.1601e-04 -2.1081e-04 -2.0553e-04 -2.0017e-04 -1.9475e-04 -1.8929e-04 -1.8379e-04 -1.7828e-04 -1.7276e-04 -1.6724e-04 -1.6175e-04 -1.5628e-04 -1.5085e-04 -1.4547e-04 -1.4015e-04 -1.3489e-04 -1.2971e-04 -1.2461e-04 -1.1960e-04 -1.1469e-04 -1.0988e-04 -1.0517e-04 -1.0057e-04 -9.6080e-05 -9.1710e-05 -8.7459e-05 -8.3330e-05 -7.9325e-05 -7.5444e-05 -7.1689e-05 -6.8059e-05 -6.4556e-05 -6.1179e-05 -5.7928e-05 -5.4800e-05 -5.1796e-05 -4.8914e-05 -4.6151e-05 -4.3506e-05 -4.0977e-05 -3.8562e-05 -3.6257e-05 -3.4060e-05 -3.1969e-05 -2.9980e-05 -2.8091e-05 -2.6298e-05 -2.4598e-05 -2.2989e-05 -2.1466e-05 -2.0027e-05 -1.8668e-05 -1.7387e-05 -1.6180e-05 -1.5044e-05 -1.3975e-05 -1.2972e-05
-8.6257e-05 -1.2184e-04 9.3579e-04 -1.7149e-04 -1.9104e-04 -2.0836e-04 -2.2390e-04 -2.3793e-04 -2.5066e-04 -2.6223e-04 -2.7275e-04 -2.8228e-04 -2.9090e-04 -2.9865e-04 -3.0559e-04 -3.1174e-04 -3.1715e-04 -3.2183e-04 -3.2581e-04 -3.2913e-04 -3.3180e-04 -3.3385e-04 -3.3530e-04 -3.3616e-04 -3.3647e-04 -3.3624e-04 -3.3550e-04 -3.3426e-04 -3.3255e-04 -3.3039e-04 -3.2780e-04 -3.2480e-04 -3.2142e-04 -3.1767e-04 -3.1358e-04 -3.0917e-04 -3.0446e-04 -2.9948e-04 -2.9424e-04 -2.8877e-04 -2.8308e-04 -2.7721e-04 -2.7116e-04 -2.6497e-04 -2.5864e-04 -2.5220e-04 -2.4566e-04 -2.3906e-04 -2.3239e-04 -2.2568e-04 -2.1895e-04 -2.1221e-04 -2.0548e-04 -1.9876e-04 -1.9208e-04 -1.8545e-04 -1.7887e-04 -1.7236e-04 -1.6594e-04 -1.5960e-04 -1.5336e-04 -1.4723e-04 -1.4121e-04 -1.3531e-04 -1.2954e-04 -1.2391e-04 -1.1841e-04 -1.1305e-04 -1.0784e-04 -1.0277e-04 -9.7858e-05 -9.3095e-05 -8.8485e-05 -8.4028e-05 -7.9725e-05 -7.5575e-05 -7.1578e-05 -6.7733e-05 -6.4038e-05 -6.0492e-05 -5.7092e-05 -5.3836e-05 -5.0722e-05 -4.7747e-05 -4.4907e-05 -4.2199e-05 -3.9621e-05 -3.7168e-05 -3.4836e-05 -3.2624e-05 -3.0525e-05 -2.8537e-05 -2.6656e-05 -2.4877e-05 -2.3197e-05 -2.1613e-05 -2.0119e-05 -1.8713e-05 -1.7390e-05 -1.6148e-05 -8.6257e-05 -1.2184e-04 0.0000e+00 -1.7148e-04 -1.9104e-04 -2.0835e-04 -2.2388e-04 -2.3791e-04 -2.5064e-04 -2.6220e-04 -2.7270e-04 -2.8222e-04 -2.9083e-04 -2.9857e-04 -3.0549e-04 -3.1163e-04 -3.1701e-04 -3.2168e-04 -3.2565e-04 -3.2894e-04 -3.3159e-04 -3.3362e-04 -3.3504e-04 -3.3589e-04 -3.3617e-04 -3.3592e-04 -3.3515e-04 -3.3388e-04 -3.3215e-04 -3.2996e-04 -3.2734e-04 -3.2432e-04 -3.2091e-04 -3.1714e-04 -3.1303e-04 -3.0859e-04 -3.0386e-04 -2.9886e-04 -2.9360e-04 -2.8810e-04 -2.8240e-04 -2.7651e-04 -2.7044e-04 -2.6423e-04 -2.5789e-04 -2.5143e-04 -2.4489e-04 -2.3827e-04 -2.3159e-04 -2.2487e-04 -2.1813e-04 -2.1139e-04 -2.0465e-04 -1.9793e-04 -1.9125e-04 -1.8461e-04 -1.7804e-04 -1.7153e-04 -1.6511e-04 -1.5878e-04 -1.5254e-04 -1.4642e-04 -1.4041e-04 -1.3452e-04 -1.2876e-04 -1.2314e-04 -1.1765e-04 -1.1230e-04 -1.0710e-04 -1.0205e-04 -9.7154e-05 -9.2406e-05 -8.7812e-05 -8.3371e-05 -7.9085e-05 -7.4952e-05 -7.0973e-05 -6.7145e-05 -6.3468e-05 -5.9940e-05 -5.6558e-05 -5.3321e-05 -5.0225e-05 -4.7267e-05 -4.4445e-05 -4.1755e-05 -3.9194e-05 -3.6758e-05 -3.4444e-05 -3.2248e-05 -3.0166e-05 -2.8194e-05 -2.6328e-05 -2.4565e-05 -2.2900e-05 -2.1330e-05 -1.9851e-05 -1.8458e-05 -1.7149e-05 -1.5919e-05
-9.9323e-05 -1.4030e-04 -1.7149e-04 1.6636e-03 -2.1999e-04 -2.3994e-04 -2.5783e-04 -2.7400e-04 -2.8867e-04 -3.0201e-04 -3.1412e-04 -3.2511e-04 -3.3505e-04 -3.4400e-04 -3.5201e-04 -3.5912e-04 -3.6536e-04 -3.7078e-04 -3.7539e-04 -3.7924e-04 -3.8235e-04 -3.8473e-04 -3.8643e-04 -3.8746e-04 -3.8785e-04 -3.8761e-04 -3.8679e-04 -3.8540e-04 -3.8346e-04 -3.8101e-04 -3.7806e-04 -3.7464e-04 -3.7078e-04 -3.6649e-04 -3.6182e-04 -3.5677e-04 -3.5138e-04 -3.4567e-04 -3.3967e-04 -3.3340e-04 -3.2688e-04 -3.2014e-04 -3.1320e-04 -3.0609e-04 -2.9883e-04 -2.9143e-04 -2.8392e-04 -2.7633e-04 -2.6867e-04 -2.6096e-04 -2.5322e-04 -2.4546e-04 -2.3771e-04 -2.2999e-04 -2.2230e-04 -2.1466e-04 -2.0708e-04 -1.9959e-04 -1.9218e-04 -1.8488e-04 -1.7769e-04 -1.7062e-04 -1.6368e-04 -1.5688e-04 -1.5022e-04 -1.4372e-04 -1.3737e-04 -1.3118e-04 -1.2516e-04 -1.1931e-04 -1.1363e-04 -1.0812e-04 -1.0279e-04 -9.7641e-05 -9.2663e-05 -8.7862e-05 -8.3236e-05 -7.8785e-05 -7.4506e-05 -7.0398e-05 -6.6459e-05 -6.2686e-05 -5.9076e-05 -5.5626e-05 -5.2332e-05 -4.9190e-05 -4.6198e-05 -4.3350e-05 -4.0643e-05 -3.8072e-05 -3.5633e-05 -3.3323e-05 -3.1135e-05 -2.9067e-05 -2.7112e-05 -2.5268e-05 -2.3529e-05 -2.1892e-05 -2.0351e-05 -1.8903e-05 -9.9322e-05 -1.4030e-04 -1.7148e-04 0.0000e+00 -2.1998e-04 -2.3992e-04 -2.5780e-04 -2.7396e-04 -2.8861e-04 -3.0193e-04 -3.1403e-04 -3.2499e-04 -3.3491e-04 -3.4383e-04 -3.5181e-04 -3.5888e-04 -3.6509e-04 -3.7047e-04 -3.7505e-04 -3.7885e-04 -3.8191e-04 -3.8426e-04 -3.8591e-04 -3.8689e-04 -3.8723e-04 -3.8695e-04 -3.8607e-04 -3.8463e-04 -3.8264e-04 -3.8013e-04 -3.7713e-04 -3.7366e-04 -3.6975e-04 -3.6541e-04 -3.6069e-04 -3.5559e-04 -3.5016e-04 -3.4440e-04 -3.3836e-04 -3.3204e-04 -3.2548e-04 -3.1870e-04 -3.1173e-04 -3.0458e-04 -2.9729e-04 -2.8986e-04 -2.8233e-04 -2.7471e-04 -2.6703e-04 -2.5930e-04 -2.5154e-04 -2.4378e-04 -2.3602e-04 -2.2828e-04 -2.2059e-04 -2.1295e-04 -2.0538e-04 -1.9789e-04 -1.9049e-04 -1.8319e-04 -1.7601e-04 -1.6896e-04 -1.6204e-04 -1.5525e-04 -1.4862e-04 -1.4213e-04 -1.3581e-04 -1.2965e-04 -1.2366e-04 -1.1783e-04 -1.1219e-04 -1.0671e-04 -1.0141e-04 -9.6294e-05 -9.1351e-05 -8.6585e-05 -8.1995e-05 -7.7579e-05 -7.3337e-05 -6.9267e-05 -6.5365e-05 -6.1628e-05 -5.8055e-05 -5.4642e-05 -5.1384e-05 -4.8279e-05 -4.5322e-05 -4.2510e-05 -3.9838e-05 -3.7301e-05 -3.4896e-05 -3.2618e-05 -3.0463e-05 -2.8426e-05 -2.6502e-05 -2.4688e-05 -2.2978e-05 -2.1369e-05 -1.9855e-05 -1.8433e-05
-1.1065e-04 -1.5629e-04 -1.9104e-04 -2.1999e-04 2.5993e-03 -2.6732e-04 -2.8726e-04 -3.0529e-04 -3.2164e-04 -3.3651e-04 -3.5003e-04 -3.6230e-04 -3.7339e-04 -3.8339e-04 -3.9234e-04 -4.0028e-04 -4.0727e-04 -4.1334e-04 -4.1852e-04 -4.2285e-04 -4.2634e-04 -4.2905e-04 -4.3098e-04 -4.3217e-04 -4.3265e-04 -4.3244e-04 -4.3157e-04 -4.3007e-04 -4.2796e-04 -4.2527e-04 -4.2204e-04 -4.1828e-04 -4.1402e-04 -4.0930e-04 -4.0414e-04 -3.9856e-04 -3.9260e-04 -3.8629e-04 -3.7964e-04 -3.7269e-04 -3.6547e-04 -3.5800e-04 -3.5030e-04 -3.4241e-04 -3.3435e-04 -3.2613e-04 -3.1780e-04 -3.0936e-04 -3.0084e-04 -2.9227e-04 -2.8366e-04 -2.7504e-04 -2.6641e-04 -2.5781e-04 -2.4925e-04 -2.4074e-04 -2.3230e-04 -2.2395e-04 -2.1569e-04 -2.0755e-04 -1.9953e-04 -1.9164e-04 -1.8389e-04 -1.7630e-04 -1.6886e-04 -1.6159e-04 -1.5450e-04 -1.4758e-04 -1.4085e-04 -1.3431e-04 -1.2795e-04 -1.2179e-04 -1.1582e-04 -1.1005e-04 -1.0447e-04 -9.9086e-05 -9.3900e-05 -8.8907e-05 -8.4106e-05 -7.9495e-05 -7.5073e-05 -7.0834e-05 -6.6778e-05 -6.2899e-05 -5.9195e-05 -5.5661e-05 -5.2294e-05 -4.9088e-05 -4.6039e-05 -4.3143e-05 -4.0395e-05 -3.7789e-05 -3.5322e-05 -3.2988e-05 -3.0782e-05 -2.8699e-05 -2.6735e-05 -2.4884e-05 -2.3142e-05 -2.1504e-05 -1.1065e-04 -1.5629e-04 -1.9104e-04 -2.1998e-04 0.0000e+00 -2.6728e-04 -2.8720e-04 -3.0521e-04 -3.2154e-04 -3.3638e-04 -3.4986e-04 -3.6209e-04 -3.7314e-04 -3.8309e-04 -3.9198e-04 -3.9987e-04 -4.0680e-04 -4.1281e-04 -4.1792e-04 -4.2217e-04 -4.2559e-04 -4.2822e-04 -4.3007e-04 -4.3118e-04 -4.3157e-04 -4.3127e-04 -4.3032e-04 -4.2872e-04 -4.2653e-04 -4.2375e-04 -4.2042e-04 -4.1657e-04 -4.1223e-04 -4.0742e-04 -4.0217e-04 -3.9651e-04 -3.9046e-04 -3.8407e-04 -3.7735e-04 -3.7032e-04 -3.6303e-04 -3.5549e-04 -3.4773e-04 -3.3978e-04 -3.3166e-04 -3.2340e-04 -3.1502e-04 -3.0654e-04 -2.9799e-04 -2.8938e-04 -2.8075e-04 -2.7210e-04 -2.6346e-04 -2.5485e-04 -2.4628e-04 -2.3777e-04 -2.2933e-04 -2.2098e-04 -2.1274e-04 -2.0461e-04 -1.9661e-04 -1.8874e-04 -1.8103e-04 -1.7346e-04 -1.6606e-04 -1.5884e-04 -1.5178e-04 -1.4491e-04 -1.3823e-04 -1.3173e-04 -1.2543e-04 -1.1932e-04 -1.1341e-04 -1.0770e-04 -1.0218e-04 -9.6857e-05 -9.1733e-05 -8.6803e-05 -8.2066e-05 -7.7519e-05 -7.3161e-05 -6.8987e-05 -6.4995e-05 -6.1181e-05 -5.7540e-05 -5.4070e-05 -5.0764e-05 -4.7620e-05 -4.4632e-05 -4.1796e-05 -3.9106e-05 -3.6559e-05 -3.4148e-05 -3.1868e-05 -2.9716e-05 -2.7685e-05 -2.5771e-05 -2.3969e-05 -2.2274e-05 -2.0682e-05
-1.2068e-04 -1.7046e-04 -2.0836e-04 -2.3994e-04 -2.6732e-04 3.7429e-03 -3.1334e-04 -3.3301e-04 -3.5087e-04 -3.6711e-04 -3.8188e-04 -3.9528e-04 -4.0742e-04 -4.1835e-04 -4.2815e-04 -4.3686e-04 -4.4452e-04 -4.5119e-04 -4.5689e-04 -4.6166e-04 -4.6553e-04 -4.6853e-04 -4.7070e-04 -4.7206e-04 -4.7264e-04 -4.7247e-04 -4.7159e-04 -4.7001e-04 -4.6778e-04 -4.6492e-04 -4.6145e-04 -4.5742e-04 -4.5284e-04 -4.4775e-04 -4.4218e-04 -4.3616e-04 -4.2973e-04 -4.2289e-04 -4.1570e-04 -4.0818e-04 -4.0035e-04 -3.9225e-04 -3.8391e-04 -3.7534e-04 -3.6659e-04 -3.5767e-04 -3.4861e-04 -3.3944e-04 -3.3018e-04 -3.2085e-04 -3.1148e-04 -3.0209e-04 -2.9270e-04 -2.8332e-04 -2.7399e-04 -2.6471e-04 -2.5551e-04 -2.4639e-04 -2.3738e-04 -2.2849e-04 -2.1972e-04 -2.1110e-04 -2.0263e-04 -1.9433e-04 -1.8619e-04 -1.7824e-04 -1.7047e-04 -1.6290e-04 -1.5552e-04 -1.4834e-04 -1.4137e-04 -1.3461e-04 -1.2806e-04 -1.2172e-04 -1.1560e-04 -1.0968e-04 -1.0398e-04 -9.8492e-05 -9.3210e-05 -8.8136e-05 -8.3265e-05 -7.8596e-05 -7.4126e-05 -6.9849e-05 -6.5763e-05 -6.1864e-05 -5.8146e-05 -5.4605e-05 -5.1236e-05 -4.8034e-05 -4.4994e-05 -4.2111e-05 -3.9379e-05 -3.6794e-05 -3.4349e-05 -3.2040e-05 -2.9861e-05 -2.7807e-05 -2.5872e-05 -2.4052e-05 -1.2068e-04 -1.7046e-04 -2.0835e-04 -2.3992e-04 -2.6728e-04 0.0000e+00 -3.1325e-04 -3.3289e-04 -3.5071e-04 -3.6690e-04 -3.8161e-04 -3.9495e-04 -4.0702e-04 -4.1788e-04 -4.2759e-04 -4.3621e-04 -4.4379e-04 -4.5035e-04 -4.5594e-04 -4.6060e-04 -4.6435e-04 -4.6723e-04 -4.6927e-04 -4.7050e-04 -4.7094e-04 -4.7064e-04 -4.6962e-04 -4.6790e-04 -4.6553e-04 -4.6252e-04 -4.5891e-04 -4.5474e-04 -4.5002e-04 -4.4479e-04 -4.3909e-04 -4.3294e-04 -4.2637e-04 -4.1941e-04 -4.1210e-04 -4.0446e-04 -3.9652e-04 -3.8831e-04 -3.7987e-04 -3.7121e-04 -3.6237e-04 -3.5337e-04 -3.4424e-04 -3.3500e-04 -3.2568e-04 -3.1630e-04 -3.0689e-04 -2.9747e-04 -2.8805e-04 -2.7866e-04 -2.6931e-04 -2.6003e-04 -2.5083e-04 -2.4172e-04 -2.3273e-04 -2.2386e-04 -2.1513e-04 -2.0655e-04 -1.9812e-04 -1.8987e-04 -1.8179e-04 -1.7389e-04 -1.6619e-04 -1.5869e-04 -1.5139e-04 -1.4429e-04 -1.3740e-04 -1.3073e-04 -1.2427e-04 -1.1802e-04 -1.1199e-04 -1.0617e-04 -1.0057e-04 -9.5176e-05 -8.9994e-05 -8.5020e-05 -8.0251e-05 -7.5684e-05 -7.1314e-05 -6.7139e-05 -6.3153e-05 -5.9353e-05 -5.5733e-05 -5.2289e-05 -4.9016e-05 -4.5908e-05 -4.2961e-05 -4.0168e-05 -3.7525e-05 -3.5026e-05 -3.2666e-05 -3.0438e-05 -2.8339e-05 -2.6362e-05 -2.4502e-05 -2.2754e-05
-1.2967e-04 -1.8317e-04 -2.2390e-04 -2.5783e-04 -2.8726e-04 -3.1334e-04 5.0943e-03 -3.5790e-04 -3.7711e-04 -3.9459e-04 -4.1049e-04 -4.2493e-04 -4.3801e-04 -4.4980e-04 -4.6038e-04 -4.6979e-04 -4.7808e-04 -4.8530e-04 -4.9149e-04 -4.9668e-04 -5.0091e-04 -5.0420e-04 -5.0661e-04 -5.0814e-04 -5.0885e-04 -5.0875e-04 -5.0788e-04 -5.0627e-04 -5.0395e-04 -5.0096e-04 -4.9732e-04 -4.9307e-04 -4.8823e-04 -4.8284e-04 -4.7694e-04 -4.7055e-04 -4.6371e-04 -4.5644e-04 -4.4879e-04 -4.4077e-04 -4.3243e-04 -4.2378e-04 -4.1487e-04 -4.0573e-04 -3.9637e-04 -3.8683e-04 -3.7714e-04 -3.6732e-04 -3.5741e-04 -3.4742e-04 -3.3737e-04 -3.2730e-04 -3.1723e-04 -3.0717e-04 -2.9715e-04 -2.8718e-04 -2.7729e-04 -2.6749e-04 -2.5780e-04 -2.4822e-04 -2.3879e-04 -2.2950e-04 -2.2038e-04 -2.1143e-04 -2.0265e-04 -1.9407e-04 -1.8569e-04 -1.7751e-04 -1.6954e-04 -1.6178e-04 -1.5424e-04 -1.4693e-04 -1.3984e-04 -1.3297e-04 -1.2634e-04 -1.1993e-04 -1.1374e-04 -1.0778e-04 -1.0205e-04 -9.6538e-05 -9.1246e-05 -8.6170e-05 -8.1307e-05 -7.6653e-05 -7.2204e-05 -6.7955e-05 -6.3902e-05 -6.0041e-05 -5.6365e-05 -5.2869e-05 -4.9548e-05 -4.6397e-05 -4.3410e-05 -4.0581e-05 -3.7905e-05 -3.5376e-05 -3.2988e-05 -3.0735e-05 -2.8613e-05 -2.6615e-05 -1.2967e-04 -1.8316e-04 -2.2388e-04 -2.5780e-04 -2.8720e-04 -3.1325e-04 0.0000e+00 -3.5772e-04 -3.7687e-04 -3.9428e-04 -4.1010e-04 -4.2445e-04 -4.3743e-04 -4.4911e-04 -4.5957e-04 -4.6885e-04 -4.7700e-04 -4.8407e-04 -4.9010e-04 -4.9513e-04 -4.9918e-04 -5.0230e-04 -5.0452e-04 -5.0586e-04 -5.0637e-04 -5.0607e-04 -5.0500e-04 -5.0318e-04 -5.0066e-04 -4.9745e-04 -4.9361e-04 -4.8914e-04 -4.8410e-04 -4.7851e-04 -4.7241e-04 -4.6583e-04 -4.5879e-04 -4.5134e-04 -4.4351e-04 -4.3532e-04 -4.2681e-04 -4.1802e-04 -4.0896e-04 -3.9968e-04 -3.9019e-04 -3.8054e-04 -3.7074e-04 -3.6083e-04 -3.5082e-04 -3.4076e-04 -3.3065e-04 -3.2053e-04 -3.1042e-04 -3.0033e-04 -2.9029e-04 -2.8032e-04 -2.7043e-04 -2.6064e-04 -2.5098e-04 -2.4144e-04 -2.3205e-04 -2.2282e-04 -2.1376e-04 -2.0488e-04 -1.9619e-04 -1.8770e-04 -1.7941e-04 -1.7133e-04 -1.6347e-04 -1.5583e-04 -1.4842e-04 -1.4123e-04 -1.3427e-04 -1.2754e-04 -1.2104e-04 -1.1477e-04 -1.0873e-04 -1.0291e-04 -9.7326e-05 -9.1962e-05 -8.6818e-05 -8.1890e-05 -7.7176e-05 -7.2669e-05 -6.8367e-05 -6.4264e-05 -6.0356e-05 -5.6636e-05 -5.3101e-05 -4.9743e-05 -4.6558e-05 -4.3540e-05 -4.0682e-05 -3.7980e-05 -3.5427e-05 -3.3018e-05 -3.0747e-05 -2.8608e-05 -2.6595e-05 -2.4703e-05
-1.3779e-04 -1.9465e-04 -2.3793e-04 -2.7400e-04 -3.0529e-04 -3.3301e-04 -3.5790e-04 6.6536e-03 -4.0085e-04 -4.1946e-04 -4.3640e-04 -4.5179e-04 -4.6573e-04 -4.7832e-04 -4.8962e-04 -4.9968e-04 -5.0856e-04 -5.1631e-04 -5.2296e-04 -5.2855e-04 -5.3313e-04 -5.3672e-04 -5.3937e-04 -5.4109e-04 -5.4194e-04 -5.4193e-04 -5.4111e-04 -5.3950e-04 -5.3714e-04 -5.3406e-04 -5.3029e-04 -5.2587e-04 -5.2084e-04 -5.1521e-04 -5.0904e-04 -5.0234e-04 -4.9517e-04 -4.8754e-04 -4.7949e-04 -4.7105e-04 -4.6227e-04 -4.5316e-04 -4.4376e-04 -4.3411e-04 -4.2423e-04 -4.1415e-04 -4.0391e-04 -3.9353e-04 -3.8303e-04 -3.7245e-04 -3.6181e-04 -3.5113e-04 -3.4045e-04 -3.2977e-04 -3.1913e-04 -3.0855e-04 -2.9803e-04 -2.8761e-04 -2.7730e-04 -2.6711e-04 -2.5707e-04 -2.4717e-04 -2.3745e-04 -2.2790e-04 -2.1854e-04 -2.0937e-04 -2.0042e-04 -1.9167e-04 -1.8315e-04 -1.7485e-04 -1.6678e-04 -1.5895e-04 -1.5135e-04 -1.4399e-04 -1.3687e-04 -1.2999e-04 -1.2335e-04 -1.1695e-04 -1.1078e-04 -1.0485e-04 -9.9157e-05 -9.3690e-05 -8.8450e-05 -8.3432e-05 -7.8632e-05 -7.4046e-05 -6.9668e-05 -6.5494e-05 -6.1519e-05 -5.7736e-05 -5.4141e-05 -5.0727e-05 -4.7489e-05 -4.4420e-05 -4.1515e-05 -3.8768e-05 -3.6172e-05 -3.3723e-05 -3.1413e-05 -2.9237e-05 -1.3779e-04 -1.9464e-04 -2.3791e-04 -2.7396e-04 -3.0521e-04 -3.3289e-04 -3.5772e-04 0.0000e+00 -4.0052e-04 -4.1903e-04 -4.3586e-04 -4.5112e-04 -4.6493e-04 -4.7736e-04 -4.8849e-04 -4.9837e-04 -5.0706e-04 -5.1460e-04 -5.2103e-04 -5.2640e-04 -5.3073e-04 -5.3408e-04 -5.3646e-04 -5.3792e-04 -5.3850e-04 -5.3821e-04 -5.3710e-04 -5.3521e-04 -5.3256e-04 -5.2919e-04 -5.2513e-04 -5.2043e-04 -5.1510e-04 -5.0920e-04 -5.0275e-04 -4.9578e-04 -4.8834e-04 -4.8045e-04 -4.7215e-04 -4.6348e-04 -4.5447e-04 -4.4514e-04 -4.3554e-04 -4.2570e-04 -4.1564e-04 -4.0540e-04 -3.9501e-04 -3.8449e-04 -3.7388e-04 -3.6319e-04 -3.5246e-04 -3.4172e-04 -3.3097e-04 -3.2026e-04 -3.0959e-04 -2.9900e-04 -2.8849e-04 -2.7809e-04 -2.6781e-04 -2.5767e-04 -2.4769e-04 -2.3787e-04 -2.2823e-04 -2.1878e-04 -2.0954e-04 -2.0050e-04 -1.9167e-04 -1.8307e-04 -1.7470e-04 -1.6656e-04 -1.5866e-04 -1.5100e-04 -1.4359e-04 -1.3641e-04 -1.2948e-04 -1.2280e-04 -1.1636e-04 -1.1015e-04 -1.0419e-04 -9.8470e-05 -9.2979e-05 -8.7719e-05 -8.2684e-05 -7.7872e-05 -7.3276e-05 -6.8893e-05 -6.4716e-05 -6.0740e-05 -5.6960e-05 -5.3369e-05 -4.9963e-05 -4.6734e-05 -4.3676e-05 -4.0784e-05 -3.8051e-05 -3.5472e-05 -3.3039e-05 -3.0747e-05 -2.8590e-05 -2.6562e-05
-1.4516e-04 -2.0506e-04 -2.5066e-04 -2.8867e-04 -3.2164e-04 -3.5087e-04 -3.7711e-04 -4.0085e-04 8.4206e-03 -4.4207e-04 -4.5996e-04 -4.7622e-04 -4.9097e-04 -5.0430e-04 -5.1627e-04 -5.2695e-04 -5.3638e-04 -5.4463e-04 -5.5173e-04 -5.5772e-04 -5.6264e-04 -5.6653e-04 -5.6943e-04 -5.7136e-04 -5.7237e-04 -5.7248e-04 -5.7173e-04 -5.7015e-04 -5.6779e-04 -5.6467e-04 -5.6082e-04 -5.5629e-04 -5.5110e-04 -5.4530e-04 -5.3891e-04 -5.3197e-04 -5.2452e-04 -5.1659e-04 -5.0822e-04 -4.9944e-04 -4.9028e-04 -4.8077e-04 -4.7096e-04 -4.6088e-04 -4.5054e-04 -4.4000e-04 -4.2927e-04 -4.1839e-04 -4.0738e-04 -3.9628e-04 -3.8511e-04 -3.7390e-04 -3.6266e-04 -3.5144e-04 -3.4024e-04 -3.2909e-04 -3.1802e-04 -3.0703e-04 -2.9615e-04 -2.8540e-04 -2.7479e-04 -2.6434e-04 -2.5406e-04 -2.4396e-04 -2.3405e-04 -2.2434e-04 -2.1485e-04 -2.0558e-04 -1.9654e-04 -1.8773e-04 -1.7916e-04 -1.7084e-04 -1.6276e-04 -1.5492e-04 -1.4734e-04 -1.4001e-04 -1.3293e-04 -1.2610e-04 -1.1952e-04 -1.1319e-04 -1.0710e-04 -1.0126e-04 -9.5650e-05 -9.0277e-05 -8.5134e-05 -8.0216e-05 -7.5520e-05 -7.1038e-05 -6.6768e-05 -6.2701e-05 -5.8833e-05 -5.5158e-05 -5.1670e-05 -4.8362e-05 -4.5228e-05 -4.2263e-05 -3.9459e-05 -3.6811e-05 -3.4313e-05 -3.1957e-05 -1.4516e-04 -2.0505e-04 -2.5064e-04 -2.8861e-04 -3.2154e-04 -3.5071e-04 -3.7687e-04 -4.0052e-04 0.0000e+00 -4.4150e-04 -4.5924e-04 -4.7534e-04 -4.8990e-04 -5.0302e-04 -5.1477e-04 -5.2520e-04 -5.3438e-04 -5.4235e-04 -5.4916e-04 -5.5485e-04 -5.5945e-04 -5.6301e-04 -5.6556e-04 -5.6713e-04 -5.6777e-04 -5.6751e-04 -5.6638e-04 -5.6443e-04 -5.6168e-04 -5.5817e-04 -5.5394e-04 -5.4902e-04 -5.4345e-04 -5.3727e-04 -5.3051e-04 -5.2321e-04 -5.1540e-04 -5.0713e-04 -4.9843e-04 -4.8932e-04 -4.7986e-04 -4.7007e-04 -4.5998e-04 -4.4964e-04 -4.3907e-04 -4.2831e-04 -4.1738e-04 -4.0632e-04 -3.9515e-04 -3.8391e-04 -3.7262e-04 -3.6131e-04 -3.5000e-04 -3.3872e-04 -3.2748e-04 -3.1632e-04 -3.0525e-04 -2.9429e-04 -2.8346e-04 -2.7277e-04 -2.6225e-04 -2.5189e-04 -2.4173e-04 -2.3176e-04 -2.2200e-04 -2.1246e-04 -2.0315e-04 -1.9407e-04 -1.8523e-04 -1.7663e-04 -1.6829e-04 -1.6019e-04 -1.5235e-04 -1.4477e-04 -1.3744e-04 -1.3037e-04 -1.2356e-04 -1.1700e-04 -1.1069e-04 -1.0463e-04 -9.8818e-05 -9.3247e-05 -8.7915e-05 -8.2816e-05 -7.7946e-05 -7.3300e-05 -6.8871e-05 -6.4655e-05 -6.0646e-05 -5.6836e-05 -5.3221e-05 -4.9793e-05 -4.6547e-05 -4.3476e-05 -4.0573e-05 -3.7832e-05 -3.5246e-05 -3.2810e-05 -3.0516e-05 -2.8359e-05
-1.5186e-04 -2.1452e-04 -2.6223e-04 -3.0201e-04 -3.3651e-04 -3.6711e-04 -3.9459e-04 -4.1946e-04 -4.4207e-04 1.0395e-02 -4.8143e-04 -4.9851e-04 -5.1401e-04 -5.2802e-04 -5.4063e-04 -5.5189e-04 -5.6185e-04 -5.7058e-04 -5.7812e-04 -5.8450e-04 -5.8977e-04 -5.9396e-04 -5.9711e-04 -5.9927e-04 -6.0045e-04 -6.0071e-04 -6.0006e-04 -5.9856e-04 -5.9623e-04 -5.9310e-04 -5.8922e-04 -5.8463e-04 -5.7934e-04 -5.7341e-04 -5.6687e-04 -5.5974e-04 -5.5208e-04 -5.4392e-04 -5.3528e-04 -5.2621e-04 -5.1674e-04 -5.0691e-04 -4.9675e-04 -4.8629e-04 -4.7557e-04 -4.6462e-04 -4.5348e-04 -4.4216e-04 -4.3071e-04 -4.1915e-04 -4.0751e-04 -3.9582e-04 -3.8410e-04 -3.7238e-04 -3.6068e-04 -3.4902e-04 -3.3744e-04 -3.2594e-04 -3.1454e-04 -3.0327e-04 -2.9215e-04 -2.8118e-04 -2.7038e-04 -2.5976e-04 -2.4934e-04 -2.3913e-04 -2.2914e-04 -2.1937e-04 -2.0984e-04 -2.0055e-04 -1.9150e-04 -1.8271e-04 -1.7417e-04 -1.6588e-04 -1.5786e-04 -1.5009e-04 -1.4259e-04 -1.3535e-04 -1.2836e-04 -1.2164e-04 -1.1517e-04 -1.0895e-04 -1.0298e-04 -9.7257e-05 -9.1775e-05 -8.6531e-05 -8.1518e-05 -7.6731e-05 -7.2166e-05 -6.7816e-05 -6.3675e-05 -5.9738e-05 -5.5998e-05 -5.2449e-05 -4.9085e-05 -4.5898e-05 -4.2884e-05 -4.0034e-05 -3.7343e-05 -3.4804e-05 -1.5185e-04 -2.1450e-04 -2.6220e-04 -3.0193e-04 -3.3638e-04 -3.6690e-04 -3.9428e-04 -4.1903e-04 -4.4150e-04 0.0000e+00 -4.8050e-04 -4.9736e-04 -5.1262e-04 -5.2637e-04 -5.3869e-04 -5.4964e-04 -5.5927e-04 -5.6764e-04 -5.7480e-04 -5.8078e-04 -5.8564e-04 -5.8940e-04 -5.9211e-04 -5.9380e-04 -5.9452e-04 -5.9429e-04 -5.9316e-04 -5.9116e-04 -5.8833e-04 -5.8470e-04 -5.8032e-04 -5.7523e-04 -5.6945e-04 -5.6303e-04 -5.5600e-04 -5.4841e-04 -5.4029e-04 -5.3168e-04 -5.2261e-04 -5.1313e-04 -5.0327e-04 -4.9306e-04 -4.8254e-04 -4.7175e-04 -4.6073e-04 -4.4949e-04 -4.3808e-04 -4.2653e-04 -4.1487e-04 -4.0313e-04 -3.9134e-04 -3.7951e-04 -3.6769e-04 -3.5590e-04 -3.4415e-04 -3.3248e-04 -3.2090e-04 -3.0943e-04 -2.9809e-04 -2.8690e-04 -2.7588e-04 -2.6504e-04 -2.5439e-04 -2.4395e-04 -2.3372e-04 -2.2372e-04 -2.1395e-04 -2.0443e-04 -1.9516e-04 -1.8614e-04 -1.7738e-04 -1.6889e-04 -1.6066e-04 -1.5269e-04 -1.4500e-04 -1.3757e-04 -1.3041e-04 -1.2351e-04 -1.1688e-04 -1.1051e-04 -1.0439e-04 -9.8533e-05 -9.2921e-05 -8.7554e-05 -8.2426e-05 -7.7532e-05 -7.2866e-05 -6.8423e-05 -6.4196e-05 -6.0180e-05 -5.6367e-05 -5.2751e-05 -4.9325e-05 -4.6083e-05 -4.3017e-05 -4.0122e-05 -3.7391e-05 -3.4816e-05 -3.2391e-05 -3.0110e-05
-1.5794e-04 -2.2311e-04 -2.7275e-04 -3.1412e-04 -3.5003e-04 -3.8188e-04 -4.1049e-04 -4.3640e-04 -4.5996e-04 -4.8143e-04 1.2578e-02 -5.1884e-04 -5.3504e-04 -5.4970e-04 -5.6291e-04 -5.7472e-04 -5.8520e-04 -5.9439e-04 -6.0235e-04 -6.0912e-04 -6.1473e-04 -6.1924e-04 -6.2266e-04 -6.2505e-04 -6.2644e-04 -6.2686e-04 -6.2636e-04 -6.2495e-04 -6.2269e-04 -6.1961e-04 -6.1574e-04 -6.1112e-04 -6.0579e-04 -5.9979e-04 -5.9314e-04 -5.8589e-04 -5.7807e-04 -5.6973e-04 -5.6089e-04 -5.5159e-04 -5.4188e-04 -5.3178e-04 -5.2133e-04 -5.1057e-04 -4.9952e-04 -4.8823e-04 -4.7672e-04 -4.6504e-04 -4.5320e-04 -4.4124e-04 -4.2918e-04 -4.1707e-04 -4.0492e-04 -3.9275e-04 -3.8060e-04 -3.6849e-04 -3.5644e-04 -3.4448e-04 -3.3261e-04 -3.2087e-04 -3.0926e-04 -2.9781e-04 -2.8653e-04 -2.7544e-04 -2.6454e-04 -2.5386e-04 -2.4339e-04 -2.3315e-04 -2.2315e-04 -2.1340e-04 -2.0390e-04 -1.9465e-04 -1.8567e-04 -1.7695e-04 -1.6850e-04 -1.6031e-04 -1.5239e-04 -1.4475e-04 -1.3737e-04 -1.3026e-04 -1.2341e-04 -1.1683e-04 -1.1050e-04 -1.0443e-04 -9.8612e-05 -9.3040e-05 -8.7711e-05 -8.2619e-05 -7.7758e-05 -7.3123e-05 -6.8707e-05 -6.4506e-05 -6.0511e-05 -5.6717e-05 -5.3118e-05 -4.9706e-05 -4.6475e-05 -4.3419e-05 -4.0531e-05 -3.7804e-05 -1.5793e-04 -2.2309e-04 -2.7270e-04 -3.1403e-04 -3.4986e-04 -3.8161e-04 -4.1010e-04 -4.3586e-04 -4.5924e-04 -4.8050e-04 0.0000e+00 -5.1740e-04 -5.3330e-04 -5.4763e-04 -5.6047e-04 -5.7189e-04 -5.8194e-04 -5.9069e-04 -5.9817e-04 -6.0444e-04 -6.0954e-04 -6.1350e-04 -6.1636e-04 -6.1817e-04 -6.1897e-04 -6.1878e-04 -6.1766e-04 -6.1563e-04 -6.1274e-04 -6.0903e-04 -6.0453e-04 -5.9928e-04 -5.9333e-04 -5.8670e-04 -5.7945e-04 -5.7161e-04 -5.6321e-04 -5.5430e-04 -5.4492e-04 -5.3510e-04 -5.2489e-04 -5.1431e-04 -5.0342e-04 -4.9223e-04 -4.8079e-04 -4.6914e-04 -4.5731e-04 -4.4532e-04 -4.3321e-04 -4.2102e-04 -4.0877e-04 -3.9649e-04 -3.8421e-04 -3.7195e-04 -3.5974e-04 -3.4760e-04 -3.3555e-04 -3.2362e-04 -3.1183e-04 -3.0018e-04 -2.8871e-04 -2.7742e-04 -2.6632e-04 -2.5544e-04 -2.4479e-04 -2.3436e-04 -2.2418e-04 -2.1425e-04 -2.0458e-04 -1.9517e-04 -1.8603e-04 -1.7716e-04 -1.6857e-04 -1.6025e-04 -1.5221e-04 -1.4445e-04 -1.3697e-04 -1.2976e-04 -1.2282e-04 -1.1615e-04 -1.0975e-04 -1.0362e-04 -9.7744e-05 -9.2123e-05 -8.6751e-05 -8.1622e-05 -7.6732e-05 -7.2074e-05 -6.7641e-05 -6.3427e-05 -5.9425e-05 -5.5629e-05 -5.2032e-05 -4.8626e-05 -4.5406e-05 -4.2363e-05 -3.9491e-05 -3.6783e-05 -3.4232e-05 -3.1831e-05
-1.6345e-04 -2.3090e-04 -2.8228e-04 -3.2511e-04 -3.6230e-04 -3.9528e-04 -4.2493e-04 -4.5179e-04 -4.7622e-04 -4.9851e-04 -5.1884e-04 1.4967e-02 -5.5423e-04 -5.6950e-04 -5.8327e-04 -5.9561e-04 -6.0658e-04 -6.1623e-04 -6.2461e-04 -6.3176e-04 -6.3772e-04 -6.4255e-04 -6.4626e-04 -6.4890e-04 -6.5052e-04 -6.5114e-04 -6.5079e-04 -6.4953e-04 -6.4738e-04 -6.4437e-04 -6.4056e-04 -6.3597e-04 -6.3064e-04 -6.2460e-04 -6.1790e-04 -6.1058e-04 -6.0266e-04 -5.9420e-04 -5.8521e-04 -5.7575e-04 -5.6585e-04 -5.5554e-04 -5.4486e-04 -5.3385e-04 -5.2254e-04 -5.1097e-04 -4.9916e-04 -4.8716e-04 -4.7499e-04 -4.6268e-04 -4.5027e-04 -4.3778e-04 -4.2525e-04 -4.1269e-04 -4.0014e-04 -3.8762e-04 -3.7515e-04 -3.6276e-04 -3.5046e-04 -3.3828e-04 -3.2624e-04 -3.1434e-04 -3.0262e-04 -2.9108e-04 -2.7973e-04 -2.6860e-04 -2.5769e-04 -2.4700e-04 -2.3656e-04 -2.2637e-04 -2.1643e-04 -2.0675e-04 -1.9734e-04 -1.8819e-04 -1.7932e-04 -1.7073e-04 -1.6241e-04 -1.5437e-04 -1.4660e-04 -1.3911e-04 -1.3189e-04 -1.2494e-04 -1.1826e-04 -1.1184e-04 -1.0569e-04 -9.9788e-05 -9.4141e-05 -8.8741e-05 -8.3582e-05 -7.8658e-05 -7.3964e-05 -6.9493e-05 -6.5239e-05 -6.1195e-05 -5.7355e-05 -5.3713e-05 -5.0260e-05 -4.6992e-05 -4.3900e-05 -4.0978e-05 -1.6345e-04 -2.3088e-04 -2.8222e-04 -3.2499e-04 -3.6209e-04 -3.9495e-04 -4.2445e-04 -4.5112e-04 -4.7534e-04 -4.9736e-04 -5.1740e-04 0.0000e+00 -5.5208e-04 -5.6694e-04 -5.8027e-04 -5.9213e-04 -6.0257e-04 -6.1167e-04 -6.1946e-04 -6.2600e-04 -6.3132e-04 -6.3547e-04 -6.3849e-04 -6.4042e-04 -6.4131e-04 -6.4117e-04 -6.4007e-04 -6.3804e-04 -6.3511e-04 -6.3133e-04 -6.2673e-04 -6.2136e-04 -6.1526e-04 -6.0847e-04 -6.0102e-04 -5.9296e-04 -5.8433e-04 -5.7517e-04 -5.6551e-04 -5.5540e-04 -5.4488e-04 -5.3398e-04 -5.2275e-04 -5.1122e-04 -4.9942e-04 -4.8740e-04 -4.7518e-04 -4.6280e-04 -4.5030e-04 -4.3771e-04 -4.2505e-04 -4.1236e-04 -3.9966e-04 -3.8698e-04 -3.7435e-04 -3.6179e-04 -3.4932e-04 -3.3697e-04 -3.2476e-04 -3.1270e-04 -3.0081e-04 -2.8911e-04 -2.7761e-04 -2.6633e-04 -2.5528e-04 -2.4446e-04 -2.3390e-04 -2.2359e-04 -2.1355e-04 -2.0378e-04 -1.9429e-04 -1.8507e-04 -1.7614e-04 -1.6749e-04 -1.5913e-04 -1.5106e-04 -1.4327e-04 -1.3576e-04 -1.2854e-04 -1.2160e-04 -1.1493e-04 -1.0854e-04 -1.0242e-04 -9.6554e-05 -9.0950e-05 -8.5599e-05 -8.0495e-05 -7.5631e-05 -7.1001e-05 -6.6599e-05 -6.2417e-05 -5.8448e-05 -5.4686e-05 -5.1123e-05 -4.7753e-05 -4.4567e-05 -4.1560e-05 -3.8723e-05 -3.6050e-05 -3.3533e-05
-1.6843e-04 -2.3794e-04 -2.9090e-04 -3.3505e-04 -3.7339e-04 -4.0742e-04 -4.3801e-04 -4.6573e-04 -4.9097e-04 -5.1401e-04 -5.3504e-04 -5.5423e-04 1.7565e-02 -5.8755e-04 -6.0186e-04 -6.1470e-04 -6.2615e-04 -6.3624e-04 -6.4503e-04 -6.5256e-04 -6.5888e-04 -6.6403e-04 -6.6805e-04 -6.7097e-04 -6.7283e-04 -6.7366e-04 -6.7352e-04 -6.7242e-04 -6.7041e-04 -6.6753e-04 -6.6381e-04 -6.5929e-04 -6.5401e-04 -6.4800e-04 -6.4130e-04 -6.3395e-04 -6.2599e-04 -6.1746e-04 -6.0839e-04 -5.9881e-04 -5.8878e-04 -5.7832e-04 -5.6747e-04 -5.5627e-04 -5.4475e-04 -5.3295e-04 -5.2090e-04 -5.0863e-04 -4.9618e-04 -4.8359e-04 -4.7087e-04 -4.5806e-04 -4.4520e-04 -4.3230e-04 -4.1939e-04 -4.0650e-04 -3.9366e-04 -3.8088e-04 -3.6819e-04 -3.5561e-04 -3.4316e-04 -3.3086e-04 -3.1872e-04 -3.0676e-04 -2.9499e-04 -2.8344e-04 -2.7210e-04 -2.6099e-04 -2.5013e-04 -2.3951e-04 -2.2915e-04 -2.1905e-04 -2.0923e-04 -1.9967e-04 -1.9040e-04 -1.8140e-04 -1.7268e-04 -1.6425e-04 -1.5610e-04 -1.4823e-04 -1.4064e-04 -1.3333e-04 -1.2629e-04 -1.1953e-04 -1.1304e-04 -1.0681e-04 -1.0084e-04 -9.5132e-05 -8.9670e-05 -8.4453e-05 -7.9475e-05 -7.4729e-05 -7.0210e-05 -6.5910e-05 -6.1823e-05 -5.7943e-05 -5.4262e-05 -5.0774e-05 -4.7472e-05 -4.4348e-05 -1.6843e-04 -2.3792e-04 -2.9083e-04 -3.3491e-04 -3.7314e-04 -4.0702e-04 -4.3743e-04 -4.6493e-04 -4.8990e-04 -5.1262e-04 -5.3330e-04 -5.5208e-04 0.0000e+00 -5.8445e-04 -5.9822e-04 -6.1048e-04 -6.2130e-04 -6.3072e-04 -6.3880e-04 -6.4559e-04 -6.5113e-04 -6.5547e-04 -6.5865e-04 -6.6070e-04 -6.6167e-04 -6.6161e-04 -6.6054e-04 -6.5851e-04 -6.5556e-04 -6.5174e-04 -6.4707e-04 -6.4161e-04 -6.3539e-04 -6.2846e-04 -6.2085e-04 -6.1261e-04 -6.0378e-04 -5.9440e-04 -5.8451e-04 -5.7415e-04 -5.6336e-04 -5.5219e-04 -5.4066e-04 -5.2882e-04 -5.1671e-04 -5.0436e-04 -4.9181e-04 -4.7909e-04 -4.6624e-04 -4.5328e-04 -4.4026e-04 -4.2720e-04 -4.1413e-04 -4.0108e-04 -3.8807e-04 -3.7513e-04 -3.6229e-04 -3.4955e-04 -3.3696e-04 -3.2452e-04 -3.1226e-04 -3.0018e-04 -2.8832e-04 -2.7667e-04 -2.6525e-04 -2.5408e-04 -2.4316e-04 -2.3251e-04 -2.2213e-04 -2.1202e-04 -2.0220e-04 -1.9266e-04 -1.8341e-04 -1.7446e-04 -1.6579e-04 -1.5743e-04 -1.4935e-04 -1.4157e-04 -1.3408e-04 -1.2688e-04 -1.1996e-04 -1.1332e-04 -1.0696e-04 -1.0087e-04 -9.5046e-05 -8.9483e-05 -8.4175e-05 -7.9115e-05 -7.4296e-05 -6.9713e-05 -6.5357e-05 -6.1223e-05 -5.7302e-05 -5.3588e-05 -5.0072e-05 -4.6749e-05 -4.3609e-05 -4.0647e-05 -3.7855e-05 -3.5225e-05
-1.7291e-04 -2.4428e-04 -2.9865e-04 -3.4400e-04 -3.8339e-04 -4.1835e-04 -4.4980e-04 -4.7832e-04 -5.0430e-04 -5.2802e-04 -5.4970e-04 -5.6950e-04 -5.8755e-04 2.0370e-02 -6.1877e-04 -6.3210e-04 -6.4400e-04 -6.5452e-04 -6.6372e-04 -6.7164e-04 -6.7832e-04 -6.8381e-04 -6.8814e-04 -6.9135e-04 -6.9348e-04 -6.9457e-04 -6.9464e-04 -6.9375e-04 -6.9192e-04 -6.8920e-04 -6.8562e-04 -6.8121e-04 -6.7602e-04 -6.7009e-04 -6.6344e-04 -6.5612e-04 -6.4816e-04 -6.3962e-04 -6.3051e-04 -6.2088e-04 -6.1077e-04 -6.0021e-04 -5.8925e-04 -5.7791e-04 -5.6624e-04 -5.5426e-04 -5.4202e-04 -5.2955e-04 -5.1688e-04 -5.0404e-04 -4.9107e-04 -4.7799e-04 -4.6484e-04 -4.5164e-04 -4.3842e-04 -4.2521e-04 -4.1203e-04 -3.9890e-04 -3.8586e-04 -3.7292e-04 -3.6010e-04 -3.4741e-04 -3.3489e-04 -3.2254e-04 -3.1038e-04 -2.9842e-04 -2.8669e-04 -2.7518e-04 -2.6390e-04 -2.5288e-04 -2.4212e-04 -2.3162e-04 -2.2139e-04 -2.1143e-04 -2.0176e-04 -1.9237e-04 -1.8326e-04 -1.7444e-04 -1.6591e-04 -1.5766e-04 -1.4971e-04 -1.4203e-04 -1.3464e-04 -1.2753e-04 -1.2070e-04 -1.1414e-04 -1.0785e-04 -1.0182e-04 -9.6051e-05 -9.0535e-05 -8.5267e-05 -8.0240e-05 -7.5448e-05 -7.0885e-05 -6.6544e-05 -6.2418e-05 -5.8501e-05 -5.4786e-05 -5.1265e-05 -4.7931e-05 -1.7291e-04 -2.4425e-04 -2.9857e-04 -3.4383e-04 -3.8309e-04 -4.1788e-04 -4.4911e-04 -4.7736e-04 -5.0302e-04 -5.2637e-04 -5.4763e-04 -5.6694e-04 -5.8445e-04 0.0000e+00 -6.1443e-04 -6.2707e-04 -6.3822e-04 -6.4795e-04 -6.5631e-04 -6.6334e-04 -6.6909e-04 -6.7361e-04 -6.7694e-04 -6.7912e-04 -6.8019e-04 -6.8020e-04 -6.7918e-04 -6.7717e-04 -6.7422e-04 -6.7037e-04 -6.6566e-04 -6.6013e-04 -6.5382e-04 -6.4678e-04 -6.3904e-04 -6.3066e-04 -6.2166e-04 -6.1210e-04 -6.0202e-04 -5.9145e-04 -5.8044e-04 -5.6902e-04 -5.5725e-04 -5.4514e-04 -5.3276e-04 -5.2013e-04 -5.0728e-04 -4.9426e-04 -4.8110e-04 -4.6783e-04 -4.5449e-04 -4.4110e-04 -4.2770e-04 -4.1431e-04 -4.0097e-04 -3.8769e-04 -3.7450e-04 -3.6143e-04 -3.4849e-04 -3.3571e-04 -3.2310e-04 -3.1069e-04 -2.9849e-04 -2.8650e-04 -2.7475e-04 -2.6325e-04 -2.5201e-04 -2.4104e-04 -2.3034e-04 -2.1992e-04 -2.0979e-04 -1.9996e-04 -1.9042e-04 -1.8117e-04 -1.7223e-04 -1.6359e-04 -1.5525e-04 -1.4721e-04 -1.3946e-04 -1.3201e-04 -1.2485e-04 -1.1798e-04 -1.1140e-04 -1.0509e-04 -9.9058e-05 -9.3292e-05 -8.7788e-05 -8.2540e-05 -7.7541e-05 -7.2783e-05 -6.8261e-05 -6.3966e-05 -5.9891e-05 -5.6030e-05 -5.2374e-05 -4.8916e-05 -4.5649e-05 -4.2565e-05 -3.9656e-05 -3.6916e-05
-1.7692e-04 -2.4994e-04 -3.0559e-04 -3.5201e-04 -3.9234e-04 -4.2815e-04 -4.6038e-04 -4.8962e-04 -5.1627e-04 -5.4063e-04 -5.6291e-04 -5.8327e-04 -6.0186e-04 -6.1877e-04 2.3382e-02 -6.4788e-04 -6.6023e-04 -6.7118e-04 -6.8078e-04 -6.8909e-04 -6.9614e-04 -7.0197e-04 -7.0663e-04 -7.1015e-04 -7.1257e-04 -7.1393e-04 -7.1427e-04 -7.1361e-04 -7.1200e-04 -7.0947e-04 -7.0607e-04 -7.0182e-04 -6.9677e-04 -6.9095e-04 -6.8440e-04 -6.7716e-04 -6.6926e-04 -6.6075e-04 -6.5166e-04 -6.4203e-04 -6.3190e-04 -6.2130e-04 -6.1027e-04 -5.9886e-04 -5.8708e-04 -5.7499e-04 -5.6261e-04 -5.4998e-04 -5.3713e-04 -5.2411e-04 -5.1092e-04 -4.9762e-04 -4.8423e-04 -4.7077e-04 -4.5729e-04 -4.4379e-04 -4.3032e-04 -4.1689e-04 -4.0353e-04 -3.9025e-04 -3.7709e-04 -3.6406e-04 -3.5118e-04 -3.3847e-04 -3.2594e-04 -3.1361e-04 -3.0149e-04 -2.8959e-04 -2.7794e-04 -2.6652e-04 -2.5537e-04 -2.4447e-04 -2.3385e-04 -2.2351e-04 -2.1344e-04 -2.0366e-04 -1.9417e-04 -1.8497e-04 -1.7606e-04 -1.6744e-04 -1.5912e-04 -1.5108e-04 -1.4334e-04 -1.3588e-04 -1.2870e-04 -1.2180e-04 -1.1518e-04 -1.0883e-04 -1.0275e-04 -9.6928e-05 -9.1363e-05 -8.6048e-05 -8.0976e-05 -7.6142e-05 -7.1539e-05 -6.7159e-05 -6.2997e-05 -5.9046e-05 -5.5297e-05 -5.1745e-05 -1.7691e-04 -2.4991e-04 -3.0549e-04 -3.5181e-04 -3.9198e-04 -4.2759e-04 -4.5957e-04 -4.8849e-04 -5.1477e-04 -5.3869e-04 -5.6047e-04 -5.8027e-04 -5.9822e-04 -6.1443e-04 0.0000e+00 -6.4197e-04 -6.5344e-04 -6.6345e-04 -6.7207e-04 -6.7933e-04 -6.8529e-04 -6.8998e-04 -6.9347e-04 -6.9577e-04 -6.9695e-04 -6.9704e-04 -6.9608e-04 -6.9411e-04 -6.9118e-04 -6.8732e-04 -6.8259e-04 -6.7701e-04 -6.7065e-04 -6.6352e-04 -6.5569e-04 -6.4719e-04 -6.3807e-04 -6.2837e-04 -6.1812e-04 -6.0738e-04 -5.9618e-04 -5.8457e-04 -5.7258e-04 -5.6025e-04 -5.4764e-04 -5.3476e-04 -5.2166e-04 -5.0838e-04 -4.9496e-04 -4.8141e-04 -4.6779e-04 -4.5412e-04 -4.4042e-04 -4.2674e-04 -4.1310e-04 -3.9951e-04 -3.8602e-04 -3.7264e-04 -3.5940e-04 -3.4631e-04 -3.3340e-04 -3.2067e-04 -3.0816e-04 -2.9587e-04 -2.8382e-04 -2.7202e-04 -2.6048e-04 -2.4921e-04 -2.3822e-04 -2.2752e-04 -2.1711e-04 -2.0699e-04 -1.9718e-04 -1.8767e-04 -1.7846e-04 -1.6957e-04 -1.6097e-04 -1.5269e-04 -1.4470e-04 -1.3702e-04 -1.2964e-04 -1.2255e-04 -1.1575e-04 -1.0923e-04 -1.0300e-04 -9.7040e-05 -9.1349e-05 -8.5920e-05 -8.0746e-05 -7.5821e-05 -7.1137e-05 -6.6687e-05 -6.2464e-05 -5.8460e-05 -5.4667e-05 -5.1078e-05 -4.7686e-05 -4.4482e-05 -4.1460e-05 -3.8611e-05
-1.8047e-04 -2.5497e-04 -3.1174e-04 -3.5912e-04 -4.0028e-04 -4.3686e-04 -4.6979e-04 -4.9968e-04 -5.2695e-04 -5.5189e-04 -5.7472e-04 -5.9561e-04 -6.1470e-04 -6.3210e-04 -6.4788e-04 2.6601e-02 -6.7491e-04 -6.8628e-04 -6.9629e-04 -7.0498e-04 -7.1240e-04 -7.1860e-04 -7.2360e-04 -7.2745e-04 -7.3019e-04 -7.3184e-04 -7.3246e-04 -7.3207e-04 -7.3071e-04 -7.2842e-04 -7.2523e-04 -7.2118e-04 -7.1631e-04 -7.1066e-04 -7.0425e-04 -6.9714e-04 -6.8935e-04 -6.8093e-04 -6.7191e-04 -6.6233e-04 -6.5223e-04 -6.4164e-04 -6.3061e-04 -6.1916e-04 -6.0734e-04 -5.9518e-04 -5.8271e-04 -5.6998e-04 -5.5701e-04 -5.4383e-04 -5.3049e-04 -5.1701e-04 -5.0342e-04 -4.8976e-04 -4.7604e-04 -4.6231e-04 -4.4857e-04 -4.3487e-04 -4.2123e-04 -4.0766e-04 -3.9419e-04 -3.8084e-04 -3.6763e-04 -3.5458e-04 -3.4171e-04 -3.2902e-04 -3.1654e-04 -3.0428e-04 -2.9225e-04 -2.8047e-04 -2.6893e-04 -2.5766e-04 -2.4666e-04 -2.3593e-04 -2.2548e-04 -2.1532e-04 -2.0545e-04 -1.9587e-04 -1.8659e-04 -1.7760e-04 -1.6890e-04 -1.6050e-04 -1.5240e-04 -1.4458e-04 -1.3706e-04 -1.2982e-04 -1.2287e-04 -1.1619e-04 -1.0979e-04 -1.0365e-04 -9.7785e-05 -9.2174e-05 -8.6814e-05 -8.1700e-05 -7.6826e-05 -7.2184e-05 -6.7768e-05 -6.3571e-05 -5.9586e-05 -5.5806e-05 -1.8047e-04 -2.5493e-04 -3.1163e-04 -3.5888e-04 -3.9987e-04 -4.3621e-04 -4.6885e-04 -4.9837e-04 -5.2520e-04 -5.4964e-04 -5.7189e-04 -5.9213e-04 -6.1048e-04 -6.2707e-04 -6.4197e-04 0.0000e+00 -6.6703e-04 -6.7731e-04 -6.8617e-04 -6.9365e-04 -6.9980e-04 -7.0467e-04 -7.0831e-04 -7.1075e-04 -7.1204e-04 -7.1221e-04 -7.1132e-04 -7.0941e-04 -7.0651e-04 -7.0267e-04 -6.9794e-04 -6.9234e-04 -6.8594e-04 -6.7877e-04 -6.7087e-04 -6.6229e-04 -6.5307e-04 -6.4325e-04 -6.3288e-04 -6.2200e-04 -6.1066e-04 -5.9888e-04 -5.8672e-04 -5.7421e-04 -5.6140e-04 -5.4832e-04 -5.3502e-04 -5.2152e-04 -5.0786e-04 -4.9408e-04 -4.8022e-04 -4.6629e-04 -4.5235e-04 -4.3841e-04 -4.2450e-04 -4.1065e-04 -3.9689e-04 -3.8324e-04 -3.6972e-04 -3.5636e-04 -3.4317e-04 -3.3017e-04 -3.1738e-04 -3.0481e-04 -2.9249e-04 -2.8041e-04 -2.6860e-04 -2.5706e-04 -2.4581e-04 -2.3484e-04 -2.2416e-04 -2.1379e-04 -2.0372e-04 -1.9396e-04 -1.8452e-04 -1.7538e-04 -1.6655e-04 -1.5803e-04 -1.4982e-04 -1.4192e-04 -1.3432e-04 -1.2702e-04 -1.2002e-04 -1.1331e-04 -1.0688e-04 -1.0074e-04 -9.4867e-05 -8.9264e-05 -8.3923e-05 -7.8835e-05 -7.3995e-05 -6.9395e-05 -6.5027e-05 -6.0884e-05 -5.6958e-05 -5.3242e-05 -4.9727e-05 -4.6406e-05 -4.3272e-05 -4.0316e-05
