1.1990e-08 -1.4142e-07 -2.5979e-07 -3.9990e-07 -5.5867e-07 -7.3389e-07 -9.2379e-07 -1.1267e-06 -1.3412e-06 -1.5654e-06 -1.7976e-06 -2.0358e-06 -2.2776e-06 -2.5204e-06 -2.7613e-06 -2.9970e-06 -3.2238e-06 -3.4379e-06 -3.6350e-06 -3.8109e-06 -3.9613e-06 -4.0819e-06 -4.1690e-06 -4.2189e-06 -4.2290e-06 -4.1973e-06 -4.1230e-06 -4.0065e-06 -3.8495e-06 -3.6549e-06 -3.4271e-06 -3.1718e-06 -2.8954e-06 -2.6051e-06 -2.3087e-06 -2.0136e-06 -1.7272e-06 -1.4557e-06 -1.2046e-06 -9.7784e-07 -7.7792e-07 -6.0597e-07 -4.6175e-07 -3.4385e-07 -2.4998e-07 -1.7725e-07 -1.2243e-07 -8.2304e-08 -5.3783e-08 -3.4126e-08 -2.1001e-08 -1.2519e-08 -7.2210e-09 -4.0247e-09 -2.1650e-09 -1.1225e-09 -5.6024e-10 -2.6880e-10 -1.2381e-10 -5.4670e-11 -2.3110e-11 -9.3387e-12 -3.6022e-12 -1.3243e-12 -4.6337e-13 -1.5405e-13 -4.8593e-14 -1.4519e-14 -4.1025e-15 -1.0945e-15 -2.7525e-16 -6.5136e-17 -1.4480e-17 -3.0188e-18 -5.8916e-19 -1.0745e-19 -1.8279e-20 -2.8953e-21 -4.2622e-22 -5.8201e-23 -7.3582e-24 -8.5965e-25 -9.2626e-26 -9.1863e-27 -8.3693e-28 -6.9902e-29 -5.3414e-30 -3.7264e-31 -2.3686e-32 -1.3687e-33 -7.1755e-35 -3.4052e-36 -1.4597e-37 -5.6392e-39 -1.9591e-40 -6.1063e-42 -1.7038e-43 -4.2455e-45 -9.4261e-47 -1.8603e-48 0.0000e+00 -1.4142e-07 -2.5979e-07 -3.9990e-07 -5.5867e-07 -7.3389e-07 -9.2379e-07 -1.1267e-06 -1.3412e-06 -1.5654e-06 -1.7976e-06 -2.0358e-06 -2.2776e-06 -2.5204e-06 -2.7613e-06 -2.9970e-06 -3.2238e-06 -3.4379e-06 -3.6350e-06 -3.8109e-06 -3.9613e-06 -4.0819e-06 -4.1690e-06 -4.2189e-06 -4.2290e-06 -4.1973e-06 -4.1230e-06 -4.0065e-06 -3.8494e-06 -3.6549e-06 -3.4271e-06 -3.1718e-06 -2.8954e-06 -2.6051e-06 -2.3087e-06 -2.0136e-06 -1.7272e-06 -1.4557e-06 -1.2046e-06 -9.7784e-07 -7.7792e-07 -6.0597e-07 -4.6175e-07 -3.4385e-07 -2.4998e-07 -1.7724e-07 -1.2243e-07 -8.2303e-08 -5.3783e-08 -3.4126e-08 -2.1001e-08 -1.2519e-08 -7.2209e-09 -4.0247e-09 -2.1650e-09 -1.1225e-09 -5.6024e-10 -2.6880e-10 -1.2381e-10 -5.4669e-11 -2.3110e-11 -9.3385e-12 -3.6021e-12 -1.3243e-12 -4.6336e-13 -1.5405e-13 -4.8592e-14 -1.4519e-14 -4.1024e-15 -1.0945e-15 -2.7524e-16 -6.5134e-17 -1.4480e-17 -3.0187e-18 -5.8914e-19 -1.0745e-19 -1.8279e-20 -2.8952e-21 -4.2620e-22 -5.8198e-23 -7.3579e-24 -8.5961e-25 -9.2621e-26 -9.1859e-27 -8.3689e-28 -6.9898e-29 -5.3411e-30 -3.7262e-31 -2.3684e-32 -1.3686e-33 -7.1750e-35 -3.4050e-36 -1.4596e-37 -5.6387e-39 -1.9589e-40 -6.1058e-42 -1.7036e-43 -4.2451e-45 -9.4252e-47 -1.8601e-48
-1.4142e-07 1.9183e-07 -7.3478e-07 -1.1311e-06 -1.5801e-06 -2.0757e-06 -2.6128e-06 -3.1869e-06 -3.7933e-06 -4.4276e-06 -5.0844e-06 -5.7580e-06 -6.4420e-06 -7.1288e-06 -7.8101e-06 -8.4767e-06 -9.1182e-06 -9.7236e-06 -1.0281e-05 -1.0779e-05 -1.1204e-05 -1.1545e-05 -1.1792e-05 -1.1933e-05 -1.1961e-05 -1.1872e-05 -1.1662e-05 -1.1332e-05 -1.0888e-05 -1.0338e-05 -9.6935e-06 -8.9713e-06 -8.1894e-06 -7.3685e-06 -6.5300e-06 -5.6955e-06 -4.8853e-06 -4.1176e-06 -3.4073e-06 -2.7659e-06 -2.2004e-06 -1.7140e-06 -1.3061e-06 -9.7263e-07 -7.0712e-07 -5.0137e-07 -3.4633e-07 -2.3281e-07 -1.5214e-07 -9.6536e-08 -5.9408e-08 -3.5416e-08 -2.0427e-08 -1.1386e-08 -6.1247e-09 -3.1756e-09 -1.5850e-09 -7.6046e-10 -3.5028e-10 -1.5467e-10 -6.5384e-11 -2.6422e-11 -1.0192e-11 -3.7471e-12 -1.3111e-12 -4.3591e-13 -1.3750e-13 -4.1085e-14 -1.1609e-14 -3.0974e-15 -7.7895e-16 -1.8434e-16 -4.0982e-17 -8.5440e-18 -1.6676e-18 -3.0414e-19 -5.1741e-20 -8.1960e-21 -1.2066e-21 -1.6477e-22 -2.0832e-23 -2.4339e-24 -2.6226e-25 -2.6012e-26 -2.3699e-27 -1.9795e-28 -1.5127e-29 -1.0554e-30 -6.7087e-32 -3.8770e-33 -2.0326e-34 -9.6468e-36 -4.1355e-37 -1.5978e-38 -5.5512e-40 -1.7304e-41 -4.8285e-43 -1.2033e-44 -2.6718e-46 -5.2735e-48 -1.4142e-07 0.0000e+00 -7.3478e-07 -1.1311e-06 -1.5801e-06 -2.0757e-06 -2.6128e-06 -3.1869e-06 -3.7933e-06 -4.4276e-06 -5.0844e-06 -5.7580e-06 -6.4420e-06 -7.1288e-06 -7.8101e-06 -8.4767e-06 -9.1182e-06 -9.7236e-06 -1.0281e-05 -1.0779e-05 -1.1204e-05 -1.1545e-05 -1.1791e-05 -1.1933e-05 -1.1961e-05 -1.1872e-05 -1.1661e-05 -1.1332e-05 -1.0888e-05 -1.0337e-05 -9.6933e-06 -8.9711e-06 -8.1893e-06 -7.3683e-06 -6.5298e-06 -5.6953e-06 -4.8852e-06 -4.1174e-06 -3.4072e-06 -2.7658e-06 -2.2003e-06 -1.7140e-06 -1.3060e-06 -9.7257e-07 -7.0707e-07 -5.0133e-07 -3.4630e-07 -2.3279e-07 -1.5213e-07 -9.6526e-08 -5.9401e-08 -3.5411e-08 -2.0425e-08 -1.1384e-08 -6.1238e-09 -3.1751e-09 -1.5847e-09 -7.6032e-10 -3.5021e-10 -1.5464e-10 -6.5370e-11 -2.6416e-11 -1.0189e-11 -3.7461e-12 -1.3107e-12 -4.3578e-13 -1.3746e-13 -4.1071e-14 -1.1605e-14 -3.0962e-15 -7.7863e-16 -1.8426e-16 -4.0963e-17 -8.5399e-18 -1.6667e-18 -3.0397e-19 -5.1712e-20 -8.1911e-21 -1.2058e-21 -1.6466e-22 -2.0818e-23 -2.4321e-24 -2.6206e-25 -2.5991e-26 -2.3680e-27 -1.9778e-28 -1.5113e-29 -1.0544e-30 -6.7020e-32 -3.8729e-33 -2.0304e-34 -9.6358e-36 -4.1305e-37 -1.5958e-38 -5.5440e-40 -1.7281e-41 -4.8216e-43 -1.2015e-44 -2.6677e-46 -5.2651e-48
-2.5979e-07 -7.3478e-07 9.7114e-07 -2.0778e-06 -2.9027e-06 -3.8131e-06 -4.7998e-06 -5.8543e-06 -6.9684e-06 -8.1334e-06 -9.3400e-06 -1.0578e-05 -1.1834e-05 -1.3096e-05 -1.4347e-05 -1.5572e-05 -1.6750e-05 -1.7862e-05 -1.8887e-05 -1.9801e-05 -2.0582e-05 -2.1209e-05 -2.1662e-05 -2.1921e-05 -2.1974e-05 -2.1809e-05 -2.1423e-05 -2.0818e-05 -2.0002e-05 -1.8992e-05 -1.7809e-05 -1.6482e-05 -1.5046e-05 -1.3538e-05 -1.1997e-05 -1.0464e-05 -8.9759e-06 -7.5655e-06 -6.2607e-06 -5.0822e-06 -4.0432e-06 -3.1497e-06 -2.4001e-06 -1.7874e-06 -1.2995e-06 -9.2141e-07 -6.3651e-07 -4.2790e-07 -2.7964e-07 -1.7744e-07 -1.0920e-07 -6.5105e-08 -3.7554e-08 -2.0933e-08 -1.1261e-08 -5.8392e-09 -2.9146e-09 -1.3985e-09 -6.4421e-10 -2.8449e-10 -1.2027e-10 -4.8607e-11 -1.8751e-11 -6.8948e-12 -2.4127e-12 -8.0225e-13 -2.5309e-13 -7.5630e-14 -2.1374e-14 -5.7032e-15 -1.4345e-15 -3.3952e-16 -7.5492e-17 -1.5741e-17 -3.0728e-18 -5.6051e-19 -9.5375e-20 -1.5110e-20 -2.2249e-21 -3.0388e-22 -3.8429e-23 -4.4908e-24 -4.8400e-25 -4.8015e-26 -4.3757e-27 -3.6558e-28 -2.7944e-29 -1.9501e-30 -1.2399e-31 -7.1676e-33 -3.7589e-34 -1.7845e-35 -7.6523e-37 -2.9575e-38 -1.0278e-39 -3.2051e-41 -8.9465e-43 -2.2303e-44 -4.9541e-46 -9.7819e-48 -2.5979e-07 -7.3478e-07 0.0000e+00 -2.0778e-06 -2.9027e-06 -3.8131e-06 -4.7998e-06 -5.8543e-06 -6.9684e-06 -8.1334e-06 -9.3400e-06 -1.0578e-05 -1.1834e-05 -1.3096e-05 -1.4347e-05 -1.5572e-05 -1.6750e-05 -1.7862e-05 -1.8887e-05 -1.9801e-05 -2.0582e-05 -2.1209e-05 -2.1661e-05 -2.1921e-05 -2.1973e-05 -2.1808e-05 -2.1422e-05 -2.0817e-05 -2.0001e-05 -1.8990e-05 -1.7807e-05 -1.6480e-05 -1.5044e-05 -1.3536e-05 -1.1996e-05 -1.0463e-05 -8.9746e-06 -7.5642e-06 -6.2595e-06 -5.0811e-06 -4.0423e-06 -3.1489e-06 -2.3995e-06 -1.7868e-06 -1.2991e-06 -9.2108e-07 -6.3625e-07 -4.2772e-07 -2.7951e-07 -1.7735e-07 -1.0914e-07 -6.5066e-08 -3.7530e-08 -2.0918e-08 -1.1253e-08 -5.8345e-09 -2.9121e-09 -1.3972e-09 -6.4358e-10 -2.8419e-10 -1.2014e-10 -4.8549e-11 -1.8728e-11 -6.8854e-12 -2.4092e-12 -8.0102e-13 -2.5268e-13 -7.5499e-14 -2.1335e-14 -5.6921e-15 -1.4315e-15 -3.3878e-16 -7.5318e-17 -1.5703e-17 -3.0649e-18 -5.5900e-19 -9.5104e-20 -1.5065e-20 -2.2179e-21 -3.0288e-22 -3.8296e-23 -4.4744e-24 -4.8215e-25 -4.7823e-26 -4.3573e-27 -3.6397e-28 -2.7815e-29 -1.9407e-30 -1.2337e-31 -7.1297e-33 -3.7382e-34 -1.7742e-35 -7.6062e-37 -2.9389e-38 -1.0211e-39 -3.1832e-41 -8.8828e-43 -2.2138e-44 -4.9159e-46 -9.7035e-48
-3.9990e-07 -1.1311e-06 -2.0778e-06 3.0693e-06 -4.4682e-06 -5.8697e-06 -7.3885e-06 -9.0117e-06 -1.0727e-05 -1.2520e-05 -1.4377e-05 -1.6282e-05 -1.8216e-05 -2.0159e-05 -2.2086e-05 -2.3971e-05 -2.5785e-05 -2.7497e-05 -2.9074e-05 -3.0481e-05 -3.1685e-05 -3.2650e-05 -3.3347e-05 -3.3747e-05 -3.3828e-05 -3.3576e-05 -3.2982e-05 -3.2051e-05 -3.0796e-05 -2.9241e-05 -2.7420e-05 -2.5378e-05 -2.3167e-05 -2.0846e-05 -1.8475e-05 -1.6115e-05 -1.3824e-05 -1.1652e-05 -9.6431e-06 -7.8284e-06 -6.2285e-06 -4.8523e-06 -3.6979e-06 -2.7541e-06 -2.0025e-06 -1.4200e-06 -9.8105e-07 -6.5960e-07 -4.3110e-07 -2.7359e-07 -1.6840e-07 -1.0041e-07 -5.7928e-08 -3.2294e-08 -1.7376e-08 -9.0116e-09 -4.4989e-09 -2.1592e-09 -9.9481e-10 -4.3942e-10 -1.8581e-10 -7.5113e-11 -2.8984e-11 -1.0660e-11 -3.7313e-12 -1.2411e-12 -3.9165e-13 -1.1707e-13 -3.3097e-14 -8.8344e-15 -2.2228e-15 -5.2632e-16 -1.1707e-16 -2.4422e-17 -4.7692e-18 -8.7037e-19 -1.4817e-19 -2.3486e-20 -3.4598e-21 -4.7280e-22 -5.9823e-23 -6.9947e-24 -7.5431e-25 -7.4876e-26 -6.8279e-27 -5.7082e-28 -4.3661e-29 -3.0490e-30 -1.9400e-31 -1.1223e-32 -5.8902e-34 -2.7985e-35 -1.2010e-36 -4.6456e-38 -1.6160e-39 -5.0434e-41 -1.4091e-42 -3.5161e-44 -7.8178e-46 -1.5452e-47 -3.9990e-07 -1.1311e-06 -2.0778e-06 0.0000e+00 -4.4682e-06 -5.8697e-06 -7.3884e-06 -9.0117e-06 -1.0727e-05 -1.2520e-05 -1.4377e-05 -1.6282e-05 -1.8216e-05 -2.0159e-05 -2.2085e-05 -2.3970e-05 -2.5784e-05 -2.7496e-05 -2.9073e-05 -3.0480e-05 -3.1683e-05 -3.2648e-05 -3.3344e-05 -3.3744e-05 -3.3825e-05 -3.3572e-05 -3.2978e-05 -3.2046e-05 -3.0791e-05 -2.9235e-05 -2.7413e-05 -2.5371e-05 -2.3160e-05 -2.0839e-05 -1.8468e-05 -1.6108e-05 -1.3817e-05 -1.1646e-05 -9.6374e-06 -7.8233e-06 -6.2240e-06 -4.8485e-06 -3.6947e-06 -2.7514e-06 -2.0004e-06 -1.4184e-06 -9.7982e-07 -6.5870e-07 -4.3047e-07 -2.7316e-07 -1.6811e-07 -1.0022e-07 -5.7811e-08 -3.2224e-08 -1.7335e-08 -8.9890e-09 -4.4868e-09 -2.1529e-09 -9.9174e-10 -4.3797e-10 -1.8516e-10 -7.4830e-11 -2.8868e-11 -1.0614e-11 -3.7144e-12 -1.2351e-12 -3.8964e-13 -1.1644e-13 -3.2906e-14 -8.7805e-15 -2.2085e-15 -5.2272e-16 -1.1623e-16 -2.4236e-17 -4.7310e-18 -8.6301e-19 -1.4685e-19 -2.3265e-20 -3.4257e-21 -4.6790e-22 -5.9172e-23 -6.9148e-24 -7.4527e-25 -7.3936e-26 -6.7380e-27 -5.6295e-28 -4.3031e-29 -3.0031e-30 -1.9094e-31 -1.1038e-32 -5.7888e-34 -2.7482e-35 -1.1785e-36 -4.5549e-38 -1.5831e-39 -4.9365e-41 -1.3780e-42 -3.4353e-44 -7.6309e-46 -1.5068e-47
-5.5867e-07 -1.5801e-06 -2.9027e-06 -4.4682e-06 7.4933e-06 -8.2001e-06 -1.0322e-05 -1.2590e-05 -1.4985e-05 -1.7491e-05 -2.0086e-05 -2.2747e-05 -2.5449e-05 -2.8163e-05 -3.0855e-05 -3.3489e-05 -3.6024e-05 -3.8416e-05 -4.0620e-05 -4.2587e-05 -4.4269e-05 -4.5619e-05 -4.6594e-05 -4.7154e-05 -4.7269e-05 -4.6918e-05 -4.6091e-05 -4.4792e-05 -4.3040e-05 -4.0868e-05 -3.8326e-05 -3.5474e-05 -3.2387e-05 -2.9144e-05 -2.5832e-05 -2.2534e-05 -1.9332e-05 -1.6297e-05 -1.3489e-05 -1.0952e-05 -8.7150e-06 -6.7905e-06 -5.1758e-06 -3.8555e-06 -2.8039e-06 -1.9887e-06 -1.3742e-06 -9.2418e-07 -6.0418e-07 -3.8354e-07 -2.3614e-07 -1.4084e-07 -8.1279e-08 -4.5328e-08 -2.4398e-08 -1.2658e-08 -6.3218e-09 -3.0353e-09 -1.3991e-09 -6.1827e-10 -2.6157e-10 -1.0579e-10 -4.0844e-11 -1.5030e-11 -5.2641e-12 -1.7520e-12 -5.5322e-13 -1.6548e-13 -4.6815e-14 -1.2505e-14 -3.1489e-15 -7.4618e-16 -1.6611e-16 -3.4682e-17 -6.7789e-18 -1.2383e-18 -2.1100e-19 -3.3479e-20 -4.9371e-21 -6.7541e-22 -8.5553e-23 -1.0015e-23 -1.0813e-24 -1.0747e-25 -9.8123e-27 -8.2141e-28 -6.2914e-29 -4.3998e-30 -2.8036e-31 -1.6243e-32 -8.5381e-34 -4.0631e-35 -1.7466e-36 -6.7675e-38 -2.3582e-39 -7.3732e-41 -2.0638e-42 -5.1597e-44 -1.1495e-45 -2.2765e-47 -5.5867e-07 -1.5801e-06 -2.9027e-06 -4.4682e-06 0.0000e+00 -8.2001e-06 -1.0322e-05 -1.2590e-05 -1.4985e-05 -1.7491e-05 -2.0086e-05 -2.2747e-05 -2.5449e-05 -2.8162e-05 -3.0854e-05 -3.3487e-05 -3.6022e-05 -3.8414e-05 -4.0617e-05 -4.2583e-05 -4.4264e-05 -4.5612e-05 -4.6585e-05 -4.7144e-05 -4.7257e-05 -4.6904e-05 -4.6075e-05 -4.4775e-05 -4.3021e-05 -4.0848e-05 -3.8304e-05 -3.5451e-05 -3.2363e-05 -2.9120e-05 -2.5808e-05 -2.2511e-05 -1.9310e-05 -1.6276e-05 -1.3469e-05 -1.0934e-05 -8.6996e-06 -6.7773e-06 -5.1648e-06 -3.8465e-06 -2.7967e-06 -1.9832e-06 -1.3701e-06 -9.2113e-07 -6.0202e-07 -3.8205e-07 -2.3515e-07 -1.4020e-07 -8.0881e-08 -4.5089e-08 -2.4259e-08 -1.2581e-08 -6.2804e-09 -3.0140e-09 -1.3886e-09 -6.1331e-10 -2.5933e-10 -1.0482e-10 -4.0446e-11 -1.4875e-11 -5.2061e-12 -1.7315e-12 -5.4636e-13 -1.6331e-13 -4.6163e-14 -1.2321e-14 -3.0998e-15 -7.3388e-16 -1.6323e-16 -3.4046e-17 -6.6479e-18 -1.2131e-18 -2.0648e-19 -3.2725e-20 -4.8202e-21 -6.5862e-22 -8.3321e-23 -9.7409e-24 -1.0503e-24 -1.0424e-25 -9.5039e-27 -7.9440e-28 -6.0752e-29 -4.2418e-30 -2.6985e-31 -1.5607e-32 -8.1896e-34 -3.8902e-35 -1.6692e-36 -6.4551e-38 -2.2449e-39 -7.0046e-41 -1.9566e-42 -4.8810e-44 -1.0850e-45 -2.1439e-47
-7.3389e-07 -2.0757e-06 -3.8131e-06 -5.8697e-06 -8.2001e-06 1.5538e-05 -1.3559e-05 -1.6538e-05 -1.9686e-05 -2.2977e-05 -2.6386e-05 -2.9883e-05 -3.3433e-05 -3.6998e-05 -4.0535e-05 -4.3995e-05 -4.7327e-05 -5.0471e-05 -5.3367e-05 -5.5953e-05 -5.8165e-05 -5.9942e-05 -6.1225e-05 -6.1964e-05 -6.2119e-05 -6.1662e-05 -6.0580e-05 -5.8877e-05 -5.6580e-05 -5.3731e-05 -5.0394e-05 -4.6650e-05 -4.2596e-05 -3.8337e-05 -3.3985e-05 -2.9652e-05 -2.5444e-05 -2.1454e-05 -1.7761e-05 -1.4424e-05 -1.1481e-05 -8.9482e-06 -6.8226e-06 -5.0839e-06 -3.6985e-06 -2.6243e-06 -1.8141e-06 -1.2205e-06 -7.9828e-07 -5.0700e-07 -3.1231e-07 -1.8638e-07 -1.0762e-07 -6.0053e-08 -3.2344e-08 -1.6792e-08 -8.3924e-09 -4.0325e-09 -1.8602e-09 -8.2274e-10 -3.4838e-10 -1.4103e-10 -5.4500e-11 -2.0076e-11 -7.0386e-12 -2.3451e-12 -7.4137e-13 -2.2203e-13 -6.2890e-14 -1.6821e-14 -4.2413e-15 -1.0064e-15 -2.2438e-16 -4.6918e-17 -9.1852e-18 -1.6806e-18 -2.8685e-19 -4.5594e-20 -6.7360e-21 -9.2324e-22 -1.1717e-22 -1.3744e-23 -1.4870e-24 -1.4811e-25 -1.3554e-26 -1.1372e-27 -8.7307e-29 -6.1206e-30 -3.9099e-31 -2.2711e-32 -1.1970e-33 -5.7118e-35 -2.4623e-36 -9.5680e-38 -3.3439e-39 -1.0487e-40 -2.9446e-42 -7.3855e-44 -1.6507e-45 -3.2803e-47 -7.3389e-07 -2.0757e-06 -3.8131e-06 -5.8697e-06 -8.2001e-06 0.0000e+00 -1.3559e-05 -1.6538e-05 -1.9686e-05 -2.2977e-05 -2.6386e-05 -2.9882e-05 -3.3431e-05 -3.6996e-05 -4.0532e-05 -4.3992e-05 -4.7321e-05 -5.0464e-05 -5.3358e-05 -5.5942e-05 -5.8151e-05 -5.9924e-05 -6.1203e-05 -6.1938e-05 -6.2088e-05 -6.1626e-05 -6.0538e-05 -5.8830e-05 -5.6528e-05 -5.3674e-05 -5.0333e-05 -4.6587e-05 -4.2530e-05 -3.8271e-05 -3.3919e-05 -2.9588e-05 -2.5382e-05 -2.1396e-05 -1.7708e-05 -1.4376e-05 -1.1439e-05 -8.9123e-06 -6.7925e-06 -5.0593e-06 -3.6790e-06 -2.6091e-06 -1.8027e-06 -1.2122e-06 -7.9237e-07 -5.0293e-07 -3.0960e-07 -1.8463e-07 -1.0653e-07 -5.9400e-08 -3.1966e-08 -1.6581e-08 -8.2794e-09 -3.9743e-09 -1.8315e-09 -8.0918e-10 -3.4225e-10 -1.3839e-10 -5.3413e-11 -1.9650e-11 -6.8800e-12 -2.2891e-12 -7.2258e-13 -2.1607e-13 -6.1103e-14 -1.6316e-14 -4.1068e-15 -9.7276e-16 -2.1646e-16 -4.5174e-17 -8.8257e-18 -1.6114e-18 -2.7444e-19 -4.3523e-20 -6.4148e-21 -8.7709e-22 -1.1104e-22 -1.2990e-23 -1.4017e-24 -1.3922e-25 -1.2704e-26 -1.0627e-27 -8.1341e-29 -5.6844e-30 -3.6195e-31 -2.0954e-32 -1.1006e-33 -5.2333e-35 -2.2478e-36 -8.7020e-38 -3.0296e-39 -9.4640e-41 -2.6466e-42 -6.6105e-44 -1.4713e-45 -2.9109e-47
-9.2379e-07 -2.6128e-06 -4.7998e-06 -7.3885e-06 -1.0322e-05 -1.3559e-05 2.8785e-05 -2.0818e-05 -2.4780e-05 -2.8923e-05 -3.3215e-05 -3.7616e-05 -4.2085e-05 -4.6574e-05 -5.1027e-05 -5.5385e-05 -5.9581e-05 -6.3541e-05 -6.7191e-05 -7.0450e-05 -7.3239e-05 -7.5481e-05 -7.7103e-05 -7.8041e-05 -7.8244e-05 -7.7676e-05 -7.6322e-05 -7.4187e-05 -7.1303e-05 -6.7724e-05 -6.3530e-05 -5.8823e-05 -5.3723e-05 -4.8363e-05 -4.2885e-05 -3.7428e-05 -3.2127e-05 -2.7098e-05 -2.2442e-05 -1.8233e-05 -1.4519e-05 -1.1322e-05 -8.6365e-06 -6.4389e-06 -4.6870e-06 -3.3277e-06 -2.3019e-06 -1.5498e-06 -1.0144e-06 -6.4476e-07 -3.9750e-07 -2.3743e-07 -1.3722e-07 -7.6649e-08 -4.1326e-08 -2.1478e-08 -1.0747e-08 -5.1701e-09 -2.3881e-09 -1.0576e-09 -4.4846e-10 -1.8181e-10 -7.0368e-11 -2.5963e-11 -9.1178e-12 -3.0432e-12 -9.6381e-13 -2.8919e-13 -8.2077e-14 -2.1998e-14 -5.5586e-15 -1.3220e-15 -2.9541e-16 -6.1917e-17 -1.2151e-17 -2.2290e-18 -3.8147e-19 -6.0800e-20 -9.0079e-21 -1.2382e-21 -1.5763e-22 -1.8547e-23 -2.0131e-24 -2.0117e-25 -1.8471e-26 -1.5552e-27 -1.1983e-28 -8.4317e-30 -5.4066e-31 -3.1527e-32 -1.6682e-33 -7.9930e-35 -3.4601e-36 -1.3503e-37 -4.7398e-39 -1.4931e-40 -4.2117e-42 -1.0613e-43 -2.3834e-45 -4.7592e-47 -9.2379e-07 -2.6128e-06 -4.7998e-06 -7.3884e-06 -1.0322e-05 -1.3559e-05 0.0000e+00 -2.0818e-05 -2.4779e-05 -2.8923e-05 -3.3213e-05 -3.7614e-05 -4.2082e-05 -4.6570e-05 -5.1021e-05 -5.5377e-05 -5.9569e-05 -6.3525e-05 -6.7170e-05 -7.0423e-05 -7.3205e-05 -7.5439e-05 -7.7051e-05 -7.7979e-05 -7.8170e-05 -7.7591e-05 -7.6225e-05 -7.4078e-05 -7.1182e-05 -6.7593e-05 -6.3390e-05 -5.8675e-05 -5.3570e-05 -4.8209e-05 -4.2731e-05 -3.7278e-05 -3.1983e-05 -2.6963e-05 -2.2318e-05 -1.8122e-05 -1.4421e-05 -1.1238e-05 -8.5663e-06 -6.3816e-06 -4.6414e-06 -3.2924e-06 -2.2753e-06 -1.5303e-06 -1.0006e-06 -6.3525e-07 -3.9117e-07 -2.3334e-07 -1.3468e-07 -7.5121e-08 -4.0440e-08 -2.0985e-08 -1.0483e-08 -5.0340e-09 -2.3209e-09 -1.0259e-09 -4.3411e-10 -1.7562e-10 -6.7819e-11 -2.4964e-11 -8.7456e-12 -2.9115e-12 -9.1967e-13 -2.7518e-13 -7.7877e-14 -2.0810e-14 -5.2419e-15 -1.2426e-15 -2.7675e-16 -5.7804e-17 -1.1303e-17 -2.0657e-18 -3.5216e-19 -5.5904e-20 -8.2482e-21 -1.1290e-21 -1.4309e-22 -1.6759e-23 -1.8106e-24 -1.8006e-25 -1.6451e-26 -1.3781e-27 -1.0562e-28 -7.3920e-30 -4.7137e-31 -2.7330e-32 -1.4378e-33 -6.8475e-35 -2.9461e-36 -1.1425e-37 -3.9847e-39 -1.2470e-40 -3.4940e-42 -8.7439e-44 -1.9500e-45 -3.8660e-47
-1.1267e-06 -3.1869e-06 -5.8543e-06 -9.0117e-06 -1.2590e-05 -1.6538e-05 -2.0818e-05 4.9103e-05 -3.0224e-05 -3.5278e-05 -4.0513e-05 -4.5883e-05 -5.1335e-05 -5.6812e-05 -6.2246e-05 -6.7565e-05 -7.2686e-05 -7.7522e-05 -8.1980e-05 -8.5963e-05 -8.9374e-05 -9.2119e-05 -9.4109e-05 -9.5266e-05 -9.5528e-05 -9.4851e-05 -9.3215e-05 -9.0627e-05 -8.7124e-05 -8.2773e-05 -7.7669e-05 -7.1937e-05 -6.5723e-05 -5.9189e-05 -5.2506e-05 -4.5846e-05 -3.9371e-05 -3.3226e-05 -2.7533e-05 -2.2383e-05 -1.7836e-05 -1.3917e-05 -1.0625e-05 -7.9279e-06 -5.7759e-06 -4.1046e-06 -2.8422e-06 -1.9156e-06 -1.2552e-06 -7.9877e-07 -4.9307e-07 -2.9490e-07 -1.7068e-07 -9.5480e-08 -5.1559e-08 -2.6841e-08 -1.3454e-08 -6.4839e-09 -3.0006e-09 -1.3315e-09 -5.6578e-10 -2.2987e-10 -8.9172e-11 -3.2978e-11 -1.1610e-11 -3.8850e-12 -1.2337e-12 -3.7121e-13 -1.0566e-13 -2.8403e-14 -7.1991e-15 -1.7176e-15 -3.8509e-16 -8.0992e-17 -1.5951e-17 -2.9367e-18 -5.0448e-19 -8.0717e-20 -1.2006e-20 -1.6572e-21 -2.1185e-22 -2.5035e-23 -2.7294e-24 -2.7399e-25 -2.5275e-26 -2.1383e-27 -1.6556e-28 -1.1708e-29 -7.5458e-31 -4.4231e-32 -2.3529e-33 -1.1335e-34 -4.9340e-36 -1.9364e-37 -6.8361e-39 -2.1661e-40 -6.1464e-42 -1.5581e-43 -3.5208e-45 -7.0743e-47 -1.1267e-06 -3.1869e-06 -5.8543e-06 -9.0117e-06 -1.2590e-05 -1.6538e-05 -2.0818e-05 0.0000e+00 -3.0224e-05 -3.5277e-05 -4.0511e-05 -4.5879e-05 -5.1329e-05 -5.6803e-05 -6.2233e-05 -6.7546e-05 -7.2661e-05 -7.7489e-05 -8.1936e-05 -8.5907e-05 -8.9303e-05 -9.2031e-05 -9.4001e-05 -9.5137e-05 -9.5376e-05 -9.4674e-05 -9.3013e-05 -9.0400e-05 -8.6873e-05 -8.2499e-05 -7.7377e-05 -7.1630e-05 -6.5405e-05 -5.8867e-05 -5.2185e-05 -4.5533e-05 -3.9071e-05 -3.2945e-05 -2.7275e-05 -2.2151e-05 -1.7632e-05 -1.3743e-05 -1.0479e-05 -7.8083e-06 -5.6808e-06 -4.0309e-06 -2.7867e-06 -1.8749e-06 -1.2264e-06 -7.7891e-07 -4.7984e-07 -2.8637e-07 -1.6537e-07 -9.2284e-08 -4.9707e-08 -2.5808e-08 -1.2900e-08 -6.1987e-09 -2.8598e-09 -1.2649e-09 -5.3568e-10 -2.1687e-10 -8.3820e-11 -3.0880e-11 -1.0828e-11 -3.6082e-12 -1.1408e-12 -3.4171e-13 -9.6806e-14 -2.5897e-14 -6.5309e-15 -1.5500e-15 -3.4564e-16 -7.2289e-17 -1.4155e-17 -2.5905e-18 -4.4227e-19 -7.0315e-20 -1.0391e-20 -1.4246e-21 -1.8086e-22 -2.1221e-23 -2.2967e-24 -2.2883e-25 -2.0948e-26 -1.7583e-27 -1.3504e-28 -9.4711e-30 -6.0529e-31 -3.5175e-32 -1.8548e-33 -8.8550e-35 -3.8193e-36 -1.4849e-37 -5.1927e-39 -1.6295e-40 -4.5783e-42 -1.1490e-43 -2.5700e-45 -5.1107e-47
-1.3412e-06 -3.7933e-06 -6.9684e-06 -1.0727e-05 -1.4985e-05 -1.9686e-05 -2.4780e-05 -3.0224e-05 7.8648e-05 -4.1994e-05 -4.8226e-05 -5.4618e-05 -6.1111e-05 -6.7633e-05 -7.4106e-05 -8.0442e-05 -8.6545e-05 -9.2311e-05 -9.7628e-05 -1.0238e-04 -1.0646e-04 -1.0974e-04 -1.1213e-04 -1.1353e-04 -1.1387e-04 -1.1309e-04 -1.1117e-04 -1.0812e-04 -1.0398e-04 -9.8819e-05 -9.2765e-05 -8.5958e-05 -7.8572e-05 -7.0799e-05 -6.2843e-05 -5.4908e-05 -4.7186e-05 -3.9852e-05 -3.3051e-05 -2.6893e-05 -2.1450e-05 -1.6755e-05 -1.2805e-05 -9.5658e-06 -6.9780e-06 -4.9655e-06 -3.4432e-06 -2.3241e-06 -1.5253e-06 -9.7232e-07 -6.0128e-07 -3.6030e-07 -2.0895e-07 -1.1713e-07 -6.3389e-08 -3.3076e-08 -1.6619e-08 -8.0297e-09 -3.7258e-09 -1.6579e-09 -7.0650e-10 -2.8791e-10 -1.1204e-10 -4.1569e-11 -1.4684e-11 -4.9309e-12 -1.5715e-12 -4.7463e-13 -1.3562e-13 -3.6604e-14 -9.3163e-15 -2.2323e-15 -5.0268e-16 -1.0620e-16 -2.1014e-17 -3.8873e-18 -6.7107e-19 -1.0791e-19 -1.6135e-20 -2.2388e-21 -2.8775e-22 -3.4192e-23 -3.7488e-24 -3.7850e-25 -3.5122e-26 -2.9891e-27 -2.3285e-28 -1.6569e-29 -1.0746e-30 -6.3395e-32 -3.3944e-33 -1.6460e-34 -7.2132e-36 -2.8501e-37 -1.0132e-38 -3.2328e-40 -9.2382e-42 -2.3587e-43 -5.3684e-45 -1.0866e-46 -1.3412e-06 -3.7933e-06 -6.9684e-06 -1.0727e-05 -1.4985e-05 -1.9686e-05 -2.4779e-05 -3.0224e-05 0.0000e+00 -4.1991e-05 -4.8221e-05 -5.4611e-05 -6.1099e-05 -6.7616e-05 -7.4081e-05 -8.0407e-05 -8.6498e-05 -9.2247e-05 -9.7544e-05 -1.0228e-04 -1.0632e-04 -1.0958e-04 -1.1193e-04 -1.1329e-04 -1.1358e-04 -1.1275e-04 -1.1079e-04 -1.0768e-04 -1.0350e-04 -9.8297e-05 -9.2207e-05 -8.5371e-05 -7.7966e-05 -7.0185e-05 -6.2231e-05 -5.4310e-05 -4.6614e-05 -3.9316e-05 -3.2558e-05 -2.6450e-05 -2.1060e-05 -1.6421e-05 -1.2525e-05 -9.3372e-06 -6.7960e-06 -4.8245e-06 -3.3369e-06 -2.2463e-06 -1.4701e-06 -9.3427e-07 -5.7591e-07 -3.4393e-07 -1.9875e-07 -1.1099e-07 -5.9832e-08 -3.1091e-08 -1.5554e-08 -7.4810e-09 -3.4547e-09 -1.5296e-09 -6.4846e-10 -2.6283e-10 -1.0170e-10 -3.7514e-11 -1.3171e-11 -4.3948e-12 -1.3915e-12 -4.1740e-13 -1.1843e-13 -3.1731e-14 -8.0156e-15 -1.9057e-15 -4.2572e-16 -8.9201e-17 -1.7501e-17 -3.2092e-18 -5.4904e-19 -8.7478e-20 -1.2956e-20 -1.7804e-21 -2.2657e-22 -2.6650e-23 -2.8917e-24 -2.8888e-25 -2.6517e-26 -2.2320e-27 -1.7193e-28 -1.2094e-29 -7.7531e-31 -4.5199e-32 -2.3912e-33 -1.1454e-34 -4.9575e-36 -1.9343e-37 -6.7890e-39 -2.1384e-40 -6.0314e-42 -1.5197e-43 -3.4129e-45 -6.8151e-47
-1.5654e-06 -4.4276e-06 -8.1334e-06 -1.2520e-05 -1.7491e-05 -2.2977e-05 -2.8923e-05 -3.5278e-05 -4.1994e-05 1.1986e-04 -5.6293e-05 -6.3757e-05 -7.1339e-05 -7.8956e-05 -8.6518e-05 -9.3923e-05 -1.0106e-04 -1.0780e-04 -1.1403e-04 -1.1960e-04 -1.2438e-04 -1.2825e-04 -1.3107e-04 -1.3274e-04 -1.3318e-04 -1.3231e-04 -1.3011e-04 -1.2659e-04 -1.2180e-04 -1.1582e-04 -1.0879e-04 -1.0087e-04 -9.2266e-05 -8.3202e-05 -7.3913e-05 -6.4638e-05 -5.5603e-05 -4.7010e-05 -3.9032e-05 -3.1798e-05 -2.5396e-05 -1.9865e-05 -1.5205e-05 -1.1377e-05 -8.3134e-06 -5.9265e-06 -4.1175e-06 -2.7850e-06 -1.8318e-06 -1.1703e-06 -7.2548e-07 -4.3582e-07 -2.5342e-07 -1.4246e-07 -7.7323e-08 -4.0471e-08 -2.0400e-08 -9.8895e-09 -4.6047e-09 -2.0565e-09 -8.7966e-10 -3.5988e-10 -1.4061e-10 -5.2391e-11 -1.8588e-11 -6.2697e-12 -2.0075e-12 -6.0920e-13 -1.7493e-13 -4.7453e-14 -1.2141e-14 -2.9245e-15 -6.6218e-16 -1.4069e-16 -2.7997e-17 -5.2095e-18 -9.0471e-19 -1.4637e-19 -2.2022e-20 -3.0751e-21 -3.9780e-22 -4.7580e-23 -5.2516e-24 -5.3384e-25 -4.9878e-26 -4.2747e-27 -3.3537e-28 -2.4035e-29 -1.5702e-30 -9.3316e-32 -5.0338e-33 -2.4594e-34 -1.0860e-35 -4.3240e-37 -1.5491e-38 -4.9816e-40 -1.4348e-41 -3.6927e-43 -8.4721e-45 -1.7287e-46 -1.5654e-06 -4.4276e-06 -8.1334e-06 -1.2520e-05 -1.7491e-05 -2.2977e-05 -2.8923e-05 -3.5277e-05 -4.1991e-05 0.0000e+00 -5.6285e-05 -6.3744e-05 -7.1318e-05 -7.8926e-05 -8.6474e-05 -9.3861e-05 -1.0097e-04 -1.0769e-04 -1.1388e-04 -1.1941e-04 -1.2414e-04 -1.2795e-04 -1.3071e-04 -1.3230e-04 -1.3266e-04 -1.3171e-04 -1.2943e-04 -1.2582e-04 -1.2095e-04 -1.1489e-04 -1.0779e-04 -9.9824e-05 -9.1187e-05 -8.2107e-05 -7.2823e-05 -6.3573e-05 -5.4583e-05 -4.6053e-05 -3.8153e-05 -3.1008e-05 -2.4701e-05 -1.9269e-05 -1.4705e-05 -1.0968e-05 -7.9881e-06 -5.6743e-06 -3.9274e-06 -2.6458e-06 -1.7328e-06 -1.1022e-06 -6.7999e-07 -4.0646e-07 -2.3511e-07 -1.3144e-07 -7.0929e-08 -3.6900e-08 -1.8482e-08 -8.9007e-09 -4.1158e-09 -1.8249e-09 -7.7478e-10 -3.1451e-10 -1.2189e-10 -4.5038e-11 -1.5841e-11 -5.2953e-12 -1.6798e-12 -5.0490e-13 -1.4356e-13 -3.8548e-14 -9.7594e-15 -2.3257e-15 -5.2082e-16 -1.0940e-16 -2.1521e-17 -3.9571e-18 -6.7891e-19 -1.0849e-19 -1.6116e-20 -2.2216e-21 -2.8362e-22 -3.3472e-23 -3.6444e-24 -3.6537e-25 -3.3661e-26 -2.8440e-27 -2.1991e-28 -1.5531e-29 -9.9974e-31 -5.8528e-32 -3.1097e-33 -1.4963e-34 -6.5054e-36 -2.5502e-37 -8.9934e-39 -2.8467e-40 -8.0695e-42 -2.0437e-43 -4.6139e-45 -9.2630e-47
-1.7976e-06 -5.0844e-06 -9.3400e-06 -1.4377e-05 -2.0086e-05 -2.6386e-05 -3.3215e-05 -4.0513e-05 -4.8226e-05 -5.6293e-05 1.7547e-04 -7.3226e-05 -8.1938e-05 -9.0693e-05 -9.9388e-05 -1.0791e-04 -1.1612e-04 -1.2389e-04 -1.3106e-04 -1.3749e-04 -1.4303e-04 -1.4751e-04 -1.5081e-04 -1.5279e-04 -1.5335e-04 -1.5242e-04 -1.4997e-04 -1.4599e-04 -1.4055e-04 -1.3375e-04 -1.2572e-04 -1.1667e-04 -1.0682e-04 -9.6424e-05 -8.5754e-05 -7.5083e-05 -6.4672e-05 -5.4755e-05 -4.5531e-05 -3.7153e-05 -2.9724e-05 -2.3294e-05 -1.7865e-05 -1.3396e-05 -9.8105e-06 -7.0105e-06 -4.8829e-06 -3.3115e-06 -2.1842e-06 -1.3996e-06 -8.7033e-07 -5.2455e-07 -3.0606e-07 -1.7267e-07 -9.4069e-08 -4.9427e-08 -2.5015e-08 -1.2178e-08 -5.6953e-09 -2.5551e-09 -1.0981e-09 -4.5141e-10 -1.7726e-10 -6.6387e-11 -2.3678e-11 -8.0305e-12 -2.5857e-12 -7.8919e-13 -2.2795e-13 -6.2209e-14 -1.6014e-14 -3.8819e-15 -8.8461e-16 -1.8918e-16 -3.7898e-17 -7.0998e-18 -1.2415e-18 -2.0228e-19 -3.0649e-20 -4.3108e-21 -5.6174e-22 -6.7688e-23 -7.5272e-24 -7.7098e-25 -7.2588e-26 -6.2695e-27 -4.9573e-28 -3.5809e-29 -2.3582e-30 -1.4128e-31 -7.6831e-33 -3.7847e-34 -1.6850e-35 -6.7653e-37 -2.4440e-38 -7.9264e-40 -2.3025e-41 -5.9768e-43 -1.3831e-44 -2.8469e-46 -1.7976e-06 -5.0844e-06 -9.3400e-06 -1.4377e-05 -2.0086e-05 -2.6386e-05 -3.3213e-05 -4.0511e-05 -4.8221e-05 -5.6285e-05 0.0000e+00 -7.3204e-05 -8.1904e-05 -9.0642e-05 -9.9314e-05 -1.0780e-04 -1.1598e-04 -1.2370e-04 -1.3081e-04 -1.3717e-04 -1.4262e-04 -1.4701e-04 -1.5019e-04 -1.5205e-04 -1.5248e-04 -1.5141e-04 -1.4881e-04 -1.4469e-04 -1.3912e-04 -1.3218e-04 -1.2405e-04 -1.1491e-04 -1.0500e-04 -9.4580e-05 -8.3917e-05 -7.3288e-05 -6.2952e-05 -5.3140e-05 -4.4047e-05 -3.5819e-05 -2.8551e-05 -2.2286e-05 -1.7020e-05 -1.2705e-05 -9.2600e-06 -6.5836e-06 -4.5609e-06 -3.0755e-06 -2.0164e-06 -1.2839e-06 -7.9305e-07 -4.7463e-07 -2.7490e-07 -1.5389e-07 -8.3167e-08 -4.3333e-08 -2.1739e-08 -1.0487e-08 -4.8579e-09 -2.1580e-09 -9.1796e-10 -3.7339e-10 -1.4502e-10 -5.3704e-11 -1.8933e-11 -6.3443e-12 -2.0177e-12 -6.0805e-13 -1.7336e-13 -4.6683e-14 -1.1854e-14 -2.8336e-15 -6.3656e-16 -1.3416e-16 -2.6481e-17 -4.8863e-18 -8.4140e-19 -1.3496e-19 -2.0127e-20 -2.7857e-21 -3.5712e-22 -4.2326e-23 -4.6288e-24 -4.6616e-25 -4.3146e-26 -3.6629e-27 -2.8463e-28 -2.0204e-29 -1.3073e-30 -7.6939e-32 -4.1102e-33 -1.9887e-34 -8.6960e-36 -3.4288e-37 -1.2164e-38 -3.8740e-40 -1.1050e-41 -2.8165e-43 -6.4000e-45 -1.2934e-46
-2.0358e-06 -5.7580e-06 -1.0578e-05 -1.6282e-05 -2.2747e-05 -2.9883e-05 -3.7616e-05 -4.5883e-05 -5.4618e-05 -6.3757e-05 -7.3226e-05 2.4847e-04 -9.2818e-05 -1.0275e-04 -1.1261e-04 -1.2228e-04 -1.3160e-04 -1.4043e-04 -1.4860e-04 -1.5594e-04 -1.6227e-04 -1.6741e-04 -1.7122e-04 -1.7355e-04 -1.7428e-04 -1.7333e-04 -1.7066e-04 -1.6626e-04 -1.6020e-04 -1.5258e-04 -1.4357e-04 -1.3338e-04 -1.2227e-04 -1.1051e-04 -9.8425e-05 -8.6311e-05 -7.4468e-05 -6.3162e-05 -5.2624e-05 -4.3031e-05 -3.4503e-05 -2.7104e-05 -2.0840e-05 -1.5668e-05 -1.1507e-05 -8.2479e-06 -5.7631e-06 -3.9215e-06 -2.5957e-06 -1.6695e-06 -1.0421e-06 -6.3063e-07 -3.6951e-07 -2.0938e-07 -1.1459e-07 -6.0495e-08 -3.0767e-08 -1.5055e-08 -7.0774e-09 -3.1923e-09 -1.3796e-09 -5.7040e-10 -2.2530e-10 -8.4890e-11 -3.0465e-11 -1.0398e-11 -3.3697e-12 -1.0353e-12 -3.0104e-13 -8.2721e-14 -2.1443e-14 -5.2350e-15 -1.2016e-15 -2.5884e-16 -5.2240e-17 -9.8603e-18 -1.7374e-18 -2.8526e-19 -4.3561e-20 -6.1753e-21 -8.1112e-22 -9.8525e-23 -1.1046e-23 -1.1407e-24 -1.0829e-25 -9.4309e-27 -7.5199e-28 -5.4783e-29 -3.6386e-30 -2.1987e-31 -1.2061e-32 -5.9935e-34 -2.6920e-35 -1.0904e-36 -3.9746e-38 -1.3007e-39 -3.8126e-41 -9.9874e-43 -2.3326e-44 -4.8457e-46 -2.0358e-06 -5.7580e-06 -1.0578e-05 -1.6282e-05 -2.2747e-05 -2.9882e-05 -3.7614e-05 -4.5879e-05 -5.4611e-05 -6.3744e-05 -7.3204e-05 0.0000e+00 -9.2763e-05 -1.0266e-04 -1.1249e-04 -1.2211e-04 -1.3138e-04 -1.4013e-04 -1.4820e-04 -1.5542e-04 -1.6161e-04 -1.6661e-04 -1.7024e-04 -1.7237e-04 -1.7289e-04 -1.7171e-04 -1.6880e-04 -1.6417e-04 -1.5789e-04 -1.5007e-04 -1.4088e-04 -1.3055e-04 -1.1934e-04 -1.0755e-04 -9.5470e-05 -8.3423e-05 -7.1699e-05 -6.0563e-05 -5.0234e-05 -4.0880e-05 -3.2611e-05 -2.5477e-05 -1.9475e-05 -1.4551e-05 -1.0617e-05 -7.5569e-06 -5.2415e-06 -3.5389e-06 -2.3233e-06 -1.4815e-06 -9.1647e-07 -5.4937e-07 -3.1872e-07 -1.7875e-07 -9.6780e-08 -5.0525e-08 -2.5400e-08 -1.2280e-08 -5.7013e-09 -2.5387e-09 -1.0826e-09 -4.4153e-10 -1.7196e-10 -6.3860e-11 -2.2580e-11 -7.5899e-12 -2.4216e-12 -7.3223e-13 -2.0949e-13 -5.6616e-14 -1.4430e-14 -3.4628e-15 -7.8103e-16 -1.6529e-16 -3.2765e-17 -6.0728e-18 -1.0505e-18 -1.6929e-19 -2.5370e-20 -3.5288e-21 -4.5472e-22 -5.4179e-23 -5.9572e-24 -6.0329e-25 -5.6159e-26 -4.7956e-27 -3.7490e-28 -2.6775e-29 -1.7434e-30 -1.0327e-31 -5.5532e-33 -2.7050e-34 -1.1910e-35 -4.7291e-37 -1.6898e-38 -5.4208e-40 -1.5578e-41 -4.0006e-43 -9.1610e-45 -1.8660e-46
-2.2776e-06 -6.4420e-06 -1.1834e-05 -1.8216e-05 -2.5449e-05 -3.3433e-05 -4.2085e-05 -5.1335e-05 -6.1111e-05 -7.1339e-05 -8.1938e-05 -9.2818e-05 3.4216e-04 -1.1500e-04 -1.2606e-04 -1.3690e-04 -1.4738e-04 -1.5731e-04 -1.6651e-04 -1.7479e-04 -1.8195e-04 -1.8781e-04 -1.9219e-04 -1.9492e-04 -1.9587e-04 -1.9495e-04 -1.9211e-04 -1.8734e-04 -1.8069e-04 -1.7230e-04 -1.6234e-04 -1.5103e-04 -1.3865e-04 -1.2553e-04 -1.1201e-04 -9.8414e-05 -8.5088e-05 -7.2335e-05 -6.0413e-05 -4.9528e-05 -3.9823e-05 -3.1375e-05 -2.4199e-05 -1.8254e-05 -1.3454e-05 -9.6785e-06 -6.7889e-06 -4.6383e-06 -3.0832e-06 -1.9918e-06 -1.2491e-06 -7.5954e-07 -4.4727e-07 -2.5475e-07 -1.4017e-07 -7.4413e-08 -3.8062e-08 -1.8734e-08 -8.8605e-09 -4.0214e-09 -1.7490e-09 -7.2785e-10 -2.8941e-10 -1.0979e-10 -3.9675e-11 -1.3637e-11 -4.4511e-12 -1.3775e-12 -4.0355e-13 -1.1172e-13 -2.9183e-14 -7.1797e-15 -1.6609e-15 -3.6062e-16 -7.3366e-17 -1.3960e-17 -2.4800e-18 -4.1055e-19 -6.3217e-20 -9.0373e-21 -1.1972e-21 -1.4666e-22 -1.6585e-23 -1.7276e-24 -1.6545e-25 -1.4537e-26 -1.1695e-27 -8.5964e-29 -5.7614e-30 -3.5133e-31 -1.9450e-32 -9.7550e-34 -4.4225e-35 -1.8083e-36 -6.6540e-38 -2.1983e-39 -6.5062e-41 -1.7209e-42 -4.0588e-44 -8.5151e-46 -2.2776e-06 -6.4420e-06 -1.1834e-05 -1.8216e-05 -2.5449e-05 -3.3431e-05 -4.2082e-05 -5.1329e-05 -6.1099e-05 -7.1318e-05 -8.1904e-05 -9.2763e-05 0.0000e+00 -1.1488e-04 -1.2588e-04 -1.3665e-04 -1.4703e-04 -1.5684e-04 -1.6589e-04 -1.7399e-04 -1.8095e-04 -1.8657e-04 -1.9067e-04 -1.9309e-04 -1.9372e-04 -1.9245e-04 -1.8924e-04 -1.8411e-04 -1.7713e-04 -1.6842e-04 -1.5818e-04 -1.4666e-04 -1.3414e-04 -1.2095e-04 -1.0743e-04 -9.3943e-05 -8.0801e-05 -6.8306e-05 -5.6707e-05 -4.6191e-05 -3.6885e-05 -2.8848e-05 -2.2078e-05 -1.6517e-05 -1.2067e-05 -8.6013e-06 -5.9749e-06 -4.0406e-06 -2.6572e-06 -1.6975e-06 -1.0521e-06 -6.3194e-07 -3.6741e-07 -2.0651e-07 -1.1208e-07 -5.8658e-08 -2.9565e-08 -1.4332e-08 -6.6735e-09 -2.9805e-09 -1.2750e-09 -5.2169e-10 -2.0387e-10 -7.5980e-11 -2.6964e-11 -9.0986e-12 -2.9145e-12 -8.8491e-13 -2.5426e-13 -6.9020e-14 -1.7672e-14 -4.2609e-15 -9.6577e-16 -2.0542e-16 -4.0933e-17 -7.6273e-18 -1.3267e-18 -2.1502e-19 -3.2411e-20 -4.5353e-21 -5.8802e-22 -7.0504e-23 -7.8025e-24 -7.9541e-25 -7.4546e-26 -6.4100e-27 -5.0466e-28 -3.6305e-29 -2.3814e-30 -1.4213e-31 -7.7019e-33 -3.7812e-34 -1.6782e-35 -6.7181e-37 -2.4204e-38 -7.8305e-40 -2.2696e-41 -5.8798e-43 -1.3584e-44 -2.7919e-46
-2.5204e-06 -7.1288e-06 -1.3096e-05 -2.0159e-05 -2.8163e-05 -3.6998e-05 -4.6574e-05 -5.6812e-05 -6.7633e-05 -7.8956e-05 -9.0693e-05 -1.0275e-04 -1.1500e-04 4.6010e-04 -1.3960e-04 -1.5165e-04 -1.6329e-04 -1.7435e-04 -1.8461e-04 -1.9388e-04 -2.0193e-04 -2.0855e-04 -2.1355e-04 -2.1675e-04 -2.1800e-04 -2.1718e-04 -2.1424e-04 -2.0916e-04 -2.0202e-04 -1.9291e-04 -1.8204e-04 -1.6966e-04 -1.5605e-04 -1.4158e-04 -1.2660e-04 -1.1151e-04 -9.6657e-05 -8.2397e-05 -6.9021e-05 -5.6764e-05 -4.5794e-05 -3.6208e-05 -2.8032e-05 -2.1229e-05 -1.5712e-05 -1.1352e-05 -7.9995e-06 -5.4915e-06 -3.6686e-06 -2.3823e-06 -1.5020e-06 -9.1842e-07 -5.4394e-07 -3.1166e-07 -1.7253e-07 -9.2167e-08 -4.7448e-08 -2.3508e-08 -1.1194e-08 -5.1156e-09 -2.2405e-09 -9.3911e-10 -3.7615e-10 -1.4376e-10 -5.2342e-11 -1.8129e-11 -5.9634e-12 -1.8601e-12 -5.4927e-13 -1.5330e-13 -4.0369e-14 -1.0014e-14 -2.3357e-15 -5.1143e-16 -1.0493e-16 -2.0138e-17 -3.6084e-18 -6.0257e-19 -9.3603e-20 -1.3500e-20 -1.8043e-21 -2.2305e-22 -2.5452e-23 -2.6757e-24 -2.5862e-25 -2.2936e-26 -1.8626e-27 -1.3821e-28 -9.3520e-30 -5.7579e-31 -3.2188e-32 -1.6302e-33 -7.4642e-35 -3.0826e-36 -1.1458e-37 -3.8240e-39 -1.1434e-40 -3.0558e-42 -7.2825e-44 -1.5440e-45 -2.5204e-06 -7.1288e-06 -1.3096e-05 -2.0159e-05 -2.8162e-05 -3.6996e-05 -4.6570e-05 -5.6803e-05 -6.7616e-05 -7.8926e-05 -9.0642e-05 -1.0266e-04 -1.1488e-04 0.0000e+00 -1.3933e-04 -1.5127e-04 -1.6277e-04 -1.7365e-04 -1.8370e-04 -1.9269e-04 -2.0043e-04 -2.0669e-04 -2.1129e-04 -2.1403e-04 -2.1478e-04 -2.1344e-04 -2.0997e-04 -2.0436e-04 -1.9670e-04 -1.8712e-04 -1.7584e-04 -1.6313e-04 -1.4930e-04 -1.3472e-04 -1.1976e-04 -1.0481e-04 -9.0237e-05 -7.6361e-05 -6.3463e-05 -5.1756e-05 -4.1381e-05 -3.2409e-05 -2.4839e-05 -1.8611e-05 -1.3620e-05 -9.7255e-06 -6.7686e-06 -4.5865e-06 -3.0226e-06 -1.9352e-06 -1.2023e-06 -7.2396e-07 -4.2202e-07 -2.3787e-07 -1.2947e-07 -6.7967e-08 -3.4367e-08 -1.6716e-08 -7.8107e-09 -3.5012e-09 -1.5035e-09 -6.1761e-10 -2.4235e-10 -9.0709e-11 -3.2335e-11 -1.0961e-11 -3.5281e-12 -1.0765e-12 -3.1089e-13 -8.4842e-14 -2.1843e-14 -5.2962e-15 -1.2074e-15 -2.5835e-16 -5.1797e-17 -9.7128e-18 -1.7004e-18 -2.7743e-19 -4.2105e-20 -5.9330e-21 -7.7476e-22 -9.3577e-23 -1.0434e-23 -1.0718e-24 -1.0124e-25 -8.7747e-27 -6.9647e-28 -5.0520e-29 -3.3419e-30 -2.0118e-31 -1.0998e-32 -5.4475e-34 -2.4396e-35 -9.8567e-37 -3.5845e-38 -1.1707e-39 -3.4261e-41 -8.9631e-43 -2.0913e-44 -4.3418e-46
-2.7613e-06 -7.8101e-06 -1.4347e-05 -2.2086e-05 -3.0855e-05 -4.0535e-05 -5.1027e-05 -6.2246e-05 -7.4106e-05 -8.6518e-05 -9.9388e-05 -1.1261e-04 -1.2606e-04 -1.3960e-04 6.0612e-04 -1.6634e-04 -1.7917e-04 -1.9138e-04 -2.0274e-04 -2.1303e-04 -2.2201e-04 -2.2946e-04 -2.3515e-04 -2.3889e-04 -2.4052e-04 -2.3990e-04 -2.3696e-04 -2.3168e-04 -2.2413e-04 -2.1441e-04 -2.0272e-04 -1.8932e-04 -1.7454e-04 -1.5875e-04 -1.4234e-04 -1.2573e-04 -1.0932e-04 -9.3504e-05 -7.8601e-05 -6.4885e-05 -5.2553e-05 -4.1726e-05 -3.2446e-05 -2.4686e-05 -1.8359e-05 -1.3332e-05 -9.4441e-06 -6.5187e-06 -4.3796e-06 -2.8607e-06 -1.8146e-06 -1.1165e-06 -6.6552e-07 -3.8384e-07 -2.1393e-07 -1.1507e-07 -5.9661e-08 -2.9772e-08 -1.4281e-08 -6.5753e-09 -2.9018e-09 -1.2257e-09 -4.9479e-10 -1.9060e-10 -6.9958e-11 -2.4428e-11 -8.1017e-12 -2.5481e-12 -7.5878e-13 -2.1357e-13 -5.6725e-14 -1.4193e-14 -3.3396e-15 -7.3771e-16 -1.5271e-16 -2.9571e-17 -5.3468e-18 -9.0106e-19 -1.4127e-19 -2.0565e-20 -2.7745e-21 -3.4624e-22 -3.9888e-23 -4.2339e-24 -4.1323e-25 -3.7010e-26 -3.0354e-27 -2.2751e-28 -1.5551e-29 -9.6726e-31 -5.4633e-32 -2.7960e-33 -1.2937e-34 -5.3997e-36 -2.0286e-37 -6.8442e-39 -2.0689e-40 -5.5907e-42 -1.3473e-43 -2.8889e-45 -2.7613e-06 -7.8101e-06 -1.4347e-05 -2.2085e-05 -3.0854e-05 -4.0532e-05 -5.1021e-05 -6.2233e-05 -7.4081e-05 -8.6474e-05 -9.9314e-05 -1.1249e-04 -1.2588e-04 -1.3933e-04 0.0000e+00 -1.6579e-04 -1.7842e-04 -1.9037e-04 -2.0141e-04 -2.1132e-04 -2.1985e-04 -2.2677e-04 -2.3187e-04 -2.3496e-04 -2.3587e-04 -2.3449e-04 -2.3078e-04 -2.2473e-04 -2.1642e-04 -2.0601e-04 -1.9373e-04 -1.7986e-04 -1.6475e-04 -1.4879e-04 -1.3240e-04 -1.1600e-04 -9.9983e-05 -8.4714e-05 -7.0500e-05 -5.7579e-05 -4.6109e-05 -3.6172e-05 -2.7772e-05 -2.0849e-05 -1.5289e-05 -1.0941e-05 -7.6319e-06 -5.1841e-06 -3.4253e-06 -2.1990e-06 -1.3701e-06 -8.2751e-07 -4.8392e-07 -2.7367e-07 -1.4948e-07 -7.8759e-08 -3.9977e-08 -1.9523e-08 -9.1604e-09 -4.1241e-09 -1.7790e-09 -7.3424e-10 -2.8953e-10 -1.0892e-10 -3.9031e-11 -1.3303e-11 -4.3060e-12 -1.3215e-12 -3.8394e-13 -1.0542e-13 -2.7314e-14 -6.6662e-15 -1.5300e-15 -3.2964e-16 -6.6558e-17 -1.2572e-17 -2.2173e-18 -3.6453e-19 -5.5755e-20 -7.9192e-21 -1.0426e-21 -1.2697e-22 -1.4277e-23 -1.4793e-24 -1.4096e-25 -1.2328e-26 -9.8745e-28 -7.2293e-29 -4.8275e-30 -2.9341e-31 -1.6196e-32 -8.1022e-34 -3.6652e-35 -1.4960e-36 -5.4968e-38 -1.8142e-39 -5.3658e-41 -1.4190e-42 -3.3471e-44 -7.0260e-46
-2.9970e-06 -8.4767e-06 -1.5572e-05 -2.3971e-05 -3.3489e-05 -4.3995e-05 -5.5385e-05 -6.7565e-05 -8.0442e-05 -9.3923e-05 -1.0791e-04 -1.2228e-04 -1.3690e-04 -1.5165e-04 -1.6634e-04 7.8433e-04 -1.9483e-04 -2.0820e-04 -2.2068e-04 -2.3203e-04 -2.4200e-04 -2.5033e-04 -2.5680e-04 -2.6118e-04 -2.6329e-04 -2.6298e-04 -2.6017e-04 -2.5482e-04 -2.4699e-04 -2.3678e-04 -2.2439e-04 -2.1009e-04 -1.9422e-04 -1.7717e-04 -1.5936e-04 -1.4124e-04 -1.2326e-04 -1.0583e-04 -8.9330e-05 -7.4063e-05 -6.0262e-05 -4.8077e-05 -3.7573e-05 -2.8738e-05 -2.1489e-05 -1.5695e-05 -1.1184e-05 -7.7667e-06 -5.2510e-06 -3.4523e-06 -2.2045e-06 -1.3657e-06 -8.1978e-07 -4.7621e-07 -2.6736e-07 -1.4489e-07 -7.5688e-08 -3.8063e-08 -1.8401e-08 -8.5397e-09 -3.7992e-09 -1.6179e-09 -6.5850e-10 -2.5579e-10 -9.4680e-11 -3.3343e-11 -1.1154e-11 -3.5388e-12 -1.0631e-12 -3.0189e-13 -8.0904e-14 -2.0427e-14 -4.8505e-15 -1.0814e-15 -2.2594e-16 -4.4165e-17 -8.0618e-18 -1.3717e-18 -2.1714e-19 -3.1921e-20 -4.3493e-21 -5.4820e-22 -6.3796e-23 -6.8409e-24 -6.7458e-25 -6.1048e-26 -5.0598e-27 -3.8329e-28 -2.6481e-29 -1.6651e-30 -9.5084e-32 -4.9203e-33 -2.3022e-34 -9.7187e-36 -3.6932e-37 -1.2605e-38 -3.8551e-40 -1.0541e-41 -2.5708e-43 -5.5789e-45 -2.9970e-06 -8.4767e-06 -1.5572e-05 -2.3970e-05 -3.3487e-05 -4.3992e-05 -5.5377e-05 -6.7546e-05 -8.0407e-05 -9.3861e-05 -1.0780e-04 -1.2211e-04 -1.3665e-04 -1.5127e-04 -1.6579e-04 0.0000e+00 -1.9377e-04 -2.0678e-04 -2.1881e-04 -2.2963e-04 -2.3896e-04 -2.4656e-04 -2.5219e-04 -2.5564e-04 -2.5674e-04 -2.5537e-04 -2.5146e-04 -2.4502e-04 -2.3613e-04 -2.2494e-04 -2.1170e-04 -1.9673e-04 -1.8038e-04 -1.6309e-04 -1.4530e-04 -1.2746e-04 -1.1002e-04 -9.3356e-05 -7.7819e-05 -6.3668e-05 -5.1081e-05 -4.0154e-05 -3.0896e-05 -2.3248e-05 -1.7090e-05 -1.2261e-05 -8.5763e-06 -5.8426e-06 -3.8723e-06 -2.4940e-06 -1.5592e-06 -9.4514e-07 -5.5480e-07 -3.1500e-07 -1.7277e-07 -9.1423e-08 -4.6615e-08 -2.2872e-08 -1.0784e-08 -4.8800e-09 -2.1162e-09 -8.7823e-10 -3.4828e-10 -1.3179e-10 -4.7514e-11 -1.6296e-11 -5.3089e-12 -1.6402e-12 -4.7980e-13 -1.3268e-13 -3.4624e-14 -8.5131e-15 -1.9688e-15 -4.2750e-16 -8.7008e-17 -1.6569e-17 -2.9468e-18 -4.8859e-19 -7.5384e-20 -1.0803e-20 -1.4350e-21 -1.7639e-22 -2.0021e-23 -2.0943e-24 -2.0151e-25 -1.7798e-26 -1.4400e-27 -1.0650e-28 -7.1860e-30 -4.4136e-31 -2.4624e-32 -1.2452e-33 -5.6950e-35 -2.3504e-36 -8.7341e-38 -2.9157e-39 -8.7238e-41 -2.3341e-42 -5.5712e-44 -1.1836e-45
