2.9262e-08 -4.1419e-07 -7.6184e-07 -1.1749e-06 -1.6456e-06 -2.1689e-06 -2.7417e-06 -3.3617e-06 -4.0277e-06 -4.7387e-06 -5.4944e-06 -6.2946e-06 -7.1395e-06 -8.0297e-06 -8.9656e-06 -9.9482e-06 -1.0978e-05 -1.2057e-05 -1.3186e-05 -1.4365e-05 -1.5597e-05 -1.6883e-05 -1.8224e-05 -1.9620e-05 -2.1075e-05 -2.2587e-05 -2.4159e-05 -2.5790e-05 -2.7482e-05 -2.9233e-05 -3.1043e-05 -3.2911e-05 -3.4833e-05 -3.6808e-05 -3.8831e-05 -4.0895e-05 -4.2993e-05 -4.5115e-05 -4.7250e-05 -4.9382e-05 -5.1495e-05 -5.3566e-05 -5.5571e-05 -5.7480e-05 -5.9259e-05 -6.0868e-05 -6.2263e-05 -6.3395e-05 -6.4208e-05 -6.4643e-05 -6.4641e-05 -6.4138e-05 -6.3075e-05 -6.1399e-05 -5.9069e-05 -5.6060e-05 -5.2374e-05 -4.8046e-05 -4.3149e-05 -3.7802e-05 -3.2170e-05 -2.6459e-05 -2.0905e-05 -1.5750e-05 -1.1215e-05 -7.4670e-06 -4.5873e-06 -2.5585e-06 -1.2697e-06 -5.4683e-07 -1.9810e-07 -5.8035e-08 -1.3078e-08 -2.1265e-09 -2.2973e-10 -1.4808e-11 -4.9440e-13 -7.0856e-15 -3.3854e-17 -3.8221e-20 -6.3392e-24 -7.9322e-29 -2.8960e-35 -7.7623e-44 -1.9744e-55 -2.1367e-71 -7.8048e-94 -4.0929e-126 -7.7604e-174 -1.1249e-246 -0.0000e+00 -0.0000e+00 -0.0000e+00 -0.0000e+00 -0.0000e+00 -0.0000e+00 -0.0000e+00 -0.0000e+00 -0.0000e+00 -0.0000e+00 0.0000e+00 -4.1419e-07 -7.6184e-07 -1.1749e-06 -1.6456e-06 -2.1689e-06 -2.7417e-06 -3.3617e-06 -4.0277e-06 -4.7387e-06 -5.4944e-06 -6.2946e-06 -7.1395e-06 -8.0297e-06 -8.9656e-06 -9.9482e-06 -1.0978e-05 -1.2057e-05 -1.3186e-05 -1.4365e-05 -1.5597e-05 -1.6883e-05 -1.8224e-05 -1.9620e-05 -2.1075e-05 -2.2587e-05 -2.4159e-05 -2.5790e-05 -2.7482e-05 -2.9233e-05 -3.1043e-05 -3.2911e-05 -3.4833e-05 -3.6808e-05 -3.8831e-05 -4.0895e-05 -4.2993e-05 -4.5115e-05 -4.7250e-05 -4.9382e-05 -5.1495e-05 -5.3566e-05 -5.5571e-05 -5.7480e-05 -5.9259e-05 -6.0868e-05 -6.2263e-05 -6.3395e-05 -6.4208e-05 -6.4643e-05 -6.4641e-05 -6.4138e-05 -6.3075e-05 -6.1399e-05 -5.9069e-05 -5.6060e-05 -5.2374e-05 -4.8046e-05 -4.3149e-05 -3.7802e-05 -3.2170e-05 -2.6459e-05 -2.0905e-05 -1.5750e-05 -1.1215e-05 -7.4670e-06 -4.5873e-06 -2.5585e-06 -1.2697e-06 -5.4683e-07 -1.9810e-07 -5.8035e-08 -1.3078e-08 -2.1265e-09 -2.2973e-10 -1.4807e-11 -4.9440e-13 -7.0856e-15 -3.3854e-17 -3.8221e-20 -6.3392e-24 -7.9322e-29 -2.8960e-35 -7.7622e-44 -1.9744e-55 -2.1367e-71 -7.8048e-94 -4.0929e-126 -7.7603e-174 -1.1248e-246 -0.0000e+00 -0.0000e+00 -0.0000e+00 -0.0000e+00 -0.0000e+00 -0.0000e+00 -0.0000e+00 -0.0000e+00 -0.0000e+00 -0.0000e+00
-4.1419e-07 5.6178e-07 -2.1564e-06 -3.3256e-06 -4.6577e-06 -6.1390e-06 -7.7602e-06 -9.5154e-06 -1.1400e-05 -1.3413e-05 -1.5552e-05 -1.7817e-05 -2.0208e-05 -2.2728e-05 -2.5377e-05 -2.8158e-05 -3.1074e-05 -3.4128e-05 -3.7322e-05 -4.0661e-05 -4.4148e-05 -4.7787e-05 -5.1582e-05 -5.5535e-05 -5.9651e-05 -6.3932e-05 -6.8381e-05 -7.2999e-05 -7.7786e-05 -8.2743e-05 -8.7866e-05 -9.3153e-05 -9.8595e-05 -1.0419e-04 -1.0991e-04 -1.1575e-04 -1.2169e-04 -1.2770e-04 -1.3374e-04 -1.3978e-04 -1.4575e-04 -1.5162e-04 -1.5729e-04 -1.6270e-04 -1.6773e-04 -1.7229e-04 -1.7624e-04 -1.7944e-04 -1.8174e-04 -1.8297e-04 -1.8296e-04 -1.8154e-04 -1.7853e-04 -1.7379e-04 -1.6719e-04 -1.5868e-04 -1.4824e-04 -1.3599e-04 -1.2213e-04 -1.0700e-04 -9.1056e-05 -7.4892e-05 -5.9170e-05 -4.4579e-05 -3.1744e-05 -2.1135e-05 -1.2984e-05 -7.2417e-06 -3.5938e-06 -1.5478e-06 -5.6072e-07 -1.6427e-07 -3.7017e-08 -6.0191e-09 -6.5024e-10 -4.1913e-11 -1.3994e-12 -2.0056e-14 -9.5826e-17 -1.0819e-19 -1.7943e-23 -2.2453e-28 -8.1974e-35 -2.1972e-43 -5.5890e-55 -6.0486e-71 -2.2094e-93 -1.1587e-125 -2.1971e-173 -3.1851e-246 -0.0000e+00 -0.0000e+00 -0.0000e+00 -0.0000e+00 -0.0000e+00 -0.0000e+00 -0.0000e+00 -0.0000e+00 -0.0000e+00 -0.0000e+00 -4.1419e-07 0.0000e+00 -2.1564e-06 -3.3256e-06 -4.6577e-06 -6.1390e-06 -7.7602e-06 -9.5154e-06 -1.1400e-05 -1.3413e-05 -1.5552e-05 -1.7817e-05 -2.0208e-05 -2.2728e-05 -2.5377e-05 -2.8158e-05 -3.1074e-05 -3.4128e-05 -3.7322e-05 -4.0661e-05 -4.4148e-05 -4.7787e-05 -5.1582e-05 -5.5535e-05 -5.9651e-05 -6.3932e-05 -6.8381e-05 -7.2999e-05 -7.7786e-05 -8.2743e-05 -8.7866e-05 -9.3153e-05 -9.8595e-05 -1.0419e-04 -1.0991e-04 -1.1575e-04 -1.2169e-04 -1.2770e-04 -1.3374e-04 -1.3978e-04 -1.4575e-04 -1.5162e-04 -1.5729e-04 -1.6270e-04 -1.6773e-04 -1.7229e-04 -1.7624e-04 -1.7944e-04 -1.8174e-04 -1.8297e-04 -1.8296e-04 -1.8154e-04 -1.7853e-04 -1.7379e-04 -1.6719e-04 -1.5868e-04 -1.4824e-04 -1.3599e-04 -1.2213e-04 -1.0700e-04 -9.1056e-05 -7.4892e-05 -5.9170e-05 -4.4579e-05 -3.1744e-05 -2.1135e-05 -1.2984e-05 -7.2417e-06 -3.5938e-06 -1.5478e-06 -5.6072e-07 -1.6427e-07 -3.7017e-08 -6.0191e-09 -6.5024e-10 -4.1912e-11 -1.3994e-12 -2.0056e-14 -9.5824e-17 -1.0819e-19 -1.7943e-23 -2.2452e-28 -8.1971e-35 -2.1971e-43 -5.5887e-55 -6.0482e-71 -2.2092e-93 -1.1585e-125 -2.1967e-173 -3.1842e-246 -0.0000e+00 -0.0000e+00 -0.0000e+00 -0.0000e+00 -0.0000e+00 -0.0000e+00 -0.0000e+00 -0.0000e+00 -0.0000e+00 -0.0000e+00
-7.6184e-07 -2.1564e-06 2.8491e-06 -6.1169e-06 -8.5672e-06 -1.1292e-05 -1.4274e-05 -1.7502e-05 -2.0969e-05 -2.4671e-05 -2.8605e-05 -3.2771e-05 -3.7170e-05 -4.1804e-05 -4.6677e-05 -5.1792e-05 -5.7156e-05 -6.2772e-05 -6.8648e-05 -7.4789e-05 -8.1203e-05 -8.7897e-05 -9.4876e-05 -1.0215e-04 -1.0972e-04 -1.1759e-04 -1.2578e-04 -1.3427e-04 -1.4307e-04 -1.5219e-04 -1.6162e-04 -1.7134e-04 -1.8135e-04 -1.9163e-04 -2.0216e-04 -2.1291e-04 -2.2383e-04 -2.3488e-04 -2.4599e-04 -2.5709e-04 -2.6809e-04 -2.7888e-04 -2.8931e-04 -2.9925e-04 -3.0851e-04 -3.1689e-04 -3.2416e-04 -3.3005e-04 -3.3428e-04 -3.3655e-04 -3.3653e-04 -3.3392e-04 -3.2838e-04 -3.1966e-04 -3.0753e-04 -2.9186e-04 -2.7267e-04 -2.5014e-04 -2.2464e-04 -1.9681e-04 -1.6748e-04 -1.3775e-04 -1.0883e-04 -8.1997e-05 -5.8389e-05 -3.8875e-05 -2.3883e-05 -1.3320e-05 -6.6103e-06 -2.8470e-06 -1.0314e-06 -3.0215e-07 -6.8090e-08 -1.1072e-08 -1.1961e-09 -7.7096e-11 -2.5741e-12 -3.6892e-14 -1.7627e-16 -1.9902e-19 -3.3009e-23 -4.1305e-28 -1.5081e-34 -4.0425e-43 -1.0284e-54 -1.1130e-70 -4.0663e-93 -2.1330e-125 -4.0458e-173 -5.8678e-246 -0.0000e+00 -0.0000e+00 -0.0000e+00 -0.0000e+00 -0.0000e+00 -0.0000e+00 -0.0000e+00 -0.0000e+00 -0.0000e+00 -0.0000e+00 -7.6184e-07 -2.1564e-06 0.0000e+00 -6.1169e-06 -8.5672e-06 -1.1292e-05 -1.4274e-05 -1.7502e-05 -2.0969e-05 -2.4671e-05 -2.8605e-05 -3.2771e-05 -3.7170e-05 -4.1804e-05 -4.6677e-05 -5.1792e-05 -5.7156e-05 -6.2772e-05 -6.8648e-05 -7.4789e-05 -8.1203e-05 -8.7897e-05 -9.4876e-05 -1.0215e-04 -1.0972e-04 -1.1759e-04 -1.2578e-04 -1.3427e-04 -1.4307e-04 -1.5219e-04 -1.6162e-04 -1.7134e-04 -1.8135e-04 -1.9163e-04 -2.0216e-04 -2.1291e-04 -2.2383e-04 -2.3488e-04 -2.4599e-04 -2.5709e-04 -2.6809e-04 -2.7888e-04 -2.8931e-04 -2.9925e-04 -3.0851e-04 -3.1689e-04 -3.2416e-04 -3.3005e-04 -3.3428e-04 -3.3655e-04 -3.3653e-04 -3.3392e-04 -3.2838e-04 -3.1966e-04 -3.0752e-04 -2.9186e-04 -2.7267e-04 -2.5014e-04 -2.2464e-04 -1.9681e-04 -1.6748e-04 -1.3775e-04 -1.0883e-04 -8.1997e-05 -5.8389e-05 -3.8875e-05 -2.3882e-05 -1.3320e-05 -6.6102e-06 -2.8469e-06 -1.0314e-06 -3.0214e-07 -6.8088e-08 -1.1071e-08 -1.1960e-09 -7.7093e-11 -2.5740e-12 -3.6890e-14 -1.7626e-16 -1.9900e-19 -3.3005e-23 -4.1299e-28 -1.5078e-34 -4.0416e-43 -1.0281e-54 -1.1126e-70 -4.0643e-93 -2.1315e-125 -4.0421e-173 -5.8600e-246 -0.0000e+00 -0.0000e+00 -0.0000e+00 -0.0000e+00 -0.0000e+00 -0.0000e+00 -0.0000e+00 -0.0000e+00 -0.0000e+00 -0.0000e+00
-1.1749e-06 -3.3256e-06 -6.1169e-06 9.0250e-06 -1.3212e-05 -1.7414e-05 -2.2013e-05 -2.6992e-05 -3.2339e-05 -3.8048e-05 -4.4115e-05 -5.0540e-05 -5.7324e-05 -6.4471e-05 -7.1985e-05 -7.9874e-05 -8.8146e-05 -9.6807e-05 -1.0587e-04 -1.1534e-04 -1.2523e-04 -1.3555e-04 -1.4632e-04 -1.5753e-04 -1.6921e-04 -1.8135e-04 -1.9397e-04 -2.0707e-04 -2.2065e-04 -2.3471e-04 -2.4924e-04 -2.6424e-04 -2.7968e-04 -2.9554e-04 -3.1177e-04 -3.2835e-04 -3.4519e-04 -3.6223e-04 -3.7937e-04 -3.9649e-04 -4.1345e-04 -4.3009e-04 -4.4618e-04 -4.6151e-04 -4.7579e-04 -4.8872e-04 -4.9992e-04 -5.0900e-04 -5.1553e-04 -5.1903e-04 -5.1901e-04 -5.1497e-04 -5.0644e-04 -4.9298e-04 -4.7427e-04 -4.5011e-04 -4.2052e-04 -3.8577e-04 -3.4645e-04 -3.0352e-04 -2.5830e-04 -2.1245e-04 -1.6785e-04 -1.2646e-04 -9.0050e-05 -5.9955e-05 -3.6833e-05 -2.0543e-05 -1.0195e-05 -4.3908e-06 -1.5907e-06 -4.6601e-07 -1.0502e-07 -1.7076e-08 -1.8448e-09 -1.1891e-10 -3.9705e-12 -5.6907e-14 -2.7191e-16 -3.0701e-19 -5.0924e-23 -6.3730e-28 -2.3271e-34 -6.2389e-43 -1.5874e-54 -1.7186e-70 -6.2812e-93 -3.2967e-125 -6.2585e-173 -9.0886e-246 -0.0000e+00 -0.0000e+00 -0.0000e+00 -0.0000e+00 -0.0000e+00 -0.0000e+00 -0.0000e+00 -0.0000e+00 -0.0000e+00 -0.0000e+00 -1.1749e-06 -3.3256e-06 -6.1169e-06 0.0000e+00 -1.3212e-05 -1.7414e-05 -2.2013e-05 -2.6992e-05 -3.2339e-05 -3.8048e-05 -4.4115e-05 -5.0540e-05 -5.7324e-05 -6.4471e-05 -7.1985e-05 -7.9874e-05 -8.8146e-05 -9.6807e-05 -1.0587e-04 -1.1534e-04 -1.2523e-04 -1.3555e-04 -1.4632e-04 -1.5753e-04 -1.6921e-04 -1.8135e-04 -1.9397e-04 -2.0707e-04 -2.2065e-04 -2.3471e-04 -2.4924e-04 -2.6424e-04 -2.7968e-04 -2.9554e-04 -3.1177e-04 -3.2835e-04 -3.4519e-04 -3.6223e-04 -3.7937e-04 -3.9649e-04 -4.1345e-04 -4.3008e-04 -4.4618e-04 -4.6151e-04 -4.7579e-04 -4.8871e-04 -4.9992e-04 -5.0900e-04 -5.1553e-04 -5.1902e-04 -5.1900e-04 -5.1497e-04 -5.0643e-04 -4.9298e-04 -4.7427e-04 -4.5011e-04 -4.2052e-04 -3.8577e-04 -3.4645e-04 -3.0352e-04 -2.5830e-04 -2.1244e-04 -1.6785e-04 -1.2646e-04 -9.0048e-05 -5.9954e-05 -3.6832e-05 -2.0542e-05 -1.0194e-05 -4.3906e-06 -1.5906e-06 -4.6598e-07 -1.0501e-07 -1.7075e-08 -1.8446e-09 -1.1890e-10 -3.9699e-12 -5.6896e-14 -2.7185e-16 -3.0692e-19 -5.0906e-23 -6.3702e-28 -2.3258e-34 -6.2345e-43 -1.5860e-54 -1.7166e-70 -6.2714e-93 -3.2897e-125 -6.2400e-173 -9.0504e-246 -0.0000e+00 -0.0000e+00 -0.0000e+00 -0.0000e+00 -0.0000e+00 -0.0000e+00 -0.0000e+00 -0.0000e+00 -0.0000e+00 -0.0000e+00
-1.6456e-06 -4.6577e-06 -8.5672e-06 -1.3212e-05 2.2098e-05 -2.4390e-05 -3.0831e-05 -3.7804e-05 -4.5293e-05 -5.3289e-05 -6.1786e-05 -7.0785e-05 -8.0286e-05 -9.0296e-05 -1.0082e-04 -1.1187e-04 -1.2345e-04 -1.3559e-04 -1.4828e-04 -1.6154e-04 -1.7540e-04 -1.8986e-04 -2.0493e-04 -2.2064e-04 -2.3699e-04 -2.5400e-04 -2.7167e-04 -2.9002e-04 -3.0904e-04 -3.2873e-04 -3.4909e-04 -3.7009e-04 -3.9171e-04 -4.1392e-04 -4.3666e-04 -4.5987e-04 -4.8347e-04 -5.0733e-04 -5.3134e-04 -5.5532e-04 -5.7908e-04 -6.0237e-04 -6.2492e-04 -6.4639e-04 -6.6639e-04 -6.8449e-04 -7.0018e-04 -7.1290e-04 -7.2204e-04 -7.2694e-04 -7.2692e-04 -7.2126e-04 -7.0931e-04 -6.9047e-04 -6.6426e-04 -6.3043e-04 -5.8898e-04 -5.4031e-04 -4.8525e-04 -4.2512e-04 -3.6178e-04 -2.9756e-04 -2.3509e-04 -1.7712e-04 -1.2613e-04 -8.3977e-05 -5.1592e-05 -2.8775e-05 -1.4280e-05 -6.1504e-06 -2.2282e-06 -6.5278e-07 -1.4711e-07 -2.3922e-08 -2.5844e-09 -1.6660e-10 -5.5629e-12 -7.9736e-14 -3.8103e-16 -4.3026e-19 -7.1378e-23 -8.9343e-28 -3.2632e-34 -8.7513e-43 -2.2277e-54 -2.4132e-70 -8.8273e-93 -4.6386e-125 -8.8218e-173 -1.2846e-245 -0.0000e+00 -0.0000e+00 -0.0000e+00 -0.0000e+00 -0.0000e+00 -0.0000e+00 -0.0000e+00 -0.0000e+00 -0.0000e+00 -0.0000e+00 -1.6456e-06 -4.6577e-06 -8.5672e-06 -1.3212e-05 0.0000e+00 -2.4390e-05 -3.0831e-05 -3.7804e-05 -4.5293e-05 -5.3289e-05 -6.1786e-05 -7.0785e-05 -8.0286e-05 -9.0296e-05 -1.0082e-04 -1.1187e-04 -1.2345e-04 -1.3559e-04 -1.4828e-04 -1.6154e-04 -1.7540e-04 -1.8986e-04 -2.0493e-04 -2.2064e-04 -2.3699e-04 -2.5400e-04 -2.7167e-04 -2.9002e-04 -3.0904e-04 -3.2873e-04 -3.4909e-04 -3.7009e-04 -3.9171e-04 -4.1392e-04 -4.3666e-04 -4.5987e-04 -4.8347e-04 -5.0733e-04 -5.3134e-04 -5.5532e-04 -5.7907e-04 -6.0237e-04 -6.2491e-04 -6.4638e-04 -6.6639e-04 -6.8448e-04 -7.0017e-04 -7.1290e-04 -7.2204e-04 -7.2694e-04 -7.2691e-04 -7.2125e-04 -7.0930e-04 -6.9046e-04 -6.6425e-04 -6.3042e-04 -5.8897e-04 -5.4030e-04 -4.8523e-04 -4.2510e-04 -3.6177e-04 -2.9754e-04 -2.3508e-04 -1.7712e-04 -1.2612e-04 -8.3972e-05 -5.1587e-05 -2.8772e-05 -1.4279e-05 -6.1496e-06 -2.2279e-06 -6.5267e-07 -1.4708e-07 -2.3916e-08 -2.5837e-09 -1.6654e-10 -5.5607e-12 -7.9698e-14 -3.8081e-16 -4.2996e-19 -7.1317e-23 -8.9247e-28 -3.2588e-34 -8.7364e-43 -2.2227e-54 -2.4063e-70 -8.7935e-93 -4.6145e-125 -8.7584e-173 -1.2715e-245 -0.0000e+00 -0.0000e+00 -0.0000e+00 -0.0000e+00 -0.0000e+00 -0.0000e+00 -0.0000e+00 -0.0000e+00 -0.0000e+00 -0.0000e+00
-2.1689e-06 -6.1390e-06 -1.1292e-05 -1.7414e-05 -2.4390e-05 4.5985e-05 -4.0636e-05 -4.9826e-05 -5.9697e-05 -7.0236e-05 -8.1435e-05 -9.3296e-05 -1.0582e-04 -1.1901e-04 -1.3288e-04 -1.4745e-04 -1.6272e-04 -1.7871e-04 -1.9543e-04 -2.1292e-04 -2.3118e-04 -2.5023e-04 -2.7010e-04 -2.9081e-04 -3.1236e-04 -3.3478e-04 -3.5807e-04 -3.8225e-04 -4.0732e-04 -4.3328e-04 -4.6010e-04 -4.8779e-04 -5.1629e-04 -5.4556e-04 -5.7553e-04 -6.0613e-04 -6.3722e-04 -6.6868e-04 -7.0032e-04 -7.3193e-04 -7.6324e-04 -7.9394e-04 -8.2366e-04 -8.5195e-04 -8.7832e-04 -9.0218e-04 -9.2286e-04 -9.3963e-04 -9.5168e-04 -9.5814e-04 -9.5810e-04 -9.5065e-04 -9.3491e-04 -9.1007e-04 -8.7553e-04 -8.3094e-04 -7.7632e-04 -7.1217e-04 -6.3959e-04 -5.6034e-04 -4.7686e-04 -3.9221e-04 -3.0988e-04 -2.3347e-04 -1.6626e-04 -1.1070e-04 -6.8007e-05 -3.7931e-05 -1.8825e-05 -8.1080e-06 -2.9375e-06 -8.6061e-07 -1.9396e-07 -3.1541e-08 -3.4078e-09 -2.1969e-10 -7.3367e-12 -1.0517e-13 -5.0267e-16 -5.6774e-19 -9.4209e-23 -1.1796e-27 -4.3103e-34 -1.1566e-42 -2.9466e-54 -3.1956e-70 -1.1707e-92 -6.1654e-125 -1.1763e-172 -1.7213e-245 -0.0000e+00 -0.0000e+00 -0.0000e+00 -0.0000e+00 -0.0000e+00 -0.0000e+00 -0.0000e+00 -0.0000e+00 -0.0000e+00 -0.0000e+00 -2.1689e-06 -6.1390e-06 -1.1292e-05 -1.7414e-05 -2.4390e-05 0.0000e+00 -4.0636e-05 -4.9826e-05 -5.9697e-05 -7.0236e-05 -8.1435e-05 -9.3296e-05 -1.0582e-04 -1.1901e-04 -1.3288e-04 -1.4745e-04 -1.6272e-04 -1.7871e-04 -1.9543e-04 -2.1292e-04 -2.3118e-04 -2.5023e-04 -2.7010e-04 -2.9081e-04 -3.1236e-04 -3.3478e-04 -3.5807e-04 -3.8225e-04 -4.0732e-04 -4.3327e-04 -4.6010e-04 -4.8779e-04 -5.1629e-04 -5.4556e-04 -5.7553e-04 -6.0612e-04 -6.3722e-04 -6.6867e-04 -7.0031e-04 -7.3192e-04 -7.6323e-04 -7.9393e-04 -8.2365e-04 -8.5195e-04 -8.7831e-04 -9.0217e-04 -9.2285e-04 -9.3961e-04 -9.5166e-04 -9.5812e-04 -9.5809e-04 -9.5063e-04 -9.3488e-04 -9.1004e-04 -8.7550e-04 -8.3091e-04 -7.7629e-04 -7.1214e-04 -6.3956e-04 -5.6030e-04 -4.7682e-04 -3.9218e-04 -3.0985e-04 -2.3345e-04 -1.6624e-04 -1.1068e-04 -6.7996e-05 -3.7924e-05 -1.8821e-05 -8.1059e-06 -2.9366e-06 -8.6031e-07 -1.9388e-07 -3.1526e-08 -3.4059e-09 -2.1954e-10 -7.3307e-12 -1.0507e-13 -5.0207e-16 -5.6691e-19 -9.4041e-23 -1.1770e-27 -4.2983e-34 -1.1525e-42 -2.9331e-54 -3.1765e-70 -1.1614e-92 -6.0992e-125 -1.1589e-172 -1.6852e-245 -0.0000e+00 -0.0000e+00 -0.0000e+00 -0.0000e+00 -0.0000e+00 -0.0000e+00 -0.0000e+00 -0.0000e+00 -0.0000e+00 -0.0000e+00
-2.7417e-06 -7.7602e-06 -1.4274e-05 -2.2013e-05 -3.0831e-05 -4.0636e-05 8.5553e-05 -6.2985e-05 -7.5462e-05 -8.8784e-05 -1.0294e-04 -1.1793e-04 -1.3376e-04 -1.5044e-04 -1.6798e-04 -1.8639e-04 -2.0569e-04 -2.2590e-04 -2.4704e-04 -2.6915e-04 -2.9223e-04 -3.1632e-04 -3.4143e-04 -3.6760e-04 -3.9485e-04 -4.2319e-04 -4.5263e-04 -4.8320e-04 -5.1489e-04 -5.4770e-04 -5.8161e-04 -6.1661e-04 -6.5263e-04 -6.8964e-04 -7.2753e-04 -7.6620e-04 -8.0551e-04 -8.4527e-04 -8.8527e-04 -9.2522e-04 -9.6481e-04 -1.0036e-03 -1.0412e-03 -1.0770e-03 -1.1103e-03 -1.1404e-03 -1.1666e-03 -1.1878e-03 -1.2030e-03 -1.2112e-03 -1.2112e-03 -1.2017e-03 -1.1818e-03 -1.1505e-03 -1.1068e-03 -1.0504e-03 -9.8139e-04 -9.0030e-04 -8.0856e-04 -7.0838e-04 -6.0285e-04 -4.9584e-04 -3.9177e-04 -2.9517e-04 -2.1020e-04 -1.3996e-04 -8.5986e-05 -4.7960e-05 -2.3803e-05 -1.0253e-05 -3.7146e-06 -1.0884e-06 -2.4531e-07 -3.9896e-08 -4.3110e-09 -2.7796e-10 -9.2840e-12 -1.3312e-13 -6.3639e-16 -7.1902e-19 -1.1936e-22 -1.4954e-27 -5.4684e-34 -1.4688e-42 -3.7468e-54 -4.0707e-70 -1.4951e-92 -7.9020e-125 -1.5156e-172 -2.2355e-245 -0.0000e+00 -0.0000e+00 -0.0000e+00 -0.0000e+00 -0.0000e+00 -0.0000e+00 -0.0000e+00 -0.0000e+00 -0.0000e+00 -0.0000e+00 -2.7417e-06 -7.7602e-06 -1.4274e-05 -2.2013e-05 -3.0831e-05 -4.0636e-05 0.0000e+00 -6.2985e-05 -7.5462e-05 -8.8784e-05 -1.0294e-04 -1.1793e-04 -1.3376e-04 -1.5044e-04 -1.6798e-04 -1.8639e-04 -2.0569e-04 -2.2590e-04 -2.4704e-04 -2.6915e-04 -2.9223e-04 -3.1632e-04 -3.4143e-04 -3.6760e-04 -3.9485e-04 -4.2319e-04 -4.5263e-04 -4.8320e-04 -5.1489e-04 -5.4770e-04 -5.8161e-04 -6.1660e-04 -6.5263e-04 -6.8963e-04 -7.2752e-04 -7.6619e-04 -8.0550e-04 -8.4526e-04 -8.8526e-04 -9.2522e-04 -9.6480e-04 -1.0036e-03 -1.0412e-03 -1.0769e-03 -1.1103e-03 -1.1404e-03 -1.1666e-03 -1.1878e-03 -1.2030e-03 -1.2112e-03 -1.2111e-03 -1.2017e-03 -1.1818e-03 -1.1504e-03 -1.1067e-03 -1.0504e-03 -9.8131e-04 -9.0022e-04 -8.0847e-04 -7.0829e-04 -6.0277e-04 -4.9577e-04 -3.9170e-04 -2.9511e-04 -2.1015e-04 -1.3992e-04 -8.5959e-05 -4.7943e-05 -2.3793e-05 -1.0248e-05 -3.7126e-06 -1.0877e-06 -2.4512e-07 -3.9860e-08 -4.3064e-09 -2.7760e-10 -9.2699e-12 -1.3287e-13 -6.3499e-16 -7.1707e-19 -1.1897e-22 -1.4892e-27 -5.4400e-34 -1.4591e-42 -3.7151e-54 -4.0258e-70 -1.4732e-92 -7.7460e-125 -1.4744e-172 -2.1499e-245 -0.0000e+00 -0.0000e+00 -0.0000e+00 -0.0000e+00 -0.0000e+00 -0.0000e+00 -0.0000e+00 -0.0000e+00 -0.0000e+00 -0.0000e+00
-3.3617e-06 -9.5154e-06 -1.7502e-05 -2.6992e-05 -3.7804e-05 -4.9826e-05 -6.2985e-05 1.4666e-04 -9.2530e-05 -1.0886e-04 -1.2622e-04 -1.4461e-04 -1.6402e-04 -1.8447e-04 -2.0597e-04 -2.2854e-04 -2.5221e-04 -2.7699e-04 -3.0292e-04 -3.3002e-04 -3.5832e-04 -3.8786e-04 -4.1866e-04 -4.5074e-04 -4.8415e-04 -5.1890e-04 -5.5500e-04 -5.9248e-04 -6.3134e-04 -6.7157e-04 -7.1316e-04 -7.5606e-04 -8.0024e-04 -8.4561e-04 -8.9208e-04 -9.3949e-04 -9.8769e-04 -1.0365e-03 -1.0855e-03 -1.1345e-03 -1.1830e-03 -1.2306e-03 -1.2767e-03 -1.3206e-03 -1.3614e-03 -1.3984e-03 -1.4305e-03 -1.4565e-03 -1.4752e-03 -1.4852e-03 -1.4851e-03 -1.4736e-03 -1.4492e-03 -1.4107e-03 -1.3572e-03 -1.2881e-03 -1.2035e-03 -1.1040e-03 -9.9154e-04 -8.6870e-04 -7.3930e-04 -6.0809e-04 -4.8046e-04 -3.6201e-04 -2.5780e-04 -1.7166e-04 -1.0547e-04 -5.8829e-05 -2.9199e-05 -1.2578e-05 -4.5575e-06 -1.3355e-06 -3.0103e-07 -4.8966e-08 -5.2920e-09 -3.4128e-10 -1.1402e-11 -1.6354e-13 -7.8218e-16 -8.8419e-19 -1.4688e-22 -1.8418e-27 -6.7425e-34 -1.8138e-42 -4.6361e-54 -5.0508e-70 -1.8621e-92 -9.8959e-125 -1.9132e-172 -2.8553e-245 -0.0000e+00 -0.0000e+00 -0.0000e+00 -0.0000e+00 -0.0000e+00 -0.0000e+00 -0.0000e+00 -0.0000e+00 -0.0000e+00 -0.0000e+00 -3.3617e-06 -9.5154e-06 -1.7502e-05 -2.6992e-05 -3.7804e-05 -4.9826e-05 -6.2985e-05 0.0000e+00 -9.2530e-05 -1.0886e-04 -1.2622e-04 -1.4461e-04 -1.6402e-04 -1.8447e-04 -2.0597e-04 -2.2854e-04 -2.5221e-04 -2.7699e-04 -3.0292e-04 -3.3002e-04 -3.5832e-04 -3.8786e-04 -4.1866e-04 -4.5074e-04 -4.8415e-04 -5.1890e-04 -5.5500e-04 -5.9248e-04 -6.3134e-04 -6.7157e-04 -7.1315e-04 -7.5606e-04 -8.0024e-04 -8.4561e-04 -8.9207e-04 -9.3948e-04 -9.8768e-04 -1.0364e-03 -1.0855e-03 -1.1345e-03 -1.1830e-03 -1.2306e-03 -1.2767e-03 -1.3205e-03 -1.3614e-03 -1.3984e-03 -1.4304e-03 -1.4564e-03 -1.4751e-03 -1.4851e-03 -1.4851e-03 -1.4735e-03 -1.4491e-03 -1.4106e-03 -1.3571e-03 -1.2880e-03 -1.2033e-03 -1.1039e-03 -9.9136e-04 -8.6852e-04 -7.3913e-04 -6.0793e-04 -4.8032e-04 -3.6188e-04 -2.5770e-04 -1.7158e-04 -1.0541e-04 -5.8794e-05 -2.9179e-05 -1.2568e-05 -4.5532e-06 -1.3340e-06 -3.0064e-07 -4.8890e-08 -5.2824e-09 -3.4054e-10 -1.1373e-11 -1.6303e-13 -7.7922e-16 -8.8011e-19 -1.4605e-22 -1.8288e-27 -6.6828e-34 -1.7934e-42 -4.5692e-54 -4.9560e-70 -1.8160e-92 -9.5664e-125 -1.8260e-172 -2.6738e-245 -0.0000e+00 -0.0000e+00 -0.0000e+00 -0.0000e+00 -0.0000e+00 -0.0000e+00 -0.0000e+00 -0.0000e+00 -0.0000e+00 -0.0000e+00
-4.0277e-06 -1.1400e-05 -2.0969e-05 -3.2339e-05 -4.5293e-05 -5.9697e-05 -7.5462e-05 -9.2530e-05 2.3623e-04 -1.3043e-04 -1.5123e-04 -1.7325e-04 -1.9651e-04 -2.2101e-04 -2.4677e-04 -2.7382e-04 -3.0217e-04 -3.3186e-04 -3.6293e-04 -3.9540e-04 -4.2931e-04 -4.6470e-04 -5.0159e-04 -5.4004e-04 -5.8006e-04 -6.2169e-04 -6.6496e-04 -7.0986e-04 -7.5642e-04 -8.0462e-04 -8.5444e-04 -9.0585e-04 -9.5878e-04 -1.0131e-03 -1.0688e-03 -1.1256e-03 -1.1834e-03 -1.2418e-03 -1.3006e-03 -1.3593e-03 -1.4174e-03 -1.4744e-03 -1.5296e-03 -1.5822e-03 -1.6312e-03 -1.6755e-03 -1.7139e-03 -1.7451e-03 -1.7675e-03 -1.7795e-03 -1.7795e-03 -1.7657e-03 -1.7364e-03 -1.6904e-03 -1.6262e-03 -1.5435e-03 -1.4420e-03 -1.3229e-03 -1.1882e-03 -1.0410e-03 -8.8595e-04 -7.2873e-04 -5.7580e-04 -4.3386e-04 -3.0898e-04 -2.0575e-04 -1.2642e-04 -7.0523e-05 -3.5006e-05 -1.5081e-05 -5.4651e-06 -1.6017e-06 -3.6110e-07 -5.8749e-08 -6.3509e-09 -4.0971e-10 -1.3694e-11 -1.9650e-13 -9.4038e-16 -1.0638e-18 -1.7690e-22 -2.2210e-27 -8.1440e-34 -2.1956e-42 -5.6283e-54 -6.1562e-70 -2.2822e-92 -1.2223e-124 -2.3896e-172 -3.6255e-245 -0.0000e+00 -0.0000e+00 -0.0000e+00 -0.0000e+00 -0.0000e+00 -0.0000e+00 -0.0000e+00 -0.0000e+00 -0.0000e+00 -0.0000e+00 -4.0277e-06 -1.1400e-05 -2.0969e-05 -3.2339e-05 -4.5293e-05 -5.9697e-05 -7.5462e-05 -9.2530e-05 0.0000e+00 -1.3043e-04 -1.5123e-04 -1.7325e-04 -1.9651e-04 -2.2101e-04 -2.4677e-04 -2.7382e-04 -3.0217e-04 -3.3186e-04 -3.6293e-04 -3.9540e-04 -4.2931e-04 -4.6469e-04 -5.0159e-04 -5.4004e-04 -5.8006e-04 -6.2169e-04 -6.6495e-04 -7.0986e-04 -7.5641e-04 -8.0461e-04 -8.5443e-04 -9.0584e-04 -9.5877e-04 -1.0131e-03 -1.0688e-03 -1.1256e-03 -1.1834e-03 -1.2418e-03 -1.3005e-03 -1.3592e-03 -1.4174e-03 -1.4744e-03 -1.5296e-03 -1.5821e-03 -1.6311e-03 -1.6754e-03 -1.7138e-03 -1.7450e-03 -1.7673e-03 -1.7793e-03 -1.7793e-03 -1.7654e-03 -1.7362e-03 -1.6901e-03 -1.6260e-03 -1.5432e-03 -1.4417e-03 -1.3226e-03 -1.1878e-03 -1.0406e-03 -8.8562e-04 -7.2842e-04 -5.7552e-04 -4.3362e-04 -3.0879e-04 -2.0560e-04 -1.2631e-04 -7.0454e-05 -3.4967e-05 -1.5061e-05 -5.4567e-06 -1.5988e-06 -3.6034e-07 -5.8603e-08 -6.3323e-09 -4.0828e-10 -1.3636e-11 -1.9552e-13 -9.3467e-16 -1.0560e-18 -1.7529e-22 -2.1958e-27 -8.0285e-34 -2.1561e-42 -5.4989e-54 -5.9725e-70 -2.1927e-92 -1.1582e-124 -2.2198e-172 -3.2704e-245 -0.0000e+00 -0.0000e+00 -0.0000e+00 -0.0000e+00 -0.0000e+00 -0.0000e+00 -0.0000e+00 -0.0000e+00 -0.0000e+00 -0.0000e+00
-4.7387e-06 -1.3413e-05 -2.4671e-05 -3.8048e-05 -5.3289e-05 -7.0236e-05 -8.8784e-05 -1.0886e-04 -1.3043e-04 3.6228e-04 -1.7793e-04 -2.0384e-04 -2.3120e-04 -2.6003e-04 -2.9034e-04 -3.2215e-04 -3.5551e-04 -3.9045e-04 -4.2700e-04 -4.6520e-04 -5.0510e-04 -5.4673e-04 -5.9014e-04 -6.3538e-04 -6.8247e-04 -7.3145e-04 -7.8234e-04 -8.3518e-04 -8.8995e-04 -9.4666e-04 -1.0053e-03 -1.0658e-03 -1.1280e-03 -1.1920e-03 -1.2575e-03 -1.3243e-03 -1.3923e-03 -1.4610e-03 -1.5302e-03 -1.5992e-03 -1.6677e-03 -1.7348e-03 -1.7997e-03 -1.8616e-03 -1.9192e-03 -1.9714e-03 -2.0166e-03 -2.0533e-03 -2.0796e-03 -2.0938e-03 -2.0938e-03 -2.0776e-03 -2.0432e-03 -1.9890e-03 -1.9136e-03 -1.8162e-03 -1.6969e-03 -1.5568e-03 -1.3982e-03 -1.2251e-03 -1.0427e-03 -8.5766e-04 -6.7772e-04 -5.1068e-04 -3.6372e-04 -2.4221e-04 -1.4884e-04 -8.3037e-05 -4.1223e-05 -1.7762e-05 -6.4377e-06 -1.8871e-06 -4.2556e-07 -6.9257e-08 -7.4896e-09 -4.8338e-10 -1.6165e-11 -2.3212e-13 -1.1118e-15 -1.2591e-18 -2.0965e-22 -2.6368e-27 -9.6911e-34 -2.6205e-42 -6.7448e-54 -7.4178e-70 -2.7707e-92 -1.4996e-124 -2.9760e-172 -4.6137e-245 -0.0000e+00 -0.0000e+00 -0.0000e+00 -0.0000e+00 -0.0000e+00 -0.0000e+00 -0.0000e+00 -0.0000e+00 -0.0000e+00 -0.0000e+00 -4.7387e-06 -1.3413e-05 -2.4671e-05 -3.8048e-05 -5.3289e-05 -7.0236e-05 -8.8784e-05 -1.0886e-04 -1.3043e-04 0.0000e+00 -1.7793e-04 -2.0384e-04 -2.3120e-04 -2.6003e-04 -2.9034e-04 -3.2215e-04 -3.5551e-04 -3.9045e-04 -4.2700e-04 -4.6520e-04 -5.0509e-04 -5.4673e-04 -5.9014e-04 -6.3537e-04 -6.8246e-04 -7.3144e-04 -7.8234e-04 -8.3517e-04 -8.8994e-04 -9.4665e-04 -1.0053e-03 -1.0658e-03 -1.1280e-03 -1.1920e-03 -1.2575e-03 -1.3243e-03 -1.3923e-03 -1.4610e-03 -1.5301e-03 -1.5992e-03 -1.6676e-03 -1.7347e-03 -1.7996e-03 -1.8615e-03 -1.9191e-03 -1.9712e-03 -2.0164e-03 -2.0530e-03 -2.0794e-03 -2.0935e-03 -2.0934e-03 -2.0772e-03 -2.0428e-03 -1.9885e-03 -1.9131e-03 -1.8157e-03 -1.6963e-03 -1.5562e-03 -1.3976e-03 -1.2245e-03 -1.0421e-03 -8.5710e-04 -6.7721e-04 -5.1024e-04 -3.6336e-04 -2.4194e-04 -1.4865e-04 -8.2913e-05 -4.1152e-05 -1.7726e-05 -6.4227e-06 -1.8819e-06 -4.2419e-07 -6.8994e-08 -7.4560e-09 -4.8080e-10 -1.6062e-11 -2.3034e-13 -1.1015e-15 -1.2448e-18 -2.0674e-22 -2.5914e-27 -9.4821e-34 -2.5492e-42 -6.5103e-54 -7.0847e-70 -2.6080e-92 -1.3829e-124 -2.6653e-172 -3.9603e-245 -0.0000e+00 -0.0000e+00 -0.0000e+00 -0.0000e+00 -0.0000e+00 -0.0000e+00 -0.0000e+00 -0.0000e+00 -0.0000e+00 -0.0000e+00
-5.4944e-06 -1.5552e-05 -2.8605e-05 -4.4115e-05 -6.1786e-05 -8.1435e-05 -1.0294e-04 -1.2622e-04 -1.5123e-04 -1.7793e-04 5.3406e-04 -2.3634e-04 -2.6807e-04 -3.0149e-04 -3.3663e-04 -3.7353e-04 -4.1221e-04 -4.5271e-04 -4.9509e-04 -5.3938e-04 -5.8564e-04 -6.3391e-04 -6.8425e-04 -7.3670e-04 -7.9130e-04 -8.4809e-04 -9.0710e-04 -9.6836e-04 -1.0319e-03 -1.0976e-03 -1.1656e-03 -1.2357e-03 -1.3079e-03 -1.3821e-03 -1.4580e-03 -1.5356e-03 -1.6143e-03 -1.6940e-03 -1.7742e-03 -1.8543e-03 -1.9337e-03 -2.0115e-03 -2.0868e-03 -2.1585e-03 -2.2254e-03 -2.2859e-03 -2.3383e-03 -2.3809e-03 -2.4115e-03 -2.4279e-03 -2.4279e-03 -2.4092e-03 -2.3694e-03 -2.3066e-03 -2.2192e-03 -2.1063e-03 -1.9680e-03 -1.8055e-03 -1.6217e-03 -1.4209e-03 -1.2094e-03 -9.9489e-04 -7.8620e-04 -5.9247e-04 -4.2201e-04 -2.8106e-04 -1.7273e-04 -9.6381e-05 -4.7855e-05 -2.0623e-05 -7.4768e-06 -2.1923e-06 -4.9455e-07 -8.0517e-08 -8.7116e-09 -5.6259e-10 -1.8828e-11 -2.7061e-13 -1.2976e-15 -1.4717e-18 -2.4550e-22 -3.0950e-27 -1.1410e-33 -3.0978e-42 -8.0163e-54 -8.8801e-70 -3.3497e-92 -1.8379e-124 -3.7175e-172 -5.9205e-245 -0.0000e+00 -0.0000e+00 -0.0000e+00 -0.0000e+00 -0.0000e+00 -0.0000e+00 -0.0000e+00 -0.0000e+00 -0.0000e+00 -0.0000e+00 -5.4944e-06 -1.5552e-05 -2.8605e-05 -4.4115e-05 -6.1786e-05 -8.1435e-05 -1.0294e-04 -1.2622e-04 -1.5123e-04 -1.7793e-04 0.0000e+00 -2.3634e-04 -2.6807e-04 -3.0149e-04 -3.3663e-04 -3.7353e-04 -4.1221e-04 -4.5271e-04 -4.9509e-04 -5.3938e-04 -5.8564e-04 -6.3391e-04 -6.8425e-04 -7.3669e-04 -7.9129e-04 -8.4808e-04 -9.0709e-04 -9.6835e-04 -1.0319e-03 -1.0976e-03 -1.1656e-03 -1.2357e-03 -1.3079e-03 -1.3821e-03 -1.4580e-03 -1.5355e-03 -1.6143e-03 -1.6940e-03 -1.7741e-03 -1.8542e-03 -1.9335e-03 -2.0113e-03 -2.0866e-03 -2.1583e-03 -2.2251e-03 -2.2856e-03 -2.3380e-03 -2.3805e-03 -2.4110e-03 -2.4274e-03 -2.4274e-03 -2.4085e-03 -2.3686e-03 -2.3058e-03 -2.2183e-03 -2.1054e-03 -1.9670e-03 -1.8045e-03 -1.6207e-03 -1.4199e-03 -1.2084e-03 -9.9393e-04 -7.8534e-04 -5.9173e-04 -4.2140e-04 -2.8060e-04 -1.7240e-04 -9.6168e-05 -4.7733e-05 -2.0562e-05 -7.4510e-06 -2.1834e-06 -4.9221e-07 -8.0069e-08 -8.6542e-09 -5.5818e-10 -1.8651e-11 -2.6756e-13 -1.2799e-15 -1.4473e-18 -2.4051e-22 -3.0171e-27 -1.1052e-33 -2.9753e-42 -7.6131e-54 -8.3063e-70 -3.0688e-92 -1.6357e-124 -3.1766e-172 -4.7738e-245 -0.0000e+00 -0.0000e+00 -0.0000e+00 -0.0000e+00 -0.0000e+00 -0.0000e+00 -0.0000e+00 -0.0000e+00 -0.0000e+00 -0.0000e+00
-6.2946e-06 -1.7817e-05 -3.2771e-05 -5.0540e-05 -7.0785e-05 -9.3296e-05 -1.1793e-04 -1.4461e-04 -1.7325e-04 -2.0384e-04 -2.3634e-04 7.6210e-04 -3.0711e-04 -3.4540e-04 -3.8566e-04 -4.2793e-04 -4.7224e-04 -5.1864e-04 -5.6719e-04 -6.1794e-04 -6.7093e-04 -7.2624e-04 -7.8391e-04 -8.4399e-04 -9.0654e-04 -9.7161e-04 -1.0392e-03 -1.1094e-03 -1.1822e-03 -1.2575e-03 -1.3354e-03 -1.4157e-03 -1.4984e-03 -1.5834e-03 -1.6704e-03 -1.7592e-03 -1.8495e-03 -1.9408e-03 -2.0327e-03 -2.1245e-03 -2.2154e-03 -2.3045e-03 -2.3909e-03 -2.4731e-03 -2.5497e-03 -2.6190e-03 -2.6791e-03 -2.7279e-03 -2.7630e-03 -2.7819e-03 -2.7820e-03 -2.7605e-03 -2.7150e-03 -2.6431e-03 -2.5430e-03 -2.4137e-03 -2.2553e-03 -2.0693e-03 -1.8587e-03 -1.6286e-03 -1.3863e-03 -1.1405e-03 -9.0134e-04 -6.7931e-04 -4.8392e-04 -3.2234e-04 -1.9813e-04 -1.1057e-04 -5.4915e-05 -2.3672e-05 -8.5846e-06 -2.5181e-06 -5.6829e-07 -9.2573e-08 -1.0023e-08 -6.4777e-10 -2.1699e-11 -3.1227e-13 -1.4996e-15 -1.7040e-18 -2.8495e-22 -3.6034e-27 -1.3338e-33 -3.6402e-42 -9.4849e-54 -1.0604e-69 -4.0503e-92 -2.2602e-124 -4.6794e-172 -7.6952e-245 -0.0000e+00 -0.0000e+00 -0.0000e+00 -0.0000e+00 -0.0000e+00 -0.0000e+00 -0.0000e+00 -0.0000e+00 -0.0000e+00 -0.0000e+00 -6.2946e-06 -1.7817e-05 -3.2771e-05 -5.0540e-05 -7.0785e-05 -9.3296e-05 -1.1793e-04 -1.4461e-04 -1.7325e-04 -2.0384e-04 -2.3634e-04 0.0000e+00 -3.0711e-04 -3.4540e-04 -3.8566e-04 -4.2793e-04 -4.7224e-04 -5.1864e-04 -5.6719e-04 -6.1794e-04 -6.7093e-04 -7.2623e-04 -7.8390e-04 -8.4398e-04 -9.0653e-04 -9.7160e-04 -1.0392e-03 -1.1094e-03 -1.1821e-03 -1.2575e-03 -1.3353e-03 -1.4157e-03 -1.4984e-03 -1.5834e-03 -1.6704e-03 -1.7591e-03 -1.8494e-03 -1.9407e-03 -2.0325e-03 -2.1243e-03 -2.2152e-03 -2.3043e-03 -2.3906e-03 -2.4727e-03 -2.5493e-03 -2.6185e-03 -2.6786e-03 -2.7273e-03 -2.7623e-03 -2.7811e-03 -2.7810e-03 -2.7594e-03 -2.7138e-03 -2.6418e-03 -2.5416e-03 -2.4122e-03 -2.2537e-03 -2.0676e-03 -1.8569e-03 -1.6269e-03 -1.3846e-03 -1.1389e-03 -8.9993e-04 -6.7809e-04 -4.8292e-04 -3.2158e-04 -1.9759e-04 -1.1023e-04 -5.4715e-05 -2.3572e-05 -8.5424e-06 -2.5036e-06 -5.6447e-07 -9.1839e-08 -9.9287e-09 -6.4055e-10 -2.1411e-11 -3.0728e-13 -1.4707e-15 -1.6640e-18 -2.7676e-22 -3.4756e-27 -1.2749e-33 -3.4387e-42 -8.8209e-54 -9.6571e-70 -3.5849e-92 -1.9238e-124 -3.7731e-172 -5.7545e-245 -0.0000e+00 -0.0000e+00 -0.0000e+00 -0.0000e+00 -0.0000e+00 -0.0000e+00 -0.0000e+00 -0.0000e+00 -0.0000e+00 -0.0000e+00
-7.1395e-06 -2.0208e-05 -3.7170e-05 -5.7324e-05 -8.0286e-05 -1.0582e-04 -1.3376e-04 -1.6402e-04 -1.9651e-04 -2.3120e-04 -2.6807e-04 -3.0711e-04 1.0583e-03 -3.9176e-04 -4.3743e-04 -4.8537e-04 -5.3563e-04 -5.8826e-04 -6.4333e-04 -7.0089e-04 -7.6100e-04 -8.2373e-04 -8.8913e-04 -9.5729e-04 -1.0282e-03 -1.1020e-03 -1.1787e-03 -1.2583e-03 -1.3409e-03 -1.4263e-03 -1.5146e-03 -1.6058e-03 -1.6996e-03 -1.7960e-03 -1.8947e-03 -1.9954e-03 -2.0978e-03 -2.2014e-03 -2.3056e-03 -2.4098e-03 -2.5129e-03 -2.6141e-03 -2.7120e-03 -2.8052e-03 -2.8922e-03 -2.9709e-03 -3.0391e-03 -3.0945e-03 -3.1344e-03 -3.1559e-03 -3.1560e-03 -3.1317e-03 -3.0802e-03 -2.9987e-03 -2.8853e-03 -2.7387e-03 -2.5591e-03 -2.3481e-03 -2.1093e-03 -1.8484e-03 -1.5735e-03 -1.2946e-03 -1.0233e-03 -7.7130e-04 -5.4953e-04 -3.6611e-04 -2.2508e-04 -1.2565e-04 -6.2418e-05 -2.6915e-05 -9.7649e-06 -2.8656e-06 -6.4711e-07 -1.0549e-07 -1.1430e-08 -7.3951e-10 -2.4804e-11 -3.5750e-13 -1.7202e-15 -1.9595e-18 -3.2868e-22 -4.1727e-27 -1.5523e-33 -4.2646e-42 -1.1208e-53 -1.2675e-69 -4.9151e-92 -2.7992e-124 -5.9560e-172 -1.0161e-244 -0.0000e+00 -0.0000e+00 -0.0000e+00 -0.0000e+00 -0.0000e+00 -0.0000e+00 -0.0000e+00 -0.0000e+00 -0.0000e+00 -0.0000e+00 -7.1395e-06 -2.0208e-05 -3.7170e-05 -5.7324e-05 -8.0286e-05 -1.0582e-04 -1.3376e-04 -1.6402e-04 -1.9651e-04 -2.3120e-04 -2.6807e-04 -3.0711e-04 0.0000e+00 -3.9176e-04 -4.3743e-04 -4.8537e-04 -5.3563e-04 -5.8826e-04 -6.4333e-04 -7.0088e-04 -7.6099e-04 -8.2372e-04 -8.8913e-04 -9.5728e-04 -1.0282e-03 -1.1020e-03 -1.1787e-03 -1.2583e-03 -1.3408e-03 -1.4263e-03 -1.5146e-03 -1.6057e-03 -1.6995e-03 -1.7959e-03 -1.8946e-03 -1.9953e-03 -2.0977e-03 -2.2012e-03 -2.3054e-03 -2.4095e-03 -2.5126e-03 -2.6137e-03 -2.7115e-03 -2.8047e-03 -2.8915e-03 -2.9701e-03 -3.0382e-03 -3.0935e-03 -3.1332e-03 -3.1546e-03 -3.1545e-03 -3.1301e-03 -3.0783e-03 -2.9967e-03 -2.8830e-03 -2.7363e-03 -2.5566e-03 -2.3455e-03 -2.1066e-03 -1.8457e-03 -1.5709e-03 -1.2921e-03 -1.0210e-03 -7.6938e-04 -5.4796e-04 -3.6491e-04 -2.2424e-04 -1.2510e-04 -6.2104e-05 -2.6758e-05 -9.6984e-06 -2.8429e-06 -6.4108e-07 -1.0433e-07 -1.1282e-08 -7.2813e-10 -2.4348e-11 -3.4962e-13 -1.6745e-15 -1.8962e-18 -3.1572e-22 -3.9704e-27 -1.4591e-33 -3.9449e-42 -1.0152e-53 -1.1164e-69 -4.1696e-92 -2.2571e-124 -4.4826e-172 -6.9645e-245 -0.0000e+00 -0.0000e+00 -0.0000e+00 -0.0000e+00 -0.0000e+00 -0.0000e+00 -0.0000e+00 -0.0000e+00 -0.0000e+00 -0.0000e+00
-8.0297e-06 -2.2728e-05 -4.1804e-05 -6.4471e-05 -9.0296e-05 -1.1901e-04 -1.5044e-04 -1.8447e-04 -2.2101e-04 -2.6003e-04 -3.0149e-04 -3.4540e-04 -3.9176e-04 1.4362e-03 -4.9197e-04 -5.4588e-04 -6.0241e-04 -6.6161e-04 -7.2354e-04 -7.8827e-04 -8.5588e-04 -9.2643e-04 -9.9999e-04 -1.0766e-03 -1.1564e-03 -1.2394e-03 -1.3257e-03 -1.4152e-03 -1.5081e-03 -1.6042e-03 -1.7035e-03 -1.8060e-03 -1.9116e-03 -2.0200e-03 -2.1310e-03 -2.2443e-03 -2.3595e-03 -2.4760e-03 -2.5932e-03 -2.7104e-03 -2.8264e-03 -2.9402e-03 -3.0504e-03 -3.1553e-03 -3.2531e-03 -3.3417e-03 -3.4185e-03 -3.4809e-03 -3.5258e-03 -3.5501e-03 -3.5504e-03 -3.5232e-03 -3.4653e-03 -3.3738e-03 -3.2463e-03 -3.0816e-03 -2.8797e-03 -2.6425e-03 -2.3739e-03 -2.0805e-03 -1.7712e-03 -1.4575e-03 -1.1522e-03 -8.6861e-04 -6.1899e-04 -4.1248e-04 -2.5366e-04 -1.4164e-04 -7.0390e-05 -3.0366e-05 -1.1022e-05 -3.2367e-06 -7.3143e-07 -1.1934e-07 -1.2945e-08 -8.3859e-10 -2.8172e-11 -4.0685e-13 -1.9625e-15 -2.2422e-18 -3.7756e-22 -4.8169e-27 -1.8032e-33 -4.9940e-42 -1.3264e-53 -1.5206e-69 -6.0035e-92 -3.5008e-124 -7.6838e-172 -1.3655e-244 -0.0000e+00 -0.0000e+00 -0.0000e+00 -0.0000e+00 -0.0000e+00 -0.0000e+00 -0.0000e+00 -0.0000e+00 -0.0000e+00 -0.0000e+00 -8.0297e-06 -2.2728e-05 -4.1804e-05 -6.4471e-05 -9.0296e-05 -1.1901e-04 -1.5044e-04 -1.8447e-04 -2.2101e-04 -2.6003e-04 -3.0149e-04 -3.4540e-04 -3.9176e-04 0.0000e+00 -4.9197e-04 -5.4588e-04 -6.0241e-04 -6.6161e-04 -7.2354e-04 -7.8827e-04 -8.5587e-04 -9.2642e-04 -9.9998e-04 -1.0766e-03 -1.1564e-03 -1.2394e-03 -1.3257e-03 -1.4152e-03 -1.5080e-03 -1.6041e-03 -1.7034e-03 -1.8059e-03 -1.9115e-03 -2.0198e-03 -2.1308e-03 -2.2441e-03 -2.3592e-03 -2.4757e-03 -2.5929e-03 -2.7099e-03 -2.8259e-03 -2.9396e-03 -3.0497e-03 -3.1545e-03 -3.2522e-03 -3.3406e-03 -3.4172e-03 -3.4794e-03 -3.5241e-03 -3.5481e-03 -3.5481e-03 -3.5207e-03 -3.4625e-03 -3.3707e-03 -3.2429e-03 -3.0780e-03 -2.8759e-03 -2.6384e-03 -2.3698e-03 -2.0764e-03 -1.7672e-03 -1.4537e-03 -1.1488e-03 -8.6569e-04 -6.1660e-04 -4.1065e-04 -2.5236e-04 -1.4081e-04 -6.9910e-05 -3.0126e-05 -1.0921e-05 -3.2019e-06 -7.2222e-07 -1.1757e-07 -1.2719e-08 -8.2119e-10 -2.7476e-11 -3.9480e-13 -1.8925e-15 -2.1454e-18 -3.5769e-22 -4.5061e-27 -1.6598e-33 -4.5012e-42 -1.1631e-53 -1.2861e-69 -4.8407e-92 -2.6490e-124 -5.3433e-172 -8.4931e-245 -0.0000e+00 -0.0000e+00 -0.0000e+00 -0.0000e+00 -0.0000e+00 -0.0000e+00 -0.0000e+00 -0.0000e+00 -0.0000e+00 -0.0000e+00
-8.9656e-06 -2.5377e-05 -4.6677e-05 -7.1985e-05 -1.0082e-04 -1.3288e-04 -1.6798e-04 -2.0597e-04 -2.4677e-04 -2.9034e-04 -3.3663e-04 -3.8566e-04 -4.3743e-04 -4.9197e-04 1.9109e-03 -6.0951e-04 -6.7263e-04 -7.3873e-04 -8.0788e-04 -8.8016e-04 -9.5564e-04 -1.0344e-03 -1.1166e-03 -1.2021e-03 -1.2912e-03 -1.3839e-03 -1.4802e-03 -1.5802e-03 -1.6839e-03 -1.7912e-03 -1.9021e-03 -2.0166e-03 -2.1344e-03 -2.2555e-03 -2.3795e-03 -2.5060e-03 -2.6346e-03 -2.7648e-03 -2.8957e-03 -3.0265e-03 -3.1561e-03 -3.2833e-03 -3.4063e-03 -3.5236e-03 -3.6329e-03 -3.7318e-03 -3.8177e-03 -3.8875e-03 -3.9378e-03 -3.9650e-03 -3.9655e-03 -3.9353e-03 -3.8708e-03 -3.7688e-03 -3.6266e-03 -3.4429e-03 -3.2176e-03 -2.9527e-03 -2.6529e-03 -2.3253e-03 -1.9799e-03 -1.6295e-03 -1.2884e-03 -9.7148e-04 -6.9246e-04 -4.6157e-04 -2.8394e-04 -1.5861e-04 -7.8861e-05 -3.4039e-05 -1.2364e-05 -3.6333e-06 -8.2181e-07 -1.3423e-07 -1.4580e-08 -9.4604e-10 -3.1845e-11 -4.6101e-13 -2.2304e-15 -2.5580e-18 -4.3276e-22 -5.5541e-27 -2.0950e-33 -5.8584e-42 -1.5754e-53 -1.8352e-69 -7.3968e-92 -4.4299e-124 -1.0063e-171 -1.8691e-244 -0.0000e+00 -0.0000e+00 -0.0000e+00 -0.0000e+00 -0.0000e+00 -0.0000e+00 -0.0000e+00 -0.0000e+00 -0.0000e+00 -0.0000e+00 -8.9656e-06 -2.5377e-05 -4.6677e-05 -7.1985e-05 -1.0082e-04 -1.3288e-04 -1.6798e-04 -2.0597e-04 -2.4677e-04 -2.9034e-04 -3.3663e-04 -3.8566e-04 -4.3743e-04 -4.9197e-04 0.0000e+00 -6.0951e-04 -6.7263e-04 -7.3872e-04 -8.0787e-04 -8.8015e-04 -9.5563e-04 -1.0344e-03 -1.1165e-03 -1.2021e-03 -1.2912e-03 -1.3839e-03 -1.4802e-03 -1.5802e-03 -1.6838e-03 -1.7911e-03 -1.9020e-03 -2.0164e-03 -2.1343e-03 -2.2553e-03 -2.3792e-03 -2.5057e-03 -2.6343e-03 -2.7643e-03 -2.8952e-03 -3.0259e-03 -3.1554e-03 -3.2824e-03 -3.4053e-03 -3.5223e-03 -3.6314e-03 -3.7301e-03 -3.8158e-03 -3.8852e-03 -3.9352e-03 -3.9621e-03 -3.9621e-03 -3.9315e-03 -3.8666e-03 -3.7641e-03 -3.6216e-03 -3.4374e-03 -3.2118e-03 -2.9467e-03 -2.6468e-03 -2.3191e-03 -1.9740e-03 -1.6239e-03 -1.2833e-03 -9.6713e-04 -6.8891e-04 -4.5885e-04 -2.8202e-04 -1.5737e-04 -7.8147e-05 -3.3682e-05 -1.2213e-05 -3.5815e-06 -8.0811e-07 -1.3160e-07 -1.4243e-08 -9.2013e-10 -3.0807e-11 -4.4304e-13 -2.1260e-15 -2.4134e-18 -4.0306e-22 -5.0889e-27 -1.8798e-33 -5.1174e-42 -1.3290e-53 -1.4797e-69 -5.6224e-92 -3.1178e-124 -6.4089e-172 -1.0469e-244 -0.0000e+00 -0.0000e+00 -0.0000e+00 -0.0000e+00 -0.0000e+00 -0.0000e+00 -0.0000e+00 -0.0000e+00 -0.0000e+00 -0.0000e+00
-9.9482e-06 -2.8158e-05 -5.1792e-05 -7.9874e-05 -1.1187e-04 -1.4745e-04 -1.8639e-04 -2.2854e-04 -2.7382e-04 -3.2215e-04 -3.7353e-04 -4.2793e-04 -4.8537e-04 -5.4588e-04 -6.0951e-04 2.4992e-03 -7.4635e-04 -8.1969e-04 -8.9642e-04 -9.7662e-04 -1.0604e-03 -1.1478e-03 -1.2389e-03 -1.3339e-03 -1.4328e-03 -1.5356e-03 -1.6425e-03 -1.7534e-03 -1.8684e-03 -1.9875e-03 -2.1106e-03 -2.2377e-03 -2.3685e-03 -2.5028e-03 -2.6404e-03 -2.7808e-03 -2.9236e-03 -3.0680e-03 -3.2133e-03 -3.3585e-03 -3.5024e-03 -3.6435e-03 -3.7802e-03 -3.9104e-03 -4.0318e-03 -4.1417e-03 -4.2371e-03 -4.3147e-03 -4.3707e-03 -4.4011e-03 -4.4018e-03 -4.3685e-03 -4.2972e-03 -4.1842e-03 -4.0267e-03 -3.8230e-03 -3.5731e-03 -3.2794e-03 -2.9468e-03 -2.5832e-03 -2.2000e-03 -1.8109e-03 -1.4321e-03 -1.0802e-03 -7.7018e-04 -5.1355e-04 -3.1605e-04 -1.7663e-04 -8.7870e-05 -3.7953e-05 -1.3796e-05 -4.0581e-06 -9.1894e-07 -1.5030e-07 -1.6352e-08 -1.0631e-09 -3.5872e-11 -5.2085e-13 -2.5292e-15 -2.9138e-18 -4.9576e-22 -6.4080e-27 -2.4388e-33 -6.8975e-42 -1.8816e-53 -2.2323e-69 -9.2086e-92 -5.6795e-124 -1.3390e-171 -2.6070e-244 -0.0000e+00 -0.0000e+00 -0.0000e+00 -0.0000e+00 -0.0000e+00 -0.0000e+00 -0.0000e+00 -0.0000e+00 -0.0000e+00 -0.0000e+00 -9.9482e-06 -2.8158e-05 -5.1792e-05 -7.9874e-05 -1.1187e-04 -1.4745e-04 -1.8639e-04 -2.2854e-04 -2.7382e-04 -3.2215e-04 -3.7353e-04 -4.2793e-04 -4.8537e-04 -5.4588e-04 -6.0951e-04 0.0000e+00 -7.4634e-04 -8.1968e-04 -8.9641e-04 -9.7661e-04 -1.0604e-03 -1.1478e-03 -1.2389e-03 -1.3339e-03 -1.4327e-03 -1.5356e-03 -1.6424e-03 -1.7533e-03 -1.8683e-03 -1.9874e-03 -2.1105e-03 -2.2375e-03 -2.3682e-03 -2.5025e-03 -2.6400e-03 -2.7804e-03 -2.9230e-03 -3.0674e-03 -3.2126e-03 -3.3576e-03 -3.5013e-03 -3.6422e-03 -3.7787e-03 -3.9086e-03 -4.0297e-03 -4.1392e-03 -4.2343e-03 -4.3114e-03 -4.3669e-03 -4.3968e-03 -4.3969e-03 -4.3630e-03 -4.2911e-03 -4.1775e-03 -4.0193e-03 -3.8151e-03 -3.5648e-03 -3.2707e-03 -2.9379e-03 -2.5743e-03 -2.1913e-03 -1.8028e-03 -1.4248e-03 -1.0739e-03 -7.6502e-04 -5.0960e-04 -3.1325e-04 -1.7483e-04 -8.6833e-05 -3.7434e-05 -1.3577e-05 -3.9829e-06 -8.9901e-07 -1.4647e-07 -1.5861e-08 -1.0254e-09 -3.4361e-11 -4.9467e-13 -2.3769e-15 -2.7026e-18 -4.5233e-22 -5.7265e-27 -2.1228e-33 -5.8058e-42 -1.5172e-53 -1.7034e-69 -6.5468e-92 -3.6887e-124 -7.7549e-172 -1.3083e-244 -0.0000e+00 -0.0000e+00 -0.0000e+00 -0.0000e+00 -0.0000e+00 -0.0000e+00 -0.0000e+00 -0.0000e+00 -0.0000e+00 -0.0000e+00
