1.0993e-04 -8.4145e-05 -9.8128e-05 -1.0580e-04 -1.0830e-04 -1.0651e-04 -1.0128e-04 -9.3469e-05 -8.3922e-05 -7.3429e-05 -6.2685e-05 -5.2255e-05 -4.2566e-05 -3.3899e-05 -2.6404e-05 -2.0121e-05 -1.5006e-05 -1.0955e-05 -7.8292e-06 -5.4790e-06 -3.7550e-06 -2.5204e-06 -1.6571e-06 -1.0673e-06 -6.7339e-07 -4.1626e-07 -2.5211e-07 -1.4961e-07 -8.6995e-08 -4.9569e-08 -2.7677e-08 -1.5144e-08 -8.1203e-09 -4.2672e-09 -2.1976e-09 -1.1092e-09 -5.4864e-10 -2.6598e-10 -1.2638e-10 -5.8853e-11 -2.6862e-11 -1.2016e-11 -5.2687e-12 -2.2642e-12 -9.5369e-13 -3.9372e-13 -1.5932e-13 -6.3188e-14 -2.4564e-14 -9.3598e-15 -3.4956e-15 -1.2796e-15 -4.5914e-16 -1.6147e-16 -5.5663e-17 -1.8807e-17 -6.2287e-18 -2.0219e-18 -6.4334e-19 -2.0064e-19 -6.1334e-20 -1.8378e-20 -5.3974e-21 -1.5538e-21 -4.3841e-22 -1.2125e-22 -3.2870e-23 -8.7342e-24 -2.2748e-24 -5.8073e-25 -1.4531e-25 -3.5640e-26 -8.5681e-27 -2.0190e-27 -4.6632e-28 -1.0557e-28 -2.3426e-29 -5.0953e-30 -1.0863e-30 -2.2699e-31 -4.6494e-32 -9.3342e-33 -1.8368e-33 -3.5428e-34 -6.6980e-35 -1.2412e-35 -2.2545e-36 -4.0137e-37 -7.0042e-38 -1.1980e-38 -2.0086e-39 -3.3007e-40 -5.3165e-41 -8.3936e-42 -1.2989e-42 -1.9702e-43 -2.9291e-44 -4.2685e-45 -6.0969e-46 -8.5360e-47 0.0000e+00 8.4078e-05 9.7952e-05 1.0546e-04 1.0776e-04 1.0575e-04 1.0030e-04 9.2285e-05 8.2581e-05 7.1985e-05 6.1198e-05 5.0786e-05 4.1167e-05 3.2612e-05 2.5259e-05 1.9133e-05 1.4179e-05 1.0281e-05 7.2960e-06 5.0681e-06 3.4465e-06 2.2947e-06 1.4960e-06 9.5509e-07 5.9717e-07 3.6569e-07 2.1934e-07 1.2886e-07 7.4163e-08 4.1812e-08 2.3093e-08 1.2495e-08 6.6238e-09 3.4402e-09 1.7506e-09 8.7282e-10 4.2638e-10 2.0409e-10 9.5724e-11 4.3993e-11 1.9811e-11 8.7424e-12 3.7803e-12 1.6019e-12 6.6515e-13 2.7065e-13 1.0792e-13 4.2172e-14 1.6149e-14 6.0602e-15 2.2287e-15 8.0323e-16 2.8370e-16 9.8198e-17 3.3311e-17 1.1074e-17 3.6078e-18 1.1520e-18 3.6047e-19 1.1055e-19 3.3225e-20 9.7866e-21 2.8252e-21 7.9930e-22 2.2163e-22 6.0226e-23 1.6040e-23 4.1868e-24 1.0710e-24 2.6853e-25 6.5984e-26 1.5890e-26 3.7505e-27 8.6758e-28 1.9669e-28 4.3704e-29 9.5175e-30 2.0313e-30 4.2492e-31 8.7114e-32 1.7504e-32 3.4470e-33 6.6529e-34 1.2585e-34 2.3332e-35 4.2394e-36 7.5497e-37 1.3177e-37 2.2541e-38 3.7790e-39 6.2095e-40 9.9998e-41 1.5783e-41 2.4415e-42 3.7015e-43 5.5000e-44 8.0096e-45 1.1432e-45 1.5991e-46 2.1924e-47
-8.4145e-05 4.3952e-04 -1.3540e-04 -1.4659e-04 -1.5086e-04 -1.4933e-04 -1.4308e-04 -1.3319e-04 -1.2075e-04 -1.0680e-04 -9.2243e-05 -7.7874e-05 -6.4300e-05 -5.1950e-05 -4.1084e-05 -3.1812e-05 -2.4124e-05 -1.7919e-05 -1.3039e-05 -9.2955e-06 -6.4933e-06 -4.4446e-06 -2.9814e-06 -1.9598e-06 -1.2626e-06 -7.9716e-07 -4.9328e-07 -2.9916e-07 -1.7782e-07 -1.0360e-07 -5.9152e-08 -3.3104e-08 -1.8158e-08 -9.7617e-09 -5.1436e-09 -2.6563e-09 -1.3446e-09 -6.6704e-10 -3.2434e-10 -1.5457e-10 -7.2197e-11 -3.3051e-11 -1.4830e-11 -6.5215e-12 -2.8108e-12 -1.1874e-12 -4.9160e-13 -1.9948e-13 -7.9337e-14 -3.0925e-14 -1.1814e-14 -4.4237e-15 -1.6234e-15 -5.8390e-16 -2.0584e-16 -7.1116e-17 -2.4082e-17 -7.9924e-18 -2.5998e-18 -8.2882e-19 -2.5898e-19 -7.9310e-20 -2.3805e-20 -7.0030e-21 -2.0191e-21 -5.7059e-22 -1.5804e-22 -4.2901e-23 -1.1414e-23 -2.9765e-24 -7.6073e-25 -1.9056e-25 -4.6787e-26 -1.1259e-26 -2.6554e-27 -6.1382e-28 -1.3907e-28 -3.0883e-29 -6.7216e-30 -1.4339e-30 -2.9980e-31 -6.1438e-32 -1.2340e-32 -2.4294e-33 -4.6876e-34 -8.8651e-35 -1.6433e-35 -2.9855e-36 -5.3163e-37 -9.2788e-38 -1.5873e-38 -2.6614e-39 -4.3738e-40 -7.0452e-41 -1.1123e-41 -1.7212e-42 -2.6105e-43 -3.8808e-44 -5.6546e-45 -8.0757e-46 8.4078e-05 0.0000e+00 1.3443e-04 1.4473e-04 1.4789e-04 1.4513e-04 1.3765e-04 1.2665e-04 1.1333e-04 9.8787e-05 8.3981e-05 6.9690e-05 5.6488e-05 4.4746e-05 3.4654e-05 2.6248e-05 1.9449e-05 1.4101e-05 1.0005e-05 6.9484e-06 4.7241e-06 3.1445e-06 2.0494e-06 1.3080e-06 8.1749e-07 5.0039e-07 2.9998e-07 1.7615e-07 1.0131e-07 5.7078e-08 3.1500e-08 1.7030e-08 9.0190e-09 4.6793e-09 2.3784e-09 1.1843e-09 5.7777e-10 2.7614e-10 1.2930e-10 5.9319e-11 2.6662e-11 1.1740e-11 5.0651e-12 2.1410e-12 8.8662e-13 3.5973e-13 1.4300e-13 5.5689e-14 2.1248e-14 7.9428e-15 2.9088e-15 1.0436e-15 3.6683e-16 1.2632e-16 4.2611e-17 1.4081e-17 4.5584e-18 1.4455e-18 4.4903e-19 1.3663e-19 4.0719e-20 1.1886e-20 3.3983e-21 9.5157e-22 2.6094e-22 7.0075e-23 1.8427e-23 4.7448e-24 1.1962e-24 2.9525e-25 7.1337e-26 1.6872e-26 3.9054e-27 8.8467e-28 1.9609e-28 4.2520e-29 9.0186e-30 1.8707e-30 3.7936e-31 7.5195e-32 1.4563e-32 2.7548e-33 5.0872e-34 9.1658e-35 1.6101e-35 2.7552e-36 4.5876e-37 7.4215e-38 1.1643e-38 1.7665e-39 2.5824e-40 3.6170e-41 4.8108e-42 5.9826e-43 6.7469e-44 6.4002e-45 3.7777e-46 -2.9140e-47 -1.6273e-47 -3.9863e-48
-9.8128e-05 -1.3540e-04 9.8820e-04 -1.7349e-04 -1.8010e-04 -1.8014e-04 -1.7470e-04 -1.6486e-04 -1.5173e-04 -1.3640e-04 -1.1990e-04 -1.0311e-04 -8.6814e-05 -7.1576e-05 -5.7805e-05 -4.5735e-05 -3.5454e-05 -2.6932e-05 -2.0048e-05 -1.4625e-05 -1.0456e-05 -7.3254e-06 -5.0297e-06 -3.3845e-06 -2.2319e-06 -1.4424e-06 -9.1349e-07 -5.6697e-07 -3.4485e-07 -2.0556e-07 -1.2007e-07 -6.8733e-08 -3.8557e-08 -2.1196e-08 -1.1419e-08 -6.0283e-09 -3.1188e-09 -1.5812e-09 -7.8561e-10 -3.8250e-10 -1.8251e-10 -8.5339e-11 -3.9105e-11 -1.7561e-11 -7.7280e-12 -3.3329e-12 -1.4086e-12 -5.8345e-13 -2.3683e-13 -9.4213e-14 -3.6730e-14 -1.4033e-14 -5.2545e-15 -1.9282e-15 -6.9345e-16 -2.4441e-16 -8.4426e-17 -2.8581e-17 -9.4826e-18 -3.0834e-18 -9.8262e-19 -3.0690e-19 -9.3943e-20 -2.8183e-20 -8.2866e-21 -2.3879e-21 -6.7443e-22 -1.8669e-22 -5.0647e-23 -1.3467e-23 -3.5094e-24 -8.9637e-25 -2.2439e-25 -5.5055e-26 -1.3239e-26 -3.1203e-27 -7.2079e-28 -1.6319e-28 -3.6213e-29 -7.8761e-30 -1.6789e-30 -3.5079e-31 -7.1834e-32 -1.4418e-32 -2.8363e-33 -5.4687e-34 -1.0335e-34 -1.9143e-35 -3.4754e-36 -6.1842e-37 -1.0786e-37 -1.8438e-38 -3.0892e-39 -5.0731e-40 -8.1658e-41 -1.2883e-41 -1.9921e-42 -3.0193e-43 -4.4853e-44 -6.5309e-45 9.7952e-05 1.3443e-04 0.0000e+00 1.6861e-04 1.7229e-04 1.6907e-04 1.6035e-04 1.4753e-04 1.3201e-04 1.1506e-04 9.7799e-05 8.1143e-05 6.5757e-05 5.2074e-05 4.0316e-05 3.0523e-05 2.2605e-05 1.6378e-05 1.1613e-05 8.0579e-06 5.4728e-06 3.6385e-06 2.3681e-06 1.5090e-06 9.4139e-07 5.7502e-07 3.4391e-07 2.0140e-07 1.1548e-07 6.4839e-08 3.5646e-08 1.9188e-08 1.0113e-08 5.2186e-09 2.6366e-09 1.3041e-09 6.3146e-10 2.9931e-10 1.3886e-10 6.3053e-11 2.8019e-11 1.2183e-11 5.1826e-12 2.1566e-12 8.7771e-13 3.4929e-13 1.3588e-13 5.1656e-14 1.9184e-14 6.9572e-15 2.4624e-15 8.5002e-16 2.8597e-16 9.3665e-17 2.9830e-17 9.2215e-18 2.7608e-18 7.9790e-19 2.2158e-19 5.8701e-20 1.4659e-20 3.3756e-21 6.8285e-22 1.0480e-22 2.8099e-24 -6.8721e-24 -4.0063e-24 -1.6533e-24 -5.8913e-25 -1.9224e-25 -5.8932e-26 -1.7200e-26 -4.8180e-27 -1.3018e-27 -3.4044e-28 -8.6388e-29 -2.1309e-29 -5.1162e-30 -1.1969e-30 -2.7309e-31 -6.0806e-32 -1.3220e-32 -2.8076e-33 -5.8272e-34 -1.1823e-34 -2.3455e-35 -4.5512e-36 -8.6391e-37 -1.6045e-37 -2.9162e-38 -5.1873e-39 -9.0319e-40 -1.5395e-40 -2.5690e-41 -4.1977e-42 -6.7160e-43 -1.0523e-43 -1.6146e-44 -2.4263e-45 -3.5713e-46
-1.0580e-04 -1.4659e-04 -1.7349e-04 1.7550e-03 -2.0052e-04 -2.0338e-04 -2.0039e-04 -1.9245e-04 -1.8052e-04 -1.6559e-04 -1.4867e-04 -1.3069e-04 -1.1254e-04 -9.4939e-05 -7.8472e-05 -6.3554e-05 -5.0436e-05 -3.9220e-05 -2.9884e-05 -2.2312e-05 -1.6323e-05 -1.1700e-05 -8.2172e-06 -5.6546e-06 -3.8126e-06 -2.5186e-06 -1.6302e-06 -1.0339e-06 -6.4241e-07 -3.9111e-07 -2.3330e-07 -1.3636e-07 -7.8093e-08 -4.3821e-08 -2.4094e-08 -1.2981e-08 -6.8524e-09 -3.5446e-09 -1.7966e-09 -8.9235e-10 -4.3430e-10 -2.0713e-10 -9.6802e-11 -4.4333e-11 -1.9896e-11 -8.7501e-12 -3.7711e-12 -1.5927e-12 -6.5923e-13 -2.6739e-13 -1.0629e-13 -4.1405e-14 -1.5807e-14 -5.9140e-15 -2.1685e-15 -7.7923e-16 -2.7442e-16 -9.4714e-17 -3.2038e-17 -1.0621e-17 -3.4507e-18 -1.0988e-18 -3.4290e-19 -1.0488e-19 -3.1439e-20 -9.2366e-21 -2.6596e-21 -7.5056e-22 -2.0760e-22 -5.6277e-23 -1.4952e-23 -3.8937e-24 -9.9377e-25 -2.4859e-25 -6.0947e-26 -1.4645e-26 -3.4493e-27 -7.9622e-28 -1.8014e-28 -3.9947e-29 -8.6823e-30 -1.8495e-30 -3.8617e-31 -7.9027e-32 -1.5851e-32 -3.1162e-33 -6.0046e-34 -1.1341e-34 -2.0993e-35 -3.8088e-36 -6.7733e-37 -1.1806e-37 -2.0169e-38 -3.3774e-39 -5.5431e-40 -8.9171e-41 -1.4060e-41 -2.1729e-42 -3.2915e-43 -4.8870e-44 1.0546e-04 1.4473e-04 1.6861e-04 0.0000e+00 1.8548e-04 1.8201e-04 1.7261e-04 1.5879e-04 1.4205e-04 1.2378e-04 1.0518e-04 8.7224e-05 7.0642e-05 5.5900e-05 4.3235e-05 3.2694e-05 2.4177e-05 1.7487e-05 1.2372e-05 8.5628e-06 5.7981e-06 3.8411e-06 2.4895e-06 1.5786e-06 9.7922e-07 5.9419e-07 3.5267e-07 2.0471e-07 1.1619e-07 6.4471e-08 3.4965e-08 1.8529e-08 9.5907e-09 4.8466e-09 2.3900e-09 1.1492e-09 5.3844e-10 2.4554e-10 1.0883e-10 4.6796e-11 1.9474e-11 7.8148e-12 3.0086e-12 1.1021e-12 3.7878e-13 1.1892e-13 3.2024e-14 5.9226e-15 -4.9499e-16 -1.3199e-15 -9.4129e-16 -5.1871e-16 -2.5239e-16 -1.1348e-16 -4.8157e-17 -1.9509e-17 -7.5976e-18 -2.8574e-18 -1.0411e-18 -3.6826e-19 -1.2669e-19 -4.2442e-20 -1.3859e-20 -4.4146e-21 -1.3727e-21 -4.1684e-22 -1.2368e-22 -3.5867e-23 -1.0170e-23 -2.8199e-24 -7.6489e-25 -2.0299e-25 -5.2713e-26 -1.3397e-26 -3.3328e-27 -8.1163e-28 -1.9351e-28 -4.5175e-29 -1.0327e-29 -2.3117e-30 -5.0680e-31 -1.0882e-31 -2.2886e-32 -4.7146e-33 -9.5135e-34 -1.8806e-34 -3.6416e-35 -6.9085e-36 -1.2840e-36 -2.3381e-37 -4.1713e-38 -7.2915e-39 -1.2488e-39 -2.0957e-40 -3.4461e-41 -5.5525e-42 -8.7665e-43 -1.3563e-43 -2.0562e-44 -3.0547e-45
-1.0830e-04 -1.5086e-04 -1.8010e-04 -2.0052e-04 2.7386e-03 -2.2044e-04 -2.2132e-04 -2.1692e-04 -2.0790e-04 -1.9503e-04 -1.7916e-04 -1.6122e-04 -1.4211e-04 -1.2273e-04 -1.0384e-04 -8.6067e-05 -6.9884e-05 -5.5588e-05 -4.3313e-05 -3.3059e-05 -2.4717e-05 -1.8103e-05 -1.2987e-05 -9.1269e-06 -6.2831e-06 -4.2372e-06 -2.7992e-06 -1.8116e-06 -1.1486e-06 -7.1340e-07 -4.3412e-07 -2.5881e-07 -1.5117e-07 -8.6512e-08 -4.8508e-08 -2.6649e-08 -1.4345e-08 -7.5662e-09 -3.9103e-09 -1.9802e-09 -9.8263e-10 -4.7780e-10 -2.2766e-10 -1.0630e-10 -4.8638e-11 -2.1808e-11 -9.5822e-12 -4.1260e-12 -1.7410e-12 -7.1997e-13 -2.9177e-13 -1.1588e-13 -4.5102e-14 -1.7204e-14 -6.4312e-15 -2.3561e-15 -8.4598e-16 -2.9769e-16 -1.0266e-16 -3.4700e-17 -1.1495e-17 -3.7318e-18 -1.1874e-18 -3.7029e-19 -1.1318e-19 -3.3902e-20 -9.9532e-21 -2.8640e-21 -8.0770e-22 -2.2326e-22 -6.0482e-23 -1.6059e-23 -4.1793e-24 -1.0660e-24 -2.6649e-25 -6.5298e-26 -1.5682e-26 -3.6912e-27 -8.5156e-28 -1.9256e-28 -4.2676e-29 -9.2702e-30 -1.9737e-30 -4.1188e-31 -8.4244e-32 -1.6889e-32 -3.3185e-33 -6.3913e-34 -1.2065e-34 -2.2322e-35 -4.0481e-36 -7.1954e-37 -1.2536e-37 -2.1407e-38 -3.5829e-39 -5.8778e-40 -9.4514e-41 -1.4896e-41 -2.3011e-42 -3.4842e-43 1.0776e-04 1.4789e-04 1.7229e-04 1.8548e-04 0.0000e+00 1.8594e-04 1.7630e-04 1.6215e-04 1.4500e-04 1.2628e-04 1.0722e-04 8.8824e-05 7.1841e-05 5.6751e-05 4.3799e-05 3.3030e-05 2.4343e-05 1.7534e-05 1.2343e-05 8.4909e-06 5.7072e-06 3.7475e-06 2.4032e-06 1.5045e-06 9.1912e-07 5.4759e-07 3.1792e-07 1.7970e-07 9.8757e-08 5.2682e-08 2.7216e-08 1.3572e-08 6.5029e-09 2.9716e-09 1.2794e-09 5.0735e-10 1.7622e-10 4.5895e-11 1.3259e-12 -9.7747e-12 -9.6264e-12 -6.8208e-12 -4.1897e-12 -2.3607e-12 -1.2507e-12 -6.3129e-13 -3.0593e-13 -1.4306e-13 -6.4774e-14 -2.8465e-14 -1.2162e-14 -5.0594e-15 -2.0513e-15 -8.1124e-16 -3.1316e-16 -1.1806e-16 -4.3488e-17 -1.5657e-17 -5.5116e-18 -1.8975e-18 -6.3903e-19 -2.1057e-19 -6.7898e-20 -2.1428e-20 -6.6198e-21 -2.0021e-21 -5.9284e-22 -1.7189e-22 -4.8805e-23 -1.3571e-23 -3.6959e-24 -9.8583e-25 -2.5757e-25 -6.5923e-26 -1.6528e-26 -4.0595e-27 -9.7680e-28 -2.3027e-28 -5.3186e-29 -1.2036e-29 -2.6687e-30 -5.7978e-31 -1.2342e-31 -2.5745e-32 -5.2623e-33 -1.0540e-33 -2.0687e-34 -3.9788e-35 -7.4992e-36 -1.3851e-36 -2.5072e-37 -4.4474e-38 -7.7313e-39 -1.3171e-39 -2.1991e-40 -3.5984e-41 -5.7705e-42 -9.0692e-43 -1.3969e-43 -2.1088e-44
-1.0651e-04 -1.4933e-04 -1.8014e-04 -2.0338e-04 -2.2044e-04 3.9375e-03 -2.3764e-04 -2.3814e-04 -2.3353e-04 -2.2425e-04 -2.1089e-04 -1.9426e-04 -1.7526e-04 -1.5486e-04 -1.3402e-04 -1.1358e-04 -9.4260e-05 -7.6609e-05 -6.0973e-05 -4.7524e-05 -3.6275e-05 -2.7117e-05 -1.9852e-05 -1.4235e-05 -9.9971e-06 -6.8768e-06 -4.6336e-06 -3.0582e-06 -1.9773e-06 -1.2523e-06 -7.7705e-07 -4.7234e-07 -2.8130e-07 -1.6413e-07 -9.3826e-08 -5.2553e-08 -2.8841e-08 -1.5509e-08 -8.1714e-09 -4.2188e-09 -2.1343e-09 -1.0580e-09 -5.1398e-10 -2.4467e-10 -1.1413e-10 -5.2174e-11 -2.3373e-11 -1.0261e-11 -4.4145e-12 -1.8612e-12 -7.6903e-13 -3.1141e-13 -1.2358e-13 -4.8063e-14 -1.8319e-14 -6.8432e-15 -2.5053e-15 -8.9890e-16 -3.1609e-16 -1.0894e-16 -3.6796e-17 -1.2181e-17 -3.9521e-18 -1.2567e-18 -3.9167e-19 -1.1964e-19 -3.5817e-20 -1.0509e-20 -3.0224e-21 -8.5189e-22 -2.3534e-22 -6.3723e-23 -1.6911e-23 -4.3986e-24 -1.1214e-24 -2.8020e-25 -6.8623e-26 -1.6472e-26 -3.8755e-27 -8.9367e-28 -2.0199e-28 -4.4746e-29 -9.7157e-30 -2.0677e-30 -4.3130e-31 -8.8180e-32 -1.7671e-32 -3.4708e-33 -6.6819e-34 -1.2608e-34 -2.3319e-35 -4.2273e-36 -7.5112e-37 -1.3081e-37 -2.2330e-38 -3.7362e-39 -6.1271e-40 -9.8489e-41 -1.5517e-41 -2.3963e-42 1.0575e-04 1.4513e-04 1.6907e-04 1.8201e-04 1.8594e-04 0.0000e+00 1.7289e-04 1.5893e-04 1.4202e-04 1.2355e-04 1.0475e-04 8.6611e-05 6.9871e-05 5.5011e-05 4.2273e-05 3.1706e-05 2.3208e-05 1.6573e-05 1.1542e-05 7.8339e-06 5.1785e-06 3.3302e-06 2.0805e-06 1.2603e-06 7.3824e-07 4.1655e-07 2.2508e-07 1.1538e-07 5.5200e-08 2.3842e-08 8.5468e-09 1.7564e-09 -8.0953e-10 -1.4535e-09 -1.3394e-09 -1.0084e-09 -6.8194e-10 -4.2937e-10 -2.5618e-10 -1.4628e-10 -8.0433e-11 -4.2762e-11 -2.2044e-11 -1.1042e-11 -5.3820e-12 -2.5558e-12 -1.1836e-12 -5.3492e-13 -2.3606e-13 -1.0178e-13 -4.2886e-14 -1.7668e-14 -7.1185e-15 -2.8055e-15 -1.0819e-15 -4.0825e-16 -1.5078e-16 -5.4516e-17 -1.9296e-17 -6.6874e-18 -2.2694e-18 -7.5421e-19 -2.4548e-19 -7.8254e-20 -2.4435e-20 -7.4736e-21 -2.2393e-21 -6.5728e-22 -1.8901e-22 -5.3249e-23 -1.4698e-23 -3.9751e-24 -1.0534e-24 -2.7350e-25 -6.9584e-26 -1.7347e-26 -4.2378e-27 -1.0145e-27 -2.3799e-28 -5.4711e-29 -1.2325e-29 -2.7212e-30 -5.8875e-31 -1.2484e-31 -2.5941e-32 -5.2830e-33 -1.0544e-33 -2.0626e-34 -3.9541e-35 -7.4292e-36 -1.3681e-36 -2.4690e-37 -4.3673e-38 -7.5714e-39 -1.2865e-39 -2.1425e-40 -3.4970e-41 -5.5945e-42 -8.7721e-43 -1.3481e-43
-1.0128e-04 -1.4308e-04 -1.7470e-04 -2.0039e-04 -2.2132e-04 -2.3764e-04 5.3499e-03 -2.5550e-04 -2.5650e-04 -2.5214e-04 -2.4270e-04 -2.2873e-04 -2.1105e-04 -1.9065e-04 -1.6860e-04 -1.4595e-04 -1.2370e-04 -1.0263e-04 -8.3365e-05 -6.6301e-05 -5.1629e-05 -3.9368e-05 -2.9396e-05 -2.1495e-05 -1.5394e-05 -1.0798e-05 -7.4180e-06 -4.9919e-06 -3.2905e-06 -2.1248e-06 -1.3441e-06 -8.3300e-07 -5.0576e-07 -3.0085e-07 -1.7534e-07 -1.0013e-07 -5.6021e-08 -3.0712e-08 -1.6498e-08 -8.6843e-09 -4.4793e-09 -2.2640e-09 -1.1213e-09 -5.4424e-10 -2.5885e-10 -1.2065e-10 -5.5109e-11 -2.4668e-11 -1.0821e-11 -4.6520e-12 -1.9599e-12 -8.0926e-13 -3.2747e-13 -1.2987e-13 -5.0474e-14 -1.9226e-14 -7.1775e-15 -2.6261e-15 -9.4168e-16 -3.3094e-16 -1.1399e-16 -3.8482e-17 -1.2732e-17 -4.1287e-18 -1.3122e-18 -4.0875e-19 -1.2479e-19 -3.7343e-20 -1.0952e-20 -3.1481e-21 -8.8694e-22 -2.4492e-22 -6.6286e-23 -1.7584e-23 -4.5717e-24 -1.1650e-24 -2.9099e-25 -7.1237e-26 -1.7093e-26 -4.0200e-27 -9.2666e-28 -2.0937e-28 -4.6364e-29 -1.0064e-29 -2.1410e-30 -4.4644e-31 -9.1246e-32 -1.8279e-32 -3.5891e-33 -6.9075e-34 -1.3030e-34 -2.4092e-35 -4.3661e-36 -7.7556e-37 -1.3503e-37 -2.3043e-38 -3.8544e-39 -6.3194e-40 -1.0155e-40 -1.5996e-41 1.0030e-04 1.3765e-04 1.6035e-04 1.7261e-04 1.7630e-04 1.7289e-04 0.0000e+00 1.5044e-04 1.3426e-04 1.1659e-04 9.8602e-05 8.1250e-05 6.5247e-05 5.1060e-05 3.8929e-05 2.8899e-05 2.0873e-05 1.4651e-05 9.9772e-06 6.5766e-06 4.1822e-06 2.5529e-06 1.4843e-06 8.1100e-07 4.0602e-07 1.7567e-07 5.3920e-08 -3.7482e-09 -2.5995e-08 -3.0333e-08 -2.6832e-08 -2.0855e-08 -1.4952e-08 -1.0109e-08 -6.5234e-09 -4.0467e-09 -2.4245e-09 -1.4075e-09 -7.9347e-10 -4.3515e-10 -2.3245e-10 -1.2107e-10 -6.1529e-11 -3.0533e-11 -1.4802e-11 -7.0129e-12 -3.2485e-12 -1.4716e-12 -6.5216e-13 -2.8278e-13 -1.1999e-13 -4.9838e-14 -2.0263e-14 -8.0663e-15 -3.1440e-15 -1.2000e-15 -4.4858e-16 -1.6423e-16 -5.8892e-17 -2.0686e-17 -7.1180e-18 -2.3994e-18 -7.9239e-19 -2.5638e-19 -8.1272e-20 -2.5243e-20 -7.6822e-21 -2.2909e-21 -6.6940e-22 -1.9167e-22 -5.3779e-23 -1.4787e-23 -3.9843e-24 -1.0521e-24 -2.7224e-25 -6.9039e-26 -1.7158e-26 -4.1792e-27 -9.9761e-28 -2.3339e-28 -5.3511e-29 -1.2025e-29 -2.6483e-30 -5.7164e-31 -1.2094e-31 -2.5076e-32 -5.0960e-33 -1.0150e-33 -1.9816e-34 -3.7916e-35 -7.1109e-36 -1.3071e-36 -2.3549e-37 -4.1586e-38 -7.1978e-39 -1.2211e-39 -2.0304e-40 -3.3093e-41 -5.2865e-42 -8.2776e-43
-9.3469e-05 -1.3319e-04 -1.6486e-04 -1.9245e-04 -2.1692e-04 -2.3814e-04 -2.5550e-04 6.9738e-03 -2.7567e-04 -2.7731e-04 -2.7303e-04 -2.6308e-04 -2.4807e-04 -2.2890e-04 -2.0669e-04 -1.8265e-04 -1.5796e-04 -1.3371e-04 -1.1079e-04 -8.9868e-05 -7.1367e-05 -5.5491e-05 -4.2248e-05 -3.1499e-05 -2.2999e-05 -1.6447e-05 -1.1520e-05 -7.9033e-06 -5.3113e-06 -3.4966e-06 -2.2551e-06 -1.4248e-06 -8.8196e-07 -5.3488e-07 -3.1783e-07 -1.8504e-07 -1.0556e-07 -5.9003e-08 -3.2317e-08 -1.7344e-08 -9.1216e-09 -4.7009e-09 -2.3740e-09 -1.1749e-09 -5.6979e-10 -2.7080e-10 -1.2613e-10 -5.7570e-11 -2.5752e-11 -1.1289e-11 -4.8502e-12 -2.0421e-12 -8.4268e-13 -3.4079e-13 -1.3507e-13 -5.2469e-14 -1.9975e-14 -7.4531e-15 -2.7255e-15 -9.7684e-16 -3.4313e-16 -1.1813e-16 -3.9861e-17 -1.3183e-17 -4.2729e-18 -1.3575e-18 -4.2267e-19 -1.2899e-19 -3.8582e-20 -1.1311e-20 -3.2501e-21 -9.1533e-22 -2.5266e-22 -6.8358e-23 -1.8127e-23 -4.7113e-24 -1.2002e-24 -2.9968e-25 -7.3340e-26 -1.7592e-26 -4.1361e-27 -9.5314e-28 -2.1528e-28 -4.7661e-29 -1.0342e-29 -2.1996e-30 -4.5854e-31 -9.3694e-32 -1.8765e-32 -3.6835e-33 -7.0874e-34 -1.3366e-34 -2.4707e-35 -4.4765e-36 -7.9498e-37 -1.3838e-37 -2.3610e-38 -3.9483e-39 -6.4719e-40 -1.0398e-40 9.2285e-05 1.2665e-04 1.4753e-04 1.5879e-04 1.6215e-04 1.5893e-04 1.5044e-04 0.0000e+00 1.2291e-04 1.0642e-04 8.9635e-05 7.3444e-05 5.8525e-05 4.5323e-05 3.4072e-05 2.4818e-05 1.7471e-05 1.1838e-05 7.6747e-06 4.7128e-06 2.6926e-06 1.3794e-06 5.7418e-07 1.1713e-07 -1.1353e-07 -2.0604e-07 -2.2105e-07 -1.9787e-07 -1.6024e-07 -1.2124e-07 -8.7105e-08 -5.9973e-08 -3.9802e-08 -2.5560e-08 -1.5926e-08 -9.6466e-09 -5.6888e-09 -3.2699e-09 -1.8335e-09 -1.0037e-09 -5.3669e-10 -2.8044e-10 -1.4326e-10 -7.1573e-11 -3.4978e-11 -1.6725e-11 -7.8265e-12 -3.5848e-12 -1.6074e-12 -7.0565e-13 -3.0334e-13 -1.2769e-13 -5.2646e-14 -2.1259e-14 -8.4088e-15 -3.2581e-15 -1.2367e-15 -4.5986e-16 -1.6754e-16 -5.9802e-17 -2.0915e-17 -7.1672e-18 -2.4066e-18 -7.9186e-19 -2.5531e-19 -8.0668e-20 -2.4976e-20 -7.5784e-21 -2.2535e-21 -6.5667e-22 -1.8754e-22 -5.2489e-23 -1.4398e-23 -3.8706e-24 -1.0198e-24 -2.6334e-25 -6.6647e-26 -1.6532e-26 -4.0190e-27 -9.5765e-28 -2.2365e-28 -5.1194e-29 -1.1485e-29 -2.5256e-30 -5.4434e-31 -1.1499e-31 -2.3810e-32 -4.8322e-33 -9.6123e-34 -1.8742e-34 -3.5817e-35 -6.7091e-36 -1.2318e-36 -2.2168e-37 -3.9104e-38 -6.7611e-39 -1.1458e-39 -1.9034e-40 -3.0992e-41 -4.9462e-42
-8.3922e-05 -1.2075e-04 -1.5173e-04 -1.8052e-04 -2.0790e-04 -2.3353e-04 -2.5650e-04 -2.7567e-04 8.8071e-03 -2.9826e-04 -3.0018e-04 -2.9551e-04 -2.8456e-04 -2.6804e-04 -2.4699e-04 -2.2267e-04 -1.9643e-04 -1.6958e-04 -1.4329e-04 -1.1851e-04 -9.5958e-05 -7.6070e-05 -5.9048e-05 -4.4883e-05 -3.3411e-05 -2.4359e-05 -1.7394e-05 -1.2166e-05 -8.3358e-06 -5.5949e-06 -3.6789e-06 -2.3699e-06 -1.4957e-06 -9.2484e-07 -5.6032e-07 -3.3262e-07 -1.9347e-07 -1.1027e-07 -6.1581e-08 -3.3701e-08 -1.8072e-08 -9.4972e-09 -4.8907e-09 -2.4681e-09 -1.2206e-09 -5.9156e-10 -2.8097e-10 -1.3078e-10 -5.9657e-11 -2.6670e-11 -1.1685e-11 -5.0173e-12 -2.1114e-12 -8.7081e-13 -3.5199e-13 -1.3944e-13 -5.4140e-14 -2.0602e-14 -7.6835e-15 -2.8085e-15 -1.0062e-15 -3.5329e-16 -1.2158e-16 -4.1008e-17 -1.3557e-17 -4.3925e-18 -1.3949e-18 -4.3419e-19 -1.3246e-19 -3.9607e-20 -1.1608e-20 -3.3342e-21 -9.3873e-22 -2.5904e-22 -7.0063e-23 -1.8574e-23 -4.8261e-24 -1.2291e-24 -3.0681e-25 -7.5065e-26 -1.8001e-26 -4.2312e-27 -9.7481e-28 -2.2013e-28 -4.8721e-29 -1.0570e-29 -2.2475e-30 -4.6842e-31 -9.5691e-32 -1.9160e-32 -3.7604e-33 -7.2338e-34 -1.3640e-34 -2.5208e-35 -4.5663e-36 -8.1077e-37 -1.4110e-37 -2.4070e-38 -4.0245e-39 -6.5956e-40 8.2581e-05 1.1333e-04 1.3201e-04 1.4205e-04 1.4500e-04 1.4202e-04 1.3426e-04 1.2291e-04 0.0000e+00 9.4081e-05 7.8733e-05 6.3929e-05 5.0298e-05 3.8264e-05 2.8052e-05 1.9714e-05 1.3169e-05 8.2376e-06 4.6856e-06 2.2562e-06 6.9750e-07 -2.1892e-07 -6.8685e-07 -8.6127e-07 -8.5916e-07 -7.6366e-07 -6.2996e-07 -4.9172e-07 -3.6709e-07 -2.6383e-07 -1.8333e-07 -1.2354e-07 -8.0909e-08 -5.1575e-08 -3.2040e-08 -1.9416e-08 -1.1485e-08 -6.6365e-09 -3.7474e-09 -2.0688e-09 -1.1169e-09 -5.8989e-10 -3.0484e-10 -1.5418e-10 -7.6329e-11 -3.6994e-11 -1.7556e-11 -8.1582e-12 -3.7128e-12 -1.6549e-12 -7.2253e-13 -3.0901e-13 -1.2946e-13 -5.3138e-14 -2.1368e-14 -8.4189e-15 -3.2500e-15 -1.2293e-15 -4.5564e-16 -1.6549e-16 -5.8897e-17 -2.0542e-17 -7.0208e-18 -2.3516e-18 -7.7191e-19 -2.4832e-19 -7.8288e-20 -2.4190e-20 -7.3252e-21 -2.1741e-21 -6.3240e-22 -1.8029e-22 -5.0378e-23 -1.3797e-23 -3.7033e-24 -9.7430e-25 -2.5123e-25 -6.3497e-26 -1.5730e-26 -3.8193e-27 -9.0894e-28 -2.1203e-28 -4.8478e-29 -1.0864e-29 -2.3865e-30 -5.1383e-31 -1.0844e-31 -2.2431e-32 -4.5482e-33 -9.0391e-34 -1.7609e-34 -3.3623e-35 -6.2930e-36 -1.1545e-36 -2.0761e-37 -3.6593e-38 -6.3224e-39 -1.0707e-39 -1.7774e-40 -2.8921e-41
-7.3429e-05 -1.0680e-04 -1.3640e-04 -1.6559e-04 -1.9503e-04 -2.2425e-04 -2.5214e-04 -2.7731e-04 -2.9826e-04 1.0848e-02 -3.2248e-04 -3.2416e-04 -3.1859e-04 -3.0619e-04 -2.8781e-04 -2.6463e-04 -2.3806e-04 -2.0956e-04 -1.8054e-04 -1.5224e-04 -1.2567e-04 -1.0157e-04 -8.0380e-05 -6.2289e-05 -4.7273e-05 -3.5138e-05 -2.5581e-05 -1.8243e-05 -1.2744e-05 -8.7209e-06 -5.8466e-06 -3.8402e-06 -2.4712e-06 -1.5581e-06 -9.6251e-07 -5.8261e-07 -3.4555e-07 -2.0082e-07 -1.1437e-07 -6.3822e-08 -3.4901e-08 -1.8703e-08 -9.8218e-09 -5.0546e-09 -2.5492e-09 -1.2599e-09 -6.1027e-10 -2.8969e-10 -1.3477e-10 -6.1443e-11 -2.7454e-11 -1.2023e-11 -5.1599e-12 -2.1704e-12 -8.9473e-13 -3.6150e-13 -1.4315e-13 -5.5557e-14 -2.1133e-14 -7.8784e-15 -2.8787e-15 -1.0309e-15 -3.6186e-16 -1.2449e-16 -4.1974e-17 -1.3872e-17 -4.4932e-18 -1.4265e-18 -4.4387e-19 -1.3537e-19 -4.0466e-20 -1.1856e-20 -3.4047e-21 -9.5832e-22 -2.6438e-22 -7.1489e-23 -1.8947e-23 -4.9219e-24 -1.2532e-24 -3.1275e-25 -7.6503e-26 -1.8342e-26 -4.3104e-27 -9.9285e-28 -2.2415e-28 -4.9603e-29 -1.0759e-29 -2.2873e-30 -4.7662e-31 -9.7349e-32 -1.9489e-32 -3.8242e-33 -7.3553e-34 -1.3866e-34 -2.5622e-35 -4.6407e-36 -8.2384e-37 -1.4335e-37 -2.4450e-38 -4.0875e-39 7.1985e-05 9.8787e-05 1.1506e-04 1.2378e-04 1.2628e-04 1.2355e-04 1.1659e-04 1.0642e-04 9.4081e-05 0.0000e+00 6.6759e-05 5.3435e-05 4.1173e-05 3.0372e-05 2.1253e-05 1.3878e-05 8.1771e-06 3.9896e-06 1.0951e-06 -7.5148e-07 -1.7940e-06 -2.2557e-06 -2.3268e-06 -2.1598e-06 -1.8690e-06 -1.5341e-06 -1.2063e-06 -9.1410e-07 -6.7026e-07 -4.7688e-07 -3.2990e-07 -2.2223e-07 -1.4594e-07 -9.3511e-08 -5.8508e-08 -3.5765e-08 -2.1369e-08 -1.2485e-08 -7.1348e-09 -3.9893e-09 -2.1828e-09 -1.1691e-09 -6.1296e-10 -3.1467e-10 -1.5818e-10 -7.7875e-11 -3.7550e-11 -1.7735e-11 -8.2051e-12 -3.7188e-12 -1.6513e-12 -7.1837e-13 -3.0620e-13 -1.2789e-13 -5.2336e-14 -2.0987e-14 -8.2472e-15 -3.1759e-15 -1.1985e-15 -4.4323e-16 -1.6064e-16 -5.7059e-17 -1.9863e-17 -6.7765e-18 -2.2659e-18 -7.4255e-19 -2.3850e-19 -7.5080e-20 -2.3165e-20 -7.0054e-21 -2.0764e-21 -6.0323e-22 -1.7177e-22 -4.7940e-23 -1.3115e-23 -3.5164e-24 -9.2418e-25 -2.3807e-25 -6.0113e-26 -1.4878e-26 -3.6091e-27 -8.5819e-28 -2.0002e-28 -4.5696e-29 -1.0233e-29 -2.2460e-30 -4.8324e-31 -1.0191e-31 -2.1067e-32 -4.2686e-33 -8.4780e-34 -1.6505e-34 -3.1497e-35 -5.8916e-36 -1.0802e-36 -1.9414e-37 -3.4202e-38 -5.9060e-39 -9.9969e-40 -1.6587e-40
-6.2685e-05 -9.2243e-05 -1.1990e-04 -1.4867e-04 -1.7916e-04 -2.1089e-04 -2.4270e-04 -2.7303e-04 -3.0018e-04 -3.2248e-04 1.3094e-02 -3.4728e-04 -3.4823e-04 -3.4136e-04 -3.2723e-04 -3.0681e-04 -2.8141e-04 -2.5256e-04 -2.2183e-04 -1.9071e-04 -1.6050e-04 -1.3225e-04 -1.0670e-04 -8.4301e-05 -6.5228e-05 -4.9432e-05 -3.6692e-05 -2.6679e-05 -1.9002e-05 -1.3259e-05 -9.0639e-06 -6.0703e-06 -3.9832e-06 -2.5608e-06 -1.6132e-06 -9.9571e-07 -6.0222e-07 -3.5691e-07 -2.0727e-07 -1.1795e-07 -6.5780e-08 -3.5949e-08 -1.9252e-08 -1.0104e-08 -5.1970e-09 -2.6196e-09 -1.2940e-09 -6.2647e-10 -2.9723e-10 -1.3821e-10 -6.2984e-11 -2.8130e-11 -1.2313e-11 -5.2825e-12 -2.2211e-12 -9.1527e-13 -3.6966e-13 -1.4633e-13 -5.6771e-14 -2.1587e-14 -8.0452e-15 -2.9387e-15 -1.0521e-15 -3.6917e-16 -1.2696e-16 -4.2798e-17 -1.4140e-17 -4.5788e-18 -1.4533e-18 -4.5209e-19 -1.3785e-19 -4.1196e-20 -1.2067e-20 -3.4645e-21 -9.7494e-22 -2.6891e-22 -7.2697e-23 -1.9263e-23 -5.0030e-24 -1.2736e-24 -3.1779e-25 -7.7719e-26 -1.8630e-26 -4.3773e-27 -1.0081e-27 -2.2755e-28 -5.0347e-29 -1.0918e-29 -2.3208e-30 -4.8354e-31 -9.8746e-32 -1.9765e-32 -3.8779e-33 -7.4575e-34 -1.4057e-34 -2.5971e-35 -4.7032e-36 -8.3483e-37 -1.4525e-37 -2.4770e-38 6.1198e-05 8.3981e-05 9.7799e-05 1.0518e-04 1.0722e-04 1.0475e-04 9.8602e-05 8.9635e-05 7.8733e-05 6.6759e-05 0.0000e+00 4.2650e-05 3.1735e-05 2.2137e-05 1.4076e-05 7.6267e-06 2.7396e-06 -7.2683e-07 -2.9745e-06 -4.2353e-06 -4.7449e-06 -4.7227e-06 -4.3582e-06 -3.8044e-06 -3.1762e-06 -2.5533e-06 -1.9849e-06 -1.4967e-06 -1.0971e-06 -7.8303e-07 -5.4476e-07 -3.6980e-07 -2.4512e-07 -1.5874e-07 -1.0048e-07 -6.2200e-08 -3.7663e-08 -2.2314e-08 -1.2938e-08 -7.3431e-09 -4.0803e-09 -2.2200e-09 -1.1829e-09 -6.1726e-10 -3.1550e-10 -1.5796e-10 -7.7476e-11 -3.7228e-11 -1.7526e-11 -8.0843e-12 -3.6538e-12 -1.6182e-12 -7.0222e-13 -2.9863e-13 -1.2445e-13 -5.0825e-14 -2.0342e-14 -7.9789e-15 -3.0672e-15 -1.1556e-15 -4.2668e-16 -1.5441e-16 -5.4769e-17 -1.9040e-17 -6.4873e-18 -2.1665e-18 -7.0915e-19 -2.2752e-19 -7.1545e-20 -2.2052e-20 -6.6621e-21 -1.9728e-21 -5.7260e-22 -1.6290e-22 -4.5427e-23 -1.2417e-23 -3.3268e-24 -8.7367e-25 -2.2490e-25 -5.6746e-26 -1.4035e-26 -3.4024e-27 -8.0853e-28 -1.8833e-28 -4.3000e-29 -9.6235e-30 -2.1111e-30 -4.5397e-31 -9.5688e-32 -1.9770e-32 -4.0040e-33 -7.9486e-34 -1.5467e-34 -2.9503e-35 -5.5162e-36 -1.0110e-36 -1.8162e-37 -3.1983e-38 -5.5207e-39 -9.3412e-40
-5.2255e-05 -7.7874e-05 -1.0311e-04 -1.3069e-04 -1.6122e-04 -1.9426e-04 -2.2873e-04 -2.6308e-04 -2.9551e-04 -3.2416e-04 -3.4728e-04 1.5543e-02 -3.7173e-04 -3.7161e-04 -3.6322e-04 -3.4722e-04 -3.2470e-04 -2.9710e-04 -2.6604e-04 -2.3318e-04 -2.0007e-04 -1.6807e-04 -1.3825e-04 -1.1137e-04 -8.7858e-05 -6.7886e-05 -5.1379e-05 -3.8092e-05 -2.7665e-05 -1.9683e-05 -1.3720e-05 -9.3699e-06 -6.2695e-06 -4.1103e-06 -2.6404e-06 -1.6620e-06 -1.0251e-06 -6.1954e-07 -3.6692e-07 -2.1295e-07 -1.2111e-07 -6.7501e-08 -3.6868e-08 -1.9734e-08 -1.0352e-08 -5.3216e-09 -2.6811e-09 -1.3238e-09 -6.4059e-10 -3.0380e-10 -1.4121e-10 -6.4324e-11 -2.8718e-11 -1.2566e-11 -5.3889e-12 -2.2650e-12 -9.3307e-13 -3.7673e-13 -1.4908e-13 -5.7820e-14 -2.1980e-14 -8.1891e-15 -2.9904e-15 -1.0703e-15 -3.7547e-16 -1.2910e-16 -4.3507e-17 -1.4371e-17 -4.6525e-18 -1.4763e-18 -4.5917e-19 -1.3997e-19 -4.1823e-20 -1.2248e-20 -3.5158e-21 -9.8919e-22 -2.7278e-22 -7.3732e-23 -1.9534e-23 -5.0725e-24 -1.2911e-24 -3.2209e-25 -7.8759e-26 -1.8877e-26 -4.4345e-27 -1.0211e-27 -2.3046e-28 -5.0982e-29 -1.1055e-29 -2.3495e-30 -4.8944e-31 -9.9937e-32 -2.0001e-32 -3.9237e-33 -7.5447e-34 -1.4219e-34 -2.6268e-35 -4.7565e-36 -8.4419e-37 -1.4686e-37 5.0786e-05 6.9690e-05 8.1143e-05 8.7224e-05 8.8824e-05 8.6611e-05 8.1250e-05 7.3444e-05 6.3929e-05 5.3435e-05 4.2650e-05 0.0000e+00 2.2516e-05 1.4020e-05 6.9150e-06 1.2911e-06 -2.8755e-06 -5.7010e-06 -7.3655e-06 -8.0851e-06 -8.0861e-06 -7.5849e-06 -6.7725e-06 -5.8058e-06 -4.8043e-06 -3.8516e-06 -2.9991e-06 -2.2724e-06 -1.6778e-06 -1.2083e-06 -8.4950e-07 -5.8344e-07 -3.9165e-07 -2.5707e-07 -1.6504e-07 -1.0368e-07 -6.3737e-08 -3.8356e-08 -2.2598e-08 -1.3037e-08 -7.3652e-09 -4.0754e-09 -2.2088e-09 -1.1727e-09 -6.0995e-10 -3.1081e-10 -1.5518e-10 -7.5912e-11 -3.6388e-11 -1.7091e-11 -7.8668e-12 -3.5484e-12 -1.5685e-12 -6.7947e-13 -2.8847e-13 -1.2003e-13 -4.8945e-14 -1.9562e-14 -7.6626e-15 -2.9419e-15 -1.1070e-15 -4.0828e-16 -1.4759e-16 -5.2295e-17 -1.8162e-17 -6.1823e-18 -2.0627e-18 -6.7460e-19 -2.1625e-19 -6.7948e-20 -2.0927e-20 -6.3176e-21 -1.8694e-21 -5.4224e-22 -1.5416e-22 -4.2963e-23 -1.1736e-23 -3.1426e-24 -8.2483e-25 -2.1221e-25 -5.3517e-26 -1.3229e-26 -3.2056e-27 -7.6140e-28 -1.7727e-28 -4.0456e-29 -9.0503e-30 -1.9846e-30 -4.2658e-31 -8.9880e-32 -1.8563e-32 -3.7581e-33 -7.4579e-34 -1.4507e-34 -2.7663e-35 -5.1704e-36 -9.4730e-37 -1.7013e-37 -2.9950e-38 -5.1683e-39
-4.2566e-05 -6.4300e-05 -8.6814e-05 -1.1254e-04 -1.4211e-04 -1.7526e-04 -2.1105e-04 -2.4807e-04 -2.8456e-04 -3.1859e-04 -3.4823e-04 -3.7173e-04 1.8193e-02 -3.9517e-04 -3.9381e-04 -3.8381e-04 -3.6592e-04 -3.4134e-04 -3.1162e-04 -2.7846e-04 -2.4359e-04 -2.0864e-04 -1.7498e-04 -1.4372e-04 -1.1560e-04 -9.1079e-05 -7.0288e-05 -5.3136e-05 -3.9351e-05 -2.8550e-05 -2.0293e-05 -1.4133e-05 -9.6434e-06 -6.4473e-06 -4.2236e-06 -2.7112e-06 -1.7054e-06 -1.0511e-06 -6.3489e-07 -3.7579e-07 -2.1797e-07 -1.2390e-07 -6.9019e-08 -3.7679e-08 -2.0158e-08 -1.0569e-08 -5.4311e-09 -2.7351e-09 -1.3499e-09 -6.5298e-10 -3.0956e-10 -1.4383e-10 -6.5497e-11 -2.9232e-11 -1.2787e-11 -5.4818e-12 -2.3034e-12 -9.4860e-13 -3.8289e-13 -1.5148e-13 -5.8735e-14 -2.2322e-14 -8.3145e-15 -3.0355e-15 -1.0862e-15 -3.8096e-16 -1.3096e-16 -4.4123e-17 -1.4571e-17 -4.7165e-18 -1.4963e-18 -4.6530e-19 -1.4182e-19 -4.2366e-20 -1.2405e-20 -3.5603e-21 -1.0015e-21 -2.7614e-22 -7.4629e-23 -1.9768e-23 -5.1326e-24 -1.3062e-24 -3.2581e-25 -7.9658e-26 -1.9090e-26 -4.4839e-27 -1.0323e-27 -2.3297e-28 -5.1531e-29 -1.1172e-29 -2.3742e-30 -4.9453e-31 -1.0097e-31 -2.0205e-32 -3.9632e-33 -7.6198e-34 -1.4360e-34 -2.6524e-35 -4.8024e-36 -8.5225e-37 4.1167e-05 5.6488e-05 6.5757e-05 7.0642e-05 7.1841e-05 6.9871e-05 6.5247e-05 5.8525e-05 5.0298e-05 4.1173e-05 3.1735e-05 2.2516e-05 0.0000e+00 6.4291e-06 1.3354e-07 -4.8082e-06 -8.3913e-06 -1.0701e-05 -1.1891e-05 -1.2158e-05 -1.1715e-05 -1.0777e-05 -9.5348e-06 -8.1539e-06 -6.7618e-06 -5.4503e-06 -4.2773e-06 -3.2724e-06 -2.4430e-06 -1.7811e-06 -1.2689e-06 -8.8371e-07 -6.0194e-07 -4.0113e-07 -2.6159e-07 -1.6698e-07 -1.0435e-07 -6.3849e-08 -3.8260e-08 -2.2454e-08 -1.2908e-08 -7.2688e-09 -4.0100e-09 -2.1674e-09 -1.1478e-09 -5.9558e-10 -3.0283e-10 -1.5088e-10 -7.3669e-11 -3.5249e-11 -1.6529e-11 -7.5960e-12 -3.4212e-12 -1.5102e-12 -6.5334e-13 -2.7703e-13 -1.1513e-13 -4.6897e-14 -1.8723e-14 -7.3269e-15 -2.8103e-15 -1.0565e-15 -3.8934e-16 -1.4063e-16 -4.9788e-17 -1.7278e-17 -5.8773e-18 -1.9596e-18 -6.4046e-19 -2.0518e-19 -6.4429e-20 -1.9832e-20 -5.9837e-21 -1.7697e-21 -5.1304e-22 -1.4579e-22 -4.0610e-23 -1.1088e-23 -2.9678e-24 -7.7862e-25 -2.0024e-25 -5.0477e-26 -1.2473e-26 -3.0213e-27 -7.1735e-28 -1.6696e-28 -3.8090e-29 -8.5181e-30 -1.8673e-30 -4.0124e-31 -8.4516e-32 -1.7450e-32 -3.5318e-33 -7.0069e-34 -1.3626e-34 -2.5976e-35 -4.8540e-36 -8.8910e-37 -1.5964e-37 -2.8097e-38
-3.3899e-05 -5.1950e-05 -7.1576e-05 -9.4939e-05 -1.2273e-04 -1.5486e-04 -1.9065e-04 -2.2890e-04 -2.6804e-04 -3.0619e-04 -3.4136e-04 -3.7161e-04 -3.9517e-04 2.1043e-02 -4.1725e-04 -4.1459e-04 -4.0297e-04 -3.8324e-04 -3.5671e-04 -3.2498e-04 -2.8985e-04 -2.5312e-04 -2.1646e-04 -1.8127e-04 -1.4868e-04 -1.1944e-04 -9.3995e-05 -7.2458e-05 -5.4720e-05 -4.0485e-05 -2.9346e-05 -2.0842e-05 -1.4503e-05 -9.8883e-06 -6.6063e-06 -4.3249e-06 -2.7744e-06 -1.7440e-06 -1.0744e-06 -6.4856e-07 -3.8368e-07 -2.2243e-07 -1.2638e-07 -7.0366e-08 -3.8397e-08 -2.0534e-08 -1.0762e-08 -5.5280e-09 -2.7829e-09 -1.3730e-09 -6.6392e-10 -3.1464e-10 -1.4615e-10 -6.6531e-11 -2.9685e-11 -1.2981e-11 -5.5637e-12 -2.3372e-12 -9.6226e-13 -3.8831e-13 -1.5358e-13 -5.9538e-14 -2.2622e-14 -8.4245e-15 -3.0750e-15 -1.1001e-15 -3.8576e-16 -1.3258e-16 -4.4663e-17 -1.4747e-17 -4.7725e-18 -1.5139e-18 -4.7067e-19 -1.4343e-19 -4.2842e-20 -1.2543e-20 -3.5992e-21 -1.0123e-21 -2.7908e-22 -7.5411e-23 -1.9973e-23 -5.1851e-24 -1.3194e-24 -3.2906e-25 -8.0443e-26 -1.9275e-26 -4.5270e-27 -1.0422e-27 -2.3515e-28 -5.2009e-29 -1.1275e-29 -2.3957e-30 -4.9896e-31 -1.0186e-31 -2.0382e-32 -3.9976e-33 -7.6852e-34 -1.4481e-34 -2.6747e-35 -4.8423e-36 3.2612e-05 4.4746e-05 5.2074e-05 5.5900e-05 5.6751e-05 5.5011e-05 5.1060e-05 4.5323e-05 3.8264e-05 3.0372e-05 2.2137e-05 1.4020e-05 6.4291e-06 0.0000e+00 -5.9564e-06 -1.0380e-05 -1.3541e-05 -1.5489e-05 -1.6347e-05 -1.6284e-05 -1.5500e-05 -1.4201e-05 -1.2582e-05 -1.0814e-05 -9.0377e-06 -7.3560e-06 -5.8382e-06 -4.5226e-06 -3.4220e-06 -2.5306e-06 -1.8298e-06 -1.2942e-06 -8.9563e-07 -6.0662e-07 -4.0222e-07 -2.6112e-07 -1.6600e-07 -1.0335e-07 -6.3029e-08 -3.7653e-08 -2.2036e-08 -1.2635e-08 -7.0983e-09 -3.9074e-09 -2.1077e-09 -1.1141e-09 -5.7707e-10 -2.9293e-10 -1.4573e-10 -7.1053e-11 -3.3952e-11 -1.5901e-11 -7.2987e-12 -3.2836e-12 -1.4479e-12 -6.2579e-13 -2.6510e-13 -1.1008e-13 -4.4800e-14 -1.7872e-14 -6.9884e-15 -2.6785e-15 -1.0063e-15 -3.7058e-16 -1.3377e-16 -4.7332e-17 -1.6416e-17 -5.5810e-18 -1.8599e-18 -6.0756e-19 -1.9454e-19 -6.1062e-20 -1.8787e-20 -5.6660e-21 -1.6750e-21 -4.8541e-22 -1.3789e-22 -3.8395e-23 -1.0480e-23 -2.8039e-24 -7.3538e-25 -1.8906e-25 -4.7645e-26 -1.1770e-26 -2.8501e-27 -6.7651e-28 -1.5741e-28 -3.5902e-29 -8.0270e-30 -1.7592e-30 -3.7793e-31 -7.9587e-32 -1.6429e-32 -3.3244e-33 -6.5939e-34 -1.2821e-34 -2.4435e-35 -4.5652e-36 -8.3605e-37 -1.5009e-37
-2.6404e-05 -4.1084e-05 -5.7805e-05 -7.8472e-05 -1.0384e-04 -1.3402e-04 -1.6860e-04 -2.0669e-04 -2.4699e-04 -2.8781e-04 -3.2723e-04 -3.6322e-04 -3.9381e-04 -4.1725e-04 2.4090e-02 -4.3781e-04 -4.3385e-04 -4.2067e-04 -3.9920e-04 -3.7082e-04 -3.3722e-04 -3.0027e-04 -2.6182e-04 -2.2358e-04 -1.8699e-04 -1.5319e-04 -1.2293e-04 -9.6634e-05 -7.4420e-05 -5.6150e-05 -4.1507e-05 -3.0063e-05 -2.1335e-05 -1.4835e-05 -1.0108e-05 -6.7490e-06 -4.4156e-06 -2.8310e-06 -1.7787e-06 -1.0951e-06 -6.6077e-07 -3.9072e-07 -2.2642e-07 -1.2858e-07 -7.1566e-08 -3.9037e-08 -2.0868e-08 -1.0933e-08 -5.6141e-09 -2.8253e-09 -1.3935e-09 -6.7363e-10 -3.1915e-10 -1.4820e-10 -6.7448e-11 -3.0086e-11 -1.3153e-11 -5.6361e-12 -2.3670e-12 -9.7435e-13 -3.9310e-13 -1.5545e-13 -6.0248e-14 -2.2887e-14 -8.5217e-15 -3.1099e-15 -1.1124e-15 -3.9000e-16 -1.3402e-16 -4.5139e-17 -1.4902e-17 -4.8219e-18 -1.5293e-18 -4.7540e-19 -1.4485e-19 -4.3260e-20 -1.2663e-20 -3.6334e-21 -1.0218e-21 -2.8166e-22 -7.6100e-23 -2.0153e-23 -5.2312e-24 -1.3310e-24 -3.3192e-25 -8.1132e-26 -1.9438e-26 -4.5649e-27 -1.0508e-27 -2.3707e-28 -5.2429e-29 -1.1365e-29 -2.4146e-30 -5.0286e-31 -1.0265e-31 -2.0538e-32 -4.0278e-33 -7.7426e-34 -1.4589e-34 -2.6943e-35 2.5259e-05 3.4654e-05 4.0316e-05 4.3235e-05 4.3799e-05 4.2273e-05 3.8929e-05 3.4072e-05 2.8052e-05 2.1253e-05 1.4076e-05 6.9150e-06 1.3354e-07 -5.9564e-06 0.0000e+00 -1.5181e-05 -1.8085e-05 -1.9837e-05 -2.0521e-05 -2.0278e-05 -1.9283e-05 -1.7733e-05 -1.5820e-05 -1.3725e-05 -1.1597e-05 -9.5565e-06 -7.6871e-06 -6.0403e-06 -4.6391e-06 -3.4842e-06 -2.5599e-06 -1.8405e-06 -1.2952e-06 -8.9229e-07 -6.0194e-07 -3.9767e-07 -2.5732e-07 -1.6310e-07 -1.0128e-07 -6.1610e-08 -3.6722e-08 -2.1447e-08 -1.2274e-08 -6.8831e-09 -3.7828e-09 -2.0373e-09 -1.0754e-09 -5.5629e-10 -2.8204e-10 -1.4015e-10 -6.8257e-11 -3.2583e-11 -1.5245e-11 -6.9915e-12 -3.1427e-12 -1.3847e-12 -5.9801e-13 -2.5315e-13 -1.0504e-13 -4.2724e-14 -1.7033e-14 -6.6565e-15 -2.5499e-15 -9.5749e-16 -3.5242e-16 -1.2715e-16 -4.4971e-17 -1.5590e-17 -5.2981e-18 -1.7649e-18 -5.7630e-19 -1.8446e-19 -5.7878e-20 -1.7801e-20 -5.3670e-21 -1.5861e-21 -4.5951e-22 -1.3049e-22 -3.6325e-23 -9.9122e-24 -2.6514e-24 -6.9520e-25 -1.7868e-25 -4.5020e-26 -1.1119e-26 -2.6918e-27 -6.3881e-28 -1.4861e-28 -3.3888e-29 -7.5751e-30 -1.6599e-30 -3.5652e-31 -7.5066e-32 -1.5493e-32 -3.1345e-33 -6.2162e-34 -1.2085e-34 -2.3029e-35 -4.3017e-36 -7.8769e-37
-2.0121e-05 -3.1812e-05 -4.5735e-05 -6.3554e-05 -8.6067e-05 -1.1358e-04 -1.4595e-04 -1.8265e-04 -2.2267e-04 -2.6463e-04 -3.0681e-04 -3.4722e-04 -3.8381e-04 -4.1459e-04 -4.3781e-04 2.7335e-02 -4.5682e-04 -4.5161e-04 -4.3696e-04 -4.1385e-04 -3.8375e-04 -3.4842e-04 -3.0979e-04 -2.6975e-04 -2.3006e-04 -1.9219e-04 -1.5728e-04 -1.2608e-04 -9.9024e-05 -7.6195e-05 -5.7443e-05 -4.2431e-05 -3.0710e-05 -2.1779e-05 -1.5135e-05 -1.0306e-05 -6.8773e-06 -4.4971e-06 -2.8818e-06 -1.8097e-06 -1.1137e-06 -6.7171e-07 -3.9702e-07 -2.2998e-07 -1.3056e-07 -7.2639e-08 -3.9609e-08 -2.1167e-08 -1.1087e-08 -5.6910e-09 -2.8632e-09 -1.4118e-09 -6.8229e-10 -3.2317e-10 -1.5003e-10 -6.8264e-11 -3.0443e-11 -1.3307e-11 -5.7006e-12 -2.3936e-12 -9.8510e-13 -3.9737e-13 -1.5710e-13 -6.0879e-14 -2.3123e-14 -8.6080e-15 -3.1409e-15 -1.1233e-15 -3.9377e-16 -1.3529e-16 -4.5562e-17 -1.5039e-17 -4.8657e-18 -1.5430e-18 -4.7960e-19 -1.4611e-19 -4.3631e-20 -1.2771e-20 -3.6637e-21 -1.0302e-21 -2.8395e-22 -7.6710e-23 -2.0313e-23 -5.2721e-24 -1.3412e-24 -3.3444e-25 -8.1743e-26 -1.9583e-26 -4.5984e-27 -1.0584e-27 -2.3878e-28 -5.2800e-29 -1.1444e-29 -2.4313e-30 -5.0630e-31 -1.0334e-31 -2.0675e-32 -4.0545e-33 -7.7933e-34 -1.4683e-34 1.9133e-05 2.6248e-05 3.0523e-05 3.2694e-05 3.3030e-05 3.1706e-05 2.8899e-05 2.4818e-05 1.9714e-05 1.3878e-05 7.6267e-06 1.2911e-06 -4.8082e-06 -1.0380e-05 -1.5181e-05 0.0000e+00 -2.1830e-05 -2.3543e-05 -2.4216e-05 -2.3949e-05 -2.2894e-05 -2.1226e-05 -1.9133e-05 -1.6797e-05 -1.4380e-05 -1.2018e-05 -9.8111e-06 -7.8293e-06 -6.1099e-06 -4.6647e-06 -3.4851e-06 -2.5488e-06 -1.8250e-06 -1.2796e-06 -8.7867e-07 -5.9100e-07 -3.8941e-07 -2.5136e-07 -1.5897e-07 -9.8514e-08 -5.9820e-08 -3.5595e-08 -2.0756e-08 -1.1861e-08 -6.6428e-09 -3.6461e-09 -1.9615e-09 -1.0342e-09 -5.3446e-10 -2.7072e-10 -1.3440e-10 -6.5405e-11 -3.1198e-11 -1.4586e-11 -6.6846e-12 -3.0028e-12 -1.3222e-12 -5.7071e-13 -2.4146e-13 -1.0014e-13 -4.0709e-14 -1.6222e-14 -6.3368e-15 -2.4264e-15 -9.1074e-16 -3.3509e-16 -1.2085e-16 -4.2727e-17 -1.4808e-17 -5.0304e-18 -1.6752e-18 -5.4685e-19 -1.7499e-19 -5.4890e-20 -1.6878e-20 -5.0873e-21 -1.5031e-21 -4.3535e-22 -1.2360e-22 -3.4400e-23 -9.3850e-24 -2.5098e-24 -6.5796e-25 -1.6908e-25 -4.2593e-26 -1.0517e-26 -2.5458e-27 -6.0407e-28 -1.4050e-28 -3.2035e-29 -7.1598e-30 -1.5686e-30 -3.3688e-31 -7.0920e-32 -1.4635e-32 -2.9606e-33 -5.8707e-34 -1.1411e-34 -2.1743e-35 -4.0612e-36
