2.5150e-04 -7.6187e-05 -8.3210e-05 -8.1817e-05 -7.4352e-05 -6.3164e-05 -5.0453e-05 -3.8009e-05 -2.7052e-05 -1.8204e-05 -1.1584e-05 -6.9694e-06 -3.9620e-06 -2.1265e-06 -1.0764e-06 -5.1316e-07 -2.3009e-07 -9.6868e-08 -3.8217e-08 -1.4100e-08 -4.8543e-09 -1.5555e-09 -4.6267e-10 -1.2737e-10 -3.2352e-11 -7.5556e-12 -1.6165e-12 -3.1555e-13 -5.5965e-14 -8.9759e-15 -1.2954e-15 -1.6730e-16 -1.9226e-17 -1.9535e-18 -1.7430e-19 -1.3558e-20 -9.1200e-22 -5.2600e-23 -2.5769e-24 -1.0615e-25 -3.6363e-27 -1.0236e-28 -2.3369e-30 -4.2660e-32 -6.1310e-34 -6.8201e-36 -5.7641e-38 -3.6266e-40 -1.6611e-42 -5.4037e-45 -1.2152e-47 -1.8333e-50 -1.7951e-53 -1.0997e-56 -4.0470e-60 -8.5490e-64 -9.8557e-68 -5.8599e-72 -1.6866e-76 -2.1883e-81 -1.1812e-86 -2.4224e-92 -1.7031e-98 -3.6520e-105 -2.0900e-112 -2.7399e-120 -6.9027e-129 -2.7288e-138 -1.3384e-148 -6.1959e-160 -1.9663e-172 -2.9374e-186 -1.3245e-201 -1.0631e-218 -8.0742e-238 -2.7120e-259 -1.6012e-283 -5.3816e-311 0.0000e+00 0.0000e+00 0.0000e+00 0.0000e+00 0.0000e+00 0.0000e+00 0.0000e+00 0.0000e+00 0.0000e+00 0.0000e+00 0.0000e+00 0.0000e+00 0.0000e+00 0.0000e+00 0.0000e+00 0.0000e+00 0.0000e+00 0.0000e+00 0.0000e+00 0.0000e+00 0.0000e+00 0.0000e+00 0.0000e+00 7.5832e-05 8.2340e-05 8.0305e-05 7.2220e-05 6.0579e-05 4.7671e-05 3.5303e-05 2.4647e-05 1.6234e-05 1.0091e-05 5.9184e-06 3.2734e-06 1.7060e-06 8.3695e-07 3.8603e-07 1.6715e-07 6.7836e-08 2.5755e-08 9.1294e-09 3.0144e-09 9.2491e-10 2.6300e-10 6.9102e-11 1.6725e-11 3.7158e-12 7.5503e-13 1.3975e-13 2.3461e-14 3.5556e-15 4.8398e-16 5.8849e-17 6.3544e-18 6.0541e-19 5.0543e-20 3.6699e-21 2.2987e-22 1.2313e-23 5.5856e-25 2.1238e-26 6.6924e-28 1.7261e-29 3.5953e-31 5.9585e-33 7.7308e-35 7.7135e-37 5.8033e-39 3.2212e-41 1.2875e-43 3.6064e-46 6.8645e-49 8.5708e-52 6.7336e-55 3.1624e-58 8.2863e-62 1.0821e-65 5.2142e-70 -9.5910e-75 -1.3721e-78 -3.1107e-83 -2.3491e-88 -6.0953e-94 -5.1177e-100 -1.2620e-106 -8.0871e-114 -1.1637e-121 -3.1680e-130 -1.3365e-139 -6.9223e-150 -3.3543e-161 -1.1057e-173 -1.7042e-187 -7.8802e-203 -6.4500e-220 -4.9704e-239 -1.6858e-260 -1.0005e-284 -3.3651e-312 0.0000e+00 0.0000e+00 0.0000e+00 0.0000e+00 0.0000e+00 0.0000e+00 0.0000e+00 0.0000e+00 0.0000e+00 0.0000e+00 0.0000e+00 0.0000e+00 0.0000e+00 0.0000e+00 0.0000e+00 0.0000e+00 0.0000e+00 0.0000e+00 0.0000e+00 0.0000e+00 0.0000e+00 0.0000e+00
-7.6187e-05 1.0060e-03 -1.1295e-04 -1.1370e-04 -1.0640e-04 -9.3590e-05 -7.7768e-05 -6.1202e-05 -4.5666e-05 -3.2312e-05 -2.1675e-05 -1.3773e-05 -8.2835e-06 -4.7092e-06 -2.5273e-06 -1.2784e-06 -6.0851e-07 -2.7204e-07 -1.1401e-07 -4.4689e-08 -1.6348e-08 -5.5666e-09 -1.7597e-09 -5.1491e-10 -1.3903e-10 -3.4523e-11 -7.8549e-12 -1.6312e-12 -3.0785e-13 -5.2564e-14 -8.0796e-15 -1.1121e-15 -1.3628e-16 -1.4777e-17 -1.4082e-18 -1.1709e-19 -8.4281e-21 -5.2071e-22 -2.7358e-23 -1.2102e-24 -4.4583e-26 -1.3516e-27 -3.3287e-29 -6.5666e-31 -1.0217e-32 -1.2330e-34 -1.1329e-36 -7.7672e-39 -3.8861e-41 -1.3846e-43 -3.4198e-46 -5.6837e-49 -6.1507e-52 -4.1788e-55 -1.7116e-58 -4.0406e-62 -5.2276e-66 -3.5040e-70 -1.1425e-74 -1.6882e-79 -1.0437e-84 -2.4665e-90 -2.0117e-96 -5.0399e-103 -3.3963e-110 -5.2872e-118 -1.5964e-126 -7.6402e-136 -4.5869e-146 -2.6309e-157 -1.0483e-169 -1.9955e-183 -1.1654e-198 -1.2336e-215 -1.2610e-234 -5.8309e-256 -4.8624e-280 -2.3757e-307 0.0000e+00 0.0000e+00 0.0000e+00 0.0000e+00 0.0000e+00 0.0000e+00 0.0000e+00 0.0000e+00 0.0000e+00 0.0000e+00 0.0000e+00 0.0000e+00 0.0000e+00 0.0000e+00 0.0000e+00 0.0000e+00 0.0000e+00 0.0000e+00 0.0000e+00 0.0000e+00 0.0000e+00 0.0000e+00 7.5832e-05 0.0000e+00 1.0834e-04 1.0566e-04 9.5013e-05 7.9686e-05 6.2691e-05 4.6409e-05 3.2382e-05 2.1312e-05 1.3233e-05 7.7493e-06 4.2776e-06 2.2237e-06 1.0874e-06 4.9946e-07 2.1515e-07 8.6758e-08 3.2679e-08 1.1471e-08 3.7425e-09 1.1316e-09 3.1606e-10 8.1246e-11 1.9143e-11 4.1151e-12 8.0277e-13 1.4123e-13 2.2239e-14 3.1055e-15 3.7983e-16 3.9979e-17 3.5184e-18 2.4445e-19 1.1351e-20 3.6336e-23 -5.7013e-23 -6.8813e-24 -5.2225e-25 -2.9564e-26 -1.3052e-27 -4.5499e-29 -1.2525e-30 -2.7055e-32 -4.5373e-34 -5.8293e-36 -5.6457e-38 -4.0464e-40 -2.1019e-42 -7.7296e-45 -1.9605e-47 -3.3313e-50 -3.6713e-53 -2.5313e-56 -1.0489e-59 -2.4980e-63 -3.2518e-67 -2.1879e-71 -7.1451e-76 -1.0552e-80 -6.5076e-86 -1.5314e-91 -1.2414e-97 -3.0860e-104 -2.0600e-111 -3.1718e-119 -9.4568e-128 -4.4622e-137 -2.6371e-147 -1.4866e-158 -5.8128e-171 -1.0840e-184 -6.1923e-200 -6.4005e-217 -6.3774e-236 -2.8693e-257 -2.3236e-281 -1.1002e-308 0.0000e+00 0.0000e+00 0.0000e+00 0.0000e+00 0.0000e+00 0.0000e+00 0.0000e+00 0.0000e+00 0.0000e+00 0.0000e+00 0.0000e+00 0.0000e+00 0.0000e+00 0.0000e+00 0.0000e+00 0.0000e+00 0.0000e+00 0.0000e+00 0.0000e+00 0.0000e+00 0.0000e+00 0.0000e+00
-8.3210e-05 -1.1295e-04 2.2637e-03 -1.3466e-04 -1.3165e-04 -1.2162e-04 -1.0657e-04 -8.8668e-05 -7.0048e-05 -5.2515e-05 -3.7327e-05 -2.5128e-05 -1.6002e-05 -9.6272e-06 -5.4645e-06 -2.9220e-06 -1.4695e-06 -6.9390e-07 -3.0706e-07 -1.2708e-07 -4.9078e-08 -1.7645e-08 -5.8906e-09 -1.8208e-09 -5.1956e-10 -1.3640e-10 -3.2830e-11 -7.2167e-12 -1.4428e-12 -2.6116e-13 -4.2593e-14 -6.2262e-15 -8.1114e-16 -9.3602e-17 -9.5040e-18 -8.4301e-19 -6.4816e-20 -4.2833e-21 -2.4107e-22 -1.1441e-23 -4.5292e-25 -1.4781e-26 -3.9258e-28 -8.3683e-30 -1.4098e-31 -1.8462e-33 -1.8450e-35 -1.3791e-37 -7.5425e-40 -2.9457e-42 -7.9985e-45 -1.4660e-47 -1.7553e-50 -1.3242e-53 -6.0455e-57 -1.5971e-60 -2.3224e-64 -1.7577e-68 -6.5037e-73 -1.0963e-77 -7.7771e-83 -2.1221e-88 -2.0117e-94 -5.9005e-101 -4.6919e-108 -8.6927e-116 -3.1528e-124 -1.8310e-133 -1.3488e-143 -9.6088e-155 -4.8198e-167 -1.1721e-180 -8.8901e-196 -1.2446e-212 -1.7173e-231 -1.0965e-252 -1.2955e-276 -9.2308e-304 0.0000e+00 0.0000e+00 0.0000e+00 0.0000e+00 0.0000e+00 0.0000e+00 0.0000e+00 0.0000e+00 0.0000e+00 0.0000e+00 0.0000e+00 0.0000e+00 0.0000e+00 0.0000e+00 0.0000e+00 0.0000e+00 0.0000e+00 0.0000e+00 0.0000e+00 0.0000e+00 0.0000e+00 0.0000e+00 8.2340e-05 1.0834e-04 0.0000e+00 1.1470e-04 1.0311e-04 8.6417e-05 6.7911e-05 5.0186e-05 3.4926e-05 2.2900e-05 1.4143e-05 8.2223e-06 4.4941e-06 2.3055e-06 1.1078e-06 4.9717e-07 2.0770e-07 8.0415e-08 2.8687e-08 9.3533e-09 2.7542e-09 7.1815e-10 1.5966e-10 2.7530e-11 2.3677e-12 -6.4746e-13 -4.2473e-13 -1.4535e-13 -3.8190e-14 -8.3628e-15 -1.5710e-15 -2.5608e-16 -3.6361e-17 -4.4962e-18 -4.8287e-19 -4.4837e-20 -3.5789e-21 -2.4386e-22 -1.4070e-23 -6.8125e-25 -2.7399e-26 -9.0519e-28 -2.4262e-29 -5.2044e-31 -8.8021e-33 -1.1545e-34 -1.1534e-36 -8.6031e-39 -4.6873e-41 -1.8209e-43 -4.9113e-46 -8.9295e-49 -1.0593e-51 -7.9085e-55 -3.5691e-58 -9.3106e-62 -1.3356e-65 -9.9617e-70 -3.6289e-74 -6.0170e-79 -4.1943e-84 -1.1236e-89 -1.0447e-95 -3.0027e-102 -2.3374e-109 -4.2353e-117 -1.5009e-125 -8.5075e-135 -6.1104e-145 -4.2395e-156 -2.0688e-168 -4.8882e-182 -3.5979e-197 -4.8814e-214 -6.5175e-233 -4.0212e-254 -4.5828e-278 -3.1445e-305 0.0000e+00 0.0000e+00 0.0000e+00 0.0000e+00 0.0000e+00 0.0000e+00 0.0000e+00 0.0000e+00 0.0000e+00 0.0000e+00 0.0000e+00 0.0000e+00 0.0000e+00 0.0000e+00 0.0000e+00 0.0000e+00 0.0000e+00 0.0000e+00 0.0000e+00 0.0000e+00 0.0000e+00 0.0000e+00
-8.1817e-05 -1.1370e-04 -1.3466e-04 4.0249e-03 -1.5164e-04 -1.4814e-04 -1.3746e-04 -1.2112e-04 -1.0128e-04 -8.0278e-05 -6.0267e-05 -4.2808e-05 -2.8740e-05 -1.8218e-05 -1.0890e-05 -6.1304e-06 -3.2456e-06 -1.6134e-06 -7.5173e-07 -3.2766e-07 -1.3332e-07 -5.0526e-08 -1.7789e-08 -5.8022e-09 -1.7482e-09 -4.8496e-10 -1.2343e-10 -2.8715e-11 -6.0808e-12 -1.1670e-12 -2.0198e-13 -3.1366e-14 -4.3458e-15 -5.3394e-16 -5.7792e-17 -5.4715e-18 -4.4962e-19 -3.1802e-20 -1.9186e-21 -9.7754e-23 -4.1615e-24 -1.4631e-25 -4.1939e-27 -9.6674e-29 -1.7649e-30 -2.5099e-32 -2.7304e-34 -2.2271e-36 -1.3326e-38 -5.7100e-41 -1.7060e-43 -3.4514e-46 -4.5767e-49 -3.8373e-52 -1.9545e-55 -5.7839e-59 -9.4622e-63 -8.0947e-67 -3.4022e-71 -6.5499e-76 -5.3369e-81 -1.6831e-86 -1.8565e-92 -6.3824e-99 -5.9952e-106 -1.3234e-113 -5.7725e-122 -4.0728e-131 -3.6858e-141 -3.2653e-152 -2.0644e-164 -6.4222e-178 -6.3344e-193 -1.1745e-209 -2.1903e-228 -1.9341e-249 -3.2419e-273 -3.3740e-300 0.0000e+00 0.0000e+00 0.0000e+00 0.0000e+00 0.0000e+00 0.0000e+00 0.0000e+00 0.0000e+00 0.0000e+00 0.0000e+00 0.0000e+00 0.0000e+00 0.0000e+00 0.0000e+00 0.0000e+00 0.0000e+00 0.0000e+00 0.0000e+00 0.0000e+00 0.0000e+00 0.0000e+00 0.0000e+00 8.0305e-05 1.0566e-04 1.1470e-04 0.0000e+00 1.0039e-04 8.3988e-05 6.5795e-05 4.8377e-05 3.3406e-05 2.1651e-05 1.3148e-05 7.4591e-06 3.9360e-06 1.9190e-06 8.5543e-07 3.4247e-07 1.1892e-07 3.2820e-08 4.9050e-09 -1.7011e-09 -2.0165e-09 -1.1895e-09 -5.4549e-10 -2.1285e-10 -7.3001e-11 -2.2318e-11 -6.1206e-12 -1.5090e-12 -3.3444e-13 -6.6513e-14 -1.1837e-14 -1.8782e-15 -2.6448e-16 -3.2881e-17 -3.5880e-18 -3.4138e-19 -2.8115e-20 -1.9883e-21 -1.1968e-22 -6.0729e-24 -2.5705e-25 -8.9723e-27 -2.5501e-28 -5.8214e-30 -1.0513e-31 -1.4776e-33 -1.5869e-35 -1.2769e-37 -7.5305e-40 -3.1778e-42 -9.3437e-45 -1.8590e-47 -2.4225e-50 -1.9948e-53 -9.9713e-57 -2.8940e-60 -4.6405e-64 -3.8885e-68 -1.5998e-72 -3.0128e-77 -2.3997e-82 -7.3930e-88 -7.9605e-94 -2.6695e-100 -2.4442e-107 -5.2550e-115 -2.2306e-123 -1.5303e-132 -1.3453e-142 -1.1567e-153 -7.0897e-166 -2.1360e-179 -2.0380e-194 -3.6510e-211 -6.5695e-230 -5.5891e-251 -9.0125e-275 -9.0084e-302 0.0000e+00 0.0000e+00 0.0000e+00 0.0000e+00 0.0000e+00 0.0000e+00 0.0000e+00 0.0000e+00 0.0000e+00 0.0000e+00 0.0000e+00 0.0000e+00 0.0000e+00 0.0000e+00 0.0000e+00 0.0000e+00 0.0000e+00 0.0000e+00 0.0000e+00 0.0000e+00 0.0000e+00 0.0000e+00
-7.4352e-05 -1.0640e-04 -1.3165e-04 -1.5164e-04 6.2903e-03 -1.7099e-04 -1.6790e-04 -1.5635e-04 -1.3795e-04 -1.1523e-04 -9.1074e-05 -6.8054e-05 -4.8043e-05 -3.2015e-05 -2.0118e-05 -1.1907e-05 -6.6295e-06 -3.4668e-06 -1.7000e-06 -7.8019e-07 -3.3443e-07 -1.3360e-07 -4.9610e-08 -1.7079e-08 -5.4352e-09 -1.5938e-09 -4.2912e-10 -1.0570e-10 -2.3720e-11 -4.8285e-12 -8.8734e-13 -1.4646e-13 -2.1592e-14 -2.8260e-15 -3.2625e-16 -3.2986e-17 -2.8988e-18 -2.1957e-19 -1.4207e-20 -7.7759e-22 -3.5619e-23 -1.3498e-24 -4.1785e-26 -1.0422e-27 -2.0630e-29 -3.1882e-31 -3.7776e-33 -3.3644e-35 -2.2039e-37 -1.0367e-39 -3.4103e-42 -7.6202e-45 -1.1198e-47 -1.0442e-50 -5.9375e-54 -1.9695e-57 -3.6274e-61 -3.5099e-65 -1.6769e-69 -3.6895e-74 -3.4555e-79 -1.2604e-84 -1.6189e-90 -6.5280e-97 -7.2494e-104 -1.9081e-111 -1.0017e-119 -8.5935e-129 -9.5617e-139 -1.0543e-149 -8.4090e-162 -3.3495e-175 -4.3003e-190 -1.0570e-206 -2.6671e-225 -3.2602e-246 -7.7620e-270 -1.1813e-296 0.0000e+00 0.0000e+00 0.0000e+00 0.0000e+00 0.0000e+00 0.0000e+00 0.0000e+00 0.0000e+00 0.0000e+00 0.0000e+00 0.0000e+00 0.0000e+00 0.0000e+00 0.0000e+00 0.0000e+00 0.0000e+00 0.0000e+00 0.0000e+00 0.0000e+00 0.0000e+00 0.0000e+00 0.0000e+00 7.2220e-05 9.5013e-05 1.0311e-04 1.0039e-04 0.0000e+00 7.4954e-05 5.8298e-05 4.2357e-05 2.8695e-05 1.8045e-05 1.0449e-05 5.4906e-06 2.5458e-06 9.7500e-07 2.4332e-07 -3.4234e-08 -1.0001e-07 -8.6827e-08 -5.6370e-08 -3.1019e-08 -1.5085e-08 -6.6025e-09 -2.6233e-09 -9.4994e-10 -3.1396e-10 -9.4687e-11 -2.6021e-11 -6.5020e-12 -1.4729e-12 -3.0141e-13 -5.5495e-14 -9.1510e-15 -1.3445e-15 -1.7501e-16 -2.0058e-17 -2.0102e-18 -1.7486e-19 -1.3095e-20 -8.3676e-22 -4.5187e-23 -2.0405e-24 -7.6166e-26 -2.3208e-27 -5.6938e-29 -1.1080e-30 -1.6822e-32 -1.9571e-34 -1.7106e-36 -1.0991e-38 -5.0686e-41 -1.6339e-43 -3.5758e-46 -5.1443e-49 -4.6939e-52 -2.6104e-55 -8.4648e-59 -1.5233e-62 -1.4394e-66 -6.7125e-71 -1.4407e-75 -1.3156e-80 -4.6764e-86 -5.8493e-92 -2.2955e-98 -2.4792e-105 -6.3421e-113 -3.2334e-121 -2.6918e-130 -2.9040e-140 -3.1019e-151 -2.3943e-163 -9.2203e-177 -1.1432e-191 -2.7105e-208 -6.5886e-227 -7.7477e-248 -1.7719e-271 -2.5862e-298 0.0000e+00 0.0000e+00 0.0000e+00 0.0000e+00 0.0000e+00 0.0000e+00 0.0000e+00 0.0000e+00 0.0000e+00 0.0000e+00 0.0000e+00 0.0000e+00 0.0000e+00 0.0000e+00 0.0000e+00 0.0000e+00 0.0000e+00 0.0000e+00 0.0000e+00 0.0000e+00 0.0000e+00 0.0000e+00
-6.3164e-05 -9.3590e-05 -1.2162e-04 -1.4814e-04 -1.7099e-04 9.0612e-03 -1.9405e-04 -1.9046e-04 -1.7687e-04 -1.5536e-04 -1.2903e-04 -1.0129e-04 -7.5113e-05 -5.2586e-05 -3.4725e-05 -2.1605e-05 -1.2650e-05 -6.9595e-06 -3.5922e-06 -1.7363e-06 -7.8432e-07 -3.3038e-07 -1.2945e-07 -4.7056e-08 -1.5823e-08 -4.9065e-09 -1.3982e-09 -3.6479e-10 -8.6790e-11 -1.8748e-11 -3.6599e-12 -6.4237e-13 -1.0081e-13 -1.4063e-14 -1.7323e-15 -1.8714e-16 -1.7595e-17 -1.4279e-18 -9.9138e-20 -5.8315e-21 -2.8757e-22 -1.1752e-23 -3.9306e-25 -1.0613e-26 -2.2790e-28 -3.8291e-30 -4.9441e-32 -4.8104e-34 -3.4514e-36 -1.7831e-38 -6.4618e-41 -1.5956e-43 -2.5998e-46 -2.6976e-49 -1.7133e-52 -6.3739e-56 -1.3223e-59 -1.4480e-63 -7.8683e-68 -1.9795e-72 -2.1323e-77 -9.0018e-83 -1.3471e-88 -6.3754e-95 -8.3755e-102 -2.6304e-109 -1.6632e-117 -1.7360e-126 -2.3768e-136 -3.2644e-147 -3.2871e-159 -1.6779e-172 -2.8064e-187 -9.1534e-204 -3.1279e-222 -5.2983e-243 -1.7937e-266 -3.9966e-293 -1.4822e-323 0.0000e+00 0.0000e+00 0.0000e+00 0.0000e+00 0.0000e+00 0.0000e+00 0.0000e+00 0.0000e+00 0.0000e+00 0.0000e+00 0.0000e+00 0.0000e+00 0.0000e+00 0.0000e+00 0.0000e+00 0.0000e+00 0.0000e+00 0.0000e+00 0.0000e+00 0.0000e+00 0.0000e+00 6.0579e-05 7.9686e-05 8.6417e-05 8.3988e-05 7.4954e-05 0.0000e+00 4.7484e-05 3.3631e-05 2.1802e-05 1.2686e-05 6.3450e-06 2.4094e-06 2.9357e-07 -6.1415e-07 -8.3020e-07 -7.2371e-07 -5.1865e-07 -3.2605e-07 -1.8456e-07 -9.5230e-08 -4.5072e-08 -1.9624e-08 -7.8671e-09 -2.9033e-09 -9.8507e-10 -3.0671e-10 -8.7414e-11 -2.2737e-11 -5.3790e-12 -1.1528e-12 -2.2286e-13 -3.8675e-14 -5.9931e-15 -8.2451e-16 -1.0007e-16 -1.0642e-17 -9.8420e-19 -7.8513e-20 -5.3549e-21 -3.0926e-22 -1.4965e-23 -5.9987e-25 -1.9671e-26 -5.2051e-28 -1.0950e-29 -1.8016e-31 -2.2771e-33 -2.1680e-35 -1.5216e-37 -7.6873e-40 -2.7232e-42 -6.5707e-45 -1.0458e-47 -1.0596e-50 -6.5687e-54 -2.3843e-57 -4.8244e-61 -5.1500e-65 -2.7270e-69 -6.6822e-74 -7.0071e-79 -2.8782e-84 -4.1886e-90 -1.9266e-96 -2.4583e-103 -7.4938e-111 -4.5958e-119 -4.6496e-128 -6.1648e-138 -8.1931e-149 -7.9754e-161 -3.9316e-174 -6.3442e-189 -1.9939e-205 -6.5577e-224 -1.0676e-244 -3.4685e-268 -7.4048e-295 -0.0000e+00 0.0000e+00 0.0000e+00 0.0000e+00 0.0000e+00 0.0000e+00 0.0000e+00 0.0000e+00 0.0000e+00 0.0000e+00 0.0000e+00 0.0000e+00 0.0000e+00 0.0000e+00 0.0000e+00 0.0000e+00 0.0000e+00 0.0000e+00 0.0000e+00 0.0000e+00 0.0000e+00 0.0000e+00
-5.0453e-05 -7.7768e-05 -1.0657e-04 -1.3746e-04 -1.6790e-04 -1.9405e-04 1.2340e-02 -2.1890e-04 -2.1363e-04 -1.9708e-04 -1.7187e-04 -1.4168e-04 -1.1035e-04 -8.1166e-05 -5.6328e-05 -3.6848e-05 -2.2694e-05 -1.3140e-05 -7.1416e-06 -3.6368e-06 -1.7319e-06 -7.6954e-07 -3.1828e-07 -1.2221e-07 -4.3442e-08 -1.4251e-08 -4.2995e-09 -1.1887e-09 -2.9995e-10 -6.8789e-11 -1.4270e-11 -2.6645e-12 -4.4533e-13 -6.6233e-14 -8.7099e-15 -1.0057e-15 -1.0121e-16 -8.8039e-18 -6.5615e-19 -4.1498e-20 -2.2039e-21 -9.7170e-23 -3.5128e-24 -1.0272e-25 -2.3940e-27 -4.3749e-29 -6.1584e-31 -6.5487e-33 -5.1486e-35 -2.9229e-37 -1.1674e-39 -3.1869e-42 -5.7601e-45 -6.6537e-48 -4.7226e-51 -1.9714e-54 -4.6094e-58 -5.7150e-62 -3.5340e-66 -1.0172e-70 -1.2610e-75 -6.1643e-81 -1.0755e-86 -5.9775e-93 -9.2955e-100 -3.4857e-107 -2.6562e-115 -3.3761e-124 -5.6913e-134 -9.7445e-145 -1.2398e-156 -8.1170e-170 -1.7703e-184 -7.6690e-201 -3.5529e-219 -8.3486e-240 -4.0236e-263 -1.3141e-289 -7.4214e-320 0.0000e+00 0.0000e+00 0.0000e+00 0.0000e+00 0.0000e+00 0.0000e+00 0.0000e+00 0.0000e+00 0.0000e+00 0.0000e+00 0.0000e+00 0.0000e+00 0.0000e+00 0.0000e+00 0.0000e+00 0.0000e+00 0.0000e+00 0.0000e+00 0.0000e+00 0.0000e+00 0.0000e+00 4.7671e-05 6.2691e-05 6.7911e-05 6.5795e-05 5.8298e-05 4.7484e-05 0.0000e+00 2.3764e-05 1.3855e-05 6.3254e-06 1.2845e-06 -1.5691e-06 -2.7661e-06 -2.8908e-06 -2.4531e-06 -1.8233e-06 -1.2226e-06 -7.4990e-07 -4.2376e-07 -2.2141e-07 -1.0712e-07 -4.7998e-08 -1.9906e-08 -7.6300e-09 -2.6978e-09 -8.7777e-10 -2.6207e-10 -7.1563e-11 -1.7808e-11 -4.0222e-12 -8.2090e-13 -1.5065e-13 -2.4729e-14 -3.6096e-15 -4.6560e-16 -5.2708e-17 -5.1977e-18 -4.4288e-19 -3.2321e-20 -2.0009e-21 -1.0399e-22 -4.4853e-24 -1.5859e-25 -4.5343e-27 -1.0330e-28 -1.8448e-30 -2.5371e-32 -2.6352e-34 -2.0232e-36 -1.1213e-38 -4.3708e-41 -1.1642e-43 -2.0526e-46 -2.3121e-49 -1.5997e-52 -6.5076e-56 -1.4822e-59 -1.7895e-63 -1.0771e-67 -3.0164e-72 -3.6363e-77 -1.7279e-82 -2.9289e-88 -1.5807e-94 -2.3853e-101 -8.6745e-109 -6.4064e-117 -7.8856e-126 -1.2864e-135 -2.1296e-146 -2.6175e-158 -1.6538e-171 -3.4773e-186 -1.4506e-202 -6.4633e-221 -1.4587e-241 -6.7426e-265 -2.1087e-291 -1.1364e-321 0.0000e+00 0.0000e+00 0.0000e+00 0.0000e+00 0.0000e+00 0.0000e+00 0.0000e+00 0.0000e+00 0.0000e+00 0.0000e+00 0.0000e+00 0.0000e+00 0.0000e+00 0.0000e+00 0.0000e+00 0.0000e+00 0.0000e+00 0.0000e+00 0.0000e+00 0.0000e+00 0.0000e+00
-3.8009e-05 -6.1202e-05 -8.8668e-05 -1.2112e-04 -1.5635e-04 -1.9046e-04 -2.1890e-04 1.6129e-02 -2.4336e-04 -2.3571e-04 -2.1582e-04 -1.8683e-04 -1.5286e-04 -1.1815e-04 -8.6196e-05 -5.9304e-05 -3.8433e-05 -2.3428e-05 -1.3413e-05 -7.1990e-06 -3.6154e-06 -1.6952e-06 -7.4039e-07 -3.0042e-07 -1.1293e-07 -3.9204e-08 -1.2528e-08 -3.6717e-09 -9.8308e-10 -2.3944e-10 -5.2806e-11 -1.0493e-11 -1.8684e-12 -2.9639e-13 -4.1624e-14 -5.1394e-15 -5.5378e-16 -5.1653e-17 -4.1342e-18 -2.8123e-19 -1.6092e-20 -7.6576e-22 -2.9935e-23 -9.4842e-25 -2.3998e-26 -4.7720e-28 -7.3265e-30 -8.5182e-32 -7.3418e-34 -4.5820e-36 -2.0178e-38 -6.0927e-41 -1.2222e-43 -1.5724e-46 -1.2478e-49 -5.8480e-53 -1.5418e-56 -2.1656e-60 -1.5247e-64 -5.0241e-69 -7.1711e-74 -4.0619e-79 -8.2673e-85 -5.3998e-91 -9.9468e-98 -4.4565e-105 -4.0960e-113 -6.3439e-122 -1.3179e-131 -2.8153e-142 -4.5301e-154 -3.8074e-167 -1.0839e-181 -6.2431e-198 -3.9256e-216 -1.2812e-236 -8.8013e-260 -4.2195e-286 -3.6165e-316 0.0000e+00 0.0000e+00 0.0000e+00 0.0000e+00 0.0000e+00 0.0000e+00 0.0000e+00 0.0000e+00 0.0000e+00 0.0000e+00 0.0000e+00 0.0000e+00 0.0000e+00 0.0000e+00 0.0000e+00 0.0000e+00 0.0000e+00 0.0000e+00 0.0000e+00 0.0000e+00 0.0000e+00 3.5303e-05 4.6409e-05 5.0186e-05 4.8377e-05 4.2357e-05 3.3631e-05 2.3764e-05 0.0000e+00 5.9733e-06 -2.0014e-07 -4.1533e-06 -6.0875e-06 -6.4566e-06 -5.8113e-06 -4.6658e-06 -3.4144e-06 -2.3019e-06 -1.4376e-06 -8.3410e-07 -4.5008e-07 -2.2588e-07 -1.0536e-07 -4.5610e-08 -1.8293e-08 -6.7818e-09 -2.3179e-09 -7.2821e-10 -2.0958e-10 -5.5051e-11 -1.3144e-11 -2.8399e-12 -5.5252e-13 -9.6288e-14 -1.4944e-14 -2.0525e-15 -2.4778e-16 -2.6098e-17 -2.3789e-18 -1.8604e-19 -1.2363e-20 -6.9091e-22 -3.2108e-23 -1.2255e-24 -3.7905e-26 -9.3615e-28 -1.8166e-29 -2.7214e-31 -3.0867e-33 -2.5948e-35 -1.5792e-37 -6.7799e-40 -1.9955e-42 -3.9006e-45 -4.8890e-48 -3.7786e-51 -1.7242e-54 -4.4243e-58 -6.0464e-62 -4.1405e-66 -1.3265e-70 -1.8399e-75 -1.0123e-80 -2.0004e-86 -1.2678e-92 -2.2649e-99 -9.8351e-107 -8.7554e-115 -1.3125e-123 -2.6371e-133 -5.4437e-144 -8.4573e-156 -6.8563e-169 -1.8808e-183 -1.0427e-199 -6.3024e-218 -1.9747e-238 -1.3005e-261 -5.9674e-288 -4.8868e-318 0.0000e+00 0.0000e+00 0.0000e+00 0.0000e+00 0.0000e+00 0.0000e+00 0.0000e+00 0.0000e+00 0.0000e+00 0.0000e+00 0.0000e+00 0.0000e+00 0.0000e+00 0.0000e+00 0.0000e+00 0.0000e+00 0.0000e+00 0.0000e+00 0.0000e+00 0.0000e+00 0.0000e+00
-2.7052e-05 -4.5666e-05 -7.0048e-05 -1.0128e-04 -1.3795e-04 -1.7687e-04 -2.1363e-04 -2.4336e-04 2.0433e-02 -2.6621e-04 -2.5596e-04 -2.3273e-04 -2.0008e-04 -1.6256e-04 -1.2472e-04 -9.0284e-05 -6.1589e-05 -3.9541e-05 -2.3854e-05 -1.3499e-05 -7.1524e-06 -3.5404e-06 -1.6334e-06 -7.0062e-07 -2.7861e-07 -1.0240e-07 -3.4672e-08 -1.0776e-08 -3.0626e-09 -7.9249e-10 -1.8588e-10 -3.9320e-11 -7.4621e-12 -1.2631e-12 -1.8951e-13 -2.5030e-14 -2.8889e-15 -2.8905e-16 -2.4854e-17 -1.8192e-18 -1.1220e-19 -5.7648e-21 -2.4378e-22 -8.3718e-24 -2.3009e-25 -4.9806e-27 -8.3437e-29 -1.0612e-30 -1.0031e-32 -6.8852e-35 -3.3447e-37 -1.1176e-39 -2.4893e-42 -3.5689e-45 -3.1683e-48 -1.6678e-51 -4.9606e-55 -7.8981e-59 -6.3351e-63 -2.3911e-67 -3.9323e-72 -2.5825e-77 -6.1359e-83 -4.7129e-89 -1.0291e-95 -5.5132e-103 -6.1164e-111 -1.1553e-119 -2.9604e-129 -7.8972e-140 -1.6087e-151 -1.7375e-164 -6.4637e-179 -4.9557e-195 -4.2346e-213 -1.9221e-233 -1.8849e-256 -1.3285e-282 -1.7310e-312 0.0000e+00 0.0000e+00 0.0000e+00 0.0000e+00 0.0000e+00 0.0000e+00 0.0000e+00 0.0000e+00 0.0000e+00 0.0000e+00 0.0000e+00 0.0000e+00 0.0000e+00 0.0000e+00 0.0000e+00 0.0000e+00 0.0000e+00 0.0000e+00 0.0000e+00 0.0000e+00 0.0000e+00 2.4647e-05 3.2382e-05 3.4926e-05 3.3406e-05 2.8695e-05 2.1802e-05 1.3855e-05 5.9733e-06 0.0000e+00 -6.0871e-06 -9.3231e-06 -1.0669e-05 -1.0468e-05 -9.2159e-06 -7.4262e-06 -5.5326e-06 -3.8312e-06 -2.4727e-06 -1.4890e-06 -8.3675e-07 -4.3850e-07 -2.1404e-07 -9.7159e-08 -4.0928e-08 -1.5962e-08 -5.7472e-09 -1.9047e-09 -5.7904e-10 -1.6087e-10 -4.0678e-11 -9.3196e-12 -1.9253e-12 -3.5672e-13 -5.8941e-14 -8.6308e-15 -1.1124e-15 -1.2528e-16 -1.2230e-17 -1.0259e-18 -7.3252e-20 -4.4064e-21 -2.2082e-22 -9.1066e-24 -3.0495e-25 -8.1719e-27 -1.7245e-28 -2.8162e-30 -3.4908e-32 -3.2156e-34 -2.1506e-36 -1.0177e-38 -3.3121e-41 -7.1836e-44 -1.0027e-46 -8.6631e-50 -4.4373e-53 -1.2838e-56 -1.9875e-60 -1.5497e-64 -5.6835e-69 -9.0781e-74 -5.7882e-79 -1.3345e-84 -9.9416e-91 -2.1043e-97 -1.0921e-104 -1.1730e-112 -2.1436e-121 -5.3101e-131 -1.3683e-141 -2.6900e-153 -2.8015e-166 -1.0038e-180 -7.4049e-197 -6.0804e-215 -2.6486e-235 -2.4891e-258 -1.6786e-284 -2.0890e-314 0.0000e+00 0.0000e+00 0.0000e+00 0.0000e+00 0.0000e+00 0.0000e+00 0.0000e+00 0.0000e+00 0.0000e+00 0.0000e+00 0.0000e+00 0.0000e+00 0.0000e+00 0.0000e+00 0.0000e+00 0.0000e+00 0.0000e+00 0.0000e+00 0.0000e+00 0.0000e+00 0.0000e+00
-1.8204e-05 -3.2312e-05 -5.2515e-05 -8.0278e-05 -1.1523e-04 -1.5536e-04 -1.9708e-04 -2.3571e-04 -2.6621e-04 2.5259e-02 -2.8704e-04 -2.7422e-04 -2.4780e-04 -2.1171e-04 -1.7089e-04 -1.3020e-04 -9.3528e-05 -6.3263e-05 -4.0232e-05 -2.4015e-05 -1.3429e-05 -7.0197e-06 -3.4225e-06 -1.5525e-06 -6.5332e-07 -2.5432e-07 -9.1274e-08 -3.0096e-08 -9.0818e-09 -2.4978e-09 -6.2327e-10 -1.4042e-10 -2.8412e-11 -5.1336e-12 -8.2316e-13 -1.1635e-13 -1.4390e-14 -1.5450e-15 -1.4278e-16 -1.1250e-17 -7.4810e-19 -4.1521e-20 -1.9002e-21 -7.0761e-23 -2.1133e-24 -4.9820e-26 -9.1109e-28 -1.2681e-29 -1.3153e-31 -9.9342e-34 -5.3260e-36 -1.9704e-38 -4.8756e-41 -7.7938e-44 -7.7440e-47 -4.5816e-50 -1.5383e-53 -2.7779e-57 -2.5400e-61 -1.0989e-65 -2.0835e-70 -1.5876e-75 -4.4065e-81 -3.9832e-87 -1.0318e-93 -6.6154e-101 -8.8668e-109 -2.0445e-117 -6.4678e-127 -2.1568e-137 -5.5679e-149 -7.7374e-162 -3.7658e-176 -3.8483e-192 -4.4748e-210 -2.8290e-230 -3.9666e-253 -4.1175e-279 -8.1713e-309 0.0000e+00 0.0000e+00 0.0000e+00 0.0000e+00 0.0000e+00 0.0000e+00 0.0000e+00 0.0000e+00 0.0000e+00 0.0000e+00 0.0000e+00 0.0000e+00 0.0000e+00 0.0000e+00 0.0000e+00 0.0000e+00 0.0000e+00 0.0000e+00 0.0000e+00 0.0000e+00 0.0000e+00 1.6234e-05 2.1312e-05 2.2900e-05 2.1651e-05 1.8045e-05 1.2686e-05 6.3254e-06 -2.0014e-07 -6.0871e-06 0.0000e+00 -1.3616e-05 -1.4782e-05 -1.4385e-05 -1.2822e-05 -1.0584e-05 -8.1363e-06 -5.8427e-06 -3.9245e-06 -2.4665e-06 -1.4499e-06 -7.9628e-07 -4.0802e-07 -1.9471e-07 -8.6347e-08 -3.5496e-08 -1.3488e-08 -4.7233e-09 -1.5190e-09 -4.4696e-10 -1.1984e-10 -2.9149e-11 -6.4007e-12 -1.2622e-12 -2.2225e-13 -3.4728e-14 -4.7832e-15 -5.7649e-16 -6.0317e-17 -5.4315e-18 -4.1702e-19 -2.7022e-20 -1.4613e-21 -6.5162e-23 -2.3642e-24 -6.8786e-26 -1.5797e-27 -2.8140e-29 -3.8146e-31 -3.8532e-33 -2.8338e-35 -1.4791e-37 -5.3267e-40 -1.2827e-42 -1.9951e-45 -1.9284e-48 -1.1096e-51 -3.6220e-55 -6.3573e-59 -5.6480e-63 -2.3732e-67 -4.3686e-72 -3.2305e-77 -8.6977e-83 -7.6226e-89 -1.9134e-95 -1.1880e-102 -1.5410e-110 -3.4364e-119 -1.0507e-128 -3.3833e-139 -8.4265e-151 -1.1287e-163 -5.2898e-178 -5.1995e-194 -5.8084e-212 -3.5231e-232 -4.7326e-255 -4.6991e-281 -8.9048e-311 0.0000e+00 0.0000e+00 0.0000e+00 0.0000e+00 0.0000e+00 0.0000e+00 0.0000e+00 0.0000e+00 0.0000e+00 0.0000e+00 0.0000e+00 0.0000e+00 0.0000e+00 0.0000e+00 0.0000e+00 0.0000e+00 0.0000e+00 0.0000e+00 0.0000e+00 0.0000e+00 0.0000e+00
-1.1584e-05 -2.1675e-05 -3.7327e-05 -6.0267e-05 -9.1074e-05 -1.2903e-04 -1.7187e-04 -2.1582e-04 -2.5596e-04 -2.8704e-04 3.0613e-02 -3.0584e-04 -2.9061e-04 -2.6118e-04 -2.2187e-04 -1.7799e-04 -1.3469e-04 -9.6025e-05 -6.4399e-05 -4.0561e-05 -2.3946e-05 -1.3225e-05 -6.8165e-06 -3.2710e-06 -1.4573e-06 -6.0105e-07 -2.2874e-07 -8.0043e-08 -2.5658e-08 -7.5029e-09 -1.9926e-09 -4.7830e-10 -1.0322e-10 -1.9916e-11 -3.4144e-12 -5.1664e-13 -6.8500e-14 -7.8959e-15 -7.8453e-16 -6.6569e-17 -4.7753e-18 -2.8642e-19 -1.4192e-20 -5.7334e-22 -1.8615e-23 -4.7815e-25 -9.5501e-27 -1.4553e-28 -1.6572e-30 -1.3780e-32 -8.1580e-35 -3.3434e-37 -9.1959e-40 -1.6399e-42 -1.8249e-45 -1.2141e-48 -4.6047e-52 -9.4374e-56 -9.8439e-60 -4.8847e-64 -1.0686e-68 -9.4546e-74 -3.0681e-79 -3.2666e-85 -1.0048e-91 -7.7160e-99 -1.2506e-106 -3.5237e-115 -1.3778e-124 -5.7498e-135 -1.8833e-146 -3.3715e-159 -2.1496e-173 -2.9322e-189 -4.6470e-207 -4.0988e-227 -8.2317e-250 -1.2608e-275 -3.8190e-305 0.0000e+00 0.0000e+00 0.0000e+00 0.0000e+00 0.0000e+00 0.0000e+00 0.0000e+00 0.0000e+00 0.0000e+00 0.0000e+00 0.0000e+00 0.0000e+00 0.0000e+00 0.0000e+00 0.0000e+00 0.0000e+00 0.0000e+00 0.0000e+00 0.0000e+00 0.0000e+00 0.0000e+00 1.0091e-05 1.3233e-05 1.4143e-05 1.3148e-05 1.0449e-05 6.3450e-06 1.2845e-06 -4.1533e-06 -9.3231e-06 -1.3616e-05 0.0000e+00 -1.7933e-05 -1.7743e-05 -1.6252e-05 -1.3876e-05 -1.1083e-05 -8.2964e-06 -5.8235e-06 -3.8325e-06 -2.3630e-06 -1.3632e-06 -7.3477e-07 -3.6927e-07 -1.7266e-07 -7.4921e-08 -3.0085e-08 -1.1145e-08 -3.7956e-09 -1.1841e-09 -3.3695e-10 -8.7088e-11 -2.0344e-11 -4.2732e-12 -8.0247e-13 -1.3391e-13 -1.9723e-14 -2.5457e-15 -2.8568e-16 -2.7635e-17 -2.2830e-18 -1.5945e-19 -9.3118e-21 -4.4924e-22 -1.7670e-23 -5.5858e-25 -1.3969e-26 -2.7161e-28 -4.0291e-30 -4.4656e-32 -3.6139e-34 -2.0819e-36 -8.3018e-39 -2.2212e-41 -3.8526e-44 -4.1687e-47 -2.6963e-50 -9.9384e-54 -1.9790e-57 -2.0050e-61 -9.6599e-66 -2.0510e-70 -1.7605e-75 -5.5398e-81 -5.7168e-87 -1.7034e-93 -1.2664e-100 -1.9861e-108 -5.4104e-117 -2.0439e-126 -8.2347e-137 -2.6017e-148 -4.4883e-161 -2.7550e-175 -3.6137e-191 -5.5007e-209 -4.6539e-229 -8.9523e-252 -1.3113e-277 -3.7919e-307 0.0000e+00 0.0000e+00 0.0000e+00 0.0000e+00 0.0000e+00 0.0000e+00 0.0000e+00 0.0000e+00 0.0000e+00 0.0000e+00 0.0000e+00 0.0000e+00 0.0000e+00 0.0000e+00 0.0000e+00 0.0000e+00 0.0000e+00 0.0000e+00 0.0000e+00 0.0000e+00 0.0000e+00
-6.9694e-06 -1.3773e-05 -2.5128e-05 -4.2808e-05 -6.8054e-05 -1.0129e-04 -1.4168e-04 -1.8683e-04 -2.3273e-04 -2.7422e-04 -3.0584e-04 3.6504e-02 -3.2278e-04 -3.0529e-04 -2.7304e-04 -2.3072e-04 -1.8400e-04 -1.3832e-04 -9.7864e-05 -6.5064e-05 -4.0572e-05 -2.3681e-05 -1.2909e-05 -6.5558e-06 -3.0935e-06 -1.3523e-06 -5.4593e-07 -2.0283e-07 -6.9089e-08 -2.1489e-08 -6.0766e-09 -1.5547e-09 -3.5802e-10 -7.3796e-11 -1.3532e-11 -2.1929e-12 -3.1183e-13 -3.8605e-14 -4.1259e-15 -3.7719e-16 -2.9201e-17 -1.8936e-18 -1.0163e-19 -4.4565e-21 -1.5738e-22 -4.4069e-24 -9.6181e-26 -1.6056e-27 -2.0083e-29 -1.8395e-31 -1.2032e-33 -5.4659e-36 -1.6721e-38 -3.3286e-41 -4.1509e-44 -3.1078e-47 -1.3323e-50 -3.1013e-54 -3.6929e-58 -2.1035e-62 -5.3134e-67 -5.4633e-72 -2.0745e-77 -2.6040e-83 -9.5195e-90 -8.7653e-97 -1.7199e-104 -5.9277e-113 -2.8679e-122 -1.4997e-132 -6.2407e-144 -1.4412e-156 -1.2056e-170 -2.1986e-186 -4.7570e-204 -5.8644e-224 -1.6902e-246 -3.8281e-272 -1.7738e-301 0.0000e+00 0.0000e+00 0.0000e+00 0.0000e+00 0.0000e+00 0.0000e+00 0.0000e+00 0.0000e+00 0.0000e+00 0.0000e+00 0.0000e+00 0.0000e+00 0.0000e+00 0.0000e+00 0.0000e+00 0.0000e+00 0.0000e+00 0.0000e+00 0.0000e+00 0.0000e+00 0.0000e+00 5.9184e-06 7.7493e-06 8.2223e-06 7.4591e-06 5.4906e-06 2.4094e-06 -1.5691e-06 -6.0875e-06 -1.0669e-05 -1.4782e-05 -1.7933e-05 0.0000e+00 -2.0120e-05 -1.9087e-05 -1.6951e-05 -1.4126e-05 -1.1059e-05 -8.1333e-06 -5.6172e-06 -3.6395e-06 -2.2093e-06 -1.2543e-06 -6.6475e-07 -3.2810e-07 -1.5044e-07 -6.3898e-08 -2.5063e-08 -9.0476e-09 -2.9948e-09 -9.0526e-10 -2.4880e-10 -6.1877e-11 -1.3853e-11 -2.7765e-12 -4.9510e-13 -7.8035e-14 -1.0793e-14 -1.2999e-15 -1.3516e-16 -1.2022e-17 -9.0563e-19 -5.7145e-20 -2.9846e-21 -1.2735e-22 -4.3766e-24 -1.1925e-25 -2.5326e-27 -4.1139e-29 -5.0062e-31 -4.4610e-33 -2.8384e-35 -1.2541e-37 -3.7307e-40 -7.2206e-43 -8.7528e-46 -6.3687e-49 -2.6527e-52 -5.9975e-56 -6.9345e-60 -3.8340e-64 -9.3972e-69 -9.3715e-74 -3.4499e-79 -4.1961e-85 -1.4856e-91 -1.3240e-98 -2.5130e-106 -8.3727e-115 -3.9129e-124 -1.9750e-134 -7.9257e-146 -1.7635e-158 -1.4199e-172 -2.4895e-188 -5.1726e-206 -6.1155e-226 -1.6880e-248 -3.6557e-274 -1.6168e-303 0.0000e+00 0.0000e+00 0.0000e+00 0.0000e+00 0.0000e+00 0.0000e+00 0.0000e+00 0.0000e+00 0.0000e+00 0.0000e+00 0.0000e+00 0.0000e+00 0.0000e+00 0.0000e+00 0.0000e+00 0.0000e+00 0.0000e+00 0.0000e+00 0.0000e+00 0.0000e+00 0.0000e+00
-3.9620e-06 -8.2835e-06 -1.6002e-05 -2.8740e-05 -4.8043e-05 -7.5113e-05 -1.1035e-04 -1.5286e-04 -2.0008e-04 -2.4780e-04 -2.9061e-04 -3.2278e-04 4.2944e-02 -3.3808e-04 -3.1848e-04 -2.8359e-04 -2.3845e-04 -1.8907e-04 -1.4119e-04 -9.9124e-05 -6.5313e-05 -4.0307e-05 -2.3247e-05 -1.2500e-05 -6.2493e-06 -2.8968e-06 -1.2410e-06 -4.8972e-07 -1.7734e-07 -5.8697e-08 -1.7680e-08 -4.8233e-09 -1.1857e-09 -2.6121e-10 -5.1255e-11 -8.9000e-12 -1.3579e-12 -1.8064e-13 -2.0776e-14 -2.0473e-15 -1.7114e-16 -1.2005e-17 -6.9828e-19 -3.3250e-20 -1.2779e-21 -3.9028e-23 -9.3129e-25 -1.7041e-26 -2.3426e-28 -2.3650e-30 -1.7102e-32 -8.6170e-35 -2.9338e-37 -6.5239e-40 -9.1234e-43 -7.6924e-46 -3.7303e-49 -9.8697e-53 -1.3427e-56 -8.7866e-61 -2.5651e-65 -3.0678e-70 -1.3644e-75 -2.0211e-81 -8.7905e-88 -9.7155e-95 -2.3103e-102 -9.7527e-111 -5.8460e-120 -3.8356e-130 -2.0307e-141 -6.0590e-154 -6.6609e-168 -1.6267e-183 -4.8141e-201 -8.3116e-221 -3.4454e-243 -1.1565e-268 -8.2190e-298 0.0000e+00 0.0000e+00 0.0000e+00 0.0000e+00 0.0000e+00 0.0000e+00 0.0000e+00 0.0000e+00 0.0000e+00 0.0000e+00 0.0000e+00 0.0000e+00 0.0000e+00 0.0000e+00 0.0000e+00 0.0000e+00 0.0000e+00 0.0000e+00 0.0000e+00 0.0000e+00 0.0000e+00 3.2734e-06 4.2776e-06 4.4941e-06 3.9360e-06 2.5458e-06 2.9357e-07 -2.7661e-06 -6.4566e-06 -1.0468e-05 -1.4385e-05 -1.7743e-05 -2.0120e-05 0.0000e+00 -2.0951e-05 -1.9423e-05 -1.6935e-05 -1.3896e-05 -1.0729e-05 -7.7887e-06 -5.3107e-06 -3.3961e-06 -2.0334e-06 -1.1375e-06 -5.9324e-07 -2.8768e-07 -1.2936e-07 -5.3766e-08 -2.0588e-08 -7.2358e-09 -2.3249e-09 -6.7993e-10 -1.8014e-10 -4.3017e-11 -9.2069e-12 -1.7555e-12 -2.9627e-13 -4.3939e-14 -5.6826e-15 -6.3551e-16 -6.0898e-17 -4.9507e-18 -3.3775e-19 -1.9109e-20 -8.8506e-22 -3.3087e-23 -9.8294e-25 -2.2815e-26 -4.0606e-28 -5.4290e-30 -5.3304e-32 -3.7483e-34 -1.8363e-36 -6.0779e-39 -1.3137e-41 -1.7853e-44 -1.4625e-47 -6.8890e-51 -1.7699e-54 -2.3375e-58 -1.4844e-62 -4.2040e-67 -4.8755e-72 -2.1017e-77 -3.0161e-83 -1.2702e-89 -1.3586e-96 -3.1245e-104 -1.2748e-112 -7.3797e-122 -4.6727e-132 -2.3854e-143 -6.8560e-156 -7.2532e-170 -1.7028e-185 -4.8384e-203 -8.0108e-223 -3.1793e-245 -1.0203e-270 -6.9200e-300 0.0000e+00 0.0000e+00 0.0000e+00 0.0000e+00 0.0000e+00 0.0000e+00 0.0000e+00 0.0000e+00 0.0000e+00 0.0000e+00 0.0000e+00 0.0000e+00 0.0000e+00 0.0000e+00 0.0000e+00 0.0000e+00 0.0000e+00 0.0000e+00 0.0000e+00 0.0000e+00 0.0000e+00
-2.1265e-06 -4.7092e-06 -9.6272e-06 -1.8218e-05 -3.2015e-05 -5.2586e-05 -8.1166e-05 -1.1815e-04 -1.6256e-04 -2.1171e-04 -2.6118e-04 -3.0529e-04 -3.3808e-04 4.9945e-02 -3.5197e-04 -3.3040e-04 -2.9301e-04 -2.4519e-04 -1.9332e-04 -1.4339e-04 -9.9871e-05 -6.5194e-05 -3.9799e-05 -2.2667e-05 -1.2012e-05 -5.9067e-06 -2.6867e-06 -1.1266e-06 -4.3389e-07 -1.5289e-07 -4.9075e-08 -1.4283e-08 -3.7499e-09 -8.8330e-10 -1.8556e-10 -3.4541e-11 -5.6571e-12 -8.0903e-13 -1.0019e-13 -1.0648e-14 -9.6154e-16 -7.2996e-17 -4.6042e-18 -2.3821e-19 -9.9685e-21 -3.3227e-22 -8.6738e-24 -1.7408e-25 -2.6317e-27 -2.9303e-29 -2.3442e-31 -1.3109e-33 -4.9710e-36 -1.2357e-38 -1.9394e-41 -1.8429e-44 -1.0117e-47 -3.0451e-51 -4.7372e-55 -3.5646e-59 -1.2038e-63 -1.6763e-68 -8.7414e-74 -1.5297e-79 -7.9245e-86 -1.0525e-92 -3.0372e-100 -1.5723e-108 -1.1693e-117 -9.6405e-128 -6.5040e-139 -2.5113e-151 -3.6344e-165 -1.1909e-180 -4.8303e-198 -1.1705e-217 -6.9945e-240 -3.4887e-265 -3.8128e-294 0.0000e+00 0.0000e+00 0.0000e+00 0.0000e+00 0.0000e+00 0.0000e+00 0.0000e+00 0.0000e+00 0.0000e+00 0.0000e+00 0.0000e+00 0.0000e+00 0.0000e+00 0.0000e+00 0.0000e+00 0.0000e+00 0.0000e+00 0.0000e+00 0.0000e+00 0.0000e+00 0.0000e+00 1.7060e-06 2.2237e-06 2.3055e-06 1.9190e-06 9.7500e-07 -6.1415e-07 -2.8908e-06 -5.8113e-06 -9.2159e-06 -1.2822e-05 -1.6252e-05 -1.9087e-05 -2.0951e-05 0.0000e+00 -2.0949e-05 -1.9150e-05 -1.6498e-05 -1.3391e-05 -1.0231e-05 -7.3497e-06 -4.9565e-06 -3.1325e-06 -1.8514e-06 -1.0210e-06 -5.2407e-07 -2.4965e-07 -1.1003e-07 -4.4723e-08 -1.6701e-08 -5.7075e-09 -1.7773e-09 -5.0196e-10 -1.2792e-10 -2.9256e-11 -5.9686e-12 -1.0792e-12 -1.7172e-13 -2.3863e-14 -2.8720e-15 -2.9667e-16 -2.6044e-17 -1.9222e-18 -1.1788e-19 -5.9301e-21 -2.4131e-22 -7.8211e-24 -1.9853e-25 -3.8743e-27 -5.6949e-29 -6.1652e-31 -4.7949e-33 -2.6065e-35 -9.6060e-38 -2.3204e-40 -3.5383e-43 -3.2659e-46 -1.7413e-49 -5.0882e-53 -7.6826e-57 -5.6090e-61 -1.8372e-65 -2.4803e-70 -1.2534e-75 -2.1246e-81 -1.0655e-87 -1.3694e-94 -3.8210e-102 -1.9115e-110 -1.3727e-119 -1.0920e-129 -7.1026e-141 -2.6415e-153 -3.6783e-167 -1.1586e-182 -4.5109e-200 -1.0480e-219 -5.9958e-242 -2.8587e-267 -2.9814e-296 0.0000e+00 0.0000e+00 0.0000e+00 0.0000e+00 0.0000e+00 0.0000e+00 0.0000e+00 0.0000e+00 0.0000e+00 0.0000e+00 0.0000e+00 0.0000e+00 0.0000e+00 0.0000e+00 0.0000e+00 0.0000e+00 0.0000e+00 0.0000e+00 0.0000e+00 0.0000e+00 0.0000e+00
-1.0764e-06 -2.5273e-06 -5.4645e-06 -1.0890e-05 -2.0118e-05 -3.4725e-05 -5.6328e-05 -8.6196e-05 -1.2472e-04 -1.7089e-04 -2.2187e-04 -2.7304e-04 -3.1848e-04 -3.5197e-04 5.7521e-02 -3.6466e-04 -3.4125e-04 -3.0148e-04 -2.5109e-04 -1.9684e-04 -1.4499e-04 -1.0016e-04 -6.4748e-05 -3.9077e-05 -2.1961e-05 -1.1461e-05 -5.5371e-06 -2.4683e-06 -1.0116e-06 -3.7965e-07 -1.2993e-07 -4.0359e-08 -1.1322e-08 -2.8531e-09 -6.4200e-10 -1.2817e-10 -2.2547e-11 -3.4683e-12 -4.6271e-13 -5.3061e-14 -5.1794e-15 -4.2579e-16 -2.9139e-17 -1.6390e-18 -7.4732e-20 -2.7202e-21 -7.7734e-23 -1.7122e-24 -2.8485e-26 -3.5006e-28 -3.1004e-30 -1.9258e-32 -8.1391e-35 -2.2635e-37 -3.9900e-40 -4.2766e-43 -2.6604e-46 -9.1172e-50 -1.6234e-53 -1.4060e-57 -5.4986e-62 -8.9244e-67 -5.4624e-72 -1.1306e-77 -6.9847e-84 -1.1163e-90 -3.9141e-98 -2.4885e-106 -2.2996e-115 -2.3861e-125 -2.0547e-136 -1.0286e-148 -1.9634e-162 -8.6498e-178 -4.8188e-195 -1.6427e-214 -1.4187e-236 -1.0544e-261 -1.7774e-290 -1.4822e-323 0.0000e+00 0.0000e+00 0.0000e+00 0.0000e+00 0.0000e+00 0.0000e+00 0.0000e+00 0.0000e+00 0.0000e+00 0.0000e+00 0.0000e+00 0.0000e+00 0.0000e+00 0.0000e+00 0.0000e+00 0.0000e+00 0.0000e+00 0.0000e+00 0.0000e+00 0.0000e+00 8.3695e-07 1.0874e-06 1.1078e-06 8.5543e-07 2.4332e-07 -8.3020e-07 -2.4531e-06 -4.6658e-06 -7.4262e-06 -1.0584e-05 -1.3876e-05 -1.6951e-05 -1.9423e-05 -2.0949e-05 0.0000e+00 -2.0453e-05 -1.8525e-05 -1.5826e-05 -1.2739e-05 -9.6505e-06 -6.8693e-06 -4.5862e-06 -2.8661e-06 -1.6727e-06 -9.0935e-07 -4.5923e-07 -2.1478e-07 -9.2721e-08 -3.6813e-08 -1.3390e-08 -4.4424e-09 -1.3382e-09 -3.6420e-10 -8.9055e-11 -1.9450e-11 -3.7701e-12 -6.4402e-13 -9.6222e-14 -1.2471e-14 -1.3895e-15 -1.3180e-16 -1.0530e-17 -7.0045e-19 -3.8298e-20 -1.6975e-21 -6.0064e-23 -1.6686e-24 -3.5728e-26 -5.7781e-28 -6.9021e-30 -5.9415e-32 -3.5866e-34 -1.4730e-36 -3.9798e-39 -6.8148e-42 -7.0938e-45 -4.2847e-48 -1.4254e-51 -2.4629e-55 -2.0693e-59 -7.8477e-64 -1.2347e-68 -7.3224e-74 -1.4678e-79 -8.7775e-86 -1.3572e-92 -4.6009e-100 -2.8264e-108 -2.5217e-117 -2.5243e-127 -2.0954e-138 -1.0103e-150 -1.8552e-164 -7.8549e-180 -4.2005e-197 -1.3728e-216 -1.1349e-238 -8.0617e-264 -1.2967e-292 0.0000e+00 0.0000e+00 0.0000e+00 0.0000e+00 0.0000e+00 0.0000e+00 0.0000e+00 0.0000e+00 0.0000e+00 0.0000e+00 0.0000e+00 0.0000e+00 0.0000e+00 0.0000e+00 0.0000e+00 0.0000e+00 0.0000e+00 0.0000e+00 0.0000e+00 0.0000e+00 0.0000e+00
-5.1316e-07 -1.2784e-06 -2.9220e-06 -6.1304e-06 -1.1907e-05 -2.1605e-05 -3.6848e-05 -5.9304e-05 -9.0284e-05 -1.3020e-04 -1.7799e-04 -2.3072e-04 -2.8359e-04 -3.3040e-04 -3.6466e-04 6.5688e-02 -3.7637e-04 -3.5121e-04 -3.0912e-04 -2.5625e-04 -1.9972e-04 -1.4607e-04 -1.0004e-04 -6.4010e-05 -3.8167e-05 -2.1150e-05 -1.0859e-05 -5.1484e-06 -2.2462e-06 -8.9834e-07 -3.2795e-07 -1.0878e-07 -3.2626e-08 -8.8000e-09 -2.1221e-09 -4.5467e-10 -8.5949e-11 -1.4229e-11 -2.0462e-12 -2.5335e-13 -2.6747e-14 -2.3825e-15 -1.7701e-16 -1.0832e-17 -5.3846e-19 -2.1418e-20 -6.7046e-22 -1.6219e-23 -2.9717e-25 -4.0336e-27 -3.9581e-29 -2.7328e-31 -1.2884e-33 -4.0119e-36 -7.9504e-39 -9.6207e-42 -6.7877e-45 -2.6512e-48 -5.4087e-52 -5.3977e-56 -2.4471e-60 -4.6344e-65 -3.3336e-70 -8.1708e-76 -6.0278e-82 -1.1608e-88 -4.9529e-96 -3.8733e-104 -4.4545e-113 -5.8271e-123 -6.4167e-134 -4.1723e-146 -1.0526e-159 -6.2489e-175 -4.7930e-192 -2.3045e-211 -2.8844e-233 -3.2034e-258 -8.3565e-287 -9.7711e-320 0.0000e+00 0.0000e+00 0.0000e+00 0.0000e+00 0.0000e+00 0.0000e+00 0.0000e+00 0.0000e+00 0.0000e+00 0.0000e+00 0.0000e+00 0.0000e+00 0.0000e+00 0.0000e+00 0.0000e+00 0.0000e+00 0.0000e+00 0.0000e+00 0.0000e+00 0.0000e+00 3.8603e-07 4.9946e-07 4.9717e-07 3.4247e-07 -3.4234e-08 -7.2371e-07 -1.8233e-06 -3.4144e-06 -5.5326e-06 -8.1363e-06 -1.1083e-05 -1.4126e-05 -1.6935e-05 -1.9150e-05 -2.0453e-05 0.0000e+00 -1.9677e-05 -1.7710e-05 -1.5034e-05 -1.2020e-05 -9.0380e-06 -6.3793e-06 -4.2182e-06 -2.6070e-06 -1.5022e-06 -8.0478e-07 -3.9966e-07 -1.8337e-07 -7.7451e-08 -3.0000e-08 -1.0611e-08 -3.4116e-09 -9.9208e-10 -2.5953e-10 -6.0722e-11 -1.2625e-11 -2.3168e-12 -3.7239e-13 -5.2006e-14 -6.2542e-15 -6.4144e-16 -5.5514e-17 -4.0078e-18 -2.3833e-19 -1.1514e-20 -4.4510e-22 -1.3542e-23 -3.1838e-25 -5.6694e-27 -7.4786e-29 -7.1312e-31 -4.7842e-33 -2.1914e-35 -6.6283e-38 -1.2757e-40 -1.4990e-43 -1.0267e-46 -3.8922e-50 -7.7043e-54 -7.4576e-58 -3.2782e-62 -6.0175e-67 -4.1934e-72 -9.9530e-78 -7.1066e-84 -1.3239e-90 -5.4606e-98 -4.1256e-106 -4.5805e-115 -5.7802e-125 -6.1353e-136 -3.8413e-148 -9.3231e-162 -5.3184e-177 -3.9153e-194 -1.8045e-213 -2.1619e-235 -2.2946e-260 -5.7110e-289 -6.3734e-322 0.0000e+00 0.0000e+00 0.0000e+00 0.0000e+00 0.0000e+00 0.0000e+00 0.0000e+00 0.0000e+00 0.0000e+00 0.0000e+00 0.0000e+00 0.0000e+00 0.0000e+00 0.0000e+00 0.0000e+00 0.0000e+00 0.0000e+00 0.0000e+00 0.0000e+00 0.0000e+00
