1.1989e-04 -1.7459e-04 -2.1118e-04 -2.3965e-04 -2.6200e-04 -2.7926e-04 -2.9204e-04 -3.0077e-04 -3.0580e-04 -3.0746e-04 -3.0606e-04 -3.0189e-04 -2.9527e-04 -2.8651e-04 -2.7593e-04 -2.6383e-04 -2.5052e-04 -2.3629e-04 -2.2141e-04 -2.0616e-04 -1.9077e-04 -1.7545e-04 -1.6040e-04 -1.4577e-04 -1.3170e-04 -1.1831e-04 -1.0567e-04 -9.3849e-05 -8.2884e-05 -7.2793e-05 -6.3578e-05 -5.5226e-05 -4.7709e-05 -4.0992e-05 -3.5031e-05 -2.9775e-05 -2.5173e-05 -2.1169e-05 -1.7707e-05 -1.4733e-05 -1.2194e-05 -1.0040e-05 -8.2223e-06 -6.6987e-06 -5.4289e-06 -4.3769e-06 -3.5104e-06 -2.8009e-06 -2.2232e-06 -1.7555e-06 -1.3790e-06 -1.0777e-06 -8.3791e-07 -6.4811e-07 -4.9873e-07 -3.8181e-07 -2.9080e-07 -2.2036e-07 -1.6612e-07 -1.2459e-07 -9.2972e-08 -6.9021e-08 -5.0980e-08 -3.7462e-08 -2.7389e-08 -1.9923e-08 -1.4418e-08 -1.0381e-08 -7.4369e-09 -5.3006e-09 -3.7588e-09 -2.6520e-09 -1.8616e-09 -1.3002e-09 -9.0347e-10 -6.2463e-10 -4.2967e-10 -2.9407e-10 -2.0025e-10 -1.3567e-10 -9.1455e-11 -6.1339e-11 -4.0932e-11 -2.7177e-11 -1.7954e-11 -1.1801e-11 -7.7173e-12 -5.0215e-12 -3.2510e-12 -2.0941e-12 -1.3422e-12 -8.5588e-13 -5.4305e-13 -3.4282e-13 -2.1534e-13 -1.3458e-13 -8.3686e-14 -5.1778e-14 -3.1875e-14 -1.9524e-14 0.0000e+00 1.7458e-04 2.1116e-04 2.3960e-04 2.6192e-04 2.7913e-04 2.9186e-04 3.0053e-04 3.0549e-04 3.0708e-04 3.0560e-04 3.0135e-04 2.9465e-04 2.8581e-04 2.7516e-04 2.6299e-04 2.4962e-04 2.3533e-04 2.2042e-04 2.0514e-04 1.8972e-04 1.7440e-04 1.5934e-04 1.4473e-04 1.3068e-04 1.1731e-04 1.0471e-04 9.2936e-05 8.2020e-05 7.1982e-05 6.2822e-05 5.4526e-05 4.7067e-05 4.0407e-05 3.4501e-05 2.9300e-05 2.4749e-05 2.0793e-05 1.7376e-05 1.4444e-05 1.1942e-05 9.8222e-06 8.0358e-06 6.5398e-06 5.2943e-06 4.2637e-06 3.4157e-06 2.7221e-06 2.1581e-06 1.7020e-06 1.3354e-06 1.0423e-06 8.0933e-07 6.2518e-07 4.8045e-07 3.6732e-07 2.7938e-07 2.1140e-07 1.5915e-07 1.1919e-07 8.8809e-08 6.5832e-08 4.8551e-08 3.5623e-08 2.6004e-08 1.8885e-08 1.3645e-08 9.8089e-09 7.0152e-09 4.9917e-09 3.5338e-09 2.4889e-09 1.7441e-09 1.2160e-09 8.4346e-10 5.8210e-10 3.9968e-10 2.7304e-10 1.8558e-10 1.2550e-10 8.4435e-11 5.6521e-11 3.7644e-11 2.4944e-11 1.6446e-11 1.0788e-11 7.0405e-12 4.5717e-12 2.9536e-12 1.8986e-12 1.2143e-12 7.7267e-13 4.8919e-13 3.0815e-13 1.9313e-13 1.2044e-13 7.4723e-14 4.6128e-14 2.8332e-14 1.7314e-14
-1.7459e-04 4.7945e-04 -2.9653e-04 -3.3658e-04 -3.6810e-04 -3.9251e-04 -4.1067e-04 -4.2318e-04 -4.3054e-04 -4.3319e-04 -4.3155e-04 -4.2604e-04 -4.1708e-04 -4.0512e-04 -3.9057e-04 -3.7388e-04 -3.5545e-04 -3.3569e-04 -3.1499e-04 -2.9372e-04 -2.7220e-04 -2.5074e-04 -2.2960e-04 -2.0902e-04 -1.8919e-04 -1.7026e-04 -1.5237e-04 -1.3559e-04 -1.2000e-04 -1.0562e-04 -9.2449e-05 -8.0486e-05 -6.9693e-05 -6.0025e-05 -5.1422e-05 -4.3818e-05 -3.7142e-05 -3.1317e-05 -2.6267e-05 -2.1916e-05 -1.8191e-05 -1.5020e-05 -1.2337e-05 -1.0082e-05 -8.1958e-06 -6.6284e-06 -5.3332e-06 -4.2691e-06 -3.3997e-06 -2.6936e-06 -2.1232e-06 -1.6650e-06 -1.2991e-06 -1.0084e-06 -7.7883e-07 -5.9844e-07 -4.5750e-07 -3.4798e-07 -2.6334e-07 -1.9828e-07 -1.4853e-07 -1.1071e-07 -8.2099e-08 -6.0576e-08 -4.4470e-08 -3.2481e-08 -2.3605e-08 -1.7069e-08 -1.2280e-08 -8.7903e-09 -6.2607e-09 -4.4366e-09 -3.1282e-09 -2.1946e-09 -1.5319e-09 -1.0639e-09 -7.3521e-10 -5.0551e-10 -3.4584e-10 -2.3541e-10 -1.5944e-10 -1.0745e-10 -7.2045e-11 -4.8066e-11 -3.1907e-11 -2.1075e-11 -1.3850e-11 -9.0567e-12 -5.8926e-12 -3.8147e-12 -2.4572e-12 -1.5749e-12 -1.0043e-12 -6.3728e-13 -4.0235e-13 -2.5275e-13 -1.5799e-13 -9.8257e-14 -6.0804e-14 -3.7439e-14 1.7458e-04 0.0000e+00 2.9640e-04 3.3631e-04 3.6764e-04 3.9181e-04 4.0967e-04 4.2183e-04 4.2880e-04 4.3103e-04 4.2895e-04 4.2299e-04 4.1358e-04 4.0118e-04 3.8622e-04 3.6914e-04 3.5037e-04 3.3032e-04 3.0939e-04 2.8794e-04 2.6631e-04 2.4479e-04 2.2366e-04 2.0314e-04 1.8343e-04 1.6467e-04 1.4698e-04 1.3045e-04 1.1512e-04 1.0103e-04 8.8178e-05 7.6533e-05 6.6063e-05 5.6715e-05 4.8425e-05 4.1124e-05 3.4737e-05 2.9184e-05 2.4388e-05 2.0272e-05 1.6762e-05 1.3786e-05 1.1278e-05 9.1787e-06 7.4306e-06 5.9840e-06 4.7938e-06 3.8204e-06 3.0287e-06 2.3887e-06 1.8741e-06 1.4627e-06 1.1358e-06 8.7735e-07 6.7423e-07 5.1546e-07 3.9205e-07 2.9665e-07 2.2332e-07 1.6725e-07 1.2461e-07 9.2372e-08 6.8122e-08 4.9981e-08 3.6484e-08 2.6495e-08 1.9143e-08 1.3761e-08 9.8414e-09 7.0024e-09 4.9570e-09 3.4913e-09 2.4464e-09 1.7055e-09 1.1830e-09 8.1638e-10 5.6052e-10 3.8290e-10 2.6024e-10 1.7597e-10 1.1839e-10 7.9246e-11 5.2776e-11 3.4970e-11 2.3054e-11 1.5121e-11 9.8682e-12 6.4075e-12 4.1393e-12 2.6606e-12 1.7015e-12 1.0826e-12 6.8536e-13 4.3169e-13 2.7054e-13 1.6869e-13 1.0465e-13 6.4596e-14 3.9671e-14 2.4241e-14
-2.1118e-04 -2.9653e-04 1.0784e-03 -4.0751e-04 -4.4592e-04 -4.7582e-04 -4.9824e-04 -5.1390e-04 -5.2338e-04 -5.2722e-04 -5.2590e-04 -5.1992e-04 -5.0978e-04 -4.9598e-04 -4.7902e-04 -4.5941e-04 -4.3763e-04 -4.1418e-04 -3.8951e-04 -3.6406e-04 -3.3821e-04 -3.1234e-04 -2.8678e-04 -2.6179e-04 -2.3763e-04 -2.1450e-04 -1.9255e-04 -1.7189e-04 -1.5262e-04 -1.3478e-04 -1.1838e-04 -1.0343e-04 -8.9886e-05 -7.7705e-05 -6.6822e-05 -5.7163e-05 -4.8646e-05 -4.1183e-05 -3.4685e-05 -2.9061e-05 -2.4224e-05 -2.0089e-05 -1.6574e-05 -1.3605e-05 -1.1110e-05 -9.0269e-06 -7.2970e-06 -5.8687e-06 -4.6961e-06 -3.7387e-06 -2.9615e-06 -2.3340e-06 -1.8301e-06 -1.4278e-06 -1.1084e-06 -8.5604e-07 -6.5783e-07 -5.0298e-07 -3.8264e-07 -2.8963e-07 -2.1813e-07 -1.6346e-07 -1.2188e-07 -9.0415e-08 -6.6739e-08 -4.9016e-08 -3.5819e-08 -2.6044e-08 -1.8842e-08 -1.3563e-08 -9.7146e-09 -6.9232e-09 -4.9092e-09 -3.4636e-09 -2.4315e-09 -1.6984e-09 -1.1804e-09 -8.1629e-10 -5.6167e-10 -3.8454e-10 -2.6195e-10 -1.7755e-10 -1.1974e-10 -8.0354e-11 -5.3652e-11 -3.5644e-11 -2.3562e-11 -1.5497e-11 -1.0142e-11 -6.6040e-12 -4.2788e-12 -2.7585e-12 -1.7694e-12 -1.1293e-12 -7.1717e-13 -4.5316e-13 -2.8491e-13 -1.7823e-13 -1.1094e-13 -6.8710e-14 2.1116e-04 2.9640e-04 0.0000e+00 4.0678e-04 4.4467e-04 4.7390e-04 4.9550e-04 5.1022e-04 5.1865e-04 5.2134e-04 5.1882e-04 5.1161e-04 5.0024e-04 4.8524e-04 4.6714e-04 4.4648e-04 4.2378e-04 3.9953e-04 3.7421e-04 3.4827e-04 3.2210e-04 2.9607e-04 2.7052e-04 2.4570e-04 2.2185e-04 1.9916e-04 1.7777e-04 1.5777e-04 1.3924e-04 1.2219e-04 1.0664e-04 9.2559e-05 7.9895e-05 6.8588e-05 5.8562e-05 4.9732e-05 4.2007e-05 3.5291e-05 2.9491e-05 2.4513e-05 2.0268e-05 1.6669e-05 1.3637e-05 1.1097e-05 8.9836e-06 7.2344e-06 5.7953e-06 4.6182e-06 3.6611e-06 2.8872e-06 2.2651e-06 1.7678e-06 1.3726e-06 1.0602e-06 8.1469e-07 6.2280e-07 4.7365e-07 3.5837e-07 2.6975e-07 2.0200e-07 1.5050e-07 1.1155e-07 8.2253e-08 6.0342e-08 4.4042e-08 3.1980e-08 2.3103e-08 1.6605e-08 1.1874e-08 8.4472e-09 5.9789e-09 4.2102e-09 2.9497e-09 2.0560e-09 1.4258e-09 9.8377e-10 6.7531e-10 4.6122e-10 3.1339e-10 2.1187e-10 1.4250e-10 9.5364e-11 6.3494e-11 4.2060e-11 2.7720e-11 1.8177e-11 1.1859e-11 7.6974e-12 4.9711e-12 3.1941e-12 2.0419e-12 1.2988e-12 8.2189e-13 5.1748e-13 3.2417e-13 2.0204e-13 1.2529e-13 7.7302e-14 4.7452e-14 2.8982e-14
-2.3965e-04 -3.3658e-04 -4.0751e-04 1.9162e-03 -5.0708e-04 -5.4160e-04 -5.6775e-04 -5.8636e-04 -5.9806e-04 -6.0342e-04 -6.0300e-04 -5.9731e-04 -5.8690e-04 -5.7231e-04 -5.5408e-04 -5.3276e-04 -5.0890e-04 -4.8302e-04 -4.5562e-04 -4.2719e-04 -3.9817e-04 -3.6897e-04 -3.3997e-04 -3.1150e-04 -2.8383e-04 -2.5720e-04 -2.3181e-04 -2.0780e-04 -1.8528e-04 -1.6433e-04 -1.4499e-04 -1.2725e-04 -1.1110e-04 -9.6495e-05 -8.3378e-05 -7.1674e-05 -6.1297e-05 -5.2154e-05 -4.4149e-05 -3.7182e-05 -3.1155e-05 -2.5973e-05 -2.1543e-05 -1.7779e-05 -1.4598e-05 -1.1925e-05 -9.6933e-06 -7.8393e-06 -6.3080e-06 -5.0503e-06 -4.0231e-06 -3.1887e-06 -2.5146e-06 -1.9731e-06 -1.5405e-06 -1.1966e-06 -9.2491e-07 -7.1129e-07 -5.4427e-07 -4.1438e-07 -3.1391e-07 -2.3661e-07 -1.7745e-07 -1.3242e-07 -9.8315e-08 -7.2631e-08 -5.3388e-08 -3.9047e-08 -2.8415e-08 -2.0574e-08 -1.4823e-08 -1.0625e-08 -7.5785e-09 -5.3782e-09 -3.7977e-09 -2.6682e-09 -1.8652e-09 -1.2974e-09 -8.9786e-10 -6.1827e-10 -4.2361e-10 -2.8879e-10 -1.9589e-10 -1.3220e-10 -8.8779e-11 -5.9318e-11 -3.9436e-11 -2.6086e-11 -1.7169e-11 -1.1243e-11 -7.3259e-12 -4.7495e-12 -3.0637e-12 -1.9664e-12 -1.2558e-12 -7.9794e-13 -5.0448e-13 -3.1735e-13 -1.9863e-13 -1.2370e-13 2.3960e-04 3.3631e-04 4.0678e-04 0.0000e+00 5.0456e-04 5.3772e-04 5.6223e-04 5.7893e-04 5.8850e-04 5.9155e-04 5.8869e-04 5.8051e-04 5.6760e-04 5.5058e-04 5.3005e-04 5.0660e-04 4.8084e-04 4.5332e-04 4.2459e-04 3.9515e-04 3.6545e-04 3.3592e-04 3.0692e-04 2.7876e-04 2.5170e-04 2.2595e-04 2.0167e-04 1.7899e-04 1.5796e-04 1.3862e-04 1.2097e-04 1.0499e-04 9.0623e-05 7.7795e-05 6.6420e-05 5.6402e-05 4.7638e-05 4.0020e-05 3.3440e-05 2.7794e-05 2.2978e-05 1.8896e-05 1.5458e-05 1.2578e-05 1.0181e-05 8.1978e-06 6.5662e-06 5.2319e-06 4.1470e-06 3.2700e-06 2.5650e-06 2.0015e-06 1.5538e-06 1.1999e-06 9.2187e-07 7.0459e-07 5.3573e-07 4.0525e-07 3.0496e-07 2.2831e-07 1.7005e-07 1.2600e-07 9.2883e-08 6.8118e-08 4.9700e-08 3.6076e-08 2.6052e-08 1.8717e-08 1.3379e-08 9.5137e-09 6.7306e-09 4.7374e-09 3.3173e-09 2.3111e-09 1.6018e-09 1.1046e-09 7.5778e-10 5.1722e-10 3.5122e-10 2.3728e-10 1.5948e-10 1.0665e-10 7.0951e-11 4.6962e-11 3.0925e-11 2.0261e-11 1.3206e-11 8.5639e-12 5.5252e-12 3.5465e-12 2.2648e-12 1.4389e-12 9.0954e-13 5.7198e-13 3.5786e-13 2.2276e-13 1.3795e-13 8.4993e-14 5.2098e-14 3.1771e-14
-2.6200e-04 -3.6810e-04 -4.4592e-04 -5.0708e-04 2.9922e-03 -5.9444e-04 -6.2404e-04 -6.4556e-04 -6.5967e-04 -6.6697e-04 -6.6802e-04 -6.6335e-04 -6.5353e-04 -6.3910e-04 -6.2063e-04 -5.9867e-04 -5.7380e-04 -5.4655e-04 -5.1746e-04 -4.8705e-04 -4.5579e-04 -4.2413e-04 -3.9247e-04 -3.6119e-04 -3.3060e-04 -3.0098e-04 -2.7256e-04 -2.4552e-04 -2.2001e-04 -1.9612e-04 -1.7392e-04 -1.5344e-04 -1.3468e-04 -1.1760e-04 -1.0217e-04 -8.8311e-05 -7.5944e-05 -6.4978e-05 -5.5314e-05 -4.6850e-05 -3.9481e-05 -3.3103e-05 -2.7615e-05 -2.2922e-05 -1.8930e-05 -1.5555e-05 -1.2718e-05 -1.0345e-05 -8.3734e-06 -6.7433e-06 -5.4033e-06 -4.3078e-06 -3.4172e-06 -2.6971e-06 -2.1181e-06 -1.6550e-06 -1.2867e-06 -9.9529e-07 -7.6603e-07 -5.8662e-07 -4.4698e-07 -3.3886e-07 -2.5561e-07 -1.9184e-07 -1.4326e-07 -1.0644e-07 -7.8690e-08 -5.7881e-08 -4.2361e-08 -3.0847e-08 -2.2349e-08 -1.6111e-08 -1.1556e-08 -8.2469e-09 -5.8558e-09 -4.1371e-09 -2.9082e-09 -2.0340e-09 -1.4155e-09 -9.8005e-10 -6.7517e-10 -4.6280e-10 -3.1563e-10 -2.1418e-10 -1.4461e-10 -9.7141e-11 -6.4928e-11 -4.3179e-11 -2.8571e-11 -1.8810e-11 -1.2322e-11 -8.0307e-12 -5.2077e-12 -3.3601e-12 -2.1571e-12 -1.3779e-12 -8.7569e-13 -5.5374e-13 -3.4839e-13 -2.1809e-13 2.6192e-04 3.6764e-04 4.4467e-04 5.0456e-04 0.0000e+00 5.8781e-04 6.1461e-04 6.3286e-04 6.4332e-04 6.4666e-04 6.4353e-04 6.3458e-04 6.2047e-04 6.0186e-04 5.7941e-04 5.5378e-04 5.2561e-04 4.9552e-04 4.6411e-04 4.3192e-04 3.9945e-04 3.6717e-04 3.3546e-04 3.0467e-04 2.7508e-04 2.4693e-04 2.2039e-04 1.9559e-04 1.7260e-04 1.5146e-04 1.3217e-04 1.1470e-04 9.8993e-05 8.4972e-05 7.2540e-05 6.1592e-05 5.2015e-05 4.3691e-05 3.6503e-05 3.0334e-05 2.5074e-05 2.0616e-05 1.6861e-05 1.3717e-05 1.1101e-05 8.9359e-06 7.1556e-06 5.6999e-06 4.5166e-06 3.5602e-06 2.7917e-06 2.1777e-06 1.6898e-06 1.3045e-06 1.0017e-06 7.6527e-07 5.8159e-07 4.3970e-07 3.3070e-07 2.4744e-07 1.8418e-07 1.3638e-07 1.0046e-07 7.3624e-08 5.3676e-08 3.8930e-08 2.8089e-08 2.0162e-08 1.4398e-08 1.0228e-08 7.2283e-09 5.0820e-09 3.5545e-09 2.4733e-09 1.7120e-09 1.1790e-09 8.0768e-10 5.5045e-10 3.7320e-10 2.5172e-10 1.6890e-10 1.1274e-10 7.4863e-11 4.9454e-11 3.2499e-11 2.1246e-11 1.3817e-11 8.9387e-12 5.7527e-12 3.6830e-12 2.3456e-12 1.4860e-12 9.3651e-13 5.8711e-13 3.6614e-13 2.2713e-13 1.4016e-13 8.6032e-14 5.2529e-14 3.1904e-14
-2.7926e-04 -3.9251e-04 -4.7582e-04 -5.4160e-04 -5.9444e-04 4.3056e-03 -6.6950e-04 -6.9397e-04 -7.1074e-04 -7.2040e-04 -7.2350e-04 -7.2058e-04 -7.1216e-04 -6.9880e-04 -6.8104e-04 -6.5944e-04 -6.3455e-04 -6.0692e-04 -5.7710e-04 -5.4561e-04 -5.1295e-04 -4.7958e-04 -4.4595e-04 -4.1246e-04 -3.7946e-04 -3.4726e-04 -3.1613e-04 -2.8631e-04 -2.5796e-04 -2.3122e-04 -2.0619e-04 -1.8294e-04 -1.6148e-04 -1.4182e-04 -1.2392e-04 -1.0773e-04 -9.3182e-05 -8.0193e-05 -6.8667e-05 -5.8501e-05 -4.9589e-05 -4.1822e-05 -3.5095e-05 -2.9302e-05 -2.4341e-05 -2.0119e-05 -1.6545e-05 -1.3538e-05 -1.1021e-05 -8.9274e-06 -7.1949e-06 -5.7694e-06 -4.6030e-06 -3.6540e-06 -2.8859e-06 -2.2679e-06 -1.7732e-06 -1.3794e-06 -1.0677e-06 -8.2222e-07 -6.3000e-07 -4.8028e-07 -3.6430e-07 -2.7493e-07 -2.0644e-07 -1.5423e-07 -1.1464e-07 -8.4784e-08 -6.2387e-08 -4.5675e-08 -3.3271e-08 -2.4113e-08 -1.7388e-08 -1.2475e-08 -8.9052e-09 -6.3248e-09 -4.4695e-09 -3.1424e-09 -2.1983e-09 -1.5300e-09 -1.0595e-09 -7.3003e-10 -5.0047e-10 -3.4136e-10 -2.3166e-10 -1.5642e-10 -1.0509e-10 -7.0242e-11 -4.6715e-11 -3.0912e-11 -2.0352e-11 -1.3331e-11 -8.6889e-12 -5.6345e-12 -3.6354e-12 -2.3338e-12 -1.4907e-12 -9.4733e-13 -5.9901e-13 -3.7685e-13 2.7913e-04 3.9181e-04 4.7390e-04 5.3772e-04 5.8781e-04 0.0000e+00 6.5501e-04 6.7446e-04 6.8560e-04 6.8915e-04 6.8582e-04 6.7628e-04 6.6123e-04 6.4139e-04 6.1746e-04 5.9013e-04 5.6010e-04 5.2803e-04 4.9454e-04 4.6023e-04 4.2562e-04 3.9120e-04 3.5739e-04 3.2457e-04 2.9303e-04 2.6303e-04 2.3474e-04 2.0830e-04 1.8379e-04 1.6126e-04 1.4071e-04 1.2209e-04 1.0536e-04 9.0419e-05 7.7175e-05 6.5514e-05 5.5314e-05 4.6450e-05 3.8797e-05 3.2232e-05 2.6634e-05 2.1891e-05 1.7897e-05 1.4554e-05 1.1773e-05 9.4726e-06 7.5815e-06 6.0359e-06 4.7801e-06 3.7656e-06 2.9508e-06 2.3001e-06 1.7835e-06 1.3756e-06 1.0555e-06 8.0559e-07 6.1163e-07 4.6193e-07 3.4704e-07 2.5936e-07 1.9281e-07 1.4258e-07 1.0489e-07 7.6751e-08 5.5867e-08 4.0452e-08 2.9136e-08 2.0875e-08 1.4877e-08 1.0546e-08 7.4369e-09 5.2164e-09 3.6395e-09 2.5259e-09 1.7436e-09 1.1972e-09 8.1766e-10 5.5544e-10 3.7530e-10 2.5221e-10 1.6858e-10 1.1207e-10 7.4103e-11 4.8731e-11 3.1871e-11 2.0730e-11 1.3410e-11 8.6265e-12 5.5187e-12 3.5109e-12 2.2210e-12 1.3971e-12 8.7391e-13 5.4351e-13 3.3609e-13 2.0663e-13 1.2629e-13 7.6738e-14 4.6351e-14 2.7829e-14
-2.9204e-04 -4.1067e-04 -4.9824e-04 -5.6775e-04 -6.2404e-04 -6.6950e-04 5.8552e-03 -7.3302e-04 -7.5270e-04 -7.6514e-04 -7.7087e-04 -7.7037e-04 -7.6415e-04 -7.5272e-04 -7.3659e-04 -7.1628e-04 -6.9232e-04 -6.6525e-04 -6.3560e-04 -6.0389e-04 -5.7062e-04 -5.3628e-04 -5.0132e-04 -4.6617e-04 -4.3123e-04 -3.9684e-04 -3.6331e-04 -3.3090e-04 -2.9985e-04 -2.7032e-04 -2.4247e-04 -2.1638e-04 -1.9212e-04 -1.6971e-04 -1.4917e-04 -1.3044e-04 -1.1349e-04 -9.8247e-05 -8.4620e-05 -7.2515e-05 -6.1827e-05 -5.2449e-05 -4.4268e-05 -3.7174e-05 -3.1059e-05 -2.5819e-05 -2.1355e-05 -1.7573e-05 -1.4387e-05 -1.1720e-05 -9.4984e-06 -7.6592e-06 -6.1448e-06 -4.9048e-06 -3.8953e-06 -3.0779e-06 -2.4196e-06 -1.8925e-06 -1.4728e-06 -1.1403e-06 -8.7842e-07 -6.7324e-07 -5.1338e-07 -3.8949e-07 -2.9400e-07 -2.2080e-07 -1.6499e-07 -1.2265e-07 -9.0723e-08 -6.6765e-08 -4.8885e-08 -3.5612e-08 -2.5811e-08 -1.8613e-08 -1.3355e-08 -9.5332e-09 -6.7709e-09 -4.7846e-09 -3.3639e-09 -2.3531e-09 -1.6377e-09 -1.1341e-09 -7.8135e-10 -5.3560e-10 -3.6529e-10 -2.4788e-10 -1.6736e-10 -1.1242e-10 -7.5137e-11 -4.9965e-11 -3.3058e-11 -2.1762e-11 -1.4253e-11 -9.2883e-12 -6.0223e-12 -3.8851e-12 -2.4937e-12 -1.5925e-12 -1.0119e-12 -6.3972e-13 2.9186e-04 4.0967e-04 4.9550e-04 5.6223e-04 6.1461e-04 6.5501e-04 0.0000e+00 7.0519e-04 7.1684e-04 7.2056e-04 7.1706e-04 7.0708e-04 6.9134e-04 6.7058e-04 6.4554e-04 6.1696e-04 5.8555e-04 5.5199e-04 5.1696e-04 4.8106e-04 4.4486e-04 4.0885e-04 3.7349e-04 3.3916e-04 3.0617e-04 2.7478e-04 2.4519e-04 2.1754e-04 1.9191e-04 1.6836e-04 1.4686e-04 1.2740e-04 1.0991e-04 9.4298e-05 8.0460e-05 6.8278e-05 5.7625e-05 4.8370e-05 4.0382e-05 3.3531e-05 2.7692e-05 2.2747e-05 1.8585e-05 1.5103e-05 1.2207e-05 9.8142e-06 7.8480e-06 6.2421e-06 4.9383e-06 3.8860e-06 3.0415e-06 2.3678e-06 1.8335e-06 1.4122e-06 1.0818e-06 8.2432e-07 6.2474e-07 4.7093e-07 3.5308e-07 2.6330e-07 1.9528e-07 1.4406e-07 1.0569e-07 7.7121e-08 5.5967e-08 4.0394e-08 2.8995e-08 2.0698e-08 1.4693e-08 1.0373e-08 7.2822e-09 5.0838e-09 3.5291e-09 2.4360e-09 1.6719e-09 1.1409e-09 7.7410e-10 5.2216e-10 3.5015e-10 2.3342e-10 1.5467e-10 1.0187e-10 6.6689e-11 4.3386e-11 2.8049e-11 1.8018e-11 1.1499e-11 7.2903e-12 4.5908e-12 2.8709e-12 1.7826e-12 1.0988e-12 6.7218e-13 4.0798e-13 2.4560e-13 1.4658e-13 8.6693e-14 5.0780e-14 2.9437e-14 1.6873e-14
-3.0077e-04 -4.2318e-04 -5.1390e-04 -5.8636e-04 -6.4556e-04 -6.9397e-04 -7.3302e-04 7.6400e-03 -7.8647e-04 -8.0209e-04 -8.1096e-04 -8.1354e-04 -8.1026e-04 -8.0157e-04 -7.8793e-04 -7.6980e-04 -7.4769e-04 -7.2208e-04 -6.9347e-04 -6.6237e-04 -6.2927e-04 -5.9466e-04 -5.5902e-04 -5.2277e-04 -4.8636e-04 -4.5016e-04 -4.1452e-04 -3.7975e-04 -3.4613e-04 -3.1389e-04 -2.8320e-04 -2.5422e-04 -2.2704e-04 -2.0175e-04 -1.7836e-04 -1.5688e-04 -1.3729e-04 -1.1954e-04 -1.0355e-04 -8.9248e-05 -7.6530e-05 -6.5290e-05 -5.5418e-05 -4.6800e-05 -3.9321e-05 -3.2869e-05 -2.7336e-05 -2.2618e-05 -1.8620e-05 -1.5250e-05 -1.2427e-05 -1.0075e-05 -8.1259e-06 -6.5209e-06 -5.2062e-06 -4.1354e-06 -3.2682e-06 -2.5696e-06 -2.0101e-06 -1.5644e-06 -1.2114e-06 -9.3322e-07 -7.1528e-07 -5.4545e-07 -4.1383e-07 -3.1237e-07 -2.3459e-07 -1.7528e-07 -1.3030e-07 -9.6375e-08 -7.0919e-08 -5.1922e-08 -3.7821e-08 -2.7410e-08 -1.9764e-08 -1.4178e-08 -1.0120e-08 -7.1865e-09 -5.0776e-09 -3.5694e-09 -2.4965e-09 -1.7372e-09 -1.2028e-09 -8.2852e-10 -5.6784e-10 -3.8721e-10 -2.6270e-10 -1.7733e-10 -1.1910e-10 -7.9584e-11 -5.2911e-11 -3.5001e-11 -2.3036e-11 -1.5085e-11 -9.8281e-12 -6.3710e-12 -4.1091e-12 -2.6369e-12 -1.6836e-12 -1.0696e-12 3.0053e-04 4.2183e-04 5.1022e-04 5.7893e-04 6.3286e-04 6.7446e-04 7.0519e-04 0.0000e+00 7.3812e-04 7.4193e-04 7.3832e-04 7.2803e-04 7.1181e-04 6.9042e-04 6.6462e-04 6.3517e-04 6.0279e-04 5.6822e-04 5.3212e-04 4.9513e-04 4.5782e-04 4.2071e-04 3.8428e-04 3.4890e-04 3.1491e-04 2.8257e-04 2.5208e-04 2.2360e-04 1.9720e-04 1.7294e-04 1.5081e-04 1.3078e-04 1.1277e-04 9.6708e-05 8.2473e-05 6.9946e-05 5.8996e-05 4.9487e-05 4.1283e-05 3.4251e-05 2.8262e-05 2.3192e-05 1.8928e-05 1.5364e-05 1.2403e-05 9.9581e-06 7.9513e-06 6.3143e-06 4.9868e-06 3.9169e-06 3.0596e-06 2.3768e-06 1.8362e-06 1.4107e-06 1.0778e-06 8.1883e-07 6.1863e-07 4.6475e-07 3.4718e-07 2.5789e-07 1.9046e-07 1.3986e-07 1.0211e-07 7.4116e-08 5.3481e-08 3.8363e-08 2.7354e-08 1.9387e-08 1.3656e-08 9.5598e-09 6.6504e-09 4.5970e-09 3.1570e-09 2.1538e-09 1.4595e-09 9.8214e-10 6.5625e-10 4.3531e-10 2.8657e-10 1.8718e-10 1.2127e-10 7.7895e-11 4.9583e-11 3.1259e-11 1.9505e-11 1.2034e-11 7.3339e-12 4.4082e-12 2.6082e-12 1.5151e-12 8.6082e-13 4.7568e-13 2.5337e-13 1.2810e-13 5.9615e-14 2.3690e-14 5.9463e-15 -1.9800e-15 -4.8452e-15 -5.2796e-15
-3.0580e-04 -4.3054e-04 -5.2338e-04 -5.9806e-04 -6.5967e-04 -7.1074e-04 -7.5270e-04 -7.8647e-04 9.6584e-03 -8.3183e-04 -8.4433e-04 -8.5057e-04 -8.5090e-04 -8.4570e-04 -8.3536e-04 -8.2027e-04 -8.0086e-04 -7.7756e-04 -7.5084e-04 -7.2116e-04 -6.8900e-04 -6.5484e-04 -6.1914e-04 -5.8238e-04 -5.4498e-04 -5.0738e-04 -4.6996e-04 -4.3308e-04 -3.9707e-04 -3.6219e-04 -3.2870e-04 -2.9678e-04 -2.6660e-04 -2.3826e-04 -2.1185e-04 -1.8741e-04 -1.6494e-04 -1.4443e-04 -1.2582e-04 -1.0904e-04 -9.4024e-05 -8.0658e-05 -6.8839e-05 -5.8450e-05 -4.9376e-05 -4.1496e-05 -3.4696e-05 -2.8861e-05 -2.3885e-05 -1.9666e-05 -1.6109e-05 -1.3128e-05 -1.0644e-05 -8.5855e-06 -6.8899e-06 -5.5009e-06 -4.3695e-06 -3.4531e-06 -2.7149e-06 -2.1236e-06 -1.6527e-06 -1.2796e-06 -9.8567e-07 -7.5540e-07 -5.7597e-07 -4.3693e-07 -3.2976e-07 -2.4761e-07 -1.8498e-07 -1.3749e-07 -1.0167e-07 -7.4804e-08 -5.4756e-08 -3.9878e-08 -2.8895e-08 -2.0830e-08 -1.4940e-08 -1.0662e-08 -7.5696e-09 -5.3471e-09 -3.7580e-09 -2.6278e-09 -1.8282e-09 -1.2655e-09 -8.7154e-10 -5.9719e-10 -4.0713e-10 -2.7616e-10 -1.8637e-10 -1.2514e-10 -8.3602e-11 -5.5570e-11 -3.6751e-11 -2.4182e-11 -1.5832e-11 -1.0313e-11 -6.6836e-12 -4.3098e-12 -2.7651e-12 -1.7651e-12 3.0549e-04 4.2880e-04 5.1865e-04 5.8850e-04 6.4332e-04 6.8560e-04 7.1684e-04 7.3812e-04 0.0000e+00 7.5416e-04 7.5048e-04 7.4000e-04 7.2349e-04 7.0172e-04 6.7547e-04 6.4549e-04 6.1255e-04 5.7736e-04 5.4062e-04 5.0297e-04 4.6500e-04 4.2725e-04 3.9017e-04 3.5417e-04 3.1958e-04 2.8668e-04 2.5566e-04 2.2669e-04 1.9985e-04 1.7518e-04 1.5268e-04 1.3232e-04 1.1403e-04 9.7716e-05 8.3266e-05 7.0557e-05 5.9454e-05 4.9818e-05 4.1511e-05 3.4396e-05 2.8342e-05 2.3223e-05 1.8922e-05 1.5331e-05 1.2352e-05 9.8952e-06 7.8825e-06 6.2436e-06 4.9173e-06 3.8505e-06 2.9978e-06 2.3204e-06 1.7856e-06 1.3660e-06 1.0388e-06 7.8530e-07 5.9005e-07 4.4064e-07 3.2703e-07 2.4119e-07 1.7676e-07 1.2870e-07 9.3088e-08 6.6880e-08 4.7720e-08 3.3809e-08 2.3780e-08 1.6600e-08 1.1498e-08 7.9001e-09 5.3819e-09 3.6337e-09 2.4301e-09 1.6087e-09 1.0532e-09 6.8116e-10 4.3463e-10 2.7308e-10 1.6853e-10 1.0180e-10 5.9864e-11 3.3990e-11 1.8372e-11 9.1986e-12 4.0001e-12 1.1991e-12 -1.9544e-13 -7.9473e-13 -9.6702e-13 -9.2804e-13 -7.9948e-13 -6.4640e-13 -5.0079e-13 -3.7602e-13 -2.7551e-13 -1.9789e-13 -1.3976e-13 -9.7278e-14 -6.6837e-14 -4.5389e-14
-3.0746e-04 -4.3319e-04 -5.2722e-04 -6.0342e-04 -6.6697e-04 -7.2040e-04 -7.6514e-04 -8.0209e-04 -8.3183e-04 1.1909e-02 -8.7134e-04 -8.8175e-04 -8.8630e-04 -8.8527e-04 -8.7896e-04 -8.6768e-04 -8.5177e-04 -8.3161e-04 -8.0759e-04 -7.8012e-04 -7.4966e-04 -7.1665e-04 -6.8156e-04 -6.4486e-04 -6.0701e-04 -5.6846e-04 -5.2963e-04 -4.9092e-04 -4.5272e-04 -4.1535e-04 -3.7912e-04 -3.4427e-04 -3.1102e-04 -2.7954e-04 -2.4995e-04 -2.2235e-04 -1.9678e-04 -1.7325e-04 -1.5175e-04 -1.3224e-04 -1.1464e-04 -9.8869e-05 -8.4831e-05 -7.2410e-05 -6.1491e-05 -5.1949e-05 -4.3662e-05 -3.6508e-05 -3.0369e-05 -2.5133e-05 -2.0692e-05 -1.6949e-05 -1.3811e-05 -1.1197e-05 -9.0307e-06 -7.2463e-06 -5.7847e-06 -4.5943e-06 -3.6301e-06 -2.8536e-06 -2.2317e-06 -1.7365e-06 -1.3442e-06 -1.0352e-06 -7.9323e-07 -6.0469e-07 -4.5861e-07 -3.4605e-07 -2.5978e-07 -1.9403e-07 -1.4418e-07 -1.0660e-07 -7.8408e-08 -5.7381e-08 -4.1779e-08 -3.0265e-08 -2.1813e-08 -1.5641e-08 -1.1159e-08 -7.9209e-09 -5.5939e-09 -3.9305e-09 -2.7478e-09 -1.9112e-09 -1.3226e-09 -9.1066e-10 -6.2384e-10 -4.2520e-10 -2.8834e-10 -1.9455e-10 -1.3060e-10 -8.7231e-11 -5.7969e-11 -3.8329e-11 -2.5215e-11 -1.6504e-11 -1.0748e-11 -6.9642e-12 -4.4897e-12 -2.8799e-12 3.0708e-04 4.3103e-04 5.2134e-04 5.9155e-04 6.4666e-04 6.8915e-04 7.2056e-04 7.4193e-04 7.5416e-04 0.0000e+00 7.5432e-04 7.4376e-04 7.2713e-04 7.0521e-04 6.7878e-04 6.4860e-04 6.1543e-04 5.8000e-04 5.4302e-04 5.0511e-04 4.6688e-04 4.2887e-04 3.9154e-04 3.5530e-04 3.2048e-04 2.8737e-04 2.5616e-04 2.2701e-04 2.0000e-04 1.7519e-04 1.5258e-04 1.3212e-04 1.1375e-04 9.7373e-05 8.2878e-05 7.0137e-05 5.9015e-05 4.9372e-05 4.1068e-05 3.3964e-05 2.7926e-05 2.2829e-05 1.8553e-05 1.4990e-05 1.2040e-05 9.6126e-06 7.6289e-06 6.0180e-06 4.7183e-06 3.6765e-06 2.8468e-06 2.1904e-06 1.6745e-06 1.2717e-06 9.5935e-07 7.1879e-07 5.3479e-07 3.9503e-07 2.8963e-07 2.1073e-07 1.5210e-07 1.0886e-07 7.7237e-08 5.4290e-08 3.7781e-08 2.6011e-08 1.7699e-08 1.1886e-08 7.8660e-09 5.1176e-09 3.2629e-09 2.0294e-09 1.2225e-09 7.0487e-10 3.8064e-10 1.8358e-10 6.8571e-11 5.3038e-12 -2.6253e-11 -3.9099e-11 -4.1485e-11 -3.8505e-11 -3.3198e-11 -2.7283e-11 -2.1666e-11 -1.6759e-11 -1.2692e-11 -9.4428e-12 -6.9194e-12 -5.0028e-12 -3.5738e-12 -2.5251e-12 -1.7662e-12 -1.2237e-12 -8.4037e-13 -5.7225e-13 -3.8655e-13 -2.5910e-13 -1.7238e-13 -1.1386e-13
-3.0606e-04 -4.3155e-04 -5.2590e-04 -6.0300e-04 -6.6802e-04 -7.2350e-04 -7.7087e-04 -8.1096e-04 -8.4433e-04 -8.7134e-04 1.4390e-02 -9.0724e-04 -9.1652e-04 -9.2026e-04 -9.1863e-04 -9.1187e-04 -9.0021e-04 -8.8394e-04 -8.6338e-04 -8.3889e-04 -8.1087e-04 -7.7973e-04 -7.4592e-04 -7.0991e-04 -6.7216e-04 -6.3314e-04 -5.9332e-04 -5.5314e-04 -5.1302e-04 -4.7336e-04 -4.3451e-04 -3.9678e-04 -3.6046e-04 -3.2576e-04 -2.9288e-04 -2.6196e-04 -2.3308e-04 -2.0632e-04 -1.8168e-04 -1.5915e-04 -1.3870e-04 -1.2024e-04 -1.0371e-04 -8.8979e-05 -7.5949e-05 -6.4492e-05 -5.4480e-05 -4.5784e-05 -3.8278e-05 -3.1837e-05 -2.6344e-05 -2.1686e-05 -1.7759e-05 -1.4469e-05 -1.1728e-05 -9.4569e-06 -7.5866e-06 -6.0550e-06 -4.8078e-06 -3.7979e-06 -2.9848e-06 -2.3338e-06 -1.8154e-06 -1.4050e-06 -1.0818e-06 -8.2865e-07 -6.3152e-07 -4.7884e-07 -3.6122e-07 -2.7110e-07 -2.0243e-07 -1.5039e-07 -1.1115e-07 -8.1739e-08 -5.9802e-08 -4.3531e-08 -3.1526e-08 -2.2716e-08 -1.6285e-08 -1.1615e-08 -8.2425e-09 -5.8196e-09 -4.0881e-09 -2.8572e-09 -1.9869e-09 -1.3746e-09 -9.4625e-10 -6.4807e-10 -4.4161e-10 -2.9940e-10 -2.0196e-10 -1.3555e-10 -9.0514e-11 -6.0137e-11 -3.9753e-11 -2.6146e-11 -1.7110e-11 -1.1140e-11 -7.2167e-12 -4.6515e-12 3.0560e-04 4.2895e-04 5.1882e-04 5.8869e-04 6.4353e-04 6.8582e-04 7.1706e-04 7.3832e-04 7.5048e-04 7.5432e-04 0.0000e+00 7.4005e-04 7.2346e-04 7.0159e-04 6.7523e-04 6.4513e-04 6.1205e-04 5.7672e-04 5.3983e-04 5.0203e-04 4.6390e-04 4.2599e-04 3.8876e-04 3.5261e-04 3.1790e-04 2.8488e-04 2.5378e-04 2.2473e-04 1.9783e-04 1.7312e-04 1.5061e-04 1.3026e-04 1.1200e-04 9.5729e-05 8.1341e-05 6.8708e-05 5.7692e-05 4.8154e-05 3.9952e-05 3.2946e-05 2.7004e-05 2.1998e-05 1.7808e-05 1.4326e-05 1.1451e-05 9.0943e-06 7.1750e-06 5.6228e-06 4.3762e-06 3.3821e-06 2.5950e-06 1.9763e-06 1.4935e-06 1.1196e-06 8.3229e-07 6.1326e-07 4.4766e-07 3.2351e-07 2.3127e-07 1.6337e-07 1.1390e-07 7.8231e-08 5.2812e-08 3.4925e-08 2.2517e-08 1.4048e-08 8.3752e-09 4.6615e-09 2.2991e-09 8.5224e-10 1.3142e-11 -4.3279e-10 -6.3256e-10 -6.8496e-10 -6.5488e-10 -5.8369e-10 -4.9680e-10 -4.0900e-10 -3.2820e-10 -2.5795e-10 -1.9924e-10 -1.5160e-10 -1.1384e-10 -8.4469e-11 -6.2000e-11 -4.5053e-11 -3.2433e-11 -2.3143e-11 -1.6376e-11 -1.1495e-11 -8.0074e-12 -5.5366e-12 -3.8008e-12 -2.5910e-12 -1.7543e-12 -1.1799e-12 -7.8847e-13 -5.2352e-13 -3.4542e-13 -2.2650e-13
-3.0189e-04 -4.2604e-04 -5.1992e-04 -5.9731e-04 -6.6335e-04 -7.2058e-04 -7.7037e-04 -8.1354e-04 -8.5057e-04 -8.8175e-04 -9.0724e-04 1.7100e-02 -9.4159e-04 -9.5057e-04 -9.5419e-04 -9.5256e-04 -9.4581e-04 -9.3413e-04 -9.1776e-04 -8.9698e-04 -8.7213e-04 -8.4357e-04 -8.1172e-04 -7.7704e-04 -7.3998e-04 -7.0104e-04 -6.6071e-04 -6.1946e-04 -5.7776e-04 -5.3606e-04 -4.9479e-04 -4.5430e-04 -4.1496e-04 -3.7704e-04 -3.4080e-04 -3.0644e-04 -2.7410e-04 -2.4389e-04 -2.1588e-04 -1.9009e-04 -1.6651e-04 -1.4510e-04 -1.2578e-04 -1.0847e-04 -9.3049e-05 -7.9409e-05 -6.7417e-05 -5.6939e-05 -4.7841e-05 -3.9988e-05 -3.3252e-05 -2.7507e-05 -2.2638e-05 -1.8534e-05 -1.5096e-05 -1.2233e-05 -9.8616e-06 -7.9091e-06 -6.3106e-06 -5.0093e-06 -3.9560e-06 -3.1082e-06 -2.4295e-06 -1.8894e-06 -1.4618e-06 -1.1252e-06 -8.6168e-07 -6.5651e-07 -4.9765e-07 -3.7530e-07 -2.8160e-07 -2.1021e-07 -1.5612e-07 -1.1536e-07 -8.4812e-08 -6.2034e-08 -4.5144e-08 -3.2686e-08 -2.3545e-08 -1.6875e-08 -1.2033e-08 -8.5372e-09 -6.0262e-09 -4.2322e-09 -2.9572e-09 -2.0559e-09 -1.4221e-09 -9.7867e-10 -6.7012e-10 -4.5653e-10 -3.0945e-10 -2.0870e-10 -1.4004e-10 -9.3491e-11 -6.2102e-11 -4.1043e-11 -2.6989e-11 -1.7658e-11 -1.1495e-11 -7.4449e-12 3.0135e-04 4.2299e-04 5.1161e-04 5.8051e-04 6.3458e-04 6.7628e-04 7.0708e-04 7.2803e-04 7.4000e-04 7.4376e-04 7.4005e-04 0.0000e+00 7.1320e-04 6.9157e-04 6.6550e-04 6.3573e-04 6.0302e-04 5.6808e-04 5.3160e-04 4.9421e-04 4.5650e-04 4.1900e-04 3.8218e-04 3.4645e-04 3.1212e-04 2.7949e-04 2.4874e-04 2.2004e-04 1.9348e-04 1.6909e-04 1.4689e-04 1.2683e-04 1.0884e-04 9.2831e-05 7.8691e-05 6.6291e-05 5.5497e-05 4.6166e-05 3.8159e-05 3.1336e-05 2.5563e-05 2.0714e-05 1.6670e-05 1.3321e-05 1.0568e-05 8.3221e-06 6.5031e-06 5.0412e-06 3.8753e-06 2.9530e-06 2.2292e-06 1.6662e-06 1.2320e-06 9.0032e-07 6.4939e-07 4.6154e-07 3.2248e-07 2.2080e-07 1.4746e-07 9.5367e-08 5.9019e-08 3.4187e-08 1.7660e-08 7.0256e-09 4.9567e-10 -3.2381e-09 -5.1186e-09 -5.8141e-09 -5.7887e-09 -5.3576e-09 -4.7287e-09 -4.0338e-09 -3.3522e-09 -2.7278e-09 -2.1809e-09 -1.7175e-09 -1.3346e-09 -1.0247e-09 -7.7824e-10 -5.8512e-10 -4.3581e-10 -3.2173e-10 -2.3553e-10 -1.7105e-10 -1.2327e-10 -8.8177e-11 -6.2624e-11 -4.4167e-11 -3.0938e-11 -2.1528e-11 -1.4883e-11 -1.0223e-11 -6.9787e-12 -4.7344e-12 -3.1924e-12 -2.1397e-12 -1.4256e-12 -9.4426e-13 -6.2180e-13 -4.0711e-13
-2.9527e-04 -4.1708e-04 -5.0978e-04 -5.8690e-04 -6.5353e-04 -7.1216e-04 -7.6415e-04 -8.1026e-04 -8.5090e-04 -8.8630e-04 -9.1652e-04 -9.4159e-04 2.0037e-02 -9.7606e-04 -9.8538e-04 -9.8940e-04 -9.8814e-04 -9.8168e-04 -9.7016e-04 -9.5377e-04 -9.3278e-04 -9.0750e-04 -8.7831e-04 -8.4562e-04 -8.0990e-04 -7.7162e-04 -7.3130e-04 -6.8946e-04 -6.4659e-04 -6.0320e-04 -5.5977e-04 -5.1672e-04 -4.7448e-04 -4.3340e-04 -3.9380e-04 -3.5593e-04 -3.2002e-04 -2.8621e-04 -2.5464e-04 -2.2536e-04 -1.9840e-04 -1.7376e-04 -1.5138e-04 -1.3119e-04 -1.1310e-04 -9.7002e-05 -8.2760e-05 -7.0242e-05 -5.9309e-05 -4.9817e-05 -4.1628e-05 -3.4605e-05 -2.8618e-05 -2.3544e-05 -1.9271e-05 -1.5691e-05 -1.2711e-05 -1.0244e-05 -8.2132e-06 -6.5513e-06 -5.1988e-06 -4.1044e-06 -3.2238e-06 -2.5192e-06 -1.9585e-06 -1.5148e-06 -1.1657e-06 -8.9243e-07 -6.7975e-07 -5.1512e-07 -3.8837e-07 -2.9132e-07 -2.1741e-07 -1.6143e-07 -1.1925e-07 -8.7648e-08 -6.4093e-08 -4.6630e-08 -3.3753e-08 -2.4308e-08 -1.7418e-08 -1.2417e-08 -8.8075e-09 -6.2155e-09 -4.3642e-09 -3.0488e-09 -2.1191e-09 -1.4654e-09 -1.0083e-09 -6.9026e-10 -4.7015e-10 -3.1861e-10 -2.1483e-10 -1.4412e-10 -9.6200e-11 -6.3888e-11 -4.2216e-11 -2.7755e-11 -1.8155e-11 -1.1816e-11 2.9465e-04 4.1358e-04 5.0024e-04 5.6760e-04 6.2047e-04 6.6123e-04 6.9134e-04 7.1181e-04 7.2349e-04 7.2713e-04 7.2346e-04 7.1320e-04 0.0000e+00 6.7586e-04 6.5027e-04 6.2105e-04 5.8895e-04 5.5466e-04 5.1885e-04 4.8215e-04 4.4514e-04 4.0833e-04 3.7220e-04 3.3712e-04 3.0345e-04 2.7143e-04 2.4128e-04 2.1315e-04 1.8712e-04 1.6324e-04 1.4152e-04 1.2191e-04 1.0434e-04 8.8732e-05 7.4965e-05 6.2913e-05 5.2443e-05 4.3415e-05 3.5688e-05 2.9124e-05 2.3591e-05 1.8962e-05 1.5120e-05 1.1956e-05 9.3707e-06 7.2765e-06 5.5942e-06 4.2548e-06 3.1982e-06 2.3728e-06 1.7346e-06 1.2466e-06 8.7795e-07 6.0306e-07 4.0113e-07 2.5528e-07 1.5204e-07 8.0700e-08 3.2916e-08 2.2215e-09 -1.6318e-08 -2.6417e-08 -3.0829e-08 -3.1559e-08 -3.0042e-08 -2.7275e-08 -2.3936e-08 -2.0466e-08 -1.7134e-08 -1.4096e-08 -1.1422e-08 -9.1332e-09 -7.2162e-09 -5.6397e-09 -4.3636e-09 -3.3447e-09 -2.5411e-09 -1.9145e-09 -1.4309e-09 -1.0613e-09 -7.8138e-10 -5.7117e-10 -4.1461e-10 -2.9893e-10 -2.1410e-10 -1.5235e-10 -1.0772e-10 -7.5692e-11 -5.2858e-11 -3.6689e-11 -2.5313e-11 -1.7361e-11 -1.1838e-11 -8.0249e-12 -5.4088e-12 -3.6248e-12 -2.4155e-12 -1.6006e-12 -1.0547e-12 -6.9115e-13
-2.8651e-04 -4.0512e-04 -4.9598e-04 -5.7231e-04 -6.3910e-04 -6.9880e-04 -7.5272e-04 -8.0157e-04 -8.4570e-04 -8.8527e-04 -9.2026e-04 -9.5057e-04 -9.7606e-04 2.3199e-02 -1.0119e-03 -1.0220e-03 -1.0267e-03 -1.0260e-03 -1.0199e-03 -1.0086e-03 -9.9211e-04 -9.7079e-04 -9.4494e-04 -9.1492e-04 -8.8119e-04 -8.4421e-04 -8.0450e-04 -7.6260e-04 -7.1905e-04 -6.7438e-04 -6.2914e-04 -5.8382e-04 -5.3889e-04 -4.9478e-04 -4.5188e-04 -4.1052e-04 -3.7097e-04 -3.3346e-04 -2.9817e-04 -2.6520e-04 -2.3464e-04 -2.0652e-04 -1.8081e-04 -1.5747e-04 -1.3643e-04 -1.1758e-04 -1.0081e-04 -8.5981e-05 -7.2952e-05 -6.1576e-05 -5.1704e-05 -4.3190e-05 -3.5891e-05 -2.9672e-05 -2.4404e-05 -1.9967e-05 -1.6253e-05 -1.3162e-05 -1.0604e-05 -8.4993e-06 -6.7773e-06 -5.3765e-06 -4.2434e-06 -3.3320e-06 -2.6030e-06 -2.0230e-06 -1.5643e-06 -1.2034e-06 -9.2105e-07 -7.0136e-07 -5.3135e-07 -4.0050e-07 -3.0034e-07 -2.2408e-07 -1.6634e-07 -1.2285e-07 -9.0269e-08 -6.5993e-08 -4.8001e-08 -3.4737e-08 -2.5011e-08 -1.7917e-08 -1.2770e-08 -9.0560e-09 -6.3895e-09 -4.4853e-09 -3.1327e-09 -2.1770e-09 -1.5052e-09 -1.0354e-09 -7.0868e-10 -4.8260e-10 -3.2699e-10 -2.2043e-10 -1.4785e-10 -9.8672e-11 -6.5518e-11 -4.3284e-11 -2.8452e-11 -1.8608e-11 2.8581e-04 4.0118e-04 4.8524e-04 5.5058e-04 6.0186e-04 6.4139e-04 6.7058e-04 6.9042e-04 7.0172e-04 7.0521e-04 7.0159e-04 6.9157e-04 6.7586e-04 0.0000e+00 6.3023e-04 6.0176e-04 5.7047e-04 5.3705e-04 5.0214e-04 4.6637e-04 4.3029e-04 3.9441e-04 3.5918e-04 3.2500e-04 2.9218e-04 2.6099e-04 2.3163e-04 2.0424e-04 1.7892e-04 1.5571e-04 1.3462e-04 1.1560e-04 9.8587e-05 8.3493e-05 7.0207e-05 5.8604e-05 4.8551e-05 3.9909e-05 3.2540e-05 2.6306e-05 2.1078e-05 1.6729e-05 1.3142e-05 1.0212e-05 7.8391e-06 5.9370e-06 4.4280e-06 3.2440e-06 2.3262e-06 1.6241e-06 1.0949e-06 7.0266e-07 4.1774e-07 2.1568e-07 7.6716e-08 -1.4993e-08 -7.1968e-08 -1.0398e-07 -1.1854e-07 -1.2133e-07 -1.1657e-07 -1.0733e-07 -9.5781e-08 -8.3421e-08 -7.1228e-08 -5.9807e-08 -4.9495e-08 -4.0437e-08 -3.2656e-08 -2.6094e-08 -2.0646e-08 -1.6187e-08 -1.2581e-08 -9.6981e-09 -7.4171e-09 -5.6298e-09 -4.2421e-09 -3.1739e-09 -2.3583e-09 -1.7406e-09 -1.2763e-09 -9.2980e-10 -6.7311e-10 -4.8427e-10 -3.4628e-10 -2.4612e-10 -1.7389e-10 -1.2213e-10 -8.5281e-11 -5.9207e-11 -4.0869e-11 -2.8052e-11 -1.9145e-11 -1.2994e-11 -8.7700e-12 -5.8865e-12 -3.9294e-12 -2.6086e-12 -1.7224e-12 -1.1311e-12
-2.7593e-04 -3.9057e-04 -4.7902e-04 -5.5408e-04 -6.2063e-04 -6.8104e-04 -7.3659e-04 -7.8793e-04 -8.3536e-04 -8.7896e-04 -9.1863e-04 -9.5419e-04 -9.8538e-04 -1.0119e-03 2.6585e-02 -1.0500e-03 -1.0610e-03 -1.0665e-03 -1.0664e-03 -1.0606e-03 -1.0493e-03 -1.0326e-03 -1.0108e-03 -9.8413e-04 -9.5306e-04 -9.1805e-04 -8.7959e-04 -8.3823e-04 -7.9455e-04 -7.4911e-04 -7.0249e-04 -6.5525e-04 -6.0793e-04 -5.6102e-04 -5.1497e-04 -4.7019e-04 -4.2702e-04 -3.8576e-04 -3.4664e-04 -3.0985e-04 -2.7550e-04 -2.4367e-04 -2.1438e-04 -1.8763e-04 -1.6335e-04 -1.4147e-04 -1.2188e-04 -1.0446e-04 -8.9061e-05 -7.5538e-05 -6.3736e-05 -5.3499e-05 -4.4674e-05 -3.7111e-05 -3.0670e-05 -2.5216e-05 -2.0625e-05 -1.6783e-05 -1.3587e-05 -1.0943e-05 -8.7680e-06 -6.9894e-06 -5.5431e-06 -4.3736e-06 -3.4332e-06 -2.6812e-06 -2.0833e-06 -1.6104e-06 -1.2386e-06 -9.4770e-07 -7.2146e-07 -5.4643e-07 -4.1176e-07 -3.0871e-07 -2.3027e-07 -1.7089e-07 -1.2618e-07 -9.2694e-08 -6.7750e-08 -4.9268e-08 -3.5646e-08 -2.5660e-08 -1.8378e-08 -1.3096e-08 -9.2848e-09 -6.5496e-09 -4.5968e-09 -3.2099e-09 -2.2302e-09 -1.5416e-09 -1.0603e-09 -7.2558e-10 -4.9402e-10 -3.3466e-10 -2.2557e-10 -1.5127e-10 -1.0093e-10 -6.7008e-11 -4.4261e-11 -2.9089e-11 2.7516e-04 3.8622e-04 4.6714e-04 5.3005e-04 5.7941e-04 6.1746e-04 6.4554e-04 6.6462e-04 6.7547e-04 6.7878e-04 6.7523e-04 6.6550e-04 6.5027e-04 6.3023e-04 0.0000e+00 5.7851e-04 5.4821e-04 5.1584e-04 4.8203e-04 4.4737e-04 4.1242e-04 3.7766e-04 3.4354e-04 3.1043e-04 2.7864e-04 2.4845e-04 2.2003e-04 1.9355e-04 1.6908e-04 1.4667e-04 1.2633e-04 1.0801e-04 9.1662e-05 7.7184e-05 6.4471e-05 5.3402e-05 4.3845e-05 3.5663e-05 2.8720e-05 2.2881e-05 1.8016e-05 1.4001e-05 1.0721e-05 8.0710e-06 5.9538e-06 4.2836e-06 2.9841e-06 1.9887e-06 1.2398e-06 6.8822e-07 2.9253e-07 1.8141e-08 -1.6340e-07 -2.7522e-07 -3.3586e-07 -3.5997e-07 -3.5893e-07 -3.4144e-07 -3.1401e-07 -2.8139e-07 -2.4694e-07 -2.1295e-07 -1.8090e-07 -1.5165e-07 -1.2562e-07 -1.0294e-07 -8.3518e-08 -6.7128e-08 -5.3483e-08 -4.2258e-08 -3.3124e-08 -2.5767e-08 -1.9897e-08 -1.5255e-08 -1.1615e-08 -8.7847e-09 -6.6002e-09 -4.9269e-09 -3.6547e-09 -2.6941e-09 -1.9739e-09 -1.4374e-09 -1.0406e-09 -7.4885e-10 -5.3577e-10 -3.8111e-10 -2.6955e-10 -1.8956e-10 -1.3256e-10 -9.2184e-11 -6.3750e-11 -4.3843e-11 -2.9987e-11 -2.0398e-11 -1.3800e-11 -9.2860e-12 -6.2148e-12 -4.1371e-12 -2.7393e-12 -1.8041e-12
-2.6383e-04 -3.7388e-04 -4.5941e-04 -5.3276e-04 -5.9867e-04 -6.5944e-04 -7.1628e-04 -7.6980e-04 -8.2027e-04 -8.6768e-04 -9.1187e-04 -9.5256e-04 -9.8940e-04 -1.0220e-03 -1.0500e-03 3.0191e-02 -1.0906e-03 -1.1027e-03 -1.1089e-03 -1.1092e-03 -1.1036e-03 -1.0921e-03 -1.0749e-03 -1.0523e-03 -1.0246e-03 -9.9228e-04 -9.5576e-04 -9.1561e-04 -8.7241e-04 -8.2677e-04 -7.7929e-04 -7.3059e-04 -6.8126e-04 -6.3185e-04 -5.8289e-04 -5.3485e-04 -4.8816e-04 -4.4317e-04 -4.0020e-04 -3.5947e-04 -3.2119e-04 -2.8547e-04 -2.5238e-04 -2.2196e-04 -1.9418e-04 -1.6899e-04 -1.4630e-04 -1.2600e-04 -1.0794e-04 -9.1996e-05 -7.7999e-05 -6.5788e-05 -5.5201e-05 -4.6079e-05 -3.8266e-05 -3.1613e-05 -2.5983e-05 -2.1245e-05 -1.7282e-05 -1.3986e-05 -1.1261e-05 -9.0202e-06 -7.1884e-06 -5.6992e-06 -4.4955e-06 -3.5278e-06 -2.7544e-06 -2.1395e-06 -1.6535e-06 -1.2713e-06 -9.7252e-07 -7.4017e-07 -5.6046e-07 -4.2223e-07 -3.1648e-07 -2.3601e-07 -1.7511e-07 -1.2927e-07 -9.4942e-08 -6.9377e-08 -5.0440e-08 -3.6487e-08 -2.6259e-08 -1.8804e-08 -1.3396e-08 -9.4961e-09 -6.6973e-09 -4.6995e-09 -3.2811e-09 -2.2792e-09 -1.5752e-09 -1.0832e-09 -7.4112e-10 -5.0451e-10 -3.4171e-10 -2.3028e-10 -1.5441e-10 -1.0301e-10 -6.8375e-11 -4.5157e-11 2.6299e-04 3.6914e-04 4.4648e-04 5.0660e-04 5.5378e-04 5.9013e-04 6.1696e-04 6.3517e-04 6.4549e-04 6.4860e-04 6.4513e-04 6.3573e-04 6.2105e-04 6.0176e-04 5.7851e-04 0.0000e+00 5.2280e-04 4.9163e-04 4.5907e-04 4.2569e-04 3.9202e-04 3.5854e-04 3.2567e-04 2.9378e-04 2.6317e-04 2.3410e-04 2.0676e-04 1.8129e-04 1.5779e-04 1.3629e-04 1.1679e-04 9.9273e-05 8.3666e-05 6.9883e-05 5.7819e-05 4.7353e-05 3.8358e-05 3.0699e-05 2.4241e-05 1.8851e-05 1.4402e-05 1.0770e-05 7.8440e-06 5.5177e-06 3.6968e-06 2.2967e-06 1.2424e-06 4.6851e-07 -8.1050e-08 -4.5411e-07 -6.9075e-07 -8.2416e-07 -8.8140e-07 -8.8421e-07 -8.4980e-07 -7.9147e-07 -7.1936e-07 -6.4094e-07 -5.6158e-07 -4.8496e-07 -4.1345e-07 -3.4842e-07 -2.9053e-07 -2.3989e-07 -1.9628e-07 -1.5921e-07 -1.2808e-07 -1.0224e-07 -8.0998e-08 -6.3703e-08 -4.9749e-08 -3.8586e-08 -2.9729e-08 -2.2755e-08 -1.7306e-08 -1.3080e-08 -9.8241e-09 -7.3342e-09 -5.4425e-09 -4.0148e-09 -2.9443e-09 -2.1468e-09 -1.5563e-09 -1.1218e-09 -8.0403e-10 -5.7306e-10 -4.0617e-10 -2.8629e-10 -2.0069e-10 -1.3991e-10 -9.7010e-11 -6.6900e-11 -4.5888e-11 -3.1306e-11 -2.1244e-11 -1.4339e-11 -9.6272e-12 -6.4295e-12 -4.2713e-12 -2.8226e-12
-2.5052e-04 -3.5545e-04 -4.3763e-04 -5.0890e-04 -5.7380e-04 -6.3455e-04 -6.9232e-04 -7.4769e-04 -8.0086e-04 -8.5177e-04 -9.0021e-04 -9.4581e-04 -9.8814e-04 -1.0267e-03 -1.0610e-03 -1.0906e-03 3.4015e-02 -1.1339e-03 -1.1468e-03 -1.1536e-03 -1.1542e-03 -1.1484e-03 -1.1365e-03 -1.1186e-03 -1.0950e-03 -1.0660e-03 -1.0321e-03 -9.9388e-04 -9.5185e-04 -9.0665e-04 -8.5891e-04 -8.0928e-04 -7.5841e-04 -7.0691e-04 -6.5536e-04 -6.0432e-04 -5.5428e-04 -5.0567e-04 -4.5887e-04 -4.1419e-04 -3.7188e-04 -3.3213e-04 -2.9507e-04 -2.6076e-04 -2.2923e-04 -2.0046e-04 -1.7439e-04 -1.5091e-04 -1.2991e-04 -1.1126e-04 -9.4786e-05 -8.0334e-05 -6.7733e-05 -5.6814e-05 -4.7408e-05 -3.9356e-05 -3.2503e-05 -2.6706e-05 -2.1829e-05 -1.7752e-05 -1.4362e-05 -1.1560e-05 -9.2570e-06 -7.3749e-06 -5.8455e-06 -4.6096e-06 -3.6164e-06 -2.8228e-06 -2.1921e-06 -1.6937e-06 -1.3019e-06 -9.9567e-07 -7.5761e-07 -5.7353e-07 -4.3198e-07 -3.2372e-07 -2.4135e-07 -1.7904e-07 -1.3214e-07 -9.7027e-08 -7.0887e-08 -5.1527e-08 -3.7265e-08 -2.6815e-08 -1.9198e-08 -1.3675e-08 -9.6914e-09 -6.8338e-09 -4.7945e-09 -3.3468e-09 -2.3244e-09 -1.6062e-09 -1.1043e-09 -7.5546e-10 -5.1419e-10 -3.4821e-10 -2.3462e-10 -1.5729e-10 -1.0492e-10 -6.9632e-11 2.4962e-04 3.5037e-04 4.2378e-04 4.8084e-04 5.2561e-04 5.6010e-04 5.8555e-04 6.0279e-04 6.1255e-04 6.1543e-04 6.1205e-04 6.0302e-04 5.8895e-04 5.7047e-04 5.4821e-04 5.2280e-04 0.0000e+00 4.6501e-04 4.3382e-04 4.0184e-04 3.6957e-04 3.3748e-04 3.0598e-04 2.7541e-04 2.4609e-04 2.1825e-04 1.9208e-04 1.6771e-04 1.4525e-04 1.2473e-04 1.0616e-04 8.9508e-05 7.4708e-05 6.1680e-05 5.0321e-05 4.0514e-05 3.2133e-05 2.5046e-05 1.9121e-05 1.4227e-05 1.0238e-05 7.0331e-06 4.5011e-06 2.5385e-06 1.0521e-06 -4.1721e-08 -8.1658e-07 -1.3365e-06 -1.6563e-06 -1.8226e-06 -1.8739e-06 -1.8422e-06 -1.7531e-06 -1.6269e-06 -1.4794e-06 -1.3224e-06 -1.1649e-06 -1.0128e-06 -8.7033e-07 -7.3997e-07 -6.2295e-07 -5.1963e-07 -4.2970e-07 -3.5242e-07 -2.8677e-07 -2.3160e-07 -1.8568e-07 -1.4782e-07 -1.1687e-07 -9.1789e-08 -7.1619e-08 -5.5525e-08 -4.2778e-08 -3.2754e-08 -2.4927e-08 -1.8857e-08 -1.4180e-08 -1.0601e-08 -7.8797e-09 -5.8234e-09 -4.2792e-09 -3.1268e-09 -2.2720e-09 -1.6417e-09 -1.1797e-09 -8.4309e-10 -5.9924e-10 -4.2360e-10 -2.9783e-10 -2.0828e-10 -1.4487e-10 -1.0023e-10 -6.8977e-11 -4.7217e-11 -3.2152e-11 -2.1778e-11 -1.4673e-11 -9.8350e-12 -6.5576e-12 -4.3495e-12
