-2.9798e-08 -5.0113e-12 -1.3832e-11 -2.8458e-11 -4.9859e-11 -7.8930e-11 -1.1653e-10 -1.6350e-10 -2.2070e-10 -2.8898e-10 -3.6924e-10 -4.6240e-10 -5.6944e-10 -6.9136e-10 -8.2924e-10 -9.8421e-10 -1.1574e-09 -1.3502e-09 -1.5637e-09 -1.7994e-09 -2.0586e-09 -2.3426e-09 -2.6529e-09 -2.9906e-09 -3.3568e-09 -3.7523e-09 -4.1778e-09 -4.6332e-09 -5.1177e-09 -5.6297e-09 -6.1663e-09 -6.7229e-09 -7.2928e-09 -7.8671e-09 -8.4333e-09 -8.9759e-09 -9.4749e-09 -9.9065e-09 -1.0243e-08 -1.0452e-08 -1.0501e-08 -1.0358e-08 -9.9951e-09 -9.3966e-09 -8.5624e-09 -7.5159e-09 -6.3079e-09 -5.0160e-09 -3.7377e-09 -2.5751e-09 -1.6136e-09 -9.0139e-10 -4.3798e-10 -1.7958e-10 -5.9862e-11 -1.5490e-11 -2.9380e-12 -3.8031e-13 -3.0722e-14 -1.3844e-15 -3.0198e-17 -2.6648e-19 -7.5679e-22 -5.1608e-25 -5.7960e-29 -6.5789e-34 -3.9941e-40 -5.6275e-48 -6.1064e-58 -1.1748e-70 -5.5822e-87 -4.5419e-108 -1.6499e-135 -1.7434e-171 -4.7778e-219 -1.6843e-282 0.0000e+00 0.0000e+00 0.0000e+00 0.0000e+00 0.0000e+00 0.0000e+00 0.0000e+00 0.0000e+00 0.0000e+00 0.0000e+00 0.0000e+00 0.0000e+00 0.0000e+00 0.0000e+00 0.0000e+00 0.0000e+00 0.0000e+00 0.0000e+00 0.0000e+00 0.0000e+00 0.0000e+00 0.0000e+00 0.0000e+00 0.0000e+00 0.0000e+00 5.0113e-12 1.3832e-11 2.8458e-11 4.9859e-11 7.8930e-11 1.1653e-10 1.6350e-10 2.2070e-10 2.8898e-10 3.6924e-10 4.6240e-10 5.6944e-10 6.9136e-10 8.2924e-10 9.8421e-10 1.1574e-09 1.3502e-09 1.5637e-09 1.7994e-09 2.0586e-09 2.3426e-09 2.6529e-09 2.9906e-09 3.3568e-09 3.7523e-09 4.1778e-09 4.6332e-09 5.1177e-09 5.6297e-09 6.1663e-09 6.7229e-09 7.2928e-09 7.8671e-09 8.4333e-09 8.9759e-09 9.4749e-09 9.9065e-09 1.0243e-08 1.0452e-08 1.0501e-08 1.0358e-08 9.9951e-09 9.3966e-09 8.5624e-09 7.5159e-09 6.3079e-09 5.0160e-09 3.7377e-09 2.5751e-09 1.6136e-09 9.0139e-10 4.3798e-10 1.7958e-10 5.9862e-11 1.5490e-11 2.9380e-12 3.8031e-13 3.0722e-14 1.3844e-15 3.0198e-17 2.6648e-19 7.5679e-22 5.1608e-25 5.7960e-29 6.5789e-34 3.9941e-40 5.6275e-48 6.1064e-58 1.1748e-70 5.5822e-87 4.5419e-108 1.6499e-135 1.7434e-171 4.7778e-219 1.6843e-282 0.0000e+00 0.0000e+00 0.0000e+00 0.0000e+00 0.0000e+00 0.0000e+00 0.0000e+00 0.0000e+00 0.0000e+00 0.0000e+00 0.0000e+00 0.0000e+00 0.0000e+00 0.0000e+00 0.0000e+00 0.0000e+00 0.0000e+00 0.0000e+00 0.0000e+00 0.0000e+00 0.0000e+00 0.0000e+00 0.0000e+00 0.0000e+00
-5.0113e-12 3.0248e-10 -7.8320e-11 -1.6114e-10 -2.8232e-10 -4.4693e-10 -6.5983e-10 -9.2580e-10 -1.2497e-09 -1.6363e-09 -2.0908e-09 -2.6183e-09 -3.2244e-09 -3.9147e-09 -4.6954e-09 -5.5729e-09 -6.5538e-09 -7.6452e-09 -8.8544e-09 -1.0189e-08 -1.1657e-08 -1.3265e-08 -1.5021e-08 -1.6933e-08 -1.9007e-08 -2.1247e-08 -2.3656e-08 -2.6235e-08 -2.8978e-08 -3.1877e-08 -3.4916e-08 -3.8067e-08 -4.1295e-08 -4.4546e-08 -4.7752e-08 -5.0824e-08 -5.3650e-08 -5.6094e-08 -5.7997e-08 -5.9181e-08 -5.9459e-08 -5.8648e-08 -5.6595e-08 -5.3206e-08 -4.8483e-08 -4.2558e-08 -3.5717e-08 -2.8402e-08 -2.1164e-08 -1.4581e-08 -9.1368e-09 -5.1040e-09 -2.4800e-09 -1.0169e-09 -3.3896e-10 -8.7710e-11 -1.6636e-11 -2.1534e-12 -1.7396e-13 -7.8387e-15 -1.7099e-16 -1.5089e-18 -4.2852e-21 -2.9222e-24 -3.2819e-28 -3.7252e-33 -2.2616e-39 -3.1865e-47 -3.4576e-57 -6.6523e-70 -3.1608e-86 -2.5718e-107 -9.3423e-135 -9.8717e-171 -2.7054e-218 -9.5369e-282 0.0000e+00 0.0000e+00 0.0000e+00 0.0000e+00 0.0000e+00 0.0000e+00 0.0000e+00 0.0000e+00 0.0000e+00 0.0000e+00 0.0000e+00 0.0000e+00 0.0000e+00 0.0000e+00 0.0000e+00 0.0000e+00 0.0000e+00 0.0000e+00 0.0000e+00 0.0000e+00 0.0000e+00 0.0000e+00 0.0000e+00 0.0000e+00 5.0113e-12 0.0000e+00 7.8320e-11 1.6114e-10 2.8232e-10 4.4693e-10 6.5983e-10 9.2580e-10 1.2497e-09 1.6363e-09 2.0908e-09 2.6183e-09 3.2244e-09 3.9147e-09 4.6954e-09 5.5729e-09 6.5538e-09 7.6452e-09 8.8544e-09 1.0189e-08 1.1657e-08 1.3265e-08 1.5021e-08 1.6933e-08 1.9007e-08 2.1247e-08 2.3656e-08 2.6235e-08 2.8978e-08 3.1877e-08 3.4916e-08 3.8067e-08 4.1295e-08 4.4546e-08 4.7752e-08 5.0824e-08 5.3650e-08 5.6094e-08 5.7997e-08 5.9181e-08 5.9459e-08 5.8648e-08 5.6595e-08 5.3206e-08 4.8483e-08 4.2558e-08 3.5717e-08 2.8402e-08 2.1164e-08 1.4581e-08 9.1368e-09 5.1040e-09 2.4800e-09 1.0169e-09 3.3896e-10 8.7710e-11 1.6636e-11 2.1534e-12 1.7396e-13 7.8387e-15 1.7099e-16 1.5089e-18 4.2852e-21 2.9222e-24 3.2819e-28 3.7252e-33 2.2616e-39 3.1865e-47 3.4576e-57 6.6522e-70 3.1608e-86 2.5718e-107 9.3422e-135 9.8717e-171 2.7054e-218 9.5369e-282 0.0000e+00 0.0000e+00 0.0000e+00 0.0000e+00 0.0000e+00 0.0000e+00 0.0000e+00 0.0000e+00 0.0000e+00 0.0000e+00 0.0000e+00 0.0000e+00 0.0000e+00 0.0000e+00 0.0000e+00 0.0000e+00 0.0000e+00 0.0000e+00 0.0000e+00 0.0000e+00 0.0000e+00 0.0000e+00 0.0000e+00 0.0000e+00
-1.3832e-11 -7.8320e-11 3.4537e-09 -4.4476e-10 -7.7923e-10 -1.2336e-09 -1.8212e-09 -2.5553e-09 -3.4492e-09 -4.5164e-09 -5.7708e-09 -7.2268e-09 -8.8996e-09 -1.0805e-08 -1.2960e-08 -1.5382e-08 -1.8089e-08 -2.1102e-08 -2.4439e-08 -2.8123e-08 -3.2173e-08 -3.6613e-08 -4.1461e-08 -4.6739e-08 -5.2462e-08 -5.8644e-08 -6.5294e-08 -7.2411e-08 -7.9983e-08 -8.7986e-08 -9.6372e-08 -1.0507e-07 -1.1398e-07 -1.2295e-07 -1.3180e-07 -1.4028e-07 -1.4808e-07 -1.5483e-07 -1.6008e-07 -1.6335e-07 -1.6411e-07 -1.6188e-07 -1.5621e-07 -1.4686e-07 -1.3382e-07 -1.1746e-07 -9.8584e-08 -7.8393e-08 -5.8415e-08 -4.0245e-08 -2.5219e-08 -1.4088e-08 -6.8450e-09 -2.8067e-09 -9.3557e-10 -2.4209e-10 -4.5918e-11 -5.9437e-12 -4.8015e-13 -2.1636e-14 -4.7196e-16 -4.1648e-18 -1.1828e-20 -8.0656e-24 -9.0585e-28 -1.0282e-32 -6.2422e-39 -8.7952e-47 -9.5435e-57 -1.8361e-69 -8.7243e-86 -7.0986e-107 -2.5786e-134 -2.7248e-170 -7.4674e-218 -2.6324e-281 0.0000e+00 0.0000e+00 0.0000e+00 0.0000e+00 0.0000e+00 0.0000e+00 0.0000e+00 0.0000e+00 0.0000e+00 0.0000e+00 0.0000e+00 0.0000e+00 0.0000e+00 0.0000e+00 0.0000e+00 0.0000e+00 0.0000e+00 0.0000e+00 0.0000e+00 0.0000e+00 0.0000e+00 0.0000e+00 0.0000e+00 0.0000e+00 1.3832e-11 7.8320e-11 0.0000e+00 4.4476e-10 7.7923e-10 1.2336e-09 1.8212e-09 2.5553e-09 3.4492e-09 4.5164e-09 5.7708e-09 7.2268e-09 8.8996e-09 1.0805e-08 1.2960e-08 1.5382e-08 1.8089e-08 2.1102e-08 2.4439e-08 2.8123e-08 3.2173e-08 3.6613e-08 4.1461e-08 4.6739e-08 5.2462e-08 5.8644e-08 6.5294e-08 7.2411e-08 7.9983e-08 8.7986e-08 9.6372e-08 1.0507e-07 1.1398e-07 1.2295e-07 1.3180e-07 1.4028e-07 1.4808e-07 1.5483e-07 1.6008e-07 1.6335e-07 1.6411e-07 1.6188e-07 1.5621e-07 1.4686e-07 1.3382e-07 1.1746e-07 9.8584e-08 7.8393e-08 5.8415e-08 4.0245e-08 2.5219e-08 1.4088e-08 6.8450e-09 2.8067e-09 9.3557e-10 2.4209e-10 4.5918e-11 5.9437e-12 4.8015e-13 2.1636e-14 4.7196e-16 4.1648e-18 1.1828e-20 8.0656e-24 9.0584e-28 1.0282e-32 6.2422e-39 8.7951e-47 9.5435e-57 1.8361e-69 8.7242e-86 7.0985e-107 2.5786e-134 2.7247e-170 7.4672e-218 2.6323e-281 0.0000e+00 0.0000e+00 0.0000e+00 0.0000e+00 0.0000e+00 0.0000e+00 0.0000e+00 0.0000e+00 0.0000e+00 0.0000e+00 0.0000e+00 0.0000e+00 0.0000e+00 0.0000e+00 0.0000e+00 0.0000e+00 0.0000e+00 0.0000e+00 0.0000e+00 0.0000e+00 0.0000e+00 0.0000e+00 0.0000e+00 0.0000e+00
-2.8458e-11 -1.6114e-10 -4.4476e-10 1.9660e-08 -1.6032e-09 -2.5380e-09 -3.7470e-09 -5.2575e-09 -7.0966e-09 -9.2923e-09 -1.1873e-08 -1.4869e-08 -1.8310e-08 -2.2231e-08 -2.6665e-08 -3.1648e-08 -3.7218e-08 -4.3416e-08 -5.0282e-08 -5.7861e-08 -6.6195e-08 -7.5329e-08 -8.5304e-08 -9.6162e-08 -1.0794e-07 -1.2066e-07 -1.3434e-07 -1.4898e-07 -1.6456e-07 -1.8103e-07 -1.9828e-07 -2.1618e-07 -2.3450e-07 -2.5297e-07 -2.7118e-07 -2.8862e-07 -3.0467e-07 -3.1855e-07 -3.2935e-07 -3.3608e-07 -3.3766e-07 -3.3305e-07 -3.2139e-07 -3.0215e-07 -2.7533e-07 -2.4168e-07 -2.0283e-07 -1.6129e-07 -1.2019e-07 -8.2803e-08 -5.1886e-08 -2.8985e-08 -1.4083e-08 -5.7746e-09 -1.9249e-09 -4.9809e-10 -9.4474e-11 -1.2229e-11 -9.8790e-13 -4.4515e-14 -9.7105e-16 -8.5690e-18 -2.4335e-20 -1.6595e-23 -1.8638e-27 -2.1155e-32 -1.2843e-38 -1.8096e-46 -1.9636e-56 -3.7779e-69 -1.7951e-85 -1.4606e-106 -5.3058e-134 -5.6067e-170 -1.5366e-217 -5.4170e-281 0.0000e+00 0.0000e+00 0.0000e+00 0.0000e+00 0.0000e+00 0.0000e+00 0.0000e+00 0.0000e+00 0.0000e+00 0.0000e+00 0.0000e+00 0.0000e+00 0.0000e+00 0.0000e+00 0.0000e+00 0.0000e+00 0.0000e+00 0.0000e+00 0.0000e+00 0.0000e+00 0.0000e+00 0.0000e+00 0.0000e+00 0.0000e+00 2.8458e-11 1.6114e-10 4.4476e-10 0.0000e+00 1.6032e-09 2.5380e-09 3.7470e-09 5.2575e-09 7.0966e-09 9.2923e-09 1.1873e-08 1.4869e-08 1.8310e-08 2.2231e-08 2.6665e-08 3.1648e-08 3.7218e-08 4.3416e-08 5.0282e-08 5.7861e-08 6.6195e-08 7.5329e-08 8.5304e-08 9.6162e-08 1.0794e-07 1.2066e-07 1.3434e-07 1.4898e-07 1.6456e-07 1.8103e-07 1.9828e-07 2.1618e-07 2.3450e-07 2.5297e-07 2.7118e-07 2.8862e-07 3.0467e-07 3.1855e-07 3.2935e-07 3.3608e-07 3.3766e-07 3.3305e-07 3.2139e-07 3.0215e-07 2.7533e-07 2.4168e-07 2.0283e-07 1.6129e-07 1.2019e-07 8.2803e-08 5.1886e-08 2.8985e-08 1.4083e-08 5.7746e-09 1.9249e-09 4.9809e-10 9.4474e-11 1.2229e-11 9.8789e-13 4.4515e-14 9.7104e-16 8.5689e-18 2.4335e-20 1.6595e-23 1.8637e-27 2.1155e-32 1.2843e-38 1.8096e-46 1.9635e-56 3.7777e-69 1.7950e-85 1.4605e-106 5.3053e-134 5.6060e-170 1.5363e-217 5.4158e-281 0.0000e+00 0.0000e+00 0.0000e+00 0.0000e+00 0.0000e+00 0.0000e+00 0.0000e+00 0.0000e+00 0.0000e+00 0.0000e+00 0.0000e+00 0.0000e+00 0.0000e+00 0.0000e+00 0.0000e+00 0.0000e+00 0.0000e+00 0.0000e+00 0.0000e+00 0.0000e+00 0.0000e+00 0.0000e+00 0.0000e+00 0.0000e+00
-4.9859e-11 -2.8232e-10 -7.7923e-10 -1.6032e-09 7.5342e-08 -4.4466e-09 -6.5648e-09 -9.2112e-09 -1.2433e-08 -1.6280e-08 -2.0802e-08 -2.6050e-08 -3.2080e-08 -3.8949e-08 -4.6717e-08 -5.5447e-08 -6.5206e-08 -7.6065e-08 -8.8096e-08 -1.0137e-07 -1.1597e-07 -1.3198e-07 -1.4945e-07 -1.6848e-07 -1.8911e-07 -2.1139e-07 -2.3536e-07 -2.6102e-07 -2.8831e-07 -3.1716e-07 -3.4739e-07 -3.7874e-07 -4.1085e-07 -4.4320e-07 -4.7511e-07 -5.0567e-07 -5.3379e-07 -5.5810e-07 -5.7703e-07 -5.8882e-07 -5.9158e-07 -5.8351e-07 -5.6309e-07 -5.2937e-07 -4.8238e-07 -4.2342e-07 -3.5537e-07 -2.8258e-07 -2.1057e-07 -1.4507e-07 -9.0906e-08 -5.0782e-08 -2.4674e-08 -1.0117e-08 -3.3725e-09 -8.7267e-10 -1.6552e-10 -2.1426e-11 -1.7308e-12 -7.7992e-14 -1.7013e-15 -1.5013e-17 -4.2637e-20 -2.9075e-23 -3.2655e-27 -3.7066e-32 -2.2503e-38 -3.1708e-46 -3.4407e-56 -6.6199e-69 -3.1456e-85 -2.5596e-106 -9.2986e-134 -9.8267e-170 -2.6934e-217 -9.4967e-281 0.0000e+00 0.0000e+00 0.0000e+00 0.0000e+00 0.0000e+00 0.0000e+00 0.0000e+00 0.0000e+00 0.0000e+00 0.0000e+00 0.0000e+00 0.0000e+00 0.0000e+00 0.0000e+00 0.0000e+00 0.0000e+00 0.0000e+00 0.0000e+00 0.0000e+00 0.0000e+00 0.0000e+00 0.0000e+00 0.0000e+00 0.0000e+00 4.9859e-11 2.8232e-10 7.7923e-10 1.6032e-09 0.0000e+00 4.4466e-09 6.5648e-09 9.2112e-09 1.2433e-08 1.6280e-08 2.0802e-08 2.6050e-08 3.2080e-08 3.8949e-08 4.6717e-08 5.5447e-08 6.5206e-08 7.6065e-08 8.8096e-08 1.0137e-07 1.1597e-07 1.3198e-07 1.4945e-07 1.6848e-07 1.8911e-07 2.1139e-07 2.3536e-07 2.6102e-07 2.8831e-07 3.1716e-07 3.4739e-07 3.7874e-07 4.1085e-07 4.4320e-07 4.7511e-07 5.0567e-07 5.3378e-07 5.5810e-07 5.7703e-07 5.8882e-07 5.9158e-07 5.8351e-07 5.6309e-07 5.2937e-07 4.8238e-07 4.2342e-07 3.5536e-07 2.8258e-07 2.1057e-07 1.4507e-07 9.0906e-08 5.0782e-08 2.4674e-08 1.0117e-08 3.3724e-09 8.7266e-10 1.6552e-10 2.1425e-11 1.7308e-12 7.7990e-14 1.7013e-15 1.5013e-17 4.2635e-20 2.9074e-23 3.2653e-27 3.7063e-32 2.2501e-38 3.1704e-46 3.4401e-56 6.6186e-69 3.1448e-85 2.5588e-106 9.2949e-134 9.8217e-170 2.6917e-217 9.4886e-281 0.0000e+00 0.0000e+00 0.0000e+00 0.0000e+00 0.0000e+00 0.0000e+00 0.0000e+00 0.0000e+00 0.0000e+00 0.0000e+00 0.0000e+00 0.0000e+00 0.0000e+00 0.0000e+00 0.0000e+00 0.0000e+00 0.0000e+00 0.0000e+00 0.0000e+00 0.0000e+00 0.0000e+00 0.0000e+00 0.0000e+00 0.0000e+00
-7.8930e-11 -4.4693e-10 -1.2336e-09 -2.5380e-09 -4.4466e-09 2.2618e-07 -1.0393e-08 -1.4582e-08 -1.9683e-08 -2.5773e-08 -3.2931e-08 -4.1239e-08 -5.0785e-08 -6.1659e-08 -7.3955e-08 -8.7776e-08 -1.0323e-07 -1.2042e-07 -1.3946e-07 -1.6048e-07 -1.8360e-07 -2.0893e-07 -2.3660e-07 -2.6671e-07 -2.9937e-07 -3.3465e-07 -3.7260e-07 -4.1321e-07 -4.5642e-07 -5.0208e-07 -5.4994e-07 -5.9958e-07 -6.5041e-07 -7.0162e-07 -7.5212e-07 -8.0051e-07 -8.4502e-07 -8.8351e-07 -9.1348e-07 -9.3213e-07 -9.3651e-07 -9.2374e-07 -8.9141e-07 -8.3803e-07 -7.6364e-07 -6.7031e-07 -5.6257e-07 -4.4735e-07 -3.3335e-07 -2.2966e-07 -1.4391e-07 -8.0392e-08 -3.9061e-08 -1.6016e-08 -5.3389e-09 -1.3815e-09 -2.6204e-10 -3.3919e-11 -2.7401e-12 -1.2347e-13 -2.6935e-15 -2.3769e-17 -6.7503e-20 -4.6033e-23 -5.1702e-27 -5.8688e-32 -3.5632e-38 -5.0208e-46 -5.4485e-56 -1.0484e-68 -4.9821e-85 -4.0545e-106 -1.4732e-133 -1.5572e-169 -4.2695e-217 -1.5060e-280 0.0000e+00 0.0000e+00 0.0000e+00 0.0000e+00 0.0000e+00 0.0000e+00 0.0000e+00 0.0000e+00 0.0000e+00 0.0000e+00 0.0000e+00 0.0000e+00 0.0000e+00 0.0000e+00 0.0000e+00 0.0000e+00 0.0000e+00 0.0000e+00 0.0000e+00 0.0000e+00 0.0000e+00 0.0000e+00 0.0000e+00 0.0000e+00 7.8930e-11 4.4693e-10 1.2336e-09 2.5380e-09 4.4466e-09 0.0000e+00 1.0393e-08 1.4582e-08 1.9683e-08 2.5773e-08 3.2931e-08 4.1239e-08 5.0785e-08 6.1659e-08 7.3955e-08 8.7776e-08 1.0323e-07 1.2042e-07 1.3946e-07 1.6048e-07 1.8360e-07 2.0893e-07 2.3660e-07 2.6671e-07 2.9937e-07 3.3465e-07 3.7260e-07 4.1321e-07 4.5642e-07 5.0208e-07 5.4994e-07 5.9958e-07 6.5041e-07 7.0162e-07 7.5212e-07 8.0051e-07 8.4501e-07 8.8351e-07 9.1348e-07 9.3213e-07 9.3651e-07 9.2374e-07 8.9140e-07 8.3803e-07 7.6363e-07 6.7030e-07 5.6256e-07 4.4735e-07 3.3334e-07 2.2966e-07 1.4391e-07 8.0390e-08 3.9061e-08 1.6016e-08 5.3388e-09 1.3815e-09 2.6203e-10 3.3918e-11 2.7400e-12 1.2346e-13 2.6932e-15 2.3766e-17 6.7494e-20 4.6026e-23 5.1691e-27 5.8674e-32 3.5621e-38 5.0189e-46 5.4459e-56 1.0478e-68 4.9784e-85 4.0507e-106 1.4714e-133 1.5548e-169 4.2611e-217 1.5021e-280 0.0000e+00 0.0000e+00 0.0000e+00 0.0000e+00 0.0000e+00 0.0000e+00 0.0000e+00 0.0000e+00 0.0000e+00 0.0000e+00 0.0000e+00 0.0000e+00 0.0000e+00 0.0000e+00 0.0000e+00 0.0000e+00 0.0000e+00 0.0000e+00 0.0000e+00 0.0000e+00 0.0000e+00 0.0000e+00 0.0000e+00 0.0000e+00
-1.1653e-10 -6.5983e-10 -1.8212e-09 -3.7470e-09 -6.5648e-09 -1.0393e-08 5.7396e-07 -2.1528e-08 -2.9059e-08 -3.8050e-08 -4.8618e-08 -6.0884e-08 -7.4977e-08 -9.1031e-08 -1.0919e-07 -1.2959e-07 -1.5240e-07 -1.7778e-07 -2.0590e-07 -2.3693e-07 -2.7105e-07 -3.0845e-07 -3.4930e-07 -3.9376e-07 -4.4198e-07 -4.9407e-07 -5.5009e-07 -6.1005e-07 -6.7384e-07 -7.4126e-07 -8.1191e-07 -8.8519e-07 -9.6024e-07 -1.0358e-06 -1.1104e-06 -1.1818e-06 -1.2476e-06 -1.3044e-06 -1.3486e-06 -1.3762e-06 -1.3826e-06 -1.3638e-06 -1.3160e-06 -1.2372e-06 -1.1274e-06 -9.8963e-07 -8.3056e-07 -6.6046e-07 -4.9215e-07 -3.3907e-07 -2.1247e-07 -1.1869e-07 -5.7671e-08 -2.3647e-08 -7.8826e-09 -2.0397e-09 -3.8689e-10 -5.0081e-11 -4.0458e-12 -1.8231e-13 -3.9771e-15 -3.5097e-17 -9.9679e-20 -6.7979e-23 -7.6354e-27 -8.6678e-32 -5.2630e-38 -7.4168e-46 -8.0498e-56 -1.5492e-68 -7.3638e-85 -5.9946e-106 -2.1790e-133 -2.3044e-169 -6.3224e-217 -2.2321e-280 0.0000e+00 0.0000e+00 0.0000e+00 0.0000e+00 0.0000e+00 0.0000e+00 0.0000e+00 0.0000e+00 0.0000e+00 0.0000e+00 0.0000e+00 0.0000e+00 0.0000e+00 0.0000e+00 0.0000e+00 0.0000e+00 0.0000e+00 0.0000e+00 0.0000e+00 0.0000e+00 0.0000e+00 0.0000e+00 0.0000e+00 0.0000e+00 1.1653e-10 6.5983e-10 1.8212e-09 3.7470e-09 6.5648e-09 1.0393e-08 0.0000e+00 2.1528e-08 2.9059e-08 3.8050e-08 4.8618e-08 6.0884e-08 7.4977e-08 9.1031e-08 1.0919e-07 1.2959e-07 1.5240e-07 1.7778e-07 2.0590e-07 2.3693e-07 2.7105e-07 3.0845e-07 3.4930e-07 3.9376e-07 4.4198e-07 4.9407e-07 5.5009e-07 6.1005e-07 6.7384e-07 7.4126e-07 8.1191e-07 8.8519e-07 9.6024e-07 1.0358e-06 1.1104e-06 1.1818e-06 1.2476e-06 1.3044e-06 1.3486e-06 1.3762e-06 1.3826e-06 1.3638e-06 1.3160e-06 1.2372e-06 1.1274e-06 9.8962e-07 8.3055e-07 6.6045e-07 4.9214e-07 3.3906e-07 2.1246e-07 1.1869e-07 5.7668e-08 2.3646e-08 7.8820e-09 2.0396e-09 3.8685e-10 5.0075e-11 4.0452e-12 1.8228e-13 3.9762e-15 3.5088e-17 9.9646e-20 6.7951e-23 7.6315e-27 8.6624e-32 5.2589e-38 7.4097e-46 8.0402e-56 1.5469e-68 7.3500e-85 5.9803e-106 2.1724e-133 2.2955e-169 6.2909e-217 2.2177e-280 0.0000e+00 0.0000e+00 0.0000e+00 0.0000e+00 0.0000e+00 0.0000e+00 0.0000e+00 0.0000e+00 0.0000e+00 0.0000e+00 0.0000e+00 0.0000e+00 0.0000e+00 0.0000e+00 0.0000e+00 0.0000e+00 0.0000e+00 0.0000e+00 0.0000e+00 0.0000e+00 0.0000e+00 0.0000e+00 0.0000e+00 0.0000e+00
-1.6350e-10 -9.2580e-10 -2.5553e-09 -5.2575e-09 -9.2112e-09 -1.4582e-08 -2.1528e-08 1.2883e-06 -4.0773e-08 -5.3388e-08 -6.8215e-08 -8.5427e-08 -1.0520e-07 -1.2773e-07 -1.5320e-07 -1.8183e-07 -2.1383e-07 -2.4944e-07 -2.8889e-07 -3.3243e-07 -3.8032e-07 -4.3279e-07 -4.9011e-07 -5.5249e-07 -6.2014e-07 -6.9323e-07 -7.7183e-07 -8.5596e-07 -9.4547e-07 -1.0401e-06 -1.1392e-06 -1.2420e-06 -1.3473e-06 -1.4534e-06 -1.5580e-06 -1.6583e-06 -1.7505e-06 -1.8302e-06 -1.8923e-06 -1.9309e-06 -1.9400e-06 -1.9135e-06 -1.8466e-06 -1.7360e-06 -1.5819e-06 -1.3886e-06 -1.1654e-06 -9.2671e-07 -6.9055e-07 -4.7576e-07 -2.9813e-07 -1.6654e-07 -8.0923e-08 -3.3182e-08 -1.1061e-08 -2.8623e-09 -5.4292e-10 -7.0280e-11 -5.6778e-12 -2.5586e-13 -5.5818e-15 -4.9262e-17 -1.3992e-19 -9.5431e-23 -1.0720e-26 -1.2171e-31 -7.3916e-38 -1.0419e-45 -1.1311e-55 -2.1777e-68 -1.0356e-84 -8.4358e-106 -3.0688e-133 -3.2489e-169 -8.9260e-217 -3.1571e-280 0.0000e+00 0.0000e+00 0.0000e+00 0.0000e+00 0.0000e+00 0.0000e+00 0.0000e+00 0.0000e+00 0.0000e+00 0.0000e+00 0.0000e+00 0.0000e+00 0.0000e+00 0.0000e+00 0.0000e+00 0.0000e+00 0.0000e+00 0.0000e+00 0.0000e+00 0.0000e+00 0.0000e+00 0.0000e+00 0.0000e+00 0.0000e+00 1.6350e-10 9.2580e-10 2.5553e-09 5.2575e-09 9.2112e-09 1.4582e-08 2.1528e-08 0.0000e+00 4.0773e-08 5.3388e-08 6.8215e-08 8.5427e-08 1.0520e-07 1.2773e-07 1.5320e-07 1.8183e-07 2.1383e-07 2.4944e-07 2.8889e-07 3.3243e-07 3.8032e-07 4.3279e-07 4.9011e-07 5.5249e-07 6.2014e-07 6.9323e-07 7.7183e-07 8.5596e-07 9.4547e-07 1.0401e-06 1.1392e-06 1.2420e-06 1.3473e-06 1.4534e-06 1.5580e-06 1.6582e-06 1.7504e-06 1.8302e-06 1.8923e-06 1.9309e-06 1.9400e-06 1.9135e-06 1.8465e-06 1.7360e-06 1.5819e-06 1.3885e-06 1.1654e-06 9.2667e-07 6.9052e-07 4.7573e-07 2.9811e-07 1.6653e-07 8.0914e-08 3.3177e-08 1.1059e-08 2.8617e-09 5.4279e-10 7.0260e-11 5.6758e-12 2.5575e-13 5.5790e-15 4.9232e-17 1.3981e-19 9.5342e-23 1.0708e-26 1.2154e-31 7.3788e-38 1.0397e-45 1.1281e-55 2.1704e-68 1.0313e-84 8.3910e-106 3.0481e-133 3.2208e-169 8.8268e-217 3.1116e-280 0.0000e+00 0.0000e+00 0.0000e+00 0.0000e+00 0.0000e+00 0.0000e+00 0.0000e+00 0.0000e+00 0.0000e+00 0.0000e+00 0.0000e+00 0.0000e+00 0.0000e+00 0.0000e+00 0.0000e+00 0.0000e+00 0.0000e+00 0.0000e+00 0.0000e+00 0.0000e+00 0.0000e+00 0.0000e+00 0.0000e+00 0.0000e+00
-2.2070e-10 -1.2497e-09 -3.4492e-09 -7.0966e-09 -1.2433e-08 -1.9683e-08 -2.9059e-08 -4.0773e-08 2.6334e-06 -7.2064e-08 -9.2078e-08 -1.1531e-07 -1.4200e-07 -1.7241e-07 -2.0679e-07 -2.4543e-07 -2.8863e-07 -3.3670e-07 -3.8995e-07 -4.4873e-07 -5.1336e-07 -5.8419e-07 -6.6155e-07 -7.4576e-07 -8.3708e-07 -9.3573e-07 -1.0418e-06 -1.1554e-06 -1.2762e-06 -1.4039e-06 -1.5377e-06 -1.6765e-06 -1.8186e-06 -1.9618e-06 -2.1031e-06 -2.2383e-06 -2.3628e-06 -2.4704e-06 -2.5543e-06 -2.6064e-06 -2.6187e-06 -2.5830e-06 -2.4926e-06 -2.3433e-06 -2.1353e-06 -1.8744e-06 -1.5731e-06 -1.2510e-06 -9.3217e-07 -6.4224e-07 -4.0245e-07 -2.2482e-07 -1.0924e-07 -4.4795e-08 -1.4933e-08 -3.8643e-09 -7.3302e-10 -9.4893e-11 -7.6667e-12 -3.4551e-13 -7.5384e-15 -6.6538e-17 -1.8901e-19 -1.2894e-22 -1.4487e-26 -1.6453e-31 -9.9953e-38 -1.4095e-45 -1.5311e-55 -2.9498e-68 -1.4041e-84 -1.1450e-105 -4.1716e-133 -4.4251e-169 -1.2189e-216 -4.3258e-280 0.0000e+00 0.0000e+00 0.0000e+00 0.0000e+00 0.0000e+00 0.0000e+00 0.0000e+00 0.0000e+00 0.0000e+00 0.0000e+00 0.0000e+00 0.0000e+00 0.0000e+00 0.0000e+00 0.0000e+00 0.0000e+00 0.0000e+00 0.0000e+00 0.0000e+00 0.0000e+00 0.0000e+00 0.0000e+00 0.0000e+00 0.0000e+00 2.2070e-10 1.2497e-09 3.4492e-09 7.0966e-09 1.2433e-08 1.9683e-08 2.9059e-08 4.0773e-08 0.0000e+00 7.2064e-08 9.2078e-08 1.1531e-07 1.4200e-07 1.7241e-07 2.0679e-07 2.4543e-07 2.8863e-07 3.3670e-07 3.8995e-07 4.4873e-07 5.1336e-07 5.8419e-07 6.6155e-07 7.4576e-07 8.3708e-07 9.3573e-07 1.0418e-06 1.1554e-06 1.2762e-06 1.4039e-06 1.5377e-06 1.6765e-06 1.8186e-06 1.9618e-06 2.1030e-06 2.2383e-06 2.3628e-06 2.4704e-06 2.5542e-06 2.6064e-06 2.6186e-06 2.5829e-06 2.4925e-06 2.3432e-06 2.1352e-06 1.8743e-06 1.5730e-06 1.2508e-06 9.3207e-07 6.4215e-07 4.0239e-07 2.2478e-07 1.0922e-07 4.4783e-08 1.4928e-08 3.8628e-09 7.3267e-10 9.4838e-11 7.6613e-12 3.4522e-13 7.5306e-15 6.6454e-17 1.8872e-19 1.2869e-22 1.4454e-26 1.6406e-31 9.9601e-38 1.4034e-45 1.5228e-55 2.9297e-68 1.3920e-84 1.1326e-105 4.1144e-133 4.3475e-169 1.1915e-216 4.2001e-280 0.0000e+00 0.0000e+00 0.0000e+00 0.0000e+00 0.0000e+00 0.0000e+00 0.0000e+00 0.0000e+00 0.0000e+00 0.0000e+00 0.0000e+00 0.0000e+00 0.0000e+00 0.0000e+00 0.0000e+00 0.0000e+00 0.0000e+00 0.0000e+00 0.0000e+00 0.0000e+00 0.0000e+00 0.0000e+00 0.0000e+00 0.0000e+00
-2.8898e-10 -1.6363e-09 -4.5164e-09 -9.2923e-09 -1.6280e-08 -2.5773e-08 -3.8050e-08 -5.3388e-08 -7.2064e-08 5.0015e-06 -1.2057e-07 -1.5099e-07 -1.8594e-07 -2.2575e-07 -2.7077e-07 -3.2137e-07 -3.7794e-07 -4.4087e-07 -5.1060e-07 -5.8756e-07 -6.7219e-07 -7.6494e-07 -8.6624e-07 -9.7649e-07 -1.0961e-06 -1.2252e-06 -1.3642e-06 -1.5129e-06 -1.6711e-06 -1.8383e-06 -2.0135e-06 -2.1952e-06 -2.3813e-06 -2.5688e-06 -2.7537e-06 -2.9309e-06 -3.0939e-06 -3.2348e-06 -3.3446e-06 -3.4129e-06 -3.4289e-06 -3.3822e-06 -3.2639e-06 -3.0685e-06 -2.7961e-06 -2.4544e-06 -2.0600e-06 -1.6381e-06 -1.2207e-06 -8.4104e-07 -5.2704e-07 -2.9443e-07 -1.4307e-07 -5.8669e-08 -1.9559e-08 -5.0617e-09 -9.6022e-10 -1.2432e-10 -1.0045e-11 -4.5276e-13 -9.8800e-15 -8.7223e-17 -2.4784e-19 -1.6912e-22 -1.9009e-26 -2.1599e-31 -1.3129e-37 -1.8529e-45 -2.0147e-55 -3.8862e-68 -1.8527e-84 -1.5139e-105 -5.5300e-133 -5.8859e-169 -1.6285e-216 -5.8135e-280 0.0000e+00 0.0000e+00 0.0000e+00 0.0000e+00 0.0000e+00 0.0000e+00 0.0000e+00 0.0000e+00 0.0000e+00 0.0000e+00 0.0000e+00 0.0000e+00 0.0000e+00 0.0000e+00 0.0000e+00 0.0000e+00 0.0000e+00 0.0000e+00 0.0000e+00 0.0000e+00 0.0000e+00 0.0000e+00 0.0000e+00 0.0000e+00 2.8898e-10 1.6363e-09 4.5164e-09 9.2923e-09 1.6280e-08 2.5773e-08 3.8050e-08 5.3388e-08 7.2064e-08 0.0000e+00 1.2057e-07 1.5099e-07 1.8594e-07 2.2575e-07 2.7077e-07 3.2137e-07 3.7794e-07 4.4087e-07 5.1060e-07 5.8756e-07 6.7219e-07 7.6494e-07 8.6624e-07 9.7649e-07 1.0961e-06 1.2252e-06 1.3642e-06 1.5129e-06 1.6711e-06 1.8383e-06 2.0135e-06 2.1952e-06 2.3813e-06 2.5688e-06 2.7537e-06 2.9309e-06 3.0938e-06 3.2347e-06 3.3445e-06 3.4128e-06 3.4288e-06 3.3820e-06 3.2636e-06 3.0682e-06 2.7958e-06 2.4542e-06 2.0597e-06 1.6378e-06 1.2204e-06 8.4083e-07 5.2689e-07 2.9433e-07 1.4301e-07 5.8639e-08 1.9547e-08 5.0579e-09 9.5935e-10 1.2418e-10 1.0032e-11 4.5203e-13 9.8606e-15 8.7014e-17 2.4711e-19 1.6851e-22 1.8925e-26 2.1482e-31 1.3042e-37 1.8375e-45 1.9939e-55 3.8361e-68 1.8227e-84 1.4831e-105 5.3873e-133 5.6926e-169 1.5601e-216 5.4994e-280 0.0000e+00 0.0000e+00 0.0000e+00 0.0000e+00 0.0000e+00 0.0000e+00 0.0000e+00 0.0000e+00 0.0000e+00 0.0000e+00 0.0000e+00 0.0000e+00 0.0000e+00 0.0000e+00 0.0000e+00 0.0000e+00 0.0000e+00 0.0000e+00 0.0000e+00 0.0000e+00 0.0000e+00 0.0000e+00 0.0000e+00 0.0000e+00
-3.6924e-10 -2.0908e-09 -5.7708e-09 -1.1873e-08 -2.0802e-08 -3.2931e-08 -4.8618e-08 -6.8215e-08 -9.2078e-08 -1.2057e-07 8.9520e-06 -1.9292e-07 -2.3758e-07 -2.8845e-07 -3.4597e-07 -4.1063e-07 -4.8290e-07 -5.6332e-07 -6.5241e-07 -7.5074e-07 -8.5888e-07 -9.7739e-07 -1.1068e-06 -1.2477e-06 -1.4005e-06 -1.5655e-06 -1.7431e-06 -1.9330e-06 -2.1352e-06 -2.3488e-06 -2.5727e-06 -2.8049e-06 -3.0427e-06 -3.2823e-06 -3.5186e-06 -3.7450e-06 -3.9532e-06 -4.1333e-06 -4.2736e-06 -4.3609e-06 -4.3814e-06 -4.3218e-06 -4.1706e-06 -3.9209e-06 -3.5730e-06 -3.1364e-06 -2.6324e-06 -2.0934e-06 -1.5600e-06 -1.0748e-06 -6.7358e-07 -3.7631e-07 -1.8287e-07 -7.4994e-08 -2.5003e-08 -6.4713e-09 -1.2278e-09 -1.5898e-10 -1.2848e-11 -5.7925e-13 -1.2644e-14 -1.1166e-16 -3.1740e-19 -2.1670e-22 -2.4373e-26 -2.7716e-31 -1.6865e-37 -2.3830e-45 -2.5952e-55 -5.0162e-68 -2.3976e-84 -1.9657e-105 -7.2108e-133 -7.7174e-169 -2.1506e-216 -7.7499e-280 0.0000e+00 0.0000e+00 0.0000e+00 0.0000e+00 0.0000e+00 0.0000e+00 0.0000e+00 0.0000e+00 0.0000e+00 0.0000e+00 0.0000e+00 0.0000e+00 0.0000e+00 0.0000e+00 0.0000e+00 0.0000e+00 0.0000e+00 0.0000e+00 0.0000e+00 0.0000e+00 0.0000e+00 0.0000e+00 0.0000e+00 0.0000e+00 3.6924e-10 2.0908e-09 5.7708e-09 1.1873e-08 2.0802e-08 3.2931e-08 4.8618e-08 6.8215e-08 9.2078e-08 1.2057e-07 0.0000e+00 1.9292e-07 2.3758e-07 2.8845e-07 3.4597e-07 4.1063e-07 4.8290e-07 5.6332e-07 6.5241e-07 7.5074e-07 8.5888e-07 9.7739e-07 1.1068e-06 1.2477e-06 1.4005e-06 1.5655e-06 1.7430e-06 1.9330e-06 2.1352e-06 2.3488e-06 2.5727e-06 2.8049e-06 3.0427e-06 3.2822e-06 3.5185e-06 3.7449e-06 3.9531e-06 4.1331e-06 4.2733e-06 4.3606e-06 4.3811e-06 4.3213e-06 4.1701e-06 3.9204e-06 3.5724e-06 3.1358e-06 2.6317e-06 2.0927e-06 1.5594e-06 1.0744e-06 6.7322e-07 3.7607e-07 1.8273e-07 7.4925e-08 2.4975e-08 6.4627e-09 1.2258e-09 1.5867e-10 1.2818e-11 5.7757e-13 1.2599e-14 1.1118e-16 3.1574e-19 2.1531e-22 2.4182e-26 2.7448e-31 1.6664e-37 2.3479e-45 2.5476e-55 4.9015e-68 2.3289e-84 1.8949e-105 6.8834e-133 7.2734e-169 1.9933e-216 7.0263e-280 0.0000e+00 0.0000e+00 0.0000e+00 0.0000e+00 0.0000e+00 0.0000e+00 0.0000e+00 0.0000e+00 0.0000e+00 0.0000e+00 0.0000e+00 0.0000e+00 0.0000e+00 0.0000e+00 0.0000e+00 0.0000e+00 0.0000e+00 0.0000e+00 0.0000e+00 0.0000e+00 0.0000e+00 0.0000e+00 0.0000e+00 0.0000e+00
-4.6240e-10 -2.6183e-09 -7.2268e-09 -1.4869e-08 -2.6050e-08 -4.1239e-08 -6.0884e-08 -8.5427e-08 -1.1531e-07 -1.5099e-07 -1.9292e-07 1.5260e-05 -2.9752e-07 -3.6122e-07 -4.3326e-07 -5.1423e-07 -6.0474e-07 -7.0545e-07 -8.1702e-07 -9.4016e-07 -1.0756e-06 -1.2240e-06 -1.3861e-06 -1.5625e-06 -1.7538e-06 -1.9605e-06 -2.1828e-06 -2.4208e-06 -2.6739e-06 -2.9415e-06 -3.2218e-06 -3.5126e-06 -3.8105e-06 -4.1105e-06 -4.4064e-06 -4.6900e-06 -4.9508e-06 -5.1764e-06 -5.3520e-06 -5.4614e-06 -5.4872e-06 -5.4125e-06 -5.2233e-06 -4.9107e-06 -4.4750e-06 -3.9283e-06 -3.2971e-06 -2.6221e-06 -1.9541e-06 -1.3464e-06 -8.4384e-07 -4.7147e-07 -2.2913e-07 -9.3977e-08 -3.1336e-08 -8.1118e-09 -1.5393e-09 -1.9937e-10 -1.6117e-11 -7.2687e-13 -1.5873e-14 -1.4025e-16 -3.9895e-19 -2.7260e-22 -3.0691e-26 -3.4945e-31 -2.1298e-37 -3.0154e-45 -3.2922e-55 -6.3836e-68 -3.0635e-84 -2.5246e-105 -9.3226e-133 -1.0062e-168 -2.8349e-216 -1.0360e-279 0.0000e+00 0.0000e+00 0.0000e+00 0.0000e+00 0.0000e+00 0.0000e+00 0.0000e+00 0.0000e+00 0.0000e+00 0.0000e+00 0.0000e+00 0.0000e+00 0.0000e+00 0.0000e+00 0.0000e+00 0.0000e+00 0.0000e+00 0.0000e+00 0.0000e+00 0.0000e+00 0.0000e+00 0.0000e+00 0.0000e+00 0.0000e+00 4.6240e-10 2.6183e-09 7.2268e-09 1.4869e-08 2.6050e-08 4.1239e-08 6.0884e-08 8.5427e-08 1.1531e-07 1.5099e-07 1.9292e-07 0.0000e+00 2.9752e-07 3.6122e-07 4.3326e-07 5.1423e-07 6.0474e-07 7.0545e-07 8.1702e-07 9.4016e-07 1.0756e-06 1.2240e-06 1.3861e-06 1.5625e-06 1.7538e-06 1.9605e-06 2.1828e-06 2.4208e-06 2.6739e-06 2.9414e-06 3.2218e-06 3.5126e-06 3.8104e-06 4.1104e-06 4.4063e-06 4.6897e-06 4.9505e-06 5.1760e-06 5.3516e-06 5.4608e-06 5.4865e-06 5.4117e-06 5.2222e-06 4.9095e-06 4.4737e-06 3.9269e-06 3.2958e-06 2.6207e-06 1.9529e-06 1.3454e-06 8.4308e-07 4.7096e-07 2.2883e-07 9.3829e-08 3.1277e-08 8.0933e-09 1.5351e-09 1.9870e-10 1.6052e-11 7.2330e-13 1.5778e-14 1.3923e-16 3.9541e-19 2.6964e-22 3.0283e-26 3.4374e-31 2.0868e-37 2.9403e-45 3.1904e-55 6.1381e-68 2.9165e-84 2.3730e-105 8.6198e-133 9.1079e-169 2.4959e-216 8.7972e-280 0.0000e+00 0.0000e+00 0.0000e+00 0.0000e+00 0.0000e+00 0.0000e+00 0.0000e+00 0.0000e+00 0.0000e+00 0.0000e+00 0.0000e+00 0.0000e+00 0.0000e+00 0.0000e+00 0.0000e+00 0.0000e+00 0.0000e+00 0.0000e+00 0.0000e+00 0.0000e+00 0.0000e+00 0.0000e+00 0.0000e+00 0.0000e+00
-5.6944e-10 -3.2244e-09 -8.8996e-09 -1.8310e-08 -3.2080e-08 -5.0785e-08 -7.4977e-08 -1.0520e-07 -1.4200e-07 -1.8594e-07 -2.3758e-07 -2.9752e-07 2.4973e-05 -4.4484e-07 -5.3355e-07 -6.3326e-07 -7.4472e-07 -8.6874e-07 -1.0061e-06 -1.1578e-06 -1.3246e-06 -1.5073e-06 -1.7069e-06 -1.9242e-06 -2.1598e-06 -2.4144e-06 -2.6881e-06 -2.9811e-06 -3.2929e-06 -3.6224e-06 -3.9676e-06 -4.3258e-06 -4.6926e-06 -5.0621e-06 -5.4265e-06 -5.7757e-06 -6.0970e-06 -6.3748e-06 -6.5913e-06 -6.7261e-06 -6.7579e-06 -6.6661e-06 -6.4331e-06 -6.0483e-06 -5.5119e-06 -4.8387e-06 -4.0615e-06 -3.2301e-06 -2.4073e-06 -1.6589e-06 -1.0398e-06 -5.8100e-07 -2.8240e-07 -1.1585e-07 -3.8636e-08 -1.0004e-08 -1.8990e-09 -2.4604e-10 -1.9899e-11 -8.9793e-13 -1.9621e-14 -1.7352e-16 -4.9408e-19 -3.3802e-22 -3.8117e-26 -4.3484e-31 -2.6566e-37 -3.7727e-45 -4.1346e-55 -8.0555e-68 -3.8893e-84 -3.2297e-105 -1.2042e-132 -1.3159e-168 -3.7655e-216 -1.4036e-279 0.0000e+00 0.0000e+00 0.0000e+00 0.0000e+00 0.0000e+00 0.0000e+00 0.0000e+00 0.0000e+00 0.0000e+00 0.0000e+00 0.0000e+00 0.0000e+00 0.0000e+00 0.0000e+00 0.0000e+00 0.0000e+00 0.0000e+00 0.0000e+00 0.0000e+00 0.0000e+00 0.0000e+00 0.0000e+00 0.0000e+00 0.0000e+00 5.6944e-10 3.2244e-09 8.8996e-09 1.8310e-08 3.2080e-08 5.0785e-08 7.4977e-08 1.0520e-07 1.4200e-07 1.8594e-07 2.3758e-07 2.9752e-07 0.0000e+00 4.4484e-07 5.3355e-07 6.3326e-07 7.4472e-07 8.6874e-07 1.0061e-06 1.1578e-06 1.3246e-06 1.5073e-06 1.7069e-06 1.9242e-06 2.1598e-06 2.4143e-06 2.6881e-06 2.9811e-06 3.2929e-06 3.6223e-06 3.9675e-06 4.3256e-06 4.6924e-06 5.0618e-06 5.4262e-06 5.7753e-06 6.0964e-06 6.3741e-06 6.5903e-06 6.7249e-06 6.7564e-06 6.6643e-06 6.4310e-06 6.0460e-06 5.5092e-06 4.8359e-06 4.0586e-06 3.2274e-06 2.4049e-06 1.6569e-06 1.0382e-06 5.7998e-07 2.8180e-07 1.1555e-07 3.8517e-08 9.9666e-09 1.8904e-09 2.4470e-10 1.9767e-11 8.9073e-13 1.9430e-14 1.7146e-16 4.8694e-19 3.3205e-22 3.7293e-26 4.2330e-31 2.5698e-37 3.6208e-45 3.9289e-55 7.5587e-68 3.5914e-84 2.9221e-105 1.0614e-132 1.1214e-168 3.0726e-216 1.0828e-279 0.0000e+00 0.0000e+00 0.0000e+00 0.0000e+00 0.0000e+00 0.0000e+00 0.0000e+00 0.0000e+00 0.0000e+00 0.0000e+00 0.0000e+00 0.0000e+00 0.0000e+00 0.0000e+00 0.0000e+00 0.0000e+00 0.0000e+00 0.0000e+00 0.0000e+00 0.0000e+00 0.0000e+00 0.0000e+00 0.0000e+00 0.0000e+00
-6.9136e-10 -3.9147e-09 -1.0805e-08 -2.2231e-08 -3.8949e-08 -6.1659e-08 -9.1031e-08 -1.2773e-07 -1.7241e-07 -2.2575e-07 -2.8845e-07 -3.6122e-07 -4.4484e-07 3.9480e-05 -6.4779e-07 -7.6885e-07 -9.0418e-07 -1.0547e-06 -1.2216e-06 -1.4057e-06 -1.6082e-06 -1.8301e-06 -2.0724e-06 -2.3362e-06 -2.6223e-06 -2.9313e-06 -3.2637e-06 -3.6195e-06 -3.9980e-06 -4.3980e-06 -4.8172e-06 -5.2521e-06 -5.6975e-06 -6.1462e-06 -6.5887e-06 -7.0127e-06 -7.4028e-06 -7.7403e-06 -8.0032e-06 -8.1671e-06 -8.2059e-06 -8.0946e-06 -7.8120e-06 -7.3450e-06 -6.6939e-06 -5.8767e-06 -4.9330e-06 -3.9236e-06 -2.9245e-06 -2.0155e-06 -1.2635e-06 -7.0612e-07 -3.4329e-07 -1.4086e-07 -4.6993e-08 -1.2172e-08 -2.3116e-09 -2.9967e-10 -2.4253e-11 -1.0953e-12 -2.3958e-14 -2.1213e-16 -6.0492e-19 -4.1462e-22 -4.6862e-26 -5.3613e-31 -3.2870e-37 -4.6887e-45 -5.1668e-55 -1.0136e-67 -4.9361e-84 -4.1435e-105 -1.5660e-132 -1.7402e-168 -5.0854e-216 -1.9455e-279 0.0000e+00 0.0000e+00 0.0000e+00 0.0000e+00 0.0000e+00 0.0000e+00 0.0000e+00 0.0000e+00 0.0000e+00 0.0000e+00 0.0000e+00 0.0000e+00 0.0000e+00 0.0000e+00 0.0000e+00 0.0000e+00 0.0000e+00 0.0000e+00 0.0000e+00 0.0000e+00 0.0000e+00 0.0000e+00 0.0000e+00 0.0000e+00 6.9136e-10 3.9147e-09 1.0805e-08 2.2231e-08 3.8949e-08 6.1659e-08 9.1031e-08 1.2773e-07 1.7241e-07 2.2575e-07 2.8845e-07 3.6122e-07 4.4484e-07 0.0000e+00 6.4779e-07 7.6885e-07 9.0418e-07 1.0547e-06 1.2216e-06 1.4057e-06 1.6082e-06 1.8300e-06 2.0724e-06 2.3362e-06 2.6222e-06 2.9313e-06 3.2637e-06 3.6194e-06 3.9979e-06 4.3979e-06 4.8170e-06 5.2518e-06 5.6971e-06 6.1456e-06 6.5880e-06 7.0118e-06 7.4017e-06 7.7388e-06 8.0014e-06 8.1647e-06 8.2031e-06 8.0912e-06 7.8080e-06 7.3405e-06 6.6888e-06 5.8713e-06 4.9276e-06 3.9184e-06 2.9198e-06 2.0116e-06 1.2605e-06 7.0416e-07 3.4214e-07 1.4029e-07 4.6764e-08 1.2101e-08 2.2952e-09 2.9709e-10 2.4000e-11 1.0814e-12 2.3590e-14 2.0817e-16 5.9119e-19 4.0315e-22 4.5277e-26 5.1393e-31 3.1200e-37 4.3960e-45 4.7699e-55 9.1765e-68 4.3599e-84 3.5471e-105 1.2883e-132 1.3609e-168 3.7277e-216 1.3129e-279 0.0000e+00 0.0000e+00 0.0000e+00 0.0000e+00 0.0000e+00 0.0000e+00 0.0000e+00 0.0000e+00 0.0000e+00 0.0000e+00 0.0000e+00 0.0000e+00 0.0000e+00 0.0000e+00 0.0000e+00 0.0000e+00 0.0000e+00 0.0000e+00 0.0000e+00 0.0000e+00 0.0000e+00 0.0000e+00 0.0000e+00 0.0000e+00
-8.2924e-10 -4.6954e-09 -1.2960e-08 -2.6665e-08 -4.6717e-08 -7.3955e-08 -1.0919e-07 -1.5320e-07 -2.0679e-07 -2.7077e-07 -3.4597e-07 -4.3326e-07 -5.3355e-07 -6.4779e-07 6.0589e-05 -9.2218e-07 -1.0845e-06 -1.2651e-06 -1.4652e-06 -1.6860e-06 -1.9289e-06 -2.1950e-06 -2.4857e-06 -2.8021e-06 -3.1453e-06 -3.5159e-06 -3.9146e-06 -4.3413e-06 -4.7954e-06 -5.2752e-06 -5.7781e-06 -6.2997e-06 -6.8340e-06 -7.3722e-06 -7.9031e-06 -8.4119e-06 -8.8800e-06 -9.2849e-06 -9.6006e-06 -9.7974e-06 -9.8443e-06 -9.7112e-06 -9.3726e-06 -8.8128e-06 -8.0321e-06 -7.0521e-06 -5.9203e-06 -4.7094e-06 -3.5107e-06 -2.4199e-06 -1.5173e-06 -8.4821e-07 -4.1250e-07 -1.6932e-07 -5.6512e-08 -1.4646e-08 -2.7832e-09 -3.6109e-10 -2.9252e-11 -1.3226e-12 -2.8972e-14 -2.5698e-16 -7.3441e-19 -5.0472e-22 -5.7233e-26 -6.5744e-31 -4.0510e-37 -5.8143e-45 -6.4566e-55 -1.2787e-67 -6.3009e-84 -5.3666e-105 -2.0648e-132 -2.3455e-168 -7.0389e-216 -2.7806e-279 0.0000e+00 0.0000e+00 0.0000e+00 0.0000e+00 0.0000e+00 0.0000e+00 0.0000e+00 0.0000e+00 0.0000e+00 0.0000e+00 0.0000e+00 0.0000e+00 0.0000e+00 0.0000e+00 0.0000e+00 0.0000e+00 0.0000e+00 0.0000e+00 0.0000e+00 0.0000e+00 0.0000e+00 0.0000e+00 0.0000e+00 0.0000e+00 8.2924e-10 4.6954e-09 1.2960e-08 2.6665e-08 4.6717e-08 7.3955e-08 1.0919e-07 1.5320e-07 2.0679e-07 2.7077e-07 3.4597e-07 4.3326e-07 5.3355e-07 6.4779e-07 0.0000e+00 9.2218e-07 1.0845e-06 1.2651e-06 1.4652e-06 1.6860e-06 1.9289e-06 2.1950e-06 2.4857e-06 2.8021e-06 3.1452e-06 3.5159e-06 3.9145e-06 4.3412e-06 4.7952e-06 5.2749e-06 5.7777e-06 6.2992e-06 6.8333e-06 7.3713e-06 7.9019e-06 8.4102e-06 8.8778e-06 9.2822e-06 9.5971e-06 9.7931e-06 9.8390e-06 9.7049e-06 9.3652e-06 8.8044e-06 8.0228e-06 7.0423e-06 5.9104e-06 4.6999e-06 3.5021e-06 2.4128e-06 1.5119e-06 8.4459e-07 4.1038e-07 1.6827e-07 5.6090e-08 1.4514e-08 2.7529e-09 3.5634e-10 2.8786e-11 1.2971e-12 2.8295e-14 2.4969e-16 7.0909e-19 4.8354e-22 5.4306e-26 6.1640e-31 3.7421e-37 5.2723e-45 5.7206e-55 1.1005e-67 5.2282e-84 4.2529e-105 1.5442e-132 1.6306e-168 4.4633e-216 1.5700e-279 0.0000e+00 0.0000e+00 0.0000e+00 0.0000e+00 0.0000e+00 0.0000e+00 0.0000e+00 0.0000e+00 0.0000e+00 0.0000e+00 0.0000e+00 0.0000e+00 0.0000e+00 0.0000e+00 0.0000e+00 0.0000e+00 0.0000e+00 0.0000e+00 0.0000e+00 0.0000e+00 0.0000e+00 0.0000e+00 0.0000e+00 0.0000e+00
-9.8421e-10 -5.5729e-09 -1.5382e-08 -3.1648e-08 -5.5447e-08 -8.7776e-08 -1.2959e-07 -1.8183e-07 -2.4543e-07 -3.2137e-07 -4.1063e-07 -5.1423e-07 -6.3326e-07 -7.6885e-07 -9.2218e-07 9.0628e-05 -1.2872e-06 -1.5015e-06 -1.7390e-06 -2.0011e-06 -2.2893e-06 -2.6052e-06 -2.9503e-06 -3.3258e-06 -3.7331e-06 -4.1730e-06 -4.6463e-06 -5.1527e-06 -5.6917e-06 -6.2612e-06 -6.8581e-06 -7.4773e-06 -8.1115e-06 -8.7505e-06 -9.3808e-06 -9.9848e-06 -1.0541e-05 -1.1022e-05 -1.1397e-05 -1.1631e-05 -1.1687e-05 -1.1530e-05 -1.1128e-05 -1.0465e-05 -9.5385e-06 -8.3758e-06 -7.0325e-06 -5.5951e-06 -4.1718e-06 -2.8763e-06 -1.8040e-06 -1.0089e-06 -4.9083e-07 -2.0158e-07 -6.7322e-08 -1.7461e-08 -3.3212e-09 -4.3137e-10 -3.4993e-11 -1.5848e-12 -3.4787e-14 -3.0932e-16 -8.8667e-19 -6.1163e-22 -6.9672e-26 -8.0480e-31 -4.9930e-37 -7.2270e-45 -8.1085e-55 -1.6263e-67 -8.1376e-84 -7.0615e-105 -2.7788e-132 -3.2427e-168 -1.0048e-215 -4.1210e-279 0.0000e+00 0.0000e+00 0.0000e+00 0.0000e+00 0.0000e+00 0.0000e+00 0.0000e+00 0.0000e+00 0.0000e+00 0.0000e+00 0.0000e+00 0.0000e+00 0.0000e+00 0.0000e+00 0.0000e+00 0.0000e+00 0.0000e+00 0.0000e+00 0.0000e+00 0.0000e+00 0.0000e+00 0.0000e+00 0.0000e+00 0.0000e+00 9.8421e-10 5.5729e-09 1.5382e-08 3.1648e-08 5.5447e-08 8.7776e-08 1.2959e-07 1.8183e-07 2.4543e-07 3.2137e-07 4.1063e-07 5.1423e-07 6.3326e-07 7.6885e-07 9.2218e-07 0.0000e+00 1.2872e-06 1.5015e-06 1.7390e-06 2.0011e-06 2.2893e-06 2.6052e-06 2.9502e-06 3.3257e-06 3.7330e-06 4.1729e-06 4.6461e-06 5.1525e-06 5.6913e-06 6.2607e-06 6.8574e-06 7.4764e-06 8.1102e-06 8.7488e-06 9.3785e-06 9.9819e-06 1.0537e-05 1.1017e-05 1.1391e-05 1.1623e-05 1.1678e-05 1.1518e-05 1.1115e-05 1.0450e-05 9.5221e-06 8.3583e-06 7.0149e-06 5.5781e-06 4.1566e-06 2.8637e-06 1.7945e-06 1.0024e-06 4.8706e-07 1.9971e-07 6.6572e-08 1.7226e-08 3.2673e-09 4.2293e-10 3.4166e-11 1.5395e-12 3.3583e-14 2.9635e-16 8.4159e-19 5.7389e-22 6.4452e-26 7.3155e-31 4.4410e-37 6.2568e-45 6.7882e-55 1.3057e-67 6.2020e-84 5.0434e-105 1.8303e-132 1.9309e-168 5.2770e-216 1.8511e-279 0.0000e+00 0.0000e+00 0.0000e+00 0.0000e+00 0.0000e+00 0.0000e+00 0.0000e+00 0.0000e+00 0.0000e+00 0.0000e+00 0.0000e+00 0.0000e+00 0.0000e+00 0.0000e+00 0.0000e+00 0.0000e+00 0.0000e+00 0.0000e+00 0.0000e+00 0.0000e+00 0.0000e+00 0.0000e+00 0.0000e+00 0.0000e+00
-1.1574e-09 -6.5538e-09 -1.8089e-08 -3.7218e-08 -6.5206e-08 -1.0323e-07 -1.5240e-07 -2.1383e-07 -2.8863e-07 -3.7794e-07 -4.8290e-07 -6.0474e-07 -7.4472e-07 -9.0418e-07 -1.0845e-06 -1.2872e-06 1.3255e-04 -1.7658e-06 -2.0451e-06 -2.3533e-06 -2.6923e-06 -3.0638e-06 -3.4696e-06 -3.9112e-06 -4.3902e-06 -4.9076e-06 -5.4642e-06 -6.0598e-06 -6.6937e-06 -7.3635e-06 -8.0656e-06 -8.7939e-06 -9.5399e-06 -1.0292e-05 -1.1033e-05 -1.1744e-05 -1.2398e-05 -1.2964e-05 -1.3406e-05 -1.3682e-05 -1.3749e-05 -1.3565e-05 -1.3094e-05 -1.2315e-05 -1.1226e-05 -9.8595e-06 -8.2800e-06 -6.5891e-06 -4.9144e-06 -3.3895e-06 -2.1268e-06 -1.1899e-06 -5.7928e-07 -2.3807e-07 -7.9581e-08 -2.0662e-08 -3.9352e-09 -5.1192e-10 -4.1605e-11 -1.8886e-12 -4.1570e-14 -3.7088e-16 -1.0675e-18 -7.4010e-22 -8.4824e-26 -9.8716e-31 -6.1802e-37 -9.0442e-45 -1.0283e-54 -2.0958e-67 -1.0691e-83 -9.4919e-105 -3.8375e-132 -4.6218e-168 -1.4855e-215 -6.3551e-279 0.0000e+00 0.0000e+00 0.0000e+00 0.0000e+00 0.0000e+00 0.0000e+00 0.0000e+00 0.0000e+00 0.0000e+00 0.0000e+00 0.0000e+00 0.0000e+00 0.0000e+00 0.0000e+00 0.0000e+00 0.0000e+00 0.0000e+00 0.0000e+00 0.0000e+00 0.0000e+00 0.0000e+00 0.0000e+00 0.0000e+00 0.0000e+00 1.1574e-09 6.5538e-09 1.8089e-08 3.7218e-08 6.5206e-08 1.0323e-07 1.5240e-07 2.1383e-07 2.8863e-07 3.7794e-07 4.8290e-07 6.0474e-07 7.4472e-07 9.0418e-07 1.0845e-06 1.2872e-06 0.0000e+00 1.7658e-06 2.0451e-06 2.3533e-06 2.6923e-06 3.0638e-06 3.4695e-06 3.9111e-06 4.3900e-06 4.9074e-06 5.4638e-06 6.0594e-06 6.6931e-06 7.3627e-06 8.0644e-06 8.7923e-06 9.5377e-06 1.0289e-05 1.1029e-05 1.1739e-05 1.2392e-05 1.2956e-05 1.3395e-05 1.3669e-05 1.3733e-05 1.3546e-05 1.3072e-05 1.2289e-05 1.1198e-05 9.8295e-06 8.2496e-06 6.5600e-06 4.8882e-06 3.3677e-06 2.1103e-06 1.1789e-06 5.7279e-07 2.3486e-07 7.8289e-08 2.0258e-08 3.8424e-09 4.9737e-10 4.0179e-11 1.8105e-12 3.9493e-14 3.4850e-16 9.8969e-19 6.7487e-22 7.5791e-26 8.6022e-31 5.2218e-37 7.3560e-45 7.9796e-55 1.5345e-67 7.2857e-84 5.9207e-105 2.1463e-132 2.2599e-168 6.1550e-216 2.1457e-279 0.0000e+00 0.0000e+00 0.0000e+00 0.0000e+00 0.0000e+00 0.0000e+00 0.0000e+00 0.0000e+00 0.0000e+00 0.0000e+00 0.0000e+00 0.0000e+00 0.0000e+00 0.0000e+00 0.0000e+00 0.0000e+00 0.0000e+00 0.0000e+00 0.0000e+00 0.0000e+00 0.0000e+00 0.0000e+00 0.0000e+00 0.0000e+00
