2.9844e-08 -4.1419e-08 -7.6184e-08 -1.1749e-07 -1.6455e-07 -2.1686e-07 -2.7411e-07 -3.3605e-07 -4.0253e-07 -4.7345e-07 -5.4871e-07 -6.2826e-07 -7.1207e-07 -8.0009e-07 -8.9229e-07 -9.8862e-07 -1.0890e-06 -1.1934e-06 -1.3017e-06 -1.4137e-06 -1.5292e-06 -1.6480e-06 -1.7698e-06 -1.8940e-06 -2.0203e-06 -2.1479e-06 -2.2761e-06 -2.4040e-06 -2.5305e-06 -2.6543e-06 -2.7740e-06 -2.8879e-06 -2.9941e-06 -3.0905e-06 -3.1747e-06 -3.2443e-06 -3.2965e-06 -3.3286e-06 -3.3378e-06 -3.3214e-06 -3.2769e-06 -3.2023e-06 -3.0961e-06 -2.9577e-06 -2.7877e-06 -2.5878e-06 -2.3612e-06 -2.1130e-06 -1.8496e-06 -1.5790e-06 -1.3099e-06 -1.0519e-06 -8.1368e-07 -6.0307e-07 -4.2553e-07 -2.8372e-07 -1.7719e-07 -1.0259e-07 -5.4396e-08 -2.6036e-08 -1.1058e-08 -4.0821e-09 -1.2781e-09 -3.2951e-10 -6.7479e-11 -1.0509e-11 -1.1802e-12 -8.9518e-14 -4.2306e-15 -1.1268e-16 -1.4917e-18 -8.3814e-21 -1.6353e-23 -8.5723e-27 -8.6714e-31 -1.1002e-35 -9.9357e-42 -3.0086e-49 -1.1102e-58 -1.2583e-70 -6.5335e-86 -1.0793e-105 -1.2663e-131 -4.2198e-166 -1.1118e-212 -9.3253e-277 -0.0000e+00 -0.0000e+00 -0.0000e+00 -0.0000e+00 -0.0000e+00 -0.0000e+00 -0.0000e+00 -0.0000e+00 -0.0000e+00 -0.0000e+00 -0.0000e+00 -0.0000e+00 -0.0000e+00 -0.0000e+00 0.0000e+00 -4.1419e-08 -7.6184e-08 -1.1749e-07 -1.6455e-07 -2.1686e-07 -2.7411e-07 -3.3605e-07 -4.0253e-07 -4.7345e-07 -5.4871e-07 -6.2826e-07 -7.1207e-07 -8.0009e-07 -8.9229e-07 -9.8862e-07 -1.0890e-06 -1.1934e-06 -1.3017e-06 -1.4137e-06 -1.5292e-06 -1.6480e-06 -1.7698e-06 -1.8940e-06 -2.0203e-06 -2.1479e-06 -2.2761e-06 -2.4040e-06 -2.5305e-06 -2.6543e-06 -2.7740e-06 -2.8879e-06 -2.9941e-06 -3.0905e-06 -3.1747e-06 -3.2443e-06 -3.2965e-06 -3.3286e-06 -3.3378e-06 -3.3214e-06 -3.2769e-06 -3.2023e-06 -3.0961e-06 -2.9577e-06 -2.7877e-06 -2.5878e-06 -2.3612e-06 -2.1130e-06 -1.8496e-06 -1.5790e-06 -1.3099e-06 -1.0519e-06 -8.1368e-07 -6.0307e-07 -4.2553e-07 -2.8372e-07 -1.7719e-07 -1.0259e-07 -5.4396e-08 -2.6036e-08 -1.1057e-08 -4.0821e-09 -1.2781e-09 -3.2951e-10 -6.7479e-11 -1.0509e-11 -1.1802e-12 -8.9518e-14 -4.2306e-15 -1.1268e-16 -1.4917e-18 -8.3814e-21 -1.6353e-23 -8.5723e-27 -8.6714e-31 -1.1002e-35 -9.9356e-42 -3.0085e-49 -1.1102e-58 -1.2582e-70 -6.5333e-86 -1.0793e-105 -1.2663e-131 -4.2196e-166 -1.1117e-212 -9.3246e-277 -0.0000e+00 -0.0000e+00 -0.0000e+00 -0.0000e+00 -0.0000e+00 -0.0000e+00 -0.0000e+00 -0.0000e+00 -0.0000e+00 -0.0000e+00 -0.0000e+00 -0.0000e+00 -0.0000e+00 -0.0000e+00
-4.1419e-08 4.7797e-07 -2.1564e-07 -3.3255e-07 -4.6575e-07 -6.1383e-07 -7.7586e-07 -9.5118e-07 -1.1394e-06 -1.3401e-06 -1.5531e-06 -1.7783e-06 -2.0155e-06 -2.2646e-06 -2.5256e-06 -2.7983e-06 -3.0825e-06 -3.3780e-06 -3.6844e-06 -4.0015e-06 -4.3285e-06 -4.6648e-06 -5.0093e-06 -5.3610e-06 -5.7183e-06 -6.0795e-06 -6.4424e-06 -6.8044e-06 -7.1624e-06 -7.5129e-06 -7.8517e-06 -8.1741e-06 -8.4747e-06 -8.7475e-06 -8.9859e-06 -9.1829e-06 -9.3307e-06 -9.4216e-06 -9.4477e-06 -9.4012e-06 -9.2753e-06 -9.0641e-06 -8.7635e-06 -8.3718e-06 -7.8905e-06 -7.3246e-06 -6.6834e-06 -5.9809e-06 -5.2354e-06 -4.4693e-06 -3.7078e-06 -2.9773e-06 -2.3031e-06 -1.7070e-06 -1.2045e-06 -8.0306e-07 -5.0154e-07 -2.9038e-07 -1.5397e-07 -7.3696e-08 -3.1299e-08 -1.1555e-08 -3.6179e-09 -9.3269e-10 -1.9100e-10 -2.9747e-11 -3.3406e-12 -2.5339e-13 -1.1975e-14 -3.1895e-16 -4.2226e-18 -2.3726e-20 -4.6292e-23 -2.4267e-26 -2.4548e-30 -3.1146e-35 -2.8129e-41 -8.5180e-49 -3.1434e-58 -3.5629e-70 -1.8502e-85 -3.0569e-105 -3.5871e-131 -1.1956e-165 -3.1508e-212 -2.6439e-276 -0.0000e+00 -0.0000e+00 -0.0000e+00 -0.0000e+00 -0.0000e+00 -0.0000e+00 -0.0000e+00 -0.0000e+00 -0.0000e+00 -0.0000e+00 -0.0000e+00 -0.0000e+00 -0.0000e+00 -0.0000e+00 -4.1419e-08 0.0000e+00 -2.1564e-07 -3.3255e-07 -4.6575e-07 -6.1383e-07 -7.7586e-07 -9.5118e-07 -1.1394e-06 -1.3401e-06 -1.5531e-06 -1.7783e-06 -2.0155e-06 -2.2646e-06 -2.5256e-06 -2.7983e-06 -3.0825e-06 -3.3780e-06 -3.6844e-06 -4.0015e-06 -4.3285e-06 -4.6648e-06 -5.0093e-06 -5.3610e-06 -5.7183e-06 -6.0795e-06 -6.4424e-06 -6.8044e-06 -7.1624e-06 -7.5129e-06 -7.8517e-06 -8.1741e-06 -8.4747e-06 -8.7475e-06 -8.9859e-06 -9.1829e-06 -9.3307e-06 -9.4216e-06 -9.4477e-06 -9.4012e-06 -9.2753e-06 -9.0641e-06 -8.7635e-06 -8.3718e-06 -7.8905e-06 -7.3246e-06 -6.6834e-06 -5.9809e-06 -5.2354e-06 -4.4693e-06 -3.7077e-06 -2.9773e-06 -2.3031e-06 -1.7070e-06 -1.2044e-06 -8.0306e-07 -5.0153e-07 -2.9037e-07 -1.5397e-07 -7.3695e-08 -3.1298e-08 -1.1554e-08 -3.6178e-09 -9.3267e-10 -1.9100e-10 -2.9746e-11 -3.3405e-12 -2.5338e-13 -1.1975e-14 -3.1893e-16 -4.2224e-18 -2.3724e-20 -4.6288e-23 -2.4265e-26 -2.4545e-30 -3.1142e-35 -2.8124e-41 -8.5164e-49 -3.1426e-58 -3.5619e-70 -1.8495e-85 -3.0556e-105 -3.5851e-131 -1.1947e-165 -3.1480e-212 -2.6408e-276 -0.0000e+00 -0.0000e+00 -0.0000e+00 -0.0000e+00 -0.0000e+00 -0.0000e+00 -0.0000e+00 -0.0000e+00 -0.0000e+00 -0.0000e+00 -0.0000e+00 -0.0000e+00 -0.0000e+00 -0.0000e+00
-7.6184e-08 -2.1564e-07 2.4236e-06 -6.1167e-07 -8.5666e-07 -1.1290e-06 -1.4271e-06 -1.7495e-06 -2.0957e-06 -2.4648e-06 -2.8567e-06 -3.2708e-06 -3.7071e-06 -4.1654e-06 -4.6454e-06 -5.1469e-06 -5.6696e-06 -6.2132e-06 -6.7769e-06 -7.3600e-06 -7.9615e-06 -8.5800e-06 -9.2138e-06 -9.8606e-06 -1.0518e-05 -1.1182e-05 -1.1850e-05 -1.2516e-05 -1.3174e-05 -1.3819e-05 -1.4442e-05 -1.5035e-05 -1.5588e-05 -1.6090e-05 -1.6528e-05 -1.6890e-05 -1.7162e-05 -1.7330e-05 -1.7377e-05 -1.7292e-05 -1.7060e-05 -1.6672e-05 -1.6119e-05 -1.5399e-05 -1.4513e-05 -1.3473e-05 -1.2293e-05 -1.1001e-05 -9.6298e-06 -8.2206e-06 -6.8200e-06 -5.4763e-06 -4.2363e-06 -3.1398e-06 -2.2155e-06 -1.4772e-06 -9.2254e-07 -5.3413e-07 -2.8322e-07 -1.3556e-07 -5.7573e-08 -2.1255e-08 -6.6552e-09 -1.7157e-09 -3.5137e-10 -5.4724e-11 -6.1456e-12 -4.6618e-13 -2.2032e-14 -5.8683e-16 -7.7696e-18 -4.3658e-20 -8.5188e-23 -4.4661e-26 -4.5183e-30 -5.7334e-35 -5.1789e-41 -1.5686e-48 -5.7899e-58 -6.5647e-70 -3.4104e-85 -5.6376e-105 -6.6199e-131 -2.2084e-165 -5.8272e-212 -4.8979e-276 -0.0000e+00 -0.0000e+00 -0.0000e+00 -0.0000e+00 -0.0000e+00 -0.0000e+00 -0.0000e+00 -0.0000e+00 -0.0000e+00 -0.0000e+00 -0.0000e+00 -0.0000e+00 -0.0000e+00 -0.0000e+00 -7.6184e-08 -2.1564e-07 0.0000e+00 -6.1167e-07 -8.5666e-07 -1.1290e-06 -1.4271e-06 -1.7495e-06 -2.0957e-06 -2.4648e-06 -2.8567e-06 -3.2708e-06 -3.7071e-06 -4.1654e-06 -4.6454e-06 -5.1469e-06 -5.6696e-06 -6.2132e-06 -6.7769e-06 -7.3600e-06 -7.9615e-06 -8.5800e-06 -9.2138e-06 -9.8606e-06 -1.0518e-05 -1.1182e-05 -1.1850e-05 -1.2516e-05 -1.3174e-05 -1.3819e-05 -1.4442e-05 -1.5035e-05 -1.5588e-05 -1.6090e-05 -1.6528e-05 -1.6890e-05 -1.7162e-05 -1.7330e-05 -1.7377e-05 -1.7292e-05 -1.7060e-05 -1.6672e-05 -1.6119e-05 -1.5399e-05 -1.4513e-05 -1.3472e-05 -1.2293e-05 -1.1001e-05 -9.6296e-06 -8.2205e-06 -6.8198e-06 -5.4762e-06 -4.2362e-06 -3.1397e-06 -2.2154e-06 -1.4771e-06 -9.2250e-07 -5.3410e-07 -2.8320e-07 -1.3555e-07 -5.7569e-08 -2.1253e-08 -6.6546e-09 -1.7156e-09 -3.5133e-10 -5.4716e-11 -6.1446e-12 -4.6609e-13 -2.2027e-14 -5.8668e-16 -7.7673e-18 -4.3642e-20 -8.5153e-23 -4.4639e-26 -4.5157e-30 -5.7296e-35 -5.1747e-41 -1.5671e-48 -5.7831e-58 -6.5553e-70 -3.4044e-85 -5.6252e-105 -6.6015e-131 -2.2006e-165 -5.8008e-212 -4.8689e-276 -0.0000e+00 -0.0000e+00 -0.0000e+00 -0.0000e+00 -0.0000e+00 -0.0000e+00 -0.0000e+00 -0.0000e+00 -0.0000e+00 -0.0000e+00 -0.0000e+00 -0.0000e+00 -0.0000e+00 -0.0000e+00
-1.1749e-07 -3.3255e-07 -6.1167e-07 7.6772e-06 -1.3211e-06 -1.7412e-06 -2.2008e-06 -2.6981e-06 -3.2319e-06 -3.8012e-06 -4.4055e-06 -5.0442e-06 -5.7171e-06 -6.4238e-06 -7.1640e-06 -7.9375e-06 -8.7436e-06 -9.5818e-06 -1.0451e-05 -1.1350e-05 -1.2278e-05 -1.3232e-05 -1.4209e-05 -1.5207e-05 -1.6221e-05 -1.7245e-05 -1.8274e-05 -1.9301e-05 -2.0317e-05 -2.1311e-05 -2.2272e-05 -2.3187e-05 -2.4039e-05 -2.4813e-05 -2.5490e-05 -2.6048e-05 -2.6468e-05 -2.6726e-05 -2.6800e-05 -2.6668e-05 -2.6311e-05 -2.5712e-05 -2.4859e-05 -2.3748e-05 -2.2383e-05 -2.0778e-05 -1.8959e-05 -1.6966e-05 -1.4852e-05 -1.2678e-05 -1.0518e-05 -8.4461e-06 -6.5337e-06 -4.8427e-06 -3.4170e-06 -2.2783e-06 -1.4229e-06 -8.2386e-07 -4.3686e-07 -2.0910e-07 -8.8809e-08 -3.2788e-08 -1.0267e-08 -2.6469e-09 -5.4209e-10 -8.4433e-11 -9.4827e-12 -7.1937e-13 -3.4002e-14 -9.0574e-16 -1.1994e-17 -6.7404e-20 -1.3155e-22 -6.8982e-26 -6.9809e-30 -8.8614e-35 -8.0077e-41 -2.4267e-48 -8.9634e-58 -1.0171e-69 -5.2899e-85 -8.7568e-105 -1.0301e-130 -3.4449e-165 -9.1196e-212 -7.6996e-276 -0.0000e+00 -0.0000e+00 -0.0000e+00 -0.0000e+00 -0.0000e+00 -0.0000e+00 -0.0000e+00 -0.0000e+00 -0.0000e+00 -0.0000e+00 -0.0000e+00 -0.0000e+00 -0.0000e+00 -0.0000e+00 -1.1749e-07 -3.3255e-07 -6.1167e-07 0.0000e+00 -1.3211e-06 -1.7412e-06 -2.2008e-06 -2.6981e-06 -3.2319e-06 -3.8012e-06 -4.4055e-06 -5.0442e-06 -5.7171e-06 -6.4238e-06 -7.1640e-06 -7.9375e-06 -8.7436e-06 -9.5818e-06 -1.0451e-05 -1.1350e-05 -1.2278e-05 -1.3232e-05 -1.4209e-05 -1.5207e-05 -1.6221e-05 -1.7245e-05 -1.8274e-05 -1.9301e-05 -2.0317e-05 -2.1311e-05 -2.2272e-05 -2.3186e-05 -2.4039e-05 -2.4813e-05 -2.5489e-05 -2.6048e-05 -2.6467e-05 -2.6725e-05 -2.6799e-05 -2.6668e-05 -2.6310e-05 -2.5711e-05 -2.4859e-05 -2.3748e-05 -2.2382e-05 -2.0777e-05 -1.8958e-05 -1.6966e-05 -1.4851e-05 -1.2678e-05 -1.0518e-05 -8.4455e-06 -6.5332e-06 -4.8422e-06 -3.4167e-06 -2.2781e-06 -1.4227e-06 -8.2373e-07 -4.3678e-07 -2.0906e-07 -8.8789e-08 -3.2779e-08 -1.0264e-08 -2.6460e-09 -5.4188e-10 -8.4395e-11 -9.4778e-12 -7.1894e-13 -3.3978e-14 -9.0502e-16 -1.1982e-17 -6.7330e-20 -1.3138e-22 -6.8878e-26 -6.9684e-30 -8.8425e-35 -7.9873e-41 -2.4192e-48 -8.9300e-58 -1.0125e-69 -5.2603e-85 -8.6959e-105 -1.0211e-130 -3.4068e-165 -8.9901e-212 -7.5572e-276 -0.0000e+00 -0.0000e+00 -0.0000e+00 -0.0000e+00 -0.0000e+00 -0.0000e+00 -0.0000e+00 -0.0000e+00 -0.0000e+00 -0.0000e+00 -0.0000e+00 -0.0000e+00 -0.0000e+00 -0.0000e+00
-1.6455e-07 -4.6575e-07 -8.5666e-07 -1.3211e-06 1.8798e-05 -2.4386e-06 -3.0823e-06 -3.7788e-06 -4.5264e-06 -5.3237e-06 -6.1700e-06 -7.0646e-06 -8.0070e-06 -8.9967e-06 -1.0033e-05 -1.1117e-05 -1.2246e-05 -1.3420e-05 -1.4637e-05 -1.5897e-05 -1.7196e-05 -1.8532e-05 -1.9901e-05 -2.1298e-05 -2.2717e-05 -2.4152e-05 -2.5594e-05 -2.7032e-05 -2.8455e-05 -2.9847e-05 -3.1193e-05 -3.2474e-05 -3.3668e-05 -3.4752e-05 -3.5700e-05 -3.6482e-05 -3.7070e-05 -3.7431e-05 -3.7535e-05 -3.7351e-05 -3.6851e-05 -3.6012e-05 -3.4818e-05 -3.3262e-05 -3.1350e-05 -2.9102e-05 -2.6555e-05 -2.3764e-05 -2.0802e-05 -1.7759e-05 -1.4733e-05 -1.1831e-05 -9.1523e-06 -6.7837e-06 -4.7868e-06 -3.1917e-06 -1.9934e-06 -1.1542e-06 -6.1206e-07 -2.9298e-07 -1.2444e-07 -4.5946e-08 -1.4388e-08 -3.7098e-09 -7.5986e-10 -1.1837e-10 -1.3296e-11 -1.0088e-12 -4.7692e-14 -1.2707e-15 -1.6832e-17 -9.4625e-20 -1.8475e-22 -9.6929e-26 -9.8150e-30 -1.2468e-34 -1.1277e-40 -3.4214e-48 -1.2655e-57 -1.4387e-69 -7.4992e-85 -1.2450e-104 -1.4702e-130 -4.9415e-165 -1.3170e-211 -1.1222e-275 -0.0000e+00 -0.0000e+00 -0.0000e+00 -0.0000e+00 -0.0000e+00 -0.0000e+00 -0.0000e+00 -0.0000e+00 -0.0000e+00 -0.0000e+00 -0.0000e+00 -0.0000e+00 -0.0000e+00 -0.0000e+00 -1.6455e-07 -4.6575e-07 -8.5666e-07 -1.3211e-06 0.0000e+00 -2.4386e-06 -3.0823e-06 -3.7788e-06 -4.5264e-06 -5.3237e-06 -6.1700e-06 -7.0646e-06 -8.0070e-06 -8.9967e-06 -1.0033e-05 -1.1117e-05 -1.2246e-05 -1.3420e-05 -1.4637e-05 -1.5897e-05 -1.7196e-05 -1.8532e-05 -1.9901e-05 -2.1298e-05 -2.2717e-05 -2.4152e-05 -2.5594e-05 -2.7032e-05 -2.8454e-05 -2.9847e-05 -3.1193e-05 -3.2474e-05 -3.3668e-05 -3.4752e-05 -3.5699e-05 -3.6481e-05 -3.7069e-05 -3.7430e-05 -3.7534e-05 -3.7349e-05 -3.6849e-05 -3.6010e-05 -3.4816e-05 -3.3260e-05 -3.1348e-05 -2.9100e-05 -2.6553e-05 -2.3762e-05 -2.0800e-05 -1.7756e-05 -1.4731e-05 -1.1829e-05 -9.1505e-06 -6.7821e-06 -4.7855e-06 -3.1908e-06 -1.9928e-06 -1.1538e-06 -6.1180e-07 -2.9284e-07 -1.2437e-07 -4.5917e-08 -1.4378e-08 -3.7067e-09 -7.5914e-10 -1.1824e-10 -1.3279e-11 -1.0073e-12 -4.7612e-14 -1.2682e-15 -1.6793e-17 -9.4372e-20 -1.8417e-22 -9.6571e-26 -9.7721e-30 -1.2403e-34 -1.1207e-40 -3.3958e-48 -1.2541e-57 -1.4228e-69 -7.3973e-85 -1.2241e-104 -1.4393e-130 -4.8101e-165 -1.2723e-211 -1.0729e-275 -0.0000e+00 -0.0000e+00 -0.0000e+00 -0.0000e+00 -0.0000e+00 -0.0000e+00 -0.0000e+00 -0.0000e+00 -0.0000e+00 -0.0000e+00 -0.0000e+00 -0.0000e+00 -0.0000e+00 -0.0000e+00
-2.1686e-07 -6.1383e-07 -1.1290e-06 -1.7412e-06 -2.4386e-06 3.9118e-05 -4.0622e-06 -4.9802e-06 -5.9655e-06 -7.0164e-06 -8.1317e-06 -9.3107e-06 -1.0553e-05 -1.1857e-05 -1.3224e-05 -1.4651e-05 -1.6139e-05 -1.7686e-05 -1.9291e-05 -2.0951e-05 -2.2663e-05 -2.4424e-05 -2.6228e-05 -2.8070e-05 -2.9941e-05 -3.1832e-05 -3.3732e-05 -3.5627e-05 -3.7502e-05 -3.9337e-05 -4.1111e-05 -4.2800e-05 -4.4374e-05 -4.5803e-05 -4.7052e-05 -4.8083e-05 -4.8858e-05 -4.9335e-05 -4.9472e-05 -4.9229e-05 -4.8570e-05 -4.7465e-05 -4.5892e-05 -4.3842e-05 -4.1323e-05 -3.8360e-05 -3.5003e-05 -3.1325e-05 -2.7422e-05 -2.3410e-05 -1.9423e-05 -1.5597e-05 -1.2066e-05 -8.9438e-06 -6.3113e-06 -4.2085e-06 -2.6286e-06 -1.5221e-06 -8.0723e-07 -3.8644e-07 -1.6416e-07 -6.0617e-08 -1.8985e-08 -4.8959e-09 -1.0030e-09 -1.5628e-10 -1.7559e-11 -1.3327e-12 -6.3028e-14 -1.6801e-15 -2.2265e-17 -1.2525e-19 -2.4473e-22 -1.2851e-25 -1.3028e-29 -1.6571e-34 -1.5013e-40 -4.5642e-48 -1.6925e-57 -1.9303e-69 -1.0103e-84 -1.6861e-104 -2.0046e-130 -6.7975e-165 -1.8331e-211 -1.5868e-275 -0.0000e+00 -0.0000e+00 -0.0000e+00 -0.0000e+00 -0.0000e+00 -0.0000e+00 -0.0000e+00 -0.0000e+00 -0.0000e+00 -0.0000e+00 -0.0000e+00 -0.0000e+00 -0.0000e+00 -0.0000e+00 -2.1686e-07 -6.1383e-07 -1.1290e-06 -1.7412e-06 -2.4386e-06 0.0000e+00 -4.0622e-06 -4.9802e-06 -5.9655e-06 -7.0164e-06 -8.1317e-06 -9.3107e-06 -1.0553e-05 -1.1857e-05 -1.3224e-05 -1.4651e-05 -1.6139e-05 -1.7686e-05 -1.9291e-05 -2.0951e-05 -2.2663e-05 -2.4424e-05 -2.6228e-05 -2.8069e-05 -2.9940e-05 -3.1831e-05 -3.3731e-05 -3.5627e-05 -3.7501e-05 -3.9337e-05 -4.1111e-05 -4.2799e-05 -4.4372e-05 -4.5801e-05 -4.7050e-05 -4.8081e-05 -4.8855e-05 -4.9331e-05 -4.9468e-05 -4.9225e-05 -4.8566e-05 -4.7460e-05 -4.5887e-05 -4.3836e-05 -4.1316e-05 -3.8353e-05 -3.4997e-05 -3.1318e-05 -2.7415e-05 -2.3403e-05 -1.9416e-05 -1.5591e-05 -1.2061e-05 -8.9395e-06 -6.3079e-06 -4.2059e-06 -2.6268e-06 -1.5209e-06 -8.0651e-07 -3.8605e-07 -1.6397e-07 -6.0537e-08 -1.8956e-08 -4.8875e-09 -1.0010e-09 -1.5592e-10 -1.7513e-11 -1.3287e-12 -6.2807e-14 -1.6732e-15 -2.2160e-17 -1.2456e-19 -2.4314e-22 -1.2753e-25 -1.2910e-29 -1.6393e-34 -1.4821e-40 -4.4937e-48 -1.6610e-57 -1.8865e-69 -9.8219e-85 -1.6282e-104 -1.9190e-130 -6.4335e-165 -1.7089e-211 -1.4494e-275 -0.0000e+00 -0.0000e+00 -0.0000e+00 -0.0000e+00 -0.0000e+00 -0.0000e+00 -0.0000e+00 -0.0000e+00 -0.0000e+00 -0.0000e+00 -0.0000e+00 -0.0000e+00 -0.0000e+00 -0.0000e+00
-2.7411e-07 -7.7586e-07 -1.4271e-06 -2.2008e-06 -3.0823e-06 -4.0622e-06 7.2777e-05 -6.2948e-06 -7.5402e-06 -8.8685e-06 -1.0278e-05 -1.1768e-05 -1.3338e-05 -1.4987e-05 -1.6714e-05 -1.8519e-05 -2.0399e-05 -2.2355e-05 -2.4383e-05 -2.6481e-05 -2.8646e-05 -3.0871e-05 -3.3152e-05 -3.5479e-05 -3.7844e-05 -4.0235e-05 -4.2636e-05 -4.5032e-05 -4.7402e-05 -4.9722e-05 -5.1965e-05 -5.4099e-05 -5.6089e-05 -5.7895e-05 -5.9475e-05 -6.0779e-05 -6.1759e-05 -6.2362e-05 -6.2536e-05 -6.2230e-05 -6.1399e-05 -6.0002e-05 -5.8015e-05 -5.5425e-05 -5.2241e-05 -4.8497e-05 -4.4254e-05 -3.9605e-05 -3.4672e-05 -2.9601e-05 -2.4560e-05 -1.9723e-05 -1.5259e-05 -1.1312e-05 -7.9828e-06 -5.3236e-06 -3.3255e-06 -1.9259e-06 -1.0215e-06 -4.8909e-07 -2.0780e-07 -7.6748e-08 -2.4043e-08 -6.2021e-09 -1.2710e-09 -1.9811e-10 -2.2269e-11 -1.6911e-12 -8.0026e-14 -2.1348e-15 -2.8315e-17 -1.5945e-19 -3.1193e-22 -1.6405e-25 -1.6660e-29 -2.1238e-34 -1.9293e-40 -5.8847e-48 -2.1913e-57 -2.5120e-69 -1.3234e-84 -2.2270e-104 -2.6762e-130 -9.2013e-165 -2.5266e-211 -2.2396e-275 -0.0000e+00 -0.0000e+00 -0.0000e+00 -0.0000e+00 -0.0000e+00 -0.0000e+00 -0.0000e+00 -0.0000e+00 -0.0000e+00 -0.0000e+00 -0.0000e+00 -0.0000e+00 -0.0000e+00 -0.0000e+00 -2.7411e-07 -7.7586e-07 -1.4271e-06 -2.2008e-06 -3.0823e-06 -4.0622e-06 0.0000e+00 -6.2948e-06 -7.5402e-06 -8.8684e-06 -1.0278e-05 -1.1768e-05 -1.3338e-05 -1.4987e-05 -1.6714e-05 -1.8519e-05 -2.0399e-05 -2.2355e-05 -2.4383e-05 -2.6481e-05 -2.8645e-05 -3.0871e-05 -3.3151e-05 -3.5479e-05 -3.7844e-05 -4.0234e-05 -4.2636e-05 -4.5031e-05 -4.7401e-05 -4.9720e-05 -5.1963e-05 -5.4096e-05 -5.6086e-05 -5.7892e-05 -5.9470e-05 -6.0774e-05 -6.1753e-05 -6.2355e-05 -6.2528e-05 -6.2221e-05 -6.1388e-05 -5.9991e-05 -5.8002e-05 -5.5411e-05 -5.2226e-05 -4.8481e-05 -4.4238e-05 -3.9589e-05 -3.4655e-05 -2.9585e-05 -2.4545e-05 -1.9710e-05 -1.5248e-05 -1.1302e-05 -7.9748e-06 -5.3175e-06 -3.3212e-06 -1.9231e-06 -1.0198e-06 -4.8817e-07 -2.0735e-07 -7.6560e-08 -2.3976e-08 -6.1822e-09 -1.2663e-09 -1.9727e-10 -2.2161e-11 -1.6816e-12 -7.9506e-14 -2.1186e-15 -2.8067e-17 -1.5781e-19 -3.0819e-22 -1.6173e-25 -1.6382e-29 -2.0817e-34 -1.8838e-40 -5.7183e-48 -2.1166e-57 -2.4083e-69 -1.2568e-84 -2.0896e-104 -2.4724e-130 -8.3313e-165 -2.2282e-211 -1.9077e-275 -0.0000e+00 -0.0000e+00 -0.0000e+00 -0.0000e+00 -0.0000e+00 -0.0000e+00 -0.0000e+00 -0.0000e+00 -0.0000e+00 -0.0000e+00 -0.0000e+00 -0.0000e+00 -0.0000e+00 -0.0000e+00
-3.3605e-07 -9.5118e-07 -1.7495e-06 -2.6981e-06 -3.7788e-06 -4.9802e-06 -6.2948e-06 1.2476e-04 -9.2441e-06 -1.0873e-05 -1.2601e-05 -1.4428e-05 -1.6352e-05 -1.8374e-05 -2.0491e-05 -2.2703e-05 -2.5009e-05 -2.7407e-05 -2.9894e-05 -3.2466e-05 -3.5119e-05 -3.7848e-05 -4.0644e-05 -4.3497e-05 -4.6397e-05 -4.9328e-05 -5.2273e-05 -5.5210e-05 -5.8116e-05 -6.0961e-05 -6.3711e-05 -6.6328e-05 -6.8768e-05 -7.0984e-05 -7.2921e-05 -7.4521e-05 -7.5723e-05 -7.6464e-05 -7.6679e-05 -7.6305e-05 -7.5287e-05 -7.3577e-05 -7.1142e-05 -6.7968e-05 -6.4066e-05 -5.9477e-05 -5.4276e-05 -4.8577e-05 -4.2528e-05 -3.6311e-05 -3.0129e-05 -2.4198e-05 -1.8723e-05 -1.3881e-05 -9.7973e-06 -6.5345e-06 -4.0826e-06 -2.3648e-06 -1.2545e-06 -6.0083e-07 -2.5534e-07 -9.4340e-08 -2.9565e-08 -7.6298e-09 -1.5644e-09 -2.4398e-10 -2.7444e-11 -2.0857e-12 -9.8796e-14 -2.6384e-15 -3.5042e-17 -1.9764e-19 -3.8737e-22 -2.0418e-25 -2.0792e-29 -2.6594e-34 -2.4257e-40 -7.4358e-48 -2.7860e-57 -3.2184e-69 -1.7118e-84 -2.9159e-104 -3.5581e-130 -1.2475e-164 -3.5120e-211 -3.2145e-275 -0.0000e+00 -0.0000e+00 -0.0000e+00 -0.0000e+00 -0.0000e+00 -0.0000e+00 -0.0000e+00 -0.0000e+00 -0.0000e+00 -0.0000e+00 -0.0000e+00 -0.0000e+00 -0.0000e+00 -0.0000e+00 -3.3605e-07 -9.5118e-07 -1.7495e-06 -2.6981e-06 -3.7788e-06 -4.9802e-06 -6.2948e-06 0.0000e+00 -9.2441e-06 -1.0873e-05 -1.2601e-05 -1.4428e-05 -1.6352e-05 -1.8374e-05 -2.0491e-05 -2.2703e-05 -2.5009e-05 -2.7407e-05 -2.9893e-05 -3.2466e-05 -3.5119e-05 -3.7847e-05 -4.0643e-05 -4.3496e-05 -4.6396e-05 -4.9326e-05 -5.2271e-05 -5.5208e-05 -5.8113e-05 -6.0957e-05 -6.3706e-05 -6.6322e-05 -6.8762e-05 -7.0976e-05 -7.2911e-05 -7.4510e-05 -7.5710e-05 -7.6449e-05 -7.6661e-05 -7.6286e-05 -7.5265e-05 -7.3553e-05 -7.1115e-05 -6.7938e-05 -6.4034e-05 -5.9444e-05 -5.4242e-05 -4.8543e-05 -4.2494e-05 -3.6277e-05 -3.0098e-05 -2.4170e-05 -1.8698e-05 -1.3860e-05 -9.7805e-06 -6.5218e-06 -4.0736e-06 -2.3589e-06 -1.2510e-06 -5.9889e-07 -2.5440e-07 -9.3943e-08 -2.9423e-08 -7.5879e-09 -1.5545e-09 -2.4222e-10 -2.7216e-11 -2.0657e-12 -9.7701e-14 -2.6045e-15 -3.4518e-17 -1.9419e-19 -3.7947e-22 -1.9929e-25 -2.0205e-29 -2.5706e-34 -2.3295e-40 -7.0836e-48 -2.6278e-57 -2.9982e-69 -1.5701e-84 -2.6225e-104 -3.1212e-130 -1.0600e-164 -2.8645e-211 -2.4872e-275 -0.0000e+00 -0.0000e+00 -0.0000e+00 -0.0000e+00 -0.0000e+00 -0.0000e+00 -0.0000e+00 -0.0000e+00 -0.0000e+00 -0.0000e+00 -0.0000e+00 -0.0000e+00 -0.0000e+00 -0.0000e+00
-4.0253e-07 -1.1394e-06 -2.0957e-06 -3.2319e-06 -4.5264e-06 -5.9655e-06 -7.5402e-06 -9.2441e-06 2.0095e-04 -1.3024e-05 -1.5094e-05 -1.7282e-05 -1.9588e-05 -2.2009e-05 -2.4545e-05 -2.7195e-05 -2.9957e-05 -3.2829e-05 -3.5808e-05 -3.8889e-05 -4.2068e-05 -4.5336e-05 -4.8685e-05 -5.2104e-05 -5.5577e-05 -5.9089e-05 -6.2616e-05 -6.6136e-05 -6.9617e-05 -7.3025e-05 -7.6320e-05 -7.9456e-05 -8.2381e-05 -8.5036e-05 -8.7358e-05 -8.9276e-05 -9.0719e-05 -9.1608e-05 -9.1868e-05 -9.1423e-05 -9.0206e-05 -8.8161e-05 -8.5246e-05 -8.1447e-05 -7.6775e-05 -7.1280e-05 -6.5052e-05 -5.8226e-05 -5.0980e-05 -4.3531e-05 -3.6124e-05 -2.9017e-05 -2.2455e-05 -1.6650e-05 -1.1754e-05 -7.8412e-06 -4.9002e-06 -2.8391e-06 -1.5067e-06 -7.2183e-07 -3.0689e-07 -1.1344e-07 -3.5570e-08 -9.1854e-09 -1.8847e-09 -2.9419e-10 -3.3125e-11 -2.5204e-12 -1.1955e-13 -3.1978e-15 -4.2552e-17 -2.4054e-19 -4.7275e-22 -2.4999e-25 -2.5557e-29 -3.2843e-34 -3.0130e-40 -9.3009e-48 -3.5149e-57 -4.1037e-69 -2.2116e-84 -3.8290e-104 -4.7681e-130 -1.7146e-164 -4.9825e-211 -4.7442e-275 -0.0000e+00 -0.0000e+00 -0.0000e+00 -0.0000e+00 -0.0000e+00 -0.0000e+00 -0.0000e+00 -0.0000e+00 -0.0000e+00 -0.0000e+00 -0.0000e+00 -0.0000e+00 -0.0000e+00 -0.0000e+00 -4.0253e-07 -1.1394e-06 -2.0957e-06 -3.2319e-06 -4.5264e-06 -5.9655e-06 -7.5402e-06 -9.2441e-06 0.0000e+00 -1.3024e-05 -1.5094e-05 -1.7282e-05 -1.9588e-05 -2.2009e-05 -2.4545e-05 -2.7195e-05 -2.9957e-05 -3.2829e-05 -3.5807e-05 -3.8889e-05 -4.2067e-05 -4.5335e-05 -4.8684e-05 -5.2102e-05 -5.5575e-05 -5.9085e-05 -6.2613e-05 -6.6131e-05 -6.9611e-05 -7.3018e-05 -7.6311e-05 -7.9445e-05 -8.2368e-05 -8.5020e-05 -8.7339e-05 -8.9255e-05 -9.0693e-05 -9.1579e-05 -9.1834e-05 -9.1385e-05 -9.0163e-05 -8.8113e-05 -8.5194e-05 -8.1390e-05 -7.6714e-05 -7.1216e-05 -6.4986e-05 -5.8159e-05 -5.0913e-05 -4.3467e-05 -3.6064e-05 -2.8962e-05 -2.2407e-05 -1.6610e-05 -1.1722e-05 -7.8167e-06 -4.8828e-06 -2.8277e-06 -1.4998e-06 -7.1808e-07 -3.0508e-07 -1.1267e-07 -3.5296e-08 -9.1044e-09 -1.8657e-09 -2.9078e-10 -3.2684e-11 -2.4817e-12 -1.1743e-13 -3.1322e-15 -4.1539e-17 -2.3387e-19 -4.5744e-22 -2.4051e-25 -2.4418e-29 -3.1118e-34 -2.8257e-40 -8.6145e-48 -3.2058e-57 -3.6725e-69 -1.9331e-84 -3.2499e-104 -3.9008e-130 -1.3395e-164 -3.6736e-211 -3.2535e-275 -0.0000e+00 -0.0000e+00 -0.0000e+00 -0.0000e+00 -0.0000e+00 -0.0000e+00 -0.0000e+00 -0.0000e+00 -0.0000e+00 -0.0000e+00 -0.0000e+00 -0.0000e+00 -0.0000e+00 -0.0000e+00
-4.7345e-07 -1.3401e-06 -2.4648e-06 -3.8012e-06 -5.3237e-06 -7.0164e-06 -8.8685e-06 -1.0873e-05 -1.3024e-05 3.0818e-04 -1.7753e-05 -2.0327e-05 -2.3038e-05 -2.5886e-05 -2.8869e-05 -3.1986e-05 -3.5235e-05 -3.8613e-05 -4.2116e-05 -4.5741e-05 -4.9479e-05 -5.3324e-05 -5.7263e-05 -6.1284e-05 -6.5370e-05 -6.9501e-05 -7.3651e-05 -7.7791e-05 -8.1887e-05 -8.5896e-05 -8.9774e-05 -9.3464e-05 -9.6905e-05 -1.0003e-04 -1.0276e-04 -1.0502e-04 -1.0672e-04 -1.0777e-04 -1.0808e-04 -1.0756e-04 -1.0614e-04 -1.0374e-04 -1.0031e-04 -9.5848e-05 -9.0357e-05 -8.3897e-05 -7.6574e-05 -6.8546e-05 -6.0023e-05 -5.1260e-05 -4.2545e-05 -3.4180e-05 -2.6456e-05 -1.9621e-05 -1.3855e-05 -9.2456e-06 -5.7798e-06 -3.3500e-06 -1.7786e-06 -8.5253e-07 -3.6267e-07 -1.3415e-07 -4.2095e-08 -1.0880e-08 -2.2347e-09 -3.4924e-10 -3.9378e-11 -3.0010e-12 -1.4262e-13 -3.8233e-15 -5.1011e-17 -2.8926e-19 -5.7061e-22 -3.0309e-25 -3.1150e-29 -4.0287e-34 -3.7244e-40 -1.1605e-47 -4.4355e-57 -5.2505e-69 -2.8776e-84 -5.0857e-104 -6.4941e-130 -2.4080e-164 -7.2639e-211 -7.2383e-275 -0.0000e+00 -0.0000e+00 -0.0000e+00 -0.0000e+00 -0.0000e+00 -0.0000e+00 -0.0000e+00 -0.0000e+00 -0.0000e+00 -0.0000e+00 -0.0000e+00 -0.0000e+00 -0.0000e+00 -0.0000e+00 -4.7345e-07 -1.3401e-06 -2.4648e-06 -3.8012e-06 -5.3237e-06 -7.0164e-06 -8.8684e-06 -1.0873e-05 -1.3024e-05 0.0000e+00 -1.7753e-05 -2.0327e-05 -2.3038e-05 -2.5886e-05 -2.8869e-05 -3.1986e-05 -3.5234e-05 -3.8612e-05 -4.2115e-05 -4.5740e-05 -4.9478e-05 -5.3322e-05 -5.7261e-05 -6.1281e-05 -6.5366e-05 -6.9495e-05 -7.3644e-05 -7.7782e-05 -8.1876e-05 -8.5883e-05 -8.9757e-05 -9.3444e-05 -9.6882e-05 -1.0000e-04 -1.0273e-04 -1.0498e-04 -1.0668e-04 -1.0772e-04 -1.0802e-04 -1.0750e-04 -1.0606e-04 -1.0365e-04 -1.0022e-04 -9.5746e-05 -9.0247e-05 -8.3781e-05 -7.6455e-05 -6.8425e-05 -5.9903e-05 -5.1144e-05 -4.2436e-05 -3.4081e-05 -2.6369e-05 -1.9548e-05 -1.3797e-05 -9.2014e-06 -5.7484e-06 -3.3294e-06 -1.7661e-06 -8.4576e-07 -3.5939e-07 -1.3276e-07 -4.1600e-08 -1.0734e-08 -2.2003e-09 -3.4308e-10 -3.8580e-11 -2.9311e-12 -1.3878e-13 -3.7045e-15 -4.9175e-17 -2.7717e-19 -5.4284e-22 -2.8587e-25 -2.9078e-29 -3.7144e-34 -3.3826e-40 -1.0349e-47 -3.8684e-57 -4.4562e-69 -2.3621e-84 -4.0070e-104 -4.8657e-130 -1.6962e-164 -4.7452e-211 -4.3147e-275 -0.0000e+00 -0.0000e+00 -0.0000e+00 -0.0000e+00 -0.0000e+00 -0.0000e+00 -0.0000e+00 -0.0000e+00 -0.0000e+00 -0.0000e+00 -0.0000e+00 -0.0000e+00 -0.0000e+00 -0.0000e+00
-5.4871e-07 -1.5531e-06 -2.8567e-06 -4.4055e-06 -6.1700e-06 -8.1317e-06 -1.0278e-05 -1.2601e-05 -1.5094e-05 -1.7753e-05 4.5431e-04 -2.3558e-05 -2.6701e-05 -3.0001e-05 -3.3459e-05 -3.7071e-05 -4.0836e-05 -4.4751e-05 -4.8812e-05 -5.3013e-05 -5.7346e-05 -6.1802e-05 -6.6368e-05 -7.1029e-05 -7.5766e-05 -8.0553e-05 -8.5364e-05 -9.0164e-05 -9.4913e-05 -9.9562e-05 -1.0406e-04 -1.0834e-04 -1.1233e-04 -1.1596e-04 -1.1913e-04 -1.2175e-04 -1.2373e-04 -1.2495e-04 -1.2531e-04 -1.2472e-04 -1.2307e-04 -1.2030e-04 -1.1634e-04 -1.1117e-04 -1.0481e-04 -9.7329e-05 -8.8845e-05 -7.9543e-05 -6.9664e-05 -5.9504e-05 -4.9398e-05 -3.9696e-05 -3.0734e-05 -2.2801e-05 -1.6106e-05 -1.0752e-05 -6.7244e-06 -3.8996e-06 -2.0716e-06 -9.9366e-07 -4.2304e-07 -1.5661e-07 -4.9197e-08 -1.2731e-08 -2.6184e-09 -4.0986e-10 -4.6299e-11 -3.5362e-12 -1.6848e-13 -4.5301e-15 -6.0653e-17 -3.4536e-19 -6.8463e-22 -3.6576e-25 -3.7852e-29 -4.9361e-34 -4.6085e-40 -1.4530e-47 -5.6329e-57 -6.7822e-69 -3.7938e-84 -6.8712e-104 -9.0355e-130 -3.4700e-164 -1.0915e-210 -1.1435e-274 -0.0000e+00 -0.0000e+00 -0.0000e+00 -0.0000e+00 -0.0000e+00 -0.0000e+00 -0.0000e+00 -0.0000e+00 -0.0000e+00 -0.0000e+00 -0.0000e+00 -0.0000e+00 -0.0000e+00 -0.0000e+00 -5.4871e-07 -1.5531e-06 -2.8567e-06 -4.4055e-06 -6.1700e-06 -8.1317e-06 -1.0278e-05 -1.2601e-05 -1.5094e-05 -1.7753e-05 0.0000e+00 -2.3558e-05 -2.6700e-05 -3.0001e-05 -3.3458e-05 -3.7070e-05 -4.0835e-05 -4.4750e-05 -4.8811e-05 -5.3011e-05 -5.7343e-05 -6.1798e-05 -6.6364e-05 -7.1023e-05 -7.5758e-05 -8.0544e-05 -8.5352e-05 -9.0149e-05 -9.4894e-05 -9.9539e-05 -1.0403e-04 -1.0830e-04 -1.1229e-04 -1.1591e-04 -1.1907e-04 -1.2168e-04 -1.2365e-04 -1.2486e-04 -1.2521e-04 -1.2460e-04 -1.2294e-04 -1.2015e-04 -1.1618e-04 -1.1099e-04 -1.0462e-04 -9.7131e-05 -8.8641e-05 -7.9336e-05 -6.9459e-05 -5.9306e-05 -4.9212e-05 -3.9526e-05 -3.0585e-05 -2.2676e-05 -1.6006e-05 -1.0676e-05 -6.6708e-06 -3.8643e-06 -2.0503e-06 -9.8206e-07 -4.1742e-07 -1.5425e-07 -4.8349e-08 -1.2480e-08 -2.5596e-09 -3.9931e-10 -4.4933e-11 -3.4163e-12 -1.6190e-13 -4.3262e-15 -5.7498e-17 -3.2456e-19 -6.3680e-22 -3.3606e-25 -3.4273e-29 -4.3918e-34 -4.0150e-40 -1.2343e-47 -4.6410e-57 -5.3860e-69 -2.8818e-84 -4.9469e-104 -6.0990e-130 -2.1683e-164 -6.2225e-211 -5.8506e-275 -0.0000e+00 -0.0000e+00 -0.0000e+00 -0.0000e+00 -0.0000e+00 -0.0000e+00 -0.0000e+00 -0.0000e+00 -0.0000e+00 -0.0000e+00 -0.0000e+00 -0.0000e+00 -0.0000e+00 -0.0000e+00
-6.2826e-07 -1.7783e-06 -3.2708e-06 -5.0442e-06 -7.0646e-06 -9.3107e-06 -1.1768e-05 -1.4428e-05 -1.7282e-05 -2.0327e-05 -2.3558e-05 6.4830e-04 -3.0572e-05 -3.4351e-05 -3.8310e-05 -4.2446e-05 -4.6757e-05 -5.1240e-05 -5.5890e-05 -6.0700e-05 -6.5662e-05 -7.0765e-05 -7.5994e-05 -8.1332e-05 -8.6756e-05 -9.2240e-05 -9.7750e-05 -1.0325e-04 -1.0869e-04 -1.1401e-04 -1.1916e-04 -1.2407e-04 -1.2865e-04 -1.3280e-04 -1.3644e-04 -1.3945e-04 -1.4172e-04 -1.4313e-04 -1.4356e-04 -1.4289e-04 -1.4101e-04 -1.3785e-04 -1.3332e-04 -1.2742e-04 -1.2014e-04 -1.1158e-04 -1.0188e-04 -9.1227e-05 -7.9915e-05 -6.8277e-05 -5.6697e-05 -4.5576e-05 -3.5299e-05 -2.6198e-05 -1.8514e-05 -1.2366e-05 -7.7388e-06 -4.4909e-06 -2.3876e-06 -1.1463e-06 -4.8851e-07 -1.8107e-07 -5.6955e-08 -1.4761e-08 -3.0416e-09 -4.7709e-10 -5.4025e-11 -4.1379e-12 -1.9780e-13 -5.3389e-15 -7.1804e-17 -4.1103e-19 -8.1987e-22 -4.4124e-25 -4.6059e-29 -6.0681e-34 -5.7343e-40 -1.8340e-47 -7.2315e-57 -8.8833e-69 -5.0881e-84 -9.4759e-104 -1.2876e-129 -5.1396e-164 -1.6919e-210 -1.8704e-274 -0.0000e+00 -0.0000e+00 -0.0000e+00 -0.0000e+00 -0.0000e+00 -0.0000e+00 -0.0000e+00 -0.0000e+00 -0.0000e+00 -0.0000e+00 -0.0000e+00 -0.0000e+00 -0.0000e+00 -0.0000e+00 -6.2826e-07 -1.7783e-06 -3.2708e-06 -5.0442e-06 -7.0646e-06 -9.3107e-06 -1.1768e-05 -1.4428e-05 -1.7282e-05 -2.0327e-05 -2.3558e-05 0.0000e+00 -3.0572e-05 -3.4351e-05 -3.8309e-05 -4.2445e-05 -4.6756e-05 -5.1239e-05 -5.5888e-05 -6.0697e-05 -6.5658e-05 -7.0759e-05 -7.5986e-05 -8.1322e-05 -8.6744e-05 -9.2224e-05 -9.7730e-05 -1.0322e-04 -1.0866e-04 -1.1398e-04 -1.1912e-04 -1.2401e-04 -1.2858e-04 -1.3272e-04 -1.3635e-04 -1.3934e-04 -1.4159e-04 -1.4298e-04 -1.4339e-04 -1.4270e-04 -1.4080e-04 -1.3761e-04 -1.3306e-04 -1.2713e-04 -1.1984e-04 -1.1126e-04 -1.0154e-04 -9.0889e-05 -7.9579e-05 -6.7953e-05 -5.6392e-05 -4.5298e-05 -3.5056e-05 -2.5994e-05 -1.8351e-05 -1.2243e-05 -7.6511e-06 -4.4332e-06 -2.3528e-06 -1.1273e-06 -4.7932e-07 -1.7719e-07 -5.5566e-08 -1.4351e-08 -2.9451e-09 -4.5979e-10 -5.1782e-11 -3.9410e-12 -1.8699e-13 -5.0034e-15 -6.6609e-17 -3.7673e-19 -7.4088e-22 -3.9209e-25 -4.0124e-29 -5.1628e-34 -4.7437e-40 -1.4674e-47 -5.5601e-57 -6.5147e-69 -3.5278e-84 -6.1482e-104 -7.7271e-130 -2.8155e-164 -8.3392e-211 -8.1677e-275 -0.0000e+00 -0.0000e+00 -0.0000e+00 -0.0000e+00 -0.0000e+00 -0.0000e+00 -0.0000e+00 -0.0000e+00 -0.0000e+00 -0.0000e+00 -0.0000e+00 -0.0000e+00 -0.0000e+00 -0.0000e+00
-7.1207e-07 -2.0155e-06 -3.7071e-06 -5.7171e-06 -8.0070e-06 -1.0553e-05 -1.3338e-05 -1.6352e-05 -1.9588e-05 -2.3038e-05 -2.6701e-05 -3.0572e-05 9.0030e-04 -3.8934e-05 -4.3420e-05 -4.8109e-05 -5.2995e-05 -5.8077e-05 -6.3347e-05 -6.8800e-05 -7.4424e-05 -8.0208e-05 -8.6136e-05 -9.2187e-05 -9.8337e-05 -1.0455e-04 -1.1080e-04 -1.1704e-04 -1.2321e-04 -1.2925e-04 -1.3509e-04 -1.4066e-04 -1.4585e-04 -1.5057e-04 -1.5470e-04 -1.5813e-04 -1.6071e-04 -1.6232e-04 -1.6282e-04 -1.6208e-04 -1.5997e-04 -1.5639e-04 -1.5128e-04 -1.4460e-04 -1.3637e-04 -1.2668e-04 -1.1569e-04 -1.0362e-04 -9.0797e-05 -7.7600e-05 -6.4462e-05 -5.1839e-05 -4.0168e-05 -2.9828e-05 -2.1092e-05 -1.4098e-05 -8.8292e-06 -5.1283e-06 -2.7292e-06 -1.3118e-06 -5.5978e-07 -2.0780e-07 -6.5477e-08 -1.7004e-08 -3.5118e-09 -5.5231e-10 -6.2735e-11 -4.8222e-12 -2.3146e-13 -6.2777e-15 -8.4906e-17 -4.8921e-19 -9.8330e-22 -5.3394e-25 -5.6321e-29 -7.5112e-34 -7.2002e-40 -2.3417e-47 -9.4146e-57 -1.1831e-68 -6.9574e-84 -1.3361e-103 -1.8813e-129 -7.8273e-164 -2.7047e-210 -3.1666e-274 -0.0000e+00 -0.0000e+00 -0.0000e+00 -0.0000e+00 -0.0000e+00 -0.0000e+00 -0.0000e+00 -0.0000e+00 -0.0000e+00 -0.0000e+00 -0.0000e+00 -0.0000e+00 -0.0000e+00 -0.0000e+00 -7.1207e-07 -2.0155e-06 -3.7071e-06 -5.7171e-06 -8.0070e-06 -1.0553e-05 -1.3338e-05 -1.6352e-05 -1.9588e-05 -2.3038e-05 -2.6700e-05 -3.0572e-05 0.0000e+00 -3.8933e-05 -4.3419e-05 -4.8107e-05 -5.2993e-05 -5.8074e-05 -6.3343e-05 -6.8794e-05 -7.4417e-05 -8.0199e-05 -8.6124e-05 -9.2172e-05 -9.8317e-05 -1.0453e-04 -1.1077e-04 -1.1700e-04 -1.2316e-04 -1.2919e-04 -1.3502e-04 -1.4057e-04 -1.4575e-04 -1.5045e-04 -1.5456e-04 -1.5795e-04 -1.6051e-04 -1.6209e-04 -1.6255e-04 -1.6177e-04 -1.5963e-04 -1.5601e-04 -1.5087e-04 -1.4415e-04 -1.3589e-04 -1.2617e-04 -1.1516e-04 -1.0309e-04 -9.0268e-05 -7.7089e-05 -6.3982e-05 -5.1402e-05 -3.9785e-05 -2.9506e-05 -2.0835e-05 -1.3903e-05 -8.6910e-06 -5.0373e-06 -2.6743e-06 -1.2818e-06 -5.4528e-07 -2.0168e-07 -6.3285e-08 -1.6356e-08 -3.3592e-09 -5.2494e-10 -5.9185e-11 -4.5102e-12 -2.1432e-13 -5.7451e-15 -7.6644e-17 -4.3458e-19 -8.5723e-22 -4.5531e-25 -4.6796e-29 -6.0532e-34 -5.5977e-40 -1.7452e-47 -6.6774e-57 -7.9182e-69 -4.3524e-84 -7.7287e-104 -9.9450e-130 -3.7331e-164 -1.1483e-210 -1.1802e-274 -0.0000e+00 -0.0000e+00 -0.0000e+00 -0.0000e+00 -0.0000e+00 -0.0000e+00 -0.0000e+00 -0.0000e+00 -0.0000e+00 -0.0000e+00 -0.0000e+00 -0.0000e+00 -0.0000e+00 -0.0000e+00
-8.0009e-07 -2.2646e-06 -4.1654e-06 -6.4238e-06 -8.9967e-06 -1.1857e-05 -1.4987e-05 -1.8374e-05 -2.2009e-05 -2.5886e-05 -3.0001e-05 -3.4351e-05 -3.8934e-05 1.2218e-03 -4.8788e-05 -5.4056e-05 -5.9548e-05 -6.5257e-05 -7.1180e-05 -7.7307e-05 -8.3628e-05 -9.0129e-05 -9.6791e-05 -1.0359e-04 -1.1050e-04 -1.1749e-04 -1.2452e-04 -1.3153e-04 -1.3846e-04 -1.4526e-04 -1.5183e-04 -1.5809e-04 -1.6394e-04 -1.6926e-04 -1.7391e-04 -1.7778e-04 -1.8070e-04 -1.8253e-04 -1.8311e-04 -1.8229e-04 -1.7995e-04 -1.7595e-04 -1.7023e-04 -1.6275e-04 -1.5352e-04 -1.4265e-04 -1.3030e-04 -1.1675e-04 -1.0234e-04 -8.7500e-05 -7.2720e-05 -5.8510e-05 -4.5365e-05 -3.3710e-05 -2.3855e-05 -1.5958e-05 -1.0004e-05 -5.8172e-06 -3.0998e-06 -1.4921e-06 -6.3778e-07 -2.3720e-07 -7.4904e-08 -1.9501e-08 -4.0390e-09 -6.3733e-10 -7.2669e-11 -5.6103e-12 -2.7066e-13 -7.3839e-15 -1.0055e-16 -5.8390e-19 -1.1844e-21 -6.4994e-25 -6.9400e-29 -9.3872e-34 -9.1466e-40 -3.0312e-47 -1.2454e-56 -1.6045e-68 -9.7104e-84 -1.9272e-103 -2.8187e-129 -1.2255e-163 -4.4588e-210 -5.5497e-274 -0.0000e+00 -0.0000e+00 -0.0000e+00 -0.0000e+00 -0.0000e+00 -0.0000e+00 -0.0000e+00 -0.0000e+00 -0.0000e+00 -0.0000e+00 -0.0000e+00 -0.0000e+00 -0.0000e+00 -0.0000e+00 -8.0009e-07 -2.2646e-06 -4.1654e-06 -6.4238e-06 -8.9967e-06 -1.1857e-05 -1.4987e-05 -1.8374e-05 -2.2009e-05 -2.5886e-05 -3.0001e-05 -3.4351e-05 -3.8933e-05 0.0000e+00 -4.8787e-05 -5.4054e-05 -5.9544e-05 -6.5253e-05 -7.1174e-05 -7.7299e-05 -8.3617e-05 -9.0115e-05 -9.6773e-05 -1.0357e-04 -1.1047e-04 -1.1746e-04 -1.2447e-04 -1.3147e-04 -1.3839e-04 -1.4517e-04 -1.5172e-04 -1.5796e-04 -1.6378e-04 -1.6907e-04 -1.7369e-04 -1.7751e-04 -1.8039e-04 -1.8217e-04 -1.8270e-04 -1.8183e-04 -1.7943e-04 -1.7538e-04 -1.6960e-04 -1.6206e-04 -1.5279e-04 -1.4187e-04 -1.2950e-04 -1.1594e-04 -1.0153e-04 -8.6720e-05 -7.1987e-05 -5.7844e-05 -4.4780e-05 -3.3218e-05 -2.3462e-05 -1.5661e-05 -9.7931e-06 -5.6783e-06 -3.0159e-06 -1.4463e-06 -6.1560e-07 -2.2784e-07 -7.1548e-08 -1.8508e-08 -3.8052e-09 -5.9534e-10 -6.7216e-11 -5.1306e-12 -2.4427e-13 -6.5627e-15 -8.7786e-17 -4.9934e-19 -9.8871e-22 -5.2753e-25 -5.4515e-29 -7.0983e-34 -6.6168e-40 -2.0831e-47 -8.0659e-57 -9.7062e-69 -5.4329e-84 -9.8669e-104 -1.3057e-129 -5.0763e-164 -1.6316e-210 -1.7724e-274 -0.0000e+00 -0.0000e+00 -0.0000e+00 -0.0000e+00 -0.0000e+00 -0.0000e+00 -0.0000e+00 -0.0000e+00 -0.0000e+00 -0.0000e+00 -0.0000e+00 -0.0000e+00 -0.0000e+00 -0.0000e+00
-8.9229e-07 -2.5256e-06 -4.6454e-06 -7.1640e-06 -1.0033e-05 -1.3224e-05 -1.6714e-05 -2.0491e-05 -2.4545e-05 -2.8869e-05 -3.3459e-05 -3.8310e-05 -4.3420e-05 -4.8788e-05 1.6255e-03 -6.0287e-05 -6.6411e-05 -7.2780e-05 -7.9386e-05 -8.6220e-05 -9.3271e-05 -1.0052e-04 -1.0795e-04 -1.1554e-04 -1.2325e-04 -1.3105e-04 -1.3889e-04 -1.4672e-04 -1.5446e-04 -1.6205e-04 -1.6939e-04 -1.7639e-04 -1.8292e-04 -1.8886e-04 -1.9408e-04 -1.9841e-04 -2.0169e-04 -2.0375e-04 -2.0443e-04 -2.0355e-04 -2.0097e-04 -1.9655e-04 -1.9020e-04 -1.8188e-04 -1.7162e-04 -1.5952e-04 -1.4576e-04 -1.3065e-04 -1.1458e-04 -9.8016e-05 -8.1507e-05 -6.5623e-05 -5.0917e-05 -3.7867e-05 -2.6823e-05 -1.7963e-05 -1.1275e-05 -6.5650e-06 -3.5038e-06 -1.6896e-06 -7.2367e-07 -2.6978e-07 -8.5419e-08 -2.2306e-08 -4.6363e-09 -7.3451e-10 -8.4135e-11 -6.5300e-12 -3.1694e-13 -8.7070e-15 -1.1952e-16 -7.0048e-19 -1.4359e-21 -7.9759e-25 -8.6356e-29 -1.1868e-33 -1.1775e-39 -3.9840e-47 -1.6759e-56 -2.2178e-68 -1.3838e-83 -2.8440e-103 -4.3303e-129 -1.9727e-163 -7.5823e-210 -1.0077e-273 -0.0000e+00 -0.0000e+00 -0.0000e+00 -0.0000e+00 -0.0000e+00 -0.0000e+00 -0.0000e+00 -0.0000e+00 -0.0000e+00 -0.0000e+00 -0.0000e+00 -0.0000e+00 -0.0000e+00 -0.0000e+00 -8.9229e-07 -2.5256e-06 -4.6454e-06 -7.1640e-06 -1.0033e-05 -1.3224e-05 -1.6714e-05 -2.0491e-05 -2.4545e-05 -2.8869e-05 -3.3458e-05 -3.8309e-05 -4.3419e-05 -4.8787e-05 0.0000e+00 -6.0284e-05 -6.6407e-05 -7.2773e-05 -7.9377e-05 -8.6208e-05 -9.3255e-05 -1.0050e-04 -1.0793e-04 -1.1551e-04 -1.2321e-04 -1.3100e-04 -1.3882e-04 -1.4663e-04 -1.5435e-04 -1.6191e-04 -1.6923e-04 -1.7619e-04 -1.8268e-04 -1.8858e-04 -1.9375e-04 -1.9802e-04 -2.0124e-04 -2.0323e-04 -2.0383e-04 -2.0287e-04 -2.0020e-04 -1.9569e-04 -1.8926e-04 -1.8086e-04 -1.7053e-04 -1.5837e-04 -1.4457e-04 -1.2945e-04 -1.1338e-04 -9.6858e-05 -8.0418e-05 -6.4632e-05 -5.0048e-05 -3.7137e-05 -2.6238e-05 -1.7520e-05 -1.0961e-05 -6.3583e-06 -3.3789e-06 -1.6214e-06 -6.9063e-07 -2.5582e-07 -8.0413e-08 -2.0824e-08 -4.2869e-09 -6.7171e-10 -7.5971e-11 -5.8107e-12 -2.7731e-13 -7.4713e-15 -1.0027e-16 -5.7262e-19 -1.1391e-21 -6.1118e-25 -6.3583e-29 -8.3458e-34 -7.8557e-40 -2.5025e-47 -9.8299e-57 -1.2038e-68 -6.8845e-84 -1.2838e-103 -1.7552e-129 -7.1039e-164 -2.4003e-210 -2.7744e-274 -0.0000e+00 -0.0000e+00 -0.0000e+00 -0.0000e+00 -0.0000e+00 -0.0000e+00 -0.0000e+00 -0.0000e+00 -0.0000e+00 -0.0000e+00 -0.0000e+00 -0.0000e+00 -0.0000e+00 -0.0000e+00
-9.8862e-07 -2.7983e-06 -5.1469e-06 -7.9375e-06 -1.1117e-05 -1.4651e-05 -1.8519e-05 -2.2703e-05 -2.7195e-05 -3.1986e-05 -3.7071e-05 -4.2446e-05 -4.8109e-05 -5.4056e-05 -6.0287e-05 2.1260e-03 -7.3583e-05 -8.0640e-05 -8.7961e-05 -9.5535e-05 -1.0335e-04 -1.1139e-04 -1.1962e-04 -1.2803e-04 -1.3658e-04 -1.4523e-04 -1.5392e-04 -1.6260e-04 -1.7119e-04 -1.7961e-04 -1.8776e-04 -1.9553e-04 -2.0279e-04 -2.0940e-04 -2.1520e-04 -2.2003e-04 -2.2370e-04 -2.2602e-04 -2.2681e-04 -2.2588e-04 -2.2306e-04 -2.1820e-04 -2.1121e-04 -2.0204e-04 -1.9071e-04 -1.7733e-04 -1.6211e-04 -1.4538e-04 -1.2756e-04 -1.0919e-04 -9.0866e-05 -7.3217e-05 -5.6861e-05 -4.2331e-05 -3.0020e-05 -2.0130e-05 -1.2654e-05 -7.3807e-06 -3.9467e-06 -1.9073e-06 -8.1896e-07 -3.0616e-07 -9.7252e-08 -2.5490e-08 -5.3201e-09 -8.4688e-10 -9.7536e-11 -7.6173e-12 -3.7234e-13 -1.0312e-14 -1.4286e-16 -8.4615e-19 -1.7554e-21 -9.8837e-25 -1.0867e-28 -1.5198e-33 -1.5379e-39 -5.3204e-47 -2.2951e-56 -3.1248e-68 -2.0137e-83 -4.2942e-103 -6.8224e-129 -3.2659e-163 -1.3311e-209 -1.8983e-273 -0.0000e+00 -0.0000e+00 -0.0000e+00 -0.0000e+00 -0.0000e+00 -0.0000e+00 -0.0000e+00 -0.0000e+00 -0.0000e+00 -0.0000e+00 -0.0000e+00 -0.0000e+00 -0.0000e+00 -0.0000e+00 -9.8862e-07 -2.7983e-06 -5.1469e-06 -7.9375e-06 -1.1117e-05 -1.4651e-05 -1.8519e-05 -2.2703e-05 -2.7195e-05 -3.1986e-05 -3.7070e-05 -4.2445e-05 -4.8107e-05 -5.4054e-05 -6.0284e-05 0.0000e+00 -7.3577e-05 -8.0631e-05 -8.7948e-05 -9.5518e-05 -1.0333e-04 -1.1136e-04 -1.1958e-04 -1.2798e-04 -1.3652e-04 -1.4515e-04 -1.5382e-04 -1.6247e-04 -1.7103e-04 -1.7942e-04 -1.8753e-04 -1.9524e-04 -2.0245e-04 -2.0899e-04 -2.1472e-04 -2.1946e-04 -2.2304e-04 -2.2526e-04 -2.2594e-04 -2.2489e-04 -2.2194e-04 -2.1696e-04 -2.0985e-04 -2.0056e-04 -1.8912e-04 -1.7566e-04 -1.6038e-04 -1.4363e-04 -1.2583e-04 -1.0751e-04 -8.9286e-05 -7.1779e-05 -5.5600e-05 -4.1271e-05 -2.9171e-05 -1.9487e-05 -1.2198e-05 -7.0800e-06 -3.7650e-06 -1.8081e-06 -7.7084e-07 -2.8583e-07 -8.9951e-08 -2.3326e-08 -4.8096e-09 -7.5500e-10 -8.5573e-11 -6.5615e-12 -3.1406e-13 -8.4905e-15 -1.1441e-16 -6.5650e-19 -1.3134e-21 -7.0947e-25 -7.4406e-29 -9.8612e-34 -9.3905e-40 -3.0336e-47 -1.2119e-56 -1.5149e-68 -8.8822e-84 -1.7074e-103 -2.4224e-129 -1.0259e-163 -3.6649e-210 -4.5373e-274 -0.0000e+00 -0.0000e+00 -0.0000e+00 -0.0000e+00 -0.0000e+00 -0.0000e+00 -0.0000e+00 -0.0000e+00 -0.0000e+00 -0.0000e+00 -0.0000e+00 -0.0000e+00 -0.0000e+00 -0.0000e+00
