1.0994e-04 -1.7459e-04 -2.1118e-04 -2.3963e-04 -2.6198e-04 -2.7923e-04 -2.9199e-04 -3.0071e-04 -3.0572e-04 -3.0737e-04 -3.0594e-04 -3.0176e-04 -2.9512e-04 -2.8634e-04 -2.7574e-04 -2.6362e-04 -2.5029e-04 -2.3605e-04 -2.2117e-04 -2.0591e-04 -1.9051e-04 -1.7519e-04 -1.6013e-04 -1.4551e-04 -1.3145e-04 -1.1806e-04 -1.0543e-04 -9.3620e-05 -8.2667e-05 -7.2590e-05 -6.3389e-05 -5.5051e-05 -4.7548e-05 -4.0845e-05 -3.4898e-05 -2.9656e-05 -2.5067e-05 -2.1075e-05 -1.7625e-05 -1.4661e-05 -1.2131e-05 -9.9852e-06 -8.1756e-06 -6.6589e-06 -5.3952e-06 -4.3486e-06 -3.4867e-06 -2.7812e-06 -2.2069e-06 -1.7421e-06 -1.3681e-06 -1.0689e-06 -8.3075e-07 -6.4237e-07 -4.9415e-07 -3.7818e-07 -2.8794e-07 -2.1811e-07 -1.6437e-07 -1.2324e-07 -9.1929e-08 -6.8222e-08 -5.0371e-08 -3.7001e-08 -2.7042e-08 -1.9663e-08 -1.4224e-08 -1.0238e-08 -7.3312e-09 -5.2232e-09 -3.7024e-09 -2.6111e-09 -1.8322e-09 -1.2791e-09 -8.8843e-10 -6.1397e-10 -4.2215e-10 -2.8880e-10 -1.9657e-10 -1.3312e-10 -8.9694e-11 -6.0130e-11 -4.0107e-11 -2.6617e-11 -1.7575e-11 -1.1546e-11 -7.5474e-12 -4.9086e-12 -3.1763e-12 -2.0450e-12 -1.3100e-12 -8.3499e-13 -5.2952e-13 -3.3412e-13 -2.0976e-13 -1.3103e-13 -8.1435e-14 -5.0358e-14 -3.0984e-14 -1.8968e-14 0.0000e+00 -1.7458e-04 -2.1117e-04 -2.3961e-04 -2.6194e-04 -2.7917e-04 -2.9190e-04 -3.0059e-04 -3.0557e-04 -3.0718e-04 -3.0571e-04 -3.0148e-04 -2.9481e-04 -2.8599e-04 -2.7535e-04 -2.6320e-04 -2.4984e-04 -2.3557e-04 -2.2067e-04 -2.0539e-04 -1.8999e-04 -1.7466e-04 -1.5961e-04 -1.4499e-04 -1.3094e-04 -1.1756e-04 -1.0495e-04 -9.3164e-05 -8.2236e-05 -7.2184e-05 -6.3011e-05 -5.4701e-05 -4.7227e-05 -4.0553e-05 -3.4633e-05 -2.9418e-05 -2.4855e-05 -2.0887e-05 -1.7459e-05 -1.4516e-05 -1.2005e-05 -9.8765e-06 -8.0824e-06 -6.5795e-06 -5.3279e-06 -4.2919e-06 -3.4394e-06 -2.7418e-06 -2.1743e-06 -1.7154e-06 -1.3463e-06 -1.0511e-06 -8.1646e-07 -6.3091e-07 -4.8501e-07 -3.7094e-07 -2.8223e-07 -2.1364e-07 -1.6089e-07 -1.2054e-07 -8.9847e-08 -6.6628e-08 -4.9157e-08 -3.6082e-08 -2.6349e-08 -1.9144e-08 -1.3838e-08 -9.9516e-09 -7.1204e-09 -5.0687e-09 -3.5899e-09 -2.5296e-09 -1.7734e-09 -1.2370e-09 -8.5842e-10 -5.9270e-10 -4.0716e-10 -2.7828e-10 -1.8923e-10 -1.2803e-10 -8.6184e-11 -5.7721e-11 -3.8463e-11 -2.5501e-11 -1.6821e-11 -1.1040e-11 -7.2091e-12 -4.6837e-12 -3.0277e-12 -1.9473e-12 -1.2461e-12 -7.9338e-13 -5.0260e-13 -3.1678e-13 -1.9866e-13 -1.2395e-13 -7.6953e-14 -4.7533e-14 -2.9213e-14 -1.7863e-14
-1.7459e-04 4.3972e-04 -2.9650e-04 -3.3651e-04 -3.6799e-04 -3.9234e-04 -4.1042e-04 -4.2285e-04 -4.3011e-04 -4.3265e-04 -4.3090e-04 -4.2527e-04 -4.1621e-04 -4.0414e-04 -3.8949e-04 -3.7269e-04 -3.5418e-04 -3.3435e-04 -3.1359e-04 -2.9227e-04 -2.7072e-04 -2.4925e-04 -2.2811e-04 -2.0755e-04 -1.8775e-04 -1.6886e-04 -1.5102e-04 -1.3431e-04 -1.1878e-04 -1.0447e-04 -9.1379e-05 -7.9495e-05 -6.8784e-05 -5.9195e-05 -5.0671e-05 -4.3143e-05 -3.6539e-05 -3.0782e-05 -2.5796e-05 -2.1504e-05 -1.7832e-05 -1.4710e-05 -1.2072e-05 -9.8550e-06 -8.0037e-06 -6.4666e-06 -5.1978e-06 -4.1564e-06 -3.3065e-06 -2.6169e-06 -2.0606e-06 -1.6142e-06 -1.2580e-06 -9.7547e-07 -7.5251e-07 -5.7756e-07 -4.4103e-07 -3.3506e-07 -2.5326e-07 -1.9046e-07 -1.4251e-07 -1.0609e-07 -7.8576e-08 -5.7905e-08 -4.2456e-08 -3.0971e-08 -2.2480e-08 -1.6234e-08 -1.1664e-08 -8.3388e-09 -5.9314e-09 -4.1978e-09 -2.9559e-09 -2.0709e-09 -1.4437e-09 -1.0013e-09 -6.9101e-10 -4.7448e-10 -3.2416e-10 -2.2036e-10 -1.4904e-10 -1.0030e-10 -6.7160e-11 -4.4745e-11 -2.9661e-11 -1.9564e-11 -1.2839e-11 -8.3840e-12 -5.4472e-12 -3.5215e-12 -2.2651e-12 -1.4497e-12 -9.2319e-13 -5.8496e-13 -3.6879e-13 -2.3135e-13 -1.4440e-13 -8.9679e-14 -5.5416e-14 -3.4073e-14 -1.7458e-04 0.0000e+00 -2.9643e-04 -3.3638e-04 -3.6776e-04 -3.9198e-04 -4.0992e-04 -4.2217e-04 -4.2924e-04 -4.3157e-04 -4.2960e-04 -4.2375e-04 -4.1446e-04 -4.0217e-04 -3.8731e-04 -3.7032e-04 -3.5164e-04 -3.3166e-04 -3.1079e-04 -2.8938e-04 -2.6778e-04 -2.4628e-04 -2.2514e-04 -2.0461e-04 -1.8487e-04 -1.6606e-04 -1.4832e-04 -1.3173e-04 -1.1634e-04 -1.0218e-04 -8.9244e-05 -7.7519e-05 -6.6969e-05 -5.7540e-05 -4.9173e-05 -4.1796e-05 -3.5336e-05 -2.9716e-05 -2.4857e-05 -2.0682e-05 -1.7118e-05 -1.4093e-05 -1.1542e-05 -9.4035e-06 -7.6211e-06 -6.1444e-06 -4.9281e-06 -3.9320e-06 -3.1210e-06 -2.4645e-06 -1.9360e-06 -1.5130e-06 -1.1764e-06 -9.0993e-07 -7.0021e-07 -5.3607e-07 -4.0830e-07 -3.0940e-07 -2.3325e-07 -1.7495e-07 -1.3055e-07 -9.6920e-08 -7.1587e-08 -5.2607e-08 -3.8463e-08 -2.7978e-08 -2.0249e-08 -1.4580e-08 -1.0445e-08 -7.4449e-09 -5.2796e-09 -3.7251e-09 -2.6150e-09 -1.8264e-09 -1.2692e-09 -8.7753e-10 -6.0367e-10 -4.1317e-10 -2.8136e-10 -1.9064e-10 -1.2851e-10 -8.6199e-11 -5.7526e-11 -3.8197e-11 -2.5235e-11 -1.6587e-11 -1.0848e-11 -7.0594e-12 -4.5706e-12 -2.9444e-12 -1.8872e-12 -1.2036e-12 -7.6371e-13 -4.8217e-13 -3.0289e-13 -1.8931e-13 -1.1773e-13 -7.2848e-14 -4.4850e-14 -2.7474e-14
-2.1118e-04 -2.9650e-04 9.8919e-04 -4.0733e-04 -4.4561e-04 -4.7534e-04 -4.9755e-04 -5.1298e-04 -5.2220e-04 -5.2575e-04 -5.2413e-04 -5.1785e-04 -5.0740e-04 -4.9329e-04 -4.7605e-04 -4.5617e-04 -4.3417e-04 -4.1051e-04 -3.8568e-04 -3.6010e-04 -3.3417e-04 -3.0827e-04 -2.8270e-04 -2.5776e-04 -2.3368e-04 -2.1065e-04 -1.8884e-04 -1.6835e-04 -1.4926e-04 -1.3162e-04 -1.1544e-04 -1.0070e-04 -8.7376e-05 -7.5413e-05 -6.4745e-05 -5.5294e-05 -4.6975e-05 -3.9700e-05 -3.3377e-05 -2.7916e-05 -2.3227e-05 -1.9227e-05 -1.5834e-05 -1.2972e-05 -1.0574e-05 -8.5744e-06 -6.9178e-06 -5.5528e-06 -4.4344e-06 -3.5234e-06 -2.7853e-06 -2.1907e-06 -1.7143e-06 -1.3347e-06 -1.0339e-06 -7.9689e-07 -6.1110e-07 -4.6627e-07 -3.5397e-07 -2.6737e-07 -2.0094e-07 -1.5025e-07 -1.1179e-07 -8.2756e-08 -6.0956e-08 -4.4673e-08 -3.2575e-08 -2.3635e-08 -1.7062e-08 -1.2256e-08 -8.7594e-09 -6.2291e-09 -4.4075e-09 -3.1030e-09 -2.1737e-09 -1.5151e-09 -1.0508e-09 -7.2510e-10 -4.9787e-10 -3.4014e-10 -2.3122e-10 -1.5639e-10 -1.0525e-10 -7.0480e-11 -4.6961e-11 -3.1133e-11 -2.0538e-11 -1.3480e-11 -8.8038e-12 -5.7210e-12 -3.6992e-12 -2.3799e-12 -1.5235e-12 -9.7041e-13 -6.1503e-13 -3.8785e-13 -2.4336e-13 -1.5194e-13 -9.4390e-14 -5.8345e-14 -2.1117e-04 -2.9643e-04 0.0000e+00 -4.0696e-04 -4.4499e-04 -4.7438e-04 -4.9619e-04 -5.1114e-04 -5.1983e-04 -5.2281e-04 -5.2059e-04 -5.1369e-04 -5.0262e-04 -4.8792e-04 -4.7011e-04 -4.4971e-04 -4.2724e-04 -4.0319e-04 -3.7803e-04 -3.5221e-04 -3.2612e-04 -3.0013e-04 -2.7457e-04 -2.4971e-04 -2.2579e-04 -2.0298e-04 -1.8145e-04 -1.6129e-04 -1.4257e-04 -1.2533e-04 -1.0957e-04 -9.5264e-05 -8.2380e-05 -7.0855e-05 -6.0616e-05 -5.1579e-05 -4.3656e-05 -3.6754e-05 -3.0780e-05 -2.5642e-05 -2.1249e-05 -1.7517e-05 -1.4365e-05 -1.1719e-05 -9.5103e-06 -7.6781e-06 -6.1669e-06 -4.9275e-06 -3.9170e-06 -3.0976e-06 -2.4371e-06 -1.9076e-06 -1.4855e-06 -1.1509e-06 -8.8709e-07 -6.8027e-07 -5.1901e-07 -3.9397e-07 -2.9753e-07 -2.2355e-07 -1.6712e-07 -1.2430e-07 -9.1980e-08 -6.7720e-08 -4.9607e-08 -3.6155e-08 -2.6217e-08 -1.8915e-08 -1.3578e-08 -9.6979e-09 -6.8915e-09 -4.8726e-09 -3.4278e-09 -2.3993e-09 -1.6709e-09 -1.1578e-09 -7.9823e-10 -5.4756e-10 -3.7373e-10 -2.5380e-10 -1.7149e-10 -1.1529e-10 -7.7125e-11 -5.1333e-11 -3.3995e-11 -2.2400e-11 -1.4686e-11 -9.5804e-12 -6.2184e-12 -4.0161e-12 -2.5807e-12 -1.6501e-12 -1.0497e-12 -6.6450e-13 -4.1853e-13 -2.6229e-13 -1.6355e-13 -1.0147e-13 -6.2645e-14 -3.8480e-14
-2.3963e-04 -3.3651e-04 -4.0733e-04 1.7581e-03 -5.0645e-04 -5.4063e-04 -5.6637e-04 -5.8450e-04 -5.9566e-04 -6.0045e-04 -5.9942e-04 -5.9310e-04 -5.8207e-04 -5.6687e-04 -5.4806e-04 -5.2621e-04 -5.0187e-04 -4.7557e-04 -4.4784e-04 -4.1915e-04 -3.8996e-04 -3.6068e-04 -3.3167e-04 -3.0327e-04 -2.7575e-04 -2.4934e-04 -2.2423e-04 -2.0055e-04 -1.7840e-04 -1.5786e-04 -1.3894e-04 -1.2164e-04 -1.0593e-04 -9.1775e-05 -7.9096e-05 -6.7816e-05 -5.7844e-05 -4.9085e-05 -4.1438e-05 -3.4804e-05 -2.9083e-05 -2.4178e-05 -1.9999e-05 -1.6458e-05 -1.3475e-05 -1.0978e-05 -8.8976e-06 -7.1753e-06 -5.7573e-06 -4.5962e-06 -3.6509e-06 -2.8854e-06 -2.2690e-06 -1.7753e-06 -1.3821e-06 -1.0705e-06 -8.2509e-07 -6.3273e-07 -4.8279e-07 -3.6653e-07 -2.7688e-07 -2.0811e-07 -1.5564e-07 -1.1582e-07 -8.5756e-08 -6.3179e-08 -4.6313e-08 -3.3780e-08 -2.4516e-08 -1.7703e-08 -1.2720e-08 -9.0939e-09 -6.4690e-09 -4.5788e-09 -3.2248e-09 -2.2598e-09 -1.5757e-09 -1.0932e-09 -7.5464e-10 -5.1834e-10 -3.5426e-10 -2.4091e-10 -1.6301e-10 -1.0975e-10 -7.3520e-11 -4.9006e-11 -3.2502e-11 -2.1449e-11 -1.4084e-11 -9.2017e-12 -5.9819e-12 -3.8693e-12 -2.4903e-12 -1.5948e-12 -1.0162e-12 -6.4430e-13 -4.0646e-13 -2.5513e-13 -1.5935e-13 -9.9026e-14 -2.3961e-04 -3.3638e-04 -4.0696e-04 0.0000e+00 -5.0519e-04 -5.3869e-04 -5.6361e-04 -5.8078e-04 -5.9088e-04 -5.9452e-04 -5.9226e-04 -5.8470e-04 -5.7242e-04 -5.5600e-04 -5.3604e-04 -5.1313e-04 -4.8784e-04 -4.6073e-04 -4.3232e-04 -4.0313e-04 -3.7360e-04 -3.4415e-04 -3.1515e-04 -2.8690e-04 -2.5969e-04 -2.3372e-04 -2.0916e-04 -1.8614e-04 -1.6474e-04 -1.4500e-04 -1.2693e-04 -1.1051e-04 -9.5696e-05 -8.2426e-05 -7.0617e-05 -6.0180e-05 -5.1014e-05 -4.3017e-05 -3.6084e-05 -3.0110e-05 -2.4994e-05 -2.0640e-05 -1.6956e-05 -1.3858e-05 -1.1267e-05 -9.1137e-06 -7.3340e-06 -5.8716e-06 -4.6768e-06 -3.7061e-06 -2.9219e-06 -2.2919e-06 -1.7886e-06 -1.3887e-06 -1.0728e-06 -8.2452e-07 -6.3050e-07 -4.7970e-07 -3.6313e-07 -2.7350e-07 -2.0495e-07 -1.5281e-07 -1.1336e-07 -8.3672e-08 -6.1449e-08 -4.4901e-08 -3.2645e-08 -2.3615e-08 -1.6997e-08 -1.2173e-08 -8.6740e-09 -6.1499e-09 -4.3384e-09 -3.0452e-09 -2.1268e-09 -1.4780e-09 -1.0220e-09 -7.0310e-10 -4.8131e-10 -3.2784e-10 -2.2219e-10 -1.4984e-10 -1.0054e-10 -6.7126e-11 -4.4594e-11 -2.9477e-11 -1.9387e-11 -1.2688e-11 -8.2621e-12 -5.3533e-12 -3.4514e-12 -2.2141e-12 -1.4132e-12 -8.9760e-13 -5.6726e-13 -3.5671e-13 -2.2319e-13 -1.3896e-13 -8.6081e-14 -5.3061e-14
-2.6198e-04 -3.6799e-04 -4.4561e-04 -5.0645e-04 2.7461e-03 -5.9278e-04 -6.2168e-04 -6.4238e-04 -6.5558e-04 -6.6189e-04 -6.6188e-04 -6.5615e-04 -6.4525e-04 -6.2977e-04 -6.1029e-04 -5.8741e-04 -5.6171e-04 -5.3374e-04 -5.0406e-04 -4.7320e-04 -4.4162e-04 -4.0980e-04 -3.7812e-04 -3.4695e-04 -3.1661e-04 -2.8735e-04 -2.5940e-04 -2.3291e-04 -2.0803e-04 -1.8483e-04 -1.6336e-04 -1.4363e-04 -1.2563e-04 -1.0933e-04 -9.4648e-05 -8.1521e-05 -6.9858e-05 -5.9559e-05 -5.0521e-05 -4.2638e-05 -3.5803e-05 -2.9912e-05 -2.4864e-05 -2.0565e-05 -1.6923e-05 -1.3857e-05 -1.1289e-05 -9.1507e-06 -7.3805e-06 -5.9229e-06 -4.7294e-06 -3.7575e-06 -2.9704e-06 -2.3365e-06 -1.8286e-06 -1.4240e-06 -1.1034e-06 -8.5070e-07 -6.5260e-07 -4.9813e-07 -3.7832e-07 -2.8590e-07 -2.1497e-07 -1.6083e-07 -1.1973e-07 -8.8686e-08 -6.5363e-08 -4.7933e-08 -3.4976e-08 -2.5393e-08 -1.8344e-08 -1.3186e-08 -9.4305e-09 -6.7110e-09 -4.7519e-09 -3.3479e-09 -2.3469e-09 -1.6370e-09 -1.1361e-09 -7.8456e-10 -5.3908e-10 -3.6855e-10 -2.5071e-10 -1.6969e-10 -1.1428e-10 -7.6581e-11 -5.1061e-11 -3.3874e-11 -2.2360e-11 -1.4686e-11 -9.5977e-12 -6.2409e-12 -4.0378e-12 -2.5993e-12 -1.6650e-12 -1.0611e-12 -6.7292e-13 -4.2459e-13 -2.6656e-13 -1.6652e-13 -2.6194e-04 -3.6776e-04 -4.4499e-04 -5.0519e-04 0.0000e+00 -5.8947e-04 -6.1697e-04 -6.3603e-04 -6.4740e-04 -6.5173e-04 -6.4964e-04 -6.4176e-04 -6.2872e-04 -6.1115e-04 -5.8968e-04 -5.6496e-04 -5.3761e-04 -5.0823e-04 -4.7739e-04 -4.4563e-04 -4.1346e-04 -3.8132e-04 -3.4961e-04 -3.1869e-04 -2.8885e-04 -2.6033e-04 -2.3331e-04 -2.0794e-04 -1.8432e-04 -1.6249e-04 -1.4248e-04 -1.2426e-04 -1.0779e-04 -9.3010e-05 -7.9832e-05 -6.8162e-05 -5.7893e-05 -4.8915e-05 -4.1115e-05 -3.4380e-05 -2.8600e-05 -2.3669e-05 -1.9487e-05 -1.5963e-05 -1.3008e-05 -1.0547e-05 -8.5078e-06 -6.8280e-06 -5.4521e-06 -4.3314e-06 -3.4236e-06 -2.6924e-06 -2.1067e-06 -1.6402e-06 -1.2705e-06 -9.7917e-07 -7.5087e-07 -5.7291e-07 -4.3493e-07 -3.2853e-07 -2.4692e-07 -1.8465e-07 -1.3740e-07 -1.0173e-07 -7.4939e-08 -5.4930e-08 -4.0063e-08 -2.9074e-08 -2.0994e-08 -1.5084e-08 -1.0784e-08 -7.6711e-09 -5.4298e-09 -3.8242e-09 -2.6800e-09 -1.8688e-09 -1.2967e-09 -8.9523e-10 -6.1500e-10 -4.2039e-10 -2.8594e-10 -1.9352e-10 -1.3033e-10 -8.7331e-11 -5.8230e-11 -3.8633e-11 -2.5505e-11 -1.6754e-11 -1.0951e-11 -7.1228e-12 -4.6097e-12 -2.9685e-12 -1.9022e-12 -1.2128e-12 -7.6948e-13 -4.8577e-13 -3.0515e-13 -1.9074e-13 -1.1863e-13 -7.3420e-14
-2.7923e-04 -3.9234e-04 -4.7534e-04 -5.4063e-04 -5.9278e-04 3.9528e-03 -6.6587e-04 -6.8909e-04 -7.0445e-04 -7.1257e-04 -7.1406e-04 -7.0947e-04 -6.9939e-04 -6.8440e-04 -6.6508e-04 -6.4203e-04 -6.1584e-04 -5.8708e-04 -5.5632e-04 -5.2411e-04 -4.9093e-04 -4.5729e-04 -4.2360e-04 -3.9025e-04 -3.5760e-04 -3.2594e-04 -2.9551e-04 -2.6652e-04 -2.3913e-04 -2.1344e-04 -1.8953e-04 -1.6744e-04 -1.4717e-04 -1.2870e-04 -1.1197e-04 -9.6928e-05 -8.3482e-05 -7.1539e-05 -6.0996e-05 -5.1745e-05 -4.3678e-05 -3.6683e-05 -3.0654e-05 -2.5488e-05 -2.1087e-05 -1.7358e-05 -1.4217e-05 -1.1587e-05 -9.3955e-06 -7.5807e-06 -6.0859e-06 -4.8614e-06 -3.8639e-06 -3.0557e-06 -2.4045e-06 -1.8826e-06 -1.4667e-06 -1.1369e-06 -8.7686e-07 -6.7292e-07 -5.1384e-07 -3.9040e-07 -2.9513e-07 -2.2199e-07 -1.6615e-07 -1.2373e-07 -9.1676e-08 -6.7589e-08 -4.9580e-08 -3.6188e-08 -2.6281e-08 -1.8991e-08 -1.3654e-08 -9.7680e-09 -6.9529e-09 -4.9243e-09 -3.4701e-09 -2.4331e-09 -1.6975e-09 -1.1783e-09 -8.1384e-10 -5.5929e-10 -3.8243e-10 -2.6019e-10 -1.7613e-10 -1.1863e-10 -7.9506e-11 -5.3016e-11 -3.5175e-11 -2.3221e-11 -1.5253e-11 -9.9686e-12 -6.4824e-12 -4.1943e-12 -2.7002e-12 -1.7297e-12 -1.1024e-12 -6.9909e-13 -4.4111e-13 -2.7694e-13 -2.7917e-04 -3.9198e-04 -4.7438e-04 -5.3869e-04 -5.8947e-04 0.0000e+00 -6.5863e-04 -6.7933e-04 -6.9187e-04 -6.9695e-04 -6.9522e-04 -6.8732e-04 -6.7393e-04 -6.5569e-04 -6.3329e-04 -6.0738e-04 -5.7862e-04 -5.4764e-04 -5.1504e-04 -4.8141e-04 -4.4727e-04 -4.1310e-04 -3.7932e-04 -3.4631e-04 -3.1439e-04 -2.8382e-04 -2.5481e-04 -2.2752e-04 -2.0205e-04 -1.7846e-04 -1.5679e-04 -1.3702e-04 -1.1911e-04 -1.0300e-04 -8.8602e-05 -7.5821e-05 -6.4548e-05 -5.4667e-05 -4.6061e-05 -3.8611e-05 -3.2200e-05 -2.6717e-05 -2.2055e-05 -1.8114e-05 -1.4802e-05 -1.2035e-05 -9.7353e-06 -7.8356e-06 -6.2748e-06 -4.9997e-06 -3.9638e-06 -3.1267e-06 -2.4541e-06 -1.9166e-06 -1.4893e-06 -1.1515e-06 -8.8589e-07 -6.7815e-07 -5.1654e-07 -3.9149e-07 -2.9524e-07 -2.2155e-07 -1.6542e-07 -1.2290e-07 -9.0860e-08 -6.6839e-08 -4.8924e-08 -3.5634e-08 -2.5825e-08 -1.8624e-08 -1.3364e-08 -9.5425e-09 -6.7800e-09 -4.7934e-09 -3.3721e-09 -2.3605e-09 -1.6442e-09 -1.1396e-09 -7.8600e-10 -5.3942e-10 -3.6836e-10 -2.5031e-10 -1.6925e-10 -1.1387e-10 -7.6239e-11 -5.0789e-11 -3.3668e-11 -2.2209e-11 -1.4577e-11 -9.5207e-12 -6.1876e-12 -4.0015e-12 -2.5749e-12 -1.6488e-12 -1.0506e-12 -6.6607e-13 -4.2021e-13 -2.6379e-13 -1.6478e-13 -1.0243e-13
-2.9199e-04 -4.1042e-04 -4.9755e-04 -5.6637e-04 -6.2168e-04 -6.6587e-04 5.3776e-03 -7.2605e-04 -7.4372e-04 -7.5397e-04 -7.5737e-04 -7.5449e-04 -7.4587e-04 -7.3208e-04 -7.1370e-04 -6.9129e-04 -6.6543e-04 -6.3671e-04 -6.0567e-04 -5.7287e-04 -5.3883e-04 -5.0404e-04 -4.6894e-04 -4.3396e-04 -3.9948e-04 -3.6581e-04 -3.3324e-04 -3.0201e-04 -2.7230e-04 -2.4427e-04 -2.1800e-04 -1.9358e-04 -1.7102e-04 -1.5033e-04 -1.3148e-04 -1.1441e-04 -9.9064e-05 -8.5344e-05 -7.3156e-05 -6.2395e-05 -5.2951e-05 -4.4711e-05 -3.7565e-05 -3.1404e-05 -2.6121e-05 -2.1619e-05 -1.7803e-05 -1.4588e-05 -1.1893e-05 -9.6478e-06 -7.7872e-06 -6.2540e-06 -4.9976e-06 -3.9735e-06 -3.1435e-06 -2.4744e-06 -1.9380e-06 -1.5103e-06 -1.1710e-06 -9.0346e-07 -6.9353e-07 -5.2971e-07 -4.0256e-07 -3.0439e-07 -2.2901e-07 -1.7143e-07 -1.2769e-07 -9.4629e-08 -6.9777e-08 -5.1194e-08 -3.7371e-08 -2.7144e-08 -1.9616e-08 -1.4105e-08 -1.0092e-08 -7.1839e-09 -5.0883e-09 -3.5859e-09 -2.5144e-09 -1.7543e-09 -1.2178e-09 -8.4111e-10 -5.7804e-10 -3.9525e-10 -2.6891e-10 -1.8204e-10 -1.2261e-10 -8.2167e-11 -5.4789e-11 -3.6350e-11 -2.3996e-11 -1.5761e-11 -1.0300e-11 -6.6974e-12 -4.3331e-12 -2.7894e-12 -1.7866e-12 -1.1386e-12 -7.2199e-13 -4.5552e-13 -2.9190e-04 -4.0992e-04 -4.9619e-04 -5.6361e-04 -6.1697e-04 -6.5863e-04 0.0000e+00 -7.1214e-04 -7.2579e-04 -7.3167e-04 -7.3047e-04 -7.2284e-04 -7.0946e-04 -6.9101e-04 -6.6818e-04 -6.4163e-04 -6.1205e-04 -5.8008e-04 -5.4635e-04 -5.1146e-04 -4.7595e-04 -4.4032e-04 -4.0503e-04 -3.7046e-04 -3.3695e-04 -3.0478e-04 -2.7419e-04 -2.4533e-04 -2.1834e-04 -1.9328e-04 -1.7020e-04 -1.4909e-04 -1.2992e-04 -1.1262e-04 -9.7125e-05 -8.3331e-05 -7.1130e-05 -6.0405e-05 -5.1037e-05 -4.2903e-05 -3.5883e-05 -2.9861e-05 -2.4724e-05 -2.0368e-05 -1.6695e-05 -1.3616e-05 -1.1050e-05 -8.9224e-06 -7.1686e-06 -5.7309e-06 -4.5588e-06 -3.6084e-06 -2.8419e-06 -2.2272e-06 -1.7368e-06 -1.3477e-06 -1.0406e-06 -7.9947e-07 -6.1120e-07 -4.6496e-07 -3.5196e-07 -2.6511e-07 -1.9871e-07 -1.4821e-07 -1.0999e-07 -8.1230e-08 -5.9693e-08 -4.3650e-08 -3.1762e-08 -2.2998e-08 -1.6570e-08 -1.1880e-08 -8.4754e-09 -6.0168e-09 -4.2504e-09 -2.9878e-09 -2.0899e-09 -1.4547e-09 -1.0075e-09 -6.9441e-10 -4.7624e-10 -3.2501e-10 -2.2071e-10 -1.4914e-10 -1.0029e-10 -6.7104e-11 -4.4679e-11 -2.9602e-11 -1.9516e-11 -1.2803e-11 -8.3579e-12 -5.4292e-12 -3.5094e-12 -2.2573e-12 -1.4447e-12 -9.2014e-13 -5.8314e-13 -3.6775e-13 -2.3077e-13 -1.4410e-13
-3.0071e-04 -4.2285e-04 -5.1298e-04 -5.8450e-04 -6.4238e-04 -6.8909e-04 -7.2605e-04 7.0200e-03 -7.7435e-04 -7.8700e-04 -7.9273e-04 -7.9206e-04 -7.8551e-04 -7.7360e-04 -7.5687e-04 -7.3586e-04 -7.1112e-04 -6.8321e-04 -6.5266e-04 -6.2001e-04 -5.8579e-04 -5.5049e-04 -5.1458e-04 -4.7850e-04 -4.4263e-04 -4.0735e-04 -3.7296e-04 -3.3974e-04 -3.0790e-04 -2.7764e-04 -2.4909e-04 -2.2236e-04 -1.9750e-04 -1.7453e-04 -1.5347e-04 -1.3427e-04 -1.1688e-04 -1.0124e-04 -8.7254e-05 -7.4823e-05 -6.3842e-05 -5.4200e-05 -4.5784e-05 -3.8481e-05 -3.2181e-05 -2.6778e-05 -2.2170e-05 -1.8263e-05 -1.4970e-05 -1.2208e-05 -9.9064e-06 -7.9982e-06 -6.4252e-06 -5.1357e-06 -4.0843e-06 -3.2319e-06 -2.5445e-06 -1.9933e-06 -1.5536e-06 -1.2048e-06 -9.2965e-07 -7.1373e-07 -5.4520e-07 -4.1437e-07 -3.1335e-07 -2.3577e-07 -1.7650e-07 -1.3147e-07 -9.7435e-08 -7.1848e-08 -5.2714e-08 -3.8481e-08 -2.7950e-08 -2.0199e-08 -1.4524e-08 -1.0391e-08 -7.3965e-09 -5.2386e-09 -3.6916e-09 -2.5884e-09 -1.8057e-09 -1.2534e-09 -8.6566e-10 -5.9486e-10 -4.0672e-10 -2.7668e-10 -1.8728e-10 -1.2613e-10 -8.4515e-11 -5.6348e-11 -3.7380e-11 -2.4673e-11 -1.6203e-11 -1.0588e-11 -6.8839e-12 -4.4532e-12 -2.8663e-12 -1.8356e-12 -1.1697e-12 -7.4160e-13 -3.0059e-04 -4.2217e-04 -5.1114e-04 -5.8078e-04 -6.3603e-04 -6.7933e-04 -7.1214e-04 0.0000e+00 -7.5017e-04 -7.5692e-04 -7.5641e-04 -7.4931e-04 -7.3629e-04 -7.1803e-04 -6.9522e-04 -6.6854e-04 -6.3867e-04 -6.0628e-04 -5.7198e-04 -5.3639e-04 -5.0006e-04 -4.6352e-04 -4.2721e-04 -3.9156e-04 -3.5691e-04 -3.2355e-04 -2.9174e-04 -2.6166e-04 -2.3344e-04 -2.0717e-04 -1.8290e-04 -1.6064e-04 -1.4036e-04 -1.2201e-04 -1.0553e-04 -9.0801e-05 -7.7737e-05 -6.6216e-05 -5.6120e-05 -4.7324e-05 -3.9708e-05 -3.3151e-05 -2.7539e-05 -2.2763e-05 -1.8722e-05 -1.5322e-05 -1.2478e-05 -1.0111e-05 -8.1530e-06 -6.5416e-06 -5.2228e-06 -4.1494e-06 -3.2803e-06 -2.5806e-06 -2.0201e-06 -1.5736e-06 -1.2197e-06 -9.4082e-07 -7.2213e-07 -5.5155e-07 -4.1920e-07 -3.1705e-07 -2.3861e-07 -1.7870e-07 -1.3318e-07 -9.8763e-08 -7.2884e-08 -5.3522e-08 -3.9111e-08 -2.8440e-08 -2.0580e-08 -1.4819e-08 -1.0618e-08 -7.5708e-09 -5.3717e-09 -3.7926e-09 -2.6647e-09 -1.8630e-09 -1.2961e-09 -8.9729e-10 -6.1815e-10 -4.2376e-10 -2.8907e-10 -1.9623e-10 -1.3255e-10 -8.9095e-11 -5.9593e-11 -3.9664e-11 -2.6270e-11 -1.7314e-11 -1.1355e-11 -7.4103e-12 -4.8123e-12 -3.1097e-12 -1.9996e-12 -1.2795e-12 -8.1470e-13 -5.1619e-13 -3.2544e-13 -2.0417e-13
-3.0572e-04 -4.3011e-04 -5.2220e-04 -5.9566e-04 -6.5558e-04 -7.0445e-04 -7.4372e-04 -7.7435e-04 8.8792e-03 -8.1233e-04 -8.2075e-04 -8.2276e-04 -8.1882e-04 -8.0941e-04 -7.9501e-04 -7.7611e-04 -7.5322e-04 -7.2684e-04 -6.9750e-04 -6.6572e-04 -6.3199e-04 -5.9682e-04 -5.6067e-04 -5.2399e-04 -4.8721e-04 -4.5070e-04 -4.1482e-04 -3.7987e-04 -3.4611e-04 -3.1376e-04 -2.8302e-04 -2.5400e-04 -2.2682e-04 -2.0154e-04 -1.7817e-04 -1.5673e-04 -1.3718e-04 -1.1946e-04 -1.0351e-04 -8.9244e-05 -7.6557e-05 -6.5344e-05 -5.5493e-05 -4.6891e-05 -3.9423e-05 -3.2978e-05 -2.7448e-05 -2.2730e-05 -1.8729e-05 -1.5354e-05 -1.2525e-05 -1.0165e-05 -8.2080e-06 -6.5946e-06 -5.2717e-06 -4.1929e-06 -3.3181e-06 -2.6125e-06 -2.0467e-06 -1.5953e-06 -1.2372e-06 -9.5465e-07 -7.3291e-07 -5.5985e-07 -4.2549e-07 -3.2175e-07 -2.4208e-07 -1.8122e-07 -1.3498e-07 -1.0003e-07 -7.3754e-08 -5.4108e-08 -3.9495e-08 -2.8684e-08 -2.0727e-08 -1.4902e-08 -1.0660e-08 -7.5873e-09 -5.3731e-09 -3.7860e-09 -2.6542e-09 -1.8514e-09 -1.2850e-09 -8.8732e-10 -6.0966e-10 -4.1677e-10 -2.8349e-10 -1.9185e-10 -1.2919e-10 -8.6556e-11 -5.7700e-11 -3.8271e-11 -2.5257e-11 -1.6585e-11 -1.0836e-11 -7.0438e-12 -4.5559e-12 -2.9320e-12 -1.8774e-12 -1.1961e-12 -3.0557e-04 -4.2924e-04 -5.1983e-04 -5.9088e-04 -6.4740e-04 -6.9187e-04 -7.2579e-04 -7.5017e-04 0.0000e+00 -7.7350e-04 -7.7383e-04 -7.6748e-04 -7.5512e-04 -7.3742e-04 -7.1507e-04 -6.8872e-04 -6.5906e-04 -6.2674e-04 -5.9239e-04 -5.5662e-04 -5.1999e-04 -4.8302e-04 -4.4618e-04 -4.0988e-04 -3.7450e-04 -3.4035e-04 -3.0767e-04 -2.7667e-04 -2.4750e-04 -2.2026e-04 -1.9501e-04 -1.7177e-04 -1.5054e-04 -1.3126e-04 -1.1388e-04 -9.8301e-05 -8.4431e-05 -7.2156e-05 -6.1360e-05 -5.1920e-05 -4.3716e-05 -3.6626e-05 -3.0534e-05 -2.5331e-05 -2.0911e-05 -1.7177e-05 -1.4041e-05 -1.1422e-05 -9.2451e-06 -7.4468e-06 -5.9690e-06 -4.7610e-06 -3.7790e-06 -2.9849e-06 -2.3461e-06 -1.8351e-06 -1.4283e-06 -1.1063e-06 -8.5274e-07 -6.5407e-07 -4.9924e-07 -3.7920e-07 -2.8662e-07 -2.1559e-07 -1.6137e-07 -1.2020e-07 -8.9091e-08 -6.5714e-08 -4.8234e-08 -3.5231e-08 -2.5608e-08 -1.8522e-08 -1.3332e-08 -9.5490e-09 -6.8061e-09 -4.8274e-09 -3.4072e-09 -2.3931e-09 -1.6726e-09 -1.1633e-09 -8.0512e-10 -5.5450e-10 -3.8002e-10 -2.5917e-10 -1.7589e-10 -1.1878e-10 -7.9823e-11 -5.3380e-11 -3.5521e-11 -2.3522e-11 -1.5499e-11 -1.0163e-11 -6.6312e-12 -4.3056e-12 -2.7818e-12 -1.7885e-12 -1.1442e-12 -7.2846e-13 -4.6148e-13 -2.9091e-13
-3.0737e-04 -4.3265e-04 -5.2575e-04 -6.0045e-04 -6.6189e-04 -7.1257e-04 -7.5397e-04 -7.8700e-04 -8.1233e-04 1.0955e-02 -8.4190e-04 -8.4699e-04 -8.4616e-04 -8.3980e-04 -8.2834e-04 -8.1219e-04 -7.9182e-04 -7.6768e-04 -7.4024e-04 -7.0998e-04 -6.7740e-04 -6.4296e-04 -6.0714e-04 -5.7040e-04 -5.3316e-04 -4.9584e-04 -4.5881e-04 -4.2241e-04 -3.8695e-04 -3.5269e-04 -3.1986e-04 -2.8862e-04 -2.5914e-04 -2.3149e-04 -2.0576e-04 -1.8198e-04 -1.6013e-04 -1.4020e-04 -1.2213e-04 -1.0586e-04 -9.1293e-05 -7.8334e-05 -6.6876e-05 -5.6806e-05 -4.8010e-05 -4.0371e-05 -3.3776e-05 -2.8116e-05 -2.3286e-05 -1.9189e-05 -1.5732e-05 -1.2834e-05 -1.0416e-05 -8.4111e-06 -6.7579e-06 -5.4022e-06 -4.2966e-06 -3.4000e-06 -2.6770e-06 -2.0970e-06 -1.6345e-06 -1.2675e-06 -9.7793e-07 -7.5072e-07 -5.7340e-07 -4.3575e-07 -3.2947e-07 -2.4786e-07 -1.8552e-07 -1.3816e-07 -1.0238e-07 -7.5475e-08 -5.5363e-08 -4.0405e-08 -2.9340e-08 -2.1198e-08 -1.5239e-08 -1.0899e-08 -7.7564e-09 -5.4920e-09 -3.8691e-09 -2.7121e-09 -1.8915e-09 -1.3126e-09 -9.0624e-10 -6.2256e-10 -4.2553e-10 -2.8939e-10 -1.9582e-10 -1.3184e-10 -8.8319e-11 -5.8866e-11 -3.9039e-11 -2.5760e-11 -1.6912e-11 -1.1048e-11 -7.1806e-12 -4.6437e-12 -2.9880e-12 -1.9130e-12 -3.0718e-04 -4.3157e-04 -5.2281e-04 -5.9452e-04 -6.5173e-04 -6.9695e-04 -7.3167e-04 -7.5692e-04 -7.7350e-04 0.0000e+00 -7.8339e-04 -7.7800e-04 -7.6658e-04 -7.4977e-04 -7.2825e-04 -7.0265e-04 -6.7365e-04 -6.4187e-04 -6.0795e-04 -5.7248e-04 -5.3601e-04 -4.9907e-04 -4.6213e-04 -4.2562e-04 -3.8990e-04 -3.5530e-04 -3.2208e-04 -2.9046e-04 -2.6060e-04 -2.3261e-04 -2.0659e-04 -1.8255e-04 -1.6050e-04 -1.4041e-04 -1.2223e-04 -1.0587e-04 -9.1249e-05 -7.8261e-05 -6.6791e-05 -5.6723e-05 -4.7937e-05 -4.0314e-05 -3.3737e-05 -2.8096e-05 -2.3284e-05 -1.9203e-05 -1.5760e-05 -1.2871e-05 -1.0461e-05 -8.4607e-06 -6.8098e-06 -5.4544e-06 -4.3476e-06 -3.4486e-06 -2.7222e-06 -2.1384e-06 -1.6716e-06 -1.3004e-06 -1.0067e-06 -7.7560e-07 -5.9463e-07 -4.5367e-07 -3.4444e-07 -2.6025e-07 -1.9567e-07 -1.4641e-07 -1.0902e-07 -8.0777e-08 -5.9563e-08 -4.3706e-08 -3.1915e-08 -2.3191e-08 -1.6770e-08 -1.2067e-08 -8.6413e-09 -6.1578e-09 -4.3666e-09 -3.0814e-09 -2.1638e-09 -1.5120e-09 -1.0514e-09 -7.2759e-10 -5.0102e-10 -3.4332e-10 -2.3410e-10 -1.5885e-10 -1.0726e-10 -7.2073e-11 -4.8191e-11 -3.2065e-11 -2.1230e-11 -1.3988e-11 -9.1710e-12 -5.9834e-12 -3.8846e-12 -2.5096e-12 -1.6133e-12 -1.0321e-12 -6.5700e-13 -4.1618e-13
-3.0594e-04 -4.3090e-04 -5.2413e-04 -5.9942e-04 -6.6188e-04 -7.1406e-04 -7.5737e-04 -7.9273e-04 -8.2075e-04 -8.4190e-04 1.3245e-02 -8.6507e-04 -8.6775e-04 -8.6493e-04 -8.5694e-04 -8.4413e-04 -8.2689e-04 -8.0562e-04 -7.8072e-04 -7.5264e-04 -7.2182e-04 -6.8872e-04 -6.5381e-04 -6.1752e-04 -5.8031e-04 -5.4261e-04 -5.0480e-04 -4.6728e-04 -4.3037e-04 -3.9439e-04 -3.5961e-04 -3.2625e-04 -2.9450e-04 -2.6450e-04 -2.3636e-04 -2.1015e-04 -1.8591e-04 -1.6363e-04 -1.4330e-04 -1.2485e-04 -1.0824e-04 -9.3358e-05 -8.0116e-05 -6.8405e-05 -5.8111e-05 -4.9115e-05 -4.1302e-05 -3.4556e-05 -2.8766e-05 -2.3824e-05 -1.9632e-05 -1.6095e-05 -1.3129e-05 -1.0655e-05 -8.6036e-06 -6.9119e-06 -5.5248e-06 -4.3937e-06 -3.4765e-06 -2.7368e-06 -2.1437e-06 -1.6706e-06 -1.2953e-06 -9.9927e-07 -7.6699e-07 -5.8574e-07 -4.4506e-07 -3.3646e-07 -2.5307e-07 -1.8940e-07 -1.4103e-07 -1.0448e-07 -7.7013e-08 -5.6482e-08 -4.1215e-08 -2.9924e-08 -2.1616e-08 -1.5536e-08 -1.1110e-08 -7.9053e-09 -5.5965e-09 -3.9421e-09 -2.7628e-09 -1.9265e-09 -1.3367e-09 -9.2274e-10 -6.3379e-10 -4.3314e-10 -2.9452e-10 -1.9926e-10 -1.3414e-10 -8.9842e-11 -5.9872e-11 -3.9700e-11 -2.6192e-11 -1.7194e-11 -1.1230e-11 -7.2980e-12 -4.7190e-12 -3.0360e-12 -3.0571e-04 -4.2960e-04 -5.2059e-04 -5.9226e-04 -6.4964e-04 -6.9522e-04 -7.3047e-04 -7.5641e-04 -7.7383e-04 -7.8339e-04 0.0000e+00 -7.8147e-04 -7.7122e-04 -7.5560e-04 -7.3524e-04 -7.1077e-04 -6.8282e-04 -6.5201e-04 -6.1894e-04 -5.8420e-04 -5.4833e-04 -5.1185e-04 -4.7522e-04 -4.3887e-04 -4.0318e-04 -3.6848e-04 -3.3503e-04 -3.0307e-04 -2.7277e-04 -2.4428e-04 -2.1766e-04 -1.9299e-04 -1.7027e-04 -1.4948e-04 -1.3059e-04 -1.1353e-04 -9.8211e-05 -8.4548e-05 -7.2433e-05 -6.1753e-05 -5.2392e-05 -4.4235e-05 -3.7168e-05 -3.1079e-05 -2.5862e-05 -2.1417e-05 -1.7650e-05 -1.4476e-05 -1.1815e-05 -9.5969e-06 -7.7576e-06 -6.2406e-06 -4.9960e-06 -3.9803e-06 -3.1559e-06 -2.4901e-06 -1.9553e-06 -1.5279e-06 -1.1882e-06 -9.1957e-07 -7.0822e-07 -5.4281e-07 -4.1401e-07 -3.1425e-07 -2.3738e-07 -1.7844e-07 -1.3348e-07 -9.9369e-08 -7.3615e-08 -5.4271e-08 -3.9816e-08 -2.9069e-08 -2.1120e-08 -1.5270e-08 -1.0987e-08 -7.8663e-09 -5.6048e-09 -3.9740e-09 -2.8040e-09 -1.9688e-09 -1.3756e-09 -9.5651e-10 -6.6183e-10 -4.5570e-10 -3.1224e-10 -2.1289e-10 -1.4445e-10 -9.7530e-11 -6.5529e-11 -4.3813e-11 -2.9150e-11 -1.9299e-11 -1.2715e-11 -8.3360e-12 -5.4383e-12 -3.5305e-12 -2.2808e-12 -1.4662e-12 -9.3790e-13 -5.9702e-13
-3.0176e-04 -4.2527e-04 -5.1785e-04 -5.9310e-04 -6.5615e-04 -7.0947e-04 -7.5449e-04 -7.9206e-04 -8.2276e-04 -8.4699e-04 -8.6507e-04 1.5750e-02 -8.8378e-04 -8.8489e-04 -8.8083e-04 -8.7188e-04 -8.5832e-04 -8.4048e-04 -8.1872e-04 -7.9341e-04 -7.6495e-04 -7.3378e-04 -7.0033e-04 -6.6504e-04 -6.2835e-04 -5.9071e-04 -5.5254e-04 -5.1423e-04 -4.7618e-04 -4.3873e-04 -4.0218e-04 -3.6683e-04 -3.3289e-04 -3.0057e-04 -2.7002e-04 -2.4134e-04 -2.1462e-04 -1.8989e-04 -1.6716e-04 -1.4640e-04 -1.2757e-04 -1.1060e-04 -9.5396e-05 -8.1867e-05 -6.9899e-05 -5.9379e-05 -5.0185e-05 -4.2200e-05 -3.5305e-05 -2.9386e-05 -2.4336e-05 -2.0051e-05 -1.6437e-05 -1.3406e-05 -1.0879e-05 -8.7829e-06 -7.0550e-06 -5.6383e-06 -4.4833e-06 -3.5468e-06 -2.7917e-06 -2.1863e-06 -1.7035e-06 -1.3206e-06 -1.0186e-06 -7.8171e-07 -5.9687e-07 -4.5344e-07 -3.4273e-07 -2.5775e-07 -1.9286e-07 -1.4358e-07 -1.0635e-07 -7.8381e-08 -5.7475e-08 -4.1932e-08 -3.0439e-08 -2.1985e-08 -1.5799e-08 -1.1296e-08 -8.0362e-09 -5.6882e-09 -4.0061e-09 -2.8072e-09 -1.9572e-09 -1.3577e-09 -9.3712e-10 -6.4357e-10 -4.3976e-10 -2.9898e-10 -2.0225e-10 -1.3613e-10 -9.1162e-11 -6.0744e-11 -4.0272e-11 -2.6566e-11 -1.7437e-11 -1.1387e-11 -7.3993e-12 -4.7839e-12 -3.0148e-04 -4.2375e-04 -5.1369e-04 -5.8470e-04 -6.4176e-04 -6.8732e-04 -7.2284e-04 -7.4931e-04 -7.6748e-04 -7.7800e-04 -7.8147e-04 0.0000e+00 -7.6959e-04 -7.5539e-04 -7.3649e-04 -7.1346e-04 -6.8692e-04 -6.5745e-04 -6.2563e-04 -5.9202e-04 -5.5714e-04 -5.2150e-04 -4.8556e-04 -4.4974e-04 -4.1442e-04 -3.7993e-04 -3.4655e-04 -3.1453e-04 -2.8404e-04 -2.5524e-04 -2.2824e-04 -2.0309e-04 -1.7983e-04 -1.5847e-04 -1.3896e-04 -1.2127e-04 -1.0532e-04 -9.1025e-05 -7.8293e-05 -6.7019e-05 -5.7093e-05 -4.8404e-05 -4.0841e-05 -3.4294e-05 -2.8659e-05 -2.3835e-05 -1.9728e-05 -1.6250e-05 -1.3322e-05 -1.0869e-05 -8.8247e-06 -7.1308e-06 -5.7344e-06 -4.5893e-06 -3.6552e-06 -2.8973e-06 -2.2854e-06 -1.7941e-06 -1.4017e-06 -1.0898e-06 -8.4324e-07 -6.4931e-07 -4.9757e-07 -3.7945e-07 -2.8797e-07 -2.1750e-07 -1.6347e-07 -1.2227e-07 -9.1013e-08 -6.7417e-08 -4.9697e-08 -3.6457e-08 -2.6614e-08 -1.9335e-08 -1.3978e-08 -1.0057e-08 -7.1999e-09 -5.1297e-09 -3.6369e-09 -2.5660e-09 -1.8016e-09 -1.2588e-09 -8.7522e-10 -6.0556e-10 -4.1694e-10 -2.8567e-10 -1.9477e-10 -1.3215e-10 -8.9225e-11 -5.9947e-11 -4.0080e-11 -2.6666e-11 -1.7654e-11 -1.1631e-11 -7.6252e-12 -4.9746e-12 -3.2294e-12 -2.0862e-12 -1.3411e-12 -8.5788e-13
-2.9512e-04 -4.1621e-04 -5.0740e-04 -5.8207e-04 -6.4525e-04 -6.9939e-04 -7.4587e-04 -7.8551e-04 -8.1882e-04 -8.4616e-04 -8.6775e-04 -8.8378e-04 1.8469e-02 -8.9975e-04 -9.0000e-04 -8.9531e-04 -8.8590e-04 -8.7201e-04 -8.5392e-04 -8.3194e-04 -8.0641e-04 -7.7773e-04 -7.4630e-04 -7.1253e-04 -6.7688e-04 -6.3977e-04 -6.0166e-04 -5.6297e-04 -5.2411e-04 -4.8547e-04 -4.4740e-04 -4.1023e-04 -3.7424e-04 -3.3968e-04 -3.0674e-04 -2.7559e-04 -2.4635e-04 -2.1908e-04 -1.9385e-04 -1.7064e-04 -1.4945e-04 -1.3022e-04 -1.1289e-04 -9.7370e-05 -8.3554e-05 -7.1334e-05 -6.0590e-05 -5.1203e-05 -4.3050e-05 -3.6011e-05 -2.9970e-05 -2.4815e-05 -2.0443e-05 -1.6755e-05 -1.3663e-05 -1.1085e-05 -8.9483e-06 -7.1865e-06 -5.7423e-06 -4.5651e-06 -3.6109e-06 -2.8417e-06 -2.2250e-06 -1.7333e-06 -1.3435e-06 -1.0361e-06 -7.9495e-07 -6.0687e-07 -4.6095e-07 -3.4835e-07 -2.6192e-07 -1.9595e-07 -1.4585e-07 -1.0802e-07 -7.9594e-08 -5.8355e-08 -4.2568e-08 -3.0895e-08 -2.2311e-08 -1.6030e-08 -1.1460e-08 -8.1514e-09 -5.7689e-09 -4.0623e-09 -2.8461e-09 -1.9841e-09 -1.3762e-09 -9.4971e-10 -6.5213e-10 -4.4554e-10 -3.0287e-10 -2.0485e-10 -1.3786e-10 -9.2313e-11 -6.1503e-11 -4.0771e-11 -2.6892e-11 -1.7648e-11 -1.1524e-11 -7.4873e-12 -2.9481e-04 -4.1446e-04 -5.0262e-04 -5.7242e-04 -6.2872e-04 -6.7393e-04 -7.0946e-04 -7.3629e-04 -7.5512e-04 -7.6658e-04 -7.7122e-04 -7.6959e-04 0.0000e+00 -7.4965e-04 -7.3244e-04 -7.1114e-04 -6.8631e-04 -6.5850e-04 -6.2826e-04 -5.9612e-04 -5.6259e-04 -5.2815e-04 -4.9324e-04 -4.5828e-04 -4.2365e-04 -3.8968e-04 -3.5665e-04 -3.2482e-04 -2.9437e-04 -2.6549e-04 -2.3828e-04 -2.1282e-04 -1.8917e-04 -1.6734e-04 -1.4733e-04 -1.2908e-04 -1.1256e-04 -9.7684e-05 -8.4370e-05 -7.2524e-05 -6.2045e-05 -5.2827e-05 -4.4765e-05 -3.7753e-05 -3.1688e-05 -2.6471e-05 -2.2007e-05 -1.8209e-05 -1.4995e-05 -1.2289e-05 -1.0023e-05 -8.1363e-06 -6.5731e-06 -5.2848e-06 -4.2287e-06 -3.3674e-06 -2.6687e-06 -2.1049e-06 -1.6522e-06 -1.2906e-06 -1.0033e-06 -7.7625e-07 -5.9767e-07 -4.5796e-07 -3.4922e-07 -2.6501e-07 -2.0014e-07 -1.5042e-07 -1.1250e-07 -8.3737e-08 -6.2025e-08 -4.5721e-08 -3.3539e-08 -2.4483e-08 -1.7786e-08 -1.2858e-08 -9.2507e-09 -6.6229e-09 -4.7185e-09 -3.3454e-09 -2.3603e-09 -1.6572e-09 -1.1578e-09 -8.0503e-10 -5.5699e-10 -3.8350e-10 -2.6276e-10 -1.7915e-10 -1.2155e-10 -8.2070e-11 -5.5140e-11 -3.6866e-11 -2.4528e-11 -1.6239e-11 -1.0699e-11 -7.0141e-12 -4.5759e-12 -2.9706e-12 -1.9191e-12 -1.2337e-12
-2.8634e-04 -4.0414e-04 -4.9329e-04 -5.6687e-04 -6.2977e-04 -6.8440e-04 -7.3208e-04 -7.7360e-04 -8.0941e-04 -8.3980e-04 -8.6493e-04 -8.8489e-04 -8.9975e-04 2.1400e-02 -9.1439e-04 -9.1431e-04 -9.0944e-04 -8.9993e-04 -8.8598e-04 -8.6782e-04 -8.4575e-04 -8.2010e-04 -7.9122e-04 -7.5951e-04 -7.2540e-04 -6.8933e-04 -6.5175e-04 -6.1309e-04 -5.7381e-04 -5.3431e-04 -4.9501e-04 -4.5626e-04 -4.1840e-04 -3.8173e-04 -3.4649e-04 -3.1290e-04 -2.8113e-04 -2.5129e-04 -2.2347e-04 -1.9771e-04 -1.7403e-04 -1.5240e-04 -1.3278e-04 -1.1509e-04 -9.9254e-05 -8.5158e-05 -7.2691e-05 -6.1732e-05 -5.2159e-05 -4.3846e-05 -3.6670e-05 -3.0512e-05 -2.5260e-05 -2.0805e-05 -1.7049e-05 -1.3900e-05 -1.1275e-05 -9.0995e-06 -7.3065e-06 -5.8371e-06 -4.6395e-06 -3.6690e-06 -2.8869e-06 -2.2599e-06 -1.7602e-06 -1.3641e-06 -1.0517e-06 -8.0683e-07 -6.1583e-07 -4.6767e-07 -3.5336e-07 -2.6565e-07 -1.9870e-07 -1.4788e-07 -1.0950e-07 -8.0673e-08 -5.9136e-08 -4.3131e-08 -3.1299e-08 -2.2599e-08 -1.6235e-08 -1.1605e-08 -8.2531e-09 -5.8401e-09 -4.1118e-09 -2.8804e-09 -2.0077e-09 -1.3924e-09 -9.6079e-10 -6.5965e-10 -4.5063e-10 -3.0629e-10 -2.0714e-10 -1.3939e-10 -9.3322e-11 -6.2168e-11 -4.1207e-11 -2.7176e-11 -1.7833e-11 -1.1644e-11 -2.8599e-04 -4.0217e-04 -4.8792e-04 -5.5600e-04 -6.1115e-04 -6.5569e-04 -6.9101e-04 -7.1803e-04 -7.3742e-04 -7.4977e-04 -7.5560e-04 -7.5539e-04 -7.4965e-04 0.0000e+00 -7.2354e-04 -7.0418e-04 -6.8132e-04 -6.5545e-04 -6.2708e-04 -5.9672e-04 -5.6484e-04 -5.3190e-04 -4.9834e-04 -4.6455e-04 -4.3090e-04 -3.9772e-04 -3.6531e-04 -3.3391e-04 -3.0375e-04 -2.7498e-04 -2.4775e-04 -2.2215e-04 -1.9825e-04 -1.7608e-04 -1.5565e-04 -1.3695e-04 -1.1992e-04 -1.0451e-04 -9.0652e-05 -7.8261e-05 -6.7245e-05 -5.7507e-05 -4.8947e-05 -4.1464e-05 -3.4959e-05 -2.9335e-05 -2.4499e-05 -2.0364e-05 -1.6846e-05 -1.3870e-05 -1.1365e-05 -9.2687e-06 -7.5229e-06 -6.0768e-06 -4.8853e-06 -3.9087e-06 -3.1124e-06 -2.4664e-06 -1.9452e-06 -1.5268e-06 -1.1926e-06 -9.2710e-07 -7.1724e-07 -5.5223e-07 -4.2313e-07 -3.2265e-07 -2.4485e-07 -1.8491e-07 -1.3897e-07 -1.0394e-07 -7.7365e-08 -5.7305e-08 -4.2242e-08 -3.0987e-08 -2.2621e-08 -1.6433e-08 -1.1881e-08 -8.5473e-09 -6.1194e-09 -4.3599e-09 -3.0912e-09 -2.1810e-09 -1.5313e-09 -1.0699e-09 -7.4392e-10 -5.1473e-10 -3.5441e-10 -2.4283e-10 -1.6557e-10 -1.1234e-10 -7.5851e-11 -5.0964e-11 -3.4075e-11 -2.2671e-11 -1.5010e-11 -9.8894e-12 -6.4836e-12 -4.2300e-12 -2.7461e-12 -1.7741e-12
-2.7574e-04 -3.8949e-04 -4.7605e-04 -5.4806e-04 -6.1029e-04 -6.6508e-04 -7.1370e-04 -7.5687e-04 -7.9501e-04 -8.2834e-04 -8.5694e-04 -8.8083e-04 -9.0000e-04 -9.1439e-04 2.4542e-02 -9.2875e-04 -9.2871e-04 -9.2393e-04 -9.1452e-04 -9.0064e-04 -8.8249e-04 -8.6036e-04 -8.3455e-04 -8.0543e-04 -7.7339e-04 -7.3886e-04 -7.0229e-04 -6.6413e-04 -6.2484e-04 -5.8488e-04 -5.4467e-04 -5.0463e-04 -4.6514e-04 -4.2655e-04 -3.8915e-04 -3.5321e-04 -3.1894e-04 -2.8652e-04 -2.5608e-04 -2.2770e-04 -2.0143e-04 -1.7727e-04 -1.5521e-04 -1.3521e-04 -1.1718e-04 -1.0103e-04 -8.6664e-05 -7.3962e-05 -6.2799e-05 -5.3049e-05 -4.4584e-05 -3.7280e-05 -3.1013e-05 -2.5669e-05 -2.1138e-05 -1.7318e-05 -1.4116e-05 -1.1448e-05 -9.2373e-06 -7.4156e-06 -5.9231e-06 -4.7070e-06 -3.7216e-06 -2.9277e-06 -2.2915e-06 -1.7844e-06 -1.3826e-06 -1.0658e-06 -8.1749e-07 -6.2386e-07 -4.7369e-07 -3.5785e-07 -2.6898e-07 -2.0116e-07 -1.4969e-07 -1.1082e-07 -8.1634e-08 -5.9832e-08 -4.3632e-08 -3.1658e-08 -2.2855e-08 -1.6417e-08 -1.1733e-08 -8.3433e-09 -5.9031e-09 -4.1557e-09 -2.9108e-09 -2.0286e-09 -1.4067e-09 -9.7058e-10 -6.6630e-10 -4.5512e-10 -3.0931e-10 -2.0916e-10 -1.4073e-10 -9.4212e-11 -6.2755e-11 -4.1592e-11 -2.7428e-11 -1.7996e-11 -2.7535e-04 -3.8731e-04 -4.7011e-04 -5.3604e-04 -5.8968e-04 -6.3329e-04 -6.6818e-04 -6.9522e-04 -7.1507e-04 -7.2825e-04 -7.3524e-04 -7.3649e-04 -7.3244e-04 -7.2354e-04 0.0000e+00 -6.9300e-04 -6.7230e-04 -6.4858e-04 -6.2233e-04 -5.9400e-04 -5.6404e-04 -5.3288e-04 -5.0093e-04 -4.6858e-04 -4.3618e-04 -4.0406e-04 -3.7251e-04 -3.4179e-04 -3.1211e-04 -2.8366e-04 -2.5659e-04 -2.3101e-04 -2.0701e-04 -1.8463e-04 -1.6390e-04 -1.4482e-04 -1.2735e-04 -1.1148e-04 -9.7119e-05 -8.4216e-05 -7.2684e-05 -6.2438e-05 -5.3384e-05 -4.5429e-05 -3.8477e-05 -3.2436e-05 -2.7215e-05 -2.2726e-05 -1.8888e-05 -1.5624e-05 -1.2863e-05 -1.0539e-05 -8.5947e-06 -6.9756e-06 -5.6345e-06 -4.5297e-06 -3.6241e-06 -2.8857e-06 -2.2868e-06 -1.8035e-06 -1.4156e-06 -1.1058e-06 -8.5961e-07 -6.6505e-07 -5.1205e-07 -3.9236e-07 -2.9919e-07 -2.2705e-07 -1.7148e-07 -1.2888e-07 -9.6396e-08 -7.1752e-08 -5.3150e-08 -3.9180e-08 -2.8742e-08 -2.0983e-08 -1.5244e-08 -1.1021e-08 -7.9293e-09 -5.6772e-09 -4.0450e-09 -2.8680e-09 -2.0236e-09 -1.4209e-09 -9.9282e-10 -6.9033e-10 -4.7767e-10 -3.2890e-10 -2.2537e-10 -1.5367e-10 -1.0427e-10 -7.0404e-11 -4.7306e-11 -3.1630e-11 -2.1046e-11 -1.3934e-11 -9.1809e-12 -6.0194e-12 -3.9272e-12 -2.5497e-12
-2.6362e-04 -3.7269e-04 -4.5617e-04 -5.2621e-04 -5.8741e-04 -6.4203e-04 -6.9129e-04 -7.3586e-04 -7.7611e-04 -8.1219e-04 -8.4413e-04 -8.7188e-04 -8.9531e-04 -9.1431e-04 -9.2875e-04 2.7895e-02 -9.4351e-04 -9.4373e-04 -9.3919e-04 -9.2994e-04 -9.1615e-04 -8.9799e-04 -8.7574e-04 -8.4971e-04 -8.2025e-04 -7.8778e-04 -7.5273e-04 -7.1556e-04 -6.7673e-04 -6.3672e-04 -5.9600e-04 -5.5502e-04 -5.1419e-04 -4.7391e-04 -4.3454e-04 -3.9639e-04 -3.5973e-04 -3.2478e-04 -2.9172e-04 -2.6068e-04 -2.3174e-04 -2.0496e-04 -1.8034e-04 -1.5787e-04 -1.3749e-04 -1.1913e-04 -1.0269e-04 -8.8068e-05 -7.5142e-05 -6.3787e-05 -5.3871e-05 -4.5265e-05 -3.7841e-05 -3.1473e-05 -2.6044e-05 -2.1442e-05 -1.7563e-05 -1.4313e-05 -1.1606e-05 -9.3625e-06 -7.5146e-06 -6.0010e-06 -4.7680e-06 -3.7692e-06 -2.9645e-06 -2.3199e-06 -1.8063e-06 -1.3993e-06 -1.0785e-06 -8.2708e-07 -6.3107e-07 -4.7909e-07 -3.6188e-07 -2.7196e-07 -2.0336e-07 -1.5130e-07 -1.1200e-07 -8.2493e-08 -6.0453e-08 -4.4079e-08 -3.1978e-08 -2.3083e-08 -1.6579e-08 -1.1847e-08 -8.4236e-09 -5.9593e-09 -4.1947e-09 -2.9379e-09 -2.0473e-09 -1.4195e-09 -9.7928e-10 -6.7220e-10 -4.5910e-10 -3.1199e-10 -2.1095e-10 -1.4192e-10 -9.5002e-11 -6.3275e-11 -4.1933e-11 -2.7650e-11 -2.6320e-04 -3.7032e-04 -4.4971e-04 -5.1313e-04 -5.6496e-04 -6.0738e-04 -6.4163e-04 -6.6854e-04 -6.8872e-04 -7.0265e-04 -7.1077e-04 -7.1346e-04 -7.1114e-04 -7.0418e-04 -6.9300e-04 0.0000e+00 -6.5960e-04 -6.3821e-04 -6.1427e-04 -5.8817e-04 -5.6035e-04 -5.3120e-04 -5.0110e-04 -4.7043e-04 -4.3952e-04 -4.0869e-04 -3.7823e-04 -3.4840e-04 -3.1942e-04 -2.9148e-04 -2.6475e-04 -2.3936e-04 -2.1539e-04 -1.9293e-04 -1.7201e-04 -1.5265e-04 -1.3483e-04 -1.1855e-04 -1.0374e-04 -9.0366e-05 -7.8347e-05 -6.7610e-05 -5.8073e-05 -4.9647e-05 -4.2246e-05 -3.5779e-05 -3.0160e-05 -2.5304e-05 -2.1130e-05 -1.7562e-05 -1.4527e-05 -1.1960e-05 -9.7995e-06 -7.9915e-06 -6.4862e-06 -5.2394e-06 -4.2121e-06 -3.3702e-06 -2.6836e-06 -2.1268e-06 -1.6774e-06 -1.3167e-06 -1.0285e-06 -7.9962e-07 -6.1867e-07 -4.7637e-07 -3.6504e-07 -2.7838e-07 -2.1127e-07 -1.5956e-07 -1.1993e-07 -8.9710e-08 -6.6779e-08 -4.9469e-08 -3.6469e-08 -2.6755e-08 -1.9533e-08 -1.4192e-08 -1.0261e-08 -7.3828e-09 -5.2862e-09 -3.7666e-09 -2.6708e-09 -1.8846e-09 -1.3233e-09 -9.2470e-10 -6.4300e-10 -4.4494e-10 -3.0639e-10 -2.0995e-10 -1.4316e-10 -9.7145e-11 -6.5598e-11 -4.4078e-11 -2.9474e-11 -1.9612e-11 -1.2986e-11 -8.5562e-12 -5.6101e-12 -3.6603e-12
