3.2173e-08 -1.0354e-07 -1.9042e-07 -2.9351e-07 -4.1064e-07 -5.4017e-07 -6.8059e-07 -8.3032e-07 -9.8748e-07 -1.1498e-06 -1.3143e-06 -1.4777e-06 -1.6355e-06 -1.7829e-06 -1.9142e-06 -2.0233e-06 -2.1037e-06 -2.1494e-06 -2.1550e-06 -2.1166e-06 -2.0322e-06 -1.9031e-06 -1.7335e-06 -1.5312e-06 -1.3068e-06 -1.0735e-06 -8.4490e-07 -6.3402e-07 -4.5104e-07 -3.0229e-07 -1.8950e-07 -1.1024e-07 -5.8988e-08 -2.8738e-08 -1.2606e-08 -4.9153e-09 -1.6796e-09 -4.9489e-10 -1.2347e-10 -2.5554e-11 -4.2857e-12 -5.6729e-13 -5.7515e-14 -4.3163e-15 -2.3064e-16 -8.3937e-18 -1.9776e-19 -2.8459e-21 -2.3399e-23 -1.0178e-25 -2.1434e-28 -1.9724e-31 -7.0415e-35 -8.4937e-39 -2.9466e-43 -2.4352e-48 -3.8445e-54 -8.9409e-61 -2.2542e-68 -4.2849e-77 -3.9875e-87 -1.0850e-98 -4.6553e-112 -1.4976e-127 -1.4704e-145 -1.4785e-166 -4.0119e-191 -5.7142e-220 -5.6552e-254 -3.1530e-294 0.0000e+00 0.0000e+00 0.0000e+00 0.0000e+00 0.0000e+00 0.0000e+00 0.0000e+00 0.0000e+00 0.0000e+00 0.0000e+00 0.0000e+00 0.0000e+00 0.0000e+00 0.0000e+00 0.0000e+00 0.0000e+00 0.0000e+00 0.0000e+00 0.0000e+00 0.0000e+00 0.0000e+00 0.0000e+00 0.0000e+00 0.0000e+00 0.0000e+00 0.0000e+00 0.0000e+00 0.0000e+00 0.0000e+00 0.0000e+00 0.0000e+00 1.0354e-07 1.9042e-07 2.9351e-07 4.1064e-07 5.4017e-07 6.8059e-07 8.3032e-07 9.8748e-07 1.1498e-06 1.3143e-06 1.4777e-06 1.6355e-06 1.7829e-06 1.9142e-06 2.0233e-06 2.1037e-06 2.1494e-06 2.1550e-06 2.1165e-06 2.0322e-06 1.9031e-06 1.7335e-06 1.5311e-06 1.3068e-06 1.0734e-06 8.4489e-07 6.3401e-07 4.5104e-07 3.0228e-07 1.8950e-07 1.1024e-07 5.8986e-08 2.8737e-08 1.2605e-08 4.9150e-09 1.6795e-09 4.9486e-10 1.2347e-10 2.5552e-11 4.2853e-12 5.6724e-13 5.7508e-14 4.3158e-15 2.3061e-16 8.3923e-18 1.9772e-19 2.8453e-21 2.3393e-23 1.0175e-25 2.1428e-28 1.9717e-31 7.0387e-35 8.4899e-39 2.9451e-43 2.4338e-48 3.8419e-54 8.9342e-61 2.2523e-68 4.2808e-77 3.9830e-87 1.0837e-98 4.6486e-112 1.4951e-127 1.4676e-145 1.4752e-166 4.0019e-191 5.6976e-220 5.6362e-254 3.1407e-294 0.0000e+00 0.0000e+00 0.0000e+00 0.0000e+00 0.0000e+00 0.0000e+00 0.0000e+00 0.0000e+00 0.0000e+00 0.0000e+00 0.0000e+00 0.0000e+00 0.0000e+00 0.0000e+00 0.0000e+00 0.0000e+00 0.0000e+00 0.0000e+00 0.0000e+00 0.0000e+00 0.0000e+00 0.0000e+00 0.0000e+00 0.0000e+00 0.0000e+00 0.0000e+00 0.0000e+00 0.0000e+00 0.0000e+00 0.0000e+00
-1.0354e-07 5.1526e-07 -5.3894e-07 -8.3074e-07 -1.1623e-06 -1.5289e-06 -1.9263e-06 -2.3501e-06 -2.7949e-06 -3.2543e-06 -3.7201e-06 -4.1823e-06 -4.6291e-06 -5.0463e-06 -5.4180e-06 -5.7267e-06 -5.9544e-06 -6.0839e-06 -6.0997e-06 -5.9909e-06 -5.7523e-06 -5.3869e-06 -4.9069e-06 -4.3342e-06 -3.6992e-06 -3.0387e-06 -2.3918e-06 -1.7949e-06 -1.2769e-06 -8.5582e-07 -5.3654e-07 -3.1215e-07 -1.6703e-07 -8.1382e-08 -3.5699e-08 -1.3921e-08 -4.7575e-09 -1.4020e-09 -3.4983e-10 -7.2410e-11 -1.2146e-11 -1.6081e-12 -1.6307e-13 -1.2241e-14 -6.5423e-16 -2.3817e-17 -5.6132e-19 -8.0809e-21 -6.6469e-23 -2.8927e-25 -6.0951e-28 -5.6121e-31 -2.0050e-34 -2.4204e-38 -8.4043e-43 -6.9529e-48 -1.0989e-53 -2.5591e-60 -6.4621e-68 -1.2305e-76 -1.1474e-86 -3.1294e-98 -1.3463e-111 -4.3442e-127 -4.2806e-145 -4.3220e-166 -1.1785e-190 -1.6881e-219 -1.6818e-253 -9.4503e-294 0.0000e+00 0.0000e+00 0.0000e+00 0.0000e+00 0.0000e+00 0.0000e+00 0.0000e+00 0.0000e+00 0.0000e+00 0.0000e+00 0.0000e+00 0.0000e+00 0.0000e+00 0.0000e+00 0.0000e+00 0.0000e+00 0.0000e+00 0.0000e+00 0.0000e+00 0.0000e+00 0.0000e+00 0.0000e+00 0.0000e+00 0.0000e+00 0.0000e+00 0.0000e+00 0.0000e+00 0.0000e+00 0.0000e+00 0.0000e+00 1.0354e-07 0.0000e+00 5.3894e-07 8.3074e-07 1.1623e-06 1.5289e-06 1.9263e-06 2.3501e-06 2.7949e-06 3.2543e-06 3.7200e-06 4.1823e-06 4.6291e-06 5.0463e-06 5.4179e-06 5.7266e-06 5.9543e-06 6.0837e-06 6.0995e-06 5.9906e-06 5.7520e-06 5.3865e-06 4.9065e-06 4.3337e-06 3.6987e-06 3.0382e-06 2.3914e-06 1.7945e-06 1.2766e-06 8.5556e-07 5.3635e-07 3.1202e-07 1.6695e-07 8.1337e-08 3.5677e-08 1.3911e-08 4.7535e-09 1.4006e-09 3.4945e-10 7.2321e-11 1.2129e-11 1.6055e-12 1.6277e-13 1.2215e-14 6.5269e-16 2.3753e-17 5.5963e-19 8.0533e-21 6.6211e-23 2.8800e-25 6.0648e-28 5.5806e-31 1.9922e-34 2.4029e-38 8.3357e-43 6.8886e-48 1.0874e-53 2.5287e-60 6.3748e-68 1.2116e-76 1.1273e-86 3.0671e-98 1.3157e-111 4.2317e-127 4.1538e-145 4.1754e-166 1.1327e-190 1.6126e-219 1.5952e-253 8.8891e-294 0.0000e+00 0.0000e+00 0.0000e+00 0.0000e+00 0.0000e+00 0.0000e+00 0.0000e+00 0.0000e+00 0.0000e+00 0.0000e+00 0.0000e+00 0.0000e+00 0.0000e+00 0.0000e+00 0.0000e+00 0.0000e+00 0.0000e+00 0.0000e+00 0.0000e+00 0.0000e+00 0.0000e+00 0.0000e+00 0.0000e+00 0.0000e+00 0.0000e+00 0.0000e+00 0.0000e+00 0.0000e+00 0.0000e+00 0.0000e+00
-1.9042e-07 -5.3894e-07 2.6127e-06 -1.5277e-06 -2.1374e-06 -2.8116e-06 -3.5425e-06 -4.3218e-06 -5.1399e-06 -5.9846e-06 -6.8413e-06 -7.6915e-06 -8.5132e-06 -9.2806e-06 -9.9642e-06 -1.0532e-05 -1.0951e-05 -1.1190e-05 -1.1219e-05 -1.1019e-05 -1.0581e-05 -9.9096e-06 -9.0272e-06 -7.9741e-06 -6.8064e-06 -5.5917e-06 -4.4018e-06 -3.3037e-06 -2.3507e-06 -1.5758e-06 -9.8810e-07 -5.7500e-07 -3.0776e-07 -1.4999e-07 -6.5819e-08 -2.5677e-08 -8.7785e-09 -2.5882e-09 -6.4618e-10 -1.3383e-10 -2.2465e-11 -2.9766e-12 -3.0211e-13 -2.2700e-14 -1.2147e-15 -4.4275e-17 -1.0450e-18 -1.5068e-20 -1.2417e-22 -5.4149e-25 -1.1436e-27 -1.0558e-30 -3.7831e-34 -4.5824e-38 -1.5972e-42 -1.3271e-47 -2.1079e-53 -4.9363e-60 -1.2544e-67 -2.4060e-76 -2.2621e-86 -6.2283e-98 -2.7085e-111 -8.8488e-127 -8.8436e-145 -9.0756e-166 -2.5214e-190 -3.6901e-219 -3.7685e-253 -2.1789e-293 0.0000e+00 0.0000e+00 0.0000e+00 0.0000e+00 0.0000e+00 0.0000e+00 0.0000e+00 0.0000e+00 0.0000e+00 0.0000e+00 0.0000e+00 0.0000e+00 0.0000e+00 0.0000e+00 0.0000e+00 0.0000e+00 0.0000e+00 0.0000e+00 0.0000e+00 0.0000e+00 0.0000e+00 0.0000e+00 0.0000e+00 0.0000e+00 0.0000e+00 0.0000e+00 0.0000e+00 0.0000e+00 0.0000e+00 0.0000e+00 1.9042e-07 5.3894e-07 0.0000e+00 1.5277e-06 2.1374e-06 2.8116e-06 3.5425e-06 4.3218e-06 5.1398e-06 5.9845e-06 6.8411e-06 7.6913e-06 8.5129e-06 9.2801e-06 9.9635e-06 1.0531e-05 1.0950e-05 1.1188e-05 1.1217e-05 1.1017e-05 1.0578e-05 9.9058e-06 9.0230e-06 7.9696e-06 6.8018e-06 5.5873e-06 4.3977e-06 3.3000e-06 2.3476e-06 1.5734e-06 9.8634e-07 5.7381e-07 3.0702e-07 1.4958e-07 6.5610e-08 2.5583e-08 8.7417e-09 2.5758e-09 6.4264e-10 1.3300e-10 2.2305e-11 2.9525e-12 2.9933e-13 2.2464e-14 1.2003e-15 4.3682e-17 1.0291e-18 1.4810e-20 1.2176e-22 5.2962e-25 1.1153e-27 1.0263e-30 3.6636e-34 4.4189e-38 1.5329e-42 1.2668e-47 1.9997e-53 4.6501e-60 1.1723e-67 2.2280e-76 2.0730e-86 5.6398e-98 2.4193e-111 7.7807e-127 7.6371e-145 7.6761e-166 2.0821e-190 2.9639e-219 2.9313e-253 1.6330e-293 0.0000e+00 0.0000e+00 0.0000e+00 0.0000e+00 0.0000e+00 0.0000e+00 0.0000e+00 0.0000e+00 0.0000e+00 0.0000e+00 0.0000e+00 0.0000e+00 0.0000e+00 0.0000e+00 0.0000e+00 0.0000e+00 0.0000e+00 0.0000e+00 0.0000e+00 0.0000e+00 0.0000e+00 0.0000e+00 0.0000e+00 0.0000e+00 0.0000e+00 0.0000e+00 0.0000e+00 0.0000e+00 0.0000e+00 0.0000e+00
-2.9351e-07 -8.3074e-07 -1.5277e-06 8.2761e-06 -3.2946e-06 -4.3338e-06 -5.4605e-06 -6.6618e-06 -7.9228e-06 -9.2251e-06 -1.0546e-05 -1.1857e-05 -1.3124e-05 -1.4307e-05 -1.5362e-05 -1.6238e-05 -1.6885e-05 -1.7254e-05 -1.7301e-05 -1.6995e-05 -1.6321e-05 -1.5287e-05 -1.3929e-05 -1.2306e-05 -1.0507e-05 -8.6341e-06 -6.7989e-06 -5.1047e-06 -3.6337e-06 -2.4370e-06 -1.5290e-06 -8.9029e-07 -4.7685e-07 -2.3259e-07 -1.0216e-07 -3.9893e-08 -1.3655e-08 -4.0310e-09 -1.0079e-09 -2.0910e-10 -3.5164e-11 -4.6690e-12 -4.7500e-13 -3.5786e-14 -1.9206e-15 -7.0242e-17 -1.6641e-18 -2.4098e-20 -1.9952e-22 -8.7476e-25 -1.8586e-27 -1.7275e-30 -6.2369e-34 -7.6192e-38 -2.6813e-42 -2.2520e-47 -3.6203e-53 -8.5939e-60 -2.2174e-67 -4.3265e-76 -4.1466e-86 -1.1665e-97 -5.1968e-111 -1.7444e-126 -1.7968e-144 -1.9073e-165 -5.5024e-190 -8.3979e-219 -8.9857e-253 -5.4712e-293 0.0000e+00 0.0000e+00 0.0000e+00 0.0000e+00 0.0000e+00 0.0000e+00 0.0000e+00 0.0000e+00 0.0000e+00 0.0000e+00 0.0000e+00 0.0000e+00 0.0000e+00 0.0000e+00 0.0000e+00 0.0000e+00 0.0000e+00 0.0000e+00 0.0000e+00 0.0000e+00 0.0000e+00 0.0000e+00 0.0000e+00 0.0000e+00 0.0000e+00 0.0000e+00 0.0000e+00 0.0000e+00 0.0000e+00 0.0000e+00 2.9351e-07 8.3074e-07 1.5277e-06 0.0000e+00 3.2946e-06 4.3338e-06 5.4604e-06 6.6617e-06 7.9226e-06 9.2247e-06 1.0545e-05 1.1855e-05 1.3122e-05 1.4304e-05 1.5358e-05 1.6233e-05 1.6878e-05 1.7245e-05 1.7290e-05 1.6981e-05 1.6305e-05 1.5269e-05 1.3908e-05 1.2284e-05 1.0484e-05 8.6124e-06 6.7787e-06 5.0867e-06 3.6187e-06 2.4252e-06 1.5204e-06 8.8448e-07 4.7325e-07 2.3056e-07 1.0113e-07 3.9434e-08 1.3475e-08 3.9703e-09 9.9057e-10 2.0500e-10 3.4381e-11 4.5510e-12 4.6139e-13 3.4625e-14 1.8501e-15 6.7331e-17 1.5863e-18 2.2828e-20 1.8768e-22 8.1633e-25 1.7191e-27 1.5818e-30 5.6466e-34 6.8105e-38 2.3625e-42 1.9522e-47 3.0815e-53 7.1651e-60 1.8061e-67 3.4322e-76 3.1929e-86 8.6845e-98 3.7241e-111 1.1972e-126 1.1745e-144 1.1796e-165 3.1962e-190 4.5434e-219 4.4848e-253 2.4916e-293 0.0000e+00 0.0000e+00 0.0000e+00 0.0000e+00 0.0000e+00 0.0000e+00 0.0000e+00 0.0000e+00 0.0000e+00 0.0000e+00 0.0000e+00 0.0000e+00 0.0000e+00 0.0000e+00 0.0000e+00 0.0000e+00 0.0000e+00 0.0000e+00 0.0000e+00 0.0000e+00 0.0000e+00 0.0000e+00 0.0000e+00 0.0000e+00 0.0000e+00 0.0000e+00 0.0000e+00 0.0000e+00 0.0000e+00 0.0000e+00
-4.1064e-07 -1.1623e-06 -2.1374e-06 -3.2946e-06 2.0264e-05 -6.0634e-06 -7.6397e-06 -9.3206e-06 -1.1085e-05 -1.2907e-05 -1.4756e-05 -1.6590e-05 -1.8364e-05 -2.0022e-05 -2.1499e-05 -2.2728e-05 -2.3637e-05 -2.4157e-05 -2.4228e-05 -2.3805e-05 -2.2867e-05 -2.1426e-05 -1.9529e-05 -1.7261e-05 -1.4745e-05 -1.2124e-05 -9.5533e-06 -7.1782e-06 -5.1142e-06 -3.4334e-06 -2.1566e-06 -1.2574e-06 -6.7446e-07 -3.2953e-07 -1.4501e-07 -5.6747e-08 -1.9470e-08 -5.7635e-09 -1.4455e-09 -3.0090e-10 -5.0797e-11 -6.7736e-12 -6.9244e-13 -5.2450e-14 -2.8319e-15 -1.0427e-16 -2.4888e-18 -3.6342e-20 -3.0371e-22 -1.3454e-24 -2.8916e-27 -2.7221e-30 -9.9683e-34 -1.2370e-37 -4.4294e-42 -3.7922e-47 -6.2267e-53 -1.5129e-59 -4.0047e-67 -8.0360e-76 -7.9420e-86 -2.3104e-97 -1.0676e-110 -3.7286e-126 -4.0100e-144 -4.4601e-165 -1.3534e-189 -2.1815e-218 -2.4760e-252 -1.6069e-292 0.0000e+00 0.0000e+00 0.0000e+00 0.0000e+00 0.0000e+00 0.0000e+00 0.0000e+00 0.0000e+00 0.0000e+00 0.0000e+00 0.0000e+00 0.0000e+00 0.0000e+00 0.0000e+00 0.0000e+00 0.0000e+00 0.0000e+00 0.0000e+00 0.0000e+00 0.0000e+00 0.0000e+00 0.0000e+00 0.0000e+00 0.0000e+00 0.0000e+00 0.0000e+00 0.0000e+00 0.0000e+00 0.0000e+00 0.0000e+00 4.1064e-07 1.1623e-06 2.1374e-06 3.2946e-06 0.0000e+00 6.0633e-06 7.6395e-06 9.3202e-06 1.1084e-05 1.2906e-05 1.4753e-05 1.6587e-05 1.8358e-05 2.0013e-05 2.1487e-05 2.2711e-05 2.3614e-05 2.4127e-05 2.4190e-05 2.3758e-05 2.2812e-05 2.1362e-05 1.9458e-05 1.7187e-05 1.4669e-05 1.2049e-05 9.4838e-06 7.1166e-06 5.0628e-06 3.3930e-06 2.1271e-06 1.2374e-06 6.6210e-07 3.2257e-07 1.4149e-07 5.5170e-08 1.8852e-08 5.5547e-09 1.3859e-09 2.8681e-10 4.8101e-11 6.3669e-12 6.4548e-13 4.8441e-14 2.5883e-15 9.4192e-17 2.2191e-18 3.1932e-20 2.6252e-22 1.1418e-24 2.4043e-27 2.2120e-30 7.8955e-34 9.5215e-38 3.3022e-42 2.7280e-47 4.3045e-53 1.0004e-59 2.5203e-67 4.7856e-76 4.4472e-86 1.2079e-97 5.1703e-111 1.6580e-126 1.6209e-144 1.6203e-165 4.3620e-190 6.1446e-219 5.9872e-253 3.2644e-293 0.0000e+00 0.0000e+00 0.0000e+00 0.0000e+00 0.0000e+00 0.0000e+00 0.0000e+00 0.0000e+00 0.0000e+00 0.0000e+00 0.0000e+00 0.0000e+00 0.0000e+00 0.0000e+00 0.0000e+00 0.0000e+00 0.0000e+00 0.0000e+00 0.0000e+00 0.0000e+00 0.0000e+00 0.0000e+00 0.0000e+00 0.0000e+00 0.0000e+00 0.0000e+00 0.0000e+00 0.0000e+00 0.0000e+00 0.0000e+00
-5.4017e-07 -1.5289e-06 -2.8116e-06 -4.3338e-06 -6.0634e-06 4.2168e-05 -1.0050e-05 -1.2261e-05 -1.4583e-05 -1.6981e-05 -1.9413e-05 -2.1829e-05 -2.4165e-05 -2.6350e-05 -2.8299e-05 -2.9922e-05 -3.1126e-05 -3.1820e-05 -3.1925e-05 -3.1380e-05 -3.0158e-05 -2.8274e-05 -2.5788e-05 -2.2812e-05 -1.9504e-05 -1.6054e-05 -1.2666e-05 -9.5301e-06 -6.8007e-06 -4.5739e-06 -2.8789e-06 -1.6824e-06 -9.0486e-07 -4.4342e-07 -1.9578e-07 -7.6909e-08 -2.6500e-08 -7.8819e-09 -1.9873e-09 -4.1615e-10 -7.0721e-11 -9.5001e-12 -9.7913e-13 -7.4841e-14 -4.0816e-15 -1.5196e-16 -3.6718e-18 -5.4342e-20 -4.6091e-22 -2.0751e-24 -4.5398e-27 -4.3572e-30 -1.6295e-33 -2.0689e-37 -7.5941e-42 -6.6780e-47 -1.1286e-52 -2.8287e-59 -7.7415e-67 -1.6099e-75 -1.6529e-85 -5.0086e-97 -2.4173e-110 -8.8437e-126 -9.9945e-144 -1.1721e-164 -3.7644e-189 -6.4496e-218 -7.8183e-252 -5.4487e-292 0.0000e+00 0.0000e+00 0.0000e+00 0.0000e+00 0.0000e+00 0.0000e+00 0.0000e+00 0.0000e+00 0.0000e+00 0.0000e+00 0.0000e+00 0.0000e+00 0.0000e+00 0.0000e+00 0.0000e+00 0.0000e+00 0.0000e+00 0.0000e+00 0.0000e+00 0.0000e+00 0.0000e+00 0.0000e+00 0.0000e+00 0.0000e+00 0.0000e+00 0.0000e+00 0.0000e+00 0.0000e+00 0.0000e+00 0.0000e+00 5.4017e-07 1.5289e-06 2.8116e-06 4.3338e-06 6.0633e-06 0.0000e+00 1.0049e-05 1.2260e-05 1.4581e-05 1.6977e-05 1.9407e-05 2.1818e-05 2.4149e-05 2.6325e-05 2.8264e-05 2.9874e-05 3.1062e-05 3.1737e-05 3.1820e-05 3.1252e-05 3.0007e-05 2.8100e-05 2.5596e-05 2.2608e-05 1.9295e-05 1.5850e-05 1.2475e-05 9.3614e-06 6.6597e-06 4.4633e-06 2.7980e-06 1.6277e-06 8.7094e-07 4.2431e-07 1.8611e-07 7.2570e-08 2.4797e-08 7.3064e-09 1.8229e-09 3.7724e-10 6.3266e-11 8.3740e-12 8.4893e-13 6.3705e-14 3.4036e-15 1.2385e-16 2.9176e-18 4.1977e-20 3.4504e-22 1.5003e-24 3.1583e-27 2.9046e-30 1.0362e-33 1.2488e-37 4.3271e-42 3.5707e-47 5.6259e-53 1.3050e-59 3.2789e-67 6.2046e-76 5.7392e-86 1.5491e-97 6.5736e-111 2.0830e-126 2.0026e-144 1.9545e-165 5.0800e-190 6.7847e-219 6.0750e-253 2.8673e-293 0.0000e+00 0.0000e+00 0.0000e+00 0.0000e+00 0.0000e+00 0.0000e+00 0.0000e+00 0.0000e+00 0.0000e+00 0.0000e+00 0.0000e+00 0.0000e+00 0.0000e+00 0.0000e+00 0.0000e+00 0.0000e+00 0.0000e+00 0.0000e+00 0.0000e+00 0.0000e+00 0.0000e+00 0.0000e+00 0.0000e+00 0.0000e+00 0.0000e+00 0.0000e+00 0.0000e+00 0.0000e+00 0.0000e+00 0.0000e+00
-6.8059e-07 -1.9263e-06 -3.5425e-06 -5.4605e-06 -7.6397e-06 -1.0050e-05 7.8447e-05 -1.5450e-05 -1.8376e-05 -2.1399e-05 -2.4467e-05 -2.7515e-05 -3.0465e-05 -3.3226e-05 -3.5693e-05 -3.7753e-05 -3.9288e-05 -4.0183e-05 -4.0338e-05 -3.9676e-05 -3.8163e-05 -3.5813e-05 -3.2700e-05 -2.8965e-05 -2.4802e-05 -2.0450e-05 -1.6166e-05 -1.2191e-05 -8.7225e-06 -5.8837e-06 -3.7157e-06 -2.1797e-06 -1.1773e-06 -5.7967e-07 -2.5731e-07 -1.0168e-07 -3.5271e-08 -1.0568e-08 -2.6866e-09 -5.6772e-10 -9.7449e-11 -1.3236e-11 -1.3807e-12 -1.0695e-13 -5.9174e-15 -2.2380e-16 -5.5010e-18 -8.2934e-20 -7.1760e-22 -3.3010e-24 -7.3902e-27 -7.2701e-30 -2.7915e-33 -3.6452e-37 -1.3785e-41 -1.2512e-46 -2.1867e-52 -5.6785e-59 -1.6136e-66 -3.4916e-75 -3.7392e-85 -1.1849e-96 -5.9969e-110 -2.3082e-125 -2.7543e-143 -3.4244e-164 -1.1714e-188 -2.1488e-217 -2.8062e-251 -2.1217e-291 0.0000e+00 0.0000e+00 0.0000e+00 0.0000e+00 0.0000e+00 0.0000e+00 0.0000e+00 0.0000e+00 0.0000e+00 0.0000e+00 0.0000e+00 0.0000e+00 0.0000e+00 0.0000e+00 0.0000e+00 0.0000e+00 0.0000e+00 0.0000e+00 0.0000e+00 0.0000e+00 0.0000e+00 0.0000e+00 0.0000e+00 0.0000e+00 0.0000e+00 0.0000e+00 0.0000e+00 0.0000e+00 0.0000e+00 0.0000e+00 6.8059e-07 1.9263e-06 3.5425e-06 5.4604e-06 7.6395e-06 1.0049e-05 0.0000e+00 1.5447e-05 1.8371e-05 2.1390e-05 2.4452e-05 2.7490e-05 3.0427e-05 3.3169e-05 3.5612e-05 3.7641e-05 3.9138e-05 3.9988e-05 4.0092e-05 3.9376e-05 3.7807e-05 3.5405e-05 3.2250e-05 2.8485e-05 2.4311e-05 1.9970e-05 1.5718e-05 1.1795e-05 8.3909e-06 5.6235e-06 3.5253e-06 2.0508e-06 1.0973e-06 5.3459e-07 2.3448e-07 9.1427e-08 3.1240e-08 9.2043e-09 2.2963e-09 4.7518e-10 7.9685e-11 1.0546e-11 1.0690e-12 8.0205e-14 4.2843e-15 1.5585e-16 3.6700e-18 5.2778e-20 4.3355e-22 1.8837e-24 3.9612e-27 3.6382e-30 1.2957e-33 1.5579e-37 5.3819e-42 4.4235e-47 6.9325e-53 1.5966e-59 3.9732e-67 7.4195e-76 6.7377e-86 1.7717e-97 7.2391e-111 2.1672e-126 1.9055e-144 1.5984e-165 3.0953e-190 1.8141e-219 -2.0446e-253 -4.4146e-293 0.0000e+00 0.0000e+00 0.0000e+00 0.0000e+00 0.0000e+00 0.0000e+00 0.0000e+00 0.0000e+00 0.0000e+00 0.0000e+00 0.0000e+00 0.0000e+00 0.0000e+00 0.0000e+00 0.0000e+00 0.0000e+00 0.0000e+00 0.0000e+00 0.0000e+00 0.0000e+00 0.0000e+00 0.0000e+00 0.0000e+00 0.0000e+00 0.0000e+00 0.0000e+00 0.0000e+00 0.0000e+00 0.0000e+00 0.0000e+00
-8.3032e-07 -2.3501e-06 -4.3218e-06 -6.6618e-06 -9.3206e-06 -1.2261e-05 -1.5450e-05 1.3447e-04 -2.2423e-05 -2.6115e-05 -2.9864e-05 -3.3590e-05 -3.7201e-05 -4.0585e-05 -4.3616e-05 -4.6156e-05 -4.8062e-05 -4.9193e-05 -4.9426e-05 -4.8668e-05 -4.6870e-05 -4.4048e-05 -4.0288e-05 -3.5756e-05 -3.0687e-05 -2.5370e-05 -2.0116e-05 -1.5222e-05 -1.0933e-05 -7.4075e-06 -4.7013e-06 -2.7733e-06 -1.5072e-06 -7.4732e-07 -3.3430e-07 -1.3325e-07 -4.6657e-08 -1.4126e-08 -3.6323e-09 -7.7719e-10 -1.3523e-10 -1.8639e-11 -1.9757e-12 -1.5568e-13 -8.7742e-15 -3.3847e-16 -8.4967e-18 -1.3101e-19 -1.1609e-21 -5.4764e-24 -1.2591e-26 -1.2739e-29 -5.0384e-33 -6.7870e-37 -2.6520e-41 -2.4915e-46 -4.5153e-52 -1.2183e-58 -3.6051e-66 -8.1435e-75 -9.1290e-85 -3.0374e-96 -1.6198e-109 -6.5952e-125 -8.3621e-143 -1.1103e-163 -4.0799e-188 -8.0928e-217 -1.1514e-250 -9.5649e-291 0.0000e+00 0.0000e+00 0.0000e+00 0.0000e+00 0.0000e+00 0.0000e+00 0.0000e+00 0.0000e+00 0.0000e+00 0.0000e+00 0.0000e+00 0.0000e+00 0.0000e+00 0.0000e+00 0.0000e+00 0.0000e+00 0.0000e+00 0.0000e+00 0.0000e+00 0.0000e+00 0.0000e+00 0.0000e+00 0.0000e+00 0.0000e+00 0.0000e+00 0.0000e+00 0.0000e+00 0.0000e+00 0.0000e+00 0.0000e+00 8.3032e-07 2.3501e-06 4.3218e-06 6.6617e-06 9.3202e-06 1.2260e-05 1.5447e-05 0.0000e+00 2.2412e-05 2.6096e-05 2.9831e-05 3.3538e-05 3.7121e-05 4.0466e-05 4.3446e-05 4.5922e-05 4.7748e-05 4.8785e-05 4.8912e-05 4.8038e-05 4.6125e-05 4.3194e-05 3.9345e-05 3.4752e-05 2.9659e-05 2.4363e-05 1.9176e-05 1.4389e-05 1.0237e-05 6.8603e-06 4.3006e-06 2.5018e-06 1.3386e-06 6.5211e-07 2.8601e-07 1.1151e-07 3.8100e-08 1.1224e-08 2.7999e-09 5.7929e-10 9.7122e-11 1.2850e-11 1.3020e-12 9.7643e-14 5.2125e-15 1.8947e-16 4.4569e-18 6.4006e-20 5.2485e-22 2.2751e-24 4.7698e-27 4.3633e-30 1.5457e-33 1.8454e-37 6.3150e-42 5.1237e-47 7.8881e-53 1.7719e-59 4.2543e-67 7.5346e-76 6.3046e-86 1.4480e-97 4.5970e-111 7.3681e-127 -3.3307e-145 -1.9032e-165 -1.1577e-189 -3.0577e-218 -5.2348e-252 -4.9304e-292 0.0000e+00 0.0000e+00 0.0000e+00 0.0000e+00 0.0000e+00 0.0000e+00 0.0000e+00 0.0000e+00 0.0000e+00 0.0000e+00 0.0000e+00 0.0000e+00 0.0000e+00 0.0000e+00 0.0000e+00 0.0000e+00 0.0000e+00 0.0000e+00 0.0000e+00 0.0000e+00 0.0000e+00 0.0000e+00 0.0000e+00 0.0000e+00 0.0000e+00 0.0000e+00 0.0000e+00 0.0000e+00 0.0000e+00 0.0000e+00
-9.8748e-07 -2.7949e-06 -5.1399e-06 -7.9228e-06 -1.1085e-05 -1.4583e-05 -1.8376e-05 -2.2423e-05 2.1656e-04 -3.1072e-05 -3.5540e-05 -3.9986e-05 -4.4301e-05 -4.8353e-05 -5.1995e-05 -5.5063e-05 -5.7387e-05 -5.8801e-05 -5.9156e-05 -5.8337e-05 -5.6284e-05 -5.3007e-05 -4.8603e-05 -4.3259e-05 -3.7248e-05 -3.0910e-05 -2.4613e-05 -1.8716e-05 -1.3517e-05 -9.2145e-06 -5.8885e-06 -3.5004e-06 -1.9187e-06 -9.6031e-07 -4.3404e-07 -1.7497e-07 -6.2029e-08 -1.9034e-08 -4.9657e-09 -1.0792e-09 -1.9096e-10 -2.6797e-11 -2.8952e-12 -2.3280e-13 -1.3406e-14 -5.2896e-16 -1.3599e-17 -2.1499e-19 -1.9557e-21 -9.4832e-24 -2.2441e-26 -2.3401e-29 -9.5527e-33 -1.3303e-36 -5.3833e-41 -5.2475e-46 -9.8886e-52 -2.7810e-58 -8.5998e-66 -2.0362e-74 -2.4007e-84 -8.4327e-96 -4.7679e-109 -2.0681e-124 -2.8085e-142 -4.0184e-163 -1.6020e-187 -3.4743e-216 -5.4515e-250 -5.0447e-290 0.0000e+00 0.0000e+00 0.0000e+00 0.0000e+00 0.0000e+00 0.0000e+00 0.0000e+00 0.0000e+00 0.0000e+00 0.0000e+00 0.0000e+00 0.0000e+00 0.0000e+00 0.0000e+00 0.0000e+00 0.0000e+00 0.0000e+00 0.0000e+00 0.0000e+00 0.0000e+00 0.0000e+00 0.0000e+00 0.0000e+00 0.0000e+00 0.0000e+00 0.0000e+00 0.0000e+00 0.0000e+00 0.0000e+00 0.0000e+00 9.8748e-07 2.7949e-06 5.1398e-06 7.9226e-06 1.1084e-05 1.4581e-05 1.8371e-05 2.2412e-05 0.0000e+00 3.1035e-05 3.5477e-05 3.9886e-05 4.4147e-05 4.8126e-05 5.1670e-05 5.4613e-05 5.6785e-05 5.8019e-05 5.8169e-05 5.7131e-05 5.4855e-05 5.1370e-05 4.6792e-05 4.1329e-05 3.5273e-05 2.8974e-05 2.2804e-05 1.7112e-05 1.2173e-05 8.1580e-06 5.1139e-06 2.9748e-06 1.5915e-06 7.7527e-07 3.3999e-07 1.3254e-07 4.5275e-08 1.3335e-08 3.3252e-09 6.8769e-10 1.1523e-10 1.5235e-11 1.5422e-12 1.1551e-13 6.1567e-15 2.2332e-16 5.2389e-18 7.4969e-20 6.1185e-22 2.6357e-24 5.4795e-27 4.9561e-30 1.7288e-33 2.0202e-37 6.7069e-42 5.2076e-47 7.5033e-53 1.5166e-59 3.0284e-67 3.6446e-76 6.1083e-87 -9.1986e-98 -1.0745e-110 -6.7069e-126 -1.1428e-143 -1.9060e-164 -8.4525e-189 -1.9736e-217 -3.2536e-251 -3.1030e-291 0.0000e+00 0.0000e+00 0.0000e+00 0.0000e+00 0.0000e+00 0.0000e+00 0.0000e+00 0.0000e+00 0.0000e+00 0.0000e+00 0.0000e+00 0.0000e+00 0.0000e+00 0.0000e+00 0.0000e+00 0.0000e+00 0.0000e+00 0.0000e+00 0.0000e+00 0.0000e+00 0.0000e+00 0.0000e+00 0.0000e+00 0.0000e+00 0.0000e+00 0.0000e+00 0.0000e+00 0.0000e+00 0.0000e+00 0.0000e+00
-1.1498e-06 -3.2543e-06 -5.9846e-06 -9.2251e-06 -1.2907e-05 -1.6981e-05 -2.1399e-05 -2.6115e-05 -3.1072e-05 3.3208e-04 -4.1419e-05 -4.6620e-05 -5.1677e-05 -5.6441e-05 -6.0742e-05 -6.4392e-05 -6.7194e-05 -6.8953e-05 -6.9494e-05 -6.8679e-05 -6.6428e-05 -6.2744e-05 -5.7726e-05 -5.1580e-05 -4.4613e-05 -3.7211e-05 -2.9803e-05 -2.2810e-05 -1.6594e-05 -1.1404e-05 -7.3539e-06 -4.4151e-06 -2.4465e-06 -1.2391e-06 -5.6735e-07 -2.3192e-07 -8.3464e-08 -2.6027e-08 -6.9075e-09 -1.5289e-09 -2.7578e-10 -3.9495e-11 -4.3591e-12 -3.5847e-13 -2.1131e-14 -8.5449e-16 -2.2537e-17 -3.6595e-19 -3.4232e-21 -1.7091e-23 -4.1699e-26 -4.4901e-29 -1.8959e-32 -2.7360e-36 -1.1497e-40 -1.1664e-45 -2.2937e-51 -6.7506e-58 -2.1916e-65 -5.4677e-74 -6.8194e-84 -2.5452e-95 -1.5368e-108 -7.1577e-124 -1.0502e-141 -1.6349e-162 -7.1468e-187 -1.7145e-215 -3.0053e-249 -3.1418e-289 0.0000e+00 0.0000e+00 0.0000e+00 0.0000e+00 0.0000e+00 0.0000e+00 0.0000e+00 0.0000e+00 0.0000e+00 0.0000e+00 0.0000e+00 0.0000e+00 0.0000e+00 0.0000e+00 0.0000e+00 0.0000e+00 0.0000e+00 0.0000e+00 0.0000e+00 0.0000e+00 0.0000e+00 0.0000e+00 0.0000e+00 0.0000e+00 0.0000e+00 0.0000e+00 0.0000e+00 0.0000e+00 0.0000e+00 0.0000e+00 1.1498e-06 3.2543e-06 5.9845e-06 9.2247e-06 1.2906e-05 1.6977e-05 2.1390e-05 2.6096e-05 3.1035e-05 0.0000e+00 4.1308e-05 4.6441e-05 5.1402e-05 5.6035e-05 6.0162e-05 6.3589e-05 6.6118e-05 6.7554e-05 6.7729e-05 6.6520e-05 6.3870e-05 5.9812e-05 5.4481e-05 4.8120e-05 4.1068e-05 3.3734e-05 2.6550e-05 1.9922e-05 1.4171e-05 9.4965e-06 5.9525e-06 3.4622e-06 1.8520e-06 9.0199e-07 3.9547e-07 1.5411e-07 5.2621e-08 1.5490e-08 3.8596e-09 7.9743e-10 1.3345e-10 1.7614e-11 1.7791e-12 1.3287e-13 7.0549e-15 2.5462e-16 5.9331e-18 8.4141e-20 6.7838e-22 2.8738e-24 5.8370e-27 5.1074e-30 1.6971e-33 1.8414e-37 5.4166e-42 3.3740e-47 2.9115e-53 -1.1124e-60 -3.1069e-67 -1.3659e-75 -2.3298e-85 -1.0647e-96 -7.3911e-110 -3.7985e-125 -5.9725e-143 -9.7450e-164 -4.3874e-188 -1.0686e-216 -1.8792e-250 -1.9503e-290 0.0000e+00 0.0000e+00 0.0000e+00 0.0000e+00 0.0000e+00 0.0000e+00 0.0000e+00 0.0000e+00 0.0000e+00 0.0000e+00 0.0000e+00 0.0000e+00 0.0000e+00 0.0000e+00 0.0000e+00 0.0000e+00 0.0000e+00 0.0000e+00 0.0000e+00 0.0000e+00 0.0000e+00 0.0000e+00 0.0000e+00 0.0000e+00 0.0000e+00 0.0000e+00 0.0000e+00 0.0000e+00 0.0000e+00 0.0000e+00
-1.3143e-06 -3.7201e-06 -6.8413e-06 -1.0546e-05 -1.4756e-05 -1.9413e-05 -2.4467e-05 -2.9864e-05 -3.5540e-05 -4.1419e-05 4.8943e-04 -5.3390e-05 -5.9223e-05 -6.4740e-05 -6.9751e-05 -7.4045e-05 -7.7397e-05 -7.9585e-05 -8.0403e-05 -7.9687e-05 -7.7334e-05 -7.3330e-05 -6.7770e-05 -6.0868e-05 -5.2956e-05 -4.4464e-05 -3.5878e-05 -2.7690e-05 -2.0330e-05 -1.4115e-05 -9.2039e-06 -5.5933e-06 -3.1405e-06 -1.6134e-06 -7.5002e-07 -3.1161e-07 -1.1409e-07 -3.6229e-08 -9.8012e-09 -2.2134e-09 -4.0774e-10 -5.9690e-11 -6.7408e-12 -5.6770e-13 -3.4307e-14 -1.4237e-15 -3.8578e-17 -6.4434e-19 -6.2082e-21 -3.1972e-23 -8.0596e-26 -8.9826e-29 -3.9336e-32 -5.9004e-36 -2.5835e-40 -2.7387e-45 -5.6440e-51 -1.7468e-57 -5.9856e-65 -1.5826e-73 -2.1015e-83 -8.3934e-95 -5.4534e-108 -2.7504e-123 -4.4005e-141 -7.5279e-162 -3.6478e-186 -9.7960e-215 -1.9436e-248 -2.3286e-288 0.0000e+00 0.0000e+00 0.0000e+00 0.0000e+00 0.0000e+00 0.0000e+00 0.0000e+00 0.0000e+00 0.0000e+00 0.0000e+00 0.0000e+00 0.0000e+00 0.0000e+00 0.0000e+00 0.0000e+00 0.0000e+00 0.0000e+00 0.0000e+00 0.0000e+00 0.0000e+00 0.0000e+00 0.0000e+00 0.0000e+00 0.0000e+00 0.0000e+00 0.0000e+00 0.0000e+00 0.0000e+00 0.0000e+00 0.0000e+00 1.3143e-06 3.7200e-06 6.8411e-06 1.0545e-05 1.4753e-05 1.9407e-05 2.4452e-05 2.9831e-05 3.5477e-05 4.1308e-05 0.0000e+00 5.3089e-05 5.8760e-05 6.4055e-05 6.8773e-05 7.2691e-05 7.5581e-05 7.7223e-05 7.7423e-05 7.6040e-05 7.3010e-05 6.8371e-05 6.2276e-05 5.5004e-05 4.6942e-05 3.8557e-05 3.0345e-05 2.2768e-05 1.6194e-05 1.0851e-05 6.8001e-06 3.9543e-06 2.1146e-06 1.0295e-06 4.5111e-07 1.7567e-07 5.9927e-08 1.7619e-08 4.3831e-09 9.0366e-10 1.5080e-10 1.9831e-11 1.9932e-12 1.4789e-13 7.7829e-15 2.7753e-16 6.3612e-18 8.8156e-20 6.8775e-22 2.7759e-24 5.2344e-27 4.0538e-30 1.0750e-33 6.7740e-38 -6.4426e-43 -4.0220e-47 -1.4222e-52 -5.9628e-59 -2.4909e-66 -7.5566e-75 -1.1064e-84 -4.7366e-96 -3.2290e-109 -1.6801e-124 -2.7356e-142 -4.7080e-163 -2.2727e-187 -6.0280e-216 -1.1723e-249 -1.3672e-289 0.0000e+00 0.0000e+00 0.0000e+00 0.0000e+00 0.0000e+00 0.0000e+00 0.0000e+00 0.0000e+00 0.0000e+00 0.0000e+00 0.0000e+00 0.0000e+00 0.0000e+00 0.0000e+00 0.0000e+00 0.0000e+00 0.0000e+00 0.0000e+00 0.0000e+00 0.0000e+00 0.0000e+00 0.0000e+00 0.0000e+00 0.0000e+00 0.0000e+00 0.0000e+00 0.0000e+00 0.0000e+00 0.0000e+00 0.0000e+00
-1.4777e-06 -4.1823e-06 -7.6915e-06 -1.1857e-05 -1.6590e-05 -2.1829e-05 -2.7515e-05 -3.3590e-05 -3.9986e-05 -4.6620e-05 -5.3390e-05 6.9822e-04 -6.6804e-05 -7.3115e-05 -7.8891e-05 -8.3899e-05 -8.7891e-05 -9.0616e-05 -9.1837e-05 -9.1358e-05 -8.9046e-05 -8.4860e-05 -7.8878e-05 -7.1310e-05 -6.2501e-05 -5.2915e-05 -4.3092e-05 -3.3598e-05 -2.4946e-05 -1.7532e-05 -1.1583e-05 -7.1398e-06 -4.0701e-06 -2.1249e-06 -1.0048e-06 -4.2505e-07 -1.5859e-07 -5.1364e-08 -1.4185e-08 -3.2727e-09 -6.1647e-10 -9.2362e-11 -1.0685e-11 -9.2271e-13 -5.7239e-14 -2.4411e-15 -6.8065e-17 -1.1715e-18 -1.1649e-20 -6.2024e-23 -1.6196e-25 -1.8738e-28 -8.5377e-32 -1.3360e-35 -6.1198e-40 -6.8083e-45 -1.4776e-50 -4.8342e-57 -1.7585e-64 -4.9585e-73 -7.0578e-83 -3.0385e-94 -2.1414e-107 -1.1796e-122 -2.0773e-140 -3.9453e-161 -2.1430e-185 -6.5211e-214 -1.4841e-247 -2.0679e-287 0.0000e+00 0.0000e+00 0.0000e+00 0.0000e+00 0.0000e+00 0.0000e+00 0.0000e+00 0.0000e+00 0.0000e+00 0.0000e+00 0.0000e+00 0.0000e+00 0.0000e+00 0.0000e+00 0.0000e+00 0.0000e+00 0.0000e+00 0.0000e+00 0.0000e+00 0.0000e+00 0.0000e+00 0.0000e+00 0.0000e+00 0.0000e+00 0.0000e+00 0.0000e+00 0.0000e+00 0.0000e+00 0.0000e+00 0.0000e+00 1.4777e-06 4.1823e-06 7.6913e-06 1.1855e-05 1.6587e-05 2.1818e-05 2.7490e-05 3.3538e-05 3.9886e-05 4.6441e-05 5.3089e-05 0.0000e+00 6.6062e-05 7.2015e-05 7.7319e-05 8.1723e-05 8.4973e-05 8.6818e-05 8.7043e-05 8.5487e-05 8.2080e-05 7.6863e-05 7.0009e-05 6.1831e-05 5.2766e-05 4.3338e-05 3.4104e-05 2.5585e-05 1.8195e-05 1.2188e-05 7.6355e-06 4.4381e-06 2.3719e-06 1.1538e-06 5.0506e-07 1.9640e-07 6.6873e-08 1.9612e-08 4.8628e-09 9.9813e-10 1.6558e-10 2.1601e-11 2.1476e-12 1.5697e-13 8.0901e-15 2.8002e-16 6.1437e-18 7.9640e-20 5.5729e-22 1.8467e-24 2.2203e-27 -8.4054e-32 -1.0929e-33 -3.1344e-37 -1.9916e-41 -2.7349e-46 -6.8646e-52 -2.4909e-58 -9.7582e-66 -2.8990e-74 -4.2737e-84 -1.8795e-95 -1.3377e-108 -7.3699e-124 -1.2872e-141 -2.4068e-162 -1.2785e-186 -3.7824e-215 -8.3223e-249 -1.1154e-288 0.0000e+00 0.0000e+00 0.0000e+00 0.0000e+00 0.0000e+00 0.0000e+00 0.0000e+00 0.0000e+00 0.0000e+00 0.0000e+00 0.0000e+00 0.0000e+00 0.0000e+00 0.0000e+00 0.0000e+00 0.0000e+00 0.0000e+00 0.0000e+00 0.0000e+00 0.0000e+00 0.0000e+00 0.0000e+00 0.0000e+00 0.0000e+00 0.0000e+00 0.0000e+00 0.0000e+00 0.0000e+00 0.0000e+00 0.0000e+00
-1.6355e-06 -4.6291e-06 -8.5132e-06 -1.3124e-05 -1.8364e-05 -2.4165e-05 -3.0465e-05 -3.7201e-05 -4.4301e-05 -5.1677e-05 -5.9223e-05 -6.6804e-05 9.6928e-04 -8.1400e-05 -8.7997e-05 -9.3802e-05 -9.8544e-05 -1.0194e-04 -1.0373e-04 -1.0368e-04 -1.0161e-04 -9.7439e-05 -9.1218e-05 -8.3132e-05 -7.3521e-05 -6.2868e-05 -5.1764e-05 -4.0846e-05 -3.0724e-05 -2.1897e-05 -1.4685e-05 -9.1968e-06 -5.3316e-06 -2.8331e-06 -1.3647e-06 -5.8852e-07 -2.2403e-07 -7.4090e-08 -2.0909e-08 -4.9338e-09 -9.5133e-10 -1.4604e-10 -1.7327e-11 -1.5364e-12 -9.7983e-14 -4.3017e-15 -1.2366e-16 -2.1980e-18 -2.2613e-20 -1.2482e-22 -3.3866e-25 -4.0809e-28 -1.9419e-31 -3.1828e-35 -1.5320e-39 -1.7971e-44 -4.1285e-50 -1.4358e-56 -5.5775e-64 -1.6881e-72 -2.5936e-82 -1.2127e-93 -9.3464e-107 -5.6733e-122 -1.1103e-139 -2.3655e-160 -1.4568e-184 -5.0861e-213 -1.3459e-246 -2.2139e-286 0.0000e+00 0.0000e+00 0.0000e+00 0.0000e+00 0.0000e+00 0.0000e+00 0.0000e+00 0.0000e+00 0.0000e+00 0.0000e+00 0.0000e+00 0.0000e+00 0.0000e+00 0.0000e+00 0.0000e+00 0.0000e+00 0.0000e+00 0.0000e+00 0.0000e+00 0.0000e+00 0.0000e+00 0.0000e+00 0.0000e+00 0.0000e+00 0.0000e+00 0.0000e+00 0.0000e+00 0.0000e+00 0.0000e+00 0.0000e+00 1.6355e-06 4.6291e-06 8.5129e-06 1.3122e-05 1.8358e-05 2.4149e-05 3.0427e-05 3.7121e-05 4.4147e-05 5.1402e-05 5.8760e-05 6.6062e-05 0.0000e+00 7.9708e-05 8.5578e-05 9.0453e-05 9.4049e-05 9.6091e-05 9.6338e-05 9.4615e-05 9.0842e-05 8.5065e-05 7.7476e-05 6.8421e-05 5.8384e-05 4.7946e-05 3.7723e-05 2.8293e-05 2.0113e-05 1.3467e-05 8.4315e-06 4.8966e-06 2.6139e-06 1.2696e-06 5.5461e-07 2.1508e-07 7.2965e-08 2.1293e-08 5.2443e-09 1.0667e-09 1.7474e-10 2.2400e-11 2.1725e-12 1.5315e-13 7.4741e-15 2.3717e-16 4.4738e-18 4.2463e-20 1.0075e-22 -1.0644e-24 -6.6892e-27 -1.1976e-29 -7.2697e-33 -1.4052e-36 -7.6011e-41 -9.6961e-46 -2.3647e-51 -8.5714e-58 -3.4201e-65 -1.0506e-73 -1.6221e-83 -7.5569e-95 -5.7599e-108 -3.4352e-123 -6.5666e-141 -1.3593e-161 -8.0934e-186 -2.7194e-214 -6.8958e-248 -1.0825e-287 0.0000e+00 0.0000e+00 0.0000e+00 0.0000e+00 0.0000e+00 0.0000e+00 0.0000e+00 0.0000e+00 0.0000e+00 0.0000e+00 0.0000e+00 0.0000e+00 0.0000e+00 0.0000e+00 0.0000e+00 0.0000e+00 0.0000e+00 0.0000e+00 0.0000e+00 0.0000e+00 0.0000e+00 0.0000e+00 0.0000e+00 0.0000e+00 0.0000e+00 0.0000e+00 0.0000e+00 0.0000e+00 0.0000e+00 0.0000e+00
-1.7829e-06 -5.0463e-06 -9.2806e-06 -1.4307e-05 -2.0022e-05 -2.6350e-05 -3.3226e-05 -4.0585e-05 -4.8353e-05 -5.6441e-05 -6.4740e-05 -7.3115e-05 -8.1400e-05 1.3148e-03 -9.6875e-05 -1.0357e-04 -1.0919e-04 -1.1344e-04 -1.1600e-04 -1.1662e-04 -1.1505e-04 -1.1117e-04 -1.0497e-04 -9.6589e-05 -8.6333e-05 -7.4688e-05 -6.2279e-05 -4.9818e-05 -3.8024e-05 -2.7524e-05 -1.8765e-05 -1.1956e-05 -7.0573e-06 -3.8213e-06 -1.8771e-06 -8.2607e-07 -3.2114e-07 -1.0855e-07 -3.1335e-08 -7.5701e-09 -1.4959e-09 -2.3558e-10 -2.8710e-11 -2.6181e-12 -1.7197e-13 -7.7882e-15 -2.3137e-16 -4.2578e-18 -4.5450e-20 -2.6089e-22 -7.3793e-25 -9.2958e-28 -4.6380e-31 -7.9961e-35 -4.0628e-39 -5.0505e-44 -1.2347e-49 -4.5906e-56 -1.9162e-63 -6.2664e-72 -1.0466e-81 -5.3566e-93 -4.5524e-106 -3.0726e-121 -6.7482e-139 -1.6303e-159 -1.1516e-183 -4.6716e-212 -1.4576e-245 -2.8738e-285 0.0000e+00 0.0000e+00 0.0000e+00 0.0000e+00 0.0000e+00 0.0000e+00 0.0000e+00 0.0000e+00 0.0000e+00 0.0000e+00 0.0000e+00 0.0000e+00 0.0000e+00 0.0000e+00 0.0000e+00 0.0000e+00 0.0000e+00 0.0000e+00 0.0000e+00 0.0000e+00 0.0000e+00 0.0000e+00 0.0000e+00 0.0000e+00 0.0000e+00 0.0000e+00 0.0000e+00 0.0000e+00 0.0000e+00 0.0000e+00 1.7829e-06 5.0463e-06 9.2801e-06 1.4304e-05 2.0013e-05 2.6325e-05 3.3169e-05 4.0466e-05 4.8126e-05 5.6035e-05 6.4055e-05 7.2015e-05 7.9708e-05 0.0000e+00 9.3290e-05 9.8604e-05 1.0252e-04 1.0475e-04 1.0502e-04 1.0313e-04 9.9017e-05 9.2714e-05 8.4436e-05 7.4559e-05 6.3610e-05 5.2225e-05 4.1076e-05 3.0794e-05 2.1878e-05 1.4636e-05 9.1530e-06 5.3074e-06 2.8273e-06 1.3693e-06 5.9590e-07 2.2989e-07 7.7436e-08 2.2377e-08 5.4368e-09 1.0848e-09 1.7286e-10 2.1267e-11 1.9355e-12 1.2281e-13 4.9267e-15 9.7590e-17 -3.6466e-19 -5.8779e-20 -1.1042e-21 -8.6582e-24 -2.9975e-26 -4.3438e-29 -2.3952e-32 -4.4370e-36 -2.3721e-40 -3.0524e-45 -7.6243e-51 -2.8653e-57 -1.1980e-64 -3.8940e-73 -6.4210e-83 -3.2250e-94 -2.6755e-107 -1.7542e-122 -3.7259e-140 -8.6690e-161 -5.8745e-185 -2.2778e-213 -6.7683e-247 -1.2665e-286 0.0000e+00 0.0000e+00 0.0000e+00 0.0000e+00 0.0000e+00 0.0000e+00 0.0000e+00 0.0000e+00 0.0000e+00 0.0000e+00 0.0000e+00 0.0000e+00 0.0000e+00 0.0000e+00 0.0000e+00 0.0000e+00 0.0000e+00 0.0000e+00 0.0000e+00 0.0000e+00 0.0000e+00 0.0000e+00 0.0000e+00 0.0000e+00 0.0000e+00 0.0000e+00 0.0000e+00 0.0000e+00 0.0000e+00 0.0000e+00
-1.9142e-06 -5.4180e-06 -9.9642e-06 -1.5362e-05 -2.1499e-05 -2.8299e-05 -3.5693e-05 -4.3616e-05 -5.1995e-05 -6.0742e-05 -6.9751e-05 -7.8891e-05 -8.7997e-05 -9.6875e-05 1.7483e-03 -1.1298e-04 -1.1963e-04 -1.2492e-04 -1.2853e-04 -1.3011e-04 -1.2939e-04 -1.2616e-04 -1.2033e-04 -1.1195e-04 -1.0129e-04 -8.8787e-05 -7.5090e-05 -6.0979e-05 -4.7291e-05 -3.4811e-05 -2.4154e-05 -1.5674e-05 -9.4294e-06 -5.2074e-06 -2.6107e-06 -1.1735e-06 -4.6634e-07 -1.6126e-07 -4.7669e-08 -1.1805e-08 -2.3938e-09 -3.8735e-10 -4.8569e-11 -4.5641e-12 -3.0943e-13 -1.4491e-14 -4.4602e-16 -8.5225e-18 -9.4682e-20 -5.6709e-22 -1.6783e-24 -2.2187e-27 -1.1655e-30 -2.1230e-34 -1.1441e-38 -1.5149e-43 -3.9628e-49 -1.5845e-55 -7.1516e-63 -2.5443e-71 -4.6539e-81 -2.6276e-92 -2.4837e-105 -1.8814e-120 -4.6837e-138 -1.2971e-158 -1.0634e-182 -5.0783e-211 -1.8948e-244 -4.5480e-284 0.0000e+00 0.0000e+00 0.0000e+00 0.0000e+00 0.0000e+00 0.0000e+00 0.0000e+00 0.0000e+00 0.0000e+00 0.0000e+00 0.0000e+00 0.0000e+00 0.0000e+00 0.0000e+00 0.0000e+00 0.0000e+00 0.0000e+00 0.0000e+00 0.0000e+00 0.0000e+00 0.0000e+00 0.0000e+00 0.0000e+00 0.0000e+00 0.0000e+00 0.0000e+00 0.0000e+00 0.0000e+00 0.0000e+00 0.0000e+00 1.9142e-06 5.4179e-06 9.9635e-06 1.5358e-05 2.1487e-05 2.8264e-05 3.5612e-05 4.3446e-05 5.1670e-05 6.0162e-05 6.8773e-05 7.7319e-05 8.5578e-05 9.3290e-05 0.0000e+00 1.0586e-04 1.1007e-04 1.1246e-04 1.1274e-04 1.1071e-04 1.0629e-04 9.9512e-05 9.0613e-05 7.9997e-05 6.8230e-05 5.5995e-05 4.4016e-05 3.2972e-05 2.3400e-05 1.5631e-05 9.7557e-06 5.6413e-06 2.9939e-06 1.4425e-06 6.2329e-07 2.3809e-07 7.9090e-08 2.2406e-08 5.2887e-09 1.0102e-09 1.5026e-10 1.6435e-11 1.1866e-12 3.9415e-14 -1.5784e-15 -2.4539e-16 -1.2050e-17 -3.0261e-19 -4.0287e-21 -2.7386e-23 -8.8731e-26 -1.2516e-28 -6.8808e-32 -1.2921e-35 -7.0915e-40 -9.4667e-45 -2.4757e-50 -9.8245e-57 -4.3735e-64 -1.5261e-72 -2.7243e-82 -1.4944e-93 -1.3667e-106 -9.9787e-122 -2.3860e-139 -6.3246e-160 -4.9473e-184 -2.2469e-212 -7.9487e-246 -1.8035e-285 0.0000e+00 0.0000e+00 0.0000e+00 0.0000e+00 0.0000e+00 0.0000e+00 0.0000e+00 0.0000e+00 0.0000e+00 0.0000e+00 0.0000e+00 0.0000e+00 0.0000e+00 0.0000e+00 0.0000e+00 0.0000e+00 0.0000e+00 0.0000e+00 0.0000e+00 0.0000e+00 0.0000e+00 0.0000e+00 0.0000e+00 0.0000e+00 0.0000e+00 0.0000e+00 0.0000e+00 0.0000e+00 0.0000e+00 0.0000e+00
-2.0233e-06 -5.7267e-06 -1.0532e-05 -1.6238e-05 -2.2728e-05 -2.9922e-05 -3.7753e-05 -4.6156e-05 -5.5063e-05 -6.4392e-05 -7.4045e-05 -8.3899e-05 -9.3802e-05 -1.0357e-04 -1.1298e-04 2.2850e-03 -1.2961e-04 -1.3619e-04 -1.4112e-04 -1.4404e-04 -1.4459e-04 -1.4245e-04 -1.3743e-04 -1.2948e-04 -1.1875e-04 -1.0561e-04 -9.0709e-05 -7.4870e-05 -5.9063e-05 -4.4256e-05 -3.1279e-05 -2.0690e-05 -1.2697e-05 -7.1571e-06 -3.6654e-06 -1.6844e-06 -6.8489e-07 -2.4257e-07 -7.3519e-08 -1.8689e-08 -3.8954e-09 -6.4883e-10 -8.3875e-11 -8.1399e-12 -5.7098e-13 -2.7722e-14 -8.8659e-16 -1.7644e-17 -2.0468e-19 -1.2836e-21 -3.9897e-24 -5.5573e-27 -3.0868e-30 -5.9684e-34 -3.4284e-38 -4.8606e-43 -1.3682e-48 -5.9187e-55 -2.9075e-62 -1.1332e-70 -2.2871e-80 -1.4362e-91 -1.5231e-104 -1.3071e-119 -3.7269e-137 -1.1964e-157 -1.1525e-181 -6.5645e-210 -2.9719e-243 -8.8241e-283 0.0000e+00 0.0000e+00 0.0000e+00 0.0000e+00 0.0000e+00 0.0000e+00 0.0000e+00 0.0000e+00 0.0000e+00 0.0000e+00 0.0000e+00 0.0000e+00 0.0000e+00 0.0000e+00 0.0000e+00 0.0000e+00 0.0000e+00 0.0000e+00 0.0000e+00 0.0000e+00 0.0000e+00 0.0000e+00 0.0000e+00 0.0000e+00 0.0000e+00 0.0000e+00 0.0000e+00 0.0000e+00 0.0000e+00 0.0000e+00 2.0233e-06 5.7266e-06 1.0531e-05 1.6233e-05 2.2711e-05 2.9874e-05 3.7641e-05 4.5922e-05 5.4613e-05 6.3589e-05 7.2691e-05 8.1723e-05 9.0453e-05 9.8604e-05 1.0586e-04 0.0000e+00 1.1633e-04 1.1885e-04 1.1915e-04 1.1700e-04 1.1231e-04 1.0513e-04 9.5704e-05 8.4462e-05 7.2004e-05 5.9051e-05 4.6375e-05 3.4693e-05 2.4576e-05 1.6375e-05 1.0184e-05 5.8607e-06 3.0894e-06 1.4745e-06 6.2865e-07 2.3556e-07 7.6060e-08 2.0638e-08 4.5463e-09 7.7011e-10 8.9754e-11 4.6594e-12 -5.4868e-13 -1.4896e-13 -1.6140e-14 -1.0150e-15 -3.8564e-17 -8.6587e-19 -1.0949e-20 -7.3015e-23 -2.3687e-25 -3.3940e-28 -1.9166e-31 -3.7313e-35 -2.1406e-39 -3.0100e-44 -8.3532e-50 -3.5436e-56 -1.6991e-63 -6.4362e-72 -1.2577e-81 -7.6188e-93 -7.7690e-106 -6.3904e-121 -1.7412e-138 -5.3259e-159 -4.8750e-183 -2.6313e-211 -1.1257e-244 -3.1500e-284 0.0000e+00 0.0000e+00 0.0000e+00 0.0000e+00 0.0000e+00 0.0000e+00 0.0000e+00 0.0000e+00 0.0000e+00 0.0000e+00 0.0000e+00 0.0000e+00 0.0000e+00 0.0000e+00 0.0000e+00 0.0000e+00 0.0000e+00 0.0000e+00 0.0000e+00 0.0000e+00 0.0000e+00 0.0000e+00 0.0000e+00 0.0000e+00 0.0000e+00 0.0000e+00 0.0000e+00 0.0000e+00 0.0000e+00 0.0000e+00
-2.1037e-06 -5.9544e-06 -1.0951e-05 -1.6885e-05 -2.3637e-05 -3.1126e-05 -3.9288e-05 -4.8062e-05 -5.7387e-05 -6.7194e-05 -7.7397e-05 -8.7891e-05 -9.8544e-05 -1.0919e-04 -1.1963e-04 -1.2961e-04 2.9416e-03 -1.4694e-04 -1.5355e-04 -1.5823e-04 -1.6052e-04 -1.6002e-04 -1.5638e-04 -1.4939e-04 -1.3904e-04 -1.2562e-04 -1.0968e-04 -9.2106e-05 -7.3973e-05 -5.6469e-05 -4.0686e-05 -2.7454e-05 -1.7198e-05 -9.9043e-06 -5.1862e-06 -2.4390e-06 -1.0159e-06 -3.6903e-07 -1.1485e-07 -3.0020e-08 -6.4435e-09 -1.1070e-09 -1.4786e-10 -1.4855e-11 -1.0810e-12 -5.4565e-14 -1.8186e-15 -3.7815e-17 -4.5962e-19 -3.0292e-21 -9.9268e-24 -1.4630e-26 -8.6306e-30 -1.7797e-33 -1.0952e-37 -1.6716e-42 -5.0927e-48 -2.3984e-54 -1.2909e-61 -5.5513e-70 -1.2459e-79 -8.7738e-91 -1.0534e-103 -1.0342e-118 -3.4130e-136 -1.2846e-156 -1.4721e-180 -1.0140e-208 -5.6535e-242 -2.1107e-281 0.0000e+00 0.0000e+00 0.0000e+00 0.0000e+00 0.0000e+00 0.0000e+00 0.0000e+00 0.0000e+00 0.0000e+00 0.0000e+00 0.0000e+00 0.0000e+00 0.0000e+00 0.0000e+00 0.0000e+00 0.0000e+00 0.0000e+00 0.0000e+00 0.0000e+00 0.0000e+00 0.0000e+00 0.0000e+00 0.0000e+00 0.0000e+00 0.0000e+00 0.0000e+00 0.0000e+00 0.0000e+00 0.0000e+00 0.0000e+00 2.1037e-06 5.9543e-06 1.0950e-05 1.6878e-05 2.3614e-05 3.1062e-05 3.9138e-05 4.7748e-05 5.6785e-05 6.6118e-05 7.5581e-05 8.4973e-05 9.4049e-05 1.0252e-04 1.1007e-04 1.1633e-04 0.0000e+00 1.2356e-04 1.2386e-04 1.2161e-04 1.1671e-04 1.0922e-04 9.9391e-05 8.7667e-05 7.4676e-05 6.1175e-05 4.7967e-05 3.5805e-05 2.5286e-05 1.6776e-05 1.0371e-05 5.9171e-06 3.0814e-06 1.4450e-06 6.0017e-07 2.1609e-07 6.5438e-08 1.5876e-08 2.7864e-09 2.3865e-10 -3.9347e-11 -2.0038e-11 -4.1735e-12 -5.4470e-13 -4.7132e-14 -2.6845e-15 -9.7496e-17 -2.1548e-18 -2.7323e-20 -1.8515e-22 -6.1659e-25 -9.1468e-28 -5.3881e-31 -1.1019e-34 -6.6857e-39 -1.0009e-43 -2.9775e-49 -1.3636e-55 -7.1107e-63 -2.9526e-71 -6.3782e-81 -4.3108e-92 -4.9534e-105 -4.6417e-120 -1.4583e-137 -5.2123e-158 -5.6583e-182 -3.6827e-210 -1.9354e-243 -6.7938e-283 0.0000e+00 0.0000e+00 0.0000e+00 0.0000e+00 0.0000e+00 0.0000e+00 0.0000e+00 0.0000e+00 0.0000e+00 0.0000e+00 0.0000e+00 0.0000e+00 0.0000e+00 0.0000e+00 0.0000e+00 0.0000e+00 0.0000e+00 0.0000e+00 0.0000e+00 0.0000e+00 0.0000e+00 0.0000e+00 0.0000e+00 0.0000e+00 0.0000e+00 0.0000e+00 0.0000e+00 0.0000e+00 0.0000e+00 0.0000e+00
