2.9437e-08 -6.2126e-09 -1.1425e-08 -1.7611e-08 -2.4638e-08 -3.2410e-08 -4.0835e-08 -4.9819e-08 -5.9249e-08 -6.8986e-08 -7.8860e-08 -8.8660e-08 -9.8131e-08 -1.0698e-07 -1.1485e-07 -1.2140e-07 -1.2622e-07 -1.2897e-07 -1.2930e-07 -1.2699e-07 -1.2193e-07 -1.1419e-07 -1.0401e-07 -9.1869e-08 -7.8408e-08 -6.4407e-08 -5.0694e-08 -3.8041e-08 -2.7063e-08 -1.8137e-08 -1.1370e-08 -6.6147e-09 -3.5393e-09 -1.7243e-09 -7.5634e-10 -2.9492e-10 -1.0077e-10 -2.9693e-11 -7.4084e-12 -1.5332e-12 -2.5714e-13 -3.4038e-14 -3.4509e-15 -2.5898e-16 -1.3838e-17 -5.0362e-19 -1.1866e-20 -1.7076e-22 -1.4039e-24 -6.1068e-27 -1.2861e-29 -1.1834e-32 -4.2249e-36 -5.0962e-40 -1.7680e-44 -1.4611e-49 -2.3067e-55 -5.3645e-62 -1.3525e-69 -2.5709e-78 -2.3925e-88 -6.5101e-100 -2.7932e-113 -8.9856e-129 -8.8224e-147 -8.8707e-168 -2.4072e-192 -3.4285e-221 -3.3931e-255 -1.8918e-295 0.0000e+00 0.0000e+00 0.0000e+00 0.0000e+00 0.0000e+00 0.0000e+00 0.0000e+00 0.0000e+00 0.0000e+00 0.0000e+00 0.0000e+00 0.0000e+00 0.0000e+00 0.0000e+00 0.0000e+00 0.0000e+00 0.0000e+00 0.0000e+00 0.0000e+00 0.0000e+00 0.0000e+00 0.0000e+00 0.0000e+00 0.0000e+00 0.0000e+00 0.0000e+00 0.0000e+00 0.0000e+00 0.0000e+00 0.0000e+00 0.0000e+00 6.2126e-09 1.1425e-08 1.7611e-08 2.4638e-08 3.2410e-08 4.0835e-08 4.9819e-08 5.9249e-08 6.8986e-08 7.8860e-08 8.8660e-08 9.8131e-08 1.0697e-07 1.1485e-07 1.2140e-07 1.2622e-07 1.2897e-07 1.2930e-07 1.2699e-07 1.2193e-07 1.1419e-07 1.0401e-07 9.1869e-08 7.8407e-08 6.4407e-08 5.0694e-08 3.8040e-08 2.7062e-08 1.8137e-08 1.1370e-08 6.6145e-09 3.5392e-09 1.7242e-09 7.5631e-10 2.9490e-10 1.0077e-10 2.9692e-11 7.4079e-12 1.5331e-12 2.5712e-13 3.4034e-14 3.4505e-15 2.5895e-16 1.3836e-17 5.0354e-19 1.1863e-20 1.7072e-22 1.4036e-24 6.1052e-27 1.2857e-29 1.1830e-32 4.2232e-36 5.0939e-40 1.7671e-44 1.4603e-49 2.3052e-55 5.3605e-62 1.3514e-69 2.5685e-78 2.3898e-88 6.5019e-100 2.7892e-113 8.9708e-129 8.8057e-147 8.8514e-168 2.4011e-192 3.4186e-221 3.3817e-255 1.8844e-295 0.0000e+00 0.0000e+00 0.0000e+00 0.0000e+00 0.0000e+00 0.0000e+00 0.0000e+00 0.0000e+00 0.0000e+00 0.0000e+00 0.0000e+00 0.0000e+00 0.0000e+00 0.0000e+00 0.0000e+00 0.0000e+00 0.0000e+00 0.0000e+00 0.0000e+00 0.0000e+00 0.0000e+00 0.0000e+00 0.0000e+00 0.0000e+00 0.0000e+00 0.0000e+00 0.0000e+00 0.0000e+00 0.0000e+00 0.0000e+00
-6.2126e-09 4.7144e-07 -3.2337e-08 -4.9844e-08 -6.9736e-08 -9.1732e-08 -1.1558e-07 -1.4101e-07 -1.6770e-07 -1.9526e-07 -2.2320e-07 -2.5094e-07 -2.7775e-07 -3.0278e-07 -3.2508e-07 -3.4360e-07 -3.5727e-07 -3.6503e-07 -3.6598e-07 -3.5945e-07 -3.4514e-07 -3.2322e-07 -2.9442e-07 -2.6005e-07 -2.2195e-07 -1.8232e-07 -1.4351e-07 -1.0769e-07 -7.6615e-08 -5.1349e-08 -3.2192e-08 -1.8729e-08 -1.0022e-08 -4.8829e-09 -2.1420e-09 -8.3528e-10 -2.8545e-10 -8.4118e-11 -2.0990e-11 -4.3446e-12 -7.2877e-13 -9.6484e-14 -9.7840e-15 -7.3443e-16 -3.9254e-17 -1.4290e-18 -3.3679e-20 -4.8486e-22 -3.9881e-24 -1.7356e-26 -3.6571e-29 -3.3673e-32 -1.2030e-35 -1.4522e-39 -5.0426e-44 -4.1717e-49 -6.5936e-55 -1.5355e-61 -3.8772e-69 -7.3830e-78 -6.8843e-88 -1.8776e-99 -8.0775e-113 -2.6065e-128 -2.5684e-146 -2.5932e-167 -7.0710e-192 -1.0128e-220 -1.0091e-254 -5.6702e-295 0.0000e+00 0.0000e+00 0.0000e+00 0.0000e+00 0.0000e+00 0.0000e+00 0.0000e+00 0.0000e+00 0.0000e+00 0.0000e+00 0.0000e+00 0.0000e+00 0.0000e+00 0.0000e+00 0.0000e+00 0.0000e+00 0.0000e+00 0.0000e+00 0.0000e+00 0.0000e+00 0.0000e+00 0.0000e+00 0.0000e+00 0.0000e+00 0.0000e+00 0.0000e+00 0.0000e+00 0.0000e+00 0.0000e+00 0.0000e+00 6.2126e-09 0.0000e+00 3.2337e-08 4.9844e-08 6.9736e-08 9.1732e-08 1.1558e-07 1.4101e-07 1.6769e-07 1.9526e-07 2.2320e-07 2.5094e-07 2.7775e-07 3.0278e-07 3.2507e-07 3.4360e-07 3.5726e-07 3.6502e-07 3.6597e-07 3.5943e-07 3.4512e-07 3.2319e-07 2.9439e-07 2.6002e-07 2.2192e-07 1.8229e-07 1.4348e-07 1.0767e-07 7.6596e-08 5.1334e-08 3.2181e-08 1.8721e-08 1.0017e-08 4.8802e-09 2.1406e-09 8.3468e-10 2.8521e-10 8.4038e-11 2.0967e-11 4.3392e-12 7.2774e-13 9.6329e-14 9.7661e-15 7.3291e-16 3.9162e-17 1.4252e-18 3.3578e-20 4.8320e-22 3.9727e-24 1.7280e-26 3.6389e-29 3.3484e-32 1.1953e-35 1.4418e-39 5.0014e-44 4.1332e-49 6.5244e-55 1.5172e-61 3.8249e-69 7.2696e-78 6.7640e-88 1.8403e-99 7.8943e-113 2.5390e-128 2.4923e-146 2.5052e-167 6.7959e-192 9.6756e-221 9.5713e-255 5.3334e-295 0.0000e+00 0.0000e+00 0.0000e+00 0.0000e+00 0.0000e+00 0.0000e+00 0.0000e+00 0.0000e+00 0.0000e+00 0.0000e+00 0.0000e+00 0.0000e+00 0.0000e+00 0.0000e+00 0.0000e+00 0.0000e+00 0.0000e+00 0.0000e+00 0.0000e+00 0.0000e+00 0.0000e+00 0.0000e+00 0.0000e+00 0.0000e+00 0.0000e+00 0.0000e+00 0.0000e+00 0.0000e+00 0.0000e+00 0.0000e+00
-1.1425e-08 -3.2337e-08 2.3905e-06 -9.1663e-08 -1.2824e-07 -1.6869e-07 -2.1255e-07 -2.5931e-07 -3.0839e-07 -3.5908e-07 -4.1048e-07 -4.6149e-07 -5.1079e-07 -5.5684e-07 -5.9785e-07 -6.3193e-07 -6.5708e-07 -6.7138e-07 -6.7315e-07 -6.6116e-07 -6.3487e-07 -5.9457e-07 -5.4163e-07 -4.7844e-07 -4.0838e-07 -3.3550e-07 -2.6411e-07 -1.9822e-07 -1.4104e-07 -9.4546e-08 -5.9286e-08 -3.4500e-08 -1.8465e-08 -8.9996e-09 -3.9491e-09 -1.5406e-09 -5.2671e-10 -1.5529e-10 -3.8771e-11 -8.0300e-12 -1.3479e-12 -1.7859e-13 -1.8126e-14 -1.3620e-15 -7.2880e-17 -2.6565e-18 -6.2700e-20 -9.0410e-22 -7.4502e-24 -3.2489e-26 -6.8618e-29 -6.3347e-32 -2.2699e-35 -2.7494e-39 -9.5834e-44 -7.9628e-49 -1.2648e-54 -2.9618e-61 -7.5266e-69 -1.4436e-77 -1.3573e-87 -3.7370e-99 -1.6251e-112 -5.3093e-128 -5.3062e-146 -5.4453e-167 -1.5128e-191 -2.2141e-220 -2.2611e-254 -1.3073e-294 0.0000e+00 0.0000e+00 0.0000e+00 0.0000e+00 0.0000e+00 0.0000e+00 0.0000e+00 0.0000e+00 0.0000e+00 0.0000e+00 0.0000e+00 0.0000e+00 0.0000e+00 0.0000e+00 0.0000e+00 0.0000e+00 0.0000e+00 0.0000e+00 0.0000e+00 0.0000e+00 0.0000e+00 0.0000e+00 0.0000e+00 0.0000e+00 0.0000e+00 0.0000e+00 0.0000e+00 0.0000e+00 0.0000e+00 0.0000e+00 1.1425e-08 3.2337e-08 0.0000e+00 9.1663e-08 1.2824e-07 1.6869e-07 2.1255e-07 2.5931e-07 3.0839e-07 3.5907e-07 4.1047e-07 4.6148e-07 5.1077e-07 5.5680e-07 5.9781e-07 6.3187e-07 6.5699e-07 6.7127e-07 6.7301e-07 6.6100e-07 6.3467e-07 5.9435e-07 5.4138e-07 4.7818e-07 4.0811e-07 3.3524e-07 2.6386e-07 1.9800e-07 1.4086e-07 9.4402e-08 5.9181e-08 3.4429e-08 1.8421e-08 8.9747e-09 3.9366e-09 1.5350e-09 5.2450e-10 1.5455e-10 3.8558e-11 7.9798e-12 1.3383e-12 1.7715e-13 1.7960e-14 1.3478e-15 7.2018e-17 2.6209e-18 6.1749e-20 8.8859e-22 7.3057e-24 3.1777e-26 6.6919e-29 6.1575e-32 2.1982e-35 2.6514e-39 9.1974e-44 7.6007e-49 1.1998e-54 2.7900e-61 7.0335e-69 1.3368e-77 1.2438e-87 3.3839e-99 1.4516e-112 4.6684e-128 4.5822e-146 4.6057e-167 1.2492e-191 1.7783e-220 1.7588e-254 9.7981e-295 0.0000e+00 0.0000e+00 0.0000e+00 0.0000e+00 0.0000e+00 0.0000e+00 0.0000e+00 0.0000e+00 0.0000e+00 0.0000e+00 0.0000e+00 0.0000e+00 0.0000e+00 0.0000e+00 0.0000e+00 0.0000e+00 0.0000e+00 0.0000e+00 0.0000e+00 0.0000e+00 0.0000e+00 0.0000e+00 0.0000e+00 0.0000e+00 0.0000e+00 0.0000e+00 0.0000e+00 0.0000e+00 0.0000e+00 0.0000e+00
-1.7611e-08 -4.9844e-08 -9.1663e-08 7.5724e-06 -1.9768e-07 -2.6003e-07 -3.2763e-07 -3.9971e-07 -4.7537e-07 -5.5351e-07 -6.3274e-07 -7.1139e-07 -7.8742e-07 -8.5842e-07 -9.2170e-07 -9.7428e-07 -1.0131e-06 -1.0352e-06 -1.0381e-06 -1.0197e-06 -9.7926e-07 -9.1725e-07 -8.3572e-07 -7.3838e-07 -6.3040e-07 -5.1805e-07 -4.0794e-07 -3.0628e-07 -2.1802e-07 -1.4622e-07 -9.1737e-08 -5.3417e-08 -2.8611e-08 -1.3955e-08 -6.1293e-09 -2.3936e-09 -8.1927e-10 -2.4186e-10 -6.0474e-11 -1.2546e-11 -2.1099e-12 -2.8014e-13 -2.8500e-14 -2.1472e-15 -1.1524e-16 -4.2145e-18 -9.9848e-20 -1.4459e-21 -1.1971e-23 -5.2485e-26 -1.1152e-28 -1.0365e-31 -3.7422e-35 -4.5715e-39 -1.6088e-43 -1.3512e-48 -2.1722e-54 -5.1563e-61 -1.3305e-68 -2.5959e-77 -2.4880e-87 -6.9992e-99 -3.1181e-112 -1.0466e-127 -1.0781e-145 -1.1444e-166 -3.3014e-191 -5.0387e-220 -5.3914e-254 -3.2827e-294 0.0000e+00 0.0000e+00 0.0000e+00 0.0000e+00 0.0000e+00 0.0000e+00 0.0000e+00 0.0000e+00 0.0000e+00 0.0000e+00 0.0000e+00 0.0000e+00 0.0000e+00 0.0000e+00 0.0000e+00 0.0000e+00 0.0000e+00 0.0000e+00 0.0000e+00 0.0000e+00 0.0000e+00 0.0000e+00 0.0000e+00 0.0000e+00 0.0000e+00 0.0000e+00 0.0000e+00 0.0000e+00 0.0000e+00 0.0000e+00 1.7611e-08 4.9844e-08 9.1663e-08 0.0000e+00 1.9768e-07 2.6003e-07 3.2763e-07 3.9970e-07 4.7536e-07 5.5348e-07 6.3270e-07 7.1133e-07 7.8731e-07 8.5827e-07 9.2148e-07 9.7397e-07 1.0127e-06 1.0347e-06 1.0374e-06 1.0189e-06 9.7829e-07 9.1614e-07 8.3449e-07 7.3707e-07 6.2907e-07 5.1674e-07 4.0672e-07 3.0520e-07 2.1712e-07 1.4551e-07 9.1222e-08 5.3069e-08 2.8395e-08 1.3834e-08 6.0679e-09 2.3660e-09 8.0847e-10 2.3822e-10 5.9434e-11 1.2300e-11 2.0629e-12 2.7306e-13 2.7683e-14 2.0775e-15 1.1101e-16 4.0399e-18 9.5179e-20 1.3697e-21 1.1261e-23 4.8980e-26 1.0314e-28 9.4906e-32 3.3879e-35 4.0863e-39 1.4175e-43 1.1713e-48 1.8489e-54 4.2991e-61 1.0837e-68 2.0593e-77 1.9157e-87 5.2107e-99 2.2345e-112 7.1834e-128 7.0468e-146 7.0775e-167 1.9177e-191 2.7261e-220 2.6909e-254 1.4949e-294 0.0000e+00 0.0000e+00 0.0000e+00 0.0000e+00 0.0000e+00 0.0000e+00 0.0000e+00 0.0000e+00 0.0000e+00 0.0000e+00 0.0000e+00 0.0000e+00 0.0000e+00 0.0000e+00 0.0000e+00 0.0000e+00 0.0000e+00 0.0000e+00 0.0000e+00 0.0000e+00 0.0000e+00 0.0000e+00 0.0000e+00 0.0000e+00 0.0000e+00 0.0000e+00 0.0000e+00 0.0000e+00 0.0000e+00 0.0000e+00
-2.4638e-08 -6.9736e-08 -1.2824e-07 -1.9768e-07 1.8541e-05 -3.6380e-07 -4.5838e-07 -5.5924e-07 -6.6510e-07 -7.7444e-07 -8.8534e-07 -9.9543e-07 -1.1019e-06 -1.2013e-06 -1.2900e-06 -1.3637e-06 -1.4182e-06 -1.4494e-06 -1.4537e-06 -1.4283e-06 -1.3720e-06 -1.2855e-06 -1.1717e-06 -1.0357e-06 -8.8468e-07 -7.2743e-07 -5.7320e-07 -4.3069e-07 -3.0685e-07 -2.0600e-07 -1.2939e-07 -7.5442e-08 -4.0467e-08 -1.9772e-08 -8.7003e-09 -3.4048e-09 -1.1682e-09 -3.4581e-10 -8.6728e-11 -1.8054e-11 -3.0478e-12 -4.0642e-13 -4.1546e-14 -3.1470e-15 -1.6991e-16 -6.2560e-18 -1.4933e-19 -2.1805e-21 -1.8223e-23 -8.0723e-26 -1.7350e-28 -1.6333e-31 -5.9810e-35 -7.4221e-39 -2.6577e-43 -2.2753e-48 -3.7360e-54 -9.0773e-61 -2.4028e-68 -4.8216e-77 -4.7652e-87 -1.3862e-98 -6.4054e-112 -2.2372e-127 -2.4060e-145 -2.6760e-166 -8.1202e-191 -1.3089e-219 -1.4856e-253 -9.6413e-294 0.0000e+00 0.0000e+00 0.0000e+00 0.0000e+00 0.0000e+00 0.0000e+00 0.0000e+00 0.0000e+00 0.0000e+00 0.0000e+00 0.0000e+00 0.0000e+00 0.0000e+00 0.0000e+00 0.0000e+00 0.0000e+00 0.0000e+00 0.0000e+00 0.0000e+00 0.0000e+00 0.0000e+00 0.0000e+00 0.0000e+00 0.0000e+00 0.0000e+00 0.0000e+00 0.0000e+00 0.0000e+00 0.0000e+00 0.0000e+00 2.4638e-08 6.9736e-08 1.2824e-07 1.9768e-07 0.0000e+00 3.6380e-07 4.5837e-07 5.5921e-07 6.6506e-07 7.7436e-07 8.8519e-07 9.9519e-07 1.1015e-06 1.2008e-06 1.2892e-06 1.3627e-06 1.4168e-06 1.4476e-06 1.4514e-06 1.4255e-06 1.3687e-06 1.2817e-06 1.1675e-06 1.0312e-06 8.8011e-07 7.2296e-07 5.6903e-07 4.2700e-07 3.0377e-07 2.0358e-07 1.2763e-07 7.4247e-08 3.9726e-08 1.9354e-08 8.4894e-09 3.3102e-09 1.1311e-09 3.3328e-10 8.3151e-11 1.7208e-11 2.8860e-12 3.8201e-13 3.8729e-14 2.9064e-15 1.5530e-16 5.6515e-18 1.3315e-19 1.9159e-21 1.5751e-23 6.8508e-26 1.4426e-28 1.3272e-31 4.7373e-35 5.7129e-39 1.9813e-43 1.6368e-48 2.5827e-54 6.0026e-61 1.5122e-68 2.8713e-77 2.6683e-87 7.2476e-99 3.1022e-112 9.9478e-128 9.7253e-146 9.7220e-167 2.6172e-191 3.6867e-220 3.5923e-254 1.9586e-294 0.0000e+00 0.0000e+00 0.0000e+00 0.0000e+00 0.0000e+00 0.0000e+00 0.0000e+00 0.0000e+00 0.0000e+00 0.0000e+00 0.0000e+00 0.0000e+00 0.0000e+00 0.0000e+00 0.0000e+00 0.0000e+00 0.0000e+00 0.0000e+00 0.0000e+00 0.0000e+00 0.0000e+00 0.0000e+00 0.0000e+00 0.0000e+00 0.0000e+00 0.0000e+00 0.0000e+00 0.0000e+00 0.0000e+00 0.0000e+00
-3.2410e-08 -9.1732e-08 -1.6869e-07 -2.6003e-07 -3.6380e-07 3.8584e-05 -6.0298e-07 -7.3567e-07 -8.7496e-07 -1.0188e-06 -1.1648e-06 -1.3097e-06 -1.4499e-06 -1.5810e-06 -1.6979e-06 -1.7953e-06 -1.8676e-06 -1.9092e-06 -1.9155e-06 -1.8828e-06 -1.8095e-06 -1.6964e-06 -1.5473e-06 -1.3687e-06 -1.1702e-06 -9.6325e-07 -7.5995e-07 -5.7181e-07 -4.0804e-07 -2.7443e-07 -1.7273e-07 -1.0095e-07 -5.4292e-08 -2.6605e-08 -1.1747e-08 -4.6145e-09 -1.5900e-09 -4.7291e-10 -1.1924e-10 -2.4969e-11 -4.2432e-12 -5.7000e-13 -5.8748e-14 -4.4905e-15 -2.4489e-16 -9.1174e-18 -2.2031e-19 -3.2605e-21 -2.7654e-23 -1.2451e-25 -2.7239e-28 -2.6143e-31 -9.7771e-35 -1.2414e-38 -4.5565e-43 -4.0068e-48 -6.7718e-54 -1.6972e-60 -4.6449e-68 -9.6592e-77 -9.9176e-87 -3.0052e-98 -1.4504e-111 -5.3062e-127 -5.9967e-145 -7.0327e-166 -2.2587e-190 -3.8698e-219 -4.6910e-253 -3.2692e-293 0.0000e+00 0.0000e+00 0.0000e+00 0.0000e+00 0.0000e+00 0.0000e+00 0.0000e+00 0.0000e+00 0.0000e+00 0.0000e+00 0.0000e+00 0.0000e+00 0.0000e+00 0.0000e+00 0.0000e+00 0.0000e+00 0.0000e+00 0.0000e+00 0.0000e+00 0.0000e+00 0.0000e+00 0.0000e+00 0.0000e+00 0.0000e+00 0.0000e+00 0.0000e+00 0.0000e+00 0.0000e+00 0.0000e+00 0.0000e+00 3.2410e-08 9.1732e-08 1.6869e-07 2.6003e-07 3.6380e-07 0.0000e+00 6.0295e-07 7.3560e-07 8.7483e-07 1.0186e-06 1.1644e-06 1.3091e-06 1.4489e-06 1.5795e-06 1.6959e-06 1.7925e-06 1.8637e-06 1.9042e-06 1.9092e-06 1.8751e-06 1.8004e-06 1.6860e-06 1.5358e-06 1.3565e-06 1.1577e-06 9.5099e-07 7.4851e-07 5.6168e-07 3.9958e-07 2.6780e-07 1.6788e-07 9.7665e-08 5.2256e-08 2.5459e-08 1.1167e-08 4.3542e-09 1.4878e-09 4.3838e-10 1.0937e-10 2.2634e-11 3.7960e-12 5.0244e-13 5.0936e-14 3.8223e-15 2.0422e-16 7.4312e-18 1.7505e-19 2.5186e-21 2.0702e-23 9.0020e-26 1.8950e-28 1.7428e-31 6.2173e-35 7.4927e-39 2.5963e-43 2.1424e-48 3.3755e-54 7.8298e-61 1.9674e-68 3.7228e-77 3.4435e-87 9.2944e-99 3.9442e-112 1.2498e-127 1.2016e-145 1.1727e-166 3.0480e-191 4.0708e-220 3.6450e-254 1.7204e-294 0.0000e+00 0.0000e+00 0.0000e+00 0.0000e+00 0.0000e+00 0.0000e+00 0.0000e+00 0.0000e+00 0.0000e+00 0.0000e+00 0.0000e+00 0.0000e+00 0.0000e+00 0.0000e+00 0.0000e+00 0.0000e+00 0.0000e+00 0.0000e+00 0.0000e+00 0.0000e+00 0.0000e+00 0.0000e+00 0.0000e+00 0.0000e+00 0.0000e+00 0.0000e+00 0.0000e+00 0.0000e+00 0.0000e+00 0.0000e+00
-4.0835e-08 -1.1558e-07 -2.1255e-07 -3.2763e-07 -4.5838e-07 -6.0298e-07 7.1783e-05 -9.2699e-07 -1.1026e-06 -1.2840e-06 -1.4680e-06 -1.6509e-06 -1.8279e-06 -1.9936e-06 -2.1416e-06 -2.2652e-06 -2.3573e-06 -2.4110e-06 -2.4203e-06 -2.3806e-06 -2.2898e-06 -2.1488e-06 -1.9620e-06 -1.7379e-06 -1.4881e-06 -1.2270e-06 -9.6996e-07 -7.3149e-07 -5.2335e-07 -3.5302e-07 -2.2294e-07 -1.3078e-07 -7.0636e-08 -3.4780e-08 -1.5439e-08 -6.1010e-09 -2.1162e-09 -6.3410e-10 -1.6120e-10 -3.4063e-11 -5.8470e-12 -7.9414e-13 -8.2845e-14 -6.4168e-15 -3.5505e-16 -1.3428e-17 -3.3006e-19 -4.9761e-21 -4.3056e-23 -1.9806e-25 -4.4341e-28 -4.3621e-31 -1.6749e-34 -2.1871e-38 -8.2710e-43 -7.5071e-48 -1.3120e-53 -3.4071e-60 -9.6813e-68 -2.0949e-76 -2.2435e-86 -7.1092e-98 -3.5982e-111 -1.3849e-126 -1.6526e-144 -2.0546e-165 -7.0281e-190 -1.2893e-218 -1.6837e-252 -1.2730e-292 0.0000e+00 0.0000e+00 0.0000e+00 0.0000e+00 0.0000e+00 0.0000e+00 0.0000e+00 0.0000e+00 0.0000e+00 0.0000e+00 0.0000e+00 0.0000e+00 0.0000e+00 0.0000e+00 0.0000e+00 0.0000e+00 0.0000e+00 0.0000e+00 0.0000e+00 0.0000e+00 0.0000e+00 0.0000e+00 0.0000e+00 0.0000e+00 0.0000e+00 0.0000e+00 0.0000e+00 0.0000e+00 0.0000e+00 0.0000e+00 4.0835e-08 1.1558e-07 2.1255e-07 3.2763e-07 4.5837e-07 6.0295e-07 0.0000e+00 9.2683e-07 1.1023e-06 1.2834e-06 1.4671e-06 1.6494e-06 1.8256e-06 1.9901e-06 2.1367e-06 2.2584e-06 2.3483e-06 2.3993e-06 2.4055e-06 2.3626e-06 2.2684e-06 2.1243e-06 1.9350e-06 1.7091e-06 1.4587e-06 1.1982e-06 9.4309e-07 7.0769e-07 5.0345e-07 3.3741e-07 2.1152e-07 1.2305e-07 6.5838e-08 3.2075e-08 1.4069e-08 5.4856e-09 1.8744e-09 5.5226e-10 1.3778e-10 2.8511e-11 4.7811e-12 6.3277e-13 6.4140e-14 4.8123e-15 2.5706e-16 9.3512e-18 2.2020e-19 3.1667e-21 2.6013e-23 1.1302e-25 2.3767e-28 2.1829e-31 7.7739e-35 9.3472e-39 3.2292e-43 2.6541e-48 4.1595e-54 9.5798e-61 2.3839e-68 4.4517e-77 4.0426e-87 1.0630e-98 4.3435e-112 1.3003e-127 1.1433e-145 9.5905e-167 1.8572e-191 1.0885e-220 -1.2268e-254 -2.6488e-294 0.0000e+00 0.0000e+00 0.0000e+00 0.0000e+00 0.0000e+00 0.0000e+00 0.0000e+00 0.0000e+00 0.0000e+00 0.0000e+00 0.0000e+00 0.0000e+00 0.0000e+00 0.0000e+00 0.0000e+00 0.0000e+00 0.0000e+00 0.0000e+00 0.0000e+00 0.0000e+00 0.0000e+00 0.0000e+00 0.0000e+00 0.0000e+00 0.0000e+00 0.0000e+00 0.0000e+00 0.0000e+00 0.0000e+00 0.0000e+00
-4.9819e-08 -1.4101e-07 -2.5931e-07 -3.9971e-07 -5.5924e-07 -7.3567e-07 -9.2699e-07 1.2306e-04 -1.3454e-06 -1.5669e-06 -1.7918e-06 -2.0154e-06 -2.2321e-06 -2.4351e-06 -2.6170e-06 -2.7694e-06 -2.8837e-06 -2.9516e-06 -2.9656e-06 -2.9201e-06 -2.8122e-06 -2.6429e-06 -2.4173e-06 -2.1454e-06 -1.8412e-06 -1.5222e-06 -1.2069e-06 -9.1333e-07 -6.5600e-07 -4.4445e-07 -2.8208e-07 -1.6640e-07 -9.0435e-08 -4.4839e-08 -2.0058e-08 -7.9948e-09 -2.7994e-09 -8.4759e-10 -2.1794e-10 -4.6631e-11 -8.1136e-12 -1.1184e-12 -1.1854e-13 -9.3407e-15 -5.2645e-16 -2.0308e-17 -5.0980e-19 -7.8604e-21 -6.9652e-23 -3.2858e-25 -7.5547e-28 -7.6437e-31 -3.0230e-34 -4.0722e-38 -1.5912e-42 -1.4949e-47 -2.7092e-53 -7.3101e-60 -2.1630e-67 -4.8861e-76 -5.4774e-86 -1.8224e-97 -9.7188e-111 -3.9571e-126 -5.0173e-144 -6.6621e-165 -2.4479e-189 -4.8557e-218 -6.9081e-252 -5.7389e-292 0.0000e+00 0.0000e+00 0.0000e+00 0.0000e+00 0.0000e+00 0.0000e+00 0.0000e+00 0.0000e+00 0.0000e+00 0.0000e+00 0.0000e+00 0.0000e+00 0.0000e+00 0.0000e+00 0.0000e+00 0.0000e+00 0.0000e+00 0.0000e+00 0.0000e+00 0.0000e+00 0.0000e+00 0.0000e+00 0.0000e+00 0.0000e+00 0.0000e+00 0.0000e+00 0.0000e+00 0.0000e+00 0.0000e+00 0.0000e+00 4.9819e-08 1.4101e-07 2.5931e-07 3.9970e-07 5.5921e-07 7.3560e-07 9.2683e-07 0.0000e+00 1.3447e-06 1.5658e-06 1.7899e-06 2.0123e-06 2.2273e-06 2.4280e-06 2.6068e-06 2.7553e-06 2.8649e-06 2.9271e-06 2.9347e-06 2.8823e-06 2.7675e-06 2.5917e-06 2.3607e-06 2.0851e-06 1.7796e-06 1.4618e-06 1.1506e-06 8.6336e-07 6.1419e-07 4.1162e-07 2.5804e-07 1.5011e-07 8.0314e-08 3.9126e-08 1.7161e-08 6.6908e-09 2.2860e-09 6.7346e-10 1.6799e-10 3.4758e-11 5.8273e-12 7.7101e-13 7.8123e-14 5.8586e-15 3.1275e-16 1.1368e-17 2.6741e-19 3.8404e-21 3.1491e-23 1.3651e-25 2.8619e-28 2.6180e-31 9.2741e-35 1.1072e-38 3.7890e-43 3.0742e-48 4.7328e-54 1.0631e-60 2.5526e-68 4.5207e-77 3.7828e-87 8.6882e-99 2.7582e-112 4.4209e-128 -1.9984e-146 -1.1419e-166 -6.9463e-191 -1.8346e-219 -3.1409e-253 -2.9583e-293 0.0000e+00 0.0000e+00 0.0000e+00 0.0000e+00 0.0000e+00 0.0000e+00 0.0000e+00 0.0000e+00 0.0000e+00 0.0000e+00 0.0000e+00 0.0000e+00 0.0000e+00 0.0000e+00 0.0000e+00 0.0000e+00 0.0000e+00 0.0000e+00 0.0000e+00 0.0000e+00 0.0000e+00 0.0000e+00 0.0000e+00 0.0000e+00 0.0000e+00 0.0000e+00 0.0000e+00 0.0000e+00 0.0000e+00 0.0000e+00
-5.9249e-08 -1.6770e-07 -3.0839e-07 -4.7537e-07 -6.6510e-07 -8.7496e-07 -1.1026e-06 -1.3454e-06 1.9820e-04 -1.8643e-06 -2.1324e-06 -2.3992e-06 -2.6580e-06 -2.9012e-06 -3.1197e-06 -3.3038e-06 -3.4432e-06 -3.5281e-06 -3.5494e-06 -3.5002e-06 -3.3770e-06 -3.1804e-06 -2.9162e-06 -2.5955e-06 -2.2349e-06 -1.8546e-06 -1.4768e-06 -1.1230e-06 -8.1102e-07 -5.5287e-07 -3.5331e-07 -2.1002e-07 -1.1512e-07 -5.7618e-08 -2.6043e-08 -1.0498e-08 -3.7217e-09 -1.1420e-09 -2.9794e-10 -6.4754e-11 -1.1457e-11 -1.6078e-12 -1.7371e-13 -1.3968e-14 -8.0434e-16 -3.1738e-17 -8.1594e-19 -1.2899e-20 -1.1734e-22 -5.6899e-25 -1.3465e-27 -1.4041e-30 -5.7316e-34 -7.9819e-38 -3.2300e-42 -3.1485e-47 -5.9331e-53 -1.6686e-59 -5.1599e-67 -1.2217e-75 -1.4404e-85 -5.0596e-97 -2.8607e-110 -1.2408e-125 -1.6851e-143 -2.4111e-164 -9.6118e-189 -2.0846e-217 -3.2709e-251 -3.0268e-291 0.0000e+00 0.0000e+00 0.0000e+00 0.0000e+00 0.0000e+00 0.0000e+00 0.0000e+00 0.0000e+00 0.0000e+00 0.0000e+00 0.0000e+00 0.0000e+00 0.0000e+00 0.0000e+00 0.0000e+00 0.0000e+00 0.0000e+00 0.0000e+00 0.0000e+00 0.0000e+00 0.0000e+00 0.0000e+00 0.0000e+00 0.0000e+00 0.0000e+00 0.0000e+00 0.0000e+00 0.0000e+00 0.0000e+00 0.0000e+00 5.9249e-08 1.6769e-07 3.0839e-07 4.7536e-07 6.6506e-07 8.7483e-07 1.1023e-06 1.3447e-06 0.0000e+00 1.8621e-06 2.1286e-06 2.3932e-06 2.6488e-06 2.8875e-06 3.1002e-06 3.2768e-06 3.4071e-06 3.4811e-06 3.4902e-06 3.4279e-06 3.2913e-06 3.0822e-06 2.8075e-06 2.4797e-06 2.1164e-06 1.7384e-06 1.3683e-06 1.0267e-06 7.3039e-07 4.8948e-07 3.0683e-07 1.7849e-07 9.5491e-08 4.6516e-08 2.0400e-08 7.9524e-09 2.7165e-09 8.0009e-10 1.9951e-10 4.1261e-11 6.9138e-12 9.1410e-13 9.2535e-14 6.9309e-15 3.6940e-16 1.3399e-17 3.1434e-19 4.4981e-21 3.6711e-23 1.5814e-25 3.2877e-28 2.9737e-31 1.0373e-34 1.2121e-38 4.0242e-43 3.1246e-48 4.5020e-54 9.0998e-61 1.8171e-68 2.1868e-77 3.6650e-88 -5.5192e-99 -6.4471e-112 -4.0241e-127 -6.8569e-145 -1.1436e-165 -5.0715e-190 -1.1842e-218 -1.9522e-252 -1.8618e-292 0.0000e+00 0.0000e+00 0.0000e+00 0.0000e+00 0.0000e+00 0.0000e+00 0.0000e+00 0.0000e+00 0.0000e+00 0.0000e+00 0.0000e+00 0.0000e+00 0.0000e+00 0.0000e+00 0.0000e+00 0.0000e+00 0.0000e+00 0.0000e+00 0.0000e+00 0.0000e+00 0.0000e+00 0.0000e+00 0.0000e+00 0.0000e+00 0.0000e+00 0.0000e+00 0.0000e+00 0.0000e+00 0.0000e+00 0.0000e+00
-6.8986e-08 -1.9526e-07 -3.5908e-07 -5.5351e-07 -7.7444e-07 -1.0188e-06 -1.2840e-06 -1.5669e-06 -1.8643e-06 3.0396e-04 -2.4852e-06 -2.7972e-06 -3.1006e-06 -3.3865e-06 -3.6445e-06 -3.8635e-06 -4.0316e-06 -4.1372e-06 -4.1697e-06 -4.1207e-06 -3.9857e-06 -3.7646e-06 -3.4636e-06 -3.0948e-06 -2.6768e-06 -2.2327e-06 -1.7882e-06 -1.3686e-06 -9.9565e-07 -6.8427e-07 -4.4124e-07 -2.6490e-07 -1.4679e-07 -7.4349e-08 -3.4041e-08 -1.3915e-08 -5.0078e-09 -1.5616e-09 -4.1445e-10 -9.1731e-11 -1.6547e-11 -2.3697e-12 -2.6155e-13 -2.1508e-14 -1.2679e-15 -5.1270e-17 -1.3522e-18 -2.1957e-20 -2.0539e-22 -1.0254e-24 -2.5020e-27 -2.6941e-30 -1.1375e-33 -1.6416e-37 -6.8982e-42 -6.9986e-47 -1.3762e-52 -4.0504e-59 -1.3150e-66 -3.2806e-75 -4.0916e-85 -1.5271e-96 -9.2205e-110 -4.2946e-125 -6.3014e-143 -9.8097e-164 -4.2881e-188 -1.0287e-216 -1.8032e-250 -1.8851e-290 0.0000e+00 0.0000e+00 0.0000e+00 0.0000e+00 0.0000e+00 0.0000e+00 0.0000e+00 0.0000e+00 0.0000e+00 0.0000e+00 0.0000e+00 0.0000e+00 0.0000e+00 0.0000e+00 0.0000e+00 0.0000e+00 0.0000e+00 0.0000e+00 0.0000e+00 0.0000e+00 0.0000e+00 0.0000e+00 0.0000e+00 0.0000e+00 0.0000e+00 0.0000e+00 0.0000e+00 0.0000e+00 0.0000e+00 0.0000e+00 6.8986e-08 1.9526e-07 3.5907e-07 5.5348e-07 7.7436e-07 1.0186e-06 1.2834e-06 1.5658e-06 1.8621e-06 0.0000e+00 2.4785e-06 2.7865e-06 3.0841e-06 3.3621e-06 3.6097e-06 3.8153e-06 3.9671e-06 4.0532e-06 4.0638e-06 3.9912e-06 3.8322e-06 3.5887e-06 3.2688e-06 2.8872e-06 2.4641e-06 2.0240e-06 1.5930e-06 1.1953e-06 8.5029e-07 5.6979e-07 3.5715e-07 2.0773e-07 1.1112e-07 5.4120e-08 2.3728e-08 9.2468e-09 3.1573e-09 9.2938e-10 2.3158e-10 4.7846e-11 8.0069e-12 1.0568e-12 1.0675e-13 7.9724e-15 4.2330e-16 1.5277e-17 3.5598e-19 5.0484e-21 4.0703e-23 1.7243e-25 3.5022e-28 3.0644e-31 1.0182e-34 1.1048e-38 3.2500e-43 2.0244e-48 1.7469e-54 -6.6746e-62 -1.8641e-68 -8.1955e-77 -1.3979e-86 -6.3883e-98 -4.4347e-111 -2.2791e-126 -3.5835e-144 -5.8470e-165 -2.6324e-189 -6.4119e-218 -1.1275e-251 -1.1702e-291 0.0000e+00 0.0000e+00 0.0000e+00 0.0000e+00 0.0000e+00 0.0000e+00 0.0000e+00 0.0000e+00 0.0000e+00 0.0000e+00 0.0000e+00 0.0000e+00 0.0000e+00 0.0000e+00 0.0000e+00 0.0000e+00 0.0000e+00 0.0000e+00 0.0000e+00 0.0000e+00 0.0000e+00 0.0000e+00 0.0000e+00 0.0000e+00 0.0000e+00 0.0000e+00 0.0000e+00 0.0000e+00 0.0000e+00 0.0000e+00
-7.8860e-08 -2.2320e-07 -4.1048e-07 -6.3274e-07 -8.8534e-07 -1.1648e-06 -1.4680e-06 -1.7918e-06 -2.1324e-06 -2.4852e-06 4.4809e-04 -3.2034e-06 -3.5534e-06 -3.8844e-06 -4.1851e-06 -4.4427e-06 -4.6438e-06 -4.7751e-06 -4.8242e-06 -4.7812e-06 -4.6400e-06 -4.3998e-06 -4.0662e-06 -3.6521e-06 -3.1774e-06 -2.6678e-06 -2.1527e-06 -1.6614e-06 -1.2198e-06 -8.4691e-07 -5.5224e-07 -3.3560e-07 -1.8843e-07 -9.6802e-08 -4.5001e-08 -1.8696e-08 -6.8452e-09 -2.1738e-09 -5.8807e-10 -1.3280e-10 -2.4464e-11 -3.5814e-12 -4.0445e-13 -3.4062e-14 -2.0584e-15 -8.5422e-17 -2.3147e-18 -3.8661e-20 -3.7249e-22 -1.9183e-24 -4.8358e-27 -5.3896e-30 -2.3601e-33 -3.5402e-37 -1.5501e-41 -1.6432e-46 -3.3864e-52 -1.0481e-58 -3.5914e-66 -9.4957e-75 -1.2609e-84 -5.0360e-96 -3.2720e-109 -1.6502e-124 -2.6403e-142 -4.5168e-163 -2.1887e-187 -5.8776e-216 -1.1661e-249 -1.3972e-289 0.0000e+00 0.0000e+00 0.0000e+00 0.0000e+00 0.0000e+00 0.0000e+00 0.0000e+00 0.0000e+00 0.0000e+00 0.0000e+00 0.0000e+00 0.0000e+00 0.0000e+00 0.0000e+00 0.0000e+00 0.0000e+00 0.0000e+00 0.0000e+00 0.0000e+00 0.0000e+00 0.0000e+00 0.0000e+00 0.0000e+00 0.0000e+00 0.0000e+00 0.0000e+00 0.0000e+00 0.0000e+00 0.0000e+00 0.0000e+00 7.8860e-08 2.2320e-07 4.1047e-07 6.3270e-07 8.8519e-07 1.1644e-06 1.4671e-06 1.7899e-06 2.1286e-06 2.4785e-06 0.0000e+00 3.1853e-06 3.5256e-06 3.8433e-06 4.1264e-06 4.3614e-06 4.5349e-06 4.6334e-06 4.6454e-06 4.5624e-06 4.3806e-06 4.1022e-06 3.7366e-06 3.3002e-06 2.8165e-06 2.3134e-06 1.8207e-06 1.3661e-06 9.7166e-07 6.5104e-07 4.0801e-07 2.3726e-07 1.2688e-07 6.1768e-08 2.7067e-08 1.0540e-08 3.5956e-09 1.0571e-09 2.6298e-10 5.4220e-11 9.0481e-12 1.1899e-12 1.1959e-13 8.8732e-15 4.6697e-16 1.6652e-17 3.8167e-19 5.2894e-21 4.1265e-23 1.6655e-25 3.1406e-28 2.4323e-31 6.4500e-35 4.0644e-39 -3.8655e-44 -2.4132e-48 -8.5329e-54 -3.5777e-60 -1.4945e-67 -4.5339e-76 -6.6386e-86 -2.8420e-97 -1.9374e-110 -1.0081e-125 -1.6413e-143 -2.8248e-164 -1.3636e-188 -3.6168e-217 -7.0335e-251 -8.2029e-291 0.0000e+00 0.0000e+00 0.0000e+00 0.0000e+00 0.0000e+00 0.0000e+00 0.0000e+00 0.0000e+00 0.0000e+00 0.0000e+00 0.0000e+00 0.0000e+00 0.0000e+00 0.0000e+00 0.0000e+00 0.0000e+00 0.0000e+00 0.0000e+00 0.0000e+00 0.0000e+00 0.0000e+00 0.0000e+00 0.0000e+00 0.0000e+00 0.0000e+00 0.0000e+00 0.0000e+00 0.0000e+00 0.0000e+00 0.0000e+00
-8.8660e-08 -2.5094e-07 -4.6149e-07 -7.1139e-07 -9.9543e-07 -1.3097e-06 -1.6509e-06 -2.0154e-06 -2.3992e-06 -2.7972e-06 -3.2034e-06 6.3941e-04 -4.0083e-06 -4.3869e-06 -4.7334e-06 -5.0339e-06 -5.2735e-06 -5.4369e-06 -5.5102e-06 -5.4815e-06 -5.3427e-06 -5.0916e-06 -4.7327e-06 -4.2786e-06 -3.7501e-06 -3.1749e-06 -2.5855e-06 -2.0159e-06 -1.4967e-06 -1.0519e-06 -6.9500e-07 -4.2839e-07 -2.4421e-07 -1.2750e-07 -6.0290e-08 -2.5503e-08 -9.5152e-09 -3.0818e-09 -8.5108e-10 -1.9636e-10 -3.6988e-11 -5.5417e-12 -6.4109e-13 -5.5363e-14 -3.4344e-15 -1.4647e-16 -4.0839e-18 -7.0288e-20 -6.9894e-22 -3.7214e-24 -9.7174e-27 -1.1243e-29 -5.1226e-33 -8.0159e-37 -3.6719e-41 -4.0850e-46 -8.8656e-52 -2.9005e-58 -1.0551e-65 -2.9751e-74 -4.2347e-84 -1.8231e-95 -1.2848e-108 -7.0777e-124 -1.2464e-141 -2.3672e-162 -1.2858e-186 -3.9127e-215 -8.9045e-249 -1.2408e-288 0.0000e+00 0.0000e+00 0.0000e+00 0.0000e+00 0.0000e+00 0.0000e+00 0.0000e+00 0.0000e+00 0.0000e+00 0.0000e+00 0.0000e+00 0.0000e+00 0.0000e+00 0.0000e+00 0.0000e+00 0.0000e+00 0.0000e+00 0.0000e+00 0.0000e+00 0.0000e+00 0.0000e+00 0.0000e+00 0.0000e+00 0.0000e+00 0.0000e+00 0.0000e+00 0.0000e+00 0.0000e+00 0.0000e+00 0.0000e+00 8.8660e-08 2.5094e-07 4.6148e-07 7.1133e-07 9.9519e-07 1.3091e-06 1.6494e-06 2.0123e-06 2.3932e-06 2.7865e-06 3.1853e-06 0.0000e+00 3.9637e-06 4.3209e-06 4.6391e-06 4.9034e-06 5.0984e-06 5.2091e-06 5.2226e-06 5.1292e-06 4.9248e-06 4.6118e-06 4.2005e-06 3.7099e-06 3.1660e-06 2.6003e-06 2.0462e-06 1.5351e-06 1.0917e-06 7.3127e-07 4.5813e-07 2.6629e-07 1.4231e-07 6.9228e-08 3.0303e-08 1.1784e-08 4.0124e-09 1.1767e-09 2.9177e-10 5.9888e-11 9.9349e-12 1.2961e-12 1.2886e-13 9.4184e-15 4.8541e-16 1.6801e-17 3.6862e-19 4.7784e-21 3.3437e-23 1.1080e-25 1.3322e-28 -5.0432e-33 -6.5577e-35 -1.8806e-38 -1.1950e-42 -1.6409e-47 -4.1188e-53 -1.4945e-59 -5.8549e-67 -1.7394e-75 -2.5642e-85 -1.1277e-96 -8.0262e-110 -4.4220e-125 -7.7232e-143 -1.4441e-163 -7.6712e-188 -2.2694e-216 -4.9934e-250 -6.6924e-290 0.0000e+00 0.0000e+00 0.0000e+00 0.0000e+00 0.0000e+00 0.0000e+00 0.0000e+00 0.0000e+00 0.0000e+00 0.0000e+00 0.0000e+00 0.0000e+00 0.0000e+00 0.0000e+00 0.0000e+00 0.0000e+00 0.0000e+00 0.0000e+00 0.0000e+00 0.0000e+00 0.0000e+00 0.0000e+00 0.0000e+00 0.0000e+00 0.0000e+00 0.0000e+00 0.0000e+00 0.0000e+00 0.0000e+00 0.0000e+00
-9.8131e-08 -2.7775e-07 -5.1079e-07 -7.8742e-07 -1.1019e-06 -1.4499e-06 -1.8279e-06 -2.2321e-06 -2.6580e-06 -3.1006e-06 -3.5534e-06 -4.0083e-06 8.8794e-04 -4.8840e-06 -5.2798e-06 -5.6281e-06 -5.9126e-06 -6.1166e-06 -6.2240e-06 -6.2207e-06 -6.0964e-06 -5.8463e-06 -5.4731e-06 -4.9879e-06 -4.4113e-06 -3.7721e-06 -3.1058e-06 -2.4508e-06 -1.8434e-06 -1.3138e-06 -8.8112e-07 -5.5181e-07 -3.1989e-07 -1.6998e-07 -8.1882e-08 -3.5311e-08 -1.3442e-08 -4.4454e-09 -1.2545e-09 -2.9603e-10 -5.7080e-11 -8.7623e-12 -1.0396e-12 -9.2185e-14 -5.8790e-15 -2.5810e-16 -7.4198e-18 -1.3188e-19 -1.3568e-21 -7.4893e-24 -2.0319e-26 -2.4485e-29 -1.1651e-32 -1.9097e-36 -9.1918e-41 -1.0783e-45 -2.4771e-51 -8.6148e-58 -3.3465e-65 -1.0129e-73 -1.5561e-83 -7.2763e-95 -5.6078e-108 -3.4040e-123 -6.6616e-141 -1.4193e-161 -8.7407e-186 -3.0516e-214 -8.0754e-248 -1.3284e-287 0.0000e+00 0.0000e+00 0.0000e+00 0.0000e+00 0.0000e+00 0.0000e+00 0.0000e+00 0.0000e+00 0.0000e+00 0.0000e+00 0.0000e+00 0.0000e+00 0.0000e+00 0.0000e+00 0.0000e+00 0.0000e+00 0.0000e+00 0.0000e+00 0.0000e+00 0.0000e+00 0.0000e+00 0.0000e+00 0.0000e+00 0.0000e+00 0.0000e+00 0.0000e+00 0.0000e+00 0.0000e+00 0.0000e+00 0.0000e+00 9.8131e-08 2.7775e-07 5.1077e-07 7.8731e-07 1.1015e-06 1.4489e-06 1.8256e-06 2.2273e-06 2.6488e-06 3.0841e-06 3.5256e-06 3.9637e-06 0.0000e+00 4.7825e-06 5.1347e-06 5.4272e-06 5.6429e-06 5.7654e-06 5.7803e-06 5.6769e-06 5.4505e-06 5.1039e-06 4.6486e-06 4.1053e-06 3.5031e-06 2.8767e-06 2.2634e-06 1.6976e-06 1.2068e-06 8.0801e-07 5.0589e-07 2.9380e-07 1.5684e-07 7.6176e-08 3.3277e-08 1.2905e-08 4.3779e-09 1.2776e-09 3.1466e-10 6.3999e-11 1.0484e-11 1.3440e-12 1.3035e-13 9.1890e-15 4.4845e-16 1.4230e-17 2.6843e-19 2.5478e-21 6.0452e-24 -6.3864e-26 -4.0135e-28 -7.1854e-31 -4.3618e-34 -8.4314e-38 -4.5607e-42 -5.8177e-47 -1.4188e-52 -5.1428e-59 -2.0521e-66 -6.3039e-75 -9.7324e-85 -4.5342e-96 -3.4560e-109 -2.0611e-124 -3.9400e-142 -8.1560e-163 -4.8561e-187 -1.6317e-215 -4.1375e-249 -6.4949e-289 0.0000e+00 0.0000e+00 0.0000e+00 0.0000e+00 0.0000e+00 0.0000e+00 0.0000e+00 0.0000e+00 0.0000e+00 0.0000e+00 0.0000e+00 0.0000e+00 0.0000e+00 0.0000e+00 0.0000e+00 0.0000e+00 0.0000e+00 0.0000e+00 0.0000e+00 0.0000e+00 0.0000e+00 0.0000e+00 0.0000e+00 0.0000e+00 0.0000e+00 0.0000e+00 0.0000e+00 0.0000e+00 0.0000e+00 0.0000e+00
-1.0698e-07 -3.0278e-07 -5.5684e-07 -8.5842e-07 -1.2013e-06 -1.5810e-06 -1.9936e-06 -2.4351e-06 -2.9012e-06 -3.3865e-06 -3.8844e-06 -4.3869e-06 -4.8840e-06 1.2050e-03 -5.8125e-06 -6.2142e-06 -6.5515e-06 -6.8063e-06 -6.9603e-06 -6.9970e-06 -6.9031e-06 -6.6705e-06 -6.2984e-06 -5.7954e-06 -5.1800e-06 -4.4813e-06 -3.7367e-06 -2.9891e-06 -2.2815e-06 -1.6514e-06 -1.1259e-06 -7.1737e-07 -4.2344e-07 -2.2928e-07 -1.1262e-07 -4.9564e-08 -1.9269e-08 -6.5130e-09 -1.8801e-09 -4.5421e-10 -8.9753e-11 -1.4135e-11 -1.7226e-12 -1.5709e-13 -1.0318e-14 -4.6729e-16 -1.3882e-17 -2.5547e-19 -2.7270e-21 -1.5653e-23 -4.4276e-26 -5.5775e-29 -2.7828e-32 -4.7976e-36 -2.4377e-40 -3.0303e-45 -7.4083e-51 -2.7544e-57 -1.1497e-64 -3.7598e-73 -6.2799e-83 -3.2139e-94 -2.7314e-107 -1.8436e-122 -4.0489e-140 -9.7816e-161 -6.9094e-185 -2.8030e-213 -8.7453e-247 -1.7243e-286 0.0000e+00 0.0000e+00 0.0000e+00 0.0000e+00 0.0000e+00 0.0000e+00 0.0000e+00 0.0000e+00 0.0000e+00 0.0000e+00 0.0000e+00 0.0000e+00 0.0000e+00 0.0000e+00 0.0000e+00 0.0000e+00 0.0000e+00 0.0000e+00 0.0000e+00 0.0000e+00 0.0000e+00 0.0000e+00 0.0000e+00 0.0000e+00 0.0000e+00 0.0000e+00 0.0000e+00 0.0000e+00 0.0000e+00 0.0000e+00 1.0697e-07 3.0278e-07 5.5680e-07 8.5827e-07 1.2008e-06 1.5795e-06 1.9901e-06 2.4280e-06 2.8875e-06 3.3621e-06 3.8433e-06 4.3209e-06 4.7825e-06 0.0000e+00 5.5974e-06 5.9162e-06 6.1514e-06 6.2848e-06 6.3009e-06 6.1880e-06 5.9410e-06 5.5629e-06 5.0662e-06 4.4735e-06 3.8166e-06 3.1335e-06 2.4646e-06 1.8476e-06 1.3127e-06 8.7815e-07 5.4918e-07 3.1844e-07 1.6964e-07 8.2161e-08 3.5754e-08 1.3794e-08 4.6461e-09 1.3426e-09 3.2621e-10 6.5086e-11 1.0371e-11 1.2760e-12 1.1613e-13 7.3685e-15 2.9560e-16 5.8554e-18 -2.1880e-20 -3.5267e-21 -6.6253e-23 -5.1949e-25 -1.7985e-27 -2.6063e-30 -1.4371e-33 -2.6622e-37 -1.4232e-41 -1.8314e-46 -4.5746e-52 -1.7192e-58 -7.1879e-66 -2.3364e-74 -3.8526e-84 -1.9350e-95 -1.6053e-108 -1.0525e-123 -2.2355e-141 -5.2014e-162 -3.5247e-186 -1.3667e-214 -4.0610e-248 -7.5989e-288 0.0000e+00 0.0000e+00 0.0000e+00 0.0000e+00 0.0000e+00 0.0000e+00 0.0000e+00 0.0000e+00 0.0000e+00 0.0000e+00 0.0000e+00 0.0000e+00 0.0000e+00 0.0000e+00 0.0000e+00 0.0000e+00 0.0000e+00 0.0000e+00 0.0000e+00 0.0000e+00 0.0000e+00 0.0000e+00 0.0000e+00 0.0000e+00 0.0000e+00 0.0000e+00 0.0000e+00 0.0000e+00 0.0000e+00 0.0000e+00
-1.1485e-07 -3.2508e-07 -5.9785e-07 -9.2170e-07 -1.2900e-06 -1.6979e-06 -2.1416e-06 -2.6170e-06 -3.1197e-06 -3.6445e-06 -4.1851e-06 -4.7334e-06 -5.2798e-06 -5.8125e-06 1.6031e-03 -6.7786e-06 -7.1778e-06 -7.4955e-06 -7.7116e-06 -7.8066e-06 -7.7635e-06 -7.5696e-06 -7.2196e-06 -6.7171e-06 -6.0773e-06 -5.3272e-06 -4.5054e-06 -3.6587e-06 -2.8375e-06 -2.0887e-06 -1.4492e-06 -9.4043e-07 -5.6576e-07 -3.1244e-07 -1.5664e-07 -7.0410e-08 -2.7980e-08 -9.6757e-09 -2.8601e-09 -7.0828e-10 -1.4363e-10 -2.3241e-11 -2.9141e-12 -2.7384e-13 -1.8566e-14 -8.6944e-16 -2.6761e-17 -5.1135e-19 -5.6809e-21 -3.4025e-23 -1.0070e-25 -1.3312e-28 -6.9927e-32 -1.2738e-35 -6.8648e-40 -9.0895e-45 -2.3777e-50 -9.5068e-57 -4.2910e-64 -1.5266e-72 -2.7924e-82 -1.5766e-93 -1.4902e-106 -1.1288e-121 -2.8102e-139 -7.7824e-160 -6.3807e-184 -3.0470e-212 -1.1369e-245 -2.7288e-285 0.0000e+00 0.0000e+00 0.0000e+00 0.0000e+00 0.0000e+00 0.0000e+00 0.0000e+00 0.0000e+00 0.0000e+00 0.0000e+00 0.0000e+00 0.0000e+00 0.0000e+00 0.0000e+00 0.0000e+00 0.0000e+00 0.0000e+00 0.0000e+00 0.0000e+00 0.0000e+00 0.0000e+00 0.0000e+00 0.0000e+00 0.0000e+00 0.0000e+00 0.0000e+00 0.0000e+00 0.0000e+00 0.0000e+00 0.0000e+00 1.1485e-07 3.2507e-07 5.9781e-07 9.2148e-07 1.2892e-06 1.6959e-06 2.1367e-06 2.6068e-06 3.1002e-06 3.6097e-06 4.1264e-06 4.6391e-06 5.1347e-06 5.5974e-06 0.0000e+00 6.3518e-06 6.6041e-06 6.7473e-06 6.7643e-06 6.6429e-06 6.3772e-06 5.9707e-06 5.4368e-06 4.7998e-06 4.0938e-06 3.3597e-06 2.6410e-06 1.9783e-06 1.4040e-06 9.3787e-07 5.8534e-07 3.3848e-07 1.7963e-07 8.6553e-08 3.7398e-08 1.4286e-08 4.7454e-09 1.3444e-09 3.1732e-10 6.0614e-11 9.0159e-12 9.8612e-13 7.1194e-14 2.3649e-15 -9.4705e-17 -1.4723e-17 -7.2303e-19 -1.8156e-20 -2.4172e-22 -1.6432e-24 -5.3238e-27 -7.5096e-30 -4.1285e-33 -7.7526e-37 -4.2549e-41 -5.6800e-46 -1.4854e-51 -5.8947e-58 -2.6241e-65 -9.1564e-74 -1.6346e-83 -8.9663e-95 -8.2004e-108 -5.9872e-123 -1.4316e-140 -3.7947e-161 -2.9684e-185 -1.3481e-213 -4.7692e-247 -1.0821e-286 0.0000e+00 0.0000e+00 0.0000e+00 0.0000e+00 0.0000e+00 0.0000e+00 0.0000e+00 0.0000e+00 0.0000e+00 0.0000e+00 0.0000e+00 0.0000e+00 0.0000e+00 0.0000e+00 0.0000e+00 0.0000e+00 0.0000e+00 0.0000e+00 0.0000e+00 0.0000e+00 0.0000e+00 0.0000e+00 0.0000e+00 0.0000e+00 0.0000e+00 0.0000e+00 0.0000e+00 0.0000e+00 0.0000e+00 0.0000e+00
-1.2140e-07 -3.4360e-07 -6.3193e-07 -9.7428e-07 -1.3637e-06 -1.7953e-06 -2.2652e-06 -2.7694e-06 -3.3038e-06 -3.8635e-06 -4.4427e-06 -5.0339e-06 -5.6281e-06 -6.2142e-06 -6.7786e-06 2.0966e-03 -7.7765e-06 -8.1712e-06 -8.4674e-06 -8.6426e-06 -8.6752e-06 -8.5470e-06 -8.2460e-06 -7.7689e-06 -7.1248e-06 -6.3368e-06 -5.4425e-06 -4.4922e-06 -3.5438e-06 -2.6554e-06 -1.8768e-06 -1.2414e-06 -7.6180e-07 -4.2943e-07 -2.1992e-07 -1.0106e-07 -4.1093e-08 -1.4554e-08 -4.4111e-09 -1.1213e-09 -2.3373e-10 -3.8930e-11 -5.0325e-12 -4.8839e-13 -3.4259e-14 -1.6633e-15 -5.3196e-17 -1.0586e-18 -1.2281e-20 -7.7018e-23 -2.3938e-25 -3.3344e-28 -1.8521e-31 -3.5811e-35 -2.0571e-39 -2.9164e-44 -8.2092e-50 -3.5512e-56 -1.7445e-63 -6.7991e-72 -1.3723e-81 -8.6172e-93 -9.1389e-106 -7.8428e-121 -2.2361e-138 -7.1782e-159 -6.9147e-183 -3.9387e-211 -1.7831e-244 -5.2945e-284 0.0000e+00 0.0000e+00 0.0000e+00 0.0000e+00 0.0000e+00 0.0000e+00 0.0000e+00 0.0000e+00 0.0000e+00 0.0000e+00 0.0000e+00 0.0000e+00 0.0000e+00 0.0000e+00 0.0000e+00 0.0000e+00 0.0000e+00 0.0000e+00 0.0000e+00 0.0000e+00 0.0000e+00 0.0000e+00 0.0000e+00 0.0000e+00 0.0000e+00 0.0000e+00 0.0000e+00 0.0000e+00 0.0000e+00 0.0000e+00 1.2140e-07 3.4360e-07 6.3187e-07 9.7397e-07 1.3627e-06 1.7925e-06 2.2584e-06 2.7553e-06 3.2768e-06 3.8153e-06 4.3614e-06 4.9034e-06 5.4272e-06 5.9162e-06 6.3518e-06 0.0000e+00 6.9800e-06 7.1311e-06 7.1487e-06 7.0198e-06 6.7383e-06 6.3077e-06 5.7423e-06 5.0677e-06 4.3202e-06 3.5431e-06 2.7825e-06 2.0816e-06 1.4746e-06 9.8252e-07 6.1106e-07 3.5164e-07 1.8536e-07 8.8473e-08 3.7719e-08 1.4133e-08 4.5636e-09 1.2383e-09 2.7278e-10 4.6207e-11 5.3853e-12 2.7957e-13 -3.2921e-14 -8.9378e-15 -9.6842e-16 -6.0899e-17 -2.3138e-18 -5.1952e-20 -6.5691e-22 -4.3809e-24 -1.4212e-26 -2.0364e-29 -1.1499e-32 -2.2388e-36 -1.2844e-40 -1.8060e-45 -5.0119e-51 -2.1262e-57 -1.0195e-64 -3.8617e-73 -7.5459e-83 -4.5713e-94 -4.6614e-107 -3.8342e-122 -1.0447e-139 -3.1955e-160 -2.9250e-184 -1.5788e-212 -6.7544e-246 -1.8900e-285 0.0000e+00 0.0000e+00 0.0000e+00 0.0000e+00 0.0000e+00 0.0000e+00 0.0000e+00 0.0000e+00 0.0000e+00 0.0000e+00 0.0000e+00 0.0000e+00 0.0000e+00 0.0000e+00 0.0000e+00 0.0000e+00 0.0000e+00 0.0000e+00 0.0000e+00 0.0000e+00 0.0000e+00 0.0000e+00 0.0000e+00 0.0000e+00 0.0000e+00 0.0000e+00 0.0000e+00 0.0000e+00 0.0000e+00 0.0000e+00
-1.2622e-07 -3.5727e-07 -6.5708e-07 -1.0131e-06 -1.4182e-06 -1.8676e-06 -2.3573e-06 -2.8837e-06 -3.4432e-06 -4.0316e-06 -4.6438e-06 -5.2735e-06 -5.9126e-06 -6.5515e-06 -7.1778e-06 -7.7765e-06 2.7014e-03 -8.8165e-06 -9.2131e-06 -9.4936e-06 -9.6314e-06 -9.6014e-06 -9.3828e-06 -8.9632e-06 -8.3426e-06 -7.5372e-06 -6.5811e-06 -5.5264e-06 -4.4384e-06 -3.3881e-06 -2.4412e-06 -1.6473e-06 -1.0319e-06 -5.9426e-07 -3.1117e-07 -1.4634e-07 -6.0957e-08 -2.2142e-08 -6.8909e-09 -1.8012e-09 -3.8661e-10 -6.6420e-11 -8.8717e-12 -8.9130e-13 -6.4857e-14 -3.2739e-15 -1.0912e-16 -2.2689e-18 -2.7577e-20 -1.8175e-22 -5.9561e-25 -8.7780e-28 -5.1784e-31 -1.0678e-34 -6.5713e-39 -1.0030e-43 -3.0556e-49 -1.4390e-55 -7.7453e-63 -3.3308e-71 -7.4752e-81 -5.2643e-92 -6.3206e-105 -6.2054e-120 -2.0478e-137 -7.7075e-158 -8.8328e-182 -6.0838e-210 -3.3921e-243 -1.2664e-282 0.0000e+00 0.0000e+00 0.0000e+00 0.0000e+00 0.0000e+00 0.0000e+00 0.0000e+00 0.0000e+00 0.0000e+00 0.0000e+00 0.0000e+00 0.0000e+00 0.0000e+00 0.0000e+00 0.0000e+00 0.0000e+00 0.0000e+00 0.0000e+00 0.0000e+00 0.0000e+00 0.0000e+00 0.0000e+00 0.0000e+00 0.0000e+00 0.0000e+00 0.0000e+00 0.0000e+00 0.0000e+00 0.0000e+00 0.0000e+00 1.2622e-07 3.5726e-07 6.5699e-07 1.0127e-06 1.4168e-06 1.8637e-06 2.3483e-06 2.8649e-06 3.4071e-06 3.9671e-06 4.5349e-06 5.0984e-06 5.6429e-06 6.1514e-06 6.6041e-06 6.9800e-06 0.0000e+00 7.4136e-06 7.4313e-06 7.2964e-06 7.0025e-06 6.5532e-06 5.9635e-06 5.2600e-06 4.4806e-06 3.6705e-06 2.8780e-06 2.1483e-06 1.5172e-06 1.0066e-06 6.2224e-07 3.5503e-07 1.8488e-07 8.6700e-08 3.6010e-08 1.2965e-08 3.9263e-09 9.5255e-10 1.6718e-10 1.4319e-11 -2.3608e-12 -1.2023e-12 -2.5041e-13 -3.2682e-14 -2.8279e-15 -1.6107e-16 -5.8497e-18 -1.2929e-19 -1.6394e-21 -1.1109e-23 -3.6996e-26 -5.4881e-29 -3.2328e-32 -6.6115e-36 -4.0114e-40 -6.0055e-45 -1.7865e-50 -8.1815e-57 -4.2664e-64 -1.7716e-72 -3.8269e-82 -2.5865e-93 -2.9720e-106 -2.7850e-121 -8.7497e-139 -3.1274e-159 -3.3950e-183 -2.2096e-211 -1.1612e-244 -4.0763e-284 0.0000e+00 0.0000e+00 0.0000e+00 0.0000e+00 0.0000e+00 0.0000e+00 0.0000e+00 0.0000e+00 0.0000e+00 0.0000e+00 0.0000e+00 0.0000e+00 0.0000e+00 0.0000e+00 0.0000e+00 0.0000e+00 0.0000e+00 0.0000e+00 0.0000e+00 0.0000e+00 0.0000e+00 0.0000e+00 0.0000e+00 0.0000e+00 0.0000e+00 0.0000e+00 0.0000e+00 0.0000e+00 0.0000e+00 0.0000e+00
