-6.4721e-10 -7.0158e-12 -1.9364e-11 -3.9841e-11 -6.9802e-11 -1.1050e-10 -1.6314e-10 -2.2889e-10 -3.0895e-10 -4.0449e-10 -5.1675e-10 -6.4697e-10 -7.9643e-10 -9.6639e-10 -1.1582e-09 -1.3730e-09 -1.6119e-09 -1.8761e-09 -2.1661e-09 -2.4824e-09 -2.8246e-09 -3.1917e-09 -3.5814e-09 -3.9902e-09 -4.4124e-09 -4.8402e-09 -5.2628e-09 -5.6660e-09 -6.0322e-09 -6.3400e-09 -6.5648e-09 -6.6800e-09 -6.6592e-09 -6.4796e-09 -6.1265e-09 -5.5985e-09 -4.9126e-09 -4.1073e-09 -3.2416e-09 -2.3880e-09 -1.6202e-09 -9.9610e-10 -5.4430e-10 -2.5823e-10 -1.0341e-10 -3.3784e-11 -8.6421e-12 -1.6468e-12 -2.2004e-13 -1.9154e-14 -9.9300e-16 -2.7478e-17 -3.5482e-19 -1.8125e-21 -2.9881e-24 -1.2357e-27 -9.3776e-32 -8.8454e-37 -6.3710e-43 -1.9002e-50 -1.0846e-59 -4.4545e-71 -3.7867e-85 -1.3519e-102 -2.6002e-124 -1.8861e-151 -1.6127e-185 -1.7240e-228 -5.6725e-283 -0.0000e+00 -0.0000e+00 -0.0000e+00 -0.0000e+00 -0.0000e+00 -0.0000e+00 -0.0000e+00 -0.0000e+00 -0.0000e+00 -0.0000e+00 -0.0000e+00 -0.0000e+00 -0.0000e+00 -0.0000e+00 -0.0000e+00 -0.0000e+00 -0.0000e+00 -0.0000e+00 -0.0000e+00 -0.0000e+00 -0.0000e+00 -0.0000e+00 -0.0000e+00 -0.0000e+00 -0.0000e+00 -0.0000e+00 -0.0000e+00 -0.0000e+00 -0.0000e+00 -0.0000e+00 -0.0000e+00 0.0000e+00 -7.0158e-12 -1.9364e-11 -3.9841e-11 -6.9802e-11 -1.1050e-10 -1.6314e-10 -2.2889e-10 -3.0895e-10 -4.0449e-10 -5.1675e-10 -6.4697e-10 -7.9643e-10 -9.6639e-10 -1.1582e-09 -1.3730e-09 -1.6119e-09 -1.8761e-09 -2.1661e-09 -2.4824e-09 -2.8246e-09 -3.1917e-09 -3.5814e-09 -3.9902e-09 -4.4124e-09 -4.8402e-09 -5.2628e-09 -5.6660e-09 -6.0322e-09 -6.3400e-09 -6.5648e-09 -6.6800e-09 -6.6592e-09 -6.4796e-09 -6.1265e-09 -5.5985e-09 -4.9126e-09 -4.1073e-09 -3.2416e-09 -2.3880e-09 -1.6202e-09 -9.9610e-10 -5.4430e-10 -2.5823e-10 -1.0341e-10 -3.3784e-11 -8.6421e-12 -1.6468e-12 -2.2004e-13 -1.9154e-14 -9.9300e-16 -2.7478e-17 -3.5482e-19 -1.8125e-21 -2.9881e-24 -1.2357e-27 -9.3776e-32 -8.8454e-37 -6.3710e-43 -1.9002e-50 -1.0846e-59 -4.4545e-71 -3.7867e-85 -1.3519e-102 -2.6002e-124 -1.8861e-151 -1.6127e-185 -1.7240e-228 -5.6725e-283 -0.0000e+00 -0.0000e+00 -0.0000e+00 -0.0000e+00 -0.0000e+00 -0.0000e+00 -0.0000e+00 -0.0000e+00 -0.0000e+00 -0.0000e+00 -0.0000e+00 -0.0000e+00 -0.0000e+00 -0.0000e+00 -0.0000e+00 -0.0000e+00 -0.0000e+00 -0.0000e+00 -0.0000e+00 -0.0000e+00 -0.0000e+00 -0.0000e+00 -0.0000e+00 -0.0000e+00 -0.0000e+00 -0.0000e+00 -0.0000e+00 -0.0000e+00 -0.0000e+00 -0.0000e+00 -0.0000e+00
-7.0158e-12 3.0248e-10 -1.0965e-10 -2.2559e-10 -3.9524e-10 -6.2569e-10 -9.2374e-10 -1.2961e-09 -1.7494e-09 -2.2904e-09 -2.9260e-09 -3.6634e-09 -4.5096e-09 -5.4720e-09 -6.5579e-09 -7.7741e-09 -9.1273e-09 -1.0623e-08 -1.2265e-08 -1.4056e-08 -1.5994e-08 -1.8072e-08 -2.0279e-08 -2.2594e-08 -2.4985e-08 -2.7407e-08 -2.9799e-08 -3.2083e-08 -3.4156e-08 -3.5899e-08 -3.7172e-08 -3.7824e-08 -3.7707e-08 -3.6690e-08 -3.4690e-08 -3.1701e-08 -2.7817e-08 -2.3257e-08 -1.8355e-08 -1.3522e-08 -9.1739e-09 -5.6403e-09 -3.0820e-09 -1.4622e-09 -5.8553e-10 -1.9130e-10 -4.8934e-11 -9.3246e-12 -1.2459e-12 -1.0845e-13 -5.6227e-15 -1.5559e-16 -2.0091e-18 -1.0263e-20 -1.6919e-23 -6.9971e-27 -5.3099e-31 -5.0086e-36 -3.6075e-42 -1.0760e-49 -6.1416e-59 -2.5223e-70 -2.1441e-84 -7.6548e-102 -1.4723e-123 -1.0680e-150 -9.1319e-185 -9.7622e-228 -3.2120e-282 -0.0000e+00 -0.0000e+00 -0.0000e+00 -0.0000e+00 -0.0000e+00 -0.0000e+00 -0.0000e+00 -0.0000e+00 -0.0000e+00 -0.0000e+00 -0.0000e+00 -0.0000e+00 -0.0000e+00 -0.0000e+00 -0.0000e+00 -0.0000e+00 -0.0000e+00 -0.0000e+00 -0.0000e+00 -0.0000e+00 -0.0000e+00 -0.0000e+00 -0.0000e+00 -0.0000e+00 -0.0000e+00 -0.0000e+00 -0.0000e+00 -0.0000e+00 -0.0000e+00 -0.0000e+00 -0.0000e+00 -7.0158e-12 0.0000e+00 -1.0965e-10 -2.2559e-10 -3.9524e-10 -6.2569e-10 -9.2374e-10 -1.2961e-09 -1.7494e-09 -2.2904e-09 -2.9260e-09 -3.6634e-09 -4.5096e-09 -5.4720e-09 -6.5579e-09 -7.7741e-09 -9.1273e-09 -1.0623e-08 -1.2265e-08 -1.4056e-08 -1.5994e-08 -1.8072e-08 -2.0279e-08 -2.2594e-08 -2.4985e-08 -2.7407e-08 -2.9799e-08 -3.2083e-08 -3.4156e-08 -3.5899e-08 -3.7172e-08 -3.7824e-08 -3.7707e-08 -3.6690e-08 -3.4690e-08 -3.1701e-08 -2.7817e-08 -2.3257e-08 -1.8355e-08 -1.3522e-08 -9.1739e-09 -5.6403e-09 -3.0820e-09 -1.4622e-09 -5.8553e-10 -1.9130e-10 -4.8934e-11 -9.3246e-12 -1.2459e-12 -1.0845e-13 -5.6227e-15 -1.5559e-16 -2.0091e-18 -1.0263e-20 -1.6919e-23 -6.9971e-27 -5.3099e-31 -5.0086e-36 -3.6075e-42 -1.0760e-49 -6.1416e-59 -2.5223e-70 -2.1441e-84 -7.6547e-102 -1.4723e-123 -1.0680e-150 -9.1319e-185 -9.7621e-228 -3.2120e-282 -0.0000e+00 -0.0000e+00 -0.0000e+00 -0.0000e+00 -0.0000e+00 -0.0000e+00 -0.0000e+00 -0.0000e+00 -0.0000e+00 -0.0000e+00 -0.0000e+00 -0.0000e+00 -0.0000e+00 -0.0000e+00 -0.0000e+00 -0.0000e+00 -0.0000e+00 -0.0000e+00 -0.0000e+00 -0.0000e+00 -0.0000e+00 -0.0000e+00 -0.0000e+00 -0.0000e+00 -0.0000e+00 -0.0000e+00 -0.0000e+00 -0.0000e+00 -0.0000e+00 -0.0000e+00 -0.0000e+00
-1.9364e-11 -1.0965e-10 3.4779e-09 -6.2267e-10 -1.0909e-09 -1.7270e-09 -2.5496e-09 -3.5773e-09 -4.8284e-09 -6.3217e-09 -8.0762e-09 -1.0111e-08 -1.2447e-08 -1.5104e-08 -1.8101e-08 -2.1458e-08 -2.5193e-08 -2.9321e-08 -3.3854e-08 -3.8796e-08 -4.4145e-08 -4.9882e-08 -5.5973e-08 -6.2361e-08 -6.8960e-08 -7.5646e-08 -8.2250e-08 -8.8552e-08 -9.4276e-08 -9.9086e-08 -1.0260e-07 -1.0440e-07 -1.0408e-07 -1.0127e-07 -9.5750e-08 -8.7498e-08 -7.6778e-08 -6.4192e-08 -5.0662e-08 -3.7322e-08 -2.5321e-08 -1.5568e-08 -8.5067e-09 -4.0358e-09 -1.6161e-09 -5.2800e-10 -1.3507e-10 -2.5737e-11 -3.4389e-12 -2.9935e-13 -1.5519e-14 -4.2945e-16 -5.5454e-18 -2.8328e-20 -4.6700e-23 -1.9313e-26 -1.4656e-30 -1.3824e-35 -9.9573e-42 -2.9699e-49 -1.6952e-58 -6.9621e-70 -5.9183e-84 -2.1129e-101 -4.0641e-123 -2.9480e-150 -2.5208e-184 -2.6948e-227 -8.8669e-282 -0.0000e+00 -0.0000e+00 -0.0000e+00 -0.0000e+00 -0.0000e+00 -0.0000e+00 -0.0000e+00 -0.0000e+00 -0.0000e+00 -0.0000e+00 -0.0000e+00 -0.0000e+00 -0.0000e+00 -0.0000e+00 -0.0000e+00 -0.0000e+00 -0.0000e+00 -0.0000e+00 -0.0000e+00 -0.0000e+00 -0.0000e+00 -0.0000e+00 -0.0000e+00 -0.0000e+00 -0.0000e+00 -0.0000e+00 -0.0000e+00 -0.0000e+00 -0.0000e+00 -0.0000e+00 -0.0000e+00 -1.9364e-11 -1.0965e-10 0.0000e+00 -6.2267e-10 -1.0909e-09 -1.7270e-09 -2.5496e-09 -3.5773e-09 -4.8284e-09 -6.3217e-09 -8.0762e-09 -1.0111e-08 -1.2447e-08 -1.5104e-08 -1.8101e-08 -2.1458e-08 -2.5193e-08 -2.9321e-08 -3.3854e-08 -3.8796e-08 -4.4145e-08 -4.9882e-08 -5.5973e-08 -6.2361e-08 -6.8960e-08 -7.5646e-08 -8.2250e-08 -8.8552e-08 -9.4276e-08 -9.9086e-08 -1.0260e-07 -1.0440e-07 -1.0408e-07 -1.0127e-07 -9.5750e-08 -8.7498e-08 -7.6778e-08 -6.4192e-08 -5.0662e-08 -3.7321e-08 -2.5321e-08 -1.5568e-08 -8.5067e-09 -4.0358e-09 -1.6161e-09 -5.2800e-10 -1.3507e-10 -2.5737e-11 -3.4389e-12 -2.9935e-13 -1.5519e-14 -4.2945e-16 -5.5454e-18 -2.8328e-20 -4.6700e-23 -1.9313e-26 -1.4656e-30 -1.3824e-35 -9.9571e-42 -2.9699e-49 -1.6952e-58 -6.9619e-70 -5.9182e-84 -2.1128e-101 -4.0639e-123 -2.9478e-150 -2.5206e-184 -2.6946e-227 -8.8659e-282 -0.0000e+00 -0.0000e+00 -0.0000e+00 -0.0000e+00 -0.0000e+00 -0.0000e+00 -0.0000e+00 -0.0000e+00 -0.0000e+00 -0.0000e+00 -0.0000e+00 -0.0000e+00 -0.0000e+00 -0.0000e+00 -0.0000e+00 -0.0000e+00 -0.0000e+00 -0.0000e+00 -0.0000e+00 -0.0000e+00 -0.0000e+00 -0.0000e+00 -0.0000e+00 -0.0000e+00 -0.0000e+00 -0.0000e+00 -0.0000e+00 -0.0000e+00 -0.0000e+00 -0.0000e+00 -0.0000e+00
-3.9841e-11 -2.2559e-10 -6.2267e-10 1.9607e-08 -2.2445e-09 -3.5532e-09 -5.2457e-09 -7.3601e-09 -9.9342e-09 -1.3007e-08 -1.6616e-08 -2.0804e-08 -2.5609e-08 -3.1075e-08 -3.7241e-08 -4.4148e-08 -5.1832e-08 -6.0326e-08 -6.9652e-08 -7.9822e-08 -9.0825e-08 -1.0263e-07 -1.1516e-07 -1.2831e-07 -1.4188e-07 -1.5564e-07 -1.6923e-07 -1.8219e-07 -1.9397e-07 -2.0386e-07 -2.1109e-07 -2.1480e-07 -2.1413e-07 -2.0835e-07 -1.9700e-07 -1.8002e-07 -1.5797e-07 -1.3207e-07 -1.0423e-07 -7.6787e-08 -5.2097e-08 -3.2030e-08 -1.7502e-08 -8.3034e-09 -3.3251e-09 -1.0863e-09 -2.7789e-10 -5.2953e-11 -7.0754e-12 -6.1590e-13 -3.1931e-14 -8.8360e-16 -1.1410e-17 -5.8286e-20 -9.6088e-23 -3.9738e-26 -3.0156e-30 -2.8445e-35 -2.0489e-41 -6.1111e-49 -3.4883e-58 -1.4327e-69 -1.2179e-83 -4.3483e-101 -8.3643e-123 -6.0677e-150 -5.1888e-184 -5.5477e-227 -1.8257e-281 -0.0000e+00 -0.0000e+00 -0.0000e+00 -0.0000e+00 -0.0000e+00 -0.0000e+00 -0.0000e+00 -0.0000e+00 -0.0000e+00 -0.0000e+00 -0.0000e+00 -0.0000e+00 -0.0000e+00 -0.0000e+00 -0.0000e+00 -0.0000e+00 -0.0000e+00 -0.0000e+00 -0.0000e+00 -0.0000e+00 -0.0000e+00 -0.0000e+00 -0.0000e+00 -0.0000e+00 -0.0000e+00 -0.0000e+00 -0.0000e+00 -0.0000e+00 -0.0000e+00 -0.0000e+00 -0.0000e+00 -3.9841e-11 -2.2559e-10 -6.2267e-10 0.0000e+00 -2.2445e-09 -3.5532e-09 -5.2457e-09 -7.3601e-09 -9.9342e-09 -1.3007e-08 -1.6616e-08 -2.0804e-08 -2.5609e-08 -3.1075e-08 -3.7241e-08 -4.4148e-08 -5.1832e-08 -6.0326e-08 -6.9652e-08 -7.9822e-08 -9.0825e-08 -1.0263e-07 -1.1516e-07 -1.2831e-07 -1.4188e-07 -1.5564e-07 -1.6923e-07 -1.8219e-07 -1.9397e-07 -2.0386e-07 -2.1109e-07 -2.1480e-07 -2.1413e-07 -2.0835e-07 -1.9700e-07 -1.8002e-07 -1.5797e-07 -1.3207e-07 -1.0423e-07 -7.6787e-08 -5.2097e-08 -3.2030e-08 -1.7502e-08 -8.3034e-09 -3.3251e-09 -1.0863e-09 -2.7789e-10 -5.2953e-11 -7.0753e-12 -6.1589e-13 -3.1931e-14 -8.8358e-16 -1.1410e-17 -5.8284e-20 -9.6084e-23 -3.9736e-26 -3.0155e-30 -2.8444e-35 -2.0487e-41 -6.1106e-49 -3.4879e-58 -1.4325e-69 -1.2177e-83 -4.3474e-101 -8.3622e-123 -6.0658e-150 -5.1868e-184 -5.5451e-227 -1.8246e-281 -0.0000e+00 -0.0000e+00 -0.0000e+00 -0.0000e+00 -0.0000e+00 -0.0000e+00 -0.0000e+00 -0.0000e+00 -0.0000e+00 -0.0000e+00 -0.0000e+00 -0.0000e+00 -0.0000e+00 -0.0000e+00 -0.0000e+00 -0.0000e+00 -0.0000e+00 -0.0000e+00 -0.0000e+00 -0.0000e+00 -0.0000e+00 -0.0000e+00 -0.0000e+00 -0.0000e+00 -0.0000e+00 -0.0000e+00 -0.0000e+00 -0.0000e+00 -0.0000e+00 -0.0000e+00 -0.0000e+00
-6.9802e-11 -3.9524e-10 -1.0909e-09 -2.2445e-09 7.5121e-08 -6.2252e-09 -9.1906e-09 -1.2895e-08 -1.7405e-08 -2.2788e-08 -2.9112e-08 -3.6448e-08 -4.4868e-08 -5.4443e-08 -6.5246e-08 -7.7347e-08 -9.0811e-08 -1.0569e-07 -1.2203e-07 -1.3985e-07 -1.5913e-07 -1.7981e-07 -2.0176e-07 -2.2479e-07 -2.4858e-07 -2.7268e-07 -2.9648e-07 -3.1920e-07 -3.3983e-07 -3.5717e-07 -3.6984e-07 -3.7633e-07 -3.7516e-07 -3.6504e-07 -3.4515e-07 -3.1540e-07 -2.7676e-07 -2.3139e-07 -1.8262e-07 -1.3453e-07 -9.1275e-08 -5.6118e-08 -3.0665e-08 -1.4548e-08 -5.8258e-09 -1.9033e-09 -4.8689e-10 -9.2779e-11 -1.2397e-11 -1.0791e-12 -5.5948e-14 -1.5482e-15 -1.9992e-17 -1.0213e-19 -1.6837e-22 -6.9634e-26 -5.2846e-30 -4.9850e-35 -3.5908e-41 -1.0711e-48 -6.1145e-58 -2.5115e-69 -2.1354e-83 -7.6251e-101 -1.4670e-122 -1.0645e-149 -9.1060e-184 -9.7398e-227 -3.2068e-281 -0.0000e+00 -0.0000e+00 -0.0000e+00 -0.0000e+00 -0.0000e+00 -0.0000e+00 -0.0000e+00 -0.0000e+00 -0.0000e+00 -0.0000e+00 -0.0000e+00 -0.0000e+00 -0.0000e+00 -0.0000e+00 -0.0000e+00 -0.0000e+00 -0.0000e+00 -0.0000e+00 -0.0000e+00 -0.0000e+00 -0.0000e+00 -0.0000e+00 -0.0000e+00 -0.0000e+00 -0.0000e+00 -0.0000e+00 -0.0000e+00 -0.0000e+00 -0.0000e+00 -0.0000e+00 -0.0000e+00 -6.9802e-11 -3.9524e-10 -1.0909e-09 -2.2445e-09 0.0000e+00 -6.2252e-09 -9.1906e-09 -1.2895e-08 -1.7405e-08 -2.2788e-08 -2.9112e-08 -3.6448e-08 -4.4868e-08 -5.4443e-08 -6.5246e-08 -7.7347e-08 -9.0811e-08 -1.0569e-07 -1.2203e-07 -1.3985e-07 -1.5913e-07 -1.7981e-07 -2.0176e-07 -2.2479e-07 -2.4858e-07 -2.7268e-07 -2.9648e-07 -3.1920e-07 -3.3983e-07 -3.5717e-07 -3.6984e-07 -3.7633e-07 -3.7516e-07 -3.6504e-07 -3.4515e-07 -3.1540e-07 -2.7676e-07 -2.3139e-07 -1.8262e-07 -1.3453e-07 -9.1274e-08 -5.6117e-08 -3.0664e-08 -1.4548e-08 -5.8256e-09 -1.9033e-09 -4.8687e-10 -9.2775e-11 -1.2396e-11 -1.0791e-12 -5.5944e-14 -1.5481e-15 -1.9990e-17 -1.0212e-19 -1.6835e-22 -6.9622e-26 -5.2835e-30 -4.9838e-35 -3.5897e-41 -1.0707e-48 -6.1118e-58 -2.5102e-69 -2.1340e-83 -7.6190e-101 -1.4656e-122 -1.0632e-149 -9.0924e-184 -9.7217e-227 -3.1994e-281 -0.0000e+00 -0.0000e+00 -0.0000e+00 -0.0000e+00 -0.0000e+00 -0.0000e+00 -0.0000e+00 -0.0000e+00 -0.0000e+00 -0.0000e+00 -0.0000e+00 -0.0000e+00 -0.0000e+00 -0.0000e+00 -0.0000e+00 -0.0000e+00 -0.0000e+00 -0.0000e+00 -0.0000e+00 -0.0000e+00 -0.0000e+00 -0.0000e+00 -0.0000e+00 -0.0000e+00 -0.0000e+00 -0.0000e+00 -0.0000e+00 -0.0000e+00 -0.0000e+00 -0.0000e+00 -0.0000e+00
-1.1050e-10 -6.2569e-10 -1.7270e-09 -3.5532e-09 -6.2252e-09 2.2551e-07 -1.4549e-08 -2.0413e-08 -2.7553e-08 -3.6074e-08 -4.6086e-08 -5.7700e-08 -7.1028e-08 -8.6186e-08 -1.0329e-07 -1.2244e-07 -1.4376e-07 -1.6732e-07 -1.9318e-07 -2.2139e-07 -2.5191e-07 -2.8464e-07 -3.1940e-07 -3.5586e-07 -3.9351e-07 -4.3167e-07 -4.6935e-07 -5.0531e-07 -5.3797e-07 -5.6542e-07 -5.8547e-07 -5.9575e-07 -5.9390e-07 -5.7788e-07 -5.4639e-07 -4.9930e-07 -4.3814e-07 -3.6632e-07 -2.8910e-07 -2.1298e-07 -1.4450e-07 -8.8841e-08 -4.8546e-08 -2.3031e-08 -9.2231e-09 -3.0133e-09 -7.7084e-10 -1.4689e-10 -1.9628e-11 -1.7086e-12 -8.8586e-14 -2.4515e-15 -3.1658e-17 -1.6173e-19 -2.6665e-22 -1.1029e-25 -8.3709e-30 -7.8973e-35 -5.6895e-41 -1.6975e-48 -9.6924e-58 -3.9822e-69 -3.3870e-83 -1.2100e-100 -2.3293e-122 -1.6913e-149 -1.4480e-183 -1.5505e-226 -5.1120e-281 -0.0000e+00 -0.0000e+00 -0.0000e+00 -0.0000e+00 -0.0000e+00 -0.0000e+00 -0.0000e+00 -0.0000e+00 -0.0000e+00 -0.0000e+00 -0.0000e+00 -0.0000e+00 -0.0000e+00 -0.0000e+00 -0.0000e+00 -0.0000e+00 -0.0000e+00 -0.0000e+00 -0.0000e+00 -0.0000e+00 -0.0000e+00 -0.0000e+00 -0.0000e+00 -0.0000e+00 -0.0000e+00 -0.0000e+00 -0.0000e+00 -0.0000e+00 -0.0000e+00 -0.0000e+00 -0.0000e+00 -1.1050e-10 -6.2569e-10 -1.7270e-09 -3.5532e-09 -6.2252e-09 0.0000e+00 -1.4549e-08 -2.0413e-08 -2.7553e-08 -3.6074e-08 -4.6086e-08 -5.7700e-08 -7.1028e-08 -8.6186e-08 -1.0329e-07 -1.2244e-07 -1.4376e-07 -1.6732e-07 -1.9318e-07 -2.2139e-07 -2.5191e-07 -2.8464e-07 -3.1940e-07 -3.5586e-07 -3.9351e-07 -4.3167e-07 -4.6935e-07 -5.0531e-07 -5.3797e-07 -5.6542e-07 -5.8547e-07 -5.9574e-07 -5.9389e-07 -5.7788e-07 -5.4639e-07 -4.9930e-07 -4.3813e-07 -3.6631e-07 -2.8910e-07 -2.1297e-07 -1.4449e-07 -8.8838e-08 -4.8544e-08 -2.3030e-08 -9.2225e-09 -3.0131e-09 -7.7077e-10 -1.4687e-10 -1.9625e-11 -1.7083e-12 -8.8568e-14 -2.4509e-15 -3.1649e-17 -1.6168e-19 -2.6654e-22 -1.1023e-25 -8.3658e-30 -7.8915e-35 -5.6844e-41 -1.6956e-48 -9.6796e-58 -3.9759e-69 -3.3804e-83 -1.2071e-100 -2.3224e-122 -1.6852e-149 -1.4415e-183 -1.5419e-226 -5.0766e-281 -0.0000e+00 -0.0000e+00 -0.0000e+00 -0.0000e+00 -0.0000e+00 -0.0000e+00 -0.0000e+00 -0.0000e+00 -0.0000e+00 -0.0000e+00 -0.0000e+00 -0.0000e+00 -0.0000e+00 -0.0000e+00 -0.0000e+00 -0.0000e+00 -0.0000e+00 -0.0000e+00 -0.0000e+00 -0.0000e+00 -0.0000e+00 -0.0000e+00 -0.0000e+00 -0.0000e+00 -0.0000e+00 -0.0000e+00 -0.0000e+00 -0.0000e+00 -0.0000e+00 -0.0000e+00 -0.0000e+00
-1.6314e-10 -9.2374e-10 -2.5496e-09 -5.2457e-09 -9.1906e-09 -1.4549e-08 5.7226e-07 -3.0137e-08 -4.0678e-08 -5.3258e-08 -6.8039e-08 -8.5184e-08 -1.0486e-07 -1.2724e-07 -1.5249e-07 -1.8077e-07 -2.1224e-07 -2.4702e-07 -2.8521e-07 -3.2684e-07 -3.7190e-07 -4.2023e-07 -4.7155e-07 -5.2537e-07 -5.8097e-07 -6.3729e-07 -6.9293e-07 -7.4602e-07 -7.9424e-07 -8.3477e-07 -8.6437e-07 -8.7954e-07 -8.7681e-07 -8.5317e-07 -8.0668e-07 -7.3716e-07 -6.4686e-07 -5.4083e-07 -4.2684e-07 -3.1445e-07 -2.1334e-07 -1.3117e-07 -7.1677e-08 -3.4006e-08 -1.3618e-08 -4.4495e-09 -1.1383e-09 -2.1692e-10 -2.8986e-11 -2.5234e-12 -1.3084e-13 -3.6212e-15 -4.6769e-17 -2.3896e-19 -3.9405e-22 -1.6301e-25 -1.2376e-29 -1.1679e-34 -8.4169e-41 -2.5123e-48 -1.4353e-57 -5.9010e-69 -5.0231e-83 -1.7963e-100 -3.4622e-122 -2.5179e-149 -2.1599e-183 -2.3185e-226 -7.6679e-281 -0.0000e+00 -0.0000e+00 -0.0000e+00 -0.0000e+00 -0.0000e+00 -0.0000e+00 -0.0000e+00 -0.0000e+00 -0.0000e+00 -0.0000e+00 -0.0000e+00 -0.0000e+00 -0.0000e+00 -0.0000e+00 -0.0000e+00 -0.0000e+00 -0.0000e+00 -0.0000e+00 -0.0000e+00 -0.0000e+00 -0.0000e+00 -0.0000e+00 -0.0000e+00 -0.0000e+00 -0.0000e+00 -0.0000e+00 -0.0000e+00 -0.0000e+00 -0.0000e+00 -0.0000e+00 -0.0000e+00 -1.6314e-10 -9.2374e-10 -2.5496e-09 -5.2457e-09 -9.1906e-09 -1.4549e-08 0.0000e+00 -3.0137e-08 -4.0678e-08 -5.3258e-08 -6.8039e-08 -8.5184e-08 -1.0486e-07 -1.2724e-07 -1.5249e-07 -1.8077e-07 -2.1224e-07 -2.4702e-07 -2.8520e-07 -3.2684e-07 -3.7190e-07 -4.2023e-07 -4.7155e-07 -5.2537e-07 -5.8096e-07 -6.3729e-07 -6.9293e-07 -7.4602e-07 -7.9424e-07 -8.3476e-07 -8.6436e-07 -8.7953e-07 -8.7680e-07 -8.5315e-07 -8.0666e-07 -7.3714e-07 -6.4684e-07 -5.4081e-07 -4.2681e-07 -3.1443e-07 -2.1333e-07 -1.3116e-07 -7.1670e-08 -3.4002e-08 -1.3616e-08 -4.4486e-09 -1.1380e-09 -2.1686e-10 -2.8976e-11 -2.5224e-12 -1.3078e-13 -3.6190e-15 -4.6735e-17 -2.3875e-19 -3.9363e-22 -1.6281e-25 -1.2357e-29 -1.1657e-34 -8.3979e-41 -2.5054e-48 -1.4305e-57 -5.8770e-69 -4.9982e-83 -1.7854e-100 -3.4365e-122 -2.4949e-149 -2.1356e-183 -2.2861e-226 -7.5350e-281 -0.0000e+00 -0.0000e+00 -0.0000e+00 -0.0000e+00 -0.0000e+00 -0.0000e+00 -0.0000e+00 -0.0000e+00 -0.0000e+00 -0.0000e+00 -0.0000e+00 -0.0000e+00 -0.0000e+00 -0.0000e+00 -0.0000e+00 -0.0000e+00 -0.0000e+00 -0.0000e+00 -0.0000e+00 -0.0000e+00 -0.0000e+00 -0.0000e+00 -0.0000e+00 -0.0000e+00 -0.0000e+00 -0.0000e+00 -0.0000e+00 -0.0000e+00 -0.0000e+00 -0.0000e+00 -0.0000e+00
-2.2889e-10 -1.2961e-09 -3.5773e-09 -7.3601e-09 -1.2895e-08 -2.0413e-08 -3.0137e-08 1.2845e-06 -5.7073e-08 -7.4724e-08 -9.5463e-08 -1.1952e-07 -1.4713e-07 -1.7853e-07 -2.1395e-07 -2.5363e-07 -2.9778e-07 -3.4658e-07 -4.0016e-07 -4.5858e-07 -5.2180e-07 -5.8961e-07 -6.6162e-07 -7.3713e-07 -8.1513e-07 -8.9416e-07 -9.7223e-07 -1.0467e-06 -1.1144e-06 -1.1712e-06 -1.2128e-06 -1.2341e-06 -1.2303e-06 -1.1971e-06 -1.1319e-06 -1.0343e-06 -9.0764e-07 -7.5888e-07 -5.9894e-07 -4.4124e-07 -2.9938e-07 -1.8407e-07 -1.0059e-07 -4.7725e-08 -1.9113e-08 -6.2452e-09 -1.5978e-09 -3.0451e-10 -4.0695e-11 -3.5433e-12 -1.8375e-13 -5.0865e-15 -6.5708e-17 -3.3583e-19 -5.5397e-22 -2.2926e-25 -1.7414e-29 -1.6443e-34 -1.1859e-40 -3.5430e-48 -2.0263e-57 -8.3423e-69 -7.1130e-83 -2.5489e-100 -4.9254e-122 -3.5934e-149 -3.0948e-183 -3.3384e-226 -1.1110e-280 -0.0000e+00 -0.0000e+00 -0.0000e+00 -0.0000e+00 -0.0000e+00 -0.0000e+00 -0.0000e+00 -0.0000e+00 -0.0000e+00 -0.0000e+00 -0.0000e+00 -0.0000e+00 -0.0000e+00 -0.0000e+00 -0.0000e+00 -0.0000e+00 -0.0000e+00 -0.0000e+00 -0.0000e+00 -0.0000e+00 -0.0000e+00 -0.0000e+00 -0.0000e+00 -0.0000e+00 -0.0000e+00 -0.0000e+00 -0.0000e+00 -0.0000e+00 -0.0000e+00 -0.0000e+00 -0.0000e+00 -2.2889e-10 -1.2961e-09 -3.5773e-09 -7.3601e-09 -1.2895e-08 -2.0413e-08 -3.0137e-08 0.0000e+00 -5.7073e-08 -7.4724e-08 -9.5463e-08 -1.1952e-07 -1.4713e-07 -1.7853e-07 -2.1395e-07 -2.5363e-07 -2.9778e-07 -3.4658e-07 -4.0016e-07 -4.5858e-07 -5.2180e-07 -5.8961e-07 -6.6161e-07 -7.3713e-07 -8.1513e-07 -8.9416e-07 -9.7222e-07 -1.0467e-06 -1.1144e-06 -1.1712e-06 -1.2128e-06 -1.2340e-06 -1.2302e-06 -1.1970e-06 -1.1318e-06 -1.0343e-06 -9.0757e-07 -7.5881e-07 -5.9887e-07 -4.4118e-07 -2.9933e-07 -1.8403e-07 -1.0056e-07 -4.7711e-08 -1.9106e-08 -6.2425e-09 -1.5969e-09 -3.0432e-10 -4.0664e-11 -3.5400e-12 -1.8355e-13 -5.0796e-15 -6.5602e-17 -3.3517e-19 -5.5266e-22 -2.2861e-25 -1.7354e-29 -1.6375e-34 -1.1799e-40 -3.5213e-48 -2.0113e-57 -8.2667e-69 -7.0345e-83 -2.5145e-100 -4.8441e-122 -3.5206e-149 -3.0177e-183 -3.2359e-226 -1.0689e-280 -0.0000e+00 -0.0000e+00 -0.0000e+00 -0.0000e+00 -0.0000e+00 -0.0000e+00 -0.0000e+00 -0.0000e+00 -0.0000e+00 -0.0000e+00 -0.0000e+00 -0.0000e+00 -0.0000e+00 -0.0000e+00 -0.0000e+00 -0.0000e+00 -0.0000e+00 -0.0000e+00 -0.0000e+00 -0.0000e+00 -0.0000e+00 -0.0000e+00 -0.0000e+00 -0.0000e+00 -0.0000e+00 -0.0000e+00 -0.0000e+00 -0.0000e+00 -0.0000e+00 -0.0000e+00 -0.0000e+00
-3.0895e-10 -1.7494e-09 -4.8284e-09 -9.9342e-09 -1.7405e-08 -2.7553e-08 -4.0678e-08 -5.7073e-08 2.6256e-06 -1.0086e-07 -1.2885e-07 -1.6132e-07 -1.9859e-07 -2.4097e-07 -2.8878e-07 -3.4234e-07 -4.0193e-07 -4.6780e-07 -5.4012e-07 -6.1897e-07 -7.0430e-07 -7.9583e-07 -8.9302e-07 -9.9494e-07 -1.1002e-06 -1.2069e-06 -1.3123e-06 -1.4128e-06 -1.5042e-06 -1.5809e-06 -1.6370e-06 -1.6658e-06 -1.6606e-06 -1.6159e-06 -1.5279e-06 -1.3962e-06 -1.2252e-06 -1.0244e-06 -8.0855e-07 -5.9569e-07 -4.0419e-07 -2.4853e-07 -1.3582e-07 -6.4447e-08 -2.5813e-08 -8.4353e-09 -2.1584e-09 -4.1142e-10 -5.4995e-11 -4.7895e-12 -2.4845e-13 -6.8800e-15 -8.8915e-17 -4.5468e-19 -7.5049e-22 -3.1083e-25 -2.3631e-29 -2.2340e-34 -1.6134e-40 -4.8281e-48 -2.7670e-57 -1.1420e-68 -9.7678e-83 -3.5136e-100 -6.8215e-122 -5.0057e-149 -4.3423e-183 -4.7263e-226 -1.5905e-280 -0.0000e+00 -0.0000e+00 -0.0000e+00 -0.0000e+00 -0.0000e+00 -0.0000e+00 -0.0000e+00 -0.0000e+00 -0.0000e+00 -0.0000e+00 -0.0000e+00 -0.0000e+00 -0.0000e+00 -0.0000e+00 -0.0000e+00 -0.0000e+00 -0.0000e+00 -0.0000e+00 -0.0000e+00 -0.0000e+00 -0.0000e+00 -0.0000e+00 -0.0000e+00 -0.0000e+00 -0.0000e+00 -0.0000e+00 -0.0000e+00 -0.0000e+00 -0.0000e+00 -0.0000e+00 -0.0000e+00 -3.0895e-10 -1.7494e-09 -4.8284e-09 -9.9342e-09 -1.7405e-08 -2.7553e-08 -4.0678e-08 -5.7073e-08 0.0000e+00 -1.0086e-07 -1.2885e-07 -1.6132e-07 -1.9859e-07 -2.4097e-07 -2.8878e-07 -3.4234e-07 -4.0193e-07 -4.6779e-07 -5.4012e-07 -6.1897e-07 -7.0430e-07 -7.9583e-07 -8.9301e-07 -9.9494e-07 -1.1002e-06 -1.2069e-06 -1.3123e-06 -1.4128e-06 -1.5041e-06 -1.5809e-06 -1.6369e-06 -1.6657e-06 -1.6605e-06 -1.6157e-06 -1.5277e-06 -1.3961e-06 -1.2250e-06 -1.0242e-06 -8.0837e-07 -5.9552e-07 -4.0405e-07 -2.4843e-07 -1.3575e-07 -6.4407e-08 -2.5794e-08 -8.4277e-09 -2.1560e-09 -4.1089e-10 -5.4908e-11 -4.7804e-12 -2.4788e-13 -6.8610e-15 -8.8621e-17 -4.5286e-19 -7.4687e-22 -3.0903e-25 -2.3465e-29 -2.2150e-34 -1.5968e-40 -4.7681e-48 -2.7253e-57 -1.1211e-68 -9.5502e-83 -3.4183e-100 -6.5958e-122 -4.8034e-149 -4.1277e-183 -4.4403e-226 -1.4726e-280 -0.0000e+00 -0.0000e+00 -0.0000e+00 -0.0000e+00 -0.0000e+00 -0.0000e+00 -0.0000e+00 -0.0000e+00 -0.0000e+00 -0.0000e+00 -0.0000e+00 -0.0000e+00 -0.0000e+00 -0.0000e+00 -0.0000e+00 -0.0000e+00 -0.0000e+00 -0.0000e+00 -0.0000e+00 -0.0000e+00 -0.0000e+00 -0.0000e+00 -0.0000e+00 -0.0000e+00 -0.0000e+00 -0.0000e+00 -0.0000e+00 -0.0000e+00 -0.0000e+00 -0.0000e+00 -0.0000e+00
-4.0449e-10 -2.2904e-09 -6.3217e-09 -1.3007e-08 -2.2788e-08 -3.6074e-08 -5.3258e-08 -7.4724e-08 -1.0086e-07 4.9867e-06 -1.6870e-07 -2.1121e-07 -2.6000e-07 -3.1549e-07 -3.7809e-07 -4.4822e-07 -5.2624e-07 -6.1247e-07 -7.0716e-07 -8.1041e-07 -9.2213e-07 -1.0420e-06 -1.1692e-06 -1.3027e-06 -1.4405e-06 -1.5802e-06 -1.7182e-06 -1.8498e-06 -1.9694e-06 -2.0700e-06 -2.1434e-06 -2.1811e-06 -2.1744e-06 -2.1159e-06 -2.0007e-06 -1.8284e-06 -1.6045e-06 -1.3416e-06 -1.0589e-06 -7.8022e-07 -5.2944e-07 -3.2558e-07 -1.7795e-07 -8.4449e-08 -3.3830e-08 -1.1057e-08 -2.8300e-09 -5.3961e-10 -7.2156e-11 -6.2868e-12 -3.2629e-13 -9.0412e-15 -1.1694e-16 -5.9851e-19 -9.8899e-22 -4.1017e-25 -3.1234e-29 -2.9585e-34 -2.1418e-40 -6.4280e-48 -3.6970e-57 -1.5325e-68 -1.3177e-82 -4.7708e-100 -9.3362e-122 -6.9182e-149 -6.0737e-183 -6.7087e-226 -2.2987e-280 -0.0000e+00 -0.0000e+00 -0.0000e+00 -0.0000e+00 -0.0000e+00 -0.0000e+00 -0.0000e+00 -0.0000e+00 -0.0000e+00 -0.0000e+00 -0.0000e+00 -0.0000e+00 -0.0000e+00 -0.0000e+00 -0.0000e+00 -0.0000e+00 -0.0000e+00 -0.0000e+00 -0.0000e+00 -0.0000e+00 -0.0000e+00 -0.0000e+00 -0.0000e+00 -0.0000e+00 -0.0000e+00 -0.0000e+00 -0.0000e+00 -0.0000e+00 -0.0000e+00 -0.0000e+00 -0.0000e+00 -4.0449e-10 -2.2904e-09 -6.3217e-09 -1.3007e-08 -2.2788e-08 -3.6074e-08 -5.3258e-08 -7.4724e-08 -1.0086e-07 0.0000e+00 -1.6870e-07 -2.1121e-07 -2.6000e-07 -3.1549e-07 -3.7809e-07 -4.4822e-07 -5.2623e-07 -6.1247e-07 -7.0716e-07 -8.1040e-07 -9.2212e-07 -1.0420e-06 -1.1692e-06 -1.3026e-06 -1.4405e-06 -1.5802e-06 -1.7181e-06 -1.8498e-06 -1.9693e-06 -2.0698e-06 -2.1432e-06 -2.1809e-06 -2.1741e-06 -2.1155e-06 -2.0003e-06 -1.8279e-06 -1.6040e-06 -1.3411e-06 -1.0585e-06 -7.7980e-07 -5.2909e-07 -3.2532e-07 -1.7778e-07 -8.4350e-08 -3.3782e-08 -1.1039e-08 -2.8242e-09 -5.3828e-10 -7.1941e-11 -6.2642e-12 -3.2488e-13 -8.9941e-15 -1.1620e-16 -5.9399e-19 -9.7999e-22 -4.0566e-25 -3.0820e-29 -2.9112e-34 -2.1005e-40 -6.2782e-48 -3.5928e-57 -1.4802e-68 -1.2632e-82 -4.5318e-100 -8.7692e-122 -6.4088e-149 -5.5316e-183 -5.9836e-226 -1.9983e-280 -0.0000e+00 -0.0000e+00 -0.0000e+00 -0.0000e+00 -0.0000e+00 -0.0000e+00 -0.0000e+00 -0.0000e+00 -0.0000e+00 -0.0000e+00 -0.0000e+00 -0.0000e+00 -0.0000e+00 -0.0000e+00 -0.0000e+00 -0.0000e+00 -0.0000e+00 -0.0000e+00 -0.0000e+00 -0.0000e+00 -0.0000e+00 -0.0000e+00 -0.0000e+00 -0.0000e+00 -0.0000e+00 -0.0000e+00 -0.0000e+00 -0.0000e+00 -0.0000e+00 -0.0000e+00 -0.0000e+00
-5.1675e-10 -2.9260e-09 -8.0762e-09 -1.6616e-08 -2.9112e-08 -4.6086e-08 -6.8039e-08 -9.5463e-08 -1.2885e-07 -1.6870e-07 8.9256e-06 -2.6983e-07 -3.3216e-07 -4.0305e-07 -4.8303e-07 -5.7261e-07 -6.7229e-07 -7.8246e-07 -9.0343e-07 -1.0353e-06 -1.1781e-06 -1.3312e-06 -1.4937e-06 -1.6642e-06 -1.8404e-06 -2.0188e-06 -2.1951e-06 -2.3633e-06 -2.5162e-06 -2.6446e-06 -2.7385e-06 -2.7867e-06 -2.7783e-06 -2.7036e-06 -2.5565e-06 -2.3365e-06 -2.0505e-06 -1.7147e-06 -1.3536e-06 -9.9740e-07 -6.7690e-07 -4.1633e-07 -2.2760e-07 -1.0804e-07 -4.3291e-08 -1.4155e-08 -3.6243e-09 -6.9140e-10 -9.2508e-11 -8.0658e-12 -4.1900e-13 -1.1622e-14 -1.5050e-16 -7.7149e-19 -1.2772e-21 -5.3085e-25 -4.0532e-29 -3.8516e-34 -2.7993e-40 -8.4412e-48 -4.8829e-57 -2.0382e-68 -1.7674e-82 -6.4650e-100 -1.2810e-121 -9.6369e-149 -8.6161e-183 -9.7281e-226 -3.4223e-280 -0.0000e+00 -0.0000e+00 -0.0000e+00 -0.0000e+00 -0.0000e+00 -0.0000e+00 -0.0000e+00 -0.0000e+00 -0.0000e+00 -0.0000e+00 -0.0000e+00 -0.0000e+00 -0.0000e+00 -0.0000e+00 -0.0000e+00 -0.0000e+00 -0.0000e+00 -0.0000e+00 -0.0000e+00 -0.0000e+00 -0.0000e+00 -0.0000e+00 -0.0000e+00 -0.0000e+00 -0.0000e+00 -0.0000e+00 -0.0000e+00 -0.0000e+00 -0.0000e+00 -0.0000e+00 -0.0000e+00 -5.1675e-10 -2.9260e-09 -8.0762e-09 -1.6616e-08 -2.9112e-08 -4.6086e-08 -6.8039e-08 -9.5463e-08 -1.2885e-07 -1.6870e-07 0.0000e+00 -2.6983e-07 -3.3216e-07 -4.0305e-07 -4.8303e-07 -5.7261e-07 -6.7228e-07 -7.8245e-07 -9.0342e-07 -1.0353e-06 -1.1780e-06 -1.3311e-06 -1.4937e-06 -1.6642e-06 -1.8403e-06 -2.0187e-06 -2.1950e-06 -2.3632e-06 -2.5159e-06 -2.6443e-06 -2.7381e-06 -2.7862e-06 -2.7776e-06 -2.7028e-06 -2.5556e-06 -2.3355e-06 -2.0494e-06 -1.7136e-06 -1.3525e-06 -9.9643e-07 -6.7611e-07 -4.1574e-07 -2.2720e-07 -1.0781e-07 -4.3182e-08 -1.4112e-08 -3.6110e-09 -6.8834e-10 -9.2016e-11 -8.0141e-12 -4.1576e-13 -1.1514e-14 -1.4882e-16 -7.6112e-19 -1.2565e-21 -5.2052e-25 -3.9583e-29 -3.7431e-34 -2.7043e-40 -8.0964e-48 -4.6427e-57 -1.9175e-68 -1.6415e-82 -5.9109e-100 -1.1491e-121 -8.4472e-149 -7.3439e-183 -8.0160e-226 -2.7075e-280 -0.0000e+00 -0.0000e+00 -0.0000e+00 -0.0000e+00 -0.0000e+00 -0.0000e+00 -0.0000e+00 -0.0000e+00 -0.0000e+00 -0.0000e+00 -0.0000e+00 -0.0000e+00 -0.0000e+00 -0.0000e+00 -0.0000e+00 -0.0000e+00 -0.0000e+00 -0.0000e+00 -0.0000e+00 -0.0000e+00 -0.0000e+00 -0.0000e+00 -0.0000e+00 -0.0000e+00 -0.0000e+00 -0.0000e+00 -0.0000e+00 -0.0000e+00 -0.0000e+00 -0.0000e+00 -0.0000e+00
-6.4697e-10 -3.6634e-09 -1.0111e-08 -2.0804e-08 -3.6448e-08 -5.7700e-08 -8.5184e-08 -1.1952e-07 -1.6132e-07 -2.1121e-07 -2.6983e-07 1.5215e-05 -4.1587e-07 -5.0462e-07 -6.0475e-07 -7.1691e-07 -8.4170e-07 -9.7964e-07 -1.1311e-06 -1.2962e-06 -1.4749e-06 -1.6666e-06 -1.8702e-06 -2.0837e-06 -2.3042e-06 -2.5277e-06 -2.7484e-06 -2.9591e-06 -3.1505e-06 -3.3115e-06 -3.4292e-06 -3.4897e-06 -3.4792e-06 -3.3859e-06 -3.2019e-06 -2.9266e-06 -2.5687e-06 -2.1483e-06 -1.6961e-06 -1.2500e-06 -8.4853e-07 -5.2203e-07 -2.8547e-07 -1.3556e-07 -5.4345e-08 -1.7779e-08 -4.5552e-09 -8.6969e-10 -1.1647e-10 -1.0167e-11 -5.2887e-13 -1.4694e-14 -1.9067e-16 -9.7970e-19 -1.6265e-21 -6.7840e-25 -5.2014e-29 -4.9676e-34 -3.6322e-40 -1.1033e-47 -6.4381e-57 -2.7158e-68 -2.3849e-82 -8.8567e-100 -1.7869e-121 -1.3735e-148 -1.2596e-182 -1.4655e-225 -5.3397e-280 -0.0000e+00 -0.0000e+00 -0.0000e+00 -0.0000e+00 -0.0000e+00 -0.0000e+00 -0.0000e+00 -0.0000e+00 -0.0000e+00 -0.0000e+00 -0.0000e+00 -0.0000e+00 -0.0000e+00 -0.0000e+00 -0.0000e+00 -0.0000e+00 -0.0000e+00 -0.0000e+00 -0.0000e+00 -0.0000e+00 -0.0000e+00 -0.0000e+00 -0.0000e+00 -0.0000e+00 -0.0000e+00 -0.0000e+00 -0.0000e+00 -0.0000e+00 -0.0000e+00 -0.0000e+00 -0.0000e+00 -6.4697e-10 -3.6634e-09 -1.0111e-08 -2.0804e-08 -3.6448e-08 -5.7700e-08 -8.5184e-08 -1.1952e-07 -1.6132e-07 -2.1121e-07 -2.6983e-07 0.0000e+00 -4.1587e-07 -5.0462e-07 -6.0475e-07 -7.1691e-07 -8.4170e-07 -9.7963e-07 -1.1311e-06 -1.2962e-06 -1.4749e-06 -1.6666e-06 -1.8701e-06 -2.0836e-06 -2.3041e-06 -2.5275e-06 -2.7482e-06 -2.9588e-06 -3.1500e-06 -3.3108e-06 -3.4283e-06 -3.4886e-06 -3.4779e-06 -3.3843e-06 -3.2000e-06 -2.9244e-06 -2.5664e-06 -2.1459e-06 -1.6938e-06 -1.2480e-06 -8.4684e-07 -5.2076e-07 -2.8463e-07 -1.3508e-07 -5.4112e-08 -1.7687e-08 -4.5268e-09 -8.6315e-10 -1.1542e-10 -1.0056e-11 -5.2196e-13 -1.4463e-14 -1.8707e-16 -9.5750e-19 -1.5823e-21 -6.5626e-25 -4.9978e-29 -4.7344e-34 -3.4279e-40 -1.0290e-47 -5.9193e-57 -2.4544e-68 -2.1112e-82 -7.6476e-100 -1.4977e-121 -1.1110e-148 -9.7674e-183 -1.0811e-225 -3.7152e-280 -0.0000e+00 -0.0000e+00 -0.0000e+00 -0.0000e+00 -0.0000e+00 -0.0000e+00 -0.0000e+00 -0.0000e+00 -0.0000e+00 -0.0000e+00 -0.0000e+00 -0.0000e+00 -0.0000e+00 -0.0000e+00 -0.0000e+00 -0.0000e+00 -0.0000e+00 -0.0000e+00 -0.0000e+00 -0.0000e+00 -0.0000e+00 -0.0000e+00 -0.0000e+00 -0.0000e+00 -0.0000e+00 -0.0000e+00 -0.0000e+00 -0.0000e+00 -0.0000e+00 -0.0000e+00 -0.0000e+00
-7.9643e-10 -4.5096e-09 -1.2447e-08 -2.5609e-08 -4.4868e-08 -7.1028e-08 -1.0486e-07 -1.4713e-07 -1.9859e-07 -2.6000e-07 -3.3216e-07 -4.1587e-07 2.4900e-05 -6.2119e-07 -7.4445e-07 -8.8252e-07 -1.0361e-06 -1.2059e-06 -1.3924e-06 -1.5957e-06 -1.8157e-06 -2.0517e-06 -2.3023e-06 -2.5651e-06 -2.8366e-06 -3.1118e-06 -3.3836e-06 -3.6431e-06 -3.8789e-06 -4.0772e-06 -4.2223e-06 -4.2971e-06 -4.2845e-06 -4.1699e-06 -3.9438e-06 -3.6051e-06 -3.1648e-06 -2.6473e-06 -2.0905e-06 -1.5412e-06 -1.0465e-06 -6.4410e-07 -3.5240e-07 -1.6744e-07 -6.7173e-08 -2.1994e-08 -5.6410e-09 -1.0783e-09 -1.4462e-10 -1.2646e-11 -6.5921e-13 -1.8361e-14 -2.3897e-16 -1.2323e-18 -2.0548e-21 -8.6148e-25 -6.6461e-29 -6.3946e-34 -4.7172e-40 -1.4480e-47 -8.5568e-57 -3.6638e-68 -3.2746e-82 -1.2416e-99 -2.5667e-121 -2.0295e-148 -1.9234e-182 -2.3238e-225 -8.8400e-280 -0.0000e+00 -0.0000e+00 -0.0000e+00 -0.0000e+00 -0.0000e+00 -0.0000e+00 -0.0000e+00 -0.0000e+00 -0.0000e+00 -0.0000e+00 -0.0000e+00 -0.0000e+00 -0.0000e+00 -0.0000e+00 -0.0000e+00 -0.0000e+00 -0.0000e+00 -0.0000e+00 -0.0000e+00 -0.0000e+00 -0.0000e+00 -0.0000e+00 -0.0000e+00 -0.0000e+00 -0.0000e+00 -0.0000e+00 -0.0000e+00 -0.0000e+00 -0.0000e+00 -0.0000e+00 -0.0000e+00 -7.9643e-10 -4.5096e-09 -1.2447e-08 -2.5609e-08 -4.4868e-08 -7.1028e-08 -1.0486e-07 -1.4713e-07 -1.9859e-07 -2.6000e-07 -3.3216e-07 -4.1587e-07 0.0000e+00 -6.2119e-07 -7.4445e-07 -8.8252e-07 -1.0361e-06 -1.2059e-06 -1.3924e-06 -1.5957e-06 -1.8156e-06 -2.0516e-06 -2.3021e-06 -2.5649e-06 -2.8364e-06 -3.1114e-06 -3.3831e-06 -3.6424e-06 -3.8779e-06 -4.0759e-06 -4.2206e-06 -4.2949e-06 -4.2818e-06 -4.1667e-06 -3.9400e-06 -3.6008e-06 -3.1601e-06 -2.6425e-06 -2.0859e-06 -1.5370e-06 -1.0431e-06 -6.4155e-07 -3.5071e-07 -1.6647e-07 -6.6703e-08 -2.1809e-08 -5.5836e-09 -1.0651e-09 -1.4250e-10 -1.2423e-11 -6.4525e-13 -1.7895e-14 -2.3169e-16 -1.1874e-18 -1.9652e-21 -8.1656e-25 -6.2324e-29 -5.9199e-34 -4.3003e-40 -1.2960e-47 -7.4918e-57 -3.1250e-68 -2.7076e-82 -9.8960e-100 -1.9594e-121 -1.4731e-148 -1.3167e-182 -1.4874e-225 -5.2412e-280 -0.0000e+00 -0.0000e+00 -0.0000e+00 -0.0000e+00 -0.0000e+00 -0.0000e+00 -0.0000e+00 -0.0000e+00 -0.0000e+00 -0.0000e+00 -0.0000e+00 -0.0000e+00 -0.0000e+00 -0.0000e+00 -0.0000e+00 -0.0000e+00 -0.0000e+00 -0.0000e+00 -0.0000e+00 -0.0000e+00 -0.0000e+00 -0.0000e+00 -0.0000e+00 -0.0000e+00 -0.0000e+00 -0.0000e+00 -0.0000e+00 -0.0000e+00 -0.0000e+00 -0.0000e+00 -0.0000e+00
-9.6639e-10 -5.4720e-09 -1.5104e-08 -3.1075e-08 -5.4443e-08 -8.6186e-08 -1.2724e-07 -1.7853e-07 -2.4097e-07 -3.1549e-07 -4.0305e-07 -5.0462e-07 -6.2119e-07 3.9363e-05 -9.0333e-07 -1.0709e-06 -1.2573e-06 -1.4633e-06 -1.6896e-06 -1.9363e-06 -2.2032e-06 -2.4896e-06 -2.7937e-06 -3.1127e-06 -3.4423e-06 -3.7763e-06 -4.1063e-06 -4.4214e-06 -4.7077e-06 -4.9487e-06 -5.1252e-06 -5.2164e-06 -5.2018e-06 -5.0633e-06 -4.7895e-06 -4.3791e-06 -3.8451e-06 -3.2173e-06 -2.5416e-06 -1.8745e-06 -1.2735e-06 -7.8426e-07 -4.2940e-07 -2.0420e-07 -8.2007e-08 -2.6885e-08 -6.9057e-09 -1.3224e-09 -1.7775e-10 -1.5583e-11 -8.1479e-13 -2.2778e-14 -2.9776e-16 -1.5435e-18 -2.5898e-21 -1.0938e-24 -8.5132e-29 -8.2768e-34 -6.1813e-40 -1.9252e-47 -1.1572e-56 -5.0541e-68 -4.6226e-82 -1.8000e-99 -3.8366e-121 -3.1412e-148 -3.0969e-182 -3.9121e-225 -1.5646e-279 -0.0000e+00 -0.0000e+00 -0.0000e+00 -0.0000e+00 -0.0000e+00 -0.0000e+00 -0.0000e+00 -0.0000e+00 -0.0000e+00 -0.0000e+00 -0.0000e+00 -0.0000e+00 -0.0000e+00 -0.0000e+00 -0.0000e+00 -0.0000e+00 -0.0000e+00 -0.0000e+00 -0.0000e+00 -0.0000e+00 -0.0000e+00 -0.0000e+00 -0.0000e+00 -0.0000e+00 -0.0000e+00 -0.0000e+00 -0.0000e+00 -0.0000e+00 -0.0000e+00 -0.0000e+00 -0.0000e+00 -9.6639e-10 -5.4720e-09 -1.5104e-08 -3.1075e-08 -5.4443e-08 -8.6186e-08 -1.2724e-07 -1.7853e-07 -2.4097e-07 -3.1549e-07 -4.0305e-07 -5.0462e-07 -6.2119e-07 0.0000e+00 -9.0332e-07 -1.0709e-06 -1.2573e-06 -1.4633e-06 -1.6895e-06 -1.9362e-06 -2.2031e-06 -2.4895e-06 -2.7935e-06 -3.1124e-06 -3.4418e-06 -3.7755e-06 -4.1053e-06 -4.4200e-06 -4.7058e-06 -4.9462e-06 -5.1219e-06 -5.2122e-06 -5.1966e-06 -5.0570e-06 -4.7822e-06 -4.3708e-06 -3.8362e-06 -3.2082e-06 -2.5327e-06 -1.8665e-06 -1.2669e-06 -7.7937e-07 -4.2615e-07 -2.0234e-07 -8.1104e-08 -2.6528e-08 -6.7955e-09 -1.2971e-09 -1.7366e-10 -1.5153e-11 -7.8788e-13 -2.1879e-14 -2.8371e-16 -1.4567e-18 -2.4163e-21 -1.0067e-24 -7.7092e-29 -7.3519e-34 -5.3663e-40 -1.6268e-47 -9.4713e-57 -3.9850e-68 -3.4894e-82 -1.2919e-99 -2.5982e-121 -1.9911e-148 -1.8217e-182 -2.1168e-225 -7.7203e-280 -0.0000e+00 -0.0000e+00 -0.0000e+00 -0.0000e+00 -0.0000e+00 -0.0000e+00 -0.0000e+00 -0.0000e+00 -0.0000e+00 -0.0000e+00 -0.0000e+00 -0.0000e+00 -0.0000e+00 -0.0000e+00 -0.0000e+00 -0.0000e+00 -0.0000e+00 -0.0000e+00 -0.0000e+00 -0.0000e+00 -0.0000e+00 -0.0000e+00 -0.0000e+00 -0.0000e+00 -0.0000e+00 -0.0000e+00 -0.0000e+00 -0.0000e+00 -0.0000e+00 -0.0000e+00 -0.0000e+00
-1.1582e-09 -6.5579e-09 -1.8101e-08 -3.7241e-08 -6.5246e-08 -1.0329e-07 -1.5249e-07 -2.1395e-07 -2.8878e-07 -3.7809e-07 -4.8303e-07 -6.0475e-07 -7.4445e-07 -9.0333e-07 6.0410e-05 -1.2834e-06 -1.5068e-06 -1.7537e-06 -2.0249e-06 -2.3206e-06 -2.6405e-06 -2.9838e-06 -3.3483e-06 -3.7307e-06 -4.1258e-06 -4.5263e-06 -4.9221e-06 -5.3001e-06 -5.6437e-06 -5.9332e-06 -6.1454e-06 -6.2556e-06 -6.2390e-06 -6.0741e-06 -5.7470e-06 -5.2560e-06 -4.6167e-06 -3.8645e-06 -3.0544e-06 -2.2540e-06 -1.5325e-06 -9.4460e-07 -5.1773e-07 -2.4652e-07 -9.9152e-08 -3.2564e-08 -8.3825e-09 -1.6094e-09 -2.1698e-10 -1.9092e-11 -1.0027e-12 -2.8176e-14 -3.7059e-16 -1.9351e-18 -3.2749e-21 -1.3973e-24 -1.1006e-28 -1.0851e-33 -8.2363e-40 -2.6141e-47 -1.6058e-56 -7.1909e-68 -6.7667e-82 -2.7211e-99 -6.0140e-121 -5.1280e-148 -5.2903e-182 -7.0296e-225 -2.9750e-279 -0.0000e+00 -0.0000e+00 -0.0000e+00 -0.0000e+00 -0.0000e+00 -0.0000e+00 -0.0000e+00 -0.0000e+00 -0.0000e+00 -0.0000e+00 -0.0000e+00 -0.0000e+00 -0.0000e+00 -0.0000e+00 -0.0000e+00 -0.0000e+00 -0.0000e+00 -0.0000e+00 -0.0000e+00 -0.0000e+00 -0.0000e+00 -0.0000e+00 -0.0000e+00 -0.0000e+00 -0.0000e+00 -0.0000e+00 -0.0000e+00 -0.0000e+00 -0.0000e+00 -0.0000e+00 -0.0000e+00 -1.1582e-09 -6.5579e-09 -1.8101e-08 -3.7241e-08 -6.5246e-08 -1.0329e-07 -1.5249e-07 -2.1395e-07 -2.8878e-07 -3.7809e-07 -4.8303e-07 -6.0475e-07 -7.4445e-07 -9.0332e-07 0.0000e+00 -1.2834e-06 -1.5067e-06 -1.7537e-06 -2.0248e-06 -2.3204e-06 -2.6403e-06 -2.9835e-06 -3.3479e-06 -3.7301e-06 -4.1249e-06 -4.5250e-06 -4.9202e-06 -5.2975e-06 -5.6402e-06 -5.9285e-06 -6.1393e-06 -6.2479e-06 -6.2294e-06 -6.0625e-06 -5.7334e-06 -5.2408e-06 -4.6002e-06 -3.8477e-06 -3.0381e-06 -2.2394e-06 -1.5204e-06 -9.3559e-07 -5.1176e-07 -2.4309e-07 -9.7488e-08 -3.1907e-08 -8.1793e-09 -1.5626e-09 -2.0943e-10 -1.8298e-11 -9.5287e-13 -2.6509e-14 -3.4453e-16 -1.7737e-18 -2.9517e-21 -1.2346e-24 -9.4990e-29 -9.1105e-34 -6.6959e-40 -2.0468e-47 -1.2037e-56 -5.1267e-68 -4.5559e-82 -1.7170e-99 -3.5285e-121 -2.7751e-148 -2.6196e-182 -3.1605e-225 -1.2056e-279 -0.0000e+00 -0.0000e+00 -0.0000e+00 -0.0000e+00 -0.0000e+00 -0.0000e+00 -0.0000e+00 -0.0000e+00 -0.0000e+00 -0.0000e+00 -0.0000e+00 -0.0000e+00 -0.0000e+00 -0.0000e+00 -0.0000e+00 -0.0000e+00 -0.0000e+00 -0.0000e+00 -0.0000e+00 -0.0000e+00 -0.0000e+00 -0.0000e+00 -0.0000e+00 -0.0000e+00 -0.0000e+00 -0.0000e+00 -0.0000e+00 -0.0000e+00 -0.0000e+00 -0.0000e+00 -0.0000e+00
-1.3730e-09 -7.7741e-09 -2.1458e-08 -4.4148e-08 -7.7347e-08 -1.2244e-07 -1.8077e-07 -2.5363e-07 -3.4234e-07 -4.4822e-07 -5.7261e-07 -7.1691e-07 -8.8252e-07 -1.0709e-06 -1.2834e-06 9.0360e-05 -1.7863e-06 -2.0790e-06 -2.4005e-06 -2.7510e-06 -3.1304e-06 -3.5374e-06 -3.9697e-06 -4.4232e-06 -4.8919e-06 -5.3669e-06 -5.8366e-06 -6.2853e-06 -6.6935e-06 -7.0376e-06 -7.2905e-06 -7.4226e-06 -7.4045e-06 -7.2108e-06 -6.8248e-06 -6.2443e-06 -5.4874e-06 -4.5961e-06 -3.6352e-06 -2.6850e-06 -1.8274e-06 -1.1278e-06 -6.1903e-07 -2.9528e-07 -1.1902e-07 -3.9187e-08 -1.0118e-08 -1.9496e-09 -2.6397e-10 -2.3345e-11 -1.2333e-12 -3.4904e-14 -4.6292e-16 -2.4410e-18 -4.1786e-21 -1.8068e-24 -1.4453e-28 -1.4505e-33 -1.1238e-39 -3.6511e-47 -2.3029e-56 -1.0624e-67 -1.0336e-81 -4.3137e-99 -9.9354e-121 -8.8688e-148 -9.6267e-182 -1.3537e-224 -6.1044e-279 -0.0000e+00 -0.0000e+00 -0.0000e+00 -0.0000e+00 -0.0000e+00 -0.0000e+00 -0.0000e+00 -0.0000e+00 -0.0000e+00 -0.0000e+00 -0.0000e+00 -0.0000e+00 -0.0000e+00 -0.0000e+00 -0.0000e+00 -0.0000e+00 -0.0000e+00 -0.0000e+00 -0.0000e+00 -0.0000e+00 -0.0000e+00 -0.0000e+00 -0.0000e+00 -0.0000e+00 -0.0000e+00 -0.0000e+00 -0.0000e+00 -0.0000e+00 -0.0000e+00 -0.0000e+00 -0.0000e+00 -1.3730e-09 -7.7741e-09 -2.1458e-08 -4.4148e-08 -7.7347e-08 -1.2244e-07 -1.8077e-07 -2.5363e-07 -3.4234e-07 -4.4822e-07 -5.7261e-07 -7.1691e-07 -8.8252e-07 -1.0709e-06 -1.2834e-06 0.0000e+00 -1.7862e-06 -2.0789e-06 -2.4003e-06 -2.7508e-06 -3.1301e-06 -3.5369e-06 -3.9689e-06 -4.4221e-06 -4.8902e-06 -5.3646e-06 -5.8333e-06 -6.2807e-06 -6.6873e-06 -7.0294e-06 -7.2797e-06 -7.4089e-06 -7.3875e-06 -7.1903e-06 -6.8008e-06 -6.2172e-06 -5.4582e-06 -4.5662e-06 -3.6064e-06 -2.6591e-06 -1.8060e-06 -1.1118e-06 -6.0842e-07 -2.8918e-07 -1.1606e-07 -3.8018e-08 -9.7561e-09 -1.8662e-09 -2.5050e-10 -2.1926e-11 -1.1443e-12 -3.1918e-14 -4.1613e-16 -2.1505e-18 -3.5950e-21 -1.5119e-24 -1.1709e-28 -1.1320e-33 -8.3993e-40 -2.5971e-47 -1.5485e-56 -6.7054e-68 -6.0782e-82 -2.3458e-99 -4.9597e-121 -4.0350e-148 -3.9652e-182 -5.0172e-225 -2.0245e-279 -0.0000e+00 -0.0000e+00 -0.0000e+00 -0.0000e+00 -0.0000e+00 -0.0000e+00 -0.0000e+00 -0.0000e+00 -0.0000e+00 -0.0000e+00 -0.0000e+00 -0.0000e+00 -0.0000e+00 -0.0000e+00 -0.0000e+00 -0.0000e+00 -0.0000e+00 -0.0000e+00 -0.0000e+00 -0.0000e+00 -0.0000e+00 -0.0000e+00 -0.0000e+00 -0.0000e+00 -0.0000e+00 -0.0000e+00 -0.0000e+00 -0.0000e+00 -0.0000e+00 -0.0000e+00 -0.0000e+00
