2.9262e-08 -2.0710e-08 -3.8092e-08 -5.8746e-08 -8.2278e-08 -1.0844e-07 -1.3708e-07 -1.6809e-07 -2.0139e-07 -2.3694e-07 -2.7472e-07 -3.1473e-07 -3.5698e-07 -4.0148e-07 -4.4828e-07 -4.9741e-07 -5.4892e-07 -6.0286e-07 -6.5929e-07 -7.1827e-07 -7.7987e-07 -8.4415e-07 -9.1118e-07 -9.8102e-07 -1.0537e-06 -1.1294e-06 -1.2079e-06 -1.2895e-06 -1.3741e-06 -1.4616e-06 -1.5521e-06 -1.6455e-06 -1.7417e-06 -1.8404e-06 -1.9415e-06 -2.0447e-06 -2.1496e-06 -2.2557e-06 -2.3625e-06 -2.4691e-06 -2.5747e-06 -2.6783e-06 -2.7786e-06 -2.8740e-06 -2.9629e-06 -3.0434e-06 -3.1132e-06 -3.1697e-06 -3.2104e-06 -3.2322e-06 -3.2320e-06 -3.2069e-06 -3.1538e-06 -3.0700e-06 -2.9534e-06 -2.8030e-06 -2.6187e-06 -2.4023e-06 -2.1575e-06 -1.8901e-06 -1.6085e-06 -1.3229e-06 -1.0452e-06 -7.8749e-07 -5.6076e-07 -3.7335e-07 -2.2936e-07 -1.2792e-07 -6.3484e-08 -2.7341e-08 -9.9050e-09 -2.9017e-09 -6.5390e-10 -1.0633e-10 -1.1486e-11 -7.4038e-13 -2.4720e-14 -3.5428e-16 -1.6927e-18 -1.9111e-21 -3.1696e-25 -3.9661e-30 -1.4480e-36 -3.8811e-45 -9.8722e-57 -1.0684e-72 -3.9024e-95 -2.0465e-127 -3.8802e-175 -5.6244e-248 0.0000e+00 0.0000e+00 0.0000e+00 0.0000e+00 0.0000e+00 0.0000e+00 0.0000e+00 0.0000e+00 0.0000e+00 0.0000e+00 0.0000e+00 2.0710e-08 3.8092e-08 5.8746e-08 8.2278e-08 1.0844e-07 1.3708e-07 1.6809e-07 2.0139e-07 2.3694e-07 2.7472e-07 3.1473e-07 3.5698e-07 4.0148e-07 4.4828e-07 4.9741e-07 5.4892e-07 6.0286e-07 6.5929e-07 7.1827e-07 7.7987e-07 8.4415e-07 9.1118e-07 9.8102e-07 1.0537e-06 1.1294e-06 1.2079e-06 1.2895e-06 1.3741e-06 1.4616e-06 1.5521e-06 1.6455e-06 1.7417e-06 1.8404e-06 1.9415e-06 2.0447e-06 2.1496e-06 2.2557e-06 2.3625e-06 2.4691e-06 2.5747e-06 2.6783e-06 2.7786e-06 2.8740e-06 2.9629e-06 3.0434e-06 3.1132e-06 3.1697e-06 3.2104e-06 3.2322e-06 3.2320e-06 3.2069e-06 3.1538e-06 3.0700e-06 2.9534e-06 2.8030e-06 2.6187e-06 2.4023e-06 2.1575e-06 1.8901e-06 1.6085e-06 1.3229e-06 1.0452e-06 7.8749e-07 5.6076e-07 3.7335e-07 2.2936e-07 1.2792e-07 6.3484e-08 2.7341e-08 9.9050e-09 2.9017e-09 6.5390e-10 1.0633e-10 1.1486e-11 7.4037e-13 2.4720e-14 3.5428e-16 1.6927e-18 1.9111e-21 3.1696e-25 3.9661e-30 1.4480e-36 3.8811e-45 9.8721e-57 1.0684e-72 3.9024e-95 2.0464e-127 3.8801e-175 5.6242e-248 0.0000e+00 0.0000e+00 0.0000e+00 0.0000e+00 0.0000e+00 0.0000e+00 0.0000e+00 0.0000e+00 0.0000e+00 0.0000e+00
-2.0710e-08 4.7796e-07 -1.0782e-07 -1.6628e-07 -2.3289e-07 -3.0695e-07 -3.8801e-07 -4.7577e-07 -5.7002e-07 -6.7065e-07 -7.7759e-07 -8.9084e-07 -1.0104e-06 -1.1364e-06 -1.2689e-06 -1.4079e-06 -1.5537e-06 -1.7064e-06 -1.8661e-06 -2.0331e-06 -2.2074e-06 -2.3894e-06 -2.5791e-06 -2.7768e-06 -2.9826e-06 -3.1966e-06 -3.4190e-06 -3.6499e-06 -3.8893e-06 -4.1371e-06 -4.3933e-06 -4.6576e-06 -4.9298e-06 -5.2093e-06 -5.4955e-06 -5.7876e-06 -6.0845e-06 -6.3848e-06 -6.6870e-06 -6.9888e-06 -7.2877e-06 -7.5809e-06 -7.8646e-06 -8.1348e-06 -8.3866e-06 -8.6143e-06 -8.8118e-06 -8.9719e-06 -9.0869e-06 -9.1486e-06 -9.1482e-06 -9.0770e-06 -8.9266e-06 -8.6895e-06 -8.3596e-06 -7.9338e-06 -7.4122e-06 -6.7997e-06 -6.1067e-06 -5.3499e-06 -4.5528e-06 -3.7446e-06 -2.9585e-06 -2.2290e-06 -1.5872e-06 -1.0568e-06 -6.4921e-07 -3.6208e-07 -1.7969e-07 -7.7390e-08 -2.8036e-08 -8.2134e-09 -1.8509e-09 -3.0096e-10 -3.2512e-11 -2.0956e-12 -6.9970e-14 -1.0028e-15 -4.7913e-18 -5.4094e-21 -8.9718e-25 -1.1227e-29 -4.0988e-36 -1.0986e-44 -2.7946e-56 -3.0244e-72 -1.1048e-94 -5.7939e-127 -1.0987e-174 -1.5927e-247 0.0000e+00 0.0000e+00 0.0000e+00 0.0000e+00 0.0000e+00 0.0000e+00 0.0000e+00 0.0000e+00 0.0000e+00 0.0000e+00 2.0710e-08 0.0000e+00 1.0782e-07 1.6628e-07 2.3289e-07 3.0695e-07 3.8801e-07 4.7577e-07 5.7002e-07 6.7065e-07 7.7759e-07 8.9084e-07 1.0104e-06 1.1364e-06 1.2689e-06 1.4079e-06 1.5537e-06 1.7064e-06 1.8661e-06 2.0331e-06 2.2074e-06 2.3894e-06 2.5791e-06 2.7768e-06 2.9826e-06 3.1966e-06 3.4190e-06 3.6499e-06 3.8893e-06 4.1371e-06 4.3933e-06 4.6576e-06 4.9298e-06 5.2093e-06 5.4955e-06 5.7876e-06 6.0845e-06 6.3848e-06 6.6870e-06 6.9888e-06 7.2877e-06 7.5809e-06 7.8646e-06 8.1348e-06 8.3866e-06 8.6143e-06 8.8118e-06 8.9719e-06 9.0869e-06 9.1486e-06 9.1482e-06 9.0770e-06 8.9266e-06 8.6895e-06 8.3596e-06 7.9338e-06 7.4122e-06 6.7997e-06 6.1066e-06 5.3499e-06 4.5528e-06 3.7446e-06 2.9585e-06 2.2290e-06 1.5872e-06 1.0568e-06 6.4921e-07 3.6208e-07 1.7969e-07 7.7389e-08 2.8036e-08 8.2133e-09 1.8509e-09 3.0095e-10 3.2512e-11 2.0956e-12 6.9969e-14 1.0028e-15 4.7912e-18 5.4092e-21 8.9714e-25 1.1226e-29 4.0985e-36 1.0985e-44 2.7943e-56 3.0240e-72 1.1046e-94 5.7923e-127 1.0983e-174 1.5919e-247 0.0000e+00 0.0000e+00 0.0000e+00 0.0000e+00 0.0000e+00 0.0000e+00 0.0000e+00 0.0000e+00 0.0000e+00 0.0000e+00
-3.8092e-08 -1.0782e-07 2.4236e-06 -3.0584e-07 -4.2836e-07 -5.6458e-07 -7.1368e-07 -8.7510e-07 -1.0485e-06 -1.2335e-06 -1.4302e-06 -1.6385e-06 -1.8585e-06 -2.0902e-06 -2.3338e-06 -2.5896e-06 -2.8578e-06 -3.1386e-06 -3.4324e-06 -3.7395e-06 -4.0602e-06 -4.3948e-06 -4.7438e-06 -5.1074e-06 -5.4859e-06 -5.8796e-06 -6.2888e-06 -6.7135e-06 -7.1537e-06 -7.6096e-06 -8.0808e-06 -8.5670e-06 -9.0675e-06 -9.5816e-06 -1.0108e-05 -1.0645e-05 -1.1191e-05 -1.1744e-05 -1.2300e-05 -1.2855e-05 -1.3405e-05 -1.3944e-05 -1.4466e-05 -1.4963e-05 -1.5426e-05 -1.5845e-05 -1.6208e-05 -1.6502e-05 -1.6714e-05 -1.6827e-05 -1.6827e-05 -1.6696e-05 -1.6419e-05 -1.5983e-05 -1.5376e-05 -1.4593e-05 -1.3634e-05 -1.2507e-05 -1.1232e-05 -9.8404e-06 -8.3742e-06 -6.8876e-06 -5.4418e-06 -4.0999e-06 -2.9195e-06 -1.9438e-06 -1.1941e-06 -6.6601e-07 -3.3052e-07 -1.4235e-07 -5.1570e-08 -1.5108e-08 -3.4045e-09 -5.5359e-10 -5.9804e-11 -3.8549e-12 -1.2871e-13 -1.8447e-15 -8.8139e-18 -9.9512e-21 -1.6505e-24 -2.0654e-29 -7.5411e-36 -2.0215e-44 -5.1425e-56 -5.5663e-72 -2.0337e-94 -1.0668e-126 -2.0239e-174 -2.9359e-247 0.0000e+00 0.0000e+00 0.0000e+00 0.0000e+00 0.0000e+00 0.0000e+00 0.0000e+00 0.0000e+00 0.0000e+00 0.0000e+00 3.8092e-08 1.0782e-07 0.0000e+00 3.0584e-07 4.2836e-07 5.6458e-07 7.1368e-07 8.7510e-07 1.0485e-06 1.2335e-06 1.4302e-06 1.6385e-06 1.8585e-06 2.0902e-06 2.3338e-06 2.5896e-06 2.8578e-06 3.1386e-06 3.4324e-06 3.7395e-06 4.0602e-06 4.3948e-06 4.7438e-06 5.1074e-06 5.4859e-06 5.8796e-06 6.2888e-06 6.7135e-06 7.1537e-06 7.6096e-06 8.0808e-06 8.5670e-06 9.0675e-06 9.5816e-06 1.0108e-05 1.0645e-05 1.1191e-05 1.1744e-05 1.2300e-05 1.2855e-05 1.3405e-05 1.3944e-05 1.4466e-05 1.4963e-05 1.5426e-05 1.5845e-05 1.6208e-05 1.6502e-05 1.6714e-05 1.6827e-05 1.6827e-05 1.6696e-05 1.6419e-05 1.5983e-05 1.5376e-05 1.4593e-05 1.3634e-05 1.2507e-05 1.1232e-05 9.8403e-06 8.3742e-06 6.8875e-06 5.4417e-06 4.0998e-06 2.9194e-06 1.9437e-06 1.1941e-06 6.6599e-07 3.3051e-07 1.4235e-07 5.1568e-08 1.5107e-08 3.4044e-09 5.5356e-10 5.9800e-11 3.8545e-12 1.2870e-13 1.8444e-15 8.8126e-18 9.9494e-21 1.6502e-24 2.0648e-29 7.5385e-36 2.0206e-44 5.1396e-56 5.5621e-72 2.0317e-94 1.0654e-126 2.0201e-174 2.9281e-247 0.0000e+00 0.0000e+00 0.0000e+00 0.0000e+00 0.0000e+00 0.0000e+00 0.0000e+00 0.0000e+00 0.0000e+00 0.0000e+00
-5.8746e-08 -1.6628e-07 -3.0584e-07 7.6772e-06 -6.6062e-07 -8.7071e-07 -1.1006e-06 -1.3496e-06 -1.6169e-06 -1.9024e-06 -2.2057e-06 -2.5270e-06 -2.8662e-06 -3.2235e-06 -3.5993e-06 -3.9937e-06 -4.4073e-06 -4.8404e-06 -5.2935e-06 -5.7670e-06 -6.2616e-06 -6.7777e-06 -7.3159e-06 -7.8767e-06 -8.4604e-06 -9.0676e-06 -9.6986e-06 -1.0354e-05 -1.1033e-05 -1.1736e-05 -1.2462e-05 -1.3212e-05 -1.3984e-05 -1.4777e-05 -1.5589e-05 -1.6417e-05 -1.7260e-05 -1.8112e-05 -1.8969e-05 -1.9825e-05 -2.0673e-05 -2.1504e-05 -2.2309e-05 -2.3076e-05 -2.3790e-05 -2.4436e-05 -2.4996e-05 -2.5450e-05 -2.5776e-05 -2.5951e-05 -2.5950e-05 -2.5748e-05 -2.5322e-05 -2.4649e-05 -2.3714e-05 -2.2506e-05 -2.1026e-05 -1.9289e-05 -1.7323e-05 -1.5176e-05 -1.2915e-05 -1.0622e-05 -8.3925e-06 -6.3230e-06 -4.5026e-06 -2.9978e-06 -1.8417e-06 -1.0272e-06 -5.0976e-07 -2.1955e-07 -7.9537e-08 -2.3301e-08 -5.2511e-09 -8.5386e-10 -9.2245e-11 -5.9461e-12 -1.9854e-13 -2.8456e-15 -1.3597e-17 -1.5353e-20 -2.5467e-24 -3.1872e-29 -1.1639e-35 -3.1205e-44 -7.9407e-56 -8.5982e-72 -3.1431e-94 -1.6501e-126 -3.1339e-174 -4.5539e-247 0.0000e+00 0.0000e+00 0.0000e+00 0.0000e+00 0.0000e+00 0.0000e+00 0.0000e+00 0.0000e+00 0.0000e+00 0.0000e+00 5.8746e-08 1.6628e-07 3.0584e-07 0.0000e+00 6.6062e-07 8.7071e-07 1.1006e-06 1.3496e-06 1.6169e-06 1.9024e-06 2.2057e-06 2.5270e-06 2.8662e-06 3.2235e-06 3.5993e-06 3.9937e-06 4.4073e-06 4.8404e-06 5.2935e-06 5.7670e-06 6.2616e-06 6.7777e-06 7.3159e-06 7.8767e-06 8.4604e-06 9.0676e-06 9.6986e-06 1.0354e-05 1.1033e-05 1.1736e-05 1.2462e-05 1.3212e-05 1.3984e-05 1.4777e-05 1.5589e-05 1.6417e-05 1.7259e-05 1.8111e-05 1.8968e-05 1.9825e-05 2.0673e-05 2.1504e-05 2.2309e-05 2.3076e-05 2.3790e-05 2.4436e-05 2.4996e-05 2.5450e-05 2.5776e-05 2.5951e-05 2.5950e-05 2.5748e-05 2.5322e-05 2.4649e-05 2.3713e-05 2.2505e-05 2.1026e-05 1.9288e-05 1.7322e-05 1.5176e-05 1.2915e-05 1.0622e-05 8.3922e-06 6.3228e-06 4.5024e-06 2.9976e-06 1.8416e-06 1.0271e-06 5.0971e-07 2.1953e-07 7.9528e-08 2.3298e-08 5.2502e-09 8.5370e-10 9.2224e-11 5.9445e-12 1.9848e-13 2.8445e-15 1.3591e-17 1.5344e-20 2.5449e-24 3.1844e-29 1.1626e-35 3.1162e-44 7.9263e-56 8.5779e-72 3.1332e-94 1.6431e-126 3.1154e-174 4.5157e-247 0.0000e+00 0.0000e+00 0.0000e+00 0.0000e+00 0.0000e+00 0.0000e+00 0.0000e+00 0.0000e+00 0.0000e+00 0.0000e+00
-8.2278e-08 -2.3289e-07 -4.2836e-07 -6.6062e-07 1.8798e-05 -1.2195e-06 -1.5415e-06 -1.8902e-06 -2.2646e-06 -2.6644e-06 -3.0893e-06 -3.5392e-06 -4.0143e-06 -4.5148e-06 -5.0411e-06 -5.5935e-06 -6.1727e-06 -6.7793e-06 -7.4139e-06 -8.0772e-06 -8.7699e-06 -9.4928e-06 -1.0247e-05 -1.1032e-05 -1.1850e-05 -1.2700e-05 -1.3584e-05 -1.4501e-05 -1.5452e-05 -1.6437e-05 -1.7454e-05 -1.8504e-05 -1.9586e-05 -2.0696e-05 -2.1833e-05 -2.2994e-05 -2.4173e-05 -2.5367e-05 -2.6567e-05 -2.7766e-05 -2.8954e-05 -3.0119e-05 -3.1246e-05 -3.2319e-05 -3.3320e-05 -3.4224e-05 -3.5009e-05 -3.5645e-05 -3.6102e-05 -3.6347e-05 -3.6346e-05 -3.6063e-05 -3.5466e-05 -3.4524e-05 -3.3213e-05 -3.1522e-05 -2.9450e-05 -2.7016e-05 -2.4263e-05 -2.1256e-05 -1.8089e-05 -1.4878e-05 -1.1755e-05 -8.8564e-06 -6.3067e-06 -4.1990e-06 -2.5797e-06 -1.4388e-06 -7.1404e-07 -3.0754e-07 -1.1142e-07 -3.2642e-08 -7.3562e-09 -1.1962e-09 -1.2924e-10 -8.3312e-12 -2.7820e-13 -3.9877e-15 -1.9057e-17 -2.1521e-20 -3.5704e-24 -4.4696e-29 -1.6327e-35 -4.3794e-44 -1.1151e-55 -1.2084e-71 -4.4221e-94 -2.3253e-126 -4.4267e-174 -6.4558e-247 0.0000e+00 0.0000e+00 0.0000e+00 0.0000e+00 0.0000e+00 0.0000e+00 0.0000e+00 0.0000e+00 0.0000e+00 0.0000e+00 8.2278e-08 2.3289e-07 4.2836e-07 6.6062e-07 0.0000e+00 1.2195e-06 1.5415e-06 1.8902e-06 2.2646e-06 2.6644e-06 3.0893e-06 3.5392e-06 4.0143e-06 4.5148e-06 5.0411e-06 5.5935e-06 6.1727e-06 6.7793e-06 7.4139e-06 8.0772e-06 8.7699e-06 9.4928e-06 1.0247e-05 1.1032e-05 1.1849e-05 1.2700e-05 1.3584e-05 1.4501e-05 1.5452e-05 1.6437e-05 1.7454e-05 1.8504e-05 1.9586e-05 2.0696e-05 2.1833e-05 2.2994e-05 2.4173e-05 2.5367e-05 2.6567e-05 2.7766e-05 2.8954e-05 3.0118e-05 3.1246e-05 3.2319e-05 3.3319e-05 3.4224e-05 3.5009e-05 3.5645e-05 3.6102e-05 3.6347e-05 3.6345e-05 3.6062e-05 3.5465e-05 3.4523e-05 3.3212e-05 3.1521e-05 2.9448e-05 2.7015e-05 2.4261e-05 2.1255e-05 1.8088e-05 1.4877e-05 1.1754e-05 8.8555e-06 6.3059e-06 4.1984e-06 2.5793e-06 1.4385e-06 7.1389e-07 3.0746e-07 1.1139e-07 3.2631e-08 7.3533e-09 1.1957e-09 1.2917e-10 8.3257e-12 2.7798e-13 3.9840e-15 1.9035e-17 2.1491e-20 3.5643e-24 4.4600e-29 1.6283e-35 4.3644e-44 1.1101e-55 1.2014e-71 4.3883e-94 2.3013e-126 4.3633e-174 6.3245e-247 0.0000e+00 0.0000e+00 0.0000e+00 0.0000e+00 0.0000e+00 0.0000e+00 0.0000e+00 0.0000e+00 0.0000e+00 0.0000e+00
-1.0844e-07 -3.0695e-07 -5.6458e-07 -8.7071e-07 -1.2195e-06 3.9118e-05 -2.0318e-06 -2.4913e-06 -2.9849e-06 -3.5118e-06 -4.0718e-06 -4.6648e-06 -5.2910e-06 -5.9506e-06 -6.6442e-06 -7.3724e-06 -8.1358e-06 -8.9353e-06 -9.7717e-06 -1.0646e-05 -1.1559e-05 -1.2512e-05 -1.3505e-05 -1.4540e-05 -1.5618e-05 -1.6739e-05 -1.7904e-05 -1.9113e-05 -2.0366e-05 -2.1664e-05 -2.3005e-05 -2.4389e-05 -2.5814e-05 -2.7278e-05 -2.8777e-05 -3.0306e-05 -3.1861e-05 -3.3434e-05 -3.5016e-05 -3.6596e-05 -3.8162e-05 -3.9697e-05 -4.1183e-05 -4.2598e-05 -4.3916e-05 -4.5109e-05 -4.6143e-05 -4.6982e-05 -4.7584e-05 -4.7907e-05 -4.7906e-05 -4.7533e-05 -4.6746e-05 -4.5504e-05 -4.3777e-05 -4.1548e-05 -3.8817e-05 -3.5609e-05 -3.1980e-05 -2.8018e-05 -2.3844e-05 -1.9611e-05 -1.5495e-05 -1.1674e-05 -8.3134e-06 -5.5352e-06 -3.4006e-06 -1.8967e-06 -9.4134e-07 -4.0545e-07 -1.4690e-07 -4.3038e-08 -9.6998e-09 -1.5774e-09 -1.7044e-10 -1.0988e-11 -3.6698e-13 -5.2613e-15 -2.5148e-17 -2.8407e-20 -4.7147e-24 -5.9046e-29 -2.1582e-35 -5.7935e-44 -1.4767e-55 -1.6026e-71 -5.8767e-94 -3.0992e-126 -5.9253e-174 -8.6972e-247 0.0000e+00 0.0000e+00 0.0000e+00 0.0000e+00 0.0000e+00 0.0000e+00 0.0000e+00 0.0000e+00 0.0000e+00 0.0000e+00 1.0844e-07 3.0695e-07 5.6458e-07 8.7071e-07 1.2195e-06 0.0000e+00 2.0318e-06 2.4913e-06 2.9849e-06 3.5118e-06 4.0718e-06 4.6648e-06 5.2910e-06 5.9506e-06 6.6442e-06 7.3724e-06 8.1358e-06 8.9353e-06 9.7717e-06 1.0646e-05 1.1559e-05 1.2512e-05 1.3505e-05 1.4540e-05 1.5618e-05 1.6739e-05 1.7903e-05 1.9113e-05 2.0366e-05 2.1664e-05 2.3005e-05 2.4389e-05 2.5814e-05 2.7278e-05 2.8777e-05 3.0306e-05 3.1861e-05 3.3434e-05 3.5016e-05 3.6596e-05 3.8162e-05 3.9697e-05 4.1182e-05 4.2597e-05 4.3915e-05 4.5108e-05 4.6142e-05 4.6980e-05 4.7583e-05 4.7906e-05 4.7904e-05 4.7531e-05 4.6743e-05 4.5502e-05 4.3774e-05 4.1545e-05 3.8814e-05 3.5606e-05 3.1977e-05 2.8014e-05 2.3840e-05 1.9608e-05 1.5492e-05 1.1672e-05 8.3113e-06 5.5336e-06 3.3995e-06 1.8960e-06 9.4092e-07 4.0524e-07 1.4681e-07 4.3008e-08 9.6919e-09 1.5759e-09 1.7025e-10 1.0973e-11 3.6639e-13 5.2510e-15 2.5089e-17 2.8325e-20 4.6978e-24 5.8783e-29 2.1461e-35 5.7524e-44 1.4632e-55 1.5835e-71 5.7839e-94 3.0331e-126 5.7509e-174 8.3357e-247 0.0000e+00 0.0000e+00 0.0000e+00 0.0000e+00 0.0000e+00 0.0000e+00 0.0000e+00 0.0000e+00 0.0000e+00 0.0000e+00
-1.3708e-07 -3.8801e-07 -7.1368e-07 -1.1006e-06 -1.5415e-06 -2.0318e-06 7.2777e-05 -3.1492e-06 -3.7731e-06 -4.4392e-06 -5.1471e-06 -5.8967e-06 -6.6882e-06 -7.5221e-06 -8.3989e-06 -9.3193e-06 -1.0284e-05 -1.1295e-05 -1.2352e-05 -1.3457e-05 -1.4611e-05 -1.5816e-05 -1.7072e-05 -1.8380e-05 -1.9742e-05 -2.1159e-05 -2.2632e-05 -2.4160e-05 -2.5744e-05 -2.7385e-05 -2.9081e-05 -3.0830e-05 -3.2632e-05 -3.4482e-05 -3.6376e-05 -3.8310e-05 -4.0275e-05 -4.2264e-05 -4.4264e-05 -4.6261e-05 -4.8241e-05 -5.0181e-05 -5.2060e-05 -5.3848e-05 -5.5515e-05 -5.7023e-05 -5.8330e-05 -5.9390e-05 -6.0152e-05 -6.0561e-05 -6.0559e-05 -6.0089e-05 -5.9094e-05 -5.7524e-05 -5.5342e-05 -5.2524e-05 -4.9072e-05 -4.5017e-05 -4.0430e-05 -3.5421e-05 -3.0144e-05 -2.4794e-05 -1.9590e-05 -1.4760e-05 -1.0511e-05 -6.9987e-06 -4.2999e-06 -2.3984e-06 -1.1904e-06 -5.1275e-07 -1.8578e-07 -5.4437e-08 -1.2270e-08 -1.9957e-09 -2.1566e-10 -1.3907e-11 -4.6455e-13 -6.6619e-15 -3.1855e-17 -3.5999e-20 -5.9782e-24 -7.4926e-29 -2.7413e-35 -7.3683e-44 -1.8813e-55 -2.0466e-71 -7.5301e-94 -3.9901e-126 -7.6814e-174 -1.1392e-246 0.0000e+00 0.0000e+00 0.0000e+00 0.0000e+00 0.0000e+00 0.0000e+00 0.0000e+00 0.0000e+00 0.0000e+00 0.0000e+00 1.3708e-07 3.8801e-07 7.1368e-07 1.1006e-06 1.5415e-06 2.0318e-06 0.0000e+00 3.1492e-06 3.7731e-06 4.4392e-06 5.1471e-06 5.8967e-06 6.6882e-06 7.5221e-06 8.3989e-06 9.3193e-06 1.0284e-05 1.1295e-05 1.2352e-05 1.3457e-05 1.4611e-05 1.5816e-05 1.7072e-05 1.8380e-05 1.9742e-05 2.1159e-05 2.2632e-05 2.4160e-05 2.5744e-05 2.7385e-05 2.9081e-05 3.0830e-05 3.2631e-05 3.4482e-05 3.6376e-05 3.8310e-05 4.0275e-05 4.2263e-05 4.4263e-05 4.6261e-05 4.8240e-05 5.0180e-05 5.2058e-05 5.3847e-05 5.5513e-05 5.7021e-05 5.8327e-05 5.9387e-05 6.0149e-05 6.0557e-05 6.0555e-05 6.0083e-05 5.9088e-05 5.7518e-05 5.5335e-05 5.2516e-05 4.9064e-05 4.5009e-05 4.0422e-05 3.5412e-05 3.0136e-05 2.4786e-05 1.9583e-05 1.4754e-05 1.0506e-05 6.9950e-06 4.2973e-06 2.3967e-06 1.1894e-06 5.1226e-07 1.8558e-07 5.4366e-08 1.2251e-08 1.9921e-09 2.1520e-10 1.3871e-11 4.6314e-13 6.6377e-15 3.1714e-17 3.5805e-20 5.9384e-24 7.4307e-29 2.7129e-35 7.2715e-44 1.8496e-55 2.0016e-71 7.3113e-94 3.8341e-126 7.2695e-174 1.0537e-246 0.0000e+00 0.0000e+00 0.0000e+00 0.0000e+00 0.0000e+00 0.0000e+00 0.0000e+00 0.0000e+00 0.0000e+00 0.0000e+00
-1.6809e-07 -4.7577e-07 -8.7510e-07 -1.3496e-06 -1.8902e-06 -2.4913e-06 -3.1492e-06 1.2476e-04 -4.6265e-06 -5.4432e-06 -6.3112e-06 -7.2303e-06 -8.2009e-06 -9.2233e-06 -1.0298e-05 -1.1427e-05 -1.2610e-05 -1.3850e-05 -1.5146e-05 -1.6501e-05 -1.7916e-05 -1.9393e-05 -2.0933e-05 -2.2537e-05 -2.4208e-05 -2.5945e-05 -2.7750e-05 -2.9624e-05 -3.1567e-05 -3.3579e-05 -3.5658e-05 -3.7803e-05 -4.0012e-05 -4.2281e-05 -4.4604e-05 -4.6975e-05 -4.9385e-05 -5.1823e-05 -5.4275e-05 -5.6725e-05 -5.9152e-05 -6.1532e-05 -6.3835e-05 -6.6029e-05 -6.8072e-05 -6.9922e-05 -7.1525e-05 -7.2825e-05 -7.3760e-05 -7.4262e-05 -7.4260e-05 -7.3683e-05 -7.2464e-05 -7.0540e-05 -6.7864e-05 -6.4409e-05 -6.0177e-05 -5.5206e-05 -4.9581e-05 -4.3439e-05 -3.6969e-05 -3.0408e-05 -2.4027e-05 -1.8104e-05 -1.2893e-05 -8.5848e-06 -5.2747e-06 -2.9423e-06 -1.4605e-06 -6.2914e-07 -2.2798e-07 -6.6810e-08 -1.5061e-08 -2.4502e-09 -2.6484e-10 -1.7083e-11 -5.7085e-13 -8.1899e-15 -3.9183e-17 -4.4312e-20 -7.3651e-24 -9.2414e-29 -3.3862e-35 -9.1199e-44 -2.3348e-55 -2.5491e-71 -9.4263e-94 -5.0306e-126 -9.7846e-174 -1.4733e-246 0.0000e+00 0.0000e+00 0.0000e+00 0.0000e+00 0.0000e+00 0.0000e+00 0.0000e+00 0.0000e+00 0.0000e+00 0.0000e+00 1.6809e-07 4.7577e-07 8.7510e-07 1.3496e-06 1.8902e-06 2.4913e-06 3.1492e-06 0.0000e+00 4.6265e-06 5.4432e-06 6.3112e-06 7.2303e-06 8.2009e-06 9.2233e-06 1.0298e-05 1.1427e-05 1.2610e-05 1.3850e-05 1.5146e-05 1.6501e-05 1.7916e-05 1.9393e-05 2.0933e-05 2.2537e-05 2.4207e-05 2.5945e-05 2.7750e-05 2.9624e-05 3.1567e-05 3.3578e-05 3.5658e-05 3.7803e-05 4.0012e-05 4.2280e-05 4.4603e-05 4.6974e-05 4.9384e-05 5.1822e-05 5.4274e-05 5.6723e-05 5.9150e-05 6.1529e-05 6.3832e-05 6.6025e-05 6.8068e-05 6.9917e-05 7.1519e-05 7.2819e-05 7.3752e-05 7.4253e-05 7.4250e-05 7.3672e-05 7.2452e-05 7.0527e-05 6.7850e-05 6.4394e-05 6.0160e-05 5.5189e-05 4.9564e-05 4.3422e-05 3.6952e-05 3.0392e-05 2.4012e-05 1.8091e-05 1.2882e-05 8.5770e-06 5.2692e-06 2.9388e-06 1.4584e-06 6.2812e-07 2.2755e-07 6.6662e-08 1.5022e-08 2.4426e-09 2.6388e-10 1.7009e-11 5.6789e-13 8.1389e-15 3.8887e-17 4.3903e-20 7.2815e-24 9.1113e-29 3.3265e-35 8.9161e-44 2.2679e-55 2.4543e-71 8.9647e-94 4.7010e-126 8.9131e-174 1.2918e-246 0.0000e+00 0.0000e+00 0.0000e+00 0.0000e+00 0.0000e+00 0.0000e+00 0.0000e+00 0.0000e+00 0.0000e+00 0.0000e+00
-2.0139e-07 -5.7002e-07 -1.0485e-06 -1.6169e-06 -2.2646e-06 -2.9849e-06 -3.7731e-06 -4.6265e-06 2.0095e-04 -6.5215e-06 -7.5615e-06 -8.6627e-06 -9.8255e-06 -1.1051e-05 -1.2339e-05 -1.3691e-05 -1.5109e-05 -1.6593e-05 -1.8146e-05 -1.9770e-05 -2.1465e-05 -2.3235e-05 -2.5080e-05 -2.7002e-05 -2.9003e-05 -3.1085e-05 -3.3248e-05 -3.5493e-05 -3.7821e-05 -4.0231e-05 -4.2722e-05 -4.5293e-05 -4.7939e-05 -5.0657e-05 -5.3441e-05 -5.6282e-05 -5.9169e-05 -6.2090e-05 -6.5029e-05 -6.7964e-05 -7.0872e-05 -7.3723e-05 -7.6483e-05 -7.9112e-05 -8.1561e-05 -8.3777e-05 -8.5699e-05 -8.7257e-05 -8.8378e-05 -8.8979e-05 -8.8978e-05 -8.8288e-05 -8.6828e-05 -8.4524e-05 -8.1319e-05 -7.7181e-05 -7.2110e-05 -6.6155e-05 -5.9417e-05 -5.2058e-05 -4.4306e-05 -3.6444e-05 -2.8797e-05 -2.1699e-05 -1.5454e-05 -1.0291e-05 -6.3237e-06 -3.5279e-06 -1.7513e-06 -7.5453e-07 -2.7346e-07 -8.0154e-08 -1.8074e-08 -2.9411e-09 -3.1801e-10 -2.0521e-11 -6.8610e-13 -9.8498e-15 -4.7162e-17 -5.3390e-20 -8.8854e-24 -1.1168e-28 -4.1009e-35 -1.1077e-43 -2.8466e-55 -3.1241e-71 -1.1636e-93 -6.2723e-126 -1.2375e-173 -1.9024e-246 0.0000e+00 0.0000e+00 0.0000e+00 0.0000e+00 0.0000e+00 0.0000e+00 0.0000e+00 0.0000e+00 0.0000e+00 0.0000e+00 2.0139e-07 5.7002e-07 1.0485e-06 1.6169e-06 2.2646e-06 2.9849e-06 3.7731e-06 4.6265e-06 0.0000e+00 6.5215e-06 7.5615e-06 8.6627e-06 9.8255e-06 1.1051e-05 1.2339e-05 1.3691e-05 1.5109e-05 1.6593e-05 1.8146e-05 1.9770e-05 2.1465e-05 2.3235e-05 2.5080e-05 2.7002e-05 2.9003e-05 3.1085e-05 3.3248e-05 3.5493e-05 3.7820e-05 4.0230e-05 4.2722e-05 4.5292e-05 4.7938e-05 5.0656e-05 5.3439e-05 5.6280e-05 5.9167e-05 6.2088e-05 6.5026e-05 6.7960e-05 7.0868e-05 7.3718e-05 7.6478e-05 7.9105e-05 8.1553e-05 8.3768e-05 8.5688e-05 8.7245e-05 8.8363e-05 8.8963e-05 8.8959e-05 8.8267e-05 8.6805e-05 8.4498e-05 8.1291e-05 7.7150e-05 7.2078e-05 6.6122e-05 5.9382e-05 5.2024e-05 4.4273e-05 3.6413e-05 2.8769e-05 2.1675e-05 1.5434e-05 1.0276e-05 6.3131e-06 3.5210e-06 1.7473e-06 7.5255e-07 2.7263e-07 7.9868e-08 1.7998e-08 2.9265e-09 3.1615e-10 2.0378e-11 6.8040e-13 9.7512e-15 4.6591e-17 5.2601e-20 8.7240e-24 1.0916e-28 3.9854e-35 1.0682e-43 2.7172e-55 2.9405e-71 1.0740e-93 5.6319e-126 1.0677e-173 1.5472e-246 0.0000e+00 0.0000e+00 0.0000e+00 0.0000e+00 0.0000e+00 0.0000e+00 0.0000e+00 0.0000e+00 0.0000e+00 0.0000e+00
-2.3694e-07 -6.7065e-07 -1.2335e-06 -1.9024e-06 -2.6644e-06 -3.5118e-06 -4.4392e-06 -5.4432e-06 -6.5215e-06 3.0818e-04 -8.8963e-06 -1.0192e-05 -1.1560e-05 -1.3001e-05 -1.4517e-05 -1.6108e-05 -1.7776e-05 -1.9522e-05 -2.1350e-05 -2.3260e-05 -2.5255e-05 -2.7337e-05 -2.9507e-05 -3.1769e-05 -3.4123e-05 -3.6572e-05 -3.9117e-05 -4.1759e-05 -4.4498e-05 -4.7333e-05 -5.0264e-05 -5.3289e-05 -5.6403e-05 -5.9601e-05 -6.2876e-05 -6.6218e-05 -6.9616e-05 -7.3053e-05 -7.6510e-05 -7.9964e-05 -8.3386e-05 -8.6741e-05 -8.9989e-05 -9.3082e-05 -9.5964e-05 -9.8572e-05 -1.0083e-04 -1.0267e-04 -1.0399e-04 -1.0470e-04 -1.0470e-04 -1.0389e-04 -1.0217e-04 -9.9461e-05 -9.5692e-05 -9.0825e-05 -8.4860e-05 -7.7855e-05 -6.9927e-05 -6.1269e-05 -5.2148e-05 -4.2897e-05 -3.3898e-05 -2.5545e-05 -1.8195e-05 -1.2117e-05 -7.4468e-06 -4.1550e-06 -2.0629e-06 -8.8897e-07 -3.2226e-07 -9.4484e-08 -2.1312e-08 -3.4694e-09 -3.7532e-10 -2.4233e-11 -8.1081e-13 -1.1651e-14 -5.5848e-17 -6.3312e-20 -1.0556e-23 -1.3298e-28 -4.8979e-35 -1.3281e-43 -3.4312e-55 -3.7925e-71 -1.4263e-93 -7.7918e-126 -1.5664e-173 -2.4725e-246 0.0000e+00 0.0000e+00 0.0000e+00 0.0000e+00 0.0000e+00 0.0000e+00 0.0000e+00 0.0000e+00 0.0000e+00 0.0000e+00 2.3694e-07 6.7065e-07 1.2335e-06 1.9024e-06 2.6644e-06 3.5118e-06 4.4392e-06 5.4432e-06 6.5215e-06 0.0000e+00 8.8963e-06 1.0192e-05 1.1560e-05 1.3001e-05 1.4517e-05 1.6108e-05 1.7776e-05 1.9522e-05 2.1350e-05 2.3260e-05 2.5255e-05 2.7336e-05 2.9507e-05 3.1769e-05 3.4123e-05 3.6572e-05 3.9117e-05 4.1758e-05 4.4497e-05 4.7332e-05 5.0263e-05 5.3287e-05 5.6401e-05 5.9599e-05 6.2873e-05 6.6215e-05 6.9612e-05 7.3048e-05 7.6505e-05 7.9958e-05 8.3378e-05 8.6732e-05 8.9978e-05 9.3069e-05 9.5950e-05 9.8555e-05 1.0081e-04 1.0265e-04 1.0396e-04 1.0467e-04 1.0466e-04 1.0385e-04 1.0213e-04 9.9415e-05 9.5642e-05 9.0770e-05 8.4803e-05 7.7794e-05 6.9865e-05 6.1208e-05 5.2088e-05 4.2841e-05 3.3848e-05 2.5501e-05 1.8159e-05 1.2090e-05 7.4275e-06 4.1425e-06 2.0558e-06 8.8540e-07 3.2076e-07 9.3967e-08 2.1175e-08 3.4432e-09 3.7196e-10 2.3976e-11 8.0051e-13 1.1473e-14 5.4815e-17 6.1886e-20 1.0264e-23 1.2843e-28 4.6889e-35 1.2568e-43 3.1967e-55 3.4594e-71 1.2635e-93 6.6249e-126 1.2558e-173 1.8191e-246 0.0000e+00 0.0000e+00 0.0000e+00 0.0000e+00 0.0000e+00 0.0000e+00 0.0000e+00 0.0000e+00 0.0000e+00 0.0000e+00
-2.7472e-07 -7.7759e-07 -1.4302e-06 -2.2057e-06 -3.0893e-06 -4.0718e-06 -5.1471e-06 -6.3112e-06 -7.5615e-06 -8.8963e-06 4.5431e-04 -1.1817e-05 -1.3403e-05 -1.5075e-05 -1.6832e-05 -1.8676e-05 -2.0610e-05 -2.2636e-05 -2.4754e-05 -2.6969e-05 -2.9282e-05 -3.1696e-05 -3.4213e-05 -3.6835e-05 -3.9565e-05 -4.2405e-05 -4.5355e-05 -4.8418e-05 -5.1594e-05 -5.4882e-05 -5.8280e-05 -6.1787e-05 -6.5398e-05 -6.9106e-05 -7.2903e-05 -7.6779e-05 -8.0719e-05 -8.4704e-05 -8.8714e-05 -9.2719e-05 -9.6687e-05 -1.0058e-04 -1.0434e-04 -1.0793e-04 -1.1127e-04 -1.1430e-04 -1.1692e-04 -1.1905e-04 -1.2058e-04 -1.2141e-04 -1.2141e-04 -1.2047e-04 -1.1849e-04 -1.1535e-04 -1.1098e-04 -1.0534e-04 -9.8424e-05 -9.0303e-05 -8.1112e-05 -7.1073e-05 -6.0496e-05 -4.9768e-05 -3.9332e-05 -2.9642e-05 -2.1116e-05 -1.4065e-05 -8.6449e-06 -4.8243e-06 -2.3958e-06 -1.0327e-06 -3.7448e-07 -1.0983e-07 -2.4786e-08 -4.0371e-09 -4.3702e-10 -2.8240e-11 -9.4579e-13 -1.3607e-14 -6.5323e-17 -7.4196e-20 -1.2400e-23 -1.5670e-28 -5.7949e-35 -1.5797e-43 -4.1094e-55 -4.5843e-71 -1.7456e-93 -9.7000e-126 -1.9959e-173 -3.2527e-246 0.0000e+00 0.0000e+00 0.0000e+00 0.0000e+00 0.0000e+00 0.0000e+00 0.0000e+00 0.0000e+00 0.0000e+00 0.0000e+00 2.7472e-07 7.7759e-07 1.4302e-06 2.2057e-06 3.0893e-06 4.0718e-06 5.1471e-06 6.3112e-06 7.5615e-06 8.8963e-06 0.0000e+00 1.1817e-05 1.3403e-05 1.5075e-05 1.6832e-05 1.8676e-05 2.0610e-05 2.2636e-05 2.4754e-05 2.6969e-05 2.9282e-05 3.1696e-05 3.4212e-05 3.6835e-05 3.9564e-05 4.2404e-05 4.5355e-05 4.8417e-05 5.1593e-05 5.4880e-05 5.8278e-05 6.1785e-05 6.5395e-05 6.9102e-05 7.2899e-05 7.6774e-05 8.0712e-05 8.4697e-05 8.8704e-05 9.2708e-05 9.6674e-05 1.0056e-04 1.0433e-04 1.0791e-04 1.1125e-04 1.1427e-04 1.1689e-04 1.1901e-04 1.2054e-04 1.2136e-04 1.2135e-04 1.2041e-04 1.1841e-04 1.1527e-04 1.1089e-04 1.0524e-04 9.8325e-05 9.0200e-05 8.1006e-05 7.0968e-05 6.0394e-05 4.9673e-05 3.9245e-05 2.9568e-05 2.1055e-05 1.4018e-05 8.6119e-06 4.8031e-06 2.3836e-06 1.0266e-06 3.7190e-07 1.0895e-07 2.4552e-08 3.9922e-09 4.3128e-10 2.7799e-11 9.2816e-13 1.3302e-14 6.3556e-17 7.1754e-20 1.1901e-23 1.4891e-28 5.4365e-35 1.4571e-43 3.7062e-55 4.0106e-71 1.4647e-93 7.6785e-126 1.4550e-173 2.1060e-246 0.0000e+00 0.0000e+00 0.0000e+00 0.0000e+00 0.0000e+00 0.0000e+00 0.0000e+00 0.0000e+00 0.0000e+00 0.0000e+00
-3.1473e-07 -8.9084e-07 -1.6385e-06 -2.5270e-06 -3.5392e-06 -4.6648e-06 -5.8967e-06 -7.2303e-06 -8.6627e-06 -1.0192e-05 -1.1817e-05 6.4830e-04 -1.5356e-05 -1.7270e-05 -1.9283e-05 -2.1396e-05 -2.3612e-05 -2.5932e-05 -2.8360e-05 -3.0897e-05 -3.3547e-05 -3.6312e-05 -3.9195e-05 -4.2200e-05 -4.5327e-05 -4.8581e-05 -5.1961e-05 -5.5470e-05 -5.9109e-05 -6.2875e-05 -6.6769e-05 -7.0787e-05 -7.4923e-05 -7.9172e-05 -8.3523e-05 -8.7964e-05 -9.2478e-05 -9.7044e-05 -1.0164e-04 -1.0623e-04 -1.1077e-04 -1.1523e-04 -1.1955e-04 -1.2366e-04 -1.2749e-04 -1.3096e-04 -1.3397e-04 -1.3641e-04 -1.3817e-04 -1.3912e-04 -1.3912e-04 -1.3805e-04 -1.3578e-04 -1.3219e-04 -1.2718e-04 -1.2072e-04 -1.1281e-04 -1.0350e-04 -9.2976e-05 -8.1475e-05 -6.9356e-05 -5.7063e-05 -4.5102e-05 -3.3996e-05 -2.4221e-05 -1.6136e-05 -9.9200e-06 -5.5373e-06 -2.7507e-06 -1.1861e-06 -4.3028e-07 -1.2626e-07 -2.8510e-08 -4.6470e-09 -5.0348e-10 -3.2569e-11 -1.0922e-12 -1.5738e-14 -7.5707e-17 -8.6204e-20 -1.4453e-23 -1.8338e-28 -6.8166e-35 -1.8707e-43 -4.9095e-55 -5.5409e-71 -2.1427e-93 -1.2154e-125 -2.5709e-173 -4.3466e-246 0.0000e+00 0.0000e+00 0.0000e+00 0.0000e+00 0.0000e+00 0.0000e+00 0.0000e+00 0.0000e+00 0.0000e+00 0.0000e+00 3.1473e-07 8.9084e-07 1.6385e-06 2.5270e-06 3.5392e-06 4.6648e-06 5.8967e-06 7.2303e-06 8.6627e-06 1.0192e-05 1.1817e-05 0.0000e+00 1.5356e-05 1.7270e-05 1.9283e-05 2.1396e-05 2.3612e-05 2.5932e-05 2.8360e-05 3.0897e-05 3.3546e-05 3.6312e-05 3.9195e-05 4.2199e-05 4.5327e-05 4.8580e-05 5.1960e-05 5.5469e-05 5.9107e-05 6.2873e-05 6.6766e-05 7.0783e-05 7.4919e-05 7.9166e-05 8.3516e-05 8.7955e-05 9.2467e-05 9.7032e-05 1.0162e-04 1.0621e-04 1.1075e-04 1.1521e-04 1.1952e-04 1.2363e-04 1.2745e-04 1.3091e-04 1.3391e-04 1.3635e-04 1.3810e-04 1.3903e-04 1.3903e-04 1.3795e-04 1.3566e-04 1.3206e-04 1.2704e-04 1.2057e-04 1.1265e-04 1.0334e-04 9.2804e-05 8.1304e-05 6.9190e-05 5.6907e-05 4.4961e-05 3.3874e-05 2.4121e-05 1.6060e-05 9.8662e-06 5.5026e-06 2.7308e-06 1.1761e-06 4.2607e-07 1.2482e-07 2.8128e-08 4.5736e-09 4.9409e-10 3.1847e-11 1.0633e-12 1.5239e-14 7.2811e-17 8.2203e-20 1.3634e-23 1.7059e-28 6.2280e-35 1.6692e-43 4.2455e-55 4.5937e-71 1.6774e-93 8.7906e-126 1.6646e-173 2.4058e-246 0.0000e+00 0.0000e+00 0.0000e+00 0.0000e+00 0.0000e+00 0.0000e+00 0.0000e+00 0.0000e+00 0.0000e+00 0.0000e+00
-3.5698e-07 -1.0104e-06 -1.8585e-06 -2.8662e-06 -4.0143e-06 -5.2910e-06 -6.6882e-06 -8.2009e-06 -9.8255e-06 -1.1560e-05 -1.3403e-05 -1.5356e-05 9.0031e-04 -1.9588e-05 -2.1871e-05 -2.4268e-05 -2.6782e-05 -2.9413e-05 -3.2167e-05 -3.5044e-05 -3.8050e-05 -4.1186e-05 -4.4457e-05 -4.7865e-05 -5.1412e-05 -5.5102e-05 -5.8937e-05 -6.2917e-05 -6.7044e-05 -7.1317e-05 -7.5733e-05 -8.0291e-05 -8.4983e-05 -8.9802e-05 -9.4738e-05 -9.9775e-05 -1.0490e-04 -1.1008e-04 -1.1529e-04 -1.2049e-04 -1.2565e-04 -1.3071e-04 -1.3561e-04 -1.4028e-04 -1.4462e-04 -1.4856e-04 -1.5198e-04 -1.5475e-04 -1.5675e-04 -1.5783e-04 -1.5784e-04 -1.5663e-04 -1.5406e-04 -1.4999e-04 -1.4432e-04 -1.3700e-04 -1.2802e-04 -1.1747e-04 -1.0553e-04 -9.2488e-05 -7.8740e-05 -6.4792e-05 -5.1219e-05 -3.8613e-05 -2.7516e-05 -1.8335e-05 -1.1275e-05 -6.2960e-06 -3.1288e-06 -1.3497e-06 -4.8990e-07 -1.4385e-07 -3.2506e-08 -5.3032e-09 -5.7522e-10 -3.7260e-11 -1.2516e-12 -1.8072e-14 -8.7156e-17 -9.9558e-20 -1.6759e-23 -2.1372e-28 -7.9961e-35 -2.2128e-43 -5.8705e-55 -6.7195e-71 -2.6468e-93 -1.5379e-125 -3.3565e-173 -5.9107e-246 0.0000e+00 0.0000e+00 0.0000e+00 0.0000e+00 0.0000e+00 0.0000e+00 0.0000e+00 0.0000e+00 0.0000e+00 0.0000e+00 3.5698e-07 1.0104e-06 1.8585e-06 2.8662e-06 4.0143e-06 5.2910e-06 6.6882e-06 8.2009e-06 9.8255e-06 1.1560e-05 1.3403e-05 1.5356e-05 0.0000e+00 1.9588e-05 2.1871e-05 2.4268e-05 2.6781e-05 2.9413e-05 3.2166e-05 3.5044e-05 3.8050e-05 4.1186e-05 4.4456e-05 4.7864e-05 5.1411e-05 5.5101e-05 5.8935e-05 6.2914e-05 6.7041e-05 7.1312e-05 7.5728e-05 8.0284e-05 8.4975e-05 8.9793e-05 9.4727e-05 9.9762e-05 1.0488e-04 1.1006e-04 1.1526e-04 1.2047e-04 1.2562e-04 1.3067e-04 1.3556e-04 1.4022e-04 1.4456e-04 1.4849e-04 1.5189e-04 1.5465e-04 1.5663e-04 1.5770e-04 1.5769e-04 1.5646e-04 1.5387e-04 1.4978e-04 1.4410e-04 1.3676e-04 1.2777e-04 1.1721e-04 1.0526e-04 9.2217e-05 7.8478e-05 6.4546e-05 5.0996e-05 3.8421e-05 2.7359e-05 1.8216e-05 1.1191e-05 6.2413e-06 3.0973e-06 1.3340e-06 4.8326e-07 1.4157e-07 3.1904e-08 5.1876e-09 5.6041e-10 3.6122e-11 1.2061e-12 1.7285e-14 8.2584e-17 9.3236e-20 1.5463e-23 1.9348e-28 7.0634e-35 1.8930e-43 4.8143e-55 5.2082e-71 1.9012e-93 9.9575e-126 1.8831e-173 2.7140e-246 0.0000e+00 0.0000e+00 0.0000e+00 0.0000e+00 0.0000e+00 0.0000e+00 0.0000e+00 0.0000e+00 0.0000e+00 0.0000e+00
-4.0148e-07 -1.1364e-06 -2.0902e-06 -3.2235e-06 -4.5148e-06 -5.9506e-06 -7.5221e-06 -9.2233e-06 -1.1051e-05 -1.3001e-05 -1.5075e-05 -1.7270e-05 -1.9588e-05 1.2218e-03 -2.4598e-05 -2.7294e-05 -3.0121e-05 -3.3080e-05 -3.6177e-05 -3.9414e-05 -4.2794e-05 -4.6322e-05 -5.0000e-05 -5.3833e-05 -5.7823e-05 -6.1973e-05 -6.6286e-05 -7.0762e-05 -7.5404e-05 -8.0210e-05 -8.5177e-05 -9.0303e-05 -9.5581e-05 -1.0100e-04 -1.0655e-04 -1.1222e-04 -1.1798e-04 -1.2381e-04 -1.2967e-04 -1.3553e-04 -1.4133e-04 -1.4703e-04 -1.5254e-04 -1.5779e-04 -1.6268e-04 -1.6711e-04 -1.7096e-04 -1.7408e-04 -1.7634e-04 -1.7756e-04 -1.7758e-04 -1.7622e-04 -1.7334e-04 -1.6877e-04 -1.6240e-04 -1.5417e-04 -1.4408e-04 -1.3223e-04 -1.1880e-04 -1.0413e-04 -8.8662e-05 -7.2969e-05 -5.7694e-05 -4.3504e-05 -3.1009e-05 -2.0670e-05 -1.2715e-05 -7.1029e-06 -3.5315e-06 -1.5243e-06 -5.5366e-07 -1.6270e-07 -3.6802e-08 -6.0111e-09 -6.5292e-10 -4.2366e-11 -1.4261e-12 -2.0645e-14 -9.9879e-17 -1.1454e-19 -1.9377e-23 -2.4866e-28 -9.3773e-35 -2.6213e-43 -7.0447e-55 -8.1979e-71 -3.2983e-93 -1.9691e-125 -4.4486e-173 -8.1840e-246 0.0000e+00 0.0000e+00 0.0000e+00 0.0000e+00 0.0000e+00 0.0000e+00 0.0000e+00 0.0000e+00 0.0000e+00 0.0000e+00 4.0148e-07 1.1364e-06 2.0902e-06 3.2235e-06 4.5148e-06 5.9506e-06 7.5221e-06 9.2233e-06 1.1051e-05 1.3001e-05 1.5075e-05 1.7270e-05 1.9588e-05 0.0000e+00 2.4598e-05 2.7294e-05 3.0120e-05 3.3080e-05 3.6177e-05 3.9413e-05 4.2793e-05 4.6321e-05 4.9999e-05 5.3831e-05 5.7821e-05 6.1970e-05 6.6282e-05 7.0758e-05 7.5399e-05 8.0203e-05 8.5170e-05 9.0294e-05 9.5570e-05 1.0099e-04 1.0654e-04 1.1220e-04 1.1796e-04 1.2378e-04 1.2964e-04 1.3549e-04 1.4128e-04 1.4696e-04 1.5247e-04 1.5770e-04 1.6258e-04 1.6700e-04 1.7083e-04 1.7393e-04 1.7616e-04 1.7736e-04 1.7735e-04 1.7597e-04 1.7305e-04 1.6846e-04 1.6206e-04 1.5381e-04 1.4370e-04 1.3182e-04 1.1838e-04 1.0371e-04 8.8262e-05 7.2593e-05 5.7354e-05 4.3211e-05 3.0770e-05 2.0487e-05 1.2586e-05 7.0194e-06 3.4835e-06 1.5003e-06 5.4351e-07 1.5922e-07 3.5881e-08 5.8343e-09 6.3027e-10 4.0625e-11 1.3564e-12 1.9439e-14 9.2878e-17 1.0486e-19 1.7390e-23 2.1758e-28 7.9428e-35 2.1285e-43 5.4123e-55 5.8535e-71 2.1356e-93 1.1173e-125 2.1082e-173 3.0226e-246 0.0000e+00 0.0000e+00 0.0000e+00 0.0000e+00 0.0000e+00 0.0000e+00 0.0000e+00 0.0000e+00 0.0000e+00 0.0000e+00
-4.4828e-07 -1.2689e-06 -2.3338e-06 -3.5993e-06 -5.0411e-06 -6.6442e-06 -8.3989e-06 -1.0298e-05 -1.2339e-05 -1.4517e-05 -1.6832e-05 -1.9283e-05 -2.1871e-05 -2.4598e-05 1.6256e-03 -3.0476e-05 -3.3632e-05 -3.6936e-05 -4.0394e-05 -4.4008e-05 -4.7782e-05 -5.1721e-05 -5.5828e-05 -6.0108e-05 -6.4563e-05 -6.9197e-05 -7.4013e-05 -7.9012e-05 -8.4195e-05 -8.9561e-05 -9.5109e-05 -1.0083e-04 -1.0673e-04 -1.1278e-04 -1.1898e-04 -1.2531e-04 -1.3174e-04 -1.3825e-04 -1.4480e-04 -1.5134e-04 -1.5783e-04 -1.6419e-04 -1.7034e-04 -1.7621e-04 -1.8168e-04 -1.8663e-04 -1.9094e-04 -1.9443e-04 -1.9695e-04 -1.9833e-04 -1.9836e-04 -1.9686e-04 -1.9365e-04 -1.8856e-04 -1.8146e-04 -1.7228e-04 -1.6102e-04 -1.4779e-04 -1.3280e-04 -1.1642e-04 -9.9144e-05 -8.1613e-05 -6.4544e-05 -4.8683e-05 -3.4712e-05 -2.3147e-05 -1.4245e-05 -7.9617e-06 -3.9609e-06 -1.7109e-06 -6.2195e-07 -1.8296e-07 -4.1434e-08 -6.7774e-09 -7.3744e-10 -4.7951e-11 -1.6183e-12 -2.3501e-14 -1.1414e-16 -1.3153e-19 -2.2385e-23 -2.8942e-28 -1.1018e-34 -3.1167e-43 -8.5022e-55 -1.0082e-70 -4.1538e-93 -2.5546e-125 -5.9891e-173 -1.1538e-245 0.0000e+00 0.0000e+00 0.0000e+00 0.0000e+00 0.0000e+00 0.0000e+00 0.0000e+00 0.0000e+00 0.0000e+00 0.0000e+00 4.4828e-07 1.2689e-06 2.3338e-06 3.5993e-06 5.0411e-06 6.6442e-06 8.3989e-06 1.0298e-05 1.2339e-05 1.4517e-05 1.6832e-05 1.9283e-05 2.1871e-05 2.4598e-05 0.0000e+00 3.0475e-05 3.3631e-05 3.6936e-05 4.0394e-05 4.4007e-05 4.7781e-05 5.1720e-05 5.5827e-05 6.0106e-05 6.4560e-05 6.9194e-05 7.4008e-05 7.9006e-05 8.4188e-05 8.9552e-05 9.5097e-05 1.0082e-04 1.0671e-04 1.1276e-04 1.1895e-04 1.2528e-04 1.3170e-04 1.3821e-04 1.4475e-04 1.5128e-04 1.5775e-04 1.6410e-04 1.7024e-04 1.7609e-04 1.8153e-04 1.8646e-04 1.9074e-04 1.9420e-04 1.9669e-04 1.9803e-04 1.9802e-04 1.9648e-04 1.9323e-04 1.8809e-04 1.8095e-04 1.7174e-04 1.6044e-04 1.4719e-04 1.3218e-04 1.1580e-04 9.8550e-05 8.1055e-05 6.4040e-05 4.8248e-05 3.4357e-05 2.2875e-05 1.4053e-05 7.8376e-06 3.8895e-06 1.6752e-06 6.0686e-07 1.7778e-07 4.0063e-08 6.5143e-09 7.0373e-10 4.5360e-11 1.5145e-12 2.1705e-14 1.0370e-16 1.1707e-19 1.9415e-23 2.4291e-28 8.8664e-35 2.3757e-43 6.0390e-55 6.5281e-71 2.3794e-93 1.2425e-125 2.3350e-173 3.3165e-246 0.0000e+00 0.0000e+00 0.0000e+00 0.0000e+00 0.0000e+00 0.0000e+00 0.0000e+00 0.0000e+00 0.0000e+00 0.0000e+00
-4.9741e-07 -1.4079e-06 -2.5896e-06 -3.9937e-06 -5.5935e-06 -7.3724e-06 -9.3193e-06 -1.1427e-05 -1.3691e-05 -1.6108e-05 -1.8676e-05 -2.1396e-05 -2.4268e-05 -2.7294e-05 -3.0476e-05 2.1261e-03 -3.7317e-05 -4.0985e-05 -4.4821e-05 -4.8831e-05 -5.3019e-05 -5.7390e-05 -6.1947e-05 -6.6696e-05 -7.1640e-05 -7.6782e-05 -8.2126e-05 -8.7673e-05 -9.3425e-05 -9.9380e-05 -1.0554e-04 -1.1189e-04 -1.1843e-04 -1.2515e-04 -1.3203e-04 -1.3905e-04 -1.4619e-04 -1.5342e-04 -1.6069e-04 -1.6795e-04 -1.7515e-04 -1.8221e-04 -1.8905e-04 -1.9556e-04 -2.0164e-04 -2.0715e-04 -2.1193e-04 -2.1582e-04 -2.1863e-04 -2.2016e-04 -2.2021e-04 -2.1856e-04 -2.1501e-04 -2.0938e-04 -2.0152e-04 -1.9135e-04 -1.7887e-04 -1.6419e-04 -1.4756e-04 -1.2938e-04 -1.1021e-04 -9.0748e-05 -7.1790e-05 -5.4167e-05 -3.8638e-05 -2.5776e-05 -1.5873e-05 -8.8768e-06 -4.4195e-06 -1.9106e-06 -6.9530e-07 -2.0479e-07 -4.6446e-08 -7.6107e-09 -8.2988e-10 -5.4101e-11 -1.8316e-12 -2.6700e-14 -1.3029e-16 -1.5101e-19 -2.5883e-23 -3.3760e-28 -1.2994e-34 -3.7260e-43 -1.0337e-54 -1.2518e-70 -5.2925e-93 -3.3601e-125 -8.1909e-173 -1.6556e-245 0.0000e+00 0.0000e+00 0.0000e+00 0.0000e+00 0.0000e+00 0.0000e+00 0.0000e+00 0.0000e+00 0.0000e+00 0.0000e+00 4.9741e-07 1.4079e-06 2.5896e-06 3.9937e-06 5.5935e-06 7.3724e-06 9.3193e-06 1.1427e-05 1.3691e-05 1.6108e-05 1.8676e-05 2.1396e-05 2.4268e-05 2.7294e-05 3.0475e-05 0.0000e+00 3.7317e-05 4.0984e-05 4.4820e-05 4.8830e-05 5.3018e-05 5.7388e-05 6.1945e-05 6.6693e-05 7.1636e-05 7.6777e-05 8.2119e-05 8.7665e-05 9.3414e-05 9.9366e-05 1.0552e-04 1.1187e-04 1.1840e-04 1.2512e-04 1.3199e-04 1.3901e-04 1.4614e-04 1.5335e-04 1.6061e-04 1.6786e-04 1.7504e-04 1.8208e-04 1.8889e-04 1.9538e-04 2.0143e-04 2.0690e-04 2.1164e-04 2.1549e-04 2.1825e-04 2.1973e-04 2.1972e-04 2.1801e-04 2.1440e-04 2.0870e-04 2.0078e-04 1.9056e-04 1.7803e-04 1.6332e-04 1.4667e-04 1.2849e-04 1.0935e-04 8.9938e-05 7.1058e-05 5.3536e-05 3.8122e-05 2.5381e-05 1.5593e-05 8.6965e-06 4.3158e-06 1.8587e-06 6.7337e-07 1.9727e-07 4.4453e-08 7.2281e-09 7.8084e-10 5.0330e-11 1.6804e-12 2.4082e-14 1.1506e-16 1.2989e-19 2.1539e-23 2.6946e-28 9.8340e-35 2.6343e-43 6.6933e-55 7.2292e-71 2.6308e-93 1.3694e-125 2.5555e-173 3.5688e-246 0.0000e+00 0.0000e+00 0.0000e+00 0.0000e+00 0.0000e+00 0.0000e+00 0.0000e+00 0.0000e+00 0.0000e+00 0.0000e+00
-5.4892e-07 -1.5537e-06 -2.8578e-06 -4.4073e-06 -6.1727e-06 -8.1358e-06 -1.0284e-05 -1.2610e-05 -1.5109e-05 -1.7776e-05 -2.0610e-05 -2.3612e-05 -2.6782e-05 -3.0121e-05 -3.3632e-05 -3.7317e-05 2.7394e-03 -4.5229e-05 -4.9463e-05 -5.3888e-05 -5.8510e-05 -6.3333e-05 -6.8363e-05 -7.3604e-05 -7.9060e-05 -8.4735e-05 -9.0632e-05 -9.6755e-05 -1.0310e-04 -1.0967e-04 -1.1647e-04 -1.2348e-04 -1.3070e-04 -1.3812e-04 -1.4571e-04 -1.5347e-04 -1.6135e-04 -1.6932e-04 -1.7735e-04 -1.8537e-04 -1.9332e-04 -2.0112e-04 -2.0867e-04 -2.1587e-04 -2.2259e-04 -2.2867e-04 -2.3396e-04 -2.3827e-04 -2.4139e-04 -2.4310e-04 -2.4317e-04 -2.4137e-04 -2.3747e-04 -2.3127e-04 -2.2262e-04 -2.1141e-04 -1.9766e-04 -1.8147e-04 -1.6313e-04 -1.4307e-04 -1.2190e-04 -1.0040e-04 -7.9457e-05 -5.9978e-05 -4.2804e-05 -2.8572e-05 -1.7606e-05 -9.8536e-06 -4.9103e-06 -2.1251e-06 -7.7432e-07 -2.2841e-07 -5.1895e-08 -8.5218e-09 -9.3162e-10 -6.0921e-11 -2.0701e-12 -3.0315e-14 -1.4875e-16 -1.7357e-19 -2.9997e-23 -3.9526e-28 -1.5403e-34 -4.4849e-43 -1.2678e-54 -1.5706e-70 -6.8265e-93 -4.4817e-125 -1.1378e-172 -2.4179e-245 0.0000e+00 0.0000e+00 0.0000e+00 0.0000e+00 0.0000e+00 0.0000e+00 0.0000e+00 0.0000e+00 0.0000e+00 0.0000e+00 5.4892e-07 1.5537e-06 2.8578e-06 4.4073e-06 6.1727e-06 8.1358e-06 1.0284e-05 1.2610e-05 1.5109e-05 1.7776e-05 2.0610e-05 2.3612e-05 2.6781e-05 3.0120e-05 3.3631e-05 3.7317e-05 0.0000e+00 4.5228e-05 4.9462e-05 5.3887e-05 5.8508e-05 6.3331e-05 6.8359e-05 7.3599e-05 7.9054e-05 8.4727e-05 9.0623e-05 9.6743e-05 1.0309e-04 1.0966e-04 1.1645e-04 1.2345e-04 1.3067e-04 1.3807e-04 1.4566e-04 1.5340e-04 1.6127e-04 1.6923e-04 1.7724e-04 1.8524e-04 1.9316e-04 2.0093e-04 2.0845e-04 2.1562e-04 2.2229e-04 2.2833e-04 2.3356e-04 2.3780e-04 2.4085e-04 2.4249e-04 2.4248e-04 2.4059e-04 2.3660e-04 2.3032e-04 2.2157e-04 2.1029e-04 1.9646e-04 1.8023e-04 1.6186e-04 1.4180e-04 1.2067e-04 9.9251e-05 7.8416e-05 5.9079e-05 4.2069e-05 2.8010e-05 1.7207e-05 9.5970e-06 4.7627e-06 2.0512e-06 7.4309e-07 2.1769e-07 4.9056e-08 7.9765e-09 8.6168e-10 5.5540e-11 1.8543e-12 2.6574e-14 1.2695e-16 1.4331e-19 2.3763e-23 2.9724e-28 1.0845e-34 2.9039e-43 7.3729e-55 7.9524e-71 2.8864e-93 1.4943e-125 2.7553e-173 3.7316e-246 0.0000e+00 0.0000e+00 0.0000e+00 0.0000e+00 0.0000e+00 0.0000e+00 0.0000e+00 0.0000e+00 0.0000e+00 0.0000e+00
