2.9262e-08 -1.6568e-08 -3.0474e-08 -4.6997e-08 -6.5823e-08 -8.6756e-08 -1.0967e-07 -1.3447e-07 -1.6111e-07 -1.8955e-07 -2.1978e-07 -2.5178e-07 -2.8558e-07 -3.2119e-07 -3.5862e-07 -3.9793e-07 -4.3913e-07 -4.8229e-07 -5.2743e-07 -5.7462e-07 -6.2390e-07 -6.7532e-07 -7.2895e-07 -7.8482e-07 -8.4298e-07 -9.0348e-07 -9.6635e-07 -1.0316e-06 -1.0993e-06 -1.1693e-06 -1.2417e-06 -1.3164e-06 -1.3933e-06 -1.4723e-06 -1.5532e-06 -1.6358e-06 -1.7197e-06 -1.8046e-06 -1.8900e-06 -1.9753e-06 -2.0598e-06 -2.1426e-06 -2.2228e-06 -2.2992e-06 -2.3704e-06 -2.4347e-06 -2.4905e-06 -2.5358e-06 -2.5683e-06 -2.5857e-06 -2.5856e-06 -2.5655e-06 -2.5230e-06 -2.4560e-06 -2.3627e-06 -2.2424e-06 -2.0950e-06 -1.9218e-06 -1.7260e-06 -1.5121e-06 -1.2868e-06 -1.0584e-06 -8.3619e-07 -6.2999e-07 -4.4861e-07 -2.9868e-07 -1.8349e-07 -1.0234e-07 -5.0787e-08 -2.1873e-08 -7.9240e-09 -2.3214e-09 -5.2312e-10 -8.5061e-11 -9.1891e-12 -5.9230e-13 -1.9776e-14 -2.8342e-16 -1.3542e-18 -1.5289e-21 -2.5357e-25 -3.1729e-30 -1.1584e-36 -3.1049e-45 -7.8977e-57 -8.5470e-73 -3.1219e-95 -1.6372e-127 -3.1042e-175 -4.4994e-248 -0.0000e+00 -0.0000e+00 -0.0000e+00 -0.0000e+00 -0.0000e+00 -0.0000e+00 -0.0000e+00 -0.0000e+00 -0.0000e+00 -0.0000e+00 0.0000e+00 -1.6568e-08 -3.0474e-08 -4.6997e-08 -6.5823e-08 -8.6756e-08 -1.0967e-07 -1.3447e-07 -1.6111e-07 -1.8955e-07 -2.1978e-07 -2.5178e-07 -2.8558e-07 -3.2119e-07 -3.5862e-07 -3.9793e-07 -4.3913e-07 -4.8229e-07 -5.2743e-07 -5.7462e-07 -6.2390e-07 -6.7532e-07 -7.2895e-07 -7.8482e-07 -8.4298e-07 -9.0348e-07 -9.6635e-07 -1.0316e-06 -1.0993e-06 -1.1693e-06 -1.2417e-06 -1.3164e-06 -1.3933e-06 -1.4723e-06 -1.5532e-06 -1.6358e-06 -1.7197e-06 -1.8046e-06 -1.8900e-06 -1.9753e-06 -2.0598e-06 -2.1426e-06 -2.2228e-06 -2.2992e-06 -2.3704e-06 -2.4347e-06 -2.4905e-06 -2.5358e-06 -2.5683e-06 -2.5857e-06 -2.5856e-06 -2.5655e-06 -2.5230e-06 -2.4560e-06 -2.3627e-06 -2.2424e-06 -2.0950e-06 -1.9218e-06 -1.7260e-06 -1.5121e-06 -1.2868e-06 -1.0584e-06 -8.3619e-07 -6.2999e-07 -4.4861e-07 -2.9868e-07 -1.8349e-07 -1.0234e-07 -5.0787e-08 -2.1873e-08 -7.9240e-09 -2.3214e-09 -5.2312e-10 -8.5061e-11 -9.1891e-12 -5.9230e-13 -1.9776e-14 -2.8342e-16 -1.3542e-18 -1.5289e-21 -2.5357e-25 -3.1729e-30 -1.1584e-36 -3.1049e-45 -7.8977e-57 -8.5469e-73 -3.1219e-95 -1.6371e-127 -3.1041e-175 -4.4994e-248 -0.0000e+00 -0.0000e+00 -0.0000e+00 -0.0000e+00 -0.0000e+00 -0.0000e+00 -0.0000e+00 -0.0000e+00 -0.0000e+00 -0.0000e+00
-1.6568e-08 4.7237e-07 -8.6255e-08 -1.3302e-07 -1.8631e-07 -2.4556e-07 -3.1041e-07 -3.8061e-07 -4.5602e-07 -5.3652e-07 -6.2207e-07 -7.1267e-07 -8.0833e-07 -9.0911e-07 -1.0151e-06 -1.1263e-06 -1.2430e-06 -1.3651e-06 -1.4929e-06 -1.6264e-06 -1.7659e-06 -1.9115e-06 -2.0633e-06 -2.2214e-06 -2.3860e-06 -2.5573e-06 -2.7352e-06 -2.9199e-06 -3.1114e-06 -3.3097e-06 -3.5146e-06 -3.7261e-06 -3.9438e-06 -4.1674e-06 -4.3964e-06 -4.6301e-06 -4.8676e-06 -5.1079e-06 -5.3496e-06 -5.5910e-06 -5.8302e-06 -6.0647e-06 -6.2917e-06 -6.5079e-06 -6.7093e-06 -6.8915e-06 -7.0494e-06 -7.1775e-06 -7.2695e-06 -7.3189e-06 -7.3186e-06 -7.2616e-06 -7.1413e-06 -6.9516e-06 -6.6877e-06 -6.3471e-06 -5.9298e-06 -5.4398e-06 -4.8853e-06 -4.2799e-06 -3.6423e-06 -2.9957e-06 -2.3668e-06 -1.7832e-06 -1.2698e-06 -8.4541e-07 -5.1937e-07 -2.8967e-07 -1.4375e-07 -6.1912e-08 -2.2429e-08 -6.5707e-09 -1.4807e-09 -2.4076e-10 -2.6010e-11 -1.6765e-12 -5.5976e-14 -8.0224e-16 -3.8330e-18 -4.3275e-21 -7.1774e-25 -8.9811e-30 -3.2789e-36 -8.7889e-45 -2.2356e-56 -2.4194e-72 -8.8377e-95 -4.6348e-127 -8.7886e-175 -1.2740e-247 -0.0000e+00 -0.0000e+00 -0.0000e+00 -0.0000e+00 -0.0000e+00 -0.0000e+00 -0.0000e+00 -0.0000e+00 -0.0000e+00 -0.0000e+00 -1.6568e-08 0.0000e+00 -8.6255e-08 -1.3302e-07 -1.8631e-07 -2.4556e-07 -3.1041e-07 -3.8061e-07 -4.5602e-07 -5.3652e-07 -6.2207e-07 -7.1267e-07 -8.0833e-07 -9.0911e-07 -1.0151e-06 -1.1263e-06 -1.2430e-06 -1.3651e-06 -1.4929e-06 -1.6264e-06 -1.7659e-06 -1.9115e-06 -2.0633e-06 -2.2214e-06 -2.3860e-06 -2.5573e-06 -2.7352e-06 -2.9199e-06 -3.1114e-06 -3.3097e-06 -3.5146e-06 -3.7261e-06 -3.9438e-06 -4.1674e-06 -4.3964e-06 -4.6301e-06 -4.8676e-06 -5.1079e-06 -5.3496e-06 -5.5910e-06 -5.8302e-06 -6.0647e-06 -6.2917e-06 -6.5079e-06 -6.7093e-06 -6.8915e-06 -7.0494e-06 -7.1775e-06 -7.2695e-06 -7.3189e-06 -7.3186e-06 -7.2616e-06 -7.1413e-06 -6.9516e-06 -6.6877e-06 -6.3471e-06 -5.9298e-06 -5.4398e-06 -4.8853e-06 -4.2799e-06 -3.6423e-06 -2.9957e-06 -2.3668e-06 -1.7832e-06 -1.2698e-06 -8.4541e-07 -5.1937e-07 -2.8967e-07 -1.4375e-07 -6.1912e-08 -2.2429e-08 -6.5707e-09 -1.4807e-09 -2.4076e-10 -2.6010e-11 -1.6765e-12 -5.5976e-14 -8.0223e-16 -3.8330e-18 -4.3274e-21 -7.1772e-25 -8.9808e-30 -3.2788e-36 -8.7885e-45 -2.2355e-56 -2.4193e-72 -8.8369e-95 -4.6342e-127 -8.7870e-175 -1.2737e-247 -0.0000e+00 -0.0000e+00 -0.0000e+00 -0.0000e+00 -0.0000e+00 -0.0000e+00 -0.0000e+00 -0.0000e+00 -0.0000e+00 -0.0000e+00
-3.0474e-08 -8.6255e-08 2.3953e-06 -2.4467e-07 -3.4269e-07 -4.5167e-07 -5.7095e-07 -7.0008e-07 -8.3877e-07 -9.8684e-07 -1.1442e-06 -1.3108e-06 -1.4868e-06 -1.6722e-06 -1.8671e-06 -2.0717e-06 -2.2862e-06 -2.5109e-06 -2.7459e-06 -2.9916e-06 -3.2481e-06 -3.5159e-06 -3.7950e-06 -4.0859e-06 -4.3887e-06 -4.7037e-06 -5.0310e-06 -5.3708e-06 -5.7230e-06 -6.0877e-06 -6.4646e-06 -6.8536e-06 -7.2540e-06 -7.6653e-06 -8.0864e-06 -8.5163e-06 -8.9532e-06 -9.3951e-06 -9.8397e-06 -1.0284e-05 -1.0724e-05 -1.1155e-05 -1.1573e-05 -1.1970e-05 -1.2341e-05 -1.2676e-05 -1.2966e-05 -1.3202e-05 -1.3371e-05 -1.3462e-05 -1.3461e-05 -1.3357e-05 -1.3135e-05 -1.2786e-05 -1.2301e-05 -1.1674e-05 -1.0907e-05 -1.0006e-05 -8.9858e-06 -7.8723e-06 -6.6994e-06 -5.5101e-06 -4.3534e-06 -3.2799e-06 -2.3356e-06 -1.5550e-06 -9.5531e-07 -5.3280e-07 -2.6441e-07 -1.1388e-07 -4.1255e-08 -1.2086e-08 -2.7236e-09 -4.4286e-10 -4.7843e-11 -3.0838e-12 -1.0297e-13 -1.4757e-15 -7.0509e-18 -7.9606e-21 -1.3203e-24 -1.6522e-29 -6.0324e-36 -1.6170e-44 -4.1134e-56 -4.4522e-72 -1.6265e-94 -8.5319e-127 -1.6183e-174 -2.3471e-247 -0.0000e+00 -0.0000e+00 -0.0000e+00 -0.0000e+00 -0.0000e+00 -0.0000e+00 -0.0000e+00 -0.0000e+00 -0.0000e+00 -0.0000e+00 -3.0474e-08 -8.6255e-08 0.0000e+00 -2.4467e-07 -3.4269e-07 -4.5167e-07 -5.7095e-07 -7.0008e-07 -8.3877e-07 -9.8684e-07 -1.1442e-06 -1.3108e-06 -1.4868e-06 -1.6722e-06 -1.8671e-06 -2.0717e-06 -2.2862e-06 -2.5109e-06 -2.7459e-06 -2.9916e-06 -3.2481e-06 -3.5159e-06 -3.7950e-06 -4.0859e-06 -4.3887e-06 -4.7037e-06 -5.0310e-06 -5.3708e-06 -5.7230e-06 -6.0877e-06 -6.4646e-06 -6.8536e-06 -7.2540e-06 -7.6653e-06 -8.0864e-06 -8.5163e-06 -8.9532e-06 -9.3951e-06 -9.8397e-06 -1.0284e-05 -1.0724e-05 -1.1155e-05 -1.1573e-05 -1.1970e-05 -1.2341e-05 -1.2676e-05 -1.2966e-05 -1.3202e-05 -1.3371e-05 -1.3462e-05 -1.3461e-05 -1.3357e-05 -1.3135e-05 -1.2786e-05 -1.2301e-05 -1.1674e-05 -1.0907e-05 -1.0006e-05 -8.9858e-06 -7.8722e-06 -6.6993e-06 -5.5100e-06 -4.3534e-06 -3.2799e-06 -2.3355e-06 -1.5550e-06 -9.5530e-07 -5.3280e-07 -2.6441e-07 -1.1388e-07 -4.1255e-08 -1.2086e-08 -2.7235e-09 -4.4285e-10 -4.7841e-11 -3.0837e-12 -1.0296e-13 -1.4756e-15 -7.0503e-18 -7.9599e-21 -1.3202e-24 -1.6520e-29 -6.0313e-36 -1.6167e-44 -4.1123e-56 -4.4505e-72 -1.6257e-94 -8.5261e-127 -1.6168e-174 -2.3440e-247 -0.0000e+00 -0.0000e+00 -0.0000e+00 -0.0000e+00 -0.0000e+00 -0.0000e+00 -0.0000e+00 -0.0000e+00 -0.0000e+00 -0.0000e+00
-4.6997e-08 -1.3302e-07 -2.4467e-07 7.5873e-06 -5.2849e-07 -6.9656e-07 -8.8052e-07 -1.0797e-06 -1.2936e-06 -1.5219e-06 -1.7646e-06 -2.0216e-06 -2.2929e-06 -2.5788e-06 -2.8794e-06 -3.1950e-06 -3.5258e-06 -3.8723e-06 -4.2348e-06 -4.6136e-06 -5.0093e-06 -5.4222e-06 -5.8527e-06 -6.3013e-06 -6.7683e-06 -7.2541e-06 -7.7589e-06 -8.2828e-06 -8.8260e-06 -9.3884e-06 -9.9698e-06 -1.0570e-05 -1.1187e-05 -1.1821e-05 -1.2471e-05 -1.3134e-05 -1.3808e-05 -1.4489e-05 -1.5175e-05 -1.5860e-05 -1.6538e-05 -1.7203e-05 -1.7847e-05 -1.8460e-05 -1.9032e-05 -1.9549e-05 -1.9997e-05 -2.0360e-05 -2.0621e-05 -2.0761e-05 -2.0760e-05 -2.0599e-05 -2.0257e-05 -1.9719e-05 -1.8971e-05 -1.8005e-05 -1.6821e-05 -1.5431e-05 -1.3858e-05 -1.2141e-05 -1.0332e-05 -8.4978e-06 -6.7140e-06 -5.0584e-06 -3.6020e-06 -2.3982e-06 -1.4733e-06 -8.2172e-07 -4.0780e-07 -1.7563e-07 -6.3628e-08 -1.8640e-08 -4.2007e-09 -6.8305e-10 -7.3792e-11 -4.7566e-12 -1.5882e-13 -2.2763e-15 -1.0876e-17 -1.2280e-20 -2.0370e-24 -2.5492e-29 -9.3084e-36 -2.4956e-44 -6.3497e-56 -6.8745e-72 -2.5125e-94 -1.3187e-126 -2.5034e-174 -3.6355e-247 -0.0000e+00 -0.0000e+00 -0.0000e+00 -0.0000e+00 -0.0000e+00 -0.0000e+00 -0.0000e+00 -0.0000e+00 -0.0000e+00 -0.0000e+00 -4.6997e-08 -1.3302e-07 -2.4467e-07 0.0000e+00 -5.2849e-07 -6.9656e-07 -8.8052e-07 -1.0797e-06 -1.2936e-06 -1.5219e-06 -1.7646e-06 -2.0216e-06 -2.2929e-06 -2.5788e-06 -2.8794e-06 -3.1950e-06 -3.5258e-06 -3.8723e-06 -4.2348e-06 -4.6136e-06 -5.0093e-06 -5.4222e-06 -5.8527e-06 -6.3013e-06 -6.7683e-06 -7.2541e-06 -7.7589e-06 -8.2828e-06 -8.8260e-06 -9.3884e-06 -9.9698e-06 -1.0570e-05 -1.1187e-05 -1.1821e-05 -1.2471e-05 -1.3134e-05 -1.3808e-05 -1.4489e-05 -1.5175e-05 -1.5860e-05 -1.6538e-05 -1.7203e-05 -1.7847e-05 -1.8460e-05 -1.9032e-05 -1.9549e-05 -1.9997e-05 -2.0360e-05 -2.0621e-05 -2.0761e-05 -2.0760e-05 -2.0599e-05 -2.0257e-05 -1.9719e-05 -1.8971e-05 -1.8004e-05 -1.6821e-05 -1.5431e-05 -1.3858e-05 -1.2141e-05 -1.0332e-05 -8.4977e-06 -6.7138e-06 -5.0583e-06 -3.6019e-06 -2.3981e-06 -1.4733e-06 -8.2169e-07 -4.0778e-07 -1.7563e-07 -6.3624e-08 -1.8639e-08 -4.2003e-09 -6.8299e-10 -7.3784e-11 -4.7559e-12 -1.5879e-13 -2.2758e-15 -1.0874e-17 -1.2277e-20 -2.0363e-24 -2.5481e-29 -9.3033e-36 -2.4938e-44 -6.3439e-56 -6.8664e-72 -2.5085e-94 -1.3159e-126 -2.4960e-174 -3.6202e-247 -0.0000e+00 -0.0000e+00 -0.0000e+00 -0.0000e+00 -0.0000e+00 -0.0000e+00 -0.0000e+00 -0.0000e+00 -0.0000e+00 -0.0000e+00
-6.5823e-08 -1.8631e-07 -3.4269e-07 -5.2849e-07 1.8578e-05 -9.7559e-07 -1.2332e-06 -1.5122e-06 -1.8117e-06 -2.1315e-06 -2.4714e-06 -2.8314e-06 -3.2115e-06 -3.6118e-06 -4.0328e-06 -4.4748e-06 -4.9382e-06 -5.4235e-06 -5.9311e-06 -6.4617e-06 -7.0159e-06 -7.5942e-06 -8.1972e-06 -8.8255e-06 -9.4796e-06 -1.0160e-05 -1.0867e-05 -1.1601e-05 -1.2362e-05 -1.3149e-05 -1.3963e-05 -1.4804e-05 -1.5669e-05 -1.6557e-05 -1.7467e-05 -1.8395e-05 -1.9339e-05 -2.0293e-05 -2.1254e-05 -2.2213e-05 -2.3163e-05 -2.4095e-05 -2.4997e-05 -2.5855e-05 -2.6656e-05 -2.7379e-05 -2.8007e-05 -2.8516e-05 -2.8882e-05 -2.9078e-05 -2.9077e-05 -2.8850e-05 -2.8372e-05 -2.7619e-05 -2.6570e-05 -2.5217e-05 -2.3559e-05 -2.1613e-05 -1.9410e-05 -1.7005e-05 -1.4471e-05 -1.1902e-05 -9.4038e-06 -7.0850e-06 -5.0452e-06 -3.3591e-06 -2.0637e-06 -1.1510e-06 -5.7120e-07 -2.4602e-07 -8.9127e-08 -2.6111e-08 -5.8844e-09 -9.5687e-10 -1.0338e-10 -6.6639e-12 -2.2252e-13 -3.1894e-15 -1.5241e-17 -1.7210e-20 -2.8551e-24 -3.5737e-29 -1.3053e-35 -3.5005e-44 -8.9106e-56 -9.6530e-72 -3.5309e-94 -1.8554e-126 -3.5287e-174 -5.1384e-247 -0.0000e+00 -0.0000e+00 -0.0000e+00 -0.0000e+00 -0.0000e+00 -0.0000e+00 -0.0000e+00 -0.0000e+00 -0.0000e+00 -0.0000e+00 -6.5823e-08 -1.8631e-07 -3.4269e-07 -5.2849e-07 0.0000e+00 -9.7559e-07 -1.2332e-06 -1.5122e-06 -1.8117e-06 -2.1315e-06 -2.4714e-06 -2.8314e-06 -3.2115e-06 -3.6118e-06 -4.0328e-06 -4.4748e-06 -4.9382e-06 -5.4235e-06 -5.9311e-06 -6.4617e-06 -7.0159e-06 -7.5942e-06 -8.1972e-06 -8.8255e-06 -9.4796e-06 -1.0160e-05 -1.0867e-05 -1.1601e-05 -1.2362e-05 -1.3149e-05 -1.3963e-05 -1.4804e-05 -1.5669e-05 -1.6557e-05 -1.7467e-05 -1.8395e-05 -1.9339e-05 -2.0293e-05 -2.1254e-05 -2.2213e-05 -2.3163e-05 -2.4095e-05 -2.4997e-05 -2.5855e-05 -2.6655e-05 -2.7379e-05 -2.8007e-05 -2.8516e-05 -2.8881e-05 -2.9077e-05 -2.9076e-05 -2.8850e-05 -2.8372e-05 -2.7618e-05 -2.6570e-05 -2.5217e-05 -2.3559e-05 -2.1612e-05 -1.9409e-05 -1.7004e-05 -1.4471e-05 -1.1902e-05 -9.4034e-06 -7.0846e-06 -5.0449e-06 -3.3589e-06 -2.0635e-06 -1.1509e-06 -5.7114e-07 -2.4599e-07 -8.9114e-08 -2.6107e-08 -5.8833e-09 -9.5664e-10 -1.0335e-10 -6.6617e-12 -2.2243e-13 -3.1879e-15 -1.5232e-17 -1.7198e-20 -2.8527e-24 -3.5699e-29 -1.3035e-35 -3.4945e-44 -8.8910e-56 -9.6251e-72 -3.5174e-94 -1.8458e-126 -3.5033e-174 -5.0859e-247 -0.0000e+00 -0.0000e+00 -0.0000e+00 -0.0000e+00 -0.0000e+00 -0.0000e+00 -0.0000e+00 -0.0000e+00 -0.0000e+00 -0.0000e+00
-8.6756e-08 -2.4556e-07 -4.5167e-07 -6.9656e-07 -9.7559e-07 3.8660e-05 -1.6254e-06 -1.9931e-06 -2.3879e-06 -2.8094e-06 -3.2574e-06 -3.7318e-06 -4.2328e-06 -4.7605e-06 -5.3154e-06 -5.8979e-06 -6.5086e-06 -7.1482e-06 -7.8173e-06 -8.5167e-06 -9.2471e-06 -1.0009e-05 -1.0804e-05 -1.1632e-05 -1.2494e-05 -1.3391e-05 -1.4323e-05 -1.5290e-05 -1.6293e-05 -1.7331e-05 -1.8404e-05 -1.9511e-05 -2.0651e-05 -2.1822e-05 -2.3021e-05 -2.4245e-05 -2.5489e-05 -2.6747e-05 -2.8013e-05 -2.9277e-05 -3.0530e-05 -3.1758e-05 -3.2946e-05 -3.4078e-05 -3.5133e-05 -3.6087e-05 -3.6914e-05 -3.7585e-05 -3.8067e-05 -3.8326e-05 -3.8324e-05 -3.8026e-05 -3.7396e-05 -3.6403e-05 -3.5021e-05 -3.3238e-05 -3.1053e-05 -2.8487e-05 -2.5584e-05 -2.2414e-05 -1.9074e-05 -1.5688e-05 -1.2395e-05 -9.3389e-06 -6.6503e-06 -4.4279e-06 -2.7203e-06 -1.5172e-06 -7.5299e-07 -3.2432e-07 -1.1750e-07 -3.4425e-08 -7.7582e-09 -1.2616e-09 -1.3631e-10 -8.7878e-12 -2.9347e-13 -4.2070e-15 -2.0107e-17 -2.2709e-20 -3.7684e-24 -4.7184e-29 -1.7241e-35 -4.6266e-44 -1.1786e-55 -1.2782e-71 -4.6828e-94 -2.4661e-126 -4.7053e-174 -6.8853e-247 -0.0000e+00 -0.0000e+00 -0.0000e+00 -0.0000e+00 -0.0000e+00 -0.0000e+00 -0.0000e+00 -0.0000e+00 -0.0000e+00 -0.0000e+00 -8.6756e-08 -2.4556e-07 -4.5167e-07 -6.9656e-07 -9.7559e-07 0.0000e+00 -1.6254e-06 -1.9931e-06 -2.3879e-06 -2.8094e-06 -3.2574e-06 -3.7318e-06 -4.2328e-06 -4.7605e-06 -5.3154e-06 -5.8979e-06 -6.5086e-06 -7.1482e-06 -7.8173e-06 -8.5167e-06 -9.2471e-06 -1.0009e-05 -1.0804e-05 -1.1632e-05 -1.2494e-05 -1.3391e-05 -1.4323e-05 -1.5290e-05 -1.6293e-05 -1.7331e-05 -1.8404e-05 -1.9511e-05 -2.0651e-05 -2.1822e-05 -2.3021e-05 -2.4245e-05 -2.5489e-05 -2.6747e-05 -2.8013e-05 -2.9277e-05 -3.0529e-05 -3.1757e-05 -3.2946e-05 -3.4078e-05 -3.5133e-05 -3.6087e-05 -3.6914e-05 -3.7585e-05 -3.8066e-05 -3.8325e-05 -3.8323e-05 -3.8025e-05 -3.7395e-05 -3.6402e-05 -3.5020e-05 -3.3236e-05 -3.1051e-05 -2.8485e-05 -2.5582e-05 -2.2412e-05 -1.9073e-05 -1.5687e-05 -1.2394e-05 -9.3379e-06 -6.6495e-06 -4.4272e-06 -2.7198e-06 -1.5170e-06 -7.5282e-07 -3.2424e-07 -1.1746e-07 -3.4413e-08 -7.7551e-09 -1.2610e-09 -1.3624e-10 -8.7818e-12 -2.9323e-13 -4.2028e-15 -2.0083e-17 -2.2676e-20 -3.7616e-24 -4.7079e-29 -1.7193e-35 -4.6102e-44 -1.1733e-55 -1.2706e-71 -4.6457e-94 -2.4397e-126 -4.6356e-174 -6.7407e-247 -0.0000e+00 -0.0000e+00 -0.0000e+00 -0.0000e+00 -0.0000e+00 -0.0000e+00 -0.0000e+00 -0.0000e+00 -0.0000e+00 -0.0000e+00
-1.0967e-07 -3.1041e-07 -5.7095e-07 -8.8052e-07 -1.2332e-06 -1.6254e-06 7.1925e-05 -2.5194e-06 -3.0185e-06 -3.5514e-06 -4.1177e-06 -4.7174e-06 -5.3506e-06 -6.0177e-06 -6.7191e-06 -7.4555e-06 -8.2275e-06 -9.0360e-06 -9.8818e-06 -1.0766e-05 -1.1689e-05 -1.2653e-05 -1.3657e-05 -1.4704e-05 -1.5794e-05 -1.6927e-05 -1.8105e-05 -1.9328e-05 -2.0596e-05 -2.1908e-05 -2.3265e-05 -2.4664e-05 -2.6105e-05 -2.7585e-05 -2.9101e-05 -3.0648e-05 -3.2220e-05 -3.3811e-05 -3.5411e-05 -3.7009e-05 -3.8592e-05 -4.0145e-05 -4.1647e-05 -4.3078e-05 -4.4412e-05 -4.5618e-05 -4.6664e-05 -4.7512e-05 -4.8121e-05 -4.8448e-05 -4.8446e-05 -4.8070e-05 -4.7274e-05 -4.6018e-05 -4.4272e-05 -4.2017e-05 -3.9256e-05 -3.6012e-05 -3.2342e-05 -2.8335e-05 -2.4114e-05 -1.9834e-05 -1.5671e-05 -1.1807e-05 -8.4079e-06 -5.5982e-06 -3.4394e-06 -1.9184e-06 -9.5211e-07 -4.1010e-07 -1.4859e-07 -4.3535e-08 -9.8123e-09 -1.5958e-09 -1.7244e-10 -1.1118e-11 -3.7136e-13 -5.3247e-15 -2.5456e-17 -2.8761e-20 -4.7746e-24 -5.9817e-29 -2.1873e-35 -5.8753e-44 -1.4987e-55 -1.6283e-71 -5.9803e-94 -3.1608e-126 -6.0625e-174 -8.9419e-247 -0.0000e+00 -0.0000e+00 -0.0000e+00 -0.0000e+00 -0.0000e+00 -0.0000e+00 -0.0000e+00 -0.0000e+00 -0.0000e+00 -0.0000e+00 -1.0967e-07 -3.1041e-07 -5.7095e-07 -8.8052e-07 -1.2332e-06 -1.6254e-06 0.0000e+00 -2.5194e-06 -3.0185e-06 -3.5514e-06 -4.1177e-06 -4.7174e-06 -5.3506e-06 -6.0177e-06 -6.7191e-06 -7.4555e-06 -8.2275e-06 -9.0360e-06 -9.8818e-06 -1.0766e-05 -1.1689e-05 -1.2653e-05 -1.3657e-05 -1.4704e-05 -1.5794e-05 -1.6927e-05 -1.8105e-05 -1.9328e-05 -2.0596e-05 -2.1908e-05 -2.3264e-05 -2.4664e-05 -2.6105e-05 -2.7585e-05 -2.9101e-05 -3.0648e-05 -3.2220e-05 -3.3811e-05 -3.5410e-05 -3.7009e-05 -3.8592e-05 -4.0144e-05 -4.1647e-05 -4.3078e-05 -4.4411e-05 -4.5617e-05 -4.6663e-05 -4.7510e-05 -4.8120e-05 -4.8446e-05 -4.8445e-05 -4.8068e-05 -4.7271e-05 -4.6016e-05 -4.4269e-05 -4.2014e-05 -3.9253e-05 -3.6009e-05 -3.2339e-05 -2.8332e-05 -2.4111e-05 -1.9831e-05 -1.5668e-05 -1.1804e-05 -8.4059e-06 -5.5967e-06 -3.4384e-06 -1.9177e-06 -9.5172e-07 -4.0991e-07 -1.4850e-07 -4.3507e-08 -9.8048e-09 -1.5944e-09 -1.7226e-10 -1.1104e-11 -3.7080e-13 -5.3150e-15 -2.5399e-17 -2.8683e-20 -4.7587e-24 -5.9569e-29 -2.1760e-35 -5.8366e-44 -1.4860e-55 -1.6103e-71 -5.8928e-94 -3.0984e-126 -5.8978e-174 -8.5998e-247 -0.0000e+00 -0.0000e+00 -0.0000e+00 -0.0000e+00 -0.0000e+00 -0.0000e+00 -0.0000e+00 -0.0000e+00 -0.0000e+00 -0.0000e+00
-1.3447e-07 -3.8061e-07 -7.0008e-07 -1.0797e-06 -1.5122e-06 -1.9931e-06 -2.5194e-06 1.2330e-04 -3.7012e-06 -4.3546e-06 -5.0489e-06 -5.7843e-06 -6.5607e-06 -7.3787e-06 -8.2387e-06 -9.1417e-06 -1.0088e-05 -1.1080e-05 -1.2117e-05 -1.3201e-05 -1.4333e-05 -1.5514e-05 -1.6746e-05 -1.8030e-05 -1.9366e-05 -2.0756e-05 -2.2200e-05 -2.3699e-05 -2.5254e-05 -2.6863e-05 -2.8526e-05 -3.0243e-05 -3.2010e-05 -3.3825e-05 -3.5683e-05 -3.7580e-05 -3.9508e-05 -4.1458e-05 -4.3420e-05 -4.5380e-05 -4.7321e-05 -4.9225e-05 -5.1068e-05 -5.2822e-05 -5.4457e-05 -5.5936e-05 -5.7219e-05 -5.8259e-05 -5.9006e-05 -5.9408e-05 -5.9406e-05 -5.8944e-05 -5.7969e-05 -5.6429e-05 -5.4289e-05 -5.1524e-05 -4.8138e-05 -4.4161e-05 -3.9662e-05 -3.4748e-05 -2.9572e-05 -2.4323e-05 -1.9219e-05 -1.4480e-05 -1.0312e-05 -6.8663e-06 -4.2187e-06 -2.3532e-06 -1.1680e-06 -5.0311e-07 -1.8230e-07 -5.3419e-08 -1.2041e-08 -1.9586e-09 -2.1168e-10 -1.3651e-11 -4.5609e-13 -6.5417e-15 -3.1287e-17 -3.5368e-20 -5.8753e-24 -7.3671e-29 -2.6970e-35 -7.2551e-44 -1.8544e-55 -2.0203e-71 -7.4486e-94 -3.9583e-126 -7.6527e-174 -1.1421e-246 -0.0000e+00 -0.0000e+00 -0.0000e+00 -0.0000e+00 -0.0000e+00 -0.0000e+00 -0.0000e+00 -0.0000e+00 -0.0000e+00 -0.0000e+00 -1.3447e-07 -3.8061e-07 -7.0008e-07 -1.0797e-06 -1.5122e-06 -1.9931e-06 -2.5194e-06 0.0000e+00 -3.7012e-06 -4.3546e-06 -5.0489e-06 -5.7843e-06 -6.5607e-06 -7.3787e-06 -8.2387e-06 -9.1417e-06 -1.0088e-05 -1.1080e-05 -1.2117e-05 -1.3201e-05 -1.4333e-05 -1.5514e-05 -1.6746e-05 -1.8030e-05 -1.9366e-05 -2.0756e-05 -2.2200e-05 -2.3699e-05 -2.5254e-05 -2.6863e-05 -2.8526e-05 -3.0242e-05 -3.2009e-05 -3.3824e-05 -3.5683e-05 -3.7579e-05 -3.9507e-05 -4.1458e-05 -4.3419e-05 -4.5379e-05 -4.7320e-05 -4.9224e-05 -5.1066e-05 -5.2821e-05 -5.4455e-05 -5.5934e-05 -5.7217e-05 -5.8256e-05 -5.9003e-05 -5.9404e-05 -5.9402e-05 -5.8940e-05 -5.7964e-05 -5.6424e-05 -5.4283e-05 -5.1518e-05 -4.8132e-05 -4.4154e-05 -3.9654e-05 -3.4741e-05 -2.9565e-05 -2.4317e-05 -1.9213e-05 -1.4475e-05 -1.0308e-05 -6.8632e-06 -4.2165e-06 -2.3517e-06 -1.1671e-06 -5.0270e-07 -1.8213e-07 -5.3359e-08 -1.2026e-08 -1.9556e-09 -2.1129e-10 -1.3622e-11 -4.5491e-13 -6.5213e-15 -3.1169e-17 -3.5204e-20 -5.8419e-24 -7.3151e-29 -2.6731e-35 -7.1736e-44 -1.8277e-55 -1.9824e-71 -7.2639e-94 -3.8265e-126 -7.3041e-174 -1.0695e-246 -0.0000e+00 -0.0000e+00 -0.0000e+00 -0.0000e+00 -0.0000e+00 -0.0000e+00 -0.0000e+00 -0.0000e+00 -0.0000e+00 -0.0000e+00
-1.6111e-07 -4.5602e-07 -8.3877e-07 -1.2936e-06 -1.8117e-06 -2.3879e-06 -3.0185e-06 -3.7012e-06 1.9860e-04 -5.2172e-06 -6.0492e-06 -6.9302e-06 -7.8604e-06 -8.8404e-06 -9.8709e-06 -1.0953e-05 -1.2087e-05 -1.3275e-05 -1.4517e-05 -1.5816e-05 -1.7172e-05 -1.8588e-05 -2.0064e-05 -2.1602e-05 -2.3203e-05 -2.4868e-05 -2.6598e-05 -2.8394e-05 -3.0257e-05 -3.2185e-05 -3.4178e-05 -3.6234e-05 -3.8351e-05 -4.0526e-05 -4.2752e-05 -4.5025e-05 -4.7335e-05 -4.9672e-05 -5.2022e-05 -5.4370e-05 -5.6697e-05 -5.8978e-05 -6.1186e-05 -6.3288e-05 -6.5247e-05 -6.7020e-05 -6.8557e-05 -6.9803e-05 -7.0699e-05 -7.1180e-05 -7.1179e-05 -7.0626e-05 -6.9458e-05 -6.7614e-05 -6.5050e-05 -6.1738e-05 -5.7682e-05 -5.2917e-05 -4.7526e-05 -4.1639e-05 -3.5438e-05 -2.9149e-05 -2.3032e-05 -1.7354e-05 -1.2359e-05 -8.2300e-06 -5.0569e-06 -2.8209e-06 -1.4002e-06 -6.0323e-07 -2.1860e-07 -6.4066e-08 -1.4444e-08 -2.3499e-09 -2.5404e-10 -1.6388e-11 -5.4774e-13 -7.8601e-15 -3.7615e-17 -4.2554e-20 -7.0760e-24 -8.8838e-29 -3.2576e-35 -8.7823e-44 -2.2513e-55 -2.4625e-71 -9.1288e-94 -4.8891e-126 -9.5585e-174 -1.4502e-246 -0.0000e+00 -0.0000e+00 -0.0000e+00 -0.0000e+00 -0.0000e+00 -0.0000e+00 -0.0000e+00 -0.0000e+00 -0.0000e+00 -0.0000e+00 -1.6111e-07 -4.5602e-07 -8.3877e-07 -1.2936e-06 -1.8117e-06 -2.3879e-06 -3.0185e-06 -3.7012e-06 0.0000e+00 -5.2172e-06 -6.0492e-06 -6.9302e-06 -7.8604e-06 -8.8404e-06 -9.8709e-06 -1.0953e-05 -1.2087e-05 -1.3275e-05 -1.4517e-05 -1.5816e-05 -1.7172e-05 -1.8588e-05 -2.0064e-05 -2.1602e-05 -2.3202e-05 -2.4868e-05 -2.6598e-05 -2.8394e-05 -3.0256e-05 -3.2184e-05 -3.4177e-05 -3.6234e-05 -3.8351e-05 -4.0525e-05 -4.2752e-05 -4.5024e-05 -4.7334e-05 -4.9671e-05 -5.2021e-05 -5.4369e-05 -5.6695e-05 -5.8976e-05 -6.1183e-05 -6.3285e-05 -6.5244e-05 -6.7016e-05 -6.8552e-05 -6.9798e-05 -7.0693e-05 -7.1174e-05 -7.1171e-05 -7.0618e-05 -6.9448e-05 -6.7604e-05 -6.5038e-05 -6.1726e-05 -5.7669e-05 -5.2904e-05 -4.7513e-05 -4.1626e-05 -3.5425e-05 -2.9137e-05 -2.3021e-05 -1.7345e-05 -1.2352e-05 -8.2240e-06 -5.0526e-06 -2.8182e-06 -1.3987e-06 -6.0244e-07 -2.1827e-07 -6.3952e-08 -1.4414e-08 -2.3441e-09 -2.5329e-10 -1.6331e-11 -5.4546e-13 -7.8207e-15 -3.7387e-17 -4.2238e-20 -7.0115e-24 -8.7833e-29 -3.2114e-35 -8.6246e-44 -2.1996e-55 -2.3890e-71 -8.7706e-94 -4.6330e-126 -8.8792e-174 -1.3082e-246 -0.0000e+00 -0.0000e+00 -0.0000e+00 -0.0000e+00 -0.0000e+00 -0.0000e+00 -0.0000e+00 -0.0000e+00 -0.0000e+00 -0.0000e+00
-1.8955e-07 -5.3652e-07 -9.8684e-07 -1.5219e-06 -2.1315e-06 -2.8094e-06 -3.5514e-06 -4.3546e-06 -5.2172e-06 3.0457e-04 -7.1170e-06 -8.1536e-06 -9.2480e-06 -1.0401e-05 -1.1613e-05 -1.2886e-05 -1.4221e-05 -1.5618e-05 -1.7080e-05 -1.8608e-05 -2.0204e-05 -2.1869e-05 -2.3606e-05 -2.5415e-05 -2.7299e-05 -2.9258e-05 -3.1294e-05 -3.3407e-05 -3.5598e-05 -3.7867e-05 -4.0211e-05 -4.2631e-05 -4.5122e-05 -4.7680e-05 -5.0300e-05 -5.2974e-05 -5.5692e-05 -5.8441e-05 -6.1207e-05 -6.3970e-05 -6.6707e-05 -6.9391e-05 -7.1989e-05 -7.4463e-05 -7.6768e-05 -7.8854e-05 -8.0663e-05 -8.2130e-05 -8.3185e-05 -8.3752e-05 -8.3751e-05 -8.3102e-05 -8.1728e-05 -7.9560e-05 -7.6544e-05 -7.2649e-05 -6.7877e-05 -6.2272e-05 -5.5929e-05 -4.9003e-05 -4.1706e-05 -3.4307e-05 -2.7109e-05 -2.0427e-05 -1.4549e-05 -9.6885e-06 -5.9536e-06 -3.3215e-06 -1.6489e-06 -7.1046e-07 -2.5751e-07 -7.5484e-08 -1.7022e-08 -2.7703e-09 -2.9958e-10 -1.9335e-11 -6.4659e-13 -9.2849e-15 -4.4472e-17 -5.0364e-20 -8.3862e-24 -1.0547e-28 -3.8764e-35 -1.0482e-43 -2.6979e-55 -2.9671e-71 -1.1083e-93 -5.9984e-126 -1.1904e-173 -1.8455e-246 -0.0000e+00 -0.0000e+00 -0.0000e+00 -0.0000e+00 -0.0000e+00 -0.0000e+00 -0.0000e+00 -0.0000e+00 -0.0000e+00 -0.0000e+00 -1.8955e-07 -5.3652e-07 -9.8684e-07 -1.5219e-06 -2.1315e-06 -2.8094e-06 -3.5514e-06 -4.3546e-06 -5.2172e-06 0.0000e+00 -7.1170e-06 -8.1536e-06 -9.2480e-06 -1.0401e-05 -1.1613e-05 -1.2886e-05 -1.4221e-05 -1.5618e-05 -1.7080e-05 -1.8608e-05 -2.0204e-05 -2.1869e-05 -2.3606e-05 -2.5415e-05 -2.7299e-05 -2.9258e-05 -3.1294e-05 -3.3407e-05 -3.5598e-05 -3.7866e-05 -4.0211e-05 -4.2630e-05 -4.5121e-05 -4.7679e-05 -5.0299e-05 -5.2973e-05 -5.5690e-05 -5.8440e-05 -6.1205e-05 -6.3967e-05 -6.6704e-05 -6.9387e-05 -7.1985e-05 -7.4458e-05 -7.6763e-05 -7.8848e-05 -8.0655e-05 -8.2121e-05 -8.3175e-05 -8.3740e-05 -8.3738e-05 -8.3087e-05 -8.1711e-05 -7.9541e-05 -7.6523e-05 -7.2627e-05 -6.7854e-05 -6.2248e-05 -5.5905e-05 -4.8978e-05 -4.1682e-05 -3.4284e-05 -2.7088e-05 -2.0410e-05 -1.4534e-05 -9.6777e-06 -5.9459e-06 -3.3165e-06 -1.6461e-06 -7.0904e-07 -2.5691e-07 -7.5277e-08 -1.6968e-08 -2.7598e-09 -2.9824e-10 -1.9232e-11 -6.4247e-13 -9.2137e-15 -4.4059e-17 -4.9794e-20 -8.2695e-24 -1.0365e-28 -3.7928e-35 -1.0197e-43 -2.6041e-55 -2.8339e-71 -1.0432e-93 -5.5317e-126 -1.0661e-173 -1.5841e-246 -0.0000e+00 -0.0000e+00 -0.0000e+00 -0.0000e+00 -0.0000e+00 -0.0000e+00 -0.0000e+00 -0.0000e+00 -0.0000e+00 -0.0000e+00
-2.1978e-07 -6.2207e-07 -1.1442e-06 -1.7646e-06 -2.4714e-06 -3.2574e-06 -4.1177e-06 -5.0489e-06 -6.0492e-06 -7.1170e-06 4.4899e-04 -9.4538e-06 -1.0723e-05 -1.2060e-05 -1.3465e-05 -1.4941e-05 -1.6488e-05 -1.8108e-05 -1.9804e-05 -2.1575e-05 -2.3426e-05 -2.5357e-05 -2.7370e-05 -2.9468e-05 -3.1652e-05 -3.3924e-05 -3.6284e-05 -3.8734e-05 -4.1275e-05 -4.3905e-05 -4.6624e-05 -4.9429e-05 -5.2318e-05 -5.5284e-05 -5.8322e-05 -6.1422e-05 -6.4574e-05 -6.7762e-05 -7.0969e-05 -7.4173e-05 -7.7347e-05 -8.0459e-05 -8.3472e-05 -8.6341e-05 -8.9015e-05 -9.1434e-05 -9.3533e-05 -9.5235e-05 -9.6459e-05 -9.7117e-05 -9.7117e-05 -9.6366e-05 -9.4775e-05 -9.2262e-05 -8.8766e-05 -8.4252e-05 -7.8720e-05 -7.2222e-05 -6.4868e-05 -5.6837e-05 -4.8376e-05 -3.9796e-05 -3.1448e-05 -2.3699e-05 -1.6880e-05 -1.1242e-05 -6.9093e-06 -3.8552e-06 -1.9142e-06 -8.2494e-07 -2.9907e-07 -8.7691e-08 -1.9782e-08 -3.2207e-09 -3.4847e-10 -2.2503e-11 -7.5310e-13 -1.0824e-14 -5.1905e-17 -5.8868e-20 -9.8202e-24 -1.2380e-28 -4.5640e-35 -1.2391e-43 -3.2065e-55 -3.5520e-71 -1.3399e-93 -7.3515e-126 -1.4870e-173 -2.3682e-246 -0.0000e+00 -0.0000e+00 -0.0000e+00 -0.0000e+00 -0.0000e+00 -0.0000e+00 -0.0000e+00 -0.0000e+00 -0.0000e+00 -0.0000e+00 -2.1978e-07 -6.2207e-07 -1.1442e-06 -1.7646e-06 -2.4714e-06 -3.2574e-06 -4.1177e-06 -5.0489e-06 -6.0492e-06 -7.1170e-06 0.0000e+00 -9.4538e-06 -1.0723e-05 -1.2060e-05 -1.3465e-05 -1.4941e-05 -1.6488e-05 -1.8108e-05 -1.9803e-05 -2.1575e-05 -2.3426e-05 -2.5356e-05 -2.7370e-05 -2.9468e-05 -3.1652e-05 -3.3923e-05 -3.6284e-05 -3.8734e-05 -4.1274e-05 -4.3904e-05 -4.6623e-05 -4.9428e-05 -5.2316e-05 -5.5283e-05 -5.8320e-05 -6.1420e-05 -6.4571e-05 -6.7759e-05 -7.0965e-05 -7.4168e-05 -7.7342e-05 -8.0453e-05 -8.3465e-05 -8.6333e-05 -8.9005e-05 -9.1423e-05 -9.3519e-05 -9.5219e-05 -9.6441e-05 -9.7097e-05 -9.7094e-05 -9.6340e-05 -9.4746e-05 -9.2230e-05 -8.8732e-05 -8.4214e-05 -7.8680e-05 -7.2180e-05 -6.4826e-05 -5.6795e-05 -4.8336e-05 -3.9757e-05 -3.1414e-05 -2.3669e-05 -1.6856e-05 -1.1224e-05 -6.8961e-06 -3.8467e-06 -1.9093e-06 -8.2249e-07 -2.9804e-07 -8.7338e-08 -1.9688e-08 -3.2027e-09 -3.4617e-10 -2.2327e-11 -7.4605e-13 -1.0703e-14 -5.1198e-17 -5.7891e-20 -9.6203e-24 -1.2068e-28 -4.4207e-35 -1.1901e-43 -3.0453e-55 -3.3225e-71 -1.2275e-93 -6.5429e-126 -1.2706e-173 -1.9095e-246 -0.0000e+00 -0.0000e+00 -0.0000e+00 -0.0000e+00 -0.0000e+00 -0.0000e+00 -0.0000e+00 -0.0000e+00 -0.0000e+00 -0.0000e+00
-2.5178e-07 -7.1267e-07 -1.3108e-06 -2.0216e-06 -2.8314e-06 -3.7318e-06 -4.7174e-06 -5.7843e-06 -6.9302e-06 -8.1536e-06 -9.4538e-06 6.4072e-04 -1.2284e-05 -1.3816e-05 -1.5426e-05 -1.7117e-05 -1.8890e-05 -2.0746e-05 -2.2688e-05 -2.4718e-05 -2.6837e-05 -2.9050e-05 -3.1356e-05 -3.3760e-05 -3.6262e-05 -3.8864e-05 -4.1569e-05 -4.4376e-05 -4.7286e-05 -5.0300e-05 -5.3415e-05 -5.6629e-05 -5.9938e-05 -6.3337e-05 -6.6817e-05 -7.0369e-05 -7.3980e-05 -7.7633e-05 -8.1308e-05 -8.4978e-05 -8.8615e-05 -9.2182e-05 -9.5634e-05 -9.8922e-05 -1.0199e-04 -1.0476e-04 -1.0716e-04 -1.0912e-04 -1.1052e-04 -1.1128e-04 -1.1128e-04 -1.1042e-04 -1.0860e-04 -1.0572e-04 -1.0172e-04 -9.6549e-05 -9.0213e-05 -8.2770e-05 -7.4346e-05 -6.5146e-05 -5.5452e-05 -4.5619e-05 -3.6053e-05 -2.7172e-05 -1.9357e-05 -1.2893e-05 -7.9253e-06 -4.4229e-06 -2.1966e-06 -9.4687e-07 -3.4338e-07 -1.0072e-07 -2.2732e-08 -3.7029e-09 -4.0090e-10 -2.5911e-11 -8.6798e-13 -1.2491e-14 -5.9985e-17 -6.8162e-20 -1.1398e-23 -1.4414e-28 -5.3351e-35 -1.4561e-43 -3.7940e-55 -4.2417e-71 -1.6201e-93 -9.0410e-126 -1.8718e-173 -3.0781e-246 -0.0000e+00 -0.0000e+00 -0.0000e+00 -0.0000e+00 -0.0000e+00 -0.0000e+00 -0.0000e+00 -0.0000e+00 -0.0000e+00 -0.0000e+00 -2.5178e-07 -7.1267e-07 -1.3108e-06 -2.0216e-06 -2.8314e-06 -3.7318e-06 -4.7174e-06 -5.7843e-06 -6.9302e-06 -8.1536e-06 -9.4538e-06 0.0000e+00 -1.2284e-05 -1.3816e-05 -1.5426e-05 -1.7117e-05 -1.8890e-05 -2.0746e-05 -2.2688e-05 -2.4717e-05 -2.6837e-05 -2.9049e-05 -3.1356e-05 -3.3759e-05 -3.6261e-05 -3.8864e-05 -4.1568e-05 -4.4375e-05 -4.7286e-05 -5.0299e-05 -5.3413e-05 -5.6627e-05 -5.9936e-05 -6.3334e-05 -6.6814e-05 -7.0366e-05 -7.3976e-05 -7.7628e-05 -8.1302e-05 -8.4971e-05 -8.8607e-05 -9.2172e-05 -9.5622e-05 -9.8908e-05 -1.0197e-04 -1.0474e-04 -1.0714e-04 -1.0909e-04 -1.1049e-04 -1.1124e-04 -1.1124e-04 -1.1038e-04 -1.0855e-04 -1.0567e-04 -1.0166e-04 -9.6488e-05 -9.0149e-05 -8.2703e-05 -7.4278e-05 -6.5077e-05 -5.5385e-05 -4.5557e-05 -3.5997e-05 -2.7124e-05 -1.9317e-05 -1.2863e-05 -7.9037e-06 -4.4090e-06 -2.1886e-06 -9.4288e-07 -3.4170e-07 -1.0014e-07 -2.2579e-08 -3.6736e-09 -3.9715e-10 -2.5622e-11 -8.5643e-13 -1.2291e-14 -5.8827e-17 -6.6561e-20 -1.1070e-23 -1.3902e-28 -5.0996e-35 -1.3755e-43 -3.5284e-55 -3.8628e-71 -1.4340e-93 -7.6954e-126 -1.5093e-173 -2.3018e-246 -0.0000e+00 -0.0000e+00 -0.0000e+00 -0.0000e+00 -0.0000e+00 -0.0000e+00 -0.0000e+00 -0.0000e+00 -0.0000e+00 -0.0000e+00
-2.8558e-07 -8.0833e-07 -1.4868e-06 -2.2929e-06 -3.2115e-06 -4.2328e-06 -5.3506e-06 -6.5607e-06 -7.8604e-06 -9.2480e-06 -1.0723e-05 -1.2284e-05 8.8977e-04 -1.5671e-05 -1.7497e-05 -1.9415e-05 -2.1425e-05 -2.3531e-05 -2.5733e-05 -2.8035e-05 -3.0440e-05 -3.2949e-05 -3.5565e-05 -3.8291e-05 -4.1129e-05 -4.4081e-05 -4.7149e-05 -5.0333e-05 -5.3634e-05 -5.7052e-05 -6.0586e-05 -6.4231e-05 -6.7985e-05 -7.1840e-05 -7.5788e-05 -7.9817e-05 -8.3913e-05 -8.8057e-05 -9.2226e-05 -9.6390e-05 -1.0052e-04 -1.0456e-04 -1.0848e-04 -1.1221e-04 -1.1569e-04 -1.1883e-04 -1.2156e-04 -1.2378e-04 -1.2537e-04 -1.2624e-04 -1.2624e-04 -1.2527e-04 -1.2321e-04 -1.1995e-04 -1.1541e-04 -1.0955e-04 -1.0237e-04 -9.3925e-05 -8.4372e-05 -7.3936e-05 -6.2939e-05 -5.1784e-05 -4.0930e-05 -3.0852e-05 -2.1981e-05 -1.4644e-05 -9.0034e-06 -5.0258e-06 -2.4967e-06 -1.0766e-06 -3.9059e-07 -1.1463e-07 -2.5884e-08 -4.2194e-09 -4.5721e-10 -2.9580e-11 -9.9216e-13 -1.4300e-14 -6.8808e-17 -7.8378e-20 -1.3147e-23 -1.6691e-28 -6.2093e-35 -1.7059e-43 -4.4833e-55 -5.0699e-71 -1.9661e-93 -1.1197e-125 -2.3824e-173 -4.0644e-246 -0.0000e+00 -0.0000e+00 -0.0000e+00 -0.0000e+00 -0.0000e+00 -0.0000e+00 -0.0000e+00 -0.0000e+00 -0.0000e+00 -0.0000e+00 -2.8558e-07 -8.0833e-07 -1.4868e-06 -2.2929e-06 -3.2115e-06 -4.2328e-06 -5.3506e-06 -6.5607e-06 -7.8604e-06 -9.2480e-06 -1.0723e-05 -1.2284e-05 0.0000e+00 -1.5671e-05 -1.7497e-05 -1.9415e-05 -2.1425e-05 -2.3531e-05 -2.5733e-05 -2.8035e-05 -3.0440e-05 -3.2949e-05 -3.5565e-05 -3.8291e-05 -4.1129e-05 -4.4081e-05 -4.7148e-05 -5.0332e-05 -5.3633e-05 -5.7051e-05 -6.0584e-05 -6.4229e-05 -6.7982e-05 -7.1836e-05 -7.5783e-05 -7.9812e-05 -8.3907e-05 -8.8049e-05 -9.2216e-05 -9.6379e-05 -1.0050e-04 -1.0455e-04 -1.0846e-04 -1.1219e-04 -1.1566e-04 -1.1880e-04 -1.2153e-04 -1.2374e-04 -1.2533e-04 -1.2618e-04 -1.2618e-04 -1.2520e-04 -1.2313e-04 -1.1987e-04 -1.1532e-04 -1.0945e-04 -1.0226e-04 -9.3819e-05 -8.4263e-05 -7.3828e-05 -6.2835e-05 -5.1686e-05 -4.0841e-05 -3.0775e-05 -2.1919e-05 -1.4596e-05 -8.9694e-06 -5.0040e-06 -2.4841e-06 -1.0703e-06 -3.8794e-07 -1.1371e-07 -2.5643e-08 -4.1732e-09 -4.5129e-10 -2.9125e-11 -9.7394e-13 -1.3985e-14 -6.6980e-17 -7.5849e-20 -1.2629e-23 -1.5882e-28 -5.8362e-35 -1.5780e-43 -4.0608e-55 -4.4654e-71 -1.6678e-93 -9.0284e-126 -1.7930e-173 -2.7858e-246 -0.0000e+00 -0.0000e+00 -0.0000e+00 -0.0000e+00 -0.0000e+00 -0.0000e+00 -0.0000e+00 -0.0000e+00 -0.0000e+00 -0.0000e+00
-3.2119e-07 -9.0911e-07 -1.6722e-06 -2.5788e-06 -3.6118e-06 -4.7605e-06 -6.0177e-06 -7.3787e-06 -8.8404e-06 -1.0401e-05 -1.2060e-05 -1.3816e-05 -1.5671e-05 1.2075e-03 -1.9679e-05 -2.1835e-05 -2.4096e-05 -2.6464e-05 -2.8942e-05 -3.1531e-05 -3.4235e-05 -3.7057e-05 -4.0000e-05 -4.3066e-05 -4.6258e-05 -4.9578e-05 -5.3028e-05 -5.6609e-05 -6.0322e-05 -6.4166e-05 -6.8140e-05 -7.2241e-05 -7.6463e-05 -8.0799e-05 -8.5240e-05 -8.9772e-05 -9.4379e-05 -9.9041e-05 -1.0373e-04 -1.0841e-04 -1.1306e-04 -1.1761e-04 -1.2202e-04 -1.2621e-04 -1.3013e-04 -1.3367e-04 -1.3674e-04 -1.3924e-04 -1.4103e-04 -1.4201e-04 -1.4202e-04 -1.4093e-04 -1.3861e-04 -1.3495e-04 -1.2985e-04 -1.2327e-04 -1.1519e-04 -1.0570e-04 -9.4956e-05 -8.3219e-05 -7.0850e-05 -5.8300e-05 -4.6087e-05 -3.4745e-05 -2.4760e-05 -1.6499e-05 -1.0146e-05 -5.6656e-06 -2.8156e-06 -1.2146e-06 -4.4090e-07 -1.2947e-07 -2.9257e-08 -4.7735e-09 -5.1780e-10 -3.3544e-11 -1.1269e-12 -1.6274e-14 -7.8498e-17 -8.9690e-20 -1.5102e-23 -1.9268e-28 -7.2129e-35 -1.9976e-43 -5.3054e-55 -6.0823e-71 -2.4014e-93 -1.4003e-125 -3.0735e-173 -5.4618e-246 -0.0000e+00 -0.0000e+00 -0.0000e+00 -0.0000e+00 -0.0000e+00 -0.0000e+00 -0.0000e+00 -0.0000e+00 -0.0000e+00 -0.0000e+00 -3.2119e-07 -9.0911e-07 -1.6722e-06 -2.5788e-06 -3.6118e-06 -4.7605e-06 -6.0177e-06 -7.3787e-06 -8.8404e-06 -1.0401e-05 -1.2060e-05 -1.3816e-05 -1.5671e-05 0.0000e+00 -1.9679e-05 -2.1835e-05 -2.4096e-05 -2.6464e-05 -2.8941e-05 -3.1531e-05 -3.4235e-05 -3.7057e-05 -3.9999e-05 -4.3065e-05 -4.6257e-05 -4.9577e-05 -5.3027e-05 -5.6608e-05 -6.0320e-05 -6.4164e-05 -6.8137e-05 -7.2237e-05 -7.6458e-05 -8.0793e-05 -8.5233e-05 -8.9764e-05 -9.4369e-05 -9.9029e-05 -1.0372e-04 -1.0840e-04 -1.1304e-04 -1.1758e-04 -1.2199e-04 -1.2618e-04 -1.3009e-04 -1.3362e-04 -1.3669e-04 -1.3918e-04 -1.4096e-04 -1.4193e-04 -1.4192e-04 -1.4083e-04 -1.3850e-04 -1.3483e-04 -1.2972e-04 -1.2312e-04 -1.1503e-04 -1.0554e-04 -9.4791e-05 -8.3054e-05 -7.0690e-05 -5.8150e-05 -4.5951e-05 -3.4627e-05 -2.4664e-05 -1.6426e-05 -1.0094e-05 -5.6322e-06 -2.7964e-06 -1.2050e-06 -4.3684e-07 -1.2807e-07 -2.8889e-08 -4.7028e-09 -5.0874e-10 -3.2848e-11 -1.0990e-12 -1.5792e-14 -7.5698e-17 -8.5815e-20 -1.4308e-23 -1.8025e-28 -6.6391e-35 -1.8005e-43 -4.6525e-55 -5.1445e-71 -1.9363e-93 -1.0596e-125 -2.1373e-173 -3.3972e-246 -0.0000e+00 -0.0000e+00 -0.0000e+00 -0.0000e+00 -0.0000e+00 -0.0000e+00 -0.0000e+00 -0.0000e+00 -0.0000e+00 -0.0000e+00
-3.5862e-07 -1.0151e-06 -1.8671e-06 -2.8794e-06 -4.0328e-06 -5.3154e-06 -6.7191e-06 -8.2387e-06 -9.8709e-06 -1.1613e-05 -1.3465e-05 -1.5426e-05 -1.7497e-05 -1.9679e-05 1.6065e-03 -2.4381e-05 -2.6905e-05 -2.9549e-05 -3.2315e-05 -3.5206e-05 -3.8226e-05 -4.1377e-05 -4.4662e-05 -4.8086e-05 -5.1650e-05 -5.5357e-05 -5.9209e-05 -6.3208e-05 -6.7354e-05 -7.1647e-05 -7.6085e-05 -8.0663e-05 -8.5378e-05 -9.0220e-05 -9.5179e-05 -1.0024e-04 -1.0539e-04 -1.1059e-04 -1.1583e-04 -1.2106e-04 -1.2625e-04 -1.3133e-04 -1.3625e-04 -1.4094e-04 -1.4532e-04 -1.4927e-04 -1.5271e-04 -1.5550e-04 -1.5751e-04 -1.5860e-04 -1.5862e-04 -1.5741e-04 -1.5483e-04 -1.5075e-04 -1.4507e-04 -1.3771e-04 -1.2870e-04 -1.1811e-04 -1.0612e-04 -9.3011e-05 -7.9197e-05 -6.5179e-05 -5.1534e-05 -3.8859e-05 -2.7699e-05 -1.8463e-05 -1.1358e-05 -6.3445e-06 -3.1544e-06 -1.3616e-06 -4.9454e-07 -1.4533e-07 -3.2872e-08 -5.3692e-09 -5.8320e-10 -3.7842e-11 -1.2738e-12 -1.8440e-14 -8.9217e-17 -1.0232e-19 -1.7311e-23 -2.2216e-28 -8.3799e-35 -2.3434e-43 -6.3015e-55 -7.3407e-71 -2.9587e-93 -1.7720e-125 -4.0252e-173 -7.4762e-246 -0.0000e+00 -0.0000e+00 -0.0000e+00 -0.0000e+00 -0.0000e+00 -0.0000e+00 -0.0000e+00 -0.0000e+00 -0.0000e+00 -0.0000e+00 -3.5862e-07 -1.0151e-06 -1.8671e-06 -2.8794e-06 -4.0328e-06 -5.3154e-06 -6.7191e-06 -8.2387e-06 -9.8709e-06 -1.1613e-05 -1.3465e-05 -1.5426e-05 -1.7497e-05 -1.9679e-05 0.0000e+00 -2.4380e-05 -2.6905e-05 -2.9549e-05 -3.2315e-05 -3.5206e-05 -3.8225e-05 -4.1376e-05 -4.4662e-05 -4.8085e-05 -5.1649e-05 -5.5356e-05 -5.9208e-05 -6.3206e-05 -6.7352e-05 -7.1643e-05 -7.6080e-05 -8.0658e-05 -8.5371e-05 -9.0212e-05 -9.5169e-05 -1.0023e-04 -1.0537e-04 -1.1057e-04 -1.1581e-04 -1.2104e-04 -1.2622e-04 -1.3129e-04 -1.3621e-04 -1.4089e-04 -1.4526e-04 -1.4921e-04 -1.5263e-04 -1.5541e-04 -1.5741e-04 -1.5848e-04 -1.5848e-04 -1.5726e-04 -1.5466e-04 -1.5057e-04 -1.4486e-04 -1.3750e-04 -1.2847e-04 -1.1787e-04 -1.0587e-04 -9.2765e-05 -7.8959e-05 -6.4955e-05 -5.1332e-05 -3.8685e-05 -2.7556e-05 -1.8354e-05 -1.1281e-05 -6.2949e-06 -3.1259e-06 -1.3473e-06 -4.8850e-07 -1.4326e-07 -3.2324e-08 -5.2640e-09 -5.6971e-10 -3.6805e-11 -1.2323e-12 -1.7722e-14 -8.5039e-17 -9.6534e-20 -1.6122e-23 -2.0356e-28 -7.5193e-35 -2.0470e-43 -5.3162e-55 -5.9190e-71 -2.2490e-93 -1.2471e-125 -2.5636e-173 -4.1878e-246 -0.0000e+00 -0.0000e+00 -0.0000e+00 -0.0000e+00 -0.0000e+00 -0.0000e+00 -0.0000e+00 -0.0000e+00 -0.0000e+00 -0.0000e+00
-3.9793e-07 -1.1263e-06 -2.0717e-06 -3.1950e-06 -4.4748e-06 -5.8979e-06 -7.4555e-06 -9.1417e-06 -1.0953e-05 -1.2886e-05 -1.4941e-05 -1.7117e-05 -1.9415e-05 -2.1835e-05 -2.4381e-05 2.1012e-03 -2.9854e-05 -3.2788e-05 -3.5857e-05 -3.9065e-05 -4.2415e-05 -4.5912e-05 -4.9557e-05 -5.3356e-05 -5.7311e-05 -6.1425e-05 -6.5699e-05 -7.0137e-05 -7.4738e-05 -7.9501e-05 -8.4425e-05 -8.9506e-05 -9.4738e-05 -1.0011e-04 -1.0562e-04 -1.1123e-04 -1.1694e-04 -1.2272e-04 -1.2853e-04 -1.3434e-04 -1.4010e-04 -1.4574e-04 -1.5121e-04 -1.5642e-04 -1.6127e-04 -1.6567e-04 -1.6949e-04 -1.7259e-04 -1.7483e-04 -1.7604e-04 -1.7607e-04 -1.7474e-04 -1.7189e-04 -1.6737e-04 -1.6107e-04 -1.5292e-04 -1.4293e-04 -1.3118e-04 -1.1787e-04 -1.0333e-04 -8.7998e-05 -7.2436e-05 -5.7285e-05 -4.3207e-05 -3.0807e-05 -2.0542e-05 -1.2642e-05 -7.0654e-06 -3.5148e-06 -1.5181e-06 -5.5185e-07 -1.6232e-07 -3.6757e-08 -6.0119e-09 -6.5407e-10 -4.2525e-11 -1.4349e-12 -2.0834e-14 -1.0117e-16 -1.1655e-19 -1.9831e-23 -2.5632e-28 -9.7551e-35 -2.7590e-43 -7.5264e-55 -8.9292e-71 -3.6834e-93 -2.2718e-125 -5.3561e-173 -1.0428e-245 -0.0000e+00 -0.0000e+00 -0.0000e+00 -0.0000e+00 -0.0000e+00 -0.0000e+00 -0.0000e+00 -0.0000e+00 -0.0000e+00 -0.0000e+00 -3.9793e-07 -1.1263e-06 -2.0717e-06 -3.1950e-06 -4.4748e-06 -5.8979e-06 -7.4555e-06 -9.1417e-06 -1.0953e-05 -1.2886e-05 -1.4941e-05 -1.7117e-05 -1.9415e-05 -2.1835e-05 -2.4380e-05 0.0000e+00 -2.9854e-05 -3.2787e-05 -3.5856e-05 -3.9064e-05 -4.2415e-05 -4.5911e-05 -4.9556e-05 -5.3355e-05 -5.7309e-05 -6.1423e-05 -6.5697e-05 -7.0133e-05 -7.4733e-05 -7.9496e-05 -8.4419e-05 -8.9498e-05 -9.4728e-05 -1.0010e-04 -1.0560e-04 -1.1121e-04 -1.1692e-04 -1.2269e-04 -1.2850e-04 -1.3430e-04 -1.4005e-04 -1.4569e-04 -1.5115e-04 -1.5634e-04 -1.6119e-04 -1.6557e-04 -1.6937e-04 -1.7246e-04 -1.7468e-04 -1.7587e-04 -1.7588e-04 -1.7452e-04 -1.7164e-04 -1.6710e-04 -1.6077e-04 -1.5260e-04 -1.4259e-04 -1.3083e-04 -1.1751e-04 -1.0297e-04 -8.7653e-05 -7.2112e-05 -5.6993e-05 -4.2955e-05 -3.0601e-05 -2.0384e-05 -1.2530e-05 -6.9932e-06 -3.4733e-06 -1.4974e-06 -5.4307e-07 -1.5931e-07 -3.5960e-08 -5.8589e-09 -6.3446e-10 -4.1016e-11 -1.3744e-12 -1.9787e-14 -9.5074e-17 -1.0811e-19 -1.8093e-23 -2.2906e-28 -8.4913e-35 -2.3223e-43 -6.0688e-55 -6.8136e-71 -2.6187e-93 -1.4755e-125 -3.1020e-173 -5.2331e-246 -0.0000e+00 -0.0000e+00 -0.0000e+00 -0.0000e+00 -0.0000e+00 -0.0000e+00 -0.0000e+00 -0.0000e+00 -0.0000e+00 -0.0000e+00
