1.1990e-08 -7.0709e-08 -1.2989e-07 -1.9995e-07 -2.7933e-07 -3.6695e-07 -4.6190e-07 -5.6337e-07 -6.7059e-07 -7.8270e-07 -8.9881e-07 -1.0179e-06 -1.1388e-06 -1.2602e-06 -1.3807e-06 -1.4985e-06 -1.6119e-06 -1.7189e-06 -1.8175e-06 -1.9055e-06 -1.9806e-06 -2.0410e-06 -2.0845e-06 -2.1094e-06 -2.1145e-06 -2.0986e-06 -2.0615e-06 -2.0033e-06 -1.9247e-06 -1.8274e-06 -1.7136e-06 -1.5859e-06 -1.4477e-06 -1.3026e-06 -1.1543e-06 -1.0068e-06 -8.6359e-07 -7.2787e-07 -6.0232e-07 -4.8892e-07 -3.8896e-07 -3.0299e-07 -2.3088e-07 -1.7193e-07 -1.2499e-07 -8.8623e-08 -6.1217e-08 -4.1152e-08 -2.6892e-08 -1.7063e-08 -1.0501e-08 -6.2597e-09 -3.6105e-09 -2.0124e-09 -1.0825e-09 -5.6126e-10 -2.8012e-10 -1.3440e-10 -6.1905e-11 -2.7335e-11 -1.1555e-11 -4.6694e-12 -1.8011e-12 -6.6217e-13 -2.3168e-13 -7.7028e-14 -2.4297e-14 -7.2595e-15 -2.0513e-15 -5.4726e-16 -1.3762e-16 -3.2568e-17 -7.2402e-18 -1.5094e-18 -2.9458e-19 -5.3725e-20 -9.1398e-21 -1.4477e-21 -2.1311e-22 -2.9101e-23 -3.6792e-24 -4.2983e-25 -4.6314e-26 -4.5933e-27 -4.1848e-28 -3.4952e-29 -2.6708e-30 -1.8633e-31 -1.1843e-32 -6.8438e-34 -3.5878e-35 -1.7027e-36 -7.2987e-38 -2.8197e-39 -9.7958e-41 -3.0533e-42 -8.5191e-44 -2.1228e-45 -4.7133e-47 -9.3020e-49 0.0000e+00 7.0709e-08 1.2989e-07 1.9995e-07 2.7933e-07 3.6695e-07 4.6190e-07 5.6337e-07 6.7059e-07 7.8270e-07 8.9881e-07 1.0179e-06 1.1388e-06 1.2602e-06 1.3807e-06 1.4985e-06 1.6119e-06 1.7189e-06 1.8175e-06 1.9054e-06 1.9806e-06 2.0410e-06 2.0845e-06 2.1094e-06 2.1145e-06 2.0986e-06 2.0615e-06 2.0032e-06 1.9247e-06 1.8274e-06 1.7136e-06 1.5859e-06 1.4477e-06 1.3026e-06 1.1543e-06 1.0068e-06 8.6358e-07 7.2787e-07 6.0231e-07 4.8892e-07 3.8896e-07 3.0298e-07 2.3087e-07 1.7193e-07 1.2499e-07 8.8622e-08 6.1216e-08 4.1151e-08 2.6891e-08 1.7063e-08 1.0500e-08 6.2597e-09 3.6104e-09 2.0123e-09 1.0825e-09 5.6125e-10 2.8012e-10 1.3440e-10 6.1903e-11 2.7334e-11 1.1555e-11 4.6692e-12 1.8011e-12 6.6215e-13 2.3168e-13 7.7025e-14 2.4296e-14 7.2592e-15 2.0512e-15 5.4724e-16 1.3762e-16 3.2566e-17 7.2398e-18 1.5093e-18 2.9457e-19 5.3722e-20 9.1391e-21 1.4476e-21 2.1310e-22 2.9099e-23 3.6789e-24 4.2980e-25 4.6309e-26 4.5928e-27 4.1843e-28 3.4948e-29 2.6705e-30 1.8631e-31 1.1842e-32 6.8429e-34 3.5874e-35 1.7024e-36 7.2976e-38 2.8193e-39 9.7942e-41 3.0528e-42 8.5176e-44 2.1225e-45 4.7124e-47 9.3002e-49
-7.0709e-08 1.9183e-07 -3.6739e-07 -5.6553e-07 -7.9006e-07 -1.0379e-06 -1.3064e-06 -1.5934e-06 -1.8967e-06 -2.2138e-06 -2.5422e-06 -2.8790e-06 -3.2210e-06 -3.5644e-06 -3.9051e-06 -4.2384e-06 -4.5591e-06 -4.8618e-06 -5.1406e-06 -5.3894e-06 -5.6021e-06 -5.7727e-06 -5.8958e-06 -5.9664e-06 -5.9806e-06 -5.9358e-06 -5.8308e-06 -5.6661e-06 -5.4440e-06 -5.1688e-06 -4.8468e-06 -4.4857e-06 -4.0947e-06 -3.6843e-06 -3.2650e-06 -2.8478e-06 -2.4427e-06 -2.0588e-06 -1.7037e-06 -1.3830e-06 -1.1002e-06 -8.5704e-07 -6.5307e-07 -4.8633e-07 -3.5357e-07 -2.5069e-07 -1.7317e-07 -1.1641e-07 -7.6073e-08 -4.8270e-08 -2.9706e-08 -1.7709e-08 -1.0214e-08 -5.6932e-09 -3.0626e-09 -1.5879e-09 -7.9255e-10 -3.8026e-10 -1.7515e-10 -7.7344e-11 -3.2696e-11 -1.3213e-11 -5.0966e-12 -1.8738e-12 -6.5564e-13 -2.1799e-13 -6.8762e-14 -2.0546e-14 -5.8058e-15 -1.5490e-15 -3.8955e-16 -9.2190e-17 -2.0495e-17 -4.2730e-18 -8.3399e-19 -1.5211e-19 -2.5878e-20 -4.0992e-21 -6.0347e-22 -8.2410e-23 -1.0420e-23 -1.2174e-24 -1.3118e-25 -1.3011e-26 -1.1855e-27 -9.9020e-29 -7.5670e-30 -5.2795e-31 -3.3560e-32 -1.9395e-33 -1.0169e-34 -4.8262e-36 -2.0690e-37 -7.9939e-39 -2.7774e-40 -8.6579e-42 -2.4159e-43 -6.0208e-45 -1.3369e-46 -2.6389e-48 7.0709e-08 0.0000e+00 3.6739e-07 5.6553e-07 7.9006e-07 1.0379e-06 1.3064e-06 1.5934e-06 1.8967e-06 2.2138e-06 2.5422e-06 2.8790e-06 3.2210e-06 3.5644e-06 3.9051e-06 4.2383e-06 4.5591e-06 4.8618e-06 5.1406e-06 5.3893e-06 5.6020e-06 5.7727e-06 5.8957e-06 5.9663e-06 5.9806e-06 5.9358e-06 5.8307e-06 5.6660e-06 5.4439e-06 5.1687e-06 4.8466e-06 4.4855e-06 4.0946e-06 3.6841e-06 3.2649e-06 2.8476e-06 2.4425e-06 2.0587e-06 1.7036e-06 1.3828e-06 1.1001e-06 8.5696e-07 6.5300e-07 4.8627e-07 3.5352e-07 2.5066e-07 1.7314e-07 1.1639e-07 7.6059e-08 4.8261e-08 2.9699e-08 1.7705e-08 1.0212e-08 5.6917e-09 3.0617e-09 1.5874e-09 7.9228e-10 3.8013e-10 1.7509e-10 7.7312e-11 3.2681e-11 1.3206e-11 5.0941e-12 1.8728e-12 6.5527e-13 2.1786e-13 6.8718e-14 2.0532e-14 5.8016e-15 1.5478e-15 3.8924e-16 9.2111e-17 2.0477e-17 4.2690e-18 8.3315e-19 1.5195e-19 2.5849e-20 4.0944e-21 6.0272e-22 8.2302e-23 1.0405e-23 1.2156e-24 1.3098e-25 1.2990e-26 1.1835e-27 9.8847e-29 7.5532e-30 5.2694e-31 3.3493e-32 1.9354e-33 1.0146e-34 4.8151e-36 2.0640e-37 7.9739e-39 2.7702e-40 8.6344e-42 2.4091e-43 6.0031e-45 1.3328e-46 2.6304e-48
-1.2989e-07 -3.6739e-07 9.7114e-07 -1.0389e-06 -1.4513e-06 -1.9066e-06 -2.3999e-06 -2.9271e-06 -3.4842e-06 -4.0667e-06 -4.6700e-06 -5.2888e-06 -5.9170e-06 -6.5478e-06 -7.1737e-06 -7.7859e-06 -8.3752e-06 -8.9313e-06 -9.4434e-06 -9.9005e-06 -1.0291e-05 -1.0605e-05 -1.0831e-05 -1.0961e-05 -1.0987e-05 -1.0905e-05 -1.0712e-05 -1.0409e-05 -1.0002e-05 -9.4961e-06 -8.9046e-06 -8.2413e-06 -7.5232e-06 -6.7692e-06 -5.9990e-06 -5.2325e-06 -4.4883e-06 -3.7831e-06 -3.1306e-06 -2.5413e-06 -2.0218e-06 -1.5750e-06 -1.2002e-06 -8.9382e-07 -6.4985e-07 -4.6079e-07 -3.1832e-07 -2.1400e-07 -1.3985e-07 -8.8744e-08 -5.4617e-08 -3.2562e-08 -1.8783e-08 -1.0470e-08 -5.6326e-09 -2.9207e-09 -1.4579e-09 -6.9957e-10 -3.2227e-10 -1.4232e-10 -6.0170e-11 -2.4318e-11 -9.3817e-12 -3.4497e-12 -1.2072e-12 -4.0143e-13 -1.2665e-13 -3.7848e-14 -1.0697e-14 -2.8544e-15 -7.1797e-16 -1.6994e-16 -3.7789e-17 -7.8802e-18 -1.5383e-18 -2.8063e-19 -4.7755e-20 -7.5665e-21 -1.1142e-21 -1.5219e-22 -1.9248e-23 -2.2495e-24 -2.4246e-25 -2.4056e-26 -2.1925e-27 -1.8319e-28 -1.4004e-29 -9.7741e-31 -6.2153e-32 -3.5933e-33 -1.8846e-34 -8.9482e-36 -3.8377e-37 -1.4834e-38 -5.1561e-40 -1.6080e-41 -4.4892e-43 -1.1193e-44 -2.4866e-46 -4.9106e-48 1.2989e-07 3.6739e-07 0.0000e+00 1.0389e-06 1.4513e-06 1.9066e-06 2.3999e-06 2.9271e-06 3.4842e-06 4.0667e-06 4.6700e-06 5.2888e-06 5.9169e-06 6.5478e-06 7.1736e-06 7.7858e-06 8.3750e-06 8.9311e-06 9.4432e-06 9.9002e-06 1.0291e-05 1.0604e-05 1.0830e-05 1.0960e-05 1.0986e-05 1.0904e-05 1.0711e-05 1.0408e-05 1.0000e-05 9.4949e-06 8.9033e-06 8.2399e-06 7.5217e-06 6.7677e-06 5.9976e-06 5.2311e-06 4.4870e-06 3.7818e-06 3.1295e-06 2.5403e-06 2.0209e-06 1.5742e-06 1.1996e-06 8.9328e-07 6.4942e-07 4.6046e-07 3.1806e-07 2.1381e-07 1.3972e-07 8.8655e-08 5.4557e-08 3.2523e-08 1.8759e-08 1.0456e-08 5.6243e-09 2.9161e-09 1.4554e-09 6.9829e-10 3.2163e-10 1.4202e-10 6.0036e-11 2.4260e-11 9.3578e-12 3.4404e-12 1.2037e-12 4.0020e-13 1.2623e-13 3.7717e-14 1.0657e-14 2.8433e-15 7.1503e-16 1.6921e-16 3.7616e-17 7.8421e-18 1.5305e-18 2.7912e-19 4.7484e-20 7.5213e-21 1.1072e-21 1.5119e-22 1.9114e-23 2.2331e-24 2.4061e-25 2.3863e-26 2.1741e-27 1.8158e-28 1.3875e-29 9.6799e-31 6.1526e-32 3.5554e-33 1.8639e-34 8.8454e-36 3.7916e-37 1.4648e-38 5.0888e-40 1.5861e-41 4.4255e-43 1.1028e-44 2.4484e-46 4.8321e-48
-1.9995e-07 -5.6553e-07 -1.0389e-06 3.0693e-06 -2.2341e-06 -2.9348e-06 -3.6942e-06 -4.5058e-06 -5.3633e-06 -6.2601e-06 -7.1887e-06 -8.1412e-06 -9.1083e-06 -1.0079e-05 -1.1043e-05 -1.1985e-05 -1.2893e-05 -1.3749e-05 -1.4537e-05 -1.5241e-05 -1.5843e-05 -1.6326e-05 -1.6674e-05 -1.6874e-05 -1.6915e-05 -1.6789e-05 -1.6492e-05 -1.6027e-05 -1.5399e-05 -1.4622e-05 -1.3712e-05 -1.2691e-05 -1.1585e-05 -1.0425e-05 -9.2393e-06 -8.0593e-06 -6.9135e-06 -5.8277e-06 -4.8230e-06 -3.9155e-06 -3.1154e-06 -2.4271e-06 -1.8498e-06 -1.3777e-06 -1.0018e-06 -7.1042e-07 -4.9083e-07 -3.3002e-07 -2.1571e-07 -1.3691e-07 -8.4273e-08 -5.0252e-08 -2.8993e-08 -1.6165e-08 -8.6982e-09 -4.5115e-09 -2.2525e-09 -1.0811e-09 -4.9818e-10 -2.2007e-10 -9.3071e-11 -3.7627e-11 -1.4521e-11 -5.3414e-12 -1.8699e-12 -6.2204e-13 -1.9632e-13 -5.8696e-14 -1.6596e-14 -4.4307e-15 -1.1150e-15 -2.6406e-16 -5.8747e-17 -1.2257e-17 -2.3942e-18 -4.3702e-19 -7.4414e-20 -1.1798e-20 -1.7384e-21 -2.3763e-22 -3.0074e-23 -3.5173e-24 -3.7942e-25 -3.7673e-26 -3.4364e-27 -2.8738e-28 -2.1988e-29 -1.5360e-30 -9.7768e-32 -5.6578e-33 -2.9704e-34 -1.4118e-35 -6.0614e-37 -2.3455e-38 -8.1622e-40 -2.5485e-41 -7.1233e-43 -1.7783e-44 -3.9557e-46 -7.8221e-48 1.9995e-07 5.6553e-07 1.0389e-06 0.0000e+00 2.2341e-06 2.9348e-06 3.6942e-06 4.5058e-06 5.3633e-06 6.2600e-06 7.1887e-06 8.1411e-06 9.1081e-06 1.0079e-05 1.1043e-05 1.1985e-05 1.2892e-05 1.3748e-05 1.4536e-05 1.5240e-05 1.5841e-05 1.6324e-05 1.6672e-05 1.6871e-05 1.6912e-05 1.6785e-05 1.6488e-05 1.6022e-05 1.5394e-05 1.4616e-05 1.3705e-05 1.2684e-05 1.1578e-05 1.0418e-05 9.2323e-06 8.0524e-06 6.9069e-06 5.8214e-06 4.8173e-06 3.9103e-06 3.1109e-06 2.4233e-06 1.8465e-06 1.3751e-06 9.9967e-07 7.0880e-07 4.8961e-07 3.2913e-07 2.1508e-07 1.3647e-07 8.3982e-08 5.0064e-08 2.8876e-08 1.6095e-08 8.6576e-09 4.4888e-09 2.2404e-09 1.0749e-09 4.9510e-10 2.1862e-10 9.2415e-11 3.7344e-11 1.4405e-11 5.2959e-12 1.8529e-12 6.1604e-13 1.9432e-13 5.8059e-14 1.6405e-14 4.3768e-15 1.1007e-15 2.6046e-16 5.7903e-17 1.2071e-17 2.3559e-18 4.2966e-19 7.3094e-20 1.1578e-20 1.7043e-21 2.3273e-22 2.9423e-23 3.4375e-24 3.7038e-25 3.6733e-26 3.3466e-27 2.7951e-28 2.1358e-29 1.4900e-30 9.4709e-32 5.4729e-33 2.8691e-34 1.3616e-35 5.8365e-37 2.2548e-38 7.8332e-40 2.4415e-41 6.8122e-43 1.6975e-44 3.7688e-46 7.4380e-48
-2.7933e-07 -7.9006e-07 -1.4513e-06 -2.2341e-06 7.4933e-06 -4.1000e-06 -5.1609e-06 -6.2948e-06 -7.4928e-06 -8.7455e-06 -1.0043e-05 -1.1374e-05 -1.2725e-05 -1.4082e-05 -1.5428e-05 -1.6745e-05 -1.8012e-05 -1.9209e-05 -2.0311e-05 -2.1295e-05 -2.2136e-05 -2.2811e-05 -2.3299e-05 -2.3579e-05 -2.3637e-05 -2.3462e-05 -2.3049e-05 -2.2400e-05 -2.1525e-05 -2.0439e-05 -1.9168e-05 -1.7743e-05 -1.6199e-05 -1.4578e-05 -1.2922e-05 -1.1273e-05 -9.6717e-06 -8.1539e-06 -6.7493e-06 -5.4803e-06 -4.3613e-06 -3.3985e-06 -2.5907e-06 -1.9300e-06 -1.4037e-06 -9.9575e-07 -6.8817e-07 -4.6285e-07 -3.0263e-07 -1.9214e-07 -1.1832e-07 -7.0582e-08 -4.0739e-08 -2.2724e-08 -1.2233e-08 -6.3483e-09 -3.1712e-09 -1.5230e-09 -7.0217e-10 -3.1038e-10 -1.3135e-10 -5.3137e-11 -2.0521e-11 -7.5541e-12 -2.6466e-12 -8.8112e-13 -2.7833e-13 -8.3287e-14 -2.3571e-14 -6.2989e-15 -1.5867e-15 -3.7617e-16 -8.3780e-17 -1.7500e-17 -3.4223e-18 -6.2545e-19 -1.0663e-19 -1.6928e-20 -2.4978e-21 -3.4191e-22 -4.3336e-23 -5.0761e-24 -5.4841e-25 -5.4542e-26 -4.9835e-27 -4.1748e-28 -3.1999e-29 -2.2395e-30 -1.4282e-31 -8.2810e-33 -4.3565e-34 -2.0749e-35 -8.9275e-37 -3.4622e-38 -1.2075e-39 -3.7792e-41 -1.0589e-42 -2.6499e-44 -5.9095e-46 -1.1716e-47 2.7933e-07 7.9006e-07 1.4513e-06 2.2341e-06 0.0000e+00 4.1000e-06 5.1609e-06 6.2948e-06 7.4927e-06 8.7454e-06 1.0043e-05 1.1373e-05 1.2724e-05 1.4081e-05 1.5427e-05 1.6743e-05 1.8010e-05 1.9206e-05 2.0307e-05 2.1290e-05 2.2130e-05 2.2805e-05 2.3291e-05 2.3570e-05 2.3626e-05 2.3449e-05 2.3034e-05 2.2383e-05 2.1506e-05 2.0419e-05 1.9146e-05 1.7720e-05 1.6175e-05 1.4554e-05 1.2898e-05 1.1249e-05 9.6491e-06 8.1327e-06 6.7299e-06 5.4629e-06 4.3460e-06 3.3854e-06 2.5796e-06 1.9210e-06 1.3966e-06 9.9021e-07 6.8399e-07 4.5980e-07 3.0047e-07 1.9065e-07 1.1732e-07 6.9941e-08 4.0341e-08 2.2485e-08 1.2095e-08 6.2710e-09 3.1298e-09 1.5017e-09 6.9167e-10 3.0542e-10 1.2911e-10 5.2171e-11 2.0124e-11 7.3984e-12 2.5886e-12 8.6062e-13 2.7146e-13 8.1109e-14 2.2919e-14 6.1144e-15 1.5376e-15 3.6387e-16 8.0891e-17 1.6864e-17 3.2912e-18 6.0024e-19 1.0211e-19 1.6174e-20 2.3809e-21 3.2512e-22 4.1104e-23 4.8021e-24 5.1741e-25 5.1315e-26 4.6751e-27 3.9047e-28 2.9837e-29 2.0815e-30 1.3230e-31 7.6453e-33 4.0080e-34 1.9020e-35 8.1531e-37 3.1497e-38 1.0942e-39 3.4106e-41 9.5158e-43 2.3712e-44 5.2645e-46 1.0390e-47
-3.6695e-07 -1.0379e-06 -1.9066e-06 -2.9348e-06 -4.1000e-06 1.5538e-05 -6.7797e-06 -8.2692e-06 -9.8430e-06 -1.1489e-05 -1.3193e-05 -1.4941e-05 -1.6717e-05 -1.8499e-05 -2.0268e-05 -2.1999e-05 -2.3665e-05 -2.5237e-05 -2.6686e-05 -2.7980e-05 -2.9086e-05 -2.9975e-05 -3.0618e-05 -3.0989e-05 -3.1068e-05 -3.0840e-05 -3.0300e-05 -2.9450e-05 -2.8303e-05 -2.6879e-05 -2.5212e-05 -2.3341e-05 -2.1314e-05 -1.9185e-05 -1.7009e-05 -1.4842e-05 -1.2737e-05 -1.0741e-05 -8.8938e-06 -7.2240e-06 -5.7510e-06 -4.4831e-06 -3.4188e-06 -2.5481e-06 -1.8541e-06 -1.3159e-06 -9.0992e-07 -6.1235e-07 -4.0062e-07 -2.5452e-07 -1.5683e-07 -9.3625e-08 -5.4081e-08 -3.0190e-08 -1.6267e-08 -8.4488e-09 -4.2245e-09 -2.0308e-09 -9.3729e-10 -4.1476e-10 -1.7572e-10 -7.1175e-11 -2.7522e-11 -1.0145e-11 -3.5590e-12 -1.1866e-12 -3.7539e-13 -1.1251e-13 -3.1893e-14 -8.5371e-15 -2.1544e-15 -5.1167e-16 -1.1418e-16 -2.3897e-17 -4.6828e-18 -8.5764e-19 -1.4654e-19 -2.3317e-20 -3.4486e-21 -4.7321e-22 -6.0129e-23 -7.0614e-24 -7.6496e-25 -7.6290e-26 -6.9904e-27 -5.8732e-28 -4.5154e-29 -3.1701e-30 -2.0280e-31 -1.1798e-32 -6.2277e-34 -2.9764e-35 -1.2852e-36 -5.0023e-38 -1.7512e-39 -5.5017e-41 -1.5475e-42 -3.8884e-44 -8.7070e-46 -1.7335e-47 3.6695e-07 1.0379e-06 1.9066e-06 2.9348e-06 4.1000e-06 0.0000e+00 6.7797e-06 8.2691e-06 9.8428e-06 1.1488e-05 1.3193e-05 1.4941e-05 1.6715e-05 1.8497e-05 2.0265e-05 2.1995e-05 2.3659e-05 2.5230e-05 2.6677e-05 2.7968e-05 2.9072e-05 2.9957e-05 3.0596e-05 3.0962e-05 3.1036e-05 3.0804e-05 3.0259e-05 2.9404e-05 2.8251e-05 2.6823e-05 2.5152e-05 2.3278e-05 2.1249e-05 1.9119e-05 1.6943e-05 1.4778e-05 1.2676e-05 1.0684e-05 8.8407e-06 7.1763e-06 5.7091e-06 4.4472e-06 3.3888e-06 2.5235e-06 1.8346e-06 1.3008e-06 8.9853e-07 6.0402e-07 3.9471e-07 2.5045e-07 1.5412e-07 9.1878e-08 5.2994e-08 2.9537e-08 1.5888e-08 8.2379e-09 4.1115e-09 1.9727e-09 9.0860e-10 4.0121e-10 1.6960e-10 6.8534e-11 2.6435e-11 9.7188e-12 3.4005e-12 1.1305e-12 3.5660e-13 1.0655e-13 3.0106e-14 8.0320e-15 2.0198e-15 4.7798e-16 1.0626e-16 2.2152e-17 4.3233e-18 7.8846e-19 1.3413e-19 2.1246e-20 3.1275e-21 4.2706e-22 5.3991e-23 6.3076e-24 6.7962e-25 6.7401e-26 6.1405e-27 5.1286e-28 3.9188e-29 2.7339e-30 1.7376e-31 1.0041e-32 5.2637e-34 2.4979e-35 1.0707e-36 4.1363e-38 1.4369e-39 4.4785e-41 1.2495e-42 3.1134e-44 6.9122e-46 1.3641e-47
-4.6190e-07 -1.3064e-06 -2.3999e-06 -3.6942e-06 -5.1609e-06 -6.7797e-06 2.8785e-05 -1.0409e-05 -1.2390e-05 -1.4462e-05 -1.6608e-05 -1.8808e-05 -2.1043e-05 -2.3288e-05 -2.5515e-05 -2.7695e-05 -2.9793e-05 -3.1775e-05 -3.3601e-05 -3.5232e-05 -3.6628e-05 -3.7751e-05 -3.8564e-05 -3.9036e-05 -3.9140e-05 -3.8859e-05 -3.8185e-05 -3.7121e-05 -3.5682e-05 -3.3895e-05 -3.1800e-05 -2.9448e-05 -2.6900e-05 -2.4220e-05 -2.1481e-05 -1.8752e-05 -1.6099e-05 -1.3583e-05 -1.1252e-05 -9.1444e-06 -7.2841e-06 -5.6818e-06 -4.3358e-06 -3.2338e-06 -2.3549e-06 -1.6727e-06 -1.1576e-06 -7.7977e-07 -5.1065e-07 -3.2476e-07 -2.0034e-07 -1.1974e-07 -6.9249e-08 -3.8707e-08 -2.0885e-08 -1.0863e-08 -5.4398e-09 -2.6192e-09 -1.2109e-09 -5.3676e-10 -2.2783e-10 -9.2458e-11 -3.5823e-11 -1.3232e-11 -4.6523e-12 -1.5546e-12 -4.9298e-13 -1.4811e-13 -4.2093e-14 -1.1298e-14 -2.8588e-15 -6.8092e-16 -1.5239e-16 -3.1993e-17 -6.2891e-18 -1.1556e-18 -1.9812e-19 -3.1633e-20 -4.6953e-21 -6.4666e-22 -8.2480e-23 -9.7241e-24 -1.0576e-24 -1.0591e-25 -9.7459e-27 -8.2238e-28 -6.3507e-29 -4.4788e-30 -2.8787e-31 -1.6826e-32 -8.9251e-34 -4.2869e-35 -1.8604e-36 -7.2788e-38 -2.5616e-39 -8.0910e-41 -2.2883e-42 -5.7819e-44 -1.3020e-45 -2.6072e-47 4.6190e-07 1.3064e-06 2.3999e-06 3.6942e-06 5.1609e-06 6.7797e-06 0.0000e+00 1.0409e-05 1.2390e-05 1.4461e-05 1.6606e-05 1.8807e-05 2.1040e-05 2.3284e-05 2.5509e-05 2.7686e-05 2.9781e-05 3.1759e-05 3.3580e-05 3.5205e-05 3.6594e-05 3.7709e-05 3.8513e-05 3.8974e-05 3.9067e-05 3.8774e-05 3.8088e-05 3.7012e-05 3.5561e-05 3.3764e-05 3.1660e-05 2.9301e-05 2.6747e-05 2.4066e-05 2.1327e-05 1.8602e-05 1.5955e-05 1.3448e-05 1.1128e-05 9.0332e-06 7.1863e-06 5.5979e-06 4.2656e-06 3.1765e-06 2.3093e-06 1.6374e-06 1.1310e-06 7.6030e-07 4.9684e-07 3.1525e-07 1.9400e-07 1.1565e-07 6.6705e-08 3.7179e-08 1.9999e-08 1.0369e-08 5.1753e-09 2.4830e-09 1.1437e-09 5.0501e-10 2.1347e-10 8.6264e-11 3.3274e-11 1.2233e-11 4.2801e-12 1.4230e-12 4.4884e-13 1.3411e-13 3.7893e-14 1.0109e-14 2.5422e-15 6.0159e-16 1.3373e-16 2.7880e-17 5.4410e-18 9.9229e-19 1.6880e-19 2.6737e-20 3.9357e-21 5.3740e-22 6.7940e-23 7.9369e-24 8.5514e-25 8.4805e-26 7.7257e-27 6.4523e-28 4.9300e-29 3.4391e-30 2.1858e-31 1.2630e-32 6.6203e-34 3.1414e-35 1.3464e-36 5.2010e-38 1.8066e-39 5.6302e-41 1.5707e-42 3.9132e-44 8.6866e-46 1.7140e-47
-5.6337e-07 -1.5934e-06 -2.9271e-06 -4.5058e-06 -6.2948e-06 -8.2692e-06 -1.0409e-05 4.9103e-05 -1.5112e-05 -1.7640e-05 -2.0257e-05 -2.2942e-05 -2.5669e-05 -2.8408e-05 -3.1126e-05 -3.3787e-05 -3.6349e-05 -3.8769e-05 -4.1001e-05 -4.2995e-05 -4.4705e-05 -4.6082e-05 -4.7081e-05 -4.7665e-05 -4.7802e-05 -4.7470e-05 -4.6658e-05 -4.5371e-05 -4.3625e-05 -4.1455e-05 -3.8908e-05 -3.6045e-05 -3.2941e-05 -2.9675e-05 -2.6333e-05 -2.3001e-05 -1.9760e-05 -1.6683e-05 -1.3831e-05 -1.1250e-05 -8.9688e-06 -7.0025e-06 -5.3491e-06 -3.9939e-06 -2.9118e-06 -2.0708e-06 -1.4350e-06 -9.6795e-07 -6.3482e-07 -4.0436e-07 -2.4985e-07 -1.4959e-07 -8.6674e-08 -4.8541e-08 -2.6244e-08 -1.3680e-08 -6.8657e-09 -3.3135e-09 -1.5356e-09 -6.8247e-10 -2.9045e-10 -1.1820e-10 -4.5931e-11 -1.7017e-11 -6.0019e-12 -2.0122e-12 -6.4024e-13 -1.9303e-13 -5.5059e-14 -1.4833e-14 -3.7681e-15 -9.0108e-16 -2.0250e-16 -4.2693e-17 -8.4294e-18 -1.5559e-18 -2.6797e-19 -4.2991e-20 -6.4123e-21 -8.8754e-22 -1.1378e-22 -1.3485e-23 -1.4746e-24 -1.4847e-25 -1.3738e-26 -1.1659e-27 -9.0555e-29 -6.4242e-30 -4.1538e-31 -2.4428e-32 -1.3038e-33 -6.3021e-35 -2.7525e-36 -1.0839e-37 -3.8399e-39 -1.2209e-40 -3.4765e-42 -8.8442e-44 -2.0055e-45 -4.0439e-47 5.6337e-07 1.5934e-06 2.9271e-06 4.5058e-06 6.2948e-06 8.2691e-06 1.0409e-05 0.0000e+00 1.5112e-05 1.7638e-05 2.0255e-05 2.2938e-05 2.5663e-05 2.8399e-05 3.1113e-05 3.3769e-05 3.6324e-05 3.8736e-05 4.0957e-05 4.2939e-05 4.4634e-05 4.5993e-05 4.6974e-05 4.7536e-05 4.7650e-05 4.7293e-05 4.6456e-05 4.5143e-05 4.3374e-05 4.1181e-05 3.8615e-05 3.5738e-05 3.2623e-05 2.9353e-05 2.6013e-05 2.2688e-05 1.9461e-05 1.6402e-05 1.3573e-05 1.1018e-05 8.7651e-06 6.8277e-06 5.2027e-06 3.8743e-06 2.8166e-06 1.9971e-06 1.3795e-06 9.2733e-07 6.0598e-07 3.8450e-07 2.3662e-07 1.4106e-07 8.1358e-08 4.5346e-08 2.4392e-08 1.2647e-08 6.3119e-09 3.0284e-09 1.3948e-09 6.1591e-10 2.6035e-10 1.0520e-10 4.0580e-11 1.4919e-11 5.2196e-12 1.7353e-12 5.4735e-13 1.6353e-13 4.6207e-14 1.2327e-14 3.0998e-15 7.3351e-16 1.6305e-16 3.3991e-17 6.6333e-18 1.2097e-18 2.0577e-19 3.2590e-20 4.7969e-21 6.5495e-22 8.2793e-23 9.6712e-24 1.0419e-24 1.0331e-25 9.4109e-27 7.8586e-28 6.0037e-29 4.1875e-30 2.6609e-31 1.5372e-32 8.0565e-34 3.8221e-35 1.6378e-36 6.3249e-38 2.1964e-39 6.8431e-41 1.9084e-42 4.7530e-44 1.0547e-45 2.0803e-47
-6.7059e-07 -1.8967e-06 -3.4842e-06 -5.3633e-06 -7.4928e-06 -9.8430e-06 -1.2390e-05 -1.5112e-05 7.8648e-05 -2.0998e-05 -2.4114e-05 -2.7311e-05 -3.0558e-05 -3.3821e-05 -3.7059e-05 -4.0230e-05 -4.3284e-05 -4.6171e-05 -4.8835e-05 -5.1218e-05 -5.3263e-05 -5.4914e-05 -5.6118e-05 -5.6829e-05 -5.7009e-05 -5.6631e-05 -5.5683e-05 -5.4168e-05 -5.2108e-05 -4.9540e-05 -4.6522e-05 -4.3126e-05 -3.9437e-05 -3.5553e-05 -3.1575e-05 -2.7603e-05 -2.3736e-05 -2.0060e-05 -1.6649e-05 -1.3557e-05 -1.0822e-05 -8.4611e-06 -6.4726e-06 -4.8402e-06 -3.5346e-06 -2.5181e-06 -1.7482e-06 -1.1816e-06 -7.7653e-07 -4.9571e-07 -3.0701e-07 -1.8426e-07 -1.0704e-07 -6.0106e-08 -3.2588e-08 -1.7037e-08 -8.5772e-09 -4.1529e-09 -1.9311e-09 -8.6124e-10 -3.6787e-10 -1.5027e-10 -5.8623e-11 -2.1808e-11 -7.7240e-12 -2.6008e-12 -8.3126e-13 -2.5179e-13 -7.2160e-14 -1.9536e-14 -4.9878e-15 -1.1989e-15 -2.7087e-16 -5.7419e-17 -1.1400e-17 -2.1162e-18 -3.6661e-19 -5.9165e-20 -8.8783e-21 -1.2365e-21 -1.5952e-22 -1.9026e-23 -2.0940e-24 -2.1224e-25 -1.9771e-26 -1.6892e-27 -1.3211e-28 -9.4377e-30 -6.1456e-31 -3.6401e-32 -1.9569e-33 -9.5279e-35 -4.1922e-36 -1.6632e-37 -5.9362e-39 -1.9019e-40 -5.4568e-42 -1.3989e-43 -3.1968e-45 -6.4965e-47 6.7059e-07 1.8967e-06 3.4842e-06 5.3633e-06 7.4927e-06 9.8428e-06 1.2390e-05 1.5112e-05 0.0000e+00 2.0995e-05 2.4109e-05 2.7304e-05 3.0547e-05 3.3804e-05 3.7034e-05 4.0195e-05 4.3237e-05 4.6108e-05 4.8751e-05 5.1111e-05 5.3128e-05 5.4746e-05 5.5913e-05 5.6583e-05 5.6718e-05 5.6293e-05 5.5297e-05 5.3734e-05 5.1628e-05 4.9018e-05 4.5964e-05 4.2539e-05 3.8832e-05 3.4939e-05 3.0963e-05 2.7006e-05 2.3164e-05 1.9524e-05 1.6156e-05 1.3114e-05 1.0433e-05 8.1270e-06 6.1927e-06 4.6115e-06 3.3526e-06 2.3771e-06 1.6420e-06 1.1038e-06 7.2128e-07 4.5766e-07 2.8163e-07 1.6789e-07 9.6834e-08 5.3971e-08 2.9031e-08 1.5052e-08 7.5122e-09 3.6042e-09 1.6600e-09 7.3298e-10 3.0983e-10 1.2520e-10 4.8289e-11 1.7752e-11 6.2108e-12 2.0647e-12 6.5121e-13 1.9455e-13 5.4969e-14 1.4663e-14 3.6870e-15 8.7239e-16 1.9391e-16 4.0418e-17 7.8867e-18 1.4380e-18 2.4458e-19 3.8731e-20 5.6999e-21 7.7809e-22 9.8339e-23 1.1485e-23 1.2369e-24 1.2262e-25 1.1166e-26 9.3215e-28 7.1189e-29 4.9634e-30 3.1527e-31 1.8205e-32 9.5364e-34 4.5218e-35 1.9365e-36 7.4737e-38 2.5936e-39 8.0745e-41 2.2500e-42 5.5990e-44 1.2413e-45 2.4458e-47
-7.8270e-07 -2.2138e-06 -4.0667e-06 -6.2601e-06 -8.7455e-06 -1.1489e-05 -1.4462e-05 -1.7640e-05 -2.0998e-05 1.1986e-04 -2.8148e-05 -3.1882e-05 -3.5674e-05 -3.9486e-05 -4.3270e-05 -4.6977e-05 -5.0550e-05 -5.3930e-05 -5.7051e-05 -5.9847e-05 -6.2252e-05 -6.4199e-05 -6.5627e-05 -6.6481e-05 -6.6718e-05 -6.6306e-05 -6.5229e-05 -6.3491e-05 -6.1114e-05 -5.8143e-05 -5.4643e-05 -5.0696e-05 -4.6403e-05 -4.1875e-05 -3.7230e-05 -3.2586e-05 -2.8057e-05 -2.3745e-05 -1.9736e-05 -1.6097e-05 -1.2872e-05 -1.0082e-05 -7.7278e-06 -5.7909e-06 -4.2383e-06 -3.0266e-06 -2.1065e-06 -1.4274e-06 -9.4075e-07 -6.0230e-07 -3.7418e-07 -2.2530e-07 -1.3132e-07 -7.4004e-08 -4.0272e-08 -2.1135e-08 -1.0683e-08 -5.1942e-09 -2.4258e-09 -1.0867e-09 -4.6635e-10 -1.9142e-10 -7.5045e-11 -2.8059e-11 -9.9906e-12 -3.3822e-12 -1.0870e-12 -3.3113e-13 -9.5454e-14 -2.5996e-14 -6.6778e-15 -1.6152e-15 -3.6724e-16 -7.8351e-17 -1.5659e-17 -2.9262e-18 -5.1038e-19 -8.2937e-20 -1.2533e-20 -1.7579e-21 -2.2841e-22 -2.7443e-23 -3.0426e-24 -3.1068e-25 -2.9158e-26 -2.5103e-27 -1.9783e-28 -1.4242e-29 -9.3461e-31 -5.5792e-32 -3.0231e-33 -1.4836e-34 -6.5802e-36 -2.6316e-37 -9.4691e-39 -3.0585e-40 -8.8474e-42 -2.2868e-43 -5.2692e-45 -1.0797e-46 7.8270e-07 2.2138e-06 4.0667e-06 6.2600e-06 8.7454e-06 1.1488e-05 1.4461e-05 1.7638e-05 2.0995e-05 0.0000e+00 2.8140e-05 3.1869e-05 3.5654e-05 3.9455e-05 4.3226e-05 4.6915e-05 5.0466e-05 5.3816e-05 5.6902e-05 5.9656e-05 6.2010e-05 6.3899e-05 6.5261e-05 6.6043e-05 6.6200e-05 6.5704e-05 6.4542e-05 6.2718e-05 6.0259e-05 5.7214e-05 5.3649e-05 4.9651e-05 4.5324e-05 4.0780e-05 3.6139e-05 3.1521e-05 2.7037e-05 2.2788e-05 1.8857e-05 1.5307e-05 1.2177e-05 9.4855e-06 7.2279e-06 5.3824e-06 3.9130e-06 2.7744e-06 1.9164e-06 1.2882e-06 8.4180e-07 5.3412e-07 3.2868e-07 1.9593e-07 1.1301e-07 6.2983e-08 3.3878e-08 1.7564e-08 8.7658e-09 4.2054e-09 1.9369e-09 8.5518e-10 3.6146e-10 1.4605e-10 5.6328e-11 2.0706e-11 7.2435e-12 2.4078e-12 7.5933e-13 2.2683e-13 6.4078e-14 1.7091e-14 4.2966e-15 1.0164e-15 2.2587e-16 4.7070e-17 9.1822e-18 1.6738e-18 2.8458e-19 4.5050e-20 6.6272e-21 9.0430e-22 1.1424e-22 1.3334e-23 1.4354e-24 1.4221e-25 1.2941e-26 1.0795e-27 8.2374e-29 5.7382e-30 3.6413e-31 2.1005e-32 1.0990e-33 5.2046e-35 2.2259e-36 8.5779e-38 2.9719e-39 9.2361e-41 2.5688e-42 6.3788e-44 1.4109e-45 2.7732e-47
-8.9881e-07 -2.5422e-06 -4.6700e-06 -7.1887e-06 -1.0043e-05 -1.3193e-05 -1.6608e-05 -2.0257e-05 -2.4114e-05 -2.8148e-05 1.7547e-04 -3.6618e-05 -4.0977e-05 -4.5359e-05 -4.9712e-05 -5.3979e-05 -5.8094e-05 -6.1990e-05 -6.5593e-05 -6.8827e-05 -7.1615e-05 -7.3882e-05 -7.5558e-05 -7.6578e-05 -7.6892e-05 -7.6463e-05 -7.5273e-05 -7.3322e-05 -7.0637e-05 -6.7265e-05 -6.3280e-05 -5.8776e-05 -5.3865e-05 -4.8674e-05 -4.3337e-05 -3.7991e-05 -3.2767e-05 -2.7782e-05 -2.3137e-05 -1.8911e-05 -1.5156e-05 -1.1900e-05 -9.1446e-06 -6.8713e-06 -5.0436e-06 -3.6126e-06 -2.5225e-06 -1.7151e-06 -1.1344e-06 -7.2898e-07 -4.5465e-07 -2.7487e-07 -1.6089e-07 -9.1074e-08 -4.9790e-08 -2.6255e-08 -1.3337e-08 -6.5177e-09 -3.0600e-09 -1.3783e-09 -5.9480e-10 -2.4555e-10 -9.6837e-11 -3.6427e-11 -1.3051e-11 -4.4462e-12 -1.4382e-12 -4.4101e-13 -1.2798e-13 -3.5095e-14 -9.0777e-15 -2.2112e-15 -5.0635e-16 -1.0882e-16 -2.1907e-17 -4.1244e-18 -7.2480e-19 -1.1868e-19 -1.8071e-20 -2.5544e-21 -3.3451e-22 -4.0506e-23 -4.5266e-24 -4.6591e-25 -4.4081e-26 -3.8257e-27 -3.0396e-28 -2.2062e-29 -1.4598e-30 -8.7866e-32 -4.8008e-33 -2.3758e-34 -1.0626e-35 -4.2859e-37 -1.5553e-38 -5.0665e-40 -1.4782e-41 -3.8540e-43 -8.9574e-45 -1.8516e-46 8.9881e-07 2.5422e-06 4.6700e-06 7.1887e-06 1.0043e-05 1.3193e-05 1.6606e-05 2.0255e-05 2.4109e-05 2.8140e-05 0.0000e+00 3.6596e-05 4.0943e-05 4.5308e-05 4.9639e-05 5.3875e-05 5.7952e-05 6.1800e-05 6.5344e-05 6.8506e-05 7.1209e-05 7.3378e-05 7.4943e-05 7.5840e-05 7.6021e-05 7.5451e-05 7.4116e-05 7.2022e-05 6.9199e-05 6.5701e-05 6.1607e-05 5.7016e-05 5.2047e-05 4.6829e-05 4.1500e-05 3.6196e-05 3.1047e-05 2.6168e-05 2.1654e-05 1.7577e-05 1.3983e-05 1.0892e-05 8.2997e-06 6.1804e-06 4.4931e-06 3.1856e-06 2.2004e-06 1.4791e-06 9.6652e-07 6.1324e-07 3.7736e-07 2.2494e-07 1.2973e-07 7.2301e-08 3.8888e-08 2.0161e-08 1.0061e-08 4.8263e-09 2.2226e-09 9.8123e-10 4.1469e-10 1.6753e-10 6.4605e-11 2.3744e-11 8.3048e-12 2.7600e-12 8.7020e-13 2.5988e-13 7.3392e-14 1.9568e-14 4.9177e-15 1.1629e-15 2.5831e-16 5.3802e-17 1.0490e-17 1.9110e-18 3.2469e-19 5.1360e-20 7.5494e-21 1.0292e-21 1.2988e-22 1.5144e-23 1.6282e-24 1.6110e-25 1.4638e-26 1.2191e-27 9.2865e-29 6.4564e-30 4.0883e-31 2.3528e-32 1.2279e-33 5.7982e-35 2.4720e-36 9.4937e-38 3.2769e-39 1.0142e-40 2.8077e-42 6.9373e-44 1.5260e-45 2.9811e-47
-1.0179e-06 -2.8790e-06 -5.2888e-06 -8.1412e-06 -1.1374e-05 -1.4941e-05 -1.8808e-05 -2.2942e-05 -2.7311e-05 -3.1882e-05 -3.6618e-05 2.4847e-04 -4.6423e-05 -5.1393e-05 -5.6334e-05 -6.1179e-05 -6.5858e-05 -7.0293e-05 -7.4402e-05 -7.8098e-05 -8.1295e-05 -8.3909e-05 -8.5859e-05 -8.7073e-05 -8.7492e-05 -8.7073e-05 -8.5793e-05 -8.3652e-05 -8.0677e-05 -7.6919e-05 -7.2458e-05 -6.7399e-05 -6.1865e-05 -5.6000e-05 -4.9953e-05 -4.3880e-05 -3.7928e-05 -3.2234e-05 -2.6912e-05 -2.2056e-05 -1.7727e-05 -1.3961e-05 -1.0763e-05 -8.1150e-06 -5.9779e-06 -4.2980e-06 -3.0131e-06 -2.0573e-06 -1.3666e-06 -8.8223e-07 -5.5284e-07 -3.3588e-07 -1.9762e-07 -1.1246e-07 -6.1816e-08 -3.2781e-08 -1.6749e-08 -8.2342e-09 -3.8897e-09 -1.7631e-09 -7.6574e-10 -3.1821e-10 -1.2633e-10 -4.7849e-11 -1.7262e-11 -5.9228e-12 -1.9297e-12 -5.9603e-13 -1.7426e-13 -4.8141e-14 -1.2547e-14 -3.0797e-15 -7.1070e-16 -1.5393e-16 -3.1234e-17 -5.9270e-18 -1.0499e-18 -1.7330e-19 -2.6605e-20 -3.7913e-21 -5.0059e-22 -6.1120e-23 -6.8873e-24 -7.1485e-25 -6.8204e-26 -5.9696e-27 -4.7834e-28 -3.5017e-29 -2.3370e-30 -1.4189e-31 -7.8201e-33 -3.9041e-34 -1.7616e-35 -7.1679e-37 -2.6244e-38 -8.6262e-40 -2.5396e-41 -6.6813e-43 -1.5671e-44 -3.2691e-46 1.0179e-06 2.8790e-06 5.2888e-06 8.1411e-06 1.1373e-05 1.4941e-05 1.8807e-05 2.2938e-05 2.7304e-05 3.1869e-05 3.6596e-05 0.0000e+00 4.6368e-05 5.1311e-05 5.6216e-05 6.1013e-05 6.5631e-05 6.9988e-05 7.4001e-05 7.7583e-05 8.0644e-05 8.3101e-05 8.4872e-05 8.5888e-05 8.6093e-05 8.5448e-05 8.3936e-05 8.1564e-05 7.8367e-05 7.4405e-05 6.9769e-05 6.4570e-05 5.8942e-05 5.3033e-05 4.6998e-05 4.0991e-05 3.5160e-05 2.9634e-05 2.4521e-05 1.9904e-05 1.5835e-05 1.2334e-05 9.3983e-06 6.9984e-06 5.0876e-06 3.6070e-06 2.4914e-06 1.6747e-06 1.0942e-06 6.9424e-07 4.2718e-07 2.5462e-07 1.4684e-07 8.1826e-08 4.4006e-08 2.2811e-08 1.1382e-08 5.4592e-09 2.5136e-09 1.1095e-09 4.6879e-10 1.8934e-10 7.2991e-11 2.6818e-11 9.3764e-12 3.1148e-12 9.8162e-13 2.9300e-13 8.2699e-14 2.2036e-14 5.5337e-15 1.3075e-15 2.9017e-16 6.0379e-17 1.1759e-17 2.1395e-18 3.6303e-19 5.7338e-20 8.4139e-21 1.1449e-21 1.4419e-22 1.6774e-23 1.7988e-24 1.7748e-25 1.6077e-26 1.3343e-27 1.0125e-28 7.0092e-30 4.4174e-31 2.5288e-32 1.3121e-33 6.1557e-35 2.6055e-36 9.9256e-38 3.3951e-39 1.0402e-40 2.8472e-42 6.9455e-44 1.5059e-45 2.8944e-47
-1.1388e-06 -3.2210e-06 -5.9170e-06 -9.1083e-06 -1.2725e-05 -1.6717e-05 -2.1043e-05 -2.5669e-05 -3.0558e-05 -3.5674e-05 -4.0977e-05 -4.6423e-05 3.4216e-04 -5.7532e-05 -6.3075e-05 -6.8516e-05 -7.3777e-05 -7.8771e-05 -8.3408e-05 -8.7592e-05 -9.1227e-05 -9.4218e-05 -9.6475e-05 -9.7917e-05 -9.8476e-05 -9.8104e-05 -9.6771e-05 -9.4474e-05 -9.1240e-05 -8.7124e-05 -8.2209e-05 -7.6609e-05 -7.0460e-05 -6.3918e-05 -5.7150e-05 -5.0329e-05 -4.3621e-05 -3.7179e-05 -3.1138e-05 -2.5603e-05 -2.0651e-05 -1.6324e-05 -1.2634e-05 -9.5652e-06 -7.0768e-06 -5.1114e-06 -3.6003e-06 -2.4704e-06 -1.6495e-06 -1.0706e-06 -6.7459e-07 -4.1221e-07 -2.4396e-07 -1.3967e-07 -7.7258e-08 -4.1234e-08 -2.1207e-08 -1.0496e-08 -4.9921e-09 -2.2786e-09 -9.9668e-10 -4.1718e-10 -1.6685e-10 -6.3664e-11 -2.3141e-11 -8.0008e-12 -2.6268e-12 -8.1772e-13 -2.4095e-13 -6.7098e-14 -1.7628e-14 -4.3619e-15 -1.0148e-15 -2.2160e-16 -4.5337e-17 -8.6750e-18 -1.5496e-18 -2.5794e-19 -3.9933e-20 -5.7393e-21 -7.6429e-22 -9.4123e-23 -1.0698e-23 -1.1201e-24 -1.0781e-25 -9.5198e-27 -7.6961e-28 -5.6845e-29 -3.8280e-30 -2.3452e-31 -1.3044e-32 -6.5720e-34 -2.9929e-35 -1.2292e-36 -4.5429e-38 -1.5074e-39 -4.4803e-41 -1.1901e-42 -2.8184e-44 -5.9371e-46 1.1388e-06 3.2210e-06 5.9169e-06 9.1081e-06 1.2724e-05 1.6715e-05 2.1040e-05 2.5663e-05 3.0547e-05 3.5654e-05 4.0943e-05 4.6368e-05 0.0000e+00 5.7406e-05 6.2893e-05 6.8260e-05 7.3426e-05 7.8301e-05 8.2791e-05 8.6798e-05 9.0223e-05 9.2971e-05 9.4953e-05 9.6090e-05 9.6319e-05 9.5597e-05 9.3905e-05 9.1252e-05 8.7674e-05 8.3242e-05 7.8055e-05 7.2239e-05 6.5942e-05 5.9331e-05 5.2578e-05 4.5858e-05 3.9334e-05 3.3151e-05 2.7432e-05 2.2266e-05 1.7713e-05 1.3797e-05 1.0513e-05 7.8278e-06 5.6903e-06 4.0342e-06 2.7863e-06 1.8727e-06 1.2236e-06 7.7620e-07 4.7755e-07 2.8461e-07 1.6411e-07 9.1434e-08 4.9164e-08 2.5479e-08 1.2710e-08 6.0943e-09 2.8051e-09 1.2377e-09 5.2273e-10 2.1103e-10 8.1308e-11 2.9855e-11 1.0431e-11 3.4625e-12 1.0902e-12 3.2510e-13 9.1659e-14 2.4393e-14 6.1173e-15 1.4432e-15 3.1972e-16 6.6399e-17 1.2903e-17 2.3421e-18 3.9633e-19 6.2408e-20 9.1269e-21 1.2372e-21 1.5516e-22 1.7964e-23 1.9162e-24 1.8793e-25 1.6910e-26 1.3928e-27 1.0479e-28 7.1853e-30 4.4793e-31 2.5328e-32 1.2957e-33 5.9821e-35 2.4857e-36 9.2704e-38 3.0938e-39 9.2099e-41 2.4372e-42 5.7115e-44 1.1801e-45 2.1388e-47
-1.2602e-06 -3.5644e-06 -6.5478e-06 -1.0079e-05 -1.4082e-05 -1.8499e-05 -2.3288e-05 -2.8408e-05 -3.3821e-05 -3.9486e-05 -4.5359e-05 -5.1393e-05 -5.7532e-05 4.6010e-04 -6.9869e-05 -7.5919e-05 -8.1777e-05 -8.7349e-05 -9.2537e-05 -9.7235e-05 -1.0134e-04 -1.0474e-04 -1.0734e-04 -1.0906e-04 -1.0980e-04 -1.0953e-04 -1.0819e-04 -1.0579e-04 -1.0234e-04 -9.7908e-05 -9.2577e-05 -8.6465e-05 -7.9721e-05 -7.2511e-05 -6.5019e-05 -5.7435e-05 -4.9943e-05 -4.2718e-05 -3.5910e-05 -2.9644e-05 -2.4010e-05 -1.9063e-05 -1.4823e-05 -1.1277e-05 -8.3854e-06 -6.0886e-06 -4.3122e-06 -2.9758e-06 -1.9987e-06 -1.3051e-06 -8.2752e-07 -5.0892e-07 -3.0319e-07 -1.7476e-07 -9.7333e-08 -5.2315e-08 -2.7099e-08 -1.3510e-08 -6.4735e-09 -2.9771e-09 -1.3122e-09 -5.5347e-10 -2.2309e-10 -8.5796e-11 -3.1435e-11 -1.0956e-11 -3.6262e-12 -1.1380e-12 -3.3811e-13 -9.4934e-14 -2.5150e-14 -6.2755e-15 -1.4724e-15 -3.2426e-16 -6.6910e-17 -1.2913e-17 -2.3268e-18 -3.9069e-19 -6.1018e-20 -8.8475e-21 -1.1887e-21 -1.4771e-22 -1.6942e-23 -1.7900e-24 -1.7387e-25 -1.5495e-26 -1.2644e-27 -9.4268e-29 -6.4084e-30 -3.9637e-31 -2.2259e-32 -1.1324e-33 -5.2076e-35 -2.1600e-36 -8.0628e-38 -2.7023e-39 -8.1137e-41 -2.1773e-42 -5.2099e-44 -1.1090e-45 1.2602e-06 3.5644e-06 6.5478e-06 1.0079e-05 1.4081e-05 1.8497e-05 2.3284e-05 2.8399e-05 3.3804e-05 3.9455e-05 4.5308e-05 5.1311e-05 5.7406e-05 0.0000e+00 6.9598e-05 7.5538e-05 8.1255e-05 8.6650e-05 9.1618e-05 9.6052e-05 9.9842e-05 1.0288e-04 1.0508e-04 1.0633e-04 1.0659e-04 1.0579e-04 1.0392e-04 1.0098e-04 9.7021e-05 9.2116e-05 8.6375e-05 7.9938e-05 7.2970e-05 6.5653e-05 5.8180e-05 5.0743e-05 4.3523e-05 3.6681e-05 3.0352e-05 2.4636e-05 1.9597e-05 1.5264e-05 1.1630e-05 8.6590e-06 6.2940e-06 4.4617e-06 3.0812e-06 2.0707e-06 1.3527e-06 8.5799e-07 5.2777e-07 3.1447e-07 1.8127e-07 1.0097e-07 5.4272e-08 2.8115e-08 1.4018e-08 6.7183e-09 3.0905e-09 1.3627e-09 5.7510e-10 2.3196e-10 8.9288e-11 3.2749e-11 1.1428e-11 3.7881e-12 1.1908e-12 3.5446e-13 9.9732e-14 2.6480e-14 6.6236e-15 1.5580e-15 3.4403e-16 7.1182e-17 1.3775e-17 2.4884e-18 4.1882e-19 6.5549e-20 9.5201e-21 1.2804e-21 1.5914e-22 1.8238e-23 1.9229e-24 1.8607e-25 1.6486e-26 1.3338e-27 9.8282e-29 6.5762e-30 3.9832e-31 2.1762e-32 1.0683e-33 4.6895e-35 1.8304e-36 6.3056e-38 1.8972e-39 4.9050e-41 1.0583e-42 1.7851e-44 1.8774e-46 -8.3270e-49
-1.3807e-06 -3.9051e-06 -7.1737e-06 -1.1043e-05 -1.5428e-05 -2.0268e-05 -2.5515e-05 -3.1126e-05 -3.7059e-05 -4.3270e-05 -4.9712e-05 -5.6334e-05 -6.3075e-05 -6.9869e-05 6.0612e-04 -8.3307e-05 -8.9775e-05 -9.5942e-05 -1.0170e-04 -1.0694e-04 -1.1155e-04 -1.1540e-04 -1.1840e-04 -1.2043e-04 -1.2142e-04 -1.2130e-04 -1.2003e-04 -1.1759e-04 -1.1399e-04 -1.0931e-04 -1.0361e-04 -9.7038e-05 -8.9732e-05 -8.1877e-05 -7.3668e-05 -6.5313e-05 -5.7015e-05 -4.8968e-05 -4.1345e-05 -3.4288e-05 -2.7907e-05 -2.2269e-05 -1.7408e-05 -1.3317e-05 -9.9597e-06 -7.2748e-06 -5.1841e-06 -3.6003e-06 -2.4340e-06 -1.6000e-06 -1.0215e-06 -6.3263e-07 -3.7959e-07 -2.2040e-07 -1.2366e-07 -6.6970e-08 -3.4956e-08 -1.7562e-08 -8.4812e-09 -3.9313e-09 -1.7466e-09 -7.4268e-10 -3.0179e-10 -1.1702e-10 -4.3231e-11 -1.5193e-11 -5.0709e-12 -1.6049e-12 -4.8089e-13 -1.3618e-13 -3.6390e-14 -9.1592e-15 -2.1678e-15 -4.8163e-16 -1.0027e-16 -1.9525e-17 -3.5499e-18 -6.0150e-19 -9.4805e-20 -1.3874e-20 -1.8815e-21 -2.3599e-22 -2.7324e-23 -2.9146e-24 -2.8585e-25 -2.5724e-26 -2.1197e-27 -1.5961e-28 -1.0960e-29 -6.8476e-31 -3.8848e-32 -1.9968e-33 -9.2788e-35 -3.8893e-36 -1.4673e-37 -4.9706e-39 -1.5087e-40 -4.0930e-42 -9.9025e-44 -2.1315e-45 1.3807e-06 3.9051e-06 7.1736e-06 1.1043e-05 1.5427e-05 2.0265e-05 2.5509e-05 3.1113e-05 3.7034e-05 4.3226e-05 4.9639e-05 5.6216e-05 6.2893e-05 6.9598e-05 0.0000e+00 8.2758e-05 8.9021e-05 9.4931e-05 1.0037e-04 1.0523e-04 1.0938e-04 1.1272e-04 1.1512e-04 1.1650e-04 1.1677e-04 1.1590e-04 1.1385e-04 1.1063e-04 1.0629e-04 1.0092e-04 9.4627e-05 8.7574e-05 7.9939e-05 7.1922e-05 6.3734e-05 5.5586e-05 4.7675e-05 4.0179e-05 3.3245e-05 2.6982e-05 2.1462e-05 1.6715e-05 1.2734e-05 9.4803e-06 6.8901e-06 4.8835e-06 3.3719e-06 2.2656e-06 1.4796e-06 9.3823e-07 5.7694e-07 3.4363e-07 1.9800e-07 1.1023e-07 5.9213e-08 3.0654e-08 1.5272e-08 7.3128e-09 3.3606e-09 1.4801e-09 6.2380e-10 2.5123e-10 9.6536e-11 3.5338e-11 1.2304e-11 4.0681e-12 1.2752e-12 3.7831e-13 1.0604e-13 2.8036e-14 6.9786e-15 1.6324e-15 3.5817e-16 7.3568e-17 1.4118e-17 2.5259e-18 4.2043e-19 6.4959e-20 9.2941e-21 1.2283e-21 1.4956e-22 1.6727e-23 1.7129e-24 1.6002e-25 1.3582e-26 1.0418e-27 7.1747e-29 4.3965e-30 2.3648e-31 1.0908e-32 4.1137e-34 1.1068e-35 7.2128e-38 -1.4467e-38 -1.1680e-39 -5.9429e-41 -2.3714e-42 -7.8827e-44 -2.2368e-45 -5.4811e-47
-1.4985e-06 -4.2384e-06 -7.7859e-06 -1.1985e-05 -1.6745e-05 -2.1999e-05 -2.7695e-05 -3.3787e-05 -4.0230e-05 -4.6977e-05 -5.3979e-05 -6.1179e-05 -6.8516e-05 -7.5919e-05 -8.3307e-05 7.8433e-04 -9.7678e-05 -1.0445e-04 -1.1081e-04 -1.1662e-04 -1.2176e-04 -1.2611e-04 -1.2955e-04 -1.3198e-04 -1.3328e-04 -1.3340e-04 -1.3227e-04 -1.2987e-04 -1.2622e-04 -1.2136e-04 -1.1538e-04 -1.0841e-04 -1.0059e-04 -9.2129e-05 -8.3223e-05 -7.4097e-05 -6.4975e-05 -5.6070e-05 -4.7579e-05 -3.9666e-05 -3.2461e-05 -2.6052e-05 -2.0486e-05 -1.5769e-05 -1.1868e-05 -8.7260e-06 -6.2603e-06 -4.3777e-06 -2.9805e-06 -1.9735e-06 -1.2692e-06 -7.9194e-07 -4.7881e-07 -2.8015e-07 -1.5842e-07 -8.6472e-08 -4.5496e-08 -2.3043e-08 -1.1219e-08 -5.2430e-09 -2.3487e-09 -1.0071e-09 -4.1268e-10 -1.6138e-10 -6.0127e-11 -2.1313e-11 -7.1754e-12 -2.2909e-12 -6.9248e-13 -1.9785e-13 -5.3341e-14 -1.3547e-14 -3.2356e-15 -7.2547e-16 -1.5243e-16 -2.9961e-17 -5.4986e-18 -9.4056e-19 -1.4967e-19 -2.2116e-20 -3.0287e-21 -3.8366e-22 -4.4867e-23 -4.8343e-24 -4.7897e-25 -4.3549e-26 -3.6260e-27 -2.7592e-28 -1.9148e-29 -1.2093e-30 -6.9352e-32 -3.6040e-33 -1.6934e-34 -7.1780e-36 -2.7387e-37 -9.3847e-39 -2.8815e-40 -7.9094e-42 -1.9363e-43 -4.2178e-45 1.4985e-06 4.2383e-06 7.7858e-06 1.1985e-05 1.6743e-05 2.1995e-05 2.7686e-05 3.3769e-05 4.0195e-05 4.6915e-05 5.3875e-05 6.1013e-05 6.8260e-05 7.5538e-05 8.2758e-05 0.0000e+00 9.6618e-05 1.0303e-04 1.0894e-04 1.1421e-04 1.1872e-04 1.2234e-04 1.2494e-04 1.2644e-04 1.2674e-04 1.2579e-04 1.2356e-04 1.2007e-04 1.1536e-04 1.0952e-04 1.0270e-04 9.5040e-05 8.6752e-05 7.8050e-05 6.9162e-05 6.0317e-05 5.1730e-05 4.3594e-05 3.6067e-05 2.9271e-05 2.3280e-05 1.8129e-05 1.3809e-05 1.0279e-05 7.4686e-06 5.2922e-06 3.6530e-06 2.4536e-06 1.6018e-06 1.0152e-06 6.2393e-07 3.7138e-07 2.1383e-07 1.1894e-07 6.3831e-08 3.3007e-08 1.6423e-08 7.8520e-09 3.6022e-09 1.5833e-09 6.6579e-10 2.6744e-10 1.0246e-10 3.7376e-11 1.2962e-11 4.2661e-12 1.3302e-12 3.9225e-13 1.0919e-13 2.8633e-14 7.0604e-15 1.6335e-15 3.5384e-16 7.1591e-17 1.3496e-17 2.3639e-18 3.8359e-19 5.7467e-20 7.9170e-21 9.9818e-22 1.1447e-22 1.1841e-23 1.0912e-24 8.7747e-26 5.9086e-27 2.9876e-28 6.1952e-30 -8.6503e-31 -1.4716e-31 -1.4458e-32 -1.1070e-33 -7.1054e-35 -3.9336e-36 -1.9033e-37 -8.1033e-39 -3.0458e-40 -1.0123e-41 -2.9755e-43 -7.7333e-45 -1.7754e-46
-1.6119e-06 -4.5591e-06 -8.3752e-06 -1.2893e-05 -1.8012e-05 -2.3665e-05 -2.9793e-05 -3.6349e-05 -4.3284e-05 -5.0550e-05 -5.8094e-05 -6.5858e-05 -7.3777e-05 -8.1777e-05 -8.9775e-05 -9.7678e-05 9.9908e-04 -1.1278e-04 -1.1975e-04 -1.2615e-04 -1.3187e-04 -1.3678e-04 -1.4073e-04 -1.4361e-04 -1.4532e-04 -1.4577e-04 -1.4488e-04 -1.4264e-04 -1.3903e-04 -1.3411e-04 -1.2794e-04 -1.2066e-04 -1.1241e-04 -1.0339e-04 -9.3825e-05 -8.3941e-05 -7.3982e-05 -6.4185e-05 -5.4771e-05 -4.5929e-05 -3.7815e-05 -3.0541e-05 -2.4173e-05 -1.8731e-05 -1.4196e-05 -1.0511e-05 -7.5954e-06 -5.3506e-06 -3.6703e-06 -2.4487e-06 -1.5871e-06 -9.9805e-07 -6.0822e-07 -3.5873e-07 -2.0451e-07 -1.1254e-07 -5.9704e-08 -3.0491e-08 -1.4970e-08 -7.0555e-09 -3.1877e-09 -1.3786e-09 -5.6982e-10 -2.2478e-10 -8.4491e-11 -3.0215e-11 -1.0264e-11 -3.3067e-12 -1.0087e-12 -2.9085e-13 -7.9144e-14 -2.0290e-14 -4.8920e-15 -1.1074e-15 -2.3494e-16 -4.6630e-17 -8.6427e-18 -1.4932e-18 -2.4002e-19 -3.5830e-20 -4.9575e-21 -6.3456e-22 -7.4995e-23 -8.1672e-24 -8.1796e-25 -7.5185e-26 -6.3296e-27 -4.8705e-28 -3.4183e-29 -2.1836e-30 -1.2668e-31 -6.6606e-33 -3.1667e-34 -1.3584e-35 -5.2459e-37 -1.8196e-38 -5.6563e-40 -1.5721e-41 -3.8973e-43 -8.5981e-45 1.6119e-06 4.5591e-06 8.3750e-06 1.2892e-05 1.8010e-05 2.3659e-05 2.9781e-05 3.6324e-05 4.3237e-05 5.0466e-05 5.7952e-05 6.5631e-05 7.3426e-05 8.1255e-05 8.9021e-05 9.6618e-05 0.0000e+00 1.1083e-04 1.1718e-04 1.2286e-04 1.2770e-04 1.3159e-04 1.3440e-04 1.3601e-04 1.3633e-04 1.3530e-04 1.3291e-04 1.2915e-04 1.2408e-04 1.1780e-04 1.1046e-04 1.0222e-04 9.3302e-05 8.3940e-05 7.4377e-05 6.4861e-05 5.5623e-05 4.6870e-05 3.8773e-05 3.1462e-05 2.5019e-05 1.9478e-05 1.4833e-05 1.1038e-05 8.0178e-06 5.6790e-06 3.9182e-06 2.6302e-06 1.7160e-06 1.0868e-06 6.6732e-07 3.9680e-07 2.2819e-07 1.2675e-07 6.7914e-08 3.5053e-08 1.7403e-08 8.2998e-09 3.7965e-09 1.6631e-09 6.9661e-10 2.7855e-10 1.0615e-10 3.8487e-11 1.3252e-11 4.3252e-12 1.3355e-12 3.8928e-13 1.0688e-13 2.7577e-14 6.6685e-15 1.5069e-15 3.1715e-16 6.1923e-17 1.1162e-17 1.8461e-18 2.7772e-19 3.7506e-20 4.4466e-21 4.4199e-22 3.2368e-23 6.8948e-25 -3.0074e-25 -7.1696e-26 -1.0826e-26 -1.3081e-27 -1.3470e-28 -1.2128e-29 -9.6635e-31 -6.8572e-32 -4.3470e-33 -2.4654e-34 -1.2514e-35 -5.6825e-37 -2.3067e-38 -8.3602e-40 -2.7015e-41 -7.7709e-43 -1.9862e-44 -4.5025e-46
