2.4673e-04 -8.5173e-05 -1.0390e-04 -1.1929e-04 -1.3240e-04 -1.4375e-04 -1.5362e-04 -1.6222e-04 -1.6965e-04 -1.7603e-04 -1.8140e-04 -1.8581e-04 -1.8932e-04 -1.9195e-04 -1.9374e-04 -1.9470e-04 -1.9488e-04 -1.9430e-04 -1.9298e-04 -1.9096e-04 -1.8826e-04 -1.8493e-04 -1.8098e-04 -1.7647e-04 -1.7142e-04 -1.6589e-04 -1.5991e-04 -1.5353e-04 -1.4680e-04 -1.3977e-04 -1.3249e-04 -1.2501e-04 -1.1740e-04 -1.0969e-04 -1.0196e-04 -9.4256e-05 -8.6629e-05 -7.9134e-05 -7.1823e-05 -6.4743e-05 -5.7940e-05 -5.1453e-05 -4.5320e-05 -3.9570e-05 -3.4228e-05 -2.9312e-05 -2.4835e-05 -2.0801e-05 -1.7207e-05 -1.4046e-05 -1.1301e-05 -8.9520e-06 -6.9726e-06 -5.3322e-06 -3.9972e-06 -2.9321e-06 -2.1004e-06 -1.4661e-06 -9.9463e-07 -6.5400e-07 -4.1546e-07 -2.5408e-07 -1.4897e-07 -8.3358e-08 -4.4277e-08 -2.2191e-08 -1.0420e-08 -4.5481e-09 -1.8279e-09 -6.6915e-10 -2.2030e-10 -6.4258e-11 -1.6315e-11 -3.5304e-12 -6.3493e-13 -9.2072e-14 -1.0376e-14 -8.6884e-16 -5.1138e-17 -1.9747e-18 -4.5872e-20 -5.7422e-22 -3.3621e-24 -7.6566e-27 -5.3139e-30 -8.0969e-34 -1.7284e-38 -2.7564e-44 -1.3336e-51 -5.1802e-61 -2.1298e-73 -3.7312e-90 -1.3347e-113 -7.9381e-148 -1.3468e-200 -3.5930e-288 -0.0000e+00 -0.0000e+00 -0.0000e+00 -0.0000e+00 0.0000e+00 -8.5173e-05 -1.0389e-04 -1.1929e-04 -1.3240e-04 -1.4374e-04 -1.5361e-04 -1.6221e-04 -1.6964e-04 -1.7601e-04 -1.8137e-04 -1.8579e-04 -1.8929e-04 -1.9191e-04 -1.9369e-04 -1.9466e-04 -1.9483e-04 -1.9424e-04 -1.9291e-04 -1.9088e-04 -1.8818e-04 -1.8484e-04 -1.8089e-04 -1.7636e-04 -1.7131e-04 -1.6577e-04 -1.5979e-04 -1.5340e-04 -1.4667e-04 -1.3963e-04 -1.3235e-04 -1.2487e-04 -1.1725e-04 -1.0955e-04 -1.0182e-04 -9.4113e-05 -8.6488e-05 -7.8997e-05 -7.1689e-05 -6.4615e-05 -5.7817e-05 -5.1337e-05 -4.5211e-05 -3.9468e-05 -3.4134e-05 -2.9227e-05 -2.4758e-05 -2.0732e-05 -1.7147e-05 -1.3993e-05 -1.1256e-05 -8.9142e-06 -6.9412e-06 -5.3067e-06 -3.9769e-06 -2.9162e-06 -2.0883e-06 -1.4571e-06 -9.8810e-07 -6.4943e-07 -4.1236e-07 -2.5205e-07 -1.4771e-07 -8.2600e-08 -4.3846e-08 -2.1959e-08 -1.0304e-08 -4.4935e-09 -1.8043e-09 -6.5985e-10 -2.1700e-10 -6.3217e-11 -1.6029e-11 -3.4633e-12 -6.2184e-13 -9.0004e-14 -1.0122e-14 -8.4553e-16 -4.9631e-17 -1.9106e-18 -4.4226e-20 -5.5135e-22 -3.2128e-24 -7.2757e-27 -5.0162e-30 -7.5829e-34 -1.6032e-38 -2.5271e-44 -1.2051e-51 -4.5966e-61 -1.8464e-73 -3.1382e-90 -1.0782e-113 -6.0697e-148 -9.5339e-201 -2.2755e-288 -0.0000e+00 -0.0000e+00 -0.0000e+00 -0.0000e+00
-8.5173e-05 9.8739e-04 -1.4658e-04 -1.6831e-04 -1.8681e-04 -2.0283e-04 -2.1677e-04 -2.2892e-04 -2.3943e-04 -2.4844e-04 -2.5604e-04 -2.6231e-04 -2.6729e-04 -2.7103e-04 -2.7359e-04 -2.7500e-04 -2.7529e-04 -2.7451e-04 -2.7270e-04 -2.6989e-04 -2.6613e-04 -2.6147e-04 -2.5595e-04 -2.4963e-04 -2.4255e-04 -2.3478e-04 -2.2638e-04 -2.1742e-04 -2.0795e-04 -1.9806e-04 -1.8781e-04 -1.7727e-04 -1.6654e-04 -1.5568e-04 -1.4477e-04 -1.3389e-04 -1.2311e-04 -1.1252e-04 -1.0218e-04 -9.2158e-05 -8.2523e-05 -7.3331e-05 -6.4633e-05 -5.6472e-05 -4.8885e-05 -4.1898e-05 -3.5528e-05 -2.9783e-05 -2.4661e-05 -2.0150e-05 -1.6230e-05 -1.2871e-05 -1.0037e-05 -7.6856e-06 -5.7694e-06 -4.2383e-06 -3.0408e-06 -2.1261e-06 -1.4449e-06 -9.5193e-07 -6.0599e-07 -3.7142e-07 -2.1830e-07 -1.2247e-07 -6.5234e-08 -3.2794e-08 -1.5451e-08 -6.7681e-09 -2.7309e-09 -1.0040e-09 -3.3212e-10 -9.7379e-11 -2.4866e-11 -5.4152e-12 -9.8082e-13 -1.4335e-13 -1.6298e-14 -1.3783e-15 -8.2028e-17 -3.2076e-18 -7.5590e-20 -9.6188e-22 -5.7392e-24 -1.3358e-26 -9.5100e-30 -1.4929e-33 -3.3012e-38 -5.4908e-44 -2.7942e-51 -1.1542e-60 -5.1173e-73 -9.8486e-90 -3.9674e-113 -2.7502e-147 -5.7133e-200 -2.0131e-287 -0.0000e+00 -0.0000e+00 -0.0000e+00 -0.0000e+00 -8.5173e-05 0.0000e+00 -1.4658e-04 -1.6830e-04 -1.8679e-04 -2.0280e-04 -2.1673e-04 -2.2886e-04 -2.3936e-04 -2.4835e-04 -2.5593e-04 -2.6216e-04 -2.6711e-04 -2.7083e-04 -2.7335e-04 -2.7472e-04 -2.7498e-04 -2.7416e-04 -2.7231e-04 -2.6946e-04 -2.6566e-04 -2.6096e-04 -2.5540e-04 -2.4904e-04 -2.4192e-04 -2.3412e-04 -2.2569e-04 -2.1669e-04 -2.0720e-04 -1.9728e-04 -1.8701e-04 -1.7647e-04 -1.6572e-04 -1.5486e-04 -1.4395e-04 -1.3308e-04 -1.2232e-04 -1.1174e-04 -1.0142e-04 -9.1431e-05 -8.1828e-05 -7.2673e-05 -6.4015e-05 -5.5897e-05 -4.8355e-05 -4.1414e-05 -3.5092e-05 -2.9394e-05 -2.4319e-05 -1.9853e-05 -1.5975e-05 -1.2656e-05 -9.8592e-06 -7.5408e-06 -5.6538e-06 -4.1480e-06 -2.9719e-06 -2.0748e-06 -1.4079e-06 -9.2592e-07 -5.8835e-07 -3.5990e-07 -2.1108e-07 -1.1814e-07 -6.2775e-08 -3.1473e-08 -1.4785e-08 -6.4558e-09 -2.5958e-09 -9.5075e-10 -3.1319e-10 -9.1408e-11 -2.3224e-11 -5.0294e-12 -9.0531e-13 -1.3141e-13 -1.4825e-14 -1.2429e-15 -7.3259e-17 -2.8334e-18 -6.5944e-20 -8.2729e-22 -4.8562e-24 -1.1093e-26 -7.7264e-30 -1.1824e-33 -2.5374e-38 -4.0736e-44 -1.9873e-51 -7.8025e-61 -3.2535e-73 -5.8095e-90 -2.1343e-113 -1.3197e-147 -2.3764e-200 -6.9905e-288 -0.0000e+00 -0.0000e+00 -0.0000e+00 -0.0000e+00
-1.0390e-04 -1.4658e-04 2.2234e-03 -2.0532e-04 -2.2791e-04 -2.4747e-04 -2.6451e-04 -2.7936e-04 -2.9223e-04 -3.0327e-04 -3.1260e-04 -3.2030e-04 -3.2644e-04 -3.3108e-04 -3.3428e-04 -3.3607e-04 -3.3652e-04 -3.3566e-04 -3.3353e-04 -3.3020e-04 -3.2571e-04 -3.2012e-04 -3.1348e-04 -3.0585e-04 -2.9731e-04 -2.8791e-04 -2.7774e-04 -2.6687e-04 -2.5539e-04 -2.4337e-04 -2.3091e-04 -2.1809e-04 -2.0502e-04 -1.9178e-04 -1.7846e-04 -1.6518e-04 -1.5200e-04 -1.3904e-04 -1.2637e-04 -1.1409e-04 -1.0226e-04 -9.0965e-05 -8.0263e-05 -7.0211e-05 -6.0852e-05 -5.2222e-05 -4.4343e-05 -3.7227e-05 -3.0872e-05 -2.5266e-05 -2.0386e-05 -1.6196e-05 -1.2655e-05 -9.7103e-06 -7.3054e-06 -5.3792e-06 -3.8691e-06 -2.7124e-06 -1.8488e-06 -1.2217e-06 -7.8027e-07 -4.7993e-07 -2.8315e-07 -1.5950e-07 -8.5332e-08 -4.3101e-08 -2.0412e-08 -8.9910e-09 -3.6497e-09 -1.3507e-09 -4.5000e-10 -1.3298e-10 -3.4248e-11 -7.5287e-12 -1.3778e-12 -2.0367e-13 -2.3450e-14 -2.0109e-15 -1.2155e-16 -4.8363e-18 -1.1620e-19 -1.5113e-21 -9.2418e-24 -2.2119e-26 -1.6253e-29 -2.6456e-33 -6.0984e-38 -1.0643e-43 -5.7278e-51 -2.5265e-60 -1.2111e-72 -2.5602e-89 -1.1573e-112 -9.2756e-147 -2.3304e-199 -1.0678e-286 -0.0000e+00 -0.0000e+00 -0.0000e+00 -0.0000e+00 -1.0389e-04 -1.4658e-04 0.0000e+00 -2.0530e-04 -2.2786e-04 -2.4740e-04 -2.6440e-04 -2.7921e-04 -2.9203e-04 -3.0301e-04 -3.1227e-04 -3.1990e-04 -3.2596e-04 -3.3052e-04 -3.3362e-04 -3.3532e-04 -3.3566e-04 -3.3469e-04 -3.3246e-04 -3.2902e-04 -3.2442e-04 -3.1871e-04 -3.1196e-04 -3.0423e-04 -2.9558e-04 -2.8609e-04 -2.7583e-04 -2.6487e-04 -2.5332e-04 -2.4124e-04 -2.2873e-04 -2.1587e-04 -2.0277e-04 -1.8952e-04 -1.7622e-04 -1.6295e-04 -1.4981e-04 -1.3690e-04 -1.2429e-04 -1.1208e-04 -1.0035e-04 -8.9150e-05 -7.8558e-05 -6.8624e-05 -5.9389e-05 -5.0887e-05 -4.3139e-05 -3.6153e-05 -2.9926e-05 -2.4444e-05 -1.9682e-05 -1.5603e-05 -1.2163e-05 -9.3093e-06 -6.9852e-06 -5.1290e-06 -3.6780e-06 -2.5702e-06 -1.7458e-06 -1.1494e-06 -7.3122e-07 -4.4786e-07 -2.6303e-07 -1.4744e-07 -7.8466e-08 -3.9408e-08 -1.8548e-08 -8.1157e-09 -3.2706e-09 -1.2009e-09 -3.9666e-10 -1.1612e-10 -2.9601e-11 -6.4342e-12 -1.1630e-12 -1.6959e-13 -1.9232e-14 -1.6218e-15 -9.6228e-17 -3.7500e-18 -8.8035e-20 -1.1155e-21 -6.6242e-24 -1.5337e-26 -1.0855e-29 -1.6930e-33 -3.7171e-38 -6.1349e-44 -3.0966e-51 -1.2685e-60 -5.5814e-73 -1.0682e-89 -4.2991e-113 -3.0071e-147 -6.4307e-200 -2.4290e-287 -0.0000e+00 -0.0000e+00 -0.0000e+00 -0.0000e+00
-1.1929e-04 -1.6831e-04 -2.0532e-04 3.9571e-03 -2.6175e-04 -2.8424e-04 -3.0385e-04 -3.2096e-04 -3.3580e-04 -3.4855e-04 -3.5935e-04 -3.6829e-04 -3.7545e-04 -3.8089e-04 -3.8469e-04 -3.8688e-04 -3.8753e-04 -3.8669e-04 -3.8440e-04 -3.8073e-04 -3.7572e-04 -3.6945e-04 -3.6197e-04 -3.5336e-04 -3.4369e-04 -3.3303e-04 -3.2148e-04 -3.0911e-04 -2.9602e-04 -2.8230e-04 -2.6806e-04 -2.5340e-04 -2.3842e-04 -2.2323e-04 -2.0794e-04 -1.9266e-04 -1.7749e-04 -1.6254e-04 -1.4791e-04 -1.3371e-04 -1.2001e-04 -1.0690e-04 -9.4468e-05 -8.2767e-05 -7.1855e-05 -6.1773e-05 -5.2551e-05 -4.4204e-05 -3.6734e-05 -3.0130e-05 -2.4367e-05 -1.9407e-05 -1.5203e-05 -1.1698e-05 -8.8266e-06 -6.5197e-06 -4.7050e-06 -3.3101e-06 -2.2646e-06 -1.5025e-06 -9.6373e-07 -5.9549e-07 -3.5304e-07 -1.9991e-07 -1.0756e-07 -5.4655e-08 -2.6051e-08 -1.1555e-08 -4.7261e-09 -1.7633e-09 -5.9263e-10 -1.7680e-10 -4.6005e-11 -1.0227e-11 -1.8945e-12 -2.8382e-13 -3.3155e-14 -2.8887e-15 -1.7769e-16 -7.2072e-18 -1.7688e-19 -2.3550e-21 -1.4781e-23 -3.6417e-26 -2.7642e-29 -4.6664e-33 -1.1210e-37 -2.0504e-43 -1.1648e-50 -5.4715e-60 -2.8250e-72 -6.5312e-89 -3.2973e-112 -3.0428e-146 -9.2180e-199 -5.4895e-286 -0.0000e+00 -0.0000e+00 -0.0000e+00 -0.0000e+00 -1.1929e-04 -1.6830e-04 -2.0530e-04 0.0000e+00 -2.6165e-04 -2.8409e-04 -3.0363e-04 -3.2065e-04 -3.3539e-04 -3.4802e-04 -3.5869e-04 -3.6748e-04 -3.7447e-04 -3.7974e-04 -3.8335e-04 -3.8534e-04 -3.8578e-04 -3.8471e-04 -3.8220e-04 -3.7830e-04 -3.7307e-04 -3.6657e-04 -3.5886e-04 -3.5003e-04 -3.4015e-04 -3.2929e-04 -3.1755e-04 -3.0502e-04 -2.9178e-04 -2.7794e-04 -2.6359e-04 -2.4885e-04 -2.3383e-04 -2.1862e-04 -2.0333e-04 -1.8809e-04 -1.7299e-04 -1.5814e-04 -1.4364e-04 -1.2959e-04 -1.1607e-04 -1.0317e-04 -9.0964e-05 -7.9504e-05 -6.8846e-05 -5.9027e-05 -5.0072e-05 -4.1992e-05 -3.4785e-05 -2.8436e-05 -2.2915e-05 -1.8182e-05 -1.4186e-05 -1.0869e-05 -8.1644e-06 -6.0017e-06 -4.3091e-06 -3.0152e-06 -2.0509e-06 -1.3524e-06 -8.6172e-07 -5.2872e-07 -3.1110e-07 -1.7474e-07 -9.3202e-08 -4.6921e-08 -2.2142e-08 -9.7156e-09 -3.9276e-09 -1.4470e-09 -4.7974e-10 -1.4102e-10 -3.6111e-11 -7.8887e-12 -1.4338e-12 -2.1039e-13 -2.4026e-14 -2.0419e-15 -1.2223e-16 -4.8111e-18 -1.1424e-19 -1.4666e-21 -8.8414e-24 -2.0832e-26 -1.5048e-29 -2.4042e-33 -5.4315e-38 -9.2771e-44 -4.8810e-51 -2.1038e-60 -9.8609e-73 -2.0438e-89 -9.1150e-113 -7.2987e-147 -1.8760e-199 -9.2015e-287 -0.0000e+00 -0.0000e+00 -0.0000e+00 -0.0000e+00
-1.3240e-04 -1.8681e-04 -2.2791e-04 -2.6175e-04 6.1917e-03 -3.1562e-04 -3.3746e-04 -3.5652e-04 -3.7309e-04 -3.8736e-04 -3.9946e-04 -4.0952e-04 -4.1762e-04 -4.2384e-04 -4.2823e-04 -4.3085e-04 -4.3177e-04 -4.3104e-04 -4.2871e-04 -4.2485e-04 -4.1951e-04 -4.1277e-04 -4.0468e-04 -3.9533e-04 -3.8479e-04 -3.7316e-04 -3.6051e-04 -3.4694e-04 -3.3255e-04 -3.1745e-04 -3.0175e-04 -2.8555e-04 -2.6898e-04 -2.5214e-04 -2.3516e-04 -2.1817e-04 -2.0127e-04 -1.8458e-04 -1.6823e-04 -1.5231e-04 -1.3694e-04 -1.2220e-04 -1.0819e-04 -9.4978e-05 -8.2626e-05 -7.1189e-05 -6.0700e-05 -5.1183e-05 -4.2643e-05 -3.5071e-05 -2.8443e-05 -2.2722e-05 -1.7856e-05 -1.3785e-05 -1.0439e-05 -7.7393e-06 -5.6073e-06 -3.9615e-06 -2.7224e-06 -1.8148e-06 -1.1699e-06 -7.2677e-07 -4.3333e-07 -2.4687e-07 -1.3368e-07 -6.8399e-08 -3.2843e-08 -1.4683e-08 -6.0560e-09 -2.2799e-09 -7.7372e-10 -2.3323e-10 -6.1372e-11 -1.3808e-11 -2.5913e-12 -3.9368e-13 -4.6693e-14 -4.1357e-15 -2.5899e-16 -1.0711e-17 -2.6853e-19 -3.6596e-21 -2.3566e-23 -5.9732e-26 -4.6792e-29 -8.1828e-33 -2.0454e-37 -3.9147e-43 -2.3429e-50 -1.1697e-59 -6.4935e-72 -1.6393e-88 -9.2351e-112 -9.8111e-146 -3.5873e-198 -2.7821e-285 -0.0000e+00 -0.0000e+00 -0.0000e+00 -0.0000e+00 -1.3240e-04 -1.8679e-04 -2.2786e-04 -2.6165e-04 0.0000e+00 -3.1535e-04 -3.3707e-04 -3.5598e-04 -3.7237e-04 -3.8643e-04 -3.9831e-04 -4.0811e-04 -4.1593e-04 -4.2183e-04 -4.2589e-04 -4.2817e-04 -4.2872e-04 -4.2761e-04 -4.2489e-04 -4.2063e-04 -4.1490e-04 -4.0775e-04 -3.9927e-04 -3.8954e-04 -3.7864e-04 -3.6665e-04 -3.5368e-04 -3.3982e-04 -3.2517e-04 -3.0985e-04 -2.9396e-04 -2.7763e-04 -2.6096e-04 -2.4409e-04 -2.2713e-04 -2.1019e-04 -1.9341e-04 -1.7690e-04 -1.6077e-04 -1.4512e-04 -1.3007e-04 -1.1568e-04 -1.0206e-04 -8.9267e-05 -7.7358e-05 -6.6378e-05 -5.6355e-05 -4.7303e-05 -3.9222e-05 -3.2095e-05 -2.5891e-05 -2.0566e-05 -1.6066e-05 -1.2325e-05 -9.2707e-06 -6.8249e-06 -4.9078e-06 -3.4398e-06 -2.3439e-06 -1.5485e-06 -9.8875e-07 -6.0800e-07 -3.5860e-07 -2.0194e-07 -1.0801e-07 -5.4539e-08 -2.5821e-08 -1.1370e-08 -4.6144e-09 -1.7072e-09 -5.6865e-10 -1.6801e-10 -4.3263e-11 -9.5097e-12 -1.7403e-12 -2.5731e-13 -2.9635e-14 -2.5427e-15 -1.5383e-16 -6.1283e-18 -1.4751e-19 -1.9234e-21 -1.1803e-23 -2.8385e-26 -2.0995e-29 -3.4484e-33 -8.0474e-38 -1.4284e-43 -7.8691e-51 -3.5858e-60 -1.7992e-72 -4.0591e-89 -2.0158e-112 -1.8565e-146 -5.7600e-199 -3.6830e-286 -0.0000e+00 -0.0000e+00 -0.0000e+00 -0.0000e+00
-1.4375e-04 -2.0283e-04 -2.4747e-04 -2.8424e-04 -3.1562e-04 8.9317e-03 -3.6665e-04 -3.8745e-04 -4.0557e-04 -4.2120e-04 -4.3452e-04 -4.4563e-04 -4.5462e-04 -4.6159e-04 -4.6659e-04 -4.6970e-04 -4.7096e-04 -4.7044e-04 -4.6820e-04 -4.6429e-04 -4.5879e-04 -4.5175e-04 -4.4326e-04 -4.3339e-04 -4.2222e-04 -4.0984e-04 -3.9634e-04 -3.8183e-04 -3.6640e-04 -3.5018e-04 -3.3326e-04 -3.1578e-04 -2.9785e-04 -2.7961e-04 -2.6117e-04 -2.4268e-04 -2.2425e-04 -2.0602e-04 -1.8810e-04 -1.7063e-04 -1.5372e-04 -1.3746e-04 -1.2197e-04 -1.0732e-04 -9.3592e-05 -8.0842e-05 -6.9116e-05 -5.8443e-05 -4.8836e-05 -4.0289e-05 -3.2782e-05 -2.6278e-05 -2.0726e-05 -1.6062e-05 -1.2212e-05 -9.0923e-06 -6.6171e-06 -4.6970e-06 -3.2439e-06 -2.1739e-06 -1.4092e-06 -8.8056e-07 -5.2830e-07 -3.0296e-07 -1.6520e-07 -8.5154e-08 -4.1210e-08 -1.8578e-08 -7.7308e-09 -2.9380e-09 -1.0071e-09 -3.0686e-10 -8.1678e-11 -1.8603e-11 -3.5374e-12 -5.4503e-13 -6.5630e-14 -5.9088e-15 -3.7661e-16 -1.5876e-17 -4.0639e-19 -5.6657e-21 -3.7406e-23 -9.7459e-26 -7.8718e-29 -1.4246e-32 -3.7019e-37 -7.4063e-43 -4.6661e-50 -2.4745e-59 -1.4764e-71 -4.0704e-88 -2.5598e-111 -3.1336e-145 -1.3848e-197 -1.4013e-284 -0.0000e+00 -0.0000e+00 -0.0000e+00 -0.0000e+00 -1.4374e-04 -2.0280e-04 -2.4740e-04 -2.8409e-04 -3.1535e-04 0.0000e+00 -3.6603e-04 -3.8660e-04 -4.0444e-04 -4.1976e-04 -4.3271e-04 -4.4341e-04 -4.5197e-04 -4.5845e-04 -4.6294e-04 -4.6549e-04 -4.6618e-04 -4.6506e-04 -4.6221e-04 -4.5768e-04 -4.5155e-04 -4.4389e-04 -4.3478e-04 -4.2430e-04 -4.1255e-04 -3.9963e-04 -3.8562e-04 -3.7064e-04 -3.5480e-04 -3.3822e-04 -3.2102e-04 -3.0332e-04 -2.8525e-04 -2.6694e-04 -2.4852e-04 -2.3012e-04 -2.1188e-04 -1.9391e-04 -1.7634e-04 -1.5929e-04 -1.4287e-04 -1.2717e-04 -1.1228e-04 -9.8293e-05 -8.5257e-05 -7.3226e-05 -6.2232e-05 -5.2293e-05 -4.3409e-05 -3.5564e-05 -2.8726e-05 -2.2850e-05 -1.7876e-05 -1.3735e-05 -1.0348e-05 -7.6314e-06 -5.4981e-06 -3.8612e-06 -2.6367e-06 -1.7460e-06 -1.1176e-06 -6.8903e-07 -4.0756e-07 -2.3022e-07 -1.2354e-07 -6.2605e-08 -2.9755e-08 -1.3158e-08 -5.3643e-09 -1.9946e-09 -6.6799e-10 -1.9854e-10 -5.1461e-11 -1.1393e-11 -2.1017e-12 -3.1348e-13 -3.6458e-14 -3.1623e-15 -1.9365e-16 -7.8206e-18 -1.9116e-19 -2.5361e-21 -1.5874e-23 -3.9046e-26 -2.9640e-29 -5.0164e-33 -1.2123e-37 -2.2418e-43 -1.2965e-50 -6.2623e-60 -3.3723e-72 -8.3016e-89 -4.6015e-112 -4.8849e-146 -1.8332e-198 -1.5311e-285 -0.0000e+00 -0.0000e+00 -0.0000e+00 -0.0000e+00
-1.5362e-04 -2.1677e-04 -2.6451e-04 -3.0385e-04 -3.3746e-04 -3.6665e-04 1.2182e-02 -4.1456e-04 -4.3408e-04 -4.5098e-04 -4.6542e-04 -4.7753e-04 -4.8740e-04 -4.9513e-04 -5.0078e-04 -5.0442e-04 -5.0611e-04 -5.0590e-04 -5.0386e-04 -5.0006e-04 -4.9455e-04 -4.8740e-04 -4.7869e-04 -4.6849e-04 -4.5690e-04 -4.4400e-04 -4.2988e-04 -4.1464e-04 -3.9841e-04 -3.8128e-04 -3.6338e-04 -3.4484e-04 -3.2577e-04 -3.0632e-04 -2.8662e-04 -2.6680e-04 -2.4701e-04 -2.2737e-04 -2.0804e-04 -1.8912e-04 -1.7076e-04 -1.5307e-04 -1.3616e-04 -1.2012e-04 -1.0504e-04 -9.0989e-05 -7.8025e-05 -6.6184e-05 -5.5486e-05 -4.5934e-05 -3.7511e-05 -3.0183e-05 -2.3901e-05 -1.8599e-05 -1.4203e-05 -1.0623e-05 -7.7687e-06 -5.5424e-06 -3.8482e-06 -2.5933e-06 -1.6910e-06 -1.0632e-06 -6.4205e-07 -3.7072e-07 -2.0362e-07 -1.0576e-07 -5.1599e-08 -2.3460e-08 -9.8509e-09 -3.7797e-09 -1.3088e-09 -4.0309e-10 -1.0852e-10 -2.5021e-11 -4.8198e-12 -7.5300e-13 -9.2032e-14 -8.4194e-15 -5.4597e-16 -2.3450e-17 -6.1256e-19 -8.7317e-21 -5.9073e-23 -1.5812e-25 -1.3161e-28 -2.4638e-32 -6.6527e-37 -1.3909e-42 -9.2234e-50 -5.1957e-59 -3.3329e-71 -1.0039e-87 -7.0535e-111 -9.9596e-145 -5.3263e-197 -7.0441e-284 -0.0000e+00 -0.0000e+00 -0.0000e+00 -0.0000e+00 -1.5361e-04 -2.1673e-04 -2.6440e-04 -3.0363e-04 -3.3707e-04 -3.6603e-04 0.0000e+00 -4.1332e-04 -4.3244e-04 -4.4887e-04 -4.6278e-04 -4.7430e-04 -4.8353e-04 -4.9055e-04 -4.9544e-04 -4.9828e-04 -4.9913e-04 -4.9805e-04 -4.9512e-04 -4.9040e-04 -4.8397e-04 -4.7591e-04 -4.6629e-04 -4.5522e-04 -4.4277e-04 -4.2906e-04 -4.1419e-04 -3.9828e-04 -3.8143e-04 -3.6378e-04 -3.4545e-04 -3.2658e-04 -3.0730e-04 -2.8774e-04 -2.6806e-04 -2.4838e-04 -2.2884e-04 -2.0959e-04 -1.9075e-04 -1.7245e-04 -1.5480e-04 -1.3791e-04 -1.2189e-04 -1.0681e-04 -9.2744e-05 -7.9746e-05 -6.7855e-05 -5.7090e-05 -4.7454e-05 -3.8933e-05 -3.1495e-05 -2.5092e-05 -1.9664e-05 -1.5136e-05 -1.1425e-05 -8.4431e-06 -6.0961e-06 -4.2912e-06 -2.9376e-06 -1.9504e-06 -1.2520e-06 -7.7426e-07 -4.5947e-07 -2.6046e-07 -1.4030e-07 -7.1391e-08 -3.4081e-08 -1.5143e-08 -6.2059e-09 -2.3206e-09 -7.8198e-10 -2.3398e-10 -6.1096e-11 -1.3636e-11 -2.5377e-12 -3.8224e-13 -4.4936e-14 -3.9446e-15 -2.4480e-16 -1.0034e-17 -2.4939e-19 -3.3712e-21 -2.1551e-23 -5.4301e-26 -4.2367e-29 -7.4001e-33 -1.8548e-37 -3.5792e-43 -2.1763e-50 -1.1158e-59 -6.4583e-72 -1.7371e-88 -1.0761e-111 -1.3184e-145 -5.9924e-198 -6.5475e-285 -0.0000e+00 -0.0000e+00 -0.0000e+00 -0.0000e+00
-1.6222e-04 -2.2892e-04 -2.7936e-04 -3.2096e-04 -3.5652e-04 -3.8745e-04 -4.1456e-04 1.5949e-02 -4.5916e-04 -4.7723e-04 -4.9274e-04 -5.0582e-04 -5.1657e-04 -5.2507e-04 -5.3141e-04 -5.3565e-04 -5.3784e-04 -5.3806e-04 -5.3635e-04 -5.3278e-04 -5.2742e-04 -5.2033e-04 -5.1158e-04 -5.0126e-04 -4.8944e-04 -4.7622e-04 -4.6169e-04 -4.4595e-04 -4.2912e-04 -4.1130e-04 -3.9263e-04 -3.7322e-04 -3.5321e-04 -3.3273e-04 -3.1193e-04 -2.9095e-04 -2.6994e-04 -2.4903e-04 -2.2838e-04 -2.0812e-04 -1.8839e-04 -1.6931e-04 -1.5102e-04 -1.3361e-04 -1.1719e-04 -1.0183e-04 -8.7605e-05 -7.4564e-05 -6.2734e-05 -5.2127e-05 -4.2733e-05 -3.4524e-05 -2.7454e-05 -2.1460e-05 -1.6462e-05 -1.2373e-05 -9.0941e-06 -6.5223e-06 -4.5537e-06 -3.0865e-06 -2.0248e-06 -1.2812e-06 -7.7889e-07 -4.5289e-07 -2.5058e-07 -1.3116e-07 -6.4512e-08 -2.9583e-08 -1.2534e-08 -4.8551e-09 -1.6982e-09 -5.2860e-10 -1.4393e-10 -3.3583e-11 -6.5522e-12 -1.0377e-12 -1.2869e-13 -1.1959e-14 -7.8873e-16 -3.4504e-17 -9.1948e-19 -1.3396e-20 -9.2839e-23 -2.5523e-25 -2.1888e-28 -4.2379e-32 -1.1890e-36 -2.5981e-42 -1.8137e-49 -1.0856e-58 -7.4905e-71 -2.4667e-87 -1.9377e-110 -3.1590e-144 -2.0469e-196 -3.5431e-283 -0.0000e+00 -0.0000e+00 -0.0000e+00 -0.0000e+00 -1.6221e-04 -2.2886e-04 -2.7921e-04 -3.2065e-04 -3.5598e-04 -3.8660e-04 -4.1332e-04 0.0000e+00 -4.5689e-04 -4.7432e-04 -4.8909e-04 -5.0135e-04 -5.1120e-04 -5.1873e-04 -5.2402e-04 -5.2715e-04 -5.2818e-04 -5.2719e-04 -5.2424e-04 -5.1940e-04 -5.1276e-04 -5.0440e-04 -4.9440e-04 -4.8284e-04 -4.6984e-04 -4.5550e-04 -4.3992e-04 -4.2323e-04 -4.0554e-04 -3.8699e-04 -3.6771e-04 -3.4783e-04 -3.2751e-04 -3.0688e-04 -2.8609e-04 -2.6529e-04 -2.4462e-04 -2.2423e-04 -2.0425e-04 -1.8483e-04 -1.6608e-04 -1.4812e-04 -1.3105e-04 -1.1497e-04 -9.9952e-05 -8.6055e-05 -7.3323e-05 -6.1780e-05 -5.1431e-05 -4.2264e-05 -3.4248e-05 -2.7336e-05 -2.1463e-05 -1.6555e-05 -1.2524e-05 -9.2762e-06 -6.7141e-06 -4.7386e-06 -3.2531e-06 -2.1663e-06 -1.3950e-06 -8.6569e-07 -5.1562e-07 -2.9344e-07 -1.5874e-07 -8.1143e-08 -3.8928e-08 -1.7389e-08 -7.1674e-09 -2.6969e-09 -9.1496e-10 -2.7580e-10 -7.2594e-11 -1.6345e-11 -3.0713e-12 -4.6751e-13 -5.5604e-14 -4.9441e-15 -3.1122e-16 -1.2960e-17 -3.2782e-19 -4.5196e-21 -2.9541e-23 -7.6319e-26 -6.1266e-29 -1.1055e-32 -2.8767e-37 -5.7981e-43 -3.7104e-50 -2.0213e-59 -1.2585e-71 -3.7018e-88 -2.5652e-111 -3.6309e-145 -2.0009e-197 -2.8637e-284 -0.0000e+00 -0.0000e+00 -0.0000e+00 -0.0000e+00
-1.6965e-04 -2.3943e-04 -2.9223e-04 -3.3580e-04 -3.7309e-04 -4.0557e-04 -4.3408e-04 -4.5916e-04 2.0241e-02 -5.0034e-04 -5.1687e-04 -5.3089e-04 -5.4251e-04 -5.5182e-04 -5.5890e-04 -5.6380e-04 -5.6659e-04 -5.6733e-04 -5.6608e-04 -5.6289e-04 -5.5783e-04 -5.5096e-04 -5.4236e-04 -5.3210e-04 -5.2025e-04 -5.0691e-04 -4.9218e-04 -4.7614e-04 -4.5891e-04 -4.4061e-04 -4.2136e-04 -4.0127e-04 -3.8050e-04 -3.5917e-04 -3.3744e-04 -3.1544e-04 -2.9333e-04 -2.7127e-04 -2.4939e-04 -2.2786e-04 -2.0682e-04 -1.8641e-04 -1.6676e-04 -1.4799e-04 -1.3021e-04 -1.1353e-04 -9.8007e-05 -8.3718e-05 -7.0701e-05 -5.8976e-05 -4.8545e-05 -3.9386e-05 -3.1459e-05 -2.4702e-05 -1.9041e-05 -1.4383e-05 -1.0626e-05 -7.6623e-06 -5.3798e-06 -3.6680e-06 -2.4211e-06 -1.5418e-06 -9.4361e-07 -5.5253e-07 -3.0797e-07 -1.6244e-07 -8.0544e-08 -3.7249e-08 -1.5923e-08 -6.2261e-09 -2.1994e-09 -6.9181e-10 -1.9047e-10 -4.4969e-11 -8.8842e-12 -1.4260e-12 -1.7941e-13 -1.6932e-14 -1.1355e-15 -5.0582e-17 -1.3749e-18 -2.0471e-20 -1.4531e-22 -4.1026e-25 -3.6251e-28 -7.2595e-32 -2.1167e-36 -4.8349e-42 -3.5543e-49 -2.2617e-58 -1.6793e-70 -6.0496e-87 -5.3175e-110 -1.0018e-143 -7.8736e-196 -1.7864e-282 -0.0000e+00 -0.0000e+00 -0.0000e+00 -0.0000e+00 -1.6964e-04 -2.3936e-04 -2.9203e-04 -3.3539e-04 -3.7237e-04 -4.0444e-04 -4.3244e-04 -4.5689e-04 0.0000e+00 -4.9647e-04 -5.1202e-04 -5.2496e-04 -5.3538e-04 -5.4340e-04 -5.4908e-04 -5.5251e-04 -5.5375e-04 -5.5288e-04 -5.4997e-04 -5.4509e-04 -5.3833e-04 -5.2976e-04 -5.1948e-04 -5.0757e-04 -4.9414e-04 -4.7930e-04 -4.6316e-04 -4.4583e-04 -4.2746e-04 -4.0816e-04 -3.8808e-04 -3.6736e-04 -3.4615e-04 -3.2460e-04 -3.0285e-04 -2.8107e-04 -2.5941e-04 -2.3801e-04 -2.1703e-04 -1.9660e-04 -1.7685e-04 -1.5791e-04 -1.3989e-04 -1.2288e-04 -1.0698e-04 -9.2238e-05 -7.8712e-05 -6.6428e-05 -5.5395e-05 -4.5604e-05 -3.7026e-05 -2.9613e-05 -2.3301e-05 -1.8013e-05 -1.3660e-05 -1.0144e-05 -7.3623e-06 -5.2112e-06 -3.5886e-06 -2.3977e-06 -1.5495e-06 -9.6517e-07 -5.7720e-07 -3.2991e-07 -1.7930e-07 -9.2109e-08 -4.4426e-08 -1.9960e-08 -8.2786e-09 -3.1361e-09 -1.0717e-09 -3.2562e-10 -8.6449e-11 -1.9648e-11 -3.7299e-12 -5.7414e-13 -6.9130e-14 -6.2303e-15 -3.9807e-16 -1.6852e-17 -4.3415e-19 -6.1091e-21 -4.0855e-23 -1.0830e-25 -8.9514e-29 -1.6698e-32 -4.5142e-37 -9.5099e-43 -6.4087e-50 -3.7119e-59 -2.4878e-71 -8.0085e-88 -6.2124e-111 -1.0167e-144 -6.8005e-197 -1.2766e-283 -0.0000e+00 -0.0000e+00 -0.0000e+00 -0.0000e+00
-1.7603e-04 -2.4844e-04 -3.0327e-04 -3.4855e-04 -3.8736e-04 -4.2120e-04 -4.5098e-04 -4.7723e-04 -5.0034e-04 2.5064e-02 -5.3807e-04 -5.5302e-04 -5.6553e-04 -5.7567e-04 -5.8353e-04 -5.8917e-04 -5.9265e-04 -5.9402e-04 -5.9335e-04 -5.9068e-04 -5.8608e-04 -5.7960e-04 -5.7131e-04 -5.6129e-04 -5.4961e-04 -5.3635e-04 -5.2161e-04 -5.0547e-04 -4.8806e-04 -4.6947e-04 -4.4982e-04 -4.2925e-04 -4.0789e-04 -3.8588e-04 -3.6336e-04 -3.4048e-04 -3.1741e-04 -2.9429e-04 -2.7129e-04 -2.4856e-04 -2.2626e-04 -2.0454e-04 -1.8355e-04 -1.6342e-04 -1.4427e-04 -1.2622e-04 -1.0936e-04 -9.3770e-05 -7.9499e-05 -6.6584e-05 -5.5037e-05 -4.4848e-05 -3.5983e-05 -2.8388e-05 -2.1989e-05 -1.6693e-05 -1.2398e-05 -8.9891e-06 -6.3474e-06 -4.3533e-06 -2.8912e-06 -1.8530e-06 -1.1417e-06 -6.7318e-07 -3.7796e-07 -2.0089e-07 -1.0040e-07 -4.6824e-08 -2.0193e-08 -7.9690e-09 -2.8427e-09 -9.0344e-10 -2.5147e-10 -6.0065e-11 -1.2015e-11 -1.9542e-12 -2.4938e-13 -2.3899e-14 -1.6295e-15 -7.3911e-17 -2.0490e-18 -3.1177e-20 -2.2668e-22 -6.5734e-25 -5.9850e-28 -1.2399e-31 -3.7580e-36 -8.9759e-42 -6.9513e-49 -4.7042e-58 -3.7609e-70 -1.4831e-86 -1.4597e-109 -3.1808e-143 -3.0358e-195 -9.0413e-282 -0.0000e+00 -0.0000e+00 -0.0000e+00 -0.0000e+00 -1.7601e-04 -2.4835e-04 -3.0301e-04 -3.4802e-04 -3.8643e-04 -4.1976e-04 -4.4887e-04 -4.7432e-04 -4.9647e-04 0.0000e+00 -5.3184e-04 -5.4539e-04 -5.5636e-04 -5.6483e-04 -5.7090e-04 -5.7464e-04 -5.7612e-04 -5.7542e-04 -5.7260e-04 -5.6775e-04 -5.6095e-04 -5.5227e-04 -5.4181e-04 -5.2966e-04 -5.1592e-04 -5.0071e-04 -4.8413e-04 -4.6632e-04 -4.4740e-04 -4.2750e-04 -4.0677e-04 -3.8536e-04 -3.6340e-04 -3.4107e-04 -3.1851e-04 -2.9589e-04 -2.7336e-04 -2.5108e-04 -2.2920e-04 -2.0786e-04 -1.8722e-04 -1.6738e-04 -1.4848e-04 -1.3062e-04 -1.1389e-04 -9.8357e-05 -8.4075e-05 -7.1081e-05 -5.9388e-05 -4.8989e-05 -3.9858e-05 -3.1949e-05 -2.5199e-05 -1.9529e-05 -1.4849e-05 -1.1058e-05 -8.0497e-06 -5.7159e-06 -3.9494e-06 -2.6482e-06 -1.7180e-06 -1.0745e-06 -6.4539e-07 -3.7061e-07 -2.0242e-07 -1.0455e-07 -5.0716e-08 -2.2928e-08 -9.5727e-09 -3.6524e-09 -1.2579e-09 -3.8539e-10 -1.0325e-10 -2.3698e-11 -4.5473e-12 -7.0820e-13 -8.6369e-14 -7.8939e-15 -5.1220e-16 -2.2056e-17 -5.7902e-19 -8.3202e-21 -5.6960e-23 -1.5502e-25 -1.3199e-28 -2.5466e-32 -7.1560e-37 -1.5765e-42 -1.1194e-49 -6.8968e-59 -4.9787e-71 -1.7550e-87 -1.5251e-110 -2.8885e-144 -2.3473e-196 -5.7873e-283 -0.0000e+00 -0.0000e+00 -0.0000e+00 -0.0000e+00
-1.8140e-04 -2.5604e-04 -3.1260e-04 -3.5935e-04 -3.9946e-04 -4.3452e-04 -4.6542e-04 -4.9274e-04 -5.1687e-04 -5.3807e-04 3.0430e-02 -5.7241e-04 -5.8581e-04 -5.9682e-04 -6.0552e-04 -6.1197e-04 -6.1623e-04 -6.1834e-04 -6.1837e-04 -6.1635e-04 -6.1236e-04 -6.0643e-04 -5.9864e-04 -5.8904e-04 -5.7771e-04 -5.6473e-04 -5.5018e-04 -5.3415e-04 -5.1673e-04 -4.9805e-04 -4.7821e-04 -4.5734e-04 -4.3556e-04 -4.1302e-04 -3.8987e-04 -3.6625e-04 -3.4233e-04 -3.1826e-04 -2.9422e-04 -2.7036e-04 -2.4685e-04 -2.2386e-04 -2.0154e-04 -1.8004e-04 -1.5950e-04 -1.4005e-04 -1.2180e-04 -1.0484e-04 -8.9237e-05 -7.5050e-05 -6.2301e-05 -5.0992e-05 -4.1101e-05 -3.2580e-05 -2.5359e-05 -1.9351e-05 -1.4448e-05 -1.0533e-05 -7.4795e-06 -5.1600e-06 -3.4480e-06 -2.2240e-06 -1.3794e-06 -8.1898e-07 -4.6315e-07 -2.4803e-07 -1.2495e-07 -5.8754e-08 -2.5559e-08 -1.0179e-08 -3.6664e-09 -1.1772e-09 -3.3123e-10 -8.0034e-11 -1.6207e-11 -2.6710e-12 -3.4572e-13 -3.3642e-14 -2.3322e-15 -1.0771e-16 -3.0455e-18 -4.7359e-20 -3.5273e-22 -1.0507e-24 -9.8598e-28 -2.1136e-31 -6.6608e-36 -1.6641e-41 -1.3582e-48 -9.7797e-58 -8.4231e-70 -3.6382e-86 -4.0126e-109 -1.0123e-142 -1.1746e-194 -4.5990e-281 -0.0000e+00 -0.0000e+00 -0.0000e+00 -0.0000e+00 -1.8137e-04 -2.5593e-04 -3.1227e-04 -3.5869e-04 -3.9831e-04 -4.3271e-04 -4.6278e-04 -4.8909e-04 -5.1202e-04 -5.3184e-04 0.0000e+00 -5.6285e-04 -5.7432e-04 -5.8324e-04 -5.8969e-04 -5.9375e-04 -5.9550e-04 -5.9501e-04 -5.9234e-04 -5.8759e-04 -5.8082e-04 -5.7212e-04 -5.6158e-04 -5.4929e-04 -5.3537e-04 -5.1991e-04 -5.0303e-04 -4.8486e-04 -4.6553e-04 -4.4518e-04 -4.2394e-04 -4.0196e-04 -3.7941e-04 -3.5643e-04 -3.3319e-04 -3.0986e-04 -2.8658e-04 -2.6353e-04 -2.4086e-04 -2.1872e-04 -1.9726e-04 -1.7662e-04 -1.5691e-04 -1.3826e-04 -1.2075e-04 -1.0446e-04 -8.9459e-05 -7.5780e-05 -6.3445e-05 -5.2449e-05 -4.2771e-05 -3.4367e-05 -2.7175e-05 -2.1118e-05 -1.6103e-05 -1.2029e-05 -8.7845e-06 -6.2590e-06 -4.3404e-06 -2.9217e-06 -1.9031e-06 -1.1955e-06 -7.2143e-07 -4.1634e-07 -2.2861e-07 -1.1875e-07 -5.7955e-08 -2.6372e-08 -1.1088e-08 -4.2625e-09 -1.4799e-09 -4.5741e-10 -1.2371e-10 -2.8687e-11 -5.5661e-12 -8.7742e-13 -1.0843e-13 -1.0054e-14 -6.6278e-16 -2.9041e-17 -7.7725e-19 -1.1410e-20 -7.9993e-23 -2.2359e-25 -1.9619e-28 -3.9169e-32 -1.1445e-36 -2.6378e-42 -1.9743e-49 -1.2946e-58 -1.0071e-70 -3.8900e-87 -3.7895e-110 -8.3128e-144 -8.2163e-196 -2.6645e-282 -0.0000e+00 -0.0000e+00 -0.0000e+00 -0.0000e+00
-1.8581e-04 -2.6231e-04 -3.2030e-04 -3.6829e-04 -4.0952e-04 -4.4563e-04 -4.7753e-04 -5.0582e-04 -5.3089e-04 -5.5302e-04 -5.7241e-04 3.6348e-02 -6.0351e-04 -6.1542e-04 -6.2501e-04 -6.3234e-04 -6.3747e-04 -6.4043e-04 -6.4128e-04 -6.4006e-04 -6.3682e-04 -6.3161e-04 -6.2448e-04 -6.1549e-04 -6.0470e-04 -5.9219e-04 -5.7802e-04 -5.6229e-04 -5.4508e-04 -5.2650e-04 -5.0665e-04 -4.8565e-04 -4.6364e-04 -4.4074e-04 -4.1711e-04 -3.9289e-04 -3.6824e-04 -3.4333e-04 -3.1833e-04 -2.9341e-04 -2.6874e-04 -2.4450e-04 -2.2087e-04 -1.9799e-04 -1.7603e-04 -1.5514e-04 -1.3543e-04 -1.1703e-04 -1.0002e-04 -8.4473e-05 -7.0427e-05 -5.7901e-05 -4.6885e-05 -3.7342e-05 -2.9210e-05 -2.2403e-05 -1.6815e-05 -1.2325e-05 -8.8020e-06 -6.1081e-06 -4.1065e-06 -2.6655e-06 -1.6641e-06 -9.9481e-07 -5.6662e-07 -3.0571e-07 -1.5522e-07 -7.3588e-08 -3.2289e-08 -1.2977e-08 -4.7190e-09 -1.5306e-09 -4.3534e-10 -1.0640e-10 -2.1813e-11 -3.6425e-12 -4.7817e-13 -4.7248e-14 -3.3303e-15 -1.5661e-16 -4.5172e-18 -7.1797e-20 -5.4787e-22 -1.6768e-24 -1.6220e-27 -3.5988e-31 -1.1796e-35 -3.0838e-41 -2.6536e-48 -2.0339e-57 -1.8882e-69 -8.9387e-86 -1.1056e-108 -3.2321e-142 -4.5649e-194 -2.3537e-280 -0.0000e+00 -0.0000e+00 -0.0000e+00 -0.0000e+00 -1.8579e-04 -2.6216e-04 -3.1990e-04 -3.6748e-04 -4.0811e-04 -4.4341e-04 -4.7430e-04 -5.0135e-04 -5.2496e-04 -5.4539e-04 -5.6285e-04 0.0000e+00 -5.8944e-04 -5.9878e-04 -6.0561e-04 -6.1001e-04 -6.1205e-04 -6.1181e-04 -6.0935e-04 -6.0475e-04 -5.9809e-04 -5.8946e-04 -5.7894e-04 -5.6662e-04 -5.5262e-04 -5.3703e-04 -5.1998e-04 -5.0158e-04 -4.8198e-04 -4.6129e-04 -4.3968e-04 -4.1728e-04 -3.9426e-04 -3.7077e-04 -3.4698e-04 -3.2304e-04 -2.9914e-04 -2.7543e-04 -2.5207e-04 -2.2923e-04 -2.0704e-04 -1.8566e-04 -1.6522e-04 -1.4582e-04 -1.2759e-04 -1.1059e-04 -9.4896e-05 -8.0556e-05 -6.7593e-05 -5.6010e-05 -4.5787e-05 -3.6887e-05 -2.9248e-05 -2.2795e-05 -1.7435e-05 -1.3066e-05 -9.5751e-06 -6.8472e-06 -4.7667e-06 -3.2217e-06 -2.1078e-06 -1.3302e-06 -8.0666e-07 -4.6797e-07 -2.5840e-07 -1.3502e-07 -6.6319e-08 -3.0384e-08 -1.2869e-08 -4.9860e-09 -1.7458e-09 -5.4449e-10 -1.4871e-10 -3.4850e-11 -6.8398e-12 -1.0917e-12 -1.3674e-13 -1.2868e-14 -8.6213e-16 -3.8454e-17 -1.0495e-18 -1.5744e-20 -1.1308e-22 -3.2473e-25 -2.9373e-28 -6.0703e-32 -1.8451e-36 -4.4506e-42 -3.5128e-49 -2.4527e-58 -2.0573e-70 -8.7118e-87 -9.5208e-110 -2.4210e-143 -2.9139e-195 -1.2449e-281 -0.0000e+00 -0.0000e+00 -0.0000e+00 -0.0000e+00
-1.8932e-04 -2.6729e-04 -3.2644e-04 -3.7545e-04 -4.1762e-04 -4.5462e-04 -4.8740e-04 -5.1657e-04 -5.4251e-04 -5.6553e-04 -5.8581e-04 -6.0351e-04 4.2831e-02 -6.3159e-04 -6.4212e-04 -6.5041e-04 -6.5648e-04 -6.6040e-04 -6.6219e-04 -6.6190e-04 -6.5956e-04 -6.5523e-04 -6.4893e-04 -6.4072e-04 -6.3066e-04 -6.1881e-04 -6.0522e-04 -5.8998e-04 -5.7317e-04 -5.5489e-04 -5.3522e-04 -5.1429e-04 -4.9221e-04 -4.6912e-04 -4.4516e-04 -4.2048e-04 -3.9523e-04 -3.6958e-04 -3.4372e-04 -3.1780e-04 -2.9203e-04 -2.6658e-04 -2.4164e-04 -2.1738e-04 -1.9398e-04 -1.7160e-04 -1.5038e-04 -1.3047e-04 -1.1196e-04 -9.4956e-05 -7.9512e-05 -6.5664e-05 -5.3417e-05 -4.2748e-05 -3.3603e-05 -2.5903e-05 -1.9544e-05 -1.4404e-05 -1.0344e-05 -7.2202e-06 -4.8835e-06 -3.1898e-06 -2.0044e-06 -1.2064e-06 -6.9204e-07 -3.7616e-07 -1.9247e-07 -9.1997e-08 -4.0714e-08 -1.6511e-08 -6.0619e-09 -1.9862e-09 -5.7102e-10 -1.4117e-10 -2.9298e-11 -4.9574e-12 -6.6009e-13 -6.6233e-14 -4.7470e-15 -2.2734e-16 -6.6896e-18 -1.0869e-19 -8.4995e-22 -2.6732e-24 -2.6664e-27 -6.1248e-31 -2.0887e-35 -5.7157e-41 -5.1876e-48 -4.2346e-57 -4.2398e-69 -2.2012e-85 -3.0557e-108 -1.0362e-141 -1.7837e-193 -1.2132e-279 -0.0000e+00 -0.0000e+00 -0.0000e+00 -0.0000e+00 -1.8929e-04 -2.6711e-04 -3.2596e-04 -3.7447e-04 -4.1593e-04 -4.5197e-04 -4.8353e-04 -5.1120e-04 -5.3538e-04 -5.5636e-04 -5.7432e-04 -5.8944e-04 0.0000e+00 -6.1157e-04 -6.1878e-04 -6.2353e-04 -6.2589e-04 -6.2593e-04 -6.2373e-04 -6.1935e-04 -6.1288e-04 -6.0440e-04 -5.9399e-04 -5.8175e-04 -5.6777e-04 -5.5218e-04 -5.3507e-04 -5.1657e-04 -4.9681e-04 -4.7593e-04 -4.5407e-04 -4.3139e-04 -4.0802e-04 -3.8415e-04 -3.5993e-04 -3.3552e-04 -3.1110e-04 -2.8684e-04 -2.6289e-04 -2.3943e-04 -2.1660e-04 -1.9456e-04 -1.7344e-04 -1.5337e-04 -1.3445e-04 -1.1677e-04 -1.0042e-04 -8.5436e-05 -7.1858e-05 -5.9693e-05 -4.8927e-05 -3.9526e-05 -3.1433e-05 -2.4573e-05 -1.8857e-05 -1.4180e-05 -1.0429e-05 -7.4868e-06 -5.2333e-06 -3.5524e-06 -2.3347e-06 -1.4806e-06 -9.0251e-07 -5.2645e-07 -2.9239e-07 -1.5374e-07 -7.6013e-08 -3.5072e-08 -1.4967e-08 -5.8462e-09 -2.0649e-09 -6.5005e-10 -1.7933e-10 -4.2486e-11 -8.4367e-12 -1.3638e-12 -1.7320e-13 -1.6546e-14 -1.1269e-15 -5.1178e-17 -1.4248e-18 -2.1850e-20 -1.6081e-22 -4.7459e-25 -4.4268e-28 -9.4727e-32 -2.9962e-36 -7.5665e-42 -6.3006e-49 -4.6862e-58 -4.2403e-70 -1.9699e-86 -2.4169e-109 -7.1314e-143 -1.0464e-194 -5.8994e-281 -0.0000e+00 -0.0000e+00 -0.0000e+00 -0.0000e+00
-1.9195e-04 -2.7103e-04 -3.3108e-04 -3.8089e-04 -4.2384e-04 -4.6159e-04 -4.9513e-04 -5.2507e-04 -5.5182e-04 -5.7567e-04 -5.9682e-04 -6.1542e-04 -6.3159e-04 4.9891e-02 -6.5693e-04 -6.6624e-04 -6.7335e-04 -6.7832e-04 -6.8117e-04 -6.8194e-04 -6.8065e-04 -6.7734e-04 -6.7205e-04 -6.6480e-04 -6.5565e-04 -6.4464e-04 -6.3183e-04 -6.1728e-04 -6.0107e-04 -5.8327e-04 -5.6398e-04 -5.4330e-04 -5.2134e-04 -4.9823e-04 -4.7410e-04 -4.4910e-04 -4.2338e-04 -3.9711e-04 -3.7047e-04 -3.4365e-04 -3.1683e-04 -2.9020e-04 -2.6397e-04 -2.3832e-04 -2.1345e-04 -1.8954e-04 -1.6676e-04 -1.4525e-04 -1.2516e-04 -1.0660e-04 -8.9654e-05 -7.4371e-05 -6.0780e-05 -4.8872e-05 -3.8605e-05 -2.9909e-05 -2.2685e-05 -1.6809e-05 -1.2139e-05 -8.5223e-06 -5.7988e-06 -3.8114e-06 -2.4106e-06 -1.4607e-06 -8.4383e-07 -4.6206e-07 -2.3826e-07 -1.1481e-07 -5.1246e-08 -2.0971e-08 -7.7729e-09 -2.5727e-09 -7.4766e-10 -1.8698e-10 -3.9286e-11 -6.7359e-12 -9.0980e-13 -9.2711e-14 -6.7573e-15 -3.2961e-16 -9.8962e-18 -1.6441e-19 -1.3177e-21 -4.2598e-24 -4.3823e-27 -1.0425e-30 -3.7000e-35 -1.0602e-40 -1.0154e-47 -8.8316e-57 -9.5419e-69 -5.4370e-85 -8.4779e-108 -3.3383e-141 -7.0129e-193 -6.3040e-279 -0.0000e+00 -0.0000e+00 -0.0000e+00 -0.0000e+00 -1.9191e-04 -2.7083e-04 -3.3052e-04 -3.7974e-04 -4.2183e-04 -4.5845e-04 -4.9055e-04 -5.1873e-04 -5.4340e-04 -5.6483e-04 -5.8324e-04 -5.9878e-04 -6.1157e-04 0.0000e+00 -6.2931e-04 -6.3442e-04 -6.3713e-04 -6.3749e-04 -6.3559e-04 -6.3150e-04 -6.2529e-04 -6.1703e-04 -6.0683e-04 -5.9475e-04 -5.8092e-04 -5.6542e-04 -5.4837e-04 -5.2989e-04 -5.1011e-04 -4.8916e-04 -4.6718e-04 -4.4433e-04 -4.2076e-04 -3.9662e-04 -3.7209e-04 -3.4732e-04 -3.2250e-04 -2.9778e-04 -2.7335e-04 -2.4936e-04 -2.2597e-04 -2.0334e-04 -1.8161e-04 -1.6091e-04 -1.4135e-04 -1.2303e-04 -1.0605e-04 -9.0442e-05 -7.6261e-05 -6.3519e-05 -5.2209e-05 -4.2301e-05 -3.3744e-05 -2.6467e-05 -2.0380e-05 -1.5381e-05 -1.1356e-05 -8.1849e-06 -5.7456e-06 -3.9178e-06 -2.5872e-06 -1.6491e-06 -1.0106e-06 -5.9286e-07 -3.3128e-07 -1.7530e-07 -8.7273e-08 -4.0563e-08 -1.7445e-08 -6.8713e-09 -2.4487e-09 -7.7829e-10 -2.1693e-10 -5.1966e-11 -1.0443e-11 -1.7102e-12 -2.2026e-13 -2.1366e-14 -1.4796e-15 -6.8436e-17 -1.9440e-18 -3.0481e-20 -2.2995e-22 -6.9761e-25 -6.7121e-28 -1.4877e-31 -4.8981e-36 -1.2955e-41 -1.1385e-48 -9.0253e-58 -8.8146e-70 -4.4953e-86 -6.1970e-109 -2.1238e-142 -3.8045e-194 -2.8355e-280 -0.0000e+00 -0.0000e+00 -0.0000e+00 -0.0000e+00
-1.9374e-04 -2.7359e-04 -3.3428e-04 -3.8469e-04 -4.2823e-04 -4.6659e-04 -5.0078e-04 -5.3141e-04 -5.5890e-04 -5.8353e-04 -6.0552e-04 -6.2501e-04 -6.4212e-04 -6.5693e-04 5.7542e-02 -6.7989e-04 -6.8813e-04 -6.9425e-04 -6.9827e-04 -7.0022e-04 -7.0012e-04 -6.9799e-04 -6.9386e-04 -6.8774e-04 -6.7968e-04 -6.6971e-04 -6.5786e-04 -6.4420e-04 -6.2878e-04 -6.1167e-04 -5.9295e-04 -5.7271e-04 -5.5106e-04 -5.2809e-04 -5.0396e-04 -4.7879e-04 -4.5274e-04 -4.2597e-04 -3.9867e-04 -3.7102e-04 -3.4321e-04 -3.1545e-04 -2.8795e-04 -2.6092e-04 -2.3456e-04 -2.0908e-04 -1.8467e-04 -1.6150e-04 -1.3974e-04 -1.1952e-04 -1.0096e-04 -8.4124e-05 -6.9067e-05 -5.5798e-05 -4.4292e-05 -3.4488e-05 -2.6294e-05 -1.9588e-05 -1.4225e-05 -1.0044e-05 -6.8751e-06 -4.5469e-06 -2.8944e-06 -1.7657e-06 -1.0272e-06 -5.6664e-07 -2.9445e-07 -1.4304e-07 -6.4396e-08 -2.6591e-08 -9.9508e-09 -3.3272e-09 -9.7744e-10 -2.4729e-10 -5.2605e-11 -9.1405e-12 -1.2525e-12 -1.2963e-13 -9.6098e-15 -4.7751e-16 -1.4631e-17 -2.4857e-19 -2.0424e-21 -6.7883e-24 -7.2046e-27 -1.7754e-30 -6.5605e-35 -1.9693e-40 -1.9910e-47 -1.8461e-56 -2.1537e-68 -1.3477e-84 -2.3627e-107 -1.0815e-140 -2.7768e-192 -3.3056e-278 -0.0000e+00 -0.0000e+00 -0.0000e+00 -0.0000e+00 -1.9369e-04 -2.7335e-04 -3.3362e-04 -3.8335e-04 -4.2589e-04 -4.6294e-04 -4.9544e-04 -5.2402e-04 -5.4908e-04 -5.7090e-04 -5.8969e-04 -6.0561e-04 -6.1878e-04 -6.2931e-04 0.0000e+00 -6.4276e-04 -6.4583e-04 -6.4656e-04 -6.4501e-04 -6.4126e-04 -6.3537e-04 -6.2743e-04 -6.1751e-04 -6.0570e-04 -5.9210e-04 -5.7681e-04 -5.5993e-04 -5.4159e-04 -5.2191e-04 -5.0101e-04 -4.7904e-04 -4.5615e-04 -4.3249e-04 -4.0821e-04 -3.8349e-04 -3.5848e-04 -3.3336e-04 -3.0830e-04 -2.8347e-04 -2.5904e-04 -2.3517e-04 -2.1203e-04 -1.8975e-04 -1.6847e-04 -1.4832e-04 -1.2940e-04 -1.1180e-04 -9.5593e-05 -8.0820e-05 -6.7505e-05 -5.5649e-05 -4.5228e-05 -3.6196e-05 -2.8487e-05 -2.2015e-05 -1.6678e-05 -1.2363e-05 -8.9483e-06 -6.3096e-06 -4.3226e-06 -2.8687e-06 -1.8381e-06 -1.1327e-06 -6.6843e-07 -3.7584e-07 -2.0021e-07 -1.0037e-07 -4.7003e-08 -2.0378e-08 -8.0950e-09 -2.9112e-09 -9.3438e-10 -2.6318e-10 -6.3761e-11 -1.2971e-11 -2.1521e-12 -2.8116e-13 -2.7699e-14 -1.9509e-15 -9.1918e-17 -2.6647e-18 -4.2730e-20 -3.3050e-22 -1.0310e-24 -1.0235e-27 -2.3503e-31 -8.0579e-36 -2.2330e-41 -2.0721e-48 -1.7515e-57 -1.8474e-69 -1.0350e-85 -1.6045e-108 -6.3938e-142 -1.4002e-193 -1.3824e-279 -0.0000e+00 -0.0000e+00 -0.0000e+00 -0.0000e+00
-1.9470e-04 -2.7500e-04 -3.3607e-04 -3.8688e-04 -4.3085e-04 -4.6970e-04 -5.0442e-04 -5.3565e-04 -5.6380e-04 -5.8917e-04 -6.1197e-04 -6.3234e-04 -6.5041e-04 -6.6624e-04 -6.7989e-04 6.5801e-02 -7.0085e-04 -7.0821e-04 -7.1351e-04 -7.1676e-04 -7.1798e-04 -7.1718e-04 -7.1436e-04 -7.0955e-04 -7.0275e-04 -6.9400e-04 -6.8332e-04 -6.7074e-04 -6.5631e-04 -6.4008e-04 -6.2213e-04 -6.0252e-04 -5.8135e-04 -5.5872e-04 -5.3476e-04 -5.0958e-04 -4.8334e-04 -4.5621e-04 -4.2835e-04 -3.9997e-04 -3.7125e-04 -3.4241e-04 -3.1368e-04 -2.8527e-04 -2.5741e-04 -2.3033e-04 -2.0423e-04 -1.7933e-04 -1.5581e-04 -1.3383e-04 -1.1353e-04 -9.5026e-05 -7.8376e-05 -6.3618e-05 -5.0745e-05 -3.9711e-05 -3.0433e-05 -2.2793e-05 -1.6644e-05 -1.1820e-05 -8.1389e-06 -5.4161e-06 -3.4700e-06 -2.1311e-06 -1.2486e-06 -6.9382e-07 -3.6333e-07 -1.7795e-07 -8.0800e-08 -3.3669e-08 -1.2721e-08 -4.2971e-09 -1.2762e-09 -3.2666e-10 -7.0361e-11 -1.2391e-11 -1.7227e-12 -1.8112e-13 -1.3658e-14 -6.9146e-16 -2.1625e-17 -3.7581e-19 -3.1662e-21 -1.0823e-23 -1.1853e-26 -3.0268e-30 -1.1649e-34 -3.6645e-40 -3.9128e-47 -3.8698e-56 -4.8776e-68 -3.3549e-84 -6.6184e-107 -3.5258e-140 -1.1082e-191 -1.7507e-277 -0.0000e+00 -0.0000e+00 -0.0000e+00 -0.0000e+00 -1.9466e-04 -2.7472e-04 -3.3532e-04 -3.8534e-04 -4.2817e-04 -4.6549e-04 -4.9828e-04 -5.2715e-04 -5.5251e-04 -5.7464e-04 -5.9375e-04 -6.1001e-04 -6.2353e-04 -6.3442e-04 -6.4276e-04 0.0000e+00 -6.5209e-04 -6.5321e-04 -6.5206e-04 -6.4870e-04 -6.4320e-04 -6.3564e-04 -6.2609e-04 -6.1464e-04 -6.0137e-04 -5.8639e-04 -5.6980e-04 -5.5171e-04 -5.3224e-04 -5.1152e-04 -4.8969e-04 -4.6688e-04 -4.4325e-04 -4.1895e-04 -3.9415e-04 -3.6901e-04 -3.4370e-04 -3.1840e-04 -2.9327e-04 -2.6849e-04 -2.4423e-04 -2.2063e-04 -1.9787e-04 -1.7607e-04 -1.5537e-04 -1.3588e-04 -1.1770e-04 -1.0091e-04 -8.5552e-05 -7.1668e-05 -5.9263e-05 -4.8322e-05 -3.8804e-05 -3.0649e-05 -2.3774e-05 -1.8082e-05 -1.3459e-05 -9.7848e-06 -6.9312e-06 -4.7716e-06 -3.1830e-06 -2.0505e-06 -1.2709e-06 -7.5452e-07 -4.2697e-07 -2.2900e-07 -1.1564e-07 -5.4570e-08 -2.3852e-08 -9.5581e-09 -3.4695e-09 -1.1247e-09 -3.2019e-10 -7.8467e-11 -1.6161e-11 -2.7174e-12 -3.6017e-13 -3.6044e-14 -2.5824e-15 -1.2397e-16 -3.6685e-18 -6.0178e-20 -4.7732e-22 -1.5314e-24 -1.5691e-27 -3.7344e-31 -1.3337e-35 -3.8739e-41 -3.7973e-48 -3.4242e-57 -3.9031e-69 -2.4039e-85 -4.1945e-108 -1.9458e-141 -5.2175e-193 -6.8377e-279 -0.0000e+00 -0.0000e+00 -0.0000e+00 -0.0000e+00
