2.9262e-08 -8.2839e-08 -1.5237e-07 -2.3498e-07 -3.2911e-07 -4.3378e-07 -5.4833e-07 -6.7235e-07 -8.0554e-07 -9.4775e-07 -1.0989e-06 -1.2589e-06 -1.4279e-06 -1.6059e-06 -1.7931e-06 -1.9896e-06 -2.1957e-06 -2.4114e-06 -2.6372e-06 -2.8731e-06 -3.1195e-06 -3.3766e-06 -3.6447e-06 -3.9241e-06 -4.2149e-06 -4.5174e-06 -4.8317e-06 -5.1580e-06 -5.4963e-06 -5.8465e-06 -6.2086e-06 -6.5821e-06 -6.9667e-06 -7.3617e-06 -7.7661e-06 -8.1789e-06 -8.5985e-06 -9.0230e-06 -9.4499e-06 -9.8764e-06 -1.0299e-05 -1.0713e-05 -1.1114e-05 -1.1496e-05 -1.1852e-05 -1.2174e-05 -1.2453e-05 -1.2679e-05 -1.2842e-05 -1.2929e-05 -1.2928e-05 -1.2828e-05 -1.2615e-05 -1.2280e-05 -1.1814e-05 -1.1212e-05 -1.0475e-05 -9.6092e-06 -8.6298e-06 -7.5604e-06 -6.4340e-06 -5.2918e-06 -4.1809e-06 -3.1499e-06 -2.2430e-06 -1.4934e-06 -9.1746e-07 -5.1169e-07 -2.5393e-07 -1.0937e-07 -3.9620e-08 -1.1607e-08 -2.6156e-09 -4.2530e-10 -4.5945e-11 -2.9615e-12 -9.8880e-14 -1.4171e-15 -6.7709e-18 -7.6443e-21 -1.2678e-24 -1.5864e-29 -5.7919e-36 -1.5525e-44 -3.9489e-56 -4.2735e-72 -1.5610e-94 -8.1858e-127 -1.5521e-174 -2.2497e-247 -0.0000e+00 -0.0000e+00 -0.0000e+00 -0.0000e+00 -0.0000e+00 -0.0000e+00 -0.0000e+00 -0.0000e+00 -0.0000e+00 -0.0000e+00 0.0000e+00 -8.2839e-08 -1.5237e-07 -2.3498e-07 -3.2911e-07 -4.3378e-07 -5.4833e-07 -6.7235e-07 -8.0554e-07 -9.4775e-07 -1.0989e-06 -1.2589e-06 -1.4279e-06 -1.6059e-06 -1.7931e-06 -1.9896e-06 -2.1957e-06 -2.4114e-06 -2.6372e-06 -2.8731e-06 -3.1195e-06 -3.3766e-06 -3.6447e-06 -3.9241e-06 -4.2149e-06 -4.5174e-06 -4.8317e-06 -5.1580e-06 -5.4963e-06 -5.8465e-06 -6.2086e-06 -6.5821e-06 -6.9667e-06 -7.3617e-06 -7.7661e-06 -8.1789e-06 -8.5985e-06 -9.0230e-06 -9.4499e-06 -9.8764e-06 -1.0299e-05 -1.0713e-05 -1.1114e-05 -1.1496e-05 -1.1852e-05 -1.2174e-05 -1.2453e-05 -1.2679e-05 -1.2842e-05 -1.2929e-05 -1.2928e-05 -1.2828e-05 -1.2615e-05 -1.2280e-05 -1.1814e-05 -1.1212e-05 -1.0475e-05 -9.6092e-06 -8.6298e-06 -7.5604e-06 -6.4340e-06 -5.2918e-06 -4.1809e-06 -3.1499e-06 -2.2430e-06 -1.4934e-06 -9.1746e-07 -5.1169e-07 -2.5393e-07 -1.0937e-07 -3.9620e-08 -1.1607e-08 -2.6156e-09 -4.2530e-10 -4.5945e-11 -2.9615e-12 -9.8880e-14 -1.4171e-15 -6.7709e-18 -7.6443e-21 -1.2678e-24 -1.5864e-29 -5.7919e-36 -1.5524e-44 -3.9488e-56 -4.2735e-72 -1.5610e-94 -8.1857e-127 -1.5521e-174 -2.2497e-247 -0.0000e+00 -0.0000e+00 -0.0000e+00 -0.0000e+00 -0.0000e+00 -0.0000e+00 -0.0000e+00 -0.0000e+00 -0.0000e+00 -0.0000e+00
-8.2839e-08 4.8727e-07 -4.3128e-07 -6.6512e-07 -9.3155e-07 -1.2278e-06 -1.5520e-06 -1.9031e-06 -2.2801e-06 -2.6826e-06 -3.1104e-06 -3.5633e-06 -4.0417e-06 -4.5456e-06 -5.0754e-06 -5.6316e-06 -6.2148e-06 -6.8255e-06 -7.4644e-06 -8.1322e-06 -8.8296e-06 -9.5574e-06 -1.0316e-05 -1.1107e-05 -1.1930e-05 -1.2786e-05 -1.3676e-05 -1.4600e-05 -1.5557e-05 -1.6549e-05 -1.7573e-05 -1.8631e-05 -1.9719e-05 -2.0837e-05 -2.1982e-05 -2.3150e-05 -2.4338e-05 -2.5539e-05 -2.6748e-05 -2.7955e-05 -2.9151e-05 -3.0324e-05 -3.1459e-05 -3.2539e-05 -3.3546e-05 -3.4457e-05 -3.5247e-05 -3.5887e-05 -3.6348e-05 -3.6594e-05 -3.6593e-05 -3.6308e-05 -3.5707e-05 -3.4758e-05 -3.3439e-05 -3.1735e-05 -2.9649e-05 -2.7199e-05 -2.4427e-05 -2.1400e-05 -1.8211e-05 -1.4978e-05 -1.1834e-05 -8.9159e-06 -6.3489e-06 -4.2271e-06 -2.5968e-06 -1.4483e-06 -7.1876e-07 -3.0956e-07 -1.1214e-07 -3.2853e-08 -7.4035e-09 -1.2038e-09 -1.3005e-10 -8.3826e-12 -2.7988e-13 -4.0112e-15 -1.9165e-17 -2.1638e-20 -3.5887e-24 -4.4905e-29 -1.6395e-35 -4.3945e-44 -1.1178e-55 -1.2097e-71 -4.4189e-94 -2.3174e-126 -4.3943e-174 -6.3702e-247 -0.0000e+00 -0.0000e+00 -0.0000e+00 -0.0000e+00 -0.0000e+00 -0.0000e+00 -0.0000e+00 -0.0000e+00 -0.0000e+00 -0.0000e+00 -8.2839e-08 0.0000e+00 -4.3128e-07 -6.6512e-07 -9.3155e-07 -1.2278e-06 -1.5520e-06 -1.9031e-06 -2.2801e-06 -2.6826e-06 -3.1104e-06 -3.5633e-06 -4.0417e-06 -4.5456e-06 -5.0754e-06 -5.6316e-06 -6.2148e-06 -6.8255e-06 -7.4644e-06 -8.1322e-06 -8.8296e-06 -9.5574e-06 -1.0316e-05 -1.1107e-05 -1.1930e-05 -1.2786e-05 -1.3676e-05 -1.4600e-05 -1.5557e-05 -1.6549e-05 -1.7573e-05 -1.8631e-05 -1.9719e-05 -2.0837e-05 -2.1982e-05 -2.3150e-05 -2.4338e-05 -2.5539e-05 -2.6748e-05 -2.7955e-05 -2.9151e-05 -3.0324e-05 -3.1459e-05 -3.2539e-05 -3.3546e-05 -3.4457e-05 -3.5247e-05 -3.5887e-05 -3.6348e-05 -3.6594e-05 -3.6593e-05 -3.6308e-05 -3.5707e-05 -3.4758e-05 -3.3439e-05 -3.1735e-05 -2.9649e-05 -2.7199e-05 -2.4427e-05 -2.1400e-05 -1.8211e-05 -1.4978e-05 -1.1834e-05 -8.9159e-06 -6.3489e-06 -4.2270e-06 -2.5968e-06 -1.4483e-06 -7.1876e-07 -3.0956e-07 -1.1214e-07 -3.2853e-08 -7.4035e-09 -1.2038e-09 -1.3005e-10 -8.3825e-12 -2.7988e-13 -4.0111e-15 -1.9165e-17 -2.1637e-20 -3.5886e-24 -4.4904e-29 -1.6394e-35 -4.3943e-44 -1.1177e-55 -1.2096e-71 -4.4184e-94 -2.3171e-126 -4.3935e-174 -6.3685e-247 -0.0000e+00 -0.0000e+00 -0.0000e+00 -0.0000e+00 -0.0000e+00 -0.0000e+00 -0.0000e+00 -0.0000e+00 -0.0000e+00 -0.0000e+00
-1.5237e-07 -4.3128e-07 2.4709e-06 -1.2234e-06 -1.7134e-06 -2.2583e-06 -2.8547e-06 -3.5004e-06 -4.1938e-06 -4.9342e-06 -5.7210e-06 -6.5542e-06 -7.4340e-06 -8.3608e-06 -9.3354e-06 -1.0358e-05 -1.1431e-05 -1.2554e-05 -1.3730e-05 -1.4958e-05 -1.6241e-05 -1.7579e-05 -1.8975e-05 -2.0430e-05 -2.1944e-05 -2.3519e-05 -2.5155e-05 -2.6854e-05 -2.8615e-05 -3.0438e-05 -3.2323e-05 -3.4268e-05 -3.6270e-05 -3.8326e-05 -4.0432e-05 -4.2581e-05 -4.4766e-05 -4.6976e-05 -4.9198e-05 -5.1419e-05 -5.3618e-05 -5.5775e-05 -5.7863e-05 -5.9851e-05 -6.1703e-05 -6.3379e-05 -6.4831e-05 -6.6009e-05 -6.6856e-05 -6.7309e-05 -6.7307e-05 -6.6783e-05 -6.5677e-05 -6.3932e-05 -6.1505e-05 -5.8372e-05 -5.4535e-05 -5.0028e-05 -4.4929e-05 -3.9361e-05 -3.3497e-05 -2.7550e-05 -2.1767e-05 -1.6399e-05 -1.1678e-05 -7.7751e-06 -4.7765e-06 -2.6640e-06 -1.3221e-06 -5.6940e-07 -2.0628e-07 -6.0430e-08 -1.3618e-08 -2.2143e-09 -2.3921e-10 -1.5419e-11 -5.1483e-13 -7.3785e-15 -3.5254e-17 -3.9803e-20 -6.6017e-24 -8.2610e-29 -3.0162e-35 -8.0850e-44 -2.0567e-55 -2.2261e-71 -8.1327e-94 -4.2659e-126 -8.0917e-174 -1.1736e-246 -0.0000e+00 -0.0000e+00 -0.0000e+00 -0.0000e+00 -0.0000e+00 -0.0000e+00 -0.0000e+00 -0.0000e+00 -0.0000e+00 -0.0000e+00 -1.5237e-07 -4.3128e-07 0.0000e+00 -1.2234e-06 -1.7134e-06 -2.2583e-06 -2.8547e-06 -3.5004e-06 -4.1938e-06 -4.9342e-06 -5.7210e-06 -6.5542e-06 -7.4340e-06 -8.3608e-06 -9.3354e-06 -1.0358e-05 -1.1431e-05 -1.2554e-05 -1.3730e-05 -1.4958e-05 -1.6241e-05 -1.7579e-05 -1.8975e-05 -2.0430e-05 -2.1944e-05 -2.3519e-05 -2.5155e-05 -2.6854e-05 -2.8615e-05 -3.0438e-05 -3.2323e-05 -3.4268e-05 -3.6270e-05 -3.8326e-05 -4.0432e-05 -4.2581e-05 -4.4766e-05 -4.6976e-05 -4.9198e-05 -5.1419e-05 -5.3618e-05 -5.5775e-05 -5.7863e-05 -5.9851e-05 -6.1703e-05 -6.3379e-05 -6.4831e-05 -6.6009e-05 -6.6856e-05 -6.7309e-05 -6.7307e-05 -6.6783e-05 -6.5676e-05 -6.3931e-05 -6.1505e-05 -5.8372e-05 -5.4535e-05 -5.0028e-05 -4.4929e-05 -3.9361e-05 -3.3497e-05 -2.7550e-05 -2.1767e-05 -1.6399e-05 -1.1678e-05 -7.7750e-06 -4.7765e-06 -2.6640e-06 -1.3220e-06 -5.6939e-07 -2.0627e-07 -6.0429e-08 -1.3618e-08 -2.2143e-09 -2.3921e-10 -1.5419e-11 -5.1480e-13 -7.3780e-15 -3.5252e-17 -3.9799e-20 -6.6010e-24 -8.2599e-29 -3.0157e-35 -8.0833e-44 -2.0561e-55 -2.2253e-71 -8.1286e-94 -4.2631e-126 -8.0841e-174 -1.1720e-246 -0.0000e+00 -0.0000e+00 -0.0000e+00 -0.0000e+00 -0.0000e+00 -0.0000e+00 -0.0000e+00 -0.0000e+00 -0.0000e+00 -0.0000e+00
-2.3498e-07 -6.6512e-07 -1.2234e-06 7.8269e-06 -2.6425e-06 -3.4828e-06 -4.4026e-06 -5.3983e-06 -6.4678e-06 -7.6095e-06 -8.8230e-06 -1.0108e-05 -1.1465e-05 -1.2894e-05 -1.4397e-05 -1.5975e-05 -1.7629e-05 -1.9361e-05 -2.1174e-05 -2.3068e-05 -2.5046e-05 -2.7111e-05 -2.9264e-05 -3.1507e-05 -3.3842e-05 -3.6270e-05 -3.8794e-05 -4.1414e-05 -4.4130e-05 -4.6942e-05 -4.9849e-05 -5.2848e-05 -5.5936e-05 -5.9107e-05 -6.2355e-05 -6.5669e-05 -6.9038e-05 -7.2446e-05 -7.5874e-05 -7.9298e-05 -8.2691e-05 -8.6017e-05 -8.9237e-05 -9.2302e-05 -9.5159e-05 -9.7743e-05 -9.9983e-05 -1.0180e-04 -1.0311e-04 -1.0381e-04 -1.0380e-04 -1.0299e-04 -1.0129e-04 -9.8596e-05 -9.4854e-05 -9.0023e-05 -8.4104e-05 -7.7154e-05 -6.9290e-05 -6.0704e-05 -5.1660e-05 -4.2489e-05 -3.3570e-05 -2.5292e-05 -1.8010e-05 -1.1991e-05 -7.3667e-06 -4.1086e-06 -2.0390e-06 -8.7817e-07 -3.1814e-07 -9.3202e-08 -2.1003e-08 -3.4153e-09 -3.6896e-10 -2.3783e-11 -7.9410e-13 -1.1381e-14 -5.4382e-17 -6.1402e-20 -1.0185e-23 -1.2746e-28 -4.6542e-35 -1.2478e-43 -3.1748e-55 -3.4372e-71 -1.2562e-93 -6.5933e-126 -1.2517e-173 -1.8177e-246 -0.0000e+00 -0.0000e+00 -0.0000e+00 -0.0000e+00 -0.0000e+00 -0.0000e+00 -0.0000e+00 -0.0000e+00 -0.0000e+00 -0.0000e+00 -2.3498e-07 -6.6512e-07 -1.2234e-06 0.0000e+00 -2.6425e-06 -3.4828e-06 -4.4026e-06 -5.3983e-06 -6.4678e-06 -7.6095e-06 -8.8230e-06 -1.0108e-05 -1.1465e-05 -1.2894e-05 -1.4397e-05 -1.5975e-05 -1.7629e-05 -1.9361e-05 -2.1174e-05 -2.3068e-05 -2.5046e-05 -2.7111e-05 -2.9264e-05 -3.1507e-05 -3.3842e-05 -3.6270e-05 -3.8794e-05 -4.1414e-05 -4.4130e-05 -4.6942e-05 -4.9849e-05 -5.2848e-05 -5.5936e-05 -5.9107e-05 -6.2355e-05 -6.5669e-05 -6.9038e-05 -7.2446e-05 -7.5874e-05 -7.9298e-05 -8.2691e-05 -8.6017e-05 -8.9237e-05 -9.2302e-05 -9.5159e-05 -9.7743e-05 -9.9983e-05 -1.0180e-04 -1.0311e-04 -1.0380e-04 -1.0380e-04 -1.0299e-04 -1.0129e-04 -9.8596e-05 -9.4853e-05 -9.0022e-05 -8.4104e-05 -7.7153e-05 -6.9290e-05 -6.0703e-05 -5.1659e-05 -4.2488e-05 -3.3569e-05 -2.5291e-05 -1.8010e-05 -1.1991e-05 -7.3664e-06 -4.1085e-06 -2.0389e-06 -8.7813e-07 -3.1812e-07 -9.3196e-08 -2.1002e-08 -3.4149e-09 -3.6892e-10 -2.3780e-11 -7.9397e-13 -1.1379e-14 -5.4370e-17 -6.1385e-20 -1.0181e-23 -1.2740e-28 -4.6516e-35 -1.2469e-43 -3.1720e-55 -3.4332e-71 -1.2543e-93 -6.5793e-126 -1.2480e-173 -1.8101e-246 -0.0000e+00 -0.0000e+00 -0.0000e+00 -0.0000e+00 -0.0000e+00 -0.0000e+00 -0.0000e+00 -0.0000e+00 -0.0000e+00 -0.0000e+00
-3.2911e-07 -9.3155e-07 -1.7134e-06 -2.6425e-06 1.9164e-05 -4.8780e-06 -6.1662e-06 -7.5608e-06 -9.0586e-06 -1.0658e-05 -1.2357e-05 -1.4157e-05 -1.6057e-05 -1.8059e-05 -2.0164e-05 -2.2374e-05 -2.4691e-05 -2.7117e-05 -2.9656e-05 -3.2309e-05 -3.5080e-05 -3.7971e-05 -4.0986e-05 -4.4128e-05 -4.7398e-05 -5.0800e-05 -5.4335e-05 -5.8004e-05 -6.1808e-05 -6.5746e-05 -6.9817e-05 -7.4018e-05 -7.8343e-05 -8.2784e-05 -8.7333e-05 -9.1975e-05 -9.6693e-05 -1.0147e-04 -1.0627e-04 -1.1106e-04 -1.1582e-04 -1.2047e-04 -1.2498e-04 -1.2928e-04 -1.3328e-04 -1.3690e-04 -1.4004e-04 -1.4258e-04 -1.4441e-04 -1.4539e-04 -1.4538e-04 -1.4425e-04 -1.4186e-04 -1.3809e-04 -1.3285e-04 -1.2609e-04 -1.1780e-04 -1.0806e-04 -9.7049e-05 -8.5023e-05 -7.2356e-05 -5.9511e-05 -4.7019e-05 -3.5425e-05 -2.5226e-05 -1.6795e-05 -1.0318e-05 -5.7549e-06 -2.8560e-06 -1.2301e-06 -4.4564e-07 -1.3056e-07 -2.9422e-08 -4.7843e-09 -5.1688e-10 -3.3319e-11 -1.1126e-12 -1.5947e-14 -7.6206e-17 -8.6052e-20 -1.4276e-23 -1.7869e-28 -6.5264e-35 -1.7503e-43 -4.4553e-55 -4.8265e-71 -1.7655e-93 -9.2772e-126 -1.7644e-173 -2.5692e-246 -0.0000e+00 -0.0000e+00 -0.0000e+00 -0.0000e+00 -0.0000e+00 -0.0000e+00 -0.0000e+00 -0.0000e+00 -0.0000e+00 -0.0000e+00 -3.2911e-07 -9.3155e-07 -1.7134e-06 -2.6425e-06 0.0000e+00 -4.8780e-06 -6.1662e-06 -7.5608e-06 -9.0586e-06 -1.0658e-05 -1.2357e-05 -1.4157e-05 -1.6057e-05 -1.8059e-05 -2.0164e-05 -2.2374e-05 -2.4691e-05 -2.7117e-05 -2.9656e-05 -3.2309e-05 -3.5080e-05 -3.7971e-05 -4.0986e-05 -4.4128e-05 -4.7398e-05 -5.0800e-05 -5.4335e-05 -5.8004e-05 -6.1808e-05 -6.5746e-05 -6.9817e-05 -7.4018e-05 -7.8343e-05 -8.2784e-05 -8.7333e-05 -9.1975e-05 -9.6693e-05 -1.0147e-04 -1.0627e-04 -1.1106e-04 -1.1581e-04 -1.2047e-04 -1.2498e-04 -1.2928e-04 -1.3328e-04 -1.3690e-04 -1.4003e-04 -1.4258e-04 -1.4441e-04 -1.4539e-04 -1.4538e-04 -1.4425e-04 -1.4186e-04 -1.3809e-04 -1.3285e-04 -1.2608e-04 -1.1779e-04 -1.0806e-04 -9.7046e-05 -8.5021e-05 -7.2353e-05 -5.9509e-05 -4.7017e-05 -3.5423e-05 -2.5224e-05 -1.6794e-05 -1.0317e-05 -5.7544e-06 -2.8557e-06 -1.2299e-06 -4.4557e-07 -1.3053e-07 -2.9416e-08 -4.7832e-09 -5.1674e-10 -3.3308e-11 -1.1121e-12 -1.5940e-14 -7.6162e-17 -8.5992e-20 -1.4263e-23 -1.7849e-28 -6.5176e-35 -1.7473e-43 -4.4455e-55 -4.8126e-71 -1.7587e-93 -9.2291e-126 -1.7517e-173 -2.5429e-246 -0.0000e+00 -0.0000e+00 -0.0000e+00 -0.0000e+00 -0.0000e+00 -0.0000e+00 -0.0000e+00 -0.0000e+00 -0.0000e+00 -0.0000e+00
-4.3378e-07 -1.2278e-06 -2.2583e-06 -3.4828e-06 -4.8780e-06 3.9881e-05 -8.1271e-06 -9.9653e-06 -1.1939e-05 -1.4047e-05 -1.6287e-05 -1.8659e-05 -2.1164e-05 -2.3802e-05 -2.6577e-05 -2.9490e-05 -3.2543e-05 -3.5741e-05 -3.9087e-05 -4.2584e-05 -4.6236e-05 -5.0047e-05 -5.4021e-05 -5.8161e-05 -6.2472e-05 -6.6955e-05 -7.1614e-05 -7.6450e-05 -8.1464e-05 -8.6655e-05 -9.2021e-05 -9.7557e-05 -1.0326e-04 -1.0911e-04 -1.1511e-04 -1.2123e-04 -1.2744e-04 -1.3374e-04 -1.4006e-04 -1.4639e-04 -1.5265e-04 -1.5879e-04 -1.6473e-04 -1.7039e-04 -1.7566e-04 -1.8044e-04 -1.8457e-04 -1.8793e-04 -1.9034e-04 -1.9163e-04 -1.9162e-04 -1.9013e-04 -1.8698e-04 -1.8201e-04 -1.7511e-04 -1.6619e-04 -1.5526e-04 -1.4243e-04 -1.2792e-04 -1.1207e-04 -9.5372e-05 -7.8442e-05 -6.1977e-05 -4.6695e-05 -3.3251e-05 -2.2139e-05 -1.3601e-05 -7.5862e-06 -3.7649e-06 -1.6216e-06 -5.8749e-07 -1.7212e-07 -3.8791e-08 -6.3082e-09 -6.8156e-10 -4.3939e-11 -1.4673e-12 -2.1035e-14 -1.0053e-16 -1.1355e-19 -1.8842e-23 -2.3592e-28 -8.6207e-35 -2.3133e-43 -5.8932e-55 -6.3912e-71 -2.3414e-93 -1.2331e-125 -2.3527e-173 -3.4427e-246 -0.0000e+00 -0.0000e+00 -0.0000e+00 -0.0000e+00 -0.0000e+00 -0.0000e+00 -0.0000e+00 -0.0000e+00 -0.0000e+00 -0.0000e+00 -4.3378e-07 -1.2278e-06 -2.2583e-06 -3.4828e-06 -4.8780e-06 0.0000e+00 -8.1271e-06 -9.9653e-06 -1.1939e-05 -1.4047e-05 -1.6287e-05 -1.8659e-05 -2.1164e-05 -2.3802e-05 -2.6577e-05 -2.9490e-05 -3.2543e-05 -3.5741e-05 -3.9087e-05 -4.2584e-05 -4.6236e-05 -5.0047e-05 -5.4021e-05 -5.8161e-05 -6.2472e-05 -6.6955e-05 -7.1614e-05 -7.6450e-05 -8.1464e-05 -8.6655e-05 -9.2021e-05 -9.7557e-05 -1.0326e-04 -1.0911e-04 -1.1511e-04 -1.2122e-04 -1.2744e-04 -1.3373e-04 -1.4006e-04 -1.4638e-04 -1.5265e-04 -1.5879e-04 -1.6473e-04 -1.7039e-04 -1.7566e-04 -1.8043e-04 -1.8457e-04 -1.8792e-04 -1.9033e-04 -1.9162e-04 -1.9162e-04 -1.9013e-04 -1.8698e-04 -1.8201e-04 -1.7510e-04 -1.6618e-04 -1.5526e-04 -1.4243e-04 -1.2791e-04 -1.1206e-04 -9.5365e-05 -7.8436e-05 -6.1971e-05 -4.6690e-05 -3.3247e-05 -2.2136e-05 -1.3599e-05 -7.5848e-06 -3.7641e-06 -1.6212e-06 -5.8732e-07 -1.7206e-07 -3.8775e-08 -6.3052e-09 -6.8118e-10 -4.3909e-11 -1.4661e-12 -2.1014e-14 -1.0041e-16 -1.1338e-19 -1.8808e-23 -2.3540e-28 -8.5966e-35 -2.3051e-43 -5.8663e-55 -6.3530e-71 -2.3228e-93 -1.2198e-125 -2.3178e-173 -3.3704e-246 -0.0000e+00 -0.0000e+00 -0.0000e+00 -0.0000e+00 -0.0000e+00 -0.0000e+00 -0.0000e+00 -0.0000e+00 -0.0000e+00 -0.0000e+00
-5.4833e-07 -1.5520e-06 -2.8547e-06 -4.4026e-06 -6.1662e-06 -8.1271e-06 7.4196e-05 -1.2597e-05 -1.5092e-05 -1.7757e-05 -2.0588e-05 -2.3587e-05 -2.6753e-05 -3.0088e-05 -3.3595e-05 -3.7277e-05 -4.1137e-05 -4.5180e-05 -4.9409e-05 -5.3829e-05 -5.8446e-05 -6.3263e-05 -6.8287e-05 -7.3521e-05 -7.8970e-05 -8.4637e-05 -9.0527e-05 -9.6640e-05 -1.0298e-04 -1.0954e-04 -1.1632e-04 -1.2332e-04 -1.3053e-04 -1.3793e-04 -1.4551e-04 -1.5324e-04 -1.6110e-04 -1.6905e-04 -1.7705e-04 -1.8504e-04 -1.9296e-04 -2.0072e-04 -2.0824e-04 -2.1539e-04 -2.2206e-04 -2.2809e-04 -2.3332e-04 -2.3756e-04 -2.4061e-04 -2.4224e-04 -2.4223e-04 -2.4035e-04 -2.3637e-04 -2.3009e-04 -2.2136e-04 -2.1009e-04 -1.9628e-04 -1.8006e-04 -1.6171e-04 -1.4168e-04 -1.2057e-04 -9.9168e-05 -7.8353e-05 -5.9034e-05 -4.2039e-05 -2.7991e-05 -1.7197e-05 -9.5920e-06 -4.7606e-06 -2.0505e-06 -7.4293e-07 -2.1768e-07 -4.9061e-08 -7.9791e-09 -8.6219e-10 -5.5591e-11 -1.8568e-12 -2.6623e-14 -1.2728e-16 -1.4380e-19 -2.3873e-23 -2.9908e-28 -1.0937e-34 -2.9377e-43 -7.4936e-55 -8.1415e-71 -2.9901e-93 -1.5804e-125 -3.0313e-173 -4.4709e-246 -0.0000e+00 -0.0000e+00 -0.0000e+00 -0.0000e+00 -0.0000e+00 -0.0000e+00 -0.0000e+00 -0.0000e+00 -0.0000e+00 -0.0000e+00 -5.4833e-07 -1.5520e-06 -2.8547e-06 -4.4026e-06 -6.1662e-06 -8.1271e-06 0.0000e+00 -1.2597e-05 -1.5092e-05 -1.7757e-05 -2.0588e-05 -2.3587e-05 -2.6753e-05 -3.0088e-05 -3.3595e-05 -3.7277e-05 -4.1137e-05 -4.5180e-05 -4.9409e-05 -5.3829e-05 -5.8446e-05 -6.3263e-05 -6.8287e-05 -7.3521e-05 -7.8970e-05 -8.4637e-05 -9.0526e-05 -9.6640e-05 -1.0298e-04 -1.0954e-04 -1.1632e-04 -1.2332e-04 -1.3053e-04 -1.3793e-04 -1.4550e-04 -1.5324e-04 -1.6110e-04 -1.6905e-04 -1.7705e-04 -1.8504e-04 -1.9296e-04 -2.0072e-04 -2.0823e-04 -2.1539e-04 -2.2205e-04 -2.2808e-04 -2.3331e-04 -2.3755e-04 -2.4060e-04 -2.4223e-04 -2.4222e-04 -2.4034e-04 -2.3636e-04 -2.3008e-04 -2.2135e-04 -2.1007e-04 -1.9626e-04 -1.8004e-04 -1.6169e-04 -1.4166e-04 -1.2055e-04 -9.9153e-05 -7.8340e-05 -5.9022e-05 -4.2030e-05 -2.7984e-05 -1.7192e-05 -9.5886e-06 -4.7586e-06 -2.0495e-06 -7.4252e-07 -2.1754e-07 -4.9024e-08 -7.9720e-09 -8.6128e-10 -5.5521e-11 -1.8540e-12 -2.6575e-14 -1.2700e-16 -1.4341e-19 -2.3793e-23 -2.9785e-28 -1.0880e-34 -2.9183e-43 -7.4301e-55 -8.0515e-71 -2.9464e-93 -1.5492e-125 -2.9489e-173 -4.2999e-246 -0.0000e+00 -0.0000e+00 -0.0000e+00 -0.0000e+00 -0.0000e+00 -0.0000e+00 -0.0000e+00 -0.0000e+00 -0.0000e+00 -0.0000e+00
-6.7235e-07 -1.9031e-06 -3.5004e-06 -5.3983e-06 -7.5608e-06 -9.9653e-06 -1.2597e-05 1.2719e-04 -1.8506e-05 -2.1773e-05 -2.5245e-05 -2.8921e-05 -3.2804e-05 -3.6893e-05 -4.1194e-05 -4.5708e-05 -5.0442e-05 -5.5398e-05 -6.0584e-05 -6.6004e-05 -7.1665e-05 -7.7572e-05 -8.3731e-05 -9.0149e-05 -9.6830e-05 -1.0378e-04 -1.1100e-04 -1.1850e-04 -1.2627e-04 -1.3431e-04 -1.4263e-04 -1.5121e-04 -1.6005e-04 -1.6912e-04 -1.7842e-04 -1.8790e-04 -1.9754e-04 -2.0729e-04 -2.1710e-04 -2.2690e-04 -2.3661e-04 -2.4612e-04 -2.5534e-04 -2.6411e-04 -2.7229e-04 -2.7968e-04 -2.8609e-04 -2.9129e-04 -2.9503e-04 -2.9704e-04 -2.9703e-04 -2.9472e-04 -2.8984e-04 -2.8215e-04 -2.7144e-04 -2.5762e-04 -2.4069e-04 -2.2081e-04 -1.9831e-04 -1.7374e-04 -1.4786e-04 -1.2162e-04 -9.6093e-05 -7.2402e-05 -5.1560e-05 -3.4332e-05 -2.1093e-05 -1.1766e-05 -5.8398e-06 -2.5156e-06 -9.1150e-07 -2.6709e-07 -6.0207e-08 -9.7931e-09 -1.0584e-09 -6.8257e-11 -2.2804e-12 -3.2709e-14 -1.5644e-16 -1.7684e-19 -2.9377e-23 -3.6836e-28 -1.3485e-34 -3.6276e-43 -9.2722e-55 -1.0102e-70 -3.7243e-93 -1.9792e-125 -3.8263e-173 -5.7107e-246 -0.0000e+00 -0.0000e+00 -0.0000e+00 -0.0000e+00 -0.0000e+00 -0.0000e+00 -0.0000e+00 -0.0000e+00 -0.0000e+00 -0.0000e+00 -6.7235e-07 -1.9031e-06 -3.5004e-06 -5.3983e-06 -7.5608e-06 -9.9653e-06 -1.2597e-05 0.0000e+00 -1.8506e-05 -2.1773e-05 -2.5245e-05 -2.8921e-05 -3.2804e-05 -3.6893e-05 -4.1194e-05 -4.5708e-05 -5.0441e-05 -5.5398e-05 -6.0584e-05 -6.6004e-05 -7.1664e-05 -7.7572e-05 -8.3731e-05 -9.0149e-05 -9.6830e-05 -1.0378e-04 -1.1100e-04 -1.1850e-04 -1.2627e-04 -1.3431e-04 -1.4263e-04 -1.5121e-04 -1.6005e-04 -1.6912e-04 -1.7841e-04 -1.8790e-04 -1.9754e-04 -2.0729e-04 -2.1710e-04 -2.2689e-04 -2.3660e-04 -2.4612e-04 -2.5533e-04 -2.6410e-04 -2.7228e-04 -2.7967e-04 -2.8608e-04 -2.9128e-04 -2.9502e-04 -2.9702e-04 -2.9701e-04 -2.9470e-04 -2.8982e-04 -2.8212e-04 -2.7141e-04 -2.5759e-04 -2.4066e-04 -2.2077e-04 -1.9827e-04 -1.7370e-04 -1.4783e-04 -1.2159e-04 -9.6064e-05 -7.2377e-05 -5.1540e-05 -3.4316e-05 -2.1082e-05 -1.1759e-05 -5.8357e-06 -2.5135e-06 -9.1063e-07 -2.6680e-07 -6.0128e-08 -9.7781e-09 -1.0565e-09 -6.8109e-11 -2.2745e-12 -3.2607e-14 -1.5584e-16 -1.7602e-19 -2.9210e-23 -3.6575e-28 -1.3366e-34 -3.5868e-43 -9.1384e-55 -9.9119e-71 -3.6320e-93 -1.9133e-125 -3.6520e-173 -5.3476e-246 -0.0000e+00 -0.0000e+00 -0.0000e+00 -0.0000e+00 -0.0000e+00 -0.0000e+00 -0.0000e+00 -0.0000e+00 -0.0000e+00 -0.0000e+00
-8.0554e-07 -2.2801e-06 -4.1938e-06 -6.4678e-06 -9.0586e-06 -1.1939e-05 -1.5092e-05 -1.8506e-05 2.0487e-04 -2.6086e-05 -3.0246e-05 -3.4651e-05 -3.9302e-05 -4.4202e-05 -4.9354e-05 -5.4763e-05 -6.0434e-05 -6.6373e-05 -7.2586e-05 -7.9080e-05 -8.5862e-05 -9.2939e-05 -1.0032e-04 -1.0801e-04 -1.1601e-04 -1.2434e-04 -1.3299e-04 -1.4197e-04 -1.5128e-04 -1.6092e-04 -1.7089e-04 -1.8117e-04 -1.9176e-04 -2.0263e-04 -2.1376e-04 -2.2512e-04 -2.3667e-04 -2.4836e-04 -2.6011e-04 -2.7185e-04 -2.8348e-04 -2.9489e-04 -3.0593e-04 -3.1644e-04 -3.2624e-04 -3.3510e-04 -3.4278e-04 -3.4902e-04 -3.5350e-04 -3.5590e-04 -3.5589e-04 -3.5313e-04 -3.4729e-04 -3.3807e-04 -3.2525e-04 -3.0869e-04 -2.8841e-04 -2.6459e-04 -2.3763e-04 -2.0820e-04 -1.7719e-04 -1.4575e-04 -1.1516e-04 -8.6772e-05 -6.1797e-05 -4.1150e-05 -2.5284e-05 -1.4105e-05 -7.0012e-06 -3.0161e-06 -1.0930e-06 -3.2033e-07 -7.2220e-08 -1.1750e-08 -1.2702e-09 -8.1941e-11 -2.7387e-12 -3.9301e-14 -1.8808e-16 -2.1277e-19 -3.5380e-23 -4.4419e-28 -1.6288e-34 -4.3911e-43 -1.1257e-54 -1.2312e-70 -4.5644e-93 -2.4446e-125 -4.7793e-173 -7.2511e-246 -0.0000e+00 -0.0000e+00 -0.0000e+00 -0.0000e+00 -0.0000e+00 -0.0000e+00 -0.0000e+00 -0.0000e+00 -0.0000e+00 -0.0000e+00 -8.0554e-07 -2.2801e-06 -4.1938e-06 -6.4678e-06 -9.0586e-06 -1.1939e-05 -1.5092e-05 -1.8506e-05 0.0000e+00 -2.6086e-05 -3.0246e-05 -3.4651e-05 -3.9302e-05 -4.4202e-05 -4.9354e-05 -5.4763e-05 -6.0434e-05 -6.6373e-05 -7.2586e-05 -7.9080e-05 -8.5862e-05 -9.2939e-05 -1.0032e-04 -1.0801e-04 -1.1601e-04 -1.2434e-04 -1.3299e-04 -1.4197e-04 -1.5128e-04 -1.6092e-04 -1.7089e-04 -1.8117e-04 -1.9175e-04 -2.0263e-04 -2.1376e-04 -2.2512e-04 -2.3667e-04 -2.4835e-04 -2.6011e-04 -2.7184e-04 -2.8347e-04 -2.9488e-04 -3.0592e-04 -3.1643e-04 -3.2622e-04 -3.3508e-04 -3.4276e-04 -3.4899e-04 -3.5347e-04 -3.5587e-04 -3.5586e-04 -3.5309e-04 -3.4724e-04 -3.3802e-04 -3.2519e-04 -3.0863e-04 -2.8835e-04 -2.6452e-04 -2.3756e-04 -2.0813e-04 -1.7712e-04 -1.4568e-04 -1.1510e-04 -8.6724e-05 -6.1758e-05 -4.1120e-05 -2.5263e-05 -1.4091e-05 -6.9933e-06 -3.0122e-06 -1.0913e-06 -3.1976e-07 -7.2069e-08 -1.1721e-08 -1.2665e-09 -8.1656e-11 -2.7273e-12 -3.9103e-14 -1.8693e-16 -2.1119e-19 -3.5057e-23 -4.3916e-28 -1.6057e-34 -4.3123e-43 -1.0998e-54 -1.1945e-70 -4.3853e-93 -2.3165e-125 -4.4396e-173 -6.5408e-246 -0.0000e+00 -0.0000e+00 -0.0000e+00 -0.0000e+00 -0.0000e+00 -0.0000e+00 -0.0000e+00 -0.0000e+00 -0.0000e+00 -0.0000e+00
-9.4775e-07 -2.6826e-06 -4.9342e-06 -7.6095e-06 -1.0658e-05 -1.4047e-05 -1.7757e-05 -2.1773e-05 -2.6086e-05 3.1419e-04 -3.5585e-05 -4.0768e-05 -4.6240e-05 -5.2005e-05 -5.8067e-05 -6.4431e-05 -7.1103e-05 -7.8090e-05 -8.5400e-05 -9.3040e-05 -1.0102e-04 -1.0935e-04 -1.1803e-04 -1.2708e-04 -1.3649e-04 -1.4629e-04 -1.5647e-04 -1.6704e-04 -1.7799e-04 -1.8933e-04 -2.0106e-04 -2.1315e-04 -2.2561e-04 -2.3840e-04 -2.5150e-04 -2.6487e-04 -2.7846e-04 -2.9221e-04 -3.0604e-04 -3.1985e-04 -3.3354e-04 -3.4696e-04 -3.5995e-04 -3.7232e-04 -3.8384e-04 -3.9427e-04 -4.0332e-04 -4.1065e-04 -4.1593e-04 -4.1876e-04 -4.1876e-04 -4.1551e-04 -4.0864e-04 -3.9780e-04 -3.8272e-04 -3.6324e-04 -3.3938e-04 -3.1136e-04 -2.7965e-04 -2.4501e-04 -2.0853e-04 -1.7153e-04 -1.3554e-04 -1.0214e-04 -7.2743e-05 -4.8443e-05 -2.9768e-05 -1.6607e-05 -8.2446e-06 -3.5523e-06 -1.2875e-06 -3.7742e-07 -8.5112e-08 -1.3851e-08 -1.4979e-09 -9.6676e-11 -3.2329e-12 -4.6425e-14 -2.2236e-16 -2.5182e-19 -4.1931e-23 -5.2736e-28 -1.9382e-34 -5.2411e-43 -1.3490e-54 -1.4836e-70 -5.5414e-93 -2.9992e-125 -5.9520e-173 -9.2274e-246 -0.0000e+00 -0.0000e+00 -0.0000e+00 -0.0000e+00 -0.0000e+00 -0.0000e+00 -0.0000e+00 -0.0000e+00 -0.0000e+00 -0.0000e+00 -9.4775e-07 -2.6826e-06 -4.9342e-06 -7.6095e-06 -1.0658e-05 -1.4047e-05 -1.7757e-05 -2.1773e-05 -2.6086e-05 0.0000e+00 -3.5585e-05 -4.0768e-05 -4.6240e-05 -5.2005e-05 -5.8067e-05 -6.4431e-05 -7.1103e-05 -7.8090e-05 -8.5399e-05 -9.3040e-05 -1.0102e-04 -1.0935e-04 -1.1803e-04 -1.2707e-04 -1.3649e-04 -1.4629e-04 -1.5647e-04 -1.6703e-04 -1.7799e-04 -1.8933e-04 -2.0105e-04 -2.1315e-04 -2.2561e-04 -2.3840e-04 -2.5150e-04 -2.6486e-04 -2.7845e-04 -2.9220e-04 -3.0602e-04 -3.1984e-04 -3.3352e-04 -3.4694e-04 -3.5992e-04 -3.7229e-04 -3.8381e-04 -3.9424e-04 -4.0328e-04 -4.1061e-04 -4.1587e-04 -4.1870e-04 -4.1869e-04 -4.1544e-04 -4.0856e-04 -3.9771e-04 -3.8262e-04 -3.6313e-04 -3.3927e-04 -3.1124e-04 -2.7952e-04 -2.4489e-04 -2.0841e-04 -1.7142e-04 -1.3544e-04 -1.0205e-04 -7.2672e-05 -4.8388e-05 -2.9729e-05 -1.6583e-05 -8.2303e-06 -3.5452e-06 -1.2845e-06 -3.7639e-07 -8.4839e-08 -1.3799e-08 -1.4912e-09 -9.6160e-11 -3.2123e-12 -4.6068e-14 -2.2029e-16 -2.4897e-19 -4.1347e-23 -5.1827e-28 -1.8964e-34 -5.0983e-43 -1.3021e-54 -1.4169e-70 -5.2159e-93 -2.7658e-125 -5.3307e-173 -7.9206e-246 -0.0000e+00 -0.0000e+00 -0.0000e+00 -0.0000e+00 -0.0000e+00 -0.0000e+00 -0.0000e+00 -0.0000e+00 -0.0000e+00 -0.0000e+00
-1.0989e-06 -3.1104e-06 -5.7210e-06 -8.8230e-06 -1.2357e-05 -1.6287e-05 -2.0588e-05 -2.5245e-05 -3.0246e-05 -3.5585e-05 4.6317e-04 -4.7269e-05 -5.3614e-05 -6.0298e-05 -6.7327e-05 -7.4705e-05 -8.2441e-05 -9.0542e-05 -9.9018e-05 -1.0788e-04 -1.1713e-04 -1.2678e-04 -1.3685e-04 -1.4734e-04 -1.5826e-04 -1.6962e-04 -1.8142e-04 -1.9367e-04 -2.0637e-04 -2.1953e-04 -2.3312e-04 -2.4715e-04 -2.6159e-04 -2.7642e-04 -2.9161e-04 -3.0711e-04 -3.2287e-04 -3.3881e-04 -3.5484e-04 -3.7086e-04 -3.8673e-04 -4.0230e-04 -4.1736e-04 -4.3171e-04 -4.4507e-04 -4.5717e-04 -4.6766e-04 -4.7617e-04 -4.8229e-04 -4.8559e-04 -4.8559e-04 -4.8183e-04 -4.7387e-04 -4.6131e-04 -4.4383e-04 -4.2126e-04 -3.9360e-04 -3.6111e-04 -3.2434e-04 -2.8419e-04 -2.4188e-04 -1.9898e-04 -1.5724e-04 -1.1849e-04 -8.4402e-05 -5.6212e-05 -3.4547e-05 -1.9276e-05 -9.5711e-06 -4.1247e-06 -1.4954e-06 -4.3846e-07 -9.8910e-08 -1.6103e-08 -1.7423e-09 -1.1252e-10 -3.7655e-12 -5.4122e-14 -2.5952e-16 -2.9434e-19 -4.9101e-23 -6.1900e-28 -2.2820e-34 -6.1957e-43 -1.6033e-54 -1.7760e-70 -6.6995e-93 -3.6758e-125 -7.4350e-173 -1.1841e-245 -0.0000e+00 -0.0000e+00 -0.0000e+00 -0.0000e+00 -0.0000e+00 -0.0000e+00 -0.0000e+00 -0.0000e+00 -0.0000e+00 -0.0000e+00 -1.0989e-06 -3.1104e-06 -5.7210e-06 -8.8230e-06 -1.2357e-05 -1.6287e-05 -2.0588e-05 -2.5245e-05 -3.0246e-05 -3.5585e-05 0.0000e+00 -4.7269e-05 -5.3614e-05 -6.0298e-05 -6.7327e-05 -7.4705e-05 -8.2441e-05 -9.0542e-05 -9.9017e-05 -1.0788e-04 -1.1713e-04 -1.2678e-04 -1.3685e-04 -1.4734e-04 -1.5826e-04 -1.6962e-04 -1.8142e-04 -1.9367e-04 -2.0637e-04 -2.1952e-04 -2.3312e-04 -2.4714e-04 -2.6158e-04 -2.7641e-04 -2.9160e-04 -3.0710e-04 -3.2286e-04 -3.3879e-04 -3.5483e-04 -3.7084e-04 -3.8671e-04 -4.0227e-04 -4.1732e-04 -4.3166e-04 -4.4503e-04 -4.5711e-04 -4.6760e-04 -4.7610e-04 -4.8221e-04 -4.8548e-04 -4.8547e-04 -4.8170e-04 -4.7373e-04 -4.6115e-04 -4.4366e-04 -4.2107e-04 -3.9340e-04 -3.6090e-04 -3.2413e-04 -2.8398e-04 -2.4168e-04 -1.9879e-04 -1.5707e-04 -1.1835e-04 -8.4280e-05 -5.6119e-05 -3.4481e-05 -1.9234e-05 -9.5467e-06 -4.1125e-06 -1.4902e-06 -4.3669e-07 -9.8442e-08 -1.6014e-08 -1.7308e-09 -1.1164e-10 -3.7302e-12 -5.3513e-14 -2.5599e-16 -2.8945e-19 -4.8101e-23 -6.0342e-28 -2.2103e-34 -5.9507e-43 -1.5226e-54 -1.6613e-70 -6.1376e-93 -3.2715e-125 -6.3531e-173 -9.5476e-246 -0.0000e+00 -0.0000e+00 -0.0000e+00 -0.0000e+00 -0.0000e+00 -0.0000e+00 -0.0000e+00 -0.0000e+00 -0.0000e+00 -0.0000e+00
-1.2589e-06 -3.5633e-06 -6.5542e-06 -1.0108e-05 -1.4157e-05 -1.8659e-05 -2.3587e-05 -2.8921e-05 -3.4651e-05 -4.0768e-05 -4.7269e-05 6.6095e-04 -6.1422e-05 -6.9080e-05 -7.7132e-05 -8.5585e-05 -9.4448e-05 -1.0373e-04 -1.1344e-04 -1.2359e-04 -1.3419e-04 -1.4525e-04 -1.5678e-04 -1.6880e-04 -1.8131e-04 -1.9432e-04 -2.0784e-04 -2.2188e-04 -2.3643e-04 -2.5150e-04 -2.6707e-04 -2.8314e-04 -2.9969e-04 -3.1668e-04 -3.3409e-04 -3.5185e-04 -3.6990e-04 -3.8817e-04 -4.0654e-04 -4.2489e-04 -4.4308e-04 -4.6091e-04 -4.7817e-04 -4.9461e-04 -5.0993e-04 -5.2380e-04 -5.3582e-04 -5.4558e-04 -5.5260e-04 -5.5638e-04 -5.5639e-04 -5.5210e-04 -5.4299e-04 -5.2861e-04 -5.0860e-04 -4.8275e-04 -4.5107e-04 -4.1385e-04 -3.7173e-04 -3.2573e-04 -2.7726e-04 -2.2810e-04 -1.8027e-04 -1.3586e-04 -9.6783e-05 -6.4467e-05 -3.9626e-05 -2.2115e-05 -1.0983e-05 -4.7344e-06 -1.7169e-06 -5.0361e-07 -1.1366e-07 -1.8515e-08 -2.0045e-09 -1.2955e-10 -4.3399e-12 -6.2453e-14 -2.9993e-16 -3.4081e-19 -5.6991e-23 -7.2069e-28 -2.6675e-34 -7.2803e-43 -1.8970e-54 -2.1209e-70 -8.1005e-93 -4.5205e-125 -9.3588e-173 -1.5390e-245 -0.0000e+00 -0.0000e+00 -0.0000e+00 -0.0000e+00 -0.0000e+00 -0.0000e+00 -0.0000e+00 -0.0000e+00 -0.0000e+00 -0.0000e+00 -1.2589e-06 -3.5633e-06 -6.5542e-06 -1.0108e-05 -1.4157e-05 -1.8659e-05 -2.3587e-05 -2.8921e-05 -3.4651e-05 -4.0768e-05 -4.7269e-05 0.0000e+00 -6.1422e-05 -6.9080e-05 -7.7132e-05 -8.5585e-05 -9.4448e-05 -1.0373e-04 -1.1344e-04 -1.2359e-04 -1.3419e-04 -1.4525e-04 -1.5678e-04 -1.6880e-04 -1.8131e-04 -1.9432e-04 -2.0784e-04 -2.2188e-04 -2.3643e-04 -2.5149e-04 -2.6707e-04 -2.8314e-04 -2.9968e-04 -3.1667e-04 -3.3407e-04 -3.5183e-04 -3.6988e-04 -3.8814e-04 -4.0651e-04 -4.2486e-04 -4.4303e-04 -4.6086e-04 -4.7811e-04 -4.9454e-04 -5.0985e-04 -5.2370e-04 -5.3571e-04 -5.4545e-04 -5.5246e-04 -5.5621e-04 -5.5620e-04 -5.5189e-04 -5.4276e-04 -5.2835e-04 -5.0831e-04 -4.8244e-04 -4.5074e-04 -4.1351e-04 -3.7139e-04 -3.2539e-04 -2.7693e-04 -2.2778e-04 -1.7999e-04 -1.3562e-04 -9.6584e-05 -6.4315e-05 -3.9519e-05 -2.2045e-05 -1.0943e-05 -4.7144e-06 -1.7085e-06 -5.0072e-07 -1.1289e-07 -1.8368e-08 -1.9857e-09 -1.2811e-10 -4.2821e-12 -6.1455e-14 -2.9414e-16 -3.3281e-19 -5.5352e-23 -6.9512e-28 -2.5498e-34 -6.8774e-43 -1.7642e-54 -1.9314e-70 -7.1698e-93 -3.8477e-125 -7.5463e-173 -1.1509e-245 -0.0000e+00 -0.0000e+00 -0.0000e+00 -0.0000e+00 -0.0000e+00 -0.0000e+00 -0.0000e+00 -0.0000e+00 -0.0000e+00 -0.0000e+00
-1.4279e-06 -4.0417e-06 -7.4340e-06 -1.1465e-05 -1.6057e-05 -2.1164e-05 -2.6753e-05 -3.2804e-05 -3.9302e-05 -4.6240e-05 -5.3614e-05 -6.1422e-05 9.1787e-04 -7.8353e-05 -8.7486e-05 -9.7074e-05 -1.0713e-04 -1.1765e-04 -1.2867e-04 -1.4018e-04 -1.5220e-04 -1.6475e-04 -1.7783e-04 -1.9146e-04 -2.0565e-04 -2.2041e-04 -2.3574e-04 -2.5167e-04 -2.6817e-04 -2.8526e-04 -3.0293e-04 -3.2116e-04 -3.3992e-04 -3.5920e-04 -3.7894e-04 -3.9909e-04 -4.1957e-04 -4.4029e-04 -4.6113e-04 -4.8195e-04 -5.0258e-04 -5.2281e-04 -5.4240e-04 -5.6105e-04 -5.7844e-04 -5.9417e-04 -6.0782e-04 -6.1890e-04 -6.2687e-04 -6.3118e-04 -6.3120e-04 -6.2635e-04 -6.1604e-04 -5.9974e-04 -5.7706e-04 -5.4775e-04 -5.1183e-04 -4.6963e-04 -4.2186e-04 -3.6968e-04 -3.1470e-04 -2.5892e-04 -2.0465e-04 -1.5426e-04 -1.0991e-04 -7.3222e-05 -4.5017e-05 -2.5129e-05 -1.2484e-05 -5.3831e-06 -1.9530e-06 -5.7313e-07 -1.2942e-07 -2.1097e-08 -2.2861e-09 -1.4790e-10 -4.9608e-12 -7.1500e-14 -3.4404e-16 -3.9189e-19 -6.5735e-23 -8.3455e-28 -3.1047e-34 -8.5293e-43 -2.2417e-54 -2.5350e-70 -9.8303e-93 -5.5985e-125 -1.1912e-172 -2.0322e-245 -0.0000e+00 -0.0000e+00 -0.0000e+00 -0.0000e+00 -0.0000e+00 -0.0000e+00 -0.0000e+00 -0.0000e+00 -0.0000e+00 -0.0000e+00 -1.4279e-06 -4.0417e-06 -7.4340e-06 -1.1465e-05 -1.6057e-05 -2.1164e-05 -2.6753e-05 -3.2804e-05 -3.9302e-05 -4.6240e-05 -5.3614e-05 -6.1422e-05 0.0000e+00 -7.8353e-05 -8.7486e-05 -9.7074e-05 -1.0713e-04 -1.1765e-04 -1.2867e-04 -1.4018e-04 -1.5220e-04 -1.6474e-04 -1.7783e-04 -1.9146e-04 -2.0564e-04 -2.2040e-04 -2.3574e-04 -2.5166e-04 -2.6817e-04 -2.8525e-04 -3.0292e-04 -3.2114e-04 -3.3991e-04 -3.5918e-04 -3.7892e-04 -3.9906e-04 -4.1953e-04 -4.4025e-04 -4.6108e-04 -4.8189e-04 -5.0251e-04 -5.2273e-04 -5.4230e-04 -5.6094e-04 -5.7831e-04 -5.9402e-04 -6.0765e-04 -6.1870e-04 -6.2665e-04 -6.3091e-04 -6.3091e-04 -6.2602e-04 -6.1566e-04 -5.9933e-04 -5.7661e-04 -5.4727e-04 -5.1132e-04 -4.6910e-04 -4.2132e-04 -3.6914e-04 -3.1417e-04 -2.5843e-04 -2.0421e-04 -1.5388e-04 -1.0959e-04 -7.2982e-05 -4.4847e-05 -2.5020e-05 -1.2421e-05 -5.3516e-06 -1.9397e-06 -5.6857e-07 -1.2822e-07 -2.0866e-08 -2.2564e-09 -1.4563e-10 -4.8697e-12 -6.9925e-14 -3.3490e-16 -3.7925e-19 -6.3144e-23 -7.9408e-28 -2.9181e-34 -7.8898e-43 -2.0304e-54 -2.2327e-70 -8.3391e-93 -4.5142e-125 -8.9652e-173 -1.3929e-245 -0.0000e+00 -0.0000e+00 -0.0000e+00 -0.0000e+00 -0.0000e+00 -0.0000e+00 -0.0000e+00 -0.0000e+00 -0.0000e+00 -0.0000e+00
-1.6059e-06 -4.5456e-06 -8.3608e-06 -1.2894e-05 -1.8059e-05 -2.3802e-05 -3.0088e-05 -3.6893e-05 -4.4202e-05 -5.2005e-05 -6.0298e-05 -6.9080e-05 -7.8353e-05 1.2456e-03 -9.8393e-05 -1.0918e-04 -1.2048e-04 -1.3232e-04 -1.4471e-04 -1.5765e-04 -1.7118e-04 -1.8529e-04 -2.0000e-04 -2.1533e-04 -2.3129e-04 -2.4789e-04 -2.6514e-04 -2.8305e-04 -3.0161e-04 -3.2083e-04 -3.4070e-04 -3.6120e-04 -3.8231e-04 -4.0399e-04 -4.2620e-04 -4.4886e-04 -4.7190e-04 -4.9520e-04 -5.1865e-04 -5.4207e-04 -5.6528e-04 -5.8804e-04 -6.1008e-04 -6.3107e-04 -6.5063e-04 -6.6834e-04 -6.8370e-04 -6.9618e-04 -7.0517e-04 -7.1003e-04 -7.1008e-04 -7.0464e-04 -6.9306e-04 -6.7476e-04 -6.4927e-04 -6.1633e-04 -5.7595e-04 -5.2850e-04 -4.7478e-04 -4.1610e-04 -3.5425e-04 -2.9150e-04 -2.3043e-04 -1.7372e-04 -1.2380e-04 -8.2495e-05 -5.0732e-05 -2.8328e-05 -1.4078e-05 -6.0732e-06 -2.2045e-06 -6.4733e-07 -1.4629e-07 -2.3867e-08 -2.5890e-09 -1.6772e-10 -5.6345e-12 -8.1370e-14 -3.9249e-16 -4.4845e-19 -7.5512e-23 -9.6338e-28 -3.6064e-34 -9.9881e-43 -2.6527e-54 -3.0411e-70 -1.2007e-92 -7.0016e-125 -1.5368e-172 -2.7309e-245 -0.0000e+00 -0.0000e+00 -0.0000e+00 -0.0000e+00 -0.0000e+00 -0.0000e+00 -0.0000e+00 -0.0000e+00 -0.0000e+00 -0.0000e+00 -1.6059e-06 -4.5456e-06 -8.3608e-06 -1.2894e-05 -1.8059e-05 -2.3802e-05 -3.0088e-05 -3.6893e-05 -4.4202e-05 -5.2005e-05 -6.0298e-05 -6.9080e-05 -7.8353e-05 0.0000e+00 -9.8393e-05 -1.0918e-04 -1.2048e-04 -1.3232e-04 -1.4471e-04 -1.5765e-04 -1.7117e-04 -1.8528e-04 -2.0000e-04 -2.1533e-04 -2.3128e-04 -2.4788e-04 -2.6513e-04 -2.8304e-04 -3.0160e-04 -3.2082e-04 -3.4069e-04 -3.6118e-04 -3.8229e-04 -4.0397e-04 -4.2616e-04 -4.4882e-04 -4.7185e-04 -4.9514e-04 -5.1858e-04 -5.4199e-04 -5.6518e-04 -5.8792e-04 -6.0993e-04 -6.3090e-04 -6.5043e-04 -6.6811e-04 -6.8344e-04 -6.9588e-04 -7.0482e-04 -7.0963e-04 -7.0962e-04 -7.0413e-04 -6.9250e-04 -6.7414e-04 -6.4859e-04 -6.1560e-04 -5.7517e-04 -5.2769e-04 -4.7395e-04 -4.1527e-04 -3.5345e-04 -2.9075e-04 -2.2976e-04 -1.7314e-04 -1.2332e-04 -8.2129e-05 -5.0472e-05 -2.8161e-05 -1.3982e-05 -6.0252e-06 -2.1842e-06 -6.4037e-07 -1.4444e-07 -2.3514e-08 -2.5437e-09 -1.6424e-10 -5.4951e-12 -7.8959e-14 -3.7849e-16 -4.2907e-19 -7.1538e-23 -9.0123e-28 -3.3195e-34 -9.0025e-43 -2.3262e-54 -2.5723e-70 -9.6815e-93 -5.2979e-125 -1.0687e-172 -1.6986e-245 -0.0000e+00 -0.0000e+00 -0.0000e+00 -0.0000e+00 -0.0000e+00 -0.0000e+00 -0.0000e+00 -0.0000e+00 -0.0000e+00 -0.0000e+00
-1.7931e-06 -5.0754e-06 -9.3354e-06 -1.4397e-05 -2.0164e-05 -2.6577e-05 -3.3595e-05 -4.1194e-05 -4.9354e-05 -5.8067e-05 -6.7327e-05 -7.7132e-05 -8.7486e-05 -9.8393e-05 1.6573e-03 -1.2190e-04 -1.3453e-04 -1.4775e-04 -1.6158e-04 -1.7603e-04 -1.9113e-04 -2.0688e-04 -2.2331e-04 -2.4043e-04 -2.5825e-04 -2.7679e-04 -2.9605e-04 -3.1604e-04 -3.3677e-04 -3.5824e-04 -3.8042e-04 -4.0332e-04 -4.2689e-04 -4.5110e-04 -4.7590e-04 -5.0120e-04 -5.2693e-04 -5.5296e-04 -5.7914e-04 -6.0530e-04 -6.3123e-04 -6.5665e-04 -6.8127e-04 -7.0472e-04 -7.2658e-04 -7.4637e-04 -7.6354e-04 -7.7750e-04 -7.8756e-04 -7.9301e-04 -7.9309e-04 -7.8706e-04 -7.7416e-04 -7.5376e-04 -7.2533e-04 -6.8857e-04 -6.4351e-04 -5.9055e-04 -5.3058e-04 -4.6505e-04 -3.9598e-04 -3.2589e-04 -2.5767e-04 -1.9430e-04 -1.3849e-04 -9.2314e-05 -5.6789e-05 -3.1723e-05 -1.5772e-05 -6.8078e-06 -2.4727e-06 -7.2665e-07 -1.6436e-07 -2.6846e-08 -2.9160e-09 -1.8921e-10 -6.3690e-12 -9.2202e-14 -4.4608e-16 -5.1160e-19 -8.6553e-23 -1.1108e-27 -4.1900e-34 -1.1717e-42 -3.1507e-54 -3.6703e-70 -1.4794e-92 -8.8598e-125 -2.0126e-172 -3.7381e-245 -0.0000e+00 -0.0000e+00 -0.0000e+00 -0.0000e+00 -0.0000e+00 -0.0000e+00 -0.0000e+00 -0.0000e+00 -0.0000e+00 -0.0000e+00 -1.7931e-06 -5.0754e-06 -9.3354e-06 -1.4397e-05 -2.0164e-05 -2.6577e-05 -3.3595e-05 -4.1194e-05 -4.9354e-05 -5.8067e-05 -6.7327e-05 -7.7132e-05 -8.7486e-05 -9.8393e-05 0.0000e+00 -1.2190e-04 -1.3453e-04 -1.4774e-04 -1.6157e-04 -1.7603e-04 -1.9113e-04 -2.0688e-04 -2.2331e-04 -2.4042e-04 -2.5824e-04 -2.7678e-04 -2.9604e-04 -3.1603e-04 -3.3676e-04 -3.5822e-04 -3.8040e-04 -4.0329e-04 -4.2685e-04 -4.5106e-04 -4.7584e-04 -5.0114e-04 -5.2686e-04 -5.5287e-04 -5.7904e-04 -6.0518e-04 -6.3108e-04 -6.5647e-04 -6.8106e-04 -7.0447e-04 -7.2629e-04 -7.4603e-04 -7.6315e-04 -7.7704e-04 -7.8704e-04 -7.9241e-04 -7.9242e-04 -7.8630e-04 -7.7332e-04 -7.5283e-04 -7.2431e-04 -6.8749e-04 -6.4236e-04 -5.8934e-04 -5.2935e-04 -4.6383e-04 -3.9479e-04 -3.2478e-04 -2.5666e-04 -1.9343e-04 -1.3778e-04 -9.1770e-05 -5.6403e-05 -3.1474e-05 -1.5629e-05 -6.7363e-06 -2.4425e-06 -7.1630e-07 -1.6162e-07 -2.6320e-08 -2.8486e-09 -1.8403e-10 -6.1614e-12 -8.8609e-14 -4.2520e-16 -4.8267e-19 -8.0612e-23 -1.0178e-27 -3.7597e-34 -1.0235e-42 -2.6581e-54 -2.9595e-70 -1.1245e-92 -6.2356e-125 -1.2818e-172 -2.0939e-245 -0.0000e+00 -0.0000e+00 -0.0000e+00 -0.0000e+00 -0.0000e+00 -0.0000e+00 -0.0000e+00 -0.0000e+00 -0.0000e+00 -0.0000e+00
-1.9896e-06 -5.6316e-06 -1.0358e-05 -1.5975e-05 -2.2374e-05 -2.9490e-05 -3.7277e-05 -4.5708e-05 -5.4763e-05 -6.4431e-05 -7.4705e-05 -8.5585e-05 -9.7074e-05 -1.0918e-04 -1.2190e-04 2.1675e-03 -1.4927e-04 -1.6394e-04 -1.7928e-04 -1.9532e-04 -2.1208e-04 -2.2956e-04 -2.4779e-04 -2.6678e-04 -2.8656e-04 -3.0712e-04 -3.2850e-04 -3.5068e-04 -3.7369e-04 -3.9751e-04 -4.2213e-04 -4.4753e-04 -4.7369e-04 -5.0056e-04 -5.2808e-04 -5.5616e-04 -5.8472e-04 -6.1360e-04 -6.4267e-04 -6.7171e-04 -7.0048e-04 -7.2871e-04 -7.5604e-04 -7.8208e-04 -8.0635e-04 -8.2834e-04 -8.4743e-04 -8.6294e-04 -8.7414e-04 -8.8022e-04 -8.8036e-04 -8.7370e-04 -8.5944e-04 -8.3684e-04 -8.0534e-04 -7.6460e-04 -7.1463e-04 -6.5589e-04 -5.8936e-04 -5.1665e-04 -4.3999e-04 -3.6218e-04 -2.8643e-04 -2.1604e-04 -1.5404e-04 -1.0271e-04 -6.3210e-05 -3.5327e-05 -1.7574e-05 -7.5906e-06 -2.7592e-06 -8.1162e-07 -1.8379e-07 -3.0059e-08 -3.2704e-09 -2.1262e-10 -7.1745e-12 -1.0417e-13 -5.0584e-16 -5.8277e-19 -9.9153e-23 -1.2816e-27 -4.8775e-34 -1.3795e-42 -3.7632e-54 -4.4646e-70 -1.8417e-92 -1.1359e-124 -2.6781e-172 -5.2141e-245 -0.0000e+00 -0.0000e+00 -0.0000e+00 -0.0000e+00 -0.0000e+00 -0.0000e+00 -0.0000e+00 -0.0000e+00 -0.0000e+00 -0.0000e+00 -1.9896e-06 -5.6316e-06 -1.0358e-05 -1.5975e-05 -2.2374e-05 -2.9490e-05 -3.7277e-05 -4.5708e-05 -5.4763e-05 -6.4431e-05 -7.4705e-05 -8.5585e-05 -9.7074e-05 -1.0918e-04 -1.2190e-04 0.0000e+00 -1.4927e-04 -1.6394e-04 -1.7928e-04 -1.9532e-04 -2.1207e-04 -2.2955e-04 -2.4778e-04 -2.6677e-04 -2.8655e-04 -3.0711e-04 -3.2848e-04 -3.5067e-04 -3.7367e-04 -3.9748e-04 -4.2209e-04 -4.4749e-04 -4.7364e-04 -5.0050e-04 -5.2800e-04 -5.5607e-04 -5.8461e-04 -6.1347e-04 -6.4251e-04 -6.7152e-04 -7.0026e-04 -7.2845e-04 -7.5573e-04 -7.8171e-04 -8.0593e-04 -8.2785e-04 -8.4686e-04 -8.6228e-04 -8.7338e-04 -8.7936e-04 -8.7938e-04 -8.7260e-04 -8.5822e-04 -8.3549e-04 -8.0387e-04 -7.6302e-04 -7.1295e-04 -6.5414e-04 -5.8757e-04 -5.1487e-04 -4.3826e-04 -3.6056e-04 -2.8496e-04 -2.1477e-04 -1.5300e-04 -1.0192e-04 -6.2651e-05 -3.4966e-05 -1.7367e-05 -7.4868e-06 -2.7154e-06 -7.9657e-07 -1.7980e-07 -2.9294e-08 -3.1723e-09 -2.0508e-10 -6.8722e-12 -9.8935e-14 -4.7537e-16 -5.4053e-19 -9.0465e-23 -1.1453e-27 -4.2456e-34 -1.1612e-42 -3.0344e-54 -3.4068e-70 -1.3094e-92 -7.3774e-125 -1.5510e-172 -2.6165e-245 -0.0000e+00 -0.0000e+00 -0.0000e+00 -0.0000e+00 -0.0000e+00 -0.0000e+00 -0.0000e+00 -0.0000e+00 -0.0000e+00 -0.0000e+00
