1.0466e-08 -2.8284e-08 -5.1961e-08 -7.9999e-08 -1.1180e-07 -1.4696e-07 -1.8518e-07 -2.2624e-07 -2.6993e-07 -3.1610e-07 -3.6462e-07 -4.1535e-07 -4.6819e-07 -5.2303e-07 -5.7977e-07 -6.3832e-07 -6.9859e-07 -7.6048e-07 -8.2388e-07 -8.8872e-07 -9.5488e-07 -1.0223e-06 -1.0908e-06 -1.1603e-06 -1.2306e-06 -1.3017e-06 -1.3735e-06 -1.4456e-06 -1.5181e-06 -1.5908e-06 -1.6634e-06 -1.7358e-06 -1.8079e-06 -1.8793e-06 -1.9500e-06 -2.0196e-06 -2.0881e-06 -2.1550e-06 -2.2203e-06 -2.2836e-06 -2.3447e-06 -2.4034e-06 -2.4593e-06 -2.5123e-06 -2.5620e-06 -2.6083e-06 -2.6508e-06 -2.6893e-06 -2.7236e-06 -2.7535e-06 -2.7786e-06 -2.7989e-06 -2.8141e-06 -2.8241e-06 -2.8287e-06 -2.8277e-06 -2.8212e-06 -2.8090e-06 -2.7911e-06 -2.7675e-06 -2.7382e-06 -2.7033e-06 -2.6629e-06 -2.6171e-06 -2.5661e-06 -2.5101e-06 -2.4494e-06 -2.3841e-06 -2.3148e-06 -2.2416e-06 -2.1649e-06 -2.0852e-06 -2.0029e-06 -1.9183e-06 -1.8321e-06 -1.7445e-06 -1.6560e-06 -1.5672e-06 -1.4785e-06 -1.3902e-06 -1.3030e-06 -1.2170e-06 -1.1329e-06 -1.0508e-06 -9.7120e-07 -8.9433e-07 -8.2045e-07 -7.4980e-07 -6.8256e-07 -6.1887e-07 -5.5885e-07 -5.0255e-07 -4.5001e-07 -4.0123e-07 -3.5616e-07 -3.1473e-07 -2.7685e-07 -2.4239e-07 -2.1122e-07 -1.8316e-07 0.0000e+00 -2.8284e-08 -5.1961e-08 -7.9999e-08 -1.1180e-07 -1.4696e-07 -1.8518e-07 -2.2624e-07 -2.6993e-07 -3.1610e-07 -3.6462e-07 -4.1535e-07 -4.6819e-07 -5.2303e-07 -5.7977e-07 -6.3832e-07 -6.9859e-07 -7.6048e-07 -8.2388e-07 -8.8872e-07 -9.5488e-07 -1.0223e-06 -1.0908e-06 -1.1603e-06 -1.2306e-06 -1.3017e-06 -1.3735e-06 -1.4456e-06 -1.5181e-06 -1.5908e-06 -1.6634e-06 -1.7358e-06 -1.8079e-06 -1.8793e-06 -1.9500e-06 -2.0196e-06 -2.0881e-06 -2.1550e-06 -2.2203e-06 -2.2836e-06 -2.3447e-06 -2.4034e-06 -2.4593e-06 -2.5123e-06 -2.5620e-06 -2.6083e-06 -2.6508e-06 -2.6893e-06 -2.7236e-06 -2.7535e-06 -2.7786e-06 -2.7989e-06 -2.8141e-06 -2.8241e-06 -2.8287e-06 -2.8277e-06 -2.8212e-06 -2.8090e-06 -2.7911e-06 -2.7675e-06 -2.7382e-06 -2.7033e-06 -2.6629e-06 -2.6171e-06 -2.5661e-06 -2.5101e-06 -2.4494e-06 -2.3841e-06 -2.3148e-06 -2.2416e-06 -2.1649e-06 -2.0852e-06 -2.0029e-06 -1.9183e-06 -1.8321e-06 -1.7445e-06 -1.6560e-06 -1.5672e-06 -1.4785e-06 -1.3902e-06 -1.3030e-06 -1.2170e-06 -1.1329e-06 -1.0508e-06 -9.7120e-07 -8.9433e-07 -8.2045e-07 -7.4980e-07 -6.8256e-07 -6.1887e-07 -5.5885e-07 -5.0255e-07 -4.5001e-07 -4.0123e-07 -3.5616e-07 -3.1473e-07 -2.7685e-07 -2.4239e-07 -2.1122e-07 -1.8316e-07
-2.8284e-08 1.6637e-07 -1.4697e-07 -2.2627e-07 -3.1622e-07 -4.1567e-07 -5.2378e-07 -6.3989e-07 -7.6347e-07 -8.9407e-07 -1.0313e-06 -1.1748e-06 -1.3242e-06 -1.4793e-06 -1.6398e-06 -1.8055e-06 -1.9759e-06 -2.1509e-06 -2.3303e-06 -2.5137e-06 -2.7008e-06 -2.8914e-06 -3.0851e-06 -3.2817e-06 -3.4807e-06 -3.6819e-06 -3.8847e-06 -4.0889e-06 -4.2939e-06 -4.4994e-06 -4.7048e-06 -4.9097e-06 -5.1135e-06 -5.3156e-06 -5.5154e-06 -5.7124e-06 -5.9060e-06 -6.0953e-06 -6.2799e-06 -6.4590e-06 -6.6318e-06 -6.7977e-06 -6.9560e-06 -7.1058e-06 -7.2465e-06 -7.3773e-06 -7.4976e-06 -7.6066e-06 -7.7036e-06 -7.7880e-06 -7.8592e-06 -7.9165e-06 -7.9595e-06 -7.9877e-06 -8.0007e-06 -7.9981e-06 -7.9796e-06 -7.9451e-06 -7.8945e-06 -7.8277e-06 -7.7448e-06 -7.6461e-06 -7.5318e-06 -7.4023e-06 -7.2580e-06 -7.0996e-06 -6.9278e-06 -6.7434e-06 -6.5471e-06 -6.3401e-06 -6.1233e-06 -5.8979e-06 -5.6650e-06 -5.4259e-06 -5.1818e-06 -4.9341e-06 -4.6839e-06 -4.4327e-06 -4.1817e-06 -3.9322e-06 -3.6853e-06 -3.4423e-06 -3.2043e-06 -2.9722e-06 -2.7470e-06 -2.5295e-06 -2.3206e-06 -2.1208e-06 -1.9306e-06 -1.7504e-06 -1.5807e-06 -1.4214e-06 -1.2728e-06 -1.1348e-06 -1.0074e-06 -8.9020e-07 -7.8306e-07 -6.8560e-07 -5.9741e-07 -5.1805e-07 -2.8284e-08 0.0000e+00 -1.4697e-07 -2.2627e-07 -3.1622e-07 -4.1567e-07 -5.2378e-07 -6.3989e-07 -7.6347e-07 -8.9407e-07 -1.0313e-06 -1.1748e-06 -1.3242e-06 -1.4793e-06 -1.6398e-06 -1.8055e-06 -1.9759e-06 -2.1509e-06 -2.3303e-06 -2.5137e-06 -2.7008e-06 -2.8914e-06 -3.0851e-06 -3.2817e-06 -3.4807e-06 -3.6819e-06 -3.8847e-06 -4.0889e-06 -4.2939e-06 -4.4994e-06 -4.7048e-06 -4.9097e-06 -5.1135e-06 -5.3156e-06 -5.5154e-06 -5.7124e-06 -5.9060e-06 -6.0953e-06 -6.2799e-06 -6.4590e-06 -6.6318e-06 -6.7977e-06 -6.9560e-06 -7.1058e-06 -7.2465e-06 -7.3773e-06 -7.4976e-06 -7.6066e-06 -7.7036e-06 -7.7880e-06 -7.8592e-06 -7.9165e-06 -7.9595e-06 -7.9877e-06 -8.0007e-06 -7.9981e-06 -7.9796e-06 -7.9451e-06 -7.8945e-06 -7.8277e-06 -7.7448e-06 -7.6461e-06 -7.5318e-06 -7.4023e-06 -7.2580e-06 -7.0996e-06 -6.9278e-06 -6.7433e-06 -6.5471e-06 -6.3401e-06 -6.1233e-06 -5.8979e-06 -5.6650e-06 -5.4259e-06 -5.1818e-06 -4.9341e-06 -4.6839e-06 -4.4327e-06 -4.1817e-06 -3.9322e-06 -3.6853e-06 -3.4423e-06 -3.2043e-06 -2.9722e-06 -2.7470e-06 -2.5295e-06 -2.3206e-06 -2.1208e-06 -1.9306e-06 -1.7504e-06 -1.5807e-06 -1.4214e-06 -1.2728e-06 -1.1348e-06 -1.0074e-06 -8.9020e-07 -7.8305e-07 -6.8559e-07 -5.9741e-07 -5.1804e-07
-5.1961e-08 -1.4697e-07 8.4223e-07 -4.1569e-07 -5.8093e-07 -7.6363e-07 -9.6225e-07 -1.1756e-06 -1.4026e-06 -1.6425e-06 -1.8946e-06 -2.1582e-06 -2.4328e-06 -2.7177e-06 -3.0126e-06 -3.3168e-06 -3.6300e-06 -3.9515e-06 -4.2810e-06 -4.6179e-06 -4.9617e-06 -5.3118e-06 -5.6678e-06 -6.0288e-06 -6.3945e-06 -6.7640e-06 -7.1366e-06 -7.5117e-06 -7.8884e-06 -8.2659e-06 -8.6433e-06 -9.0197e-06 -9.3940e-06 -9.7653e-06 -1.0132e-05 -1.0494e-05 -1.0850e-05 -1.1198e-05 -1.1537e-05 -1.1866e-05 -1.2183e-05 -1.2488e-05 -1.2779e-05 -1.3054e-05 -1.3313e-05 -1.3553e-05 -1.3774e-05 -1.3974e-05 -1.4152e-05 -1.4307e-05 -1.4438e-05 -1.4544e-05 -1.4623e-05 -1.4674e-05 -1.4698e-05 -1.4693e-05 -1.4659e-05 -1.4596e-05 -1.4503e-05 -1.4380e-05 -1.4228e-05 -1.4047e-05 -1.3837e-05 -1.3599e-05 -1.3334e-05 -1.3043e-05 -1.2727e-05 -1.2388e-05 -1.2028e-05 -1.1648e-05 -1.1249e-05 -1.0835e-05 -1.0407e-05 -9.9681e-06 -9.5197e-06 -9.0645e-06 -8.6050e-06 -8.1434e-06 -7.6823e-06 -7.2239e-06 -6.7704e-06 -6.3240e-06 -5.8866e-06 -5.4602e-06 -5.0466e-06 -4.6471e-06 -4.2632e-06 -3.8961e-06 -3.5467e-06 -3.2158e-06 -2.9039e-06 -2.6114e-06 -2.3384e-06 -2.0849e-06 -1.8507e-06 -1.6354e-06 -1.4386e-06 -1.2595e-06 -1.0975e-06 -9.5172e-07 -5.1961e-08 -1.4697e-07 0.0000e+00 -4.1569e-07 -5.8093e-07 -7.6363e-07 -9.6225e-07 -1.1756e-06 -1.4026e-06 -1.6425e-06 -1.8946e-06 -2.1582e-06 -2.4328e-06 -2.7177e-06 -3.0126e-06 -3.3168e-06 -3.6300e-06 -3.9515e-06 -4.2810e-06 -4.6179e-06 -4.9617e-06 -5.3118e-06 -5.6678e-06 -6.0288e-06 -6.3945e-06 -6.7640e-06 -7.1366e-06 -7.5117e-06 -7.8884e-06 -8.2659e-06 -8.6433e-06 -9.0197e-06 -9.3940e-06 -9.7653e-06 -1.0132e-05 -1.0494e-05 -1.0850e-05 -1.1198e-05 -1.1537e-05 -1.1866e-05 -1.2183e-05 -1.2488e-05 -1.2779e-05 -1.3054e-05 -1.3313e-05 -1.3553e-05 -1.3774e-05 -1.3974e-05 -1.4152e-05 -1.4307e-05 -1.4438e-05 -1.4544e-05 -1.4623e-05 -1.4674e-05 -1.4698e-05 -1.4693e-05 -1.4659e-05 -1.4596e-05 -1.4503e-05 -1.4380e-05 -1.4228e-05 -1.4047e-05 -1.3837e-05 -1.3599e-05 -1.3334e-05 -1.3043e-05 -1.2727e-05 -1.2388e-05 -1.2028e-05 -1.1647e-05 -1.1249e-05 -1.0835e-05 -1.0407e-05 -9.9680e-06 -9.5196e-06 -9.0644e-06 -8.6049e-06 -8.1434e-06 -7.6823e-06 -7.2238e-06 -6.7703e-06 -6.3239e-06 -5.8866e-06 -5.4602e-06 -5.0465e-06 -4.6471e-06 -4.2632e-06 -3.8961e-06 -3.5467e-06 -3.2158e-06 -2.9039e-06 -2.6113e-06 -2.3383e-06 -2.0848e-06 -1.8507e-06 -1.6354e-06 -1.4386e-06 -1.2595e-06 -1.0975e-06 -9.5171e-07
-7.9999e-08 -2.2627e-07 -4.1569e-07 2.6619e-06 -8.9440e-07 -1.1757e-06 -1.4815e-06 -1.8099e-06 -2.1594e-06 -2.5288e-06 -2.9169e-06 -3.3227e-06 -3.7455e-06 -4.1842e-06 -4.6381e-06 -5.1065e-06 -5.5887e-06 -6.0837e-06 -6.5910e-06 -7.1097e-06 -7.6390e-06 -8.1781e-06 -8.7260e-06 -9.2819e-06 -9.8449e-06 -1.0414e-05 -1.0988e-05 -1.1565e-05 -1.2145e-05 -1.2726e-05 -1.3307e-05 -1.3887e-05 -1.4463e-05 -1.5035e-05 -1.5600e-05 -1.6157e-05 -1.6704e-05 -1.7240e-05 -1.7762e-05 -1.8269e-05 -1.8757e-05 -1.9227e-05 -1.9674e-05 -2.0098e-05 -2.0496e-05 -2.0866e-05 -2.1206e-05 -2.1515e-05 -2.1789e-05 -2.2028e-05 -2.2229e-05 -2.2391e-05 -2.2513e-05 -2.2593e-05 -2.2629e-05 -2.2622e-05 -2.2570e-05 -2.2472e-05 -2.2329e-05 -2.2140e-05 -2.1906e-05 -2.1626e-05 -2.1303e-05 -2.0937e-05 -2.0529e-05 -2.0081e-05 -1.9595e-05 -1.9073e-05 -1.8518e-05 -1.7933e-05 -1.7319e-05 -1.6682e-05 -1.6023e-05 -1.5347e-05 -1.4657e-05 -1.3956e-05 -1.3248e-05 -1.2538e-05 -1.1828e-05 -1.1122e-05 -1.0424e-05 -9.7365e-06 -9.0632e-06 -8.4067e-06 -7.7698e-06 -7.1548e-06 -6.5638e-06 -5.9986e-06 -5.4606e-06 -4.9511e-06 -4.4709e-06 -4.0205e-06 -3.6002e-06 -3.2100e-06 -2.8494e-06 -2.5180e-06 -2.2149e-06 -1.9392e-06 -1.6898e-06 -1.4653e-06 -7.9999e-08 -2.2627e-07 -4.1569e-07 0.0000e+00 -8.9440e-07 -1.1757e-06 -1.4815e-06 -1.8099e-06 -2.1594e-06 -2.5288e-06 -2.9169e-06 -3.3227e-06 -3.7455e-06 -4.1842e-06 -4.6381e-06 -5.1065e-06 -5.5887e-06 -6.0837e-06 -6.5910e-06 -7.1097e-06 -7.6390e-06 -8.1781e-06 -8.7260e-06 -9.2819e-06 -9.8449e-06 -1.0414e-05 -1.0988e-05 -1.1565e-05 -1.2145e-05 -1.2726e-05 -1.3307e-05 -1.3887e-05 -1.4463e-05 -1.5035e-05 -1.5600e-05 -1.6157e-05 -1.6704e-05 -1.7240e-05 -1.7762e-05 -1.8269e-05 -1.8757e-05 -1.9227e-05 -1.9674e-05 -2.0098e-05 -2.0496e-05 -2.0866e-05 -2.1206e-05 -2.1514e-05 -2.1789e-05 -2.2028e-05 -2.2229e-05 -2.2391e-05 -2.2513e-05 -2.2592e-05 -2.2629e-05 -2.2622e-05 -2.2570e-05 -2.2472e-05 -2.2329e-05 -2.2140e-05 -2.1906e-05 -2.1626e-05 -2.1303e-05 -2.0937e-05 -2.0529e-05 -2.0081e-05 -1.9595e-05 -1.9073e-05 -1.8518e-05 -1.7932e-05 -1.7319e-05 -1.6682e-05 -1.6023e-05 -1.5347e-05 -1.4656e-05 -1.3956e-05 -1.3248e-05 -1.2538e-05 -1.1828e-05 -1.1122e-05 -1.0424e-05 -9.7363e-06 -9.0630e-06 -8.4065e-06 -7.7696e-06 -7.1546e-06 -6.5636e-06 -5.9984e-06 -5.4605e-06 -4.9510e-06 -4.4708e-06 -4.0204e-06 -3.6001e-06 -3.2098e-06 -2.8493e-06 -2.5179e-06 -2.2148e-06 -1.9392e-06 -1.6897e-06 -1.4653e-06
-1.1180e-07 -3.1622e-07 -5.8093e-07 -8.9440e-07 6.4987e-06 -1.6430e-06 -2.0704e-06 -2.5293e-06 -3.0178e-06 -3.5340e-06 -4.0764e-06 -4.6436e-06 -5.2344e-06 -5.8475e-06 -6.4819e-06 -7.1365e-06 -7.8103e-06 -8.5022e-06 -9.2111e-06 -9.9360e-06 -1.0676e-05 -1.1429e-05 -1.2195e-05 -1.2972e-05 -1.3758e-05 -1.4553e-05 -1.5355e-05 -1.6162e-05 -1.6973e-05 -1.7785e-05 -1.8597e-05 -1.9407e-05 -2.0212e-05 -2.1011e-05 -2.1801e-05 -2.2580e-05 -2.3345e-05 -2.4093e-05 -2.4823e-05 -2.5531e-05 -2.6214e-05 -2.6870e-05 -2.7495e-05 -2.8088e-05 -2.8644e-05 -2.9161e-05 -2.9636e-05 -3.0067e-05 -3.0451e-05 -3.0784e-05 -3.1066e-05 -3.1292e-05 -3.1462e-05 -3.1574e-05 -3.1625e-05 -3.1615e-05 -3.1542e-05 -3.1406e-05 -3.1205e-05 -3.0941e-05 -3.0614e-05 -3.0224e-05 -2.9772e-05 -2.9260e-05 -2.8690e-05 -2.8064e-05 -2.7385e-05 -2.6656e-05 -2.5880e-05 -2.5062e-05 -2.4205e-05 -2.3314e-05 -2.2393e-05 -2.1448e-05 -2.0483e-05 -1.9504e-05 -1.8515e-05 -1.7522e-05 -1.6530e-05 -1.5544e-05 -1.4568e-05 -1.3608e-05 -1.2667e-05 -1.1749e-05 -1.0859e-05 -9.9995e-06 -9.1735e-06 -8.3836e-06 -7.6318e-06 -6.9197e-06 -6.2486e-06 -5.6191e-06 -5.0317e-06 -4.4863e-06 -3.9824e-06 -3.5192e-06 -3.0956e-06 -2.7104e-06 -2.3617e-06 -2.0480e-06 -1.1180e-07 -3.1622e-07 -5.8093e-07 -8.9440e-07 0.0000e+00 -1.6430e-06 -2.0704e-06 -2.5293e-06 -3.0178e-06 -3.5340e-06 -4.0764e-06 -4.6436e-06 -5.2344e-06 -5.8475e-06 -6.4819e-06 -7.1365e-06 -7.8103e-06 -8.5022e-06 -9.2111e-06 -9.9360e-06 -1.0676e-05 -1.1429e-05 -1.2195e-05 -1.2972e-05 -1.3758e-05 -1.4553e-05 -1.5355e-05 -1.6162e-05 -1.6973e-05 -1.7785e-05 -1.8597e-05 -1.9407e-05 -2.0212e-05 -2.1011e-05 -2.1801e-05 -2.2580e-05 -2.3345e-05 -2.4093e-05 -2.4823e-05 -2.5531e-05 -2.6214e-05 -2.6870e-05 -2.7495e-05 -2.8087e-05 -2.8644e-05 -2.9161e-05 -2.9636e-05 -3.0067e-05 -3.0451e-05 -3.0784e-05 -3.1065e-05 -3.1292e-05 -3.1462e-05 -3.1574e-05 -3.1625e-05 -3.1614e-05 -3.1541e-05 -3.1405e-05 -3.1205e-05 -3.0941e-05 -3.0614e-05 -3.0223e-05 -2.9772e-05 -2.9260e-05 -2.8689e-05 -2.8063e-05 -2.7384e-05 -2.6655e-05 -2.5879e-05 -2.5061e-05 -2.4204e-05 -2.3313e-05 -2.2393e-05 -2.1448e-05 -2.0483e-05 -1.9503e-05 -1.8515e-05 -1.7522e-05 -1.6530e-05 -1.5543e-05 -1.4567e-05 -1.3607e-05 -1.2666e-05 -1.1749e-05 -1.0858e-05 -9.9989e-06 -9.1730e-06 -8.3831e-06 -7.6313e-06 -6.9193e-06 -6.2482e-06 -5.6187e-06 -5.0314e-06 -4.4859e-06 -3.9820e-06 -3.5189e-06 -3.0954e-06 -2.7101e-06 -2.3615e-06 -2.0478e-06
-1.4696e-07 -4.1567e-07 -7.6363e-07 -1.1757e-06 -1.6430e-06 1.3476e-05 -2.7215e-06 -3.3248e-06 -3.9669e-06 -4.6455e-06 -5.3584e-06 -6.1040e-06 -6.8806e-06 -7.6865e-06 -8.5204e-06 -9.3809e-06 -1.0267e-05 -1.1176e-05 -1.2108e-05 -1.3061e-05 -1.4033e-05 -1.5023e-05 -1.6030e-05 -1.7051e-05 -1.8085e-05 -1.9131e-05 -2.0185e-05 -2.1245e-05 -2.2311e-05 -2.3378e-05 -2.4446e-05 -2.5510e-05 -2.6569e-05 -2.7619e-05 -2.8658e-05 -2.9681e-05 -3.0687e-05 -3.1671e-05 -3.2630e-05 -3.3560e-05 -3.4458e-05 -3.5320e-05 -3.6143e-05 -3.6921e-05 -3.7652e-05 -3.8332e-05 -3.8957e-05 -3.9524e-05 -4.0028e-05 -4.0466e-05 -4.0836e-05 -4.1134e-05 -4.1358e-05 -4.1504e-05 -4.1572e-05 -4.1558e-05 -4.1462e-05 -4.1283e-05 -4.1020e-05 -4.0673e-05 -4.0243e-05 -3.9730e-05 -3.9136e-05 -3.8463e-05 -3.7714e-05 -3.6891e-05 -3.5998e-05 -3.5040e-05 -3.4020e-05 -3.2945e-05 -3.1819e-05 -3.0647e-05 -2.9437e-05 -2.8195e-05 -2.6927e-05 -2.5639e-05 -2.4340e-05 -2.3035e-05 -2.1730e-05 -2.0434e-05 -1.9151e-05 -1.7888e-05 -1.6651e-05 -1.5445e-05 -1.4275e-05 -1.3145e-05 -1.2060e-05 -1.1021e-05 -1.0033e-05 -9.0969e-06 -8.2147e-06 -7.3872e-06 -6.6150e-06 -5.8980e-06 -5.2355e-06 -4.6266e-06 -4.0698e-06 -3.5633e-06 -3.1050e-06 -2.6925e-06 -1.4696e-07 -4.1567e-07 -7.6363e-07 -1.1757e-06 -1.6430e-06 0.0000e+00 -2.7215e-06 -3.3248e-06 -3.9669e-06 -4.6455e-06 -5.3584e-06 -6.1040e-06 -6.8806e-06 -7.6865e-06 -8.5204e-06 -9.3809e-06 -1.0267e-05 -1.1176e-05 -1.2108e-05 -1.3061e-05 -1.4033e-05 -1.5023e-05 -1.6030e-05 -1.7051e-05 -1.8085e-05 -1.9130e-05 -2.0185e-05 -2.1245e-05 -2.2311e-05 -2.3378e-05 -2.4446e-05 -2.5510e-05 -2.6569e-05 -2.7619e-05 -2.8658e-05 -2.9681e-05 -3.0687e-05 -3.1671e-05 -3.2630e-05 -3.3560e-05 -3.4458e-05 -3.5320e-05 -3.6142e-05 -3.6921e-05 -3.7652e-05 -3.8332e-05 -3.8957e-05 -3.9523e-05 -4.0027e-05 -4.0466e-05 -4.0836e-05 -4.1134e-05 -4.1357e-05 -4.1504e-05 -4.1571e-05 -4.1557e-05 -4.1461e-05 -4.1282e-05 -4.1019e-05 -4.0672e-05 -4.0242e-05 -3.9729e-05 -3.9135e-05 -3.8462e-05 -3.7712e-05 -3.6890e-05 -3.5997e-05 -3.5038e-05 -3.4019e-05 -3.2943e-05 -3.1817e-05 -3.0646e-05 -2.9436e-05 -2.8193e-05 -2.6925e-05 -2.5638e-05 -2.4338e-05 -2.3033e-05 -2.1729e-05 -2.0432e-05 -1.9149e-05 -1.7887e-05 -1.6650e-05 -1.5444e-05 -1.4274e-05 -1.3144e-05 -1.2058e-05 -1.1020e-05 -1.0032e-05 -9.0957e-06 -8.2135e-06 -7.3861e-06 -6.6140e-06 -5.8970e-06 -5.2346e-06 -4.6258e-06 -4.0690e-06 -3.5626e-06 -3.1044e-06 -2.6920e-06
-1.8518e-07 -5.2378e-07 -9.6225e-07 -1.4815e-06 -2.0704e-06 -2.7215e-06 2.4965e-05 -4.1896e-06 -4.9987e-06 -5.8537e-06 -6.7521e-06 -7.6916e-06 -8.6701e-06 -9.6857e-06 -1.0737e-05 -1.1821e-05 -1.2937e-05 -1.4083e-05 -1.5257e-05 -1.6458e-05 -1.7683e-05 -1.8931e-05 -2.0199e-05 -2.1486e-05 -2.2789e-05 -2.4106e-05 -2.5434e-05 -2.6771e-05 -2.8114e-05 -2.9459e-05 -3.0804e-05 -3.2145e-05 -3.3479e-05 -3.4803e-05 -3.6111e-05 -3.7401e-05 -3.8668e-05 -3.9908e-05 -4.1117e-05 -4.2289e-05 -4.3421e-05 -4.4507e-05 -4.5543e-05 -4.6525e-05 -4.7446e-05 -4.8303e-05 -4.9090e-05 -4.9804e-05 -5.0439e-05 -5.0992e-05 -5.1458e-05 -5.1834e-05 -5.2116e-05 -5.2300e-05 -5.2385e-05 -5.2368e-05 -5.2248e-05 -5.2022e-05 -5.1691e-05 -5.1254e-05 -5.0712e-05 -5.0066e-05 -4.9317e-05 -4.8469e-05 -4.7525e-05 -4.6488e-05 -4.5364e-05 -4.4156e-05 -4.2871e-05 -4.1516e-05 -4.0097e-05 -3.8621e-05 -3.7096e-05 -3.5531e-05 -3.3933e-05 -3.2311e-05 -3.0673e-05 -2.9028e-05 -2.7385e-05 -2.5751e-05 -2.4135e-05 -2.2544e-05 -2.0985e-05 -1.9465e-05 -1.7991e-05 -1.6567e-05 -1.5199e-05 -1.3890e-05 -1.2645e-05 -1.1465e-05 -1.0353e-05 -9.3103e-06 -8.3371e-06 -7.4335e-06 -6.5986e-06 -5.8312e-06 -5.1295e-06 -4.4912e-06 -3.9136e-06 -3.3937e-06 -1.8518e-07 -5.2378e-07 -9.6225e-07 -1.4815e-06 -2.0704e-06 -2.7215e-06 0.0000e+00 -4.1896e-06 -4.9987e-06 -5.8537e-06 -6.7521e-06 -7.6916e-06 -8.6701e-06 -9.6857e-06 -1.0737e-05 -1.1821e-05 -1.2937e-05 -1.4083e-05 -1.5257e-05 -1.6458e-05 -1.7683e-05 -1.8931e-05 -2.0199e-05 -2.1486e-05 -2.2789e-05 -2.4106e-05 -2.5434e-05 -2.6771e-05 -2.8114e-05 -2.9459e-05 -3.0804e-05 -3.2145e-05 -3.3479e-05 -3.4802e-05 -3.6111e-05 -3.7401e-05 -3.8668e-05 -3.9908e-05 -4.1116e-05 -4.2289e-05 -4.3421e-05 -4.4507e-05 -4.5543e-05 -4.6524e-05 -4.7445e-05 -4.8302e-05 -4.9089e-05 -4.9803e-05 -5.0438e-05 -5.0991e-05 -5.1457e-05 -5.1832e-05 -5.2114e-05 -5.2299e-05 -5.2383e-05 -5.2366e-05 -5.2246e-05 -5.2020e-05 -5.1688e-05 -5.1251e-05 -5.0709e-05 -5.0063e-05 -4.9314e-05 -4.8466e-05 -4.7522e-05 -4.6485e-05 -4.5360e-05 -4.4152e-05 -4.2868e-05 -4.1512e-05 -4.0093e-05 -3.8617e-05 -3.7092e-05 -3.5527e-05 -3.3929e-05 -3.2307e-05 -3.0669e-05 -2.9024e-05 -2.7381e-05 -2.5747e-05 -2.4131e-05 -2.2540e-05 -2.0981e-05 -1.9461e-05 -1.7987e-05 -1.6563e-05 -1.5195e-05 -1.3887e-05 -1.2641e-05 -1.1462e-05 -1.0350e-05 -9.3078e-06 -8.3348e-06 -7.4313e-06 -6.5965e-06 -5.8293e-06 -5.1277e-06 -4.4896e-06 -3.9121e-06 -3.3924e-06
-2.2624e-07 -6.3989e-07 -1.1756e-06 -1.8099e-06 -2.5293e-06 -3.3248e-06 -4.1896e-06 4.2590e-05 -6.1068e-06 -7.1514e-06 -8.2489e-06 -9.3967e-06 -1.0592e-05 -1.1833e-05 -1.3117e-05 -1.4441e-05 -1.5805e-05 -1.7205e-05 -1.8639e-05 -2.0106e-05 -2.1603e-05 -2.3128e-05 -2.4677e-05 -2.6249e-05 -2.7841e-05 -2.9450e-05 -3.1073e-05 -3.2706e-05 -3.4346e-05 -3.5990e-05 -3.7633e-05 -3.9272e-05 -4.0901e-05 -4.2518e-05 -4.4117e-05 -4.5693e-05 -4.7241e-05 -4.8756e-05 -5.0232e-05 -5.1665e-05 -5.3047e-05 -5.4375e-05 -5.5640e-05 -5.6839e-05 -5.7965e-05 -5.9012e-05 -5.9974e-05 -6.0846e-05 -6.1622e-05 -6.2298e-05 -6.2867e-05 -6.3326e-05 -6.3671e-05 -6.3897e-05 -6.4001e-05 -6.3980e-05 -6.3833e-05 -6.3557e-05 -6.3153e-05 -6.2619e-05 -6.1957e-05 -6.1168e-05 -6.0254e-05 -5.9218e-05 -5.8065e-05 -5.6798e-05 -5.5424e-05 -5.3949e-05 -5.2380e-05 -5.0724e-05 -4.8991e-05 -4.7188e-05 -4.5325e-05 -4.3413e-05 -4.1461e-05 -3.9479e-05 -3.7478e-05 -3.5469e-05 -3.3461e-05 -3.1465e-05 -2.9490e-05 -2.7546e-05 -2.5642e-05 -2.3785e-05 -2.1984e-05 -2.0244e-05 -1.8572e-05 -1.6973e-05 -1.5452e-05 -1.4010e-05 -1.2652e-05 -1.1378e-05 -1.0188e-05 -9.0842e-06 -8.0641e-06 -7.1263e-06 -6.2689e-06 -5.4888e-06 -4.7830e-06 -4.1478e-06 -2.2624e-07 -6.3989e-07 -1.1756e-06 -1.8099e-06 -2.5293e-06 -3.3248e-06 -4.1896e-06 0.0000e+00 -6.1068e-06 -7.1514e-06 -8.2489e-06 -9.3967e-06 -1.0592e-05 -1.1833e-05 -1.3117e-05 -1.4441e-05 -1.5805e-05 -1.7205e-05 -1.8639e-05 -2.0106e-05 -2.1603e-05 -2.3128e-05 -2.4677e-05 -2.6249e-05 -2.7841e-05 -2.9450e-05 -3.1073e-05 -3.2706e-05 -3.4346e-05 -3.5989e-05 -3.7633e-05 -3.9271e-05 -4.0901e-05 -4.2518e-05 -4.4116e-05 -4.5692e-05 -4.7240e-05 -4.8755e-05 -5.0231e-05 -5.1664e-05 -5.3046e-05 -5.4373e-05 -5.5639e-05 -5.6838e-05 -5.7963e-05 -5.9010e-05 -5.9972e-05 -6.0844e-05 -6.1620e-05 -6.2295e-05 -6.2864e-05 -6.3323e-05 -6.3667e-05 -6.3893e-05 -6.3997e-05 -6.3976e-05 -6.3828e-05 -6.3553e-05 -6.3148e-05 -6.2614e-05 -6.1951e-05 -6.1162e-05 -6.0248e-05 -5.9212e-05 -5.8058e-05 -5.6791e-05 -5.5417e-05 -5.3942e-05 -5.2372e-05 -5.0716e-05 -4.8983e-05 -4.7180e-05 -4.5317e-05 -4.3404e-05 -4.1452e-05 -3.9470e-05 -3.7470e-05 -3.5460e-05 -3.3452e-05 -3.1456e-05 -2.9482e-05 -2.7538e-05 -2.5634e-05 -2.3777e-05 -2.1976e-05 -2.0237e-05 -1.8565e-05 -1.6967e-05 -1.5445e-05 -1.4004e-05 -1.2646e-05 -1.1372e-05 -1.0183e-05 -9.0796e-06 -8.0598e-06 -7.1224e-06 -6.2652e-06 -5.4855e-06 -4.7800e-06 -4.1450e-06
-2.6993e-07 -7.6347e-07 -1.4026e-06 -2.1594e-06 -3.0178e-06 -3.9669e-06 -4.9987e-06 -6.1068e-06 6.8220e-05 -8.5325e-06 -9.8420e-06 -1.1211e-05 -1.2638e-05 -1.4118e-05 -1.5650e-05 -1.7230e-05 -1.8857e-05 -2.0527e-05 -2.2239e-05 -2.3989e-05 -2.5775e-05 -2.7594e-05 -2.9443e-05 -3.1319e-05 -3.3218e-05 -3.5138e-05 -3.7074e-05 -3.9022e-05 -4.0979e-05 -4.2940e-05 -4.4901e-05 -4.6856e-05 -4.8801e-05 -5.0730e-05 -5.2637e-05 -5.4518e-05 -5.6365e-05 -5.8172e-05 -5.9934e-05 -6.1643e-05 -6.3293e-05 -6.4877e-05 -6.6387e-05 -6.7818e-05 -6.9161e-05 -7.0410e-05 -7.1558e-05 -7.2599e-05 -7.3526e-05 -7.4332e-05 -7.5011e-05 -7.5559e-05 -7.5971e-05 -7.6240e-05 -7.6365e-05 -7.6341e-05 -7.6165e-05 -7.5837e-05 -7.5355e-05 -7.4718e-05 -7.3929e-05 -7.2987e-05 -7.1897e-05 -7.0662e-05 -6.9286e-05 -6.7775e-05 -6.6136e-05 -6.4376e-05 -6.2504e-05 -6.0529e-05 -5.8461e-05 -5.6310e-05 -5.4088e-05 -5.1806e-05 -4.9477e-05 -4.7113e-05 -4.4726e-05 -4.2328e-05 -3.9932e-05 -3.7551e-05 -3.5194e-05 -3.2875e-05 -3.0602e-05 -2.8387e-05 -2.6237e-05 -2.4161e-05 -2.2166e-05 -2.0258e-05 -1.8442e-05 -1.6722e-05 -1.5101e-05 -1.3581e-05 -1.2161e-05 -1.0844e-05 -9.6261e-06 -8.5069e-06 -7.4834e-06 -6.5524e-06 -5.7100e-06 -4.9517e-06 -2.6993e-07 -7.6347e-07 -1.4026e-06 -2.1594e-06 -3.0178e-06 -3.9669e-06 -4.9987e-06 -6.1068e-06 0.0000e+00 -8.5325e-06 -9.8420e-06 -1.1211e-05 -1.2638e-05 -1.4118e-05 -1.5650e-05 -1.7230e-05 -1.8857e-05 -2.0527e-05 -2.2239e-05 -2.3989e-05 -2.5775e-05 -2.7594e-05 -2.9443e-05 -3.1319e-05 -3.3218e-05 -3.5138e-05 -3.7074e-05 -3.9022e-05 -4.0979e-05 -4.2940e-05 -4.4901e-05 -4.6856e-05 -4.8800e-05 -5.0729e-05 -5.2636e-05 -5.4517e-05 -5.6364e-05 -5.8171e-05 -5.9933e-05 -6.1642e-05 -6.3291e-05 -6.4875e-05 -6.6385e-05 -6.7815e-05 -6.9158e-05 -7.0407e-05 -7.1555e-05 -7.2595e-05 -7.3521e-05 -7.4327e-05 -7.5006e-05 -7.5554e-05 -7.5964e-05 -7.6234e-05 -7.6358e-05 -7.6333e-05 -7.6157e-05 -7.5828e-05 -7.5345e-05 -7.4708e-05 -7.3918e-05 -7.2976e-05 -7.1885e-05 -7.0649e-05 -6.9273e-05 -6.7762e-05 -6.6122e-05 -6.4362e-05 -6.2489e-05 -6.0514e-05 -5.8445e-05 -5.6294e-05 -5.4072e-05 -5.1790e-05 -4.9461e-05 -4.7096e-05 -4.4709e-05 -4.2312e-05 -3.9916e-05 -3.7534e-05 -3.5178e-05 -3.2859e-05 -3.0587e-05 -2.8372e-05 -2.6223e-05 -2.4147e-05 -2.2153e-05 -2.0246e-05 -1.8430e-05 -1.6711e-05 -1.5090e-05 -1.3570e-05 -1.2152e-05 -1.0835e-05 -9.6179e-06 -8.4993e-06 -7.4765e-06 -6.5461e-06 -5.7042e-06 -4.9465e-06
-3.1610e-07 -8.9407e-07 -1.6425e-06 -2.5288e-06 -3.5340e-06 -4.6455e-06 -5.8537e-06 -7.1514e-06 -8.5325e-06 1.0398e-04 -1.1526e-05 -1.3129e-05 -1.4799e-05 -1.6533e-05 -1.8327e-05 -2.0178e-05 -2.2083e-05 -2.4039e-05 -2.6043e-05 -2.8093e-05 -3.0184e-05 -3.2314e-05 -3.4479e-05 -3.6676e-05 -3.8900e-05 -4.1148e-05 -4.3416e-05 -4.5697e-05 -4.7989e-05 -5.0286e-05 -5.2582e-05 -5.4871e-05 -5.7149e-05 -5.9408e-05 -6.1642e-05 -6.3844e-05 -6.6007e-05 -6.8124e-05 -7.0187e-05 -7.2189e-05 -7.4121e-05 -7.5976e-05 -7.7745e-05 -7.9421e-05 -8.0994e-05 -8.2457e-05 -8.3802e-05 -8.5021e-05 -8.6106e-05 -8.7051e-05 -8.7847e-05 -8.8489e-05 -8.8971e-05 -8.9288e-05 -8.9434e-05 -8.9406e-05 -8.9201e-05 -8.8817e-05 -8.8253e-05 -8.7508e-05 -8.6584e-05 -8.5482e-05 -8.4206e-05 -8.2760e-05 -8.1149e-05 -7.9381e-05 -7.7462e-05 -7.5401e-05 -7.3210e-05 -7.0897e-05 -6.8475e-05 -6.5957e-05 -6.3355e-05 -6.0683e-05 -5.7955e-05 -5.5187e-05 -5.2391e-05 -4.9583e-05 -4.6778e-05 -4.3989e-05 -4.1229e-05 -3.8513e-05 -3.5851e-05 -3.3256e-05 -3.0738e-05 -2.8307e-05 -2.5970e-05 -2.3735e-05 -2.1608e-05 -1.9593e-05 -1.7694e-05 -1.5913e-05 -1.4251e-05 -1.2707e-05 -1.1280e-05 -9.9690e-06 -8.7699e-06 -7.6791e-06 -6.6920e-06 -5.8035e-06 -3.1610e-07 -8.9407e-07 -1.6425e-06 -2.5288e-06 -3.5340e-06 -4.6455e-06 -5.8537e-06 -7.1514e-06 -8.5325e-06 0.0000e+00 -1.1526e-05 -1.3129e-05 -1.4799e-05 -1.6533e-05 -1.8327e-05 -2.0178e-05 -2.2083e-05 -2.4039e-05 -2.6043e-05 -2.8093e-05 -3.0184e-05 -3.2314e-05 -3.4479e-05 -3.6676e-05 -3.8900e-05 -4.1148e-05 -4.3415e-05 -4.5697e-05 -4.7989e-05 -5.0285e-05 -5.2581e-05 -5.4871e-05 -5.7148e-05 -5.9407e-05 -6.1640e-05 -6.3842e-05 -6.6005e-05 -6.8122e-05 -7.0185e-05 -7.2186e-05 -7.4118e-05 -7.5972e-05 -7.7741e-05 -7.9416e-05 -8.0989e-05 -8.2451e-05 -8.3796e-05 -8.5014e-05 -8.6098e-05 -8.7042e-05 -8.7838e-05 -8.8479e-05 -8.8960e-05 -8.9276e-05 -8.9421e-05 -8.9392e-05 -8.9186e-05 -8.8801e-05 -8.8236e-05 -8.7490e-05 -8.6565e-05 -8.5462e-05 -8.4185e-05 -8.2738e-05 -8.1126e-05 -7.9357e-05 -7.7437e-05 -7.5376e-05 -7.3183e-05 -7.0870e-05 -6.8447e-05 -6.5928e-05 -6.3326e-05 -6.0654e-05 -5.7926e-05 -5.5157e-05 -5.2362e-05 -4.9554e-05 -4.6749e-05 -4.3960e-05 -4.1201e-05 -3.8485e-05 -3.5824e-05 -3.3230e-05 -3.0713e-05 -2.8282e-05 -2.5947e-05 -2.3713e-05 -2.1587e-05 -1.9573e-05 -1.7675e-05 -1.5895e-05 -1.4233e-05 -1.2691e-05 -1.1266e-05 -9.9555e-06 -8.7575e-06 -7.6678e-06 -6.6817e-06 -5.7942e-06
-3.6462e-07 -1.0313e-06 -1.8946e-06 -2.9169e-06 -4.0764e-06 -5.3584e-06 -6.7521e-06 -8.2489e-06 -9.8420e-06 -1.1526e-05 1.5223e-04 -1.5144e-05 -1.7071e-05 -1.9070e-05 -2.1139e-05 -2.3274e-05 -2.5472e-05 -2.7728e-05 -3.0040e-05 -3.2404e-05 -3.4817e-05 -3.7274e-05 -3.9771e-05 -4.2305e-05 -4.4871e-05 -4.7464e-05 -5.0079e-05 -5.2711e-05 -5.5355e-05 -5.8004e-05 -6.0652e-05 -6.3294e-05 -6.5921e-05 -6.8527e-05 -7.1104e-05 -7.3644e-05 -7.6139e-05 -7.8581e-05 -8.0961e-05 -8.3271e-05 -8.5500e-05 -8.7640e-05 -8.9681e-05 -9.1614e-05 -9.3429e-05 -9.5117e-05 -9.6669e-05 -9.8076e-05 -9.9328e-05 -1.0042e-04 -1.0134e-04 -1.0208e-04 -1.0264e-04 -1.0300e-04 -1.0317e-04 -1.0314e-04 -1.0290e-04 -1.0246e-04 -1.0181e-04 -1.0095e-04 -9.9888e-05 -9.8618e-05 -9.7147e-05 -9.5480e-05 -9.3622e-05 -9.1583e-05 -8.9370e-05 -8.6994e-05 -8.4467e-05 -8.1800e-05 -7.9007e-05 -7.6102e-05 -7.3101e-05 -7.0020e-05 -6.6874e-05 -6.3680e-05 -6.0456e-05 -5.7217e-05 -5.3981e-05 -5.0763e-05 -4.7580e-05 -4.4446e-05 -4.1375e-05 -3.8381e-05 -3.5477e-05 -3.2671e-05 -2.9975e-05 -2.7397e-05 -2.4942e-05 -2.2617e-05 -2.0426e-05 -1.8370e-05 -1.6451e-05 -1.4670e-05 -1.3023e-05 -1.1510e-05 -1.0126e-05 -8.8667e-06 -7.7273e-06 -6.7016e-06 -3.6462e-07 -1.0313e-06 -1.8946e-06 -2.9169e-06 -4.0764e-06 -5.3584e-06 -6.7521e-06 -8.2489e-06 -9.8420e-06 -1.1526e-05 0.0000e+00 -1.5144e-05 -1.7071e-05 -1.9070e-05 -2.1139e-05 -2.3274e-05 -2.5472e-05 -2.7728e-05 -3.0040e-05 -3.2404e-05 -3.4817e-05 -3.7274e-05 -3.9771e-05 -4.2305e-05 -4.4870e-05 -4.7463e-05 -5.0078e-05 -5.2711e-05 -5.5354e-05 -5.8003e-05 -6.0651e-05 -6.3292e-05 -6.5919e-05 -6.8524e-05 -7.1101e-05 -7.3641e-05 -7.6136e-05 -7.8577e-05 -8.0957e-05 -8.3266e-05 -8.5494e-05 -8.7633e-05 -8.9673e-05 -9.1606e-05 -9.3420e-05 -9.5107e-05 -9.6658e-05 -9.8063e-05 -9.9315e-05 -1.0040e-04 -1.0132e-04 -1.0206e-04 -1.0262e-04 -1.0298e-04 -1.0315e-04 -1.0312e-04 -1.0288e-04 -1.0243e-04 -1.0178e-04 -1.0092e-04 -9.9856e-05 -9.8584e-05 -9.7111e-05 -9.5442e-05 -9.3583e-05 -9.1542e-05 -8.9328e-05 -8.6951e-05 -8.4422e-05 -8.1754e-05 -7.8960e-05 -7.6054e-05 -7.3053e-05 -6.9970e-05 -6.6824e-05 -6.3630e-05 -6.0406e-05 -5.7167e-05 -5.3931e-05 -5.0714e-05 -4.7532e-05 -4.4399e-05 -4.1329e-05 -3.8337e-05 -3.5433e-05 -3.2629e-05 -2.9935e-05 -2.7358e-05 -2.4905e-05 -2.2582e-05 -2.0393e-05 -1.8339e-05 -1.6423e-05 -1.4643e-05 -1.2998e-05 -1.1487e-05 -1.0105e-05 -8.8476e-06 -7.7099e-06 -6.6860e-06
-4.1535e-07 -1.1748e-06 -2.1582e-06 -3.3227e-06 -4.6436e-06 -6.1040e-06 -7.6916e-06 -9.3967e-06 -1.1211e-05 -1.3129e-05 -1.5144e-05 2.1561e-04 -1.9446e-05 -2.1724e-05 -2.4081e-05 -2.6513e-05 -2.9016e-05 -3.1586e-05 -3.4220e-05 -3.6913e-05 -3.9661e-05 -4.2460e-05 -4.5305e-05 -4.8192e-05 -5.1115e-05 -5.4068e-05 -5.7048e-05 -6.0046e-05 -6.3058e-05 -6.6075e-05 -6.9093e-05 -7.2101e-05 -7.5094e-05 -7.8063e-05 -8.0999e-05 -8.3893e-05 -8.6736e-05 -8.9518e-05 -9.2230e-05 -9.4860e-05 -9.7400e-05 -9.9838e-05 -1.0216e-04 -1.0437e-04 -1.0643e-04 -1.0836e-04 -1.1013e-04 -1.1173e-04 -1.1316e-04 -1.1440e-04 -1.1545e-04 -1.1629e-04 -1.1693e-04 -1.1735e-04 -1.1754e-04 -1.1751e-04 -1.1724e-04 -1.1674e-04 -1.1600e-04 -1.1502e-04 -1.1381e-04 -1.1236e-04 -1.1069e-04 -1.0879e-04 -1.0668e-04 -1.0435e-04 -1.0184e-04 -9.9130e-05 -9.6251e-05 -9.3214e-05 -9.0033e-05 -8.6725e-05 -8.3307e-05 -7.9797e-05 -7.6214e-05 -7.2576e-05 -6.8903e-05 -6.5213e-05 -6.1526e-05 -5.7861e-05 -5.4234e-05 -5.0663e-05 -4.7165e-05 -4.3754e-05 -4.0444e-05 -3.7247e-05 -3.4175e-05 -3.1236e-05 -2.8439e-05 -2.5789e-05 -2.3291e-05 -2.0948e-05 -1.8761e-05 -1.6730e-05 -1.4853e-05 -1.3128e-05 -1.1550e-05 -1.0114e-05 -8.8148e-06 -7.6452e-06 -4.1535e-07 -1.1748e-06 -2.1582e-06 -3.3227e-06 -4.6436e-06 -6.1040e-06 -7.6916e-06 -9.3967e-06 -1.1211e-05 -1.3129e-05 -1.5144e-05 0.0000e+00 -1.9446e-05 -2.1724e-05 -2.4081e-05 -2.6513e-05 -2.9016e-05 -3.1586e-05 -3.4220e-05 -3.6913e-05 -3.9661e-05 -4.2460e-05 -4.5305e-05 -4.8191e-05 -5.1114e-05 -5.4068e-05 -5.7047e-05 -6.0045e-05 -6.3056e-05 -6.6074e-05 -6.9090e-05 -7.2099e-05 -7.5091e-05 -7.8059e-05 -8.0995e-05 -8.3888e-05 -8.6730e-05 -8.9512e-05 -9.2222e-05 -9.4852e-05 -9.7391e-05 -9.9828e-05 -1.0215e-04 -1.0435e-04 -1.0642e-04 -1.0834e-04 -1.1011e-04 -1.1171e-04 -1.1314e-04 -1.1438e-04 -1.1542e-04 -1.1627e-04 -1.1690e-04 -1.1731e-04 -1.1751e-04 -1.1747e-04 -1.1720e-04 -1.1669e-04 -1.1595e-04 -1.1497e-04 -1.1376e-04 -1.1231e-04 -1.1063e-04 -1.0873e-04 -1.0661e-04 -1.0429e-04 -1.0177e-04 -9.9060e-05 -9.6179e-05 -9.3140e-05 -8.9957e-05 -8.6648e-05 -8.3229e-05 -7.9718e-05 -7.6134e-05 -7.2496e-05 -6.8822e-05 -6.5133e-05 -6.1447e-05 -5.7782e-05 -5.4157e-05 -5.0587e-05 -4.7091e-05 -4.3682e-05 -4.0374e-05 -3.7179e-05 -3.4110e-05 -3.1174e-05 -2.8379e-05 -2.5733e-05 -2.3238e-05 -2.0898e-05 -1.8714e-05 -1.6687e-05 -1.4813e-05 -1.3091e-05 -1.1516e-05 -1.0083e-05 -8.7868e-06 -7.6200e-06
-4.6819e-07 -1.3242e-06 -2.4328e-06 -3.7455e-06 -5.2344e-06 -6.8806e-06 -8.6701e-06 -1.0592e-05 -1.2638e-05 -1.4799e-05 -1.7071e-05 -1.9446e-05 2.9697e-04 -2.4488e-05 -2.7144e-05 -2.9886e-05 -3.2707e-05 -3.5605e-05 -3.8574e-05 -4.1609e-05 -4.4707e-05 -4.7862e-05 -5.1069e-05 -5.4323e-05 -5.7618e-05 -6.0947e-05 -6.4306e-05 -6.7686e-05 -7.1080e-05 -7.4482e-05 -7.7884e-05 -8.1275e-05 -8.4649e-05 -8.7996e-05 -9.1306e-05 -9.4568e-05 -9.7773e-05 -1.0091e-04 -1.0397e-04 -1.0693e-04 -1.0980e-04 -1.1255e-04 -1.1517e-04 -1.1765e-04 -1.1998e-04 -1.2215e-04 -1.2415e-04 -1.2596e-04 -1.2757e-04 -1.2897e-04 -1.3015e-04 -1.3111e-04 -1.3182e-04 -1.3230e-04 -1.3252e-04 -1.3248e-04 -1.3218e-04 -1.3162e-04 -1.3078e-04 -1.2969e-04 -1.2832e-04 -1.2669e-04 -1.2481e-04 -1.2267e-04 -1.2029e-04 -1.1767e-04 -1.1483e-04 -1.1179e-04 -1.0854e-04 -1.0512e-04 -1.0154e-04 -9.7807e-05 -9.3955e-05 -8.9999e-05 -8.5960e-05 -8.1860e-05 -7.7719e-05 -7.3560e-05 -6.9404e-05 -6.5272e-05 -6.1183e-05 -5.7157e-05 -5.3212e-05 -4.9366e-05 -4.5633e-05 -4.2028e-05 -3.8563e-05 -3.5249e-05 -3.2094e-05 -2.9105e-05 -2.6288e-05 -2.3644e-05 -2.1177e-05 -1.8886e-05 -1.6768e-05 -1.4821e-05 -1.3041e-05 -1.1420e-05 -9.9540e-06 -8.6340e-06 -4.6819e-07 -1.3242e-06 -2.4328e-06 -3.7455e-06 -5.2344e-06 -6.8806e-06 -8.6701e-06 -1.0592e-05 -1.2638e-05 -1.4799e-05 -1.7071e-05 -1.9446e-05 0.0000e+00 -2.4487e-05 -2.7144e-05 -2.9886e-05 -3.2707e-05 -3.5605e-05 -3.8573e-05 -4.1609e-05 -4.4707e-05 -4.7861e-05 -5.1068e-05 -5.4322e-05 -5.7617e-05 -6.0946e-05 -6.4304e-05 -6.7684e-05 -7.1078e-05 -7.4480e-05 -7.7880e-05 -8.1272e-05 -8.4645e-05 -8.7991e-05 -9.1299e-05 -9.4561e-05 -9.7765e-05 -1.0090e-04 -1.0396e-04 -1.0692e-04 -1.0978e-04 -1.1253e-04 -1.1515e-04 -1.1763e-04 -1.1996e-04 -1.2213e-04 -1.2412e-04 -1.2593e-04 -1.2753e-04 -1.2893e-04 -1.3011e-04 -1.3106e-04 -1.3178e-04 -1.3225e-04 -1.3246e-04 -1.3242e-04 -1.3212e-04 -1.3155e-04 -1.3071e-04 -1.2961e-04 -1.2824e-04 -1.2661e-04 -1.2472e-04 -1.2258e-04 -1.2019e-04 -1.1757e-04 -1.1473e-04 -1.1168e-04 -1.0843e-04 -1.0500e-04 -1.0142e-04 -9.7687e-05 -9.3833e-05 -8.9876e-05 -8.5836e-05 -8.1735e-05 -7.7595e-05 -7.3436e-05 -6.9281e-05 -6.5150e-05 -6.1063e-05 -5.7039e-05 -5.3097e-05 -4.9254e-05 -4.5525e-05 -4.1924e-05 -3.8463e-05 -3.5153e-05 -3.2002e-05 -2.9018e-05 -2.6205e-05 -2.3567e-05 -2.1105e-05 -1.8819e-05 -1.6706e-05 -1.4764e-05 -1.2988e-05 -1.1372e-05 -9.9106e-06 -8.5947e-06
-5.2303e-07 -1.4793e-06 -2.7177e-06 -4.1842e-06 -5.8475e-06 -7.6865e-06 -9.6857e-06 -1.1833e-05 -1.4118e-05 -1.6533e-05 -1.9070e-05 -2.1724e-05 -2.4488e-05 3.9944e-04 -3.0324e-05 -3.3386e-05 -3.6538e-05 -3.9775e-05 -4.3092e-05 -4.6483e-05 -4.9944e-05 -5.3469e-05 -5.7051e-05 -6.0686e-05 -6.4367e-05 -6.8087e-05 -7.1839e-05 -7.5615e-05 -7.9408e-05 -8.3209e-05 -8.7008e-05 -9.0798e-05 -9.4567e-05 -9.8306e-05 -1.0200e-04 -1.0565e-04 -1.0923e-04 -1.1274e-04 -1.1615e-04 -1.1947e-04 -1.2267e-04 -1.2574e-04 -1.2867e-04 -1.3144e-04 -1.3405e-04 -1.3648e-04 -1.3871e-04 -1.4073e-04 -1.4253e-04 -1.4410e-04 -1.4542e-04 -1.4649e-04 -1.4729e-04 -1.4782e-04 -1.4807e-04 -1.4803e-04 -1.4770e-04 -1.4707e-04 -1.4615e-04 -1.4492e-04 -1.4340e-04 -1.4158e-04 -1.3948e-04 -1.3709e-04 -1.3443e-04 -1.3151e-04 -1.2835e-04 -1.2494e-04 -1.2132e-04 -1.1750e-04 -1.1350e-04 -1.0933e-04 -1.0503e-04 -1.0061e-04 -9.6101e-05 -9.1521e-05 -8.6895e-05 -8.2249e-05 -7.7605e-05 -7.2988e-05 -6.8419e-05 -6.3920e-05 -5.9512e-05 -5.5213e-05 -5.1041e-05 -4.7012e-05 -4.3139e-05 -3.9434e-05 -3.5906e-05 -3.2565e-05 -2.9414e-05 -2.6459e-05 -2.3699e-05 -2.1137e-05 -1.8768e-05 -1.6590e-05 -1.4598e-05 -1.2786e-05 -1.1145e-05 -9.6681e-06 -5.2303e-07 -1.4793e-06 -2.7177e-06 -4.1842e-06 -5.8475e-06 -7.6865e-06 -9.6857e-06 -1.1833e-05 -1.4118e-05 -1.6533e-05 -1.9070e-05 -2.1724e-05 -2.4487e-05 0.0000e+00 -3.0324e-05 -3.3386e-05 -3.6538e-05 -3.9775e-05 -4.3092e-05 -4.6483e-05 -4.9943e-05 -5.3468e-05 -5.7050e-05 -6.0685e-05 -6.4366e-05 -6.8085e-05 -7.1837e-05 -7.5612e-05 -7.9404e-05 -8.3204e-05 -8.7003e-05 -9.0792e-05 -9.4561e-05 -9.8298e-05 -1.0199e-04 -1.0564e-04 -1.0922e-04 -1.1272e-04 -1.1614e-04 -1.1945e-04 -1.2264e-04 -1.2571e-04 -1.2864e-04 -1.3141e-04 -1.3402e-04 -1.3644e-04 -1.3867e-04 -1.4068e-04 -1.4248e-04 -1.4404e-04 -1.4536e-04 -1.4642e-04 -1.4722e-04 -1.4775e-04 -1.4799e-04 -1.4794e-04 -1.4761e-04 -1.4697e-04 -1.4604e-04 -1.4481e-04 -1.4328e-04 -1.4145e-04 -1.3934e-04 -1.3695e-04 -1.3429e-04 -1.3136e-04 -1.2819e-04 -1.2478e-04 -1.2115e-04 -1.1733e-04 -1.1332e-04 -1.0915e-04 -1.0485e-04 -1.0043e-04 -9.5915e-05 -9.1333e-05 -8.6708e-05 -8.2062e-05 -7.7420e-05 -7.2804e-05 -6.8238e-05 -6.3743e-05 -5.9339e-05 -5.5045e-05 -5.0878e-05 -4.6855e-05 -4.2988e-05 -3.9289e-05 -3.5769e-05 -3.2434e-05 -2.9291e-05 -2.6343e-05 -2.3591e-05 -2.1036e-05 -1.8675e-05 -1.6504e-05 -1.4520e-05 -1.2714e-05 -1.1080e-05 -9.6091e-06
-5.7977e-07 -1.6398e-06 -3.0126e-06 -4.6381e-06 -6.4819e-06 -8.5204e-06 -1.0737e-05 -1.3117e-05 -1.5650e-05 -1.8327e-05 -2.1139e-05 -2.4081e-05 -2.7144e-05 -3.0324e-05 5.2639e-04 -3.7009e-05 -4.0503e-05 -4.4091e-05 -4.7767e-05 -5.1527e-05 -5.5363e-05 -5.9270e-05 -6.3242e-05 -6.7271e-05 -7.1351e-05 -7.5475e-05 -7.9634e-05 -8.3820e-05 -8.8025e-05 -9.2238e-05 -9.6451e-05 -1.0065e-04 -1.0483e-04 -1.0898e-04 -1.1308e-04 -1.1712e-04 -1.2109e-04 -1.2497e-04 -1.2876e-04 -1.3244e-04 -1.3599e-04 -1.3939e-04 -1.4264e-04 -1.4572e-04 -1.4861e-04 -1.5130e-04 -1.5378e-04 -1.5602e-04 -1.5802e-04 -1.5976e-04 -1.6123e-04 -1.6242e-04 -1.6331e-04 -1.6390e-04 -1.6418e-04 -1.6414e-04 -1.6378e-04 -1.6308e-04 -1.6206e-04 -1.6071e-04 -1.5902e-04 -1.5701e-04 -1.5468e-04 -1.5204e-04 -1.4910e-04 -1.4586e-04 -1.4235e-04 -1.3858e-04 -1.3457e-04 -1.3034e-04 -1.2590e-04 -1.2129e-04 -1.1652e-04 -1.1163e-04 -1.0663e-04 -1.0155e-04 -9.6422e-05 -9.1271e-05 -8.6123e-05 -8.1003e-05 -7.5937e-05 -7.0949e-05 -6.6060e-05 -6.1293e-05 -5.6665e-05 -5.2196e-05 -4.7899e-05 -4.3789e-05 -3.9875e-05 -3.6167e-05 -3.2671e-05 -2.9391e-05 -2.6328e-05 -2.3483e-05 -2.0854e-05 -1.8436e-05 -1.6224e-05 -1.4211e-05 -1.2389e-05 -1.0748e-05 -5.7977e-07 -1.6398e-06 -3.0126e-06 -4.6381e-06 -6.4819e-06 -8.5204e-06 -1.0737e-05 -1.3117e-05 -1.5650e-05 -1.8327e-05 -2.1139e-05 -2.4081e-05 -2.7144e-05 -3.0324e-05 0.0000e+00 -3.7008e-05 -4.0502e-05 -4.4090e-05 -4.7767e-05 -5.1526e-05 -5.5362e-05 -5.9269e-05 -6.3240e-05 -6.7269e-05 -7.1349e-05 -7.5472e-05 -7.9631e-05 -8.3816e-05 -8.8020e-05 -9.2232e-05 -9.6444e-05 -1.0064e-04 -1.0482e-04 -1.0896e-04 -1.1306e-04 -1.1710e-04 -1.2107e-04 -1.2495e-04 -1.2874e-04 -1.3241e-04 -1.3595e-04 -1.3936e-04 -1.4260e-04 -1.4568e-04 -1.4856e-04 -1.5125e-04 -1.5372e-04 -1.5595e-04 -1.5795e-04 -1.5968e-04 -1.6114e-04 -1.6232e-04 -1.6321e-04 -1.6379e-04 -1.6406e-04 -1.6401e-04 -1.6364e-04 -1.6293e-04 -1.6190e-04 -1.6054e-04 -1.5884e-04 -1.5682e-04 -1.5449e-04 -1.5184e-04 -1.4888e-04 -1.4564e-04 -1.4212e-04 -1.3835e-04 -1.3433e-04 -1.3009e-04 -1.2565e-04 -1.2103e-04 -1.1626e-04 -1.1136e-04 -1.0635e-04 -1.0128e-04 -9.6148e-05 -9.0998e-05 -8.5852e-05 -8.0736e-05 -7.5673e-05 -7.0690e-05 -6.5807e-05 -6.1046e-05 -5.6427e-05 -5.1966e-05 -4.7678e-05 -4.3577e-05 -3.9674e-05 -3.5976e-05 -3.2490e-05 -2.9221e-05 -2.6170e-05 -2.3336e-05 -2.0717e-05 -1.8310e-05 -1.6109e-05 -1.4106e-05 -1.2293e-05 -1.0662e-05
-6.3832e-07 -1.8055e-06 -3.3168e-06 -5.1065e-06 -7.1365e-06 -9.3809e-06 -1.1821e-05 -1.4441e-05 -1.7230e-05 -2.0178e-05 -2.3274e-05 -2.6513e-05 -2.9886e-05 -3.3386e-05 -3.7009e-05 6.8142e-04 -4.4593e-05 -4.8544e-05 -5.2592e-05 -5.6731e-05 -6.0954e-05 -6.5256e-05 -6.9629e-05 -7.4066e-05 -7.8558e-05 -8.3099e-05 -8.7678e-05 -9.2287e-05 -9.6917e-05 -1.0156e-04 -1.0619e-04 -1.1082e-04 -1.1542e-04 -1.1999e-04 -1.2450e-04 -1.2895e-04 -1.3333e-04 -1.3761e-04 -1.4178e-04 -1.4583e-04 -1.4973e-04 -1.5349e-04 -1.5707e-04 -1.6046e-04 -1.6365e-04 -1.6661e-04 -1.6934e-04 -1.7181e-04 -1.7401e-04 -1.7593e-04 -1.7756e-04 -1.7887e-04 -1.7985e-04 -1.8051e-04 -1.8082e-04 -1.8078e-04 -1.8038e-04 -1.7963e-04 -1.7850e-04 -1.7702e-04 -1.7517e-04 -1.7296e-04 -1.7040e-04 -1.6750e-04 -1.6426e-04 -1.6070e-04 -1.5684e-04 -1.5270e-04 -1.4828e-04 -1.4363e-04 -1.3874e-04 -1.3367e-04 -1.2842e-04 -1.2303e-04 -1.1753e-04 -1.1194e-04 -1.0629e-04 -1.0062e-04 -9.4952e-05 -8.9314e-05 -8.3735e-05 -7.8240e-05 -7.2855e-05 -6.7602e-05 -6.2504e-05 -5.7579e-05 -5.2844e-05 -4.8314e-05 -4.4000e-05 -3.9913e-05 -3.6058e-05 -3.2441e-05 -2.9064e-05 -2.5927e-05 -2.3026e-05 -2.0359e-05 -1.7919e-05 -1.5698e-05 -1.3687e-05 -1.1876e-05 -6.3832e-07 -1.8055e-06 -3.3168e-06 -5.1065e-06 -7.1365e-06 -9.3809e-06 -1.1821e-05 -1.4441e-05 -1.7230e-05 -2.0178e-05 -2.3274e-05 -2.6513e-05 -2.9886e-05 -3.3386e-05 -3.7008e-05 0.0000e+00 -4.4593e-05 -4.8543e-05 -5.2591e-05 -5.6730e-05 -6.0953e-05 -6.5255e-05 -6.9627e-05 -7.4063e-05 -7.8555e-05 -8.3095e-05 -8.7673e-05 -9.2282e-05 -9.6910e-05 -1.0155e-04 -1.0618e-04 -1.1081e-04 -1.1541e-04 -1.1997e-04 -1.2448e-04 -1.2893e-04 -1.3330e-04 -1.3758e-04 -1.4174e-04 -1.4579e-04 -1.4969e-04 -1.5344e-04 -1.5701e-04 -1.6040e-04 -1.6358e-04 -1.6653e-04 -1.6925e-04 -1.7171e-04 -1.7391e-04 -1.7582e-04 -1.7743e-04 -1.7873e-04 -1.7971e-04 -1.8035e-04 -1.8065e-04 -1.8059e-04 -1.8018e-04 -1.7941e-04 -1.7828e-04 -1.7678e-04 -1.7491e-04 -1.7269e-04 -1.7012e-04 -1.6720e-04 -1.6395e-04 -1.6039e-04 -1.5651e-04 -1.5236e-04 -1.4793e-04 -1.4326e-04 -1.3838e-04 -1.3329e-04 -1.2804e-04 -1.2265e-04 -1.1714e-04 -1.1155e-04 -1.0590e-04 -1.0023e-04 -9.4566e-05 -8.8933e-05 -8.3359e-05 -7.7871e-05 -7.2494e-05 -6.7252e-05 -6.2164e-05 -5.7251e-05 -5.2529e-05 -4.8012e-05 -4.3713e-05 -3.9640e-05 -3.5801e-05 -3.2200e-05 -2.8838e-05 -2.5716e-05 -2.2832e-05 -2.0180e-05 -1.7754e-05 -1.5548e-05 -1.3550e-05 -1.1753e-05
