1.3725e-08 -2.8284e-08 -5.1961e-08 -8.0000e-08 -1.1180e-07 -1.4697e-07 -1.8520e-07 -2.2626e-07 -2.6998e-07 -3.1620e-07 -3.6478e-07 -4.1561e-07 -4.6859e-07 -5.2363e-07 -5.8065e-07 -6.3958e-07 -7.0034e-07 -7.6287e-07 -8.2711e-07 -8.9300e-07 -9.6047e-07 -1.0295e-06 -1.1000e-06 -1.1719e-06 -1.2451e-06 -1.3197e-06 -1.3955e-06 -1.4725e-06 -1.5507e-06 -1.6299e-06 -1.7101e-06 -1.7913e-06 -1.8734e-06 -1.9562e-06 -2.0398e-06 -2.1240e-06 -2.2088e-06 -2.2941e-06 -2.3799e-06 -2.4659e-06 -2.5521e-06 -2.6385e-06 -2.7249e-06 -2.8113e-06 -2.8974e-06 -2.9833e-06 -3.0687e-06 -3.1536e-06 -3.2379e-06 -3.3213e-06 -3.4039e-06 -3.4854e-06 -3.5657e-06 -3.6447e-06 -3.7222e-06 -3.7981e-06 -3.8723e-06 -3.9445e-06 -4.0147e-06 -4.0827e-06 -4.1482e-06 -4.2113e-06 -4.2717e-06 -4.3292e-06 -4.3837e-06 -4.4352e-06 -4.4833e-06 -4.5280e-06 -4.5691e-06 -4.6065e-06 -4.6401e-06 -4.6697e-06 -4.6952e-06 -4.7165e-06 -4.7335e-06 -4.7460e-06 -4.7541e-06 -4.7576e-06 -4.7564e-06 -4.7506e-06 -4.7400e-06 -4.7246e-06 -4.7044e-06 -4.6795e-06 -4.6497e-06 -4.6151e-06 -4.5759e-06 -4.5319e-06 -4.4833e-06 -4.4302e-06 -4.3727e-06 -4.3108e-06 -4.2447e-06 -4.1746e-06 -4.1006e-06 -4.0229e-06 -3.9417e-06 -3.8571e-06 -3.7694e-06 -3.6788e-06 0.0000e+00 -2.8284e-08 -5.1961e-08 -8.0000e-08 -1.1180e-07 -1.4697e-07 -1.8520e-07 -2.2626e-07 -2.6998e-07 -3.1620e-07 -3.6478e-07 -4.1561e-07 -4.6859e-07 -5.2363e-07 -5.8065e-07 -6.3958e-07 -7.0034e-07 -7.6287e-07 -8.2711e-07 -8.9300e-07 -9.6047e-07 -1.0295e-06 -1.1000e-06 -1.1719e-06 -1.2451e-06 -1.3197e-06 -1.3955e-06 -1.4725e-06 -1.5507e-06 -1.6299e-06 -1.7101e-06 -1.7913e-06 -1.8734e-06 -1.9562e-06 -2.0398e-06 -2.1240e-06 -2.2088e-06 -2.2941e-06 -2.3799e-06 -2.4659e-06 -2.5521e-06 -2.6385e-06 -2.7249e-06 -2.8113e-06 -2.8974e-06 -2.9833e-06 -3.0687e-06 -3.1536e-06 -3.2379e-06 -3.3213e-06 -3.4039e-06 -3.4854e-06 -3.5657e-06 -3.6447e-06 -3.7222e-06 -3.7981e-06 -3.8723e-06 -3.9445e-06 -4.0147e-06 -4.0827e-06 -4.1482e-06 -4.2113e-06 -4.2717e-06 -4.3292e-06 -4.3837e-06 -4.4352e-06 -4.4833e-06 -4.5280e-06 -4.5691e-06 -4.6065e-06 -4.6401e-06 -4.6697e-06 -4.6952e-06 -4.7165e-06 -4.7335e-06 -4.7460e-06 -4.7541e-06 -4.7576e-06 -4.7564e-06 -4.7506e-06 -4.7400e-06 -4.7246e-06 -4.7044e-06 -4.6795e-06 -4.6497e-06 -4.6151e-06 -4.5759e-06 -4.5319e-06 -4.4833e-06 -4.4302e-06 -4.3727e-06 -4.3108e-06 -4.2447e-06 -4.1746e-06 -4.1006e-06 -4.0229e-06 -3.9417e-06 -3.8571e-06 -3.7694e-06 -3.6788e-06
-2.8284e-08 1.6629e-07 -1.4697e-07 -2.2627e-07 -3.1623e-07 -4.1569e-07 -5.2382e-07 -6.3997e-07 -7.6363e-07 -8.9434e-07 -1.0317e-06 -1.1755e-06 -1.3254e-06 -1.4811e-06 -1.6423e-06 -1.8090e-06 -1.9809e-06 -2.1577e-06 -2.3394e-06 -2.5258e-06 -2.7166e-06 -2.9118e-06 -3.1112e-06 -3.3145e-06 -3.5217e-06 -3.7327e-06 -3.9471e-06 -4.1650e-06 -4.3860e-06 -4.6101e-06 -4.8370e-06 -5.0666e-06 -5.2987e-06 -5.5330e-06 -5.7694e-06 -6.0076e-06 -6.2475e-06 -6.4888e-06 -6.7312e-06 -6.9746e-06 -7.2185e-06 -7.4629e-06 -7.7073e-06 -7.9514e-06 -8.1951e-06 -8.4379e-06 -8.6796e-06 -8.9197e-06 -9.1580e-06 -9.3941e-06 -9.6276e-06 -9.8582e-06 -1.0085e-05 -1.0309e-05 -1.0528e-05 -1.0743e-05 -1.0952e-05 -1.1157e-05 -1.1355e-05 -1.1547e-05 -1.1733e-05 -1.1911e-05 -1.2082e-05 -1.2245e-05 -1.2399e-05 -1.2545e-05 -1.2681e-05 -1.2807e-05 -1.2923e-05 -1.3029e-05 -1.3124e-05 -1.3208e-05 -1.3280e-05 -1.3340e-05 -1.3388e-05 -1.3424e-05 -1.3447e-05 -1.3457e-05 -1.3453e-05 -1.3437e-05 -1.3407e-05 -1.3363e-05 -1.3306e-05 -1.3236e-05 -1.3151e-05 -1.3054e-05 -1.2942e-05 -1.2818e-05 -1.2681e-05 -1.2530e-05 -1.2368e-05 -1.2193e-05 -1.2006e-05 -1.1808e-05 -1.1598e-05 -1.1379e-05 -1.1149e-05 -1.0909e-05 -1.0661e-05 -1.0405e-05 -2.8284e-08 0.0000e+00 -1.4697e-07 -2.2627e-07 -3.1623e-07 -4.1569e-07 -5.2382e-07 -6.3997e-07 -7.6363e-07 -8.9434e-07 -1.0317e-06 -1.1755e-06 -1.3254e-06 -1.4811e-06 -1.6423e-06 -1.8090e-06 -1.9809e-06 -2.1577e-06 -2.3394e-06 -2.5258e-06 -2.7166e-06 -2.9118e-06 -3.1112e-06 -3.3145e-06 -3.5217e-06 -3.7327e-06 -3.9471e-06 -4.1650e-06 -4.3860e-06 -4.6101e-06 -4.8370e-06 -5.0666e-06 -5.2987e-06 -5.5330e-06 -5.7694e-06 -6.0076e-06 -6.2475e-06 -6.4888e-06 -6.7312e-06 -6.9746e-06 -7.2185e-06 -7.4629e-06 -7.7073e-06 -7.9514e-06 -8.1951e-06 -8.4379e-06 -8.6796e-06 -8.9197e-06 -9.1580e-06 -9.3941e-06 -9.6276e-06 -9.8582e-06 -1.0085e-05 -1.0309e-05 -1.0528e-05 -1.0743e-05 -1.0952e-05 -1.1157e-05 -1.1355e-05 -1.1547e-05 -1.1733e-05 -1.1911e-05 -1.2082e-05 -1.2245e-05 -1.2399e-05 -1.2545e-05 -1.2681e-05 -1.2807e-05 -1.2923e-05 -1.3029e-05 -1.3124e-05 -1.3208e-05 -1.3280e-05 -1.3340e-05 -1.3388e-05 -1.3424e-05 -1.3447e-05 -1.3457e-05 -1.3453e-05 -1.3437e-05 -1.3407e-05 -1.3363e-05 -1.3306e-05 -1.3236e-05 -1.3151e-05 -1.3054e-05 -1.2942e-05 -1.2818e-05 -1.2681e-05 -1.2530e-05 -1.2368e-05 -1.2193e-05 -1.2006e-05 -1.1808e-05 -1.1598e-05 -1.1379e-05 -1.1149e-05 -1.0909e-05 -1.0661e-05 -1.0405e-05
-5.1961e-08 -1.4697e-07 8.4225e-07 -4.1569e-07 -5.8094e-07 -7.6366e-07 -9.6232e-07 -1.1757e-06 -1.4029e-06 -1.6430e-06 -1.8954e-06 -2.1596e-06 -2.4349e-06 -2.7209e-06 -3.0172e-06 -3.3234e-06 -3.6391e-06 -3.9640e-06 -4.2978e-06 -4.6401e-06 -4.9908e-06 -5.3493e-06 -5.7155e-06 -6.0892e-06 -6.4699e-06 -6.8574e-06 -7.2514e-06 -7.6515e-06 -8.0576e-06 -8.4693e-06 -8.8861e-06 -9.3079e-06 -9.7342e-06 -1.0165e-05 -1.0599e-05 -1.1037e-05 -1.1477e-05 -1.1921e-05 -1.2366e-05 -1.2813e-05 -1.3261e-05 -1.3710e-05 -1.4159e-05 -1.4608e-05 -1.5055e-05 -1.5501e-05 -1.5945e-05 -1.6387e-05 -1.6824e-05 -1.7258e-05 -1.7687e-05 -1.8111e-05 -1.8528e-05 -1.8938e-05 -1.9341e-05 -1.9736e-05 -2.0121e-05 -2.0496e-05 -2.0861e-05 -2.1214e-05 -2.1555e-05 -2.1882e-05 -2.2196e-05 -2.2495e-05 -2.2779e-05 -2.3046e-05 -2.3296e-05 -2.3528e-05 -2.3742e-05 -2.3936e-05 -2.4111e-05 -2.4264e-05 -2.4397e-05 -2.4508e-05 -2.4596e-05 -2.4661e-05 -2.4703e-05 -2.4721e-05 -2.4715e-05 -2.4685e-05 -2.4630e-05 -2.4550e-05 -2.4445e-05 -2.4315e-05 -2.4160e-05 -2.3981e-05 -2.3777e-05 -2.3548e-05 -2.3296e-05 -2.3020e-05 -2.2721e-05 -2.2399e-05 -2.2056e-05 -2.1692e-05 -2.1307e-05 -2.0904e-05 -2.0482e-05 -2.0042e-05 -1.9586e-05 -1.9116e-05 -5.1961e-08 -1.4697e-07 0.0000e+00 -4.1569e-07 -5.8094e-07 -7.6366e-07 -9.6232e-07 -1.1757e-06 -1.4029e-06 -1.6430e-06 -1.8954e-06 -2.1596e-06 -2.4349e-06 -2.7209e-06 -3.0172e-06 -3.3234e-06 -3.6391e-06 -3.9640e-06 -4.2978e-06 -4.6401e-06 -4.9908e-06 -5.3493e-06 -5.7155e-06 -6.0892e-06 -6.4699e-06 -6.8574e-06 -7.2514e-06 -7.6515e-06 -8.0576e-06 -8.4693e-06 -8.8861e-06 -9.3079e-06 -9.7342e-06 -1.0165e-05 -1.0599e-05 -1.1037e-05 -1.1477e-05 -1.1921e-05 -1.2366e-05 -1.2813e-05 -1.3261e-05 -1.3710e-05 -1.4159e-05 -1.4608e-05 -1.5055e-05 -1.5501e-05 -1.5945e-05 -1.6387e-05 -1.6824e-05 -1.7258e-05 -1.7687e-05 -1.8111e-05 -1.8528e-05 -1.8938e-05 -1.9341e-05 -1.9736e-05 -2.0121e-05 -2.0496e-05 -2.0861e-05 -2.1214e-05 -2.1555e-05 -2.1882e-05 -2.2196e-05 -2.2495e-05 -2.2779e-05 -2.3046e-05 -2.3296e-05 -2.3528e-05 -2.3742e-05 -2.3936e-05 -2.4111e-05 -2.4264e-05 -2.4397e-05 -2.4508e-05 -2.4596e-05 -2.4661e-05 -2.4703e-05 -2.4721e-05 -2.4715e-05 -2.4685e-05 -2.4630e-05 -2.4550e-05 -2.4445e-05 -2.4315e-05 -2.4160e-05 -2.3981e-05 -2.3777e-05 -2.3548e-05 -2.3296e-05 -2.3020e-05 -2.2721e-05 -2.2399e-05 -2.2056e-05 -2.1692e-05 -2.1307e-05 -2.0904e-05 -2.0481e-05 -2.0042e-05 -1.9586e-05 -1.9116e-05
-8.0000e-08 -2.2627e-07 -4.1569e-07 2.6619e-06 -8.9442e-07 -1.1757e-06 -1.4816e-06 -1.8101e-06 -2.1599e-06 -2.5296e-06 -2.9182e-06 -3.3248e-06 -3.7487e-06 -4.1890e-06 -4.6452e-06 -5.1166e-06 -5.6027e-06 -6.1030e-06 -6.6169e-06 -7.1440e-06 -7.6837e-06 -8.2358e-06 -8.7996e-06 -9.3749e-06 -9.9610e-06 -1.0558e-05 -1.1164e-05 -1.1780e-05 -1.2405e-05 -1.3039e-05 -1.3681e-05 -1.4330e-05 -1.4987e-05 -1.5650e-05 -1.6318e-05 -1.6992e-05 -1.7671e-05 -1.8353e-05 -1.9039e-05 -1.9727e-05 -2.0417e-05 -2.1108e-05 -2.1799e-05 -2.2490e-05 -2.3179e-05 -2.3866e-05 -2.4550e-05 -2.5229e-05 -2.5903e-05 -2.6571e-05 -2.7231e-05 -2.7883e-05 -2.8526e-05 -2.9158e-05 -2.9778e-05 -3.0385e-05 -3.0978e-05 -3.1556e-05 -3.2118e-05 -3.2661e-05 -3.3186e-05 -3.3690e-05 -3.4173e-05 -3.4634e-05 -3.5070e-05 -3.5481e-05 -3.5866e-05 -3.6224e-05 -3.6553e-05 -3.6852e-05 -3.7121e-05 -3.7357e-05 -3.7561e-05 -3.7732e-05 -3.7868e-05 -3.7968e-05 -3.8033e-05 -3.8061e-05 -3.8052e-05 -3.8005e-05 -3.7920e-05 -3.7797e-05 -3.7636e-05 -3.7436e-05 -3.7197e-05 -3.6921e-05 -3.6607e-05 -3.6255e-05 -3.5866e-05 -3.5442e-05 -3.4981e-05 -3.4486e-05 -3.3958e-05 -3.3397e-05 -3.2805e-05 -3.2183e-05 -3.1533e-05 -3.0857e-05 -3.0155e-05 -2.9430e-05 -8.0000e-08 -2.2627e-07 -4.1569e-07 0.0000e+00 -8.9442e-07 -1.1757e-06 -1.4816e-06 -1.8101e-06 -2.1599e-06 -2.5296e-06 -2.9182e-06 -3.3248e-06 -3.7487e-06 -4.1890e-06 -4.6452e-06 -5.1166e-06 -5.6027e-06 -6.1030e-06 -6.6169e-06 -7.1440e-06 -7.6837e-06 -8.2358e-06 -8.7996e-06 -9.3749e-06 -9.9610e-06 -1.0558e-05 -1.1164e-05 -1.1780e-05 -1.2405e-05 -1.3039e-05 -1.3681e-05 -1.4330e-05 -1.4987e-05 -1.5650e-05 -1.6318e-05 -1.6992e-05 -1.7671e-05 -1.8353e-05 -1.9039e-05 -1.9727e-05 -2.0417e-05 -2.1108e-05 -2.1799e-05 -2.2490e-05 -2.3179e-05 -2.3866e-05 -2.4550e-05 -2.5229e-05 -2.5903e-05 -2.6571e-05 -2.7231e-05 -2.7883e-05 -2.8526e-05 -2.9158e-05 -2.9778e-05 -3.0385e-05 -3.0978e-05 -3.1556e-05 -3.2118e-05 -3.2661e-05 -3.3186e-05 -3.3690e-05 -3.4173e-05 -3.4634e-05 -3.5070e-05 -3.5481e-05 -3.5866e-05 -3.6224e-05 -3.6553e-05 -3.6852e-05 -3.7121e-05 -3.7357e-05 -3.7561e-05 -3.7732e-05 -3.7868e-05 -3.7968e-05 -3.8033e-05 -3.8061e-05 -3.8051e-05 -3.8005e-05 -3.7920e-05 -3.7797e-05 -3.7635e-05 -3.7436e-05 -3.7197e-05 -3.6921e-05 -3.6607e-05 -3.6255e-05 -3.5866e-05 -3.5442e-05 -3.4981e-05 -3.4486e-05 -3.3958e-05 -3.3397e-05 -3.2805e-05 -3.2183e-05 -3.1533e-05 -3.0857e-05 -3.0155e-05 -2.9430e-05
-1.1180e-07 -3.1623e-07 -5.8094e-07 -8.9442e-07 6.4987e-06 -1.6431e-06 -2.0706e-06 -2.5297e-06 -3.0185e-06 -3.5352e-06 -4.0783e-06 -4.6466e-06 -5.2389e-06 -5.8543e-06 -6.4919e-06 -7.1507e-06 -7.8300e-06 -8.5291e-06 -9.2473e-06 -9.9840e-06 -1.0738e-05 -1.1510e-05 -1.2298e-05 -1.3102e-05 -1.3921e-05 -1.4755e-05 -1.5602e-05 -1.6463e-05 -1.7337e-05 -1.8223e-05 -1.9120e-05 -2.0027e-05 -2.0945e-05 -2.1871e-05 -2.2805e-05 -2.3747e-05 -2.4695e-05 -2.5649e-05 -2.6607e-05 -2.7569e-05 -2.8534e-05 -2.9499e-05 -3.0465e-05 -3.1431e-05 -3.2394e-05 -3.3354e-05 -3.4309e-05 -3.5258e-05 -3.6200e-05 -3.7133e-05 -3.8056e-05 -3.8968e-05 -3.9866e-05 -4.0749e-05 -4.1616e-05 -4.2464e-05 -4.3293e-05 -4.4101e-05 -4.4885e-05 -4.5645e-05 -4.6378e-05 -4.7083e-05 -4.7758e-05 -4.8402e-05 -4.9012e-05 -4.9586e-05 -5.0125e-05 -5.0624e-05 -5.1084e-05 -5.1502e-05 -5.1878e-05 -5.2208e-05 -5.2494e-05 -5.2732e-05 -5.2921e-05 -5.3062e-05 -5.3152e-05 -5.3191e-05 -5.3179e-05 -5.3113e-05 -5.2995e-05 -5.2823e-05 -5.2597e-05 -5.2318e-05 -5.1985e-05 -5.1599e-05 -5.1160e-05 -5.0668e-05 -5.0125e-05 -4.9531e-05 -4.8888e-05 -4.8196e-05 -4.7458e-05 -4.6674e-05 -4.5846e-05 -4.4978e-05 -4.4069e-05 -4.3124e-05 -4.2143e-05 -4.1130e-05 -1.1180e-07 -3.1623e-07 -5.8094e-07 -8.9442e-07 0.0000e+00 -1.6431e-06 -2.0706e-06 -2.5297e-06 -3.0185e-06 -3.5352e-06 -4.0783e-06 -4.6466e-06 -5.2389e-06 -5.8543e-06 -6.4919e-06 -7.1507e-06 -7.8300e-06 -8.5291e-06 -9.2473e-06 -9.9840e-06 -1.0738e-05 -1.1510e-05 -1.2298e-05 -1.3102e-05 -1.3921e-05 -1.4755e-05 -1.5602e-05 -1.6463e-05 -1.7337e-05 -1.8223e-05 -1.9120e-05 -2.0027e-05 -2.0945e-05 -2.1871e-05 -2.2805e-05 -2.3747e-05 -2.4695e-05 -2.5649e-05 -2.6607e-05 -2.7569e-05 -2.8534e-05 -2.9499e-05 -3.0465e-05 -3.1431e-05 -3.2394e-05 -3.3354e-05 -3.4309e-05 -3.5258e-05 -3.6200e-05 -3.7133e-05 -3.8056e-05 -3.8968e-05 -3.9866e-05 -4.0749e-05 -4.1616e-05 -4.2464e-05 -4.3293e-05 -4.4101e-05 -4.4885e-05 -4.5645e-05 -4.6378e-05 -4.7083e-05 -4.7758e-05 -4.8402e-05 -4.9012e-05 -4.9586e-05 -5.0124e-05 -5.0624e-05 -5.1084e-05 -5.1502e-05 -5.1877e-05 -5.2208e-05 -5.2493e-05 -5.2732e-05 -5.2921e-05 -5.3062e-05 -5.3152e-05 -5.3191e-05 -5.3178e-05 -5.3113e-05 -5.2995e-05 -5.2823e-05 -5.2597e-05 -5.2318e-05 -5.1985e-05 -5.1599e-05 -5.1159e-05 -5.0668e-05 -5.0125e-05 -4.9531e-05 -4.8888e-05 -4.8196e-05 -4.7457e-05 -4.6673e-05 -4.5846e-05 -4.4977e-05 -4.4069e-05 -4.3123e-05 -4.2143e-05 -4.1130e-05
-1.4697e-07 -4.1569e-07 -7.6366e-07 -1.1757e-06 -1.6431e-06 1.3476e-05 -2.7218e-06 -3.3254e-06 -3.9679e-06 -4.6471e-06 -5.3610e-06 -6.1081e-06 -6.8867e-06 -7.6957e-06 -8.5337e-06 -9.3998e-06 -1.0293e-05 -1.1212e-05 -1.2156e-05 -1.3124e-05 -1.4116e-05 -1.5130e-05 -1.6166e-05 -1.7223e-05 -1.8299e-05 -1.9395e-05 -2.0510e-05 -2.1642e-05 -2.2790e-05 -2.3954e-05 -2.5134e-05 -2.6326e-05 -2.7532e-05 -2.8750e-05 -2.9978e-05 -3.1216e-05 -3.2463e-05 -3.3716e-05 -3.4976e-05 -3.6240e-05 -3.7508e-05 -3.8778e-05 -4.0048e-05 -4.1316e-05 -4.2583e-05 -4.3844e-05 -4.5100e-05 -4.6348e-05 -4.7586e-05 -4.8813e-05 -5.0026e-05 -5.1224e-05 -5.2404e-05 -5.3565e-05 -5.4705e-05 -5.5820e-05 -5.6910e-05 -5.7972e-05 -5.9003e-05 -6.0002e-05 -6.0966e-05 -6.1892e-05 -6.2780e-05 -6.3625e-05 -6.4427e-05 -6.5183e-05 -6.5890e-05 -6.6547e-05 -6.7151e-05 -6.7701e-05 -6.8195e-05 -6.8629e-05 -6.9004e-05 -6.9317e-05 -6.9567e-05 -6.9752e-05 -6.9870e-05 -6.9922e-05 -6.9905e-05 -6.9819e-05 -6.9663e-05 -6.9437e-05 -6.9141e-05 -6.8774e-05 -6.8336e-05 -6.7828e-05 -6.7251e-05 -6.6605e-05 -6.5891e-05 -6.5110e-05 -6.4265e-05 -6.3355e-05 -6.2385e-05 -6.1354e-05 -6.0267e-05 -5.9125e-05 -5.7931e-05 -5.6688e-05 -5.5399e-05 -5.4067e-05 -1.4697e-07 -4.1569e-07 -7.6366e-07 -1.1757e-06 -1.6431e-06 0.0000e+00 -2.7218e-06 -3.3254e-06 -3.9679e-06 -4.6471e-06 -5.3610e-06 -6.1081e-06 -6.8867e-06 -7.6957e-06 -8.5337e-06 -9.3998e-06 -1.0293e-05 -1.1212e-05 -1.2156e-05 -1.3124e-05 -1.4116e-05 -1.5130e-05 -1.6166e-05 -1.7223e-05 -1.8299e-05 -1.9395e-05 -2.0510e-05 -2.1642e-05 -2.2790e-05 -2.3954e-05 -2.5134e-05 -2.6326e-05 -2.7532e-05 -2.8750e-05 -2.9978e-05 -3.1216e-05 -3.2463e-05 -3.3716e-05 -3.4976e-05 -3.6240e-05 -3.7508e-05 -3.8778e-05 -4.0048e-05 -4.1316e-05 -4.2583e-05 -4.3844e-05 -4.5100e-05 -4.6348e-05 -4.7586e-05 -4.8813e-05 -5.0026e-05 -5.1224e-05 -5.2404e-05 -5.3565e-05 -5.4705e-05 -5.5820e-05 -5.6910e-05 -5.7972e-05 -5.9003e-05 -6.0002e-05 -6.0966e-05 -6.1892e-05 -6.2780e-05 -6.3625e-05 -6.4427e-05 -6.5183e-05 -6.5890e-05 -6.6547e-05 -6.7151e-05 -6.7701e-05 -6.8194e-05 -6.8629e-05 -6.9004e-05 -6.9317e-05 -6.9567e-05 -6.9751e-05 -6.9870e-05 -6.9921e-05 -6.9904e-05 -6.9818e-05 -6.9663e-05 -6.9437e-05 -6.9140e-05 -6.8773e-05 -6.8336e-05 -6.7828e-05 -6.7250e-05 -6.6604e-05 -6.5890e-05 -6.5110e-05 -6.4264e-05 -6.3355e-05 -6.2384e-05 -6.1354e-05 -6.0266e-05 -5.9124e-05 -5.7930e-05 -5.6687e-05 -5.5398e-05 -5.4067e-05
-1.8520e-07 -5.2382e-07 -9.6232e-07 -1.4816e-06 -2.0706e-06 -2.7218e-06 2.4965e-05 -4.1904e-06 -5.0000e-06 -5.8559e-06 -6.7556e-06 -7.6969e-06 -8.6782e-06 -9.6975e-06 -1.0754e-05 -1.1845e-05 -1.2970e-05 -1.4128e-05 -1.5318e-05 -1.6538e-05 -1.7788e-05 -1.9066e-05 -2.0371e-05 -2.1703e-05 -2.3060e-05 -2.4441e-05 -2.5845e-05 -2.7271e-05 -2.8719e-05 -3.0186e-05 -3.1671e-05 -3.3175e-05 -3.4694e-05 -3.6229e-05 -3.7777e-05 -3.9337e-05 -4.0907e-05 -4.2487e-05 -4.4074e-05 -4.5668e-05 -4.7265e-05 -4.8865e-05 -5.0465e-05 -5.2064e-05 -5.3660e-05 -5.5250e-05 -5.6832e-05 -5.8404e-05 -5.9965e-05 -6.1510e-05 -6.3039e-05 -6.4549e-05 -6.6036e-05 -6.7499e-05 -6.8935e-05 -7.0341e-05 -7.1714e-05 -7.3052e-05 -7.4352e-05 -7.5610e-05 -7.6825e-05 -7.7993e-05 -7.9111e-05 -8.0176e-05 -8.1187e-05 -8.2139e-05 -8.3030e-05 -8.3858e-05 -8.4620e-05 -8.5313e-05 -8.5934e-05 -8.6482e-05 -8.6955e-05 -8.7349e-05 -8.7664e-05 -8.7897e-05 -8.8046e-05 -8.8111e-05 -8.8090e-05 -8.7981e-05 -8.7785e-05 -8.7500e-05 -8.7127e-05 -8.6664e-05 -8.6113e-05 -8.5473e-05 -8.4746e-05 -8.3932e-05 -8.3032e-05 -8.2048e-05 -8.0983e-05 -7.9837e-05 -7.8614e-05 -7.7315e-05 -7.5945e-05 -7.4506e-05 -7.3001e-05 -7.1435e-05 -6.9811e-05 -6.8133e-05 -1.8520e-07 -5.2382e-07 -9.6232e-07 -1.4816e-06 -2.0706e-06 -2.7218e-06 0.0000e+00 -4.1904e-06 -5.0000e-06 -5.8559e-06 -6.7556e-06 -7.6969e-06 -8.6782e-06 -9.6975e-06 -1.0754e-05 -1.1845e-05 -1.2970e-05 -1.4128e-05 -1.5318e-05 -1.6538e-05 -1.7788e-05 -1.9066e-05 -2.0371e-05 -2.1703e-05 -2.3060e-05 -2.4441e-05 -2.5845e-05 -2.7271e-05 -2.8719e-05 -3.0186e-05 -3.1671e-05 -3.3175e-05 -3.4694e-05 -3.6229e-05 -3.7776e-05 -3.9337e-05 -4.0907e-05 -4.2487e-05 -4.4074e-05 -4.5668e-05 -4.7265e-05 -4.8865e-05 -5.0465e-05 -5.2064e-05 -5.3660e-05 -5.5249e-05 -5.6832e-05 -5.8404e-05 -5.9965e-05 -6.1510e-05 -6.3039e-05 -6.4549e-05 -6.6036e-05 -6.7499e-05 -6.8935e-05 -7.0341e-05 -7.1714e-05 -7.3052e-05 -7.4352e-05 -7.5610e-05 -7.6825e-05 -7.7992e-05 -7.9110e-05 -8.0176e-05 -8.1186e-05 -8.2139e-05 -8.3030e-05 -8.3858e-05 -8.4619e-05 -8.5312e-05 -8.5934e-05 -8.6482e-05 -8.6954e-05 -8.7349e-05 -8.7663e-05 -8.7896e-05 -8.8045e-05 -8.8110e-05 -8.8089e-05 -8.7981e-05 -8.7784e-05 -8.7500e-05 -8.7126e-05 -8.6663e-05 -8.6112e-05 -8.5472e-05 -8.4745e-05 -8.3930e-05 -8.3031e-05 -8.2047e-05 -8.0981e-05 -7.9836e-05 -7.8612e-05 -7.7314e-05 -7.5944e-05 -7.4504e-05 -7.3000e-05 -7.1433e-05 -6.9809e-05 -6.8131e-05
-2.2626e-07 -6.3997e-07 -1.1757e-06 -1.8101e-06 -2.5297e-06 -3.3254e-06 -4.1904e-06 4.2590e-05 -6.1088e-06 -7.1544e-06 -8.2536e-06 -9.4037e-06 -1.0602e-05 -1.1848e-05 -1.3138e-05 -1.4471e-05 -1.5846e-05 -1.7261e-05 -1.8715e-05 -2.0205e-05 -2.1732e-05 -2.3293e-05 -2.4888e-05 -2.6515e-05 -2.8173e-05 -2.9860e-05 -3.1576e-05 -3.3318e-05 -3.5087e-05 -3.6879e-05 -3.8694e-05 -4.0531e-05 -4.2388e-05 -4.4262e-05 -4.6153e-05 -4.8059e-05 -4.9978e-05 -5.1908e-05 -5.3848e-05 -5.5794e-05 -5.7746e-05 -5.9701e-05 -6.1656e-05 -6.3609e-05 -6.5558e-05 -6.7501e-05 -6.9434e-05 -7.1355e-05 -7.3262e-05 -7.5150e-05 -7.7018e-05 -7.8862e-05 -8.0680e-05 -8.2467e-05 -8.4222e-05 -8.5939e-05 -8.7617e-05 -8.9251e-05 -9.0839e-05 -9.2377e-05 -9.3861e-05 -9.5287e-05 -9.6654e-05 -9.7956e-05 -9.9190e-05 -1.0035e-04 -1.0144e-04 -1.0245e-04 -1.0338e-04 -1.0423e-04 -1.0499e-04 -1.0566e-04 -1.0624e-04 -1.0672e-04 -1.0710e-04 -1.0739e-04 -1.0757e-04 -1.0765e-04 -1.0762e-04 -1.0749e-04 -1.0725e-04 -1.0690e-04 -1.0645e-04 -1.0588e-04 -1.0521e-04 -1.0443e-04 -1.0354e-04 -1.0254e-04 -1.0145e-04 -1.0024e-04 -9.8942e-05 -9.7542e-05 -9.6048e-05 -9.4462e-05 -9.2787e-05 -9.1029e-05 -8.9191e-05 -8.7277e-05 -8.5293e-05 -8.3243e-05 -2.2626e-07 -6.3997e-07 -1.1757e-06 -1.8101e-06 -2.5297e-06 -3.3254e-06 -4.1904e-06 0.0000e+00 -6.1088e-06 -7.1544e-06 -8.2536e-06 -9.4037e-06 -1.0602e-05 -1.1848e-05 -1.3138e-05 -1.4471e-05 -1.5846e-05 -1.7261e-05 -1.8715e-05 -2.0205e-05 -2.1732e-05 -2.3293e-05 -2.4888e-05 -2.6515e-05 -2.8173e-05 -2.9860e-05 -3.1576e-05 -3.3318e-05 -3.5087e-05 -3.6879e-05 -3.8694e-05 -4.0531e-05 -4.2388e-05 -4.4262e-05 -4.6153e-05 -4.8059e-05 -4.9978e-05 -5.1908e-05 -5.3848e-05 -5.5794e-05 -5.7746e-05 -5.9700e-05 -6.1656e-05 -6.3609e-05 -6.5558e-05 -6.7501e-05 -6.9434e-05 -7.1355e-05 -7.3261e-05 -7.5150e-05 -7.7018e-05 -7.8862e-05 -8.0680e-05 -8.2467e-05 -8.4221e-05 -8.5939e-05 -8.7617e-05 -8.9251e-05 -9.0839e-05 -9.2376e-05 -9.3860e-05 -9.5287e-05 -9.6653e-05 -9.7955e-05 -9.9189e-05 -1.0035e-04 -1.0144e-04 -1.0245e-04 -1.0338e-04 -1.0423e-04 -1.0499e-04 -1.0566e-04 -1.0624e-04 -1.0672e-04 -1.0710e-04 -1.0739e-04 -1.0757e-04 -1.0765e-04 -1.0762e-04 -1.0749e-04 -1.0725e-04 -1.0690e-04 -1.0645e-04 -1.0588e-04 -1.0521e-04 -1.0443e-04 -1.0354e-04 -1.0254e-04 -1.0144e-04 -1.0024e-04 -9.8939e-05 -9.7539e-05 -9.6045e-05 -9.4458e-05 -9.2784e-05 -9.1026e-05 -8.9188e-05 -8.7274e-05 -8.5290e-05 -8.3240e-05
-2.6998e-07 -7.6363e-07 -1.4029e-06 -2.1599e-06 -3.0185e-06 -3.9679e-06 -5.0000e-06 -6.1088e-06 6.8221e-05 -8.5367e-06 -9.8483e-06 -1.1221e-05 -1.2651e-05 -1.4137e-05 -1.5677e-05 -1.7268e-05 -1.8908e-05 -2.0596e-05 -2.2331e-05 -2.4109e-05 -2.5931e-05 -2.7794e-05 -2.9697e-05 -3.1638e-05 -3.3616e-05 -3.5630e-05 -3.7677e-05 -3.9756e-05 -4.1866e-05 -4.4005e-05 -4.6171e-05 -4.8362e-05 -5.0577e-05 -5.2814e-05 -5.5071e-05 -5.7345e-05 -5.9635e-05 -6.1938e-05 -6.4252e-05 -6.6575e-05 -6.8903e-05 -7.1236e-05 -7.3568e-05 -7.5899e-05 -7.8225e-05 -8.0543e-05 -8.2850e-05 -8.5142e-05 -8.7417e-05 -8.9670e-05 -9.1899e-05 -9.4100e-05 -9.6269e-05 -9.8401e-05 -1.0049e-04 -1.0254e-04 -1.0455e-04 -1.0650e-04 -1.0839e-04 -1.1023e-04 -1.1200e-04 -1.1370e-04 -1.1533e-04 -1.1688e-04 -1.1836e-04 -1.1974e-04 -1.2104e-04 -1.2225e-04 -1.2336e-04 -1.2437e-04 -1.2528e-04 -1.2608e-04 -1.2677e-04 -1.2734e-04 -1.2780e-04 -1.2814e-04 -1.2836e-04 -1.2845e-04 -1.2842e-04 -1.2826e-04 -1.2798e-04 -1.2756e-04 -1.2702e-04 -1.2634e-04 -1.2554e-04 -1.2461e-04 -1.2355e-04 -1.2236e-04 -1.2105e-04 -1.1962e-04 -1.1806e-04 -1.1639e-04 -1.1461e-04 -1.1272e-04 -1.1072e-04 -1.0862e-04 -1.0643e-04 -1.0414e-04 -1.0178e-04 -9.9331e-05 -2.6998e-07 -7.6363e-07 -1.4029e-06 -2.1599e-06 -3.0185e-06 -3.9679e-06 -5.0000e-06 -6.1088e-06 0.0000e+00 -8.5367e-06 -9.8483e-06 -1.1221e-05 -1.2651e-05 -1.4137e-05 -1.5677e-05 -1.7268e-05 -1.8908e-05 -2.0596e-05 -2.2331e-05 -2.4109e-05 -2.5931e-05 -2.7794e-05 -2.9697e-05 -3.1638e-05 -3.3616e-05 -3.5630e-05 -3.7677e-05 -3.9756e-05 -4.1866e-05 -4.4005e-05 -4.6171e-05 -4.8362e-05 -5.0577e-05 -5.2814e-05 -5.5071e-05 -5.7345e-05 -5.9635e-05 -6.1938e-05 -6.4252e-05 -6.6574e-05 -6.8903e-05 -7.1235e-05 -7.3568e-05 -7.5899e-05 -7.8225e-05 -8.0543e-05 -8.2850e-05 -8.5142e-05 -8.7417e-05 -8.9670e-05 -9.1899e-05 -9.4100e-05 -9.6268e-05 -9.8401e-05 -1.0049e-04 -1.0254e-04 -1.0455e-04 -1.0650e-04 -1.0839e-04 -1.1022e-04 -1.1200e-04 -1.1370e-04 -1.1533e-04 -1.1688e-04 -1.1835e-04 -1.1974e-04 -1.2104e-04 -1.2225e-04 -1.2336e-04 -1.2437e-04 -1.2528e-04 -1.2607e-04 -1.2676e-04 -1.2734e-04 -1.2780e-04 -1.2814e-04 -1.2835e-04 -1.2845e-04 -1.2842e-04 -1.2826e-04 -1.2797e-04 -1.2756e-04 -1.2701e-04 -1.2634e-04 -1.2554e-04 -1.2460e-04 -1.2354e-04 -1.2236e-04 -1.2104e-04 -1.1961e-04 -1.1806e-04 -1.1639e-04 -1.1460e-04 -1.1271e-04 -1.1071e-04 -1.0861e-04 -1.0642e-04 -1.0414e-04 -1.0177e-04 -9.9324e-05
-3.1620e-07 -8.9434e-07 -1.6430e-06 -2.5296e-06 -3.5352e-06 -4.6471e-06 -5.8559e-06 -7.1544e-06 -8.5367e-06 1.0398e-04 -1.1534e-05 -1.3141e-05 -1.4817e-05 -1.6557e-05 -1.8360e-05 -2.0223e-05 -2.2145e-05 -2.4122e-05 -2.6153e-05 -2.8236e-05 -3.0370e-05 -3.2552e-05 -3.4780e-05 -3.7054e-05 -3.9370e-05 -4.1728e-05 -4.4126e-05 -4.6561e-05 -4.9032e-05 -5.1537e-05 -5.4074e-05 -5.6641e-05 -5.9235e-05 -6.1855e-05 -6.4497e-05 -6.7161e-05 -6.9843e-05 -7.2540e-05 -7.5250e-05 -7.7970e-05 -8.0698e-05 -8.3429e-05 -8.6162e-05 -8.8892e-05 -9.1616e-05 -9.4330e-05 -9.7032e-05 -9.9717e-05 -1.0238e-04 -1.0502e-04 -1.0763e-04 -1.1021e-04 -1.1275e-04 -1.1525e-04 -1.1770e-04 -1.2010e-04 -1.2244e-04 -1.2473e-04 -1.2695e-04 -1.2909e-04 -1.3117e-04 -1.3316e-04 -1.3507e-04 -1.3689e-04 -1.3862e-04 -1.4024e-04 -1.4176e-04 -1.4318e-04 -1.4448e-04 -1.4566e-04 -1.4672e-04 -1.4766e-04 -1.4847e-04 -1.4914e-04 -1.4968e-04 -1.5008e-04 -1.5033e-04 -1.5044e-04 -1.5041e-04 -1.5022e-04 -1.4989e-04 -1.4940e-04 -1.4876e-04 -1.4797e-04 -1.4703e-04 -1.4594e-04 -1.4470e-04 -1.4331e-04 -1.4177e-04 -1.4009e-04 -1.3828e-04 -1.3632e-04 -1.3423e-04 -1.3202e-04 -1.2968e-04 -1.2722e-04 -1.2465e-04 -1.2198e-04 -1.1920e-04 -1.1634e-04 -3.1620e-07 -8.9434e-07 -1.6430e-06 -2.5296e-06 -3.5352e-06 -4.6471e-06 -5.8559e-06 -7.1544e-06 -8.5367e-06 0.0000e+00 -1.1534e-05 -1.3141e-05 -1.4817e-05 -1.6557e-05 -1.8360e-05 -2.0223e-05 -2.2145e-05 -2.4122e-05 -2.6153e-05 -2.8236e-05 -3.0370e-05 -3.2552e-05 -3.4780e-05 -3.7054e-05 -3.9370e-05 -4.1728e-05 -4.4126e-05 -4.6561e-05 -4.9032e-05 -5.1537e-05 -5.4074e-05 -5.6641e-05 -5.9235e-05 -6.1855e-05 -6.4497e-05 -6.7161e-05 -6.9843e-05 -7.2540e-05 -7.5250e-05 -7.7970e-05 -8.0698e-05 -8.3429e-05 -8.6161e-05 -8.8891e-05 -9.1615e-05 -9.4330e-05 -9.7031e-05 -9.9716e-05 -1.0238e-04 -1.0502e-04 -1.0763e-04 -1.1021e-04 -1.1275e-04 -1.1524e-04 -1.1770e-04 -1.2010e-04 -1.2244e-04 -1.2473e-04 -1.2694e-04 -1.2909e-04 -1.3117e-04 -1.3316e-04 -1.3507e-04 -1.3689e-04 -1.3861e-04 -1.4024e-04 -1.4176e-04 -1.4317e-04 -1.4448e-04 -1.4566e-04 -1.4672e-04 -1.4766e-04 -1.4846e-04 -1.4914e-04 -1.4967e-04 -1.5007e-04 -1.5033e-04 -1.5044e-04 -1.5040e-04 -1.5022e-04 -1.4988e-04 -1.4939e-04 -1.4876e-04 -1.4797e-04 -1.4703e-04 -1.4593e-04 -1.4469e-04 -1.4330e-04 -1.4177e-04 -1.4009e-04 -1.3827e-04 -1.3631e-04 -1.3422e-04 -1.3200e-04 -1.2967e-04 -1.2721e-04 -1.2464e-04 -1.2197e-04 -1.1919e-04 -1.1633e-04
-3.6478e-07 -1.0317e-06 -1.8954e-06 -2.9182e-06 -4.0783e-06 -5.3610e-06 -6.7556e-06 -8.2536e-06 -9.8483e-06 -1.1534e-05 1.5224e-04 -1.5160e-05 -1.7093e-05 -1.9101e-05 -2.1181e-05 -2.3330e-05 -2.5547e-05 -2.7828e-05 -3.0171e-05 -3.2574e-05 -3.5036e-05 -3.7553e-05 -4.0124e-05 -4.2747e-05 -4.5419e-05 -4.8139e-05 -5.0905e-05 -5.3715e-05 -5.6565e-05 -5.9455e-05 -6.2382e-05 -6.5343e-05 -6.8336e-05 -7.1358e-05 -7.4407e-05 -7.7479e-05 -8.0573e-05 -8.3685e-05 -8.6812e-05 -8.9950e-05 -9.3096e-05 -9.6247e-05 -9.9399e-05 -1.0255e-04 -1.0569e-04 -1.0882e-04 -1.1194e-04 -1.1504e-04 -1.1811e-04 -1.2116e-04 -1.2417e-04 -1.2714e-04 -1.3007e-04 -1.3295e-04 -1.3578e-04 -1.3855e-04 -1.4125e-04 -1.4389e-04 -1.4645e-04 -1.4893e-04 -1.5132e-04 -1.5362e-04 -1.5582e-04 -1.5792e-04 -1.5991e-04 -1.6179e-04 -1.6355e-04 -1.6518e-04 -1.6668e-04 -1.6804e-04 -1.6927e-04 -1.7035e-04 -1.7128e-04 -1.7206e-04 -1.7268e-04 -1.7314e-04 -1.7343e-04 -1.7356e-04 -1.7352e-04 -1.7331e-04 -1.7292e-04 -1.7236e-04 -1.7162e-04 -1.7071e-04 -1.6963e-04 -1.6837e-04 -1.6694e-04 -1.6533e-04 -1.6356e-04 -1.6163e-04 -1.5953e-04 -1.5727e-04 -1.5486e-04 -1.5231e-04 -1.4961e-04 -1.4677e-04 -1.4381e-04 -1.4073e-04 -1.3753e-04 -1.3422e-04 -3.6478e-07 -1.0317e-06 -1.8954e-06 -2.9182e-06 -4.0783e-06 -5.3610e-06 -6.7556e-06 -8.2536e-06 -9.8483e-06 -1.1534e-05 0.0000e+00 -1.5160e-05 -1.7093e-05 -1.9101e-05 -2.1181e-05 -2.3330e-05 -2.5547e-05 -2.7828e-05 -3.0171e-05 -3.2574e-05 -3.5036e-05 -3.7553e-05 -4.0124e-05 -4.2747e-05 -4.5419e-05 -4.8139e-05 -5.0905e-05 -5.3715e-05 -5.6565e-05 -5.9455e-05 -6.2382e-05 -6.5343e-05 -6.8335e-05 -7.1358e-05 -7.4406e-05 -7.7479e-05 -8.0573e-05 -8.3685e-05 -8.6811e-05 -8.9949e-05 -9.3096e-05 -9.6247e-05 -9.9399e-05 -1.0255e-04 -1.0569e-04 -1.0882e-04 -1.1194e-04 -1.1504e-04 -1.1811e-04 -1.2115e-04 -1.2417e-04 -1.2714e-04 -1.3007e-04 -1.3295e-04 -1.3578e-04 -1.3855e-04 -1.4125e-04 -1.4389e-04 -1.4645e-04 -1.4893e-04 -1.5132e-04 -1.5362e-04 -1.5582e-04 -1.5792e-04 -1.5991e-04 -1.6179e-04 -1.6354e-04 -1.6517e-04 -1.6667e-04 -1.6804e-04 -1.6926e-04 -1.7034e-04 -1.7127e-04 -1.7205e-04 -1.7267e-04 -1.7313e-04 -1.7342e-04 -1.7355e-04 -1.7351e-04 -1.7330e-04 -1.7291e-04 -1.7235e-04 -1.7161e-04 -1.7070e-04 -1.6962e-04 -1.6836e-04 -1.6692e-04 -1.6532e-04 -1.6355e-04 -1.6161e-04 -1.5951e-04 -1.5725e-04 -1.5485e-04 -1.5229e-04 -1.4959e-04 -1.4675e-04 -1.4379e-04 -1.4071e-04 -1.3751e-04 -1.3420e-04
-4.1561e-07 -1.1755e-06 -2.1596e-06 -3.3248e-06 -4.6466e-06 -6.1081e-06 -7.6969e-06 -9.4037e-06 -1.1221e-05 -1.3141e-05 -1.5160e-05 2.1561e-04 -1.9475e-05 -2.1762e-05 -2.4132e-05 -2.6581e-05 -2.9107e-05 -3.1706e-05 -3.4375e-05 -3.7114e-05 -3.9918e-05 -4.2786e-05 -4.5715e-05 -4.8703e-05 -5.1748e-05 -5.4848e-05 -5.7999e-05 -6.1200e-05 -6.4448e-05 -6.7740e-05 -7.1075e-05 -7.4448e-05 -7.7858e-05 -8.1301e-05 -8.4775e-05 -8.8276e-05 -9.1801e-05 -9.5346e-05 -9.8909e-05 -1.0248e-04 -1.0607e-04 -1.0966e-04 -1.1325e-04 -1.1684e-04 -1.2042e-04 -1.2399e-04 -1.2754e-04 -1.3107e-04 -1.3457e-04 -1.3804e-04 -1.4147e-04 -1.4486e-04 -1.4820e-04 -1.5148e-04 -1.5470e-04 -1.5786e-04 -1.6094e-04 -1.6394e-04 -1.6686e-04 -1.6968e-04 -1.7241e-04 -1.7503e-04 -1.7754e-04 -1.7993e-04 -1.8220e-04 -1.8434e-04 -1.8634e-04 -1.8820e-04 -1.8991e-04 -1.9146e-04 -1.9286e-04 -1.9409e-04 -1.9515e-04 -1.9604e-04 -1.9674e-04 -1.9727e-04 -1.9760e-04 -1.9775e-04 -1.9770e-04 -1.9746e-04 -1.9702e-04 -1.9639e-04 -1.9555e-04 -1.9451e-04 -1.9328e-04 -1.9184e-04 -1.9021e-04 -1.8838e-04 -1.8637e-04 -1.8416e-04 -1.8177e-04 -1.7920e-04 -1.7645e-04 -1.7354e-04 -1.7047e-04 -1.6724e-04 -1.6386e-04 -1.6035e-04 -1.5670e-04 -1.5294e-04 -4.1561e-07 -1.1755e-06 -2.1596e-06 -3.3248e-06 -4.6466e-06 -6.1081e-06 -7.6969e-06 -9.4037e-06 -1.1221e-05 -1.3141e-05 -1.5160e-05 0.0000e+00 -1.9475e-05 -2.1762e-05 -2.4132e-05 -2.6581e-05 -2.9107e-05 -3.1706e-05 -3.4375e-05 -3.7114e-05 -3.9918e-05 -4.2786e-05 -4.5715e-05 -4.8703e-05 -5.1748e-05 -5.4848e-05 -5.7999e-05 -6.1200e-05 -6.4448e-05 -6.7740e-05 -7.1075e-05 -7.4448e-05 -7.7858e-05 -8.1301e-05 -8.4775e-05 -8.8276e-05 -9.1801e-05 -9.5346e-05 -9.8908e-05 -1.0248e-04 -1.0607e-04 -1.0966e-04 -1.1325e-04 -1.1684e-04 -1.2042e-04 -1.2399e-04 -1.2754e-04 -1.3107e-04 -1.3457e-04 -1.3804e-04 -1.4147e-04 -1.4486e-04 -1.4819e-04 -1.5148e-04 -1.5470e-04 -1.5785e-04 -1.6094e-04 -1.6394e-04 -1.6686e-04 -1.6968e-04 -1.7241e-04 -1.7503e-04 -1.7754e-04 -1.7993e-04 -1.8219e-04 -1.8433e-04 -1.8633e-04 -1.8819e-04 -1.8990e-04 -1.9145e-04 -1.9285e-04 -1.9408e-04 -1.9514e-04 -1.9603e-04 -1.9673e-04 -1.9725e-04 -1.9759e-04 -1.9774e-04 -1.9769e-04 -1.9745e-04 -1.9701e-04 -1.9637e-04 -1.9553e-04 -1.9449e-04 -1.9325e-04 -1.9182e-04 -1.9019e-04 -1.8836e-04 -1.8634e-04 -1.8413e-04 -1.8174e-04 -1.7917e-04 -1.7643e-04 -1.7351e-04 -1.7044e-04 -1.6721e-04 -1.6383e-04 -1.6032e-04 -1.5667e-04 -1.5291e-04
-4.6859e-07 -1.3254e-06 -2.4349e-06 -3.7487e-06 -5.2389e-06 -6.8867e-06 -8.6782e-06 -1.0602e-05 -1.2651e-05 -1.4817e-05 -1.7093e-05 -1.9475e-05 2.9697e-04 -2.4537e-05 -2.7209e-05 -2.9970e-05 -3.2817e-05 -3.5747e-05 -3.8757e-05 -4.1845e-05 -4.5007e-05 -4.8240e-05 -5.1543e-05 -5.4912e-05 -5.8345e-05 -6.1840e-05 -6.5393e-05 -6.9002e-05 -7.2664e-05 -7.6376e-05 -8.0135e-05 -8.3939e-05 -8.7784e-05 -9.1666e-05 -9.5583e-05 -9.9530e-05 -1.0350e-04 -1.0750e-04 -1.1152e-04 -1.1555e-04 -1.1959e-04 -1.2364e-04 -1.2769e-04 -1.3173e-04 -1.3577e-04 -1.3979e-04 -1.4380e-04 -1.4778e-04 -1.5173e-04 -1.5564e-04 -1.5951e-04 -1.6333e-04 -1.6709e-04 -1.7079e-04 -1.7443e-04 -1.7798e-04 -1.8146e-04 -1.8484e-04 -1.8813e-04 -1.9132e-04 -1.9439e-04 -1.9735e-04 -2.0018e-04 -2.0288e-04 -2.0543e-04 -2.0784e-04 -2.1010e-04 -2.1220e-04 -2.1412e-04 -2.1588e-04 -2.1745e-04 -2.1884e-04 -2.2004e-04 -2.2104e-04 -2.2183e-04 -2.2242e-04 -2.2280e-04 -2.2297e-04 -2.2292e-04 -2.2265e-04 -2.2215e-04 -2.2143e-04 -2.2049e-04 -2.1932e-04 -2.1793e-04 -2.1631e-04 -2.1447e-04 -2.1241e-04 -2.1014e-04 -2.0765e-04 -2.0496e-04 -2.0206e-04 -1.9897e-04 -1.9568e-04 -1.9222e-04 -1.8858e-04 -1.8477e-04 -1.8081e-04 -1.7670e-04 -1.7246e-04 -4.6859e-07 -1.3254e-06 -2.4349e-06 -3.7487e-06 -5.2389e-06 -6.8867e-06 -8.6782e-06 -1.0602e-05 -1.2651e-05 -1.4817e-05 -1.7093e-05 -1.9475e-05 0.0000e+00 -2.4537e-05 -2.7209e-05 -2.9970e-05 -3.2817e-05 -3.5747e-05 -3.8757e-05 -4.1845e-05 -4.5007e-05 -4.8240e-05 -5.1543e-05 -5.4912e-05 -5.8345e-05 -6.1840e-05 -6.5393e-05 -6.9002e-05 -7.2664e-05 -7.6376e-05 -8.0135e-05 -8.3939e-05 -8.7783e-05 -9.1666e-05 -9.5582e-05 -9.9529e-05 -1.0350e-04 -1.0750e-04 -1.1152e-04 -1.1555e-04 -1.1959e-04 -1.2364e-04 -1.2769e-04 -1.3173e-04 -1.3577e-04 -1.3979e-04 -1.4380e-04 -1.4778e-04 -1.5172e-04 -1.5563e-04 -1.5950e-04 -1.6332e-04 -1.6709e-04 -1.7079e-04 -1.7442e-04 -1.7798e-04 -1.8145e-04 -1.8484e-04 -1.8813e-04 -1.9131e-04 -1.9438e-04 -1.9734e-04 -2.0017e-04 -2.0287e-04 -2.0542e-04 -2.0783e-04 -2.1009e-04 -2.1218e-04 -2.1411e-04 -2.1586e-04 -2.1744e-04 -2.1882e-04 -2.2002e-04 -2.2102e-04 -2.2181e-04 -2.2240e-04 -2.2278e-04 -2.2295e-04 -2.2289e-04 -2.2262e-04 -2.2212e-04 -2.2140e-04 -2.2046e-04 -2.1929e-04 -2.1790e-04 -2.1628e-04 -2.1444e-04 -2.1238e-04 -2.1010e-04 -2.0761e-04 -2.0492e-04 -2.0202e-04 -1.9892e-04 -1.9564e-04 -1.9217e-04 -1.8853e-04 -1.8473e-04 -1.8076e-04 -1.7665e-04 -1.7241e-04
-5.2363e-07 -1.4811e-06 -2.7209e-06 -4.1890e-06 -5.8543e-06 -7.6957e-06 -9.6975e-06 -1.1848e-05 -1.4137e-05 -1.6557e-05 -1.9101e-05 -2.1762e-05 -2.4537e-05 3.9944e-04 -3.0405e-05 -3.3490e-05 -3.6672e-05 -3.9946e-05 -4.3310e-05 -4.6760e-05 -5.0293e-05 -5.3907e-05 -5.7597e-05 -6.1362e-05 -6.5199e-05 -6.9104e-05 -7.3074e-05 -7.7107e-05 -8.1199e-05 -8.5348e-05 -8.9549e-05 -9.3799e-05 -9.8095e-05 -1.0243e-04 -1.0681e-04 -1.1122e-04 -1.1566e-04 -1.2013e-04 -1.2462e-04 -1.2912e-04 -1.3364e-04 -1.3816e-04 -1.4269e-04 -1.4721e-04 -1.5172e-04 -1.5622e-04 -1.6069e-04 -1.6514e-04 -1.6955e-04 -1.7392e-04 -1.7824e-04 -1.8251e-04 -1.8672e-04 -1.9086e-04 -1.9492e-04 -1.9889e-04 -2.0278e-04 -2.0656e-04 -2.1024e-04 -2.1380e-04 -2.1723e-04 -2.2053e-04 -2.2370e-04 -2.2671e-04 -2.2957e-04 -2.3226e-04 -2.3479e-04 -2.3713e-04 -2.3928e-04 -2.4124e-04 -2.4300e-04 -2.4456e-04 -2.4589e-04 -2.4701e-04 -2.4790e-04 -2.4856e-04 -2.4899e-04 -2.4918e-04 -2.4912e-04 -2.4881e-04 -2.4826e-04 -2.4746e-04 -2.4641e-04 -2.4510e-04 -2.4355e-04 -2.4174e-04 -2.3969e-04 -2.3739e-04 -2.3484e-04 -2.3207e-04 -2.2906e-04 -2.2582e-04 -2.2236e-04 -2.1869e-04 -2.1482e-04 -2.1076e-04 -2.0650e-04 -2.0208e-04 -1.9749e-04 -1.9274e-04 -5.2363e-07 -1.4811e-06 -2.7209e-06 -4.1890e-06 -5.8543e-06 -7.6957e-06 -9.6975e-06 -1.1848e-05 -1.4137e-05 -1.6557e-05 -1.9101e-05 -2.1762e-05 -2.4537e-05 0.0000e+00 -3.0405e-05 -3.3490e-05 -3.6672e-05 -3.9946e-05 -4.3310e-05 -4.6760e-05 -5.0293e-05 -5.3907e-05 -5.7597e-05 -6.1362e-05 -6.5199e-05 -6.9104e-05 -7.3074e-05 -7.7107e-05 -8.1199e-05 -8.5347e-05 -8.9548e-05 -9.3799e-05 -9.8095e-05 -1.0243e-04 -1.0681e-04 -1.1122e-04 -1.1566e-04 -1.2013e-04 -1.2462e-04 -1.2912e-04 -1.3364e-04 -1.3816e-04 -1.4269e-04 -1.4721e-04 -1.5172e-04 -1.5621e-04 -1.6069e-04 -1.6513e-04 -1.6955e-04 -1.7392e-04 -1.7824e-04 -1.8251e-04 -1.8671e-04 -1.9085e-04 -1.9491e-04 -1.9889e-04 -2.0277e-04 -2.0655e-04 -2.1023e-04 -2.1379e-04 -2.1722e-04 -2.2052e-04 -2.2368e-04 -2.2670e-04 -2.2955e-04 -2.3225e-04 -2.3477e-04 -2.3711e-04 -2.3926e-04 -2.4122e-04 -2.4298e-04 -2.4453e-04 -2.4587e-04 -2.4698e-04 -2.4787e-04 -2.4853e-04 -2.4896e-04 -2.4914e-04 -2.4908e-04 -2.4878e-04 -2.4822e-04 -2.4742e-04 -2.4636e-04 -2.4505e-04 -2.4350e-04 -2.4169e-04 -2.3963e-04 -2.3733e-04 -2.3479e-04 -2.3201e-04 -2.2900e-04 -2.2576e-04 -2.2230e-04 -2.1863e-04 -2.1475e-04 -2.1069e-04 -2.0643e-04 -2.0200e-04 -1.9741e-04 -1.9267e-04
-5.8065e-07 -1.6423e-06 -3.0172e-06 -4.6452e-06 -6.4919e-06 -8.5337e-06 -1.0754e-05 -1.3138e-05 -1.5677e-05 -1.8360e-05 -2.1181e-05 -2.4132e-05 -2.7209e-05 -3.0405e-05 5.2639e-04 -3.7137e-05 -4.0666e-05 -4.4297e-05 -4.8027e-05 -5.1852e-05 -5.5770e-05 -5.9777e-05 -6.3870e-05 -6.8045e-05 -7.2299e-05 -7.6629e-05 -8.1032e-05 -8.5504e-05 -9.0042e-05 -9.4642e-05 -9.9301e-05 -1.0401e-04 -1.0878e-04 -1.1359e-04 -1.1844e-04 -1.2333e-04 -1.2826e-04 -1.3321e-04 -1.3819e-04 -1.4318e-04 -1.4819e-04 -1.5321e-04 -1.5823e-04 -1.6324e-04 -1.6824e-04 -1.7323e-04 -1.7819e-04 -1.8312e-04 -1.8802e-04 -1.9286e-04 -1.9766e-04 -2.0239e-04 -2.0706e-04 -2.1164e-04 -2.1615e-04 -2.2056e-04 -2.2486e-04 -2.2906e-04 -2.3314e-04 -2.3708e-04 -2.4089e-04 -2.4456e-04 -2.4807e-04 -2.5141e-04 -2.5458e-04 -2.5757e-04 -2.6036e-04 -2.6296e-04 -2.6535e-04 -2.6753e-04 -2.6948e-04 -2.7120e-04 -2.7269e-04 -2.7393e-04 -2.7492e-04 -2.7565e-04 -2.7612e-04 -2.7633e-04 -2.7627e-04 -2.7593e-04 -2.7532e-04 -2.7443e-04 -2.7326e-04 -2.7182e-04 -2.7009e-04 -2.6809e-04 -2.6581e-04 -2.6327e-04 -2.6045e-04 -2.5737e-04 -2.5403e-04 -2.5044e-04 -2.4661e-04 -2.4254e-04 -2.3825e-04 -2.3374e-04 -2.2903e-04 -2.2412e-04 -2.1903e-04 -2.1377e-04 -5.8065e-07 -1.6423e-06 -3.0172e-06 -4.6452e-06 -6.4919e-06 -8.5337e-06 -1.0754e-05 -1.3138e-05 -1.5677e-05 -1.8360e-05 -2.1181e-05 -2.4132e-05 -2.7209e-05 -3.0405e-05 0.0000e+00 -3.7137e-05 -4.0666e-05 -4.4297e-05 -4.8027e-05 -5.1852e-05 -5.5770e-05 -5.9777e-05 -6.3870e-05 -6.8045e-05 -7.2299e-05 -7.6629e-05 -8.1032e-05 -8.5504e-05 -9.0042e-05 -9.4642e-05 -9.9300e-05 -1.0401e-04 -1.0878e-04 -1.1359e-04 -1.1844e-04 -1.2333e-04 -1.2826e-04 -1.3321e-04 -1.3819e-04 -1.4318e-04 -1.4819e-04 -1.5321e-04 -1.5823e-04 -1.6324e-04 -1.6824e-04 -1.7323e-04 -1.7819e-04 -1.8312e-04 -1.8801e-04 -1.9286e-04 -1.9765e-04 -2.0238e-04 -2.0705e-04 -2.1164e-04 -2.1614e-04 -2.2055e-04 -2.2485e-04 -2.2905e-04 -2.3312e-04 -2.3707e-04 -2.4088e-04 -2.4454e-04 -2.4805e-04 -2.5139e-04 -2.5456e-04 -2.5754e-04 -2.6034e-04 -2.6293e-04 -2.6532e-04 -2.6750e-04 -2.6945e-04 -2.7117e-04 -2.7265e-04 -2.7388e-04 -2.7487e-04 -2.7560e-04 -2.7607e-04 -2.7628e-04 -2.7621e-04 -2.7587e-04 -2.7526e-04 -2.7437e-04 -2.7320e-04 -2.7175e-04 -2.7002e-04 -2.6802e-04 -2.6574e-04 -2.6319e-04 -2.6037e-04 -2.5728e-04 -2.5394e-04 -2.5035e-04 -2.4652e-04 -2.4245e-04 -2.3815e-04 -2.3364e-04 -2.2893e-04 -2.2402e-04 -2.1892e-04 -2.1366e-04
-6.3958e-07 -1.8090e-06 -3.3234e-06 -5.1166e-06 -7.1507e-06 -9.3998e-06 -1.1845e-05 -1.4471e-05 -1.7268e-05 -2.0223e-05 -2.3330e-05 -2.6581e-05 -2.9970e-05 -3.3490e-05 -3.7137e-05 6.8143e-04 -4.4793e-05 -4.8792e-05 -5.2901e-05 -5.7114e-05 -6.1430e-05 -6.5844e-05 -7.0351e-05 -7.4950e-05 -7.9636e-05 -8.4406e-05 -8.9256e-05 -9.4182e-05 -9.9180e-05 -1.0425e-04 -1.0938e-04 -1.1457e-04 -1.1982e-04 -1.2512e-04 -1.3046e-04 -1.3585e-04 -1.4128e-04 -1.4673e-04 -1.5221e-04 -1.5772e-04 -1.6323e-04 -1.6876e-04 -1.7429e-04 -1.7981e-04 -1.8532e-04 -1.9081e-04 -1.9628e-04 -2.0171e-04 -2.0710e-04 -2.1244e-04 -2.1772e-04 -2.2293e-04 -2.2807e-04 -2.3313e-04 -2.3809e-04 -2.4295e-04 -2.4769e-04 -2.5231e-04 -2.5680e-04 -2.6115e-04 -2.6535e-04 -2.6938e-04 -2.7325e-04 -2.7693e-04 -2.8043e-04 -2.8372e-04 -2.8680e-04 -2.8966e-04 -2.9230e-04 -2.9469e-04 -2.9685e-04 -2.9874e-04 -3.0038e-04 -3.0175e-04 -3.0284e-04 -3.0365e-04 -3.0417e-04 -3.0440e-04 -3.0433e-04 -3.0396e-04 -3.0329e-04 -3.0231e-04 -3.0103e-04 -2.9944e-04 -2.9754e-04 -2.9533e-04 -2.9283e-04 -2.9002e-04 -2.8692e-04 -2.8353e-04 -2.7985e-04 -2.7590e-04 -2.7168e-04 -2.6721e-04 -2.6248e-04 -2.5751e-04 -2.5232e-04 -2.4692e-04 -2.4131e-04 -2.3552e-04 -6.3958e-07 -1.8090e-06 -3.3234e-06 -5.1166e-06 -7.1507e-06 -9.3998e-06 -1.1845e-05 -1.4471e-05 -1.7268e-05 -2.0223e-05 -2.3330e-05 -2.6581e-05 -2.9970e-05 -3.3490e-05 -3.7137e-05 0.0000e+00 -4.4793e-05 -4.8792e-05 -5.2901e-05 -5.7114e-05 -6.1430e-05 -6.5843e-05 -7.0351e-05 -7.4950e-05 -7.9636e-05 -8.4406e-05 -8.9255e-05 -9.4181e-05 -9.9179e-05 -1.0425e-04 -1.0938e-04 -1.1457e-04 -1.1982e-04 -1.2512e-04 -1.3046e-04 -1.3585e-04 -1.4127e-04 -1.4673e-04 -1.5221e-04 -1.5771e-04 -1.6323e-04 -1.6876e-04 -1.7428e-04 -1.7981e-04 -1.8532e-04 -1.9081e-04 -1.9627e-04 -2.0170e-04 -2.0709e-04 -2.1243e-04 -2.1771e-04 -2.2292e-04 -2.2806e-04 -2.3311e-04 -2.3807e-04 -2.4293e-04 -2.4767e-04 -2.5229e-04 -2.5678e-04 -2.6113e-04 -2.6532e-04 -2.6936e-04 -2.7322e-04 -2.7690e-04 -2.8039e-04 -2.8368e-04 -2.8676e-04 -2.8962e-04 -2.9225e-04 -2.9465e-04 -2.9680e-04 -2.9869e-04 -3.0032e-04 -3.0169e-04 -3.0277e-04 -3.0358e-04 -3.0410e-04 -3.0432e-04 -3.0425e-04 -3.0388e-04 -3.0320e-04 -3.0222e-04 -3.0093e-04 -2.9934e-04 -2.9744e-04 -2.9523e-04 -2.9272e-04 -2.8991e-04 -2.8680e-04 -2.8341e-04 -2.7973e-04 -2.7577e-04 -2.7155e-04 -2.6707e-04 -2.6234e-04 -2.5737e-04 -2.5217e-04 -2.4677e-04 -2.4116e-04 -2.3537e-04
