1.0995e-08 -3.5355e-08 -6.4947e-08 -9.9974e-08 -1.3967e-07 -1.8347e-07 -2.3095e-07 -2.8169e-07 -3.3529e-07 -3.9135e-07 -4.4941e-07 -5.0895e-07 -5.6940e-07 -6.3011e-07 -6.9034e-07 -7.4925e-07 -8.0595e-07 -8.5946e-07 -9.0875e-07 -9.5273e-07 -9.9032e-07 -1.0205e-06 -1.0422e-06 -1.0547e-06 -1.0572e-06 -1.0493e-06 -1.0308e-06 -1.0016e-06 -9.6236e-07 -9.1372e-07 -8.5679e-07 -7.9295e-07 -7.2384e-07 -6.5128e-07 -5.7716e-07 -5.0340e-07 -4.3179e-07 -3.6393e-07 -3.0116e-07 -2.4446e-07 -1.9448e-07 -1.5149e-07 -1.1544e-07 -8.5964e-08 -6.2496e-08 -4.4311e-08 -3.0609e-08 -2.0576e-08 -1.3446e-08 -8.5316e-09 -5.2503e-09 -3.1299e-09 -1.8053e-09 -1.0062e-09 -5.4125e-10 -2.8063e-10 -1.4006e-10 -6.7200e-11 -3.0952e-11 -1.3668e-11 -5.7776e-12 -2.3347e-12 -9.0055e-13 -3.3109e-13 -1.1584e-13 -3.8514e-14 -1.2148e-14 -3.6298e-15 -1.0256e-15 -2.7363e-16 -6.8812e-17 -1.6284e-17 -3.6201e-18 -7.5471e-19 -1.4729e-19 -2.6863e-20 -4.5699e-21 -7.2385e-22 -1.0656e-22 -1.4551e-23 -1.8396e-24 -2.1492e-25 -2.3157e-26 -2.2966e-27 -2.0924e-28 -1.7476e-29 -1.3354e-30 -9.3164e-32 -5.9216e-33 -3.4219e-34 -1.7939e-35 -8.5134e-37 -3.6493e-38 -1.4098e-39 -4.8979e-41 -1.5266e-42 -4.2596e-44 -1.0614e-45 -2.3566e-47 -4.6510e-49 0.0000e+00 3.5355e-08 6.4947e-08 9.9974e-08 1.3967e-07 1.8347e-07 2.3095e-07 2.8169e-07 3.3529e-07 3.9135e-07 4.4941e-07 5.0895e-07 5.6940e-07 6.3011e-07 6.9034e-07 7.4925e-07 8.0595e-07 8.5946e-07 9.0875e-07 9.5272e-07 9.9032e-07 1.0205e-06 1.0422e-06 1.0547e-06 1.0572e-06 1.0493e-06 1.0307e-06 1.0016e-06 9.6236e-07 9.1372e-07 8.5679e-07 7.9295e-07 7.2384e-07 6.5128e-07 5.7716e-07 5.0340e-07 4.3179e-07 3.6393e-07 3.0116e-07 2.4446e-07 1.9448e-07 1.5149e-07 1.1544e-07 8.5963e-08 6.2496e-08 4.4311e-08 3.0608e-08 2.0576e-08 1.3446e-08 8.5315e-09 5.2502e-09 3.1298e-09 1.8052e-09 1.0062e-09 5.4124e-10 2.8062e-10 1.4006e-10 6.7199e-11 3.0952e-11 1.3667e-11 5.7774e-12 2.3346e-12 9.0053e-13 3.3108e-13 1.1584e-13 3.8513e-14 1.2148e-14 3.6296e-15 1.0256e-15 2.7362e-16 6.8809e-17 1.6283e-17 3.6199e-18 7.5466e-19 1.4728e-19 2.6861e-20 4.5696e-21 7.2380e-22 1.0655e-22 1.4549e-23 1.8394e-24 2.1490e-25 2.3155e-26 2.2964e-27 2.0922e-28 1.7474e-29 1.3352e-30 9.3153e-32 5.9209e-33 3.4215e-34 1.7937e-35 8.5122e-37 3.6488e-38 1.4096e-39 4.8971e-41 1.5264e-42 4.2588e-44 1.0612e-45 2.3562e-47 4.6501e-49
-3.5355e-08 1.7592e-07 -1.8369e-07 -2.8277e-07 -3.9503e-07 -5.1893e-07 -6.5321e-07 -7.9672e-07 -9.4834e-07 -1.1069e-06 -1.2711e-06 -1.4395e-06 -1.6105e-06 -1.7822e-06 -1.9525e-06 -2.1192e-06 -2.2796e-06 -2.4309e-06 -2.5703e-06 -2.6947e-06 -2.8010e-06 -2.8864e-06 -2.9479e-06 -2.9832e-06 -2.9903e-06 -2.9679e-06 -2.9154e-06 -2.8330e-06 -2.7220e-06 -2.5844e-06 -2.4234e-06 -2.2428e-06 -2.0474e-06 -1.8421e-06 -1.6325e-06 -1.4239e-06 -1.2213e-06 -1.0294e-06 -8.5185e-07 -6.9148e-07 -5.5011e-07 -4.2852e-07 -3.2654e-07 -2.4317e-07 -1.7678e-07 -1.2535e-07 -8.6585e-08 -5.8206e-08 -3.8037e-08 -2.4135e-08 -1.4853e-08 -8.8544e-09 -5.1072e-09 -2.8466e-09 -1.5313e-09 -7.9396e-10 -3.9627e-10 -1.9013e-10 -8.7577e-11 -3.8672e-11 -1.6348e-11 -6.6063e-12 -2.5483e-12 -9.3691e-13 -3.2782e-13 -1.0899e-13 -3.4381e-14 -1.0273e-14 -2.9029e-15 -7.7449e-16 -1.9478e-16 -4.6095e-17 -1.0248e-17 -2.1365e-18 -4.1699e-19 -7.6054e-20 -1.2939e-20 -2.0496e-21 -3.0173e-22 -4.1205e-23 -5.2098e-24 -6.0869e-25 -6.5590e-26 -6.5055e-27 -5.9273e-28 -4.9510e-29 -3.7835e-30 -2.6398e-31 -1.6780e-32 -9.6975e-34 -5.0843e-35 -2.4131e-36 -1.0345e-37 -3.9969e-39 -1.3887e-40 -4.3289e-42 -1.2080e-43 -3.0104e-45 -6.6847e-47 -1.3194e-48 3.5355e-08 0.0000e+00 1.8369e-07 2.8277e-07 3.9503e-07 5.1893e-07 6.5321e-07 7.9672e-07 9.4834e-07 1.1069e-06 1.2711e-06 1.4395e-06 1.6105e-06 1.7822e-06 1.9525e-06 2.1192e-06 2.2795e-06 2.4309e-06 2.5703e-06 2.6947e-06 2.8010e-06 2.8863e-06 2.9479e-06 2.9832e-06 2.9903e-06 2.9679e-06 2.9154e-06 2.8330e-06 2.7219e-06 2.5844e-06 2.4233e-06 2.2428e-06 2.0473e-06 1.8421e-06 1.6324e-06 1.4238e-06 1.2213e-06 1.0293e-06 8.5179e-07 6.9142e-07 5.5006e-07 4.2848e-07 3.2650e-07 2.4314e-07 1.7676e-07 1.2533e-07 8.6572e-08 5.8196e-08 3.8030e-08 2.4130e-08 1.4850e-08 8.8524e-09 5.1059e-09 2.8458e-09 1.5308e-09 7.9371e-10 3.9614e-10 1.9006e-10 8.7543e-11 3.8656e-11 1.6341e-11 6.6032e-12 2.5470e-12 9.3641e-13 3.2763e-13 1.0893e-13 3.4359e-14 1.0266e-14 2.9008e-15 7.7390e-16 1.9462e-16 4.6055e-17 1.0238e-17 2.1345e-18 4.1657e-19 7.5973e-20 1.2924e-20 2.0472e-21 3.0136e-22 4.1151e-23 5.2026e-24 6.0781e-25 6.5490e-26 6.4951e-27 5.9174e-28 4.9423e-29 3.7766e-30 2.6347e-31 1.6746e-32 9.6772e-34 5.0732e-35 2.4076e-36 1.0320e-37 3.9870e-39 1.3851e-40 4.3172e-42 1.2046e-43 3.0016e-45 6.6642e-47 1.3152e-48
-6.4947e-08 -1.8369e-07 8.9057e-07 -5.1944e-07 -7.2567e-07 -9.5328e-07 -1.1999e-06 -1.4636e-06 -1.7421e-06 -2.0334e-06 -2.3350e-06 -2.6444e-06 -2.9585e-06 -3.2739e-06 -3.5868e-06 -3.8930e-06 -4.1876e-06 -4.4656e-06 -4.7217e-06 -4.9502e-06 -5.1456e-06 -5.3024e-06 -5.4155e-06 -5.4804e-06 -5.4935e-06 -5.4524e-06 -5.3560e-06 -5.2047e-06 -5.0008e-06 -4.7481e-06 -4.4523e-06 -4.1206e-06 -3.7616e-06 -3.3846e-06 -2.9995e-06 -2.6163e-06 -2.2442e-06 -1.8915e-06 -1.5653e-06 -1.2707e-06 -1.0109e-06 -7.8751e-07 -6.0011e-07 -4.4691e-07 -3.2493e-07 -2.3040e-07 -1.5916e-07 -1.0700e-07 -6.9925e-08 -4.4372e-08 -2.7309e-08 -1.6281e-08 -9.3915e-09 -5.2350e-09 -2.8163e-09 -1.4604e-09 -7.2895e-10 -3.4979e-10 -1.6113e-10 -7.1160e-11 -3.0085e-11 -1.2159e-11 -4.6908e-12 -1.7249e-12 -6.0361e-13 -2.0072e-13 -6.3323e-14 -1.8924e-14 -5.3483e-15 -1.4272e-15 -3.5899e-16 -8.4972e-17 -1.8895e-17 -3.9401e-18 -7.6917e-19 -1.4032e-19 -2.3878e-20 -3.7832e-21 -5.5709e-22 -7.6097e-23 -9.6239e-24 -1.1247e-24 -1.2123e-25 -1.2028e-26 -1.0962e-27 -9.1596e-29 -7.0021e-30 -4.8871e-31 -3.1076e-32 -1.7966e-33 -9.4232e-35 -4.4741e-36 -1.9188e-37 -7.4169e-39 -2.5780e-40 -8.0400e-42 -2.2446e-43 -5.5964e-45 -1.2433e-46 -2.4553e-48 6.4947e-08 1.8369e-07 0.0000e+00 5.1944e-07 7.2567e-07 9.5328e-07 1.1999e-06 1.4636e-06 1.7421e-06 2.0334e-06 2.3350e-06 2.6444e-06 2.9585e-06 3.2739e-06 3.5868e-06 3.8929e-06 4.1875e-06 4.4656e-06 4.7216e-06 4.9501e-06 5.1455e-06 5.3022e-06 5.4152e-06 5.4801e-06 5.4931e-06 5.4520e-06 5.3555e-06 5.2042e-06 5.0002e-06 4.7474e-06 4.4516e-06 4.1199e-06 3.7609e-06 3.3839e-06 2.9988e-06 2.6155e-06 2.2435e-06 1.8909e-06 1.5647e-06 1.2701e-06 1.0105e-06 7.8712e-07 5.9978e-07 4.4664e-07 3.2471e-07 2.3023e-07 1.5903e-07 1.0691e-07 6.9860e-08 4.4327e-08 2.7279e-08 1.6262e-08 9.3795e-09 5.2278e-09 2.8121e-09 1.4580e-09 7.2771e-10 3.4915e-10 1.6082e-10 7.1011e-11 3.0018e-11 1.2130e-11 4.6789e-12 1.7202e-12 6.0186e-13 2.0010e-13 6.3117e-14 1.8858e-14 5.3287e-15 1.4217e-15 3.5751e-16 8.4603e-17 1.8808e-17 3.9210e-18 7.6524e-19 1.3956e-19 2.3742e-20 3.7607e-21 5.5359e-22 7.5594e-23 9.5572e-24 1.1166e-24 1.2031e-25 1.1932e-26 1.0870e-27 9.0791e-29 6.9376e-30 4.8400e-31 3.0763e-32 1.7777e-33 9.3195e-35 4.4227e-36 1.8958e-37 7.3240e-39 2.5444e-40 7.9307e-42 2.2128e-43 5.5138e-45 1.2242e-46 2.4161e-48
-9.9974e-08 -2.8277e-07 -5.1944e-07 2.8146e-06 -1.1170e-06 -1.4674e-06 -1.8471e-06 -2.2529e-06 -2.6817e-06 -3.1300e-06 -3.5944e-06 -4.0706e-06 -4.5541e-06 -5.0397e-06 -5.5214e-06 -5.9927e-06 -6.4463e-06 -6.8743e-06 -7.2686e-06 -7.6205e-06 -7.9213e-06 -8.1628e-06 -8.3370e-06 -8.4371e-06 -8.4574e-06 -8.3944e-06 -8.2461e-06 -8.0135e-06 -7.6997e-06 -7.3109e-06 -6.8558e-06 -6.3454e-06 -5.7927e-06 -5.2124e-06 -4.6197e-06 -4.0297e-06 -3.4568e-06 -2.9138e-06 -2.4115e-06 -1.9577e-06 -1.5577e-06 -1.2136e-06 -9.2488e-07 -6.8885e-07 -5.0089e-07 -3.5521e-07 -2.4542e-07 -1.6501e-07 -1.0786e-07 -6.8453e-08 -4.2136e-08 -2.5126e-08 -1.4496e-08 -8.0823e-09 -4.3491e-09 -2.2557e-09 -1.1262e-09 -5.4057e-10 -2.4909e-10 -1.1004e-10 -4.6535e-11 -1.8814e-11 -7.2605e-12 -2.6707e-12 -9.3495e-13 -3.1102e-13 -9.8162e-14 -2.9348e-14 -8.2981e-15 -2.2153e-15 -5.5751e-16 -1.3203e-16 -2.9374e-17 -6.1286e-18 -1.1971e-18 -2.1851e-19 -3.7207e-20 -5.8989e-21 -8.6921e-22 -1.1881e-22 -1.5037e-23 -1.7587e-24 -1.8971e-25 -1.8837e-26 -1.7182e-27 -1.4369e-28 -1.0994e-29 -7.6802e-31 -4.8884e-32 -2.8289e-33 -1.4852e-34 -7.0591e-36 -3.0307e-37 -1.1728e-38 -4.0811e-40 -1.2742e-41 -3.5617e-43 -8.8915e-45 -1.9779e-46 -3.9111e-48 9.9974e-08 2.8277e-07 5.1944e-07 0.0000e+00 1.1170e-06 1.4674e-06 1.8471e-06 2.2529e-06 2.6817e-06 3.1300e-06 3.5943e-06 4.0706e-06 4.5541e-06 5.0396e-06 5.5213e-06 5.9925e-06 6.4460e-06 6.8740e-06 7.2681e-06 7.6199e-06 7.9206e-06 8.1618e-06 8.3358e-06 8.4356e-06 8.4558e-06 8.3924e-06 8.2439e-06 8.0110e-06 7.6969e-06 7.3079e-06 6.8525e-06 6.3420e-06 5.7892e-06 5.2089e-06 4.6161e-06 4.0262e-06 3.4535e-06 2.9107e-06 2.4086e-06 1.9552e-06 1.5554e-06 1.2116e-06 9.2326e-07 6.8753e-07 4.9984e-07 3.5440e-07 2.4480e-07 1.6456e-07 1.0754e-07 6.8234e-08 4.1991e-08 2.5032e-08 1.4438e-08 8.0473e-09 4.3288e-09 2.2444e-09 1.1202e-09 5.3745e-10 2.4755e-10 1.0931e-10 4.6207e-11 1.8672e-11 7.2024e-12 2.6479e-12 9.2647e-13 3.0802e-13 9.7158e-14 2.9029e-14 8.2027e-15 2.1884e-15 5.5033e-16 1.3023e-16 2.8952e-17 6.0357e-18 1.1780e-18 2.1483e-19 3.6547e-20 5.7889e-21 8.5216e-22 1.1636e-22 1.4712e-23 1.7187e-24 1.8519e-25 1.8366e-26 1.6733e-27 1.3976e-28 1.0679e-29 7.4502e-31 4.7354e-32 2.7364e-33 1.4346e-34 6.8079e-36 2.9182e-37 1.1274e-38 3.9166e-40 1.2208e-41 3.4061e-43 8.4875e-45 1.8844e-46 3.7190e-48
-1.3967e-07 -3.9503e-07 -7.2567e-07 -1.1170e-06 6.8716e-06 -2.0500e-06 -2.5805e-06 -3.1474e-06 -3.7464e-06 -4.3728e-06 -5.0215e-06 -5.6868e-06 -6.3624e-06 -7.0408e-06 -7.7139e-06 -8.3723e-06 -9.0062e-06 -9.6044e-06 -1.0155e-05 -1.0647e-05 -1.1068e-05 -1.1406e-05 -1.1649e-05 -1.1790e-05 -1.1819e-05 -1.1731e-05 -1.1525e-05 -1.1200e-05 -1.0762e-05 -1.0220e-05 -9.5842e-06 -8.8715e-06 -8.0997e-06 -7.2891e-06 -6.4610e-06 -5.6365e-06 -4.8359e-06 -4.0770e-06 -3.3747e-06 -2.7402e-06 -2.1807e-06 -1.6993e-06 -1.2953e-06 -9.6500e-07 -7.0187e-07 -4.9788e-07 -3.4408e-07 -2.3143e-07 -1.5132e-07 -9.6071e-08 -5.9159e-08 -3.5291e-08 -2.0370e-08 -1.1362e-08 -6.1167e-09 -3.1741e-09 -1.5856e-09 -7.6148e-10 -3.5109e-10 -1.5519e-10 -6.5673e-11 -2.6569e-11 -1.0261e-11 -3.7771e-12 -1.3233e-12 -4.4056e-13 -1.3917e-13 -4.1643e-14 -1.1786e-14 -3.1494e-15 -7.9337e-16 -1.8808e-16 -4.1890e-17 -8.7500e-18 -1.7111e-18 -3.1272e-19 -5.3316e-20 -8.4642e-21 -1.2489e-21 -1.7095e-22 -2.1668e-23 -2.5380e-24 -2.7421e-25 -2.7271e-26 -2.4917e-27 -2.0874e-28 -1.6000e-29 -1.1198e-30 -7.1408e-32 -4.1405e-33 -2.1782e-34 -1.0375e-35 -4.4637e-37 -1.7311e-38 -6.0377e-40 -1.8896e-41 -5.2943e-43 -1.3249e-44 -2.9547e-46 -5.8580e-48 1.3967e-07 3.9503e-07 7.2567e-07 1.1170e-06 0.0000e+00 2.0500e-06 2.5805e-06 3.1474e-06 3.7463e-06 4.3727e-06 5.0214e-06 5.6867e-06 6.3622e-06 7.0405e-06 7.7134e-06 8.3717e-06 9.0052e-06 9.6031e-06 1.0154e-05 1.0645e-05 1.1065e-05 1.1402e-05 1.1645e-05 1.1785e-05 1.1813e-05 1.1724e-05 1.1517e-05 1.1192e-05 1.0753e-05 1.0209e-05 9.5732e-06 8.8599e-06 8.0877e-06 7.2769e-06 6.4489e-06 5.6247e-06 4.8246e-06 4.0664e-06 3.3649e-06 2.7314e-06 2.1730e-06 1.6927e-06 1.2898e-06 9.6049e-07 6.9829e-07 4.9510e-07 3.4200e-07 2.2990e-07 1.5023e-07 9.5325e-08 5.8662e-08 3.4971e-08 2.0170e-08 1.1242e-08 6.0474e-09 3.1355e-09 1.5649e-09 7.5083e-10 3.4583e-10 1.5271e-10 6.4553e-11 2.6085e-11 1.0062e-11 3.6992e-12 1.2943e-12 4.3031e-13 1.3573e-13 4.0555e-14 1.1459e-14 3.0572e-15 7.6882e-16 1.8194e-16 4.0446e-17 8.4320e-18 1.6456e-18 3.0012e-19 5.1056e-20 8.0871e-21 1.1905e-21 1.6256e-22 2.0552e-23 2.4011e-24 2.5871e-25 2.5658e-26 2.3375e-27 1.9523e-28 1.4918e-29 1.0408e-30 6.6152e-32 3.8227e-33 2.0040e-34 9.5102e-36 4.0765e-37 1.5749e-38 5.4711e-40 1.7053e-41 4.7579e-43 1.1856e-44 2.6322e-46 5.1949e-48
-1.8347e-07 -5.1893e-07 -9.5328e-07 -1.4674e-06 -2.0500e-06 1.4249e-05 -3.3899e-06 -4.1346e-06 -4.9215e-06 -5.7444e-06 -6.5966e-06 -7.4707e-06 -8.3583e-06 -9.2497e-06 -1.0134e-05 -1.0999e-05 -1.1832e-05 -1.2619e-05 -1.3343e-05 -1.3990e-05 -1.4543e-05 -1.4988e-05 -1.5309e-05 -1.5494e-05 -1.5534e-05 -1.5420e-05 -1.5150e-05 -1.4725e-05 -1.4151e-05 -1.3440e-05 -1.2606e-05 -1.1670e-05 -1.0657e-05 -9.5925e-06 -8.5045e-06 -7.4211e-06 -6.3686e-06 -5.3707e-06 -4.4469e-06 -3.6120e-06 -2.8755e-06 -2.2416e-06 -1.7094e-06 -1.2740e-06 -9.2707e-07 -6.5796e-07 -4.5496e-07 -3.0617e-07 -2.0031e-07 -1.2726e-07 -7.8417e-08 -4.6813e-08 -2.7041e-08 -1.5095e-08 -8.1334e-09 -4.2244e-09 -2.1123e-09 -1.0154e-09 -4.6865e-10 -2.0738e-10 -8.7861e-11 -3.5588e-11 -1.3761e-11 -5.0723e-12 -1.7795e-12 -5.9330e-13 -1.8770e-13 -5.6253e-14 -1.5946e-14 -4.2685e-15 -1.0772e-15 -2.5583e-16 -5.7089e-17 -1.1948e-17 -2.3414e-18 -4.2882e-19 -7.3270e-20 -1.1658e-20 -1.7243e-21 -2.3660e-22 -3.0064e-23 -3.5307e-24 -3.8248e-25 -3.8145e-26 -3.4952e-27 -2.9366e-28 -2.2577e-29 -1.5850e-30 -1.0140e-31 -5.8990e-33 -3.1138e-34 -1.4882e-35 -6.4259e-37 -2.5012e-38 -8.7561e-40 -2.7508e-41 -7.7376e-43 -1.9442e-44 -4.3535e-46 -8.6673e-48 1.8347e-07 5.1893e-07 9.5328e-07 1.4674e-06 2.0500e-06 0.0000e+00 3.3898e-06 4.1346e-06 4.9214e-06 5.7442e-06 6.5964e-06 7.4703e-06 8.3577e-06 9.2487e-06 1.0133e-05 1.0997e-05 1.1830e-05 1.2615e-05 1.3338e-05 1.3984e-05 1.4536e-05 1.4979e-05 1.5298e-05 1.5481e-05 1.5518e-05 1.5402e-05 1.5129e-05 1.4702e-05 1.4125e-05 1.3412e-05 1.2576e-05 1.1639e-05 1.0624e-05 9.5594e-06 8.4716e-06 7.3889e-06 6.3378e-06 5.3418e-06 4.4203e-06 3.5881e-06 2.8545e-06 2.2236e-06 1.6944e-06 1.2618e-06 9.1730e-07 6.5039e-07 4.4926e-07 3.0201e-07 1.9735e-07 1.2522e-07 7.7062e-08 4.5939e-08 2.6497e-08 1.4768e-08 7.9442e-09 4.1189e-09 2.0557e-09 9.8633e-10 4.5430e-10 2.0060e-10 8.4799e-11 3.4267e-11 1.3218e-11 4.8594e-12 1.7002e-12 5.6527e-13 1.7830e-13 5.3273e-14 1.5053e-14 4.0160e-15 1.0099e-15 2.3899e-16 5.3129e-17 1.1076e-17 2.1617e-18 3.9423e-19 6.7066e-20 1.0623e-20 1.5637e-21 2.1353e-22 2.6996e-23 3.1538e-24 3.3981e-25 3.3701e-26 3.0703e-27 2.5643e-28 1.9594e-29 1.3669e-30 8.6882e-32 5.0205e-33 2.6319e-34 1.2490e-35 5.3535e-37 2.0681e-38 7.1845e-40 2.2393e-41 6.2476e-43 1.5567e-44 3.4561e-46 6.8205e-48
-2.3095e-07 -6.5321e-07 -1.1999e-06 -1.8471e-06 -2.5805e-06 -3.3899e-06 2.6397e-05 -5.2045e-06 -6.1950e-06 -7.2309e-06 -8.3038e-06 -9.4042e-06 -1.0522e-05 -1.1644e-05 -1.2758e-05 -1.3847e-05 -1.4897e-05 -1.5887e-05 -1.6800e-05 -1.7616e-05 -1.8314e-05 -1.8876e-05 -1.9282e-05 -1.9518e-05 -1.9570e-05 -1.9430e-05 -1.9093e-05 -1.8561e-05 -1.7841e-05 -1.6947e-05 -1.5900e-05 -1.4724e-05 -1.3450e-05 -1.2110e-05 -1.0741e-05 -9.3759e-06 -8.0496e-06 -6.7914e-06 -5.6260e-06 -4.5722e-06 -3.6420e-06 -2.8409e-06 -2.1679e-06 -1.6169e-06 -1.1775e-06 -8.3635e-07 -5.7881e-07 -3.8988e-07 -2.5533e-07 -1.6238e-07 -1.0017e-07 -5.9868e-08 -3.4624e-08 -1.9354e-08 -1.0442e-08 -5.4314e-09 -2.7199e-09 -1.3096e-09 -6.0544e-10 -2.6838e-10 -1.1391e-10 -4.6229e-11 -1.7912e-11 -6.6159e-12 -2.3261e-12 -7.7732e-13 -2.4649e-13 -7.4057e-14 -2.1047e-14 -5.6488e-15 -1.4294e-15 -3.4046e-16 -7.6197e-17 -1.5996e-17 -3.1445e-18 -5.7780e-19 -9.9058e-20 -1.5816e-20 -2.3476e-21 -3.2333e-22 -4.1240e-23 -4.8621e-24 -5.2882e-25 -5.2956e-26 -4.8729e-27 -4.1119e-28 -3.1753e-29 -2.2394e-30 -1.4393e-31 -8.4131e-33 -4.4626e-34 -2.1434e-35 -9.3021e-37 -3.6394e-38 -1.2808e-39 -4.0455e-41 -1.1442e-42 -2.8909e-44 -6.5102e-46 -1.3036e-47 2.3095e-07 6.5321e-07 1.1999e-06 1.8471e-06 2.5805e-06 3.3898e-06 0.0000e+00 5.2044e-06 6.1948e-06 7.2306e-06 8.3032e-06 9.4033e-06 1.0520e-05 1.1642e-05 1.2755e-05 1.3843e-05 1.4891e-05 1.5879e-05 1.6790e-05 1.7602e-05 1.8297e-05 1.8854e-05 1.9256e-05 1.9487e-05 1.9533e-05 1.9387e-05 1.9044e-05 1.8506e-05 1.7780e-05 1.6882e-05 1.5830e-05 1.4650e-05 1.3374e-05 1.2033e-05 1.0664e-05 9.3008e-06 7.9777e-06 6.7240e-06 5.5641e-06 4.5166e-06 3.5932e-06 2.7989e-06 2.1328e-06 1.5882e-06 1.1547e-06 8.1868e-07 5.6551e-07 3.8015e-07 2.4842e-07 1.5762e-07 9.7001e-08 5.7825e-08 3.3353e-08 1.8589e-08 9.9996e-09 5.1846e-09 2.5876e-09 1.2415e-09 5.7184e-10 2.5250e-10 1.0674e-10 4.3132e-11 1.6637e-11 6.1165e-12 2.1400e-12 7.1149e-13 2.2442e-13 6.7053e-14 1.8946e-14 5.0546e-15 1.2711e-15 3.0079e-16 6.6867e-17 1.3940e-17 2.7205e-18 4.9614e-19 8.4401e-20 1.3368e-20 1.9678e-21 2.6870e-22 3.3970e-23 3.9684e-24 4.2757e-25 4.2403e-26 3.8629e-27 3.2261e-28 2.4650e-29 1.7196e-30 1.0929e-31 6.3148e-33 3.3101e-34 1.5707e-35 6.7322e-37 2.6005e-38 9.0330e-40 2.8151e-41 7.8533e-43 1.9566e-44 4.3433e-46 8.5701e-48
-2.8169e-07 -7.9672e-07 -1.4636e-06 -2.2529e-06 -3.1474e-06 -4.1346e-06 -5.2045e-06 4.5032e-05 -7.5562e-06 -8.8198e-06 -1.0129e-05 -1.1471e-05 -1.2834e-05 -1.4204e-05 -1.5563e-05 -1.6893e-05 -1.8175e-05 -1.9385e-05 -2.0500e-05 -2.1498e-05 -2.2352e-05 -2.3041e-05 -2.3541e-05 -2.3833e-05 -2.3901e-05 -2.3735e-05 -2.3329e-05 -2.2685e-05 -2.1813e-05 -2.0727e-05 -1.9454e-05 -1.8023e-05 -1.6470e-05 -1.4837e-05 -1.3167e-05 -1.1501e-05 -9.8802e-06 -8.3417e-06 -6.9155e-06 -5.6248e-06 -4.4844e-06 -3.5012e-06 -2.6745e-06 -1.9969e-06 -1.4559e-06 -1.0354e-06 -7.1750e-07 -4.8397e-07 -3.1741e-07 -2.0218e-07 -1.2493e-07 -7.4795e-08 -4.3337e-08 -2.4271e-08 -1.3122e-08 -6.8398e-09 -3.4328e-09 -1.6567e-09 -7.6781e-10 -3.4123e-10 -1.4522e-10 -5.9100e-11 -2.2965e-11 -8.5084e-12 -3.0009e-12 -1.0061e-12 -3.2012e-13 -9.6516e-14 -2.7529e-14 -7.4165e-15 -1.8840e-15 -4.5054e-16 -1.0125e-16 -2.1347e-17 -4.2147e-18 -7.7793e-19 -1.3399e-19 -2.1495e-20 -3.2061e-21 -4.4377e-22 -5.6892e-23 -6.7426e-24 -7.3728e-25 -7.4236e-26 -6.8691e-27 -5.8294e-28 -4.5278e-29 -3.2121e-30 -2.0769e-31 -1.2214e-32 -6.5191e-34 -3.1510e-35 -1.3763e-36 -5.4196e-38 -1.9199e-39 -6.1047e-41 -1.7383e-42 -4.4221e-44 -1.0027e-45 -2.0220e-47 2.8169e-07 7.9672e-07 1.4636e-06 2.2529e-06 3.1474e-06 4.1346e-06 5.2044e-06 0.0000e+00 7.5558e-06 8.8191e-06 1.0127e-05 1.1469e-05 1.2831e-05 1.4200e-05 1.5557e-05 1.6884e-05 1.8162e-05 1.9368e-05 2.0479e-05 2.1470e-05 2.2317e-05 2.2997e-05 2.3487e-05 2.3768e-05 2.3825e-05 2.3646e-05 2.3228e-05 2.2572e-05 2.1687e-05 2.0591e-05 1.9308e-05 1.7869e-05 1.6312e-05 1.4676e-05 1.3006e-05 1.1344e-05 9.7304e-06 8.2012e-06 6.7865e-06 5.5088e-06 4.3826e-06 3.4139e-06 2.6014e-06 1.9372e-06 1.4083e-06 9.9853e-07 6.8974e-07 4.6366e-07 3.0299e-07 1.9225e-07 1.1831e-07 7.0528e-08 4.0679e-08 2.2673e-08 1.2196e-08 6.3234e-09 3.1560e-09 1.5142e-09 6.9742e-10 3.0795e-10 1.3018e-10 5.2602e-11 2.0290e-11 7.4593e-12 2.6098e-12 8.6766e-13 2.7367e-13 8.1767e-14 2.3103e-14 6.1635e-15 1.5499e-15 3.6675e-16 8.1527e-17 1.6995e-17 3.3167e-18 6.0483e-19 1.0288e-19 1.6295e-20 2.3985e-21 3.2747e-22 4.1397e-23 4.8356e-24 5.2095e-25 5.1657e-26 4.7054e-27 3.9293e-28 3.0018e-29 2.0937e-30 1.3305e-31 7.6862e-33 4.0283e-34 1.9111e-35 8.1890e-37 3.1625e-38 1.0982e-39 3.4215e-41 9.5420e-43 2.3765e-44 5.2735e-46 1.0402e-47
-3.3529e-07 -9.4834e-07 -1.7421e-06 -2.6817e-06 -3.7464e-06 -4.9215e-06 -6.1950e-06 -7.5562e-06 7.2129e-05 -1.0499e-05 -1.2057e-05 -1.3656e-05 -1.5279e-05 -1.6910e-05 -1.8529e-05 -2.0115e-05 -2.1642e-05 -2.3086e-05 -2.4417e-05 -2.5609e-05 -2.6632e-05 -2.7457e-05 -2.8059e-05 -2.8415e-05 -2.8504e-05 -2.8315e-05 -2.7841e-05 -2.7084e-05 -2.6054e-05 -2.4770e-05 -2.3261e-05 -2.1563e-05 -1.9719e-05 -1.7777e-05 -1.5787e-05 -1.3802e-05 -1.1868e-05 -1.0030e-05 -8.3244e-06 -6.7787e-06 -5.4112e-06 -4.2305e-06 -3.2363e-06 -2.4201e-06 -1.7673e-06 -1.2591e-06 -8.7412e-07 -5.9078e-07 -3.8827e-07 -2.4785e-07 -1.5350e-07 -9.2129e-08 -5.3518e-08 -3.0053e-08 -1.6294e-08 -8.5184e-09 -4.2886e-09 -2.0764e-09 -9.6555e-10 -4.3062e-10 -1.8393e-10 -7.5137e-11 -2.9312e-11 -1.0904e-11 -3.8620e-12 -1.3004e-12 -4.1563e-13 -1.2589e-13 -3.6080e-14 -9.7678e-15 -2.4939e-15 -5.9947e-16 -1.3544e-16 -2.8710e-17 -5.7001e-18 -1.0581e-18 -1.8330e-19 -2.9582e-20 -4.4391e-21 -6.1824e-22 -7.9758e-23 -9.5131e-24 -1.0470e-24 -1.0612e-25 -9.8853e-27 -8.4461e-28 -6.6055e-29 -4.7189e-30 -3.0728e-31 -1.8200e-32 -9.7845e-34 -4.7639e-35 -2.0961e-36 -8.3159e-38 -2.9681e-39 -9.5093e-41 -2.7284e-42 -6.9945e-44 -1.5984e-45 -3.2483e-47 3.3529e-07 9.4834e-07 1.7421e-06 2.6817e-06 3.7463e-06 4.9214e-06 6.1948e-06 7.5558e-06 0.0000e+00 1.0497e-05 1.2055e-05 1.3652e-05 1.5273e-05 1.6902e-05 1.8517e-05 2.0098e-05 2.1618e-05 2.3054e-05 2.4376e-05 2.5555e-05 2.6564e-05 2.7373e-05 2.7956e-05 2.8291e-05 2.8359e-05 2.8146e-05 2.7648e-05 2.6867e-05 2.5814e-05 2.4509e-05 2.2982e-05 2.1270e-05 1.9416e-05 1.7469e-05 1.5481e-05 1.3503e-05 1.1582e-05 9.7619e-06 8.0780e-06 6.5572e-06 5.2165e-06 4.0635e-06 3.0964e-06 2.3058e-06 1.6763e-06 1.1885e-06 8.2098e-07 5.5188e-07 3.6064e-07 2.2883e-07 1.4082e-07 8.3945e-08 4.8417e-08 2.6985e-08 1.4516e-08 7.5260e-09 3.7561e-09 1.8021e-09 8.3001e-10 3.6649e-10 1.5492e-10 6.2598e-11 2.4144e-11 8.8760e-12 3.1054e-12 1.0324e-12 3.2561e-13 9.7277e-14 2.7484e-14 7.3317e-15 1.8435e-15 4.3619e-16 9.6954e-17 2.0209e-17 3.9433e-18 7.1902e-19 1.2229e-19 1.9365e-20 2.8499e-21 3.8905e-22 4.9170e-23 5.7423e-24 6.1847e-25 6.1312e-26 5.5832e-27 4.6608e-28 3.5594e-29 2.4817e-30 1.5763e-31 9.1025e-33 4.7682e-34 2.2609e-35 9.6824e-37 3.7369e-38 1.2968e-39 4.0372e-41 1.1250e-42 2.7995e-44 6.2063e-46 1.2229e-47
-3.9135e-07 -1.1069e-06 -2.0334e-06 -3.1300e-06 -4.3728e-06 -5.7444e-06 -7.2309e-06 -8.8198e-06 -1.0499e-05 1.0993e-04 -1.4074e-05 -1.5941e-05 -1.7837e-05 -1.9743e-05 -2.1635e-05 -2.3488e-05 -2.5275e-05 -2.6965e-05 -2.8525e-05 -2.9924e-05 -3.1126e-05 -3.2099e-05 -3.2813e-05 -3.3241e-05 -3.3359e-05 -3.3153e-05 -3.2614e-05 -3.1745e-05 -3.0557e-05 -2.9071e-05 -2.7321e-05 -2.5348e-05 -2.3202e-05 -2.0937e-05 -1.8615e-05 -1.6293e-05 -1.4028e-05 -1.1872e-05 -9.8681e-06 -8.0486e-06 -6.4359e-06 -5.0410e-06 -3.8639e-06 -2.8955e-06 -2.1192e-06 -1.5133e-06 -1.0532e-06 -7.1372e-07 -4.7037e-07 -3.0115e-07 -1.8709e-07 -1.1265e-07 -6.5659e-08 -3.7002e-08 -2.0136e-08 -1.0568e-08 -5.3417e-09 -2.5971e-09 -1.2129e-09 -5.4337e-10 -2.3317e-10 -9.5709e-11 -3.7522e-11 -1.4030e-11 -4.9953e-12 -1.6911e-12 -5.4351e-13 -1.6556e-13 -4.7727e-14 -1.2998e-14 -3.3389e-15 -8.0760e-16 -1.8362e-16 -3.9175e-17 -7.8293e-18 -1.4631e-18 -2.5519e-19 -4.1469e-20 -6.2665e-21 -8.7893e-22 -1.1421e-22 -1.3721e-23 -1.5213e-24 -1.5534e-25 -1.4579e-26 -1.2551e-27 -9.8914e-29 -7.1209e-30 -4.6731e-31 -2.7896e-32 -1.5116e-33 -7.4182e-35 -3.2901e-36 -1.3158e-37 -4.7346e-39 -1.5292e-40 -4.4237e-42 -1.1434e-43 -2.6346e-45 -5.3986e-47 3.9135e-07 1.1069e-06 2.0334e-06 3.1300e-06 4.3727e-06 5.7442e-06 7.2306e-06 8.8191e-06 1.0497e-05 0.0000e+00 1.4070e-05 1.5934e-05 1.7827e-05 1.9728e-05 2.1613e-05 2.3458e-05 2.5233e-05 2.6908e-05 2.8451e-05 2.9828e-05 3.1005e-05 3.1950e-05 3.2631e-05 3.3021e-05 3.3100e-05 3.2852e-05 3.2271e-05 3.1359e-05 3.0130e-05 2.8607e-05 2.6824e-05 2.4826e-05 2.2662e-05 2.0390e-05 1.8070e-05 1.5760e-05 1.3518e-05 1.1394e-05 9.4284e-06 7.6533e-06 6.0886e-06 4.7428e-06 3.6139e-06 2.6912e-06 1.9565e-06 1.3872e-06 9.5819e-07 6.4411e-07 4.2090e-07 2.6706e-07 1.6434e-07 9.7967e-08 5.6503e-08 3.1492e-08 1.6939e-08 8.7822e-09 4.3829e-09 2.1027e-09 9.6844e-10 4.2759e-10 1.8073e-10 7.3025e-11 2.8164e-11 1.0353e-11 3.6217e-12 1.2039e-12 3.7967e-13 1.1341e-13 3.2039e-14 8.5453e-15 2.1483e-15 5.0821e-16 1.1294e-16 2.3535e-17 4.5911e-18 8.3689e-19 1.4229e-19 2.2525e-20 3.3136e-21 4.5215e-22 5.7118e-23 6.6672e-24 7.1769e-25 7.1103e-26 6.4704e-27 5.3975e-28 4.1187e-29 2.8691e-30 1.8207e-31 1.0502e-32 5.4951e-34 2.6023e-35 1.1129e-36 4.2889e-38 1.4860e-39 4.6180e-41 1.2844e-42 3.1894e-44 7.0545e-46 1.3866e-47
-4.4941e-07 -1.2711e-06 -2.3350e-06 -3.5944e-06 -5.0215e-06 -6.5966e-06 -8.3038e-06 -1.0129e-05 -1.2057e-05 -1.4074e-05 1.6094e-04 -1.8309e-05 -2.0489e-05 -2.2680e-05 -2.4856e-05 -2.6989e-05 -2.9047e-05 -3.0995e-05 -3.2797e-05 -3.4414e-05 -3.5808e-05 -3.6941e-05 -3.7779e-05 -3.8289e-05 -3.8446e-05 -3.8232e-05 -3.7636e-05 -3.6661e-05 -3.5318e-05 -3.3633e-05 -3.1640e-05 -2.9388e-05 -2.6933e-05 -2.4337e-05 -2.1669e-05 -1.8996e-05 -1.6383e-05 -1.3891e-05 -1.1569e-05 -9.4555e-06 -7.5781e-06 -5.9499e-06 -4.5723e-06 -3.4357e-06 -2.5218e-06 -1.8063e-06 -1.2612e-06 -8.5756e-07 -5.6718e-07 -3.6449e-07 -2.2732e-07 -1.3743e-07 -8.0447e-08 -4.5537e-08 -2.4895e-08 -1.3128e-08 -6.6686e-09 -3.2589e-09 -1.5300e-09 -6.8917e-10 -2.9740e-10 -1.2278e-10 -4.8419e-11 -1.8213e-11 -6.5253e-12 -2.2231e-12 -7.1911e-13 -2.2051e-13 -6.3992e-14 -1.7547e-14 -4.5389e-15 -1.1056e-15 -2.5318e-16 -5.4408e-17 -1.0954e-17 -2.0622e-18 -3.6240e-19 -5.9338e-20 -9.0357e-21 -1.2772e-21 -1.6725e-22 -2.0253e-23 -2.2633e-24 -2.3296e-25 -2.2040e-26 -1.9129e-27 -1.5198e-28 -1.1031e-29 -7.2988e-31 -4.3933e-32 -2.4004e-33 -1.1879e-34 -5.3132e-36 -2.1429e-37 -7.7764e-39 -2.5333e-40 -7.3912e-42 -1.9270e-43 -4.4787e-45 -9.2578e-47 4.4941e-07 1.2711e-06 2.3350e-06 3.5943e-06 5.0214e-06 6.5964e-06 8.3032e-06 1.0127e-05 1.2055e-05 1.4070e-05 0.0000e+00 1.8298e-05 2.0472e-05 2.2654e-05 2.4819e-05 2.6938e-05 2.8976e-05 3.0900e-05 3.2672e-05 3.4253e-05 3.5605e-05 3.6689e-05 3.7471e-05 3.7920e-05 3.8011e-05 3.7726e-05 3.7058e-05 3.6011e-05 3.4599e-05 3.2850e-05 3.0803e-05 2.8508e-05 2.6024e-05 2.3415e-05 2.0750e-05 1.8098e-05 1.5524e-05 1.3084e-05 1.0827e-05 8.7884e-06 6.9915e-06 5.4461e-06 4.1498e-06 3.0902e-06 2.2465e-06 1.5928e-06 1.1002e-06 7.3956e-07 4.8326e-07 3.0662e-07 1.8868e-07 1.1247e-07 6.4866e-08 3.6151e-08 1.9444e-08 1.0080e-08 5.0304e-09 2.4131e-09 1.1113e-09 4.9062e-10 2.0735e-10 8.3767e-11 3.2302e-11 1.1872e-11 4.1524e-12 1.3800e-12 4.3510e-13 1.2994e-13 3.6696e-14 9.7842e-15 2.4589e-15 5.8145e-16 1.2915e-16 2.6901e-17 5.2449e-18 9.5548e-19 1.6235e-19 2.5680e-20 3.7747e-21 5.1460e-22 6.4942e-23 7.5721e-24 8.1411e-25 8.0548e-26 7.3192e-27 6.0956e-28 4.6432e-29 3.2282e-30 2.0442e-31 1.1764e-32 6.1393e-34 2.8991e-35 1.2360e-36 4.7469e-38 1.6384e-39 5.0708e-41 1.4039e-42 3.4686e-44 7.6299e-46 1.4905e-47
-5.0895e-07 -1.4395e-06 -2.6444e-06 -4.0706e-06 -5.6868e-06 -7.4707e-06 -9.4042e-06 -1.1471e-05 -1.3656e-05 -1.5941e-05 -1.8309e-05 2.2792e-04 -2.3211e-05 -2.5697e-05 -2.8167e-05 -3.0590e-05 -3.2929e-05 -3.5147e-05 -3.7201e-05 -3.9049e-05 -4.0648e-05 -4.1955e-05 -4.2929e-05 -4.3536e-05 -4.3746e-05 -4.3536e-05 -4.2896e-05 -4.1826e-05 -4.0338e-05 -3.8459e-05 -3.6229e-05 -3.3699e-05 -3.0933e-05 -2.8000e-05 -2.4977e-05 -2.1940e-05 -1.8964e-05 -1.6117e-05 -1.3456e-05 -1.1028e-05 -8.8635e-06 -6.9804e-06 -5.3815e-06 -4.0575e-06 -2.9889e-06 -2.1490e-06 -1.5065e-06 -1.0286e-06 -6.8330e-07 -4.4111e-07 -2.7642e-07 -1.6794e-07 -9.8809e-08 -5.6228e-08 -3.0908e-08 -1.6391e-08 -8.3746e-09 -4.1171e-09 -1.9449e-09 -8.8154e-10 -3.8287e-10 -1.5910e-10 -6.3167e-11 -2.3924e-11 -8.6311e-12 -2.9614e-12 -9.6483e-13 -2.9802e-13 -8.7128e-14 -2.4071e-14 -6.2734e-15 -1.5398e-15 -3.5535e-16 -7.6963e-17 -1.5617e-17 -2.9635e-18 -5.2497e-19 -8.6652e-20 -1.3302e-20 -1.8957e-21 -2.5029e-22 -3.0560e-23 -3.4436e-24 -3.5742e-25 -3.4102e-26 -2.9848e-27 -2.3917e-28 -1.7508e-29 -1.1685e-30 -7.0944e-32 -3.9101e-33 -1.9520e-34 -8.8078e-36 -3.5840e-37 -1.3122e-38 -4.3131e-40 -1.2698e-41 -3.3407e-43 -7.8354e-45 -1.6346e-46 5.0895e-07 1.4395e-06 2.6444e-06 4.0706e-06 5.6867e-06 7.4703e-06 9.4033e-06 1.1469e-05 1.3652e-05 1.5934e-05 1.8298e-05 0.0000e+00 2.3184e-05 2.5656e-05 2.8108e-05 3.0507e-05 3.2815e-05 3.4994e-05 3.7001e-05 3.8791e-05 4.0322e-05 4.1550e-05 4.2436e-05 4.2944e-05 4.3047e-05 4.2724e-05 4.1968e-05 4.0782e-05 3.9183e-05 3.7203e-05 3.4884e-05 3.2285e-05 2.9471e-05 2.6517e-05 2.3499e-05 2.0496e-05 1.7580e-05 1.4817e-05 1.2261e-05 9.9522e-06 7.9173e-06 6.1671e-06 4.6992e-06 3.4992e-06 2.5438e-06 1.8035e-06 1.2457e-06 8.3734e-07 5.4712e-07 3.4712e-07 2.1359e-07 1.2731e-07 7.3418e-08 4.0913e-08 2.2003e-08 1.1406e-08 5.6909e-09 2.7296e-09 1.2568e-09 5.5474e-10 2.3439e-10 9.4669e-11 3.6496e-11 1.3409e-11 4.6882e-12 1.5574e-12 4.9081e-13 1.4650e-13 4.1349e-14 1.1018e-14 2.7669e-15 6.5375e-16 1.4508e-16 3.0189e-17 5.8794e-18 1.0698e-18 1.8152e-19 2.8669e-20 4.2069e-21 5.7246e-22 7.2095e-23 8.3869e-24 8.9942e-25 8.8739e-26 8.0383e-27 6.6714e-28 5.0624e-29 3.5046e-30 2.2087e-31 1.2644e-32 6.5603e-34 3.0778e-35 1.3027e-36 4.9628e-38 1.6975e-39 5.2008e-41 1.4236e-42 3.4727e-44 7.5296e-46 1.4472e-47
-5.6940e-07 -1.6105e-06 -2.9585e-06 -4.5541e-06 -6.3624e-06 -8.3583e-06 -1.0522e-05 -1.2834e-05 -1.5279e-05 -1.7837e-05 -2.0489e-05 -2.3211e-05 3.1389e-04 -2.8766e-05 -3.1537e-05 -3.4258e-05 -3.6888e-05 -3.9386e-05 -4.1704e-05 -4.3796e-05 -4.5614e-05 -4.7109e-05 -4.8237e-05 -4.8958e-05 -4.9238e-05 -4.9052e-05 -4.8385e-05 -4.7237e-05 -4.5620e-05 -4.3562e-05 -4.1105e-05 -3.8304e-05 -3.5230e-05 -3.1959e-05 -2.8575e-05 -2.5164e-05 -2.1810e-05 -1.8590e-05 -1.5569e-05 -1.2802e-05 -1.0325e-05 -8.1619e-06 -6.3171e-06 -4.7826e-06 -3.5384e-06 -2.5557e-06 -1.8001e-06 -1.2352e-06 -8.2476e-07 -5.3529e-07 -3.3730e-07 -2.0610e-07 -1.2198e-07 -6.9837e-08 -3.8629e-08 -2.0617e-08 -1.0603e-08 -5.2479e-09 -2.4960e-09 -1.1393e-09 -4.9834e-10 -2.0859e-10 -8.3423e-11 -3.1832e-11 -1.1571e-11 -4.0004e-12 -1.3134e-12 -4.0886e-13 -1.2048e-13 -3.3549e-14 -8.8140e-15 -2.1810e-15 -5.0741e-16 -1.1080e-16 -2.2669e-17 -4.3375e-18 -7.7481e-19 -1.2897e-19 -1.9966e-20 -2.8696e-21 -3.8215e-22 -4.7062e-23 -5.3492e-24 -5.6006e-25 -5.3905e-26 -4.7599e-27 -3.8481e-28 -2.8422e-29 -1.9140e-30 -1.1726e-31 -6.5220e-33 -3.2860e-34 -1.4965e-35 -6.1461e-37 -2.2715e-38 -7.5370e-40 -2.2402e-41 -5.9503e-43 -1.4092e-44 -2.9685e-46 5.6940e-07 1.6105e-06 2.9585e-06 4.5541e-06 6.3622e-06 8.3577e-06 1.0520e-05 1.2831e-05 1.5273e-05 1.7827e-05 2.0472e-05 2.3184e-05 0.0000e+00 2.8703e-05 3.1446e-05 3.4130e-05 3.6713e-05 3.9151e-05 4.1396e-05 4.3399e-05 4.5112e-05 4.6486e-05 4.7476e-05 4.8045e-05 4.8160e-05 4.7799e-05 4.6953e-05 4.5626e-05 4.3837e-05 4.1621e-05 3.9028e-05 3.6119e-05 3.2971e-05 2.9665e-05 2.6289e-05 2.2929e-05 1.9667e-05 1.6576e-05 1.3716e-05 1.1133e-05 8.8566e-06 6.8986e-06 5.2563e-06 3.9139e-06 2.8452e-06 2.0171e-06 1.3931e-06 9.3636e-07 6.1178e-07 3.8810e-07 2.3878e-07 1.4230e-07 8.2053e-08 4.5717e-08 2.4582e-08 1.2739e-08 6.3548e-09 3.0471e-09 1.4026e-09 6.1884e-10 2.6137e-10 1.0551e-10 4.0654e-11 1.4928e-11 5.2156e-12 1.7313e-12 5.4512e-13 1.6255e-13 4.5829e-14 1.2196e-14 3.0586e-15 7.2158e-16 1.5986e-16 3.3199e-17 6.4517e-18 1.1710e-18 1.9816e-19 3.1204e-20 4.5634e-21 6.1862e-22 7.7579e-23 8.9820e-24 9.5812e-25 9.3966e-26 8.4549e-27 6.9642e-28 5.2397e-29 3.5926e-30 2.2397e-31 1.2664e-32 6.4786e-34 2.9911e-35 1.2429e-36 4.6352e-38 1.5469e-39 4.6050e-41 1.2186e-42 2.8557e-44 5.9005e-46 1.0694e-47
-6.3011e-07 -1.7822e-06 -3.2739e-06 -5.0397e-06 -7.0408e-06 -9.2497e-06 -1.1644e-05 -1.4204e-05 -1.6910e-05 -1.9743e-05 -2.2680e-05 -2.5697e-05 -2.8766e-05 4.2213e-04 -3.4935e-05 -3.7959e-05 -4.0888e-05 -4.3675e-05 -4.6268e-05 -4.8617e-05 -5.0669e-05 -5.2370e-05 -5.3672e-05 -5.4528e-05 -5.4901e-05 -5.4763e-05 -5.4094e-05 -5.2893e-05 -5.1170e-05 -4.8954e-05 -4.6288e-05 -4.3233e-05 -3.9860e-05 -3.6255e-05 -3.2510e-05 -2.8717e-05 -2.4972e-05 -2.1359e-05 -1.7955e-05 -1.4822e-05 -1.2005e-05 -9.5316e-06 -7.4114e-06 -5.6384e-06 -4.1927e-06 -3.0443e-06 -2.1561e-06 -1.4879e-06 -9.9935e-07 -6.5255e-07 -4.1376e-07 -2.5446e-07 -1.5159e-07 -8.7379e-08 -4.8667e-08 -2.6158e-08 -1.3550e-08 -6.7551e-09 -3.2368e-09 -1.4885e-09 -6.5608e-10 -2.7673e-10 -1.1154e-10 -4.2898e-11 -1.5717e-11 -5.4778e-12 -1.8131e-12 -5.6902e-13 -1.6905e-13 -4.7467e-14 -1.2575e-14 -3.1377e-15 -7.3619e-16 -1.6213e-16 -3.3455e-17 -6.4567e-18 -1.1634e-18 -1.9534e-19 -3.0509e-20 -4.4237e-21 -5.9437e-22 -7.3855e-23 -8.4708e-24 -8.9498e-25 -8.6934e-26 -7.7475e-27 -6.3219e-28 -4.7134e-29 -3.2042e-30 -1.9819e-31 -1.1129e-32 -5.6620e-34 -2.6038e-35 -1.0800e-36 -4.0314e-38 -1.3512e-39 -4.0568e-41 -1.0887e-42 -2.6050e-44 -5.5449e-46 6.3011e-07 1.7822e-06 3.2739e-06 5.0396e-06 7.0405e-06 9.2487e-06 1.1642e-05 1.4200e-05 1.6902e-05 1.9728e-05 2.2654e-05 2.5656e-05 2.8703e-05 0.0000e+00 3.4799e-05 3.7769e-05 4.0627e-05 4.3325e-05 4.5809e-05 4.8026e-05 4.9921e-05 5.1442e-05 5.2538e-05 5.3167e-05 5.3294e-05 5.2894e-05 5.1958e-05 5.0490e-05 4.8510e-05 4.6058e-05 4.3187e-05 3.9969e-05 3.6485e-05 3.2827e-05 2.9090e-05 2.5372e-05 2.1761e-05 1.8341e-05 1.5176e-05 1.2318e-05 9.7986e-06 7.6320e-06 5.8148e-06 4.3295e-06 3.1470e-06 2.2309e-06 1.5406e-06 1.0354e-06 6.7636e-07 4.2900e-07 2.6389e-07 1.5723e-07 9.0637e-08 5.0484e-08 2.7136e-08 1.4058e-08 7.0091e-09 3.3592e-09 1.5453e-09 6.8135e-10 2.8755e-10 1.1598e-10 4.4644e-11 1.6375e-11 5.7140e-12 1.8940e-12 5.9542e-13 1.7723e-13 4.9866e-14 1.3240e-14 3.3118e-15 7.7902e-16 1.7202e-16 3.5591e-17 6.8874e-18 1.2442e-18 2.0941e-19 3.2774e-20 4.7601e-21 6.4022e-22 7.9572e-23 9.1192e-24 9.6145e-25 9.3037e-26 8.2428e-27 6.6690e-28 4.9141e-29 3.2881e-30 1.9916e-31 1.0881e-32 5.3414e-34 2.3448e-35 9.1522e-37 3.1528e-38 9.4859e-40 2.4525e-41 5.2917e-43 8.9253e-45 9.3872e-47 -4.1635e-49
-6.9034e-07 -1.9525e-06 -3.5868e-06 -5.5214e-06 -7.7139e-06 -1.0134e-05 -1.2758e-05 -1.5563e-05 -1.8529e-05 -2.1635e-05 -2.4856e-05 -2.8167e-05 -3.1537e-05 -3.4935e-05 5.5619e-04 -4.1654e-05 -4.4887e-05 -4.7971e-05 -5.0851e-05 -5.3471e-05 -5.5773e-05 -5.7700e-05 -5.9198e-05 -6.0216e-05 -6.0712e-05 -6.0651e-05 -6.0014e-05 -5.8793e-05 -5.6997e-05 -5.4654e-05 -5.1807e-05 -4.8519e-05 -4.4866e-05 -4.0938e-05 -3.6834e-05 -3.2656e-05 -2.8507e-05 -2.4484e-05 -2.0672e-05 -1.7144e-05 -1.3953e-05 -1.1135e-05 -8.7040e-06 -6.6585e-06 -4.9798e-06 -3.6374e-06 -2.5921e-06 -1.8001e-06 -1.2170e-06 -7.9999e-07 -5.1075e-07 -3.1631e-07 -1.8980e-07 -1.1020e-07 -6.1832e-08 -3.3485e-08 -1.7478e-08 -8.7811e-09 -4.2406e-09 -1.9656e-09 -8.7331e-10 -3.7134e-10 -1.5090e-10 -5.8510e-11 -2.1615e-11 -7.5963e-12 -2.5354e-12 -8.0247e-13 -2.4044e-13 -6.8092e-14 -1.8195e-14 -4.5796e-15 -1.0839e-15 -2.4082e-16 -5.0135e-17 -9.7626e-18 -1.7750e-18 -3.0075e-19 -4.7403e-20 -6.9369e-21 -9.4074e-22 -1.1800e-22 -1.3662e-23 -1.4573e-24 -1.4293e-25 -1.2862e-26 -1.0599e-27 -7.9807e-29 -5.4799e-30 -3.4238e-31 -1.9424e-32 -9.9840e-34 -4.6394e-35 -1.9447e-36 -7.3363e-38 -2.4853e-39 -7.5433e-41 -2.0465e-42 -4.9512e-44 -1.0657e-45 6.9034e-07 1.9525e-06 3.5868e-06 5.5213e-06 7.7134e-06 1.0133e-05 1.2755e-05 1.5557e-05 1.8517e-05 2.1613e-05 2.4819e-05 2.8108e-05 3.1446e-05 3.4799e-05 0.0000e+00 4.1379e-05 4.4510e-05 4.7466e-05 5.0187e-05 5.2616e-05 5.4692e-05 5.6358e-05 5.7559e-05 5.8248e-05 5.8387e-05 5.7949e-05 5.6923e-05 5.5314e-05 5.3145e-05 5.0458e-05 4.7313e-05 4.3787e-05 3.9969e-05 3.5961e-05 3.1867e-05 2.7793e-05 2.3837e-05 2.0089e-05 1.6622e-05 1.3491e-05 1.0731e-05 8.3576e-06 6.3671e-06 4.7402e-06 3.4451e-06 2.4418e-06 1.6860e-06 1.1328e-06 7.3982e-07 4.6912e-07 2.8847e-07 1.7181e-07 9.8998e-08 5.5113e-08 2.9607e-08 1.5327e-08 7.6362e-09 3.6564e-09 1.6803e-09 7.4003e-10 3.1190e-10 1.2561e-10 4.8268e-11 1.7669e-11 6.1519e-12 2.0340e-12 6.3758e-13 1.8915e-13 5.3022e-14 1.4018e-14 3.4893e-15 8.1621e-16 1.7908e-16 3.6784e-17 7.0589e-18 1.2629e-18 2.1022e-19 3.2479e-20 4.6470e-21 6.1417e-22 7.4778e-23 8.3633e-24 8.5644e-25 8.0012e-26 6.7908e-27 5.2089e-28 3.5874e-29 2.1983e-30 1.1824e-31 5.4540e-33 2.0568e-34 5.5339e-36 3.6064e-38 -7.2333e-39 -5.8398e-40 -2.9715e-41 -1.1857e-42 -3.9414e-44 -1.1184e-45 -2.7405e-47
-7.4925e-07 -2.1192e-06 -3.8930e-06 -5.9927e-06 -8.3723e-06 -1.0999e-05 -1.3847e-05 -1.6893e-05 -2.0115e-05 -2.3488e-05 -2.6989e-05 -3.0590e-05 -3.4258e-05 -3.7959e-05 -4.1654e-05 7.1984e-04 -4.8839e-05 -5.2227e-05 -5.5403e-05 -5.8308e-05 -6.0879e-05 -6.3055e-05 -6.4777e-05 -6.5988e-05 -6.6642e-05 -6.6699e-05 -6.6134e-05 -6.4936e-05 -6.3110e-05 -6.0680e-05 -5.7691e-05 -5.4203e-05 -5.0297e-05 -4.6064e-05 -4.1612e-05 -3.7049e-05 -3.2487e-05 -2.8035e-05 -2.3789e-05 -1.9833e-05 -1.6230e-05 -1.3026e-05 -1.0243e-05 -7.8843e-06 -5.9342e-06 -4.3630e-06 -3.1301e-06 -2.1889e-06 -1.4903e-06 -9.8673e-07 -6.3461e-07 -3.9597e-07 -2.3940e-07 -1.4007e-07 -7.9211e-08 -4.3236e-08 -2.2748e-08 -1.1521e-08 -5.6093e-09 -2.6215e-09 -1.1744e-09 -5.0353e-10 -2.0634e-10 -8.0688e-11 -3.0064e-11 -1.0656e-11 -3.5877e-12 -1.1454e-12 -3.4624e-13 -9.8924e-14 -2.6670e-14 -6.7736e-15 -1.6178e-15 -3.6273e-16 -7.6216e-17 -1.4980e-17 -2.7493e-18 -4.7028e-19 -7.4837e-20 -1.1058e-20 -1.5144e-21 -1.9183e-22 -2.2433e-23 -2.4172e-24 -2.3949e-25 -2.1774e-26 -1.8130e-27 -1.3796e-28 -9.5740e-30 -6.0464e-31 -3.4676e-32 -1.8020e-33 -8.4670e-35 -3.5890e-36 -1.3694e-37 -4.6924e-39 -1.4408e-40 -3.9547e-42 -9.6815e-44 -2.1089e-45 7.4925e-07 2.1192e-06 3.8929e-06 5.9925e-06 8.3717e-06 1.0997e-05 1.3843e-05 1.6884e-05 2.0098e-05 2.3458e-05 2.6938e-05 3.0507e-05 3.4130e-05 3.7769e-05 4.1379e-05 0.0000e+00 4.8309e-05 5.1516e-05 5.4470e-05 5.7106e-05 5.9360e-05 6.1168e-05 6.2471e-05 6.3219e-05 6.3369e-05 6.2894e-05 6.1780e-05 6.0034e-05 5.7679e-05 5.4762e-05 5.1348e-05 4.7520e-05 4.3376e-05 3.9025e-05 3.4581e-05 3.0159e-05 2.5865e-05 2.1797e-05 1.8034e-05 1.4635e-05 1.1640e-05 9.0643e-06 6.9044e-06 5.1393e-06 3.7343e-06 2.6461e-06 1.8265e-06 1.2268e-06 8.0090e-07 5.0760e-07 3.1196e-07 1.8569e-07 1.0691e-07 5.9469e-08 3.1915e-08 1.6503e-08 8.2116e-09 3.9260e-09 1.8011e-09 7.9165e-10 3.3290e-10 1.3372e-10 5.1229e-11 1.8688e-11 6.4809e-12 2.1330e-12 6.6511e-13 1.9613e-13 5.4593e-14 1.4317e-14 3.5302e-15 8.1677e-16 1.7692e-16 3.5796e-17 6.7478e-18 1.1820e-18 1.9179e-19 2.8733e-20 3.9585e-21 4.9909e-22 5.7235e-23 5.9205e-24 5.4560e-25 4.3873e-26 2.9543e-27 1.4938e-28 3.0976e-30 -4.3252e-31 -7.3578e-32 -7.2291e-33 -5.5349e-34 -3.5527e-35 -1.9668e-36 -9.5166e-38 -4.0516e-39 -1.5229e-40 -5.0613e-42 -1.4878e-43 -3.8666e-45 -8.8769e-47
-8.0595e-07 -2.2796e-06 -4.1876e-06 -6.4463e-06 -9.0062e-06 -1.1832e-05 -1.4897e-05 -1.8175e-05 -2.1642e-05 -2.5275e-05 -2.9047e-05 -3.2929e-05 -3.6888e-05 -4.0888e-05 -4.4887e-05 -4.8839e-05 9.1715e-04 -5.6390e-05 -5.9873e-05 -6.3077e-05 -6.5937e-05 -6.8388e-05 -7.0364e-05 -7.1806e-05 -7.2661e-05 -7.2883e-05 -7.2441e-05 -7.1319e-05 -6.9517e-05 -6.7055e-05 -6.3972e-05 -6.0329e-05 -5.6206e-05 -5.1697e-05 -4.6913e-05 -4.1970e-05 -3.6991e-05 -3.2093e-05 -2.7385e-05 -2.2965e-05 -1.8908e-05 -1.5271e-05 -1.2087e-05 -9.3657e-06 -7.0979e-06 -5.2555e-06 -3.7977e-06 -2.6753e-06 -1.8351e-06 -1.2244e-06 -7.9354e-07 -4.9903e-07 -3.0411e-07 -1.7936e-07 -1.0225e-07 -5.6271e-08 -2.9852e-08 -1.5245e-08 -7.4849e-09 -3.5277e-09 -1.5938e-09 -6.8929e-10 -2.8491e-10 -1.1239e-10 -4.2245e-11 -1.5108e-11 -5.1320e-12 -1.6533e-12 -5.0433e-13 -1.4542e-13 -3.9572e-14 -1.0145e-14 -2.4460e-15 -5.5369e-16 -1.1747e-16 -2.3315e-17 -4.3213e-18 -7.4659e-19 -1.2001e-19 -1.7915e-20 -2.4788e-21 -3.1728e-22 -3.7497e-23 -4.0836e-24 -4.0898e-25 -3.7593e-26 -3.1648e-27 -2.4353e-28 -1.7092e-29 -1.0918e-30 -6.3342e-32 -3.3303e-33 -1.5834e-34 -6.7921e-36 -2.6229e-37 -9.0982e-39 -2.8282e-40 -7.8603e-42 -1.9487e-43 -4.2991e-45 8.0595e-07 2.2795e-06 4.1875e-06 6.4460e-06 9.0052e-06 1.1830e-05 1.4891e-05 1.8162e-05 2.1618e-05 2.5233e-05 2.8976e-05 3.2815e-05 3.6713e-05 4.0627e-05 4.4510e-05 4.8309e-05 0.0000e+00 5.5415e-05 5.8592e-05 6.1428e-05 6.3852e-05 6.5796e-05 6.7198e-05 6.8003e-05 6.8164e-05 6.7652e-05 6.6454e-05 6.4574e-05 6.2041e-05 5.8902e-05 5.5229e-05 5.1110e-05 4.6651e-05 4.1970e-05 3.7189e-05 3.2430e-05 2.7811e-05 2.3435e-05 1.9386e-05 1.5731e-05 1.2509e-05 9.7392e-06 7.4167e-06 5.5190e-06 4.0089e-06 2.8395e-06 1.9591e-06 1.3151e-06 8.5800e-07 5.4338e-07 3.3366e-07 1.9840e-07 1.1410e-07 6.3376e-08 3.3957e-08 1.7526e-08 8.7016e-09 4.1499e-09 1.8982e-09 8.3155e-10 3.4831e-10 1.3928e-10 5.3077e-11 1.9244e-11 6.6260e-12 2.1626e-12 6.6774e-13 1.9464e-13 5.3442e-14 1.3789e-14 3.3343e-15 7.5345e-16 1.5858e-16 3.0962e-17 5.5812e-18 9.2305e-19 1.3886e-19 1.8753e-20 2.2233e-21 2.2100e-22 1.6184e-23 3.4474e-25 -1.5037e-25 -3.5848e-26 -5.4132e-27 -6.5404e-28 -6.7351e-29 -6.0639e-30 -4.8317e-31 -3.4286e-32 -2.1735e-33 -1.2327e-34 -6.2568e-36 -2.8412e-37 -1.1533e-38 -4.1801e-40 -1.3508e-41 -3.8855e-43 -9.9311e-45 -2.2512e-46
