1.0199e-04 -1.7459e-05 -2.1118e-05 -2.3965e-05 -2.6200e-05 -2.7926e-05 -2.9204e-05 -3.0077e-05 -3.0580e-05 -3.0746e-05 -3.0606e-05 -3.0189e-05 -2.9527e-05 -2.8651e-05 -2.7593e-05 -2.6383e-05 -2.5052e-05 -2.3629e-05 -2.2141e-05 -2.0616e-05 -1.9077e-05 -1.7545e-05 -1.6040e-05 -1.4577e-05 -1.3170e-05 -1.1831e-05 -1.0567e-05 -9.3849e-06 -8.2884e-06 -7.2793e-06 -6.3578e-06 -5.5226e-06 -4.7709e-06 -4.0992e-06 -3.5031e-06 -2.9775e-06 -2.5173e-06 -2.1169e-06 -1.7707e-06 -1.4733e-06 -1.2194e-06 -1.0040e-06 -8.2223e-07 -6.6987e-07 -5.4289e-07 -4.3769e-07 -3.5104e-07 -2.8009e-07 -2.2232e-07 -1.7555e-07 -1.3790e-07 -1.0777e-07 -8.3791e-08 -6.4811e-08 -4.9873e-08 -3.8181e-08 -2.9080e-08 -2.2036e-08 -1.6612e-08 -1.2459e-08 -9.2972e-09 -6.9021e-09 -5.0980e-09 -3.7462e-09 -2.7389e-09 -1.9923e-09 -1.4418e-09 -1.0381e-09 -7.4369e-10 -5.3006e-10 -3.7588e-10 -2.6520e-10 -1.8616e-10 -1.3002e-10 -9.0347e-11 -6.2463e-11 -4.2967e-11 -2.9407e-11 -2.0025e-11 -1.3567e-11 -9.1455e-12 -6.1339e-12 -4.0932e-12 -2.7177e-12 -1.7954e-12 -1.1801e-12 -7.7173e-13 -5.0215e-13 -3.2510e-13 -2.0941e-13 -1.3422e-13 -8.5588e-14 -5.4305e-14 -3.4282e-14 -2.1534e-14 -1.3458e-14 -8.3686e-15 -5.1778e-15 -3.1875e-15 -1.9524e-15 0.0000e+00 1.7458e-05 2.1116e-05 2.3960e-05 2.6192e-05 2.7913e-05 2.9186e-05 3.0053e-05 3.0549e-05 3.0708e-05 3.0560e-05 3.0135e-05 2.9465e-05 2.8581e-05 2.7516e-05 2.6299e-05 2.4962e-05 2.3533e-05 2.2042e-05 2.0514e-05 1.8972e-05 1.7440e-05 1.5934e-05 1.4473e-05 1.3068e-05 1.1731e-05 1.0471e-05 9.2936e-06 8.2020e-06 7.1982e-06 6.2822e-06 5.4526e-06 4.7067e-06 4.0407e-06 3.4501e-06 2.9300e-06 2.4749e-06 2.0793e-06 1.7376e-06 1.4444e-06 1.1942e-06 9.8222e-07 8.0358e-07 6.5398e-07 5.2943e-07 4.2637e-07 3.4157e-07 2.7221e-07 2.1581e-07 1.7020e-07 1.3354e-07 1.0423e-07 8.0933e-08 6.2518e-08 4.8045e-08 3.6732e-08 2.7938e-08 2.1140e-08 1.5915e-08 1.1919e-08 8.8809e-09 6.5832e-09 4.8551e-09 3.5623e-09 2.6004e-09 1.8885e-09 1.3645e-09 9.8089e-10 7.0152e-10 4.9917e-10 3.5338e-10 2.4889e-10 1.7441e-10 1.2160e-10 8.4346e-11 5.8210e-11 3.9968e-11 2.7304e-11 1.8558e-11 1.2550e-11 8.4435e-12 5.6521e-12 3.7644e-12 2.4944e-12 1.6446e-12 1.0788e-12 7.0405e-13 4.5717e-13 2.9536e-13 1.8986e-13 1.2143e-13 7.7267e-14 4.8919e-14 3.0815e-14 1.9313e-14 1.2044e-14 7.4723e-15 4.6128e-15 2.8332e-15 1.7314e-15
-1.7459e-05 4.0794e-04 -2.9653e-05 -3.3658e-05 -3.6810e-05 -3.9251e-05 -4.1067e-05 -4.2318e-05 -4.3054e-05 -4.3319e-05 -4.3155e-05 -4.2604e-05 -4.1708e-05 -4.0512e-05 -3.9057e-05 -3.7388e-05 -3.5545e-05 -3.3569e-05 -3.1499e-05 -2.9372e-05 -2.7220e-05 -2.5074e-05 -2.2960e-05 -2.0902e-05 -1.8919e-05 -1.7026e-05 -1.5237e-05 -1.3559e-05 -1.2000e-05 -1.0562e-05 -9.2449e-06 -8.0486e-06 -6.9693e-06 -6.0025e-06 -5.1422e-06 -4.3818e-06 -3.7142e-06 -3.1317e-06 -2.6267e-06 -2.1916e-06 -1.8191e-06 -1.5020e-06 -1.2337e-06 -1.0082e-06 -8.1958e-07 -6.6284e-07 -5.3332e-07 -4.2691e-07 -3.3997e-07 -2.6936e-07 -2.1232e-07 -1.6650e-07 -1.2991e-07 -1.0084e-07 -7.7883e-08 -5.9844e-08 -4.5750e-08 -3.4798e-08 -2.6334e-08 -1.9828e-08 -1.4853e-08 -1.1071e-08 -8.2099e-09 -6.0576e-09 -4.4470e-09 -3.2481e-09 -2.3605e-09 -1.7069e-09 -1.2280e-09 -8.7903e-10 -6.2607e-10 -4.4366e-10 -3.1282e-10 -2.1946e-10 -1.5319e-10 -1.0639e-10 -7.3521e-11 -5.0551e-11 -3.4584e-11 -2.3541e-11 -1.5944e-11 -1.0745e-11 -7.2045e-12 -4.8066e-12 -3.1907e-12 -2.1075e-12 -1.3850e-12 -9.0567e-13 -5.8926e-13 -3.8147e-13 -2.4572e-13 -1.5749e-13 -1.0043e-13 -6.3728e-14 -4.0235e-14 -2.5275e-14 -1.5799e-14 -9.8257e-15 -6.0804e-15 -3.7439e-15 1.7458e-05 0.0000e+00 2.9640e-05 3.3631e-05 3.6764e-05 3.9181e-05 4.0967e-05 4.2183e-05 4.2880e-05 4.3103e-05 4.2895e-05 4.2299e-05 4.1358e-05 4.0118e-05 3.8622e-05 3.6914e-05 3.5037e-05 3.3032e-05 3.0939e-05 2.8794e-05 2.6631e-05 2.4479e-05 2.2366e-05 2.0314e-05 1.8343e-05 1.6467e-05 1.4698e-05 1.3045e-05 1.1512e-05 1.0103e-05 8.8178e-06 7.6533e-06 6.6063e-06 5.6715e-06 4.8425e-06 4.1124e-06 3.4737e-06 2.9184e-06 2.4388e-06 2.0272e-06 1.6762e-06 1.3786e-06 1.1278e-06 9.1787e-07 7.4306e-07 5.9840e-07 4.7938e-07 3.8204e-07 3.0287e-07 2.3887e-07 1.8741e-07 1.4627e-07 1.1358e-07 8.7735e-08 6.7423e-08 5.1546e-08 3.9205e-08 2.9665e-08 2.2332e-08 1.6725e-08 1.2461e-08 9.2372e-09 6.8122e-09 4.9981e-09 3.6484e-09 2.6495e-09 1.9143e-09 1.3761e-09 9.8414e-10 7.0024e-10 4.9570e-10 3.4913e-10 2.4464e-10 1.7055e-10 1.1830e-10 8.1638e-11 5.6052e-11 3.8290e-11 2.6024e-11 1.7597e-11 1.1839e-11 7.9246e-12 5.2776e-12 3.4970e-12 2.3054e-12 1.5121e-12 9.8682e-13 6.4075e-13 4.1393e-13 2.6606e-13 1.7015e-13 1.0826e-13 6.8536e-14 4.3169e-14 2.7054e-14 1.6869e-14 1.0465e-14 6.4596e-15 3.9671e-15 2.4241e-15
-2.1118e-05 -2.9653e-05 9.1784e-04 -4.0751e-05 -4.4592e-05 -4.7582e-05 -4.9824e-05 -5.1390e-05 -5.2338e-05 -5.2722e-05 -5.2590e-05 -5.1992e-05 -5.0978e-05 -4.9598e-05 -4.7902e-05 -4.5941e-05 -4.3763e-05 -4.1418e-05 -3.8951e-05 -3.6406e-05 -3.3821e-05 -3.1234e-05 -2.8678e-05 -2.6179e-05 -2.3763e-05 -2.1450e-05 -1.9255e-05 -1.7189e-05 -1.5262e-05 -1.3478e-05 -1.1838e-05 -1.0343e-05 -8.9886e-06 -7.7705e-06 -6.6822e-06 -5.7163e-06 -4.8646e-06 -4.1183e-06 -3.4685e-06 -2.9061e-06 -2.4224e-06 -2.0089e-06 -1.6574e-06 -1.3605e-06 -1.1110e-06 -9.0269e-07 -7.2970e-07 -5.8687e-07 -4.6961e-07 -3.7387e-07 -2.9615e-07 -2.3340e-07 -1.8301e-07 -1.4278e-07 -1.1084e-07 -8.5604e-08 -6.5783e-08 -5.0298e-08 -3.8264e-08 -2.8963e-08 -2.1813e-08 -1.6346e-08 -1.2188e-08 -9.0415e-09 -6.6739e-09 -4.9016e-09 -3.5819e-09 -2.6044e-09 -1.8842e-09 -1.3563e-09 -9.7146e-10 -6.9232e-10 -4.9092e-10 -3.4636e-10 -2.4315e-10 -1.6984e-10 -1.1804e-10 -8.1629e-11 -5.6167e-11 -3.8454e-11 -2.6195e-11 -1.7755e-11 -1.1974e-11 -8.0354e-12 -5.3652e-12 -3.5644e-12 -2.3562e-12 -1.5497e-12 -1.0142e-12 -6.6040e-13 -4.2788e-13 -2.7585e-13 -1.7694e-13 -1.1293e-13 -7.1717e-14 -4.5316e-14 -2.8491e-14 -1.7823e-14 -1.1094e-14 -6.8710e-15 2.1116e-05 2.9640e-05 0.0000e+00 4.0678e-05 4.4467e-05 4.7390e-05 4.9550e-05 5.1022e-05 5.1865e-05 5.2134e-05 5.1882e-05 5.1161e-05 5.0024e-05 4.8524e-05 4.6714e-05 4.4648e-05 4.2378e-05 3.9953e-05 3.7421e-05 3.4827e-05 3.2210e-05 2.9607e-05 2.7052e-05 2.4570e-05 2.2185e-05 1.9916e-05 1.7777e-05 1.5777e-05 1.3924e-05 1.2219e-05 1.0664e-05 9.2559e-06 7.9895e-06 6.8588e-06 5.8562e-06 4.9732e-06 4.2007e-06 3.5291e-06 2.9491e-06 2.4513e-06 2.0268e-06 1.6669e-06 1.3637e-06 1.1097e-06 8.9836e-07 7.2344e-07 5.7953e-07 4.6182e-07 3.6611e-07 2.8872e-07 2.2651e-07 1.7678e-07 1.3726e-07 1.0602e-07 8.1469e-08 6.2280e-08 4.7365e-08 3.5837e-08 2.6975e-08 2.0200e-08 1.5050e-08 1.1155e-08 8.2253e-09 6.0342e-09 4.4042e-09 3.1980e-09 2.3103e-09 1.6605e-09 1.1874e-09 8.4472e-10 5.9789e-10 4.2102e-10 2.9497e-10 2.0560e-10 1.4258e-10 9.8377e-11 6.7531e-11 4.6122e-11 3.1339e-11 2.1187e-11 1.4250e-11 9.5364e-12 6.3494e-12 4.2060e-12 2.7720e-12 1.8177e-12 1.1859e-12 7.6974e-13 4.9711e-13 3.1941e-13 2.0419e-13 1.2988e-13 8.2189e-14 5.1748e-14 3.2417e-14 2.0204e-14 1.2529e-14 7.7302e-15 4.7452e-15 2.8982e-15
-2.3965e-05 -3.3658e-05 -4.0751e-05 1.6316e-03 -5.0708e-05 -5.4160e-05 -5.6775e-05 -5.8636e-05 -5.9806e-05 -6.0342e-05 -6.0300e-05 -5.9731e-05 -5.8690e-05 -5.7231e-05 -5.5408e-05 -5.3276e-05 -5.0890e-05 -4.8302e-05 -4.5562e-05 -4.2719e-05 -3.9817e-05 -3.6897e-05 -3.3997e-05 -3.1150e-05 -2.8383e-05 -2.5720e-05 -2.3181e-05 -2.0780e-05 -1.8528e-05 -1.6433e-05 -1.4499e-05 -1.2725e-05 -1.1110e-05 -9.6495e-06 -8.3378e-06 -7.1674e-06 -6.1297e-06 -5.2154e-06 -4.4149e-06 -3.7182e-06 -3.1155e-06 -2.5973e-06 -2.1543e-06 -1.7779e-06 -1.4598e-06 -1.1925e-06 -9.6933e-07 -7.8393e-07 -6.3080e-07 -5.0503e-07 -4.0231e-07 -3.1887e-07 -2.5146e-07 -1.9731e-07 -1.5405e-07 -1.1966e-07 -9.2491e-08 -7.1129e-08 -5.4427e-08 -4.1438e-08 -3.1391e-08 -2.3661e-08 -1.7745e-08 -1.3242e-08 -9.8315e-09 -7.2631e-09 -5.3388e-09 -3.9047e-09 -2.8415e-09 -2.0574e-09 -1.4823e-09 -1.0625e-09 -7.5785e-10 -5.3782e-10 -3.7977e-10 -2.6682e-10 -1.8652e-10 -1.2974e-10 -8.9786e-11 -6.1827e-11 -4.2361e-11 -2.8879e-11 -1.9589e-11 -1.3220e-11 -8.8779e-12 -5.9318e-12 -3.9436e-12 -2.6086e-12 -1.7169e-12 -1.1243e-12 -7.3259e-13 -4.7495e-13 -3.0637e-13 -1.9664e-13 -1.2558e-13 -7.9794e-14 -5.0448e-14 -3.1735e-14 -1.9863e-14 -1.2370e-14 2.3960e-05 3.3631e-05 4.0678e-05 0.0000e+00 5.0456e-05 5.3772e-05 5.6223e-05 5.7893e-05 5.8850e-05 5.9155e-05 5.8869e-05 5.8051e-05 5.6760e-05 5.5058e-05 5.3005e-05 5.0660e-05 4.8084e-05 4.5332e-05 4.2459e-05 3.9515e-05 3.6545e-05 3.3592e-05 3.0692e-05 2.7876e-05 2.5170e-05 2.2595e-05 2.0167e-05 1.7899e-05 1.5796e-05 1.3862e-05 1.2097e-05 1.0499e-05 9.0623e-06 7.7795e-06 6.6420e-06 5.6402e-06 4.7638e-06 4.0020e-06 3.3440e-06 2.7794e-06 2.2978e-06 1.8896e-06 1.5458e-06 1.2578e-06 1.0181e-06 8.1978e-07 6.5662e-07 5.2319e-07 4.1470e-07 3.2700e-07 2.5650e-07 2.0015e-07 1.5538e-07 1.1999e-07 9.2187e-08 7.0459e-08 5.3573e-08 4.0525e-08 3.0496e-08 2.2831e-08 1.7005e-08 1.2600e-08 9.2883e-09 6.8118e-09 4.9700e-09 3.6076e-09 2.6052e-09 1.8717e-09 1.3379e-09 9.5137e-10 6.7306e-10 4.7374e-10 3.3173e-10 2.3111e-10 1.6018e-10 1.1046e-10 7.5778e-11 5.1722e-11 3.5122e-11 2.3728e-11 1.5948e-11 1.0665e-11 7.0951e-12 4.6962e-12 3.0925e-12 2.0261e-12 1.3206e-12 8.5639e-13 5.5252e-13 3.5465e-13 2.2648e-13 1.4389e-13 9.0954e-14 5.7198e-14 3.5786e-14 2.2276e-14 1.3795e-14 8.4993e-15 5.2098e-15 3.1771e-15
-2.6200e-05 -3.6810e-05 -4.4592e-05 -5.0708e-05 2.5492e-03 -5.9444e-05 -6.2404e-05 -6.4556e-05 -6.5967e-05 -6.6697e-05 -6.6802e-05 -6.6335e-05 -6.5353e-05 -6.3910e-05 -6.2063e-05 -5.9867e-05 -5.7380e-05 -5.4655e-05 -5.1746e-05 -4.8705e-05 -4.5579e-05 -4.2413e-05 -3.9247e-05 -3.6119e-05 -3.3060e-05 -3.0098e-05 -2.7256e-05 -2.4552e-05 -2.2001e-05 -1.9612e-05 -1.7392e-05 -1.5344e-05 -1.3468e-05 -1.1760e-05 -1.0217e-05 -8.8311e-06 -7.5944e-06 -6.4978e-06 -5.5314e-06 -4.6850e-06 -3.9481e-06 -3.3103e-06 -2.7615e-06 -2.2922e-06 -1.8930e-06 -1.5555e-06 -1.2718e-06 -1.0345e-06 -8.3734e-07 -6.7433e-07 -5.4033e-07 -4.3078e-07 -3.4172e-07 -2.6971e-07 -2.1181e-07 -1.6550e-07 -1.2867e-07 -9.9529e-08 -7.6603e-08 -5.8662e-08 -4.4698e-08 -3.3886e-08 -2.5561e-08 -1.9184e-08 -1.4326e-08 -1.0644e-08 -7.8690e-09 -5.7881e-09 -4.2361e-09 -3.0847e-09 -2.2349e-09 -1.6111e-09 -1.1556e-09 -8.2469e-10 -5.8558e-10 -4.1371e-10 -2.9082e-10 -2.0340e-10 -1.4155e-10 -9.8005e-11 -6.7517e-11 -4.6280e-11 -3.1563e-11 -2.1418e-11 -1.4461e-11 -9.7141e-12 -6.4928e-12 -4.3179e-12 -2.8571e-12 -1.8810e-12 -1.2322e-12 -8.0307e-13 -5.2077e-13 -3.3601e-13 -2.1571e-13 -1.3779e-13 -8.7569e-14 -5.5374e-14 -3.4839e-14 -2.1809e-14 2.6192e-05 3.6764e-05 4.4467e-05 5.0456e-05 0.0000e+00 5.8781e-05 6.1461e-05 6.3286e-05 6.4332e-05 6.4666e-05 6.4353e-05 6.3458e-05 6.2047e-05 6.0186e-05 5.7941e-05 5.5378e-05 5.2561e-05 4.9552e-05 4.6411e-05 4.3192e-05 3.9945e-05 3.6717e-05 3.3546e-05 3.0467e-05 2.7508e-05 2.4693e-05 2.2039e-05 1.9559e-05 1.7260e-05 1.5146e-05 1.3217e-05 1.1470e-05 9.8993e-06 8.4972e-06 7.2540e-06 6.1592e-06 5.2015e-06 4.3691e-06 3.6503e-06 3.0334e-06 2.5074e-06 2.0616e-06 1.6861e-06 1.3717e-06 1.1101e-06 8.9359e-07 7.1556e-07 5.6999e-07 4.5166e-07 3.5602e-07 2.7917e-07 2.1777e-07 1.6898e-07 1.3045e-07 1.0017e-07 7.6527e-08 5.8159e-08 4.3970e-08 3.3070e-08 2.4744e-08 1.8418e-08 1.3638e-08 1.0046e-08 7.3624e-09 5.3676e-09 3.8930e-09 2.8089e-09 2.0162e-09 1.4398e-09 1.0228e-09 7.2283e-10 5.0820e-10 3.5545e-10 2.4733e-10 1.7120e-10 1.1790e-10 8.0768e-11 5.5045e-11 3.7320e-11 2.5172e-11 1.6890e-11 1.1274e-11 7.4863e-12 4.9454e-12 3.2499e-12 2.1246e-12 1.3817e-12 8.9387e-13 5.7527e-13 3.6830e-13 2.3456e-13 1.4860e-13 9.3651e-14 5.8711e-14 3.6614e-14 2.2713e-14 1.4016e-14 8.6032e-15 5.2529e-15 3.1904e-15
-2.7926e-05 -3.9251e-05 -4.7582e-05 -5.4160e-05 -5.9444e-05 3.6706e-03 -6.6950e-05 -6.9397e-05 -7.1074e-05 -7.2040e-05 -7.2350e-05 -7.2058e-05 -7.1216e-05 -6.9880e-05 -6.8104e-05 -6.5944e-05 -6.3455e-05 -6.0692e-05 -5.7710e-05 -5.4561e-05 -5.1295e-05 -4.7958e-05 -4.4595e-05 -4.1246e-05 -3.7946e-05 -3.4726e-05 -3.1613e-05 -2.8631e-05 -2.5796e-05 -2.3122e-05 -2.0619e-05 -1.8294e-05 -1.6148e-05 -1.4182e-05 -1.2392e-05 -1.0773e-05 -9.3182e-06 -8.0193e-06 -6.8667e-06 -5.8501e-06 -4.9589e-06 -4.1822e-06 -3.5095e-06 -2.9302e-06 -2.4341e-06 -2.0119e-06 -1.6545e-06 -1.3538e-06 -1.1021e-06 -8.9274e-07 -7.1949e-07 -5.7694e-07 -4.6030e-07 -3.6540e-07 -2.8859e-07 -2.2679e-07 -1.7732e-07 -1.3794e-07 -1.0677e-07 -8.2222e-08 -6.3000e-08 -4.8028e-08 -3.6430e-08 -2.7493e-08 -2.0644e-08 -1.5423e-08 -1.1464e-08 -8.4784e-09 -6.2387e-09 -4.5675e-09 -3.3271e-09 -2.4113e-09 -1.7388e-09 -1.2475e-09 -8.9052e-10 -6.3248e-10 -4.4695e-10 -3.1424e-10 -2.1983e-10 -1.5300e-10 -1.0595e-10 -7.3003e-11 -5.0047e-11 -3.4136e-11 -2.3166e-11 -1.5642e-11 -1.0509e-11 -7.0242e-12 -4.6715e-12 -3.0912e-12 -2.0352e-12 -1.3331e-12 -8.6889e-13 -5.6345e-13 -3.6354e-13 -2.3338e-13 -1.4907e-13 -9.4733e-14 -5.9901e-14 -3.7685e-14 2.7913e-05 3.9181e-05 4.7390e-05 5.3772e-05 5.8781e-05 0.0000e+00 6.5501e-05 6.7446e-05 6.8560e-05 6.8915e-05 6.8582e-05 6.7628e-05 6.6123e-05 6.4139e-05 6.1746e-05 5.9013e-05 5.6010e-05 5.2803e-05 4.9454e-05 4.6023e-05 4.2562e-05 3.9120e-05 3.5739e-05 3.2457e-05 2.9303e-05 2.6303e-05 2.3474e-05 2.0830e-05 1.8379e-05 1.6126e-05 1.4071e-05 1.2209e-05 1.0536e-05 9.0419e-06 7.7175e-06 6.5514e-06 5.5314e-06 4.6450e-06 3.8797e-06 3.2232e-06 2.6634e-06 2.1891e-06 1.7897e-06 1.4554e-06 1.1773e-06 9.4726e-07 7.5815e-07 6.0359e-07 4.7801e-07 3.7656e-07 2.9508e-07 2.3001e-07 1.7835e-07 1.3756e-07 1.0555e-07 8.0559e-08 6.1163e-08 4.6193e-08 3.4704e-08 2.5936e-08 1.9281e-08 1.4258e-08 1.0489e-08 7.6751e-09 5.5867e-09 4.0452e-09 2.9136e-09 2.0875e-09 1.4877e-09 1.0546e-09 7.4369e-10 5.2164e-10 3.6395e-10 2.5259e-10 1.7436e-10 1.1972e-10 8.1766e-11 5.5544e-11 3.7530e-11 2.5221e-11 1.6858e-11 1.1207e-11 7.4103e-12 4.8731e-12 3.1871e-12 2.0730e-12 1.3410e-12 8.6265e-13 5.5187e-13 3.5109e-13 2.2210e-13 1.3971e-13 8.7391e-14 5.4351e-14 3.3609e-14 2.0663e-14 1.2629e-14 7.6738e-15 4.6351e-15 2.7829e-15
-2.9204e-05 -4.1067e-05 -4.9824e-05 -5.6775e-05 -6.2404e-05 -6.6950e-05 4.9955e-03 -7.3302e-05 -7.5270e-05 -7.6514e-05 -7.7087e-05 -7.7037e-05 -7.6415e-05 -7.5272e-05 -7.3659e-05 -7.1628e-05 -6.9232e-05 -6.6525e-05 -6.3560e-05 -6.0389e-05 -5.7062e-05 -5.3628e-05 -5.0132e-05 -4.6617e-05 -4.3123e-05 -3.9684e-05 -3.6331e-05 -3.3090e-05 -2.9985e-05 -2.7032e-05 -2.4247e-05 -2.1638e-05 -1.9212e-05 -1.6971e-05 -1.4917e-05 -1.3044e-05 -1.1349e-05 -9.8247e-06 -8.4620e-06 -7.2515e-06 -6.1827e-06 -5.2449e-06 -4.4268e-06 -3.7174e-06 -3.1059e-06 -2.5819e-06 -2.1355e-06 -1.7573e-06 -1.4387e-06 -1.1720e-06 -9.4984e-07 -7.6592e-07 -6.1448e-07 -4.9048e-07 -3.8953e-07 -3.0779e-07 -2.4196e-07 -1.8925e-07 -1.4728e-07 -1.1403e-07 -8.7842e-08 -6.7324e-08 -5.1338e-08 -3.8949e-08 -2.9400e-08 -2.2080e-08 -1.6499e-08 -1.2265e-08 -9.0723e-09 -6.6765e-09 -4.8885e-09 -3.5612e-09 -2.5811e-09 -1.8613e-09 -1.3355e-09 -9.5332e-10 -6.7709e-10 -4.7846e-10 -3.3639e-10 -2.3531e-10 -1.6377e-10 -1.1341e-10 -7.8135e-11 -5.3560e-11 -3.6529e-11 -2.4788e-11 -1.6736e-11 -1.1242e-11 -7.5137e-12 -4.9965e-12 -3.3058e-12 -2.1762e-12 -1.4253e-12 -9.2883e-13 -6.0223e-13 -3.8851e-13 -2.4937e-13 -1.5925e-13 -1.0119e-13 -6.3972e-14 2.9186e-05 4.0967e-05 4.9550e-05 5.6223e-05 6.1461e-05 6.5501e-05 0.0000e+00 7.0519e-05 7.1684e-05 7.2056e-05 7.1706e-05 7.0708e-05 6.9134e-05 6.7058e-05 6.4554e-05 6.1696e-05 5.8555e-05 5.5199e-05 5.1696e-05 4.8106e-05 4.4486e-05 4.0885e-05 3.7349e-05 3.3916e-05 3.0617e-05 2.7478e-05 2.4519e-05 2.1754e-05 1.9191e-05 1.6836e-05 1.4686e-05 1.2740e-05 1.0991e-05 9.4298e-06 8.0460e-06 6.8278e-06 5.7625e-06 4.8370e-06 4.0382e-06 3.3531e-06 2.7692e-06 2.2747e-06 1.8585e-06 1.5103e-06 1.2207e-06 9.8142e-07 7.8480e-07 6.2421e-07 4.9383e-07 3.8860e-07 3.0415e-07 2.3678e-07 1.8335e-07 1.4122e-07 1.0818e-07 8.2432e-08 6.2474e-08 4.7093e-08 3.5308e-08 2.6330e-08 1.9528e-08 1.4406e-08 1.0569e-08 7.7121e-09 5.5967e-09 4.0394e-09 2.8995e-09 2.0698e-09 1.4693e-09 1.0373e-09 7.2822e-10 5.0838e-10 3.5291e-10 2.4360e-10 1.6719e-10 1.1409e-10 7.7410e-11 5.2216e-11 3.5015e-11 2.3342e-11 1.5467e-11 1.0187e-11 6.6689e-12 4.3386e-12 2.8049e-12 1.8018e-12 1.1499e-12 7.2903e-13 4.5908e-13 2.8709e-13 1.7826e-13 1.0988e-13 6.7218e-14 4.0798e-14 2.4560e-14 1.4658e-14 8.6693e-15 5.0780e-15 2.9437e-15 1.6873e-15
-3.0077e-05 -4.2318e-05 -5.1390e-05 -5.8636e-05 -6.4556e-05 -6.9397e-05 -7.3302e-05 6.5240e-03 -7.8647e-05 -8.0209e-05 -8.1096e-05 -8.1354e-05 -8.1026e-05 -8.0157e-05 -7.8793e-05 -7.6980e-05 -7.4769e-05 -7.2208e-05 -6.9347e-05 -6.6237e-05 -6.2927e-05 -5.9466e-05 -5.5902e-05 -5.2277e-05 -4.8636e-05 -4.5016e-05 -4.1452e-05 -3.7975e-05 -3.4613e-05 -3.1389e-05 -2.8320e-05 -2.5422e-05 -2.2704e-05 -2.0175e-05 -1.7836e-05 -1.5688e-05 -1.3729e-05 -1.1954e-05 -1.0355e-05 -8.9248e-06 -7.6530e-06 -6.5290e-06 -5.5418e-06 -4.6800e-06 -3.9321e-06 -3.2869e-06 -2.7336e-06 -2.2618e-06 -1.8620e-06 -1.5250e-06 -1.2427e-06 -1.0075e-06 -8.1259e-07 -6.5209e-07 -5.2062e-07 -4.1354e-07 -3.2682e-07 -2.5696e-07 -2.0101e-07 -1.5644e-07 -1.2114e-07 -9.3322e-08 -7.1528e-08 -5.4545e-08 -4.1383e-08 -3.1237e-08 -2.3459e-08 -1.7528e-08 -1.3030e-08 -9.6375e-09 -7.0919e-09 -5.1922e-09 -3.7821e-09 -2.7410e-09 -1.9764e-09 -1.4178e-09 -1.0120e-09 -7.1865e-10 -5.0776e-10 -3.5694e-10 -2.4965e-10 -1.7372e-10 -1.2028e-10 -8.2852e-11 -5.6784e-11 -3.8721e-11 -2.6270e-11 -1.7733e-11 -1.1910e-11 -7.9584e-12 -5.2911e-12 -3.5001e-12 -2.3036e-12 -1.5085e-12 -9.8281e-13 -6.3710e-13 -4.1091e-13 -2.6369e-13 -1.6836e-13 -1.0696e-13 3.0053e-05 4.2183e-05 5.1022e-05 5.7893e-05 6.3286e-05 6.7446e-05 7.0519e-05 0.0000e+00 7.3812e-05 7.4193e-05 7.3832e-05 7.2803e-05 7.1181e-05 6.9042e-05 6.6462e-05 6.3517e-05 6.0279e-05 5.6822e-05 5.3212e-05 4.9513e-05 4.5782e-05 4.2071e-05 3.8428e-05 3.4890e-05 3.1491e-05 2.8257e-05 2.5208e-05 2.2360e-05 1.9720e-05 1.7294e-05 1.5081e-05 1.3078e-05 1.1277e-05 9.6708e-06 8.2473e-06 6.9946e-06 5.8996e-06 4.9487e-06 4.1283e-06 3.4251e-06 2.8262e-06 2.3192e-06 1.8928e-06 1.5364e-06 1.2403e-06 9.9581e-07 7.9513e-07 6.3143e-07 4.9868e-07 3.9169e-07 3.0596e-07 2.3768e-07 1.8362e-07 1.4107e-07 1.0778e-07 8.1883e-08 6.1863e-08 4.6475e-08 3.4718e-08 2.5789e-08 1.9046e-08 1.3986e-08 1.0211e-08 7.4116e-09 5.3481e-09 3.8363e-09 2.7354e-09 1.9387e-09 1.3656e-09 9.5598e-10 6.6504e-10 4.5970e-10 3.1570e-10 2.1538e-10 1.4595e-10 9.8214e-11 6.5625e-11 4.3531e-11 2.8657e-11 1.8718e-11 1.2127e-11 7.7895e-12 4.9583e-12 3.1259e-12 1.9505e-12 1.2034e-12 7.3339e-13 4.4082e-13 2.6082e-13 1.5151e-13 8.6082e-14 4.7568e-14 2.5337e-14 1.2810e-14 5.9615e-15 2.3690e-15 5.9463e-16 -1.9800e-16 -4.8452e-16 -5.2796e-16
-3.0580e-05 -4.3054e-05 -5.2338e-05 -5.9806e-05 -6.5967e-05 -7.1074e-05 -7.5270e-05 -7.8647e-05 8.2558e-03 -8.3183e-05 -8.4433e-05 -8.5057e-05 -8.5090e-05 -8.4570e-05 -8.3536e-05 -8.2027e-05 -8.0086e-05 -7.7756e-05 -7.5084e-05 -7.2116e-05 -6.8900e-05 -6.5484e-05 -6.1914e-05 -5.8238e-05 -5.4498e-05 -5.0738e-05 -4.6996e-05 -4.3308e-05 -3.9707e-05 -3.6219e-05 -3.2870e-05 -2.9678e-05 -2.6660e-05 -2.3826e-05 -2.1185e-05 -1.8741e-05 -1.6494e-05 -1.4443e-05 -1.2582e-05 -1.0904e-05 -9.4024e-06 -8.0658e-06 -6.8839e-06 -5.8450e-06 -4.9376e-06 -4.1496e-06 -3.4696e-06 -2.8861e-06 -2.3885e-06 -1.9666e-06 -1.6109e-06 -1.3128e-06 -1.0644e-06 -8.5855e-07 -6.8899e-07 -5.5009e-07 -4.3695e-07 -3.4531e-07 -2.7149e-07 -2.1236e-07 -1.6527e-07 -1.2796e-07 -9.8567e-08 -7.5540e-08 -5.7597e-08 -4.3693e-08 -3.2976e-08 -2.4761e-08 -1.8498e-08 -1.3749e-08 -1.0167e-08 -7.4804e-09 -5.4756e-09 -3.9878e-09 -2.8895e-09 -2.0830e-09 -1.4940e-09 -1.0662e-09 -7.5696e-10 -5.3471e-10 -3.7580e-10 -2.6278e-10 -1.8282e-10 -1.2655e-10 -8.7154e-11 -5.9719e-11 -4.0713e-11 -2.7616e-11 -1.8637e-11 -1.2514e-11 -8.3602e-12 -5.5570e-12 -3.6751e-12 -2.4182e-12 -1.5832e-12 -1.0313e-12 -6.6836e-13 -4.3098e-13 -2.7651e-13 -1.7651e-13 3.0549e-05 4.2880e-05 5.1865e-05 5.8850e-05 6.4332e-05 6.8560e-05 7.1684e-05 7.3812e-05 0.0000e+00 7.5416e-05 7.5048e-05 7.4000e-05 7.2349e-05 7.0172e-05 6.7547e-05 6.4549e-05 6.1255e-05 5.7736e-05 5.4062e-05 5.0297e-05 4.6500e-05 4.2725e-05 3.9017e-05 3.5417e-05 3.1958e-05 2.8668e-05 2.5566e-05 2.2669e-05 1.9985e-05 1.7518e-05 1.5268e-05 1.3232e-05 1.1403e-05 9.7716e-06 8.3266e-06 7.0557e-06 5.9454e-06 4.9818e-06 4.1511e-06 3.4396e-06 2.8342e-06 2.3223e-06 1.8922e-06 1.5331e-06 1.2352e-06 9.8952e-07 7.8825e-07 6.2436e-07 4.9173e-07 3.8505e-07 2.9978e-07 2.3204e-07 1.7856e-07 1.3660e-07 1.0388e-07 7.8530e-08 5.9005e-08 4.4064e-08 3.2703e-08 2.4119e-08 1.7676e-08 1.2870e-08 9.3088e-09 6.6880e-09 4.7720e-09 3.3809e-09 2.3780e-09 1.6600e-09 1.1498e-09 7.9001e-10 5.3819e-10 3.6337e-10 2.4301e-10 1.6087e-10 1.0532e-10 6.8116e-11 4.3463e-11 2.7308e-11 1.6853e-11 1.0180e-11 5.9864e-12 3.3990e-12 1.8372e-12 9.1986e-13 4.0001e-13 1.1991e-13 -1.9544e-14 -7.9473e-14 -9.6702e-14 -9.2804e-14 -7.9948e-14 -6.4640e-14 -5.0079e-14 -3.7602e-14 -2.7551e-14 -1.9789e-14 -1.3976e-14 -9.7278e-15 -6.6837e-15 -4.5389e-15
-3.0746e-05 -4.3319e-05 -5.2722e-05 -6.0342e-05 -6.6697e-05 -7.2040e-05 -7.6514e-05 -8.0209e-05 -8.3183e-05 1.0191e-02 -8.7134e-05 -8.8175e-05 -8.8630e-05 -8.8527e-05 -8.7896e-05 -8.6768e-05 -8.5177e-05 -8.3161e-05 -8.0759e-05 -7.8012e-05 -7.4966e-05 -7.1665e-05 -6.8156e-05 -6.4486e-05 -6.0701e-05 -5.6846e-05 -5.2963e-05 -4.9092e-05 -4.5272e-05 -4.1535e-05 -3.7912e-05 -3.4427e-05 -3.1102e-05 -2.7954e-05 -2.4995e-05 -2.2235e-05 -1.9678e-05 -1.7325e-05 -1.5175e-05 -1.3224e-05 -1.1464e-05 -9.8869e-06 -8.4831e-06 -7.2410e-06 -6.1491e-06 -5.1949e-06 -4.3662e-06 -3.6508e-06 -3.0369e-06 -2.5133e-06 -2.0692e-06 -1.6949e-06 -1.3811e-06 -1.1197e-06 -9.0307e-07 -7.2463e-07 -5.7847e-07 -4.5943e-07 -3.6301e-07 -2.8536e-07 -2.2317e-07 -1.7365e-07 -1.3442e-07 -1.0352e-07 -7.9323e-08 -6.0469e-08 -4.5861e-08 -3.4605e-08 -2.5978e-08 -1.9403e-08 -1.4418e-08 -1.0660e-08 -7.8408e-09 -5.7381e-09 -4.1779e-09 -3.0265e-09 -2.1813e-09 -1.5641e-09 -1.1159e-09 -7.9209e-10 -5.5939e-10 -3.9305e-10 -2.7478e-10 -1.9112e-10 -1.3226e-10 -9.1066e-11 -6.2384e-11 -4.2520e-11 -2.8834e-11 -1.9455e-11 -1.3060e-11 -8.7231e-12 -5.7969e-12 -3.8329e-12 -2.5215e-12 -1.6504e-12 -1.0748e-12 -6.9642e-13 -4.4897e-13 -2.8799e-13 3.0708e-05 4.3103e-05 5.2134e-05 5.9155e-05 6.4666e-05 6.8915e-05 7.2056e-05 7.4193e-05 7.5416e-05 0.0000e+00 7.5432e-05 7.4376e-05 7.2713e-05 7.0521e-05 6.7878e-05 6.4860e-05 6.1543e-05 5.8000e-05 5.4302e-05 5.0511e-05 4.6688e-05 4.2887e-05 3.9154e-05 3.5530e-05 3.2048e-05 2.8737e-05 2.5616e-05 2.2701e-05 2.0000e-05 1.7519e-05 1.5258e-05 1.3212e-05 1.1375e-05 9.7373e-06 8.2878e-06 7.0137e-06 5.9015e-06 4.9372e-06 4.1068e-06 3.3964e-06 2.7926e-06 2.2829e-06 1.8553e-06 1.4990e-06 1.2040e-06 9.6126e-07 7.6289e-07 6.0180e-07 4.7183e-07 3.6765e-07 2.8468e-07 2.1904e-07 1.6745e-07 1.2717e-07 9.5935e-08 7.1879e-08 5.3479e-08 3.9503e-08 2.8963e-08 2.1073e-08 1.5210e-08 1.0886e-08 7.7237e-09 5.4290e-09 3.7781e-09 2.6011e-09 1.7699e-09 1.1886e-09 7.8660e-10 5.1176e-10 3.2629e-10 2.0294e-10 1.2225e-10 7.0487e-11 3.8064e-11 1.8358e-11 6.8571e-12 5.3038e-13 -2.6253e-12 -3.9099e-12 -4.1485e-12 -3.8505e-12 -3.3198e-12 -2.7283e-12 -2.1666e-12 -1.6759e-12 -1.2692e-12 -9.4428e-13 -6.9194e-13 -5.0028e-13 -3.5738e-13 -2.5251e-13 -1.7662e-13 -1.2237e-13 -8.4037e-14 -5.7225e-14 -3.8655e-14 -2.5910e-14 -1.7238e-14 -1.1386e-14
-3.0606e-05 -4.3155e-05 -5.2590e-05 -6.0300e-05 -6.6802e-05 -7.2350e-05 -7.7087e-05 -8.1096e-05 -8.4433e-05 -8.7134e-05 1.2329e-02 -9.0724e-05 -9.1652e-05 -9.2026e-05 -9.1863e-05 -9.1187e-05 -9.0021e-05 -8.8394e-05 -8.6338e-05 -8.3889e-05 -8.1087e-05 -7.7973e-05 -7.4592e-05 -7.0991e-05 -6.7216e-05 -6.3314e-05 -5.9332e-05 -5.5314e-05 -5.1302e-05 -4.7336e-05 -4.3451e-05 -3.9678e-05 -3.6046e-05 -3.2576e-05 -2.9288e-05 -2.6196e-05 -2.3308e-05 -2.0632e-05 -1.8168e-05 -1.5915e-05 -1.3870e-05 -1.2024e-05 -1.0371e-05 -8.8979e-06 -7.5949e-06 -6.4492e-06 -5.4480e-06 -4.5784e-06 -3.8278e-06 -3.1837e-06 -2.6344e-06 -2.1686e-06 -1.7759e-06 -1.4469e-06 -1.1728e-06 -9.4569e-07 -7.5866e-07 -6.0550e-07 -4.8078e-07 -3.7979e-07 -2.9848e-07 -2.3338e-07 -1.8154e-07 -1.4050e-07 -1.0818e-07 -8.2865e-08 -6.3152e-08 -4.7884e-08 -3.6122e-08 -2.7110e-08 -2.0243e-08 -1.5039e-08 -1.1115e-08 -8.1739e-09 -5.9802e-09 -4.3531e-09 -3.1526e-09 -2.2716e-09 -1.6285e-09 -1.1615e-09 -8.2425e-10 -5.8196e-10 -4.0881e-10 -2.8572e-10 -1.9869e-10 -1.3746e-10 -9.4625e-11 -6.4807e-11 -4.4161e-11 -2.9940e-11 -2.0196e-11 -1.3555e-11 -9.0514e-12 -6.0137e-12 -3.9753e-12 -2.6146e-12 -1.7110e-12 -1.1140e-12 -7.2167e-13 -4.6515e-13 3.0560e-05 4.2895e-05 5.1882e-05 5.8869e-05 6.4353e-05 6.8582e-05 7.1706e-05 7.3832e-05 7.5048e-05 7.5432e-05 0.0000e+00 7.4005e-05 7.2346e-05 7.0159e-05 6.7523e-05 6.4513e-05 6.1205e-05 5.7672e-05 5.3983e-05 5.0203e-05 4.6390e-05 4.2599e-05 3.8876e-05 3.5261e-05 3.1790e-05 2.8488e-05 2.5378e-05 2.2473e-05 1.9783e-05 1.7312e-05 1.5061e-05 1.3026e-05 1.1200e-05 9.5729e-06 8.1341e-06 6.8708e-06 5.7692e-06 4.8154e-06 3.9952e-06 3.2946e-06 2.7004e-06 2.1998e-06 1.7808e-06 1.4326e-06 1.1451e-06 9.0943e-07 7.1750e-07 5.6228e-07 4.3762e-07 3.3821e-07 2.5950e-07 1.9763e-07 1.4935e-07 1.1196e-07 8.3229e-08 6.1326e-08 4.4766e-08 3.2351e-08 2.3127e-08 1.6337e-08 1.1390e-08 7.8231e-09 5.2812e-09 3.4925e-09 2.2517e-09 1.4048e-09 8.3752e-10 4.6615e-10 2.2991e-10 8.5224e-11 1.3142e-12 -4.3279e-11 -6.3256e-11 -6.8496e-11 -6.5488e-11 -5.8369e-11 -4.9680e-11 -4.0900e-11 -3.2820e-11 -2.5795e-11 -1.9924e-11 -1.5160e-11 -1.1384e-11 -8.4469e-12 -6.2000e-12 -4.5053e-12 -3.2433e-12 -2.3143e-12 -1.6376e-12 -1.1495e-12 -8.0074e-13 -5.5366e-13 -3.8008e-13 -2.5910e-13 -1.7543e-13 -1.1799e-13 -7.8847e-14 -5.2352e-14 -3.4542e-14 -2.2650e-14
-3.0189e-05 -4.2604e-05 -5.1992e-05 -5.9731e-05 -6.6335e-05 -7.2058e-05 -7.7037e-05 -8.1354e-05 -8.5057e-05 -8.8175e-05 -9.0724e-05 1.4670e-02 -9.4159e-05 -9.5057e-05 -9.5419e-05 -9.5256e-05 -9.4581e-05 -9.3413e-05 -9.1776e-05 -8.9698e-05 -8.7213e-05 -8.4357e-05 -8.1172e-05 -7.7704e-05 -7.3998e-05 -7.0104e-05 -6.6071e-05 -6.1946e-05 -5.7776e-05 -5.3606e-05 -4.9479e-05 -4.5430e-05 -4.1496e-05 -3.7704e-05 -3.4080e-05 -3.0644e-05 -2.7410e-05 -2.4389e-05 -2.1588e-05 -1.9009e-05 -1.6651e-05 -1.4510e-05 -1.2578e-05 -1.0847e-05 -9.3049e-06 -7.9409e-06 -6.7417e-06 -5.6939e-06 -4.7841e-06 -3.9988e-06 -3.3252e-06 -2.7507e-06 -2.2638e-06 -1.8534e-06 -1.5096e-06 -1.2233e-06 -9.8616e-07 -7.9091e-07 -6.3106e-07 -5.0093e-07 -3.9560e-07 -3.1082e-07 -2.4295e-07 -1.8894e-07 -1.4618e-07 -1.1252e-07 -8.6168e-08 -6.5651e-08 -4.9765e-08 -3.7530e-08 -2.8160e-08 -2.1021e-08 -1.5612e-08 -1.1536e-08 -8.4812e-09 -6.2034e-09 -4.5144e-09 -3.2686e-09 -2.3545e-09 -1.6875e-09 -1.2033e-09 -8.5372e-10 -6.0262e-10 -4.2322e-10 -2.9572e-10 -2.0559e-10 -1.4221e-10 -9.7867e-11 -6.7012e-11 -4.5653e-11 -3.0945e-11 -2.0870e-11 -1.4004e-11 -9.3491e-12 -6.2102e-12 -4.1043e-12 -2.6989e-12 -1.7658e-12 -1.1495e-12 -7.4449e-13 3.0135e-05 4.2299e-05 5.1161e-05 5.8051e-05 6.3458e-05 6.7628e-05 7.0708e-05 7.2803e-05 7.4000e-05 7.4376e-05 7.4005e-05 0.0000e+00 7.1320e-05 6.9157e-05 6.6550e-05 6.3573e-05 6.0302e-05 5.6808e-05 5.3160e-05 4.9421e-05 4.5650e-05 4.1900e-05 3.8218e-05 3.4645e-05 3.1212e-05 2.7949e-05 2.4874e-05 2.2004e-05 1.9348e-05 1.6909e-05 1.4689e-05 1.2683e-05 1.0884e-05 9.2831e-06 7.8691e-06 6.6291e-06 5.5497e-06 4.6166e-06 3.8159e-06 3.1336e-06 2.5563e-06 2.0714e-06 1.6670e-06 1.3321e-06 1.0568e-06 8.3221e-07 6.5031e-07 5.0412e-07 3.8753e-07 2.9530e-07 2.2292e-07 1.6662e-07 1.2320e-07 9.0032e-08 6.4939e-08 4.6154e-08 3.2248e-08 2.2080e-08 1.4746e-08 9.5367e-09 5.9019e-09 3.4187e-09 1.7660e-09 7.0256e-10 4.9567e-11 -3.2381e-10 -5.1186e-10 -5.8141e-10 -5.7887e-10 -5.3576e-10 -4.7287e-10 -4.0338e-10 -3.3522e-10 -2.7278e-10 -2.1809e-10 -1.7175e-10 -1.3346e-10 -1.0247e-10 -7.7824e-11 -5.8512e-11 -4.3581e-11 -3.2173e-11 -2.3553e-11 -1.7105e-11 -1.2327e-11 -8.8177e-12 -6.2624e-12 -4.4167e-12 -3.0938e-12 -2.1528e-12 -1.4883e-12 -1.0223e-12 -6.9787e-13 -4.7344e-13 -3.1924e-13 -2.1397e-13 -1.4256e-13 -9.4426e-14 -6.2180e-14 -4.0711e-14
-2.9527e-05 -4.1708e-05 -5.0978e-05 -5.8690e-05 -6.5353e-05 -7.1216e-05 -7.6415e-05 -8.1026e-05 -8.5090e-05 -8.8630e-05 -9.1652e-05 -9.4159e-05 1.7214e-02 -9.7606e-05 -9.8538e-05 -9.8940e-05 -9.8814e-05 -9.8168e-05 -9.7016e-05 -9.5377e-05 -9.3278e-05 -9.0750e-05 -8.7831e-05 -8.4562e-05 -8.0990e-05 -7.7162e-05 -7.3130e-05 -6.8946e-05 -6.4659e-05 -6.0320e-05 -5.5977e-05 -5.1672e-05 -4.7448e-05 -4.3340e-05 -3.9380e-05 -3.5593e-05 -3.2002e-05 -2.8621e-05 -2.5464e-05 -2.2536e-05 -1.9840e-05 -1.7376e-05 -1.5138e-05 -1.3119e-05 -1.1310e-05 -9.7002e-06 -8.2760e-06 -7.0242e-06 -5.9309e-06 -4.9817e-06 -4.1628e-06 -3.4605e-06 -2.8618e-06 -2.3544e-06 -1.9271e-06 -1.5691e-06 -1.2711e-06 -1.0244e-06 -8.2132e-07 -6.5513e-07 -5.1988e-07 -4.1044e-07 -3.2238e-07 -2.5192e-07 -1.9585e-07 -1.5148e-07 -1.1657e-07 -8.9243e-08 -6.7975e-08 -5.1512e-08 -3.8837e-08 -2.9132e-08 -2.1741e-08 -1.6143e-08 -1.1925e-08 -8.7648e-09 -6.4093e-09 -4.6630e-09 -3.3753e-09 -2.4308e-09 -1.7418e-09 -1.2417e-09 -8.8075e-10 -6.2155e-10 -4.3642e-10 -3.0488e-10 -2.1191e-10 -1.4654e-10 -1.0083e-10 -6.9026e-11 -4.7015e-11 -3.1861e-11 -2.1483e-11 -1.4412e-11 -9.6200e-12 -6.3888e-12 -4.2216e-12 -2.7755e-12 -1.8155e-12 -1.1816e-12 2.9465e-05 4.1358e-05 5.0024e-05 5.6760e-05 6.2047e-05 6.6123e-05 6.9134e-05 7.1181e-05 7.2349e-05 7.2713e-05 7.2346e-05 7.1320e-05 0.0000e+00 6.7586e-05 6.5027e-05 6.2105e-05 5.8895e-05 5.5466e-05 5.1885e-05 4.8215e-05 4.4514e-05 4.0833e-05 3.7220e-05 3.3712e-05 3.0345e-05 2.7143e-05 2.4128e-05 2.1315e-05 1.8712e-05 1.6324e-05 1.4152e-05 1.2191e-05 1.0434e-05 8.8732e-06 7.4965e-06 6.2913e-06 5.2443e-06 4.3415e-06 3.5688e-06 2.9124e-06 2.3591e-06 1.8962e-06 1.5120e-06 1.1956e-06 9.3707e-07 7.2765e-07 5.5942e-07 4.2548e-07 3.1982e-07 2.3728e-07 1.7346e-07 1.2466e-07 8.7795e-08 6.0306e-08 4.0113e-08 2.5528e-08 1.5204e-08 8.0700e-09 3.2916e-09 2.2215e-10 -1.6318e-09 -2.6417e-09 -3.0829e-09 -3.1559e-09 -3.0042e-09 -2.7275e-09 -2.3936e-09 -2.0466e-09 -1.7134e-09 -1.4096e-09 -1.1422e-09 -9.1332e-10 -7.2162e-10 -5.6397e-10 -4.3636e-10 -3.3447e-10 -2.5411e-10 -1.9145e-10 -1.4309e-10 -1.0613e-10 -7.8138e-11 -5.7117e-11 -4.1461e-11 -2.9893e-11 -2.1410e-11 -1.5235e-11 -1.0772e-11 -7.5692e-12 -5.2858e-12 -3.6689e-12 -2.5313e-12 -1.7361e-12 -1.1838e-12 -8.0249e-13 -5.4088e-13 -3.6248e-13 -2.4155e-13 -1.6006e-13 -1.0547e-13 -6.9115e-14
-2.8651e-05 -4.0512e-05 -4.9598e-05 -5.7231e-05 -6.3910e-05 -6.9880e-05 -7.5272e-05 -8.0157e-05 -8.4570e-05 -8.8527e-05 -9.2026e-05 -9.5057e-05 -9.7606e-05 1.9960e-02 -1.0119e-04 -1.0220e-04 -1.0267e-04 -1.0260e-04 -1.0199e-04 -1.0086e-04 -9.9211e-05 -9.7079e-05 -9.4494e-05 -9.1492e-05 -8.8119e-05 -8.4421e-05 -8.0450e-05 -7.6260e-05 -7.1905e-05 -6.7438e-05 -6.2914e-05 -5.8382e-05 -5.3889e-05 -4.9478e-05 -4.5188e-05 -4.1052e-05 -3.7097e-05 -3.3346e-05 -2.9817e-05 -2.6520e-05 -2.3464e-05 -2.0652e-05 -1.8081e-05 -1.5747e-05 -1.3643e-05 -1.1758e-05 -1.0081e-05 -8.5981e-06 -7.2952e-06 -6.1576e-06 -5.1704e-06 -4.3190e-06 -3.5891e-06 -2.9672e-06 -2.4404e-06 -1.9967e-06 -1.6253e-06 -1.3162e-06 -1.0604e-06 -8.4993e-07 -6.7773e-07 -5.3765e-07 -4.2434e-07 -3.3320e-07 -2.6030e-07 -2.0230e-07 -1.5643e-07 -1.2034e-07 -9.2105e-08 -7.0136e-08 -5.3135e-08 -4.0050e-08 -3.0034e-08 -2.2408e-08 -1.6634e-08 -1.2285e-08 -9.0269e-09 -6.5993e-09 -4.8001e-09 -3.4737e-09 -2.5011e-09 -1.7917e-09 -1.2770e-09 -9.0560e-10 -6.3895e-10 -4.4853e-10 -3.1327e-10 -2.1770e-10 -1.5052e-10 -1.0354e-10 -7.0868e-11 -4.8260e-11 -3.2699e-11 -2.2043e-11 -1.4785e-11 -9.8672e-12 -6.5518e-12 -4.3284e-12 -2.8452e-12 -1.8608e-12 2.8581e-05 4.0118e-05 4.8524e-05 5.5058e-05 6.0186e-05 6.4139e-05 6.7058e-05 6.9042e-05 7.0172e-05 7.0521e-05 7.0159e-05 6.9157e-05 6.7586e-05 0.0000e+00 6.3023e-05 6.0176e-05 5.7047e-05 5.3705e-05 5.0214e-05 4.6637e-05 4.3029e-05 3.9441e-05 3.5918e-05 3.2500e-05 2.9218e-05 2.6099e-05 2.3163e-05 2.0424e-05 1.7892e-05 1.5571e-05 1.3462e-05 1.1560e-05 9.8587e-06 8.3493e-06 7.0207e-06 5.8604e-06 4.8551e-06 3.9909e-06 3.2540e-06 2.6306e-06 2.1078e-06 1.6729e-06 1.3142e-06 1.0212e-06 7.8391e-07 5.9370e-07 4.4280e-07 3.2440e-07 2.3262e-07 1.6241e-07 1.0949e-07 7.0266e-08 4.1774e-08 2.1568e-08 7.6716e-09 -1.4993e-09 -7.1968e-09 -1.0398e-08 -1.1854e-08 -1.2133e-08 -1.1657e-08 -1.0733e-08 -9.5781e-09 -8.3421e-09 -7.1228e-09 -5.9807e-09 -4.9495e-09 -4.0437e-09 -3.2656e-09 -2.6094e-09 -2.0646e-09 -1.6187e-09 -1.2581e-09 -9.6981e-10 -7.4171e-10 -5.6298e-10 -4.2421e-10 -3.1739e-10 -2.3583e-10 -1.7406e-10 -1.2763e-10 -9.2980e-11 -6.7311e-11 -4.8427e-11 -3.4628e-11 -2.4612e-11 -1.7389e-11 -1.2213e-11 -8.5281e-12 -5.9207e-12 -4.0869e-12 -2.8052e-12 -1.9145e-12 -1.2994e-12 -8.7700e-13 -5.8865e-13 -3.9294e-13 -2.6086e-13 -1.7224e-13 -1.1311e-13
-2.7593e-05 -3.9057e-05 -4.7902e-05 -5.5408e-05 -6.2063e-05 -6.8104e-05 -7.3659e-05 -7.8793e-05 -8.3536e-05 -8.7896e-05 -9.1863e-05 -9.5419e-05 -9.8538e-05 -1.0119e-04 2.2908e-02 -1.0500e-04 -1.0610e-04 -1.0665e-04 -1.0664e-04 -1.0606e-04 -1.0493e-04 -1.0326e-04 -1.0108e-04 -9.8413e-05 -9.5306e-05 -9.1805e-05 -8.7959e-05 -8.3823e-05 -7.9455e-05 -7.4911e-05 -7.0249e-05 -6.5525e-05 -6.0793e-05 -5.6102e-05 -5.1497e-05 -4.7019e-05 -4.2702e-05 -3.8576e-05 -3.4664e-05 -3.0985e-05 -2.7550e-05 -2.4367e-05 -2.1438e-05 -1.8763e-05 -1.6335e-05 -1.4147e-05 -1.2188e-05 -1.0446e-05 -8.9061e-06 -7.5538e-06 -6.3736e-06 -5.3499e-06 -4.4674e-06 -3.7111e-06 -3.0670e-06 -2.5216e-06 -2.0625e-06 -1.6783e-06 -1.3587e-06 -1.0943e-06 -8.7680e-07 -6.9894e-07 -5.5431e-07 -4.3736e-07 -3.4332e-07 -2.6812e-07 -2.0833e-07 -1.6104e-07 -1.2386e-07 -9.4770e-08 -7.2146e-08 -5.4643e-08 -4.1176e-08 -3.0871e-08 -2.3027e-08 -1.7089e-08 -1.2618e-08 -9.2694e-09 -6.7750e-09 -4.9268e-09 -3.5646e-09 -2.5660e-09 -1.8378e-09 -1.3096e-09 -9.2848e-10 -6.5496e-10 -4.5968e-10 -3.2099e-10 -2.2302e-10 -1.5416e-10 -1.0603e-10 -7.2558e-11 -4.9402e-11 -3.3466e-11 -2.2557e-11 -1.5127e-11 -1.0093e-11 -6.7008e-12 -4.4261e-12 -2.9089e-12 2.7516e-05 3.8622e-05 4.6714e-05 5.3005e-05 5.7941e-05 6.1746e-05 6.4554e-05 6.6462e-05 6.7547e-05 6.7878e-05 6.7523e-05 6.6550e-05 6.5027e-05 6.3023e-05 0.0000e+00 5.7851e-05 5.4821e-05 5.1584e-05 4.8203e-05 4.4737e-05 4.1242e-05 3.7766e-05 3.4354e-05 3.1043e-05 2.7864e-05 2.4845e-05 2.2003e-05 1.9355e-05 1.6908e-05 1.4667e-05 1.2633e-05 1.0801e-05 9.1662e-06 7.7184e-06 6.4471e-06 5.3402e-06 4.3845e-06 3.5663e-06 2.8720e-06 2.2881e-06 1.8016e-06 1.4001e-06 1.0721e-06 8.0710e-07 5.9538e-07 4.2836e-07 2.9841e-07 1.9887e-07 1.2398e-07 6.8822e-08 2.9253e-08 1.8141e-09 -1.6340e-08 -2.7522e-08 -3.3586e-08 -3.5997e-08 -3.5893e-08 -3.4144e-08 -3.1401e-08 -2.8139e-08 -2.4694e-08 -2.1295e-08 -1.8090e-08 -1.5165e-08 -1.2562e-08 -1.0294e-08 -8.3518e-09 -6.7128e-09 -5.3483e-09 -4.2258e-09 -3.3124e-09 -2.5767e-09 -1.9897e-09 -1.5255e-09 -1.1615e-09 -8.7847e-10 -6.6002e-10 -4.9269e-10 -3.6547e-10 -2.6941e-10 -1.9739e-10 -1.4374e-10 -1.0406e-10 -7.4885e-11 -5.3577e-11 -3.8111e-11 -2.6955e-11 -1.8956e-11 -1.3256e-11 -9.2184e-12 -6.3750e-12 -4.3843e-12 -2.9987e-12 -2.0398e-12 -1.3800e-12 -9.2860e-13 -6.2148e-13 -4.1371e-13 -2.7393e-13 -1.8041e-13
-2.6383e-05 -3.7388e-05 -4.5941e-05 -5.3276e-05 -5.9867e-05 -6.5944e-05 -7.1628e-05 -7.6980e-05 -8.2027e-05 -8.6768e-05 -9.1187e-05 -9.5256e-05 -9.8940e-05 -1.0220e-04 -1.0500e-04 2.6059e-02 -1.0906e-04 -1.1027e-04 -1.1089e-04 -1.1092e-04 -1.1036e-04 -1.0921e-04 -1.0749e-04 -1.0523e-04 -1.0246e-04 -9.9228e-05 -9.5576e-05 -9.1561e-05 -8.7241e-05 -8.2677e-05 -7.7929e-05 -7.3059e-05 -6.8126e-05 -6.3185e-05 -5.8289e-05 -5.3485e-05 -4.8816e-05 -4.4317e-05 -4.0020e-05 -3.5947e-05 -3.2119e-05 -2.8547e-05 -2.5238e-05 -2.2196e-05 -1.9418e-05 -1.6899e-05 -1.4630e-05 -1.2600e-05 -1.0794e-05 -9.1996e-06 -7.7999e-06 -6.5788e-06 -5.5201e-06 -4.6079e-06 -3.8266e-06 -3.1613e-06 -2.5983e-06 -2.1245e-06 -1.7282e-06 -1.3986e-06 -1.1261e-06 -9.0202e-07 -7.1884e-07 -5.6992e-07 -4.4955e-07 -3.5278e-07 -2.7544e-07 -2.1395e-07 -1.6535e-07 -1.2713e-07 -9.7252e-08 -7.4017e-08 -5.6046e-08 -4.2223e-08 -3.1648e-08 -2.3601e-08 -1.7511e-08 -1.2927e-08 -9.4942e-09 -6.9377e-09 -5.0440e-09 -3.6487e-09 -2.6259e-09 -1.8804e-09 -1.3396e-09 -9.4961e-10 -6.6973e-10 -4.6995e-10 -3.2811e-10 -2.2792e-10 -1.5752e-10 -1.0832e-10 -7.4112e-11 -5.0451e-11 -3.4171e-11 -2.3028e-11 -1.5441e-11 -1.0301e-11 -6.8375e-12 -4.5157e-12 2.6299e-05 3.6914e-05 4.4648e-05 5.0660e-05 5.5378e-05 5.9013e-05 6.1696e-05 6.3517e-05 6.4549e-05 6.4860e-05 6.4513e-05 6.3573e-05 6.2105e-05 6.0176e-05 5.7851e-05 0.0000e+00 5.2280e-05 4.9163e-05 4.5907e-05 4.2569e-05 3.9202e-05 3.5854e-05 3.2567e-05 2.9378e-05 2.6317e-05 2.3410e-05 2.0676e-05 1.8129e-05 1.5779e-05 1.3629e-05 1.1679e-05 9.9273e-06 8.3666e-06 6.9883e-06 5.7819e-06 4.7353e-06 3.8358e-06 3.0699e-06 2.4241e-06 1.8851e-06 1.4402e-06 1.0770e-06 7.8440e-07 5.5177e-07 3.6968e-07 2.2967e-07 1.2424e-07 4.6851e-08 -8.1050e-09 -4.5411e-08 -6.9075e-08 -8.2416e-08 -8.8140e-08 -8.8421e-08 -8.4980e-08 -7.9147e-08 -7.1936e-08 -6.4094e-08 -5.6158e-08 -4.8496e-08 -4.1345e-08 -3.4842e-08 -2.9053e-08 -2.3989e-08 -1.9628e-08 -1.5921e-08 -1.2808e-08 -1.0224e-08 -8.0998e-09 -6.3703e-09 -4.9749e-09 -3.8586e-09 -2.9729e-09 -2.2755e-09 -1.7306e-09 -1.3080e-09 -9.8241e-10 -7.3342e-10 -5.4425e-10 -4.0148e-10 -2.9443e-10 -2.1468e-10 -1.5563e-10 -1.1218e-10 -8.0403e-11 -5.7306e-11 -4.0617e-11 -2.8629e-11 -2.0069e-11 -1.3991e-11 -9.7010e-12 -6.6900e-12 -4.5888e-12 -3.1306e-12 -2.1244e-12 -1.4339e-12 -9.6272e-13 -6.4295e-13 -4.2713e-13 -2.8226e-13
-2.5052e-05 -3.5545e-05 -4.3763e-05 -5.0890e-05 -5.7380e-05 -6.3455e-05 -6.9232e-05 -7.4769e-05 -8.0086e-05 -8.5177e-05 -9.0021e-05 -9.4581e-05 -9.8814e-05 -1.0267e-04 -1.0610e-04 -1.0906e-04 2.9412e-02 -1.1339e-04 -1.1468e-04 -1.1536e-04 -1.1542e-04 -1.1484e-04 -1.1365e-04 -1.1186e-04 -1.0950e-04 -1.0660e-04 -1.0321e-04 -9.9388e-05 -9.5185e-05 -9.0665e-05 -8.5891e-05 -8.0928e-05 -7.5841e-05 -7.0691e-05 -6.5536e-05 -6.0432e-05 -5.5428e-05 -5.0567e-05 -4.5887e-05 -4.1419e-05 -3.7188e-05 -3.3213e-05 -2.9507e-05 -2.6076e-05 -2.2923e-05 -2.0046e-05 -1.7439e-05 -1.5091e-05 -1.2991e-05 -1.1126e-05 -9.4786e-06 -8.0334e-06 -6.7733e-06 -5.6814e-06 -4.7408e-06 -3.9356e-06 -3.2503e-06 -2.6706e-06 -2.1829e-06 -1.7752e-06 -1.4362e-06 -1.1560e-06 -9.2570e-07 -7.3749e-07 -5.8455e-07 -4.6096e-07 -3.6164e-07 -2.8228e-07 -2.1921e-07 -1.6937e-07 -1.3019e-07 -9.9567e-08 -7.5761e-08 -5.7353e-08 -4.3198e-08 -3.2372e-08 -2.4135e-08 -1.7904e-08 -1.3214e-08 -9.7027e-09 -7.0887e-09 -5.1527e-09 -3.7265e-09 -2.6815e-09 -1.9198e-09 -1.3675e-09 -9.6914e-10 -6.8338e-10 -4.7945e-10 -3.3468e-10 -2.3244e-10 -1.6062e-10 -1.1043e-10 -7.5546e-11 -5.1419e-11 -3.4821e-11 -2.3462e-11 -1.5729e-11 -1.0492e-11 -6.9632e-12 2.4962e-05 3.5037e-05 4.2378e-05 4.8084e-05 5.2561e-05 5.6010e-05 5.8555e-05 6.0279e-05 6.1255e-05 6.1543e-05 6.1205e-05 6.0302e-05 5.8895e-05 5.7047e-05 5.4821e-05 5.2280e-05 0.0000e+00 4.6501e-05 4.3382e-05 4.0184e-05 3.6957e-05 3.3748e-05 3.0598e-05 2.7541e-05 2.4609e-05 2.1825e-05 1.9208e-05 1.6771e-05 1.4525e-05 1.2473e-05 1.0616e-05 8.9508e-06 7.4708e-06 6.1680e-06 5.0321e-06 4.0514e-06 3.2133e-06 2.5046e-06 1.9121e-06 1.4227e-06 1.0238e-06 7.0331e-07 4.5011e-07 2.5385e-07 1.0521e-07 -4.1721e-09 -8.1658e-08 -1.3365e-07 -1.6563e-07 -1.8226e-07 -1.8739e-07 -1.8422e-07 -1.7531e-07 -1.6269e-07 -1.4794e-07 -1.3224e-07 -1.1649e-07 -1.0128e-07 -8.7033e-08 -7.3997e-08 -6.2295e-08 -5.1963e-08 -4.2970e-08 -3.5242e-08 -2.8677e-08 -2.3160e-08 -1.8568e-08 -1.4782e-08 -1.1687e-08 -9.1789e-09 -7.1619e-09 -5.5525e-09 -4.2778e-09 -3.2754e-09 -2.4927e-09 -1.8857e-09 -1.4180e-09 -1.0601e-09 -7.8797e-10 -5.8234e-10 -4.2792e-10 -3.1268e-10 -2.2720e-10 -1.6417e-10 -1.1797e-10 -8.4309e-11 -5.9924e-11 -4.2360e-11 -2.9783e-11 -2.0828e-11 -1.4487e-11 -1.0023e-11 -6.8977e-12 -4.7217e-12 -3.2152e-12 -2.1778e-12 -1.4673e-12 -9.8350e-13 -6.5576e-13 -4.3495e-13
