2.9262e-08 -1.0355e-08 -1.9046e-08 -2.9373e-08 -4.1139e-08 -5.4222e-08 -6.8542e-08 -8.4044e-08 -1.0069e-07 -1.1847e-07 -1.3736e-07 -1.5736e-07 -1.7849e-07 -2.0074e-07 -2.2414e-07 -2.4870e-07 -2.7446e-07 -3.0143e-07 -3.2964e-07 -3.5914e-07 -3.8994e-07 -4.2208e-07 -4.5559e-07 -4.9051e-07 -5.2686e-07 -5.6468e-07 -6.0397e-07 -6.4475e-07 -6.8704e-07 -7.3082e-07 -7.7607e-07 -8.2276e-07 -8.7084e-07 -9.2021e-07 -9.7077e-07 -1.0224e-06 -1.0748e-06 -1.1279e-06 -1.1812e-06 -1.2346e-06 -1.2874e-06 -1.3392e-06 -1.3893e-06 -1.4370e-06 -1.4815e-06 -1.5217e-06 -1.5566e-06 -1.5849e-06 -1.6052e-06 -1.6161e-06 -1.6160e-06 -1.6034e-06 -1.5769e-06 -1.5350e-06 -1.4767e-06 -1.4015e-06 -1.3094e-06 -1.2012e-06 -1.0787e-06 -9.4505e-07 -8.0425e-07 -6.6147e-07 -5.2262e-07 -3.9374e-07 -2.8038e-07 -1.8668e-07 -1.1468e-07 -6.3961e-08 -3.1742e-08 -1.3671e-08 -4.9525e-09 -1.4509e-09 -3.2695e-10 -5.3163e-11 -5.7432e-12 -3.7019e-13 -1.2360e-14 -1.7714e-16 -8.4636e-19 -9.5553e-22 -1.5848e-25 -1.9830e-30 -7.2399e-37 -1.9406e-45 -4.9361e-57 -5.3419e-73 -1.9512e-95 -1.0232e-127 -1.9401e-175 -2.8122e-248 0.0000e+00 0.0000e+00 0.0000e+00 0.0000e+00 0.0000e+00 0.0000e+00 0.0000e+00 0.0000e+00 0.0000e+00 0.0000e+00 0.0000e+00 1.0355e-08 1.9046e-08 2.9373e-08 4.1139e-08 5.4222e-08 6.8542e-08 8.4044e-08 1.0069e-07 1.1847e-07 1.3736e-07 1.5736e-07 1.7849e-07 2.0074e-07 2.2414e-07 2.4870e-07 2.7446e-07 3.0143e-07 3.2964e-07 3.5914e-07 3.8994e-07 4.2208e-07 4.5559e-07 4.9051e-07 5.2686e-07 5.6468e-07 6.0397e-07 6.4475e-07 6.8704e-07 7.3082e-07 7.7607e-07 8.2276e-07 8.7084e-07 9.2021e-07 9.7077e-07 1.0224e-06 1.0748e-06 1.1279e-06 1.1812e-06 1.2346e-06 1.2874e-06 1.3392e-06 1.3893e-06 1.4370e-06 1.4815e-06 1.5217e-06 1.5566e-06 1.5849e-06 1.6052e-06 1.6161e-06 1.6160e-06 1.6034e-06 1.5769e-06 1.5350e-06 1.4767e-06 1.4015e-06 1.3094e-06 1.2012e-06 1.0787e-06 9.4505e-07 8.0425e-07 6.6147e-07 5.2262e-07 3.9374e-07 2.8038e-07 1.8668e-07 1.1468e-07 6.3961e-08 3.1742e-08 1.3671e-08 4.9525e-09 1.4509e-09 3.2695e-10 5.3163e-11 5.7432e-12 3.7019e-13 1.2360e-14 1.7714e-16 8.4636e-19 9.5553e-22 1.5848e-25 1.9830e-30 7.2399e-37 1.9406e-45 4.9360e-57 5.3418e-73 1.9512e-95 1.0232e-127 1.9401e-175 2.8121e-248 0.0000e+00 0.0000e+00 0.0000e+00 0.0000e+00 0.0000e+00 0.0000e+00 0.0000e+00 0.0000e+00 0.0000e+00 0.0000e+00
-1.0355e-08 4.7330e-07 -5.3910e-08 -8.3140e-08 -1.1644e-07 -1.5347e-07 -1.9401e-07 -2.3788e-07 -2.8501e-07 -3.3532e-07 -3.8879e-07 -4.4542e-07 -5.0521e-07 -5.6820e-07 -6.3443e-07 -7.0395e-07 -7.7685e-07 -8.5319e-07 -9.3305e-07 -1.0165e-06 -1.1037e-06 -1.1947e-06 -1.2895e-06 -1.3884e-06 -1.4913e-06 -1.5983e-06 -1.7095e-06 -1.8250e-06 -1.9447e-06 -2.0686e-06 -2.1967e-06 -2.3288e-06 -2.4649e-06 -2.6046e-06 -2.7477e-06 -2.8938e-06 -3.0422e-06 -3.1924e-06 -3.3435e-06 -3.4944e-06 -3.6439e-06 -3.7904e-06 -3.9323e-06 -4.0674e-06 -4.1933e-06 -4.3072e-06 -4.4059e-06 -4.4859e-06 -4.5435e-06 -4.5743e-06 -4.5741e-06 -4.5385e-06 -4.4633e-06 -4.3447e-06 -4.1798e-06 -3.9669e-06 -3.7061e-06 -3.3998e-06 -3.0533e-06 -2.6750e-06 -2.2764e-06 -1.8723e-06 -1.4793e-06 -1.1145e-06 -7.9361e-07 -5.2838e-07 -3.2461e-07 -1.8104e-07 -8.9845e-08 -3.8695e-08 -1.4018e-08 -4.1067e-09 -9.2544e-10 -1.5048e-10 -1.6256e-11 -1.0478e-12 -3.4985e-14 -5.0140e-16 -2.3957e-18 -2.7047e-21 -4.4859e-25 -5.6133e-30 -2.0494e-36 -5.4932e-45 -1.3973e-56 -1.5122e-72 -5.5239e-95 -2.8969e-127 -5.4934e-175 -7.9637e-248 0.0000e+00 0.0000e+00 0.0000e+00 0.0000e+00 0.0000e+00 0.0000e+00 0.0000e+00 0.0000e+00 0.0000e+00 0.0000e+00 1.0355e-08 0.0000e+00 5.3910e-08 8.3140e-08 1.1644e-07 1.5347e-07 1.9401e-07 2.3788e-07 2.8501e-07 3.3532e-07 3.8879e-07 4.4542e-07 5.0521e-07 5.6820e-07 6.3443e-07 7.0395e-07 7.7685e-07 8.5319e-07 9.3305e-07 1.0165e-06 1.1037e-06 1.1947e-06 1.2895e-06 1.3884e-06 1.4913e-06 1.5983e-06 1.7095e-06 1.8250e-06 1.9447e-06 2.0686e-06 2.1967e-06 2.3288e-06 2.4649e-06 2.6046e-06 2.7477e-06 2.8938e-06 3.0422e-06 3.1924e-06 3.3435e-06 3.4944e-06 3.6439e-06 3.7904e-06 3.9323e-06 4.0674e-06 4.1933e-06 4.3072e-06 4.4059e-06 4.4859e-06 4.5435e-06 4.5743e-06 4.5741e-06 4.5385e-06 4.4633e-06 4.3447e-06 4.1798e-06 3.9669e-06 3.7061e-06 3.3998e-06 3.0533e-06 2.6750e-06 2.2764e-06 1.8723e-06 1.4793e-06 1.1145e-06 7.9361e-07 5.2838e-07 3.2461e-07 1.8104e-07 8.9844e-08 3.8695e-08 1.4018e-08 4.1067e-09 9.2543e-10 1.5048e-10 1.6256e-11 1.0478e-12 3.4985e-14 5.0139e-16 2.3956e-18 2.7046e-21 4.4857e-25 5.6130e-30 2.0492e-36 5.4927e-45 1.3971e-56 1.5120e-72 5.5228e-95 2.8962e-127 5.4913e-175 7.9596e-248 0.0000e+00 0.0000e+00 0.0000e+00 0.0000e+00 0.0000e+00 0.0000e+00 0.0000e+00 0.0000e+00 0.0000e+00 0.0000e+00
-1.9046e-08 -5.3910e-08 2.4000e-06 -1.5292e-07 -2.1418e-07 -2.8229e-07 -3.5684e-07 -4.3755e-07 -5.2423e-07 -6.1677e-07 -7.1512e-07 -8.1927e-07 -9.2925e-07 -1.0451e-06 -1.1669e-06 -1.2948e-06 -1.4289e-06 -1.5693e-06 -1.7162e-06 -1.8697e-06 -2.0301e-06 -2.1974e-06 -2.3719e-06 -2.5537e-06 -2.7430e-06 -2.9398e-06 -3.1444e-06 -3.3567e-06 -3.5769e-06 -3.8048e-06 -4.0404e-06 -4.2835e-06 -4.5338e-06 -4.7908e-06 -5.0540e-06 -5.3227e-06 -5.5957e-06 -5.8720e-06 -6.1498e-06 -6.4274e-06 -6.7023e-06 -6.9719e-06 -7.2329e-06 -7.4813e-06 -7.7129e-06 -7.9223e-06 -8.1039e-06 -8.2512e-06 -8.3570e-06 -8.4137e-06 -8.4134e-06 -8.3479e-06 -8.2096e-06 -7.9915e-06 -7.6881e-06 -7.2965e-06 -6.8168e-06 -6.2535e-06 -5.6161e-06 -4.9202e-06 -4.1871e-06 -3.4438e-06 -2.7209e-06 -2.0499e-06 -1.4597e-06 -9.7189e-07 -5.9707e-07 -3.3300e-07 -1.6526e-07 -7.1175e-08 -2.5785e-08 -7.5538e-09 -1.7023e-09 -2.7679e-10 -2.9902e-11 -1.9274e-12 -6.4355e-14 -9.2234e-16 -4.4070e-18 -4.9756e-21 -8.2526e-25 -1.0327e-29 -3.7705e-36 -1.0107e-44 -2.5713e-56 -2.7831e-72 -1.0168e-94 -5.3342e-127 -1.0119e-174 -1.4679e-247 0.0000e+00 0.0000e+00 0.0000e+00 0.0000e+00 0.0000e+00 0.0000e+00 0.0000e+00 0.0000e+00 0.0000e+00 0.0000e+00 1.9046e-08 5.3910e-08 0.0000e+00 1.5292e-07 2.1418e-07 2.8229e-07 3.5684e-07 4.3755e-07 5.2423e-07 6.1677e-07 7.1512e-07 8.1927e-07 9.2925e-07 1.0451e-06 1.1669e-06 1.2948e-06 1.4289e-06 1.5693e-06 1.7162e-06 1.8697e-06 2.0301e-06 2.1974e-06 2.3719e-06 2.5537e-06 2.7430e-06 2.9398e-06 3.1444e-06 3.3567e-06 3.5769e-06 3.8048e-06 4.0404e-06 4.2835e-06 4.5338e-06 4.7908e-06 5.0540e-06 5.3227e-06 5.5957e-06 5.8719e-06 6.1498e-06 6.4273e-06 6.7023e-06 6.9719e-06 7.2329e-06 7.4813e-06 7.7129e-06 7.9223e-06 8.1039e-06 8.2512e-06 8.3569e-06 8.4137e-06 8.4133e-06 8.3479e-06 8.2095e-06 7.9914e-06 7.6881e-06 7.2965e-06 6.8168e-06 6.2535e-06 5.6161e-06 4.9201e-06 4.1871e-06 3.4438e-06 2.7208e-06 2.0499e-06 1.4597e-06 9.7187e-07 5.9706e-07 3.3300e-07 1.6525e-07 7.1173e-08 2.5784e-08 7.5535e-09 1.7022e-09 2.7678e-10 2.9900e-11 1.9273e-12 6.4348e-14 9.2222e-16 4.4063e-18 4.9747e-21 8.2508e-25 1.0324e-29 3.7692e-36 1.0103e-44 2.5698e-56 2.7811e-72 1.0158e-94 5.3270e-127 1.0100e-174 1.4640e-247 0.0000e+00 0.0000e+00 0.0000e+00 0.0000e+00 0.0000e+00 0.0000e+00 0.0000e+00 0.0000e+00 0.0000e+00 0.0000e+00
-2.9373e-08 -8.3140e-08 -1.5292e-07 7.6023e-06 -3.3031e-07 -4.3535e-07 -5.5032e-07 -6.7479e-07 -8.0847e-07 -9.5119e-07 -1.1029e-06 -1.2635e-06 -1.4331e-06 -1.6118e-06 -1.7996e-06 -1.9969e-06 -2.2036e-06 -2.4202e-06 -2.6467e-06 -2.8835e-06 -3.1308e-06 -3.3889e-06 -3.6580e-06 -3.9383e-06 -4.2302e-06 -4.5338e-06 -4.8493e-06 -5.1768e-06 -5.5163e-06 -5.8678e-06 -6.2311e-06 -6.6060e-06 -6.9920e-06 -7.3884e-06 -7.7943e-06 -8.2086e-06 -8.6298e-06 -9.0558e-06 -9.4843e-06 -9.9123e-06 -1.0336e-05 -1.0752e-05 -1.1155e-05 -1.1538e-05 -1.1895e-05 -1.2218e-05 -1.2498e-05 -1.2725e-05 -1.2888e-05 -1.2976e-05 -1.2975e-05 -1.2874e-05 -1.2661e-05 -1.2325e-05 -1.1857e-05 -1.1253e-05 -1.0513e-05 -9.6443e-06 -8.6614e-06 -7.5881e-06 -6.4575e-06 -5.3112e-06 -4.1963e-06 -3.1615e-06 -2.2513e-06 -1.4989e-06 -9.2085e-07 -5.1359e-07 -2.5488e-07 -1.0977e-07 -3.9769e-08 -1.1651e-08 -2.6255e-09 -4.2693e-10 -4.6122e-11 -2.9730e-12 -9.9270e-14 -1.4228e-15 -6.7986e-18 -7.6764e-21 -1.2733e-24 -1.5936e-29 -5.8193e-36 -1.5603e-44 -3.9703e-56 -4.2991e-72 -1.5715e-94 -8.2504e-127 -1.5669e-174 -2.2769e-247 0.0000e+00 0.0000e+00 0.0000e+00 0.0000e+00 0.0000e+00 0.0000e+00 0.0000e+00 0.0000e+00 0.0000e+00 0.0000e+00 2.9373e-08 8.3140e-08 1.5292e-07 0.0000e+00 3.3031e-07 4.3535e-07 5.5032e-07 6.7479e-07 8.0847e-07 9.5119e-07 1.1029e-06 1.2635e-06 1.4331e-06 1.6118e-06 1.7996e-06 1.9969e-06 2.2036e-06 2.4202e-06 2.6467e-06 2.8835e-06 3.1308e-06 3.3889e-06 3.6580e-06 3.9383e-06 4.2302e-06 4.5338e-06 4.8493e-06 5.1768e-06 5.5163e-06 5.8678e-06 6.2311e-06 6.6060e-06 6.9920e-06 7.3884e-06 7.7943e-06 8.2086e-06 8.6297e-06 9.0557e-06 9.4842e-06 9.9123e-06 1.0336e-05 1.0752e-05 1.1155e-05 1.1538e-05 1.1895e-05 1.2218e-05 1.2498e-05 1.2725e-05 1.2888e-05 1.2976e-05 1.2975e-05 1.2874e-05 1.2661e-05 1.2324e-05 1.1857e-05 1.1253e-05 1.0513e-05 9.6441e-06 8.6612e-06 7.5879e-06 6.4573e-06 5.3110e-06 4.1961e-06 3.1614e-06 2.2512e-06 1.4988e-06 9.2079e-07 5.1355e-07 2.5486e-07 1.0976e-07 3.9764e-08 1.1649e-08 2.6251e-09 4.2685e-10 4.6112e-11 2.9722e-12 9.9238e-14 1.4223e-15 6.7954e-18 7.6720e-21 1.2724e-24 1.5922e-29 5.8129e-36 1.5581e-44 3.9632e-56 4.2890e-72 1.5666e-94 8.2154e-127 1.5577e-174 2.2578e-247 0.0000e+00 0.0000e+00 0.0000e+00 0.0000e+00 0.0000e+00 0.0000e+00 0.0000e+00 0.0000e+00 0.0000e+00 0.0000e+00
-4.1139e-08 -1.1644e-07 -2.1418e-07 -3.3031e-07 1.8614e-05 -6.0975e-07 -7.7077e-07 -9.4510e-07 -1.1323e-06 -1.3322e-06 -1.5447e-06 -1.7696e-06 -2.0072e-06 -2.2574e-06 -2.5205e-06 -2.7968e-06 -3.0864e-06 -3.3897e-06 -3.7069e-06 -4.0386e-06 -4.3849e-06 -4.7464e-06 -5.1233e-06 -5.5159e-06 -5.9248e-06 -6.3500e-06 -6.7918e-06 -7.2505e-06 -7.7260e-06 -8.2183e-06 -8.7272e-06 -9.2522e-06 -9.7928e-06 -1.0348e-05 -1.0917e-05 -1.1497e-05 -1.2087e-05 -1.2683e-05 -1.3283e-05 -1.3883e-05 -1.4477e-05 -1.5059e-05 -1.5623e-05 -1.6160e-05 -1.6660e-05 -1.7112e-05 -1.7504e-05 -1.7823e-05 -1.8051e-05 -1.8174e-05 -1.8173e-05 -1.8032e-05 -1.7733e-05 -1.7262e-05 -1.6607e-05 -1.5761e-05 -1.4725e-05 -1.3508e-05 -1.2131e-05 -1.0628e-05 -9.0446e-06 -7.4391e-06 -5.8775e-06 -4.4282e-06 -3.1533e-06 -2.0995e-06 -1.2898e-06 -7.1940e-07 -3.5702e-07 -1.5377e-07 -5.5709e-08 -1.6321e-08 -3.6781e-09 -5.9811e-10 -6.4619e-11 -4.1656e-12 -1.3910e-13 -1.9939e-15 -9.5284e-18 -1.0760e-20 -1.7852e-24 -2.2348e-29 -8.1635e-36 -2.1897e-44 -5.5753e-56 -6.0418e-72 -2.2111e-94 -1.1627e-126 -2.2134e-174 -3.2279e-247 0.0000e+00 0.0000e+00 0.0000e+00 0.0000e+00 0.0000e+00 0.0000e+00 0.0000e+00 0.0000e+00 0.0000e+00 0.0000e+00 4.1139e-08 1.1644e-07 2.1418e-07 3.3031e-07 0.0000e+00 6.0975e-07 7.7077e-07 9.4510e-07 1.1323e-06 1.3322e-06 1.5447e-06 1.7696e-06 2.0072e-06 2.2574e-06 2.5205e-06 2.7968e-06 3.0864e-06 3.3897e-06 3.7069e-06 4.0386e-06 4.3849e-06 4.7464e-06 5.1233e-06 5.5159e-06 5.9247e-06 6.3500e-06 6.7918e-06 7.2505e-06 7.7260e-06 8.2183e-06 8.7272e-06 9.2522e-06 9.7928e-06 1.0348e-05 1.0917e-05 1.1497e-05 1.2087e-05 1.2683e-05 1.3283e-05 1.3883e-05 1.4477e-05 1.5059e-05 1.5623e-05 1.6160e-05 1.6660e-05 1.7112e-05 1.7504e-05 1.7822e-05 1.8051e-05 1.8173e-05 1.8173e-05 1.8031e-05 1.7732e-05 1.7261e-05 1.6606e-05 1.5760e-05 1.4724e-05 1.3507e-05 1.2131e-05 1.0627e-05 9.0440e-06 7.4385e-06 5.8770e-06 4.4278e-06 3.1529e-06 2.0992e-06 1.2896e-06 7.1926e-07 3.5695e-07 1.5373e-07 5.5693e-08 1.6315e-08 3.6767e-09 5.9783e-10 6.4584e-11 4.1629e-12 1.3899e-13 1.9920e-15 9.5175e-18 1.0745e-20 1.7821e-24 2.2300e-29 8.1415e-36 2.1822e-44 5.5507e-56 6.0070e-72 2.1942e-94 1.1506e-126 2.1817e-174 3.1623e-247 0.0000e+00 0.0000e+00 0.0000e+00 0.0000e+00 0.0000e+00 0.0000e+00 0.0000e+00 0.0000e+00 0.0000e+00 0.0000e+00
-5.4222e-08 -1.5347e-07 -2.8229e-07 -4.3535e-07 -6.0975e-07 3.8736e-05 -1.0159e-06 -1.2457e-06 -1.4924e-06 -1.7559e-06 -2.0359e-06 -2.3324e-06 -2.6455e-06 -2.9753e-06 -3.3221e-06 -3.6862e-06 -4.0679e-06 -4.4676e-06 -4.8858e-06 -5.3229e-06 -5.7795e-06 -6.2558e-06 -6.7526e-06 -7.2701e-06 -7.8089e-06 -8.3694e-06 -8.9518e-06 -9.5563e-06 -1.0183e-05 -1.0832e-05 -1.1503e-05 -1.2195e-05 -1.2907e-05 -1.3639e-05 -1.4388e-05 -1.5153e-05 -1.5931e-05 -1.6717e-05 -1.7508e-05 -1.8298e-05 -1.9081e-05 -1.9849e-05 -2.0592e-05 -2.1299e-05 -2.1958e-05 -2.2555e-05 -2.3072e-05 -2.3491e-05 -2.3792e-05 -2.3954e-05 -2.3953e-05 -2.3767e-05 -2.3373e-05 -2.2752e-05 -2.1889e-05 -2.0774e-05 -1.9408e-05 -1.7805e-05 -1.5990e-05 -1.4009e-05 -1.1922e-05 -9.8057e-06 -7.7474e-06 -5.8371e-06 -4.1567e-06 -2.7676e-06 -1.7003e-06 -9.4837e-07 -4.7067e-07 -2.0273e-07 -7.3448e-08 -2.1519e-08 -4.8499e-09 -7.8872e-10 -8.5220e-11 -5.4942e-12 -1.8349e-13 -2.6306e-15 -1.2574e-17 -1.4204e-20 -2.3573e-24 -2.9523e-29 -1.0791e-35 -2.8968e-44 -7.3834e-56 -8.0128e-72 -2.9384e-94 -1.5496e-126 -2.9627e-174 -4.3486e-247 0.0000e+00 0.0000e+00 0.0000e+00 0.0000e+00 0.0000e+00 0.0000e+00 0.0000e+00 0.0000e+00 0.0000e+00 0.0000e+00 5.4222e-08 1.5347e-07 2.8229e-07 4.3535e-07 6.0975e-07 0.0000e+00 1.0159e-06 1.2457e-06 1.4924e-06 1.7559e-06 2.0359e-06 2.3324e-06 2.6455e-06 2.9753e-06 3.3221e-06 3.6862e-06 4.0679e-06 4.4676e-06 4.8858e-06 5.3229e-06 5.7794e-06 6.2558e-06 6.7526e-06 7.2701e-06 7.8089e-06 8.3694e-06 8.9517e-06 9.5563e-06 1.0183e-05 1.0832e-05 1.1503e-05 1.2195e-05 1.2907e-05 1.3639e-05 1.4388e-05 1.5153e-05 1.5930e-05 1.6717e-05 1.7508e-05 1.8298e-05 1.9081e-05 1.9848e-05 2.0591e-05 2.1299e-05 2.1958e-05 2.2554e-05 2.3071e-05 2.3490e-05 2.3791e-05 2.3953e-05 2.3952e-05 2.3766e-05 2.3372e-05 2.2751e-05 2.1887e-05 2.0772e-05 1.9407e-05 1.7803e-05 1.5988e-05 1.4007e-05 1.1920e-05 9.8041e-06 7.7460e-06 5.8359e-06 4.1557e-06 2.7668e-06 1.6998e-06 9.4801e-07 4.7046e-07 2.0262e-07 7.3404e-08 2.1504e-08 4.8459e-09 7.8796e-10 8.5123e-11 5.4867e-12 1.8319e-13 2.6255e-15 1.2544e-17 1.4162e-20 2.3489e-24 2.9392e-29 1.0731e-35 2.8762e-44 7.3160e-56 7.9174e-72 2.8919e-94 1.5165e-126 2.8755e-174 4.1679e-247 0.0000e+00 0.0000e+00 0.0000e+00 0.0000e+00 0.0000e+00 0.0000e+00 0.0000e+00 0.0000e+00 0.0000e+00 0.0000e+00
-6.8542e-08 -1.9401e-07 -3.5684e-07 -5.5032e-07 -7.7077e-07 -1.0159e-06 7.2067e-05 -1.5746e-06 -1.8866e-06 -2.2196e-06 -2.5735e-06 -2.9483e-06 -3.3441e-06 -3.7610e-06 -4.1994e-06 -4.6597e-06 -5.1422e-06 -5.6475e-06 -6.1761e-06 -6.7287e-06 -7.3057e-06 -7.9079e-06 -8.5359e-06 -9.1901e-06 -9.8712e-06 -1.0580e-05 -1.1316e-05 -1.2080e-05 -1.2872e-05 -1.3692e-05 -1.4540e-05 -1.5415e-05 -1.6316e-05 -1.7241e-05 -1.8188e-05 -1.9155e-05 -2.0138e-05 -2.1132e-05 -2.2132e-05 -2.3131e-05 -2.4120e-05 -2.5091e-05 -2.6030e-05 -2.6924e-05 -2.7757e-05 -2.8511e-05 -2.9165e-05 -2.9695e-05 -3.0076e-05 -3.0281e-05 -3.0280e-05 -3.0044e-05 -2.9547e-05 -2.8762e-05 -2.7671e-05 -2.6262e-05 -2.4536e-05 -2.2509e-05 -2.0215e-05 -1.7710e-05 -1.5072e-05 -1.2397e-05 -9.7950e-06 -7.3800e-06 -5.2555e-06 -3.4994e-06 -2.1500e-06 -1.1992e-06 -5.9519e-07 -2.5637e-07 -9.2892e-08 -2.7218e-08 -6.1350e-09 -9.9784e-10 -1.0783e-10 -6.9533e-12 -2.3228e-13 -3.3310e-15 -1.5927e-17 -1.8000e-20 -2.9891e-24 -3.7463e-29 -1.3706e-35 -3.6842e-44 -9.4067e-56 -1.0233e-71 -3.7651e-94 -1.9950e-126 -3.8407e-174 -5.6960e-247 0.0000e+00 0.0000e+00 0.0000e+00 0.0000e+00 0.0000e+00 0.0000e+00 0.0000e+00 0.0000e+00 0.0000e+00 0.0000e+00 6.8542e-08 1.9401e-07 3.5684e-07 5.5032e-07 7.7077e-07 1.0159e-06 0.0000e+00 1.5746e-06 1.8866e-06 2.2196e-06 2.5735e-06 2.9483e-06 3.3441e-06 3.7610e-06 4.1994e-06 4.6597e-06 5.1422e-06 5.6475e-06 6.1761e-06 6.7287e-06 7.3057e-06 7.9079e-06 8.5358e-06 9.1901e-06 9.8712e-06 1.0580e-05 1.1316e-05 1.2080e-05 1.2872e-05 1.3692e-05 1.4540e-05 1.5415e-05 1.6316e-05 1.7241e-05 1.8188e-05 1.9155e-05 2.0137e-05 2.1132e-05 2.2131e-05 2.3130e-05 2.4120e-05 2.5090e-05 2.6029e-05 2.6923e-05 2.7756e-05 2.8510e-05 2.9164e-05 2.9694e-05 3.0074e-05 3.0278e-05 3.0277e-05 3.0042e-05 2.9544e-05 2.8759e-05 2.7667e-05 2.6258e-05 2.4532e-05 2.2505e-05 2.0211e-05 1.7706e-05 1.5068e-05 1.2393e-05 9.7916e-06 7.3771e-06 5.2531e-06 3.4975e-06 2.1487e-06 1.1984e-06 5.9471e-07 2.5613e-07 9.2789e-08 2.7183e-08 6.1257e-09 9.9605e-10 1.0760e-10 6.9357e-12 2.3157e-13 3.3188e-15 1.5857e-17 1.7903e-20 2.9692e-24 3.7154e-29 1.3564e-35 3.6358e-44 9.2480e-56 1.0008e-71 3.6556e-94 1.9170e-126 3.6347e-174 5.2683e-247 0.0000e+00 0.0000e+00 0.0000e+00 0.0000e+00 0.0000e+00 0.0000e+00 0.0000e+00 0.0000e+00 0.0000e+00 0.0000e+00
-8.4044e-08 -2.3788e-07 -4.3755e-07 -6.7479e-07 -9.4510e-07 -1.2457e-06 -1.5746e-06 1.2354e-04 -2.3132e-06 -2.7216e-06 -3.1556e-06 -3.6152e-06 -4.1004e-06 -4.6117e-06 -5.1492e-06 -5.7135e-06 -6.3052e-06 -6.9248e-06 -7.5730e-06 -8.2505e-06 -8.9581e-06 -9.6965e-06 -1.0466e-05 -1.1269e-05 -1.2104e-05 -1.2972e-05 -1.3875e-05 -1.4812e-05 -1.5784e-05 -1.6789e-05 -1.7829e-05 -1.8902e-05 -2.0006e-05 -2.1140e-05 -2.2302e-05 -2.3487e-05 -2.4692e-05 -2.5911e-05 -2.7138e-05 -2.8363e-05 -2.9576e-05 -3.0766e-05 -3.1918e-05 -3.3014e-05 -3.4036e-05 -3.4961e-05 -3.5762e-05 -3.6413e-05 -3.6880e-05 -3.7131e-05 -3.7130e-05 -3.6842e-05 -3.6232e-05 -3.5270e-05 -3.3932e-05 -3.2205e-05 -3.0088e-05 -2.7603e-05 -2.4791e-05 -2.1720e-05 -1.8485e-05 -1.5204e-05 -1.2013e-05 -9.0518e-06 -6.4463e-06 -4.2924e-06 -2.6374e-06 -1.4712e-06 -7.3023e-07 -3.1457e-07 -1.1399e-07 -3.3405e-08 -7.5307e-09 -1.2251e-09 -1.3242e-10 -8.5413e-12 -2.8542e-13 -4.0950e-15 -1.9591e-17 -2.2156e-20 -3.6825e-24 -4.6207e-29 -1.6931e-35 -4.5600e-44 -1.1674e-55 -1.2746e-71 -4.7132e-94 -2.5153e-126 -4.8923e-174 -7.3665e-247 0.0000e+00 0.0000e+00 0.0000e+00 0.0000e+00 0.0000e+00 0.0000e+00 0.0000e+00 0.0000e+00 0.0000e+00 0.0000e+00 8.4044e-08 2.3788e-07 4.3755e-07 6.7479e-07 9.4510e-07 1.2457e-06 1.5746e-06 0.0000e+00 2.3132e-06 2.7216e-06 3.1556e-06 3.6152e-06 4.1004e-06 4.6117e-06 5.1492e-06 5.7135e-06 6.3052e-06 6.9248e-06 7.5730e-06 8.2505e-06 8.9581e-06 9.6964e-06 1.0466e-05 1.1269e-05 1.2104e-05 1.2972e-05 1.3875e-05 1.4812e-05 1.5783e-05 1.6789e-05 1.7829e-05 1.8901e-05 2.0006e-05 2.1140e-05 2.2302e-05 2.3487e-05 2.4692e-05 2.5911e-05 2.7137e-05 2.8362e-05 2.9575e-05 3.0765e-05 3.1916e-05 3.3012e-05 3.4034e-05 3.4958e-05 3.5760e-05 3.6409e-05 3.6876e-05 3.7127e-05 3.7125e-05 3.6836e-05 3.6226e-05 3.5263e-05 3.3925e-05 3.2197e-05 3.0080e-05 2.7594e-05 2.4782e-05 2.1711e-05 1.8476e-05 1.5196e-05 1.2006e-05 9.0455e-06 6.4412e-06 4.2885e-06 2.6346e-06 1.4694e-06 7.2921e-07 3.1406e-07 1.1377e-07 3.3331e-08 7.5111e-09 1.2213e-09 1.3194e-10 8.5044e-12 2.8395e-13 4.0694e-15 1.9443e-17 2.1952e-20 3.6408e-24 4.5557e-29 1.6632e-35 4.4581e-44 1.1340e-55 1.2272e-71 4.4824e-94 2.3505e-126 4.4565e-174 6.4590e-247 0.0000e+00 0.0000e+00 0.0000e+00 0.0000e+00 0.0000e+00 0.0000e+00 0.0000e+00 0.0000e+00 0.0000e+00 0.0000e+00
-1.0069e-07 -2.8501e-07 -5.2423e-07 -8.0847e-07 -1.1323e-06 -1.4924e-06 -1.8866e-06 -2.3132e-06 1.9899e-04 -3.2608e-06 -3.7807e-06 -4.3314e-06 -4.9128e-06 -5.5253e-06 -6.1693e-06 -6.8454e-06 -7.5543e-06 -8.2966e-06 -9.0732e-06 -9.8850e-06 -1.0733e-05 -1.1617e-05 -1.2540e-05 -1.3501e-05 -1.4502e-05 -1.5542e-05 -1.6624e-05 -1.7747e-05 -1.8910e-05 -2.0115e-05 -2.1361e-05 -2.2646e-05 -2.3970e-05 -2.5329e-05 -2.6720e-05 -2.8141e-05 -2.9585e-05 -3.1045e-05 -3.2514e-05 -3.3982e-05 -3.5436e-05 -3.6862e-05 -3.8242e-05 -3.9556e-05 -4.0780e-05 -4.1889e-05 -4.2849e-05 -4.3629e-05 -4.4189e-05 -4.4490e-05 -4.4489e-05 -4.4144e-05 -4.3414e-05 -4.2262e-05 -4.0660e-05 -3.8590e-05 -3.6055e-05 -3.3078e-05 -2.9708e-05 -2.6029e-05 -2.2153e-05 -1.8222e-05 -1.4399e-05 -1.0850e-05 -7.7271e-06 -5.1456e-06 -3.1619e-06 -1.7639e-06 -8.7564e-07 -3.7727e-07 -1.3673e-07 -4.0077e-08 -9.0370e-09 -1.4705e-09 -1.5901e-10 -1.0260e-11 -3.4305e-13 -4.9249e-15 -2.3581e-17 -2.6695e-20 -4.4427e-24 -5.5839e-29 -2.0505e-35 -5.5383e-44 -1.4233e-55 -1.5621e-71 -5.8178e-94 -3.1361e-126 -6.1877e-174 -9.5118e-247 0.0000e+00 0.0000e+00 0.0000e+00 0.0000e+00 0.0000e+00 0.0000e+00 0.0000e+00 0.0000e+00 0.0000e+00 0.0000e+00 1.0069e-07 2.8501e-07 5.2423e-07 8.0847e-07 1.1323e-06 1.4924e-06 1.8866e-06 2.3132e-06 0.0000e+00 3.2608e-06 3.7807e-06 4.3314e-06 4.9128e-06 5.5253e-06 6.1693e-06 6.8454e-06 7.5543e-06 8.2966e-06 9.0732e-06 9.8849e-06 1.0733e-05 1.1617e-05 1.2540e-05 1.3501e-05 1.4502e-05 1.5542e-05 1.6624e-05 1.7746e-05 1.8910e-05 2.0115e-05 2.1361e-05 2.2646e-05 2.3969e-05 2.5328e-05 2.6720e-05 2.8140e-05 2.9584e-05 3.1044e-05 3.2513e-05 3.3980e-05 3.5434e-05 3.6859e-05 3.8239e-05 3.9552e-05 4.0776e-05 4.1884e-05 4.2844e-05 4.3622e-05 4.4182e-05 4.4481e-05 4.4480e-05 4.4134e-05 4.3402e-05 4.2249e-05 4.0646e-05 3.8575e-05 3.6039e-05 3.3061e-05 2.9691e-05 2.6012e-05 2.2136e-05 1.8207e-05 1.4385e-05 1.0837e-05 7.7172e-06 5.1381e-06 3.1565e-06 1.7605e-06 8.7367e-07 3.7628e-07 1.3631e-07 3.9934e-08 8.9991e-09 1.4633e-09 1.5808e-10 1.0189e-11 3.4020e-13 4.8756e-15 2.3295e-17 2.6300e-20 4.3620e-24 5.4581e-29 1.9927e-35 5.3412e-44 1.3586e-55 1.4702e-71 5.3701e-94 2.8159e-126 5.3386e-174 7.7361e-247 0.0000e+00 0.0000e+00 0.0000e+00 0.0000e+00 0.0000e+00 0.0000e+00 0.0000e+00 0.0000e+00 0.0000e+00 0.0000e+00
-1.1847e-07 -3.3532e-07 -6.1677e-07 -9.5119e-07 -1.3322e-06 -1.7559e-06 -2.2196e-06 -2.7216e-06 -3.2608e-06 3.0517e-04 -4.4482e-06 -5.0960e-06 -5.7800e-06 -6.5007e-06 -7.2584e-06 -8.0539e-06 -8.8879e-06 -9.7612e-06 -1.0675e-05 -1.1630e-05 -1.2627e-05 -1.3668e-05 -1.4754e-05 -1.5884e-05 -1.7062e-05 -1.8286e-05 -1.9559e-05 -2.0879e-05 -2.2249e-05 -2.3667e-05 -2.5132e-05 -2.6644e-05 -2.8201e-05 -2.9800e-05 -3.1438e-05 -3.3109e-05 -3.4808e-05 -3.6526e-05 -3.8255e-05 -3.9982e-05 -4.1693e-05 -4.3370e-05 -4.4994e-05 -4.6541e-05 -4.7982e-05 -4.9286e-05 -5.0417e-05 -5.1334e-05 -5.1994e-05 -5.2349e-05 -5.2349e-05 -5.1944e-05 -5.1085e-05 -4.9731e-05 -4.7846e-05 -4.5412e-05 -4.2430e-05 -3.8927e-05 -3.4963e-05 -3.0635e-05 -2.6074e-05 -2.1449e-05 -1.6949e-05 -1.2772e-05 -9.0973e-06 -6.0587e-06 -3.7234e-06 -2.0775e-06 -1.0315e-06 -4.4449e-07 -1.6113e-07 -4.7242e-08 -1.0656e-08 -1.7347e-09 -1.8766e-10 -1.2117e-11 -4.0541e-13 -5.8253e-15 -2.7924e-17 -3.1656e-20 -5.2779e-24 -6.6489e-29 -2.4489e-35 -6.6407e-44 -1.7156e-55 -1.8963e-71 -7.1313e-94 -3.8959e-126 -7.8321e-174 -1.2362e-246 0.0000e+00 0.0000e+00 0.0000e+00 0.0000e+00 0.0000e+00 0.0000e+00 0.0000e+00 0.0000e+00 0.0000e+00 0.0000e+00 1.1847e-07 3.3532e-07 6.1677e-07 9.5119e-07 1.3322e-06 1.7559e-06 2.2196e-06 2.7216e-06 3.2608e-06 0.0000e+00 4.4482e-06 5.0960e-06 5.7800e-06 6.5007e-06 7.2584e-06 8.0539e-06 8.8878e-06 9.7612e-06 1.0675e-05 1.1630e-05 1.2627e-05 1.3668e-05 1.4754e-05 1.5884e-05 1.7062e-05 1.8286e-05 1.9558e-05 2.0879e-05 2.2249e-05 2.3666e-05 2.5132e-05 2.6644e-05 2.8200e-05 2.9799e-05 3.1437e-05 3.3108e-05 3.4806e-05 3.6524e-05 3.8252e-05 3.9979e-05 4.1689e-05 4.3366e-05 4.4989e-05 4.6535e-05 4.7975e-05 4.9278e-05 5.0407e-05 5.1323e-05 5.1981e-05 5.2334e-05 5.2332e-05 5.1925e-05 5.1064e-05 4.9708e-05 4.7821e-05 4.5385e-05 4.2401e-05 3.8897e-05 3.4933e-05 3.0604e-05 2.6044e-05 2.1421e-05 1.6924e-05 1.2751e-05 9.0796e-06 6.0451e-06 3.7138e-06 2.0713e-06 1.0279e-06 4.4270e-07 1.6038e-07 4.6984e-08 1.0588e-08 1.7216e-09 1.8598e-10 1.1988e-11 4.0025e-13 5.7363e-15 2.7408e-17 3.0943e-20 5.1320e-24 6.4216e-29 2.3445e-35 6.2839e-44 1.5984e-55 1.7297e-71 6.3175e-94 3.3125e-126 6.2788e-174 9.0953e-247 0.0000e+00 0.0000e+00 0.0000e+00 0.0000e+00 0.0000e+00 0.0000e+00 0.0000e+00 0.0000e+00 0.0000e+00 0.0000e+00
-1.3736e-07 -3.8879e-07 -7.1512e-07 -1.1029e-06 -1.5447e-06 -2.0359e-06 -2.5735e-06 -3.1556e-06 -3.7807e-06 -4.4482e-06 4.4988e-04 -5.9086e-06 -6.7017e-06 -7.5373e-06 -8.4158e-06 -9.3382e-06 -1.0305e-05 -1.1318e-05 -1.2377e-05 -1.3485e-05 -1.4641e-05 -1.5848e-05 -1.7106e-05 -1.8417e-05 -1.9782e-05 -2.1202e-05 -2.2678e-05 -2.4209e-05 -2.5797e-05 -2.7441e-05 -2.9140e-05 -3.0894e-05 -3.2699e-05 -3.4553e-05 -3.6452e-05 -3.8390e-05 -4.0359e-05 -4.2352e-05 -4.4357e-05 -4.6359e-05 -4.8343e-05 -5.0289e-05 -5.2172e-05 -5.3966e-05 -5.5637e-05 -5.7150e-05 -5.8462e-05 -5.9527e-05 -6.0292e-05 -6.0705e-05 -6.0706e-05 -6.0237e-05 -5.9243e-05 -5.7674e-05 -5.5490e-05 -5.2669e-05 -4.9212e-05 -4.5151e-05 -4.0556e-05 -3.5536e-05 -3.0248e-05 -2.4884e-05 -1.9666e-05 -1.4821e-05 -1.0558e-05 -7.0324e-06 -4.3224e-06 -2.4122e-06 -1.1979e-06 -5.1635e-07 -1.8724e-07 -5.4917e-08 -1.2393e-08 -2.0185e-09 -2.1851e-10 -1.4120e-11 -4.7289e-13 -6.8034e-15 -3.2662e-17 -3.7098e-20 -6.2002e-24 -7.8351e-29 -2.8974e-35 -7.8983e-44 -2.0547e-55 -2.2921e-71 -8.7282e-94 -4.8500e-126 -9.9796e-174 -1.6263e-246 0.0000e+00 0.0000e+00 0.0000e+00 0.0000e+00 0.0000e+00 0.0000e+00 0.0000e+00 0.0000e+00 0.0000e+00 0.0000e+00 1.3736e-07 3.8879e-07 7.1512e-07 1.1029e-06 1.5447e-06 2.0359e-06 2.5735e-06 3.1556e-06 3.7807e-06 4.4482e-06 0.0000e+00 5.9086e-06 6.7017e-06 7.5373e-06 8.4158e-06 9.3381e-06 1.0305e-05 1.1318e-05 1.2377e-05 1.3484e-05 1.4641e-05 1.5848e-05 1.7106e-05 1.8417e-05 1.9782e-05 2.1202e-05 2.2677e-05 2.4209e-05 2.5796e-05 2.7440e-05 2.9139e-05 3.0892e-05 3.2697e-05 3.4551e-05 3.6450e-05 3.8387e-05 4.0356e-05 4.2348e-05 4.4352e-05 4.6354e-05 4.8337e-05 5.0281e-05 5.2163e-05 5.3955e-05 5.5625e-05 5.7136e-05 5.8445e-05 5.9507e-05 6.0270e-05 6.0679e-05 6.0677e-05 6.0205e-05 5.9207e-05 5.7634e-05 5.5446e-05 5.2622e-05 4.9163e-05 4.5100e-05 4.0503e-05 3.5484e-05 3.0197e-05 2.4836e-05 1.9623e-05 1.4784e-05 1.0527e-05 7.0091e-06 4.3060e-06 2.4016e-06 1.1918e-06 5.1330e-07 1.8595e-07 5.4476e-08 1.2276e-08 1.9961e-09 2.1564e-10 1.3899e-11 4.6408e-13 6.6510e-15 3.1778e-17 3.5877e-20 5.9503e-24 7.4455e-29 2.7182e-35 7.2857e-44 1.8531e-55 2.0053e-71 7.3234e-94 3.8393e-126 7.2749e-174 1.0530e-246 0.0000e+00 0.0000e+00 0.0000e+00 0.0000e+00 0.0000e+00 0.0000e+00 0.0000e+00 0.0000e+00 0.0000e+00 0.0000e+00
-1.5736e-07 -4.4542e-07 -8.1927e-07 -1.2635e-06 -1.7696e-06 -2.3324e-06 -2.9483e-06 -3.6152e-06 -4.3314e-06 -5.0960e-06 -5.9086e-06 6.4198e-04 -7.6778e-06 -8.6350e-06 -9.6415e-06 -1.0698e-05 -1.1806e-05 -1.2966e-05 -1.4180e-05 -1.5448e-05 -1.6773e-05 -1.8156e-05 -1.9598e-05 -2.1100e-05 -2.2664e-05 -2.4290e-05 -2.5981e-05 -2.7735e-05 -2.9554e-05 -3.1438e-05 -3.3385e-05 -3.5393e-05 -3.7462e-05 -3.9586e-05 -4.1762e-05 -4.3982e-05 -4.6239e-05 -4.8522e-05 -5.0819e-05 -5.3114e-05 -5.5387e-05 -5.7617e-05 -5.9775e-05 -6.1831e-05 -6.3747e-05 -6.5481e-05 -6.6985e-05 -6.8205e-05 -6.9084e-05 -6.9558e-05 -6.9561e-05 -6.9026e-05 -6.7889e-05 -6.6093e-05 -6.3592e-05 -6.0362e-05 -5.6404e-05 -5.1752e-05 -4.6488e-05 -4.0738e-05 -3.4678e-05 -2.8532e-05 -2.2551e-05 -1.6998e-05 -1.2110e-05 -8.0679e-06 -4.9600e-06 -2.7687e-06 -1.3754e-06 -5.9304e-07 -2.1514e-07 -6.3132e-08 -1.4255e-08 -2.3235e-09 -2.5174e-10 -1.6284e-11 -5.4610e-13 -7.8691e-15 -3.7853e-17 -4.3102e-20 -7.2265e-24 -9.1689e-29 -3.4083e-35 -9.3535e-44 -2.4548e-55 -2.7705e-71 -1.0714e-93 -6.0772e-126 -1.2854e-173 -2.1733e-246 0.0000e+00 0.0000e+00 0.0000e+00 0.0000e+00 0.0000e+00 0.0000e+00 0.0000e+00 0.0000e+00 0.0000e+00 0.0000e+00 1.5736e-07 4.4542e-07 8.1927e-07 1.2635e-06 1.7696e-06 2.3324e-06 2.9483e-06 3.6152e-06 4.3314e-06 5.0960e-06 5.9086e-06 0.0000e+00 7.6778e-06 8.6350e-06 9.6415e-06 1.0698e-05 1.1806e-05 1.2966e-05 1.4180e-05 1.5448e-05 1.6773e-05 1.8156e-05 1.9597e-05 2.1100e-05 2.2663e-05 2.4290e-05 2.5980e-05 2.7734e-05 2.9553e-05 3.1436e-05 3.3383e-05 3.5391e-05 3.7459e-05 3.9583e-05 4.1758e-05 4.3978e-05 4.6234e-05 4.8516e-05 5.0812e-05 5.3105e-05 5.5377e-05 5.7604e-05 5.9760e-05 6.1813e-05 6.3726e-05 6.5457e-05 6.6957e-05 6.8174e-05 6.9048e-05 6.9516e-05 6.9514e-05 6.8973e-05 6.7830e-05 6.6028e-05 6.3522e-05 6.0286e-05 5.6323e-05 5.1668e-05 4.6402e-05 4.0652e-05 3.4595e-05 2.8454e-05 2.2481e-05 1.6937e-05 1.2061e-05 8.0299e-06 4.9331e-06 2.7513e-06 1.3654e-06 5.8805e-07 2.1303e-07 6.2410e-08 1.4064e-08 2.2868e-09 2.4704e-10 1.5924e-11 5.3166e-13 7.6196e-15 3.6406e-17 4.1102e-20 6.8168e-24 8.5296e-29 3.1140e-35 8.3462e-44 2.1227e-55 2.2968e-71 8.3868e-94 4.3953e-126 8.3228e-174 1.2029e-246 0.0000e+00 0.0000e+00 0.0000e+00 0.0000e+00 0.0000e+00 0.0000e+00 0.0000e+00 0.0000e+00 0.0000e+00 0.0000e+00
-1.7849e-07 -5.0521e-07 -9.2925e-07 -1.4331e-06 -2.0072e-06 -2.6455e-06 -3.3441e-06 -4.1004e-06 -4.9128e-06 -5.7800e-06 -6.7017e-06 -7.6778e-06 8.9153e-04 -9.7941e-06 -1.0936e-05 -1.2134e-05 -1.3391e-05 -1.4707e-05 -1.6083e-05 -1.7522e-05 -1.9025e-05 -2.0593e-05 -2.2228e-05 -2.3932e-05 -2.5706e-05 -2.7551e-05 -2.9468e-05 -3.1459e-05 -3.3522e-05 -3.5658e-05 -3.7867e-05 -4.0145e-05 -4.2491e-05 -4.4901e-05 -4.7369e-05 -4.9888e-05 -5.2448e-05 -5.5038e-05 -5.7644e-05 -6.0247e-05 -6.2827e-05 -6.5356e-05 -6.7805e-05 -7.0138e-05 -7.2312e-05 -7.4281e-05 -7.5988e-05 -7.7375e-05 -7.8374e-05 -7.8913e-05 -7.8919e-05 -7.8315e-05 -7.7028e-05 -7.4993e-05 -7.2160e-05 -6.8499e-05 -6.4010e-05 -5.8736e-05 -5.2766e-05 -4.6244e-05 -3.9370e-05 -3.2396e-05 -2.5609e-05 -1.9306e-05 -1.3758e-05 -9.1677e-06 -5.6377e-06 -3.1480e-06 -1.5644e-06 -6.7485e-07 -2.4495e-07 -7.1926e-08 -1.6253e-08 -2.6516e-09 -2.8761e-10 -1.8630e-11 -6.2580e-13 -9.0361e-15 -4.3578e-17 -4.9779e-20 -8.3794e-24 -1.0686e-28 -3.9980e-35 -1.1064e-43 -2.9353e-55 -3.3597e-71 -1.3234e-93 -7.6895e-126 -1.6783e-173 -2.9553e-246 0.0000e+00 0.0000e+00 0.0000e+00 0.0000e+00 0.0000e+00 0.0000e+00 0.0000e+00 0.0000e+00 0.0000e+00 0.0000e+00 1.7849e-07 5.0521e-07 9.2925e-07 1.4331e-06 2.0072e-06 2.6455e-06 3.3441e-06 4.1004e-06 4.9128e-06 5.7800e-06 6.7017e-06 7.6778e-06 0.0000e+00 9.7941e-06 1.0936e-05 1.2134e-05 1.3391e-05 1.4707e-05 1.6083e-05 1.7522e-05 1.9025e-05 2.0593e-05 2.2228e-05 2.3932e-05 2.5705e-05 2.7550e-05 2.9467e-05 3.1457e-05 3.3520e-05 3.5656e-05 3.7864e-05 4.0142e-05 4.2488e-05 4.4896e-05 4.7363e-05 4.9881e-05 5.2440e-05 5.5028e-05 5.7632e-05 6.0233e-05 6.2810e-05 6.5337e-05 6.7782e-05 7.0111e-05 7.2280e-05 7.4243e-05 7.5945e-05 7.7325e-05 7.8316e-05 7.8848e-05 7.8845e-05 7.8231e-05 7.6935e-05 7.4891e-05 7.2048e-05 6.8378e-05 6.3883e-05 5.8604e-05 5.2631e-05 4.6109e-05 3.9239e-05 3.2273e-05 2.5498e-05 1.9211e-05 1.3680e-05 9.1078e-06 5.5953e-06 3.1206e-06 1.5487e-06 6.6699e-07 2.4163e-07 7.0787e-08 1.5952e-08 2.5938e-09 2.8020e-10 1.8061e-11 6.0303e-13 8.6423e-15 4.1292e-17 4.6618e-20 7.7316e-24 9.6741e-29 3.5317e-35 9.4652e-44 2.4071e-55 2.6041e-71 9.5059e-94 4.9787e-126 9.4157e-174 1.3570e-246 0.0000e+00 0.0000e+00 0.0000e+00 0.0000e+00 0.0000e+00 0.0000e+00 0.0000e+00 0.0000e+00 0.0000e+00 0.0000e+00
-2.0074e-07 -5.6820e-07 -1.0451e-06 -1.6118e-06 -2.2574e-06 -2.9753e-06 -3.7610e-06 -4.6117e-06 -5.5253e-06 -6.5007e-06 -7.5373e-06 -8.6350e-06 -9.7941e-06 1.2099e-03 -1.2299e-05 -1.3647e-05 -1.5060e-05 -1.6540e-05 -1.8089e-05 -1.9707e-05 -2.1397e-05 -2.3161e-05 -2.5000e-05 -2.6916e-05 -2.8911e-05 -3.0986e-05 -3.3143e-05 -3.5381e-05 -3.7702e-05 -4.0105e-05 -4.2589e-05 -4.5152e-05 -4.7791e-05 -5.0501e-05 -5.3277e-05 -5.6110e-05 -5.8990e-05 -6.1904e-05 -6.4836e-05 -6.7764e-05 -7.0666e-05 -7.3513e-05 -7.6268e-05 -7.8894e-05 -8.1341e-05 -8.3557e-05 -8.5480e-05 -8.7042e-05 -8.8168e-05 -8.8778e-05 -8.8788e-05 -8.8112e-05 -8.6668e-05 -8.4384e-05 -8.1201e-05 -7.7087e-05 -7.2042e-05 -6.6113e-05 -5.9399e-05 -5.2064e-05 -4.4331e-05 -3.6484e-05 -2.8847e-05 -2.1752e-05 -1.5505e-05 -1.0335e-05 -6.3577e-06 -3.5515e-06 -1.7657e-06 -7.6216e-07 -2.7683e-07 -8.1352e-08 -1.8401e-08 -3.0055e-09 -3.2646e-10 -2.1183e-11 -7.1304e-13 -1.0322e-14 -4.9939e-17 -5.7272e-20 -9.6886e-24 -1.2433e-28 -4.6886e-35 -1.3107e-43 -3.5223e-55 -4.0989e-71 -1.6491e-93 -9.8456e-126 -2.2243e-173 -4.0920e-246 0.0000e+00 0.0000e+00 0.0000e+00 0.0000e+00 0.0000e+00 0.0000e+00 0.0000e+00 0.0000e+00 0.0000e+00 0.0000e+00 2.0074e-07 5.6820e-07 1.0451e-06 1.6118e-06 2.2574e-06 2.9753e-06 3.7610e-06 4.6117e-06 5.5253e-06 6.5007e-06 7.5373e-06 8.6350e-06 9.7941e-06 0.0000e+00 1.2299e-05 1.3647e-05 1.5060e-05 1.6540e-05 1.8088e-05 1.9707e-05 2.1397e-05 2.3160e-05 2.4999e-05 2.6915e-05 2.8910e-05 3.0985e-05 3.3141e-05 3.5379e-05 3.7699e-05 4.0102e-05 4.2585e-05 4.5147e-05 4.7785e-05 5.0494e-05 5.3268e-05 5.6100e-05 5.8978e-05 6.1889e-05 6.4818e-05 6.7743e-05 7.0641e-05 7.3482e-05 7.6233e-05 7.8852e-05 8.1292e-05 8.3500e-05 8.5413e-05 8.6965e-05 8.8080e-05 8.8678e-05 8.8675e-05 8.7985e-05 8.6527e-05 8.4228e-05 8.1031e-05 7.6904e-05 7.1848e-05 6.5910e-05 5.9192e-05 5.1857e-05 4.4131e-05 3.6297e-05 2.8677e-05 2.1606e-05 1.5385e-05 1.0243e-05 6.2929e-06 3.5097e-06 1.7417e-06 7.5014e-07 2.7176e-07 7.9612e-08 1.7940e-08 2.9171e-09 3.1514e-10 2.0313e-11 6.7820e-13 9.7197e-15 4.6439e-17 5.2428e-20 8.6950e-24 1.0879e-28 3.9714e-35 1.0643e-43 2.7061e-55 2.9268e-71 1.0678e-93 5.5864e-126 1.0541e-173 1.5113e-246 0.0000e+00 0.0000e+00 0.0000e+00 0.0000e+00 0.0000e+00 0.0000e+00 0.0000e+00 0.0000e+00 0.0000e+00 0.0000e+00
-2.2414e-07 -6.3443e-07 -1.1669e-06 -1.7996e-06 -2.5205e-06 -3.3221e-06 -4.1994e-06 -5.1492e-06 -6.1693e-06 -7.2584e-06 -8.4158e-06 -9.6415e-06 -1.0936e-05 -1.2299e-05 1.6097e-03 -1.5238e-05 -1.6816e-05 -1.8468e-05 -2.0197e-05 -2.2004e-05 -2.3891e-05 -2.5861e-05 -2.7914e-05 -3.0054e-05 -3.2282e-05 -3.4599e-05 -3.7007e-05 -3.9506e-05 -4.2097e-05 -4.4781e-05 -4.7554e-05 -5.0416e-05 -5.3363e-05 -5.6390e-05 -5.9490e-05 -6.2654e-05 -6.5871e-05 -6.9125e-05 -7.2399e-05 -7.5671e-05 -7.8913e-05 -8.2093e-05 -8.5172e-05 -8.8105e-05 -9.0840e-05 -9.3317e-05 -9.5468e-05 -9.7216e-05 -9.8477e-05 -9.9163e-05 -9.9179e-05 -9.8429e-05 -9.6823e-05 -9.4278e-05 -9.0729e-05 -8.6140e-05 -8.0511e-05 -7.3894e-05 -6.6399e-05 -5.8208e-05 -4.9572e-05 -4.0807e-05 -3.2272e-05 -2.4341e-05 -1.7356e-05 -1.1573e-05 -7.1227e-06 -3.9809e-06 -1.9804e-06 -8.5544e-07 -3.1098e-07 -9.1479e-08 -2.0717e-08 -3.3887e-09 -3.6872e-10 -2.3976e-11 -8.0914e-13 -1.1751e-14 -5.7071e-17 -6.5767e-20 -1.1193e-23 -1.4471e-28 -5.5090e-35 -1.5584e-43 -4.2511e-55 -5.0411e-71 -2.0769e-93 -1.2773e-125 -2.9945e-173 -5.7688e-246 0.0000e+00 0.0000e+00 0.0000e+00 0.0000e+00 0.0000e+00 0.0000e+00 0.0000e+00 0.0000e+00 0.0000e+00 0.0000e+00 2.2414e-07 6.3443e-07 1.1669e-06 1.7996e-06 2.5205e-06 3.3221e-06 4.1994e-06 5.1492e-06 6.1693e-06 7.2584e-06 8.4158e-06 9.6415e-06 1.0936e-05 1.2299e-05 0.0000e+00 1.5238e-05 1.6816e-05 1.8468e-05 2.0197e-05 2.2004e-05 2.3891e-05 2.5860e-05 2.7913e-05 3.0053e-05 3.2280e-05 3.4597e-05 3.7004e-05 3.9503e-05 4.2094e-05 4.4776e-05 4.7549e-05 5.0409e-05 5.3355e-05 5.6380e-05 5.9477e-05 6.2639e-05 6.5852e-05 6.9103e-05 7.2373e-05 7.5639e-05 7.8875e-05 8.2048e-05 8.5119e-05 8.8043e-05 9.0767e-05 9.3232e-05 9.5369e-05 9.7102e-05 9.8347e-05 9.9015e-05 9.9011e-05 9.8240e-05 9.6613e-05 9.4046e-05 9.0476e-05 8.5868e-05 8.0222e-05 7.3593e-05 6.6092e-05 5.7902e-05 4.9275e-05 4.0527e-05 3.2020e-05 2.4124e-05 1.7178e-05 1.1437e-05 7.0264e-06 3.9188e-06 1.9448e-06 8.3758e-07 3.0343e-07 8.8892e-08 2.0032e-08 3.2572e-09 3.5187e-10 2.2680e-11 7.5724e-13 1.0852e-14 5.1850e-17 5.8535e-20 9.7075e-24 1.2145e-28 4.4332e-35 1.1878e-43 3.0195e-55 3.2640e-71 1.1897e-93 6.2125e-126 1.1675e-173 1.6582e-246 0.0000e+00 0.0000e+00 0.0000e+00 0.0000e+00 0.0000e+00 0.0000e+00 0.0000e+00 0.0000e+00 0.0000e+00 0.0000e+00
-2.4870e-07 -7.0395e-07 -1.2948e-06 -1.9969e-06 -2.7968e-06 -3.6862e-06 -4.6597e-06 -5.7135e-06 -6.8454e-06 -8.0539e-06 -9.3382e-06 -1.0698e-05 -1.2134e-05 -1.3647e-05 -1.5238e-05 2.1053e-03 -1.8659e-05 -2.0492e-05 -2.2411e-05 -2.4416e-05 -2.6510e-05 -2.8695e-05 -3.0974e-05 -3.3348e-05 -3.5820e-05 -3.8391e-05 -4.1063e-05 -4.3837e-05 -4.6712e-05 -4.9690e-05 -5.2768e-05 -5.5944e-05 -5.9214e-05 -6.2574e-05 -6.6014e-05 -6.9526e-05 -7.3096e-05 -7.6709e-05 -8.0343e-05 -8.3975e-05 -8.7574e-05 -9.1105e-05 -9.4524e-05 -9.7782e-05 -1.0082e-04 -1.0357e-04 -1.0596e-04 -1.0791e-04 -1.0931e-04 -1.1008e-04 -1.1011e-04 -1.0928e-04 -1.0751e-04 -1.0469e-04 -1.0076e-04 -9.5673e-05 -8.9434e-05 -8.2095e-05 -7.3781e-05 -6.4692e-05 -5.5107e-05 -4.5374e-05 -3.5895e-05 -2.7084e-05 -1.9319e-05 -1.2888e-05 -7.9363e-06 -4.4384e-06 -2.2097e-06 -9.5532e-07 -3.4765e-07 -1.0239e-07 -2.3223e-08 -3.8053e-09 -4.1494e-10 -2.7051e-11 -9.1578e-13 -1.3350e-14 -6.5144e-17 -7.5503e-20 -1.2941e-23 -1.6880e-28 -6.4968e-35 -1.8630e-43 -5.1687e-55 -6.2591e-71 -2.6463e-93 -1.6801e-125 -4.0954e-173 -8.2782e-246 0.0000e+00 0.0000e+00 0.0000e+00 0.0000e+00 0.0000e+00 0.0000e+00 0.0000e+00 0.0000e+00 0.0000e+00 0.0000e+00 2.4870e-07 7.0395e-07 1.2948e-06 1.9969e-06 2.7968e-06 3.6862e-06 4.6597e-06 5.7135e-06 6.8454e-06 8.0539e-06 9.3381e-06 1.0698e-05 1.2134e-05 1.3647e-05 1.5238e-05 0.0000e+00 1.8659e-05 2.0492e-05 2.2410e-05 2.4415e-05 2.6509e-05 2.8694e-05 3.0972e-05 3.3346e-05 3.5818e-05 3.8388e-05 4.1060e-05 4.3832e-05 4.6707e-05 4.9683e-05 5.2760e-05 5.5934e-05 5.9202e-05 6.2559e-05 6.5996e-05 6.9504e-05 7.3069e-05 7.6676e-05 8.0304e-05 8.3929e-05 8.7519e-05 9.1040e-05 9.4447e-05 9.7692e-05 1.0072e-04 1.0345e-04 1.0582e-04 1.0774e-04 1.0913e-04 1.0987e-04 1.0986e-04 1.0901e-04 1.0720e-04 1.0435e-04 1.0039e-04 9.5278e-05 8.9014e-05 8.1658e-05 7.3335e-05 6.4247e-05 5.4675e-05 4.4969e-05 3.5529e-05 2.6768e-05 1.9061e-05 1.2691e-05 7.7964e-06 4.3483e-06 2.1579e-06 9.2937e-07 3.3668e-07 9.8633e-08 2.2227e-08 3.6141e-09 3.9042e-10 2.5165e-11 8.4020e-13 1.2041e-14 5.7528e-17 6.4943e-20 1.0770e-23 1.3473e-28 4.9170e-35 1.3171e-43 3.3466e-55 3.6146e-71 1.3154e-93 6.8468e-126 1.2777e-173 1.7844e-246 0.0000e+00 0.0000e+00 0.0000e+00 0.0000e+00 0.0000e+00 0.0000e+00 0.0000e+00 0.0000e+00 0.0000e+00 0.0000e+00
-2.7446e-07 -7.7685e-07 -1.4289e-06 -2.2036e-06 -3.0864e-06 -4.0679e-06 -5.1422e-06 -6.3052e-06 -7.5543e-06 -8.8879e-06 -1.0305e-05 -1.1806e-05 -1.3391e-05 -1.5060e-05 -1.6816e-05 -1.8659e-05 2.7127e-03 -2.2614e-05 -2.4731e-05 -2.6944e-05 -2.9255e-05 -3.1667e-05 -3.4182e-05 -3.6802e-05 -3.9530e-05 -4.2367e-05 -4.5316e-05 -4.8377e-05 -5.1551e-05 -5.4837e-05 -5.8235e-05 -6.1740e-05 -6.5350e-05 -6.9058e-05 -7.2856e-05 -7.6733e-05 -8.0674e-05 -8.4662e-05 -8.8675e-05 -9.2685e-05 -9.6660e-05 -1.0056e-04 -1.0434e-04 -1.0794e-04 -1.1129e-04 -1.1434e-04 -1.1698e-04 -1.1914e-04 -1.2069e-04 -1.2155e-04 -1.2158e-04 -1.2068e-04 -1.1874e-04 -1.1564e-04 -1.1131e-04 -1.0571e-04 -9.8828e-05 -9.0735e-05 -8.1564e-05 -7.1533e-05 -6.0951e-05 -5.0202e-05 -3.9729e-05 -2.9989e-05 -2.1402e-05 -1.4286e-05 -8.8028e-06 -4.9268e-06 -2.4551e-06 -1.0626e-06 -3.8716e-07 -1.1420e-07 -2.5948e-08 -4.2609e-09 -4.6581e-10 -3.0461e-11 -1.0351e-12 -1.5158e-14 -7.4374e-17 -8.6785e-20 -1.4999e-23 -1.9763e-28 -7.7016e-35 -2.2425e-43 -6.3389e-55 -7.8530e-71 -3.4132e-93 -2.2408e-125 -5.6892e-173 -1.2089e-245 0.0000e+00 0.0000e+00 0.0000e+00 0.0000e+00 0.0000e+00 0.0000e+00 0.0000e+00 0.0000e+00 0.0000e+00 0.0000e+00 2.7446e-07 7.7685e-07 1.4289e-06 2.2036e-06 3.0864e-06 4.0679e-06 5.1422e-06 6.3052e-06 7.5543e-06 8.8878e-06 1.0305e-05 1.1806e-05 1.3391e-05 1.5060e-05 1.6816e-05 1.8659e-05 0.0000e+00 2.2614e-05 2.4731e-05 2.6943e-05 2.9254e-05 3.1665e-05 3.4180e-05 3.6799e-05 3.9527e-05 4.2364e-05 4.5311e-05 4.8371e-05 5.1544e-05 5.4828e-05 5.8223e-05 6.1726e-05 6.5333e-05 6.9037e-05 7.2830e-05 7.6701e-05 8.0636e-05 8.4616e-05 8.8620e-05 9.2620e-05 9.6582e-05 1.0047e-04 1.0423e-04 1.0781e-04 1.1114e-04 1.1416e-04 1.1678e-04 1.1890e-04 1.2043e-04 1.2124e-04 1.2124e-04 1.2029e-04 1.1830e-04 1.1516e-04 1.1079e-04 1.0514e-04 9.8232e-05 9.0114e-05 8.0929e-05 7.0900e-05 6.0337e-05 4.9626e-05 3.9208e-05 2.9540e-05 2.1035e-05 1.4005e-05 8.6037e-06 4.7985e-06 2.3813e-06 1.0256e-06 3.7154e-07 1.0885e-07 2.4528e-08 3.9882e-09 4.3084e-10 2.7770e-11 9.2715e-13 1.3287e-14 6.3477e-17 7.1655e-20 1.1882e-23 1.4862e-28 5.4226e-35 1.4519e-43 3.6864e-55 3.9762e-71 1.4432e-93 7.4716e-126 1.3776e-173 1.8658e-246 0.0000e+00 0.0000e+00 0.0000e+00 0.0000e+00 0.0000e+00 0.0000e+00 0.0000e+00 0.0000e+00 0.0000e+00 0.0000e+00
