-1.8622e-08 -1.0023e-10 -2.7663e-10 -5.6916e-10 -9.9717e-10 -1.5786e-09 -2.3305e-09 -3.2699e-09 -4.4135e-09 -5.7785e-09 -7.3822e-09 -9.2425e-09 -1.1378e-08 -1.3806e-08 -1.6545e-08 -1.9614e-08 -2.3028e-08 -2.6801e-08 -3.0945e-08 -3.5463e-08 -4.0351e-08 -4.5595e-08 -5.1163e-08 -5.7002e-08 -6.3034e-08 -6.9146e-08 -7.5182e-08 -8.0943e-08 -8.6174e-08 -9.0571e-08 -9.3782e-08 -9.5428e-08 -9.5131e-08 -9.2566e-08 -8.7522e-08 -7.9979e-08 -7.0181e-08 -5.8676e-08 -4.6308e-08 -3.4114e-08 -2.3145e-08 -1.4230e-08 -7.7757e-09 -3.6889e-09 -1.4772e-09 -4.8263e-10 -1.2346e-10 -2.3525e-11 -3.1434e-12 -2.7362e-13 -1.4186e-14 -3.9255e-16 -5.0689e-18 -2.5894e-20 -4.2687e-23 -1.7653e-26 -1.3397e-30 -1.2636e-35 -9.1014e-42 -2.7146e-49 -1.5495e-58 -6.3635e-70 -5.4095e-84 -1.9312e-101 -3.7146e-123 -2.6944e-150 -2.3039e-184 -2.4629e-227 -8.1036e-282 0.0000e+00 0.0000e+00 0.0000e+00 0.0000e+00 0.0000e+00 0.0000e+00 0.0000e+00 0.0000e+00 0.0000e+00 0.0000e+00 0.0000e+00 0.0000e+00 0.0000e+00 0.0000e+00 0.0000e+00 0.0000e+00 0.0000e+00 0.0000e+00 0.0000e+00 0.0000e+00 0.0000e+00 0.0000e+00 0.0000e+00 0.0000e+00 0.0000e+00 0.0000e+00 0.0000e+00 0.0000e+00 0.0000e+00 0.0000e+00 0.0000e+00 0.0000e+00 1.0023e-10 2.7663e-10 5.6916e-10 9.9717e-10 1.5786e-09 2.3305e-09 3.2699e-09 4.4135e-09 5.7785e-09 7.3822e-09 9.2425e-09 1.1378e-08 1.3806e-08 1.6545e-08 1.9614e-08 2.3028e-08 2.6801e-08 3.0945e-08 3.5463e-08 4.0351e-08 4.5595e-08 5.1163e-08 5.7002e-08 6.3034e-08 6.9146e-08 7.5182e-08 8.0943e-08 8.6174e-08 9.0571e-08 9.3782e-08 9.5428e-08 9.5131e-08 9.2566e-08 8.7522e-08 7.9979e-08 7.0181e-08 5.8676e-08 4.6308e-08 3.4114e-08 2.3145e-08 1.4230e-08 7.7757e-09 3.6889e-09 1.4772e-09 4.8263e-10 1.2346e-10 2.3525e-11 3.1434e-12 2.7362e-13 1.4186e-14 3.9255e-16 5.0689e-18 2.5894e-20 4.2687e-23 1.7653e-26 1.3397e-30 1.2636e-35 9.1014e-42 2.7146e-49 1.5495e-58 6.3635e-70 5.4095e-84 1.9312e-101 3.7146e-123 2.6944e-150 2.3039e-184 2.4629e-227 8.1036e-282 0.0000e+00 0.0000e+00 0.0000e+00 0.0000e+00 0.0000e+00 0.0000e+00 0.0000e+00 0.0000e+00 0.0000e+00 0.0000e+00 0.0000e+00 0.0000e+00 0.0000e+00 0.0000e+00 0.0000e+00 0.0000e+00 0.0000e+00 0.0000e+00 0.0000e+00 0.0000e+00 0.0000e+00 0.0000e+00 0.0000e+00 0.0000e+00 0.0000e+00 0.0000e+00 0.0000e+00 0.0000e+00 0.0000e+00 0.0000e+00 0.0000e+00
-1.0023e-10 3.0248e-10 -1.5664e-09 -3.2228e-09 -5.6463e-09 -8.9384e-09 -1.3196e-08 -1.8515e-08 -2.4991e-08 -3.2720e-08 -4.1800e-08 -5.2334e-08 -6.4423e-08 -7.8172e-08 -9.3684e-08 -1.1106e-07 -1.3039e-07 -1.5176e-07 -1.7522e-07 -2.0080e-07 -2.2848e-07 -2.5817e-07 -2.8970e-07 -3.2277e-07 -3.5692e-07 -3.9153e-07 -4.2571e-07 -4.5832e-07 -4.8795e-07 -5.1284e-07 -5.3103e-07 -5.4035e-07 -5.3867e-07 -5.2414e-07 -4.9558e-07 -4.5287e-07 -3.9739e-07 -3.3224e-07 -2.6221e-07 -1.9317e-07 -1.3106e-07 -8.0575e-08 -4.4029e-08 -2.0888e-08 -8.3646e-09 -2.7328e-09 -6.9906e-10 -1.3321e-10 -1.7799e-11 -1.5493e-12 -8.0324e-14 -2.2227e-15 -2.8702e-17 -1.4662e-19 -2.4171e-22 -9.9958e-26 -7.5856e-30 -7.1551e-35 -5.1535e-41 -1.5371e-48 -8.7738e-58 -3.6033e-69 -3.0631e-83 -1.0935e-100 -2.1033e-122 -1.5257e-149 -1.3046e-183 -1.3946e-226 -4.5886e-281 0.0000e+00 0.0000e+00 0.0000e+00 0.0000e+00 0.0000e+00 0.0000e+00 0.0000e+00 0.0000e+00 0.0000e+00 0.0000e+00 0.0000e+00 0.0000e+00 0.0000e+00 0.0000e+00 0.0000e+00 0.0000e+00 0.0000e+00 0.0000e+00 0.0000e+00 0.0000e+00 0.0000e+00 0.0000e+00 0.0000e+00 0.0000e+00 0.0000e+00 0.0000e+00 0.0000e+00 0.0000e+00 0.0000e+00 0.0000e+00 0.0000e+00 1.0023e-10 0.0000e+00 1.5664e-09 3.2228e-09 5.6463e-09 8.9384e-09 1.3196e-08 1.8515e-08 2.4991e-08 3.2720e-08 4.1800e-08 5.2334e-08 6.4423e-08 7.8172e-08 9.3684e-08 1.1106e-07 1.3039e-07 1.5176e-07 1.7522e-07 2.0080e-07 2.2848e-07 2.5817e-07 2.8970e-07 3.2277e-07 3.5692e-07 3.9153e-07 4.2571e-07 4.5832e-07 4.8795e-07 5.1284e-07 5.3103e-07 5.4035e-07 5.3867e-07 5.2414e-07 4.9558e-07 4.5287e-07 3.9739e-07 3.3224e-07 2.6221e-07 1.9317e-07 1.3106e-07 8.0575e-08 4.4029e-08 2.0888e-08 8.3646e-09 2.7328e-09 6.9906e-10 1.3321e-10 1.7799e-11 1.5493e-12 8.0324e-14 2.2227e-15 2.8702e-17 1.4662e-19 2.4171e-22 9.9958e-26 7.5855e-30 7.1551e-35 5.1535e-41 1.5371e-48 8.7737e-58 3.6033e-69 3.0630e-83 1.0935e-100 2.1033e-122 1.5257e-149 1.3045e-183 1.3946e-226 4.5885e-281 0.0000e+00 0.0000e+00 0.0000e+00 0.0000e+00 0.0000e+00 0.0000e+00 0.0000e+00 0.0000e+00 0.0000e+00 0.0000e+00 0.0000e+00 0.0000e+00 0.0000e+00 0.0000e+00 0.0000e+00 0.0000e+00 0.0000e+00 0.0000e+00 0.0000e+00 0.0000e+00 0.0000e+00 0.0000e+00 0.0000e+00 0.0000e+00 0.0000e+00 0.0000e+00 0.0000e+00 0.0000e+00 0.0000e+00 0.0000e+00 0.0000e+00
-2.7663e-10 -1.5664e-09 4.1450e-09 -8.8952e-09 -1.5585e-08 -2.4671e-08 -3.6423e-08 -5.1104e-08 -6.8978e-08 -9.0310e-08 -1.1537e-07 -1.4445e-07 -1.7782e-07 -2.1576e-07 -2.5858e-07 -3.0654e-07 -3.5989e-07 -4.1887e-07 -4.8363e-07 -5.5424e-07 -6.3064e-07 -7.1259e-07 -7.9961e-07 -8.9088e-07 -9.8515e-07 -1.0807e-06 -1.1750e-06 -1.2650e-06 -1.3468e-06 -1.4155e-06 -1.4657e-06 -1.4914e-06 -1.4868e-06 -1.4467e-06 -1.3679e-06 -1.2500e-06 -1.0968e-06 -9.1704e-07 -7.2374e-07 -5.3316e-07 -3.6173e-07 -2.2240e-07 -1.2152e-07 -5.7654e-08 -2.3088e-08 -7.5429e-09 -1.9295e-09 -3.6767e-10 -4.9127e-11 -4.2764e-12 -2.2171e-13 -6.1350e-15 -7.9221e-17 -4.0469e-19 -6.6715e-22 -2.7590e-25 -2.0937e-29 -1.9749e-34 -1.4225e-40 -4.2428e-48 -2.4218e-57 -9.9459e-69 -8.4549e-83 -3.0185e-100 -5.8060e-122 -4.2116e-149 -3.6012e-183 -3.8499e-226 -1.2668e-280 0.0000e+00 0.0000e+00 0.0000e+00 0.0000e+00 0.0000e+00 0.0000e+00 0.0000e+00 0.0000e+00 0.0000e+00 0.0000e+00 0.0000e+00 0.0000e+00 0.0000e+00 0.0000e+00 0.0000e+00 0.0000e+00 0.0000e+00 0.0000e+00 0.0000e+00 0.0000e+00 0.0000e+00 0.0000e+00 0.0000e+00 0.0000e+00 0.0000e+00 0.0000e+00 0.0000e+00 0.0000e+00 0.0000e+00 0.0000e+00 0.0000e+00 2.7663e-10 1.5664e-09 0.0000e+00 8.8952e-09 1.5585e-08 2.4671e-08 3.6423e-08 5.1104e-08 6.8978e-08 9.0310e-08 1.1537e-07 1.4445e-07 1.7782e-07 2.1576e-07 2.5858e-07 3.0654e-07 3.5989e-07 4.1887e-07 4.8363e-07 5.5424e-07 6.3064e-07 7.1259e-07 7.9961e-07 8.9088e-07 9.8515e-07 1.0807e-06 1.1750e-06 1.2650e-06 1.3468e-06 1.4155e-06 1.4657e-06 1.4914e-06 1.4868e-06 1.4467e-06 1.3679e-06 1.2500e-06 1.0968e-06 9.1703e-07 7.2374e-07 5.3316e-07 3.6173e-07 2.2240e-07 1.2152e-07 5.7654e-08 2.3087e-08 7.5429e-09 1.9295e-09 3.6767e-10 4.9127e-11 4.2764e-12 2.2171e-13 6.1350e-15 7.9220e-17 4.0468e-19 6.6714e-22 2.7590e-25 2.0937e-29 1.9749e-34 1.4224e-40 4.2426e-48 2.4217e-57 9.9454e-69 8.4544e-83 3.0183e-100 5.8055e-122 4.2111e-149 3.6007e-183 3.8492e-226 1.2665e-280 0.0000e+00 0.0000e+00 0.0000e+00 0.0000e+00 0.0000e+00 0.0000e+00 0.0000e+00 0.0000e+00 0.0000e+00 0.0000e+00 0.0000e+00 0.0000e+00 0.0000e+00 0.0000e+00 0.0000e+00 0.0000e+00 0.0000e+00 0.0000e+00 0.0000e+00 0.0000e+00 0.0000e+00 0.0000e+00 0.0000e+00 0.0000e+00 0.0000e+00 0.0000e+00 0.0000e+00 0.0000e+00 0.0000e+00 0.0000e+00 0.0000e+00
-5.6916e-10 -3.2228e-09 -8.8952e-09 2.3346e-08 -3.2064e-08 -5.0760e-08 -7.4939e-08 -1.0514e-07 -1.4192e-07 -1.8581e-07 -2.3738e-07 -2.9720e-07 -3.6585e-07 -4.4392e-07 -5.3201e-07 -6.3068e-07 -7.4046e-07 -8.6180e-07 -9.9503e-07 -1.1403e-06 -1.2975e-06 -1.4661e-06 -1.6452e-06 -1.8329e-06 -2.0269e-06 -2.2234e-06 -2.4175e-06 -2.6027e-06 -2.7710e-06 -2.9123e-06 -3.0156e-06 -3.0685e-06 -3.0590e-06 -2.9765e-06 -2.8143e-06 -2.5718e-06 -2.2567e-06 -1.8868e-06 -1.4891e-06 -1.0970e-06 -7.4424e-07 -4.5757e-07 -2.5003e-07 -1.1862e-07 -4.7502e-08 -1.5519e-08 -3.9699e-09 -7.5648e-10 -1.0108e-10 -8.7986e-12 -4.5616e-13 -1.2623e-14 -1.6300e-16 -8.3266e-19 -1.3727e-21 -5.6769e-25 -4.3081e-29 -4.0638e-34 -2.9270e-40 -8.7306e-48 -4.9836e-57 -2.0468e-68 -1.7400e-82 -6.2125e-100 -1.1951e-121 -8.6696e-149 -7.4141e-183 -7.9273e-226 -2.6089e-280 0.0000e+00 0.0000e+00 0.0000e+00 0.0000e+00 0.0000e+00 0.0000e+00 0.0000e+00 0.0000e+00 0.0000e+00 0.0000e+00 0.0000e+00 0.0000e+00 0.0000e+00 0.0000e+00 0.0000e+00 0.0000e+00 0.0000e+00 0.0000e+00 0.0000e+00 0.0000e+00 0.0000e+00 0.0000e+00 0.0000e+00 0.0000e+00 0.0000e+00 0.0000e+00 0.0000e+00 0.0000e+00 0.0000e+00 0.0000e+00 0.0000e+00 5.6916e-10 3.2228e-09 8.8952e-09 0.0000e+00 3.2064e-08 5.0760e-08 7.4939e-08 1.0514e-07 1.4192e-07 1.8581e-07 2.3738e-07 2.9720e-07 3.6585e-07 4.4392e-07 5.3201e-07 6.3068e-07 7.4046e-07 8.6180e-07 9.9503e-07 1.1403e-06 1.2975e-06 1.4661e-06 1.6452e-06 1.8329e-06 2.0269e-06 2.2234e-06 2.4175e-06 2.6027e-06 2.7710e-06 2.9123e-06 3.0156e-06 3.0685e-06 3.0590e-06 2.9765e-06 2.8143e-06 2.5717e-06 2.2567e-06 1.8867e-06 1.4891e-06 1.0970e-06 7.4424e-07 4.5757e-07 2.5003e-07 1.1862e-07 4.7501e-08 1.5519e-08 3.9698e-09 7.5647e-10 1.0108e-10 8.7984e-12 4.5615e-13 1.2622e-14 1.6299e-16 8.3261e-19 1.3726e-21 5.6764e-25 4.3077e-29 4.0632e-34 2.9266e-40 8.7290e-48 4.9824e-57 2.0462e-68 1.7394e-82 6.2099e-100 1.1944e-121 8.6641e-149 7.4083e-183 7.9196e-226 2.6057e-280 0.0000e+00 0.0000e+00 0.0000e+00 0.0000e+00 0.0000e+00 0.0000e+00 0.0000e+00 0.0000e+00 0.0000e+00 0.0000e+00 0.0000e+00 0.0000e+00 0.0000e+00 0.0000e+00 0.0000e+00 0.0000e+00 0.0000e+00 0.0000e+00 0.0000e+00 0.0000e+00 0.0000e+00 0.0000e+00 0.0000e+00 0.0000e+00 0.0000e+00 0.0000e+00 0.0000e+00 0.0000e+00 0.0000e+00 0.0000e+00 0.0000e+00
-9.9717e-10 -5.6463e-09 -1.5585e-08 -3.2064e-08 8.9443e-08 -8.8931e-08 -1.3129e-07 -1.8421e-07 -2.4864e-07 -3.2554e-07 -4.1589e-07 -5.2069e-07 -6.4097e-07 -7.7776e-07 -9.3209e-07 -1.1050e-06 -1.2973e-06 -1.5099e-06 -1.7433e-06 -1.9978e-06 -2.2732e-06 -2.5687e-06 -2.8823e-06 -3.2113e-06 -3.5511e-06 -3.8954e-06 -4.2355e-06 -4.5600e-06 -4.8548e-06 -5.1025e-06 -5.2834e-06 -5.3761e-06 -5.3594e-06 -5.2149e-06 -4.9307e-06 -4.5058e-06 -3.9538e-06 -3.3056e-06 -2.6089e-06 -1.9219e-06 -1.3039e-06 -8.0169e-07 -4.3807e-07 -2.0783e-07 -8.3226e-08 -2.7191e-08 -6.9557e-09 -1.3254e-09 -1.7710e-10 -1.5417e-11 -7.9928e-13 -2.2118e-14 -2.8562e-16 -1.4591e-18 -2.4055e-21 -9.9485e-25 -7.5502e-29 -7.1223e-34 -5.1305e-40 -1.5304e-47 -8.7370e-57 -3.5888e-68 -3.0515e-82 -1.0897e-99 -2.0968e-121 -1.5216e-148 -1.3018e-182 -1.3927e-225 -4.5865e-280 0.0000e+00 0.0000e+00 0.0000e+00 0.0000e+00 0.0000e+00 0.0000e+00 0.0000e+00 0.0000e+00 0.0000e+00 0.0000e+00 0.0000e+00 0.0000e+00 0.0000e+00 0.0000e+00 0.0000e+00 0.0000e+00 0.0000e+00 0.0000e+00 0.0000e+00 0.0000e+00 0.0000e+00 0.0000e+00 0.0000e+00 0.0000e+00 0.0000e+00 0.0000e+00 0.0000e+00 0.0000e+00 0.0000e+00 0.0000e+00 0.0000e+00 9.9717e-10 5.6463e-09 1.5585e-08 3.2064e-08 0.0000e+00 8.8931e-08 1.3129e-07 1.8421e-07 2.4864e-07 3.2554e-07 4.1589e-07 5.2069e-07 6.4097e-07 7.7776e-07 9.3209e-07 1.1050e-06 1.2973e-06 1.5099e-06 1.7433e-06 1.9978e-06 2.2732e-06 2.5687e-06 2.8823e-06 3.2113e-06 3.5511e-06 3.8954e-06 4.2355e-06 4.5600e-06 4.8547e-06 5.1025e-06 5.2834e-06 5.3761e-06 5.3594e-06 5.2149e-06 4.9307e-06 4.5057e-06 3.9537e-06 3.3056e-06 2.6088e-06 1.9219e-06 1.3039e-06 8.0167e-07 4.3806e-07 2.0782e-07 8.3223e-08 2.7190e-08 6.9552e-09 1.3253e-09 1.7709e-10 1.5415e-11 7.9917e-13 2.2115e-14 2.8556e-16 1.4587e-18 2.4048e-21 9.9452e-25 7.5471e-29 7.1188e-34 5.1274e-40 1.5293e-47 8.7293e-57 3.5850e-68 3.0475e-82 1.0880e-99 2.0927e-121 1.5180e-148 1.2979e-182 1.3875e-225 4.5653e-280 0.0000e+00 0.0000e+00 0.0000e+00 0.0000e+00 0.0000e+00 0.0000e+00 0.0000e+00 0.0000e+00 0.0000e+00 0.0000e+00 0.0000e+00 0.0000e+00 0.0000e+00 0.0000e+00 0.0000e+00 0.0000e+00 0.0000e+00 0.0000e+00 0.0000e+00 0.0000e+00 0.0000e+00 0.0000e+00 0.0000e+00 0.0000e+00 0.0000e+00 0.0000e+00 0.0000e+00 0.0000e+00 0.0000e+00 0.0000e+00 0.0000e+00
-1.5786e-09 -8.9384e-09 -2.4671e-08 -5.0760e-08 -8.8931e-08 2.6851e-07 -2.0784e-07 -2.9162e-07 -3.9361e-07 -5.1534e-07 -6.5837e-07 -8.2428e-07 -1.0147e-06 -1.2312e-06 -1.4756e-06 -1.7492e-06 -2.0537e-06 -2.3902e-06 -2.7598e-06 -3.1627e-06 -3.5987e-06 -4.0663e-06 -4.5629e-06 -5.0837e-06 -5.6216e-06 -6.1667e-06 -6.7050e-06 -7.2188e-06 -7.6854e-06 -8.0775e-06 -8.3639e-06 -8.5107e-06 -8.4843e-06 -8.2555e-06 -7.8056e-06 -7.1330e-06 -6.2591e-06 -5.2331e-06 -4.1301e-06 -3.0426e-06 -2.0643e-06 -1.2692e-06 -6.9353e-07 -3.2903e-07 -1.3176e-07 -4.3049e-08 -1.1013e-08 -2.0985e-09 -2.8041e-10 -2.4410e-11 -1.2656e-12 -3.5025e-14 -4.5232e-16 -2.3109e-18 -3.8101e-21 -1.5760e-24 -1.1962e-28 -1.1286e-33 -8.1315e-40 -2.4262e-47 -1.3855e-56 -5.6935e-68 -4.8434e-82 -1.7306e-99 -3.3324e-121 -2.4205e-148 -2.0732e-182 -2.2211e-225 -7.3281e-280 0.0000e+00 0.0000e+00 0.0000e+00 0.0000e+00 0.0000e+00 0.0000e+00 0.0000e+00 0.0000e+00 0.0000e+00 0.0000e+00 0.0000e+00 0.0000e+00 0.0000e+00 0.0000e+00 0.0000e+00 0.0000e+00 0.0000e+00 0.0000e+00 0.0000e+00 0.0000e+00 0.0000e+00 0.0000e+00 0.0000e+00 0.0000e+00 0.0000e+00 0.0000e+00 0.0000e+00 0.0000e+00 0.0000e+00 0.0000e+00 0.0000e+00 1.5786e-09 8.9384e-09 2.4671e-08 5.0760e-08 8.8931e-08 0.0000e+00 2.0784e-07 2.9162e-07 3.9361e-07 5.1534e-07 6.5837e-07 8.2428e-07 1.0147e-06 1.2312e-06 1.4756e-06 1.7492e-06 2.0537e-06 2.3902e-06 2.7598e-06 3.1627e-06 3.5987e-06 4.0663e-06 4.5629e-06 5.0837e-06 5.6216e-06 6.1667e-06 6.7050e-06 7.2188e-06 7.6853e-06 8.0774e-06 8.3638e-06 8.5106e-06 8.4842e-06 8.2554e-06 7.8055e-06 7.1328e-06 6.2589e-06 5.2329e-06 4.1299e-06 3.0424e-06 2.0642e-06 1.2691e-06 6.9346e-07 3.2899e-07 1.3175e-07 4.3043e-08 1.1010e-08 2.0981e-09 2.8034e-10 2.4403e-11 1.2651e-12 3.5009e-14 4.5206e-16 2.3093e-18 3.8070e-21 1.5744e-24 1.1947e-28 1.1269e-33 8.1170e-40 2.4210e-47 1.3819e-56 5.6752e-68 4.8244e-82 1.7223e-99 3.3128e-121 2.4030e-148 2.0547e-182 2.1965e-225 7.2271e-280 0.0000e+00 0.0000e+00 0.0000e+00 0.0000e+00 0.0000e+00 0.0000e+00 0.0000e+00 0.0000e+00 0.0000e+00 0.0000e+00 0.0000e+00 0.0000e+00 0.0000e+00 0.0000e+00 0.0000e+00 0.0000e+00 0.0000e+00 0.0000e+00 0.0000e+00 0.0000e+00 0.0000e+00 0.0000e+00 0.0000e+00 0.0000e+00 0.0000e+00 0.0000e+00 0.0000e+00 0.0000e+00 0.0000e+00 0.0000e+00 0.0000e+00
-2.3305e-09 -1.3196e-08 -3.6423e-08 -7.4939e-08 -1.3129e-07 -2.0784e-07 6.8136e-07 -4.3053e-07 -5.8111e-07 -7.6083e-07 -9.7198e-07 -1.2169e-06 -1.4980e-06 -1.8177e-06 -2.1784e-06 -2.5824e-06 -3.0320e-06 -3.5288e-06 -4.0744e-06 -4.6692e-06 -5.3129e-06 -6.0033e-06 -6.7364e-06 -7.5053e-06 -8.2995e-06 -9.1042e-06 -9.8990e-06 -1.0657e-05 -1.1346e-05 -1.1925e-05 -1.2348e-05 -1.2565e-05 -1.2526e-05 -1.2188e-05 -1.1524e-05 -1.0531e-05 -9.2410e-06 -7.7263e-06 -6.0978e-06 -4.4922e-06 -3.0479e-06 -1.8740e-06 -1.0240e-06 -4.8584e-07 -1.9457e-07 -6.3571e-08 -1.6263e-08 -3.0993e-09 -4.1416e-10 -3.6056e-11 -1.8696e-12 -5.1747e-14 -6.6837e-16 -3.4153e-18 -5.6323e-21 -2.3303e-24 -1.7693e-28 -1.6700e-33 -1.2038e-39 -3.5939e-47 -2.0538e-56 -8.4470e-68 -7.1936e-82 -2.5739e-99 -4.9644e-121 -3.6134e-148 -3.1031e-182 -3.3353e-225 -1.1049e-279 0.0000e+00 0.0000e+00 0.0000e+00 0.0000e+00 0.0000e+00 0.0000e+00 0.0000e+00 0.0000e+00 0.0000e+00 0.0000e+00 0.0000e+00 0.0000e+00 0.0000e+00 0.0000e+00 0.0000e+00 0.0000e+00 0.0000e+00 0.0000e+00 0.0000e+00 0.0000e+00 0.0000e+00 0.0000e+00 0.0000e+00 0.0000e+00 0.0000e+00 0.0000e+00 0.0000e+00 0.0000e+00 0.0000e+00 0.0000e+00 0.0000e+00 2.3305e-09 1.3196e-08 3.6423e-08 7.4939e-08 1.3129e-07 2.0784e-07 0.0000e+00 4.3053e-07 5.8111e-07 7.6083e-07 9.7198e-07 1.2169e-06 1.4980e-06 1.8177e-06 2.1784e-06 2.5824e-06 3.0320e-06 3.5288e-06 4.0744e-06 4.6692e-06 5.3129e-06 6.0033e-06 6.7364e-06 7.5053e-06 8.2995e-06 9.1041e-06 9.8989e-06 1.0657e-05 1.1346e-05 1.1925e-05 1.2348e-05 1.2565e-05 1.2526e-05 1.2188e-05 1.1524e-05 1.0530e-05 9.2404e-06 7.7256e-06 6.0972e-06 4.4917e-06 3.0474e-06 1.8736e-06 1.0238e-06 4.8571e-07 1.9450e-07 6.3546e-08 1.6255e-08 3.0975e-09 4.1387e-10 3.6027e-11 1.8678e-12 5.1685e-14 6.6740e-16 3.4093e-18 5.6204e-21 2.3243e-24 1.7639e-28 1.6638e-33 1.1983e-39 3.5742e-47 2.0401e-56 8.3786e-68 7.1225e-82 2.5428e-99 4.8908e-121 3.5477e-148 3.0334e-182 3.2428e-225 1.0670e-279 0.0000e+00 0.0000e+00 0.0000e+00 0.0000e+00 0.0000e+00 0.0000e+00 0.0000e+00 0.0000e+00 0.0000e+00 0.0000e+00 0.0000e+00 0.0000e+00 0.0000e+00 0.0000e+00 0.0000e+00 0.0000e+00 0.0000e+00 0.0000e+00 0.0000e+00 0.0000e+00 0.0000e+00 0.0000e+00 0.0000e+00 0.0000e+00 0.0000e+00 0.0000e+00 0.0000e+00 0.0000e+00 0.0000e+00 0.0000e+00 0.0000e+00
-3.2699e-09 -1.8515e-08 -5.1104e-08 -1.0514e-07 -1.8421e-07 -2.9162e-07 -4.3053e-07 1.5293e-06 -8.1533e-07 -1.0675e-06 -1.3638e-06 -1.7074e-06 -2.1018e-06 -2.5504e-06 -3.0565e-06 -3.6233e-06 -4.2540e-06 -4.9511e-06 -5.7166e-06 -6.5512e-06 -7.4543e-06 -8.4231e-06 -9.4517e-06 -1.0530e-05 -1.1645e-05 -1.2774e-05 -1.3889e-05 -1.4953e-05 -1.5920e-05 -1.6732e-05 -1.7326e-05 -1.7630e-05 -1.7575e-05 -1.7102e-05 -1.6170e-05 -1.4777e-05 -1.2967e-05 -1.0842e-05 -8.5567e-06 -6.3039e-06 -4.2772e-06 -2.6299e-06 -1.4372e-06 -6.8189e-07 -2.7310e-07 -8.9237e-08 -2.2831e-08 -4.3515e-09 -5.8159e-10 -5.0642e-11 -2.6265e-12 -7.2713e-14 -9.3945e-16 -4.8023e-18 -7.9232e-21 -3.2799e-24 -2.4920e-28 -2.3540e-33 -1.6985e-39 -5.0769e-47 -2.9056e-56 -1.1972e-67 -1.0218e-81 -3.6659e-99 -7.0945e-121 -5.1855e-148 -4.4763e-182 -4.8426e-225 -1.6174e-279 0.0000e+00 0.0000e+00 0.0000e+00 0.0000e+00 0.0000e+00 0.0000e+00 0.0000e+00 0.0000e+00 0.0000e+00 0.0000e+00 0.0000e+00 0.0000e+00 0.0000e+00 0.0000e+00 0.0000e+00 0.0000e+00 0.0000e+00 0.0000e+00 0.0000e+00 0.0000e+00 0.0000e+00 0.0000e+00 0.0000e+00 0.0000e+00 0.0000e+00 0.0000e+00 0.0000e+00 0.0000e+00 0.0000e+00 0.0000e+00 0.0000e+00 3.2699e-09 1.8515e-08 5.1104e-08 1.0514e-07 1.8421e-07 2.9162e-07 4.3053e-07 0.0000e+00 8.1533e-07 1.0675e-06 1.3638e-06 1.7074e-06 2.1018e-06 2.5504e-06 3.0565e-06 3.6233e-06 4.2540e-06 4.9511e-06 5.7166e-06 6.5512e-06 7.4543e-06 8.4230e-06 9.4516e-06 1.0530e-05 1.1645e-05 1.2774e-05 1.3889e-05 1.4953e-05 1.5919e-05 1.6732e-05 1.7325e-05 1.7629e-05 1.7574e-05 1.7100e-05 1.6168e-05 1.4775e-05 1.2965e-05 1.0840e-05 8.5548e-06 6.3021e-06 4.2757e-06 2.6288e-06 1.4364e-06 6.8148e-07 2.7290e-07 8.9159e-08 2.2807e-08 4.3460e-09 5.8069e-10 5.0548e-11 2.6206e-12 7.2517e-14 9.3640e-16 4.7835e-18 7.8858e-21 3.2612e-24 2.4748e-28 2.3344e-33 1.6814e-39 5.0149e-47 2.8625e-56 1.1756e-67 9.9933e-82 3.5677e-99 6.8621e-121 4.9775e-148 4.2560e-182 4.5497e-225 1.4969e-279 0.0000e+00 0.0000e+00 0.0000e+00 0.0000e+00 0.0000e+00 0.0000e+00 0.0000e+00 0.0000e+00 0.0000e+00 0.0000e+00 0.0000e+00 0.0000e+00 0.0000e+00 0.0000e+00 0.0000e+00 0.0000e+00 0.0000e+00 0.0000e+00 0.0000e+00 0.0000e+00 0.0000e+00 0.0000e+00 0.0000e+00 0.0000e+00 0.0000e+00 0.0000e+00 0.0000e+00 0.0000e+00 0.0000e+00 0.0000e+00 0.0000e+00
-4.4135e-09 -2.4991e-08 -6.8978e-08 -1.4192e-07 -2.4864e-07 -3.9361e-07 -5.8111e-07 -8.1533e-07 3.1262e-06 -1.4408e-06 -1.8407e-06 -2.3046e-06 -2.8369e-06 -3.4424e-06 -4.1255e-06 -4.8906e-06 -5.7419e-06 -6.6828e-06 -7.7160e-06 -8.8425e-06 -1.0061e-05 -1.1369e-05 -1.2757e-05 -1.4214e-05 -1.5718e-05 -1.7242e-05 -1.8747e-05 -2.0184e-05 -2.1488e-05 -2.2585e-05 -2.3386e-05 -2.3797e-05 -2.3724e-05 -2.3085e-05 -2.1828e-05 -1.9947e-05 -1.7505e-05 -1.4636e-05 -1.1552e-05 -8.5111e-06 -5.7751e-06 -3.5512e-06 -1.9408e-06 -9.2096e-07 -3.6889e-07 -1.2056e-07 -3.0851e-08 -5.8813e-09 -7.8626e-10 -6.8486e-11 -3.5534e-12 -9.8421e-14 -1.2723e-15 -6.5084e-18 -1.0747e-20 -4.4534e-24 -3.3878e-28 -3.2050e-33 -2.3167e-39 -6.9403e-47 -3.9828e-56 -1.6465e-67 -1.4110e-81 -5.0876e-99 -9.9066e-121 -7.2960e-148 -6.3573e-182 -6.9573e-225 -2.3570e-279 0.0000e+00 0.0000e+00 0.0000e+00 0.0000e+00 0.0000e+00 0.0000e+00 0.0000e+00 0.0000e+00 0.0000e+00 0.0000e+00 0.0000e+00 0.0000e+00 0.0000e+00 0.0000e+00 0.0000e+00 0.0000e+00 0.0000e+00 0.0000e+00 0.0000e+00 0.0000e+00 0.0000e+00 0.0000e+00 0.0000e+00 0.0000e+00 0.0000e+00 0.0000e+00 0.0000e+00 0.0000e+00 0.0000e+00 0.0000e+00 0.0000e+00 4.4135e-09 2.4991e-08 6.8978e-08 1.4192e-07 2.4864e-07 3.9361e-07 5.8111e-07 8.1533e-07 0.0000e+00 1.4408e-06 1.8407e-06 2.3046e-06 2.8369e-06 3.4424e-06 4.1255e-06 4.8906e-06 5.7418e-06 6.6828e-06 7.7159e-06 8.8424e-06 1.0061e-05 1.1369e-05 1.2757e-05 1.4213e-05 1.5717e-05 1.7241e-05 1.8746e-05 2.0183e-05 2.1487e-05 2.2584e-05 2.3384e-05 2.3795e-05 2.3721e-05 2.3081e-05 2.1823e-05 1.9942e-05 1.7499e-05 1.4631e-05 1.1547e-05 8.5063e-06 5.7711e-06 3.5482e-06 1.9388e-06 9.1982e-07 3.6834e-07 1.2034e-07 3.0784e-08 5.8660e-09 7.8379e-10 6.8226e-11 3.5372e-12 9.7880e-14 1.2639e-15 6.4564e-18 1.0644e-20 4.4017e-24 3.3404e-28 3.1508e-33 2.2694e-39 6.7688e-47 3.8636e-56 1.5867e-67 1.3488e-81 4.8153e-99 9.2617e-121 6.7180e-148 5.7440e-182 6.1401e-225 2.0200e-279 0.0000e+00 0.0000e+00 0.0000e+00 0.0000e+00 0.0000e+00 0.0000e+00 0.0000e+00 0.0000e+00 0.0000e+00 0.0000e+00 0.0000e+00 0.0000e+00 0.0000e+00 0.0000e+00 0.0000e+00 0.0000e+00 0.0000e+00 0.0000e+00 0.0000e+00 0.0000e+00 0.0000e+00 0.0000e+00 0.0000e+00 0.0000e+00 0.0000e+00 0.0000e+00 0.0000e+00 0.0000e+00 0.0000e+00 0.0000e+00 0.0000e+00
-5.7785e-09 -3.2720e-08 -9.0310e-08 -1.8581e-07 -3.2554e-07 -5.1534e-07 -7.6083e-07 -1.0675e-06 -1.4408e-06 5.9374e-06 -2.4100e-06 -3.0173e-06 -3.7143e-06 -4.5070e-06 -5.4013e-06 -6.4031e-06 -7.5177e-06 -8.7496e-06 -1.0102e-05 -1.1577e-05 -1.3173e-05 -1.4885e-05 -1.6703e-05 -1.8610e-05 -2.0579e-05 -2.2574e-05 -2.4546e-05 -2.6427e-05 -2.8135e-05 -2.9572e-05 -3.0621e-05 -3.1160e-05 -3.1065e-05 -3.0229e-05 -2.8584e-05 -2.6123e-05 -2.2925e-05 -1.9169e-05 -1.5131e-05 -1.1149e-05 -7.5659e-06 -4.6530e-06 -2.5434e-06 -1.2071e-06 -4.8363e-07 -1.5810e-07 -4.0471e-08 -7.7183e-09 -1.0323e-09 -8.9973e-11 -4.6714e-12 -1.2950e-13 -1.6758e-15 -8.5825e-18 -1.4193e-20 -5.8917e-24 -4.4915e-28 -4.2602e-33 -3.0892e-39 -9.2901e-47 -5.3561e-56 -2.2268e-67 -1.9215e-81 -6.9868e-99 -1.3745e-120 -1.0250e-147 -9.0671e-182 -1.0107e-224 -3.5010e-279 0.0000e+00 0.0000e+00 0.0000e+00 0.0000e+00 0.0000e+00 0.0000e+00 0.0000e+00 0.0000e+00 0.0000e+00 0.0000e+00 0.0000e+00 0.0000e+00 0.0000e+00 0.0000e+00 0.0000e+00 0.0000e+00 0.0000e+00 0.0000e+00 0.0000e+00 0.0000e+00 0.0000e+00 0.0000e+00 0.0000e+00 0.0000e+00 0.0000e+00 0.0000e+00 0.0000e+00 0.0000e+00 0.0000e+00 0.0000e+00 0.0000e+00 5.7785e-09 3.2720e-08 9.0310e-08 1.8581e-07 3.2554e-07 5.1534e-07 7.6083e-07 1.0675e-06 1.4408e-06 0.0000e+00 2.4100e-06 3.0173e-06 3.7143e-06 4.5070e-06 5.4013e-06 6.4031e-06 7.5176e-06 8.7496e-06 1.0102e-05 1.1577e-05 1.3173e-05 1.4885e-05 1.6703e-05 1.8609e-05 2.0578e-05 2.2573e-05 2.4544e-05 2.6425e-05 2.8133e-05 2.9568e-05 3.0616e-05 3.1154e-05 3.1057e-05 3.0219e-05 2.8573e-05 2.6110e-05 2.2911e-05 1.9156e-05 1.5118e-05 1.1137e-05 7.5560e-06 4.6456e-06 2.5385e-06 1.2043e-06 4.8226e-07 1.5756e-07 4.0304e-08 7.6801e-09 1.0262e-09 8.9327e-11 4.6311e-12 1.2815e-13 1.6548e-15 8.4532e-18 1.3936e-20 5.7631e-24 4.3734e-28 4.1252e-33 2.9712e-39 8.8620e-47 5.0583e-56 2.0773e-67 1.7659e-81 6.3040e-99 1.2125e-120 8.7939e-148 7.5182e-182 8.0353e-225 2.6428e-279 0.0000e+00 0.0000e+00 0.0000e+00 0.0000e+00 0.0000e+00 0.0000e+00 0.0000e+00 0.0000e+00 0.0000e+00 0.0000e+00 0.0000e+00 0.0000e+00 0.0000e+00 0.0000e+00 0.0000e+00 0.0000e+00 0.0000e+00 0.0000e+00 0.0000e+00 0.0000e+00 0.0000e+00 0.0000e+00 0.0000e+00 0.0000e+00 0.0000e+00 0.0000e+00 0.0000e+00 0.0000e+00 0.0000e+00 0.0000e+00 0.0000e+00
-7.3822e-09 -4.1800e-08 -1.1537e-07 -2.3738e-07 -4.1589e-07 -6.5837e-07 -9.7198e-07 -1.3638e-06 -1.8407e-06 -2.4100e-06 1.0627e-05 -3.8547e-06 -4.7452e-06 -5.7579e-06 -6.9004e-06 -8.1802e-06 -9.6041e-06 -1.1178e-05 -1.2906e-05 -1.4790e-05 -1.6829e-05 -1.9017e-05 -2.1339e-05 -2.3775e-05 -2.6291e-05 -2.8841e-05 -3.1359e-05 -3.3763e-05 -3.5947e-05 -3.7783e-05 -3.9125e-05 -3.9814e-05 -3.9694e-05 -3.8628e-05 -3.6528e-05 -3.3385e-05 -2.9301e-05 -2.4504e-05 -1.9344e-05 -1.4255e-05 -9.6757e-06 -5.9518e-06 -3.2542e-06 -1.5450e-06 -6.1923e-07 -2.0252e-07 -5.1871e-08 -9.8990e-09 -1.3251e-09 -1.1560e-10 -6.0088e-12 -1.6680e-13 -2.1621e-15 -1.1095e-17 -1.8393e-20 -7.6574e-24 -5.8581e-28 -5.5800e-33 -4.0670e-39 -1.2306e-46 -7.1479e-56 -2.9984e-67 -2.6155e-81 -9.6347e-99 -1.9252e-120 -1.4627e-147 -1.3231e-181 -1.5142e-224 -5.4108e-279 0.0000e+00 0.0000e+00 0.0000e+00 0.0000e+00 0.0000e+00 0.0000e+00 0.0000e+00 0.0000e+00 0.0000e+00 0.0000e+00 0.0000e+00 0.0000e+00 0.0000e+00 0.0000e+00 0.0000e+00 0.0000e+00 0.0000e+00 0.0000e+00 0.0000e+00 0.0000e+00 0.0000e+00 0.0000e+00 0.0000e+00 0.0000e+00 0.0000e+00 0.0000e+00 0.0000e+00 0.0000e+00 0.0000e+00 0.0000e+00 0.0000e+00 7.3822e-09 4.1800e-08 1.1537e-07 2.3738e-07 4.1589e-07 6.5837e-07 9.7198e-07 1.3638e-06 1.8407e-06 2.4100e-06 0.0000e+00 3.8547e-06 4.7452e-06 5.7579e-06 6.9004e-06 8.1802e-06 9.6040e-06 1.1178e-05 1.2906e-05 1.4790e-05 1.6829e-05 1.9016e-05 2.1338e-05 2.3774e-05 2.6289e-05 2.8838e-05 3.1356e-05 3.3758e-05 3.5940e-05 3.7774e-05 3.9113e-05 3.9800e-05 3.9676e-05 3.8606e-05 3.6502e-05 3.3356e-05 2.9270e-05 2.4472e-05 1.9314e-05 1.4228e-05 9.6530e-06 5.9349e-06 3.2430e-06 1.5385e-06 6.1611e-07 2.0129e-07 5.1490e-08 9.8116e-09 1.3110e-09 1.1412e-10 5.9164e-12 1.6372e-13 2.1140e-15 1.0799e-17 1.7803e-20 7.3624e-24 5.5871e-28 5.2700e-33 3.7957e-39 1.1321e-46 6.4617e-56 2.6536e-67 2.2556e-81 8.0515e-99 1.5483e-120 1.1228e-147 9.5958e-182 1.0250e-224 3.3686e-279 0.0000e+00 0.0000e+00 0.0000e+00 0.0000e+00 0.0000e+00 0.0000e+00 0.0000e+00 0.0000e+00 0.0000e+00 0.0000e+00 0.0000e+00 0.0000e+00 0.0000e+00 0.0000e+00 0.0000e+00 0.0000e+00 0.0000e+00 0.0000e+00 0.0000e+00 0.0000e+00 0.0000e+00 0.0000e+00 0.0000e+00 0.0000e+00 0.0000e+00 0.0000e+00 0.0000e+00 0.0000e+00 0.0000e+00 0.0000e+00 0.0000e+00
-9.2425e-09 -5.2334e-08 -1.4445e-07 -2.9720e-07 -5.2069e-07 -8.2428e-07 -1.2169e-06 -1.7074e-06 -2.3046e-06 -3.0173e-06 -3.8547e-06 1.8115e-05 -5.9410e-06 -7.2088e-06 -8.6393e-06 -1.0242e-05 -1.2024e-05 -1.3995e-05 -1.6159e-05 -1.8518e-05 -2.1071e-05 -2.3809e-05 -2.6717e-05 -2.9767e-05 -3.2918e-05 -3.6111e-05 -3.9265e-05 -4.2276e-05 -4.5011e-05 -4.7312e-05 -4.8994e-05 -4.9860e-05 -4.9713e-05 -4.8381e-05 -4.5755e-05 -4.1824e-05 -3.6712e-05 -3.0706e-05 -2.4246e-05 -1.7872e-05 -1.2134e-05 -7.4666e-06 -4.0841e-06 -1.9400e-06 -7.7803e-07 -2.5464e-07 -6.5278e-08 -1.2471e-08 -1.6714e-09 -1.4603e-10 -7.6048e-12 -2.1157e-13 -2.7495e-15 -1.4155e-17 -2.3553e-20 -9.8500e-24 -7.5765e-28 -7.2638e-33 -5.3356e-39 -1.6295e-46 -9.5707e-56 -4.0682e-67 -3.6047e-81 -1.3528e-98 -2.7627e-120 -2.1533e-147 -2.0065e-181 -2.3764e-224 -8.8313e-279 0.0000e+00 0.0000e+00 0.0000e+00 0.0000e+00 0.0000e+00 0.0000e+00 0.0000e+00 0.0000e+00 0.0000e+00 0.0000e+00 0.0000e+00 0.0000e+00 0.0000e+00 0.0000e+00 0.0000e+00 0.0000e+00 0.0000e+00 0.0000e+00 0.0000e+00 0.0000e+00 0.0000e+00 0.0000e+00 0.0000e+00 0.0000e+00 0.0000e+00 0.0000e+00 0.0000e+00 0.0000e+00 0.0000e+00 0.0000e+00 0.0000e+00 9.2425e-09 5.2334e-08 1.4445e-07 2.9720e-07 5.2069e-07 8.2428e-07 1.2169e-06 1.7074e-06 2.3046e-06 3.0173e-06 3.8547e-06 0.0000e+00 5.9409e-06 7.2088e-06 8.6393e-06 1.0242e-05 1.2024e-05 1.3995e-05 1.6158e-05 1.8517e-05 2.1070e-05 2.3808e-05 2.6715e-05 2.9765e-05 3.2914e-05 3.6105e-05 3.9258e-05 4.2266e-05 4.4997e-05 4.7293e-05 4.8970e-05 4.9829e-05 4.9674e-05 4.8335e-05 4.5701e-05 4.1762e-05 3.6646e-05 3.0639e-05 2.4180e-05 1.7813e-05 1.2086e-05 7.4304e-06 4.0602e-06 1.9262e-06 7.7137e-07 2.5201e-07 6.4466e-08 1.2284e-08 1.6414e-09 1.4287e-10 7.4072e-12 2.0497e-13 2.6468e-15 1.3520e-17 2.2289e-20 9.2175e-24 6.9947e-28 6.5975e-33 4.7517e-39 1.4172e-46 8.0882e-56 3.3212e-67 2.8226e-81 1.0073e-98 1.9363e-120 1.4033e-147 1.1982e-181 1.2780e-224 4.1899e-279 0.0000e+00 0.0000e+00 0.0000e+00 0.0000e+00 0.0000e+00 0.0000e+00 0.0000e+00 0.0000e+00 0.0000e+00 0.0000e+00 0.0000e+00 0.0000e+00 0.0000e+00 0.0000e+00 0.0000e+00 0.0000e+00 0.0000e+00 0.0000e+00 0.0000e+00 0.0000e+00 0.0000e+00 0.0000e+00 0.0000e+00 0.0000e+00 0.0000e+00 0.0000e+00 0.0000e+00 0.0000e+00 0.0000e+00 0.0000e+00 0.0000e+00
-1.1378e-08 -6.4423e-08 -1.7782e-07 -3.6585e-07 -6.4097e-07 -1.0147e-06 -1.4980e-06 -2.1018e-06 -2.8369e-06 -3.7143e-06 -4.7452e-06 -5.9410e-06 2.9646e-05 -8.8741e-06 -1.0635e-05 -1.2608e-05 -1.4802e-05 -1.7228e-05 -1.9891e-05 -2.2796e-05 -2.5939e-05 -2.9310e-05 -3.2890e-05 -3.6646e-05 -4.0525e-05 -4.4457e-05 -4.8341e-05 -5.2050e-05 -5.5420e-05 -5.8255e-05 -6.0331e-05 -6.1402e-05 -6.1227e-05 -5.9594e-05 -5.6367e-05 -5.1533e-05 -4.5244e-05 -3.7853e-05 -2.9898e-05 -2.2046e-05 -1.4975e-05 -9.2197e-06 -5.0464e-06 -2.3989e-06 -9.6298e-07 -3.1553e-07 -8.0995e-08 -1.5498e-08 -2.0812e-09 -1.8226e-10 -9.5173e-12 -2.6565e-13 -3.4660e-15 -1.7927e-17 -2.9997e-20 -1.2629e-23 -9.7917e-28 -9.4765e-33 -7.0390e-39 -2.1783e-46 -1.2994e-55 -5.6244e-67 -5.0901e-81 -1.9575e-98 -4.1118e-120 -3.3093e-147 -3.1978e-181 -3.9455e-224 -1.5349e-278 0.0000e+00 0.0000e+00 0.0000e+00 0.0000e+00 0.0000e+00 0.0000e+00 0.0000e+00 0.0000e+00 0.0000e+00 0.0000e+00 0.0000e+00 0.0000e+00 0.0000e+00 0.0000e+00 0.0000e+00 0.0000e+00 0.0000e+00 0.0000e+00 0.0000e+00 0.0000e+00 0.0000e+00 0.0000e+00 0.0000e+00 0.0000e+00 0.0000e+00 0.0000e+00 0.0000e+00 0.0000e+00 0.0000e+00 0.0000e+00 0.0000e+00 1.1378e-08 6.4423e-08 1.7782e-07 3.6585e-07 6.4097e-07 1.0147e-06 1.4980e-06 2.1018e-06 2.8369e-06 3.7143e-06 4.7452e-06 5.9409e-06 0.0000e+00 8.8741e-06 1.0635e-05 1.2607e-05 1.4802e-05 1.7227e-05 1.9891e-05 2.2795e-05 2.5937e-05 2.9308e-05 3.2887e-05 3.6640e-05 4.0518e-05 4.4446e-05 4.8326e-05 5.2029e-05 5.5392e-05 5.8218e-05 6.0282e-05 6.1340e-05 6.1149e-05 5.9500e-05 5.6258e-05 5.1409e-05 4.5111e-05 3.7716e-05 2.9766e-05 2.1928e-05 1.4877e-05 9.1469e-06 4.9981e-06 2.3712e-06 9.4955e-07 3.1023e-07 7.9357e-08 1.5122e-08 2.0205e-09 1.7588e-10 9.1182e-12 2.5232e-13 3.2581e-15 1.6643e-17 2.7436e-20 1.1346e-23 8.6095e-28 8.1202e-33 5.8479e-39 1.7439e-46 9.9510e-56 4.0849e-67 3.4701e-81 1.2376e-98 2.3766e-120 1.7196e-147 1.4646e-181 1.5558e-224 5.0665e-279 0.0000e+00 0.0000e+00 0.0000e+00 0.0000e+00 0.0000e+00 0.0000e+00 0.0000e+00 0.0000e+00 0.0000e+00 0.0000e+00 0.0000e+00 0.0000e+00 0.0000e+00 0.0000e+00 0.0000e+00 0.0000e+00 0.0000e+00 0.0000e+00 0.0000e+00 0.0000e+00 0.0000e+00 0.0000e+00 0.0000e+00 0.0000e+00 0.0000e+00 0.0000e+00 0.0000e+00 0.0000e+00 0.0000e+00 0.0000e+00 0.0000e+00
-1.3806e-08 -7.8172e-08 -2.1576e-07 -4.4392e-07 -7.7776e-07 -1.2312e-06 -1.8177e-06 -2.5504e-06 -3.4424e-06 -4.5070e-06 -5.7579e-06 -7.2088e-06 -8.8741e-06 4.6866e-05 -1.2905e-05 -1.5298e-05 -1.7961e-05 -2.0905e-05 -2.4137e-05 -2.7661e-05 -3.1475e-05 -3.5567e-05 -3.9912e-05 -4.4470e-05 -4.9179e-05 -5.3952e-05 -5.8669e-05 -6.3173e-05 -6.7267e-05 -7.0714e-05 -7.3241e-05 -7.4550e-05 -7.4348e-05 -7.2378e-05 -6.8474e-05 -6.2618e-05 -5.4994e-05 -4.6027e-05 -3.6371e-05 -2.6835e-05 -1.8240e-05 -1.1239e-05 -6.1574e-06 -2.9305e-06 -1.1780e-06 -3.8662e-07 -9.9441e-08 -1.9073e-08 -2.5685e-09 -2.2569e-10 -1.1833e-11 -3.3185e-13 -4.3544e-15 -2.2674e-17 -3.8243e-20 -1.6253e-23 -1.2741e-27 -1.2492e-32 -9.4200e-39 -2.9668e-46 -1.8059e-55 -8.0009e-67 -7.4353e-81 -2.9464e-98 -6.4010e-120 -5.3491e-147 -5.3891e-181 -6.9634e-224 -2.8508e-278 0.0000e+00 0.0000e+00 0.0000e+00 0.0000e+00 0.0000e+00 0.0000e+00 0.0000e+00 0.0000e+00 0.0000e+00 0.0000e+00 0.0000e+00 0.0000e+00 0.0000e+00 0.0000e+00 0.0000e+00 0.0000e+00 0.0000e+00 0.0000e+00 0.0000e+00 0.0000e+00 0.0000e+00 0.0000e+00 0.0000e+00 0.0000e+00 0.0000e+00 0.0000e+00 0.0000e+00 0.0000e+00 0.0000e+00 0.0000e+00 0.0000e+00 1.3806e-08 7.8172e-08 2.1576e-07 4.4392e-07 7.7776e-07 1.2312e-06 1.8177e-06 2.5504e-06 3.4424e-06 4.5070e-06 5.7579e-06 7.2088e-06 8.8741e-06 0.0000e+00 1.2905e-05 1.5298e-05 1.7961e-05 2.0904e-05 2.4136e-05 2.7660e-05 3.1472e-05 3.5563e-05 3.9905e-05 4.4460e-05 4.9165e-05 5.3931e-05 5.8639e-05 6.3132e-05 6.7213e-05 7.0642e-05 7.3147e-05 7.4431e-05 7.4199e-05 7.2198e-05 6.8264e-05 6.2381e-05 5.4738e-05 4.5765e-05 3.6119e-05 2.6608e-05 1.8052e-05 1.1099e-05 6.0648e-06 2.8772e-06 1.1522e-06 3.7643e-07 9.6292e-08 1.8349e-08 2.4517e-09 2.1341e-10 1.1064e-11 3.0615e-13 3.9531e-15 2.0193e-17 3.3287e-20 1.3764e-23 1.0444e-27 9.8490e-33 7.0915e-39 2.1141e-46 1.2058e-55 4.9464e-67 4.1976e-81 1.4946e-98 2.8628e-120 2.0630e-147 1.7456e-181 1.8342e-224 5.8625e-279 0.0000e+00 0.0000e+00 0.0000e+00 0.0000e+00 0.0000e+00 0.0000e+00 0.0000e+00 0.0000e+00 0.0000e+00 0.0000e+00 0.0000e+00 0.0000e+00 0.0000e+00 0.0000e+00 0.0000e+00 0.0000e+00 0.0000e+00 0.0000e+00 0.0000e+00 0.0000e+00 0.0000e+00 0.0000e+00 0.0000e+00 0.0000e+00 0.0000e+00 0.0000e+00 0.0000e+00 0.0000e+00 0.0000e+00 0.0000e+00 0.0000e+00
-1.6545e-08 -9.3684e-08 -2.5858e-07 -5.3201e-07 -9.3209e-07 -1.4756e-06 -2.1784e-06 -3.0565e-06 -4.1255e-06 -5.4013e-06 -6.9004e-06 -8.6393e-06 -1.0635e-05 -1.2905e-05 7.1922e-05 -1.8334e-05 -2.1526e-05 -2.5053e-05 -2.8927e-05 -3.3152e-05 -3.7723e-05 -4.2628e-05 -4.7836e-05 -5.3301e-05 -5.8947e-05 -6.4671e-05 -7.0329e-05 -7.5734e-05 -8.0650e-05 -8.4793e-05 -8.7834e-05 -8.9420e-05 -8.9196e-05 -8.6856e-05 -8.2197e-05 -7.5195e-05 -6.6070e-05 -5.5328e-05 -4.3750e-05 -3.2305e-05 -2.1979e-05 -1.3559e-05 -7.4388e-06 -3.5462e-06 -1.4284e-06 -4.6990e-07 -1.2121e-07 -2.3326e-08 -3.1539e-09 -2.7844e-10 -1.4681e-11 -4.1448e-13 -5.4814e-15 -2.8806e-17 -4.9114e-20 -2.1136e-23 -1.6813e-27 -1.6764e-32 -1.2888e-38 -4.1492e-46 -2.5893e-55 -1.1797e-66 -1.1311e-80 -4.6400e-98 -1.0473e-119 -9.1275e-147 -9.6308e-181 -1.3094e-223 -5.6718e-278 0.0000e+00 0.0000e+00 0.0000e+00 0.0000e+00 0.0000e+00 0.0000e+00 0.0000e+00 0.0000e+00 0.0000e+00 0.0000e+00 0.0000e+00 0.0000e+00 0.0000e+00 0.0000e+00 0.0000e+00 0.0000e+00 0.0000e+00 0.0000e+00 0.0000e+00 0.0000e+00 0.0000e+00 0.0000e+00 0.0000e+00 0.0000e+00 0.0000e+00 0.0000e+00 0.0000e+00 0.0000e+00 0.0000e+00 0.0000e+00 0.0000e+00 1.6545e-08 9.3684e-08 2.5858e-07 5.3201e-07 9.3209e-07 1.4756e-06 2.1784e-06 3.0565e-06 4.1255e-06 5.4013e-06 6.9004e-06 8.6393e-06 1.0635e-05 1.2905e-05 0.0000e+00 1.8334e-05 2.1525e-05 2.5052e-05 2.8925e-05 3.3148e-05 3.7718e-05 4.2619e-05 4.7824e-05 5.3282e-05 5.8920e-05 6.4633e-05 7.0275e-05 7.5660e-05 8.0550e-05 8.4660e-05 8.7662e-05 8.9200e-05 8.8923e-05 8.6525e-05 8.1810e-05 7.4759e-05 6.5600e-05 5.4847e-05 4.3286e-05 3.1888e-05 2.1634e-05 1.3301e-05 7.2682e-06 3.4482e-06 1.3808e-06 4.5112e-07 1.1540e-07 2.1989e-08 2.9380e-09 2.5574e-10 1.3258e-11 3.6686e-13 4.7369e-15 2.4195e-17 3.9880e-20 1.6488e-23 1.2508e-27 1.1792e-32 8.4865e-39 2.5282e-46 1.4405e-55 5.8996e-67 4.9939e-81 1.7712e-98 3.3714e-120 2.4048e-147 2.0002e-181 2.0397e-224 6.1662e-279 0.0000e+00 0.0000e+00 0.0000e+00 0.0000e+00 0.0000e+00 0.0000e+00 0.0000e+00 0.0000e+00 0.0000e+00 0.0000e+00 0.0000e+00 0.0000e+00 0.0000e+00 0.0000e+00 0.0000e+00 0.0000e+00 0.0000e+00 0.0000e+00 0.0000e+00 0.0000e+00 0.0000e+00 0.0000e+00 0.0000e+00 0.0000e+00 0.0000e+00 0.0000e+00 0.0000e+00 0.0000e+00 0.0000e+00 0.0000e+00 0.0000e+00
-1.9614e-08 -1.1106e-07 -3.0654e-07 -6.3068e-07 -1.1050e-06 -1.7492e-06 -2.5824e-06 -3.6233e-06 -4.8906e-06 -6.4031e-06 -8.1802e-06 -1.0242e-05 -1.2608e-05 -1.5298e-05 -1.8334e-05 1.0757e-04 -2.5518e-05 -2.9701e-05 -3.4294e-05 -3.9302e-05 -4.4723e-05 -5.0538e-05 -5.6716e-05 -6.3197e-05 -6.9895e-05 -7.6687e-05 -8.3404e-05 -8.9823e-05 -9.5666e-05 -1.0060e-04 -1.0423e-04 -1.0613e-04 -1.0590e-04 -1.0316e-04 -9.7669e-05 -8.9397e-05 -7.8600e-05 -6.5873e-05 -5.2138e-05 -3.8542e-05 -2.6259e-05 -1.6225e-05 -8.9192e-06 -4.2619e-06 -1.7214e-06 -5.6820e-07 -1.4714e-07 -2.8449e-08 -3.8677e-09 -3.4369e-10 -1.8259e-11 -5.2013e-13 -6.9506e-15 -3.6971e-17 -6.3919e-20 -2.7952e-23 -2.2645e-27 -2.3051e-32 -1.8140e-38 -5.9944e-46 -3.8508e-55 -1.8114e-66 -1.7987e-80 -7.6682e-98 -1.8051e-119 -1.6475e-146 -1.8289e-180 -2.6305e-223 -1.2133e-277 0.0000e+00 0.0000e+00 0.0000e+00 0.0000e+00 0.0000e+00 0.0000e+00 0.0000e+00 0.0000e+00 0.0000e+00 0.0000e+00 0.0000e+00 0.0000e+00 0.0000e+00 0.0000e+00 0.0000e+00 0.0000e+00 0.0000e+00 0.0000e+00 0.0000e+00 0.0000e+00 0.0000e+00 0.0000e+00 0.0000e+00 0.0000e+00 0.0000e+00 0.0000e+00 0.0000e+00 0.0000e+00 0.0000e+00 0.0000e+00 0.0000e+00 1.9614e-08 1.1106e-07 3.0654e-07 6.3068e-07 1.1050e-06 1.7492e-06 2.5824e-06 3.6233e-06 4.8906e-06 6.4031e-06 8.1802e-06 1.0242e-05 1.2607e-05 1.5298e-05 1.8334e-05 0.0000e+00 2.5517e-05 2.9698e-05 3.4290e-05 3.9296e-05 4.4713e-05 5.0524e-05 5.6693e-05 6.3164e-05 6.9848e-05 7.6620e-05 8.3309e-05 8.9692e-05 9.5489e-05 1.0036e-04 1.0392e-04 1.0574e-04 1.0541e-04 1.0257e-04 9.6982e-05 8.8624e-05 7.7767e-05 6.5019e-05 5.1314e-05 3.7802e-05 2.5647e-05 1.5768e-05 8.6161e-06 4.0876e-06 1.6369e-06 5.3478e-07 1.3680e-07 2.6066e-08 3.4827e-09 3.0314e-10 1.5715e-11 4.3481e-13 5.6137e-15 2.8669e-17 4.7245e-20 1.9527e-23 1.4807e-27 1.3949e-32 1.0029e-38 2.9830e-46 1.6956e-55 6.9187e-67 5.8225e-81 2.0458e-98 3.8346e-120 2.6641e-147 2.1128e-181 1.9616e-224 4.7633e-279 0.0000e+00 0.0000e+00 0.0000e+00 0.0000e+00 0.0000e+00 0.0000e+00 0.0000e+00 0.0000e+00 0.0000e+00 0.0000e+00 0.0000e+00 0.0000e+00 0.0000e+00 0.0000e+00 0.0000e+00 0.0000e+00 0.0000e+00 0.0000e+00 0.0000e+00 0.0000e+00 0.0000e+00 0.0000e+00 0.0000e+00 0.0000e+00 0.0000e+00 0.0000e+00 0.0000e+00 0.0000e+00 0.0000e+00 0.0000e+00 0.0000e+00
-2.3028e-08 -1.3039e-07 -3.5989e-07 -7.4046e-07 -1.2973e-06 -2.0537e-06 -3.0320e-06 -4.2540e-06 -5.7419e-06 -7.5177e-06 -9.6041e-06 -1.2024e-05 -1.4802e-05 -1.7961e-05 -2.1526e-05 -2.5518e-05 1.5733e-04 -3.4872e-05 -4.0265e-05 -4.6147e-05 -5.2512e-05 -5.9343e-05 -6.6600e-05 -7.4215e-05 -8.2087e-05 -9.0073e-05 -9.7973e-05 -1.0553e-04 -1.1241e-04 -1.1823e-04 -1.2254e-04 -1.2482e-04 -1.2460e-04 -1.2143e-04 -1.1504e-04 -1.0538e-04 -9.2735e-05 -7.7804e-05 -6.1662e-05 -4.5655e-05 -3.1163e-05 -1.9299e-05 -1.0638e-05 -5.0993e-06 -2.0675e-06 -6.8549e-07 -1.7845e-07 -3.4720e-08 -4.7550e-09 -4.2616e-10 -2.2867e-11 -6.5893e-13 -8.9227e-15 -4.8186e-17 -8.4758e-20 -3.7794e-23 -3.1294e-27 -3.2640e-32 -2.6386e-38 -8.9809e-46 -5.9589e-55 -2.9038e-66 -2.9966e-80 -1.3322e-97 -3.2836e-119 -3.1526e-146 -3.7020e-180 -5.6701e-223 -2.8073e-277 0.0000e+00 0.0000e+00 0.0000e+00 0.0000e+00 0.0000e+00 0.0000e+00 0.0000e+00 0.0000e+00 0.0000e+00 0.0000e+00 0.0000e+00 0.0000e+00 0.0000e+00 0.0000e+00 0.0000e+00 0.0000e+00 0.0000e+00 0.0000e+00 0.0000e+00 0.0000e+00 0.0000e+00 0.0000e+00 0.0000e+00 0.0000e+00 0.0000e+00 0.0000e+00 0.0000e+00 0.0000e+00 0.0000e+00 0.0000e+00 0.0000e+00 2.3028e-08 1.3039e-07 3.5989e-07 7.4046e-07 1.2973e-06 2.0537e-06 3.0320e-06 4.2540e-06 5.7418e-06 7.5176e-06 9.6040e-06 1.2024e-05 1.4802e-05 1.7961e-05 2.1525e-05 2.5517e-05 0.0000e+00 3.4868e-05 4.0258e-05 4.6136e-05 5.2496e-05 5.9318e-05 6.6562e-05 7.4159e-05 8.2006e-05 8.9957e-05 9.7810e-05 1.0530e-04 1.1211e-04 1.1783e-04 1.2201e-04 1.2415e-04 1.2376e-04 1.2043e-04 1.1386e-04 1.0405e-04 9.1303e-05 7.6336e-05 6.0245e-05 4.4381e-05 3.0111e-05 1.8513e-05 1.0116e-05 4.7990e-06 1.9217e-06 6.2783e-07 1.6060e-07 3.0600e-08 4.0883e-09 3.5584e-10 1.8445e-11 5.1027e-13 6.5866e-15 3.3628e-17 5.5392e-20 2.2880e-23 1.7332e-27 1.6304e-32 1.1696e-38 3.4671e-46 1.9603e-55 7.9320e-67 6.5851e-81 2.2616e-98 4.0727e-120 2.6228e-147 1.7644e-181 9.9799e-225 -1.9745e-279 0.0000e+00 0.0000e+00 0.0000e+00 0.0000e+00 0.0000e+00 0.0000e+00 0.0000e+00 0.0000e+00 0.0000e+00 0.0000e+00 0.0000e+00 0.0000e+00 0.0000e+00 0.0000e+00 0.0000e+00 0.0000e+00 0.0000e+00 0.0000e+00 0.0000e+00 0.0000e+00 0.0000e+00 0.0000e+00 0.0000e+00 0.0000e+00 0.0000e+00 0.0000e+00 0.0000e+00 0.0000e+00 0.0000e+00 0.0000e+00 0.0000e+00
