4.7193e-12 -7.0158e-12 -1.9364e-11 -3.9841e-11 -6.9802e-11 -1.1050e-10 -1.6313e-10 -2.2888e-10 -3.0890e-10 -4.0439e-10 -5.1652e-10 -6.4648e-10 -7.9542e-10 -9.6447e-10 -1.1546e-09 -1.3667e-09 -1.6012e-09 -1.8582e-09 -2.1370e-09 -2.4362e-09 -2.7530e-09 -3.0828e-09 -3.4191e-09 -3.7528e-09 -4.0717e-09 -4.3603e-09 -4.5998e-09 -4.7686e-09 -4.8439e-09 -4.8036e-09 -4.6300e-09 -4.3144e-09 -3.8617e-09 -3.2946e-09 -2.6543e-09 -1.9970e-09 -1.3845e-09 -8.7043e-10 -4.8684e-10 -2.3673e-10 -9.7358e-11 -3.2762e-11 -8.6694e-12 -1.7197e-12 -2.4140e-13 -2.2368e-14 -1.2579e-15 -3.8777e-17 -5.7915e-19 -3.6061e-21 -7.7948e-24 -4.6759e-27 -5.9171e-31 -1.1275e-35 -2.1347e-41 -2.4015e-48 -8.4804e-57 -4.2442e-67 -1.1137e-79 -4.3942e-95 -5.3949e-114 -2.7988e-137 -4.8253e-166 -1.0662e-201 -4.5693e-246 -1.6690e-301 -0.0000e+00 -0.0000e+00 -0.0000e+00 -0.0000e+00 -0.0000e+00 -0.0000e+00 -0.0000e+00 -0.0000e+00 -0.0000e+00 -0.0000e+00 -0.0000e+00 -0.0000e+00 -0.0000e+00 -0.0000e+00 -0.0000e+00 -0.0000e+00 -0.0000e+00 -0.0000e+00 -0.0000e+00 -0.0000e+00 -0.0000e+00 -0.0000e+00 -0.0000e+00 -0.0000e+00 -0.0000e+00 -0.0000e+00 -0.0000e+00 -0.0000e+00 -0.0000e+00 -0.0000e+00 -0.0000e+00 -0.0000e+00 -0.0000e+00 -0.0000e+00 0.0000e+00 -7.0158e-12 -1.9364e-11 -3.9841e-11 -6.9802e-11 -1.1050e-10 -1.6313e-10 -2.2888e-10 -3.0890e-10 -4.0439e-10 -5.1652e-10 -6.4648e-10 -7.9542e-10 -9.6447e-10 -1.1546e-09 -1.3667e-09 -1.6012e-09 -1.8582e-09 -2.1370e-09 -2.4362e-09 -2.7530e-09 -3.0828e-09 -3.4191e-09 -3.7528e-09 -4.0717e-09 -4.3603e-09 -4.5998e-09 -4.7686e-09 -4.8439e-09 -4.8036e-09 -4.6300e-09 -4.3144e-09 -3.8617e-09 -3.2946e-09 -2.6543e-09 -1.9970e-09 -1.3845e-09 -8.7043e-10 -4.8684e-10 -2.3673e-10 -9.7358e-11 -3.2762e-11 -8.6694e-12 -1.7197e-12 -2.4140e-13 -2.2368e-14 -1.2579e-15 -3.8777e-17 -5.7915e-19 -3.6061e-21 -7.7948e-24 -4.6759e-27 -5.9171e-31 -1.1275e-35 -2.1347e-41 -2.4015e-48 -8.4804e-57 -4.2442e-67 -1.1137e-79 -4.3942e-95 -5.3949e-114 -2.7988e-137 -4.8253e-166 -1.0662e-201 -4.5693e-246 -1.6690e-301 -0.0000e+00 -0.0000e+00 -0.0000e+00 -0.0000e+00 -0.0000e+00 -0.0000e+00 -0.0000e+00 -0.0000e+00 -0.0000e+00 -0.0000e+00 -0.0000e+00 -0.0000e+00 -0.0000e+00 -0.0000e+00 -0.0000e+00 -0.0000e+00 -0.0000e+00 -0.0000e+00 -0.0000e+00 -0.0000e+00 -0.0000e+00 -0.0000e+00 -0.0000e+00 -0.0000e+00 -0.0000e+00 -0.0000e+00 -0.0000e+00 -0.0000e+00 -0.0000e+00 -0.0000e+00 -0.0000e+00 -0.0000e+00 -0.0000e+00 -0.0000e+00
-7.0158e-12 3.0502e-10 -1.0965e-10 -2.2559e-10 -3.9524e-10 -6.2568e-10 -9.2371e-10 -1.2960e-09 -1.7491e-09 -2.2898e-09 -2.9247e-09 -3.6606e-09 -4.5039e-09 -5.4611e-09 -6.5378e-09 -7.7386e-09 -9.0664e-09 -1.0522e-08 -1.2101e-08 -1.3795e-08 -1.5588e-08 -1.7456e-08 -1.9360e-08 -2.1250e-08 -2.3055e-08 -2.4689e-08 -2.6045e-08 -2.7001e-08 -2.7428e-08 -2.7199e-08 -2.6216e-08 -2.4429e-08 -2.1866e-08 -1.8655e-08 -1.5030e-08 -1.1308e-08 -7.8395e-09 -4.9287e-09 -2.7566e-09 -1.3404e-09 -5.5127e-10 -1.8551e-10 -4.9089e-11 -9.7375e-12 -1.3669e-12 -1.2666e-13 -7.1226e-15 -2.1957e-16 -3.2793e-18 -2.0419e-20 -4.4137e-23 -2.6477e-26 -3.3505e-30 -6.3841e-35 -1.2087e-40 -1.3598e-47 -4.8019e-56 -2.4032e-66 -6.3060e-79 -2.4882e-94 -3.0548e-113 -1.5848e-136 -2.7323e-165 -6.0375e-201 -2.5873e-245 -9.4507e-301 -0.0000e+00 -0.0000e+00 -0.0000e+00 -0.0000e+00 -0.0000e+00 -0.0000e+00 -0.0000e+00 -0.0000e+00 -0.0000e+00 -0.0000e+00 -0.0000e+00 -0.0000e+00 -0.0000e+00 -0.0000e+00 -0.0000e+00 -0.0000e+00 -0.0000e+00 -0.0000e+00 -0.0000e+00 -0.0000e+00 -0.0000e+00 -0.0000e+00 -0.0000e+00 -0.0000e+00 -0.0000e+00 -0.0000e+00 -0.0000e+00 -0.0000e+00 -0.0000e+00 -0.0000e+00 -0.0000e+00 -0.0000e+00 -0.0000e+00 -0.0000e+00 -7.0158e-12 0.0000e+00 -1.0965e-10 -2.2559e-10 -3.9524e-10 -6.2568e-10 -9.2371e-10 -1.2960e-09 -1.7491e-09 -2.2898e-09 -2.9247e-09 -3.6606e-09 -4.5039e-09 -5.4611e-09 -6.5378e-09 -7.7386e-09 -9.0664e-09 -1.0522e-08 -1.2101e-08 -1.3795e-08 -1.5588e-08 -1.7456e-08 -1.9360e-08 -2.1250e-08 -2.3055e-08 -2.4689e-08 -2.6045e-08 -2.7001e-08 -2.7428e-08 -2.7199e-08 -2.6216e-08 -2.4429e-08 -2.1866e-08 -1.8655e-08 -1.5030e-08 -1.1308e-08 -7.8395e-09 -4.9287e-09 -2.7566e-09 -1.3404e-09 -5.5127e-10 -1.8551e-10 -4.9089e-11 -9.7375e-12 -1.3669e-12 -1.2666e-13 -7.1226e-15 -2.1957e-16 -3.2793e-18 -2.0419e-20 -4.4137e-23 -2.6477e-26 -3.3505e-30 -6.3841e-35 -1.2087e-40 -1.3598e-47 -4.8019e-56 -2.4032e-66 -6.3059e-79 -2.4882e-94 -3.0548e-113 -1.5848e-136 -2.7323e-165 -6.0374e-201 -2.5873e-245 -9.4505e-301 -0.0000e+00 -0.0000e+00 -0.0000e+00 -0.0000e+00 -0.0000e+00 -0.0000e+00 -0.0000e+00 -0.0000e+00 -0.0000e+00 -0.0000e+00 -0.0000e+00 -0.0000e+00 -0.0000e+00 -0.0000e+00 -0.0000e+00 -0.0000e+00 -0.0000e+00 -0.0000e+00 -0.0000e+00 -0.0000e+00 -0.0000e+00 -0.0000e+00 -0.0000e+00 -0.0000e+00 -0.0000e+00 -0.0000e+00 -0.0000e+00 -0.0000e+00 -0.0000e+00 -0.0000e+00 -0.0000e+00 -0.0000e+00 -0.0000e+00 -0.0000e+00
-1.9364e-11 -1.0965e-10 3.4779e-09 -6.2267e-10 -1.0909e-09 -1.7270e-09 -2.5496e-09 -3.5771e-09 -4.8278e-09 -6.3201e-09 -8.0726e-09 -1.0104e-08 -1.2431e-08 -1.5073e-08 -1.8045e-08 -2.1360e-08 -2.5024e-08 -2.9041e-08 -3.3399e-08 -3.8075e-08 -4.3025e-08 -4.8180e-08 -5.3437e-08 -5.8652e-08 -6.3636e-08 -6.8146e-08 -7.1888e-08 -7.4527e-08 -7.5704e-08 -7.5074e-08 -7.2361e-08 -6.7428e-08 -6.0354e-08 -5.1491e-08 -4.1484e-08 -3.1211e-08 -2.1638e-08 -1.3604e-08 -7.6086e-09 -3.6998e-09 -1.5216e-09 -5.1203e-10 -1.3549e-10 -2.6877e-11 -3.7727e-12 -3.4959e-13 -1.9659e-14 -6.0605e-16 -9.0515e-18 -5.6360e-20 -1.2182e-22 -7.3081e-26 -9.2479e-30 -1.7621e-34 -3.3364e-40 -3.7535e-47 -1.3255e-55 -6.6336e-66 -1.7407e-78 -6.8683e-94 -8.4327e-113 -4.3748e-136 -7.5428e-165 -1.6668e-200 -7.1432e-245 -2.6094e-300 -0.0000e+00 -0.0000e+00 -0.0000e+00 -0.0000e+00 -0.0000e+00 -0.0000e+00 -0.0000e+00 -0.0000e+00 -0.0000e+00 -0.0000e+00 -0.0000e+00 -0.0000e+00 -0.0000e+00 -0.0000e+00 -0.0000e+00 -0.0000e+00 -0.0000e+00 -0.0000e+00 -0.0000e+00 -0.0000e+00 -0.0000e+00 -0.0000e+00 -0.0000e+00 -0.0000e+00 -0.0000e+00 -0.0000e+00 -0.0000e+00 -0.0000e+00 -0.0000e+00 -0.0000e+00 -0.0000e+00 -0.0000e+00 -0.0000e+00 -0.0000e+00 -1.9364e-11 -1.0965e-10 0.0000e+00 -6.2267e-10 -1.0909e-09 -1.7270e-09 -2.5496e-09 -3.5771e-09 -4.8278e-09 -6.3201e-09 -8.0726e-09 -1.0104e-08 -1.2431e-08 -1.5073e-08 -1.8045e-08 -2.1360e-08 -2.5024e-08 -2.9041e-08 -3.3399e-08 -3.8075e-08 -4.3025e-08 -4.8180e-08 -5.3437e-08 -5.8652e-08 -6.3636e-08 -6.8146e-08 -7.1888e-08 -7.4527e-08 -7.5704e-08 -7.5074e-08 -7.2361e-08 -6.7428e-08 -6.0354e-08 -5.1491e-08 -4.1484e-08 -3.1211e-08 -2.1638e-08 -1.3604e-08 -7.6086e-09 -3.6998e-09 -1.5216e-09 -5.1203e-10 -1.3549e-10 -2.6877e-11 -3.7727e-12 -3.4958e-13 -1.9659e-14 -6.0604e-16 -9.0514e-18 -5.6360e-20 -1.2182e-22 -7.3079e-26 -9.2478e-30 -1.7621e-34 -3.3363e-40 -3.7534e-47 -1.3254e-55 -6.6333e-66 -1.7406e-78 -6.8679e-94 -8.4319e-113 -4.3744e-136 -7.5418e-165 -1.6665e-200 -7.1418e-245 -2.6087e-300 -0.0000e+00 -0.0000e+00 -0.0000e+00 -0.0000e+00 -0.0000e+00 -0.0000e+00 -0.0000e+00 -0.0000e+00 -0.0000e+00 -0.0000e+00 -0.0000e+00 -0.0000e+00 -0.0000e+00 -0.0000e+00 -0.0000e+00 -0.0000e+00 -0.0000e+00 -0.0000e+00 -0.0000e+00 -0.0000e+00 -0.0000e+00 -0.0000e+00 -0.0000e+00 -0.0000e+00 -0.0000e+00 -0.0000e+00 -0.0000e+00 -0.0000e+00 -0.0000e+00 -0.0000e+00 -0.0000e+00 -0.0000e+00 -0.0000e+00 -0.0000e+00
-3.9841e-11 -2.2559e-10 -6.2267e-10 1.9607e-08 -2.2445e-09 -3.5531e-09 -5.2456e-09 -7.3596e-09 -9.9329e-09 -1.3003e-08 -1.6609e-08 -2.0788e-08 -2.5577e-08 -3.1013e-08 -3.7127e-08 -4.3946e-08 -5.1486e-08 -5.9750e-08 -6.8717e-08 -7.8337e-08 -8.8523e-08 -9.9128e-08 -1.0994e-07 -1.2067e-07 -1.3093e-07 -1.4021e-07 -1.4791e-07 -1.5334e-07 -1.5576e-07 -1.5446e-07 -1.4888e-07 -1.3873e-07 -1.2417e-07 -1.0594e-07 -8.5350e-08 -6.4215e-08 -4.4519e-08 -2.7989e-08 -1.5654e-08 -7.6122e-09 -3.1306e-09 -1.0535e-09 -2.7877e-10 -5.5299e-11 -7.7624e-12 -7.1928e-13 -4.0450e-14 -1.2470e-15 -1.8624e-17 -1.1597e-19 -2.5067e-22 -1.5037e-25 -1.9030e-29 -3.6261e-34 -6.8656e-40 -7.7243e-47 -2.7278e-55 -1.3653e-65 -3.5827e-78 -1.4138e-93 -1.7360e-112 -9.0074e-136 -1.5532e-164 -3.4330e-200 -1.4716e-244 -5.3773e-300 -0.0000e+00 -0.0000e+00 -0.0000e+00 -0.0000e+00 -0.0000e+00 -0.0000e+00 -0.0000e+00 -0.0000e+00 -0.0000e+00 -0.0000e+00 -0.0000e+00 -0.0000e+00 -0.0000e+00 -0.0000e+00 -0.0000e+00 -0.0000e+00 -0.0000e+00 -0.0000e+00 -0.0000e+00 -0.0000e+00 -0.0000e+00 -0.0000e+00 -0.0000e+00 -0.0000e+00 -0.0000e+00 -0.0000e+00 -0.0000e+00 -0.0000e+00 -0.0000e+00 -0.0000e+00 -0.0000e+00 -0.0000e+00 -0.0000e+00 -0.0000e+00 -3.9841e-11 -2.2559e-10 -6.2267e-10 0.0000e+00 -2.2445e-09 -3.5531e-09 -5.2456e-09 -7.3596e-09 -9.9329e-09 -1.3003e-08 -1.6609e-08 -2.0788e-08 -2.5577e-08 -3.1013e-08 -3.7127e-08 -4.3946e-08 -5.1486e-08 -5.9750e-08 -6.8717e-08 -7.8337e-08 -8.8522e-08 -9.9128e-08 -1.0994e-07 -1.2067e-07 -1.3093e-07 -1.4021e-07 -1.4791e-07 -1.5334e-07 -1.5576e-07 -1.5446e-07 -1.4888e-07 -1.3873e-07 -1.2417e-07 -1.0594e-07 -8.5350e-08 -6.4215e-08 -4.4519e-08 -2.7989e-08 -1.5654e-08 -7.6121e-09 -3.1306e-09 -1.0535e-09 -2.7877e-10 -5.5298e-11 -7.7622e-12 -7.1926e-13 -4.0449e-14 -1.2469e-15 -1.8623e-17 -1.1596e-19 -2.5065e-22 -1.5036e-25 -1.9028e-29 -3.6256e-34 -6.8646e-40 -7.7229e-47 -2.7272e-55 -1.3649e-65 -3.5816e-78 -1.4133e-93 -1.7352e-112 -9.0022e-136 -1.5521e-164 -3.4300e-200 -1.4700e-244 -5.3702e-300 -0.0000e+00 -0.0000e+00 -0.0000e+00 -0.0000e+00 -0.0000e+00 -0.0000e+00 -0.0000e+00 -0.0000e+00 -0.0000e+00 -0.0000e+00 -0.0000e+00 -0.0000e+00 -0.0000e+00 -0.0000e+00 -0.0000e+00 -0.0000e+00 -0.0000e+00 -0.0000e+00 -0.0000e+00 -0.0000e+00 -0.0000e+00 -0.0000e+00 -0.0000e+00 -0.0000e+00 -0.0000e+00 -0.0000e+00 -0.0000e+00 -0.0000e+00 -0.0000e+00 -0.0000e+00 -0.0000e+00 -0.0000e+00 -0.0000e+00 -0.0000e+00
-6.9802e-11 -3.9524e-10 -1.0909e-09 -2.2445e-09 7.5121e-08 -6.2251e-09 -9.1902e-09 -1.2894e-08 -1.7402e-08 -2.2782e-08 -2.9099e-08 -3.6420e-08 -4.4811e-08 -5.4335e-08 -6.5047e-08 -7.6994e-08 -9.0205e-08 -1.0468e-07 -1.2039e-07 -1.3725e-07 -1.5509e-07 -1.7367e-07 -1.9262e-07 -2.1142e-07 -2.2939e-07 -2.4564e-07 -2.5913e-07 -2.6865e-07 -2.7289e-07 -2.7062e-07 -2.6084e-07 -2.4306e-07 -2.1756e-07 -1.8561e-07 -1.4954e-07 -1.1251e-07 -7.8000e-08 -4.9039e-08 -2.7428e-08 -1.3337e-08 -5.4851e-09 -1.8458e-09 -4.8845e-10 -9.6892e-11 -1.3601e-11 -1.2603e-12 -7.0879e-14 -2.1851e-15 -3.2636e-17 -2.0323e-19 -4.3931e-22 -2.6355e-25 -3.3354e-29 -6.3563e-34 -1.2036e-39 -1.3544e-46 -4.7836e-55 -2.3947e-65 -6.2856e-78 -2.4811e-93 -3.0476e-112 -1.5820e-135 -2.7295e-164 -6.0369e-200 -2.5900e-244 -9.4739e-300 -0.0000e+00 -0.0000e+00 -0.0000e+00 -0.0000e+00 -0.0000e+00 -0.0000e+00 -0.0000e+00 -0.0000e+00 -0.0000e+00 -0.0000e+00 -0.0000e+00 -0.0000e+00 -0.0000e+00 -0.0000e+00 -0.0000e+00 -0.0000e+00 -0.0000e+00 -0.0000e+00 -0.0000e+00 -0.0000e+00 -0.0000e+00 -0.0000e+00 -0.0000e+00 -0.0000e+00 -0.0000e+00 -0.0000e+00 -0.0000e+00 -0.0000e+00 -0.0000e+00 -0.0000e+00 -0.0000e+00 -0.0000e+00 -0.0000e+00 -0.0000e+00 -6.9802e-11 -3.9524e-10 -1.0909e-09 -2.2445e-09 0.0000e+00 -6.2251e-09 -9.1902e-09 -1.2894e-08 -1.7402e-08 -2.2782e-08 -2.9099e-08 -3.6420e-08 -4.4811e-08 -5.4335e-08 -6.5047e-08 -7.6994e-08 -9.0204e-08 -1.0468e-07 -1.2039e-07 -1.3725e-07 -1.5509e-07 -1.7367e-07 -1.9262e-07 -2.1142e-07 -2.2938e-07 -2.4564e-07 -2.5913e-07 -2.6865e-07 -2.7289e-07 -2.7062e-07 -2.6084e-07 -2.4306e-07 -2.1755e-07 -1.8561e-07 -1.4953e-07 -1.1251e-07 -7.7998e-08 -4.9038e-08 -2.7427e-08 -1.3337e-08 -5.4849e-09 -1.8457e-09 -4.8842e-10 -9.6885e-11 -1.3600e-11 -1.2602e-12 -7.0870e-14 -2.1847e-15 -3.2630e-17 -2.0318e-19 -4.3919e-22 -2.6347e-25 -3.3341e-29 -6.3532e-34 -1.2029e-39 -1.3534e-46 -4.7795e-55 -2.3922e-65 -6.2778e-78 -2.4774e-93 -3.0421e-112 -1.5785e-135 -2.7221e-164 -6.0168e-200 -2.5794e-244 -9.4263e-300 -0.0000e+00 -0.0000e+00 -0.0000e+00 -0.0000e+00 -0.0000e+00 -0.0000e+00 -0.0000e+00 -0.0000e+00 -0.0000e+00 -0.0000e+00 -0.0000e+00 -0.0000e+00 -0.0000e+00 -0.0000e+00 -0.0000e+00 -0.0000e+00 -0.0000e+00 -0.0000e+00 -0.0000e+00 -0.0000e+00 -0.0000e+00 -0.0000e+00 -0.0000e+00 -0.0000e+00 -0.0000e+00 -0.0000e+00 -0.0000e+00 -0.0000e+00 -0.0000e+00 -0.0000e+00 -0.0000e+00 -0.0000e+00 -0.0000e+00 -0.0000e+00
-1.1050e-10 -6.2568e-10 -1.7270e-09 -3.5531e-09 -6.2251e-09 2.2551e-07 -1.4549e-08 -2.0412e-08 -2.7549e-08 -3.6065e-08 -4.6065e-08 -5.7654e-08 -7.0938e-08 -8.6014e-08 -1.0297e-07 -1.2188e-07 -1.4280e-07 -1.6572e-07 -1.9059e-07 -2.1727e-07 -2.4552e-07 -2.7493e-07 -3.0493e-07 -3.3469e-07 -3.6313e-07 -3.8886e-07 -4.1022e-07 -4.2528e-07 -4.3200e-07 -4.2840e-07 -4.1292e-07 -3.8478e-07 -3.4441e-07 -2.9383e-07 -2.3673e-07 -1.7811e-07 -1.2348e-07 -7.7635e-08 -4.3423e-08 -2.1115e-08 -8.6842e-09 -2.9225e-09 -7.7337e-10 -1.5342e-10 -2.1537e-11 -1.9958e-12 -1.1225e-13 -3.4607e-15 -5.1694e-17 -3.2193e-19 -6.9601e-22 -4.1763e-25 -5.2864e-29 -1.0077e-33 -1.9087e-39 -2.1485e-46 -7.5918e-55 -3.8025e-65 -9.9873e-78 -3.9454e-93 -4.8510e-112 -2.5211e-135 -4.3562e-164 -9.6523e-200 -4.1505e-244 -1.5225e-299 -0.0000e+00 -0.0000e+00 -0.0000e+00 -0.0000e+00 -0.0000e+00 -0.0000e+00 -0.0000e+00 -0.0000e+00 -0.0000e+00 -0.0000e+00 -0.0000e+00 -0.0000e+00 -0.0000e+00 -0.0000e+00 -0.0000e+00 -0.0000e+00 -0.0000e+00 -0.0000e+00 -0.0000e+00 -0.0000e+00 -0.0000e+00 -0.0000e+00 -0.0000e+00 -0.0000e+00 -0.0000e+00 -0.0000e+00 -0.0000e+00 -0.0000e+00 -0.0000e+00 -0.0000e+00 -0.0000e+00 -0.0000e+00 -0.0000e+00 -0.0000e+00 -1.1050e-10 -6.2568e-10 -1.7270e-09 -3.5531e-09 -6.2251e-09 0.0000e+00 -1.4549e-08 -2.0412e-08 -2.7549e-08 -3.6065e-08 -4.6065e-08 -5.7654e-08 -7.0938e-08 -8.6014e-08 -1.0297e-07 -1.2188e-07 -1.4280e-07 -1.6572e-07 -1.9059e-07 -2.1727e-07 -2.4552e-07 -2.7493e-07 -3.0493e-07 -3.3469e-07 -3.6313e-07 -3.8886e-07 -4.1022e-07 -4.2528e-07 -4.3199e-07 -4.2840e-07 -4.1292e-07 -3.8477e-07 -3.4440e-07 -2.9383e-07 -2.3672e-07 -1.7810e-07 -1.2348e-07 -7.7630e-08 -4.3419e-08 -2.1113e-08 -8.6832e-09 -2.9220e-09 -7.7323e-10 -1.5338e-10 -2.1531e-11 -1.9952e-12 -1.1220e-13 -3.4591e-15 -5.1665e-17 -3.2171e-19 -6.9544e-22 -4.1722e-25 -5.2802e-29 -1.0062e-33 -1.9054e-39 -2.1440e-46 -7.5726e-55 -3.7909e-65 -9.9504e-78 -3.9277e-93 -4.8246e-112 -2.5044e-135 -4.3209e-164 -9.5567e-200 -4.1001e-244 -1.4998e-299 -0.0000e+00 -0.0000e+00 -0.0000e+00 -0.0000e+00 -0.0000e+00 -0.0000e+00 -0.0000e+00 -0.0000e+00 -0.0000e+00 -0.0000e+00 -0.0000e+00 -0.0000e+00 -0.0000e+00 -0.0000e+00 -0.0000e+00 -0.0000e+00 -0.0000e+00 -0.0000e+00 -0.0000e+00 -0.0000e+00 -0.0000e+00 -0.0000e+00 -0.0000e+00 -0.0000e+00 -0.0000e+00 -0.0000e+00 -0.0000e+00 -0.0000e+00 -0.0000e+00 -0.0000e+00 -0.0000e+00 -0.0000e+00 -0.0000e+00 -0.0000e+00
-1.6313e-10 -9.2371e-10 -2.5496e-09 -5.2456e-09 -9.1902e-09 -1.4549e-08 5.7226e-07 -3.0134e-08 -4.0671e-08 -5.3243e-08 -6.8006e-08 -8.5116e-08 -1.0473e-07 -1.2698e-07 -1.5202e-07 -1.7994e-07 -2.1081e-07 -2.4465e-07 -2.8137e-07 -3.2076e-07 -3.6246e-07 -4.0589e-07 -4.5017e-07 -4.9411e-07 -5.3610e-07 -5.7409e-07 -6.0563e-07 -6.2786e-07 -6.3778e-07 -6.3248e-07 -6.0963e-07 -5.6808e-07 -5.0849e-07 -4.3382e-07 -3.4952e-07 -2.6298e-07 -1.8232e-07 -1.1463e-07 -6.4118e-08 -3.1180e-08 -1.2824e-08 -4.3160e-09 -1.1422e-09 -2.2661e-10 -3.1815e-11 -2.9486e-12 -1.6586e-13 -5.1146e-15 -7.6416e-17 -4.7602e-19 -1.0295e-21 -6.1796e-25 -7.8259e-29 -1.4926e-33 -2.8291e-39 -3.1872e-46 -1.1273e-54 -5.6533e-65 -1.4871e-77 -5.8852e-93 -7.2521e-112 -3.7793e-135 -6.5520e-164 -1.4577e-199 -6.3003e-244 -2.3257e-299 -0.0000e+00 -0.0000e+00 -0.0000e+00 -0.0000e+00 -0.0000e+00 -0.0000e+00 -0.0000e+00 -0.0000e+00 -0.0000e+00 -0.0000e+00 -0.0000e+00 -0.0000e+00 -0.0000e+00 -0.0000e+00 -0.0000e+00 -0.0000e+00 -0.0000e+00 -0.0000e+00 -0.0000e+00 -0.0000e+00 -0.0000e+00 -0.0000e+00 -0.0000e+00 -0.0000e+00 -0.0000e+00 -0.0000e+00 -0.0000e+00 -0.0000e+00 -0.0000e+00 -0.0000e+00 -0.0000e+00 -0.0000e+00 -0.0000e+00 -0.0000e+00 -1.6313e-10 -9.2371e-10 -2.5496e-09 -5.2456e-09 -9.1902e-09 -1.4549e-08 0.0000e+00 -3.0134e-08 -4.0671e-08 -5.3243e-08 -6.8006e-08 -8.5116e-08 -1.0473e-07 -1.2698e-07 -1.5202e-07 -1.7994e-07 -2.1081e-07 -2.4465e-07 -2.8137e-07 -3.2076e-07 -3.6246e-07 -4.0589e-07 -4.5017e-07 -4.9411e-07 -5.3609e-07 -5.7409e-07 -6.0562e-07 -6.2785e-07 -6.3777e-07 -6.3246e-07 -6.0960e-07 -5.6805e-07 -5.0845e-07 -4.3379e-07 -3.4949e-07 -2.6295e-07 -1.8230e-07 -1.1461e-07 -6.4105e-08 -3.1172e-08 -1.2820e-08 -4.3144e-09 -1.1417e-09 -2.2648e-10 -3.1793e-11 -2.9462e-12 -1.6570e-13 -5.1085e-15 -7.6307e-17 -4.7520e-19 -1.0273e-21 -6.1641e-25 -7.8023e-29 -1.4872e-33 -2.8167e-39 -3.1703e-46 -1.1201e-54 -5.6098e-65 -1.4732e-77 -5.8187e-93 -7.1527e-112 -3.7163e-135 -6.4192e-164 -1.4217e-199 -6.1104e-244 -2.2400e-299 -0.0000e+00 -0.0000e+00 -0.0000e+00 -0.0000e+00 -0.0000e+00 -0.0000e+00 -0.0000e+00 -0.0000e+00 -0.0000e+00 -0.0000e+00 -0.0000e+00 -0.0000e+00 -0.0000e+00 -0.0000e+00 -0.0000e+00 -0.0000e+00 -0.0000e+00 -0.0000e+00 -0.0000e+00 -0.0000e+00 -0.0000e+00 -0.0000e+00 -0.0000e+00 -0.0000e+00 -0.0000e+00 -0.0000e+00 -0.0000e+00 -0.0000e+00 -0.0000e+00 -0.0000e+00 -0.0000e+00 -0.0000e+00 -0.0000e+00 -0.0000e+00
-2.2888e-10 -1.2960e-09 -3.5771e-09 -7.3596e-09 -1.2894e-08 -2.0412e-08 -3.0134e-08 1.2845e-06 -5.7062e-08 -7.4701e-08 -9.5414e-08 -1.1942e-07 -1.4693e-07 -1.7816e-07 -2.1329e-07 -2.5246e-07 -2.9578e-07 -3.4325e-07 -3.9476e-07 -4.5003e-07 -5.0854e-07 -5.6947e-07 -6.3161e-07 -6.9325e-07 -7.5216e-07 -8.0548e-07 -8.4973e-07 -8.8093e-07 -8.9486e-07 -8.8743e-07 -8.5538e-07 -7.9709e-07 -7.1349e-07 -6.0875e-07 -4.9047e-07 -3.6904e-07 -2.5587e-07 -1.6088e-07 -8.9994e-08 -4.3767e-08 -1.8003e-08 -6.0597e-09 -1.6039e-09 -3.1827e-10 -4.4693e-11 -4.1433e-12 -2.3313e-13 -7.1918e-15 -1.0750e-16 -6.7001e-19 -1.4500e-21 -8.7105e-25 -1.1042e-28 -2.1083e-33 -4.0018e-39 -4.5159e-46 -1.6006e-54 -8.0464e-65 -2.1229e-77 -8.4324e-93 -1.0437e-111 -5.4688e-135 -9.5445e-164 -2.1409e-199 -9.3457e-244 -3.4924e-299 -0.0000e+00 -0.0000e+00 -0.0000e+00 -0.0000e+00 -0.0000e+00 -0.0000e+00 -0.0000e+00 -0.0000e+00 -0.0000e+00 -0.0000e+00 -0.0000e+00 -0.0000e+00 -0.0000e+00 -0.0000e+00 -0.0000e+00 -0.0000e+00 -0.0000e+00 -0.0000e+00 -0.0000e+00 -0.0000e+00 -0.0000e+00 -0.0000e+00 -0.0000e+00 -0.0000e+00 -0.0000e+00 -0.0000e+00 -0.0000e+00 -0.0000e+00 -0.0000e+00 -0.0000e+00 -0.0000e+00 -0.0000e+00 -0.0000e+00 -0.0000e+00 -2.2888e-10 -1.2960e-09 -3.5771e-09 -7.3596e-09 -1.2894e-08 -2.0412e-08 -3.0134e-08 0.0000e+00 -5.7062e-08 -7.4701e-08 -9.5414e-08 -1.1942e-07 -1.4693e-07 -1.7816e-07 -2.1329e-07 -2.5246e-07 -2.9578e-07 -3.4325e-07 -3.9476e-07 -4.5003e-07 -5.0854e-07 -5.6947e-07 -6.3160e-07 -6.9324e-07 -7.5215e-07 -8.0546e-07 -8.4970e-07 -8.8090e-07 -8.9481e-07 -8.8736e-07 -8.5530e-07 -7.9701e-07 -7.1340e-07 -6.0864e-07 -4.9036e-07 -3.6894e-07 -2.5579e-07 -1.6082e-07 -8.9951e-08 -4.3742e-08 -1.7991e-08 -6.0545e-09 -1.6023e-09 -3.1787e-10 -4.4625e-11 -4.1357e-12 -2.3262e-13 -7.1727e-15 -1.0715e-16 -6.6743e-19 -1.4432e-21 -8.6619e-25 -1.0967e-28 -2.0912e-33 -3.9627e-39 -4.4627e-46 -1.5778e-54 -7.9087e-65 -2.0790e-77 -8.2219e-93 -1.0122e-111 -5.2692e-135 -9.1227e-164 -2.0263e-199 -8.7399e-244 -3.2182e-299 -0.0000e+00 -0.0000e+00 -0.0000e+00 -0.0000e+00 -0.0000e+00 -0.0000e+00 -0.0000e+00 -0.0000e+00 -0.0000e+00 -0.0000e+00 -0.0000e+00 -0.0000e+00 -0.0000e+00 -0.0000e+00 -0.0000e+00 -0.0000e+00 -0.0000e+00 -0.0000e+00 -0.0000e+00 -0.0000e+00 -0.0000e+00 -0.0000e+00 -0.0000e+00 -0.0000e+00 -0.0000e+00 -0.0000e+00 -0.0000e+00 -0.0000e+00 -0.0000e+00 -0.0000e+00 -0.0000e+00 -0.0000e+00 -0.0000e+00 -0.0000e+00
-3.0890e-10 -1.7491e-09 -4.8278e-09 -9.9329e-09 -1.7402e-08 -2.7549e-08 -4.0671e-08 -5.7062e-08 2.6256e-06 -1.0082e-07 -1.2878e-07 -1.6117e-07 -1.9831e-07 -2.4045e-07 -2.8786e-07 -3.4073e-07 -3.9920e-07 -4.6327e-07 -5.3279e-07 -6.0739e-07 -6.8636e-07 -7.6860e-07 -8.5247e-07 -9.3567e-07 -1.0152e-06 -1.0872e-06 -1.1469e-06 -1.1890e-06 -1.2079e-06 -1.1978e-06 -1.1546e-06 -1.0760e-06 -9.6317e-07 -8.2181e-07 -6.6218e-07 -4.9828e-07 -3.4551e-07 -2.1727e-07 -1.2155e-07 -5.9124e-08 -2.4325e-08 -8.1894e-09 -2.1683e-09 -4.3039e-10 -6.0463e-11 -5.6080e-12 -3.1574e-13 -9.7468e-15 -1.4581e-16 -9.0976e-19 -1.9712e-21 -1.1859e-24 -1.5060e-28 -2.8818e-33 -5.4840e-39 -6.2078e-46 -2.2085e-54 -1.1153e-64 -2.9589e-77 -1.1832e-92 -1.4763e-111 -7.8113e-135 -1.3795e-163 -3.1387e-199 -1.3940e-243 -5.3188e-299 -0.0000e+00 -0.0000e+00 -0.0000e+00 -0.0000e+00 -0.0000e+00 -0.0000e+00 -0.0000e+00 -0.0000e+00 -0.0000e+00 -0.0000e+00 -0.0000e+00 -0.0000e+00 -0.0000e+00 -0.0000e+00 -0.0000e+00 -0.0000e+00 -0.0000e+00 -0.0000e+00 -0.0000e+00 -0.0000e+00 -0.0000e+00 -0.0000e+00 -0.0000e+00 -0.0000e+00 -0.0000e+00 -0.0000e+00 -0.0000e+00 -0.0000e+00 -0.0000e+00 -0.0000e+00 -0.0000e+00 -0.0000e+00 -0.0000e+00 -0.0000e+00 -3.0890e-10 -1.7491e-09 -4.8278e-09 -9.9329e-09 -1.7402e-08 -2.7549e-08 -4.0671e-08 -5.7062e-08 0.0000e+00 -1.0082e-07 -1.2878e-07 -1.6117e-07 -1.9831e-07 -2.4045e-07 -2.8786e-07 -3.4073e-07 -3.9920e-07 -4.6327e-07 -5.3279e-07 -6.0739e-07 -6.8636e-07 -7.6859e-07 -8.5245e-07 -9.3564e-07 -1.0152e-06 -1.0871e-06 -1.1468e-06 -1.1889e-06 -1.2077e-06 -1.1977e-06 -1.1544e-06 -1.0757e-06 -9.6291e-07 -8.2153e-07 -6.6189e-07 -4.9801e-07 -3.4529e-07 -2.1710e-07 -1.2143e-07 -5.9054e-08 -2.4290e-08 -8.1752e-09 -2.1637e-09 -4.2929e-10 -6.0276e-11 -5.5871e-12 -3.1432e-13 -9.6941e-15 -1.4486e-16 -9.0262e-19 -1.9526e-21 -1.1725e-24 -1.4855e-28 -2.8345e-33 -5.3759e-39 -6.0606e-46 -2.1456e-54 -1.0771e-64 -2.8370e-77 -1.1246e-92 -1.3885e-111 -7.2532e-135 -1.2612e-163 -2.8164e-199 -1.2228e-243 -4.5395e-299 -0.0000e+00 -0.0000e+00 -0.0000e+00 -0.0000e+00 -0.0000e+00 -0.0000e+00 -0.0000e+00 -0.0000e+00 -0.0000e+00 -0.0000e+00 -0.0000e+00 -0.0000e+00 -0.0000e+00 -0.0000e+00 -0.0000e+00 -0.0000e+00 -0.0000e+00 -0.0000e+00 -0.0000e+00 -0.0000e+00 -0.0000e+00 -0.0000e+00 -0.0000e+00 -0.0000e+00 -0.0000e+00 -0.0000e+00 -0.0000e+00 -0.0000e+00 -0.0000e+00 -0.0000e+00 -0.0000e+00 -0.0000e+00 -0.0000e+00 -0.0000e+00
-4.0439e-10 -2.2898e-09 -6.3201e-09 -1.3003e-08 -2.2782e-08 -3.6065e-08 -5.3243e-08 -7.4701e-08 -1.0082e-07 4.9867e-06 -1.6858e-07 -2.1100e-07 -2.5961e-07 -3.1478e-07 -3.7684e-07 -4.4606e-07 -5.2260e-07 -6.0647e-07 -6.9749e-07 -7.9515e-07 -8.9855e-07 -1.0062e-06 -1.1160e-06 -1.2250e-06 -1.3291e-06 -1.4233e-06 -1.5016e-06 -1.5568e-06 -1.5815e-06 -1.5684e-06 -1.5119e-06 -1.4090e-06 -1.2614e-06 -1.0763e-06 -8.6737e-07 -6.5276e-07 -4.5271e-07 -2.8473e-07 -1.5933e-07 -7.7524e-08 -3.1906e-08 -1.0746e-08 -2.8466e-09 -5.6537e-10 -7.9483e-11 -7.3784e-12 -4.1585e-13 -1.2853e-14 -1.9257e-16 -1.2036e-18 -2.6135e-21 -1.5764e-24 -2.0081e-28 -3.8567e-33 -7.3720e-39 -8.3896e-46 -3.0039e-54 -1.5287e-64 -4.0932e-77 -1.6549e-92 -2.0924e-111 -1.1248e-134 -2.0241e-163 -4.7097e-199 -2.1478e-243 -8.4543e-299 -0.0000e+00 -0.0000e+00 -0.0000e+00 -0.0000e+00 -0.0000e+00 -0.0000e+00 -0.0000e+00 -0.0000e+00 -0.0000e+00 -0.0000e+00 -0.0000e+00 -0.0000e+00 -0.0000e+00 -0.0000e+00 -0.0000e+00 -0.0000e+00 -0.0000e+00 -0.0000e+00 -0.0000e+00 -0.0000e+00 -0.0000e+00 -0.0000e+00 -0.0000e+00 -0.0000e+00 -0.0000e+00 -0.0000e+00 -0.0000e+00 -0.0000e+00 -0.0000e+00 -0.0000e+00 -0.0000e+00 -0.0000e+00 -0.0000e+00 -0.0000e+00 -4.0439e-10 -2.2898e-09 -6.3201e-09 -1.3003e-08 -2.2782e-08 -3.6065e-08 -5.3243e-08 -7.4701e-08 -1.0082e-07 0.0000e+00 -1.6858e-07 -2.1100e-07 -2.5961e-07 -3.1478e-07 -3.7684e-07 -4.4606e-07 -5.2259e-07 -6.0647e-07 -6.9748e-07 -7.9514e-07 -8.9852e-07 -1.0062e-06 -1.1160e-06 -1.2249e-06 -1.3290e-06 -1.4232e-06 -1.5014e-06 -1.5565e-06 -1.5811e-06 -1.5680e-06 -1.5114e-06 -1.4084e-06 -1.2607e-06 -1.0756e-06 -8.6666e-07 -6.5211e-07 -4.5215e-07 -2.8431e-07 -1.5904e-07 -7.7350e-08 -3.1819e-08 -1.0711e-08 -2.8352e-09 -5.6264e-10 -7.9018e-11 -7.3264e-12 -4.1231e-13 -1.2722e-14 -1.9020e-16 -1.1858e-18 -2.5672e-21 -1.5429e-24 -1.9568e-28 -3.7386e-33 -7.1015e-39 -8.0210e-46 -2.8460e-54 -1.4327e-64 -3.7862e-77 -1.5069e-92 -1.8699e-111 -9.8276e-135 -1.7217e-163 -3.8800e-199 -1.7037e-243 -6.4136e-299 -0.0000e+00 -0.0000e+00 -0.0000e+00 -0.0000e+00 -0.0000e+00 -0.0000e+00 -0.0000e+00 -0.0000e+00 -0.0000e+00 -0.0000e+00 -0.0000e+00 -0.0000e+00 -0.0000e+00 -0.0000e+00 -0.0000e+00 -0.0000e+00 -0.0000e+00 -0.0000e+00 -0.0000e+00 -0.0000e+00 -0.0000e+00 -0.0000e+00 -0.0000e+00 -0.0000e+00 -0.0000e+00 -0.0000e+00 -0.0000e+00 -0.0000e+00 -0.0000e+00 -0.0000e+00 -0.0000e+00 -0.0000e+00 -0.0000e+00 -0.0000e+00
-5.1652e-10 -2.9247e-09 -8.0726e-09 -1.6609e-08 -2.9099e-08 -4.6065e-08 -6.8006e-08 -9.5414e-08 -1.2878e-07 -1.6858e-07 8.9256e-06 -2.6950e-07 -3.3159e-07 -4.0207e-07 -4.8134e-07 -5.6975e-07 -6.6751e-07 -7.7465e-07 -8.9091e-07 -1.0157e-06 -1.1477e-06 -1.2853e-06 -1.4255e-06 -1.5647e-06 -1.6978e-06 -1.8182e-06 -1.9182e-06 -1.9888e-06 -2.0205e-06 -2.0040e-06 -1.9319e-06 -1.8006e-06 -1.6121e-06 -1.3759e-06 -1.1089e-06 -8.3475e-07 -5.7907e-07 -3.6433e-07 -2.0395e-07 -9.9282e-08 -4.0884e-08 -1.3780e-08 -3.6532e-09 -7.2629e-10 -1.0223e-10 -9.5033e-12 -5.3652e-13 -1.6617e-14 -2.4957e-16 -1.5645e-18 -3.4090e-21 -2.0648e-24 -2.6434e-28 -5.1073e-33 -9.8325e-39 -1.1285e-45 -4.0817e-54 -2.1023e-64 -5.7096e-77 -2.3476e-92 -3.0275e-111 -1.6656e-134 -3.0796e-163 -7.3943e-199 -3.4965e-243 -1.4346e-298 -0.0000e+00 -0.0000e+00 -0.0000e+00 -0.0000e+00 -0.0000e+00 -0.0000e+00 -0.0000e+00 -0.0000e+00 -0.0000e+00 -0.0000e+00 -0.0000e+00 -0.0000e+00 -0.0000e+00 -0.0000e+00 -0.0000e+00 -0.0000e+00 -0.0000e+00 -0.0000e+00 -0.0000e+00 -0.0000e+00 -0.0000e+00 -0.0000e+00 -0.0000e+00 -0.0000e+00 -0.0000e+00 -0.0000e+00 -0.0000e+00 -0.0000e+00 -0.0000e+00 -0.0000e+00 -0.0000e+00 -0.0000e+00 -0.0000e+00 -0.0000e+00 -5.1652e-10 -2.9247e-09 -8.0726e-09 -1.6609e-08 -2.9099e-08 -4.6065e-08 -6.8006e-08 -9.5414e-08 -1.2878e-07 -1.6858e-07 0.0000e+00 -2.6950e-07 -3.3159e-07 -4.0207e-07 -4.8134e-07 -5.6974e-07 -6.6750e-07 -7.7463e-07 -8.9089e-07 -1.0156e-06 -1.1477e-06 -1.2852e-06 -1.4254e-06 -1.5646e-06 -1.6975e-06 -1.8179e-06 -1.9178e-06 -1.9882e-06 -2.0197e-06 -2.0030e-06 -1.9307e-06 -1.7992e-06 -1.6106e-06 -1.3743e-06 -1.1073e-06 -8.3326e-07 -5.7780e-07 -3.6335e-07 -2.0329e-07 -9.8885e-08 -4.0686e-08 -1.3698e-08 -3.6271e-09 -7.2003e-10 -1.0116e-10 -9.3842e-12 -5.2842e-13 -1.6316e-14 -2.4414e-16 -1.5236e-18 -3.3024e-21 -1.9876e-24 -2.5253e-28 -4.8350e-33 -9.2078e-39 -1.0432e-45 -3.7154e-54 -1.8788e-64 -4.9925e-77 -2.0004e-92 -2.5024e-111 -1.3283e-134 -2.3552e-163 -5.3865e-199 -2.4081e-243 -9.2666e-299 -0.0000e+00 -0.0000e+00 -0.0000e+00 -0.0000e+00 -0.0000e+00 -0.0000e+00 -0.0000e+00 -0.0000e+00 -0.0000e+00 -0.0000e+00 -0.0000e+00 -0.0000e+00 -0.0000e+00 -0.0000e+00 -0.0000e+00 -0.0000e+00 -0.0000e+00 -0.0000e+00 -0.0000e+00 -0.0000e+00 -0.0000e+00 -0.0000e+00 -0.0000e+00 -0.0000e+00 -0.0000e+00 -0.0000e+00 -0.0000e+00 -0.0000e+00 -0.0000e+00 -0.0000e+00 -0.0000e+00 -0.0000e+00 -0.0000e+00 -0.0000e+00
-6.4648e-10 -3.6606e-09 -1.0104e-08 -2.0788e-08 -3.6420e-08 -5.7654e-08 -8.5116e-08 -1.1942e-07 -1.6117e-07 -2.1100e-07 -2.6950e-07 1.5215e-05 -4.1502e-07 -5.0323e-07 -6.0245e-07 -7.1310e-07 -8.3546e-07 -9.6956e-07 -1.1151e-06 -1.2712e-06 -1.4366e-06 -1.6087e-06 -1.7844e-06 -1.9586e-06 -2.1252e-06 -2.2761e-06 -2.4014e-06 -2.4900e-06 -2.5298e-06 -2.5094e-06 -2.4195e-06 -2.2554e-06 -2.0198e-06 -1.7242e-06 -1.3901e-06 -1.0467e-06 -7.2645e-07 -4.5730e-07 -2.5616e-07 -1.2479e-07 -5.1434e-08 -1.7354e-08 -4.6069e-09 -9.1734e-10 -1.2936e-10 -1.2053e-11 -6.8228e-13 -2.1199e-14 -3.1962e-16 -2.0127e-18 -4.4095e-21 -2.6882e-24 -3.4678e-28 -6.7612e-33 -1.3156e-38 -1.5292e-45 -5.6136e-54 -2.9419e-64 -8.1530e-77 -3.4317e-92 -4.5471e-111 -2.5804e-134 -4.9425e-163 -1.2352e-198 -6.1098e-243 -2.6367e-298 -0.0000e+00 -0.0000e+00 -0.0000e+00 -0.0000e+00 -0.0000e+00 -0.0000e+00 -0.0000e+00 -0.0000e+00 -0.0000e+00 -0.0000e+00 -0.0000e+00 -0.0000e+00 -0.0000e+00 -0.0000e+00 -0.0000e+00 -0.0000e+00 -0.0000e+00 -0.0000e+00 -0.0000e+00 -0.0000e+00 -0.0000e+00 -0.0000e+00 -0.0000e+00 -0.0000e+00 -0.0000e+00 -0.0000e+00 -0.0000e+00 -0.0000e+00 -0.0000e+00 -0.0000e+00 -0.0000e+00 -0.0000e+00 -0.0000e+00 -0.0000e+00 -6.4648e-10 -3.6606e-09 -1.0104e-08 -2.0788e-08 -3.6420e-08 -5.7654e-08 -8.5116e-08 -1.1942e-07 -1.6117e-07 -2.1100e-07 -2.6950e-07 0.0000e+00 -4.1502e-07 -5.0323e-07 -6.0244e-07 -7.1309e-07 -8.3545e-07 -9.6954e-07 -1.1150e-06 -1.2712e-06 -1.4365e-06 -1.6086e-06 -1.7841e-06 -1.9583e-06 -2.1247e-06 -2.2754e-06 -2.4005e-06 -2.4887e-06 -2.5282e-06 -2.5074e-06 -2.4170e-06 -2.2525e-06 -2.0165e-06 -1.7207e-06 -1.3866e-06 -1.0436e-06 -7.2374e-07 -4.5521e-07 -2.5473e-07 -1.2394e-07 -5.1010e-08 -1.7181e-08 -4.5512e-09 -9.0395e-10 -1.2709e-10 -1.1798e-11 -6.6495e-13 -2.0554e-14 -3.0797e-16 -1.9250e-18 -4.1805e-21 -2.5219e-24 -3.2130e-28 -6.1724e-33 -1.1802e-38 -1.3437e-45 -4.8136e-54 -2.4515e-64 -6.5703e-77 -2.6600e-92 -3.3695e-111 -1.8158e-134 -3.2793e-163 -7.6680e-199 -3.5211e-243 -1.3994e-298 -0.0000e+00 -0.0000e+00 -0.0000e+00 -0.0000e+00 -0.0000e+00 -0.0000e+00 -0.0000e+00 -0.0000e+00 -0.0000e+00 -0.0000e+00 -0.0000e+00 -0.0000e+00 -0.0000e+00 -0.0000e+00 -0.0000e+00 -0.0000e+00 -0.0000e+00 -0.0000e+00 -0.0000e+00 -0.0000e+00 -0.0000e+00 -0.0000e+00 -0.0000e+00 -0.0000e+00 -0.0000e+00 -0.0000e+00 -0.0000e+00 -0.0000e+00 -0.0000e+00 -0.0000e+00 -0.0000e+00 -0.0000e+00 -0.0000e+00 -0.0000e+00
-7.9542e-10 -4.5039e-09 -1.2431e-08 -2.5577e-08 -4.4811e-08 -7.0938e-08 -1.0473e-07 -1.4693e-07 -1.9831e-07 -2.5961e-07 -3.3159e-07 -4.1502e-07 2.4899e-05 -6.1918e-07 -7.4125e-07 -8.7741e-07 -1.0280e-06 -1.1930e-06 -1.3721e-06 -1.5642e-06 -1.7677e-06 -1.9796e-06 -2.1957e-06 -2.4103e-06 -2.6155e-06 -2.8013e-06 -2.9558e-06 -3.0652e-06 -3.1146e-06 -3.0900e-06 -2.9799e-06 -2.7785e-06 -2.4890e-06 -2.1255e-06 -1.7144e-06 -1.2917e-06 -8.9702e-07 -5.6512e-07 -3.1686e-07 -1.5454e-07 -6.3784e-08 -2.1557e-08 -5.7341e-09 -1.1445e-09 -1.6186e-10 -1.5132e-11 -8.6005e-13 -2.6851e-14 -4.0715e-16 -2.5813e-18 -5.7005e-21 -3.5080e-24 -4.5756e-28 -9.0373e-33 -1.7853e-38 -2.1117e-45 -7.9106e-54 -4.2434e-64 -1.2077e-76 -5.2390e-92 -7.1823e-111 -4.2346e-134 -8.4645e-163 -2.2180e-198 -1.1564e-242 -5.2898e-298 -0.0000e+00 -0.0000e+00 -0.0000e+00 -0.0000e+00 -0.0000e+00 -0.0000e+00 -0.0000e+00 -0.0000e+00 -0.0000e+00 -0.0000e+00 -0.0000e+00 -0.0000e+00 -0.0000e+00 -0.0000e+00 -0.0000e+00 -0.0000e+00 -0.0000e+00 -0.0000e+00 -0.0000e+00 -0.0000e+00 -0.0000e+00 -0.0000e+00 -0.0000e+00 -0.0000e+00 -0.0000e+00 -0.0000e+00 -0.0000e+00 -0.0000e+00 -0.0000e+00 -0.0000e+00 -0.0000e+00 -0.0000e+00 -0.0000e+00 -0.0000e+00 -7.9542e-10 -4.5039e-09 -1.2431e-08 -2.5577e-08 -4.4811e-08 -7.0938e-08 -1.0473e-07 -1.4693e-07 -1.9831e-07 -2.5961e-07 -3.3159e-07 -4.1502e-07 0.0000e+00 -6.1917e-07 -7.4124e-07 -8.7739e-07 -1.0279e-06 -1.1929e-06 -1.3720e-06 -1.5641e-06 -1.7675e-06 -1.9793e-06 -2.1953e-06 -2.4096e-06 -2.6144e-06 -2.7999e-06 -2.9539e-06 -3.0626e-06 -3.1113e-06 -3.0859e-06 -2.9748e-06 -2.7726e-06 -2.4824e-06 -2.1185e-06 -1.7075e-06 -1.2852e-06 -8.9155e-07 -5.6090e-07 -3.1398e-07 -1.5283e-07 -6.2928e-08 -2.1207e-08 -5.6216e-09 -1.1175e-09 -1.5726e-10 -1.4616e-11 -8.2496e-13 -2.5543e-14 -3.8350e-16 -2.4031e-18 -5.2339e-21 -3.1685e-24 -4.0539e-28 -7.8274e-33 -1.5058e-38 -1.7270e-45 -6.2416e-54 -3.2126e-64 -8.7202e-77 -3.5847e-92 -4.6249e-111 -2.5477e-134 -4.7237e-163 -1.1398e-198 -5.4334e-243 -2.2576e-298 -0.0000e+00 -0.0000e+00 -0.0000e+00 -0.0000e+00 -0.0000e+00 -0.0000e+00 -0.0000e+00 -0.0000e+00 -0.0000e+00 -0.0000e+00 -0.0000e+00 -0.0000e+00 -0.0000e+00 -0.0000e+00 -0.0000e+00 -0.0000e+00 -0.0000e+00 -0.0000e+00 -0.0000e+00 -0.0000e+00 -0.0000e+00 -0.0000e+00 -0.0000e+00 -0.0000e+00 -0.0000e+00 -0.0000e+00 -0.0000e+00 -0.0000e+00 -0.0000e+00 -0.0000e+00 -0.0000e+00 -0.0000e+00 -0.0000e+00 -0.0000e+00
-9.6447e-10 -5.4611e-09 -1.5073e-08 -3.1013e-08 -5.4335e-08 -8.6014e-08 -1.2698e-07 -1.7816e-07 -2.4045e-07 -3.1478e-07 -4.0207e-07 -5.0323e-07 -6.1918e-07 3.9363e-05 -8.9880e-07 -1.0639e-06 -1.2465e-06 -1.4466e-06 -1.6637e-06 -1.8968e-06 -2.1436e-06 -2.4006e-06 -2.6629e-06 -2.9233e-06 -3.1724e-06 -3.3982e-06 -3.5860e-06 -3.7193e-06 -3.7801e-06 -3.7511e-06 -3.6185e-06 -3.3752e-06 -3.0248e-06 -2.5845e-06 -2.0860e-06 -1.5730e-06 -1.0934e-06 -6.8968e-07 -3.8725e-07 -1.8919e-07 -7.8249e-08 -2.6511e-08 -7.0724e-09 -1.4166e-09 -2.0117e-10 -1.8900e-11 -1.0805e-12 -3.3968e-14 -5.1925e-16 -3.3235e-18 -7.4221e-21 -4.6271e-24 -6.1270e-28 -1.2314e-32 -2.4816e-38 -3.0030e-45 -1.1544e-53 -6.3751e-64 -1.8745e-76 -8.4325e-92 -1.2035e-110 -7.4183e-134 -1.5573e-162 -4.3074e-198 -2.3839e-242 -1.1653e-297 -0.0000e+00 -0.0000e+00 -0.0000e+00 -0.0000e+00 -0.0000e+00 -0.0000e+00 -0.0000e+00 -0.0000e+00 -0.0000e+00 -0.0000e+00 -0.0000e+00 -0.0000e+00 -0.0000e+00 -0.0000e+00 -0.0000e+00 -0.0000e+00 -0.0000e+00 -0.0000e+00 -0.0000e+00 -0.0000e+00 -0.0000e+00 -0.0000e+00 -0.0000e+00 -0.0000e+00 -0.0000e+00 -0.0000e+00 -0.0000e+00 -0.0000e+00 -0.0000e+00 -0.0000e+00 -0.0000e+00 -0.0000e+00 -0.0000e+00 -0.0000e+00 -9.6447e-10 -5.4611e-09 -1.5073e-08 -3.1013e-08 -5.4335e-08 -8.6014e-08 -1.2698e-07 -1.7816e-07 -2.4045e-07 -3.1478e-07 -4.0207e-07 -5.0323e-07 -6.1917e-07 0.0000e+00 -8.9878e-07 -1.0639e-06 -1.2464e-06 -1.4465e-06 -1.6636e-06 -1.8965e-06 -2.1432e-06 -2.4000e-06 -2.6620e-06 -2.9219e-06 -3.1704e-06 -3.3954e-06 -3.5823e-06 -3.7144e-06 -3.7737e-06 -3.7431e-06 -3.6088e-06 -3.3640e-06 -3.0123e-06 -2.5712e-06 -2.0728e-06 -1.5607e-06 -1.0830e-06 -6.8159e-07 -3.8172e-07 -1.8591e-07 -7.6604e-08 -2.5838e-08 -6.8560e-09 -1.3645e-09 -1.9230e-10 -1.7905e-11 -1.0127e-12 -3.1434e-14 -4.7338e-16 -2.9770e-18 -6.5120e-21 -3.9627e-24 -5.1015e-28 -9.9235e-33 -1.9261e-38 -2.2325e-45 -8.1716e-54 -4.2701e-64 -1.1802e-76 -4.9568e-92 -6.5603e-111 -3.7248e-134 -7.1570e-163 -1.8011e-198 -9.0203e-243 -3.9706e-298 -0.0000e+00 -0.0000e+00 -0.0000e+00 -0.0000e+00 -0.0000e+00 -0.0000e+00 -0.0000e+00 -0.0000e+00 -0.0000e+00 -0.0000e+00 -0.0000e+00 -0.0000e+00 -0.0000e+00 -0.0000e+00 -0.0000e+00 -0.0000e+00 -0.0000e+00 -0.0000e+00 -0.0000e+00 -0.0000e+00 -0.0000e+00 -0.0000e+00 -0.0000e+00 -0.0000e+00 -0.0000e+00 -0.0000e+00 -0.0000e+00 -0.0000e+00 -0.0000e+00 -0.0000e+00 -0.0000e+00 -0.0000e+00 -0.0000e+00 -0.0000e+00
-1.1546e-09 -6.5378e-09 -1.8045e-08 -3.7127e-08 -6.5047e-08 -1.0297e-07 -1.5202e-07 -2.1329e-07 -2.8786e-07 -3.7684e-07 -4.8134e-07 -6.0245e-07 -7.4125e-07 -8.9880e-07 6.0410e-05 -1.2737e-06 -1.4923e-06 -1.7319e-06 -1.9919e-06 -2.2710e-06 -2.5666e-06 -2.8746e-06 -3.1888e-06 -3.5010e-06 -3.7997e-06 -4.0707e-06 -4.2966e-06 -4.4573e-06 -4.5314e-06 -4.4983e-06 -4.3412e-06 -4.0515e-06 -3.6333e-06 -3.1069e-06 -2.5101e-06 -1.8949e-06 -1.3191e-06 -8.3346e-07 -4.6894e-07 -2.2967e-07 -9.5269e-08 -3.2390e-08 -8.6770e-09 -1.7466e-09 -2.4949e-10 -2.3602e-11 -1.3603e-12 -4.3171e-14 -6.6727e-16 -4.3262e-18 -9.8054e-21 -6.2180e-24 -8.3953e-28 -1.7249e-32 -3.5638e-38 -4.4345e-45 -1.7584e-53 -1.0051e-63 -3.0694e-76 -1.4395e-91 -2.1507e-110 -1.3939e-133 -3.0924e-162 -9.0918e-198 -5.3847e-242 -2.8391e-297 -0.0000e+00 -0.0000e+00 -0.0000e+00 -0.0000e+00 -0.0000e+00 -0.0000e+00 -0.0000e+00 -0.0000e+00 -0.0000e+00 -0.0000e+00 -0.0000e+00 -0.0000e+00 -0.0000e+00 -0.0000e+00 -0.0000e+00 -0.0000e+00 -0.0000e+00 -0.0000e+00 -0.0000e+00 -0.0000e+00 -0.0000e+00 -0.0000e+00 -0.0000e+00 -0.0000e+00 -0.0000e+00 -0.0000e+00 -0.0000e+00 -0.0000e+00 -0.0000e+00 -0.0000e+00 -0.0000e+00 -0.0000e+00 -0.0000e+00 -0.0000e+00 -1.1546e-09 -6.5378e-09 -1.8045e-08 -3.7127e-08 -6.5047e-08 -1.0297e-07 -1.5202e-07 -2.1329e-07 -2.8786e-07 -3.7684e-07 -4.8134e-07 -6.0244e-07 -7.4124e-07 -8.9878e-07 0.0000e+00 -1.2736e-06 -1.4922e-06 -1.7317e-06 -1.9916e-06 -2.2705e-06 -2.5658e-06 -2.8734e-06 -3.1871e-06 -3.4985e-06 -3.7961e-06 -4.0657e-06 -4.2898e-06 -4.4483e-06 -4.5198e-06 -4.4837e-06 -4.3234e-06 -4.0308e-06 -3.6102e-06 -3.0824e-06 -2.4857e-06 -1.8723e-06 -1.2998e-06 -8.1856e-07 -4.5875e-07 -2.2361e-07 -9.2234e-08 -3.1148e-08 -8.2772e-09 -1.6503e-09 -2.3307e-10 -2.1755e-11 -1.2342e-12 -3.8449e-14 -5.8152e-16 -3.6760e-18 -8.0908e-21 -4.9599e-24 -6.4416e-28 -1.2662e-32 -2.4883e-38 -2.9272e-45 -1.0904e-53 -5.8172e-64 -1.6476e-76 -7.1225e-92 -9.7508e-111 -5.7597e-134 -1.1589e-162 -3.0768e-198 -1.6394e-242 -7.7514e-298 -0.0000e+00 -0.0000e+00 -0.0000e+00 -0.0000e+00 -0.0000e+00 -0.0000e+00 -0.0000e+00 -0.0000e+00 -0.0000e+00 -0.0000e+00 -0.0000e+00 -0.0000e+00 -0.0000e+00 -0.0000e+00 -0.0000e+00 -0.0000e+00 -0.0000e+00 -0.0000e+00 -0.0000e+00 -0.0000e+00 -0.0000e+00 -0.0000e+00 -0.0000e+00 -0.0000e+00 -0.0000e+00 -0.0000e+00 -0.0000e+00 -0.0000e+00 -0.0000e+00 -0.0000e+00 -0.0000e+00 -0.0000e+00 -0.0000e+00 -0.0000e+00
-1.3667e-09 -7.7386e-09 -2.1360e-08 -4.3946e-08 -7.6994e-08 -1.2188e-07 -1.7994e-07 -2.5246e-07 -3.4073e-07 -4.4606e-07 -5.6975e-07 -7.1310e-07 -8.7741e-07 -1.0639e-06 -1.2737e-06 9.0359e-05 -1.7665e-06 -2.0501e-06 -2.3581e-06 -2.6886e-06 -3.0387e-06 -3.4036e-06 -3.7760e-06 -4.1462e-06 -4.5008e-06 -4.8228e-06 -5.0917e-06 -5.2839e-06 -5.3740e-06 -5.3374e-06 -5.1542e-06 -4.8139e-06 -4.3210e-06 -3.6992e-06 -2.9927e-06 -2.2630e-06 -1.5785e-06 -9.9974e-07 -5.6412e-07 -2.7723e-07 -1.1547e-07 -3.9449e-08 -1.0629e-08 -2.1540e-09 -3.1013e-10 -2.9613e-11 -1.7253e-12 -5.5443e-14 -8.6941e-16 -5.7304e-18 -1.3234e-20 -8.5724e-24 -1.1853e-27 -2.5009e-32 -5.3217e-38 -6.8407e-45 -2.8110e-53 -1.6707e-63 -5.3248e-76 -2.6168e-91 -4.1148e-110 -2.8215e-133 -6.6618e-162 -2.0990e-197 -1.3433e-241 -7.7268e-297 -0.0000e+00 -0.0000e+00 -0.0000e+00 -0.0000e+00 -0.0000e+00 -0.0000e+00 -0.0000e+00 -0.0000e+00 -0.0000e+00 -0.0000e+00 -0.0000e+00 -0.0000e+00 -0.0000e+00 -0.0000e+00 -0.0000e+00 -0.0000e+00 -0.0000e+00 -0.0000e+00 -0.0000e+00 -0.0000e+00 -0.0000e+00 -0.0000e+00 -0.0000e+00 -0.0000e+00 -0.0000e+00 -0.0000e+00 -0.0000e+00 -0.0000e+00 -0.0000e+00 -0.0000e+00 -0.0000e+00 -0.0000e+00 -0.0000e+00 -0.0000e+00 -1.3667e-09 -7.7386e-09 -2.1360e-08 -4.3946e-08 -7.6994e-08 -1.2188e-07 -1.7994e-07 -2.5246e-07 -3.4073e-07 -4.4606e-07 -5.6974e-07 -7.1309e-07 -8.7739e-07 -1.0639e-06 -1.2736e-06 0.0000e+00 -1.7663e-06 -2.0498e-06 -2.3575e-06 -2.6877e-06 -3.0373e-06 -3.4015e-06 -3.7730e-06 -4.1417e-06 -4.4944e-06 -4.8140e-06 -5.0797e-06 -5.2679e-06 -5.3533e-06 -5.3115e-06 -5.1227e-06 -4.7772e-06 -4.2800e-06 -3.6557e-06 -2.9494e-06 -2.2228e-06 -1.5442e-06 -9.7328e-07 -5.4600e-07 -2.6647e-07 -1.1007e-07 -3.7234e-08 -9.9152e-09 -1.9818e-09 -2.8072e-10 -2.6296e-11 -1.4982e-12 -4.6910e-14 -7.1380e-16 -4.5448e-18 -1.0089e-20 -6.2480e-24 -8.2128e-28 -1.6376e-32 -3.2728e-38 -3.9272e-45 -1.4974e-53 -8.2095e-64 -2.4005e-76 -1.0769e-91 -1.5389e-110 -9.5524e-134 -2.0348e-162 -5.7676e-198 -3.3120e-242 -1.7058e-297 -0.0000e+00 -0.0000e+00 -0.0000e+00 -0.0000e+00 -0.0000e+00 -0.0000e+00 -0.0000e+00 -0.0000e+00 -0.0000e+00 -0.0000e+00 -0.0000e+00 -0.0000e+00 -0.0000e+00 -0.0000e+00 -0.0000e+00 -0.0000e+00 -0.0000e+00 -0.0000e+00 -0.0000e+00 -0.0000e+00 -0.0000e+00 -0.0000e+00 -0.0000e+00 -0.0000e+00 -0.0000e+00 -0.0000e+00 -0.0000e+00 -0.0000e+00 -0.0000e+00 -0.0000e+00 -0.0000e+00 -0.0000e+00 -0.0000e+00 -0.0000e+00
