-5.9604e-07 -2.0045e-10 -5.5327e-10 -1.1383e-09 -1.9944e-09 -3.1572e-09 -4.6612e-09 -6.5401e-09 -8.8279e-09 -1.1559e-08 -1.4770e-08 -1.8496e-08 -2.2778e-08 -2.7654e-08 -3.3170e-08 -3.9368e-08 -4.6298e-08 -5.4008e-08 -6.2549e-08 -7.1977e-08 -8.2344e-08 -9.3706e-08 -1.0612e-07 -1.1962e-07 -1.3427e-07 -1.5009e-07 -1.6711e-07 -1.8533e-07 -2.0471e-07 -2.2519e-07 -2.4665e-07 -2.6892e-07 -2.9171e-07 -3.1468e-07 -3.3733e-07 -3.5903e-07 -3.7900e-07 -3.9626e-07 -4.0970e-07 -4.1807e-07 -4.2003e-07 -4.1430e-07 -3.9980e-07 -3.7586e-07 -3.4250e-07 -3.0064e-07 -2.5232e-07 -2.0064e-07 -1.4951e-07 -1.0300e-07 -6.4545e-08 -3.6056e-08 -1.7519e-08 -7.1834e-09 -2.3945e-09 -6.1960e-10 -1.1752e-10 -1.5212e-11 -1.2289e-12 -5.5374e-14 -1.2079e-15 -1.0659e-17 -3.0272e-20 -2.0643e-23 -2.3184e-27 -2.6316e-32 -1.5976e-38 -2.2510e-46 -2.4425e-56 -4.6993e-69 -2.2329e-85 -1.8168e-106 -6.5996e-134 -6.9736e-170 -1.9111e-217 -6.7371e-281 -0.0000e+00 -0.0000e+00 -0.0000e+00 -0.0000e+00 -0.0000e+00 -0.0000e+00 -0.0000e+00 -0.0000e+00 -0.0000e+00 -0.0000e+00 -0.0000e+00 -0.0000e+00 -0.0000e+00 -0.0000e+00 -0.0000e+00 -0.0000e+00 -0.0000e+00 -0.0000e+00 -0.0000e+00 -0.0000e+00 -0.0000e+00 -0.0000e+00 -0.0000e+00 -0.0000e+00 0.0000e+00 -2.0045e-10 -5.5327e-10 -1.1383e-09 -1.9944e-09 -3.1572e-09 -4.6612e-09 -6.5401e-09 -8.8279e-09 -1.1559e-08 -1.4770e-08 -1.8496e-08 -2.2778e-08 -2.7654e-08 -3.3170e-08 -3.9368e-08 -4.6298e-08 -5.4008e-08 -6.2549e-08 -7.1977e-08 -8.2344e-08 -9.3706e-08 -1.0612e-07 -1.1962e-07 -1.3427e-07 -1.5009e-07 -1.6711e-07 -1.8533e-07 -2.0471e-07 -2.2519e-07 -2.4665e-07 -2.6892e-07 -2.9171e-07 -3.1468e-07 -3.3733e-07 -3.5903e-07 -3.7900e-07 -3.9626e-07 -4.0970e-07 -4.1807e-07 -4.2003e-07 -4.1430e-07 -3.9980e-07 -3.7586e-07 -3.4250e-07 -3.0064e-07 -2.5232e-07 -2.0064e-07 -1.4951e-07 -1.0300e-07 -6.4545e-08 -3.6056e-08 -1.7519e-08 -7.1834e-09 -2.3945e-09 -6.1960e-10 -1.1752e-10 -1.5212e-11 -1.2289e-12 -5.5374e-14 -1.2079e-15 -1.0659e-17 -3.0272e-20 -2.0643e-23 -2.3184e-27 -2.6316e-32 -1.5976e-38 -2.2510e-46 -2.4425e-56 -4.6993e-69 -2.2329e-85 -1.8168e-106 -6.5996e-134 -6.9736e-170 -1.9111e-217 -6.7371e-281 -0.0000e+00 -0.0000e+00 -0.0000e+00 -0.0000e+00 -0.0000e+00 -0.0000e+00 -0.0000e+00 -0.0000e+00 -0.0000e+00 -0.0000e+00 -0.0000e+00 -0.0000e+00 -0.0000e+00 -0.0000e+00 -0.0000e+00 -0.0000e+00 -0.0000e+00 -0.0000e+00 -0.0000e+00 -0.0000e+00 -0.0000e+00 -0.0000e+00 -0.0000e+00 -0.0000e+00
-2.0045e-10 3.0248e-10 -3.1328e-09 -6.4455e-09 -1.1293e-08 -1.7877e-08 -2.6393e-08 -3.7032e-08 -4.9987e-08 -6.5452e-08 -8.3631e-08 -1.0473e-07 -1.2897e-07 -1.5659e-07 -1.8782e-07 -2.2292e-07 -2.6215e-07 -3.0581e-07 -3.5418e-07 -4.0756e-07 -4.6626e-07 -5.3059e-07 -6.0086e-07 -6.7734e-07 -7.6028e-07 -8.4988e-07 -9.4625e-07 -1.0494e-06 -1.1591e-06 -1.2751e-06 -1.3966e-06 -1.5227e-06 -1.6518e-06 -1.7818e-06 -1.9101e-06 -2.0330e-06 -2.1460e-06 -2.2438e-06 -2.3199e-06 -2.3672e-06 -2.3784e-06 -2.3459e-06 -2.2638e-06 -2.1283e-06 -1.9393e-06 -1.7023e-06 -1.4287e-06 -1.1361e-06 -8.4656e-07 -5.8324e-07 -3.6547e-07 -2.0416e-07 -9.9199e-08 -4.0675e-08 -1.3558e-08 -3.5084e-09 -6.6545e-10 -8.6137e-11 -6.9584e-12 -3.1355e-13 -6.8397e-15 -6.0357e-17 -1.7141e-19 -1.1689e-22 -1.3128e-26 -1.4901e-31 -9.0463e-38 -1.2746e-45 -1.3831e-55 -2.6609e-68 -1.2643e-84 -1.0287e-105 -3.7369e-133 -3.9487e-169 -1.0821e-216 -3.8148e-280 -0.0000e+00 -0.0000e+00 -0.0000e+00 -0.0000e+00 -0.0000e+00 -0.0000e+00 -0.0000e+00 -0.0000e+00 -0.0000e+00 -0.0000e+00 -0.0000e+00 -0.0000e+00 -0.0000e+00 -0.0000e+00 -0.0000e+00 -0.0000e+00 -0.0000e+00 -0.0000e+00 -0.0000e+00 -0.0000e+00 -0.0000e+00 -0.0000e+00 -0.0000e+00 -0.0000e+00 -2.0045e-10 0.0000e+00 -3.1328e-09 -6.4455e-09 -1.1293e-08 -1.7877e-08 -2.6393e-08 -3.7032e-08 -4.9987e-08 -6.5452e-08 -8.3631e-08 -1.0473e-07 -1.2897e-07 -1.5659e-07 -1.8782e-07 -2.2292e-07 -2.6215e-07 -3.0581e-07 -3.5418e-07 -4.0756e-07 -4.6626e-07 -5.3059e-07 -6.0086e-07 -6.7734e-07 -7.6028e-07 -8.4988e-07 -9.4625e-07 -1.0494e-06 -1.1591e-06 -1.2751e-06 -1.3966e-06 -1.5227e-06 -1.6518e-06 -1.7818e-06 -1.9101e-06 -2.0330e-06 -2.1460e-06 -2.2438e-06 -2.3199e-06 -2.3672e-06 -2.3784e-06 -2.3459e-06 -2.2638e-06 -2.1283e-06 -1.9393e-06 -1.7023e-06 -1.4287e-06 -1.1361e-06 -8.4656e-07 -5.8324e-07 -3.6547e-07 -2.0416e-07 -9.9199e-08 -4.0675e-08 -1.3558e-08 -3.5084e-09 -6.6545e-10 -8.6137e-11 -6.9584e-12 -3.1355e-13 -6.8397e-15 -6.0357e-17 -1.7141e-19 -1.1689e-22 -1.3128e-26 -1.4901e-31 -9.0463e-38 -1.2746e-45 -1.3831e-55 -2.6609e-68 -1.2643e-84 -1.0287e-105 -3.7369e-133 -3.9487e-169 -1.0821e-216 -3.8148e-280 -0.0000e+00 -0.0000e+00 -0.0000e+00 -0.0000e+00 -0.0000e+00 -0.0000e+00 -0.0000e+00 -0.0000e+00 -0.0000e+00 -0.0000e+00 -0.0000e+00 -0.0000e+00 -0.0000e+00 -0.0000e+00 -0.0000e+00 -0.0000e+00 -0.0000e+00 -0.0000e+00 -0.0000e+00 -0.0000e+00 -0.0000e+00 -0.0000e+00 -0.0000e+00 -0.0000e+00
-5.5327e-10 -3.1328e-09 3.4537e-09 -1.7790e-08 -3.1169e-08 -4.9343e-08 -7.2848e-08 -1.0221e-07 -1.3797e-07 -1.8066e-07 -2.3083e-07 -2.8907e-07 -3.5598e-07 -4.3220e-07 -5.1840e-07 -6.1528e-07 -7.2358e-07 -8.4407e-07 -9.7757e-07 -1.1249e-06 -1.2869e-06 -1.4645e-06 -1.6584e-06 -1.8695e-06 -2.0985e-06 -2.3458e-06 -2.6118e-06 -2.8964e-06 -3.1993e-06 -3.5194e-06 -3.8549e-06 -4.2028e-06 -4.5591e-06 -4.9181e-06 -5.2721e-06 -5.6113e-06 -5.9232e-06 -6.1931e-06 -6.4032e-06 -6.5339e-06 -6.5646e-06 -6.4751e-06 -6.2484e-06 -5.8743e-06 -5.3528e-06 -4.6986e-06 -3.9434e-06 -3.1357e-06 -2.3366e-06 -1.6098e-06 -1.0088e-06 -5.6351e-07 -2.7380e-07 -1.1227e-07 -3.7423e-08 -9.6836e-09 -1.8367e-09 -2.3775e-10 -1.9206e-11 -8.6543e-13 -1.8879e-14 -1.6659e-16 -4.7311e-19 -3.2262e-22 -3.6234e-26 -4.1128e-31 -2.4969e-37 -3.5181e-45 -3.8174e-55 -7.3445e-68 -3.4897e-84 -2.8394e-105 -1.0314e-132 -1.0899e-168 -2.9869e-216 -1.0530e-279 -0.0000e+00 -0.0000e+00 -0.0000e+00 -0.0000e+00 -0.0000e+00 -0.0000e+00 -0.0000e+00 -0.0000e+00 -0.0000e+00 -0.0000e+00 -0.0000e+00 -0.0000e+00 -0.0000e+00 -0.0000e+00 -0.0000e+00 -0.0000e+00 -0.0000e+00 -0.0000e+00 -0.0000e+00 -0.0000e+00 -0.0000e+00 -0.0000e+00 -0.0000e+00 -0.0000e+00 -5.5327e-10 -3.1328e-09 0.0000e+00 -1.7790e-08 -3.1169e-08 -4.9343e-08 -7.2848e-08 -1.0221e-07 -1.3797e-07 -1.8066e-07 -2.3083e-07 -2.8907e-07 -3.5598e-07 -4.3220e-07 -5.1840e-07 -6.1528e-07 -7.2358e-07 -8.4407e-07 -9.7757e-07 -1.1249e-06 -1.2869e-06 -1.4645e-06 -1.6584e-06 -1.8695e-06 -2.0985e-06 -2.3458e-06 -2.6118e-06 -2.8964e-06 -3.1993e-06 -3.5194e-06 -3.8549e-06 -4.2028e-06 -4.5591e-06 -4.9181e-06 -5.2721e-06 -5.6113e-06 -5.9232e-06 -6.1931e-06 -6.4032e-06 -6.5339e-06 -6.5646e-06 -6.4751e-06 -6.2484e-06 -5.8743e-06 -5.3528e-06 -4.6986e-06 -3.9434e-06 -3.1357e-06 -2.3366e-06 -1.6098e-06 -1.0088e-06 -5.6351e-07 -2.7380e-07 -1.1227e-07 -3.7423e-08 -9.6836e-09 -1.8367e-09 -2.3775e-10 -1.9206e-11 -8.6543e-13 -1.8879e-14 -1.6659e-16 -4.7311e-19 -3.2262e-22 -3.6234e-26 -4.1128e-31 -2.4969e-37 -3.5181e-45 -3.8174e-55 -7.3444e-68 -3.4897e-84 -2.8394e-105 -1.0314e-132 -1.0899e-168 -2.9869e-216 -1.0529e-279 -0.0000e+00 -0.0000e+00 -0.0000e+00 -0.0000e+00 -0.0000e+00 -0.0000e+00 -0.0000e+00 -0.0000e+00 -0.0000e+00 -0.0000e+00 -0.0000e+00 -0.0000e+00 -0.0000e+00 -0.0000e+00 -0.0000e+00 -0.0000e+00 -0.0000e+00 -0.0000e+00 -0.0000e+00 -0.0000e+00 -0.0000e+00 -0.0000e+00 -0.0000e+00 -0.0000e+00
-1.1383e-09 -6.4455e-09 -1.7790e-08 2.3255e-08 -6.4129e-08 -1.0152e-07 -1.4988e-07 -2.1030e-07 -2.8386e-07 -3.7169e-07 -4.7492e-07 -5.9475e-07 -7.3242e-07 -8.8924e-07 -1.0666e-06 -1.2659e-06 -1.4887e-06 -1.7366e-06 -2.0113e-06 -2.3144e-06 -2.6478e-06 -3.0131e-06 -3.4122e-06 -3.8465e-06 -4.3175e-06 -4.8263e-06 -5.3736e-06 -5.9593e-06 -6.5825e-06 -7.2410e-06 -7.9312e-06 -8.6470e-06 -9.3801e-06 -1.0119e-05 -1.0847e-05 -1.1545e-05 -1.2187e-05 -1.2742e-05 -1.3174e-05 -1.3443e-05 -1.3506e-05 -1.3322e-05 -1.2856e-05 -1.2086e-05 -1.1013e-05 -9.6671e-06 -8.1133e-06 -6.4516e-06 -4.8074e-06 -3.3121e-06 -2.0755e-06 -1.1594e-06 -5.6333e-07 -2.3098e-07 -7.6996e-08 -1.9924e-08 -3.7790e-09 -4.8916e-10 -3.9516e-11 -1.7806e-12 -3.8842e-14 -3.4276e-16 -9.7340e-19 -6.6379e-22 -7.4550e-26 -8.4620e-31 -5.1373e-37 -7.2384e-45 -7.8543e-55 -1.5111e-67 -7.1802e-84 -5.8423e-105 -2.1223e-132 -2.2426e-168 -6.1461e-216 -2.1667e-279 -0.0000e+00 -0.0000e+00 -0.0000e+00 -0.0000e+00 -0.0000e+00 -0.0000e+00 -0.0000e+00 -0.0000e+00 -0.0000e+00 -0.0000e+00 -0.0000e+00 -0.0000e+00 -0.0000e+00 -0.0000e+00 -0.0000e+00 -0.0000e+00 -0.0000e+00 -0.0000e+00 -0.0000e+00 -0.0000e+00 -0.0000e+00 -0.0000e+00 -0.0000e+00 -0.0000e+00 -1.1383e-09 -6.4455e-09 -1.7790e-08 0.0000e+00 -6.4129e-08 -1.0152e-07 -1.4988e-07 -2.1030e-07 -2.8386e-07 -3.7169e-07 -4.7492e-07 -5.9475e-07 -7.3242e-07 -8.8924e-07 -1.0666e-06 -1.2659e-06 -1.4887e-06 -1.7366e-06 -2.0113e-06 -2.3144e-06 -2.6478e-06 -3.0131e-06 -3.4122e-06 -3.8465e-06 -4.3175e-06 -4.8263e-06 -5.3736e-06 -5.9593e-06 -6.5825e-06 -7.2410e-06 -7.9312e-06 -8.6470e-06 -9.3801e-06 -1.0119e-05 -1.0847e-05 -1.1545e-05 -1.2187e-05 -1.2742e-05 -1.3174e-05 -1.3443e-05 -1.3506e-05 -1.3322e-05 -1.2856e-05 -1.2086e-05 -1.1013e-05 -9.6671e-06 -8.1133e-06 -6.4516e-06 -4.8074e-06 -3.3121e-06 -2.0755e-06 -1.1594e-06 -5.6333e-07 -2.3098e-07 -7.6996e-08 -1.9924e-08 -3.7790e-09 -4.8916e-10 -3.9516e-11 -1.7806e-12 -3.8842e-14 -3.4276e-16 -9.7340e-19 -6.6378e-22 -7.4549e-26 -8.4619e-31 -5.1372e-37 -7.2383e-45 -7.8542e-55 -1.5111e-67 -7.1800e-84 -5.8420e-105 -2.1222e-132 -2.2425e-168 -6.1456e-216 -2.1665e-279 -0.0000e+00 -0.0000e+00 -0.0000e+00 -0.0000e+00 -0.0000e+00 -0.0000e+00 -0.0000e+00 -0.0000e+00 -0.0000e+00 -0.0000e+00 -0.0000e+00 -0.0000e+00 -0.0000e+00 -0.0000e+00 -0.0000e+00 -0.0000e+00 -0.0000e+00 -0.0000e+00 -0.0000e+00 -0.0000e+00 -0.0000e+00 -0.0000e+00 -0.0000e+00 -0.0000e+00
-1.9944e-09 -1.1293e-08 -3.1169e-08 -6.4129e-08 8.9408e-08 -1.7786e-07 -2.6259e-07 -3.6845e-07 -4.9734e-07 -6.5121e-07 -8.3207e-07 -1.0420e-06 -1.2832e-06 -1.5580e-06 -1.8687e-06 -2.2179e-06 -2.6083e-06 -3.0426e-06 -3.5238e-06 -4.0549e-06 -4.6390e-06 -5.2791e-06 -5.9782e-06 -6.7391e-06 -7.5643e-06 -8.4558e-06 -9.4146e-06 -1.0441e-05 -1.1533e-05 -1.2686e-05 -1.3896e-05 -1.5150e-05 -1.6434e-05 -1.7728e-05 -1.9004e-05 -2.0227e-05 -2.1351e-05 -2.2324e-05 -2.3081e-05 -2.3553e-05 -2.3663e-05 -2.3341e-05 -2.2524e-05 -2.1175e-05 -1.9295e-05 -1.6937e-05 -1.4215e-05 -1.1303e-05 -8.4227e-06 -5.8029e-06 -3.6362e-06 -2.0313e-06 -9.8697e-07 -4.0469e-07 -1.3490e-07 -3.4907e-08 -6.6209e-09 -8.5702e-10 -6.9233e-11 -3.1197e-12 -6.8053e-14 -6.0053e-16 -1.7055e-18 -1.1630e-21 -1.3062e-25 -1.4826e-30 -9.0012e-37 -1.2683e-44 -1.3762e-54 -2.6478e-67 -1.2582e-83 -1.0238e-104 -3.7191e-132 -3.9302e-168 -1.0772e-215 -3.7979e-279 -0.0000e+00 -0.0000e+00 -0.0000e+00 -0.0000e+00 -0.0000e+00 -0.0000e+00 -0.0000e+00 -0.0000e+00 -0.0000e+00 -0.0000e+00 -0.0000e+00 -0.0000e+00 -0.0000e+00 -0.0000e+00 -0.0000e+00 -0.0000e+00 -0.0000e+00 -0.0000e+00 -0.0000e+00 -0.0000e+00 -0.0000e+00 -0.0000e+00 -0.0000e+00 -0.0000e+00 -1.9944e-09 -1.1293e-08 -3.1169e-08 -6.4129e-08 0.0000e+00 -1.7786e-07 -2.6259e-07 -3.6845e-07 -4.9734e-07 -6.5121e-07 -8.3207e-07 -1.0420e-06 -1.2832e-06 -1.5580e-06 -1.8687e-06 -2.2179e-06 -2.6083e-06 -3.0426e-06 -3.5238e-06 -4.0549e-06 -4.6390e-06 -5.2791e-06 -5.9782e-06 -6.7391e-06 -7.5643e-06 -8.4558e-06 -9.4146e-06 -1.0441e-05 -1.1533e-05 -1.2686e-05 -1.3896e-05 -1.5150e-05 -1.6434e-05 -1.7728e-05 -1.9004e-05 -2.0227e-05 -2.1351e-05 -2.2324e-05 -2.3081e-05 -2.3553e-05 -2.3663e-05 -2.3341e-05 -2.2524e-05 -2.1175e-05 -1.9295e-05 -1.6937e-05 -1.4215e-05 -1.1303e-05 -8.4227e-06 -5.8029e-06 -3.6362e-06 -2.0313e-06 -9.8697e-07 -4.0469e-07 -1.3490e-07 -3.4906e-08 -6.6208e-09 -8.5701e-10 -6.9232e-11 -3.1196e-12 -6.8052e-14 -6.0052e-16 -1.7054e-18 -1.1630e-21 -1.3061e-25 -1.4826e-30 -9.0007e-37 -1.2682e-44 -1.3761e-54 -2.6476e-67 -1.2580e-83 -1.0236e-104 -3.7183e-132 -3.9292e-168 -1.0768e-215 -3.7963e-279 -0.0000e+00 -0.0000e+00 -0.0000e+00 -0.0000e+00 -0.0000e+00 -0.0000e+00 -0.0000e+00 -0.0000e+00 -0.0000e+00 -0.0000e+00 -0.0000e+00 -0.0000e+00 -0.0000e+00 -0.0000e+00 -0.0000e+00 -0.0000e+00 -0.0000e+00 -0.0000e+00 -0.0000e+00 -0.0000e+00 -0.0000e+00 -0.0000e+00 -0.0000e+00 -0.0000e+00
-3.1572e-09 -1.7877e-08 -4.9343e-08 -1.0152e-07 -1.7786e-07 2.6850e-07 -4.1570e-07 -5.8327e-07 -7.8731e-07 -1.0309e-06 -1.3172e-06 -1.6496e-06 -2.0314e-06 -2.4663e-06 -2.9582e-06 -3.5110e-06 -4.1290e-06 -4.8166e-06 -5.5784e-06 -6.4192e-06 -7.3438e-06 -8.3571e-06 -9.4638e-06 -1.0668e-05 -1.1975e-05 -1.3386e-05 -1.4904e-05 -1.6528e-05 -1.8257e-05 -2.0083e-05 -2.1997e-05 -2.3983e-05 -2.6016e-05 -2.8065e-05 -3.0085e-05 -3.2020e-05 -3.3801e-05 -3.5340e-05 -3.6539e-05 -3.7285e-05 -3.7460e-05 -3.6950e-05 -3.5656e-05 -3.3521e-05 -3.0545e-05 -2.6812e-05 -2.2503e-05 -1.7894e-05 -1.3334e-05 -9.1864e-06 -5.7564e-06 -3.2157e-06 -1.5624e-06 -6.4065e-07 -2.1356e-07 -5.5260e-08 -1.0481e-08 -1.3568e-09 -1.0960e-10 -4.9388e-12 -1.0774e-13 -9.5073e-16 -2.7000e-18 -1.8413e-21 -2.0680e-25 -2.3474e-30 -1.4252e-36 -2.0081e-44 -2.1791e-54 -4.1929e-67 -1.9925e-83 -1.6214e-104 -5.8911e-132 -6.2265e-168 -1.7069e-215 -6.0200e-279 -0.0000e+00 -0.0000e+00 -0.0000e+00 -0.0000e+00 -0.0000e+00 -0.0000e+00 -0.0000e+00 -0.0000e+00 -0.0000e+00 -0.0000e+00 -0.0000e+00 -0.0000e+00 -0.0000e+00 -0.0000e+00 -0.0000e+00 -0.0000e+00 -0.0000e+00 -0.0000e+00 -0.0000e+00 -0.0000e+00 -0.0000e+00 -0.0000e+00 -0.0000e+00 -0.0000e+00 -3.1572e-09 -1.7877e-08 -4.9343e-08 -1.0152e-07 -1.7786e-07 0.0000e+00 -4.1570e-07 -5.8327e-07 -7.8731e-07 -1.0309e-06 -1.3172e-06 -1.6496e-06 -2.0314e-06 -2.4663e-06 -2.9582e-06 -3.5110e-06 -4.1290e-06 -4.8166e-06 -5.5784e-06 -6.4192e-06 -7.3438e-06 -8.3571e-06 -9.4638e-06 -1.0668e-05 -1.1975e-05 -1.3386e-05 -1.4904e-05 -1.6528e-05 -1.8257e-05 -2.0083e-05 -2.1997e-05 -2.3983e-05 -2.6016e-05 -2.8065e-05 -3.0085e-05 -3.2020e-05 -3.3801e-05 -3.5340e-05 -3.6539e-05 -3.7285e-05 -3.7460e-05 -3.6949e-05 -3.5656e-05 -3.3521e-05 -3.0545e-05 -2.6812e-05 -2.2503e-05 -1.7894e-05 -1.3334e-05 -9.1863e-06 -5.7564e-06 -3.2156e-06 -1.5624e-06 -6.4065e-07 -2.1355e-07 -5.5259e-08 -1.0481e-08 -1.3567e-09 -1.0960e-10 -4.9386e-12 -1.0773e-13 -9.5068e-16 -2.6999e-18 -1.8411e-21 -2.0678e-25 -2.3471e-30 -1.4249e-36 -2.0077e-44 -2.1786e-54 -4.1917e-67 -1.9917e-83 -1.6207e-104 -5.8875e-132 -6.2217e-168 -1.7053e-215 -6.0123e-279 -0.0000e+00 -0.0000e+00 -0.0000e+00 -0.0000e+00 -0.0000e+00 -0.0000e+00 -0.0000e+00 -0.0000e+00 -0.0000e+00 -0.0000e+00 -0.0000e+00 -0.0000e+00 -0.0000e+00 -0.0000e+00 -0.0000e+00 -0.0000e+00 -0.0000e+00 -0.0000e+00 -0.0000e+00 -0.0000e+00 -0.0000e+00 -0.0000e+00 -0.0000e+00 -0.0000e+00
-4.6612e-09 -2.6393e-08 -7.2848e-08 -1.4988e-07 -2.6259e-07 -4.1570e-07 6.8136e-07 -8.6113e-07 -1.1624e-06 -1.5220e-06 -1.9447e-06 -2.4354e-06 -2.9991e-06 -3.6412e-06 -4.3674e-06 -5.1836e-06 -6.0960e-06 -7.1111e-06 -8.2358e-06 -9.4771e-06 -1.0842e-05 -1.2338e-05 -1.3972e-05 -1.5750e-05 -1.7679e-05 -1.9763e-05 -2.2004e-05 -2.4402e-05 -2.6954e-05 -2.9650e-05 -3.2476e-05 -3.5408e-05 -3.8410e-05 -4.1434e-05 -4.4416e-05 -4.7274e-05 -4.9902e-05 -5.2175e-05 -5.3945e-05 -5.5047e-05 -5.5305e-05 -5.4551e-05 -5.2642e-05 -4.9490e-05 -4.5096e-05 -3.9585e-05 -3.3222e-05 -2.6418e-05 -1.9686e-05 -1.3563e-05 -8.4987e-06 -4.7476e-06 -2.3068e-06 -9.4587e-07 -3.1530e-07 -8.1588e-08 -1.5475e-08 -2.0032e-09 -1.6183e-10 -7.2921e-12 -1.5907e-13 -1.4038e-15 -3.9868e-18 -2.7189e-21 -3.0538e-25 -3.4666e-30 -2.1048e-36 -2.9660e-44 -3.2189e-54 -6.1944e-67 -2.9441e-83 -2.3964e-104 -8.7093e-132 -9.2088e-168 -2.5258e-215 -8.9139e-279 -0.0000e+00 -0.0000e+00 -0.0000e+00 -0.0000e+00 -0.0000e+00 -0.0000e+00 -0.0000e+00 -0.0000e+00 -0.0000e+00 -0.0000e+00 -0.0000e+00 -0.0000e+00 -0.0000e+00 -0.0000e+00 -0.0000e+00 -0.0000e+00 -0.0000e+00 -0.0000e+00 -0.0000e+00 -0.0000e+00 -0.0000e+00 -0.0000e+00 -0.0000e+00 -0.0000e+00 -4.6612e-09 -2.6393e-08 -7.2848e-08 -1.4988e-07 -2.6259e-07 -4.1570e-07 0.0000e+00 -8.6113e-07 -1.1624e-06 -1.5220e-06 -1.9447e-06 -2.4354e-06 -2.9991e-06 -3.6412e-06 -4.3674e-06 -5.1836e-06 -6.0960e-06 -7.1111e-06 -8.2358e-06 -9.4771e-06 -1.0842e-05 -1.2338e-05 -1.3972e-05 -1.5750e-05 -1.7679e-05 -1.9763e-05 -2.2004e-05 -2.4402e-05 -2.6954e-05 -2.9650e-05 -3.2476e-05 -3.5408e-05 -3.8410e-05 -4.1434e-05 -4.4416e-05 -4.7274e-05 -4.9902e-05 -5.2175e-05 -5.3945e-05 -5.5047e-05 -5.5305e-05 -5.4551e-05 -5.2642e-05 -4.9490e-05 -4.5096e-05 -3.9585e-05 -3.3222e-05 -2.6418e-05 -1.9686e-05 -1.3562e-05 -8.4986e-06 -4.7475e-06 -2.3067e-06 -9.4584e-07 -3.1529e-07 -8.1584e-08 -1.5474e-08 -2.0031e-09 -1.6181e-10 -7.2914e-12 -1.5906e-13 -1.4036e-15 -3.9862e-18 -2.7183e-21 -3.0530e-25 -3.4655e-30 -2.1040e-36 -2.9646e-44 -3.2170e-54 -6.1898e-67 -2.9414e-83 -2.3936e-104 -8.6962e-132 -9.1910e-168 -2.5195e-215 -8.8850e-279 -0.0000e+00 -0.0000e+00 -0.0000e+00 -0.0000e+00 -0.0000e+00 -0.0000e+00 -0.0000e+00 -0.0000e+00 -0.0000e+00 -0.0000e+00 -0.0000e+00 -0.0000e+00 -0.0000e+00 -0.0000e+00 -0.0000e+00 -0.0000e+00 -0.0000e+00 -0.0000e+00 -0.0000e+00 -0.0000e+00 -0.0000e+00 -0.0000e+00 -0.0000e+00 -0.0000e+00
-6.5401e-09 -3.7032e-08 -1.0221e-07 -2.1030e-07 -3.6845e-07 -5.8327e-07 -8.6113e-07 1.5293e-06 -1.6309e-06 -2.1355e-06 -2.7286e-06 -3.4171e-06 -4.2080e-06 -5.1090e-06 -6.1279e-06 -7.2731e-06 -8.5533e-06 -9.9776e-06 -1.1556e-05 -1.3297e-05 -1.5213e-05 -1.7312e-05 -1.9604e-05 -2.2100e-05 -2.4806e-05 -2.7729e-05 -3.0873e-05 -3.4238e-05 -3.7819e-05 -4.1603e-05 -4.5568e-05 -4.9681e-05 -5.3893e-05 -5.8136e-05 -6.2321e-05 -6.6330e-05 -7.0018e-05 -7.3208e-05 -7.5691e-05 -7.7237e-05 -7.7600e-05 -7.6542e-05 -7.3863e-05 -6.9440e-05 -6.3276e-05 -5.5543e-05 -4.6615e-05 -3.7068e-05 -2.7622e-05 -1.9030e-05 -1.1925e-05 -6.6616e-06 -3.2368e-06 -1.3272e-06 -4.4242e-07 -1.1449e-07 -2.1715e-08 -2.8110e-09 -2.2709e-10 -1.0233e-11 -2.2325e-13 -1.9702e-15 -5.5957e-18 -3.8163e-21 -4.2868e-25 -4.8668e-30 -2.9554e-36 -4.1654e-44 -4.5216e-54 -8.7036e-67 -4.1382e-83 -3.3699e-104 -1.2255e-131 -1.2968e-167 -3.5605e-215 -1.2583e-278 -0.0000e+00 -0.0000e+00 -0.0000e+00 -0.0000e+00 -0.0000e+00 -0.0000e+00 -0.0000e+00 -0.0000e+00 -0.0000e+00 -0.0000e+00 -0.0000e+00 -0.0000e+00 -0.0000e+00 -0.0000e+00 -0.0000e+00 -0.0000e+00 -0.0000e+00 -0.0000e+00 -0.0000e+00 -0.0000e+00 -0.0000e+00 -0.0000e+00 -0.0000e+00 -0.0000e+00 -6.5401e-09 -3.7032e-08 -1.0221e-07 -2.1030e-07 -3.6845e-07 -5.8327e-07 -8.6113e-07 0.0000e+00 -1.6309e-06 -2.1355e-06 -2.7286e-06 -3.4171e-06 -4.2080e-06 -5.1090e-06 -6.1279e-06 -7.2731e-06 -8.5533e-06 -9.9776e-06 -1.1556e-05 -1.3297e-05 -1.5213e-05 -1.7312e-05 -1.9604e-05 -2.2100e-05 -2.4806e-05 -2.7729e-05 -3.0873e-05 -3.4238e-05 -3.7819e-05 -4.1603e-05 -4.5568e-05 -4.9681e-05 -5.3893e-05 -5.8136e-05 -6.2321e-05 -6.6330e-05 -7.0018e-05 -7.3207e-05 -7.5691e-05 -7.7236e-05 -7.7599e-05 -7.6541e-05 -7.3862e-05 -6.9439e-05 -6.3275e-05 -5.5542e-05 -4.6614e-05 -3.7067e-05 -2.7621e-05 -1.9030e-05 -1.1925e-05 -6.6613e-06 -3.2367e-06 -1.3271e-06 -4.4239e-07 -1.1447e-07 -2.1713e-08 -2.8106e-09 -2.2705e-10 -1.0231e-11 -2.2319e-13 -1.9696e-15 -5.5936e-18 -3.8146e-21 -4.2844e-25 -4.8634e-30 -2.9528e-36 -4.1609e-44 -4.5155e-54 -8.6890e-67 -4.1295e-83 -3.3609e-104 -1.2213e-131 -1.2911e-167 -3.5406e-215 -1.2492e-278 -0.0000e+00 -0.0000e+00 -0.0000e+00 -0.0000e+00 -0.0000e+00 -0.0000e+00 -0.0000e+00 -0.0000e+00 -0.0000e+00 -0.0000e+00 -0.0000e+00 -0.0000e+00 -0.0000e+00 -0.0000e+00 -0.0000e+00 -0.0000e+00 -0.0000e+00 -0.0000e+00 -0.0000e+00 -0.0000e+00 -0.0000e+00 -0.0000e+00 -0.0000e+00 -0.0000e+00
-8.8279e-09 -4.9987e-08 -1.3797e-07 -2.8386e-07 -4.9734e-07 -7.8731e-07 -1.1624e-06 -1.6309e-06 3.1262e-06 -2.8825e-06 -3.6831e-06 -4.6124e-06 -5.6801e-06 -6.8962e-06 -8.2716e-06 -9.8174e-06 -1.1545e-05 -1.3468e-05 -1.5598e-05 -1.7949e-05 -2.0534e-05 -2.3368e-05 -2.6462e-05 -2.9830e-05 -3.3483e-05 -3.7429e-05 -4.1673e-05 -4.6216e-05 -5.1049e-05 -5.6156e-05 -6.1508e-05 -6.7060e-05 -7.2745e-05 -7.8473e-05 -8.4122e-05 -8.9534e-05 -9.4512e-05 -9.8817e-05 -1.0217e-04 -1.0426e-04 -1.0475e-04 -1.0332e-04 -9.9702e-05 -9.3733e-05 -8.5412e-05 -7.4974e-05 -6.2924e-05 -5.0037e-05 -3.7286e-05 -2.5689e-05 -1.6097e-05 -8.9926e-06 -4.3695e-06 -1.7917e-06 -5.9727e-07 -1.5456e-07 -2.9317e-08 -3.7952e-09 -3.0661e-10 -1.3818e-11 -3.0146e-13 -2.6607e-15 -7.5577e-18 -5.1551e-21 -5.7915e-25 -6.5765e-30 -3.9946e-36 -5.6319e-44 -6.1161e-54 -1.1779e-66 -5.6042e-83 -4.5677e-104 -1.6629e-131 -1.7623e-167 -4.8480e-215 -1.7177e-278 -0.0000e+00 -0.0000e+00 -0.0000e+00 -0.0000e+00 -0.0000e+00 -0.0000e+00 -0.0000e+00 -0.0000e+00 -0.0000e+00 -0.0000e+00 -0.0000e+00 -0.0000e+00 -0.0000e+00 -0.0000e+00 -0.0000e+00 -0.0000e+00 -0.0000e+00 -0.0000e+00 -0.0000e+00 -0.0000e+00 -0.0000e+00 -0.0000e+00 -0.0000e+00 -0.0000e+00 -8.8279e-09 -4.9987e-08 -1.3797e-07 -2.8386e-07 -4.9734e-07 -7.8731e-07 -1.1624e-06 -1.6309e-06 0.0000e+00 -2.8825e-06 -3.6831e-06 -4.6124e-06 -5.6801e-06 -6.8962e-06 -8.2716e-06 -9.8174e-06 -1.1545e-05 -1.3468e-05 -1.5598e-05 -1.7949e-05 -2.0534e-05 -2.3368e-05 -2.6462e-05 -2.9830e-05 -3.3483e-05 -3.7429e-05 -4.1673e-05 -4.6216e-05 -5.1049e-05 -5.6156e-05 -6.1508e-05 -6.7060e-05 -7.2745e-05 -7.8473e-05 -8.4122e-05 -8.9533e-05 -9.4511e-05 -9.8817e-05 -1.0217e-04 -1.0426e-04 -1.0474e-04 -1.0332e-04 -9.9700e-05 -9.3731e-05 -8.5410e-05 -7.4972e-05 -6.2922e-05 -5.0035e-05 -3.7284e-05 -2.5687e-05 -1.6096e-05 -8.9917e-06 -4.3690e-06 -1.7914e-06 -5.9717e-07 -1.5453e-07 -2.9310e-08 -3.7941e-09 -3.0651e-10 -1.3812e-11 -3.0130e-13 -2.6590e-15 -7.5518e-18 -5.1502e-21 -5.7848e-25 -6.5671e-30 -3.9876e-36 -5.6196e-44 -6.0994e-54 -1.1739e-66 -5.5802e-83 -4.5429e-104 -1.6515e-131 -1.7468e-167 -4.7932e-215 -1.6926e-278 -0.0000e+00 -0.0000e+00 -0.0000e+00 -0.0000e+00 -0.0000e+00 -0.0000e+00 -0.0000e+00 -0.0000e+00 -0.0000e+00 -0.0000e+00 -0.0000e+00 -0.0000e+00 -0.0000e+00 -0.0000e+00 -0.0000e+00 -0.0000e+00 -0.0000e+00 -0.0000e+00 -0.0000e+00 -0.0000e+00 -0.0000e+00 -0.0000e+00 -0.0000e+00 -0.0000e+00
-1.1559e-08 -6.5452e-08 -1.8066e-07 -3.7169e-07 -6.5121e-07 -1.0309e-06 -1.5220e-06 -2.1355e-06 -2.8825e-06 5.9374e-06 -4.8227e-06 -6.0395e-06 -7.4375e-06 -9.0299e-06 -1.0831e-05 -1.2855e-05 -1.5117e-05 -1.7635e-05 -2.0424e-05 -2.3502e-05 -2.6888e-05 -3.0597e-05 -3.4649e-05 -3.9060e-05 -4.3843e-05 -4.9010e-05 -5.4567e-05 -6.0514e-05 -6.6843e-05 -7.3530e-05 -8.0539e-05 -8.7808e-05 -9.5253e-05 -1.0275e-04 -1.1015e-04 -1.1724e-04 -1.2375e-04 -1.2939e-04 -1.3378e-04 -1.3651e-04 -1.3716e-04 -1.3529e-04 -1.3055e-04 -1.2274e-04 -1.1184e-04 -9.8175e-05 -8.2396e-05 -6.5522e-05 -4.8825e-05 -3.3639e-05 -2.1080e-05 -1.1776e-05 -5.7223e-06 -2.3465e-06 -7.8223e-07 -2.0243e-07 -3.8400e-08 -4.9713e-09 -4.0167e-10 -1.8103e-11 -3.9500e-13 -3.4868e-15 -9.9062e-18 -6.7586e-21 -7.5953e-25 -8.6278e-30 -5.2430e-36 -7.3962e-44 -8.0378e-54 -1.5495e-66 -7.3807e-83 -6.0247e-104 -2.1977e-131 -2.3350e-167 -6.4453e-215 -2.2939e-278 -0.0000e+00 -0.0000e+00 -0.0000e+00 -0.0000e+00 -0.0000e+00 -0.0000e+00 -0.0000e+00 -0.0000e+00 -0.0000e+00 -0.0000e+00 -0.0000e+00 -0.0000e+00 -0.0000e+00 -0.0000e+00 -0.0000e+00 -0.0000e+00 -0.0000e+00 -0.0000e+00 -0.0000e+00 -0.0000e+00 -0.0000e+00 -0.0000e+00 -0.0000e+00 -0.0000e+00 -1.1559e-08 -6.5452e-08 -1.8066e-07 -3.7169e-07 -6.5121e-07 -1.0309e-06 -1.5220e-06 -2.1355e-06 -2.8825e-06 0.0000e+00 -4.8227e-06 -6.0395e-06 -7.4375e-06 -9.0299e-06 -1.0831e-05 -1.2855e-05 -1.5117e-05 -1.7635e-05 -2.0424e-05 -2.3502e-05 -2.6888e-05 -3.0597e-05 -3.4649e-05 -3.9060e-05 -4.3843e-05 -4.9010e-05 -5.4567e-05 -6.0514e-05 -6.6843e-05 -7.3530e-05 -8.0538e-05 -8.7808e-05 -9.5252e-05 -1.0275e-04 -1.1015e-04 -1.1723e-04 -1.2375e-04 -1.2939e-04 -1.3378e-04 -1.3651e-04 -1.3715e-04 -1.3528e-04 -1.3055e-04 -1.2273e-04 -1.1184e-04 -9.8169e-05 -8.2390e-05 -6.5516e-05 -4.8820e-05 -3.3635e-05 -2.1077e-05 -1.1774e-05 -5.7210e-06 -2.3459e-06 -7.8199e-07 -2.0235e-07 -3.8383e-08 -4.9686e-09 -4.0140e-10 -1.8088e-11 -3.9462e-13 -3.4827e-15 -9.8917e-18 -6.7465e-21 -7.5785e-25 -8.6044e-30 -5.2254e-36 -7.3655e-44 -7.9963e-54 -1.5394e-66 -7.3208e-83 -5.9630e-104 -2.1692e-131 -2.2963e-167 -6.3085e-215 -2.2311e-278 -0.0000e+00 -0.0000e+00 -0.0000e+00 -0.0000e+00 -0.0000e+00 -0.0000e+00 -0.0000e+00 -0.0000e+00 -0.0000e+00 -0.0000e+00 -0.0000e+00 -0.0000e+00 -0.0000e+00 -0.0000e+00 -0.0000e+00 -0.0000e+00 -0.0000e+00 -0.0000e+00 -0.0000e+00 -0.0000e+00 -0.0000e+00 -0.0000e+00 -0.0000e+00 -0.0000e+00
-1.4770e-08 -8.3631e-08 -2.3083e-07 -4.7492e-07 -8.3207e-07 -1.3172e-06 -1.9447e-06 -2.7286e-06 -3.6831e-06 -4.8227e-06 1.0627e-05 -7.7169e-06 -9.5031e-06 -1.1538e-05 -1.3839e-05 -1.6425e-05 -1.9316e-05 -2.2533e-05 -2.6096e-05 -3.0030e-05 -3.4355e-05 -3.9095e-05 -4.4273e-05 -4.9908e-05 -5.6019e-05 -6.2621e-05 -6.9722e-05 -7.7321e-05 -8.5408e-05 -9.3953e-05 -1.0291e-04 -1.1220e-04 -1.2171e-04 -1.3129e-04 -1.4074e-04 -1.4980e-04 -1.5813e-04 -1.6533e-04 -1.7094e-04 -1.7443e-04 -1.7525e-04 -1.7287e-04 -1.6682e-04 -1.5683e-04 -1.4291e-04 -1.2545e-04 -1.0529e-04 -8.3728e-05 -6.2393e-05 -4.2988e-05 -2.6940e-05 -1.5050e-05 -7.3134e-06 -2.9991e-06 -9.9985e-07 -2.5877e-07 -4.9092e-08 -6.3561e-09 -5.1363e-10 -2.3153e-11 -5.0530e-13 -4.4616e-15 -1.2679e-17 -8.6541e-21 -9.7300e-25 -1.1059e-29 -6.7257e-36 -9.4970e-44 -1.0333e-53 -1.9950e-66 -9.5215e-83 -7.7918e-104 -2.8515e-131 -3.0425e-167 -8.4446e-215 -3.0273e-278 -0.0000e+00 -0.0000e+00 -0.0000e+00 -0.0000e+00 -0.0000e+00 -0.0000e+00 -0.0000e+00 -0.0000e+00 -0.0000e+00 -0.0000e+00 -0.0000e+00 -0.0000e+00 -0.0000e+00 -0.0000e+00 -0.0000e+00 -0.0000e+00 -0.0000e+00 -0.0000e+00 -0.0000e+00 -0.0000e+00 -0.0000e+00 -0.0000e+00 -0.0000e+00 -0.0000e+00 -1.4770e-08 -8.3631e-08 -2.3083e-07 -4.7492e-07 -8.3207e-07 -1.3172e-06 -1.9447e-06 -2.7286e-06 -3.6831e-06 -4.8227e-06 0.0000e+00 -7.7169e-06 -9.5031e-06 -1.1538e-05 -1.3839e-05 -1.6425e-05 -1.9316e-05 -2.2533e-05 -2.6096e-05 -3.0030e-05 -3.4355e-05 -3.9095e-05 -4.4273e-05 -4.9908e-05 -5.6019e-05 -6.2621e-05 -6.9722e-05 -7.7321e-05 -8.5407e-05 -9.3952e-05 -1.0291e-04 -1.1220e-04 -1.2171e-04 -1.3129e-04 -1.4074e-04 -1.4980e-04 -1.5812e-04 -1.6533e-04 -1.7094e-04 -1.7443e-04 -1.7525e-04 -1.7286e-04 -1.6681e-04 -1.5682e-04 -1.4290e-04 -1.2544e-04 -1.0528e-04 -8.3715e-05 -6.2382e-05 -4.2979e-05 -2.6932e-05 -1.5045e-05 -7.3106e-06 -2.9977e-06 -9.9929e-07 -2.5859e-07 -4.9052e-08 -6.3499e-09 -5.1302e-10 -2.3120e-11 -5.0441e-13 -4.4520e-15 -1.2646e-17 -8.6264e-21 -9.6918e-25 -1.1006e-29 -6.6856e-36 -9.4267e-44 -1.0238e-53 -1.9721e-66 -9.3843e-83 -7.6504e-104 -2.7860e-131 -2.9537e-167 -8.1299e-215 -2.8826e-278 -0.0000e+00 -0.0000e+00 -0.0000e+00 -0.0000e+00 -0.0000e+00 -0.0000e+00 -0.0000e+00 -0.0000e+00 -0.0000e+00 -0.0000e+00 -0.0000e+00 -0.0000e+00 -0.0000e+00 -0.0000e+00 -0.0000e+00 -0.0000e+00 -0.0000e+00 -0.0000e+00 -0.0000e+00 -0.0000e+00 -0.0000e+00 -0.0000e+00 -0.0000e+00 -0.0000e+00
-1.8496e-08 -1.0473e-07 -2.8907e-07 -5.9475e-07 -1.0420e-06 -1.6496e-06 -2.4354e-06 -3.4171e-06 -4.6124e-06 -6.0395e-06 -7.7169e-06 1.8116e-05 -1.1901e-05 -1.4449e-05 -1.7331e-05 -2.0569e-05 -2.4190e-05 -2.8218e-05 -3.2681e-05 -3.7607e-05 -4.3023e-05 -4.8960e-05 -5.5443e-05 -6.2500e-05 -7.0154e-05 -7.8421e-05 -8.7314e-05 -9.6831e-05 -1.0696e-04 -1.1766e-04 -1.2887e-04 -1.4051e-04 -1.5242e-04 -1.6442e-04 -1.7626e-04 -1.8760e-04 -1.9803e-04 -2.0705e-04 -2.1408e-04 -2.1845e-04 -2.1948e-04 -2.1649e-04 -2.0892e-04 -1.9642e-04 -1.7899e-04 -1.5712e-04 -1.3187e-04 -1.0487e-04 -7.8151e-05 -5.3847e-05 -3.3746e-05 -1.8854e-05 -9.1623e-06 -3.7576e-06 -1.2529e-06 -3.2429e-07 -6.1531e-08 -7.9681e-09 -6.4403e-10 -2.9039e-11 -6.3397e-13 -5.5999e-15 -1.5923e-17 -1.0874e-20 -1.2236e-24 -1.3921e-29 -8.4760e-36 -1.1986e-43 -1.3067e-53 -2.5289e-66 -1.2107e-82 -9.9464e-104 -3.6585e-131 -3.9291e-167 -1.0999e-214 -3.9867e-278 -0.0000e+00 -0.0000e+00 -0.0000e+00 -0.0000e+00 -0.0000e+00 -0.0000e+00 -0.0000e+00 -0.0000e+00 -0.0000e+00 -0.0000e+00 -0.0000e+00 -0.0000e+00 -0.0000e+00 -0.0000e+00 -0.0000e+00 -0.0000e+00 -0.0000e+00 -0.0000e+00 -0.0000e+00 -0.0000e+00 -0.0000e+00 -0.0000e+00 -0.0000e+00 -0.0000e+00 -1.8496e-08 -1.0473e-07 -2.8907e-07 -5.9475e-07 -1.0420e-06 -1.6496e-06 -2.4354e-06 -3.4171e-06 -4.6124e-06 -6.0395e-06 -7.7169e-06 0.0000e+00 -1.1901e-05 -1.4449e-05 -1.7331e-05 -2.0569e-05 -2.4190e-05 -2.8218e-05 -3.2681e-05 -3.7607e-05 -4.3023e-05 -4.8960e-05 -5.5443e-05 -6.2500e-05 -7.0154e-05 -7.8421e-05 -8.7314e-05 -9.6830e-05 -1.0696e-04 -1.1766e-04 -1.2887e-04 -1.4050e-04 -1.5242e-04 -1.6442e-04 -1.7625e-04 -1.8759e-04 -1.9802e-04 -2.0704e-04 -2.1407e-04 -2.1844e-04 -2.1947e-04 -2.1648e-04 -2.0890e-04 -1.9639e-04 -1.7896e-04 -1.5709e-04 -1.3184e-04 -1.0484e-04 -7.8127e-05 -5.3827e-05 -3.3731e-05 -1.8844e-05 -9.1564e-06 -3.7546e-06 -1.2517e-06 -3.2392e-07 -6.1446e-08 -7.9548e-09 -6.4273e-10 -2.8968e-11 -6.3207e-13 -5.5795e-15 -1.5852e-17 -1.0815e-20 -1.2154e-24 -1.3807e-29 -8.3902e-36 -1.1836e-43 -1.2863e-53 -2.4798e-66 -1.1813e-82 -9.6432e-104 -3.5180e-131 -3.7382e-167 -1.0321e-214 -3.6741e-278 -0.0000e+00 -0.0000e+00 -0.0000e+00 -0.0000e+00 -0.0000e+00 -0.0000e+00 -0.0000e+00 -0.0000e+00 -0.0000e+00 -0.0000e+00 -0.0000e+00 -0.0000e+00 -0.0000e+00 -0.0000e+00 -0.0000e+00 -0.0000e+00 -0.0000e+00 -0.0000e+00 -0.0000e+00 -0.0000e+00 -0.0000e+00 -0.0000e+00 -0.0000e+00 -0.0000e+00
-2.2778e-08 -1.2897e-07 -3.5598e-07 -7.3242e-07 -1.2832e-06 -2.0314e-06 -2.9991e-06 -4.2080e-06 -5.6801e-06 -7.4375e-06 -9.5031e-06 -1.1901e-05 2.9647e-05 -1.7793e-05 -2.1342e-05 -2.5330e-05 -2.9789e-05 -3.4750e-05 -4.0246e-05 -4.6312e-05 -5.2982e-05 -6.0293e-05 -6.8277e-05 -7.6968e-05 -8.6393e-05 -9.6574e-05 -1.0753e-04 -1.1925e-04 -1.3172e-04 -1.4489e-04 -1.5870e-04 -1.7303e-04 -1.8770e-04 -2.0248e-04 -2.1706e-04 -2.3102e-04 -2.4387e-04 -2.5499e-04 -2.6364e-04 -2.6903e-04 -2.7030e-04 -2.6663e-04 -2.5730e-04 -2.4191e-04 -2.2045e-04 -1.9352e-04 -1.6243e-04 -1.2918e-04 -9.6269e-05 -6.6335e-05 -4.1575e-05 -2.3230e-05 -1.1290e-05 -4.6308e-06 -1.5443e-06 -3.9979e-07 -7.5873e-08 -9.8282e-09 -7.9465e-10 -3.5845e-11 -7.8295e-13 -6.9202e-15 -1.9692e-17 -1.3461e-20 -1.5164e-24 -1.7278e-29 -1.0539e-35 -1.4939e-43 -1.6332e-53 -3.1724e-66 -1.5258e-82 -1.2610e-103 -4.6733e-131 -5.0677e-167 -1.4363e-214 -5.2898e-278 -0.0000e+00 -0.0000e+00 -0.0000e+00 -0.0000e+00 -0.0000e+00 -0.0000e+00 -0.0000e+00 -0.0000e+00 -0.0000e+00 -0.0000e+00 -0.0000e+00 -0.0000e+00 -0.0000e+00 -0.0000e+00 -0.0000e+00 -0.0000e+00 -0.0000e+00 -0.0000e+00 -0.0000e+00 -0.0000e+00 -0.0000e+00 -0.0000e+00 -0.0000e+00 -0.0000e+00 -2.2778e-08 -1.2897e-07 -3.5598e-07 -7.3242e-07 -1.2832e-06 -2.0314e-06 -2.9991e-06 -4.2080e-06 -5.6801e-06 -7.4375e-06 -9.5031e-06 -1.1901e-05 0.0000e+00 -1.7793e-05 -2.1342e-05 -2.5330e-05 -2.9789e-05 -3.4750e-05 -4.0246e-05 -4.6312e-05 -5.2982e-05 -6.0293e-05 -6.8277e-05 -7.6968e-05 -8.6392e-05 -9.6574e-05 -1.0752e-04 -1.1924e-04 -1.3171e-04 -1.4489e-04 -1.5870e-04 -1.7303e-04 -1.8770e-04 -2.0248e-04 -2.1705e-04 -2.3102e-04 -2.4386e-04 -2.5497e-04 -2.6362e-04 -2.6901e-04 -2.7027e-04 -2.6659e-04 -2.5726e-04 -2.4186e-04 -2.2040e-04 -1.9346e-04 -1.6237e-04 -1.2912e-04 -9.6220e-05 -6.6295e-05 -4.1545e-05 -2.3209e-05 -1.1278e-05 -4.6249e-06 -1.5419e-06 -3.9904e-07 -7.5702e-08 -9.8014e-09 -7.9202e-10 -3.5701e-11 -7.7912e-13 -6.8790e-15 -1.9549e-17 -1.3342e-20 -1.4999e-24 -1.7047e-29 -1.0366e-35 -1.4635e-43 -1.5921e-53 -3.0730e-66 -1.4663e-82 -1.1995e-103 -4.3876e-131 -4.6788e-167 -1.2977e-214 -4.6482e-278 -0.0000e+00 -0.0000e+00 -0.0000e+00 -0.0000e+00 -0.0000e+00 -0.0000e+00 -0.0000e+00 -0.0000e+00 -0.0000e+00 -0.0000e+00 -0.0000e+00 -0.0000e+00 -0.0000e+00 -0.0000e+00 -0.0000e+00 -0.0000e+00 -0.0000e+00 -0.0000e+00 -0.0000e+00 -0.0000e+00 -0.0000e+00 -0.0000e+00 -0.0000e+00 -0.0000e+00
-2.7654e-08 -1.5659e-07 -4.3220e-07 -8.8924e-07 -1.5580e-06 -2.4663e-06 -3.6412e-06 -5.1090e-06 -6.8962e-06 -9.0299e-06 -1.1538e-05 -1.4449e-05 -1.7793e-05 4.6868e-05 -2.5912e-05 -3.0754e-05 -3.6167e-05 -4.2190e-05 -4.8863e-05 -5.6227e-05 -6.4326e-05 -7.3202e-05 -8.2896e-05 -9.3448e-05 -1.0489e-04 -1.1725e-04 -1.3055e-04 -1.4478e-04 -1.5992e-04 -1.7592e-04 -1.9269e-04 -2.1008e-04 -2.2789e-04 -2.4584e-04 -2.6354e-04 -2.8050e-04 -2.9610e-04 -3.0960e-04 -3.2011e-04 -3.2666e-04 -3.2821e-04 -3.2375e-04 -3.1244e-04 -2.9376e-04 -2.6770e-04 -2.3501e-04 -1.9727e-04 -1.5689e-04 -1.1693e-04 -8.0581e-05 -5.0509e-05 -2.8225e-05 -1.3720e-05 -5.6286e-06 -1.8774e-06 -4.8618e-07 -9.2300e-08 -1.1961e-08 -9.6758e-10 -4.3672e-11 -9.5463e-13 -8.4455e-15 -2.4059e-17 -1.6470e-20 -1.8586e-24 -2.1223e-29 -1.2981e-35 -1.8461e-43 -2.0269e-53 -3.9581e-66 -1.9165e-82 -1.5973e-103 -5.9838e-131 -6.5775e-167 -1.8965e-214 -7.1378e-278 -0.0000e+00 -0.0000e+00 -0.0000e+00 -0.0000e+00 -0.0000e+00 -0.0000e+00 -0.0000e+00 -0.0000e+00 -0.0000e+00 -0.0000e+00 -0.0000e+00 -0.0000e+00 -0.0000e+00 -0.0000e+00 -0.0000e+00 -0.0000e+00 -0.0000e+00 -0.0000e+00 -0.0000e+00 -0.0000e+00 -0.0000e+00 -0.0000e+00 -0.0000e+00 -0.0000e+00 -2.7654e-08 -1.5659e-07 -4.3220e-07 -8.8924e-07 -1.5580e-06 -2.4663e-06 -3.6412e-06 -5.1090e-06 -6.8962e-06 -9.0299e-06 -1.1538e-05 -1.4449e-05 -1.7793e-05 0.0000e+00 -2.5912e-05 -3.0754e-05 -3.6167e-05 -4.2190e-05 -4.8863e-05 -5.6227e-05 -6.4326e-05 -7.3202e-05 -8.2896e-05 -9.3447e-05 -1.0489e-04 -1.1725e-04 -1.3055e-04 -1.4478e-04 -1.5992e-04 -1.7592e-04 -1.9268e-04 -2.1008e-04 -2.2789e-04 -2.4583e-04 -2.6353e-04 -2.8048e-04 -2.9608e-04 -3.0957e-04 -3.2007e-04 -3.2661e-04 -3.2815e-04 -3.2368e-04 -3.1236e-04 -2.9366e-04 -2.6760e-04 -2.3491e-04 -1.9716e-04 -1.5679e-04 -1.1684e-04 -8.0503e-05 -5.0451e-05 -2.8186e-05 -1.3697e-05 -5.6172e-06 -1.8728e-06 -4.8474e-07 -9.1971e-08 -1.1909e-08 -9.6252e-10 -4.3396e-11 -9.4729e-13 -8.3664e-15 -2.3785e-17 -1.6241e-20 -1.8269e-24 -2.0779e-29 -1.2647e-35 -1.7876e-43 -1.9475e-53 -3.7662e-66 -1.8013e-82 -1.4781e-103 -5.4284e-131 -5.8188e-167 -1.6249e-214 -5.8728e-278 -0.0000e+00 -0.0000e+00 -0.0000e+00 -0.0000e+00 -0.0000e+00 -0.0000e+00 -0.0000e+00 -0.0000e+00 -0.0000e+00 -0.0000e+00 -0.0000e+00 -0.0000e+00 -0.0000e+00 -0.0000e+00 -0.0000e+00 -0.0000e+00 -0.0000e+00 -0.0000e+00 -0.0000e+00 -0.0000e+00 -0.0000e+00 -0.0000e+00 -0.0000e+00 -0.0000e+00
-3.3170e-08 -1.8782e-07 -5.1840e-07 -1.0666e-06 -1.8687e-06 -2.9582e-06 -4.3674e-06 -6.1279e-06 -8.2716e-06 -1.0831e-05 -1.3839e-05 -1.7331e-05 -2.1342e-05 -2.5912e-05 7.1927e-05 -3.6887e-05 -4.3380e-05 -5.0604e-05 -5.8608e-05 -6.7441e-05 -7.7155e-05 -8.7801e-05 -9.9429e-05 -1.1208e-04 -1.2581e-04 -1.4064e-04 -1.5658e-04 -1.7365e-04 -1.9181e-04 -2.1101e-04 -2.3112e-04 -2.5198e-04 -2.7335e-04 -2.9488e-04 -3.1611e-04 -3.3646e-04 -3.5518e-04 -3.7137e-04 -3.8399e-04 -3.9185e-04 -3.9372e-04 -3.8838e-04 -3.7483e-04 -3.5243e-04 -3.2119e-04 -2.8199e-04 -2.3671e-04 -1.8828e-04 -1.4034e-04 -9.6726e-05 -6.0638e-05 -3.3892e-05 -1.6479e-05 -6.7622e-06 -2.2563e-06 -5.8452e-07 -1.1102e-07 -1.4396e-08 -1.1654e-09 -5.2649e-11 -1.1521e-12 -1.0206e-14 -2.9123e-17 -1.9977e-20 -2.2600e-24 -2.5886e-29 -1.5894e-35 -2.2713e-43 -2.5087e-53 -4.9355e-66 -2.4122e-82 -2.0341e-103 -7.7319e-131 -8.6551e-167 -2.5525e-214 -9.8787e-278 -0.0000e+00 -0.0000e+00 -0.0000e+00 -0.0000e+00 -0.0000e+00 -0.0000e+00 -0.0000e+00 -0.0000e+00 -0.0000e+00 -0.0000e+00 -0.0000e+00 -0.0000e+00 -0.0000e+00 -0.0000e+00 -0.0000e+00 -0.0000e+00 -0.0000e+00 -0.0000e+00 -0.0000e+00 -0.0000e+00 -0.0000e+00 -0.0000e+00 -0.0000e+00 -0.0000e+00 -3.3170e-08 -1.8782e-07 -5.1840e-07 -1.0666e-06 -1.8687e-06 -2.9582e-06 -4.3674e-06 -6.1279e-06 -8.2716e-06 -1.0831e-05 -1.3839e-05 -1.7331e-05 -2.1342e-05 -2.5912e-05 0.0000e+00 -3.6887e-05 -4.3380e-05 -5.0604e-05 -5.8608e-05 -6.7441e-05 -7.7155e-05 -8.7801e-05 -9.9428e-05 -1.1208e-04 -1.2581e-04 -1.4064e-04 -1.5658e-04 -1.7365e-04 -1.9181e-04 -2.1100e-04 -2.3111e-04 -2.5197e-04 -2.7334e-04 -2.9486e-04 -3.1609e-04 -3.3642e-04 -3.5513e-04 -3.7132e-04 -3.8392e-04 -3.9177e-04 -3.9361e-04 -3.8826e-04 -3.7468e-04 -3.5226e-04 -3.2100e-04 -2.8179e-04 -2.3651e-04 -1.8809e-04 -1.4017e-04 -9.6583e-05 -6.0531e-05 -3.3820e-05 -1.6436e-05 -6.7412e-06 -2.2478e-06 -5.8188e-07 -1.1042e-07 -1.4301e-08 -1.1561e-09 -5.2139e-11 -1.1386e-12 -1.0060e-14 -2.8616e-17 -1.9553e-20 -2.2014e-24 -2.5065e-29 -1.5276e-35 -2.1629e-43 -2.3615e-53 -4.5791e-66 -2.1977e-82 -1.8114e-103 -6.6908e-131 -7.2254e-167 -2.0374e-214 -7.4577e-278 -0.0000e+00 -0.0000e+00 -0.0000e+00 -0.0000e+00 -0.0000e+00 -0.0000e+00 -0.0000e+00 -0.0000e+00 -0.0000e+00 -0.0000e+00 -0.0000e+00 -0.0000e+00 -0.0000e+00 -0.0000e+00 -0.0000e+00 -0.0000e+00 -0.0000e+00 -0.0000e+00 -0.0000e+00 -0.0000e+00 -0.0000e+00 -0.0000e+00 -0.0000e+00 -0.0000e+00
-3.9368e-08 -2.2292e-07 -6.1528e-07 -1.2659e-06 -2.2179e-06 -3.5110e-06 -5.1836e-06 -7.2731e-06 -9.8174e-06 -1.2855e-05 -1.6425e-05 -2.0569e-05 -2.5330e-05 -3.0754e-05 -3.6887e-05 1.0759e-04 -5.1487e-05 -6.0061e-05 -6.9560e-05 -8.0044e-05 -9.1574e-05 -1.0421e-04 -1.1801e-04 -1.3303e-04 -1.4932e-04 -1.6692e-04 -1.8585e-04 -2.0611e-04 -2.2766e-04 -2.5044e-04 -2.7432e-04 -2.9908e-04 -3.2445e-04 -3.5000e-04 -3.7521e-04 -3.9936e-04 -4.2159e-04 -4.4082e-04 -4.5581e-04 -4.6516e-04 -4.6739e-04 -4.6108e-04 -4.4501e-04 -4.1844e-04 -3.8138e-04 -3.3486e-04 -2.8112e-04 -2.2363e-04 -1.6672e-04 -1.1493e-04 -7.2065e-05 -4.0290e-05 -1.9596e-05 -8.0444e-06 -2.6854e-06 -6.9609e-07 -1.3231e-07 -1.7170e-08 -1.3914e-09 -6.2939e-11 -1.3794e-12 -1.2243e-14 -3.5015e-17 -2.4087e-20 -2.7345e-24 -3.1457e-29 -1.9417e-35 -2.7932e-43 -3.1103e-53 -6.1814e-66 -3.0591e-82 -2.6197e-103 -1.0148e-130 -1.1627e-166 -3.5271e-214 -1.4123e-277 -0.0000e+00 -0.0000e+00 -0.0000e+00 -0.0000e+00 -0.0000e+00 -0.0000e+00 -0.0000e+00 -0.0000e+00 -0.0000e+00 -0.0000e+00 -0.0000e+00 -0.0000e+00 -0.0000e+00 -0.0000e+00 -0.0000e+00 -0.0000e+00 -0.0000e+00 -0.0000e+00 -0.0000e+00 -0.0000e+00 -0.0000e+00 -0.0000e+00 -0.0000e+00 -0.0000e+00 -3.9368e-08 -2.2292e-07 -6.1528e-07 -1.2659e-06 -2.2179e-06 -3.5110e-06 -5.1836e-06 -7.2731e-06 -9.8174e-06 -1.2855e-05 -1.6425e-05 -2.0569e-05 -2.5330e-05 -3.0754e-05 -3.6887e-05 0.0000e+00 -5.1487e-05 -6.0061e-05 -6.9560e-05 -8.0044e-05 -9.1573e-05 -1.0421e-04 -1.1801e-04 -1.3303e-04 -1.4932e-04 -1.6692e-04 -1.8584e-04 -2.0610e-04 -2.2766e-04 -2.5043e-04 -2.7430e-04 -2.9906e-04 -3.2442e-04 -3.4997e-04 -3.7516e-04 -3.9930e-04 -4.2151e-04 -4.4072e-04 -4.5568e-04 -4.6500e-04 -4.6720e-04 -4.6085e-04 -4.4474e-04 -4.1814e-04 -3.8105e-04 -3.3451e-04 -2.8077e-04 -2.2330e-04 -1.6642e-04 -1.1467e-04 -7.1874e-05 -4.0161e-05 -1.9520e-05 -8.0071e-06 -2.6704e-06 -6.9139e-07 -1.3123e-07 -1.7002e-08 -1.3749e-09 -6.2033e-11 -1.3553e-12 -1.1983e-14 -3.4113e-17 -2.3332e-20 -2.6301e-24 -2.9992e-29 -1.8313e-35 -2.5991e-43 -2.8463e-53 -5.5403e-66 -2.6720e-82 -2.2161e-103 -8.2514e-131 -9.0034e-167 -2.5730e-214 -9.5835e-278 -0.0000e+00 -0.0000e+00 -0.0000e+00 -0.0000e+00 -0.0000e+00 -0.0000e+00 -0.0000e+00 -0.0000e+00 -0.0000e+00 -0.0000e+00 -0.0000e+00 -0.0000e+00 -0.0000e+00 -0.0000e+00 -0.0000e+00 -0.0000e+00 -0.0000e+00 -0.0000e+00 -0.0000e+00 -0.0000e+00 -0.0000e+00 -0.0000e+00 -0.0000e+00 -0.0000e+00
