1.6572e-19 -4.6947e-19 -2.9179e-18 -1.0685e-17 -2.9293e-17 -6.6895e-17 -1.3471e-16 -2.4747e-16 -4.2395e-16 -6.8747e-16 -1.0666e-15 -1.5956e-15 -2.3158e-15 -3.2758e-15 -4.5330e-15 -6.1545e-15 -8.2188e-15 -1.0817e-14 -1.4055e-14 -1.8056e-14 -2.2960e-14 -2.8932e-14 -3.6160e-14 -4.4861e-14 -5.5286e-14 -6.7723e-14 -8.2504e-14 -1.0001e-13 -1.2068e-13 -1.4501e-13 -1.7358e-13 -2.0705e-13 -2.4616e-13 -2.9175e-13 -3.4477e-13 -4.0626e-13 -4.7734e-13 -5.5920e-13 -6.5300e-13 -7.5980e-13 -8.8034e-13 -1.0148e-12 -1.1622e-12 -1.3201e-12 -1.4831e-12 -1.6423e-12 -1.7834e-12 -1.8865e-12 -1.9257e-12 -1.8725e-12 -1.7039e-12 -1.4160e-12 -1.0388e-12 -6.4194e-13 -3.1306e-13 -1.1000e-13 -2.4517e-14 -2.8969e-15 -1.4083e-16 -1.9653e-18 -4.7059e-21 -9.2329e-25 -5.0959e-30 -1.6682e-37 -3.3024e-48 -1.3520e-63 -7.4671e-86 -2.8677e-118 -7.7613e-166 -3.1990e-236 -0.0000e+00 -0.0000e+00 -0.0000e+00 -0.0000e+00 -0.0000e+00 -0.0000e+00 -0.0000e+00 -0.0000e+00 -0.0000e+00 -0.0000e+00 -0.0000e+00 -0.0000e+00 -0.0000e+00 -0.0000e+00 -0.0000e+00 -0.0000e+00 -0.0000e+00 -0.0000e+00 -0.0000e+00 -0.0000e+00 -0.0000e+00 -0.0000e+00 -0.0000e+00 -0.0000e+00 -0.0000e+00 -0.0000e+00 -0.0000e+00 -0.0000e+00 -0.0000e+00 -0.0000e+00 0.0000e+00 -4.6947e-19 -2.9179e-18 -1.0685e-17 -2.9293e-17 -6.6895e-17 -1.3471e-16 -2.4747e-16 -4.2395e-16 -6.8747e-16 -1.0666e-15 -1.5956e-15 -2.3158e-15 -3.2758e-15 -4.5330e-15 -6.1545e-15 -8.2188e-15 -1.0817e-14 -1.4055e-14 -1.8056e-14 -2.2960e-14 -2.8932e-14 -3.6160e-14 -4.4861e-14 -5.5286e-14 -6.7723e-14 -8.2504e-14 -1.0001e-13 -1.2068e-13 -1.4501e-13 -1.7358e-13 -2.0705e-13 -2.4616e-13 -2.9175e-13 -3.4477e-13 -4.0626e-13 -4.7734e-13 -5.5920e-13 -6.5300e-13 -7.5980e-13 -8.8034e-13 -1.0148e-12 -1.1622e-12 -1.3201e-12 -1.4831e-12 -1.6423e-12 -1.7834e-12 -1.8865e-12 -1.9257e-12 -1.8725e-12 -1.7039e-12 -1.4160e-12 -1.0388e-12 -6.4194e-13 -3.1306e-13 -1.1000e-13 -2.4517e-14 -2.8969e-15 -1.4083e-16 -1.9653e-18 -4.7059e-21 -9.2329e-25 -5.0959e-30 -1.6682e-37 -3.3024e-48 -1.3520e-63 -7.4671e-86 -2.8677e-118 -7.7613e-166 -3.1990e-236 -0.0000e+00 -0.0000e+00 -0.0000e+00 -0.0000e+00 -0.0000e+00 -0.0000e+00 -0.0000e+00 -0.0000e+00 -0.0000e+00 -0.0000e+00 -0.0000e+00 -0.0000e+00 -0.0000e+00 -0.0000e+00 -0.0000e+00 -0.0000e+00 -0.0000e+00 -0.0000e+00 -0.0000e+00 -0.0000e+00 -0.0000e+00 -0.0000e+00 -0.0000e+00 -0.0000e+00 -0.0000e+00 -0.0000e+00 -0.0000e+00 -0.0000e+00 -0.0000e+00 -0.0000e+00
-4.6947e-19 7.8125e-04 -6.6121e-17 -2.4212e-16 -6.6378e-16 -1.5159e-15 -3.0526e-15 -5.6079e-15 -9.6069e-15 -1.5578e-14 -2.4169e-14 -3.6158e-14 -5.2477e-14 -7.4231e-14 -1.0272e-13 -1.3946e-13 -1.8624e-13 -2.4512e-13 -3.1850e-13 -4.0915e-13 -5.2028e-13 -6.5561e-13 -8.1939e-13 -1.0166e-12 -1.2528e-12 -1.5346e-12 -1.8696e-12 -2.2662e-12 -2.7346e-12 -3.2860e-12 -3.9334e-12 -4.6918e-12 -5.5780e-12 -6.6112e-12 -7.8126e-12 -9.2060e-12 -1.0817e-11 -1.2672e-11 -1.4797e-11 -1.7217e-11 -1.9949e-11 -2.2995e-11 -2.6337e-11 -2.9914e-11 -3.3607e-11 -3.7214e-11 -4.0413e-11 -4.2749e-11 -4.3637e-11 -4.2431e-11 -3.8612e-11 -3.2087e-11 -2.3539e-11 -1.4546e-11 -7.0940e-12 -2.4927e-12 -5.5556e-13 -6.5644e-14 -3.1914e-15 -4.4533e-17 -1.0664e-19 -2.0922e-23 -1.1548e-28 -3.7803e-36 -7.4832e-47 -3.0636e-62 -1.6921e-84 -6.4984e-117 -1.7587e-164 -7.2490e-235 -0.0000e+00 -0.0000e+00 -0.0000e+00 -0.0000e+00 -0.0000e+00 -0.0000e+00 -0.0000e+00 -0.0000e+00 -0.0000e+00 -0.0000e+00 -0.0000e+00 -0.0000e+00 -0.0000e+00 -0.0000e+00 -0.0000e+00 -0.0000e+00 -0.0000e+00 -0.0000e+00 -0.0000e+00 -0.0000e+00 -0.0000e+00 -0.0000e+00 -0.0000e+00 -0.0000e+00 -0.0000e+00 -0.0000e+00 -0.0000e+00 -0.0000e+00 -0.0000e+00 -0.0000e+00 -4.6947e-19 0.0000e+00 -6.6121e-17 -2.4212e-16 -6.6378e-16 -1.5159e-15 -3.0526e-15 -5.6079e-15 -9.6069e-15 -1.5578e-14 -2.4169e-14 -3.6158e-14 -5.2477e-14 -7.4231e-14 -1.0272e-13 -1.3946e-13 -1.8624e-13 -2.4512e-13 -3.1850e-13 -4.0915e-13 -5.2028e-13 -6.5561e-13 -8.1939e-13 -1.0166e-12 -1.2528e-12 -1.5346e-12 -1.8696e-12 -2.2662e-12 -2.7346e-12 -3.2860e-12 -3.9334e-12 -4.6918e-12 -5.5780e-12 -6.6112e-12 -7.8126e-12 -9.2060e-12 -1.0817e-11 -1.2672e-11 -1.4797e-11 -1.7217e-11 -1.9949e-11 -2.2995e-11 -2.6337e-11 -2.9914e-11 -3.3607e-11 -3.7214e-11 -4.0413e-11 -4.2749e-11 -4.3637e-11 -4.2431e-11 -3.8612e-11 -3.2087e-11 -2.3539e-11 -1.4546e-11 -7.0940e-12 -2.4927e-12 -5.5556e-13 -6.5644e-14 -3.1914e-15 -4.4533e-17 -1.0664e-19 -2.0922e-23 -1.1548e-28 -3.7803e-36 -7.4832e-47 -3.0636e-62 -1.6921e-84 -6.4984e-117 -1.7587e-164 -7.2490e-235 -0.0000e+00 -0.0000e+00 -0.0000e+00 -0.0000e+00 -0.0000e+00 -0.0000e+00 -0.0000e+00 -0.0000e+00 -0.0000e+00 -0.0000e+00 -0.0000e+00 -0.0000e+00 -0.0000e+00 -0.0000e+00 -0.0000e+00 -0.0000e+00 -0.0000e+00 -0.0000e+00 -0.0000e+00 -0.0000e+00 -0.0000e+00 -0.0000e+00 -0.0000e+00 -0.0000e+00 -0.0000e+00 -0.0000e+00 -0.0000e+00 -0.0000e+00 -0.0000e+00 -0.0000e+00
-2.9179e-18 -6.6121e-17 9.8487e-15 -1.5049e-15 -4.1256e-15 -9.4215e-15 -1.8973e-14 -3.4854e-14 -5.9710e-14 -9.6824e-14 -1.5021e-13 -2.2473e-13 -3.2616e-13 -4.6137e-13 -6.3842e-13 -8.6680e-13 -1.1575e-12 -1.5235e-12 -1.9795e-12 -2.5430e-12 -3.2337e-12 -4.0748e-12 -5.0928e-12 -6.3183e-12 -7.7865e-12 -9.5382e-12 -1.1620e-11 -1.4085e-11 -1.6996e-11 -2.0423e-11 -2.4447e-11 -2.9161e-11 -3.4669e-11 -4.1090e-11 -4.8558e-11 -5.7218e-11 -6.7229e-11 -7.8758e-11 -9.1969e-11 -1.0701e-10 -1.2399e-10 -1.4292e-10 -1.6369e-10 -1.8592e-10 -2.0888e-10 -2.3130e-10 -2.5118e-10 -2.6570e-10 -2.7121e-10 -2.6372e-10 -2.3998e-10 -1.9943e-10 -1.4630e-10 -9.0411e-11 -4.4091e-11 -1.5493e-11 -3.4529e-12 -4.0799e-13 -1.9835e-14 -2.7679e-16 -6.6278e-19 -1.3004e-22 -7.1771e-28 -2.3495e-35 -4.6511e-46 -1.9041e-61 -1.0517e-83 -4.0389e-116 -1.0931e-163 -4.5055e-234 -0.0000e+00 -0.0000e+00 -0.0000e+00 -0.0000e+00 -0.0000e+00 -0.0000e+00 -0.0000e+00 -0.0000e+00 -0.0000e+00 -0.0000e+00 -0.0000e+00 -0.0000e+00 -0.0000e+00 -0.0000e+00 -0.0000e+00 -0.0000e+00 -0.0000e+00 -0.0000e+00 -0.0000e+00 -0.0000e+00 -0.0000e+00 -0.0000e+00 -0.0000e+00 -0.0000e+00 -0.0000e+00 -0.0000e+00 -0.0000e+00 -0.0000e+00 -0.0000e+00 -0.0000e+00 -2.9179e-18 -6.6121e-17 0.0000e+00 -1.5049e-15 -4.1256e-15 -9.4215e-15 -1.8973e-14 -3.4854e-14 -5.9710e-14 -9.6824e-14 -1.5021e-13 -2.2473e-13 -3.2616e-13 -4.6137e-13 -6.3842e-13 -8.6680e-13 -1.1575e-12 -1.5235e-12 -1.9795e-12 -2.5430e-12 -3.2337e-12 -4.0748e-12 -5.0928e-12 -6.3183e-12 -7.7865e-12 -9.5382e-12 -1.1620e-11 -1.4085e-11 -1.6996e-11 -2.0423e-11 -2.4447e-11 -2.9161e-11 -3.4669e-11 -4.1090e-11 -4.8558e-11 -5.7218e-11 -6.7229e-11 -7.8758e-11 -9.1969e-11 -1.0701e-10 -1.2399e-10 -1.4292e-10 -1.6369e-10 -1.8592e-10 -2.0888e-10 -2.3130e-10 -2.5118e-10 -2.6570e-10 -2.7121e-10 -2.6372e-10 -2.3998e-10 -1.9943e-10 -1.4630e-10 -9.0411e-11 -4.4091e-11 -1.5493e-11 -3.4529e-12 -4.0799e-13 -1.9835e-14 -2.7679e-16 -6.6278e-19 -1.3004e-22 -7.1771e-28 -2.3495e-35 -4.6511e-46 -1.9041e-61 -1.0517e-83 -4.0389e-116 -1.0931e-163 -4.5055e-234 -0.0000e+00 -0.0000e+00 -0.0000e+00 -0.0000e+00 -0.0000e+00 -0.0000e+00 -0.0000e+00 -0.0000e+00 -0.0000e+00 -0.0000e+00 -0.0000e+00 -0.0000e+00 -0.0000e+00 -0.0000e+00 -0.0000e+00 -0.0000e+00 -0.0000e+00 -0.0000e+00 -0.0000e+00 -0.0000e+00 -0.0000e+00 -0.0000e+00 -0.0000e+00 -0.0000e+00 -0.0000e+00 -0.0000e+00 -0.0000e+00 -0.0000e+00 -0.0000e+00 -0.0000e+00
-1.0685e-17 -2.4212e-16 -1.5049e-15 7.6294e-07 -1.5107e-14 -3.4500e-14 -6.9474e-14 -1.2763e-13 -2.1865e-13 -3.5455e-13 -5.5006e-13 -8.2292e-13 -1.1943e-12 -1.6894e-12 -2.3378e-12 -3.1741e-12 -4.2387e-12 -5.5787e-12 -7.2487e-12 -9.3119e-12 -1.1841e-11 -1.4921e-11 -1.8649e-11 -2.3136e-11 -2.8513e-11 -3.4927e-11 -4.2550e-11 -5.1578e-11 -6.2237e-11 -7.4786e-11 -8.9522e-11 -1.0678e-10 -1.2695e-10 -1.5047e-10 -1.7781e-10 -2.0952e-10 -2.4618e-10 -2.8840e-10 -3.3677e-10 -3.9185e-10 -4.5402e-10 -5.2336e-10 -5.9940e-10 -6.8081e-10 -7.6488e-10 -8.4696e-10 -9.1978e-10 -9.7295e-10 -9.9314e-10 -9.6570e-10 -8.7878e-10 -7.3027e-10 -5.3574e-10 -3.3107e-10 -1.6145e-10 -5.6732e-11 -1.2644e-11 -1.4940e-12 -7.2633e-14 -1.0135e-15 -2.4270e-18 -4.7617e-22 -2.6281e-27 -8.6036e-35 -1.7031e-45 -6.9725e-61 -3.8510e-83 -1.4790e-115 -4.0027e-163 -1.6498e-233 -0.0000e+00 -0.0000e+00 -0.0000e+00 -0.0000e+00 -0.0000e+00 -0.0000e+00 -0.0000e+00 -0.0000e+00 -0.0000e+00 -0.0000e+00 -0.0000e+00 -0.0000e+00 -0.0000e+00 -0.0000e+00 -0.0000e+00 -0.0000e+00 -0.0000e+00 -0.0000e+00 -0.0000e+00 -0.0000e+00 -0.0000e+00 -0.0000e+00 -0.0000e+00 -0.0000e+00 -0.0000e+00 -0.0000e+00 -0.0000e+00 -0.0000e+00 -0.0000e+00 -0.0000e+00 -1.0685e-17 -2.4212e-16 -1.5049e-15 0.0000e+00 -1.5107e-14 -3.4500e-14 -6.9474e-14 -1.2763e-13 -2.1865e-13 -3.5455e-13 -5.5006e-13 -8.2292e-13 -1.1943e-12 -1.6894e-12 -2.3378e-12 -3.1741e-12 -4.2387e-12 -5.5787e-12 -7.2487e-12 -9.3119e-12 -1.1841e-11 -1.4921e-11 -1.8649e-11 -2.3136e-11 -2.8513e-11 -3.4927e-11 -4.2550e-11 -5.1578e-11 -6.2237e-11 -7.4786e-11 -8.9522e-11 -1.0678e-10 -1.2695e-10 -1.5047e-10 -1.7781e-10 -2.0952e-10 -2.4618e-10 -2.8840e-10 -3.3677e-10 -3.9185e-10 -4.5402e-10 -5.2336e-10 -5.9940e-10 -6.8081e-10 -7.6488e-10 -8.4696e-10 -9.1978e-10 -9.7295e-10 -9.9314e-10 -9.6570e-10 -8.7878e-10 -7.3027e-10 -5.3574e-10 -3.3107e-10 -1.6145e-10 -5.6732e-11 -1.2644e-11 -1.4940e-12 -7.2633e-14 -1.0135e-15 -2.4270e-18 -4.7617e-22 -2.6281e-27 -8.6036e-35 -1.7031e-45 -6.9725e-61 -3.8510e-83 -1.4790e-115 -4.0027e-163 -1.6498e-233 -0.0000e+00 -0.0000e+00 -0.0000e+00 -0.0000e+00 -0.0000e+00 -0.0000e+00 -0.0000e+00 -0.0000e+00 -0.0000e+00 -0.0000e+00 -0.0000e+00 -0.0000e+00 -0.0000e+00 -0.0000e+00 -0.0000e+00 -0.0000e+00 -0.0000e+00 -0.0000e+00 -0.0000e+00 -0.0000e+00 -0.0000e+00 -0.0000e+00 -0.0000e+00 -0.0000e+00 -0.0000e+00 -0.0000e+00 -0.0000e+00 -0.0000e+00 -0.0000e+00 -0.0000e+00
-2.9293e-17 -6.6378e-16 -4.1256e-15 -1.5107e-14 1.6500e-12 -9.4582e-14 -1.9046e-13 -3.4990e-13 -5.9942e-13 -9.7201e-13 -1.5080e-12 -2.2561e-12 -3.2743e-12 -4.6316e-12 -6.4091e-12 -8.7018e-12 -1.1620e-11 -1.5294e-11 -1.9872e-11 -2.5529e-11 -3.2463e-11 -4.0906e-11 -5.1126e-11 -6.3429e-11 -7.8169e-11 -9.5753e-11 -1.1665e-10 -1.4140e-10 -1.7062e-10 -2.0503e-10 -2.4542e-10 -2.9274e-10 -3.4804e-10 -4.1250e-10 -4.8747e-10 -5.7441e-10 -6.7491e-10 -7.9065e-10 -9.2327e-10 -1.0743e-09 -1.2447e-09 -1.4348e-09 -1.6433e-09 -1.8664e-09 -2.0969e-09 -2.3220e-09 -2.5216e-09 -2.6673e-09 -2.7227e-09 -2.6475e-09 -2.4092e-09 -2.0020e-09 -1.4687e-09 -9.0762e-10 -4.4263e-10 -1.5553e-10 -3.4664e-11 -4.0958e-12 -1.9912e-13 -2.7786e-15 -6.6536e-18 -1.3054e-21 -7.2050e-27 -2.3587e-34 -4.6692e-45 -1.9115e-60 -1.0558e-82 -4.0546e-115 -1.0974e-162 -4.5230e-233 -0.0000e+00 -0.0000e+00 -0.0000e+00 -0.0000e+00 -0.0000e+00 -0.0000e+00 -0.0000e+00 -0.0000e+00 -0.0000e+00 -0.0000e+00 -0.0000e+00 -0.0000e+00 -0.0000e+00 -0.0000e+00 -0.0000e+00 -0.0000e+00 -0.0000e+00 -0.0000e+00 -0.0000e+00 -0.0000e+00 -0.0000e+00 -0.0000e+00 -0.0000e+00 -0.0000e+00 -0.0000e+00 -0.0000e+00 -0.0000e+00 -0.0000e+00 -0.0000e+00 -0.0000e+00 -2.9293e-17 -6.6378e-16 -4.1256e-15 -1.5107e-14 0.0000e+00 -9.4582e-14 -1.9046e-13 -3.4990e-13 -5.9942e-13 -9.7201e-13 -1.5080e-12 -2.2561e-12 -3.2743e-12 -4.6316e-12 -6.4091e-12 -8.7018e-12 -1.1620e-11 -1.5294e-11 -1.9872e-11 -2.5529e-11 -3.2463e-11 -4.0906e-11 -5.1126e-11 -6.3429e-11 -7.8169e-11 -9.5753e-11 -1.1665e-10 -1.4140e-10 -1.7062e-10 -2.0503e-10 -2.4542e-10 -2.9274e-10 -3.4804e-10 -4.1250e-10 -4.8747e-10 -5.7441e-10 -6.7491e-10 -7.9065e-10 -9.2327e-10 -1.0743e-09 -1.2447e-09 -1.4348e-09 -1.6433e-09 -1.8664e-09 -2.0969e-09 -2.3220e-09 -2.5216e-09 -2.6673e-09 -2.7227e-09 -2.6475e-09 -2.4092e-09 -2.0020e-09 -1.4687e-09 -9.0762e-10 -4.4263e-10 -1.5553e-10 -3.4664e-11 -4.0958e-12 -1.9912e-13 -2.7786e-15 -6.6536e-18 -1.3054e-21 -7.2050e-27 -2.3587e-34 -4.6692e-45 -1.9115e-60 -1.0558e-82 -4.0546e-115 -1.0974e-162 -4.5230e-233 -0.0000e+00 -0.0000e+00 -0.0000e+00 -0.0000e+00 -0.0000e+00 -0.0000e+00 -0.0000e+00 -0.0000e+00 -0.0000e+00 -0.0000e+00 -0.0000e+00 -0.0000e+00 -0.0000e+00 -0.0000e+00 -0.0000e+00 -0.0000e+00 -0.0000e+00 -0.0000e+00 -0.0000e+00 -0.0000e+00 -0.0000e+00 -0.0000e+00 -0.0000e+00 -0.0000e+00 -0.0000e+00 -0.0000e+00 -0.0000e+00 -0.0000e+00 -0.0000e+00 -0.0000e+00
-6.6895e-17 -1.5159e-15 -9.4215e-15 -3.4500e-14 -9.4582e-14 1.0308e-11 -4.3496e-13 -7.9906e-13 -1.3689e-12 -2.2197e-12 -3.4438e-12 -5.1521e-12 -7.4774e-12 -1.0577e-11 -1.4636e-11 -1.9872e-11 -2.6537e-11 -3.4927e-11 -4.5382e-11 -5.8299e-11 -7.4135e-11 -9.3417e-11 -1.1675e-10 -1.4485e-10 -1.7851e-10 -2.1867e-10 -2.6639e-10 -3.2292e-10 -3.8965e-10 -4.6821e-10 -5.6047e-10 -6.6853e-10 -7.9481e-10 -9.4202e-10 -1.1132e-09 -1.3118e-09 -1.5413e-09 -1.8056e-09 -2.1084e-09 -2.4533e-09 -2.8425e-09 -3.2766e-09 -3.7527e-09 -4.2624e-09 -4.7887e-09 -5.3026e-09 -5.7585e-09 -6.0913e-09 -6.2177e-09 -6.0460e-09 -5.5018e-09 -4.5720e-09 -3.3541e-09 -2.0727e-09 -1.0108e-09 -3.5518e-10 -7.9161e-11 -9.3535e-12 -4.5474e-13 -6.3455e-15 -1.5195e-17 -2.9812e-21 -1.6454e-26 -5.3865e-34 -1.0663e-44 -4.3653e-60 -2.4110e-82 -9.2595e-115 -2.5060e-162 -1.0329e-232 -0.0000e+00 -0.0000e+00 -0.0000e+00 -0.0000e+00 -0.0000e+00 -0.0000e+00 -0.0000e+00 -0.0000e+00 -0.0000e+00 -0.0000e+00 -0.0000e+00 -0.0000e+00 -0.0000e+00 -0.0000e+00 -0.0000e+00 -0.0000e+00 -0.0000e+00 -0.0000e+00 -0.0000e+00 -0.0000e+00 -0.0000e+00 -0.0000e+00 -0.0000e+00 -0.0000e+00 -0.0000e+00 -0.0000e+00 -0.0000e+00 -0.0000e+00 -0.0000e+00 -0.0000e+00 -6.6895e-17 -1.5159e-15 -9.4215e-15 -3.4500e-14 -9.4582e-14 0.0000e+00 -4.3496e-13 -7.9906e-13 -1.3689e-12 -2.2197e-12 -3.4438e-12 -5.1521e-12 -7.4774e-12 -1.0577e-11 -1.4636e-11 -1.9872e-11 -2.6537e-11 -3.4927e-11 -4.5382e-11 -5.8299e-11 -7.4135e-11 -9.3417e-11 -1.1675e-10 -1.4485e-10 -1.7851e-10 -2.1867e-10 -2.6639e-10 -3.2292e-10 -3.8965e-10 -4.6821e-10 -5.6047e-10 -6.6853e-10 -7.9481e-10 -9.4202e-10 -1.1132e-09 -1.3118e-09 -1.5413e-09 -1.8056e-09 -2.1084e-09 -2.4533e-09 -2.8425e-09 -3.2766e-09 -3.7527e-09 -4.2624e-09 -4.7887e-09 -5.3026e-09 -5.7585e-09 -6.0913e-09 -6.2177e-09 -6.0460e-09 -5.5018e-09 -4.5720e-09 -3.3541e-09 -2.0727e-09 -1.0108e-09 -3.5518e-10 -7.9161e-11 -9.3535e-12 -4.5474e-13 -6.3455e-15 -1.5195e-17 -2.9812e-21 -1.6454e-26 -5.3865e-34 -1.0663e-44 -4.3653e-60 -2.4110e-82 -9.2595e-115 -2.5060e-162 -1.0329e-232 -0.0000e+00 -0.0000e+00 -0.0000e+00 -0.0000e+00 -0.0000e+00 -0.0000e+00 -0.0000e+00 -0.0000e+00 -0.0000e+00 -0.0000e+00 -0.0000e+00 -0.0000e+00 -0.0000e+00 -0.0000e+00 -0.0000e+00 -0.0000e+00 -0.0000e+00 -0.0000e+00 -0.0000e+00 -0.0000e+00 -0.0000e+00 -0.0000e+00 -0.0000e+00 -0.0000e+00 -0.0000e+00 -0.0000e+00 -0.0000e+00 -0.0000e+00 -0.0000e+00 -0.0000e+00
-1.3471e-16 -3.0526e-15 -1.8973e-14 -6.9474e-14 -1.9046e-13 -4.3496e-13 4.8663e-11 -1.6091e-12 -2.7566e-12 -4.4700e-12 -6.9349e-12 -1.0375e-11 -1.5058e-11 -2.1300e-11 -2.9474e-11 -4.0017e-11 -5.3439e-11 -7.0334e-11 -9.1388e-11 -1.1740e-10 -1.4929e-10 -1.8812e-10 -2.3511e-10 -2.9169e-10 -3.5948e-10 -4.4034e-10 -5.3645e-10 -6.5027e-10 -7.8465e-10 -9.4286e-10 -1.1286e-09 -1.3463e-09 -1.6005e-09 -1.8970e-09 -2.2417e-09 -2.6415e-09 -3.1037e-09 -3.6360e-09 -4.2459e-09 -4.9403e-09 -5.7241e-09 -6.5982e-09 -7.5570e-09 -8.5833e-09 -9.6432e-09 -1.0678e-08 -1.1596e-08 -1.2266e-08 -1.2521e-08 -1.2175e-08 -1.1079e-08 -9.2068e-09 -6.7543e-09 -4.1739e-09 -2.0355e-09 -7.1524e-10 -1.5941e-10 -1.8836e-11 -9.1572e-13 -1.2778e-14 -3.0598e-17 -6.0033e-21 -3.3134e-26 -1.0847e-33 -2.1472e-44 -8.7906e-60 -4.8551e-82 -1.8646e-114 -5.0464e-162 -2.0800e-232 -0.0000e+00 -0.0000e+00 -0.0000e+00 -0.0000e+00 -0.0000e+00 -0.0000e+00 -0.0000e+00 -0.0000e+00 -0.0000e+00 -0.0000e+00 -0.0000e+00 -0.0000e+00 -0.0000e+00 -0.0000e+00 -0.0000e+00 -0.0000e+00 -0.0000e+00 -0.0000e+00 -0.0000e+00 -0.0000e+00 -0.0000e+00 -0.0000e+00 -0.0000e+00 -0.0000e+00 -0.0000e+00 -0.0000e+00 -0.0000e+00 -0.0000e+00 -0.0000e+00 -0.0000e+00 -1.3471e-16 -3.0526e-15 -1.8973e-14 -6.9474e-14 -1.9046e-13 -4.3496e-13 0.0000e+00 -1.6091e-12 -2.7566e-12 -4.4700e-12 -6.9349e-12 -1.0375e-11 -1.5058e-11 -2.1300e-11 -2.9474e-11 -4.0017e-11 -5.3439e-11 -7.0334e-11 -9.1388e-11 -1.1740e-10 -1.4929e-10 -1.8812e-10 -2.3511e-10 -2.9169e-10 -3.5948e-10 -4.4034e-10 -5.3645e-10 -6.5027e-10 -7.8465e-10 -9.4286e-10 -1.1286e-09 -1.3463e-09 -1.6005e-09 -1.8970e-09 -2.2417e-09 -2.6415e-09 -3.1037e-09 -3.6360e-09 -4.2459e-09 -4.9403e-09 -5.7241e-09 -6.5982e-09 -7.5570e-09 -8.5833e-09 -9.6432e-09 -1.0678e-08 -1.1596e-08 -1.2266e-08 -1.2521e-08 -1.2175e-08 -1.1079e-08 -9.2068e-09 -6.7543e-09 -4.1739e-09 -2.0355e-09 -7.1524e-10 -1.5941e-10 -1.8836e-11 -9.1572e-13 -1.2778e-14 -3.0598e-17 -6.0033e-21 -3.3134e-26 -1.0847e-33 -2.1472e-44 -8.7906e-60 -4.8551e-82 -1.8646e-114 -5.0464e-162 -2.0800e-232 -0.0000e+00 -0.0000e+00 -0.0000e+00 -0.0000e+00 -0.0000e+00 -0.0000e+00 -0.0000e+00 -0.0000e+00 -0.0000e+00 -0.0000e+00 -0.0000e+00 -0.0000e+00 -0.0000e+00 -0.0000e+00 -0.0000e+00 -0.0000e+00 -0.0000e+00 -0.0000e+00 -0.0000e+00 -0.0000e+00 -0.0000e+00 -0.0000e+00 -0.0000e+00 -0.0000e+00 -0.0000e+00 -0.0000e+00 -0.0000e+00 -0.0000e+00 -0.0000e+00 -0.0000e+00
-2.4747e-16 -5.6079e-15 -3.4854e-14 -1.2763e-13 -3.4990e-13 -7.9906e-13 -1.6091e-12 1.8724e-10 -5.0641e-12 -8.2119e-12 -1.2740e-11 -1.9060e-11 -2.7662e-11 -3.9129e-11 -5.4146e-11 -7.3515e-11 -9.8174e-11 -1.2921e-10 -1.6789e-10 -2.1567e-10 -2.7426e-10 -3.4559e-10 -4.3193e-10 -5.3587e-10 -6.6040e-10 -8.0896e-10 -9.8551e-10 -1.1946e-09 -1.4415e-09 -1.7321e-09 -2.0734e-09 -2.4732e-09 -2.9404e-09 -3.4850e-09 -4.1183e-09 -4.8528e-09 -5.7019e-09 -6.6797e-09 -7.8001e-09 -9.0758e-09 -1.0516e-08 -1.2122e-08 -1.3883e-08 -1.5768e-08 -1.7716e-08 -1.9617e-08 -2.1303e-08 -2.2535e-08 -2.3002e-08 -2.2367e-08 -2.0354e-08 -1.6914e-08 -1.2408e-08 -7.6679e-09 -3.7395e-09 -1.3140e-09 -2.9285e-10 -3.4603e-11 -1.6823e-12 -2.3475e-14 -5.6212e-17 -1.1029e-20 -6.0871e-26 -1.9927e-33 -3.9447e-44 -1.6149e-59 -8.9194e-82 -3.4255e-114 -9.2709e-162 -3.8212e-232 -0.0000e+00 -0.0000e+00 -0.0000e+00 -0.0000e+00 -0.0000e+00 -0.0000e+00 -0.0000e+00 -0.0000e+00 -0.0000e+00 -0.0000e+00 -0.0000e+00 -0.0000e+00 -0.0000e+00 -0.0000e+00 -0.0000e+00 -0.0000e+00 -0.0000e+00 -0.0000e+00 -0.0000e+00 -0.0000e+00 -0.0000e+00 -0.0000e+00 -0.0000e+00 -0.0000e+00 -0.0000e+00 -0.0000e+00 -0.0000e+00 -0.0000e+00 -0.0000e+00 -0.0000e+00 -2.4747e-16 -5.6079e-15 -3.4854e-14 -1.2763e-13 -3.4990e-13 -7.9906e-13 -1.6091e-12 0.0000e+00 -5.0641e-12 -8.2119e-12 -1.2740e-11 -1.9060e-11 -2.7662e-11 -3.9129e-11 -5.4146e-11 -7.3515e-11 -9.8174e-11 -1.2921e-10 -1.6789e-10 -2.1567e-10 -2.7426e-10 -3.4559e-10 -4.3193e-10 -5.3587e-10 -6.6040e-10 -8.0896e-10 -9.8551e-10 -1.1946e-09 -1.4415e-09 -1.7321e-09 -2.0734e-09 -2.4732e-09 -2.9404e-09 -3.4850e-09 -4.1183e-09 -4.8528e-09 -5.7019e-09 -6.6797e-09 -7.8001e-09 -9.0758e-09 -1.0516e-08 -1.2122e-08 -1.3883e-08 -1.5768e-08 -1.7716e-08 -1.9617e-08 -2.1303e-08 -2.2535e-08 -2.3002e-08 -2.2367e-08 -2.0354e-08 -1.6914e-08 -1.2408e-08 -7.6679e-09 -3.7395e-09 -1.3140e-09 -2.9285e-10 -3.4603e-11 -1.6823e-12 -2.3475e-14 -5.6212e-17 -1.1029e-20 -6.0871e-26 -1.9927e-33 -3.9447e-44 -1.6149e-59 -8.9194e-82 -3.4255e-114 -9.2709e-162 -3.8212e-232 -0.0000e+00 -0.0000e+00 -0.0000e+00 -0.0000e+00 -0.0000e+00 -0.0000e+00 -0.0000e+00 -0.0000e+00 -0.0000e+00 -0.0000e+00 -0.0000e+00 -0.0000e+00 -0.0000e+00 -0.0000e+00 -0.0000e+00 -0.0000e+00 -0.0000e+00 -0.0000e+00 -0.0000e+00 -0.0000e+00 -0.0000e+00 -0.0000e+00 -0.0000e+00 -0.0000e+00 -0.0000e+00 -0.0000e+00 -0.0000e+00 -0.0000e+00 -0.0000e+00 -0.0000e+00
-4.2395e-16 -9.6069e-15 -5.9710e-14 -2.1865e-13 -5.9942e-13 -1.3689e-12 -2.7566e-12 -5.0641e-12 4.3024e-10 -1.4068e-11 -2.1825e-11 -3.2652e-11 -4.7389e-11 -6.7033e-11 -9.2759e-11 -1.2594e-10 -1.6818e-10 -2.2135e-10 -2.8761e-10 -3.6948e-10 -4.6983e-10 -5.9204e-10 -7.3994e-10 -9.1800e-10 -1.1313e-09 -1.3858e-09 -1.6883e-09 -2.0465e-09 -2.4694e-09 -2.9673e-09 -3.5520e-09 -4.2369e-09 -5.0372e-09 -5.9701e-09 -7.0551e-09 -8.3134e-09 -9.7679e-09 -1.1443e-08 -1.3362e-08 -1.5548e-08 -1.8015e-08 -2.0766e-08 -2.3783e-08 -2.7013e-08 -3.0349e-08 -3.3606e-08 -3.6495e-08 -3.8604e-08 -3.9405e-08 -3.8317e-08 -3.4868e-08 -2.8975e-08 -2.1257e-08 -1.3136e-08 -6.4061e-09 -2.2510e-09 -5.0169e-10 -5.9279e-11 -2.8819e-12 -4.0215e-14 -9.6297e-17 -1.8893e-20 -1.0428e-25 -3.4137e-33 -6.7577e-44 -2.7666e-59 -1.5280e-81 -5.8683e-114 -1.5882e-161 -6.5461e-232 -0.0000e+00 -0.0000e+00 -0.0000e+00 -0.0000e+00 -0.0000e+00 -0.0000e+00 -0.0000e+00 -0.0000e+00 -0.0000e+00 -0.0000e+00 -0.0000e+00 -0.0000e+00 -0.0000e+00 -0.0000e+00 -0.0000e+00 -0.0000e+00 -0.0000e+00 -0.0000e+00 -0.0000e+00 -0.0000e+00 -0.0000e+00 -0.0000e+00 -0.0000e+00 -0.0000e+00 -0.0000e+00 -0.0000e+00 -0.0000e+00 -0.0000e+00 -0.0000e+00 -0.0000e+00 -4.2395e-16 -9.6069e-15 -5.9710e-14 -2.1865e-13 -5.9942e-13 -1.3689e-12 -2.7566e-12 -5.0641e-12 0.0000e+00 -1.4068e-11 -2.1825e-11 -3.2652e-11 -4.7389e-11 -6.7033e-11 -9.2759e-11 -1.2594e-10 -1.6818e-10 -2.2135e-10 -2.8761e-10 -3.6948e-10 -4.6983e-10 -5.9204e-10 -7.3994e-10 -9.1800e-10 -1.1313e-09 -1.3858e-09 -1.6883e-09 -2.0465e-09 -2.4694e-09 -2.9673e-09 -3.5520e-09 -4.2369e-09 -5.0372e-09 -5.9701e-09 -7.0551e-09 -8.3134e-09 -9.7679e-09 -1.1443e-08 -1.3362e-08 -1.5548e-08 -1.8015e-08 -2.0766e-08 -2.3783e-08 -2.7013e-08 -3.0349e-08 -3.3606e-08 -3.6495e-08 -3.8604e-08 -3.9405e-08 -3.8317e-08 -3.4868e-08 -2.8975e-08 -2.1257e-08 -1.3136e-08 -6.4061e-09 -2.2510e-09 -5.0169e-10 -5.9279e-11 -2.8819e-12 -4.0215e-14 -9.6297e-17 -1.8893e-20 -1.0428e-25 -3.4137e-33 -6.7577e-44 -2.7665e-59 -1.5280e-81 -5.8683e-114 -1.5882e-161 -6.5461e-232 -0.0000e+00 -0.0000e+00 -0.0000e+00 -0.0000e+00 -0.0000e+00 -0.0000e+00 -0.0000e+00 -0.0000e+00 -0.0000e+00 -0.0000e+00 -0.0000e+00 -0.0000e+00 -0.0000e+00 -0.0000e+00 -0.0000e+00 -0.0000e+00 -0.0000e+00 -0.0000e+00 -0.0000e+00 -0.0000e+00 -0.0000e+00 -0.0000e+00 -0.0000e+00 -0.0000e+00 -0.0000e+00 -0.0000e+00 -0.0000e+00 -0.0000e+00 -0.0000e+00 -0.0000e+00
-6.8747e-16 -1.5578e-14 -9.6824e-14 -3.5455e-13 -9.7201e-13 -2.2197e-12 -4.4700e-12 -8.2119e-12 -1.4068e-11 1.7957e-09 -3.5391e-11 -5.2947e-11 -7.6845e-11 -1.0870e-10 -1.5042e-10 -2.0422e-10 -2.7272e-10 -3.5894e-10 -4.6639e-10 -5.9913e-10 -7.6187e-10 -9.6004e-10 -1.1999e-09 -1.4886e-09 -1.8345e-09 -2.2472e-09 -2.7377e-09 -3.3186e-09 -4.0044e-09 -4.8118e-09 -5.7599e-09 -6.8704e-09 -8.1682e-09 -9.6811e-09 -1.1440e-08 -1.3481e-08 -1.5839e-08 -1.8556e-08 -2.1668e-08 -2.5212e-08 -2.9212e-08 -3.3673e-08 -3.8566e-08 -4.3804e-08 -4.9213e-08 -5.4494e-08 -5.9179e-08 -6.2600e-08 -6.3899e-08 -6.2134e-08 -5.6541e-08 -4.6986e-08 -3.4470e-08 -2.1301e-08 -1.0388e-08 -3.6502e-09 -8.1353e-10 -9.6125e-11 -4.6733e-12 -6.5212e-14 -1.5615e-16 -3.0637e-20 -1.6910e-25 -5.5356e-33 -1.0958e-43 -4.4862e-59 -2.4778e-81 -9.5159e-114 -2.5754e-161 -1.0615e-231 -0.0000e+00 -0.0000e+00 -0.0000e+00 -0.0000e+00 -0.0000e+00 -0.0000e+00 -0.0000e+00 -0.0000e+00 -0.0000e+00 -0.0000e+00 -0.0000e+00 -0.0000e+00 -0.0000e+00 -0.0000e+00 -0.0000e+00 -0.0000e+00 -0.0000e+00 -0.0000e+00 -0.0000e+00 -0.0000e+00 -0.0000e+00 -0.0000e+00 -0.0000e+00 -0.0000e+00 -0.0000e+00 -0.0000e+00 -0.0000e+00 -0.0000e+00 -0.0000e+00 -0.0000e+00 -6.8747e-16 -1.5578e-14 -9.6824e-14 -3.5455e-13 -9.7201e-13 -2.2197e-12 -4.4700e-12 -8.2119e-12 -1.4068e-11 0.0000e+00 -3.5391e-11 -5.2947e-11 -7.6845e-11 -1.0870e-10 -1.5042e-10 -2.0422e-10 -2.7272e-10 -3.5894e-10 -4.6639e-10 -5.9913e-10 -7.6187e-10 -9.6004e-10 -1.1999e-09 -1.4886e-09 -1.8345e-09 -2.2472e-09 -2.7377e-09 -3.3186e-09 -4.0044e-09 -4.8118e-09 -5.7599e-09 -6.8704e-09 -8.1682e-09 -9.6811e-09 -1.1440e-08 -1.3481e-08 -1.5839e-08 -1.8556e-08 -2.1668e-08 -2.5212e-08 -2.9212e-08 -3.3673e-08 -3.8566e-08 -4.3804e-08 -4.9213e-08 -5.4494e-08 -5.9179e-08 -6.2600e-08 -6.3899e-08 -6.2134e-08 -5.6541e-08 -4.6986e-08 -3.4470e-08 -2.1301e-08 -1.0388e-08 -3.6502e-09 -8.1353e-10 -9.6125e-11 -4.6733e-12 -6.5212e-14 -1.5615e-16 -3.0637e-20 -1.6910e-25 -5.5356e-33 -1.0958e-43 -4.4862e-59 -2.4778e-81 -9.5159e-114 -2.5754e-161 -1.0615e-231 -0.0000e+00 -0.0000e+00 -0.0000e+00 -0.0000e+00 -0.0000e+00 -0.0000e+00 -0.0000e+00 -0.0000e+00 -0.0000e+00 -0.0000e+00 -0.0000e+00 -0.0000e+00 -0.0000e+00 -0.0000e+00 -0.0000e+00 -0.0000e+00 -0.0000e+00 -0.0000e+00 -0.0000e+00 -0.0000e+00 -0.0000e+00 -0.0000e+00 -0.0000e+00 -0.0000e+00 -0.0000e+00 -0.0000e+00 -0.0000e+00 -0.0000e+00 -0.0000e+00 -0.0000e+00
-1.0666e-15 -2.4169e-14 -1.5021e-13 -5.5006e-13 -1.5080e-12 -3.4438e-12 -6.9349e-12 -1.2740e-11 -2.1825e-11 -3.5391e-11 4.7381e-09 -8.2144e-11 -1.1922e-10 -1.6864e-10 -2.3336e-10 -3.1684e-10 -4.2311e-10 -5.5687e-10 -7.2357e-10 -9.2951e-10 -1.1820e-09 -1.4894e-09 -1.8615e-09 -2.3095e-09 -2.8462e-09 -3.4864e-09 -4.2473e-09 -5.1485e-09 -6.2125e-09 -7.4651e-09 -8.9360e-09 -1.0659e-08 -1.2672e-08 -1.5019e-08 -1.7749e-08 -2.0914e-08 -2.4574e-08 -2.8788e-08 -3.3617e-08 -3.9115e-08 -4.5320e-08 -5.2242e-08 -5.9832e-08 -6.7958e-08 -7.6350e-08 -8.4544e-08 -9.1812e-08 -9.7119e-08 -9.9135e-08 -9.6396e-08 -8.7719e-08 -7.2895e-08 -5.3477e-08 -3.3047e-08 -1.6116e-08 -5.6629e-09 -1.2621e-09 -1.4913e-10 -7.2502e-12 -1.0117e-13 -2.4226e-16 -4.7531e-20 -2.6234e-25 -8.5881e-33 -1.7001e-43 -6.9600e-59 -3.8441e-81 -1.4763e-113 -3.9956e-161 -1.6469e-231 -0.0000e+00 -0.0000e+00 -0.0000e+00 -0.0000e+00 -0.0000e+00 -0.0000e+00 -0.0000e+00 -0.0000e+00 -0.0000e+00 -0.0000e+00 -0.0000e+00 -0.0000e+00 -0.0000e+00 -0.0000e+00 -0.0000e+00 -0.0000e+00 -0.0000e+00 -0.0000e+00 -0.0000e+00 -0.0000e+00 -0.0000e+00 -0.0000e+00 -0.0000e+00 -0.0000e+00 -0.0000e+00 -0.0000e+00 -0.0000e+00 -0.0000e+00 -0.0000e+00 -0.0000e+00 -1.0666e-15 -2.4169e-14 -1.5021e-13 -5.5006e-13 -1.5080e-12 -3.4438e-12 -6.9349e-12 -1.2740e-11 -2.1825e-11 -3.5391e-11 0.0000e+00 -8.2144e-11 -1.1922e-10 -1.6864e-10 -2.3336e-10 -3.1684e-10 -4.2311e-10 -5.5687e-10 -7.2357e-10 -9.2951e-10 -1.1820e-09 -1.4894e-09 -1.8615e-09 -2.3095e-09 -2.8462e-09 -3.4864e-09 -4.2473e-09 -5.1485e-09 -6.2125e-09 -7.4651e-09 -8.9360e-09 -1.0659e-08 -1.2672e-08 -1.5019e-08 -1.7749e-08 -2.0914e-08 -2.4574e-08 -2.8788e-08 -3.3617e-08 -3.9115e-08 -4.5320e-08 -5.2242e-08 -5.9832e-08 -6.7958e-08 -7.6350e-08 -8.4544e-08 -9.1812e-08 -9.7119e-08 -9.9135e-08 -9.6396e-08 -8.7719e-08 -7.2895e-08 -5.3477e-08 -3.3047e-08 -1.6116e-08 -5.6629e-09 -1.2621e-09 -1.4913e-10 -7.2502e-12 -1.0117e-13 -2.4226e-16 -4.7531e-20 -2.6234e-25 -8.5881e-33 -1.7001e-43 -6.9600e-59 -3.8441e-81 -1.4763e-113 -3.9955e-161 -1.6469e-231 -0.0000e+00 -0.0000e+00 -0.0000e+00 -0.0000e+00 -0.0000e+00 -0.0000e+00 -0.0000e+00 -0.0000e+00 -0.0000e+00 -0.0000e+00 -0.0000e+00 -0.0000e+00 -0.0000e+00 -0.0000e+00 -0.0000e+00 -0.0000e+00 -0.0000e+00 -0.0000e+00 -0.0000e+00 -0.0000e+00 -0.0000e+00 -0.0000e+00 -0.0000e+00 -0.0000e+00 -0.0000e+00 -0.0000e+00 -0.0000e+00 -0.0000e+00 -0.0000e+00 -0.0000e+00
-1.5956e-15 -3.6158e-14 -2.2473e-13 -8.2292e-13 -2.2561e-12 -5.1521e-12 -1.0375e-11 -1.9060e-11 -3.2652e-11 -5.2947e-11 -8.2144e-11 1.1549e-08 -1.7836e-10 -2.5229e-10 -3.4912e-10 -4.7400e-10 -6.3299e-10 -8.3311e-10 -1.0825e-09 -1.3906e-09 -1.7683e-09 -2.2283e-09 -2.7849e-09 -3.4551e-09 -4.2580e-09 -5.2159e-09 -6.3543e-09 -7.7025e-09 -9.2943e-09 -1.1168e-08 -1.3369e-08 -1.5946e-08 -1.8959e-08 -2.2470e-08 -2.6553e-08 -3.1289e-08 -3.6764e-08 -4.3068e-08 -5.0293e-08 -5.8518e-08 -6.7802e-08 -7.8156e-08 -8.9513e-08 -1.0167e-07 -1.1422e-07 -1.2648e-07 -1.3736e-07 -1.4530e-07 -1.4831e-07 -1.4421e-07 -1.3123e-07 -1.0906e-07 -8.0005e-08 -4.9440e-08 -2.4111e-08 -8.4721e-09 -1.8882e-09 -2.2311e-10 -1.0847e-11 -1.5136e-13 -3.6244e-16 -7.1110e-20 -3.9248e-25 -1.2848e-32 -2.5434e-43 -1.0413e-58 -5.7510e-81 -2.2087e-113 -5.9777e-161 -2.4639e-231 -0.0000e+00 -0.0000e+00 -0.0000e+00 -0.0000e+00 -0.0000e+00 -0.0000e+00 -0.0000e+00 -0.0000e+00 -0.0000e+00 -0.0000e+00 -0.0000e+00 -0.0000e+00 -0.0000e+00 -0.0000e+00 -0.0000e+00 -0.0000e+00 -0.0000e+00 -0.0000e+00 -0.0000e+00 -0.0000e+00 -0.0000e+00 -0.0000e+00 -0.0000e+00 -0.0000e+00 -0.0000e+00 -0.0000e+00 -0.0000e+00 -0.0000e+00 -0.0000e+00 -0.0000e+00 -1.5956e-15 -3.6158e-14 -2.2473e-13 -8.2292e-13 -2.2561e-12 -5.1521e-12 -1.0375e-11 -1.9060e-11 -3.2652e-11 -5.2947e-11 -8.2144e-11 0.0000e+00 -1.7836e-10 -2.5229e-10 -3.4912e-10 -4.7400e-10 -6.3299e-10 -8.3311e-10 -1.0825e-09 -1.3906e-09 -1.7683e-09 -2.2283e-09 -2.7849e-09 -3.4551e-09 -4.2580e-09 -5.2159e-09 -6.3543e-09 -7.7025e-09 -9.2943e-09 -1.1168e-08 -1.3369e-08 -1.5946e-08 -1.8959e-08 -2.2470e-08 -2.6553e-08 -3.1289e-08 -3.6764e-08 -4.3068e-08 -5.0293e-08 -5.8518e-08 -6.7802e-08 -7.8156e-08 -8.9513e-08 -1.0167e-07 -1.1422e-07 -1.2648e-07 -1.3736e-07 -1.4530e-07 -1.4831e-07 -1.4421e-07 -1.3123e-07 -1.0906e-07 -8.0005e-08 -4.9440e-08 -2.4111e-08 -8.4721e-09 -1.8882e-09 -2.2311e-10 -1.0847e-11 -1.5136e-13 -3.6244e-16 -7.1110e-20 -3.9248e-25 -1.2848e-32 -2.5434e-43 -1.0413e-58 -5.7510e-81 -2.2087e-113 -5.9776e-161 -2.4638e-231 -0.0000e+00 -0.0000e+00 -0.0000e+00 -0.0000e+00 -0.0000e+00 -0.0000e+00 -0.0000e+00 -0.0000e+00 -0.0000e+00 -0.0000e+00 -0.0000e+00 -0.0000e+00 -0.0000e+00 -0.0000e+00 -0.0000e+00 -0.0000e+00 -0.0000e+00 -0.0000e+00 -0.0000e+00 -0.0000e+00 -0.0000e+00 -0.0000e+00 -0.0000e+00 -0.0000e+00 -0.0000e+00 -0.0000e+00 -0.0000e+00 -0.0000e+00 -0.0000e+00 -0.0000e+00
-2.3158e-15 -5.2477e-14 -3.2616e-13 -1.1943e-12 -3.2743e-12 -7.4774e-12 -1.5058e-11 -2.7662e-11 -4.7389e-11 -7.6845e-11 -1.1922e-10 -1.7836e-10 2.6246e-08 -3.6616e-10 -5.0669e-10 -6.8794e-10 -9.1869e-10 -1.2091e-09 -1.5711e-09 -2.0182e-09 -2.5664e-09 -3.2340e-09 -4.0419e-09 -5.0145e-09 -6.1798e-09 -7.5700e-09 -9.2222e-09 -1.1179e-08 -1.3489e-08 -1.6209e-08 -1.9403e-08 -2.3144e-08 -2.7515e-08 -3.2612e-08 -3.8538e-08 -4.5411e-08 -5.3357e-08 -6.2507e-08 -7.2992e-08 -8.4929e-08 -9.8404e-08 -1.1343e-07 -1.2991e-07 -1.4756e-07 -1.6578e-07 -1.8357e-07 -1.9935e-07 -2.1087e-07 -2.1525e-07 -2.0930e-07 -1.9046e-07 -1.5828e-07 -1.1611e-07 -7.1755e-08 -3.4993e-08 -1.2296e-08 -2.7405e-09 -3.2381e-10 -1.5742e-11 -2.1967e-13 -5.2602e-16 -1.0320e-19 -5.6962e-25 -1.8647e-32 -3.6914e-43 -1.5112e-58 -8.3468e-81 -3.2056e-113 -8.6759e-161 -3.5761e-231 -0.0000e+00 -0.0000e+00 -0.0000e+00 -0.0000e+00 -0.0000e+00 -0.0000e+00 -0.0000e+00 -0.0000e+00 -0.0000e+00 -0.0000e+00 -0.0000e+00 -0.0000e+00 -0.0000e+00 -0.0000e+00 -0.0000e+00 -0.0000e+00 -0.0000e+00 -0.0000e+00 -0.0000e+00 -0.0000e+00 -0.0000e+00 -0.0000e+00 -0.0000e+00 -0.0000e+00 -0.0000e+00 -0.0000e+00 -0.0000e+00 -0.0000e+00 -0.0000e+00 -0.0000e+00 -2.3158e-15 -5.2477e-14 -3.2616e-13 -1.1943e-12 -3.2743e-12 -7.4774e-12 -1.5058e-11 -2.7662e-11 -4.7389e-11 -7.6845e-11 -1.1922e-10 -1.7836e-10 0.0000e+00 -3.6616e-10 -5.0669e-10 -6.8794e-10 -9.1869e-10 -1.2091e-09 -1.5711e-09 -2.0182e-09 -2.5664e-09 -3.2340e-09 -4.0419e-09 -5.0145e-09 -6.1798e-09 -7.5700e-09 -9.2222e-09 -1.1179e-08 -1.3489e-08 -1.6209e-08 -1.9403e-08 -2.3144e-08 -2.7515e-08 -3.2612e-08 -3.8538e-08 -4.5411e-08 -5.3357e-08 -6.2507e-08 -7.2992e-08 -8.4929e-08 -9.8404e-08 -1.1343e-07 -1.2991e-07 -1.4756e-07 -1.6578e-07 -1.8357e-07 -1.9935e-07 -2.1087e-07 -2.1525e-07 -2.0930e-07 -1.9046e-07 -1.5828e-07 -1.1611e-07 -7.1755e-08 -3.4993e-08 -1.2296e-08 -2.7404e-09 -3.2381e-10 -1.5742e-11 -2.1967e-13 -5.2602e-16 -1.0320e-19 -5.6962e-25 -1.8647e-32 -3.6914e-43 -1.5112e-58 -8.3467e-81 -3.2055e-113 -8.6756e-161 -3.5759e-231 -0.0000e+00 -0.0000e+00 -0.0000e+00 -0.0000e+00 -0.0000e+00 -0.0000e+00 -0.0000e+00 -0.0000e+00 -0.0000e+00 -0.0000e+00 -0.0000e+00 -0.0000e+00 -0.0000e+00 -0.0000e+00 -0.0000e+00 -0.0000e+00 -0.0000e+00 -0.0000e+00 -0.0000e+00 -0.0000e+00 -0.0000e+00 -0.0000e+00 -0.0000e+00 -0.0000e+00 -0.0000e+00 -0.0000e+00 -0.0000e+00 -0.0000e+00 -0.0000e+00 -0.0000e+00
-3.2758e-15 -7.4231e-14 -4.6137e-13 -1.6894e-12 -4.6316e-12 -1.0577e-11 -2.1300e-11 -3.9129e-11 -6.7033e-11 -1.0870e-10 -1.6864e-10 -2.5229e-10 -3.6616e-10 5.6308e-08 -7.1673e-10 -9.7312e-10 -1.2995e-09 -1.7103e-09 -2.2223e-09 -2.8549e-09 -3.6303e-09 -4.5746e-09 -5.7174e-09 -7.0932e-09 -8.7416e-09 -1.0708e-08 -1.3045e-08 -1.5813e-08 -1.9081e-08 -2.2928e-08 -2.7446e-08 -3.2738e-08 -3.8921e-08 -4.6130e-08 -5.4514e-08 -6.4236e-08 -7.5475e-08 -8.8418e-08 -1.0325e-07 -1.2014e-07 -1.3920e-07 -1.6045e-07 -1.8377e-07 -2.0873e-07 -2.3450e-07 -2.5966e-07 -2.8199e-07 -2.9829e-07 -3.0448e-07 -2.9607e-07 -2.6942e-07 -2.2389e-07 -1.6425e-07 -1.0150e-07 -4.9499e-08 -1.7393e-08 -3.8765e-09 -4.5804e-10 -2.2268e-11 -3.1074e-13 -7.4408e-16 -1.4599e-19 -8.0575e-25 -2.6378e-32 -5.2217e-43 -2.1378e-58 -1.1807e-80 -4.5347e-113 -1.2273e-160 -5.0590e-231 -0.0000e+00 -0.0000e+00 -0.0000e+00 -0.0000e+00 -0.0000e+00 -0.0000e+00 -0.0000e+00 -0.0000e+00 -0.0000e+00 -0.0000e+00 -0.0000e+00 -0.0000e+00 -0.0000e+00 -0.0000e+00 -0.0000e+00 -0.0000e+00 -0.0000e+00 -0.0000e+00 -0.0000e+00 -0.0000e+00 -0.0000e+00 -0.0000e+00 -0.0000e+00 -0.0000e+00 -0.0000e+00 -0.0000e+00 -0.0000e+00 -0.0000e+00 -0.0000e+00 -0.0000e+00 -3.2758e-15 -7.4231e-14 -4.6137e-13 -1.6894e-12 -4.6316e-12 -1.0577e-11 -2.1300e-11 -3.9129e-11 -6.7033e-11 -1.0870e-10 -1.6864e-10 -2.5229e-10 -3.6616e-10 0.0000e+00 -7.1673e-10 -9.7312e-10 -1.2995e-09 -1.7103e-09 -2.2223e-09 -2.8549e-09 -3.6303e-09 -4.5746e-09 -5.7174e-09 -7.0932e-09 -8.7416e-09 -1.0708e-08 -1.3045e-08 -1.5813e-08 -1.9081e-08 -2.2928e-08 -2.7446e-08 -3.2738e-08 -3.8921e-08 -4.6130e-08 -5.4514e-08 -6.4236e-08 -7.5475e-08 -8.8418e-08 -1.0325e-07 -1.2014e-07 -1.3920e-07 -1.6045e-07 -1.8377e-07 -2.0873e-07 -2.3450e-07 -2.5966e-07 -2.8199e-07 -2.9829e-07 -3.0448e-07 -2.9607e-07 -2.6942e-07 -2.2389e-07 -1.6425e-07 -1.0150e-07 -4.9499e-08 -1.7393e-08 -3.8765e-09 -4.5804e-10 -2.2268e-11 -3.1074e-13 -7.4407e-16 -1.4599e-19 -8.0575e-25 -2.6377e-32 -5.2216e-43 -2.1377e-58 -1.1807e-80 -4.5344e-113 -1.2272e-160 -5.0584e-231 -0.0000e+00 -0.0000e+00 -0.0000e+00 -0.0000e+00 -0.0000e+00 -0.0000e+00 -0.0000e+00 -0.0000e+00 -0.0000e+00 -0.0000e+00 -0.0000e+00 -0.0000e+00 -0.0000e+00 -0.0000e+00 -0.0000e+00 -0.0000e+00 -0.0000e+00 -0.0000e+00 -0.0000e+00 -0.0000e+00 -0.0000e+00 -0.0000e+00 -0.0000e+00 -0.0000e+00 -0.0000e+00 -0.0000e+00 -0.0000e+00 -0.0000e+00 -0.0000e+00 -0.0000e+00
-4.5330e-15 -1.0272e-13 -6.3842e-13 -2.3378e-12 -6.4091e-12 -1.4636e-11 -2.9474e-11 -5.4146e-11 -9.2759e-11 -1.5042e-10 -2.3336e-10 -3.4912e-10 -5.0669e-10 -7.1673e-10 1.1497e-07 -1.3466e-09 -1.7982e-09 -2.3667e-09 -3.0752e-09 -3.9505e-09 -5.0235e-09 -6.3302e-09 -7.9116e-09 -9.8154e-09 -1.2096e-08 -1.4818e-08 -1.8051e-08 -2.1882e-08 -2.6404e-08 -3.1727e-08 -3.7979e-08 -4.5301e-08 -5.3858e-08 -6.3834e-08 -7.5434e-08 -8.8888e-08 -1.0444e-07 -1.2235e-07 -1.4287e-07 -1.6624e-07 -1.9261e-07 -2.2203e-07 -2.5429e-07 -2.8883e-07 -3.2450e-07 -3.5932e-07 -3.9021e-07 -4.1276e-07 -4.2133e-07 -4.0969e-07 -3.7281e-07 -3.0981e-07 -2.2728e-07 -1.4045e-07 -6.8495e-08 -2.4068e-08 -5.3642e-09 -6.3382e-10 -3.0814e-11 -4.2999e-13 -1.0296e-15 -2.0202e-19 -1.1150e-24 -3.6502e-32 -7.2258e-43 -2.9583e-58 -1.6340e-80 -6.2755e-113 -1.6985e-160 -7.0017e-231 -0.0000e+00 -0.0000e+00 -0.0000e+00 -0.0000e+00 -0.0000e+00 -0.0000e+00 -0.0000e+00 -0.0000e+00 -0.0000e+00 -0.0000e+00 -0.0000e+00 -0.0000e+00 -0.0000e+00 -0.0000e+00 -0.0000e+00 -0.0000e+00 -0.0000e+00 -0.0000e+00 -0.0000e+00 -0.0000e+00 -0.0000e+00 -0.0000e+00 -0.0000e+00 -0.0000e+00 -0.0000e+00 -0.0000e+00 -0.0000e+00 -0.0000e+00 -0.0000e+00 -0.0000e+00 -4.5330e-15 -1.0272e-13 -6.3842e-13 -2.3378e-12 -6.4091e-12 -1.4636e-11 -2.9474e-11 -5.4146e-11 -9.2759e-11 -1.5042e-10 -2.3336e-10 -3.4912e-10 -5.0669e-10 -7.1673e-10 0.0000e+00 -1.3466e-09 -1.7982e-09 -2.3667e-09 -3.0752e-09 -3.9505e-09 -5.0235e-09 -6.3302e-09 -7.9116e-09 -9.8154e-09 -1.2096e-08 -1.4818e-08 -1.8051e-08 -2.1882e-08 -2.6404e-08 -3.1727e-08 -3.7979e-08 -4.5301e-08 -5.3858e-08 -6.3834e-08 -7.5434e-08 -8.8888e-08 -1.0444e-07 -1.2235e-07 -1.4287e-07 -1.6624e-07 -1.9261e-07 -2.2203e-07 -2.5429e-07 -2.8883e-07 -3.2450e-07 -3.5932e-07 -3.9021e-07 -4.1276e-07 -4.2133e-07 -4.0969e-07 -3.7281e-07 -3.0981e-07 -2.2728e-07 -1.4045e-07 -6.8495e-08 -2.4068e-08 -5.3641e-09 -6.3382e-10 -3.0814e-11 -4.2999e-13 -1.0296e-15 -2.0201e-19 -1.1150e-24 -3.6501e-32 -7.2255e-43 -2.9581e-58 -1.6338e-80 -6.2748e-113 -1.6983e-160 -7.0001e-231 -0.0000e+00 -0.0000e+00 -0.0000e+00 -0.0000e+00 -0.0000e+00 -0.0000e+00 -0.0000e+00 -0.0000e+00 -0.0000e+00 -0.0000e+00 -0.0000e+00 -0.0000e+00 -0.0000e+00 -0.0000e+00 -0.0000e+00 -0.0000e+00 -0.0000e+00 -0.0000e+00 -0.0000e+00 -0.0000e+00 -0.0000e+00 -0.0000e+00 -0.0000e+00 -0.0000e+00 -0.0000e+00 -0.0000e+00 -0.0000e+00 -0.0000e+00 -0.0000e+00 -0.0000e+00
-6.1545e-15 -1.3946e-13 -8.6680e-13 -3.1741e-12 -8.7018e-12 -1.9872e-11 -4.0017e-11 -7.3515e-11 -1.2594e-10 -2.0422e-10 -3.1684e-10 -4.7400e-10 -6.8794e-10 -9.7312e-10 -1.3466e-09 2.2492e-07 -2.4415e-09 -3.2134e-09 -4.1753e-09 -5.3637e-09 -6.8206e-09 -8.5946e-09 -1.0742e-08 -1.3327e-08 -1.6423e-08 -2.0118e-08 -2.4509e-08 -2.9709e-08 -3.5849e-08 -4.3077e-08 -5.1565e-08 -6.1507e-08 -7.3124e-08 -8.6668e-08 -1.0242e-07 -1.2068e-07 -1.4180e-07 -1.6612e-07 -1.9398e-07 -2.2571e-07 -2.6152e-07 -3.0146e-07 -3.4526e-07 -3.9215e-07 -4.4057e-07 -4.8785e-07 -5.2979e-07 -5.6042e-07 -5.7205e-07 -5.5625e-07 -5.0618e-07 -4.2064e-07 -3.0859e-07 -1.9070e-07 -9.2998e-08 -3.2678e-08 -7.2831e-09 -8.6056e-10 -4.1837e-11 -5.8382e-13 -1.3980e-15 -2.7429e-19 -1.5139e-24 -4.9561e-32 -9.8112e-43 -4.0168e-58 -2.2187e-80 -8.5218e-113 -2.3067e-160 -9.5096e-231 -0.0000e+00 -0.0000e+00 -0.0000e+00 -0.0000e+00 -0.0000e+00 -0.0000e+00 -0.0000e+00 -0.0000e+00 -0.0000e+00 -0.0000e+00 -0.0000e+00 -0.0000e+00 -0.0000e+00 -0.0000e+00 -0.0000e+00 -0.0000e+00 -0.0000e+00 -0.0000e+00 -0.0000e+00 -0.0000e+00 -0.0000e+00 -0.0000e+00 -0.0000e+00 -0.0000e+00 -0.0000e+00 -0.0000e+00 -0.0000e+00 -0.0000e+00 -0.0000e+00 -0.0000e+00 -6.1545e-15 -1.3946e-13 -8.6680e-13 -3.1741e-12 -8.7018e-12 -1.9872e-11 -4.0017e-11 -7.3515e-11 -1.2594e-10 -2.0422e-10 -3.1684e-10 -4.7400e-10 -6.8794e-10 -9.7312e-10 -1.3466e-09 0.0000e+00 -2.4415e-09 -3.2134e-09 -4.1753e-09 -5.3637e-09 -6.8206e-09 -8.5946e-09 -1.0742e-08 -1.3327e-08 -1.6423e-08 -2.0118e-08 -2.4509e-08 -2.9709e-08 -3.5849e-08 -4.3077e-08 -5.1565e-08 -6.1507e-08 -7.3124e-08 -8.6668e-08 -1.0242e-07 -1.2068e-07 -1.4180e-07 -1.6612e-07 -1.9398e-07 -2.2571e-07 -2.6152e-07 -3.0146e-07 -3.4526e-07 -3.9215e-07 -4.4057e-07 -4.8785e-07 -5.2979e-07 -5.6042e-07 -5.7205e-07 -5.5625e-07 -5.0618e-07 -4.2064e-07 -3.0859e-07 -1.9070e-07 -9.2998e-08 -3.2678e-08 -7.2830e-09 -8.6055e-10 -4.1837e-11 -5.8381e-13 -1.3980e-15 -2.7428e-19 -1.5138e-24 -4.9558e-32 -9.8104e-43 -4.0164e-58 -2.2184e-80 -8.5199e-113 -2.3060e-160 -9.5052e-231 -0.0000e+00 -0.0000e+00 -0.0000e+00 -0.0000e+00 -0.0000e+00 -0.0000e+00 -0.0000e+00 -0.0000e+00 -0.0000e+00 -0.0000e+00 -0.0000e+00 -0.0000e+00 -0.0000e+00 -0.0000e+00 -0.0000e+00 -0.0000e+00 -0.0000e+00 -0.0000e+00 -0.0000e+00 -0.0000e+00 -0.0000e+00 -0.0000e+00 -0.0000e+00 -0.0000e+00 -0.0000e+00 -0.0000e+00 -0.0000e+00 -0.0000e+00 -0.0000e+00 -0.0000e+00
