2.9495e-08 -8.2839e-09 -1.5237e-08 -2.3498e-08 -3.2910e-08 -4.3373e-08 -5.4822e-08 -6.7210e-08 -8.0507e-08 -9.4689e-08 -1.0974e-07 -1.2565e-07 -1.4241e-07 -1.6002e-07 -1.7846e-07 -1.9772e-07 -2.1780e-07 -2.3868e-07 -2.6034e-07 -2.8274e-07 -3.0585e-07 -3.2961e-07 -3.5396e-07 -3.7881e-07 -4.0405e-07 -4.2958e-07 -4.5522e-07 -4.8080e-07 -5.0609e-07 -5.3086e-07 -5.5480e-07 -5.7758e-07 -5.9882e-07 -6.1809e-07 -6.3494e-07 -6.4886e-07 -6.5930e-07 -6.6573e-07 -6.6757e-07 -6.6429e-07 -6.5539e-07 -6.4046e-07 -6.1922e-07 -5.9155e-07 -5.5754e-07 -5.1755e-07 -4.7225e-07 -4.2261e-07 -3.6993e-07 -3.1579e-07 -2.6199e-07 -2.1037e-07 -1.6274e-07 -1.2061e-07 -8.5106e-08 -5.6744e-08 -3.5438e-08 -2.0518e-08 -1.0879e-08 -5.2073e-09 -2.2115e-09 -8.1643e-10 -2.5563e-10 -6.5901e-11 -1.3496e-11 -2.1018e-12 -2.3603e-13 -1.7904e-14 -8.4612e-16 -2.2535e-17 -2.9835e-19 -1.6763e-21 -3.2706e-24 -1.7145e-27 -1.7343e-31 -2.2004e-36 -1.9871e-42 -6.0172e-50 -2.2204e-59 -2.5165e-71 -1.3067e-86 -2.1587e-106 -2.5327e-132 -8.4397e-167 -2.2236e-213 -1.8651e-277 0.0000e+00 0.0000e+00 0.0000e+00 0.0000e+00 0.0000e+00 0.0000e+00 0.0000e+00 0.0000e+00 0.0000e+00 0.0000e+00 0.0000e+00 0.0000e+00 0.0000e+00 0.0000e+00 0.0000e+00 8.2839e-09 1.5237e-08 2.3498e-08 3.2910e-08 4.3373e-08 5.4822e-08 6.7210e-08 8.0507e-08 9.4689e-08 1.0974e-07 1.2565e-07 1.4241e-07 1.6002e-07 1.7846e-07 1.9772e-07 2.1780e-07 2.3868e-07 2.6034e-07 2.8274e-07 3.0585e-07 3.2961e-07 3.5396e-07 3.7881e-07 4.0405e-07 4.2958e-07 4.5522e-07 4.8080e-07 5.0609e-07 5.3086e-07 5.5480e-07 5.7758e-07 5.9882e-07 6.1809e-07 6.3494e-07 6.4886e-07 6.5930e-07 6.6573e-07 6.6757e-07 6.6429e-07 6.5539e-07 6.4046e-07 6.1922e-07 5.9155e-07 5.5754e-07 5.1755e-07 4.7225e-07 4.2261e-07 3.6993e-07 3.1579e-07 2.6199e-07 2.1037e-07 1.6274e-07 1.2061e-07 8.5105e-08 5.6744e-08 3.5438e-08 2.0518e-08 1.0879e-08 5.2073e-09 2.2115e-09 8.1643e-10 2.5563e-10 6.5901e-11 1.3496e-11 2.1018e-12 2.3603e-13 1.7904e-14 8.4611e-16 2.2535e-17 2.9834e-19 1.6763e-21 3.2706e-24 1.7144e-27 1.7343e-31 2.2003e-36 1.9871e-42 6.0170e-50 2.2203e-59 2.5164e-71 1.3067e-86 2.1586e-106 2.5325e-132 8.4390e-167 2.2233e-213 1.8649e-277 0.0000e+00 0.0000e+00 0.0000e+00 0.0000e+00 0.0000e+00 0.0000e+00 0.0000e+00 0.0000e+00 0.0000e+00 0.0000e+00 0.0000e+00 0.0000e+00 0.0000e+00 0.0000e+00
-8.2839e-09 4.7238e-07 -4.3127e-08 -6.6510e-08 -9.3150e-08 -1.2277e-07 -1.5517e-07 -1.9024e-07 -2.2787e-07 -2.6802e-07 -3.1062e-07 -3.5566e-07 -4.0310e-07 -4.5293e-07 -5.0512e-07 -5.5965e-07 -6.1649e-07 -6.7559e-07 -7.3689e-07 -8.0029e-07 -8.6570e-07 -9.3295e-07 -1.0019e-06 -1.0722e-06 -1.1437e-06 -1.2159e-06 -1.2885e-06 -1.3609e-06 -1.4325e-06 -1.5026e-06 -1.5703e-06 -1.6348e-06 -1.6949e-06 -1.7495e-06 -1.7972e-06 -1.8366e-06 -1.8661e-06 -1.8843e-06 -1.8895e-06 -1.8802e-06 -1.8551e-06 -1.8128e-06 -1.7527e-06 -1.6744e-06 -1.5781e-06 -1.4649e-06 -1.3367e-06 -1.1962e-06 -1.0471e-06 -8.9386e-07 -7.4155e-07 -5.9546e-07 -4.6063e-07 -3.4140e-07 -2.4089e-07 -1.6061e-07 -1.0031e-07 -5.8076e-08 -3.0794e-08 -1.4739e-08 -6.2598e-09 -2.3110e-09 -7.2358e-10 -1.8654e-10 -3.8201e-11 -5.9495e-12 -6.6813e-13 -5.0679e-14 -2.3951e-15 -6.3791e-17 -8.4455e-19 -4.7453e-21 -9.2588e-24 -4.8536e-27 -4.9099e-31 -6.2296e-36 -5.6262e-42 -1.7038e-49 -6.2875e-59 -7.1268e-71 -3.7010e-86 -6.1151e-106 -7.1761e-132 -2.3920e-166 -6.3044e-213 -5.2908e-277 0.0000e+00 0.0000e+00 0.0000e+00 0.0000e+00 0.0000e+00 0.0000e+00 0.0000e+00 0.0000e+00 0.0000e+00 0.0000e+00 0.0000e+00 0.0000e+00 0.0000e+00 0.0000e+00 8.2839e-09 0.0000e+00 4.3127e-08 6.6510e-08 9.3150e-08 1.2277e-07 1.5517e-07 1.9024e-07 2.2787e-07 2.6802e-07 3.1062e-07 3.5566e-07 4.0310e-07 4.5293e-07 5.0512e-07 5.5965e-07 6.1649e-07 6.7559e-07 7.3689e-07 8.0029e-07 8.6570e-07 9.3295e-07 1.0019e-06 1.0722e-06 1.1437e-06 1.2159e-06 1.2885e-06 1.3609e-06 1.4325e-06 1.5026e-06 1.5703e-06 1.6348e-06 1.6949e-06 1.7495e-06 1.7972e-06 1.8366e-06 1.8661e-06 1.8843e-06 1.8895e-06 1.8802e-06 1.8551e-06 1.8128e-06 1.7527e-06 1.6744e-06 1.5781e-06 1.4649e-06 1.3367e-06 1.1962e-06 1.0471e-06 8.9385e-07 7.4155e-07 5.9545e-07 4.6062e-07 3.4140e-07 2.4089e-07 1.6061e-07 1.0031e-07 5.8075e-08 3.0794e-08 1.4739e-08 6.2596e-09 2.3109e-09 7.2355e-10 1.8653e-10 3.8199e-11 5.9491e-12 6.6808e-13 5.0676e-14 2.3949e-15 6.3785e-17 8.4446e-19 4.7447e-21 9.2573e-24 4.8527e-27 4.9088e-31 6.2280e-36 5.6244e-42 1.7031e-49 6.2845e-59 7.1227e-71 3.6984e-86 6.1098e-106 7.1682e-132 2.3886e-166 6.2931e-213 5.2784e-277 0.0000e+00 0.0000e+00 0.0000e+00 0.0000e+00 0.0000e+00 0.0000e+00 0.0000e+00 0.0000e+00 0.0000e+00 0.0000e+00 0.0000e+00 0.0000e+00 0.0000e+00 0.0000e+00
-1.5237e-08 -4.3127e-08 2.3953e-06 -1.2233e-07 -1.7133e-07 -2.2581e-07 -2.8541e-07 -3.4991e-07 -4.1913e-07 -4.9297e-07 -5.7133e-07 -6.5417e-07 -7.4143e-07 -8.3308e-07 -9.2908e-07 -1.0294e-06 -1.1339e-06 -1.2426e-06 -1.3554e-06 -1.4720e-06 -1.5923e-06 -1.7160e-06 -1.8428e-06 -1.9721e-06 -2.1036e-06 -2.2365e-06 -2.3699e-06 -2.5031e-06 -2.6348e-06 -2.7637e-06 -2.8884e-06 -3.0070e-06 -3.1176e-06 -3.2179e-06 -3.3056e-06 -3.3781e-06 -3.4325e-06 -3.4659e-06 -3.4755e-06 -3.4584e-06 -3.4121e-06 -3.3344e-06 -3.2238e-06 -3.0798e-06 -2.9027e-06 -2.6945e-06 -2.4587e-06 -2.2002e-06 -1.9260e-06 -1.6441e-06 -1.3640e-06 -1.0953e-06 -8.4728e-07 -6.2798e-07 -4.4310e-07 -2.9544e-07 -1.8451e-07 -1.0683e-07 -5.6646e-08 -2.7113e-08 -1.1515e-08 -4.2512e-09 -1.3311e-09 -3.4317e-10 -7.0278e-11 -1.0945e-11 -1.2292e-12 -9.3244e-14 -4.4069e-15 -1.1738e-16 -1.5541e-18 -8.7330e-21 -1.7041e-23 -8.9343e-27 -9.0392e-31 -1.1471e-35 -1.0362e-41 -3.1387e-49 -1.1587e-58 -1.3139e-70 -6.8269e-86 -1.1288e-105 -1.3258e-131 -4.4246e-166 -1.1681e-212 -9.8248e-277 0.0000e+00 0.0000e+00 0.0000e+00 0.0000e+00 0.0000e+00 0.0000e+00 0.0000e+00 0.0000e+00 0.0000e+00 0.0000e+00 0.0000e+00 0.0000e+00 0.0000e+00 0.0000e+00 1.5237e-08 4.3127e-08 0.0000e+00 1.2233e-07 1.7133e-07 2.2581e-07 2.8541e-07 3.4991e-07 4.1913e-07 4.9297e-07 5.7133e-07 6.5417e-07 7.4143e-07 8.3308e-07 9.2908e-07 1.0294e-06 1.1339e-06 1.2426e-06 1.3554e-06 1.4720e-06 1.5923e-06 1.7160e-06 1.8428e-06 1.9721e-06 2.1036e-06 2.2364e-06 2.3699e-06 2.5031e-06 2.6348e-06 2.7637e-06 2.8884e-06 3.0070e-06 3.1175e-06 3.2179e-06 3.3056e-06 3.3781e-06 3.4325e-06 3.4659e-06 3.4755e-06 3.4584e-06 3.4121e-06 3.3344e-06 3.2238e-06 3.0797e-06 2.9026e-06 2.6945e-06 2.4586e-06 2.2002e-06 1.9259e-06 1.6441e-06 1.3639e-06 1.0952e-06 8.4723e-07 6.2794e-07 4.4307e-07 2.9542e-07 1.8450e-07 1.0682e-07 5.6639e-08 2.7110e-08 1.1513e-08 4.2505e-09 1.3308e-09 3.4309e-10 7.0261e-11 1.0942e-11 1.2288e-12 9.3209e-14 4.4050e-15 1.1732e-16 1.5532e-18 8.7270e-21 1.7027e-23 8.9257e-27 9.0289e-31 1.1455e-35 1.0345e-41 3.1326e-49 1.1559e-58 1.3101e-70 6.8027e-86 1.1238e-105 1.3185e-131 4.3935e-166 1.1575e-212 9.7087e-277 0.0000e+00 0.0000e+00 0.0000e+00 0.0000e+00 0.0000e+00 0.0000e+00 0.0000e+00 0.0000e+00 0.0000e+00 0.0000e+00 0.0000e+00 0.0000e+00 0.0000e+00 0.0000e+00
-2.3498e-08 -6.6510e-08 -1.2233e-07 7.5873e-06 -2.6423e-07 -3.4823e-07 -4.4015e-07 -5.3962e-07 -6.4638e-07 -7.6025e-07 -8.8110e-07 -1.0088e-06 -1.1434e-06 -1.2848e-06 -1.4328e-06 -1.5875e-06 -1.7487e-06 -1.9164e-06 -2.0902e-06 -2.2701e-06 -2.4556e-06 -2.6464e-06 -2.8419e-06 -3.0414e-06 -3.2441e-06 -3.4490e-06 -3.6549e-06 -3.8603e-06 -4.0634e-06 -4.2622e-06 -4.4544e-06 -4.6373e-06 -4.8079e-06 -4.9627e-06 -5.0979e-06 -5.2097e-06 -5.2936e-06 -5.3452e-06 -5.3600e-06 -5.3336e-06 -5.2622e-06 -5.1424e-06 -4.9719e-06 -4.7497e-06 -4.4767e-06 -4.1556e-06 -3.7919e-06 -3.3933e-06 -2.9704e-06 -2.5358e-06 -2.1037e-06 -1.6893e-06 -1.3068e-06 -9.6858e-07 -6.8344e-07 -4.5569e-07 -2.8460e-07 -1.6478e-07 -8.7379e-08 -4.1825e-08 -1.7764e-08 -6.5584e-09 -2.0536e-09 -5.2947e-10 -1.0844e-10 -1.6890e-11 -1.8970e-12 -1.4392e-13 -6.8027e-15 -1.8122e-16 -2.3998e-18 -1.3488e-20 -2.6326e-23 -1.3807e-26 -1.3974e-30 -1.7742e-35 -1.6036e-41 -4.8608e-49 -1.7960e-58 -2.0389e-70 -1.0609e-85 -1.7575e-105 -2.0693e-131 -6.9280e-166 -1.8369e-212 -1.5542e-276 0.0000e+00 0.0000e+00 0.0000e+00 0.0000e+00 0.0000e+00 0.0000e+00 0.0000e+00 0.0000e+00 0.0000e+00 0.0000e+00 0.0000e+00 0.0000e+00 0.0000e+00 0.0000e+00 2.3498e-08 6.6510e-08 1.2233e-07 0.0000e+00 2.6423e-07 3.4823e-07 4.4015e-07 5.3962e-07 6.4638e-07 7.6025e-07 8.8110e-07 1.0088e-06 1.1434e-06 1.2848e-06 1.4328e-06 1.5875e-06 1.7487e-06 1.9164e-06 2.0902e-06 2.2701e-06 2.4556e-06 2.6464e-06 2.8419e-06 3.0414e-06 3.2441e-06 3.4490e-06 3.6549e-06 3.8602e-06 4.0633e-06 4.2622e-06 4.4544e-06 4.6373e-06 4.8078e-06 4.9626e-06 5.0979e-06 5.2096e-06 5.2935e-06 5.3450e-06 5.3598e-06 5.3335e-06 5.2620e-06 5.1422e-06 4.9716e-06 4.7495e-06 4.4764e-06 4.1553e-06 3.7916e-06 3.3930e-06 2.9701e-06 2.5355e-06 2.1035e-06 1.6890e-06 1.3066e-06 9.6839e-07 6.8330e-07 4.5559e-07 2.8453e-07 1.6473e-07 8.7348e-08 4.1808e-08 1.7756e-08 6.5550e-09 2.0524e-09 5.2911e-10 1.0836e-10 1.6875e-11 1.8951e-12 1.4375e-13 6.7933e-15 1.8093e-16 2.3954e-18 1.3459e-20 2.6259e-23 1.3765e-26 1.3924e-30 1.7666e-35 1.5954e-41 4.8310e-49 1.7827e-58 2.0204e-70 1.0491e-85 1.7331e-105 2.0333e-131 6.7755e-166 1.7851e-212 1.4972e-276 0.0000e+00 0.0000e+00 0.0000e+00 0.0000e+00 0.0000e+00 0.0000e+00 0.0000e+00 0.0000e+00 0.0000e+00 0.0000e+00 0.0000e+00 0.0000e+00 0.0000e+00 0.0000e+00
-3.2910e-08 -9.3150e-08 -1.7133e-07 -2.6423e-07 1.8578e-05 -4.8771e-07 -6.1645e-07 -7.5576e-07 -9.0527e-07 -1.0647e-06 -1.2340e-06 -1.4129e-06 -1.6014e-06 -1.7993e-06 -2.0067e-06 -2.2233e-06 -2.4492e-06 -2.6839e-06 -2.9275e-06 -3.1794e-06 -3.4392e-06 -3.7064e-06 -3.9801e-06 -4.2596e-06 -4.5435e-06 -4.8305e-06 -5.1188e-06 -5.4065e-06 -5.6909e-06 -5.9694e-06 -6.2387e-06 -6.4948e-06 -6.7337e-06 -6.9505e-06 -7.1400e-06 -7.2965e-06 -7.4141e-06 -7.4863e-06 -7.5071e-06 -7.4703e-06 -7.3703e-06 -7.2025e-06 -6.9638e-06 -6.6526e-06 -6.2703e-06 -5.8207e-06 -5.3113e-06 -4.7531e-06 -4.1607e-06 -3.5520e-06 -2.9469e-06 -2.3664e-06 -1.8307e-06 -1.3569e-06 -9.5748e-07 -6.3844e-07 -3.9875e-07 -2.3089e-07 -1.2244e-07 -5.8611e-08 -2.4895e-08 -9.1921e-09 -2.8786e-09 -7.4227e-10 -1.5204e-10 -2.3686e-11 -2.6608e-12 -2.0191e-13 -9.5465e-15 -2.5440e-16 -3.3702e-18 -1.8950e-20 -3.7008e-23 -1.9422e-26 -1.9673e-30 -2.5001e-35 -2.2625e-41 -6.8684e-49 -2.5426e-58 -2.8933e-70 -1.5100e-85 -2.5111e-105 -2.9715e-131 -1.0015e-165 -2.6789e-212 -2.2938e-276 0.0000e+00 0.0000e+00 0.0000e+00 0.0000e+00 0.0000e+00 0.0000e+00 0.0000e+00 0.0000e+00 0.0000e+00 0.0000e+00 0.0000e+00 0.0000e+00 0.0000e+00 0.0000e+00 3.2910e-08 9.3150e-08 1.7133e-07 2.6423e-07 0.0000e+00 4.8771e-07 6.1645e-07 7.5576e-07 9.0527e-07 1.0647e-06 1.2340e-06 1.4129e-06 1.6014e-06 1.7993e-06 2.0067e-06 2.2233e-06 2.4491e-06 2.6839e-06 2.9274e-06 3.1793e-06 3.4392e-06 3.7063e-06 3.9801e-06 4.2596e-06 4.5435e-06 4.8305e-06 5.1188e-06 5.4064e-06 5.6909e-06 5.9693e-06 6.2385e-06 6.4947e-06 6.7335e-06 6.9503e-06 7.1397e-06 7.2962e-06 7.4137e-06 7.4859e-06 7.5066e-06 7.4697e-06 7.3696e-06 7.2018e-06 6.9630e-06 6.6518e-06 6.2693e-06 5.8197e-06 5.3103e-06 4.7521e-06 4.1597e-06 3.5510e-06 2.9460e-06 2.3656e-06 1.8299e-06 1.3563e-06 9.5698e-07 6.3806e-07 3.9849e-07 2.3071e-07 1.2233e-07 5.8554e-08 2.4868e-08 9.1805e-09 2.8745e-09 7.4104e-10 1.5175e-10 2.3634e-11 2.6541e-12 2.0132e-13 9.5143e-15 2.5340e-16 3.3548e-18 1.8849e-20 3.6777e-23 1.9278e-26 1.9501e-30 2.4742e-35 2.2344e-41 6.7660e-49 2.4967e-58 2.8296e-70 1.4693e-85 2.4272e-105 2.8477e-131 9.4890e-166 2.5000e-212 2.0968e-276 0.0000e+00 0.0000e+00 0.0000e+00 0.0000e+00 0.0000e+00 0.0000e+00 0.0000e+00 0.0000e+00 0.0000e+00 0.0000e+00 0.0000e+00 0.0000e+00 0.0000e+00 0.0000e+00
-4.3373e-08 -1.2277e-07 -2.2581e-07 -3.4823e-07 -4.8771e-07 3.8660e-05 -8.1245e-07 -9.9604e-07 -1.1931e-06 -1.4033e-06 -1.6263e-06 -1.8621e-06 -2.1105e-06 -2.3714e-06 -2.6447e-06 -2.9302e-06 -3.2278e-06 -3.5373e-06 -3.8582e-06 -4.1902e-06 -4.5327e-06 -4.8848e-06 -5.2456e-06 -5.6139e-06 -5.9881e-06 -6.3664e-06 -6.7464e-06 -7.1255e-06 -7.5005e-06 -7.8675e-06 -8.2224e-06 -8.5600e-06 -8.8749e-06 -9.1607e-06 -9.4105e-06 -9.6169e-06 -9.7718e-06 -9.8672e-06 -9.8947e-06 -9.8462e-06 -9.7145e-06 -9.4935e-06 -9.1790e-06 -8.7690e-06 -8.2652e-06 -7.6727e-06 -7.0014e-06 -6.2658e-06 -5.4851e-06 -4.6827e-06 -3.8851e-06 -3.1200e-06 -2.4137e-06 -1.7892e-06 -1.2626e-06 -8.4196e-07 -5.2591e-07 -3.0455e-07 -1.6152e-07 -7.7328e-08 -3.2850e-08 -1.2131e-08 -3.7999e-09 -9.8003e-10 -2.0080e-10 -3.1291e-11 -3.5164e-12 -2.6694e-13 -1.2628e-14 -3.3670e-16 -4.4636e-18 -2.5120e-20 -4.9105e-23 -2.5801e-26 -2.6173e-30 -3.3321e-35 -3.0220e-41 -9.1989e-49 -3.4167e-58 -3.9044e-70 -2.0487e-85 -3.4302e-105 -4.0951e-131 -1.3961e-165 -3.7912e-212 -3.3119e-276 0.0000e+00 0.0000e+00 0.0000e+00 0.0000e+00 0.0000e+00 0.0000e+00 0.0000e+00 0.0000e+00 0.0000e+00 0.0000e+00 0.0000e+00 0.0000e+00 0.0000e+00 0.0000e+00 4.3373e-08 1.2277e-07 2.2581e-07 3.4823e-07 4.8771e-07 0.0000e+00 8.1245e-07 9.9604e-07 1.1931e-06 1.4033e-06 1.6263e-06 1.8621e-06 2.1105e-06 2.3714e-06 2.6447e-06 2.9302e-06 3.2278e-06 3.5373e-06 3.8582e-06 4.1902e-06 4.5326e-06 4.8848e-06 5.2456e-06 5.6138e-06 5.9880e-06 6.3663e-06 6.7463e-06 7.1253e-06 7.5002e-06 7.8672e-06 8.2220e-06 8.5596e-06 8.8744e-06 9.1600e-06 9.4097e-06 9.6160e-06 9.7708e-06 9.8660e-06 9.8933e-06 9.8446e-06 9.7127e-06 9.4916e-06 9.1768e-06 8.7666e-06 8.2626e-06 7.6700e-06 6.9986e-06 6.2630e-06 5.4823e-06 4.6800e-06 3.8826e-06 3.1177e-06 2.4117e-06 1.7875e-06 1.2612e-06 8.4093e-07 5.2518e-07 3.0407e-07 1.6123e-07 7.7171e-08 3.2774e-08 1.2099e-08 3.7884e-09 9.7664e-10 2.0000e-10 3.1149e-11 3.4980e-12 2.6533e-13 1.2539e-14 3.3397e-16 4.4214e-18 2.4842e-20 4.8469e-23 2.5408e-26 2.5702e-30 3.2608e-35 2.9448e-41 8.9171e-49 3.2904e-58 3.7292e-70 1.9364e-85 3.1988e-105 3.7528e-131 1.2505e-165 3.2942e-212 2.7626e-276 0.0000e+00 0.0000e+00 0.0000e+00 0.0000e+00 0.0000e+00 0.0000e+00 0.0000e+00 0.0000e+00 0.0000e+00 0.0000e+00 0.0000e+00 0.0000e+00 0.0000e+00 0.0000e+00
-5.4822e-08 -1.5517e-07 -2.8541e-07 -4.4015e-07 -6.1645e-07 -8.1245e-07 7.1925e-05 -1.2590e-06 -1.5080e-06 -1.7737e-06 -2.0556e-06 -2.3537e-06 -2.6676e-06 -2.9974e-06 -3.3428e-06 -3.7037e-06 -4.0799e-06 -4.4710e-06 -4.8767e-06 -5.2963e-06 -5.7292e-06 -6.1743e-06 -6.6303e-06 -7.0959e-06 -7.5689e-06 -8.0470e-06 -8.5274e-06 -9.0066e-06 -9.4806e-06 -9.9446e-06 -1.0393e-05 -1.0820e-05 -1.1218e-05 -1.1579e-05 -1.1895e-05 -1.2156e-05 -1.2352e-05 -1.2473e-05 -1.2508e-05 -1.2447e-05 -1.2281e-05 -1.2002e-05 -1.1604e-05 -1.1086e-05 -1.0450e-05 -9.7009e-06 -8.8525e-06 -7.9228e-06 -6.9360e-06 -5.9217e-06 -4.9134e-06 -3.9460e-06 -3.0531e-06 -2.2633e-06 -1.5974e-06 -1.0653e-06 -6.6552e-07 -3.8546e-07 -2.0447e-07 -9.7911e-08 -4.1604e-08 -1.5368e-08 -4.8154e-09 -1.2424e-09 -2.5467e-10 -3.9706e-11 -4.4647e-12 -3.3917e-13 -1.6057e-14 -4.2856e-16 -5.6879e-18 -3.2053e-20 -6.2762e-23 -3.3041e-26 -3.3598e-30 -4.2897e-35 -3.9042e-41 -1.1936e-48 -4.4574e-58 -5.1281e-70 -2.7136e-85 -4.5923e-105 -5.5576e-131 -1.9280e-165 -5.3548e-212 -4.8159e-276 0.0000e+00 0.0000e+00 0.0000e+00 0.0000e+00 0.0000e+00 0.0000e+00 0.0000e+00 0.0000e+00 0.0000e+00 0.0000e+00 0.0000e+00 0.0000e+00 0.0000e+00 0.0000e+00 5.4822e-08 1.5517e-07 2.8541e-07 4.4015e-07 6.1645e-07 8.1245e-07 0.0000e+00 1.2590e-06 1.5080e-06 1.7737e-06 2.0556e-06 2.3537e-06 2.6676e-06 2.9974e-06 3.3428e-06 3.7037e-06 4.0799e-06 4.4710e-06 4.8766e-06 5.2962e-06 5.7291e-06 6.1741e-06 6.6302e-06 7.0957e-06 7.5686e-06 8.0467e-06 8.5270e-06 9.0061e-06 9.4800e-06 9.9439e-06 1.0392e-05 1.0819e-05 1.1217e-05 1.1578e-05 1.1894e-05 1.2154e-05 1.2350e-05 1.2470e-05 1.2505e-05 1.2443e-05 1.2277e-05 1.1997e-05 1.1599e-05 1.1081e-05 1.0444e-05 9.6946e-06 8.8460e-06 7.9161e-06 6.9294e-06 5.9154e-06 4.9075e-06 3.9406e-06 3.0483e-06 2.2593e-06 1.5942e-06 1.0629e-06 6.6381e-07 3.8433e-07 2.0379e-07 9.7541e-08 4.1425e-08 1.5293e-08 4.7884e-09 1.2344e-09 2.5280e-10 3.9371e-11 4.4213e-12 3.3536e-13 1.5849e-14 4.2212e-16 5.5885e-18 3.1399e-20 6.1263e-23 3.2114e-26 3.2485e-30 4.1215e-35 3.7221e-41 1.1271e-48 4.1588e-58 4.7134e-70 2.4473e-85 4.0426e-105 4.7424e-131 1.5800e-165 4.1614e-212 3.4884e-276 0.0000e+00 0.0000e+00 0.0000e+00 0.0000e+00 0.0000e+00 0.0000e+00 0.0000e+00 0.0000e+00 0.0000e+00 0.0000e+00 0.0000e+00 0.0000e+00 0.0000e+00 0.0000e+00
-6.7210e-08 -1.9024e-07 -3.4991e-07 -5.3962e-07 -7.5576e-07 -9.9604e-07 -1.2590e-06 1.2330e-04 -1.8488e-06 -2.1745e-06 -2.5202e-06 -2.8856e-06 -3.2705e-06 -3.6748e-06 -4.0982e-06 -4.5407e-06 -5.0019e-06 -5.4814e-06 -5.9787e-06 -6.4932e-06 -7.0239e-06 -7.5696e-06 -8.1288e-06 -8.6996e-06 -9.2795e-06 -9.8658e-06 -1.0455e-05 -1.1042e-05 -1.1624e-05 -1.2193e-05 -1.2743e-05 -1.3266e-05 -1.3754e-05 -1.4198e-05 -1.4585e-05 -1.4905e-05 -1.5146e-05 -1.5294e-05 -1.5337e-05 -1.5263e-05 -1.5060e-05 -1.4718e-05 -1.4231e-05 -1.3597e-05 -1.2816e-05 -1.1899e-05 -1.0859e-05 -9.7189e-06 -8.5091e-06 -7.2655e-06 -6.0290e-06 -4.8425e-06 -3.7472e-06 -2.7783e-06 -1.9611e-06 -1.3082e-06 -8.1742e-07 -4.7355e-07 -2.5127e-07 -1.2036e-07 -5.1163e-08 -1.8908e-08 -5.9272e-09 -1.5302e-09 -3.1386e-10 -4.8973e-11 -5.5117e-12 -4.1915e-13 -1.9869e-14 -5.3107e-16 -7.0608e-18 -3.9872e-20 -7.8266e-23 -4.1326e-26 -4.2172e-30 -5.4079e-35 -4.9480e-41 -1.5225e-48 -5.7310e-58 -6.6582e-70 -3.5664e-85 -6.1278e-105 -7.5580e-131 -2.6852e-165 -7.6838e-212 -7.1741e-276 0.0000e+00 0.0000e+00 0.0000e+00 0.0000e+00 0.0000e+00 0.0000e+00 0.0000e+00 0.0000e+00 0.0000e+00 0.0000e+00 0.0000e+00 0.0000e+00 0.0000e+00 0.0000e+00 6.7210e-08 1.9024e-07 3.4991e-07 5.3962e-07 7.5576e-07 9.9604e-07 1.2590e-06 0.0000e+00 1.8488e-06 2.1745e-06 2.5202e-06 2.8856e-06 3.2705e-06 3.6748e-06 4.0982e-06 4.5407e-06 5.0018e-06 5.4813e-06 5.9786e-06 6.4931e-06 7.0237e-06 7.5694e-06 8.1285e-06 8.6992e-06 9.2790e-06 9.8651e-06 1.0454e-05 1.1041e-05 1.1622e-05 1.2191e-05 1.2741e-05 1.3264e-05 1.3752e-05 1.4194e-05 1.4581e-05 1.4901e-05 1.5141e-05 1.5288e-05 1.5331e-05 1.5255e-05 1.5051e-05 1.4708e-05 1.4220e-05 1.3585e-05 1.2804e-05 1.1885e-05 1.0845e-05 9.7050e-06 8.4953e-06 7.2521e-06 6.0165e-06 4.8311e-06 3.7372e-06 2.7699e-06 1.9544e-06 1.3031e-06 8.1382e-07 4.7118e-07 2.4984e-07 1.1958e-07 5.0786e-08 1.8749e-08 5.8704e-09 1.5134e-09 3.0992e-10 4.8267e-11 5.4204e-12 4.1115e-13 1.9431e-14 5.1751e-16 6.8513e-18 3.8495e-20 7.5106e-23 3.9371e-26 3.9826e-30 5.0527e-35 4.5630e-41 1.3817e-48 5.0981e-58 5.7776e-70 2.9996e-85 4.9544e-105 5.8108e-131 1.9352e-165 5.0938e-212 4.2651e-276 0.0000e+00 0.0000e+00 0.0000e+00 0.0000e+00 0.0000e+00 0.0000e+00 0.0000e+00 0.0000e+00 0.0000e+00 0.0000e+00 0.0000e+00 0.0000e+00 0.0000e+00 0.0000e+00
-8.0507e-08 -2.2787e-07 -4.1913e-07 -6.4638e-07 -9.0527e-07 -1.1931e-06 -1.5080e-06 -1.8488e-06 1.9860e-04 -2.6047e-06 -3.0188e-06 -3.4564e-06 -3.9175e-06 -4.4018e-06 -4.9090e-06 -5.4390e-06 -5.9915e-06 -6.5659e-06 -7.1616e-06 -7.7779e-06 -8.4136e-06 -9.0673e-06 -9.7372e-06 -1.0421e-05 -1.1116e-05 -1.1818e-05 -1.2524e-05 -1.3228e-05 -1.3924e-05 -1.4606e-05 -1.5265e-05 -1.5892e-05 -1.6477e-05 -1.7009e-05 -1.7473e-05 -1.7857e-05 -1.8146e-05 -1.8325e-05 -1.8377e-05 -1.8288e-05 -1.8046e-05 -1.7637e-05 -1.7055e-05 -1.6295e-05 -1.5361e-05 -1.4262e-05 -1.3017e-05 -1.1652e-05 -1.0203e-05 -8.7126e-06 -7.2309e-06 -5.8089e-06 -4.4958e-06 -3.3340e-06 -2.3540e-06 -1.5707e-06 -9.8177e-07 -5.6897e-07 -3.0202e-07 -1.4474e-07 -6.1560e-08 -2.2764e-08 -7.1415e-09 -1.8452e-09 -3.7885e-10 -5.9179e-11 -6.6692e-12 -5.0795e-13 -2.4122e-14 -6.4612e-16 -8.6120e-18 -4.8777e-20 -9.6084e-23 -5.0949e-26 -5.2257e-30 -6.7420e-35 -6.2142e-41 -1.9293e-48 -7.3413e-58 -8.6428e-70 -4.7050e-85 -8.2457e-105 -1.0420e-130 -3.8132e-165 -1.1313e-211 -1.1037e-275 0.0000e+00 0.0000e+00 0.0000e+00 0.0000e+00 0.0000e+00 0.0000e+00 0.0000e+00 0.0000e+00 0.0000e+00 0.0000e+00 0.0000e+00 0.0000e+00 0.0000e+00 0.0000e+00 8.0507e-08 2.2787e-07 4.1913e-07 6.4638e-07 9.0527e-07 1.1931e-06 1.5080e-06 1.8488e-06 0.0000e+00 2.6047e-06 3.0188e-06 3.4564e-06 3.9175e-06 4.4018e-06 4.9090e-06 5.4390e-06 5.9914e-06 6.5657e-06 7.1614e-06 7.7777e-06 8.4133e-06 9.0669e-06 9.7366e-06 1.0420e-05 1.1115e-05 1.1817e-05 1.2522e-05 1.3226e-05 1.3922e-05 1.4603e-05 1.5261e-05 1.5888e-05 1.6472e-05 1.7002e-05 1.7466e-05 1.7849e-05 1.8136e-05 1.8313e-05 1.8363e-05 1.8273e-05 1.8028e-05 1.7618e-05 1.7034e-05 1.6272e-05 1.5337e-05 1.4237e-05 1.2991e-05 1.1625e-05 1.0176e-05 8.6869e-06 7.2067e-06 5.7869e-06 4.4765e-06 3.3179e-06 2.3411e-06 1.5609e-06 9.7482e-07 5.6440e-07 2.9927e-07 1.4324e-07 6.0834e-08 2.2458e-08 7.0318e-09 1.8128e-09 3.7124e-10 5.7816e-11 6.4927e-12 4.9249e-13 2.3275e-14 6.1988e-16 8.2066e-18 4.6109e-20 8.9963e-23 4.7158e-26 4.7702e-30 6.0518e-35 5.4651e-41 1.6547e-48 6.1052e-58 6.9180e-70 3.5910e-85 5.9293e-105 6.9505e-131 2.3127e-165 6.0777e-212 5.0740e-276 0.0000e+00 0.0000e+00 0.0000e+00 0.0000e+00 0.0000e+00 0.0000e+00 0.0000e+00 0.0000e+00 0.0000e+00 0.0000e+00 0.0000e+00 0.0000e+00 0.0000e+00 0.0000e+00
-9.4689e-08 -2.6802e-07 -4.9297e-07 -7.6025e-07 -1.0647e-06 -1.4033e-06 -1.7737e-06 -2.1745e-06 -2.6047e-06 3.0457e-04 -3.5506e-06 -4.0654e-06 -4.6077e-06 -5.1772e-06 -5.7739e-06 -6.3972e-06 -7.0470e-06 -7.7226e-06 -8.4234e-06 -9.1483e-06 -9.8960e-06 -1.0665e-05 -1.1453e-05 -1.2257e-05 -1.3075e-05 -1.3901e-05 -1.4731e-05 -1.5559e-05 -1.6378e-05 -1.7181e-05 -1.7956e-05 -1.8695e-05 -1.9383e-05 -2.0009e-05 -2.0556e-05 -2.1009e-05 -2.1349e-05 -2.1560e-05 -2.1623e-05 -2.1520e-05 -2.1235e-05 -2.0756e-05 -2.0072e-05 -1.9180e-05 -1.8082e-05 -1.6791e-05 -1.5327e-05 -1.3721e-05 -1.2017e-05 -1.0264e-05 -8.5199e-06 -6.8460e-06 -5.2999e-06 -3.9316e-06 -2.7769e-06 -1.8536e-06 -1.1591e-06 -6.7207e-07 -3.5696e-07 -1.7118e-07 -7.2862e-08 -2.6968e-08 -8.4686e-09 -2.1906e-09 -4.5038e-10 -7.0464e-11 -7.9554e-12 -6.0721e-13 -2.8907e-14 -7.7657e-16 -1.0386e-17 -5.9066e-20 -1.1691e-22 -6.2347e-26 -6.4382e-30 -8.3740e-35 -7.7935e-41 -2.4478e-48 -9.4451e-58 -1.1307e-69 -6.2802e-85 -1.1274e-104 -1.4663e-130 -5.5530e-165 -1.7160e-211 -1.7568e-275 0.0000e+00 0.0000e+00 0.0000e+00 0.0000e+00 0.0000e+00 0.0000e+00 0.0000e+00 0.0000e+00 0.0000e+00 0.0000e+00 0.0000e+00 0.0000e+00 0.0000e+00 0.0000e+00 9.4689e-08 2.6802e-07 4.9297e-07 7.6025e-07 1.0647e-06 1.4033e-06 1.7737e-06 2.1745e-06 2.6047e-06 0.0000e+00 3.5506e-06 4.0653e-06 4.6076e-06 5.1772e-06 5.7738e-06 6.3971e-06 7.0468e-06 7.7224e-06 8.4230e-06 9.1478e-06 9.8954e-06 1.0664e-05 1.1452e-05 1.2256e-05 1.3073e-05 1.3898e-05 1.4728e-05 1.5556e-05 1.6374e-05 1.7175e-05 1.7950e-05 1.8687e-05 1.9374e-05 1.9998e-05 2.0543e-05 2.0993e-05 2.1331e-05 2.1539e-05 2.1598e-05 2.1492e-05 2.1204e-05 2.0721e-05 2.0034e-05 1.9139e-05 1.8038e-05 1.6745e-05 1.5279e-05 1.3673e-05 1.1969e-05 1.0217e-05 8.4763e-06 6.8063e-06 5.2651e-06 3.9023e-06 2.7535e-06 1.8359e-06 1.1465e-06 6.6382e-07 3.5199e-07 1.6847e-07 7.1550e-08 2.6414e-08 8.2705e-09 2.1321e-09 4.3663e-10 6.8001e-11 7.6364e-12 5.7924e-13 2.7374e-14 7.2906e-16 9.6520e-18 5.4230e-20 1.0580e-22 5.5460e-26 5.6098e-30 7.1167e-35 6.4262e-41 1.9455e-48 7.1767e-58 8.1299e-70 4.2182e-85 6.9599e-105 8.1488e-131 2.7059e-165 7.0845e-212 5.8736e-276 0.0000e+00 0.0000e+00 0.0000e+00 0.0000e+00 0.0000e+00 0.0000e+00 0.0000e+00 0.0000e+00 0.0000e+00 0.0000e+00 0.0000e+00 0.0000e+00 0.0000e+00 0.0000e+00
-1.0974e-07 -3.1062e-07 -5.7133e-07 -8.8110e-07 -1.2340e-06 -1.6263e-06 -2.0556e-06 -2.5202e-06 -3.0188e-06 -3.5506e-06 4.4899e-04 -4.7116e-06 -5.3401e-06 -6.0003e-06 -6.6917e-06 -7.4142e-06 -8.1673e-06 -8.9504e-06 -9.7626e-06 -1.0603e-05 -1.1469e-05 -1.2361e-05 -1.3274e-05 -1.4206e-05 -1.5154e-05 -1.6112e-05 -1.7074e-05 -1.8034e-05 -1.8984e-05 -1.9915e-05 -2.0814e-05 -2.1671e-05 -2.2470e-05 -2.3196e-05 -2.3831e-05 -2.4357e-05 -2.4753e-05 -2.4999e-05 -2.5073e-05 -2.4956e-05 -2.4628e-05 -2.4074e-05 -2.3284e-05 -2.2251e-05 -2.0981e-05 -1.9485e-05 -1.7789e-05 -1.5929e-05 -1.3953e-05 -1.1921e-05 -9.8983e-06 -7.9561e-06 -6.1616e-06 -4.5726e-06 -3.2312e-06 -2.1579e-06 -1.3502e-06 -7.8345e-07 -4.1644e-07 -1.9989e-07 -8.5169e-08 -3.1560e-08 -9.9242e-09 -2.5712e-09 -5.2958e-10 -8.3030e-11 -9.3969e-12 -7.1927e-13 -3.4355e-14 -9.2650e-16 -1.2448e-17 -7.1164e-20 -1.4174e-22 -7.6144e-26 -7.9314e-30 -1.0422e-34 -9.8178e-41 -3.1281e-48 -1.2275e-57 -1.4991e-69 -8.5240e-85 -1.5730e-104 -2.1127e-130 -8.3080e-165 -2.6824e-211 -2.8908e-275 0.0000e+00 0.0000e+00 0.0000e+00 0.0000e+00 0.0000e+00 0.0000e+00 0.0000e+00 0.0000e+00 0.0000e+00 0.0000e+00 0.0000e+00 0.0000e+00 0.0000e+00 0.0000e+00 1.0974e-07 3.1062e-07 5.7133e-07 8.8110e-07 1.2340e-06 1.6263e-06 2.0556e-06 2.5202e-06 3.0188e-06 3.5506e-06 0.0000e+00 4.7116e-06 5.3401e-06 6.0002e-06 6.6916e-06 7.4140e-06 8.1670e-06 8.9499e-06 9.7620e-06 1.0602e-05 1.1468e-05 1.2359e-05 1.3272e-05 1.4204e-05 1.5151e-05 1.6108e-05 1.7069e-05 1.8028e-05 1.8977e-05 1.9906e-05 2.0803e-05 2.1657e-05 2.2454e-05 2.3177e-05 2.3808e-05 2.4330e-05 2.4722e-05 2.4963e-05 2.5032e-05 2.4909e-05 2.4575e-05 2.4015e-05 2.3219e-05 2.2181e-05 2.0906e-05 1.9407e-05 1.7708e-05 1.5846e-05 1.3871e-05 1.1841e-05 9.8237e-06 7.8883e-06 6.1021e-06 4.5227e-06 3.1912e-06 2.1277e-06 1.3288e-06 7.6935e-07 4.0794e-07 1.9525e-07 8.2924e-08 3.0613e-08 9.5852e-09 2.4710e-09 5.0604e-10 7.8809e-11 8.8502e-12 6.7129e-13 3.1724e-14 8.4492e-16 1.1186e-17 6.2844e-20 1.2261e-22 6.4265e-26 6.4999e-30 8.2449e-35 7.4438e-41 2.2530e-48 8.3080e-58 9.4060e-70 4.8758e-85 8.0326e-105 9.3807e-131 3.1010e-165 8.0526e-212 6.5703e-276 0.0000e+00 0.0000e+00 0.0000e+00 0.0000e+00 0.0000e+00 0.0000e+00 0.0000e+00 0.0000e+00 0.0000e+00 0.0000e+00 0.0000e+00 0.0000e+00 0.0000e+00 0.0000e+00
-1.2565e-07 -3.5566e-07 -6.5417e-07 -1.0088e-06 -1.4129e-06 -1.8621e-06 -2.3537e-06 -2.8856e-06 -3.4564e-06 -4.0654e-06 -4.7116e-06 6.4071e-04 -6.1144e-06 -6.8703e-06 -7.6620e-06 -8.4893e-06 -9.3516e-06 -1.0248e-05 -1.1178e-05 -1.2140e-05 -1.3133e-05 -1.4154e-05 -1.5200e-05 -1.6267e-05 -1.7352e-05 -1.8449e-05 -1.9552e-05 -2.0652e-05 -2.1740e-05 -2.2806e-05 -2.3838e-05 -2.4819e-05 -2.5736e-05 -2.6568e-05 -2.7297e-05 -2.7901e-05 -2.8357e-05 -2.8641e-05 -2.8729e-05 -2.8597e-05 -2.8224e-05 -2.7593e-05 -2.6691e-05 -2.5512e-05 -2.4059e-05 -2.2349e-05 -2.0409e-05 -1.8279e-05 -1.6017e-05 -1.3688e-05 -1.1370e-05 -9.1429e-06 -7.0841e-06 -5.2601e-06 -3.7192e-06 -2.4856e-06 -1.5565e-06 -9.0396e-07 -4.8100e-07 -2.3115e-07 -9.8621e-08 -3.6601e-08 -1.1530e-08 -2.9934e-09 -6.1799e-10 -9.7154e-11 -1.1030e-11 -8.4737e-13 -4.0645e-14 -1.1015e-15 -1.4884e-17 -8.5661e-20 -1.7194e-22 -9.3213e-26 -9.8127e-30 -1.3055e-34 -1.2476e-40 -4.0425e-48 -1.6177e-57 -2.0208e-69 -1.1795e-84 -2.2432e-104 -3.1193e-130 -1.2766e-164 -4.3170e-211 -4.9103e-275 0.0000e+00 0.0000e+00 0.0000e+00 0.0000e+00 0.0000e+00 0.0000e+00 0.0000e+00 0.0000e+00 0.0000e+00 0.0000e+00 0.0000e+00 0.0000e+00 0.0000e+00 0.0000e+00 1.2565e-07 3.5566e-07 6.5417e-07 1.0088e-06 1.4129e-06 1.8621e-06 2.3537e-06 2.8856e-06 3.4564e-06 4.0653e-06 4.7116e-06 0.0000e+00 6.1143e-06 6.8701e-06 7.6618e-06 8.4890e-06 9.3511e-06 1.0248e-05 1.1177e-05 1.2139e-05 1.3131e-05 1.4151e-05 1.5197e-05 1.6263e-05 1.7347e-05 1.8443e-05 1.9544e-05 2.0642e-05 2.1728e-05 2.2792e-05 2.3819e-05 2.4797e-05 2.5709e-05 2.6537e-05 2.7260e-05 2.7858e-05 2.8306e-05 2.8582e-05 2.8661e-05 2.8520e-05 2.8138e-05 2.7497e-05 2.6585e-05 2.5397e-05 2.3937e-05 2.2220e-05 2.0275e-05 1.8144e-05 1.5882e-05 1.3558e-05 1.1248e-05 9.0319e-06 6.9868e-06 5.1784e-06 3.6539e-06 2.4362e-06 1.5215e-06 8.8089e-07 4.6708e-07 2.2356e-07 9.4946e-08 3.5051e-08 1.0975e-08 2.8293e-09 5.7939e-10 9.0233e-11 1.0133e-11 7.6858e-13 3.6321e-14 9.6732e-16 1.2806e-17 7.1942e-20 1.4035e-22 7.3556e-26 7.4385e-30 9.4336e-35 8.5142e-41 2.5758e-48 9.4912e-58 1.0733e-69 5.5535e-85 9.1210e-105 1.0596e-130 3.4697e-165 8.8500e-212 6.9577e-276 0.0000e+00 0.0000e+00 0.0000e+00 0.0000e+00 0.0000e+00 0.0000e+00 0.0000e+00 0.0000e+00 0.0000e+00 0.0000e+00 0.0000e+00 0.0000e+00 0.0000e+00 0.0000e+00
-1.4241e-07 -4.0310e-07 -7.4143e-07 -1.1434e-06 -1.6014e-06 -2.1105e-06 -2.6676e-06 -3.2705e-06 -3.9175e-06 -4.6077e-06 -5.3401e-06 -6.1144e-06 8.8977e-04 -7.7868e-06 -8.6842e-06 -9.6219e-06 -1.0599e-05 -1.1616e-05 -1.2670e-05 -1.3760e-05 -1.4886e-05 -1.6043e-05 -1.7228e-05 -1.8439e-05 -1.9669e-05 -2.0913e-05 -2.2164e-05 -2.3411e-05 -2.4646e-05 -2.5855e-05 -2.7025e-05 -2.8140e-05 -2.9180e-05 -3.0126e-05 -3.0955e-05 -3.1643e-05 -3.2162e-05 -3.2487e-05 -3.2591e-05 -3.2445e-05 -3.2027e-05 -3.1316e-05 -3.0298e-05 -2.8965e-05 -2.7323e-05 -2.5387e-05 -2.3190e-05 -2.0777e-05 -1.8212e-05 -1.5571e-05 -1.2940e-05 -1.0411e-05 -8.0720e-06 -5.9978e-06 -4.2442e-06 -2.8391e-06 -1.7797e-06 -1.0348e-06 -5.5133e-07 -2.6535e-07 -1.1341e-07 -4.2173e-08 -1.3315e-08 -3.4658e-09 -7.1766e-10 -1.1321e-10 -1.2904e-11 -9.9583e-13 -4.8018e-14 -1.3092e-15 -1.7815e-17 -1.0336e-19 -2.0942e-22 -1.1476e-25 -1.2233e-29 -1.6510e-34 -1.6041e-40 -5.2969e-48 -2.1661e-57 -2.7737e-69 -1.6652e-84 -3.2702e-104 -4.7168e-130 -2.0131e-164 -7.1457e-211 -8.6041e-275 0.0000e+00 0.0000e+00 0.0000e+00 0.0000e+00 0.0000e+00 0.0000e+00 0.0000e+00 0.0000e+00 0.0000e+00 0.0000e+00 0.0000e+00 0.0000e+00 0.0000e+00 0.0000e+00 1.4241e-07 4.0310e-07 7.4143e-07 1.1434e-06 1.6014e-06 2.1105e-06 2.6676e-06 3.2705e-06 3.9175e-06 4.6076e-06 5.3401e-06 6.1143e-06 0.0000e+00 7.7865e-06 8.6838e-06 9.6213e-06 1.0598e-05 1.1615e-05 1.2668e-05 1.3758e-05 1.4883e-05 1.6039e-05 1.7224e-05 1.8433e-05 1.9661e-05 2.0903e-05 2.2151e-05 2.3396e-05 2.4627e-05 2.5832e-05 2.6997e-05 2.8105e-05 2.9139e-05 3.0077e-05 3.0897e-05 3.1574e-05 3.2082e-05 3.2395e-05 3.2484e-05 3.2324e-05 3.1891e-05 3.1165e-05 3.0132e-05 2.8785e-05 2.7130e-05 2.5184e-05 2.2980e-05 2.0564e-05 1.8001e-05 1.5367e-05 1.2748e-05 1.0237e-05 7.9188e-06 5.8691e-06 4.1412e-06 2.7611e-06 1.7244e-06 9.9838e-07 5.2938e-07 2.5338e-07 1.0761e-07 3.9726e-08 1.2438e-08 3.2066e-09 6.5665e-10 1.0226e-10 1.1484e-11 8.7102e-13 4.1161e-14 1.0962e-15 1.4510e-17 8.1511e-20 1.5899e-22 8.3313e-26 8.4230e-30 1.0678e-34 9.6315e-41 2.9112e-48 1.0712e-57 1.2087e-69 6.2318e-85 1.0174e-104 1.1694e-130 3.7545e-165 9.2005e-212 6.5879e-276 0.0000e+00 0.0000e+00 0.0000e+00 0.0000e+00 0.0000e+00 0.0000e+00 0.0000e+00 0.0000e+00 0.0000e+00 0.0000e+00 0.0000e+00 0.0000e+00 0.0000e+00 0.0000e+00
-1.6002e-07 -4.5293e-07 -8.3308e-07 -1.2848e-06 -1.7993e-06 -2.3714e-06 -2.9974e-06 -3.6748e-06 -4.4018e-06 -5.1772e-06 -6.0003e-06 -6.8703e-06 -7.7868e-06 1.2075e-03 -9.7578e-06 -1.0812e-05 -1.1910e-05 -1.3052e-05 -1.4237e-05 -1.5462e-05 -1.6727e-05 -1.8027e-05 -1.9360e-05 -2.0721e-05 -2.2104e-05 -2.3502e-05 -2.4908e-05 -2.6311e-05 -2.7700e-05 -2.9061e-05 -3.0377e-05 -3.1632e-05 -3.2804e-05 -3.3870e-05 -3.4805e-05 -3.5582e-05 -3.6170e-05 -3.6541e-05 -3.6662e-05 -3.6504e-05 -3.6041e-05 -3.5248e-05 -3.4110e-05 -3.2618e-05 -3.0778e-05 -2.8607e-05 -2.6141e-05 -2.3431e-05 -2.0548e-05 -1.7578e-05 -1.4617e-05 -1.1769e-05 -9.1315e-06 -6.7911e-06 -4.8104e-06 -3.2215e-06 -2.0220e-06 -1.1774e-06 -6.2836e-07 -3.0300e-07 -1.2978e-07 -4.8379e-08 -1.5318e-08 -3.9999e-09 -8.3131e-10 -1.3169e-10 -1.5083e-11 -1.1704e-12 -5.6794e-14 -1.5598e-15 -2.1401e-17 -1.2536e-19 -2.5676e-22 -1.4247e-25 -1.5403e-29 -2.1125e-34 -2.0904e-40 -7.0470e-48 -2.9499e-57 -3.8781e-69 -2.3984e-84 -4.8711e-104 -7.2998e-130 -3.2554e-164 -1.2162e-210 -1.5559e-274 0.0000e+00 0.0000e+00 0.0000e+00 0.0000e+00 0.0000e+00 0.0000e+00 0.0000e+00 0.0000e+00 0.0000e+00 0.0000e+00 0.0000e+00 0.0000e+00 0.0000e+00 0.0000e+00 1.6002e-07 4.5293e-07 8.3308e-07 1.2848e-06 1.7993e-06 2.3714e-06 2.9974e-06 3.6748e-06 4.4018e-06 5.1772e-06 6.0002e-06 6.8701e-06 7.7865e-06 0.0000e+00 9.7572e-06 1.0811e-05 1.1909e-05 1.3050e-05 1.4234e-05 1.5459e-05 1.6722e-05 1.8022e-05 1.9353e-05 2.0711e-05 2.2092e-05 2.3487e-05 2.4889e-05 2.6288e-05 2.7671e-05 2.9025e-05 3.0334e-05 3.1579e-05 3.2741e-05 3.3795e-05 3.4716e-05 3.5477e-05 3.6048e-05 3.6399e-05 3.6500e-05 3.6320e-05 3.5834e-05 3.5018e-05 3.3856e-05 3.2343e-05 3.0484e-05 2.8297e-05 2.5820e-05 2.3106e-05 2.0226e-05 1.7266e-05 1.4324e-05 1.1502e-05 8.8976e-06 6.5946e-06 4.6531e-06 3.1024e-06 1.9375e-06 1.1218e-06 5.9481e-07 2.8470e-07 1.2091e-07 4.4635e-08 1.3975e-08 3.6027e-09 7.3776e-10 1.1489e-10 1.2902e-11 9.7852e-13 4.6238e-14 1.2313e-15 1.6297e-17 9.1533e-20 1.7850e-22 9.3504e-26 9.4487e-30 1.1970e-34 1.0785e-40 3.2546e-48 1.1945e-57 1.3424e-69 6.8742e-85 1.1092e-104 1.2479e-130 3.8393e-165 8.5310e-212 4.4919e-276 0.0000e+00 0.0000e+00 0.0000e+00 0.0000e+00 0.0000e+00 0.0000e+00 0.0000e+00 0.0000e+00 0.0000e+00 0.0000e+00 0.0000e+00 0.0000e+00 0.0000e+00 0.0000e+00
-1.7846e-07 -5.0512e-07 -9.2908e-07 -1.4328e-06 -2.0067e-06 -2.6447e-06 -3.3428e-06 -4.0982e-06 -4.9090e-06 -5.7739e-06 -6.6917e-06 -7.6620e-06 -8.6842e-06 -9.7578e-06 1.6065e-03 -1.2058e-05 -1.3283e-05 -1.4557e-05 -1.5878e-05 -1.7245e-05 -1.8656e-05 -2.0107e-05 -2.1594e-05 -2.3112e-05 -2.4655e-05 -2.6216e-05 -2.7786e-05 -2.9352e-05 -3.0903e-05 -3.2423e-05 -3.3894e-05 -3.5297e-05 -3.6607e-05 -3.7801e-05 -3.8849e-05 -3.9721e-05 -4.0383e-05 -4.0804e-05 -4.0946e-05 -4.0779e-05 -4.0270e-05 -3.9395e-05 -3.8134e-05 -3.6478e-05 -3.4433e-05 -3.2018e-05 -2.9272e-05 -2.6252e-05 -2.3036e-05 -1.9719e-05 -1.6410e-05 -1.3224e-05 -1.0270e-05 -7.6465e-06 -5.4231e-06 -3.6369e-06 -2.2864e-06 -1.3337e-06 -7.1328e-07 -3.4475e-07 -1.4805e-07 -5.5357e-08 -1.7587e-08 -4.6103e-09 -9.6243e-10 -1.5323e-10 -1.7651e-11 -1.3787e-12 -6.7398e-14 -1.8667e-15 -2.5859e-17 -1.5312e-19 -3.1751e-22 -1.7864e-25 -1.9617e-29 -2.7383e-34 -2.7635e-40 -9.5236e-48 -4.0861e-57 -5.5221e-69 -3.5228e-84 -7.4099e-104 -1.1558e-129 -5.3985e-164 -2.1294e-210 -2.9068e-274 0.0000e+00 0.0000e+00 0.0000e+00 0.0000e+00 0.0000e+00 0.0000e+00 0.0000e+00 0.0000e+00 0.0000e+00 0.0000e+00 0.0000e+00 0.0000e+00 0.0000e+00 0.0000e+00 1.7846e-07 5.0512e-07 9.2908e-07 1.4328e-06 2.0067e-06 2.6447e-06 3.3428e-06 4.0982e-06 4.9090e-06 5.7738e-06 6.6916e-06 7.6618e-06 8.6838e-06 9.7572e-06 0.0000e+00 1.2056e-05 1.3281e-05 1.4554e-05 1.5875e-05 1.7240e-05 1.8649e-05 2.0098e-05 2.1583e-05 2.3098e-05 2.4638e-05 2.6194e-05 2.7757e-05 2.9317e-05 3.0860e-05 3.2370e-05 3.3829e-05 3.5218e-05 3.6513e-05 3.7689e-05 3.8716e-05 3.9565e-05 4.0202e-05 4.0593e-05 4.0706e-05 4.0506e-05 3.9963e-05 3.9053e-05 3.7758e-05 3.6070e-05 3.3996e-05 3.1558e-05 2.8796e-05 2.5769e-05 2.2557e-05 1.9256e-05 1.5975e-05 1.2827e-05 9.9229e-06 7.3545e-06 5.1893e-06 3.4599e-06 2.1608e-06 1.2510e-06 6.6334e-07 3.1749e-07 1.3484e-07 4.9776e-08 1.5585e-08 4.0175e-09 8.2268e-10 1.2811e-10 1.4385e-11 1.0910e-12 5.1546e-14 1.3724e-15 1.8161e-17 1.0198e-19 1.9879e-22 1.0407e-25 1.0508e-29 1.3295e-34 1.1957e-40 3.5978e-48 1.3145e-57 1.4662e-69 7.4132e-85 1.1690e-104 1.2573e-130 3.4934e-165 5.6553e-212 -1.4348e-276 0.0000e+00 0.0000e+00 0.0000e+00 0.0000e+00 0.0000e+00 0.0000e+00 0.0000e+00 0.0000e+00 0.0000e+00 0.0000e+00 0.0000e+00 0.0000e+00 0.0000e+00 0.0000e+00
-1.9772e-07 -5.5965e-07 -1.0294e-06 -1.5875e-06 -2.2233e-06 -2.9302e-06 -3.7037e-06 -4.5407e-06 -5.4390e-06 -6.3972e-06 -7.4142e-06 -8.4893e-06 -9.6219e-06 -1.0812e-05 -1.2058e-05 2.1012e-03 -1.4717e-05 -1.6129e-05 -1.7593e-05 -1.9109e-05 -2.0672e-05 -2.2280e-05 -2.3929e-05 -2.5612e-05 -2.7323e-05 -2.9054e-05 -3.0795e-05 -3.2533e-05 -3.4254e-05 -3.5941e-05 -3.7575e-05 -3.9134e-05 -4.0592e-05 -4.1920e-05 -4.3088e-05 -4.4062e-05 -4.4805e-05 -4.5280e-05 -4.5449e-05 -4.5275e-05 -4.4723e-05 -4.3765e-05 -4.2379e-05 -4.0556e-05 -3.8300e-05 -3.5632e-05 -3.2595e-05 -2.9251e-05 -2.5687e-05 -2.2007e-05 -1.8331e-05 -1.4787e-05 -1.1499e-05 -8.5725e-06 -6.0890e-06 -4.0905e-06 -2.5766e-06 -1.5063e-06 -8.0757e-07 -3.9142e-07 -1.6863e-07 -6.3278e-08 -2.0186e-08 -5.3159e-09 -1.1155e-09 -1.7866e-10 -2.0718e-11 -1.6305e-12 -8.0388e-14 -2.2479e-15 -3.1477e-17 -1.8866e-19 -3.9653e-22 -2.2649e-25 -2.5295e-29 -3.5976e-34 -3.7071e-40 -1.3074e-47 -5.7556e-57 -8.0052e-69 -5.2746e-84 -1.1509e-103 -1.8724e-129 -9.1857e-164 -3.8397e-210 -5.6200e-274 0.0000e+00 0.0000e+00 0.0000e+00 0.0000e+00 0.0000e+00 0.0000e+00 0.0000e+00 0.0000e+00 0.0000e+00 0.0000e+00 0.0000e+00 0.0000e+00 0.0000e+00 0.0000e+00 1.9772e-07 5.5965e-07 1.0294e-06 1.5875e-06 2.2233e-06 2.9302e-06 3.7037e-06 4.5407e-06 5.4390e-06 6.3971e-06 7.4140e-06 8.4890e-06 9.6213e-06 1.0811e-05 1.2056e-05 0.0000e+00 1.4715e-05 1.6125e-05 1.7588e-05 1.9102e-05 2.0663e-05 2.2268e-05 2.3913e-05 2.5592e-05 2.7298e-05 2.9022e-05 3.0754e-05 3.2482e-05 3.4191e-05 3.5864e-05 3.7482e-05 3.9021e-05 4.0455e-05 4.1758e-05 4.2896e-05 4.3836e-05 4.4542e-05 4.4976e-05 4.5100e-05 4.4879e-05 4.4277e-05 4.3269e-05 4.1834e-05 3.9964e-05 3.7667e-05 3.4965e-05 3.1904e-05 2.8551e-05 2.4992e-05 2.1335e-05 1.7699e-05 1.4212e-05 1.0994e-05 8.1484e-06 5.7494e-06 3.8334e-06 2.3940e-06 1.3860e-06 7.3492e-07 3.5175e-07 1.4938e-07 5.5145e-08 1.7265e-08 4.4506e-09 9.1131e-10 1.4190e-10 1.5932e-11 1.2081e-12 5.7073e-14 1.5192e-15 2.0097e-17 1.1280e-19 2.1973e-22 1.1493e-25 1.1588e-29 1.4630e-34 1.3116e-40 3.9266e-48 1.4230e-57 1.5656e-69 7.7251e-85 1.1620e-104 1.1246e-130 2.2569e-165 -1.8953e-212 -1.5820e-275 0.0000e+00 0.0000e+00 0.0000e+00 0.0000e+00 0.0000e+00 0.0000e+00 0.0000e+00 0.0000e+00 0.0000e+00 0.0000e+00 0.0000e+00 0.0000e+00 0.0000e+00 0.0000e+00
-2.1780e-07 -6.1649e-07 -1.1339e-06 -1.7487e-06 -2.4492e-06 -3.2278e-06 -4.0799e-06 -5.0019e-06 -5.9915e-06 -7.0470e-06 -8.1673e-06 -9.3516e-06 -1.0599e-05 -1.1910e-05 -1.3283e-05 -1.4717e-05 2.7074e-03 -1.7768e-05 -1.9382e-05 -2.1051e-05 -2.2774e-05 -2.4547e-05 -2.6364e-05 -2.8219e-05 -3.0106e-05 -3.2015e-05 -3.3935e-05 -3.5853e-05 -3.7753e-05 -3.9616e-05 -4.1422e-05 -4.3145e-05 -4.4758e-05 -4.6229e-05 -4.7526e-05 -4.8609e-05 -4.9440e-05 -4.9976e-05 -5.0176e-05 -4.9999e-05 -4.9407e-05 -4.8368e-05 -4.6857e-05 -4.4864e-05 -4.2392e-05 -3.9464e-05 -3.6125e-05 -3.2445e-05 -2.8517e-05 -2.4457e-05 -2.0395e-05 -1.6473e-05 -1.2828e-05 -9.5792e-06 -6.8166e-06 -4.5887e-06 -2.8971e-06 -1.6981e-06 -9.1310e-07 -4.4404e-07 -1.9202e-07 -7.2360e-08 -2.3193e-08 -6.1407e-09 -1.2964e-09 -2.0904e-10 -2.4425e-11 -1.9387e-12 -9.6499e-14 -2.7273e-15 -3.8644e-17 -2.3468e-19 -5.0052e-22 -2.9054e-25 -3.3031e-29 -4.7913e-34 -5.0456e-40 -1.8228e-47 -8.2422e-57 -1.1812e-68 -8.0505e-84 -1.8258e-103 -3.1058e-129 -1.6054e-163 -7.1412e-210 -1.1266e-273 0.0000e+00 0.0000e+00 0.0000e+00 0.0000e+00 0.0000e+00 0.0000e+00 0.0000e+00 0.0000e+00 0.0000e+00 0.0000e+00 0.0000e+00 0.0000e+00 0.0000e+00 0.0000e+00 2.1780e-07 6.1649e-07 1.1339e-06 1.7487e-06 2.4491e-06 3.2278e-06 4.0799e-06 5.0018e-06 5.9914e-06 7.0468e-06 8.1670e-06 9.3511e-06 1.0598e-05 1.1909e-05 1.3281e-05 1.4715e-05 0.0000e+00 1.7763e-05 1.9375e-05 2.1042e-05 2.2761e-05 2.4530e-05 2.6342e-05 2.8191e-05 3.0070e-05 3.1969e-05 3.3878e-05 3.5781e-05 3.7664e-05 3.9507e-05 4.1288e-05 4.2984e-05 4.4564e-05 4.5999e-05 4.7253e-05 4.8288e-05 4.9066e-05 4.9544e-05 4.9681e-05 4.9437e-05 4.8774e-05 4.7664e-05 4.6083e-05 4.4023e-05 4.1492e-05 3.8516e-05 3.5145e-05 3.1450e-05 2.7530e-05 2.3501e-05 1.9497e-05 1.5656e-05 1.2110e-05 8.9758e-06 6.3332e-06 4.2226e-06 2.6370e-06 1.5267e-06 8.0951e-07 3.8744e-07 1.6454e-07 6.0737e-08 1.9015e-08 4.9013e-09 1.0035e-09 1.5625e-10 1.7540e-11 1.3298e-12 6.2803e-14 1.6711e-15 2.2095e-17 1.2391e-19 2.4113e-22 1.2592e-25 1.2666e-29 1.5935e-34 1.4207e-40 4.2163e-48 1.5058e-57 1.6147e-69 7.5849e-85 1.0233e-104 7.0946e-131 -7.9246e-166 -1.9321e-211 -4.9033e-275 0.0000e+00 0.0000e+00 0.0000e+00 0.0000e+00 0.0000e+00 0.0000e+00 0.0000e+00 0.0000e+00 0.0000e+00 0.0000e+00 0.0000e+00 0.0000e+00 0.0000e+00 0.0000e+00
