2.6598e-04 -2.1371e-04 -2.6163e-04 -3.0193e-04 -3.3732e-04 -3.6918e-04 -3.9833e-04 -4.2530e-04 -4.5044e-04 -4.7403e-04 -4.9625e-04 -5.1725e-04 -5.3715e-04 -5.5604e-04 -5.7398e-04 -5.9103e-04 -6.0723e-04 -6.2262e-04 -6.3722e-04 -6.5105e-04 -6.6413e-04 -6.7645e-04 -6.8802e-04 -6.9885e-04 -7.0892e-04 -7.1822e-04 -7.2674e-04 -7.3447e-04 -7.4138e-04 -7.4746e-04 -7.5267e-04 -7.5700e-04 -7.6040e-04 -7.6285e-04 -7.6432e-04 -7.6475e-04 -7.6413e-04 -7.6240e-04 -7.5952e-04 -7.5546e-04 -7.5016e-04 -7.4359e-04 -7.3571e-04 -7.2646e-04 -7.1582e-04 -7.0374e-04 -6.9020e-04 -6.7516e-04 -6.5861e-04 -6.4053e-04 -6.2093e-04 -5.9980e-04 -5.7718e-04 -5.5311e-04 -5.2764e-04 -5.0085e-04 -4.7284e-04 -4.4375e-04 -4.1372e-04 -3.8295e-04 -3.5164e-04 -3.2004e-04 -2.8844e-04 -2.5712e-04 -2.2641e-04 -1.9666e-04 -1.6821e-04 -1.4140e-04 -1.1655e-04 -9.3949e-05 -7.3832e-05 -5.6361e-05 -4.1611e-05 -2.9558e-05 -2.0078e-05 -1.2944e-05 -7.8489e-06 -4.4269e-06 -2.2909e-06 -1.0693e-06 -4.4066e-07 -1.5600e-07 -4.5806e-08 -1.0656e-08 -1.8487e-09 -2.2044e-10 -1.6154e-11 -6.2218e-13 -1.0061e-14 -4.9036e-17 -4.3459e-20 -3.1417e-24 -4.8839e-30 -1.5549e-38 -1.1647e-51 -1.7788e-73 -1.0349e-113 -9.0902e-201 0.0000e+00 0.0000e+00 0.0000e+00 2.1371e-04 2.6163e-04 3.0193e-04 3.3732e-04 3.6918e-04 3.9833e-04 4.2529e-04 4.5044e-04 4.7402e-04 4.9624e-04 5.1725e-04 5.3714e-04 5.5603e-04 5.7396e-04 5.9101e-04 6.0721e-04 6.2260e-04 6.3719e-04 6.5102e-04 6.6409e-04 6.7641e-04 6.8798e-04 6.9880e-04 7.0886e-04 7.1816e-04 7.2667e-04 7.3439e-04 7.4130e-04 7.4737e-04 7.5257e-04 7.5689e-04 7.6029e-04 7.6273e-04 7.6418e-04 7.6461e-04 7.6397e-04 7.6223e-04 7.5935e-04 7.5527e-04 7.4996e-04 7.4338e-04 7.3548e-04 7.2623e-04 7.1557e-04 7.0348e-04 6.8993e-04 6.7488e-04 6.5832e-04 6.4023e-04 6.2062e-04 5.9948e-04 5.7686e-04 5.5278e-04 5.2730e-04 5.0050e-04 4.7250e-04 4.4340e-04 4.1338e-04 3.8261e-04 3.5131e-04 3.1972e-04 2.8813e-04 2.5682e-04 2.2614e-04 1.9640e-04 1.6797e-04 1.4118e-04 1.1636e-04 9.3784e-05 7.3692e-05 5.6245e-05 4.1518e-05 2.9487e-05 2.0025e-05 1.2907e-05 7.8242e-06 4.4116e-06 2.2822e-06 1.0648e-06 4.3861e-07 1.5519e-07 4.5539e-08 1.0586e-08 1.8350e-09 2.1856e-10 1.5996e-11 6.1509e-13 9.9258e-15 4.8252e-17 4.2617e-20 3.0667e-24 4.7367e-30 1.4940e-38 1.1032e-51 1.6459e-73 9.1804e-114 7.3881e-201 0.0000e+00 0.0000e+00
-2.1371e-04 1.0644e-03 -3.6991e-04 -4.2690e-04 -4.7693e-04 -5.2198e-04 -5.6320e-04 -6.0133e-04 -6.3689e-04 -6.7024e-04 -7.0167e-04 -7.3137e-04 -7.5951e-04 -7.8622e-04 -8.1160e-04 -8.3572e-04 -8.5864e-04 -8.8041e-04 -9.0107e-04 -9.2064e-04 -9.3915e-04 -9.5659e-04 -9.7298e-04 -9.8830e-04 -1.0026e-03 -1.0157e-03 -1.0278e-03 -1.0388e-03 -1.0486e-03 -1.0572e-03 -1.0646e-03 -1.0708e-03 -1.0756e-03 -1.0791e-03 -1.0812e-03 -1.0819e-03 -1.0810e-03 -1.0786e-03 -1.0746e-03 -1.0689e-03 -1.0615e-03 -1.0522e-03 -1.0411e-03 -1.0281e-03 -1.0131e-03 -9.9609e-04 -9.7699e-04 -9.5577e-04 -9.3242e-04 -9.0690e-04 -8.7922e-04 -8.4939e-04 -8.1745e-04 -7.8344e-04 -7.4744e-04 -7.0958e-04 -6.6999e-04 -6.2886e-04 -5.8640e-04 -5.4287e-04 -4.9858e-04 -4.5387e-04 -4.0913e-04 -3.6479e-04 -3.2130e-04 -2.7916e-04 -2.3884e-04 -2.0083e-04 -1.6560e-04 -1.3354e-04 -1.0499e-04 -8.0181e-05 -5.9227e-05 -4.2096e-05 -2.8612e-05 -1.8460e-05 -1.1202e-05 -6.3241e-06 -3.2761e-06 -1.5310e-06 -6.3179e-07 -2.2402e-07 -6.5901e-08 -1.5365e-08 -2.6726e-09 -3.1967e-10 -2.3517e-11 -9.1002e-13 -1.4802e-14 -7.2693e-17 -6.5060e-20 -4.7653e-24 -7.5423e-30 -2.4635e-38 -1.9168e-51 -3.1072e-73 -1.9982e-113 -2.1095e-200 0.0000e+00 0.0000e+00 2.1371e-04 0.0000e+00 3.6991e-04 4.2689e-04 4.7693e-04 5.2197e-04 5.6319e-04 6.0131e-04 6.3686e-04 6.7021e-04 7.0162e-04 7.3132e-04 7.5945e-04 7.8615e-04 8.1151e-04 8.3561e-04 8.5852e-04 8.8027e-04 9.0091e-04 9.2046e-04 9.3894e-04 9.5635e-04 9.7271e-04 9.8801e-04 1.0022e-03 1.0154e-03 1.0274e-03 1.0383e-03 1.0481e-03 1.0567e-03 1.0640e-03 1.0701e-03 1.0749e-03 1.0784e-03 1.0805e-03 1.0811e-03 1.0802e-03 1.0777e-03 1.0736e-03 1.0679e-03 1.0604e-03 1.0510e-03 1.0399e-03 1.0268e-03 1.0117e-03 9.9463e-04 9.7547e-04 9.5419e-04 9.3078e-04 9.0520e-04 8.7747e-04 8.4759e-04 8.1560e-04 7.8155e-04 7.4553e-04 7.0765e-04 6.6805e-04 6.2691e-04 5.8446e-04 5.4096e-04 4.9670e-04 4.5205e-04 4.0738e-04 3.6312e-04 3.1973e-04 2.7769e-04 2.3749e-04 1.9961e-04 1.6452e-04 1.3260e-04 1.0419e-04 7.9523e-05 5.8701e-05 4.1690e-05 2.8313e-05 1.8249e-05 1.1062e-05 6.2375e-06 3.2267e-06 1.5056e-06 6.2013e-07 2.1942e-07 6.4386e-08 1.4968e-08 2.5944e-09 3.0901e-10 2.2616e-11 8.6964e-13 1.4033e-14 6.8219e-17 6.0251e-20 4.3355e-24 6.6960e-30 2.1118e-38 1.5591e-51 2.3247e-73 1.2947e-113 1.0360e-200 0.0000e+00 0.0000e+00
-2.6163e-04 -3.6991e-04 2.3968e-03 -5.2263e-04 -5.8389e-04 -6.3905e-04 -6.8952e-04 -7.3620e-04 -7.7974e-04 -8.2059e-04 -8.5907e-04 -8.9546e-04 -9.2993e-04 -9.6265e-04 -9.9373e-04 -1.0233e-03 -1.0514e-03 -1.0781e-03 -1.1034e-03 -1.1274e-03 -1.1501e-03 -1.1715e-03 -1.1916e-03 -1.2104e-03 -1.2279e-03 -1.2441e-03 -1.2589e-03 -1.2724e-03 -1.2845e-03 -1.2951e-03 -1.3042e-03 -1.3118e-03 -1.3178e-03 -1.3222e-03 -1.3249e-03 -1.3258e-03 -1.3248e-03 -1.3220e-03 -1.3171e-03 -1.3103e-03 -1.3012e-03 -1.2900e-03 -1.2765e-03 -1.2607e-03 -1.2424e-03 -1.2217e-03 -1.1984e-03 -1.1725e-03 -1.1440e-03 -1.1129e-03 -1.0791e-03 -1.0426e-03 -1.0036e-03 -9.6201e-04 -9.1799e-04 -8.7167e-04 -8.2322e-04 -7.7286e-04 -7.2086e-04 -6.6754e-04 -6.1325e-04 -5.5844e-04 -5.0357e-04 -4.4916e-04 -3.9578e-04 -3.4401e-04 -2.9447e-04 -2.4774e-04 -2.0439e-04 -1.6492e-04 -1.2975e-04 -9.9171e-05 -7.3317e-05 -5.2160e-05 -3.5490e-05 -2.2924e-05 -1.3930e-05 -7.8757e-06 -4.0868e-06 -1.9136e-06 -7.9144e-07 -2.8135e-07 -8.3018e-08 -1.9425e-08 -3.3929e-09 -4.0788e-10 -3.0189e-11 -1.1770e-12 -1.9322e-14 -9.6002e-17 -8.7217e-20 -6.5148e-24 -1.0586e-29 -3.5850e-38 -2.9366e-51 -5.1353e-73 -3.7116e-113 -4.7446e-200 0.0000e+00 0.0000e+00 2.6163e-04 3.6991e-04 0.0000e+00 5.2262e-04 5.8388e-04 6.3903e-04 6.8948e-04 7.3615e-04 7.7968e-04 8.2050e-04 8.5896e-04 8.9532e-04 9.2976e-04 9.6244e-04 9.9349e-04 1.0230e-03 1.0510e-03 1.0777e-03 1.1029e-03 1.1269e-03 1.1495e-03 1.1708e-03 1.1908e-03 1.2096e-03 1.2270e-03 1.2431e-03 1.2578e-03 1.2712e-03 1.2831e-03 1.2936e-03 1.3027e-03 1.3101e-03 1.3160e-03 1.3202e-03 1.3227e-03 1.3235e-03 1.3224e-03 1.3194e-03 1.3144e-03 1.3073e-03 1.2981e-03 1.2867e-03 1.2731e-03 1.2570e-03 1.2386e-03 1.2177e-03 1.1942e-03 1.1682e-03 1.1395e-03 1.1082e-03 1.0742e-03 1.0377e-03 9.9850e-04 9.5682e-04 9.1272e-04 8.6634e-04 8.1786e-04 7.6750e-04 7.1553e-04 6.6227e-04 6.0809e-04 5.5342e-04 4.9873e-04 4.4454e-04 3.9143e-04 3.3996e-04 2.9075e-04 2.4438e-04 2.0141e-04 1.6233e-04 1.2756e-04 9.7356e-05 7.1864e-05 5.1039e-05 3.4661e-05 2.2341e-05 1.3543e-05 7.6362e-06 3.9503e-06 1.8431e-06 7.5918e-07 2.6862e-07 7.8823e-08 1.8324e-08 3.1760e-09 3.7829e-10 2.7686e-11 1.0646e-12 1.7178e-14 8.3502e-17 7.3743e-20 5.3056e-24 8.1922e-30 2.5824e-38 1.9046e-51 2.8331e-73 1.5668e-113 1.2186e-200 0.0000e+00 0.0000e+00
-3.0193e-04 -4.2690e-04 -5.2263e-04 4.2658e-03 -6.7385e-04 -7.3751e-04 -7.9576e-04 -8.4966e-04 -8.9992e-04 -9.4707e-04 -9.9151e-04 -1.0335e-03 -1.0733e-03 -1.1111e-03 -1.1470e-03 -1.1812e-03 -1.2136e-03 -1.2445e-03 -1.2738e-03 -1.3015e-03 -1.3277e-03 -1.3525e-03 -1.3758e-03 -1.3976e-03 -1.4178e-03 -1.4366e-03 -1.4538e-03 -1.4695e-03 -1.4835e-03 -1.4959e-03 -1.5065e-03 -1.5154e-03 -1.5225e-03 -1.5276e-03 -1.5308e-03 -1.5320e-03 -1.5311e-03 -1.5279e-03 -1.5225e-03 -1.5147e-03 -1.5045e-03 -1.4917e-03 -1.4763e-03 -1.4582e-03 -1.4373e-03 -1.4135e-03 -1.3868e-03 -1.3571e-03 -1.3243e-03 -1.2885e-03 -1.2497e-03 -1.2077e-03 -1.1628e-03 -1.1149e-03 -1.0642e-03 -1.0108e-03 -9.5487e-04 -8.9676e-04 -8.3672e-04 -7.7511e-04 -7.1238e-04 -6.4899e-04 -5.8550e-04 -5.2251e-04 -4.6067e-04 -4.0067e-04 -3.4319e-04 -2.8894e-04 -2.3857e-04 -1.9267e-04 -1.5173e-04 -1.1609e-04 -8.5925e-05 -6.1209e-05 -4.1707e-05 -2.6983e-05 -1.6426e-05 -9.3063e-06 -4.8404e-06 -2.2725e-06 -9.4271e-07 -3.3630e-07 -9.9635e-08 -2.3424e-08 -4.1143e-09 -4.9789e-10 -3.7146e-11 -1.4622e-12 -2.4292e-14 -1.2248e-16 -1.1336e-19 -8.6706e-24 -1.4532e-29 -5.1280e-38 -4.4421e-51 -8.3995e-73 -6.8014e-113 -1.0387e-199 0.0000e+00 0.0000e+00 3.0193e-04 4.2689e-04 5.2262e-04 0.0000e+00 6.7382e-04 7.3746e-04 7.9569e-04 8.4955e-04 8.9978e-04 9.4689e-04 9.9128e-04 1.0332e-03 1.0730e-03 1.1107e-03 1.1465e-03 1.1806e-03 1.2129e-03 1.2437e-03 1.2728e-03 1.3005e-03 1.3266e-03 1.3512e-03 1.3743e-03 1.3959e-03 1.4160e-03 1.4346e-03 1.4516e-03 1.4670e-03 1.4808e-03 1.4929e-03 1.5033e-03 1.5119e-03 1.5187e-03 1.5236e-03 1.5265e-03 1.5274e-03 1.5261e-03 1.5226e-03 1.5168e-03 1.5087e-03 1.4981e-03 1.4850e-03 1.4692e-03 1.4507e-03 1.4294e-03 1.4053e-03 1.3782e-03 1.3481e-03 1.3150e-03 1.2789e-03 1.2397e-03 1.1975e-03 1.1523e-03 1.1042e-03 1.0533e-03 9.9979e-04 9.4384e-04 8.8573e-04 8.2575e-04 7.6428e-04 7.0176e-04 6.3867e-04 5.7555e-04 5.1302e-04 4.5172e-04 3.9233e-04 3.3553e-04 2.8202e-04 2.3243e-04 1.8734e-04 1.4720e-04 1.1235e-04 8.2934e-05 5.8901e-05 4.0000e-05 2.5782e-05 1.5629e-05 8.8123e-06 4.5587e-06 2.1270e-06 8.7609e-07 3.0998e-07 9.0959e-08 2.1145e-08 3.6649e-09 4.3650e-10 3.1945e-11 1.2282e-12 1.9818e-14 9.6317e-17 8.5040e-20 6.1160e-24 9.4368e-30 2.9708e-38 2.1847e-51 3.2271e-73 1.7469e-113 1.2299e-200 0.0000e+00 0.0000e+00
-3.3732e-04 -4.7693e-04 -5.8389e-04 -6.7385e-04 6.6747e-03 -8.2399e-04 -8.8908e-04 -9.4931e-04 -1.0055e-03 -1.0582e-03 -1.1079e-03 -1.1548e-03 -1.1994e-03 -1.2416e-03 -1.2818e-03 -1.3200e-03 -1.3563e-03 -1.3908e-03 -1.4236e-03 -1.4547e-03 -1.4841e-03 -1.5119e-03 -1.5380e-03 -1.5624e-03 -1.5852e-03 -1.6063e-03 -1.6256e-03 -1.6433e-03 -1.6591e-03 -1.6730e-03 -1.6851e-03 -1.6952e-03 -1.7033e-03 -1.7092e-03 -1.7130e-03 -1.7145e-03 -1.7137e-03 -1.7104e-03 -1.7045e-03 -1.6961e-03 -1.6849e-03 -1.6708e-03 -1.6538e-03 -1.6338e-03 -1.6107e-03 -1.5844e-03 -1.5548e-03 -1.5218e-03 -1.4854e-03 -1.4457e-03 -1.4024e-03 -1.3557e-03 -1.3057e-03 -1.2523e-03 -1.1957e-03 -1.1362e-03 -1.0738e-03 -1.0088e-03 -9.4173e-04 -8.7282e-04 -8.0260e-04 -7.3160e-04 -6.6043e-04 -5.8977e-04 -5.2034e-04 -4.5291e-04 -3.8827e-04 -3.2719e-04 -2.7043e-04 -2.1864e-04 -1.7239e-04 -1.3207e-04 -9.7899e-05 -6.9853e-05 -4.7683e-05 -3.0912e-05 -1.8861e-05 -1.0713e-05 -5.5881e-06 -2.6321e-06 -1.0960e-06 -3.9266e-07 -1.1691e-07 -2.7642e-08 -4.8881e-09 -5.9624e-10 -4.4903e-11 -1.7876e-12 -3.0105e-14 -1.5435e-16 -1.4583e-19 -1.1446e-23 -1.9822e-29 -7.2969e-38 -6.6820e-51 -1.3622e-72 -1.2277e-112 -2.2189e-199 0.0000e+00 0.0000e+00 3.3732e-04 4.7693e-04 5.8388e-04 6.7382e-04 0.0000e+00 8.2390e-04 8.8895e-04 9.4913e-04 1.0052e-03 1.0579e-03 1.1075e-03 1.1543e-03 1.1987e-03 1.2409e-03 1.2809e-03 1.3190e-03 1.3551e-03 1.3894e-03 1.4220e-03 1.4529e-03 1.4820e-03 1.5095e-03 1.5354e-03 1.5595e-03 1.5820e-03 1.6027e-03 1.6217e-03 1.6389e-03 1.6544e-03 1.6679e-03 1.6795e-03 1.6892e-03 1.6967e-03 1.7022e-03 1.7054e-03 1.7064e-03 1.7050e-03 1.7011e-03 1.6946e-03 1.6855e-03 1.6737e-03 1.6590e-03 1.6414e-03 1.6207e-03 1.5969e-03 1.5700e-03 1.5397e-03 1.5061e-03 1.4692e-03 1.4288e-03 1.3850e-03 1.3379e-03 1.2874e-03 1.2336e-03 1.1768e-03 1.1170e-03 1.0545e-03 9.8954e-04 9.2253e-04 8.5386e-04 7.8401e-04 7.1352e-04 6.4301e-04 5.7315e-04 5.0466e-04 4.3831e-04 3.7486e-04 3.1507e-04 2.5967e-04 2.0929e-04 1.6445e-04 1.2552e-04 9.2652e-05 6.5803e-05 4.4687e-05 2.8803e-05 1.7460e-05 9.8447e-06 5.0927e-06 2.3761e-06 9.7870e-07 3.4627e-07 1.0161e-07 2.3619e-08 4.0935e-09 4.8752e-10 3.5675e-11 1.3715e-12 2.2124e-14 1.0749e-16 9.4859e-20 6.8162e-24 1.0501e-29 3.2959e-38 2.4081e-51 3.4986e-73 1.7919e-113 8.8019e-201 0.0000e+00 0.0000e+00
-3.6918e-04 -5.2198e-04 -6.3905e-04 -7.3751e-04 -8.2399e-04 9.6284e-03 -9.7312e-04 -1.0391e-03 -1.1006e-03 -1.1583e-03 -1.2127e-03 -1.2642e-03 -1.3129e-03 -1.3593e-03 -1.4033e-03 -1.4452e-03 -1.4850e-03 -1.5229e-03 -1.5589e-03 -1.5930e-03 -1.6253e-03 -1.6558e-03 -1.6845e-03 -1.7114e-03 -1.7365e-03 -1.7597e-03 -1.7811e-03 -1.8006e-03 -1.8181e-03 -1.8336e-03 -1.8470e-03 -1.8583e-03 -1.8673e-03 -1.8741e-03 -1.8785e-03 -1.8804e-03 -1.8798e-03 -1.8764e-03 -1.8704e-03 -1.8614e-03 -1.8494e-03 -1.8344e-03 -1.8161e-03 -1.7945e-03 -1.7695e-03 -1.7410e-03 -1.7089e-03 -1.6732e-03 -1.6337e-03 -1.5904e-03 -1.5433e-03 -1.4925e-03 -1.4379e-03 -1.3797e-03 -1.3179e-03 -1.2528e-03 -1.1846e-03 -1.1135e-03 -1.0400e-03 -9.6449e-04 -8.8745e-04 -8.0950e-04 -7.3129e-04 -6.5357e-04 -5.7713e-04 -5.0282e-04 -4.3149e-04 -3.6402e-04 -3.0123e-04 -2.4386e-04 -1.9255e-04 -1.4776e-04 -1.0972e-04 -7.8437e-05 -5.3659e-05 -3.4869e-05 -2.1332e-05 -1.2153e-05 -6.3607e-06 -3.0075e-06 -1.2577e-06 -4.5284e-07 -1.3559e-07 -3.2271e-08 -5.7501e-09 -7.0764e-10 -5.3851e-11 -2.1705e-12 -3.7097e-14 -1.9360e-16 -1.8690e-19 -1.5063e-23 -2.6957e-29 -1.0343e-37 -9.9925e-51 -2.1884e-72 -2.1849e-112 -4.6545e-199 0.0000e+00 0.0000e+00 3.6918e-04 5.2197e-04 6.3903e-04 7.3746e-04 8.2390e-04 0.0000e+00 9.7291e-04 1.0388e-03 1.1002e-03 1.1578e-03 1.2121e-03 1.2634e-03 1.3120e-03 1.3581e-03 1.4019e-03 1.4435e-03 1.4831e-03 1.5207e-03 1.5563e-03 1.5901e-03 1.6220e-03 1.6521e-03 1.6804e-03 1.7068e-03 1.7314e-03 1.7541e-03 1.7749e-03 1.7937e-03 1.8106e-03 1.8254e-03 1.8382e-03 1.8487e-03 1.8570e-03 1.8629e-03 1.8665e-03 1.8675e-03 1.8660e-03 1.8617e-03 1.8547e-03 1.8447e-03 1.8318e-03 1.8157e-03 1.7964e-03 1.7738e-03 1.7478e-03 1.7182e-03 1.6851e-03 1.6484e-03 1.6079e-03 1.5637e-03 1.5158e-03 1.4642e-03 1.4090e-03 1.3501e-03 1.2879e-03 1.2225e-03 1.1541e-03 1.0830e-03 1.0097e-03 9.3451e-04 8.5805e-04 7.8091e-04 7.0374e-04 6.2728e-04 5.5232e-04 4.7970e-04 4.1026e-04 3.4483e-04 2.8419e-04 2.2906e-04 1.7998e-04 1.3737e-04 1.0140e-04 7.2015e-05 4.8906e-05 3.1521e-05 1.9108e-05 1.0774e-05 5.5731e-06 2.6002e-06 1.0710e-06 3.7890e-07 1.1118e-07 2.5842e-08 4.4783e-09 5.3328e-10 3.9017e-11 1.4995e-12 2.4181e-14 1.1741e-16 1.0351e-19 7.4260e-24 1.1407e-29 3.5591e-38 2.5665e-51 3.5983e-73 1.6012e-113 -2.5027e-201 0.0000e+00 0.0000e+00
-3.9833e-04 -5.6320e-04 -6.8952e-04 -7.9576e-04 -8.8908e-04 -9.7312e-04 1.3132e-02 -1.1212e-03 -1.1876e-03 -1.2499e-03 -1.3087e-03 -1.3643e-03 -1.4170e-03 -1.4670e-03 -1.5146e-03 -1.5599e-03 -1.6030e-03 -1.6440e-03 -1.6829e-03 -1.7199e-03 -1.7549e-03 -1.7880e-03 -1.8191e-03 -1.8483e-03 -1.8756e-03 -1.9009e-03 -1.9242e-03 -1.9454e-03 -1.9645e-03 -1.9815e-03 -1.9963e-03 -2.0087e-03 -2.0188e-03 -2.0265e-03 -2.0315e-03 -2.0339e-03 -2.0336e-03 -2.0304e-03 -2.0242e-03 -2.0149e-03 -2.0024e-03 -1.9865e-03 -1.9672e-03 -1.9444e-03 -1.9178e-03 -1.8875e-03 -1.8532e-03 -1.8150e-03 -1.7728e-03 -1.7264e-03 -1.6760e-03 -1.6214e-03 -1.5628e-03 -1.5002e-03 -1.4338e-03 -1.3637e-03 -1.2901e-03 -1.2135e-03 -1.1341e-03 -1.0525e-03 -9.6914e-04 -8.8472e-04 -7.9994e-04 -7.1559e-04 -6.3253e-04 -5.5168e-04 -4.7398e-04 -4.0038e-04 -3.3178e-04 -2.6901e-04 -2.1276e-04 -1.6356e-04 -1.2170e-04 -8.7197e-05 -5.9798e-05 -3.8965e-05 -2.3910e-05 -1.3668e-05 -7.1809e-06 -3.4098e-06 -1.4329e-06 -5.1874e-07 -1.5630e-07 -3.7466e-08 -6.7309e-09 -8.3626e-10 -6.4349e-11 -2.6275e-12 -4.5600e-14 -2.4233e-16 -2.3908e-19 -1.9781e-23 -3.6557e-29 -1.4600e-37 -1.4849e-50 -3.4843e-72 -3.8442e-112 -9.6410e-199 0.0000e+00 0.0000e+00 3.9833e-04 5.6319e-04 6.8948e-04 7.9569e-04 8.8895e-04 9.7291e-04 0.0000e+00 1.1208e-03 1.1871e-03 1.2492e-03 1.3078e-03 1.3631e-03 1.4156e-03 1.4653e-03 1.5126e-03 1.5575e-03 1.6002e-03 1.6407e-03 1.6792e-03 1.7157e-03 1.7501e-03 1.7826e-03 1.8130e-03 1.8416e-03 1.8681e-03 1.8926e-03 1.9150e-03 1.9354e-03 1.9536e-03 1.9696e-03 1.9833e-03 1.9947e-03 2.0036e-03 2.0100e-03 2.0139e-03 2.0150e-03 2.0133e-03 2.0087e-03 2.0011e-03 1.9904e-03 1.9764e-03 1.9591e-03 1.9382e-03 1.9138e-03 1.8858e-03 1.8539e-03 1.8182e-03 1.7785e-03 1.7349e-03 1.6872e-03 1.6355e-03 1.5798e-03 1.5202e-03 1.4567e-03 1.3896e-03 1.3190e-03 1.2452e-03 1.1685e-03 1.0894e-03 1.0083e-03 9.2579e-04 8.4255e-04 7.5929e-04 6.7679e-04 5.9592e-04 5.1756e-04 4.4264e-04 3.7204e-04 3.0662e-04 2.4713e-04 1.9418e-04 1.4821e-04 1.0940e-04 7.7696e-05 5.2763e-05 3.4007e-05 2.0614e-05 1.1623e-05 6.0121e-06 2.8049e-06 1.1552e-06 4.0869e-07 1.1990e-07 2.7867e-08 4.8286e-09 5.7487e-10 4.2047e-11 1.6153e-12 2.6030e-14 1.2626e-16 1.1113e-19 7.9497e-24 1.2147e-29 3.7500e-38 2.6374e-51 3.4301e-73 9.8651e-114 -3.0275e-200 0.0000e+00 0.0000e+00
-4.2530e-04 -6.0133e-04 -7.3620e-04 -8.4966e-04 -9.4931e-04 -1.0391e-03 -1.1212e-03 1.7193e-02 -1.2682e-03 -1.3348e-03 -1.3976e-03 -1.4570e-03 -1.5134e-03 -1.5669e-03 -1.6178e-03 -1.6663e-03 -1.7124e-03 -1.7563e-03 -1.7981e-03 -1.8377e-03 -1.8753e-03 -1.9108e-03 -1.9442e-03 -1.9757e-03 -2.0050e-03 -2.0323e-03 -2.0574e-03 -2.0804e-03 -2.1011e-03 -2.1196e-03 -2.1357e-03 -2.1494e-03 -2.1605e-03 -2.1691e-03 -2.1749e-03 -2.1779e-03 -2.1780e-03 -2.1750e-03 -2.1688e-03 -2.1594e-03 -2.1465e-03 -2.1301e-03 -2.1100e-03 -2.0861e-03 -2.0582e-03 -2.0263e-03 -1.9903e-03 -1.9500e-03 -1.9053e-03 -1.8563e-03 -1.8029e-03 -1.7450e-03 -1.6828e-03 -1.6162e-03 -1.5455e-03 -1.4708e-03 -1.3924e-03 -1.3106e-03 -1.2258e-03 -1.1385e-03 -1.0492e-03 -9.5867e-04 -8.6766e-04 -7.7698e-04 -6.8758e-04 -6.0044e-04 -5.1656e-04 -4.3698e-04 -3.6268e-04 -2.9457e-04 -2.3342e-04 -1.7981e-04 -1.3409e-04 -9.6310e-05 -6.6229e-05 -4.3285e-05 -2.6651e-05 -1.5291e-05 -8.0671e-06 -3.8485e-06 -1.6257e-06 -5.9201e-07 -1.7957e-07 -4.3372e-08 -7.8596e-09 -9.8624e-10 -7.6763e-11 -3.1762e-12 -5.5980e-14 -3.0294e-16 -3.0535e-19 -2.5922e-23 -4.9422e-29 -2.0518e-37 -2.1932e-50 -5.5051e-72 -6.7047e-112 -1.9800e-198 0.0000e+00 0.0000e+00 4.2529e-04 6.0131e-04 7.3615e-04 8.4955e-04 9.4913e-04 1.0388e-03 1.1208e-03 0.0000e+00 1.2674e-03 1.3338e-03 1.3963e-03 1.4554e-03 1.5114e-03 1.5645e-03 1.6150e-03 1.6629e-03 1.7085e-03 1.7518e-03 1.7929e-03 1.8318e-03 1.8686e-03 1.9032e-03 1.9358e-03 1.9662e-03 1.9945e-03 2.0207e-03 2.0447e-03 2.0664e-03 2.0858e-03 2.1029e-03 2.1175e-03 2.1297e-03 2.1392e-03 2.1461e-03 2.1502e-03 2.1514e-03 2.1496e-03 2.1447e-03 2.1366e-03 2.1251e-03 2.1102e-03 2.0917e-03 2.0694e-03 2.0434e-03 2.0134e-03 1.9794e-03 1.9413e-03 1.8989e-03 1.8523e-03 1.8014e-03 1.7462e-03 1.6868e-03 1.6231e-03 1.5553e-03 1.4836e-03 1.4083e-03 1.3294e-03 1.2476e-03 1.1631e-03 1.0765e-03 9.8845e-04 8.9957e-04 8.1067e-04 7.2259e-04 6.3624e-04 5.5258e-04 4.7259e-04 3.9721e-04 3.2736e-04 2.6385e-04 2.0732e-04 1.5823e-04 1.1679e-04 8.2946e-05 5.6327e-05 3.6303e-05 2.2005e-05 1.2407e-05 6.4174e-06 2.9938e-06 1.2329e-06 4.3613e-07 1.2794e-07 2.9729e-08 5.1500e-09 6.1293e-10 4.4809e-11 1.7202e-12 2.7691e-14 1.3410e-16 1.1771e-19 8.3810e-24 1.2694e-29 3.8466e-38 2.5818e-51 2.8324e-73 -3.8350e-114 -9.1981e-200 0.0000e+00 0.0000e+00
-4.5044e-04 -6.3689e-04 -7.7974e-04 -8.9992e-04 -1.0055e-03 -1.1006e-03 -1.1876e-03 -1.2682e-03 2.1819e-02 -1.4140e-03 -1.4806e-03 -1.5436e-03 -1.6034e-03 -1.6602e-03 -1.7143e-03 -1.7658e-03 -1.8148e-03 -1.8615e-03 -1.9059e-03 -1.9481e-03 -1.9881e-03 -2.0259e-03 -2.0616e-03 -2.0952e-03 -2.1266e-03 -2.1557e-03 -2.1827e-03 -2.2074e-03 -2.2297e-03 -2.2497e-03 -2.2672e-03 -2.2821e-03 -2.2943e-03 -2.3039e-03 -2.3105e-03 -2.3142e-03 -2.3148e-03 -2.3122e-03 -2.3063e-03 -2.2969e-03 -2.2838e-03 -2.2670e-03 -2.2464e-03 -2.2216e-03 -2.1928e-03 -2.1596e-03 -2.1220e-03 -2.0799e-03 -2.0332e-03 -1.9818e-03 -1.9257e-03 -1.8649e-03 -1.7994e-03 -1.7293e-03 -1.6547e-03 -1.5758e-03 -1.4929e-03 -1.4062e-03 -1.3163e-03 -1.2236e-03 -1.1287e-03 -1.0324e-03 -9.3541e-04 -8.3864e-04 -7.4309e-04 -6.4979e-04 -5.5985e-04 -4.7436e-04 -3.9439e-04 -3.2093e-04 -2.5483e-04 -1.9674e-04 -1.4708e-04 -1.0593e-04 -7.3057e-05 -4.7904e-05 -2.9601e-05 -1.7052e-05 -9.0359e-06 -4.3320e-06 -1.8401e-06 -6.7425e-07 -2.0594e-07 -5.0134e-08 -9.1662e-09 -1.1619e-09 -9.1489e-11 -3.8362e-12 -6.8659e-14 -3.7825e-16 -3.8936e-19 -3.3890e-23 -6.6601e-29 -2.8711e-37 -3.2222e-50 -8.6449e-72 -1.1620e-111 -4.0441e-198 0.0000e+00 0.0000e+00 4.5044e-04 6.3686e-04 7.7968e-04 8.9978e-04 1.0052e-03 1.1002e-03 1.1871e-03 1.2674e-03 0.0000e+00 1.4126e-03 1.4788e-03 1.5414e-03 1.6007e-03 1.6570e-03 1.7105e-03 1.7613e-03 1.8095e-03 1.8554e-03 1.8989e-03 1.9401e-03 1.9790e-03 2.0158e-03 2.0502e-03 2.0825e-03 2.1125e-03 2.1402e-03 2.1655e-03 2.1886e-03 2.2091e-03 2.2272e-03 2.2427e-03 2.2556e-03 2.2657e-03 2.2730e-03 2.2773e-03 2.2786e-03 2.2767e-03 2.2715e-03 2.2629e-03 2.2508e-03 2.2349e-03 2.2153e-03 2.1918e-03 2.1642e-03 2.1324e-03 2.0964e-03 2.0560e-03 2.0112e-03 1.9618e-03 1.9079e-03 1.8495e-03 1.7865e-03 1.7190e-03 1.6473e-03 1.5713e-03 1.4915e-03 1.4080e-03 1.3213e-03 1.2318e-03 1.1401e-03 1.0469e-03 9.5273e-04 8.5857e-04 7.6529e-04 6.7383e-04 5.8523e-04 5.0050e-04 4.2067e-04 3.4669e-04 2.7942e-04 2.1955e-04 1.6756e-04 1.2368e-04 8.7836e-05 5.9646e-05 3.8441e-05 2.3300e-05 1.3136e-05 6.7941e-06 3.1693e-06 1.3050e-06 4.6157e-07 1.3537e-07 3.1449e-08 5.4459e-09 6.4781e-10 4.7325e-11 1.8149e-12 2.9168e-14 1.4090e-16 1.2316e-19 8.7042e-24 1.2995e-29 3.8141e-38 2.3385e-51 1.5468e-73 -3.0801e-113 -2.2248e-199 0.0000e+00 0.0000e+00
-4.7403e-04 -6.7024e-04 -8.2059e-04 -9.4707e-04 -1.0582e-03 -1.1583e-03 -1.2499e-03 -1.3348e-03 -1.4140e-03 2.7019e-02 -1.5586e-03 -1.6250e-03 -1.6880e-03 -1.7480e-03 -1.8050e-03 -1.8594e-03 -1.9111e-03 -1.9605e-03 -2.0074e-03 -2.0521e-03 -2.0944e-03 -2.1345e-03 -2.1724e-03 -2.2081e-03 -2.2414e-03 -2.2725e-03 -2.3013e-03 -2.3277e-03 -2.3517e-03 -2.3731e-03 -2.3920e-03 -2.4082e-03 -2.4217e-03 -2.4323e-03 -2.4399e-03 -2.4444e-03 -2.4456e-03 -2.4436e-03 -2.4380e-03 -2.4287e-03 -2.4157e-03 -2.3988e-03 -2.3777e-03 -2.3524e-03 -2.3228e-03 -2.2886e-03 -2.2498e-03 -2.2062e-03 -2.1577e-03 -2.1043e-03 -2.0458e-03 -1.9824e-03 -1.9140e-03 -1.8406e-03 -1.7624e-03 -1.6797e-03 -1.5925e-03 -1.5014e-03 -1.4067e-03 -1.3089e-03 -1.2087e-03 -1.1068e-03 -1.0040e-03 -9.0128e-04 -7.9969e-04 -7.0034e-04 -6.0437e-04 -5.1297e-04 -4.2730e-04 -3.4842e-04 -2.7727e-04 -2.1459e-04 -1.6084e-04 -1.1618e-04 -8.0380e-05 -5.2889e-05 -3.2806e-05 -1.8978e-05 -1.0103e-05 -4.8689e-06 -2.0800e-06 -7.6705e-07 -2.3597e-07 -5.7906e-08 -1.0683e-08 -1.3681e-09 -1.0898e-10 -4.6301e-12 -8.4132e-14 -4.7170e-16 -4.9561e-19 -4.4202e-23 -8.9473e-29 -4.0023e-37 -4.7131e-50 -1.3512e-71 -2.0050e-111 -8.2324e-198 0.0000e+00 0.0000e+00 4.7402e-04 6.7021e-04 8.2050e-04 9.4689e-04 1.0579e-03 1.1578e-03 1.2492e-03 1.3338e-03 1.4126e-03 0.0000e+00 1.5563e-03 1.6221e-03 1.6845e-03 1.7438e-03 1.8000e-03 1.8535e-03 1.9043e-03 1.9525e-03 1.9983e-03 2.0417e-03 2.0827e-03 2.1213e-03 2.1576e-03 2.1915e-03 2.2231e-03 2.2522e-03 2.2789e-03 2.3031e-03 2.3248e-03 2.3438e-03 2.3602e-03 2.3737e-03 2.3843e-03 2.3920e-03 2.3966e-03 2.3979e-03 2.3959e-03 2.3904e-03 2.3814e-03 2.3686e-03 2.3520e-03 2.3313e-03 2.3065e-03 2.2775e-03 2.2441e-03 2.2062e-03 2.1637e-03 2.1165e-03 2.0645e-03 2.0078e-03 1.9463e-03 1.8800e-03 1.8090e-03 1.7335e-03 1.6536e-03 1.5696e-03 1.4817e-03 1.3905e-03 1.2963e-03 1.1998e-03 1.1016e-03 1.0026e-03 9.0349e-04 8.0532e-04 7.0907e-04 6.1583e-04 5.2667e-04 4.4266e-04 3.6481e-04 2.9402e-04 2.3102e-04 1.7631e-04 1.3013e-04 9.2414e-05 6.2752e-05 4.0441e-05 2.4511e-05 1.3817e-05 7.1458e-06 3.3329e-06 1.3722e-06 4.8521e-07 1.4227e-07 3.3038e-08 5.7181e-09 6.7969e-10 4.9602e-11 1.8993e-12 3.0453e-14 1.4655e-16 1.2729e-19 8.8933e-24 1.2972e-29 3.6004e-38 1.8160e-51 -8.3242e-74 -8.0782e-113 -4.9097e-199 0.0000e+00 0.0000e+00
-4.9625e-04 -7.0167e-04 -8.5907e-04 -9.9151e-04 -1.1079e-03 -1.2127e-03 -1.3087e-03 -1.3976e-03 -1.4806e-03 -1.5586e-03 3.2802e-02 -1.7018e-03 -1.7679e-03 -1.8308e-03 -1.8908e-03 -1.9478e-03 -2.0023e-03 -2.0542e-03 -2.1036e-03 -2.1506e-03 -2.1952e-03 -2.2376e-03 -2.2776e-03 -2.3153e-03 -2.3506e-03 -2.3836e-03 -2.4142e-03 -2.4423e-03 -2.4679e-03 -2.4910e-03 -2.5113e-03 -2.5289e-03 -2.5436e-03 -2.5553e-03 -2.5640e-03 -2.5694e-03 -2.5715e-03 -2.5701e-03 -2.5650e-03 -2.5561e-03 -2.5433e-03 -2.5264e-03 -2.5052e-03 -2.4796e-03 -2.4494e-03 -2.4145e-03 -2.3747e-03 -2.3298e-03 -2.2799e-03 -2.2247e-03 -2.1643e-03 -2.0985e-03 -2.0274e-03 -1.9512e-03 -1.8697e-03 -1.7834e-03 -1.6924e-03 -1.5970e-03 -1.4977e-03 -1.3951e-03 -1.2897e-03 -1.1824e-03 -1.0740e-03 -9.6549e-04 -8.5795e-04 -7.5257e-04 -6.5057e-04 -5.5322e-04 -4.6175e-04 -3.7734e-04 -3.0100e-04 -2.3355e-04 -1.7555e-04 -1.2718e-04 -8.8288e-05 -5.8304e-05 -3.6310e-05 -2.1097e-05 -1.1286e-05 -5.4677e-06 -2.3496e-06 -8.7213e-07 -2.7024e-07 -6.6855e-08 -1.2446e-08 -1.6101e-09 -1.2974e-10 -5.5844e-12 -1.0299e-13 -5.8744e-16 -6.2974e-19 -5.7521e-23 -1.1987e-28 -5.5612e-37 -6.8698e-50 -2.1047e-71 -3.4496e-111 -1.6730e-197 0.0000e+00 0.0000e+00 4.9624e-04 7.0162e-04 8.5896e-04 9.9128e-04 1.1075e-03 1.2121e-03 1.3078e-03 1.3963e-03 1.4788e-03 1.5563e-03 0.0000e+00 1.6982e-03 1.7635e-03 1.8255e-03 1.8844e-03 1.9404e-03 1.9935e-03 2.0441e-03 2.0920e-03 2.1374e-03 2.1803e-03 2.2207e-03 2.2587e-03 2.2942e-03 2.3273e-03 2.3578e-03 2.3858e-03 2.4111e-03 2.4338e-03 2.4537e-03 2.4708e-03 2.4850e-03 2.4961e-03 2.5041e-03 2.5089e-03 2.5103e-03 2.5082e-03 2.5025e-03 2.4930e-03 2.4796e-03 2.4622e-03 2.4406e-03 2.4147e-03 2.3843e-03 2.3493e-03 2.3096e-03 2.2651e-03 2.2157e-03 2.1613e-03 2.1019e-03 2.0375e-03 1.9681e-03 1.8938e-03 1.8147e-03 1.7311e-03 1.6431e-03 1.5511e-03 1.4556e-03 1.3570e-03 1.2560e-03 1.1532e-03 1.0495e-03 9.4579e-04 8.4301e-04 7.4225e-04 6.4464e-04 5.5130e-04 4.6335e-04 3.8185e-04 3.0775e-04 2.4180e-04 1.8453e-04 1.3620e-04 9.6717e-05 6.5670e-05 4.2318e-05 2.5646e-05 1.4456e-05 7.4749e-06 3.4858e-06 1.4348e-06 5.0721e-07 1.4866e-07 3.4503e-08 5.9673e-09 7.0859e-10 5.1635e-11 1.9727e-12 3.1524e-14 1.5088e-16 1.2982e-19 8.9109e-24 1.2514e-29 3.1311e-38 8.7914e-52 -4.9353e-73 -1.7033e-112 -1.0346e-198 0.0000e+00 0.0000e+00
-5.1725e-04 -7.3137e-04 -8.9546e-04 -1.0335e-03 -1.1548e-03 -1.2642e-03 -1.3643e-03 -1.4570e-03 -1.5436e-03 -1.6250e-03 -1.7018e-03 3.9181e-02 -1.8437e-03 -1.9094e-03 -1.9721e-03 -2.0318e-03 -2.0888e-03 -2.1431e-03 -2.1949e-03 -2.2443e-03 -2.2912e-03 -2.3357e-03 -2.3778e-03 -2.4175e-03 -2.4549e-03 -2.4898e-03 -2.5222e-03 -2.5520e-03 -2.5793e-03 -2.6040e-03 -2.6258e-03 -2.6448e-03 -2.6609e-03 -2.6739e-03 -2.6837e-03 -2.6902e-03 -2.6932e-03 -2.6926e-03 -2.6882e-03 -2.6799e-03 -2.6675e-03 -2.6509e-03 -2.6297e-03 -2.6040e-03 -2.5735e-03 -2.5381e-03 -2.4976e-03 -2.4518e-03 -2.4006e-03 -2.3440e-03 -2.2818e-03 -2.2141e-03 -2.1407e-03 -2.0618e-03 -1.9774e-03 -1.8878e-03 -1.7931e-03 -1.6938e-03 -1.5902e-03 -1.4829e-03 -1.3726e-03 -1.2600e-03 -1.1461e-03 -1.0318e-03 -9.1835e-04 -8.0693e-04 -6.9886e-04 -5.9546e-04 -4.9807e-04 -4.0796e-04 -3.2624e-04 -2.5382e-04 -1.9134e-04 -1.3907e-04 -9.6873e-05 -6.4215e-05 -4.0156e-05 -2.3437e-05 -1.2600e-05 -6.1374e-06 -2.6531e-06 -9.9132e-07 -3.0942e-07 -7.7169e-08 -1.4496e-08 -1.8943e-09 -1.5437e-10 -6.7304e-12 -1.2596e-13 -7.3062e-16 -7.9882e-19 -7.4699e-23 -1.6020e-28 -7.7072e-37 -9.9873e-50 -3.2707e-71 -5.9253e-111 -3.3989e-197 0.0000e+00 0.0000e+00 5.1725e-04 7.3132e-04 8.9532e-04 1.0332e-03 1.1543e-03 1.2634e-03 1.3631e-03 1.4554e-03 1.5414e-03 1.6221e-03 1.6982e-03 0.0000e+00 1.8381e-03 1.9028e-03 1.9641e-03 2.0225e-03 2.0779e-03 2.1306e-03 2.1805e-03 2.2278e-03 2.2726e-03 2.3147e-03 2.3543e-03 2.3913e-03 2.4258e-03 2.4576e-03 2.4867e-03 2.5132e-03 2.5368e-03 2.5575e-03 2.5754e-03 2.5901e-03 2.6017e-03 2.6101e-03 2.6151e-03 2.6165e-03 2.6143e-03 2.6084e-03 2.5985e-03 2.5846e-03 2.5664e-03 2.5439e-03 2.5168e-03 2.4851e-03 2.4487e-03 2.4073e-03 2.3609e-03 2.3094e-03 2.2527e-03 2.1908e-03 2.1237e-03 2.0513e-03 1.9739e-03 1.8915e-03 1.8043e-03 1.7126e-03 1.6167e-03 1.5172e-03 1.4144e-03 1.3091e-03 1.2020e-03 1.0939e-03 9.8574e-04 8.7861e-04 7.7359e-04 6.7184e-04 5.7455e-04 4.8288e-04 3.9794e-04 3.2070e-04 2.5197e-04 1.9229e-04 1.4191e-04 1.0077e-04 6.8416e-05 4.4083e-05 2.6713e-05 1.5055e-05 7.7832e-06 3.6287e-06 1.4932e-06 5.2762e-07 1.5456e-07 3.5847e-08 6.1935e-09 7.3441e-10 5.3406e-11 2.0342e-12 3.2351e-14 1.5362e-16 1.3035e-19 8.7053e-24 1.1467e-29 2.3016e-38 -6.6911e-52 -1.1736e-72 -3.2746e-112 -2.1254e-198 0.0000e+00 0.0000e+00
-5.3715e-04 -7.5951e-04 -9.2993e-04 -1.0733e-03 -1.1994e-03 -1.3129e-03 -1.4170e-03 -1.5134e-03 -1.6034e-03 -1.6880e-03 -1.7679e-03 -1.8437e-03 4.6168e-02 -1.9841e-03 -2.0494e-03 -2.1117e-03 -2.1712e-03 -2.2279e-03 -2.2821e-03 -2.3337e-03 -2.3828e-03 -2.4294e-03 -2.4736e-03 -2.5154e-03 -2.5547e-03 -2.5915e-03 -2.6258e-03 -2.6574e-03 -2.6865e-03 -2.7128e-03 -2.7362e-03 -2.7568e-03 -2.7743e-03 -2.7886e-03 -2.7997e-03 -2.8074e-03 -2.8115e-03 -2.8119e-03 -2.8084e-03 -2.8008e-03 -2.7890e-03 -2.7728e-03 -2.7520e-03 -2.7264e-03 -2.6959e-03 -2.6602e-03 -2.6192e-03 -2.5728e-03 -2.5207e-03 -2.4629e-03 -2.3993e-03 -2.3298e-03 -2.2544e-03 -2.1731e-03 -2.0861e-03 -1.9934e-03 -1.8954e-03 -1.7923e-03 -1.6846e-03 -1.5729e-03 -1.4577e-03 -1.3400e-03 -1.2207e-03 -1.1007e-03 -9.8134e-04 -8.6385e-04 -7.4960e-04 -6.4004e-04 -5.3656e-04 -4.4055e-04 -3.5322e-04 -2.7559e-04 -2.0838e-04 -1.5195e-04 -1.0623e-04 -7.0688e-05 -4.4390e-05 -2.6028e-05 -1.4063e-05 -6.8877e-06 -2.9954e-06 -1.1266e-06 -3.5423e-07 -8.9057e-08 -1.6880e-08 -2.2278e-09 -1.8358e-10 -8.1056e-12 -1.5389e-13 -9.0756e-16 -1.0117e-18 -9.6836e-23 -2.1369e-28 -1.0660e-36 -1.4493e-49 -5.0754e-71 -1.0171e-110 -6.9099e-197 0.0000e+00 0.0000e+00 5.3714e-04 7.5945e-04 9.2976e-04 1.0730e-03 1.1987e-03 1.3120e-03 1.4156e-03 1.5114e-03 1.6007e-03 1.6845e-03 1.7635e-03 1.8381e-03 0.0000e+00 1.9760e-03 2.0397e-03 2.1003e-03 2.1579e-03 2.2125e-03 2.2644e-03 2.3135e-03 2.3600e-03 2.4038e-03 2.4449e-03 2.4833e-03 2.5191e-03 2.5521e-03 2.5824e-03 2.6098e-03 2.6344e-03 2.6559e-03 2.6744e-03 2.6898e-03 2.7018e-03 2.7105e-03 2.7157e-03 2.7172e-03 2.7149e-03 2.7087e-03 2.6985e-03 2.6840e-03 2.6651e-03 2.6417e-03 2.6136e-03 2.5807e-03 2.5429e-03 2.4999e-03 2.4517e-03 2.3982e-03 2.3393e-03 2.2750e-03 2.2053e-03 2.1302e-03 2.0498e-03 1.9642e-03 1.8736e-03 1.7784e-03 1.6788e-03 1.5754e-03 1.4687e-03 1.3593e-03 1.2481e-03 1.1358e-03 1.0235e-03 9.1230e-04 8.0324e-04 6.9758e-04 5.9654e-04 5.0135e-04 4.1315e-04 3.3295e-04 2.6157e-04 1.9961e-04 1.4731e-04 1.0459e-04 7.1002e-05 4.5744e-05 2.7715e-05 1.5616e-05 8.0716e-06 3.7620e-06 1.5474e-06 5.4648e-07 1.5997e-07 3.7066e-08 6.3955e-09 7.5691e-10 5.4889e-11 2.0818e-12 3.2887e-14 1.5441e-16 1.2833e-19 8.2072e-24 9.6210e-30 9.6561e-39 -3.1151e-51 -2.2736e-72 -5.9965e-112 -4.3028e-198 0.0000e+00 0.0000e+00
-5.5604e-04 -7.8622e-04 -9.6265e-04 -1.1111e-03 -1.2416e-03 -1.3593e-03 -1.4670e-03 -1.5669e-03 -1.6602e-03 -1.7480e-03 -1.8308e-03 -1.9094e-03 -1.9841e-03 5.3777e-02 -2.1231e-03 -2.1879e-03 -2.2498e-03 -2.3089e-03 -2.3653e-03 -2.4191e-03 -2.4704e-03 -2.5192e-03 -2.5655e-03 -2.6093e-03 -2.6506e-03 -2.6893e-03 -2.7255e-03 -2.7590e-03 -2.7898e-03 -2.8178e-03 -2.8430e-03 -2.8652e-03 -2.8842e-03 -2.9001e-03 -2.9126e-03 -2.9216e-03 -2.9269e-03 -2.9284e-03 -2.9260e-03 -2.9193e-03 -2.9084e-03 -2.8928e-03 -2.8726e-03 -2.8474e-03 -2.8170e-03 -2.7814e-03 -2.7402e-03 -2.6934e-03 -2.6407e-03 -2.5820e-03 -2.5172e-03 -2.4463e-03 -2.3692e-03 -2.2858e-03 -2.1964e-03 -2.1009e-03 -1.9997e-03 -1.8932e-03 -1.7816e-03 -1.6656e-03 -1.5458e-03 -1.4231e-03 -1.2983e-03 -1.1727e-03 -1.0474e-03 -9.2371e-04 -8.0318e-04 -6.8728e-04 -5.7752e-04 -4.7536e-04 -3.8216e-04 -2.9904e-04 -2.2682e-04 -1.6596e-04 -1.1644e-04 -7.7793e-05 -4.9062e-05 -2.8901e-05 -1.5694e-05 -7.7292e-06 -3.3817e-06 -1.2803e-06 -4.0548e-07 -1.0276e-07 -1.9649e-08 -2.6189e-09 -2.1821e-10 -9.7546e-12 -1.8784e-13 -1.1261e-15 -1.2798e-18 -1.2535e-22 -2.8462e-28 -1.4724e-36 -2.1007e-49 -7.8710e-71 -1.7463e-110 -1.4071e-196 0.0000e+00 0.0000e+00 5.5603e-04 7.8615e-04 9.6244e-04 1.1107e-03 1.2409e-03 1.3581e-03 1.4653e-03 1.5645e-03 1.6570e-03 1.7438e-03 1.8255e-03 1.9028e-03 1.9760e-03 0.0000e+00 2.1114e-03 2.1741e-03 2.2337e-03 2.2903e-03 2.3440e-03 2.3949e-03 2.4429e-03 2.4883e-03 2.5308e-03 2.5706e-03 2.6076e-03 2.6418e-03 2.6732e-03 2.7016e-03 2.7270e-03 2.7493e-03 2.7684e-03 2.7843e-03 2.7968e-03 2.8058e-03 2.8111e-03 2.8127e-03 2.8103e-03 2.8039e-03 2.7933e-03 2.7783e-03 2.7588e-03 2.7346e-03 2.7055e-03 2.6714e-03 2.6322e-03 2.5877e-03 2.5378e-03 2.4825e-03 2.4215e-03 2.3550e-03 2.2828e-03 2.2050e-03 2.1218e-03 2.0331e-03 1.9394e-03 1.8408e-03 1.7378e-03 1.6307e-03 1.5202e-03 1.4070e-03 1.2918e-03 1.1756e-03 1.0594e-03 9.4422e-04 8.3133e-04 7.2195e-04 6.1737e-04 5.1884e-04 4.2754e-04 3.4453e-04 2.7066e-04 2.0652e-04 1.5239e-04 1.0819e-04 7.3437e-05 4.7305e-05 2.8655e-05 1.6142e-05 8.3406e-06 3.8858e-06 1.5974e-06 5.6377e-07 1.6487e-07 3.8153e-08 6.5714e-09 7.7575e-10 5.6044e-11 2.1134e-12 3.3074e-14 1.5279e-16 1.2308e-19 7.3245e-24 6.6926e-30 -1.0802e-38 -6.8736e-51 -4.0251e-72 -1.0673e-111 -8.6413e-198 0.0000e+00 0.0000e+00
-5.7398e-04 -8.1160e-04 -9.9373e-04 -1.1470e-03 -1.2818e-03 -1.4033e-03 -1.5146e-03 -1.6178e-03 -1.7143e-03 -1.8050e-03 -1.8908e-03 -1.9721e-03 -2.0494e-03 -2.1231e-03 6.2024e-02 -2.2606e-03 -2.3249e-03 -2.3863e-03 -2.4450e-03 -2.5010e-03 -2.5545e-03 -2.6054e-03 -2.6538e-03 -2.6996e-03 -2.7429e-03 -2.7836e-03 -2.8217e-03 -2.8572e-03 -2.8898e-03 -2.9197e-03 -2.9466e-03 -2.9704e-03 -2.9912e-03 -3.0086e-03 -3.0227e-03 -3.0332e-03 -3.0399e-03 -3.0428e-03 -3.0415e-03 -3.0360e-03 -3.0261e-03 -3.0115e-03 -2.9920e-03 -2.9674e-03 -2.9375e-03 -2.9022e-03 -2.8611e-03 -2.8142e-03 -2.7611e-03 -2.7019e-03 -2.6362e-03 -2.5641e-03 -2.4855e-03 -2.4004e-03 -2.3088e-03 -2.2109e-03 -2.1068e-03 -1.9969e-03 -1.8816e-03 -1.7615e-03 -1.6372e-03 -1.5095e-03 -1.3794e-03 -1.2481e-03 -1.1168e-03 -9.8691e-04 -8.5995e-04 -7.3752e-04 -6.2123e-04 -5.1267e-04 -4.1330e-04 -3.2437e-04 -2.4682e-04 -1.8122e-04 -1.2762e-04 -8.5604e-05 -5.4221e-05 -3.2090e-05 -1.7515e-05 -8.6737e-06 -3.8178e-06 -1.4550e-06 -4.6410e-07 -1.1855e-07 -2.2867e-08 -3.0776e-09 -2.5922e-10 -1.1731e-11 -2.2909e-13 -1.3959e-15 -1.6170e-18 -1.6209e-22 -3.7869e-28 -2.0318e-36 -3.0432e-49 -1.2207e-70 -3.0010e-110 -2.8721e-196 0.0000e+00 0.0000e+00 5.7396e-04 8.1151e-04 9.9349e-04 1.1465e-03 1.2809e-03 1.4019e-03 1.5126e-03 1.6150e-03 1.7105e-03 1.8000e-03 1.8844e-03 1.9641e-03 2.0397e-03 2.1114e-03 0.0000e+00 2.2443e-03 2.3058e-03 2.3642e-03 2.4196e-03 2.4721e-03 2.5218e-03 2.5685e-03 2.6125e-03 2.6535e-03 2.6918e-03 2.7271e-03 2.7594e-03 2.7887e-03 2.8149e-03 2.8380e-03 2.8577e-03 2.8741e-03 2.8870e-03 2.8963e-03 2.9018e-03 2.9034e-03 2.9010e-03 2.8944e-03 2.8834e-03 2.8679e-03 2.8477e-03 2.8227e-03 2.7927e-03 2.7576e-03 2.7171e-03 2.6711e-03 2.6196e-03 2.5625e-03 2.4996e-03 2.4309e-03 2.3563e-03 2.2761e-03 2.1901e-03 2.0986e-03 2.0018e-03 1.9001e-03 1.7937e-03 1.6832e-03 1.5691e-03 1.4522e-03 1.3333e-03 1.2134e-03 1.0934e-03 9.7450e-04 8.5796e-04 7.4505e-04 6.3710e-04 5.3539e-04 4.4116e-04 3.5548e-04 2.7924e-04 2.1305e-04 1.5719e-04 1.1158e-04 7.5727e-05 4.8770e-05 2.9535e-05 1.6632e-05 8.5903e-06 4.0000e-06 1.6433e-06 5.7942e-07 1.6925e-07 3.9099e-08 6.7186e-09 7.9045e-10 5.6818e-11 2.1257e-12 3.2835e-14 1.4815e-16 1.1366e-19 5.9361e-24 2.3013e-30 -4.1176e-38 -1.2546e-50 -6.7851e-72 -1.8668e-111 -1.7287e-197 0.0000e+00 0.0000e+00
-5.9103e-04 -8.3572e-04 -1.0233e-03 -1.1812e-03 -1.3200e-03 -1.4452e-03 -1.5599e-03 -1.6663e-03 -1.7658e-03 -1.8594e-03 -1.9478e-03 -2.0318e-03 -2.1117e-03 -2.1879e-03 -2.2606e-03 7.0924e-02 -2.3968e-03 -2.4604e-03 -2.5214e-03 -2.5796e-03 -2.6352e-03 -2.6883e-03 -2.7387e-03 -2.7867e-03 -2.8320e-03 -2.8747e-03 -2.9148e-03 -2.9522e-03 -2.9868e-03 -3.0185e-03 -3.0473e-03 -3.0730e-03 -3.0955e-03 -3.1147e-03 -3.1305e-03 -3.1426e-03 -3.1509e-03 -3.1553e-03 -3.1555e-03 -3.1513e-03 -3.1426e-03 -3.1291e-03 -3.1107e-03 -3.0870e-03 -3.0578e-03 -3.0230e-03 -2.9824e-03 -2.9356e-03 -2.8825e-03 -2.8229e-03 -2.7567e-03 -2.6838e-03 -2.6040e-03 -2.5174e-03 -2.4239e-03 -2.3237e-03 -2.2170e-03 -2.1040e-03 -1.9852e-03 -1.8611e-03 -1.7324e-03 -1.5998e-03 -1.4645e-03 -1.3275e-03 -1.1901e-03 -1.0538e-03 -9.2027e-04 -7.9109e-04 -6.6801e-04 -5.5274e-04 -4.4687e-04 -3.5178e-04 -2.6856e-04 -1.9786e-04 -1.3987e-04 -9.4199e-05 -5.9926e-05 -3.5633e-05 -1.9548e-05 -9.7339e-06 -4.3102e-06 -1.6533e-06 -5.3116e-07 -1.3674e-07 -2.6606e-08 -3.6153e-09 -3.0780e-10 -1.4100e-11 -2.7920e-13 -1.7290e-15 -2.0416e-18 -2.0943e-22 -5.0353e-28 -2.8028e-36 -4.4087e-49 -1.8942e-70 -5.1653e-110 -5.8811e-196 0.0000e+00 0.0000e+00 5.9101e-04 8.3561e-04 1.0230e-03 1.1806e-03 1.3190e-03 1.4435e-03 1.5575e-03 1.6629e-03 1.7613e-03 1.8535e-03 1.9404e-03 2.0225e-03 2.1003e-03 2.1741e-03 2.2443e-03 0.0000e+00 2.3742e-03 2.4344e-03 2.4915e-03 2.5455e-03 2.5967e-03 2.6448e-03 2.6901e-03 2.7324e-03 2.7717e-03 2.8080e-03 2.8413e-03 2.8715e-03 2.8985e-03 2.9223e-03 2.9426e-03 2.9595e-03 2.9727e-03 2.9823e-03 2.9879e-03 2.9896e-03 2.9871e-03 2.9803e-03 2.9690e-03 2.9530e-03 2.9323e-03 2.9065e-03 2.8756e-03 2.8394e-03 2.7977e-03 2.7504e-03 2.6974e-03 2.6385e-03 2.5737e-03 2.5030e-03 2.4262e-03 2.3435e-03 2.2550e-03 2.1608e-03 2.0612e-03 1.9563e-03 1.8468e-03 1.7330e-03 1.6155e-03 1.4952e-03 1.3727e-03 1.2492e-03 1.1256e-03 1.0032e-03 8.8320e-04 7.6694e-04 6.5578e-04 5.5106e-04 4.5404e-04 3.6583e-04 2.8734e-04 2.1920e-04 1.6171e-04 1.1477e-04 7.7874e-05 5.0139e-05 3.0354e-05 1.7087e-05 8.8205e-06 4.1044e-06 1.6847e-06 5.9334e-07 1.7304e-07 3.9889e-08 6.8334e-09 8.0039e-10 5.7144e-11 2.1150e-12 3.2072e-14 1.3971e-16 9.8913e-20 3.8833e-24 -4.0641e-30 -8.5371e-38 -2.1002e-50 -1.1105e-71 -3.2305e-111 -3.4547e-197 0.0000e+00 0.0000e+00
-6.0723e-04 -8.5864e-04 -1.0514e-03 -1.2136e-03 -1.3563e-03 -1.4850e-03 -1.6030e-03 -1.7124e-03 -1.8148e-03 -1.9111e-03 -2.0023e-03 -2.0888e-03 -2.1712e-03 -2.2498e-03 -2.3249e-03 -2.3968e-03 8.0497e-02 -2.5315e-03 -2.5946e-03 -2.6550e-03 -2.7128e-03 -2.7680e-03 -2.8206e-03 -2.8706e-03 -2.9180e-03 -2.9628e-03 -3.0049e-03 -3.0443e-03 -3.0810e-03 -3.1147e-03 -3.1454e-03 -3.1731e-03 -3.1975e-03 -3.2186e-03 -3.2362e-03 -3.2501e-03 -3.2602e-03 -3.2663e-03 -3.2681e-03 -3.2655e-03 -3.2583e-03 -3.2462e-03 -3.2290e-03 -3.2065e-03 -3.1783e-03 -3.1444e-03 -3.1043e-03 -3.0580e-03 -3.0052e-03 -2.9456e-03 -2.8792e-03 -2.8057e-03 -2.7251e-03 -2.6372e-03 -2.5421e-03 -2.4400e-03 -2.3308e-03 -2.2150e-03 -2.0928e-03 -1.9649e-03 -1.8319e-03 -1.6945e-03 -1.5539e-03 -1.4112e-03 -1.2676e-03 -1.1249e-03 -9.8451e-04 -8.4833e-04 -7.1817e-04 -5.9586e-04 -4.8312e-04 -3.8150e-04 -2.9220e-04 -2.1605e-04 -1.5330e-04 -1.0367e-04 -6.6238e-05 -3.9572e-05 -2.1819e-05 -1.0925e-05 -4.8662e-06 -1.8788e-06 -6.0785e-07 -1.5771e-07 -3.0948e-08 -4.2455e-09 -3.6533e-10 -1.6939e-11 -3.4011e-13 -2.1404e-15 -2.5762e-18 -2.7048e-22 -6.6935e-28 -3.8664e-36 -6.3900e-49 -2.9429e-70 -8.9096e-110 -1.2088e-195 0.0000e+00 0.0000e+00 6.0721e-04 8.5852e-04 1.0510e-03 1.2129e-03 1.3551e-03 1.4831e-03 1.6002e-03 1.7085e-03 1.8095e-03 1.9043e-03 1.9935e-03 2.0779e-03 2.1579e-03 2.2337e-03 2.3058e-03 2.3742e-03 0.0000e+00 2.5011e-03 2.5598e-03 2.6153e-03 2.6678e-03 2.7173e-03 2.7638e-03 2.8072e-03 2.8477e-03 2.8850e-03 2.9192e-03 2.9502e-03 2.9780e-03 3.0023e-03 3.0232e-03 3.0406e-03 3.0542e-03 3.0640e-03 3.0698e-03 3.0715e-03 3.0690e-03 3.0620e-03 3.0503e-03 3.0340e-03 3.0126e-03 2.9861e-03 2.9544e-03 2.9172e-03 2.8743e-03 2.8257e-03 2.7712e-03 2.7107e-03 2.6441e-03 2.5714e-03 2.4926e-03 2.4076e-03 2.3167e-03 2.2199e-03 2.1175e-03 2.0098e-03 1.8972e-03 1.7802e-03 1.6596e-03 1.5359e-03 1.4101e-03 1.2831e-03 1.1562e-03 1.0304e-03 9.0710e-04 7.8766e-04 6.7346e-04 5.6587e-04 4.6620e-04 3.7559e-04 2.9497e-04 2.2499e-04 1.6596e-04 1.1776e-04 7.9879e-05 5.1414e-05 3.1113e-05 1.7505e-05 9.0305e-06 4.1986e-06 1.7214e-06 6.0538e-07 1.7620e-07 4.0505e-08 6.9114e-09 8.0478e-10 5.6939e-11 2.0763e-12 3.0662e-14 1.2650e-16 7.7311e-20 9.5835e-25 -1.3089e-29 -1.4880e-37 -3.3503e-50 -1.7836e-71 -5.5545e-111 -6.9109e-197 0.0000e+00 0.0000e+00
