1.0199e-08 -7.0709e-09 -1.2989e-08 -1.9995e-08 -2.7933e-08 -3.6695e-08 -4.6190e-08 -5.6337e-08 -6.7059e-08 -7.8270e-08 -8.9881e-08 -1.0179e-07 -1.1388e-07 -1.2602e-07 -1.3807e-07 -1.4985e-07 -1.6119e-07 -1.7189e-07 -1.8175e-07 -1.9055e-07 -1.9806e-07 -2.0410e-07 -2.0845e-07 -2.1094e-07 -2.1145e-07 -2.0986e-07 -2.0615e-07 -2.0033e-07 -1.9247e-07 -1.8274e-07 -1.7136e-07 -1.5859e-07 -1.4477e-07 -1.3026e-07 -1.1543e-07 -1.0068e-07 -8.6359e-08 -7.2787e-08 -6.0232e-08 -4.8892e-08 -3.8896e-08 -3.0299e-08 -2.3088e-08 -1.7193e-08 -1.2499e-08 -8.8623e-09 -6.1217e-09 -4.1152e-09 -2.6892e-09 -1.7063e-09 -1.0501e-09 -6.2597e-10 -3.6105e-10 -2.0124e-10 -1.0825e-10 -5.6126e-11 -2.8012e-11 -1.3440e-11 -6.1905e-12 -2.7335e-12 -1.1555e-12 -4.6694e-13 -1.8011e-13 -6.6217e-14 -2.3168e-14 -7.7028e-15 -2.4297e-15 -7.2595e-16 -2.0513e-16 -5.4726e-17 -1.3762e-17 -3.2568e-18 -7.2402e-19 -1.5094e-19 -2.9458e-20 -5.3725e-21 -9.1398e-22 -1.4477e-22 -2.1311e-23 -2.9101e-24 -3.6792e-25 -4.2983e-26 -4.6314e-27 -4.5933e-28 -4.1848e-29 -3.4952e-30 -2.6708e-31 -1.8633e-32 -1.1843e-33 -6.8438e-35 -3.5878e-36 -1.7027e-37 -7.2987e-39 -2.8197e-40 -9.7958e-42 -3.0533e-43 -8.5191e-45 -2.1228e-46 -4.7133e-48 -9.3020e-50 0.0000e+00 7.0709e-09 1.2989e-08 1.9995e-08 2.7933e-08 3.6695e-08 4.6190e-08 5.6337e-08 6.7059e-08 7.8270e-08 8.9881e-08 1.0179e-07 1.1388e-07 1.2602e-07 1.3807e-07 1.4985e-07 1.6119e-07 1.7189e-07 1.8175e-07 1.9054e-07 1.9806e-07 2.0410e-07 2.0845e-07 2.1094e-07 2.1145e-07 2.0986e-07 2.0615e-07 2.0032e-07 1.9247e-07 1.8274e-07 1.7136e-07 1.5859e-07 1.4477e-07 1.3026e-07 1.1543e-07 1.0068e-07 8.6358e-08 7.2787e-08 6.0231e-08 4.8892e-08 3.8896e-08 3.0298e-08 2.3087e-08 1.7193e-08 1.2499e-08 8.8622e-09 6.1216e-09 4.1151e-09 2.6891e-09 1.7063e-09 1.0500e-09 6.2597e-10 3.6104e-10 2.0123e-10 1.0825e-10 5.6125e-11 2.8012e-11 1.3440e-11 6.1903e-12 2.7334e-12 1.1555e-12 4.6692e-13 1.8011e-13 6.6215e-14 2.3168e-14 7.7025e-15 2.4296e-15 7.2592e-16 2.0512e-16 5.4724e-17 1.3762e-17 3.2566e-18 7.2398e-19 1.5093e-19 2.9457e-20 5.3722e-21 9.1391e-22 1.4476e-22 2.1310e-23 2.9099e-24 3.6789e-25 4.2980e-26 4.6309e-27 4.5928e-28 4.1843e-29 3.4948e-30 2.6705e-31 1.8631e-32 1.1842e-33 6.8429e-35 3.5874e-36 1.7024e-37 7.2976e-39 2.8193e-40 9.7942e-42 3.0528e-43 8.5176e-45 2.1225e-46 4.7124e-48 9.3002e-50
-7.0709e-09 1.6318e-07 -3.6739e-08 -5.6553e-08 -7.9006e-08 -1.0379e-07 -1.3064e-07 -1.5934e-07 -1.8967e-07 -2.2138e-07 -2.5422e-07 -2.8790e-07 -3.2210e-07 -3.5644e-07 -3.9051e-07 -4.2384e-07 -4.5591e-07 -4.8618e-07 -5.1406e-07 -5.3894e-07 -5.6021e-07 -5.7727e-07 -5.8958e-07 -5.9664e-07 -5.9806e-07 -5.9358e-07 -5.8308e-07 -5.6661e-07 -5.4440e-07 -5.1688e-07 -4.8468e-07 -4.4857e-07 -4.0947e-07 -3.6843e-07 -3.2650e-07 -2.8478e-07 -2.4427e-07 -2.0588e-07 -1.7037e-07 -1.3830e-07 -1.1002e-07 -8.5704e-08 -6.5307e-08 -4.8633e-08 -3.5357e-08 -2.5069e-08 -1.7317e-08 -1.1641e-08 -7.6073e-09 -4.8270e-09 -2.9706e-09 -1.7709e-09 -1.0214e-09 -5.6932e-10 -3.0626e-10 -1.5879e-10 -7.9255e-11 -3.8026e-11 -1.7515e-11 -7.7344e-12 -3.2696e-12 -1.3213e-12 -5.0966e-13 -1.8738e-13 -6.5564e-14 -2.1799e-14 -6.8762e-15 -2.0546e-15 -5.8058e-16 -1.5490e-16 -3.8955e-17 -9.2190e-18 -2.0495e-18 -4.2730e-19 -8.3399e-20 -1.5211e-20 -2.5878e-21 -4.0992e-22 -6.0347e-23 -8.2410e-24 -1.0420e-24 -1.2174e-25 -1.3118e-26 -1.3011e-27 -1.1855e-28 -9.9020e-30 -7.5670e-31 -5.2795e-32 -3.3560e-33 -1.9395e-34 -1.0169e-35 -4.8262e-37 -2.0690e-38 -7.9939e-40 -2.7774e-41 -8.6579e-43 -2.4159e-44 -6.0208e-46 -1.3369e-47 -2.6389e-49 7.0709e-09 0.0000e+00 3.6739e-08 5.6553e-08 7.9006e-08 1.0379e-07 1.3064e-07 1.5934e-07 1.8967e-07 2.2138e-07 2.5422e-07 2.8790e-07 3.2210e-07 3.5644e-07 3.9051e-07 4.2383e-07 4.5591e-07 4.8618e-07 5.1406e-07 5.3893e-07 5.6020e-07 5.7727e-07 5.8957e-07 5.9663e-07 5.9806e-07 5.9358e-07 5.8307e-07 5.6660e-07 5.4439e-07 5.1687e-07 4.8466e-07 4.4855e-07 4.0946e-07 3.6841e-07 3.2649e-07 2.8476e-07 2.4425e-07 2.0587e-07 1.7036e-07 1.3828e-07 1.1001e-07 8.5696e-08 6.5300e-08 4.8627e-08 3.5352e-08 2.5066e-08 1.7314e-08 1.1639e-08 7.6059e-09 4.8261e-09 2.9699e-09 1.7705e-09 1.0212e-09 5.6917e-10 3.0617e-10 1.5874e-10 7.9228e-11 3.8013e-11 1.7509e-11 7.7312e-12 3.2681e-12 1.3206e-12 5.0941e-13 1.8728e-13 6.5527e-14 2.1786e-14 6.8718e-15 2.0532e-15 5.8016e-16 1.5478e-16 3.8924e-17 9.2111e-18 2.0477e-18 4.2690e-19 8.3315e-20 1.5195e-20 2.5849e-21 4.0944e-22 6.0272e-23 8.2302e-24 1.0405e-24 1.2156e-25 1.3098e-26 1.2990e-27 1.1835e-28 9.8847e-30 7.5532e-31 5.2694e-32 3.3493e-33 1.9354e-34 1.0146e-35 4.8151e-37 2.0640e-38 7.9739e-40 2.7702e-41 8.6344e-43 2.4091e-44 6.0031e-46 1.3328e-47 2.6304e-49
-1.2989e-08 -3.6739e-08 8.2611e-07 -1.0389e-07 -1.4513e-07 -1.9066e-07 -2.3999e-07 -2.9271e-07 -3.4842e-07 -4.0667e-07 -4.6700e-07 -5.2888e-07 -5.9170e-07 -6.5478e-07 -7.1737e-07 -7.7859e-07 -8.3752e-07 -8.9313e-07 -9.4434e-07 -9.9005e-07 -1.0291e-06 -1.0605e-06 -1.0831e-06 -1.0961e-06 -1.0987e-06 -1.0905e-06 -1.0712e-06 -1.0409e-06 -1.0002e-06 -9.4961e-07 -8.9046e-07 -8.2413e-07 -7.5232e-07 -6.7692e-07 -5.9990e-07 -5.2325e-07 -4.4883e-07 -3.7831e-07 -3.1306e-07 -2.5413e-07 -2.0218e-07 -1.5750e-07 -1.2002e-07 -8.9382e-08 -6.4985e-08 -4.6079e-08 -3.1832e-08 -2.1400e-08 -1.3985e-08 -8.8744e-09 -5.4617e-09 -3.2562e-09 -1.8783e-09 -1.0470e-09 -5.6326e-10 -2.9207e-10 -1.4579e-10 -6.9957e-11 -3.2227e-11 -1.4232e-11 -6.0170e-12 -2.4318e-12 -9.3817e-13 -3.4497e-13 -1.2072e-13 -4.0143e-14 -1.2665e-14 -3.7848e-15 -1.0697e-15 -2.8544e-16 -7.1797e-17 -1.6994e-17 -3.7789e-18 -7.8802e-19 -1.5383e-19 -2.8063e-20 -4.7755e-21 -7.5665e-22 -1.1142e-22 -1.5219e-23 -1.9248e-24 -2.2495e-25 -2.4246e-26 -2.4056e-27 -2.1925e-28 -1.8319e-29 -1.4004e-30 -9.7741e-32 -6.2153e-33 -3.5933e-34 -1.8846e-35 -8.9482e-37 -3.8377e-38 -1.4834e-39 -5.1561e-41 -1.6080e-42 -4.4892e-44 -1.1193e-45 -2.4866e-47 -4.9106e-49 1.2989e-08 3.6739e-08 0.0000e+00 1.0389e-07 1.4513e-07 1.9066e-07 2.3999e-07 2.9271e-07 3.4842e-07 4.0667e-07 4.6700e-07 5.2888e-07 5.9169e-07 6.5478e-07 7.1736e-07 7.7858e-07 8.3750e-07 8.9311e-07 9.4432e-07 9.9002e-07 1.0291e-06 1.0604e-06 1.0830e-06 1.0960e-06 1.0986e-06 1.0904e-06 1.0711e-06 1.0408e-06 1.0000e-06 9.4949e-07 8.9033e-07 8.2399e-07 7.5217e-07 6.7677e-07 5.9976e-07 5.2311e-07 4.4870e-07 3.7818e-07 3.1295e-07 2.5403e-07 2.0209e-07 1.5742e-07 1.1996e-07 8.9328e-08 6.4942e-08 4.6046e-08 3.1806e-08 2.1381e-08 1.3972e-08 8.8655e-09 5.4557e-09 3.2523e-09 1.8759e-09 1.0456e-09 5.6243e-10 2.9161e-10 1.4554e-10 6.9829e-11 3.2163e-11 1.4202e-11 6.0036e-12 2.4260e-12 9.3578e-13 3.4404e-13 1.2037e-13 4.0020e-14 1.2623e-14 3.7717e-15 1.0657e-15 2.8433e-16 7.1503e-17 1.6921e-17 3.7616e-18 7.8421e-19 1.5305e-19 2.7912e-20 4.7484e-21 7.5213e-22 1.1072e-22 1.5119e-23 1.9114e-24 2.2331e-25 2.4061e-26 2.3863e-27 2.1741e-28 1.8158e-29 1.3875e-30 9.6799e-32 6.1526e-33 3.5554e-34 1.8639e-35 8.8454e-37 3.7916e-38 1.4648e-39 5.0888e-41 1.5861e-42 4.4255e-44 1.1028e-45 2.4484e-47 4.8321e-49
-1.9995e-08 -5.6553e-08 -1.0389e-07 2.6109e-06 -2.2341e-07 -2.9348e-07 -3.6942e-07 -4.5058e-07 -5.3633e-07 -6.2601e-07 -7.1887e-07 -8.1412e-07 -9.1083e-07 -1.0079e-06 -1.1043e-06 -1.1985e-06 -1.2893e-06 -1.3749e-06 -1.4537e-06 -1.5241e-06 -1.5843e-06 -1.6326e-06 -1.6674e-06 -1.6874e-06 -1.6915e-06 -1.6789e-06 -1.6492e-06 -1.6027e-06 -1.5399e-06 -1.4622e-06 -1.3712e-06 -1.2691e-06 -1.1585e-06 -1.0425e-06 -9.2393e-07 -8.0593e-07 -6.9135e-07 -5.8277e-07 -4.8230e-07 -3.9155e-07 -3.1154e-07 -2.4271e-07 -1.8498e-07 -1.3777e-07 -1.0018e-07 -7.1042e-08 -4.9083e-08 -3.3002e-08 -2.1571e-08 -1.3691e-08 -8.4273e-09 -5.0252e-09 -2.8993e-09 -1.6165e-09 -8.6982e-10 -4.5115e-10 -2.2525e-10 -1.0811e-10 -4.9818e-11 -2.2007e-11 -9.3071e-12 -3.7627e-12 -1.4521e-12 -5.3414e-13 -1.8699e-13 -6.2204e-14 -1.9632e-14 -5.8696e-15 -1.6596e-15 -4.4307e-16 -1.1150e-16 -2.6406e-17 -5.8747e-18 -1.2257e-18 -2.3942e-19 -4.3702e-20 -7.4414e-21 -1.1798e-21 -1.7384e-22 -2.3763e-23 -3.0074e-24 -3.5173e-25 -3.7942e-26 -3.7673e-27 -3.4364e-28 -2.8738e-29 -2.1988e-30 -1.5360e-31 -9.7768e-33 -5.6578e-34 -2.9704e-35 -1.4118e-36 -6.0614e-38 -2.3455e-39 -8.1622e-41 -2.5485e-42 -7.1233e-44 -1.7783e-45 -3.9557e-47 -7.8221e-49 1.9995e-08 5.6553e-08 1.0389e-07 0.0000e+00 2.2341e-07 2.9348e-07 3.6942e-07 4.5058e-07 5.3633e-07 6.2600e-07 7.1887e-07 8.1411e-07 9.1081e-07 1.0079e-06 1.1043e-06 1.1985e-06 1.2892e-06 1.3748e-06 1.4536e-06 1.5240e-06 1.5841e-06 1.6324e-06 1.6672e-06 1.6871e-06 1.6912e-06 1.6785e-06 1.6488e-06 1.6022e-06 1.5394e-06 1.4616e-06 1.3705e-06 1.2684e-06 1.1578e-06 1.0418e-06 9.2323e-07 8.0524e-07 6.9069e-07 5.8214e-07 4.8173e-07 3.9103e-07 3.1109e-07 2.4233e-07 1.8465e-07 1.3751e-07 9.9967e-08 7.0880e-08 4.8961e-08 3.2913e-08 2.1508e-08 1.3647e-08 8.3982e-09 5.0064e-09 2.8876e-09 1.6095e-09 8.6576e-10 4.4888e-10 2.2404e-10 1.0749e-10 4.9510e-11 2.1862e-11 9.2415e-12 3.7344e-12 1.4405e-12 5.2959e-13 1.8529e-13 6.1604e-14 1.9432e-14 5.8059e-15 1.6405e-15 4.3768e-16 1.1007e-16 2.6046e-17 5.7903e-18 1.2071e-18 2.3559e-19 4.2966e-20 7.3094e-21 1.1578e-21 1.7043e-22 2.3273e-23 2.9423e-24 3.4375e-25 3.7038e-26 3.6733e-27 3.3466e-28 2.7951e-29 2.1358e-30 1.4900e-31 9.4709e-33 5.4729e-34 2.8691e-35 1.3616e-36 5.8365e-38 2.2548e-39 7.8332e-41 2.4415e-42 6.8122e-44 1.6975e-45 3.7688e-47 7.4380e-49
-2.7933e-08 -7.9006e-08 -1.4513e-07 -2.2341e-07 6.3743e-06 -4.1000e-07 -5.1609e-07 -6.2948e-07 -7.4928e-07 -8.7455e-07 -1.0043e-06 -1.1374e-06 -1.2725e-06 -1.4082e-06 -1.5428e-06 -1.6745e-06 -1.8012e-06 -1.9209e-06 -2.0311e-06 -2.1295e-06 -2.2136e-06 -2.2811e-06 -2.3299e-06 -2.3579e-06 -2.3637e-06 -2.3462e-06 -2.3049e-06 -2.2400e-06 -2.1525e-06 -2.0439e-06 -1.9168e-06 -1.7743e-06 -1.6199e-06 -1.4578e-06 -1.2922e-06 -1.1273e-06 -9.6717e-07 -8.1539e-07 -6.7493e-07 -5.4803e-07 -4.3613e-07 -3.3985e-07 -2.5907e-07 -1.9300e-07 -1.4037e-07 -9.9575e-08 -6.8817e-08 -4.6285e-08 -3.0263e-08 -1.9214e-08 -1.1832e-08 -7.0582e-09 -4.0739e-09 -2.2724e-09 -1.2233e-09 -6.3483e-10 -3.1712e-10 -1.5230e-10 -7.0217e-11 -3.1038e-11 -1.3135e-11 -5.3137e-12 -2.0521e-12 -7.5541e-13 -2.6466e-13 -8.8112e-14 -2.7833e-14 -8.3287e-15 -2.3571e-15 -6.2989e-16 -1.5867e-16 -3.7617e-17 -8.3780e-18 -1.7500e-18 -3.4223e-19 -6.2545e-20 -1.0663e-20 -1.6928e-21 -2.4978e-22 -3.4191e-23 -4.3336e-24 -5.0761e-25 -5.4841e-26 -5.4542e-27 -4.9835e-28 -4.1748e-29 -3.1999e-30 -2.2395e-31 -1.4282e-32 -8.2810e-34 -4.3565e-35 -2.0749e-36 -8.9275e-38 -3.4622e-39 -1.2075e-40 -3.7792e-42 -1.0589e-43 -2.6499e-45 -5.9095e-47 -1.1716e-48 2.7933e-08 7.9006e-08 1.4513e-07 2.2341e-07 0.0000e+00 4.1000e-07 5.1609e-07 6.2948e-07 7.4927e-07 8.7454e-07 1.0043e-06 1.1373e-06 1.2724e-06 1.4081e-06 1.5427e-06 1.6743e-06 1.8010e-06 1.9206e-06 2.0307e-06 2.1290e-06 2.2130e-06 2.2805e-06 2.3291e-06 2.3570e-06 2.3626e-06 2.3449e-06 2.3034e-06 2.2383e-06 2.1506e-06 2.0419e-06 1.9146e-06 1.7720e-06 1.6175e-06 1.4554e-06 1.2898e-06 1.1249e-06 9.6491e-07 8.1327e-07 6.7299e-07 5.4629e-07 4.3460e-07 3.3854e-07 2.5796e-07 1.9210e-07 1.3966e-07 9.9021e-08 6.8399e-08 4.5980e-08 3.0047e-08 1.9065e-08 1.1732e-08 6.9941e-09 4.0341e-09 2.2485e-09 1.2095e-09 6.2710e-10 3.1298e-10 1.5017e-10 6.9167e-11 3.0542e-11 1.2911e-11 5.2171e-12 2.0124e-12 7.3984e-13 2.5886e-13 8.6062e-14 2.7146e-14 8.1109e-15 2.2919e-15 6.1144e-16 1.5376e-16 3.6387e-17 8.0891e-18 1.6864e-18 3.2912e-19 6.0024e-20 1.0211e-20 1.6174e-21 2.3809e-22 3.2512e-23 4.1104e-24 4.8021e-25 5.1741e-26 5.1315e-27 4.6751e-28 3.9047e-29 2.9837e-30 2.0815e-31 1.3230e-32 7.6453e-34 4.0080e-35 1.9020e-36 8.1531e-38 3.1497e-39 1.0942e-40 3.4106e-42 9.5158e-44 2.3712e-45 5.2645e-47 1.0390e-48
-3.6695e-08 -1.0379e-07 -1.9066e-07 -2.9348e-07 -4.1000e-07 1.3218e-05 -6.7797e-07 -8.2692e-07 -9.8430e-07 -1.1489e-06 -1.3193e-06 -1.4941e-06 -1.6717e-06 -1.8499e-06 -2.0268e-06 -2.1999e-06 -2.3665e-06 -2.5237e-06 -2.6686e-06 -2.7980e-06 -2.9086e-06 -2.9975e-06 -3.0618e-06 -3.0989e-06 -3.1068e-06 -3.0840e-06 -3.0300e-06 -2.9450e-06 -2.8303e-06 -2.6879e-06 -2.5212e-06 -2.3341e-06 -2.1314e-06 -1.9185e-06 -1.7009e-06 -1.4842e-06 -1.2737e-06 -1.0741e-06 -8.8938e-07 -7.2240e-07 -5.7510e-07 -4.4831e-07 -3.4188e-07 -2.5481e-07 -1.8541e-07 -1.3159e-07 -9.0992e-08 -6.1235e-08 -4.0062e-08 -2.5452e-08 -1.5683e-08 -9.3625e-09 -5.4081e-09 -3.0190e-09 -1.6267e-09 -8.4488e-10 -4.2245e-10 -2.0308e-10 -9.3729e-11 -4.1476e-11 -1.7572e-11 -7.1175e-12 -2.7522e-12 -1.0145e-12 -3.5590e-13 -1.1866e-13 -3.7539e-14 -1.1251e-14 -3.1893e-15 -8.5371e-16 -2.1544e-16 -5.1167e-17 -1.1418e-17 -2.3897e-18 -4.6828e-19 -8.5764e-20 -1.4654e-20 -2.3317e-21 -3.4486e-22 -4.7321e-23 -6.0129e-24 -7.0614e-25 -7.6496e-26 -7.6290e-27 -6.9904e-28 -5.8732e-29 -4.5154e-30 -3.1701e-31 -2.0280e-32 -1.1798e-33 -6.2277e-35 -2.9764e-36 -1.2852e-37 -5.0023e-39 -1.7512e-40 -5.5017e-42 -1.5475e-43 -3.8884e-45 -8.7070e-47 -1.7335e-48 3.6695e-08 1.0379e-07 1.9066e-07 2.9348e-07 4.1000e-07 0.0000e+00 6.7797e-07 8.2691e-07 9.8428e-07 1.1488e-06 1.3193e-06 1.4941e-06 1.6715e-06 1.8497e-06 2.0265e-06 2.1995e-06 2.3659e-06 2.5230e-06 2.6677e-06 2.7968e-06 2.9072e-06 2.9957e-06 3.0596e-06 3.0962e-06 3.1036e-06 3.0804e-06 3.0259e-06 2.9404e-06 2.8251e-06 2.6823e-06 2.5152e-06 2.3278e-06 2.1249e-06 1.9119e-06 1.6943e-06 1.4778e-06 1.2676e-06 1.0684e-06 8.8407e-07 7.1763e-07 5.7091e-07 4.4472e-07 3.3888e-07 2.5235e-07 1.8346e-07 1.3008e-07 8.9853e-08 6.0402e-08 3.9471e-08 2.5045e-08 1.5412e-08 9.1878e-09 5.2994e-09 2.9537e-09 1.5888e-09 8.2379e-10 4.1115e-10 1.9727e-10 9.0860e-11 4.0121e-11 1.6960e-11 6.8534e-12 2.6435e-12 9.7188e-13 3.4005e-13 1.1305e-13 3.5660e-14 1.0655e-14 3.0106e-15 8.0320e-16 2.0198e-16 4.7798e-17 1.0626e-17 2.2152e-18 4.3233e-19 7.8846e-20 1.3413e-20 2.1246e-21 3.1275e-22 4.2706e-23 5.3991e-24 6.3076e-25 6.7962e-26 6.7401e-27 6.1405e-28 5.1286e-29 3.9188e-30 2.7339e-31 1.7376e-32 1.0041e-33 5.2637e-35 2.4979e-36 1.0707e-37 4.1363e-39 1.4369e-40 4.4785e-42 1.2495e-43 3.1134e-45 6.9122e-47 1.3641e-48
-4.6190e-08 -1.3064e-07 -2.3999e-07 -3.6942e-07 -5.1609e-07 -6.7797e-07 2.4487e-05 -1.0409e-06 -1.2390e-06 -1.4462e-06 -1.6608e-06 -1.8808e-06 -2.1043e-06 -2.3288e-06 -2.5515e-06 -2.7695e-06 -2.9793e-06 -3.1775e-06 -3.3601e-06 -3.5232e-06 -3.6628e-06 -3.7751e-06 -3.8564e-06 -3.9036e-06 -3.9140e-06 -3.8859e-06 -3.8185e-06 -3.7121e-06 -3.5682e-06 -3.3895e-06 -3.1800e-06 -2.9448e-06 -2.6900e-06 -2.4220e-06 -2.1481e-06 -1.8752e-06 -1.6099e-06 -1.3583e-06 -1.1252e-06 -9.1444e-07 -7.2841e-07 -5.6818e-07 -4.3358e-07 -3.2338e-07 -2.3549e-07 -1.6727e-07 -1.1576e-07 -7.7977e-08 -5.1065e-08 -3.2476e-08 -2.0034e-08 -1.1974e-08 -6.9249e-09 -3.8707e-09 -2.0885e-09 -1.0863e-09 -5.4398e-10 -2.6192e-10 -1.2109e-10 -5.3676e-11 -2.2783e-11 -9.2458e-12 -3.5823e-12 -1.3232e-12 -4.6523e-13 -1.5546e-13 -4.9298e-14 -1.4811e-14 -4.2093e-15 -1.1298e-15 -2.8588e-16 -6.8092e-17 -1.5239e-17 -3.1993e-18 -6.2891e-19 -1.1556e-19 -1.9812e-20 -3.1633e-21 -4.6953e-22 -6.4666e-23 -8.2480e-24 -9.7241e-25 -1.0576e-25 -1.0591e-26 -9.7459e-28 -8.2238e-29 -6.3507e-30 -4.4788e-31 -2.8787e-32 -1.6826e-33 -8.9251e-35 -4.2869e-36 -1.8604e-37 -7.2788e-39 -2.5616e-40 -8.0910e-42 -2.2883e-43 -5.7819e-45 -1.3020e-46 -2.6072e-48 4.6190e-08 1.3064e-07 2.3999e-07 3.6942e-07 5.1609e-07 6.7797e-07 0.0000e+00 1.0409e-06 1.2390e-06 1.4461e-06 1.6606e-06 1.8807e-06 2.1040e-06 2.3284e-06 2.5509e-06 2.7686e-06 2.9781e-06 3.1759e-06 3.3580e-06 3.5205e-06 3.6594e-06 3.7709e-06 3.8513e-06 3.8974e-06 3.9067e-06 3.8774e-06 3.8088e-06 3.7012e-06 3.5561e-06 3.3764e-06 3.1660e-06 2.9301e-06 2.6747e-06 2.4066e-06 2.1327e-06 1.8602e-06 1.5955e-06 1.3448e-06 1.1128e-06 9.0332e-07 7.1863e-07 5.5979e-07 4.2656e-07 3.1765e-07 2.3093e-07 1.6374e-07 1.1310e-07 7.6030e-08 4.9684e-08 3.1525e-08 1.9400e-08 1.1565e-08 6.6705e-09 3.7179e-09 1.9999e-09 1.0369e-09 5.1753e-10 2.4830e-10 1.1437e-10 5.0501e-11 2.1347e-11 8.6264e-12 3.3274e-12 1.2233e-12 4.2801e-13 1.4230e-13 4.4884e-14 1.3411e-14 3.7893e-15 1.0109e-15 2.5422e-16 6.0159e-17 1.3373e-17 2.7880e-18 5.4410e-19 9.9229e-20 1.6880e-20 2.6737e-21 3.9357e-22 5.3740e-23 6.7940e-24 7.9369e-25 8.5514e-26 8.4805e-27 7.7257e-28 6.4523e-29 4.9300e-30 3.4391e-31 2.1858e-32 1.2630e-33 6.6203e-35 3.1414e-36 1.3464e-37 5.2010e-39 1.8066e-40 5.6302e-42 1.5707e-43 3.9132e-45 8.6866e-47 1.7140e-48
-5.6337e-08 -1.5934e-07 -2.9271e-07 -4.5058e-07 -6.2948e-07 -8.2692e-07 -1.0409e-06 4.1774e-05 -1.5112e-06 -1.7640e-06 -2.0257e-06 -2.2942e-06 -2.5669e-06 -2.8408e-06 -3.1126e-06 -3.3787e-06 -3.6349e-06 -3.8769e-06 -4.1001e-06 -4.2995e-06 -4.4705e-06 -4.6082e-06 -4.7081e-06 -4.7665e-06 -4.7802e-06 -4.7470e-06 -4.6658e-06 -4.5371e-06 -4.3625e-06 -4.1455e-06 -3.8908e-06 -3.6045e-06 -3.2941e-06 -2.9675e-06 -2.6333e-06 -2.3001e-06 -1.9760e-06 -1.6683e-06 -1.3831e-06 -1.1250e-06 -8.9688e-07 -7.0025e-07 -5.3491e-07 -3.9939e-07 -2.9118e-07 -2.0708e-07 -1.4350e-07 -9.6795e-08 -6.3482e-08 -4.0436e-08 -2.4985e-08 -1.4959e-08 -8.6674e-09 -4.8541e-09 -2.6244e-09 -1.3680e-09 -6.8657e-10 -3.3135e-10 -1.5356e-10 -6.8247e-11 -2.9045e-11 -1.1820e-11 -4.5931e-12 -1.7017e-12 -6.0019e-13 -2.0122e-13 -6.4024e-14 -1.9303e-14 -5.5059e-15 -1.4833e-15 -3.7681e-16 -9.0108e-17 -2.0250e-17 -4.2693e-18 -8.4294e-19 -1.5559e-19 -2.6797e-20 -4.2991e-21 -6.4123e-22 -8.8754e-23 -1.1378e-23 -1.3485e-24 -1.4746e-25 -1.4847e-26 -1.3738e-27 -1.1659e-28 -9.0555e-30 -6.4242e-31 -4.1538e-32 -2.4428e-33 -1.3038e-34 -6.3021e-36 -2.7525e-37 -1.0839e-38 -3.8399e-40 -1.2209e-41 -3.4765e-43 -8.8442e-45 -2.0055e-46 -4.0439e-48 5.6337e-08 1.5934e-07 2.9271e-07 4.5058e-07 6.2948e-07 8.2691e-07 1.0409e-06 0.0000e+00 1.5112e-06 1.7638e-06 2.0255e-06 2.2938e-06 2.5663e-06 2.8399e-06 3.1113e-06 3.3769e-06 3.6324e-06 3.8736e-06 4.0957e-06 4.2939e-06 4.4634e-06 4.5993e-06 4.6974e-06 4.7536e-06 4.7650e-06 4.7293e-06 4.6456e-06 4.5143e-06 4.3374e-06 4.1181e-06 3.8615e-06 3.5738e-06 3.2623e-06 2.9353e-06 2.6013e-06 2.2688e-06 1.9461e-06 1.6402e-06 1.3573e-06 1.1018e-06 8.7651e-07 6.8277e-07 5.2027e-07 3.8743e-07 2.8166e-07 1.9971e-07 1.3795e-07 9.2733e-08 6.0598e-08 3.8450e-08 2.3662e-08 1.4106e-08 8.1358e-09 4.5346e-09 2.4392e-09 1.2647e-09 6.3119e-10 3.0284e-10 1.3948e-10 6.1591e-11 2.6035e-11 1.0520e-11 4.0580e-12 1.4919e-12 5.2196e-13 1.7353e-13 5.4735e-14 1.6353e-14 4.6207e-15 1.2327e-15 3.0998e-16 7.3351e-17 1.6305e-17 3.3991e-18 6.6333e-19 1.2097e-19 2.0577e-20 3.2590e-21 4.7969e-22 6.5495e-23 8.2793e-24 9.6712e-25 1.0419e-25 1.0331e-26 9.4109e-28 7.8586e-29 6.0037e-30 4.1875e-31 2.6609e-32 1.5372e-33 8.0565e-35 3.8221e-36 1.6378e-37 6.3249e-39 2.1964e-40 6.8431e-42 1.9084e-43 4.7530e-45 1.0547e-46 2.0803e-48
-6.7059e-08 -1.8967e-07 -3.4842e-07 -5.3633e-07 -7.4928e-07 -9.8430e-07 -1.2390e-06 -1.5112e-06 6.6914e-05 -2.0998e-06 -2.4114e-06 -2.7311e-06 -3.0558e-06 -3.3821e-06 -3.7059e-06 -4.0230e-06 -4.3284e-06 -4.6171e-06 -4.8835e-06 -5.1218e-06 -5.3263e-06 -5.4914e-06 -5.6118e-06 -5.6829e-06 -5.7009e-06 -5.6631e-06 -5.5683e-06 -5.4168e-06 -5.2108e-06 -4.9540e-06 -4.6522e-06 -4.3126e-06 -3.9437e-06 -3.5553e-06 -3.1575e-06 -2.7603e-06 -2.3736e-06 -2.0060e-06 -1.6649e-06 -1.3557e-06 -1.0822e-06 -8.4611e-07 -6.4726e-07 -4.8402e-07 -3.5346e-07 -2.5181e-07 -1.7482e-07 -1.1816e-07 -7.7653e-08 -4.9571e-08 -3.0701e-08 -1.8426e-08 -1.0704e-08 -6.0106e-09 -3.2588e-09 -1.7037e-09 -8.5772e-10 -4.1529e-10 -1.9311e-10 -8.6124e-11 -3.6787e-11 -1.5027e-11 -5.8623e-12 -2.1808e-12 -7.7240e-13 -2.6008e-13 -8.3126e-14 -2.5179e-14 -7.2160e-15 -1.9536e-15 -4.9878e-16 -1.1989e-16 -2.7087e-17 -5.7419e-18 -1.1400e-18 -2.1162e-19 -3.6661e-20 -5.9165e-21 -8.8783e-22 -1.2365e-22 -1.5952e-23 -1.9026e-24 -2.0940e-25 -2.1224e-26 -1.9771e-27 -1.6892e-28 -1.3211e-29 -9.4377e-31 -6.1456e-32 -3.6401e-33 -1.9569e-34 -9.5279e-36 -4.1922e-37 -1.6632e-38 -5.9362e-40 -1.9019e-41 -5.4568e-43 -1.3989e-44 -3.1968e-46 -6.4965e-48 6.7059e-08 1.8967e-07 3.4842e-07 5.3633e-07 7.4927e-07 9.8428e-07 1.2390e-06 1.5112e-06 0.0000e+00 2.0995e-06 2.4109e-06 2.7304e-06 3.0547e-06 3.3804e-06 3.7034e-06 4.0195e-06 4.3237e-06 4.6108e-06 4.8751e-06 5.1111e-06 5.3128e-06 5.4746e-06 5.5913e-06 5.6583e-06 5.6718e-06 5.6293e-06 5.5297e-06 5.3734e-06 5.1628e-06 4.9018e-06 4.5964e-06 4.2539e-06 3.8832e-06 3.4939e-06 3.0963e-06 2.7006e-06 2.3164e-06 1.9524e-06 1.6156e-06 1.3114e-06 1.0433e-06 8.1270e-07 6.1927e-07 4.6115e-07 3.3526e-07 2.3771e-07 1.6420e-07 1.1038e-07 7.2128e-08 4.5766e-08 2.8163e-08 1.6789e-08 9.6834e-09 5.3971e-09 2.9031e-09 1.5052e-09 7.5122e-10 3.6042e-10 1.6600e-10 7.3298e-11 3.0983e-11 1.2520e-11 4.8289e-12 1.7752e-12 6.2108e-13 2.0647e-13 6.5121e-14 1.9455e-14 5.4969e-15 1.4663e-15 3.6870e-16 8.7239e-17 1.9391e-17 4.0418e-18 7.8867e-19 1.4380e-19 2.4458e-20 3.8731e-21 5.6999e-22 7.7809e-23 9.8339e-24 1.1485e-24 1.2369e-25 1.2262e-26 1.1166e-27 9.3215e-29 7.1189e-30 4.9634e-31 3.1527e-32 1.8205e-33 9.5364e-35 4.5218e-36 1.9365e-37 7.4737e-39 2.5936e-40 8.0745e-42 2.2500e-43 5.5990e-45 1.2413e-46 2.4458e-48
-7.8270e-08 -2.2138e-07 -4.0667e-07 -6.2601e-07 -8.7455e-07 -1.1489e-06 -1.4462e-06 -1.7640e-06 -2.0998e-06 1.0199e-04 -2.8148e-06 -3.1882e-06 -3.5674e-06 -3.9486e-06 -4.3270e-06 -4.6977e-06 -5.0550e-06 -5.3930e-06 -5.7051e-06 -5.9847e-06 -6.2252e-06 -6.4199e-06 -6.5627e-06 -6.6481e-06 -6.6718e-06 -6.6306e-06 -6.5229e-06 -6.3491e-06 -6.1114e-06 -5.8143e-06 -5.4643e-06 -5.0696e-06 -4.6403e-06 -4.1875e-06 -3.7230e-06 -3.2586e-06 -2.8057e-06 -2.3745e-06 -1.9736e-06 -1.6097e-06 -1.2872e-06 -1.0082e-06 -7.7278e-07 -5.7909e-07 -4.2383e-07 -3.0266e-07 -2.1065e-07 -1.4274e-07 -9.4075e-08 -6.0230e-08 -3.7418e-08 -2.2530e-08 -1.3132e-08 -7.4004e-09 -4.0272e-09 -2.1135e-09 -1.0683e-09 -5.1942e-10 -2.4258e-10 -1.0867e-10 -4.6635e-11 -1.9142e-11 -7.5045e-12 -2.8059e-12 -9.9906e-13 -3.3822e-13 -1.0870e-13 -3.3113e-14 -9.5454e-15 -2.5996e-15 -6.6778e-16 -1.6152e-16 -3.6724e-17 -7.8351e-18 -1.5659e-18 -2.9262e-19 -5.1038e-20 -8.2937e-21 -1.2533e-21 -1.7579e-22 -2.2841e-23 -2.7443e-24 -3.0426e-25 -3.1068e-26 -2.9158e-27 -2.5103e-28 -1.9783e-29 -1.4242e-30 -9.3461e-32 -5.5792e-33 -3.0231e-34 -1.4836e-35 -6.5802e-37 -2.6316e-38 -9.4691e-40 -3.0585e-41 -8.8474e-43 -2.2868e-44 -5.2692e-46 -1.0797e-47 7.8270e-08 2.2138e-07 4.0667e-07 6.2600e-07 8.7454e-07 1.1488e-06 1.4461e-06 1.7638e-06 2.0995e-06 0.0000e+00 2.8140e-06 3.1869e-06 3.5654e-06 3.9455e-06 4.3226e-06 4.6915e-06 5.0466e-06 5.3816e-06 5.6902e-06 5.9656e-06 6.2010e-06 6.3899e-06 6.5261e-06 6.6043e-06 6.6200e-06 6.5704e-06 6.4542e-06 6.2718e-06 6.0259e-06 5.7214e-06 5.3649e-06 4.9651e-06 4.5324e-06 4.0780e-06 3.6139e-06 3.1521e-06 2.7037e-06 2.2788e-06 1.8857e-06 1.5307e-06 1.2177e-06 9.4855e-07 7.2279e-07 5.3824e-07 3.9130e-07 2.7744e-07 1.9164e-07 1.2882e-07 8.4180e-08 5.3412e-08 3.2868e-08 1.9593e-08 1.1301e-08 6.2983e-09 3.3878e-09 1.7564e-09 8.7658e-10 4.2054e-10 1.9369e-10 8.5518e-11 3.6146e-11 1.4605e-11 5.6328e-12 2.0706e-12 7.2435e-13 2.4078e-13 7.5933e-14 2.2683e-14 6.4078e-15 1.7091e-15 4.2966e-16 1.0164e-16 2.2587e-17 4.7070e-18 9.1822e-19 1.6738e-19 2.8458e-20 4.5050e-21 6.6272e-22 9.0430e-23 1.1424e-23 1.3334e-24 1.4354e-25 1.4221e-26 1.2941e-27 1.0795e-28 8.2374e-30 5.7382e-31 3.6413e-32 2.1005e-33 1.0990e-34 5.2046e-36 2.2259e-37 8.5779e-39 2.9719e-40 9.2361e-42 2.5688e-43 6.3788e-45 1.4109e-46 2.7732e-48
-8.9881e-08 -2.5422e-07 -4.6700e-07 -7.1887e-07 -1.0043e-06 -1.3193e-06 -1.6608e-06 -2.0257e-06 -2.4114e-06 -2.8148e-06 1.4932e-04 -3.6618e-06 -4.0977e-06 -4.5359e-06 -4.9712e-06 -5.3979e-06 -5.8094e-06 -6.1990e-06 -6.5593e-06 -6.8827e-06 -7.1615e-06 -7.3882e-06 -7.5558e-06 -7.6578e-06 -7.6892e-06 -7.6463e-06 -7.5273e-06 -7.3322e-06 -7.0637e-06 -6.7265e-06 -6.3280e-06 -5.8776e-06 -5.3865e-06 -4.8674e-06 -4.3337e-06 -3.7991e-06 -3.2767e-06 -2.7782e-06 -2.3137e-06 -1.8911e-06 -1.5156e-06 -1.1900e-06 -9.1446e-07 -6.8713e-07 -5.0436e-07 -3.6126e-07 -2.5225e-07 -1.7151e-07 -1.1344e-07 -7.2898e-08 -4.5465e-08 -2.7487e-08 -1.6089e-08 -9.1074e-09 -4.9790e-09 -2.6255e-09 -1.3337e-09 -6.5177e-10 -3.0600e-10 -1.3783e-10 -5.9480e-11 -2.4555e-11 -9.6837e-12 -3.6427e-12 -1.3051e-12 -4.4462e-13 -1.4382e-13 -4.4101e-14 -1.2798e-14 -3.5095e-15 -9.0777e-16 -2.2112e-16 -5.0635e-17 -1.0882e-17 -2.1907e-18 -4.1244e-19 -7.2480e-20 -1.1868e-20 -1.8071e-21 -2.5544e-22 -3.3451e-23 -4.0506e-24 -4.5266e-25 -4.6591e-26 -4.4081e-27 -3.8257e-28 -3.0396e-29 -2.2062e-30 -1.4598e-31 -8.7866e-33 -4.8008e-34 -2.3758e-35 -1.0626e-36 -4.2859e-38 -1.5553e-39 -5.0665e-41 -1.4782e-42 -3.8540e-44 -8.9574e-46 -1.8516e-47 8.9881e-08 2.5422e-07 4.6700e-07 7.1887e-07 1.0043e-06 1.3193e-06 1.6606e-06 2.0255e-06 2.4109e-06 2.8140e-06 0.0000e+00 3.6596e-06 4.0943e-06 4.5308e-06 4.9639e-06 5.3875e-06 5.7952e-06 6.1800e-06 6.5344e-06 6.8506e-06 7.1209e-06 7.3378e-06 7.4943e-06 7.5840e-06 7.6021e-06 7.5451e-06 7.4116e-06 7.2022e-06 6.9199e-06 6.5701e-06 6.1607e-06 5.7016e-06 5.2047e-06 4.6829e-06 4.1500e-06 3.6196e-06 3.1047e-06 2.6168e-06 2.1654e-06 1.7577e-06 1.3983e-06 1.0892e-06 8.2997e-07 6.1804e-07 4.4931e-07 3.1856e-07 2.2004e-07 1.4791e-07 9.6652e-08 6.1324e-08 3.7736e-08 2.2494e-08 1.2973e-08 7.2301e-09 3.8888e-09 2.0161e-09 1.0061e-09 4.8263e-10 2.2226e-10 9.8123e-11 4.1469e-11 1.6753e-11 6.4605e-12 2.3744e-12 8.3048e-13 2.7600e-13 8.7020e-14 2.5988e-14 7.3392e-15 1.9568e-15 4.9177e-16 1.1629e-16 2.5831e-17 5.3802e-18 1.0490e-18 1.9110e-19 3.2469e-20 5.1360e-21 7.5494e-22 1.0292e-22 1.2988e-23 1.5144e-24 1.6282e-25 1.6110e-26 1.4638e-27 1.2191e-28 9.2865e-30 6.4564e-31 4.0883e-32 2.3528e-33 1.2279e-34 5.7982e-36 2.4720e-37 9.4937e-39 3.2769e-40 1.0142e-41 2.8077e-43 6.9373e-45 1.5260e-46 2.9811e-48
-1.0179e-07 -2.8790e-07 -5.2888e-07 -8.1412e-07 -1.1374e-06 -1.4941e-06 -1.8808e-06 -2.2942e-06 -2.7311e-06 -3.1882e-06 -3.6618e-06 2.1147e-04 -4.6423e-06 -5.1393e-06 -5.6334e-06 -6.1179e-06 -6.5858e-06 -7.0293e-06 -7.4402e-06 -7.8098e-06 -8.1295e-06 -8.3909e-06 -8.5859e-06 -8.7073e-06 -8.7492e-06 -8.7073e-06 -8.5793e-06 -8.3652e-06 -8.0677e-06 -7.6919e-06 -7.2458e-06 -6.7399e-06 -6.1865e-06 -5.6000e-06 -4.9953e-06 -4.3880e-06 -3.7928e-06 -3.2234e-06 -2.6912e-06 -2.2056e-06 -1.7727e-06 -1.3961e-06 -1.0763e-06 -8.1150e-07 -5.9779e-07 -4.2980e-07 -3.0131e-07 -2.0573e-07 -1.3666e-07 -8.8223e-08 -5.5284e-08 -3.3588e-08 -1.9762e-08 -1.1246e-08 -6.1816e-09 -3.2781e-09 -1.6749e-09 -8.2342e-10 -3.8897e-10 -1.7631e-10 -7.6574e-11 -3.1821e-11 -1.2633e-11 -4.7849e-12 -1.7262e-12 -5.9228e-13 -1.9297e-13 -5.9603e-14 -1.7426e-14 -4.8141e-15 -1.2547e-15 -3.0797e-16 -7.1070e-17 -1.5393e-17 -3.1234e-18 -5.9270e-19 -1.0499e-19 -1.7330e-20 -2.6605e-21 -3.7913e-22 -5.0059e-23 -6.1120e-24 -6.8873e-25 -7.1485e-26 -6.8204e-27 -5.9696e-28 -4.7834e-29 -3.5017e-30 -2.3370e-31 -1.4189e-32 -7.8201e-34 -3.9041e-35 -1.7616e-36 -7.1679e-38 -2.6244e-39 -8.6262e-41 -2.5396e-42 -6.6813e-44 -1.5671e-45 -3.2691e-47 1.0179e-07 2.8790e-07 5.2888e-07 8.1411e-07 1.1373e-06 1.4941e-06 1.8807e-06 2.2938e-06 2.7304e-06 3.1869e-06 3.6596e-06 0.0000e+00 4.6368e-06 5.1311e-06 5.6216e-06 6.1013e-06 6.5631e-06 6.9988e-06 7.4001e-06 7.7583e-06 8.0644e-06 8.3101e-06 8.4872e-06 8.5888e-06 8.6093e-06 8.5448e-06 8.3936e-06 8.1564e-06 7.8367e-06 7.4405e-06 6.9769e-06 6.4570e-06 5.8942e-06 5.3033e-06 4.6998e-06 4.0991e-06 3.5160e-06 2.9634e-06 2.4521e-06 1.9904e-06 1.5835e-06 1.2334e-06 9.3983e-07 6.9984e-07 5.0876e-07 3.6070e-07 2.4914e-07 1.6747e-07 1.0942e-07 6.9424e-08 4.2718e-08 2.5462e-08 1.4684e-08 8.1826e-09 4.4006e-09 2.2811e-09 1.1382e-09 5.4592e-10 2.5136e-10 1.1095e-10 4.6879e-11 1.8934e-11 7.2991e-12 2.6818e-12 9.3764e-13 3.1148e-13 9.8162e-14 2.9300e-14 8.2699e-15 2.2036e-15 5.5337e-16 1.3075e-16 2.9017e-17 6.0379e-18 1.1759e-18 2.1395e-19 3.6303e-20 5.7338e-21 8.4139e-22 1.1449e-22 1.4419e-23 1.6774e-24 1.7988e-25 1.7748e-26 1.6077e-27 1.3343e-28 1.0125e-29 7.0092e-31 4.4174e-32 2.5288e-33 1.3121e-34 6.1557e-36 2.6055e-37 9.9256e-39 3.3951e-40 1.0402e-41 2.8472e-43 6.9455e-45 1.5059e-46 2.8944e-48
-1.1388e-07 -3.2210e-07 -5.9170e-07 -9.1083e-07 -1.2725e-06 -1.6717e-06 -2.1043e-06 -2.5669e-06 -3.0558e-06 -3.5674e-06 -4.0977e-06 -4.6423e-06 2.9127e-04 -5.7532e-06 -6.3075e-06 -6.8516e-06 -7.3777e-06 -7.8771e-06 -8.3408e-06 -8.7592e-06 -9.1227e-06 -9.4218e-06 -9.6475e-06 -9.7917e-06 -9.8476e-06 -9.8104e-06 -9.6771e-06 -9.4474e-06 -9.1240e-06 -8.7124e-06 -8.2209e-06 -7.6609e-06 -7.0460e-06 -6.3918e-06 -5.7150e-06 -5.0329e-06 -4.3621e-06 -3.7179e-06 -3.1138e-06 -2.5603e-06 -2.0651e-06 -1.6324e-06 -1.2634e-06 -9.5652e-07 -7.0768e-07 -5.1114e-07 -3.6003e-07 -2.4704e-07 -1.6495e-07 -1.0706e-07 -6.7459e-08 -4.1221e-08 -2.4396e-08 -1.3967e-08 -7.7258e-09 -4.1234e-09 -2.1207e-09 -1.0496e-09 -4.9921e-10 -2.2786e-10 -9.9668e-11 -4.1718e-11 -1.6685e-11 -6.3664e-12 -2.3141e-12 -8.0008e-13 -2.6268e-13 -8.1772e-14 -2.4095e-14 -6.7098e-15 -1.7628e-15 -4.3619e-16 -1.0148e-16 -2.2160e-17 -4.5337e-18 -8.6750e-19 -1.5496e-19 -2.5794e-20 -3.9933e-21 -5.7393e-22 -7.6429e-23 -9.4123e-24 -1.0698e-24 -1.1201e-25 -1.0781e-26 -9.5198e-28 -7.6961e-29 -5.6845e-30 -3.8280e-31 -2.3452e-32 -1.3044e-33 -6.5720e-35 -2.9929e-36 -1.2292e-37 -4.5429e-39 -1.5074e-40 -4.4803e-42 -1.1901e-43 -2.8184e-45 -5.9371e-47 1.1388e-07 3.2210e-07 5.9169e-07 9.1081e-07 1.2724e-06 1.6715e-06 2.1040e-06 2.5663e-06 3.0547e-06 3.5654e-06 4.0943e-06 4.6368e-06 0.0000e+00 5.7406e-06 6.2893e-06 6.8260e-06 7.3426e-06 7.8301e-06 8.2791e-06 8.6798e-06 9.0223e-06 9.2971e-06 9.4953e-06 9.6090e-06 9.6319e-06 9.5597e-06 9.3905e-06 9.1252e-06 8.7674e-06 8.3242e-06 7.8055e-06 7.2239e-06 6.5942e-06 5.9331e-06 5.2578e-06 4.5858e-06 3.9334e-06 3.3151e-06 2.7432e-06 2.2266e-06 1.7713e-06 1.3797e-06 1.0513e-06 7.8278e-07 5.6903e-07 4.0342e-07 2.7863e-07 1.8727e-07 1.2236e-07 7.7620e-08 4.7755e-08 2.8461e-08 1.6411e-08 9.1434e-09 4.9164e-09 2.5479e-09 1.2710e-09 6.0943e-10 2.8051e-10 1.2377e-10 5.2273e-11 2.1103e-11 8.1308e-12 2.9855e-12 1.0431e-12 3.4625e-13 1.0902e-13 3.2510e-14 9.1659e-15 2.4393e-15 6.1173e-16 1.4432e-16 3.1972e-17 6.6399e-18 1.2903e-18 2.3421e-19 3.9633e-20 6.2408e-21 9.1269e-22 1.2372e-22 1.5516e-23 1.7964e-24 1.9162e-25 1.8793e-26 1.6910e-27 1.3928e-28 1.0479e-29 7.1853e-31 4.4793e-32 2.5328e-33 1.2957e-34 5.9821e-36 2.4857e-37 9.2704e-39 3.0938e-40 9.2099e-42 2.4372e-43 5.7115e-45 1.1801e-46 2.1388e-48
-1.2602e-07 -3.5644e-07 -6.5478e-07 -1.0079e-06 -1.4082e-06 -1.8499e-06 -2.3288e-06 -2.8408e-06 -3.3821e-06 -3.9486e-06 -4.5359e-06 -5.1393e-06 -5.7532e-06 3.9175e-04 -6.9869e-06 -7.5919e-06 -8.1777e-06 -8.7349e-06 -9.2537e-06 -9.7235e-06 -1.0134e-05 -1.0474e-05 -1.0734e-05 -1.0906e-05 -1.0980e-05 -1.0953e-05 -1.0819e-05 -1.0579e-05 -1.0234e-05 -9.7908e-06 -9.2577e-06 -8.6465e-06 -7.9721e-06 -7.2511e-06 -6.5019e-06 -5.7435e-06 -4.9943e-06 -4.2718e-06 -3.5910e-06 -2.9644e-06 -2.4010e-06 -1.9063e-06 -1.4823e-06 -1.1277e-06 -8.3854e-07 -6.0886e-07 -4.3122e-07 -2.9758e-07 -1.9987e-07 -1.3051e-07 -8.2752e-08 -5.0892e-08 -3.0319e-08 -1.7476e-08 -9.7333e-09 -5.2315e-09 -2.7099e-09 -1.3510e-09 -6.4735e-10 -2.9771e-10 -1.3122e-10 -5.5347e-11 -2.2309e-11 -8.5796e-12 -3.1435e-12 -1.0956e-12 -3.6262e-13 -1.1380e-13 -3.3811e-14 -9.4934e-15 -2.5150e-15 -6.2755e-16 -1.4724e-16 -3.2426e-17 -6.6910e-18 -1.2913e-18 -2.3268e-19 -3.9069e-20 -6.1018e-21 -8.8475e-22 -1.1887e-22 -1.4771e-23 -1.6942e-24 -1.7900e-25 -1.7387e-26 -1.5495e-27 -1.2644e-28 -9.4268e-30 -6.4084e-31 -3.9637e-32 -2.2259e-33 -1.1324e-34 -5.2076e-36 -2.1600e-37 -8.0628e-39 -2.7023e-40 -8.1137e-42 -2.1773e-43 -5.2099e-45 -1.1090e-46 1.2602e-07 3.5644e-07 6.5478e-07 1.0079e-06 1.4081e-06 1.8497e-06 2.3284e-06 2.8399e-06 3.3804e-06 3.9455e-06 4.5308e-06 5.1311e-06 5.7406e-06 0.0000e+00 6.9598e-06 7.5538e-06 8.1255e-06 8.6650e-06 9.1618e-06 9.6052e-06 9.9842e-06 1.0288e-05 1.0508e-05 1.0633e-05 1.0659e-05 1.0579e-05 1.0392e-05 1.0098e-05 9.7021e-06 9.2116e-06 8.6375e-06 7.9938e-06 7.2970e-06 6.5653e-06 5.8180e-06 5.0743e-06 4.3523e-06 3.6681e-06 3.0352e-06 2.4636e-06 1.9597e-06 1.5264e-06 1.1630e-06 8.6590e-07 6.2940e-07 4.4617e-07 3.0812e-07 2.0707e-07 1.3527e-07 8.5799e-08 5.2777e-08 3.1447e-08 1.8127e-08 1.0097e-08 5.4272e-09 2.8115e-09 1.4018e-09 6.7183e-10 3.0905e-10 1.3627e-10 5.7510e-11 2.3196e-11 8.9288e-12 3.2749e-12 1.1428e-12 3.7881e-13 1.1908e-13 3.5446e-14 9.9732e-15 2.6480e-15 6.6236e-16 1.5580e-16 3.4403e-17 7.1182e-18 1.3775e-18 2.4884e-19 4.1882e-20 6.5549e-21 9.5201e-22 1.2804e-22 1.5914e-23 1.8238e-24 1.9229e-25 1.8607e-26 1.6486e-27 1.3338e-28 9.8282e-30 6.5762e-31 3.9832e-32 2.1762e-33 1.0683e-34 4.6895e-36 1.8304e-37 6.3056e-39 1.8972e-40 4.9050e-42 1.0583e-43 1.7851e-45 1.8774e-47 -8.3270e-50
-1.3807e-07 -3.9051e-07 -7.1737e-07 -1.1043e-06 -1.5428e-06 -2.0268e-06 -2.5515e-06 -3.1126e-06 -3.7059e-06 -4.3270e-06 -4.9712e-06 -5.6334e-06 -6.3075e-06 -6.9869e-06 5.1624e-04 -8.3307e-06 -8.9775e-06 -9.5942e-06 -1.0170e-05 -1.0694e-05 -1.1155e-05 -1.1540e-05 -1.1840e-05 -1.2043e-05 -1.2142e-05 -1.2130e-05 -1.2003e-05 -1.1759e-05 -1.1399e-05 -1.0931e-05 -1.0361e-05 -9.7038e-06 -8.9732e-06 -8.1877e-06 -7.3668e-06 -6.5313e-06 -5.7015e-06 -4.8968e-06 -4.1345e-06 -3.4288e-06 -2.7907e-06 -2.2269e-06 -1.7408e-06 -1.3317e-06 -9.9597e-07 -7.2748e-07 -5.1841e-07 -3.6003e-07 -2.4340e-07 -1.6000e-07 -1.0215e-07 -6.3263e-08 -3.7959e-08 -2.2040e-08 -1.2366e-08 -6.6970e-09 -3.4956e-09 -1.7562e-09 -8.4812e-10 -3.9313e-10 -1.7466e-10 -7.4268e-11 -3.0179e-11 -1.1702e-11 -4.3231e-12 -1.5193e-12 -5.0709e-13 -1.6049e-13 -4.8089e-14 -1.3618e-14 -3.6390e-15 -9.1592e-16 -2.1678e-16 -4.8163e-17 -1.0027e-17 -1.9525e-18 -3.5499e-19 -6.0150e-20 -9.4805e-21 -1.3874e-21 -1.8815e-22 -2.3599e-23 -2.7324e-24 -2.9146e-25 -2.8585e-26 -2.5724e-27 -2.1197e-28 -1.5961e-29 -1.0960e-30 -6.8476e-32 -3.8848e-33 -1.9968e-34 -9.2788e-36 -3.8893e-37 -1.4673e-38 -4.9706e-40 -1.5087e-41 -4.0930e-43 -9.9025e-45 -2.1315e-46 1.3807e-07 3.9051e-07 7.1736e-07 1.1043e-06 1.5427e-06 2.0265e-06 2.5509e-06 3.1113e-06 3.7034e-06 4.3226e-06 4.9639e-06 5.6216e-06 6.2893e-06 6.9598e-06 0.0000e+00 8.2758e-06 8.9021e-06 9.4931e-06 1.0037e-05 1.0523e-05 1.0938e-05 1.1272e-05 1.1512e-05 1.1650e-05 1.1677e-05 1.1590e-05 1.1385e-05 1.1063e-05 1.0629e-05 1.0092e-05 9.4627e-06 8.7574e-06 7.9939e-06 7.1922e-06 6.3734e-06 5.5586e-06 4.7675e-06 4.0179e-06 3.3245e-06 2.6982e-06 2.1462e-06 1.6715e-06 1.2734e-06 9.4803e-07 6.8901e-07 4.8835e-07 3.3719e-07 2.2656e-07 1.4796e-07 9.3823e-08 5.7694e-08 3.4363e-08 1.9800e-08 1.1023e-08 5.9213e-09 3.0654e-09 1.5272e-09 7.3128e-10 3.3606e-10 1.4801e-10 6.2380e-11 2.5123e-11 9.6536e-12 3.5338e-12 1.2304e-12 4.0681e-13 1.2752e-13 3.7831e-14 1.0604e-14 2.8036e-15 6.9786e-16 1.6324e-16 3.5817e-17 7.3568e-18 1.4118e-18 2.5259e-19 4.2043e-20 6.4959e-21 9.2941e-22 1.2283e-22 1.4956e-23 1.6727e-24 1.7129e-25 1.6002e-26 1.3582e-27 1.0418e-28 7.1747e-30 4.3965e-31 2.3648e-32 1.0908e-33 4.1137e-35 1.1068e-36 7.2128e-39 -1.4467e-39 -1.1680e-40 -5.9429e-42 -2.3714e-43 -7.8827e-45 -2.2368e-46 -5.4811e-48
-1.4985e-07 -4.2384e-07 -7.7859e-07 -1.1985e-06 -1.6745e-06 -2.1999e-06 -2.7695e-06 -3.3787e-06 -4.0230e-06 -4.6977e-06 -5.3979e-06 -6.1179e-06 -6.8516e-06 -7.5919e-06 -8.3307e-06 6.6826e-04 -9.7678e-06 -1.0445e-05 -1.1081e-05 -1.1662e-05 -1.2176e-05 -1.2611e-05 -1.2955e-05 -1.3198e-05 -1.3328e-05 -1.3340e-05 -1.3227e-05 -1.2987e-05 -1.2622e-05 -1.2136e-05 -1.1538e-05 -1.0841e-05 -1.0059e-05 -9.2129e-06 -8.3223e-06 -7.4097e-06 -6.4975e-06 -5.6070e-06 -4.7579e-06 -3.9666e-06 -3.2461e-06 -2.6052e-06 -2.0486e-06 -1.5769e-06 -1.1868e-06 -8.7260e-07 -6.2603e-07 -4.3777e-07 -2.9805e-07 -1.9735e-07 -1.2692e-07 -7.9194e-08 -4.7881e-08 -2.8015e-08 -1.5842e-08 -8.6472e-09 -4.5496e-09 -2.3043e-09 -1.1219e-09 -5.2430e-10 -2.3487e-10 -1.0071e-10 -4.1268e-11 -1.6138e-11 -6.0127e-12 -2.1313e-12 -7.1754e-13 -2.2909e-13 -6.9248e-14 -1.9785e-14 -5.3341e-15 -1.3547e-15 -3.2356e-16 -7.2547e-17 -1.5243e-17 -2.9961e-18 -5.4986e-19 -9.4056e-20 -1.4967e-20 -2.2116e-21 -3.0287e-22 -3.8366e-23 -4.4867e-24 -4.8343e-25 -4.7897e-26 -4.3549e-27 -3.6260e-28 -2.7592e-29 -1.9148e-30 -1.2093e-31 -6.9352e-33 -3.6040e-34 -1.6934e-35 -7.1780e-37 -2.7387e-38 -9.3847e-40 -2.8815e-41 -7.9094e-43 -1.9363e-44 -4.2178e-46 1.4985e-07 4.2383e-07 7.7858e-07 1.1985e-06 1.6743e-06 2.1995e-06 2.7686e-06 3.3769e-06 4.0195e-06 4.6915e-06 5.3875e-06 6.1013e-06 6.8260e-06 7.5538e-06 8.2758e-06 0.0000e+00 9.6618e-06 1.0303e-05 1.0894e-05 1.1421e-05 1.1872e-05 1.2234e-05 1.2494e-05 1.2644e-05 1.2674e-05 1.2579e-05 1.2356e-05 1.2007e-05 1.1536e-05 1.0952e-05 1.0270e-05 9.5040e-06 8.6752e-06 7.8050e-06 6.9162e-06 6.0317e-06 5.1730e-06 4.3594e-06 3.6067e-06 2.9271e-06 2.3280e-06 1.8129e-06 1.3809e-06 1.0279e-06 7.4686e-07 5.2922e-07 3.6530e-07 2.4536e-07 1.6018e-07 1.0152e-07 6.2393e-08 3.7138e-08 2.1383e-08 1.1894e-08 6.3831e-09 3.3007e-09 1.6423e-09 7.8520e-10 3.6022e-10 1.5833e-10 6.6579e-11 2.6744e-11 1.0246e-11 3.7376e-12 1.2962e-12 4.2661e-13 1.3302e-13 3.9225e-14 1.0919e-14 2.8633e-15 7.0604e-16 1.6335e-16 3.5384e-17 7.1591e-18 1.3496e-18 2.3639e-19 3.8359e-20 5.7467e-21 7.9170e-22 9.9818e-23 1.1447e-23 1.1841e-24 1.0912e-25 8.7747e-27 5.9086e-28 2.9876e-29 6.1952e-31 -8.6503e-32 -1.4716e-32 -1.4458e-33 -1.1070e-34 -7.1054e-36 -3.9336e-37 -1.9033e-38 -8.1033e-40 -3.0458e-41 -1.0123e-42 -2.9755e-44 -7.7333e-46 -1.7754e-47
-1.6119e-07 -4.5591e-07 -8.3752e-07 -1.2893e-06 -1.8012e-06 -2.3665e-06 -2.9793e-06 -3.6349e-06 -4.3284e-06 -5.0550e-06 -5.8094e-06 -6.5858e-06 -7.3777e-06 -8.1777e-06 -8.9775e-06 -9.7678e-06 8.5160e-04 -1.1278e-05 -1.1975e-05 -1.2615e-05 -1.3187e-05 -1.3678e-05 -1.4073e-05 -1.4361e-05 -1.4532e-05 -1.4577e-05 -1.4488e-05 -1.4264e-05 -1.3903e-05 -1.3411e-05 -1.2794e-05 -1.2066e-05 -1.1241e-05 -1.0339e-05 -9.3825e-06 -8.3941e-06 -7.3982e-06 -6.4185e-06 -5.4771e-06 -4.5929e-06 -3.7815e-06 -3.0541e-06 -2.4173e-06 -1.8731e-06 -1.4196e-06 -1.0511e-06 -7.5954e-07 -5.3506e-07 -3.6703e-07 -2.4487e-07 -1.5871e-07 -9.9805e-08 -6.0822e-08 -3.5873e-08 -2.0451e-08 -1.1254e-08 -5.9704e-09 -3.0491e-09 -1.4970e-09 -7.0555e-10 -3.1877e-10 -1.3786e-10 -5.6982e-11 -2.2478e-11 -8.4491e-12 -3.0215e-12 -1.0264e-12 -3.3067e-13 -1.0087e-13 -2.9085e-14 -7.9144e-15 -2.0290e-15 -4.8920e-16 -1.1074e-16 -2.3494e-17 -4.6630e-18 -8.6427e-19 -1.4932e-19 -2.4002e-20 -3.5830e-21 -4.9575e-22 -6.3456e-23 -7.4995e-24 -8.1672e-25 -8.1796e-26 -7.5185e-27 -6.3296e-28 -4.8705e-29 -3.4183e-30 -2.1836e-31 -1.2668e-32 -6.6606e-34 -3.1667e-35 -1.3584e-36 -5.2459e-38 -1.8196e-39 -5.6563e-41 -1.5721e-42 -3.8973e-44 -8.5981e-46 1.6119e-07 4.5591e-07 8.3750e-07 1.2892e-06 1.8010e-06 2.3659e-06 2.9781e-06 3.6324e-06 4.3237e-06 5.0466e-06 5.7952e-06 6.5631e-06 7.3426e-06 8.1255e-06 8.9021e-06 9.6618e-06 0.0000e+00 1.1083e-05 1.1718e-05 1.2286e-05 1.2770e-05 1.3159e-05 1.3440e-05 1.3601e-05 1.3633e-05 1.3530e-05 1.3291e-05 1.2915e-05 1.2408e-05 1.1780e-05 1.1046e-05 1.0222e-05 9.3302e-06 8.3940e-06 7.4377e-06 6.4861e-06 5.5623e-06 4.6870e-06 3.8773e-06 3.1462e-06 2.5019e-06 1.9478e-06 1.4833e-06 1.1038e-06 8.0178e-07 5.6790e-07 3.9182e-07 2.6302e-07 1.7160e-07 1.0868e-07 6.6732e-08 3.9680e-08 2.2819e-08 1.2675e-08 6.7914e-09 3.5053e-09 1.7403e-09 8.2998e-10 3.7965e-10 1.6631e-10 6.9661e-11 2.7855e-11 1.0615e-11 3.8487e-12 1.3252e-12 4.3252e-13 1.3355e-13 3.8928e-14 1.0688e-14 2.7577e-15 6.6685e-16 1.5069e-16 3.1715e-17 6.1923e-18 1.1162e-18 1.8461e-19 2.7772e-20 3.7506e-21 4.4466e-22 4.4199e-23 3.2368e-24 6.8948e-26 -3.0074e-26 -7.1696e-27 -1.0826e-27 -1.3081e-28 -1.3470e-29 -1.2128e-30 -9.6635e-32 -6.8572e-33 -4.3470e-34 -2.4654e-35 -1.2514e-36 -5.6825e-38 -2.3067e-39 -8.3602e-41 -2.7015e-42 -7.7709e-44 -1.9862e-45 -4.5025e-47
