1.0398e-04 -7.0675e-05 -8.6516e-05 -9.9830e-05 -1.1151e-04 -1.2202e-04 -1.3163e-04 -1.4051e-04 -1.4878e-04 -1.5653e-04 -1.6382e-04 -1.7071e-04 -1.7724e-04 -1.8343e-04 -1.8932e-04 -1.9493e-04 -2.0026e-04 -2.0535e-04 -2.1020e-04 -2.1482e-04 -2.1922e-04 -2.2342e-04 -2.2742e-04 -2.3122e-04 -2.3483e-04 -2.3826e-04 -2.4152e-04 -2.4460e-04 -2.4752e-04 -2.5027e-04 -2.5286e-04 -2.5529e-04 -2.5757e-04 -2.5970e-04 -2.6168e-04 -2.6351e-04 -2.6520e-04 -2.6676e-04 -2.6817e-04 -2.6945e-04 -2.7060e-04 -2.7161e-04 -2.7250e-04 -2.7327e-04 -2.7391e-04 -2.7442e-04 -2.7482e-04 -2.7511e-04 -2.7527e-04 -2.7533e-04 -2.7528e-04 -2.7511e-04 -2.7485e-04 -2.7447e-04 -2.7400e-04 -2.7343e-04 -2.7276e-04 -2.7200e-04 -2.7114e-04 -2.7020e-04 -2.6916e-04 -2.6804e-04 -2.6684e-04 -2.6556e-04 -2.6419e-04 -2.6275e-04 -2.6124e-04 -2.5965e-04 -2.5800e-04 -2.5627e-04 -2.5448e-04 -2.5263e-04 -2.5072e-04 -2.4875e-04 -2.4672e-04 -2.4464e-04 -2.4250e-04 -2.4032e-04 -2.3809e-04 -2.3581e-04 -2.3349e-04 -2.3113e-04 -2.2873e-04 -2.2629e-04 -2.2382e-04 -2.2132e-04 -2.1879e-04 -2.1622e-04 -2.1363e-04 -2.1102e-04 -2.0838e-04 -2.0573e-04 -2.0305e-04 -2.0036e-04 -1.9765e-04 -1.9493e-04 -1.9220e-04 -1.8945e-04 -1.8671e-04 -1.8395e-04 0.0000e+00 -7.0675e-05 -8.6516e-05 -9.9830e-05 -1.1151e-04 -1.2202e-04 -1.3163e-04 -1.4051e-04 -1.4878e-04 -1.5653e-04 -1.6382e-04 -1.7071e-04 -1.7724e-04 -1.8343e-04 -1.8932e-04 -1.9493e-04 -2.0026e-04 -2.0535e-04 -2.1020e-04 -2.1482e-04 -2.1922e-04 -2.2342e-04 -2.2741e-04 -2.3122e-04 -2.3483e-04 -2.3826e-04 -2.4152e-04 -2.4460e-04 -2.4752e-04 -2.5027e-04 -2.5286e-04 -2.5529e-04 -2.5757e-04 -2.5970e-04 -2.6167e-04 -2.6351e-04 -2.6520e-04 -2.6675e-04 -2.6817e-04 -2.6945e-04 -2.7059e-04 -2.7161e-04 -2.7250e-04 -2.7326e-04 -2.7390e-04 -2.7442e-04 -2.7482e-04 -2.7510e-04 -2.7527e-04 -2.7532e-04 -2.7527e-04 -2.7511e-04 -2.7484e-04 -2.7447e-04 -2.7399e-04 -2.7342e-04 -2.7275e-04 -2.7199e-04 -2.7113e-04 -2.7019e-04 -2.6915e-04 -2.6803e-04 -2.6683e-04 -2.6555e-04 -2.6418e-04 -2.6274e-04 -2.6123e-04 -2.5964e-04 -2.5798e-04 -2.5626e-04 -2.5447e-04 -2.5262e-04 -2.5071e-04 -2.4873e-04 -2.4671e-04 -2.4462e-04 -2.4249e-04 -2.4030e-04 -2.3807e-04 -2.3580e-04 -2.3348e-04 -2.3112e-04 -2.2872e-04 -2.2628e-04 -2.2381e-04 -2.2130e-04 -2.1877e-04 -2.1621e-04 -2.1362e-04 -2.1100e-04 -2.0837e-04 -2.0571e-04 -2.0303e-04 -2.0034e-04 -1.9763e-04 -1.9491e-04 -1.9218e-04 -1.8944e-04 -1.8669e-04 -1.8393e-04
-7.0675e-05 4.1591e-04 -1.2232e-04 -1.4114e-04 -1.5766e-04 -1.7251e-04 -1.8609e-04 -1.9865e-04 -2.1034e-04 -2.2129e-04 -2.3161e-04 -2.4135e-04 -2.5058e-04 -2.5934e-04 -2.6766e-04 -2.7559e-04 -2.8313e-04 -2.9033e-04 -2.9718e-04 -3.0371e-04 -3.0994e-04 -3.1588e-04 -3.2153e-04 -3.2690e-04 -3.3201e-04 -3.3687e-04 -3.4147e-04 -3.4583e-04 -3.4995e-04 -3.5384e-04 -3.5750e-04 -3.6095e-04 -3.6417e-04 -3.6718e-04 -3.6998e-04 -3.7257e-04 -3.7497e-04 -3.7716e-04 -3.7916e-04 -3.8097e-04 -3.8260e-04 -3.8404e-04 -3.8529e-04 -3.8637e-04 -3.8728e-04 -3.8802e-04 -3.8858e-04 -3.8898e-04 -3.8922e-04 -3.8930e-04 -3.8923e-04 -3.8900e-04 -3.8862e-04 -3.8810e-04 -3.8743e-04 -3.8663e-04 -3.8568e-04 -3.8461e-04 -3.8340e-04 -3.8206e-04 -3.8060e-04 -3.7902e-04 -3.7732e-04 -3.7551e-04 -3.7358e-04 -3.7155e-04 -3.6941e-04 -3.6717e-04 -3.6483e-04 -3.6240e-04 -3.5987e-04 -3.5725e-04 -3.5455e-04 -3.5176e-04 -3.4890e-04 -3.4596e-04 -3.4294e-04 -3.3985e-04 -3.3670e-04 -3.3348e-04 -3.3021e-04 -3.2687e-04 -3.2348e-04 -3.2003e-04 -3.1654e-04 -3.1300e-04 -3.0942e-04 -3.0580e-04 -3.0214e-04 -2.9845e-04 -2.9472e-04 -2.9096e-04 -2.8718e-04 -2.8338e-04 -2.7955e-04 -2.7570e-04 -2.7184e-04 -2.6797e-04 -2.6408e-04 -2.6018e-04 -7.0675e-05 0.0000e+00 -1.2232e-04 -1.4114e-04 -1.5766e-04 -1.7251e-04 -1.8609e-04 -1.9864e-04 -2.1034e-04 -2.2129e-04 -2.3161e-04 -2.4135e-04 -2.5058e-04 -2.5934e-04 -2.6766e-04 -2.7558e-04 -2.8313e-04 -2.9032e-04 -2.9718e-04 -3.0371e-04 -3.0994e-04 -3.1587e-04 -3.2152e-04 -3.2689e-04 -3.3200e-04 -3.3686e-04 -3.4146e-04 -3.4582e-04 -3.4994e-04 -3.5383e-04 -3.5749e-04 -3.6093e-04 -3.6415e-04 -3.6716e-04 -3.6996e-04 -3.7255e-04 -3.7495e-04 -3.7714e-04 -3.7914e-04 -3.8095e-04 -3.8257e-04 -3.8401e-04 -3.8527e-04 -3.8634e-04 -3.8725e-04 -3.8798e-04 -3.8855e-04 -3.8895e-04 -3.8918e-04 -3.8926e-04 -3.8919e-04 -3.8896e-04 -3.8858e-04 -3.8805e-04 -3.8739e-04 -3.8658e-04 -3.8563e-04 -3.8455e-04 -3.8334e-04 -3.8201e-04 -3.8055e-04 -3.7896e-04 -3.7726e-04 -3.7545e-04 -3.7352e-04 -3.7149e-04 -3.6935e-04 -3.6710e-04 -3.6476e-04 -3.6233e-04 -3.5980e-04 -3.5718e-04 -3.5447e-04 -3.5169e-04 -3.4882e-04 -3.4588e-04 -3.4286e-04 -3.3977e-04 -3.3662e-04 -3.3340e-04 -3.3012e-04 -3.2678e-04 -3.2339e-04 -3.1994e-04 -3.1645e-04 -3.1291e-04 -3.0933e-04 -3.0570e-04 -3.0204e-04 -2.9835e-04 -2.9462e-04 -2.9087e-04 -2.8708e-04 -2.8328e-04 -2.7945e-04 -2.7560e-04 -2.7174e-04 -2.6786e-04 -2.6397e-04 -2.6008e-04
-8.6516e-05 -1.2232e-04 9.3580e-04 -1.7277e-04 -1.9299e-04 -2.1118e-04 -2.2781e-04 -2.4317e-04 -2.5748e-04 -2.7090e-04 -2.8352e-04 -2.9545e-04 -3.0675e-04 -3.1747e-04 -3.2766e-04 -3.3736e-04 -3.4660e-04 -3.5541e-04 -3.6380e-04 -3.7180e-04 -3.7942e-04 -3.8669e-04 -3.9360e-04 -4.0019e-04 -4.0645e-04 -4.1239e-04 -4.1803e-04 -4.2337e-04 -4.2841e-04 -4.3318e-04 -4.3766e-04 -4.4188e-04 -4.4583e-04 -4.4951e-04 -4.5294e-04 -4.5612e-04 -4.5906e-04 -4.6175e-04 -4.6420e-04 -4.6642e-04 -4.6841e-04 -4.7017e-04 -4.7172e-04 -4.7304e-04 -4.7415e-04 -4.7506e-04 -4.7575e-04 -4.7625e-04 -4.7655e-04 -4.7665e-04 -4.7656e-04 -4.7628e-04 -4.7583e-04 -4.7519e-04 -4.7438e-04 -4.7339e-04 -4.7224e-04 -4.7093e-04 -4.6945e-04 -4.6782e-04 -4.6604e-04 -4.6411e-04 -4.6203e-04 -4.5981e-04 -4.5746e-04 -4.5498e-04 -4.5236e-04 -4.4962e-04 -4.4676e-04 -4.4378e-04 -4.4069e-04 -4.3749e-04 -4.3419e-04 -4.3078e-04 -4.2728e-04 -4.2368e-04 -4.1999e-04 -4.1622e-04 -4.1236e-04 -4.0842e-04 -4.0441e-04 -4.0033e-04 -3.9618e-04 -3.9197e-04 -3.8770e-04 -3.8337e-04 -3.7899e-04 -3.7456e-04 -3.7008e-04 -3.6556e-04 -3.6100e-04 -3.5640e-04 -3.5178e-04 -3.4712e-04 -3.4244e-04 -3.3773e-04 -3.3300e-04 -3.2826e-04 -3.2350e-04 -3.1874e-04 -8.6516e-05 -1.2232e-04 0.0000e+00 -1.7277e-04 -1.9299e-04 -2.1118e-04 -2.2780e-04 -2.4317e-04 -2.5748e-04 -2.7089e-04 -2.8352e-04 -2.9545e-04 -3.0674e-04 -3.1746e-04 -3.2766e-04 -3.3735e-04 -3.4659e-04 -3.5539e-04 -3.6379e-04 -3.7178e-04 -3.7941e-04 -3.8667e-04 -3.9359e-04 -4.0017e-04 -4.0642e-04 -4.1236e-04 -4.1800e-04 -4.2334e-04 -4.2838e-04 -4.3314e-04 -4.3763e-04 -4.4184e-04 -4.4578e-04 -4.4947e-04 -4.5289e-04 -4.5607e-04 -4.5900e-04 -4.6169e-04 -4.6414e-04 -4.6635e-04 -4.6834e-04 -4.7010e-04 -4.7164e-04 -4.7296e-04 -4.7407e-04 -4.7497e-04 -4.7566e-04 -4.7615e-04 -4.7644e-04 -4.7654e-04 -4.7645e-04 -4.7617e-04 -4.7571e-04 -4.7507e-04 -4.7425e-04 -4.7326e-04 -4.7210e-04 -4.7079e-04 -4.6931e-04 -4.6767e-04 -4.6588e-04 -4.6395e-04 -4.6187e-04 -4.5965e-04 -4.5729e-04 -4.5480e-04 -4.5218e-04 -4.4943e-04 -4.4657e-04 -4.4359e-04 -4.4049e-04 -4.3729e-04 -4.3398e-04 -4.3057e-04 -4.2706e-04 -4.2346e-04 -4.1977e-04 -4.1599e-04 -4.1213e-04 -4.0819e-04 -4.0418e-04 -4.0009e-04 -3.9594e-04 -3.9172e-04 -3.8745e-04 -3.8312e-04 -3.7873e-04 -3.7430e-04 -3.6982e-04 -3.6529e-04 -3.6073e-04 -3.5613e-04 -3.5150e-04 -3.4684e-04 -3.4216e-04 -3.3745e-04 -3.3272e-04 -3.2798e-04 -3.2322e-04 -3.1845e-04
-9.9830e-05 -1.4114e-04 -1.7277e-04 1.6636e-03 -2.2269e-04 -2.4368e-04 -2.6286e-04 -2.8059e-04 -2.9711e-04 -3.1259e-04 -3.2716e-04 -3.4092e-04 -3.5396e-04 -3.6633e-04 -3.7810e-04 -3.8929e-04 -3.9995e-04 -4.1011e-04 -4.1980e-04 -4.2903e-04 -4.3783e-04 -4.4622e-04 -4.5420e-04 -4.6180e-04 -4.6903e-04 -4.7589e-04 -4.8240e-04 -4.8856e-04 -4.9439e-04 -4.9989e-04 -5.0507e-04 -5.0994e-04 -5.1449e-04 -5.1875e-04 -5.2272e-04 -5.2639e-04 -5.2978e-04 -5.3289e-04 -5.3572e-04 -5.3829e-04 -5.4059e-04 -5.4263e-04 -5.4442e-04 -5.4595e-04 -5.4724e-04 -5.4829e-04 -5.4910e-04 -5.4967e-04 -5.5002e-04 -5.5014e-04 -5.5005e-04 -5.4974e-04 -5.4922e-04 -5.4849e-04 -5.4755e-04 -5.4643e-04 -5.4510e-04 -5.4359e-04 -5.4190e-04 -5.4002e-04 -5.3797e-04 -5.3575e-04 -5.3336e-04 -5.3080e-04 -5.2810e-04 -5.2523e-04 -5.2222e-04 -5.1907e-04 -5.1577e-04 -5.1234e-04 -5.0878e-04 -5.0510e-04 -5.0129e-04 -4.9736e-04 -4.9332e-04 -4.8918e-04 -4.8493e-04 -4.8058e-04 -4.7613e-04 -4.7159e-04 -4.6697e-04 -4.6227e-04 -4.5748e-04 -4.5263e-04 -4.4770e-04 -4.4271e-04 -4.3766e-04 -4.3255e-04 -4.2739e-04 -4.2217e-04 -4.1692e-04 -4.1162e-04 -4.0628e-04 -4.0091e-04 -3.9551e-04 -3.9008e-04 -3.8463e-04 -3.7916e-04 -3.7367e-04 -3.6817e-04 -9.9830e-05 -1.4114e-04 -1.7277e-04 0.0000e+00 -2.2269e-04 -2.4368e-04 -2.6286e-04 -2.8059e-04 -2.9711e-04 -3.1258e-04 -3.2715e-04 -3.4092e-04 -3.5395e-04 -3.6632e-04 -3.7808e-04 -3.8927e-04 -3.9993e-04 -4.1009e-04 -4.1977e-04 -4.2900e-04 -4.3780e-04 -4.4618e-04 -4.5416e-04 -4.6176e-04 -4.6898e-04 -4.7584e-04 -4.8234e-04 -4.8850e-04 -4.9432e-04 -4.9982e-04 -5.0499e-04 -5.0985e-04 -5.1441e-04 -5.1866e-04 -5.2261e-04 -5.2628e-04 -5.2966e-04 -5.3276e-04 -5.3559e-04 -5.3815e-04 -5.4044e-04 -5.4248e-04 -5.4426e-04 -5.4578e-04 -5.4706e-04 -5.4810e-04 -5.4890e-04 -5.4947e-04 -5.4981e-04 -5.4992e-04 -5.4982e-04 -5.4950e-04 -5.4897e-04 -5.4823e-04 -5.4729e-04 -5.4615e-04 -5.4482e-04 -5.4330e-04 -5.4159e-04 -5.3971e-04 -5.3765e-04 -5.3542e-04 -5.3302e-04 -5.3046e-04 -5.2774e-04 -5.2487e-04 -5.2185e-04 -5.1868e-04 -5.1538e-04 -5.1194e-04 -5.0837e-04 -5.0468e-04 -5.0086e-04 -4.9693e-04 -4.9288e-04 -4.8872e-04 -4.8447e-04 -4.8011e-04 -4.7566e-04 -4.7111e-04 -4.6648e-04 -4.6177e-04 -4.5698e-04 -4.5212e-04 -4.4719e-04 -4.4219e-04 -4.3713e-04 -4.3201e-04 -4.2685e-04 -4.2163e-04 -4.1637e-04 -4.1106e-04 -4.0572e-04 -4.0034e-04 -3.9494e-04 -3.8951e-04 -3.8405e-04 -3.7858e-04 -3.7309e-04 -3.6759e-04
-1.1151e-04 -1.5766e-04 -1.9299e-04 -2.2269e-04 2.5994e-03 -2.7220e-04 -2.9363e-04 -3.1343e-04 -3.3188e-04 -3.4917e-04 -3.6545e-04 -3.8083e-04 -3.9539e-04 -4.0922e-04 -4.2236e-04 -4.3486e-04 -4.4678e-04 -4.5813e-04 -4.6895e-04 -4.7927e-04 -4.8910e-04 -4.9847e-04 -5.0739e-04 -5.1589e-04 -5.2396e-04 -5.3163e-04 -5.3890e-04 -5.4579e-04 -5.5231e-04 -5.5846e-04 -5.6425e-04 -5.6969e-04 -5.7479e-04 -5.7955e-04 -5.8399e-04 -5.8809e-04 -5.9189e-04 -5.9537e-04 -5.9854e-04 -6.0141e-04 -6.0399e-04 -6.0628e-04 -6.0828e-04 -6.1000e-04 -6.1145e-04 -6.1263e-04 -6.1354e-04 -6.1419e-04 -6.1459e-04 -6.1473e-04 -6.1464e-04 -6.1430e-04 -6.1372e-04 -6.1292e-04 -6.1188e-04 -6.1063e-04 -6.0916e-04 -6.0748e-04 -6.0560e-04 -6.0351e-04 -6.0123e-04 -5.9875e-04 -5.9609e-04 -5.9325e-04 -5.9023e-04 -5.8705e-04 -5.8369e-04 -5.8017e-04 -5.7650e-04 -5.7268e-04 -5.6871e-04 -5.6460e-04 -5.6035e-04 -5.5598e-04 -5.5147e-04 -5.4685e-04 -5.4211e-04 -5.3726e-04 -5.3230e-04 -5.2724e-04 -5.2208e-04 -5.1683e-04 -5.1150e-04 -5.0608e-04 -5.0058e-04 -4.9501e-04 -4.8938e-04 -4.8367e-04 -4.7791e-04 -4.7210e-04 -4.6623e-04 -4.6031e-04 -4.5436e-04 -4.4836e-04 -4.4233e-04 -4.3627e-04 -4.3019e-04 -4.2408e-04 -4.1795e-04 -4.1181e-04 -1.1151e-04 -1.5766e-04 -1.9299e-04 -2.2269e-04 0.0000e+00 -2.7220e-04 -2.9362e-04 -3.1343e-04 -3.3188e-04 -3.4917e-04 -3.6544e-04 -3.8081e-04 -3.9538e-04 -4.0920e-04 -4.2233e-04 -4.3484e-04 -4.4674e-04 -4.5809e-04 -4.6891e-04 -4.7922e-04 -4.8905e-04 -4.9841e-04 -5.0733e-04 -5.1581e-04 -5.2388e-04 -5.3154e-04 -5.3880e-04 -5.4569e-04 -5.5219e-04 -5.5833e-04 -5.6411e-04 -5.6955e-04 -5.7463e-04 -5.7938e-04 -5.8381e-04 -5.8790e-04 -5.9168e-04 -5.9515e-04 -5.9831e-04 -6.0117e-04 -6.0374e-04 -6.0601e-04 -6.0800e-04 -6.0971e-04 -6.1114e-04 -6.1230e-04 -6.1320e-04 -6.1384e-04 -6.1422e-04 -6.1435e-04 -6.1424e-04 -6.1388e-04 -6.1329e-04 -6.1247e-04 -6.1142e-04 -6.1015e-04 -6.0867e-04 -6.0697e-04 -6.0507e-04 -6.0297e-04 -6.0067e-04 -5.9818e-04 -5.9550e-04 -5.9264e-04 -5.8961e-04 -5.8641e-04 -5.8304e-04 -5.7950e-04 -5.7582e-04 -5.7198e-04 -5.6799e-04 -5.6387e-04 -5.5961e-04 -5.5522e-04 -5.5070e-04 -5.4606e-04 -5.4131e-04 -5.3644e-04 -5.3147e-04 -5.2640e-04 -5.2123e-04 -5.1597e-04 -5.1062e-04 -5.0519e-04 -4.9968e-04 -4.9410e-04 -4.8845e-04 -4.8274e-04 -4.7697e-04 -4.7114e-04 -4.6526e-04 -4.5934e-04 -4.5338e-04 -4.4737e-04 -4.4134e-04 -4.3527e-04 -4.2918e-04 -4.2307e-04 -4.1693e-04 -4.1079e-04
-1.2202e-04 -1.7251e-04 -2.1118e-04 -2.4368e-04 -2.7220e-04 3.7432e-03 -3.2130e-04 -3.4298e-04 -3.6317e-04 -3.8209e-04 -3.9990e-04 -4.1673e-04 -4.3267e-04 -4.4780e-04 -4.6218e-04 -4.7587e-04 -4.8890e-04 -5.0133e-04 -5.1318e-04 -5.2447e-04 -5.3523e-04 -5.4549e-04 -5.5526e-04 -5.6456e-04 -5.7340e-04 -5.8179e-04 -5.8976e-04 -5.9731e-04 -6.0444e-04 -6.1118e-04 -6.1752e-04 -6.2348e-04 -6.2907e-04 -6.3429e-04 -6.3915e-04 -6.4365e-04 -6.4781e-04 -6.5163e-04 -6.5511e-04 -6.5826e-04 -6.6109e-04 -6.6361e-04 -6.6581e-04 -6.6770e-04 -6.6930e-04 -6.7060e-04 -6.7160e-04 -6.7233e-04 -6.7277e-04 -6.7295e-04 -6.7285e-04 -6.7249e-04 -6.7187e-04 -6.7100e-04 -6.6988e-04 -6.6852e-04 -6.6693e-04 -6.6510e-04 -6.6305e-04 -6.6078e-04 -6.5829e-04 -6.5560e-04 -6.5270e-04 -6.4960e-04 -6.4631e-04 -6.4283e-04 -6.3917e-04 -6.3533e-04 -6.3133e-04 -6.2716e-04 -6.2282e-04 -6.1834e-04 -6.1370e-04 -6.0892e-04 -6.0400e-04 -5.9895e-04 -5.9378e-04 -5.8848e-04 -5.8306e-04 -5.7753e-04 -5.7190e-04 -5.6617e-04 -5.6034e-04 -5.5442e-04 -5.4841e-04 -5.4232e-04 -5.3616e-04 -5.2993e-04 -5.2363e-04 -5.1728e-04 -5.1086e-04 -5.0440e-04 -4.9788e-04 -4.9133e-04 -4.8474e-04 -4.7811e-04 -4.7146e-04 -4.6478e-04 -4.5808e-04 -4.5137e-04 -1.2202e-04 -1.7251e-04 -2.1118e-04 -2.4368e-04 -2.7220e-04 0.0000e+00 -3.2130e-04 -3.4297e-04 -3.6315e-04 -3.8207e-04 -3.9988e-04 -4.1671e-04 -4.3264e-04 -4.4776e-04 -4.6214e-04 -4.7582e-04 -4.8885e-04 -5.0127e-04 -5.1311e-04 -5.2439e-04 -5.3515e-04 -5.4540e-04 -5.5515e-04 -5.6444e-04 -5.7327e-04 -5.8165e-04 -5.8960e-04 -5.9714e-04 -6.0426e-04 -6.1098e-04 -6.1731e-04 -6.2325e-04 -6.2882e-04 -6.3403e-04 -6.3887e-04 -6.4335e-04 -6.4749e-04 -6.5129e-04 -6.5475e-04 -6.5789e-04 -6.6069e-04 -6.6319e-04 -6.6536e-04 -6.6724e-04 -6.6881e-04 -6.7008e-04 -6.7107e-04 -6.7177e-04 -6.7219e-04 -6.7234e-04 -6.7222e-04 -6.7183e-04 -6.7119e-04 -6.7030e-04 -6.6915e-04 -6.6777e-04 -6.6615e-04 -6.6430e-04 -6.6222e-04 -6.5992e-04 -6.5741e-04 -6.5469e-04 -6.5177e-04 -6.4864e-04 -6.4533e-04 -6.4182e-04 -6.3814e-04 -6.3428e-04 -6.3025e-04 -6.2605e-04 -6.2170e-04 -6.1718e-04 -6.1253e-04 -6.0772e-04 -6.0278e-04 -5.9771e-04 -5.9251e-04 -5.8719e-04 -5.8176e-04 -5.7621e-04 -5.7055e-04 -5.6480e-04 -5.5895e-04 -5.5301e-04 -5.4699e-04 -5.4089e-04 -5.3471e-04 -5.2846e-04 -5.2215e-04 -5.1577e-04 -5.0934e-04 -5.0286e-04 -4.9634e-04 -4.8977e-04 -4.8317e-04 -4.7653e-04 -4.6987e-04 -4.6318e-04 -4.5647e-04 -4.4975e-04
-1.3163e-04 -1.8609e-04 -2.2781e-04 -2.6286e-04 -2.9363e-04 -3.2130e-04 5.0948e-03 -3.6998e-04 -3.9176e-04 -4.1217e-04 -4.3139e-04 -4.4955e-04 -4.6674e-04 -4.8306e-04 -4.9858e-04 -5.1335e-04 -5.2742e-04 -5.4083e-04 -5.5361e-04 -5.6580e-04 -5.7742e-04 -5.8849e-04 -5.9903e-04 -6.0907e-04 -6.1861e-04 -6.2768e-04 -6.3628e-04 -6.4442e-04 -6.5213e-04 -6.5941e-04 -6.6626e-04 -6.7270e-04 -6.7874e-04 -6.8438e-04 -6.8963e-04 -6.9450e-04 -6.9899e-04 -7.0312e-04 -7.0689e-04 -7.1030e-04 -7.1337e-04 -7.1609e-04 -7.1848e-04 -7.2054e-04 -7.2227e-04 -7.2368e-04 -7.2478e-04 -7.2558e-04 -7.2607e-04 -7.2627e-04 -7.2618e-04 -7.2581e-04 -7.2516e-04 -7.2423e-04 -7.2304e-04 -7.2159e-04 -7.1988e-04 -7.1793e-04 -7.1573e-04 -7.1329e-04 -7.1063e-04 -7.0773e-04 -7.0462e-04 -7.0129e-04 -6.9776e-04 -6.9402e-04 -6.9009e-04 -6.8597e-04 -6.8166e-04 -6.7717e-04 -6.7251e-04 -6.6769e-04 -6.6270e-04 -6.5756e-04 -6.5227e-04 -6.4683e-04 -6.4126e-04 -6.3555e-04 -6.2972e-04 -6.2377e-04 -6.1771e-04 -6.1153e-04 -6.0526e-04 -5.9888e-04 -5.9241e-04 -5.8586e-04 -5.7922e-04 -5.7251e-04 -5.6572e-04 -5.5887e-04 -5.5196e-04 -5.4500e-04 -5.3798e-04 -5.3092e-04 -5.2381e-04 -5.1667e-04 -5.0950e-04 -5.0230e-04 -4.9508e-04 -4.8784e-04 -1.3163e-04 -1.8609e-04 -2.2780e-04 -2.6286e-04 -2.9362e-04 -3.2130e-04 0.0000e+00 -3.6997e-04 -3.9174e-04 -4.1215e-04 -4.3137e-04 -4.4951e-04 -4.6670e-04 -4.8302e-04 -4.9853e-04 -5.1329e-04 -5.2735e-04 -5.4074e-04 -5.5351e-04 -5.6569e-04 -5.7729e-04 -5.8835e-04 -5.9888e-04 -6.0890e-04 -6.1842e-04 -6.2747e-04 -6.3605e-04 -6.4418e-04 -6.5186e-04 -6.5911e-04 -6.6595e-04 -6.7236e-04 -6.7837e-04 -6.8399e-04 -6.8921e-04 -6.9406e-04 -6.9853e-04 -7.0263e-04 -7.0636e-04 -7.0975e-04 -7.1278e-04 -7.1547e-04 -7.1783e-04 -7.1985e-04 -7.2155e-04 -7.2293e-04 -7.2400e-04 -7.2476e-04 -7.2522e-04 -7.2538e-04 -7.2526e-04 -7.2485e-04 -7.2416e-04 -7.2320e-04 -7.2197e-04 -7.2048e-04 -7.1874e-04 -7.1675e-04 -7.1451e-04 -7.1204e-04 -7.0933e-04 -7.0640e-04 -7.0325e-04 -6.9989e-04 -6.9632e-04 -6.9254e-04 -6.8857e-04 -6.8442e-04 -6.8007e-04 -6.7555e-04 -6.7085e-04 -6.6599e-04 -6.6097e-04 -6.5580e-04 -6.5047e-04 -6.4501e-04 -6.3940e-04 -6.3367e-04 -6.2781e-04 -6.2183e-04 -6.1573e-04 -6.0953e-04 -6.0322e-04 -5.9682e-04 -5.9033e-04 -5.8374e-04 -5.7708e-04 -5.7035e-04 -5.6354e-04 -5.5667e-04 -5.4973e-04 -5.4275e-04 -5.3571e-04 -5.2863e-04 -5.2151e-04 -5.1435e-04 -5.0717e-04 -4.9995e-04 -4.9272e-04 -4.8547e-04
-1.4051e-04 -1.9865e-04 -2.4317e-04 -2.8059e-04 -3.1343e-04 -3.4298e-04 -3.6998e-04 6.6544e-03 -4.1819e-04 -4.3998e-04 -4.6050e-04 -4.7988e-04 -4.9824e-04 -5.1567e-04 -5.3223e-04 -5.4800e-04 -5.6303e-04 -5.7735e-04 -5.9100e-04 -6.0401e-04 -6.1642e-04 -6.2824e-04 -6.3951e-04 -6.5023e-04 -6.6042e-04 -6.7011e-04 -6.7930e-04 -6.8801e-04 -6.9624e-04 -7.0402e-04 -7.1135e-04 -7.1823e-04 -7.2469e-04 -7.3072e-04 -7.3634e-04 -7.4155e-04 -7.4637e-04 -7.5079e-04 -7.5482e-04 -7.5848e-04 -7.6177e-04 -7.6469e-04 -7.6725e-04 -7.6947e-04 -7.7133e-04 -7.7286e-04 -7.7405e-04 -7.7492e-04 -7.7546e-04 -7.7569e-04 -7.7561e-04 -7.7523e-04 -7.7455e-04 -7.7358e-04 -7.7233e-04 -7.7080e-04 -7.6900e-04 -7.6693e-04 -7.6460e-04 -7.6202e-04 -7.5919e-04 -7.5612e-04 -7.5281e-04 -7.4928e-04 -7.4552e-04 -7.4155e-04 -7.3737e-04 -7.3299e-04 -7.2841e-04 -7.2364e-04 -7.1868e-04 -7.1355e-04 -7.0824e-04 -7.0277e-04 -6.9713e-04 -6.9135e-04 -6.8542e-04 -6.7934e-04 -6.7314e-04 -6.6680e-04 -6.6034e-04 -6.5376e-04 -6.4708e-04 -6.4028e-04 -6.3339e-04 -6.2641e-04 -6.1934e-04 -6.1218e-04 -6.0495e-04 -5.9765e-04 -5.9028e-04 -5.8286e-04 -5.7538e-04 -5.6785e-04 -5.6027e-04 -5.5266e-04 -5.4501e-04 -5.3733e-04 -5.2963e-04 -5.2191e-04 -1.4051e-04 -1.9864e-04 -2.4317e-04 -2.8059e-04 -3.1343e-04 -3.4297e-04 -3.6997e-04 0.0000e+00 -4.1817e-04 -4.3995e-04 -4.6046e-04 -4.7984e-04 -4.9819e-04 -5.1560e-04 -5.3216e-04 -5.4791e-04 -5.6292e-04 -5.7723e-04 -5.9086e-04 -6.0386e-04 -6.1625e-04 -6.2805e-04 -6.3929e-04 -6.4999e-04 -6.6016e-04 -6.6982e-04 -6.7898e-04 -6.8766e-04 -6.9587e-04 -7.0361e-04 -7.1091e-04 -7.1776e-04 -7.2418e-04 -7.3018e-04 -7.3576e-04 -7.4094e-04 -7.4571e-04 -7.5009e-04 -7.5409e-04 -7.5771e-04 -7.6095e-04 -7.6383e-04 -7.6635e-04 -7.6851e-04 -7.7033e-04 -7.7181e-04 -7.7296e-04 -7.7378e-04 -7.7427e-04 -7.7445e-04 -7.7432e-04 -7.7389e-04 -7.7316e-04 -7.7214e-04 -7.7084e-04 -7.6926e-04 -7.6740e-04 -7.6528e-04 -7.6290e-04 -7.6027e-04 -7.5738e-04 -7.5426e-04 -7.5091e-04 -7.4732e-04 -7.4352e-04 -7.3949e-04 -7.3526e-04 -7.3083e-04 -7.2620e-04 -7.2137e-04 -7.1637e-04 -7.1119e-04 -7.0583e-04 -7.0031e-04 -6.9464e-04 -6.8880e-04 -6.8283e-04 -6.7671e-04 -6.7046e-04 -6.6408e-04 -6.5758e-04 -6.5096e-04 -6.4424e-04 -6.3741e-04 -6.3048e-04 -6.2346e-04 -6.1635e-04 -6.0917e-04 -6.0190e-04 -5.9457e-04 -5.8717e-04 -5.7972e-04 -5.7221e-04 -5.6466e-04 -5.5706e-04 -5.4942e-04 -5.4175e-04 -5.3406e-04 -5.2634e-04 -5.1860e-04
-1.4878e-04 -2.1034e-04 -2.5748e-04 -2.9711e-04 -3.3188e-04 -3.6317e-04 -3.9176e-04 -4.1819e-04 8.4219e-03 -4.6589e-04 -4.8762e-04 -5.0814e-04 -5.2759e-04 -5.4605e-04 -5.6359e-04 -5.8030e-04 -5.9621e-04 -6.1138e-04 -6.2584e-04 -6.3963e-04 -6.5277e-04 -6.6530e-04 -6.7724e-04 -6.8860e-04 -6.9941e-04 -7.0967e-04 -7.1942e-04 -7.2865e-04 -7.3738e-04 -7.4563e-04 -7.5340e-04 -7.6071e-04 -7.6756e-04 -7.7396e-04 -7.7992e-04 -7.8546e-04 -7.9057e-04 -7.9527e-04 -7.9956e-04 -8.0345e-04 -8.0695e-04 -8.1006e-04 -8.1280e-04 -8.1516e-04 -8.1715e-04 -8.1879e-04 -8.2007e-04 -8.2101e-04 -8.2161e-04 -8.2187e-04 -8.2181e-04 -8.2142e-04 -8.2073e-04 -8.1972e-04 -8.1842e-04 -8.1682e-04 -8.1493e-04 -8.1276e-04 -8.1032e-04 -8.0761e-04 -8.0463e-04 -8.0140e-04 -7.9793e-04 -7.9421e-04 -7.9025e-04 -7.8607e-04 -7.8167e-04 -7.7704e-04 -7.7221e-04 -7.6718e-04 -7.6196e-04 -7.5654e-04 -7.5094e-04 -7.4517e-04 -7.3922e-04 -7.3312e-04 -7.2685e-04 -7.2044e-04 -7.1389e-04 -7.0719e-04 -7.0037e-04 -6.9343e-04 -6.8636e-04 -6.7919e-04 -6.7190e-04 -6.6452e-04 -6.5705e-04 -6.4949e-04 -6.4185e-04 -6.3413e-04 -6.2634e-04 -6.1849e-04 -6.1058e-04 -6.0262e-04 -5.9461e-04 -5.8656e-04 -5.7847e-04 -5.7035e-04 -5.6220e-04 -5.5403e-04 -1.4878e-04 -2.1034e-04 -2.5748e-04 -2.9711e-04 -3.3188e-04 -3.6315e-04 -3.9174e-04 -4.1817e-04 0.0000e+00 -4.6585e-04 -4.8757e-04 -5.0808e-04 -5.2752e-04 -5.4596e-04 -5.6349e-04 -5.8018e-04 -5.9607e-04 -6.1122e-04 -6.2566e-04 -6.3942e-04 -6.5254e-04 -6.6504e-04 -6.7695e-04 -6.8828e-04 -6.9905e-04 -7.0928e-04 -7.1899e-04 -7.2818e-04 -7.3688e-04 -7.4509e-04 -7.5281e-04 -7.6008e-04 -7.6688e-04 -7.7324e-04 -7.7915e-04 -7.8464e-04 -7.8970e-04 -7.9434e-04 -7.9858e-04 -8.0241e-04 -8.0585e-04 -8.0891e-04 -8.1158e-04 -8.1388e-04 -8.1581e-04 -8.1739e-04 -8.1861e-04 -8.1948e-04 -8.2001e-04 -8.2021e-04 -8.2008e-04 -8.1963e-04 -8.1886e-04 -8.1779e-04 -8.1642e-04 -8.1475e-04 -8.1279e-04 -8.1055e-04 -8.0804e-04 -8.0526e-04 -8.0222e-04 -7.9892e-04 -7.9537e-04 -7.9158e-04 -7.8756e-04 -7.8331e-04 -7.7883e-04 -7.7415e-04 -7.6925e-04 -7.6415e-04 -7.5886e-04 -7.5338e-04 -7.4772e-04 -7.4188e-04 -7.3587e-04 -7.2970e-04 -7.2338e-04 -7.1691e-04 -7.1030e-04 -7.0355e-04 -6.9667e-04 -6.8967e-04 -6.8256e-04 -6.7533e-04 -6.6800e-04 -6.6057e-04 -6.5305e-04 -6.4544e-04 -6.3776e-04 -6.3000e-04 -6.2217e-04 -6.1428e-04 -6.0634e-04 -5.9834e-04 -5.9030e-04 -5.8221e-04 -5.7410e-04 -5.6595e-04 -5.5778e-04 -5.4959e-04
-1.5653e-04 -2.2129e-04 -2.7090e-04 -3.1259e-04 -3.4917e-04 -3.8209e-04 -4.1217e-04 -4.3998e-04 -4.6589e-04 1.0397e-02 -5.1304e-04 -5.3464e-04 -5.5510e-04 -5.7452e-04 -5.9299e-04 -6.1057e-04 -6.2732e-04 -6.4328e-04 -6.5851e-04 -6.7302e-04 -6.8687e-04 -7.0006e-04 -7.1263e-04 -7.2459e-04 -7.3597e-04 -7.4679e-04 -7.5705e-04 -7.6677e-04 -7.7598e-04 -7.8467e-04 -7.9286e-04 -8.0057e-04 -8.0779e-04 -8.1454e-04 -8.2084e-04 -8.2668e-04 -8.3208e-04 -8.3704e-04 -8.4158e-04 -8.4569e-04 -8.4939e-04 -8.5269e-04 -8.5559e-04 -8.5809e-04 -8.6021e-04 -8.6196e-04 -8.6333e-04 -8.6434e-04 -8.6499e-04 -8.6530e-04 -8.6526e-04 -8.6488e-04 -8.6417e-04 -8.6314e-04 -8.6179e-04 -8.6013e-04 -8.5817e-04 -8.5592e-04 -8.5337e-04 -8.5055e-04 -8.4744e-04 -8.4407e-04 -8.4044e-04 -8.3655e-04 -8.3242e-04 -8.2804e-04 -8.2343e-04 -8.1860e-04 -8.1354e-04 -8.0827e-04 -8.0279e-04 -7.9712e-04 -7.9125e-04 -7.8520e-04 -7.7897e-04 -7.7257e-04 -7.6600e-04 -7.5928e-04 -7.5240e-04 -7.4538e-04 -7.3823e-04 -7.3094e-04 -7.2353e-04 -7.1599e-04 -7.0835e-04 -7.0061e-04 -6.9276e-04 -6.8482e-04 -6.7680e-04 -6.6869e-04 -6.6051e-04 -6.5227e-04 -6.4396e-04 -6.3560e-04 -6.2718e-04 -6.1872e-04 -6.1022e-04 -6.0169e-04 -5.9313e-04 -5.8454e-04 -1.5653e-04 -2.2129e-04 -2.7089e-04 -3.1258e-04 -3.4917e-04 -3.8207e-04 -4.1215e-04 -4.3995e-04 -4.6585e-04 0.0000e+00 -5.1297e-04 -5.3456e-04 -5.5500e-04 -5.7441e-04 -5.9286e-04 -6.1041e-04 -6.2714e-04 -6.4308e-04 -6.5827e-04 -6.7276e-04 -6.8656e-04 -6.9972e-04 -7.1225e-04 -7.2417e-04 -7.3551e-04 -7.4628e-04 -7.5650e-04 -7.6617e-04 -7.7533e-04 -7.8396e-04 -7.9210e-04 -7.9975e-04 -8.0691e-04 -8.1360e-04 -8.1983e-04 -8.2561e-04 -8.3094e-04 -8.3583e-04 -8.4030e-04 -8.4434e-04 -8.4797e-04 -8.5119e-04 -8.5401e-04 -8.5643e-04 -8.5848e-04 -8.6014e-04 -8.6143e-04 -8.6236e-04 -8.6292e-04 -8.6314e-04 -8.6301e-04 -8.6255e-04 -8.6175e-04 -8.6063e-04 -8.5919e-04 -8.5745e-04 -8.5540e-04 -8.5305e-04 -8.5041e-04 -8.4750e-04 -8.4430e-04 -8.4084e-04 -8.3712e-04 -8.3314e-04 -8.2892e-04 -8.2445e-04 -8.1976e-04 -8.1483e-04 -8.0969e-04 -8.0433e-04 -7.9877e-04 -7.9301e-04 -7.8706e-04 -7.8093e-04 -7.7462e-04 -7.6814e-04 -7.6149e-04 -7.5469e-04 -7.4774e-04 -7.4065e-04 -7.3342e-04 -7.2606e-04 -7.1858e-04 -7.1098e-04 -7.0328e-04 -6.9547e-04 -6.8756e-04 -6.7957e-04 -6.7148e-04 -6.6333e-04 -6.5510e-04 -6.4680e-04 -6.3845e-04 -6.3004e-04 -6.2158e-04 -6.1308e-04 -6.0454e-04 -5.9597e-04 -5.8738e-04 -5.7876e-04
-1.6382e-04 -2.3161e-04 -2.8352e-04 -3.2716e-04 -3.6545e-04 -3.9990e-04 -4.3139e-04 -4.6050e-04 -4.8762e-04 -5.1304e-04 1.2580e-02 -5.5958e-04 -5.8100e-04 -6.0134e-04 -6.2067e-04 -6.3908e-04 -6.5662e-04 -6.7334e-04 -6.8928e-04 -7.0448e-04 -7.1898e-04 -7.3280e-04 -7.4596e-04 -7.5850e-04 -7.7043e-04 -7.8176e-04 -7.9252e-04 -8.0271e-04 -8.1236e-04 -8.2148e-04 -8.3007e-04 -8.3815e-04 -8.4573e-04 -8.5282e-04 -8.5943e-04 -8.6556e-04 -8.7124e-04 -8.7645e-04 -8.8122e-04 -8.8555e-04 -8.8945e-04 -8.9293e-04 -8.9598e-04 -8.9863e-04 -9.0088e-04 -9.0273e-04 -9.0420e-04 -9.0528e-04 -9.0599e-04 -9.0634e-04 -9.0632e-04 -9.0596e-04 -9.0525e-04 -9.0420e-04 -9.0282e-04 -9.0111e-04 -8.9909e-04 -8.9676e-04 -8.9412e-04 -8.9120e-04 -8.8798e-04 -8.8448e-04 -8.8071e-04 -8.7667e-04 -8.7237e-04 -8.6782e-04 -8.6303e-04 -8.5799e-04 -8.5273e-04 -8.4724e-04 -8.4154e-04 -8.3563e-04 -8.2952e-04 -8.2321e-04 -8.1672e-04 -8.1004e-04 -8.0320e-04 -7.9618e-04 -7.8901e-04 -7.8169e-04 -7.7422e-04 -7.6662e-04 -7.5888e-04 -7.5102e-04 -7.4304e-04 -7.3496e-04 -7.2677e-04 -7.1848e-04 -7.1010e-04 -7.0163e-04 -6.9309e-04 -6.8448e-04 -6.7580e-04 -6.6706e-04 -6.5826e-04 -6.4942e-04 -6.4054e-04 -6.3162e-04 -6.2267e-04 -6.1370e-04 -1.6382e-04 -2.3161e-04 -2.8352e-04 -3.2715e-04 -3.6544e-04 -3.9988e-04 -4.3137e-04 -4.6046e-04 -4.8757e-04 -5.1297e-04 0.0000e+00 -5.5948e-04 -5.8088e-04 -6.0119e-04 -6.2050e-04 -6.3888e-04 -6.5639e-04 -6.7307e-04 -6.8898e-04 -7.0414e-04 -7.1860e-04 -7.3237e-04 -7.4549e-04 -7.5797e-04 -7.6984e-04 -7.8112e-04 -7.9182e-04 -8.0195e-04 -8.1153e-04 -8.2058e-04 -8.2910e-04 -8.3711e-04 -8.4462e-04 -8.5163e-04 -8.5816e-04 -8.6421e-04 -8.6980e-04 -8.7492e-04 -8.7960e-04 -8.8384e-04 -8.8765e-04 -8.9102e-04 -8.9399e-04 -8.9653e-04 -8.9868e-04 -9.0043e-04 -9.0179e-04 -9.0277e-04 -9.0337e-04 -9.0361e-04 -9.0348e-04 -9.0300e-04 -9.0218e-04 -9.0102e-04 -8.9952e-04 -8.9771e-04 -8.9557e-04 -8.9313e-04 -8.9038e-04 -8.8733e-04 -8.8400e-04 -8.8039e-04 -8.7650e-04 -8.7235e-04 -8.6794e-04 -8.6327e-04 -8.5837e-04 -8.5322e-04 -8.4785e-04 -8.4225e-04 -8.3644e-04 -8.3043e-04 -8.2421e-04 -8.1780e-04 -8.1120e-04 -8.0443e-04 -7.9748e-04 -7.9037e-04 -7.8311e-04 -7.7569e-04 -7.6813e-04 -7.6044e-04 -7.5262e-04 -7.4467e-04 -7.3661e-04 -7.2845e-04 -7.2018e-04 -7.1182e-04 -7.0337e-04 -6.9483e-04 -6.8623e-04 -6.7755e-04 -6.6881e-04 -6.6001e-04 -6.5117e-04 -6.4227e-04 -6.3334e-04 -6.2438e-04 -6.1539e-04 -6.0638e-04
-1.7071e-04 -2.4135e-04 -2.9545e-04 -3.4092e-04 -3.8083e-04 -4.1673e-04 -4.4955e-04 -4.7988e-04 -5.0814e-04 -5.3464e-04 -5.5958e-04 1.4972e-02 -6.0548e-04 -6.2668e-04 -6.4683e-04 -6.6602e-04 -6.8431e-04 -7.0174e-04 -7.1836e-04 -7.3422e-04 -7.4934e-04 -7.6375e-04 -7.7749e-04 -7.9056e-04 -8.0301e-04 -8.1483e-04 -8.2606e-04 -8.3670e-04 -8.4678e-04 -8.5630e-04 -8.6527e-04 -8.7372e-04 -8.8164e-04 -8.8905e-04 -8.9596e-04 -9.0238e-04 -9.0831e-04 -9.1378e-04 -9.1877e-04 -9.2331e-04 -9.2740e-04 -9.3105e-04 -9.3427e-04 -9.3706e-04 -9.3943e-04 -9.4139e-04 -9.4295e-04 -9.4411e-04 -9.4489e-04 -9.4528e-04 -9.4530e-04 -9.4495e-04 -9.4424e-04 -9.4318e-04 -9.4177e-04 -9.4003e-04 -9.3796e-04 -9.3556e-04 -9.3285e-04 -9.2983e-04 -9.2652e-04 -9.2290e-04 -9.1901e-04 -9.1483e-04 -9.1039e-04 -9.0568e-04 -9.0072e-04 -8.9550e-04 -8.9005e-04 -8.8437e-04 -8.7846e-04 -8.7233e-04 -8.6599e-04 -8.5945e-04 -8.5271e-04 -8.4579e-04 -8.3868e-04 -8.3141e-04 -8.2396e-04 -8.1636e-04 -8.0860e-04 -8.0071e-04 -7.9267e-04 -7.8451e-04 -7.7622e-04 -7.6781e-04 -7.5930e-04 -7.5068e-04 -7.4197e-04 -7.3317e-04 -7.2429e-04 -7.1533e-04 -7.0631e-04 -6.9722e-04 -6.8807e-04 -6.7887e-04 -6.6963e-04 -6.6035e-04 -6.5104e-04 -6.4170e-04 -1.7071e-04 -2.4135e-04 -2.9545e-04 -3.4092e-04 -3.8081e-04 -4.1671e-04 -4.4951e-04 -4.7984e-04 -5.0808e-04 -5.3456e-04 -5.5948e-04 0.0000e+00 -6.0533e-04 -6.2650e-04 -6.4662e-04 -6.6578e-04 -6.8402e-04 -7.0141e-04 -7.1799e-04 -7.3380e-04 -7.4886e-04 -7.6322e-04 -7.7689e-04 -7.8991e-04 -8.0229e-04 -8.1404e-04 -8.2519e-04 -8.3576e-04 -8.4575e-04 -8.5519e-04 -8.6408e-04 -8.7243e-04 -8.8026e-04 -8.8757e-04 -8.9438e-04 -9.0070e-04 -9.0653e-04 -9.1188e-04 -9.1677e-04 -9.2119e-04 -9.2517e-04 -9.2870e-04 -9.3179e-04 -9.3446e-04 -9.3670e-04 -9.3854e-04 -9.3996e-04 -9.4099e-04 -9.4163e-04 -9.4189e-04 -9.4177e-04 -9.4128e-04 -9.4044e-04 -9.3924e-04 -9.3769e-04 -9.3581e-04 -9.3359e-04 -9.3106e-04 -9.2820e-04 -9.2504e-04 -9.2158e-04 -9.1783e-04 -9.1379e-04 -9.0947e-04 -9.0489e-04 -9.0004e-04 -8.9494e-04 -8.8959e-04 -8.8400e-04 -8.7818e-04 -8.7213e-04 -8.6587e-04 -8.5941e-04 -8.5274e-04 -8.4587e-04 -8.3882e-04 -8.3159e-04 -8.2420e-04 -8.1663e-04 -8.0892e-04 -8.0105e-04 -7.9304e-04 -7.8490e-04 -7.7663e-04 -7.6824e-04 -7.5974e-04 -7.5113e-04 -7.4242e-04 -7.3362e-04 -7.2474e-04 -7.1577e-04 -7.0674e-04 -6.9764e-04 -6.8847e-04 -6.7926e-04 -6.7000e-04 -6.6070e-04 -6.5136e-04 -6.4200e-04 -6.3261e-04
-1.7724e-04 -2.5058e-04 -3.0675e-04 -3.5396e-04 -3.9539e-04 -4.3267e-04 -4.6674e-04 -4.9824e-04 -5.2759e-04 -5.5510e-04 -5.8100e-04 -6.0548e-04 1.7571e-02 -6.5068e-04 -6.7162e-04 -6.9155e-04 -7.1055e-04 -7.2866e-04 -7.4593e-04 -7.6240e-04 -7.7812e-04 -7.9310e-04 -8.0737e-04 -8.2097e-04 -8.3390e-04 -8.4620e-04 -8.5788e-04 -8.6895e-04 -8.7943e-04 -8.8934e-04 -8.9868e-04 -9.0747e-04 -9.1572e-04 -9.2344e-04 -9.3064e-04 -9.3733e-04 -9.4353e-04 -9.4923e-04 -9.5444e-04 -9.5919e-04 -9.6347e-04 -9.6729e-04 -9.7066e-04 -9.7359e-04 -9.7609e-04 -9.7816e-04 -9.7981e-04 -9.8105e-04 -9.8189e-04 -9.8234e-04 -9.8239e-04 -9.8207e-04 -9.8137e-04 -9.8031e-04 -9.7889e-04 -9.7711e-04 -9.7500e-04 -9.7255e-04 -9.6978e-04 -9.6668e-04 -9.6328e-04 -9.5956e-04 -9.5556e-04 -9.5126e-04 -9.4668e-04 -9.4183e-04 -9.3672e-04 -9.3135e-04 -9.2572e-04 -9.1986e-04 -9.1376e-04 -9.0743e-04 -9.0089e-04 -8.9413e-04 -8.8717e-04 -8.8002e-04 -8.7267e-04 -8.6515e-04 -8.5745e-04 -8.4959e-04 -8.4157e-04 -8.3340e-04 -8.2509e-04 -8.1664e-04 -8.0806e-04 -7.9936e-04 -7.9055e-04 -7.8163e-04 -7.7261e-04 -7.6349e-04 -7.5429e-04 -7.4502e-04 -7.3566e-04 -7.2625e-04 -7.1677e-04 -7.0724e-04 -6.9766e-04 -6.8804e-04 -6.7838e-04 -6.6870e-04 -1.7724e-04 -2.5058e-04 -3.0674e-04 -3.5395e-04 -3.9538e-04 -4.3264e-04 -4.6670e-04 -4.9819e-04 -5.2752e-04 -5.5500e-04 -5.8088e-04 -6.0533e-04 0.0000e+00 -6.5047e-04 -6.7136e-04 -6.9125e-04 -7.1020e-04 -7.2826e-04 -7.4548e-04 -7.6189e-04 -7.7754e-04 -7.9245e-04 -8.0665e-04 -8.2017e-04 -8.3303e-04 -8.4524e-04 -8.5682e-04 -8.6780e-04 -8.7818e-04 -8.8799e-04 -8.9722e-04 -9.0590e-04 -9.1404e-04 -9.2164e-04 -9.2872e-04 -9.3529e-04 -9.4135e-04 -9.4692e-04 -9.5200e-04 -9.5660e-04 -9.6074e-04 -9.6442e-04 -9.6764e-04 -9.7042e-04 -9.7276e-04 -9.7468e-04 -9.7617e-04 -9.7725e-04 -9.7793e-04 -9.7821e-04 -9.7810e-04 -9.7760e-04 -9.7674e-04 -9.7550e-04 -9.7391e-04 -9.7197e-04 -9.6968e-04 -9.6706e-04 -9.6411e-04 -9.6084e-04 -9.5726e-04 -9.5338e-04 -9.4920e-04 -9.4473e-04 -9.3998e-04 -9.3496e-04 -9.2967e-04 -9.2413e-04 -9.1834e-04 -9.1231e-04 -9.0605e-04 -8.9956e-04 -8.9286e-04 -8.8594e-04 -8.7883e-04 -8.7152e-04 -8.6403e-04 -8.5636e-04 -8.4852e-04 -8.4051e-04 -8.3236e-04 -8.2405e-04 -8.1561e-04 -8.0703e-04 -7.9833e-04 -7.8951e-04 -7.8058e-04 -7.7155e-04 -7.6242e-04 -7.5321e-04 -7.4391e-04 -7.3453e-04 -7.2509e-04 -7.1559e-04 -7.0603e-04 -6.9642e-04 -6.8677e-04 -6.7708e-04 -6.6736e-04 -6.5762e-04
-1.8343e-04 -2.5934e-04 -3.1747e-04 -3.6633e-04 -4.0922e-04 -4.4780e-04 -4.8306e-04 -5.1567e-04 -5.4605e-04 -5.7452e-04 -6.0134e-04 -6.2668e-04 -6.5068e-04 2.0377e-02 -6.9516e-04 -7.1580e-04 -7.3547e-04 -7.5422e-04 -7.7211e-04 -7.8918e-04 -8.0546e-04 -8.2098e-04 -8.3577e-04 -8.4986e-04 -8.6327e-04 -8.7602e-04 -8.8812e-04 -8.9961e-04 -9.1048e-04 -9.2076e-04 -9.3045e-04 -9.3957e-04 -9.4814e-04 -9.5616e-04 -9.6365e-04 -9.7060e-04 -9.7704e-04 -9.8298e-04 -9.8841e-04 -9.9336e-04 -9.9782e-04 -1.0018e-03 -1.0053e-03 -1.0084e-03 -1.0110e-03 -1.0132e-03 -1.0150e-03 -1.0163e-03 -1.0172e-03 -1.0177e-03 -1.0178e-03 -1.0175e-03 -1.0168e-03 -1.0158e-03 -1.0143e-03 -1.0125e-03 -1.0104e-03 -1.0079e-03 -1.0051e-03 -1.0019e-03 -9.9844e-04 -9.9464e-04 -9.9054e-04 -9.8613e-04 -9.8144e-04 -9.7646e-04 -9.7121e-04 -9.6569e-04 -9.5991e-04 -9.5388e-04 -9.4761e-04 -9.4110e-04 -9.3437e-04 -9.2742e-04 -9.2025e-04 -9.1288e-04 -9.0532e-04 -8.9757e-04 -8.8964e-04 -8.8154e-04 -8.7327e-04 -8.6485e-04 -8.5628e-04 -8.4757e-04 -8.3872e-04 -8.2975e-04 -8.2066e-04 -8.1145e-04 -8.0214e-04 -7.9274e-04 -7.8324e-04 -7.7366e-04 -7.6401e-04 -7.5428e-04 -7.4449e-04 -7.3465e-04 -7.2475e-04 -7.1482e-04 -7.0484e-04 -6.9483e-04 -1.8343e-04 -2.5934e-04 -3.1746e-04 -3.6632e-04 -4.0920e-04 -4.4776e-04 -4.8302e-04 -5.1560e-04 -5.4596e-04 -5.7441e-04 -6.0119e-04 -6.2650e-04 -6.5047e-04 0.0000e+00 -6.9485e-04 -7.1544e-04 -7.3505e-04 -7.5375e-04 -7.7157e-04 -7.8856e-04 -8.0476e-04 -8.2020e-04 -8.3490e-04 -8.4890e-04 -8.6221e-04 -8.7486e-04 -8.8686e-04 -8.9823e-04 -9.0898e-04 -9.1913e-04 -9.2870e-04 -9.3769e-04 -9.4612e-04 -9.5400e-04 -9.6134e-04 -9.6814e-04 -9.7443e-04 -9.8020e-04 -9.8547e-04 -9.9025e-04 -9.9454e-04 -9.9836e-04 -1.0017e-03 -1.0046e-03 -1.0070e-03 -1.0090e-03 -1.0106e-03 -1.0117e-03 -1.0124e-03 -1.0127e-03 -1.0126e-03 -1.0121e-03 -1.0113e-03 -1.0100e-03 -1.0084e-03 -1.0064e-03 -1.0040e-03 -1.0013e-03 -9.9828e-04 -9.9491e-04 -9.9122e-04 -9.8721e-04 -9.8290e-04 -9.7829e-04 -9.7339e-04 -9.6821e-04 -9.6275e-04 -9.5703e-04 -9.5105e-04 -9.4482e-04 -9.3835e-04 -9.3165e-04 -9.2473e-04 -9.1759e-04 -9.1024e-04 -9.0268e-04 -8.9494e-04 -8.8702e-04 -8.7891e-04 -8.7064e-04 -8.6221e-04 -8.5363e-04 -8.4490e-04 -8.3603e-04 -8.2704e-04 -8.1792e-04 -8.0869e-04 -7.9935e-04 -7.8991e-04 -7.8038e-04 -7.7077e-04 -7.6107e-04 -7.5131e-04 -7.4148e-04 -7.3159e-04 -7.2165e-04 -7.1167e-04 -7.0165e-04 -6.9160e-04 -6.8152e-04
-1.8932e-04 -2.6766e-04 -3.2766e-04 -3.7810e-04 -4.2236e-04 -4.6218e-04 -4.9858e-04 -5.3223e-04 -5.6359e-04 -5.9299e-04 -6.2067e-04 -6.4683e-04 -6.7162e-04 -6.9516e-04 2.3392e-02 -7.3886e-04 -7.5917e-04 -7.7855e-04 -7.9702e-04 -8.1465e-04 -8.3147e-04 -8.4751e-04 -8.6280e-04 -8.7736e-04 -8.9122e-04 -9.0440e-04 -9.1692e-04 -9.2880e-04 -9.4005e-04 -9.5068e-04 -9.6072e-04 -9.7017e-04 -9.7904e-04 -9.8735e-04 -9.9511e-04 -1.0023e-03 -1.0090e-03 -1.0152e-03 -1.0208e-03 -1.0260e-03 -1.0306e-03 -1.0348e-03 -1.0384e-03 -1.0417e-03 -1.0444e-03 -1.0467e-03 -1.0485e-03 -1.0500e-03 -1.0509e-03 -1.0515e-03 -1.0516e-03 -1.0514e-03 -1.0507e-03 -1.0497e-03 -1.0483e-03 -1.0465e-03 -1.0443e-03 -1.0418e-03 -1.0389e-03 -1.0357e-03 -1.0321e-03 -1.0283e-03 -1.0241e-03 -1.0196e-03 -1.0148e-03 -1.0097e-03 -1.0043e-03 -9.9868e-04 -9.9276e-04 -9.8658e-04 -9.8016e-04 -9.7348e-04 -9.6658e-04 -9.5945e-04 -9.5209e-04 -9.4453e-04 -9.3677e-04 -9.2881e-04 -9.2067e-04 -9.1234e-04 -9.0385e-04 -8.9519e-04 -8.8638e-04 -8.7743e-04 -8.6833e-04 -8.5910e-04 -8.4975e-04 -8.4028e-04 -8.3071e-04 -8.2103e-04 -8.1126e-04 -8.0140e-04 -7.9146e-04 -7.8144e-04 -7.7136e-04 -7.6122e-04 -7.5103e-04 -7.4079e-04 -7.3051e-04 -7.2020e-04 -1.8932e-04 -2.6766e-04 -3.2766e-04 -3.7808e-04 -4.2233e-04 -4.6214e-04 -4.9853e-04 -5.3216e-04 -5.6349e-04 -5.9286e-04 -6.2050e-04 -6.4662e-04 -6.7136e-04 -6.9485e-04 0.0000e+00 -7.3843e-04 -7.5868e-04 -7.7798e-04 -7.9638e-04 -8.1392e-04 -8.3065e-04 -8.4659e-04 -8.6177e-04 -8.7623e-04 -8.8997e-04 -9.0303e-04 -9.1542e-04 -9.2717e-04 -9.3827e-04 -9.4876e-04 -9.5865e-04 -9.6794e-04 -9.7665e-04 -9.8479e-04 -9.9237e-04 -9.9941e-04 -1.0059e-03 -1.0119e-03 -1.0173e-03 -1.0223e-03 -1.0267e-03 -1.0307e-03 -1.0341e-03 -1.0371e-03 -1.0397e-03 -1.0417e-03 -1.0434e-03 -1.0445e-03 -1.0453e-03 -1.0456e-03 -1.0455e-03 -1.0450e-03 -1.0441e-03 -1.0429e-03 -1.0412e-03 -1.0391e-03 -1.0367e-03 -1.0340e-03 -1.0308e-03 -1.0274e-03 -1.0236e-03 -1.0195e-03 -1.0150e-03 -1.0103e-03 -1.0052e-03 -9.9992e-04 -9.9430e-04 -9.8841e-04 -9.8226e-04 -9.7584e-04 -9.6918e-04 -9.6228e-04 -9.5515e-04 -9.4779e-04 -9.4022e-04 -9.3244e-04 -9.2446e-04 -9.1630e-04 -9.0795e-04 -8.9942e-04 -8.9073e-04 -8.8189e-04 -8.7289e-04 -8.6375e-04 -8.5448e-04 -8.4508e-04 -8.3556e-04 -8.2593e-04 -8.1620e-04 -8.0638e-04 -7.9646e-04 -7.8647e-04 -7.7640e-04 -7.6626e-04 -7.5606e-04 -7.4581e-04 -7.3551e-04 -7.2518e-04 -7.1481e-04 -7.0441e-04
-1.9493e-04 -2.7559e-04 -3.3736e-04 -3.8929e-04 -4.3486e-04 -4.7587e-04 -5.1335e-04 -5.4800e-04 -5.8030e-04 -6.1057e-04 -6.3908e-04 -6.6602e-04 -6.9155e-04 -7.1580e-04 -7.3886e-04 2.6614e-02 -7.8175e-04 -8.0171e-04 -8.2075e-04 -8.3892e-04 -8.5626e-04 -8.7279e-04 -8.8855e-04 -9.0357e-04 -9.1787e-04 -9.3147e-04 -9.4438e-04 -9.5664e-04 -9.6825e-04 -9.7923e-04 -9.8960e-04 -9.9936e-04 -1.0085e-03 -1.0171e-03 -1.0251e-03 -1.0326e-03 -1.0395e-03 -1.0459e-03 -1.0518e-03 -1.0571e-03 -1.0619e-03 -1.0663e-03 -1.0701e-03 -1.0734e-03 -1.0763e-03 -1.0787e-03 -1.0807e-03 -1.0822e-03 -1.0832e-03 -1.0839e-03 -1.0841e-03 -1.0839e-03 -1.0832e-03 -1.0822e-03 -1.0808e-03 -1.0790e-03 -1.0768e-03 -1.0743e-03 -1.0714e-03 -1.0681e-03 -1.0645e-03 -1.0606e-03 -1.0563e-03 -1.0517e-03 -1.0469e-03 -1.0417e-03 -1.0362e-03 -1.0304e-03 -1.0244e-03 -1.0181e-03 -1.0115e-03 -1.0047e-03 -9.9763e-04 -9.9033e-04 -9.8281e-04 -9.7507e-04 -9.6712e-04 -9.5897e-04 -9.5063e-04 -9.4211e-04 -9.3340e-04 -9.2453e-04 -9.1550e-04 -9.0632e-04 -8.9699e-04 -8.8753e-04 -8.7794e-04 -8.6822e-04 -8.5840e-04 -8.4846e-04 -8.3843e-04 -8.2831e-04 -8.1810e-04 -8.0782e-04 -7.9747e-04 -7.8705e-04 -7.7658e-04 -7.6606e-04 -7.5550e-04 -7.4490e-04 -1.9493e-04 -2.7558e-04 -3.3735e-04 -3.8927e-04 -4.3484e-04 -4.7582e-04 -5.1329e-04 -5.4791e-04 -5.8018e-04 -6.1041e-04 -6.3888e-04 -6.6578e-04 -6.9125e-04 -7.1544e-04 -7.3843e-04 0.0000e+00 -7.8117e-04 -8.0105e-04 -8.2000e-04 -8.3806e-04 -8.5529e-04 -8.7171e-04 -8.8735e-04 -9.0224e-04 -9.1640e-04 -9.2986e-04 -9.4263e-04 -9.5472e-04 -9.6617e-04 -9.7698e-04 -9.8717e-04 -9.9675e-04 -1.0057e-03 -1.0141e-03 -1.0219e-03 -1.0292e-03 -1.0359e-03 -1.0421e-03 -1.0477e-03 -1.0528e-03 -1.0574e-03 -1.0615e-03 -1.0651e-03 -1.0682e-03 -1.0708e-03 -1.0729e-03 -1.0746e-03 -1.0758e-03 -1.0766e-03 -1.0770e-03 -1.0769e-03 -1.0764e-03 -1.0755e-03 -1.0742e-03 -1.0725e-03 -1.0704e-03 -1.0680e-03 -1.0651e-03 -1.0619e-03 -1.0584e-03 -1.0545e-03 -1.0503e-03 -1.0457e-03 -1.0409e-03 -1.0357e-03 -1.0302e-03 -1.0244e-03 -1.0184e-03 -1.0121e-03 -1.0055e-03 -9.9865e-04 -9.9156e-04 -9.8423e-04 -9.7667e-04 -9.6889e-04 -9.6090e-04 -9.5270e-04 -9.4431e-04 -9.3572e-04 -9.2696e-04 -9.1803e-04 -9.0893e-04 -8.9968e-04 -8.9029e-04 -8.8075e-04 -8.7109e-04 -8.6130e-04 -8.5140e-04 -8.4139e-04 -8.3128e-04 -8.2109e-04 -8.1080e-04 -8.0044e-04 -7.9002e-04 -7.7953e-04 -7.6898e-04 -7.5839e-04 -7.4775e-04 -7.3708e-04 -7.2638e-04
