1.9313e-08 -7.0711e-08 -1.2990e-07 -2.0000e-07 -2.7951e-07 -3.6742e-07 -4.6300e-07 -5.6566e-07 -6.7496e-07 -7.9049e-07 -9.1194e-07 -1.0390e-06 -1.1715e-06 -1.3091e-06 -1.4516e-06 -1.5990e-06 -1.7509e-06 -1.9072e-06 -2.0678e-06 -2.2325e-06 -2.4012e-06 -2.5737e-06 -2.7499e-06 -2.9297e-06 -3.1128e-06 -3.2993e-06 -3.4888e-06 -3.6814e-06 -3.8767e-06 -4.0748e-06 -4.2754e-06 -4.4783e-06 -4.6834e-06 -4.8905e-06 -5.0995e-06 -5.3101e-06 -5.5221e-06 -5.7353e-06 -5.9496e-06 -6.1647e-06 -6.3803e-06 -6.5963e-06 -6.8123e-06 -7.0282e-06 -7.2435e-06 -7.4582e-06 -7.6718e-06 -7.8840e-06 -8.0946e-06 -8.3033e-06 -8.5097e-06 -8.7135e-06 -8.9143e-06 -9.1118e-06 -9.3056e-06 -9.4954e-06 -9.6807e-06 -9.8613e-06 -1.0037e-05 -1.0207e-05 -1.0371e-05 -1.0528e-05 -1.0679e-05 -1.0823e-05 -1.0959e-05 -1.1088e-05 -1.1208e-05 -1.1320e-05 -1.1423e-05 -1.1516e-05 -1.1600e-05 -1.1674e-05 -1.1738e-05 -1.1791e-05 -1.1834e-05 -1.1865e-05 -1.1885e-05 -1.1894e-05 -1.1891e-05 -1.1876e-05 -1.1850e-05 -1.1812e-05 -1.1761e-05 -1.1699e-05 -1.1624e-05 -1.1538e-05 -1.1440e-05 -1.1330e-05 -1.1208e-05 -1.1075e-05 -1.0932e-05 -1.0777e-05 -1.0612e-05 -1.0437e-05 -1.0252e-05 -1.0057e-05 -9.8542e-06 -9.6427e-06 -9.4235e-06 -9.1970e-06 0.0000e+00 -7.0711e-08 -1.2990e-07 -2.0000e-07 -2.7951e-07 -3.6742e-07 -4.6300e-07 -5.6566e-07 -6.7496e-07 -7.9049e-07 -9.1194e-07 -1.0390e-06 -1.1715e-06 -1.3091e-06 -1.4516e-06 -1.5990e-06 -1.7509e-06 -1.9072e-06 -2.0678e-06 -2.2325e-06 -2.4012e-06 -2.5737e-06 -2.7499e-06 -2.9297e-06 -3.1128e-06 -3.2993e-06 -3.4888e-06 -3.6814e-06 -3.8767e-06 -4.0748e-06 -4.2754e-06 -4.4783e-06 -4.6834e-06 -4.8905e-06 -5.0995e-06 -5.3101e-06 -5.5221e-06 -5.7353e-06 -5.9496e-06 -6.1647e-06 -6.3803e-06 -6.5963e-06 -6.8123e-06 -7.0282e-06 -7.2435e-06 -7.4582e-06 -7.6718e-06 -7.8840e-06 -8.0946e-06 -8.3033e-06 -8.5097e-06 -8.7135e-06 -8.9143e-06 -9.1118e-06 -9.3056e-06 -9.4954e-06 -9.6807e-06 -9.8613e-06 -1.0037e-05 -1.0207e-05 -1.0371e-05 -1.0528e-05 -1.0679e-05 -1.0823e-05 -1.0959e-05 -1.1088e-05 -1.1208e-05 -1.1320e-05 -1.1423e-05 -1.1516e-05 -1.1600e-05 -1.1674e-05 -1.1738e-05 -1.1791e-05 -1.1834e-05 -1.1865e-05 -1.1885e-05 -1.1894e-05 -1.1891e-05 -1.1876e-05 -1.1850e-05 -1.1812e-05 -1.1761e-05 -1.1699e-05 -1.1624e-05 -1.1538e-05 -1.1440e-05 -1.1330e-05 -1.1208e-05 -1.1075e-05 -1.0932e-05 -1.0777e-05 -1.0612e-05 -1.0437e-05 -1.0252e-05 -1.0057e-05 -9.8542e-06 -9.6427e-06 -9.4235e-06 -9.1970e-06
-7.0711e-08 1.7572e-07 -3.6742e-07 -5.6568e-07 -7.9056e-07 -1.0392e-06 -1.3095e-06 -1.5999e-06 -1.9091e-06 -2.2358e-06 -2.5794e-06 -2.9388e-06 -3.3134e-06 -3.7026e-06 -4.1058e-06 -4.5225e-06 -4.9522e-06 -5.3943e-06 -5.8486e-06 -6.3144e-06 -6.7916e-06 -7.2795e-06 -7.7779e-06 -8.2863e-06 -8.8044e-06 -9.3317e-06 -9.8679e-06 -1.0412e-05 -1.0965e-05 -1.1525e-05 -1.2093e-05 -1.2666e-05 -1.3247e-05 -1.3832e-05 -1.4423e-05 -1.5019e-05 -1.5619e-05 -1.6222e-05 -1.6828e-05 -1.7436e-05 -1.8046e-05 -1.8657e-05 -1.9268e-05 -1.9879e-05 -2.0488e-05 -2.1095e-05 -2.1699e-05 -2.2299e-05 -2.2895e-05 -2.3485e-05 -2.4069e-05 -2.4645e-05 -2.5213e-05 -2.5772e-05 -2.6320e-05 -2.6857e-05 -2.7381e-05 -2.7892e-05 -2.8388e-05 -2.8869e-05 -2.9332e-05 -2.9778e-05 -3.0205e-05 -3.0612e-05 -3.0998e-05 -3.1361e-05 -3.1702e-05 -3.2018e-05 -3.2308e-05 -3.2573e-05 -3.2810e-05 -3.3020e-05 -3.3200e-05 -3.3351e-05 -3.3471e-05 -3.3559e-05 -3.3617e-05 -3.3641e-05 -3.3633e-05 -3.3592e-05 -3.3517e-05 -3.3408e-05 -3.3265e-05 -3.3089e-05 -3.2878e-05 -3.2634e-05 -3.2356e-05 -3.2045e-05 -3.1702e-05 -3.1326e-05 -3.0919e-05 -3.0482e-05 -3.0015e-05 -2.9519e-05 -2.8996e-05 -2.8446e-05 -2.7872e-05 -2.7274e-05 -2.6654e-05 -2.6013e-05 -7.0711e-08 0.0000e+00 -3.6742e-07 -5.6568e-07 -7.9056e-07 -1.0392e-06 -1.3095e-06 -1.5999e-06 -1.9091e-06 -2.2358e-06 -2.5794e-06 -2.9388e-06 -3.3134e-06 -3.7026e-06 -4.1058e-06 -4.5225e-06 -4.9522e-06 -5.3943e-06 -5.8486e-06 -6.3144e-06 -6.7916e-06 -7.2795e-06 -7.7779e-06 -8.2863e-06 -8.8044e-06 -9.3317e-06 -9.8679e-06 -1.0412e-05 -1.0965e-05 -1.1525e-05 -1.2093e-05 -1.2666e-05 -1.3247e-05 -1.3832e-05 -1.4423e-05 -1.5019e-05 -1.5619e-05 -1.6222e-05 -1.6828e-05 -1.7436e-05 -1.8046e-05 -1.8657e-05 -1.9268e-05 -1.9879e-05 -2.0488e-05 -2.1095e-05 -2.1699e-05 -2.2299e-05 -2.2895e-05 -2.3485e-05 -2.4069e-05 -2.4645e-05 -2.5213e-05 -2.5772e-05 -2.6320e-05 -2.6857e-05 -2.7381e-05 -2.7892e-05 -2.8388e-05 -2.8869e-05 -2.9332e-05 -2.9778e-05 -3.0205e-05 -3.0612e-05 -3.0998e-05 -3.1361e-05 -3.1702e-05 -3.2018e-05 -3.2308e-05 -3.2573e-05 -3.2810e-05 -3.3020e-05 -3.3200e-05 -3.3351e-05 -3.3471e-05 -3.3559e-05 -3.3617e-05 -3.3641e-05 -3.3633e-05 -3.3592e-05 -3.3517e-05 -3.3408e-05 -3.3265e-05 -3.3089e-05 -3.2878e-05 -3.2634e-05 -3.2356e-05 -3.2045e-05 -3.1702e-05 -3.1326e-05 -3.0919e-05 -3.0482e-05 -3.0015e-05 -2.9519e-05 -2.8996e-05 -2.8446e-05 -2.7872e-05 -2.7274e-05 -2.6654e-05 -2.6013e-05
-1.2990e-07 -3.6742e-07 8.9062e-07 -1.0392e-06 -1.4524e-06 -1.9092e-06 -2.4058e-06 -2.9393e-06 -3.5072e-06 -4.1075e-06 -4.7386e-06 -5.3989e-06 -6.0871e-06 -6.8022e-06 -7.5429e-06 -8.3084e-06 -9.0977e-06 -9.9100e-06 -1.0744e-05 -1.1600e-05 -1.2477e-05 -1.3373e-05 -1.4289e-05 -1.5223e-05 -1.6175e-05 -1.7143e-05 -1.8128e-05 -1.9129e-05 -2.0144e-05 -2.1173e-05 -2.2215e-05 -2.3270e-05 -2.4336e-05 -2.5412e-05 -2.6498e-05 -2.7592e-05 -2.8694e-05 -2.9802e-05 -3.0915e-05 -3.2033e-05 -3.3153e-05 -3.4275e-05 -3.5398e-05 -3.6519e-05 -3.7638e-05 -3.8754e-05 -3.9864e-05 -4.0967e-05 -4.2061e-05 -4.3145e-05 -4.4218e-05 -4.5276e-05 -4.6320e-05 -4.7346e-05 -4.8353e-05 -4.9339e-05 -5.0303e-05 -5.1241e-05 -5.2152e-05 -5.3035e-05 -5.3887e-05 -5.4706e-05 -5.5490e-05 -5.6238e-05 -5.6947e-05 -5.7614e-05 -5.8240e-05 -5.8820e-05 -5.9354e-05 -5.9840e-05 -6.0276e-05 -6.0661e-05 -6.0992e-05 -6.1269e-05 -6.1489e-05 -6.1653e-05 -6.1758e-05 -6.1803e-05 -6.1788e-05 -6.1712e-05 -6.1574e-05 -6.1375e-05 -6.1113e-05 -6.0788e-05 -6.0401e-05 -5.9952e-05 -5.9442e-05 -5.8871e-05 -5.8240e-05 -5.7550e-05 -5.6802e-05 -5.5999e-05 -5.5141e-05 -5.4230e-05 -5.3269e-05 -5.2259e-05 -5.1204e-05 -5.0105e-05 -4.8966e-05 -4.7789e-05 -1.2990e-07 -3.6742e-07 0.0000e+00 -1.0392e-06 -1.4524e-06 -1.9092e-06 -2.4058e-06 -2.9393e-06 -3.5072e-06 -4.1075e-06 -4.7386e-06 -5.3989e-06 -6.0871e-06 -6.8022e-06 -7.5429e-06 -8.3084e-06 -9.0977e-06 -9.9100e-06 -1.0744e-05 -1.1600e-05 -1.2477e-05 -1.3373e-05 -1.4289e-05 -1.5223e-05 -1.6175e-05 -1.7143e-05 -1.8128e-05 -1.9129e-05 -2.0144e-05 -2.1173e-05 -2.2215e-05 -2.3270e-05 -2.4336e-05 -2.5412e-05 -2.6498e-05 -2.7592e-05 -2.8694e-05 -2.9802e-05 -3.0915e-05 -3.2033e-05 -3.3153e-05 -3.4275e-05 -3.5398e-05 -3.6519e-05 -3.7638e-05 -3.8754e-05 -3.9864e-05 -4.0967e-05 -4.2061e-05 -4.3145e-05 -4.4218e-05 -4.5276e-05 -4.6320e-05 -4.7346e-05 -4.8353e-05 -4.9339e-05 -5.0303e-05 -5.1241e-05 -5.2152e-05 -5.3035e-05 -5.3887e-05 -5.4706e-05 -5.5490e-05 -5.6238e-05 -5.6947e-05 -5.7614e-05 -5.8240e-05 -5.8820e-05 -5.9354e-05 -5.9840e-05 -6.0276e-05 -6.0661e-05 -6.0992e-05 -6.1269e-05 -6.1489e-05 -6.1653e-05 -6.1758e-05 -6.1803e-05 -6.1788e-05 -6.1712e-05 -6.1574e-05 -6.1375e-05 -6.1112e-05 -6.0788e-05 -6.0401e-05 -5.9952e-05 -5.9442e-05 -5.8871e-05 -5.8240e-05 -5.7550e-05 -5.6802e-05 -5.5999e-05 -5.5141e-05 -5.4230e-05 -5.3269e-05 -5.2259e-05 -5.1204e-05 -5.0105e-05 -4.8966e-05 -4.7789e-05
-2.0000e-07 -5.6568e-07 -1.0392e-06 2.8147e-06 -2.2360e-06 -2.9393e-06 -3.7040e-06 -4.5253e-06 -5.3996e-06 -6.3239e-06 -7.2955e-06 -8.3121e-06 -9.3717e-06 -1.0473e-05 -1.1613e-05 -1.2792e-05 -1.4007e-05 -1.5257e-05 -1.6542e-05 -1.7860e-05 -1.9209e-05 -2.0589e-05 -2.1999e-05 -2.3437e-05 -2.4902e-05 -2.6394e-05 -2.7910e-05 -2.9451e-05 -3.1014e-05 -3.2598e-05 -3.4203e-05 -3.5826e-05 -3.7467e-05 -3.9124e-05 -4.0796e-05 -4.2480e-05 -4.4177e-05 -4.5883e-05 -4.7597e-05 -4.9317e-05 -5.1043e-05 -5.2770e-05 -5.4498e-05 -5.6225e-05 -5.7948e-05 -5.9665e-05 -6.1374e-05 -6.3072e-05 -6.4757e-05 -6.6426e-05 -6.8077e-05 -6.9708e-05 -7.1314e-05 -7.2894e-05 -7.4444e-05 -7.5963e-05 -7.7446e-05 -7.8890e-05 -8.0294e-05 -8.1653e-05 -8.2964e-05 -8.4226e-05 -8.5433e-05 -8.6584e-05 -8.7675e-05 -8.8703e-05 -8.9666e-05 -9.0560e-05 -9.1382e-05 -9.2130e-05 -9.2802e-05 -9.3393e-05 -9.3903e-05 -9.4329e-05 -9.4669e-05 -9.4920e-05 -9.5082e-05 -9.5152e-05 -9.5129e-05 -9.5012e-05 -9.4800e-05 -9.4492e-05 -9.4089e-05 -9.3589e-05 -9.2994e-05 -9.2303e-05 -9.1517e-05 -9.0638e-05 -8.9666e-05 -8.8604e-05 -8.7453e-05 -8.6216e-05 -8.4895e-05 -8.3492e-05 -8.2013e-05 -8.0458e-05 -7.8833e-05 -7.7142e-05 -7.5388e-05 -7.3576e-05 -2.0000e-07 -5.6568e-07 -1.0392e-06 0.0000e+00 -2.2360e-06 -2.9393e-06 -3.7040e-06 -4.5253e-06 -5.3996e-06 -6.3239e-06 -7.2955e-06 -8.3121e-06 -9.3717e-06 -1.0473e-05 -1.1613e-05 -1.2792e-05 -1.4007e-05 -1.5257e-05 -1.6542e-05 -1.7860e-05 -1.9209e-05 -2.0589e-05 -2.1999e-05 -2.3437e-05 -2.4902e-05 -2.6394e-05 -2.7910e-05 -2.9451e-05 -3.1014e-05 -3.2598e-05 -3.4203e-05 -3.5826e-05 -3.7467e-05 -3.9124e-05 -4.0796e-05 -4.2480e-05 -4.4177e-05 -4.5883e-05 -4.7597e-05 -4.9317e-05 -5.1043e-05 -5.2770e-05 -5.4498e-05 -5.6225e-05 -5.7948e-05 -5.9665e-05 -6.1374e-05 -6.3072e-05 -6.4757e-05 -6.6426e-05 -6.8077e-05 -6.9708e-05 -7.1314e-05 -7.2894e-05 -7.4444e-05 -7.5963e-05 -7.7446e-05 -7.8890e-05 -8.0294e-05 -8.1653e-05 -8.2964e-05 -8.4226e-05 -8.5433e-05 -8.6584e-05 -8.7675e-05 -8.8703e-05 -8.9666e-05 -9.0560e-05 -9.1382e-05 -9.2130e-05 -9.2802e-05 -9.3393e-05 -9.3903e-05 -9.4329e-05 -9.4669e-05 -9.4920e-05 -9.5082e-05 -9.5152e-05 -9.5129e-05 -9.5012e-05 -9.4800e-05 -9.4492e-05 -9.4089e-05 -9.3589e-05 -9.2994e-05 -9.2303e-05 -9.1517e-05 -9.0638e-05 -8.9666e-05 -8.8604e-05 -8.7453e-05 -8.6216e-05 -8.4894e-05 -8.3492e-05 -8.2012e-05 -8.0458e-05 -7.8833e-05 -7.7142e-05 -7.5388e-05 -7.3576e-05
-2.7951e-07 -7.9056e-07 -1.4524e-06 -2.2360e-06 6.8717e-06 -4.1078e-06 -5.1764e-06 -6.3243e-06 -7.5462e-06 -8.8379e-06 -1.0196e-05 -1.1616e-05 -1.3097e-05 -1.4636e-05 -1.6230e-05 -1.7877e-05 -1.9575e-05 -2.1323e-05 -2.3118e-05 -2.4960e-05 -2.6846e-05 -2.8775e-05 -3.0745e-05 -3.2754e-05 -3.4802e-05 -3.6887e-05 -3.9006e-05 -4.1159e-05 -4.3343e-05 -4.5557e-05 -4.7800e-05 -5.0068e-05 -5.2362e-05 -5.4677e-05 -5.7013e-05 -5.9368e-05 -6.1738e-05 -6.4123e-05 -6.6518e-05 -6.8923e-05 -7.1334e-05 -7.3748e-05 -7.6164e-05 -7.8577e-05 -8.0985e-05 -8.3384e-05 -8.5772e-05 -8.8146e-05 -9.0500e-05 -9.2833e-05 -9.5141e-05 -9.7419e-05 -9.9664e-05 -1.0187e-04 -1.0404e-04 -1.0616e-04 -1.0823e-04 -1.1025e-04 -1.1221e-04 -1.1411e-04 -1.1595e-04 -1.1771e-04 -1.1940e-04 -1.2100e-04 -1.2253e-04 -1.2397e-04 -1.2531e-04 -1.2656e-04 -1.2771e-04 -1.2876e-04 -1.2969e-04 -1.3052e-04 -1.3123e-04 -1.3183e-04 -1.3230e-04 -1.3266e-04 -1.3288e-04 -1.3298e-04 -1.3295e-04 -1.3278e-04 -1.3249e-04 -1.3206e-04 -1.3149e-04 -1.3079e-04 -1.2996e-04 -1.2900e-04 -1.2790e-04 -1.2667e-04 -1.2531e-04 -1.2383e-04 -1.2222e-04 -1.2049e-04 -1.1864e-04 -1.1668e-04 -1.1462e-04 -1.1244e-04 -1.1017e-04 -1.0781e-04 -1.0536e-04 -1.0283e-04 -2.7951e-07 -7.9056e-07 -1.4524e-06 -2.2360e-06 0.0000e+00 -4.1078e-06 -5.1764e-06 -6.3243e-06 -7.5462e-06 -8.8379e-06 -1.0196e-05 -1.1616e-05 -1.3097e-05 -1.4636e-05 -1.6230e-05 -1.7877e-05 -1.9575e-05 -2.1323e-05 -2.3118e-05 -2.4960e-05 -2.6846e-05 -2.8775e-05 -3.0745e-05 -3.2754e-05 -3.4802e-05 -3.6887e-05 -3.9006e-05 -4.1159e-05 -4.3343e-05 -4.5557e-05 -4.7800e-05 -5.0068e-05 -5.2362e-05 -5.4677e-05 -5.7013e-05 -5.9368e-05 -6.1738e-05 -6.4123e-05 -6.6518e-05 -6.8923e-05 -7.1334e-05 -7.3748e-05 -7.6164e-05 -7.8577e-05 -8.0985e-05 -8.3384e-05 -8.5772e-05 -8.8145e-05 -9.0500e-05 -9.2833e-05 -9.5141e-05 -9.7419e-05 -9.9664e-05 -1.0187e-04 -1.0404e-04 -1.0616e-04 -1.0823e-04 -1.1025e-04 -1.1221e-04 -1.1411e-04 -1.1595e-04 -1.1771e-04 -1.1940e-04 -1.2100e-04 -1.2253e-04 -1.2397e-04 -1.2531e-04 -1.2656e-04 -1.2771e-04 -1.2876e-04 -1.2969e-04 -1.3052e-04 -1.3123e-04 -1.3183e-04 -1.3230e-04 -1.3265e-04 -1.3288e-04 -1.3298e-04 -1.3295e-04 -1.3278e-04 -1.3249e-04 -1.3206e-04 -1.3149e-04 -1.3079e-04 -1.2996e-04 -1.2900e-04 -1.2790e-04 -1.2667e-04 -1.2531e-04 -1.2383e-04 -1.2222e-04 -1.2049e-04 -1.1864e-04 -1.1668e-04 -1.1462e-04 -1.1244e-04 -1.1017e-04 -1.0781e-04 -1.0536e-04 -1.0283e-04
-3.6742e-07 -1.0392e-06 -1.9092e-06 -2.9393e-06 -4.1078e-06 1.4249e-05 -6.8045e-06 -8.3134e-06 -9.9197e-06 -1.1618e-05 -1.3403e-05 -1.5270e-05 -1.7217e-05 -1.9239e-05 -2.1334e-05 -2.3499e-05 -2.5732e-05 -2.8029e-05 -3.0390e-05 -3.2810e-05 -3.5290e-05 -3.7825e-05 -4.0415e-05 -4.3056e-05 -4.5748e-05 -4.8488e-05 -5.1274e-05 -5.4104e-05 -5.6975e-05 -5.9886e-05 -6.2834e-05 -6.5816e-05 -6.8831e-05 -7.1875e-05 -7.4946e-05 -7.8041e-05 -8.1157e-05 -8.4291e-05 -8.7440e-05 -9.0601e-05 -9.3770e-05 -9.6944e-05 -1.0012e-04 -1.0329e-04 -1.0646e-04 -1.0961e-04 -1.1275e-04 -1.1587e-04 -1.1897e-04 -1.2203e-04 -1.2507e-04 -1.2806e-04 -1.3101e-04 -1.3391e-04 -1.3676e-04 -1.3955e-04 -1.4228e-04 -1.4493e-04 -1.4751e-04 -1.5000e-04 -1.5241e-04 -1.5473e-04 -1.5695e-04 -1.5906e-04 -1.6107e-04 -1.6296e-04 -1.6473e-04 -1.6637e-04 -1.6788e-04 -1.6925e-04 -1.7049e-04 -1.7157e-04 -1.7251e-04 -1.7329e-04 -1.7392e-04 -1.7438e-04 -1.7468e-04 -1.7480e-04 -1.7476e-04 -1.7455e-04 -1.7416e-04 -1.7359e-04 -1.7285e-04 -1.7193e-04 -1.7084e-04 -1.6957e-04 -1.6813e-04 -1.6651e-04 -1.6473e-04 -1.6278e-04 -1.6066e-04 -1.5839e-04 -1.5596e-04 -1.5339e-04 -1.5067e-04 -1.4781e-04 -1.4483e-04 -1.4172e-04 -1.3850e-04 -1.3517e-04 -3.6742e-07 -1.0392e-06 -1.9092e-06 -2.9393e-06 -4.1078e-06 0.0000e+00 -6.8045e-06 -8.3134e-06 -9.9197e-06 -1.1618e-05 -1.3403e-05 -1.5270e-05 -1.7217e-05 -1.9239e-05 -2.1334e-05 -2.3499e-05 -2.5732e-05 -2.8029e-05 -3.0390e-05 -3.2810e-05 -3.5290e-05 -3.7825e-05 -4.0415e-05 -4.3056e-05 -4.5748e-05 -4.8488e-05 -5.1274e-05 -5.4104e-05 -5.6975e-05 -5.9886e-05 -6.2834e-05 -6.5816e-05 -6.8831e-05 -7.1875e-05 -7.4946e-05 -7.8041e-05 -8.1157e-05 -8.4291e-05 -8.7440e-05 -9.0601e-05 -9.3770e-05 -9.6944e-05 -1.0012e-04 -1.0329e-04 -1.0646e-04 -1.0961e-04 -1.1275e-04 -1.1587e-04 -1.1897e-04 -1.2203e-04 -1.2507e-04 -1.2806e-04 -1.3101e-04 -1.3391e-04 -1.3676e-04 -1.3955e-04 -1.4228e-04 -1.4493e-04 -1.4751e-04 -1.5000e-04 -1.5241e-04 -1.5473e-04 -1.5695e-04 -1.5906e-04 -1.6107e-04 -1.6296e-04 -1.6472e-04 -1.6637e-04 -1.6788e-04 -1.6925e-04 -1.7049e-04 -1.7157e-04 -1.7251e-04 -1.7329e-04 -1.7392e-04 -1.7438e-04 -1.7467e-04 -1.7480e-04 -1.7476e-04 -1.7455e-04 -1.7416e-04 -1.7359e-04 -1.7285e-04 -1.7193e-04 -1.7084e-04 -1.6957e-04 -1.6813e-04 -1.6651e-04 -1.6473e-04 -1.6277e-04 -1.6066e-04 -1.5839e-04 -1.5596e-04 -1.5338e-04 -1.5067e-04 -1.4781e-04 -1.4483e-04 -1.4172e-04 -1.3850e-04 -1.3517e-04
-4.6300e-07 -1.3095e-06 -2.4058e-06 -3.7040e-06 -5.1764e-06 -6.8045e-06 2.6398e-05 -1.0476e-05 -1.2500e-05 -1.4640e-05 -1.6889e-05 -1.9242e-05 -2.1695e-05 -2.4244e-05 -2.6884e-05 -2.9612e-05 -3.2426e-05 -3.5321e-05 -3.8295e-05 -4.1345e-05 -4.4469e-05 -4.7664e-05 -5.0928e-05 -5.4257e-05 -5.7649e-05 -6.1102e-05 -6.4612e-05 -6.8178e-05 -7.1796e-05 -7.5464e-05 -7.9179e-05 -8.2937e-05 -8.6736e-05 -9.0572e-05 -9.4441e-05 -9.8341e-05 -1.0227e-04 -1.0622e-04 -1.1019e-04 -1.1417e-04 -1.1816e-04 -1.2216e-04 -1.2616e-04 -1.3016e-04 -1.3415e-04 -1.3812e-04 -1.4208e-04 -1.4601e-04 -1.4991e-04 -1.5378e-04 -1.5760e-04 -1.6137e-04 -1.6509e-04 -1.6875e-04 -1.7234e-04 -1.7585e-04 -1.7929e-04 -1.8263e-04 -1.8588e-04 -1.8903e-04 -1.9206e-04 -1.9498e-04 -1.9778e-04 -2.0044e-04 -2.0297e-04 -2.0535e-04 -2.0758e-04 -2.0965e-04 -2.1155e-04 -2.1328e-04 -2.1484e-04 -2.1621e-04 -2.1739e-04 -2.1837e-04 -2.1916e-04 -2.1974e-04 -2.2012e-04 -2.2028e-04 -2.2022e-04 -2.1995e-04 -2.1946e-04 -2.1875e-04 -2.1782e-04 -2.1666e-04 -2.1528e-04 -2.1368e-04 -2.1186e-04 -2.0983e-04 -2.0758e-04 -2.0512e-04 -2.0246e-04 -1.9959e-04 -1.9653e-04 -1.9329e-04 -1.8986e-04 -1.8626e-04 -1.8250e-04 -1.7859e-04 -1.7453e-04 -1.7033e-04 -4.6300e-07 -1.3095e-06 -2.4058e-06 -3.7040e-06 -5.1764e-06 -6.8045e-06 0.0000e+00 -1.0476e-05 -1.2500e-05 -1.4640e-05 -1.6889e-05 -1.9242e-05 -2.1695e-05 -2.4244e-05 -2.6884e-05 -2.9612e-05 -3.2426e-05 -3.5321e-05 -3.8295e-05 -4.1345e-05 -4.4469e-05 -4.7664e-05 -5.0928e-05 -5.4257e-05 -5.7649e-05 -6.1102e-05 -6.4612e-05 -6.8178e-05 -7.1796e-05 -7.5464e-05 -7.9179e-05 -8.2937e-05 -8.6736e-05 -9.0571e-05 -9.4441e-05 -9.8341e-05 -1.0227e-04 -1.0622e-04 -1.1019e-04 -1.1417e-04 -1.1816e-04 -1.2216e-04 -1.2616e-04 -1.3016e-04 -1.3415e-04 -1.3812e-04 -1.4208e-04 -1.4601e-04 -1.4991e-04 -1.5378e-04 -1.5760e-04 -1.6137e-04 -1.6509e-04 -1.6875e-04 -1.7234e-04 -1.7585e-04 -1.7929e-04 -1.8263e-04 -1.8588e-04 -1.8903e-04 -1.9206e-04 -1.9498e-04 -1.9778e-04 -2.0044e-04 -2.0297e-04 -2.0535e-04 -2.0757e-04 -2.0964e-04 -2.1155e-04 -2.1328e-04 -2.1483e-04 -2.1620e-04 -2.1739e-04 -2.1837e-04 -2.1916e-04 -2.1974e-04 -2.2011e-04 -2.2028e-04 -2.2022e-04 -2.1995e-04 -2.1946e-04 -2.1875e-04 -2.1781e-04 -2.1666e-04 -2.1528e-04 -2.1368e-04 -2.1186e-04 -2.0983e-04 -2.0758e-04 -2.0512e-04 -2.0245e-04 -1.9959e-04 -1.9653e-04 -1.9328e-04 -1.8986e-04 -1.8626e-04 -1.8250e-04 -1.7858e-04 -1.7452e-04 -1.7033e-04
-5.6566e-07 -1.5999e-06 -2.9393e-06 -4.5253e-06 -6.3243e-06 -8.3134e-06 -1.0476e-05 4.5034e-05 -1.5272e-05 -1.7886e-05 -2.0634e-05 -2.3509e-05 -2.6506e-05 -2.9620e-05 -3.2845e-05 -3.6179e-05 -3.9616e-05 -4.3153e-05 -4.6787e-05 -5.0513e-05 -5.4330e-05 -5.8234e-05 -6.2221e-05 -6.6288e-05 -7.0432e-05 -7.4651e-05 -7.8940e-05 -8.3296e-05 -8.7717e-05 -9.2198e-05 -9.6736e-05 -1.0133e-04 -1.0597e-04 -1.1066e-04 -1.1538e-04 -1.2015e-04 -1.2495e-04 -1.2977e-04 -1.3462e-04 -1.3949e-04 -1.4436e-04 -1.4925e-04 -1.5414e-04 -1.5902e-04 -1.6390e-04 -1.6875e-04 -1.7359e-04 -1.7839e-04 -1.8315e-04 -1.8788e-04 -1.9255e-04 -1.9716e-04 -2.0170e-04 -2.0617e-04 -2.1055e-04 -2.1485e-04 -2.1904e-04 -2.2313e-04 -2.2710e-04 -2.3094e-04 -2.3465e-04 -2.3822e-04 -2.4163e-04 -2.4489e-04 -2.4797e-04 -2.5088e-04 -2.5361e-04 -2.5613e-04 -2.5846e-04 -2.6058e-04 -2.6248e-04 -2.6415e-04 -2.6559e-04 -2.6680e-04 -2.6776e-04 -2.6847e-04 -2.6893e-04 -2.6913e-04 -2.6906e-04 -2.6873e-04 -2.6813e-04 -2.6726e-04 -2.6612e-04 -2.6471e-04 -2.6302e-04 -2.6107e-04 -2.5885e-04 -2.5636e-04 -2.5361e-04 -2.5061e-04 -2.4735e-04 -2.4386e-04 -2.4012e-04 -2.3615e-04 -2.3197e-04 -2.2757e-04 -2.2298e-04 -2.1819e-04 -2.1323e-04 -2.0811e-04 -5.6566e-07 -1.5999e-06 -2.9393e-06 -4.5253e-06 -6.3243e-06 -8.3134e-06 -1.0476e-05 0.0000e+00 -1.5272e-05 -1.7886e-05 -2.0634e-05 -2.3509e-05 -2.6506e-05 -2.9620e-05 -3.2845e-05 -3.6179e-05 -3.9616e-05 -4.3153e-05 -4.6787e-05 -5.0513e-05 -5.4330e-05 -5.8234e-05 -6.2221e-05 -6.6288e-05 -7.0432e-05 -7.4650e-05 -7.8940e-05 -8.3296e-05 -8.7717e-05 -9.2198e-05 -9.6736e-05 -1.0133e-04 -1.0597e-04 -1.1066e-04 -1.1538e-04 -1.2015e-04 -1.2495e-04 -1.2977e-04 -1.3462e-04 -1.3949e-04 -1.4436e-04 -1.4925e-04 -1.5414e-04 -1.5902e-04 -1.6390e-04 -1.6875e-04 -1.7359e-04 -1.7839e-04 -1.8315e-04 -1.8788e-04 -1.9254e-04 -1.9716e-04 -2.0170e-04 -2.0617e-04 -2.1055e-04 -2.1485e-04 -2.1904e-04 -2.2313e-04 -2.2710e-04 -2.3094e-04 -2.3465e-04 -2.3822e-04 -2.4163e-04 -2.4489e-04 -2.4797e-04 -2.5088e-04 -2.5360e-04 -2.5613e-04 -2.5846e-04 -2.6057e-04 -2.6247e-04 -2.6415e-04 -2.6559e-04 -2.6679e-04 -2.6776e-04 -2.6847e-04 -2.6892e-04 -2.6912e-04 -2.6906e-04 -2.6873e-04 -2.6813e-04 -2.6726e-04 -2.6612e-04 -2.6470e-04 -2.6302e-04 -2.6106e-04 -2.5884e-04 -2.5636e-04 -2.5361e-04 -2.5060e-04 -2.4735e-04 -2.4385e-04 -2.4011e-04 -2.3615e-04 -2.3196e-04 -2.2756e-04 -2.2297e-04 -2.1819e-04 -2.1322e-04 -2.0810e-04
-6.7496e-07 -1.9091e-06 -3.5072e-06 -5.3996e-06 -7.5462e-06 -9.9197e-06 -1.2500e-05 -1.5272e-05 7.2136e-05 -2.1342e-05 -2.4621e-05 -2.8052e-05 -3.1628e-05 -3.5343e-05 -3.9192e-05 -4.3169e-05 -4.7270e-05 -5.1491e-05 -5.5826e-05 -6.0273e-05 -6.4828e-05 -6.9485e-05 -7.4242e-05 -7.9095e-05 -8.4041e-05 -8.9074e-05 -9.4192e-05 -9.9390e-05 -1.0466e-04 -1.1001e-04 -1.1543e-04 -1.2091e-04 -1.2644e-04 -1.3204e-04 -1.3768e-04 -1.4336e-04 -1.4909e-04 -1.5484e-04 -1.6063e-04 -1.6644e-04 -1.7226e-04 -1.7809e-04 -1.8392e-04 -1.8975e-04 -1.9556e-04 -2.0136e-04 -2.0712e-04 -2.1286e-04 -2.1854e-04 -2.2418e-04 -2.2975e-04 -2.3525e-04 -2.4067e-04 -2.4600e-04 -2.5124e-04 -2.5636e-04 -2.6137e-04 -2.6624e-04 -2.7098e-04 -2.7556e-04 -2.7999e-04 -2.8425e-04 -2.8832e-04 -2.9221e-04 -2.9589e-04 -2.9936e-04 -3.0261e-04 -3.0563e-04 -3.0840e-04 -3.1093e-04 -3.1319e-04 -3.1519e-04 -3.1691e-04 -3.1835e-04 -3.1950e-04 -3.2035e-04 -3.2089e-04 -3.2113e-04 -3.2105e-04 -3.2066e-04 -3.1994e-04 -3.1891e-04 -3.1754e-04 -3.1586e-04 -3.1385e-04 -3.1152e-04 -3.0887e-04 -3.0590e-04 -3.0262e-04 -2.9904e-04 -2.9515e-04 -2.9098e-04 -2.8652e-04 -2.8179e-04 -2.7680e-04 -2.7155e-04 -2.6607e-04 -2.6036e-04 -2.5444e-04 -2.4833e-04 -6.7496e-07 -1.9091e-06 -3.5072e-06 -5.3996e-06 -7.5462e-06 -9.9197e-06 -1.2500e-05 -1.5272e-05 0.0000e+00 -2.1342e-05 -2.4621e-05 -2.8052e-05 -3.1628e-05 -3.5343e-05 -3.9192e-05 -4.3169e-05 -4.7270e-05 -5.1491e-05 -5.5826e-05 -6.0273e-05 -6.4828e-05 -6.9485e-05 -7.4242e-05 -7.9095e-05 -8.4041e-05 -8.9074e-05 -9.4192e-05 -9.9390e-05 -1.0466e-04 -1.1001e-04 -1.1543e-04 -1.2091e-04 -1.2644e-04 -1.3204e-04 -1.3768e-04 -1.4336e-04 -1.4909e-04 -1.5484e-04 -1.6063e-04 -1.6644e-04 -1.7226e-04 -1.7809e-04 -1.8392e-04 -1.8975e-04 -1.9556e-04 -2.0136e-04 -2.0712e-04 -2.1285e-04 -2.1854e-04 -2.2418e-04 -2.2975e-04 -2.3525e-04 -2.4067e-04 -2.4600e-04 -2.5123e-04 -2.5636e-04 -2.6136e-04 -2.6624e-04 -2.7098e-04 -2.7556e-04 -2.7999e-04 -2.8424e-04 -2.8832e-04 -2.9220e-04 -2.9589e-04 -2.9936e-04 -3.0260e-04 -3.0562e-04 -3.0840e-04 -3.1092e-04 -3.1319e-04 -3.1519e-04 -3.1691e-04 -3.1834e-04 -3.1949e-04 -3.2034e-04 -3.2088e-04 -3.2112e-04 -3.2104e-04 -3.2065e-04 -3.1993e-04 -3.1890e-04 -3.1753e-04 -3.1585e-04 -3.1384e-04 -3.1151e-04 -3.0886e-04 -3.0589e-04 -3.0261e-04 -2.9903e-04 -2.9514e-04 -2.9097e-04 -2.8651e-04 -2.8178e-04 -2.7678e-04 -2.7154e-04 -2.6605e-04 -2.6034e-04 -2.5443e-04 -2.4831e-04
-7.9049e-07 -2.2358e-06 -4.1075e-06 -6.3239e-06 -8.8379e-06 -1.1618e-05 -1.4640e-05 -1.7886e-05 -2.1342e-05 1.0995e-04 -2.8835e-05 -3.2853e-05 -3.7041e-05 -4.1393e-05 -4.5900e-05 -5.0558e-05 -5.5361e-05 -6.0304e-05 -6.5382e-05 -7.0591e-05 -7.5924e-05 -8.1379e-05 -8.6951e-05 -9.2635e-05 -9.8426e-05 -1.0432e-04 -1.1031e-04 -1.1640e-04 -1.2258e-04 -1.2884e-04 -1.3519e-04 -1.4160e-04 -1.4809e-04 -1.5464e-04 -1.6124e-04 -1.6790e-04 -1.7461e-04 -1.8135e-04 -1.8813e-04 -1.9493e-04 -2.0174e-04 -2.0857e-04 -2.1540e-04 -2.2223e-04 -2.2904e-04 -2.3583e-04 -2.4258e-04 -2.4929e-04 -2.5595e-04 -2.6255e-04 -2.6908e-04 -2.7552e-04 -2.8187e-04 -2.8811e-04 -2.9424e-04 -3.0024e-04 -3.0611e-04 -3.1182e-04 -3.1736e-04 -3.2274e-04 -3.2792e-04 -3.3291e-04 -3.3768e-04 -3.4223e-04 -3.4654e-04 -3.5061e-04 -3.5441e-04 -3.5794e-04 -3.6120e-04 -3.6415e-04 -3.6681e-04 -3.6915e-04 -3.7117e-04 -3.7285e-04 -3.7419e-04 -3.7519e-04 -3.7583e-04 -3.7610e-04 -3.7601e-04 -3.7555e-04 -3.7472e-04 -3.7350e-04 -3.7191e-04 -3.6993e-04 -3.6758e-04 -3.6485e-04 -3.6175e-04 -3.5827e-04 -3.5443e-04 -3.5024e-04 -3.4569e-04 -3.4080e-04 -3.3558e-04 -3.3004e-04 -3.2419e-04 -3.1805e-04 -3.1163e-04 -3.0494e-04 -2.9801e-04 -2.9085e-04 -7.9049e-07 -2.2358e-06 -4.1075e-06 -6.3239e-06 -8.8379e-06 -1.1618e-05 -1.4640e-05 -1.7886e-05 -2.1342e-05 0.0000e+00 -2.8835e-05 -3.2853e-05 -3.7041e-05 -4.1393e-05 -4.5900e-05 -5.0558e-05 -5.5361e-05 -6.0304e-05 -6.5382e-05 -7.0591e-05 -7.5924e-05 -8.1379e-05 -8.6951e-05 -9.2634e-05 -9.8426e-05 -1.0432e-04 -1.1031e-04 -1.1640e-04 -1.2258e-04 -1.2884e-04 -1.3519e-04 -1.4160e-04 -1.4809e-04 -1.5464e-04 -1.6124e-04 -1.6790e-04 -1.7461e-04 -1.8135e-04 -1.8813e-04 -1.9493e-04 -2.0174e-04 -2.0857e-04 -2.1540e-04 -2.2223e-04 -2.2904e-04 -2.3582e-04 -2.4258e-04 -2.4929e-04 -2.5595e-04 -2.6255e-04 -2.6907e-04 -2.7552e-04 -2.8187e-04 -2.8811e-04 -2.9424e-04 -3.0024e-04 -3.0610e-04 -3.1181e-04 -3.1736e-04 -3.2273e-04 -3.2792e-04 -3.3290e-04 -3.3767e-04 -3.4222e-04 -3.4653e-04 -3.5060e-04 -3.5440e-04 -3.5794e-04 -3.6119e-04 -3.6415e-04 -3.6680e-04 -3.6914e-04 -3.7115e-04 -3.7284e-04 -3.7418e-04 -3.7518e-04 -3.7581e-04 -3.7609e-04 -3.7600e-04 -3.7554e-04 -3.7470e-04 -3.7349e-04 -3.7189e-04 -3.6992e-04 -3.6756e-04 -3.6483e-04 -3.6173e-04 -3.5825e-04 -3.5441e-04 -3.5021e-04 -3.4567e-04 -3.4078e-04 -3.3555e-04 -3.3001e-04 -3.2416e-04 -3.1802e-04 -3.1160e-04 -3.0491e-04 -2.9798e-04 -2.9082e-04
-9.1194e-07 -2.5794e-06 -4.7386e-06 -7.2955e-06 -1.0196e-05 -1.3403e-05 -1.6889e-05 -2.0634e-05 -2.4621e-05 -2.8835e-05 1.6097e-04 -3.7901e-05 -4.2732e-05 -4.7752e-05 -5.2952e-05 -5.8326e-05 -6.3867e-05 -6.9569e-05 -7.5428e-05 -8.1436e-05 -8.7589e-05 -9.3882e-05 -1.0031e-04 -1.0687e-04 -1.1355e-04 -1.2035e-04 -1.2726e-04 -1.3429e-04 -1.4141e-04 -1.4864e-04 -1.5595e-04 -1.6336e-04 -1.7084e-04 -1.7839e-04 -1.8602e-04 -1.9370e-04 -2.0143e-04 -2.0921e-04 -2.1703e-04 -2.2487e-04 -2.3274e-04 -2.4062e-04 -2.4850e-04 -2.5637e-04 -2.6423e-04 -2.7206e-04 -2.7985e-04 -2.8759e-04 -2.9528e-04 -3.0289e-04 -3.1042e-04 -3.1785e-04 -3.2518e-04 -3.3238e-04 -3.3945e-04 -3.4637e-04 -3.5314e-04 -3.5973e-04 -3.6613e-04 -3.7232e-04 -3.7830e-04 -3.8406e-04 -3.8956e-04 -3.9481e-04 -3.9979e-04 -4.0448e-04 -4.0887e-04 -4.1294e-04 -4.1670e-04 -4.2011e-04 -4.2317e-04 -4.2587e-04 -4.2820e-04 -4.3014e-04 -4.3169e-04 -4.3284e-04 -4.3358e-04 -4.3390e-04 -4.3380e-04 -4.3326e-04 -4.3230e-04 -4.3090e-04 -4.2906e-04 -4.2678e-04 -4.2407e-04 -4.2092e-04 -4.1734e-04 -4.1334e-04 -4.0891e-04 -4.0406e-04 -3.9882e-04 -3.9318e-04 -3.8716e-04 -3.8076e-04 -3.7402e-04 -3.6693e-04 -3.5953e-04 -3.5181e-04 -3.4382e-04 -3.3556e-04 -9.1194e-07 -2.5794e-06 -4.7386e-06 -7.2955e-06 -1.0196e-05 -1.3403e-05 -1.6889e-05 -2.0634e-05 -2.4621e-05 -2.8835e-05 0.0000e+00 -3.7901e-05 -4.2732e-05 -4.7752e-05 -5.2952e-05 -5.8326e-05 -6.3867e-05 -6.9569e-05 -7.5428e-05 -8.1436e-05 -8.7589e-05 -9.3882e-05 -1.0031e-04 -1.0687e-04 -1.1355e-04 -1.2035e-04 -1.2726e-04 -1.3429e-04 -1.4141e-04 -1.4864e-04 -1.5595e-04 -1.6336e-04 -1.7084e-04 -1.7839e-04 -1.8602e-04 -1.9370e-04 -2.0143e-04 -2.0921e-04 -2.1703e-04 -2.2487e-04 -2.3274e-04 -2.4062e-04 -2.4850e-04 -2.5637e-04 -2.6423e-04 -2.7206e-04 -2.7985e-04 -2.8759e-04 -2.9527e-04 -3.0289e-04 -3.1041e-04 -3.1785e-04 -3.2517e-04 -3.3238e-04 -3.3945e-04 -3.4637e-04 -3.5313e-04 -3.5972e-04 -3.6612e-04 -3.7232e-04 -3.7830e-04 -3.8405e-04 -3.8955e-04 -3.9480e-04 -3.9978e-04 -4.0447e-04 -4.0885e-04 -4.1293e-04 -4.1668e-04 -4.2009e-04 -4.2316e-04 -4.2585e-04 -4.2818e-04 -4.3012e-04 -4.3167e-04 -4.3282e-04 -4.3356e-04 -4.3388e-04 -4.3377e-04 -4.3324e-04 -4.3227e-04 -4.3087e-04 -4.2903e-04 -4.2675e-04 -4.2404e-04 -4.2089e-04 -4.1731e-04 -4.1330e-04 -4.0887e-04 -4.0403e-04 -3.9878e-04 -3.9314e-04 -3.8711e-04 -3.8072e-04 -3.7397e-04 -3.6689e-04 -3.5948e-04 -3.5177e-04 -3.4377e-04 -3.3551e-04
-1.0390e-06 -2.9388e-06 -5.3989e-06 -8.3121e-06 -1.1616e-05 -1.5270e-05 -1.9242e-05 -2.3509e-05 -2.8052e-05 -3.2853e-05 -3.7901e-05 2.2799e-04 -4.8687e-05 -5.4406e-05 -6.0331e-05 -6.6453e-05 -7.2767e-05 -7.9264e-05 -8.5938e-05 -9.2784e-05 -9.9794e-05 -1.0696e-04 -1.1429e-04 -1.2176e-04 -1.2937e-04 -1.3712e-04 -1.4500e-04 -1.5300e-04 -1.6112e-04 -1.6935e-04 -1.7769e-04 -1.8612e-04 -1.9465e-04 -2.0325e-04 -2.1194e-04 -2.2069e-04 -2.2950e-04 -2.3837e-04 -2.4727e-04 -2.5621e-04 -2.6517e-04 -2.7415e-04 -2.8313e-04 -2.9210e-04 -3.0105e-04 -3.0997e-04 -3.1885e-04 -3.2767e-04 -3.3642e-04 -3.4510e-04 -3.5368e-04 -3.6215e-04 -3.7049e-04 -3.7870e-04 -3.8676e-04 -3.9464e-04 -4.0235e-04 -4.0986e-04 -4.1715e-04 -4.2421e-04 -4.3103e-04 -4.3758e-04 -4.4385e-04 -4.4983e-04 -4.5550e-04 -4.6085e-04 -4.6585e-04 -4.7050e-04 -4.7477e-04 -4.7866e-04 -4.8215e-04 -4.8523e-04 -4.8788e-04 -4.9009e-04 -4.9186e-04 -4.9317e-04 -4.9401e-04 -4.9438e-04 -4.9426e-04 -4.9366e-04 -4.9256e-04 -4.9096e-04 -4.8887e-04 -4.8628e-04 -4.8319e-04 -4.7960e-04 -4.7552e-04 -4.7096e-04 -4.6591e-04 -4.6040e-04 -4.5442e-04 -4.4800e-04 -4.4114e-04 -4.3385e-04 -4.2617e-04 -4.1810e-04 -4.0966e-04 -4.0087e-04 -3.9176e-04 -3.8235e-04 -1.0390e-06 -2.9388e-06 -5.3989e-06 -8.3121e-06 -1.1616e-05 -1.5270e-05 -1.9242e-05 -2.3509e-05 -2.8052e-05 -3.2853e-05 -3.7901e-05 0.0000e+00 -4.8687e-05 -5.4406e-05 -6.0331e-05 -6.6453e-05 -7.2767e-05 -7.9264e-05 -8.5938e-05 -9.2784e-05 -9.9794e-05 -1.0696e-04 -1.1429e-04 -1.2176e-04 -1.2937e-04 -1.3712e-04 -1.4500e-04 -1.5300e-04 -1.6112e-04 -1.6935e-04 -1.7769e-04 -1.8612e-04 -1.9464e-04 -2.0325e-04 -2.1194e-04 -2.2069e-04 -2.2950e-04 -2.3837e-04 -2.4727e-04 -2.5621e-04 -2.6517e-04 -2.7415e-04 -2.8313e-04 -2.9210e-04 -3.0105e-04 -3.0997e-04 -3.1884e-04 -3.2767e-04 -3.3642e-04 -3.4509e-04 -3.5367e-04 -3.6214e-04 -3.7049e-04 -3.7869e-04 -3.8675e-04 -3.9464e-04 -4.0234e-04 -4.0985e-04 -4.1714e-04 -4.2420e-04 -4.3101e-04 -4.3757e-04 -4.4384e-04 -4.4982e-04 -4.5549e-04 -4.6083e-04 -4.6583e-04 -4.7048e-04 -4.7475e-04 -4.7864e-04 -4.8212e-04 -4.8520e-04 -4.8785e-04 -4.9006e-04 -4.9183e-04 -4.9314e-04 -4.9398e-04 -4.9434e-04 -4.9422e-04 -4.9361e-04 -4.9251e-04 -4.9092e-04 -4.8882e-04 -4.8623e-04 -4.8314e-04 -4.7955e-04 -4.7547e-04 -4.7090e-04 -4.6585e-04 -4.6034e-04 -4.5436e-04 -4.4793e-04 -4.4107e-04 -4.3378e-04 -4.2610e-04 -4.1802e-04 -4.0958e-04 -4.0080e-04 -3.9168e-04 -3.8227e-04
-1.1715e-06 -3.3134e-06 -6.0871e-06 -9.3717e-06 -1.3097e-05 -1.7217e-05 -2.1695e-05 -2.6506e-05 -3.1628e-05 -3.7041e-05 -4.2732e-05 -4.8687e-05 3.1402e-04 -6.1342e-05 -6.8022e-05 -7.4925e-05 -8.2043e-05 -8.9368e-05 -9.6894e-05 -1.0461e-04 -1.1252e-04 -1.2060e-04 -1.2886e-04 -1.3728e-04 -1.4586e-04 -1.5460e-04 -1.6348e-04 -1.7250e-04 -1.8166e-04 -1.9094e-04 -2.0034e-04 -2.0985e-04 -2.1946e-04 -2.2916e-04 -2.3896e-04 -2.4882e-04 -2.5876e-04 -2.6875e-04 -2.7880e-04 -2.8887e-04 -2.9898e-04 -3.0910e-04 -3.1922e-04 -3.2934e-04 -3.3943e-04 -3.4949e-04 -3.5950e-04 -3.6944e-04 -3.7931e-04 -3.8909e-04 -3.9877e-04 -4.0832e-04 -4.1773e-04 -4.2698e-04 -4.3607e-04 -4.4496e-04 -4.5365e-04 -4.6211e-04 -4.7033e-04 -4.7830e-04 -4.8598e-04 -4.9337e-04 -5.0045e-04 -5.0719e-04 -5.1358e-04 -5.1961e-04 -5.2525e-04 -5.3049e-04 -5.3531e-04 -5.3970e-04 -5.4363e-04 -5.4710e-04 -5.5009e-04 -5.5259e-04 -5.5459e-04 -5.5606e-04 -5.5701e-04 -5.5743e-04 -5.5730e-04 -5.5662e-04 -5.5538e-04 -5.5358e-04 -5.5122e-04 -5.4830e-04 -5.4482e-04 -5.4078e-04 -5.3618e-04 -5.3103e-04 -5.2535e-04 -5.1913e-04 -5.1239e-04 -5.0515e-04 -4.9742e-04 -4.8921e-04 -4.8054e-04 -4.7144e-04 -4.6193e-04 -4.5202e-04 -4.4175e-04 -4.3114e-04 -1.1715e-06 -3.3134e-06 -6.0871e-06 -9.3717e-06 -1.3097e-05 -1.7217e-05 -2.1695e-05 -2.6506e-05 -3.1628e-05 -3.7041e-05 -4.2732e-05 -4.8687e-05 0.0000e+00 -6.1342e-05 -6.8022e-05 -7.4925e-05 -8.2043e-05 -8.9368e-05 -9.6894e-05 -1.0461e-04 -1.1252e-04 -1.2060e-04 -1.2886e-04 -1.3728e-04 -1.4586e-04 -1.5460e-04 -1.6348e-04 -1.7250e-04 -1.8166e-04 -1.9094e-04 -2.0034e-04 -2.0985e-04 -2.1946e-04 -2.2916e-04 -2.3896e-04 -2.4882e-04 -2.5876e-04 -2.6875e-04 -2.7879e-04 -2.8887e-04 -2.9898e-04 -3.0910e-04 -3.1922e-04 -3.2933e-04 -3.3942e-04 -3.4948e-04 -3.5949e-04 -3.6944e-04 -3.7931e-04 -3.8909e-04 -3.9876e-04 -4.0831e-04 -4.1772e-04 -4.2697e-04 -4.3605e-04 -4.4495e-04 -4.5363e-04 -4.6210e-04 -4.7032e-04 -4.7828e-04 -4.8596e-04 -4.9335e-04 -5.0042e-04 -5.0716e-04 -5.1356e-04 -5.1958e-04 -5.2522e-04 -5.3046e-04 -5.3527e-04 -5.3966e-04 -5.4359e-04 -5.4706e-04 -5.5005e-04 -5.5254e-04 -5.5454e-04 -5.5601e-04 -5.5696e-04 -5.5737e-04 -5.5723e-04 -5.5655e-04 -5.5531e-04 -5.5351e-04 -5.5115e-04 -5.4822e-04 -5.4474e-04 -5.4069e-04 -5.3609e-04 -5.3094e-04 -5.2525e-04 -5.1903e-04 -5.1229e-04 -5.0505e-04 -4.9731e-04 -4.8910e-04 -4.8043e-04 -4.7133e-04 -4.6181e-04 -4.5191e-04 -4.4163e-04 -4.3102e-04
-1.3091e-06 -3.7026e-06 -6.8022e-06 -1.0473e-05 -1.4636e-05 -1.9239e-05 -2.4244e-05 -2.9620e-05 -3.5343e-05 -4.1393e-05 -4.7752e-05 -5.4406e-05 -6.1342e-05 4.2237e-04 -7.6012e-05 -8.3726e-05 -9.1680e-05 -9.9866e-05 -1.0828e-04 -1.1690e-04 -1.2573e-04 -1.3477e-04 -1.4399e-04 -1.5341e-04 -1.6300e-04 -1.7276e-04 -1.8269e-04 -1.9277e-04 -2.0300e-04 -2.1337e-04 -2.2387e-04 -2.3450e-04 -2.4524e-04 -2.5608e-04 -2.6703e-04 -2.7805e-04 -2.8916e-04 -3.0032e-04 -3.1154e-04 -3.2281e-04 -3.3410e-04 -3.4541e-04 -3.5672e-04 -3.6802e-04 -3.7930e-04 -3.9054e-04 -4.0173e-04 -4.1284e-04 -4.2387e-04 -4.3480e-04 -4.4561e-04 -4.5628e-04 -4.6680e-04 -4.7714e-04 -4.8729e-04 -4.9723e-04 -5.0694e-04 -5.1640e-04 -5.2559e-04 -5.3449e-04 -5.4308e-04 -5.5134e-04 -5.5924e-04 -5.6678e-04 -5.7393e-04 -5.8066e-04 -5.8697e-04 -5.9282e-04 -5.9821e-04 -6.0311e-04 -6.0751e-04 -6.1139e-04 -6.1474e-04 -6.1753e-04 -6.1976e-04 -6.2141e-04 -6.2247e-04 -6.2294e-04 -6.2280e-04 -6.2204e-04 -6.2066e-04 -6.1865e-04 -6.1602e-04 -6.1275e-04 -6.0886e-04 -6.0435e-04 -5.9921e-04 -5.9346e-04 -5.8711e-04 -5.8017e-04 -5.7264e-04 -5.6455e-04 -5.5591e-04 -5.4674e-04 -5.3706e-04 -5.2689e-04 -5.1626e-04 -5.0519e-04 -4.9372e-04 -4.8186e-04 -1.3091e-06 -3.7026e-06 -6.8022e-06 -1.0473e-05 -1.4636e-05 -1.9239e-05 -2.4244e-05 -2.9620e-05 -3.5343e-05 -4.1393e-05 -4.7752e-05 -5.4406e-05 -6.1342e-05 0.0000e+00 -7.6012e-05 -8.3726e-05 -9.1680e-05 -9.9866e-05 -1.0828e-04 -1.1690e-04 -1.2573e-04 -1.3477e-04 -1.4399e-04 -1.5341e-04 -1.6300e-04 -1.7276e-04 -1.8269e-04 -1.9277e-04 -2.0300e-04 -2.1337e-04 -2.2387e-04 -2.3450e-04 -2.4524e-04 -2.5608e-04 -2.6702e-04 -2.7805e-04 -2.8915e-04 -3.0032e-04 -3.1154e-04 -3.2280e-04 -3.3410e-04 -3.4540e-04 -3.5672e-04 -3.6802e-04 -3.7930e-04 -3.9054e-04 -4.0172e-04 -4.1284e-04 -4.2387e-04 -4.3479e-04 -4.4560e-04 -4.5627e-04 -4.6679e-04 -4.7713e-04 -4.8728e-04 -4.9722e-04 -5.0692e-04 -5.1638e-04 -5.2557e-04 -5.3446e-04 -5.4305e-04 -5.5131e-04 -5.5921e-04 -5.6674e-04 -5.7389e-04 -5.8062e-04 -5.8692e-04 -5.9277e-04 -5.9816e-04 -6.0306e-04 -6.0745e-04 -6.1133e-04 -6.1467e-04 -6.1746e-04 -6.1968e-04 -6.2133e-04 -6.2239e-04 -6.2285e-04 -6.2270e-04 -6.2194e-04 -6.2055e-04 -6.1854e-04 -6.1590e-04 -6.1264e-04 -6.0874e-04 -6.0422e-04 -5.9908e-04 -5.9333e-04 -5.8697e-04 -5.8002e-04 -5.7249e-04 -5.6439e-04 -5.5575e-04 -5.4657e-04 -5.3689e-04 -5.2672e-04 -5.1608e-04 -5.0501e-04 -4.9353e-04 -4.8168e-04
-1.4516e-06 -4.1058e-06 -7.5429e-06 -1.1613e-05 -1.6230e-05 -2.1334e-05 -2.6884e-05 -3.2845e-05 -3.9192e-05 -4.5900e-05 -5.2952e-05 -6.0331e-05 -6.8022e-05 -7.6012e-05 5.5660e-04 -9.2844e-05 -1.0166e-04 -1.1074e-04 -1.2007e-04 -1.2963e-04 -1.3943e-04 -1.4944e-04 -1.5967e-04 -1.7011e-04 -1.8075e-04 -1.9157e-04 -2.0258e-04 -2.1376e-04 -2.2510e-04 -2.3660e-04 -2.4825e-04 -2.6003e-04 -2.7195e-04 -2.8397e-04 -2.9611e-04 -3.0833e-04 -3.2065e-04 -3.3303e-04 -3.4547e-04 -3.5796e-04 -3.7048e-04 -3.8303e-04 -3.9557e-04 -4.0810e-04 -4.2061e-04 -4.3308e-04 -4.4548e-04 -4.5781e-04 -4.7004e-04 -4.8216e-04 -4.9414e-04 -5.0598e-04 -5.1764e-04 -5.2911e-04 -5.4037e-04 -5.5139e-04 -5.6216e-04 -5.7265e-04 -5.8284e-04 -5.9271e-04 -6.0223e-04 -6.1139e-04 -6.2016e-04 -6.2852e-04 -6.3645e-04 -6.4392e-04 -6.5091e-04 -6.5740e-04 -6.6338e-04 -6.6882e-04 -6.7370e-04 -6.7800e-04 -6.8172e-04 -6.8482e-04 -6.8729e-04 -6.8912e-04 -6.9031e-04 -6.9082e-04 -6.9067e-04 -6.8983e-04 -6.8830e-04 -6.8608e-04 -6.8316e-04 -6.7954e-04 -6.7523e-04 -6.7023e-04 -6.6454e-04 -6.5816e-04 -6.5112e-04 -6.4342e-04 -6.3508e-04 -6.2611e-04 -6.1653e-04 -6.0636e-04 -5.9563e-04 -5.8436e-04 -5.7257e-04 -5.6030e-04 -5.4758e-04 -5.3443e-04 -1.4516e-06 -4.1058e-06 -7.5429e-06 -1.1613e-05 -1.6230e-05 -2.1334e-05 -2.6884e-05 -3.2845e-05 -3.9192e-05 -4.5900e-05 -5.2952e-05 -6.0331e-05 -6.8022e-05 -7.6012e-05 0.0000e+00 -9.2844e-05 -1.0166e-04 -1.1074e-04 -1.2007e-04 -1.2963e-04 -1.3943e-04 -1.4944e-04 -1.5967e-04 -1.7011e-04 -1.8075e-04 -1.9157e-04 -2.0258e-04 -2.1376e-04 -2.2510e-04 -2.3660e-04 -2.4825e-04 -2.6003e-04 -2.7194e-04 -2.8397e-04 -2.9610e-04 -3.0833e-04 -3.2064e-04 -3.3303e-04 -3.4547e-04 -3.5796e-04 -3.7048e-04 -3.8302e-04 -3.9556e-04 -4.0810e-04 -4.2060e-04 -4.3307e-04 -4.4547e-04 -4.5779e-04 -4.7003e-04 -4.8214e-04 -4.9413e-04 -5.0596e-04 -5.1762e-04 -5.2909e-04 -5.4034e-04 -5.5137e-04 -5.6213e-04 -5.7262e-04 -5.8281e-04 -5.9267e-04 -6.0219e-04 -6.1135e-04 -6.2011e-04 -6.2847e-04 -6.3639e-04 -6.4385e-04 -6.5084e-04 -6.5733e-04 -6.6331e-04 -6.6874e-04 -6.7361e-04 -6.7791e-04 -6.8162e-04 -6.8471e-04 -6.8718e-04 -6.8901e-04 -6.9018e-04 -6.9069e-04 -6.9053e-04 -6.8968e-04 -6.8815e-04 -6.8592e-04 -6.8299e-04 -6.7937e-04 -6.7505e-04 -6.7004e-04 -6.6434e-04 -6.5796e-04 -6.5092e-04 -6.4321e-04 -6.3486e-04 -6.2588e-04 -6.1630e-04 -6.0612e-04 -5.9538e-04 -5.8410e-04 -5.7231e-04 -5.6004e-04 -5.4731e-04 -5.3416e-04
-1.5990e-06 -4.5225e-06 -8.3084e-06 -1.2792e-05 -1.7877e-05 -2.3499e-05 -2.9612e-05 -3.6179e-05 -4.3169e-05 -5.0558e-05 -5.8326e-05 -6.6453e-05 -7.4925e-05 -8.3726e-05 -9.2844e-05 7.2054e-04 -1.1198e-04 -1.2198e-04 -1.3225e-04 -1.4279e-04 -1.5357e-04 -1.6461e-04 -1.7588e-04 -1.8738e-04 -1.9909e-04 -2.1101e-04 -2.2314e-04 -2.3545e-04 -2.4795e-04 -2.6062e-04 -2.7345e-04 -2.8642e-04 -2.9954e-04 -3.1279e-04 -3.2616e-04 -3.3963e-04 -3.5319e-04 -3.6683e-04 -3.8054e-04 -3.9429e-04 -4.0809e-04 -4.2190e-04 -4.3572e-04 -4.4952e-04 -4.6330e-04 -4.7703e-04 -4.9069e-04 -5.0427e-04 -5.1775e-04 -5.3110e-04 -5.4430e-04 -5.5734e-04 -5.7018e-04 -5.8282e-04 -5.9522e-04 -6.0736e-04 -6.1923e-04 -6.3078e-04 -6.4201e-04 -6.5288e-04 -6.6337e-04 -6.7346e-04 -6.8312e-04 -6.9233e-04 -7.0106e-04 -7.0929e-04 -7.1700e-04 -7.2416e-04 -7.3074e-04 -7.3673e-04 -7.4211e-04 -7.4686e-04 -7.5095e-04 -7.5436e-04 -7.5709e-04 -7.5912e-04 -7.6042e-04 -7.6099e-04 -7.6082e-04 -7.5990e-04 -7.5822e-04 -7.5578e-04 -7.5257e-04 -7.4859e-04 -7.4384e-04 -7.3834e-04 -7.3207e-04 -7.2506e-04 -7.1730e-04 -7.0882e-04 -6.9964e-04 -6.8976e-04 -6.7921e-04 -6.6801e-04 -6.5619e-04 -6.4378e-04 -6.3080e-04 -6.1729e-04 -6.0328e-04 -5.8880e-04 -1.5990e-06 -4.5225e-06 -8.3084e-06 -1.2792e-05 -1.7877e-05 -2.3499e-05 -2.9612e-05 -3.6179e-05 -4.3169e-05 -5.0558e-05 -5.8326e-05 -6.6453e-05 -7.4925e-05 -8.3726e-05 -9.2844e-05 0.0000e+00 -1.1198e-04 -1.2198e-04 -1.3225e-04 -1.4279e-04 -1.5357e-04 -1.6461e-04 -1.7588e-04 -1.8738e-04 -1.9909e-04 -2.1101e-04 -2.2314e-04 -2.3545e-04 -2.4795e-04 -2.6062e-04 -2.7344e-04 -2.8642e-04 -2.9954e-04 -3.1279e-04 -3.2615e-04 -3.3962e-04 -3.5318e-04 -3.6682e-04 -3.8053e-04 -3.9429e-04 -4.0808e-04 -4.2189e-04 -4.3571e-04 -4.4951e-04 -4.6329e-04 -4.7702e-04 -4.9068e-04 -5.0426e-04 -5.1773e-04 -5.3108e-04 -5.4428e-04 -5.5731e-04 -5.7015e-04 -5.8279e-04 -5.9518e-04 -6.0732e-04 -6.1918e-04 -6.3073e-04 -6.4196e-04 -6.5282e-04 -6.6331e-04 -6.7340e-04 -6.8305e-04 -6.9226e-04 -7.0098e-04 -7.0921e-04 -7.1690e-04 -7.2405e-04 -7.3063e-04 -7.3662e-04 -7.4199e-04 -7.4672e-04 -7.5081e-04 -7.5422e-04 -7.5694e-04 -7.5895e-04 -7.6025e-04 -7.6081e-04 -7.6063e-04 -7.5970e-04 -7.5801e-04 -7.5556e-04 -7.5233e-04 -7.4835e-04 -7.4359e-04 -7.3807e-04 -7.3180e-04 -7.2477e-04 -7.1701e-04 -7.0852e-04 -6.9932e-04 -6.8944e-04 -6.7888e-04 -6.6767e-04 -6.5584e-04 -6.4342e-04 -6.3044e-04 -6.1692e-04 -6.0290e-04 -5.8841e-04
