1.0995e-08 -7.0709e-08 -1.2989e-07 -1.9995e-07 -2.7933e-07 -3.6695e-07 -4.6190e-07 -5.6337e-07 -6.7059e-07 -7.8270e-07 -8.9881e-07 -1.0179e-06 -1.1388e-06 -1.2602e-06 -1.3807e-06 -1.4985e-06 -1.6119e-06 -1.7189e-06 -1.8175e-06 -1.9054e-06 -1.9806e-06 -2.0410e-06 -2.0845e-06 -2.1094e-06 -2.1145e-06 -2.0986e-06 -2.0615e-06 -2.0033e-06 -1.9247e-06 -1.8274e-06 -1.7136e-06 -1.5859e-06 -1.4477e-06 -1.3026e-06 -1.1543e-06 -1.0068e-06 -8.6359e-07 -7.2787e-07 -6.0231e-07 -4.8892e-07 -3.8896e-07 -3.0299e-07 -2.3088e-07 -1.7193e-07 -1.2499e-07 -8.8623e-08 -6.1217e-08 -4.1152e-08 -2.6892e-08 -1.7063e-08 -1.0500e-08 -6.2597e-09 -3.6105e-09 -2.0124e-09 -1.0825e-09 -5.6126e-10 -2.8012e-10 -1.3440e-10 -6.1905e-11 -2.7335e-11 -1.1555e-11 -4.6693e-12 -1.8011e-12 -6.6217e-13 -2.3168e-13 -7.7027e-14 -2.4297e-14 -7.2594e-15 -2.0513e-15 -5.4726e-16 -1.3762e-16 -3.2568e-17 -7.2401e-18 -1.5094e-18 -2.9458e-19 -5.3725e-20 -9.1396e-21 -1.4477e-21 -2.1311e-22 -2.9100e-23 -3.6791e-24 -4.2982e-25 -4.6313e-26 -4.5932e-27 -4.1846e-28 -3.4951e-29 -2.6707e-30 -1.8632e-31 -1.1843e-32 -6.8436e-34 -3.5877e-35 -1.7026e-36 -7.2984e-38 -2.8196e-39 -9.7954e-41 -3.0532e-42 -8.5188e-44 -2.1227e-45 -4.7130e-47 -9.3016e-49 0.0000e+00 -7.0709e-08 -1.2989e-07 -1.9995e-07 -2.7933e-07 -3.6695e-07 -4.6190e-07 -5.6337e-07 -6.7059e-07 -7.8270e-07 -8.9881e-07 -1.0179e-06 -1.1388e-06 -1.2602e-06 -1.3807e-06 -1.4985e-06 -1.6119e-06 -1.7189e-06 -1.8175e-06 -1.9054e-06 -1.9806e-06 -2.0410e-06 -2.0845e-06 -2.1094e-06 -2.1145e-06 -2.0986e-06 -2.0615e-06 -2.0032e-06 -1.9247e-06 -1.8274e-06 -1.7136e-06 -1.5859e-06 -1.4477e-06 -1.3026e-06 -1.1543e-06 -1.0068e-06 -8.6358e-07 -7.2787e-07 -6.0231e-07 -4.8892e-07 -3.8896e-07 -3.0299e-07 -2.3087e-07 -1.7193e-07 -1.2499e-07 -8.8622e-08 -6.1217e-08 -4.1152e-08 -2.6891e-08 -1.7063e-08 -1.0500e-08 -6.2597e-09 -3.6105e-09 -2.0123e-09 -1.0825e-09 -5.6125e-10 -2.8012e-10 -1.3440e-10 -6.1904e-11 -2.7335e-11 -1.1555e-11 -4.6693e-12 -1.8011e-12 -6.6216e-13 -2.3168e-13 -7.7026e-14 -2.4296e-14 -7.2593e-15 -2.0512e-15 -5.4724e-16 -1.3762e-16 -3.2567e-17 -7.2399e-18 -1.5093e-18 -2.9457e-19 -5.3723e-20 -9.1393e-21 -1.4476e-21 -2.1310e-22 -2.9099e-23 -3.6789e-24 -4.2981e-25 -4.6311e-26 -4.5929e-27 -4.1844e-28 -3.4949e-29 -2.6706e-30 -1.8631e-31 -1.1842e-32 -6.8432e-34 -3.5875e-35 -1.7025e-36 -7.2978e-38 -2.8194e-39 -9.7946e-41 -3.0529e-42 -8.5180e-44 -2.1226e-45 -4.7126e-47 -9.3006e-49
-7.0709e-08 1.7592e-07 -3.6739e-07 -5.6553e-07 -7.9006e-07 -1.0379e-06 -1.3064e-06 -1.5934e-06 -1.8967e-06 -2.2138e-06 -2.5422e-06 -2.8790e-06 -3.2210e-06 -3.5644e-06 -3.9051e-06 -4.2383e-06 -4.5591e-06 -4.8618e-06 -5.1406e-06 -5.3894e-06 -5.6021e-06 -5.7727e-06 -5.8958e-06 -5.9664e-06 -5.9806e-06 -5.9358e-06 -5.8308e-06 -5.6660e-06 -5.4440e-06 -5.1688e-06 -4.8467e-06 -4.4856e-06 -4.0947e-06 -3.6842e-06 -3.2650e-06 -2.8477e-06 -2.4427e-06 -2.0588e-06 -1.7037e-06 -1.3829e-06 -1.1002e-06 -8.5702e-07 -6.5306e-07 -4.8632e-07 -3.5356e-07 -2.5068e-07 -1.7316e-07 -1.1641e-07 -7.6070e-08 -4.8268e-08 -2.9704e-08 -1.7708e-08 -1.0214e-08 -5.6928e-09 -3.0623e-09 -1.5878e-09 -7.9248e-10 -3.8023e-10 -1.7514e-10 -7.7336e-11 -3.2692e-11 -1.3211e-11 -5.0960e-12 -1.8736e-12 -6.5555e-13 -2.1796e-13 -6.8751e-14 -2.0542e-14 -5.8047e-15 -1.5487e-15 -3.8947e-16 -9.2170e-17 -2.0491e-17 -4.2720e-18 -8.3378e-19 -1.5207e-19 -2.5871e-20 -4.0980e-21 -6.0328e-22 -8.2383e-23 -1.0416e-23 -1.2169e-24 -1.3113e-25 -1.3006e-26 -1.1850e-27 -9.8977e-29 -7.5636e-30 -5.2770e-31 -3.3543e-32 -1.9385e-33 -1.0163e-34 -4.8234e-36 -2.0677e-37 -7.9889e-39 -2.7756e-40 -8.6520e-42 -2.4142e-43 -6.0164e-45 -1.3359e-46 -2.6368e-48 -7.0709e-08 0.0000e+00 -3.6739e-07 -5.6553e-07 -7.9006e-07 -1.0379e-06 -1.3064e-06 -1.5934e-06 -1.8967e-06 -2.2138e-06 -2.5422e-06 -2.8790e-06 -3.2210e-06 -3.5644e-06 -3.9051e-06 -4.2383e-06 -4.5591e-06 -4.8618e-06 -5.1406e-06 -5.3894e-06 -5.6020e-06 -5.7727e-06 -5.8957e-06 -5.9663e-06 -5.9806e-06 -5.9358e-06 -5.8307e-06 -5.6660e-06 -5.4439e-06 -5.1687e-06 -4.8467e-06 -4.4856e-06 -4.0946e-06 -3.6842e-06 -3.2649e-06 -2.8477e-06 -2.4426e-06 -2.0587e-06 -1.7036e-06 -1.3829e-06 -1.1001e-06 -8.5698e-07 -6.5302e-07 -4.8629e-07 -3.5353e-07 -2.5067e-07 -1.7315e-07 -1.1640e-07 -7.6063e-08 -4.8263e-08 -2.9701e-08 -1.7706e-08 -1.0212e-08 -5.6920e-09 -3.0619e-09 -1.5875e-09 -7.9234e-10 -3.8016e-10 -1.7510e-10 -7.7320e-11 -3.2685e-11 -1.3208e-11 -5.0947e-12 -1.8731e-12 -6.5536e-13 -2.1789e-13 -6.8729e-14 -2.0535e-14 -5.8026e-15 -1.5481e-15 -3.8931e-16 -9.2130e-17 -2.0481e-17 -4.2700e-18 -8.3336e-19 -1.5199e-19 -2.5856e-20 -4.0956e-21 -6.0290e-22 -8.2329e-23 -1.0409e-23 -1.2161e-24 -1.3103e-25 -1.2995e-26 -1.1840e-27 -9.8890e-29 -7.5566e-30 -5.2720e-31 -3.3510e-32 -1.9365e-33 -1.0152e-34 -4.8179e-36 -2.0653e-37 -7.9789e-39 -2.7720e-40 -8.6403e-42 -2.4108e-43 -6.0075e-45 -1.3339e-46 -2.6326e-48
-1.2989e-07 -3.6739e-07 8.9057e-07 -1.0389e-06 -1.4513e-06 -1.9066e-06 -2.3999e-06 -2.9271e-06 -3.4842e-06 -4.0667e-06 -4.6700e-06 -5.2888e-06 -5.9170e-06 -6.5478e-06 -7.1736e-06 -7.7859e-06 -8.3751e-06 -8.9312e-06 -9.4434e-06 -9.9004e-06 -1.0291e-05 -1.0605e-05 -1.0831e-05 -1.0961e-05 -1.0987e-05 -1.0905e-05 -1.0712e-05 -1.0409e-05 -1.0001e-05 -9.4958e-06 -8.9043e-06 -8.2409e-06 -7.5228e-06 -6.7688e-06 -5.9987e-06 -5.2322e-06 -4.4880e-06 -3.7828e-06 -3.1303e-06 -2.5411e-06 -2.0216e-06 -1.5748e-06 -1.2001e-06 -8.9369e-07 -6.4975e-07 -4.6071e-07 -3.1825e-07 -2.1395e-07 -1.3982e-07 -8.8722e-08 -5.4602e-08 -3.2552e-08 -1.8777e-08 -1.0466e-08 -5.6305e-09 -2.9196e-09 -1.4573e-09 -6.9925e-10 -3.2211e-10 -1.4225e-10 -6.0137e-11 -2.4304e-11 -9.3757e-12 -3.4474e-12 -1.2063e-12 -4.0113e-13 -1.2654e-13 -3.7815e-14 -1.0687e-14 -2.8516e-15 -7.1723e-16 -1.6976e-16 -3.7746e-17 -7.8706e-18 -1.5364e-18 -2.8026e-19 -4.7687e-20 -7.5552e-21 -1.1124e-21 -1.5194e-22 -1.9214e-23 -2.2454e-24 -2.4200e-25 -2.4008e-26 -2.1879e-27 -1.8279e-28 -1.3972e-29 -9.7506e-31 -6.1996e-32 -3.5838e-33 -1.8794e-34 -8.9225e-36 -3.8261e-37 -1.4787e-38 -5.1392e-40 -1.6025e-41 -4.4732e-43 -1.1152e-44 -2.4771e-46 -4.8910e-48 -1.2989e-07 -3.6739e-07 0.0000e+00 -1.0389e-06 -1.4513e-06 -1.9066e-06 -2.3999e-06 -2.9271e-06 -3.4842e-06 -4.0667e-06 -4.6700e-06 -5.2888e-06 -5.9170e-06 -6.5478e-06 -7.1736e-06 -7.7858e-06 -8.3751e-06 -8.9311e-06 -9.4433e-06 -9.9003e-06 -1.0291e-05 -1.0604e-05 -1.0831e-05 -1.0960e-05 -1.0986e-05 -1.0904e-05 -1.0711e-05 -1.0409e-05 -1.0001e-05 -9.4952e-06 -8.9036e-06 -8.2402e-06 -7.5221e-06 -6.7681e-06 -5.9979e-06 -5.2314e-06 -4.4873e-06 -3.7821e-06 -3.1298e-06 -2.5406e-06 -2.0212e-06 -1.5744e-06 -1.1997e-06 -8.9342e-07 -6.4953e-07 -4.6054e-07 -3.1813e-07 -2.1386e-07 -1.3975e-07 -8.8677e-08 -5.4572e-08 -3.2533e-08 -1.8765e-08 -1.0459e-08 -5.6263e-09 -2.9173e-09 -1.4560e-09 -6.9861e-10 -3.2179e-10 -1.4210e-10 -6.0069e-11 -2.4275e-11 -9.3638e-12 -3.4427e-12 -1.2046e-12 -4.0051e-13 -1.2634e-13 -3.7750e-14 -1.0667e-14 -2.8461e-15 -7.1576e-16 -1.6939e-16 -3.7659e-17 -7.8516e-18 -1.5324e-18 -2.7950e-19 -4.7552e-20 -7.5326e-21 -1.1089e-21 -1.5144e-22 -1.9148e-23 -2.2372e-24 -2.4107e-25 -2.3911e-26 -2.1787e-27 -1.8198e-28 -1.3907e-29 -9.7035e-31 -6.1683e-32 -3.5649e-33 -1.8691e-34 -8.8711e-36 -3.8031e-37 -1.4694e-38 -5.1056e-40 -1.5916e-41 -4.4414e-43 -1.1069e-44 -2.4580e-46 -4.8517e-48
-1.9995e-07 -5.6553e-07 -1.0389e-06 2.8146e-06 -2.2341e-06 -2.9348e-06 -3.6942e-06 -4.5058e-06 -5.3633e-06 -6.2600e-06 -7.1887e-06 -8.1412e-06 -9.1082e-06 -1.0079e-05 -1.1043e-05 -1.1985e-05 -1.2892e-05 -1.3748e-05 -1.4537e-05 -1.5241e-05 -1.5842e-05 -1.6325e-05 -1.6673e-05 -1.6873e-05 -1.6914e-05 -1.6788e-05 -1.6491e-05 -1.6026e-05 -1.5398e-05 -1.4620e-05 -1.3710e-05 -1.2689e-05 -1.1584e-05 -1.0423e-05 -9.2376e-06 -8.0576e-06 -6.9119e-06 -5.8261e-06 -4.8216e-06 -3.9142e-06 -3.1142e-06 -2.4262e-06 -1.8489e-06 -1.3770e-06 -1.0012e-06 -7.1001e-07 -4.9052e-07 -3.2980e-07 -2.1555e-07 -1.3680e-07 -8.4200e-08 -5.0205e-08 -2.8964e-08 -1.6147e-08 -8.6880e-09 -4.5058e-09 -2.2494e-09 -1.0796e-09 -4.9741e-10 -2.1971e-10 -9.2907e-11 -3.7556e-11 -1.4492e-11 -5.3300e-12 -1.8657e-12 -6.2054e-13 -1.9582e-13 -5.8536e-14 -1.6548e-14 -4.4172e-15 -1.1114e-15 -2.6316e-16 -5.8536e-17 -1.2211e-17 -2.3846e-18 -4.3518e-19 -7.4083e-20 -1.1743e-20 -1.7299e-21 -2.3640e-22 -2.9911e-23 -3.4974e-24 -3.7715e-25 -3.7438e-26 -3.4139e-27 -2.8541e-28 -2.1830e-29 -1.5245e-30 -9.7002e-32 -5.6115e-33 -2.9451e-34 -1.3992e-35 -6.0051e-37 -2.3228e-38 -8.0798e-40 -2.5217e-41 -7.0454e-43 -1.7581e-44 -3.9089e-46 -7.7259e-48 -1.9995e-07 -5.6553e-07 -1.0389e-06 0.0000e+00 -2.2341e-06 -2.9348e-06 -3.6942e-06 -4.5058e-06 -5.3633e-06 -6.2600e-06 -7.1887e-06 -8.1412e-06 -9.1082e-06 -1.0079e-05 -1.1043e-05 -1.1985e-05 -1.2892e-05 -1.3748e-05 -1.4536e-05 -1.5240e-05 -1.5842e-05 -1.6324e-05 -1.6672e-05 -1.6872e-05 -1.6912e-05 -1.6786e-05 -1.6489e-05 -1.6023e-05 -1.5395e-05 -1.4617e-05 -1.3707e-05 -1.2686e-05 -1.1580e-05 -1.0420e-05 -9.2340e-06 -8.0541e-06 -6.9086e-06 -5.8230e-06 -4.8187e-06 -3.9116e-06 -3.1120e-06 -2.4242e-06 -1.8473e-06 -1.3757e-06 -1.0002e-06 -7.0920e-07 -4.8991e-07 -3.2935e-07 -2.1523e-07 -1.3658e-07 -8.4054e-08 -5.0111e-08 -2.8905e-08 -1.6112e-08 -8.6677e-09 -4.4945e-09 -2.2434e-09 -1.0765e-09 -4.9587e-10 -2.1898e-10 -9.2579e-11 -3.7415e-11 -1.4434e-11 -5.3072e-12 -1.8572e-12 -6.1754e-13 -1.9482e-13 -5.8218e-14 -1.6453e-14 -4.3903e-15 -1.1042e-15 -2.6136e-16 -5.8114e-17 -1.2118e-17 -2.3655e-18 -4.3150e-19 -7.3424e-20 -1.1633e-20 -1.7128e-21 -2.3395e-22 -2.9586e-23 -3.4574e-24 -3.7264e-25 -3.6968e-26 -3.3690e-27 -2.8148e-28 -2.1516e-29 -1.5015e-30 -9.5472e-32 -5.5190e-33 -2.8944e-34 -1.3741e-35 -5.8926e-37 -2.2774e-38 -7.9153e-40 -2.4682e-41 -6.8899e-43 -1.7177e-44 -3.8155e-46 -7.5339e-48
-2.7933e-07 -7.9006e-07 -1.4513e-06 -2.2341e-06 6.8716e-06 -4.1000e-06 -5.1609e-06 -6.2948e-06 -7.4927e-06 -8.7455e-06 -1.0043e-05 -1.1374e-05 -1.2725e-05 -1.4081e-05 -1.5427e-05 -1.6744e-05 -1.8012e-05 -1.9208e-05 -2.0310e-05 -2.1293e-05 -2.2134e-05 -2.2810e-05 -2.3297e-05 -2.3577e-05 -2.3634e-05 -2.3459e-05 -2.3045e-05 -2.2396e-05 -2.1520e-05 -2.0434e-05 -1.9163e-05 -1.7737e-05 -1.6193e-05 -1.4572e-05 -1.2916e-05 -1.1267e-05 -9.6661e-06 -8.1486e-06 -6.7445e-06 -5.4760e-06 -4.3575e-06 -3.3952e-06 -2.5879e-06 -1.9277e-06 -1.4019e-06 -9.9437e-07 -6.8712e-07 -4.6209e-07 -3.0209e-07 -1.9177e-07 -1.1807e-07 -7.0421e-08 -4.0640e-08 -2.2664e-08 -1.2199e-08 -6.3289e-09 -3.1609e-09 -1.5176e-09 -6.9954e-10 -3.0914e-10 -1.3079e-10 -5.2896e-11 -2.0422e-11 -7.5152e-12 -2.6321e-12 -8.7599e-13 -2.7661e-13 -8.2742e-14 -2.3408e-14 -6.2527e-15 -1.5744e-15 -3.7309e-16 -8.3057e-17 -1.7341e-17 -3.3895e-18 -6.1914e-19 -1.0550e-19 -1.6739e-20 -2.4685e-21 -3.3770e-22 -4.2777e-23 -5.0074e-24 -5.4064e-25 -5.3733e-26 -4.9062e-27 -4.1070e-28 -3.1457e-29 -2.1999e-30 -1.4018e-31 -8.1215e-33 -4.2691e-34 -2.0315e-35 -8.7331e-37 -3.3838e-38 -1.1791e-39 -3.6866e-41 -1.0319e-42 -2.5799e-44 -5.7474e-46 -1.1383e-47 -2.7933e-07 -7.9006e-07 -1.4513e-06 -2.2341e-06 0.0000e+00 -4.1000e-06 -5.1609e-06 -6.2948e-06 -7.4927e-06 -8.7454e-06 -1.0043e-05 -1.1373e-05 -1.2724e-05 -1.4081e-05 -1.5427e-05 -1.6744e-05 -1.8011e-05 -1.9207e-05 -2.0308e-05 -2.1291e-05 -2.2132e-05 -2.2806e-05 -2.3293e-05 -2.3572e-05 -2.3629e-05 -2.3452e-05 -2.3038e-05 -2.2387e-05 -2.1510e-05 -2.0424e-05 -1.9152e-05 -1.7726e-05 -1.6181e-05 -1.4560e-05 -1.2904e-05 -1.1255e-05 -9.6548e-06 -8.1380e-06 -6.7347e-06 -5.4672e-06 -4.3498e-06 -3.3887e-06 -2.5824e-06 -1.9232e-06 -1.3984e-06 -9.9159e-07 -6.8504e-07 -4.6056e-07 -3.0101e-07 -1.9102e-07 -1.1757e-07 -7.0101e-08 -4.0440e-08 -2.2544e-08 -1.2130e-08 -6.2903e-09 -3.1402e-09 -1.5070e-09 -6.9429e-10 -3.0666e-10 -1.2967e-10 -5.2412e-11 -2.0223e-11 -7.4373e-12 -2.6031e-12 -8.6574e-13 -2.7318e-13 -8.1653e-14 -2.3082e-14 -6.1605e-15 -1.5499e-15 -3.6694e-16 -8.1613e-17 -1.7023e-17 -3.3239e-18 -6.0653e-19 -1.0324e-19 -1.6362e-20 -2.4101e-21 -3.2931e-22 -4.1661e-23 -4.8704e-24 -5.2514e-25 -5.2120e-26 -4.7520e-27 -3.9720e-28 -3.0376e-29 -2.1209e-30 -1.3492e-31 -7.8037e-33 -4.0948e-34 -1.9451e-35 -8.3459e-37 -3.2275e-38 -1.1224e-39 -3.5023e-41 -9.7828e-43 -2.4405e-44 -5.4249e-46 -1.0720e-47
-3.6695e-07 -1.0379e-06 -1.9066e-06 -2.9348e-06 -4.1000e-06 1.4249e-05 -6.7797e-06 -8.2692e-06 -9.8429e-06 -1.1489e-05 -1.3193e-05 -1.4941e-05 -1.6716e-05 -1.8499e-05 -2.0267e-05 -2.1998e-05 -2.3663e-05 -2.5235e-05 -2.6684e-05 -2.7977e-05 -2.9083e-05 -2.9971e-05 -3.0612e-05 -3.0982e-05 -3.1060e-05 -3.0831e-05 -3.0290e-05 -2.9439e-05 -2.8290e-05 -2.6865e-05 -2.5197e-05 -2.3325e-05 -2.1298e-05 -1.9168e-05 -1.6993e-05 -1.4826e-05 -1.2722e-05 -1.0727e-05 -8.8805e-06 -7.2120e-06 -5.7405e-06 -4.4741e-06 -3.4113e-06 -2.5419e-06 -1.8493e-06 -1.3121e-06 -9.0707e-07 -6.1026e-07 -3.9914e-07 -2.5350e-07 -1.5616e-07 -9.3188e-08 -5.3809e-08 -3.0027e-08 -1.6172e-08 -8.3960e-09 -4.1962e-09 -2.0162e-09 -9.3011e-10 -4.1137e-10 -1.7419e-10 -7.0514e-11 -2.7250e-11 -1.0038e-11 -3.5193e-12 -1.1726e-12 -3.7068e-13 -1.1101e-13 -3.1445e-14 -8.4105e-15 -2.1206e-15 -5.0322e-16 -1.1219e-16 -2.3459e-17 -4.5926e-18 -8.4028e-19 -1.4343e-19 -2.2797e-20 -3.3680e-21 -4.6162e-22 -5.8587e-23 -6.8721e-24 -7.4352e-25 -7.4056e-26 -6.7768e-27 -5.6860e-28 -4.3654e-29 -3.0603e-30 -1.9550e-31 -1.1356e-32 -5.9849e-34 -2.8559e-35 -1.2311e-36 -4.7840e-38 -1.6720e-39 -5.2436e-41 -1.4723e-42 -3.6927e-44 -8.2537e-46 -1.6401e-47 -3.6695e-07 -1.0379e-06 -1.9066e-06 -2.9348e-06 -4.1000e-06 0.0000e+00 -6.7797e-06 -8.2692e-06 -9.8428e-06 -1.1489e-05 -1.3193e-05 -1.4941e-05 -1.6716e-05 -1.8498e-05 -2.0266e-05 -2.1996e-05 -2.3661e-05 -2.5232e-05 -2.6679e-05 -2.7971e-05 -2.9075e-05 -2.9962e-05 -3.0601e-05 -3.0969e-05 -3.1044e-05 -3.0813e-05 -3.0269e-05 -2.9415e-05 -2.8264e-05 -2.6837e-05 -2.5167e-05 -2.3293e-05 -2.1265e-05 -1.9135e-05 -1.6960e-05 -1.4794e-05 -1.2691e-05 -1.0698e-05 -8.8540e-06 -7.1882e-06 -5.7196e-06 -4.4562e-06 -3.3963e-06 -2.5296e-06 -1.8395e-06 -1.3046e-06 -9.0137e-07 -6.0610e-07 -3.9619e-07 -2.5146e-07 -1.5480e-07 -9.2315e-08 -5.3265e-08 -2.9700e-08 -1.5983e-08 -8.2906e-09 -4.1397e-09 -1.9872e-09 -9.1577e-10 -4.0459e-10 -1.7113e-10 -6.9193e-11 -2.6706e-11 -9.8250e-12 -3.4400e-12 -1.1445e-12 -3.6129e-13 -1.0803e-13 -3.0552e-14 -8.1579e-15 -2.0534e-15 -4.8638e-16 -1.0823e-16 -2.2587e-17 -4.4129e-18 -8.0570e-19 -1.3722e-19 -2.1761e-20 -3.2074e-21 -4.3854e-22 -5.5518e-23 -6.4951e-24 -7.0085e-25 -6.9612e-26 -6.3518e-27 -5.3137e-28 -4.0671e-29 -2.8422e-30 -1.8098e-31 -1.0477e-32 -5.5030e-34 -2.6166e-35 -1.1239e-36 -4.3510e-38 -1.5148e-39 -4.7320e-41 -1.3233e-42 -3.3053e-44 -7.3563e-46 -1.4555e-47
-4.6190e-07 -1.3064e-06 -2.3999e-06 -3.6942e-06 -5.1609e-06 -6.7797e-06 2.6397e-05 -1.0409e-05 -1.2390e-05 -1.4462e-05 -1.6607e-05 -1.8808e-05 -2.1043e-05 -2.3287e-05 -2.5514e-05 -2.7693e-05 -2.9790e-05 -3.1771e-05 -3.3595e-05 -3.5225e-05 -3.6620e-05 -3.7741e-05 -3.8551e-05 -3.9020e-05 -3.9122e-05 -3.8838e-05 -3.8161e-05 -3.7094e-05 -3.5652e-05 -3.3862e-05 -3.1765e-05 -2.9411e-05 -2.6861e-05 -2.4182e-05 -2.1443e-05 -1.8714e-05 -1.6063e-05 -1.3549e-05 -1.1221e-05 -9.1166e-06 -7.2596e-06 -5.6608e-06 -4.3182e-06 -3.2195e-06 -2.3435e-06 -1.6639e-06 -1.1510e-06 -7.7490e-07 -5.0720e-07 -3.2238e-07 -1.9875e-07 -1.1871e-07 -6.8612e-08 -3.8325e-08 -2.0663e-08 -1.0739e-08 -5.3735e-09 -2.5851e-09 -1.1940e-09 -5.2880e-10 -2.2423e-10 -9.0905e-11 -3.5184e-11 -1.2981e-11 -4.5589e-12 -1.5216e-12 -4.8190e-13 -1.4460e-13 -4.1039e-14 -1.0999e-14 -2.7793e-15 -6.6098e-16 -1.4770e-16 -3.0958e-17 -6.0757e-18 -1.1145e-18 -1.9074e-19 -3.0400e-20 -4.5039e-21 -6.1912e-22 -7.8814e-23 -9.2733e-24 -1.0065e-24 -1.0058e-25 -9.2356e-27 -7.7762e-28 -5.9915e-29 -4.2158e-30 -2.7033e-31 -1.5764e-32 -8.3412e-34 -3.9965e-35 -1.7300e-36 -6.7514e-38 -2.3699e-39 -7.4657e-41 -2.1058e-42 -5.3063e-44 -1.1917e-45 -2.3796e-47 -4.6190e-07 -1.3064e-06 -2.3999e-06 -3.6942e-06 -5.1609e-06 -6.7797e-06 0.0000e+00 -1.0409e-05 -1.2390e-05 -1.4461e-05 -1.6607e-05 -1.8807e-05 -2.1041e-05 -2.3285e-05 -2.5511e-05 -2.7688e-05 -2.9784e-05 -3.1763e-05 -3.3585e-05 -3.5212e-05 -3.6603e-05 -3.7719e-05 -3.8526e-05 -3.8989e-05 -3.9085e-05 -3.8795e-05 -3.8112e-05 -3.7039e-05 -3.5591e-05 -3.3796e-05 -3.1695e-05 -2.9338e-05 -2.6785e-05 -2.4104e-05 -2.1366e-05 -1.8639e-05 -1.5991e-05 -1.3482e-05 -1.1159e-05 -9.0610e-06 -7.2107e-06 -5.6188e-06 -4.2831e-06 -3.1908e-06 -2.3207e-06 -1.6462e-06 -1.1377e-06 -7.6517e-07 -5.0029e-07 -3.1762e-07 -1.9558e-07 -1.1667e-07 -6.7340e-08 -3.7560e-08 -2.0220e-08 -1.0492e-08 -5.2413e-09 -2.5170e-09 -1.1604e-09 -5.1293e-10 -2.1705e-10 -8.7808e-11 -3.3909e-11 -1.2482e-11 -4.3728e-12 -1.4558e-12 -4.5983e-13 -1.3759e-13 -3.8938e-14 -1.0405e-14 -2.6210e-15 -6.2132e-16 -1.3837e-16 -2.8902e-17 -5.6517e-18 -1.0328e-18 -1.7608e-19 -2.7952e-20 -4.1241e-21 -5.6450e-22 -7.1544e-23 -8.3797e-24 -9.0529e-25 -9.0030e-26 -8.2256e-27 -6.8904e-28 -5.2812e-29 -3.6960e-30 -2.3568e-31 -1.3665e-32 -7.1888e-34 -3.4238e-35 -1.4730e-36 -5.7125e-38 -1.9924e-39 -6.2352e-41 -1.7470e-42 -4.3720e-44 -9.7498e-46 -1.9330e-47
-5.6337e-07 -1.5934e-06 -2.9271e-06 -4.5058e-06 -6.2948e-06 -8.2692e-06 -1.0409e-05 4.5032e-05 -1.5112e-05 -1.7639e-05 -2.0257e-05 -2.2941e-05 -2.5667e-05 -2.8406e-05 -3.1123e-05 -3.3782e-05 -3.6343e-05 -3.8761e-05 -4.0990e-05 -4.2981e-05 -4.4687e-05 -4.6059e-05 -4.7054e-05 -4.7633e-05 -4.7764e-05 -4.7426e-05 -4.6608e-05 -4.5314e-05 -4.3562e-05 -4.1386e-05 -3.8835e-05 -3.5969e-05 -3.2861e-05 -2.9594e-05 -2.6253e-05 -2.2923e-05 -1.9685e-05 -1.6613e-05 -1.3767e-05 -1.1192e-05 -8.9178e-06 -6.9587e-06 -5.3125e-06 -3.9639e-06 -2.8880e-06 -2.0523e-06 -1.4211e-06 -9.5778e-07 -6.2760e-07 -3.9938e-07 -2.4654e-07 -1.4745e-07 -8.5341e-08 -4.7740e-08 -2.5779e-08 -1.3420e-08 -6.7268e-09 -3.2419e-09 -1.5003e-09 -6.6576e-10 -2.8289e-10 -1.1494e-10 -4.4586e-11 -1.6489e-11 -5.8051e-12 -1.9425e-12 -6.1686e-13 -1.8560e-13 -5.2829e-14 -1.4201e-14 -3.5996e-15 -8.5881e-16 -1.9255e-16 -4.0496e-17 -7.9756e-18 -1.4683e-18 -2.5224e-19 -4.0358e-20 -6.0032e-21 -8.2860e-22 -1.0593e-22 -1.2517e-23 -1.3647e-24 -1.3700e-25 -1.2638e-26 -1.0691e-27 -8.2781e-29 -5.8539e-30 -3.7729e-31 -2.2115e-32 -1.1765e-33 -5.6675e-35 -2.4670e-36 -9.6818e-38 -3.4181e-39 -1.0831e-40 -3.0732e-42 -7.7907e-44 -1.7604e-45 -3.5371e-47 -5.6337e-07 -1.5934e-06 -2.9271e-06 -4.5058e-06 -6.2948e-06 -8.2692e-06 -1.0409e-05 0.0000e+00 -1.5112e-05 -1.7639e-05 -2.0255e-05 -2.2939e-05 -2.5664e-05 -2.8401e-05 -3.1117e-05 -3.3773e-05 -3.6330e-05 -3.8744e-05 -4.0968e-05 -4.2953e-05 -4.4651e-05 -4.6015e-05 -4.7001e-05 -4.7569e-05 -4.7688e-05 -4.7337e-05 -4.6506e-05 -4.5200e-05 -4.3436e-05 -4.1250e-05 -3.8688e-05 -3.5815e-05 -3.2703e-05 -2.9433e-05 -2.6093e-05 -2.2766e-05 -1.9536e-05 -1.6473e-05 -1.3637e-05 -1.1076e-05 -8.8160e-06 -6.8714e-06 -5.2393e-06 -3.9042e-06 -2.8404e-06 -2.0155e-06 -1.3933e-06 -9.3747e-07 -6.1318e-07 -3.8946e-07 -2.3992e-07 -1.4318e-07 -8.2683e-08 -4.6142e-08 -2.4854e-08 -1.2904e-08 -6.4499e-09 -3.0994e-09 -1.4299e-09 -6.3247e-10 -2.6784e-10 -1.0844e-10 -4.1910e-11 -1.5440e-11 -5.4140e-12 -1.8041e-12 -5.7041e-13 -1.7085e-13 -4.8403e-14 -1.2948e-14 -3.2654e-15 -7.7502e-16 -1.7282e-16 -3.6145e-17 -7.0776e-18 -1.2952e-18 -2.2114e-19 -3.5158e-20 -5.1955e-21 -7.1230e-22 -9.0430e-23 -1.0610e-23 -1.1484e-24 -1.1442e-25 -1.0474e-26 -8.7914e-28 -6.7522e-29 -4.7356e-30 -3.0264e-31 -1.7587e-32 -9.2738e-34 -4.4275e-35 -1.9096e-36 -7.4247e-38 -2.5963e-39 -8.1475e-41 -2.2891e-42 -5.7452e-44 -1.2850e-45 -2.5553e-47
-6.7059e-07 -1.8967e-06 -3.4842e-06 -5.3633e-06 -7.4927e-06 -9.8429e-06 -1.2390e-05 -1.5112e-05 7.2129e-05 -2.0997e-05 -2.4113e-05 -2.7309e-05 -3.0555e-05 -3.3816e-05 -3.7053e-05 -4.0221e-05 -4.3272e-05 -4.6155e-05 -4.8814e-05 -5.1191e-05 -5.3229e-05 -5.4872e-05 -5.6067e-05 -5.6767e-05 -5.6936e-05 -5.6546e-05 -5.5586e-05 -5.4059e-05 -5.1988e-05 -4.9410e-05 -4.6382e-05 -4.2979e-05 -3.9286e-05 -3.5400e-05 -3.1422e-05 -2.7454e-05 -2.3593e-05 -1.9926e-05 -1.6525e-05 -1.3446e-05 -1.0725e-05 -8.3774e-06 -6.4025e-06 -4.7829e-06 -3.4890e-06 -2.4828e-06 -1.7216e-06 -1.1621e-06 -7.6267e-07 -4.8616e-07 -3.0064e-07 -1.8015e-07 -1.0447e-07 -5.8565e-08 -3.1694e-08 -1.6538e-08 -8.3094e-09 -4.0148e-09 -1.8629e-09 -8.2895e-10 -3.5325e-10 -1.4395e-10 -5.6018e-11 -2.0785e-11 -7.3421e-12 -2.4654e-12 -7.8576e-13 -2.3731e-13 -6.7810e-14 -1.8302e-14 -4.6582e-15 -1.1161e-15 -2.5134e-16 -5.3101e-17 -1.0507e-17 -1.9436e-18 -3.3553e-19 -5.3956e-20 -8.0673e-21 -1.1194e-21 -1.4387e-22 -1.7096e-23 -1.8744e-24 -1.8925e-25 -1.7561e-26 -1.4946e-27 -1.1643e-28 -8.2843e-30 -5.3730e-31 -3.1697e-32 -1.6972e-33 -8.2302e-35 -3.6066e-36 -1.4251e-37 -5.0658e-39 -1.6164e-40 -4.6191e-42 -1.1794e-43 -2.6842e-45 -5.4329e-47 -6.7059e-07 -1.8967e-06 -3.4842e-06 -5.3633e-06 -7.4927e-06 -9.8428e-06 -1.2390e-05 -1.5112e-05 0.0000e+00 -2.0995e-05 -2.4110e-05 -2.7306e-05 -3.0550e-05 -3.3808e-05 -3.7041e-05 -4.0204e-05 -4.3249e-05 -4.6123e-05 -4.8772e-05 -5.1138e-05 -5.3162e-05 -5.4788e-05 -5.5964e-05 -5.6644e-05 -5.6790e-05 -5.6377e-05 -5.5393e-05 -5.3842e-05 -5.1748e-05 -4.9149e-05 -4.6103e-05 -4.2686e-05 -3.8983e-05 -3.5092e-05 -3.1116e-05 -2.7155e-05 -2.3307e-05 -1.9658e-05 -1.6279e-05 -1.3225e-05 -1.0530e-05 -8.2103e-06 -6.2626e-06 -4.6686e-06 -3.3980e-06 -2.4122e-06 -1.6685e-06 -1.1232e-06 -7.3505e-07 -4.6714e-07 -2.8795e-07 -1.7197e-07 -9.9373e-08 -5.5497e-08 -2.9916e-08 -1.5546e-08 -7.7769e-09 -3.7405e-09 -1.7273e-09 -7.6482e-10 -3.2423e-10 -1.3142e-10 -5.0850e-11 -1.8757e-11 -6.5854e-12 -2.1974e-12 -6.9574e-13 -2.0870e-13 -5.9214e-14 -1.5866e-14 -4.0078e-15 -9.5285e-16 -2.1286e-16 -4.4601e-17 -8.7503e-18 -1.6046e-18 -2.7452e-19 -4.3739e-20 -6.4781e-21 -8.9021e-22 -1.1329e-22 -1.3325e-23 -1.4459e-24 -1.4444e-25 -1.3259e-26 -1.1160e-27 -8.5965e-29 -6.0471e-30 -3.8766e-31 -2.2600e-32 -1.1956e-33 -5.7272e-35 -2.4788e-36 -9.6717e-38 -3.3945e-39 -1.0692e-40 -3.0157e-42 -7.5986e-44 -1.7064e-45 -3.4075e-47
-7.8270e-07 -2.2138e-06 -4.0667e-06 -6.2600e-06 -8.7455e-06 -1.1489e-05 -1.4462e-05 -1.7639e-05 -2.0997e-05 1.0993e-04 -2.8146e-05 -3.1879e-05 -3.5669e-05 -3.9478e-05 -4.3259e-05 -4.6961e-05 -5.0529e-05 -5.3901e-05 -5.7014e-05 -5.9799e-05 -6.2191e-05 -6.4124e-05 -6.5535e-05 -6.6372e-05 -6.6589e-05 -6.6155e-05 -6.5057e-05 -6.3297e-05 -6.0900e-05 -5.7910e-05 -5.4394e-05 -5.0435e-05 -4.6133e-05 -4.1601e-05 -3.6957e-05 -3.2319e-05 -2.7801e-05 -2.3505e-05 -1.9516e-05 -1.5899e-05 -1.2698e-05 -9.9325e-06 -7.6025e-06 -5.6885e-06 -4.1567e-06 -2.9633e-06 -2.0588e-06 -1.3925e-06 -9.1589e-07 -5.8517e-07 -3.6274e-07 -2.1791e-07 -1.2671e-07 -7.1230e-08 -3.8662e-08 -2.0235e-08 -1.0200e-08 -4.9447e-09 -2.3024e-09 -1.0282e-09 -4.3983e-10 -1.7994e-10 -7.0306e-11 -2.6196e-11 -9.2938e-12 -3.1349e-12 -1.0038e-12 -3.0460e-13 -8.7466e-14 -2.3727e-14 -6.0703e-15 -1.4623e-15 -3.3109e-16 -7.0343e-17 -1.3999e-17 -2.6047e-18 -4.5235e-19 -7.3187e-20 -1.1011e-20 -1.5376e-21 -1.9890e-22 -2.3790e-23 -2.6258e-24 -2.6692e-25 -2.4939e-26 -2.1374e-27 -1.6768e-28 -1.2017e-29 -7.8511e-31 -4.6658e-32 -2.5169e-33 -1.2297e-34 -5.4299e-36 -2.1620e-37 -7.7453e-39 -2.4908e-40 -7.1740e-42 -1.8463e-43 -4.2361e-45 -8.6435e-47 -7.8270e-07 -2.2138e-06 -4.0667e-06 -6.2600e-06 -8.7454e-06 -1.1489e-05 -1.4461e-05 -1.7639e-05 -2.0995e-05 0.0000e+00 -2.8142e-05 -3.1872e-05 -3.5659e-05 -3.9463e-05 -4.3237e-05 -4.6931e-05 -5.0487e-05 -5.3845e-05 -5.6939e-05 -5.9704e-05 -6.2071e-05 -6.3974e-05 -6.5353e-05 -6.6152e-05 -6.6330e-05 -6.5855e-05 -6.4713e-05 -6.2911e-05 -6.0473e-05 -5.7446e-05 -5.3897e-05 -4.9912e-05 -4.5593e-05 -4.1054e-05 -3.6412e-05 -3.1787e-05 -2.7291e-05 -2.3027e-05 -1.9076e-05 -1.5504e-05 -1.2350e-05 -9.6343e-06 -7.3525e-06 -5.4842e-06 -3.9940e-06 -2.8372e-06 -1.9637e-06 -1.3229e-06 -8.6642e-07 -5.5108e-07 -3.3999e-07 -2.0323e-07 -1.1756e-07 -6.5719e-08 -3.5465e-08 -1.8450e-08 -9.2410e-09 -4.4503e-09 -2.0579e-09 -9.1246e-10 -3.8739e-10 -1.5725e-10 -6.0947e-11 -2.2519e-11 -7.9203e-12 -2.6477e-12 -8.3991e-13 -2.5245e-13 -7.1778e-14 -1.9274e-14 -4.8797e-15 -1.1629e-15 -2.6041e-16 -5.4702e-17 -1.0760e-17 -1.9785e-18 -3.3945e-19 -5.4243e-20 -8.0581e-21 -1.1108e-21 -1.4181e-22 -1.6736e-23 -1.8222e-24 -1.8268e-25 -1.6830e-26 -1.4220e-27 -1.0996e-28 -7.7657e-30 -4.9987e-31 -2.9264e-32 -1.5548e-33 -7.4813e-35 -3.2527e-36 -1.2751e-37 -4.4967e-39 -1.4234e-40 -4.0347e-42 -1.0219e-43 -2.3069e-45 -4.6315e-47
-8.9881e-07 -2.5422e-06 -4.6700e-06 -7.1887e-06 -1.0043e-05 -1.3193e-05 -1.6607e-05 -2.0257e-05 -2.4113e-05 -2.8146e-05 1.6094e-04 -3.6613e-05 -4.0969e-05 -4.5347e-05 -4.9694e-05 -5.3953e-05 -5.8059e-05 -6.1943e-05 -6.5531e-05 -6.8747e-05 -7.1514e-05 -7.3756e-05 -7.5404e-05 -7.6393e-05 -7.6674e-05 -7.6210e-05 -7.4983e-05 -7.2997e-05 -7.0277e-05 -6.6874e-05 -6.2862e-05 -5.8336e-05 -5.3410e-05 -4.8212e-05 -4.2877e-05 -3.7542e-05 -3.2336e-05 -2.7377e-05 -2.2765e-05 -1.8576e-05 -1.4862e-05 -1.1647e-05 -8.9325e-06 -6.6978e-06 -4.9053e-06 -3.5053e-06 -2.4415e-06 -1.6557e-06 -1.0921e-06 -6.9982e-07 -4.3517e-07 -2.6228e-07 -1.5303e-07 -8.6333e-08 -4.7034e-08 -2.4714e-08 -1.2508e-08 -6.0891e-09 -2.8477e-09 -1.2775e-09 -5.4903e-10 -2.2571e-10 -8.8629e-11 -3.3193e-11 -1.1839e-11 -4.0152e-12 -1.2929e-12 -3.9459e-13 -1.1398e-13 -3.1105e-14 -8.0070e-15 -1.9410e-15 -4.4231e-16 -9.4588e-17 -1.8949e-17 -3.5499e-18 -6.2076e-19 -1.0114e-19 -1.5325e-20 -2.1554e-21 -2.8087e-22 -3.3844e-23 -3.7636e-24 -3.8549e-25 -3.6294e-26 -3.1347e-27 -2.4786e-28 -1.7905e-29 -1.1791e-30 -7.0638e-32 -3.8416e-33 -1.8924e-34 -8.4251e-36 -3.3827e-37 -1.2220e-38 -3.9632e-40 -1.1512e-41 -2.9884e-43 -6.9157e-45 -1.4234e-46 -8.9881e-07 -2.5422e-06 -4.6700e-06 -7.1887e-06 -1.0043e-05 -1.3193e-05 -1.6607e-05 -2.0255e-05 -2.4110e-05 -2.8142e-05 0.0000e+00 -3.6602e-05 -4.0952e-05 -4.5321e-05 -4.9657e-05 -5.3901e-05 -5.7988e-05 -6.1848e-05 -6.5406e-05 -6.8586e-05 -7.1311e-05 -7.3504e-05 -7.5096e-05 -7.6024e-05 -7.6239e-05 -7.5704e-05 -7.4405e-05 -7.2347e-05 -6.9558e-05 -6.6092e-05 -6.2025e-05 -5.7456e-05 -5.2501e-05 -4.7290e-05 -4.1959e-05 -3.6644e-05 -3.1476e-05 -2.6570e-05 -2.2024e-05 -1.7909e-05 -1.4275e-05 -1.1143e-05 -8.5100e-06 -6.3523e-06 -4.6300e-06 -3.2918e-06 -2.2805e-06 -1.5377e-06 -1.0082e-06 -6.4196e-07 -3.9652e-07 -2.3731e-07 -1.3745e-07 -7.6947e-08 -4.1584e-08 -2.1666e-08 -1.0869e-08 -5.2434e-09 -2.4289e-09 -1.0790e-09 -4.5898e-10 -1.8670e-10 -7.2512e-11 -2.6852e-11 -9.4663e-12 -3.1721e-12 -1.0088e-12 -3.0403e-13 -8.6679e-14 -2.3341e-14 -5.9270e-15 -1.4168e-15 -3.1828e-16 -6.7080e-17 -1.3240e-17 -2.4432e-18 -4.2070e-19 -6.7480e-20 -1.0064e-20 -1.3928e-21 -1.7856e-22 -2.1163e-23 -2.3144e-24 -2.3308e-25 -2.1573e-26 -1.8314e-27 -1.4232e-28 -1.0102e-29 -6.5363e-31 -3.8469e-32 -2.0551e-33 -9.9435e-35 -4.3480e-36 -1.7144e-37 -6.0822e-39 -1.9370e-40 -5.5251e-42 -1.4083e-43 -3.2000e-45 -6.4672e-47
-1.0179e-06 -2.8790e-06 -5.2888e-06 -8.1412e-06 -1.1374e-05 -1.4941e-05 -1.8808e-05 -2.2941e-05 -2.7309e-05 -3.1879e-05 -3.6613e-05 2.2792e-04 -4.6409e-05 -5.1373e-05 -5.6304e-05 -6.1138e-05 -6.5801e-05 -7.0217e-05 -7.4301e-05 -7.7969e-05 -8.1133e-05 -8.3707e-05 -8.5612e-05 -8.6776e-05 -8.7142e-05 -8.6666e-05 -8.5328e-05 -8.3129e-05 -8.0098e-05 -7.6290e-05 -7.1785e-05 -6.6690e-05 -6.1133e-05 -5.5256e-05 -4.9212e-05 -4.3156e-05 -3.7234e-05 -3.1581e-05 -2.6312e-05 -2.1515e-05 -1.7252e-05 -1.3552e-05 -1.0420e-05 -7.8340e-06 -5.7537e-06 -4.1240e-06 -2.8816e-06 -1.9608e-06 -1.2978e-06 -8.3473e-07 -5.2106e-07 -3.1532e-07 -1.8475e-07 -1.0469e-07 -5.7295e-08 -3.0248e-08 -1.5384e-08 -7.5273e-09 -3.5387e-09 -1.5962e-09 -6.8979e-10 -2.8520e-10 -1.1265e-10 -4.2445e-11 -1.5233e-11 -5.1989e-12 -1.6848e-12 -5.1763e-13 -1.5052e-13 -4.1361e-14 -1.0722e-14 -2.6175e-15 -6.0078e-16 -1.2942e-16 -2.6120e-17 -4.9301e-18 -8.6870e-19 -1.4263e-19 -2.1780e-20 -3.0876e-21 -4.0556e-22 -4.9263e-23 -5.5228e-24 -5.7033e-25 -5.4143e-26 -4.7155e-27 -3.7600e-28 -2.7391e-29 -1.8193e-30 -1.0993e-31 -6.0306e-33 -2.9967e-34 -1.3460e-35 -5.4522e-37 -1.9873e-38 -6.5034e-40 -1.9063e-41 -4.9937e-43 -1.1663e-44 -2.4229e-46 -1.0179e-06 -2.8790e-06 -5.2888e-06 -8.1412e-06 -1.1373e-05 -1.4941e-05 -1.8807e-05 -2.2939e-05 -2.7306e-05 -3.1872e-05 -3.6602e-05 0.0000e+00 -4.6382e-05 -5.1332e-05 -5.6245e-05 -6.1055e-05 -6.5688e-05 -7.0064e-05 -7.4101e-05 -7.7711e-05 -8.0807e-05 -8.3303e-05 -8.5119e-05 -8.6184e-05 -8.6443e-05 -8.5854e-05 -8.4400e-05 -8.2085e-05 -7.8943e-05 -7.5033e-05 -7.0440e-05 -6.5276e-05 -5.9672e-05 -5.3773e-05 -4.7735e-05 -4.1711e-05 -3.5849e-05 -3.0281e-05 -2.5117e-05 -2.0440e-05 -1.6305e-05 -1.2739e-05 -9.7375e-06 -7.2757e-06 -5.3086e-06 -3.7785e-06 -2.6207e-06 -1.7695e-06 -1.1617e-06 -7.4074e-07 -4.5823e-07 -2.7468e-07 -1.5936e-07 -8.9373e-08 -4.8390e-08 -2.5262e-08 -1.2700e-08 -6.1398e-09 -2.8507e-09 -1.2693e-09 -5.4131e-10 -2.2076e-10 -8.5979e-11 -3.1930e-11 -1.1290e-11 -3.7950e-12 -1.2108e-12 -3.6611e-13 -1.0474e-13 -2.8308e-14 -7.2150e-15 -1.7314e-15 -3.9052e-16 -8.2646e-17 -1.6383e-17 -3.0364e-18 -5.2525e-19 -8.4646e-20 -1.2685e-20 -1.7644e-21 -2.2736e-22 -2.7089e-23 -2.9786e-24 -3.0165e-25 -2.8080e-26 -2.3978e-27 -1.8745e-28 -1.3387e-29 -8.7168e-31 -5.1634e-32 -2.7766e-33 -1.3525e-34 -5.9548e-36 -2.3645e-37 -8.4488e-39 -2.7104e-40 -7.7888e-42 -2.0003e-43 -4.5805e-45 -9.3301e-47
-1.1388e-06 -3.2210e-06 -5.9170e-06 -9.1082e-06 -1.2725e-05 -1.6716e-05 -2.1043e-05 -2.5667e-05 -3.0555e-05 -3.5669e-05 -4.0969e-05 -4.6409e-05 3.1389e-04 -5.7501e-05 -6.3029e-05 -6.8452e-05 -7.3689e-05 -7.8654e-05 -8.3254e-05 -8.7394e-05 -9.0976e-05 -9.3906e-05 -9.6094e-05 -9.7460e-05 -9.7937e-05 -9.7476e-05 -9.6053e-05 -9.3668e-05 -9.0347e-05 -8.6152e-05 -8.1168e-05 -7.5514e-05 -6.9327e-05 -6.2767e-05 -5.6003e-05 -4.9207e-05 -4.2544e-05 -3.6167e-05 -3.0206e-05 -2.4764e-05 -1.9911e-05 -1.5687e-05 -1.2100e-05 -9.1271e-06 -6.7269e-06 -4.8392e-06 -3.3945e-06 -2.3191e-06 -1.5416e-06 -9.9591e-07 -6.2456e-07 -3.7977e-07 -2.2363e-07 -1.2738e-07 -7.0087e-08 -3.7206e-08 -1.9031e-08 -9.3669e-09 -4.4302e-09 -2.0107e-09 -8.7449e-10 -3.6392e-10 -1.4470e-10 -5.4894e-11 -1.9837e-11 -6.8184e-12 -2.2256e-12 -6.8877e-13 -2.0178e-13 -5.5862e-14 -1.4592e-14 -3.5899e-15 -8.3043e-16 -1.8031e-16 -3.6683e-17 -6.9801e-18 -1.2400e-18 -2.0527e-19 -3.1609e-20 -4.5187e-21 -5.9858e-22 -7.3332e-23 -8.2923e-24 -8.6380e-25 -8.2723e-26 -7.2685e-27 -5.8474e-28 -4.2982e-29 -2.8807e-30 -1.7566e-31 -9.7251e-33 -4.8775e-34 -2.2112e-35 -9.0416e-37 -3.3270e-38 -1.0992e-39 -3.2531e-41 -8.6046e-43 -2.0294e-44 -4.2575e-46 -1.1388e-06 -3.2210e-06 -5.9170e-06 -9.1082e-06 -1.2724e-05 -1.6716e-05 -2.1041e-05 -2.5664e-05 -3.0550e-05 -3.5659e-05 -4.0952e-05 -4.6382e-05 0.0000e+00 -5.7438e-05 -6.2938e-05 -6.8324e-05 -7.3514e-05 -7.8419e-05 -8.2945e-05 -8.6996e-05 -9.0474e-05 -9.3283e-05 -9.5333e-05 -9.6546e-05 -9.6858e-05 -9.6223e-05 -9.4621e-05 -9.2056e-05 -8.8564e-05 -8.4211e-05 -7.9091e-05 -7.3328e-05 -6.7068e-05 -6.0474e-05 -5.3717e-05 -4.6971e-05 -4.0401e-05 -3.4153e-05 -2.8353e-05 -2.3096e-05 -1.8443e-05 -1.4424e-05 -1.1039e-05 -8.2584e-06 -6.0336e-06 -4.3006e-06 -2.9874e-06 -2.0203e-06 -1.3286e-06 -8.4873e-07 -5.2604e-07 -3.1597e-07 -1.8371e-07 -1.0326e-07 -5.6040e-08 -2.9329e-08 -1.4783e-08 -7.1662e-09 -3.3368e-09 -1.4903e-09 -6.3751e-10 -2.6085e-10 -1.0194e-10 -3.7990e-11 -1.3482e-11 -4.5493e-12 -1.4573e-12 -4.4246e-13 -1.2713e-13 -3.4510e-14 -8.8362e-15 -2.1305e-15 -4.8288e-16 -1.0271e-16 -2.0466e-17 -3.8136e-18 -6.6335e-19 -1.0751e-19 -1.6206e-20 -2.2677e-21 -2.9401e-22 -3.5252e-23 -3.9012e-24 -3.9770e-25 -3.7273e-26 -3.2050e-27 -2.5233e-28 -1.8152e-29 -1.1907e-30 -7.1065e-32 -3.8510e-33 -1.8906e-34 -8.3908e-36 -3.3590e-37 -1.2102e-38 -3.9152e-40 -1.1348e-41 -2.9399e-43 -6.7919e-45 -1.3959e-46
-1.2602e-06 -3.5644e-06 -6.5478e-06 -1.0079e-05 -1.4081e-05 -1.8499e-05 -2.3287e-05 -2.8406e-05 -3.3816e-05 -3.9478e-05 -4.5347e-05 -5.1373e-05 -5.7501e-05 4.2213e-04 -6.9801e-05 -7.5824e-05 -8.1646e-05 -8.7174e-05 -9.2307e-05 -9.6939e-05 -1.0096e-04 -1.0428e-04 -1.0678e-04 -1.0838e-04 -1.0900e-04 -1.0859e-04 -1.0712e-04 -1.0458e-04 -1.0101e-04 -9.6457e-05 -9.1022e-05 -8.4828e-05 -7.8026e-05 -7.0789e-05 -6.3301e-05 -5.5753e-05 -4.8329e-05 -4.1199e-05 -3.4511e-05 -2.8382e-05 -2.2897e-05 -1.8104e-05 -1.4016e-05 -1.0615e-05 -7.8559e-06 -5.6762e-06 -3.9997e-06 -2.7458e-06 -1.8343e-06 -1.1912e-06 -7.5102e-07 -4.5921e-07 -2.7197e-07 -1.5583e-07 -8.6267e-08 -4.6084e-08 -2.3724e-08 -1.1754e-08 -5.5969e-09 -2.5578e-09 -1.1203e-09 -4.6956e-10 -1.8807e-10 -7.1878e-11 -2.6171e-11 -9.0644e-12 -2.9817e-12 -9.3005e-13 -2.7463e-13 -7.6648e-14 -2.0184e-14 -5.0068e-15 -1.1679e-15 -2.5571e-16 -5.2466e-17 -1.0069e-17 -1.8042e-18 -3.0128e-19 -4.6801e-20 -6.7500e-21 -9.0217e-22 -1.1152e-22 -1.2726e-23 -1.3378e-24 -1.2931e-25 -1.1468e-26 -9.3128e-28 -6.9106e-29 -4.6760e-30 -2.8790e-31 -1.6094e-32 -8.1512e-34 -3.7321e-35 -1.5413e-36 -5.7288e-38 -1.9120e-39 -5.7170e-41 -1.5279e-42 -3.6412e-44 -7.7200e-46 -1.2602e-06 -3.5644e-06 -6.5478e-06 -1.0079e-05 -1.4081e-05 -1.8498e-05 -2.3285e-05 -2.8401e-05 -3.3808e-05 -3.9463e-05 -4.5321e-05 -5.1332e-05 -5.7438e-05 0.0000e+00 -6.9666e-05 -7.5633e-05 -8.1385e-05 -8.6824e-05 -9.1848e-05 -9.6347e-05 -1.0022e-04 -1.0335e-04 -1.0564e-04 -1.0701e-04 -1.0739e-04 -1.0672e-04 -1.0498e-04 -1.0218e-04 -9.8348e-05 -9.3560e-05 -8.7921e-05 -8.1564e-05 -7.4651e-05 -6.7360e-05 -5.9882e-05 -5.2407e-05 -4.5118e-05 -3.8180e-05 -3.1731e-05 -2.5878e-05 -2.0691e-05 -1.6204e-05 -1.2419e-05 -9.3057e-06 -6.8102e-06 -4.8627e-06 -3.3843e-06 -2.2932e-06 -1.5113e-06 -9.6760e-07 -6.0114e-07 -3.6198e-07 -2.1101e-07 -1.1893e-07 -6.4736e-08 -3.3984e-08 -1.7184e-08 -8.3581e-09 -3.9054e-09 -1.7506e-09 -7.5173e-10 -3.0880e-10 -1.2118e-10 -4.5354e-11 -1.6168e-11 -5.4807e-12 -1.7640e-12 -5.3826e-13 -1.5545e-13 -4.2421e-14 -1.0921e-14 -2.6481e-15 -6.0369e-16 -1.2918e-16 -2.5898e-17 -4.8564e-18 -8.5021e-19 -1.3872e-19 -2.1052e-20 -2.9665e-21 -3.8738e-22 -4.6788e-23 -5.2168e-24 -5.3590e-25 -5.0618e-26 -4.3873e-27 -3.4824e-28 -2.5260e-29 -1.6710e-30 -1.0059e-31 -5.4988e-33 -2.7237e-34 -1.2198e-35 -4.9283e-37 -1.7923e-38 -5.8536e-40 -1.7130e-41 -4.4815e-43 -1.0457e-44 -2.1709e-46
-1.3807e-06 -3.9051e-06 -7.1736e-06 -1.1043e-05 -1.5427e-05 -2.0267e-05 -2.5514e-05 -3.1123e-05 -3.7053e-05 -4.3259e-05 -4.9694e-05 -5.6304e-05 -6.3029e-05 -6.9801e-05 5.5619e-04 -8.3170e-05 -8.9586e-05 -9.5689e-05 -1.0137e-04 -1.0651e-04 -1.1100e-04 -1.1473e-04 -1.1758e-04 -1.1945e-04 -1.2026e-04 -1.1995e-04 -1.1848e-04 -1.1584e-04 -1.1206e-04 -1.0720e-04 -1.0136e-04 -9.4661e-05 -8.7272e-05 -7.9374e-05 -7.1169e-05 -6.2864e-05 -5.4662e-05 -4.6752e-05 -3.9300e-05 -3.2442e-05 -2.6277e-05 -2.0863e-05 -1.6223e-05 -1.2343e-05 -9.1794e-06 -6.6660e-06 -4.7220e-06 -3.2594e-06 -2.1898e-06 -1.4304e-06 -9.0732e-07 -5.5825e-07 -3.3276e-07 -1.9192e-07 -1.0697e-07 -5.7537e-08 -2.9830e-08 -1.4886e-08 -7.1405e-09 -3.2877e-09 -1.4509e-09 -6.1285e-10 -2.4739e-10 -9.5300e-11 -3.4979e-11 -1.2214e-11 -4.0508e-12 -1.2741e-12 -3.7939e-13 -1.0679e-13 -2.8362e-14 -7.0965e-15 -1.6698e-15 -3.6885e-16 -7.6355e-17 -1.4785e-17 -2.6734e-18 -4.5053e-19 -7.0633e-20 -1.0282e-20 -1.3872e-21 -1.7312e-22 -1.9944e-23 -2.1170e-24 -2.0662e-25 -1.8505e-26 -1.5177e-27 -1.1376e-28 -7.7754e-30 -4.8363e-31 -2.7316e-32 -1.3980e-33 -6.4684e-35 -2.6999e-36 -1.0143e-37 -3.4221e-39 -1.0345e-40 -2.7954e-42 -6.7366e-44 -1.4444e-45 -1.3807e-06 -3.9051e-06 -7.1736e-06 -1.1043e-05 -1.5427e-05 -2.0266e-05 -2.5511e-05 -3.1117e-05 -3.7041e-05 -4.3237e-05 -4.9657e-05 -5.6245e-05 -6.2938e-05 -6.9666e-05 0.0000e+00 -8.2895e-05 -8.9209e-05 -9.5184e-05 -1.0071e-04 -1.0566e-04 -1.0992e-04 -1.1339e-04 -1.1594e-04 -1.1748e-04 -1.1793e-04 -1.1725e-04 -1.1539e-04 -1.1236e-04 -1.0821e-04 -1.0301e-04 -9.6865e-05 -8.9929e-05 -8.2375e-05 -7.4397e-05 -6.6202e-05 -5.8000e-05 -4.9992e-05 -4.2357e-05 -3.5250e-05 -2.8789e-05 -2.3055e-05 -1.8086e-05 -1.3886e-05 -1.0425e-05 -7.6446e-06 -5.4704e-06 -3.8159e-06 -2.5920e-06 -1.7126e-06 -1.0995e-06 -6.8504e-07 -4.1375e-07 -2.4196e-07 -1.3683e-07 -7.4740e-08 -3.9379e-08 -1.9989e-08 -9.7614e-09 -4.5802e-09 -2.0620e-09 -8.8949e-10 -3.6712e-10 -1.4477e-10 -5.4459e-11 -1.9515e-11 -6.6516e-12 -2.1530e-12 -6.6075e-13 -1.9197e-13 -5.2712e-14 -1.3657e-14 -3.3331e-15 -7.6498e-16 -1.6482e-16 -3.3279e-17 -6.2858e-18 -1.1087e-18 -1.8226e-19 -2.7877e-20 -3.9596e-21 -5.2128e-22 -6.3485e-23 -7.1385e-24 -7.3966e-25 -7.0481e-26 -6.1639e-27 -4.9372e-28 -3.6147e-29 -2.4138e-30 -1.4670e-31 -8.0981e-33 -4.0511e-34 -1.8326e-35 -7.4798e-37 -2.7484e-38 -9.0709e-40 -2.6829e-41 -7.0948e-43 -1.6735e-44 -3.5130e-46
-1.4985e-06 -4.2383e-06 -7.7859e-06 -1.1985e-05 -1.6744e-05 -2.1998e-05 -2.7693e-05 -3.3782e-05 -4.0221e-05 -4.6961e-05 -5.3953e-05 -6.1138e-05 -6.8452e-05 -7.5824e-05 -8.3170e-05 7.1984e-04 -9.7413e-05 -1.0410e-04 -1.1034e-04 -1.1601e-04 -1.2100e-04 -1.2517e-04 -1.2840e-04 -1.3059e-04 -1.3164e-04 -1.3149e-04 -1.3008e-04 -1.2741e-04 -1.2349e-04 -1.1839e-04 -1.1219e-04 -1.0505e-04 -9.7111e-05 -8.8584e-05 -7.9679e-05 -7.0621e-05 -6.1630e-05 -5.2916e-05 -4.4665e-05 -3.7031e-05 -3.0131e-05 -2.4039e-05 -1.8787e-05 -1.4369e-05 -1.0745e-05 -7.8474e-06 -5.5918e-06 -3.8834e-06 -2.6255e-06 -1.7261e-06 -1.1023e-06 -6.8285e-07 -4.0989e-07 -2.3810e-07 -1.3368e-07 -7.2444e-08 -3.7844e-08 -1.9031e-08 -9.2005e-09 -4.2699e-09 -1.8996e-09 -8.0893e-10 -3.2925e-10 -1.2789e-10 -4.7340e-11 -1.6671e-11 -5.5771e-12 -1.7694e-12 -5.3154e-13 -1.5094e-13 -4.0452e-14 -1.0213e-14 -2.4252e-15 -5.4069e-16 -1.1297e-16 -2.2083e-17 -4.0309e-18 -6.8584e-19 -1.0857e-19 -1.5960e-20 -2.1746e-21 -2.7410e-22 -3.1898e-23 -3.4205e-24 -3.3729e-25 -3.0524e-26 -2.5299e-27 -1.9164e-28 -1.3241e-29 -8.3255e-31 -4.7542e-32 -2.4602e-33 -1.1511e-34 -4.8594e-36 -1.8466e-37 -6.3025e-39 -1.9276e-40 -5.2705e-42 -1.2854e-43 -2.7895e-45 -1.4985e-06 -4.2383e-06 -7.7858e-06 -1.1985e-05 -1.6744e-05 -2.1996e-05 -2.7688e-05 -3.3773e-05 -4.0204e-05 -4.6931e-05 -5.3901e-05 -6.1055e-05 -6.8324e-05 -7.5633e-05 -8.2895e-05 0.0000e+00 -9.6883e-05 -1.0339e-04 -1.0941e-04 -1.1481e-04 -1.1948e-04 -1.2328e-04 -1.2609e-04 -1.2782e-04 -1.2837e-04 -1.2769e-04 -1.2573e-04 -1.2251e-04 -1.1806e-04 -1.1247e-04 -1.0585e-04 -9.8363e-05 -9.0190e-05 -8.1544e-05 -7.2649e-05 -6.3731e-05 -5.5008e-05 -4.6678e-05 -3.8910e-05 -3.1834e-05 -2.5541e-05 -2.0077e-05 -1.5448e-05 -1.1624e-05 -8.5448e-06 -6.1305e-06 -4.2882e-06 -2.9213e-06 -1.9361e-06 -1.2470e-06 -7.7962e-07 -4.7257e-07 -2.7740e-07 -1.5750e-07 -8.6384e-08 -4.5712e-08 -2.3308e-08 -1.1436e-08 -5.3922e-09 -2.4400e-09 -1.0581e-09 -4.3911e-10 -1.7414e-10 -6.5895e-11 -2.3757e-11 -8.1481e-12 -2.6545e-12 -8.2009e-13 -2.3990e-13 -6.6338e-14 -1.7312e-14 -4.2566e-15 -9.8438e-16 -2.1375e-16 -4.3504e-17 -8.2844e-18 -1.4734e-18 -2.4430e-19 -3.7692e-20 -5.4013e-21 -7.1752e-22 -8.8194e-23 -1.0010e-23 -1.0472e-24 -1.0076e-25 -8.8990e-27 -7.1999e-28 -5.3252e-29 -3.5930e-30 -2.2068e-31 -1.2312e-32 -6.2261e-34 -2.8475e-35 -1.1752e-36 -4.3671e-38 -1.4578e-39 -4.3619e-41 -1.1670e-42 -2.7856e-44 -5.9178e-46
