2.9262e-08 -1.0355e-07 -1.9046e-07 -2.9373e-07 -4.1139e-07 -5.4222e-07 -6.8542e-07 -8.4044e-07 -1.0069e-06 -1.1847e-06 -1.3736e-06 -1.5736e-06 -1.7849e-06 -2.0074e-06 -2.2414e-06 -2.4870e-06 -2.7446e-06 -3.0143e-06 -3.2964e-06 -3.5914e-06 -3.8994e-06 -4.2208e-06 -4.5559e-06 -4.9051e-06 -5.2686e-06 -5.6468e-06 -6.0397e-06 -6.4475e-06 -6.8704e-06 -7.3082e-06 -7.7607e-06 -8.2276e-06 -8.7084e-06 -9.2021e-06 -9.7077e-06 -1.0224e-05 -1.0748e-05 -1.1279e-05 -1.1812e-05 -1.2346e-05 -1.2874e-05 -1.3392e-05 -1.3893e-05 -1.4370e-05 -1.4815e-05 -1.5217e-05 -1.5566e-05 -1.5849e-05 -1.6052e-05 -1.6161e-05 -1.6160e-05 -1.6034e-05 -1.5769e-05 -1.5350e-05 -1.4767e-05 -1.4015e-05 -1.3094e-05 -1.2012e-05 -1.0787e-05 -9.4505e-06 -8.0425e-06 -6.6147e-06 -5.2262e-06 -3.9374e-06 -2.8038e-06 -1.8668e-06 -1.1468e-06 -6.3961e-07 -3.1742e-07 -1.3671e-07 -4.9525e-08 -1.4509e-08 -3.2695e-09 -5.3163e-10 -5.7432e-11 -3.7019e-12 -1.2360e-13 -1.7714e-15 -8.4636e-18 -9.5553e-21 -1.5848e-24 -1.9830e-29 -7.2399e-36 -1.9406e-44 -4.9361e-56 -5.3419e-72 -1.9512e-94 -1.0232e-126 -1.9401e-174 -2.8122e-247 0.0000e+00 0.0000e+00 0.0000e+00 0.0000e+00 0.0000e+00 0.0000e+00 0.0000e+00 0.0000e+00 0.0000e+00 0.0000e+00 0.0000e+00 1.0355e-07 1.9046e-07 2.9373e-07 4.1139e-07 5.4222e-07 6.8542e-07 8.4044e-07 1.0069e-06 1.1847e-06 1.3736e-06 1.5736e-06 1.7849e-06 2.0074e-06 2.2414e-06 2.4870e-06 2.7446e-06 3.0143e-06 3.2964e-06 3.5914e-06 3.8994e-06 4.2208e-06 4.5559e-06 4.9051e-06 5.2686e-06 5.6468e-06 6.0397e-06 6.4475e-06 6.8704e-06 7.3082e-06 7.7607e-06 8.2276e-06 8.7084e-06 9.2021e-06 9.7077e-06 1.0224e-05 1.0748e-05 1.1279e-05 1.1812e-05 1.2346e-05 1.2874e-05 1.3392e-05 1.3893e-05 1.4370e-05 1.4815e-05 1.5217e-05 1.5566e-05 1.5849e-05 1.6052e-05 1.6161e-05 1.6160e-05 1.6034e-05 1.5769e-05 1.5350e-05 1.4767e-05 1.4015e-05 1.3094e-05 1.2012e-05 1.0787e-05 9.4505e-06 8.0425e-06 6.6147e-06 5.2262e-06 3.9374e-06 2.8038e-06 1.8668e-06 1.1468e-06 6.3961e-07 3.1742e-07 1.3671e-07 4.9525e-08 1.4509e-08 3.2695e-09 5.3163e-10 5.7432e-11 3.7019e-12 1.2360e-13 1.7714e-15 8.4636e-18 9.5553e-21 1.5848e-24 1.9830e-29 7.2399e-36 1.9406e-44 4.9360e-56 5.3418e-72 1.9512e-94 1.0232e-126 1.9401e-174 2.8121e-247 0.0000e+00 0.0000e+00 0.0000e+00 0.0000e+00 0.0000e+00 0.0000e+00 0.0000e+00 0.0000e+00 0.0000e+00 0.0000e+00
-1.0355e-07 5.1521e-07 -5.3910e-07 -8.3140e-07 -1.1644e-06 -1.5347e-06 -1.9401e-06 -2.3788e-06 -2.8501e-06 -3.3532e-06 -3.8879e-06 -4.4542e-06 -5.0521e-06 -5.6820e-06 -6.3443e-06 -7.0395e-06 -7.7685e-06 -8.5319e-06 -9.3305e-06 -1.0165e-05 -1.1037e-05 -1.1947e-05 -1.2895e-05 -1.3884e-05 -1.4913e-05 -1.5983e-05 -1.7095e-05 -1.8250e-05 -1.9447e-05 -2.0686e-05 -2.1967e-05 -2.3288e-05 -2.4649e-05 -2.6046e-05 -2.7477e-05 -2.8938e-05 -3.0422e-05 -3.1924e-05 -3.3435e-05 -3.4944e-05 -3.6439e-05 -3.7904e-05 -3.9323e-05 -4.0674e-05 -4.1933e-05 -4.3072e-05 -4.4059e-05 -4.4859e-05 -4.5435e-05 -4.5743e-05 -4.5741e-05 -4.5385e-05 -4.4633e-05 -4.3447e-05 -4.1798e-05 -3.9669e-05 -3.7061e-05 -3.3998e-05 -3.0533e-05 -2.6750e-05 -2.2764e-05 -1.8723e-05 -1.4793e-05 -1.1145e-05 -7.9361e-06 -5.2838e-06 -3.2461e-06 -1.8104e-06 -8.9845e-07 -3.8695e-07 -1.4018e-07 -4.1067e-08 -9.2544e-09 -1.5048e-09 -1.6256e-10 -1.0478e-11 -3.4985e-13 -5.0140e-15 -2.3957e-17 -2.7047e-20 -4.4859e-24 -5.6133e-29 -2.0494e-35 -5.4932e-44 -1.3973e-55 -1.5122e-71 -5.5239e-94 -2.8969e-126 -5.4934e-174 -7.9637e-247 0.0000e+00 0.0000e+00 0.0000e+00 0.0000e+00 0.0000e+00 0.0000e+00 0.0000e+00 0.0000e+00 0.0000e+00 0.0000e+00 1.0355e-07 0.0000e+00 5.3910e-07 8.3140e-07 1.1644e-06 1.5347e-06 1.9401e-06 2.3788e-06 2.8501e-06 3.3532e-06 3.8879e-06 4.4542e-06 5.0521e-06 5.6820e-06 6.3443e-06 7.0395e-06 7.7685e-06 8.5319e-06 9.3305e-06 1.0165e-05 1.1037e-05 1.1947e-05 1.2895e-05 1.3884e-05 1.4913e-05 1.5983e-05 1.7095e-05 1.8250e-05 1.9447e-05 2.0686e-05 2.1967e-05 2.3288e-05 2.4649e-05 2.6046e-05 2.7477e-05 2.8938e-05 3.0422e-05 3.1924e-05 3.3435e-05 3.4944e-05 3.6439e-05 3.7904e-05 3.9323e-05 4.0674e-05 4.1933e-05 4.3072e-05 4.4059e-05 4.4859e-05 4.5435e-05 4.5743e-05 4.5741e-05 4.5385e-05 4.4633e-05 4.3447e-05 4.1798e-05 3.9669e-05 3.7061e-05 3.3998e-05 3.0533e-05 2.6750e-05 2.2764e-05 1.8723e-05 1.4793e-05 1.1145e-05 7.9361e-06 5.2838e-06 3.2461e-06 1.8104e-06 8.9844e-07 3.8695e-07 1.4018e-07 4.1067e-08 9.2543e-09 1.5048e-09 1.6256e-10 1.0478e-11 3.4985e-13 5.0139e-15 2.3956e-17 2.7046e-20 4.4857e-24 5.6130e-29 2.0492e-35 5.4927e-44 1.3971e-55 1.5120e-71 5.5228e-94 2.8962e-126 5.4913e-174 7.9596e-247 0.0000e+00 0.0000e+00 0.0000e+00 0.0000e+00 0.0000e+00 0.0000e+00 0.0000e+00 0.0000e+00 0.0000e+00 0.0000e+00
-1.9046e-07 -5.3910e-07 2.6127e-06 -1.5292e-06 -2.1418e-06 -2.8229e-06 -3.5684e-06 -4.3755e-06 -5.2423e-06 -6.1677e-06 -7.1512e-06 -8.1927e-06 -9.2925e-06 -1.0451e-05 -1.1669e-05 -1.2948e-05 -1.4289e-05 -1.5693e-05 -1.7162e-05 -1.8697e-05 -2.0301e-05 -2.1974e-05 -2.3719e-05 -2.5537e-05 -2.7430e-05 -2.9398e-05 -3.1444e-05 -3.3567e-05 -3.5769e-05 -3.8048e-05 -4.0404e-05 -4.2835e-05 -4.5338e-05 -4.7908e-05 -5.0540e-05 -5.3227e-05 -5.5957e-05 -5.8720e-05 -6.1498e-05 -6.4274e-05 -6.7023e-05 -6.9719e-05 -7.2329e-05 -7.4813e-05 -7.7129e-05 -7.9223e-05 -8.1039e-05 -8.2512e-05 -8.3570e-05 -8.4137e-05 -8.4134e-05 -8.3479e-05 -8.2096e-05 -7.9915e-05 -7.6881e-05 -7.2965e-05 -6.8168e-05 -6.2535e-05 -5.6161e-05 -4.9202e-05 -4.1871e-05 -3.4438e-05 -2.7209e-05 -2.0499e-05 -1.4597e-05 -9.7189e-06 -5.9707e-06 -3.3300e-06 -1.6526e-06 -7.1175e-07 -2.5785e-07 -7.5538e-08 -1.7023e-08 -2.7679e-09 -2.9902e-10 -1.9274e-11 -6.4355e-13 -9.2234e-15 -4.4070e-17 -4.9756e-20 -8.2526e-24 -1.0327e-28 -3.7705e-35 -1.0107e-43 -2.5713e-55 -2.7831e-71 -1.0168e-93 -5.3342e-126 -1.0119e-173 -1.4679e-246 0.0000e+00 0.0000e+00 0.0000e+00 0.0000e+00 0.0000e+00 0.0000e+00 0.0000e+00 0.0000e+00 0.0000e+00 0.0000e+00 1.9046e-07 5.3910e-07 0.0000e+00 1.5292e-06 2.1418e-06 2.8229e-06 3.5684e-06 4.3755e-06 5.2423e-06 6.1677e-06 7.1512e-06 8.1927e-06 9.2925e-06 1.0451e-05 1.1669e-05 1.2948e-05 1.4289e-05 1.5693e-05 1.7162e-05 1.8697e-05 2.0301e-05 2.1974e-05 2.3719e-05 2.5537e-05 2.7430e-05 2.9398e-05 3.1444e-05 3.3567e-05 3.5769e-05 3.8048e-05 4.0404e-05 4.2835e-05 4.5338e-05 4.7908e-05 5.0540e-05 5.3227e-05 5.5957e-05 5.8719e-05 6.1498e-05 6.4273e-05 6.7023e-05 6.9719e-05 7.2329e-05 7.4813e-05 7.7129e-05 7.9223e-05 8.1039e-05 8.2512e-05 8.3569e-05 8.4137e-05 8.4133e-05 8.3479e-05 8.2095e-05 7.9914e-05 7.6881e-05 7.2965e-05 6.8168e-05 6.2535e-05 5.6161e-05 4.9201e-05 4.1871e-05 3.4438e-05 2.7208e-05 2.0499e-05 1.4597e-05 9.7187e-06 5.9706e-06 3.3300e-06 1.6525e-06 7.1173e-07 2.5784e-07 7.5535e-08 1.7022e-08 2.7678e-09 2.9900e-10 1.9273e-11 6.4348e-13 9.2222e-15 4.4063e-17 4.9747e-20 8.2508e-24 1.0324e-28 3.7692e-35 1.0103e-43 2.5698e-55 2.7811e-71 1.0158e-93 5.3270e-126 1.0100e-173 1.4640e-246 0.0000e+00 0.0000e+00 0.0000e+00 0.0000e+00 0.0000e+00 0.0000e+00 0.0000e+00 0.0000e+00 0.0000e+00 0.0000e+00
-2.9373e-07 -8.3140e-07 -1.5292e-06 8.2762e-06 -3.3031e-06 -4.3535e-06 -5.5032e-06 -6.7479e-06 -8.0847e-06 -9.5119e-06 -1.1029e-05 -1.2635e-05 -1.4331e-05 -1.6118e-05 -1.7996e-05 -1.9969e-05 -2.2036e-05 -2.4202e-05 -2.6467e-05 -2.8835e-05 -3.1308e-05 -3.3889e-05 -3.6580e-05 -3.9383e-05 -4.2302e-05 -4.5338e-05 -4.8493e-05 -5.1768e-05 -5.5163e-05 -5.8678e-05 -6.2311e-05 -6.6060e-05 -6.9920e-05 -7.3884e-05 -7.7943e-05 -8.2086e-05 -8.6298e-05 -9.0558e-05 -9.4843e-05 -9.9123e-05 -1.0336e-04 -1.0752e-04 -1.1155e-04 -1.1538e-04 -1.1895e-04 -1.2218e-04 -1.2498e-04 -1.2725e-04 -1.2888e-04 -1.2976e-04 -1.2975e-04 -1.2874e-04 -1.2661e-04 -1.2325e-04 -1.1857e-04 -1.1253e-04 -1.0513e-04 -9.6443e-05 -8.6614e-05 -7.5881e-05 -6.4575e-05 -5.3112e-05 -4.1963e-05 -3.1615e-05 -2.2513e-05 -1.4989e-05 -9.2085e-06 -5.1359e-06 -2.5488e-06 -1.0977e-06 -3.9769e-07 -1.1651e-07 -2.6255e-08 -4.2693e-09 -4.6122e-10 -2.9730e-11 -9.9270e-13 -1.4228e-14 -6.7986e-17 -7.6764e-20 -1.2733e-23 -1.5936e-28 -5.8193e-35 -1.5603e-43 -3.9703e-55 -4.2991e-71 -1.5715e-93 -8.2504e-126 -1.5669e-173 -2.2769e-246 0.0000e+00 0.0000e+00 0.0000e+00 0.0000e+00 0.0000e+00 0.0000e+00 0.0000e+00 0.0000e+00 0.0000e+00 0.0000e+00 2.9373e-07 8.3140e-07 1.5292e-06 0.0000e+00 3.3031e-06 4.3535e-06 5.5032e-06 6.7479e-06 8.0847e-06 9.5119e-06 1.1029e-05 1.2635e-05 1.4331e-05 1.6118e-05 1.7996e-05 1.9969e-05 2.2036e-05 2.4202e-05 2.6467e-05 2.8835e-05 3.1308e-05 3.3889e-05 3.6580e-05 3.9383e-05 4.2302e-05 4.5338e-05 4.8493e-05 5.1768e-05 5.5163e-05 5.8678e-05 6.2311e-05 6.6060e-05 6.9920e-05 7.3884e-05 7.7943e-05 8.2086e-05 8.6297e-05 9.0557e-05 9.4842e-05 9.9123e-05 1.0336e-04 1.0752e-04 1.1155e-04 1.1538e-04 1.1895e-04 1.2218e-04 1.2498e-04 1.2725e-04 1.2888e-04 1.2976e-04 1.2975e-04 1.2874e-04 1.2661e-04 1.2324e-04 1.1857e-04 1.1253e-04 1.0513e-04 9.6441e-05 8.6612e-05 7.5879e-05 6.4573e-05 5.3110e-05 4.1961e-05 3.1614e-05 2.2512e-05 1.4988e-05 9.2079e-06 5.1355e-06 2.5486e-06 1.0976e-06 3.9764e-07 1.1649e-07 2.6251e-08 4.2685e-09 4.6112e-10 2.9722e-11 9.9238e-13 1.4223e-14 6.7954e-17 7.6720e-20 1.2724e-23 1.5922e-28 5.8129e-35 1.5581e-43 3.9632e-55 4.2890e-71 1.5666e-93 8.2154e-126 1.5577e-173 2.2578e-246 0.0000e+00 0.0000e+00 0.0000e+00 0.0000e+00 0.0000e+00 0.0000e+00 0.0000e+00 0.0000e+00 0.0000e+00 0.0000e+00
-4.1139e-07 -1.1644e-06 -2.1418e-06 -3.3031e-06 2.0264e-05 -6.0975e-06 -7.7077e-06 -9.4510e-06 -1.1323e-05 -1.3322e-05 -1.5447e-05 -1.7696e-05 -2.0072e-05 -2.2574e-05 -2.5205e-05 -2.7968e-05 -3.0864e-05 -3.3897e-05 -3.7069e-05 -4.0386e-05 -4.3849e-05 -4.7464e-05 -5.1233e-05 -5.5159e-05 -5.9248e-05 -6.3500e-05 -6.7918e-05 -7.2505e-05 -7.7260e-05 -8.2183e-05 -8.7272e-05 -9.2522e-05 -9.7928e-05 -1.0348e-04 -1.0917e-04 -1.1497e-04 -1.2087e-04 -1.2683e-04 -1.3283e-04 -1.3883e-04 -1.4477e-04 -1.5059e-04 -1.5623e-04 -1.6160e-04 -1.6660e-04 -1.7112e-04 -1.7504e-04 -1.7823e-04 -1.8051e-04 -1.8174e-04 -1.8173e-04 -1.8032e-04 -1.7733e-04 -1.7262e-04 -1.6607e-04 -1.5761e-04 -1.4725e-04 -1.3508e-04 -1.2131e-04 -1.0628e-04 -9.0446e-05 -7.4391e-05 -5.8775e-05 -4.4282e-05 -3.1533e-05 -2.0995e-05 -1.2898e-05 -7.1940e-06 -3.5702e-06 -1.5377e-06 -5.5709e-07 -1.6321e-07 -3.6781e-08 -5.9811e-09 -6.4619e-10 -4.1656e-11 -1.3910e-12 -1.9939e-14 -9.5284e-17 -1.0760e-19 -1.7852e-23 -2.2348e-28 -8.1635e-35 -2.1897e-43 -5.5753e-55 -6.0418e-71 -2.2111e-93 -1.1627e-125 -2.2134e-173 -3.2279e-246 0.0000e+00 0.0000e+00 0.0000e+00 0.0000e+00 0.0000e+00 0.0000e+00 0.0000e+00 0.0000e+00 0.0000e+00 0.0000e+00 4.1139e-07 1.1644e-06 2.1418e-06 3.3031e-06 0.0000e+00 6.0975e-06 7.7077e-06 9.4510e-06 1.1323e-05 1.3322e-05 1.5447e-05 1.7696e-05 2.0072e-05 2.2574e-05 2.5205e-05 2.7968e-05 3.0864e-05 3.3897e-05 3.7069e-05 4.0386e-05 4.3849e-05 4.7464e-05 5.1233e-05 5.5159e-05 5.9247e-05 6.3500e-05 6.7918e-05 7.2505e-05 7.7260e-05 8.2183e-05 8.7272e-05 9.2522e-05 9.7928e-05 1.0348e-04 1.0917e-04 1.1497e-04 1.2087e-04 1.2683e-04 1.3283e-04 1.3883e-04 1.4477e-04 1.5059e-04 1.5623e-04 1.6160e-04 1.6660e-04 1.7112e-04 1.7504e-04 1.7822e-04 1.8051e-04 1.8173e-04 1.8173e-04 1.8031e-04 1.7732e-04 1.7261e-04 1.6606e-04 1.5760e-04 1.4724e-04 1.3507e-04 1.2131e-04 1.0627e-04 9.0440e-05 7.4385e-05 5.8770e-05 4.4278e-05 3.1529e-05 2.0992e-05 1.2896e-05 7.1926e-06 3.5695e-06 1.5373e-06 5.5693e-07 1.6315e-07 3.6767e-08 5.9783e-09 6.4584e-10 4.1629e-11 1.3899e-12 1.9920e-14 9.5175e-17 1.0745e-19 1.7821e-23 2.2300e-28 8.1415e-35 2.1822e-43 5.5507e-55 6.0070e-71 2.1942e-93 1.1506e-125 2.1817e-173 3.1623e-246 0.0000e+00 0.0000e+00 0.0000e+00 0.0000e+00 0.0000e+00 0.0000e+00 0.0000e+00 0.0000e+00 0.0000e+00 0.0000e+00
-5.4222e-07 -1.5347e-06 -2.8229e-06 -4.3535e-06 -6.0975e-06 4.2170e-05 -1.0159e-05 -1.2457e-05 -1.4924e-05 -1.7559e-05 -2.0359e-05 -2.3324e-05 -2.6455e-05 -2.9753e-05 -3.3221e-05 -3.6862e-05 -4.0679e-05 -4.4676e-05 -4.8858e-05 -5.3229e-05 -5.7795e-05 -6.2558e-05 -6.7526e-05 -7.2701e-05 -7.8089e-05 -8.3694e-05 -8.9518e-05 -9.5563e-05 -1.0183e-04 -1.0832e-04 -1.1503e-04 -1.2195e-04 -1.2907e-04 -1.3639e-04 -1.4388e-04 -1.5153e-04 -1.5931e-04 -1.6717e-04 -1.7508e-04 -1.8298e-04 -1.9081e-04 -1.9849e-04 -2.0592e-04 -2.1299e-04 -2.1958e-04 -2.2555e-04 -2.3072e-04 -2.3491e-04 -2.3792e-04 -2.3954e-04 -2.3953e-04 -2.3767e-04 -2.3373e-04 -2.2752e-04 -2.1889e-04 -2.0774e-04 -1.9408e-04 -1.7805e-04 -1.5990e-04 -1.4009e-04 -1.1922e-04 -9.8057e-05 -7.7474e-05 -5.8371e-05 -4.1567e-05 -2.7676e-05 -1.7003e-05 -9.4837e-06 -4.7067e-06 -2.0273e-06 -7.3448e-07 -2.1519e-07 -4.8499e-08 -7.8872e-09 -8.5220e-10 -5.4942e-11 -1.8349e-12 -2.6306e-14 -1.2574e-16 -1.4204e-19 -2.3573e-23 -2.9523e-28 -1.0791e-34 -2.8968e-43 -7.3834e-55 -8.0128e-71 -2.9384e-93 -1.5496e-125 -2.9627e-173 -4.3486e-246 0.0000e+00 0.0000e+00 0.0000e+00 0.0000e+00 0.0000e+00 0.0000e+00 0.0000e+00 0.0000e+00 0.0000e+00 0.0000e+00 5.4222e-07 1.5347e-06 2.8229e-06 4.3535e-06 6.0975e-06 0.0000e+00 1.0159e-05 1.2457e-05 1.4924e-05 1.7559e-05 2.0359e-05 2.3324e-05 2.6455e-05 2.9753e-05 3.3221e-05 3.6862e-05 4.0679e-05 4.4676e-05 4.8858e-05 5.3229e-05 5.7794e-05 6.2558e-05 6.7526e-05 7.2701e-05 7.8089e-05 8.3694e-05 8.9517e-05 9.5563e-05 1.0183e-04 1.0832e-04 1.1503e-04 1.2195e-04 1.2907e-04 1.3639e-04 1.4388e-04 1.5153e-04 1.5930e-04 1.6717e-04 1.7508e-04 1.8298e-04 1.9081e-04 1.9848e-04 2.0591e-04 2.1299e-04 2.1958e-04 2.2554e-04 2.3071e-04 2.3490e-04 2.3791e-04 2.3953e-04 2.3952e-04 2.3766e-04 2.3372e-04 2.2751e-04 2.1887e-04 2.0772e-04 1.9407e-04 1.7803e-04 1.5988e-04 1.4007e-04 1.1920e-04 9.8041e-05 7.7460e-05 5.8359e-05 4.1557e-05 2.7668e-05 1.6998e-05 9.4801e-06 4.7046e-06 2.0262e-06 7.3404e-07 2.1504e-07 4.8459e-08 7.8796e-09 8.5123e-10 5.4867e-11 1.8319e-12 2.6255e-14 1.2544e-16 1.4162e-19 2.3489e-23 2.9392e-28 1.0731e-34 2.8762e-43 7.3160e-55 7.9174e-71 2.8919e-93 1.5165e-125 2.8755e-173 4.1679e-246 0.0000e+00 0.0000e+00 0.0000e+00 0.0000e+00 0.0000e+00 0.0000e+00 0.0000e+00 0.0000e+00 0.0000e+00 0.0000e+00
-6.8542e-07 -1.9401e-06 -3.5684e-06 -5.5032e-06 -7.7077e-06 -1.0159e-05 7.8455e-05 -1.5746e-05 -1.8866e-05 -2.2196e-05 -2.5735e-05 -2.9483e-05 -3.3441e-05 -3.7610e-05 -4.1994e-05 -4.6597e-05 -5.1422e-05 -5.6475e-05 -6.1761e-05 -6.7287e-05 -7.3057e-05 -7.9079e-05 -8.5359e-05 -9.1901e-05 -9.8712e-05 -1.0580e-04 -1.1316e-04 -1.2080e-04 -1.2872e-04 -1.3692e-04 -1.4540e-04 -1.5415e-04 -1.6316e-04 -1.7241e-04 -1.8188e-04 -1.9155e-04 -2.0138e-04 -2.1132e-04 -2.2132e-04 -2.3131e-04 -2.4120e-04 -2.5091e-04 -2.6030e-04 -2.6924e-04 -2.7757e-04 -2.8511e-04 -2.9165e-04 -2.9695e-04 -3.0076e-04 -3.0281e-04 -3.0280e-04 -3.0044e-04 -2.9547e-04 -2.8762e-04 -2.7671e-04 -2.6262e-04 -2.4536e-04 -2.2509e-04 -2.0215e-04 -1.7710e-04 -1.5072e-04 -1.2397e-04 -9.7950e-05 -7.3800e-05 -5.2555e-05 -3.4994e-05 -2.1500e-05 -1.1992e-05 -5.9519e-06 -2.5637e-06 -9.2892e-07 -2.7218e-07 -6.1350e-08 -9.9784e-09 -1.0783e-09 -6.9533e-11 -2.3228e-12 -3.3310e-14 -1.5927e-16 -1.8000e-19 -2.9891e-23 -3.7463e-28 -1.3706e-34 -3.6842e-43 -9.4067e-55 -1.0233e-70 -3.7651e-93 -1.9950e-125 -3.8407e-173 -5.6960e-246 0.0000e+00 0.0000e+00 0.0000e+00 0.0000e+00 0.0000e+00 0.0000e+00 0.0000e+00 0.0000e+00 0.0000e+00 0.0000e+00 6.8542e-07 1.9401e-06 3.5684e-06 5.5032e-06 7.7077e-06 1.0159e-05 0.0000e+00 1.5746e-05 1.8866e-05 2.2196e-05 2.5735e-05 2.9483e-05 3.3441e-05 3.7610e-05 4.1994e-05 4.6597e-05 5.1422e-05 5.6475e-05 6.1761e-05 6.7287e-05 7.3057e-05 7.9079e-05 8.5358e-05 9.1901e-05 9.8712e-05 1.0580e-04 1.1316e-04 1.2080e-04 1.2872e-04 1.3692e-04 1.4540e-04 1.5415e-04 1.6316e-04 1.7241e-04 1.8188e-04 1.9155e-04 2.0137e-04 2.1132e-04 2.2131e-04 2.3130e-04 2.4120e-04 2.5090e-04 2.6029e-04 2.6923e-04 2.7756e-04 2.8510e-04 2.9164e-04 2.9694e-04 3.0074e-04 3.0278e-04 3.0277e-04 3.0042e-04 2.9544e-04 2.8759e-04 2.7667e-04 2.6258e-04 2.4532e-04 2.2505e-04 2.0211e-04 1.7706e-04 1.5068e-04 1.2393e-04 9.7916e-05 7.3771e-05 5.2531e-05 3.4975e-05 2.1487e-05 1.1984e-05 5.9471e-06 2.5613e-06 9.2789e-07 2.7183e-07 6.1257e-08 9.9605e-09 1.0760e-09 6.9357e-11 2.3157e-12 3.3188e-14 1.5857e-16 1.7903e-19 2.9692e-23 3.7154e-28 1.3564e-34 3.6358e-43 9.2480e-55 1.0008e-70 3.6556e-93 1.9170e-125 3.6347e-173 5.2683e-246 0.0000e+00 0.0000e+00 0.0000e+00 0.0000e+00 0.0000e+00 0.0000e+00 0.0000e+00 0.0000e+00 0.0000e+00 0.0000e+00
-8.4044e-07 -2.3788e-06 -4.3755e-06 -6.7479e-06 -9.4510e-06 -1.2457e-05 -1.5746e-05 1.3449e-04 -2.3132e-05 -2.7216e-05 -3.1556e-05 -3.6152e-05 -4.1004e-05 -4.6117e-05 -5.1492e-05 -5.7135e-05 -6.3052e-05 -6.9248e-05 -7.5730e-05 -8.2505e-05 -8.9581e-05 -9.6965e-05 -1.0466e-04 -1.1269e-04 -1.2104e-04 -1.2972e-04 -1.3875e-04 -1.4812e-04 -1.5784e-04 -1.6789e-04 -1.7829e-04 -1.8902e-04 -2.0006e-04 -2.1140e-04 -2.2302e-04 -2.3487e-04 -2.4692e-04 -2.5911e-04 -2.7138e-04 -2.8363e-04 -2.9576e-04 -3.0766e-04 -3.1918e-04 -3.3014e-04 -3.4036e-04 -3.4961e-04 -3.5762e-04 -3.6413e-04 -3.6880e-04 -3.7131e-04 -3.7130e-04 -3.6842e-04 -3.6232e-04 -3.5270e-04 -3.3932e-04 -3.2205e-04 -3.0088e-04 -2.7603e-04 -2.4791e-04 -2.1720e-04 -1.8485e-04 -1.5204e-04 -1.2013e-04 -9.0518e-05 -6.4463e-05 -4.2924e-05 -2.6374e-05 -1.4712e-05 -7.3023e-06 -3.1457e-06 -1.1399e-06 -3.3405e-07 -7.5307e-08 -1.2251e-08 -1.3242e-09 -8.5413e-11 -2.8542e-12 -4.0950e-14 -1.9591e-16 -2.2156e-19 -3.6825e-23 -4.6207e-28 -1.6931e-34 -4.5600e-43 -1.1674e-54 -1.2746e-70 -4.7132e-93 -2.5153e-125 -4.8923e-173 -7.3665e-246 0.0000e+00 0.0000e+00 0.0000e+00 0.0000e+00 0.0000e+00 0.0000e+00 0.0000e+00 0.0000e+00 0.0000e+00 0.0000e+00 8.4044e-07 2.3788e-06 4.3755e-06 6.7479e-06 9.4510e-06 1.2457e-05 1.5746e-05 0.0000e+00 2.3132e-05 2.7216e-05 3.1556e-05 3.6152e-05 4.1004e-05 4.6117e-05 5.1492e-05 5.7135e-05 6.3052e-05 6.9248e-05 7.5730e-05 8.2505e-05 8.9581e-05 9.6964e-05 1.0466e-04 1.1269e-04 1.2104e-04 1.2972e-04 1.3875e-04 1.4812e-04 1.5783e-04 1.6789e-04 1.7829e-04 1.8901e-04 2.0006e-04 2.1140e-04 2.2302e-04 2.3487e-04 2.4692e-04 2.5911e-04 2.7137e-04 2.8362e-04 2.9575e-04 3.0765e-04 3.1916e-04 3.3012e-04 3.4034e-04 3.4958e-04 3.5760e-04 3.6409e-04 3.6876e-04 3.7127e-04 3.7125e-04 3.6836e-04 3.6226e-04 3.5263e-04 3.3925e-04 3.2197e-04 3.0080e-04 2.7594e-04 2.4782e-04 2.1711e-04 1.8476e-04 1.5196e-04 1.2006e-04 9.0455e-05 6.4412e-05 4.2885e-05 2.6346e-05 1.4694e-05 7.2921e-06 3.1406e-06 1.1377e-06 3.3331e-07 7.5111e-08 1.2213e-08 1.3194e-09 8.5044e-11 2.8395e-12 4.0694e-14 1.9443e-16 2.1952e-19 3.6408e-23 4.5557e-28 1.6632e-34 4.4581e-43 1.1340e-54 1.2272e-70 4.4824e-93 2.3505e-125 4.4565e-173 6.4590e-246 0.0000e+00 0.0000e+00 0.0000e+00 0.0000e+00 0.0000e+00 0.0000e+00 0.0000e+00 0.0000e+00 0.0000e+00 0.0000e+00
-1.0069e-06 -2.8501e-06 -5.2423e-06 -8.0847e-06 -1.1323e-05 -1.4924e-05 -1.8866e-05 -2.3132e-05 2.1663e-04 -3.2608e-05 -3.7807e-05 -4.3314e-05 -4.9128e-05 -5.5253e-05 -6.1693e-05 -6.8454e-05 -7.5543e-05 -8.2966e-05 -9.0732e-05 -9.8850e-05 -1.0733e-04 -1.1617e-04 -1.2540e-04 -1.3501e-04 -1.4502e-04 -1.5542e-04 -1.6624e-04 -1.7747e-04 -1.8910e-04 -2.0115e-04 -2.1361e-04 -2.2646e-04 -2.3970e-04 -2.5329e-04 -2.6720e-04 -2.8141e-04 -2.9585e-04 -3.1045e-04 -3.2514e-04 -3.3982e-04 -3.5436e-04 -3.6862e-04 -3.8242e-04 -3.9556e-04 -4.0780e-04 -4.1889e-04 -4.2849e-04 -4.3629e-04 -4.4189e-04 -4.4490e-04 -4.4489e-04 -4.4144e-04 -4.3414e-04 -4.2262e-04 -4.0660e-04 -3.8590e-04 -3.6055e-04 -3.3078e-04 -2.9708e-04 -2.6029e-04 -2.2153e-04 -1.8222e-04 -1.4399e-04 -1.0850e-04 -7.7271e-05 -5.1456e-05 -3.1619e-05 -1.7639e-05 -8.7564e-06 -3.7727e-06 -1.3673e-06 -4.0077e-07 -9.0370e-08 -1.4705e-08 -1.5901e-09 -1.0260e-10 -3.4305e-12 -4.9249e-14 -2.3581e-16 -2.6695e-19 -4.4427e-23 -5.5839e-28 -2.0505e-34 -5.5383e-43 -1.4233e-54 -1.5621e-70 -5.8178e-93 -3.1361e-125 -6.1877e-173 -9.5118e-246 0.0000e+00 0.0000e+00 0.0000e+00 0.0000e+00 0.0000e+00 0.0000e+00 0.0000e+00 0.0000e+00 0.0000e+00 0.0000e+00 1.0069e-06 2.8501e-06 5.2423e-06 8.0847e-06 1.1323e-05 1.4924e-05 1.8866e-05 2.3132e-05 0.0000e+00 3.2608e-05 3.7807e-05 4.3314e-05 4.9128e-05 5.5253e-05 6.1693e-05 6.8454e-05 7.5543e-05 8.2966e-05 9.0732e-05 9.8849e-05 1.0733e-04 1.1617e-04 1.2540e-04 1.3501e-04 1.4502e-04 1.5542e-04 1.6624e-04 1.7746e-04 1.8910e-04 2.0115e-04 2.1361e-04 2.2646e-04 2.3969e-04 2.5328e-04 2.6720e-04 2.8140e-04 2.9584e-04 3.1044e-04 3.2513e-04 3.3980e-04 3.5434e-04 3.6859e-04 3.8239e-04 3.9552e-04 4.0776e-04 4.1884e-04 4.2844e-04 4.3622e-04 4.4182e-04 4.4481e-04 4.4480e-04 4.4134e-04 4.3402e-04 4.2249e-04 4.0646e-04 3.8575e-04 3.6039e-04 3.3061e-04 2.9691e-04 2.6012e-04 2.2136e-04 1.8207e-04 1.4385e-04 1.0837e-04 7.7172e-05 5.1381e-05 3.1565e-05 1.7605e-05 8.7367e-06 3.7628e-06 1.3631e-06 3.9934e-07 8.9991e-08 1.4633e-08 1.5808e-09 1.0189e-10 3.4020e-12 4.8756e-14 2.3295e-16 2.6300e-19 4.3620e-23 5.4581e-28 1.9927e-34 5.3412e-43 1.3586e-54 1.4702e-70 5.3701e-93 2.8159e-125 5.3386e-173 7.7361e-246 0.0000e+00 0.0000e+00 0.0000e+00 0.0000e+00 0.0000e+00 0.0000e+00 0.0000e+00 0.0000e+00 0.0000e+00 0.0000e+00
-1.1847e-06 -3.3532e-06 -6.1677e-06 -9.5119e-06 -1.3322e-05 -1.7559e-05 -2.2196e-05 -2.7216e-05 -3.2608e-05 3.3222e-04 -4.4482e-05 -5.0960e-05 -5.7800e-05 -6.5007e-05 -7.2584e-05 -8.0539e-05 -8.8879e-05 -9.7612e-05 -1.0675e-04 -1.1630e-04 -1.2627e-04 -1.3668e-04 -1.4754e-04 -1.5884e-04 -1.7062e-04 -1.8286e-04 -1.9559e-04 -2.0879e-04 -2.2249e-04 -2.3667e-04 -2.5132e-04 -2.6644e-04 -2.8201e-04 -2.9800e-04 -3.1438e-04 -3.3109e-04 -3.4808e-04 -3.6526e-04 -3.8255e-04 -3.9982e-04 -4.1693e-04 -4.3370e-04 -4.4994e-04 -4.6541e-04 -4.7982e-04 -4.9286e-04 -5.0417e-04 -5.1334e-04 -5.1994e-04 -5.2349e-04 -5.2349e-04 -5.1944e-04 -5.1085e-04 -4.9731e-04 -4.7846e-04 -4.5412e-04 -4.2430e-04 -3.8927e-04 -3.4963e-04 -3.0635e-04 -2.6074e-04 -2.1449e-04 -1.6949e-04 -1.2772e-04 -9.0973e-05 -6.0587e-05 -3.7234e-05 -2.0775e-05 -1.0315e-05 -4.4449e-06 -1.6113e-06 -4.7242e-07 -1.0656e-07 -1.7347e-08 -1.8766e-09 -1.2117e-10 -4.0541e-12 -5.8253e-14 -2.7924e-16 -3.1656e-19 -5.2779e-23 -6.6489e-28 -2.4489e-34 -6.6407e-43 -1.7156e-54 -1.8963e-70 -7.1313e-93 -3.8959e-125 -7.8321e-173 -1.2362e-245 0.0000e+00 0.0000e+00 0.0000e+00 0.0000e+00 0.0000e+00 0.0000e+00 0.0000e+00 0.0000e+00 0.0000e+00 0.0000e+00 1.1847e-06 3.3532e-06 6.1677e-06 9.5119e-06 1.3322e-05 1.7559e-05 2.2196e-05 2.7216e-05 3.2608e-05 0.0000e+00 4.4482e-05 5.0960e-05 5.7800e-05 6.5007e-05 7.2584e-05 8.0539e-05 8.8878e-05 9.7612e-05 1.0675e-04 1.1630e-04 1.2627e-04 1.3668e-04 1.4754e-04 1.5884e-04 1.7062e-04 1.8286e-04 1.9558e-04 2.0879e-04 2.2249e-04 2.3666e-04 2.5132e-04 2.6644e-04 2.8200e-04 2.9799e-04 3.1437e-04 3.3108e-04 3.4806e-04 3.6524e-04 3.8252e-04 3.9979e-04 4.1689e-04 4.3366e-04 4.4989e-04 4.6535e-04 4.7975e-04 4.9278e-04 5.0407e-04 5.1323e-04 5.1981e-04 5.2334e-04 5.2332e-04 5.1925e-04 5.1064e-04 4.9708e-04 4.7821e-04 4.5385e-04 4.2401e-04 3.8897e-04 3.4933e-04 3.0604e-04 2.6044e-04 2.1421e-04 1.6924e-04 1.2751e-04 9.0796e-05 6.0451e-05 3.7138e-05 2.0713e-05 1.0279e-05 4.4270e-06 1.6038e-06 4.6984e-07 1.0588e-07 1.7216e-08 1.8598e-09 1.1988e-10 4.0025e-12 5.7363e-14 2.7408e-16 3.0943e-19 5.1320e-23 6.4216e-28 2.3445e-34 6.2839e-43 1.5984e-54 1.7297e-70 6.3175e-93 3.3125e-125 6.2788e-173 9.0953e-246 0.0000e+00 0.0000e+00 0.0000e+00 0.0000e+00 0.0000e+00 0.0000e+00 0.0000e+00 0.0000e+00 0.0000e+00 0.0000e+00
-1.3736e-06 -3.8879e-06 -7.1512e-06 -1.1029e-05 -1.5447e-05 -2.0359e-05 -2.5735e-05 -3.1556e-05 -3.7807e-05 -4.4482e-05 4.8976e-04 -5.9086e-05 -6.7017e-05 -7.5373e-05 -8.4158e-05 -9.3382e-05 -1.0305e-04 -1.1318e-04 -1.2377e-04 -1.3485e-04 -1.4641e-04 -1.5848e-04 -1.7106e-04 -1.8417e-04 -1.9782e-04 -2.1202e-04 -2.2678e-04 -2.4209e-04 -2.5797e-04 -2.7441e-04 -2.9140e-04 -3.0894e-04 -3.2699e-04 -3.4553e-04 -3.6452e-04 -3.8390e-04 -4.0359e-04 -4.2352e-04 -4.4357e-04 -4.6359e-04 -4.8343e-04 -5.0289e-04 -5.2172e-04 -5.3966e-04 -5.5637e-04 -5.7150e-04 -5.8462e-04 -5.9527e-04 -6.0292e-04 -6.0705e-04 -6.0706e-04 -6.0237e-04 -5.9243e-04 -5.7674e-04 -5.5490e-04 -5.2669e-04 -4.9212e-04 -4.5151e-04 -4.0556e-04 -3.5536e-04 -3.0248e-04 -2.4884e-04 -1.9666e-04 -1.4821e-04 -1.0558e-04 -7.0324e-05 -4.3224e-05 -2.4122e-05 -1.1979e-05 -5.1635e-06 -1.8724e-06 -5.4917e-07 -1.2393e-07 -2.0185e-08 -2.1851e-09 -1.4120e-10 -4.7289e-12 -6.8034e-14 -3.2662e-16 -3.7098e-19 -6.2002e-23 -7.8351e-28 -2.8974e-34 -7.8983e-43 -2.0547e-54 -2.2921e-70 -8.7282e-93 -4.8500e-125 -9.9796e-173 -1.6263e-245 0.0000e+00 0.0000e+00 0.0000e+00 0.0000e+00 0.0000e+00 0.0000e+00 0.0000e+00 0.0000e+00 0.0000e+00 0.0000e+00 1.3736e-06 3.8879e-06 7.1512e-06 1.1029e-05 1.5447e-05 2.0359e-05 2.5735e-05 3.1556e-05 3.7807e-05 4.4482e-05 0.0000e+00 5.9086e-05 6.7017e-05 7.5373e-05 8.4158e-05 9.3381e-05 1.0305e-04 1.1318e-04 1.2377e-04 1.3484e-04 1.4641e-04 1.5848e-04 1.7106e-04 1.8417e-04 1.9782e-04 2.1202e-04 2.2677e-04 2.4209e-04 2.5796e-04 2.7440e-04 2.9139e-04 3.0892e-04 3.2697e-04 3.4551e-04 3.6450e-04 3.8387e-04 4.0356e-04 4.2348e-04 4.4352e-04 4.6354e-04 4.8337e-04 5.0281e-04 5.2163e-04 5.3955e-04 5.5625e-04 5.7136e-04 5.8445e-04 5.9507e-04 6.0270e-04 6.0679e-04 6.0677e-04 6.0205e-04 5.9207e-04 5.7634e-04 5.5446e-04 5.2622e-04 4.9163e-04 4.5100e-04 4.0503e-04 3.5484e-04 3.0197e-04 2.4836e-04 1.9623e-04 1.4784e-04 1.0527e-04 7.0091e-05 4.3060e-05 2.4016e-05 1.1918e-05 5.1330e-06 1.8595e-06 5.4476e-07 1.2276e-07 1.9961e-08 2.1564e-09 1.3899e-10 4.6408e-12 6.6510e-14 3.1778e-16 3.5877e-19 5.9503e-23 7.4455e-28 2.7182e-34 7.2857e-43 1.8531e-54 2.0053e-70 7.3234e-93 3.8393e-125 7.2749e-173 1.0530e-245 0.0000e+00 0.0000e+00 0.0000e+00 0.0000e+00 0.0000e+00 0.0000e+00 0.0000e+00 0.0000e+00 0.0000e+00 0.0000e+00
-1.5736e-06 -4.4542e-06 -8.1927e-06 -1.2635e-05 -1.7696e-05 -2.3324e-05 -2.9483e-05 -3.6152e-05 -4.3314e-05 -5.0960e-05 -5.9086e-05 6.9888e-04 -7.6778e-05 -8.6350e-05 -9.6415e-05 -1.0698e-04 -1.1806e-04 -1.2966e-04 -1.4180e-04 -1.5448e-04 -1.6773e-04 -1.8156e-04 -1.9598e-04 -2.1100e-04 -2.2664e-04 -2.4290e-04 -2.5981e-04 -2.7735e-04 -2.9554e-04 -3.1438e-04 -3.3385e-04 -3.5393e-04 -3.7462e-04 -3.9586e-04 -4.1762e-04 -4.3982e-04 -4.6239e-04 -4.8522e-04 -5.0819e-04 -5.3114e-04 -5.5387e-04 -5.7617e-04 -5.9775e-04 -6.1831e-04 -6.3747e-04 -6.5481e-04 -6.6985e-04 -6.8205e-04 -6.9084e-04 -6.9558e-04 -6.9561e-04 -6.9026e-04 -6.7889e-04 -6.6093e-04 -6.3592e-04 -6.0362e-04 -5.6404e-04 -5.1752e-04 -4.6488e-04 -4.0738e-04 -3.4678e-04 -2.8532e-04 -2.2551e-04 -1.6998e-04 -1.2110e-04 -8.0679e-05 -4.9600e-05 -2.7687e-05 -1.3754e-05 -5.9304e-06 -2.1514e-06 -6.3132e-07 -1.4255e-07 -2.3235e-08 -2.5174e-09 -1.6284e-10 -5.4610e-12 -7.8691e-14 -3.7853e-16 -4.3102e-19 -7.2265e-23 -9.1689e-28 -3.4083e-34 -9.3535e-43 -2.4548e-54 -2.7705e-70 -1.0714e-92 -6.0772e-125 -1.2854e-172 -2.1733e-245 0.0000e+00 0.0000e+00 0.0000e+00 0.0000e+00 0.0000e+00 0.0000e+00 0.0000e+00 0.0000e+00 0.0000e+00 0.0000e+00 1.5736e-06 4.4542e-06 8.1927e-06 1.2635e-05 1.7696e-05 2.3324e-05 2.9483e-05 3.6152e-05 4.3314e-05 5.0960e-05 5.9086e-05 0.0000e+00 7.6778e-05 8.6350e-05 9.6415e-05 1.0698e-04 1.1806e-04 1.2966e-04 1.4180e-04 1.5448e-04 1.6773e-04 1.8156e-04 1.9597e-04 2.1100e-04 2.2663e-04 2.4290e-04 2.5980e-04 2.7734e-04 2.9553e-04 3.1436e-04 3.3383e-04 3.5391e-04 3.7459e-04 3.9583e-04 4.1758e-04 4.3978e-04 4.6234e-04 4.8516e-04 5.0812e-04 5.3105e-04 5.5377e-04 5.7604e-04 5.9760e-04 6.1813e-04 6.3726e-04 6.5457e-04 6.6957e-04 6.8174e-04 6.9048e-04 6.9516e-04 6.9514e-04 6.8973e-04 6.7830e-04 6.6028e-04 6.3522e-04 6.0286e-04 5.6323e-04 5.1668e-04 4.6402e-04 4.0652e-04 3.4595e-04 2.8454e-04 2.2481e-04 1.6937e-04 1.2061e-04 8.0299e-05 4.9331e-05 2.7513e-05 1.3654e-05 5.8805e-06 2.1303e-06 6.2410e-07 1.4064e-07 2.2868e-08 2.4704e-09 1.5924e-10 5.3166e-12 7.6196e-14 3.6406e-16 4.1102e-19 6.8168e-23 8.5296e-28 3.1140e-34 8.3462e-43 2.1227e-54 2.2968e-70 8.3868e-93 4.3953e-125 8.3228e-173 1.2029e-245 0.0000e+00 0.0000e+00 0.0000e+00 0.0000e+00 0.0000e+00 0.0000e+00 0.0000e+00 0.0000e+00 0.0000e+00 0.0000e+00
-1.7849e-06 -5.0521e-06 -9.2925e-06 -1.4331e-05 -2.0072e-05 -2.6455e-05 -3.3441e-05 -4.1004e-05 -4.9128e-05 -5.7800e-05 -6.7017e-05 -7.6778e-05 9.7054e-04 -9.7941e-05 -1.0936e-04 -1.2134e-04 -1.3391e-04 -1.4707e-04 -1.6083e-04 -1.7522e-04 -1.9025e-04 -2.0593e-04 -2.2228e-04 -2.3932e-04 -2.5706e-04 -2.7551e-04 -2.9468e-04 -3.1459e-04 -3.3522e-04 -3.5658e-04 -3.7867e-04 -4.0145e-04 -4.2491e-04 -4.4901e-04 -4.7369e-04 -4.9888e-04 -5.2448e-04 -5.5038e-04 -5.7644e-04 -6.0247e-04 -6.2827e-04 -6.5356e-04 -6.7805e-04 -7.0138e-04 -7.2312e-04 -7.4281e-04 -7.5988e-04 -7.7375e-04 -7.8374e-04 -7.8913e-04 -7.8919e-04 -7.8315e-04 -7.7028e-04 -7.4993e-04 -7.2160e-04 -6.8499e-04 -6.4010e-04 -5.8736e-04 -5.2766e-04 -4.6244e-04 -3.9370e-04 -3.2396e-04 -2.5609e-04 -1.9306e-04 -1.3758e-04 -9.1677e-05 -5.6377e-05 -3.1480e-05 -1.5644e-05 -6.7485e-06 -2.4495e-06 -7.1926e-07 -1.6253e-07 -2.6516e-08 -2.8761e-09 -1.8630e-10 -6.2580e-12 -9.0361e-14 -4.3578e-16 -4.9779e-19 -8.3794e-23 -1.0686e-27 -3.9980e-34 -1.1064e-42 -2.9353e-54 -3.3597e-70 -1.3234e-92 -7.6895e-125 -1.6783e-172 -2.9553e-245 0.0000e+00 0.0000e+00 0.0000e+00 0.0000e+00 0.0000e+00 0.0000e+00 0.0000e+00 0.0000e+00 0.0000e+00 0.0000e+00 1.7849e-06 5.0521e-06 9.2925e-06 1.4331e-05 2.0072e-05 2.6455e-05 3.3441e-05 4.1004e-05 4.9128e-05 5.7800e-05 6.7017e-05 7.6778e-05 0.0000e+00 9.7941e-05 1.0936e-04 1.2134e-04 1.3391e-04 1.4707e-04 1.6083e-04 1.7522e-04 1.9025e-04 2.0593e-04 2.2228e-04 2.3932e-04 2.5705e-04 2.7550e-04 2.9467e-04 3.1457e-04 3.3520e-04 3.5656e-04 3.7864e-04 4.0142e-04 4.2488e-04 4.4896e-04 4.7363e-04 4.9881e-04 5.2440e-04 5.5028e-04 5.7632e-04 6.0233e-04 6.2810e-04 6.5337e-04 6.7782e-04 7.0111e-04 7.2280e-04 7.4243e-04 7.5945e-04 7.7325e-04 7.8316e-04 7.8848e-04 7.8845e-04 7.8231e-04 7.6935e-04 7.4891e-04 7.2048e-04 6.8378e-04 6.3883e-04 5.8604e-04 5.2631e-04 4.6109e-04 3.9239e-04 3.2273e-04 2.5498e-04 1.9211e-04 1.3680e-04 9.1078e-05 5.5953e-05 3.1206e-05 1.5487e-05 6.6699e-06 2.4163e-06 7.0787e-07 1.5952e-07 2.5938e-08 2.8020e-09 1.8061e-10 6.0303e-12 8.6423e-14 4.1292e-16 4.6618e-19 7.7316e-23 9.6741e-28 3.5317e-34 9.4652e-43 2.4071e-54 2.6041e-70 9.5059e-93 4.9787e-125 9.4157e-173 1.3570e-245 0.0000e+00 0.0000e+00 0.0000e+00 0.0000e+00 0.0000e+00 0.0000e+00 0.0000e+00 0.0000e+00 0.0000e+00 0.0000e+00
-2.0074e-06 -5.6820e-06 -1.0451e-05 -1.6118e-05 -2.2574e-05 -2.9753e-05 -3.7610e-05 -4.6117e-05 -5.5253e-05 -6.5007e-05 -7.5373e-05 -8.6350e-05 -9.7941e-05 1.3171e-03 -1.2299e-04 -1.3647e-04 -1.5060e-04 -1.6540e-04 -1.8089e-04 -1.9707e-04 -2.1397e-04 -2.3161e-04 -2.5000e-04 -2.6916e-04 -2.8911e-04 -3.0986e-04 -3.3143e-04 -3.5381e-04 -3.7702e-04 -4.0105e-04 -4.2589e-04 -4.5152e-04 -4.7791e-04 -5.0501e-04 -5.3277e-04 -5.6110e-04 -5.8990e-04 -6.1904e-04 -6.4836e-04 -6.7764e-04 -7.0666e-04 -7.3513e-04 -7.6268e-04 -7.8894e-04 -8.1341e-04 -8.3557e-04 -8.5480e-04 -8.7042e-04 -8.8168e-04 -8.8778e-04 -8.8788e-04 -8.8112e-04 -8.6668e-04 -8.4384e-04 -8.1201e-04 -7.7087e-04 -7.2042e-04 -6.6113e-04 -5.9399e-04 -5.2064e-04 -4.4331e-04 -3.6484e-04 -2.8847e-04 -2.1752e-04 -1.5505e-04 -1.0335e-04 -6.3577e-05 -3.5515e-05 -1.7657e-05 -7.6216e-06 -2.7683e-06 -8.1352e-07 -1.8401e-07 -3.0055e-08 -3.2646e-09 -2.1183e-10 -7.1304e-12 -1.0322e-13 -4.9939e-16 -5.7272e-19 -9.6886e-23 -1.2433e-27 -4.6886e-34 -1.3107e-42 -3.5223e-54 -4.0989e-70 -1.6491e-92 -9.8456e-125 -2.2243e-172 -4.0920e-245 0.0000e+00 0.0000e+00 0.0000e+00 0.0000e+00 0.0000e+00 0.0000e+00 0.0000e+00 0.0000e+00 0.0000e+00 0.0000e+00 2.0074e-06 5.6820e-06 1.0451e-05 1.6118e-05 2.2574e-05 2.9753e-05 3.7610e-05 4.6117e-05 5.5253e-05 6.5007e-05 7.5373e-05 8.6350e-05 9.7941e-05 0.0000e+00 1.2299e-04 1.3647e-04 1.5060e-04 1.6540e-04 1.8088e-04 1.9707e-04 2.1397e-04 2.3160e-04 2.4999e-04 2.6915e-04 2.8910e-04 3.0985e-04 3.3141e-04 3.5379e-04 3.7699e-04 4.0102e-04 4.2585e-04 4.5147e-04 4.7785e-04 5.0494e-04 5.3268e-04 5.6100e-04 5.8978e-04 6.1889e-04 6.4818e-04 6.7743e-04 7.0641e-04 7.3482e-04 7.6233e-04 7.8852e-04 8.1292e-04 8.3500e-04 8.5413e-04 8.6965e-04 8.8080e-04 8.8678e-04 8.8675e-04 8.7985e-04 8.6527e-04 8.4228e-04 8.1031e-04 7.6904e-04 7.1848e-04 6.5910e-04 5.9192e-04 5.1857e-04 4.4131e-04 3.6297e-04 2.8677e-04 2.1606e-04 1.5385e-04 1.0243e-04 6.2929e-05 3.5097e-05 1.7417e-05 7.5014e-06 2.7176e-06 7.9612e-07 1.7940e-07 2.9171e-08 3.1514e-09 2.0313e-10 6.7820e-12 9.7197e-14 4.6439e-16 5.2428e-19 8.6950e-23 1.0879e-27 3.9714e-34 1.0643e-42 2.7061e-54 2.9268e-70 1.0678e-92 5.5864e-125 1.0541e-172 1.5113e-245 0.0000e+00 0.0000e+00 0.0000e+00 0.0000e+00 0.0000e+00 0.0000e+00 0.0000e+00 0.0000e+00 0.0000e+00 0.0000e+00
-2.2414e-06 -6.3443e-06 -1.1669e-05 -1.7996e-05 -2.5205e-05 -3.3221e-05 -4.1994e-05 -5.1492e-05 -6.1693e-05 -7.2584e-05 -8.4158e-05 -9.6415e-05 -1.0936e-04 -1.2299e-04 1.7524e-03 -1.5238e-04 -1.6816e-04 -1.8468e-04 -2.0197e-04 -2.2004e-04 -2.3891e-04 -2.5861e-04 -2.7914e-04 -3.0054e-04 -3.2282e-04 -3.4599e-04 -3.7007e-04 -3.9506e-04 -4.2097e-04 -4.4781e-04 -4.7554e-04 -5.0416e-04 -5.3363e-04 -5.6390e-04 -5.9490e-04 -6.2654e-04 -6.5871e-04 -6.9125e-04 -7.2399e-04 -7.5671e-04 -7.8913e-04 -8.2093e-04 -8.5172e-04 -8.8105e-04 -9.0840e-04 -9.3317e-04 -9.5468e-04 -9.7216e-04 -9.8477e-04 -9.9163e-04 -9.9179e-04 -9.8429e-04 -9.6823e-04 -9.4278e-04 -9.0729e-04 -8.6140e-04 -8.0511e-04 -7.3894e-04 -6.6399e-04 -5.8208e-04 -4.9572e-04 -4.0807e-04 -3.2272e-04 -2.4341e-04 -1.7356e-04 -1.1573e-04 -7.1227e-05 -3.9809e-05 -1.9804e-05 -8.5544e-06 -3.1098e-06 -9.1479e-07 -2.0717e-07 -3.3887e-08 -3.6872e-09 -2.3976e-10 -8.0914e-12 -1.1751e-13 -5.7071e-16 -6.5767e-19 -1.1193e-22 -1.4471e-27 -5.5090e-34 -1.5584e-42 -4.2511e-54 -5.0411e-70 -2.0769e-92 -1.2773e-124 -2.9945e-172 -5.7688e-245 0.0000e+00 0.0000e+00 0.0000e+00 0.0000e+00 0.0000e+00 0.0000e+00 0.0000e+00 0.0000e+00 0.0000e+00 0.0000e+00 2.2414e-06 6.3443e-06 1.1669e-05 1.7996e-05 2.5205e-05 3.3221e-05 4.1994e-05 5.1492e-05 6.1693e-05 7.2584e-05 8.4158e-05 9.6415e-05 1.0936e-04 1.2299e-04 0.0000e+00 1.5238e-04 1.6816e-04 1.8468e-04 2.0197e-04 2.2004e-04 2.3891e-04 2.5860e-04 2.7913e-04 3.0053e-04 3.2280e-04 3.4597e-04 3.7004e-04 3.9503e-04 4.2094e-04 4.4776e-04 4.7549e-04 5.0409e-04 5.3355e-04 5.6380e-04 5.9477e-04 6.2639e-04 6.5852e-04 6.9103e-04 7.2373e-04 7.5639e-04 7.8875e-04 8.2048e-04 8.5119e-04 8.8043e-04 9.0767e-04 9.3232e-04 9.5369e-04 9.7102e-04 9.8347e-04 9.9015e-04 9.9011e-04 9.8240e-04 9.6613e-04 9.4046e-04 9.0476e-04 8.5868e-04 8.0222e-04 7.3593e-04 6.6092e-04 5.7902e-04 4.9275e-04 4.0527e-04 3.2020e-04 2.4124e-04 1.7178e-04 1.1437e-04 7.0264e-05 3.9188e-05 1.9448e-05 8.3758e-06 3.0343e-06 8.8892e-07 2.0032e-07 3.2572e-08 3.5187e-09 2.2680e-10 7.5724e-12 1.0852e-13 5.1850e-16 5.8535e-19 9.7075e-23 1.2145e-27 4.4332e-34 1.1878e-42 3.0195e-54 3.2640e-70 1.1897e-92 6.2125e-125 1.1675e-172 1.6582e-245 0.0000e+00 0.0000e+00 0.0000e+00 0.0000e+00 0.0000e+00 0.0000e+00 0.0000e+00 0.0000e+00 0.0000e+00 0.0000e+00
-2.4870e-06 -7.0395e-06 -1.2948e-05 -1.9969e-05 -2.7968e-05 -3.6862e-05 -4.6597e-05 -5.7135e-05 -6.8454e-05 -8.0539e-05 -9.3382e-05 -1.0698e-04 -1.2134e-04 -1.3647e-04 -1.5238e-04 2.2919e-03 -1.8659e-04 -2.0492e-04 -2.2411e-04 -2.4416e-04 -2.6510e-04 -2.8695e-04 -3.0974e-04 -3.3348e-04 -3.5820e-04 -3.8391e-04 -4.1063e-04 -4.3837e-04 -4.6712e-04 -4.9690e-04 -5.2768e-04 -5.5944e-04 -5.9214e-04 -6.2574e-04 -6.6014e-04 -6.9526e-04 -7.3096e-04 -7.6709e-04 -8.0343e-04 -8.3975e-04 -8.7574e-04 -9.1105e-04 -9.4524e-04 -9.7782e-04 -1.0082e-03 -1.0357e-03 -1.0596e-03 -1.0791e-03 -1.0931e-03 -1.1008e-03 -1.1011e-03 -1.0928e-03 -1.0751e-03 -1.0469e-03 -1.0076e-03 -9.5673e-04 -8.9434e-04 -8.2095e-04 -7.3781e-04 -6.4692e-04 -5.5107e-04 -4.5374e-04 -3.5895e-04 -2.7084e-04 -1.9319e-04 -1.2888e-04 -7.9363e-05 -4.4384e-05 -2.2097e-05 -9.5532e-06 -3.4765e-06 -1.0239e-06 -2.3223e-07 -3.8053e-08 -4.1494e-09 -2.7051e-10 -9.1578e-12 -1.3350e-13 -6.5144e-16 -7.5503e-19 -1.2941e-22 -1.6880e-27 -6.4968e-34 -1.8630e-42 -5.1687e-54 -6.2591e-70 -2.6463e-92 -1.6801e-124 -4.0954e-172 -8.2782e-245 0.0000e+00 0.0000e+00 0.0000e+00 0.0000e+00 0.0000e+00 0.0000e+00 0.0000e+00 0.0000e+00 0.0000e+00 0.0000e+00 2.4870e-06 7.0395e-06 1.2948e-05 1.9969e-05 2.7968e-05 3.6862e-05 4.6597e-05 5.7135e-05 6.8454e-05 8.0539e-05 9.3381e-05 1.0698e-04 1.2134e-04 1.3647e-04 1.5238e-04 0.0000e+00 1.8659e-04 2.0492e-04 2.2410e-04 2.4415e-04 2.6509e-04 2.8694e-04 3.0972e-04 3.3346e-04 3.5818e-04 3.8388e-04 4.1060e-04 4.3832e-04 4.6707e-04 4.9683e-04 5.2760e-04 5.5934e-04 5.9202e-04 6.2559e-04 6.5996e-04 6.9504e-04 7.3069e-04 7.6676e-04 8.0304e-04 8.3929e-04 8.7519e-04 9.1040e-04 9.4447e-04 9.7692e-04 1.0072e-03 1.0345e-03 1.0582e-03 1.0774e-03 1.0913e-03 1.0987e-03 1.0986e-03 1.0901e-03 1.0720e-03 1.0435e-03 1.0039e-03 9.5278e-04 8.9014e-04 8.1658e-04 7.3335e-04 6.4247e-04 5.4675e-04 4.4969e-04 3.5529e-04 2.6768e-04 1.9061e-04 1.2691e-04 7.7964e-05 4.3483e-05 2.1579e-05 9.2937e-06 3.3668e-06 9.8633e-07 2.2227e-07 3.6141e-08 3.9042e-09 2.5165e-10 8.4020e-12 1.2041e-13 5.7528e-16 6.4943e-19 1.0770e-22 1.3473e-27 4.9170e-34 1.3171e-42 3.3466e-54 3.6146e-70 1.3154e-92 6.8468e-125 1.2777e-172 1.7844e-245 0.0000e+00 0.0000e+00 0.0000e+00 0.0000e+00 0.0000e+00 0.0000e+00 0.0000e+00 0.0000e+00 0.0000e+00 0.0000e+00
-2.7446e-06 -7.7685e-06 -1.4289e-05 -2.2036e-05 -3.0864e-05 -4.0679e-05 -5.1422e-05 -6.3052e-05 -7.5543e-05 -8.8879e-05 -1.0305e-04 -1.1806e-04 -1.3391e-04 -1.5060e-04 -1.6816e-04 -1.8659e-04 2.9531e-03 -2.2614e-04 -2.4731e-04 -2.6944e-04 -2.9255e-04 -3.1667e-04 -3.4182e-04 -3.6802e-04 -3.9530e-04 -4.2367e-04 -4.5316e-04 -4.8377e-04 -5.1551e-04 -5.4837e-04 -5.8235e-04 -6.1740e-04 -6.5350e-04 -6.9058e-04 -7.2856e-04 -7.6733e-04 -8.0674e-04 -8.4662e-04 -8.8675e-04 -9.2685e-04 -9.6660e-04 -1.0056e-03 -1.0434e-03 -1.0794e-03 -1.1129e-03 -1.1434e-03 -1.1698e-03 -1.1914e-03 -1.2069e-03 -1.2155e-03 -1.2158e-03 -1.2068e-03 -1.1874e-03 -1.1564e-03 -1.1131e-03 -1.0571e-03 -9.8828e-04 -9.0735e-04 -8.1564e-04 -7.1533e-04 -6.0951e-04 -5.0202e-04 -3.9729e-04 -2.9989e-04 -2.1402e-04 -1.4286e-04 -8.8028e-05 -4.9268e-05 -2.4551e-05 -1.0626e-05 -3.8716e-06 -1.1420e-06 -2.5948e-07 -4.2609e-08 -4.6581e-09 -3.0461e-10 -1.0351e-11 -1.5158e-13 -7.4374e-16 -8.6785e-19 -1.4999e-22 -1.9763e-27 -7.7016e-34 -2.2425e-42 -6.3389e-54 -7.8530e-70 -3.4132e-92 -2.2408e-124 -5.6892e-172 -1.2089e-244 0.0000e+00 0.0000e+00 0.0000e+00 0.0000e+00 0.0000e+00 0.0000e+00 0.0000e+00 0.0000e+00 0.0000e+00 0.0000e+00 2.7446e-06 7.7685e-06 1.4289e-05 2.2036e-05 3.0864e-05 4.0679e-05 5.1422e-05 6.3052e-05 7.5543e-05 8.8878e-05 1.0305e-04 1.1806e-04 1.3391e-04 1.5060e-04 1.6816e-04 1.8659e-04 0.0000e+00 2.2614e-04 2.4731e-04 2.6943e-04 2.9254e-04 3.1665e-04 3.4180e-04 3.6799e-04 3.9527e-04 4.2364e-04 4.5311e-04 4.8371e-04 5.1544e-04 5.4828e-04 5.8223e-04 6.1726e-04 6.5333e-04 6.9037e-04 7.2830e-04 7.6701e-04 8.0636e-04 8.4616e-04 8.8620e-04 9.2620e-04 9.6582e-04 1.0047e-03 1.0423e-03 1.0781e-03 1.1114e-03 1.1416e-03 1.1678e-03 1.1890e-03 1.2043e-03 1.2124e-03 1.2124e-03 1.2029e-03 1.1830e-03 1.1516e-03 1.1079e-03 1.0514e-03 9.8232e-04 9.0114e-04 8.0929e-04 7.0900e-04 6.0337e-04 4.9626e-04 3.9208e-04 2.9540e-04 2.1035e-04 1.4005e-04 8.6037e-05 4.7985e-05 2.3813e-05 1.0256e-05 3.7154e-06 1.0885e-06 2.4528e-07 3.9882e-08 4.3084e-09 2.7770e-10 9.2715e-12 1.3287e-13 6.3477e-16 7.1655e-19 1.1882e-22 1.4862e-27 5.4226e-34 1.4519e-42 3.6864e-54 3.9762e-70 1.4432e-92 7.4716e-125 1.3776e-172 1.8658e-245 0.0000e+00 0.0000e+00 0.0000e+00 0.0000e+00 0.0000e+00 0.0000e+00 0.0000e+00 0.0000e+00 0.0000e+00 0.0000e+00
