3.5065e-08 -4.1419e-07 -7.6180e-07 -1.1747e-06 -1.6448e-06 -2.1669e-06 -2.7370e-06 -3.3519e-06 -4.0087e-06 -4.7045e-06 -5.4360e-06 -6.1993e-06 -6.9899e-06 -7.8021e-06 -8.6291e-06 -9.4627e-06 -1.0293e-05 -1.1108e-05 -1.1895e-05 -1.2637e-05 -1.3318e-05 -1.3918e-05 -1.4418e-05 -1.4796e-05 -1.5030e-05 -1.5103e-05 -1.4997e-05 -1.4698e-05 -1.4201e-05 -1.3505e-05 -1.2621e-05 -1.1569e-05 -1.0378e-05 -9.0901e-06 -7.7518e-06 -6.4163e-06 -5.1368e-06 -3.9618e-06 -2.9305e-06 -2.0683e-06 -1.3849e-06 -8.7394e-07 -5.1593e-07 -2.8253e-07 -1.4213e-07 -6.4960e-08 -2.6637e-08 -9.6578e-09 -3.0451e-09 -8.1910e-10 -1.8385e-10 -3.3563e-11 -4.8377e-12 -5.3189e-13 -4.2848e-14 -2.4129e-15 -8.9883e-17 -2.0758e-18 -2.7528e-20 -1.9144e-22 -6.2680e-25 -8.4940e-28 -4.0829e-31 -5.7813e-35 -1.9263e-39 -1.1496e-44 -8.8044e-51 -5.7477e-58 -1.9294e-66 -1.7772e-76 -2.0483e-88 -1.0985e-102 -7.8175e-120 -1.4833e-140 -9.4709e-166 -1.3756e-196 -1.3160e-234 -7.4905e-282 -0.0000e+00 -0.0000e+00 -0.0000e+00 -0.0000e+00 -0.0000e+00 -0.0000e+00 -0.0000e+00 -0.0000e+00 -0.0000e+00 -0.0000e+00 -0.0000e+00 -0.0000e+00 -0.0000e+00 -0.0000e+00 -0.0000e+00 -0.0000e+00 -0.0000e+00 -0.0000e+00 -0.0000e+00 -0.0000e+00 -0.0000e+00 -0.0000e+00 0.0000e+00 -4.1419e-07 -7.6180e-07 -1.1747e-06 -1.6448e-06 -2.1669e-06 -2.7370e-06 -3.3519e-06 -4.0087e-06 -4.7045e-06 -5.4360e-06 -6.1993e-06 -6.9899e-06 -7.8021e-06 -8.6291e-06 -9.4627e-06 -1.0293e-05 -1.1108e-05 -1.1895e-05 -1.2637e-05 -1.3318e-05 -1.3918e-05 -1.4418e-05 -1.4796e-05 -1.5030e-05 -1.5103e-05 -1.4997e-05 -1.4698e-05 -1.4201e-05 -1.3505e-05 -1.2621e-05 -1.1569e-05 -1.0378e-05 -9.0901e-06 -7.7518e-06 -6.4163e-06 -5.1368e-06 -3.9618e-06 -2.9305e-06 -2.0683e-06 -1.3849e-06 -8.7394e-07 -5.1593e-07 -2.8253e-07 -1.4213e-07 -6.4960e-08 -2.6637e-08 -9.6577e-09 -3.0451e-09 -8.1909e-10 -1.8385e-10 -3.3562e-11 -4.8376e-12 -5.3188e-13 -4.2847e-14 -2.4128e-15 -8.9881e-17 -2.0757e-18 -2.7527e-20 -1.9144e-22 -6.2678e-25 -8.4937e-28 -4.0828e-31 -5.7810e-35 -1.9262e-39 -1.1495e-44 -8.8038e-51 -5.7472e-58 -1.9292e-66 -1.7770e-76 -2.0480e-88 -1.0984e-102 -7.8160e-120 -1.4829e-140 -9.4684e-166 -1.3752e-196 -1.3154e-234 -7.4870e-282 -0.0000e+00 -0.0000e+00 -0.0000e+00 -0.0000e+00 -0.0000e+00 -0.0000e+00 -0.0000e+00 -0.0000e+00 -0.0000e+00 -0.0000e+00 -0.0000e+00 -0.0000e+00 -0.0000e+00 -0.0000e+00 -0.0000e+00 -0.0000e+00 -0.0000e+00 -0.0000e+00 -0.0000e+00 -0.0000e+00 -0.0000e+00 -0.0000e+00
-4.1419e-07 5.6188e-07 -2.1562e-06 -3.3249e-06 -4.6556e-06 -6.1333e-06 -7.7469e-06 -9.4874e-06 -1.1346e-05 -1.3316e-05 -1.5386e-05 -1.7547e-05 -1.9784e-05 -2.2083e-05 -2.4424e-05 -2.6784e-05 -2.9134e-05 -3.1441e-05 -3.3668e-05 -3.5769e-05 -3.7696e-05 -3.9396e-05 -4.0809e-05 -4.1878e-05 -4.2543e-05 -4.2749e-05 -4.2447e-05 -4.1603e-05 -4.0195e-05 -3.8226e-05 -3.5724e-05 -3.2746e-05 -2.9376e-05 -2.5730e-05 -2.1942e-05 -1.8162e-05 -1.4540e-05 -1.1214e-05 -8.2949e-06 -5.8545e-06 -3.9200e-06 -2.4738e-06 -1.4604e-06 -7.9975e-07 -4.0233e-07 -1.8389e-07 -7.5404e-08 -2.7340e-08 -8.6206e-09 -2.3189e-09 -5.2049e-10 -9.5021e-11 -1.3697e-11 -1.5060e-12 -1.2132e-13 -6.8323e-15 -2.5453e-16 -5.8785e-18 -7.7962e-20 -5.4224e-22 -1.7755e-24 -2.4063e-27 -1.1568e-30 -1.6383e-34 -5.4595e-39 -3.2588e-44 -2.4965e-50 -1.6302e-57 -5.4740e-66 -5.0442e-76 -5.8162e-88 -3.1210e-102 -2.2224e-119 -4.2201e-140 -2.6972e-165 -3.9221e-196 -3.7574e-234 -2.1426e-281 -0.0000e+00 -0.0000e+00 -0.0000e+00 -0.0000e+00 -0.0000e+00 -0.0000e+00 -0.0000e+00 -0.0000e+00 -0.0000e+00 -0.0000e+00 -0.0000e+00 -0.0000e+00 -0.0000e+00 -0.0000e+00 -0.0000e+00 -0.0000e+00 -0.0000e+00 -0.0000e+00 -0.0000e+00 -0.0000e+00 -0.0000e+00 -0.0000e+00 -4.1419e-07 0.0000e+00 -2.1562e-06 -3.3249e-06 -4.6556e-06 -6.1333e-06 -7.7469e-06 -9.4873e-06 -1.1346e-05 -1.3316e-05 -1.5386e-05 -1.7547e-05 -1.9784e-05 -2.2083e-05 -2.4424e-05 -2.6784e-05 -2.9134e-05 -3.1441e-05 -3.3667e-05 -3.5769e-05 -3.7696e-05 -3.9396e-05 -4.0809e-05 -4.1878e-05 -4.2543e-05 -4.2749e-05 -4.2447e-05 -4.1602e-05 -4.0195e-05 -3.8226e-05 -3.5724e-05 -3.2745e-05 -2.9376e-05 -2.5729e-05 -2.1941e-05 -1.8161e-05 -1.4540e-05 -1.1214e-05 -8.2946e-06 -5.8543e-06 -3.9199e-06 -2.4737e-06 -1.4604e-06 -7.9970e-07 -4.0230e-07 -1.8387e-07 -7.5397e-08 -2.7337e-08 -8.6195e-09 -2.3186e-09 -5.2041e-10 -9.5004e-11 -1.3694e-11 -1.5056e-12 -1.2129e-13 -6.8303e-15 -2.5444e-16 -5.8763e-18 -7.7929e-20 -5.4197e-22 -1.7745e-24 -2.4048e-27 -1.1560e-30 -1.6369e-34 -5.4544e-39 -3.2552e-44 -2.4933e-50 -1.6278e-57 -5.4648e-66 -5.0344e-76 -5.8029e-88 -3.1128e-102 -2.2155e-119 -4.2046e-140 -2.6855e-165 -3.9018e-196 -3.7342e-234 -2.1266e-281 -0.0000e+00 -0.0000e+00 -0.0000e+00 -0.0000e+00 -0.0000e+00 -0.0000e+00 -0.0000e+00 -0.0000e+00 -0.0000e+00 -0.0000e+00 -0.0000e+00 -0.0000e+00 -0.0000e+00 -0.0000e+00 -0.0000e+00 -0.0000e+00 -0.0000e+00 -0.0000e+00 -0.0000e+00 -0.0000e+00 -0.0000e+00 -0.0000e+00
-7.6180e-07 -2.1562e-06 2.8491e-06 -6.1154e-06 -8.5629e-06 -1.1281e-05 -1.4248e-05 -1.7450e-05 -2.0869e-05 -2.4491e-05 -2.8299e-05 -3.2273e-05 -3.6389e-05 -4.0617e-05 -4.4923e-05 -4.9262e-05 -5.3585e-05 -5.7829e-05 -6.1924e-05 -6.5789e-05 -6.9334e-05 -7.2460e-05 -7.5060e-05 -7.7026e-05 -7.8250e-05 -7.8629e-05 -7.8074e-05 -7.6521e-05 -7.3932e-05 -7.0312e-05 -6.5711e-05 -6.0233e-05 -5.4035e-05 -4.7328e-05 -4.0361e-05 -3.3408e-05 -2.6747e-05 -2.0629e-05 -1.5260e-05 -1.0770e-05 -7.2119e-06 -4.5514e-06 -2.6871e-06 -1.4715e-06 -7.4031e-07 -3.3839e-07 -1.3877e-07 -5.0318e-08 -1.5867e-08 -4.2686e-09 -9.5822e-10 -1.7496e-10 -2.5223e-11 -2.7737e-12 -2.2349e-13 -1.2589e-14 -4.6908e-16 -1.0837e-17 -1.4377e-19 -1.0003e-21 -3.2766e-24 -4.4429e-27 -2.1371e-30 -3.0284e-34 -1.0100e-38 -6.0336e-44 -4.6269e-50 -3.0249e-57 -1.0171e-65 -9.3883e-76 -1.0846e-87 -5.8337e-102 -4.1657e-119 -7.9367e-140 -5.0932e-165 -7.4429e-196 -7.1739e-234 -4.1215e-281 -0.0000e+00 -0.0000e+00 -0.0000e+00 -0.0000e+00 -0.0000e+00 -0.0000e+00 -0.0000e+00 -0.0000e+00 -0.0000e+00 -0.0000e+00 -0.0000e+00 -0.0000e+00 -0.0000e+00 -0.0000e+00 -0.0000e+00 -0.0000e+00 -0.0000e+00 -0.0000e+00 -0.0000e+00 -0.0000e+00 -0.0000e+00 -0.0000e+00 -7.6180e-07 -2.1562e-06 0.0000e+00 -6.1154e-06 -8.5629e-06 -1.1281e-05 -1.4248e-05 -1.7450e-05 -2.0869e-05 -2.4491e-05 -2.8299e-05 -3.2273e-05 -3.6389e-05 -4.0617e-05 -4.4923e-05 -4.9262e-05 -5.3584e-05 -5.7828e-05 -6.1923e-05 -6.5788e-05 -6.9333e-05 -7.2459e-05 -7.5059e-05 -7.7025e-05 -7.8248e-05 -7.8627e-05 -7.8072e-05 -7.6518e-05 -7.3929e-05 -7.0308e-05 -6.5707e-05 -6.0229e-05 -5.4031e-05 -4.7324e-05 -4.0357e-05 -3.3405e-05 -2.6743e-05 -2.0626e-05 -1.5257e-05 -1.0768e-05 -7.2103e-06 -4.5502e-06 -2.6863e-06 -1.4710e-06 -7.4004e-07 -3.3825e-07 -1.3870e-07 -5.0291e-08 -1.5857e-08 -4.2656e-09 -9.5746e-10 -1.7480e-10 -2.5197e-11 -2.7705e-12 -2.2320e-13 -1.2570e-14 -4.6830e-16 -1.0816e-17 -1.4346e-19 -9.9781e-22 -3.2675e-24 -4.4288e-27 -2.1293e-30 -3.0158e-34 -1.0051e-38 -6.0004e-44 -4.5976e-50 -3.0028e-57 -1.0086e-65 -9.2964e-76 -1.0723e-87 -5.7562e-102 -4.1009e-119 -7.7915e-140 -4.9832e-165 -7.2525e-196 -6.9554e-234 -3.9714e-281 -0.0000e+00 -0.0000e+00 -0.0000e+00 -0.0000e+00 -0.0000e+00 -0.0000e+00 -0.0000e+00 -0.0000e+00 -0.0000e+00 -0.0000e+00 -0.0000e+00 -0.0000e+00 -0.0000e+00 -0.0000e+00 -0.0000e+00 -0.0000e+00 -0.0000e+00 -0.0000e+00 -0.0000e+00 -0.0000e+00 -0.0000e+00 -0.0000e+00
-1.1747e-06 -3.3249e-06 -6.1154e-06 9.0249e-06 -1.3204e-05 -1.7395e-05 -2.1971e-05 -2.6908e-05 -3.2180e-05 -3.7766e-05 -4.3638e-05 -4.9766e-05 -5.6112e-05 -6.2633e-05 -6.9272e-05 -7.5964e-05 -8.2629e-05 -8.9174e-05 -9.5489e-05 -1.0145e-04 -1.0692e-04 -1.1174e-04 -1.1575e-04 -1.1878e-04 -1.2067e-04 -1.2126e-04 -1.2040e-04 -1.1801e-04 -1.1402e-04 -1.0844e-04 -1.0135e-04 -9.2899e-05 -8.3344e-05 -7.3001e-05 -6.2258e-05 -5.1535e-05 -4.1262e-05 -3.1826e-05 -2.3544e-05 -1.6619e-05 -1.1129e-05 -7.0241e-06 -4.1474e-06 -2.2715e-06 -1.1430e-06 -5.2252e-07 -2.1432e-07 -7.7729e-08 -2.4516e-08 -6.5971e-09 -1.4814e-09 -2.7057e-10 -3.9022e-11 -4.2930e-12 -3.4609e-13 -1.9505e-14 -7.2728e-16 -1.6814e-17 -2.2325e-19 -1.5548e-21 -5.0987e-24 -6.9224e-27 -3.3346e-30 -4.7335e-34 -1.5817e-38 -9.4709e-44 -7.2822e-50 -4.7758e-57 -1.6118e-65 -1.4941e-75 -1.7350e-87 -9.3887e-102 -6.7528e-119 -1.2978e-139 -8.4150e-165 -1.2453e-195 -1.2186e-233 -7.1319e-281 -0.0000e+00 -0.0000e+00 -0.0000e+00 -0.0000e+00 -0.0000e+00 -0.0000e+00 -0.0000e+00 -0.0000e+00 -0.0000e+00 -0.0000e+00 -0.0000e+00 -0.0000e+00 -0.0000e+00 -0.0000e+00 -0.0000e+00 -0.0000e+00 -0.0000e+00 -0.0000e+00 -0.0000e+00 -0.0000e+00 -0.0000e+00 -0.0000e+00 -1.1747e-06 -3.3249e-06 -6.1154e-06 0.0000e+00 -1.3204e-05 -1.7395e-05 -2.1971e-05 -2.6908e-05 -3.2180e-05 -3.7766e-05 -4.3638e-05 -4.9765e-05 -5.6112e-05 -6.2632e-05 -6.9271e-05 -7.5963e-05 -8.2628e-05 -8.9173e-05 -9.5487e-05 -1.0145e-04 -1.0691e-04 -1.1173e-04 -1.1574e-04 -1.1878e-04 -1.2066e-04 -1.2125e-04 -1.2039e-04 -1.1800e-04 -1.1400e-04 -1.0842e-04 -1.0133e-04 -9.2880e-05 -8.3324e-05 -7.2981e-05 -6.2238e-05 -5.1517e-05 -4.1244e-05 -3.1811e-05 -2.3531e-05 -1.6608e-05 -1.1121e-05 -7.0184e-06 -4.1436e-06 -2.2692e-06 -1.1416e-06 -5.2182e-07 -2.1399e-07 -7.7595e-08 -2.4469e-08 -6.5826e-09 -1.4777e-09 -2.6981e-10 -3.8897e-11 -4.2775e-12 -3.4466e-13 -1.9414e-14 -7.2344e-16 -1.6713e-17 -2.2173e-19 -1.5428e-21 -5.0538e-24 -6.8529e-27 -3.2964e-30 -4.6715e-34 -1.5580e-38 -9.3083e-44 -7.1386e-50 -4.6674e-57 -1.5696e-65 -1.4489e-75 -1.6742e-87 -9.0063e-102 -6.4326e-119 -1.2259e-139 -7.8694e-165 -1.1505e-195 -1.1095e-233 -6.3783e-281 -0.0000e+00 -0.0000e+00 -0.0000e+00 -0.0000e+00 -0.0000e+00 -0.0000e+00 -0.0000e+00 -0.0000e+00 -0.0000e+00 -0.0000e+00 -0.0000e+00 -0.0000e+00 -0.0000e+00 -0.0000e+00 -0.0000e+00 -0.0000e+00 -0.0000e+00 -0.0000e+00 -0.0000e+00 -0.0000e+00 -0.0000e+00 -0.0000e+00
-1.6448e-06 -4.6556e-06 -8.5629e-06 -1.3204e-05 2.2098e-05 -2.4357e-05 -3.0765e-05 -3.7676e-05 -4.5060e-05 -5.2881e-05 -6.1103e-05 -6.9683e-05 -7.8570e-05 -8.7700e-05 -9.6997e-05 -1.0637e-04 -1.1570e-04 -1.2487e-04 -1.3371e-04 -1.4206e-04 -1.4972e-04 -1.5647e-04 -1.6209e-04 -1.6634e-04 -1.6899e-04 -1.6981e-04 -1.6862e-04 -1.6528e-04 -1.5970e-04 -1.5189e-04 -1.4196e-04 -1.3014e-04 -1.1676e-04 -1.0228e-04 -8.7234e-05 -7.2217e-05 -5.7827e-05 -4.4610e-05 -3.3005e-05 -2.3301e-05 -1.5607e-05 -9.8525e-06 -5.8188e-06 -3.1878e-06 -1.6045e-06 -7.3377e-07 -3.0108e-07 -1.0924e-07 -3.4474e-08 -9.2817e-09 -2.0855e-09 -3.8119e-10 -5.5019e-11 -6.0586e-12 -4.8893e-13 -2.7588e-14 -1.0301e-15 -2.3851e-17 -3.1724e-19 -2.2138e-21 -7.2766e-24 -9.9055e-27 -4.7862e-30 -6.8178e-34 -2.2875e-38 -1.3761e-43 -1.0639e-49 -7.0217e-57 -2.3874e-65 -2.2324e-75 -2.6187e-87 -1.4341e-101 -1.0460e-118 -2.0439e-139 -1.3516e-164 -2.0471e-195 -2.0594e-233 -1.2453e-280 -0.0000e+00 -0.0000e+00 -0.0000e+00 -0.0000e+00 -0.0000e+00 -0.0000e+00 -0.0000e+00 -0.0000e+00 -0.0000e+00 -0.0000e+00 -0.0000e+00 -0.0000e+00 -0.0000e+00 -0.0000e+00 -0.0000e+00 -0.0000e+00 -0.0000e+00 -0.0000e+00 -0.0000e+00 -0.0000e+00 -0.0000e+00 -0.0000e+00 -1.6448e-06 -4.6556e-06 -8.5629e-06 -1.3204e-05 0.0000e+00 -2.4357e-05 -3.0765e-05 -3.7676e-05 -4.5059e-05 -5.2880e-05 -6.1102e-05 -6.9682e-05 -7.8569e-05 -8.7699e-05 -9.6995e-05 -1.0637e-04 -1.1570e-04 -1.2486e-04 -1.3370e-04 -1.4205e-04 -1.4971e-04 -1.5646e-04 -1.6207e-04 -1.6632e-04 -1.6896e-04 -1.6978e-04 -1.6859e-04 -1.6523e-04 -1.5965e-04 -1.5183e-04 -1.4190e-04 -1.3007e-04 -1.1669e-04 -1.0221e-04 -8.7166e-05 -7.2153e-05 -5.7768e-05 -4.4558e-05 -3.2961e-05 -2.3266e-05 -1.5580e-05 -9.8331e-06 -5.8058e-06 -3.1797e-06 -1.5999e-06 -7.3137e-07 -2.9996e-07 -1.0879e-07 -3.4310e-08 -9.2318e-09 -2.0728e-09 -3.7856e-10 -5.4591e-11 -6.0051e-12 -4.8405e-13 -2.7276e-14 -1.0169e-15 -2.3504e-17 -3.1201e-19 -2.1724e-21 -7.1221e-24 -9.6662e-27 -4.6546e-30 -6.6041e-34 -2.2057e-38 -1.3199e-43 -1.0142e-49 -6.6459e-57 -2.2408e-65 -2.0750e-75 -2.4064e-87 -1.3003e-101 -9.3357e-119 -1.7904e-139 -1.1582e-164 -1.7090e-195 -1.6669e-233 -9.7175e-281 -0.0000e+00 -0.0000e+00 -0.0000e+00 -0.0000e+00 -0.0000e+00 -0.0000e+00 -0.0000e+00 -0.0000e+00 -0.0000e+00 -0.0000e+00 -0.0000e+00 -0.0000e+00 -0.0000e+00 -0.0000e+00 -0.0000e+00 -0.0000e+00 -0.0000e+00 -0.0000e+00 -0.0000e+00 -0.0000e+00 -0.0000e+00 -0.0000e+00
-2.1669e-06 -6.1333e-06 -1.1281e-05 -1.7395e-05 -2.4357e-05 4.5984e-05 -4.0529e-05 -4.9635e-05 -5.9361e-05 -6.9665e-05 -8.0497e-05 -9.1801e-05 -1.0351e-04 -1.1554e-04 -1.2779e-04 -1.4013e-04 -1.5243e-04 -1.6451e-04 -1.7616e-04 -1.8717e-04 -1.9726e-04 -2.0616e-04 -2.1357e-04 -2.1918e-04 -2.2268e-04 -2.2378e-04 -2.2223e-04 -2.1783e-04 -2.1049e-04 -2.0021e-04 -1.8715e-04 -1.7158e-04 -1.5396e-04 -1.3489e-04 -1.1506e-04 -9.5276e-05 -7.6307e-05 -5.8880e-05 -4.3575e-05 -3.0773e-05 -2.0618e-05 -1.3021e-05 -7.6935e-06 -4.2170e-06 -2.1237e-06 -9.7180e-07 -3.9903e-07 -1.4490e-07 -4.5766e-08 -1.2335e-08 -2.7746e-09 -5.0780e-10 -7.3401e-11 -8.0962e-12 -6.5459e-13 -3.7015e-14 -1.3854e-15 -3.2166e-17 -4.2919e-19 -3.0057e-21 -9.9202e-24 -1.3567e-26 -6.5906e-30 -9.4460e-34 -3.1916e-38 -1.9357e-43 -1.5105e-49 -1.0077e-56 -3.4690e-65 -3.2905e-75 -3.9245e-87 -2.1908e-101 -1.6338e-118 -3.2754e-139 -2.2311e-164 -3.4971e-195 -3.6599e-233 -2.3164e-280 -0.0000e+00 -0.0000e+00 -0.0000e+00 -0.0000e+00 -0.0000e+00 -0.0000e+00 -0.0000e+00 -0.0000e+00 -0.0000e+00 -0.0000e+00 -0.0000e+00 -0.0000e+00 -0.0000e+00 -0.0000e+00 -0.0000e+00 -0.0000e+00 -0.0000e+00 -0.0000e+00 -0.0000e+00 -0.0000e+00 -0.0000e+00 -0.0000e+00 -2.1669e-06 -6.1333e-06 -1.1281e-05 -1.7395e-05 -2.4357e-05 0.0000e+00 -4.0529e-05 -4.9635e-05 -5.9361e-05 -6.9664e-05 -8.0496e-05 -9.1799e-05 -1.0351e-04 -1.1553e-04 -1.2778e-04 -1.4013e-04 -1.5242e-04 -1.6450e-04 -1.7615e-04 -1.8714e-04 -1.9723e-04 -2.0612e-04 -2.1352e-04 -2.1912e-04 -2.2261e-04 -2.2369e-04 -2.2212e-04 -2.1771e-04 -2.1035e-04 -2.0006e-04 -1.8698e-04 -1.7140e-04 -1.5378e-04 -1.3470e-04 -1.1488e-04 -9.5100e-05 -7.6145e-05 -5.8737e-05 -4.3454e-05 -3.0675e-05 -2.0544e-05 -1.2968e-05 -7.6577e-06 -4.1947e-06 -2.1109e-06 -9.6521e-07 -3.9596e-07 -1.4364e-07 -4.5316e-08 -1.2197e-08 -2.7398e-09 -5.0058e-10 -7.2223e-11 -7.9492e-12 -6.4116e-13 -3.6156e-14 -1.3490e-15 -3.1212e-17 -4.1477e-19 -2.8915e-21 -9.4930e-24 -1.2905e-26 -6.2261e-30 -8.8533e-34 -2.9644e-38 -1.7792e-43 -1.3718e-49 -9.0256e-57 -3.0576e-65 -2.8472e-75 -3.3238e-87 -1.8100e-101 -1.3117e-118 -2.5439e-139 -1.6677e-164 -2.5010e-195 -2.4877e-233 -1.4854e-280 -0.0000e+00 -0.0000e+00 -0.0000e+00 -0.0000e+00 -0.0000e+00 -0.0000e+00 -0.0000e+00 -0.0000e+00 -0.0000e+00 -0.0000e+00 -0.0000e+00 -0.0000e+00 -0.0000e+00 -0.0000e+00 -0.0000e+00 -0.0000e+00 -0.0000e+00 -0.0000e+00 -0.0000e+00 -0.0000e+00 -0.0000e+00 -0.0000e+00
-2.7370e-06 -7.7469e-06 -1.4248e-05 -2.1971e-05 -3.0765e-05 -4.0529e-05 8.5549e-05 -6.2693e-05 -7.4979e-05 -8.7993e-05 -1.0168e-04 -1.1595e-04 -1.3074e-04 -1.4594e-04 -1.6141e-04 -1.7701e-04 -1.9255e-04 -2.0781e-04 -2.2254e-04 -2.3645e-04 -2.4921e-04 -2.6047e-04 -2.6984e-04 -2.7695e-04 -2.8139e-04 -2.8280e-04 -2.8086e-04 -2.7534e-04 -2.6609e-04 -2.5314e-04 -2.3666e-04 -2.1701e-04 -1.9477e-04 -1.7068e-04 -1.4564e-04 -1.2063e-04 -9.6646e-05 -7.4603e-05 -5.5236e-05 -3.9027e-05 -2.6164e-05 -1.6534e-05 -9.7760e-06 -5.3628e-06 -2.7031e-06 -1.2382e-06 -5.0902e-07 -1.8508e-07 -5.8543e-08 -1.5804e-08 -3.5618e-09 -6.5323e-10 -9.4648e-11 -1.0468e-11 -8.4891e-13 -4.8168e-14 -1.8098e-15 -4.2206e-17 -5.6597e-19 -3.9862e-21 -1.3241e-23 -1.8241e-26 -8.9351e-30 -1.2928e-33 -4.4151e-38 -2.7106e-43 -2.1448e-49 -1.4537e-56 -5.0949e-65 -4.9325e-75 -6.0207e-87 -3.4504e-101 -2.6511e-118 -5.4965e-139 -3.8891e-164 -6.3626e-195 -6.9878e-233 -4.6694e-280 -0.0000e+00 -0.0000e+00 -0.0000e+00 -0.0000e+00 -0.0000e+00 -0.0000e+00 -0.0000e+00 -0.0000e+00 -0.0000e+00 -0.0000e+00 -0.0000e+00 -0.0000e+00 -0.0000e+00 -0.0000e+00 -0.0000e+00 -0.0000e+00 -0.0000e+00 -0.0000e+00 -0.0000e+00 -0.0000e+00 -0.0000e+00 -0.0000e+00 -2.7370e-06 -7.7469e-06 -1.4248e-05 -2.1971e-05 -3.0765e-05 -4.0529e-05 0.0000e+00 -6.2693e-05 -7.4978e-05 -8.7992e-05 -1.0167e-04 -1.1595e-04 -1.3074e-04 -1.4593e-04 -1.6140e-04 -1.7700e-04 -1.9253e-04 -2.0778e-04 -2.2250e-04 -2.3639e-04 -2.4913e-04 -2.6037e-04 -2.6973e-04 -2.7680e-04 -2.8121e-04 -2.8259e-04 -2.8062e-04 -2.7505e-04 -2.6577e-04 -2.5278e-04 -2.3626e-04 -2.1659e-04 -1.9433e-04 -1.7024e-04 -1.4520e-04 -1.2021e-04 -9.6266e-05 -7.4267e-05 -5.4952e-05 -3.8799e-05 -2.5989e-05 -1.6408e-05 -9.6918e-06 -5.3104e-06 -2.6732e-06 -1.2227e-06 -5.0180e-07 -1.8211e-07 -5.7483e-08 -1.5481e-08 -3.4796e-09 -6.3621e-10 -9.1866e-11 -1.0121e-11 -8.1716e-13 -4.6136e-14 -1.7238e-15 -3.9944e-17 -5.3177e-19 -3.7146e-21 -1.2224e-23 -1.6663e-26 -8.0639e-30 -1.1508e-33 -3.8691e-38 -2.3334e-43 -1.8092e-49 -1.1981e-56 -4.0900e-65 -3.8427e-75 -4.5333e-87 -2.4995e-101 -1.8383e-118 -3.6278e-139 -2.4283e-164 -3.7332e-195 -3.8255e-233 -2.3673e-280 -0.0000e+00 -0.0000e+00 -0.0000e+00 -0.0000e+00 -0.0000e+00 -0.0000e+00 -0.0000e+00 -0.0000e+00 -0.0000e+00 -0.0000e+00 -0.0000e+00 -0.0000e+00 -0.0000e+00 -0.0000e+00 -0.0000e+00 -0.0000e+00 -0.0000e+00 -0.0000e+00 -0.0000e+00 -0.0000e+00 -0.0000e+00 -0.0000e+00
-3.3519e-06 -9.4874e-06 -1.7450e-05 -2.6908e-05 -3.7676e-05 -4.9635e-05 -6.2693e-05 1.4665e-04 -9.1825e-05 -1.0776e-04 -1.2452e-04 -1.4201e-04 -1.6012e-04 -1.7874e-04 -1.9769e-04 -2.1680e-04 -2.3584e-04 -2.5454e-04 -2.7259e-04 -2.8964e-04 -3.0529e-04 -3.1911e-04 -3.3062e-04 -3.3936e-04 -3.4484e-04 -3.4662e-04 -3.4429e-04 -3.3758e-04 -3.2631e-04 -3.1049e-04 -2.9034e-04 -2.6632e-04 -2.3910e-04 -2.0961e-04 -1.7893e-04 -1.4827e-04 -1.1886e-04 -9.1805e-05 -6.8018e-05 -4.8096e-05 -3.2271e-05 -2.0413e-05 -1.2083e-05 -6.6366e-06 -3.3499e-06 -1.5369e-06 -6.3290e-07 -2.3058e-07 -7.3098e-08 -1.9783e-08 -4.4710e-09 -8.2258e-10 -1.1961e-10 -1.3282e-11 -1.0820e-12 -6.1705e-14 -2.3317e-15 -5.4729e-17 -7.3924e-19 -5.2492e-21 -1.7597e-23 -2.4495e-26 -1.2139e-29 -1.7794e-33 -6.1671e-38 -3.8492e-43 -3.1025e-49 -2.1467e-56 -7.7001e-65 -7.6497e-75 -9.6099e-87 -5.6865e-101 -4.5271e-118 -9.7639e-139 -7.2177e-164 -1.2396e-194 -1.4372e-232 -1.0202e-279 -0.0000e+00 -0.0000e+00 -0.0000e+00 -0.0000e+00 -0.0000e+00 -0.0000e+00 -0.0000e+00 -0.0000e+00 -0.0000e+00 -0.0000e+00 -0.0000e+00 -0.0000e+00 -0.0000e+00 -0.0000e+00 -0.0000e+00 -0.0000e+00 -0.0000e+00 -0.0000e+00 -0.0000e+00 -0.0000e+00 -0.0000e+00 -0.0000e+00 -3.3519e-06 -9.4873e-06 -1.7450e-05 -2.6908e-05 -3.7676e-05 -4.9635e-05 -6.2693e-05 0.0000e+00 -9.1824e-05 -1.0776e-04 -1.2452e-04 -1.4200e-04 -1.6011e-04 -1.7872e-04 -1.9767e-04 -2.1677e-04 -2.3579e-04 -2.5447e-04 -2.7250e-04 -2.8952e-04 -3.0514e-04 -3.1891e-04 -3.3038e-04 -3.3906e-04 -3.4447e-04 -3.4617e-04 -3.4377e-04 -3.3697e-04 -3.2562e-04 -3.0973e-04 -2.8951e-04 -2.6544e-04 -2.3819e-04 -2.0868e-04 -1.7802e-04 -1.4740e-04 -1.1806e-04 -9.1100e-05 -6.7422e-05 -4.7615e-05 -3.1904e-05 -2.0150e-05 -1.1906e-05 -6.5264e-06 -3.2869e-06 -1.5042e-06 -6.1770e-07 -2.2433e-07 -7.0863e-08 -1.9101e-08 -4.2974e-09 -7.8662e-10 -1.1373e-10 -1.2547e-11 -1.0147e-12 -5.7395e-14 -2.1489e-15 -4.9914e-17 -6.6631e-19 -4.6690e-21 -1.5420e-23 -2.1105e-26 -1.0262e-29 -1.4723e-33 -4.9813e-38 -3.0259e-43 -2.3658e-49 -1.5820e-56 -5.4617e-65 -5.1994e-75 -6.2290e-87 -3.4969e-101 -2.6267e-118 -5.3142e-139 -3.6627e-164 -5.8286e-195 -6.2213e-233 -4.0401e-280 -0.0000e+00 -0.0000e+00 -0.0000e+00 -0.0000e+00 -0.0000e+00 -0.0000e+00 -0.0000e+00 -0.0000e+00 -0.0000e+00 -0.0000e+00 -0.0000e+00 -0.0000e+00 -0.0000e+00 -0.0000e+00 -0.0000e+00 -0.0000e+00 -0.0000e+00 -0.0000e+00 -0.0000e+00 -0.0000e+00 -0.0000e+00 -0.0000e+00
-4.0087e-06 -1.1346e-05 -2.0869e-05 -3.2180e-05 -4.5060e-05 -5.9361e-05 -7.4979e-05 -9.1825e-05 2.3620e-04 -1.2888e-04 -1.4893e-04 -1.6985e-04 -1.9151e-04 -2.1378e-04 -2.3646e-04 -2.5933e-04 -2.8211e-04 -3.0449e-04 -3.2611e-04 -3.4653e-04 -3.6529e-04 -3.8185e-04 -3.9568e-04 -4.0620e-04 -4.1282e-04 -4.1502e-04 -4.1233e-04 -4.0439e-04 -3.9100e-04 -3.7217e-04 -3.4815e-04 -3.1948e-04 -2.8697e-04 -2.5170e-04 -2.1499e-04 -1.7828e-04 -1.4303e-04 -1.1057e-04 -8.2003e-05 -5.8049e-05 -3.8999e-05 -2.4704e-05 -1.4646e-05 -8.0587e-06 -4.0758e-06 -1.8742e-06 -7.7374e-07 -2.8269e-07 -8.9902e-08 -2.4417e-08 -5.5404e-09 -1.0239e-09 -1.4963e-10 -1.6708e-11 -1.3696e-12 -7.8658e-14 -2.9957e-15 -7.0932e-17 -9.6747e-19 -6.9450e-21 -2.3566e-23 -3.3249e-26 -1.6725e-29 -2.4928e-33 -8.8004e-38 -5.6058e-43 -4.6211e-49 -3.2777e-56 -1.2082e-64 -1.2367e-74 -1.6056e-86 -9.8496e-101 -8.1585e-118 -1.8380e-138 -1.4256e-163 -2.5824e-194 -3.1769e-232 -2.4104e-279 -0.0000e+00 -0.0000e+00 -0.0000e+00 -0.0000e+00 -0.0000e+00 -0.0000e+00 -0.0000e+00 -0.0000e+00 -0.0000e+00 -0.0000e+00 -0.0000e+00 -0.0000e+00 -0.0000e+00 -0.0000e+00 -0.0000e+00 -0.0000e+00 -0.0000e+00 -0.0000e+00 -0.0000e+00 -0.0000e+00 -0.0000e+00 -0.0000e+00 -4.0087e-06 -1.1346e-05 -2.0869e-05 -3.2180e-05 -4.5059e-05 -5.9361e-05 -7.4978e-05 -9.1824e-05 0.0000e+00 -1.2888e-04 -1.4892e-04 -1.6983e-04 -1.9149e-04 -2.1375e-04 -2.3641e-04 -2.5926e-04 -2.8202e-04 -3.0437e-04 -3.2594e-04 -3.4630e-04 -3.6499e-04 -3.8148e-04 -3.9521e-04 -4.0561e-04 -4.1211e-04 -4.1417e-04 -4.1133e-04 -4.0323e-04 -3.8968e-04 -3.7070e-04 -3.4655e-04 -3.1777e-04 -2.8520e-04 -2.4991e-04 -2.1323e-04 -1.7661e-04 -1.4149e-04 -1.0921e-04 -8.0852e-05 -5.7122e-05 -3.8291e-05 -2.4195e-05 -1.4304e-05 -7.8456e-06 -3.9540e-06 -1.8110e-06 -7.4431e-07 -2.7058e-07 -8.5568e-08 -2.3094e-08 -5.2032e-09 -9.5396e-10 -1.3817e-10 -1.5275e-11 -1.2383e-12 -7.0228e-14 -2.6373e-15 -6.1471e-17 -8.2382e-19 -5.7985e-21 -1.9248e-23 -2.6499e-26 -1.2971e-29 -1.8754e-33 -6.4013e-38 -3.9281e-43 -3.1073e-49 -2.1061e-56 -7.3854e-65 -7.1588e-75 -8.7576e-87 -5.0372e-101 -3.8917e-118 -8.1354e-139 -5.8246e-164 -9.6889e-195 -1.0889e-232 -7.5098e-280 -0.0000e+00 -0.0000e+00 -0.0000e+00 -0.0000e+00 -0.0000e+00 -0.0000e+00 -0.0000e+00 -0.0000e+00 -0.0000e+00 -0.0000e+00 -0.0000e+00 -0.0000e+00 -0.0000e+00 -0.0000e+00 -0.0000e+00 -0.0000e+00 -0.0000e+00 -0.0000e+00 -0.0000e+00 -0.0000e+00 -0.0000e+00 -0.0000e+00
-4.7045e-06 -1.3316e-05 -2.4491e-05 -3.7766e-05 -5.2881e-05 -6.9665e-05 -8.7993e-05 -1.0776e-04 -1.2888e-04 3.6221e-04 -1.7478e-04 -1.9934e-04 -2.2478e-04 -2.5092e-04 -2.7755e-04 -3.0440e-04 -3.3116e-04 -3.5746e-04 -3.8287e-04 -4.0689e-04 -4.2897e-04 -4.4849e-04 -4.6481e-04 -4.7725e-04 -4.8515e-04 -4.8786e-04 -4.8484e-04 -4.7567e-04 -4.6010e-04 -4.3814e-04 -4.1008e-04 -3.7653e-04 -3.3844e-04 -2.9708e-04 -2.5397e-04 -2.1081e-04 -1.6930e-04 -1.3104e-04 -9.7322e-05 -6.9001e-05 -4.6438e-05 -2.9474e-05 -1.7512e-05 -9.6595e-06 -4.8989e-06 -2.2596e-06 -9.3609e-07 -3.4332e-07 -1.0966e-07 -2.9925e-08 -6.8266e-09 -1.2691e-09 -1.8669e-10 -2.1001e-11 -1.7357e-12 -1.0059e-13 -3.8697e-15 -9.2648e-17 -1.2793e-18 -9.3086e-21 -3.2061e-23 -4.5981e-26 -2.3550e-29 -3.5798e-33 -1.2912e-37 -8.4203e-43 -7.1212e-49 -5.1935e-56 -1.9732e-64 -2.0876e-74 -2.8094e-86 -1.7925e-100 -1.5500e-117 -3.6611e-138 -2.9923e-163 -5.7456e-194 -7.5451e-232 -6.1623e-279 -0.0000e+00 -0.0000e+00 -0.0000e+00 -0.0000e+00 -0.0000e+00 -0.0000e+00 -0.0000e+00 -0.0000e+00 -0.0000e+00 -0.0000e+00 -0.0000e+00 -0.0000e+00 -0.0000e+00 -0.0000e+00 -0.0000e+00 -0.0000e+00 -0.0000e+00 -0.0000e+00 -0.0000e+00 -0.0000e+00 -0.0000e+00 -0.0000e+00 -4.7045e-06 -1.3316e-05 -2.4491e-05 -3.7766e-05 -5.2880e-05 -6.9664e-05 -8.7992e-05 -1.0776e-04 -1.2888e-04 0.0000e+00 -1.7477e-04 -1.9931e-04 -2.2474e-04 -2.5086e-04 -2.7746e-04 -3.0428e-04 -3.3099e-04 -3.5723e-04 -3.8256e-04 -4.0648e-04 -4.2843e-04 -4.4781e-04 -4.6395e-04 -4.7619e-04 -4.8386e-04 -4.8632e-04 -4.8303e-04 -4.7358e-04 -4.5773e-04 -4.3550e-04 -4.0720e-04 -3.7346e-04 -3.3525e-04 -2.9385e-04 -2.5080e-04 -2.0779e-04 -1.6653e-04 -1.2859e-04 -9.5246e-05 -6.7327e-05 -4.5159e-05 -2.8554e-05 -1.6894e-05 -9.2743e-06 -4.6786e-06 -2.1451e-06 -8.8275e-07 -3.2135e-07 -1.0178e-07 -2.7519e-08 -6.2125e-09 -1.1416e-09 -1.6577e-10 -1.8379e-11 -1.4947e-12 -8.5086e-14 -3.2087e-15 -7.5144e-17 -1.0125e-18 -7.1704e-21 -2.3969e-23 -3.3262e-26 -1.6429e-29 -2.4002e-33 -8.2898e-38 -5.1563e-43 -4.1425e-49 -2.8580e-56 -1.0228e-64 -1.0148e-74 -1.2751e-86 -7.5628e-101 -6.0528e-118 -1.3176e-138 -9.8833e-164 -1.7344e-194 -2.0733e-232 -1.5352e-279 -0.0000e+00 -0.0000e+00 -0.0000e+00 -0.0000e+00 -0.0000e+00 -0.0000e+00 -0.0000e+00 -0.0000e+00 -0.0000e+00 -0.0000e+00 -0.0000e+00 -0.0000e+00 -0.0000e+00 -0.0000e+00 -0.0000e+00 -0.0000e+00 -0.0000e+00 -0.0000e+00 -0.0000e+00 -0.0000e+00 -0.0000e+00 -0.0000e+00
-5.4360e-06 -1.5386e-05 -2.8299e-05 -4.3638e-05 -6.1103e-05 -8.0497e-05 -1.0168e-04 -1.2452e-04 -1.4893e-04 -1.7478e-04 5.3391e-04 -2.3035e-04 -2.5975e-04 -2.8998e-04 -3.2077e-04 -3.5183e-04 -3.8279e-04 -4.1323e-04 -4.4266e-04 -4.7049e-04 -4.9610e-04 -5.1878e-04 -5.3778e-04 -5.5232e-04 -5.6164e-04 -5.6498e-04 -5.6172e-04 -5.5135e-04 -5.3360e-04 -5.0845e-04 -4.7622e-04 -4.3760e-04 -3.9369e-04 -3.4593e-04 -2.9608e-04 -2.4608e-04 -1.9792e-04 -1.5345e-04 -1.1417e-04 -8.1117e-05 -5.4719e-05 -3.4821e-05 -2.0750e-05 -1.1483e-05 -5.8448e-06 -2.7068e-06 -1.1264e-06 -4.1520e-07 -1.3335e-07 -3.6618e-08 -8.4106e-09 -1.5754e-09 -2.3370e-10 -2.6532e-11 -2.2152e-12 -1.2981e-13 -5.0553e-15 -1.2266e-16 -1.7187e-18 -1.2707e-20 -4.4530e-23 -6.5078e-26 -3.4018e-29 -5.2866e-33 -1.9530e-37 -1.3069e-42 -1.1366e-48 -8.5437e-56 -3.3541e-64 -3.6769e-74 -5.1436e-86 -3.4238e-100 -3.1017e-117 -7.7135e-138 -6.6759e-163 -1.3667e-193 -1.9290e-231 -1.7098e-278 -0.0000e+00 -0.0000e+00 -0.0000e+00 -0.0000e+00 -0.0000e+00 -0.0000e+00 -0.0000e+00 -0.0000e+00 -0.0000e+00 -0.0000e+00 -0.0000e+00 -0.0000e+00 -0.0000e+00 -0.0000e+00 -0.0000e+00 -0.0000e+00 -0.0000e+00 -0.0000e+00 -0.0000e+00 -0.0000e+00 -0.0000e+00 -0.0000e+00 -5.4360e-06 -1.5386e-05 -2.8299e-05 -4.3638e-05 -6.1102e-05 -8.0496e-05 -1.0167e-04 -1.2452e-04 -1.4892e-04 -1.7477e-04 0.0000e+00 -2.3031e-04 -2.5969e-04 -2.8988e-04 -3.2062e-04 -3.5162e-04 -3.8250e-04 -4.1284e-04 -4.4213e-04 -4.6979e-04 -4.9519e-04 -5.1762e-04 -5.3632e-04 -5.5052e-04 -5.5944e-04 -5.6236e-04 -5.5863e-04 -5.4778e-04 -5.2955e-04 -5.0394e-04 -4.7130e-04 -4.3237e-04 -3.8825e-04 -3.4042e-04 -2.9066e-04 -2.4092e-04 -1.9318e-04 -1.4926e-04 -1.1062e-04 -7.8255e-05 -5.2531e-05 -3.3246e-05 -1.9691e-05 -1.0822e-05 -5.4666e-06 -2.5102e-06 -1.0347e-06 -3.7737e-07 -1.1978e-07 -3.2461e-08 -7.3480e-09 -1.3543e-09 -1.9733e-10 -2.1963e-11 -1.7940e-12 -1.0262e-13 -3.8917e-15 -9.1714e-17 -1.2446e-18 -8.8854e-21 -2.9974e-23 -4.2028e-26 -2.1005e-29 -3.1098e-33 -1.0905e-37 -6.9005e-43 -5.6532e-49 -3.9878e-56 -1.4636e-64 -1.4944e-74 -1.9399e-86 -1.1940e-100 -9.9665e-118 -2.2759e-138 -1.8027e-163 -3.3663e-194 -4.3194e-232 -3.4686e-279 -0.0000e+00 -0.0000e+00 -0.0000e+00 -0.0000e+00 -0.0000e+00 -0.0000e+00 -0.0000e+00 -0.0000e+00 -0.0000e+00 -0.0000e+00 -0.0000e+00 -0.0000e+00 -0.0000e+00 -0.0000e+00 -0.0000e+00 -0.0000e+00 -0.0000e+00 -0.0000e+00 -0.0000e+00 -0.0000e+00 -0.0000e+00 -0.0000e+00
-6.1993e-06 -1.7547e-05 -3.2273e-05 -4.9766e-05 -6.9683e-05 -9.1801e-05 -1.1595e-04 -1.4201e-04 -1.6985e-04 -1.9934e-04 -2.3035e-04 7.6178e-04 -2.9628e-04 -3.3077e-04 -3.6591e-04 -4.0138e-04 -4.3675e-04 -4.7155e-04 -5.0520e-04 -5.3707e-04 -5.6643e-04 -5.9247e-04 -6.1436e-04 -6.3120e-04 -6.4211e-04 -6.4624e-04 -6.4286e-04 -6.3139e-04 -6.1149e-04 -5.8314e-04 -5.4669e-04 -5.0289e-04 -4.5297e-04 -3.9855e-04 -3.4163e-04 -2.8443e-04 -2.2921e-04 -1.7809e-04 -1.3283e-04 -9.4625e-05 -6.4024e-05 -4.0879e-05 -2.4452e-05 -1.3588e-05 -6.9483e-06 -3.2345e-06 -1.3536e-06 -5.0210e-07 -1.6238e-07 -4.4931e-08 -1.0407e-08 -1.9674e-09 -2.9480e-10 -3.3838e-11 -2.8592e-12 -1.6976e-13 -6.7053e-15 -1.6522e-16 -2.3537e-18 -1.7716e-20 -6.3294e-23 -9.4443e-26 -5.0483e-29 -8.0359e-33 -3.0463e-37 -2.0960e-42 -1.8782e-48 -1.4583e-55 -5.9292e-64 -6.7530e-74 -9.8495e-86 -6.8640e-100 -6.5416e-117 -1.7210e-137 -1.5861e-162 -3.4846e-193 -5.3266e-231 -5.1689e-278 -0.0000e+00 -0.0000e+00 -0.0000e+00 -0.0000e+00 -0.0000e+00 -0.0000e+00 -0.0000e+00 -0.0000e+00 -0.0000e+00 -0.0000e+00 -0.0000e+00 -0.0000e+00 -0.0000e+00 -0.0000e+00 -0.0000e+00 -0.0000e+00 -0.0000e+00 -0.0000e+00 -0.0000e+00 -0.0000e+00 -0.0000e+00 -0.0000e+00 -6.1993e-06 -1.7547e-05 -3.2273e-05 -4.9765e-05 -6.9682e-05 -9.1799e-05 -1.1595e-04 -1.4200e-04 -1.6983e-04 -1.9931e-04 -2.3031e-04 0.0000e+00 -2.9617e-04 -3.3061e-04 -3.6568e-04 -4.0105e-04 -4.3629e-04 -4.7091e-04 -5.0434e-04 -5.3593e-04 -5.6495e-04 -5.9059e-04 -6.1199e-04 -6.2827e-04 -6.3854e-04 -6.4197e-04 -6.3783e-04 -6.2557e-04 -6.0489e-04 -5.7580e-04 -5.3868e-04 -4.9436e-04 -4.4410e-04 -3.8957e-04 -3.3280e-04 -2.7601e-04 -2.2146e-04 -1.7124e-04 -1.2702e-04 -8.9942e-05 -6.0442e-05 -3.8299e-05 -2.2715e-05 -1.2503e-05 -6.3268e-06 -2.9108e-06 -1.2024e-06 -4.3964e-07 -1.3993e-07 -3.8041e-08 -8.6412e-09 -1.5990e-09 -2.3402e-10 -2.6177e-11 -2.1502e-12 -1.2378e-13 -4.7277e-15 -1.1232e-16 -1.5381e-18 -1.1093e-20 -3.7857e-23 -5.3776e-26 -2.7273e-29 -4.1052e-33 -1.4666e-37 -9.4776e-43 -7.9505e-49 -5.7600e-56 -2.1785e-64 -2.3010e-74 -3.1030e-86 -1.9938e-100 -1.7469e-117 -4.2135e-138 -3.5503e-163 -7.1104e-194 -9.8792e-232 -8.6862e-279 -0.0000e+00 -0.0000e+00 -0.0000e+00 -0.0000e+00 -0.0000e+00 -0.0000e+00 -0.0000e+00 -0.0000e+00 -0.0000e+00 -0.0000e+00 -0.0000e+00 -0.0000e+00 -0.0000e+00 -0.0000e+00 -0.0000e+00 -0.0000e+00 -0.0000e+00 -0.0000e+00 -0.0000e+00 -0.0000e+00 -0.0000e+00 -0.0000e+00
-6.9899e-06 -1.9784e-05 -3.6389e-05 -5.6112e-05 -7.8570e-05 -1.0351e-04 -1.3074e-04 -1.6012e-04 -1.9151e-04 -2.2478e-04 -2.5975e-04 -2.9628e-04 1.0577e-03 -3.7305e-04 -4.1273e-04 -4.5278e-04 -4.9275e-04 -5.3210e-04 -5.7019e-04 -6.0631e-04 -6.3963e-04 -6.6927e-04 -6.9427e-04 -7.1363e-04 -7.2634e-04 -7.3147e-04 -7.2815e-04 -7.1574e-04 -6.9383e-04 -6.6236e-04 -6.2169e-04 -5.7266e-04 -5.1660e-04 -4.5533e-04 -3.9106e-04 -3.2629e-04 -2.6359e-04 -2.0536e-04 -1.5364e-04 -1.0982e-04 -7.4591e-05 -4.7827e-05 -2.8741e-05 -1.6054e-05 -8.2565e-06 -3.8677e-06 -1.6299e-06 -6.0917e-07 -1.9865e-07 -5.5467e-08 -1.2975e-08 -2.4795e-09 -3.7589e-10 -4.3696e-11 -3.7430e-12 -2.2553e-13 -9.0502e-15 -2.2682e-16 -3.2906e-18 -2.5256e-20 -9.2138e-23 -1.4059e-25 -7.6968e-29 -1.2570e-32 -4.8981e-37 -3.4713e-42 -3.2117e-48 -2.5815e-55 -1.0899e-63 -1.2936e-73 -1.9740e-85 -1.4461e-99 -1.4565e-116 -4.0753e-137 -4.0242e-162 -9.5541e-193 -1.5943e-230 -1.7092e-277 -0.0000e+00 -0.0000e+00 -0.0000e+00 -0.0000e+00 -0.0000e+00 -0.0000e+00 -0.0000e+00 -0.0000e+00 -0.0000e+00 -0.0000e+00 -0.0000e+00 -0.0000e+00 -0.0000e+00 -0.0000e+00 -0.0000e+00 -0.0000e+00 -0.0000e+00 -0.0000e+00 -0.0000e+00 -0.0000e+00 -0.0000e+00 -0.0000e+00 -6.9899e-06 -1.9784e-05 -3.6389e-05 -5.6112e-05 -7.8569e-05 -1.0351e-04 -1.3074e-04 -1.6011e-04 -1.9149e-04 -2.2474e-04 -2.5969e-04 -2.9617e-04 0.0000e+00 -3.7280e-04 -4.1237e-04 -4.5226e-04 -4.9203e-04 -5.3110e-04 -5.6885e-04 -6.0453e-04 -6.3732e-04 -6.6632e-04 -6.9055e-04 -7.0903e-04 -7.2075e-04 -7.2477e-04 -7.2027e-04 -7.0663e-04 -6.8348e-04 -6.5084e-04 -6.0913e-04 -5.5928e-04 -5.0268e-04 -4.4122e-04 -3.7718e-04 -3.1306e-04 -2.5141e-04 -1.9458e-04 -1.4450e-04 -1.0244e-04 -6.8938e-05 -4.3751e-05 -2.5994e-05 -1.4337e-05 -7.2707e-06 -3.3535e-06 -1.3892e-06 -5.0952e-07 -1.6275e-07 -4.4420e-08 -1.0135e-08 -1.8848e-09 -2.7741e-10 -3.1227e-11 -2.5833e-12 -1.4990e-13 -5.7763e-15 -1.3861e-16 -1.9195e-18 -1.4019e-20 -4.8521e-23 -7.0021e-26 -3.6146e-29 -5.5496e-33 -2.0271e-37 -1.3429e-42 -1.1582e-48 -8.6553e-56 -3.3891e-64 -3.7212e-74 -5.2408e-86 -3.5349e-100 -3.2705e-117 -8.3857e-138 -7.5690e-163 -1.6383e-193 -2.4856e-231 -2.4154e-278 -0.0000e+00 -0.0000e+00 -0.0000e+00 -0.0000e+00 -0.0000e+00 -0.0000e+00 -0.0000e+00 -0.0000e+00 -0.0000e+00 -0.0000e+00 -0.0000e+00 -0.0000e+00 -0.0000e+00 -0.0000e+00 -0.0000e+00 -0.0000e+00 -0.0000e+00 -0.0000e+00 -0.0000e+00 -0.0000e+00 -0.0000e+00 -0.0000e+00
-7.8021e-06 -2.2083e-05 -4.0617e-05 -6.2633e-05 -8.7700e-05 -1.1554e-04 -1.4594e-04 -1.7874e-04 -2.1378e-04 -2.5092e-04 -2.8998e-04 -3.3077e-04 -3.7305e-04 1.4351e-03 -4.6091e-04 -5.0571e-04 -5.5045e-04 -5.9453e-04 -6.3726e-04 -6.7783e-04 -7.1534e-04 -7.4881e-04 -7.7717e-04 -7.9930e-04 -8.1410e-04 -8.2048e-04 -8.1749e-04 -8.0438e-04 -7.8067e-04 -7.4625e-04 -7.0149e-04 -6.4727e-04 -5.8503e-04 -5.1676e-04 -4.4490e-04 -3.7223e-04 -3.0161e-04 -2.3579e-04 -1.7707e-04 -1.2710e-04 -8.6727e-05 -5.5895e-05 -3.3780e-05 -1.8986e-05 -9.8314e-06 -4.6399e-06 -1.9713e-06 -7.4336e-07 -2.4477e-07 -6.9062e-08 -1.6339e-08 -3.1605e-09 -4.8548e-10 -5.7234e-11 -4.9772e-12 -3.0476e-13 -1.2442e-14 -3.1760e-16 -4.6987e-18 -3.6823e-20 -1.3736e-22 -2.1462e-25 -1.2052e-28 -2.0226e-32 -8.1155e-37 -5.9362e-42 -5.6835e-48 -4.7415e-55 -2.0850e-63 -2.5874e-73 -4.1470e-85 -3.2075e-99 -3.4316e-116 -1.0270e-136 -1.0936e-161 -2.8262e-192 -5.1909e-230 -6.2056e-277 -0.0000e+00 -0.0000e+00 -0.0000e+00 -0.0000e+00 -0.0000e+00 -0.0000e+00 -0.0000e+00 -0.0000e+00 -0.0000e+00 -0.0000e+00 -0.0000e+00 -0.0000e+00 -0.0000e+00 -0.0000e+00 -0.0000e+00 -0.0000e+00 -0.0000e+00 -0.0000e+00 -0.0000e+00 -0.0000e+00 -0.0000e+00 -0.0000e+00 -7.8021e-06 -2.2083e-05 -4.0617e-05 -6.2632e-05 -8.7699e-05 -1.1553e-04 -1.4593e-04 -1.7872e-04 -2.1375e-04 -2.5086e-04 -2.8988e-04 -3.3061e-04 -3.7280e-04 0.0000e+00 -4.6036e-04 -5.0492e-04 -5.4934e-04 -5.9301e-04 -6.3521e-04 -6.7513e-04 -7.1184e-04 -7.4433e-04 -7.7154e-04 -7.9234e-04 -8.0562e-04 -8.1032e-04 -8.0554e-04 -7.9055e-04 -7.6497e-04 -7.2877e-04 -6.8242e-04 -6.2693e-04 -5.6387e-04 -4.9531e-04 -4.2378e-04 -3.5208e-04 -2.8305e-04 -2.1935e-04 -1.6312e-04 -1.1582e-04 -7.8081e-05 -4.9652e-05 -2.9565e-05 -1.6347e-05 -8.3136e-06 -3.8465e-06 -1.5991e-06 -5.8882e-07 -1.8891e-07 -5.1817e-08 -1.1889e-08 -2.2247e-09 -3.2970e-10 -3.7402e-11 -3.1210e-12 -1.8287e-13 -7.1234e-15 -1.7301e-16 -2.4283e-18 -1.8005e-20 -6.3364e-23 -9.3162e-26 -4.9100e-29 -7.7143e-33 -2.8909e-37 -1.9705e-42 -1.7542e-48 -1.3578e-55 -5.5286e-64 -6.3398e-74 -9.3711e-86 -6.6707e-100 -6.5546e-117 -1.7977e-137 -1.7501e-162 -4.1249e-193 -6.8907e-231 -7.4702e-278 -0.0000e+00 -0.0000e+00 -0.0000e+00 -0.0000e+00 -0.0000e+00 -0.0000e+00 -0.0000e+00 -0.0000e+00 -0.0000e+00 -0.0000e+00 -0.0000e+00 -0.0000e+00 -0.0000e+00 -0.0000e+00 -0.0000e+00 -0.0000e+00 -0.0000e+00 -0.0000e+00 -0.0000e+00 -0.0000e+00 -0.0000e+00 -0.0000e+00
-8.6291e-06 -2.4424e-05 -4.4923e-05 -6.9272e-05 -9.6997e-05 -1.2779e-04 -1.6141e-04 -1.9769e-04 -2.3646e-04 -2.7755e-04 -3.2077e-04 -3.6591e-04 -4.1273e-04 -4.6091e-04 1.9088e-03 -5.5975e-04 -6.0940e-04 -6.5838e-04 -7.0593e-04 -7.5116e-04 -7.9309e-04 -8.3065e-04 -8.6264e-04 -8.8786e-04 -9.0506e-04 -9.1304e-04 -9.1073e-04 -8.9727e-04 -8.7209e-04 -8.3502e-04 -7.8640e-04 -7.2715e-04 -6.5879e-04 -5.8346e-04 -5.0383e-04 -4.2293e-04 -3.4397e-04 -2.7001e-04 -2.0369e-04 -1.4695e-04 -1.0083e-04 -6.5380e-05 -3.9777e-05 -2.2520e-05 -1.1755e-05 -5.5957e-06 -2.3997e-06 -9.1411e-07 -3.0429e-07 -8.6868e-08 -2.0811e-08 -4.0801e-09 -6.3578e-10 -7.6108e-11 -6.7269e-12 -4.1908e-13 -1.7426e-14 -4.5359e-16 -6.8512e-18 -5.4890e-20 -2.0963e-22 -3.3588e-25 -1.9377e-28 -3.3475e-32 -1.3858e-36 -1.0486e-41 -1.0415e-47 -9.0449e-55 -4.1560e-63 -5.4126e-73 -9.1504e-85 -7.5077e-99 -8.5771e-116 -2.7620e-136 -3.1924e-161 -9.0484e-192 -1.8446e-229 -2.4825e-276 -0.0000e+00 -0.0000e+00 -0.0000e+00 -0.0000e+00 -0.0000e+00 -0.0000e+00 -0.0000e+00 -0.0000e+00 -0.0000e+00 -0.0000e+00 -0.0000e+00 -0.0000e+00 -0.0000e+00 -0.0000e+00 -0.0000e+00 -0.0000e+00 -0.0000e+00 -0.0000e+00 -0.0000e+00 -0.0000e+00 -0.0000e+00 -0.0000e+00 -8.6291e-06 -2.4424e-05 -4.4923e-05 -6.9271e-05 -9.6995e-05 -1.2778e-04 -1.6140e-04 -1.9767e-04 -2.3641e-04 -2.7746e-04 -3.2062e-04 -3.6568e-04 -4.1237e-04 -4.6036e-04 0.0000e+00 -5.5859e-04 -6.0778e-04 -6.5615e-04 -7.0292e-04 -7.4719e-04 -7.8793e-04 -8.2405e-04 -8.5435e-04 -8.7760e-04 -8.9256e-04 -8.9808e-04 -8.9311e-04 -8.7688e-04 -8.4893e-04 -8.0922e-04 -7.5825e-04 -6.9711e-04 -6.2752e-04 -5.5174e-04 -4.7257e-04 -3.9309e-04 -3.1646e-04 -2.4562e-04 -1.8297e-04 -1.3017e-04 -8.7947e-05 -5.6064e-05 -3.3476e-05 -1.8567e-05 -9.4751e-06 -4.4010e-06 -1.8375e-06 -6.7990e-07 -2.1932e-07 -6.0521e-08 -1.3980e-08 -2.6357e-09 -3.9390e-10 -4.5103e-11 -3.8030e-12 -2.2541e-13 -8.8939e-15 -2.1910e-16 -3.1243e-18 -2.3574e-20 -8.4589e-23 -1.2707e-25 -6.8576e-29 -1.1061e-32 -4.2669e-37 -3.0030e-42 -2.7696e-48 -2.2293e-55 -9.4783e-64 -1.1402e-73 -1.7774e-85 -1.3422e-99 -1.4085e-116 -4.1576e-137 -4.3951e-162 -1.1365e-192 -2.1083e-230 -2.5741e-277 -0.0000e+00 -0.0000e+00 -0.0000e+00 -0.0000e+00 -0.0000e+00 -0.0000e+00 -0.0000e+00 -0.0000e+00 -0.0000e+00 -0.0000e+00 -0.0000e+00 -0.0000e+00 -0.0000e+00 -0.0000e+00 -0.0000e+00 -0.0000e+00 -0.0000e+00 -0.0000e+00 -0.0000e+00 -0.0000e+00 -0.0000e+00 -0.0000e+00
-9.4627e-06 -2.6784e-05 -4.9262e-05 -7.5964e-05 -1.0637e-04 -1.4013e-04 -1.7701e-04 -2.1680e-04 -2.5933e-04 -3.0440e-04 -3.5183e-04 -4.0138e-04 -4.5278e-04 -5.0571e-04 -5.5975e-04 2.4958e-03 -6.6910e-04 -7.2312e-04 -7.7564e-04 -8.2574e-04 -8.7233e-04 -9.1424e-04 -9.5019e-04 -9.7884e-04 -9.9884e-04 -1.0089e-03 -1.0077e-03 -9.9435e-04 -9.6816e-04 -9.2888e-04 -8.7679e-04 -8.1281e-04 -7.3852e-04 -6.5618e-04 -5.6866e-04 -4.7926e-04 -3.9150e-04 -3.0883e-04 -2.3423e-04 -1.6999e-04 -1.1739e-04 -7.6660e-05 -4.7000e-05 -2.6833e-05 -1.4133e-05 -6.7935e-06 -2.9441e-06 -1.1341e-06 -3.8209e-07 -1.1049e-07 -2.6833e-08 -5.3376e-09 -8.4461e-10 -1.0277e-10 -9.2417e-12 -5.8639e-13 -2.4861e-14 -6.6058e-16 -1.0199e-17 -8.3637e-20 -3.2747e-22 -5.3889e-25 -3.1993e-28 -5.7007e-32 -2.4403e-36 -1.9148e-41 -1.9788e-47 -1.7945e-54 -8.6466e-63 -1.1865e-72 -2.1251e-84 -1.8588e-98 -2.2800e-115 -7.9483e-136 -1.0041e-160 -3.1449e-191 -7.1776e-229 -1.0980e-275 -0.0000e+00 -0.0000e+00 -0.0000e+00 -0.0000e+00 -0.0000e+00 -0.0000e+00 -0.0000e+00 -0.0000e+00 -0.0000e+00 -0.0000e+00 -0.0000e+00 -0.0000e+00 -0.0000e+00 -0.0000e+00 -0.0000e+00 -0.0000e+00 -0.0000e+00 -0.0000e+00 -0.0000e+00 -0.0000e+00 -0.0000e+00 -0.0000e+00 -9.4627e-06 -2.6784e-05 -4.9262e-05 -7.5963e-05 -1.0637e-04 -1.4013e-04 -1.7700e-04 -2.1677e-04 -2.5926e-04 -3.0428e-04 -3.5162e-04 -4.0105e-04 -4.5226e-04 -5.0492e-04 -5.5859e-04 0.0000e+00 -6.6676e-04 -7.1991e-04 -7.7133e-04 -8.2004e-04 -8.6492e-04 -9.0477e-04 -9.3828e-04 -9.6411e-04 -9.8090e-04 -9.8736e-04 -9.8237e-04 -9.6504e-04 -9.3485e-04 -8.9175e-04 -8.3626e-04 -7.6954e-04 -6.9343e-04 -6.1041e-04 -5.2352e-04 -4.3612e-04 -3.5170e-04 -2.7348e-04 -2.0416e-04 -1.4560e-04 -9.8635e-05 -6.3066e-05 -3.7784e-05 -2.1035e-05 -1.0780e-05 -5.0307e-06 -2.1115e-06 -7.8585e-07 -2.5514e-07 -7.0920e-08 -1.6514e-08 -3.1414e-09 -4.7416e-10 -5.4893e-11 -4.6851e-12 -2.8146e-13 -1.1272e-14 -2.8229e-16 -4.0989e-18 -3.1552e-20 -1.1573e-22 -1.7811e-25 -9.8720e-29 -1.6396e-32 -6.5320e-37 -4.7628e-42 -4.5671e-48 -3.8374e-55 -1.7106e-63 -2.1682e-73 -3.5810e-85 -2.8834e-99 -3.2497e-116 -1.0388e-136 -1.2007e-161 -3.4325e-192 -7.1311e-230 -9.9014e-277 -0.0000e+00 -0.0000e+00 -0.0000e+00 -0.0000e+00 -0.0000e+00 -0.0000e+00 -0.0000e+00 -0.0000e+00 -0.0000e+00 -0.0000e+00 -0.0000e+00 -0.0000e+00 -0.0000e+00 -0.0000e+00 -0.0000e+00 -0.0000e+00 -0.0000e+00 -0.0000e+00 -0.0000e+00 -0.0000e+00 -0.0000e+00 -0.0000e+00
