4.7193e-12 -5.0113e-12 -1.3832e-11 -2.8458e-11 -4.9859e-11 -7.8930e-11 -1.1653e-10 -1.6350e-10 -2.2070e-10 -2.8899e-10 -3.6926e-10 -4.6244e-10 -5.6951e-10 -6.9150e-10 -8.2949e-10 -9.8465e-10 -1.1582e-09 -1.3515e-09 -1.5658e-09 -1.8027e-09 -2.0638e-09 -2.3506e-09 -2.6650e-09 -3.0086e-09 -3.3833e-09 -3.7910e-09 -4.2333e-09 -4.7122e-09 -5.2290e-09 -5.7850e-09 -6.3810e-09 -7.0173e-09 -7.6930e-09 -8.4064e-09 -9.1540e-09 -9.9304e-09 -1.0728e-08 -1.1534e-08 -1.2335e-08 -1.3110e-08 -1.3834e-08 -1.4476e-08 -1.4998e-08 -1.5359e-08 -1.5510e-08 -1.5405e-08 -1.4999e-08 -1.4259e-08 -1.3171e-08 -1.1752e-08 -1.0056e-08 -8.1785e-09 -6.2538e-09 -4.4364e-09 -2.8717e-09 -1.6618e-09 -8.3815e-10 -3.5693e-10 -1.2335e-10 -3.2909e-11 -6.3656e-12 -8.2423e-13 -6.4541e-14 -2.6835e-15 -5.0108e-17 -3.3826e-19 -6.2217e-22 -2.1518e-25 -8.5714e-30 -2.0474e-35 -1.2214e-42 -5.5585e-52 -3.8161e-64 -4.2203e-80 -3.3171e-101 -2.2636e-129 -2.4736e-167 -4.7334e-219 -2.3773e-290 -0.0000e+00 -0.0000e+00 -0.0000e+00 -0.0000e+00 -0.0000e+00 -0.0000e+00 -0.0000e+00 -0.0000e+00 -0.0000e+00 -0.0000e+00 -0.0000e+00 -0.0000e+00 -0.0000e+00 -0.0000e+00 -0.0000e+00 -0.0000e+00 -0.0000e+00 -0.0000e+00 -0.0000e+00 -0.0000e+00 -0.0000e+00 0.0000e+00 -5.0113e-12 -1.3832e-11 -2.8458e-11 -4.9859e-11 -7.8930e-11 -1.1653e-10 -1.6350e-10 -2.2070e-10 -2.8899e-10 -3.6926e-10 -4.6244e-10 -5.6951e-10 -6.9150e-10 -8.2949e-10 -9.8465e-10 -1.1582e-09 -1.3515e-09 -1.5658e-09 -1.8027e-09 -2.0638e-09 -2.3506e-09 -2.6650e-09 -3.0086e-09 -3.3833e-09 -3.7910e-09 -4.2333e-09 -4.7122e-09 -5.2290e-09 -5.7850e-09 -6.3810e-09 -7.0173e-09 -7.6930e-09 -8.4064e-09 -9.1540e-09 -9.9304e-09 -1.0728e-08 -1.1534e-08 -1.2335e-08 -1.3110e-08 -1.3834e-08 -1.4476e-08 -1.4998e-08 -1.5359e-08 -1.5510e-08 -1.5405e-08 -1.4999e-08 -1.4259e-08 -1.3171e-08 -1.1752e-08 -1.0056e-08 -8.1785e-09 -6.2538e-09 -4.4364e-09 -2.8717e-09 -1.6618e-09 -8.3815e-10 -3.5693e-10 -1.2335e-10 -3.2909e-11 -6.3656e-12 -8.2423e-13 -6.4541e-14 -2.6835e-15 -5.0108e-17 -3.3826e-19 -6.2217e-22 -2.1518e-25 -8.5714e-30 -2.0474e-35 -1.2214e-42 -5.5585e-52 -3.8161e-64 -4.2203e-80 -3.3171e-101 -2.2636e-129 -2.4736e-167 -4.7334e-219 -2.3773e-290 -0.0000e+00 -0.0000e+00 -0.0000e+00 -0.0000e+00 -0.0000e+00 -0.0000e+00 -0.0000e+00 -0.0000e+00 -0.0000e+00 -0.0000e+00 -0.0000e+00 -0.0000e+00 -0.0000e+00 -0.0000e+00 -0.0000e+00 -0.0000e+00 -0.0000e+00 -0.0000e+00 -0.0000e+00 -0.0000e+00 -0.0000e+00
-5.0113e-12 1.2338e-09 -7.8320e-11 -1.6114e-10 -2.8232e-10 -4.4693e-10 -6.5983e-10 -9.2581e-10 -1.2497e-09 -1.6363e-09 -2.0909e-09 -2.6185e-09 -3.2248e-09 -3.9155e-09 -4.6969e-09 -5.5754e-09 -6.5581e-09 -7.6524e-09 -8.8661e-09 -1.0208e-08 -1.1686e-08 -1.3310e-08 -1.5090e-08 -1.7036e-08 -1.9157e-08 -2.1466e-08 -2.3971e-08 -2.6682e-08 -2.9608e-08 -3.2757e-08 -3.6132e-08 -3.9734e-08 -4.3560e-08 -4.7600e-08 -5.1833e-08 -5.6229e-08 -6.0743e-08 -6.5310e-08 -6.9844e-08 -7.4232e-08 -7.8332e-08 -8.1967e-08 -8.4926e-08 -8.6966e-08 -8.7824e-08 -8.7228e-08 -8.4928e-08 -8.0738e-08 -7.4581e-08 -6.6546e-08 -5.6940e-08 -4.6309e-08 -3.5411e-08 -2.5120e-08 -1.6261e-08 -9.4098e-09 -4.7459e-09 -2.0210e-09 -6.9843e-10 -1.8634e-10 -3.6044e-11 -4.6670e-12 -3.6545e-13 -1.5195e-14 -2.8373e-16 -1.9153e-18 -3.5230e-21 -1.2184e-24 -4.8534e-29 -1.1593e-34 -6.9161e-42 -3.1474e-51 -2.1608e-63 -2.3897e-79 -1.8782e-100 -1.2817e-128 -1.4006e-166 -2.6802e-218 -1.3461e-289 -0.0000e+00 -0.0000e+00 -0.0000e+00 -0.0000e+00 -0.0000e+00 -0.0000e+00 -0.0000e+00 -0.0000e+00 -0.0000e+00 -0.0000e+00 -0.0000e+00 -0.0000e+00 -0.0000e+00 -0.0000e+00 -0.0000e+00 -0.0000e+00 -0.0000e+00 -0.0000e+00 -0.0000e+00 -0.0000e+00 -0.0000e+00 -5.0113e-12 0.0000e+00 -7.8320e-11 -1.6114e-10 -2.8232e-10 -4.4693e-10 -6.5983e-10 -9.2581e-10 -1.2497e-09 -1.6363e-09 -2.0909e-09 -2.6185e-09 -3.2248e-09 -3.9155e-09 -4.6969e-09 -5.5754e-09 -6.5581e-09 -7.6524e-09 -8.8661e-09 -1.0208e-08 -1.1686e-08 -1.3310e-08 -1.5090e-08 -1.7036e-08 -1.9157e-08 -2.1466e-08 -2.3971e-08 -2.6682e-08 -2.9608e-08 -3.2757e-08 -3.6132e-08 -3.9734e-08 -4.3560e-08 -4.7600e-08 -5.1833e-08 -5.6229e-08 -6.0743e-08 -6.5310e-08 -6.9844e-08 -7.4232e-08 -7.8332e-08 -8.1967e-08 -8.4926e-08 -8.6966e-08 -8.7824e-08 -8.7228e-08 -8.4928e-08 -8.0738e-08 -7.4581e-08 -6.6546e-08 -5.6940e-08 -4.6309e-08 -3.5411e-08 -2.5120e-08 -1.6261e-08 -9.4098e-09 -4.7459e-09 -2.0210e-09 -6.9843e-10 -1.8634e-10 -3.6044e-11 -4.6670e-12 -3.6545e-13 -1.5195e-14 -2.8373e-16 -1.9153e-18 -3.5230e-21 -1.2184e-24 -4.8534e-29 -1.1593e-34 -6.9161e-42 -3.1474e-51 -2.1608e-63 -2.3897e-79 -1.8782e-100 -1.2817e-128 -1.4006e-166 -2.6802e-218 -1.3461e-289 -0.0000e+00 -0.0000e+00 -0.0000e+00 -0.0000e+00 -0.0000e+00 -0.0000e+00 -0.0000e+00 -0.0000e+00 -0.0000e+00 -0.0000e+00 -0.0000e+00 -0.0000e+00 -0.0000e+00 -0.0000e+00 -0.0000e+00 -0.0000e+00 -0.0000e+00 -0.0000e+00 -0.0000e+00 -0.0000e+00 -0.0000e+00
-1.3832e-11 -7.8320e-11 3.4537e-09 -4.4476e-10 -7.7923e-10 -1.2336e-09 -1.8212e-09 -2.5554e-09 -3.4493e-09 -4.5165e-09 -5.7710e-09 -7.2273e-09 -8.9007e-09 -1.0807e-08 -1.2964e-08 -1.5389e-08 -1.8101e-08 -2.1122e-08 -2.4472e-08 -2.8175e-08 -3.2255e-08 -3.6737e-08 -4.1650e-08 -4.7020e-08 -5.2877e-08 -5.9248e-08 -6.6162e-08 -7.3645e-08 -8.1722e-08 -9.0412e-08 -9.9728e-08 -1.0967e-07 -1.2023e-07 -1.3138e-07 -1.4307e-07 -1.5520e-07 -1.6766e-07 -1.8026e-07 -1.9278e-07 -2.0489e-07 -2.1621e-07 -2.2624e-07 -2.3441e-07 -2.4004e-07 -2.4240e-07 -2.4076e-07 -2.3441e-07 -2.2285e-07 -2.0585e-07 -1.8367e-07 -1.5716e-07 -1.2782e-07 -9.7740e-08 -6.9335e-08 -4.4881e-08 -2.5972e-08 -1.3099e-08 -5.5783e-09 -1.9278e-09 -5.1433e-10 -9.9486e-11 -1.2882e-11 -1.0087e-12 -4.1940e-14 -7.8313e-16 -5.2865e-18 -9.7238e-21 -3.3630e-24 -1.3396e-28 -3.1999e-34 -1.9089e-41 -8.6872e-51 -5.9640e-63 -6.5959e-79 -5.1842e-100 -3.5377e-128 -3.8659e-166 -7.3978e-218 -3.7155e-289 -0.0000e+00 -0.0000e+00 -0.0000e+00 -0.0000e+00 -0.0000e+00 -0.0000e+00 -0.0000e+00 -0.0000e+00 -0.0000e+00 -0.0000e+00 -0.0000e+00 -0.0000e+00 -0.0000e+00 -0.0000e+00 -0.0000e+00 -0.0000e+00 -0.0000e+00 -0.0000e+00 -0.0000e+00 -0.0000e+00 -0.0000e+00 -1.3832e-11 -7.8320e-11 0.0000e+00 -4.4476e-10 -7.7923e-10 -1.2336e-09 -1.8212e-09 -2.5554e-09 -3.4493e-09 -4.5165e-09 -5.7710e-09 -7.2273e-09 -8.9007e-09 -1.0807e-08 -1.2964e-08 -1.5389e-08 -1.8101e-08 -2.1122e-08 -2.4472e-08 -2.8175e-08 -3.2255e-08 -3.6737e-08 -4.1650e-08 -4.7020e-08 -5.2877e-08 -5.9248e-08 -6.6162e-08 -7.3645e-08 -8.1722e-08 -9.0412e-08 -9.9728e-08 -1.0967e-07 -1.2023e-07 -1.3138e-07 -1.4307e-07 -1.5520e-07 -1.6766e-07 -1.8026e-07 -1.9278e-07 -2.0489e-07 -2.1621e-07 -2.2624e-07 -2.3441e-07 -2.4004e-07 -2.4240e-07 -2.4076e-07 -2.3441e-07 -2.2285e-07 -2.0585e-07 -1.8367e-07 -1.5716e-07 -1.2782e-07 -9.7740e-08 -6.9335e-08 -4.4881e-08 -2.5972e-08 -1.3099e-08 -5.5783e-09 -1.9278e-09 -5.1433e-10 -9.9486e-11 -1.2882e-11 -1.0087e-12 -4.1940e-14 -7.8313e-16 -5.2865e-18 -9.7238e-21 -3.3630e-24 -1.3396e-28 -3.1999e-34 -1.9089e-41 -8.6872e-51 -5.9640e-63 -6.5959e-79 -5.1842e-100 -3.5377e-128 -3.8659e-166 -7.3978e-218 -3.7155e-289 -0.0000e+00 -0.0000e+00 -0.0000e+00 -0.0000e+00 -0.0000e+00 -0.0000e+00 -0.0000e+00 -0.0000e+00 -0.0000e+00 -0.0000e+00 -0.0000e+00 -0.0000e+00 -0.0000e+00 -0.0000e+00 -0.0000e+00 -0.0000e+00 -0.0000e+00 -0.0000e+00 -0.0000e+00 -0.0000e+00 -0.0000e+00
-2.8458e-11 -1.6114e-10 -4.4476e-10 1.9573e-08 -1.6032e-09 -2.5380e-09 -3.7470e-09 -5.2575e-09 -7.0967e-09 -9.2925e-09 -1.1874e-08 -1.4870e-08 -1.8313e-08 -2.2235e-08 -2.6673e-08 -3.1662e-08 -3.7242e-08 -4.3457e-08 -5.0349e-08 -5.7968e-08 -6.6362e-08 -7.5585e-08 -8.5693e-08 -9.6742e-08 -1.0879e-07 -1.2190e-07 -1.3612e-07 -1.5152e-07 -1.6814e-07 -1.8602e-07 -2.0518e-07 -2.2564e-07 -2.4737e-07 -2.7031e-07 -2.9435e-07 -3.1932e-07 -3.4495e-07 -3.7088e-07 -3.9663e-07 -4.2155e-07 -4.4484e-07 -4.6548e-07 -4.8228e-07 -4.9387e-07 -4.9874e-07 -4.9535e-07 -4.8229e-07 -4.5850e-07 -4.2353e-07 -3.7790e-07 -3.2335e-07 -2.6298e-07 -2.0109e-07 -1.4265e-07 -9.2341e-08 -5.3437e-08 -2.6951e-08 -1.1477e-08 -3.9663e-09 -1.0582e-09 -2.0469e-10 -2.6503e-11 -2.0753e-12 -8.6289e-14 -1.6113e-15 -1.0877e-17 -2.0006e-20 -6.9193e-24 -2.7562e-28 -6.5837e-34 -3.9276e-41 -1.7874e-50 -1.2271e-62 -1.3571e-78 -1.0666e-99 -7.2788e-128 -7.9541e-166 -1.5221e-217 -7.6450e-289 -0.0000e+00 -0.0000e+00 -0.0000e+00 -0.0000e+00 -0.0000e+00 -0.0000e+00 -0.0000e+00 -0.0000e+00 -0.0000e+00 -0.0000e+00 -0.0000e+00 -0.0000e+00 -0.0000e+00 -0.0000e+00 -0.0000e+00 -0.0000e+00 -0.0000e+00 -0.0000e+00 -0.0000e+00 -0.0000e+00 -0.0000e+00 -2.8458e-11 -1.6114e-10 -4.4476e-10 0.0000e+00 -1.6032e-09 -2.5380e-09 -3.7470e-09 -5.2575e-09 -7.0967e-09 -9.2925e-09 -1.1874e-08 -1.4870e-08 -1.8313e-08 -2.2235e-08 -2.6673e-08 -3.1662e-08 -3.7242e-08 -4.3457e-08 -5.0349e-08 -5.7968e-08 -6.6362e-08 -7.5585e-08 -8.5693e-08 -9.6742e-08 -1.0879e-07 -1.2190e-07 -1.3612e-07 -1.5152e-07 -1.6814e-07 -1.8602e-07 -2.0518e-07 -2.2564e-07 -2.4737e-07 -2.7031e-07 -2.9435e-07 -3.1932e-07 -3.4495e-07 -3.7088e-07 -3.9663e-07 -4.2155e-07 -4.4484e-07 -4.6548e-07 -4.8228e-07 -4.9387e-07 -4.9874e-07 -4.9535e-07 -4.8229e-07 -4.5850e-07 -4.2353e-07 -3.7790e-07 -3.2335e-07 -2.6298e-07 -2.0109e-07 -1.4265e-07 -9.2341e-08 -5.3437e-08 -2.6951e-08 -1.1477e-08 -3.9663e-09 -1.0582e-09 -2.0469e-10 -2.6503e-11 -2.0753e-12 -8.6289e-14 -1.6113e-15 -1.0877e-17 -2.0006e-20 -6.9193e-24 -2.7562e-28 -6.5836e-34 -3.9276e-41 -1.7873e-50 -1.2271e-62 -1.3571e-78 -1.0666e-99 -7.2787e-128 -7.9539e-166 -1.5221e-217 -7.6446e-289 -0.0000e+00 -0.0000e+00 -0.0000e+00 -0.0000e+00 -0.0000e+00 -0.0000e+00 -0.0000e+00 -0.0000e+00 -0.0000e+00 -0.0000e+00 -0.0000e+00 -0.0000e+00 -0.0000e+00 -0.0000e+00 -0.0000e+00 -0.0000e+00 -0.0000e+00 -0.0000e+00 -0.0000e+00 -0.0000e+00 -0.0000e+00
-4.9859e-11 -2.8232e-10 -7.7923e-10 -1.6032e-09 7.4973e-08 -4.4466e-09 -6.5649e-09 -9.2112e-09 -1.2434e-08 -1.6281e-08 -2.0803e-08 -2.6052e-08 -3.2084e-08 -3.8957e-08 -4.6731e-08 -5.5472e-08 -6.5249e-08 -7.6137e-08 -8.8212e-08 -1.0156e-07 -1.1627e-07 -1.3243e-07 -1.5014e-07 -1.6949e-07 -1.9060e-07 -2.1357e-07 -2.3849e-07 -2.6547e-07 -2.9458e-07 -3.2591e-07 -3.5949e-07 -3.9533e-07 -4.3340e-07 -4.7359e-07 -5.1571e-07 -5.5945e-07 -6.0435e-07 -6.4979e-07 -6.9490e-07 -7.3857e-07 -7.7936e-07 -8.1552e-07 -8.4496e-07 -8.6526e-07 -8.7379e-07 -8.6786e-07 -8.4498e-07 -8.0330e-07 -7.4203e-07 -6.6209e-07 -5.6652e-07 -4.6075e-07 -3.5232e-07 -2.4993e-07 -1.6178e-07 -9.3622e-08 -4.7219e-08 -2.0108e-08 -6.9490e-09 -1.8540e-09 -3.5862e-10 -4.6434e-11 -3.6360e-12 -1.5118e-13 -2.8230e-15 -1.9056e-17 -3.5052e-20 -1.2123e-23 -4.8289e-28 -1.1535e-33 -6.8814e-41 -3.1316e-50 -2.1500e-62 -2.3778e-78 -1.8689e-99 -1.2754e-127 -1.3937e-165 -2.6672e-217 -1.3397e-288 -0.0000e+00 -0.0000e+00 -0.0000e+00 -0.0000e+00 -0.0000e+00 -0.0000e+00 -0.0000e+00 -0.0000e+00 -0.0000e+00 -0.0000e+00 -0.0000e+00 -0.0000e+00 -0.0000e+00 -0.0000e+00 -0.0000e+00 -0.0000e+00 -0.0000e+00 -0.0000e+00 -0.0000e+00 -0.0000e+00 -0.0000e+00 -4.9859e-11 -2.8232e-10 -7.7923e-10 -1.6032e-09 0.0000e+00 -4.4466e-09 -6.5649e-09 -9.2112e-09 -1.2434e-08 -1.6281e-08 -2.0803e-08 -2.6052e-08 -3.2084e-08 -3.8957e-08 -4.6731e-08 -5.5472e-08 -6.5249e-08 -7.6137e-08 -8.8212e-08 -1.0156e-07 -1.1627e-07 -1.3243e-07 -1.5014e-07 -1.6949e-07 -1.9060e-07 -2.1357e-07 -2.3849e-07 -2.6547e-07 -2.9458e-07 -3.2591e-07 -3.5949e-07 -3.9533e-07 -4.3340e-07 -4.7359e-07 -5.1571e-07 -5.5945e-07 -6.0435e-07 -6.4979e-07 -6.9490e-07 -7.3857e-07 -7.7936e-07 -8.1552e-07 -8.4496e-07 -8.6526e-07 -8.7379e-07 -8.6786e-07 -8.4498e-07 -8.0330e-07 -7.4203e-07 -6.6209e-07 -5.6652e-07 -4.6075e-07 -3.5232e-07 -2.4993e-07 -1.6178e-07 -9.3622e-08 -4.7219e-08 -2.0108e-08 -6.9490e-09 -1.8540e-09 -3.5862e-10 -4.6434e-11 -3.6360e-12 -1.5118e-13 -2.8229e-15 -1.9056e-17 -3.5051e-20 -1.2123e-23 -4.8288e-28 -1.1535e-33 -6.8812e-41 -3.1315e-50 -2.1499e-62 -2.3777e-78 -1.8688e-99 -1.2753e-127 -1.3936e-165 -2.6668e-217 -1.3394e-288 -0.0000e+00 -0.0000e+00 -0.0000e+00 -0.0000e+00 -0.0000e+00 -0.0000e+00 -0.0000e+00 -0.0000e+00 -0.0000e+00 -0.0000e+00 -0.0000e+00 -0.0000e+00 -0.0000e+00 -0.0000e+00 -0.0000e+00 -0.0000e+00 -0.0000e+00 -0.0000e+00 -0.0000e+00 -0.0000e+00 -0.0000e+00
-7.8930e-11 -4.4693e-10 -1.2336e-09 -2.5380e-09 -4.4466e-09 2.2507e-07 -1.0393e-08 -1.4582e-08 -1.9683e-08 -2.5773e-08 -3.2932e-08 -4.1242e-08 -5.0791e-08 -6.1671e-08 -7.3978e-08 -8.7815e-08 -1.0329e-07 -1.2053e-07 -1.3965e-07 -1.6078e-07 -1.8406e-07 -2.0964e-07 -2.3767e-07 -2.6832e-07 -3.0174e-07 -3.3809e-07 -3.7755e-07 -4.2025e-07 -4.6634e-07 -5.1593e-07 -5.6909e-07 -6.2583e-07 -6.8610e-07 -7.4972e-07 -8.1640e-07 -8.8564e-07 -9.5673e-07 -1.0287e-06 -1.1001e-06 -1.1692e-06 -1.2338e-06 -1.2910e-06 -1.3376e-06 -1.3698e-06 -1.3833e-06 -1.3739e-06 -1.3377e-06 -1.2717e-06 -1.1747e-06 -1.0481e-06 -8.9683e-07 -7.2939e-07 -5.5775e-07 -3.9566e-07 -2.5611e-07 -1.4821e-07 -7.4750e-08 -3.1833e-08 -1.1001e-08 -2.9350e-09 -5.6772e-10 -7.3509e-11 -5.7561e-12 -2.3933e-13 -4.4690e-15 -3.0168e-17 -5.5491e-20 -1.9192e-23 -7.6448e-28 -1.8262e-33 -1.0894e-40 -4.9580e-50 -3.4039e-62 -3.7647e-78 -2.9592e-99 -2.0195e-127 -2.2071e-165 -4.2242e-217 -2.1221e-288 -0.0000e+00 -0.0000e+00 -0.0000e+00 -0.0000e+00 -0.0000e+00 -0.0000e+00 -0.0000e+00 -0.0000e+00 -0.0000e+00 -0.0000e+00 -0.0000e+00 -0.0000e+00 -0.0000e+00 -0.0000e+00 -0.0000e+00 -0.0000e+00 -0.0000e+00 -0.0000e+00 -0.0000e+00 -0.0000e+00 -0.0000e+00 -7.8930e-11 -4.4693e-10 -1.2336e-09 -2.5380e-09 -4.4466e-09 0.0000e+00 -1.0393e-08 -1.4582e-08 -1.9683e-08 -2.5773e-08 -3.2932e-08 -4.1242e-08 -5.0791e-08 -6.1671e-08 -7.3978e-08 -8.7815e-08 -1.0329e-07 -1.2053e-07 -1.3965e-07 -1.6078e-07 -1.8406e-07 -2.0964e-07 -2.3767e-07 -2.6832e-07 -3.0174e-07 -3.3809e-07 -3.7755e-07 -4.2025e-07 -4.6634e-07 -5.1593e-07 -5.6909e-07 -6.2583e-07 -6.8610e-07 -7.4972e-07 -8.1640e-07 -8.8564e-07 -9.5673e-07 -1.0287e-06 -1.1001e-06 -1.1692e-06 -1.2338e-06 -1.2910e-06 -1.3376e-06 -1.3698e-06 -1.3833e-06 -1.3739e-06 -1.3377e-06 -1.2717e-06 -1.1747e-06 -1.0481e-06 -8.9683e-07 -7.2939e-07 -5.5775e-07 -3.9566e-07 -2.5611e-07 -1.4821e-07 -7.4750e-08 -3.1832e-08 -1.1001e-08 -2.9350e-09 -5.6771e-10 -7.3509e-11 -5.7561e-12 -2.3933e-13 -4.4689e-15 -3.0167e-17 -5.5489e-20 -1.9191e-23 -7.6445e-28 -1.8261e-33 -1.0894e-40 -4.9575e-50 -3.4035e-62 -3.7642e-78 -2.9586e-99 -2.0190e-127 -2.2064e-165 -4.2224e-217 -2.1208e-288 -0.0000e+00 -0.0000e+00 -0.0000e+00 -0.0000e+00 -0.0000e+00 -0.0000e+00 -0.0000e+00 -0.0000e+00 -0.0000e+00 -0.0000e+00 -0.0000e+00 -0.0000e+00 -0.0000e+00 -0.0000e+00 -0.0000e+00 -0.0000e+00 -0.0000e+00 -0.0000e+00 -0.0000e+00 -0.0000e+00 -0.0000e+00
-1.1653e-10 -6.5983e-10 -1.8212e-09 -3.7470e-09 -6.5649e-09 -1.0393e-08 5.7113e-07 -2.1528e-08 -2.9060e-08 -3.8051e-08 -4.8620e-08 -6.0889e-08 -7.4987e-08 -9.1049e-08 -1.0922e-07 -1.2965e-07 -1.5250e-07 -1.7795e-07 -2.0617e-07 -2.3736e-07 -2.7174e-07 -3.0951e-07 -3.5089e-07 -3.9614e-07 -4.4548e-07 -4.9915e-07 -5.5740e-07 -6.2045e-07 -6.8850e-07 -7.6171e-07 -8.4019e-07 -9.2396e-07 -1.0129e-06 -1.1069e-06 -1.2053e-06 -1.3075e-06 -1.4125e-06 -1.5187e-06 -1.6241e-06 -1.7262e-06 -1.8215e-06 -1.9060e-06 -1.9748e-06 -2.0223e-06 -2.0422e-06 -2.0284e-06 -1.9749e-06 -1.8775e-06 -1.7343e-06 -1.5474e-06 -1.3241e-06 -1.0769e-06 -8.2345e-07 -5.8414e-07 -3.7812e-07 -2.1881e-07 -1.1036e-07 -4.6997e-08 -1.6241e-08 -4.3333e-09 -8.3818e-10 -1.0853e-10 -8.4984e-12 -3.5336e-13 -6.5982e-15 -4.4542e-17 -8.1930e-20 -2.8337e-23 -1.1288e-27 -2.6964e-33 -1.6087e-40 -7.3214e-50 -5.0268e-62 -5.5601e-78 -4.3708e-99 -2.9833e-127 -3.2610e-165 -6.2428e-217 -3.1372e-288 -0.0000e+00 -0.0000e+00 -0.0000e+00 -0.0000e+00 -0.0000e+00 -0.0000e+00 -0.0000e+00 -0.0000e+00 -0.0000e+00 -0.0000e+00 -0.0000e+00 -0.0000e+00 -0.0000e+00 -0.0000e+00 -0.0000e+00 -0.0000e+00 -0.0000e+00 -0.0000e+00 -0.0000e+00 -0.0000e+00 -0.0000e+00 -1.1653e-10 -6.5983e-10 -1.8212e-09 -3.7470e-09 -6.5649e-09 -1.0393e-08 0.0000e+00 -2.1528e-08 -2.9060e-08 -3.8051e-08 -4.8620e-08 -6.0889e-08 -7.4987e-08 -9.1049e-08 -1.0922e-07 -1.2965e-07 -1.5250e-07 -1.7795e-07 -2.0617e-07 -2.3736e-07 -2.7174e-07 -3.0951e-07 -3.5089e-07 -3.9614e-07 -4.4548e-07 -4.9915e-07 -5.5740e-07 -6.2045e-07 -6.8850e-07 -7.6171e-07 -8.4019e-07 -9.2396e-07 -1.0129e-06 -1.1069e-06 -1.2053e-06 -1.3075e-06 -1.4125e-06 -1.5187e-06 -1.6241e-06 -1.7262e-06 -1.8215e-06 -1.9060e-06 -1.9748e-06 -2.0223e-06 -2.0422e-06 -2.0283e-06 -1.9749e-06 -1.8775e-06 -1.7343e-06 -1.5474e-06 -1.3241e-06 -1.0769e-06 -8.2344e-07 -5.8414e-07 -3.7812e-07 -2.1881e-07 -1.1036e-07 -4.6997e-08 -1.6241e-08 -4.3332e-09 -8.3816e-10 -1.0853e-10 -8.4981e-12 -3.5334e-13 -6.5979e-15 -4.4539e-17 -8.1924e-20 -2.8334e-23 -1.1286e-27 -2.6960e-33 -1.6084e-40 -7.3196e-50 -5.0253e-62 -5.5579e-78 -4.3686e-99 -2.9814e-127 -3.2583e-165 -6.2359e-217 -3.1325e-288 -0.0000e+00 -0.0000e+00 -0.0000e+00 -0.0000e+00 -0.0000e+00 -0.0000e+00 -0.0000e+00 -0.0000e+00 -0.0000e+00 -0.0000e+00 -0.0000e+00 -0.0000e+00 -0.0000e+00 -0.0000e+00 -0.0000e+00 -0.0000e+00 -0.0000e+00 -0.0000e+00 -0.0000e+00 -0.0000e+00 -0.0000e+00
-1.6350e-10 -9.2581e-10 -2.5554e-09 -5.2575e-09 -9.2112e-09 -1.4582e-08 -2.1528e-08 1.2819e-06 -4.0774e-08 -5.3389e-08 -6.8219e-08 -8.5434e-08 -1.0521e-07 -1.2775e-07 -1.5325e-07 -1.8191e-07 -2.1397e-07 -2.4968e-07 -2.8928e-07 -3.3305e-07 -3.8128e-07 -4.3427e-07 -4.9234e-07 -5.5582e-07 -6.2505e-07 -7.0036e-07 -7.8209e-07 -8.7056e-07 -9.6603e-07 -1.0688e-06 -1.1789e-06 -1.2964e-06 -1.4213e-06 -1.5531e-06 -1.6912e-06 -1.8346e-06 -1.9819e-06 -2.1309e-06 -2.2788e-06 -2.4220e-06 -2.5558e-06 -2.6744e-06 -2.7709e-06 -2.8375e-06 -2.8655e-06 -2.8460e-06 -2.7710e-06 -2.6343e-06 -2.4334e-06 -2.1712e-06 -1.8578e-06 -1.5110e-06 -1.1554e-06 -8.1962e-07 -5.3055e-07 -3.0702e-07 -1.5485e-07 -6.5944e-08 -2.2789e-08 -6.0803e-09 -1.1761e-09 -1.5229e-10 -1.1925e-11 -4.9583e-13 -9.2589e-15 -6.2504e-17 -1.1497e-19 -3.9767e-23 -1.5842e-27 -3.7845e-33 -2.2580e-40 -1.0277e-49 -7.0571e-62 -7.8070e-78 -6.1383e-99 -4.1909e-127 -4.5827e-165 -8.7776e-217 -4.4140e-288 -0.0000e+00 -0.0000e+00 -0.0000e+00 -0.0000e+00 -0.0000e+00 -0.0000e+00 -0.0000e+00 -0.0000e+00 -0.0000e+00 -0.0000e+00 -0.0000e+00 -0.0000e+00 -0.0000e+00 -0.0000e+00 -0.0000e+00 -0.0000e+00 -0.0000e+00 -0.0000e+00 -0.0000e+00 -0.0000e+00 -0.0000e+00 -1.6350e-10 -9.2581e-10 -2.5554e-09 -5.2575e-09 -9.2112e-09 -1.4582e-08 -2.1528e-08 0.0000e+00 -4.0774e-08 -5.3389e-08 -6.8219e-08 -8.5434e-08 -1.0521e-07 -1.2775e-07 -1.5325e-07 -1.8191e-07 -2.1397e-07 -2.4968e-07 -2.8928e-07 -3.3305e-07 -3.8128e-07 -4.3427e-07 -4.9234e-07 -5.5582e-07 -6.2505e-07 -7.0036e-07 -7.8209e-07 -8.7056e-07 -9.6603e-07 -1.0688e-06 -1.1789e-06 -1.2964e-06 -1.4213e-06 -1.5531e-06 -1.6912e-06 -1.8346e-06 -1.9819e-06 -2.1309e-06 -2.2788e-06 -2.4220e-06 -2.5558e-06 -2.6744e-06 -2.7709e-06 -2.8375e-06 -2.8655e-06 -2.8460e-06 -2.7710e-06 -2.6343e-06 -2.4334e-06 -2.1712e-06 -1.8578e-06 -1.5109e-06 -1.1554e-06 -8.1961e-07 -5.3054e-07 -3.0702e-07 -1.5485e-07 -6.5942e-08 -2.2788e-08 -6.0800e-09 -1.1760e-09 -1.5228e-10 -1.1924e-11 -4.9579e-13 -9.2579e-15 -6.2496e-17 -1.1495e-19 -3.9758e-23 -1.5837e-27 -3.7832e-33 -2.2570e-40 -1.0272e-49 -7.0524e-62 -7.8003e-78 -6.1315e-99 -4.1849e-127 -4.5741e-165 -8.7557e-217 -4.3994e-288 -0.0000e+00 -0.0000e+00 -0.0000e+00 -0.0000e+00 -0.0000e+00 -0.0000e+00 -0.0000e+00 -0.0000e+00 -0.0000e+00 -0.0000e+00 -0.0000e+00 -0.0000e+00 -0.0000e+00 -0.0000e+00 -0.0000e+00 -0.0000e+00 -0.0000e+00 -0.0000e+00 -0.0000e+00 -0.0000e+00 -0.0000e+00
-2.2070e-10 -1.2497e-09 -3.4493e-09 -7.0967e-09 -1.2434e-08 -1.9683e-08 -2.9060e-08 -4.0774e-08 2.6204e-06 -7.2066e-08 -9.2084e-08 -1.1532e-07 -1.4202e-07 -1.7244e-07 -2.0685e-07 -2.4555e-07 -2.8883e-07 -3.3702e-07 -3.9047e-07 -4.4956e-07 -5.1466e-07 -5.8619e-07 -6.6458e-07 -7.5027e-07 -8.4371e-07 -9.4537e-07 -1.0557e-06 -1.1751e-06 -1.3040e-06 -1.4426e-06 -1.5913e-06 -1.7499e-06 -1.9185e-06 -2.0964e-06 -2.2828e-06 -2.4764e-06 -2.6752e-06 -2.8763e-06 -3.0760e-06 -3.2693e-06 -3.4499e-06 -3.6099e-06 -3.7403e-06 -3.8301e-06 -3.8679e-06 -3.8416e-06 -3.7404e-06 -3.5559e-06 -3.2847e-06 -2.9308e-06 -2.5078e-06 -2.0396e-06 -1.5596e-06 -1.1064e-06 -7.1617e-07 -4.1444e-07 -2.0903e-07 -8.9016e-08 -3.0763e-08 -8.2078e-09 -1.5877e-09 -2.0558e-10 -1.6099e-11 -6.6939e-13 -1.2500e-14 -8.4388e-17 -1.5524e-19 -5.3696e-23 -2.1392e-27 -5.1110e-33 -3.0498e-40 -1.3884e-49 -9.5359e-62 -1.0552e-77 -8.3000e-99 -5.6697e-127 -6.2041e-165 -1.1894e-216 -5.9892e-288 -0.0000e+00 -0.0000e+00 -0.0000e+00 -0.0000e+00 -0.0000e+00 -0.0000e+00 -0.0000e+00 -0.0000e+00 -0.0000e+00 -0.0000e+00 -0.0000e+00 -0.0000e+00 -0.0000e+00 -0.0000e+00 -0.0000e+00 -0.0000e+00 -0.0000e+00 -0.0000e+00 -0.0000e+00 -0.0000e+00 -0.0000e+00 -2.2070e-10 -1.2497e-09 -3.4493e-09 -7.0967e-09 -1.2434e-08 -1.9683e-08 -2.9060e-08 -4.0774e-08 0.0000e+00 -7.2066e-08 -9.2084e-08 -1.1532e-07 -1.4202e-07 -1.7244e-07 -2.0685e-07 -2.4555e-07 -2.8883e-07 -3.3702e-07 -3.9047e-07 -4.4956e-07 -5.1466e-07 -5.8619e-07 -6.6458e-07 -7.5027e-07 -8.4371e-07 -9.4537e-07 -1.0557e-06 -1.1751e-06 -1.3040e-06 -1.4426e-06 -1.5913e-06 -1.7499e-06 -1.9185e-06 -2.0964e-06 -2.2828e-06 -2.4764e-06 -2.6752e-06 -2.8763e-06 -3.0760e-06 -3.2693e-06 -3.4499e-06 -3.6099e-06 -3.7402e-06 -3.8301e-06 -3.8679e-06 -3.8416e-06 -3.7404e-06 -3.5558e-06 -3.2846e-06 -2.9308e-06 -2.5077e-06 -2.0395e-06 -1.5596e-06 -1.1063e-06 -7.1614e-07 -4.1443e-07 -2.0902e-07 -8.9011e-08 -3.0761e-08 -8.2071e-09 -1.5875e-09 -2.0555e-10 -1.6096e-11 -6.6926e-13 -1.2497e-14 -8.4364e-17 -1.5518e-19 -5.3673e-23 -2.1381e-27 -5.1075e-33 -3.0472e-40 -1.3869e-49 -9.5228e-62 -1.0534e-77 -8.2813e-99 -5.6531e-127 -6.1803e-165 -1.1834e-216 -5.9487e-288 -0.0000e+00 -0.0000e+00 -0.0000e+00 -0.0000e+00 -0.0000e+00 -0.0000e+00 -0.0000e+00 -0.0000e+00 -0.0000e+00 -0.0000e+00 -0.0000e+00 -0.0000e+00 -0.0000e+00 -0.0000e+00 -0.0000e+00 -0.0000e+00 -0.0000e+00 -0.0000e+00 -0.0000e+00 -0.0000e+00 -0.0000e+00
-2.8899e-10 -1.6363e-09 -4.5165e-09 -9.2925e-09 -1.6281e-08 -2.5773e-08 -3.8051e-08 -5.3389e-08 -7.2066e-08 4.9768e-06 -1.2058e-07 -1.5100e-07 -1.8596e-07 -2.2580e-07 -2.7086e-07 -3.2152e-07 -3.7819e-07 -4.4130e-07 -5.1129e-07 -5.8865e-07 -6.7390e-07 -7.6756e-07 -8.7020e-07 -9.8241e-07 -1.1048e-06 -1.2379e-06 -1.3823e-06 -1.5387e-06 -1.7074e-06 -1.8890e-06 -2.0836e-06 -2.2914e-06 -2.5120e-06 -2.7450e-06 -2.9891e-06 -3.2426e-06 -3.5029e-06 -3.7663e-06 -4.0278e-06 -4.2808e-06 -4.5173e-06 -4.7269e-06 -4.8975e-06 -5.0152e-06 -5.0647e-06 -5.0303e-06 -4.8977e-06 -4.6561e-06 -4.3010e-06 -3.8377e-06 -3.2837e-06 -2.6707e-06 -2.0422e-06 -1.4487e-06 -9.3780e-07 -5.4270e-07 -2.7372e-07 -1.1657e-07 -4.0285e-08 -1.0749e-08 -2.0792e-09 -2.6923e-10 -2.1084e-11 -8.7672e-13 -1.6373e-14 -1.1054e-16 -2.0336e-19 -7.0351e-23 -2.8032e-27 -6.6985e-33 -3.9981e-40 -1.8206e-49 -1.2509e-61 -1.3850e-77 -1.0901e-98 -7.4534e-127 -8.1659e-165 -1.5681e-216 -7.9140e-288 -0.0000e+00 -0.0000e+00 -0.0000e+00 -0.0000e+00 -0.0000e+00 -0.0000e+00 -0.0000e+00 -0.0000e+00 -0.0000e+00 -0.0000e+00 -0.0000e+00 -0.0000e+00 -0.0000e+00 -0.0000e+00 -0.0000e+00 -0.0000e+00 -0.0000e+00 -0.0000e+00 -0.0000e+00 -0.0000e+00 -0.0000e+00 -2.8899e-10 -1.6363e-09 -4.5165e-09 -9.2925e-09 -1.6281e-08 -2.5773e-08 -3.8051e-08 -5.3389e-08 -7.2066e-08 0.0000e+00 -1.2058e-07 -1.5100e-07 -1.8596e-07 -2.2580e-07 -2.7086e-07 -3.2152e-07 -3.7819e-07 -4.4130e-07 -5.1129e-07 -5.8865e-07 -6.7390e-07 -7.6756e-07 -8.7020e-07 -9.8241e-07 -1.1048e-06 -1.2379e-06 -1.3823e-06 -1.5387e-06 -1.7074e-06 -1.8890e-06 -2.0836e-06 -2.2914e-06 -2.5120e-06 -2.7450e-06 -2.9891e-06 -3.2426e-06 -3.5029e-06 -3.7663e-06 -4.0277e-06 -4.2808e-06 -4.5173e-06 -4.7269e-06 -4.8975e-06 -5.0152e-06 -5.0646e-06 -5.0302e-06 -4.8977e-06 -4.6560e-06 -4.3009e-06 -3.8376e-06 -3.2837e-06 -2.6706e-06 -2.0421e-06 -1.4487e-06 -9.3774e-07 -5.4266e-07 -2.7370e-07 -1.1655e-07 -4.0280e-08 -1.0747e-08 -2.0788e-09 -2.6917e-10 -2.1078e-11 -8.7641e-13 -1.6366e-14 -1.1048e-16 -2.0323e-19 -7.0293e-23 -2.8003e-27 -6.6899e-33 -3.9916e-40 -1.8169e-49 -1.2477e-61 -1.3804e-77 -1.0855e-98 -7.4120e-127 -8.1066e-165 -1.5531e-216 -7.8131e-288 -0.0000e+00 -0.0000e+00 -0.0000e+00 -0.0000e+00 -0.0000e+00 -0.0000e+00 -0.0000e+00 -0.0000e+00 -0.0000e+00 -0.0000e+00 -0.0000e+00 -0.0000e+00 -0.0000e+00 -0.0000e+00 -0.0000e+00 -0.0000e+00 -0.0000e+00 -0.0000e+00 -0.0000e+00 -0.0000e+00 -0.0000e+00
-3.6926e-10 -2.0909e-09 -5.7710e-09 -1.1874e-08 -2.0803e-08 -3.2932e-08 -4.8620e-08 -6.8219e-08 -9.2084e-08 -1.2058e-07 8.9079e-06 -1.9294e-07 -2.3762e-07 -2.8851e-07 -3.4609e-07 -4.1083e-07 -4.8324e-07 -5.6387e-07 -6.5331e-07 -7.5216e-07 -8.6108e-07 -9.8076e-07 -1.1119e-06 -1.2553e-06 -1.4116e-06 -1.5817e-06 -1.7663e-06 -1.9661e-06 -2.1817e-06 -2.4137e-06 -2.6624e-06 -2.9278e-06 -3.2098e-06 -3.5074e-06 -3.8194e-06 -4.1433e-06 -4.4759e-06 -4.8124e-06 -5.1465e-06 -5.4699e-06 -5.7720e-06 -6.0399e-06 -6.2579e-06 -6.4083e-06 -6.4715e-06 -6.4276e-06 -6.2582e-06 -5.9495e-06 -5.4958e-06 -4.9038e-06 -4.1960e-06 -3.4126e-06 -2.6096e-06 -1.8513e-06 -1.1984e-06 -6.9351e-07 -3.4979e-07 -1.4896e-07 -5.1482e-08 -1.3737e-08 -2.6573e-09 -3.4411e-10 -2.6949e-11 -1.1207e-12 -2.0931e-14 -1.4133e-16 -2.6005e-19 -8.9980e-23 -3.5861e-27 -8.5721e-33 -5.1183e-40 -2.3319e-49 -1.6033e-61 -1.7767e-77 -1.4000e-98 -9.5864e-127 -1.0524e-164 -2.0265e-216 -1.0266e-287 -0.0000e+00 -0.0000e+00 -0.0000e+00 -0.0000e+00 -0.0000e+00 -0.0000e+00 -0.0000e+00 -0.0000e+00 -0.0000e+00 -0.0000e+00 -0.0000e+00 -0.0000e+00 -0.0000e+00 -0.0000e+00 -0.0000e+00 -0.0000e+00 -0.0000e+00 -0.0000e+00 -0.0000e+00 -0.0000e+00 -0.0000e+00 -3.6926e-10 -2.0909e-09 -5.7710e-09 -1.1874e-08 -2.0803e-08 -3.2932e-08 -4.8620e-08 -6.8219e-08 -9.2084e-08 -1.2058e-07 0.0000e+00 -1.9294e-07 -2.3762e-07 -2.8851e-07 -3.4609e-07 -4.1083e-07 -4.8324e-07 -5.6387e-07 -6.5331e-07 -7.5216e-07 -8.6108e-07 -9.8076e-07 -1.1119e-06 -1.2553e-06 -1.4116e-06 -1.5817e-06 -1.7663e-06 -1.9661e-06 -2.1817e-06 -2.4137e-06 -2.6624e-06 -2.9278e-06 -3.2098e-06 -3.5074e-06 -3.8194e-06 -4.1433e-06 -4.4759e-06 -4.8124e-06 -5.1465e-06 -5.4699e-06 -5.7720e-06 -6.0398e-06 -6.2579e-06 -6.4082e-06 -6.4714e-06 -6.4275e-06 -6.2581e-06 -5.9493e-06 -5.4956e-06 -4.9036e-06 -4.1958e-06 -3.4124e-06 -2.6094e-06 -1.8511e-06 -1.1982e-06 -6.9341e-07 -3.4973e-07 -1.4894e-07 -5.1470e-08 -1.3733e-08 -2.6564e-09 -3.4397e-10 -2.6935e-11 -1.1200e-12 -2.0915e-14 -1.4120e-16 -2.5975e-19 -8.9847e-23 -3.5795e-27 -8.5524e-33 -5.1036e-40 -2.3234e-49 -1.5959e-61 -1.7661e-77 -1.3893e-98 -9.4917e-127 -1.0388e-164 -1.9921e-216 -1.0034e-287 -0.0000e+00 -0.0000e+00 -0.0000e+00 -0.0000e+00 -0.0000e+00 -0.0000e+00 -0.0000e+00 -0.0000e+00 -0.0000e+00 -0.0000e+00 -0.0000e+00 -0.0000e+00 -0.0000e+00 -0.0000e+00 -0.0000e+00 -0.0000e+00 -0.0000e+00 -0.0000e+00 -0.0000e+00 -0.0000e+00 -0.0000e+00
-4.6244e-10 -2.6185e-09 -7.2273e-09 -1.4870e-08 -2.6052e-08 -4.1242e-08 -6.0889e-08 -8.5434e-08 -1.1532e-07 -1.5100e-07 -1.9294e-07 1.5185e-05 -2.9758e-07 -3.6132e-07 -4.3343e-07 -5.1450e-07 -6.0518e-07 -7.0617e-07 -8.1817e-07 -9.4197e-07 -1.0784e-06 -1.2283e-06 -1.3925e-06 -1.5720e-06 -1.7678e-06 -1.9809e-06 -2.2120e-06 -2.4622e-06 -2.7323e-06 -3.0228e-06 -3.3342e-06 -3.6667e-06 -4.0198e-06 -4.3926e-06 -4.7832e-06 -5.1889e-06 -5.6054e-06 -6.0268e-06 -6.4453e-06 -6.8503e-06 -7.2287e-06 -7.5641e-06 -7.8372e-06 -8.0256e-06 -8.1047e-06 -8.0498e-06 -7.8377e-06 -7.4511e-06 -6.8830e-06 -6.1415e-06 -5.2551e-06 -4.2741e-06 -3.2684e-06 -2.3187e-06 -1.5009e-06 -8.6863e-07 -4.3813e-07 -1.8659e-07 -6.4490e-08 -1.7208e-08 -3.3291e-09 -4.3114e-10 -3.3768e-11 -1.4045e-12 -2.6235e-14 -1.7718e-16 -3.2609e-19 -1.1286e-22 -4.4998e-27 -1.0761e-32 -6.4295e-40 -2.9317e-49 -2.0178e-61 -2.2390e-77 -1.7675e-98 -1.2132e-126 -1.3361e-164 -2.5838e-216 -1.3166e-287 -0.0000e+00 -0.0000e+00 -0.0000e+00 -0.0000e+00 -0.0000e+00 -0.0000e+00 -0.0000e+00 -0.0000e+00 -0.0000e+00 -0.0000e+00 -0.0000e+00 -0.0000e+00 -0.0000e+00 -0.0000e+00 -0.0000e+00 -0.0000e+00 -0.0000e+00 -0.0000e+00 -0.0000e+00 -0.0000e+00 -0.0000e+00 -4.6244e-10 -2.6185e-09 -7.2273e-09 -1.4870e-08 -2.6052e-08 -4.1242e-08 -6.0889e-08 -8.5434e-08 -1.1532e-07 -1.5100e-07 -1.9294e-07 0.0000e+00 -2.9758e-07 -3.6132e-07 -4.3343e-07 -5.1450e-07 -6.0518e-07 -7.0617e-07 -8.1817e-07 -9.4197e-07 -1.0784e-06 -1.2283e-06 -1.3925e-06 -1.5720e-06 -1.7678e-06 -1.9809e-06 -2.2120e-06 -2.4622e-06 -2.7323e-06 -3.0228e-06 -3.3342e-06 -3.6667e-06 -4.0198e-06 -4.3925e-06 -4.7832e-06 -5.1889e-06 -5.6054e-06 -6.0268e-06 -6.4452e-06 -6.8502e-06 -7.2286e-06 -7.5640e-06 -7.8371e-06 -8.0254e-06 -8.1045e-06 -8.0495e-06 -7.8374e-06 -7.4507e-06 -6.8825e-06 -6.1411e-06 -5.2547e-06 -4.2736e-06 -3.2680e-06 -2.3183e-06 -1.5007e-06 -8.6844e-07 -4.3801e-07 -1.8653e-07 -6.4464e-08 -1.7200e-08 -3.3271e-09 -4.3083e-10 -3.3739e-11 -1.4029e-12 -2.6200e-14 -1.7689e-16 -3.2543e-19 -1.1258e-22 -4.4857e-27 -1.0719e-32 -6.3980e-40 -2.9135e-49 -2.0019e-61 -2.2165e-77 -1.7446e-98 -1.1929e-126 -1.3070e-164 -2.5100e-216 -1.2669e-287 -0.0000e+00 -0.0000e+00 -0.0000e+00 -0.0000e+00 -0.0000e+00 -0.0000e+00 -0.0000e+00 -0.0000e+00 -0.0000e+00 -0.0000e+00 -0.0000e+00 -0.0000e+00 -0.0000e+00 -0.0000e+00 -0.0000e+00 -0.0000e+00 -0.0000e+00 -0.0000e+00 -0.0000e+00 -0.0000e+00 -0.0000e+00
-5.6951e-10 -3.2248e-09 -8.9007e-09 -1.8313e-08 -3.2084e-08 -5.0791e-08 -7.4987e-08 -1.0521e-07 -1.4202e-07 -1.8596e-07 -2.3762e-07 -2.9758e-07 2.4850e-05 -4.4498e-07 -5.3378e-07 -6.3362e-07 -7.4531e-07 -8.6967e-07 -1.0076e-06 -1.1601e-06 -1.3281e-06 -1.5126e-06 -1.7149e-06 -1.9360e-06 -2.1772e-06 -2.4395e-06 -2.7242e-06 -3.0323e-06 -3.3649e-06 -3.7227e-06 -4.1062e-06 -4.5157e-06 -4.9505e-06 -5.4096e-06 -5.8907e-06 -6.3903e-06 -6.9033e-06 -7.4223e-06 -7.9376e-06 -8.4365e-06 -8.9025e-06 -9.3156e-06 -9.6520e-06 -9.8840e-06 -9.9815e-06 -9.9139e-06 -9.6528e-06 -9.1767e-06 -8.4771e-06 -7.5640e-06 -6.4724e-06 -5.2642e-06 -4.0256e-06 -2.8559e-06 -1.8488e-06 -1.0700e-06 -5.3971e-07 -2.2987e-07 -7.9452e-08 -2.1203e-08 -4.1022e-09 -5.3133e-10 -4.1622e-11 -1.7314e-12 -3.2350e-14 -2.1854e-16 -4.0236e-19 -1.3933e-22 -5.5582e-27 -1.3302e-32 -7.9554e-40 -3.6319e-49 -2.5037e-61 -2.7839e-77 -2.2037e-98 -1.5180e-126 -1.6799e-164 -3.2699e-216 -1.6808e-287 -0.0000e+00 -0.0000e+00 -0.0000e+00 -0.0000e+00 -0.0000e+00 -0.0000e+00 -0.0000e+00 -0.0000e+00 -0.0000e+00 -0.0000e+00 -0.0000e+00 -0.0000e+00 -0.0000e+00 -0.0000e+00 -0.0000e+00 -0.0000e+00 -0.0000e+00 -0.0000e+00 -0.0000e+00 -0.0000e+00 -0.0000e+00 -5.6951e-10 -3.2248e-09 -8.9007e-09 -1.8313e-08 -3.2084e-08 -5.0791e-08 -7.4987e-08 -1.0521e-07 -1.4202e-07 -1.8596e-07 -2.3762e-07 -2.9758e-07 0.0000e+00 -4.4498e-07 -5.3378e-07 -6.3362e-07 -7.4531e-07 -8.6967e-07 -1.0076e-06 -1.1601e-06 -1.3281e-06 -1.5126e-06 -1.7149e-06 -1.9360e-06 -2.1772e-06 -2.4395e-06 -2.7242e-06 -3.0323e-06 -3.3649e-06 -3.7227e-06 -4.1062e-06 -4.5156e-06 -4.9505e-06 -5.4096e-06 -5.8907e-06 -6.3903e-06 -6.9032e-06 -7.4222e-06 -7.9375e-06 -8.4363e-06 -8.9023e-06 -9.3154e-06 -9.6517e-06 -9.8836e-06 -9.9811e-06 -9.9134e-06 -9.6521e-06 -9.1760e-06 -8.4762e-06 -7.5631e-06 -6.4715e-06 -5.2633e-06 -4.0248e-06 -2.8552e-06 -1.8482e-06 -1.0696e-06 -5.3947e-07 -2.2974e-07 -7.9400e-08 -2.1186e-08 -4.0982e-09 -5.3071e-10 -4.1562e-11 -1.7284e-12 -3.2280e-14 -2.1796e-16 -4.0103e-19 -1.3876e-22 -5.5298e-27 -1.3218e-32 -7.8917e-40 -3.5952e-49 -2.4716e-61 -2.7385e-77 -2.1575e-98 -1.4770e-126 -1.6210e-164 -3.1202e-216 -1.5798e-287 -0.0000e+00 -0.0000e+00 -0.0000e+00 -0.0000e+00 -0.0000e+00 -0.0000e+00 -0.0000e+00 -0.0000e+00 -0.0000e+00 -0.0000e+00 -0.0000e+00 -0.0000e+00 -0.0000e+00 -0.0000e+00 -0.0000e+00 -0.0000e+00 -0.0000e+00 -0.0000e+00 -0.0000e+00 -0.0000e+00 -0.0000e+00
-6.9150e-10 -3.9155e-09 -1.0807e-08 -2.2235e-08 -3.8957e-08 -6.1671e-08 -9.1049e-08 -1.2775e-07 -1.7244e-07 -2.2580e-07 -2.8851e-07 -3.6132e-07 -4.4498e-07 3.9286e-05 -6.4811e-07 -7.6934e-07 -9.0495e-07 -1.0559e-06 -1.2234e-06 -1.4085e-06 -1.6125e-06 -1.8366e-06 -2.0822e-06 -2.3507e-06 -2.6435e-06 -2.9620e-06 -3.3077e-06 -3.6818e-06 -4.0856e-06 -4.5201e-06 -4.9858e-06 -5.4829e-06 -6.0109e-06 -6.5683e-06 -7.1525e-06 -7.7592e-06 -8.3820e-06 -9.0123e-06 -9.6380e-06 -1.0244e-05 -1.0810e-05 -1.1311e-05 -1.1720e-05 -1.2002e-05 -1.2120e-05 -1.2038e-05 -1.1721e-05 -1.1143e-05 -1.0294e-05 -9.1852e-06 -7.8598e-06 -6.3928e-06 -4.8888e-06 -3.4684e-06 -2.2454e-06 -1.2996e-06 -6.5557e-07 -2.7924e-07 -9.6526e-08 -2.5762e-08 -4.9851e-09 -6.4581e-10 -5.0601e-11 -2.1055e-12 -3.9354e-14 -2.6597e-16 -4.8995e-19 -1.6977e-22 -6.7788e-27 -1.6242e-32 -9.7270e-40 -4.4488e-49 -3.0741e-61 -3.4287e-77 -2.7249e-98 -1.8871e-126 -2.1029e-164 -4.1316e-216 -2.1503e-287 -0.0000e+00 -0.0000e+00 -0.0000e+00 -0.0000e+00 -0.0000e+00 -0.0000e+00 -0.0000e+00 -0.0000e+00 -0.0000e+00 -0.0000e+00 -0.0000e+00 -0.0000e+00 -0.0000e+00 -0.0000e+00 -0.0000e+00 -0.0000e+00 -0.0000e+00 -0.0000e+00 -0.0000e+00 -0.0000e+00 -0.0000e+00 -6.9150e-10 -3.9155e-09 -1.0807e-08 -2.2235e-08 -3.8957e-08 -6.1671e-08 -9.1049e-08 -1.2775e-07 -1.7244e-07 -2.2580e-07 -2.8851e-07 -3.6132e-07 -4.4498e-07 0.0000e+00 -6.4811e-07 -7.6934e-07 -9.0495e-07 -1.0559e-06 -1.2234e-06 -1.4085e-06 -1.6125e-06 -1.8366e-06 -2.0822e-06 -2.3507e-06 -2.6435e-06 -2.9620e-06 -3.3077e-06 -3.6818e-06 -4.0856e-06 -4.5200e-06 -4.9858e-06 -5.4829e-06 -6.0109e-06 -6.5683e-06 -7.1524e-06 -7.7591e-06 -8.3819e-06 -9.0121e-06 -9.6378e-06 -1.0243e-05 -1.0809e-05 -1.1311e-05 -1.1719e-05 -1.2001e-05 -1.2119e-05 -1.2037e-05 -1.1720e-05 -1.1142e-05 -1.0292e-05 -9.1834e-06 -7.8580e-06 -6.3910e-06 -4.8872e-06 -3.4670e-06 -2.2443e-06 -1.2988e-06 -6.5511e-07 -2.7900e-07 -9.6426e-08 -2.5730e-08 -4.9775e-09 -6.4460e-10 -5.0486e-11 -2.0997e-12 -3.9219e-14 -2.6485e-16 -4.8740e-19 -1.6868e-22 -6.7243e-27 -1.6079e-32 -9.6046e-40 -4.3782e-49 -3.0124e-61 -3.3411e-77 -2.6360e-98 -1.8079e-126 -1.9891e-164 -3.8416e-216 -1.9540e-287 -0.0000e+00 -0.0000e+00 -0.0000e+00 -0.0000e+00 -0.0000e+00 -0.0000e+00 -0.0000e+00 -0.0000e+00 -0.0000e+00 -0.0000e+00 -0.0000e+00 -0.0000e+00 -0.0000e+00 -0.0000e+00 -0.0000e+00 -0.0000e+00 -0.0000e+00 -0.0000e+00 -0.0000e+00 -0.0000e+00 -0.0000e+00
-8.2949e-10 -4.6969e-09 -1.2964e-08 -2.6673e-08 -4.6731e-08 -7.3978e-08 -1.0922e-07 -1.5325e-07 -2.0685e-07 -2.7086e-07 -3.4609e-07 -4.3343e-07 -5.3378e-07 -6.4811e-07 6.0291e-05 -9.2287e-07 -1.0855e-06 -1.2667e-06 -1.4676e-06 -1.6896e-06 -1.9343e-06 -2.2032e-06 -2.4978e-06 -2.8198e-06 -3.1710e-06 -3.5531e-06 -3.9678e-06 -4.4166e-06 -4.9010e-06 -5.4221e-06 -5.9808e-06 -6.5771e-06 -7.2105e-06 -7.8792e-06 -8.5799e-06 -9.3077e-06 -1.0055e-05 -1.0811e-05 -1.1562e-05 -1.2288e-05 -1.2967e-05 -1.3569e-05 -1.4059e-05 -1.4397e-05 -1.4540e-05 -1.4441e-05 -1.4061e-05 -1.3368e-05 -1.2350e-05 -1.1020e-05 -9.4300e-06 -7.6702e-06 -5.8660e-06 -4.1619e-06 -2.6945e-06 -1.5597e-06 -7.8684e-07 -3.3519e-07 -1.1588e-07 -3.0934e-08 -5.9873e-09 -7.7584e-10 -6.0810e-11 -2.5314e-12 -4.7337e-14 -3.2013e-16 -5.9019e-19 -2.0471e-22 -8.1840e-27 -1.9640e-32 -1.1786e-39 -5.4048e-49 -3.7474e-61 -4.1979e-77 -3.3554e-98 -2.3411e-126 -2.6345e-164 -5.2429e-216 -2.7753e-287 -0.0000e+00 -0.0000e+00 -0.0000e+00 -0.0000e+00 -0.0000e+00 -0.0000e+00 -0.0000e+00 -0.0000e+00 -0.0000e+00 -0.0000e+00 -0.0000e+00 -0.0000e+00 -0.0000e+00 -0.0000e+00 -0.0000e+00 -0.0000e+00 -0.0000e+00 -0.0000e+00 -0.0000e+00 -0.0000e+00 -0.0000e+00 -8.2949e-10 -4.6969e-09 -1.2964e-08 -2.6673e-08 -4.6731e-08 -7.3978e-08 -1.0922e-07 -1.5325e-07 -2.0685e-07 -2.7086e-07 -3.4609e-07 -4.3343e-07 -5.3378e-07 -6.4811e-07 0.0000e+00 -9.2287e-07 -1.0855e-06 -1.2667e-06 -1.4676e-06 -1.6896e-06 -1.9343e-06 -2.2032e-06 -2.4978e-06 -2.8198e-06 -3.1710e-06 -3.5531e-06 -3.9678e-06 -4.4165e-06 -4.9009e-06 -5.4221e-06 -5.9807e-06 -6.5770e-06 -7.2104e-06 -7.8791e-06 -8.5798e-06 -9.3075e-06 -1.0055e-05 -1.0811e-05 -1.1561e-05 -1.2288e-05 -1.2966e-05 -1.3568e-05 -1.4058e-05 -1.4396e-05 -1.4538e-05 -1.4439e-05 -1.4059e-05 -1.3366e-05 -1.2347e-05 -1.1017e-05 -9.4267e-06 -7.6670e-06 -5.8630e-06 -4.1593e-06 -2.6925e-06 -1.5583e-06 -7.8599e-07 -3.3475e-07 -1.1570e-07 -3.0875e-08 -5.9732e-09 -7.7363e-10 -6.0597e-11 -2.5205e-12 -4.7089e-14 -3.1807e-16 -5.8549e-19 -2.0269e-22 -8.0837e-27 -1.9340e-32 -1.1561e-39 -5.2746e-49 -3.6334e-61 -4.0360e-77 -3.1906e-98 -2.1942e-126 -2.4227e-164 -4.7018e-216 -2.4074e-287 -0.0000e+00 -0.0000e+00 -0.0000e+00 -0.0000e+00 -0.0000e+00 -0.0000e+00 -0.0000e+00 -0.0000e+00 -0.0000e+00 -0.0000e+00 -0.0000e+00 -0.0000e+00 -0.0000e+00 -0.0000e+00 -0.0000e+00 -0.0000e+00 -0.0000e+00 -0.0000e+00 -0.0000e+00 -0.0000e+00 -0.0000e+00
-9.8465e-10 -5.5754e-09 -1.5389e-08 -3.1662e-08 -5.5472e-08 -8.7815e-08 -1.2965e-07 -1.8191e-07 -2.4555e-07 -3.2152e-07 -4.1083e-07 -5.1450e-07 -6.3362e-07 -7.6934e-07 -9.2287e-07 9.0182e-05 -1.2886e-06 -1.5036e-06 -1.7421e-06 -2.0057e-06 -2.2961e-06 -2.6153e-06 -2.9650e-06 -3.3473e-06 -3.7642e-06 -4.2178e-06 -4.7100e-06 -5.2427e-06 -5.8177e-06 -6.4363e-06 -7.0995e-06 -7.8074e-06 -8.5593e-06 -9.3531e-06 -1.0185e-05 -1.1049e-05 -1.1936e-05 -1.2833e-05 -1.3725e-05 -1.4587e-05 -1.5393e-05 -1.6108e-05 -1.6690e-05 -1.7091e-05 -1.7261e-05 -1.7144e-05 -1.6694e-05 -1.5871e-05 -1.4662e-05 -1.3084e-05 -1.1197e-05 -9.1078e-06 -6.9659e-06 -4.9427e-06 -3.2003e-06 -1.8526e-06 -9.3478e-07 -3.9828e-07 -1.3772e-07 -3.6773e-08 -7.1196e-09 -9.2293e-10 -7.2372e-11 -3.0144e-12 -5.6411e-14 -3.8184e-16 -7.0475e-19 -2.4479e-22 -9.8039e-27 -2.3581e-32 -1.4192e-39 -6.5318e-49 -4.5501e-61 -5.1282e-77 -4.1312e-98 -2.9118e-126 -3.3202e-164 -6.7214e-216 -3.6375e-287 -0.0000e+00 -0.0000e+00 -0.0000e+00 -0.0000e+00 -0.0000e+00 -0.0000e+00 -0.0000e+00 -0.0000e+00 -0.0000e+00 -0.0000e+00 -0.0000e+00 -0.0000e+00 -0.0000e+00 -0.0000e+00 -0.0000e+00 -0.0000e+00 -0.0000e+00 -0.0000e+00 -0.0000e+00 -0.0000e+00 -0.0000e+00 -9.8465e-10 -5.5754e-09 -1.5389e-08 -3.1662e-08 -5.5472e-08 -8.7815e-08 -1.2965e-07 -1.8191e-07 -2.4555e-07 -3.2152e-07 -4.1083e-07 -5.1450e-07 -6.3362e-07 -7.6934e-07 -9.2287e-07 0.0000e+00 -1.2886e-06 -1.5036e-06 -1.7421e-06 -2.0057e-06 -2.2961e-06 -2.6153e-06 -2.9650e-06 -3.3473e-06 -3.7642e-06 -4.2177e-06 -4.7099e-06 -5.2427e-06 -5.8177e-06 -6.4363e-06 -7.0994e-06 -7.8073e-06 -8.5592e-06 -9.3529e-06 -1.0185e-05 -1.1049e-05 -1.1935e-05 -1.2833e-05 -1.3724e-05 -1.4586e-05 -1.5392e-05 -1.6106e-05 -1.6688e-05 -1.7089e-05 -1.7258e-05 -1.7141e-05 -1.6689e-05 -1.5866e-05 -1.4657e-05 -1.3078e-05 -1.1191e-05 -9.1021e-06 -6.9606e-06 -4.9381e-06 -3.1968e-06 -1.8502e-06 -9.3326e-07 -3.9750e-07 -1.3740e-07 -3.6667e-08 -7.0947e-09 -9.1899e-10 -7.1995e-11 -2.9952e-12 -5.5970e-14 -3.7817e-16 -6.9639e-19 -2.4120e-22 -9.6253e-27 -2.3046e-32 -1.3790e-39 -6.2996e-49 -4.3466e-61 -4.8387e-77 -3.8361e-98 -2.6481e-126 -2.9387e-164 -5.7421e-216 -2.9674e-287 -0.0000e+00 -0.0000e+00 -0.0000e+00 -0.0000e+00 -0.0000e+00 -0.0000e+00 -0.0000e+00 -0.0000e+00 -0.0000e+00 -0.0000e+00 -0.0000e+00 -0.0000e+00 -0.0000e+00 -0.0000e+00 -0.0000e+00 -0.0000e+00 -0.0000e+00 -0.0000e+00 -0.0000e+00 -0.0000e+00 -0.0000e+00
