1.0233e-08 -7.0711e-09 -1.2990e-08 -2.0000e-08 -2.7950e-08 -3.6740e-08 -4.6296e-08 -5.6559e-08 -6.7482e-08 -7.9025e-08 -9.1154e-08 -1.0384e-07 -1.1705e-07 -1.3076e-07 -1.4494e-07 -1.5958e-07 -1.7465e-07 -1.9012e-07 -2.0597e-07 -2.2218e-07 -2.3872e-07 -2.5557e-07 -2.7269e-07 -2.9006e-07 -3.0766e-07 -3.2543e-07 -3.4336e-07 -3.6141e-07 -3.7953e-07 -3.9770e-07 -4.1585e-07 -4.3396e-07 -4.5197e-07 -4.6983e-07 -4.8750e-07 -5.0491e-07 -5.2202e-07 -5.3876e-07 -5.5507e-07 -5.7090e-07 -5.8617e-07 -6.0084e-07 -6.1483e-07 -6.2807e-07 -6.4051e-07 -6.5207e-07 -6.6270e-07 -6.7233e-07 -6.8091e-07 -6.8837e-07 -6.9466e-07 -6.9973e-07 -7.0353e-07 -7.0602e-07 -7.0717e-07 -7.0693e-07 -7.0530e-07 -7.0225e-07 -6.9778e-07 -6.9188e-07 -6.8455e-07 -6.7583e-07 -6.6572e-07 -6.5427e-07 -6.4152e-07 -6.2752e-07 -6.1234e-07 -5.9603e-07 -5.7869e-07 -5.6039e-07 -5.4123e-07 -5.2131e-07 -5.0072e-07 -4.7959e-07 -4.5801e-07 -4.3611e-07 -4.1400e-07 -3.9180e-07 -3.6961e-07 -3.4756e-07 -3.2574e-07 -3.0426e-07 -2.8322e-07 -2.6270e-07 -2.4280e-07 -2.2358e-07 -2.0511e-07 -1.8745e-07 -1.7064e-07 -1.5472e-07 -1.3971e-07 -1.2564e-07 -1.1250e-07 -1.0031e-07 -8.9040e-08 -7.8683e-08 -6.9213e-08 -6.0598e-08 -5.2804e-08 -4.5789e-08 0.0000e+00 7.0711e-09 1.2990e-08 2.0000e-08 2.7950e-08 3.6740e-08 4.6296e-08 5.6559e-08 6.7482e-08 7.9025e-08 9.1154e-08 1.0384e-07 1.1705e-07 1.3076e-07 1.4494e-07 1.5958e-07 1.7465e-07 1.9012e-07 2.0597e-07 2.2218e-07 2.3872e-07 2.5557e-07 2.7269e-07 2.9006e-07 3.0766e-07 3.2543e-07 3.4336e-07 3.6141e-07 3.7953e-07 3.9770e-07 4.1585e-07 4.3396e-07 4.5197e-07 4.6983e-07 4.8750e-07 5.0491e-07 5.2202e-07 5.3876e-07 5.5507e-07 5.7090e-07 5.8617e-07 6.0084e-07 6.1483e-07 6.2807e-07 6.4051e-07 6.5207e-07 6.6270e-07 6.7233e-07 6.8091e-07 6.8837e-07 6.9466e-07 6.9973e-07 7.0353e-07 7.0602e-07 7.0717e-07 7.0693e-07 7.0530e-07 7.0225e-07 6.9778e-07 6.9188e-07 6.8455e-07 6.7583e-07 6.6572e-07 6.5427e-07 6.4152e-07 6.2752e-07 6.1234e-07 5.9603e-07 5.7869e-07 5.6039e-07 5.4123e-07 5.2131e-07 5.0072e-07 4.7959e-07 4.5801e-07 4.3611e-07 4.1400e-07 3.9180e-07 3.6961e-07 3.4756e-07 3.2574e-07 3.0426e-07 2.8322e-07 2.6270e-07 2.4280e-07 2.2358e-07 2.0511e-07 1.8745e-07 1.7064e-07 1.5472e-07 1.3971e-07 1.2564e-07 1.1250e-07 1.0031e-07 8.9040e-08 7.8683e-08 6.9213e-08 6.0598e-08 5.2804e-08 4.5789e-08
-7.0711e-09 1.6319e-07 -3.6742e-08 -5.6568e-08 -7.9055e-08 -1.0392e-07 -1.3095e-07 -1.5997e-07 -1.9087e-07 -2.2352e-07 -2.5782e-07 -2.9369e-07 -3.3106e-07 -3.6984e-07 -4.0996e-07 -4.5136e-07 -4.9398e-07 -5.3774e-07 -5.8257e-07 -6.2842e-07 -6.7520e-07 -7.2285e-07 -7.7129e-07 -8.2042e-07 -8.7018e-07 -9.2046e-07 -9.7118e-07 -1.0222e-06 -1.0735e-06 -1.1249e-06 -1.1762e-06 -1.2274e-06 -1.2784e-06 -1.3289e-06 -1.3789e-06 -1.4281e-06 -1.4765e-06 -1.5238e-06 -1.5700e-06 -1.6147e-06 -1.6580e-06 -1.6994e-06 -1.7390e-06 -1.7764e-06 -1.8116e-06 -1.8443e-06 -1.8744e-06 -1.9016e-06 -1.9259e-06 -1.9470e-06 -1.9648e-06 -1.9791e-06 -1.9899e-06 -1.9969e-06 -2.0002e-06 -1.9995e-06 -1.9949e-06 -1.9863e-06 -1.9736e-06 -1.9569e-06 -1.9362e-06 -1.9115e-06 -1.8830e-06 -1.8506e-06 -1.8145e-06 -1.7749e-06 -1.7320e-06 -1.6858e-06 -1.6368e-06 -1.5850e-06 -1.5308e-06 -1.4745e-06 -1.4163e-06 -1.3565e-06 -1.2955e-06 -1.2335e-06 -1.1710e-06 -1.1082e-06 -1.0454e-06 -9.8304e-07 -9.2133e-07 -8.6058e-07 -8.0106e-07 -7.4304e-07 -6.8675e-07 -6.3239e-07 -5.8015e-07 -5.3019e-07 -4.8264e-07 -4.3761e-07 -3.9517e-07 -3.5536e-07 -3.1821e-07 -2.8371e-07 -2.5184e-07 -2.2255e-07 -1.9576e-07 -1.7140e-07 -1.4935e-07 -1.2951e-07 7.0711e-09 0.0000e+00 3.6742e-08 5.6568e-08 7.9055e-08 1.0392e-07 1.3095e-07 1.5997e-07 1.9087e-07 2.2352e-07 2.5782e-07 2.9369e-07 3.3106e-07 3.6984e-07 4.0996e-07 4.5136e-07 4.9398e-07 5.3774e-07 5.8257e-07 6.2842e-07 6.7520e-07 7.2285e-07 7.7129e-07 8.2042e-07 8.7018e-07 9.2046e-07 9.7118e-07 1.0222e-06 1.0735e-06 1.1249e-06 1.1762e-06 1.2274e-06 1.2784e-06 1.3289e-06 1.3789e-06 1.4281e-06 1.4765e-06 1.5238e-06 1.5700e-06 1.6147e-06 1.6580e-06 1.6994e-06 1.7390e-06 1.7764e-06 1.8116e-06 1.8443e-06 1.8744e-06 1.9016e-06 1.9259e-06 1.9470e-06 1.9648e-06 1.9791e-06 1.9899e-06 1.9969e-06 2.0002e-06 1.9995e-06 1.9949e-06 1.9863e-06 1.9736e-06 1.9569e-06 1.9362e-06 1.9115e-06 1.8829e-06 1.8506e-06 1.8145e-06 1.7749e-06 1.7320e-06 1.6858e-06 1.6368e-06 1.5850e-06 1.5308e-06 1.4745e-06 1.4163e-06 1.3565e-06 1.2955e-06 1.2335e-06 1.1710e-06 1.1082e-06 1.0454e-06 9.8304e-07 9.2133e-07 8.6058e-07 8.0106e-07 7.4304e-07 6.8674e-07 6.3239e-07 5.8015e-07 5.3019e-07 4.8264e-07 4.3761e-07 3.9516e-07 3.5536e-07 3.1821e-07 2.8371e-07 2.5184e-07 2.2255e-07 1.9576e-07 1.7140e-07 1.4935e-07 1.2951e-07
-1.2990e-08 -3.6742e-08 8.2611e-07 -1.0392e-07 -1.4523e-07 -1.9091e-07 -2.4056e-07 -2.9389e-07 -3.5065e-07 -4.1063e-07 -4.7365e-07 -5.3955e-07 -6.0819e-07 -6.7943e-07 -7.5314e-07 -8.2921e-07 -9.0749e-07 -9.8788e-07 -1.0703e-06 -1.1545e-06 -1.2404e-06 -1.3280e-06 -1.4169e-06 -1.5072e-06 -1.5986e-06 -1.6910e-06 -1.7842e-06 -1.8779e-06 -1.9721e-06 -2.0665e-06 -2.1608e-06 -2.2549e-06 -2.3485e-06 -2.4413e-06 -2.5331e-06 -2.6236e-06 -2.7125e-06 -2.7995e-06 -2.8842e-06 -2.9665e-06 -3.0458e-06 -3.1220e-06 -3.1947e-06 -3.2635e-06 -3.3282e-06 -3.3883e-06 -3.4435e-06 -3.4935e-06 -3.5381e-06 -3.5769e-06 -3.6095e-06 -3.6359e-06 -3.6556e-06 -3.6686e-06 -3.6745e-06 -3.6733e-06 -3.6649e-06 -3.6490e-06 -3.6258e-06 -3.5951e-06 -3.5570e-06 -3.5117e-06 -3.4592e-06 -3.3997e-06 -3.3335e-06 -3.2607e-06 -3.1818e-06 -3.0971e-06 -3.0070e-06 -2.9119e-06 -2.8123e-06 -2.7088e-06 -2.6018e-06 -2.4920e-06 -2.3799e-06 -2.2661e-06 -2.1512e-06 -2.0359e-06 -1.9206e-06 -1.8060e-06 -1.6926e-06 -1.5810e-06 -1.4717e-06 -1.3651e-06 -1.2616e-06 -1.1618e-06 -1.0658e-06 -9.7403e-07 -8.8668e-07 -8.0395e-07 -7.2597e-07 -6.5284e-07 -5.8459e-07 -5.2122e-07 -4.6267e-07 -4.0886e-07 -3.5965e-07 -3.1489e-07 -2.7438e-07 -2.3793e-07 1.2990e-08 3.6742e-08 0.0000e+00 1.0392e-07 1.4523e-07 1.9091e-07 2.4056e-07 2.9389e-07 3.5065e-07 4.1063e-07 4.7365e-07 5.3955e-07 6.0819e-07 6.7943e-07 7.5314e-07 8.2921e-07 9.0749e-07 9.8788e-07 1.0703e-06 1.1545e-06 1.2404e-06 1.3280e-06 1.4169e-06 1.5072e-06 1.5986e-06 1.6910e-06 1.7842e-06 1.8779e-06 1.9721e-06 2.0665e-06 2.1608e-06 2.2549e-06 2.3485e-06 2.4413e-06 2.5331e-06 2.6236e-06 2.7125e-06 2.7995e-06 2.8842e-06 2.9665e-06 3.0458e-06 3.1220e-06 3.1947e-06 3.2635e-06 3.3282e-06 3.3883e-06 3.4435e-06 3.4935e-06 3.5381e-06 3.5769e-06 3.6095e-06 3.6359e-06 3.6556e-06 3.6686e-06 3.6745e-06 3.6733e-06 3.6649e-06 3.6490e-06 3.6258e-06 3.5951e-06 3.5570e-06 3.5117e-06 3.4592e-06 3.3997e-06 3.3334e-06 3.2607e-06 3.1818e-06 3.0971e-06 3.0069e-06 2.9119e-06 2.8123e-06 2.7088e-06 2.6018e-06 2.4920e-06 2.3799e-06 2.2661e-06 2.1512e-06 2.0358e-06 1.9206e-06 1.8060e-06 1.6926e-06 1.5810e-06 1.4716e-06 1.3650e-06 1.2616e-06 1.1618e-06 1.0658e-06 9.7402e-07 8.8667e-07 8.0394e-07 7.2596e-07 6.5283e-07 5.8458e-07 5.2121e-07 4.6266e-07 4.0885e-07 3.5964e-07 3.1488e-07 2.7438e-07 2.3793e-07
-2.0000e-08 -5.6568e-08 -1.0392e-07 2.6109e-06 -2.2360e-07 -2.9392e-07 -3.7037e-07 -4.5247e-07 -5.3985e-07 -6.3220e-07 -7.2922e-07 -8.3069e-07 -9.3636e-07 -1.0460e-06 -1.1595e-06 -1.2766e-06 -1.3972e-06 -1.5209e-06 -1.6478e-06 -1.7774e-06 -1.9097e-06 -2.0445e-06 -2.1815e-06 -2.3205e-06 -2.4612e-06 -2.6034e-06 -2.7469e-06 -2.8912e-06 -3.0362e-06 -3.1815e-06 -3.3268e-06 -3.4716e-06 -3.6157e-06 -3.7586e-06 -3.9000e-06 -4.0393e-06 -4.1761e-06 -4.3100e-06 -4.4405e-06 -4.5671e-06 -4.6894e-06 -4.8067e-06 -4.9186e-06 -5.0245e-06 -5.1240e-06 -5.2165e-06 -5.3016e-06 -5.3786e-06 -5.4472e-06 -5.5069e-06 -5.5572e-06 -5.5978e-06 -5.6282e-06 -5.6481e-06 -5.6573e-06 -5.6555e-06 -5.6424e-06 -5.6180e-06 -5.5822e-06 -5.5350e-06 -5.4764e-06 -5.4066e-06 -5.3258e-06 -5.2342e-06 -5.1322e-06 -5.0202e-06 -4.8987e-06 -4.7683e-06 -4.6296e-06 -4.4832e-06 -4.3299e-06 -4.1705e-06 -4.0058e-06 -3.8368e-06 -3.6642e-06 -3.4890e-06 -3.3121e-06 -3.1345e-06 -2.9570e-06 -2.7805e-06 -2.6060e-06 -2.4341e-06 -2.2658e-06 -2.1017e-06 -1.9425e-06 -1.7887e-06 -1.6410e-06 -1.4997e-06 -1.3652e-06 -1.2378e-06 -1.1177e-06 -1.0051e-06 -9.0007e-07 -8.0250e-07 -7.1236e-07 -6.2950e-07 -5.5374e-07 -4.8482e-07 -4.2246e-07 -3.6634e-07 2.0000e-08 5.6568e-08 1.0392e-07 0.0000e+00 2.2360e-07 2.9392e-07 3.7037e-07 4.5247e-07 5.3985e-07 6.3220e-07 7.2922e-07 8.3069e-07 9.3636e-07 1.0460e-06 1.1595e-06 1.2766e-06 1.3972e-06 1.5209e-06 1.6478e-06 1.7774e-06 1.9097e-06 2.0445e-06 2.1815e-06 2.3205e-06 2.4612e-06 2.6034e-06 2.7469e-06 2.8912e-06 3.0362e-06 3.1815e-06 3.3268e-06 3.4716e-06 3.6157e-06 3.7586e-06 3.9000e-06 4.0393e-06 4.1761e-06 4.3100e-06 4.4405e-06 4.5671e-06 4.6894e-06 4.8067e-06 4.9186e-06 5.0245e-06 5.1240e-06 5.2165e-06 5.3016e-06 5.3786e-06 5.4472e-06 5.5069e-06 5.5572e-06 5.5978e-06 5.6282e-06 5.6481e-06 5.6573e-06 5.6554e-06 5.6424e-06 5.6180e-06 5.5822e-06 5.5350e-06 5.4764e-06 5.4066e-06 5.3257e-06 5.2341e-06 5.1321e-06 5.0201e-06 4.8987e-06 4.7682e-06 4.6295e-06 4.4831e-06 4.3298e-06 4.1704e-06 4.0057e-06 3.8367e-06 3.6641e-06 3.4889e-06 3.3120e-06 3.1344e-06 2.9569e-06 2.7804e-06 2.6059e-06 2.4341e-06 2.2657e-06 2.1016e-06 1.9424e-06 1.7886e-06 1.6409e-06 1.4996e-06 1.3651e-06 1.2377e-06 1.1177e-06 1.0051e-06 9.0002e-07 8.0245e-07 7.1231e-07 6.2946e-07 5.5370e-07 4.8478e-07 4.2243e-07 3.6631e-07
-2.7950e-08 -7.9055e-08 -1.4523e-07 -2.2360e-07 6.3743e-06 -4.1076e-07 -5.1759e-07 -6.3234e-07 -7.5446e-07 -8.8351e-07 -1.0191e-06 -1.1609e-06 -1.3086e-06 -1.4619e-06 -1.6205e-06 -1.7841e-06 -1.9526e-06 -2.1255e-06 -2.3028e-06 -2.4840e-06 -2.6689e-06 -2.8573e-06 -3.0487e-06 -3.2429e-06 -3.4396e-06 -3.6384e-06 -3.8388e-06 -4.0406e-06 -4.2432e-06 -4.4463e-06 -4.6493e-06 -4.8517e-06 -5.0531e-06 -5.2528e-06 -5.4503e-06 -5.6450e-06 -5.8362e-06 -6.0234e-06 -6.2058e-06 -6.3827e-06 -6.5535e-06 -6.7175e-06 -6.8738e-06 -7.0219e-06 -7.1610e-06 -7.2903e-06 -7.4091e-06 -7.5168e-06 -7.6127e-06 -7.6961e-06 -7.7664e-06 -7.8231e-06 -7.8656e-06 -7.8935e-06 -7.9063e-06 -7.9037e-06 -7.8855e-06 -7.8514e-06 -7.8014e-06 -7.7354e-06 -7.6536e-06 -7.5560e-06 -7.4431e-06 -7.3151e-06 -7.1725e-06 -7.0160e-06 -6.8463e-06 -6.6640e-06 -6.4701e-06 -6.2655e-06 -6.0513e-06 -5.8285e-06 -5.5984e-06 -5.3621e-06 -5.1209e-06 -4.8761e-06 -4.6289e-06 -4.3807e-06 -4.1326e-06 -3.8860e-06 -3.6421e-06 -3.4020e-06 -3.1667e-06 -2.9373e-06 -2.7148e-06 -2.4999e-06 -2.2934e-06 -2.0960e-06 -1.9080e-06 -1.7300e-06 -1.5622e-06 -1.4048e-06 -1.2580e-06 -1.1216e-06 -9.9563e-07 -8.7983e-07 -7.7394e-07 -6.7762e-07 -5.9047e-07 -5.1203e-07 2.7950e-08 7.9055e-08 1.4523e-07 2.2360e-07 0.0000e+00 4.1076e-07 5.1759e-07 6.3234e-07 7.5446e-07 8.8351e-07 1.0191e-06 1.1609e-06 1.3086e-06 1.4619e-06 1.6205e-06 1.7841e-06 1.9526e-06 2.1255e-06 2.3028e-06 2.4840e-06 2.6689e-06 2.8573e-06 3.0487e-06 3.2429e-06 3.4396e-06 3.6384e-06 3.8388e-06 4.0406e-06 4.2432e-06 4.4463e-06 4.6493e-06 4.8517e-06 5.0530e-06 5.2528e-06 5.4503e-06 5.6449e-06 5.8362e-06 6.0233e-06 6.2057e-06 6.3827e-06 6.5535e-06 6.7174e-06 6.8738e-06 7.0219e-06 7.1609e-06 7.2902e-06 7.4090e-06 7.5167e-06 7.6126e-06 7.6960e-06 7.7663e-06 7.8230e-06 7.8655e-06 7.8934e-06 7.9062e-06 7.9036e-06 7.8853e-06 7.8512e-06 7.8012e-06 7.7352e-06 7.6534e-06 7.5558e-06 7.4428e-06 7.3148e-06 7.1723e-06 7.0158e-06 6.8460e-06 6.6637e-06 6.4698e-06 6.2652e-06 6.0510e-06 5.8282e-06 5.5981e-06 5.3618e-06 5.1206e-06 4.8758e-06 4.6286e-06 4.3803e-06 4.1323e-06 3.8857e-06 3.6418e-06 3.4016e-06 3.1664e-06 2.9371e-06 2.7145e-06 2.4997e-06 2.2932e-06 2.0957e-06 1.9078e-06 1.7298e-06 1.5620e-06 1.4046e-06 1.2578e-06 1.1214e-06 9.9547e-07 8.7968e-07 7.7380e-07 6.7749e-07 5.9035e-07 5.1192e-07
-3.6740e-08 -1.0392e-07 -1.9091e-07 -2.9392e-07 -4.1076e-07 1.3218e-05 -6.8038e-07 -8.3121e-07 -9.9173e-07 -1.1614e-06 -1.3396e-06 -1.5260e-06 -1.7201e-06 -1.9216e-06 -2.1301e-06 -2.3452e-06 -2.5667e-06 -2.7940e-06 -3.0270e-06 -3.2652e-06 -3.5083e-06 -3.7559e-06 -4.0075e-06 -4.2628e-06 -4.5214e-06 -4.7826e-06 -5.0461e-06 -5.3113e-06 -5.5777e-06 -5.8446e-06 -6.1115e-06 -6.3776e-06 -6.6423e-06 -6.9048e-06 -7.1644e-06 -7.4203e-06 -7.6717e-06 -7.9177e-06 -8.1575e-06 -8.3901e-06 -8.6146e-06 -8.8302e-06 -9.0357e-06 -9.2304e-06 -9.4132e-06 -9.5831e-06 -9.7394e-06 -9.8810e-06 -1.0007e-05 -1.0117e-05 -1.0209e-05 -1.0284e-05 -1.0340e-05 -1.0376e-05 -1.0393e-05 -1.0390e-05 -1.0366e-05 -1.0321e-05 -1.0255e-05 -1.0168e-05 -1.0061e-05 -9.9327e-06 -9.7842e-06 -9.6160e-06 -9.4286e-06 -9.2229e-06 -8.9998e-06 -8.7602e-06 -8.5053e-06 -8.2364e-06 -7.9548e-06 -7.6620e-06 -7.3596e-06 -7.0490e-06 -6.7319e-06 -6.4101e-06 -6.0852e-06 -5.7588e-06 -5.4328e-06 -5.1086e-06 -4.7880e-06 -4.4723e-06 -4.1630e-06 -3.8616e-06 -3.5690e-06 -3.2865e-06 -3.0151e-06 -2.7555e-06 -2.5084e-06 -2.2744e-06 -2.0538e-06 -1.8469e-06 -1.6539e-06 -1.4746e-06 -1.3090e-06 -1.1567e-06 -1.0175e-06 -8.9091e-07 -7.7633e-07 -6.7320e-07 3.6740e-08 1.0392e-07 1.9091e-07 2.9392e-07 4.1076e-07 0.0000e+00 6.8038e-07 8.3121e-07 9.9173e-07 1.1614e-06 1.3396e-06 1.5260e-06 1.7201e-06 1.9216e-06 2.1301e-06 2.3452e-06 2.5667e-06 2.7940e-06 3.0270e-06 3.2652e-06 3.5083e-06 3.7559e-06 4.0075e-06 4.2628e-06 4.5214e-06 4.7826e-06 5.0461e-06 5.3113e-06 5.5777e-06 5.8446e-06 6.1114e-06 6.3775e-06 6.6422e-06 6.9048e-06 7.1644e-06 7.4203e-06 7.6717e-06 7.9177e-06 8.1574e-06 8.3900e-06 8.6145e-06 8.8300e-06 9.0356e-06 9.2302e-06 9.4130e-06 9.5830e-06 9.7392e-06 9.8807e-06 1.0007e-05 1.0116e-05 1.0209e-05 1.0283e-05 1.0339e-05 1.0376e-05 1.0393e-05 1.0389e-05 1.0365e-05 1.0320e-05 1.0255e-05 1.0168e-05 1.0060e-05 9.9321e-06 9.7836e-06 9.6153e-06 9.4280e-06 9.2222e-06 8.9990e-06 8.7594e-06 8.5045e-06 8.2356e-06 7.9540e-06 7.6612e-06 7.3587e-06 7.0481e-06 6.7310e-06 6.4092e-06 6.0843e-06 5.7580e-06 5.4319e-06 5.1078e-06 4.7871e-06 4.4715e-06 4.1622e-06 3.8608e-06 3.5682e-06 3.2858e-06 3.0144e-06 2.7548e-06 2.5078e-06 2.2738e-06 2.0532e-06 1.8464e-06 1.6534e-06 1.4741e-06 1.3085e-06 1.1563e-06 1.0172e-06 8.9057e-07 7.7602e-07 6.7292e-07
-4.6296e-08 -1.3095e-07 -2.4056e-07 -3.7037e-07 -5.1759e-07 -6.8038e-07 2.4488e-05 -1.0474e-06 -1.2497e-06 -1.4634e-06 -1.6880e-06 -1.9229e-06 -2.1675e-06 -2.4214e-06 -2.6841e-06 -2.9552e-06 -3.2342e-06 -3.5207e-06 -3.8143e-06 -4.1144e-06 -4.4208e-06 -4.7327e-06 -5.0498e-06 -5.3716e-06 -5.6973e-06 -6.0265e-06 -6.3586e-06 -6.6928e-06 -7.0284e-06 -7.3648e-06 -7.7010e-06 -8.0363e-06 -8.3699e-06 -8.7007e-06 -9.0278e-06 -9.3503e-06 -9.6671e-06 -9.9771e-06 -1.0279e-05 -1.0572e-05 -1.0855e-05 -1.1127e-05 -1.1386e-05 -1.1631e-05 -1.1862e-05 -1.2076e-05 -1.2273e-05 -1.2451e-05 -1.2610e-05 -1.2748e-05 -1.2865e-05 -1.2959e-05 -1.3029e-05 -1.3075e-05 -1.3097e-05 -1.3092e-05 -1.3062e-05 -1.3006e-05 -1.2923e-05 -1.2814e-05 -1.2678e-05 -1.2517e-05 -1.2330e-05 -1.2118e-05 -1.1882e-05 -1.1623e-05 -1.1341e-05 -1.1039e-05 -1.0718e-05 -1.0379e-05 -1.0025e-05 -9.6558e-06 -9.2746e-06 -8.8833e-06 -8.4838e-06 -8.0782e-06 -7.6688e-06 -7.2576e-06 -6.8467e-06 -6.4383e-06 -6.0342e-06 -5.6364e-06 -5.2467e-06 -4.8668e-06 -4.4981e-06 -4.1421e-06 -3.8001e-06 -3.4729e-06 -3.1615e-06 -2.8666e-06 -2.5886e-06 -2.3279e-06 -2.0846e-06 -1.8587e-06 -1.6499e-06 -1.4580e-06 -1.2826e-06 -1.1230e-06 -9.7857e-07 -8.4860e-07 4.6296e-08 1.3095e-07 2.4056e-07 3.7037e-07 5.1759e-07 6.8038e-07 0.0000e+00 1.0474e-06 1.2497e-06 1.4634e-06 1.6880e-06 1.9229e-06 2.1675e-06 2.4214e-06 2.6841e-06 2.9552e-06 3.2342e-06 3.5207e-06 3.8143e-06 4.1144e-06 4.4207e-06 4.7327e-06 5.0498e-06 5.3715e-06 5.6973e-06 6.0265e-06 6.3586e-06 6.6928e-06 7.0284e-06 7.3647e-06 7.7010e-06 8.0363e-06 8.3698e-06 8.7006e-06 9.0277e-06 9.3502e-06 9.6670e-06 9.9770e-06 1.0279e-05 1.0572e-05 1.0855e-05 1.1127e-05 1.1386e-05 1.1631e-05 1.1861e-05 1.2075e-05 1.2272e-05 1.2451e-05 1.2609e-05 1.2748e-05 1.2864e-05 1.2958e-05 1.3028e-05 1.3074e-05 1.3096e-05 1.3091e-05 1.3061e-05 1.3005e-05 1.2922e-05 1.2813e-05 1.2677e-05 1.2515e-05 1.2328e-05 1.2116e-05 1.1880e-05 1.1621e-05 1.1340e-05 1.1038e-05 1.0716e-05 1.0378e-05 1.0023e-05 9.6538e-06 9.2726e-06 8.8812e-06 8.4817e-06 8.0762e-06 7.6667e-06 7.2555e-06 6.8447e-06 6.4362e-06 6.0322e-06 5.6344e-06 5.2448e-06 4.8649e-06 4.4963e-06 4.1404e-06 3.7984e-06 3.4713e-06 3.1600e-06 2.8651e-06 2.5872e-06 2.3266e-06 2.0834e-06 1.8575e-06 1.6489e-06 1.4571e-06 1.2817e-06 1.1222e-06 9.7785e-07 8.4794e-07
-5.6559e-08 -1.5997e-07 -2.9389e-07 -4.5247e-07 -6.3234e-07 -8.3121e-07 -1.0474e-06 4.1775e-05 -1.5267e-06 -1.7878e-06 -2.0622e-06 -2.3492e-06 -2.6480e-06 -2.9582e-06 -3.2792e-06 -3.6103e-06 -3.9512e-06 -4.3012e-06 -4.6598e-06 -5.0266e-06 -5.4008e-06 -5.7819e-06 -6.1693e-06 -6.5623e-06 -6.9603e-06 -7.3625e-06 -7.7682e-06 -8.1765e-06 -8.5865e-06 -8.9974e-06 -9.4082e-06 -9.8179e-06 -1.0225e-05 -1.0630e-05 -1.1029e-05 -1.1423e-05 -1.1810e-05 -1.2189e-05 -1.2558e-05 -1.2916e-05 -1.3262e-05 -1.3594e-05 -1.3910e-05 -1.4210e-05 -1.4491e-05 -1.4753e-05 -1.4994e-05 -1.5212e-05 -1.5406e-05 -1.5575e-05 -1.5717e-05 -1.5832e-05 -1.5918e-05 -1.5975e-05 -1.6001e-05 -1.5996e-05 -1.5959e-05 -1.5890e-05 -1.5789e-05 -1.5655e-05 -1.5490e-05 -1.5293e-05 -1.5064e-05 -1.4805e-05 -1.4517e-05 -1.4200e-05 -1.3857e-05 -1.3488e-05 -1.3096e-05 -1.2682e-05 -1.2249e-05 -1.1798e-05 -1.1332e-05 -1.0854e-05 -1.0366e-05 -9.8708e-06 -9.3706e-06 -8.8683e-06 -8.3663e-06 -7.8673e-06 -7.3736e-06 -6.8876e-06 -6.4114e-06 -5.9472e-06 -5.4968e-06 -5.0619e-06 -4.6439e-06 -4.2442e-06 -3.8637e-06 -3.5033e-06 -3.1636e-06 -2.8451e-06 -2.5477e-06 -2.2716e-06 -2.0166e-06 -1.7821e-06 -1.5677e-06 -1.3726e-06 -1.1961e-06 -1.0373e-06 5.6559e-08 1.5997e-07 2.9389e-07 4.5247e-07 6.3234e-07 8.3121e-07 1.0474e-06 0.0000e+00 1.5267e-06 1.7878e-06 2.0622e-06 2.3492e-06 2.6480e-06 2.9582e-06 3.2791e-06 3.6103e-06 3.9512e-06 4.3012e-06 4.6598e-06 5.0265e-06 5.4008e-06 5.7819e-06 6.1693e-06 6.5623e-06 6.9603e-06 7.3625e-06 7.7681e-06 8.1764e-06 8.5865e-06 8.9973e-06 9.4081e-06 9.8178e-06 1.0225e-05 1.0629e-05 1.1029e-05 1.1423e-05 1.1810e-05 1.2189e-05 1.2558e-05 1.2916e-05 1.3261e-05 1.3593e-05 1.3910e-05 1.4209e-05 1.4491e-05 1.4752e-05 1.4993e-05 1.5211e-05 1.5405e-05 1.5573e-05 1.5716e-05 1.5830e-05 1.5916e-05 1.5973e-05 1.5999e-05 1.5993e-05 1.5957e-05 1.5888e-05 1.5786e-05 1.5653e-05 1.5487e-05 1.5290e-05 1.5061e-05 1.4802e-05 1.4514e-05 1.4197e-05 1.3853e-05 1.3484e-05 1.3092e-05 1.2678e-05 1.2245e-05 1.1794e-05 1.1328e-05 1.0850e-05 1.0362e-05 9.8665e-06 9.3663e-06 8.8640e-06 8.3620e-06 7.8630e-06 7.3694e-06 6.8835e-06 6.4075e-06 5.9434e-06 5.4931e-06 5.0583e-06 4.6404e-06 4.2408e-06 3.8605e-06 3.5003e-06 3.1608e-06 2.8424e-06 2.5452e-06 2.2693e-06 2.0144e-06 1.7801e-06 1.5659e-06 1.3710e-06 1.1946e-06 1.0359e-06
-6.7482e-08 -1.9087e-07 -3.5065e-07 -5.3985e-07 -7.5446e-07 -9.9173e-07 -1.2497e-06 -1.5267e-06 6.6915e-05 -2.1331e-06 -2.4605e-06 -2.8029e-06 -3.1594e-06 -3.5295e-06 -3.9124e-06 -4.3076e-06 -4.7143e-06 -5.1319e-06 -5.5598e-06 -5.9973e-06 -6.4438e-06 -6.8985e-06 -7.3608e-06 -7.8297e-06 -8.3046e-06 -8.7845e-06 -9.2685e-06 -9.7556e-06 -1.0245e-05 -1.0735e-05 -1.1225e-05 -1.1714e-05 -1.2200e-05 -1.2683e-05 -1.3159e-05 -1.3630e-05 -1.4091e-05 -1.4543e-05 -1.4984e-05 -1.5411e-05 -1.5824e-05 -1.6219e-05 -1.6597e-05 -1.6955e-05 -1.7291e-05 -1.7603e-05 -1.7890e-05 -1.8150e-05 -1.8382e-05 -1.8584e-05 -1.8754e-05 -1.8891e-05 -1.8993e-05 -1.9061e-05 -1.9092e-05 -1.9086e-05 -1.9042e-05 -1.8960e-05 -1.8840e-05 -1.8681e-05 -1.8483e-05 -1.8248e-05 -1.7976e-05 -1.7667e-05 -1.7323e-05 -1.6945e-05 -1.6536e-05 -1.6096e-05 -1.5628e-05 -1.5134e-05 -1.4617e-05 -1.4079e-05 -1.3524e-05 -1.2954e-05 -1.2371e-05 -1.1780e-05 -1.1183e-05 -1.0584e-05 -9.9851e-06 -9.3897e-06 -8.8006e-06 -8.2207e-06 -7.6525e-06 -7.0986e-06 -6.5611e-06 -6.0421e-06 -5.5433e-06 -5.0662e-06 -4.6121e-06 -4.1820e-06 -3.7767e-06 -3.3964e-06 -3.0416e-06 -2.7120e-06 -2.4075e-06 -2.1277e-06 -1.8717e-06 -1.6389e-06 -1.4282e-06 -1.2386e-06 6.7482e-08 1.9087e-07 3.5065e-07 5.3985e-07 7.5446e-07 9.9173e-07 1.2497e-06 1.5267e-06 0.0000e+00 2.1331e-06 2.4605e-06 2.8029e-06 3.1594e-06 3.5295e-06 3.9124e-06 4.3076e-06 4.7142e-06 5.1319e-06 5.5598e-06 5.9973e-06 6.4438e-06 6.8985e-06 7.3607e-06 7.8297e-06 8.3045e-06 8.7844e-06 9.2684e-06 9.7555e-06 1.0245e-05 1.0735e-05 1.1225e-05 1.1714e-05 1.2200e-05 1.2682e-05 1.3159e-05 1.3629e-05 1.4091e-05 1.4543e-05 1.4983e-05 1.5410e-05 1.5823e-05 1.6218e-05 1.6596e-05 1.6953e-05 1.7289e-05 1.7601e-05 1.7888e-05 1.8148e-05 1.8380e-05 1.8581e-05 1.8751e-05 1.8888e-05 1.8990e-05 1.9058e-05 1.9088e-05 1.9082e-05 1.9038e-05 1.8956e-05 1.8835e-05 1.8676e-05 1.8478e-05 1.8243e-05 1.7970e-05 1.7661e-05 1.7317e-05 1.6939e-05 1.6529e-05 1.6089e-05 1.5621e-05 1.5127e-05 1.4609e-05 1.4072e-05 1.3516e-05 1.2945e-05 1.2363e-05 1.1772e-05 1.1175e-05 1.0576e-05 9.9770e-06 9.3816e-06 8.7926e-06 8.2129e-06 7.6449e-06 7.0912e-06 6.5539e-06 6.0351e-06 5.5366e-06 5.0598e-06 4.6061e-06 4.1763e-06 3.7712e-06 3.3913e-06 3.0368e-06 2.7076e-06 2.4034e-06 2.1239e-06 1.8683e-06 1.6357e-06 1.4253e-06 1.2360e-06
-7.9025e-08 -2.2352e-07 -4.1063e-07 -6.3220e-07 -8.8351e-07 -1.1614e-06 -1.4634e-06 -1.7878e-06 -2.1331e-06 1.0199e-04 -2.8814e-06 -3.2823e-06 -3.6999e-06 -4.1332e-06 -4.5817e-06 -5.0444e-06 -5.5206e-06 -6.0097e-06 -6.5108e-06 -7.0232e-06 -7.5460e-06 -8.0786e-06 -8.6199e-06 -9.1690e-06 -9.7251e-06 -1.0287e-05 -1.0854e-05 -1.1424e-05 -1.1997e-05 -1.2572e-05 -1.3146e-05 -1.3718e-05 -1.4287e-05 -1.4852e-05 -1.5411e-05 -1.5961e-05 -1.6502e-05 -1.7031e-05 -1.7547e-05 -1.8048e-05 -1.8531e-05 -1.8994e-05 -1.9437e-05 -1.9856e-05 -2.0249e-05 -2.0615e-05 -2.0951e-05 -2.1256e-05 -2.1528e-05 -2.1764e-05 -2.1963e-05 -2.2124e-05 -2.2244e-05 -2.2323e-05 -2.2360e-05 -2.2353e-05 -2.2302e-05 -2.2206e-05 -2.2065e-05 -2.1879e-05 -2.1648e-05 -2.1373e-05 -2.1054e-05 -2.0693e-05 -2.0290e-05 -1.9848e-05 -1.9369e-05 -1.8854e-05 -1.8306e-05 -1.7728e-05 -1.7122e-05 -1.6493e-05 -1.5842e-05 -1.5174e-05 -1.4493e-05 -1.3800e-05 -1.3101e-05 -1.2400e-05 -1.1698e-05 -1.1001e-05 -1.0311e-05 -9.6316e-06 -8.9662e-06 -8.3174e-06 -7.6878e-06 -7.0798e-06 -6.4955e-06 -5.9367e-06 -5.4048e-06 -4.9009e-06 -4.4260e-06 -3.9805e-06 -3.5648e-06 -3.1786e-06 -2.8219e-06 -2.4939e-06 -2.1940e-06 -1.9212e-06 -1.6743e-06 -1.4520e-06 7.9025e-08 2.2352e-07 4.1063e-07 6.3220e-07 8.8351e-07 1.1614e-06 1.4634e-06 1.7878e-06 2.1331e-06 0.0000e+00 2.8814e-06 3.2823e-06 3.6999e-06 4.1332e-06 4.5817e-06 5.0444e-06 5.5206e-06 6.0097e-06 6.5108e-06 7.0231e-06 7.5460e-06 8.0785e-06 8.6198e-06 9.1690e-06 9.7250e-06 1.0287e-05 1.0854e-05 1.1424e-05 1.1997e-05 1.2571e-05 1.3145e-05 1.3718e-05 1.4287e-05 1.4851e-05 1.5410e-05 1.5960e-05 1.6501e-05 1.7030e-05 1.7546e-05 1.8046e-05 1.8529e-05 1.8993e-05 1.9435e-05 1.9853e-05 2.0246e-05 2.0612e-05 2.0948e-05 2.1253e-05 2.1524e-05 2.1759e-05 2.1958e-05 2.2118e-05 2.2239e-05 2.2317e-05 2.2354e-05 2.2346e-05 2.2295e-05 2.2198e-05 2.2057e-05 2.1870e-05 2.1639e-05 2.1363e-05 2.1044e-05 2.0682e-05 2.0279e-05 1.9836e-05 1.9356e-05 1.8841e-05 1.8292e-05 1.7714e-05 1.7108e-05 1.6479e-05 1.5828e-05 1.5160e-05 1.4478e-05 1.3786e-05 1.3087e-05 1.2385e-05 1.1684e-05 1.0986e-05 1.0297e-05 9.6177e-06 8.9526e-06 8.3041e-06 7.6750e-06 7.0675e-06 6.4837e-06 5.9253e-06 5.3940e-06 4.8907e-06 4.4163e-06 3.9714e-06 3.5562e-06 3.1707e-06 2.8146e-06 2.4872e-06 2.1878e-06 1.9155e-06 1.6691e-06 1.4474e-06
-9.1154e-08 -2.5782e-07 -4.7365e-07 -7.2922e-07 -1.0191e-06 -1.3396e-06 -1.6880e-06 -2.0622e-06 -2.4605e-06 -2.8814e-06 1.4932e-04 -3.7861e-06 -4.2677e-06 -4.7676e-06 -5.2849e-06 -5.8186e-06 -6.3679e-06 -6.9321e-06 -7.5101e-06 -8.1011e-06 -8.7042e-06 -9.3185e-06 -9.9428e-06 -1.0576e-05 -1.1218e-05 -1.1866e-05 -1.2520e-05 -1.3178e-05 -1.3839e-05 -1.4501e-05 -1.5163e-05 -1.5824e-05 -1.6480e-05 -1.7132e-05 -1.7776e-05 -1.8411e-05 -1.9035e-05 -1.9646e-05 -2.0241e-05 -2.0818e-05 -2.1376e-05 -2.1911e-05 -2.2421e-05 -2.2904e-05 -2.3358e-05 -2.3781e-05 -2.4169e-05 -2.4520e-05 -2.4834e-05 -2.5106e-05 -2.5336e-05 -2.5522e-05 -2.5661e-05 -2.5753e-05 -2.5795e-05 -2.5788e-05 -2.5729e-05 -2.5619e-05 -2.5457e-05 -2.5242e-05 -2.4976e-05 -2.4659e-05 -2.4291e-05 -2.3875e-05 -2.3411e-05 -2.2901e-05 -2.2348e-05 -2.1754e-05 -2.1122e-05 -2.0456e-05 -1.9758e-05 -1.9032e-05 -1.8281e-05 -1.7511e-05 -1.6725e-05 -1.5926e-05 -1.5120e-05 -1.4310e-05 -1.3501e-05 -1.2697e-05 -1.1901e-05 -1.1117e-05 -1.0350e-05 -9.6010e-06 -8.8746e-06 -8.1730e-06 -7.4988e-06 -6.8539e-06 -6.2401e-06 -5.6586e-06 -5.1105e-06 -4.5963e-06 -4.1164e-06 -3.6707e-06 -3.2589e-06 -2.8803e-06 -2.5341e-06 -2.2191e-06 -1.9340e-06 -1.6774e-06 9.1154e-08 2.5782e-07 4.7365e-07 7.2922e-07 1.0191e-06 1.3396e-06 1.6880e-06 2.0622e-06 2.4605e-06 2.8814e-06 0.0000e+00 3.7860e-06 4.2677e-06 4.7676e-06 5.2848e-06 5.8186e-06 6.3679e-06 6.9320e-06 7.5100e-06 8.1010e-06 8.7041e-06 9.3184e-06 9.9427e-06 1.0576e-05 1.1218e-05 1.1866e-05 1.2520e-05 1.3178e-05 1.3838e-05 1.4501e-05 1.5163e-05 1.5823e-05 1.6480e-05 1.7131e-05 1.7775e-05 1.8410e-05 1.9034e-05 1.9644e-05 2.0239e-05 2.0816e-05 2.1373e-05 2.1908e-05 2.2417e-05 2.2900e-05 2.3354e-05 2.3776e-05 2.4163e-05 2.4514e-05 2.4827e-05 2.5099e-05 2.5328e-05 2.5513e-05 2.5652e-05 2.5743e-05 2.5784e-05 2.5776e-05 2.5716e-05 2.5605e-05 2.5442e-05 2.5227e-05 2.4960e-05 2.4642e-05 2.4273e-05 2.3856e-05 2.3391e-05 2.2881e-05 2.2327e-05 2.1732e-05 2.1100e-05 2.0433e-05 1.9734e-05 1.9008e-05 1.8257e-05 1.7486e-05 1.6700e-05 1.5901e-05 1.5095e-05 1.4286e-05 1.3477e-05 1.2672e-05 1.1877e-05 1.1094e-05 1.0327e-05 9.5786e-06 8.8529e-06 8.1521e-06 7.4787e-06 6.8347e-06 6.2218e-06 5.6413e-06 5.0941e-06 4.5809e-06 4.1020e-06 3.6574e-06 3.2465e-06 2.8689e-06 2.5236e-06 2.2095e-06 1.9253e-06 1.6695e-06
-1.0384e-07 -2.9369e-07 -5.3955e-07 -8.3069e-07 -1.1609e-06 -1.5260e-06 -1.9229e-06 -2.3492e-06 -2.8029e-06 -3.2823e-06 -3.7861e-06 2.1148e-04 -4.8615e-06 -5.4310e-06 -6.0202e-06 -6.6282e-06 -7.2540e-06 -7.8966e-06 -8.5550e-06 -9.2283e-06 -9.9153e-06 -1.0615e-05 -1.1326e-05 -1.2048e-05 -1.2779e-05 -1.3517e-05 -1.4262e-05 -1.5012e-05 -1.5765e-05 -1.6519e-05 -1.7273e-05 -1.8026e-05 -1.8774e-05 -1.9516e-05 -2.0250e-05 -2.0974e-05 -2.1685e-05 -2.2380e-05 -2.3058e-05 -2.3716e-05 -2.4351e-05 -2.4961e-05 -2.5542e-05 -2.6093e-05 -2.6611e-05 -2.7092e-05 -2.7534e-05 -2.7935e-05 -2.8292e-05 -2.8603e-05 -2.8865e-05 -2.9077e-05 -2.9236e-05 -2.9341e-05 -2.9390e-05 -2.9382e-05 -2.9315e-05 -2.9190e-05 -2.9005e-05 -2.8762e-05 -2.8459e-05 -2.8098e-05 -2.7680e-05 -2.7205e-05 -2.6677e-05 -2.6097e-05 -2.5467e-05 -2.4791e-05 -2.4072e-05 -2.3313e-05 -2.2518e-05 -2.1691e-05 -2.0837e-05 -1.9959e-05 -1.9063e-05 -1.8154e-05 -1.7236e-05 -1.6313e-05 -1.5392e-05 -1.4475e-05 -1.3568e-05 -1.2675e-05 -1.1800e-05 -1.0947e-05 -1.0120e-05 -9.3202e-06 -8.5517e-06 -7.8167e-06 -7.1170e-06 -6.4542e-06 -5.8293e-06 -5.2432e-06 -4.6960e-06 -4.1878e-06 -3.7182e-06 -3.2865e-06 -2.8916e-06 -2.5324e-06 -2.2072e-06 -1.9145e-06 1.0384e-07 2.9369e-07 5.3955e-07 8.3069e-07 1.1609e-06 1.5260e-06 1.9229e-06 2.3492e-06 2.8029e-06 3.2823e-06 3.7860e-06 0.0000e+00 4.8615e-06 5.4310e-06 6.0202e-06 6.6282e-06 7.2539e-06 7.8965e-06 8.5550e-06 9.2282e-06 9.9152e-06 1.0615e-05 1.1326e-05 1.2048e-05 1.2778e-05 1.3517e-05 1.4262e-05 1.5011e-05 1.5764e-05 1.6518e-05 1.7272e-05 1.8024e-05 1.8772e-05 1.9514e-05 2.0248e-05 2.0971e-05 2.1682e-05 2.2377e-05 2.3055e-05 2.3712e-05 2.4347e-05 2.4956e-05 2.5537e-05 2.6087e-05 2.6603e-05 2.7084e-05 2.7525e-05 2.7925e-05 2.8281e-05 2.8591e-05 2.8852e-05 2.9063e-05 2.9221e-05 2.9324e-05 2.9372e-05 2.9362e-05 2.9295e-05 2.9168e-05 2.8982e-05 2.8737e-05 2.8433e-05 2.8070e-05 2.7651e-05 2.7175e-05 2.6646e-05 2.6064e-05 2.5433e-05 2.4756e-05 2.4036e-05 2.3276e-05 2.2480e-05 2.1652e-05 2.0797e-05 1.9920e-05 1.9023e-05 1.8114e-05 1.7196e-05 1.6273e-05 1.5352e-05 1.4436e-05 1.3529e-05 1.2637e-05 1.1763e-05 1.0911e-05 1.0085e-05 9.2864e-06 8.5193e-06 7.7857e-06 7.0875e-06 6.4262e-06 5.8029e-06 5.2183e-06 4.6728e-06 4.1662e-06 3.6982e-06 3.2681e-06 2.8747e-06 2.5169e-06 2.1932e-06 1.9018e-06
-1.1705e-07 -3.3106e-07 -6.0819e-07 -9.3636e-07 -1.3086e-06 -1.7201e-06 -2.1675e-06 -2.6480e-06 -3.1594e-06 -3.6999e-06 -4.2677e-06 -4.8615e-06 2.9129e-04 -6.1219e-06 -6.7861e-06 -7.4714e-06 -8.1768e-06 -8.9012e-06 -9.6434e-06 -1.0402e-05 -1.1177e-05 -1.1966e-05 -1.2767e-05 -1.3581e-05 -1.4405e-05 -1.5237e-05 -1.6077e-05 -1.6922e-05 -1.7770e-05 -1.8621e-05 -1.9471e-05 -2.0319e-05 -2.1163e-05 -2.2000e-05 -2.2827e-05 -2.3643e-05 -2.4444e-05 -2.5229e-05 -2.5993e-05 -2.6735e-05 -2.7451e-05 -2.8138e-05 -2.8794e-05 -2.9415e-05 -2.9999e-05 -3.0542e-05 -3.1041e-05 -3.1493e-05 -3.1896e-05 -3.2247e-05 -3.2543e-05 -3.2782e-05 -3.2962e-05 -3.3081e-05 -3.3136e-05 -3.3127e-05 -3.3053e-05 -3.2913e-05 -3.2705e-05 -3.2431e-05 -3.2090e-05 -3.1684e-05 -3.1213e-05 -3.0679e-05 -3.0084e-05 -2.9431e-05 -2.8722e-05 -2.7960e-05 -2.7150e-05 -2.6294e-05 -2.5399e-05 -2.4467e-05 -2.3504e-05 -2.2515e-05 -2.1506e-05 -2.0481e-05 -1.9445e-05 -1.8406e-05 -1.7366e-05 -1.6333e-05 -1.5311e-05 -1.4304e-05 -1.3317e-05 -1.2355e-05 -1.1422e-05 -1.0520e-05 -9.6535e-06 -8.8243e-06 -8.0350e-06 -7.2872e-06 -6.5822e-06 -5.9207e-06 -5.3033e-06 -4.7298e-06 -4.1998e-06 -3.7125e-06 -3.2667e-06 -2.8611e-06 -2.4939e-06 -2.1634e-06 1.1705e-07 3.3106e-07 6.0819e-07 9.3636e-07 1.3086e-06 1.7201e-06 2.1675e-06 2.6480e-06 3.1594e-06 3.6999e-06 4.2677e-06 4.8615e-06 0.0000e+00 6.1219e-06 6.7860e-06 7.4714e-06 8.1768e-06 8.9011e-06 9.6433e-06 1.0402e-05 1.1177e-05 1.1965e-05 1.2767e-05 1.3580e-05 1.4404e-05 1.5236e-05 1.6076e-05 1.6921e-05 1.7769e-05 1.8620e-05 1.9470e-05 2.0317e-05 2.1161e-05 2.1997e-05 2.2824e-05 2.3639e-05 2.4440e-05 2.5224e-05 2.5988e-05 2.6729e-05 2.7444e-05 2.8130e-05 2.8785e-05 2.9405e-05 2.9988e-05 3.0529e-05 3.1027e-05 3.1478e-05 3.1879e-05 3.2229e-05 3.2523e-05 3.2760e-05 3.2938e-05 3.3055e-05 3.3109e-05 3.3098e-05 3.3021e-05 3.2879e-05 3.2669e-05 3.2393e-05 3.2050e-05 3.1641e-05 3.1168e-05 3.0632e-05 3.0035e-05 2.9380e-05 2.8669e-05 2.7905e-05 2.7093e-05 2.6237e-05 2.5340e-05 2.4407e-05 2.3443e-05 2.2454e-05 2.1444e-05 2.0418e-05 1.9383e-05 1.8344e-05 1.7305e-05 1.6272e-05 1.5251e-05 1.4245e-05 1.3260e-05 1.2299e-05 1.1368e-05 1.0468e-05 9.6031e-06 8.7762e-06 7.9891e-06 7.2437e-06 6.5411e-06 5.8822e-06 5.2672e-06 4.6962e-06 4.1687e-06 3.6838e-06 3.2404e-06 2.8371e-06 2.4722e-06 2.1438e-06
-1.3076e-07 -3.6984e-07 -6.7943e-07 -1.0460e-06 -1.4619e-06 -1.9216e-06 -2.4214e-06 -2.9582e-06 -3.5295e-06 -4.1332e-06 -4.7676e-06 -5.4310e-06 -6.1219e-06 3.9180e-04 -7.5810e-06 -8.3466e-06 -9.1346e-06 -9.9439e-06 -1.0773e-05 -1.1621e-05 -1.2486e-05 -1.3367e-05 -1.4263e-05 -1.5172e-05 -1.6092e-05 -1.7022e-05 -1.7960e-05 -1.8904e-05 -1.9852e-05 -2.0803e-05 -2.1753e-05 -2.2700e-05 -2.3643e-05 -2.4578e-05 -2.5502e-05 -2.6414e-05 -2.7309e-05 -2.8186e-05 -2.9040e-05 -2.9869e-05 -3.0669e-05 -3.1438e-05 -3.2171e-05 -3.2865e-05 -3.3517e-05 -3.4124e-05 -3.4682e-05 -3.5188e-05 -3.5639e-05 -3.6031e-05 -3.6363e-05 -3.6631e-05 -3.6832e-05 -3.6965e-05 -3.7028e-05 -3.7019e-05 -3.6937e-05 -3.6781e-05 -3.6550e-05 -3.6245e-05 -3.5865e-05 -3.5412e-05 -3.4887e-05 -3.4291e-05 -3.3627e-05 -3.2898e-05 -3.2106e-05 -3.1256e-05 -3.0351e-05 -2.9397e-05 -2.8396e-05 -2.7356e-05 -2.6281e-05 -2.5176e-05 -2.4049e-05 -2.2904e-05 -2.1747e-05 -2.0586e-05 -1.9424e-05 -1.8270e-05 -1.7127e-05 -1.6002e-05 -1.4900e-05 -1.3824e-05 -1.2781e-05 -1.1773e-05 -1.0804e-05 -9.8765e-06 -8.9939e-06 -8.1575e-06 -7.3690e-06 -6.6291e-06 -5.9384e-06 -5.2968e-06 -4.7037e-06 -4.1584e-06 -3.6595e-06 -3.2055e-06 -2.7945e-06 -2.4244e-06 1.3076e-07 3.6984e-07 6.7943e-07 1.0460e-06 1.4619e-06 1.9216e-06 2.4214e-06 2.9582e-06 3.5295e-06 4.1332e-06 4.7676e-06 5.4310e-06 6.1219e-06 0.0000e+00 7.5809e-06 8.3465e-06 9.1346e-06 9.9437e-06 1.0773e-05 1.1621e-05 1.2486e-05 1.3367e-05 1.4262e-05 1.5171e-05 1.6091e-05 1.7021e-05 1.7959e-05 1.8903e-05 1.9851e-05 2.0801e-05 2.1750e-05 2.2697e-05 2.3639e-05 2.4574e-05 2.5498e-05 2.6408e-05 2.7303e-05 2.8178e-05 2.9032e-05 2.9860e-05 3.0659e-05 3.1426e-05 3.2157e-05 3.2850e-05 3.3500e-05 3.4105e-05 3.4661e-05 3.5165e-05 3.5613e-05 3.6004e-05 3.6333e-05 3.6598e-05 3.6797e-05 3.6927e-05 3.6987e-05 3.6975e-05 3.6889e-05 3.6730e-05 3.6496e-05 3.6187e-05 3.5804e-05 3.5348e-05 3.4819e-05 3.4220e-05 3.3553e-05 3.2821e-05 3.2027e-05 3.1174e-05 3.0267e-05 2.9310e-05 2.8308e-05 2.7266e-05 2.6189e-05 2.5084e-05 2.3955e-05 2.2810e-05 2.1654e-05 2.0492e-05 1.9332e-05 1.8178e-05 1.7037e-05 1.5914e-05 1.4813e-05 1.3740e-05 1.2699e-05 1.1694e-05 1.0728e-05 9.8042e-06 8.9249e-06 8.0922e-06 7.3073e-06 6.5712e-06 5.8842e-06 5.2463e-06 4.6570e-06 4.1153e-06 3.6200e-06 3.1695e-06 2.7618e-06 2.3949e-06
-1.4494e-07 -4.0996e-07 -7.5314e-07 -1.1595e-06 -1.6205e-06 -2.1301e-06 -2.6841e-06 -3.2792e-06 -3.9124e-06 -4.5817e-06 -5.2849e-06 -6.0202e-06 -6.7861e-06 -7.5810e-06 5.1632e-04 -9.2522e-06 -1.0126e-05 -1.1023e-05 -1.1942e-05 -1.2882e-05 -1.3841e-05 -1.4818e-05 -1.5811e-05 -1.6818e-05 -1.7838e-05 -1.8869e-05 -1.9909e-05 -2.0956e-05 -2.2007e-05 -2.3060e-05 -2.4114e-05 -2.5164e-05 -2.6209e-05 -2.7246e-05 -2.8271e-05 -2.9281e-05 -3.0274e-05 -3.1246e-05 -3.2194e-05 -3.3113e-05 -3.4000e-05 -3.4853e-05 -3.5666e-05 -3.6436e-05 -3.7159e-05 -3.7833e-05 -3.8452e-05 -3.9014e-05 -3.9514e-05 -3.9950e-05 -4.0319e-05 -4.0616e-05 -4.0841e-05 -4.0990e-05 -4.1060e-05 -4.1051e-05 -4.0961e-05 -4.0789e-05 -4.0535e-05 -4.0197e-05 -3.9778e-05 -3.9276e-05 -3.8695e-05 -3.8036e-05 -3.7301e-05 -3.6494e-05 -3.5618e-05 -3.4676e-05 -3.3674e-05 -3.2616e-05 -3.1508e-05 -3.0356e-05 -2.9164e-05 -2.7940e-05 -2.6691e-05 -2.5421e-05 -2.4140e-05 -2.2852e-05 -2.1565e-05 -2.0284e-05 -1.9017e-05 -1.7770e-05 -1.6547e-05 -1.5354e-05 -1.4196e-05 -1.3078e-05 -1.2002e-05 -1.0974e-05 -9.9939e-06 -9.0656e-06 -8.1902e-06 -7.3688e-06 -6.6018e-06 -5.8892e-06 -5.2305e-06 -4.6247e-06 -4.0704e-06 -3.5660e-06 -3.1092e-06 -2.6978e-06 1.4494e-07 4.0996e-07 7.5314e-07 1.1595e-06 1.6205e-06 2.1301e-06 2.6841e-06 3.2791e-06 3.9124e-06 4.5817e-06 5.2848e-06 6.0202e-06 6.7860e-06 7.5809e-06 0.0000e+00 9.2521e-06 1.0126e-05 1.1023e-05 1.1942e-05 1.2881e-05 1.3840e-05 1.4817e-05 1.5810e-05 1.6817e-05 1.7837e-05 1.8868e-05 1.9907e-05 2.0954e-05 2.2004e-05 2.3057e-05 2.4110e-05 2.5160e-05 2.6204e-05 2.7240e-05 2.8264e-05 2.9273e-05 3.0265e-05 3.1236e-05 3.2181e-05 3.3099e-05 3.3985e-05 3.4835e-05 3.5646e-05 3.6414e-05 3.7135e-05 3.7805e-05 3.8422e-05 3.8980e-05 3.9477e-05 3.9910e-05 4.0274e-05 4.0568e-05 4.0789e-05 4.0933e-05 4.1000e-05 4.0986e-05 4.0892e-05 4.0715e-05 4.0455e-05 4.0113e-05 3.9689e-05 3.9183e-05 3.8597e-05 3.7933e-05 3.7194e-05 3.6382e-05 3.5502e-05 3.4556e-05 3.3551e-05 3.2490e-05 3.1379e-05 3.0224e-05 2.9030e-05 2.7805e-05 2.6554e-05 2.5285e-05 2.4003e-05 2.2715e-05 2.1429e-05 2.0150e-05 1.8885e-05 1.7640e-05 1.6420e-05 1.5231e-05 1.4077e-05 1.2963e-05 1.1892e-05 1.0868e-05 9.8932e-06 8.9701e-06 8.1001e-06 7.2841e-06 6.5226e-06 5.8155e-06 5.1623e-06 4.5618e-06 4.0128e-06 3.5133e-06 3.0614e-06 2.6547e-06
-1.5958e-07 -4.5136e-07 -8.2921e-07 -1.2766e-06 -1.7841e-06 -2.3452e-06 -2.9552e-06 -3.6103e-06 -4.3076e-06 -5.0444e-06 -5.8186e-06 -6.6282e-06 -7.4714e-06 -8.3466e-06 -9.2522e-06 6.6839e-04 -1.1148e-05 -1.2136e-05 -1.3148e-05 -1.4183e-05 -1.5239e-05 -1.6314e-05 -1.7408e-05 -1.8517e-05 -1.9640e-05 -2.0775e-05 -2.1920e-05 -2.3073e-05 -2.4230e-05 -2.5390e-05 -2.6550e-05 -2.7707e-05 -2.8858e-05 -2.9999e-05 -3.1128e-05 -3.2241e-05 -3.3335e-05 -3.4405e-05 -3.5449e-05 -3.6461e-05 -3.7439e-05 -3.8378e-05 -3.9274e-05 -4.0123e-05 -4.0920e-05 -4.1662e-05 -4.2345e-05 -4.2965e-05 -4.3517e-05 -4.3998e-05 -4.4405e-05 -4.4734e-05 -4.4982e-05 -4.5147e-05 -4.5227e-05 -4.5218e-05 -4.5121e-05 -4.4933e-05 -4.4654e-05 -4.4284e-05 -4.3824e-05 -4.3274e-05 -4.2635e-05 -4.1911e-05 -4.1103e-05 -4.0216e-05 -3.9252e-05 -3.8217e-05 -3.7115e-05 -3.5951e-05 -3.4732e-05 -3.3464e-05 -3.2153e-05 -3.0806e-05 -2.9430e-05 -2.8033e-05 -2.6622e-05 -2.5204e-05 -2.3786e-05 -2.2376e-05 -2.0981e-05 -1.9606e-05 -1.8259e-05 -1.6944e-05 -1.5669e-05 -1.4436e-05 -1.3250e-05 -1.2116e-05 -1.1036e-05 -1.0012e-05 -9.0467e-06 -8.1405e-06 -7.2943e-06 -6.5080e-06 -5.7810e-06 -5.1122e-06 -4.5003e-06 -3.9432e-06 -3.4387e-06 -2.9843e-06 1.5958e-07 4.5136e-07 8.2921e-07 1.2766e-06 1.7841e-06 2.3452e-06 2.9552e-06 3.6103e-06 4.3076e-06 5.0444e-06 5.8186e-06 6.6282e-06 7.4714e-06 8.3465e-06 9.2521e-06 0.0000e+00 1.1148e-05 1.2136e-05 1.3148e-05 1.4182e-05 1.5238e-05 1.6313e-05 1.7407e-05 1.8515e-05 1.9638e-05 2.0773e-05 2.1918e-05 2.3070e-05 2.4227e-05 2.5386e-05 2.6545e-05 2.7701e-05 2.8850e-05 2.9991e-05 3.1118e-05 3.2230e-05 3.3322e-05 3.4390e-05 3.5432e-05 3.6442e-05 3.7417e-05 3.8353e-05 3.9246e-05 4.0091e-05 4.0885e-05 4.1623e-05 4.2302e-05 4.2917e-05 4.3464e-05 4.3940e-05 4.4342e-05 4.4665e-05 4.4908e-05 4.5067e-05 4.5140e-05 4.5125e-05 4.5021e-05 4.4827e-05 4.4541e-05 4.4164e-05 4.3697e-05 4.3140e-05 4.2495e-05 4.1764e-05 4.0950e-05 4.0056e-05 3.9087e-05 3.8046e-05 3.6939e-05 3.5771e-05 3.4548e-05 3.3276e-05 3.1962e-05 3.0613e-05 2.9236e-05 2.7838e-05 2.6427e-05 2.5010e-05 2.3593e-05 2.2185e-05 2.0793e-05 1.9422e-05 1.8079e-05 1.6769e-05 1.5499e-05 1.4272e-05 1.3093e-05 1.1965e-05 1.0892e-05 9.8760e-06 8.9181e-06 8.0197e-06 7.1813e-06 6.4028e-06 5.6836e-06 5.0225e-06 4.4180e-06 3.8681e-06 3.3706e-06 2.9228e-06
-1.7465e-07 -4.9398e-07 -9.0749e-07 -1.3972e-06 -1.9526e-06 -2.5667e-06 -3.2342e-06 -3.9512e-06 -4.7143e-06 -5.5206e-06 -6.3679e-06 -7.2540e-06 -8.1768e-06 -9.1346e-06 -1.0126e-05 -1.1148e-05 8.5182e-04 -1.3282e-05 -1.4389e-05 -1.5522e-05 -1.6678e-05 -1.7855e-05 -1.9051e-05 -2.0265e-05 -2.1495e-05 -2.2737e-05 -2.3990e-05 -2.5252e-05 -2.6519e-05 -2.7789e-05 -2.9058e-05 -3.0324e-05 -3.1584e-05 -3.2834e-05 -3.4070e-05 -3.5289e-05 -3.6486e-05 -3.7658e-05 -3.8801e-05 -3.9910e-05 -4.0981e-05 -4.2009e-05 -4.2990e-05 -4.3920e-05 -4.4794e-05 -4.5608e-05 -4.6356e-05 -4.7035e-05 -4.7641e-05 -4.8169e-05 -4.8616e-05 -4.8978e-05 -4.9252e-05 -4.9434e-05 -4.9523e-05 -4.9516e-05 -4.9411e-05 -4.9207e-05 -4.8904e-05 -4.8501e-05 -4.7999e-05 -4.7399e-05 -4.6703e-05 -4.5912e-05 -4.5030e-05 -4.4061e-05 -4.3008e-05 -4.1876e-05 -4.0672e-05 -3.9400e-05 -3.8067e-05 -3.6680e-05 -3.5246e-05 -3.3772e-05 -3.2267e-05 -3.0739e-05 -2.9194e-05 -2.7642e-05 -2.6090e-05 -2.4546e-05 -2.3018e-05 -2.1513e-05 -2.0037e-05 -1.8597e-05 -1.7199e-05 -1.5848e-05 -1.4549e-05 -1.3306e-05 -1.2121e-05 -1.0999e-05 -9.9395e-06 -8.9455e-06 -8.0170e-06 -7.1541e-06 -6.3561e-06 -5.6219e-06 -4.9500e-06 -4.3381e-06 -3.7839e-06 -3.2846e-06 1.7465e-07 4.9398e-07 9.0749e-07 1.3972e-06 1.9526e-06 2.5667e-06 3.2342e-06 3.9512e-06 4.7142e-06 5.5206e-06 6.3679e-06 7.2539e-06 8.1768e-06 9.1346e-06 1.0126e-05 1.1148e-05 0.0000e+00 1.3282e-05 1.4389e-05 1.5521e-05 1.6677e-05 1.7854e-05 1.9050e-05 2.0264e-05 2.1492e-05 2.2734e-05 2.3987e-05 2.5248e-05 2.6514e-05 2.7783e-05 2.9051e-05 3.0316e-05 3.1574e-05 3.2822e-05 3.4056e-05 3.5273e-05 3.6468e-05 3.7637e-05 3.8777e-05 3.9882e-05 4.0950e-05 4.1974e-05 4.2951e-05 4.3876e-05 4.4745e-05 4.5553e-05 4.6296e-05 4.6969e-05 4.7568e-05 4.8089e-05 4.8528e-05 4.8882e-05 4.9148e-05 4.9322e-05 4.9402e-05 4.9386e-05 4.9272e-05 4.9059e-05 4.8746e-05 4.8334e-05 4.7822e-05 4.7213e-05 4.6507e-05 4.5707e-05 4.4816e-05 4.3838e-05 4.2777e-05 4.1638e-05 4.0427e-05 3.9148e-05 3.7810e-05 3.6418e-05 3.4980e-05 3.3503e-05 3.1996e-05 3.0466e-05 2.8922e-05 2.7371e-05 2.5821e-05 2.4280e-05 2.2756e-05 2.1255e-05 1.9785e-05 1.8352e-05 1.6962e-05 1.5619e-05 1.4329e-05 1.3095e-05 1.1921e-05 1.0808e-05 9.7601e-06 8.7769e-06 7.8593e-06 7.0073e-06 6.2202e-06 5.4967e-06 4.8351e-06 4.2333e-06 3.6888e-06 3.1988e-06
