-4.6094e-10 -5.0113e-12 -1.3832e-11 -2.8458e-11 -4.9859e-11 -7.8929e-11 -1.1653e-10 -1.6349e-10 -2.2068e-10 -2.8892e-10 -3.6911e-10 -4.6212e-10 -5.6888e-10 -6.9028e-10 -8.2725e-10 -9.8068e-10 -1.1514e-09 -1.3401e-09 -1.5472e-09 -1.7731e-09 -2.0176e-09 -2.2798e-09 -2.5581e-09 -2.8501e-09 -3.1517e-09 -3.4573e-09 -3.7591e-09 -4.0471e-09 -4.3087e-09 -4.5286e-09 -4.6891e-09 -4.7714e-09 -4.7566e-09 -4.6283e-09 -4.3761e-09 -3.9989e-09 -3.5090e-09 -2.9338e-09 -2.3154e-09 -1.7057e-09 -1.1573e-09 -7.1150e-10 -3.8879e-10 -1.8445e-10 -7.3862e-11 -2.4131e-11 -6.1729e-12 -1.1763e-12 -1.5717e-13 -1.3681e-14 -7.0929e-16 -1.9627e-17 -2.5344e-19 -1.2947e-21 -2.1343e-24 -8.8266e-28 -6.6983e-32 -6.3181e-37 -4.5507e-43 -1.3573e-50 -7.7475e-60 -3.1818e-71 -2.7048e-85 -9.6562e-103 -1.8573e-124 -1.3472e-151 -1.1520e-185 -1.2315e-228 -4.0518e-283 -0.0000e+00 -0.0000e+00 -0.0000e+00 -0.0000e+00 -0.0000e+00 -0.0000e+00 -0.0000e+00 -0.0000e+00 -0.0000e+00 -0.0000e+00 -0.0000e+00 -0.0000e+00 -0.0000e+00 -0.0000e+00 -0.0000e+00 -0.0000e+00 -0.0000e+00 -0.0000e+00 -0.0000e+00 -0.0000e+00 -0.0000e+00 -0.0000e+00 -0.0000e+00 -0.0000e+00 -0.0000e+00 -0.0000e+00 -0.0000e+00 -0.0000e+00 -0.0000e+00 -0.0000e+00 -0.0000e+00 0.0000e+00 -5.0113e-12 -1.3832e-11 -2.8458e-11 -4.9859e-11 -7.8929e-11 -1.1653e-10 -1.6349e-10 -2.2068e-10 -2.8892e-10 -3.6911e-10 -4.6212e-10 -5.6888e-10 -6.9028e-10 -8.2725e-10 -9.8068e-10 -1.1514e-09 -1.3401e-09 -1.5472e-09 -1.7731e-09 -2.0176e-09 -2.2798e-09 -2.5581e-09 -2.8501e-09 -3.1517e-09 -3.4573e-09 -3.7591e-09 -4.0471e-09 -4.3087e-09 -4.5286e-09 -4.6891e-09 -4.7714e-09 -4.7566e-09 -4.6283e-09 -4.3761e-09 -3.9989e-09 -3.5090e-09 -2.9338e-09 -2.3154e-09 -1.7057e-09 -1.1573e-09 -7.1150e-10 -3.8879e-10 -1.8445e-10 -7.3862e-11 -2.4131e-11 -6.1729e-12 -1.1763e-12 -1.5717e-13 -1.3681e-14 -7.0929e-16 -1.9627e-17 -2.5344e-19 -1.2947e-21 -2.1343e-24 -8.8266e-28 -6.6983e-32 -6.3181e-37 -4.5507e-43 -1.3573e-50 -7.7475e-60 -3.1818e-71 -2.7048e-85 -9.6562e-103 -1.8573e-124 -1.3472e-151 -1.1520e-185 -1.2315e-228 -4.0518e-283 -0.0000e+00 -0.0000e+00 -0.0000e+00 -0.0000e+00 -0.0000e+00 -0.0000e+00 -0.0000e+00 -0.0000e+00 -0.0000e+00 -0.0000e+00 -0.0000e+00 -0.0000e+00 -0.0000e+00 -0.0000e+00 -0.0000e+00 -0.0000e+00 -0.0000e+00 -0.0000e+00 -0.0000e+00 -0.0000e+00 -0.0000e+00 -0.0000e+00 -0.0000e+00 -0.0000e+00 -0.0000e+00 -0.0000e+00 -0.0000e+00 -0.0000e+00 -0.0000e+00 -0.0000e+00 -0.0000e+00
-5.0113e-12 3.0248e-10 -7.8320e-11 -1.6114e-10 -2.8232e-10 -4.4692e-10 -6.5981e-10 -9.2576e-10 -1.2495e-09 -1.6360e-09 -2.0900e-09 -2.6167e-09 -3.2212e-09 -3.9086e-09 -4.6842e-09 -5.5529e-09 -6.5195e-09 -7.5879e-09 -8.7610e-09 -1.0040e-08 -1.1424e-08 -1.2909e-08 -1.4485e-08 -1.6138e-08 -1.7846e-08 -1.9576e-08 -2.1285e-08 -2.2916e-08 -2.4397e-08 -2.5642e-08 -2.6551e-08 -2.7017e-08 -2.6933e-08 -2.6207e-08 -2.4779e-08 -2.2643e-08 -1.9869e-08 -1.6612e-08 -1.3111e-08 -9.6583e-09 -6.5528e-09 -4.0288e-09 -2.2014e-09 -1.0444e-09 -4.1823e-10 -1.3664e-10 -3.4953e-11 -6.6604e-12 -8.8994e-13 -7.7467e-14 -4.0162e-15 -1.1114e-16 -1.4351e-18 -7.3309e-21 -1.2085e-23 -4.9979e-27 -3.7928e-31 -3.5775e-36 -2.5768e-42 -7.6856e-50 -4.3869e-59 -1.8016e-70 -1.5315e-84 -5.4677e-102 -1.0517e-123 -7.6285e-151 -6.5228e-185 -6.9730e-228 -2.2943e-282 -0.0000e+00 -0.0000e+00 -0.0000e+00 -0.0000e+00 -0.0000e+00 -0.0000e+00 -0.0000e+00 -0.0000e+00 -0.0000e+00 -0.0000e+00 -0.0000e+00 -0.0000e+00 -0.0000e+00 -0.0000e+00 -0.0000e+00 -0.0000e+00 -0.0000e+00 -0.0000e+00 -0.0000e+00 -0.0000e+00 -0.0000e+00 -0.0000e+00 -0.0000e+00 -0.0000e+00 -0.0000e+00 -0.0000e+00 -0.0000e+00 -0.0000e+00 -0.0000e+00 -0.0000e+00 -0.0000e+00 -5.0113e-12 0.0000e+00 -7.8320e-11 -1.6114e-10 -2.8232e-10 -4.4692e-10 -6.5981e-10 -9.2576e-10 -1.2495e-09 -1.6360e-09 -2.0900e-09 -2.6167e-09 -3.2212e-09 -3.9086e-09 -4.6842e-09 -5.5529e-09 -6.5195e-09 -7.5879e-09 -8.7610e-09 -1.0040e-08 -1.1424e-08 -1.2909e-08 -1.4485e-08 -1.6138e-08 -1.7846e-08 -1.9576e-08 -2.1285e-08 -2.2916e-08 -2.4397e-08 -2.5642e-08 -2.6551e-08 -2.7017e-08 -2.6933e-08 -2.6207e-08 -2.4779e-08 -2.2643e-08 -1.9869e-08 -1.6612e-08 -1.3111e-08 -9.6583e-09 -6.5528e-09 -4.0288e-09 -2.2014e-09 -1.0444e-09 -4.1823e-10 -1.3664e-10 -3.4953e-11 -6.6604e-12 -8.8994e-13 -7.7467e-14 -4.0162e-15 -1.1114e-16 -1.4351e-18 -7.3309e-21 -1.2085e-23 -4.9979e-27 -3.7928e-31 -3.5775e-36 -2.5768e-42 -7.6856e-50 -4.3869e-59 -1.8016e-70 -1.5315e-84 -5.4677e-102 -1.0517e-123 -7.6285e-151 -6.5228e-185 -6.9730e-228 -2.2943e-282 -0.0000e+00 -0.0000e+00 -0.0000e+00 -0.0000e+00 -0.0000e+00 -0.0000e+00 -0.0000e+00 -0.0000e+00 -0.0000e+00 -0.0000e+00 -0.0000e+00 -0.0000e+00 -0.0000e+00 -0.0000e+00 -0.0000e+00 -0.0000e+00 -0.0000e+00 -0.0000e+00 -0.0000e+00 -0.0000e+00 -0.0000e+00 -0.0000e+00 -0.0000e+00 -0.0000e+00 -0.0000e+00 -0.0000e+00 -0.0000e+00 -0.0000e+00 -0.0000e+00 -0.0000e+00 -0.0000e+00
-1.3832e-11 -7.8320e-11 3.4710e-09 -4.4476e-10 -7.7923e-10 -1.2336e-09 -1.8212e-09 -2.5552e-09 -3.4489e-09 -4.5155e-09 -5.7687e-09 -7.2224e-09 -8.8908e-09 -1.0788e-08 -1.2929e-08 -1.5327e-08 -1.7995e-08 -2.0943e-08 -2.4181e-08 -2.7712e-08 -3.1532e-08 -3.5630e-08 -3.9981e-08 -4.4544e-08 -4.9257e-08 -5.4033e-08 -5.8750e-08 -6.3252e-08 -6.7340e-08 -7.0776e-08 -7.3285e-08 -7.4571e-08 -7.4339e-08 -7.2335e-08 -6.8393e-08 -6.2499e-08 -5.4842e-08 -4.5852e-08 -3.6187e-08 -2.6658e-08 -1.8086e-08 -1.1120e-08 -6.0762e-09 -2.8827e-09 -1.1544e-09 -3.7715e-10 -9.6475e-11 -1.8384e-11 -2.4564e-12 -2.1382e-13 -1.1085e-14 -3.0675e-16 -3.9610e-18 -2.0234e-20 -3.3357e-23 -1.3795e-26 -1.0469e-30 -9.8746e-36 -7.1123e-42 -2.1214e-49 -1.2109e-58 -4.9729e-70 -4.2274e-84 -1.5092e-101 -2.9029e-123 -2.1057e-150 -1.8005e-184 -1.9249e-227 -6.3335e-282 -0.0000e+00 -0.0000e+00 -0.0000e+00 -0.0000e+00 -0.0000e+00 -0.0000e+00 -0.0000e+00 -0.0000e+00 -0.0000e+00 -0.0000e+00 -0.0000e+00 -0.0000e+00 -0.0000e+00 -0.0000e+00 -0.0000e+00 -0.0000e+00 -0.0000e+00 -0.0000e+00 -0.0000e+00 -0.0000e+00 -0.0000e+00 -0.0000e+00 -0.0000e+00 -0.0000e+00 -0.0000e+00 -0.0000e+00 -0.0000e+00 -0.0000e+00 -0.0000e+00 -0.0000e+00 -0.0000e+00 -1.3832e-11 -7.8320e-11 0.0000e+00 -4.4476e-10 -7.7923e-10 -1.2336e-09 -1.8212e-09 -2.5552e-09 -3.4489e-09 -4.5155e-09 -5.7687e-09 -7.2224e-09 -8.8908e-09 -1.0788e-08 -1.2929e-08 -1.5327e-08 -1.7995e-08 -2.0943e-08 -2.4181e-08 -2.7712e-08 -3.1532e-08 -3.5630e-08 -3.9981e-08 -4.4544e-08 -4.9257e-08 -5.4033e-08 -5.8750e-08 -6.3252e-08 -6.7340e-08 -7.0776e-08 -7.3285e-08 -7.4571e-08 -7.4339e-08 -7.2335e-08 -6.8393e-08 -6.2499e-08 -5.4842e-08 -4.5852e-08 -3.6187e-08 -2.6658e-08 -1.8086e-08 -1.1120e-08 -6.0762e-09 -2.8827e-09 -1.1544e-09 -3.7714e-10 -9.6475e-11 -1.8384e-11 -2.4563e-12 -2.1382e-13 -1.1085e-14 -3.0675e-16 -3.9610e-18 -2.0234e-20 -3.3357e-23 -1.3795e-26 -1.0469e-30 -9.8745e-36 -7.1122e-42 -2.1213e-49 -1.2108e-58 -4.9728e-70 -4.2273e-84 -1.5092e-101 -2.9028e-123 -2.1056e-150 -1.8004e-184 -1.9247e-227 -6.3328e-282 -0.0000e+00 -0.0000e+00 -0.0000e+00 -0.0000e+00 -0.0000e+00 -0.0000e+00 -0.0000e+00 -0.0000e+00 -0.0000e+00 -0.0000e+00 -0.0000e+00 -0.0000e+00 -0.0000e+00 -0.0000e+00 -0.0000e+00 -0.0000e+00 -0.0000e+00 -0.0000e+00 -0.0000e+00 -0.0000e+00 -0.0000e+00 -0.0000e+00 -0.0000e+00 -0.0000e+00 -0.0000e+00 -0.0000e+00 -0.0000e+00 -0.0000e+00 -0.0000e+00 -0.0000e+00 -0.0000e+00
-2.8458e-11 -1.6114e-10 -4.4476e-10 1.9568e-08 -1.6032e-09 -2.5380e-09 -3.7469e-09 -5.2572e-09 -7.0959e-09 -9.2904e-09 -1.1869e-08 -1.4860e-08 -1.8292e-08 -2.2196e-08 -2.6601e-08 -3.1534e-08 -3.7023e-08 -4.3090e-08 -4.9752e-08 -5.7015e-08 -6.4875e-08 -7.3306e-08 -8.2258e-08 -9.1646e-08 -1.0134e-07 -1.1117e-07 -1.2088e-07 -1.3014e-07 -1.3855e-07 -1.4562e-07 -1.5078e-07 -1.5343e-07 -1.5295e-07 -1.4882e-07 -1.4071e-07 -1.2859e-07 -1.1283e-07 -9.4338e-08 -7.4453e-08 -5.4848e-08 -3.7212e-08 -2.2879e-08 -1.2502e-08 -5.9310e-09 -2.3751e-09 -7.7596e-10 -1.9849e-10 -3.7824e-11 -5.0539e-12 -4.3993e-13 -2.2808e-14 -6.3114e-16 -8.1499e-18 -4.1633e-20 -6.8634e-23 -2.8384e-26 -2.1540e-30 -2.0318e-35 -1.4635e-41 -4.3651e-49 -2.4916e-58 -1.0233e-69 -8.6995e-84 -3.1059e-101 -5.9745e-123 -4.3341e-150 -3.7063e-184 -3.9627e-227 -1.3041e-281 -0.0000e+00 -0.0000e+00 -0.0000e+00 -0.0000e+00 -0.0000e+00 -0.0000e+00 -0.0000e+00 -0.0000e+00 -0.0000e+00 -0.0000e+00 -0.0000e+00 -0.0000e+00 -0.0000e+00 -0.0000e+00 -0.0000e+00 -0.0000e+00 -0.0000e+00 -0.0000e+00 -0.0000e+00 -0.0000e+00 -0.0000e+00 -0.0000e+00 -0.0000e+00 -0.0000e+00 -0.0000e+00 -0.0000e+00 -0.0000e+00 -0.0000e+00 -0.0000e+00 -0.0000e+00 -0.0000e+00 -2.8458e-11 -1.6114e-10 -4.4476e-10 0.0000e+00 -1.6032e-09 -2.5380e-09 -3.7469e-09 -5.2572e-09 -7.0959e-09 -9.2904e-09 -1.1869e-08 -1.4860e-08 -1.8292e-08 -2.2196e-08 -2.6601e-08 -3.1534e-08 -3.7023e-08 -4.3090e-08 -4.9752e-08 -5.7015e-08 -6.4875e-08 -7.3306e-08 -8.2258e-08 -9.1646e-08 -1.0134e-07 -1.1117e-07 -1.2088e-07 -1.3014e-07 -1.3855e-07 -1.4562e-07 -1.5078e-07 -1.5343e-07 -1.5295e-07 -1.4882e-07 -1.4071e-07 -1.2859e-07 -1.1283e-07 -9.4337e-08 -7.4453e-08 -5.4848e-08 -3.7212e-08 -2.2879e-08 -1.2502e-08 -5.9310e-09 -2.3751e-09 -7.7596e-10 -1.9849e-10 -3.7823e-11 -5.0538e-12 -4.3992e-13 -2.2808e-14 -6.3113e-16 -8.1497e-18 -4.1631e-20 -6.8631e-23 -2.8383e-26 -2.1539e-30 -2.0317e-35 -1.4634e-41 -4.3647e-49 -2.4914e-58 -1.0232e-69 -8.6980e-84 -3.1053e-101 -5.9730e-123 -4.3327e-150 -3.7049e-184 -3.9608e-227 -1.3033e-281 -0.0000e+00 -0.0000e+00 -0.0000e+00 -0.0000e+00 -0.0000e+00 -0.0000e+00 -0.0000e+00 -0.0000e+00 -0.0000e+00 -0.0000e+00 -0.0000e+00 -0.0000e+00 -0.0000e+00 -0.0000e+00 -0.0000e+00 -0.0000e+00 -0.0000e+00 -0.0000e+00 -0.0000e+00 -0.0000e+00 -0.0000e+00 -0.0000e+00 -0.0000e+00 -0.0000e+00 -0.0000e+00 -0.0000e+00 -0.0000e+00 -0.0000e+00 -0.0000e+00 -0.0000e+00 -0.0000e+00
-4.9859e-11 -2.8232e-10 -7.7923e-10 -1.6032e-09 7.4973e-08 -4.4466e-09 -6.5647e-09 -9.2107e-09 -1.2432e-08 -1.6277e-08 -2.0794e-08 -2.6034e-08 -3.2048e-08 -3.8888e-08 -4.6605e-08 -5.5248e-08 -6.4865e-08 -7.5494e-08 -8.7166e-08 -9.9892e-08 -1.1366e-07 -1.2843e-07 -1.4412e-07 -1.6057e-07 -1.7756e-07 -1.9477e-07 -2.1177e-07 -2.2800e-07 -2.4274e-07 -2.5512e-07 -2.6417e-07 -2.6880e-07 -2.6797e-07 -2.6074e-07 -2.4653e-07 -2.2529e-07 -1.9769e-07 -1.6528e-07 -1.3044e-07 -9.6095e-08 -6.5197e-08 -4.0084e-08 -2.1903e-08 -1.0391e-08 -4.1613e-09 -1.3595e-09 -3.4778e-10 -6.6271e-11 -8.8549e-12 -7.7081e-13 -3.9963e-14 -1.1059e-15 -1.4280e-17 -7.2950e-20 -1.2027e-22 -4.9738e-26 -3.7747e-30 -3.5607e-35 -2.5649e-41 -7.6508e-49 -4.3675e-58 -1.7939e-69 -1.5253e-83 -5.4465e-101 -1.0479e-122 -7.6036e-150 -6.5043e-184 -6.9570e-227 -2.2906e-281 -0.0000e+00 -0.0000e+00 -0.0000e+00 -0.0000e+00 -0.0000e+00 -0.0000e+00 -0.0000e+00 -0.0000e+00 -0.0000e+00 -0.0000e+00 -0.0000e+00 -0.0000e+00 -0.0000e+00 -0.0000e+00 -0.0000e+00 -0.0000e+00 -0.0000e+00 -0.0000e+00 -0.0000e+00 -0.0000e+00 -0.0000e+00 -0.0000e+00 -0.0000e+00 -0.0000e+00 -0.0000e+00 -0.0000e+00 -0.0000e+00 -0.0000e+00 -0.0000e+00 -0.0000e+00 -0.0000e+00 -4.9859e-11 -2.8232e-10 -7.7923e-10 -1.6032e-09 0.0000e+00 -4.4466e-09 -6.5647e-09 -9.2107e-09 -1.2432e-08 -1.6277e-08 -2.0794e-08 -2.6034e-08 -3.2048e-08 -3.8888e-08 -4.6605e-08 -5.5248e-08 -6.4865e-08 -7.5494e-08 -8.7166e-08 -9.9892e-08 -1.1366e-07 -1.2843e-07 -1.4412e-07 -1.6057e-07 -1.7756e-07 -1.9477e-07 -2.1177e-07 -2.2800e-07 -2.4274e-07 -2.5512e-07 -2.6417e-07 -2.6880e-07 -2.6797e-07 -2.6074e-07 -2.4653e-07 -2.2529e-07 -1.9769e-07 -1.6528e-07 -1.3044e-07 -9.6094e-08 -6.5196e-08 -4.0084e-08 -2.1903e-08 -1.0391e-08 -4.1612e-09 -1.3595e-09 -3.4777e-10 -6.6268e-11 -8.8545e-12 -7.7076e-13 -3.9960e-14 -1.1058e-15 -1.4279e-17 -7.2942e-20 -1.2025e-22 -4.9730e-26 -3.7739e-30 -3.5599e-35 -2.5641e-41 -7.6480e-49 -4.3656e-58 -1.7930e-69 -1.5243e-83 -5.4421e-101 -1.0469e-122 -7.5944e-150 -6.4946e-184 -6.9441e-227 -2.2853e-281 -0.0000e+00 -0.0000e+00 -0.0000e+00 -0.0000e+00 -0.0000e+00 -0.0000e+00 -0.0000e+00 -0.0000e+00 -0.0000e+00 -0.0000e+00 -0.0000e+00 -0.0000e+00 -0.0000e+00 -0.0000e+00 -0.0000e+00 -0.0000e+00 -0.0000e+00 -0.0000e+00 -0.0000e+00 -0.0000e+00 -0.0000e+00 -0.0000e+00 -0.0000e+00 -0.0000e+00 -0.0000e+00 -0.0000e+00 -0.0000e+00 -0.0000e+00 -0.0000e+00 -0.0000e+00 -0.0000e+00
-7.8929e-11 -4.4692e-10 -1.2336e-09 -2.5380e-09 -4.4466e-09 2.2507e-07 -1.0392e-08 -1.4581e-08 -1.9681e-08 -2.5767e-08 -3.2919e-08 -4.1214e-08 -5.0734e-08 -6.1562e-08 -7.3778e-08 -8.7461e-08 -1.0268e-07 -1.1951e-07 -1.3799e-07 -1.5813e-07 -1.7993e-07 -2.0332e-07 -2.2814e-07 -2.5418e-07 -2.8108e-07 -3.0833e-07 -3.3525e-07 -3.6094e-07 -3.8427e-07 -4.0387e-07 -4.1819e-07 -4.2553e-07 -4.2421e-07 -4.1277e-07 -3.9028e-07 -3.5665e-07 -3.1295e-07 -2.6165e-07 -2.0650e-07 -1.5213e-07 -1.0321e-07 -6.3458e-08 -3.4676e-08 -1.6451e-08 -6.5879e-09 -2.1524e-09 -5.5060e-10 -1.0492e-10 -1.4020e-11 -1.2204e-12 -6.3275e-14 -1.7511e-15 -2.2613e-17 -1.1552e-19 -1.9047e-22 -7.8778e-26 -5.9792e-30 -5.6410e-35 -4.0639e-41 -1.2125e-48 -6.9231e-58 -2.8445e-69 -2.4193e-83 -8.6428e-101 -1.6638e-122 -1.2081e-149 -1.0343e-183 -1.1075e-226 -3.6514e-281 -0.0000e+00 -0.0000e+00 -0.0000e+00 -0.0000e+00 -0.0000e+00 -0.0000e+00 -0.0000e+00 -0.0000e+00 -0.0000e+00 -0.0000e+00 -0.0000e+00 -0.0000e+00 -0.0000e+00 -0.0000e+00 -0.0000e+00 -0.0000e+00 -0.0000e+00 -0.0000e+00 -0.0000e+00 -0.0000e+00 -0.0000e+00 -0.0000e+00 -0.0000e+00 -0.0000e+00 -0.0000e+00 -0.0000e+00 -0.0000e+00 -0.0000e+00 -0.0000e+00 -0.0000e+00 -0.0000e+00 -7.8929e-11 -4.4692e-10 -1.2336e-09 -2.5380e-09 -4.4466e-09 0.0000e+00 -1.0392e-08 -1.4581e-08 -1.9681e-08 -2.5767e-08 -3.2919e-08 -4.1214e-08 -5.0734e-08 -6.1562e-08 -7.3778e-08 -8.7461e-08 -1.0268e-07 -1.1951e-07 -1.3799e-07 -1.5813e-07 -1.7993e-07 -2.0332e-07 -2.2814e-07 -2.5418e-07 -2.8108e-07 -3.0833e-07 -3.3525e-07 -3.6094e-07 -3.8427e-07 -4.0387e-07 -4.1819e-07 -4.2553e-07 -4.2421e-07 -4.1277e-07 -3.9028e-07 -3.5664e-07 -3.1295e-07 -2.6165e-07 -2.0650e-07 -1.5212e-07 -1.0321e-07 -6.3455e-08 -3.4674e-08 -1.6450e-08 -6.5875e-09 -2.1522e-09 -5.5055e-10 -1.0491e-10 -1.4018e-11 -1.2202e-12 -6.3263e-14 -1.7506e-15 -2.2606e-17 -1.1548e-19 -1.9039e-22 -7.8739e-26 -5.9756e-30 -5.6368e-35 -4.0603e-41 -1.2112e-48 -6.9140e-58 -2.8399e-69 -2.4146e-83 -8.6221e-101 -1.6589e-122 -1.2037e-149 -1.0297e-183 -1.1013e-226 -3.6262e-281 -0.0000e+00 -0.0000e+00 -0.0000e+00 -0.0000e+00 -0.0000e+00 -0.0000e+00 -0.0000e+00 -0.0000e+00 -0.0000e+00 -0.0000e+00 -0.0000e+00 -0.0000e+00 -0.0000e+00 -0.0000e+00 -0.0000e+00 -0.0000e+00 -0.0000e+00 -0.0000e+00 -0.0000e+00 -0.0000e+00 -0.0000e+00 -0.0000e+00 -0.0000e+00 -0.0000e+00 -0.0000e+00 -0.0000e+00 -0.0000e+00 -0.0000e+00 -0.0000e+00 -0.0000e+00 -0.0000e+00
-1.1653e-10 -6.5981e-10 -1.8212e-09 -3.7469e-09 -6.5647e-09 -1.0392e-08 5.7113e-07 -2.1527e-08 -2.9055e-08 -3.8041e-08 -4.8599e-08 -6.0846e-08 -7.4902e-08 -9.0886e-08 -1.0892e-07 -1.2912e-07 -1.5160e-07 -1.7644e-07 -2.0372e-07 -2.3346e-07 -2.6564e-07 -3.0017e-07 -3.3682e-07 -3.7526e-07 -4.1498e-07 -4.5521e-07 -4.9495e-07 -5.3287e-07 -5.6731e-07 -5.9626e-07 -6.1740e-07 -6.2824e-07 -6.2629e-07 -6.0941e-07 -5.7620e-07 -5.2655e-07 -4.6204e-07 -3.8631e-07 -3.0488e-07 -2.2461e-07 -1.5239e-07 -9.3693e-08 -5.1198e-08 -2.4290e-08 -9.7275e-09 -3.1782e-09 -8.1305e-10 -1.5494e-10 -2.0704e-11 -1.8024e-12 -9.3459e-14 -2.5866e-15 -3.3406e-17 -1.7069e-19 -2.8146e-22 -1.1644e-25 -8.8397e-30 -8.3421e-35 -6.0121e-41 -1.7945e-48 -1.0252e-57 -4.2150e-69 -3.5879e-83 -1.2831e-100 -2.4730e-122 -1.7985e-149 -1.5428e-183 -1.6561e-226 -5.4771e-281 -0.0000e+00 -0.0000e+00 -0.0000e+00 -0.0000e+00 -0.0000e+00 -0.0000e+00 -0.0000e+00 -0.0000e+00 -0.0000e+00 -0.0000e+00 -0.0000e+00 -0.0000e+00 -0.0000e+00 -0.0000e+00 -0.0000e+00 -0.0000e+00 -0.0000e+00 -0.0000e+00 -0.0000e+00 -0.0000e+00 -0.0000e+00 -0.0000e+00 -0.0000e+00 -0.0000e+00 -0.0000e+00 -0.0000e+00 -0.0000e+00 -0.0000e+00 -0.0000e+00 -0.0000e+00 -0.0000e+00 -1.1653e-10 -6.5981e-10 -1.8212e-09 -3.7469e-09 -6.5647e-09 -1.0392e-08 0.0000e+00 -2.1527e-08 -2.9055e-08 -3.8041e-08 -4.8599e-08 -6.0846e-08 -7.4902e-08 -9.0886e-08 -1.0892e-07 -1.2912e-07 -1.5160e-07 -1.7644e-07 -2.0372e-07 -2.3346e-07 -2.6564e-07 -3.0017e-07 -3.3682e-07 -3.7526e-07 -4.1497e-07 -4.5521e-07 -4.9495e-07 -5.3287e-07 -5.6731e-07 -5.9626e-07 -6.1740e-07 -6.2823e-07 -6.2628e-07 -6.0940e-07 -5.7619e-07 -5.2653e-07 -4.6203e-07 -3.8629e-07 -3.0487e-07 -2.2459e-07 -1.5238e-07 -9.3685e-08 -5.1193e-08 -2.4287e-08 -9.7259e-09 -3.1776e-09 -8.1286e-10 -1.5490e-10 -2.0697e-11 -1.8017e-12 -9.3412e-14 -2.5850e-15 -3.3382e-17 -1.7054e-19 -2.8117e-22 -1.1629e-25 -8.8261e-30 -8.3266e-35 -5.9985e-41 -1.7896e-48 -1.0218e-57 -4.1979e-69 -3.5701e-83 -1.2753e-100 -2.4546e-122 -1.7820e-149 -1.5254e-183 -1.6329e-226 -5.3822e-281 -0.0000e+00 -0.0000e+00 -0.0000e+00 -0.0000e+00 -0.0000e+00 -0.0000e+00 -0.0000e+00 -0.0000e+00 -0.0000e+00 -0.0000e+00 -0.0000e+00 -0.0000e+00 -0.0000e+00 -0.0000e+00 -0.0000e+00 -0.0000e+00 -0.0000e+00 -0.0000e+00 -0.0000e+00 -0.0000e+00 -0.0000e+00 -0.0000e+00 -0.0000e+00 -0.0000e+00 -0.0000e+00 -0.0000e+00 -0.0000e+00 -0.0000e+00 -0.0000e+00 -0.0000e+00 -0.0000e+00
-1.6349e-10 -9.2576e-10 -2.5552e-09 -5.2572e-09 -9.2107e-09 -1.4581e-08 -2.1527e-08 1.2819e-06 -4.0767e-08 -5.3374e-08 -6.8188e-08 -8.5371e-08 -1.0509e-07 -1.2752e-07 -1.5282e-07 -1.8117e-07 -2.1270e-07 -2.4756e-07 -2.8583e-07 -3.2756e-07 -3.7272e-07 -4.2115e-07 -4.7258e-07 -5.2652e-07 -5.8224e-07 -6.3869e-07 -6.9445e-07 -7.4766e-07 -7.9599e-07 -8.3661e-07 -8.6627e-07 -8.8148e-07 -8.7875e-07 -8.5507e-07 -8.0848e-07 -7.3882e-07 -6.4832e-07 -5.4205e-07 -4.2781e-07 -3.1517e-07 -2.1384e-07 -1.3148e-07 -7.1849e-08 -3.4089e-08 -1.3652e-08 -4.4609e-09 -1.1413e-09 -2.1751e-10 -2.9068e-11 -2.5309e-12 -1.3125e-13 -3.6332e-15 -4.6935e-17 -2.3988e-19 -3.9569e-22 -1.6376e-25 -1.2438e-29 -1.1745e-34 -8.4710e-41 -2.5307e-48 -1.4474e-57 -5.9588e-69 -5.0807e-83 -1.8206e-100 -3.5181e-122 -2.5667e-149 -2.2106e-183 -2.3846e-226 -7.9358e-281 -0.0000e+00 -0.0000e+00 -0.0000e+00 -0.0000e+00 -0.0000e+00 -0.0000e+00 -0.0000e+00 -0.0000e+00 -0.0000e+00 -0.0000e+00 -0.0000e+00 -0.0000e+00 -0.0000e+00 -0.0000e+00 -0.0000e+00 -0.0000e+00 -0.0000e+00 -0.0000e+00 -0.0000e+00 -0.0000e+00 -0.0000e+00 -0.0000e+00 -0.0000e+00 -0.0000e+00 -0.0000e+00 -0.0000e+00 -0.0000e+00 -0.0000e+00 -0.0000e+00 -0.0000e+00 -0.0000e+00 -1.6349e-10 -9.2576e-10 -2.5552e-09 -5.2572e-09 -9.2107e-09 -1.4581e-08 -2.1527e-08 0.0000e+00 -4.0767e-08 -5.3374e-08 -6.8188e-08 -8.5371e-08 -1.0509e-07 -1.2752e-07 -1.5282e-07 -1.8117e-07 -2.1270e-07 -2.4756e-07 -2.8583e-07 -3.2756e-07 -3.7272e-07 -4.2115e-07 -4.7258e-07 -5.2652e-07 -5.8224e-07 -6.3869e-07 -6.9444e-07 -7.4765e-07 -7.9598e-07 -8.3659e-07 -8.6626e-07 -8.8146e-07 -8.7872e-07 -8.5503e-07 -8.0844e-07 -7.3877e-07 -6.4827e-07 -5.4200e-07 -4.2776e-07 -3.1513e-07 -2.1380e-07 -1.3145e-07 -7.1831e-08 -3.4079e-08 -1.3647e-08 -4.4589e-09 -1.1407e-09 -2.1737e-10 -2.9046e-11 -2.5286e-12 -1.3110e-13 -3.6283e-15 -4.6858e-17 -2.3941e-19 -3.9476e-22 -1.6329e-25 -1.2395e-29 -1.1696e-34 -8.4282e-41 -2.5152e-48 -1.4366e-57 -5.9048e-69 -5.0246e-83 -1.7961e-100 -3.4601e-122 -2.5147e-149 -2.1555e-183 -2.3114e-226 -7.6347e-281 -0.0000e+00 -0.0000e+00 -0.0000e+00 -0.0000e+00 -0.0000e+00 -0.0000e+00 -0.0000e+00 -0.0000e+00 -0.0000e+00 -0.0000e+00 -0.0000e+00 -0.0000e+00 -0.0000e+00 -0.0000e+00 -0.0000e+00 -0.0000e+00 -0.0000e+00 -0.0000e+00 -0.0000e+00 -0.0000e+00 -0.0000e+00 -0.0000e+00 -0.0000e+00 -0.0000e+00 -0.0000e+00 -0.0000e+00 -0.0000e+00 -0.0000e+00 -0.0000e+00 -0.0000e+00 -0.0000e+00
-2.2068e-10 -1.2495e-09 -3.4489e-09 -7.0959e-09 -1.2432e-08 -1.9681e-08 -2.9055e-08 -4.0767e-08 2.6204e-06 -7.2042e-08 -9.2036e-08 -1.1523e-07 -1.4185e-07 -1.7212e-07 -2.0627e-07 -2.4453e-07 -2.8709e-07 -3.3414e-07 -3.8580e-07 -4.4212e-07 -5.0307e-07 -5.6845e-07 -6.3787e-07 -7.1067e-07 -7.8588e-07 -8.6208e-07 -9.3734e-07 -1.0092e-06 -1.0744e-06 -1.1292e-06 -1.1693e-06 -1.1898e-06 -1.1862e-06 -1.1542e-06 -1.0913e-06 -9.9731e-07 -8.7517e-07 -7.3174e-07 -5.7754e-07 -4.2549e-07 -2.8871e-07 -1.7752e-07 -9.7016e-08 -4.6034e-08 -1.8438e-08 -6.0252e-09 -1.5417e-09 -2.9387e-10 -3.9282e-11 -3.4211e-12 -1.7747e-13 -4.9143e-15 -6.3511e-17 -3.2477e-19 -5.3606e-22 -2.2202e-25 -1.6880e-29 -1.5957e-34 -1.1524e-40 -3.4487e-48 -1.9765e-57 -8.1575e-69 -6.9770e-83 -2.5097e-100 -4.8725e-122 -3.5755e-149 -3.1016e-183 -3.3759e-226 -1.1361e-280 -0.0000e+00 -0.0000e+00 -0.0000e+00 -0.0000e+00 -0.0000e+00 -0.0000e+00 -0.0000e+00 -0.0000e+00 -0.0000e+00 -0.0000e+00 -0.0000e+00 -0.0000e+00 -0.0000e+00 -0.0000e+00 -0.0000e+00 -0.0000e+00 -0.0000e+00 -0.0000e+00 -0.0000e+00 -0.0000e+00 -0.0000e+00 -0.0000e+00 -0.0000e+00 -0.0000e+00 -0.0000e+00 -0.0000e+00 -0.0000e+00 -0.0000e+00 -0.0000e+00 -0.0000e+00 -0.0000e+00 -2.2068e-10 -1.2495e-09 -3.4489e-09 -7.0959e-09 -1.2432e-08 -1.9681e-08 -2.9055e-08 -4.0767e-08 0.0000e+00 -7.2042e-08 -9.2036e-08 -1.1523e-07 -1.4185e-07 -1.7212e-07 -2.0627e-07 -2.4453e-07 -2.8709e-07 -3.3414e-07 -3.8580e-07 -4.4212e-07 -5.0307e-07 -5.6845e-07 -6.3786e-07 -7.1067e-07 -7.8587e-07 -8.6206e-07 -9.3733e-07 -1.0091e-06 -1.0744e-06 -1.1292e-06 -1.1692e-06 -1.1898e-06 -1.1861e-06 -1.1541e-06 -1.0912e-06 -9.9718e-07 -8.7503e-07 -7.3160e-07 -5.7740e-07 -4.2537e-07 -2.8861e-07 -1.7745e-07 -9.6967e-08 -4.6005e-08 -1.8424e-08 -6.0198e-09 -1.5400e-09 -2.9349e-10 -3.9220e-11 -3.4146e-12 -1.7706e-13 -4.9007e-15 -6.3300e-17 -3.2347e-19 -5.3348e-22 -2.2073e-25 -1.6761e-29 -1.5822e-34 -1.1406e-40 -3.4058e-48 -1.9467e-57 -8.0081e-69 -6.8216e-83 -2.4416e-100 -4.7113e-122 -3.4310e-149 -2.9483e-183 -3.1716e-226 -1.0519e-280 -0.0000e+00 -0.0000e+00 -0.0000e+00 -0.0000e+00 -0.0000e+00 -0.0000e+00 -0.0000e+00 -0.0000e+00 -0.0000e+00 -0.0000e+00 -0.0000e+00 -0.0000e+00 -0.0000e+00 -0.0000e+00 -0.0000e+00 -0.0000e+00 -0.0000e+00 -0.0000e+00 -0.0000e+00 -0.0000e+00 -0.0000e+00 -0.0000e+00 -0.0000e+00 -0.0000e+00 -0.0000e+00 -0.0000e+00 -0.0000e+00 -0.0000e+00 -0.0000e+00 -0.0000e+00 -0.0000e+00
-2.8892e-10 -1.6360e-09 -4.5155e-09 -9.2904e-09 -1.6277e-08 -2.5767e-08 -3.8041e-08 -5.3374e-08 -7.2042e-08 4.9768e-06 -1.2050e-07 -1.5087e-07 -1.8572e-07 -2.2535e-07 -2.7007e-07 -3.2016e-07 -3.7588e-07 -4.3748e-07 -5.0511e-07 -5.7886e-07 -6.5866e-07 -7.4426e-07 -8.3515e-07 -9.3047e-07 -1.0289e-06 -1.1287e-06 -1.2273e-06 -1.3213e-06 -1.4067e-06 -1.4785e-06 -1.5310e-06 -1.5579e-06 -1.5531e-06 -1.5113e-06 -1.4290e-06 -1.3060e-06 -1.1461e-06 -9.5829e-07 -7.5639e-07 -5.5730e-07 -3.7817e-07 -2.3256e-07 -1.2711e-07 -6.0320e-08 -2.4164e-08 -7.8982e-09 -2.0215e-09 -3.8544e-10 -5.1540e-11 -4.4906e-12 -2.3307e-13 -6.4580e-15 -8.3526e-17 -4.2751e-19 -7.0642e-22 -2.9298e-25 -2.2310e-29 -2.1132e-34 -1.5298e-40 -4.5914e-48 -2.6407e-57 -1.0946e-68 -9.4121e-83 -3.4077e-100 -6.6687e-122 -4.9416e-149 -4.3384e-183 -4.7919e-226 -1.6419e-280 -0.0000e+00 -0.0000e+00 -0.0000e+00 -0.0000e+00 -0.0000e+00 -0.0000e+00 -0.0000e+00 -0.0000e+00 -0.0000e+00 -0.0000e+00 -0.0000e+00 -0.0000e+00 -0.0000e+00 -0.0000e+00 -0.0000e+00 -0.0000e+00 -0.0000e+00 -0.0000e+00 -0.0000e+00 -0.0000e+00 -0.0000e+00 -0.0000e+00 -0.0000e+00 -0.0000e+00 -0.0000e+00 -0.0000e+00 -0.0000e+00 -0.0000e+00 -0.0000e+00 -0.0000e+00 -0.0000e+00 -2.8892e-10 -1.6360e-09 -4.5155e-09 -9.2904e-09 -1.6277e-08 -2.5767e-08 -3.8041e-08 -5.3374e-08 -7.2042e-08 0.0000e+00 -1.2050e-07 -1.5087e-07 -1.8572e-07 -2.2535e-07 -2.7007e-07 -3.2015e-07 -3.7588e-07 -4.3748e-07 -5.0511e-07 -5.7886e-07 -6.5866e-07 -7.4425e-07 -8.3514e-07 -9.3046e-07 -1.0289e-06 -1.1287e-06 -1.2272e-06 -1.3213e-06 -1.4067e-06 -1.4784e-06 -1.5309e-06 -1.5578e-06 -1.5529e-06 -1.5111e-06 -1.4288e-06 -1.3057e-06 -1.1457e-06 -9.5795e-07 -7.5606e-07 -5.5700e-07 -3.7792e-07 -2.3237e-07 -1.2698e-07 -6.0250e-08 -2.4130e-08 -7.8847e-09 -2.0173e-09 -3.8448e-10 -5.1386e-11 -4.4744e-12 -2.3206e-13 -6.4244e-15 -8.3001e-17 -4.2428e-19 -6.9999e-22 -2.8976e-25 -2.2015e-29 -2.0795e-34 -1.5003e-40 -4.4844e-48 -2.5663e-57 -1.0573e-68 -9.0231e-83 -3.2370e-100 -6.2637e-122 -4.5777e-149 -3.9511e-183 -4.2740e-226 -1.4273e-280 -0.0000e+00 -0.0000e+00 -0.0000e+00 -0.0000e+00 -0.0000e+00 -0.0000e+00 -0.0000e+00 -0.0000e+00 -0.0000e+00 -0.0000e+00 -0.0000e+00 -0.0000e+00 -0.0000e+00 -0.0000e+00 -0.0000e+00 -0.0000e+00 -0.0000e+00 -0.0000e+00 -0.0000e+00 -0.0000e+00 -0.0000e+00 -0.0000e+00 -0.0000e+00 -0.0000e+00 -0.0000e+00 -0.0000e+00 -0.0000e+00 -0.0000e+00 -0.0000e+00 -0.0000e+00 -0.0000e+00
-3.6911e-10 -2.0900e-09 -5.7687e-09 -1.1869e-08 -2.0794e-08 -3.2919e-08 -4.8599e-08 -6.8188e-08 -9.2036e-08 -1.2050e-07 8.9079e-06 -1.9274e-07 -2.3726e-07 -2.8789e-07 -3.4502e-07 -4.0901e-07 -4.8020e-07 -5.5890e-07 -6.4530e-07 -7.3952e-07 -8.4147e-07 -9.5083e-07 -1.0669e-06 -1.1887e-06 -1.3145e-06 -1.4420e-06 -1.5679e-06 -1.6881e-06 -1.7973e-06 -1.8890e-06 -1.9561e-06 -1.9905e-06 -1.9845e-06 -1.9311e-06 -1.8261e-06 -1.6689e-06 -1.4647e-06 -1.2248e-06 -9.6682e-07 -7.1243e-07 -4.8350e-07 -2.9738e-07 -1.6257e-07 -7.7168e-08 -3.0922e-08 -1.0111e-08 -2.5888e-09 -4.9386e-10 -6.6077e-11 -5.7613e-12 -2.9928e-13 -8.3014e-15 -1.0750e-16 -5.5106e-19 -9.1226e-22 -3.7918e-25 -2.8951e-29 -2.7512e-34 -1.9995e-40 -6.0294e-48 -3.4878e-57 -1.4559e-68 -1.2625e-82 -4.6179e-100 -9.1503e-122 -6.8835e-149 -6.1543e-183 -6.9487e-226 -2.4445e-280 -0.0000e+00 -0.0000e+00 -0.0000e+00 -0.0000e+00 -0.0000e+00 -0.0000e+00 -0.0000e+00 -0.0000e+00 -0.0000e+00 -0.0000e+00 -0.0000e+00 -0.0000e+00 -0.0000e+00 -0.0000e+00 -0.0000e+00 -0.0000e+00 -0.0000e+00 -0.0000e+00 -0.0000e+00 -0.0000e+00 -0.0000e+00 -0.0000e+00 -0.0000e+00 -0.0000e+00 -0.0000e+00 -0.0000e+00 -0.0000e+00 -0.0000e+00 -0.0000e+00 -0.0000e+00 -0.0000e+00 -3.6911e-10 -2.0900e-09 -5.7687e-09 -1.1869e-08 -2.0794e-08 -3.2919e-08 -4.8599e-08 -6.8188e-08 -9.2036e-08 -1.2050e-07 0.0000e+00 -1.9274e-07 -2.3726e-07 -2.8789e-07 -3.4502e-07 -4.0901e-07 -4.8020e-07 -5.5889e-07 -6.4530e-07 -7.3951e-07 -8.4146e-07 -9.5081e-07 -1.0669e-06 -1.1887e-06 -1.3145e-06 -1.4419e-06 -1.5678e-06 -1.6880e-06 -1.7971e-06 -1.8888e-06 -1.9558e-06 -1.9902e-06 -1.9840e-06 -1.9306e-06 -1.8254e-06 -1.6682e-06 -1.4639e-06 -1.2240e-06 -9.6606e-07 -7.1174e-07 -4.8294e-07 -2.9695e-07 -1.6229e-07 -7.7007e-08 -3.0844e-08 -1.0080e-08 -2.5793e-09 -4.9167e-10 -6.5725e-11 -5.7244e-12 -2.9697e-13 -8.2243e-15 -1.0630e-16 -5.4366e-19 -8.9751e-22 -3.7180e-25 -2.8274e-29 -2.6737e-34 -1.9317e-40 -5.7832e-48 -3.3162e-57 -1.3697e-68 -1.1725e-82 -4.2221e-100 -8.2082e-122 -6.0337e-149 -5.2456e-183 -5.7257e-226 -1.9339e-280 -0.0000e+00 -0.0000e+00 -0.0000e+00 -0.0000e+00 -0.0000e+00 -0.0000e+00 -0.0000e+00 -0.0000e+00 -0.0000e+00 -0.0000e+00 -0.0000e+00 -0.0000e+00 -0.0000e+00 -0.0000e+00 -0.0000e+00 -0.0000e+00 -0.0000e+00 -0.0000e+00 -0.0000e+00 -0.0000e+00 -0.0000e+00 -0.0000e+00 -0.0000e+00 -0.0000e+00 -0.0000e+00 -0.0000e+00 -0.0000e+00 -0.0000e+00 -0.0000e+00 -0.0000e+00 -0.0000e+00
-4.6212e-10 -2.6167e-09 -7.2224e-09 -1.4860e-08 -2.6034e-08 -4.1214e-08 -6.0846e-08 -8.5371e-08 -1.1523e-07 -1.5087e-07 -1.9274e-07 1.5185e-05 -2.9705e-07 -3.6044e-07 -4.3197e-07 -5.1208e-07 -6.0122e-07 -6.9974e-07 -8.0792e-07 -9.2589e-07 -1.0535e-06 -1.1905e-06 -1.3358e-06 -1.4883e-06 -1.6459e-06 -1.8055e-06 -1.9632e-06 -2.1137e-06 -2.2504e-06 -2.3654e-06 -2.4494e-06 -2.4926e-06 -2.4852e-06 -2.4185e-06 -2.2871e-06 -2.0904e-06 -1.8348e-06 -1.5345e-06 -1.2115e-06 -8.9286e-07 -6.0609e-07 -3.7288e-07 -2.0391e-07 -9.6828e-08 -3.8818e-08 -1.2699e-08 -3.2537e-09 -6.2121e-10 -8.3196e-11 -7.2622e-12 -3.7777e-13 -1.0496e-14 -1.3619e-16 -6.9978e-19 -1.1618e-21 -4.8457e-25 -3.7153e-29 -3.5483e-34 -2.5944e-40 -7.8806e-48 -4.5987e-57 -1.9399e-68 -1.7035e-82 -6.3262e-100 -1.2764e-121 -9.8104e-149 -8.9974e-183 -1.0468e-225 -3.8141e-280 -0.0000e+00 -0.0000e+00 -0.0000e+00 -0.0000e+00 -0.0000e+00 -0.0000e+00 -0.0000e+00 -0.0000e+00 -0.0000e+00 -0.0000e+00 -0.0000e+00 -0.0000e+00 -0.0000e+00 -0.0000e+00 -0.0000e+00 -0.0000e+00 -0.0000e+00 -0.0000e+00 -0.0000e+00 -0.0000e+00 -0.0000e+00 -0.0000e+00 -0.0000e+00 -0.0000e+00 -0.0000e+00 -0.0000e+00 -0.0000e+00 -0.0000e+00 -0.0000e+00 -0.0000e+00 -0.0000e+00 -4.6212e-10 -2.6167e-09 -7.2224e-09 -1.4860e-08 -2.6034e-08 -4.1214e-08 -6.0846e-08 -8.5371e-08 -1.1523e-07 -1.5087e-07 -1.9274e-07 0.0000e+00 -2.9705e-07 -3.6044e-07 -4.3196e-07 -5.1208e-07 -6.0121e-07 -6.9974e-07 -8.0792e-07 -9.2587e-07 -1.0535e-06 -1.1904e-06 -1.3358e-06 -1.4883e-06 -1.6458e-06 -1.8053e-06 -1.9630e-06 -2.1134e-06 -2.2500e-06 -2.3649e-06 -2.4488e-06 -2.4919e-06 -2.4842e-06 -2.4173e-06 -2.2857e-06 -2.0889e-06 -1.8331e-06 -1.5328e-06 -1.2098e-06 -8.9140e-07 -6.0488e-07 -3.7197e-07 -2.0331e-07 -9.6484e-08 -3.8651e-08 -1.2633e-08 -3.2334e-09 -6.1654e-10 -8.2443e-11 -7.1832e-12 -3.7283e-13 -1.0331e-14 -1.3362e-16 -6.8393e-19 -1.1302e-21 -4.6876e-25 -3.5698e-29 -3.3817e-34 -2.4485e-40 -7.3497e-48 -4.2281e-57 -1.7531e-68 -1.5080e-82 -5.4626e-100 -1.0698e-121 -7.9354e-149 -6.9767e-183 -7.7220e-226 -2.6537e-280 -0.0000e+00 -0.0000e+00 -0.0000e+00 -0.0000e+00 -0.0000e+00 -0.0000e+00 -0.0000e+00 -0.0000e+00 -0.0000e+00 -0.0000e+00 -0.0000e+00 -0.0000e+00 -0.0000e+00 -0.0000e+00 -0.0000e+00 -0.0000e+00 -0.0000e+00 -0.0000e+00 -0.0000e+00 -0.0000e+00 -0.0000e+00 -0.0000e+00 -0.0000e+00 -0.0000e+00 -0.0000e+00 -0.0000e+00 -0.0000e+00 -0.0000e+00 -0.0000e+00 -0.0000e+00 -0.0000e+00
-5.6888e-10 -3.2212e-09 -8.8908e-09 -1.8292e-08 -3.2048e-08 -5.0734e-08 -7.4902e-08 -1.0509e-07 -1.4185e-07 -1.8572e-07 -2.3726e-07 -2.9705e-07 2.4850e-05 -4.4370e-07 -5.3175e-07 -6.3037e-07 -7.4010e-07 -8.6139e-07 -9.9456e-07 -1.1398e-06 -1.2969e-06 -1.4655e-06 -1.6445e-06 -1.8322e-06 -2.0262e-06 -2.2227e-06 -2.4169e-06 -2.6022e-06 -2.7706e-06 -2.9123e-06 -3.0159e-06 -3.0693e-06 -3.0604e-06 -2.9785e-06 -2.8170e-06 -2.5751e-06 -2.2605e-06 -1.8909e-06 -1.4932e-06 -1.1008e-06 -7.4752e-07 -4.6007e-07 -2.5171e-07 -1.1960e-07 -4.7981e-08 -1.5710e-08 -4.0293e-09 -7.7021e-10 -1.0330e-10 -9.0330e-12 -4.7087e-13 -1.3115e-14 -1.7069e-16 -8.8024e-19 -1.4677e-21 -6.1534e-25 -4.7472e-29 -4.5676e-34 -3.3694e-40 -1.0343e-47 -6.1120e-57 -2.6170e-68 -2.3390e-82 -8.8684e-100 -1.8333e-121 -1.4496e-148 -1.3738e-182 -1.6598e-225 -6.3143e-280 -0.0000e+00 -0.0000e+00 -0.0000e+00 -0.0000e+00 -0.0000e+00 -0.0000e+00 -0.0000e+00 -0.0000e+00 -0.0000e+00 -0.0000e+00 -0.0000e+00 -0.0000e+00 -0.0000e+00 -0.0000e+00 -0.0000e+00 -0.0000e+00 -0.0000e+00 -0.0000e+00 -0.0000e+00 -0.0000e+00 -0.0000e+00 -0.0000e+00 -0.0000e+00 -0.0000e+00 -0.0000e+00 -0.0000e+00 -0.0000e+00 -0.0000e+00 -0.0000e+00 -0.0000e+00 -0.0000e+00 -5.6888e-10 -3.2212e-09 -8.8908e-09 -1.8292e-08 -3.2048e-08 -5.0734e-08 -7.4902e-08 -1.0509e-07 -1.4185e-07 -1.8572e-07 -2.3726e-07 -2.9705e-07 0.0000e+00 -4.4370e-07 -5.3175e-07 -6.3037e-07 -7.4010e-07 -8.6138e-07 -9.9455e-07 -1.1398e-06 -1.2969e-06 -1.4654e-06 -1.6444e-06 -1.8321e-06 -2.0260e-06 -2.2224e-06 -2.4165e-06 -2.6017e-06 -2.7699e-06 -2.9114e-06 -3.0147e-06 -3.0678e-06 -3.0584e-06 -2.9762e-06 -2.8143e-06 -2.5720e-06 -2.2572e-06 -1.8875e-06 -1.4900e-06 -1.0979e-06 -7.4509e-07 -4.5825e-07 -2.5051e-07 -1.1891e-07 -4.7645e-08 -1.5578e-08 -3.9883e-09 -7.6079e-10 -1.0178e-10 -8.8735e-12 -4.6089e-13 -1.2782e-14 -1.6550e-16 -8.4815e-19 -1.4037e-21 -5.8326e-25 -4.4517e-29 -4.2285e-34 -3.0716e-40 -9.2571e-48 -5.3513e-57 -2.2321e-68 -1.9340e-82 -7.0686e-100 -1.3996e-121 -1.0522e-148 -9.4053e-183 -1.0624e-225 -3.7437e-280 -0.0000e+00 -0.0000e+00 -0.0000e+00 -0.0000e+00 -0.0000e+00 -0.0000e+00 -0.0000e+00 -0.0000e+00 -0.0000e+00 -0.0000e+00 -0.0000e+00 -0.0000e+00 -0.0000e+00 -0.0000e+00 -0.0000e+00 -0.0000e+00 -0.0000e+00 -0.0000e+00 -0.0000e+00 -0.0000e+00 -0.0000e+00 -0.0000e+00 -0.0000e+00 -0.0000e+00 -0.0000e+00 -0.0000e+00 -0.0000e+00 -0.0000e+00 -0.0000e+00 -0.0000e+00 -0.0000e+00
-6.9028e-10 -3.9086e-09 -1.0788e-08 -2.2196e-08 -3.8888e-08 -6.1562e-08 -9.0886e-08 -1.2752e-07 -1.7212e-07 -2.2535e-07 -2.8789e-07 -3.6044e-07 -4.4370e-07 3.9285e-05 -6.4524e-07 -7.6491e-07 -8.9805e-07 -1.0452e-06 -1.2068e-06 -1.3830e-06 -1.5737e-06 -1.7783e-06 -1.9955e-06 -2.2234e-06 -2.4588e-06 -2.6973e-06 -2.9331e-06 -3.1581e-06 -3.3627e-06 -3.5348e-06 -3.6609e-06 -3.7260e-06 -3.7155e-06 -3.6167e-06 -3.4211e-06 -3.1279e-06 -2.7465e-06 -2.2981e-06 -1.8154e-06 -1.3389e-06 -9.0964e-07 -5.6019e-07 -3.0671e-07 -1.4586e-07 -5.8577e-08 -1.9203e-08 -4.9326e-09 -9.4458e-10 -1.2696e-10 -1.1131e-11 -5.8199e-13 -1.6270e-14 -2.1268e-16 -1.1025e-18 -1.8498e-21 -7.8131e-25 -6.0809e-29 -5.9120e-34 -4.4152e-40 -1.3752e-47 -8.2655e-57 -3.6101e-68 -3.3019e-82 -1.2857e-99 -2.7404e-121 -2.2437e-148 -2.2121e-182 -2.7943e-225 -1.1176e-279 -0.0000e+00 -0.0000e+00 -0.0000e+00 -0.0000e+00 -0.0000e+00 -0.0000e+00 -0.0000e+00 -0.0000e+00 -0.0000e+00 -0.0000e+00 -0.0000e+00 -0.0000e+00 -0.0000e+00 -0.0000e+00 -0.0000e+00 -0.0000e+00 -0.0000e+00 -0.0000e+00 -0.0000e+00 -0.0000e+00 -0.0000e+00 -0.0000e+00 -0.0000e+00 -0.0000e+00 -0.0000e+00 -0.0000e+00 -0.0000e+00 -0.0000e+00 -0.0000e+00 -0.0000e+00 -0.0000e+00 -6.9028e-10 -3.9086e-09 -1.0788e-08 -2.2196e-08 -3.8888e-08 -6.1562e-08 -9.0886e-08 -1.2752e-07 -1.7212e-07 -2.2535e-07 -2.8789e-07 -3.6044e-07 -4.4370e-07 0.0000e+00 -6.4523e-07 -7.6490e-07 -8.9804e-07 -1.0452e-06 -1.2068e-06 -1.3830e-06 -1.5737e-06 -1.7782e-06 -1.9953e-06 -2.2231e-06 -2.4584e-06 -2.6968e-06 -2.9323e-06 -3.1571e-06 -3.3613e-06 -3.5330e-06 -3.6585e-06 -3.7230e-06 -3.7118e-06 -3.6122e-06 -3.4158e-06 -3.1220e-06 -2.7401e-06 -2.2915e-06 -1.8091e-06 -1.3332e-06 -9.0496e-07 -5.5669e-07 -3.0440e-07 -1.4453e-07 -5.7932e-08 -1.8949e-08 -4.8539e-09 -9.2647e-10 -1.2404e-10 -1.0824e-11 -5.6277e-13 -1.5628e-14 -2.0265e-16 -1.0405e-18 -1.7259e-21 -7.1910e-25 -5.5066e-29 -5.2513e-34 -3.8331e-40 -1.1620e-47 -6.7652e-57 -2.8464e-68 -2.4925e-82 -9.2276e-100 -1.8559e-121 -1.4222e-148 -1.3012e-182 -1.5120e-225 -5.5145e-280 -0.0000e+00 -0.0000e+00 -0.0000e+00 -0.0000e+00 -0.0000e+00 -0.0000e+00 -0.0000e+00 -0.0000e+00 -0.0000e+00 -0.0000e+00 -0.0000e+00 -0.0000e+00 -0.0000e+00 -0.0000e+00 -0.0000e+00 -0.0000e+00 -0.0000e+00 -0.0000e+00 -0.0000e+00 -0.0000e+00 -0.0000e+00 -0.0000e+00 -0.0000e+00 -0.0000e+00 -0.0000e+00 -0.0000e+00 -0.0000e+00 -0.0000e+00 -0.0000e+00 -0.0000e+00 -0.0000e+00
-8.2725e-10 -4.6842e-09 -1.2929e-08 -2.6601e-08 -4.6605e-08 -7.3778e-08 -1.0892e-07 -1.5282e-07 -2.0627e-07 -2.7007e-07 -3.4502e-07 -4.3197e-07 -5.3175e-07 -6.4524e-07 6.0291e-05 -9.1669e-07 -1.0763e-06 -1.2527e-06 -1.4463e-06 -1.6575e-06 -1.8861e-06 -2.1313e-06 -2.3917e-06 -2.6648e-06 -2.9470e-06 -3.2331e-06 -3.5158e-06 -3.7858e-06 -4.0312e-06 -4.2380e-06 -4.3896e-06 -4.4683e-06 -4.4564e-06 -4.3386e-06 -4.1050e-06 -3.7543e-06 -3.2976e-06 -2.7604e-06 -2.1817e-06 -1.6100e-06 -1.0946e-06 -6.7471e-07 -3.6980e-07 -1.7608e-07 -7.0823e-08 -2.3260e-08 -5.9875e-09 -1.1496e-09 -1.5499e-10 -1.3637e-11 -7.1619e-13 -2.0126e-14 -2.6471e-16 -1.3822e-18 -2.3392e-21 -9.9808e-25 -7.8612e-29 -7.7504e-34 -5.8831e-40 -1.8672e-47 -1.1470e-56 -5.1364e-68 -4.8334e-82 -1.9436e-99 -4.2957e-121 -3.6629e-148 -3.7788e-182 -5.0212e-225 -2.1250e-279 -0.0000e+00 -0.0000e+00 -0.0000e+00 -0.0000e+00 -0.0000e+00 -0.0000e+00 -0.0000e+00 -0.0000e+00 -0.0000e+00 -0.0000e+00 -0.0000e+00 -0.0000e+00 -0.0000e+00 -0.0000e+00 -0.0000e+00 -0.0000e+00 -0.0000e+00 -0.0000e+00 -0.0000e+00 -0.0000e+00 -0.0000e+00 -0.0000e+00 -0.0000e+00 -0.0000e+00 -0.0000e+00 -0.0000e+00 -0.0000e+00 -0.0000e+00 -0.0000e+00 -0.0000e+00 -0.0000e+00 -8.2725e-10 -4.6842e-09 -1.2929e-08 -2.6601e-08 -4.6605e-08 -7.3778e-08 -1.0892e-07 -1.5282e-07 -2.0627e-07 -2.7007e-07 -3.4502e-07 -4.3196e-07 -5.3175e-07 -6.4523e-07 0.0000e+00 -9.1668e-07 -1.0762e-06 -1.2526e-06 -1.4463e-06 -1.6574e-06 -1.8859e-06 -2.1311e-06 -2.3913e-06 -2.6643e-06 -2.9464e-06 -3.2321e-06 -3.5144e-06 -3.7839e-06 -4.0287e-06 -4.2347e-06 -4.3852e-06 -4.4628e-06 -4.4496e-06 -4.3304e-06 -4.0953e-06 -3.7434e-06 -3.2859e-06 -2.7483e-06 -2.1701e-06 -1.5996e-06 -1.0860e-06 -6.6828e-07 -3.6554e-07 -1.7363e-07 -6.9634e-08 -2.2790e-08 -5.8423e-09 -1.1161e-09 -1.4959e-10 -1.3070e-11 -6.8062e-13 -1.8935e-14 -2.4609e-16 -1.2669e-18 -2.1084e-21 -8.8188e-25 -6.7850e-29 -6.5075e-34 -4.7828e-40 -1.4620e-47 -8.5981e-57 -3.6620e-68 -3.2542e-82 -1.2264e-99 -2.5203e-121 -1.9822e-148 -1.8711e-182 -2.2575e-225 -8.6116e-280 -0.0000e+00 -0.0000e+00 -0.0000e+00 -0.0000e+00 -0.0000e+00 -0.0000e+00 -0.0000e+00 -0.0000e+00 -0.0000e+00 -0.0000e+00 -0.0000e+00 -0.0000e+00 -0.0000e+00 -0.0000e+00 -0.0000e+00 -0.0000e+00 -0.0000e+00 -0.0000e+00 -0.0000e+00 -0.0000e+00 -0.0000e+00 -0.0000e+00 -0.0000e+00 -0.0000e+00 -0.0000e+00 -0.0000e+00 -0.0000e+00 -0.0000e+00 -0.0000e+00 -0.0000e+00 -0.0000e+00
-9.8068e-10 -5.5529e-09 -1.5327e-08 -3.1534e-08 -5.5248e-08 -8.7461e-08 -1.2912e-07 -1.8117e-07 -2.4453e-07 -3.2016e-07 -4.0901e-07 -5.1208e-07 -6.3037e-07 -7.6491e-07 -9.1669e-07 9.0181e-05 -1.2759e-06 -1.4850e-06 -1.7146e-06 -1.9650e-06 -2.2360e-06 -2.5267e-06 -2.8355e-06 -3.1594e-06 -3.4942e-06 -3.8335e-06 -4.1690e-06 -4.4895e-06 -4.7811e-06 -5.0269e-06 -5.2075e-06 -5.3018e-06 -5.2889e-06 -5.1506e-06 -4.8749e-06 -4.4602e-06 -3.9196e-06 -3.2830e-06 -2.5966e-06 -1.9179e-06 -1.3053e-06 -8.0554e-07 -4.4217e-07 -2.1091e-07 -8.5012e-08 -2.7991e-08 -7.2271e-09 -1.3925e-09 -1.8855e-10 -1.6675e-11 -8.8096e-13 -2.4932e-14 -3.3066e-16 -1.7436e-18 -2.9847e-21 -1.2906e-24 -1.0323e-28 -1.0361e-33 -8.0273e-40 -2.6079e-47 -1.6449e-56 -7.5884e-68 -7.3828e-82 -3.0812e-99 -7.0967e-121 -6.3348e-148 -6.8762e-182 -9.6695e-225 -4.3603e-279 -0.0000e+00 -0.0000e+00 -0.0000e+00 -0.0000e+00 -0.0000e+00 -0.0000e+00 -0.0000e+00 -0.0000e+00 -0.0000e+00 -0.0000e+00 -0.0000e+00 -0.0000e+00 -0.0000e+00 -0.0000e+00 -0.0000e+00 -0.0000e+00 -0.0000e+00 -0.0000e+00 -0.0000e+00 -0.0000e+00 -0.0000e+00 -0.0000e+00 -0.0000e+00 -0.0000e+00 -0.0000e+00 -0.0000e+00 -0.0000e+00 -0.0000e+00 -0.0000e+00 -0.0000e+00 -0.0000e+00 -9.8068e-10 -5.5529e-09 -1.5327e-08 -3.1534e-08 -5.5248e-08 -8.7461e-08 -1.2912e-07 -1.8117e-07 -2.4453e-07 -3.2015e-07 -4.0901e-07 -5.1208e-07 -6.3037e-07 -7.6490e-07 -9.1668e-07 0.0000e+00 -1.2759e-06 -1.4849e-06 -1.7145e-06 -1.9649e-06 -2.2358e-06 -2.5264e-06 -2.8349e-06 -3.1586e-06 -3.4930e-06 -3.8318e-06 -4.1666e-06 -4.4862e-06 -4.7767e-06 -5.0210e-06 -5.1998e-06 -5.2921e-06 -5.2768e-06 -5.1359e-06 -4.8577e-06 -4.4409e-06 -3.8987e-06 -3.2616e-06 -2.5760e-06 -1.8993e-06 -1.2900e-06 -7.9411e-07 -4.3459e-07 -2.0656e-07 -8.2898e-08 -2.7156e-08 -6.9686e-09 -1.3330e-09 -1.7893e-10 -1.5661e-11 -8.1735e-13 -2.2799e-14 -2.9724e-16 -1.5361e-18 -2.5678e-21 -1.0800e-24 -8.3638e-29 -8.0855e-34 -5.9995e-40 -1.8551e-47 -1.1061e-56 -4.7895e-68 -4.3416e-82 -1.6756e-99 -3.5426e-121 -2.8821e-148 -2.8323e-182 -3.5837e-225 -1.4461e-279 -0.0000e+00 -0.0000e+00 -0.0000e+00 -0.0000e+00 -0.0000e+00 -0.0000e+00 -0.0000e+00 -0.0000e+00 -0.0000e+00 -0.0000e+00 -0.0000e+00 -0.0000e+00 -0.0000e+00 -0.0000e+00 -0.0000e+00 -0.0000e+00 -0.0000e+00 -0.0000e+00 -0.0000e+00 -0.0000e+00 -0.0000e+00 -0.0000e+00 -0.0000e+00 -0.0000e+00 -0.0000e+00 -0.0000e+00 -0.0000e+00 -0.0000e+00 -0.0000e+00 -0.0000e+00 -0.0000e+00
