4.7193e-06 -5.0113e-06 -1.3832e-05 -2.8458e-05 -4.9859e-05 -7.8930e-05 -1.1653e-04 -1.6350e-04 -2.2070e-04 -2.8899e-04 -3.6927e-04 -4.6246e-04 -5.6955e-04 -6.9158e-04 -8.2964e-04 -9.8491e-04 -1.1587e-03 -1.3522e-03 -1.5671e-03 -1.8047e-03 -2.0669e-03 -2.3554e-03 -2.6722e-03 -3.0195e-03 -3.3993e-03 -3.8143e-03 -4.2670e-03 -4.7602e-03 -5.2969e-03 -5.8802e-03 -6.5135e-03 -7.2001e-03 -7.9436e-03 -8.7476e-03 -9.6157e-03 -1.0551e-02 -1.1557e-02 -1.2636e-02 -1.3790e-02 -1.5019e-02 -1.6322e-02 -1.7696e-02 -1.9134e-02 -2.0625e-02 -2.2153e-02 -2.3695e-02 -2.5221e-02 -2.6688e-02 -2.8045e-02 -2.9223e-02 -3.0144e-02 -3.0713e-02 -3.0829e-02 -3.0387e-02 -2.9291e-02 -2.7473e-02 -2.4916e-02 -2.1679e-02 -1.7920e-02 -1.3898e-02 -9.9575e-03 -6.4606e-03 -3.7012e-03 -1.8126e-03 -7.2774e-04 -2.2693e-04 -5.1217e-05 -7.6260e-06 -6.6284e-07 -2.8573e-08 -4.9080e-10 -2.4979e-12 -2.5125e-15 -2.8557e-19 -1.6814e-24 -1.7054e-31 -6.1772e-41 -8.1741e-54 -1.3832e-71 -1.9980e-96 -1.2102e-131 -2.2739e-182 -9.8513e-257 0.0000e+00 0.0000e+00 0.0000e+00 0.0000e+00 0.0000e+00 0.0000e+00 0.0000e+00 0.0000e+00 0.0000e+00 0.0000e+00 0.0000e+00 0.0000e+00 0.0000e+00 0.0000e+00 0.0000e+00 0.0000e+00 0.0000e+00 0.0000e+00 5.0113e-06 1.3832e-05 2.8458e-05 4.9859e-05 7.8930e-05 1.1653e-04 1.6350e-04 2.2070e-04 2.8899e-04 3.6927e-04 4.6246e-04 5.6955e-04 6.9158e-04 8.2964e-04 9.8491e-04 1.1587e-03 1.3522e-03 1.5671e-03 1.8047e-03 2.0669e-03 2.3554e-03 2.6722e-03 3.0195e-03 3.3993e-03 3.8143e-03 4.2670e-03 4.7602e-03 5.2969e-03 5.8802e-03 6.5135e-03 7.2001e-03 7.9436e-03 8.7476e-03 9.6157e-03 1.0551e-02 1.1557e-02 1.2636e-02 1.3790e-02 1.5019e-02 1.6322e-02 1.7696e-02 1.9134e-02 2.0625e-02 2.2153e-02 2.3695e-02 2.5221e-02 2.6688e-02 2.8045e-02 2.9223e-02 3.0144e-02 3.0713e-02 3.0829e-02 3.0387e-02 2.9291e-02 2.7473e-02 2.4916e-02 2.1679e-02 1.7920e-02 1.3898e-02 9.9575e-03 6.4606e-03 3.7012e-03 1.8126e-03 7.2774e-04 2.2693e-04 5.1217e-05 7.6260e-06 6.6284e-07 2.8573e-08 4.9080e-10 2.4979e-12 2.5125e-15 2.8557e-19 1.6814e-24 1.7054e-31 6.1772e-41 8.1741e-54 1.3832e-71 1.9980e-96 1.2102e-131 2.2739e-182 9.8513e-257 0.0000e+00 0.0000e+00 0.0000e+00 0.0000e+00 0.0000e+00 0.0000e+00 0.0000e+00 0.0000e+00 0.0000e+00 0.0000e+00 0.0000e+00 0.0000e+00 0.0000e+00 0.0000e+00 0.0000e+00 0.0000e+00 0.0000e+00
-5.0113e-06 -2.9500e-02 -7.8320e-05 -1.6114e-04 -2.8232e-04 -4.4693e-04 -6.5983e-04 -9.2581e-04 -1.2497e-03 -1.6364e-03 -2.0909e-03 -2.6186e-03 -3.2250e-03 -3.9159e-03 -4.6977e-03 -5.5769e-03 -6.5607e-03 -7.6567e-03 -8.8732e-03 -1.0219e-02 -1.1704e-02 -1.3337e-02 -1.5131e-02 -1.7097e-02 -1.9248e-02 -2.1598e-02 -2.4161e-02 -2.6954e-02 -2.9993e-02 -3.3296e-02 -3.6881e-02 -4.0769e-02 -4.4979e-02 -4.9532e-02 -5.4447e-02 -5.9744e-02 -6.5441e-02 -7.1551e-02 -7.8084e-02 -8.5043e-02 -9.2422e-02 -1.0020e-01 -1.0834e-01 -1.1678e-01 -1.2544e-01 -1.3417e-01 -1.4281e-01 -1.5112e-01 -1.5880e-01 -1.6547e-01 -1.7068e-01 -1.7391e-01 -1.7457e-01 -1.7206e-01 -1.6585e-01 -1.5556e-01 -1.4108e-01 -1.2276e-01 -1.0147e-01 -7.8697e-02 -5.6382e-02 -3.6582e-02 -2.0958e-02 -1.0263e-02 -4.1207e-03 -1.2850e-03 -2.9001e-04 -4.3181e-05 -3.7532e-06 -1.6179e-07 -2.7791e-09 -1.4144e-11 -1.4227e-14 -1.6170e-18 -9.5205e-24 -9.6565e-31 -3.4977e-40 -4.6285e-53 -7.8321e-71 -1.1314e-95 -6.8526e-131 -1.2876e-181 -5.5781e-256 0.0000e+00 0.0000e+00 0.0000e+00 0.0000e+00 0.0000e+00 0.0000e+00 0.0000e+00 0.0000e+00 0.0000e+00 0.0000e+00 0.0000e+00 0.0000e+00 0.0000e+00 0.0000e+00 0.0000e+00 0.0000e+00 0.0000e+00 5.0113e-06 0.0000e+00 7.8320e-05 1.6114e-04 2.8232e-04 4.4693e-04 6.5983e-04 9.2581e-04 1.2497e-03 1.6364e-03 2.0909e-03 2.6186e-03 3.2250e-03 3.9159e-03 4.6977e-03 5.5769e-03 6.5607e-03 7.6567e-03 8.8732e-03 1.0219e-02 1.1704e-02 1.3337e-02 1.5131e-02 1.7097e-02 1.9248e-02 2.1598e-02 2.4161e-02 2.6954e-02 2.9993e-02 3.3296e-02 3.6881e-02 4.0769e-02 4.4979e-02 4.9532e-02 5.4447e-02 5.9744e-02 6.5441e-02 7.1551e-02 7.8084e-02 8.5043e-02 9.2422e-02 1.0020e-01 1.0834e-01 1.1678e-01 1.2544e-01 1.3417e-01 1.4281e-01 1.5112e-01 1.5880e-01 1.6547e-01 1.7068e-01 1.7391e-01 1.7457e-01 1.7206e-01 1.6585e-01 1.5556e-01 1.4108e-01 1.2276e-01 1.0147e-01 7.8697e-02 5.6382e-02 3.6582e-02 2.0958e-02 1.0263e-02 4.1207e-03 1.2850e-03 2.9001e-04 4.3181e-05 3.7532e-06 1.6179e-07 2.7791e-09 1.4144e-11 1.4227e-14 1.6170e-18 9.5205e-24 9.6565e-31 3.4977e-40 4.6285e-53 7.8321e-71 1.1314e-95 6.8526e-131 1.2876e-181 5.5781e-256 0.0000e+00 0.0000e+00 0.0000e+00 0.0000e+00 0.0000e+00 0.0000e+00 0.0000e+00 0.0000e+00 0.0000e+00 0.0000e+00 0.0000e+00 0.0000e+00 0.0000e+00 0.0000e+00 0.0000e+00 0.0000e+00 0.0000e+00
-1.3832e-05 -7.8320e-05 3.4537e-03 -4.4476e-04 -7.7923e-04 -1.2336e-03 -1.8212e-03 -2.5554e-03 -3.4493e-03 -4.5166e-03 -5.7712e-03 -7.2277e-03 -8.9014e-03 -1.0808e-02 -1.2966e-02 -1.5393e-02 -1.8108e-02 -2.1134e-02 -2.4491e-02 -2.8206e-02 -3.2303e-02 -3.6813e-02 -4.1764e-02 -4.7190e-02 -5.3127e-02 -5.9613e-02 -6.6688e-02 -7.4396e-02 -8.2784e-02 -9.1900e-02 -1.0180e-01 -1.1253e-01 -1.2415e-01 -1.3671e-01 -1.5028e-01 -1.6490e-01 -1.8062e-01 -1.9749e-01 -2.1552e-01 -2.3473e-01 -2.5510e-01 -2.7657e-01 -2.9904e-01 -3.2234e-01 -3.4622e-01 -3.7033e-01 -3.9417e-01 -4.1711e-01 -4.3830e-01 -4.5672e-01 -4.7111e-01 -4.8001e-01 -4.8183e-01 -4.7491e-01 -4.5778e-01 -4.2937e-01 -3.8941e-01 -3.3882e-01 -2.8006e-01 -2.1721e-01 -1.5562e-01 -1.0097e-01 -5.7846e-02 -2.8328e-02 -1.1374e-02 -3.5467e-03 -8.0045e-04 -1.1919e-04 -1.0359e-05 -4.4656e-07 -7.6706e-09 -3.9040e-11 -3.9268e-14 -4.4631e-18 -2.6278e-23 -2.6653e-30 -9.6542e-40 -1.2775e-52 -2.1618e-70 -3.1227e-95 -1.8914e-130 -3.5539e-181 -1.5396e-255 0.0000e+00 0.0000e+00 0.0000e+00 0.0000e+00 0.0000e+00 0.0000e+00 0.0000e+00 0.0000e+00 0.0000e+00 0.0000e+00 0.0000e+00 0.0000e+00 0.0000e+00 0.0000e+00 0.0000e+00 0.0000e+00 0.0000e+00 1.3832e-05 7.8320e-05 0.0000e+00 4.4476e-04 7.7923e-04 1.2336e-03 1.8212e-03 2.5554e-03 3.4493e-03 4.5166e-03 5.7712e-03 7.2277e-03 8.9014e-03 1.0808e-02 1.2966e-02 1.5393e-02 1.8108e-02 2.1134e-02 2.4491e-02 2.8206e-02 3.2303e-02 3.6813e-02 4.1764e-02 4.7190e-02 5.3127e-02 5.9613e-02 6.6688e-02 7.4396e-02 8.2784e-02 9.1900e-02 1.0180e-01 1.1253e-01 1.2415e-01 1.3671e-01 1.5028e-01 1.6490e-01 1.8062e-01 1.9749e-01 2.1552e-01 2.3473e-01 2.5510e-01 2.7657e-01 2.9904e-01 3.2234e-01 3.4622e-01 3.7033e-01 3.9417e-01 4.1711e-01 4.3830e-01 4.5672e-01 4.7111e-01 4.8001e-01 4.8183e-01 4.7491e-01 4.5778e-01 4.2937e-01 3.8941e-01 3.3882e-01 2.8006e-01 2.1721e-01 1.5562e-01 1.0097e-01 5.7846e-02 2.8328e-02 1.1374e-02 3.5467e-03 8.0045e-04 1.1919e-04 1.0359e-05 4.4656e-07 7.6706e-09 3.9040e-11 3.9268e-14 4.4631e-18 2.6278e-23 2.6653e-30 9.6542e-40 1.2775e-52 2.1618e-70 3.1227e-95 1.8914e-130 3.5538e-181 1.5396e-255 0.0000e+00 0.0000e+00 0.0000e+00 0.0000e+00 0.0000e+00 0.0000e+00 0.0000e+00 0.0000e+00 0.0000e+00 0.0000e+00 0.0000e+00 0.0000e+00 0.0000e+00 0.0000e+00 0.0000e+00 0.0000e+00 0.0000e+00
-2.8458e-05 -1.6114e-04 -4.4476e-04 1.9471e-02 -1.6032e-03 -2.5380e-03 -3.7470e-03 -5.2575e-03 -7.0968e-03 -9.2926e-03 -1.1874e-02 -1.4871e-02 -1.8314e-02 -2.2238e-02 -2.6677e-02 -3.1670e-02 -3.7257e-02 -4.3481e-02 -5.0389e-02 -5.8032e-02 -6.6462e-02 -7.5740e-02 -8.5927e-02 -9.7092e-02 -1.0931e-01 -1.2265e-01 -1.3721e-01 -1.5307e-01 -1.7032e-01 -1.8908e-01 -2.0944e-01 -2.3152e-01 -2.5543e-01 -2.8128e-01 -3.0920e-01 -3.3928e-01 -3.7163e-01 -4.0632e-01 -4.4342e-01 -4.8294e-01 -5.2485e-01 -5.6902e-01 -6.1525e-01 -6.6320e-01 -7.1233e-01 -7.6193e-01 -8.1099e-01 -8.5818e-01 -9.0178e-01 -9.3968e-01 -9.6928e-01 -9.8759e-01 -9.9133e-01 -9.7711e-01 -9.4186e-01 -8.8340e-01 -8.0118e-01 -6.9710e-01 -5.7621e-01 -4.4691e-01 -3.2019e-01 -2.0774e-01 -1.1901e-01 -5.8284e-02 -2.3401e-02 -7.2971e-03 -1.6469e-03 -2.4522e-04 -2.1314e-05 -9.1877e-07 -1.5782e-08 -8.0322e-11 -8.0791e-14 -9.1827e-18 -5.4065e-23 -5.4838e-30 -1.9863e-39 -2.6284e-52 -4.4477e-70 -6.4248e-95 -3.8915e-130 -7.3120e-181 -3.1678e-255 0.0000e+00 0.0000e+00 0.0000e+00 0.0000e+00 0.0000e+00 0.0000e+00 0.0000e+00 0.0000e+00 0.0000e+00 0.0000e+00 0.0000e+00 0.0000e+00 0.0000e+00 0.0000e+00 0.0000e+00 0.0000e+00 0.0000e+00 2.8458e-05 1.6114e-04 4.4476e-04 0.0000e+00 1.6032e-03 2.5380e-03 3.7470e-03 5.2575e-03 7.0968e-03 9.2926e-03 1.1874e-02 1.4871e-02 1.8314e-02 2.2238e-02 2.6677e-02 3.1670e-02 3.7257e-02 4.3481e-02 5.0389e-02 5.8032e-02 6.6462e-02 7.5740e-02 8.5927e-02 9.7092e-02 1.0931e-01 1.2265e-01 1.3721e-01 1.5307e-01 1.7032e-01 1.8908e-01 2.0944e-01 2.3152e-01 2.5543e-01 2.8128e-01 3.0920e-01 3.3928e-01 3.7163e-01 4.0632e-01 4.4342e-01 4.8294e-01 5.2485e-01 5.6902e-01 6.1525e-01 6.6320e-01 7.1233e-01 7.6193e-01 8.1099e-01 8.5818e-01 9.0178e-01 9.3968e-01 9.6928e-01 9.8759e-01 9.9133e-01 9.7711e-01 9.4186e-01 8.8340e-01 8.0118e-01 6.9710e-01 5.7621e-01 4.4691e-01 3.2019e-01 2.0774e-01 1.1901e-01 5.8284e-02 2.3401e-02 7.2971e-03 1.6469e-03 2.4522e-04 2.1314e-05 9.1877e-07 1.5782e-08 8.0322e-11 8.0791e-14 9.1827e-18 5.4065e-23 5.4837e-30 1.9863e-39 2.6284e-52 4.4477e-70 6.4247e-95 3.8915e-130 7.3118e-181 3.1677e-255 0.0000e+00 0.0000e+00 0.0000e+00 0.0000e+00 0.0000e+00 0.0000e+00 0.0000e+00 0.0000e+00 0.0000e+00 0.0000e+00 0.0000e+00 0.0000e+00 0.0000e+00 0.0000e+00 0.0000e+00 0.0000e+00 0.0000e+00
-4.9859e-05 -2.8232e-04 -7.7923e-04 -1.6032e-03 7.5300e-02 -4.4466e-03 -6.5649e-03 -9.2113e-03 -1.2434e-02 -1.6281e-02 -2.0803e-02 -2.6053e-02 -3.2087e-02 -3.8961e-02 -4.6739e-02 -5.5487e-02 -6.5275e-02 -7.6180e-02 -8.8283e-02 -1.0167e-01 -1.1644e-01 -1.3270e-01 -1.5055e-01 -1.7011e-01 -1.9151e-01 -2.1489e-01 -2.4039e-01 -2.6817e-01 -2.9841e-01 -3.3127e-01 -3.6695e-01 -4.0563e-01 -4.4752e-01 -4.9281e-01 -5.4172e-01 -5.9442e-01 -6.5109e-01 -7.1188e-01 -7.7689e-01 -8.4613e-01 -9.1954e-01 -9.9694e-01 -1.0779e+00 -1.1619e+00 -1.2480e+00 -1.3349e+00 -1.4209e+00 -1.5035e+00 -1.5799e+00 -1.6463e+00 -1.6982e+00 -1.7303e+00 -1.7368e+00 -1.7119e+00 -1.6501e+00 -1.5477e+00 -1.4037e+00 -1.2213e+00 -1.0095e+00 -7.8299e-01 -5.6097e-01 -3.6397e-01 -2.0852e-01 -1.0211e-01 -4.0999e-02 -1.2785e-02 -2.8854e-03 -4.2963e-04 -3.7342e-05 -1.6097e-06 -2.7650e-08 -1.4073e-10 -1.4155e-13 -1.6088e-17 -9.4724e-23 -9.6077e-30 -3.4801e-39 -4.6051e-52 -7.7927e-70 -1.1257e-94 -6.8182e-130 -1.2811e-180 -5.5504e-255 0.0000e+00 0.0000e+00 0.0000e+00 0.0000e+00 0.0000e+00 0.0000e+00 0.0000e+00 0.0000e+00 0.0000e+00 0.0000e+00 0.0000e+00 0.0000e+00 0.0000e+00 0.0000e+00 0.0000e+00 0.0000e+00 0.0000e+00 4.9859e-05 2.8232e-04 7.7923e-04 1.6032e-03 0.0000e+00 4.4466e-03 6.5649e-03 9.2113e-03 1.2434e-02 1.6281e-02 2.0803e-02 2.6053e-02 3.2087e-02 3.8961e-02 4.6739e-02 5.5487e-02 6.5275e-02 7.6180e-02 8.8283e-02 1.0167e-01 1.1644e-01 1.3270e-01 1.5055e-01 1.7011e-01 1.9151e-01 2.1489e-01 2.4039e-01 2.6817e-01 2.9841e-01 3.3127e-01 3.6695e-01 4.0563e-01 4.4752e-01 4.9281e-01 5.4172e-01 5.9442e-01 6.5109e-01 7.1188e-01 7.7689e-01 8.4613e-01 9.1954e-01 9.9694e-01 1.0779e+00 1.1619e+00 1.2480e+00 1.3349e+00 1.4209e+00 1.5035e+00 1.5799e+00 1.6463e+00 1.6982e+00 1.7303e+00 1.7368e+00 1.7119e+00 1.6501e+00 1.5477e+00 1.4037e+00 1.2213e+00 1.0095e+00 7.8299e-01 5.6097e-01 3.6397e-01 2.0852e-01 1.0211e-01 4.0999e-02 1.2785e-02 2.8854e-03 4.2963e-04 3.7342e-05 1.6097e-06 2.7650e-08 1.4073e-10 1.4155e-13 1.6088e-17 9.4723e-23 9.6076e-30 3.4800e-39 4.6050e-52 7.7925e-70 1.1256e-94 6.8179e-130 1.2810e-180 5.5499e-255 0.0000e+00 0.0000e+00 0.0000e+00 0.0000e+00 0.0000e+00 0.0000e+00 0.0000e+00 0.0000e+00 0.0000e+00 0.0000e+00 0.0000e+00 0.0000e+00 0.0000e+00 0.0000e+00 0.0000e+00 0.0000e+00 0.0000e+00
-7.8930e-05 -4.4693e-04 -1.2336e-03 -2.5380e-03 -4.4466e-03 2.2622e-01 -1.0393e-02 -1.4582e-02 -1.9683e-02 -2.5774e-02 -3.2933e-02 -4.1244e-02 -5.0795e-02 -6.1678e-02 -7.3991e-02 -8.7839e-02 -1.0333e-01 -1.2060e-01 -1.3976e-01 -1.6095e-01 -1.8434e-01 -2.1007e-01 -2.3832e-01 -2.6929e-01 -3.0317e-01 -3.4018e-01 -3.8055e-01 -4.2454e-01 -4.7240e-01 -5.2442e-01 -5.8090e-01 -6.4213e-01 -7.0845e-01 -7.8015e-01 -8.5757e-01 -9.4101e-01 -1.0307e+00 -1.1270e+00 -1.2299e+00 -1.3395e+00 -1.4557e+00 -1.5782e+00 -1.7064e+00 -1.8394e+00 -1.9757e+00 -2.1133e+00 -2.2493e+00 -2.3802e+00 -2.5011e+00 -2.6062e+00 -2.6883e+00 -2.7391e+00 -2.7495e+00 -2.7101e+00 -2.6123e+00 -2.4502e+00 -2.2221e+00 -1.9335e+00 -1.5982e+00 -1.2395e+00 -8.8805e-01 -5.7619e-01 -3.3009e-01 -1.6165e-01 -6.4904e-02 -2.0239e-02 -4.5677e-03 -6.8013e-04 -5.9115e-05 -2.5483e-06 -4.3772e-08 -2.2278e-10 -2.2408e-13 -2.5469e-17 -1.4996e-22 -1.5210e-29 -5.5094e-39 -7.2905e-52 -1.2337e-69 -1.7821e-94 -1.0795e-129 -2.0284e-180 -8.7882e-255 0.0000e+00 0.0000e+00 0.0000e+00 0.0000e+00 0.0000e+00 0.0000e+00 0.0000e+00 0.0000e+00 0.0000e+00 0.0000e+00 0.0000e+00 0.0000e+00 0.0000e+00 0.0000e+00 0.0000e+00 0.0000e+00 0.0000e+00 7.8930e-05 4.4693e-04 1.2336e-03 2.5380e-03 4.4466e-03 0.0000e+00 1.0393e-02 1.4582e-02 1.9683e-02 2.5774e-02 3.2933e-02 4.1244e-02 5.0795e-02 6.1678e-02 7.3991e-02 8.7839e-02 1.0333e-01 1.2060e-01 1.3976e-01 1.6095e-01 1.8434e-01 2.1007e-01 2.3832e-01 2.6929e-01 3.0317e-01 3.4018e-01 3.8055e-01 4.2454e-01 4.7240e-01 5.2442e-01 5.8090e-01 6.4213e-01 7.0845e-01 7.8015e-01 8.5757e-01 9.4101e-01 1.0307e+00 1.1270e+00 1.2299e+00 1.3395e+00 1.4557e+00 1.5782e+00 1.7064e+00 1.8394e+00 1.9757e+00 2.1133e+00 2.2493e+00 2.3802e+00 2.5011e+00 2.6062e+00 2.6883e+00 2.7391e+00 2.7495e+00 2.7101e+00 2.6123e+00 2.4502e+00 2.2221e+00 1.9335e+00 1.5982e+00 1.2395e+00 8.8805e-01 5.7618e-01 3.3009e-01 1.6165e-01 6.4904e-02 2.0239e-02 4.5677e-03 6.8012e-04 5.9115e-05 2.5483e-06 4.3772e-08 2.2278e-10 2.2408e-13 2.5469e-17 1.4995e-22 1.5209e-29 5.5091e-39 7.2901e-52 1.2336e-69 1.7819e-94 1.0793e-129 2.0280e-180 8.7858e-255 0.0000e+00 0.0000e+00 0.0000e+00 0.0000e+00 0.0000e+00 0.0000e+00 0.0000e+00 0.0000e+00 0.0000e+00 0.0000e+00 0.0000e+00 0.0000e+00 0.0000e+00 0.0000e+00 0.0000e+00 0.0000e+00 0.0000e+00
-1.1653e-04 -6.5983e-04 -1.8212e-03 -3.7470e-03 -6.5649e-03 -1.0393e-02 5.7395e-01 -2.1528e-02 -2.9060e-02 -3.8051e-02 -4.8621e-02 -6.0892e-02 -7.4993e-02 -9.1060e-02 -1.0924e-01 -1.2968e-01 -1.5256e-01 -1.7805e-01 -2.0633e-01 -2.3763e-01 -2.7215e-01 -3.1014e-01 -3.5185e-01 -3.9757e-01 -4.4759e-01 -5.0223e-01 -5.6183e-01 -6.2677e-01 -6.9744e-01 -7.7424e-01 -8.5762e-01 -9.4803e-01 -1.0459e+00 -1.1518e+00 -1.2661e+00 -1.3893e+00 -1.5217e+00 -1.6638e+00 -1.8157e+00 -1.9776e+00 -2.1491e+00 -2.3300e+00 -2.5193e+00 -2.7156e+00 -2.9169e+00 -3.1200e+00 -3.3208e+00 -3.5141e+00 -3.6926e+00 -3.8478e+00 -3.9690e+00 -4.0440e+00 -4.0593e+00 -4.0010e+00 -3.8567e+00 -3.6173e+00 -3.2807e+00 -2.8545e+00 -2.3595e+00 -1.8300e+00 -1.3111e+00 -8.5067e-01 -4.8734e-01 -2.3866e-01 -9.5822e-02 -2.9880e-02 -6.7437e-03 -1.0041e-03 -8.7277e-05 -3.7623e-06 -6.4625e-08 -3.2891e-10 -3.3083e-13 -3.7603e-17 -2.2140e-22 -2.2457e-29 -8.1344e-39 -1.0764e-51 -1.8216e-69 -2.6315e-94 -1.5940e-129 -2.9955e-180 -1.2980e-254 0.0000e+00 0.0000e+00 0.0000e+00 0.0000e+00 0.0000e+00 0.0000e+00 0.0000e+00 0.0000e+00 0.0000e+00 0.0000e+00 0.0000e+00 0.0000e+00 0.0000e+00 0.0000e+00 0.0000e+00 0.0000e+00 0.0000e+00 1.1653e-04 6.5983e-04 1.8212e-03 3.7470e-03 6.5649e-03 1.0393e-02 0.0000e+00 2.1528e-02 2.9060e-02 3.8051e-02 4.8621e-02 6.0892e-02 7.4993e-02 9.1060e-02 1.0924e-01 1.2968e-01 1.5256e-01 1.7805e-01 2.0633e-01 2.3763e-01 2.7215e-01 3.1014e-01 3.5185e-01 3.9757e-01 4.4759e-01 5.0223e-01 5.6183e-01 6.2677e-01 6.9744e-01 7.7424e-01 8.5762e-01 9.4803e-01 1.0459e+00 1.1518e+00 1.2661e+00 1.3893e+00 1.5217e+00 1.6638e+00 1.8157e+00 1.9776e+00 2.1491e+00 2.3300e+00 2.5193e+00 2.7156e+00 2.9169e+00 3.1200e+00 3.3208e+00 3.5141e+00 3.6926e+00 3.8478e+00 3.9690e+00 4.0440e+00 4.0593e+00 4.0010e+00 3.8567e+00 3.6173e+00 3.2807e+00 2.8545e+00 2.3595e+00 1.8300e+00 1.3111e+00 8.5066e-01 4.8734e-01 2.3866e-01 9.5822e-02 2.9880e-02 6.7437e-03 1.0041e-03 8.7276e-05 3.7622e-06 6.4624e-08 3.2890e-10 3.3082e-13 3.7601e-17 2.2139e-22 2.2455e-29 8.1335e-39 1.0763e-51 1.8212e-69 2.6308e-94 1.5935e-129 2.9940e-180 1.2971e-254 0.0000e+00 0.0000e+00 0.0000e+00 0.0000e+00 0.0000e+00 0.0000e+00 0.0000e+00 0.0000e+00 0.0000e+00 0.0000e+00 0.0000e+00 0.0000e+00 0.0000e+00 0.0000e+00 0.0000e+00 0.0000e+00 0.0000e+00
-1.6350e-04 -9.2581e-04 -2.5554e-03 -5.2575e-03 -9.2113e-03 -1.4582e-02 -2.1528e-02 1.2883e+00 -4.0774e-02 -5.3390e-02 -6.8221e-02 -8.5438e-02 -1.0522e-01 -1.2777e-01 -1.5327e-01 -1.8196e-01 -2.1406e-01 -2.4982e-01 -2.8951e-01 -3.3342e-01 -3.8186e-01 -4.3516e-01 -4.9369e-01 -5.5784e-01 -6.2802e-01 -7.0468e-01 -7.8832e-01 -8.7944e-01 -9.7859e-01 -1.0864e+00 -1.2033e+00 -1.3302e+00 -1.4676e+00 -1.6161e+00 -1.7765e+00 -1.9493e+00 -2.1352e+00 -2.3345e+00 -2.5477e+00 -2.7747e+00 -3.0155e+00 -3.2693e+00 -3.5349e+00 -3.8104e+00 -4.0927e+00 -4.3776e+00 -4.6595e+00 -4.9306e+00 -5.1812e+00 -5.3989e+00 -5.5689e+00 -5.6742e+00 -5.6956e+00 -5.6139e+00 -5.4114e+00 -5.0756e+00 -4.6032e+00 -4.0052e+00 -3.3106e+00 -2.5677e+00 -1.8396e+00 -1.1936e+00 -6.8380e-01 -3.3487e-01 -1.3445e-01 -4.1926e-02 -9.4623e-03 -1.4089e-03 -1.2246e-04 -5.2790e-06 -9.0679e-08 -4.6152e-10 -4.6422e-13 -5.2764e-17 -3.1067e-22 -3.1512e-29 -1.1415e-38 -1.5106e-51 -2.5565e-69 -3.6934e-94 -2.2375e-129 -4.2055e-180 -1.8227e-254 0.0000e+00 0.0000e+00 0.0000e+00 0.0000e+00 0.0000e+00 0.0000e+00 0.0000e+00 0.0000e+00 0.0000e+00 0.0000e+00 0.0000e+00 0.0000e+00 0.0000e+00 0.0000e+00 0.0000e+00 0.0000e+00 0.0000e+00 1.6350e-04 9.2581e-04 2.5554e-03 5.2575e-03 9.2113e-03 1.4582e-02 2.1528e-02 0.0000e+00 4.0774e-02 5.3390e-02 6.8221e-02 8.5438e-02 1.0522e-01 1.2777e-01 1.5327e-01 1.8196e-01 2.1406e-01 2.4982e-01 2.8951e-01 3.3342e-01 3.8186e-01 4.3516e-01 4.9369e-01 5.5784e-01 6.2802e-01 7.0468e-01 7.8832e-01 8.7944e-01 9.7859e-01 1.0864e+00 1.2033e+00 1.3302e+00 1.4676e+00 1.6161e+00 1.7765e+00 1.9493e+00 2.1352e+00 2.3345e+00 2.5477e+00 2.7747e+00 3.0155e+00 3.2693e+00 3.5349e+00 3.8104e+00 4.0927e+00 4.3776e+00 4.6595e+00 4.9306e+00 5.1812e+00 5.3989e+00 5.5689e+00 5.6742e+00 5.6956e+00 5.6139e+00 5.4114e+00 5.0755e+00 4.6032e+00 4.0052e+00 3.3106e+00 2.5677e+00 1.8396e+00 1.1936e+00 6.8379e-01 3.3487e-01 1.3445e-01 4.1925e-02 9.4621e-03 1.4089e-03 1.2246e-04 5.2788e-06 9.0674e-08 4.6149e-10 4.6418e-13 5.2759e-17 3.1063e-22 3.1507e-29 1.1412e-38 1.5101e-51 2.5554e-69 3.6913e-94 2.2358e-129 4.2010e-180 1.8200e-254 0.0000e+00 0.0000e+00 0.0000e+00 0.0000e+00 0.0000e+00 0.0000e+00 0.0000e+00 0.0000e+00 0.0000e+00 0.0000e+00 0.0000e+00 0.0000e+00 0.0000e+00 0.0000e+00 0.0000e+00 0.0000e+00 0.0000e+00
-2.2070e-04 -1.2497e-03 -3.4493e-03 -7.0968e-03 -1.2434e-02 -1.9683e-02 -2.9060e-02 -4.0774e-02 2.6334e+00 -7.2068e-02 -9.2087e-02 -1.1533e-01 -1.4203e-01 -1.7246e-01 -2.0689e-01 -2.4562e-01 -2.8894e-01 -3.3721e-01 -3.9079e-01 -4.5006e-01 -5.1544e-01 -5.8739e-01 -6.6640e-01 -7.5298e-01 -8.4772e-01 -9.5120e-01 -1.0641e+00 -1.1871e+00 -1.3209e+00 -1.4664e+00 -1.6243e+00 -1.7955e+00 -1.9810e+00 -2.1815e+00 -2.3979e+00 -2.6312e+00 -2.8821e+00 -3.1512e+00 -3.4389e+00 -3.7454e+00 -4.0704e+00 -4.4130e+00 -4.7715e+00 -5.1433e+00 -5.5244e+00 -5.9091e+00 -6.2895e+00 -6.6555e+00 -6.9937e+00 -7.2876e+00 -7.5171e+00 -7.6592e+00 -7.6882e+00 -7.5779e+00 -7.3045e+00 -6.8512e+00 -6.2135e+00 -5.4064e+00 -4.4688e+00 -3.4660e+00 -2.4832e+00 -1.6111e+00 -9.2302e-01 -4.5202e-01 -1.8149e-01 -5.6594e-02 -1.2773e-02 -1.9019e-03 -1.6531e-04 -7.1260e-06 -1.2241e-07 -6.2301e-10 -6.2667e-13 -7.1231e-17 -4.1942e-22 -4.2544e-29 -1.5412e-38 -2.0397e-51 -3.4523e-69 -4.9884e-94 -3.0227e-129 -5.6830e-180 -2.4643e-254 0.0000e+00 0.0000e+00 0.0000e+00 0.0000e+00 0.0000e+00 0.0000e+00 0.0000e+00 0.0000e+00 0.0000e+00 0.0000e+00 0.0000e+00 0.0000e+00 0.0000e+00 0.0000e+00 0.0000e+00 0.0000e+00 0.0000e+00 2.2070e-04 1.2497e-03 3.4493e-03 7.0968e-03 1.2434e-02 1.9683e-02 2.9060e-02 4.0774e-02 0.0000e+00 7.2068e-02 9.2087e-02 1.1533e-01 1.4203e-01 1.7246e-01 2.0689e-01 2.4562e-01 2.8894e-01 3.3721e-01 3.9079e-01 4.5006e-01 5.1544e-01 5.8739e-01 6.6640e-01 7.5298e-01 8.4772e-01 9.5120e-01 1.0641e+00 1.1871e+00 1.3209e+00 1.4664e+00 1.6243e+00 1.7955e+00 1.9810e+00 2.1815e+00 2.3979e+00 2.6312e+00 2.8821e+00 3.1512e+00 3.4389e+00 3.7454e+00 4.0704e+00 4.4130e+00 4.7715e+00 5.1433e+00 5.5244e+00 5.9091e+00 6.2895e+00 6.6555e+00 6.9937e+00 7.2876e+00 7.5171e+00 7.6592e+00 7.6881e+00 7.5778e+00 7.3045e+00 6.8511e+00 6.2135e+00 5.4063e+00 4.4688e+00 3.4659e+00 2.4832e+00 1.6111e+00 9.2300e-01 4.5201e-01 1.8148e-01 5.6592e-02 1.2772e-02 1.9018e-03 1.6530e-04 7.1254e-06 1.2239e-07 6.2293e-10 6.2657e-13 7.1215e-17 4.1930e-22 4.2529e-29 1.5405e-38 2.0384e-51 3.4494e-69 4.9826e-94 3.0180e-129 5.6706e-180 2.4567e-254 0.0000e+00 0.0000e+00 0.0000e+00 0.0000e+00 0.0000e+00 0.0000e+00 0.0000e+00 0.0000e+00 0.0000e+00 0.0000e+00 0.0000e+00 0.0000e+00 0.0000e+00 0.0000e+00 0.0000e+00 0.0000e+00 0.0000e+00
-2.8899e-04 -1.6364e-03 -4.5166e-03 -9.2926e-03 -1.6281e-02 -2.5774e-02 -3.8051e-02 -5.3390e-02 -7.2068e-02 5.0015e+00 -1.2058e-01 -1.5101e-01 -1.8598e-01 -2.2583e-01 -2.7091e-01 -3.2161e-01 -3.7835e-01 -4.4155e-01 -5.1171e-01 -5.8931e-01 -6.7493e-01 -7.6914e-01 -8.7259e-01 -9.8597e-01 -1.1100e+00 -1.2455e+00 -1.3933e+00 -1.5544e+00 -1.7296e+00 -1.9201e+00 -2.1269e+00 -2.3511e+00 -2.5939e+00 -2.8564e+00 -3.1399e+00 -3.4454e+00 -3.7739e+00 -4.1262e+00 -4.5030e+00 -4.9043e+00 -5.3299e+00 -5.7785e+00 -6.2479e+00 -6.7348e+00 -7.2338e+00 -7.7375e+00 -8.2357e+00 -8.7148e+00 -9.1577e+00 -9.5425e+00 -9.8431e+00 -1.0029e+01 -1.0067e+01 -9.9226e+00 -9.5647e+00 -8.9711e+00 -8.1361e+00 -7.0792e+00 -5.8516e+00 -4.5384e+00 -3.2516e+00 -2.1097e+00 -1.2086e+00 -5.9190e-01 -2.3765e-01 -7.4108e-02 -1.6726e-02 -2.4905e-03 -2.1647e-04 -9.3317e-06 -1.6030e-07 -8.1588e-10 -8.2070e-13 -9.3290e-17 -5.4933e-22 -5.5727e-29 -2.0190e-38 -2.6724e-51 -4.5240e-69 -6.5386e-94 -3.9636e-129 -7.4560e-180 -3.2357e-254 0.0000e+00 0.0000e+00 0.0000e+00 0.0000e+00 0.0000e+00 0.0000e+00 0.0000e+00 0.0000e+00 0.0000e+00 0.0000e+00 0.0000e+00 0.0000e+00 0.0000e+00 0.0000e+00 0.0000e+00 0.0000e+00 0.0000e+00 2.8899e-04 1.6364e-03 4.5166e-03 9.2926e-03 1.6281e-02 2.5774e-02 3.8051e-02 5.3390e-02 7.2068e-02 0.0000e+00 1.2058e-01 1.5101e-01 1.8598e-01 2.2583e-01 2.7091e-01 3.2161e-01 3.7835e-01 4.4155e-01 5.1171e-01 5.8931e-01 6.7493e-01 7.6914e-01 8.7259e-01 9.8597e-01 1.1100e+00 1.2455e+00 1.3933e+00 1.5544e+00 1.7296e+00 1.9201e+00 2.1269e+00 2.3511e+00 2.5939e+00 2.8564e+00 3.1399e+00 3.4454e+00 3.7739e+00 4.1262e+00 4.5030e+00 4.9043e+00 5.3299e+00 5.7785e+00 6.2479e+00 6.7348e+00 7.2338e+00 7.7375e+00 8.2356e+00 8.7148e+00 9.1577e+00 9.5425e+00 9.8431e+00 1.0029e+01 1.0067e+01 9.9226e+00 9.5646e+00 8.9710e+00 8.1361e+00 7.0791e+00 5.8515e+00 4.5384e+00 3.2515e+00 2.1096e+00 1.2086e+00 5.9187e-01 2.3764e-01 7.4103e-02 1.6724e-02 2.4902e-03 2.1644e-04 9.3302e-06 1.6027e-07 8.1567e-10 8.2044e-13 9.3251e-17 5.4904e-22 5.5688e-29 2.0171e-38 2.6692e-51 4.5167e-69 6.5244e-94 3.9518e-129 7.4252e-180 3.2168e-254 0.0000e+00 0.0000e+00 0.0000e+00 0.0000e+00 0.0000e+00 0.0000e+00 0.0000e+00 0.0000e+00 0.0000e+00 0.0000e+00 0.0000e+00 0.0000e+00 0.0000e+00 0.0000e+00 0.0000e+00 0.0000e+00 0.0000e+00
-3.6927e-04 -2.0909e-03 -5.7712e-03 -1.1874e-02 -2.0803e-02 -3.2933e-02 -4.8621e-02 -6.8221e-02 -9.2087e-02 -1.2058e-01 8.9520e+00 -1.9296e-01 -2.3764e-01 -2.8856e-01 -3.4616e-01 -4.1095e-01 -4.8344e-01 -5.6421e-01 -6.5384e-01 -7.5301e-01 -8.6241e-01 -9.8279e-01 -1.1150e+00 -1.2598e+00 -1.4183e+00 -1.5915e+00 -1.7804e+00 -1.9862e+00 -2.2101e+00 -2.4535e+00 -2.7177e+00 -3.0042e+00 -3.3144e+00 -3.6499e+00 -4.0121e+00 -4.4024e+00 -4.8222e+00 -5.2724e+00 -5.7538e+00 -6.2666e+00 -6.8104e+00 -7.3836e+00 -7.9835e+00 -8.6056e+00 -9.2432e+00 -9.8868e+00 -1.0523e+01 -1.1136e+01 -1.1701e+01 -1.2193e+01 -1.2577e+01 -1.2815e+01 -1.2863e+01 -1.2679e+01 -1.2222e+01 -1.1463e+01 -1.0396e+01 -9.0458e+00 -7.4771e+00 -5.7992e+00 -4.1549e+00 -2.6958e+00 -1.5444e+00 -7.5634e-01 -3.0368e-01 -9.4698e-02 -2.1373e-02 -3.1825e-03 -2.7663e-04 -1.1925e-05 -2.0486e-07 -1.0427e-09 -1.0489e-12 -1.1924e-16 -7.0222e-22 -7.1245e-29 -2.5816e-38 -3.4180e-51 -5.7880e-69 -8.3693e-94 -5.0766e-129 -9.5583e-180 -4.1535e-254 0.0000e+00 0.0000e+00 0.0000e+00 0.0000e+00 0.0000e+00 0.0000e+00 0.0000e+00 0.0000e+00 0.0000e+00 0.0000e+00 0.0000e+00 0.0000e+00 0.0000e+00 0.0000e+00 0.0000e+00 0.0000e+00 0.0000e+00 3.6927e-04 2.0909e-03 5.7712e-03 1.1874e-02 2.0803e-02 3.2933e-02 4.8621e-02 6.8221e-02 9.2087e-02 1.2058e-01 0.0000e+00 1.9296e-01 2.3764e-01 2.8856e-01 3.4616e-01 4.1095e-01 4.8344e-01 5.6421e-01 6.5384e-01 7.5301e-01 8.6241e-01 9.8279e-01 1.1150e+00 1.2598e+00 1.4183e+00 1.5915e+00 1.7804e+00 1.9862e+00 2.2101e+00 2.4535e+00 2.7177e+00 3.0042e+00 3.3144e+00 3.6499e+00 4.0121e+00 4.4024e+00 4.8222e+00 5.2724e+00 5.7538e+00 6.2666e+00 6.8104e+00 7.3836e+00 7.9834e+00 8.6055e+00 9.2431e+00 9.8867e+00 1.0523e+01 1.1136e+01 1.1701e+01 1.2193e+01 1.2577e+01 1.2815e+01 1.2863e+01 1.2679e+01 1.2221e+01 1.1463e+01 1.0396e+01 9.0455e+00 7.4769e+00 5.7990e+00 4.1547e+00 2.6956e+00 1.5443e+00 7.5628e-01 3.0365e-01 9.4686e-02 2.1370e-02 3.1819e-03 2.7657e-04 1.1922e-05 2.0478e-07 1.0422e-09 1.0483e-12 1.1915e-16 7.0155e-22 7.1156e-29 2.5774e-38 3.4106e-51 5.7713e-69 8.3367e-94 5.0495e-129 9.4878e-180 4.1104e-254 0.0000e+00 0.0000e+00 0.0000e+00 0.0000e+00 0.0000e+00 0.0000e+00 0.0000e+00 0.0000e+00 0.0000e+00 0.0000e+00 0.0000e+00 0.0000e+00 0.0000e+00 0.0000e+00 0.0000e+00 0.0000e+00 0.0000e+00
-4.6246e-04 -2.6186e-03 -7.2277e-03 -1.4871e-02 -2.6053e-02 -4.1244e-02 -6.0892e-02 -8.5438e-02 -1.1533e-01 -1.5101e-01 -1.9296e-01 1.5260e+01 -2.9762e-01 -3.6138e-01 -4.3352e-01 -5.1466e-01 -6.0545e-01 -7.0660e-01 -8.1886e-01 -9.4305e-01 -1.0801e+00 -1.2308e+00 -1.3964e+00 -1.5778e+00 -1.7763e+00 -1.9931e+00 -2.2297e+00 -2.4874e+00 -2.7679e+00 -3.0727e+00 -3.4036e+00 -3.7624e+00 -4.1509e+00 -4.5710e+00 -5.0246e+00 -5.5135e+00 -6.0392e+00 -6.6030e+00 -7.2059e+00 -7.8482e+00 -8.5291e+00 -9.2470e+00 -9.9983e+00 -1.0777e+01 -1.1576e+01 -1.2382e+01 -1.3179e+01 -1.3946e+01 -1.4655e+01 -1.5270e+01 -1.5752e+01 -1.6049e+01 -1.6110e+01 -1.5879e+01 -1.5306e+01 -1.4356e+01 -1.3020e+01 -1.1329e+01 -9.3643e+00 -7.2629e+00 -5.2036e+00 -3.3763e+00 -1.9343e+00 -9.4728e-01 -3.8034e-01 -1.1861e-01 -2.6770e-02 -3.9862e-03 -3.4650e-04 -1.4938e-05 -2.5662e-07 -1.3063e-09 -1.3142e-12 -1.4941e-16 -8.8004e-22 -8.9304e-29 -3.2369e-38 -4.2871e-51 -7.2635e-69 -1.0510e-93 -6.3817e-129 -1.2033e-179 -5.2398e-254 0.0000e+00 0.0000e+00 0.0000e+00 0.0000e+00 0.0000e+00 0.0000e+00 0.0000e+00 0.0000e+00 0.0000e+00 0.0000e+00 0.0000e+00 0.0000e+00 0.0000e+00 0.0000e+00 0.0000e+00 0.0000e+00 0.0000e+00 4.6246e-04 2.6186e-03 7.2277e-03 1.4871e-02 2.6053e-02 4.1244e-02 6.0892e-02 8.5438e-02 1.1533e-01 1.5101e-01 1.9296e-01 0.0000e+00 2.9762e-01 3.6138e-01 4.3352e-01 5.1466e-01 6.0545e-01 7.0660e-01 8.1886e-01 9.4305e-01 1.0801e+00 1.2308e+00 1.3964e+00 1.5778e+00 1.7763e+00 1.9931e+00 2.2297e+00 2.4874e+00 2.7679e+00 3.0727e+00 3.4036e+00 3.7624e+00 4.1509e+00 4.5710e+00 5.0246e+00 5.5135e+00 6.0392e+00 6.6030e+00 7.2059e+00 7.8482e+00 8.5291e+00 9.2470e+00 9.9983e+00 1.0777e+01 1.1576e+01 1.2382e+01 1.3179e+01 1.3946e+01 1.4655e+01 1.5270e+01 1.5751e+01 1.6049e+01 1.6110e+01 1.5879e+01 1.5306e+01 1.4356e+01 1.3020e+01 1.1328e+01 9.3638e+00 7.2625e+00 5.2032e+00 3.3759e+00 1.9341e+00 9.4715e-01 3.8028e-01 1.1858e-01 2.6763e-02 3.9849e-03 3.4636e-04 1.4931e-05 2.5647e-07 1.3053e-09 1.3129e-12 1.4922e-16 8.7860e-22 8.9114e-29 3.2279e-38 4.2714e-51 7.2278e-69 1.0441e-93 6.3239e-129 1.1882e-179 5.1477e-254 0.0000e+00 0.0000e+00 0.0000e+00 0.0000e+00 0.0000e+00 0.0000e+00 0.0000e+00 0.0000e+00 0.0000e+00 0.0000e+00 0.0000e+00 0.0000e+00 0.0000e+00 0.0000e+00 0.0000e+00 0.0000e+00 0.0000e+00
-5.6955e-04 -3.2250e-03 -8.9014e-03 -1.8314e-02 -3.2087e-02 -5.0795e-02 -7.4993e-02 -1.0522e-01 -1.4203e-01 -1.8598e-01 -2.3764e-01 -2.9762e-01 2.4973e+01 -4.4506e-01 -5.3391e-01 -6.3384e-01 -7.4565e-01 -8.7022e-01 -1.0085e+00 -1.1614e+00 -1.3302e+00 -1.5158e+00 -1.7197e+00 -1.9432e+00 -2.1876e+00 -2.4547e+00 -2.7460e+00 -3.0634e+00 -3.4088e+00 -3.7842e+00 -4.1917e+00 -4.6336e+00 -5.1121e+00 -5.6295e+00 -6.1882e+00 -6.7902e+00 -7.4377e+00 -8.1321e+00 -8.8746e+00 -9.6656e+00 -1.0504e+01 -1.1388e+01 -1.2314e+01 -1.3273e+01 -1.4257e+01 -1.5249e+01 -1.6231e+01 -1.7176e+01 -1.8048e+01 -1.8807e+01 -1.9399e+01 -1.9766e+01 -1.9841e+01 -1.9556e+01 -1.8851e+01 -1.7681e+01 -1.6036e+01 -1.3953e+01 -1.1533e+01 -8.9452e+00 -6.4089e+00 -4.1583e+00 -2.3824e+00 -1.1667e+00 -4.6847e-01 -1.4609e-01 -3.2974e-02 -4.9103e-03 -4.2684e-04 -1.8403e-05 -3.1617e-07 -1.6096e-09 -1.6196e-12 -1.8416e-16 -1.0850e-21 -1.1013e-28 -3.9935e-38 -5.2923e-51 -8.9735e-69 -1.2999e-93 -7.9049e-129 -1.4938e-179 -6.5258e-254 0.0000e+00 0.0000e+00 0.0000e+00 0.0000e+00 0.0000e+00 0.0000e+00 0.0000e+00 0.0000e+00 0.0000e+00 0.0000e+00 0.0000e+00 0.0000e+00 0.0000e+00 0.0000e+00 0.0000e+00 0.0000e+00 0.0000e+00 5.6955e-04 3.2250e-03 8.9014e-03 1.8314e-02 3.2087e-02 5.0795e-02 7.4993e-02 1.0522e-01 1.4203e-01 1.8598e-01 2.3764e-01 2.9762e-01 0.0000e+00 4.4506e-01 5.3391e-01 6.3384e-01 7.4565e-01 8.7022e-01 1.0085e+00 1.1614e+00 1.3302e+00 1.5158e+00 1.7197e+00 1.9432e+00 2.1876e+00 2.4547e+00 2.7460e+00 3.0634e+00 3.4088e+00 3.7842e+00 4.1917e+00 4.6336e+00 5.1121e+00 5.6295e+00 6.1882e+00 6.7902e+00 7.4376e+00 8.1321e+00 8.8746e+00 9.6655e+00 1.0504e+01 1.1388e+01 1.2314e+01 1.3273e+01 1.4256e+01 1.5249e+01 1.6231e+01 1.7175e+01 1.8048e+01 1.8806e+01 1.9399e+01 1.9766e+01 1.9840e+01 1.9556e+01 1.8850e+01 1.7680e+01 1.6035e+01 1.3952e+01 1.1532e+01 8.9443e+00 6.4081e+00 4.1577e+00 2.3819e+00 1.1665e+00 4.6834e-01 1.4604e-01 3.2960e-02 4.9077e-03 4.2657e-04 1.8388e-05 3.1586e-07 1.6075e-09 1.6169e-12 1.8378e-16 1.0821e-21 1.0975e-28 3.9753e-38 5.2605e-51 8.9016e-69 1.2858e-93 7.7883e-129 1.4634e-179 6.3398e-254 0.0000e+00 0.0000e+00 0.0000e+00 0.0000e+00 0.0000e+00 0.0000e+00 0.0000e+00 0.0000e+00 0.0000e+00 0.0000e+00 0.0000e+00 0.0000e+00 0.0000e+00 0.0000e+00 0.0000e+00 0.0000e+00 0.0000e+00
-6.9158e-04 -3.9159e-03 -1.0808e-02 -2.2238e-02 -3.8961e-02 -6.1678e-02 -9.1060e-02 -1.2777e-01 -1.7246e-01 -2.2583e-01 -2.8856e-01 -3.6138e-01 -4.4506e-01 3.9480e+01 -6.4831e-01 -7.6964e-01 -9.0541e-01 -1.0567e+00 -1.2245e+00 -1.4103e+00 -1.6151e+00 -1.8406e+00 -2.0882e+00 -2.3595e+00 -2.6563e+00 -2.9806e+00 -3.3344e+00 -3.7198e+00 -4.1392e+00 -4.5950e+00 -5.0898e+00 -5.6264e+00 -6.2074e+00 -6.8357e+00 -7.5140e+00 -8.2450e+00 -9.0312e+00 -9.8744e+00 -1.0776e+01 -1.1736e+01 -1.2755e+01 -1.3828e+01 -1.4952e+01 -1.6117e+01 -1.7311e+01 -1.8516e+01 -1.9709e+01 -2.0855e+01 -2.1915e+01 -2.2836e+01 -2.3556e+01 -2.4001e+01 -2.4092e+01 -2.3747e+01 -2.2890e+01 -2.1470e+01 -1.9472e+01 -1.6943e+01 -1.4005e+01 -1.0862e+01 -7.7826e+00 -5.0497e+00 -2.8931e+00 -1.4169e+00 -5.6893e-01 -1.7743e-01 -4.0048e-02 -5.9641e-03 -5.1849e-04 -2.2356e-05 -3.8414e-07 -1.9559e-09 -1.9684e-12 -2.2389e-16 -1.3195e-21 -1.3400e-28 -4.8620e-38 -6.4486e-51 -1.0947e-68 -1.5883e-93 -9.6810e-129 -1.8354e-179 -8.0560e-254 0.0000e+00 0.0000e+00 0.0000e+00 0.0000e+00 0.0000e+00 0.0000e+00 0.0000e+00 0.0000e+00 0.0000e+00 0.0000e+00 0.0000e+00 0.0000e+00 0.0000e+00 0.0000e+00 0.0000e+00 0.0000e+00 0.0000e+00 6.9158e-04 3.9159e-03 1.0808e-02 2.2238e-02 3.8961e-02 6.1678e-02 9.1060e-02 1.2777e-01 1.7246e-01 2.2583e-01 2.8856e-01 3.6138e-01 4.4506e-01 0.0000e+00 6.4831e-01 7.6964e-01 9.0541e-01 1.0567e+00 1.2245e+00 1.4103e+00 1.6151e+00 1.8406e+00 2.0882e+00 2.3595e+00 2.6563e+00 2.9806e+00 3.3344e+00 3.7198e+00 4.1392e+00 4.5950e+00 5.0898e+00 5.6263e+00 6.2074e+00 6.8357e+00 7.5140e+00 8.2450e+00 9.0312e+00 9.8744e+00 1.0776e+01 1.1736e+01 1.2755e+01 1.3828e+01 1.4952e+01 1.6117e+01 1.7311e+01 1.8516e+01 1.9708e+01 2.0855e+01 2.1915e+01 2.2836e+01 2.3555e+01 2.4000e+01 2.4091e+01 2.3745e+01 2.2889e+01 2.1468e+01 1.9470e+01 1.6941e+01 1.4003e+01 1.0861e+01 7.7811e+00 5.0485e+00 2.8923e+00 1.4164e+00 5.6868e-01 1.7733e-01 4.0022e-02 5.9592e-03 5.1796e-04 2.2328e-05 3.8353e-07 1.9520e-09 1.9634e-12 2.2316e-16 1.3139e-21 1.3326e-28 4.8271e-38 6.3875e-51 1.0809e-68 1.5613e-93 9.4569e-129 1.7769e-179 7.6979e-254 0.0000e+00 0.0000e+00 0.0000e+00 0.0000e+00 0.0000e+00 0.0000e+00 0.0000e+00 0.0000e+00 0.0000e+00 0.0000e+00 0.0000e+00 0.0000e+00 0.0000e+00 0.0000e+00 0.0000e+00 0.0000e+00 0.0000e+00
-8.2964e-04 -4.6977e-03 -1.2966e-02 -2.6677e-02 -4.6739e-02 -7.3991e-02 -1.0924e-01 -1.5327e-01 -2.0689e-01 -2.7091e-01 -3.4616e-01 -4.3352e-01 -5.3391e-01 -6.4831e-01 6.0589e+01 -9.2329e-01 -1.0862e+00 -1.2676e+00 -1.4690e+00 -1.6918e+00 -1.9376e+00 -2.2081e+00 -2.5050e+00 -2.8305e+00 -3.1866e+00 -3.5756e+00 -4.0000e+00 -4.4624e+00 -4.9655e+00 -5.5123e+00 -6.1059e+00 -6.7496e+00 -7.4466e+00 -8.2003e+00 -9.0141e+00 -9.8910e+00 -1.0834e+01 -1.1846e+01 -1.2927e+01 -1.4079e+01 -1.5301e+01 -1.6589e+01 -1.7937e+01 -1.9334e+01 -2.0767e+01 -2.2213e+01 -2.3643e+01 -2.5019e+01 -2.6291e+01 -2.7396e+01 -2.8259e+01 -2.8793e+01 -2.8902e+01 -2.8488e+01 -2.7461e+01 -2.5757e+01 -2.3360e+01 -2.0326e+01 -1.6802e+01 -1.3032e+01 -9.3372e+00 -6.0585e+00 -3.4712e+00 -1.7001e+00 -6.8266e-01 -2.1291e-01 -4.8060e-02 -7.1578e-03 -6.2233e-04 -2.6837e-05 -4.6122e-07 -2.3489e-09 -2.3646e-12 -2.6906e-16 -1.5865e-21 -1.6122e-28 -5.8550e-38 -7.7753e-51 -1.3221e-68 -1.9228e-93 -1.1758e-128 -2.2396e-179 -9.8963e-254 0.0000e+00 0.0000e+00 0.0000e+00 0.0000e+00 0.0000e+00 0.0000e+00 0.0000e+00 0.0000e+00 0.0000e+00 0.0000e+00 0.0000e+00 0.0000e+00 0.0000e+00 0.0000e+00 0.0000e+00 0.0000e+00 0.0000e+00 8.2964e-04 4.6977e-03 1.2966e-02 2.6677e-02 4.6739e-02 7.3991e-02 1.0924e-01 1.5327e-01 2.0689e-01 2.7091e-01 3.4616e-01 4.3352e-01 5.3391e-01 6.4831e-01 0.0000e+00 9.2329e-01 1.0862e+00 1.2676e+00 1.4690e+00 1.6918e+00 1.9376e+00 2.2081e+00 2.5050e+00 2.8305e+00 3.1866e+00 3.5756e+00 4.0000e+00 4.4624e+00 4.9655e+00 5.5123e+00 6.1059e+00 6.7496e+00 7.4466e+00 8.2003e+00 9.0141e+00 9.8910e+00 1.0834e+01 1.1846e+01 1.2927e+01 1.4079e+01 1.5301e+01 1.6589e+01 1.7937e+01 1.9334e+01 2.0767e+01 2.2213e+01 2.3643e+01 2.5019e+01 2.6290e+01 2.7395e+01 2.8258e+01 2.8792e+01 2.8900e+01 2.8486e+01 2.7458e+01 2.5754e+01 2.3357e+01 2.0323e+01 1.6798e+01 1.3029e+01 9.3344e+00 6.0564e+00 3.4696e+00 1.6992e+00 6.8221e-01 2.1273e-01 4.8012e-02 7.1489e-03 6.2137e-04 2.6785e-05 4.6009e-07 2.3416e-09 2.3553e-12 2.6770e-16 1.5762e-21 1.5987e-28 5.7907e-38 7.6627e-51 1.2966e-68 1.8730e-93 1.1345e-128 2.1316e-179 9.2344e-254 0.0000e+00 0.0000e+00 0.0000e+00 0.0000e+00 0.0000e+00 0.0000e+00 0.0000e+00 0.0000e+00 0.0000e+00 0.0000e+00 0.0000e+00 0.0000e+00 0.0000e+00 0.0000e+00 0.0000e+00 0.0000e+00 0.0000e+00
-9.8491e-04 -5.5769e-03 -1.5393e-02 -3.1670e-02 -5.5487e-02 -8.7839e-02 -1.2968e-01 -1.8196e-01 -2.4562e-01 -3.2161e-01 -4.1095e-01 -5.1466e-01 -6.3384e-01 -7.6964e-01 -9.2329e-01 9.0628e+01 -1.2894e+00 -1.5049e+00 -1.7439e+00 -2.0084e+00 -2.3002e+00 -2.6213e+00 -2.9739e+00 -3.3603e+00 -3.7830e+00 -4.2449e+00 -4.7487e+00 -5.2975e+00 -5.8948e+00 -6.5440e+00 -7.2487e+00 -8.0128e+00 -8.8403e+00 -9.7351e+00 -1.0701e+01 -1.1742e+01 -1.2862e+01 -1.4063e+01 -1.5347e+01 -1.6715e+01 -1.8165e+01 -1.9694e+01 -2.1294e+01 -2.2953e+01 -2.4654e+01 -2.6371e+01 -2.8069e+01 -2.9702e+01 -3.1212e+01 -3.2523e+01 -3.3548e+01 -3.4183e+01 -3.4313e+01 -3.3821e+01 -3.2602e+01 -3.0579e+01 -2.7734e+01 -2.4132e+01 -1.9948e+01 -1.5473e+01 -1.1086e+01 -7.1937e+00 -4.1217e+00 -2.0188e+00 -8.1069e-01 -2.5286e-01 -5.7083e-02 -8.5027e-03 -7.3938e-04 -3.1891e-05 -5.4821e-07 -2.7928e-09 -2.8126e-12 -3.2021e-16 -1.8894e-21 -1.9220e-28 -6.9888e-38 -9.2970e-51 -1.5847e-68 -2.3122e-93 -1.4204e-128 -2.7231e-179 -1.2144e-253 0.0000e+00 0.0000e+00 0.0000e+00 0.0000e+00 0.0000e+00 0.0000e+00 0.0000e+00 0.0000e+00 0.0000e+00 0.0000e+00 0.0000e+00 0.0000e+00 0.0000e+00 0.0000e+00 0.0000e+00 0.0000e+00 0.0000e+00 9.8491e-04 5.5769e-03 1.5393e-02 3.1670e-02 5.5487e-02 8.7839e-02 1.2968e-01 1.8196e-01 2.4562e-01 3.2161e-01 4.1095e-01 5.1466e-01 6.3384e-01 7.6964e-01 9.2329e-01 0.0000e+00 1.2894e+00 1.5049e+00 1.7439e+00 2.0084e+00 2.3002e+00 2.6213e+00 2.9739e+00 3.3603e+00 3.7830e+00 4.2449e+00 4.7487e+00 5.2975e+00 5.8948e+00 6.5440e+00 7.2487e+00 8.0128e+00 8.8403e+00 9.7350e+00 1.0701e+01 1.1742e+01 1.2862e+01 1.4063e+01 1.5347e+01 1.6714e+01 1.8165e+01 1.9694e+01 2.1294e+01 2.2953e+01 2.4653e+01 2.6370e+01 2.8068e+01 2.9701e+01 3.1210e+01 3.2522e+01 3.3546e+01 3.4180e+01 3.4309e+01 3.3817e+01 3.2597e+01 3.0574e+01 2.7728e+01 2.4126e+01 1.9942e+01 1.5467e+01 1.1081e+01 7.1898e+00 4.1190e+00 2.0172e+00 8.0989e-01 2.5255e-01 5.6998e-02 8.4868e-03 7.3766e-04 3.1798e-05 5.4620e-07 2.7799e-09 2.7961e-12 3.1781e-16 1.8712e-21 1.8979e-28 6.8745e-38 9.0968e-51 1.5393e-68 2.2235e-93 1.3468e-128 2.5304e-179 1.0962e-253 0.0000e+00 0.0000e+00 0.0000e+00 0.0000e+00 0.0000e+00 0.0000e+00 0.0000e+00 0.0000e+00 0.0000e+00 0.0000e+00 0.0000e+00 0.0000e+00 0.0000e+00 0.0000e+00 0.0000e+00 0.0000e+00 0.0000e+00
-1.1587e-03 -6.5607e-03 -1.8108e-02 -3.7257e-02 -6.5275e-02 -1.0333e-01 -1.5256e-01 -2.1406e-01 -2.8894e-01 -3.7835e-01 -4.8344e-01 -6.0545e-01 -7.4565e-01 -9.0541e-01 -1.0862e+00 -1.2894e+00 1.3255e+02 -1.7703e+00 -2.0516e+00 -2.3627e+00 -2.7060e+00 -3.0837e+00 -3.4985e+00 -3.9531e+00 -4.4504e+00 -4.9937e+00 -5.5863e+00 -6.2321e+00 -6.9347e+00 -7.6984e+00 -8.5274e+00 -9.4263e+00 -1.0400e+01 -1.1452e+01 -1.2589e+01 -1.3814e+01 -1.5131e+01 -1.6543e+01 -1.8054e+01 -1.9663e+01 -2.1369e+01 -2.3168e+01 -2.5050e+01 -2.7003e+01 -2.9003e+01 -3.1023e+01 -3.3021e+01 -3.4942e+01 -3.6718e+01 -3.8262e+01 -3.9468e+01 -4.0214e+01 -4.0367e+01 -3.9789e+01 -3.8355e+01 -3.5976e+01 -3.2630e+01 -2.8393e+01 -2.3471e+01 -1.8205e+01 -1.3045e+01 -8.4648e+00 -4.8503e+00 -2.3758e+00 -9.5413e-01 -2.9763e-01 -6.7200e-02 -1.0011e-02 -8.7074e-04 -3.7567e-05 -6.4600e-07 -3.2925e-09 -3.3178e-12 -3.7801e-16 -2.2327e-21 -2.2741e-28 -8.2841e-38 -1.1047e-50 -1.8890e-68 -2.7687e-93 -1.7115e-128 -3.3100e-179 -1.4945e-253 0.0000e+00 0.0000e+00 0.0000e+00 0.0000e+00 0.0000e+00 0.0000e+00 0.0000e+00 0.0000e+00 0.0000e+00 0.0000e+00 0.0000e+00 0.0000e+00 0.0000e+00 0.0000e+00 0.0000e+00 0.0000e+00 0.0000e+00 1.1587e-03 6.5607e-03 1.8108e-02 3.7257e-02 6.5275e-02 1.0333e-01 1.5256e-01 2.1406e-01 2.8894e-01 3.7835e-01 4.8344e-01 6.0545e-01 7.4565e-01 9.0541e-01 1.0862e+00 1.2894e+00 0.0000e+00 1.7703e+00 2.0516e+00 2.3627e+00 2.7060e+00 3.0837e+00 3.4985e+00 3.9531e+00 4.4504e+00 4.9937e+00 5.5863e+00 6.2320e+00 6.9347e+00 7.6983e+00 8.5274e+00 9.4263e+00 1.0400e+01 1.1452e+01 1.2589e+01 1.3814e+01 1.5131e+01 1.6543e+01 1.8054e+01 1.9663e+01 2.1369e+01 2.3168e+01 2.5050e+01 2.7002e+01 2.9002e+01 3.1022e+01 3.3019e+01 3.4940e+01 3.6716e+01 3.8259e+01 3.9464e+01 4.0210e+01 4.0362e+01 3.9783e+01 3.8347e+01 3.5967e+01 3.2620e+01 2.8382e+01 2.3460e+01 1.8196e+01 1.3036e+01 8.4582e+00 4.8456e+00 2.3730e+00 9.5276e-01 2.9710e-01 6.7052e-02 9.9840e-03 8.6779e-04 3.7408e-05 6.4256e-07 3.2703e-09 3.2894e-12 3.7387e-16 2.2013e-21 2.2327e-28 8.0871e-38 1.0701e-50 1.8108e-68 2.6157e-93 1.5843e-128 2.9766e-179 1.2894e-253 0.0000e+00 0.0000e+00 0.0000e+00 0.0000e+00 0.0000e+00 0.0000e+00 0.0000e+00 0.0000e+00 0.0000e+00 0.0000e+00 0.0000e+00 0.0000e+00 0.0000e+00 0.0000e+00 0.0000e+00 0.0000e+00 0.0000e+00
