-1.4854e-09 -4.0090e-12 -1.1065e-11 -2.2766e-11 -3.9887e-11 -6.3143e-11 -9.3222e-11 -1.3080e-10 -1.7655e-10 -2.3117e-10 -2.9535e-10 -3.6983e-10 -4.5537e-10 -5.5274e-10 -6.6276e-10 -7.8624e-10 -9.2401e-10 -1.0769e-09 -1.2457e-09 -1.4311e-09 -1.6337e-09 -1.8538e-09 -2.0917e-09 -2.3469e-09 -2.6185e-09 -2.9051e-09 -3.2040e-09 -3.5114e-09 -3.8219e-09 -4.1283e-09 -4.4212e-09 -4.6890e-09 -4.9175e-09 -5.0903e-09 -5.1895e-09 -5.1965e-09 -5.0946e-09 -4.8710e-09 -4.5205e-09 -4.0492e-09 -3.4769e-09 -2.8387e-09 -2.1820e-09 -1.5603e-09 -1.0233e-09 -6.0494e-10 -3.1566e-10 -1.4174e-10 -5.3113e-11 -1.5996e-11 -3.6991e-12 -6.2113e-13 -7.0715e-14 -5.0178e-15 -2.0003e-16 -3.9395e-18 -3.2682e-20 -9.3628e-23 -7.2243e-26 -1.0988e-29 -2.2220e-34 -3.6271e-40 -2.5312e-47 -3.3469e-56 -2.9412e-67 -4.4234e-81 -1.9432e-98 -2.4516e-120 -4.1459e-148 -1.5889e-183 -5.7768e-229 -1.2013e-287 -0.0000e+00 -0.0000e+00 -0.0000e+00 -0.0000e+00 -0.0000e+00 -0.0000e+00 -0.0000e+00 -0.0000e+00 -0.0000e+00 -0.0000e+00 -0.0000e+00 -0.0000e+00 -0.0000e+00 -0.0000e+00 -0.0000e+00 -0.0000e+00 -0.0000e+00 -0.0000e+00 -0.0000e+00 -0.0000e+00 -0.0000e+00 -0.0000e+00 -0.0000e+00 -0.0000e+00 -0.0000e+00 -0.0000e+00 -0.0000e+00 -0.0000e+00 0.0000e+00 -4.0090e-12 -1.1065e-11 -2.2766e-11 -3.9887e-11 -6.3143e-11 -9.3222e-11 -1.3080e-10 -1.7655e-10 -2.3117e-10 -2.9535e-10 -3.6983e-10 -4.5537e-10 -5.5274e-10 -6.6276e-10 -7.8624e-10 -9.2401e-10 -1.0769e-09 -1.2457e-09 -1.4311e-09 -1.6337e-09 -1.8538e-09 -2.0917e-09 -2.3469e-09 -2.6185e-09 -2.9051e-09 -3.2040e-09 -3.5114e-09 -3.8219e-09 -4.1283e-09 -4.4212e-09 -4.6890e-09 -4.9175e-09 -5.0903e-09 -5.1895e-09 -5.1965e-09 -5.0946e-09 -4.8710e-09 -4.5205e-09 -4.0492e-09 -3.4769e-09 -2.8387e-09 -2.1820e-09 -1.5603e-09 -1.0233e-09 -6.0494e-10 -3.1566e-10 -1.4174e-10 -5.3113e-11 -1.5996e-11 -3.6991e-12 -6.2113e-13 -7.0715e-14 -5.0178e-15 -2.0003e-16 -3.9395e-18 -3.2682e-20 -9.3628e-23 -7.2243e-26 -1.0988e-29 -2.2220e-34 -3.6271e-40 -2.5312e-47 -3.3469e-56 -2.9412e-67 -4.4234e-81 -1.9432e-98 -2.4516e-120 -4.1459e-148 -1.5889e-183 -5.7768e-229 -1.2013e-287 -0.0000e+00 -0.0000e+00 -0.0000e+00 -0.0000e+00 -0.0000e+00 -0.0000e+00 -0.0000e+00 -0.0000e+00 -0.0000e+00 -0.0000e+00 -0.0000e+00 -0.0000e+00 -0.0000e+00 -0.0000e+00 -0.0000e+00 -0.0000e+00 -0.0000e+00 -0.0000e+00 -0.0000e+00 -0.0000e+00 -0.0000e+00 -0.0000e+00 -0.0000e+00 -0.0000e+00 -0.0000e+00 -0.0000e+00 -0.0000e+00 -0.0000e+00
-4.0090e-12 3.0248e-10 -6.2656e-11 -1.2891e-10 -2.2585e-10 -3.5754e-10 -5.2786e-10 -7.4063e-10 -9.9969e-10 -1.3089e-09 -1.6724e-09 -2.0941e-09 -2.5785e-09 -3.1298e-09 -3.7528e-09 -4.4519e-09 -5.2321e-09 -6.0978e-09 -7.0535e-09 -8.1033e-09 -9.2504e-09 -1.0497e-08 -1.1844e-08 -1.3289e-08 -1.4827e-08 -1.6450e-08 -1.8142e-08 -1.9883e-08 -2.1641e-08 -2.3376e-08 -2.5034e-08 -2.6551e-08 -2.7845e-08 -2.8823e-08 -2.9385e-08 -2.9425e-08 -2.8847e-08 -2.7581e-08 -2.5597e-08 -2.2928e-08 -1.9687e-08 -1.6074e-08 -1.2355e-08 -8.8352e-09 -5.7944e-09 -3.4254e-09 -1.7874e-09 -8.0260e-10 -3.0074e-10 -9.0575e-11 -2.0946e-11 -3.5170e-12 -4.0041e-13 -2.8413e-14 -1.1326e-15 -2.2307e-17 -1.8506e-19 -5.3015e-22 -4.0906e-25 -6.2217e-29 -1.2582e-33 -2.0538e-39 -1.4333e-46 -1.8951e-55 -1.6654e-66 -2.5047e-80 -1.1003e-97 -1.3882e-119 -2.3476e-147 -8.9970e-183 -3.2710e-228 -6.8022e-287 -0.0000e+00 -0.0000e+00 -0.0000e+00 -0.0000e+00 -0.0000e+00 -0.0000e+00 -0.0000e+00 -0.0000e+00 -0.0000e+00 -0.0000e+00 -0.0000e+00 -0.0000e+00 -0.0000e+00 -0.0000e+00 -0.0000e+00 -0.0000e+00 -0.0000e+00 -0.0000e+00 -0.0000e+00 -0.0000e+00 -0.0000e+00 -0.0000e+00 -0.0000e+00 -0.0000e+00 -0.0000e+00 -0.0000e+00 -0.0000e+00 -0.0000e+00 -4.0090e-12 0.0000e+00 -6.2656e-11 -1.2891e-10 -2.2585e-10 -3.5754e-10 -5.2786e-10 -7.4063e-10 -9.9969e-10 -1.3089e-09 -1.6724e-09 -2.0941e-09 -2.5785e-09 -3.1298e-09 -3.7528e-09 -4.4519e-09 -5.2321e-09 -6.0978e-09 -7.0535e-09 -8.1033e-09 -9.2504e-09 -1.0497e-08 -1.1844e-08 -1.3289e-08 -1.4827e-08 -1.6450e-08 -1.8142e-08 -1.9883e-08 -2.1641e-08 -2.3376e-08 -2.5034e-08 -2.6551e-08 -2.7845e-08 -2.8823e-08 -2.9385e-08 -2.9425e-08 -2.8847e-08 -2.7581e-08 -2.5597e-08 -2.2928e-08 -1.9687e-08 -1.6074e-08 -1.2355e-08 -8.8352e-09 -5.7944e-09 -3.4254e-09 -1.7874e-09 -8.0260e-10 -3.0074e-10 -9.0575e-11 -2.0946e-11 -3.5170e-12 -4.0041e-13 -2.8413e-14 -1.1326e-15 -2.2307e-17 -1.8506e-19 -5.3015e-22 -4.0906e-25 -6.2217e-29 -1.2582e-33 -2.0538e-39 -1.4333e-46 -1.8951e-55 -1.6654e-66 -2.5047e-80 -1.1003e-97 -1.3882e-119 -2.3476e-147 -8.9969e-183 -3.2710e-228 -6.8022e-287 -0.0000e+00 -0.0000e+00 -0.0000e+00 -0.0000e+00 -0.0000e+00 -0.0000e+00 -0.0000e+00 -0.0000e+00 -0.0000e+00 -0.0000e+00 -0.0000e+00 -0.0000e+00 -0.0000e+00 -0.0000e+00 -0.0000e+00 -0.0000e+00 -0.0000e+00 -0.0000e+00 -0.0000e+00 -0.0000e+00 -0.0000e+00 -0.0000e+00 -0.0000e+00 -0.0000e+00 -0.0000e+00 -0.0000e+00 -0.0000e+00 -0.0000e+00
-1.1065e-11 -6.2656e-11 3.4683e-09 -3.5581e-10 -6.2338e-10 -9.8685e-10 -1.4569e-09 -2.0442e-09 -2.7593e-09 -3.6128e-09 -4.6160e-09 -5.7800e-09 -7.1169e-09 -8.6387e-09 -1.0358e-08 -1.2288e-08 -1.4441e-08 -1.6831e-08 -1.9469e-08 -2.2366e-08 -2.5532e-08 -2.8973e-08 -3.2690e-08 -3.6678e-08 -4.0925e-08 -4.5404e-08 -5.0075e-08 -5.4878e-08 -5.9731e-08 -6.4519e-08 -6.9098e-08 -7.3283e-08 -7.6855e-08 -7.9556e-08 -8.1105e-08 -8.1215e-08 -7.9622e-08 -7.6127e-08 -7.0650e-08 -6.3283e-08 -5.4340e-08 -4.4365e-08 -3.4101e-08 -2.4386e-08 -1.5993e-08 -9.4545e-09 -4.9333e-09 -2.2153e-09 -8.3008e-10 -2.5000e-10 -5.7813e-11 -9.7075e-12 -1.1052e-12 -7.8422e-14 -3.1262e-15 -6.1569e-17 -5.1078e-19 -1.4633e-21 -1.1291e-24 -1.7173e-28 -3.4727e-33 -5.6688e-39 -3.9560e-46 -5.2308e-55 -4.5968e-66 -6.9134e-80 -3.0370e-97 -3.8317e-119 -6.4798e-147 -2.4834e-182 -9.0290e-228 -1.8776e-286 -0.0000e+00 -0.0000e+00 -0.0000e+00 -0.0000e+00 -0.0000e+00 -0.0000e+00 -0.0000e+00 -0.0000e+00 -0.0000e+00 -0.0000e+00 -0.0000e+00 -0.0000e+00 -0.0000e+00 -0.0000e+00 -0.0000e+00 -0.0000e+00 -0.0000e+00 -0.0000e+00 -0.0000e+00 -0.0000e+00 -0.0000e+00 -0.0000e+00 -0.0000e+00 -0.0000e+00 -0.0000e+00 -0.0000e+00 -0.0000e+00 -0.0000e+00 -1.1065e-11 -6.2656e-11 0.0000e+00 -3.5581e-10 -6.2338e-10 -9.8685e-10 -1.4569e-09 -2.0442e-09 -2.7593e-09 -3.6128e-09 -4.6160e-09 -5.7800e-09 -7.1169e-09 -8.6387e-09 -1.0358e-08 -1.2288e-08 -1.4441e-08 -1.6831e-08 -1.9469e-08 -2.2366e-08 -2.5532e-08 -2.8973e-08 -3.2690e-08 -3.6678e-08 -4.0925e-08 -4.5404e-08 -5.0075e-08 -5.4878e-08 -5.9731e-08 -6.4519e-08 -6.9098e-08 -7.3283e-08 -7.6855e-08 -7.9556e-08 -8.1105e-08 -8.1215e-08 -7.9622e-08 -7.6127e-08 -7.0650e-08 -6.3283e-08 -5.4340e-08 -4.4365e-08 -3.4101e-08 -2.4386e-08 -1.5993e-08 -9.4545e-09 -4.9333e-09 -2.2153e-09 -8.3008e-10 -2.5000e-10 -5.7813e-11 -9.7075e-12 -1.1052e-12 -7.8422e-14 -3.1262e-15 -6.1569e-17 -5.1078e-19 -1.4633e-21 -1.1291e-24 -1.7173e-28 -3.4727e-33 -5.6687e-39 -3.9560e-46 -5.2308e-55 -4.5967e-66 -6.9133e-80 -3.0370e-97 -3.8316e-119 -6.4796e-147 -2.4833e-182 -9.0286e-228 -1.8775e-286 -0.0000e+00 -0.0000e+00 -0.0000e+00 -0.0000e+00 -0.0000e+00 -0.0000e+00 -0.0000e+00 -0.0000e+00 -0.0000e+00 -0.0000e+00 -0.0000e+00 -0.0000e+00 -0.0000e+00 -0.0000e+00 -0.0000e+00 -0.0000e+00 -0.0000e+00 -0.0000e+00 -0.0000e+00 -0.0000e+00 -0.0000e+00 -0.0000e+00 -0.0000e+00 -0.0000e+00 -0.0000e+00 -0.0000e+00 -0.0000e+00 -0.0000e+00
-2.2766e-11 -1.2891e-10 -3.5581e-10 1.9549e-08 -1.2826e-09 -2.0304e-09 -2.9976e-09 -4.2059e-09 -5.6771e-09 -7.4332e-09 -9.4971e-09 -1.1892e-08 -1.4643e-08 -1.7774e-08 -2.1311e-08 -2.5282e-08 -2.9712e-08 -3.4628e-08 -4.0056e-08 -4.6017e-08 -5.2531e-08 -5.9610e-08 -6.7258e-08 -7.5464e-08 -8.4200e-08 -9.3415e-08 -1.0303e-07 -1.1291e-07 -1.2289e-07 -1.3275e-07 -1.4217e-07 -1.5078e-07 -1.5812e-07 -1.6368e-07 -1.6687e-07 -1.6710e-07 -1.6382e-07 -1.5663e-07 -1.4536e-07 -1.3020e-07 -1.1180e-07 -9.1279e-08 -7.0161e-08 -5.0173e-08 -3.2906e-08 -1.9452e-08 -1.0150e-08 -4.5578e-09 -1.7079e-09 -5.1436e-10 -1.1895e-10 -1.9973e-11 -2.2739e-12 -1.6135e-13 -6.4320e-15 -1.2668e-16 -1.0509e-18 -3.0107e-21 -2.3231e-24 -3.5333e-28 -7.1452e-33 -1.1664e-38 -8.1397e-46 -1.0763e-54 -9.4584e-66 -1.4225e-79 -6.2493e-97 -7.8847e-119 -1.3334e-146 -5.1107e-182 -1.8582e-227 -3.8646e-286 -0.0000e+00 -0.0000e+00 -0.0000e+00 -0.0000e+00 -0.0000e+00 -0.0000e+00 -0.0000e+00 -0.0000e+00 -0.0000e+00 -0.0000e+00 -0.0000e+00 -0.0000e+00 -0.0000e+00 -0.0000e+00 -0.0000e+00 -0.0000e+00 -0.0000e+00 -0.0000e+00 -0.0000e+00 -0.0000e+00 -0.0000e+00 -0.0000e+00 -0.0000e+00 -0.0000e+00 -0.0000e+00 -0.0000e+00 -0.0000e+00 -0.0000e+00 -2.2766e-11 -1.2891e-10 -3.5581e-10 0.0000e+00 -1.2826e-09 -2.0304e-09 -2.9976e-09 -4.2059e-09 -5.6771e-09 -7.4332e-09 -9.4971e-09 -1.1892e-08 -1.4643e-08 -1.7774e-08 -2.1311e-08 -2.5282e-08 -2.9712e-08 -3.4628e-08 -4.0056e-08 -4.6017e-08 -5.2531e-08 -5.9610e-08 -6.7258e-08 -7.5464e-08 -8.4200e-08 -9.3415e-08 -1.0303e-07 -1.1291e-07 -1.2289e-07 -1.3275e-07 -1.4217e-07 -1.5078e-07 -1.5812e-07 -1.6368e-07 -1.6687e-07 -1.6710e-07 -1.6382e-07 -1.5663e-07 -1.4536e-07 -1.3020e-07 -1.1180e-07 -9.1279e-08 -7.0161e-08 -5.0173e-08 -3.2906e-08 -1.9452e-08 -1.0150e-08 -4.5578e-09 -1.7079e-09 -5.1436e-10 -1.1895e-10 -1.9973e-11 -2.2739e-12 -1.6135e-13 -6.4319e-15 -1.2668e-16 -1.0509e-18 -3.0107e-21 -2.3230e-24 -3.5332e-28 -7.1450e-33 -1.1663e-38 -8.1393e-46 -1.0762e-54 -9.4577e-66 -1.4224e-79 -6.2487e-97 -7.8837e-119 -1.3332e-146 -5.1097e-182 -1.8578e-227 -3.8634e-286 -0.0000e+00 -0.0000e+00 -0.0000e+00 -0.0000e+00 -0.0000e+00 -0.0000e+00 -0.0000e+00 -0.0000e+00 -0.0000e+00 -0.0000e+00 -0.0000e+00 -0.0000e+00 -0.0000e+00 -0.0000e+00 -0.0000e+00 -0.0000e+00 -0.0000e+00 -0.0000e+00 -0.0000e+00 -0.0000e+00 -0.0000e+00 -0.0000e+00 -0.0000e+00 -0.0000e+00 -0.0000e+00 -0.0000e+00 -0.0000e+00 -0.0000e+00
-3.9887e-11 -2.2585e-10 -6.2338e-10 -1.2826e-09 7.4899e-08 -3.5573e-09 -5.2518e-09 -7.3688e-09 -9.9463e-09 -1.3023e-08 -1.6639e-08 -2.0835e-08 -2.5654e-08 -3.1140e-08 -3.7337e-08 -4.4294e-08 -5.2056e-08 -6.0669e-08 -7.0178e-08 -8.0622e-08 -9.2035e-08 -1.0444e-07 -1.1784e-07 -1.3221e-07 -1.4752e-07 -1.6366e-07 -1.8050e-07 -1.9782e-07 -2.1531e-07 -2.3257e-07 -2.4908e-07 -2.6416e-07 -2.7704e-07 -2.8677e-07 -2.9236e-07 -2.9276e-07 -2.8701e-07 -2.7441e-07 -2.5467e-07 -2.2812e-07 -1.9588e-07 -1.5992e-07 -1.2292e-07 -8.7905e-08 -5.7651e-08 -3.4081e-08 -1.7783e-08 -7.9855e-09 -2.9922e-09 -9.0118e-10 -2.0840e-10 -3.4993e-11 -3.9840e-12 -2.8270e-13 -1.1269e-14 -2.2195e-16 -1.8413e-18 -5.2752e-21 -4.0704e-24 -6.1910e-28 -1.2520e-32 -2.0438e-38 -1.4264e-45 -1.8861e-54 -1.6576e-65 -2.4932e-79 -1.0954e-96 -1.3822e-118 -2.3378e-146 -8.9615e-182 -3.2591e-227 -6.7799e-286 -0.0000e+00 -0.0000e+00 -0.0000e+00 -0.0000e+00 -0.0000e+00 -0.0000e+00 -0.0000e+00 -0.0000e+00 -0.0000e+00 -0.0000e+00 -0.0000e+00 -0.0000e+00 -0.0000e+00 -0.0000e+00 -0.0000e+00 -0.0000e+00 -0.0000e+00 -0.0000e+00 -0.0000e+00 -0.0000e+00 -0.0000e+00 -0.0000e+00 -0.0000e+00 -0.0000e+00 -0.0000e+00 -0.0000e+00 -0.0000e+00 -0.0000e+00 -3.9887e-11 -2.2585e-10 -6.2338e-10 -1.2826e-09 0.0000e+00 -3.5573e-09 -5.2518e-09 -7.3688e-09 -9.9463e-09 -1.3023e-08 -1.6639e-08 -2.0835e-08 -2.5654e-08 -3.1140e-08 -3.7337e-08 -4.4294e-08 -5.2056e-08 -6.0669e-08 -7.0178e-08 -8.0622e-08 -9.2035e-08 -1.0444e-07 -1.1784e-07 -1.3221e-07 -1.4752e-07 -1.6366e-07 -1.8050e-07 -1.9782e-07 -2.1531e-07 -2.3257e-07 -2.4908e-07 -2.6416e-07 -2.7704e-07 -2.8677e-07 -2.9236e-07 -2.9276e-07 -2.8701e-07 -2.7441e-07 -2.5467e-07 -2.2812e-07 -1.9588e-07 -1.5992e-07 -1.2292e-07 -8.7905e-08 -5.7651e-08 -3.4080e-08 -1.7783e-08 -7.9854e-09 -2.9922e-09 -9.0117e-10 -2.0840e-10 -3.4993e-11 -3.9839e-12 -2.8269e-13 -1.1269e-14 -2.2194e-16 -1.8412e-18 -5.2749e-21 -4.0701e-24 -6.1904e-28 -1.2519e-32 -2.0435e-38 -1.4261e-45 -1.8857e-54 -1.6572e-65 -2.4924e-79 -1.0949e-96 -1.3815e-118 -2.3364e-146 -8.9547e-182 -3.2560e-227 -6.7718e-286 -0.0000e+00 -0.0000e+00 -0.0000e+00 -0.0000e+00 -0.0000e+00 -0.0000e+00 -0.0000e+00 -0.0000e+00 -0.0000e+00 -0.0000e+00 -0.0000e+00 -0.0000e+00 -0.0000e+00 -0.0000e+00 -0.0000e+00 -0.0000e+00 -0.0000e+00 -0.0000e+00 -0.0000e+00 -0.0000e+00 -0.0000e+00 -0.0000e+00 -0.0000e+00 -0.0000e+00 -0.0000e+00 -0.0000e+00 -0.0000e+00 -0.0000e+00
-6.3143e-11 -3.5754e-10 -9.8685e-10 -2.0304e-09 -3.5573e-09 2.2484e-07 -8.3139e-09 -1.1665e-08 -1.5746e-08 -2.0616e-08 -2.6341e-08 -3.2983e-08 -4.0612e-08 -4.9296e-08 -5.9107e-08 -7.0120e-08 -8.2407e-08 -9.6042e-08 -1.1110e-07 -1.2763e-07 -1.4570e-07 -1.6533e-07 -1.8654e-07 -2.0930e-07 -2.3353e-07 -2.5909e-07 -2.8575e-07 -3.1316e-07 -3.4085e-07 -3.6817e-07 -3.9430e-07 -4.1819e-07 -4.3856e-07 -4.5398e-07 -4.6282e-07 -4.6345e-07 -4.5436e-07 -4.3442e-07 -4.0316e-07 -3.6112e-07 -3.1009e-07 -2.5317e-07 -1.9460e-07 -1.3916e-07 -9.1267e-08 -5.3953e-08 -2.8153e-08 -1.2642e-08 -4.7370e-09 -1.4267e-09 -3.2993e-10 -5.5400e-11 -6.3074e-12 -4.4757e-13 -1.7842e-14 -3.5141e-16 -2.9154e-18 -8.3525e-21 -6.4452e-24 -9.8035e-28 -1.9827e-32 -3.2368e-38 -2.2592e-45 -2.9877e-54 -2.6261e-65 -3.9506e-79 -1.7361e-96 -2.1912e-118 -3.7076e-146 -1.4219e-181 -5.1741e-227 -1.0772e-285 -0.0000e+00 -0.0000e+00 -0.0000e+00 -0.0000e+00 -0.0000e+00 -0.0000e+00 -0.0000e+00 -0.0000e+00 -0.0000e+00 -0.0000e+00 -0.0000e+00 -0.0000e+00 -0.0000e+00 -0.0000e+00 -0.0000e+00 -0.0000e+00 -0.0000e+00 -0.0000e+00 -0.0000e+00 -0.0000e+00 -0.0000e+00 -0.0000e+00 -0.0000e+00 -0.0000e+00 -0.0000e+00 -0.0000e+00 -0.0000e+00 -0.0000e+00 -6.3143e-11 -3.5754e-10 -9.8685e-10 -2.0304e-09 -3.5573e-09 0.0000e+00 -8.3139e-09 -1.1665e-08 -1.5746e-08 -2.0616e-08 -2.6341e-08 -3.2983e-08 -4.0612e-08 -4.9296e-08 -5.9107e-08 -7.0120e-08 -8.2407e-08 -9.6042e-08 -1.1110e-07 -1.2763e-07 -1.4570e-07 -1.6533e-07 -1.8654e-07 -2.0930e-07 -2.3353e-07 -2.5909e-07 -2.8575e-07 -3.1316e-07 -3.4085e-07 -3.6817e-07 -3.9430e-07 -4.1819e-07 -4.3856e-07 -4.5398e-07 -4.6282e-07 -4.6345e-07 -4.5436e-07 -4.3441e-07 -4.0316e-07 -3.6112e-07 -3.1009e-07 -2.5317e-07 -1.9460e-07 -1.3916e-07 -9.1266e-08 -5.3952e-08 -2.8152e-08 -1.2641e-08 -4.7369e-09 -1.4266e-09 -3.2991e-10 -5.5397e-11 -6.3069e-12 -4.4753e-13 -1.7840e-14 -3.5136e-16 -2.9150e-18 -8.3509e-21 -6.4437e-24 -9.8008e-28 -1.9820e-32 -3.2355e-38 -2.2580e-45 -2.9858e-54 -2.6241e-65 -3.9469e-79 -1.7340e-96 -2.1880e-118 -3.7008e-146 -1.4187e-181 -5.1593e-227 -1.0733e-285 -0.0000e+00 -0.0000e+00 -0.0000e+00 -0.0000e+00 -0.0000e+00 -0.0000e+00 -0.0000e+00 -0.0000e+00 -0.0000e+00 -0.0000e+00 -0.0000e+00 -0.0000e+00 -0.0000e+00 -0.0000e+00 -0.0000e+00 -0.0000e+00 -0.0000e+00 -0.0000e+00 -0.0000e+00 -0.0000e+00 -0.0000e+00 -0.0000e+00 -0.0000e+00 -0.0000e+00 -0.0000e+00 -0.0000e+00 -0.0000e+00 -0.0000e+00
-9.3222e-11 -5.2786e-10 -1.4569e-09 -2.9976e-09 -5.2518e-09 -8.3139e-09 5.7057e-07 -1.7222e-08 -2.3246e-08 -3.0437e-08 -3.8888e-08 -4.8695e-08 -5.9958e-08 -7.2778e-08 -8.7264e-08 -1.0352e-07 -1.2166e-07 -1.4179e-07 -1.6402e-07 -1.8843e-07 -2.1510e-07 -2.4409e-07 -2.7540e-07 -3.0900e-07 -3.4478e-07 -3.8251e-07 -4.2187e-07 -4.6234e-07 -5.0322e-07 -5.4356e-07 -5.8213e-07 -6.1739e-07 -6.4748e-07 -6.7024e-07 -6.8329e-07 -6.8422e-07 -6.7080e-07 -6.4136e-07 -5.9522e-07 -5.3316e-07 -4.5781e-07 -3.7378e-07 -2.8730e-07 -2.0546e-07 -1.3475e-07 -7.9657e-08 -4.1566e-08 -1.8665e-08 -6.9941e-09 -2.1065e-09 -4.8715e-10 -8.1802e-11 -9.3136e-12 -6.6091e-13 -2.6348e-14 -5.1896e-16 -4.3058e-18 -1.2337e-20 -9.5205e-24 -1.4483e-27 -2.9295e-32 -4.7833e-38 -3.3393e-45 -4.4173e-54 -3.8839e-65 -5.8453e-79 -2.5700e-96 -3.2459e-118 -5.4966e-146 -2.1102e-181 -7.6891e-227 -1.6035e-285 -0.0000e+00 -0.0000e+00 -0.0000e+00 -0.0000e+00 -0.0000e+00 -0.0000e+00 -0.0000e+00 -0.0000e+00 -0.0000e+00 -0.0000e+00 -0.0000e+00 -0.0000e+00 -0.0000e+00 -0.0000e+00 -0.0000e+00 -0.0000e+00 -0.0000e+00 -0.0000e+00 -0.0000e+00 -0.0000e+00 -0.0000e+00 -0.0000e+00 -0.0000e+00 -0.0000e+00 -0.0000e+00 -0.0000e+00 -0.0000e+00 -0.0000e+00 -9.3222e-11 -5.2786e-10 -1.4569e-09 -2.9976e-09 -5.2518e-09 -8.3139e-09 0.0000e+00 -1.7222e-08 -2.3246e-08 -3.0437e-08 -3.8888e-08 -4.8695e-08 -5.9958e-08 -7.2778e-08 -8.7264e-08 -1.0352e-07 -1.2166e-07 -1.4179e-07 -1.6402e-07 -1.8843e-07 -2.1510e-07 -2.4409e-07 -2.7540e-07 -3.0900e-07 -3.4478e-07 -3.8251e-07 -4.2186e-07 -4.6233e-07 -5.0322e-07 -5.4356e-07 -5.8213e-07 -6.1739e-07 -6.4748e-07 -6.7023e-07 -6.8329e-07 -6.8422e-07 -6.7080e-07 -6.4135e-07 -5.9521e-07 -5.3315e-07 -4.5780e-07 -3.7377e-07 -2.8730e-07 -2.0545e-07 -1.3474e-07 -7.9653e-08 -4.1563e-08 -1.8664e-08 -6.9935e-09 -2.1063e-09 -4.8709e-10 -8.1789e-11 -9.3118e-12 -6.6076e-13 -2.6341e-14 -5.1879e-16 -4.3040e-18 -1.2331e-20 -9.5149e-24 -1.4473e-27 -2.9269e-32 -4.7783e-38 -3.3349e-45 -4.4103e-54 -3.8764e-65 -5.8312e-79 -2.5623e-96 -3.2339e-118 -5.4714e-146 -2.0981e-181 -7.6338e-227 -1.5890e-285 -0.0000e+00 -0.0000e+00 -0.0000e+00 -0.0000e+00 -0.0000e+00 -0.0000e+00 -0.0000e+00 -0.0000e+00 -0.0000e+00 -0.0000e+00 -0.0000e+00 -0.0000e+00 -0.0000e+00 -0.0000e+00 -0.0000e+00 -0.0000e+00 -0.0000e+00 -0.0000e+00 -0.0000e+00 -0.0000e+00 -0.0000e+00 -0.0000e+00 -0.0000e+00 -0.0000e+00 -0.0000e+00 -0.0000e+00 -0.0000e+00 -0.0000e+00
-1.3080e-10 -7.4063e-10 -2.0442e-09 -4.2059e-09 -7.3688e-09 -1.1665e-08 -1.7222e-08 1.2806e-06 -3.2616e-08 -4.2706e-08 -5.4564e-08 -6.8324e-08 -8.4126e-08 -1.0211e-07 -1.2244e-07 -1.4525e-07 -1.7070e-07 -1.9895e-07 -2.3013e-07 -2.6438e-07 -3.0181e-07 -3.4248e-07 -3.8642e-07 -4.3356e-07 -4.8375e-07 -5.3670e-07 -5.9192e-07 -6.4870e-07 -7.0606e-07 -7.6266e-07 -8.1679e-07 -8.6626e-07 -9.0848e-07 -9.4041e-07 -9.5873e-07 -9.6004e-07 -9.4121e-07 -8.9990e-07 -8.3516e-07 -7.4809e-07 -6.4237e-07 -5.2446e-07 -4.0314e-07 -2.8829e-07 -1.8908e-07 -1.1178e-07 -5.8327e-08 -2.6193e-08 -9.8150e-09 -2.9562e-09 -6.8368e-10 -1.1481e-10 -1.3072e-11 -9.2771e-13 -3.6987e-14 -7.2860e-16 -6.0459e-18 -1.7325e-20 -1.3373e-23 -2.0348e-27 -4.1170e-32 -6.7247e-38 -4.6966e-45 -6.2162e-54 -5.4693e-65 -8.2382e-79 -3.6259e-96 -4.5856e-118 -7.7783e-146 -2.9925e-181 -1.0934e-226 -2.2882e-285 -0.0000e+00 -0.0000e+00 -0.0000e+00 -0.0000e+00 -0.0000e+00 -0.0000e+00 -0.0000e+00 -0.0000e+00 -0.0000e+00 -0.0000e+00 -0.0000e+00 -0.0000e+00 -0.0000e+00 -0.0000e+00 -0.0000e+00 -0.0000e+00 -0.0000e+00 -0.0000e+00 -0.0000e+00 -0.0000e+00 -0.0000e+00 -0.0000e+00 -0.0000e+00 -0.0000e+00 -0.0000e+00 -0.0000e+00 -0.0000e+00 -0.0000e+00 -1.3080e-10 -7.4063e-10 -2.0442e-09 -4.2059e-09 -7.3688e-09 -1.1665e-08 -1.7222e-08 0.0000e+00 -3.2616e-08 -4.2706e-08 -5.4564e-08 -6.8324e-08 -8.4126e-08 -1.0211e-07 -1.2244e-07 -1.4525e-07 -1.7070e-07 -1.9895e-07 -2.3013e-07 -2.6438e-07 -3.0181e-07 -3.4248e-07 -3.8642e-07 -4.3356e-07 -4.8375e-07 -5.3670e-07 -5.9191e-07 -6.4870e-07 -7.0606e-07 -7.6266e-07 -8.1678e-07 -8.6626e-07 -9.0847e-07 -9.4040e-07 -9.5872e-07 -9.6002e-07 -9.4119e-07 -8.9988e-07 -8.3514e-07 -7.4806e-07 -6.4235e-07 -5.2444e-07 -4.0311e-07 -2.8827e-07 -1.8906e-07 -1.1176e-07 -5.8319e-08 -2.6188e-08 -9.8131e-09 -2.9555e-09 -6.8348e-10 -1.1477e-10 -1.3067e-11 -9.2724e-13 -3.6965e-14 -7.2806e-16 -6.0405e-18 -1.7306e-20 -1.3355e-23 -2.0315e-27 -4.1090e-32 -6.7088e-38 -4.6830e-45 -6.1941e-54 -5.4455e-65 -8.1940e-79 -3.6019e-96 -4.5479e-118 -7.6988e-146 -2.9544e-181 -1.0759e-226 -2.2422e-285 -0.0000e+00 -0.0000e+00 -0.0000e+00 -0.0000e+00 -0.0000e+00 -0.0000e+00 -0.0000e+00 -0.0000e+00 -0.0000e+00 -0.0000e+00 -0.0000e+00 -0.0000e+00 -0.0000e+00 -0.0000e+00 -0.0000e+00 -0.0000e+00 -0.0000e+00 -0.0000e+00 -0.0000e+00 -0.0000e+00 -0.0000e+00 -0.0000e+00 -0.0000e+00 -0.0000e+00 -0.0000e+00 -0.0000e+00 -0.0000e+00 -0.0000e+00
-1.7655e-10 -9.9969e-10 -2.7593e-09 -5.6771e-09 -9.9463e-09 -1.5746e-08 -2.3246e-08 -3.2616e-08 2.6179e-06 -5.7644e-08 -7.3649e-08 -9.2222e-08 -1.1355e-07 -1.3783e-07 -1.6527e-07 -1.9606e-07 -2.3041e-07 -2.6854e-07 -3.1063e-07 -3.5686e-07 -4.0737e-07 -4.6227e-07 -5.2158e-07 -5.8522e-07 -6.5297e-07 -7.2443e-07 -7.9896e-07 -8.7561e-07 -9.5303e-07 -1.0294e-06 -1.1025e-06 -1.1693e-06 -1.2263e-06 -1.2694e-06 -1.2941e-06 -1.2959e-06 -1.2705e-06 -1.2147e-06 -1.1273e-06 -1.0098e-06 -8.6713e-07 -7.0797e-07 -5.4420e-07 -3.8918e-07 -2.5525e-07 -1.5090e-07 -7.8746e-08 -3.5364e-08 -1.3252e-08 -3.9918e-09 -9.2324e-10 -1.5505e-10 -1.7657e-11 -1.2532e-12 -4.9973e-14 -9.8460e-16 -8.1722e-18 -2.3425e-20 -1.8088e-23 -2.7534e-27 -5.5741e-32 -9.1108e-38 -6.3683e-45 -8.4373e-54 -7.4330e-65 -1.1214e-78 -4.9452e-96 -6.2695e-118 -1.0668e-145 -4.1205e-181 -1.5131e-226 -3.1869e-285 -0.0000e+00 -0.0000e+00 -0.0000e+00 -0.0000e+00 -0.0000e+00 -0.0000e+00 -0.0000e+00 -0.0000e+00 -0.0000e+00 -0.0000e+00 -0.0000e+00 -0.0000e+00 -0.0000e+00 -0.0000e+00 -0.0000e+00 -0.0000e+00 -0.0000e+00 -0.0000e+00 -0.0000e+00 -0.0000e+00 -0.0000e+00 -0.0000e+00 -0.0000e+00 -0.0000e+00 -0.0000e+00 -0.0000e+00 -0.0000e+00 -0.0000e+00 -1.7655e-10 -9.9969e-10 -2.7593e-09 -5.6771e-09 -9.9463e-09 -1.5746e-08 -2.3246e-08 -3.2616e-08 0.0000e+00 -5.7644e-08 -7.3649e-08 -9.2222e-08 -1.1355e-07 -1.3783e-07 -1.6527e-07 -1.9606e-07 -2.3041e-07 -2.6854e-07 -3.1063e-07 -3.5686e-07 -4.0737e-07 -4.6227e-07 -5.2158e-07 -5.8522e-07 -6.5297e-07 -7.2443e-07 -7.9896e-07 -8.7560e-07 -9.5303e-07 -1.0294e-06 -1.1025e-06 -1.1693e-06 -1.2263e-06 -1.2693e-06 -1.2941e-06 -1.2958e-06 -1.2704e-06 -1.2147e-06 -1.1273e-06 -1.0097e-06 -8.6705e-07 -7.0790e-07 -5.4413e-07 -3.8912e-07 -2.5520e-07 -1.5087e-07 -7.8724e-08 -3.5352e-08 -1.3247e-08 -3.9898e-09 -9.2269e-10 -1.5494e-10 -1.7641e-11 -1.2519e-12 -4.9910e-14 -9.8310e-16 -8.1572e-18 -2.3373e-20 -1.8039e-23 -2.7444e-27 -5.5519e-32 -9.0667e-38 -6.3307e-45 -8.3763e-54 -7.3671e-65 -1.1091e-78 -4.8787e-96 -6.1653e-118 -1.0448e-145 -4.0148e-181 -1.4646e-226 -3.0591e-285 -0.0000e+00 -0.0000e+00 -0.0000e+00 -0.0000e+00 -0.0000e+00 -0.0000e+00 -0.0000e+00 -0.0000e+00 -0.0000e+00 -0.0000e+00 -0.0000e+00 -0.0000e+00 -0.0000e+00 -0.0000e+00 -0.0000e+00 -0.0000e+00 -0.0000e+00 -0.0000e+00 -0.0000e+00 -0.0000e+00 -0.0000e+00 -0.0000e+00 -0.0000e+00 -0.0000e+00 -0.0000e+00 -0.0000e+00 -0.0000e+00 -0.0000e+00
-2.3117e-10 -1.3089e-09 -3.6128e-09 -7.4332e-09 -1.3023e-08 -2.0616e-08 -3.0437e-08 -4.2706e-08 -5.7644e-08 4.9719e-06 -9.6432e-08 -1.2075e-07 -1.4868e-07 -1.8047e-07 -2.1639e-07 -2.5671e-07 -3.0169e-07 -3.5161e-07 -4.0672e-07 -4.6725e-07 -5.3339e-07 -6.0528e-07 -6.8293e-07 -7.6625e-07 -8.5496e-07 -9.4853e-07 -1.0461e-06 -1.1465e-06 -1.2479e-06 -1.3479e-06 -1.4436e-06 -1.5310e-06 -1.6057e-06 -1.6621e-06 -1.6945e-06 -1.6968e-06 -1.6636e-06 -1.5906e-06 -1.4762e-06 -1.3223e-06 -1.1355e-06 -9.2712e-07 -7.1268e-07 -5.0969e-07 -3.3430e-07 -1.9765e-07 -1.0315e-07 -4.6324e-08 -1.7362e-08 -5.2301e-09 -1.2098e-09 -2.0321e-10 -2.3146e-11 -1.6432e-12 -6.5544e-14 -1.2918e-15 -1.0727e-17 -3.0764e-20 -2.3769e-23 -3.6211e-27 -7.3376e-32 -1.2007e-37 -8.4050e-45 -1.1155e-53 -9.8492e-65 -1.4899e-78 -6.5930e-96 -8.3944e-118 -1.4360e-145 -5.5842e-181 -2.0681e-226 -4.4031e-285 -0.0000e+00 -0.0000e+00 -0.0000e+00 -0.0000e+00 -0.0000e+00 -0.0000e+00 -0.0000e+00 -0.0000e+00 -0.0000e+00 -0.0000e+00 -0.0000e+00 -0.0000e+00 -0.0000e+00 -0.0000e+00 -0.0000e+00 -0.0000e+00 -0.0000e+00 -0.0000e+00 -0.0000e+00 -0.0000e+00 -0.0000e+00 -0.0000e+00 -0.0000e+00 -0.0000e+00 -0.0000e+00 -0.0000e+00 -0.0000e+00 -0.0000e+00 -2.3117e-10 -1.3089e-09 -3.6128e-09 -7.4332e-09 -1.3023e-08 -2.0616e-08 -3.0437e-08 -4.2706e-08 -5.7644e-08 0.0000e+00 -9.6432e-08 -1.2075e-07 -1.4868e-07 -1.8047e-07 -2.1639e-07 -2.5671e-07 -3.0169e-07 -3.5161e-07 -4.0672e-07 -4.6725e-07 -5.3339e-07 -6.0528e-07 -6.8293e-07 -7.6625e-07 -8.5496e-07 -9.4853e-07 -1.0461e-06 -1.1465e-06 -1.2478e-06 -1.3479e-06 -1.4435e-06 -1.5310e-06 -1.6056e-06 -1.6620e-06 -1.6944e-06 -1.6967e-06 -1.6635e-06 -1.5904e-06 -1.4760e-06 -1.3221e-06 -1.1353e-06 -9.2693e-07 -7.1250e-07 -5.0953e-07 -3.3418e-07 -1.9756e-07 -1.0309e-07 -4.6294e-08 -1.7348e-08 -5.2252e-09 -1.2084e-09 -2.0294e-10 -2.3108e-11 -1.6399e-12 -6.5387e-14 -1.2881e-15 -1.0689e-17 -3.0634e-20 -2.3648e-23 -3.5987e-27 -7.2824e-32 -1.1897e-37 -8.3112e-45 -1.1003e-53 -9.6849e-65 -1.4594e-78 -6.4271e-96 -8.1340e-118 -1.3810e-145 -5.3192e-181 -1.9464e-226 -4.0811e-285 -0.0000e+00 -0.0000e+00 -0.0000e+00 -0.0000e+00 -0.0000e+00 -0.0000e+00 -0.0000e+00 -0.0000e+00 -0.0000e+00 -0.0000e+00 -0.0000e+00 -0.0000e+00 -0.0000e+00 -0.0000e+00 -0.0000e+00 -0.0000e+00 -0.0000e+00 -0.0000e+00 -0.0000e+00 -0.0000e+00 -0.0000e+00 -0.0000e+00 -0.0000e+00 -0.0000e+00 -0.0000e+00 -0.0000e+00 -0.0000e+00 -0.0000e+00
-2.9535e-10 -1.6724e-09 -4.6160e-09 -9.4971e-09 -1.6639e-08 -2.6341e-08 -3.8888e-08 -5.4564e-08 -7.3649e-08 -9.6432e-08 8.8991e-06 -1.5428e-07 -1.8996e-07 -2.3058e-07 -2.7647e-07 -3.2798e-07 -3.8546e-07 -4.4924e-07 -5.1965e-07 -5.9699e-07 -6.8150e-07 -7.7334e-07 -8.7255e-07 -9.7901e-07 -1.0924e-06 -1.2119e-06 -1.3366e-06 -1.4648e-06 -1.5944e-06 -1.7222e-06 -1.8444e-06 -1.9562e-06 -2.0515e-06 -2.1237e-06 -2.1651e-06 -2.1681e-06 -2.1257e-06 -2.0325e-06 -1.8863e-06 -1.6898e-06 -1.4511e-06 -1.1848e-06 -9.1083e-07 -6.5144e-07 -4.2731e-07 -2.5266e-07 -1.3187e-07 -5.9232e-08 -2.2203e-08 -6.6897e-09 -1.5478e-09 -2.6006e-10 -2.9630e-11 -2.1044e-12 -8.3979e-14 -1.6562e-15 -1.3762e-17 -3.9503e-20 -3.0553e-23 -4.6606e-27 -9.4587e-32 -1.5508e-37 -1.0881e-44 -1.4484e-53 -1.2834e-64 -1.9502e-78 -8.6777e-96 -1.1125e-117 -1.9195e-145 -7.5447e-181 -2.8317e-226 -6.1304e-285 -0.0000e+00 -0.0000e+00 -0.0000e+00 -0.0000e+00 -0.0000e+00 -0.0000e+00 -0.0000e+00 -0.0000e+00 -0.0000e+00 -0.0000e+00 -0.0000e+00 -0.0000e+00 -0.0000e+00 -0.0000e+00 -0.0000e+00 -0.0000e+00 -0.0000e+00 -0.0000e+00 -0.0000e+00 -0.0000e+00 -0.0000e+00 -0.0000e+00 -0.0000e+00 -0.0000e+00 -0.0000e+00 -0.0000e+00 -0.0000e+00 -0.0000e+00 -2.9535e-10 -1.6724e-09 -4.6160e-09 -9.4971e-09 -1.6639e-08 -2.6341e-08 -3.8888e-08 -5.4564e-08 -7.3649e-08 -9.6432e-08 0.0000e+00 -1.5428e-07 -1.8996e-07 -2.3058e-07 -2.7647e-07 -3.2798e-07 -3.8546e-07 -4.4924e-07 -5.1965e-07 -5.9698e-07 -6.8149e-07 -7.7333e-07 -8.7255e-07 -9.7900e-07 -1.0923e-06 -1.2119e-06 -1.3366e-06 -1.4648e-06 -1.5943e-06 -1.7221e-06 -1.8444e-06 -1.9561e-06 -2.0514e-06 -2.1235e-06 -2.1649e-06 -2.1679e-06 -2.1254e-06 -2.0321e-06 -1.8859e-06 -1.6893e-06 -1.4506e-06 -1.1844e-06 -9.1042e-07 -6.5108e-07 -4.2703e-07 -2.5245e-07 -1.3174e-07 -5.9163e-08 -2.2172e-08 -6.6784e-09 -1.5447e-09 -2.5942e-10 -2.9543e-11 -2.0969e-12 -8.3621e-14 -1.6476e-15 -1.3676e-17 -3.9206e-20 -3.0275e-23 -4.6093e-27 -9.3323e-32 -1.5256e-37 -1.0666e-44 -1.4135e-53 -1.2457e-64 -1.8801e-78 -8.2956e-96 -1.0524e-117 -1.7923e-145 -6.9307e-181 -2.5487e-226 -5.3785e-285 -0.0000e+00 -0.0000e+00 -0.0000e+00 -0.0000e+00 -0.0000e+00 -0.0000e+00 -0.0000e+00 -0.0000e+00 -0.0000e+00 -0.0000e+00 -0.0000e+00 -0.0000e+00 -0.0000e+00 -0.0000e+00 -0.0000e+00 -0.0000e+00 -0.0000e+00 -0.0000e+00 -0.0000e+00 -0.0000e+00 -0.0000e+00 -0.0000e+00 -0.0000e+00 -0.0000e+00 -0.0000e+00 -0.0000e+00 -0.0000e+00 -0.0000e+00
-3.6983e-10 -2.0941e-09 -5.7800e-09 -1.1892e-08 -2.0835e-08 -3.2983e-08 -4.8695e-08 -6.8324e-08 -9.2222e-08 -1.2075e-07 -1.5428e-07 1.5170e-05 -2.3787e-07 -2.8873e-07 -3.4619e-07 -4.1070e-07 -4.8266e-07 -5.6253e-07 -6.5070e-07 -7.4754e-07 -8.5336e-07 -9.6837e-07 -1.0926e-06 -1.2259e-06 -1.3678e-06 -1.5176e-06 -1.6737e-06 -1.8343e-06 -1.9965e-06 -2.1566e-06 -2.3097e-06 -2.4496e-06 -2.5691e-06 -2.6595e-06 -2.7114e-06 -2.7152e-06 -2.6621e-06 -2.5455e-06 -2.3625e-06 -2.1165e-06 -1.8176e-06 -1.4842e-06 -1.1411e-06 -8.1619e-07 -5.3544e-07 -3.1664e-07 -1.6529e-07 -7.4260e-08 -2.7843e-08 -8.3916e-09 -1.9423e-09 -3.2648e-10 -3.7217e-11 -2.6449e-12 -1.0563e-13 -2.0851e-15 -1.7346e-17 -4.9859e-20 -3.8627e-23 -5.9043e-27 -1.2012e-31 -1.9755e-37 -1.3913e-44 -1.8604e-53 -1.6577e-64 -2.5363e-78 -1.1382e-95 -1.4745e-117 -2.5770e-145 -1.0291e-180 -3.9382e-226 -8.7311e-285 -0.0000e+00 -0.0000e+00 -0.0000e+00 -0.0000e+00 -0.0000e+00 -0.0000e+00 -0.0000e+00 -0.0000e+00 -0.0000e+00 -0.0000e+00 -0.0000e+00 -0.0000e+00 -0.0000e+00 -0.0000e+00 -0.0000e+00 -0.0000e+00 -0.0000e+00 -0.0000e+00 -0.0000e+00 -0.0000e+00 -0.0000e+00 -0.0000e+00 -0.0000e+00 -0.0000e+00 -0.0000e+00 -0.0000e+00 -0.0000e+00 -0.0000e+00 -3.6983e-10 -2.0941e-09 -5.7800e-09 -1.1892e-08 -2.0835e-08 -3.2983e-08 -4.8695e-08 -6.8324e-08 -9.2222e-08 -1.2075e-07 -1.5428e-07 0.0000e+00 -2.3787e-07 -2.8873e-07 -3.4619e-07 -4.1069e-07 -4.8266e-07 -5.6253e-07 -6.5069e-07 -7.4754e-07 -8.5336e-07 -9.6836e-07 -1.0926e-06 -1.2259e-06 -1.3678e-06 -1.5175e-06 -1.6737e-06 -1.8342e-06 -1.9964e-06 -2.1565e-06 -2.3095e-06 -2.4494e-06 -2.5688e-06 -2.6591e-06 -2.7110e-06 -2.7147e-06 -2.6615e-06 -2.5447e-06 -2.3617e-06 -2.1156e-06 -1.8167e-06 -1.4833e-06 -1.1402e-06 -8.1543e-07 -5.3484e-07 -3.1621e-07 -1.6502e-07 -7.4114e-08 -2.7777e-08 -8.3676e-09 -1.9356e-09 -3.2513e-10 -3.7031e-11 -2.6290e-12 -1.0487e-13 -2.0669e-15 -1.7163e-17 -4.9224e-20 -3.8033e-23 -5.7943e-27 -1.1742e-31 -1.9215e-37 -1.3451e-44 -1.7855e-53 -1.5766e-64 -2.3853e-78 -1.0557e-95 -1.3445e-117 -2.3009e-145 -8.9522e-181 -3.3180e-226 -7.0721e-285 -0.0000e+00 -0.0000e+00 -0.0000e+00 -0.0000e+00 -0.0000e+00 -0.0000e+00 -0.0000e+00 -0.0000e+00 -0.0000e+00 -0.0000e+00 -0.0000e+00 -0.0000e+00 -0.0000e+00 -0.0000e+00 -0.0000e+00 -0.0000e+00 -0.0000e+00 -0.0000e+00 -0.0000e+00 -0.0000e+00 -0.0000e+00 -0.0000e+00 -0.0000e+00 -0.0000e+00 -0.0000e+00 -0.0000e+00 -0.0000e+00 -0.0000e+00
-4.5537e-10 -2.5785e-09 -7.1169e-09 -1.4643e-08 -2.5654e-08 -4.0612e-08 -5.9958e-08 -8.4126e-08 -1.1355e-07 -1.4868e-07 -1.8996e-07 -2.3787e-07 2.4826e-05 -3.5551e-07 -4.2626e-07 -5.0568e-07 -5.9430e-07 -6.9263e-07 -8.0119e-07 -9.2044e-07 -1.0507e-06 -1.1923e-06 -1.3453e-06 -1.5095e-06 -1.6842e-06 -1.8686e-06 -2.0608e-06 -2.2586e-06 -2.4583e-06 -2.6555e-06 -2.8440e-06 -3.0164e-06 -3.1636e-06 -3.2749e-06 -3.3390e-06 -3.3438e-06 -3.2786e-06 -3.1351e-06 -2.9099e-06 -2.6070e-06 -2.2391e-06 -1.8286e-06 -1.4060e-06 -1.0059e-06 -6.5999e-07 -3.9037e-07 -2.0384e-07 -9.1607e-08 -3.4360e-08 -1.0361e-08 -2.3994e-09 -4.0358e-10 -4.6044e-11 -3.2754e-12 -1.3097e-13 -2.5889e-15 -2.1574e-17 -6.2141e-20 -4.8265e-23 -7.4000e-27 -1.5112e-31 -2.4966e-37 -1.7680e-44 -2.3802e-53 -2.1385e-64 -3.3050e-78 -1.5014e-95 -1.9742e-117 -3.5134e-145 -1.4340e-180 -5.6342e-226 -1.2890e-284 -0.0000e+00 -0.0000e+00 -0.0000e+00 -0.0000e+00 -0.0000e+00 -0.0000e+00 -0.0000e+00 -0.0000e+00 -0.0000e+00 -0.0000e+00 -0.0000e+00 -0.0000e+00 -0.0000e+00 -0.0000e+00 -0.0000e+00 -0.0000e+00 -0.0000e+00 -0.0000e+00 -0.0000e+00 -0.0000e+00 -0.0000e+00 -0.0000e+00 -0.0000e+00 -0.0000e+00 -0.0000e+00 -0.0000e+00 -0.0000e+00 -0.0000e+00 -4.5537e-10 -2.5785e-09 -7.1169e-09 -1.4643e-08 -2.5654e-08 -4.0612e-08 -5.9958e-08 -8.4126e-08 -1.1355e-07 -1.4868e-07 -1.8996e-07 -2.3787e-07 0.0000e+00 -3.5551e-07 -4.2626e-07 -5.0568e-07 -5.9429e-07 -6.9263e-07 -8.0119e-07 -9.2043e-07 -1.0507e-06 -1.1923e-06 -1.3453e-06 -1.5094e-06 -1.6842e-06 -1.8685e-06 -2.0608e-06 -2.2585e-06 -2.4582e-06 -2.6553e-06 -2.8437e-06 -3.0160e-06 -3.1630e-06 -3.2743e-06 -3.3381e-06 -3.3428e-06 -3.2773e-06 -3.1336e-06 -2.9083e-06 -2.6052e-06 -2.2372e-06 -1.8267e-06 -1.4042e-06 -1.0043e-06 -6.5878e-07 -3.8951e-07 -2.0329e-07 -9.1313e-08 -3.4227e-08 -1.0312e-08 -2.3859e-09 -4.0085e-10 -4.5669e-11 -3.2433e-12 -1.2942e-13 -2.5521e-15 -2.1204e-17 -6.0858e-20 -4.7063e-23 -7.1776e-27 -1.4564e-31 -2.3871e-37 -1.6744e-44 -2.2279e-53 -1.9732e-64 -2.9966e-78 -1.3325e-95 -1.7069e-117 -2.9427e-145 -1.1556e-180 -4.3334e-226 -9.3746e-285 -0.0000e+00 -0.0000e+00 -0.0000e+00 -0.0000e+00 -0.0000e+00 -0.0000e+00 -0.0000e+00 -0.0000e+00 -0.0000e+00 -0.0000e+00 -0.0000e+00 -0.0000e+00 -0.0000e+00 -0.0000e+00 -0.0000e+00 -0.0000e+00 -0.0000e+00 -0.0000e+00 -0.0000e+00 -0.0000e+00 -0.0000e+00 -0.0000e+00 -0.0000e+00 -0.0000e+00 -0.0000e+00 -0.0000e+00 -0.0000e+00 -0.0000e+00
-5.5274e-10 -3.1298e-09 -8.6387e-09 -1.7774e-08 -3.1140e-08 -4.9296e-08 -7.2778e-08 -1.0211e-07 -1.3783e-07 -1.8047e-07 -2.3058e-07 -2.8873e-07 -3.5551e-07 3.9247e-05 -5.1741e-07 -6.1381e-07 -7.2138e-07 -8.4074e-07 -9.7252e-07 -1.1173e-06 -1.2754e-06 -1.4473e-06 -1.6330e-06 -1.8323e-06 -2.0444e-06 -2.2682e-06 -2.5016e-06 -2.7417e-06 -2.9842e-06 -3.2236e-06 -3.4525e-06 -3.6618e-06 -3.8406e-06 -3.9759e-06 -4.0538e-06 -4.0599e-06 -3.9810e-06 -3.8070e-06 -3.5340e-06 -3.1664e-06 -2.7199e-06 -2.2216e-06 -1.7085e-06 -1.2225e-06 -8.0239e-07 -4.7476e-07 -2.4800e-07 -1.1151e-07 -4.1848e-08 -1.2627e-08 -2.9267e-09 -4.9278e-10 -5.6287e-11 -4.0099e-12 -1.6061e-13 -3.1816e-15 -2.6580e-17 -7.6796e-20 -5.9869e-23 -9.2204e-27 -1.8932e-31 -3.1482e-37 -2.2472e-44 -3.0545e-53 -2.7763e-64 -4.3509e-78 -2.0099e-95 -2.6964e-117 -4.9146e-145 -2.0634e-180 -8.3806e-226 -1.9932e-284 -0.0000e+00 -0.0000e+00 -0.0000e+00 -0.0000e+00 -0.0000e+00 -0.0000e+00 -0.0000e+00 -0.0000e+00 -0.0000e+00 -0.0000e+00 -0.0000e+00 -0.0000e+00 -0.0000e+00 -0.0000e+00 -0.0000e+00 -0.0000e+00 -0.0000e+00 -0.0000e+00 -0.0000e+00 -0.0000e+00 -0.0000e+00 -0.0000e+00 -0.0000e+00 -0.0000e+00 -0.0000e+00 -0.0000e+00 -0.0000e+00 -0.0000e+00 -5.5274e-10 -3.1298e-09 -8.6387e-09 -1.7774e-08 -3.1140e-08 -4.9296e-08 -7.2778e-08 -1.0211e-07 -1.3783e-07 -1.8047e-07 -2.3058e-07 -2.8873e-07 -3.5551e-07 0.0000e+00 -5.1741e-07 -6.1381e-07 -7.2137e-07 -8.4074e-07 -9.7251e-07 -1.1172e-06 -1.2754e-06 -1.4473e-06 -1.6330e-06 -1.8322e-06 -2.0443e-06 -2.2681e-06 -2.5014e-06 -2.7414e-06 -2.9839e-06 -3.2231e-06 -3.4519e-06 -3.6611e-06 -3.8396e-06 -3.9747e-06 -4.0522e-06 -4.0579e-06 -3.9785e-06 -3.8042e-06 -3.5307e-06 -3.1629e-06 -2.7163e-06 -2.2180e-06 -1.7051e-06 -1.2196e-06 -8.0007e-07 -4.7310e-07 -2.4696e-07 -1.1094e-07 -4.1593e-08 -1.2534e-08 -2.9008e-09 -4.8753e-10 -5.5567e-11 -3.9482e-12 -1.5764e-13 -3.1108e-15 -2.5869e-17 -7.4324e-20 -5.7551e-23 -8.7911e-27 -1.7872e-31 -2.9363e-37 -2.0656e-44 -2.7583e-53 -2.4538e-64 -3.7471e-78 -1.6777e-95 -2.1676e-117 -3.7770e-145 -1.5032e-180 -5.7324e-226 -1.2666e-284 -0.0000e+00 -0.0000e+00 -0.0000e+00 -0.0000e+00 -0.0000e+00 -0.0000e+00 -0.0000e+00 -0.0000e+00 -0.0000e+00 -0.0000e+00 -0.0000e+00 -0.0000e+00 -0.0000e+00 -0.0000e+00 -0.0000e+00 -0.0000e+00 -0.0000e+00 -0.0000e+00 -0.0000e+00 -0.0000e+00 -0.0000e+00 -0.0000e+00 -0.0000e+00 -0.0000e+00 -0.0000e+00 -0.0000e+00 -0.0000e+00 -0.0000e+00
-6.6276e-10 -3.7528e-09 -1.0358e-08 -2.1311e-08 -3.7337e-08 -5.9107e-08 -8.7264e-08 -1.2244e-07 -1.6527e-07 -2.1639e-07 -2.7647e-07 -3.4619e-07 -4.2626e-07 -5.1741e-07 6.0231e-05 -7.3598e-07 -8.6496e-07 -1.0081e-06 -1.1661e-06 -1.3396e-06 -1.5293e-06 -1.7354e-06 -1.9581e-06 -2.1970e-06 -2.4514e-06 -2.7197e-06 -2.9997e-06 -3.2876e-06 -3.5784e-06 -3.8656e-06 -4.1402e-06 -4.3914e-06 -4.6060e-06 -4.7685e-06 -4.8623e-06 -4.8699e-06 -4.7756e-06 -4.5674e-06 -4.2404e-06 -3.8000e-06 -3.2648e-06 -2.6672e-06 -2.0518e-06 -1.4687e-06 -9.6433e-07 -5.7085e-07 -2.9837e-07 -1.3425e-07 -5.0424e-08 -1.5230e-08 -3.5342e-09 -5.9592e-10 -6.8186e-11 -4.8677e-12 -1.9546e-13 -3.8835e-15 -3.2562e-17 -9.4488e-20 -7.4047e-23 -1.1476e-26 -2.3742e-31 -3.9840e-37 -2.8749e-44 -3.9588e-53 -3.6543e-64 -5.8331e-78 -2.7537e-95 -3.7894e-117 -7.1146e-145 -3.0914e-180 -1.3063e-225 -3.2505e-284 -0.0000e+00 -0.0000e+00 -0.0000e+00 -0.0000e+00 -0.0000e+00 -0.0000e+00 -0.0000e+00 -0.0000e+00 -0.0000e+00 -0.0000e+00 -0.0000e+00 -0.0000e+00 -0.0000e+00 -0.0000e+00 -0.0000e+00 -0.0000e+00 -0.0000e+00 -0.0000e+00 -0.0000e+00 -0.0000e+00 -0.0000e+00 -0.0000e+00 -0.0000e+00 -0.0000e+00 -0.0000e+00 -0.0000e+00 -0.0000e+00 -0.0000e+00 -6.6276e-10 -3.7528e-09 -1.0358e-08 -2.1311e-08 -3.7337e-08 -5.9107e-08 -8.7264e-08 -1.2244e-07 -1.6527e-07 -2.1639e-07 -2.7647e-07 -3.4619e-07 -4.2626e-07 -5.1741e-07 0.0000e+00 -7.3598e-07 -8.6495e-07 -1.0081e-06 -1.1661e-06 -1.3396e-06 -1.5293e-06 -1.7354e-06 -1.9580e-06 -2.1969e-06 -2.4512e-06 -2.7195e-06 -2.9994e-06 -3.2871e-06 -3.5779e-06 -3.8648e-06 -4.1391e-06 -4.3900e-06 -4.6041e-06 -4.7662e-06 -4.8593e-06 -4.8662e-06 -4.7712e-06 -4.5622e-06 -4.2345e-06 -3.7936e-06 -3.2580e-06 -2.6606e-06 -2.0456e-06 -1.4633e-06 -9.6006e-07 -5.6780e-07 -2.9644e-07 -1.3320e-07 -4.9953e-08 -1.5059e-08 -3.4865e-09 -5.8625e-10 -6.6857e-11 -4.7538e-12 -1.8997e-13 -3.7527e-15 -3.1246e-17 -8.9912e-20 -6.9751e-23 -1.0679e-26 -2.1771e-31 -3.5891e-37 -2.5354e-44 -3.4032e-53 -3.0468e-64 -4.6893e-78 -2.1200e-95 -2.7724e-117 -4.9036e-145 -1.9882e-180 -7.7593e-226 -1.7644e-284 -0.0000e+00 -0.0000e+00 -0.0000e+00 -0.0000e+00 -0.0000e+00 -0.0000e+00 -0.0000e+00 -0.0000e+00 -0.0000e+00 -0.0000e+00 -0.0000e+00 -0.0000e+00 -0.0000e+00 -0.0000e+00 -0.0000e+00 -0.0000e+00 -0.0000e+00 -0.0000e+00 -0.0000e+00 -0.0000e+00 -0.0000e+00 -0.0000e+00 -0.0000e+00 -0.0000e+00 -0.0000e+00 -0.0000e+00 -0.0000e+00 -0.0000e+00
-7.8624e-10 -4.4519e-09 -1.2288e-08 -2.5282e-08 -4.4294e-08 -7.0120e-08 -1.0352e-07 -1.4525e-07 -1.9606e-07 -2.5671e-07 -3.2798e-07 -4.1070e-07 -5.0568e-07 -6.1381e-07 -7.3598e-07 9.0092e-05 -1.0261e-06 -1.1959e-06 -1.3834e-06 -1.5892e-06 -1.8142e-06 -2.0588e-06 -2.3229e-06 -2.6064e-06 -2.9082e-06 -3.2267e-06 -3.5588e-06 -3.9004e-06 -4.2456e-06 -4.5865e-06 -4.9125e-06 -5.2108e-06 -5.4657e-06 -5.6590e-06 -5.7708e-06 -5.7805e-06 -5.6693e-06 -5.4230e-06 -5.0356e-06 -4.5137e-06 -3.8790e-06 -3.1701e-06 -2.4396e-06 -1.7471e-06 -1.1478e-06 -6.7991e-07 -3.5566e-07 -1.6018e-07 -6.0235e-08 -1.8219e-08 -4.2350e-09 -7.1553e-10 -8.2070e-11 -5.8759e-12 -2.3677e-13 -4.7239e-15 -3.9806e-17 -1.1620e-19 -9.1718e-23 -1.4336e-26 -2.9962e-31 -5.0887e-37 -3.7249e-44 -5.2161e-53 -4.9107e-64 -8.0207e-78 -3.8885e-95 -5.5175e-117 -1.0728e-144 -4.8512e-180 -2.1445e-225 -5.6159e-284 -0.0000e+00 -0.0000e+00 -0.0000e+00 -0.0000e+00 -0.0000e+00 -0.0000e+00 -0.0000e+00 -0.0000e+00 -0.0000e+00 -0.0000e+00 -0.0000e+00 -0.0000e+00 -0.0000e+00 -0.0000e+00 -0.0000e+00 -0.0000e+00 -0.0000e+00 -0.0000e+00 -0.0000e+00 -0.0000e+00 -0.0000e+00 -0.0000e+00 -0.0000e+00 -0.0000e+00 -0.0000e+00 -0.0000e+00 -0.0000e+00 -0.0000e+00 -7.8624e-10 -4.4519e-09 -1.2288e-08 -2.5282e-08 -4.4294e-08 -7.0120e-08 -1.0352e-07 -1.4525e-07 -1.9606e-07 -2.5671e-07 -3.2798e-07 -4.1069e-07 -5.0568e-07 -6.1381e-07 -7.3598e-07 0.0000e+00 -1.0261e-06 -1.1959e-06 -1.3833e-06 -1.5892e-06 -1.8142e-06 -2.0587e-06 -2.3228e-06 -2.6062e-06 -2.9080e-06 -3.2263e-06 -3.5583e-06 -3.8997e-06 -4.2446e-06 -4.5851e-06 -4.9106e-06 -5.2083e-06 -5.4625e-06 -5.6548e-06 -5.7655e-06 -5.7739e-06 -5.6614e-06 -5.4137e-06 -5.0252e-06 -4.5022e-06 -3.8670e-06 -3.1582e-06 -2.4285e-06 -1.7375e-06 -1.1402e-06 -6.7449e-07 -3.5224e-07 -1.5833e-07 -5.9398e-08 -1.7915e-08 -4.1501e-09 -6.9832e-10 -7.9705e-11 -5.6730e-12 -2.2698e-13 -4.4905e-15 -3.7456e-17 -1.0802e-19 -8.4016e-23 -1.2904e-26 -2.6411e-31 -4.3750e-37 -3.1087e-44 -4.2029e-53 -3.7961e-64 -5.9064e-78 -2.7061e-95 -3.5975e-117 -6.4930e-145 -2.6990e-180 -1.0860e-225 -2.5639e-284 -0.0000e+00 -0.0000e+00 -0.0000e+00 -0.0000e+00 -0.0000e+00 -0.0000e+00 -0.0000e+00 -0.0000e+00 -0.0000e+00 -0.0000e+00 -0.0000e+00 -0.0000e+00 -0.0000e+00 -0.0000e+00 -0.0000e+00 -0.0000e+00 -0.0000e+00 -0.0000e+00 -0.0000e+00 -0.0000e+00 -0.0000e+00 -0.0000e+00 -0.0000e+00 -0.0000e+00 -0.0000e+00 -0.0000e+00 -0.0000e+00 -0.0000e+00
