-5.9604e-07 -1.0023e-10 -2.7663e-10 -5.6916e-10 -9.9718e-10 -1.5786e-09 -2.3306e-09 -3.2700e-09 -4.4140e-09 -5.7796e-09 -7.3848e-09 -9.2481e-09 -1.1389e-08 -1.3827e-08 -1.6585e-08 -1.9684e-08 -2.3149e-08 -2.7004e-08 -3.1275e-08 -3.5988e-08 -4.1172e-08 -4.6853e-08 -5.3058e-08 -5.9811e-08 -6.7135e-08 -7.5047e-08 -8.3557e-08 -9.2664e-08 -1.0235e-07 -1.1259e-07 -1.2333e-07 -1.3446e-07 -1.4586e-07 -1.5734e-07 -1.6867e-07 -1.7952e-07 -1.8950e-07 -1.9813e-07 -2.0485e-07 -2.0903e-07 -2.1002e-07 -2.0715e-07 -1.9990e-07 -1.8793e-07 -1.7125e-07 -1.5032e-07 -1.2616e-07 -1.0032e-07 -7.4754e-08 -5.1502e-08 -3.2272e-08 -1.8028e-08 -8.7595e-09 -3.5917e-09 -1.1972e-09 -3.0980e-10 -5.8761e-11 -7.6062e-12 -6.1445e-13 -2.7687e-14 -6.0397e-16 -5.3297e-18 -1.5136e-20 -1.0322e-23 -1.1592e-27 -1.3158e-32 -7.9881e-39 -1.1255e-46 -1.2213e-56 -2.3496e-69 -1.1164e-85 -9.0839e-107 -3.2998e-134 -3.4868e-170 -9.5557e-218 -3.3685e-281 0.0000e+00 0.0000e+00 0.0000e+00 0.0000e+00 0.0000e+00 0.0000e+00 0.0000e+00 0.0000e+00 0.0000e+00 0.0000e+00 0.0000e+00 0.0000e+00 0.0000e+00 0.0000e+00 0.0000e+00 0.0000e+00 0.0000e+00 0.0000e+00 0.0000e+00 0.0000e+00 0.0000e+00 0.0000e+00 0.0000e+00 0.0000e+00 0.0000e+00 1.0023e-10 2.7663e-10 5.6916e-10 9.9718e-10 1.5786e-09 2.3306e-09 3.2700e-09 4.4140e-09 5.7796e-09 7.3848e-09 9.2481e-09 1.1389e-08 1.3827e-08 1.6585e-08 1.9684e-08 2.3149e-08 2.7004e-08 3.1275e-08 3.5988e-08 4.1172e-08 4.6853e-08 5.3058e-08 5.9811e-08 6.7135e-08 7.5047e-08 8.3557e-08 9.2664e-08 1.0235e-07 1.1259e-07 1.2333e-07 1.3446e-07 1.4586e-07 1.5734e-07 1.6867e-07 1.7952e-07 1.8950e-07 1.9813e-07 2.0485e-07 2.0903e-07 2.1002e-07 2.0715e-07 1.9990e-07 1.8793e-07 1.7125e-07 1.5032e-07 1.2616e-07 1.0032e-07 7.4754e-08 5.1502e-08 3.2272e-08 1.8028e-08 8.7595e-09 3.5917e-09 1.1972e-09 3.0980e-10 5.8761e-11 7.6062e-12 6.1445e-13 2.7687e-14 6.0397e-16 5.3297e-18 1.5136e-20 1.0322e-23 1.1592e-27 1.3158e-32 7.9881e-39 1.1255e-46 1.2213e-56 2.3496e-69 1.1164e-85 9.0839e-107 3.2998e-134 3.4868e-170 9.5557e-218 3.3685e-281 0.0000e+00 0.0000e+00 0.0000e+00 0.0000e+00 0.0000e+00 0.0000e+00 0.0000e+00 0.0000e+00 0.0000e+00 0.0000e+00 0.0000e+00 0.0000e+00 0.0000e+00 0.0000e+00 0.0000e+00 0.0000e+00 0.0000e+00 0.0000e+00 0.0000e+00 0.0000e+00 0.0000e+00 0.0000e+00 0.0000e+00 0.0000e+00
-1.0023e-10 3.0248e-10 -1.5664e-09 -3.2228e-09 -5.6463e-09 -8.9385e-09 -1.3197e-08 -1.8516e-08 -2.4993e-08 -3.2726e-08 -4.1815e-08 -5.2366e-08 -6.4487e-08 -7.8294e-08 -9.3909e-08 -1.1146e-07 -1.3108e-07 -1.5290e-07 -1.7709e-07 -2.0378e-07 -2.3313e-07 -2.6530e-07 -3.0043e-07 -3.3867e-07 -3.8014e-07 -4.2494e-07 -4.7312e-07 -5.2469e-07 -5.7956e-07 -6.3755e-07 -6.9831e-07 -7.6134e-07 -8.2589e-07 -8.9092e-07 -9.5505e-07 -1.0165e-06 -1.0730e-06 -1.1219e-06 -1.1599e-06 -1.1836e-06 -1.1892e-06 -1.1730e-06 -1.1319e-06 -1.0641e-06 -9.6966e-07 -8.5116e-07 -7.1435e-07 -5.6804e-07 -4.2328e-07 -2.9162e-07 -1.8274e-07 -1.0208e-07 -4.9599e-08 -2.0337e-08 -6.7792e-09 -1.7542e-09 -3.3272e-10 -4.3069e-11 -3.4792e-12 -1.5677e-13 -3.4199e-15 -3.0178e-17 -8.5704e-20 -5.8444e-23 -6.5638e-27 -7.4504e-32 -4.5231e-38 -6.3730e-46 -6.9153e-56 -1.3305e-68 -6.3216e-85 -5.1436e-106 -1.8685e-133 -1.9743e-169 -5.4108e-217 -1.9074e-280 0.0000e+00 0.0000e+00 0.0000e+00 0.0000e+00 0.0000e+00 0.0000e+00 0.0000e+00 0.0000e+00 0.0000e+00 0.0000e+00 0.0000e+00 0.0000e+00 0.0000e+00 0.0000e+00 0.0000e+00 0.0000e+00 0.0000e+00 0.0000e+00 0.0000e+00 0.0000e+00 0.0000e+00 0.0000e+00 0.0000e+00 0.0000e+00 1.0023e-10 0.0000e+00 1.5664e-09 3.2228e-09 5.6463e-09 8.9385e-09 1.3197e-08 1.8516e-08 2.4993e-08 3.2726e-08 4.1815e-08 5.2366e-08 6.4487e-08 7.8294e-08 9.3909e-08 1.1146e-07 1.3108e-07 1.5290e-07 1.7709e-07 2.0378e-07 2.3313e-07 2.6530e-07 3.0043e-07 3.3867e-07 3.8014e-07 4.2494e-07 4.7312e-07 5.2469e-07 5.7956e-07 6.3755e-07 6.9831e-07 7.6134e-07 8.2589e-07 8.9092e-07 9.5505e-07 1.0165e-06 1.0730e-06 1.1219e-06 1.1599e-06 1.1836e-06 1.1892e-06 1.1730e-06 1.1319e-06 1.0641e-06 9.6966e-07 8.5116e-07 7.1435e-07 5.6804e-07 4.2328e-07 2.9162e-07 1.8274e-07 1.0208e-07 4.9599e-08 2.0337e-08 6.7792e-09 1.7542e-09 3.3272e-10 4.3069e-11 3.4792e-12 1.5677e-13 3.4199e-15 3.0178e-17 8.5704e-20 5.8444e-23 6.5638e-27 7.4504e-32 4.5231e-38 6.3730e-46 6.9152e-56 1.3304e-68 6.3216e-85 5.1436e-106 1.8684e-133 1.9743e-169 5.4107e-217 1.9074e-280 0.0000e+00 0.0000e+00 0.0000e+00 0.0000e+00 0.0000e+00 0.0000e+00 0.0000e+00 0.0000e+00 0.0000e+00 0.0000e+00 0.0000e+00 0.0000e+00 0.0000e+00 0.0000e+00 0.0000e+00 0.0000e+00 0.0000e+00 0.0000e+00 0.0000e+00 0.0000e+00 0.0000e+00 0.0000e+00 0.0000e+00 0.0000e+00
-2.7663e-10 -1.5664e-09 3.4537e-09 -8.8952e-09 -1.5585e-08 -2.4671e-08 -3.6424e-08 -5.1107e-08 -6.8985e-08 -9.0328e-08 -1.1542e-07 -1.4454e-07 -1.7799e-07 -2.1610e-07 -2.5920e-07 -3.0764e-07 -3.6179e-07 -4.2203e-07 -4.8878e-07 -5.6245e-07 -6.4347e-07 -7.3225e-07 -8.2922e-07 -9.3477e-07 -1.0492e-06 -1.1729e-06 -1.3059e-06 -1.4482e-06 -1.5997e-06 -1.7597e-06 -1.9274e-06 -2.1014e-06 -2.2796e-06 -2.4590e-06 -2.6360e-06 -2.8056e-06 -2.9616e-06 -3.0965e-06 -3.2016e-06 -3.2670e-06 -3.2823e-06 -3.2375e-06 -3.1242e-06 -2.9371e-06 -2.6764e-06 -2.3493e-06 -1.9717e-06 -1.5679e-06 -1.1683e-06 -8.0491e-07 -5.0438e-07 -2.8175e-07 -1.3690e-07 -5.6133e-08 -1.8711e-08 -4.8418e-09 -9.1836e-10 -1.1887e-10 -9.6031e-12 -4.3272e-13 -9.4393e-15 -8.3296e-17 -2.3655e-19 -1.6131e-22 -1.8117e-26 -2.0564e-31 -1.2484e-37 -1.7590e-45 -1.9087e-55 -3.6722e-68 -1.7449e-84 -1.4197e-105 -5.1573e-133 -5.4496e-169 -1.4935e-216 -5.2648e-280 0.0000e+00 0.0000e+00 0.0000e+00 0.0000e+00 0.0000e+00 0.0000e+00 0.0000e+00 0.0000e+00 0.0000e+00 0.0000e+00 0.0000e+00 0.0000e+00 0.0000e+00 0.0000e+00 0.0000e+00 0.0000e+00 0.0000e+00 0.0000e+00 0.0000e+00 0.0000e+00 0.0000e+00 0.0000e+00 0.0000e+00 0.0000e+00 2.7663e-10 1.5664e-09 0.0000e+00 8.8952e-09 1.5585e-08 2.4671e-08 3.6424e-08 5.1107e-08 6.8985e-08 9.0328e-08 1.1542e-07 1.4454e-07 1.7799e-07 2.1610e-07 2.5920e-07 3.0764e-07 3.6179e-07 4.2203e-07 4.8878e-07 5.6245e-07 6.4347e-07 7.3225e-07 8.2922e-07 9.3477e-07 1.0492e-06 1.1729e-06 1.3059e-06 1.4482e-06 1.5997e-06 1.7597e-06 1.9274e-06 2.1014e-06 2.2796e-06 2.4590e-06 2.6360e-06 2.8056e-06 2.9616e-06 3.0965e-06 3.2016e-06 3.2670e-06 3.2823e-06 3.2375e-06 3.1242e-06 2.9371e-06 2.6764e-06 2.3493e-06 1.9717e-06 1.5679e-06 1.1683e-06 8.0491e-07 5.0438e-07 2.8175e-07 1.3690e-07 5.6133e-08 1.8711e-08 4.8418e-09 9.1836e-10 1.1887e-10 9.6031e-12 4.3272e-13 9.4393e-15 8.3296e-17 2.3655e-19 1.6131e-22 1.8117e-26 2.0564e-31 1.2484e-37 1.7590e-45 1.9087e-55 3.6722e-68 1.7448e-84 1.4197e-105 5.1572e-133 5.4494e-169 1.4934e-216 5.2646e-280 0.0000e+00 0.0000e+00 0.0000e+00 0.0000e+00 0.0000e+00 0.0000e+00 0.0000e+00 0.0000e+00 0.0000e+00 0.0000e+00 0.0000e+00 0.0000e+00 0.0000e+00 0.0000e+00 0.0000e+00 0.0000e+00 0.0000e+00 0.0000e+00 0.0000e+00 0.0000e+00 0.0000e+00 0.0000e+00 0.0000e+00 0.0000e+00
-5.6916e-10 -3.2228e-09 -8.8952e-09 2.3255e-08 -3.2064e-08 -5.0760e-08 -7.4941e-08 -1.0515e-07 -1.4193e-07 -1.8585e-07 -2.3746e-07 -2.9738e-07 -3.6621e-07 -4.4462e-07 -5.3329e-07 -6.3295e-07 -7.4436e-07 -8.6831e-07 -1.0056e-06 -1.1572e-06 -1.3239e-06 -1.5066e-06 -1.7061e-06 -1.9232e-06 -2.1587e-06 -2.4132e-06 -2.6868e-06 -2.9796e-06 -3.2912e-06 -3.6205e-06 -3.9656e-06 -4.3235e-06 -4.6901e-06 -5.0594e-06 -5.4235e-06 -5.7724e-06 -6.0934e-06 -6.3709e-06 -6.5871e-06 -6.7216e-06 -6.7531e-06 -6.6610e-06 -6.4279e-06 -6.0430e-06 -5.5065e-06 -4.8336e-06 -4.0566e-06 -3.2258e-06 -2.4037e-06 -1.6561e-06 -1.0377e-06 -5.7969e-07 -2.8167e-07 -1.1549e-07 -3.8498e-08 -9.9618e-09 -1.8895e-09 -2.4458e-10 -1.9758e-11 -8.9030e-13 -1.9421e-14 -1.7138e-16 -4.8670e-19 -3.3190e-22 -3.7275e-26 -4.2310e-31 -2.5687e-37 -3.6192e-45 -3.9272e-55 -7.5558e-68 -3.5902e-84 -2.9212e-105 -1.0612e-132 -1.1213e-168 -3.0732e-216 -1.0834e-279 0.0000e+00 0.0000e+00 0.0000e+00 0.0000e+00 0.0000e+00 0.0000e+00 0.0000e+00 0.0000e+00 0.0000e+00 0.0000e+00 0.0000e+00 0.0000e+00 0.0000e+00 0.0000e+00 0.0000e+00 0.0000e+00 0.0000e+00 0.0000e+00 0.0000e+00 0.0000e+00 0.0000e+00 0.0000e+00 0.0000e+00 0.0000e+00 5.6916e-10 3.2228e-09 8.8952e-09 0.0000e+00 3.2064e-08 5.0760e-08 7.4941e-08 1.0515e-07 1.4193e-07 1.8585e-07 2.3746e-07 2.9738e-07 3.6621e-07 4.4462e-07 5.3329e-07 6.3295e-07 7.4436e-07 8.6831e-07 1.0056e-06 1.1572e-06 1.3239e-06 1.5066e-06 1.7061e-06 1.9232e-06 2.1587e-06 2.4132e-06 2.6868e-06 2.9796e-06 3.2912e-06 3.6205e-06 3.9656e-06 4.3235e-06 4.6901e-06 5.0594e-06 5.4235e-06 5.7724e-06 6.0934e-06 6.3709e-06 6.5871e-06 6.7216e-06 6.7531e-06 6.6610e-06 6.4279e-06 6.0430e-06 5.5065e-06 4.8335e-06 4.0566e-06 3.2258e-06 2.4037e-06 1.6561e-06 1.0377e-06 5.7969e-07 2.8167e-07 1.1549e-07 3.8498e-08 9.9618e-09 1.8895e-09 2.4458e-10 1.9758e-11 8.9029e-13 1.9421e-14 1.7138e-16 4.8670e-19 3.3189e-22 3.7275e-26 4.2309e-31 2.5686e-37 3.6191e-45 3.9270e-55 7.5554e-68 3.5899e-84 2.9210e-105 1.0611e-132 1.1212e-168 3.0727e-216 1.0832e-279 0.0000e+00 0.0000e+00 0.0000e+00 0.0000e+00 0.0000e+00 0.0000e+00 0.0000e+00 0.0000e+00 0.0000e+00 0.0000e+00 0.0000e+00 0.0000e+00 0.0000e+00 0.0000e+00 0.0000e+00 0.0000e+00 0.0000e+00 0.0000e+00 0.0000e+00 0.0000e+00 0.0000e+00 0.0000e+00 0.0000e+00 0.0000e+00
-9.9718e-10 -5.6463e-09 -1.5585e-08 -3.2064e-08 8.9408e-08 -8.8932e-08 -1.3130e-07 -1.8422e-07 -2.4867e-07 -3.2560e-07 -4.1604e-07 -5.2101e-07 -6.4161e-07 -7.7898e-07 -9.3433e-07 -1.1089e-06 -1.3041e-06 -1.5213e-06 -1.7619e-06 -2.0275e-06 -2.3195e-06 -2.6395e-06 -2.9891e-06 -3.3695e-06 -3.7822e-06 -4.2279e-06 -4.7073e-06 -5.2204e-06 -5.7663e-06 -6.3432e-06 -6.9478e-06 -7.5749e-06 -8.2171e-06 -8.8641e-06 -9.5021e-06 -1.0113e-05 -1.0676e-05 -1.1162e-05 -1.1541e-05 -1.1776e-05 -1.1832e-05 -1.1670e-05 -1.1262e-05 -1.0587e-05 -9.6475e-06 -8.4685e-06 -7.1073e-06 -5.6517e-06 -4.2114e-06 -2.9014e-06 -1.8181e-06 -1.0156e-06 -4.9349e-07 -2.0234e-07 -6.7450e-08 -1.7453e-08 -3.3104e-09 -4.2851e-10 -3.4617e-11 -1.5598e-12 -3.4027e-14 -3.0027e-16 -8.5274e-19 -5.8151e-22 -6.5310e-26 -7.4133e-31 -4.5007e-37 -6.3415e-45 -6.8813e-55 -1.3240e-67 -6.2912e-84 -5.1192e-105 -1.8597e-132 -1.9653e-168 -5.3869e-216 -1.8993e-279 0.0000e+00 0.0000e+00 0.0000e+00 0.0000e+00 0.0000e+00 0.0000e+00 0.0000e+00 0.0000e+00 0.0000e+00 0.0000e+00 0.0000e+00 0.0000e+00 0.0000e+00 0.0000e+00 0.0000e+00 0.0000e+00 0.0000e+00 0.0000e+00 0.0000e+00 0.0000e+00 0.0000e+00 0.0000e+00 0.0000e+00 0.0000e+00 9.9718e-10 5.6463e-09 1.5585e-08 3.2064e-08 0.0000e+00 8.8932e-08 1.3130e-07 1.8422e-07 2.4867e-07 3.2560e-07 4.1604e-07 5.2101e-07 6.4161e-07 7.7898e-07 9.3433e-07 1.1089e-06 1.3041e-06 1.5213e-06 1.7619e-06 2.0275e-06 2.3195e-06 2.6395e-06 2.9891e-06 3.3695e-06 3.7822e-06 4.2279e-06 4.7073e-06 5.2204e-06 5.7663e-06 6.3432e-06 6.9478e-06 7.5749e-06 8.2171e-06 8.8641e-06 9.5021e-06 1.0113e-05 1.0676e-05 1.1162e-05 1.1541e-05 1.1776e-05 1.1832e-05 1.1670e-05 1.1262e-05 1.0587e-05 9.6475e-06 8.4685e-06 7.1073e-06 5.6516e-06 4.2114e-06 2.9014e-06 1.8181e-06 1.0156e-06 4.9348e-07 2.0234e-07 6.7449e-08 1.7453e-08 3.3104e-09 4.2851e-10 3.4616e-11 1.5598e-12 3.4026e-14 3.0026e-16 8.5270e-19 5.8148e-22 6.5306e-26 7.4127e-31 4.5002e-37 6.3407e-45 6.8802e-55 1.3237e-67 6.2896e-84 5.1176e-105 1.8590e-132 1.9643e-168 5.3833e-216 1.8977e-279 0.0000e+00 0.0000e+00 0.0000e+00 0.0000e+00 0.0000e+00 0.0000e+00 0.0000e+00 0.0000e+00 0.0000e+00 0.0000e+00 0.0000e+00 0.0000e+00 0.0000e+00 0.0000e+00 0.0000e+00 0.0000e+00 0.0000e+00 0.0000e+00 0.0000e+00 0.0000e+00 0.0000e+00 0.0000e+00 0.0000e+00 0.0000e+00
-1.5786e-09 -8.9385e-09 -2.4671e-08 -5.0760e-08 -8.8932e-08 2.6850e-07 -2.0785e-07 -2.9164e-07 -3.9366e-07 -5.1545e-07 -6.5861e-07 -8.2478e-07 -1.0157e-06 -1.2332e-06 -1.4791e-06 -1.7555e-06 -2.0645e-06 -2.4083e-06 -2.7892e-06 -3.2096e-06 -3.6719e-06 -4.1786e-06 -4.7319e-06 -5.3342e-06 -5.9874e-06 -6.6930e-06 -7.4519e-06 -8.2642e-06 -9.1284e-06 -1.0042e-05 -1.0999e-05 -1.1992e-05 -1.3008e-05 -1.4032e-05 -1.5042e-05 -1.6010e-05 -1.6900e-05 -1.7670e-05 -1.8270e-05 -1.8643e-05 -1.8730e-05 -1.8475e-05 -1.7828e-05 -1.6761e-05 -1.5273e-05 -1.3406e-05 -1.1251e-05 -8.9470e-06 -6.6669e-06 -4.5932e-06 -2.8782e-06 -1.6078e-06 -7.8123e-07 -3.2033e-07 -1.0678e-07 -2.7630e-08 -5.2408e-09 -6.7838e-10 -5.4803e-11 -2.4694e-12 -5.3869e-14 -4.7538e-16 -1.3501e-18 -9.2067e-22 -1.0340e-25 -1.1738e-30 -7.1263e-37 -1.0042e-44 -1.0897e-54 -2.0968e-67 -9.9642e-84 -8.1090e-105 -2.9464e-132 -3.1144e-168 -8.5389e-216 -3.0119e-279 0.0000e+00 0.0000e+00 0.0000e+00 0.0000e+00 0.0000e+00 0.0000e+00 0.0000e+00 0.0000e+00 0.0000e+00 0.0000e+00 0.0000e+00 0.0000e+00 0.0000e+00 0.0000e+00 0.0000e+00 0.0000e+00 0.0000e+00 0.0000e+00 0.0000e+00 0.0000e+00 0.0000e+00 0.0000e+00 0.0000e+00 0.0000e+00 1.5786e-09 8.9385e-09 2.4671e-08 5.0760e-08 8.8932e-08 0.0000e+00 2.0785e-07 2.9164e-07 3.9366e-07 5.1545e-07 6.5861e-07 8.2478e-07 1.0157e-06 1.2332e-06 1.4791e-06 1.7555e-06 2.0645e-06 2.4083e-06 2.7892e-06 3.2096e-06 3.6719e-06 4.1786e-06 4.7319e-06 5.3342e-06 5.9874e-06 6.6930e-06 7.4519e-06 8.2642e-06 9.1284e-06 1.0042e-05 1.0999e-05 1.1992e-05 1.3008e-05 1.4032e-05 1.5042e-05 1.6010e-05 1.6900e-05 1.7670e-05 1.8270e-05 1.8643e-05 1.8730e-05 1.8475e-05 1.7828e-05 1.6761e-05 1.5273e-05 1.3406e-05 1.1251e-05 8.9469e-06 6.6668e-06 4.5931e-06 2.8782e-06 1.6078e-06 7.8121e-07 3.2032e-07 1.0678e-07 2.7629e-08 5.2406e-09 6.7835e-10 5.4799e-11 2.4693e-12 5.3865e-14 4.7532e-16 1.3499e-18 9.2052e-22 1.0338e-25 1.1735e-30 7.1242e-37 1.0038e-44 1.0892e-54 2.0955e-67 9.9568e-84 8.1014e-105 2.9429e-132 3.1097e-168 8.5222e-216 3.0042e-279 0.0000e+00 0.0000e+00 0.0000e+00 0.0000e+00 0.0000e+00 0.0000e+00 0.0000e+00 0.0000e+00 0.0000e+00 0.0000e+00 0.0000e+00 0.0000e+00 0.0000e+00 0.0000e+00 0.0000e+00 0.0000e+00 0.0000e+00 0.0000e+00 0.0000e+00 0.0000e+00 0.0000e+00 0.0000e+00 0.0000e+00 0.0000e+00
-2.3306e-09 -1.3197e-08 -3.6424e-08 -7.4941e-08 -1.3130e-07 -2.0785e-07 6.8136e-07 -4.3056e-07 -5.8118e-07 -7.6100e-07 -9.7235e-07 -1.2177e-06 -1.4995e-06 -1.8206e-06 -2.1837e-06 -2.5918e-06 -3.0480e-06 -3.5556e-06 -4.1179e-06 -4.7386e-06 -5.4211e-06 -6.1691e-06 -6.9860e-06 -7.8752e-06 -8.8396e-06 -9.8813e-06 -1.1002e-05 -1.2201e-05 -1.3477e-05 -1.4825e-05 -1.6238e-05 -1.7704e-05 -1.9205e-05 -2.0717e-05 -2.2208e-05 -2.3637e-05 -2.4951e-05 -2.6088e-05 -2.6973e-05 -2.7523e-05 -2.7653e-05 -2.7276e-05 -2.6321e-05 -2.4745e-05 -2.2548e-05 -1.9793e-05 -1.6611e-05 -1.3209e-05 -9.8429e-06 -6.7814e-06 -4.2494e-06 -2.3738e-06 -1.1534e-06 -4.7294e-07 -1.5765e-07 -4.0795e-08 -7.7378e-09 -1.0016e-09 -8.0916e-11 -3.6462e-12 -7.9542e-14 -7.0195e-16 -1.9936e-18 -1.3596e-21 -1.5271e-25 -1.7336e-30 -1.0526e-36 -1.4834e-44 -1.6100e-54 -3.0984e-67 -1.4728e-83 -1.1989e-104 -4.3579e-132 -4.6088e-168 -1.2645e-215 -4.4641e-279 0.0000e+00 0.0000e+00 0.0000e+00 0.0000e+00 0.0000e+00 0.0000e+00 0.0000e+00 0.0000e+00 0.0000e+00 0.0000e+00 0.0000e+00 0.0000e+00 0.0000e+00 0.0000e+00 0.0000e+00 0.0000e+00 0.0000e+00 0.0000e+00 0.0000e+00 0.0000e+00 0.0000e+00 0.0000e+00 0.0000e+00 0.0000e+00 2.3306e-09 1.3197e-08 3.6424e-08 7.4941e-08 1.3130e-07 2.0785e-07 0.0000e+00 4.3056e-07 5.8118e-07 7.6100e-07 9.7235e-07 1.2177e-06 1.4995e-06 1.8206e-06 2.1837e-06 2.5918e-06 3.0480e-06 3.5556e-06 4.1179e-06 4.7386e-06 5.4211e-06 6.1691e-06 6.9860e-06 7.8752e-06 8.8396e-06 9.8813e-06 1.1002e-05 1.2201e-05 1.3477e-05 1.4825e-05 1.6238e-05 1.7704e-05 1.9205e-05 2.0717e-05 2.2208e-05 2.3637e-05 2.4951e-05 2.6088e-05 2.6973e-05 2.7523e-05 2.7653e-05 2.7275e-05 2.6321e-05 2.4745e-05 2.2548e-05 1.9792e-05 1.6611e-05 1.3209e-05 9.8427e-06 6.7812e-06 4.2493e-06 2.3737e-06 1.1534e-06 4.7291e-07 1.5764e-07 4.0791e-08 7.7370e-09 1.0015e-09 8.0904e-11 3.6455e-12 7.9524e-14 7.0175e-16 1.9929e-18 1.3590e-21 1.5263e-25 1.7325e-30 1.0518e-36 1.4819e-44 1.6080e-54 3.0938e-67 1.4700e-83 1.1961e-104 4.3448e-132 4.5910e-168 1.2582e-215 4.4353e-279 0.0000e+00 0.0000e+00 0.0000e+00 0.0000e+00 0.0000e+00 0.0000e+00 0.0000e+00 0.0000e+00 0.0000e+00 0.0000e+00 0.0000e+00 0.0000e+00 0.0000e+00 0.0000e+00 0.0000e+00 0.0000e+00 0.0000e+00 0.0000e+00 0.0000e+00 0.0000e+00 0.0000e+00 0.0000e+00 0.0000e+00 0.0000e+00
-3.2700e-09 -1.8516e-08 -5.1107e-08 -1.0515e-07 -1.8422e-07 -2.9164e-07 -4.3056e-07 1.5293e-06 -8.1546e-07 -1.0678e-06 -1.3643e-06 -1.7085e-06 -2.1040e-06 -2.5545e-06 -3.0640e-06 -3.6366e-06 -4.2766e-06 -4.9888e-06 -5.7779e-06 -6.6487e-06 -7.6063e-06 -8.6559e-06 -9.8021e-06 -1.1050e-05 -1.2403e-05 -1.3865e-05 -1.5437e-05 -1.7119e-05 -1.8909e-05 -2.0801e-05 -2.2784e-05 -2.4840e-05 -2.6946e-05 -2.9068e-05 -3.1160e-05 -3.3165e-05 -3.5009e-05 -3.6604e-05 -3.7846e-05 -3.8618e-05 -3.8800e-05 -3.8271e-05 -3.6931e-05 -3.4720e-05 -3.1638e-05 -2.7771e-05 -2.3308e-05 -1.8534e-05 -1.3811e-05 -9.5153e-06 -5.9626e-06 -3.3309e-06 -1.6185e-06 -6.6363e-07 -2.2122e-07 -5.7245e-08 -1.0858e-08 -1.4056e-09 -1.1356e-10 -5.1172e-12 -1.1164e-13 -9.8524e-16 -2.7984e-18 -1.9086e-21 -2.1440e-25 -2.4343e-30 -1.4783e-36 -2.0838e-44 -2.2623e-54 -4.3554e-67 -2.0713e-83 -1.6872e-104 -6.1376e-132 -6.4978e-168 -1.7852e-215 -6.3141e-279 0.0000e+00 0.0000e+00 0.0000e+00 0.0000e+00 0.0000e+00 0.0000e+00 0.0000e+00 0.0000e+00 0.0000e+00 0.0000e+00 0.0000e+00 0.0000e+00 0.0000e+00 0.0000e+00 0.0000e+00 0.0000e+00 0.0000e+00 0.0000e+00 0.0000e+00 0.0000e+00 0.0000e+00 0.0000e+00 0.0000e+00 0.0000e+00 3.2700e-09 1.8516e-08 5.1107e-08 1.0515e-07 1.8422e-07 2.9164e-07 4.3056e-07 0.0000e+00 8.1546e-07 1.0678e-06 1.3643e-06 1.7085e-06 2.1040e-06 2.5545e-06 3.0640e-06 3.6366e-06 4.2766e-06 4.9888e-06 5.7779e-06 6.6487e-06 7.6063e-06 8.6559e-06 9.8021e-06 1.1050e-05 1.2403e-05 1.3865e-05 1.5437e-05 1.7119e-05 1.8909e-05 2.0801e-05 2.2784e-05 2.4840e-05 2.6946e-05 2.9068e-05 3.1160e-05 3.3165e-05 3.5009e-05 3.6604e-05 3.7845e-05 3.8618e-05 3.8799e-05 3.8270e-05 3.6931e-05 3.4719e-05 3.1637e-05 2.7771e-05 2.3307e-05 1.8533e-05 1.3810e-05 9.5147e-06 5.9621e-06 3.3306e-06 1.6183e-06 6.6354e-07 2.2119e-07 5.7234e-08 1.0856e-08 1.4052e-09 1.1352e-10 5.1151e-12 1.1158e-13 9.8463e-16 2.7963e-18 1.9068e-21 2.1416e-25 2.4308e-30 1.4758e-36 2.0793e-44 2.2562e-54 4.3409e-67 2.0626e-83 1.6782e-104 6.0962e-132 6.4417e-168 1.7654e-215 6.2232e-279 0.0000e+00 0.0000e+00 0.0000e+00 0.0000e+00 0.0000e+00 0.0000e+00 0.0000e+00 0.0000e+00 0.0000e+00 0.0000e+00 0.0000e+00 0.0000e+00 0.0000e+00 0.0000e+00 0.0000e+00 0.0000e+00 0.0000e+00 0.0000e+00 0.0000e+00 0.0000e+00 0.0000e+00 0.0000e+00 0.0000e+00 0.0000e+00
-4.4140e-09 -2.4993e-08 -6.8985e-08 -1.4193e-07 -2.4867e-07 -3.9366e-07 -5.8118e-07 -8.1546e-07 3.1262e-06 -1.4413e-06 -1.8416e-06 -2.3062e-06 -2.8400e-06 -3.4481e-06 -4.1358e-06 -4.9087e-06 -5.7727e-06 -6.7340e-06 -7.7990e-06 -8.9745e-06 -1.0267e-05 -1.1684e-05 -1.3231e-05 -1.4915e-05 -1.6742e-05 -1.8715e-05 -2.0837e-05 -2.3108e-05 -2.5524e-05 -2.8078e-05 -3.0754e-05 -3.3530e-05 -3.6373e-05 -3.9237e-05 -4.2061e-05 -4.4767e-05 -4.7256e-05 -4.9409e-05 -5.1085e-05 -5.2128e-05 -5.2373e-05 -5.1659e-05 -4.9851e-05 -4.6867e-05 -4.2707e-05 -3.7488e-05 -3.1462e-05 -2.5019e-05 -1.8643e-05 -1.2845e-05 -8.0490e-06 -4.4965e-06 -2.1849e-06 -8.9591e-07 -2.9866e-07 -7.7286e-08 -1.4660e-08 -1.8979e-09 -1.5333e-10 -6.9103e-12 -1.5077e-13 -1.3308e-15 -3.7803e-18 -2.5788e-21 -2.8974e-25 -3.2906e-30 -1.9991e-36 -2.8190e-44 -3.0622e-54 -5.8996e-67 -2.8081e-83 -2.2900e-104 -8.3432e-132 -8.8501e-168 -2.4377e-215 -8.6516e-279 0.0000e+00 0.0000e+00 0.0000e+00 0.0000e+00 0.0000e+00 0.0000e+00 0.0000e+00 0.0000e+00 0.0000e+00 0.0000e+00 0.0000e+00 0.0000e+00 0.0000e+00 0.0000e+00 0.0000e+00 0.0000e+00 0.0000e+00 0.0000e+00 0.0000e+00 0.0000e+00 0.0000e+00 0.0000e+00 0.0000e+00 0.0000e+00 4.4140e-09 2.4993e-08 6.8985e-08 1.4193e-07 2.4867e-07 3.9366e-07 5.8118e-07 8.1546e-07 0.0000e+00 1.4413e-06 1.8416e-06 2.3062e-06 2.8400e-06 3.4481e-06 4.1358e-06 4.9087e-06 5.7727e-06 6.7340e-06 7.7990e-06 8.9745e-06 1.0267e-05 1.1684e-05 1.3231e-05 1.4915e-05 1.6742e-05 1.8715e-05 2.0837e-05 2.3108e-05 2.5524e-05 2.8078e-05 3.0754e-05 3.3530e-05 3.6373e-05 3.9237e-05 4.2061e-05 4.4767e-05 4.7256e-05 4.9408e-05 5.1084e-05 5.2127e-05 5.2372e-05 5.1658e-05 4.9850e-05 4.6865e-05 4.2704e-05 3.7485e-05 3.1460e-05 2.5017e-05 1.8641e-05 1.2843e-05 8.0478e-06 4.4957e-06 2.1844e-06 8.9566e-07 2.9856e-07 7.7256e-08 1.4653e-08 1.8968e-09 1.5323e-10 6.9044e-12 1.5061e-13 1.3291e-15 3.7745e-18 2.5739e-21 2.8907e-25 3.2812e-30 1.9920e-36 2.8067e-44 3.0455e-54 5.8594e-67 2.7841e-83 2.2653e-104 8.2287e-132 8.6951e-168 2.3829e-215 8.4001e-279 0.0000e+00 0.0000e+00 0.0000e+00 0.0000e+00 0.0000e+00 0.0000e+00 0.0000e+00 0.0000e+00 0.0000e+00 0.0000e+00 0.0000e+00 0.0000e+00 0.0000e+00 0.0000e+00 0.0000e+00 0.0000e+00 0.0000e+00 0.0000e+00 0.0000e+00 0.0000e+00 0.0000e+00 0.0000e+00 0.0000e+00 0.0000e+00
-5.7796e-09 -3.2726e-08 -9.0328e-08 -1.8585e-07 -3.2560e-07 -5.1545e-07 -7.6100e-07 -1.0678e-06 -1.4413e-06 5.9374e-06 -2.4113e-06 -3.0197e-06 -3.7187e-06 -4.5150e-06 -5.4154e-06 -6.4274e-06 -7.5587e-06 -8.8174e-06 -1.0212e-05 -1.1751e-05 -1.3444e-05 -1.5299e-05 -1.7325e-05 -1.9530e-05 -2.1921e-05 -2.4505e-05 -2.7283e-05 -3.0257e-05 -3.3421e-05 -3.6765e-05 -4.0269e-05 -4.3904e-05 -4.7626e-05 -5.1377e-05 -5.5075e-05 -5.8618e-05 -6.1877e-05 -6.4696e-05 -6.6891e-05 -6.8258e-05 -6.8579e-05 -6.7644e-05 -6.5277e-05 -6.1369e-05 -5.5922e-05 -4.9089e-05 -4.1200e-05 -3.2762e-05 -2.4414e-05 -1.6821e-05 -1.0541e-05 -5.8887e-06 -2.8614e-06 -1.1734e-06 -3.9118e-07 -1.0123e-07 -1.9204e-08 -2.4863e-09 -2.0090e-10 -9.0552e-12 -1.9760e-13 -1.7445e-15 -4.9567e-18 -3.3823e-21 -3.8018e-25 -4.3198e-30 -2.6259e-36 -3.7058e-44 -4.0293e-54 -7.7723e-67 -3.7053e-83 -3.0278e-104 -1.1060e-131 -1.1772e-167 -3.2569e-215 -1.1627e-278 0.0000e+00 0.0000e+00 0.0000e+00 0.0000e+00 0.0000e+00 0.0000e+00 0.0000e+00 0.0000e+00 0.0000e+00 0.0000e+00 0.0000e+00 0.0000e+00 0.0000e+00 0.0000e+00 0.0000e+00 0.0000e+00 0.0000e+00 0.0000e+00 0.0000e+00 0.0000e+00 0.0000e+00 0.0000e+00 0.0000e+00 0.0000e+00 5.7796e-09 3.2726e-08 9.0328e-08 1.8585e-07 3.2560e-07 5.1545e-07 7.6100e-07 1.0678e-06 1.4413e-06 0.0000e+00 2.4113e-06 3.0197e-06 3.7187e-06 4.5150e-06 5.4154e-06 6.4274e-06 7.5587e-06 8.8174e-06 1.0212e-05 1.1751e-05 1.3444e-05 1.5299e-05 1.7325e-05 1.9530e-05 2.1921e-05 2.4505e-05 2.7283e-05 3.0257e-05 3.3421e-05 3.6765e-05 4.0269e-05 4.3904e-05 4.7626e-05 5.1376e-05 5.5074e-05 5.8617e-05 6.1876e-05 6.4695e-05 6.6889e-05 6.8255e-05 6.8576e-05 6.7641e-05 6.5273e-05 6.1364e-05 5.5917e-05 4.9083e-05 4.1194e-05 3.2757e-05 2.4409e-05 1.6817e-05 1.0538e-05 5.8866e-06 2.8602e-06 1.1728e-06 3.9093e-07 1.0116e-07 1.9187e-08 2.4836e-09 2.0063e-10 9.0406e-12 1.9721e-13 1.7403e-15 4.9423e-18 3.3702e-21 3.7851e-25 4.2964e-30 2.6083e-36 3.6751e-44 3.9878e-54 7.6722e-67 3.6454e-83 2.9661e-104 1.0775e-131 1.1385e-167 3.1201e-215 1.0999e-278 0.0000e+00 0.0000e+00 0.0000e+00 0.0000e+00 0.0000e+00 0.0000e+00 0.0000e+00 0.0000e+00 0.0000e+00 0.0000e+00 0.0000e+00 0.0000e+00 0.0000e+00 0.0000e+00 0.0000e+00 0.0000e+00 0.0000e+00 0.0000e+00 0.0000e+00 0.0000e+00 0.0000e+00 0.0000e+00 0.0000e+00 0.0000e+00
-7.3848e-09 -4.1815e-08 -1.1542e-07 -2.3746e-07 -4.1604e-07 -6.5861e-07 -9.7235e-07 -1.3643e-06 -1.8416e-06 -2.4113e-06 1.0627e-05 -3.8584e-06 -4.7516e-06 -5.7689e-06 -6.9194e-06 -8.2125e-06 -9.6580e-06 -1.1266e-05 -1.3048e-05 -1.5015e-05 -1.7178e-05 -1.9548e-05 -2.2136e-05 -2.4954e-05 -2.8010e-05 -3.1311e-05 -3.4861e-05 -3.8661e-05 -4.2704e-05 -4.6976e-05 -5.1454e-05 -5.6098e-05 -6.0854e-05 -6.5646e-05 -7.0372e-05 -7.4899e-05 -7.9064e-05 -8.2666e-05 -8.5472e-05 -8.7218e-05 -8.7629e-05 -8.6435e-05 -8.3411e-05 -7.8419e-05 -7.1459e-05 -6.2728e-05 -5.2648e-05 -4.1867e-05 -3.1199e-05 -2.1497e-05 -1.3472e-05 -7.5263e-06 -3.6574e-06 -1.4999e-06 -5.0006e-07 -1.2943e-07 -2.4556e-08 -3.1796e-09 -2.5697e-10 -1.1585e-11 -2.5287e-13 -2.2332e-15 -6.3480e-18 -4.3340e-21 -4.8746e-25 -5.5431e-30 -3.3729e-36 -4.7661e-44 -5.1904e-54 -1.0032e-66 -4.7951e-83 -3.9313e-104 -1.4422e-131 -1.5435e-167 -4.3012e-215 -1.5500e-278 0.0000e+00 0.0000e+00 0.0000e+00 0.0000e+00 0.0000e+00 0.0000e+00 0.0000e+00 0.0000e+00 0.0000e+00 0.0000e+00 0.0000e+00 0.0000e+00 0.0000e+00 0.0000e+00 0.0000e+00 0.0000e+00 0.0000e+00 0.0000e+00 0.0000e+00 0.0000e+00 0.0000e+00 0.0000e+00 0.0000e+00 0.0000e+00 7.3848e-09 4.1815e-08 1.1542e-07 2.3746e-07 4.1604e-07 6.5861e-07 9.7235e-07 1.3643e-06 1.8416e-06 2.4113e-06 0.0000e+00 3.8584e-06 4.7516e-06 5.7689e-06 6.9194e-06 8.2125e-06 9.6580e-06 1.1266e-05 1.3048e-05 1.5015e-05 1.7178e-05 1.9548e-05 2.2136e-05 2.4954e-05 2.8010e-05 3.1311e-05 3.4861e-05 3.8661e-05 4.2704e-05 4.6976e-05 5.1453e-05 5.6098e-05 6.0854e-05 6.5645e-05 7.0370e-05 7.4897e-05 7.9061e-05 8.2663e-05 8.5467e-05 8.7212e-05 8.7622e-05 8.6427e-05 8.3402e-05 7.8408e-05 7.1447e-05 6.2715e-05 5.2635e-05 4.1855e-05 3.1188e-05 2.1487e-05 1.3464e-05 7.5215e-06 3.6546e-06 1.4985e-06 4.9951e-07 1.2925e-07 2.4516e-08 3.1734e-09 2.5636e-10 1.1551e-11 2.5198e-13 2.2236e-15 6.3149e-18 4.3063e-21 4.8364e-25 5.4896e-30 3.3327e-36 4.6958e-44 5.0953e-54 9.8030e-67 4.6579e-83 3.7899e-104 1.3767e-131 1.4547e-167 3.9865e-215 1.4053e-278 0.0000e+00 0.0000e+00 0.0000e+00 0.0000e+00 0.0000e+00 0.0000e+00 0.0000e+00 0.0000e+00 0.0000e+00 0.0000e+00 0.0000e+00 0.0000e+00 0.0000e+00 0.0000e+00 0.0000e+00 0.0000e+00 0.0000e+00 0.0000e+00 0.0000e+00 0.0000e+00 0.0000e+00 0.0000e+00 0.0000e+00 0.0000e+00
-9.2481e-09 -5.2366e-08 -1.4454e-07 -2.9738e-07 -5.2101e-07 -8.2478e-07 -1.2177e-06 -1.7085e-06 -2.3062e-06 -3.0197e-06 -3.8584e-06 1.8116e-05 -5.9504e-06 -7.2245e-06 -8.6653e-06 -1.0285e-05 -1.2095e-05 -1.4109e-05 -1.6340e-05 -1.8803e-05 -2.1512e-05 -2.4480e-05 -2.7722e-05 -3.1250e-05 -3.5077e-05 -3.9211e-05 -4.3657e-05 -4.8415e-05 -5.3479e-05 -5.8829e-05 -6.4437e-05 -7.0253e-05 -7.6209e-05 -8.2211e-05 -8.8129e-05 -9.3799e-05 -9.9015e-05 -1.0353e-04 -1.0704e-04 -1.0923e-04 -1.0974e-04 -1.0825e-04 -1.0447e-04 -9.8214e-05 -8.9500e-05 -7.8566e-05 -6.5943e-05 -5.2442e-05 -3.9081e-05 -2.6929e-05 -1.6877e-05 -9.4294e-06 -4.5827e-06 -1.8795e-06 -6.2673e-07 -1.6224e-07 -3.0787e-08 -3.9874e-09 -3.2234e-10 -1.4537e-11 -3.1746e-13 -2.8051e-15 -7.9790e-18 -5.4520e-21 -6.1383e-25 -6.9890e-30 -4.2595e-36 -6.0309e-44 -6.5844e-54 -1.2767e-66 -6.1270e-83 -5.0492e-104 -1.8645e-131 -2.0125e-167 -5.6697e-215 -2.0721e-278 0.0000e+00 0.0000e+00 0.0000e+00 0.0000e+00 0.0000e+00 0.0000e+00 0.0000e+00 0.0000e+00 0.0000e+00 0.0000e+00 0.0000e+00 0.0000e+00 0.0000e+00 0.0000e+00 0.0000e+00 0.0000e+00 0.0000e+00 0.0000e+00 0.0000e+00 0.0000e+00 0.0000e+00 0.0000e+00 0.0000e+00 0.0000e+00 9.2481e-09 5.2366e-08 1.4454e-07 2.9738e-07 5.2101e-07 8.2478e-07 1.2177e-06 1.7085e-06 2.3062e-06 3.0197e-06 3.8584e-06 0.0000e+00 5.9504e-06 7.2245e-06 8.6653e-06 1.0285e-05 1.2095e-05 1.4109e-05 1.6340e-05 1.8803e-05 2.1512e-05 2.4480e-05 2.7722e-05 3.1250e-05 3.5077e-05 3.9211e-05 4.3657e-05 4.8415e-05 5.3478e-05 5.8829e-05 6.4436e-05 7.0252e-05 7.6208e-05 8.2208e-05 8.8125e-05 9.3794e-05 9.9009e-05 1.0352e-04 1.0703e-04 1.0922e-04 1.0973e-04 1.0823e-04 1.0444e-04 9.8191e-05 8.9474e-05 7.8539e-05 6.5915e-05 5.2415e-05 3.9057e-05 2.6909e-05 1.6862e-05 9.4192e-06 4.5767e-06 1.8766e-06 6.2554e-07 1.6187e-07 3.0702e-08 3.9741e-09 3.2104e-10 1.4466e-11 3.1556e-13 2.7847e-15 7.9082e-18 5.3928e-21 6.0566e-25 6.8747e-30 4.1736e-36 5.8805e-44 6.3809e-54 1.2276e-66 5.8330e-83 4.7460e-104 1.7240e-131 1.8216e-167 4.9917e-215 1.7594e-278 0.0000e+00 0.0000e+00 0.0000e+00 0.0000e+00 0.0000e+00 0.0000e+00 0.0000e+00 0.0000e+00 0.0000e+00 0.0000e+00 0.0000e+00 0.0000e+00 0.0000e+00 0.0000e+00 0.0000e+00 0.0000e+00 0.0000e+00 0.0000e+00 0.0000e+00 0.0000e+00 0.0000e+00 0.0000e+00 0.0000e+00 0.0000e+00
-1.1389e-08 -6.4487e-08 -1.7799e-07 -3.6621e-07 -6.4161e-07 -1.0157e-06 -1.4995e-06 -2.1040e-06 -2.8400e-06 -3.7187e-06 -4.7516e-06 -5.9504e-06 2.9647e-05 -8.8967e-06 -1.0671e-05 -1.2665e-05 -1.4894e-05 -1.7375e-05 -2.0123e-05 -2.3156e-05 -2.6491e-05 -3.0146e-05 -3.4139e-05 -3.8484e-05 -4.3196e-05 -4.8287e-05 -5.3763e-05 -5.9623e-05 -6.5858e-05 -7.2447e-05 -7.9353e-05 -8.6516e-05 -9.3852e-05 -1.0124e-04 -1.0853e-04 -1.1551e-04 -1.2194e-04 -1.2750e-04 -1.3183e-04 -1.3452e-04 -1.3516e-04 -1.3332e-04 -1.2866e-04 -1.2097e-04 -1.1024e-04 -9.6774e-05 -8.1229e-05 -6.4602e-05 -4.8147e-05 -3.3178e-05 -2.0795e-05 -1.1620e-05 -5.6481e-06 -2.3169e-06 -7.7273e-07 -2.0008e-07 -3.7979e-08 -4.9208e-09 -3.9798e-10 -1.7959e-11 -3.9243e-13 -3.4704e-15 -9.8816e-18 -6.7605e-21 -7.6234e-25 -8.6968e-30 -5.3131e-36 -7.5454e-44 -8.2693e-54 -1.6111e-66 -7.7785e-83 -6.4594e-104 -2.4085e-131 -2.6318e-167 -7.5309e-215 -2.8072e-278 0.0000e+00 0.0000e+00 0.0000e+00 0.0000e+00 0.0000e+00 0.0000e+00 0.0000e+00 0.0000e+00 0.0000e+00 0.0000e+00 0.0000e+00 0.0000e+00 0.0000e+00 0.0000e+00 0.0000e+00 0.0000e+00 0.0000e+00 0.0000e+00 0.0000e+00 0.0000e+00 0.0000e+00 0.0000e+00 0.0000e+00 0.0000e+00 1.1389e-08 6.4487e-08 1.7799e-07 3.6621e-07 6.4161e-07 1.0157e-06 1.4995e-06 2.1040e-06 2.8400e-06 3.7187e-06 4.7516e-06 5.9504e-06 0.0000e+00 8.8967e-06 1.0671e-05 1.2665e-05 1.4894e-05 1.7375e-05 2.0123e-05 2.3156e-05 2.6491e-05 3.0146e-05 3.4138e-05 3.8484e-05 4.3196e-05 4.8287e-05 5.3762e-05 5.9622e-05 6.5857e-05 7.2446e-05 7.9351e-05 8.6513e-05 9.3848e-05 1.0124e-04 1.0852e-04 1.1551e-04 1.2193e-04 1.2748e-04 1.3181e-04 1.3450e-04 1.3513e-04 1.3329e-04 1.2862e-04 1.2092e-04 1.1018e-04 9.6718e-05 8.1173e-05 6.4548e-05 4.8098e-05 3.3137e-05 2.0765e-05 1.1600e-05 5.6361e-06 2.3110e-06 7.7034e-07 1.9933e-07 3.7808e-08 4.8940e-09 3.9535e-10 1.7815e-11 3.8861e-13 3.4292e-15 9.7387e-18 6.6411e-21 7.4585e-25 8.4660e-30 5.1397e-36 7.2416e-44 7.8577e-54 1.5117e-66 7.1829e-83 5.8441e-104 2.1228e-131 2.2428e-167 6.1453e-215 2.1656e-278 0.0000e+00 0.0000e+00 0.0000e+00 0.0000e+00 0.0000e+00 0.0000e+00 0.0000e+00 0.0000e+00 0.0000e+00 0.0000e+00 0.0000e+00 0.0000e+00 0.0000e+00 0.0000e+00 0.0000e+00 0.0000e+00 0.0000e+00 0.0000e+00 0.0000e+00 0.0000e+00 0.0000e+00 0.0000e+00 0.0000e+00 0.0000e+00
-1.3827e-08 -7.8294e-08 -2.1610e-07 -4.4462e-07 -7.7898e-07 -1.2332e-06 -1.8206e-06 -2.5545e-06 -3.4481e-06 -4.5150e-06 -5.7689e-06 -7.2245e-06 -8.8967e-06 4.6868e-05 -1.2956e-05 -1.5377e-05 -1.8084e-05 -2.1095e-05 -2.4431e-05 -2.8114e-05 -3.2163e-05 -3.6601e-05 -4.1448e-05 -4.6724e-05 -5.2445e-05 -5.8626e-05 -6.5274e-05 -7.2389e-05 -7.9960e-05 -8.7960e-05 -9.6345e-05 -1.0504e-04 -1.1395e-04 -1.2292e-04 -1.3177e-04 -1.4025e-04 -1.4806e-04 -1.5481e-04 -1.6006e-04 -1.6334e-04 -1.6412e-04 -1.6189e-04 -1.5624e-04 -1.4690e-04 -1.3388e-04 -1.1753e-04 -9.8661e-05 -7.8472e-05 -5.8490e-05 -4.0310e-05 -2.5269e-05 -1.4122e-05 -6.8659e-06 -2.8172e-06 -9.3986e-07 -2.4345e-07 -4.6232e-08 -5.9934e-09 -4.8505e-10 -2.1905e-11 -4.7915e-13 -4.2425e-15 -1.2098e-17 -8.2925e-21 -9.3725e-25 -1.0723e-29 -6.5740e-36 -9.3773e-44 -1.0334e-53 -2.0272e-66 -9.8722e-83 -8.2869e-104 -3.1319e-131 -3.4805e-167 -1.0171e-214 -3.8909e-278 0.0000e+00 0.0000e+00 0.0000e+00 0.0000e+00 0.0000e+00 0.0000e+00 0.0000e+00 0.0000e+00 0.0000e+00 0.0000e+00 0.0000e+00 0.0000e+00 0.0000e+00 0.0000e+00 0.0000e+00 0.0000e+00 0.0000e+00 0.0000e+00 0.0000e+00 0.0000e+00 0.0000e+00 0.0000e+00 0.0000e+00 0.0000e+00 1.3827e-08 7.8294e-08 2.1610e-07 4.4462e-07 7.7898e-07 1.2332e-06 1.8206e-06 2.5545e-06 3.4481e-06 4.5150e-06 5.7689e-06 7.2245e-06 8.8967e-06 0.0000e+00 1.2956e-05 1.5377e-05 1.8084e-05 2.1095e-05 2.4431e-05 2.8114e-05 3.2163e-05 3.6601e-05 4.1448e-05 4.6723e-05 5.2445e-05 5.8626e-05 6.5273e-05 7.2388e-05 7.9958e-05 8.7957e-05 9.6340e-05 1.0504e-04 1.1394e-04 1.2291e-04 1.3176e-04 1.4024e-04 1.4803e-04 1.5478e-04 1.6003e-04 1.6329e-04 1.6406e-04 1.6182e-04 1.5616e-04 1.4681e-04 1.3378e-04 1.1743e-04 9.8553e-05 7.8368e-05 5.8396e-05 4.0232e-05 2.5211e-05 1.4083e-05 6.8428e-06 2.8058e-06 9.3527e-07 2.4201e-07 4.5903e-08 5.9418e-09 4.8000e-10 2.1629e-11 4.7181e-13 4.1635e-15 1.1824e-17 8.0629e-21 9.0554e-25 1.0279e-29 6.2400e-36 8.7919e-44 9.5397e-54 1.8353e-66 8.7199e-83 7.0942e-104 2.5766e-131 2.7218e-167 7.4554e-215 2.6258e-278 0.0000e+00 0.0000e+00 0.0000e+00 0.0000e+00 0.0000e+00 0.0000e+00 0.0000e+00 0.0000e+00 0.0000e+00 0.0000e+00 0.0000e+00 0.0000e+00 0.0000e+00 0.0000e+00 0.0000e+00 0.0000e+00 0.0000e+00 0.0000e+00 0.0000e+00 0.0000e+00 0.0000e+00 0.0000e+00 0.0000e+00 0.0000e+00
-1.6585e-08 -9.3909e-08 -2.5920e-07 -5.3329e-07 -9.3433e-07 -1.4791e-06 -2.1837e-06 -3.0640e-06 -4.1358e-06 -5.4154e-06 -6.9194e-06 -8.6653e-06 -1.0671e-05 -1.2956e-05 7.1927e-05 -1.8444e-05 -2.1690e-05 -2.5302e-05 -2.9304e-05 -3.3721e-05 -3.8578e-05 -4.3901e-05 -4.9714e-05 -5.6042e-05 -6.2905e-05 -7.0319e-05 -7.8293e-05 -8.6827e-05 -9.5908e-05 -1.0550e-04 -1.1556e-04 -1.2599e-04 -1.3668e-04 -1.4744e-04 -1.5806e-04 -1.6824e-04 -1.7760e-04 -1.8570e-04 -1.9201e-04 -1.9595e-04 -1.9689e-04 -1.9422e-04 -1.8745e-04 -1.7626e-04 -1.6064e-04 -1.4104e-04 -1.1841e-04 -9.4188e-05 -7.0214e-05 -4.8398e-05 -3.0346e-05 -1.6964e-05 -8.2500e-06 -3.3863e-06 -1.1302e-06 -2.9292e-07 -5.5664e-08 -7.2218e-09 -5.8504e-10 -2.6452e-11 -5.7944e-13 -5.1395e-15 -1.4688e-17 -1.0094e-20 -1.1447e-24 -1.3149e-29 -8.1019e-36 -1.1629e-43 -1.2913e-53 -2.5575e-66 -1.2602e-82 -1.0733e-103 -4.1297e-131 -4.6909e-167 -1.4078e-214 -5.5612e-278 0.0000e+00 0.0000e+00 0.0000e+00 0.0000e+00 0.0000e+00 0.0000e+00 0.0000e+00 0.0000e+00 0.0000e+00 0.0000e+00 0.0000e+00 0.0000e+00 0.0000e+00 0.0000e+00 0.0000e+00 0.0000e+00 0.0000e+00 0.0000e+00 0.0000e+00 0.0000e+00 0.0000e+00 0.0000e+00 0.0000e+00 0.0000e+00 1.6585e-08 9.3909e-08 2.5920e-07 5.3329e-07 9.3433e-07 1.4791e-06 2.1837e-06 3.0640e-06 4.1358e-06 5.4154e-06 6.9194e-06 8.6653e-06 1.0671e-05 1.2956e-05 0.0000e+00 1.8444e-05 2.1690e-05 2.5302e-05 2.9304e-05 3.3720e-05 3.8577e-05 4.3900e-05 4.9714e-05 5.6042e-05 6.2904e-05 7.0317e-05 7.8291e-05 8.6824e-05 9.5904e-05 1.0550e-04 1.1555e-04 1.2598e-04 1.3667e-04 1.4743e-04 1.5804e-04 1.6820e-04 1.7756e-04 1.8564e-04 1.9194e-04 1.9586e-04 1.9678e-04 1.9410e-04 1.8730e-04 1.7609e-04 1.6046e-04 1.4085e-04 1.1821e-04 9.3997e-05 7.0043e-05 4.8256e-05 3.0238e-05 1.6892e-05 8.2075e-06 3.3653e-06 1.1218e-06 2.9028e-07 5.5058e-08 7.1268e-09 5.7572e-10 2.5942e-11 5.6590e-13 4.9938e-15 1.4182e-17 9.6709e-21 1.0861e-24 1.2328e-29 7.4842e-36 1.0545e-43 1.1441e-53 2.2010e-66 1.0456e-82 8.5057e-104 3.0885e-131 3.2612e-167 8.9266e-215 3.1401e-278 0.0000e+00 0.0000e+00 0.0000e+00 0.0000e+00 0.0000e+00 0.0000e+00 0.0000e+00 0.0000e+00 0.0000e+00 0.0000e+00 0.0000e+00 0.0000e+00 0.0000e+00 0.0000e+00 0.0000e+00 0.0000e+00 0.0000e+00 0.0000e+00 0.0000e+00 0.0000e+00 0.0000e+00 0.0000e+00 0.0000e+00 0.0000e+00
-1.9684e-08 -1.1146e-07 -3.0764e-07 -6.3295e-07 -1.1089e-06 -1.7555e-06 -2.5918e-06 -3.6366e-06 -4.9087e-06 -6.4274e-06 -8.2125e-06 -1.0285e-05 -1.2665e-05 -1.5377e-05 -1.8444e-05 1.0759e-04 -2.5743e-05 -3.0030e-05 -3.4780e-05 -4.0022e-05 -4.5787e-05 -5.2105e-05 -5.9005e-05 -6.6516e-05 -7.4661e-05 -8.3461e-05 -9.2925e-05 -1.0305e-04 -1.1383e-04 -1.2522e-04 -1.3716e-04 -1.4955e-04 -1.6223e-04 -1.7501e-04 -1.8762e-04 -1.9970e-04 -2.1081e-04 -2.2043e-04 -2.2793e-04 -2.3262e-04 -2.3374e-04 -2.3059e-04 -2.2257e-04 -2.0929e-04 -1.9077e-04 -1.6752e-04 -1.4065e-04 -1.1190e-04 -8.3436e-05 -5.7527e-05 -3.6080e-05 -2.0177e-05 -9.8167e-06 -4.0315e-06 -1.3464e-06 -3.4922e-07 -6.6424e-08 -8.6275e-09 -6.9986e-10 -3.1697e-11 -6.9573e-13 -6.1863e-15 -1.7733e-17 -1.2233e-20 -1.3934e-24 -1.6096e-29 -9.9861e-36 -1.4454e-43 -1.6217e-53 -3.2525e-66 -1.6275e-82 -1.4123e-103 -5.5576e-131 -6.4854e-167 -2.0096e-214 -8.2421e-278 0.0000e+00 0.0000e+00 0.0000e+00 0.0000e+00 0.0000e+00 0.0000e+00 0.0000e+00 0.0000e+00 0.0000e+00 0.0000e+00 0.0000e+00 0.0000e+00 0.0000e+00 0.0000e+00 0.0000e+00 0.0000e+00 0.0000e+00 0.0000e+00 0.0000e+00 0.0000e+00 0.0000e+00 0.0000e+00 0.0000e+00 0.0000e+00 1.9684e-08 1.1146e-07 3.0764e-07 6.3295e-07 1.1089e-06 1.7555e-06 2.5918e-06 3.6366e-06 4.9087e-06 6.4274e-06 8.2125e-06 1.0285e-05 1.2665e-05 1.5377e-05 1.8444e-05 0.0000e+00 2.5743e-05 3.0030e-05 3.4780e-05 4.0022e-05 4.5787e-05 5.2104e-05 5.9004e-05 6.6515e-05 7.4659e-05 8.3458e-05 9.2921e-05 1.0305e-04 1.1383e-04 1.2521e-04 1.3715e-04 1.4953e-04 1.6220e-04 1.7498e-04 1.8757e-04 1.9964e-04 2.1074e-04 2.2034e-04 2.2781e-04 2.3246e-04 2.3355e-04 2.3037e-04 2.2231e-04 2.0899e-04 1.9044e-04 1.6717e-04 1.4030e-04 1.1156e-04 8.3132e-05 5.7274e-05 3.5889e-05 2.0048e-05 9.7413e-06 3.9942e-06 1.3314e-06 3.4452e-07 6.5347e-08 8.4586e-09 6.8331e-10 3.0790e-11 6.7165e-13 5.9269e-15 1.6832e-17 1.1478e-20 1.2890e-24 1.4631e-29 8.8820e-36 1.2514e-43 1.3576e-53 2.6115e-66 1.2404e-82 1.0087e-103 3.6606e-131 3.8619e-167 1.0554e-214 3.7022e-278 0.0000e+00 0.0000e+00 0.0000e+00 0.0000e+00 0.0000e+00 0.0000e+00 0.0000e+00 0.0000e+00 0.0000e+00 0.0000e+00 0.0000e+00 0.0000e+00 0.0000e+00 0.0000e+00 0.0000e+00 0.0000e+00 0.0000e+00 0.0000e+00 0.0000e+00 0.0000e+00 0.0000e+00 0.0000e+00 0.0000e+00 0.0000e+00
-2.3149e-08 -1.3108e-07 -3.6179e-07 -7.4436e-07 -1.3041e-06 -2.0645e-06 -3.0480e-06 -4.2766e-06 -5.7727e-06 -7.5587e-06 -9.6580e-06 -1.2095e-05 -1.4894e-05 -1.8084e-05 -2.1690e-05 -2.5743e-05 1.5735e-04 -3.5316e-05 -4.0902e-05 -4.7067e-05 -5.3846e-05 -6.1276e-05 -6.9391e-05 -7.8224e-05 -8.7804e-05 -9.8152e-05 -1.0928e-04 -1.2120e-04 -1.3387e-04 -1.4727e-04 -1.6131e-04 -1.7588e-04 -1.9080e-04 -2.0583e-04 -2.2066e-04 -2.3488e-04 -2.4796e-04 -2.5929e-04 -2.6812e-04 -2.7364e-04 -2.7499e-04 -2.7130e-04 -2.6189e-04 -2.4629e-04 -2.2453e-04 -1.9719e-04 -1.6560e-04 -1.3178e-04 -9.8288e-05 -6.7790e-05 -4.2535e-05 -2.3799e-05 -1.1586e-05 -4.7615e-06 -1.5916e-06 -4.1325e-07 -7.8703e-08 -1.0238e-08 -8.3210e-10 -3.7772e-11 -8.3139e-13 -7.4177e-15 -2.1351e-17 -1.4802e-20 -1.6965e-24 -1.9743e-29 -1.2360e-35 -1.8088e-43 -2.0567e-53 -4.1917e-66 -2.1382e-82 -1.8984e-103 -7.6750e-131 -9.2437e-167 -2.9711e-214 -1.2710e-277 0.0000e+00 0.0000e+00 0.0000e+00 0.0000e+00 0.0000e+00 0.0000e+00 0.0000e+00 0.0000e+00 0.0000e+00 0.0000e+00 0.0000e+00 0.0000e+00 0.0000e+00 0.0000e+00 0.0000e+00 0.0000e+00 0.0000e+00 0.0000e+00 0.0000e+00 0.0000e+00 0.0000e+00 0.0000e+00 0.0000e+00 0.0000e+00 2.3149e-08 1.3108e-07 3.6179e-07 7.4436e-07 1.3041e-06 2.0645e-06 3.0480e-06 4.2766e-06 5.7727e-06 7.5587e-06 9.6580e-06 1.2095e-05 1.4894e-05 1.8084e-05 2.1690e-05 2.5743e-05 0.0000e+00 3.5316e-05 4.0902e-05 4.7066e-05 5.3846e-05 6.1275e-05 6.9390e-05 7.8222e-05 8.7801e-05 9.8148e-05 1.0928e-04 1.2119e-04 1.3386e-04 1.4725e-04 1.6129e-04 1.7585e-04 1.9075e-04 2.0577e-04 2.2059e-04 2.3478e-04 2.4783e-04 2.5912e-04 2.6791e-04 2.7338e-04 2.7466e-04 2.7092e-04 2.6144e-04 2.4578e-04 2.2396e-04 1.9659e-04 1.6499e-04 1.3120e-04 9.7764e-05 6.7355e-05 4.2206e-05 2.3577e-05 1.1456e-05 4.6973e-06 1.5658e-06 4.0516e-07 7.6848e-08 9.9474e-09 8.0358e-10 3.6209e-11 7.8986e-13 6.9700e-15 1.9794e-17 1.3497e-20 1.5158e-24 1.7204e-29 1.0444e-35 1.4712e-43 1.5959e-53 3.0690e-66 1.4571e-82 1.1841e-103 4.2925e-131 4.5198e-167 1.2310e-214 4.2915e-278 0.0000e+00 0.0000e+00 0.0000e+00 0.0000e+00 0.0000e+00 0.0000e+00 0.0000e+00 0.0000e+00 0.0000e+00 0.0000e+00 0.0000e+00 0.0000e+00 0.0000e+00 0.0000e+00 0.0000e+00 0.0000e+00 0.0000e+00 0.0000e+00 0.0000e+00 0.0000e+00 0.0000e+00 0.0000e+00 0.0000e+00 0.0000e+00
