2.9004e-04 -4.2587e-04 -5.1948e-04 -5.9646e-04 -6.6201e-04 -7.1874e-04 -7.6813e-04 -8.1111e-04 -8.4831e-04 -8.8017e-04 -9.0703e-04 -9.2913e-04 -9.4668e-04 -9.5985e-04 -9.6879e-04 -9.7364e-04 -9.7455e-04 -9.7165e-04 -9.6509e-04 -9.5499e-04 -9.4153e-04 -9.2486e-04 -9.0516e-04 -8.8261e-04 -8.5740e-04 -8.2974e-04 -7.9985e-04 -7.6797e-04 -7.3433e-04 -6.9919e-04 -6.6279e-04 -6.2542e-04 -5.8734e-04 -5.4884e-04 -5.1018e-04 -4.7164e-04 -4.3350e-04 -3.9602e-04 -3.5945e-04 -3.2404e-04 -2.9001e-04 -2.5756e-04 -2.2687e-04 -1.9810e-04 -1.7137e-04 -1.4678e-04 -1.2437e-04 -1.0417e-04 -8.6187e-05 -7.0359e-05 -5.6617e-05 -4.4855e-05 -3.4941e-05 -2.6725e-05 -2.0037e-05 -1.4700e-05 -1.0532e-05 -7.3530e-06 -4.9895e-06 -3.2814e-06 -2.0851e-06 -1.2755e-06 -7.4804e-07 -4.1869e-07 -2.2246e-07 -1.1153e-07 -5.2394e-08 -2.2877e-08 -9.1986e-09 -3.3690e-09 -1.1098e-09 -3.2389e-10 -8.2288e-11 -1.7820e-11 -3.2075e-12 -4.6554e-13 -5.2519e-14 -4.4026e-15 -2.5947e-16 -1.0034e-17 -2.3349e-19 -2.9285e-21 -1.7185e-23 -3.9239e-26 -2.7318e-29 -4.1777e-33 -8.9567e-38 -1.4360e-43 -6.9920e-51 -2.7375e-60 -1.1366e-72 -2.0162e-89 -7.3273e-113 -4.4482e-147 -7.7515e-200 -2.1420e-287 0.0000e+00 0.0000e+00 0.0000e+00 0.0000e+00 0.0000e+00 4.2586e-04 5.1947e-04 5.9644e-04 6.6198e-04 7.1869e-04 7.6805e-04 8.1101e-04 8.4818e-04 8.8001e-04 9.0682e-04 9.2887e-04 9.4637e-04 9.5948e-04 9.6836e-04 9.7316e-04 9.7400e-04 9.7103e-04 9.6439e-04 9.5423e-04 9.4070e-04 9.2396e-04 9.0418e-04 8.8156e-04 8.5628e-04 8.2857e-04 7.9862e-04 7.6669e-04 7.3300e-04 6.9781e-04 6.6139e-04 6.2400e-04 5.8590e-04 5.4739e-04 5.0873e-04 4.7021e-04 4.3209e-04 3.9464e-04 3.5811e-04 3.2275e-04 2.8878e-04 2.5639e-04 2.2578e-04 1.9709e-04 1.7044e-04 1.4592e-04 1.2360e-04 1.0349e-04 8.5582e-05 6.9835e-05 5.6168e-05 4.4476e-05 3.4628e-05 2.6470e-05 1.9834e-05 1.4541e-05 1.0411e-05 7.2628e-06 4.9242e-06 3.2357e-06 2.0541e-06 1.2552e-06 7.3536e-07 4.1110e-07 2.1815e-07 1.0922e-07 5.1228e-08 2.2331e-08 8.9625e-09 3.2760e-09 1.0767e-09 3.1349e-10 7.9430e-11 1.7149e-11 3.0765e-12 4.4486e-13 4.9975e-14 4.1695e-15 2.4440e-16 9.3931e-18 2.1703e-19 2.6998e-21 1.5692e-23 3.5430e-26 2.4340e-29 3.6637e-33 7.7053e-38 1.2067e-43 5.7069e-51 2.1539e-60 8.5327e-73 1.4232e-89 4.7627e-113 2.5799e-147 3.8177e-200 8.2449e-288 0.0000e+00 0.0000e+00 0.0000e+00 0.0000e+00
-4.2587e-04 1.1606e-03 -7.3292e-04 -8.4156e-04 -9.3410e-04 -1.0142e-03 -1.0840e-03 -1.1447e-03 -1.1973e-03 -1.2425e-03 -1.2805e-03 -1.3119e-03 -1.3369e-03 -1.3557e-03 -1.3686e-03 -1.3757e-03 -1.3772e-03 -1.3734e-03 -1.3645e-03 -1.3505e-03 -1.3318e-03 -1.3086e-03 -1.2811e-03 -1.2496e-03 -1.2143e-03 -1.1756e-03 -1.1337e-03 -1.0889e-03 -1.0416e-03 -9.9222e-04 -9.4101e-04 -8.8839e-04 -8.3474e-04 -7.8043e-04 -7.2588e-04 -6.7146e-04 -6.1755e-04 -5.6454e-04 -5.1278e-04 -4.6261e-04 -4.1435e-04 -3.6830e-04 -3.2471e-04 -2.8380e-04 -2.4575e-04 -2.1070e-04 -1.7873e-04 -1.4989e-04 -1.2416e-04 -1.0150e-04 -8.1787e-05 -6.4892e-05 -5.0631e-05 -3.8791e-05 -2.9136e-05 -2.1417e-05 -1.5377e-05 -1.0759e-05 -7.3176e-06 -4.8248e-06 -3.0741e-06 -1.8860e-06 -1.1096e-06 -6.2318e-07 -3.3234e-07 -1.6728e-07 -7.8925e-08 -3.4624e-08 -1.3993e-08 -5.1539e-09 -1.7082e-09 -5.0191e-10 -1.2846e-10 -2.8047e-11 -5.0942e-12 -7.4686e-13 -8.5204e-14 -7.2327e-15 -4.3228e-16 -1.6984e-17 -4.0236e-19 -5.1505e-21 -3.0937e-23 -7.2554e-26 -5.2095e-29 -8.2580e-33 -1.8464e-37 -3.1101e-43 -1.6057e-50 -6.7433e-60 -3.0472e-72 -5.9936e-89 -2.4755e-112 -1.7657e-146 -3.7908e-199 -1.3875e-286 0.0000e+00 0.0000e+00 0.0000e+00 0.0000e+00 4.2586e-04 0.0000e+00 7.3287e-04 8.4146e-04 9.3392e-04 1.0139e-03 1.0836e-03 1.1442e-03 1.1966e-03 1.2415e-03 1.2793e-03 1.3105e-03 1.3351e-03 1.3536e-03 1.3662e-03 1.3729e-03 1.3741e-03 1.3699e-03 1.3606e-03 1.3462e-03 1.3271e-03 1.3035e-03 1.2756e-03 1.2437e-03 1.2080e-03 1.1689e-03 1.1267e-03 1.0816e-03 1.0341e-03 9.8447e-04 9.3308e-04 8.8033e-04 8.2659e-04 7.7225e-04 7.1772e-04 6.6337e-04 6.0959e-04 5.5675e-04 5.0522e-04 4.5534e-04 4.0741e-04 3.6172e-04 3.1853e-04 2.7805e-04 2.4045e-04 2.0586e-04 1.7437e-04 1.4600e-04 1.2074e-04 9.8521e-05 7.9241e-05 6.2746e-05 4.8852e-05 3.7342e-05 2.7981e-05 2.0515e-05 1.4688e-05 1.0246e-05 6.9469e-06 4.5648e-06 2.8978e-06 1.7708e-06 1.0374e-06 5.7995e-07 3.0775e-07 1.5407e-07 7.2266e-08 3.1502e-08 1.2643e-08 4.6212e-09 1.5188e-09 4.4219e-10 1.1204e-10 2.4188e-11 4.3391e-12 6.2740e-13 7.0476e-14 5.8794e-15 3.4459e-16 1.3242e-17 3.0590e-19 3.8045e-21 2.2107e-23 4.9895e-26 3.4259e-29 5.1529e-33 1.0826e-37 1.6929e-43 7.9881e-51 3.0043e-60 1.1834e-72 1.9545e-89 6.4230e-113 3.3522e-147 4.5381e-200 7.3505e-288 0.0000e+00 0.0000e+00 0.0000e+00 0.0000e+00
-5.1948e-04 -7.3292e-04 2.6131e-03 -1.0267e-03 -1.1397e-03 -1.2375e-03 -1.3228e-03 -1.3972e-03 -1.4616e-03 -1.5170e-03 -1.5638e-03 -1.6025e-03 -1.6334e-03 -1.6568e-03 -1.6730e-03 -1.6822e-03 -1.6847e-03 -1.6807e-03 -1.6704e-03 -1.6540e-03 -1.6318e-03 -1.6041e-03 -1.5712e-03 -1.5333e-03 -1.4909e-03 -1.4441e-03 -1.3935e-03 -1.3394e-03 -1.2821e-03 -1.2222e-03 -1.1600e-03 -1.0960e-03 -1.0307e-03 -9.6452e-04 -8.9794e-04 -8.3145e-04 -7.6551e-04 -7.0057e-04 -6.3708e-04 -5.7546e-04 -5.1610e-04 -4.5937e-04 -4.0559e-04 -3.5503e-04 -3.0792e-04 -2.6445e-04 -2.2473e-04 -1.8883e-04 -1.5673e-04 -1.2839e-04 -1.0369e-04 -8.2471e-05 -6.4510e-05 -4.9558e-05 -3.7330e-05 -2.7524e-05 -1.9825e-05 -1.3919e-05 -9.5024e-06 -6.2901e-06 -4.0247e-06 -2.4803e-06 -1.4664e-06 -8.2783e-07 -4.4395e-07 -2.2481e-07 -1.0676e-07 -4.7163e-08 -1.9206e-08 -7.1319e-09 -2.3848e-09 -7.0754e-10 -1.8301e-10 -4.0418e-11 -7.4341e-12 -1.1050e-12 -1.2799e-13 -1.1047e-14 -6.7248e-16 -2.6964e-17 -6.5334e-19 -8.5756e-21 -5.2971e-23 -1.2818e-25 -9.5329e-29 -1.5723e-32 -3.6769e-37 -6.5188e-43 -3.5692e-50 -1.6043e-59 -7.8505e-72 -1.6975e-88 -7.8666e-112 -6.4818e-146 -1.6798e-198 -7.9740e-286 0.0000e+00 0.0000e+00 0.0000e+00 0.0000e+00 5.1947e-04 7.3287e-04 0.0000e+00 1.0264e-03 1.1392e-03 1.2368e-03 1.3217e-03 1.3957e-03 1.4596e-03 1.5144e-03 1.5605e-03 1.5985e-03 1.6286e-03 1.6512e-03 1.6665e-03 1.6747e-03 1.6762e-03 1.6710e-03 1.6596e-03 1.6421e-03 1.6188e-03 1.5900e-03 1.5560e-03 1.5171e-03 1.4736e-03 1.4259e-03 1.3743e-03 1.3194e-03 1.2614e-03 1.2009e-03 1.1382e-03 1.0738e-03 1.0083e-03 9.4199e-04 8.7547e-04 8.0917e-04 7.4357e-04 6.7913e-04 6.1627e-04 5.5542e-04 4.9695e-04 4.4122e-04 3.8854e-04 3.3916e-04 2.9330e-04 2.5111e-04 2.1269e-04 1.7809e-04 1.4727e-04 1.2017e-04 9.6654e-05 7.6534e-05 5.9586e-05 4.5548e-05 3.4128e-05 2.5022e-05 1.7914e-05 1.2497e-05 8.4728e-06 5.5674e-06 3.5342e-06 2.1596e-06 1.2652e-06 7.0726e-07 3.7529e-07 1.8788e-07 8.8120e-08 3.8410e-08 1.5415e-08 5.6338e-09 1.8515e-09 5.3898e-10 1.3654e-10 2.9474e-11 5.2862e-12 7.6416e-13 8.5813e-14 7.1562e-15 4.1923e-16 1.6100e-17 3.7165e-19 4.6175e-21 2.6795e-23 6.0366e-26 4.1346e-29 6.1971e-33 1.2955e-37 2.0107e-43 9.3797e-51 3.4628e-60 1.3211e-72 2.0550e-89 5.9317e-113 2.1329e-147 -7.5476e-201 -2.7518e-287 0.0000e+00 0.0000e+00 0.0000e+00 0.0000e+00
-5.9646e-04 -8.4156e-04 -1.0267e-03 4.6500e-03 -1.3090e-03 -1.4216e-03 -1.5198e-03 -1.6056e-03 -1.6800e-03 -1.7441e-03 -1.7984e-03 -1.8435e-03 -1.8797e-03 -1.9074e-03 -1.9268e-03 -1.9383e-03 -1.9420e-03 -1.9384e-03 -1.9275e-03 -1.9097e-03 -1.8852e-03 -1.8545e-03 -1.8176e-03 -1.7751e-03 -1.7273e-03 -1.6745e-03 -1.6172e-03 -1.5558e-03 -1.4907e-03 -1.4224e-03 -1.3515e-03 -1.2784e-03 -1.2036e-03 -1.1277e-03 -1.0513e-03 -9.7474e-04 -8.9873e-04 -8.2373e-04 -7.5028e-04 -6.7884e-04 -6.0990e-04 -5.4386e-04 -4.8113e-04 -4.2202e-04 -3.6682e-04 -3.1575e-04 -2.6898e-04 -2.2657e-04 -1.8857e-04 -1.5491e-04 -1.2548e-04 -1.0012e-04 -7.8574e-05 -6.0574e-05 -4.5800e-05 -3.3903e-05 -2.4522e-05 -1.7294e-05 -1.1862e-05 -7.8913e-06 -5.0762e-06 -3.1461e-06 -1.8713e-06 -1.0632e-06 -5.7413e-07 -2.9288e-07 -1.4018e-07 -6.2450e-08 -2.5661e-08 -9.6216e-09 -3.2510e-09 -9.7534e-10 -2.5533e-10 -5.7128e-11 -1.0656e-11 -1.6081e-12 -1.8933e-13 -1.6635e-14 -1.0324e-15 -4.2278e-17 -1.0483e-18 -1.4110e-20 -8.9600e-23 -2.2352e-25 -1.7193e-28 -2.9440e-32 -7.1802e-37 -1.3349e-42 -7.7156e-50 -3.6925e-59 -1.9451e-71 -4.5958e-88 -2.3759e-111 -2.2507e-145 -7.0198e-198 -4.3195e-285 0.0000e+00 0.0000e+00 0.0000e+00 0.0000e+00 5.9644e-04 8.4146e-04 1.0264e-03 0.0000e+00 1.3080e-03 1.4201e-03 1.5176e-03 1.6025e-03 1.6759e-03 1.7388e-03 1.7918e-03 1.8353e-03 1.8699e-03 1.8958e-03 1.9134e-03 1.9228e-03 1.9245e-03 1.9186e-03 1.9055e-03 1.8854e-03 1.8587e-03 1.8256e-03 1.7866e-03 1.7419e-03 1.6919e-03 1.6371e-03 1.5780e-03 1.5149e-03 1.4483e-03 1.3788e-03 1.3068e-03 1.2329e-03 1.1577e-03 1.0816e-03 1.0052e-03 9.2905e-04 8.5373e-04 7.7974e-04 7.0756e-04 6.3769e-04 5.7056e-04 5.0658e-04 4.4609e-04 3.8939e-04 3.3674e-04 2.8830e-04 2.4419e-04 2.0446e-04 1.6908e-04 1.3796e-04 1.1096e-04 8.7863e-05 6.8405e-05 5.2288e-05 3.9178e-05 2.8723e-05 2.0564e-05 1.4345e-05 9.7251e-06 6.3899e-06 4.0561e-06 2.4784e-06 1.4518e-06 8.1154e-07 4.3059e-07 2.1554e-07 1.0108e-07 4.4052e-08 1.7675e-08 6.4588e-09 2.1220e-09 6.1755e-10 1.5639e-10 3.3743e-11 6.0485e-12 8.7375e-13 9.8036e-14 8.1668e-15 4.7778e-16 1.8317e-17 4.2186e-19 5.2257e-21 3.0203e-23 6.7672e-26 4.5996e-29 6.8183e-33 1.4021e-37 2.1212e-43 9.4874e-51 3.2484e-60 1.0620e-72 1.0846e-89 -9.8495e-114 -6.2257e-147 -3.2226e-199 -2.4983e-286 0.0000e+00 0.0000e+00 0.0000e+00 0.0000e+00
-6.6201e-04 -9.3410e-04 -1.1397e-03 -1.3090e-03 7.2744e-03 -1.5788e-03 -1.6883e-03 -1.7840e-03 -1.8672e-03 -1.9391e-03 -2.0002e-03 -2.0512e-03 -2.0924e-03 -2.1242e-03 -2.1470e-03 -2.1610e-03 -2.1665e-03 -2.1638e-03 -2.1531e-03 -2.1348e-03 -2.1091e-03 -2.0764e-03 -2.0369e-03 -1.9911e-03 -1.9394e-03 -1.8821e-03 -1.8196e-03 -1.7525e-03 -1.6813e-03 -1.6063e-03 -1.5283e-03 -1.4476e-03 -1.3650e-03 -1.2809e-03 -1.1960e-03 -1.1108e-03 -1.0260e-03 -9.4219e-04 -8.5987e-04 -7.7962e-04 -7.0197e-04 -6.2740e-04 -5.5636e-04 -4.8924e-04 -4.2638e-04 -3.6804e-04 -3.1443e-04 -2.6568e-04 -2.2183e-04 -1.8285e-04 -1.4865e-04 -1.1904e-04 -9.3798e-05 -7.2613e-05 -5.5143e-05 -4.1008e-05 -2.9806e-05 -2.1129e-05 -1.4571e-05 -9.7494e-06 -6.3095e-06 -3.9356e-06 -2.3568e-06 -1.3487e-06 -7.3385e-07 -3.7738e-07 -1.8217e-07 -8.1899e-08 -3.3979e-08 -1.2872e-08 -4.3968e-09 -1.3345e-09 -3.5373e-10 -8.0198e-11 -1.5172e-11 -2.3246e-12 -2.7818e-13 -2.4873e-14 -1.5731e-15 -6.5740e-17 -1.6663e-18 -2.2972e-20 -1.4974e-22 -3.8440e-25 -3.0520e-28 -5.4136e-32 -1.3736e-36 -2.6710e-42 -1.6257e-49 -8.2640e-59 -4.6770e-71 -1.2056e-87 -6.9471e-111 -7.5653e-145 -2.8425e-197 -2.2718e-284 0.0000e+00 0.0000e+00 0.0000e+00 0.0000e+00 6.6198e-04 9.3392e-04 1.1392e-03 1.3080e-03 0.0000e+00 1.5761e-03 1.6844e-03 1.7785e-03 1.8601e-03 1.9299e-03 1.9887e-03 2.0370e-03 2.0754e-03 2.1042e-03 2.1236e-03 2.1341e-03 2.1360e-03 2.1295e-03 2.1149e-03 2.0926e-03 2.0629e-03 2.0262e-03 1.9829e-03 1.9333e-03 1.8778e-03 1.8170e-03 1.7514e-03 1.6813e-03 1.6074e-03 1.5303e-03 1.4504e-03 1.3684e-03 1.2848e-03 1.2004e-03 1.1156e-03 1.0311e-03 9.4751e-04 8.6538e-04 7.8528e-04 7.0773e-04 6.3322e-04 5.6220e-04 4.9506e-04 4.3214e-04 3.7370e-04 3.1994e-04 2.7098e-04 2.2689e-04 1.8762e-04 1.5309e-04 1.2312e-04 9.7490e-05 7.5897e-05 5.8012e-05 4.3465e-05 3.1864e-05 2.2811e-05 1.5911e-05 1.0786e-05 7.0865e-06 4.4977e-06 2.7479e-06 1.6094e-06 8.9949e-07 4.7715e-07 2.3879e-07 1.1195e-07 4.8774e-08 1.9562e-08 7.1449e-09 2.3461e-09 6.8230e-10 1.7264e-10 3.7212e-11 6.6620e-12 9.6090e-13 1.0761e-13 8.9420e-15 5.2149e-16 1.9912e-17 4.5612e-19 5.6094e-21 3.2101e-23 7.0928e-26 4.7241e-29 6.7913e-33 1.3296e-37 1.8472e-43 6.9757e-51 1.5264e-60 -1.7279e-73 -2.7833e-89 -2.7219e-112 -3.8920e-146 -1.6876e-198 -1.4200e-285 0.0000e+00 0.0000e+00 0.0000e+00 0.0000e+00
-7.1874e-04 -1.0142e-03 -1.2375e-03 -1.4216e-03 -1.5788e-03 1.0491e-02 -1.8348e-03 -1.9394e-03 -2.0306e-03 -2.1096e-03 -2.1771e-03 -2.2337e-03 -2.2798e-03 -2.3158e-03 -2.3421e-03 -2.3590e-03 -2.3668e-03 -2.3657e-03 -2.3560e-03 -2.3380e-03 -2.3121e-03 -2.2785e-03 -2.2376e-03 -2.1897e-03 -2.1353e-03 -2.0748e-03 -2.0086e-03 -1.9372e-03 -1.8611e-03 -1.7808e-03 -1.6970e-03 -1.6102e-03 -1.5209e-03 -1.4298e-03 -1.3376e-03 -1.2449e-03 -1.1523e-03 -1.0605e-03 -9.7009e-04 -8.8169e-04 -7.9589e-04 -7.1324e-04 -6.3424e-04 -5.5935e-04 -4.8896e-04 -4.2341e-04 -3.6295e-04 -3.0774e-04 -2.5789e-04 -2.1339e-04 -1.7417e-04 -1.4007e-04 -1.1085e-04 -8.6212e-05 -6.5787e-05 -4.9173e-05 -3.5931e-05 -2.5612e-05 -1.7767e-05 -1.1961e-05 -7.7909e-06 -4.8928e-06 -2.9509e-06 -1.7015e-06 -9.3310e-07 -4.8385e-07 -2.3562e-07 -1.0691e-07 -4.4790e-08 -1.7143e-08 -5.9198e-09 -1.8176e-09 -4.8768e-10 -1.1201e-10 -2.1484e-11 -3.3403e-12 -4.0603e-13 -3.6917e-14 -2.3772e-15 -1.0129e-16 -2.6216e-18 -3.6975e-20 -2.4709e-22 -6.5195e-25 -5.3359e-28 -9.7917e-32 -2.5817e-36 -5.2454e-42 -3.3590e-49 -1.8125e-58 -1.1017e-70 -3.0985e-87 -1.9910e-110 -2.4948e-144 -1.1308e-196 -1.1762e-283 0.0000e+00 0.0000e+00 0.0000e+00 0.0000e+00 7.1869e-04 1.0139e-03 1.2368e-03 1.4201e-03 1.5761e-03 0.0000e+00 1.8286e-03 1.9309e-03 2.0194e-03 2.0952e-03 2.1590e-03 2.2115e-03 2.2532e-03 2.2844e-03 2.3055e-03 2.3170e-03 2.3190e-03 2.3119e-03 2.2961e-03 2.2719e-03 2.2397e-03 2.1998e-03 2.1527e-03 2.0988e-03 2.0387e-03 1.9727e-03 1.9014e-03 1.8253e-03 1.7451e-03 1.6613e-03 1.5746e-03 1.4855e-03 1.3948e-03 1.3031e-03 1.2111e-03 1.1194e-03 1.0286e-03 9.3943e-04 8.5246e-04 7.6826e-04 6.8737e-04 6.1027e-04 5.3738e-04 4.6907e-04 4.0562e-04 3.4726e-04 2.9411e-04 2.4624e-04 2.0362e-04 1.6614e-04 1.3361e-04 1.0579e-04 8.2350e-05 6.2939e-05 4.7152e-05 3.4563e-05 2.4741e-05 1.7255e-05 1.1695e-05 7.6822e-06 4.8748e-06 2.9775e-06 1.7434e-06 9.7406e-07 5.1651e-07 2.5837e-07 1.2106e-07 5.2710e-08 2.1125e-08 7.7087e-09 2.5285e-09 7.3437e-10 1.8552e-10 3.9908e-11 7.1270e-12 1.0248e-12 1.1431e-13 9.4519e-15 5.4764e-16 2.0730e-17 4.6936e-19 5.6798e-21 3.1763e-23 6.7818e-26 4.2808e-29 5.6173e-33 9.2126e-38 8.0908e-44 -1.0537e-51 -3.5733e-60 -3.7470e-72 -1.4167e-88 -1.0862e-111 -1.5026e-145 -7.0680e-198 -7.1991e-285 0.0000e+00 0.0000e+00 0.0000e+00 0.0000e+00
-7.6813e-04 -1.0840e-03 -1.3228e-03 -1.5198e-03 -1.6883e-03 -1.8348e-03 1.4304e-02 -2.0759e-03 -2.1745e-03 -2.2602e-03 -2.3337e-03 -2.3957e-03 -2.4467e-03 -2.4871e-03 -2.5173e-03 -2.5375e-03 -2.5480e-03 -2.5491e-03 -2.5412e-03 -2.5245e-03 -2.4992e-03 -2.4658e-03 -2.4245e-03 -2.3758e-03 -2.3199e-03 -2.2574e-03 -2.1887e-03 -2.1143e-03 -2.0346e-03 -1.9503e-03 -1.8619e-03 -1.7700e-03 -1.6753e-03 -1.5783e-03 -1.4797e-03 -1.3803e-03 -1.2807e-03 -1.1816e-03 -1.0837e-03 -9.8766e-04 -8.9408e-04 -8.0360e-04 -7.1681e-04 -6.3421e-04 -5.5627e-04 -4.8338e-04 -4.1587e-04 -3.5396e-04 -2.9780e-04 -2.4744e-04 -2.0283e-04 -1.6386e-04 -1.3029e-04 -1.0182e-04 -7.8097e-05 -5.8685e-05 -4.3121e-05 -3.0917e-05 -2.1577e-05 -1.4618e-05 -9.5847e-06 -6.0610e-06 -3.6820e-06 -2.1391e-06 -1.1824e-06 -6.1824e-07 -3.0369e-07 -1.3906e-07 -5.8820e-08 -2.2740e-08 -7.9364e-09 -2.4642e-09 -6.6901e-10 -1.5559e-10 -3.0240e-11 -4.7684e-12 -5.8841e-13 -5.4365e-14 -3.5617e-15 -1.5461e-16 -4.0834e-18 -5.8876e-20 -4.0307e-22 -1.0923e-24 -9.2099e-28 -1.7476e-31 -4.7861e-36 -1.0157e-41 -6.8425e-49 -3.9197e-58 -2.5596e-70 -7.8583e-87 -5.6350e-110 -8.1328e-144 -4.4527e-196 -6.0391e-283 0.0000e+00 0.0000e+00 0.0000e+00 0.0000e+00 7.6805e-04 1.0836e-03 1.3217e-03 1.5176e-03 1.6844e-03 1.8286e-03 0.0000e+00 2.0635e-03 2.1581e-03 2.2391e-03 2.3073e-03 2.3634e-03 2.4079e-03 2.4413e-03 2.4639e-03 2.4761e-03 2.4782e-03 2.4707e-03 2.4538e-03 2.4279e-03 2.3935e-03 2.3509e-03 2.3005e-03 2.2430e-03 2.1786e-03 2.1081e-03 2.0319e-03 1.9506e-03 1.8649e-03 1.7753e-03 1.6826e-03 1.5875e-03 1.4905e-03 1.3925e-03 1.2942e-03 1.1961e-03 1.0991e-03 1.0038e-03 9.1086e-04 8.2088e-04 7.3443e-04 6.5203e-04 5.7413e-04 5.0112e-04 4.3332e-04 3.7095e-04 3.1417e-04 2.6302e-04 2.1747e-04 1.7743e-04 1.4268e-04 1.1295e-04 8.7918e-05 6.7185e-05 5.0325e-05 3.6883e-05 2.6396e-05 1.8404e-05 1.2471e-05 8.1894e-06 5.1948e-06 3.1717e-06 1.8562e-06 1.0365e-06 5.4923e-07 2.7452e-07 1.2851e-07 5.5891e-08 2.2370e-08 8.1499e-09 2.6680e-09 7.7306e-10 1.9472e-10 4.1737e-11 7.4199e-12 1.0608e-12 1.1745e-13 9.6173e-15 5.5004e-16 2.0455e-17 4.5171e-19 5.2701e-21 2.7856e-23 5.4125e-26 2.8545e-29 2.3761e-33 -1.1818e-38 -1.7293e-43 -2.0451e-50 -1.6020e-59 -1.2744e-71 -4.4378e-88 -3.4237e-111 -5.0835e-145 -2.7434e-197 -3.5032e-284 0.0000e+00 0.0000e+00 0.0000e+00 0.0000e+00
-8.1111e-04 -1.1447e-03 -1.3972e-03 -1.6056e-03 -1.7840e-03 -1.9394e-03 -2.0759e-03 1.8721e-02 -2.3015e-03 -2.3935e-03 -2.4728e-03 -2.5403e-03 -2.5963e-03 -2.6412e-03 -2.6755e-03 -2.6995e-03 -2.7134e-03 -2.7175e-03 -2.7121e-03 -2.6974e-03 -2.6738e-03 -2.6416e-03 -2.6010e-03 -2.5525e-03 -2.4964e-03 -2.4331e-03 -2.3631e-03 -2.2868e-03 -2.2048e-03 -2.1176e-03 -2.0258e-03 -1.9299e-03 -1.8307e-03 -1.7287e-03 -1.6248e-03 -1.5194e-03 -1.4135e-03 -1.3077e-03 -1.2028e-03 -1.0994e-03 -9.9834e-04 -9.0019e-04 -8.0564e-04 -7.1528e-04 -6.2964e-04 -5.4918e-04 -4.7431e-04 -4.0533e-04 -3.4245e-04 -2.8577e-04 -2.3532e-04 -1.9099e-04 -1.5260e-04 -1.1987e-04 -9.2419e-05 -6.9826e-05 -5.1598e-05 -3.7212e-05 -2.6130e-05 -1.7816e-05 -1.1759e-05 -7.4871e-06 -4.5810e-06 -2.6814e-06 -1.4938e-06 -7.8740e-07 -3.9009e-07 -1.8022e-07 -7.6941e-08 -3.0038e-08 -1.0591e-08 -3.3243e-09 -9.1289e-10 -2.1488e-10 -4.2303e-11 -6.7621e-12 -8.4664e-13 -7.9454e-14 -5.2936e-15 -2.3400e-16 -6.3037e-18 -9.2875e-20 -6.5116e-22 -1.8119e-24 -1.5735e-27 -3.0869e-31 -8.7811e-36 -1.9468e-41 -1.3799e-48 -8.3945e-58 -5.8918e-70 -1.9758e-86 -1.5823e-109 -2.6330e-143 -1.7436e-195 -3.0889e-282 0.0000e+00 0.0000e+00 0.0000e+00 0.0000e+00 8.1101e-04 1.1442e-03 1.3957e-03 1.6025e-03 1.7785e-03 1.9309e-03 2.0635e-03 0.0000e+00 2.2788e-03 2.3643e-03 2.4363e-03 2.4956e-03 2.5426e-03 2.5778e-03 2.6017e-03 2.6145e-03 2.6168e-03 2.6088e-03 2.5910e-03 2.5637e-03 2.5273e-03 2.4823e-03 2.4291e-03 2.3683e-03 2.3004e-03 2.2259e-03 2.1454e-03 2.0596e-03 1.9691e-03 1.8745e-03 1.7766e-03 1.6761e-03 1.5737e-03 1.4702e-03 1.3663e-03 1.2628e-03 1.1603e-03 1.0597e-03 9.6155e-04 8.6653e-04 7.7524e-04 6.8823e-04 6.0597e-04 5.2889e-04 4.5730e-04 3.9145e-04 3.3149e-04 2.7749e-04 2.2942e-04 1.8715e-04 1.5047e-04 1.1910e-04 9.2689e-05 7.0816e-05 5.3032e-05 3.8856e-05 2.7798e-05 1.9375e-05 1.3123e-05 8.6133e-06 5.4606e-06 3.3317e-06 1.9483e-06 1.0869e-06 5.7532e-07 2.8719e-07 1.3424e-07 5.8274e-08 2.3272e-08 8.4559e-09 2.7592e-09 7.9623e-10 1.9955e-10 4.2501e-11 7.4949e-12 1.0603e-12 1.1578e-13 9.3043e-15 5.1842e-16 1.8564e-17 3.8701e-19 4.1067e-21 1.8170e-23 2.2767e-26 -2.6538e-30 -4.5485e-33 -2.3234e-37 -7.1524e-43 -6.2728e-50 -4.4067e-59 -3.4022e-71 -1.2074e-87 -9.8903e-111 -1.6290e-144 -1.0314e-196 -1.6786e-283 0.0000e+00 0.0000e+00 0.0000e+00 0.0000e+00
-8.4831e-04 -1.1973e-03 -1.4616e-03 -1.6800e-03 -1.8672e-03 -2.0306e-03 -2.1745e-03 -2.3015e-03 2.3748e-02 -2.5114e-03 -2.5965e-03 -2.6693e-03 -2.7304e-03 -2.7802e-03 -2.8191e-03 -2.8473e-03 -2.8651e-03 -2.8729e-03 -2.8708e-03 -2.8591e-03 -2.8381e-03 -2.8080e-03 -2.7692e-03 -2.7220e-03 -2.6668e-03 -2.6039e-03 -2.5338e-03 -2.4569e-03 -2.3737e-03 -2.2847e-03 -2.1906e-03 -2.0918e-03 -1.9891e-03 -1.8831e-03 -1.7745e-03 -1.6640e-03 -1.5524e-03 -1.4404e-03 -1.3289e-03 -1.2185e-03 -1.1101e-03 -1.0044e-03 -9.0205e-04 -8.0378e-04 -7.1021e-04 -6.2188e-04 -5.3927e-04 -4.6276e-04 -3.9265e-04 -3.2913e-04 -2.7227e-04 -2.2204e-04 -1.7829e-04 -1.4076e-04 -1.0910e-04 -8.2883e-05 -6.1594e-05 -4.4682e-05 -3.1566e-05 -2.1658e-05 -1.4388e-05 -9.2237e-06 -5.6833e-06 -3.3510e-06 -1.8811e-06 -9.9945e-07 -4.9925e-07 -2.3265e-07 -1.0023e-07 -3.9503e-08 -1.4069e-08 -4.4623e-09 -1.2390e-09 -2.9510e-10 -5.8825e-11 -9.5291e-12 -1.2102e-12 -1.1532e-13 -7.8115e-15 -3.5156e-16 -9.6575e-18 -1.4538e-19 -1.0437e-21 -2.9818e-24 -2.6673e-27 -5.4103e-31 -1.5988e-35 -3.7036e-41 -2.7632e-48 -1.7858e-57 -1.3478e-69 -4.9400e-86 -4.4219e-109 -8.4923e-143 -6.8111e-195 -1.5786e-281 0.0000e+00 0.0000e+00 0.0000e+00 0.0000e+00 8.4818e-04 1.1966e-03 1.4596e-03 1.6759e-03 1.8601e-03 2.0194e-03 2.1581e-03 2.2788e-03 0.0000e+00 2.4727e-03 2.5480e-03 2.6100e-03 2.6591e-03 2.6960e-03 2.7209e-03 2.7344e-03 2.7367e-03 2.7284e-03 2.7097e-03 2.6811e-03 2.6431e-03 2.5960e-03 2.5404e-03 2.4768e-03 2.4057e-03 2.3278e-03 2.2436e-03 2.1538e-03 2.0591e-03 1.9602e-03 1.8578e-03 1.7527e-03 1.6456e-03 1.5373e-03 1.4286e-03 1.3203e-03 1.2132e-03 1.1079e-03 1.0052e-03 9.0585e-04 8.1037e-04 7.1936e-04 6.3334e-04 5.5272e-04 4.7786e-04 4.0900e-04 3.4631e-04 2.8986e-04 2.3960e-04 1.9542e-04 1.5709e-04 1.2431e-04 9.6711e-05 7.3865e-05 5.5294e-05 4.0496e-05 2.8958e-05 2.0172e-05 1.3654e-05 8.9548e-06 5.6720e-06 3.4571e-06 2.0192e-06 1.1248e-06 5.9439e-07 2.9610e-07 1.3807e-07 5.9762e-08 2.3782e-08 8.6034e-09 2.7922e-09 8.0033e-10 1.9887e-10 4.1892e-11 7.2817e-12 1.0104e-12 1.0743e-13 8.3099e-15 4.3714e-16 1.4258e-17 2.5025e-19 1.7600e-21 -8.1732e-25 -3.7800e-26 -6.2665e-29 -1.7937e-32 -6.6467e-37 -1.8028e-42 -1.5028e-49 -1.0470e-58 -8.2699e-71 -3.0878e-87 -2.7433e-110 -5.0891e-144 -3.8250e-196 -8.0098e-283 0.0000e+00 0.0000e+00 0.0000e+00 0.0000e+00
-8.8017e-04 -1.2425e-03 -1.5170e-03 -1.7441e-03 -1.9391e-03 -2.1096e-03 -2.2602e-03 -2.3935e-03 -2.5114e-03 2.9395e-02 -2.7059e-03 -2.7842e-03 -2.8506e-03 -2.9055e-03 -2.9493e-03 -2.9823e-03 -3.0047e-03 -3.0168e-03 -3.0188e-03 -3.0109e-03 -2.9934e-03 -2.9666e-03 -2.9307e-03 -2.8859e-03 -2.8327e-03 -2.7714e-03 -2.7023e-03 -2.6259e-03 -2.5427e-03 -2.4531e-03 -2.3577e-03 -2.2571e-03 -2.1518e-03 -2.0426e-03 -1.9302e-03 -1.8153e-03 -1.6986e-03 -1.5810e-03 -1.4633e-03 -1.3462e-03 -1.2306e-03 -1.1173e-03 -1.0071e-03 -9.0081e-04 -7.9902e-04 -7.0244e-04 -6.1164e-04 -5.2710e-04 -4.4920e-04 -3.7824e-04 -3.1435e-04 -2.5759e-04 -2.0785e-04 -1.6494e-04 -1.2852e-04 -9.8163e-05 -7.3359e-05 -5.3525e-05 -3.8040e-05 -2.6262e-05 -1.7559e-05 -1.1331e-05 -7.0300e-06 -4.1748e-06 -2.3610e-06 -1.2642e-06 -6.3659e-07 -2.9916e-07 -1.3003e-07 -5.1723e-08 -1.8601e-08 -5.9608e-09 -1.6732e-09 -4.0313e-10 -8.1353e-11 -1.3352e-11 -1.7198e-12 -1.6639e-13 -1.1457e-14 -5.2490e-16 -1.4704e-17 -2.2614e-19 -1.6626e-21 -4.8771e-24 -4.4941e-27 -9.4272e-31 -2.8947e-35 -7.0086e-41 -5.5056e-48 -3.7818e-57 -3.0711e-69 -1.2310e-85 -1.2326e-108 -2.7349e-142 -2.6599e-194 -8.0798e-281 0.0000e+00 0.0000e+00 0.0000e+00 0.0000e+00 8.8001e-04 1.2415e-03 1.5144e-03 1.7388e-03 1.9299e-03 2.0952e-03 2.2391e-03 2.3643e-03 2.4727e-03 0.0000e+00 2.6436e-03 2.7079e-03 2.7589e-03 2.7971e-03 2.8230e-03 2.8369e-03 2.8394e-03 2.8307e-03 2.8113e-03 2.7816e-03 2.7422e-03 2.6933e-03 2.6356e-03 2.5696e-03 2.4958e-03 2.4150e-03 2.3276e-03 2.2344e-03 2.1361e-03 2.0335e-03 1.9272e-03 1.8181e-03 1.7069e-03 1.5946e-03 1.4818e-03 1.3694e-03 1.2582e-03 1.1489e-03 1.0424e-03 9.3926e-04 8.4018e-04 7.4576e-04 6.5650e-04 5.7286e-04 4.9520e-04 4.2377e-04 3.5875e-04 3.0021e-04 2.4810e-04 2.0229e-04 1.6256e-04 1.2859e-04 1.0000e-04 7.6345e-05 5.7120e-05 4.1807e-05 2.9874e-05 2.0793e-05 1.4060e-05 9.2110e-06 5.8266e-06 3.5458e-06 2.0672e-06 1.1491e-06 6.0564e-07 3.0077e-07 1.3972e-07 6.0200e-08 2.3822e-08 8.5575e-09 2.7529e-09 7.8022e-10 1.9105e-10 3.9467e-11 6.6795e-12 8.9246e-13 8.9691e-14 6.3389e-15 2.8327e-16 6.3459e-18 3.6401e-21 -2.4301e-21 -3.4639e-23 -1.4613e-25 -1.7110e-28 -4.2525e-32 -1.4769e-36 -3.9080e-42 -3.2636e-49 -2.3272e-58 -1.9196e-70 -7.6516e-87 -7.4538e-110 -1.5710e-143 -1.4117e-195 -3.8279e-282 0.0000e+00 0.0000e+00 0.0000e+00 0.0000e+00
-9.0703e-04 -1.2805e-03 -1.5638e-03 -1.7984e-03 -2.0002e-03 -2.1771e-03 -2.3337e-03 -2.4728e-03 -2.5965e-03 -2.7059e-03 3.5670e-02 -2.8860e-03 -2.9578e-03 -3.0181e-03 -3.0673e-03 -3.1055e-03 -3.1331e-03 -3.1502e-03 -3.1571e-03 -3.1540e-03 -3.1410e-03 -3.1184e-03 -3.0864e-03 -3.0452e-03 -2.9951e-03 -2.9365e-03 -2.8697e-03 -2.7950e-03 -2.7129e-03 -2.6238e-03 -2.5282e-03 -2.4267e-03 -2.3199e-03 -2.2085e-03 -2.0931e-03 -1.9744e-03 -1.8533e-03 -1.7305e-03 -1.6070e-03 -1.4835e-03 -1.3609e-03 -1.2401e-03 -1.1219e-03 -1.0073e-03 -8.9704e-04 -7.9180e-04 -6.9232e-04 -5.9918e-04 -5.1288e-04 -4.3380e-04 -3.6221e-04 -2.9822e-04 -2.4182e-04 -1.9287e-04 -1.5106e-04 -1.1600e-04 -8.7169e-05 -6.3965e-05 -4.5726e-05 -3.1760e-05 -2.1369e-05 -1.3879e-05 -8.6693e-06 -5.1843e-06 -2.9533e-06 -1.5933e-06 -8.0871e-07 -3.8320e-07 -1.6800e-07 -6.7440e-08 -2.4487e-08 -7.9267e-09 -2.2491e-09 -5.4809e-10 -1.1196e-10 -1.8617e-11 -2.4317e-12 -2.3885e-13 -1.6718e-14 -7.7973e-16 -2.2273e-17 -3.5002e-19 -2.6354e-21 -7.9394e-24 -7.5378e-27 -1.6356e-30 -5.2199e-35 -1.3214e-40 -1.0934e-47 -7.9859e-57 -6.9815e-69 -3.0627e-85 -3.4332e-108 -8.8090e-142 -1.0403e-193 -4.1487e-280 0.0000e+00 0.0000e+00 0.0000e+00 0.0000e+00 9.0682e-04 1.2793e-03 1.5605e-03 1.7918e-03 1.9887e-03 2.1590e-03 2.3073e-03 2.4363e-03 2.5480e-03 2.6436e-03 0.0000e+00 2.7904e-03 2.8429e-03 2.8823e-03 2.9090e-03 2.9233e-03 2.9258e-03 2.9169e-03 2.8969e-03 2.8663e-03 2.8256e-03 2.7752e-03 2.7157e-03 2.6477e-03 2.5717e-03 2.4883e-03 2.3982e-03 2.3022e-03 2.2008e-03 2.0950e-03 1.9854e-03 1.8730e-03 1.7584e-03 1.6426e-03 1.5263e-03 1.4104e-03 1.2958e-03 1.1832e-03 1.0734e-03 9.6706e-04 8.6495e-04 7.6763e-04 6.7565e-04 5.8947e-04 5.0945e-04 4.3587e-04 3.6890e-04 3.0861e-04 2.5495e-04 2.0780e-04 1.6691e-04 1.3197e-04 1.0257e-04 7.8252e-05 5.8502e-05 4.2781e-05 3.0538e-05 2.1230e-05 1.4336e-05 9.3763e-06 5.9198e-06 3.5944e-06 2.0899e-06 1.1579e-06 6.0794e-07 3.0050e-07 1.3879e-07 5.9375e-08 2.3286e-08 8.2708e-09 2.6219e-09 7.2887e-10 1.7385e-10 3.4616e-11 5.5489e-12 6.8046e-13 5.8757e-14 2.9707e-15 2.3624e-17 -6.9161e-18 -4.0919e-19 -9.4685e-21 -9.1900e-23 -3.3179e-25 -3.6011e-28 -8.6333e-32 -2.9644e-36 -7.8969e-42 -6.7433e-49 -4.9916e-58 -4.3453e-70 -1.8642e-86 -2.0044e-109 -4.8263e-143 -5.2111e-195 -1.8383e-281 0.0000e+00 0.0000e+00 0.0000e+00 0.0000e+00
-9.2913e-04 -1.3119e-03 -1.6025e-03 -1.8435e-03 -2.0512e-03 -2.2337e-03 -2.3957e-03 -2.5403e-03 -2.6693e-03 -2.7842e-03 -2.8860e-03 4.2583e-02 -3.0528e-03 -3.1188e-03 -3.1737e-03 -3.2177e-03 -3.2511e-03 -3.2740e-03 -3.2866e-03 -3.2890e-03 -3.2814e-03 -3.2641e-03 -3.2370e-03 -3.2005e-03 -3.1548e-03 -3.1000e-03 -3.0366e-03 -2.9647e-03 -2.8849e-03 -2.7974e-03 -2.7028e-03 -2.6015e-03 -2.4942e-03 -2.3814e-03 -2.2638e-03 -2.1422e-03 -2.0173e-03 -1.8899e-03 -1.7609e-03 -1.6312e-03 -1.5018e-03 -1.3735e-03 -1.2474e-03 -1.1243e-03 -1.0052e-03 -8.9085e-04 -7.8217e-04 -6.7984e-04 -5.8447e-04 -4.9658e-04 -4.1654e-04 -3.4458e-04 -2.8077e-04 -2.2505e-04 -1.7717e-04 -1.3677e-04 -1.0333e-04 -7.6251e-05 -5.4824e-05 -3.8306e-05 -2.5932e-05 -1.6951e-05 -1.0658e-05 -6.4175e-06 -3.6819e-06 -2.0013e-06 -1.0237e-06 -4.8904e-07 -2.1624e-07 -8.7590e-08 -3.2106e-08 -1.0498e-08 -3.0106e-09 -7.4204e-10 -1.5343e-10 -2.5846e-11 -3.4236e-12 -3.4141e-13 -2.4292e-14 -1.1535e-15 -3.3605e-17 -5.3965e-19 -4.1620e-21 -1.2879e-23 -1.2601e-26 -2.8289e-30 -9.3864e-35 -2.4852e-40 -2.1669e-47 -1.6837e-56 -1.5855e-68 -7.6174e-85 -9.5674e-108 -2.8419e-141 -4.0805e-193 -2.1403e-279 0.0000e+00 0.0000e+00 0.0000e+00 0.0000e+00 9.2887e-04 1.3105e-03 1.5985e-03 1.8353e-03 2.0370e-03 2.2115e-03 2.3634e-03 2.4956e-03 2.6100e-03 2.7079e-03 2.7904e-03 0.0000e+00 2.9121e-03 2.9524e-03 2.9797e-03 2.9944e-03 2.9969e-03 2.9877e-03 2.9672e-03 2.9359e-03 2.8942e-03 2.8425e-03 2.7816e-03 2.7118e-03 2.6339e-03 2.5485e-03 2.4561e-03 2.3577e-03 2.2538e-03 2.1454e-03 2.0331e-03 1.9178e-03 1.8004e-03 1.6817e-03 1.5625e-03 1.4438e-03 1.3263e-03 1.2109e-03 1.0984e-03 9.8946e-04 8.8483e-04 7.8513e-04 6.9091e-04 6.0264e-04 5.2069e-04 4.4535e-04 3.7679e-04 3.1508e-04 2.6018e-04 2.1195e-04 1.7014e-04 1.3443e-04 1.0440e-04 7.9573e-05 5.9426e-05 4.3403e-05 3.0938e-05 2.1471e-05 1.4471e-05 9.4424e-06 5.9451e-06 3.5979e-06 2.0838e-06 1.1491e-06 5.9980e-07 2.9436e-07 1.3475e-07 5.7004e-08 2.2036e-08 7.6804e-09 2.3737e-09 6.3692e-10 1.4429e-10 2.6516e-11 3.7001e-12 3.3866e-13 9.3206e-15 -2.3884e-15 -3.8925e-16 -2.8068e-17 -1.0718e-18 -2.0875e-20 -1.8592e-22 -6.4176e-25 -6.8224e-28 -1.6290e-31 -5.6446e-36 -1.5354e-41 -1.3544e-48 -1.0490e-57 -9.6976e-70 -4.5010e-86 -5.3654e-109 -1.4818e-142 -1.9297e-194 -8.8899e-281 0.0000e+00 0.0000e+00 0.0000e+00 0.0000e+00
-9.4668e-04 -1.3369e-03 -1.6334e-03 -1.8797e-03 -2.0924e-03 -2.2798e-03 -2.4467e-03 -2.5963e-03 -2.7304e-03 -2.8506e-03 -2.9578e-03 -3.0528e-03 5.0148e-02 -3.2081e-03 -3.2692e-03 -3.3195e-03 -3.3592e-03 -3.3885e-03 -3.4076e-03 -3.4165e-03 -3.4153e-03 -3.4041e-03 -3.3831e-03 -3.3523e-03 -3.3120e-03 -3.2623e-03 -3.2034e-03 -3.1356e-03 -3.0592e-03 -2.9746e-03 -2.8820e-03 -2.7821e-03 -2.6752e-03 -2.5620e-03 -2.4431e-03 -2.3193e-03 -2.1912e-03 -2.0598e-03 -1.9259e-03 -1.7904e-03 -1.6543e-03 -1.5186e-03 -1.3843e-03 -1.2526e-03 -1.1243e-03 -1.0005e-03 -8.8207e-04 -7.6993e-04 -6.6480e-04 -5.6735e-04 -4.7807e-04 -3.9732e-04 -3.2530e-04 -2.6202e-04 -2.0732e-04 -1.6088e-04 -1.2220e-04 -9.0668e-05 -6.5560e-05 -4.6077e-05 -3.1382e-05 -2.0642e-05 -1.3064e-05 -7.9194e-06 -4.5758e-06 -2.5055e-06 -1.2915e-06 -6.2198e-07 -2.7737e-07 -1.1336e-07 -4.1945e-08 -1.3853e-08 -4.0153e-09 -1.0010e-09 -2.0949e-10 -3.5754e-11 -4.8029e-12 -4.8630e-13 -3.5178e-14 -1.7008e-15 -5.0540e-17 -8.2950e-19 -6.5541e-21 -2.0836e-23 -2.1014e-26 -4.8825e-30 -1.6848e-34 -4.6673e-40 -4.2901e-47 -3.5481e-56 -3.6010e-68 -1.8960e-84 -2.6706e-107 -9.1930e-141 -1.6072e-192 -1.1108e-278 0.0000e+00 0.0000e+00 0.0000e+00 0.0000e+00 9.4637e-04 1.3351e-03 1.6286e-03 1.8699e-03 2.0754e-03 2.2532e-03 2.4079e-03 2.5426e-03 2.6591e-03 2.7589e-03 2.8429e-03 2.9121e-03 0.0000e+00 3.0080e-03 3.0358e-03 3.0507e-03 3.0533e-03 3.0439e-03 3.0230e-03 2.9910e-03 2.9485e-03 2.8958e-03 2.8337e-03 2.7626e-03 2.6831e-03 2.5960e-03 2.5019e-03 2.4015e-03 2.2956e-03 2.1850e-03 2.0705e-03 1.9530e-03 1.8333e-03 1.7122e-03 1.5908e-03 1.4697e-03 1.3500e-03 1.2323e-03 1.1176e-03 1.0066e-03 8.9996e-04 7.9836e-04 7.0235e-04 6.1242e-04 5.2895e-04 4.5223e-04 3.8242e-04 3.1962e-04 2.6376e-04 2.1472e-04 1.7222e-04 1.3595e-04 1.0546e-04 8.0283e-05 5.9869e-05 4.3652e-05 3.1053e-05 2.1501e-05 1.4451e-05 9.3985e-06 5.8943e-06 3.5504e-06 2.0444e-06 1.1195e-06 5.7927e-07 2.8119e-07 1.2694e-07 5.2728e-08 1.9894e-08 6.7052e-09 1.9747e-09 4.9213e-10 9.8417e-11 1.4071e-11 8.7692e-13 -1.8177e-13 -6.5951e-14 -1.0570e-14 -1.0230e-15 -6.0789e-17 -2.1076e-18 -3.8942e-20 -3.3724e-22 -1.1504e-24 -1.2232e-27 -2.9505e-31 -1.0423e-35 -2.9174e-41 -2.6748e-48 -2.1782e-57 -2.1474e-69 -1.0822e-85 -1.4349e-108 -4.5595e-142 -7.1833e-194 -4.3359e-280 0.0000e+00 0.0000e+00 0.0000e+00 0.0000e+00
-9.5985e-04 -1.3557e-03 -1.6568e-03 -1.9074e-03 -2.1242e-03 -2.3158e-03 -2.4871e-03 -2.6412e-03 -2.7802e-03 -2.9055e-03 -3.0181e-03 -3.1188e-03 -3.2081e-03 5.8375e-02 -3.3540e-03 -3.4111e-03 -3.4578e-03 -3.4942e-03 -3.5205e-03 -3.5366e-03 -3.5427e-03 -3.5387e-03 -3.5247e-03 -3.5008e-03 -3.4671e-03 -3.4236e-03 -3.3705e-03 -3.3079e-03 -3.2362e-03 -3.1554e-03 -3.0661e-03 -2.9686e-03 -2.8632e-03 -2.7506e-03 -2.6314e-03 -2.5062e-03 -2.3757e-03 -2.2408e-03 -2.1024e-03 -1.9615e-03 -1.8190e-03 -1.6760e-03 -1.5336e-03 -1.3930e-03 -1.2553e-03 -1.1216e-03 -9.9291e-04 -8.7032e-04 -7.5472e-04 -6.4692e-04 -5.4758e-04 -4.5719e-04 -3.7609e-04 -3.0440e-04 -2.4205e-04 -1.8879e-04 -1.4415e-04 -1.0754e-04 -7.8196e-05 -5.5275e-05 -3.7872e-05 -2.5067e-05 -1.5966e-05 -9.7439e-06 -5.6695e-06 -3.1271e-06 -1.6243e-06 -7.8856e-07 -3.5464e-07 -1.4624e-07 -5.4624e-08 -1.8223e-08 -5.3383e-09 -1.3460e-09 -2.8516e-10 -4.9310e-11 -6.7183e-12 -6.9072e-13 -5.0804e-14 -2.5014e-15 -7.5824e-17 -1.2722e-18 -1.0300e-20 -3.3647e-23 -3.4988e-26 -8.4159e-30 -3.0214e-34 -8.7604e-40 -8.4925e-47 -7.4798e-56 -8.1868e-68 -4.7275e-84 -7.4739e-107 -2.9850e-140 -6.3633e-192 -5.8069e-278 0.0000e+00 0.0000e+00 0.0000e+00 0.0000e+00 9.5948e-04 1.3536e-03 1.6512e-03 1.8958e-03 2.1042e-03 2.2844e-03 2.4413e-03 2.5778e-03 2.6960e-03 2.7971e-03 2.8823e-03 2.9524e-03 3.0080e-03 0.0000e+00 3.0777e-03 3.0929e-03 3.0955e-03 3.0859e-03 3.0647e-03 3.0322e-03 2.9890e-03 2.9356e-03 2.8725e-03 2.8004e-03 2.7198e-03 2.6313e-03 2.5358e-03 2.4340e-03 2.3265e-03 2.2143e-03 2.0981e-03 1.9789e-03 1.8574e-03 1.7345e-03 1.6113e-03 1.4884e-03 1.3669e-03 1.2476e-03 1.1312e-03 1.0186e-03 9.1041e-04 8.0737e-04 7.1002e-04 6.1885e-04 5.3425e-04 4.5651e-04 3.8581e-04 3.2221e-04 2.6569e-04 2.1608e-04 1.7313e-04 1.3649e-04 1.0573e-04 8.0349e-05 5.9800e-05 4.3500e-05 3.0861e-05 2.1299e-05 1.4259e-05 9.2310e-06 5.7569e-06 3.4439e-06 1.9664e-06 1.0654e-06 5.4398e-07 2.5952e-07 1.1449e-07 4.6092e-08 1.6632e-08 5.2416e-09 1.3821e-09 2.7858e-10 3.1043e-11 -4.1733e-12 -3.2638e-12 -9.4704e-13 -1.7715e-13 -2.2737e-14 -1.9734e-15 -1.1039e-16 -3.6983e-18 -6.7116e-20 -5.7754e-22 -1.9754e-24 -2.1226e-27 -5.2121e-31 -1.8885e-35 -5.4652e-41 -5.2287e-48 -4.4924e-57 -4.7369e-69 -2.5991e-85 -3.8429e-108 -1.4086e-141 -2.6919e-193 -2.1354e-279 0.0000e+00 0.0000e+00 0.0000e+00 0.0000e+00
-9.6879e-04 -1.3686e-03 -1.6730e-03 -1.9268e-03 -2.1470e-03 -2.3421e-03 -2.5173e-03 -2.6755e-03 -2.8191e-03 -2.9493e-03 -3.0673e-03 -3.1737e-03 -3.2692e-03 -3.3540e-03 6.7281e-02 -3.4927e-03 -3.5470e-03 -3.5912e-03 -3.6254e-03 -3.6496e-03 -3.6638e-03 -3.6680e-03 -3.6621e-03 -3.6461e-03 -3.6201e-03 -3.5839e-03 -3.5377e-03 -3.4816e-03 -3.4157e-03 -3.3402e-03 -3.2552e-03 -3.1612e-03 -3.0585e-03 -2.9476e-03 -2.8289e-03 -2.7032e-03 -2.5711e-03 -2.4335e-03 -2.2912e-03 -2.1452e-03 -1.9966e-03 -1.8465e-03 -1.6960e-03 -1.5465e-03 -1.3990e-03 -1.2550e-03 -1.1156e-03 -9.8192e-04 -8.5512e-04 -7.3617e-04 -6.2589e-04 -5.2496e-04 -4.3386e-04 -3.5284e-04 -2.8195e-04 -2.2102e-04 -1.6964e-04 -1.2723e-04 -9.3029e-05 -6.6138e-05 -4.5584e-05 -3.0357e-05 -1.9460e-05 -1.1956e-05 -7.0049e-06 -3.8919e-06 -2.0371e-06 -9.9691e-07 -4.5215e-07 -1.8812e-07 -7.0937e-08 -2.3904e-08 -7.0780e-09 -1.8052e-09 -3.8716e-10 -6.7837e-11 -9.3749e-12 -9.7883e-13 -7.3213e-14 -3.6713e-15 -1.1355e-16 -1.9478e-18 -1.6163e-20 -5.4271e-23 -5.8203e-26 -1.4498e-29 -5.4167e-34 -1.6445e-39 -1.6822e-46 -1.5786e-55 -1.8645e-67 -1.1818e-83 -2.0990e-106 -9.7379e-140 -2.5351e-191 -3.0610e-277 0.0000e+00 0.0000e+00 0.0000e+00 0.0000e+00 9.6836e-04 1.3662e-03 1.6665e-03 1.9134e-03 2.1236e-03 2.3055e-03 2.4639e-03 2.6017e-03 2.7209e-03 2.8230e-03 2.9090e-03 2.9797e-03 3.0358e-03 3.0777e-03 0.0000e+00 3.1214e-03 3.1240e-03 3.1143e-03 3.0928e-03 3.0600e-03 3.0164e-03 2.9624e-03 2.8986e-03 2.8257e-03 2.7443e-03 2.6549e-03 2.5584e-03 2.4555e-03 2.3469e-03 2.2335e-03 2.1161e-03 1.9956e-03 1.8729e-03 1.7488e-03 1.6242e-03 1.5001e-03 1.3774e-03 1.2568e-03 1.1392e-03 1.0255e-03 9.1626e-04 8.1222e-04 7.1395e-04 6.2194e-04 5.3658e-04 4.5818e-04 3.8690e-04 3.2283e-04 2.6591e-04 2.1599e-04 1.7281e-04 1.3601e-04 1.0515e-04 7.9729e-05 5.9179e-05 4.2913e-05 3.0330e-05 2.0838e-05 1.3876e-05 8.9236e-06 5.5202e-06 3.2692e-06 1.8431e-06 9.8247e-07 4.9097e-07 2.2754e-07 9.6376e-08 3.6527e-08 1.1965e-08 3.1579e-09 5.4081e-10 -2.4309e-11 -6.4594e-11 -3.0136e-11 -9.1807e-12 -2.0468e-12 -3.3811e-13 -4.0508e-14 -3.3766e-15 -1.8455e-16 -6.1112e-18 -1.1058e-19 -9.5555e-22 -3.3028e-24 -3.6079e-27 -9.0619e-31 -3.3807e-35 -1.0148e-40 -1.0160e-47 -9.2330e-57 -1.0437e-68 -6.2486e-85 -1.0325e-107 -4.3753e-141 -1.0168e-192 -1.0631e-278 0.0000e+00 0.0000e+00 0.0000e+00 0.0000e+00
-9.7364e-04 -1.3757e-03 -1.6822e-03 -1.9383e-03 -2.1610e-03 -2.3590e-03 -2.5375e-03 -2.6995e-03 -2.8473e-03 -2.9823e-03 -3.1055e-03 -3.2177e-03 -3.3195e-03 -3.4111e-03 -3.4927e-03 7.6880e-02 -3.6269e-03 -3.6795e-03 -3.7224e-03 -3.7555e-03 -3.7787e-03 -3.7919e-03 -3.7951e-03 -3.7881e-03 -3.7708e-03 -3.7432e-03 -3.7051e-03 -3.6566e-03 -3.5978e-03 -3.5286e-03 -3.4493e-03 -3.3600e-03 -3.2611e-03 -3.1529e-03 -3.0359e-03 -2.9106e-03 -2.7778e-03 -2.6381e-03 -2.4926e-03 -2.3421e-03 -2.1878e-03 -2.0307e-03 -1.8723e-03 -1.7137e-03 -1.5564e-03 -1.4017e-03 -1.2510e-03 -1.1057e-03 -9.6694e-04 -8.3602e-04 -7.1392e-04 -6.0149e-04 -4.9940e-04 -4.0806e-04 -3.2767e-04 -2.5814e-04 -1.9916e-04 -1.5017e-04 -1.1040e-04 -7.8937e-05 -5.4728e-05 -3.6671e-05 -2.3657e-05 -1.4631e-05 -8.6325e-06 -4.8312e-06 -2.5482e-06 -1.2571e-06 -5.7502e-07 -2.4139e-07 -9.1897e-08 -3.1281e-08 -9.3628e-09 -2.4156e-09 -5.2452e-10 -9.3134e-11 -1.3057e-11 -1.3846e-12 -1.0533e-13 -5.3806e-15 -1.6983e-16 -2.9792e-18 -2.5343e-20 -8.7484e-23 -9.6791e-26 -2.4975e-29 -9.7145e-34 -3.0896e-39 -3.3362e-46 -3.3379e-55 -4.2572e-67 -2.9639e-83 -5.9203e-106 -3.1944e-139 -1.0173e-190 -1.6288e-276 0.0000e+00 0.0000e+00 0.0000e+00 0.0000e+00 9.7316e-04 1.3729e-03 1.6747e-03 1.9228e-03 2.1341e-03 2.3170e-03 2.4761e-03 2.6145e-03 2.7344e-03 2.8369e-03 2.9233e-03 2.9944e-03 3.0507e-03 3.0929e-03 3.1214e-03 0.0000e+00 3.1393e-03 3.1295e-03 3.1079e-03 3.0748e-03 3.0309e-03 2.9765e-03 2.9124e-03 2.8390e-03 2.7570e-03 2.6671e-03 2.5700e-03 2.4664e-03 2.3571e-03 2.2430e-03 2.1248e-03 2.0036e-03 1.8800e-03 1.7551e-03 1.6298e-03 1.5049e-03 1.3814e-03 1.2601e-03 1.1418e-03 1.0274e-03 9.1753e-04 8.1292e-04 7.1413e-04 6.2167e-04 5.3592e-04 4.5720e-04 3.8567e-04 3.2141e-04 2.6437e-04 2.1439e-04 1.7121e-04 1.3445e-04 1.0368e-04 7.8372e-05 5.7962e-05 4.1849e-05 2.9425e-05 2.0090e-05 1.3275e-05 8.4567e-06 5.1694e-06 3.0152e-06 1.6665e-06 8.6507e-07 4.1667e-07 1.8303e-07 7.1294e-08 2.3329e-08 5.5359e-09 2.8810e-10 -6.1921e-10 -4.4300e-10 -1.9730e-10 -6.6345e-11 -1.7485e-11 -3.6022e-12 -5.6782e-13 -6.6135e-14 -5.4247e-15 -2.9430e-16 -9.7392e-18 -1.7713e-19 -1.5463e-21 -5.4270e-24 -6.0500e-27 -1.5593e-30 -6.0059e-35 -1.8747e-40 -1.9682e-47 -1.8955e-56 -2.3015e-68 -1.5062e-84 -2.7867e-107 -1.3680e-140 -3.8746e-192 -5.3547e-278 0.0000e+00 0.0000e+00 0.0000e+00 0.0000e+00
-9.7455e-04 -1.3772e-03 -1.6847e-03 -1.9420e-03 -2.1665e-03 -2.3668e-03 -2.5480e-03 -2.7134e-03 -2.8651e-03 -3.0047e-03 -3.1331e-03 -3.2511e-03 -3.3592e-03 -3.4578e-03 -3.5470e-03 -3.6269e-03 8.7189e-02 -3.7592e-03 -3.8114e-03 -3.8540e-03 -3.8871e-03 -3.9103e-03 -3.9235e-03 -3.9265e-03 -3.9190e-03 -3.9010e-03 -3.8723e-03 -3.8326e-03 -3.7821e-03 -3.7205e-03 -3.6480e-03 -3.5647e-03 -3.4708e-03 -3.3664e-03 -3.2522e-03 -3.1284e-03 -2.9958e-03 -2.8550e-03 -2.7069e-03 -2.5526e-03 -2.3930e-03 -2.2294e-03 -2.0631e-03 -1.8955e-03 -1.7282e-03 -1.5625e-03 -1.4001e-03 -1.2425e-03 -1.0912e-03 -9.4745e-04 -8.1260e-04 -6.8769e-04 -5.7358e-04 -4.7089e-04 -3.7994e-04 -3.0082e-04 -2.3328e-04 -1.7682e-04 -1.3071e-04 -9.3990e-05 -6.5549e-05 -4.4191e-05 -2.8691e-05 -1.7863e-05 -1.0613e-05 -5.9832e-06 -3.1801e-06 -1.5816e-06 -7.2964e-07 -3.0908e-07 -1.1880e-07 -4.0853e-08 -1.2361e-08 -3.2264e-09 -7.0937e-10 -1.2766e-10 -1.8158e-11 -1.9561e-12 -1.5137e-13 -7.8777e-15 -2.5379e-16 -4.5538e-18 -3.9721e-20 -1.4101e-22 -1.6099e-25 -4.3046e-29 -1.7439e-33 -5.8124e-39 -6.6291e-46 -7.0750e-55 -9.7509e-67 -7.4634e-83 -1.6783e-105 -1.0546e-138 -4.1151e-190 -8.7584e-276 0.0000e+00 0.0000e+00 0.0000e+00 0.0000e+00 9.7400e-04 1.3741e-03 1.6762e-03 1.9245e-03 2.1360e-03 2.3190e-03 2.4782e-03 2.6168e-03 2.7367e-03 2.8394e-03 2.9258e-03 2.9969e-03 3.0533e-03 3.0955e-03 3.1240e-03 3.1393e-03 0.0000e+00 3.1319e-03 3.1102e-03 3.0771e-03 3.0330e-03 2.9785e-03 2.9141e-03 2.8406e-03 2.7584e-03 2.6682e-03 2.5708e-03 2.4670e-03 2.3574e-03 2.2430e-03 2.1245e-03 2.0029e-03 1.8790e-03 1.7538e-03 1.6281e-03 1.5029e-03 1.3791e-03 1.2575e-03 1.1390e-03 1.0243e-03 9.1426e-04 8.0948e-04 7.1057e-04 6.1803e-04 5.3225e-04 4.5353e-04 3.8206e-04 3.1791e-04 2.6102e-04 2.1122e-04 1.6826e-04 1.3175e-04 1.0125e-04 7.6222e-05 5.6096e-05 4.0263e-05 2.8106e-05 1.9020e-05 1.2430e-05 7.8075e-06 4.6866e-06 2.6686e-06 1.4271e-06 7.0667e-07 3.1678e-07 1.2330e-07 3.7663e-08 5.6253e-09 -3.1005e-09 -3.5768e-09 -2.1871e-09 -1.0115e-09 -3.7851e-10 -1.1612e-10 -2.8990e-11 -5.7765e-12 -8.9225e-13 -1.0275e-13 -8.3899e-15 -4.5556e-16 -1.5160e-17 -2.7847e-19 -2.4656e-21 -8.8139e-24 -1.0054e-26 -2.6653e-30 -1.0621e-34 -3.4534e-40 -3.8089e-47 -3.8938e-56 -5.0861e-68 -3.6447e-84 -7.5633e-107 -4.3094e-140 -1.4910e-191 -2.7314e-277 0.0000e+00 0.0000e+00 0.0000e+00 0.0000e+00
