4.7193e-12 -5.0113e-12 -1.3832e-11 -2.8458e-11 -4.9859e-11 -7.8930e-11 -1.1653e-10 -1.6350e-10 -2.2070e-10 -2.8899e-10 -3.6926e-10 -4.6244e-10 -5.6951e-10 -6.9150e-10 -8.2949e-10 -9.8465e-10 -1.1582e-09 -1.3515e-09 -1.5658e-09 -1.8027e-09 -2.0638e-09 -2.3506e-09 -2.6650e-09 -3.0086e-09 -3.3833e-09 -3.7910e-09 -4.2333e-09 -4.7122e-09 -5.2290e-09 -5.7850e-09 -6.3810e-09 -7.0173e-09 -7.6930e-09 -8.4064e-09 -9.1540e-09 -9.9304e-09 -1.0728e-08 -1.1534e-08 -1.2335e-08 -1.3110e-08 -1.3834e-08 -1.4476e-08 -1.4998e-08 -1.5359e-08 -1.5510e-08 -1.5405e-08 -1.4999e-08 -1.4259e-08 -1.3171e-08 -1.1752e-08 -1.0056e-08 -8.1785e-09 -6.2538e-09 -4.4364e-09 -2.8717e-09 -1.6618e-09 -8.3815e-10 -3.5693e-10 -1.2335e-10 -3.2909e-11 -6.3656e-12 -8.2423e-13 -6.4541e-14 -2.6835e-15 -5.0108e-17 -3.3826e-19 -6.2217e-22 -2.1518e-25 -8.5714e-30 -2.0474e-35 -1.2214e-42 -5.5585e-52 -3.8161e-64 -4.2203e-80 -3.3171e-101 -2.2636e-129 -2.4736e-167 -4.7334e-219 -2.3773e-290 0.0000e+00 0.0000e+00 0.0000e+00 0.0000e+00 0.0000e+00 0.0000e+00 0.0000e+00 0.0000e+00 0.0000e+00 0.0000e+00 0.0000e+00 0.0000e+00 0.0000e+00 0.0000e+00 0.0000e+00 0.0000e+00 0.0000e+00 0.0000e+00 0.0000e+00 0.0000e+00 0.0000e+00 0.0000e+00 5.0113e-12 1.3832e-11 2.8458e-11 4.9859e-11 7.8930e-11 1.1653e-10 1.6350e-10 2.2070e-10 2.8899e-10 3.6926e-10 4.6244e-10 5.6951e-10 6.9150e-10 8.2949e-10 9.8465e-10 1.1582e-09 1.3515e-09 1.5658e-09 1.8027e-09 2.0638e-09 2.3506e-09 2.6650e-09 3.0086e-09 3.3833e-09 3.7910e-09 4.2333e-09 4.7122e-09 5.2290e-09 5.7850e-09 6.3810e-09 7.0173e-09 7.6930e-09 8.4064e-09 9.1540e-09 9.9304e-09 1.0728e-08 1.1534e-08 1.2335e-08 1.3110e-08 1.3834e-08 1.4476e-08 1.4998e-08 1.5359e-08 1.5510e-08 1.5405e-08 1.4999e-08 1.4259e-08 1.3171e-08 1.1752e-08 1.0056e-08 8.1785e-09 6.2538e-09 4.4364e-09 2.8717e-09 1.6618e-09 8.3815e-10 3.5693e-10 1.2335e-10 3.2909e-11 6.3656e-12 8.2423e-13 6.4541e-14 2.6835e-15 5.0108e-17 3.3826e-19 6.2217e-22 2.1518e-25 8.5714e-30 2.0474e-35 1.2214e-42 5.5585e-52 3.8161e-64 4.2203e-80 3.3171e-101 2.2636e-129 2.4736e-167 4.7334e-219 2.3773e-290 0.0000e+00 0.0000e+00 0.0000e+00 0.0000e+00 0.0000e+00 0.0000e+00 0.0000e+00 0.0000e+00 0.0000e+00 0.0000e+00 0.0000e+00 0.0000e+00 0.0000e+00 0.0000e+00 0.0000e+00 0.0000e+00 0.0000e+00 0.0000e+00 0.0000e+00 0.0000e+00 0.0000e+00
-5.0113e-12 2.1651e-09 -7.8320e-11 -1.6114e-10 -2.8232e-10 -4.4693e-10 -6.5983e-10 -9.2581e-10 -1.2497e-09 -1.6363e-09 -2.0909e-09 -2.6185e-09 -3.2248e-09 -3.9155e-09 -4.6969e-09 -5.5754e-09 -6.5581e-09 -7.6524e-09 -8.8661e-09 -1.0208e-08 -1.1686e-08 -1.3310e-08 -1.5090e-08 -1.7036e-08 -1.9157e-08 -2.1466e-08 -2.3971e-08 -2.6682e-08 -2.9608e-08 -3.2757e-08 -3.6132e-08 -3.9734e-08 -4.3560e-08 -4.7600e-08 -5.1833e-08 -5.6229e-08 -6.0743e-08 -6.5310e-08 -6.9844e-08 -7.4232e-08 -7.8332e-08 -8.1967e-08 -8.4926e-08 -8.6966e-08 -8.7824e-08 -8.7228e-08 -8.4928e-08 -8.0738e-08 -7.4581e-08 -6.6546e-08 -5.6940e-08 -4.6309e-08 -3.5411e-08 -2.5120e-08 -1.6261e-08 -9.4098e-09 -4.7459e-09 -2.0210e-09 -6.9843e-10 -1.8634e-10 -3.6044e-11 -4.6670e-12 -3.6545e-13 -1.5195e-14 -2.8373e-16 -1.9153e-18 -3.5230e-21 -1.2184e-24 -4.8534e-29 -1.1593e-34 -6.9161e-42 -3.1474e-51 -2.1608e-63 -2.3897e-79 -1.8782e-100 -1.2817e-128 -1.4006e-166 -2.6802e-218 -1.3461e-289 0.0000e+00 0.0000e+00 0.0000e+00 0.0000e+00 0.0000e+00 0.0000e+00 0.0000e+00 0.0000e+00 0.0000e+00 0.0000e+00 0.0000e+00 0.0000e+00 0.0000e+00 0.0000e+00 0.0000e+00 0.0000e+00 0.0000e+00 0.0000e+00 0.0000e+00 0.0000e+00 0.0000e+00 5.0113e-12 0.0000e+00 7.8320e-11 1.6114e-10 2.8232e-10 4.4693e-10 6.5983e-10 9.2581e-10 1.2497e-09 1.6363e-09 2.0909e-09 2.6185e-09 3.2248e-09 3.9155e-09 4.6969e-09 5.5754e-09 6.5581e-09 7.6524e-09 8.8661e-09 1.0208e-08 1.1686e-08 1.3310e-08 1.5090e-08 1.7036e-08 1.9157e-08 2.1466e-08 2.3971e-08 2.6682e-08 2.9608e-08 3.2757e-08 3.6132e-08 3.9734e-08 4.3560e-08 4.7600e-08 5.1833e-08 5.6229e-08 6.0743e-08 6.5310e-08 6.9844e-08 7.4232e-08 7.8332e-08 8.1967e-08 8.4926e-08 8.6966e-08 8.7824e-08 8.7228e-08 8.4928e-08 8.0738e-08 7.4581e-08 6.6546e-08 5.6940e-08 4.6309e-08 3.5411e-08 2.5120e-08 1.6261e-08 9.4098e-09 4.7459e-09 2.0210e-09 6.9843e-10 1.8634e-10 3.6044e-11 4.6670e-12 3.6545e-13 1.5195e-14 2.8373e-16 1.9153e-18 3.5230e-21 1.2184e-24 4.8534e-29 1.1593e-34 6.9161e-42 3.1474e-51 2.1608e-63 2.3897e-79 1.8782e-100 1.2817e-128 1.4006e-166 2.6802e-218 1.3461e-289 0.0000e+00 0.0000e+00 0.0000e+00 0.0000e+00 0.0000e+00 0.0000e+00 0.0000e+00 0.0000e+00 0.0000e+00 0.0000e+00 0.0000e+00 0.0000e+00 0.0000e+00 0.0000e+00 0.0000e+00 0.0000e+00 0.0000e+00 0.0000e+00 0.0000e+00 0.0000e+00 0.0000e+00
-1.3832e-11 -7.8320e-11 3.4537e-09 -4.4476e-10 -7.7923e-10 -1.2336e-09 -1.8212e-09 -2.5554e-09 -3.4493e-09 -4.5165e-09 -5.7710e-09 -7.2273e-09 -8.9007e-09 -1.0807e-08 -1.2964e-08 -1.5389e-08 -1.8101e-08 -2.1122e-08 -2.4472e-08 -2.8175e-08 -3.2255e-08 -3.6737e-08 -4.1650e-08 -4.7020e-08 -5.2877e-08 -5.9248e-08 -6.6162e-08 -7.3645e-08 -8.1722e-08 -9.0412e-08 -9.9728e-08 -1.0967e-07 -1.2023e-07 -1.3138e-07 -1.4307e-07 -1.5520e-07 -1.6766e-07 -1.8026e-07 -1.9278e-07 -2.0489e-07 -2.1621e-07 -2.2624e-07 -2.3441e-07 -2.4004e-07 -2.4240e-07 -2.4076e-07 -2.3441e-07 -2.2285e-07 -2.0585e-07 -1.8367e-07 -1.5716e-07 -1.2782e-07 -9.7740e-08 -6.9335e-08 -4.4881e-08 -2.5972e-08 -1.3099e-08 -5.5783e-09 -1.9278e-09 -5.1433e-10 -9.9486e-11 -1.2882e-11 -1.0087e-12 -4.1940e-14 -7.8313e-16 -5.2865e-18 -9.7238e-21 -3.3630e-24 -1.3396e-28 -3.1999e-34 -1.9089e-41 -8.6872e-51 -5.9640e-63 -6.5959e-79 -5.1842e-100 -3.5377e-128 -3.8659e-166 -7.3978e-218 -3.7155e-289 0.0000e+00 0.0000e+00 0.0000e+00 0.0000e+00 0.0000e+00 0.0000e+00 0.0000e+00 0.0000e+00 0.0000e+00 0.0000e+00 0.0000e+00 0.0000e+00 0.0000e+00 0.0000e+00 0.0000e+00 0.0000e+00 0.0000e+00 0.0000e+00 0.0000e+00 0.0000e+00 0.0000e+00 1.3832e-11 7.8320e-11 0.0000e+00 4.4476e-10 7.7923e-10 1.2336e-09 1.8212e-09 2.5554e-09 3.4493e-09 4.5165e-09 5.7710e-09 7.2273e-09 8.9007e-09 1.0807e-08 1.2964e-08 1.5389e-08 1.8101e-08 2.1122e-08 2.4472e-08 2.8175e-08 3.2255e-08 3.6737e-08 4.1650e-08 4.7020e-08 5.2877e-08 5.9248e-08 6.6162e-08 7.3645e-08 8.1722e-08 9.0412e-08 9.9728e-08 1.0967e-07 1.2023e-07 1.3138e-07 1.4307e-07 1.5520e-07 1.6766e-07 1.8026e-07 1.9278e-07 2.0489e-07 2.1621e-07 2.2624e-07 2.3441e-07 2.4004e-07 2.4240e-07 2.4076e-07 2.3441e-07 2.2285e-07 2.0585e-07 1.8367e-07 1.5716e-07 1.2782e-07 9.7740e-08 6.9335e-08 4.4881e-08 2.5972e-08 1.3099e-08 5.5783e-09 1.9278e-09 5.1433e-10 9.9486e-11 1.2882e-11 1.0087e-12 4.1940e-14 7.8313e-16 5.2865e-18 9.7238e-21 3.3630e-24 1.3396e-28 3.1999e-34 1.9089e-41 8.6872e-51 5.9640e-63 6.5959e-79 5.1841e-100 3.5377e-128 3.8659e-166 7.3977e-218 3.7155e-289 0.0000e+00 0.0000e+00 0.0000e+00 0.0000e+00 0.0000e+00 0.0000e+00 0.0000e+00 0.0000e+00 0.0000e+00 0.0000e+00 0.0000e+00 0.0000e+00 0.0000e+00 0.0000e+00 0.0000e+00 0.0000e+00 0.0000e+00 0.0000e+00 0.0000e+00 0.0000e+00 0.0000e+00
-2.8458e-11 -1.6114e-10 -4.4476e-10 1.9675e-08 -1.6032e-09 -2.5380e-09 -3.7470e-09 -5.2575e-09 -7.0967e-09 -9.2925e-09 -1.1874e-08 -1.4870e-08 -1.8313e-08 -2.2235e-08 -2.6673e-08 -3.1662e-08 -3.7242e-08 -4.3457e-08 -5.0349e-08 -5.7968e-08 -6.6362e-08 -7.5585e-08 -8.5693e-08 -9.6742e-08 -1.0879e-07 -1.2190e-07 -1.3612e-07 -1.5152e-07 -1.6814e-07 -1.8602e-07 -2.0518e-07 -2.2564e-07 -2.4737e-07 -2.7031e-07 -2.9435e-07 -3.1932e-07 -3.4495e-07 -3.7088e-07 -3.9663e-07 -4.2155e-07 -4.4484e-07 -4.6548e-07 -4.8228e-07 -4.9387e-07 -4.9874e-07 -4.9535e-07 -4.8229e-07 -4.5850e-07 -4.2353e-07 -3.7790e-07 -3.2335e-07 -2.6298e-07 -2.0109e-07 -1.4265e-07 -9.2341e-08 -5.3437e-08 -2.6951e-08 -1.1477e-08 -3.9663e-09 -1.0582e-09 -2.0469e-10 -2.6503e-11 -2.0753e-12 -8.6289e-14 -1.6113e-15 -1.0877e-17 -2.0006e-20 -6.9193e-24 -2.7562e-28 -6.5837e-34 -3.9276e-41 -1.7874e-50 -1.2271e-62 -1.3571e-78 -1.0666e-99 -7.2789e-128 -7.9543e-166 -1.5222e-217 -7.6452e-289 0.0000e+00 0.0000e+00 0.0000e+00 0.0000e+00 0.0000e+00 0.0000e+00 0.0000e+00 0.0000e+00 0.0000e+00 0.0000e+00 0.0000e+00 0.0000e+00 0.0000e+00 0.0000e+00 0.0000e+00 0.0000e+00 0.0000e+00 0.0000e+00 0.0000e+00 0.0000e+00 0.0000e+00 2.8458e-11 1.6114e-10 4.4476e-10 0.0000e+00 1.6032e-09 2.5380e-09 3.7470e-09 5.2575e-09 7.0967e-09 9.2925e-09 1.1874e-08 1.4870e-08 1.8313e-08 2.2235e-08 2.6673e-08 3.1662e-08 3.7242e-08 4.3457e-08 5.0349e-08 5.7968e-08 6.6362e-08 7.5585e-08 8.5693e-08 9.6742e-08 1.0879e-07 1.2190e-07 1.3612e-07 1.5152e-07 1.6814e-07 1.8602e-07 2.0518e-07 2.2564e-07 2.4737e-07 2.7031e-07 2.9435e-07 3.1932e-07 3.4495e-07 3.7088e-07 3.9663e-07 4.2155e-07 4.4484e-07 4.6548e-07 4.8228e-07 4.9387e-07 4.9874e-07 4.9535e-07 4.8229e-07 4.5850e-07 4.2353e-07 3.7790e-07 3.2335e-07 2.6298e-07 2.0109e-07 1.4265e-07 9.2341e-08 5.3437e-08 2.6951e-08 1.1477e-08 3.9663e-09 1.0582e-09 2.0469e-10 2.6503e-11 2.0753e-12 8.6289e-14 1.6113e-15 1.0877e-17 2.0006e-20 6.9193e-24 2.7561e-28 6.5836e-34 3.9275e-41 1.7873e-50 1.2271e-62 1.3571e-78 1.0666e-99 7.2786e-128 7.9538e-166 1.5220e-217 7.6444e-289 0.0000e+00 0.0000e+00 0.0000e+00 0.0000e+00 0.0000e+00 0.0000e+00 0.0000e+00 0.0000e+00 0.0000e+00 0.0000e+00 0.0000e+00 0.0000e+00 0.0000e+00 0.0000e+00 0.0000e+00 0.0000e+00 0.0000e+00 0.0000e+00 0.0000e+00 0.0000e+00 0.0000e+00
-4.9859e-11 -2.8232e-10 -7.7923e-10 -1.6032e-09 7.5344e-08 -4.4466e-09 -6.5649e-09 -9.2112e-09 -1.2434e-08 -1.6281e-08 -2.0803e-08 -2.6052e-08 -3.2084e-08 -3.8957e-08 -4.6731e-08 -5.5472e-08 -6.5249e-08 -7.6137e-08 -8.8212e-08 -1.0156e-07 -1.1627e-07 -1.3243e-07 -1.5014e-07 -1.6949e-07 -1.9060e-07 -2.1357e-07 -2.3849e-07 -2.6547e-07 -2.9458e-07 -3.2591e-07 -3.5949e-07 -3.9533e-07 -4.3340e-07 -4.7359e-07 -5.1571e-07 -5.5945e-07 -6.0435e-07 -6.4979e-07 -6.9490e-07 -7.3857e-07 -7.7936e-07 -8.1552e-07 -8.4496e-07 -8.6526e-07 -8.7379e-07 -8.6786e-07 -8.4498e-07 -8.0330e-07 -7.4203e-07 -6.6209e-07 -5.6652e-07 -4.6075e-07 -3.5232e-07 -2.4993e-07 -1.6178e-07 -9.3622e-08 -4.7219e-08 -2.0108e-08 -6.9490e-09 -1.8540e-09 -3.5862e-10 -4.6435e-11 -3.6360e-12 -1.5118e-13 -2.8230e-15 -1.9056e-17 -3.5052e-20 -1.2123e-23 -4.8290e-28 -1.1535e-33 -6.8814e-41 -3.1316e-50 -2.1500e-62 -2.3778e-78 -1.8690e-99 -1.2754e-127 -1.3938e-165 -2.6674e-217 -1.3398e-288 0.0000e+00 0.0000e+00 0.0000e+00 0.0000e+00 0.0000e+00 0.0000e+00 0.0000e+00 0.0000e+00 0.0000e+00 0.0000e+00 0.0000e+00 0.0000e+00 0.0000e+00 0.0000e+00 0.0000e+00 0.0000e+00 0.0000e+00 0.0000e+00 0.0000e+00 0.0000e+00 0.0000e+00 4.9859e-11 2.8232e-10 7.7923e-10 1.6032e-09 0.0000e+00 4.4466e-09 6.5649e-09 9.2112e-09 1.2434e-08 1.6281e-08 2.0803e-08 2.6052e-08 3.2084e-08 3.8957e-08 4.6731e-08 5.5472e-08 6.5249e-08 7.6137e-08 8.8212e-08 1.0156e-07 1.1627e-07 1.3243e-07 1.5014e-07 1.6949e-07 1.9060e-07 2.1357e-07 2.3849e-07 2.6547e-07 2.9458e-07 3.2591e-07 3.5949e-07 3.9533e-07 4.3340e-07 4.7359e-07 5.1571e-07 5.5945e-07 6.0435e-07 6.4979e-07 6.9490e-07 7.3857e-07 7.7936e-07 8.1552e-07 8.4496e-07 8.6526e-07 8.7379e-07 8.6786e-07 8.4498e-07 8.0330e-07 7.4203e-07 6.6209e-07 5.6652e-07 4.6075e-07 3.5232e-07 2.4993e-07 1.6178e-07 9.3622e-08 4.7218e-08 2.0108e-08 6.9489e-09 1.8540e-09 3.5861e-10 4.6434e-11 3.6360e-12 1.5118e-13 2.8229e-15 1.9056e-17 3.5051e-20 1.2123e-23 4.8288e-28 1.1535e-33 6.8811e-41 3.1314e-50 2.1498e-62 2.3776e-78 1.8687e-99 1.2752e-127 1.3935e-165 2.6666e-217 1.3393e-288 0.0000e+00 0.0000e+00 0.0000e+00 0.0000e+00 0.0000e+00 0.0000e+00 0.0000e+00 0.0000e+00 0.0000e+00 0.0000e+00 0.0000e+00 0.0000e+00 0.0000e+00 0.0000e+00 0.0000e+00 0.0000e+00 0.0000e+00 0.0000e+00 0.0000e+00 0.0000e+00 0.0000e+00
-7.8930e-11 -4.4693e-10 -1.2336e-09 -2.5380e-09 -4.4466e-09 2.2618e-07 -1.0393e-08 -1.4582e-08 -1.9683e-08 -2.5773e-08 -3.2932e-08 -4.1242e-08 -5.0791e-08 -6.1671e-08 -7.3978e-08 -8.7815e-08 -1.0329e-07 -1.2053e-07 -1.3965e-07 -1.6078e-07 -1.8406e-07 -2.0964e-07 -2.3767e-07 -2.6832e-07 -3.0174e-07 -3.3809e-07 -3.7755e-07 -4.2025e-07 -4.6634e-07 -5.1593e-07 -5.6909e-07 -6.2583e-07 -6.8610e-07 -7.4972e-07 -8.1640e-07 -8.8564e-07 -9.5673e-07 -1.0287e-06 -1.1001e-06 -1.1692e-06 -1.2338e-06 -1.2910e-06 -1.3376e-06 -1.3698e-06 -1.3833e-06 -1.3739e-06 -1.3377e-06 -1.2717e-06 -1.1747e-06 -1.0481e-06 -8.9683e-07 -7.2939e-07 -5.5775e-07 -3.9566e-07 -2.5611e-07 -1.4821e-07 -7.4750e-08 -3.1833e-08 -1.1001e-08 -2.9351e-09 -5.6772e-10 -7.3510e-11 -5.7562e-12 -2.3933e-13 -4.4691e-15 -3.0169e-17 -5.5492e-20 -1.9192e-23 -7.6450e-28 -1.8262e-33 -1.0895e-40 -4.9582e-50 -3.4041e-62 -3.7650e-78 -2.9595e-99 -2.0198e-127 -2.2075e-165 -4.2252e-217 -2.1227e-288 0.0000e+00 0.0000e+00 0.0000e+00 0.0000e+00 0.0000e+00 0.0000e+00 0.0000e+00 0.0000e+00 0.0000e+00 0.0000e+00 0.0000e+00 0.0000e+00 0.0000e+00 0.0000e+00 0.0000e+00 0.0000e+00 0.0000e+00 0.0000e+00 0.0000e+00 0.0000e+00 0.0000e+00 7.8930e-11 4.4693e-10 1.2336e-09 2.5380e-09 4.4466e-09 0.0000e+00 1.0393e-08 1.4582e-08 1.9683e-08 2.5773e-08 3.2932e-08 4.1242e-08 5.0791e-08 6.1671e-08 7.3978e-08 8.7815e-08 1.0329e-07 1.2053e-07 1.3965e-07 1.6078e-07 1.8406e-07 2.0964e-07 2.3767e-07 2.6832e-07 3.0174e-07 3.3809e-07 3.7755e-07 4.2025e-07 4.6634e-07 5.1593e-07 5.6909e-07 6.2583e-07 6.8610e-07 7.4972e-07 8.1640e-07 8.8564e-07 9.5673e-07 1.0287e-06 1.1001e-06 1.1692e-06 1.2338e-06 1.2910e-06 1.3376e-06 1.3698e-06 1.3833e-06 1.3739e-06 1.3377e-06 1.2717e-06 1.1747e-06 1.0481e-06 8.9683e-07 7.2939e-07 5.5775e-07 3.9566e-07 2.5611e-07 1.4821e-07 7.4750e-08 3.1832e-08 1.1001e-08 2.9350e-09 5.6771e-10 7.3508e-11 5.7560e-12 2.3933e-13 4.4689e-15 3.0167e-17 5.5488e-20 1.9191e-23 7.6443e-28 1.8260e-33 1.0893e-40 4.9573e-50 3.4033e-62 3.7639e-78 2.9583e-99 2.0188e-127 2.2060e-165 4.2215e-217 2.1202e-288 0.0000e+00 0.0000e+00 0.0000e+00 0.0000e+00 0.0000e+00 0.0000e+00 0.0000e+00 0.0000e+00 0.0000e+00 0.0000e+00 0.0000e+00 0.0000e+00 0.0000e+00 0.0000e+00 0.0000e+00 0.0000e+00 0.0000e+00 0.0000e+00 0.0000e+00 0.0000e+00 0.0000e+00
-1.1653e-10 -6.5983e-10 -1.8212e-09 -3.7470e-09 -6.5649e-09 -1.0393e-08 5.7396e-07 -2.1528e-08 -2.9060e-08 -3.8051e-08 -4.8620e-08 -6.0889e-08 -7.4987e-08 -9.1049e-08 -1.0922e-07 -1.2965e-07 -1.5250e-07 -1.7795e-07 -2.0617e-07 -2.3736e-07 -2.7174e-07 -3.0951e-07 -3.5089e-07 -3.9614e-07 -4.4548e-07 -4.9915e-07 -5.5740e-07 -6.2045e-07 -6.8850e-07 -7.6171e-07 -8.4019e-07 -9.2396e-07 -1.0129e-06 -1.1069e-06 -1.2053e-06 -1.3075e-06 -1.4125e-06 -1.5187e-06 -1.6241e-06 -1.7262e-06 -1.8215e-06 -1.9060e-06 -1.9748e-06 -2.0223e-06 -2.0422e-06 -2.0284e-06 -1.9749e-06 -1.8775e-06 -1.7343e-06 -1.5474e-06 -1.3241e-06 -1.0769e-06 -8.2345e-07 -5.8414e-07 -3.7812e-07 -2.1881e-07 -1.1036e-07 -4.6997e-08 -1.6241e-08 -4.3333e-09 -8.3819e-10 -1.0853e-10 -8.4986e-12 -3.5336e-13 -6.5984e-15 -4.4543e-17 -8.1934e-20 -2.8338e-23 -1.1288e-27 -2.6966e-33 -1.6088e-40 -7.3222e-50 -5.0276e-62 -5.5611e-78 -4.3719e-99 -2.9843e-127 -3.2624e-165 -6.2463e-217 -3.1395e-288 0.0000e+00 0.0000e+00 0.0000e+00 0.0000e+00 0.0000e+00 0.0000e+00 0.0000e+00 0.0000e+00 0.0000e+00 0.0000e+00 0.0000e+00 0.0000e+00 0.0000e+00 0.0000e+00 0.0000e+00 0.0000e+00 0.0000e+00 0.0000e+00 0.0000e+00 0.0000e+00 0.0000e+00 1.1653e-10 6.5983e-10 1.8212e-09 3.7470e-09 6.5649e-09 1.0393e-08 0.0000e+00 2.1528e-08 2.9060e-08 3.8051e-08 4.8620e-08 6.0889e-08 7.4987e-08 9.1049e-08 1.0922e-07 1.2965e-07 1.5250e-07 1.7795e-07 2.0617e-07 2.3736e-07 2.7174e-07 3.0951e-07 3.5089e-07 3.9614e-07 4.4548e-07 4.9915e-07 5.5740e-07 6.2045e-07 6.8850e-07 7.6171e-07 8.4019e-07 9.2396e-07 1.0129e-06 1.1069e-06 1.2053e-06 1.3075e-06 1.4125e-06 1.5187e-06 1.6241e-06 1.7262e-06 1.8215e-06 1.9060e-06 1.9748e-06 2.0223e-06 2.0422e-06 2.0283e-06 1.9749e-06 1.8775e-06 1.7343e-06 1.5474e-06 1.3241e-06 1.0769e-06 8.2344e-07 5.8414e-07 3.7812e-07 2.1881e-07 1.1036e-07 4.6996e-08 1.6241e-08 4.3332e-09 8.3815e-10 1.0853e-10 8.4980e-12 3.5333e-13 6.5977e-15 4.4538e-17 8.1921e-20 2.8333e-23 1.1286e-27 2.6959e-33 1.6082e-40 7.3188e-50 5.0246e-62 5.5569e-78 4.3675e-99 2.9804e-127 3.2569e-165 6.2325e-217 3.1302e-288 0.0000e+00 0.0000e+00 0.0000e+00 0.0000e+00 0.0000e+00 0.0000e+00 0.0000e+00 0.0000e+00 0.0000e+00 0.0000e+00 0.0000e+00 0.0000e+00 0.0000e+00 0.0000e+00 0.0000e+00 0.0000e+00 0.0000e+00 0.0000e+00 0.0000e+00 0.0000e+00 0.0000e+00
-1.6350e-10 -9.2581e-10 -2.5554e-09 -5.2575e-09 -9.2112e-09 -1.4582e-08 -2.1528e-08 1.2883e-06 -4.0774e-08 -5.3389e-08 -6.8219e-08 -8.5434e-08 -1.0521e-07 -1.2775e-07 -1.5325e-07 -1.8191e-07 -2.1397e-07 -2.4968e-07 -2.8928e-07 -3.3305e-07 -3.8128e-07 -4.3427e-07 -4.9234e-07 -5.5582e-07 -6.2505e-07 -7.0036e-07 -7.8209e-07 -8.7056e-07 -9.6603e-07 -1.0688e-06 -1.1789e-06 -1.2964e-06 -1.4213e-06 -1.5531e-06 -1.6912e-06 -1.8346e-06 -1.9819e-06 -2.1309e-06 -2.2788e-06 -2.4220e-06 -2.5558e-06 -2.6744e-06 -2.7709e-06 -2.8375e-06 -2.8655e-06 -2.8460e-06 -2.7710e-06 -2.6343e-06 -2.4334e-06 -2.1712e-06 -1.8578e-06 -1.5110e-06 -1.1554e-06 -8.1963e-07 -5.3055e-07 -3.0703e-07 -1.5485e-07 -6.5945e-08 -2.2789e-08 -6.0804e-09 -1.1761e-09 -1.5229e-10 -1.1925e-11 -4.9586e-13 -9.2594e-15 -6.2509e-17 -1.1498e-19 -3.9771e-23 -1.5844e-27 -3.7851e-33 -2.2584e-40 -1.0280e-49 -7.0595e-62 -7.8103e-78 -6.1417e-99 -4.1939e-127 -4.5871e-165 -8.7885e-217 -4.4213e-288 0.0000e+00 0.0000e+00 0.0000e+00 0.0000e+00 0.0000e+00 0.0000e+00 0.0000e+00 0.0000e+00 0.0000e+00 0.0000e+00 0.0000e+00 0.0000e+00 0.0000e+00 0.0000e+00 0.0000e+00 0.0000e+00 0.0000e+00 0.0000e+00 0.0000e+00 0.0000e+00 0.0000e+00 1.6350e-10 9.2581e-10 2.5554e-09 5.2575e-09 9.2112e-09 1.4582e-08 2.1528e-08 0.0000e+00 4.0774e-08 5.3389e-08 6.8219e-08 8.5434e-08 1.0521e-07 1.2775e-07 1.5325e-07 1.8191e-07 2.1397e-07 2.4968e-07 2.8928e-07 3.3305e-07 3.8128e-07 4.3427e-07 4.9234e-07 5.5582e-07 6.2505e-07 7.0036e-07 7.8209e-07 8.7056e-07 9.6603e-07 1.0688e-06 1.1789e-06 1.2964e-06 1.4213e-06 1.5531e-06 1.6912e-06 1.8346e-06 1.9819e-06 2.1309e-06 2.2788e-06 2.4220e-06 2.5558e-06 2.6744e-06 2.7709e-06 2.8375e-06 2.8655e-06 2.8460e-06 2.7710e-06 2.6343e-06 2.4334e-06 2.1712e-06 1.8578e-06 1.5109e-06 1.1554e-06 8.1961e-07 5.3054e-07 3.0702e-07 1.5484e-07 6.5941e-08 2.2788e-08 6.0799e-09 1.1760e-09 1.5227e-10 1.1924e-11 4.9577e-13 9.2573e-15 6.2491e-17 1.1494e-19 3.9754e-23 1.5835e-27 3.7826e-33 2.2565e-40 1.0269e-49 7.0500e-62 7.7969e-78 6.1281e-99 4.1819e-127 4.5698e-165 8.7448e-217 4.3920e-288 0.0000e+00 0.0000e+00 0.0000e+00 0.0000e+00 0.0000e+00 0.0000e+00 0.0000e+00 0.0000e+00 0.0000e+00 0.0000e+00 0.0000e+00 0.0000e+00 0.0000e+00 0.0000e+00 0.0000e+00 0.0000e+00 0.0000e+00 0.0000e+00 0.0000e+00 0.0000e+00 0.0000e+00
-2.2070e-10 -1.2497e-09 -3.4493e-09 -7.0967e-09 -1.2434e-08 -1.9683e-08 -2.9060e-08 -4.0774e-08 2.6334e-06 -7.2066e-08 -9.2084e-08 -1.1532e-07 -1.4202e-07 -1.7244e-07 -2.0685e-07 -2.4555e-07 -2.8883e-07 -3.3702e-07 -3.9047e-07 -4.4956e-07 -5.1466e-07 -5.8619e-07 -6.6458e-07 -7.5027e-07 -8.4371e-07 -9.4537e-07 -1.0557e-06 -1.1751e-06 -1.3040e-06 -1.4426e-06 -1.5913e-06 -1.7499e-06 -1.9185e-06 -2.0964e-06 -2.2828e-06 -2.4764e-06 -2.6752e-06 -2.8763e-06 -3.0760e-06 -3.2693e-06 -3.4499e-06 -3.6099e-06 -3.7403e-06 -3.8301e-06 -3.8679e-06 -3.8416e-06 -3.7404e-06 -3.5559e-06 -3.2847e-06 -2.9308e-06 -2.5078e-06 -2.0396e-06 -1.5596e-06 -1.1064e-06 -7.1618e-07 -4.1445e-07 -2.0903e-07 -8.9019e-08 -3.0764e-08 -8.2082e-09 -1.5877e-09 -2.0559e-10 -1.6100e-11 -6.6945e-13 -1.2502e-14 -8.4400e-17 -1.5526e-19 -5.3708e-23 -2.1398e-27 -5.1127e-33 -3.0511e-40 -1.3891e-49 -9.5424e-62 -1.0561e-77 -8.3094e-99 -5.6780e-127 -6.2161e-165 -1.1925e-216 -6.0094e-288 0.0000e+00 0.0000e+00 0.0000e+00 0.0000e+00 0.0000e+00 0.0000e+00 0.0000e+00 0.0000e+00 0.0000e+00 0.0000e+00 0.0000e+00 0.0000e+00 0.0000e+00 0.0000e+00 0.0000e+00 0.0000e+00 0.0000e+00 0.0000e+00 0.0000e+00 0.0000e+00 0.0000e+00 2.2070e-10 1.2497e-09 3.4493e-09 7.0967e-09 1.2434e-08 1.9683e-08 2.9060e-08 4.0774e-08 0.0000e+00 7.2066e-08 9.2084e-08 1.1532e-07 1.4202e-07 1.7244e-07 2.0685e-07 2.4555e-07 2.8883e-07 3.3702e-07 3.9047e-07 4.4956e-07 5.1466e-07 5.8619e-07 6.6458e-07 7.5027e-07 8.4371e-07 9.4537e-07 1.0557e-06 1.1751e-06 1.3040e-06 1.4426e-06 1.5913e-06 1.7499e-06 1.9185e-06 2.0964e-06 2.2828e-06 2.4764e-06 2.6752e-06 2.8763e-06 3.0760e-06 3.2693e-06 3.4498e-06 3.6099e-06 3.7402e-06 3.8301e-06 3.8679e-06 3.8416e-06 3.7403e-06 3.5558e-06 3.2846e-06 2.9307e-06 2.5077e-06 2.0395e-06 1.5596e-06 1.1063e-06 7.1613e-07 4.1442e-07 2.0901e-07 8.9009e-08 3.0760e-08 8.2068e-09 1.5874e-09 2.0554e-10 1.6095e-11 6.6920e-13 1.2496e-14 8.4352e-17 1.5515e-19 5.3661e-23 2.1375e-27 5.1058e-33 3.0459e-40 1.3861e-49 9.5163e-62 1.0524e-77 8.2719e-99 5.6448e-127 6.1684e-165 1.1804e-216 5.9285e-288 0.0000e+00 0.0000e+00 0.0000e+00 0.0000e+00 0.0000e+00 0.0000e+00 0.0000e+00 0.0000e+00 0.0000e+00 0.0000e+00 0.0000e+00 0.0000e+00 0.0000e+00 0.0000e+00 0.0000e+00 0.0000e+00 0.0000e+00 0.0000e+00 0.0000e+00 0.0000e+00 0.0000e+00
-2.8899e-10 -1.6363e-09 -4.5165e-09 -9.2925e-09 -1.6281e-08 -2.5773e-08 -3.8051e-08 -5.3389e-08 -7.2066e-08 5.0015e-06 -1.2058e-07 -1.5100e-07 -1.8596e-07 -2.2580e-07 -2.7086e-07 -3.2152e-07 -3.7819e-07 -4.4130e-07 -5.1129e-07 -5.8865e-07 -6.7390e-07 -7.6756e-07 -8.7020e-07 -9.8241e-07 -1.1048e-06 -1.2379e-06 -1.3823e-06 -1.5387e-06 -1.7074e-06 -1.8890e-06 -2.0836e-06 -2.2914e-06 -2.5120e-06 -2.7450e-06 -2.9891e-06 -3.2426e-06 -3.5029e-06 -3.7663e-06 -4.0278e-06 -4.2809e-06 -4.5173e-06 -4.7269e-06 -4.8976e-06 -5.0152e-06 -5.0647e-06 -5.0303e-06 -4.8978e-06 -4.6562e-06 -4.3011e-06 -3.8377e-06 -3.2838e-06 -2.6707e-06 -2.0423e-06 -1.4488e-06 -9.3783e-07 -5.4272e-07 -2.7373e-07 -1.1657e-07 -4.0288e-08 -1.0749e-08 -2.0794e-09 -2.6927e-10 -2.1087e-11 -8.7688e-13 -1.6376e-14 -1.1057e-16 -2.0343e-19 -7.0380e-23 -2.8046e-27 -6.7028e-33 -4.0013e-40 -1.8225e-49 -1.2526e-61 -1.3873e-77 -1.0925e-98 -7.4741e-127 -8.1956e-165 -1.5756e-216 -7.9645e-288 0.0000e+00 0.0000e+00 0.0000e+00 0.0000e+00 0.0000e+00 0.0000e+00 0.0000e+00 0.0000e+00 0.0000e+00 0.0000e+00 0.0000e+00 0.0000e+00 0.0000e+00 0.0000e+00 0.0000e+00 0.0000e+00 0.0000e+00 0.0000e+00 0.0000e+00 0.0000e+00 0.0000e+00 2.8899e-10 1.6363e-09 4.5165e-09 9.2925e-09 1.6281e-08 2.5773e-08 3.8051e-08 5.3389e-08 7.2066e-08 0.0000e+00 1.2058e-07 1.5100e-07 1.8596e-07 2.2580e-07 2.7086e-07 3.2152e-07 3.7819e-07 4.4130e-07 5.1129e-07 5.8865e-07 6.7390e-07 7.6756e-07 8.7020e-07 9.8241e-07 1.1048e-06 1.2379e-06 1.3823e-06 1.5387e-06 1.7074e-06 1.8890e-06 2.0836e-06 2.2914e-06 2.5120e-06 2.7450e-06 2.9891e-06 3.2426e-06 3.5029e-06 3.7663e-06 4.0277e-06 4.2808e-06 4.5173e-06 4.7269e-06 4.8975e-06 5.0152e-06 5.0646e-06 5.0302e-06 4.8976e-06 4.6560e-06 4.3009e-06 3.8375e-06 3.2836e-06 2.6705e-06 2.0421e-06 1.4486e-06 9.3771e-07 5.4264e-07 2.7368e-07 1.1655e-07 4.0277e-08 1.0746e-08 2.0786e-09 2.6914e-10 2.1075e-11 8.7625e-13 1.6362e-14 1.1045e-16 2.0316e-19 7.0264e-23 2.7988e-27 6.6856e-33 3.9884e-40 1.8150e-49 1.2461e-61 1.3781e-77 1.0831e-98 7.3913e-127 8.0770e-165 1.5456e-216 7.7628e-288 0.0000e+00 0.0000e+00 0.0000e+00 0.0000e+00 0.0000e+00 0.0000e+00 0.0000e+00 0.0000e+00 0.0000e+00 0.0000e+00 0.0000e+00 0.0000e+00 0.0000e+00 0.0000e+00 0.0000e+00 0.0000e+00 0.0000e+00 0.0000e+00 0.0000e+00 0.0000e+00 0.0000e+00
-3.6926e-10 -2.0909e-09 -5.7710e-09 -1.1874e-08 -2.0803e-08 -3.2932e-08 -4.8620e-08 -6.8219e-08 -9.2084e-08 -1.2058e-07 8.9520e-06 -1.9294e-07 -2.3762e-07 -2.8851e-07 -3.4609e-07 -4.1083e-07 -4.8324e-07 -5.6387e-07 -6.5331e-07 -7.5216e-07 -8.6108e-07 -9.8076e-07 -1.1119e-06 -1.2553e-06 -1.4116e-06 -1.5817e-06 -1.7663e-06 -1.9661e-06 -2.1817e-06 -2.4137e-06 -2.6624e-06 -2.9278e-06 -3.2098e-06 -3.5074e-06 -3.8194e-06 -4.1433e-06 -4.4759e-06 -4.8124e-06 -5.1465e-06 -5.4699e-06 -5.7721e-06 -6.0399e-06 -6.2580e-06 -6.4084e-06 -6.4716e-06 -6.4277e-06 -6.2583e-06 -5.9496e-06 -5.4959e-06 -4.9039e-06 -4.1961e-06 -3.4127e-06 -2.6097e-06 -1.8513e-06 -1.1984e-06 -6.9355e-07 -3.4982e-07 -1.4898e-07 -5.1489e-08 -1.3739e-08 -2.6578e-09 -3.4419e-10 -2.6956e-11 -1.1211e-12 -2.0939e-14 -1.4140e-16 -2.6021e-19 -9.0046e-23 -3.5894e-27 -8.5819e-33 -5.1257e-40 -2.3362e-49 -1.6070e-61 -1.7819e-77 -1.4053e-98 -9.6339e-127 -1.0592e-164 -2.0438e-216 -1.0382e-287 0.0000e+00 0.0000e+00 0.0000e+00 0.0000e+00 0.0000e+00 0.0000e+00 0.0000e+00 0.0000e+00 0.0000e+00 0.0000e+00 0.0000e+00 0.0000e+00 0.0000e+00 0.0000e+00 0.0000e+00 0.0000e+00 0.0000e+00 0.0000e+00 0.0000e+00 0.0000e+00 0.0000e+00 3.6926e-10 2.0909e-09 5.7710e-09 1.1874e-08 2.0803e-08 3.2932e-08 4.8620e-08 6.8219e-08 9.2084e-08 1.2058e-07 0.0000e+00 1.9294e-07 2.3762e-07 2.8851e-07 3.4609e-07 4.1083e-07 4.8324e-07 5.6387e-07 6.5331e-07 7.5216e-07 8.6108e-07 9.8076e-07 1.1119e-06 1.2553e-06 1.4116e-06 1.5817e-06 1.7663e-06 1.9661e-06 2.1817e-06 2.4137e-06 2.6624e-06 2.9278e-06 3.2098e-06 3.5074e-06 3.8194e-06 4.1433e-06 4.4759e-06 4.8124e-06 5.1465e-06 5.4699e-06 5.7720e-06 6.0398e-06 6.2578e-06 6.4082e-06 6.4714e-06 6.4274e-06 6.2580e-06 5.9493e-06 5.4955e-06 4.9035e-06 4.1957e-06 3.4123e-06 2.6093e-06 1.8510e-06 1.1982e-06 6.9337e-07 3.4970e-07 1.4892e-07 5.1464e-08 1.3731e-08 2.6559e-09 3.4389e-10 2.6928e-11 1.1196e-12 2.0907e-14 1.4113e-16 2.5959e-19 8.9781e-23 3.5762e-27 8.5426e-33 5.0962e-40 2.3192e-49 1.5922e-61 1.7609e-77 1.3840e-98 9.4443e-127 1.0320e-164 1.9749e-216 9.9188e-288 0.0000e+00 0.0000e+00 0.0000e+00 0.0000e+00 0.0000e+00 0.0000e+00 0.0000e+00 0.0000e+00 0.0000e+00 0.0000e+00 0.0000e+00 0.0000e+00 0.0000e+00 0.0000e+00 0.0000e+00 0.0000e+00 0.0000e+00 0.0000e+00 0.0000e+00 0.0000e+00 0.0000e+00
-4.6244e-10 -2.6185e-09 -7.2273e-09 -1.4870e-08 -2.6052e-08 -4.1242e-08 -6.0889e-08 -8.5434e-08 -1.1532e-07 -1.5100e-07 -1.9294e-07 1.5260e-05 -2.9758e-07 -3.6132e-07 -4.3343e-07 -5.1450e-07 -6.0518e-07 -7.0617e-07 -8.1817e-07 -9.4197e-07 -1.0784e-06 -1.2283e-06 -1.3925e-06 -1.5720e-06 -1.7678e-06 -1.9809e-06 -2.2120e-06 -2.4622e-06 -2.7323e-06 -3.0228e-06 -3.3342e-06 -3.6667e-06 -4.0198e-06 -4.3926e-06 -4.7832e-06 -5.1889e-06 -5.6054e-06 -6.0269e-06 -6.4453e-06 -6.8503e-06 -7.2287e-06 -7.5642e-06 -7.8373e-06 -8.0257e-06 -8.1049e-06 -8.0499e-06 -7.8379e-06 -7.4513e-06 -6.8832e-06 -6.1418e-06 -5.2554e-06 -4.2743e-06 -3.2686e-06 -2.3188e-06 -1.5011e-06 -8.6873e-07 -4.3819e-07 -1.8662e-07 -6.4503e-08 -1.7213e-08 -3.3301e-09 -4.3130e-10 -3.3783e-11 -1.4052e-12 -2.6252e-14 -1.7732e-16 -3.2642e-19 -1.1300e-22 -4.5068e-27 -1.0782e-32 -6.4453e-40 -2.9408e-49 -2.0257e-61 -2.2502e-77 -1.7789e-98 -1.2233e-126 -1.3506e-164 -2.6208e-216 -1.3415e-287 0.0000e+00 0.0000e+00 0.0000e+00 0.0000e+00 0.0000e+00 0.0000e+00 0.0000e+00 0.0000e+00 0.0000e+00 0.0000e+00 0.0000e+00 0.0000e+00 0.0000e+00 0.0000e+00 0.0000e+00 0.0000e+00 0.0000e+00 0.0000e+00 0.0000e+00 0.0000e+00 0.0000e+00 4.6244e-10 2.6185e-09 7.2273e-09 1.4870e-08 2.6052e-08 4.1242e-08 6.0889e-08 8.5434e-08 1.1532e-07 1.5100e-07 1.9294e-07 0.0000e+00 2.9758e-07 3.6132e-07 4.3343e-07 5.1450e-07 6.0518e-07 7.0617e-07 8.1817e-07 9.4197e-07 1.0784e-06 1.2283e-06 1.3925e-06 1.5720e-06 1.7678e-06 1.9809e-06 2.2120e-06 2.4622e-06 2.7323e-06 3.0228e-06 3.3342e-06 3.6667e-06 4.0198e-06 4.3925e-06 4.7832e-06 5.1889e-06 5.6054e-06 6.0268e-06 6.4452e-06 6.8502e-06 7.2285e-06 7.5639e-06 7.8370e-06 8.0253e-06 8.1044e-06 8.0494e-06 7.8372e-06 7.4506e-06 6.8823e-06 6.1409e-06 5.2544e-06 4.2734e-06 3.2678e-06 2.3181e-06 1.5005e-06 8.6834e-07 4.3795e-07 1.8650e-07 6.4451e-08 1.7196e-08 3.3261e-09 4.3068e-10 3.3724e-11 1.4022e-12 2.6183e-14 1.7675e-16 3.2510e-19 1.1244e-22 4.4787e-27 1.0698e-32 6.3822e-40 2.9044e-49 1.9940e-61 2.2052e-77 1.7332e-98 1.1827e-126 1.2925e-164 2.4732e-216 1.2421e-287 0.0000e+00 0.0000e+00 0.0000e+00 0.0000e+00 0.0000e+00 0.0000e+00 0.0000e+00 0.0000e+00 0.0000e+00 0.0000e+00 0.0000e+00 0.0000e+00 0.0000e+00 0.0000e+00 0.0000e+00 0.0000e+00 0.0000e+00 0.0000e+00 0.0000e+00 0.0000e+00 0.0000e+00
-5.6951e-10 -3.2248e-09 -8.9007e-09 -1.8313e-08 -3.2084e-08 -5.0791e-08 -7.4987e-08 -1.0521e-07 -1.4202e-07 -1.8596e-07 -2.3762e-07 -2.9758e-07 2.4973e-05 -4.4498e-07 -5.3378e-07 -6.3362e-07 -7.4531e-07 -8.6967e-07 -1.0076e-06 -1.1601e-06 -1.3281e-06 -1.5126e-06 -1.7149e-06 -1.9360e-06 -2.1772e-06 -2.4395e-06 -2.7242e-06 -3.0323e-06 -3.3649e-06 -3.7227e-06 -4.1062e-06 -4.5157e-06 -4.9505e-06 -5.4096e-06 -5.8907e-06 -6.3903e-06 -6.9033e-06 -7.4224e-06 -7.9377e-06 -8.4365e-06 -8.9026e-06 -9.3158e-06 -9.6521e-06 -9.8842e-06 -9.9818e-06 -9.9142e-06 -9.6531e-06 -9.1771e-06 -8.4775e-06 -7.5645e-06 -6.4729e-06 -5.2647e-06 -4.0261e-06 -2.8563e-06 -1.8491e-06 -1.0702e-06 -5.3983e-07 -2.2993e-07 -7.9478e-08 -2.1211e-08 -4.1042e-09 -5.3165e-10 -4.1652e-11 -1.7330e-12 -3.2385e-14 -2.1884e-16 -4.0303e-19 -1.3961e-22 -5.5723e-27 -1.3345e-32 -7.9872e-40 -3.6502e-49 -2.5198e-61 -2.8067e-77 -2.2268e-98 -1.5386e-126 -1.7095e-164 -3.3450e-216 -1.7315e-287 0.0000e+00 0.0000e+00 0.0000e+00 0.0000e+00 0.0000e+00 0.0000e+00 0.0000e+00 0.0000e+00 0.0000e+00 0.0000e+00 0.0000e+00 0.0000e+00 0.0000e+00 0.0000e+00 0.0000e+00 0.0000e+00 0.0000e+00 0.0000e+00 0.0000e+00 0.0000e+00 0.0000e+00 5.6951e-10 3.2248e-09 8.9007e-09 1.8313e-08 3.2084e-08 5.0791e-08 7.4987e-08 1.0521e-07 1.4202e-07 1.8596e-07 2.3762e-07 2.9758e-07 0.0000e+00 4.4498e-07 5.3378e-07 6.3362e-07 7.4531e-07 8.6967e-07 1.0076e-06 1.1601e-06 1.3281e-06 1.5126e-06 1.7149e-06 1.9360e-06 2.1772e-06 2.4395e-06 2.7242e-06 3.0323e-06 3.3649e-06 3.7227e-06 4.1062e-06 4.5156e-06 4.9505e-06 5.4096e-06 5.8906e-06 6.3902e-06 6.9032e-06 7.4222e-06 7.9375e-06 8.4362e-06 8.9022e-06 9.3153e-06 9.6515e-06 9.8834e-06 9.9808e-06 9.9131e-06 9.6518e-06 9.1756e-06 8.4758e-06 7.5627e-06 6.4710e-06 5.2629e-06 4.0244e-06 2.8548e-06 1.8479e-06 1.0694e-06 5.3935e-07 2.2968e-07 7.9374e-08 2.1177e-08 4.0963e-09 5.3039e-10 4.1532e-11 1.7268e-12 3.2245e-14 2.1767e-16 4.0037e-19 1.3847e-22 5.5157e-27 1.3175e-32 7.8599e-40 3.5769e-49 2.4556e-61 2.7158e-77 2.1345e-98 1.4566e-126 1.5916e-164 3.0457e-216 1.5296e-287 0.0000e+00 0.0000e+00 0.0000e+00 0.0000e+00 0.0000e+00 0.0000e+00 0.0000e+00 0.0000e+00 0.0000e+00 0.0000e+00 0.0000e+00 0.0000e+00 0.0000e+00 0.0000e+00 0.0000e+00 0.0000e+00 0.0000e+00 0.0000e+00 0.0000e+00 0.0000e+00 0.0000e+00
-6.9150e-10 -3.9155e-09 -1.0807e-08 -2.2235e-08 -3.8957e-08 -6.1671e-08 -9.1049e-08 -1.2775e-07 -1.7244e-07 -2.2580e-07 -2.8851e-07 -3.6132e-07 -4.4498e-07 3.9480e-05 -6.4811e-07 -7.6934e-07 -9.0495e-07 -1.0559e-06 -1.2234e-06 -1.4085e-06 -1.6125e-06 -1.8366e-06 -2.0822e-06 -2.3507e-06 -2.6435e-06 -2.9620e-06 -3.3077e-06 -3.6818e-06 -4.0856e-06 -4.5201e-06 -4.9858e-06 -5.4829e-06 -6.0109e-06 -6.5684e-06 -7.1526e-06 -7.7592e-06 -8.3821e-06 -9.0123e-06 -9.6381e-06 -1.0244e-05 -1.0810e-05 -1.1312e-05 -1.1720e-05 -1.2002e-05 -1.2121e-05 -1.2039e-05 -1.1722e-05 -1.1144e-05 -1.0295e-05 -9.1861e-06 -7.8607e-06 -6.3937e-06 -4.8896e-06 -3.4691e-06 -2.2459e-06 -1.3000e-06 -6.5580e-07 -2.7936e-07 -9.6576e-08 -2.5778e-08 -4.9889e-09 -6.4641e-10 -5.0659e-11 -2.1085e-12 -3.9421e-14 -2.6653e-16 -4.9123e-19 -1.7032e-22 -6.8060e-27 -1.6323e-32 -9.7882e-40 -4.4841e-49 -3.1050e-61 -3.4725e-77 -2.7696e-98 -1.9268e-126 -2.1602e-164 -4.2775e-216 -2.2492e-287 0.0000e+00 0.0000e+00 0.0000e+00 0.0000e+00 0.0000e+00 0.0000e+00 0.0000e+00 0.0000e+00 0.0000e+00 0.0000e+00 0.0000e+00 0.0000e+00 0.0000e+00 0.0000e+00 0.0000e+00 0.0000e+00 0.0000e+00 0.0000e+00 0.0000e+00 0.0000e+00 0.0000e+00 6.9150e-10 3.9155e-09 1.0807e-08 2.2235e-08 3.8957e-08 6.1671e-08 9.1049e-08 1.2775e-07 1.7244e-07 2.2580e-07 2.8851e-07 3.6132e-07 4.4498e-07 0.0000e+00 6.4811e-07 7.6934e-07 9.0495e-07 1.0559e-06 1.2234e-06 1.4085e-06 1.6125e-06 1.8366e-06 2.0822e-06 2.3507e-06 2.6435e-06 2.9620e-06 3.3077e-06 3.6818e-06 4.0856e-06 4.5200e-06 4.9857e-06 5.4829e-06 6.0109e-06 6.5683e-06 7.1524e-06 7.7590e-06 8.3818e-06 9.0120e-06 9.6377e-06 1.0243e-05 1.0809e-05 1.1311e-05 1.1719e-05 1.2000e-05 1.2119e-05 1.2036e-05 1.1719e-05 1.1141e-05 1.0291e-05 9.1826e-06 7.8571e-06 6.3901e-06 4.8864e-06 3.4663e-06 2.2438e-06 1.2984e-06 6.5488e-07 2.7888e-07 9.6376e-08 2.5713e-08 4.9737e-09 6.4400e-10 5.0428e-11 2.0967e-12 3.9152e-14 2.6429e-16 4.8613e-19 1.6813e-22 6.6971e-27 1.5997e-32 9.5434e-40 4.3430e-49 2.9816e-61 3.2974e-77 2.5916e-98 1.7685e-126 1.9324e-164 3.6975e-216 1.8567e-287 0.0000e+00 0.0000e+00 0.0000e+00 0.0000e+00 0.0000e+00 0.0000e+00 0.0000e+00 0.0000e+00 0.0000e+00 0.0000e+00 0.0000e+00 0.0000e+00 0.0000e+00 0.0000e+00 0.0000e+00 0.0000e+00 0.0000e+00 0.0000e+00 0.0000e+00 0.0000e+00 0.0000e+00
-8.2949e-10 -4.6969e-09 -1.2964e-08 -2.6673e-08 -4.6731e-08 -7.3978e-08 -1.0922e-07 -1.5325e-07 -2.0685e-07 -2.7086e-07 -3.4609e-07 -4.3343e-07 -5.3378e-07 -6.4811e-07 6.0589e-05 -9.2287e-07 -1.0855e-06 -1.2667e-06 -1.4676e-06 -1.6896e-06 -1.9343e-06 -2.2032e-06 -2.4978e-06 -2.8198e-06 -3.1710e-06 -3.5531e-06 -3.9678e-06 -4.4166e-06 -4.9010e-06 -5.4221e-06 -5.9808e-06 -6.5771e-06 -7.2105e-06 -7.8792e-06 -8.5800e-06 -9.3078e-06 -1.0055e-05 -1.0811e-05 -1.1562e-05 -1.2288e-05 -1.2967e-05 -1.3569e-05 -1.4060e-05 -1.4398e-05 -1.4540e-05 -1.4442e-05 -1.4063e-05 -1.3370e-05 -1.2351e-05 -1.1021e-05 -9.4317e-06 -7.6718e-06 -5.8675e-06 -4.1632e-06 -2.6955e-06 -1.5604e-06 -7.8727e-07 -3.3541e-07 -1.1598e-07 -3.0964e-08 -5.9943e-09 -7.7695e-10 -6.0916e-11 -2.5368e-12 -4.7461e-14 -3.2117e-16 -5.9254e-19 -2.0572e-22 -8.2343e-27 -1.9791e-32 -1.1899e-39 -5.4701e-49 -3.8045e-61 -4.2792e-77 -3.4382e-98 -2.4149e-126 -2.7412e-164 -5.5161e-216 -2.9616e-287 0.0000e+00 0.0000e+00 0.0000e+00 0.0000e+00 0.0000e+00 0.0000e+00 0.0000e+00 0.0000e+00 0.0000e+00 0.0000e+00 0.0000e+00 0.0000e+00 0.0000e+00 0.0000e+00 0.0000e+00 0.0000e+00 0.0000e+00 0.0000e+00 0.0000e+00 0.0000e+00 0.0000e+00 8.2949e-10 4.6969e-09 1.2964e-08 2.6673e-08 4.6731e-08 7.3978e-08 1.0922e-07 1.5325e-07 2.0685e-07 2.7086e-07 3.4609e-07 4.3343e-07 5.3378e-07 6.4811e-07 0.0000e+00 9.2287e-07 1.0855e-06 1.2667e-06 1.4676e-06 1.6896e-06 1.9343e-06 2.2032e-06 2.4978e-06 2.8198e-06 3.1710e-06 3.5531e-06 3.9677e-06 4.4165e-06 4.9009e-06 5.4221e-06 5.9807e-06 6.5770e-06 7.2104e-06 7.8790e-06 8.5797e-06 9.3074e-06 1.0054e-05 1.0810e-05 1.1561e-05 1.2287e-05 1.2966e-05 1.3568e-05 1.4057e-05 1.4395e-05 1.4537e-05 1.4438e-05 1.4058e-05 1.3364e-05 1.2345e-05 1.1015e-05 9.4250e-06 7.6654e-06 5.8615e-06 4.1581e-06 2.6915e-06 1.5576e-06 7.8556e-07 3.3453e-07 1.1561e-07 3.0845e-08 5.9662e-09 7.7252e-10 6.0491e-11 2.5151e-12 4.6965e-14 3.1703e-16 5.8314e-19 2.0168e-22 8.0335e-27 1.9190e-32 1.1448e-39 5.2096e-49 3.5765e-61 3.9553e-77 3.1086e-98 2.1211e-126 2.3176e-164 4.4339e-216 2.2259e-287 0.0000e+00 0.0000e+00 0.0000e+00 0.0000e+00 0.0000e+00 0.0000e+00 0.0000e+00 0.0000e+00 0.0000e+00 0.0000e+00 0.0000e+00 0.0000e+00 0.0000e+00 0.0000e+00 0.0000e+00 0.0000e+00 0.0000e+00 0.0000e+00 0.0000e+00 0.0000e+00 0.0000e+00
-9.8465e-10 -5.5754e-09 -1.5389e-08 -3.1662e-08 -5.5472e-08 -8.7815e-08 -1.2965e-07 -1.8191e-07 -2.4555e-07 -3.2152e-07 -4.1083e-07 -5.1450e-07 -6.3362e-07 -7.6934e-07 -9.2287e-07 9.0628e-05 -1.2886e-06 -1.5036e-06 -1.7421e-06 -2.0057e-06 -2.2961e-06 -2.6153e-06 -2.9650e-06 -3.3473e-06 -3.7642e-06 -4.2178e-06 -4.7100e-06 -5.2427e-06 -5.8177e-06 -6.4364e-06 -7.0995e-06 -7.8075e-06 -8.5594e-06 -9.3532e-06 -1.0185e-05 -1.1049e-05 -1.1936e-05 -1.2834e-05 -1.3725e-05 -1.4588e-05 -1.5394e-05 -1.6109e-05 -1.6691e-05 -1.7093e-05 -1.7262e-05 -1.7146e-05 -1.6696e-05 -1.5874e-05 -1.4665e-05 -1.3087e-05 -1.1200e-05 -9.1107e-06 -6.9685e-06 -4.9449e-06 -3.2021e-06 -1.8539e-06 -9.3554e-07 -3.9867e-07 -1.3789e-07 -3.6826e-08 -7.1321e-09 -9.2490e-10 -7.2561e-11 -3.0240e-12 -5.6632e-14 -3.8368e-16 -7.0893e-19 -2.4659e-22 -9.8933e-27 -2.3849e-32 -1.4393e-39 -6.6482e-49 -4.6523e-61 -5.2737e-77 -4.2797e-98 -3.0447e-126 -3.5131e-164 -7.2181e-216 -3.9788e-287 0.0000e+00 0.0000e+00 0.0000e+00 0.0000e+00 0.0000e+00 0.0000e+00 0.0000e+00 0.0000e+00 0.0000e+00 0.0000e+00 0.0000e+00 0.0000e+00 0.0000e+00 0.0000e+00 0.0000e+00 0.0000e+00 0.0000e+00 0.0000e+00 0.0000e+00 0.0000e+00 0.0000e+00 9.8465e-10 5.5754e-09 1.5389e-08 3.1662e-08 5.5472e-08 8.7815e-08 1.2965e-07 1.8191e-07 2.4555e-07 3.2152e-07 4.1083e-07 5.1450e-07 6.3362e-07 7.6934e-07 9.2287e-07 0.0000e+00 1.2886e-06 1.5036e-06 1.7421e-06 2.0057e-06 2.2961e-06 2.6153e-06 2.9650e-06 3.3473e-06 3.7642e-06 4.2177e-06 4.7099e-06 5.2427e-06 5.8176e-06 6.4363e-06 7.0994e-06 7.8073e-06 8.5591e-06 9.3528e-06 1.0185e-05 1.1048e-05 1.1935e-05 1.2833e-05 1.3723e-05 1.4586e-05 1.5391e-05 1.6106e-05 1.6687e-05 1.7088e-05 1.7256e-05 1.7139e-05 1.6687e-05 1.5864e-05 1.4654e-05 1.3075e-05 1.1188e-05 9.0992e-06 6.9579e-06 4.9358e-06 3.1950e-06 1.8489e-06 9.3251e-07 3.9711e-07 1.3723e-07 3.6614e-08 7.0822e-09 9.1702e-10 7.1806e-11 2.9856e-12 5.5749e-14 3.7633e-16 6.9221e-19 2.3940e-22 9.5362e-27 2.2779e-32 1.3589e-39 6.1839e-49 4.2453e-61 4.6947e-77 3.6895e-98 2.5173e-126 2.7500e-164 5.2594e-216 2.6387e-287 0.0000e+00 0.0000e+00 0.0000e+00 0.0000e+00 0.0000e+00 0.0000e+00 0.0000e+00 0.0000e+00 0.0000e+00 0.0000e+00 0.0000e+00 0.0000e+00 0.0000e+00 0.0000e+00 0.0000e+00 0.0000e+00 0.0000e+00 0.0000e+00 0.0000e+00 0.0000e+00 0.0000e+00
-1.1582e-09 -6.5581e-09 -1.8101e-08 -3.7242e-08 -6.5249e-08 -1.0329e-07 -1.5250e-07 -2.1397e-07 -2.8883e-07 -3.7819e-07 -4.8324e-07 -6.0518e-07 -7.4531e-07 -9.0495e-07 -1.0855e-06 -1.2886e-06 1.3255e-04 -1.7686e-06 -2.0491e-06 -2.3592e-06 -2.7009e-06 -3.0762e-06 -3.4876e-06 -3.9373e-06 -4.4277e-06 -4.9612e-06 -5.5402e-06 -6.1668e-06 -6.8432e-06 -7.5709e-06 -8.3510e-06 -9.1837e-06 -1.0068e-05 -1.1002e-05 -1.1981e-05 -1.2997e-05 -1.4040e-05 -1.5096e-05 -1.6145e-05 -1.7160e-05 -1.8108e-05 -1.8950e-05 -1.9635e-05 -2.0108e-05 -2.0308e-05 -2.0172e-05 -1.9643e-05 -1.8677e-05 -1.7255e-05 -1.5400e-05 -1.3180e-05 -1.0723e-05 -8.2026e-06 -5.8215e-06 -3.7704e-06 -2.1833e-06 -1.1021e-06 -4.6979e-07 -1.6255e-07 -4.3433e-08 -8.4164e-09 -1.0922e-09 -8.5762e-11 -3.5780e-12 -6.7095e-14 -4.5532e-16 -8.4303e-19 -2.9399e-22 -1.1833e-26 -2.8640e-32 -1.7374e-39 -8.0768e-49 -5.6983e-61 -6.5265e-77 -5.3661e-98 -3.8810e-126 -4.5715e-164 -9.6376e-216 -5.4836e-287 0.0000e+00 0.0000e+00 0.0000e+00 0.0000e+00 0.0000e+00 0.0000e+00 0.0000e+00 0.0000e+00 0.0000e+00 0.0000e+00 0.0000e+00 0.0000e+00 0.0000e+00 0.0000e+00 0.0000e+00 0.0000e+00 0.0000e+00 0.0000e+00 0.0000e+00 0.0000e+00 0.0000e+00 1.1582e-09 6.5581e-09 1.8101e-08 3.7242e-08 6.5249e-08 1.0329e-07 1.5250e-07 2.1397e-07 2.8883e-07 3.7819e-07 4.8324e-07 6.0518e-07 7.4531e-07 9.0495e-07 1.0855e-06 1.2886e-06 0.0000e+00 1.7686e-06 2.0491e-06 2.3592e-06 2.7008e-06 3.0762e-06 3.4876e-06 3.9373e-06 4.4277e-06 4.9611e-06 5.5401e-06 6.1667e-06 6.8431e-06 7.5707e-06 8.3507e-06 9.1834e-06 1.0068e-05 1.1001e-05 1.1980e-05 1.2996e-05 1.4039e-05 1.5094e-05 1.6142e-05 1.7157e-05 1.8104e-05 1.8944e-05 1.9628e-05 2.0100e-05 2.0298e-05 2.0160e-05 1.9629e-05 1.8660e-05 1.7237e-05 1.5380e-05 1.3160e-05 1.0703e-05 8.1843e-06 5.8058e-06 3.7581e-06 2.1748e-06 1.0969e-06 4.6710e-07 1.6142e-07 4.3068e-08 8.3305e-09 1.0786e-09 8.4463e-11 3.5118e-12 6.5575e-14 4.4266e-16 8.1422e-19 2.8160e-22 1.1217e-26 2.6793e-32 1.5983e-39 7.2733e-49 4.9930e-61 5.5213e-77 4.3386e-98 2.9595e-126 3.2319e-164 6.1769e-216 3.0952e-287 0.0000e+00 0.0000e+00 0.0000e+00 0.0000e+00 0.0000e+00 0.0000e+00 0.0000e+00 0.0000e+00 0.0000e+00 0.0000e+00 0.0000e+00 0.0000e+00 0.0000e+00 0.0000e+00 0.0000e+00 0.0000e+00 0.0000e+00 0.0000e+00 0.0000e+00 0.0000e+00 0.0000e+00
