3.2172e-08 -2.0710e-07 -3.8092e-07 -5.8745e-07 -8.2274e-07 -1.0843e-06 -1.3705e-06 -1.6803e-06 -2.0127e-06 -2.3672e-06 -2.7435e-06 -3.1413e-06 -3.5603e-06 -4.0004e-06 -4.4614e-06 -4.9431e-06 -5.4451e-06 -5.9671e-06 -6.5085e-06 -7.0685e-06 -7.6462e-06 -8.2402e-06 -8.8489e-06 -9.4701e-06 -1.0101e-05 -1.0739e-05 -1.1380e-05 -1.2020e-05 -1.2652e-05 -1.3271e-05 -1.3870e-05 -1.4439e-05 -1.4970e-05 -1.5452e-05 -1.5874e-05 -1.6221e-05 -1.6483e-05 -1.6643e-05 -1.6689e-05 -1.6607e-05 -1.6385e-05 -1.6012e-05 -1.5481e-05 -1.4789e-05 -1.3938e-05 -1.2939e-05 -1.1806e-05 -1.0565e-05 -9.2482e-06 -7.8949e-06 -6.5497e-06 -5.2593e-06 -4.0684e-06 -3.0154e-06 -2.1276e-06 -1.4186e-06 -8.8595e-07 -5.1294e-07 -2.7198e-07 -1.3018e-07 -5.5288e-08 -2.0411e-08 -6.3907e-09 -1.6475e-09 -3.3739e-10 -5.2545e-11 -5.9008e-12 -4.4759e-13 -2.1153e-14 -5.6338e-16 -7.4586e-18 -4.1907e-20 -8.1765e-23 -4.2862e-26 -4.3357e-30 -5.5009e-35 -4.9678e-41 -1.5043e-48 -5.5509e-58 -6.2913e-70 -3.2667e-85 -5.3967e-105 -6.3316e-131 -2.1099e-165 -5.5588e-212 -4.6626e-276 -0.0000e+00 -0.0000e+00 -0.0000e+00 -0.0000e+00 -0.0000e+00 -0.0000e+00 -0.0000e+00 -0.0000e+00 -0.0000e+00 -0.0000e+00 -0.0000e+00 -0.0000e+00 -0.0000e+00 -0.0000e+00 0.0000e+00 -2.0710e-07 -3.8092e-07 -5.8745e-07 -8.2274e-07 -1.0843e-06 -1.3705e-06 -1.6803e-06 -2.0127e-06 -2.3672e-06 -2.7435e-06 -3.1413e-06 -3.5603e-06 -4.0004e-06 -4.4614e-06 -4.9431e-06 -5.4451e-06 -5.9671e-06 -6.5085e-06 -7.0685e-06 -7.6462e-06 -8.2402e-06 -8.8489e-06 -9.4701e-06 -1.0101e-05 -1.0739e-05 -1.1380e-05 -1.2020e-05 -1.2652e-05 -1.3271e-05 -1.3870e-05 -1.4439e-05 -1.4970e-05 -1.5452e-05 -1.5874e-05 -1.6221e-05 -1.6483e-05 -1.6643e-05 -1.6689e-05 -1.6607e-05 -1.6385e-05 -1.6012e-05 -1.5481e-05 -1.4789e-05 -1.3938e-05 -1.2939e-05 -1.1806e-05 -1.0565e-05 -9.2482e-06 -7.8949e-06 -6.5497e-06 -5.2593e-06 -4.0684e-06 -3.0154e-06 -2.1276e-06 -1.4186e-06 -8.8595e-07 -5.1294e-07 -2.7198e-07 -1.3018e-07 -5.5287e-08 -2.0411e-08 -6.3907e-09 -1.6475e-09 -3.3739e-10 -5.2545e-11 -5.9008e-12 -4.4759e-13 -2.1153e-14 -5.6338e-16 -7.4586e-18 -4.1907e-20 -8.1764e-23 -4.2861e-26 -4.3357e-30 -5.5008e-35 -4.9678e-41 -1.5043e-48 -5.5508e-58 -6.2912e-70 -3.2667e-85 -5.3965e-105 -6.3314e-131 -2.1098e-165 -5.5585e-212 -4.6623e-276 -0.0000e+00 -0.0000e+00 -0.0000e+00 -0.0000e+00 -0.0000e+00 -0.0000e+00 -0.0000e+00 -0.0000e+00 -0.0000e+00 -0.0000e+00 -0.0000e+00 -0.0000e+00 -0.0000e+00 -0.0000e+00
-2.0710e-07 5.1527e-07 -1.0782e-06 -1.6628e-06 -2.3287e-06 -3.0691e-06 -3.8793e-06 -4.7559e-06 -5.6968e-06 -6.7004e-06 -7.7655e-06 -8.8914e-06 -1.0077e-05 -1.1323e-05 -1.2628e-05 -1.3991e-05 -1.5412e-05 -1.6890e-05 -1.8422e-05 -2.0007e-05 -2.1642e-05 -2.3324e-05 -2.5047e-05 -2.6805e-05 -2.8592e-05 -3.0398e-05 -3.2212e-05 -3.4022e-05 -3.5812e-05 -3.7565e-05 -3.9259e-05 -4.0870e-05 -4.2373e-05 -4.3737e-05 -4.4930e-05 -4.5914e-05 -4.6654e-05 -4.7108e-05 -4.7238e-05 -4.7006e-05 -4.6377e-05 -4.5320e-05 -4.3817e-05 -4.1859e-05 -3.9453e-05 -3.6623e-05 -3.3417e-05 -2.9905e-05 -2.6177e-05 -2.2346e-05 -1.8539e-05 -1.4886e-05 -1.1516e-05 -8.5350e-06 -6.0223e-06 -4.0153e-06 -2.5077e-06 -1.4519e-06 -7.6985e-07 -3.6848e-07 -1.5649e-07 -5.7773e-08 -1.8089e-08 -4.6634e-09 -9.5502e-10 -1.4873e-10 -1.6703e-11 -1.2670e-12 -5.9877e-14 -1.5947e-15 -2.1113e-17 -1.1863e-19 -2.3146e-22 -1.2133e-25 -1.2274e-29 -1.5573e-34 -1.4064e-40 -4.2590e-48 -1.5717e-57 -1.7814e-69 -9.2510e-85 -1.5284e-104 -1.7935e-130 -5.9778e-165 -1.5754e-211 -1.3219e-275 -0.0000e+00 -0.0000e+00 -0.0000e+00 -0.0000e+00 -0.0000e+00 -0.0000e+00 -0.0000e+00 -0.0000e+00 -0.0000e+00 -0.0000e+00 -0.0000e+00 -0.0000e+00 -0.0000e+00 -0.0000e+00 -2.0710e-07 0.0000e+00 -1.0782e-06 -1.6628e-06 -2.3287e-06 -3.0691e-06 -3.8793e-06 -4.7559e-06 -5.6968e-06 -6.7004e-06 -7.7655e-06 -8.8914e-06 -1.0077e-05 -1.1323e-05 -1.2628e-05 -1.3991e-05 -1.5412e-05 -1.6890e-05 -1.8422e-05 -2.0007e-05 -2.1642e-05 -2.3324e-05 -2.5047e-05 -2.6805e-05 -2.8592e-05 -3.0398e-05 -3.2212e-05 -3.4022e-05 -3.5812e-05 -3.7565e-05 -3.9259e-05 -4.0870e-05 -4.2373e-05 -4.3737e-05 -4.4930e-05 -4.5914e-05 -4.6654e-05 -4.7108e-05 -4.7238e-05 -4.7006e-05 -4.6376e-05 -4.5320e-05 -4.3817e-05 -4.1859e-05 -3.9452e-05 -3.6623e-05 -3.3417e-05 -2.9904e-05 -2.6177e-05 -2.2346e-05 -1.8539e-05 -1.4886e-05 -1.1516e-05 -8.5349e-06 -6.0222e-06 -4.0153e-06 -2.5077e-06 -1.4519e-06 -7.6984e-07 -3.6848e-07 -1.5649e-07 -5.7772e-08 -1.8089e-08 -4.6633e-09 -9.5499e-10 -1.4873e-10 -1.6702e-11 -1.2669e-12 -5.9874e-14 -1.5947e-15 -2.1112e-17 -1.1862e-19 -2.3144e-22 -1.2132e-25 -1.2273e-29 -1.5571e-34 -1.4062e-40 -4.2582e-48 -1.5713e-57 -1.7809e-69 -9.2477e-85 -1.5278e-104 -1.7925e-130 -5.9737e-165 -1.5740e-211 -1.3204e-275 -0.0000e+00 -0.0000e+00 -0.0000e+00 -0.0000e+00 -0.0000e+00 -0.0000e+00 -0.0000e+00 -0.0000e+00 -0.0000e+00 -0.0000e+00 -0.0000e+00 -0.0000e+00 -0.0000e+00 -0.0000e+00
-3.8092e-07 -1.0782e-06 2.6127e-06 -3.0583e-06 -4.2833e-06 -5.6452e-06 -7.1353e-06 -8.7477e-06 -1.0478e-05 -1.2324e-05 -1.4283e-05 -1.6354e-05 -1.8536e-05 -2.0827e-05 -2.3227e-05 -2.5735e-05 -2.8348e-05 -3.1066e-05 -3.3884e-05 -3.6800e-05 -3.9808e-05 -4.2900e-05 -4.6069e-05 -4.9303e-05 -5.2590e-05 -5.5911e-05 -5.9249e-05 -6.2578e-05 -6.5870e-05 -6.9094e-05 -7.2209e-05 -7.5174e-05 -7.7939e-05 -8.0448e-05 -8.2641e-05 -8.4452e-05 -8.5812e-05 -8.6648e-05 -8.6887e-05 -8.6460e-05 -8.5302e-05 -8.3360e-05 -8.0595e-05 -7.6994e-05 -7.2567e-05 -6.7363e-05 -6.1466e-05 -5.5005e-05 -4.8149e-05 -4.1103e-05 -3.4100e-05 -2.7382e-05 -2.1182e-05 -1.5699e-05 -1.1077e-05 -7.3858e-06 -4.6127e-06 -2.6707e-06 -1.4161e-06 -6.7781e-07 -2.8787e-07 -1.0627e-07 -3.3276e-08 -8.5787e-09 -1.7568e-09 -2.7362e-10 -3.0728e-11 -2.3309e-12 -1.1016e-13 -2.9342e-15 -3.8848e-17 -2.1829e-19 -4.2594e-22 -2.2330e-25 -2.2591e-29 -2.8667e-34 -2.5894e-40 -7.8429e-48 -2.8950e-57 -3.2824e-69 -1.7052e-84 -2.8188e-104 -3.3099e-130 -1.1042e-164 -2.9136e-211 -2.4489e-275 -0.0000e+00 -0.0000e+00 -0.0000e+00 -0.0000e+00 -0.0000e+00 -0.0000e+00 -0.0000e+00 -0.0000e+00 -0.0000e+00 -0.0000e+00 -0.0000e+00 -0.0000e+00 -0.0000e+00 -0.0000e+00 -3.8092e-07 -1.0782e-06 0.0000e+00 -3.0583e-06 -4.2833e-06 -5.6452e-06 -7.1353e-06 -8.7477e-06 -1.0478e-05 -1.2324e-05 -1.4283e-05 -1.6354e-05 -1.8536e-05 -2.0827e-05 -2.3227e-05 -2.5735e-05 -2.8348e-05 -3.1066e-05 -3.3884e-05 -3.6800e-05 -3.9808e-05 -4.2900e-05 -4.6069e-05 -4.9303e-05 -5.2590e-05 -5.5911e-05 -5.9249e-05 -6.2578e-05 -6.5870e-05 -6.9093e-05 -7.2209e-05 -7.5174e-05 -7.7939e-05 -8.0448e-05 -8.2640e-05 -8.4452e-05 -8.5811e-05 -8.6648e-05 -8.6887e-05 -8.6460e-05 -8.5302e-05 -8.3359e-05 -8.0595e-05 -7.6993e-05 -7.2566e-05 -6.7362e-05 -6.1465e-05 -5.5004e-05 -4.8148e-05 -4.1102e-05 -3.4099e-05 -2.7381e-05 -2.1181e-05 -1.5699e-05 -1.1077e-05 -7.3856e-06 -4.6125e-06 -2.6705e-06 -1.4160e-06 -6.7777e-07 -2.8785e-07 -1.0627e-07 -3.3273e-08 -8.5778e-09 -1.7566e-09 -2.7358e-10 -3.0723e-11 -2.3304e-12 -1.1014e-13 -2.9334e-15 -3.8837e-17 -2.1821e-19 -4.2577e-22 -2.2320e-25 -2.2579e-29 -2.8648e-34 -2.5873e-40 -7.8353e-48 -2.8915e-57 -3.2776e-69 -1.7022e-84 -2.8126e-104 -3.3008e-130 -1.1003e-164 -2.9004e-211 -2.4344e-275 -0.0000e+00 -0.0000e+00 -0.0000e+00 -0.0000e+00 -0.0000e+00 -0.0000e+00 -0.0000e+00 -0.0000e+00 -0.0000e+00 -0.0000e+00 -0.0000e+00 -0.0000e+00 -0.0000e+00 -0.0000e+00
-5.8745e-07 -1.6628e-06 -3.0583e-06 8.2762e-06 -6.6056e-06 -8.7059e-06 -1.1004e-05 -1.3491e-05 -1.6159e-05 -1.9006e-05 -2.2027e-05 -2.5221e-05 -2.8585e-05 -3.2119e-05 -3.5820e-05 -3.9687e-05 -4.3718e-05 -4.7909e-05 -5.2256e-05 -5.6752e-05 -6.1390e-05 -6.6160e-05 -7.1047e-05 -7.6035e-05 -8.1103e-05 -8.6226e-05 -9.1372e-05 -9.6506e-05 -1.0158e-04 -1.0656e-04 -1.1136e-04 -1.1593e-04 -1.2020e-04 -1.2407e-04 -1.2745e-04 -1.3024e-04 -1.3234e-04 -1.3363e-04 -1.3400e-04 -1.3334e-04 -1.3155e-04 -1.2856e-04 -1.2430e-04 -1.1874e-04 -1.1191e-04 -1.0389e-04 -9.4796e-05 -8.4832e-05 -7.4258e-05 -6.3392e-05 -5.2591e-05 -4.2231e-05 -3.2669e-05 -2.4213e-05 -1.7085e-05 -1.1392e-05 -7.1146e-06 -4.1193e-06 -2.1843e-06 -1.0455e-06 -4.4405e-07 -1.6394e-07 -5.1333e-08 -1.3235e-08 -2.7105e-09 -4.2216e-10 -4.7414e-11 -3.5969e-12 -1.7001e-13 -4.5287e-15 -5.9968e-17 -3.3702e-19 -6.5774e-22 -3.4491e-25 -3.4904e-29 -4.4307e-34 -4.0039e-40 -1.2133e-47 -4.4817e-57 -5.0857e-69 -2.6449e-84 -4.3784e-104 -5.1507e-130 -1.7225e-164 -4.5598e-211 -3.8498e-275 -0.0000e+00 -0.0000e+00 -0.0000e+00 -0.0000e+00 -0.0000e+00 -0.0000e+00 -0.0000e+00 -0.0000e+00 -0.0000e+00 -0.0000e+00 -0.0000e+00 -0.0000e+00 -0.0000e+00 -0.0000e+00 -5.8745e-07 -1.6628e-06 -3.0583e-06 0.0000e+00 -6.6056e-06 -8.7059e-06 -1.1004e-05 -1.3491e-05 -1.6159e-05 -1.9006e-05 -2.2027e-05 -2.5221e-05 -2.8585e-05 -3.2119e-05 -3.5820e-05 -3.9687e-05 -4.3718e-05 -4.7909e-05 -5.2256e-05 -5.6752e-05 -6.1390e-05 -6.6160e-05 -7.1047e-05 -7.6035e-05 -8.1103e-05 -8.6225e-05 -9.1372e-05 -9.6506e-05 -1.0158e-04 -1.0655e-04 -1.1136e-04 -1.1593e-04 -1.2020e-04 -1.2406e-04 -1.2745e-04 -1.3024e-04 -1.3234e-04 -1.3363e-04 -1.3400e-04 -1.3334e-04 -1.3155e-04 -1.2856e-04 -1.2429e-04 -1.1874e-04 -1.1191e-04 -1.0389e-04 -9.4792e-05 -8.4828e-05 -7.4255e-05 -6.3389e-05 -5.2588e-05 -4.2228e-05 -3.2666e-05 -2.4211e-05 -1.7083e-05 -1.1390e-05 -7.1136e-06 -4.1186e-06 -2.1839e-06 -1.0453e-06 -4.4395e-07 -1.6390e-07 -5.1318e-08 -1.3230e-08 -2.7094e-09 -4.2197e-10 -4.7389e-11 -3.5947e-12 -1.6989e-13 -4.5251e-15 -5.9912e-17 -3.3665e-19 -6.5690e-22 -3.4439e-25 -3.4842e-29 -4.4212e-34 -3.9937e-40 -1.2096e-47 -4.4650e-57 -5.0626e-69 -2.6301e-84 -4.3479e-104 -5.1057e-130 -1.7034e-164 -4.4950e-211 -3.7786e-275 -0.0000e+00 -0.0000e+00 -0.0000e+00 -0.0000e+00 -0.0000e+00 -0.0000e+00 -0.0000e+00 -0.0000e+00 -0.0000e+00 -0.0000e+00 -0.0000e+00 -0.0000e+00 -0.0000e+00 -0.0000e+00
-8.2274e-07 -2.3287e-06 -4.2833e-06 -6.6056e-06 2.0264e-05 -1.2193e-05 -1.5411e-05 -1.8894e-05 -2.2632e-05 -2.6619e-05 -3.0850e-05 -3.5323e-05 -4.0035e-05 -4.4984e-05 -5.0167e-05 -5.5584e-05 -6.1229e-05 -6.7098e-05 -7.3186e-05 -7.9484e-05 -8.5980e-05 -9.2659e-05 -9.9503e-05 -1.0649e-04 -1.1359e-04 -1.2076e-04 -1.2797e-04 -1.3516e-04 -1.4227e-04 -1.4924e-04 -1.5597e-04 -1.6237e-04 -1.6834e-04 -1.7376e-04 -1.7850e-04 -1.8241e-04 -1.8535e-04 -1.8716e-04 -1.8767e-04 -1.8675e-04 -1.8425e-04 -1.8006e-04 -1.7409e-04 -1.6631e-04 -1.5675e-04 -1.4551e-04 -1.3278e-04 -1.1882e-04 -1.0401e-04 -8.8794e-05 -7.3666e-05 -5.9155e-05 -4.5762e-05 -3.3918e-05 -2.3934e-05 -1.5959e-05 -9.9672e-06 -5.7711e-06 -3.0603e-06 -1.4649e-06 -6.2221e-07 -2.2973e-07 -7.1940e-08 -1.8549e-08 -3.7993e-09 -5.9183e-10 -6.6479e-11 -5.0440e-12 -2.3846e-13 -6.3537e-15 -8.4158e-17 -4.7313e-19 -9.2376e-22 -4.8465e-25 -4.9075e-29 -6.2341e-34 -5.6387e-40 -1.7107e-47 -6.3277e-57 -7.1934e-69 -3.7496e-84 -6.2252e-104 -7.3512e-130 -2.4708e-164 -6.5850e-211 -5.6108e-275 -0.0000e+00 -0.0000e+00 -0.0000e+00 -0.0000e+00 -0.0000e+00 -0.0000e+00 -0.0000e+00 -0.0000e+00 -0.0000e+00 -0.0000e+00 -0.0000e+00 -0.0000e+00 -0.0000e+00 -0.0000e+00 -8.2274e-07 -2.3287e-06 -4.2833e-06 -6.6056e-06 0.0000e+00 -1.2193e-05 -1.5411e-05 -1.8894e-05 -2.2632e-05 -2.6619e-05 -3.0850e-05 -3.5323e-05 -4.0035e-05 -4.4984e-05 -5.0167e-05 -5.5583e-05 -6.1229e-05 -6.7098e-05 -7.3186e-05 -7.9484e-05 -8.5979e-05 -9.2659e-05 -9.9503e-05 -1.0649e-04 -1.1359e-04 -1.2076e-04 -1.2797e-04 -1.3516e-04 -1.4227e-04 -1.4923e-04 -1.5596e-04 -1.6237e-04 -1.6834e-04 -1.7376e-04 -1.7849e-04 -1.8241e-04 -1.8534e-04 -1.8715e-04 -1.8767e-04 -1.8675e-04 -1.8424e-04 -1.8005e-04 -1.7408e-04 -1.6630e-04 -1.5674e-04 -1.4550e-04 -1.3276e-04 -1.1881e-04 -1.0400e-04 -8.8781e-05 -7.3655e-05 -5.9144e-05 -4.5753e-05 -3.3911e-05 -2.3928e-05 -1.5954e-05 -9.9638e-06 -5.7689e-06 -3.0590e-06 -1.4642e-06 -6.2186e-07 -2.2958e-07 -7.1888e-08 -1.8534e-08 -3.7957e-09 -5.9118e-10 -6.6395e-11 -5.0367e-12 -2.3806e-13 -6.3412e-15 -8.3966e-17 -4.7186e-19 -9.2086e-22 -4.8286e-25 -4.8861e-29 -6.2017e-34 -5.6036e-40 -1.6979e-47 -6.2703e-57 -7.1138e-69 -3.6986e-84 -6.1204e-104 -7.1964e-130 -2.4050e-164 -6.3614e-211 -5.3646e-275 -0.0000e+00 -0.0000e+00 -0.0000e+00 -0.0000e+00 -0.0000e+00 -0.0000e+00 -0.0000e+00 -0.0000e+00 -0.0000e+00 -0.0000e+00 -0.0000e+00 -0.0000e+00 -0.0000e+00 -0.0000e+00
-1.0843e-06 -3.0691e-06 -5.6452e-06 -8.7059e-06 -1.2193e-05 4.2170e-05 -2.0311e-05 -2.4901e-05 -2.9827e-05 -3.5082e-05 -4.0659e-05 -4.6554e-05 -5.2764e-05 -5.9286e-05 -6.6118e-05 -7.3256e-05 -8.0696e-05 -8.8432e-05 -9.6455e-05 -1.0476e-04 -1.1332e-04 -1.2212e-04 -1.3114e-04 -1.4035e-04 -1.4970e-04 -1.5916e-04 -1.6866e-04 -1.7814e-04 -1.8751e-04 -1.9669e-04 -2.0556e-04 -2.1400e-04 -2.2187e-04 -2.2901e-04 -2.3526e-04 -2.4042e-04 -2.4429e-04 -2.4667e-04 -2.4736e-04 -2.4615e-04 -2.4285e-04 -2.3733e-04 -2.2946e-04 -2.1921e-04 -2.0661e-04 -1.9180e-04 -1.7502e-04 -1.5663e-04 -1.3711e-04 -1.1705e-04 -9.7113e-05 -7.7985e-05 -6.0331e-05 -4.4719e-05 -3.1557e-05 -2.1042e-05 -1.3143e-05 -7.6107e-06 -4.0361e-06 -1.9322e-06 -8.2078e-07 -3.0308e-07 -9.4925e-08 -2.4480e-08 -5.0150e-09 -7.8138e-10 -8.7795e-11 -6.6635e-12 -3.1514e-13 -8.4004e-15 -1.1133e-16 -6.2626e-19 -1.2237e-21 -6.4257e-25 -6.5138e-29 -8.2857e-34 -7.5067e-40 -2.2821e-47 -8.4627e-57 -9.6514e-69 -5.0514e-84 -8.4304e-104 -1.0023e-129 -3.3988e-164 -9.1655e-211 -7.9338e-275 -0.0000e+00 -0.0000e+00 -0.0000e+00 -0.0000e+00 -0.0000e+00 -0.0000e+00 -0.0000e+00 -0.0000e+00 -0.0000e+00 -0.0000e+00 -0.0000e+00 -0.0000e+00 -0.0000e+00 -0.0000e+00 -1.0843e-06 -3.0691e-06 -5.6452e-06 -8.7059e-06 -1.2193e-05 0.0000e+00 -2.0311e-05 -2.4901e-05 -2.9827e-05 -3.5082e-05 -4.0659e-05 -4.6554e-05 -5.2764e-05 -5.9286e-05 -6.6118e-05 -7.3256e-05 -8.0696e-05 -8.8432e-05 -9.6455e-05 -1.0475e-04 -1.1332e-04 -1.2212e-04 -1.3114e-04 -1.4035e-04 -1.4970e-04 -1.5916e-04 -1.6866e-04 -1.7813e-04 -1.8751e-04 -1.9668e-04 -2.0555e-04 -2.1399e-04 -2.2186e-04 -2.2901e-04 -2.3525e-04 -2.4040e-04 -2.4428e-04 -2.4666e-04 -2.4734e-04 -2.4613e-04 -2.4283e-04 -2.3730e-04 -2.2943e-04 -2.1918e-04 -2.0658e-04 -1.9177e-04 -1.7498e-04 -1.5659e-04 -1.3707e-04 -1.1702e-04 -9.7081e-05 -7.7956e-05 -6.0306e-05 -4.4698e-05 -3.1540e-05 -2.1030e-05 -1.3134e-05 -7.6047e-06 -4.0325e-06 -1.9302e-06 -8.1983e-07 -3.0268e-07 -9.4781e-08 -2.4437e-08 -5.0051e-09 -7.7960e-10 -8.7564e-11 -6.6433e-12 -3.1403e-13 -8.3662e-15 -1.1080e-16 -6.2279e-19 -1.2157e-21 -6.3765e-25 -6.4548e-29 -8.1966e-34 -7.4103e-40 -2.2469e-47 -8.3048e-57 -9.4324e-69 -4.9110e-84 -8.1412e-104 -9.5952e-130 -3.2167e-164 -8.5443e-211 -7.2471e-275 -0.0000e+00 -0.0000e+00 -0.0000e+00 -0.0000e+00 -0.0000e+00 -0.0000e+00 -0.0000e+00 -0.0000e+00 -0.0000e+00 -0.0000e+00 -0.0000e+00 -0.0000e+00 -0.0000e+00 -0.0000e+00
-1.3705e-06 -3.8793e-06 -7.1353e-06 -1.1004e-05 -1.5411e-05 -2.0311e-05 7.8455e-05 -3.1474e-05 -3.7701e-05 -4.4342e-05 -5.1391e-05 -5.8842e-05 -6.6691e-05 -7.4935e-05 -8.3570e-05 -9.2593e-05 -1.0200e-04 -1.1177e-04 -1.2192e-04 -1.3241e-04 -1.4323e-04 -1.5436e-04 -1.6576e-04 -1.7740e-04 -1.8922e-04 -2.0117e-04 -2.1318e-04 -2.2516e-04 -2.3701e-04 -2.4861e-04 -2.5982e-04 -2.7050e-04 -2.8045e-04 -2.8948e-04 -2.9737e-04 -3.0390e-04 -3.0879e-04 -3.1181e-04 -3.1268e-04 -3.1115e-04 -3.0699e-04 -3.0001e-04 -2.9007e-04 -2.7712e-04 -2.6120e-04 -2.4248e-04 -2.2127e-04 -1.9803e-04 -1.7336e-04 -1.4800e-04 -1.2280e-04 -9.8617e-05 -7.6297e-05 -5.6558e-05 -3.9914e-05 -2.6618e-05 -1.6627e-05 -9.6294e-06 -5.1074e-06 -2.4455e-06 -1.0390e-06 -3.8374e-07 -1.2022e-07 -3.1010e-08 -6.3550e-09 -9.9055e-10 -1.1135e-10 -8.4554e-12 -4.0013e-13 -1.0674e-14 -1.4158e-16 -7.9724e-19 -1.5597e-21 -8.2024e-25 -8.3298e-29 -1.0619e-33 -9.6465e-40 -2.9424e-47 -1.0956e-56 -1.2560e-68 -6.6168e-84 -1.1135e-103 -1.3381e-129 -4.6007e-164 -1.2633e-210 -1.1198e-274 -0.0000e+00 -0.0000e+00 -0.0000e+00 -0.0000e+00 -0.0000e+00 -0.0000e+00 -0.0000e+00 -0.0000e+00 -0.0000e+00 -0.0000e+00 -0.0000e+00 -0.0000e+00 -0.0000e+00 -0.0000e+00 -1.3705e-06 -3.8793e-06 -7.1353e-06 -1.1004e-05 -1.5411e-05 -2.0311e-05 0.0000e+00 -3.1474e-05 -3.7701e-05 -4.4342e-05 -5.1391e-05 -5.8842e-05 -6.6691e-05 -7.4935e-05 -8.3570e-05 -9.2593e-05 -1.0200e-04 -1.1177e-04 -1.2192e-04 -1.3241e-04 -1.4323e-04 -1.5435e-04 -1.6576e-04 -1.7739e-04 -1.8922e-04 -2.0117e-04 -2.1318e-04 -2.2516e-04 -2.3700e-04 -2.4860e-04 -2.5981e-04 -2.7048e-04 -2.8043e-04 -2.8946e-04 -2.9735e-04 -3.0387e-04 -3.0876e-04 -3.1177e-04 -3.1264e-04 -3.1110e-04 -3.0694e-04 -2.9995e-04 -2.9001e-04 -2.7705e-04 -2.6113e-04 -2.4240e-04 -2.2119e-04 -1.9794e-04 -1.7328e-04 -1.4792e-04 -1.2272e-04 -9.8549e-05 -7.6238e-05 -5.6508e-05 -3.9874e-05 -2.6588e-05 -1.6606e-05 -9.6153e-06 -5.0989e-06 -2.4408e-06 -1.0367e-06 -3.8280e-07 -1.1988e-07 -3.0911e-08 -6.3316e-09 -9.8636e-10 -1.1080e-10 -8.4079e-12 -3.9753e-13 -1.0593e-14 -1.4033e-16 -7.8907e-19 -1.5409e-21 -8.0865e-25 -8.1908e-29 -1.0409e-33 -9.4188e-40 -2.8591e-47 -1.0583e-56 -1.2042e-68 -6.2839e-84 -1.0448e-103 -1.2362e-129 -4.1656e-164 -1.1141e-210 -9.5386e-275 -0.0000e+00 -0.0000e+00 -0.0000e+00 -0.0000e+00 -0.0000e+00 -0.0000e+00 -0.0000e+00 -0.0000e+00 -0.0000e+00 -0.0000e+00 -0.0000e+00 -0.0000e+00 -0.0000e+00 -0.0000e+00
-1.6803e-06 -4.7559e-06 -8.7477e-06 -1.3491e-05 -1.8894e-05 -2.4901e-05 -3.1474e-05 1.3449e-04 -4.6220e-05 -5.4363e-05 -6.3005e-05 -7.2139e-05 -8.1762e-05 -9.1869e-05 -1.0246e-04 -1.1352e-04 -1.2505e-04 -1.3703e-04 -1.4947e-04 -1.6233e-04 -1.7560e-04 -1.8924e-04 -2.0322e-04 -2.1749e-04 -2.3198e-04 -2.4664e-04 -2.6136e-04 -2.7605e-04 -2.9058e-04 -3.0480e-04 -3.1855e-04 -3.3164e-04 -3.4384e-04 -3.5492e-04 -3.6460e-04 -3.7261e-04 -3.7862e-04 -3.8232e-04 -3.8339e-04 -3.8153e-04 -3.7644e-04 -3.6789e-04 -3.5571e-04 -3.3984e-04 -3.2033e-04 -2.9738e-04 -2.7138e-04 -2.4289e-04 -2.1264e-04 -1.8155e-04 -1.5065e-04 -1.2099e-04 -9.3617e-05 -6.9404e-05 -4.8986e-05 -3.2673e-05 -2.0413e-05 -1.1824e-05 -6.2727e-06 -3.0042e-06 -1.2767e-06 -4.7170e-07 -1.4783e-07 -3.8149e-08 -7.8219e-09 -1.2199e-09 -1.3722e-10 -1.0429e-11 -4.9398e-13 -1.3192e-14 -1.7521e-16 -9.8819e-19 -1.9369e-21 -1.0209e-24 -1.0396e-28 -1.3297e-33 -1.2129e-39 -3.7179e-47 -1.3930e-56 -1.6092e-68 -8.5592e-84 -1.4579e-103 -1.7790e-129 -6.2373e-164 -1.7560e-210 -1.6072e-274 -0.0000e+00 -0.0000e+00 -0.0000e+00 -0.0000e+00 -0.0000e+00 -0.0000e+00 -0.0000e+00 -0.0000e+00 -0.0000e+00 -0.0000e+00 -0.0000e+00 -0.0000e+00 -0.0000e+00 -0.0000e+00 -1.6803e-06 -4.7559e-06 -8.7477e-06 -1.3491e-05 -1.8894e-05 -2.4901e-05 -3.1474e-05 0.0000e+00 -4.6220e-05 -5.4363e-05 -6.3004e-05 -7.2139e-05 -8.1762e-05 -9.1869e-05 -1.0246e-04 -1.1352e-04 -1.2505e-04 -1.3703e-04 -1.4947e-04 -1.6233e-04 -1.7559e-04 -1.8924e-04 -2.0321e-04 -2.1748e-04 -2.3198e-04 -2.4663e-04 -2.6135e-04 -2.7604e-04 -2.9056e-04 -3.0478e-04 -3.1853e-04 -3.3161e-04 -3.4381e-04 -3.5488e-04 -3.6456e-04 -3.7255e-04 -3.7855e-04 -3.8224e-04 -3.8331e-04 -3.8143e-04 -3.7633e-04 -3.6776e-04 -3.5557e-04 -3.3969e-04 -3.2017e-04 -2.9722e-04 -2.7121e-04 -2.4271e-04 -2.1247e-04 -1.8139e-04 -1.5049e-04 -1.2085e-04 -9.3492e-05 -6.9299e-05 -4.8903e-05 -3.2609e-05 -2.0368e-05 -1.1794e-05 -6.2549e-06 -2.9944e-06 -1.2720e-06 -4.6972e-07 -1.4712e-07 -3.7940e-08 -7.7727e-09 -1.2111e-09 -1.3608e-10 -1.0329e-11 -4.8850e-13 -1.3022e-14 -1.7259e-16 -9.7097e-19 -1.8974e-21 -9.9647e-25 -1.0103e-28 -1.2853e-33 -1.1647e-39 -3.5418e-47 -1.3139e-56 -1.4991e-68 -7.8507e-84 -1.3112e-103 -1.5606e-129 -5.2999e-164 -1.4322e-210 -1.2436e-274 -0.0000e+00 -0.0000e+00 -0.0000e+00 -0.0000e+00 -0.0000e+00 -0.0000e+00 -0.0000e+00 -0.0000e+00 -0.0000e+00 -0.0000e+00 -0.0000e+00 -0.0000e+00 -0.0000e+00 -0.0000e+00
-2.0127e-06 -5.6968e-06 -1.0478e-05 -1.6159e-05 -2.2632e-05 -2.9827e-05 -3.7701e-05 -4.6220e-05 2.1663e-04 -6.5118e-05 -7.5469e-05 -8.6411e-05 -9.7938e-05 -1.1004e-04 -1.2273e-04 -1.3598e-04 -1.4979e-04 -1.6415e-04 -1.7904e-04 -1.9445e-04 -2.1034e-04 -2.2668e-04 -2.4343e-04 -2.6052e-04 -2.7789e-04 -2.9544e-04 -3.1308e-04 -3.3068e-04 -3.4809e-04 -3.6513e-04 -3.8160e-04 -3.9728e-04 -4.1190e-04 -4.2518e-04 -4.3679e-04 -4.4638e-04 -4.5359e-04 -4.5804e-04 -4.5934e-04 -4.5711e-04 -4.5103e-04 -4.4080e-04 -4.2623e-04 -4.0723e-04 -3.8387e-04 -3.5640e-04 -3.2526e-04 -2.9113e-04 -2.5490e-04 -2.1765e-04 -1.8062e-04 -1.4508e-04 -1.1228e-04 -8.3250e-05 -5.8770e-05 -3.9206e-05 -2.4501e-05 -1.4196e-05 -7.5333e-06 -3.6092e-06 -1.5345e-06 -5.6720e-07 -1.7785e-07 -4.5927e-08 -9.4236e-09 -1.4709e-09 -1.6563e-10 -1.2602e-11 -5.9774e-13 -1.5989e-14 -2.1276e-16 -1.2027e-18 -2.3637e-21 -1.2500e-24 -1.2778e-28 -1.6422e-33 -1.5065e-39 -4.6505e-47 -1.7574e-56 -2.0518e-68 -1.1058e-83 -1.9145e-103 -2.3841e-129 -8.5731e-164 -2.4913e-210 -2.3721e-274 -0.0000e+00 -0.0000e+00 -0.0000e+00 -0.0000e+00 -0.0000e+00 -0.0000e+00 -0.0000e+00 -0.0000e+00 -0.0000e+00 -0.0000e+00 -0.0000e+00 -0.0000e+00 -0.0000e+00 -0.0000e+00 -2.0127e-06 -5.6968e-06 -1.0478e-05 -1.6159e-05 -2.2632e-05 -2.9827e-05 -3.7701e-05 -4.6220e-05 0.0000e+00 -6.5118e-05 -7.5469e-05 -8.6411e-05 -9.7938e-05 -1.1004e-04 -1.2273e-04 -1.3597e-04 -1.4978e-04 -1.6414e-04 -1.7904e-04 -1.9444e-04 -2.1033e-04 -2.2667e-04 -2.4342e-04 -2.6051e-04 -2.7787e-04 -2.9543e-04 -3.1306e-04 -3.3065e-04 -3.4805e-04 -3.6509e-04 -3.8156e-04 -3.9723e-04 -4.1184e-04 -4.2510e-04 -4.3670e-04 -4.4627e-04 -4.5347e-04 -4.5789e-04 -4.5917e-04 -4.5692e-04 -4.5082e-04 -4.4056e-04 -4.2597e-04 -4.0695e-04 -3.8357e-04 -3.5608e-04 -3.2493e-04 -2.9079e-04 -2.5457e-04 -2.1733e-04 -1.8032e-04 -1.4481e-04 -1.1203e-04 -8.3048e-05 -5.8608e-05 -3.9084e-05 -2.4414e-05 -1.4138e-05 -7.4989e-06 -3.5904e-06 -1.5254e-06 -5.6337e-07 -1.7648e-07 -4.5522e-08 -9.3285e-09 -1.4539e-09 -1.6342e-10 -1.2409e-11 -5.8715e-13 -1.5661e-14 -2.0769e-16 -1.1694e-18 -2.2872e-21 -1.2026e-24 -1.2209e-28 -1.5559e-33 -1.4128e-39 -4.3072e-47 -1.6029e-56 -1.8362e-68 -9.6654e-84 -1.6249e-103 -1.9504e-129 -6.6975e-164 -1.8368e-210 -1.6268e-274 -0.0000e+00 -0.0000e+00 -0.0000e+00 -0.0000e+00 -0.0000e+00 -0.0000e+00 -0.0000e+00 -0.0000e+00 -0.0000e+00 -0.0000e+00 -0.0000e+00 -0.0000e+00 -0.0000e+00 -0.0000e+00
-2.3672e-06 -6.7004e-06 -1.2324e-05 -1.9006e-05 -2.6619e-05 -3.5082e-05 -4.4342e-05 -5.4363e-05 -6.5118e-05 3.3222e-04 -8.8764e-05 -1.0163e-04 -1.1519e-04 -1.2943e-04 -1.4435e-04 -1.5993e-04 -1.7617e-04 -1.9306e-04 -2.1058e-04 -2.2870e-04 -2.4740e-04 -2.6662e-04 -2.8632e-04 -3.0642e-04 -3.2685e-04 -3.4750e-04 -3.6825e-04 -3.8896e-04 -4.0943e-04 -4.2948e-04 -4.4887e-04 -4.6732e-04 -4.8453e-04 -5.0015e-04 -5.1382e-04 -5.2512e-04 -5.3362e-04 -5.3887e-04 -5.4041e-04 -5.3782e-04 -5.3069e-04 -5.1868e-04 -5.0156e-04 -4.7924e-04 -4.5178e-04 -4.1948e-04 -3.8287e-04 -3.4273e-04 -3.0012e-04 -2.5630e-04 -2.1273e-04 -1.7090e-04 -1.3228e-04 -9.8106e-05 -6.9275e-05 -4.6228e-05 -2.8899e-05 -1.6750e-05 -8.8929e-06 -4.2627e-06 -1.8134e-06 -6.7073e-07 -2.1048e-07 -5.4400e-08 -1.1174e-08 -1.7462e-09 -1.9689e-10 -1.5005e-11 -7.1308e-13 -1.9117e-14 -2.5505e-16 -1.4463e-18 -2.8531e-21 -1.5154e-24 -1.5575e-28 -2.0144e-33 -1.8622e-39 -5.8025e-47 -2.2178e-56 -2.6252e-68 -1.4388e-83 -2.5428e-103 -3.2471e-129 -1.2040e-163 -3.6320e-210 -3.6192e-274 -0.0000e+00 -0.0000e+00 -0.0000e+00 -0.0000e+00 -0.0000e+00 -0.0000e+00 -0.0000e+00 -0.0000e+00 -0.0000e+00 -0.0000e+00 -0.0000e+00 -0.0000e+00 -0.0000e+00 -0.0000e+00 -2.3672e-06 -6.7004e-06 -1.2324e-05 -1.9006e-05 -2.6619e-05 -3.5082e-05 -4.4342e-05 -5.4363e-05 -6.5118e-05 0.0000e+00 -8.8764e-05 -1.0163e-04 -1.1519e-04 -1.2943e-04 -1.4434e-04 -1.5993e-04 -1.7617e-04 -1.9306e-04 -2.1058e-04 -2.2870e-04 -2.4739e-04 -2.6661e-04 -2.8630e-04 -3.0640e-04 -3.2683e-04 -3.4748e-04 -3.6822e-04 -3.8891e-04 -4.0938e-04 -4.2942e-04 -4.4879e-04 -4.6722e-04 -4.8441e-04 -5.0001e-04 -5.1365e-04 -5.2492e-04 -5.3339e-04 -5.3860e-04 -5.4011e-04 -5.3748e-04 -5.3030e-04 -5.1825e-04 -5.0109e-04 -4.7873e-04 -4.5124e-04 -4.1891e-04 -3.8227e-04 -3.4213e-04 -2.9952e-04 -2.5572e-04 -2.1218e-04 -1.7041e-04 -1.3185e-04 -9.7741e-05 -6.8983e-05 -4.6007e-05 -2.8742e-05 -1.6647e-05 -8.8307e-06 -4.2288e-06 -1.7970e-06 -6.6381e-07 -2.0800e-07 -5.3669e-08 -1.1002e-08 -1.7154e-09 -1.9290e-10 -1.4655e-11 -6.9391e-13 -1.8523e-14 -2.4588e-16 -1.3859e-18 -2.7142e-21 -1.4293e-24 -1.4539e-28 -1.8572e-33 -1.6913e-39 -5.1745e-47 -1.9342e-56 -2.2281e-68 -1.1811e-83 -2.0035e-103 -2.4329e-129 -8.4812e-164 -2.3726e-210 -2.1573e-274 -0.0000e+00 -0.0000e+00 -0.0000e+00 -0.0000e+00 -0.0000e+00 -0.0000e+00 -0.0000e+00 -0.0000e+00 -0.0000e+00 -0.0000e+00 -0.0000e+00 -0.0000e+00 -0.0000e+00 -0.0000e+00
-2.7435e-06 -7.7655e-06 -1.4283e-05 -2.2027e-05 -3.0850e-05 -4.0659e-05 -5.1391e-05 -6.3005e-05 -7.5469e-05 -8.8764e-05 4.8975e-04 -1.1779e-04 -1.3350e-04 -1.5001e-04 -1.6729e-04 -1.8535e-04 -2.0418e-04 -2.2376e-04 -2.4406e-04 -2.6506e-04 -2.8673e-04 -3.0901e-04 -3.3184e-04 -3.5515e-04 -3.7883e-04 -4.0277e-04 -4.2682e-04 -4.5082e-04 -4.7456e-04 -4.9781e-04 -5.2029e-04 -5.4169e-04 -5.6165e-04 -5.7978e-04 -5.9564e-04 -6.0876e-04 -6.1863e-04 -6.2475e-04 -6.2657e-04 -6.2360e-04 -6.1537e-04 -6.0149e-04 -5.8168e-04 -5.5584e-04 -5.2405e-04 -4.8664e-04 -4.4423e-04 -3.9771e-04 -3.4832e-04 -2.9752e-04 -2.4699e-04 -1.9848e-04 -1.5367e-04 -1.1400e-04 -8.0529e-05 -5.3759e-05 -3.3622e-05 -1.9498e-05 -1.0358e-05 -4.9683e-06 -2.1152e-06 -7.8307e-07 -2.4598e-07 -6.3653e-08 -1.3092e-08 -2.0493e-09 -2.3150e-10 -1.7681e-11 -8.4239e-13 -2.2651e-14 -3.0327e-16 -1.7268e-18 -3.4231e-21 -1.8288e-24 -1.8926e-28 -2.4681e-33 -2.3042e-39 -7.2651e-47 -2.8164e-56 -3.3911e-68 -1.8969e-83 -3.4356e-103 -4.5178e-129 -1.7350e-163 -5.4577e-210 -5.7176e-274 -0.0000e+00 -0.0000e+00 -0.0000e+00 -0.0000e+00 -0.0000e+00 -0.0000e+00 -0.0000e+00 -0.0000e+00 -0.0000e+00 -0.0000e+00 -0.0000e+00 -0.0000e+00 -0.0000e+00 -0.0000e+00 -2.7435e-06 -7.7655e-06 -1.4283e-05 -2.2027e-05 -3.0850e-05 -4.0659e-05 -5.1391e-05 -6.3004e-05 -7.5469e-05 -8.8764e-05 0.0000e+00 -1.1779e-04 -1.3350e-04 -1.5000e-04 -1.6729e-04 -1.8535e-04 -2.0418e-04 -2.2375e-04 -2.4405e-04 -2.6505e-04 -2.8672e-04 -3.0899e-04 -3.3182e-04 -3.5512e-04 -3.7879e-04 -4.0272e-04 -4.2676e-04 -4.5075e-04 -4.7447e-04 -4.9770e-04 -5.2015e-04 -5.4152e-04 -5.6144e-04 -5.7954e-04 -5.9535e-04 -6.0842e-04 -6.1824e-04 -6.2429e-04 -6.2605e-04 -6.2301e-04 -6.1471e-04 -6.0075e-04 -5.8088e-04 -5.5497e-04 -5.2312e-04 -4.8566e-04 -4.4320e-04 -3.9668e-04 -3.4729e-04 -2.9653e-04 -2.4606e-04 -1.9763e-04 -1.5292e-04 -1.1338e-04 -8.0029e-05 -5.3381e-05 -3.3354e-05 -1.9322e-05 -1.0252e-05 -4.9103e-06 -2.0871e-06 -7.7124e-07 -2.4175e-07 -6.2401e-08 -1.2798e-08 -1.9965e-09 -2.2466e-10 -1.7081e-11 -8.0950e-13 -2.1631e-14 -2.8749e-16 -1.6228e-18 -3.1840e-21 -1.6803e-24 -1.7137e-28 -2.1959e-33 -2.0075e-39 -6.1713e-47 -2.3205e-56 -2.6930e-68 -1.4409e-83 -2.4735e-103 -3.0495e-129 -1.0841e-163 -3.1113e-210 -2.9253e-274 -0.0000e+00 -0.0000e+00 -0.0000e+00 -0.0000e+00 -0.0000e+00 -0.0000e+00 -0.0000e+00 -0.0000e+00 -0.0000e+00 -0.0000e+00 -0.0000e+00 -0.0000e+00 -0.0000e+00 -0.0000e+00
-3.1413e-06 -8.8914e-06 -1.6354e-05 -2.5221e-05 -3.5323e-05 -4.6554e-05 -5.8842e-05 -7.2139e-05 -8.6411e-05 -1.0163e-04 -1.1779e-04 6.9886e-04 -1.5286e-04 -1.7176e-04 -1.9155e-04 -2.1223e-04 -2.3379e-04 -2.5620e-04 -2.7945e-04 -3.0350e-04 -3.2831e-04 -3.5382e-04 -3.7997e-04 -4.0666e-04 -4.3378e-04 -4.6120e-04 -4.8875e-04 -5.1624e-04 -5.4344e-04 -5.7007e-04 -5.9582e-04 -6.2035e-04 -6.4323e-04 -6.6401e-04 -6.8220e-04 -6.9726e-04 -7.0861e-04 -7.1565e-04 -7.1779e-04 -7.1444e-04 -7.0507e-04 -6.8923e-04 -6.6661e-04 -6.3708e-04 -6.0072e-04 -5.5792e-04 -5.0938e-04 -4.5614e-04 -3.9957e-04 -3.4139e-04 -2.8349e-04 -2.2788e-04 -1.7649e-04 -1.3099e-04 -9.2572e-05 -6.1832e-05 -3.8694e-05 -2.2455e-05 -1.1938e-05 -5.7313e-06 -2.4425e-06 -9.0533e-07 -2.8477e-07 -7.3806e-08 -1.5208e-08 -2.3855e-09 -2.7013e-10 -2.0690e-11 -9.8898e-13 -2.6694e-14 -3.5902e-16 -2.0551e-18 -4.0993e-21 -2.2062e-24 -2.3030e-28 -3.0340e-33 -2.8671e-39 -9.1702e-47 -3.6157e-56 -4.4416e-68 -2.5440e-83 -4.7379e-103 -6.4382e-129 -2.5698e-163 -8.4596e-210 -9.3520e-274 -0.0000e+00 -0.0000e+00 -0.0000e+00 -0.0000e+00 -0.0000e+00 -0.0000e+00 -0.0000e+00 -0.0000e+00 -0.0000e+00 -0.0000e+00 -0.0000e+00 -0.0000e+00 -0.0000e+00 -0.0000e+00 -3.1413e-06 -8.8914e-06 -1.6354e-05 -2.5221e-05 -3.5323e-05 -4.6554e-05 -5.8842e-05 -7.2139e-05 -8.6411e-05 -1.0163e-04 -1.1779e-04 0.0000e+00 -1.5286e-04 -1.7175e-04 -1.9155e-04 -2.1223e-04 -2.3378e-04 -2.5619e-04 -2.7944e-04 -3.0349e-04 -3.2829e-04 -3.5380e-04 -3.7993e-04 -4.0661e-04 -4.3372e-04 -4.6112e-04 -4.8865e-04 -5.1612e-04 -5.4328e-04 -5.6988e-04 -5.9560e-04 -6.2007e-04 -6.4290e-04 -6.6362e-04 -6.8174e-04 -6.9672e-04 -7.0797e-04 -7.1492e-04 -7.1695e-04 -7.1348e-04 -7.0399e-04 -6.8803e-04 -6.6529e-04 -6.3565e-04 -5.9919e-04 -5.5631e-04 -5.0771e-04 -4.5444e-04 -3.9790e-04 -3.3976e-04 -2.8196e-04 -2.2649e-04 -1.7528e-04 -1.2997e-04 -9.1755e-05 -6.1213e-05 -3.8255e-05 -2.2166e-05 -1.1764e-05 -5.6364e-06 -2.3966e-06 -8.8595e-07 -2.7783e-07 -7.1755e-08 -1.4725e-08 -2.2989e-09 -2.5891e-10 -1.9705e-11 -9.3493e-13 -2.5017e-14 -3.3304e-16 -1.8836e-18 -3.7044e-21 -1.9605e-24 -2.0062e-28 -2.5814e-33 -2.3719e-39 -7.3369e-47 -2.7801e-56 -3.2573e-68 -1.7639e-83 -3.0741e-103 -3.8636e-129 -1.4077e-163 -4.1696e-210 -4.0838e-274 -0.0000e+00 -0.0000e+00 -0.0000e+00 -0.0000e+00 -0.0000e+00 -0.0000e+00 -0.0000e+00 -0.0000e+00 -0.0000e+00 -0.0000e+00 -0.0000e+00 -0.0000e+00 -0.0000e+00 -0.0000e+00
-3.5603e-06 -1.0077e-05 -1.8536e-05 -2.8585e-05 -4.0035e-05 -5.2764e-05 -6.6691e-05 -8.1762e-05 -9.7938e-05 -1.1519e-04 -1.3350e-04 -1.5286e-04 9.7050e-04 -1.9467e-04 -2.1710e-04 -2.4054e-04 -2.6498e-04 -2.9038e-04 -3.1674e-04 -3.4400e-04 -3.7212e-04 -4.0104e-04 -4.3068e-04 -4.6094e-04 -4.9168e-04 -5.2277e-04 -5.5401e-04 -5.8518e-04 -6.1603e-04 -6.4623e-04 -6.7545e-04 -7.0328e-04 -7.2925e-04 -7.5285e-04 -7.7351e-04 -7.9063e-04 -8.0356e-04 -8.1161e-04 -8.1410e-04 -8.1038e-04 -7.9983e-04 -7.8196e-04 -7.5641e-04 -7.2300e-04 -6.8187e-04 -6.3341e-04 -5.7843e-04 -5.1810e-04 -4.5398e-04 -3.8800e-04 -3.2231e-04 -2.5919e-04 -2.0084e-04 -1.4914e-04 -1.0546e-04 -7.0489e-05 -4.4146e-05 -2.5641e-05 -1.3646e-05 -6.5588e-06 -2.7989e-06 -1.0390e-06 -3.2738e-07 -8.5019e-08 -1.7559e-08 -2.7616e-09 -3.1368e-10 -2.4111e-11 -1.1573e-12 -3.1389e-14 -4.2453e-16 -2.4460e-18 -4.9165e-21 -2.6697e-24 -2.8160e-28 -3.7556e-33 -3.6001e-39 -1.1708e-46 -4.7073e-56 -5.9153e-68 -3.4787e-83 -6.6804e-103 -9.4067e-129 -3.9136e-163 -1.3524e-209 -1.5833e-273 -0.0000e+00 -0.0000e+00 -0.0000e+00 -0.0000e+00 -0.0000e+00 -0.0000e+00 -0.0000e+00 -0.0000e+00 -0.0000e+00 -0.0000e+00 -0.0000e+00 -0.0000e+00 -0.0000e+00 -0.0000e+00 -3.5603e-06 -1.0077e-05 -1.8536e-05 -2.8585e-05 -4.0035e-05 -5.2764e-05 -6.6691e-05 -8.1762e-05 -9.7938e-05 -1.1519e-04 -1.3350e-04 -1.5286e-04 0.0000e+00 -1.9466e-04 -2.1710e-04 -2.4054e-04 -2.6497e-04 -2.9037e-04 -3.1672e-04 -3.4397e-04 -3.7209e-04 -4.0100e-04 -4.3062e-04 -4.6086e-04 -4.9159e-04 -5.2265e-04 -5.5386e-04 -5.8499e-04 -6.1579e-04 -6.4594e-04 -6.7510e-04 -7.0284e-04 -7.2873e-04 -7.5223e-04 -7.7278e-04 -7.8977e-04 -8.0255e-04 -8.1045e-04 -8.1277e-04 -8.0887e-04 -7.9814e-04 -7.8007e-04 -7.5433e-04 -7.2075e-04 -6.7946e-04 -6.3087e-04 -5.7581e-04 -5.1544e-04 -4.5134e-04 -3.8544e-04 -3.1991e-04 -2.5701e-04 -1.9893e-04 -1.4753e-04 -1.0417e-04 -6.9515e-05 -4.3455e-05 -2.5187e-05 -1.3371e-05 -6.4092e-06 -2.7264e-06 -1.0084e-06 -3.1642e-07 -8.1779e-08 -1.6796e-08 -2.6247e-09 -2.9592e-10 -2.2551e-11 -1.0716e-12 -2.8725e-14 -3.8322e-16 -2.1729e-18 -4.2861e-21 -2.2766e-24 -2.3398e-28 -3.0266e-33 -2.7989e-39 -8.7261e-47 -3.3387e-56 -3.9591e-68 -2.1762e-83 -3.8643e-103 -4.9725e-129 -1.8665e-163 -5.7415e-210 -5.9011e-274 -0.0000e+00 -0.0000e+00 -0.0000e+00 -0.0000e+00 -0.0000e+00 -0.0000e+00 -0.0000e+00 -0.0000e+00 -0.0000e+00 -0.0000e+00 -0.0000e+00 -0.0000e+00 -0.0000e+00 -0.0000e+00
-4.0004e-06 -1.1323e-05 -2.0827e-05 -3.2119e-05 -4.4984e-05 -5.9286e-05 -7.4935e-05 -9.1869e-05 -1.1004e-04 -1.2943e-04 -1.5001e-04 -1.7176e-04 -1.9467e-04 1.3170e-03 -2.4394e-04 -2.7028e-04 -2.9774e-04 -3.2629e-04 -3.5590e-04 -3.8654e-04 -4.1814e-04 -4.5064e-04 -4.8395e-04 -5.1796e-04 -5.5252e-04 -5.8747e-04 -6.2259e-04 -6.5764e-04 -6.9232e-04 -7.2629e-04 -7.5916e-04 -7.9047e-04 -8.1970e-04 -8.4628e-04 -8.6957e-04 -8.8888e-04 -9.0349e-04 -9.1263e-04 -9.1553e-04 -9.1146e-04 -8.9973e-04 -8.7976e-04 -8.5116e-04 -8.1373e-04 -7.6761e-04 -7.1324e-04 -6.5152e-04 -5.8375e-04 -5.1170e-04 -4.3750e-04 -3.6360e-04 -2.9255e-04 -2.2682e-04 -1.6855e-04 -1.1928e-04 -7.9792e-05 -5.0021e-05 -2.9086e-05 -1.5499e-05 -7.4603e-06 -3.1889e-06 -1.1860e-06 -3.7452e-07 -9.7504e-08 -2.0195e-08 -3.1867e-09 -3.6334e-10 -2.8052e-11 -1.3533e-12 -3.6920e-14 -5.0274e-16 -2.9195e-18 -5.9218e-21 -3.2497e-24 -3.4700e-28 -4.6936e-33 -4.5733e-39 -1.5156e-46 -6.2271e-56 -8.0227e-68 -4.8552e-83 -9.6359e-103 -1.4094e-128 -6.1275e-163 -2.2294e-209 -2.7749e-273 -0.0000e+00 -0.0000e+00 -0.0000e+00 -0.0000e+00 -0.0000e+00 -0.0000e+00 -0.0000e+00 -0.0000e+00 -0.0000e+00 -0.0000e+00 -0.0000e+00 -0.0000e+00 -0.0000e+00 -0.0000e+00 -4.0004e-06 -1.1323e-05 -2.0827e-05 -3.2119e-05 -4.4984e-05 -5.9286e-05 -7.4935e-05 -9.1869e-05 -1.1004e-04 -1.2943e-04 -1.5000e-04 -1.7175e-04 -1.9466e-04 0.0000e+00 -2.4393e-04 -2.7027e-04 -2.9772e-04 -3.2627e-04 -3.5587e-04 -3.8650e-04 -4.1809e-04 -4.5057e-04 -4.8386e-04 -5.1784e-04 -5.5237e-04 -5.8728e-04 -6.2235e-04 -6.5734e-04 -6.9195e-04 -7.2585e-04 -7.5862e-04 -7.8981e-04 -8.1891e-04 -8.4534e-04 -8.6845e-04 -8.8757e-04 -9.0196e-04 -9.1086e-04 -9.1350e-04 -9.0916e-04 -8.9714e-04 -8.7688e-04 -8.4799e-04 -8.1030e-04 -7.6393e-04 -7.0937e-04 -6.4751e-04 -5.7968e-04 -5.0766e-04 -4.3360e-04 -3.5994e-04 -2.8922e-04 -2.2390e-04 -1.6609e-04 -1.1731e-04 -7.8304e-05 -4.8965e-05 -2.8391e-05 -1.5079e-05 -7.2315e-06 -3.0780e-06 -1.1392e-06 -3.5774e-07 -9.2539e-08 -1.9026e-08 -2.9767e-09 -3.3608e-10 -2.5653e-11 -1.2213e-12 -3.2813e-14 -4.3893e-16 -2.4967e-18 -4.9435e-21 -2.6377e-24 -2.7258e-28 -3.5491e-33 -3.3084e-39 -1.0416e-46 -4.0330e-56 -4.8531e-68 -2.7164e-83 -4.9335e-103 -6.5287e-129 -2.5381e-163 -8.1582e-210 -8.8618e-274 -0.0000e+00 -0.0000e+00 -0.0000e+00 -0.0000e+00 -0.0000e+00 -0.0000e+00 -0.0000e+00 -0.0000e+00 -0.0000e+00 -0.0000e+00 -0.0000e+00 -0.0000e+00 -0.0000e+00 -0.0000e+00
-4.4614e-06 -1.2628e-05 -2.3227e-05 -3.5820e-05 -5.0167e-05 -6.6118e-05 -8.3570e-05 -1.0246e-04 -1.2273e-04 -1.4435e-04 -1.6729e-04 -1.9155e-04 -2.1710e-04 -2.4394e-04 1.7522e-03 -3.0143e-04 -3.3206e-04 -3.6390e-04 -3.9693e-04 -4.3110e-04 -4.6635e-04 -5.0261e-04 -5.3977e-04 -5.7771e-04 -6.1627e-04 -6.5527e-04 -6.9446e-04 -7.3358e-04 -7.7230e-04 -8.1024e-04 -8.4695e-04 -8.8193e-04 -9.1460e-04 -9.4432e-04 -9.7039e-04 -9.9204e-04 -1.0085e-03 -1.0188e-03 -1.0222e-03 -1.0178e-03 -1.0048e-03 -9.8273e-04 -9.5099e-04 -9.0941e-04 -8.5810e-04 -7.9758e-04 -7.2881e-04 -6.5327e-04 -5.7290e-04 -4.9008e-04 -4.0753e-04 -3.2811e-04 -2.5458e-04 -1.8933e-04 -1.3411e-04 -8.9814e-05 -5.6373e-05 -3.2825e-05 -1.7519e-05 -8.4478e-06 -3.6184e-06 -1.3489e-06 -4.2710e-07 -1.1153e-07 -2.3181e-08 -3.6726e-09 -4.2068e-10 -3.2650e-11 -1.5847e-12 -4.3535e-14 -5.9758e-16 -3.5024e-18 -7.1796e-21 -3.9879e-24 -4.3178e-28 -5.9339e-33 -5.8876e-39 -1.9920e-46 -8.3794e-56 -1.1089e-67 -6.9191e-83 -1.4220e-102 -2.1652e-128 -9.8634e-163 -3.7912e-209 -5.0386e-273 -0.0000e+00 -0.0000e+00 -0.0000e+00 -0.0000e+00 -0.0000e+00 -0.0000e+00 -0.0000e+00 -0.0000e+00 -0.0000e+00 -0.0000e+00 -0.0000e+00 -0.0000e+00 -0.0000e+00 -0.0000e+00 -4.4614e-06 -1.2628e-05 -2.3227e-05 -3.5820e-05 -5.0167e-05 -6.6118e-05 -8.3570e-05 -1.0246e-04 -1.2273e-04 -1.4434e-04 -1.6729e-04 -1.9155e-04 -2.1710e-04 -2.4393e-04 0.0000e+00 -3.0142e-04 -3.3203e-04 -3.6387e-04 -3.9689e-04 -4.3104e-04 -4.6628e-04 -5.0251e-04 -5.3964e-04 -5.7754e-04 -6.1605e-04 -6.5499e-04 -6.9411e-04 -7.3314e-04 -7.7176e-04 -8.0957e-04 -8.4614e-04 -8.8095e-04 -9.1342e-04 -9.4292e-04 -9.6874e-04 -9.9009e-04 -1.0062e-03 -1.0161e-03 -1.0191e-03 -1.0143e-03 -1.0010e-03 -9.7846e-04 -9.4629e-04 -9.0431e-04 -8.5264e-04 -7.9183e-04 -7.2286e-04 -6.4723e-04 -5.6691e-04 -4.8429e-04 -4.0209e-04 -3.2316e-04 -2.5024e-04 -1.8568e-04 -1.3119e-04 -8.7602e-05 -5.4803e-05 -3.1791e-05 -1.6895e-05 -8.1071e-06 -3.4532e-06 -1.2791e-06 -4.0207e-07 -1.0412e-07 -2.1434e-08 -3.3586e-09 -3.7985e-10 -2.9053e-11 -1.3865e-12 -3.7357e-14 -5.0137e-16 -2.8631e-18 -5.6955e-21 -3.0559e-24 -3.1791e-28 -4.1729e-33 -3.9279e-39 -1.2513e-46 -4.9149e-56 -6.0191e-68 -3.4422e-83 -6.4190e-103 -8.7759e-129 -3.5519e-163 -1.2001e-209 -1.3872e-273 -0.0000e+00 -0.0000e+00 -0.0000e+00 -0.0000e+00 -0.0000e+00 -0.0000e+00 -0.0000e+00 -0.0000e+00 -0.0000e+00 -0.0000e+00 -0.0000e+00 -0.0000e+00 -0.0000e+00 -0.0000e+00
-4.9431e-06 -1.3991e-05 -2.5735e-05 -3.9687e-05 -5.5584e-05 -7.3256e-05 -9.2593e-05 -1.1352e-04 -1.3598e-04 -1.5993e-04 -1.8535e-04 -2.1223e-04 -2.4054e-04 -2.7028e-04 -3.0143e-04 2.2917e-03 -3.6792e-04 -4.0320e-04 -4.3980e-04 -4.7767e-04 -5.1674e-04 -5.5693e-04 -5.9812e-04 -6.4017e-04 -6.8292e-04 -7.2615e-04 -7.6962e-04 -8.1301e-04 -8.5596e-04 -8.9805e-04 -9.3880e-04 -9.7764e-04 -1.0139e-03 -1.0470e-03 -1.0760e-03 -1.1001e-03 -1.1185e-03 -1.1301e-03 -1.1341e-03 -1.1294e-03 -1.1153e-03 -1.0910e-03 -1.0561e-03 -1.0102e-03 -9.5354e-04 -8.8663e-04 -8.1055e-04 -7.2690e-04 -6.3782e-04 -5.4596e-04 -4.5433e-04 -3.6609e-04 -2.8430e-04 -2.1166e-04 -1.5010e-04 -1.0065e-04 -6.3269e-05 -3.6903e-05 -1.9733e-05 -9.5364e-06 -4.0948e-06 -1.5308e-06 -4.8626e-07 -1.2745e-07 -2.6601e-08 -4.2344e-09 -4.8768e-10 -3.8086e-11 -1.8617e-12 -5.1561e-14 -7.1431e-16 -4.2308e-18 -8.7770e-21 -4.9419e-24 -5.4337e-28 -7.5988e-33 -7.6896e-39 -2.6602e-46 -1.1475e-55 -1.5624e-67 -1.0069e-82 -2.1471e-102 -3.4112e-128 -1.6330e-162 -6.6557e-209 -9.4914e-273 -0.0000e+00 -0.0000e+00 -0.0000e+00 -0.0000e+00 -0.0000e+00 -0.0000e+00 -0.0000e+00 -0.0000e+00 -0.0000e+00 -0.0000e+00 -0.0000e+00 -0.0000e+00 -0.0000e+00 -0.0000e+00 -4.9431e-06 -1.3991e-05 -2.5735e-05 -3.9687e-05 -5.5583e-05 -7.3256e-05 -9.2593e-05 -1.1352e-04 -1.3597e-04 -1.5993e-04 -1.8535e-04 -2.1223e-04 -2.4054e-04 -2.7027e-04 -3.0142e-04 0.0000e+00 -3.6788e-04 -4.0316e-04 -4.3974e-04 -4.7759e-04 -5.1663e-04 -5.5678e-04 -5.9792e-04 -6.3992e-04 -6.8260e-04 -7.2575e-04 -7.6911e-04 -8.1237e-04 -8.5517e-04 -8.9709e-04 -9.3763e-04 -9.7622e-04 -1.0122e-03 -1.0450e-03 -1.0736e-03 -1.0973e-03 -1.1152e-03 -1.1263e-03 -1.1297e-03 -1.1244e-03 -1.1097e-03 -1.0848e-03 -1.0493e-03 -1.0028e-03 -9.4562e-04 -8.7829e-04 -8.0192e-04 -7.1814e-04 -6.2913e-04 -5.3756e-04 -4.4643e-04 -3.5890e-04 -2.7800e-04 -2.0635e-04 -1.4585e-04 -9.7437e-05 -6.0988e-05 -3.5400e-05 -1.8825e-05 -9.0406e-06 -3.8542e-06 -1.4292e-06 -4.4976e-07 -1.1663e-07 -2.4048e-08 -3.7750e-09 -4.2787e-10 -3.2807e-11 -1.5703e-12 -4.2453e-14 -5.7207e-16 -3.2825e-18 -6.5670e-21 -3.5474e-24 -3.7203e-28 -4.9306e-33 -4.6952e-39 -1.5168e-46 -6.0596e-56 -7.5745e-68 -4.4411e-83 -8.5369e-103 -1.2112e-128 -5.1296e-163 -1.8324e-209 -2.2686e-273 -0.0000e+00 -0.0000e+00 -0.0000e+00 -0.0000e+00 -0.0000e+00 -0.0000e+00 -0.0000e+00 -0.0000e+00 -0.0000e+00 -0.0000e+00 -0.0000e+00 -0.0000e+00 -0.0000e+00 -0.0000e+00
