2.4673e-04 -4.1530e-05 -4.9404e-05 -5.4763e-05 -5.8085e-05 -5.9650e-05 -5.9676e-05 -5.8374e-05 -5.5955e-05 -5.2638e-05 -4.8641e-05 -4.4181e-05 -3.9458e-05 -3.4659e-05 -2.9942e-05 -2.5440e-05 -2.1254e-05 -1.7458e-05 -1.4092e-05 -1.1176e-05 -8.7035e-06 -6.6525e-06 -4.9877e-06 -3.6658e-06 -2.6392e-06 -1.8598e-06 -1.2817e-06 -8.6305e-07 -5.6721e-07 -3.6344e-07 -2.2677e-07 -1.3761e-07 -8.1090e-08 -4.6335e-08 -2.5629e-08 -1.3698e-08 -7.0604e-09 -3.5021e-09 -1.6679e-09 -7.6072e-10 -3.3139e-10 -1.3747e-10 -5.4130e-11 -2.0160e-11 -7.0744e-12 -2.3292e-12 -7.1618e-13 -2.0462e-13 -5.4022e-14 -1.3098e-14 -2.8971e-15 -5.8020e-16 -1.0434e-16 -1.6698e-17 -2.3537e-18 -2.8897e-19 -3.0511e-20 -2.7319e-21 -2.0418e-22 -1.2513e-23 -6.1638e-25 -2.3858e-26 -7.0722e-28 -1.5594e-29 -2.4740e-31 -2.7181e-33 -1.9795e-35 -9.0842e-38 -2.4773e-40 -3.7495e-43 -2.9080e-46 -1.0521e-49 -1.5893e-53 -8.7836e-58 -1.5169e-62 -6.7685e-68 -6.1971e-74 -8.7836e-81 -1.3619e-88 -1.4995e-97 -6.8150e-108 -6.4163e-120 -5.1591e-134 -1.1168e-150 -1.4145e-170 -1.3468e-194 -5.7995e-224 -2.2133e-260 -2.6658e-306 0.0000e+00 0.0000e+00 0.0000e+00 0.0000e+00 0.0000e+00 0.0000e+00 0.0000e+00 0.0000e+00 0.0000e+00 0.0000e+00 0.0000e+00 0.0000e+00 4.1518e-05 4.9371e-05 5.4698e-05 5.7979e-05 5.9492e-05 5.9461e-05 5.8099e-05 5.5621e-05 5.2249e-05 4.8205e-05 4.3708e-05 3.8962e-05 3.4152e-05 2.9438e-05 2.4951e-05 2.0792e-05 1.7030e-05 1.3707e-05 1.0836e-05 8.4100e-06 6.4052e-06 4.7841e-06 3.5021e-06 2.5107e-06 1.7614e-06 1.2082e-06 8.0948e-07 5.2922e-07 3.3724e-07 2.0921e-07 1.2618e-07 7.3879e-08 4.1930e-08 2.3029e-08 1.2217e-08 6.2483e-09 3.0740e-09 1.4514e-09 6.5602e-10 2.8307e-10 1.1626e-10 4.5300e-11 1.6686e-11 5.7878e-12 1.8825e-12 5.7144e-13 1.6108e-13 4.1925e-14 1.0014e-14 2.1802e-15 4.2941e-16 7.5879e-17 1.1920e-17 1.6476e-18 1.9813e-19 2.0466e-20 1.7904e-21 1.3056e-22 7.7953e-24 3.7349e-25 1.4037e-26 4.0326e-28 8.6000e-30 1.3166e-31 1.3926e-33 9.7371e-36 4.2777e-38 1.1132e-40 1.6022e-43 1.1770e-46 4.0157e-50 5.6923e-54 2.9361e-58 4.7025e-63 1.9321e-68 1.6155e-74 2.0710e-81 2.8710e-89 2.7878e-98 1.0985e-108 8.7756e-121 5.8205e-135 9.9952e-152 9.4756e-172 6.1267e-196 1.4631e-225 1.4232e-262 -2.8400e-308 0.0000e+00 0.0000e+00 0.0000e+00 0.0000e+00 0.0000e+00 0.0000e+00 0.0000e+00 0.0000e+00 0.0000e+00 0.0000e+00 0.0000e+00
-4.1530e-05 9.8732e-04 -6.8779e-05 -7.6357e-05 -8.1151e-05 -8.3538e-05 -8.3815e-05 -8.2257e-05 -7.9145e-05 -7.4766e-05 -6.9412e-05 -6.3369e-05 -5.6911e-05 -5.0289e-05 -4.3727e-05 -3.7410e-05 -3.1487e-05 -2.6067e-05 -2.1218e-05 -1.6976e-05 -1.3343e-05 -1.0299e-05 -7.8014e-06 -5.7957e-06 -4.2199e-06 -3.0089e-06 -2.0992e-06 -1.4317e-06 -9.5353e-07 -6.1949e-07 -3.9214e-07 -2.4153e-07 -1.4455e-07 -8.3933e-08 -4.7204e-08 -2.5667e-08 -1.3468e-08 -6.8045e-09 -3.3029e-09 -1.5364e-09 -6.8306e-10 -2.8937e-10 -1.1644e-10 -4.4348e-11 -1.5926e-11 -5.3701e-12 -1.6924e-12 -4.9597e-13 -1.3442e-13 -3.3486e-14 -7.6164e-15 -1.5699e-15 -2.9088e-16 -4.8003e-17 -6.9853e-18 -8.8625e-19 -9.6813e-20 -8.9790e-21 -6.9598e-22 -4.4296e-23 -2.2691e-24 -9.1473e-26 -2.8286e-27 -6.5174e-29 -1.0824e-30 -1.2474e-32 -9.5489e-35 -4.6168e-37 -1.3298e-39 -2.1318e-42 -1.7564e-45 -6.7737e-49 -1.0946e-52 -6.4992e-57 -1.2113e-61 -5.8635e-67 -5.8581e-73 -9.1211e-80 -1.5653e-87 -1.9246e-96 -9.8666e-107 -1.0603e-118 -9.8670e-133 -2.5130e-149 -3.8190e-169 -4.4672e-193 -2.4327e-222 -1.2169e-258 -2.0090e-304 0.0000e+00 0.0000e+00 0.0000e+00 0.0000e+00 0.0000e+00 0.0000e+00 0.0000e+00 0.0000e+00 0.0000e+00 0.0000e+00 0.0000e+00 4.1518e-05 0.0000e+00 6.8598e-05 7.6000e-05 8.0558e-05 8.2660e-05 8.2618e-05 8.0724e-05 7.7281e-05 7.2596e-05 6.6978e-05 6.0729e-05 5.4134e-05 4.7451e-05 4.0900e-05 3.4666e-05 2.8887e-05 2.3660e-05 1.9042e-05 1.5053e-05 1.1683e-05 8.8976e-06 6.6454e-06 4.8643e-06 3.4871e-06 2.4462e-06 1.6777e-06 1.1240e-06 7.3473e-07 4.6813e-07 2.9036e-07 1.7509e-07 1.0250e-07 5.8160e-08 3.1934e-08 1.6936e-08 8.6588e-09 4.2582e-09 2.0097e-09 9.0790e-10 3.9154e-10 1.6070e-10 6.2572e-11 2.3029e-11 7.9805e-12 2.5928e-12 7.8613e-13 2.2128e-13 5.7505e-14 1.3711e-14 2.9789e-15 5.8534e-16 1.0316e-16 1.6154e-17 2.2249e-18 2.6645e-19 2.7392e-20 2.3830e-21 1.7265e-22 1.0230e-23 4.8576e-25 1.8064e-26 5.1243e-28 1.0764e-29 1.6181e-31 1.6739e-33 1.1389e-35 4.8362e-38 1.2057e-40 1.6423e-43 1.1222e-46 3.4710e-50 4.2830e-54 1.7915e-58 2.0089e-63 3.6408e-69 -2.0707e-75 -1.1513e-81 -3.2915e-89 -5.5286e-98 -3.5216e-108 -4.4430e-120 -4.6708e-134 -1.3061e-150 -2.1305e-170 -2.6252e-194 -1.4814e-223 -7.5633e-260 -1.2565e-305 0.0000e+00 0.0000e+00 0.0000e+00 0.0000e+00 0.0000e+00 0.0000e+00 0.0000e+00 0.0000e+00 0.0000e+00 0.0000e+00 0.0000e+00
-4.9404e-05 -6.8779e-05 2.2230e-03 -9.1333e-05 -9.7385e-05 -1.0065e-04 -1.0146e-04 -1.0011e-04 -9.6913e-05 -9.2172e-05 -8.6209e-05 -7.9342e-05 -7.1880e-05 -6.4113e-05 -5.6304e-05 -4.8681e-05 -4.1432e-05 -3.4702e-05 -2.8595e-05 -2.3172e-05 -1.8457e-05 -1.4443e-05 -1.1098e-05 -8.3670e-06 -6.1852e-06 -4.4797e-06 -3.1759e-06 -2.2020e-06 -1.4915e-06 -9.8589e-07 -6.3519e-07 -3.9835e-07 -2.4284e-07 -1.4368e-07 -8.2366e-08 -4.5669e-08 -2.4444e-08 -1.2603e-08 -6.2447e-09 -2.9664e-09 -1.3473e-09 -5.8330e-10 -2.3997e-10 -9.3483e-11 -3.4352e-11 -1.1858e-11 -3.8273e-12 -1.1494e-12 -3.1936e-13 -8.1611e-14 -1.9052e-14 -4.0335e-15 -7.6805e-16 -1.3036e-16 -1.9525e-17 -2.5519e-18 -2.8743e-19 -2.7513e-20 -2.2033e-21 -1.4504e-22 -7.6949e-24 -3.2169e-25 -1.0332e-26 -2.4763e-28 -4.2858e-30 -5.1571e-32 -4.1309e-34 -2.0947e-36 -6.3446e-39 -1.0726e-41 -9.3489e-45 -3.8276e-48 -6.5924e-52 -4.1899e-56 -8.4004e-61 -4.3985e-66 -4.7832e-72 -8.1635e-79 -1.5482e-86 -2.1229e-95 -1.2267e-105 -1.5044e-117 -1.6209e-131 -4.8617e-148 -8.8784e-168 -1.2787e-191 -8.8311e-221 -5.8098e-257 -1.3204e-302 0.0000e+00 0.0000e+00 0.0000e+00 0.0000e+00 0.0000e+00 0.0000e+00 0.0000e+00 0.0000e+00 0.0000e+00 0.0000e+00 0.0000e+00 4.9371e-05 6.8598e-05 0.0000e+00 9.0376e-05 9.5796e-05 9.8295e-05 9.8244e-05 9.5992e-05 9.1897e-05 8.6324e-05 7.9642e-05 7.2211e-05 6.4367e-05 5.6418e-05 4.8627e-05 4.1212e-05 3.4339e-05 2.8123e-05 2.2632e-05 1.7888e-05 1.3881e-05 1.0570e-05 7.8926e-06 5.7757e-06 4.1391e-06 2.9026e-06 1.9899e-06 1.3325e-06 8.7058e-07 5.5434e-07 3.4358e-07 2.0701e-07 1.2107e-07 6.8623e-08 3.7633e-08 1.9930e-08 1.0173e-08 4.9935e-09 2.3517e-09 1.0598e-09 4.5580e-10 1.8649e-10 7.2347e-11 2.6516e-11 9.1446e-12 2.9547e-12 8.9013e-13 2.4871e-13 6.4081e-14 1.5127e-14 3.2484e-15 6.2958e-16 1.0917e-16 1.6770e-17 2.2572e-18 2.6292e-19 2.6132e-20 2.1808e-21 1.5000e-22 8.3194e-24 3.6243e-25 1.2001e-26 2.8903e-28 4.7320e-30 4.5883e-32 1.4262e-34 -1.9468e-36 -2.4571e-38 -1.1602e-40 -2.6154e-43 -2.8069e-46 -1.3475e-49 -2.6324e-53 -1.8521e-57 -4.0340e-62 -2.2604e-67 -2.5976e-73 -4.6352e-80 -9.1044e-88 -1.2821e-96 -7.5496e-107 -9.3659e-119 -1.0137e-132 -3.0333e-149 -5.4891e-169 -7.7797e-193 -5.2494e-222 -3.3486e-258 -7.3189e-304 0.0000e+00 0.0000e+00 0.0000e+00 0.0000e+00 0.0000e+00 0.0000e+00 0.0000e+00 0.0000e+00 0.0000e+00 0.0000e+00 0.0000e+00
-5.4763e-05 -7.6357e-05 -9.1333e-05 3.9560e-03 -1.0927e-04 -1.1356e-04 -1.1521e-04 -1.1452e-04 -1.1177e-04 -1.0726e-04 -1.0131e-04 -9.4225e-05 -8.6326e-05 -7.7917e-05 -6.9286e-05 -6.0691e-05 -5.2359e-05 -4.4474e-05 -3.7181e-05 -3.0581e-05 -2.4734e-05 -1.9659e-05 -1.5348e-05 -1.1760e-05 -8.8377e-06 -6.5085e-06 -4.6931e-06 -3.3101e-06 -2.2813e-06 -1.5346e-06 -1.0064e-06 -6.4255e-07 -3.9885e-07 -2.4033e-07 -1.4034e-07 -7.9282e-08 -4.3243e-08 -2.2725e-08 -1.1480e-08 -5.5612e-09 -2.5764e-09 -1.1382e-09 -4.7793e-10 -1.9010e-10 -7.1351e-11 -2.5167e-11 -8.3041e-12 -2.5505e-12 -7.2521e-13 -1.8975e-13 -4.5382e-14 -9.8494e-15 -1.9241e-15 -3.3529e-16 -5.1603e-17 -6.9364e-18 -8.0431e-19 -7.9343e-20 -6.5559e-21 -4.4584e-22 -2.4468e-23 -1.0597e-24 -3.5313e-26 -8.7977e-28 -1.5856e-29 -1.9911e-31 -1.6680e-33 -8.8686e-36 -2.8240e-38 -5.0340e-41 -4.6421e-44 -2.0180e-47 -3.7053e-51 -2.5219e-55 -5.4419e-60 -3.0841e-65 -3.6531e-71 -6.8401e-78 -1.4348e-85 -2.1967e-94 -1.4325e-104 -2.0076e-116 -2.5080e-130 -8.8729e-147 -1.9507e-166 -3.4659e-190 -3.0421e-219 -2.6384e-255 -8.2756e-301 0.0000e+00 0.0000e+00 0.0000e+00 0.0000e+00 0.0000e+00 0.0000e+00 0.0000e+00 0.0000e+00 0.0000e+00 0.0000e+00 0.0000e+00 5.4698e-05 7.6000e-05 9.0376e-05 0.0000e+00 1.0613e-04 1.0890e-04 1.0884e-04 1.0635e-04 1.0181e-04 9.5629e-05 8.8223e-05 7.9985e-05 7.1291e-05 6.2480e-05 5.3845e-05 4.5626e-05 3.8009e-05 3.1121e-05 2.5036e-05 1.9782e-05 1.5344e-05 1.1677e-05 8.7139e-06 6.3721e-06 4.5626e-06 3.1963e-06 2.1887e-06 1.4636e-06 9.5473e-07 6.0680e-07 3.7530e-07 2.2557e-07 1.3155e-07 7.4317e-08 4.0600e-08 2.1408e-08 1.0871e-08 5.3050e-09 2.4813e-09 1.1094e-09 4.7267e-10 1.9129e-10 7.3268e-11 2.6451e-11 8.9605e-12 2.8340e-12 8.3216e-13 2.2540e-13 5.5902e-14 1.2586e-14 2.5460e-15 4.5683e-16 7.1501e-17 9.5312e-18 1.0406e-18 8.5781e-20 4.0364e-21 -1.5000e-22 -5.4880e-23 -6.4353e-24 -4.9154e-25 -2.6860e-26 -1.0671e-27 -3.0537e-29 -6.1574e-31 -8.4810e-33 -7.6740e-35 -4.3521e-37 -1.4630e-39 -2.7290e-42 -2.6133e-45 -1.1718e-48 -2.2060e-52 -1.5309e-56 -3.3511e-61 -1.9174e-66 -2.2826e-72 -4.2769e-79 -8.9390e-87 -1.3579e-95 -8.7493e-106 -1.2063e-117 -1.4760e-131 -5.0913e-148 -1.0860e-167 -1.8626e-191 -1.5691e-220 -1.2981e-256 -3.8570e-302 0.0000e+00 0.0000e+00 0.0000e+00 0.0000e+00 0.0000e+00 0.0000e+00 0.0000e+00 0.0000e+00 0.0000e+00 0.0000e+00 0.0000e+00
-5.8085e-05 -8.1151e-05 -9.7385e-05 -1.0927e-04 6.1892e-03 -1.2319e-04 -1.2598e-04 -1.2636e-04 -1.2457e-04 -1.2085e-04 -1.1548e-04 -1.0874e-04 -1.0093e-04 -9.2345e-05 -8.3277e-05 -7.4010e-05 -6.4803e-05 -5.5885e-05 -4.7446e-05 -3.9638e-05 -3.2569e-05 -2.6304e-05 -2.0868e-05 -1.6251e-05 -1.2414e-05 -9.2932e-06 -6.8123e-06 -4.8850e-06 -3.4233e-06 -2.3417e-06 -1.5617e-06 -1.0141e-06 -6.4035e-07 -3.9254e-07 -2.3324e-07 -1.3409e-07 -7.4447e-08 -3.9832e-08 -2.0491e-08 -1.0112e-08 -4.7732e-09 -2.1493e-09 -9.2021e-10 -3.7334e-10 -1.4300e-10 -5.1492e-11 -1.7354e-11 -5.4474e-12 -1.5838e-12 -4.2401e-13 -1.0383e-13 -2.3090e-14 -4.6253e-15 -8.2719e-16 -1.3077e-16 -1.8073e-17 -2.1570e-18 -2.1925e-19 -1.8690e-20 -1.3129e-21 -7.4536e-23 -3.3444e-24 -1.1565e-25 -2.9954e-27 -5.6232e-29 -7.3701e-31 -6.4596e-33 -3.6021e-35 -1.2063e-37 -2.2684e-40 -2.2140e-43 -1.0224e-46 -2.0025e-50 -1.4604e-54 -3.3938e-59 -2.0831e-64 -2.6896e-70 -5.5294e-77 -1.2840e-84 -2.1967e-93 -1.6182e-103 -2.5941e-115 -3.7617e-129 -1.5716e-145 -4.1647e-165 -9.1416e-189 -1.0213e-217 -1.1696e-253 -5.0719e-299 0.0000e+00 0.0000e+00 0.0000e+00 0.0000e+00 0.0000e+00 0.0000e+00 0.0000e+00 0.0000e+00 0.0000e+00 0.0000e+00 0.0000e+00 5.7979e-05 8.0558e-05 9.5796e-05 1.0613e-04 0.0000e+00 1.1543e-04 1.1536e-04 1.1271e-04 1.0790e-04 1.0134e-04 9.3484e-05 8.4743e-05 7.5518e-05 6.6169e-05 5.7007e-05 4.8288e-05 4.0208e-05 3.2903e-05 2.6452e-05 2.0883e-05 1.6182e-05 1.2300e-05 9.1663e-06 6.6918e-06 4.7821e-06 3.3423e-06 2.2825e-06 1.5215e-06 9.8877e-07 6.2568e-07 3.8499e-07 2.2999e-07 1.3318e-07 7.4612e-08 4.0361e-08 2.1034e-08 1.0534e-08 5.0560e-09 2.3182e-09 1.0118e-09 4.1861e-10 1.6338e-10 5.9803e-11 2.0379e-11 6.4039e-12 1.8310e-12 4.6659e-13 1.0210e-13 1.7592e-14 1.6787e-15 -2.8269e-16 -2.0680e-16 -6.8273e-17 -1.6671e-17 -3.2890e-18 -5.3803e-19 -7.3389e-20 -8.3159e-21 -7.7556e-22 -5.8745e-23 -3.5538e-24 -1.6828e-25 -6.0911e-27 -1.6397e-28 -3.1798e-30 -4.2821e-32 -3.8374e-34 -2.1783e-36 -7.3959e-39 -1.4047e-41 -1.3799e-44 -6.3923e-48 -1.2519e-51 -9.1007e-56 -2.1018e-60 -1.2783e-65 -1.6304e-71 -3.3013e-78 -7.5274e-86 -1.2606e-94 -9.0603e-105 -1.4122e-116 -1.9840e-130 -7.9996e-147 -2.0372e-166 -4.2778e-190 -4.5485e-219 -4.9297e-255 -2.0101e-300 0.0000e+00 0.0000e+00 0.0000e+00 0.0000e+00 0.0000e+00 0.0000e+00 0.0000e+00 0.0000e+00 0.0000e+00 0.0000e+00 0.0000e+00
-5.9650e-05 -8.3538e-05 -1.0065e-04 -1.1356e-04 -1.2319e-04 8.9265e-03 -1.3419e-04 -1.3602e-04 -1.3563e-04 -1.3322e-04 -1.2897e-04 -1.2311e-04 -1.1590e-04 -1.0759e-04 -9.8475e-05 -8.8847e-05 -7.8992e-05 -6.9178e-05 -5.9650e-05 -5.0615e-05 -4.2243e-05 -3.4654e-05 -2.7926e-05 -2.2091e-05 -1.7141e-05 -1.3035e-05 -9.7070e-06 -7.0715e-06 -5.0346e-06 -3.4992e-06 -2.3714e-06 -1.5650e-06 -1.0044e-06 -6.2590e-07 -3.7813e-07 -2.2108e-07 -1.2485e-07 -6.7968e-08 -3.5587e-08 -1.7878e-08 -8.5950e-09 -3.9429e-09 -1.7206e-09 -7.1180e-10 -2.7812e-10 -1.0222e-10 -3.5181e-11 -1.1283e-11 -3.3542e-12 -9.1870e-13 -2.3033e-13 -5.2480e-14 -1.0780e-14 -1.9786e-15 -3.2132e-16 -4.5665e-17 -5.6101e-18 -5.8768e-19 -5.1689e-20 -3.7518e-21 -2.2037e-22 -1.0247e-23 -3.6780e-25 -9.9057e-27 -1.9375e-28 -2.6515e-30 -2.4321e-32 -1.4230e-34 -5.0139e-37 -9.9500e-40 -1.0283e-42 -5.0470e-46 -1.0549e-49 -8.2474e-54 -2.0652e-58 -1.3738e-63 -1.9345e-69 -4.3694e-76 -1.1240e-83 -2.1503e-92 -1.7909e-102 -3.2866e-114 -5.5370e-128 -2.7345e-144 -8.7433e-164 -2.3734e-187 -3.3789e-216 -5.1163e-252 -3.0719e-297 0.0000e+00 0.0000e+00 0.0000e+00 0.0000e+00 0.0000e+00 0.0000e+00 0.0000e+00 0.0000e+00 0.0000e+00 0.0000e+00 0.0000e+00 5.9492e-05 8.2660e-05 9.8295e-05 1.0890e-04 1.1543e-04 0.0000e+00 1.1836e-04 1.1564e-04 1.1068e-04 1.0395e-04 9.5866e-05 8.6880e-05 7.7396e-05 6.7785e-05 5.8367e-05 4.9406e-05 4.1103e-05 3.3600e-05 2.6976e-05 2.1263e-05 1.6445e-05 1.2472e-05 9.2683e-06 6.7438e-06 4.8003e-06 3.3392e-06 2.2676e-06 1.5014e-06 9.6790e-07 6.0662e-07 3.6898e-07 2.1738e-07 1.2378e-07 6.7936e-08 3.5834e-08 1.8099e-08 8.7142e-09 3.9767e-09 1.7069e-09 6.8153e-10 2.4875e-10 8.0394e-11 2.1389e-11 3.5825e-12 -5.1023e-13 -8.3824e-13 -4.9577e-13 -2.2042e-13 -8.2353e-14 -2.6796e-14 -7.6935e-15 -1.9562e-15 -4.3988e-16 -8.7081e-17 -1.5073e-17 -2.2611e-18 -2.9085e-19 -3.1680e-20 -2.8801e-21 -2.1495e-22 -1.2923e-23 -6.1245e-25 -2.2324e-26 -6.0844e-28 -1.2005e-29 -1.6525e-31 -1.5203e-33 -8.8983e-36 -3.1286e-38 -6.1805e-41 -6.3432e-44 -3.0846e-47 -6.3734e-51 -4.9145e-55 -1.2109e-59 -7.9077e-65 -1.0906e-70 -2.4065e-77 -6.0322e-85 -1.1216e-93 -9.0520e-104 -1.6050e-115 -2.6039e-129 -1.2340e-145 -3.7714e-165 -9.7437e-189 -1.3139e-217 -1.8741e-253 -1.0534e-298 0.0000e+00 0.0000e+00 0.0000e+00 0.0000e+00 0.0000e+00 0.0000e+00 0.0000e+00 0.0000e+00 0.0000e+00 0.0000e+00 0.0000e+00
-5.9676e-05 -8.3815e-05 -1.0146e-04 -1.1521e-04 -1.2598e-04 -1.3419e-04 1.2173e-02 -1.4362e-04 -1.4504e-04 -1.4438e-04 -1.4174e-04 -1.3727e-04 -1.3114e-04 -1.2357e-04 -1.1483e-04 -1.0518e-04 -9.4951e-05 -8.4429e-05 -7.3914e-05 -6.3677e-05 -5.3954e-05 -4.4935e-05 -3.6760e-05 -2.9520e-05 -2.3253e-05 -1.7952e-05 -1.3572e-05 -1.0038e-05 -7.2566e-06 -5.1216e-06 -3.5251e-06 -2.3631e-06 -1.5407e-06 -9.7566e-07 -5.9909e-07 -3.5609e-07 -2.0450e-07 -1.1324e-07 -6.0334e-08 -3.0853e-08 -1.5104e-08 -7.0583e-09 -3.1390e-09 -1.3240e-09 -5.2774e-10 -1.9797e-10 -6.9582e-11 -2.2804e-11 -6.9313e-12 -1.9425e-12 -4.9866e-13 -1.1643e-13 -2.4526e-14 -4.6208e-15 -7.7100e-16 -1.1269e-16 -1.4254e-17 -1.5391e-18 -1.3972e-19 -1.0480e-20 -6.3708e-22 -3.0705e-23 -1.1443e-24 -3.2058e-26 -6.5351e-28 -9.3409e-30 -8.9698e-32 -5.5082e-34 -2.0427e-36 -4.2796e-39 -4.6851e-42 -2.4449e-45 -5.4558e-49 -4.5750e-53 -1.2350e-57 -8.9075e-63 -1.3689e-68 -3.3987e-75 -9.6905e-83 -2.0746e-91 -1.9546e-101 -4.1097e-113 -8.0500e-127 -4.7033e-143 -1.8162e-162 -6.1033e-186 -1.1085e-214 -2.2219e-250 -1.8496e-295 0.0000e+00 0.0000e+00 0.0000e+00 0.0000e+00 0.0000e+00 0.0000e+00 0.0000e+00 0.0000e+00 0.0000e+00 0.0000e+00 0.0000e+00 5.9461e-05 8.2618e-05 9.8244e-05 1.0884e-04 1.1536e-04 1.1836e-04 0.0000e+00 1.1555e-04 1.1058e-04 1.0382e-04 9.5721e-05 8.6711e-05 7.7201e-05 6.7563e-05 5.8121e-05 4.9138e-05 4.0819e-05 3.3305e-05 2.6679e-05 2.0970e-05 1.6162e-05 1.2206e-05 9.0245e-06 6.5259e-06 4.6103e-06 3.1778e-06 2.1340e-06 1.3937e-06 8.8347e-07 5.4225e-07 3.2130e-07 1.8311e-07 9.9899e-08 5.1830e-08 2.5331e-08 1.1488e-08 4.7037e-09 1.6369e-09 3.9657e-10 -2.1191e-11 -1.1126e-10 -9.5310e-11 -6.0060e-11 -3.2161e-11 -1.5306e-11 -6.5923e-12 -2.5891e-12 -9.2935e-13 -3.0469e-13 -9.0989e-14 -2.4646e-14 -6.0222e-15 -1.3186e-15 -2.5668e-16 -4.4025e-17 -6.5850e-18 -8.4894e-19 -9.3094e-20 -8.5543e-21 -6.4760e-22 -3.9624e-23 -1.9173e-24 -7.1567e-26 -2.0035e-27 -4.0728e-29 -5.7932e-31 -5.5252e-33 -3.3633e-35 -1.2341e-37 -2.5534e-40 -2.7556e-43 -1.4149e-46 -3.1008e-50 -2.5488e-54 -6.7314e-59 -4.7401e-64 -7.0974e-70 -1.7131e-76 -4.7378e-84 -9.8141e-93 -8.9231e-103 -1.8054e-114 -3.3927e-128 -1.8953e-144 -6.9713e-164 -2.2224e-187 -3.8110e-216 -7.1745e-252 -5.5750e-297 0.0000e+00 0.0000e+00 0.0000e+00 0.0000e+00 0.0000e+00 0.0000e+00 0.0000e+00 0.0000e+00 0.0000e+00 0.0000e+00 0.0000e+00
-5.8374e-05 -8.2257e-05 -1.0011e-04 -1.1452e-04 -1.2636e-04 -1.3602e-04 -1.4362e-04 1.5933e-02 -1.5273e-04 -1.5420e-04 -1.5360e-04 -1.5097e-04 -1.4640e-04 -1.4004e-04 -1.3210e-04 -1.2283e-04 -1.1254e-04 -1.0157e-04 -9.0241e-05 -7.8892e-05 -6.7830e-05 -5.7321e-05 -4.7581e-05 -3.8770e-05 -3.0987e-05 -2.4275e-05 -1.8624e-05 -1.3980e-05 -1.0258e-05 -7.3501e-06 -5.1364e-06 -3.4967e-06 -2.3158e-06 -1.4899e-06 -9.2971e-07 -5.6174e-07 -3.2803e-07 -1.8477e-07 -1.0016e-07 -5.2137e-08 -2.5990e-08 -1.2373e-08 -5.6084e-09 -2.4122e-09 -9.8087e-10 -3.7558e-10 -1.3483e-10 -4.5157e-11 -1.4036e-11 -4.0253e-12 -1.0582e-12 -2.5322e-13 -5.4717e-14 -1.0584e-14 -1.8147e-15 -2.7286e-16 -3.5542e-17 -3.9567e-18 -3.7077e-19 -2.8748e-20 -1.8091e-21 -9.0399e-23 -3.4990e-24 -1.0199e-25 -2.1674e-27 -3.2367e-29 -3.2549e-31 -2.0985e-33 -8.1937e-36 -1.8130e-38 -2.1032e-41 -1.1674e-44 -2.7825e-48 -2.5036e-52 -7.2894e-57 -5.7031e-62 -9.5691e-68 -2.6131e-74 -8.2632e-82 -1.9807e-90 -2.1125e-100 -5.0924e-112 -1.1607e-125 -8.0292e-142 -3.7477e-161 -1.5607e-184 -3.6198e-213 -9.6170e-249 -1.1115e-293 0.0000e+00 0.0000e+00 0.0000e+00 0.0000e+00 0.0000e+00 0.0000e+00 0.0000e+00 0.0000e+00 0.0000e+00 0.0000e+00 0.0000e+00 5.8099e-05 8.0724e-05 9.5992e-05 1.0635e-04 1.1271e-04 1.1564e-04 1.1555e-04 0.0000e+00 1.0797e-04 1.0134e-04 9.3382e-05 8.4533e-05 7.5193e-05 6.5728e-05 5.6455e-05 4.7637e-05 3.9475e-05 3.2110e-05 2.5623e-05 2.0043e-05 1.5357e-05 1.1513e-05 8.4356e-06 6.0316e-06 4.2014e-06 2.8452e-06 1.8682e-06 1.1855e-06 7.2387e-07 4.2267e-07 2.3389e-07 1.2088e-07 5.6803e-08 2.2859e-08 6.4571e-09 -4.0695e-10 -2.5331e-09 -2.6051e-09 -1.9935e-09 -1.3126e-09 -7.7864e-10 -4.2425e-10 -2.1422e-10 -1.0062e-10 -4.4013e-11 -1.7912e-11 -6.7686e-12 -2.3673e-12 -7.6320e-13 -2.2572e-13 -6.0894e-14 -1.4888e-14 -3.2742e-15 -6.4239e-16 -1.1138e-16 -1.6887e-17 -2.2125e-18 -2.4715e-19 -2.3189e-20 -1.7965e-21 -1.1274e-22 -5.6081e-24 -2.1570e-25 -6.2369e-27 -1.3128e-28 -1.9385e-30 -1.9246e-32 -1.2232e-34 -4.7005e-37 -1.0220e-39 -1.1633e-42 -6.3254e-46 -1.4744e-49 -1.2953e-53 -3.6756e-58 -2.7977e-63 -4.5580e-69 -1.2061e-75 -3.6880e-83 -8.5284e-92 -8.7530e-102 -2.0249e-113 -4.4161e-127 -2.9137e-143 -1.2924e-162 -5.0939e-186 -1.1131e-214 -2.7717e-250 -2.9841e-295 0.0000e+00 0.0000e+00 0.0000e+00 0.0000e+00 0.0000e+00 0.0000e+00 0.0000e+00 0.0000e+00 0.0000e+00 0.0000e+00 0.0000e+00
-5.5955e-05 -7.9145e-05 -9.6913e-05 -1.1177e-04 -1.2457e-04 -1.3563e-04 -1.4504e-04 -1.5273e-04 2.0215e-02 -1.6246e-04 -1.6424e-04 -1.6386e-04 -1.6129e-04 -1.5659e-04 -1.4990e-04 -1.4145e-04 -1.3150e-04 -1.2040e-04 -1.0851e-04 -9.6230e-05 -8.3921e-05 -7.1931e-05 -6.0562e-05 -5.0054e-05 -4.0582e-05 -3.2251e-05 -2.5103e-05 -1.9121e-05 -1.4239e-05 -1.0355e-05 -7.3469e-06 -5.0788e-06 -3.4163e-06 -2.2330e-06 -1.4160e-06 -8.6972e-07 -5.1645e-07 -2.9590e-07 -1.6323e-07 -8.6490e-08 -4.3908e-08 -2.1297e-08 -9.8396e-09 -4.3158e-09 -1.7906e-09 -6.9996e-10 -2.5667e-10 -8.7867e-11 -2.7934e-11 -8.1993e-12 -2.2079e-12 -5.4156e-13 -1.2006e-13 -2.3845e-14 -4.2025e-15 -6.5012e-16 -8.7225e-17 -1.0014e-17 -9.6886e-19 -7.7671e-20 -5.0610e-21 -2.6227e-22 -1.0546e-23 -3.1989e-25 -7.0895e-27 -1.1064e-28 -1.1656e-30 -7.8922e-33 -3.2455e-35 -7.5866e-38 -9.3299e-41 -5.5105e-44 -1.4034e-47 -1.3555e-51 -4.2584e-56 -3.6158e-61 -6.6273e-67 -1.9915e-73 -6.9885e-81 -1.8768e-89 -2.2674e-99 -6.2706e-111 -1.6643e-124 -1.3643e-140 -7.7047e-160 -3.9799e-183 -1.1802e-211 -4.1613e-247 -6.6870e-292 0.0000e+00 0.0000e+00 0.0000e+00 0.0000e+00 0.0000e+00 0.0000e+00 0.0000e+00 0.0000e+00 0.0000e+00 0.0000e+00 0.0000e+00 5.5621e-05 7.7281e-05 9.1897e-05 1.0181e-04 1.0790e-04 1.1068e-04 1.1058e-04 1.0797e-04 0.0000e+00 9.6864e-05 8.9192e-05 8.0656e-05 7.1645e-05 6.2512e-05 5.3566e-05 4.5063e-05 3.7198e-05 3.0109e-05 2.3877e-05 1.8532e-05 1.4058e-05 1.0407e-05 7.5029e-06 5.2542e-06 3.5619e-06 2.3267e-06 1.4547e-06 8.6164e-07 4.7516e-07 2.3577e-07 9.6672e-08 2.2626e-08 -1.1687e-08 -2.3539e-08 -2.4033e-08 -1.9805e-08 -1.4458e-08 -9.6727e-09 -6.0231e-09 -3.5172e-09 -1.9331e-09 -1.0012e-09 -4.8857e-10 -2.2433e-10 -9.6719e-11 -3.9045e-11 -1.4707e-11 -5.1483e-12 -1.6669e-12 -4.9655e-13 -1.3527e-13 -3.3471e-14 -7.4661e-15 -1.4886e-15 -2.6280e-16 -4.0644e-17 -5.4415e-18 -6.2228e-19 -5.9877e-20 -4.7663e-21 -3.0792e-22 -1.5798e-23 -6.2800e-25 -1.8808e-26 -4.1098e-28 -6.3155e-30 -6.5421e-32 -4.3502e-34 -1.7544e-36 -4.0165e-39 -4.8308e-42 -2.7865e-45 -6.9200e-49 -6.5077e-53 -1.9874e-57 -1.6375e-62 -2.9073e-68 -8.4464e-75 -2.8596e-82 -7.3929e-91 -8.5774e-101 -2.2721e-112 -5.7593e-126 -4.4948e-142 -2.4080e-161 -1.1753e-184 -3.2785e-213 -1.0817e-248 -1.6168e-293 0.0000e+00 0.0000e+00 0.0000e+00 0.0000e+00 0.0000e+00 0.0000e+00 0.0000e+00 0.0000e+00 0.0000e+00 0.0000e+00 0.0000e+00
-5.2638e-05 -7.4766e-05 -9.2172e-05 -1.0726e-04 -1.2085e-04 -1.3322e-04 -1.4438e-04 -1.5420e-04 -1.6246e-04 2.5026e-02 -1.7333e-04 -1.7552e-04 -1.7533e-04 -1.7273e-04 -1.6776e-04 -1.6058e-04 -1.5141e-04 -1.4059e-04 -1.2850e-04 -1.1555e-04 -1.0218e-04 -8.8813e-05 -7.5826e-05 -6.3554e-05 -5.2259e-05 -4.2126e-05 -3.3264e-05 -2.5708e-05 -1.9427e-05 -1.4340e-05 -1.0329e-05 -7.2506e-06 -4.9539e-06 -3.2898e-06 -2.1202e-06 -1.3239e-06 -7.9944e-07 -4.6596e-07 -2.6159e-07 -1.4112e-07 -7.2966e-08 -3.6062e-08 -1.6985e-08 -7.5985e-09 -3.2171e-09 -1.2841e-09 -4.8104e-10 -1.6834e-10 -5.4748e-11 -1.6450e-11 -4.5379e-12 -1.1412e-12 -2.5960e-13 -5.2955e-14 -9.5944e-15 -1.5275e-15 -2.1113e-16 -2.5001e-17 -2.4982e-18 -2.0711e-19 -1.3977e-20 -7.5134e-22 -3.1392e-23 -9.9133e-25 -2.2917e-26 -3.7389e-28 -4.1272e-30 -2.9359e-32 -1.2720e-34 -3.1424e-37 -4.0981e-40 -2.5765e-43 -7.0141e-47 -7.2756e-51 -2.4674e-55 -2.2748e-60 -4.5569e-66 -1.5077e-72 -5.8745e-80 -1.7686e-88 -2.4220e-98 -7.6902e-110 -2.3786e-123 -2.3126e-139 -1.5817e-158 -1.0145e-181 -3.8514e-210 -1.8046e-245 -4.0385e-290 0.0000e+00 0.0000e+00 0.0000e+00 0.0000e+00 0.0000e+00 0.0000e+00 0.0000e+00 0.0000e+00 0.0000e+00 0.0000e+00 0.0000e+00 5.2249e-05 7.2596e-05 8.6324e-05 9.5629e-05 1.0134e-04 1.0395e-04 1.0382e-04 1.0134e-04 9.6864e-05 0.0000e+00 8.3505e-05 7.5399e-05 6.6839e-05 5.8162e-05 4.9663e-05 4.1587e-05 3.4125e-05 2.7410e-05 2.1522e-05 1.6490e-05 1.2301e-05 8.9061e-06 6.2325e-06 4.1901e-06 2.6813e-06 1.6079e-06 8.7703e-07 4.0535e-07 1.2156e-07 -3.2583e-08 -1.0241e-07 -1.2150e-07 -1.1332e-07 -9.3226e-08 -7.0404e-08 -4.9693e-08 -3.3079e-08 -2.0864e-08 -1.2496e-08 -7.1118e-09 -3.8445e-09 -1.9718e-09 -9.5771e-10 -4.3950e-10 -1.9001e-10 -7.7134e-11 -2.9288e-11 -1.0356e-11 -3.3938e-12 -1.0250e-12 -2.8357e-13 -7.1373e-14 -1.6219e-14 -3.2993e-15 -5.9512e-16 -9.4182e-17 -1.2922e-17 -1.5168e-18 -1.5004e-19 -1.2299e-20 -8.1960e-22 -4.3455e-23 -1.7886e-24 -5.5578e-26 -1.2628e-27 -2.0225e-29 -2.1891e-31 -1.5252e-33 -6.4637e-36 -1.5601e-38 -1.9852e-41 -1.2162e-44 -3.2216e-48 -3.2470e-52 -1.0683e-56 -9.5402e-62 -1.8479e-67 -5.9008e-74 -2.2145e-81 -6.4080e-90 -8.4143e-100 -2.5553e-111 -7.5376e-125 -6.9676e-141 -4.5146e-160 -2.7328e-183 -9.7461e-212 -4.2682e-247 -8.8746e-292 0.0000e+00 0.0000e+00 0.0000e+00 0.0000e+00 0.0000e+00 0.0000e+00 0.0000e+00 0.0000e+00 0.0000e+00 0.0000e+00 0.0000e+00
-4.8641e-05 -6.9412e-05 -8.6209e-05 -1.0131e-04 -1.1548e-04 -1.2897e-04 -1.4174e-04 -1.5360e-04 -1.6424e-04 -1.7333e-04 3.0374e-02 -1.8550e-04 -1.8801e-04 -1.8790e-04 -1.8509e-04 -1.7966e-04 -1.7178e-04 -1.6172e-04 -1.4985e-04 -1.3661e-04 -1.2247e-04 -1.0792e-04 -9.3424e-05 -7.9402e-05 -6.6213e-05 -5.4137e-05 -4.3366e-05 -3.4005e-05 -2.6078e-05 -1.9539e-05 -1.4289e-05 -1.0186e-05 -7.0694e-06 -4.7702e-06 -3.1246e-06 -1.9837e-06 -1.2183e-06 -7.2248e-07 -4.1282e-07 -2.2675e-07 -1.1943e-07 -6.0155e-08 -2.8887e-08 -1.3183e-08 -5.6967e-09 -2.3219e-09 -8.8882e-10 -3.1804e-10 -1.0582e-10 -3.2555e-11 -9.2017e-12 -2.3729e-12 -5.5399e-13 -1.1609e-13 -2.1627e-14 -3.5441e-15 -5.0480e-16 -6.1668e-17 -6.3655e-18 -5.4591e-19 -3.8164e-20 -2.1287e-21 -9.2440e-23 -3.0398e-24 -7.3322e-26 -1.2509e-27 -1.4473e-29 -1.0820e-31 -4.9406e-34 -1.2904e-36 -1.7852e-39 -1.1952e-42 -3.4795e-46 -3.8777e-50 -1.4203e-54 -1.4225e-59 -3.1159e-65 -1.1357e-71 -4.9164e-79 -1.6604e-87 -2.5792e-97 -9.4096e-109 -3.3946e-122 -3.9182e-138 -3.2487e-157 -2.5907e-180 -1.2606e-208 -7.8615e-244 -2.4542e-288 0.0000e+00 0.0000e+00 0.0000e+00 0.0000e+00 0.0000e+00 0.0000e+00 0.0000e+00 0.0000e+00 0.0000e+00 0.0000e+00 0.0000e+00 4.8205e-05 6.6978e-05 7.9642e-05 8.8223e-05 9.3484e-05 9.5866e-05 9.5721e-05 9.3382e-05 8.9192e-05 8.3505e-05 0.0000e+00 6.9093e-05 6.1070e-05 5.2935e-05 4.4966e-05 3.7397e-05 3.0411e-05 2.4136e-05 1.8651e-05 1.3987e-05 1.0131e-05 7.0382e-06 4.6375e-06 2.8411e-06 1.5531e-06 6.7655e-07 1.1962e-07 -2.0033e-07 -3.5381e-07 -3.9809e-07 -3.7723e-07 -3.2319e-07 -2.5755e-07 -1.9354e-07 -1.3813e-07 -9.3996e-08 -6.1103e-08 -3.7968e-08 -2.2547e-08 -1.2784e-08 -6.9115e-09 -3.5559e-09 -1.7370e-09 -8.0340e-10 -3.5075e-10 -1.4403e-10 -5.5406e-11 -1.9878e-11 -6.6181e-12 -2.0335e-12 -5.7305e-13 -1.4711e-13 -3.4137e-14 -7.1006e-15 -1.3113e-15 -2.1276e-16 -2.9968e-17 -3.6163e-18 -3.6832e-19 -3.1134e-20 -2.1430e-21 -1.1757e-22 -5.0166e-24 -1.6192e-25 -3.8296e-27 -6.3995e-29 -7.2451e-31 -5.2940e-33 -2.3600e-35 -6.0108e-38 -8.0998e-41 -5.2753e-44 -1.4919e-47 -1.6130e-51 -5.7233e-56 -5.5442e-61 -1.1726e-66 -4.1198e-73 -1.7155e-80 -5.5618e-89 -8.2743e-99 -2.8838e-110 -9.9111e-124 -1.0864e-139 -8.5254e-159 -6.4091e-182 -2.9270e-210 -1.7045e-245 -4.9394e-290 0.0000e+00 0.0000e+00 0.0000e+00 0.0000e+00 0.0000e+00 0.0000e+00 0.0000e+00 0.0000e+00 0.0000e+00 0.0000e+00 0.0000e+00
-4.4181e-05 -6.3369e-05 -7.9342e-05 -9.4225e-05 -1.0874e-04 -1.2311e-04 -1.3727e-04 -1.5097e-04 -1.6386e-04 -1.7552e-04 -1.8550e-04 3.6270e-02 -1.9883e-04 -2.0152e-04 -2.0128e-04 -1.9808e-04 -1.9199e-04 -1.8322e-04 -1.7209e-04 -1.5903e-04 -1.4453e-04 -1.2911e-04 -1.1332e-04 -9.7660e-05 -8.2590e-05 -6.8493e-05 -5.5660e-05 -4.4285e-05 -3.4467e-05 -2.6216e-05 -1.9466e-05 -1.4093e-05 -9.9369e-06 -6.8137e-06 -4.5369e-06 -2.9287e-06 -1.8297e-06 -1.1041e-06 -6.4219e-07 -3.5922e-07 -1.9276e-07 -9.8956e-08 -4.8458e-08 -2.2562e-08 -9.9523e-09 -4.1432e-09 -1.6208e-09 -5.9309e-10 -2.0194e-10 -6.3619e-11 -1.8428e-11 -4.8741e-12 -1.1681e-12 -2.5150e-13 -4.8188e-14 -8.1298e-15 -1.1935e-15 -1.5046e-16 -1.6047e-17 -1.4239e-18 -1.0315e-19 -5.9710e-21 -2.6958e-22 -9.2336e-24 -2.3246e-25 -4.1483e-27 -5.0327e-29 -3.9553e-31 -1.9041e-33 -5.2595e-36 -7.7223e-39 -5.5079e-42 -1.7154e-45 -2.0549e-49 -8.1325e-54 -8.8528e-59 -2.1217e-64 -8.5247e-71 -4.1024e-78 -1.5553e-86 -2.7425e-96 -1.1506e-107 -4.8457e-121 -6.6465e-137 -6.6883e-156 -6.6390e-179 -4.1468e-207 -3.4474e-242 -1.5041e-286 0.0000e+00 0.0000e+00 0.0000e+00 0.0000e+00 0.0000e+00 0.0000e+00 0.0000e+00 0.0000e+00 0.0000e+00 0.0000e+00 0.0000e+00 4.3708e-05 6.0729e-05 7.2211e-05 7.9985e-05 8.4743e-05 8.6880e-05 8.6711e-05 8.4533e-05 8.0656e-05 7.5399e-05 6.9093e-05 0.0000e+00 5.4635e-05 4.7094e-05 3.9704e-05 3.2687e-05 2.6217e-05 2.0418e-05 1.5369e-05 1.1102e-05 7.6066e-06 4.8421e-06 2.7402e-06 1.2162e-06 1.7612e-07 -4.7581e-07 -8.3091e-07 -9.7154e-07 -9.6809e-07 -8.7751e-07 -7.4318e-07 -5.9589e-07 -4.5558e-07 -3.3342e-07 -2.3407e-07 -1.5777e-07 -1.0210e-07 -6.3408e-08 -3.7749e-08 -2.1512e-08 -1.1714e-08 -6.0810e-09 -3.0021e-09 -1.4054e-09 -6.2186e-10 -2.5912e-10 -1.0127e-10 -3.6955e-11 -1.2528e-11 -3.9240e-12 -1.1285e-12 -2.9596e-13 -7.0245e-14 -1.4962e-14 -2.8327e-15 -4.7177e-16 -6.8299e-17 -8.4825e-18 -8.9044e-19 -7.7695e-20 -5.5294e-21 -3.1417e-22 -1.3909e-23 -4.6673e-25 -1.1501e-26 -2.0068e-28 -2.3783e-30 -1.8240e-32 -8.5598e-35 -2.3024e-37 -3.2881e-40 -2.2784e-43 -6.8849e-47 -7.9913e-51 -3.0602e-55 -3.2183e-60 -7.4394e-66 -2.8780e-72 -1.3310e-79 -4.8392e-88 -8.1645e-98 -3.2692e-109 -1.3105e-122 -1.7057e-138 -1.6231e-157 -1.5176e-180 -8.8894e-209 -6.8954e-244 -2.7907e-288 0.0000e+00 0.0000e+00 0.0000e+00 0.0000e+00 0.0000e+00 0.0000e+00 0.0000e+00 0.0000e+00 0.0000e+00 0.0000e+00 0.0000e+00
-3.9458e-05 -5.6911e-05 -7.1880e-05 -8.6326e-05 -1.0093e-04 -1.1590e-04 -1.3114e-04 -1.4640e-04 -1.6129e-04 -1.7533e-04 -1.8801e-04 -1.9883e-04 4.2725e-02 -2.1303e-04 -2.1571e-04 -2.1518e-04 -2.1139e-04 -2.0447e-04 -1.9466e-04 -1.8233e-04 -1.6797e-04 -1.5212e-04 -1.3537e-04 -1.1830e-04 -1.0146e-04 -8.5352e-05 -7.0370e-05 -5.6816e-05 -4.4883e-05 -3.4658e-05 -2.6132e-05 -1.9218e-05 -1.3767e-05 -9.5942e-06 -6.4946e-06 -4.2637e-06 -2.7098e-06 -1.6641e-06 -9.8546e-07 -5.6144e-07 -3.0698e-07 -1.6065e-07 -8.0236e-08 -3.8120e-08 -1.7168e-08 -7.3009e-09 -2.9195e-09 -1.0926e-09 -3.8078e-10 -1.2287e-10 -3.6480e-11 -9.8982e-12 -2.4356e-12 -5.3891e-13 -1.0622e-13 -1.8453e-14 -2.7929e-15 -3.6340e-16 -4.0056e-17 -3.6785e-18 -2.7619e-19 -1.6598e-20 -7.7933e-22 -2.7812e-23 -7.3100e-25 -1.3649e-26 -1.7369e-28 -1.4355e-30 -7.2884e-33 -2.1300e-35 -3.3204e-38 -2.5241e-41 -8.4139e-45 -1.0839e-48 -4.6374e-53 -5.4899e-58 -1.4404e-63 -6.3834e-70 -3.4174e-77 -1.4555e-85 -2.9158e-95 -1.4079e-106 -6.9291e-120 -1.1306e-135 -1.3825e-154 -1.7105e-177 -1.3735e-205 -1.5249e-240 -9.3177e-285 0.0000e+00 0.0000e+00 0.0000e+00 0.0000e+00 0.0000e+00 0.0000e+00 0.0000e+00 0.0000e+00 0.0000e+00 0.0000e+00 0.0000e+00 3.8962e-05 5.4134e-05 6.4367e-05 7.1291e-05 7.5518e-05 7.7396e-05 7.7201e-05 7.5193e-05 7.1645e-05 6.6839e-05 6.1070e-05 5.4635e-05 0.0000e+00 4.0896e-05 3.4105e-05 2.7656e-05 2.1713e-05 1.6399e-05 1.1793e-05 7.9270e-06 4.7980e-06 2.3682e-06 5.7411e-07 -6.6567e-07 -1.4428e-06 -1.8518e-06 -1.9840e-06 -1.9222e-06 -1.7376e-06 -1.4879e-06 -1.2167e-06 -9.5458e-07 -7.2036e-07 -5.2357e-07 -3.6668e-07 -2.4740e-07 -1.6071e-07 -1.0041e-07 -6.0249e-08 -3.4663e-08 -1.9082e-08 -1.0028e-08 -5.0175e-09 -2.3832e-09 -1.0711e-09 -4.5377e-10 -1.8049e-10 -6.7096e-11 -2.3195e-11 -7.4156e-12 -2.1790e-12 -5.8451e-13 -1.4205e-13 -3.1012e-14 -6.0253e-15 -1.0310e-15 -1.5354e-16 -1.9642e-17 -2.1269e-18 -1.9171e-19 -1.4117e-20 -8.3130e-22 -3.8214e-23 -1.3340e-24 -3.4270e-26 -6.2485e-28 -7.7569e-30 -6.2486e-32 -3.0889e-34 -8.7805e-37 -1.3298e-39 -9.8104e-43 -3.1698e-46 -3.9526e-50 -1.6348e-54 -1.8680e-59 -4.7229e-65 -2.0136e-71 -1.0351e-78 -4.2243e-87 -8.0908e-97 -3.7259e-108 -1.7441e-121 -2.6985e-137 -3.1180e-156 -3.6315e-179 -2.7329e-207 -2.8291e-242 -1.6025e-286 0.0000e+00 0.0000e+00 0.0000e+00 0.0000e+00 0.0000e+00 0.0000e+00 0.0000e+00 0.0000e+00 0.0000e+00 0.0000e+00 0.0000e+00
-3.4659e-05 -5.0289e-05 -6.4113e-05 -7.7917e-05 -9.2345e-05 -1.0759e-04 -1.2357e-04 -1.4004e-04 -1.5659e-04 -1.7273e-04 -1.8790e-04 -2.0152e-04 -2.1303e-04 4.9750e-02 -2.2777e-04 -2.3028e-04 -2.2929e-04 -2.2477e-04 -2.1688e-04 -2.0591e-04 -1.9229e-04 -1.7655e-04 -1.5930e-04 -1.4117e-04 -1.2281e-04 -1.0480e-04 -8.7673e-05 -7.1839e-05 -5.7607e-05 -4.5166e-05 -3.4587e-05 -2.5839e-05 -1.8810e-05 -1.3324e-05 -9.1709e-06 -6.1238e-06 -3.9600e-06 -2.4753e-06 -1.4926e-06 -8.6622e-07 -4.8268e-07 -2.5755e-07 -1.3121e-07 -6.3622e-08 -2.9258e-08 -1.2713e-08 -5.1972e-09 -1.9899e-09 -7.0988e-10 -2.3466e-10 -7.1429e-11 -1.9886e-11 -5.0250e-12 -1.1429e-12 -2.3178e-13 -4.1475e-14 -6.4728e-15 -8.6953e-16 -9.9081e-17 -9.4192e-18 -7.3323e-19 -4.5758e-20 -2.2349e-21 -8.3126e-23 -2.2818e-24 -4.4596e-26 -5.9543e-28 -5.1772e-30 -2.7733e-32 -8.5787e-35 -1.4204e-37 -1.1513e-40 -4.1097e-44 -5.6963e-48 -2.6362e-52 -3.3958e-57 -9.7598e-63 -4.7741e-69 -2.8454e-76 -1.3625e-84 -3.1036e-94 -1.7265e-105 -9.9394e-119 -1.9316e-134 -2.8737e-153 -4.4383e-176 -4.5892e-204 -6.8169e-239 -5.8465e-283 0.0000e+00 0.0000e+00 0.0000e+00 0.0000e+00 0.0000e+00 0.0000e+00 0.0000e+00 0.0000e+00 0.0000e+00 0.0000e+00 0.0000e+00 3.4152e-05 4.7451e-05 5.6418e-05 6.2480e-05 6.6169e-05 6.7785e-05 6.7563e-05 6.5728e-05 6.2512e-05 5.8162e-05 5.2935e-05 4.7094e-05 4.0896e-05 0.0000e+00 2.8389e-05 2.2497e-05 1.7070e-05 1.2226e-05 8.0453e-06 4.5651e-06 1.7869e-06 -3.2081e-07 -1.8158e-06 -2.7751e-06 -3.2876e-06 -3.4465e-06 -3.3433e-06 -3.0623e-06 -2.6765e-06 -2.2456e-06 -1.8147e-06 -1.4154e-06 -1.0664e-06 -7.7641e-07 -5.4608e-07 -3.7080e-07 -2.4284e-07 -1.5318e-07 -9.2930e-08 -5.4117e-08 -3.0188e-08 -1.6092e-08 -8.1749e-09 -3.9461e-09 -1.8039e-09 -7.7803e-10 -3.1533e-10 -1.1955e-10 -4.2189e-11 -1.3781e-11 -4.1413e-12 -1.1372e-12 -2.8319e-13 -6.3420e-14 -1.2654e-14 -2.2261e-15 -3.4127e-16 -4.5001e-17 -5.0294e-18 -4.6861e-19 -3.5725e-20 -2.1817e-21 -1.0420e-22 -3.7865e-24 -1.0147e-25 -1.9343e-27 -2.5169e-29 -2.1307e-31 -1.1102e-33 -3.3372e-36 -5.3637e-39 -4.2153e-42 -1.4572e-45 -1.9536e-49 -8.7328e-54 -1.0850e-58 -3.0027e-64 -1.4120e-70 -8.0752e-78 -3.7027e-86 -8.0586e-96 -4.2727e-107 -2.3382e-120 -4.3061e-136 -6.0503e-155 -8.7911e-178 -8.5145e-206 -1.1787e-240 -9.3664e-285 0.0000e+00 0.0000e+00 0.0000e+00 0.0000e+00 0.0000e+00 0.0000e+00 0.0000e+00 0.0000e+00 0.0000e+00 0.0000e+00 0.0000e+00
-2.9942e-05 -4.3727e-05 -5.6304e-05 -6.9286e-05 -8.3277e-05 -9.8475e-05 -1.1483e-04 -1.3210e-04 -1.4990e-04 -1.6776e-04 -1.8509e-04 -2.0128e-04 -2.1571e-04 -2.2777e-04 5.7360e-02 -2.4277e-04 -2.4497e-04 -2.4339e-04 -2.3802e-04 -2.2907e-04 -2.1685e-04 -2.0187e-04 -1.8470e-04 -1.6601e-04 -1.4649e-04 -1.2683e-04 -1.0767e-04 -8.9547e-05 -7.2901e-05 -5.8042e-05 -4.5146e-05 -3.4268e-05 -2.5352e-05 -1.8257e-05 -1.2779e-05 -8.6803e-06 -5.7123e-06 -3.6350e-06 -2.2322e-06 -1.3198e-06 -7.4962e-07 -4.0788e-07 -2.1201e-07 -1.0493e-07 -4.9286e-08 -2.1885e-08 -9.1483e-09 -3.5838e-09 -1.3091e-09 -4.4339e-10 -1.3840e-10 -3.9544e-11 -1.0264e-11 -2.4001e-12 -5.0094e-13 -9.2352e-14 -1.4866e-14 -2.0623e-15 -2.4299e-16 -2.3920e-17 -1.9310e-18 -1.2518e-19 -6.3622e-21 -2.4671e-22 -7.0750e-24 -1.4478e-25 -2.0290e-27 -1.8567e-29 -1.0498e-31 -3.4387e-34 -6.0502e-37 -5.2314e-40 -2.0007e-43 -2.9853e-47 -1.4953e-51 -2.0972e-56 -6.6073e-62 -3.5699e-68 -2.3706e-75 -1.2773e-83 -3.3113e-93 -2.1243e-104 -1.4322e-117 -3.3191e-133 -6.0164e-152 -1.1617e-174 -1.5496e-202 -3.0860e-237 -3.7237e-281 0.0000e+00 0.0000e+00 0.0000e+00 0.0000e+00 0.0000e+00 0.0000e+00 0.0000e+00 0.0000e+00 0.0000e+00 0.0000e+00 0.0000e+00 2.9438e-05 4.0900e-05 4.8627e-05 5.3845e-05 5.7007e-05 5.8367e-05 5.8121e-05 5.6455e-05 5.3566e-05 4.9663e-05 4.4966e-05 3.9704e-05 3.4105e-05 2.8389e-05 0.0000e+00 1.7397e-05 1.2454e-05 8.0464e-06 4.2559e-06 1.1260e-06 -1.3351e-06 -3.1510e-06 -4.3725e-06 -5.0710e-06 -5.3314e-06 -5.2455e-06 -4.9051e-06 -4.3964e-06 -3.7953e-06 -3.1649e-06 -2.5535e-06 -1.9950e-06 -1.5095e-06 -1.1060e-06 -7.8418e-07 -5.3756e-07 -3.5586e-07 -2.2716e-07 -1.3960e-07 -8.2430e-08 -4.6665e-08 -2.5266e-08 -1.3048e-08 -6.4081e-09 -2.9827e-09 -1.3110e-09 -5.4189e-10 -2.0970e-10 -7.5599e-11 -2.5249e-11 -7.7653e-12 -2.1843e-12 -5.5775e-13 -1.2821e-13 -2.6286e-14 -4.7571e-15 -7.5116e-16 -1.0215e-16 -1.1791e-17 -1.1362e-18 -8.9726e-20 -5.6857e-21 -2.8227e-22 -1.0683e-23 -2.9881e-25 -5.9589e-27 -8.1311e-29 -7.2385e-31 -3.9778e-33 -1.2651e-35 -2.1590e-38 -1.8088e-41 -6.6945e-45 -9.6550e-49 -4.6681e-53 -6.3106e-58 -1.9133e-63 -9.9318e-70 -6.3246e-77 -3.2614e-85 -8.0740e-95 -4.9342e-106 -3.1605e-119 -6.9374e-135 -1.1870e-153 -2.1553e-176 -2.6917e-204 -4.9936e-239 -5.5802e-283 0.0000e+00 0.0000e+00 0.0000e+00 0.0000e+00 0.0000e+00 0.0000e+00 0.0000e+00 0.0000e+00 0.0000e+00 0.0000e+00 0.0000e+00
-2.5440e-05 -3.7410e-05 -4.8681e-05 -6.0691e-05 -7.4010e-05 -8.8847e-05 -1.0518e-04 -1.2283e-04 -1.4145e-04 -1.6058e-04 -1.7966e-04 -1.9808e-04 -2.1518e-04 -2.3028e-04 -2.4277e-04 6.5568e-02 -2.5781e-04 -2.5960e-04 -2.5733e-04 -2.5104e-04 -2.4095e-04 -2.2743e-04 -2.1103e-04 -1.9238e-04 -1.7223e-04 -1.5131e-04 -1.3036e-04 -1.1006e-04 -9.0979e-05 -7.3566e-05 -5.8129e-05 -4.4836e-05 -3.3717e-05 -2.4688e-05 -1.7575e-05 -1.2147e-05 -8.1356e-06 -5.2711e-06 -3.2971e-06 -1.9866e-06 -1.1502e-06 -6.3835e-07 -3.3857e-07 -1.7109e-07 -8.2089e-08 -3.7256e-08 -1.5928e-08 -6.3859e-09 -2.3889e-09 -8.2923e-10 -2.6548e-10 -7.7863e-11 -2.0764e-11 -4.9933e-12 -1.0728e-12 -2.0382e-13 -3.3849e-14 -4.8506e-15 -5.9115e-16 -6.0275e-17 -5.0478e-18 -3.4001e-19 -1.7988e-20 -7.2747e-22 -2.1803e-23 -4.6735e-25 -6.8773e-27 -6.6261e-29 -3.9562e-31 -1.3728e-33 -2.5679e-36 -2.3698e-39 -9.7157e-43 -1.5616e-46 -8.4707e-51 -1.2944e-55 -4.4733e-61 -2.6717e-67 -1.9783e-74 -1.2005e-82 -3.5456e-92 -2.6259e-103 -2.0759e-116 -5.7445e-132 -1.2706e-150 -3.0725e-173 -5.2970e-201 -1.4175e-235 -2.4125e-279 0.0000e+00 0.0000e+00 0.0000e+00 0.0000e+00 0.0000e+00 0.0000e+00 0.0000e+00 0.0000e+00 0.0000e+00 0.0000e+00 0.0000e+00 2.4951e-05 3.4666e-05 4.1212e-05 4.5626e-05 4.8288e-05 4.9406e-05 4.9138e-05 4.7637e-05 4.5063e-05 4.1587e-05 3.7397e-05 3.2687e-05 2.7656e-05 2.2497e-05 1.7397e-05 0.0000e+00 8.0189e-06 4.0004e-06 5.5160e-07 -2.2773e-06 -4.4693e-06 -6.0388e-06 -7.0277e-06 -7.5000e-06 -7.5357e-06 -7.2238e-06 -6.6563e-06 -5.9215e-06 -5.0991e-06 -4.2568e-06 -3.4476e-06 -2.7097e-06 -2.0662e-06 -1.5278e-06 -1.0946e-06 -7.5905e-07 -5.0881e-07 -3.2919e-07 -2.0521e-07 -1.2301e-07 -7.0752e-08 -3.8949e-08 -2.0467e-08 -1.0235e-08 -4.8546e-09 -2.1759e-09 -9.1794e-10 -3.6283e-10 -1.3371e-10 -4.5689e-11 -1.4389e-11 -4.1483e-12 -1.0867e-12 -2.5655e-13 -5.4077e-14 -1.0073e-14 -1.6391e-15 -2.2999e-16 -2.7429e-17 -2.7350e-18 -2.2384e-19 -1.4725e-20 -7.6029e-22 -2.9986e-23 -8.7580e-25 -1.8280e-26 -2.6173e-28 -2.4514e-30 -1.4215e-32 -4.7863e-35 -8.6786e-38 -7.7554e-41 -3.0751e-44 -4.7745e-48 -2.4985e-52 -3.6781e-57 -1.2226e-62 -7.0119e-69 -4.9766e-76 -2.8889e-84 -8.1439e-94 -5.7431e-105 -4.3113e-118 -1.1295e-133 -2.3573e-152 -5.3582e-175 -8.6453e-203 -2.1542e-237 -3.3943e-281 0.0000e+00 0.0000e+00 0.0000e+00 0.0000e+00 0.0000e+00 0.0000e+00 0.0000e+00 0.0000e+00 0.0000e+00 0.0000e+00 0.0000e+00
