1.0398e-04 -3.5285e-05 -4.3129e-05 -4.9661e-05 -5.5324e-05 -6.0338e-05 -6.4835e-05 -6.8897e-05 -7.2582e-05 -7.5929e-05 -7.8970e-05 -8.1726e-05 -8.4218e-05 -8.6459e-05 -8.8462e-05 -9.0238e-05 -9.1797e-05 -9.3146e-05 -9.4293e-05 -9.5247e-05 -9.6012e-05 -9.6597e-05 -9.7008e-05 -9.7250e-05 -9.7331e-05 -9.7255e-05 -9.7031e-05 -9.6663e-05 -9.6158e-05 -9.5523e-05 -9.4763e-05 -9.3885e-05 -9.2896e-05 -9.1801e-05 -9.0608e-05 -8.9322e-05 -8.7950e-05 -8.6499e-05 -8.4974e-05 -8.3382e-05 -8.1728e-05 -8.0020e-05 -7.8262e-05 -7.6462e-05 -7.4623e-05 -7.2753e-05 -7.0856e-05 -6.8938e-05 -6.7004e-05 -6.5059e-05 -6.3106e-05 -6.1152e-05 -5.9200e-05 -5.7254e-05 -5.5319e-05 -5.3397e-05 -5.1493e-05 -4.9609e-05 -4.7749e-05 -4.5915e-05 -4.4111e-05 -4.2337e-05 -4.0598e-05 -3.8894e-05 -3.7226e-05 -3.5598e-05 -3.4010e-05 -3.2463e-05 -3.0959e-05 -2.9497e-05 -2.8079e-05 -2.6705e-05 -2.5376e-05 -2.4092e-05 -2.2852e-05 -2.1656e-05 -2.0505e-05 -1.9398e-05 -1.8335e-05 -1.7314e-05 -1.6336e-05 -1.5400e-05 -1.4505e-05 -1.3650e-05 -1.2834e-05 -1.2057e-05 -1.1316e-05 -1.0612e-05 -9.9436e-06 -9.3089e-06 -8.7072e-06 -8.1374e-06 -7.5984e-06 -7.0890e-06 -6.6081e-06 -6.1546e-06 -5.7273e-06 -5.3251e-06 -4.9469e-06 -4.5917e-06 0.0000e+00 3.5285e-05 4.3128e-05 4.9661e-05 5.5323e-05 6.0338e-05 6.4834e-05 6.8896e-05 7.2580e-05 7.5927e-05 7.8966e-05 8.1722e-05 8.4213e-05 8.6453e-05 8.8456e-05 9.0231e-05 9.1788e-05 9.3136e-05 9.4282e-05 9.5234e-05 9.5999e-05 9.6582e-05 9.6991e-05 9.7232e-05 9.7311e-05 9.7234e-05 9.7008e-05 9.6639e-05 9.6132e-05 9.5495e-05 9.4734e-05 9.3854e-05 9.2863e-05 9.1767e-05 9.0572e-05 8.9285e-05 8.7912e-05 8.6459e-05 8.4932e-05 8.3339e-05 8.1684e-05 7.9975e-05 7.8216e-05 7.6414e-05 7.4575e-05 7.2704e-05 7.0806e-05 6.8888e-05 6.6953e-05 6.5007e-05 6.3054e-05 6.1099e-05 5.9147e-05 5.7201e-05 5.5265e-05 5.3343e-05 5.1439e-05 4.9556e-05 4.7696e-05 4.5863e-05 4.4058e-05 4.2285e-05 4.0546e-05 3.8843e-05 3.7176e-05 3.5549e-05 3.3961e-05 3.2415e-05 3.0912e-05 2.9451e-05 2.8034e-05 2.6661e-05 2.5333e-05 2.4049e-05 2.2810e-05 2.1616e-05 2.0466e-05 1.9360e-05 1.8298e-05 1.7279e-05 1.6302e-05 1.5367e-05 1.4473e-05 1.3619e-05 1.2805e-05 1.2028e-05 1.1289e-05 1.0586e-05 9.9184e-06 9.2848e-06 8.6842e-06 8.1155e-06 7.5774e-06 7.0690e-06 6.5891e-06 6.1365e-06 5.7101e-06 5.3088e-06 4.9315e-06 4.5771e-06
-3.5285e-05 4.1591e-04 -6.0920e-05 -7.0149e-05 -7.8148e-05 -8.5232e-05 -9.1585e-05 -9.7325e-05 -1.0253e-04 -1.0726e-04 -1.1156e-04 -1.1546e-04 -1.1898e-04 -1.2215e-04 -1.2498e-04 -1.2749e-04 -1.2970e-04 -1.3161e-04 -1.3324e-04 -1.3459e-04 -1.3568e-04 -1.3651e-04 -1.3709e-04 -1.3744e-04 -1.3756e-04 -1.3746e-04 -1.3715e-04 -1.3664e-04 -1.3593e-04 -1.3504e-04 -1.3398e-04 -1.3274e-04 -1.3135e-04 -1.2981e-04 -1.2814e-04 -1.2633e-04 -1.2439e-04 -1.2235e-04 -1.2020e-04 -1.1796e-04 -1.1563e-04 -1.1322e-04 -1.1074e-04 -1.0820e-04 -1.0561e-04 -1.0297e-04 -1.0030e-04 -9.7592e-05 -9.4863e-05 -9.2117e-05 -8.9361e-05 -8.6602e-05 -8.3846e-05 -8.1099e-05 -7.8365e-05 -7.5651e-05 -7.2961e-05 -7.0300e-05 -6.7672e-05 -6.5080e-05 -6.2530e-05 -6.0023e-05 -5.7563e-05 -5.5154e-05 -5.2796e-05 -5.0493e-05 -4.8247e-05 -4.6058e-05 -4.3929e-05 -4.1861e-05 -3.9854e-05 -3.7910e-05 -3.6028e-05 -3.4209e-05 -3.2452e-05 -3.0759e-05 -2.9129e-05 -2.7560e-05 -2.6053e-05 -2.4607e-05 -2.3221e-05 -2.1894e-05 -2.0624e-05 -1.9411e-05 -1.8254e-05 -1.7151e-05 -1.6101e-05 -1.5102e-05 -1.4152e-05 -1.3251e-05 -1.2397e-05 -1.1588e-05 -1.0822e-05 -1.0098e-05 -9.4149e-06 -8.7703e-06 -8.1629e-06 -7.5911e-06 -7.0533e-06 -6.5481e-06 3.5285e-05 0.0000e+00 6.0920e-05 7.0147e-05 7.8145e-05 8.5228e-05 9.1579e-05 9.7317e-05 1.0252e-04 1.0725e-04 1.1154e-04 1.1543e-04 1.1895e-04 1.2212e-04 1.2495e-04 1.2745e-04 1.2965e-04 1.3156e-04 1.3318e-04 1.3452e-04 1.3560e-04 1.3642e-04 1.3700e-04 1.3734e-04 1.3745e-04 1.3735e-04 1.3703e-04 1.3650e-04 1.3579e-04 1.3489e-04 1.3381e-04 1.3257e-04 1.3117e-04 1.2962e-04 1.2794e-04 1.2612e-04 1.2418e-04 1.2212e-04 1.1997e-04 1.1772e-04 1.1538e-04 1.1297e-04 1.1048e-04 1.0794e-04 1.0534e-04 1.0270e-04 1.0002e-04 9.7305e-05 9.4572e-05 9.1823e-05 8.9065e-05 8.6304e-05 8.3546e-05 8.0797e-05 7.8063e-05 7.5349e-05 7.2659e-05 6.9998e-05 6.7371e-05 6.4782e-05 6.2233e-05 5.9729e-05 5.7272e-05 5.4866e-05 5.2512e-05 5.0213e-05 4.7971e-05 4.5787e-05 4.3663e-05 4.1600e-05 3.9598e-05 3.7659e-05 3.5783e-05 3.3970e-05 3.2220e-05 3.0533e-05 2.8909e-05 2.7347e-05 2.5846e-05 2.4407e-05 2.3027e-05 2.1706e-05 2.0444e-05 1.9237e-05 1.8087e-05 1.6990e-05 1.5946e-05 1.4953e-05 1.4010e-05 1.3115e-05 1.2267e-05 1.1463e-05 1.0703e-05 9.9851e-06 9.3072e-06 8.6679e-06 8.0656e-06 7.4987e-06 6.9658e-06 6.4652e-06
-4.3129e-05 -6.0920e-05 9.3579e-04 -8.5745e-05 -9.5524e-05 -1.0418e-04 -1.1195e-04 -1.1897e-04 -1.2534e-04 -1.3113e-04 -1.3638e-04 -1.4115e-04 -1.4547e-04 -1.4935e-04 -1.5282e-04 -1.5590e-04 -1.5861e-04 -1.6095e-04 -1.6295e-04 -1.6461e-04 -1.6595e-04 -1.6698e-04 -1.6771e-04 -1.6815e-04 -1.6831e-04 -1.6820e-04 -1.6784e-04 -1.6723e-04 -1.6638e-04 -1.6530e-04 -1.6401e-04 -1.6252e-04 -1.6083e-04 -1.5897e-04 -1.5693e-04 -1.5473e-04 -1.5238e-04 -1.4989e-04 -1.4728e-04 -1.4455e-04 -1.4171e-04 -1.3878e-04 -1.3576e-04 -1.3267e-04 -1.2951e-04 -1.2629e-04 -1.2303e-04 -1.1973e-04 -1.1640e-04 -1.1304e-04 -1.0968e-04 -1.0631e-04 -1.0295e-04 -9.9589e-05 -9.6249e-05 -9.2931e-05 -8.9643e-05 -8.6389e-05 -8.3175e-05 -8.0005e-05 -7.6884e-05 -7.3816e-05 -7.0805e-05 -6.7855e-05 -6.4968e-05 -6.2147e-05 -5.9394e-05 -5.6712e-05 -5.4103e-05 -5.1567e-05 -4.9105e-05 -4.6720e-05 -4.4411e-05 -4.2178e-05 -4.0022e-05 -3.7943e-05 -3.5940e-05 -3.4013e-05 -3.2161e-05 -3.0384e-05 -2.8679e-05 -2.7047e-05 -2.5485e-05 -2.3993e-05 -2.2569e-05 -2.1211e-05 -1.9917e-05 -1.8686e-05 -1.7516e-05 -1.6406e-05 -1.5352e-05 -1.4354e-05 -1.3410e-05 -1.2517e-05 -1.1673e-05 -1.0877e-05 -1.0127e-05 -9.4203e-06 -8.7556e-06 -8.1310e-06 4.3128e-05 6.0920e-05 0.0000e+00 8.5741e-05 9.5517e-05 1.0417e-04 1.1194e-04 1.1895e-04 1.2531e-04 1.3109e-04 1.3634e-04 1.4110e-04 1.4540e-04 1.4926e-04 1.5272e-04 1.5578e-04 1.5847e-04 1.6080e-04 1.6278e-04 1.6442e-04 1.6574e-04 1.6675e-04 1.6746e-04 1.6787e-04 1.6801e-04 1.6788e-04 1.6749e-04 1.6685e-04 1.6597e-04 1.6487e-04 1.6356e-04 1.6204e-04 1.6033e-04 1.5844e-04 1.5637e-04 1.5415e-04 1.5178e-04 1.4927e-04 1.4664e-04 1.4389e-04 1.4103e-04 1.3808e-04 1.3504e-04 1.3193e-04 1.2876e-04 1.2552e-04 1.2225e-04 1.1894e-04 1.1559e-04 1.1223e-04 1.0886e-04 1.0549e-04 1.0212e-04 9.8758e-05 9.5416e-05 9.2098e-05 8.8811e-05 8.5559e-05 8.2348e-05 7.9182e-05 7.6067e-05 7.3006e-05 7.0004e-05 6.7062e-05 6.4185e-05 6.1375e-05 5.8635e-05 5.5965e-05 5.3369e-05 5.0847e-05 4.8401e-05 4.6031e-05 4.3738e-05 4.1522e-05 3.9383e-05 3.7321e-05 3.5335e-05 3.3426e-05 3.1592e-05 2.9832e-05 2.8146e-05 2.6532e-05 2.4988e-05 2.3514e-05 2.2107e-05 2.0767e-05 1.9491e-05 1.8277e-05 1.7124e-05 1.6030e-05 1.4993e-05 1.4011e-05 1.3082e-05 1.2205e-05 1.1376e-05 1.0595e-05 9.8585e-06 9.1656e-06 8.5142e-06 7.9023e-06
-4.9661e-05 -7.0149e-05 -8.5745e-05 1.6636e-03 -1.1000e-04 -1.1998e-04 -1.2892e-04 -1.3701e-04 -1.4435e-04 -1.5102e-04 -1.5709e-04 -1.6259e-04 -1.6756e-04 -1.7204e-04 -1.7606e-04 -1.7962e-04 -1.8275e-04 -1.8547e-04 -1.8778e-04 -1.8972e-04 -1.9128e-04 -1.9249e-04 -1.9334e-04 -1.9387e-04 -1.9408e-04 -1.9397e-04 -1.9358e-04 -1.9289e-04 -1.9194e-04 -1.9072e-04 -1.8926e-04 -1.8756e-04 -1.8565e-04 -1.8352e-04 -1.8119e-04 -1.7868e-04 -1.7600e-04 -1.7316e-04 -1.7017e-04 -1.6704e-04 -1.6379e-04 -1.6043e-04 -1.5697e-04 -1.5342e-04 -1.4980e-04 -1.4611e-04 -1.4236e-04 -1.3857e-04 -1.3474e-04 -1.3089e-04 -1.2703e-04 -1.2315e-04 -1.1928e-04 -1.1542e-04 -1.1157e-04 -1.0776e-04 -1.0397e-04 -1.0022e-04 -9.6516e-05 -9.2862e-05 -8.9263e-05 -8.5725e-05 -8.2251e-05 -7.8845e-05 -7.5512e-05 -7.2254e-05 -6.9074e-05 -6.5974e-05 -6.2957e-05 -6.0024e-05 -5.7177e-05 -5.4416e-05 -5.1743e-05 -4.9157e-05 -4.6660e-05 -4.4251e-05 -4.1929e-05 -3.9694e-05 -3.7546e-05 -3.5483e-05 -3.3504e-05 -3.1608e-05 -2.9794e-05 -2.8059e-05 -2.6403e-05 -2.4823e-05 -2.3318e-05 -2.1885e-05 -2.0523e-05 -1.9229e-05 -1.8001e-05 -1.6838e-05 -1.5736e-05 -1.4694e-05 -1.3709e-05 -1.2779e-05 -1.1903e-05 -1.1077e-05 -1.0300e-05 -9.5690e-06 4.9661e-05 7.0147e-05 8.5741e-05 0.0000e+00 1.0998e-04 1.1995e-04 1.2889e-04 1.3697e-04 1.4429e-04 1.5095e-04 1.5699e-04 1.6247e-04 1.6742e-04 1.7187e-04 1.7585e-04 1.7938e-04 1.8248e-04 1.8516e-04 1.8744e-04 1.8933e-04 1.9085e-04 1.9201e-04 1.9282e-04 1.9330e-04 1.9346e-04 1.9331e-04 1.9286e-04 1.9212e-04 1.9111e-04 1.8985e-04 1.8833e-04 1.8659e-04 1.8462e-04 1.8244e-04 1.8006e-04 1.7750e-04 1.7477e-04 1.7188e-04 1.6885e-04 1.6568e-04 1.6239e-04 1.5899e-04 1.5550e-04 1.5191e-04 1.4826e-04 1.4454e-04 1.4077e-04 1.3695e-04 1.3310e-04 1.2924e-04 1.2535e-04 1.2147e-04 1.1759e-04 1.1372e-04 1.0987e-04 1.0605e-04 1.0226e-04 9.8518e-05 9.4821e-05 9.1176e-05 8.7589e-05 8.4065e-05 8.0607e-05 7.7220e-05 7.3907e-05 7.0672e-05 6.7516e-05 6.4442e-05 6.1453e-05 5.8549e-05 5.5732e-05 5.3003e-05 5.0362e-05 4.7811e-05 4.5348e-05 4.2973e-05 4.0687e-05 3.8489e-05 3.6377e-05 3.4351e-05 3.2409e-05 3.0550e-05 2.8773e-05 2.7075e-05 2.5456e-05 2.3912e-05 2.2443e-05 2.1045e-05 1.9718e-05 1.8458e-05 1.7264e-05 1.6133e-05 1.5064e-05 1.4053e-05 1.3099e-05 1.2199e-05 1.1352e-05 1.0554e-05 9.8037e-06 9.0991e-06
-5.5324e-05 -7.8148e-05 -9.5524e-05 -1.1000e-04 2.5993e-03 -1.3367e-04 -1.4364e-04 -1.5266e-04 -1.6085e-04 -1.6829e-04 -1.7506e-04 -1.8120e-04 -1.8676e-04 -1.9177e-04 -1.9626e-04 -2.0024e-04 -2.0375e-04 -2.0680e-04 -2.0941e-04 -2.1159e-04 -2.1336e-04 -2.1473e-04 -2.1572e-04 -2.1633e-04 -2.1659e-04 -2.1651e-04 -2.1610e-04 -2.1537e-04 -2.1434e-04 -2.1302e-04 -2.1142e-04 -2.0956e-04 -2.0746e-04 -2.0512e-04 -2.0256e-04 -1.9979e-04 -1.9683e-04 -1.9370e-04 -1.9039e-04 -1.8694e-04 -1.8334e-04 -1.7963e-04 -1.7579e-04 -1.7186e-04 -1.6784e-04 -1.6375e-04 -1.5959e-04 -1.5539e-04 -1.5114e-04 -1.4686e-04 -1.4256e-04 -1.3825e-04 -1.3395e-04 -1.2965e-04 -1.2537e-04 -1.2112e-04 -1.1690e-04 -1.1272e-04 -1.0859e-04 -1.0451e-04 -1.0049e-04 -9.6544e-05 -9.2663e-05 -8.8858e-05 -8.5132e-05 -8.1488e-05 -7.7931e-05 -7.4461e-05 -7.1083e-05 -6.7797e-05 -6.4607e-05 -6.1511e-05 -5.8513e-05 -5.5612e-05 -5.2808e-05 -5.0102e-05 -4.7493e-05 -4.4980e-05 -4.2564e-05 -4.0243e-05 -3.8015e-05 -3.5880e-05 -3.3836e-05 -3.1880e-05 -3.0012e-05 -2.8230e-05 -2.6530e-05 -2.4912e-05 -2.3372e-05 -2.1909e-05 -2.0520e-05 -1.9203e-05 -1.7956e-05 -1.6775e-05 -1.5658e-05 -1.4604e-05 -1.3609e-05 -1.2672e-05 -1.1789e-05 -1.0958e-05 5.5323e-05 7.8145e-05 9.5517e-05 1.0998e-04 0.0000e+00 1.3363e-04 1.4359e-04 1.5258e-04 1.6074e-04 1.6816e-04 1.7489e-04 1.8099e-04 1.8651e-04 1.9147e-04 1.9590e-04 1.9983e-04 2.0328e-04 2.0627e-04 2.0881e-04 2.1092e-04 2.1261e-04 2.1390e-04 2.1481e-04 2.1534e-04 2.1552e-04 2.1535e-04 2.1484e-04 2.1403e-04 2.1290e-04 2.1149e-04 2.0981e-04 2.0786e-04 2.0566e-04 2.0324e-04 2.0059e-04 1.9774e-04 1.9470e-04 1.9148e-04 1.8810e-04 1.8457e-04 1.8091e-04 1.7712e-04 1.7323e-04 1.6923e-04 1.6516e-04 1.6102e-04 1.5681e-04 1.5257e-04 1.4828e-04 1.4397e-04 1.3964e-04 1.3532e-04 1.3099e-04 1.2668e-04 1.2240e-04 1.1814e-04 1.1392e-04 1.0975e-04 1.0563e-04 1.0157e-04 9.7575e-05 9.3649e-05 8.9797e-05 8.6024e-05 8.2333e-05 7.8729e-05 7.5213e-05 7.1789e-05 6.8459e-05 6.5224e-05 6.2086e-05 5.9046e-05 5.6104e-05 5.3261e-05 5.0517e-05 4.7872e-05 4.5326e-05 4.2877e-05 4.0524e-05 3.8267e-05 3.6104e-05 3.4033e-05 3.2053e-05 3.0162e-05 2.8357e-05 2.6638e-05 2.5001e-05 2.3444e-05 2.1965e-05 2.0562e-05 1.9232e-05 1.7972e-05 1.6781e-05 1.5655e-05 1.4592e-05 1.3590e-05 1.2645e-05 1.1757e-05 1.0921e-05 1.0136e-05
-6.0338e-05 -8.5232e-05 -1.0418e-04 -1.1998e-04 -1.3367e-04 3.7429e-03 -1.5669e-04 -1.6654e-04 -1.7548e-04 -1.8361e-04 -1.9100e-04 -1.9772e-04 -2.0381e-04 -2.0929e-04 -2.1421e-04 -2.1859e-04 -2.2245e-04 -2.2580e-04 -2.2868e-04 -2.3109e-04 -2.3306e-04 -2.3459e-04 -2.3571e-04 -2.3642e-04 -2.3674e-04 -2.3669e-04 -2.3629e-04 -2.3554e-04 -2.3445e-04 -2.3306e-04 -2.3136e-04 -2.2938e-04 -2.2713e-04 -2.2462e-04 -2.2187e-04 -2.1889e-04 -2.1570e-04 -2.1232e-04 -2.0875e-04 -2.0502e-04 -2.0114e-04 -1.9711e-04 -1.9296e-04 -1.8870e-04 -1.8435e-04 -1.7991e-04 -1.7540e-04 -1.7083e-04 -1.6621e-04 -1.6156e-04 -1.5689e-04 -1.5220e-04 -1.4751e-04 -1.4283e-04 -1.3817e-04 -1.3353e-04 -1.2893e-04 -1.2437e-04 -1.1986e-04 -1.1540e-04 -1.1101e-04 -1.0669e-04 -1.0245e-04 -9.8282e-05 -9.4201e-05 -9.0208e-05 -8.6308e-05 -8.2503e-05 -7.8795e-05 -7.5188e-05 -7.1682e-05 -6.8280e-05 -6.4983e-05 -6.1790e-05 -5.8704e-05 -5.5723e-05 -5.2848e-05 -5.0077e-05 -4.7412e-05 -4.4849e-05 -4.2388e-05 -4.0029e-05 -3.7768e-05 -3.5605e-05 -3.3536e-05 -3.1562e-05 -2.9678e-05 -2.7883e-05 -2.6175e-05 -2.4550e-05 -2.3007e-05 -2.1543e-05 -2.0155e-05 -1.8841e-05 -1.7597e-05 -1.6422e-05 -1.5313e-05 -1.4266e-05 -1.3280e-05 -1.2352e-05 6.0338e-05 8.5228e-05 1.0417e-04 1.1995e-04 1.3363e-04 0.0000e+00 1.5660e-04 1.6641e-04 1.7531e-04 1.8340e-04 1.9074e-04 1.9740e-04 2.0341e-04 2.0882e-04 2.1366e-04 2.1795e-04 2.2171e-04 2.2496e-04 2.2773e-04 2.3003e-04 2.3188e-04 2.3329e-04 2.3428e-04 2.3486e-04 2.3505e-04 2.3486e-04 2.3432e-04 2.3342e-04 2.3220e-04 2.3066e-04 2.2882e-04 2.2670e-04 2.2431e-04 2.2166e-04 2.1877e-04 2.1566e-04 2.1234e-04 2.0884e-04 2.0515e-04 2.0130e-04 1.9730e-04 1.9317e-04 1.8893e-04 1.8457e-04 1.8013e-04 1.7561e-04 1.7103e-04 1.6639e-04 1.6172e-04 1.5702e-04 1.5230e-04 1.4758e-04 1.4286e-04 1.3816e-04 1.3349e-04 1.2885e-04 1.2425e-04 1.1970e-04 1.1520e-04 1.1078e-04 1.0642e-04 1.0214e-04 9.7935e-05 9.3820e-05 8.9795e-05 8.5863e-05 8.2029e-05 7.8295e-05 7.4662e-05 7.1134e-05 6.7712e-05 6.4396e-05 6.1188e-05 5.8087e-05 5.5095e-05 5.2210e-05 4.9433e-05 4.6761e-05 4.4196e-05 4.1734e-05 3.9375e-05 3.7116e-05 3.4957e-05 3.2894e-05 3.0926e-05 2.9051e-05 2.7266e-05 2.5568e-05 2.3955e-05 2.2425e-05 2.0974e-05 1.9600e-05 1.8301e-05 1.7073e-05 1.5914e-05 1.4821e-05 1.3791e-05 1.2821e-05 1.1910e-05 1.1054e-05
-6.4835e-05 -9.1585e-05 -1.1195e-04 -1.2892e-04 -1.4364e-04 -1.5669e-04 5.0943e-03 -1.7899e-04 -1.8862e-04 -1.9737e-04 -2.0534e-04 -2.1258e-04 -2.1915e-04 -2.2507e-04 -2.3039e-04 -2.3513e-04 -2.3931e-04 -2.4296e-04 -2.4609e-04 -2.4873e-04 -2.5088e-04 -2.5258e-04 -2.5383e-04 -2.5464e-04 -2.5504e-04 -2.5505e-04 -2.5466e-04 -2.5391e-04 -2.5280e-04 -2.5136e-04 -2.4959e-04 -2.4751e-04 -2.4515e-04 -2.4251e-04 -2.3960e-04 -2.3646e-04 -2.3308e-04 -2.2950e-04 -2.2571e-04 -2.2175e-04 -2.1762e-04 -2.1334e-04 -2.0892e-04 -2.0438e-04 -1.9973e-04 -1.9499e-04 -1.9017e-04 -1.8529e-04 -1.8035e-04 -1.7537e-04 -1.7037e-04 -1.6535e-04 -1.6032e-04 -1.5530e-04 -1.5029e-04 -1.4531e-04 -1.4036e-04 -1.3546e-04 -1.3061e-04 -1.2581e-04 -1.2108e-04 -1.1643e-04 -1.1185e-04 -1.0735e-04 -1.0295e-04 -9.8634e-05 -9.4417e-05 -9.0301e-05 -8.6288e-05 -8.2382e-05 -7.8583e-05 -7.4894e-05 -7.1316e-05 -6.7850e-05 -6.4497e-05 -6.1257e-05 -5.8129e-05 -5.5114e-05 -5.2211e-05 -4.9418e-05 -4.6735e-05 -4.4159e-05 -4.1691e-05 -3.9327e-05 -3.7066e-05 -3.4905e-05 -3.2842e-05 -3.0876e-05 -2.9002e-05 -2.7220e-05 -2.5526e-05 -2.3917e-05 -2.2391e-05 -2.0945e-05 -1.9576e-05 -1.8281e-05 -1.7057e-05 -1.5903e-05 -1.4814e-05 -1.3788e-05 6.4834e-05 9.1579e-05 1.1194e-04 1.2889e-04 1.4359e-04 1.5660e-04 0.0000e+00 1.7881e-04 1.8838e-04 1.9706e-04 2.0495e-04 2.1211e-04 2.1857e-04 2.2438e-04 2.2958e-04 2.3419e-04 2.3823e-04 2.4173e-04 2.4470e-04 2.4718e-04 2.4916e-04 2.5067e-04 2.5174e-04 2.5236e-04 2.5256e-04 2.5237e-04 2.5178e-04 2.5082e-04 2.4950e-04 2.4785e-04 2.4587e-04 2.4359e-04 2.4102e-04 2.3818e-04 2.3507e-04 2.3173e-04 2.2817e-04 2.2440e-04 2.2044e-04 2.1630e-04 2.1200e-04 2.0757e-04 2.0300e-04 1.9833e-04 1.9355e-04 1.8870e-04 1.8377e-04 1.7879e-04 1.7377e-04 1.6872e-04 1.6365e-04 1.5858e-04 1.5351e-04 1.4846e-04 1.4343e-04 1.3845e-04 1.3350e-04 1.2861e-04 1.2379e-04 1.1903e-04 1.1435e-04 1.0975e-04 1.0523e-04 1.0081e-04 9.6484e-05 9.2260e-05 8.8140e-05 8.4127e-05 8.0224e-05 7.6433e-05 7.2756e-05 6.9193e-05 6.5745e-05 6.2414e-05 5.9198e-05 5.6099e-05 5.3114e-05 5.0244e-05 4.7487e-05 4.4842e-05 4.2307e-05 3.9880e-05 3.7560e-05 3.5343e-05 3.3229e-05 3.1214e-05 2.9296e-05 2.7471e-05 2.5738e-05 2.4094e-05 2.2535e-05 2.1059e-05 1.9663e-05 1.8344e-05 1.7098e-05 1.5923e-05 1.4817e-05 1.3775e-05 1.2796e-05 1.1876e-05
-6.8897e-05 -9.7325e-05 -1.1897e-04 -1.3701e-04 -1.5266e-04 -1.6654e-04 -1.7899e-04 6.6536e-03 -2.0051e-04 -2.0984e-04 -2.1833e-04 -2.2606e-04 -2.3307e-04 -2.3940e-04 -2.4509e-04 -2.5017e-04 -2.5466e-04 -2.5858e-04 -2.6196e-04 -2.6482e-04 -2.6716e-04 -2.6902e-04 -2.7041e-04 -2.7134e-04 -2.7183e-04 -2.7190e-04 -2.7156e-04 -2.7082e-04 -2.6972e-04 -2.6825e-04 -2.6644e-04 -2.6430e-04 -2.6185e-04 -2.5911e-04 -2.5609e-04 -2.5282e-04 -2.4929e-04 -2.4554e-04 -2.4158e-04 -2.3742e-04 -2.3309e-04 -2.2859e-04 -2.2394e-04 -2.1916e-04 -2.1427e-04 -2.0927e-04 -2.0418e-04 -1.9903e-04 -1.9381e-04 -1.8854e-04 -1.8325e-04 -1.7793e-04 -1.7260e-04 -1.6727e-04 -1.6196e-04 -1.5667e-04 -1.5141e-04 -1.4619e-04 -1.4103e-04 -1.3592e-04 -1.3089e-04 -1.2592e-04 -1.2103e-04 -1.1623e-04 -1.1153e-04 -1.0691e-04 -1.0240e-04 -9.7995e-05 -9.3696e-05 -8.9507e-05 -8.5431e-05 -8.1470e-05 -7.7626e-05 -7.3899e-05 -7.0291e-05 -6.6802e-05 -6.3432e-05 -6.0181e-05 -5.7047e-05 -5.4031e-05 -5.1132e-05 -4.8347e-05 -4.5675e-05 -4.3114e-05 -4.0663e-05 -3.8319e-05 -3.6080e-05 -3.3943e-05 -3.1907e-05 -2.9967e-05 -2.8122e-05 -2.6369e-05 -2.4704e-05 -2.3126e-05 -2.1630e-05 -2.0214e-05 -1.8876e-05 -1.7611e-05 -1.6418e-05 -1.5293e-05 6.8896e-05 9.7317e-05 1.1895e-04 1.3697e-04 1.5258e-04 1.6641e-04 1.7881e-04 0.0000e+00 2.0018e-04 2.0941e-04 2.1779e-04 2.2539e-04 2.3226e-04 2.3844e-04 2.4396e-04 2.4886e-04 2.5316e-04 2.5687e-04 2.6003e-04 2.6266e-04 2.6477e-04 2.6638e-04 2.6751e-04 2.6817e-04 2.6839e-04 2.6818e-04 2.6755e-04 2.6653e-04 2.6514e-04 2.6338e-04 2.6128e-04 2.5885e-04 2.5612e-04 2.5310e-04 2.4980e-04 2.4625e-04 2.4246e-04 2.3845e-04 2.3424e-04 2.2985e-04 2.2529e-04 2.2057e-04 2.1572e-04 2.1075e-04 2.0568e-04 2.0052e-04 1.9528e-04 1.8999e-04 1.8465e-04 1.7929e-04 1.7390e-04 1.6851e-04 1.6312e-04 1.5776e-04 1.5242e-04 1.4712e-04 1.4187e-04 1.3667e-04 1.3154e-04 1.2648e-04 1.2151e-04 1.1662e-04 1.1182e-04 1.0712e-04 1.0253e-04 9.8037e-05 9.3658e-05 8.9394e-05 8.5247e-05 8.1218e-05 7.7310e-05 7.3524e-05 6.9861e-05 6.6320e-05 6.2903e-05 5.9610e-05 5.6438e-05 5.3388e-05 5.0458e-05 4.7647e-05 4.4954e-05 4.2375e-05 3.9909e-05 3.7554e-05 3.5307e-05 3.3166e-05 3.1128e-05 2.9189e-05 2.7348e-05 2.5600e-05 2.3944e-05 2.2376e-05 2.0892e-05 1.9490e-05 1.8166e-05 1.6918e-05 1.5742e-05 1.4636e-05 1.3595e-05 1.2618e-05
-7.2582e-05 -1.0253e-04 -1.2534e-04 -1.4435e-04 -1.6085e-04 -1.7548e-04 -1.8862e-04 -2.0051e-04 8.4206e-03 -2.2118e-04 -2.3016e-04 -2.3833e-04 -2.4576e-04 -2.5247e-04 -2.5851e-04 -2.6391e-04 -2.6869e-04 -2.7288e-04 -2.7651e-04 -2.7958e-04 -2.8212e-04 -2.8415e-04 -2.8568e-04 -2.8674e-04 -2.8733e-04 -2.8748e-04 -2.8720e-04 -2.8651e-04 -2.8542e-04 -2.8396e-04 -2.8213e-04 -2.7996e-04 -2.7747e-04 -2.7466e-04 -2.7156e-04 -2.6818e-04 -2.6454e-04 -2.6067e-04 -2.5656e-04 -2.5225e-04 -2.4775e-04 -2.4307e-04 -2.3823e-04 -2.3325e-04 -2.2815e-04 -2.2293e-04 -2.1761e-04 -2.1222e-04 -2.0676e-04 -2.0124e-04 -1.9569e-04 -1.9010e-04 -1.8451e-04 -1.7891e-04 -1.7332e-04 -1.6775e-04 -1.6221e-04 -1.5671e-04 -1.5126e-04 -1.4587e-04 -1.4055e-04 -1.3529e-04 -1.3012e-04 -1.2504e-04 -1.2005e-04 -1.1516e-04 -1.1037e-04 -1.0568e-04 -1.0111e-04 -9.6656e-05 -9.2315e-05 -8.8094e-05 -8.3994e-05 -8.0016e-05 -7.6162e-05 -7.2431e-05 -6.8825e-05 -6.5344e-05 -6.1986e-05 -5.8751e-05 -5.5638e-05 -5.2646e-05 -4.9773e-05 -4.7017e-05 -4.4377e-05 -4.1851e-05 -3.9435e-05 -3.7128e-05 -3.4927e-05 -3.2829e-05 -3.0832e-05 -2.8932e-05 -2.7127e-05 -2.5414e-05 -2.3789e-05 -2.2250e-05 -2.0793e-05 -1.9416e-05 -1.8115e-05 -1.6888e-05 7.2580e-05 1.0252e-04 1.2531e-04 1.4429e-04 1.6074e-04 1.7531e-04 1.8838e-04 2.0018e-04 0.0000e+00 2.2061e-04 2.2944e-04 2.3745e-04 2.4468e-04 2.5119e-04 2.5701e-04 2.6217e-04 2.6669e-04 2.7061e-04 2.7394e-04 2.7671e-04 2.7893e-04 2.8062e-04 2.8181e-04 2.8251e-04 2.8274e-04 2.8252e-04 2.8186e-04 2.8078e-04 2.7931e-04 2.7746e-04 2.7525e-04 2.7269e-04 2.6981e-04 2.6663e-04 2.6316e-04 2.5942e-04 2.5543e-04 2.5120e-04 2.4677e-04 2.4214e-04 2.3733e-04 2.3236e-04 2.2725e-04 2.2202e-04 2.1667e-04 2.1124e-04 2.0572e-04 2.0015e-04 1.9452e-04 1.8887e-04 1.8320e-04 1.7752e-04 1.7184e-04 1.6619e-04 1.6056e-04 1.5498e-04 1.4945e-04 1.4397e-04 1.3857e-04 1.3324e-04 1.2800e-04 1.2285e-04 1.1779e-04 1.1284e-04 1.0800e-04 1.0327e-04 9.8661e-05 9.4169e-05 8.9800e-05 8.5556e-05 8.1439e-05 7.7450e-05 7.3591e-05 6.9861e-05 6.6261e-05 6.2791e-05 5.9450e-05 5.6237e-05 5.3151e-05 5.0190e-05 4.7352e-05 4.4635e-05 4.2038e-05 3.9557e-05 3.7190e-05 3.4934e-05 3.2787e-05 3.0745e-05 2.8805e-05 2.6965e-05 2.5220e-05 2.3568e-05 2.2005e-05 2.0528e-05 1.9134e-05 1.7819e-05 1.6580e-05 1.5415e-05 1.4319e-05 1.3289e-05
-7.5929e-05 -1.0726e-04 -1.3113e-04 -1.5102e-04 -1.6829e-04 -1.8361e-04 -1.9737e-04 -2.0984e-04 -2.2118e-04 1.0395e-02 -2.4095e-04 -2.4954e-04 -2.5735e-04 -2.6442e-04 -2.7080e-04 -2.7651e-04 -2.8157e-04 -2.8603e-04 -2.8989e-04 -2.9318e-04 -2.9592e-04 -2.9812e-04 -2.9981e-04 -3.0100e-04 -3.0171e-04 -3.0196e-04 -3.0176e-04 -3.0113e-04 -3.0009e-04 -2.9865e-04 -2.9684e-04 -2.9467e-04 -2.9215e-04 -2.8930e-04 -2.8615e-04 -2.8271e-04 -2.7899e-04 -2.7502e-04 -2.7081e-04 -2.6638e-04 -2.6175e-04 -2.5693e-04 -2.5193e-04 -2.4679e-04 -2.4151e-04 -2.3611e-04 -2.3060e-04 -2.2500e-04 -2.1933e-04 -2.1359e-04 -2.0781e-04 -2.0200e-04 -1.9616e-04 -1.9032e-04 -1.8449e-04 -1.7866e-04 -1.7287e-04 -1.6711e-04 -1.6140e-04 -1.5575e-04 -1.5016e-04 -1.4464e-04 -1.3921e-04 -1.3386e-04 -1.2860e-04 -1.2344e-04 -1.1839e-04 -1.1345e-04 -1.0861e-04 -1.0390e-04 -9.9304e-05 -9.4832e-05 -9.0484e-05 -8.6262e-05 -8.2167e-05 -7.8201e-05 -7.4364e-05 -7.0655e-05 -6.7076e-05 -6.3624e-05 -6.0300e-05 -5.7101e-05 -5.4028e-05 -5.1077e-05 -4.8247e-05 -4.5537e-05 -4.2943e-05 -4.0464e-05 -3.8096e-05 -3.5837e-05 -3.3685e-05 -3.1635e-05 -2.9686e-05 -2.7835e-05 -2.6077e-05 -2.4411e-05 -2.2832e-05 -2.1338e-05 -1.9925e-05 -1.8591e-05 7.5927e-05 1.0725e-04 1.3109e-04 1.5095e-04 1.6816e-04 1.8340e-04 1.9706e-04 2.0941e-04 2.2061e-04 0.0000e+00 2.4002e-04 2.4840e-04 2.5597e-04 2.6277e-04 2.6886e-04 2.7426e-04 2.7899e-04 2.8309e-04 2.8657e-04 2.8946e-04 2.9179e-04 2.9356e-04 2.9480e-04 2.9554e-04 2.9578e-04 2.9554e-04 2.9485e-04 2.9373e-04 2.9219e-04 2.9025e-04 2.8794e-04 2.8527e-04 2.8225e-04 2.7892e-04 2.7529e-04 2.7138e-04 2.6720e-04 2.6279e-04 2.5815e-04 2.5330e-04 2.4827e-04 2.4307e-04 2.3773e-04 2.3225e-04 2.2666e-04 2.2097e-04 2.1520e-04 2.0937e-04 2.0349e-04 1.9757e-04 1.9164e-04 1.8570e-04 1.7976e-04 1.7385e-04 1.6796e-04 1.6212e-04 1.5633e-04 1.5061e-04 1.4495e-04 1.3938e-04 1.3390e-04 1.2851e-04 1.2322e-04 1.1804e-04 1.1298e-04 1.0803e-04 1.0320e-04 9.8503e-05 9.3933e-05 8.9493e-05 8.5186e-05 8.1013e-05 7.6976e-05 7.3074e-05 6.9309e-05 6.5679e-05 6.2184e-05 5.8822e-05 5.5594e-05 5.2496e-05 4.9527e-05 4.6686e-05 4.3969e-05 4.1373e-05 3.8897e-05 3.6538e-05 3.4292e-05 3.2156e-05 3.0127e-05 2.8201e-05 2.6376e-05 2.4648e-05 2.3013e-05 2.1468e-05 2.0010e-05 1.8635e-05 1.7339e-05 1.6120e-05 1.4973e-05 1.3897e-05
-7.8970e-05 -1.1156e-04 -1.3638e-04 -1.5709e-04 -1.7506e-04 -1.9100e-04 -2.0534e-04 -2.1833e-04 -2.3016e-04 -2.4095e-04 1.2578e-02 -2.5978e-04 -2.6796e-04 -2.7537e-04 -2.8206e-04 -2.8807e-04 -2.9341e-04 -2.9812e-04 -3.0222e-04 -3.0573e-04 -3.0867e-04 -3.1105e-04 -3.1291e-04 -3.1425e-04 -3.1509e-04 -3.1545e-04 -3.1536e-04 -3.1481e-04 -3.1384e-04 -3.1245e-04 -3.1068e-04 -3.0853e-04 -3.0602e-04 -3.0317e-04 -3.0000e-04 -2.9652e-04 -2.9276e-04 -2.8873e-04 -2.8445e-04 -2.7993e-04 -2.7520e-04 -2.7027e-04 -2.6516e-04 -2.5988e-04 -2.5446e-04 -2.4890e-04 -2.4323e-04 -2.3747e-04 -2.3161e-04 -2.2569e-04 -2.1972e-04 -2.1370e-04 -2.0766e-04 -2.0160e-04 -1.9554e-04 -1.8950e-04 -1.8347e-04 -1.7748e-04 -1.7153e-04 -1.6563e-04 -1.5980e-04 -1.5403e-04 -1.4835e-04 -1.4275e-04 -1.3724e-04 -1.3183e-04 -1.2653e-04 -1.2134e-04 -1.1626e-04 -1.1129e-04 -1.0645e-04 -1.0174e-04 -9.7146e-05 -9.2685e-05 -8.8355e-05 -8.4157e-05 -8.0091e-05 -7.6158e-05 -7.2358e-05 -6.8690e-05 -6.5154e-05 -6.1749e-05 -5.8474e-05 -5.5326e-05 -5.2305e-05 -4.9408e-05 -4.6633e-05 -4.3978e-05 -4.1440e-05 -3.9016e-05 -3.6705e-05 -3.4502e-05 -3.2404e-05 -3.0409e-05 -2.8514e-05 -2.6715e-05 -2.5010e-05 -2.3394e-05 -2.1865e-05 -2.0419e-05 7.8966e-05 1.1154e-04 1.3634e-04 1.5699e-04 1.7489e-04 1.9074e-04 2.0495e-04 2.1779e-04 2.2944e-04 2.4002e-04 0.0000e+00 2.5834e-04 2.6621e-04 2.7329e-04 2.7962e-04 2.8524e-04 2.9016e-04 2.9442e-04 2.9804e-04 3.0105e-04 3.0347e-04 3.0531e-04 3.0661e-04 3.0737e-04 3.0762e-04 3.0737e-04 3.0666e-04 3.0549e-04 3.0389e-04 3.0187e-04 2.9947e-04 2.9669e-04 2.9355e-04 2.9009e-04 2.8631e-04 2.8224e-04 2.7790e-04 2.7330e-04 2.6848e-04 2.6344e-04 2.5821e-04 2.5280e-04 2.4724e-04 2.4155e-04 2.3573e-04 2.2981e-04 2.2382e-04 2.1775e-04 2.1163e-04 2.0548e-04 1.9930e-04 1.9312e-04 1.8695e-04 1.8080e-04 1.7468e-04 1.6860e-04 1.6258e-04 1.5663e-04 1.5075e-04 1.4495e-04 1.3925e-04 1.3364e-04 1.2814e-04 1.2276e-04 1.1749e-04 1.1234e-04 1.0732e-04 1.0244e-04 9.7682e-05 9.3064e-05 8.8585e-05 8.4245e-05 8.0046e-05 7.5988e-05 7.2072e-05 6.8297e-05 6.4662e-05 6.1166e-05 5.7808e-05 5.4586e-05 5.1499e-05 4.8544e-05 4.5718e-05 4.3019e-05 4.0444e-05 3.7990e-05 3.5654e-05 3.3433e-05 3.1323e-05 2.9320e-05 2.7422e-05 2.5625e-05 2.3925e-05 2.2319e-05 2.0802e-05 1.9372e-05 1.8025e-05 1.6757e-05 1.5565e-05 1.4446e-05
-8.1726e-05 -1.1546e-04 -1.4115e-04 -1.6259e-04 -1.8120e-04 -1.9772e-04 -2.1258e-04 -2.2606e-04 -2.3833e-04 -2.4954e-04 -2.5978e-04 1.4967e-02 -2.7765e-04 -2.8539e-04 -2.9239e-04 -2.9868e-04 -3.0429e-04 -3.0926e-04 -3.1359e-04 -3.1732e-04 -3.2046e-04 -3.2304e-04 -3.2507e-04 -3.2657e-04 -3.2756e-04 -3.2806e-04 -3.2808e-04 -3.2764e-04 -3.2676e-04 -3.2545e-04 -3.2374e-04 -3.2164e-04 -3.1917e-04 -3.1634e-04 -3.1318e-04 -3.0971e-04 -3.0593e-04 -3.0187e-04 -2.9755e-04 -2.9298e-04 -2.8818e-04 -2.8318e-04 -2.7798e-04 -2.7261e-04 -2.6707e-04 -2.6140e-04 -2.5560e-04 -2.4969e-04 -2.4369e-04 -2.3761e-04 -2.3147e-04 -2.2528e-04 -2.1906e-04 -2.1281e-04 -2.0656e-04 -2.0031e-04 -1.9407e-04 -1.8787e-04 -1.8170e-04 -1.7558e-04 -1.6952e-04 -1.6353e-04 -1.5761e-04 -1.5177e-04 -1.4603e-04 -1.4038e-04 -1.3484e-04 -1.2941e-04 -1.2408e-04 -1.1888e-04 -1.1380e-04 -1.0885e-04 -1.0402e-04 -9.9326e-05 -9.4764e-05 -9.0336e-05 -8.6043e-05 -8.1886e-05 -7.7866e-05 -7.3982e-05 -7.0233e-05 -6.6620e-05 -6.3140e-05 -5.9793e-05 -5.6577e-05 -5.3491e-05 -5.0531e-05 -4.7696e-05 -4.4983e-05 -4.2390e-05 -3.9914e-05 -3.7551e-05 -3.5300e-05 -3.3157e-05 -3.1119e-05 -2.9182e-05 -2.7344e-05 -2.5600e-05 -2.3949e-05 -2.2385e-05 8.1722e-05 1.1543e-04 1.4110e-04 1.6247e-04 1.8099e-04 1.9740e-04 2.1211e-04 2.2539e-04 2.3745e-04 2.4840e-04 2.5834e-04 0.0000e+00 2.7550e-04 2.8283e-04 2.8938e-04 2.9519e-04 3.0029e-04 3.0470e-04 3.0845e-04 3.1156e-04 3.1406e-04 3.1597e-04 3.1731e-04 3.1809e-04 3.1835e-04 3.1810e-04 3.1736e-04 3.1615e-04 3.1449e-04 3.1241e-04 3.0992e-04 3.0704e-04 3.0380e-04 3.0021e-04 2.9630e-04 2.9209e-04 2.8759e-04 2.8284e-04 2.7784e-04 2.7263e-04 2.6721e-04 2.6162e-04 2.5587e-04 2.4997e-04 2.4395e-04 2.3783e-04 2.3162e-04 2.2534e-04 2.1901e-04 2.1264e-04 2.0625e-04 1.9985e-04 1.9347e-04 1.8710e-04 1.8076e-04 1.7448e-04 1.6824e-04 1.6208e-04 1.5600e-04 1.5000e-04 1.4409e-04 1.3829e-04 1.3260e-04 1.2703e-04 1.2157e-04 1.1625e-04 1.1105e-04 1.0600e-04 1.0108e-04 9.6297e-05 9.1661e-05 8.7170e-05 8.2824e-05 7.8625e-05 7.4572e-05 7.0665e-05 6.6903e-05 6.3285e-05 5.9810e-05 5.6476e-05 5.3281e-05 5.0223e-05 4.7298e-05 4.4505e-05 4.1841e-05 3.9302e-05 3.6884e-05 3.4586e-05 3.2402e-05 3.0330e-05 2.8366e-05 2.6507e-05 2.4748e-05 2.3085e-05 2.1516e-05 2.0037e-05 1.8643e-05 1.7331e-05 1.6098e-05 1.4940e-05
-8.4218e-05 -1.1898e-04 -1.4547e-04 -1.6756e-04 -1.8676e-04 -2.0381e-04 -2.1915e-04 -2.3307e-04 -2.4576e-04 -2.5735e-04 -2.6796e-04 -2.7765e-04 1.7565e-02 -2.9455e-04 -3.0184e-04 -3.0841e-04 -3.1429e-04 -3.1950e-04 -3.2407e-04 -3.2802e-04 -3.3138e-04 -3.3416e-04 -3.3638e-04 -3.3805e-04 -3.3920e-04 -3.3985e-04 -3.4001e-04 -3.3969e-04 -3.3893e-04 -3.3772e-04 -3.3610e-04 -3.3408e-04 -3.3167e-04 -3.2890e-04 -3.2578e-04 -3.2233e-04 -3.1857e-04 -3.1451e-04 -3.1018e-04 -3.0559e-04 -3.0077e-04 -2.9572e-04 -2.9047e-04 -2.8503e-04 -2.7942e-04 -2.7365e-04 -2.6776e-04 -2.6174e-04 -2.5562e-04 -2.4941e-04 -2.4313e-04 -2.3679e-04 -2.3041e-04 -2.2400e-04 -2.1758e-04 -2.1115e-04 -2.0473e-04 -1.9833e-04 -1.9196e-04 -1.8564e-04 -1.7937e-04 -1.7316e-04 -1.6703e-04 -1.6097e-04 -1.5500e-04 -1.4913e-04 -1.4336e-04 -1.3769e-04 -1.3214e-04 -1.2670e-04 -1.2139e-04 -1.1620e-04 -1.1114e-04 -1.0622e-04 -1.0142e-04 -9.6769e-05 -9.2250e-05 -8.7870e-05 -8.3629e-05 -7.9527e-05 -7.5564e-05 -7.1740e-05 -6.8053e-05 -6.4503e-05 -6.1089e-05 -5.7808e-05 -5.4658e-05 -5.1638e-05 -4.8745e-05 -4.5977e-05 -4.3331e-05 -4.0804e-05 -3.8393e-05 -3.6095e-05 -3.3907e-05 -3.1826e-05 -2.9849e-05 -2.7972e-05 -2.6191e-05 -2.4504e-05 8.4213e-05 1.1895e-04 1.4540e-04 1.6742e-04 1.8651e-04 2.0341e-04 2.1857e-04 2.3226e-04 2.4468e-04 2.5597e-04 2.6621e-04 2.7550e-04 0.0000e+00 2.9145e-04 2.9820e-04 3.0419e-04 3.0944e-04 3.1398e-04 3.1785e-04 3.2105e-04 3.2363e-04 3.2560e-04 3.2698e-04 3.2779e-04 3.2805e-04 3.2779e-04 3.2703e-04 3.2578e-04 3.2408e-04 3.2193e-04 3.1936e-04 3.1639e-04 3.1305e-04 3.0936e-04 3.0533e-04 3.0098e-04 2.9635e-04 2.9145e-04 2.8631e-04 2.8093e-04 2.7535e-04 2.6959e-04 2.6366e-04 2.5758e-04 2.5138e-04 2.4507e-04 2.3867e-04 2.3220e-04 2.2567e-04 2.1911e-04 2.1252e-04 2.0593e-04 1.9935e-04 1.9279e-04 1.8626e-04 1.7978e-04 1.7336e-04 1.6700e-04 1.6073e-04 1.5455e-04 1.4847e-04 1.4249e-04 1.3662e-04 1.3088e-04 1.2526e-04 1.1977e-04 1.1442e-04 1.0921e-04 1.0414e-04 9.9211e-05 9.4434e-05 8.9806e-05 8.5328e-05 8.1000e-05 7.6823e-05 7.2797e-05 6.8921e-05 6.5193e-05 6.1612e-05 5.8177e-05 5.4885e-05 5.1733e-05 4.8720e-05 4.5842e-05 4.3097e-05 4.0480e-05 3.7989e-05 3.5621e-05 3.3371e-05 3.1237e-05 2.9213e-05 2.7297e-05 2.5485e-05 2.3773e-05 2.2156e-05 2.0632e-05 1.9196e-05 1.7845e-05 1.6575e-05 1.5382e-05
-8.6459e-05 -1.2215e-04 -1.4935e-04 -1.7204e-04 -1.9177e-04 -2.0929e-04 -2.2507e-04 -2.3940e-04 -2.5247e-04 -2.6442e-04 -2.7537e-04 -2.8539e-04 -2.9455e-04 2.0370e-02 -3.1047e-04 -3.1731e-04 -3.2344e-04 -3.2891e-04 -3.3372e-04 -3.3790e-04 -3.4147e-04 -3.4446e-04 -3.4687e-04 -3.4874e-04 -3.5007e-04 -3.5088e-04 -3.5120e-04 -3.5103e-04 -3.5040e-04 -3.4932e-04 -3.4781e-04 -3.4589e-04 -3.4358e-04 -3.4089e-04 -3.3784e-04 -3.3445e-04 -3.3073e-04 -3.2671e-04 -3.2240e-04 -3.1783e-04 -3.1300e-04 -3.0794e-04 -3.0266e-04 -2.9719e-04 -2.9153e-04 -2.8571e-04 -2.7975e-04 -2.7365e-04 -2.6744e-04 -2.6113e-04 -2.5474e-04 -2.4828e-04 -2.4177e-04 -2.3522e-04 -2.2864e-04 -2.2206e-04 -2.1547e-04 -2.0890e-04 -2.0236e-04 -1.9585e-04 -1.8938e-04 -1.8298e-04 -1.7664e-04 -1.7037e-04 -1.6419e-04 -1.5810e-04 -1.5211e-04 -1.4622e-04 -1.4045e-04 -1.3478e-04 -1.2924e-04 -1.2383e-04 -1.1854e-04 -1.1339e-04 -1.0837e-04 -1.0348e-04 -9.8738e-05 -9.4134e-05 -8.9670e-05 -8.5349e-05 -8.1169e-05 -7.7131e-05 -7.3234e-05 -6.9477e-05 -6.5859e-05 -6.2379e-05 -5.9035e-05 -5.5824e-05 -5.2746e-05 -4.9796e-05 -4.6974e-05 -4.4275e-05 -4.1698e-05 -3.9239e-05 -3.6895e-05 -3.4663e-05 -3.2540e-05 -3.0522e-05 -2.8606e-05 -2.6789e-05 8.6453e-05 1.2212e-04 1.4926e-04 1.7187e-04 1.9147e-04 2.0882e-04 2.2438e-04 2.3844e-04 2.5119e-04 2.6277e-04 2.7329e-04 2.8283e-04 2.9145e-04 0.0000e+00 3.0614e-04 3.1228e-04 3.1767e-04 3.2233e-04 3.2630e-04 3.2959e-04 3.3224e-04 3.3426e-04 3.3567e-04 3.3651e-04 3.3678e-04 3.3651e-04 3.3573e-04 3.3445e-04 3.3269e-04 3.3049e-04 3.2785e-04 3.2481e-04 3.2138e-04 3.1758e-04 3.1344e-04 3.0899e-04 3.0423e-04 2.9920e-04 2.9391e-04 2.8840e-04 2.8267e-04 2.7675e-04 2.7066e-04 2.6442e-04 2.5805e-04 2.5157e-04 2.4500e-04 2.3836e-04 2.3166e-04 2.2492e-04 2.1816e-04 2.1139e-04 2.0463e-04 1.9790e-04 1.9119e-04 1.8454e-04 1.7795e-04 1.7143e-04 1.6499e-04 1.5864e-04 1.5239e-04 1.4626e-04 1.4023e-04 1.3434e-04 1.2857e-04 1.2293e-04 1.1744e-04 1.1209e-04 1.0688e-04 1.0182e-04 9.6919e-05 9.2168e-05 8.7570e-05 8.3128e-05 7.8840e-05 7.4707e-05 7.0727e-05 6.6900e-05 6.3224e-05 5.9698e-05 5.6318e-05 5.3083e-05 4.9990e-05 4.7036e-05 4.4218e-05 4.1532e-05 3.8975e-05 3.6545e-05 3.4235e-05 3.2044e-05 2.9968e-05 2.8001e-05 2.6141e-05 2.4384e-05 2.2725e-05 2.1161e-05 1.9687e-05 1.8301e-05 1.6997e-05 1.5773e-05
-8.8462e-05 -1.2498e-04 -1.5282e-04 -1.7606e-04 -1.9626e-04 -2.1421e-04 -2.3039e-04 -2.4509e-04 -2.5851e-04 -2.7080e-04 -2.8206e-04 -2.9239e-04 -3.0184e-04 -3.1047e-04 2.3382e-02 -3.2542e-04 -3.3181e-04 -3.3752e-04 -3.4257e-04 -3.4699e-04 -3.5078e-04 -3.5399e-04 -3.5661e-04 -3.5868e-04 -3.6020e-04 -3.6120e-04 -3.6169e-04 -3.6169e-04 -3.6122e-04 -3.6029e-04 -3.5892e-04 -3.5713e-04 -3.5494e-04 -3.5235e-04 -3.4940e-04 -3.4610e-04 -3.4246e-04 -3.3851e-04 -3.3425e-04 -3.2972e-04 -3.2492e-04 -3.1988e-04 -3.1461e-04 -3.0913e-04 -3.0346e-04 -2.9761e-04 -2.9161e-04 -2.8546e-04 -2.7919e-04 -2.7280e-04 -2.6633e-04 -2.5977e-04 -2.5316e-04 -2.4649e-04 -2.3979e-04 -2.3307e-04 -2.2634e-04 -2.1962e-04 -2.1291e-04 -2.0623e-04 -1.9959e-04 -1.9300e-04 -1.8647e-04 -1.8001e-04 -1.7363e-04 -1.6733e-04 -1.6113e-04 -1.5503e-04 -1.4903e-04 -1.4315e-04 -1.3739e-04 -1.3175e-04 -1.2624e-04 -1.2086e-04 -1.1561e-04 -1.1050e-04 -1.0553e-04 -1.0070e-04 -9.6013e-05 -9.1469e-05 -8.7070e-05 -8.2814e-05 -7.8703e-05 -7.4735e-05 -7.0909e-05 -6.7224e-05 -6.3679e-05 -6.0272e-05 -5.7002e-05 -5.3864e-05 -5.0859e-05 -4.7982e-05 -4.5231e-05 -4.2604e-05 -4.0097e-05 -3.7706e-05 -3.5430e-05 -3.3264e-05 -3.1205e-05 -2.9250e-05 8.8456e-05 1.2495e-04 1.5272e-04 1.7585e-04 1.9590e-04 2.1366e-04 2.2958e-04 2.4396e-04 2.5701e-04 2.6886e-04 2.7962e-04 2.8938e-04 2.9820e-04 3.0614e-04 0.0000e+00 3.1951e-04 3.2503e-04 3.2980e-04 3.3386e-04 3.3723e-04 3.3993e-04 3.4200e-04 3.4345e-04 3.4430e-04 3.4458e-04 3.4430e-04 3.4350e-04 3.4219e-04 3.4040e-04 3.3814e-04 3.3544e-04 3.3232e-04 3.2881e-04 3.2493e-04 3.2070e-04 3.1613e-04 3.1127e-04 3.0612e-04 3.0071e-04 2.9507e-04 2.8920e-04 2.8315e-04 2.7692e-04 2.7053e-04 2.6402e-04 2.5739e-04 2.5066e-04 2.4386e-04 2.3701e-04 2.3011e-04 2.2319e-04 2.1627e-04 2.0935e-04 2.0246e-04 1.9560e-04 1.8879e-04 1.8204e-04 1.7537e-04 1.6878e-04 1.6229e-04 1.5589e-04 1.4961e-04 1.4345e-04 1.3742e-04 1.3151e-04 1.2575e-04 1.2013e-04 1.1465e-04 1.0932e-04 1.0415e-04 9.9130e-05 9.4268e-05 8.9564e-05 8.5019e-05 8.0631e-05 7.6402e-05 7.2331e-05 6.8415e-05 6.4654e-05 6.1046e-05 5.7589e-05 5.4279e-05 5.1115e-05 4.8092e-05 4.5209e-05 4.2462e-05 3.9847e-05 3.7360e-05 3.4998e-05 3.2757e-05 3.0633e-05 2.8622e-05 2.6719e-05 2.4922e-05 2.3225e-05 2.1625e-05 2.0119e-05 1.8701e-05 1.7368e-05 1.6116e-05
-9.0238e-05 -1.2749e-04 -1.5590e-04 -1.7962e-04 -2.0024e-04 -2.1859e-04 -2.3513e-04 -2.5017e-04 -2.6391e-04 -2.7651e-04 -2.8807e-04 -2.9868e-04 -3.0841e-04 -3.1731e-04 -3.2542e-04 2.6601e-02 -3.3943e-04 -3.4538e-04 -3.5068e-04 -3.5533e-04 -3.5936e-04 -3.6279e-04 -3.6563e-04 -3.6791e-04 -3.6964e-04 -3.7084e-04 -3.7153e-04 -3.7171e-04 -3.7142e-04 -3.7067e-04 -3.6946e-04 -3.6783e-04 -3.6578e-04 -3.6333e-04 -3.6051e-04 -3.5732e-04 -3.5379e-04 -3.4993e-04 -3.4576e-04 -3.4130e-04 -3.3657e-04 -3.3157e-04 -3.2634e-04 -3.2089e-04 -3.1523e-04 -3.0938e-04 -3.0337e-04 -2.9720e-04 -2.9089e-04 -2.8446e-04 -2.7792e-04 -2.7130e-04 -2.6460e-04 -2.5784e-04 -2.5104e-04 -2.4420e-04 -2.3735e-04 -2.3049e-04 -2.2364e-04 -2.1681e-04 -2.1001e-04 -2.0325e-04 -1.9655e-04 -1.8990e-04 -1.8333e-04 -1.7684e-04 -1.7044e-04 -1.6413e-04 -1.5792e-04 -1.5183e-04 -1.4585e-04 -1.3999e-04 -1.3425e-04 -1.2865e-04 -1.2317e-04 -1.1784e-04 -1.1264e-04 -1.0759e-04 -1.0267e-04 -9.7906e-05 -9.3284e-05 -8.8807e-05 -8.4477e-05 -8.0292e-05 -7.6253e-05 -7.2359e-05 -6.8607e-05 -6.4998e-05 -6.1528e-05 -5.8197e-05 -5.5001e-05 -5.1939e-05 -4.9007e-05 -4.6204e-05 -4.3526e-05 -4.0969e-05 -3.8532e-05 -3.6211e-05 -3.4001e-05 -3.1901e-05 9.0231e-05 1.2745e-04 1.5578e-04 1.7938e-04 1.9983e-04 2.1795e-04 2.3419e-04 2.4886e-04 2.6217e-04 2.7426e-04 2.8524e-04 2.9519e-04 3.0419e-04 3.1228e-04 3.1951e-04 0.0000e+00 3.3155e-04 3.3642e-04 3.4056e-04 3.4399e-04 3.4675e-04 3.4886e-04 3.5034e-04 3.5121e-04 3.5149e-04 3.5121e-04 3.5039e-04 3.4905e-04 3.4722e-04 3.4492e-04 3.4217e-04 3.3899e-04 3.3541e-04 3.3144e-04 3.2712e-04 3.2247e-04 3.1751e-04 3.1225e-04 3.0674e-04 3.0098e-04 2.9499e-04 2.8881e-04 2.8246e-04 2.7594e-04 2.6930e-04 2.6253e-04 2.5567e-04 2.4874e-04 2.4174e-04 2.3471e-04 2.2765e-04 2.2058e-04 2.1353e-04 2.0649e-04 1.9949e-04 1.9255e-04 1.8567e-04 1.7886e-04 1.7213e-04 1.6551e-04 1.5899e-04 1.5258e-04 1.4629e-04 1.4014e-04 1.3411e-04 1.2823e-04 1.2250e-04 1.1691e-04 1.1147e-04 1.0620e-04 1.0108e-04 9.6117e-05 9.1319e-05 8.6682e-05 8.2206e-05 7.7892e-05 7.3739e-05 6.9745e-05 6.5909e-05 6.2229e-05 5.8702e-05 5.5326e-05 5.2099e-05 4.9016e-05 4.6076e-05 4.3274e-05 4.0607e-05 3.8071e-05 3.5662e-05 3.3377e-05 3.1211e-05 2.9160e-05 2.7221e-05 2.5388e-05 2.3658e-05 2.2027e-05 2.0491e-05 1.9046e-05 1.7687e-05 1.6411e-05
-9.1797e-05 -1.2970e-04 -1.5861e-04 -1.8275e-04 -2.0375e-04 -2.2245e-04 -2.3931e-04 -2.5466e-04 -2.6869e-04 -2.8157e-04 -2.9341e-04 -3.0429e-04 -3.1429e-04 -3.2344e-04 -3.3181e-04 -3.3943e-04 3.0028e-02 -3.5253e-04 -3.5806e-04 -3.6296e-04 -3.6722e-04 -3.7088e-04 -3.7396e-04 -3.7647e-04 -3.7842e-04 -3.7984e-04 -3.8074e-04 -3.8113e-04 -3.8104e-04 -3.8048e-04 -3.7946e-04 -3.7801e-04 -3.7613e-04 -3.7385e-04 -3.7118e-04 -3.6814e-04 -3.6474e-04 -3.6101e-04 -3.5695e-04 -3.5259e-04 -3.4795e-04 -3.4304e-04 -3.3787e-04 -3.3248e-04 -3.2686e-04 -3.2104e-04 -3.1504e-04 -3.0888e-04 -3.0256e-04 -2.9611e-04 -2.8955e-04 -2.8288e-04 -2.7612e-04 -2.6929e-04 -2.6241e-04 -2.5548e-04 -2.4852e-04 -2.4155e-04 -2.3457e-04 -2.2760e-04 -2.2066e-04 -2.1375e-04 -2.0688e-04 -2.0007e-04 -1.9332e-04 -1.8664e-04 -1.8004e-04 -1.7354e-04 -1.6713e-04 -1.6083e-04 -1.5463e-04 -1.4856e-04 -1.4260e-04 -1.3677e-04 -1.3108e-04 -1.2552e-04 -1.2009e-04 -1.1481e-04 -1.0967e-04 -1.0468e-04 -9.9827e-05 -9.5125e-05 -9.0572e-05 -8.6166e-05 -8.1909e-05 -7.7798e-05 -7.3834e-05 -7.0016e-05 -6.6340e-05 -6.2807e-05 -5.9414e-05 -5.6159e-05 -5.3039e-05 -5.0052e-05 -4.7195e-05 -4.4465e-05 -4.1859e-05 -3.9374e-05 -3.7006e-05 -3.4753e-05 9.1788e-05 1.2965e-04 1.5847e-04 1.8248e-04 2.0328e-04 2.2171e-04 2.3823e-04 2.5316e-04 2.6669e-04 2.7899e-04 2.9016e-04 3.0029e-04 3.0944e-04 3.1767e-04 3.2503e-04 3.3155e-04 0.0000e+00 3.4222e-04 3.4643e-04 3.4993e-04 3.5274e-04 3.5488e-04 3.5638e-04 3.5727e-04 3.5755e-04 3.5727e-04 3.5644e-04 3.5508e-04 3.5321e-04 3.5087e-04 3.4807e-04 3.4483e-04 3.4119e-04 3.3716e-04 3.3276e-04 3.2803e-04 3.2297e-04 3.1763e-04 3.1202e-04 3.0616e-04 3.0007e-04 2.9378e-04 2.8731e-04 2.8069e-04 2.7392e-04 2.6704e-04 2.6006e-04 2.5300e-04 2.4589e-04 2.3873e-04 2.3155e-04 2.2436e-04 2.1718e-04 2.1002e-04 2.0290e-04 1.9583e-04 1.8883e-04 1.8190e-04 1.7506e-04 1.6832e-04 1.6169e-04 1.5517e-04 1.4877e-04 1.4251e-04 1.3638e-04 1.3040e-04 1.2456e-04 1.1888e-04 1.1335e-04 1.0798e-04 1.0277e-04 9.7723e-05 9.2842e-05 8.8124e-05 8.3572e-05 7.9183e-05 7.4958e-05 7.0896e-05 6.6993e-05 6.3250e-05 5.9663e-05 5.6229e-05 5.2946e-05 4.9812e-05 4.6821e-05 4.3972e-05 4.1259e-05 3.8680e-05 3.6231e-05 3.3907e-05 3.1705e-05 2.9619e-05 2.7647e-05 2.5784e-05 2.4026e-05 2.2368e-05 2.0806e-05 1.9337e-05 1.7956e-05 1.6659e-05
