4.7193e-12 -9.0203e-12 -2.4897e-11 -5.1224e-11 -8.9746e-11 -1.4207e-10 -2.0975e-10 -2.9431e-10 -3.9727e-10 -5.2019e-10 -6.6468e-10 -8.3243e-10 -1.0252e-09 -1.2448e-09 -1.4934e-09 -1.7728e-09 -2.0856e-09 -2.4340e-09 -2.8207e-09 -3.2485e-09 -3.7204e-09 -4.2398e-09 -4.8100e-09 -5.4350e-09 -6.1188e-09 -6.8658e-09 -7.6806e-09 -8.5684e-09 -9.5344e-09 -1.0584e-08 -1.1724e-08 -1.2960e-08 -1.4298e-08 -1.5746e-08 -1.7308e-08 -1.8992e-08 -2.0803e-08 -2.2745e-08 -2.4822e-08 -2.7034e-08 -2.9380e-08 -3.1853e-08 -3.4441e-08 -3.7125e-08 -3.9875e-08 -4.2652e-08 -4.5398e-08 -4.8039e-08 -5.0480e-08 -5.2601e-08 -5.4259e-08 -5.5284e-08 -5.5493e-08 -5.4697e-08 -5.2724e-08 -4.9451e-08 -4.4849e-08 -3.9023e-08 -3.2255e-08 -2.5017e-08 -1.7923e-08 -1.1629e-08 -6.6622e-09 -3.2626e-09 -1.3099e-09 -4.0848e-10 -9.2190e-11 -1.3727e-11 -1.1931e-12 -5.1431e-14 -8.8344e-16 -4.4963e-18 -4.5225e-21 -5.1403e-25 -3.0265e-30 -3.0697e-37 -1.1119e-46 -1.4713e-59 -2.4898e-77 -3.5965e-102 -2.1784e-137 -4.0930e-188 -1.7732e-262 -0.0000e+00 -0.0000e+00 -0.0000e+00 -0.0000e+00 -0.0000e+00 -0.0000e+00 -0.0000e+00 -0.0000e+00 -0.0000e+00 -0.0000e+00 -0.0000e+00 -0.0000e+00 -0.0000e+00 -0.0000e+00 -0.0000e+00 -0.0000e+00 -0.0000e+00 0.0000e+00 -9.0203e-12 -2.4897e-11 -5.1224e-11 -8.9746e-11 -1.4207e-10 -2.0975e-10 -2.9431e-10 -3.9727e-10 -5.2019e-10 -6.6468e-10 -8.3243e-10 -1.0252e-09 -1.2448e-09 -1.4934e-09 -1.7728e-09 -2.0856e-09 -2.4340e-09 -2.8207e-09 -3.2485e-09 -3.7204e-09 -4.2398e-09 -4.8100e-09 -5.4350e-09 -6.1188e-09 -6.8658e-09 -7.6806e-09 -8.5684e-09 -9.5344e-09 -1.0584e-08 -1.1724e-08 -1.2960e-08 -1.4298e-08 -1.5746e-08 -1.7308e-08 -1.8992e-08 -2.0803e-08 -2.2745e-08 -2.4822e-08 -2.7034e-08 -2.9380e-08 -3.1853e-08 -3.4441e-08 -3.7125e-08 -3.9875e-08 -4.2652e-08 -4.5398e-08 -4.8039e-08 -5.0480e-08 -5.2601e-08 -5.4259e-08 -5.5284e-08 -5.5493e-08 -5.4697e-08 -5.2724e-08 -4.9451e-08 -4.4849e-08 -3.9023e-08 -3.2255e-08 -2.5017e-08 -1.7923e-08 -1.1629e-08 -6.6622e-09 -3.2626e-09 -1.3099e-09 -4.0848e-10 -9.2190e-11 -1.3727e-11 -1.1931e-12 -5.1431e-14 -8.8344e-16 -4.4963e-18 -4.5225e-21 -5.1403e-25 -3.0265e-30 -3.0697e-37 -1.1119e-46 -1.4713e-59 -2.4898e-77 -3.5965e-102 -2.1784e-137 -4.0930e-188 -1.7732e-262 -0.0000e+00 -0.0000e+00 -0.0000e+00 -0.0000e+00 -0.0000e+00 -0.0000e+00 -0.0000e+00 -0.0000e+00 -0.0000e+00 -0.0000e+00 -0.0000e+00 -0.0000e+00 -0.0000e+00 -0.0000e+00 -0.0000e+00 -0.0000e+00 -0.0000e+00
-9.0203e-12 -2.6520e-08 -1.4098e-10 -2.9005e-10 -5.0817e-10 -8.0447e-10 -1.1877e-09 -1.6665e-09 -2.2494e-09 -2.9455e-09 -3.7636e-09 -4.7135e-09 -5.8050e-09 -7.0487e-09 -8.4559e-09 -1.0038e-08 -1.1809e-08 -1.3782e-08 -1.5972e-08 -1.8394e-08 -2.1066e-08 -2.4007e-08 -2.7236e-08 -3.0775e-08 -3.4647e-08 -3.8876e-08 -4.3490e-08 -4.8517e-08 -5.3987e-08 -5.9932e-08 -6.6386e-08 -7.3385e-08 -8.0963e-08 -8.9158e-08 -9.8005e-08 -1.0754e-07 -1.1779e-07 -1.2879e-07 -1.4055e-07 -1.5308e-07 -1.6636e-07 -1.8036e-07 -1.9502e-07 -2.1021e-07 -2.2579e-07 -2.4151e-07 -2.5706e-07 -2.7201e-07 -2.8584e-07 -2.9785e-07 -3.0723e-07 -3.1304e-07 -3.1422e-07 -3.0971e-07 -2.9854e-07 -2.8001e-07 -2.5395e-07 -2.2096e-07 -1.8264e-07 -1.4165e-07 -1.0149e-07 -6.5848e-08 -3.7724e-08 -1.8474e-08 -7.4173e-09 -2.3129e-09 -5.2201e-10 -7.7726e-11 -6.7558e-12 -2.9122e-13 -5.0024e-15 -2.5460e-17 -2.5608e-20 -2.9106e-24 -1.7137e-29 -1.7382e-36 -6.2959e-46 -8.3313e-59 -1.4098e-76 -2.0364e-101 -1.2335e-136 -2.3176e-187 -1.0041e-261 -0.0000e+00 -0.0000e+00 -0.0000e+00 -0.0000e+00 -0.0000e+00 -0.0000e+00 -0.0000e+00 -0.0000e+00 -0.0000e+00 -0.0000e+00 -0.0000e+00 -0.0000e+00 -0.0000e+00 -0.0000e+00 -0.0000e+00 -0.0000e+00 -0.0000e+00 -9.0203e-12 0.0000e+00 -1.4098e-10 -2.9005e-10 -5.0817e-10 -8.0447e-10 -1.1877e-09 -1.6665e-09 -2.2494e-09 -2.9455e-09 -3.7636e-09 -4.7135e-09 -5.8050e-09 -7.0487e-09 -8.4559e-09 -1.0038e-08 -1.1809e-08 -1.3782e-08 -1.5972e-08 -1.8394e-08 -2.1066e-08 -2.4007e-08 -2.7236e-08 -3.0775e-08 -3.4647e-08 -3.8876e-08 -4.3490e-08 -4.8517e-08 -5.3987e-08 -5.9932e-08 -6.6386e-08 -7.3385e-08 -8.0963e-08 -8.9158e-08 -9.8005e-08 -1.0754e-07 -1.1779e-07 -1.2879e-07 -1.4055e-07 -1.5308e-07 -1.6636e-07 -1.8036e-07 -1.9502e-07 -2.1021e-07 -2.2579e-07 -2.4151e-07 -2.5706e-07 -2.7201e-07 -2.8584e-07 -2.9785e-07 -3.0723e-07 -3.1304e-07 -3.1422e-07 -3.0971e-07 -2.9854e-07 -2.8001e-07 -2.5395e-07 -2.2096e-07 -1.8264e-07 -1.4165e-07 -1.0149e-07 -6.5848e-08 -3.7724e-08 -1.8474e-08 -7.4173e-09 -2.3129e-09 -5.2201e-10 -7.7726e-11 -6.7558e-12 -2.9122e-13 -5.0024e-15 -2.5460e-17 -2.5608e-20 -2.9106e-24 -1.7137e-29 -1.7382e-36 -6.2959e-46 -8.3313e-59 -1.4098e-76 -2.0364e-101 -1.2335e-136 -2.3176e-187 -1.0041e-261 -0.0000e+00 -0.0000e+00 -0.0000e+00 -0.0000e+00 -0.0000e+00 -0.0000e+00 -0.0000e+00 -0.0000e+00 -0.0000e+00 -0.0000e+00 -0.0000e+00 -0.0000e+00 -0.0000e+00 -0.0000e+00 -0.0000e+00 -0.0000e+00 -0.0000e+00
-2.4897e-11 -1.4098e-10 3.4537e-09 -8.0057e-10 -1.4026e-09 -2.2204e-09 -3.2782e-09 -4.5997e-09 -6.2088e-09 -8.1299e-09 -1.0388e-08 -1.3010e-08 -1.6022e-08 -1.9455e-08 -2.3339e-08 -2.7707e-08 -3.2595e-08 -3.8040e-08 -4.4084e-08 -5.0770e-08 -5.8146e-08 -6.6263e-08 -7.5175e-08 -8.4943e-08 -9.5629e-08 -1.0730e-07 -1.2004e-07 -1.3391e-07 -1.4901e-07 -1.6542e-07 -1.8323e-07 -2.0255e-07 -2.2347e-07 -2.4609e-07 -2.7051e-07 -2.9682e-07 -3.2512e-07 -3.5548e-07 -3.8794e-07 -4.2251e-07 -4.5917e-07 -4.9782e-07 -5.3827e-07 -5.8021e-07 -6.2320e-07 -6.6659e-07 -7.0951e-07 -7.5079e-07 -7.8894e-07 -8.2210e-07 -8.4799e-07 -8.6402e-07 -8.6729e-07 -8.5484e-07 -8.2400e-07 -7.7286e-07 -7.0093e-07 -6.0988e-07 -5.0411e-07 -3.9098e-07 -2.8012e-07 -1.8175e-07 -1.0412e-07 -5.0991e-08 -2.0473e-08 -6.3840e-09 -1.4408e-09 -2.1453e-10 -1.8647e-11 -8.0381e-13 -1.3807e-14 -7.0271e-17 -7.0682e-20 -8.0337e-24 -4.7300e-29 -4.7976e-36 -1.7378e-45 -2.2995e-58 -3.8912e-76 -5.6208e-101 -3.4045e-136 -6.3969e-187 -2.7714e-261 -0.0000e+00 -0.0000e+00 -0.0000e+00 -0.0000e+00 -0.0000e+00 -0.0000e+00 -0.0000e+00 -0.0000e+00 -0.0000e+00 -0.0000e+00 -0.0000e+00 -0.0000e+00 -0.0000e+00 -0.0000e+00 -0.0000e+00 -0.0000e+00 -0.0000e+00 -2.4897e-11 -1.4098e-10 0.0000e+00 -8.0057e-10 -1.4026e-09 -2.2204e-09 -3.2782e-09 -4.5997e-09 -6.2088e-09 -8.1299e-09 -1.0388e-08 -1.3010e-08 -1.6022e-08 -1.9455e-08 -2.3339e-08 -2.7707e-08 -3.2595e-08 -3.8040e-08 -4.4084e-08 -5.0770e-08 -5.8146e-08 -6.6263e-08 -7.5175e-08 -8.4943e-08 -9.5629e-08 -1.0730e-07 -1.2004e-07 -1.3391e-07 -1.4901e-07 -1.6542e-07 -1.8323e-07 -2.0255e-07 -2.2347e-07 -2.4609e-07 -2.7051e-07 -2.9682e-07 -3.2512e-07 -3.5548e-07 -3.8794e-07 -4.2251e-07 -4.5917e-07 -4.9782e-07 -5.3827e-07 -5.8021e-07 -6.2320e-07 -6.6659e-07 -7.0951e-07 -7.5079e-07 -7.8894e-07 -8.2210e-07 -8.4799e-07 -8.6402e-07 -8.6729e-07 -8.5484e-07 -8.2400e-07 -7.7286e-07 -7.0093e-07 -6.0988e-07 -5.0411e-07 -3.9098e-07 -2.8012e-07 -1.8175e-07 -1.0412e-07 -5.0991e-08 -2.0473e-08 -6.3840e-09 -1.4408e-09 -2.1453e-10 -1.8647e-11 -8.0381e-13 -1.3807e-14 -7.0271e-17 -7.0682e-20 -8.0337e-24 -4.7300e-29 -4.7976e-36 -1.7378e-45 -2.2995e-58 -3.8912e-76 -5.6208e-101 -3.4045e-136 -6.3969e-187 -2.7714e-261 -0.0000e+00 -0.0000e+00 -0.0000e+00 -0.0000e+00 -0.0000e+00 -0.0000e+00 -0.0000e+00 -0.0000e+00 -0.0000e+00 -0.0000e+00 -0.0000e+00 -0.0000e+00 -0.0000e+00 -0.0000e+00 -0.0000e+00 -0.0000e+00 -0.0000e+00
-5.1224e-11 -2.9005e-10 -8.0057e-10 1.9471e-08 -2.8858e-09 -4.5684e-09 -6.7447e-09 -9.4635e-09 -1.2774e-08 -1.6727e-08 -2.1373e-08 -2.6767e-08 -3.2965e-08 -4.0028e-08 -4.8019e-08 -5.7006e-08 -6.7063e-08 -7.8266e-08 -9.0701e-08 -1.0446e-07 -1.1963e-07 -1.3633e-07 -1.5467e-07 -1.7476e-07 -1.9675e-07 -2.2077e-07 -2.4697e-07 -2.7552e-07 -3.0658e-07 -3.4034e-07 -3.7700e-07 -4.1674e-07 -4.5977e-07 -5.0631e-07 -5.5655e-07 -6.1070e-07 -6.6893e-07 -7.3138e-07 -7.9816e-07 -8.6930e-07 -9.4473e-07 -1.0242e-06 -1.1075e-06 -1.1938e-06 -1.2822e-06 -1.3715e-06 -1.4598e-06 -1.5447e-06 -1.6232e-06 -1.6914e-06 -1.7447e-06 -1.7777e-06 -1.7844e-06 -1.7588e-06 -1.6953e-06 -1.5901e-06 -1.4421e-06 -1.2548e-06 -1.0372e-06 -8.0443e-07 -5.7633e-07 -3.7394e-07 -2.1423e-07 -1.0491e-07 -4.2122e-08 -1.3135e-08 -2.9644e-09 -4.4139e-10 -3.8365e-11 -1.6538e-12 -2.8407e-14 -1.4458e-16 -1.4542e-19 -1.6529e-23 -9.7318e-29 -9.8707e-36 -3.5754e-45 -4.7312e-58 -8.0059e-76 -1.1565e-100 -7.0047e-136 -1.3161e-186 -5.7020e-261 -0.0000e+00 -0.0000e+00 -0.0000e+00 -0.0000e+00 -0.0000e+00 -0.0000e+00 -0.0000e+00 -0.0000e+00 -0.0000e+00 -0.0000e+00 -0.0000e+00 -0.0000e+00 -0.0000e+00 -0.0000e+00 -0.0000e+00 -0.0000e+00 -0.0000e+00 -5.1224e-11 -2.9005e-10 -8.0057e-10 0.0000e+00 -2.8858e-09 -4.5684e-09 -6.7447e-09 -9.4635e-09 -1.2774e-08 -1.6727e-08 -2.1373e-08 -2.6767e-08 -3.2965e-08 -4.0028e-08 -4.8019e-08 -5.7006e-08 -6.7063e-08 -7.8266e-08 -9.0701e-08 -1.0446e-07 -1.1963e-07 -1.3633e-07 -1.5467e-07 -1.7476e-07 -1.9675e-07 -2.2077e-07 -2.4697e-07 -2.7552e-07 -3.0658e-07 -3.4034e-07 -3.7700e-07 -4.1674e-07 -4.5977e-07 -5.0631e-07 -5.5655e-07 -6.1070e-07 -6.6893e-07 -7.3138e-07 -7.9816e-07 -8.6930e-07 -9.4473e-07 -1.0242e-06 -1.1075e-06 -1.1938e-06 -1.2822e-06 -1.3715e-06 -1.4598e-06 -1.5447e-06 -1.6232e-06 -1.6914e-06 -1.7447e-06 -1.7777e-06 -1.7844e-06 -1.7588e-06 -1.6953e-06 -1.5901e-06 -1.4421e-06 -1.2548e-06 -1.0372e-06 -8.0443e-07 -5.7633e-07 -3.7394e-07 -2.1423e-07 -1.0491e-07 -4.2122e-08 -1.3135e-08 -2.9644e-09 -4.4139e-10 -3.8365e-11 -1.6538e-12 -2.8407e-14 -1.4458e-16 -1.4542e-19 -1.6529e-23 -9.7318e-29 -9.8707e-36 -3.5754e-45 -4.7312e-58 -8.0059e-76 -1.1565e-100 -7.0046e-136 -1.3161e-186 -5.7019e-261 -0.0000e+00 -0.0000e+00 -0.0000e+00 -0.0000e+00 -0.0000e+00 -0.0000e+00 -0.0000e+00 -0.0000e+00 -0.0000e+00 -0.0000e+00 -0.0000e+00 -0.0000e+00 -0.0000e+00 -0.0000e+00 -0.0000e+00 -0.0000e+00 -0.0000e+00
-8.9746e-11 -5.0817e-10 -1.4026e-09 -2.8858e-09 7.5230e-08 -8.0039e-09 -1.1817e-08 -1.6580e-08 -2.2381e-08 -2.9306e-08 -3.7446e-08 -4.6896e-08 -5.7756e-08 -7.0130e-08 -8.4130e-08 -9.9876e-08 -1.1749e-07 -1.3712e-07 -1.5891e-07 -1.8301e-07 -2.0960e-07 -2.3886e-07 -2.7098e-07 -3.0619e-07 -3.4471e-07 -3.8679e-07 -4.3270e-07 -4.8271e-07 -5.3714e-07 -5.9629e-07 -6.6050e-07 -7.3013e-07 -8.0553e-07 -8.8706e-07 -9.7509e-07 -1.0700e-06 -1.1720e-06 -1.2814e-06 -1.3984e-06 -1.5230e-06 -1.6552e-06 -1.7945e-06 -1.9403e-06 -2.0915e-06 -2.2464e-06 -2.4029e-06 -2.5576e-06 -2.7064e-06 -2.8439e-06 -2.9634e-06 -3.0567e-06 -3.1145e-06 -3.1263e-06 -3.0814e-06 -2.9703e-06 -2.7859e-06 -2.5266e-06 -2.1984e-06 -1.8172e-06 -1.4094e-06 -1.0097e-06 -6.5514e-07 -3.7533e-07 -1.8381e-07 -7.3798e-08 -2.3012e-08 -5.1937e-09 -7.7333e-10 -6.7216e-11 -2.8975e-12 -4.9770e-14 -2.5331e-16 -2.5479e-19 -2.8959e-23 -1.7050e-28 -1.7294e-35 -6.2641e-45 -8.2892e-58 -1.4027e-75 -2.0262e-100 -1.2273e-135 -2.3060e-186 -9.9905e-261 -0.0000e+00 -0.0000e+00 -0.0000e+00 -0.0000e+00 -0.0000e+00 -0.0000e+00 -0.0000e+00 -0.0000e+00 -0.0000e+00 -0.0000e+00 -0.0000e+00 -0.0000e+00 -0.0000e+00 -0.0000e+00 -0.0000e+00 -0.0000e+00 -0.0000e+00 -8.9746e-11 -5.0817e-10 -1.4026e-09 -2.8858e-09 0.0000e+00 -8.0039e-09 -1.1817e-08 -1.6580e-08 -2.2381e-08 -2.9306e-08 -3.7446e-08 -4.6896e-08 -5.7756e-08 -7.0130e-08 -8.4130e-08 -9.9876e-08 -1.1749e-07 -1.3712e-07 -1.5891e-07 -1.8301e-07 -2.0960e-07 -2.3886e-07 -2.7098e-07 -3.0619e-07 -3.4471e-07 -3.8679e-07 -4.3270e-07 -4.8271e-07 -5.3714e-07 -5.9629e-07 -6.6050e-07 -7.3013e-07 -8.0553e-07 -8.8706e-07 -9.7509e-07 -1.0700e-06 -1.1720e-06 -1.2814e-06 -1.3984e-06 -1.5230e-06 -1.6552e-06 -1.7945e-06 -1.9403e-06 -2.0915e-06 -2.2464e-06 -2.4029e-06 -2.5576e-06 -2.7064e-06 -2.8439e-06 -2.9634e-06 -3.0567e-06 -3.1145e-06 -3.1263e-06 -3.0814e-06 -2.9703e-06 -2.7859e-06 -2.5266e-06 -2.1984e-06 -1.8172e-06 -1.4094e-06 -1.0097e-06 -6.5514e-07 -3.7533e-07 -1.8381e-07 -7.3798e-08 -2.3012e-08 -5.1937e-09 -7.7333e-10 -6.7216e-11 -2.8975e-12 -4.9770e-14 -2.5331e-16 -2.5479e-19 -2.8959e-23 -1.7050e-28 -1.7294e-35 -6.2641e-45 -8.2891e-58 -1.4027e-75 -2.0261e-100 -1.2272e-135 -2.3059e-186 -9.9900e-261 -0.0000e+00 -0.0000e+00 -0.0000e+00 -0.0000e+00 -0.0000e+00 -0.0000e+00 -0.0000e+00 -0.0000e+00 -0.0000e+00 -0.0000e+00 -0.0000e+00 -0.0000e+00 -0.0000e+00 -0.0000e+00 -0.0000e+00 -0.0000e+00 -0.0000e+00
-1.4207e-10 -8.0447e-10 -2.2204e-09 -4.5684e-09 -8.0039e-09 2.2600e-07 -1.8707e-08 -2.6248e-08 -3.5430e-08 -4.6393e-08 -5.9279e-08 -7.4240e-08 -9.1431e-08 -1.1102e-07 -1.3318e-07 -1.5811e-07 -1.8600e-07 -2.1708e-07 -2.5156e-07 -2.8972e-07 -3.3181e-07 -3.7812e-07 -4.2898e-07 -4.8472e-07 -5.4570e-07 -6.1232e-07 -6.8499e-07 -7.6417e-07 -8.5032e-07 -9.4396e-07 -1.0456e-06 -1.1558e-06 -1.2752e-06 -1.4043e-06 -1.5436e-06 -1.6938e-06 -1.8553e-06 -2.0285e-06 -2.2137e-06 -2.4111e-06 -2.6203e-06 -2.8408e-06 -3.0716e-06 -3.3109e-06 -3.5562e-06 -3.8039e-06 -4.0488e-06 -4.2844e-06 -4.5021e-06 -4.6912e-06 -4.8390e-06 -4.9305e-06 -4.9491e-06 -4.8781e-06 -4.7021e-06 -4.4103e-06 -3.9998e-06 -3.4802e-06 -2.8767e-06 -2.2311e-06 -1.5985e-06 -1.0371e-06 -5.9417e-07 -2.9098e-07 -1.1683e-07 -3.6430e-08 -8.2219e-09 -1.2242e-09 -1.0641e-10 -4.5869e-12 -7.8790e-14 -4.0100e-16 -4.0335e-19 -4.5844e-23 -2.6992e-28 -2.7378e-35 -9.9167e-45 -1.3123e-57 -2.2206e-75 -3.2077e-100 -1.9430e-135 -3.6509e-186 -1.5818e-260 -0.0000e+00 -0.0000e+00 -0.0000e+00 -0.0000e+00 -0.0000e+00 -0.0000e+00 -0.0000e+00 -0.0000e+00 -0.0000e+00 -0.0000e+00 -0.0000e+00 -0.0000e+00 -0.0000e+00 -0.0000e+00 -0.0000e+00 -0.0000e+00 -0.0000e+00 -1.4207e-10 -8.0447e-10 -2.2204e-09 -4.5684e-09 -8.0039e-09 0.0000e+00 -1.8707e-08 -2.6248e-08 -3.5430e-08 -4.6393e-08 -5.9279e-08 -7.4240e-08 -9.1431e-08 -1.1102e-07 -1.3318e-07 -1.5811e-07 -1.8600e-07 -2.1708e-07 -2.5156e-07 -2.8972e-07 -3.3181e-07 -3.7812e-07 -4.2898e-07 -4.8472e-07 -5.4570e-07 -6.1232e-07 -6.8499e-07 -7.6417e-07 -8.5032e-07 -9.4396e-07 -1.0456e-06 -1.1558e-06 -1.2752e-06 -1.4043e-06 -1.5436e-06 -1.6938e-06 -1.8553e-06 -2.0285e-06 -2.2137e-06 -2.4111e-06 -2.6203e-06 -2.8408e-06 -3.0716e-06 -3.3109e-06 -3.5562e-06 -3.8039e-06 -4.0488e-06 -4.2844e-06 -4.5021e-06 -4.6912e-06 -4.8390e-06 -4.9305e-06 -4.9491e-06 -4.8781e-06 -4.7021e-06 -4.4103e-06 -3.9998e-06 -3.4802e-06 -2.8767e-06 -2.2311e-06 -1.5985e-06 -1.0371e-06 -5.9417e-07 -2.9098e-07 -1.1683e-07 -3.6430e-08 -8.2219e-09 -1.2242e-09 -1.0641e-10 -4.5869e-12 -7.8790e-14 -4.0100e-16 -4.0334e-19 -4.5844e-23 -2.6992e-28 -2.7377e-35 -9.9165e-45 -1.3122e-57 -2.2205e-75 -3.2076e-100 -1.9428e-135 -3.6505e-186 -1.5816e-260 -0.0000e+00 -0.0000e+00 -0.0000e+00 -0.0000e+00 -0.0000e+00 -0.0000e+00 -0.0000e+00 -0.0000e+00 -0.0000e+00 -0.0000e+00 -0.0000e+00 -0.0000e+00 -0.0000e+00 -0.0000e+00 -0.0000e+00 -0.0000e+00 -0.0000e+00
-2.0975e-10 -1.1877e-09 -3.2782e-09 -6.7447e-09 -1.1817e-08 -1.8707e-08 5.7339e-07 -3.8751e-08 -5.2308e-08 -6.8493e-08 -8.7518e-08 -1.0961e-07 -1.3499e-07 -1.6391e-07 -1.9663e-07 -2.3343e-07 -2.7461e-07 -3.2048e-07 -3.7140e-07 -4.2773e-07 -4.8987e-07 -5.5825e-07 -6.3334e-07 -7.1563e-07 -8.0566e-07 -9.0401e-07 -1.0113e-06 -1.1282e-06 -1.2554e-06 -1.3936e-06 -1.5437e-06 -1.7065e-06 -1.8827e-06 -2.0732e-06 -2.2790e-06 -2.5007e-06 -2.7391e-06 -2.9949e-06 -3.2683e-06 -3.5596e-06 -3.8685e-06 -4.1941e-06 -4.5348e-06 -4.8882e-06 -5.2503e-06 -5.6159e-06 -5.9775e-06 -6.3253e-06 -6.6467e-06 -6.9260e-06 -7.1442e-06 -7.2792e-06 -7.3067e-06 -7.2019e-06 -6.9421e-06 -6.5112e-06 -5.9052e-06 -5.1381e-06 -4.2471e-06 -3.2940e-06 -2.3600e-06 -1.5312e-06 -8.7721e-07 -4.2959e-07 -1.7248e-07 -5.3785e-08 -1.2139e-08 -1.8074e-09 -1.5710e-10 -6.7720e-12 -1.1632e-13 -5.9204e-16 -5.9550e-19 -6.7685e-23 -3.9851e-28 -4.0421e-35 -1.4641e-44 -1.9375e-57 -3.2787e-75 -4.7363e-100 -2.8690e-135 -5.3912e-186 -2.3360e-260 -0.0000e+00 -0.0000e+00 -0.0000e+00 -0.0000e+00 -0.0000e+00 -0.0000e+00 -0.0000e+00 -0.0000e+00 -0.0000e+00 -0.0000e+00 -0.0000e+00 -0.0000e+00 -0.0000e+00 -0.0000e+00 -0.0000e+00 -0.0000e+00 -0.0000e+00 -2.0975e-10 -1.1877e-09 -3.2782e-09 -6.7447e-09 -1.1817e-08 -1.8707e-08 0.0000e+00 -3.8751e-08 -5.2308e-08 -6.8493e-08 -8.7518e-08 -1.0961e-07 -1.3499e-07 -1.6391e-07 -1.9663e-07 -2.3343e-07 -2.7461e-07 -3.2048e-07 -3.7140e-07 -4.2773e-07 -4.8987e-07 -5.5825e-07 -6.3334e-07 -7.1563e-07 -8.0566e-07 -9.0401e-07 -1.0113e-06 -1.1282e-06 -1.2554e-06 -1.3936e-06 -1.5437e-06 -1.7065e-06 -1.8827e-06 -2.0732e-06 -2.2790e-06 -2.5007e-06 -2.7391e-06 -2.9949e-06 -3.2683e-06 -3.5596e-06 -3.8685e-06 -4.1941e-06 -4.5348e-06 -4.8882e-06 -5.2503e-06 -5.6159e-06 -5.9775e-06 -6.3253e-06 -6.6467e-06 -6.9260e-06 -7.1442e-06 -7.2792e-06 -7.3067e-06 -7.2019e-06 -6.9421e-06 -6.5112e-06 -5.9052e-06 -5.1381e-06 -4.2471e-06 -3.2940e-06 -2.3600e-06 -1.5312e-06 -8.7721e-07 -4.2959e-07 -1.7248e-07 -5.3784e-08 -1.2139e-08 -1.8074e-09 -1.5710e-10 -6.7720e-12 -1.1632e-13 -5.9203e-16 -5.9549e-19 -6.7683e-23 -3.9850e-28 -4.0419e-35 -1.4641e-44 -1.9374e-57 -3.2784e-75 -4.7357e-100 -2.8685e-135 -5.3899e-186 -2.3352e-260 -0.0000e+00 -0.0000e+00 -0.0000e+00 -0.0000e+00 -0.0000e+00 -0.0000e+00 -0.0000e+00 -0.0000e+00 -0.0000e+00 -0.0000e+00 -0.0000e+00 -0.0000e+00 -0.0000e+00 -0.0000e+00 -0.0000e+00 -0.0000e+00 -0.0000e+00
-2.9431e-10 -1.6665e-09 -4.5997e-09 -9.4635e-09 -1.6580e-08 -2.6248e-08 -3.8751e-08 1.2870e-06 -7.3394e-08 -9.6103e-08 -1.2280e-07 -1.5379e-07 -1.8940e-07 -2.2998e-07 -2.7589e-07 -3.2753e-07 -3.8531e-07 -4.4967e-07 -5.2112e-07 -6.0015e-07 -6.8734e-07 -7.8329e-07 -8.8864e-07 -1.0041e-06 -1.1304e-06 -1.2684e-06 -1.4190e-06 -1.5830e-06 -1.7615e-06 -1.9554e-06 -2.1660e-06 -2.3943e-06 -2.6416e-06 -2.9090e-06 -3.1977e-06 -3.5088e-06 -3.8433e-06 -4.2021e-06 -4.5858e-06 -4.9945e-06 -5.4279e-06 -5.8847e-06 -6.3628e-06 -6.8587e-06 -7.3668e-06 -7.8798e-06 -8.3871e-06 -8.8751e-06 -9.3261e-06 -9.7180e-06 -1.0024e-05 -1.0214e-05 -1.0252e-05 -1.0105e-05 -9.7405e-06 -9.1360e-06 -8.2857e-06 -7.2093e-06 -5.9591e-06 -4.6218e-06 -3.3113e-06 -2.1484e-06 -1.2308e-06 -6.0276e-07 -2.4201e-07 -7.5466e-08 -1.7032e-08 -2.5360e-09 -2.2043e-10 -9.5021e-12 -1.6322e-13 -8.3072e-16 -8.3558e-19 -9.4973e-23 -5.5919e-28 -5.6719e-35 -2.0546e-44 -2.7189e-57 -4.6012e-75 -6.6472e-100 -4.0268e-135 -7.5678e-186 -3.2797e-260 -0.0000e+00 -0.0000e+00 -0.0000e+00 -0.0000e+00 -0.0000e+00 -0.0000e+00 -0.0000e+00 -0.0000e+00 -0.0000e+00 -0.0000e+00 -0.0000e+00 -0.0000e+00 -0.0000e+00 -0.0000e+00 -0.0000e+00 -0.0000e+00 -0.0000e+00 -2.9431e-10 -1.6665e-09 -4.5997e-09 -9.4635e-09 -1.6580e-08 -2.6248e-08 -3.8751e-08 0.0000e+00 -7.3394e-08 -9.6103e-08 -1.2280e-07 -1.5379e-07 -1.8940e-07 -2.2998e-07 -2.7589e-07 -3.2753e-07 -3.8531e-07 -4.4967e-07 -5.2112e-07 -6.0015e-07 -6.8734e-07 -7.8329e-07 -8.8864e-07 -1.0041e-06 -1.1304e-06 -1.2684e-06 -1.4190e-06 -1.5830e-06 -1.7615e-06 -1.9554e-06 -2.1660e-06 -2.3943e-06 -2.6416e-06 -2.9090e-06 -3.1977e-06 -3.5088e-06 -3.8433e-06 -4.2021e-06 -4.5858e-06 -4.9945e-06 -5.4279e-06 -5.8847e-06 -6.3628e-06 -6.8587e-06 -7.3668e-06 -7.8798e-06 -8.3871e-06 -8.8751e-06 -9.3261e-06 -9.7180e-06 -1.0024e-05 -1.0214e-05 -1.0252e-05 -1.0105e-05 -9.7405e-06 -9.1360e-06 -8.2857e-06 -7.2093e-06 -5.9591e-06 -4.6218e-06 -3.3113e-06 -2.1484e-06 -1.2308e-06 -6.0276e-07 -2.4201e-07 -7.5466e-08 -1.7032e-08 -2.5360e-09 -2.2043e-10 -9.5019e-12 -1.6322e-13 -8.3069e-16 -8.3554e-19 -9.4968e-23 -5.5915e-28 -5.6714e-35 -2.0543e-44 -2.7185e-57 -4.6002e-75 -6.6453e-100 -4.0253e-135 -7.5638e-186 -3.2772e-260 -0.0000e+00 -0.0000e+00 -0.0000e+00 -0.0000e+00 -0.0000e+00 -0.0000e+00 -0.0000e+00 -0.0000e+00 -0.0000e+00 -0.0000e+00 -0.0000e+00 -0.0000e+00 -0.0000e+00 -0.0000e+00 -0.0000e+00 -0.0000e+00 -0.0000e+00
-3.9727e-10 -2.2494e-09 -6.2088e-09 -1.2774e-08 -2.2381e-08 -3.5430e-08 -5.2308e-08 -7.3394e-08 2.6308e-06 -1.2972e-07 -1.6576e-07 -2.0759e-07 -2.5566e-07 -3.1043e-07 -3.7241e-07 -4.4211e-07 -5.2010e-07 -6.0698e-07 -7.0342e-07 -8.1010e-07 -9.2779e-07 -1.0573e-06 -1.1995e-06 -1.3554e-06 -1.5259e-06 -1.7122e-06 -1.9154e-06 -2.1368e-06 -2.3777e-06 -2.6395e-06 -2.9238e-06 -3.2320e-06 -3.5657e-06 -3.9266e-06 -4.3163e-06 -4.7362e-06 -5.1878e-06 -5.6722e-06 -6.1901e-06 -6.7418e-06 -7.3267e-06 -7.9434e-06 -8.5888e-06 -9.2580e-06 -9.9440e-06 -1.0636e-05 -1.1321e-05 -1.1980e-05 -1.2589e-05 -1.3118e-05 -1.3531e-05 -1.3787e-05 -1.3839e-05 -1.3640e-05 -1.3148e-05 -1.2332e-05 -1.1184e-05 -9.7314e-06 -8.0438e-06 -6.2387e-06 -4.4697e-06 -2.9001e-06 -1.6614e-06 -8.1364e-07 -3.2668e-07 -1.0187e-07 -2.2991e-08 -3.4233e-09 -2.9755e-10 -1.2827e-11 -2.2033e-13 -1.1214e-15 -1.1280e-18 -1.2821e-22 -7.5490e-28 -7.6573e-35 -2.7738e-44 -3.6710e-57 -6.2128e-75 -8.9765e-100 -5.4388e-135 -1.0224e-185 -4.4323e-260 -0.0000e+00 -0.0000e+00 -0.0000e+00 -0.0000e+00 -0.0000e+00 -0.0000e+00 -0.0000e+00 -0.0000e+00 -0.0000e+00 -0.0000e+00 -0.0000e+00 -0.0000e+00 -0.0000e+00 -0.0000e+00 -0.0000e+00 -0.0000e+00 -0.0000e+00 -3.9727e-10 -2.2494e-09 -6.2088e-09 -1.2774e-08 -2.2381e-08 -3.5430e-08 -5.2308e-08 -7.3394e-08 0.0000e+00 -1.2972e-07 -1.6576e-07 -2.0759e-07 -2.5566e-07 -3.1043e-07 -3.7241e-07 -4.4211e-07 -5.2010e-07 -6.0698e-07 -7.0342e-07 -8.1010e-07 -9.2779e-07 -1.0573e-06 -1.1995e-06 -1.3554e-06 -1.5259e-06 -1.7122e-06 -1.9154e-06 -2.1368e-06 -2.3777e-06 -2.6395e-06 -2.9238e-06 -3.2320e-06 -3.5657e-06 -3.9266e-06 -4.3163e-06 -4.7362e-06 -5.1878e-06 -5.6722e-06 -6.1901e-06 -6.7418e-06 -7.3267e-06 -7.9434e-06 -8.5888e-06 -9.2580e-06 -9.9440e-06 -1.0636e-05 -1.1321e-05 -1.1980e-05 -1.2589e-05 -1.3118e-05 -1.3531e-05 -1.3787e-05 -1.3839e-05 -1.3640e-05 -1.3148e-05 -1.2332e-05 -1.1184e-05 -9.7314e-06 -8.0438e-06 -6.2387e-06 -4.4697e-06 -2.9000e-06 -1.6614e-06 -8.1363e-07 -3.2667e-07 -1.0187e-07 -2.2990e-08 -3.4232e-09 -2.9754e-10 -1.2826e-11 -2.2032e-13 -1.1213e-15 -1.1279e-18 -1.2819e-22 -7.5479e-28 -7.6558e-35 -2.7732e-44 -3.6698e-57 -6.2102e-75 -8.9713e-100 -5.4345e-135 -1.0213e-185 -4.4255e-260 -0.0000e+00 -0.0000e+00 -0.0000e+00 -0.0000e+00 -0.0000e+00 -0.0000e+00 -0.0000e+00 -0.0000e+00 -0.0000e+00 -0.0000e+00 -0.0000e+00 -0.0000e+00 -0.0000e+00 -0.0000e+00 -0.0000e+00 -0.0000e+00 -0.0000e+00
-5.2019e-10 -2.9455e-09 -8.1299e-09 -1.6727e-08 -2.9306e-08 -4.6393e-08 -6.8493e-08 -9.6103e-08 -1.2972e-07 4.9965e-06 -2.1704e-07 -2.7182e-07 -3.3477e-07 -4.0649e-07 -4.8764e-07 -5.7890e-07 -6.8102e-07 -7.9480e-07 -9.2107e-07 -1.0608e-06 -1.2149e-06 -1.3845e-06 -1.5707e-06 -1.7747e-06 -1.9980e-06 -2.2419e-06 -2.5080e-06 -2.7979e-06 -3.1134e-06 -3.4562e-06 -3.8284e-06 -4.2320e-06 -4.6690e-06 -5.1416e-06 -5.6518e-06 -6.2017e-06 -6.7930e-06 -7.4272e-06 -8.1054e-06 -8.8278e-06 -9.5938e-06 -1.0401e-05 -1.1246e-05 -1.2123e-05 -1.3021e-05 -1.3927e-05 -1.4824e-05 -1.5687e-05 -1.6484e-05 -1.7176e-05 -1.7718e-05 -1.8052e-05 -1.8121e-05 -1.7861e-05 -1.7216e-05 -1.6148e-05 -1.4645e-05 -1.2743e-05 -1.0533e-05 -8.1692e-06 -5.8528e-06 -3.7974e-06 -2.1755e-06 -1.0654e-06 -4.2776e-07 -1.3339e-07 -3.0105e-08 -4.4827e-09 -3.8964e-10 -1.6796e-11 -2.8852e-13 -1.4685e-15 -1.4771e-18 -1.6790e-22 -9.8866e-28 -1.0029e-34 -3.6333e-44 -4.8089e-57 -8.1399e-75 -1.1763e-99 -7.1292e-135 -1.3407e-185 -5.8157e-260 -0.0000e+00 -0.0000e+00 -0.0000e+00 -0.0000e+00 -0.0000e+00 -0.0000e+00 -0.0000e+00 -0.0000e+00 -0.0000e+00 -0.0000e+00 -0.0000e+00 -0.0000e+00 -0.0000e+00 -0.0000e+00 -0.0000e+00 -0.0000e+00 -0.0000e+00 -5.2019e-10 -2.9455e-09 -8.1299e-09 -1.6727e-08 -2.9306e-08 -4.6393e-08 -6.8493e-08 -9.6103e-08 -1.2972e-07 0.0000e+00 -2.1704e-07 -2.7182e-07 -3.3477e-07 -4.0649e-07 -4.8764e-07 -5.7890e-07 -6.8102e-07 -7.9480e-07 -9.2107e-07 -1.0608e-06 -1.2149e-06 -1.3845e-06 -1.5707e-06 -1.7747e-06 -1.9980e-06 -2.2419e-06 -2.5080e-06 -2.7979e-06 -3.1134e-06 -3.4562e-06 -3.8284e-06 -4.2320e-06 -4.6690e-06 -5.1416e-06 -5.6518e-06 -6.2017e-06 -6.7930e-06 -7.4272e-06 -8.1054e-06 -8.8278e-06 -9.5938e-06 -1.0401e-05 -1.1246e-05 -1.2123e-05 -1.3021e-05 -1.3927e-05 -1.4824e-05 -1.5687e-05 -1.6484e-05 -1.7176e-05 -1.7718e-05 -1.8052e-05 -1.8121e-05 -1.7861e-05 -1.7216e-05 -1.6148e-05 -1.4645e-05 -1.2742e-05 -1.0533e-05 -8.1691e-06 -5.8527e-06 -3.7974e-06 -2.1755e-06 -1.0654e-06 -4.2775e-07 -1.3339e-07 -3.0104e-08 -4.4825e-09 -3.8961e-10 -1.6795e-11 -2.8849e-13 -1.4683e-15 -1.4769e-18 -1.6787e-22 -9.8840e-28 -1.0026e-34 -3.6316e-44 -4.8060e-57 -8.1333e-75 -1.1750e-99 -7.1186e-135 -1.3379e-185 -5.7988e-260 -0.0000e+00 -0.0000e+00 -0.0000e+00 -0.0000e+00 -0.0000e+00 -0.0000e+00 -0.0000e+00 -0.0000e+00 -0.0000e+00 -0.0000e+00 -0.0000e+00 -0.0000e+00 -0.0000e+00 -0.0000e+00 -0.0000e+00 -0.0000e+00 -0.0000e+00
-6.6468e-10 -3.7636e-09 -1.0388e-08 -2.1373e-08 -3.7446e-08 -5.9279e-08 -8.7518e-08 -1.2280e-07 -1.6576e-07 -2.1704e-07 8.9432e-06 -3.4733e-07 -4.2775e-07 -5.1940e-07 -6.2309e-07 -7.3971e-07 -8.7020e-07 -1.0156e-06 -1.1769e-06 -1.3554e-06 -1.5523e-06 -1.7690e-06 -2.0070e-06 -2.2677e-06 -2.5530e-06 -2.8647e-06 -3.2047e-06 -3.5751e-06 -3.9782e-06 -4.4163e-06 -4.8919e-06 -5.4075e-06 -5.9660e-06 -6.5698e-06 -7.2218e-06 -7.9244e-06 -8.6799e-06 -9.4903e-06 -1.0357e-05 -1.1280e-05 -1.2259e-05 -1.3290e-05 -1.4370e-05 -1.5490e-05 -1.6638e-05 -1.7796e-05 -1.8942e-05 -2.0044e-05 -2.1063e-05 -2.1948e-05 -2.2639e-05 -2.3067e-05 -2.3154e-05 -2.2822e-05 -2.1999e-05 -2.0633e-05 -1.8713e-05 -1.6282e-05 -1.3459e-05 -1.0438e-05 -7.4787e-06 -4.8523e-06 -2.7799e-06 -1.3614e-06 -5.4660e-07 -1.7045e-07 -3.8470e-08 -5.7282e-09 -4.9790e-10 -2.1464e-11 -3.6871e-13 -1.8767e-15 -1.8878e-18 -2.1460e-22 -1.2637e-27 -1.2820e-34 -4.6450e-44 -6.1491e-57 -1.0411e-74 -1.5050e-99 -9.1256e-135 -1.7173e-185 -7.4569e-260 -0.0000e+00 -0.0000e+00 -0.0000e+00 -0.0000e+00 -0.0000e+00 -0.0000e+00 -0.0000e+00 -0.0000e+00 -0.0000e+00 -0.0000e+00 -0.0000e+00 -0.0000e+00 -0.0000e+00 -0.0000e+00 -0.0000e+00 -0.0000e+00 -0.0000e+00 -6.6468e-10 -3.7636e-09 -1.0388e-08 -2.1373e-08 -3.7446e-08 -5.9279e-08 -8.7518e-08 -1.2280e-07 -1.6576e-07 -2.1704e-07 0.0000e+00 -3.4733e-07 -4.2775e-07 -5.1940e-07 -6.2309e-07 -7.3971e-07 -8.7020e-07 -1.0156e-06 -1.1769e-06 -1.3554e-06 -1.5523e-06 -1.7690e-06 -2.0070e-06 -2.2677e-06 -2.5530e-06 -2.8647e-06 -3.2047e-06 -3.5751e-06 -3.9782e-06 -4.4163e-06 -4.8919e-06 -5.4075e-06 -5.9659e-06 -6.5698e-06 -7.2218e-06 -7.9244e-06 -8.6799e-06 -9.4903e-06 -1.0357e-05 -1.1280e-05 -1.2259e-05 -1.3290e-05 -1.4370e-05 -1.5490e-05 -1.6638e-05 -1.7796e-05 -1.8942e-05 -2.0044e-05 -2.1063e-05 -2.1948e-05 -2.2639e-05 -2.3067e-05 -2.3154e-05 -2.2822e-05 -2.1999e-05 -2.0633e-05 -1.8713e-05 -1.6282e-05 -1.3458e-05 -1.0438e-05 -7.4785e-06 -4.8522e-06 -2.7798e-06 -1.3613e-06 -5.4658e-07 -1.7044e-07 -3.8467e-08 -5.7277e-09 -4.9785e-10 -2.1461e-11 -3.6864e-13 -1.8763e-15 -1.8873e-18 -2.1452e-22 -1.2631e-27 -1.2812e-34 -4.6412e-44 -6.1424e-57 -1.0396e-74 -1.5021e-99 -9.1013e-135 -1.7110e-185 -7.4181e-260 -0.0000e+00 -0.0000e+00 -0.0000e+00 -0.0000e+00 -0.0000e+00 -0.0000e+00 -0.0000e+00 -0.0000e+00 -0.0000e+00 -0.0000e+00 -0.0000e+00 -0.0000e+00 -0.0000e+00 -0.0000e+00 -0.0000e+00 -0.0000e+00 -0.0000e+00
-8.3243e-10 -4.7135e-09 -1.3010e-08 -2.6767e-08 -4.6896e-08 -7.4240e-08 -1.0961e-07 -1.5379e-07 -2.0759e-07 -2.7182e-07 -3.4733e-07 1.5245e-05 -5.3571e-07 -6.5048e-07 -7.8034e-07 -9.2639e-07 -1.0898e-06 -1.2719e-06 -1.4739e-06 -1.6975e-06 -1.9441e-06 -2.2155e-06 -2.5135e-06 -2.8400e-06 -3.1973e-06 -3.5877e-06 -4.0135e-06 -4.4774e-06 -4.9822e-06 -5.5308e-06 -6.1264e-06 -6.7722e-06 -7.4716e-06 -8.2279e-06 -9.0443e-06 -9.9243e-06 -1.0870e-05 -1.1885e-05 -1.2971e-05 -1.4127e-05 -1.5352e-05 -1.6645e-05 -1.7997e-05 -1.9399e-05 -2.0837e-05 -2.2287e-05 -2.3722e-05 -2.5103e-05 -2.6378e-05 -2.7487e-05 -2.8353e-05 -2.8889e-05 -2.8998e-05 -2.8582e-05 -2.7551e-05 -2.5841e-05 -2.3436e-05 -2.0392e-05 -1.6856e-05 -1.3073e-05 -9.3663e-06 -6.0771e-06 -3.4816e-06 -1.7050e-06 -6.8459e-07 -2.1348e-07 -4.8182e-08 -7.1746e-09 -6.2364e-10 -2.6885e-11 -4.6185e-13 -2.3509e-15 -2.3650e-18 -2.6886e-22 -1.5834e-27 -1.6066e-34 -5.8223e-44 -7.7097e-57 -1.3058e-74 -1.8887e-99 -1.1461e-134 -2.1591e-185 -9.3902e-260 -0.0000e+00 -0.0000e+00 -0.0000e+00 -0.0000e+00 -0.0000e+00 -0.0000e+00 -0.0000e+00 -0.0000e+00 -0.0000e+00 -0.0000e+00 -0.0000e+00 -0.0000e+00 -0.0000e+00 -0.0000e+00 -0.0000e+00 -0.0000e+00 -0.0000e+00 -8.3243e-10 -4.7135e-09 -1.3010e-08 -2.6767e-08 -4.6896e-08 -7.4240e-08 -1.0961e-07 -1.5379e-07 -2.0759e-07 -2.7182e-07 -3.4733e-07 0.0000e+00 -5.3571e-07 -6.5048e-07 -7.8034e-07 -9.2639e-07 -1.0898e-06 -1.2719e-06 -1.4739e-06 -1.6975e-06 -1.9441e-06 -2.2155e-06 -2.5135e-06 -2.8400e-06 -3.1973e-06 -3.5877e-06 -4.0135e-06 -4.4774e-06 -4.9822e-06 -5.5308e-06 -6.1264e-06 -6.7722e-06 -7.4716e-06 -8.2279e-06 -9.0443e-06 -9.9243e-06 -1.0870e-05 -1.1885e-05 -1.2971e-05 -1.4127e-05 -1.5352e-05 -1.6645e-05 -1.7997e-05 -1.9399e-05 -2.0837e-05 -2.2287e-05 -2.3722e-05 -2.5103e-05 -2.6378e-05 -2.7487e-05 -2.8353e-05 -2.8888e-05 -2.8998e-05 -2.8582e-05 -2.7551e-05 -2.5841e-05 -2.3436e-05 -2.0391e-05 -1.6855e-05 -1.3073e-05 -9.3660e-06 -6.0768e-06 -3.4814e-06 -1.7049e-06 -6.8453e-07 -2.1346e-07 -4.8176e-08 -7.1735e-09 -6.2352e-10 -2.6878e-11 -4.6171e-13 -2.3500e-15 -2.3638e-18 -2.6869e-22 -1.5821e-27 -1.6049e-34 -5.8142e-44 -7.6955e-57 -1.3026e-74 -1.8824e-99 -1.1409e-134 -2.1456e-185 -9.3073e-260 -0.0000e+00 -0.0000e+00 -0.0000e+00 -0.0000e+00 -0.0000e+00 -0.0000e+00 -0.0000e+00 -0.0000e+00 -0.0000e+00 -0.0000e+00 -0.0000e+00 -0.0000e+00 -0.0000e+00 -0.0000e+00 -0.0000e+00 -0.0000e+00 -0.0000e+00
-1.0252e-09 -5.8050e-09 -1.6022e-08 -3.2965e-08 -5.7756e-08 -9.1431e-08 -1.3499e-07 -1.8940e-07 -2.5566e-07 -3.3477e-07 -4.2775e-07 -5.3571e-07 2.4949e-05 -8.0112e-07 -9.6105e-07 -1.1409e-06 -1.3422e-06 -1.5664e-06 -1.8153e-06 -2.0906e-06 -2.3943e-06 -2.7285e-06 -3.0955e-06 -3.4977e-06 -3.9377e-06 -4.4185e-06 -4.9429e-06 -5.5142e-06 -6.1359e-06 -6.8116e-06 -7.5451e-06 -8.3405e-06 -9.2018e-06 -1.0133e-05 -1.1139e-05 -1.2222e-05 -1.3388e-05 -1.4638e-05 -1.5974e-05 -1.7398e-05 -1.8908e-05 -2.0499e-05 -2.2164e-05 -2.3892e-05 -2.5662e-05 -2.7449e-05 -2.9216e-05 -3.0916e-05 -3.2487e-05 -3.3852e-05 -3.4919e-05 -3.5578e-05 -3.5713e-05 -3.5201e-05 -3.3931e-05 -3.1825e-05 -2.8864e-05 -2.5114e-05 -2.0759e-05 -1.6101e-05 -1.1536e-05 -7.4847e-06 -4.2881e-06 -2.1000e-06 -8.4318e-07 -2.6294e-07 -5.9347e-08 -8.8373e-09 -7.6820e-10 -3.3119e-11 -5.6897e-13 -2.8964e-15 -2.9140e-18 -3.3132e-22 -1.9516e-27 -1.9807e-34 -7.1802e-44 -9.5118e-57 -1.6120e-74 -2.3335e-99 -1.4176e-134 -2.6751e-185 -1.1663e-259 -0.0000e+00 -0.0000e+00 -0.0000e+00 -0.0000e+00 -0.0000e+00 -0.0000e+00 -0.0000e+00 -0.0000e+00 -0.0000e+00 -0.0000e+00 -0.0000e+00 -0.0000e+00 -0.0000e+00 -0.0000e+00 -0.0000e+00 -0.0000e+00 -0.0000e+00 -1.0252e-09 -5.8050e-09 -1.6022e-08 -3.2965e-08 -5.7756e-08 -9.1431e-08 -1.3499e-07 -1.8940e-07 -2.5566e-07 -3.3477e-07 -4.2775e-07 -5.3571e-07 0.0000e+00 -8.0112e-07 -9.6105e-07 -1.1409e-06 -1.3422e-06 -1.5664e-06 -1.8153e-06 -2.0906e-06 -2.3943e-06 -2.7285e-06 -3.0955e-06 -3.4977e-06 -3.9377e-06 -4.4185e-06 -4.9429e-06 -5.5142e-06 -6.1359e-06 -6.8116e-06 -7.5451e-06 -8.3405e-06 -9.2018e-06 -1.0133e-05 -1.1139e-05 -1.2222e-05 -1.3388e-05 -1.4638e-05 -1.5974e-05 -1.7398e-05 -1.8908e-05 -2.0499e-05 -2.2164e-05 -2.3892e-05 -2.5662e-05 -2.7449e-05 -2.9216e-05 -3.0916e-05 -3.2487e-05 -3.3852e-05 -3.4918e-05 -3.5578e-05 -3.5713e-05 -3.5200e-05 -3.3931e-05 -3.1825e-05 -2.8863e-05 -2.5113e-05 -2.0758e-05 -1.6100e-05 -1.1535e-05 -7.4842e-06 -4.2877e-06 -2.0998e-06 -8.4307e-07 -2.6290e-07 -5.9335e-08 -8.8351e-09 -7.6795e-10 -3.3105e-11 -5.6868e-13 -2.8945e-15 -2.9117e-18 -3.3098e-22 -1.9490e-27 -1.9772e-34 -7.1638e-44 -9.4832e-57 -1.6055e-74 -2.3208e-99 -1.4071e-134 -2.6477e-185 -1.1495e-259 -0.0000e+00 -0.0000e+00 -0.0000e+00 -0.0000e+00 -0.0000e+00 -0.0000e+00 -0.0000e+00 -0.0000e+00 -0.0000e+00 -0.0000e+00 -0.0000e+00 -0.0000e+00 -0.0000e+00 -0.0000e+00 -0.0000e+00 -0.0000e+00 -0.0000e+00
-1.2448e-09 -7.0487e-09 -1.9455e-08 -4.0028e-08 -7.0130e-08 -1.1102e-07 -1.6391e-07 -2.2998e-07 -3.1043e-07 -4.0649e-07 -5.1940e-07 -6.5048e-07 -8.0112e-07 3.9441e-05 -1.1670e-06 -1.3854e-06 -1.6297e-06 -1.9020e-06 -2.2042e-06 -2.5385e-06 -2.9073e-06 -3.3131e-06 -3.7587e-06 -4.2471e-06 -4.7814e-06 -5.3651e-06 -6.0019e-06 -6.6956e-06 -7.4505e-06 -8.2710e-06 -9.1617e-06 -1.0127e-05 -1.1173e-05 -1.2304e-05 -1.3525e-05 -1.4841e-05 -1.6256e-05 -1.7774e-05 -1.9397e-05 -2.1126e-05 -2.2959e-05 -2.4891e-05 -2.6913e-05 -2.9010e-05 -3.1160e-05 -3.3330e-05 -3.5476e-05 -3.7540e-05 -3.9447e-05 -4.1105e-05 -4.2400e-05 -4.3202e-05 -4.3365e-05 -4.2743e-05 -4.1202e-05 -3.8645e-05 -3.5049e-05 -3.0496e-05 -2.5208e-05 -1.9551e-05 -1.4008e-05 -9.0889e-06 -5.2072e-06 -2.5502e-06 -1.0240e-06 -3.1933e-07 -7.2075e-08 -1.0733e-08 -9.3304e-10 -4.0228e-11 -6.9118e-13 -3.5189e-15 -3.5409e-18 -4.0267e-22 -2.3725e-27 -2.4087e-34 -8.7358e-44 -1.1580e-56 -1.9642e-74 -2.8468e-99 -1.7325e-134 -3.2774e-185 -1.4339e-259 -0.0000e+00 -0.0000e+00 -0.0000e+00 -0.0000e+00 -0.0000e+00 -0.0000e+00 -0.0000e+00 -0.0000e+00 -0.0000e+00 -0.0000e+00 -0.0000e+00 -0.0000e+00 -0.0000e+00 -0.0000e+00 -0.0000e+00 -0.0000e+00 -0.0000e+00 -1.2448e-09 -7.0487e-09 -1.9455e-08 -4.0028e-08 -7.0130e-08 -1.1102e-07 -1.6391e-07 -2.2998e-07 -3.1043e-07 -4.0649e-07 -5.1940e-07 -6.5048e-07 -8.0112e-07 0.0000e+00 -1.1670e-06 -1.3854e-06 -1.6297e-06 -1.9020e-06 -2.2042e-06 -2.5385e-06 -2.9073e-06 -3.3131e-06 -3.7587e-06 -4.2471e-06 -4.7814e-06 -5.3651e-06 -6.0019e-06 -6.6956e-06 -7.4505e-06 -8.2709e-06 -9.1617e-06 -1.0127e-05 -1.1173e-05 -1.2304e-05 -1.3525e-05 -1.4841e-05 -1.6256e-05 -1.7774e-05 -1.9397e-05 -2.1126e-05 -2.2959e-05 -2.4891e-05 -2.6913e-05 -2.9010e-05 -3.1160e-05 -3.3329e-05 -3.5475e-05 -3.7539e-05 -3.9447e-05 -4.1105e-05 -4.2400e-05 -4.3201e-05 -4.3364e-05 -4.2742e-05 -4.1200e-05 -3.8643e-05 -3.5047e-05 -3.0494e-05 -2.5206e-05 -1.9550e-05 -1.4007e-05 -9.0878e-06 -5.2064e-06 -2.5497e-06 -1.0237e-06 -3.1924e-07 -7.2052e-08 -1.0729e-08 -9.3257e-10 -4.0203e-11 -6.9062e-13 -3.5153e-15 -3.5363e-18 -4.0201e-22 -2.3675e-27 -2.4021e-34 -8.7044e-44 -1.1525e-56 -1.9518e-74 -2.8225e-99 -1.7123e-134 -3.2247e-185 -1.4017e-259 -0.0000e+00 -0.0000e+00 -0.0000e+00 -0.0000e+00 -0.0000e+00 -0.0000e+00 -0.0000e+00 -0.0000e+00 -0.0000e+00 -0.0000e+00 -0.0000e+00 -0.0000e+00 -0.0000e+00 -0.0000e+00 -0.0000e+00 -0.0000e+00 -0.0000e+00
-1.4934e-09 -8.4559e-09 -2.3339e-08 -4.8019e-08 -8.4130e-08 -1.3318e-07 -1.9663e-07 -2.7589e-07 -3.7241e-07 -4.8764e-07 -6.2309e-07 -7.8034e-07 -9.6105e-07 -1.1670e-06 6.0530e-05 -1.6619e-06 -1.9551e-06 -2.2817e-06 -2.6442e-06 -3.0452e-06 -3.4877e-06 -3.9745e-06 -4.5091e-06 -5.0950e-06 -5.7359e-06 -6.4362e-06 -7.2000e-06 -8.0323e-06 -8.9379e-06 -9.9221e-06 -1.0991e-05 -1.2149e-05 -1.3404e-05 -1.4761e-05 -1.6225e-05 -1.7804e-05 -1.9501e-05 -2.1322e-05 -2.3269e-05 -2.5343e-05 -2.7542e-05 -2.9860e-05 -3.2286e-05 -3.4802e-05 -3.7381e-05 -3.9983e-05 -4.2558e-05 -4.5034e-05 -4.7323e-05 -4.9312e-05 -5.0865e-05 -5.1827e-05 -5.2023e-05 -5.1277e-05 -4.9428e-05 -4.6361e-05 -4.2047e-05 -3.6586e-05 -3.0242e-05 -2.3456e-05 -1.6806e-05 -1.0904e-05 -6.2474e-06 -3.0597e-06 -1.2286e-06 -3.8315e-07 -8.6487e-08 -1.2880e-08 -1.1198e-09 -4.8284e-11 -8.2969e-13 -4.2248e-15 -4.2521e-18 -4.8369e-22 -2.8510e-27 -2.8959e-34 -1.0510e-43 -1.3945e-56 -2.3684e-74 -3.4386e-99 -2.0978e-134 -3.9826e-185 -1.7515e-259 -0.0000e+00 -0.0000e+00 -0.0000e+00 -0.0000e+00 -0.0000e+00 -0.0000e+00 -0.0000e+00 -0.0000e+00 -0.0000e+00 -0.0000e+00 -0.0000e+00 -0.0000e+00 -0.0000e+00 -0.0000e+00 -0.0000e+00 -0.0000e+00 -0.0000e+00 -1.4934e-09 -8.4559e-09 -2.3339e-08 -4.8019e-08 -8.4130e-08 -1.3318e-07 -1.9663e-07 -2.7589e-07 -3.7241e-07 -4.8764e-07 -6.2309e-07 -7.8034e-07 -9.6105e-07 -1.1670e-06 0.0000e+00 -1.6619e-06 -1.9551e-06 -2.2817e-06 -2.6442e-06 -3.0452e-06 -3.4877e-06 -3.9745e-06 -4.5091e-06 -5.0950e-06 -5.7359e-06 -6.4362e-06 -7.2000e-06 -8.0323e-06 -8.9378e-06 -9.9221e-06 -1.0991e-05 -1.2149e-05 -1.3404e-05 -1.4761e-05 -1.6225e-05 -1.7804e-05 -1.9501e-05 -2.1322e-05 -2.3269e-05 -2.5343e-05 -2.7542e-05 -2.9860e-05 -3.2286e-05 -3.4802e-05 -3.7380e-05 -3.9983e-05 -4.2557e-05 -4.5034e-05 -4.7322e-05 -4.9311e-05 -5.0864e-05 -5.1825e-05 -5.2022e-05 -5.1275e-05 -4.9426e-05 -4.6358e-05 -4.2044e-05 -3.6583e-05 -3.0239e-05 -2.3453e-05 -1.6803e-05 -1.0902e-05 -6.2461e-06 -3.0589e-06 -1.2282e-06 -3.8300e-07 -8.6443e-08 -1.2872e-08 -1.1189e-09 -4.8237e-11 -8.2867e-13 -4.2182e-15 -4.2437e-18 -4.8248e-22 -2.8417e-27 -2.8837e-34 -1.0452e-43 -1.3843e-56 -2.3454e-74 -3.3938e-99 -2.0606e-134 -3.8854e-185 -1.6919e-259 -0.0000e+00 -0.0000e+00 -0.0000e+00 -0.0000e+00 -0.0000e+00 -0.0000e+00 -0.0000e+00 -0.0000e+00 -0.0000e+00 -0.0000e+00 -0.0000e+00 -0.0000e+00 -0.0000e+00 -0.0000e+00 -0.0000e+00 -0.0000e+00 -0.0000e+00
-1.7728e-09 -1.0038e-08 -2.7707e-08 -5.7006e-08 -9.9876e-08 -1.5811e-07 -2.3343e-07 -3.2753e-07 -4.4211e-07 -5.7890e-07 -7.3971e-07 -9.2639e-07 -1.1409e-06 -1.3854e-06 -1.6619e-06 9.0539e-05 -2.3210e-06 -2.7087e-06 -3.1391e-06 -3.6152e-06 -4.1404e-06 -4.7184e-06 -5.3530e-06 -6.0485e-06 -6.8095e-06 -7.6408e-06 -8.5476e-06 -9.5356e-06 -1.0611e-05 -1.1779e-05 -1.3048e-05 -1.4423e-05 -1.5912e-05 -1.7523e-05 -1.9262e-05 -2.1136e-05 -2.3151e-05 -2.5313e-05 -2.7624e-05 -3.0086e-05 -3.2697e-05 -3.5449e-05 -3.8329e-05 -4.1316e-05 -4.4377e-05 -4.7467e-05 -5.0523e-05 -5.3463e-05 -5.6180e-05 -5.8541e-05 -6.0386e-05 -6.1528e-05 -6.1761e-05 -6.0876e-05 -5.8681e-05 -5.5040e-05 -4.9919e-05 -4.3435e-05 -3.5904e-05 -2.7848e-05 -1.9953e-05 -1.2947e-05 -7.4179e-06 -3.6331e-06 -1.4589e-06 -4.5500e-07 -1.0271e-07 -1.5298e-08 -1.3301e-09 -5.7362e-11 -9.8587e-13 -5.0212e-15 -5.0553e-18 -5.7530e-22 -3.3927e-27 -3.4487e-34 -1.2528e-43 -1.6644e-56 -2.8319e-74 -4.1220e-99 -2.5235e-134 -4.8146e-185 -2.1325e-259 -0.0000e+00 -0.0000e+00 -0.0000e+00 -0.0000e+00 -0.0000e+00 -0.0000e+00 -0.0000e+00 -0.0000e+00 -0.0000e+00 -0.0000e+00 -0.0000e+00 -0.0000e+00 -0.0000e+00 -0.0000e+00 -0.0000e+00 -0.0000e+00 -0.0000e+00 -1.7728e-09 -1.0038e-08 -2.7707e-08 -5.7006e-08 -9.9876e-08 -1.5811e-07 -2.3343e-07 -3.2753e-07 -4.4211e-07 -5.7890e-07 -7.3971e-07 -9.2639e-07 -1.1409e-06 -1.3854e-06 -1.6619e-06 0.0000e+00 -2.3210e-06 -2.7087e-06 -3.1391e-06 -3.6152e-06 -4.1404e-06 -4.7184e-06 -5.3530e-06 -6.0485e-06 -6.8095e-06 -7.6408e-06 -8.5476e-06 -9.5356e-06 -1.0611e-05 -1.1779e-05 -1.3048e-05 -1.4423e-05 -1.5912e-05 -1.7523e-05 -1.9262e-05 -2.1136e-05 -2.3151e-05 -2.5313e-05 -2.7624e-05 -3.0086e-05 -3.2697e-05 -3.5448e-05 -3.8329e-05 -4.1315e-05 -4.4376e-05 -4.7466e-05 -5.0523e-05 -5.3462e-05 -5.6179e-05 -5.8540e-05 -6.0384e-05 -6.1525e-05 -6.1758e-05 -6.0872e-05 -5.8677e-05 -5.5036e-05 -4.9914e-05 -4.3430e-05 -3.5899e-05 -2.7843e-05 -1.9949e-05 -1.2943e-05 -7.4155e-06 -3.6316e-06 -1.4582e-06 -4.5473e-07 -1.0263e-07 -1.5283e-08 -1.3286e-09 -5.7278e-11 -9.8407e-13 -5.0096e-15 -5.0405e-18 -5.7313e-22 -3.3763e-27 -3.4270e-34 -1.2425e-43 -1.6464e-56 -2.7911e-74 -4.0422e-99 -2.4573e-134 -4.6412e-185 -2.0261e-259 -0.0000e+00 -0.0000e+00 -0.0000e+00 -0.0000e+00 -0.0000e+00 -0.0000e+00 -0.0000e+00 -0.0000e+00 -0.0000e+00 -0.0000e+00 -0.0000e+00 -0.0000e+00 -0.0000e+00 -0.0000e+00 -0.0000e+00 -0.0000e+00 -0.0000e+00
