-1.7877e-08 -6.0135e-12 -1.6598e-11 -3.4150e-11 -5.9831e-11 -9.4715e-11 -1.3983e-10 -1.9620e-10 -2.6484e-10 -3.4678e-10 -4.4309e-10 -5.5489e-10 -6.8333e-10 -8.2963e-10 -9.9509e-10 -1.1810e-09 -1.3889e-09 -1.6202e-09 -1.8765e-09 -2.1593e-09 -2.4703e-09 -2.8112e-09 -3.1835e-09 -3.5887e-09 -4.0281e-09 -4.5028e-09 -5.0134e-09 -5.5598e-09 -6.1413e-09 -6.7557e-09 -7.3996e-09 -8.0675e-09 -8.7514e-09 -9.4405e-09 -1.0120e-08 -1.0771e-08 -1.1370e-08 -1.1888e-08 -1.2291e-08 -1.2542e-08 -1.2601e-08 -1.2429e-08 -1.1994e-08 -1.1276e-08 -1.0275e-08 -9.0191e-09 -7.5695e-09 -6.0192e-09 -4.4852e-09 -3.0901e-09 -1.9363e-09 -1.0817e-09 -5.2557e-10 -2.1550e-10 -7.1835e-11 -1.8588e-11 -3.5257e-12 -4.5637e-13 -3.6867e-14 -1.6612e-15 -3.6238e-17 -3.1978e-19 -9.0815e-22 -6.1929e-25 -6.9552e-29 -7.8947e-34 -4.7929e-40 -6.7531e-48 -7.3276e-58 -1.4098e-70 -6.6986e-87 -5.4503e-108 -1.9799e-135 -2.0921e-171 -5.7334e-219 -2.0211e-282 -0.0000e+00 -0.0000e+00 -0.0000e+00 -0.0000e+00 -0.0000e+00 -0.0000e+00 -0.0000e+00 -0.0000e+00 -0.0000e+00 -0.0000e+00 -0.0000e+00 -0.0000e+00 -0.0000e+00 -0.0000e+00 -0.0000e+00 -0.0000e+00 -0.0000e+00 -0.0000e+00 -0.0000e+00 -0.0000e+00 -0.0000e+00 -0.0000e+00 -0.0000e+00 -0.0000e+00 0.0000e+00 -6.0135e-12 -1.6598e-11 -3.4150e-11 -5.9831e-11 -9.4715e-11 -1.3983e-10 -1.9620e-10 -2.6484e-10 -3.4678e-10 -4.4309e-10 -5.5489e-10 -6.8333e-10 -8.2963e-10 -9.9509e-10 -1.1810e-09 -1.3889e-09 -1.6202e-09 -1.8765e-09 -2.1593e-09 -2.4703e-09 -2.8112e-09 -3.1835e-09 -3.5887e-09 -4.0281e-09 -4.5028e-09 -5.0134e-09 -5.5598e-09 -6.1413e-09 -6.7557e-09 -7.3996e-09 -8.0675e-09 -8.7514e-09 -9.4405e-09 -1.0120e-08 -1.0771e-08 -1.1370e-08 -1.1888e-08 -1.2291e-08 -1.2542e-08 -1.2601e-08 -1.2429e-08 -1.1994e-08 -1.1276e-08 -1.0275e-08 -9.0191e-09 -7.5695e-09 -6.0192e-09 -4.4852e-09 -3.0901e-09 -1.9363e-09 -1.0817e-09 -5.2557e-10 -2.1550e-10 -7.1835e-11 -1.8588e-11 -3.5257e-12 -4.5637e-13 -3.6867e-14 -1.6612e-15 -3.6238e-17 -3.1978e-19 -9.0815e-22 -6.1929e-25 -6.9552e-29 -7.8947e-34 -4.7929e-40 -6.7531e-48 -7.3276e-58 -1.4098e-70 -6.6986e-87 -5.4503e-108 -1.9799e-135 -2.0921e-171 -5.7334e-219 -2.0211e-282 -0.0000e+00 -0.0000e+00 -0.0000e+00 -0.0000e+00 -0.0000e+00 -0.0000e+00 -0.0000e+00 -0.0000e+00 -0.0000e+00 -0.0000e+00 -0.0000e+00 -0.0000e+00 -0.0000e+00 -0.0000e+00 -0.0000e+00 -0.0000e+00 -0.0000e+00 -0.0000e+00 -0.0000e+00 -0.0000e+00 -0.0000e+00 -0.0000e+00 -0.0000e+00 -0.0000e+00
-6.0135e-12 3.0248e-10 -9.3984e-11 -1.9337e-10 -3.3878e-10 -5.3631e-10 -7.9179e-10 -1.1110e-09 -1.4996e-09 -1.9636e-09 -2.5089e-09 -3.1419e-09 -3.8692e-09 -4.6977e-09 -5.6345e-09 -6.6875e-09 -7.8646e-09 -9.1743e-09 -1.0625e-08 -1.2227e-08 -1.3988e-08 -1.5918e-08 -1.8026e-08 -2.0320e-08 -2.2808e-08 -2.5496e-08 -2.8387e-08 -3.1482e-08 -3.4774e-08 -3.8253e-08 -4.1899e-08 -4.5681e-08 -4.9553e-08 -5.3455e-08 -5.7303e-08 -6.0989e-08 -6.4380e-08 -6.7313e-08 -6.9596e-08 -7.1017e-08 -7.1351e-08 -7.0378e-08 -6.7914e-08 -6.3848e-08 -5.8180e-08 -5.1069e-08 -4.2861e-08 -3.4082e-08 -2.5397e-08 -1.7497e-08 -1.0964e-08 -6.1248e-09 -2.9760e-09 -1.2202e-09 -4.0675e-10 -1.0525e-10 -1.9963e-11 -2.5841e-12 -2.0875e-13 -9.4064e-15 -2.0519e-16 -1.8107e-18 -5.1423e-21 -3.5066e-24 -3.9383e-28 -4.4702e-33 -2.7139e-39 -3.8238e-47 -4.1492e-57 -7.9827e-70 -3.7930e-86 -3.0862e-107 -1.1211e-134 -1.1846e-170 -3.2464e-218 -1.1444e-281 -0.0000e+00 -0.0000e+00 -0.0000e+00 -0.0000e+00 -0.0000e+00 -0.0000e+00 -0.0000e+00 -0.0000e+00 -0.0000e+00 -0.0000e+00 -0.0000e+00 -0.0000e+00 -0.0000e+00 -0.0000e+00 -0.0000e+00 -0.0000e+00 -0.0000e+00 -0.0000e+00 -0.0000e+00 -0.0000e+00 -0.0000e+00 -0.0000e+00 -0.0000e+00 -0.0000e+00 -6.0135e-12 0.0000e+00 -9.3984e-11 -1.9337e-10 -3.3878e-10 -5.3631e-10 -7.9179e-10 -1.1110e-09 -1.4996e-09 -1.9636e-09 -2.5089e-09 -3.1419e-09 -3.8692e-09 -4.6977e-09 -5.6345e-09 -6.6875e-09 -7.8646e-09 -9.1743e-09 -1.0625e-08 -1.2227e-08 -1.3988e-08 -1.5918e-08 -1.8026e-08 -2.0320e-08 -2.2808e-08 -2.5496e-08 -2.8387e-08 -3.1482e-08 -3.4774e-08 -3.8253e-08 -4.1899e-08 -4.5681e-08 -4.9553e-08 -5.3455e-08 -5.7303e-08 -6.0989e-08 -6.4380e-08 -6.7313e-08 -6.9596e-08 -7.1017e-08 -7.1351e-08 -7.0378e-08 -6.7914e-08 -6.3848e-08 -5.8180e-08 -5.1069e-08 -4.2861e-08 -3.4082e-08 -2.5397e-08 -1.7497e-08 -1.0964e-08 -6.1248e-09 -2.9760e-09 -1.2202e-09 -4.0675e-10 -1.0525e-10 -1.9963e-11 -2.5841e-12 -2.0875e-13 -9.4064e-15 -2.0519e-16 -1.8107e-18 -5.1423e-21 -3.5066e-24 -3.9383e-28 -4.4702e-33 -2.7139e-39 -3.8238e-47 -4.1492e-57 -7.9827e-70 -3.7930e-86 -3.0862e-107 -1.1211e-134 -1.1846e-170 -3.2464e-218 -1.1444e-281 -0.0000e+00 -0.0000e+00 -0.0000e+00 -0.0000e+00 -0.0000e+00 -0.0000e+00 -0.0000e+00 -0.0000e+00 -0.0000e+00 -0.0000e+00 -0.0000e+00 -0.0000e+00 -0.0000e+00 -0.0000e+00 -0.0000e+00 -0.0000e+00 -0.0000e+00 -0.0000e+00 -0.0000e+00 -0.0000e+00 -0.0000e+00 -0.0000e+00 -0.0000e+00 -0.0000e+00
-1.6598e-11 -9.3984e-11 3.4537e-09 -5.3371e-10 -9.3508e-10 -1.4803e-09 -2.1854e-09 -3.0664e-09 -4.1391e-09 -5.4197e-09 -6.9249e-09 -8.6722e-09 -1.0680e-08 -1.2966e-08 -1.5552e-08 -1.8458e-08 -2.1707e-08 -2.5322e-08 -2.9327e-08 -3.3747e-08 -3.8608e-08 -4.3935e-08 -4.9753e-08 -5.6086e-08 -6.2954e-08 -7.0373e-08 -7.8353e-08 -8.6893e-08 -9.5980e-08 -1.0558e-07 -1.1565e-07 -1.2608e-07 -1.3677e-07 -1.4754e-07 -1.5816e-07 -1.6834e-07 -1.7770e-07 -1.8579e-07 -1.9209e-07 -1.9602e-07 -1.9694e-07 -1.9425e-07 -1.8745e-07 -1.7623e-07 -1.6058e-07 -1.4096e-07 -1.1830e-07 -9.4072e-08 -7.0098e-08 -4.8294e-08 -3.0263e-08 -1.6905e-08 -8.2140e-09 -3.3680e-09 -1.1227e-09 -2.9051e-10 -5.5102e-11 -7.1325e-12 -5.7618e-13 -2.5963e-14 -5.6636e-16 -4.9978e-18 -1.4193e-20 -9.6787e-24 -1.0870e-27 -1.2338e-32 -7.4907e-39 -1.0554e-46 -1.1452e-56 -2.2033e-69 -1.0469e-85 -8.5183e-107 -3.0943e-134 -3.2697e-170 -8.9608e-218 -3.1589e-281 -0.0000e+00 -0.0000e+00 -0.0000e+00 -0.0000e+00 -0.0000e+00 -0.0000e+00 -0.0000e+00 -0.0000e+00 -0.0000e+00 -0.0000e+00 -0.0000e+00 -0.0000e+00 -0.0000e+00 -0.0000e+00 -0.0000e+00 -0.0000e+00 -0.0000e+00 -0.0000e+00 -0.0000e+00 -0.0000e+00 -0.0000e+00 -0.0000e+00 -0.0000e+00 -0.0000e+00 -1.6598e-11 -9.3984e-11 0.0000e+00 -5.3371e-10 -9.3508e-10 -1.4803e-09 -2.1854e-09 -3.0664e-09 -4.1391e-09 -5.4197e-09 -6.9249e-09 -8.6722e-09 -1.0680e-08 -1.2966e-08 -1.5552e-08 -1.8458e-08 -2.1707e-08 -2.5322e-08 -2.9327e-08 -3.3747e-08 -3.8608e-08 -4.3935e-08 -4.9753e-08 -5.6086e-08 -6.2954e-08 -7.0373e-08 -7.8353e-08 -8.6893e-08 -9.5980e-08 -1.0558e-07 -1.1565e-07 -1.2608e-07 -1.3677e-07 -1.4754e-07 -1.5816e-07 -1.6834e-07 -1.7770e-07 -1.8579e-07 -1.9209e-07 -1.9602e-07 -1.9694e-07 -1.9425e-07 -1.8745e-07 -1.7623e-07 -1.6058e-07 -1.4096e-07 -1.1830e-07 -9.4072e-08 -7.0098e-08 -4.8294e-08 -3.0263e-08 -1.6905e-08 -8.2140e-09 -3.3680e-09 -1.1227e-09 -2.9051e-10 -5.5102e-11 -7.1325e-12 -5.7618e-13 -2.5963e-14 -5.6636e-16 -4.9978e-18 -1.4193e-20 -9.6787e-24 -1.0870e-27 -1.2338e-32 -7.4907e-39 -1.0554e-46 -1.1452e-56 -2.2033e-69 -1.0469e-85 -8.5182e-107 -3.0943e-134 -3.2697e-170 -8.9607e-218 -3.1588e-281 -0.0000e+00 -0.0000e+00 -0.0000e+00 -0.0000e+00 -0.0000e+00 -0.0000e+00 -0.0000e+00 -0.0000e+00 -0.0000e+00 -0.0000e+00 -0.0000e+00 -0.0000e+00 -0.0000e+00 -0.0000e+00 -0.0000e+00 -0.0000e+00 -0.0000e+00 -0.0000e+00 -0.0000e+00 -0.0000e+00 -0.0000e+00 -0.0000e+00 -0.0000e+00 -0.0000e+00
-3.4150e-11 -1.9337e-10 -5.3371e-10 1.9585e-08 -1.9239e-09 -3.0456e-09 -4.4964e-09 -6.3090e-09 -8.5159e-09 -1.1151e-08 -1.4248e-08 -1.7843e-08 -2.1973e-08 -2.6677e-08 -3.1997e-08 -3.7977e-08 -4.4662e-08 -5.2099e-08 -6.0339e-08 -6.9433e-08 -7.9434e-08 -9.0394e-08 -1.0237e-07 -1.1539e-07 -1.2952e-07 -1.4479e-07 -1.6121e-07 -1.7878e-07 -1.9747e-07 -2.1723e-07 -2.3794e-07 -2.5941e-07 -2.8140e-07 -3.0356e-07 -3.2541e-07 -3.4635e-07 -3.6560e-07 -3.8226e-07 -3.9522e-07 -4.0329e-07 -4.0519e-07 -3.9966e-07 -3.8567e-07 -3.6258e-07 -3.3039e-07 -2.9001e-07 -2.4340e-07 -1.9355e-07 -1.4422e-07 -9.9363e-08 -6.2264e-08 -3.4782e-08 -1.6900e-08 -6.9295e-09 -2.3099e-09 -5.9771e-10 -1.1337e-10 -1.4675e-11 -1.1855e-12 -5.3418e-14 -1.1653e-15 -1.0283e-17 -2.9202e-20 -1.9914e-23 -2.2365e-27 -2.5386e-32 -1.5412e-38 -2.1715e-46 -2.3563e-56 -4.5334e-69 -2.1541e-85 -1.7527e-106 -6.3668e-134 -6.7278e-170 -1.8438e-217 -6.5001e-281 -0.0000e+00 -0.0000e+00 -0.0000e+00 -0.0000e+00 -0.0000e+00 -0.0000e+00 -0.0000e+00 -0.0000e+00 -0.0000e+00 -0.0000e+00 -0.0000e+00 -0.0000e+00 -0.0000e+00 -0.0000e+00 -0.0000e+00 -0.0000e+00 -0.0000e+00 -0.0000e+00 -0.0000e+00 -0.0000e+00 -0.0000e+00 -0.0000e+00 -0.0000e+00 -0.0000e+00 -3.4150e-11 -1.9337e-10 -5.3371e-10 0.0000e+00 -1.9239e-09 -3.0456e-09 -4.4964e-09 -6.3090e-09 -8.5159e-09 -1.1151e-08 -1.4248e-08 -1.7843e-08 -2.1973e-08 -2.6677e-08 -3.1997e-08 -3.7977e-08 -4.4662e-08 -5.2099e-08 -6.0339e-08 -6.9433e-08 -7.9434e-08 -9.0394e-08 -1.0237e-07 -1.1539e-07 -1.2952e-07 -1.4479e-07 -1.6121e-07 -1.7878e-07 -1.9747e-07 -2.1723e-07 -2.3794e-07 -2.5941e-07 -2.8140e-07 -3.0356e-07 -3.2541e-07 -3.4635e-07 -3.6560e-07 -3.8226e-07 -3.9522e-07 -4.0329e-07 -4.0519e-07 -3.9966e-07 -3.8567e-07 -3.6258e-07 -3.3039e-07 -2.9001e-07 -2.4340e-07 -1.9355e-07 -1.4422e-07 -9.9363e-08 -6.2264e-08 -3.4782e-08 -1.6900e-08 -6.9295e-09 -2.3099e-09 -5.9771e-10 -1.1337e-10 -1.4675e-11 -1.1855e-12 -5.3418e-14 -1.1652e-15 -1.0283e-17 -2.9202e-20 -1.9914e-23 -2.2365e-27 -2.5386e-32 -1.5412e-38 -2.1715e-46 -2.3562e-56 -4.5333e-69 -2.1540e-85 -1.7526e-106 -6.3665e-134 -6.7274e-170 -1.8437e-217 -6.4994e-281 -0.0000e+00 -0.0000e+00 -0.0000e+00 -0.0000e+00 -0.0000e+00 -0.0000e+00 -0.0000e+00 -0.0000e+00 -0.0000e+00 -0.0000e+00 -0.0000e+00 -0.0000e+00 -0.0000e+00 -0.0000e+00 -0.0000e+00 -0.0000e+00 -0.0000e+00 -0.0000e+00 -0.0000e+00 -0.0000e+00 -0.0000e+00 -0.0000e+00 -0.0000e+00 -0.0000e+00
-5.9831e-11 -3.3878e-10 -9.3508e-10 -1.9239e-09 7.5046e-08 -5.3359e-09 -7.8778e-09 -1.1053e-08 -1.4920e-08 -1.9536e-08 -2.4962e-08 -3.1260e-08 -3.8496e-08 -4.6739e-08 -5.6060e-08 -6.6536e-08 -7.8248e-08 -9.1278e-08 -1.0571e-07 -1.2165e-07 -1.3917e-07 -1.5837e-07 -1.7935e-07 -2.0217e-07 -2.2693e-07 -2.5367e-07 -2.8244e-07 -3.1322e-07 -3.4598e-07 -3.8059e-07 -4.1687e-07 -4.5449e-07 -4.9303e-07 -5.3184e-07 -5.7013e-07 -6.0680e-07 -6.4054e-07 -6.6972e-07 -6.9244e-07 -7.0658e-07 -7.0990e-07 -7.0022e-07 -6.7571e-07 -6.3525e-07 -5.7885e-07 -5.0811e-07 -4.2644e-07 -3.3910e-07 -2.5268e-07 -1.7409e-07 -1.0909e-07 -6.0938e-08 -2.9609e-08 -1.2141e-08 -4.0470e-09 -1.0472e-09 -1.9863e-10 -2.5711e-11 -2.0770e-12 -9.3590e-14 -2.0416e-15 -1.8016e-17 -5.1164e-20 -3.4890e-23 -3.9185e-27 -4.4479e-32 -2.7003e-38 -3.8048e-46 -4.1286e-56 -7.9434e-69 -3.7745e-85 -3.0713e-106 -1.1157e-133 -1.1791e-169 -3.2316e-217 -1.1394e-280 -0.0000e+00 -0.0000e+00 -0.0000e+00 -0.0000e+00 -0.0000e+00 -0.0000e+00 -0.0000e+00 -0.0000e+00 -0.0000e+00 -0.0000e+00 -0.0000e+00 -0.0000e+00 -0.0000e+00 -0.0000e+00 -0.0000e+00 -0.0000e+00 -0.0000e+00 -0.0000e+00 -0.0000e+00 -0.0000e+00 -0.0000e+00 -0.0000e+00 -0.0000e+00 -0.0000e+00 -5.9831e-11 -3.3878e-10 -9.3508e-10 -1.9239e-09 0.0000e+00 -5.3359e-09 -7.8778e-09 -1.1053e-08 -1.4920e-08 -1.9536e-08 -2.4962e-08 -3.1260e-08 -3.8496e-08 -4.6739e-08 -5.6060e-08 -6.6536e-08 -7.8248e-08 -9.1278e-08 -1.0571e-07 -1.2165e-07 -1.3917e-07 -1.5837e-07 -1.7935e-07 -2.0217e-07 -2.2693e-07 -2.5367e-07 -2.8244e-07 -3.1322e-07 -3.4598e-07 -3.8059e-07 -4.1687e-07 -4.5449e-07 -4.9302e-07 -5.3184e-07 -5.7013e-07 -6.0680e-07 -6.4054e-07 -6.6972e-07 -6.9244e-07 -7.0658e-07 -7.0990e-07 -7.0022e-07 -6.7571e-07 -6.3525e-07 -5.7885e-07 -5.0811e-07 -4.2644e-07 -3.3910e-07 -2.5268e-07 -1.7409e-07 -1.0909e-07 -6.0938e-08 -2.9609e-08 -1.2141e-08 -4.0469e-09 -1.0472e-09 -1.9862e-10 -2.5710e-11 -2.0770e-12 -9.3589e-14 -2.0415e-15 -1.8016e-17 -5.1163e-20 -3.4889e-23 -3.9184e-27 -4.4477e-32 -2.7002e-38 -3.8046e-46 -4.1283e-56 -7.9427e-69 -3.7740e-85 -3.0708e-106 -1.1155e-133 -1.1788e-169 -3.2305e-217 -1.1389e-280 -0.0000e+00 -0.0000e+00 -0.0000e+00 -0.0000e+00 -0.0000e+00 -0.0000e+00 -0.0000e+00 -0.0000e+00 -0.0000e+00 -0.0000e+00 -0.0000e+00 -0.0000e+00 -0.0000e+00 -0.0000e+00 -0.0000e+00 -0.0000e+00 -0.0000e+00 -0.0000e+00 -0.0000e+00 -0.0000e+00 -0.0000e+00 -0.0000e+00 -0.0000e+00 -0.0000e+00
-9.4715e-11 -5.3631e-10 -1.4803e-09 -3.0456e-09 -5.3359e-09 2.2529e-07 -1.2471e-08 -1.7498e-08 -2.3619e-08 -3.0927e-08 -3.9517e-08 -4.9487e-08 -6.0942e-08 -7.3990e-08 -8.8747e-08 -1.0533e-07 -1.2387e-07 -1.4450e-07 -1.6735e-07 -1.9258e-07 -2.2031e-07 -2.5071e-07 -2.8391e-07 -3.2005e-07 -3.5924e-07 -4.0158e-07 -4.4712e-07 -4.9585e-07 -5.4770e-07 -6.0250e-07 -6.5992e-07 -7.1949e-07 -7.8049e-07 -8.4194e-07 -9.0255e-07 -9.6061e-07 -1.0140e-06 -1.0602e-06 -1.0962e-06 -1.1186e-06 -1.1238e-06 -1.1085e-06 -1.0697e-06 -1.0056e-06 -9.1636e-07 -8.0437e-07 -6.7508e-07 -5.3682e-07 -4.0001e-07 -2.7559e-07 -1.7269e-07 -9.6470e-08 -4.6873e-08 -1.9220e-08 -6.4067e-09 -1.6578e-09 -3.1444e-10 -4.0703e-11 -3.2881e-12 -1.4816e-13 -3.2321e-15 -2.8522e-17 -8.1001e-20 -5.5238e-23 -6.2039e-27 -7.0421e-32 -4.2755e-38 -6.0244e-46 -6.5374e-56 -1.2579e-68 -5.9774e-85 -4.8643e-106 -1.7673e-133 -1.8679e-169 -5.1208e-217 -1.8060e-280 -0.0000e+00 -0.0000e+00 -0.0000e+00 -0.0000e+00 -0.0000e+00 -0.0000e+00 -0.0000e+00 -0.0000e+00 -0.0000e+00 -0.0000e+00 -0.0000e+00 -0.0000e+00 -0.0000e+00 -0.0000e+00 -0.0000e+00 -0.0000e+00 -0.0000e+00 -0.0000e+00 -0.0000e+00 -0.0000e+00 -0.0000e+00 -0.0000e+00 -0.0000e+00 -0.0000e+00 -9.4715e-11 -5.3631e-10 -1.4803e-09 -3.0456e-09 -5.3359e-09 0.0000e+00 -1.2471e-08 -1.7498e-08 -2.3619e-08 -3.0927e-08 -3.9517e-08 -4.9487e-08 -6.0942e-08 -7.3990e-08 -8.8747e-08 -1.0533e-07 -1.2387e-07 -1.4450e-07 -1.6735e-07 -1.9258e-07 -2.2031e-07 -2.5071e-07 -2.8391e-07 -3.2005e-07 -3.5924e-07 -4.0158e-07 -4.4712e-07 -4.9585e-07 -5.4770e-07 -6.0250e-07 -6.5992e-07 -7.1949e-07 -7.8049e-07 -8.4194e-07 -9.0255e-07 -9.6061e-07 -1.0140e-06 -1.0602e-06 -1.0962e-06 -1.1186e-06 -1.1238e-06 -1.1085e-06 -1.0697e-06 -1.0056e-06 -9.1636e-07 -8.0437e-07 -6.7508e-07 -5.3682e-07 -4.0001e-07 -2.7559e-07 -1.7269e-07 -9.6469e-08 -4.6873e-08 -1.9219e-08 -6.4066e-09 -1.6578e-09 -3.1444e-10 -4.0702e-11 -3.2880e-12 -1.4816e-13 -3.2319e-15 -2.8520e-17 -8.0996e-20 -5.5233e-23 -6.2033e-27 -7.0413e-32 -4.2748e-38 -6.0232e-46 -6.5359e-56 -1.2575e-68 -5.9752e-85 -4.8620e-106 -1.7663e-133 -1.8665e-169 -5.1158e-217 -1.8037e-280 -0.0000e+00 -0.0000e+00 -0.0000e+00 -0.0000e+00 -0.0000e+00 -0.0000e+00 -0.0000e+00 -0.0000e+00 -0.0000e+00 -0.0000e+00 -0.0000e+00 -0.0000e+00 -0.0000e+00 -0.0000e+00 -0.0000e+00 -0.0000e+00 -0.0000e+00 -0.0000e+00 -0.0000e+00 -0.0000e+00 -0.0000e+00 -0.0000e+00 -0.0000e+00 -0.0000e+00
-1.3983e-10 -7.9179e-10 -2.1854e-09 -4.4964e-09 -7.8778e-09 -1.2471e-08 5.7170e-07 -2.5834e-08 -3.4871e-08 -4.5660e-08 -5.8341e-08 -7.3061e-08 -8.9973e-08 -1.0924e-07 -1.3102e-07 -1.5551e-07 -1.8288e-07 -2.1333e-07 -2.4707e-07 -2.8431e-07 -3.2526e-07 -3.7014e-07 -4.1916e-07 -4.7251e-07 -5.3038e-07 -5.9288e-07 -6.6011e-07 -7.3206e-07 -8.0861e-07 -8.8951e-07 -9.7429e-07 -1.0622e-06 -1.1523e-06 -1.2430e-06 -1.3325e-06 -1.4182e-06 -1.4971e-06 -1.5653e-06 -1.6184e-06 -1.6514e-06 -1.6592e-06 -1.6365e-06 -1.5793e-06 -1.4847e-06 -1.3529e-06 -1.1875e-06 -9.9667e-07 -7.9255e-07 -5.9057e-07 -4.0688e-07 -2.5496e-07 -1.4243e-07 -6.9204e-08 -2.8376e-08 -9.4589e-09 -2.4476e-09 -4.6426e-10 -6.0095e-11 -4.8548e-12 -2.1876e-13 -4.7722e-15 -4.2114e-17 -1.1961e-19 -8.1566e-23 -9.1613e-27 -1.0400e-31 -6.3144e-38 -8.8981e-46 -9.6568e-56 -1.8583e-68 -8.8324e-85 -7.1892e-106 -2.6128e-133 -2.7626e-169 -7.5774e-217 -2.6742e-280 -0.0000e+00 -0.0000e+00 -0.0000e+00 -0.0000e+00 -0.0000e+00 -0.0000e+00 -0.0000e+00 -0.0000e+00 -0.0000e+00 -0.0000e+00 -0.0000e+00 -0.0000e+00 -0.0000e+00 -0.0000e+00 -0.0000e+00 -0.0000e+00 -0.0000e+00 -0.0000e+00 -0.0000e+00 -0.0000e+00 -0.0000e+00 -0.0000e+00 -0.0000e+00 -0.0000e+00 -1.3983e-10 -7.9179e-10 -2.1854e-09 -4.4964e-09 -7.8778e-09 -1.2471e-08 0.0000e+00 -2.5834e-08 -3.4871e-08 -4.5660e-08 -5.8341e-08 -7.3061e-08 -8.9973e-08 -1.0924e-07 -1.3102e-07 -1.5551e-07 -1.8288e-07 -2.1333e-07 -2.4707e-07 -2.8431e-07 -3.2526e-07 -3.7014e-07 -4.1916e-07 -4.7251e-07 -5.3038e-07 -5.9288e-07 -6.6011e-07 -7.3206e-07 -8.0861e-07 -8.8951e-07 -9.7429e-07 -1.0622e-06 -1.1523e-06 -1.2430e-06 -1.3325e-06 -1.4182e-06 -1.4971e-06 -1.5653e-06 -1.6184e-06 -1.6514e-06 -1.6592e-06 -1.6365e-06 -1.5792e-06 -1.4847e-06 -1.3529e-06 -1.1875e-06 -9.9667e-07 -7.9254e-07 -5.9057e-07 -4.0687e-07 -2.5496e-07 -1.4242e-07 -6.9202e-08 -2.8375e-08 -9.4586e-09 -2.4475e-09 -4.6423e-10 -6.0092e-11 -4.8544e-12 -2.1874e-13 -4.7717e-15 -4.2108e-17 -1.1959e-19 -8.1550e-23 -9.1590e-27 -1.0396e-31 -6.3119e-38 -8.8938e-46 -9.6511e-56 -1.8569e-68 -8.8241e-85 -7.1807e-106 -2.6088e-133 -2.7573e-169 -7.5585e-217 -2.6655e-280 -0.0000e+00 -0.0000e+00 -0.0000e+00 -0.0000e+00 -0.0000e+00 -0.0000e+00 -0.0000e+00 -0.0000e+00 -0.0000e+00 -0.0000e+00 -0.0000e+00 -0.0000e+00 -0.0000e+00 -0.0000e+00 -0.0000e+00 -0.0000e+00 -0.0000e+00 -0.0000e+00 -0.0000e+00 -0.0000e+00 -0.0000e+00 -0.0000e+00 -0.0000e+00 -0.0000e+00
-1.9620e-10 -1.1110e-09 -3.0664e-09 -6.3090e-09 -1.1053e-08 -1.7498e-08 -2.5834e-08 1.2832e-06 -4.8927e-08 -6.4065e-08 -8.1859e-08 -1.0251e-07 -1.2624e-07 -1.5327e-07 -1.8384e-07 -2.1819e-07 -2.5660e-07 -2.9933e-07 -3.4667e-07 -3.9892e-07 -4.5638e-07 -5.1935e-07 -5.8813e-07 -6.6299e-07 -7.4417e-07 -8.3187e-07 -9.2620e-07 -1.0272e-06 -1.1346e-06 -1.2481e-06 -1.3670e-06 -1.4904e-06 -1.6168e-06 -1.7441e-06 -1.8696e-06 -1.9899e-06 -2.1005e-06 -2.1962e-06 -2.2707e-06 -2.3171e-06 -2.3280e-06 -2.2962e-06 -2.2159e-06 -2.0832e-06 -1.8983e-06 -1.6663e-06 -1.3985e-06 -1.1120e-06 -8.2865e-07 -5.7091e-07 -3.5775e-07 -1.9985e-07 -9.7105e-08 -3.9817e-08 -1.3273e-08 -3.4346e-09 -6.5146e-10 -8.4330e-11 -6.8127e-12 -3.0700e-13 -6.6974e-15 -5.9105e-17 -1.6787e-19 -1.1449e-22 -1.2860e-26 -1.4600e-31 -8.8661e-38 -1.2496e-45 -1.3565e-55 -2.6111e-68 -1.2415e-84 -1.0110e-105 -3.6764e-133 -3.8903e-169 -1.0681e-216 -3.7748e-280 -0.0000e+00 -0.0000e+00 -0.0000e+00 -0.0000e+00 -0.0000e+00 -0.0000e+00 -0.0000e+00 -0.0000e+00 -0.0000e+00 -0.0000e+00 -0.0000e+00 -0.0000e+00 -0.0000e+00 -0.0000e+00 -0.0000e+00 -0.0000e+00 -0.0000e+00 -0.0000e+00 -0.0000e+00 -0.0000e+00 -0.0000e+00 -0.0000e+00 -0.0000e+00 -0.0000e+00 -1.9620e-10 -1.1110e-09 -3.0664e-09 -6.3090e-09 -1.1053e-08 -1.7498e-08 -2.5834e-08 0.0000e+00 -4.8927e-08 -6.4065e-08 -8.1859e-08 -1.0251e-07 -1.2624e-07 -1.5327e-07 -1.8384e-07 -2.1819e-07 -2.5660e-07 -2.9933e-07 -3.4667e-07 -3.9892e-07 -4.5638e-07 -5.1935e-07 -5.8813e-07 -6.6299e-07 -7.4417e-07 -8.3187e-07 -9.2620e-07 -1.0272e-06 -1.1346e-06 -1.2481e-06 -1.3670e-06 -1.4904e-06 -1.6168e-06 -1.7441e-06 -1.8696e-06 -1.9899e-06 -2.1005e-06 -2.1962e-06 -2.2707e-06 -2.3171e-06 -2.3280e-06 -2.2962e-06 -2.2159e-06 -2.0832e-06 -1.8982e-06 -1.6663e-06 -1.3984e-06 -1.1120e-06 -8.2863e-07 -5.7089e-07 -3.5774e-07 -1.9984e-07 -9.7100e-08 -3.9814e-08 -1.3272e-08 -3.4342e-09 -6.5139e-10 -8.4318e-11 -6.8116e-12 -3.0694e-13 -6.6957e-15 -5.9087e-17 -1.6781e-19 -1.1444e-22 -1.2853e-26 -1.4590e-31 -8.8584e-38 -1.2483e-45 -1.3547e-55 -2.6067e-68 -1.2388e-84 -1.0083e-105 -3.6639e-133 -3.8734e-169 -1.0622e-216 -3.7475e-280 -0.0000e+00 -0.0000e+00 -0.0000e+00 -0.0000e+00 -0.0000e+00 -0.0000e+00 -0.0000e+00 -0.0000e+00 -0.0000e+00 -0.0000e+00 -0.0000e+00 -0.0000e+00 -0.0000e+00 -0.0000e+00 -0.0000e+00 -0.0000e+00 -0.0000e+00 -0.0000e+00 -0.0000e+00 -0.0000e+00 -0.0000e+00 -0.0000e+00 -0.0000e+00 -0.0000e+00
-2.6484e-10 -1.4996e-09 -4.1391e-09 -8.5159e-09 -1.4920e-08 -2.3619e-08 -3.4871e-08 -4.8927e-08 2.6230e-06 -8.6476e-08 -1.1049e-07 -1.3837e-07 -1.7040e-07 -2.0689e-07 -2.4815e-07 -2.9452e-07 -3.4636e-07 -4.0404e-07 -4.6794e-07 -5.3847e-07 -6.1603e-07 -7.0103e-07 -7.9387e-07 -8.9491e-07 -1.0045e-06 -1.1229e-06 -1.2502e-06 -1.3865e-06 -1.5315e-06 -1.6847e-06 -1.8452e-06 -2.0118e-06 -2.1824e-06 -2.3542e-06 -2.5237e-06 -2.6860e-06 -2.8354e-06 -2.9645e-06 -3.0651e-06 -3.1277e-06 -3.1424e-06 -3.0995e-06 -2.9911e-06 -2.8120e-06 -2.5624e-06 -2.2492e-06 -1.8877e-06 -1.5011e-06 -1.1186e-06 -7.7066e-07 -4.8292e-07 -2.6978e-07 -1.3109e-07 -5.3751e-08 -1.7918e-08 -4.6367e-09 -8.7952e-10 -1.1386e-10 -9.1984e-12 -4.1453e-13 -9.0438e-15 -7.9820e-17 -2.2673e-19 -1.5465e-22 -1.7375e-26 -1.9729e-31 -1.1984e-37 -1.6896e-45 -1.8348e-55 -3.5337e-68 -1.6813e-84 -1.3703e-105 -4.9888e-133 -5.2868e-169 -1.4544e-216 -5.1532e-280 -0.0000e+00 -0.0000e+00 -0.0000e+00 -0.0000e+00 -0.0000e+00 -0.0000e+00 -0.0000e+00 -0.0000e+00 -0.0000e+00 -0.0000e+00 -0.0000e+00 -0.0000e+00 -0.0000e+00 -0.0000e+00 -0.0000e+00 -0.0000e+00 -0.0000e+00 -0.0000e+00 -0.0000e+00 -0.0000e+00 -0.0000e+00 -0.0000e+00 -0.0000e+00 -0.0000e+00 -2.6484e-10 -1.4996e-09 -4.1391e-09 -8.5159e-09 -1.4920e-08 -2.3619e-08 -3.4871e-08 -4.8927e-08 0.0000e+00 -8.6476e-08 -1.1049e-07 -1.3837e-07 -1.7040e-07 -2.0689e-07 -2.4815e-07 -2.9452e-07 -3.4636e-07 -4.0404e-07 -4.6794e-07 -5.3847e-07 -6.1603e-07 -7.0103e-07 -7.9387e-07 -8.9491e-07 -1.0045e-06 -1.1229e-06 -1.2502e-06 -1.3865e-06 -1.5315e-06 -1.6847e-06 -1.8452e-06 -2.0118e-06 -2.1824e-06 -2.3542e-06 -2.5236e-06 -2.6860e-06 -2.8353e-06 -2.9645e-06 -3.0651e-06 -3.1277e-06 -3.1423e-06 -3.0995e-06 -2.9910e-06 -2.8119e-06 -2.5623e-06 -2.2492e-06 -1.8876e-06 -1.5010e-06 -1.1185e-06 -7.7061e-07 -4.8289e-07 -2.6975e-07 -1.3107e-07 -5.3743e-08 -1.7915e-08 -4.6358e-09 -8.7931e-10 -1.1382e-10 -9.1952e-12 -4.1435e-13 -9.0391e-15 -7.9770e-17 -2.2655e-19 -1.5451e-22 -1.7354e-26 -1.9701e-31 -1.1963e-37 -1.6859e-45 -1.8298e-55 -3.5216e-68 -1.6740e-84 -1.3629e-105 -4.9544e-133 -5.2403e-169 -1.4380e-216 -5.0777e-280 -0.0000e+00 -0.0000e+00 -0.0000e+00 -0.0000e+00 -0.0000e+00 -0.0000e+00 -0.0000e+00 -0.0000e+00 -0.0000e+00 -0.0000e+00 -0.0000e+00 -0.0000e+00 -0.0000e+00 -0.0000e+00 -0.0000e+00 -0.0000e+00 -0.0000e+00 -0.0000e+00 -0.0000e+00 -0.0000e+00 -0.0000e+00 -0.0000e+00 -0.0000e+00 -0.0000e+00
-3.4678e-10 -1.9636e-09 -5.4197e-09 -1.1151e-08 -1.9536e-08 -3.0927e-08 -4.5660e-08 -6.4065e-08 -8.6476e-08 4.9818e-06 -1.4468e-07 -1.8118e-07 -2.2312e-07 -2.7090e-07 -3.2492e-07 -3.8564e-07 -4.5352e-07 -5.2905e-07 -6.1272e-07 -7.0507e-07 -8.0663e-07 -9.1792e-07 -1.0395e-06 -1.1718e-06 -1.3153e-06 -1.4703e-06 -1.6370e-06 -1.8154e-06 -2.0053e-06 -2.2059e-06 -2.4162e-06 -2.6342e-06 -2.8576e-06 -3.0826e-06 -3.3045e-06 -3.5171e-06 -3.7126e-06 -3.8818e-06 -4.0135e-06 -4.0954e-06 -4.1147e-06 -4.0586e-06 -3.9166e-06 -3.6821e-06 -3.3553e-06 -2.9452e-06 -2.4719e-06 -1.9657e-06 -1.4648e-06 -1.0092e-06 -6.3240e-07 -3.5329e-07 -1.7167e-07 -7.0394e-08 -2.3467e-08 -6.0729e-09 -1.1520e-09 -1.4914e-10 -1.2050e-11 -5.4309e-13 -1.1850e-14 -1.0460e-16 -2.9719e-19 -2.0276e-22 -2.2786e-26 -2.5883e-31 -1.5729e-37 -2.2189e-45 -2.4114e-55 -4.6484e-68 -2.2142e-84 -1.8074e-105 -6.5931e-133 -7.0050e-169 -1.9336e-216 -6.8817e-280 -0.0000e+00 -0.0000e+00 -0.0000e+00 -0.0000e+00 -0.0000e+00 -0.0000e+00 -0.0000e+00 -0.0000e+00 -0.0000e+00 -0.0000e+00 -0.0000e+00 -0.0000e+00 -0.0000e+00 -0.0000e+00 -0.0000e+00 -0.0000e+00 -0.0000e+00 -0.0000e+00 -0.0000e+00 -0.0000e+00 -0.0000e+00 -0.0000e+00 -0.0000e+00 -0.0000e+00 -3.4678e-10 -1.9636e-09 -5.4197e-09 -1.1151e-08 -1.9536e-08 -3.0927e-08 -4.5660e-08 -6.4065e-08 -8.6476e-08 0.0000e+00 -1.4468e-07 -1.8118e-07 -2.2312e-07 -2.7090e-07 -3.2492e-07 -3.8564e-07 -4.5352e-07 -5.2905e-07 -6.1272e-07 -7.0507e-07 -8.0663e-07 -9.1792e-07 -1.0395e-06 -1.1718e-06 -1.3153e-06 -1.4703e-06 -1.6370e-06 -1.8154e-06 -2.0053e-06 -2.2059e-06 -2.4162e-06 -2.6342e-06 -2.8576e-06 -3.0826e-06 -3.3045e-06 -3.5170e-06 -3.7126e-06 -3.8817e-06 -4.0134e-06 -4.0954e-06 -4.1146e-06 -4.0585e-06 -3.9164e-06 -3.6819e-06 -3.3551e-06 -2.9451e-06 -2.4717e-06 -1.9655e-06 -1.4646e-06 -1.0091e-06 -6.3231e-07 -3.5323e-07 -1.7163e-07 -7.0376e-08 -2.3460e-08 -6.0706e-09 -1.1515e-09 -1.4906e-10 -1.2042e-11 -5.4265e-13 -1.1838e-14 -1.0448e-16 -2.9675e-19 -2.0240e-22 -2.2736e-26 -2.5813e-31 -1.5676e-37 -2.2097e-45 -2.3989e-55 -4.6183e-68 -2.1962e-84 -1.7889e-105 -6.5075e-133 -6.8890e-169 -1.8926e-216 -6.6933e-280 -0.0000e+00 -0.0000e+00 -0.0000e+00 -0.0000e+00 -0.0000e+00 -0.0000e+00 -0.0000e+00 -0.0000e+00 -0.0000e+00 -0.0000e+00 -0.0000e+00 -0.0000e+00 -0.0000e+00 -0.0000e+00 -0.0000e+00 -0.0000e+00 -0.0000e+00 -0.0000e+00 -0.0000e+00 -0.0000e+00 -0.0000e+00 -0.0000e+00 -0.0000e+00 -0.0000e+00
-4.4309e-10 -2.5089e-09 -6.9249e-09 -1.4248e-08 -2.4962e-08 -3.9517e-08 -5.8341e-08 -8.1859e-08 -1.1049e-07 -1.4468e-07 8.9167e-06 -2.3151e-07 -2.8509e-07 -3.4613e-07 -4.1517e-07 -4.9275e-07 -5.7948e-07 -6.7598e-07 -7.8289e-07 -9.0089e-07 -1.0307e-06 -1.1729e-06 -1.3282e-06 -1.4972e-06 -1.6806e-06 -1.8786e-06 -2.0917e-06 -2.3196e-06 -2.5622e-06 -2.8186e-06 -3.0872e-06 -3.3659e-06 -3.6513e-06 -3.9388e-06 -4.2223e-06 -4.4939e-06 -4.7438e-06 -4.9599e-06 -5.1282e-06 -5.2330e-06 -5.2576e-06 -5.1860e-06 -5.0045e-06 -4.7050e-06 -4.2874e-06 -3.7635e-06 -3.1587e-06 -2.5118e-06 -1.8718e-06 -1.2897e-06 -8.0819e-07 -4.5150e-07 -2.1940e-07 -8.9972e-08 -2.9995e-08 -7.7630e-09 -1.4727e-09 -1.9068e-10 -1.5409e-11 -6.9459e-13 -1.5159e-14 -1.3385e-16 -3.8038e-19 -2.5962e-22 -2.9190e-26 -3.3178e-31 -2.0177e-37 -2.8491e-45 -3.1000e-55 -5.9850e-68 -2.8565e-84 -2.3375e-105 -8.5546e-133 -9.1274e-169 -2.5334e-216 -9.0819e-280 -0.0000e+00 -0.0000e+00 -0.0000e+00 -0.0000e+00 -0.0000e+00 -0.0000e+00 -0.0000e+00 -0.0000e+00 -0.0000e+00 -0.0000e+00 -0.0000e+00 -0.0000e+00 -0.0000e+00 -0.0000e+00 -0.0000e+00 -0.0000e+00 -0.0000e+00 -0.0000e+00 -0.0000e+00 -0.0000e+00 -0.0000e+00 -0.0000e+00 -0.0000e+00 -0.0000e+00 -4.4309e-10 -2.5089e-09 -6.9249e-09 -1.4248e-08 -2.4962e-08 -3.9517e-08 -5.8341e-08 -8.1859e-08 -1.1049e-07 -1.4468e-07 0.0000e+00 -2.3151e-07 -2.8509e-07 -3.4613e-07 -4.1517e-07 -4.9275e-07 -5.7948e-07 -6.7598e-07 -7.8289e-07 -9.0089e-07 -1.0307e-06 -1.1729e-06 -1.3282e-06 -1.4972e-06 -1.6806e-06 -1.8786e-06 -2.0917e-06 -2.3196e-06 -2.5622e-06 -2.8186e-06 -3.0872e-06 -3.3659e-06 -3.6512e-06 -3.9387e-06 -4.2222e-06 -4.4939e-06 -4.7437e-06 -4.9598e-06 -5.1281e-06 -5.2328e-06 -5.2574e-06 -5.1857e-06 -5.0042e-06 -4.7046e-06 -4.2870e-06 -3.7631e-06 -3.1583e-06 -2.5115e-06 -1.8715e-06 -1.2894e-06 -8.0797e-07 -4.5136e-07 -2.1932e-07 -8.9931e-08 -2.9979e-08 -7.7578e-09 -1.4716e-09 -1.9050e-10 -1.5391e-11 -6.9359e-13 -1.5132e-14 -1.3356e-16 -3.7939e-19 -2.5879e-22 -2.9075e-26 -3.3018e-31 -2.0057e-37 -2.8280e-45 -3.0714e-55 -5.9162e-68 -2.8153e-84 -2.2951e-105 -8.3581e-133 -8.8610e-169 -2.4390e-216 -8.6477e-280 -0.0000e+00 -0.0000e+00 -0.0000e+00 -0.0000e+00 -0.0000e+00 -0.0000e+00 -0.0000e+00 -0.0000e+00 -0.0000e+00 -0.0000e+00 -0.0000e+00 -0.0000e+00 -0.0000e+00 -0.0000e+00 -0.0000e+00 -0.0000e+00 -0.0000e+00 -0.0000e+00 -0.0000e+00 -0.0000e+00 -0.0000e+00 -0.0000e+00 -0.0000e+00 -0.0000e+00
-5.5489e-10 -3.1419e-09 -8.6722e-09 -1.7843e-08 -3.1260e-08 -4.9487e-08 -7.3061e-08 -1.0251e-07 -1.3837e-07 -1.8118e-07 -2.3151e-07 1.5200e-05 -3.5703e-07 -4.3347e-07 -5.1992e-07 -6.1708e-07 -7.2569e-07 -8.4654e-07 -9.8043e-07 -1.1282e-06 -1.2907e-06 -1.4688e-06 -1.6633e-06 -1.8750e-06 -2.1046e-06 -2.3526e-06 -2.6194e-06 -2.9049e-06 -3.2087e-06 -3.5297e-06 -3.8662e-06 -4.2152e-06 -4.5725e-06 -4.9326e-06 -5.2877e-06 -5.6279e-06 -5.9408e-06 -6.2115e-06 -6.4223e-06 -6.5535e-06 -6.5844e-06 -6.4948e-06 -6.2676e-06 -5.8925e-06 -5.3696e-06 -4.7136e-06 -3.9562e-06 -3.1461e-06 -2.3445e-06 -1.6154e-06 -1.0124e-06 -5.6561e-07 -2.7487e-07 -1.1273e-07 -3.7586e-08 -9.7286e-09 -1.8459e-09 -2.3904e-10 -1.9321e-11 -8.7118e-13 -1.9019e-14 -1.6800e-16 -4.7768e-19 -3.2623e-22 -3.6707e-26 -4.1763e-31 -2.5428e-37 -3.5959e-45 -3.9201e-55 -7.5866e-68 -3.6320e-84 -2.9839e-105 -1.0976e-132 -1.1787e-168 -3.2996e-216 -1.1960e-279 -0.0000e+00 -0.0000e+00 -0.0000e+00 -0.0000e+00 -0.0000e+00 -0.0000e+00 -0.0000e+00 -0.0000e+00 -0.0000e+00 -0.0000e+00 -0.0000e+00 -0.0000e+00 -0.0000e+00 -0.0000e+00 -0.0000e+00 -0.0000e+00 -0.0000e+00 -0.0000e+00 -0.0000e+00 -0.0000e+00 -0.0000e+00 -0.0000e+00 -0.0000e+00 -0.0000e+00 -5.5489e-10 -3.1419e-09 -8.6722e-09 -1.7843e-08 -3.1260e-08 -4.9487e-08 -7.3061e-08 -1.0251e-07 -1.3837e-07 -1.8118e-07 -2.3151e-07 0.0000e+00 -3.5703e-07 -4.3347e-07 -5.1992e-07 -6.1708e-07 -7.2569e-07 -8.4654e-07 -9.8043e-07 -1.1282e-06 -1.2907e-06 -1.4688e-06 -1.6633e-06 -1.8750e-06 -2.1046e-06 -2.3526e-06 -2.6194e-06 -2.9049e-06 -3.2087e-06 -3.5297e-06 -3.8661e-06 -4.2151e-06 -4.5725e-06 -4.9325e-06 -5.2876e-06 -5.6277e-06 -5.9407e-06 -6.2113e-06 -6.4220e-06 -6.5532e-06 -6.5840e-06 -6.4943e-06 -6.2670e-06 -5.8918e-06 -5.3688e-06 -4.7127e-06 -3.9553e-06 -3.1453e-06 -2.3438e-06 -1.6148e-06 -1.0119e-06 -5.6531e-07 -2.7469e-07 -1.1264e-07 -3.7550e-08 -9.7175e-09 -1.8434e-09 -2.3864e-10 -1.9282e-11 -8.6903e-13 -1.8962e-14 -1.6739e-16 -4.7555e-19 -3.2445e-22 -3.6462e-26 -4.1420e-31 -2.5170e-37 -3.5508e-45 -3.8590e-55 -7.4393e-68 -3.5438e-84 -2.8929e-105 -1.0554e-132 -1.1215e-168 -3.0962e-216 -1.1022e-279 -0.0000e+00 -0.0000e+00 -0.0000e+00 -0.0000e+00 -0.0000e+00 -0.0000e+00 -0.0000e+00 -0.0000e+00 -0.0000e+00 -0.0000e+00 -0.0000e+00 -0.0000e+00 -0.0000e+00 -0.0000e+00 -0.0000e+00 -0.0000e+00 -0.0000e+00 -0.0000e+00 -0.0000e+00 -0.0000e+00 -0.0000e+00 -0.0000e+00 -0.0000e+00 -0.0000e+00
-6.8333e-10 -3.8692e-09 -1.0680e-08 -2.1973e-08 -3.8496e-08 -6.0942e-08 -8.9973e-08 -1.2624e-07 -1.7040e-07 -2.2312e-07 -2.8509e-07 -3.5703e-07 2.4875e-05 -5.3380e-07 -6.4026e-07 -7.5991e-07 -8.9367e-07 -1.0425e-06 -1.2074e-06 -1.3893e-06 -1.5895e-06 -1.8088e-06 -2.0483e-06 -2.3090e-06 -2.5918e-06 -2.8972e-06 -3.2258e-06 -3.5774e-06 -3.9515e-06 -4.3468e-06 -4.7611e-06 -5.1909e-06 -5.6310e-06 -6.0745e-06 -6.5117e-06 -6.9307e-06 -7.3162e-06 -7.6496e-06 -7.9093e-06 -8.0710e-06 -8.1091e-06 -7.9988e-06 -7.7191e-06 -7.2573e-06 -6.6134e-06 -5.8056e-06 -4.8729e-06 -3.8753e-06 -2.8881e-06 -1.9901e-06 -1.2473e-06 -6.9690e-07 -3.3871e-07 -1.3893e-07 -4.6328e-08 -1.1994e-08 -2.2762e-09 -2.9485e-10 -2.3839e-11 -1.0754e-12 -2.3488e-14 -2.0761e-16 -5.9075e-19 -4.0383e-22 -4.5493e-26 -5.1834e-31 -3.1618e-37 -4.4816e-45 -4.8997e-55 -9.5172e-68 -4.5775e-84 -3.7829e-105 -1.4020e-132 -1.5203e-168 -4.3088e-216 -1.5869e-279 -0.0000e+00 -0.0000e+00 -0.0000e+00 -0.0000e+00 -0.0000e+00 -0.0000e+00 -0.0000e+00 -0.0000e+00 -0.0000e+00 -0.0000e+00 -0.0000e+00 -0.0000e+00 -0.0000e+00 -0.0000e+00 -0.0000e+00 -0.0000e+00 -0.0000e+00 -0.0000e+00 -0.0000e+00 -0.0000e+00 -0.0000e+00 -0.0000e+00 -0.0000e+00 -0.0000e+00 -6.8333e-10 -3.8692e-09 -1.0680e-08 -2.1973e-08 -3.8496e-08 -6.0942e-08 -8.9973e-08 -1.2624e-07 -1.7040e-07 -2.2312e-07 -2.8509e-07 -3.5703e-07 0.0000e+00 -5.3380e-07 -6.4026e-07 -7.5991e-07 -8.9367e-07 -1.0425e-06 -1.2074e-06 -1.3893e-06 -1.5895e-06 -1.8088e-06 -2.0483e-06 -2.3090e-06 -2.5918e-06 -2.8972e-06 -3.2257e-06 -3.5773e-06 -3.9514e-06 -4.3468e-06 -4.7611e-06 -5.1908e-06 -5.6309e-06 -6.0743e-06 -6.5115e-06 -6.9305e-06 -7.3158e-06 -7.6491e-06 -7.9087e-06 -8.0702e-06 -8.1082e-06 -7.9977e-06 -7.7179e-06 -7.2559e-06 -6.6119e-06 -5.8039e-06 -4.8712e-06 -3.8737e-06 -2.8866e-06 -1.9888e-06 -1.2463e-06 -6.9628e-07 -3.3834e-07 -1.3875e-07 -4.6256e-08 -1.1971e-08 -2.2711e-09 -2.9404e-10 -2.3760e-11 -1.0710e-12 -2.3374e-14 -2.0637e-16 -5.8646e-19 -4.0025e-22 -4.4998e-26 -5.1142e-31 -3.1098e-37 -4.3905e-45 -4.7762e-55 -9.2191e-68 -4.3988e-84 -3.5984e-105 -1.3163e-132 -1.4036e-168 -3.8931e-216 -1.3945e-279 -0.0000e+00 -0.0000e+00 -0.0000e+00 -0.0000e+00 -0.0000e+00 -0.0000e+00 -0.0000e+00 -0.0000e+00 -0.0000e+00 -0.0000e+00 -0.0000e+00 -0.0000e+00 -0.0000e+00 -0.0000e+00 -0.0000e+00 -0.0000e+00 -0.0000e+00 -0.0000e+00 -0.0000e+00 -0.0000e+00 -0.0000e+00 -0.0000e+00 -0.0000e+00 -0.0000e+00
-8.2963e-10 -4.6977e-09 -1.2966e-08 -2.6677e-08 -4.6739e-08 -7.3990e-08 -1.0924e-07 -1.5327e-07 -2.0689e-07 -2.7090e-07 -3.4613e-07 -4.3347e-07 -5.3380e-07 3.9324e-05 -7.7735e-07 -9.2262e-07 -1.0850e-06 -1.2657e-06 -1.4659e-06 -1.6868e-06 -1.9298e-06 -2.1961e-06 -2.4869e-06 -2.8034e-06 -3.1467e-06 -3.5176e-06 -3.9164e-06 -4.3433e-06 -4.7976e-06 -5.2776e-06 -5.7806e-06 -6.3024e-06 -6.8368e-06 -7.3752e-06 -7.9062e-06 -8.4150e-06 -8.8831e-06 -9.2879e-06 -9.6033e-06 -9.7998e-06 -9.8463e-06 -9.7125e-06 -9.3732e-06 -8.8127e-06 -8.0311e-06 -7.0504e-06 -5.9180e-06 -4.7067e-06 -3.5080e-06 -2.4174e-06 -1.5153e-06 -8.4676e-07 -4.1161e-07 -1.6886e-07 -5.6323e-08 -1.4585e-08 -2.7690e-09 -3.5883e-10 -2.9027e-11 -1.3102e-12 -2.8639e-14 -2.5336e-16 -7.2178e-19 -4.9410e-22 -5.5759e-26 -6.3669e-31 -3.8942e-37 -5.5384e-45 -6.0807e-55 -1.1874e-67 -5.7495e-84 -4.7920e-105 -1.7951e-132 -1.9733e-168 -5.6895e-216 -2.1414e-279 -0.0000e+00 -0.0000e+00 -0.0000e+00 -0.0000e+00 -0.0000e+00 -0.0000e+00 -0.0000e+00 -0.0000e+00 -0.0000e+00 -0.0000e+00 -0.0000e+00 -0.0000e+00 -0.0000e+00 -0.0000e+00 -0.0000e+00 -0.0000e+00 -0.0000e+00 -0.0000e+00 -0.0000e+00 -0.0000e+00 -0.0000e+00 -0.0000e+00 -0.0000e+00 -0.0000e+00 -8.2963e-10 -4.6977e-09 -1.2966e-08 -2.6677e-08 -4.6739e-08 -7.3990e-08 -1.0924e-07 -1.5327e-07 -2.0689e-07 -2.7090e-07 -3.4613e-07 -4.3347e-07 -5.3380e-07 0.0000e+00 -7.7735e-07 -9.2262e-07 -1.0850e-06 -1.2657e-06 -1.4659e-06 -1.6868e-06 -1.9298e-06 -2.1961e-06 -2.4869e-06 -2.8034e-06 -3.1467e-06 -3.5175e-06 -3.9164e-06 -4.3433e-06 -4.7975e-06 -5.2775e-06 -5.7805e-06 -6.3023e-06 -6.8366e-06 -7.3749e-06 -7.9058e-06 -8.4144e-06 -8.8824e-06 -9.2870e-06 -9.6022e-06 -9.7984e-06 -9.8445e-06 -9.7105e-06 -9.3708e-06 -8.8099e-06 -8.0281e-06 -7.0472e-06 -5.9148e-06 -4.7036e-06 -3.5052e-06 -2.4151e-06 -1.5135e-06 -8.4558e-07 -4.1092e-07 -1.6852e-07 -5.6185e-08 -1.4542e-08 -2.7591e-09 -3.5728e-10 -2.8876e-11 -1.3019e-12 -2.8419e-14 -2.5099e-16 -7.1354e-19 -4.8722e-22 -5.4807e-26 -6.2336e-31 -3.7940e-37 -5.3627e-45 -5.8425e-55 -1.1298e-67 -5.4039e-84 -4.4342e-105 -1.6285e-132 -1.7456e-168 -4.8748e-216 -1.7618e-279 -0.0000e+00 -0.0000e+00 -0.0000e+00 -0.0000e+00 -0.0000e+00 -0.0000e+00 -0.0000e+00 -0.0000e+00 -0.0000e+00 -0.0000e+00 -0.0000e+00 -0.0000e+00 -0.0000e+00 -0.0000e+00 -0.0000e+00 -0.0000e+00 -0.0000e+00 -0.0000e+00 -0.0000e+00 -0.0000e+00 -0.0000e+00 -0.0000e+00 -0.0000e+00 -0.0000e+00
-9.9509e-10 -5.6345e-09 -1.5552e-08 -3.1997e-08 -5.6060e-08 -8.8747e-08 -1.3102e-07 -1.8384e-07 -2.4815e-07 -3.2492e-07 -4.1517e-07 -5.1992e-07 -6.4026e-07 -7.7735e-07 6.0351e-05 -1.1066e-06 -1.3014e-06 -1.5181e-06 -1.7582e-06 -2.0232e-06 -2.3147e-06 -2.6340e-06 -2.9829e-06 -3.3625e-06 -3.7743e-06 -4.2191e-06 -4.6975e-06 -5.2096e-06 -5.7544e-06 -6.3302e-06 -6.9336e-06 -7.5595e-06 -8.2005e-06 -8.8464e-06 -9.4834e-06 -1.0094e-05 -1.0655e-05 -1.1141e-05 -1.1520e-05 -1.1756e-05 -1.1812e-05 -1.1652e-05 -1.1245e-05 -1.0573e-05 -9.6357e-06 -8.4596e-06 -7.1014e-06 -5.6484e-06 -4.2103e-06 -2.9018e-06 -1.8192e-06 -1.0168e-06 -4.9436e-07 -2.0286e-07 -6.7688e-08 -1.7536e-08 -3.3307e-09 -4.3188e-10 -3.4962e-11 -1.5795e-12 -3.4563e-14 -3.0618e-16 -8.7368e-19 -5.9930e-22 -6.7800e-26 -7.7658e-31 -4.7682e-37 -6.8139e-45 -7.5260e-55 -1.4807e-67 -7.2367e-84 -6.1024e-105 -2.3196e-132 -2.5965e-168 -7.6576e-216 -2.9636e-279 -0.0000e+00 -0.0000e+00 -0.0000e+00 -0.0000e+00 -0.0000e+00 -0.0000e+00 -0.0000e+00 -0.0000e+00 -0.0000e+00 -0.0000e+00 -0.0000e+00 -0.0000e+00 -0.0000e+00 -0.0000e+00 -0.0000e+00 -0.0000e+00 -0.0000e+00 -0.0000e+00 -0.0000e+00 -0.0000e+00 -0.0000e+00 -0.0000e+00 -0.0000e+00 -0.0000e+00 -9.9509e-10 -5.6345e-09 -1.5552e-08 -3.1997e-08 -5.6060e-08 -8.8747e-08 -1.3102e-07 -1.8384e-07 -2.4815e-07 -3.2492e-07 -4.1517e-07 -5.1992e-07 -6.4026e-07 -7.7735e-07 0.0000e+00 -1.1066e-06 -1.3014e-06 -1.5181e-06 -1.7582e-06 -2.0232e-06 -2.3146e-06 -2.6340e-06 -2.9828e-06 -3.3625e-06 -3.7743e-06 -4.2191e-06 -4.6975e-06 -5.2095e-06 -5.7543e-06 -6.3300e-06 -6.9334e-06 -7.5592e-06 -8.2001e-06 -8.8458e-06 -9.4826e-06 -1.0093e-05 -1.0654e-05 -1.1139e-05 -1.1518e-05 -1.1753e-05 -1.1808e-05 -1.1648e-05 -1.1240e-05 -1.0568e-05 -9.6301e-06 -8.4537e-06 -7.0954e-06 -5.6427e-06 -4.2051e-06 -2.8975e-06 -1.8159e-06 -1.0146e-06 -4.9309e-07 -2.0223e-07 -6.7435e-08 -1.7456e-08 -3.3126e-09 -4.2903e-10 -3.4683e-11 -1.5642e-12 -3.4157e-14 -3.0181e-16 -8.5849e-19 -5.8659e-22 -6.6043e-26 -7.5196e-31 -4.5829e-37 -6.4887e-45 -7.0844e-55 -1.3737e-67 -6.5930e-84 -5.4341e-105 -2.0072e-132 -2.1676e-168 -6.1122e-216 -2.2373e-279 -0.0000e+00 -0.0000e+00 -0.0000e+00 -0.0000e+00 -0.0000e+00 -0.0000e+00 -0.0000e+00 -0.0000e+00 -0.0000e+00 -0.0000e+00 -0.0000e+00 -0.0000e+00 -0.0000e+00 -0.0000e+00 -0.0000e+00 -0.0000e+00 -0.0000e+00 -0.0000e+00 -0.0000e+00 -0.0000e+00 -0.0000e+00 -0.0000e+00 -0.0000e+00 -0.0000e+00
-1.1810e-09 -6.6875e-09 -1.8458e-08 -3.7977e-08 -6.6536e-08 -1.0533e-07 -1.5551e-07 -2.1819e-07 -2.9452e-07 -3.8564e-07 -4.9275e-07 -6.1708e-07 -7.5991e-07 -9.2262e-07 -1.1066e-06 9.0271e-05 -1.5446e-06 -1.8018e-06 -2.0868e-06 -2.4013e-06 -2.7472e-06 -3.1263e-06 -3.5403e-06 -3.9909e-06 -4.4796e-06 -5.0076e-06 -5.5754e-06 -6.1832e-06 -6.8299e-06 -7.5133e-06 -8.2295e-06 -8.9725e-06 -9.7334e-06 -1.0500e-05 -1.1256e-05 -1.1981e-05 -1.2648e-05 -1.3225e-05 -1.3674e-05 -1.3955e-05 -1.4022e-05 -1.3832e-05 -1.3350e-05 -1.2553e-05 -1.1441e-05 -1.0046e-05 -8.4337e-06 -6.7090e-06 -5.0016e-06 -3.4478e-06 -2.1620e-06 -1.2087e-06 -5.8787e-07 -2.4133e-07 -8.0561e-08 -2.0883e-08 -3.9693e-09 -5.1511e-10 -4.1743e-11 -1.8882e-12 -4.1382e-14 -3.6728e-16 -1.0504e-18 -7.2260e-22 -8.2035e-26 -9.4370e-31 -5.8252e-37 -8.3795e-45 -9.3310e-55 -1.8544e-67 -9.1774e-84 -7.8591e-105 -3.0445e-132 -3.4881e-168 -1.0581e-215 -4.2370e-279 -0.0000e+00 -0.0000e+00 -0.0000e+00 -0.0000e+00 -0.0000e+00 -0.0000e+00 -0.0000e+00 -0.0000e+00 -0.0000e+00 -0.0000e+00 -0.0000e+00 -0.0000e+00 -0.0000e+00 -0.0000e+00 -0.0000e+00 -0.0000e+00 -0.0000e+00 -0.0000e+00 -0.0000e+00 -0.0000e+00 -0.0000e+00 -0.0000e+00 -0.0000e+00 -0.0000e+00 -1.1810e-09 -6.6875e-09 -1.8458e-08 -3.7977e-08 -6.6536e-08 -1.0533e-07 -1.5551e-07 -2.1819e-07 -2.9452e-07 -3.8564e-07 -4.9275e-07 -6.1708e-07 -7.5991e-07 -9.2262e-07 -1.1066e-06 0.0000e+00 -1.5446e-06 -1.8018e-06 -2.0868e-06 -2.4013e-06 -2.7472e-06 -3.1263e-06 -3.5403e-06 -3.9909e-06 -4.4796e-06 -5.0075e-06 -5.5753e-06 -6.1830e-06 -6.8297e-06 -7.5130e-06 -8.2291e-06 -8.9719e-06 -9.7326e-06 -1.0499e-05 -1.1255e-05 -1.1979e-05 -1.2645e-05 -1.3222e-05 -1.3671e-05 -1.3950e-05 -1.4016e-05 -1.3826e-05 -1.3342e-05 -1.2544e-05 -1.1431e-05 -1.0035e-05 -8.4231e-06 -6.6989e-06 -4.9925e-06 -3.4402e-06 -2.1562e-06 -1.2048e-06 -5.8561e-07 -2.4021e-07 -8.0111e-08 -2.0742e-08 -3.9369e-09 -5.1005e-10 -4.1247e-11 -1.8610e-12 -4.0660e-14 -3.5950e-16 -1.0234e-18 -6.9996e-22 -7.8903e-26 -8.9975e-31 -5.4940e-37 -7.7974e-45 -8.5389e-55 -1.6621e-67 -8.0160e-84 -6.6483e-105 -2.4754e-132 -2.7010e-168 -7.7189e-216 -2.8751e-279 -0.0000e+00 -0.0000e+00 -0.0000e+00 -0.0000e+00 -0.0000e+00 -0.0000e+00 -0.0000e+00 -0.0000e+00 -0.0000e+00 -0.0000e+00 -0.0000e+00 -0.0000e+00 -0.0000e+00 -0.0000e+00 -0.0000e+00 -0.0000e+00 -0.0000e+00 -0.0000e+00 -0.0000e+00 -0.0000e+00 -0.0000e+00 -0.0000e+00 -0.0000e+00 -0.0000e+00
