4.7193e-12 -3.0068e-12 -8.2990e-12 -1.7075e-11 -2.9915e-11 -4.7358e-11 -6.9918e-11 -9.8102e-11 -1.3242e-10 -1.7339e-10 -2.2155e-10 -2.7746e-10 -3.4171e-10 -4.1490e-10 -4.9769e-10 -5.9079e-10 -6.9492e-10 -8.1088e-10 -9.3949e-10 -1.0816e-09 -1.2383e-09 -1.4104e-09 -1.5990e-09 -1.8052e-09 -2.0300e-09 -2.2746e-09 -2.5400e-09 -2.8273e-09 -3.1374e-09 -3.4710e-09 -3.8286e-09 -4.2104e-09 -4.6158e-09 -5.0439e-09 -5.4924e-09 -5.9583e-09 -6.4365e-09 -6.9204e-09 -7.4009e-09 -7.8659e-09 -8.3004e-09 -8.6855e-09 -8.9990e-09 -9.2153e-09 -9.3061e-09 -9.2429e-09 -8.9993e-09 -8.5553e-09 -7.9028e-09 -7.0514e-09 -6.0336e-09 -4.9071e-09 -3.7523e-09 -2.6618e-09 -1.7230e-09 -9.9710e-10 -5.0289e-10 -2.1416e-10 -7.4008e-11 -1.9746e-11 -3.8193e-12 -4.9454e-13 -3.8724e-14 -1.6101e-15 -3.0065e-17 -2.0295e-19 -3.7330e-22 -1.2911e-25 -5.1428e-30 -1.2285e-35 -7.3286e-43 -3.3351e-52 -2.2896e-64 -2.5322e-80 -1.9902e-101 -1.3581e-129 -1.4841e-167 -2.8401e-219 -1.4264e-290 0.0000e+00 0.0000e+00 0.0000e+00 0.0000e+00 0.0000e+00 0.0000e+00 0.0000e+00 0.0000e+00 0.0000e+00 0.0000e+00 0.0000e+00 0.0000e+00 0.0000e+00 0.0000e+00 0.0000e+00 0.0000e+00 0.0000e+00 0.0000e+00 0.0000e+00 0.0000e+00 0.0000e+00 0.0000e+00 3.0068e-12 8.2990e-12 1.7075e-11 2.9915e-11 4.7358e-11 6.9918e-11 9.8102e-11 1.3242e-10 1.7339e-10 2.2155e-10 2.7746e-10 3.4171e-10 4.1490e-10 4.9769e-10 5.9079e-10 6.9492e-10 8.1088e-10 9.3949e-10 1.0816e-09 1.2383e-09 1.4104e-09 1.5990e-09 1.8052e-09 2.0300e-09 2.2746e-09 2.5400e-09 2.8273e-09 3.1374e-09 3.4710e-09 3.8286e-09 4.2104e-09 4.6158e-09 5.0439e-09 5.4924e-09 5.9583e-09 6.4365e-09 6.9204e-09 7.4009e-09 7.8659e-09 8.3004e-09 8.6855e-09 8.9990e-09 9.2153e-09 9.3061e-09 9.2429e-09 8.9993e-09 8.5553e-09 7.9028e-09 7.0514e-09 6.0336e-09 4.9071e-09 3.7523e-09 2.6618e-09 1.7230e-09 9.9710e-10 5.0289e-10 2.1416e-10 7.4008e-11 1.9746e-11 3.8193e-12 4.9454e-13 3.8724e-14 1.6101e-15 3.0065e-17 2.0295e-19 3.7330e-22 1.2911e-25 5.1428e-30 1.2285e-35 7.3286e-43 3.3351e-52 2.2896e-64 2.5322e-80 1.9902e-101 1.3581e-129 1.4841e-167 2.8401e-219 1.4264e-290 0.0000e+00 0.0000e+00 0.0000e+00 0.0000e+00 0.0000e+00 0.0000e+00 0.0000e+00 0.0000e+00 0.0000e+00 0.0000e+00 0.0000e+00 0.0000e+00 0.0000e+00 0.0000e+00 0.0000e+00 0.0000e+00 0.0000e+00 0.0000e+00 0.0000e+00 0.0000e+00 0.0000e+00
-3.0068e-12 1.4201e-09 -4.6992e-11 -9.6683e-11 -1.6939e-10 -2.6816e-10 -3.9590e-10 -5.5549e-10 -7.4981e-10 -9.8181e-10 -1.2545e-09 -1.5711e-09 -1.9349e-09 -2.3493e-09 -2.8181e-09 -3.3452e-09 -3.9349e-09 -4.5914e-09 -5.3197e-09 -6.1246e-09 -7.0115e-09 -7.9860e-09 -9.0540e-09 -1.0221e-08 -1.1494e-08 -1.2879e-08 -1.4382e-08 -1.6009e-08 -1.7765e-08 -1.9654e-08 -2.1679e-08 -2.3840e-08 -2.6136e-08 -2.8560e-08 -3.1100e-08 -3.3738e-08 -3.6446e-08 -3.9186e-08 -4.1906e-08 -4.4539e-08 -4.6999e-08 -4.9180e-08 -5.0956e-08 -5.2180e-08 -5.2694e-08 -5.2337e-08 -5.0957e-08 -4.8443e-08 -4.4748e-08 -3.9927e-08 -3.4164e-08 -2.7786e-08 -2.1247e-08 -1.5072e-08 -9.7563e-09 -5.6459e-09 -2.8475e-09 -1.2126e-09 -4.1906e-10 -1.1181e-10 -2.1626e-11 -2.8002e-12 -2.1927e-13 -9.1169e-15 -1.7024e-16 -1.1492e-18 -2.1138e-21 -7.3106e-25 -2.9120e-29 -6.9560e-35 -4.1497e-42 -1.8884e-51 -1.2965e-63 -1.4338e-79 -1.1269e-100 -7.6903e-129 -8.4037e-167 -1.6081e-218 -8.0768e-290 0.0000e+00 0.0000e+00 0.0000e+00 0.0000e+00 0.0000e+00 0.0000e+00 0.0000e+00 0.0000e+00 0.0000e+00 0.0000e+00 0.0000e+00 0.0000e+00 0.0000e+00 0.0000e+00 0.0000e+00 0.0000e+00 0.0000e+00 0.0000e+00 0.0000e+00 0.0000e+00 0.0000e+00 3.0068e-12 0.0000e+00 4.6992e-11 9.6683e-11 1.6939e-10 2.6816e-10 3.9590e-10 5.5549e-10 7.4981e-10 9.8181e-10 1.2545e-09 1.5711e-09 1.9349e-09 2.3493e-09 2.8181e-09 3.3452e-09 3.9349e-09 4.5914e-09 5.3197e-09 6.1246e-09 7.0115e-09 7.9860e-09 9.0540e-09 1.0221e-08 1.1494e-08 1.2879e-08 1.4382e-08 1.6009e-08 1.7765e-08 1.9654e-08 2.1679e-08 2.3840e-08 2.6136e-08 2.8560e-08 3.1100e-08 3.3738e-08 3.6446e-08 3.9186e-08 4.1906e-08 4.4539e-08 4.6999e-08 4.9180e-08 5.0956e-08 5.2180e-08 5.2694e-08 5.2337e-08 5.0957e-08 4.8443e-08 4.4748e-08 3.9927e-08 3.4164e-08 2.7786e-08 2.1247e-08 1.5072e-08 9.7563e-09 5.6459e-09 2.8475e-09 1.2126e-09 4.1906e-10 1.1181e-10 2.1626e-11 2.8002e-12 2.1927e-13 9.1169e-15 1.7024e-16 1.1492e-18 2.1138e-21 7.3106e-25 2.9120e-29 6.9560e-35 4.1497e-42 1.8884e-51 1.2965e-63 1.4338e-79 1.1269e-100 7.6903e-129 8.4037e-167 1.6081e-218 8.0768e-290 0.0000e+00 0.0000e+00 0.0000e+00 0.0000e+00 0.0000e+00 0.0000e+00 0.0000e+00 0.0000e+00 0.0000e+00 0.0000e+00 0.0000e+00 0.0000e+00 0.0000e+00 0.0000e+00 0.0000e+00 0.0000e+00 0.0000e+00 0.0000e+00 0.0000e+00 0.0000e+00 0.0000e+00
-8.2990e-12 -4.6992e-11 3.4537e-09 -2.6686e-10 -4.6754e-10 -7.4014e-10 -1.0927e-09 -1.5332e-09 -2.0696e-09 -2.7099e-09 -3.4626e-09 -4.3364e-09 -5.3404e-09 -6.4843e-09 -7.7783e-09 -9.2333e-09 -1.0861e-08 -1.2673e-08 -1.4683e-08 -1.6905e-08 -1.9353e-08 -2.2042e-08 -2.4990e-08 -2.8212e-08 -3.1726e-08 -3.5549e-08 -3.9697e-08 -4.4187e-08 -4.9033e-08 -5.4247e-08 -5.9837e-08 -6.5803e-08 -7.2139e-08 -7.8829e-08 -8.5840e-08 -9.3120e-08 -1.0059e-07 -1.0816e-07 -1.1567e-07 -1.2293e-07 -1.2972e-07 -1.3574e-07 -1.4064e-07 -1.4402e-07 -1.4544e-07 -1.4446e-07 -1.4065e-07 -1.3371e-07 -1.2351e-07 -1.1020e-07 -9.4297e-08 -7.6692e-08 -5.8644e-08 -4.1601e-08 -2.6929e-08 -1.5583e-08 -7.8595e-09 -3.3470e-09 -1.1567e-09 -3.0860e-10 -5.9692e-11 -7.7290e-12 -6.0521e-13 -2.5164e-14 -4.6988e-16 -3.1719e-18 -5.8343e-21 -2.0178e-24 -8.0376e-29 -1.9199e-34 -1.1454e-41 -5.2123e-51 -3.5784e-63 -3.9575e-79 -3.1105e-100 -2.1226e-128 -2.3195e-166 -4.4387e-218 -2.2293e-289 0.0000e+00 0.0000e+00 0.0000e+00 0.0000e+00 0.0000e+00 0.0000e+00 0.0000e+00 0.0000e+00 0.0000e+00 0.0000e+00 0.0000e+00 0.0000e+00 0.0000e+00 0.0000e+00 0.0000e+00 0.0000e+00 0.0000e+00 0.0000e+00 0.0000e+00 0.0000e+00 0.0000e+00 8.2990e-12 4.6992e-11 0.0000e+00 2.6686e-10 4.6754e-10 7.4014e-10 1.0927e-09 1.5332e-09 2.0696e-09 2.7099e-09 3.4626e-09 4.3364e-09 5.3404e-09 6.4843e-09 7.7783e-09 9.2333e-09 1.0861e-08 1.2673e-08 1.4683e-08 1.6905e-08 1.9353e-08 2.2042e-08 2.4990e-08 2.8212e-08 3.1726e-08 3.5549e-08 3.9697e-08 4.4187e-08 4.9033e-08 5.4247e-08 5.9837e-08 6.5803e-08 7.2139e-08 7.8829e-08 8.5840e-08 9.3120e-08 1.0059e-07 1.0816e-07 1.1567e-07 1.2293e-07 1.2972e-07 1.3574e-07 1.4064e-07 1.4402e-07 1.4544e-07 1.4446e-07 1.4065e-07 1.3371e-07 1.2351e-07 1.1020e-07 9.4297e-08 7.6692e-08 5.8644e-08 4.1601e-08 2.6929e-08 1.5583e-08 7.8595e-09 3.3470e-09 1.1567e-09 3.0860e-10 5.9692e-11 7.7290e-12 6.0521e-13 2.5164e-14 4.6988e-16 3.1719e-18 5.8343e-21 2.0178e-24 8.0376e-29 1.9199e-34 1.1454e-41 5.2123e-51 3.5784e-63 3.9575e-79 3.1105e-100 2.1226e-128 2.3195e-166 4.4386e-218 2.2293e-289 0.0000e+00 0.0000e+00 0.0000e+00 0.0000e+00 0.0000e+00 0.0000e+00 0.0000e+00 0.0000e+00 0.0000e+00 0.0000e+00 0.0000e+00 0.0000e+00 0.0000e+00 0.0000e+00 0.0000e+00 0.0000e+00 0.0000e+00 0.0000e+00 0.0000e+00 0.0000e+00 0.0000e+00
-1.7075e-11 -9.6683e-11 -2.6686e-10 1.9594e-08 -9.6194e-10 -1.5228e-09 -2.2482e-09 -3.1545e-09 -4.2580e-09 -5.5755e-09 -7.1241e-09 -8.9219e-09 -1.0988e-08 -1.3341e-08 -1.6004e-08 -1.8997e-08 -2.2345e-08 -2.6074e-08 -3.0209e-08 -3.4781e-08 -3.9817e-08 -4.5351e-08 -5.1416e-08 -5.8045e-08 -6.5275e-08 -7.3140e-08 -8.1675e-08 -9.0913e-08 -1.0088e-07 -1.1161e-07 -1.2311e-07 -1.3539e-07 -1.4842e-07 -1.6219e-07 -1.7661e-07 -1.9159e-07 -2.0697e-07 -2.2253e-07 -2.3798e-07 -2.5293e-07 -2.6690e-07 -2.7929e-07 -2.8937e-07 -2.9632e-07 -2.9924e-07 -2.9721e-07 -2.8938e-07 -2.7510e-07 -2.5412e-07 -2.2674e-07 -1.9401e-07 -1.5779e-07 -1.2066e-07 -8.5592e-08 -5.5404e-08 -3.2062e-08 -1.6171e-08 -6.8863e-09 -2.3798e-09 -6.3493e-10 -1.2281e-10 -1.5902e-11 -1.2452e-12 -5.1773e-14 -9.6675e-16 -6.5260e-18 -1.2004e-20 -4.1516e-24 -1.6537e-28 -3.9502e-34 -2.3566e-41 -1.0724e-50 -7.3625e-63 -8.1426e-79 -6.3999e-100 -4.3673e-128 -4.7726e-166 -9.1330e-218 -4.5871e-289 0.0000e+00 0.0000e+00 0.0000e+00 0.0000e+00 0.0000e+00 0.0000e+00 0.0000e+00 0.0000e+00 0.0000e+00 0.0000e+00 0.0000e+00 0.0000e+00 0.0000e+00 0.0000e+00 0.0000e+00 0.0000e+00 0.0000e+00 0.0000e+00 0.0000e+00 0.0000e+00 0.0000e+00 1.7075e-11 9.6683e-11 2.6686e-10 0.0000e+00 9.6194e-10 1.5228e-09 2.2482e-09 3.1545e-09 4.2580e-09 5.5755e-09 7.1241e-09 8.9219e-09 1.0988e-08 1.3341e-08 1.6004e-08 1.8997e-08 2.2345e-08 2.6074e-08 3.0209e-08 3.4781e-08 3.9817e-08 4.5351e-08 5.1416e-08 5.8045e-08 6.5275e-08 7.3140e-08 8.1675e-08 9.0913e-08 1.0088e-07 1.1161e-07 1.2311e-07 1.3539e-07 1.4842e-07 1.6219e-07 1.7661e-07 1.9159e-07 2.0697e-07 2.2253e-07 2.3798e-07 2.5293e-07 2.6690e-07 2.7929e-07 2.8937e-07 2.9632e-07 2.9924e-07 2.9721e-07 2.8938e-07 2.7510e-07 2.5412e-07 2.2674e-07 1.9401e-07 1.5779e-07 1.2066e-07 8.5592e-08 5.5404e-08 3.2062e-08 1.6171e-08 6.8862e-09 2.3798e-09 6.3493e-10 1.2281e-10 1.5902e-11 1.2452e-12 5.1773e-14 9.6675e-16 6.5260e-18 1.2004e-20 4.1516e-24 1.6537e-28 3.9502e-34 2.3565e-41 1.0724e-50 7.3624e-63 8.1424e-79 6.3997e-100 4.3672e-128 4.7723e-166 9.1323e-218 4.5866e-289 0.0000e+00 0.0000e+00 0.0000e+00 0.0000e+00 0.0000e+00 0.0000e+00 0.0000e+00 0.0000e+00 0.0000e+00 0.0000e+00 0.0000e+00 0.0000e+00 0.0000e+00 0.0000e+00 0.0000e+00 0.0000e+00 0.0000e+00 0.0000e+00 0.0000e+00 0.0000e+00 0.0000e+00
-2.9915e-11 -1.6939e-10 -4.6754e-10 -9.6194e-10 7.5047e-08 -2.6680e-09 -3.9389e-09 -5.5267e-09 -7.4601e-09 -9.7684e-09 -1.2482e-08 -1.5631e-08 -1.9251e-08 -2.3374e-08 -2.8038e-08 -3.3283e-08 -3.9150e-08 -4.5682e-08 -5.2927e-08 -6.0936e-08 -6.9760e-08 -7.9456e-08 -9.0081e-08 -1.0170e-07 -1.1436e-07 -1.2814e-07 -1.4310e-07 -1.5928e-07 -1.7675e-07 -1.9554e-07 -2.1569e-07 -2.3720e-07 -2.6004e-07 -2.8415e-07 -3.0942e-07 -3.3567e-07 -3.6261e-07 -3.8987e-07 -4.1694e-07 -4.4314e-07 -4.6762e-07 -4.8931e-07 -5.0698e-07 -5.1916e-07 -5.2428e-07 -5.2072e-07 -5.0699e-07 -4.8198e-07 -4.4522e-07 -3.9725e-07 -3.3991e-07 -2.7645e-07 -2.1139e-07 -1.4996e-07 -9.7070e-08 -5.6173e-08 -2.8331e-08 -1.2065e-08 -4.1694e-09 -1.1124e-09 -2.1517e-10 -2.7861e-11 -2.1816e-12 -9.0709e-14 -1.6938e-15 -1.1434e-17 -2.1031e-20 -7.2738e-24 -2.8974e-28 -6.9210e-34 -4.1289e-41 -1.8790e-50 -1.2900e-62 -1.4267e-78 -1.1214e-99 -7.6526e-128 -8.3630e-166 -1.6005e-217 -8.0390e-289 0.0000e+00 0.0000e+00 0.0000e+00 0.0000e+00 0.0000e+00 0.0000e+00 0.0000e+00 0.0000e+00 0.0000e+00 0.0000e+00 0.0000e+00 0.0000e+00 0.0000e+00 0.0000e+00 0.0000e+00 0.0000e+00 0.0000e+00 0.0000e+00 0.0000e+00 0.0000e+00 0.0000e+00 2.9915e-11 1.6939e-10 4.6754e-10 9.6194e-10 0.0000e+00 2.6680e-09 3.9389e-09 5.5267e-09 7.4601e-09 9.7684e-09 1.2482e-08 1.5631e-08 1.9251e-08 2.3374e-08 2.8038e-08 3.3283e-08 3.9150e-08 4.5682e-08 5.2927e-08 6.0936e-08 6.9760e-08 7.9456e-08 9.0081e-08 1.0170e-07 1.1436e-07 1.2814e-07 1.4310e-07 1.5928e-07 1.7675e-07 1.9554e-07 2.1569e-07 2.3720e-07 2.6004e-07 2.8415e-07 3.0942e-07 3.3567e-07 3.6261e-07 3.8987e-07 4.1694e-07 4.4314e-07 4.6762e-07 4.8931e-07 5.0698e-07 5.1916e-07 5.2428e-07 5.2072e-07 5.0699e-07 4.8198e-07 4.4522e-07 3.9725e-07 3.3991e-07 2.7645e-07 2.1139e-07 1.4996e-07 9.7069e-08 5.6173e-08 2.8331e-08 1.2065e-08 4.1694e-09 1.1124e-09 2.1517e-10 2.7861e-11 2.1816e-12 9.0708e-14 1.6938e-15 1.1434e-17 2.1031e-20 7.2736e-24 2.8973e-28 6.9208e-34 4.1287e-41 1.8789e-50 1.2899e-62 1.4266e-78 1.1212e-99 7.6513e-128 8.3611e-166 1.6000e-217 8.0359e-289 0.0000e+00 0.0000e+00 0.0000e+00 0.0000e+00 0.0000e+00 0.0000e+00 0.0000e+00 0.0000e+00 0.0000e+00 0.0000e+00 0.0000e+00 0.0000e+00 0.0000e+00 0.0000e+00 0.0000e+00 0.0000e+00 0.0000e+00 0.0000e+00 0.0000e+00 0.0000e+00 0.0000e+00
-4.7358e-11 -2.6816e-10 -7.4014e-10 -1.5228e-09 -2.6680e-09 2.2529e-07 -6.2356e-09 -8.7492e-09 -1.1810e-08 -1.5464e-08 -1.9759e-08 -2.4745e-08 -3.0475e-08 -3.7002e-08 -4.4387e-08 -5.2689e-08 -6.1976e-08 -7.2317e-08 -8.3788e-08 -9.6466e-08 -1.1044e-07 -1.2578e-07 -1.4260e-07 -1.6099e-07 -1.8104e-07 -2.0286e-07 -2.2653e-07 -2.5215e-07 -2.7981e-07 -3.0956e-07 -3.4145e-07 -3.7550e-07 -4.1166e-07 -4.4983e-07 -4.8984e-07 -5.3138e-07 -5.7404e-07 -6.1719e-07 -6.6004e-07 -7.0152e-07 -7.4026e-07 -7.7461e-07 -8.0258e-07 -8.2186e-07 -8.2996e-07 -8.2433e-07 -8.0260e-07 -7.6300e-07 -7.0481e-07 -6.2888e-07 -5.3810e-07 -4.3764e-07 -3.3465e-07 -2.3740e-07 -1.5367e-07 -8.8926e-08 -4.4850e-08 -1.9100e-08 -6.6004e-09 -1.7610e-09 -3.4063e-10 -4.4106e-11 -3.4537e-12 -1.4360e-13 -2.6814e-15 -1.8101e-17 -3.3295e-20 -1.1515e-23 -4.5870e-28 -1.0957e-33 -6.5369e-41 -2.9749e-50 -2.0425e-62 -2.2590e-78 -1.7757e-99 -1.2119e-127 -1.3245e-165 -2.5351e-217 -1.2736e-288 0.0000e+00 0.0000e+00 0.0000e+00 0.0000e+00 0.0000e+00 0.0000e+00 0.0000e+00 0.0000e+00 0.0000e+00 0.0000e+00 0.0000e+00 0.0000e+00 0.0000e+00 0.0000e+00 0.0000e+00 0.0000e+00 0.0000e+00 0.0000e+00 0.0000e+00 0.0000e+00 0.0000e+00 4.7358e-11 2.6816e-10 7.4014e-10 1.5228e-09 2.6680e-09 0.0000e+00 6.2356e-09 8.7492e-09 1.1810e-08 1.5464e-08 1.9759e-08 2.4745e-08 3.0475e-08 3.7002e-08 4.4387e-08 5.2689e-08 6.1976e-08 7.2317e-08 8.3788e-08 9.6466e-08 1.1044e-07 1.2578e-07 1.4260e-07 1.6099e-07 1.8104e-07 2.0286e-07 2.2653e-07 2.5215e-07 2.7981e-07 3.0956e-07 3.4145e-07 3.7550e-07 4.1166e-07 4.4983e-07 4.8984e-07 5.3138e-07 5.7404e-07 6.1719e-07 6.6004e-07 7.0152e-07 7.4026e-07 7.7461e-07 8.0257e-07 8.2186e-07 8.2996e-07 8.2433e-07 8.0260e-07 7.6300e-07 7.0481e-07 6.2888e-07 5.3810e-07 4.3764e-07 3.3465e-07 2.3739e-07 1.5367e-07 8.8925e-08 4.4850e-08 1.9099e-08 6.6004e-09 1.7610e-09 3.4063e-10 4.4105e-11 3.4536e-12 1.4360e-13 2.6813e-15 1.8100e-17 3.3293e-20 1.1515e-23 4.5866e-28 1.0956e-33 6.5359e-41 2.9744e-50 2.0420e-62 2.2583e-78 1.7750e-99 1.2113e-127 1.3236e-165 2.5329e-217 1.2721e-288 0.0000e+00 0.0000e+00 0.0000e+00 0.0000e+00 0.0000e+00 0.0000e+00 0.0000e+00 0.0000e+00 0.0000e+00 0.0000e+00 0.0000e+00 0.0000e+00 0.0000e+00 0.0000e+00 0.0000e+00 0.0000e+00 0.0000e+00 0.0000e+00 0.0000e+00 0.0000e+00 0.0000e+00
-6.9918e-11 -3.9590e-10 -1.0927e-09 -2.2482e-09 -3.9389e-09 -6.2356e-09 5.7170e-07 -1.2917e-08 -1.7436e-08 -2.2830e-08 -2.9172e-08 -3.6533e-08 -4.4992e-08 -5.4629e-08 -6.5531e-08 -7.7789e-08 -9.1500e-08 -1.0677e-07 -1.2370e-07 -1.4242e-07 -1.6304e-07 -1.8570e-07 -2.1054e-07 -2.3768e-07 -2.6729e-07 -2.9949e-07 -3.3444e-07 -3.7227e-07 -4.1310e-07 -4.5702e-07 -5.0411e-07 -5.5438e-07 -6.0776e-07 -6.6412e-07 -7.2318e-07 -7.8452e-07 -8.4749e-07 -9.1121e-07 -9.7447e-07 -1.0357e-06 -1.0929e-06 -1.1436e-06 -1.1849e-06 -1.2134e-06 -1.2253e-06 -1.2170e-06 -1.1849e-06 -1.1265e-06 -1.0406e-06 -9.2846e-07 -7.9444e-07 -6.4612e-07 -4.9407e-07 -3.5049e-07 -2.2687e-07 -1.3129e-07 -6.6216e-08 -2.8198e-08 -9.7449e-09 -2.6000e-09 -5.0291e-10 -6.5119e-11 -5.0991e-12 -2.1202e-13 -3.9590e-15 -2.6726e-17 -4.9160e-20 -1.7003e-23 -6.7731e-28 -1.6180e-33 -9.6530e-41 -4.3933e-50 -3.0165e-62 -3.3367e-78 -2.6231e-99 -1.7906e-127 -1.9574e-165 -3.7478e-217 -1.8837e-288 0.0000e+00 0.0000e+00 0.0000e+00 0.0000e+00 0.0000e+00 0.0000e+00 0.0000e+00 0.0000e+00 0.0000e+00 0.0000e+00 0.0000e+00 0.0000e+00 0.0000e+00 0.0000e+00 0.0000e+00 0.0000e+00 0.0000e+00 0.0000e+00 0.0000e+00 0.0000e+00 0.0000e+00 6.9918e-11 3.9590e-10 1.0927e-09 2.2482e-09 3.9389e-09 6.2356e-09 0.0000e+00 1.2917e-08 1.7436e-08 2.2830e-08 2.9172e-08 3.6533e-08 4.4992e-08 5.4629e-08 6.5531e-08 7.7789e-08 9.1500e-08 1.0677e-07 1.2370e-07 1.4242e-07 1.6304e-07 1.8570e-07 2.1054e-07 2.3768e-07 2.6729e-07 2.9949e-07 3.3444e-07 3.7227e-07 4.1310e-07 4.5702e-07 5.0411e-07 5.5438e-07 6.0776e-07 6.6412e-07 7.2318e-07 7.8452e-07 8.4749e-07 9.1121e-07 9.7447e-07 1.0357e-06 1.0929e-06 1.1436e-06 1.1849e-06 1.2134e-06 1.2253e-06 1.2170e-06 1.1849e-06 1.1265e-06 1.0406e-06 9.2845e-07 7.9443e-07 6.4611e-07 4.9406e-07 3.5048e-07 2.2687e-07 1.3129e-07 6.6215e-08 2.8198e-08 9.7446e-09 2.5999e-09 5.0289e-10 6.5115e-11 5.0988e-12 2.1200e-13 3.9586e-15 2.6723e-17 4.9153e-20 1.7000e-23 6.7715e-28 1.6175e-33 9.6495e-41 4.3913e-50 3.0147e-62 3.3341e-78 2.6205e-99 1.7883e-127 1.9541e-165 3.7395e-217 1.8781e-288 0.0000e+00 0.0000e+00 0.0000e+00 0.0000e+00 0.0000e+00 0.0000e+00 0.0000e+00 0.0000e+00 0.0000e+00 0.0000e+00 0.0000e+00 0.0000e+00 0.0000e+00 0.0000e+00 0.0000e+00 0.0000e+00 0.0000e+00 0.0000e+00 0.0000e+00 0.0000e+00 0.0000e+00
-9.8102e-11 -5.5549e-10 -1.5332e-09 -3.1545e-09 -5.5267e-09 -8.7492e-09 -1.2917e-08 1.2832e-06 -2.4464e-08 -3.2034e-08 -4.0931e-08 -5.1260e-08 -6.3129e-08 -7.6651e-08 -9.1947e-08 -1.0915e-07 -1.2838e-07 -1.4981e-07 -1.7357e-07 -1.9983e-07 -2.2877e-07 -2.6056e-07 -2.9541e-07 -3.3349e-07 -3.7503e-07 -4.2022e-07 -4.6926e-07 -5.2233e-07 -5.7962e-07 -6.4125e-07 -7.0732e-07 -7.7785e-07 -8.5276e-07 -9.3183e-07 -1.0147e-06 -1.1008e-06 -1.1891e-06 -1.2785e-06 -1.3673e-06 -1.4532e-06 -1.5335e-06 -1.6046e-06 -1.6625e-06 -1.7025e-06 -1.7193e-06 -1.7076e-06 -1.6626e-06 -1.5806e-06 -1.4600e-06 -1.3027e-06 -1.1147e-06 -9.0658e-07 -6.9324e-07 -4.9178e-07 -3.1833e-07 -1.8422e-07 -9.2911e-08 -3.9567e-08 -1.3674e-08 -3.6482e-09 -7.0568e-10 -9.1375e-11 -7.1552e-12 -2.9751e-13 -5.5556e-15 -3.7505e-17 -6.8990e-20 -2.3863e-23 -9.5062e-28 -2.2710e-33 -1.3551e-40 -6.1679e-50 -4.2357e-62 -4.6862e-78 -3.6850e-99 -2.5163e-127 -2.7522e-165 -5.2731e-217 -2.6528e-288 0.0000e+00 0.0000e+00 0.0000e+00 0.0000e+00 0.0000e+00 0.0000e+00 0.0000e+00 0.0000e+00 0.0000e+00 0.0000e+00 0.0000e+00 0.0000e+00 0.0000e+00 0.0000e+00 0.0000e+00 0.0000e+00 0.0000e+00 0.0000e+00 0.0000e+00 0.0000e+00 0.0000e+00 9.8102e-11 5.5549e-10 1.5332e-09 3.1545e-09 5.5267e-09 8.7492e-09 1.2917e-08 0.0000e+00 2.4464e-08 3.2034e-08 4.0931e-08 5.1260e-08 6.3129e-08 7.6651e-08 9.1947e-08 1.0915e-07 1.2838e-07 1.4981e-07 1.7357e-07 1.9983e-07 2.2877e-07 2.6056e-07 2.9541e-07 3.3349e-07 3.7503e-07 4.2022e-07 4.6926e-07 5.2233e-07 5.7962e-07 6.4125e-07 7.0732e-07 7.7785e-07 8.5276e-07 9.3183e-07 1.0147e-06 1.1008e-06 1.1891e-06 1.2785e-06 1.3673e-06 1.4532e-06 1.5335e-06 1.6046e-06 1.6625e-06 1.7025e-06 1.7193e-06 1.7076e-06 1.6626e-06 1.5806e-06 1.4600e-06 1.3027e-06 1.1147e-06 9.0656e-07 6.9323e-07 4.9177e-07 3.1832e-07 1.8421e-07 9.2907e-08 3.9564e-08 1.3673e-08 3.6479e-09 7.0561e-10 9.1364e-11 7.1542e-12 2.9746e-13 5.5544e-15 3.7495e-17 6.8967e-20 2.3852e-23 9.5012e-28 2.2695e-33 1.3539e-40 6.1614e-50 4.2300e-62 4.6782e-78 3.6769e-99 2.5091e-127 2.7419e-165 5.2469e-217 2.6352e-288 0.0000e+00 0.0000e+00 0.0000e+00 0.0000e+00 0.0000e+00 0.0000e+00 0.0000e+00 0.0000e+00 0.0000e+00 0.0000e+00 0.0000e+00 0.0000e+00 0.0000e+00 0.0000e+00 0.0000e+00 0.0000e+00 0.0000e+00 0.0000e+00 0.0000e+00 0.0000e+00 0.0000e+00
-1.3242e-10 -7.4981e-10 -2.0696e-09 -4.2580e-09 -7.4601e-09 -1.1810e-08 -1.7436e-08 -2.4464e-08 2.6230e-06 -4.3240e-08 -5.5250e-08 -6.9193e-08 -8.5213e-08 -1.0347e-07 -1.2411e-07 -1.4733e-07 -1.7330e-07 -2.0221e-07 -2.3428e-07 -2.6973e-07 -3.0880e-07 -3.5171e-07 -3.9875e-07 -4.5016e-07 -5.0623e-07 -5.6722e-07 -6.3341e-07 -7.0506e-07 -7.8239e-07 -8.6558e-07 -9.5476e-07 -1.0500e-06 -1.1511e-06 -1.2578e-06 -1.3697e-06 -1.4858e-06 -1.6051e-06 -1.7258e-06 -1.8456e-06 -1.9616e-06 -2.0699e-06 -2.1660e-06 -2.2442e-06 -2.2981e-06 -2.3207e-06 -2.3050e-06 -2.2442e-06 -2.1335e-06 -1.9708e-06 -1.7585e-06 -1.5047e-06 -1.2237e-06 -9.3577e-07 -6.6383e-07 -4.2971e-07 -2.4867e-07 -1.2542e-07 -5.3411e-08 -1.8458e-08 -4.9249e-09 -9.5264e-10 -1.2336e-10 -9.6598e-12 -4.0167e-13 -7.5009e-15 -5.0640e-17 -9.3158e-20 -3.2225e-23 -1.2839e-27 -3.0676e-33 -1.8307e-40 -8.3348e-50 -5.7254e-62 -6.3369e-78 -4.9856e-99 -3.4068e-127 -3.7296e-165 -7.1547e-217 -3.6057e-288 0.0000e+00 0.0000e+00 0.0000e+00 0.0000e+00 0.0000e+00 0.0000e+00 0.0000e+00 0.0000e+00 0.0000e+00 0.0000e+00 0.0000e+00 0.0000e+00 0.0000e+00 0.0000e+00 0.0000e+00 0.0000e+00 0.0000e+00 0.0000e+00 0.0000e+00 0.0000e+00 0.0000e+00 1.3242e-10 7.4981e-10 2.0696e-09 4.2580e-09 7.4601e-09 1.1810e-08 1.7436e-08 2.4464e-08 0.0000e+00 4.3240e-08 5.5250e-08 6.9193e-08 8.5213e-08 1.0347e-07 1.2411e-07 1.4733e-07 1.7330e-07 2.0221e-07 2.3428e-07 2.6973e-07 3.0880e-07 3.5171e-07 3.9875e-07 4.5016e-07 5.0623e-07 5.6722e-07 6.3341e-07 7.0506e-07 7.8239e-07 8.6558e-07 9.5476e-07 1.0500e-06 1.1511e-06 1.2578e-06 1.3697e-06 1.4858e-06 1.6051e-06 1.7258e-06 1.8456e-06 1.9616e-06 2.0699e-06 2.1660e-06 2.2441e-06 2.2981e-06 2.3207e-06 2.3050e-06 2.2442e-06 2.1335e-06 1.9708e-06 1.7584e-06 1.5046e-06 1.2237e-06 9.3573e-07 6.6380e-07 4.2968e-07 2.4865e-07 1.2541e-07 5.3405e-08 1.8456e-08 4.9241e-09 9.5245e-10 1.2333e-10 9.6569e-12 4.0152e-13 7.4975e-15 5.0611e-17 9.3093e-20 3.2197e-23 1.2825e-27 3.0635e-33 1.8276e-40 8.3169e-50 5.7098e-62 6.3147e-78 4.9632e-99 3.3869e-127 3.7011e-165 7.0824e-217 3.5571e-288 0.0000e+00 0.0000e+00 0.0000e+00 0.0000e+00 0.0000e+00 0.0000e+00 0.0000e+00 0.0000e+00 0.0000e+00 0.0000e+00 0.0000e+00 0.0000e+00 0.0000e+00 0.0000e+00 0.0000e+00 0.0000e+00 0.0000e+00 0.0000e+00 0.0000e+00 0.0000e+00 0.0000e+00
-1.7339e-10 -9.8181e-10 -2.7099e-09 -5.5755e-09 -9.7684e-09 -1.5464e-08 -2.2830e-08 -3.2034e-08 -4.3240e-08 4.9818e-06 -7.2345e-08 -9.0601e-08 -1.1158e-07 -1.3548e-07 -1.6251e-07 -1.9291e-07 -2.2692e-07 -2.6478e-07 -3.0677e-07 -3.5319e-07 -4.0434e-07 -4.6054e-07 -5.2212e-07 -5.8944e-07 -6.6286e-07 -7.4273e-07 -8.2940e-07 -9.2321e-07 -1.0245e-06 -1.1334e-06 -1.2502e-06 -1.3748e-06 -1.5072e-06 -1.6470e-06 -1.7935e-06 -1.9456e-06 -2.1017e-06 -2.2598e-06 -2.4167e-06 -2.5685e-06 -2.7104e-06 -2.8362e-06 -2.9385e-06 -3.0091e-06 -3.0388e-06 -3.0182e-06 -2.9387e-06 -2.7937e-06 -2.5806e-06 -2.3026e-06 -1.9703e-06 -1.6024e-06 -1.2254e-06 -8.6927e-07 -5.6270e-07 -3.2563e-07 -1.6424e-07 -6.9944e-08 -2.4173e-08 -6.4497e-09 -1.2476e-09 -1.6156e-10 -1.2652e-11 -5.2613e-13 -9.8258e-15 -6.6342e-17 -1.2206e-19 -4.2228e-23 -1.6828e-27 -4.0217e-33 -2.4008e-40 -1.0935e-49 -7.5154e-62 -8.3237e-78 -6.5548e-99 -4.4844e-127 -4.9173e-165 -9.4539e-217 -4.7787e-288 0.0000e+00 0.0000e+00 0.0000e+00 0.0000e+00 0.0000e+00 0.0000e+00 0.0000e+00 0.0000e+00 0.0000e+00 0.0000e+00 0.0000e+00 0.0000e+00 0.0000e+00 0.0000e+00 0.0000e+00 0.0000e+00 0.0000e+00 0.0000e+00 0.0000e+00 0.0000e+00 0.0000e+00 1.7339e-10 9.8181e-10 2.7099e-09 5.5755e-09 9.7684e-09 1.5464e-08 2.2830e-08 3.2034e-08 4.3240e-08 0.0000e+00 7.2345e-08 9.0601e-08 1.1158e-07 1.3548e-07 1.6251e-07 1.9291e-07 2.2692e-07 2.6478e-07 3.0677e-07 3.5319e-07 4.0434e-07 4.6054e-07 5.2212e-07 5.8944e-07 6.6286e-07 7.4273e-07 8.2940e-07 9.2321e-07 1.0245e-06 1.1334e-06 1.2502e-06 1.3748e-06 1.5072e-06 1.6470e-06 1.7935e-06 1.9456e-06 2.1017e-06 2.2598e-06 2.4166e-06 2.5685e-06 2.7104e-06 2.8361e-06 2.9385e-06 3.0091e-06 3.0388e-06 3.0181e-06 2.9386e-06 2.7936e-06 2.5805e-06 2.3025e-06 1.9702e-06 1.6023e-06 1.2253e-06 8.6918e-07 5.6263e-07 3.2559e-07 1.6421e-07 6.9929e-08 2.4166e-08 6.4476e-09 1.2471e-09 1.6148e-10 1.2645e-11 5.2575e-13 9.8173e-15 6.6271e-17 1.2190e-19 4.2159e-23 1.6793e-27 4.0114e-33 2.3930e-40 1.0890e-49 7.4764e-62 8.2685e-78 6.4988e-99 4.4348e-127 4.8462e-165 9.2737e-217 4.6577e-288 0.0000e+00 0.0000e+00 0.0000e+00 0.0000e+00 0.0000e+00 0.0000e+00 0.0000e+00 0.0000e+00 0.0000e+00 0.0000e+00 0.0000e+00 0.0000e+00 0.0000e+00 0.0000e+00 0.0000e+00 0.0000e+00 0.0000e+00 0.0000e+00 0.0000e+00 0.0000e+00 0.0000e+00
-2.2155e-10 -1.2545e-09 -3.4626e-09 -7.1241e-09 -1.2482e-08 -1.9759e-08 -2.9172e-08 -4.0931e-08 -5.5250e-08 -7.2345e-08 8.9167e-06 -1.1577e-07 -1.4257e-07 -1.7311e-07 -2.0765e-07 -2.4650e-07 -2.8994e-07 -3.3832e-07 -3.9198e-07 -4.5130e-07 -5.1665e-07 -5.8846e-07 -6.6715e-07 -7.5317e-07 -8.4697e-07 -9.4903e-07 -1.0598e-06 -1.1796e-06 -1.3090e-06 -1.4482e-06 -1.5974e-06 -1.7567e-06 -1.9259e-06 -2.1045e-06 -2.2916e-06 -2.4860e-06 -2.6855e-06 -2.8875e-06 -3.0879e-06 -3.2820e-06 -3.4632e-06 -3.6240e-06 -3.7548e-06 -3.8450e-06 -3.8829e-06 -3.8566e-06 -3.7550e-06 -3.5698e-06 -3.2976e-06 -2.9423e-06 -2.5177e-06 -2.0476e-06 -1.5658e-06 -1.1108e-06 -7.1906e-07 -4.1613e-07 -2.0989e-07 -8.9387e-08 -3.0893e-08 -8.2432e-09 -1.5947e-09 -2.0651e-10 -1.6174e-11 -6.7264e-13 -1.2564e-14 -8.4841e-17 -1.5612e-19 -5.4028e-23 -2.1536e-27 -5.1492e-33 -3.0754e-40 -1.4017e-49 -9.6423e-62 -1.0692e-77 -8.4320e-99 -5.7803e-127 -6.3553e-165 -1.2263e-216 -6.2291e-288 0.0000e+00 0.0000e+00 0.0000e+00 0.0000e+00 0.0000e+00 0.0000e+00 0.0000e+00 0.0000e+00 0.0000e+00 0.0000e+00 0.0000e+00 0.0000e+00 0.0000e+00 0.0000e+00 0.0000e+00 0.0000e+00 0.0000e+00 0.0000e+00 0.0000e+00 0.0000e+00 0.0000e+00 2.2155e-10 1.2545e-09 3.4626e-09 7.1241e-09 1.2482e-08 1.9759e-08 2.9172e-08 4.0931e-08 5.5250e-08 7.2345e-08 0.0000e+00 1.1577e-07 1.4257e-07 1.7311e-07 2.0765e-07 2.4650e-07 2.8994e-07 3.3832e-07 3.9198e-07 4.5130e-07 5.1665e-07 5.8846e-07 6.6715e-07 7.5317e-07 8.4697e-07 9.4903e-07 1.0598e-06 1.1796e-06 1.3090e-06 1.4482e-06 1.5974e-06 1.7567e-06 1.9259e-06 2.1045e-06 2.2916e-06 2.4860e-06 2.6855e-06 2.8874e-06 3.0879e-06 3.2819e-06 3.4632e-06 3.6239e-06 3.7547e-06 3.8449e-06 3.8828e-06 3.8564e-06 3.7548e-06 3.5696e-06 3.2973e-06 2.9421e-06 2.5174e-06 2.0474e-06 1.5656e-06 1.1106e-06 7.1890e-07 4.1602e-07 2.0982e-07 8.9353e-08 3.0879e-08 8.2385e-09 1.5936e-09 2.0634e-10 1.6157e-11 6.7179e-13 1.2544e-14 8.4679e-17 1.5575e-19 5.3869e-23 2.1457e-27 5.1256e-33 3.0577e-40 1.3915e-49 9.5531e-62 1.0565e-77 8.3039e-99 5.6666e-127 6.1922e-165 1.1849e-216 5.9513e-288 0.0000e+00 0.0000e+00 0.0000e+00 0.0000e+00 0.0000e+00 0.0000e+00 0.0000e+00 0.0000e+00 0.0000e+00 0.0000e+00 0.0000e+00 0.0000e+00 0.0000e+00 0.0000e+00 0.0000e+00 0.0000e+00 0.0000e+00 0.0000e+00 0.0000e+00 0.0000e+00 0.0000e+00
-2.7746e-10 -1.5711e-09 -4.3364e-09 -8.9219e-09 -1.5631e-08 -2.4745e-08 -3.6533e-08 -5.1260e-08 -6.9193e-08 -9.0601e-08 -1.1577e-07 1.5200e-05 -1.7855e-07 -2.1679e-07 -2.6006e-07 -3.0870e-07 -3.6311e-07 -4.2370e-07 -4.9090e-07 -5.6518e-07 -6.4703e-07 -7.3695e-07 -8.3550e-07 -9.4323e-07 -1.0607e-06 -1.1885e-06 -1.3272e-06 -1.4773e-06 -1.6394e-06 -1.8137e-06 -2.0005e-06 -2.2000e-06 -2.4119e-06 -2.6355e-06 -2.8699e-06 -3.1133e-06 -3.3633e-06 -3.6161e-06 -3.8672e-06 -4.1102e-06 -4.3372e-06 -4.5385e-06 -4.7024e-06 -4.8154e-06 -4.8629e-06 -4.8300e-06 -4.7027e-06 -4.4708e-06 -4.1299e-06 -3.6851e-06 -3.1532e-06 -2.5646e-06 -1.9612e-06 -1.3913e-06 -9.0065e-07 -5.2124e-07 -2.6291e-07 -1.1197e-07 -3.8702e-08 -1.0328e-08 -1.9981e-09 -2.5878e-10 -2.0270e-11 -8.4313e-13 -1.5751e-14 -1.0639e-16 -1.9585e-19 -6.7802e-23 -2.7041e-27 -6.4694e-33 -3.8672e-40 -1.7645e-49 -1.2154e-61 -1.3501e-77 -1.0673e-98 -7.3398e-127 -8.1038e-165 -1.5725e-216 -8.0490e-288 0.0000e+00 0.0000e+00 0.0000e+00 0.0000e+00 0.0000e+00 0.0000e+00 0.0000e+00 0.0000e+00 0.0000e+00 0.0000e+00 0.0000e+00 0.0000e+00 0.0000e+00 0.0000e+00 0.0000e+00 0.0000e+00 0.0000e+00 0.0000e+00 0.0000e+00 0.0000e+00 0.0000e+00 2.7746e-10 1.5711e-09 4.3364e-09 8.9219e-09 1.5631e-08 2.4745e-08 3.6533e-08 5.1260e-08 6.9193e-08 9.0601e-08 1.1577e-07 0.0000e+00 1.7855e-07 2.1679e-07 2.6006e-07 3.0870e-07 3.6311e-07 4.2370e-07 4.9090e-07 5.6518e-07 6.4703e-07 7.3695e-07 8.3550e-07 9.4323e-07 1.0607e-06 1.1885e-06 1.3272e-06 1.4773e-06 1.6394e-06 1.8137e-06 2.0005e-06 2.2000e-06 2.4119e-06 2.6355e-06 2.8699e-06 3.1133e-06 3.3632e-06 3.6161e-06 3.8671e-06 4.1101e-06 4.3371e-06 4.5384e-06 4.7022e-06 4.8152e-06 4.8626e-06 4.8296e-06 4.7023e-06 4.4703e-06 4.1294e-06 3.6845e-06 3.1527e-06 2.5641e-06 1.9607e-06 1.3909e-06 9.0032e-07 5.2100e-07 2.6277e-07 1.1190e-07 3.8671e-08 1.0318e-08 1.9957e-09 2.5841e-10 2.0234e-11 8.4131e-13 1.5710e-14 1.0605e-16 1.9506e-19 6.7462e-23 2.6872e-27 6.4190e-33 3.8293e-40 1.7426e-49 1.1964e-61 1.3231e-77 1.0399e-98 7.0965e-127 7.7547e-165 1.4839e-216 7.4528e-288 0.0000e+00 0.0000e+00 0.0000e+00 0.0000e+00 0.0000e+00 0.0000e+00 0.0000e+00 0.0000e+00 0.0000e+00 0.0000e+00 0.0000e+00 0.0000e+00 0.0000e+00 0.0000e+00 0.0000e+00 0.0000e+00 0.0000e+00 0.0000e+00 0.0000e+00 0.0000e+00 0.0000e+00
-3.4171e-10 -1.9349e-09 -5.3404e-09 -1.0988e-08 -1.9251e-08 -3.0475e-08 -4.4992e-08 -6.3129e-08 -8.5213e-08 -1.1158e-07 -1.4257e-07 -1.7855e-07 2.4875e-05 -2.6699e-07 -3.2027e-07 -3.8017e-07 -4.4718e-07 -5.2180e-07 -6.0456e-07 -6.9604e-07 -7.9683e-07 -9.0758e-07 -1.0289e-06 -1.1616e-06 -1.3063e-06 -1.4637e-06 -1.6345e-06 -1.8194e-06 -2.0189e-06 -2.2336e-06 -2.4637e-06 -2.7094e-06 -2.9703e-06 -3.2458e-06 -3.5344e-06 -3.8342e-06 -4.1420e-06 -4.4534e-06 -4.7626e-06 -5.0619e-06 -5.3415e-06 -5.5895e-06 -5.7913e-06 -5.9305e-06 -5.9891e-06 -5.9485e-06 -5.7919e-06 -5.5063e-06 -5.0865e-06 -4.5387e-06 -3.8837e-06 -3.1588e-06 -2.4156e-06 -1.7138e-06 -1.1094e-06 -6.4211e-07 -3.2390e-07 -1.3796e-07 -4.7687e-08 -1.2727e-08 -2.4625e-09 -3.1899e-10 -2.4991e-11 -1.0398e-12 -1.9431e-14 -1.3130e-16 -2.4182e-19 -8.3767e-23 -3.3434e-27 -8.0069e-33 -4.7923e-40 -2.1901e-49 -1.5119e-61 -1.6840e-77 -1.3361e-98 -9.2316e-127 -1.0257e-164 -2.0070e-216 -1.0389e-287 0.0000e+00 0.0000e+00 0.0000e+00 0.0000e+00 0.0000e+00 0.0000e+00 0.0000e+00 0.0000e+00 0.0000e+00 0.0000e+00 0.0000e+00 0.0000e+00 0.0000e+00 0.0000e+00 0.0000e+00 0.0000e+00 0.0000e+00 0.0000e+00 0.0000e+00 0.0000e+00 0.0000e+00 3.4171e-10 1.9349e-09 5.3404e-09 1.0988e-08 1.9251e-08 3.0475e-08 4.4992e-08 6.3129e-08 8.5213e-08 1.1158e-07 1.4257e-07 1.7855e-07 0.0000e+00 2.6699e-07 3.2027e-07 3.8017e-07 4.4718e-07 5.2180e-07 6.0456e-07 6.9604e-07 7.9683e-07 9.0758e-07 1.0289e-06 1.1616e-06 1.3063e-06 1.4637e-06 1.6345e-06 1.8194e-06 2.0189e-06 2.2336e-06 2.4637e-06 2.7094e-06 2.9703e-06 3.2457e-06 3.5344e-06 3.8341e-06 4.1419e-06 4.4533e-06 4.7625e-06 5.0617e-06 5.3413e-06 5.5892e-06 5.7909e-06 5.9300e-06 5.9885e-06 5.9478e-06 5.7911e-06 5.5054e-06 5.0855e-06 4.5376e-06 3.8826e-06 3.1577e-06 2.4146e-06 1.7129e-06 1.1088e-06 6.4163e-07 3.2361e-07 1.3781e-07 4.7624e-08 1.2706e-08 2.4578e-09 3.1824e-10 2.4919e-11 1.0361e-12 1.9347e-14 1.3060e-16 2.4022e-19 8.3082e-23 3.3094e-27 7.9052e-33 4.7159e-40 2.1461e-49 1.4734e-61 1.6295e-77 1.2807e-98 8.7394e-127 9.5499e-165 1.8274e-216 9.1773e-288 0.0000e+00 0.0000e+00 0.0000e+00 0.0000e+00 0.0000e+00 0.0000e+00 0.0000e+00 0.0000e+00 0.0000e+00 0.0000e+00 0.0000e+00 0.0000e+00 0.0000e+00 0.0000e+00 0.0000e+00 0.0000e+00 0.0000e+00 0.0000e+00 0.0000e+00 0.0000e+00 0.0000e+00
-4.1490e-10 -2.3493e-09 -6.4843e-09 -1.3341e-08 -2.3374e-08 -3.7002e-08 -5.4629e-08 -7.6651e-08 -1.0347e-07 -1.3548e-07 -1.7311e-07 -2.1679e-07 -2.6699e-07 3.9324e-05 -3.8887e-07 -4.6161e-07 -5.4297e-07 -6.3357e-07 -7.3406e-07 -8.4513e-07 -9.6751e-07 -1.1020e-06 -1.2493e-06 -1.4104e-06 -1.5861e-06 -1.7772e-06 -1.9846e-06 -2.2091e-06 -2.4514e-06 -2.7120e-06 -2.9915e-06 -3.2898e-06 -3.6066e-06 -3.9410e-06 -4.2915e-06 -4.6555e-06 -5.0292e-06 -5.4074e-06 -5.7829e-06 -6.1463e-06 -6.4858e-06 -6.7869e-06 -7.0320e-06 -7.2011e-06 -7.2723e-06 -7.2232e-06 -7.0330e-06 -6.6863e-06 -6.1767e-06 -5.5116e-06 -4.7164e-06 -3.8362e-06 -2.9338e-06 -2.0815e-06 -1.3476e-06 -7.7998e-07 -3.9348e-07 -1.6761e-07 -5.7945e-08 -1.5467e-08 -2.9934e-09 -3.8785e-10 -3.0395e-11 -1.2651e-12 -2.3653e-14 -1.5992e-16 -2.9474e-19 -1.0219e-22 -4.0836e-27 -9.7940e-33 -5.8729e-40 -2.6904e-49 -1.8630e-61 -2.0835e-77 -1.6617e-98 -1.1561e-126 -1.2961e-164 -2.5665e-216 -1.3495e-287 0.0000e+00 0.0000e+00 0.0000e+00 0.0000e+00 0.0000e+00 0.0000e+00 0.0000e+00 0.0000e+00 0.0000e+00 0.0000e+00 0.0000e+00 0.0000e+00 0.0000e+00 0.0000e+00 0.0000e+00 0.0000e+00 0.0000e+00 0.0000e+00 0.0000e+00 0.0000e+00 0.0000e+00 4.1490e-10 2.3493e-09 6.4843e-09 1.3341e-08 2.3374e-08 3.7002e-08 5.4629e-08 7.6651e-08 1.0347e-07 1.3548e-07 1.7311e-07 2.1679e-07 2.6699e-07 0.0000e+00 3.8887e-07 4.6161e-07 5.4297e-07 6.3357e-07 7.3406e-07 8.4513e-07 9.6751e-07 1.1020e-06 1.2493e-06 1.4104e-06 1.5861e-06 1.7772e-06 1.9846e-06 2.2091e-06 2.4514e-06 2.7120e-06 2.9914e-06 3.2897e-06 3.6065e-06 3.9410e-06 4.2914e-06 4.6554e-06 5.0291e-06 5.4072e-06 5.7826e-06 6.1459e-06 6.4854e-06 6.7863e-06 7.0313e-06 7.2002e-06 7.2712e-06 7.2219e-06 7.0315e-06 6.6846e-06 6.1748e-06 5.5095e-06 4.7142e-06 3.8341e-06 2.9318e-06 2.0798e-06 1.3463e-06 7.7907e-07 3.9293e-07 1.6733e-07 5.7825e-08 1.5428e-08 2.9842e-09 3.8640e-10 3.0257e-11 1.2580e-12 2.3491e-14 1.5857e-16 2.9168e-19 1.0088e-22 4.0183e-27 9.5984e-33 5.7260e-40 2.6058e-49 1.7889e-61 1.9784e-77 1.5550e-98 1.0611e-126 1.1594e-164 2.2185e-216 1.1140e-287 0.0000e+00 0.0000e+00 0.0000e+00 0.0000e+00 0.0000e+00 0.0000e+00 0.0000e+00 0.0000e+00 0.0000e+00 0.0000e+00 0.0000e+00 0.0000e+00 0.0000e+00 0.0000e+00 0.0000e+00 0.0000e+00 0.0000e+00 0.0000e+00 0.0000e+00 0.0000e+00 0.0000e+00
-4.9769e-10 -2.8181e-09 -7.7783e-09 -1.6004e-08 -2.8038e-08 -4.4387e-08 -6.5531e-08 -9.1947e-08 -1.2411e-07 -1.6251e-07 -2.0765e-07 -2.6006e-07 -3.2027e-07 -3.8887e-07 6.0351e-05 -5.5372e-07 -6.5132e-07 -7.6000e-07 -8.8054e-07 -1.0138e-06 -1.1606e-06 -1.3219e-06 -1.4987e-06 -1.6919e-06 -1.9026e-06 -2.1319e-06 -2.3807e-06 -2.6499e-06 -2.9406e-06 -3.2533e-06 -3.5885e-06 -3.9463e-06 -4.3263e-06 -4.7275e-06 -5.1480e-06 -5.5847e-06 -6.0330e-06 -6.4866e-06 -6.9371e-06 -7.3731e-06 -7.7804e-06 -8.1417e-06 -8.4358e-06 -8.6387e-06 -8.7243e-06 -8.6654e-06 -8.4375e-06 -8.0218e-06 -7.4106e-06 -6.6129e-06 -5.6590e-06 -4.6031e-06 -3.5205e-06 -2.4979e-06 -1.6173e-06 -9.3622e-07 -4.7236e-07 -2.0125e-07 -6.9586e-08 -1.8578e-08 -3.5966e-09 -4.6617e-10 -3.6550e-11 -1.5221e-12 -2.8477e-14 -1.9270e-16 -3.5553e-19 -1.2343e-22 -4.9406e-27 -1.1874e-32 -7.1397e-40 -3.2820e-49 -2.2827e-61 -2.5675e-77 -2.0629e-98 -1.4489e-126 -1.6447e-164 -3.3097e-216 -1.7770e-287 0.0000e+00 0.0000e+00 0.0000e+00 0.0000e+00 0.0000e+00 0.0000e+00 0.0000e+00 0.0000e+00 0.0000e+00 0.0000e+00 0.0000e+00 0.0000e+00 0.0000e+00 0.0000e+00 0.0000e+00 0.0000e+00 0.0000e+00 0.0000e+00 0.0000e+00 0.0000e+00 0.0000e+00 4.9769e-10 2.8181e-09 7.7783e-09 1.6004e-08 2.8038e-08 4.4387e-08 6.5531e-08 9.1947e-08 1.2411e-07 1.6251e-07 2.0765e-07 2.6006e-07 3.2027e-07 3.8887e-07 0.0000e+00 5.5372e-07 6.5132e-07 7.6000e-07 8.8054e-07 1.0138e-06 1.1606e-06 1.3219e-06 1.4987e-06 1.6919e-06 1.9026e-06 2.1319e-06 2.3806e-06 2.6499e-06 2.9406e-06 3.2532e-06 3.5884e-06 3.9462e-06 4.3262e-06 4.7274e-06 5.1478e-06 5.5844e-06 6.0327e-06 6.4863e-06 6.9366e-06 7.3724e-06 7.7796e-06 8.1406e-06 8.4345e-06 8.6371e-06 8.7223e-06 8.6630e-06 8.4347e-06 8.0186e-06 7.4070e-06 6.6090e-06 5.6550e-06 4.5992e-06 3.5169e-06 2.4948e-06 1.6149e-06 9.3454e-07 4.7134e-07 2.0072e-07 6.9365e-08 1.8507e-08 3.5797e-09 4.6351e-10 3.6295e-11 1.5091e-12 2.8179e-14 1.9022e-16 3.4988e-19 1.2101e-22 4.8201e-27 1.1514e-32 6.8687e-40 3.1258e-49 2.1459e-61 2.3732e-77 1.8652e-98 1.2727e-126 1.3906e-164 2.6603e-216 1.3355e-287 0.0000e+00 0.0000e+00 0.0000e+00 0.0000e+00 0.0000e+00 0.0000e+00 0.0000e+00 0.0000e+00 0.0000e+00 0.0000e+00 0.0000e+00 0.0000e+00 0.0000e+00 0.0000e+00 0.0000e+00 0.0000e+00 0.0000e+00 0.0000e+00 0.0000e+00 0.0000e+00 0.0000e+00
-5.9079e-10 -3.3452e-09 -9.2333e-09 -1.8997e-08 -3.3283e-08 -5.2689e-08 -7.7789e-08 -1.0915e-07 -1.4733e-07 -1.9291e-07 -2.4650e-07 -3.0870e-07 -3.8017e-07 -4.6161e-07 -5.5372e-07 9.0271e-05 -7.7315e-07 -9.0216e-07 -1.0453e-06 -1.2034e-06 -1.3777e-06 -1.5692e-06 -1.7790e-06 -2.0084e-06 -2.2585e-06 -2.5307e-06 -2.8260e-06 -3.1456e-06 -3.4906e-06 -3.8618e-06 -4.2597e-06 -4.6845e-06 -5.1356e-06 -5.6119e-06 -6.1110e-06 -6.6294e-06 -7.1616e-06 -7.7002e-06 -8.2349e-06 -8.7526e-06 -9.2363e-06 -9.6652e-06 -1.0014e-05 -1.0256e-05 -1.0357e-05 -1.0288e-05 -1.0017e-05 -9.5242e-06 -8.7989e-06 -7.8521e-06 -6.7199e-06 -5.4664e-06 -4.1811e-06 -2.9670e-06 -1.9213e-06 -1.1123e-06 -5.6132e-07 -2.3920e-07 -8.2732e-08 -2.2096e-08 -4.2793e-09 -5.5494e-10 -4.3536e-11 -1.8144e-12 -3.3979e-14 -2.3021e-16 -4.2536e-19 -1.4795e-22 -5.9360e-27 -1.4309e-32 -8.6361e-40 -3.9889e-49 -2.7914e-61 -3.1642e-77 -2.5678e-98 -1.8268e-126 -2.1078e-164 -4.3309e-216 -2.3873e-287 0.0000e+00 0.0000e+00 0.0000e+00 0.0000e+00 0.0000e+00 0.0000e+00 0.0000e+00 0.0000e+00 0.0000e+00 0.0000e+00 0.0000e+00 0.0000e+00 0.0000e+00 0.0000e+00 0.0000e+00 0.0000e+00 0.0000e+00 0.0000e+00 0.0000e+00 0.0000e+00 0.0000e+00 5.9079e-10 3.3452e-09 9.2333e-09 1.8997e-08 3.3283e-08 5.2689e-08 7.7789e-08 1.0915e-07 1.4733e-07 1.9291e-07 2.4650e-07 3.0870e-07 3.8017e-07 4.6161e-07 5.5372e-07 0.0000e+00 7.7315e-07 9.0216e-07 1.0453e-06 1.2034e-06 1.3777e-06 1.5692e-06 1.7790e-06 2.0084e-06 2.2585e-06 2.5306e-06 2.8260e-06 3.1456e-06 3.4906e-06 3.8618e-06 4.2596e-06 4.6844e-06 5.1355e-06 5.6117e-06 6.1108e-06 6.6290e-06 7.1611e-06 7.6995e-06 8.2341e-06 8.7515e-06 9.2348e-06 9.6633e-06 1.0012e-05 1.0253e-05 1.0354e-05 1.0283e-05 1.0012e-05 9.5185e-06 8.7925e-06 7.8453e-06 6.7128e-06 5.4595e-06 4.1747e-06 2.9615e-06 1.9170e-06 1.1093e-06 5.5950e-07 2.3827e-07 8.2340e-08 2.1969e-08 4.2493e-09 5.5021e-10 4.3084e-11 1.7914e-12 3.3450e-14 2.2580e-16 4.1533e-19 1.4364e-22 5.7217e-27 1.3667e-32 8.1533e-40 3.7103e-49 2.5472e-61 2.8168e-77 2.2137e-98 1.5104e-126 1.6500e-164 3.1556e-216 1.5832e-287 0.0000e+00 0.0000e+00 0.0000e+00 0.0000e+00 0.0000e+00 0.0000e+00 0.0000e+00 0.0000e+00 0.0000e+00 0.0000e+00 0.0000e+00 0.0000e+00 0.0000e+00 0.0000e+00 0.0000e+00 0.0000e+00 0.0000e+00 0.0000e+00 0.0000e+00 0.0000e+00 0.0000e+00
-6.9492e-10 -3.9349e-09 -1.0861e-08 -2.2345e-08 -3.9150e-08 -6.1976e-08 -9.1500e-08 -1.2838e-07 -1.7330e-07 -2.2692e-07 -2.8994e-07 -3.6311e-07 -4.4718e-07 -5.4297e-07 -6.5132e-07 -7.7315e-07 1.3203e-04 -1.0612e-06 -1.2295e-06 -1.4155e-06 -1.6205e-06 -1.8457e-06 -2.0926e-06 -2.3624e-06 -2.6566e-06 -2.9767e-06 -3.3241e-06 -3.7001e-06 -4.1059e-06 -4.5425e-06 -5.0106e-06 -5.5102e-06 -6.0409e-06 -6.6012e-06 -7.1883e-06 -7.7981e-06 -8.4242e-06 -9.0578e-06 -9.6869e-06 -1.0296e-05 -1.0865e-05 -1.1370e-05 -1.1781e-05 -1.2065e-05 -1.2185e-05 -1.2103e-05 -1.1786e-05 -1.1206e-05 -1.0353e-05 -9.2398e-06 -7.9081e-06 -6.4337e-06 -4.9215e-06 -3.4929e-06 -2.2622e-06 -1.3100e-06 -6.6125e-07 -2.8187e-07 -9.7529e-08 -2.6060e-08 -5.0498e-09 -6.5533e-10 -5.1457e-11 -2.1468e-12 -4.0257e-14 -2.7319e-16 -5.0582e-19 -1.7639e-22 -7.0998e-27 -1.7184e-32 -1.0424e-39 -4.8461e-49 -3.4190e-61 -3.9159e-77 -3.2197e-98 -2.3286e-126 -2.7429e-164 -5.7825e-216 -3.2902e-287 0.0000e+00 0.0000e+00 0.0000e+00 0.0000e+00 0.0000e+00 0.0000e+00 0.0000e+00 0.0000e+00 0.0000e+00 0.0000e+00 0.0000e+00 0.0000e+00 0.0000e+00 0.0000e+00 0.0000e+00 0.0000e+00 0.0000e+00 0.0000e+00 0.0000e+00 0.0000e+00 0.0000e+00 6.9492e-10 3.9349e-09 1.0861e-08 2.2345e-08 3.9150e-08 6.1976e-08 9.1500e-08 1.2838e-07 1.7330e-07 2.2692e-07 2.8994e-07 3.6311e-07 4.4718e-07 5.4297e-07 6.5132e-07 7.7315e-07 0.0000e+00 1.0612e-06 1.2295e-06 1.4155e-06 1.6205e-06 1.8457e-06 2.0926e-06 2.3624e-06 2.6566e-06 2.9767e-06 3.3241e-06 3.7000e-06 4.1058e-06 4.5424e-06 5.0104e-06 5.5100e-06 6.0406e-06 6.6008e-06 7.1878e-06 7.7974e-06 8.4233e-06 9.0566e-06 9.6854e-06 1.0294e-05 1.0863e-05 1.1367e-05 1.1777e-05 1.2060e-05 1.2179e-05 1.2096e-05 1.1777e-05 1.1196e-05 1.0342e-05 9.2280e-06 7.8960e-06 6.4218e-06 4.9106e-06 3.4835e-06 2.2549e-06 1.3049e-06 6.5812e-07 2.8026e-07 9.6853e-08 2.5841e-08 4.9983e-09 6.4719e-10 5.0678e-11 2.1071e-12 3.9345e-14 2.6560e-16 4.8853e-19 1.6896e-22 6.7301e-27 1.6076e-32 9.5900e-40 4.3640e-49 2.9958e-61 3.3128e-77 2.6031e-98 1.7757e-126 1.9391e-164 3.7062e-216 1.8571e-287 0.0000e+00 0.0000e+00 0.0000e+00 0.0000e+00 0.0000e+00 0.0000e+00 0.0000e+00 0.0000e+00 0.0000e+00 0.0000e+00 0.0000e+00 0.0000e+00 0.0000e+00 0.0000e+00 0.0000e+00 0.0000e+00 0.0000e+00 0.0000e+00 0.0000e+00 0.0000e+00 0.0000e+00
