4.7193e-12 -9.0203e-12 -2.4897e-11 -5.1224e-11 -8.9746e-11 -1.4207e-10 -2.0975e-10 -2.9431e-10 -3.9726e-10 -5.2018e-10 -6.6466e-10 -8.3239e-10 -1.0251e-09 -1.2447e-09 -1.4931e-09 -1.7724e-09 -2.0848e-09 -2.4326e-09 -2.8185e-09 -3.2449e-09 -3.7148e-09 -4.2311e-09 -4.7969e-09 -5.4155e-09 -6.0899e-09 -6.8237e-09 -7.6200e-09 -8.4819e-09 -9.4122e-09 -1.0413e-08 -1.1486e-08 -1.2631e-08 -1.3847e-08 -1.5132e-08 -1.6477e-08 -1.7875e-08 -1.9310e-08 -2.0761e-08 -2.2203e-08 -2.3598e-08 -2.4901e-08 -2.6057e-08 -2.6997e-08 -2.7646e-08 -2.7918e-08 -2.7729e-08 -2.6998e-08 -2.5666e-08 -2.3708e-08 -2.1154e-08 -1.8101e-08 -1.4721e-08 -1.1257e-08 -7.9855e-09 -5.1691e-09 -2.9913e-09 -1.5087e-09 -6.4247e-10 -2.2202e-10 -5.9237e-11 -1.1458e-11 -1.4836e-12 -1.1617e-13 -4.8303e-15 -9.0195e-17 -6.0886e-19 -1.1199e-21 -3.8733e-25 -1.5428e-29 -3.6854e-35 -2.1986e-42 -1.0005e-51 -6.8689e-64 -7.5966e-80 -5.9707e-101 -4.0744e-129 -4.4524e-167 -8.5202e-219 -4.2792e-290 -0.0000e+00 -0.0000e+00 -0.0000e+00 -0.0000e+00 -0.0000e+00 -0.0000e+00 -0.0000e+00 -0.0000e+00 -0.0000e+00 -0.0000e+00 -0.0000e+00 -0.0000e+00 -0.0000e+00 -0.0000e+00 -0.0000e+00 -0.0000e+00 -0.0000e+00 -0.0000e+00 -0.0000e+00 -0.0000e+00 -0.0000e+00 0.0000e+00 -9.0203e-12 -2.4897e-11 -5.1224e-11 -8.9746e-11 -1.4207e-10 -2.0975e-10 -2.9431e-10 -3.9726e-10 -5.2018e-10 -6.6466e-10 -8.3239e-10 -1.0251e-09 -1.2447e-09 -1.4931e-09 -1.7724e-09 -2.0848e-09 -2.4326e-09 -2.8185e-09 -3.2449e-09 -3.7148e-09 -4.2311e-09 -4.7969e-09 -5.4155e-09 -6.0899e-09 -6.8237e-09 -7.6200e-09 -8.4819e-09 -9.4122e-09 -1.0413e-08 -1.1486e-08 -1.2631e-08 -1.3847e-08 -1.5132e-08 -1.6477e-08 -1.7875e-08 -1.9310e-08 -2.0761e-08 -2.2203e-08 -2.3598e-08 -2.4901e-08 -2.6057e-08 -2.6997e-08 -2.7646e-08 -2.7918e-08 -2.7729e-08 -2.6998e-08 -2.5666e-08 -2.3708e-08 -2.1154e-08 -1.8101e-08 -1.4721e-08 -1.1257e-08 -7.9855e-09 -5.1691e-09 -2.9913e-09 -1.5087e-09 -6.4247e-10 -2.2202e-10 -5.9237e-11 -1.1458e-11 -1.4836e-12 -1.1617e-13 -4.8303e-15 -9.0195e-17 -6.0886e-19 -1.1199e-21 -3.8733e-25 -1.5428e-29 -3.6854e-35 -2.1986e-42 -1.0005e-51 -6.8689e-64 -7.5966e-80 -5.9707e-101 -4.0744e-129 -4.4524e-167 -8.5202e-219 -4.2792e-290 -0.0000e+00 -0.0000e+00 -0.0000e+00 -0.0000e+00 -0.0000e+00 -0.0000e+00 -0.0000e+00 -0.0000e+00 -0.0000e+00 -0.0000e+00 -0.0000e+00 -0.0000e+00 -0.0000e+00 -0.0000e+00 -0.0000e+00 -0.0000e+00 -0.0000e+00 -0.0000e+00 -0.0000e+00 -0.0000e+00 -0.0000e+00
-9.0203e-12 1.9789e-09 -1.4098e-10 -2.9005e-10 -5.0817e-10 -8.0447e-10 -1.1877e-09 -1.6665e-09 -2.2494e-09 -2.9454e-09 -3.7635e-09 -4.7133e-09 -5.8046e-09 -7.0479e-09 -8.4543e-09 -1.0036e-08 -1.1805e-08 -1.3774e-08 -1.5959e-08 -1.8374e-08 -2.1035e-08 -2.3958e-08 -2.7162e-08 -3.0664e-08 -3.4483e-08 -3.8638e-08 -4.3147e-08 -4.8027e-08 -5.3295e-08 -5.8962e-08 -6.5037e-08 -7.1521e-08 -7.8409e-08 -8.5680e-08 -9.3300e-08 -1.0121e-07 -1.0934e-07 -1.1756e-07 -1.2572e-07 -1.3362e-07 -1.4100e-07 -1.4754e-07 -1.5287e-07 -1.5654e-07 -1.5808e-07 -1.5701e-07 -1.5287e-07 -1.4533e-07 -1.3425e-07 -1.1978e-07 -1.0249e-07 -8.3357e-08 -6.3740e-08 -4.5217e-08 -2.9269e-08 -1.6938e-08 -8.5426e-09 -3.6379e-09 -1.2572e-09 -3.3542e-10 -6.4879e-11 -8.4007e-12 -6.5781e-13 -2.7351e-14 -5.1071e-16 -3.4476e-18 -6.3413e-21 -2.1932e-24 -8.7361e-29 -2.0868e-34 -1.2449e-41 -5.6653e-51 -3.8894e-63 -4.3015e-79 -3.3808e-100 -2.3071e-128 -2.5211e-166 -4.8244e-218 -2.4230e-289 -0.0000e+00 -0.0000e+00 -0.0000e+00 -0.0000e+00 -0.0000e+00 -0.0000e+00 -0.0000e+00 -0.0000e+00 -0.0000e+00 -0.0000e+00 -0.0000e+00 -0.0000e+00 -0.0000e+00 -0.0000e+00 -0.0000e+00 -0.0000e+00 -0.0000e+00 -0.0000e+00 -0.0000e+00 -0.0000e+00 -0.0000e+00 -9.0203e-12 0.0000e+00 -1.4098e-10 -2.9005e-10 -5.0817e-10 -8.0447e-10 -1.1877e-09 -1.6665e-09 -2.2494e-09 -2.9454e-09 -3.7635e-09 -4.7133e-09 -5.8046e-09 -7.0479e-09 -8.4543e-09 -1.0036e-08 -1.1805e-08 -1.3774e-08 -1.5959e-08 -1.8374e-08 -2.1035e-08 -2.3958e-08 -2.7162e-08 -3.0664e-08 -3.4483e-08 -3.8638e-08 -4.3147e-08 -4.8027e-08 -5.3295e-08 -5.8962e-08 -6.5037e-08 -7.1521e-08 -7.8409e-08 -8.5680e-08 -9.3300e-08 -1.0121e-07 -1.0934e-07 -1.1756e-07 -1.2572e-07 -1.3362e-07 -1.4100e-07 -1.4754e-07 -1.5287e-07 -1.5654e-07 -1.5808e-07 -1.5701e-07 -1.5287e-07 -1.4533e-07 -1.3425e-07 -1.1978e-07 -1.0249e-07 -8.3357e-08 -6.3740e-08 -4.5217e-08 -2.9269e-08 -1.6938e-08 -8.5426e-09 -3.6379e-09 -1.2572e-09 -3.3542e-10 -6.4879e-11 -8.4007e-12 -6.5781e-13 -2.7351e-14 -5.1071e-16 -3.4476e-18 -6.3413e-21 -2.1932e-24 -8.7361e-29 -2.0868e-34 -1.2449e-41 -5.6653e-51 -3.8894e-63 -4.3015e-79 -3.3808e-100 -2.3071e-128 -2.5211e-166 -4.8244e-218 -2.4230e-289 -0.0000e+00 -0.0000e+00 -0.0000e+00 -0.0000e+00 -0.0000e+00 -0.0000e+00 -0.0000e+00 -0.0000e+00 -0.0000e+00 -0.0000e+00 -0.0000e+00 -0.0000e+00 -0.0000e+00 -0.0000e+00 -0.0000e+00 -0.0000e+00 -0.0000e+00 -0.0000e+00 -0.0000e+00 -0.0000e+00 -0.0000e+00
-2.4897e-11 -1.4098e-10 3.4537e-09 -8.0057e-10 -1.4026e-09 -2.2204e-09 -3.2782e-09 -4.5996e-09 -6.2087e-09 -8.1297e-09 -1.0388e-08 -1.3009e-08 -1.6021e-08 -1.9453e-08 -2.3335e-08 -2.7700e-08 -3.2582e-08 -3.8019e-08 -4.4049e-08 -5.0714e-08 -5.8058e-08 -6.6127e-08 -7.4970e-08 -8.4637e-08 -9.5178e-08 -1.0665e-07 -1.1909e-07 -1.3256e-07 -1.4710e-07 -1.6274e-07 -1.7951e-07 -1.9741e-07 -2.1642e-07 -2.3649e-07 -2.5752e-07 -2.7936e-07 -3.0178e-07 -3.2447e-07 -3.4700e-07 -3.6880e-07 -3.8917e-07 -4.0723e-07 -4.2193e-07 -4.3207e-07 -4.3633e-07 -4.3337e-07 -4.2194e-07 -4.0113e-07 -3.7053e-07 -3.3061e-07 -2.8289e-07 -2.3007e-07 -1.7593e-07 -1.2480e-07 -8.0786e-08 -4.6750e-08 -2.3579e-08 -1.0041e-08 -3.4700e-09 -9.2580e-10 -1.7907e-10 -2.3187e-11 -1.8156e-12 -7.5492e-14 -1.4096e-15 -9.5157e-18 -1.7503e-20 -6.0535e-24 -2.4113e-28 -5.7598e-34 -3.4361e-41 -1.5637e-50 -1.0735e-62 -1.1873e-78 -9.3315e-100 -6.3679e-128 -6.9586e-166 -1.3316e-217 -6.6879e-289 -0.0000e+00 -0.0000e+00 -0.0000e+00 -0.0000e+00 -0.0000e+00 -0.0000e+00 -0.0000e+00 -0.0000e+00 -0.0000e+00 -0.0000e+00 -0.0000e+00 -0.0000e+00 -0.0000e+00 -0.0000e+00 -0.0000e+00 -0.0000e+00 -0.0000e+00 -0.0000e+00 -0.0000e+00 -0.0000e+00 -0.0000e+00 -2.4897e-11 -1.4098e-10 0.0000e+00 -8.0057e-10 -1.4026e-09 -2.2204e-09 -3.2782e-09 -4.5996e-09 -6.2087e-09 -8.1297e-09 -1.0388e-08 -1.3009e-08 -1.6021e-08 -1.9453e-08 -2.3335e-08 -2.7700e-08 -3.2582e-08 -3.8019e-08 -4.4049e-08 -5.0714e-08 -5.8058e-08 -6.6127e-08 -7.4970e-08 -8.4637e-08 -9.5178e-08 -1.0665e-07 -1.1909e-07 -1.3256e-07 -1.4710e-07 -1.6274e-07 -1.7951e-07 -1.9741e-07 -2.1642e-07 -2.3649e-07 -2.5752e-07 -2.7936e-07 -3.0178e-07 -3.2447e-07 -3.4700e-07 -3.6880e-07 -3.8917e-07 -4.0723e-07 -4.2193e-07 -4.3207e-07 -4.3633e-07 -4.3337e-07 -4.2194e-07 -4.0113e-07 -3.7053e-07 -3.3061e-07 -2.8289e-07 -2.3007e-07 -1.7593e-07 -1.2480e-07 -8.0786e-08 -4.6750e-08 -2.3579e-08 -1.0041e-08 -3.4700e-09 -9.2580e-10 -1.7907e-10 -2.3187e-11 -1.8156e-12 -7.5492e-14 -1.4096e-15 -9.5157e-18 -1.7503e-20 -6.0535e-24 -2.4113e-28 -5.7598e-34 -3.4361e-41 -1.5637e-50 -1.0735e-62 -1.1873e-78 -9.3315e-100 -6.3678e-128 -6.9586e-166 -1.3316e-217 -6.6879e-289 -0.0000e+00 -0.0000e+00 -0.0000e+00 -0.0000e+00 -0.0000e+00 -0.0000e+00 -0.0000e+00 -0.0000e+00 -0.0000e+00 -0.0000e+00 -0.0000e+00 -0.0000e+00 -0.0000e+00 -0.0000e+00 -0.0000e+00 -0.0000e+00 -0.0000e+00 -0.0000e+00 -0.0000e+00 -0.0000e+00 -0.0000e+00
-5.1224e-11 -2.9005e-10 -8.0057e-10 1.9655e-08 -2.8858e-09 -4.5684e-09 -6.7447e-09 -9.4635e-09 -1.2774e-08 -1.6726e-08 -2.1372e-08 -2.6766e-08 -3.2963e-08 -4.0024e-08 -4.8011e-08 -5.6991e-08 -6.7036e-08 -7.8222e-08 -9.0628e-08 -1.0434e-07 -1.1945e-07 -1.3605e-07 -1.5425e-07 -1.7414e-07 -1.9582e-07 -2.1942e-07 -2.4502e-07 -2.7274e-07 -3.0265e-07 -3.3483e-07 -3.6933e-07 -4.0616e-07 -4.4527e-07 -4.8656e-07 -5.2983e-07 -5.7477e-07 -6.2090e-07 -6.6759e-07 -7.1393e-07 -7.5879e-07 -8.0070e-07 -8.3786e-07 -8.6810e-07 -8.8896e-07 -8.9772e-07 -8.9163e-07 -8.6813e-07 -8.2530e-07 -7.6235e-07 -6.8022e-07 -5.8203e-07 -4.7337e-07 -3.6197e-07 -2.5678e-07 -1.6621e-07 -9.6186e-08 -4.8512e-08 -2.0659e-08 -7.1393e-09 -1.9048e-09 -3.6844e-10 -4.7706e-11 -3.7356e-12 -1.5532e-13 -2.9003e-15 -1.9578e-17 -3.6011e-20 -1.2455e-23 -4.9611e-28 -1.1851e-33 -7.0696e-41 -3.2173e-50 -2.2088e-62 -2.4428e-78 -1.9199e-99 -1.3102e-127 -1.4317e-165 -2.7398e-217 -1.3761e-288 -0.0000e+00 -0.0000e+00 -0.0000e+00 -0.0000e+00 -0.0000e+00 -0.0000e+00 -0.0000e+00 -0.0000e+00 -0.0000e+00 -0.0000e+00 -0.0000e+00 -0.0000e+00 -0.0000e+00 -0.0000e+00 -0.0000e+00 -0.0000e+00 -0.0000e+00 -0.0000e+00 -0.0000e+00 -0.0000e+00 -0.0000e+00 -5.1224e-11 -2.9005e-10 -8.0057e-10 0.0000e+00 -2.8858e-09 -4.5684e-09 -6.7447e-09 -9.4635e-09 -1.2774e-08 -1.6726e-08 -2.1372e-08 -2.6766e-08 -3.2963e-08 -4.0024e-08 -4.8011e-08 -5.6991e-08 -6.7036e-08 -7.8222e-08 -9.0628e-08 -1.0434e-07 -1.1945e-07 -1.3605e-07 -1.5425e-07 -1.7414e-07 -1.9582e-07 -2.1942e-07 -2.4502e-07 -2.7274e-07 -3.0265e-07 -3.3483e-07 -3.6933e-07 -4.0616e-07 -4.4527e-07 -4.8656e-07 -5.2983e-07 -5.7477e-07 -6.2090e-07 -6.6759e-07 -7.1393e-07 -7.5879e-07 -8.0070e-07 -8.3786e-07 -8.6810e-07 -8.8896e-07 -8.9772e-07 -8.9163e-07 -8.6813e-07 -8.2530e-07 -7.6235e-07 -6.8022e-07 -5.8203e-07 -4.7337e-07 -3.6197e-07 -2.5678e-07 -1.6621e-07 -9.6186e-08 -4.8512e-08 -2.0659e-08 -7.1393e-09 -1.9048e-09 -3.6844e-10 -4.7706e-11 -3.7356e-12 -1.5532e-13 -2.9003e-15 -1.9578e-17 -3.6011e-20 -1.2455e-23 -4.9611e-28 -1.1851e-33 -7.0696e-41 -3.2172e-50 -2.2087e-62 -2.4427e-78 -1.9199e-99 -1.3102e-127 -1.4317e-165 -2.7397e-217 -1.3760e-288 -0.0000e+00 -0.0000e+00 -0.0000e+00 -0.0000e+00 -0.0000e+00 -0.0000e+00 -0.0000e+00 -0.0000e+00 -0.0000e+00 -0.0000e+00 -0.0000e+00 -0.0000e+00 -0.0000e+00 -0.0000e+00 -0.0000e+00 -0.0000e+00 -0.0000e+00 -0.0000e+00 -0.0000e+00 -0.0000e+00 -0.0000e+00
-8.9746e-11 -5.0817e-10 -1.4026e-09 -2.8858e-09 7.5270e-08 -8.0039e-09 -1.1817e-08 -1.6580e-08 -2.2380e-08 -2.9305e-08 -3.7445e-08 -4.6894e-08 -5.7752e-08 -7.0122e-08 -8.4115e-08 -9.9849e-08 -1.1745e-07 -1.3705e-07 -1.5878e-07 -1.8281e-07 -2.0928e-07 -2.3837e-07 -2.7024e-07 -3.0509e-07 -3.4309e-07 -3.8443e-07 -4.2929e-07 -4.7784e-07 -5.3025e-07 -5.8663e-07 -6.4707e-07 -7.1159e-07 -7.8012e-07 -8.5246e-07 -9.2827e-07 -1.0070e-06 -1.0878e-06 -1.1696e-06 -1.2508e-06 -1.3294e-06 -1.4028e-06 -1.4679e-06 -1.5209e-06 -1.5575e-06 -1.5728e-06 -1.5621e-06 -1.5210e-06 -1.4459e-06 -1.3357e-06 -1.1918e-06 -1.0197e-06 -8.2935e-07 -6.3418e-07 -4.4988e-07 -2.9121e-07 -1.6852e-07 -8.4993e-08 -3.6195e-08 -1.2508e-08 -3.3372e-09 -6.4551e-10 -8.3582e-11 -6.5448e-12 -2.7212e-13 -5.0813e-15 -3.4302e-17 -6.3093e-20 -2.1821e-23 -8.6921e-28 -2.0763e-33 -1.2386e-40 -5.6369e-50 -3.8699e-62 -4.2800e-78 -3.3640e-99 -2.2957e-127 -2.5087e-165 -4.8010e-217 -2.4115e-288 -0.0000e+00 -0.0000e+00 -0.0000e+00 -0.0000e+00 -0.0000e+00 -0.0000e+00 -0.0000e+00 -0.0000e+00 -0.0000e+00 -0.0000e+00 -0.0000e+00 -0.0000e+00 -0.0000e+00 -0.0000e+00 -0.0000e+00 -0.0000e+00 -0.0000e+00 -0.0000e+00 -0.0000e+00 -0.0000e+00 -0.0000e+00 -8.9746e-11 -5.0817e-10 -1.4026e-09 -2.8858e-09 0.0000e+00 -8.0039e-09 -1.1817e-08 -1.6580e-08 -2.2380e-08 -2.9305e-08 -3.7445e-08 -4.6894e-08 -5.7752e-08 -7.0122e-08 -8.4115e-08 -9.9849e-08 -1.1745e-07 -1.3705e-07 -1.5878e-07 -1.8281e-07 -2.0928e-07 -2.3837e-07 -2.7024e-07 -3.0509e-07 -3.4309e-07 -3.8443e-07 -4.2929e-07 -4.7784e-07 -5.3025e-07 -5.8663e-07 -6.4707e-07 -7.1159e-07 -7.8012e-07 -8.5246e-07 -9.2827e-07 -1.0070e-06 -1.0878e-06 -1.1696e-06 -1.2508e-06 -1.3294e-06 -1.4028e-06 -1.4679e-06 -1.5209e-06 -1.5575e-06 -1.5728e-06 -1.5621e-06 -1.5210e-06 -1.4459e-06 -1.3357e-06 -1.1918e-06 -1.0197e-06 -8.2935e-07 -6.3418e-07 -4.4988e-07 -2.9121e-07 -1.6852e-07 -8.4993e-08 -3.6194e-08 -1.2508e-08 -3.3372e-09 -6.4551e-10 -8.3582e-11 -6.5448e-12 -2.7212e-13 -5.0813e-15 -3.4301e-17 -6.3092e-20 -2.1821e-23 -8.6919e-28 -2.0762e-33 -1.2386e-40 -5.6367e-50 -3.8698e-62 -4.2798e-78 -3.3638e-99 -2.2955e-127 -2.5085e-165 -4.8003e-217 -2.4110e-288 -0.0000e+00 -0.0000e+00 -0.0000e+00 -0.0000e+00 -0.0000e+00 -0.0000e+00 -0.0000e+00 -0.0000e+00 -0.0000e+00 -0.0000e+00 -0.0000e+00 -0.0000e+00 -0.0000e+00 -0.0000e+00 -0.0000e+00 -0.0000e+00 -0.0000e+00 -0.0000e+00 -0.0000e+00 -0.0000e+00 -0.0000e+00
-1.4207e-10 -8.0447e-10 -2.2204e-09 -4.5684e-09 -8.0039e-09 2.2596e-07 -1.8707e-08 -2.6248e-08 -3.5430e-08 -4.6392e-08 -5.9278e-08 -7.4236e-08 -9.1424e-08 -1.1101e-07 -1.3316e-07 -1.5807e-07 -1.8593e-07 -2.1695e-07 -2.5136e-07 -2.8940e-07 -3.3131e-07 -3.7735e-07 -4.2781e-07 -4.8297e-07 -5.4313e-07 -6.0857e-07 -6.7959e-07 -7.5646e-07 -8.3942e-07 -9.2868e-07 -1.0244e-06 -1.1265e-06 -1.2350e-06 -1.3495e-06 -1.4695e-06 -1.5942e-06 -1.7221e-06 -1.8516e-06 -1.9801e-06 -2.1046e-06 -2.2208e-06 -2.3238e-06 -2.4077e-06 -2.4656e-06 -2.4899e-06 -2.4730e-06 -2.4078e-06 -2.2890e-06 -2.1144e-06 -1.8866e-06 -1.6143e-06 -1.3129e-06 -1.0039e-06 -7.1219e-07 -4.6100e-07 -2.6678e-07 -1.3455e-07 -5.7299e-08 -1.9801e-08 -5.2831e-09 -1.0219e-09 -1.3232e-10 -1.0361e-11 -4.3080e-13 -8.0442e-15 -5.4303e-17 -9.9883e-20 -3.4546e-23 -1.3761e-27 -3.2871e-33 -1.9610e-40 -8.9243e-50 -6.1271e-62 -6.7765e-78 -5.3265e-99 -3.6351e-127 -3.9728e-165 -7.6036e-217 -3.8197e-288 -0.0000e+00 -0.0000e+00 -0.0000e+00 -0.0000e+00 -0.0000e+00 -0.0000e+00 -0.0000e+00 -0.0000e+00 -0.0000e+00 -0.0000e+00 -0.0000e+00 -0.0000e+00 -0.0000e+00 -0.0000e+00 -0.0000e+00 -0.0000e+00 -0.0000e+00 -0.0000e+00 -0.0000e+00 -0.0000e+00 -0.0000e+00 -1.4207e-10 -8.0447e-10 -2.2204e-09 -4.5684e-09 -8.0039e-09 0.0000e+00 -1.8707e-08 -2.6248e-08 -3.5430e-08 -4.6392e-08 -5.9278e-08 -7.4236e-08 -9.1424e-08 -1.1101e-07 -1.3316e-07 -1.5807e-07 -1.8593e-07 -2.1695e-07 -2.5136e-07 -2.8940e-07 -3.3131e-07 -3.7735e-07 -4.2781e-07 -4.8297e-07 -5.4313e-07 -6.0857e-07 -6.7959e-07 -7.5645e-07 -8.3942e-07 -9.2868e-07 -1.0244e-06 -1.1265e-06 -1.2350e-06 -1.3495e-06 -1.4695e-06 -1.5942e-06 -1.7221e-06 -1.8516e-06 -1.9801e-06 -2.1046e-06 -2.2208e-06 -2.3238e-06 -2.4077e-06 -2.4656e-06 -2.4899e-06 -2.4730e-06 -2.4078e-06 -2.2890e-06 -2.1144e-06 -1.8866e-06 -1.6143e-06 -1.3129e-06 -1.0039e-06 -7.1218e-07 -4.6100e-07 -2.6678e-07 -1.3455e-07 -5.7298e-08 -1.9801e-08 -5.2830e-09 -1.0219e-09 -1.3232e-10 -1.0361e-11 -4.3079e-13 -8.0441e-15 -5.4301e-17 -9.9880e-20 -3.4544e-23 -1.3760e-27 -3.2869e-33 -1.9609e-40 -8.9235e-50 -6.1264e-62 -6.7755e-78 -5.3255e-99 -3.6342e-127 -3.9715e-165 -7.6003e-217 -3.8175e-288 -0.0000e+00 -0.0000e+00 -0.0000e+00 -0.0000e+00 -0.0000e+00 -0.0000e+00 -0.0000e+00 -0.0000e+00 -0.0000e+00 -0.0000e+00 -0.0000e+00 -0.0000e+00 -0.0000e+00 -0.0000e+00 -0.0000e+00 -0.0000e+00 -0.0000e+00 -0.0000e+00 -0.0000e+00 -0.0000e+00 -0.0000e+00
-2.0975e-10 -1.1877e-09 -3.2782e-09 -6.7447e-09 -1.1817e-08 -1.8707e-08 5.7339e-07 -3.8751e-08 -5.2307e-08 -6.8491e-08 -8.7516e-08 -1.0960e-07 -1.3498e-07 -1.6389e-07 -1.9659e-07 -2.3337e-07 -2.7450e-07 -3.2030e-07 -3.7110e-07 -4.2726e-07 -4.8913e-07 -5.5711e-07 -6.3161e-07 -7.1305e-07 -8.0186e-07 -8.9847e-07 -1.0033e-06 -1.1168e-06 -1.2393e-06 -1.3711e-06 -1.5123e-06 -1.6631e-06 -1.8233e-06 -1.9924e-06 -2.1696e-06 -2.3536e-06 -2.5425e-06 -2.7336e-06 -2.9234e-06 -3.1071e-06 -3.2787e-06 -3.4309e-06 -3.5547e-06 -3.6401e-06 -3.6760e-06 -3.6510e-06 -3.5548e-06 -3.3794e-06 -3.1217e-06 -2.7854e-06 -2.3833e-06 -1.9383e-06 -1.4822e-06 -1.0515e-06 -6.8062e-07 -3.9387e-07 -1.9865e-07 -8.4595e-08 -2.9234e-08 -7.7999e-09 -1.5087e-09 -1.9535e-10 -1.5297e-11 -6.3604e-13 -1.1877e-14 -8.0175e-17 -1.4747e-19 -5.1006e-23 -2.0318e-27 -4.8536e-33 -2.8956e-40 -1.3178e-49 -9.0483e-62 -1.0008e-77 -7.8674e-99 -5.3699e-127 -5.8698e-165 -1.1237e-216 -5.6469e-288 -0.0000e+00 -0.0000e+00 -0.0000e+00 -0.0000e+00 -0.0000e+00 -0.0000e+00 -0.0000e+00 -0.0000e+00 -0.0000e+00 -0.0000e+00 -0.0000e+00 -0.0000e+00 -0.0000e+00 -0.0000e+00 -0.0000e+00 -0.0000e+00 -0.0000e+00 -0.0000e+00 -0.0000e+00 -0.0000e+00 -0.0000e+00 -2.0975e-10 -1.1877e-09 -3.2782e-09 -6.7447e-09 -1.1817e-08 -1.8707e-08 0.0000e+00 -3.8751e-08 -5.2307e-08 -6.8491e-08 -8.7516e-08 -1.0960e-07 -1.3498e-07 -1.6389e-07 -1.9659e-07 -2.3337e-07 -2.7450e-07 -3.2030e-07 -3.7110e-07 -4.2726e-07 -4.8913e-07 -5.5711e-07 -6.3161e-07 -7.1305e-07 -8.0186e-07 -8.9847e-07 -1.0033e-06 -1.1168e-06 -1.2393e-06 -1.3711e-06 -1.5123e-06 -1.6631e-06 -1.8233e-06 -1.9924e-06 -2.1696e-06 -2.3536e-06 -2.5425e-06 -2.7336e-06 -2.9234e-06 -3.1071e-06 -3.2787e-06 -3.4309e-06 -3.5547e-06 -3.6401e-06 -3.6760e-06 -3.6510e-06 -3.5548e-06 -3.3794e-06 -3.1217e-06 -2.7854e-06 -2.3833e-06 -1.9383e-06 -1.4822e-06 -1.0514e-06 -6.8061e-07 -3.9386e-07 -1.9865e-07 -8.4594e-08 -2.9234e-08 -7.7998e-09 -1.5087e-09 -1.9535e-10 -1.5297e-11 -6.3601e-13 -1.1876e-14 -8.0170e-17 -1.4746e-19 -5.1002e-23 -2.0316e-27 -4.8529e-33 -2.8951e-40 -1.3175e-49 -9.0456e-62 -1.0004e-77 -7.8635e-99 -5.3665e-127 -5.8649e-165 -1.1225e-216 -5.6386e-288 -0.0000e+00 -0.0000e+00 -0.0000e+00 -0.0000e+00 -0.0000e+00 -0.0000e+00 -0.0000e+00 -0.0000e+00 -0.0000e+00 -0.0000e+00 -0.0000e+00 -0.0000e+00 -0.0000e+00 -0.0000e+00 -0.0000e+00 -0.0000e+00 -0.0000e+00 -0.0000e+00 -0.0000e+00 -0.0000e+00 -0.0000e+00
-2.9431e-10 -1.6665e-09 -4.5996e-09 -9.4635e-09 -1.6580e-08 -2.6248e-08 -3.8751e-08 1.2870e-06 -7.3393e-08 -9.6101e-08 -1.2279e-07 -1.5378e-07 -1.8939e-07 -2.2995e-07 -2.7584e-07 -3.2744e-07 -3.8515e-07 -4.4942e-07 -5.2070e-07 -5.9949e-07 -6.8630e-07 -7.8169e-07 -8.8622e-07 -1.0005e-06 -1.1251e-06 -1.2607e-06 -1.4078e-06 -1.5670e-06 -1.7389e-06 -1.9238e-06 -2.1220e-06 -2.3335e-06 -2.5583e-06 -2.7955e-06 -3.0441e-06 -3.3023e-06 -3.5674e-06 -3.8356e-06 -4.1019e-06 -4.3596e-06 -4.6004e-06 -4.8139e-06 -4.9876e-06 -5.1075e-06 -5.1578e-06 -5.1228e-06 -4.9878e-06 -4.7417e-06 -4.3801e-06 -3.9082e-06 -3.3441e-06 -2.7197e-06 -2.0797e-06 -1.4753e-06 -9.5499e-07 -5.5264e-07 -2.7873e-07 -1.1870e-07 -4.1020e-08 -1.0944e-08 -2.1170e-09 -2.7412e-10 -2.1465e-11 -8.9250e-13 -1.6666e-14 -1.1251e-16 -2.0695e-19 -7.1580e-23 -2.8515e-27 -6.8120e-33 -4.0643e-40 -1.8499e-49 -1.2703e-61 -1.4053e-77 -1.1049e-98 -7.5436e-127 -8.2489e-165 -1.5800e-216 -7.9452e-288 -0.0000e+00 -0.0000e+00 -0.0000e+00 -0.0000e+00 -0.0000e+00 -0.0000e+00 -0.0000e+00 -0.0000e+00 -0.0000e+00 -0.0000e+00 -0.0000e+00 -0.0000e+00 -0.0000e+00 -0.0000e+00 -0.0000e+00 -0.0000e+00 -0.0000e+00 -0.0000e+00 -0.0000e+00 -0.0000e+00 -0.0000e+00 -2.9431e-10 -1.6665e-09 -4.5996e-09 -9.4635e-09 -1.6580e-08 -2.6248e-08 -3.8751e-08 0.0000e+00 -7.3393e-08 -9.6101e-08 -1.2279e-07 -1.5378e-07 -1.8939e-07 -2.2995e-07 -2.7584e-07 -3.2744e-07 -3.8515e-07 -4.4942e-07 -5.2070e-07 -5.9949e-07 -6.8630e-07 -7.8169e-07 -8.8622e-07 -1.0005e-06 -1.1251e-06 -1.2607e-06 -1.4078e-06 -1.5670e-06 -1.7389e-06 -1.9238e-06 -2.1220e-06 -2.3335e-06 -2.5583e-06 -2.7955e-06 -3.0441e-06 -3.3023e-06 -3.5674e-06 -3.8356e-06 -4.1019e-06 -4.3596e-06 -4.6004e-06 -4.8139e-06 -4.9876e-06 -5.1075e-06 -5.1578e-06 -5.1228e-06 -4.9878e-06 -4.7417e-06 -4.3801e-06 -3.9082e-06 -3.3440e-06 -2.7197e-06 -2.0797e-06 -1.4753e-06 -9.5498e-07 -5.5263e-07 -2.7872e-07 -1.1870e-07 -4.1019e-08 -1.0944e-08 -2.1169e-09 -2.7410e-10 -2.1463e-11 -8.9242e-13 -1.6664e-14 -1.1249e-16 -2.0692e-19 -7.1565e-23 -2.8507e-27 -6.8098e-33 -4.0626e-40 -1.8489e-49 -1.2694e-61 -1.4040e-77 -1.1037e-98 -7.5328e-127 -8.2334e-165 -1.5760e-216 -7.9189e-288 -0.0000e+00 -0.0000e+00 -0.0000e+00 -0.0000e+00 -0.0000e+00 -0.0000e+00 -0.0000e+00 -0.0000e+00 -0.0000e+00 -0.0000e+00 -0.0000e+00 -0.0000e+00 -0.0000e+00 -0.0000e+00 -0.0000e+00 -0.0000e+00 -0.0000e+00 -0.0000e+00 -0.0000e+00 -0.0000e+00 -0.0000e+00
-3.9726e-10 -2.2494e-09 -6.2087e-09 -1.2774e-08 -2.2380e-08 -3.5430e-08 -5.2307e-08 -7.3393e-08 2.6308e-06 -1.2972e-07 -1.6575e-07 -2.0758e-07 -2.5564e-07 -3.1040e-07 -3.7234e-07 -4.4198e-07 -5.1989e-07 -6.0664e-07 -7.0285e-07 -8.0920e-07 -9.2639e-07 -1.0551e-06 -1.1962e-06 -1.3505e-06 -1.5187e-06 -1.7017e-06 -1.9002e-06 -2.1152e-06 -2.3472e-06 -2.5967e-06 -2.8643e-06 -3.1499e-06 -3.4532e-06 -3.7734e-06 -4.1090e-06 -4.4575e-06 -4.8153e-06 -5.1774e-06 -5.5368e-06 -5.8847e-06 -6.2097e-06 -6.4979e-06 -6.7325e-06 -6.8942e-06 -6.9622e-06 -6.9149e-06 -6.7327e-06 -6.4005e-06 -5.9124e-06 -5.2754e-06 -4.5140e-06 -3.6712e-06 -2.8073e-06 -1.9915e-06 -1.2891e-06 -7.4600e-07 -3.7625e-07 -1.6023e-07 -5.5373e-08 -1.4774e-08 -2.8578e-09 -3.7004e-10 -2.8977e-11 -1.2049e-12 -2.2500e-14 -1.5190e-16 -2.7943e-19 -9.6653e-23 -3.8506e-27 -9.1998e-33 -5.4897e-40 -2.4991e-49 -1.7165e-61 -1.8994e-77 -1.4940e-98 -1.0205e-126 -1.1167e-164 -2.1410e-216 -1.0781e-287 -0.0000e+00 -0.0000e+00 -0.0000e+00 -0.0000e+00 -0.0000e+00 -0.0000e+00 -0.0000e+00 -0.0000e+00 -0.0000e+00 -0.0000e+00 -0.0000e+00 -0.0000e+00 -0.0000e+00 -0.0000e+00 -0.0000e+00 -0.0000e+00 -0.0000e+00 -0.0000e+00 -0.0000e+00 -0.0000e+00 -0.0000e+00 -3.9726e-10 -2.2494e-09 -6.2087e-09 -1.2774e-08 -2.2380e-08 -3.5430e-08 -5.2307e-08 -7.3393e-08 0.0000e+00 -1.2972e-07 -1.6575e-07 -2.0758e-07 -2.5564e-07 -3.1040e-07 -3.7234e-07 -4.4198e-07 -5.1989e-07 -6.0664e-07 -7.0285e-07 -8.0920e-07 -9.2639e-07 -1.0551e-06 -1.1962e-06 -1.3505e-06 -1.5187e-06 -1.7017e-06 -1.9002e-06 -2.1152e-06 -2.3472e-06 -2.5967e-06 -2.8643e-06 -3.1499e-06 -3.4532e-06 -3.7734e-06 -4.1090e-06 -4.4575e-06 -4.8153e-06 -5.1774e-06 -5.5368e-06 -5.8847e-06 -6.2097e-06 -6.4979e-06 -6.7324e-06 -6.8942e-06 -6.9622e-06 -6.9149e-06 -6.7326e-06 -6.4005e-06 -5.9123e-06 -5.2754e-06 -4.5139e-06 -3.6711e-06 -2.8072e-06 -1.9914e-06 -1.2891e-06 -7.4597e-07 -3.7623e-07 -1.6022e-07 -5.5369e-08 -1.4773e-08 -2.8575e-09 -3.7000e-10 -2.8973e-11 -1.2047e-12 -2.2495e-14 -1.5186e-16 -2.7933e-19 -9.6611e-23 -3.8485e-27 -9.1936e-33 -5.4850e-40 -2.4964e-49 -1.7141e-61 -1.8961e-77 -1.4906e-98 -1.0176e-126 -1.1125e-164 -2.1301e-216 -1.0708e-287 -0.0000e+00 -0.0000e+00 -0.0000e+00 -0.0000e+00 -0.0000e+00 -0.0000e+00 -0.0000e+00 -0.0000e+00 -0.0000e+00 -0.0000e+00 -0.0000e+00 -0.0000e+00 -0.0000e+00 -0.0000e+00 -0.0000e+00 -0.0000e+00 -0.0000e+00 -0.0000e+00 -0.0000e+00 -0.0000e+00 -0.0000e+00
-5.2018e-10 -2.9454e-09 -8.1297e-09 -1.6726e-08 -2.9305e-08 -4.6392e-08 -6.8491e-08 -9.6101e-08 -1.2972e-07 4.9965e-06 -2.1704e-07 -2.7180e-07 -3.3474e-07 -4.0644e-07 -4.8754e-07 -5.7874e-07 -6.8075e-07 -7.9434e-07 -9.2032e-07 -1.0596e-06 -1.2130e-06 -1.3816e-06 -1.5664e-06 -1.7683e-06 -1.9886e-06 -2.2282e-06 -2.4882e-06 -2.7696e-06 -3.0734e-06 -3.4002e-06 -3.7505e-06 -4.1245e-06 -4.5217e-06 -4.9410e-06 -5.3804e-06 -5.8367e-06 -6.3052e-06 -6.7793e-06 -7.2500e-06 -7.7055e-06 -8.1311e-06 -8.5084e-06 -8.8156e-06 -9.0274e-06 -9.1164e-06 -9.0546e-06 -8.8159e-06 -8.3810e-06 -7.7419e-06 -6.9078e-06 -5.9107e-06 -4.8072e-06 -3.6760e-06 -2.6077e-06 -1.6880e-06 -9.7687e-07 -4.9270e-07 -2.0982e-07 -7.2513e-08 -1.9348e-08 -3.7425e-09 -4.8462e-10 -3.7951e-11 -1.5781e-12 -2.9471e-14 -1.9897e-16 -3.6605e-19 -1.2663e-22 -5.0457e-27 -1.2057e-32 -7.1965e-40 -3.2771e-49 -2.2517e-61 -2.4930e-77 -1.9622e-98 -1.3416e-126 -1.4699e-164 -2.8226e-216 -1.4245e-287 -0.0000e+00 -0.0000e+00 -0.0000e+00 -0.0000e+00 -0.0000e+00 -0.0000e+00 -0.0000e+00 -0.0000e+00 -0.0000e+00 -0.0000e+00 -0.0000e+00 -0.0000e+00 -0.0000e+00 -0.0000e+00 -0.0000e+00 -0.0000e+00 -0.0000e+00 -0.0000e+00 -0.0000e+00 -0.0000e+00 -0.0000e+00 -5.2018e-10 -2.9454e-09 -8.1297e-09 -1.6726e-08 -2.9305e-08 -4.6392e-08 -6.8491e-08 -9.6101e-08 -1.2972e-07 0.0000e+00 -2.1704e-07 -2.7180e-07 -3.3474e-07 -4.0644e-07 -4.8754e-07 -5.7874e-07 -6.8075e-07 -7.9434e-07 -9.2032e-07 -1.0596e-06 -1.2130e-06 -1.3816e-06 -1.5664e-06 -1.7683e-06 -1.9886e-06 -2.2282e-06 -2.4882e-06 -2.7696e-06 -3.0734e-06 -3.4002e-06 -3.7505e-06 -4.1245e-06 -4.5217e-06 -4.9410e-06 -5.3804e-06 -5.8367e-06 -6.3052e-06 -6.7793e-06 -7.2499e-06 -7.7055e-06 -8.1311e-06 -8.5084e-06 -8.8155e-06 -9.0273e-06 -9.1163e-06 -9.0544e-06 -8.8158e-06 -8.3809e-06 -7.7417e-06 -6.9077e-06 -5.9106e-06 -4.8071e-06 -3.6758e-06 -2.6076e-06 -1.6879e-06 -9.7679e-07 -4.9265e-07 -2.0980e-07 -7.2503e-08 -1.9344e-08 -3.7418e-09 -4.8451e-10 -3.7940e-11 -1.5775e-12 -2.9458e-14 -1.9887e-16 -3.6581e-19 -1.2653e-22 -5.0405e-27 -1.2042e-32 -7.1849e-40 -3.2704e-49 -2.2459e-61 -2.4847e-77 -1.9538e-98 -1.3342e-126 -1.4592e-164 -2.7956e-216 -1.4064e-287 -0.0000e+00 -0.0000e+00 -0.0000e+00 -0.0000e+00 -0.0000e+00 -0.0000e+00 -0.0000e+00 -0.0000e+00 -0.0000e+00 -0.0000e+00 -0.0000e+00 -0.0000e+00 -0.0000e+00 -0.0000e+00 -0.0000e+00 -0.0000e+00 -0.0000e+00 -0.0000e+00 -0.0000e+00 -0.0000e+00 -0.0000e+00
-6.6466e-10 -3.7635e-09 -1.0388e-08 -2.1372e-08 -3.7445e-08 -5.9278e-08 -8.7516e-08 -1.2279e-07 -1.6575e-07 -2.1704e-07 8.9432e-06 -3.4730e-07 -4.2771e-07 -5.1933e-07 -6.2296e-07 -7.3949e-07 -8.6983e-07 -1.0150e-06 -1.1760e-06 -1.3539e-06 -1.5499e-06 -1.7654e-06 -2.0014e-06 -2.2595e-06 -2.5409e-06 -2.8471e-06 -3.1793e-06 -3.5389e-06 -3.9271e-06 -4.3446e-06 -4.7923e-06 -5.2701e-06 -5.7776e-06 -6.3134e-06 -6.8749e-06 -7.4580e-06 -8.0566e-06 -8.6623e-06 -9.2637e-06 -9.8458e-06 -1.0390e-05 -1.0872e-05 -1.1264e-05 -1.1535e-05 -1.1649e-05 -1.1570e-05 -1.1265e-05 -1.0709e-05 -9.8925e-06 -8.8268e-06 -7.5528e-06 -6.1428e-06 -4.6973e-06 -3.3323e-06 -2.1571e-06 -1.2483e-06 -6.2962e-07 -2.6814e-07 -9.2668e-08 -2.4726e-08 -4.7832e-09 -6.1940e-10 -4.8509e-11 -2.0173e-12 -3.7676e-14 -2.5440e-16 -4.6810e-19 -1.6196e-22 -6.4550e-27 -1.5430e-32 -9.2130e-40 -4.1975e-49 -2.8860e-61 -3.1980e-77 -2.5200e-98 -1.7256e-126 -1.8943e-164 -3.6478e-216 -1.8478e-287 -0.0000e+00 -0.0000e+00 -0.0000e+00 -0.0000e+00 -0.0000e+00 -0.0000e+00 -0.0000e+00 -0.0000e+00 -0.0000e+00 -0.0000e+00 -0.0000e+00 -0.0000e+00 -0.0000e+00 -0.0000e+00 -0.0000e+00 -0.0000e+00 -0.0000e+00 -0.0000e+00 -0.0000e+00 -0.0000e+00 -0.0000e+00 -6.6466e-10 -3.7635e-09 -1.0388e-08 -2.1372e-08 -3.7445e-08 -5.9278e-08 -8.7516e-08 -1.2279e-07 -1.6575e-07 -2.1704e-07 0.0000e+00 -3.4730e-07 -4.2771e-07 -5.1933e-07 -6.2296e-07 -7.3949e-07 -8.6983e-07 -1.0150e-06 -1.1760e-06 -1.3539e-06 -1.5499e-06 -1.7654e-06 -2.0014e-06 -2.2595e-06 -2.5409e-06 -2.8471e-06 -3.1793e-06 -3.5389e-06 -3.9271e-06 -4.3446e-06 -4.7923e-06 -5.2701e-06 -5.7776e-06 -6.3134e-06 -6.8749e-06 -7.4579e-06 -8.0566e-06 -8.6623e-06 -9.2637e-06 -9.8458e-06 -1.0390e-05 -1.0872e-05 -1.1264e-05 -1.1535e-05 -1.1649e-05 -1.1569e-05 -1.1265e-05 -1.0709e-05 -9.8921e-06 -8.8264e-06 -7.5524e-06 -6.1424e-06 -4.6969e-06 -3.3320e-06 -2.1568e-06 -1.2481e-06 -6.2952e-07 -2.6808e-07 -9.2647e-08 -2.4719e-08 -4.7815e-09 -6.1914e-10 -4.8484e-11 -2.0160e-12 -3.7647e-14 -2.5416e-16 -4.6754e-19 -1.6172e-22 -6.4432e-27 -1.5394e-32 -9.1864e-40 -4.1822e-49 -2.8726e-61 -3.1790e-77 -2.5008e-98 -1.7085e-126 -1.8699e-164 -3.5858e-216 -1.8062e-287 -0.0000e+00 -0.0000e+00 -0.0000e+00 -0.0000e+00 -0.0000e+00 -0.0000e+00 -0.0000e+00 -0.0000e+00 -0.0000e+00 -0.0000e+00 -0.0000e+00 -0.0000e+00 -0.0000e+00 -0.0000e+00 -0.0000e+00 -0.0000e+00 -0.0000e+00 -0.0000e+00 -0.0000e+00 -0.0000e+00 -0.0000e+00
-8.3239e-10 -4.7133e-09 -1.3009e-08 -2.6766e-08 -4.6894e-08 -7.4236e-08 -1.0960e-07 -1.5378e-07 -2.0758e-07 -2.7180e-07 -3.4730e-07 1.5245e-05 -5.3564e-07 -6.5038e-07 -7.8017e-07 -9.2610e-07 -1.0893e-06 -1.2711e-06 -1.4727e-06 -1.6955e-06 -1.9411e-06 -2.2109e-06 -2.5065e-06 -2.8297e-06 -3.1821e-06 -3.5655e-06 -3.9816e-06 -4.4320e-06 -4.9181e-06 -5.4410e-06 -6.0016e-06 -6.6000e-06 -7.2356e-06 -7.9066e-06 -8.6098e-06 -9.3400e-06 -1.0090e-05 -1.0848e-05 -1.1602e-05 -1.2331e-05 -1.3012e-05 -1.3615e-05 -1.4107e-05 -1.4446e-05 -1.4589e-05 -1.4490e-05 -1.4108e-05 -1.3412e-05 -1.2389e-05 -1.1055e-05 -9.4592e-06 -7.6934e-06 -5.8831e-06 -4.1736e-06 -2.7017e-06 -1.5635e-06 -7.8863e-07 -3.3587e-07 -1.1608e-07 -3.0975e-08 -5.9924e-09 -7.7606e-10 -6.0783e-11 -2.5280e-12 -4.7223e-14 -3.1892e-16 -5.8696e-19 -2.0315e-22 -8.0996e-27 -1.9370e-32 -1.1573e-39 -5.2770e-49 -3.6320e-61 -4.0301e-77 -3.1814e-98 -2.1837e-126 -2.4049e-164 -4.6509e-216 -2.3698e-287 -0.0000e+00 -0.0000e+00 -0.0000e+00 -0.0000e+00 -0.0000e+00 -0.0000e+00 -0.0000e+00 -0.0000e+00 -0.0000e+00 -0.0000e+00 -0.0000e+00 -0.0000e+00 -0.0000e+00 -0.0000e+00 -0.0000e+00 -0.0000e+00 -0.0000e+00 -0.0000e+00 -0.0000e+00 -0.0000e+00 -0.0000e+00 -8.3239e-10 -4.7133e-09 -1.3009e-08 -2.6766e-08 -4.6894e-08 -7.4236e-08 -1.0960e-07 -1.5378e-07 -2.0758e-07 -2.7180e-07 -3.4730e-07 0.0000e+00 -5.3564e-07 -6.5038e-07 -7.8017e-07 -9.2610e-07 -1.0893e-06 -1.2711e-06 -1.4727e-06 -1.6955e-06 -1.9411e-06 -2.2109e-06 -2.5065e-06 -2.8297e-06 -3.1821e-06 -3.5655e-06 -3.9816e-06 -4.4320e-06 -4.9181e-06 -5.4410e-06 -6.0016e-06 -6.6000e-06 -7.2356e-06 -7.9066e-06 -8.6097e-06 -9.3400e-06 -1.0090e-05 -1.0848e-05 -1.1601e-05 -1.2330e-05 -1.3011e-05 -1.3615e-05 -1.4107e-05 -1.4446e-05 -1.4588e-05 -1.4489e-05 -1.4107e-05 -1.3411e-05 -1.2389e-05 -1.1054e-05 -9.4584e-06 -7.6926e-06 -5.8824e-06 -4.1729e-06 -2.7012e-06 -1.5632e-06 -7.8842e-07 -3.3576e-07 -1.1604e-07 -3.0960e-08 -5.9888e-09 -7.7550e-10 -6.0730e-11 -2.5253e-12 -4.7160e-14 -3.1840e-16 -5.8577e-19 -2.0264e-22 -8.0743e-27 -1.9295e-32 -1.1516e-39 -5.2443e-49 -3.6034e-61 -3.9896e-77 -3.1403e-98 -2.1472e-126 -2.3526e-164 -4.5181e-216 -2.2804e-287 -0.0000e+00 -0.0000e+00 -0.0000e+00 -0.0000e+00 -0.0000e+00 -0.0000e+00 -0.0000e+00 -0.0000e+00 -0.0000e+00 -0.0000e+00 -0.0000e+00 -0.0000e+00 -0.0000e+00 -0.0000e+00 -0.0000e+00 -0.0000e+00 -0.0000e+00 -0.0000e+00 -0.0000e+00 -0.0000e+00 -0.0000e+00
-1.0251e-09 -5.8046e-09 -1.6021e-08 -3.2963e-08 -5.7752e-08 -9.1424e-08 -1.3498e-07 -1.8939e-07 -2.5564e-07 -3.3474e-07 -4.2771e-07 -5.3564e-07 2.4949e-05 -8.0096e-07 -9.6080e-07 -1.1405e-06 -1.3415e-06 -1.5654e-06 -1.8137e-06 -2.0881e-06 -2.3905e-06 -2.7227e-06 -3.0868e-06 -3.4849e-06 -3.9189e-06 -4.3911e-06 -4.9035e-06 -5.4581e-06 -6.0568e-06 -6.7008e-06 -7.3912e-06 -8.1282e-06 -8.9109e-06 -9.7373e-06 -1.0603e-05 -1.1503e-05 -1.2426e-05 -1.3360e-05 -1.4288e-05 -1.5186e-05 -1.6024e-05 -1.6768e-05 -1.7374e-05 -1.7791e-05 -1.7967e-05 -1.7845e-05 -1.7375e-05 -1.6518e-05 -1.5259e-05 -1.3615e-05 -1.1650e-05 -9.4756e-06 -7.2461e-06 -5.1407e-06 -3.3278e-06 -1.9260e-06 -9.7148e-07 -4.1376e-07 -1.4301e-07 -3.8165e-08 -7.3840e-09 -9.5640e-10 -7.4920e-11 -3.1166e-12 -5.8230e-14 -3.9338e-16 -7.2425e-19 -2.5079e-22 -1.0005e-26 -2.3944e-32 -1.4320e-39 -6.5374e-49 -4.5067e-61 -5.0111e-77 -3.9666e-98 -2.7325e-126 -3.0239e-164 -5.8858e-216 -3.0254e-287 -0.0000e+00 -0.0000e+00 -0.0000e+00 -0.0000e+00 -0.0000e+00 -0.0000e+00 -0.0000e+00 -0.0000e+00 -0.0000e+00 -0.0000e+00 -0.0000e+00 -0.0000e+00 -0.0000e+00 -0.0000e+00 -0.0000e+00 -0.0000e+00 -0.0000e+00 -0.0000e+00 -0.0000e+00 -0.0000e+00 -0.0000e+00 -1.0251e-09 -5.8046e-09 -1.6021e-08 -3.2963e-08 -5.7752e-08 -9.1424e-08 -1.3498e-07 -1.8939e-07 -2.5564e-07 -3.3474e-07 -4.2771e-07 -5.3564e-07 0.0000e+00 -8.0096e-07 -9.6080e-07 -1.1405e-06 -1.3415e-06 -1.5654e-06 -1.8137e-06 -2.0881e-06 -2.3905e-06 -2.7227e-06 -3.0868e-06 -3.4849e-06 -3.9189e-06 -4.3911e-06 -4.9035e-06 -5.4581e-06 -6.0567e-06 -6.7008e-06 -7.3912e-06 -8.1281e-06 -8.9109e-06 -9.7372e-06 -1.0603e-05 -1.1502e-05 -1.2426e-05 -1.3360e-05 -1.4288e-05 -1.5185e-05 -1.6024e-05 -1.6768e-05 -1.7373e-05 -1.7790e-05 -1.7966e-05 -1.7844e-05 -1.7374e-05 -1.6517e-05 -1.5257e-05 -1.3614e-05 -1.1649e-05 -9.4740e-06 -7.2446e-06 -5.1393e-06 -3.3268e-06 -1.9253e-06 -9.7105e-07 -4.1354e-07 -1.4292e-07 -3.8134e-08 -7.3768e-09 -9.5527e-10 -7.4812e-11 -3.1111e-12 -5.8104e-14 -3.9233e-16 -7.2186e-19 -2.4976e-22 -9.9537e-27 -2.3792e-32 -1.4205e-39 -6.4713e-49 -4.4489e-61 -4.9292e-77 -3.8836e-98 -2.6586e-126 -2.9178e-164 -5.6164e-216 -2.8436e-287 -0.0000e+00 -0.0000e+00 -0.0000e+00 -0.0000e+00 -0.0000e+00 -0.0000e+00 -0.0000e+00 -0.0000e+00 -0.0000e+00 -0.0000e+00 -0.0000e+00 -0.0000e+00 -0.0000e+00 -0.0000e+00 -0.0000e+00 -0.0000e+00 -0.0000e+00 -0.0000e+00 -0.0000e+00 -0.0000e+00 -0.0000e+00
-1.2447e-09 -7.0479e-09 -1.9453e-08 -4.0024e-08 -7.0122e-08 -1.1101e-07 -1.6389e-07 -2.2995e-07 -3.1040e-07 -4.0644e-07 -5.1933e-07 -6.5038e-07 -8.0096e-07 3.9441e-05 -1.1666e-06 -1.3848e-06 -1.6289e-06 -1.9007e-06 -2.2022e-06 -2.5354e-06 -2.9025e-06 -3.3060e-06 -3.7480e-06 -4.2313e-06 -4.7583e-06 -5.3316e-06 -5.9538e-06 -6.6273e-06 -7.3541e-06 -8.1361e-06 -8.9744e-06 -9.8692e-06 -1.0820e-05 -1.1823e-05 -1.2875e-05 -1.3966e-05 -1.5088e-05 -1.6222e-05 -1.7348e-05 -1.8439e-05 -1.9457e-05 -2.0360e-05 -2.1095e-05 -2.1603e-05 -2.1816e-05 -2.1668e-05 -2.1098e-05 -2.0058e-05 -1.8529e-05 -1.6533e-05 -1.4148e-05 -1.1507e-05 -8.7999e-06 -6.2431e-06 -4.0417e-06 -2.3393e-06 -1.1800e-06 -5.0263e-07 -1.7375e-07 -4.6372e-08 -8.9732e-09 -1.1625e-09 -9.1082e-11 -3.7900e-12 -7.0837e-14 -4.7875e-16 -8.8192e-19 -3.0559e-22 -1.2202e-26 -2.9235e-32 -1.7509e-39 -8.0078e-49 -5.5334e-61 -6.1716e-77 -4.9049e-98 -3.3967e-126 -3.7853e-164 -7.4368e-216 -3.8705e-287 -0.0000e+00 -0.0000e+00 -0.0000e+00 -0.0000e+00 -0.0000e+00 -0.0000e+00 -0.0000e+00 -0.0000e+00 -0.0000e+00 -0.0000e+00 -0.0000e+00 -0.0000e+00 -0.0000e+00 -0.0000e+00 -0.0000e+00 -0.0000e+00 -0.0000e+00 -0.0000e+00 -0.0000e+00 -0.0000e+00 -0.0000e+00 -1.2447e-09 -7.0479e-09 -1.9453e-08 -4.0024e-08 -7.0122e-08 -1.1101e-07 -1.6389e-07 -2.2995e-07 -3.1040e-07 -4.0644e-07 -5.1933e-07 -6.5038e-07 -8.0096e-07 0.0000e+00 -1.1666e-06 -1.3848e-06 -1.6289e-06 -1.9007e-06 -2.2022e-06 -2.5354e-06 -2.9025e-06 -3.3060e-06 -3.7480e-06 -4.2313e-06 -4.7583e-06 -5.3316e-06 -5.9538e-06 -6.6273e-06 -7.3541e-06 -8.1361e-06 -8.9744e-06 -9.8692e-06 -1.0820e-05 -1.1823e-05 -1.2874e-05 -1.3966e-05 -1.5087e-05 -1.6222e-05 -1.7348e-05 -1.8438e-05 -1.9457e-05 -2.0359e-05 -2.1094e-05 -2.1601e-05 -2.1814e-05 -2.1667e-05 -2.1096e-05 -2.0055e-05 -1.8526e-05 -1.6530e-05 -1.4144e-05 -1.1504e-05 -8.7969e-06 -6.2406e-06 -4.0398e-06 -2.3379e-06 -1.1792e-06 -5.0220e-07 -1.7357e-07 -4.6313e-08 -8.9595e-09 -1.1603e-09 -9.0874e-11 -3.7794e-12 -7.0594e-14 -4.7673e-16 -8.7733e-19 -3.0362e-22 -1.2104e-26 -2.8942e-32 -1.7288e-39 -7.8808e-49 -5.4223e-61 -6.0140e-77 -4.7448e-98 -3.2542e-126 -3.5803e-164 -6.9148e-216 -3.5172e-287 -0.0000e+00 -0.0000e+00 -0.0000e+00 -0.0000e+00 -0.0000e+00 -0.0000e+00 -0.0000e+00 -0.0000e+00 -0.0000e+00 -0.0000e+00 -0.0000e+00 -0.0000e+00 -0.0000e+00 -0.0000e+00 -0.0000e+00 -0.0000e+00 -0.0000e+00 -0.0000e+00 -0.0000e+00 -0.0000e+00 -0.0000e+00
-1.4931e-09 -8.4543e-09 -2.3335e-08 -4.8011e-08 -8.4115e-08 -1.3316e-07 -1.9659e-07 -2.7584e-07 -3.7234e-07 -4.8754e-07 -6.2296e-07 -7.8017e-07 -9.6080e-07 -1.1666e-06 6.0530e-05 -1.6612e-06 -1.9540e-06 -2.2800e-06 -2.6416e-06 -3.0413e-06 -3.4818e-06 -3.9657e-06 -4.4960e-06 -5.0757e-06 -5.7079e-06 -6.3956e-06 -7.1420e-06 -7.9498e-06 -8.8217e-06 -9.7598e-06 -1.0765e-05 -1.1839e-05 -1.2979e-05 -1.4183e-05 -1.5444e-05 -1.6754e-05 -1.8099e-05 -1.9460e-05 -2.0811e-05 -2.2119e-05 -2.3341e-05 -2.4424e-05 -2.5306e-05 -2.5915e-05 -2.6171e-05 -2.5994e-05 -2.5310e-05 -2.4063e-05 -2.2229e-05 -1.9836e-05 -1.6974e-05 -1.3806e-05 -1.0559e-05 -7.4914e-06 -4.8502e-06 -2.8074e-06 -1.4163e-06 -6.0335e-07 -2.0859e-07 -5.5682e-08 -1.0777e-08 -1.3965e-09 -1.0946e-10 -4.5565e-12 -8.5206e-14 -5.7624e-16 -1.0623e-18 -3.6848e-22 -1.4731e-26 -3.5352e-32 -2.1215e-39 -9.7287e-49 -6.7453e-61 -7.5563e-77 -6.0397e-98 -4.2139e-126 -4.7421e-164 -9.4373e-216 -4.9956e-287 -0.0000e+00 -0.0000e+00 -0.0000e+00 -0.0000e+00 -0.0000e+00 -0.0000e+00 -0.0000e+00 -0.0000e+00 -0.0000e+00 -0.0000e+00 -0.0000e+00 -0.0000e+00 -0.0000e+00 -0.0000e+00 -0.0000e+00 -0.0000e+00 -0.0000e+00 -0.0000e+00 -0.0000e+00 -0.0000e+00 -0.0000e+00 -1.4931e-09 -8.4543e-09 -2.3335e-08 -4.8011e-08 -8.4115e-08 -1.3316e-07 -1.9659e-07 -2.7584e-07 -3.7234e-07 -4.8754e-07 -6.2296e-07 -7.8017e-07 -9.6080e-07 -1.1666e-06 0.0000e+00 -1.6612e-06 -1.9540e-06 -2.2800e-06 -2.6416e-06 -3.0413e-06 -3.4818e-06 -3.9657e-06 -4.4960e-06 -5.0757e-06 -5.7079e-06 -6.3956e-06 -7.1420e-06 -7.9498e-06 -8.8217e-06 -9.7597e-06 -1.0765e-05 -1.1839e-05 -1.2979e-05 -1.4182e-05 -1.5444e-05 -1.6753e-05 -1.8098e-05 -1.9459e-05 -2.0810e-05 -2.2118e-05 -2.3339e-05 -2.4423e-05 -2.5304e-05 -2.5913e-05 -2.6168e-05 -2.5991e-05 -2.5306e-05 -2.4058e-05 -2.2224e-05 -1.9830e-05 -1.6968e-05 -1.3801e-05 -1.0553e-05 -7.4868e-06 -4.8466e-06 -2.8049e-06 -1.4148e-06 -6.0256e-07 -2.0826e-07 -5.5574e-08 -1.0752e-08 -1.3925e-09 -1.0908e-10 -4.5370e-12 -8.4760e-14 -5.7252e-16 -1.0539e-18 -3.6484e-22 -1.4551e-26 -3.4812e-32 -2.0809e-39 -9.4942e-49 -6.5400e-61 -7.2648e-77 -5.7431e-98 -3.9495e-126 -4.3609e-164 -8.4633e-216 -4.3334e-287 -0.0000e+00 -0.0000e+00 -0.0000e+00 -0.0000e+00 -0.0000e+00 -0.0000e+00 -0.0000e+00 -0.0000e+00 -0.0000e+00 -0.0000e+00 -0.0000e+00 -0.0000e+00 -0.0000e+00 -0.0000e+00 -0.0000e+00 -0.0000e+00 -0.0000e+00 -0.0000e+00 -0.0000e+00 -0.0000e+00 -0.0000e+00
-1.7724e-09 -1.0036e-08 -2.7700e-08 -5.6991e-08 -9.9849e-08 -1.5807e-07 -2.3337e-07 -3.2744e-07 -4.4198e-07 -5.7874e-07 -7.3949e-07 -9.2610e-07 -1.1405e-06 -1.3848e-06 -1.6612e-06 9.0539e-05 -2.3195e-06 -2.7065e-06 -3.1358e-06 -3.6102e-06 -4.1330e-06 -4.7075e-06 -5.3370e-06 -6.0251e-06 -6.7756e-06 -7.5920e-06 -8.4779e-06 -9.4369e-06 -1.0472e-05 -1.1585e-05 -1.2779e-05 -1.4053e-05 -1.5407e-05 -1.6836e-05 -1.8333e-05 -1.9888e-05 -2.1485e-05 -2.3100e-05 -2.4704e-05 -2.6257e-05 -2.7708e-05 -2.8994e-05 -3.0042e-05 -3.0765e-05 -3.1069e-05 -3.0860e-05 -3.0049e-05 -2.8568e-05 -2.6392e-05 -2.3551e-05 -2.0154e-05 -1.6394e-05 -1.2539e-05 -8.8968e-06 -5.7606e-06 -3.3347e-06 -1.6826e-06 -7.1690e-07 -2.4790e-07 -6.6192e-08 -1.2815e-08 -1.6613e-09 -1.3027e-10 -5.4260e-12 -1.0154e-13 -6.8731e-16 -1.2685e-18 -4.4062e-22 -1.7647e-26 -4.2445e-32 -2.5545e-39 -1.1757e-48 -8.1902e-61 -9.2308e-77 -7.4362e-98 -5.2412e-126 -5.9764e-164 -1.2099e-215 -6.5474e-287 -0.0000e+00 -0.0000e+00 -0.0000e+00 -0.0000e+00 -0.0000e+00 -0.0000e+00 -0.0000e+00 -0.0000e+00 -0.0000e+00 -0.0000e+00 -0.0000e+00 -0.0000e+00 -0.0000e+00 -0.0000e+00 -0.0000e+00 -0.0000e+00 -0.0000e+00 -0.0000e+00 -0.0000e+00 -0.0000e+00 -0.0000e+00 -1.7724e-09 -1.0036e-08 -2.7700e-08 -5.6991e-08 -9.9849e-08 -1.5807e-07 -2.3337e-07 -3.2744e-07 -4.4198e-07 -5.7874e-07 -7.3949e-07 -9.2610e-07 -1.1405e-06 -1.3848e-06 -1.6612e-06 0.0000e+00 -2.3195e-06 -2.7065e-06 -3.1358e-06 -3.6102e-06 -4.1330e-06 -4.7075e-06 -5.3370e-06 -6.0251e-06 -6.7755e-06 -7.5919e-06 -8.4779e-06 -9.4368e-06 -1.0472e-05 -1.1585e-05 -1.2779e-05 -1.4053e-05 -1.5406e-05 -1.6835e-05 -1.8332e-05 -1.9887e-05 -2.1484e-05 -2.3099e-05 -2.4703e-05 -2.6255e-05 -2.7706e-05 -2.8991e-05 -3.0038e-05 -3.0760e-05 -3.1064e-05 -3.0854e-05 -3.0041e-05 -2.8560e-05 -2.6382e-05 -2.3541e-05 -2.0144e-05 -1.6384e-05 -1.2529e-05 -8.8886e-06 -5.7542e-06 -3.3303e-06 -1.6799e-06 -7.1550e-07 -2.4731e-07 -6.6001e-08 -1.2770e-08 -1.6542e-09 -1.2959e-10 -5.3914e-12 -1.0075e-13 -6.8070e-16 -1.2535e-18 -4.3416e-22 -1.7326e-26 -4.1482e-32 -2.4821e-39 -1.1339e-48 -7.8239e-61 -8.7097e-77 -6.9051e-98 -4.7665e-126 -5.2896e-164 -1.0336e-215 -5.3413e-287 -0.0000e+00 -0.0000e+00 -0.0000e+00 -0.0000e+00 -0.0000e+00 -0.0000e+00 -0.0000e+00 -0.0000e+00 -0.0000e+00 -0.0000e+00 -0.0000e+00 -0.0000e+00 -0.0000e+00 -0.0000e+00 -0.0000e+00 -0.0000e+00 -0.0000e+00 -0.0000e+00 -0.0000e+00 -0.0000e+00 -0.0000e+00
