2.9262e-08 -1.3977e-21 -1.3200e-20 -6.4656e-20 -2.2178e-19 -6.0856e-19 -1.4310e-18 -3.0084e-18 -5.8052e-18 -1.0475e-17 -1.7904e-17 -2.9271e-17 -4.6105e-17 -7.0368e-17 -1.0454e-16 -1.5171e-16 -2.1572e-16 -3.0128e-16 -4.1414e-16 -5.6127e-16 -7.5109e-16 -9.9370e-16 -1.3012e-15 -1.6880e-15 -2.1712e-15 -2.7710e-15 -3.5113e-15 -4.4201e-15 -5.5305e-15 -6.8808e-15 -8.5159e-15 -1.0488e-14 -1.2856e-14 -1.5691e-14 -1.9071e-14 -2.3088e-14 -2.7842e-14 -3.3451e-14 -4.0043e-14 -4.7759e-14 -5.6756e-14 -6.7199e-14 -7.9264e-14 -9.3130e-14 -1.0897e-13 -1.2696e-13 -1.4721e-13 -1.6984e-13 -1.9486e-13 -2.2219e-13 -2.5162e-13 -2.8275e-13 -3.1499e-13 -3.4743e-13 -3.7890e-13 -4.0787e-13 -4.3249e-13 -4.5067e-13 -4.6018e-13 -4.5888e-13 -4.4503e-13 -4.1771e-13 -3.7721e-13 -3.2538e-13 -2.6578e-13 -2.0341e-13 -1.4397e-13 -9.2744e-14 -5.3306e-14 -2.6669e-14 -1.1260e-14 -3.8583e-15 -1.0209e-15 -1.9575e-16 -2.5054e-17 -1.9230e-18 -7.6886e-20 -1.3277e-21 -7.6955e-24 -1.0619e-26 -2.1707e-30 -3.3789e-35 -1.5506e-41 -5.2852e-50 -1.7322e-61 -2.4518e-77 -1.1915e-99 -8.4796e-132 -2.2328e-179 -4.6182e-252 0.0000e+00 0.0000e+00 0.0000e+00 0.0000e+00 0.0000e+00 0.0000e+00 0.0000e+00 0.0000e+00 0.0000e+00 0.0000e+00 0.0000e+00 1.3869e-21 1.3193e-20 6.4595e-20 2.2169e-19 6.0835e-19 1.4309e-18 3.0080e-18 5.8051e-18 1.0475e-17 1.7904e-17 2.9271e-17 4.6105e-17 7.0368e-17 1.0454e-16 1.5171e-16 2.1572e-16 3.0128e-16 4.1414e-16 5.6127e-16 7.5109e-16 9.9370e-16 1.3012e-15 1.6880e-15 2.1712e-15 2.7710e-15 3.5113e-15 4.4201e-15 5.5305e-15 6.8808e-15 8.5159e-15 1.0488e-14 1.2856e-14 1.5691e-14 1.9071e-14 2.3088e-14 2.7842e-14 3.3451e-14 4.0043e-14 4.7759e-14 5.6756e-14 6.7199e-14 7.9264e-14 9.3130e-14 1.0897e-13 1.2696e-13 1.4721e-13 1.6984e-13 1.9486e-13 2.2219e-13 2.5162e-13 2.8275e-13 3.1499e-13 3.4743e-13 3.7890e-13 4.0787e-13 4.3249e-13 4.5067e-13 4.6018e-13 4.5888e-13 4.4503e-13 4.1771e-13 3.7721e-13 3.2538e-13 2.6578e-13 2.0341e-13 1.4397e-13 9.2744e-14 5.3306e-14 2.6669e-14 1.1260e-14 3.8583e-15 1.0209e-15 1.9575e-16 2.5054e-17 1.9230e-18 7.6886e-20 1.3277e-21 7.6955e-24 1.0619e-26 2.1707e-30 3.3789e-35 1.5506e-41 5.2852e-50 1.7322e-61 2.4518e-77 1.1915e-99 8.4796e-132 2.2327e-179 4.6182e-252 0.0000e+00 0.0000e+00 0.0000e+00 0.0000e+00 0.0000e+00 0.0000e+00 0.0000e+00 0.0000e+00 0.0000e+00 0.0000e+00
-1.3977e-21 5.6178e-07 -6.0030e-19 -2.9328e-18 -1.0058e-17 -2.7587e-17 -6.4878e-17 -1.3637e-16 -2.6317e-16 -4.7485e-16 -8.1164e-16 -1.3269e-15 -2.0900e-15 -3.1899e-15 -4.7389e-15 -6.8773e-15 -9.7790e-15 -1.3658e-14 -1.8774e-14 -2.5443e-14 -3.4048e-14 -4.5046e-14 -5.8985e-14 -7.6519e-14 -9.8422e-14 -1.2561e-13 -1.5917e-13 -2.0037e-13 -2.5071e-13 -3.1192e-13 -3.8604e-13 -4.7542e-13 -5.8280e-13 -7.1130e-13 -8.6453e-13 -1.0466e-12 -1.2621e-12 -1.5164e-12 -1.8152e-12 -2.1650e-12 -2.5728e-12 -3.0462e-12 -3.5932e-12 -4.2217e-12 -4.9399e-12 -5.7551e-12 -6.6735e-12 -7.6992e-12 -8.8332e-12 -1.0072e-11 -1.1406e-11 -1.2818e-11 -1.4279e-11 -1.5750e-11 -1.7176e-11 -1.8489e-11 -1.9605e-11 -2.0430e-11 -2.0861e-11 -2.0802e-11 -2.0174e-11 -1.8936e-11 -1.7099e-11 -1.4750e-11 -1.2048e-11 -9.2208e-12 -6.5264e-12 -4.2042e-12 -2.4164e-12 -1.2090e-12 -5.1044e-13 -1.7490e-13 -4.6280e-14 -8.8738e-15 -1.1357e-15 -8.7172e-17 -3.4854e-18 -6.0186e-20 -3.4885e-22 -4.8139e-25 -9.8404e-29 -1.5317e-33 -7.0291e-40 -2.3959e-48 -7.8525e-60 -1.1115e-75 -5.4017e-98 -3.8442e-130 -1.0122e-177 -2.0938e-250 0.0000e+00 0.0000e+00 0.0000e+00 0.0000e+00 0.0000e+00 0.0000e+00 0.0000e+00 0.0000e+00 0.0000e+00 0.0000e+00 1.3869e-21 0.0000e+00 6.0017e-19 2.9326e-18 1.0057e-17 2.7586e-17 6.4877e-17 1.3637e-16 2.6317e-16 4.7485e-16 8.1164e-16 1.3269e-15 2.0900e-15 3.1899e-15 4.7389e-15 6.8773e-15 9.7790e-15 1.3658e-14 1.8774e-14 2.5443e-14 3.4048e-14 4.5046e-14 5.8985e-14 7.6519e-14 9.8422e-14 1.2561e-13 1.5917e-13 2.0037e-13 2.5071e-13 3.1192e-13 3.8604e-13 4.7542e-13 5.8280e-13 7.1130e-13 8.6453e-13 1.0466e-12 1.2621e-12 1.5164e-12 1.8152e-12 2.1650e-12 2.5728e-12 3.0462e-12 3.5932e-12 4.2217e-12 4.9399e-12 5.7551e-12 6.6735e-12 7.6992e-12 8.8332e-12 1.0072e-11 1.1406e-11 1.2818e-11 1.4279e-11 1.5750e-11 1.7176e-11 1.8489e-11 1.9605e-11 2.0430e-11 2.0861e-11 2.0802e-11 2.0174e-11 1.8936e-11 1.7099e-11 1.4750e-11 1.2048e-11 9.2208e-12 6.5264e-12 4.2042e-12 2.4164e-12 1.2090e-12 5.1044e-13 1.7490e-13 4.6280e-14 8.8738e-15 1.1357e-15 8.7172e-17 3.4854e-18 6.0186e-20 3.4885e-22 4.8139e-25 9.8403e-29 1.5317e-33 7.0290e-40 2.3959e-48 7.8524e-60 1.1114e-75 5.4015e-98 3.8440e-130 1.0122e-177 2.0936e-250 0.0000e+00 0.0000e+00 0.0000e+00 0.0000e+00 0.0000e+00 0.0000e+00 0.0000e+00 0.0000e+00 0.0000e+00 0.0000e+00
-1.3200e-20 -6.0030e-19 2.8491e-06 -2.7354e-17 -9.3807e-17 -2.5729e-16 -6.0510e-16 -1.2719e-15 -2.4545e-15 -4.4288e-15 -7.5699e-15 -1.2376e-14 -1.9493e-14 -2.9751e-14 -4.4198e-14 -6.4142e-14 -9.1205e-14 -1.2738e-13 -1.7510e-13 -2.3730e-13 -3.1755e-13 -4.2013e-13 -5.5014e-13 -7.1367e-13 -9.1795e-13 -1.1715e-12 -1.4845e-12 -1.8688e-12 -2.3383e-12 -2.9092e-12 -3.6005e-12 -4.4341e-12 -5.4356e-12 -6.6341e-12 -8.0632e-12 -9.7613e-12 -1.1772e-11 -1.4143e-11 -1.6930e-11 -2.0192e-11 -2.3996e-11 -2.8411e-11 -3.3512e-11 -3.9375e-11 -4.6073e-11 -5.3676e-11 -6.2241e-11 -7.1808e-11 -8.2385e-11 -9.3939e-11 -1.0638e-10 -1.1955e-10 -1.3317e-10 -1.4689e-10 -1.6020e-10 -1.7244e-10 -1.8285e-10 -1.9054e-10 -1.9456e-10 -1.9401e-10 -1.8816e-10 -1.7661e-10 -1.5948e-10 -1.3757e-10 -1.1237e-10 -8.6000e-11 -6.0870e-11 -3.9212e-11 -2.2537e-11 -1.1276e-11 -4.7607e-12 -1.6313e-12 -4.3164e-13 -8.2764e-14 -1.0593e-14 -8.1304e-16 -3.2508e-17 -5.6135e-19 -3.2537e-21 -4.4900e-24 -9.1782e-28 -1.4287e-32 -6.5563e-39 -2.2348e-47 -7.3246e-59 -1.0368e-74 -5.0390e-97 -3.5863e-129 -9.4443e-177 -1.9538e-249 0.0000e+00 0.0000e+00 0.0000e+00 0.0000e+00 0.0000e+00 0.0000e+00 0.0000e+00 0.0000e+00 0.0000e+00 0.0000e+00 1.3193e-20 6.0017e-19 0.0000e+00 2.7354e-17 9.3807e-17 2.5729e-16 6.0510e-16 1.2719e-15 2.4545e-15 4.4288e-15 7.5699e-15 1.2376e-14 1.9493e-14 2.9751e-14 4.4198e-14 6.4142e-14 9.1205e-14 1.2738e-13 1.7510e-13 2.3730e-13 3.1755e-13 4.2013e-13 5.5014e-13 7.1367e-13 9.1795e-13 1.1715e-12 1.4845e-12 1.8688e-12 2.3383e-12 2.9092e-12 3.6005e-12 4.4341e-12 5.4356e-12 6.6341e-12 8.0632e-12 9.7613e-12 1.1772e-11 1.4143e-11 1.6930e-11 2.0192e-11 2.3996e-11 2.8411e-11 3.3512e-11 3.9375e-11 4.6073e-11 5.3676e-11 6.2241e-11 7.1808e-11 8.2385e-11 9.3939e-11 1.0638e-10 1.1955e-10 1.3317e-10 1.4689e-10 1.6020e-10 1.7244e-10 1.8285e-10 1.9054e-10 1.9456e-10 1.9401e-10 1.8816e-10 1.7661e-10 1.5948e-10 1.3757e-10 1.1237e-10 8.6000e-11 6.0870e-11 3.9211e-11 2.2537e-11 1.1276e-11 4.7607e-12 1.6313e-12 4.3164e-13 8.2763e-14 1.0593e-14 8.1303e-16 3.2507e-17 5.6134e-19 3.2536e-21 4.4898e-24 9.1779e-28 1.4286e-32 6.5559e-39 2.2346e-47 7.3239e-59 1.0367e-74 5.0381e-97 3.5855e-129 9.4414e-177 1.9530e-249 0.0000e+00 0.0000e+00 0.0000e+00 0.0000e+00 0.0000e+00 0.0000e+00 0.0000e+00 0.0000e+00 0.0000e+00 0.0000e+00
-6.4656e-20 -2.9328e-18 -2.7354e-17 9.0250e-06 -4.5826e-16 -1.2569e-15 -2.9560e-15 -6.2135e-15 -1.1991e-14 -2.1635e-14 -3.6980e-14 -6.0456e-14 -9.5226e-14 -1.4534e-13 -2.1591e-13 -3.1334e-13 -4.4555e-13 -6.2227e-13 -8.5537e-13 -1.1593e-12 -1.5513e-12 -2.0524e-12 -2.6875e-12 -3.4864e-12 -4.4843e-12 -5.7232e-12 -7.2522e-12 -9.1294e-12 -1.1423e-11 -1.4212e-11 -1.7589e-11 -2.1661e-11 -2.6554e-11 -3.2409e-11 -3.9390e-11 -4.7685e-11 -5.7506e-11 -6.9090e-11 -8.2704e-11 -9.8642e-11 -1.1722e-10 -1.3879e-10 -1.6371e-10 -1.9235e-10 -2.2507e-10 -2.6222e-10 -3.0406e-10 -3.5079e-10 -4.0246e-10 -4.5891e-10 -5.1969e-10 -5.8401e-10 -6.5058e-10 -7.1760e-10 -7.8259e-10 -8.4242e-10 -8.9327e-10 -9.3083e-10 -9.5047e-10 -9.4778e-10 -9.1918e-10 -8.6276e-10 -7.7910e-10 -6.7205e-10 -5.4895e-10 -4.2013e-10 -2.9736e-10 -1.9156e-10 -1.1010e-10 -5.5084e-11 -2.3257e-11 -7.9692e-12 -2.1087e-12 -4.0433e-13 -5.1749e-14 -3.9720e-15 -1.5881e-16 -2.7425e-18 -1.5896e-20 -2.1936e-23 -4.4843e-27 -6.9804e-32 -3.2035e-38 -1.0920e-46 -3.5793e-58 -5.0669e-74 -2.4629e-96 -1.7532e-128 -4.6184e-176 -9.5587e-249 0.0000e+00 0.0000e+00 0.0000e+00 0.0000e+00 0.0000e+00 0.0000e+00 0.0000e+00 0.0000e+00 0.0000e+00 0.0000e+00 6.4595e-20 2.9326e-18 2.7354e-17 0.0000e+00 4.5826e-16 1.2569e-15 2.9560e-15 6.2135e-15 1.1991e-14 2.1635e-14 3.6980e-14 6.0456e-14 9.5226e-14 1.4534e-13 2.1591e-13 3.1334e-13 4.4555e-13 6.2227e-13 8.5537e-13 1.1593e-12 1.5513e-12 2.0524e-12 2.6875e-12 3.4864e-12 4.4843e-12 5.7232e-12 7.2522e-12 9.1294e-12 1.1423e-11 1.4212e-11 1.7589e-11 2.1661e-11 2.6554e-11 3.2409e-11 3.9390e-11 4.7685e-11 5.7506e-11 6.9090e-11 8.2704e-11 9.8642e-11 1.1722e-10 1.3879e-10 1.6371e-10 1.9235e-10 2.2507e-10 2.6222e-10 3.0406e-10 3.5079e-10 4.0246e-10 4.5891e-10 5.1969e-10 5.8401e-10 6.5058e-10 7.1760e-10 7.8259e-10 8.4241e-10 8.9327e-10 9.3082e-10 9.5046e-10 9.4777e-10 9.1918e-10 8.6275e-10 7.7909e-10 6.7204e-10 5.4895e-10 4.2012e-10 2.9736e-10 1.9155e-10 1.1010e-10 5.5084e-11 2.3257e-11 7.9690e-12 2.1086e-12 4.0432e-13 5.1747e-14 3.9719e-15 1.5880e-16 2.7423e-18 1.5895e-20 2.1934e-23 4.4837e-27 6.9794e-32 3.2029e-38 1.0917e-46 3.5782e-58 5.0650e-74 2.4616e-96 1.7520e-128 4.6138e-176 9.5452e-249 0.0000e+00 0.0000e+00 0.0000e+00 0.0000e+00 0.0000e+00 0.0000e+00 0.0000e+00 0.0000e+00 0.0000e+00 0.0000e+00
-2.2178e-19 -1.0058e-17 -9.3807e-17 -4.5826e-16 2.2098e-05 -4.3104e-15 -1.0137e-14 -2.1308e-14 -4.1120e-14 -7.4195e-14 -1.2682e-13 -2.0733e-13 -3.2656e-13 -4.9842e-13 -7.4044e-13 -1.0746e-12 -1.5280e-12 -2.1340e-12 -2.9334e-12 -3.9755e-12 -5.3200e-12 -7.0384e-12 -9.2164e-12 -1.1956e-11 -1.5378e-11 -1.9627e-11 -2.4870e-11 -3.1308e-11 -3.9173e-11 -4.8737e-11 -6.0318e-11 -7.4284e-11 -9.1062e-11 -1.1114e-10 -1.3508e-10 -1.6353e-10 -1.9721e-10 -2.3693e-10 -2.8362e-10 -3.3828e-10 -4.0200e-10 -4.7597e-10 -5.6143e-10 -6.5964e-10 -7.7185e-10 -8.9923e-10 -1.0427e-09 -1.2030e-09 -1.3802e-09 -1.5738e-09 -1.7822e-09 -2.0028e-09 -2.2311e-09 -2.4609e-09 -2.6838e-09 -2.8890e-09 -3.0634e-09 -3.1921e-09 -3.2595e-09 -3.2503e-09 -3.1522e-09 -2.9587e-09 -2.6718e-09 -2.3047e-09 -1.8826e-09 -1.4408e-09 -1.0198e-09 -6.5693e-10 -3.7759e-10 -1.8891e-10 -7.9761e-11 -2.7330e-11 -7.2319e-12 -1.3867e-12 -1.7748e-13 -1.3623e-14 -5.4469e-16 -9.4062e-18 -5.4523e-20 -7.5243e-23 -1.5382e-26 -2.3946e-31 -1.0990e-37 -3.7467e-46 -1.2283e-57 -1.7391e-73 -8.4559e-96 -6.0218e-128 -1.5872e-175 -3.2880e-248 0.0000e+00 0.0000e+00 0.0000e+00 0.0000e+00 0.0000e+00 0.0000e+00 0.0000e+00 0.0000e+00 0.0000e+00 0.0000e+00 2.2169e-19 1.0057e-17 9.3807e-17 4.5826e-16 0.0000e+00 4.3104e-15 1.0137e-14 2.1308e-14 4.1120e-14 7.4195e-14 1.2682e-13 2.0733e-13 3.2656e-13 4.9842e-13 7.4044e-13 1.0746e-12 1.5280e-12 2.1340e-12 2.9334e-12 3.9755e-12 5.3200e-12 7.0384e-12 9.2164e-12 1.1956e-11 1.5378e-11 1.9627e-11 2.4870e-11 3.1308e-11 3.9173e-11 4.8737e-11 6.0318e-11 7.4284e-11 9.1062e-11 1.1114e-10 1.3508e-10 1.6353e-10 1.9721e-10 2.3693e-10 2.8362e-10 3.3828e-10 4.0200e-10 4.7597e-10 5.6143e-10 6.5964e-10 7.7185e-10 8.9923e-10 1.0427e-09 1.2030e-09 1.3802e-09 1.5738e-09 1.7822e-09 2.0028e-09 2.2311e-09 2.4609e-09 2.6838e-09 2.8889e-09 3.0633e-09 3.1921e-09 3.2595e-09 3.2503e-09 3.1522e-09 2.9587e-09 2.6718e-09 2.3047e-09 1.8825e-09 1.4408e-09 1.0198e-09 6.5691e-10 3.7757e-10 1.8890e-10 7.9757e-11 2.7329e-11 7.2314e-12 1.3866e-12 1.7746e-13 1.3621e-14 5.4462e-16 9.4048e-18 5.4513e-20 7.5225e-23 1.5378e-26 2.3937e-31 1.0985e-37 3.7446e-46 1.2274e-57 1.7374e-73 8.4450e-96 6.0113e-128 1.5834e-175 3.2767e-248 0.0000e+00 0.0000e+00 0.0000e+00 0.0000e+00 0.0000e+00 0.0000e+00 0.0000e+00 0.0000e+00 0.0000e+00 0.0000e+00
-6.0856e-19 -2.7587e-17 -2.5729e-16 -1.2569e-15 -4.3104e-15 4.5985e-05 -2.7804e-14 -5.8444e-14 -1.1278e-13 -2.0350e-13 -3.4784e-13 -5.6865e-13 -8.9570e-13 -1.3671e-12 -2.0309e-12 -2.9473e-12 -4.1909e-12 -5.8531e-12 -8.0456e-12 -1.0904e-11 -1.4592e-11 -1.9305e-11 -2.5279e-11 -3.2793e-11 -4.2180e-11 -5.3832e-11 -6.8214e-11 -8.5871e-11 -1.0744e-10 -1.3368e-10 -1.6544e-10 -2.0375e-10 -2.4976e-10 -3.0484e-10 -3.7050e-10 -4.4853e-10 -5.4090e-10 -6.4986e-10 -7.7792e-10 -9.2783e-10 -1.1026e-09 -1.3055e-09 -1.5399e-09 -1.8093e-09 -2.1170e-09 -2.4664e-09 -2.8600e-09 -3.2996e-09 -3.7856e-09 -4.3165e-09 -4.8883e-09 -5.4932e-09 -6.1194e-09 -6.7498e-09 -7.3611e-09 -7.9239e-09 -8.4023e-09 -8.7555e-09 -8.9403e-09 -8.9150e-09 -8.6461e-09 -8.1153e-09 -7.3285e-09 -6.3216e-09 -5.1637e-09 -3.9519e-09 -2.7972e-09 -1.8019e-09 -1.0357e-09 -5.1818e-10 -2.1879e-10 -7.4968e-11 -1.9838e-11 -3.8039e-12 -4.8686e-13 -3.7371e-14 -1.4943e-15 -2.5806e-17 -1.4959e-19 -2.0645e-22 -4.2209e-26 -6.5716e-31 -3.0166e-37 -1.0286e-45 -3.3729e-57 -4.7775e-73 -2.3241e-95 -1.6563e-127 -4.3704e-175 -9.0688e-248 0.0000e+00 0.0000e+00 0.0000e+00 0.0000e+00 0.0000e+00 0.0000e+00 0.0000e+00 0.0000e+00 0.0000e+00 0.0000e+00 6.0835e-19 2.7586e-17 2.5729e-16 1.2569e-15 4.3104e-15 0.0000e+00 2.7804e-14 5.8444e-14 1.1278e-13 2.0350e-13 3.4784e-13 5.6865e-13 8.9570e-13 1.3671e-12 2.0309e-12 2.9473e-12 4.1909e-12 5.8531e-12 8.0456e-12 1.0904e-11 1.4592e-11 1.9305e-11 2.5279e-11 3.2793e-11 4.2180e-11 5.3832e-11 6.8214e-11 8.5871e-11 1.0744e-10 1.3368e-10 1.6544e-10 2.0375e-10 2.4976e-10 3.0484e-10 3.7050e-10 4.4853e-10 5.4090e-10 6.4986e-10 7.7792e-10 9.2783e-10 1.1026e-09 1.3055e-09 1.5399e-09 1.8093e-09 2.1170e-09 2.4664e-09 2.8600e-09 3.2996e-09 3.7856e-09 4.3165e-09 4.8882e-09 5.4932e-09 6.1194e-09 6.7497e-09 7.3610e-09 7.9238e-09 8.4022e-09 8.7554e-09 8.9401e-09 8.9148e-09 8.6459e-09 8.1151e-09 7.3282e-09 6.3213e-09 5.1635e-09 3.9518e-09 2.7970e-09 1.8018e-09 1.0356e-09 5.1813e-10 2.1876e-10 7.4960e-11 1.9835e-11 3.8032e-12 4.8677e-13 3.7363e-14 1.4939e-15 2.5797e-17 1.4953e-19 2.0635e-22 4.2184e-26 6.5668e-31 3.0138e-37 1.0274e-45 3.3677e-57 4.7679e-73 2.3179e-95 1.6503e-127 4.3485e-175 9.0041e-248 0.0000e+00 0.0000e+00 0.0000e+00 0.0000e+00 0.0000e+00 0.0000e+00 0.0000e+00 0.0000e+00 0.0000e+00 0.0000e+00
-1.4310e-18 -6.4878e-17 -6.0510e-16 -2.9560e-15 -1.0137e-14 -2.7804e-14 8.5553e-05 -1.3745e-13 -2.6524e-13 -4.7859e-13 -8.1803e-13 -1.3373e-12 -2.1065e-12 -3.2150e-12 -4.7762e-12 -6.9314e-12 -9.8559e-12 -1.3765e-11 -1.8921e-11 -2.5643e-11 -3.4316e-11 -4.5400e-11 -5.9449e-11 -7.7121e-11 -9.9196e-11 -1.2660e-10 -1.6042e-10 -2.0195e-10 -2.5268e-10 -3.1437e-10 -3.8908e-10 -4.7917e-10 -5.8739e-10 -7.1690e-10 -8.7134e-10 -1.0548e-09 -1.2721e-09 -1.5283e-09 -1.8295e-09 -2.1820e-09 -2.5931e-09 -3.0702e-09 -3.6215e-09 -4.2550e-09 -4.9788e-09 -5.8004e-09 -6.7261e-09 -7.7599e-09 -8.9029e-09 -1.0152e-08 -1.1496e-08 -1.2919e-08 -1.4392e-08 -1.5874e-08 -1.7312e-08 -1.8635e-08 -1.9761e-08 -2.0591e-08 -2.1026e-08 -2.0967e-08 -2.0334e-08 -1.9086e-08 -1.7236e-08 -1.4868e-08 -1.2144e-08 -9.2946e-09 -6.5788e-09 -4.2380e-09 -2.4359e-09 -1.2188e-09 -5.1460e-10 -1.7633e-10 -4.6662e-11 -8.9476e-12 -1.1453e-12 -8.7914e-14 -3.5154e-15 -6.0715e-17 -3.5198e-19 -4.8584e-22 -9.9343e-26 -1.5470e-30 -7.1028e-37 -2.4227e-45 -7.9480e-57 -1.1265e-72 -5.4845e-95 -3.9134e-127 -1.0345e-174 -2.1525e-247 0.0000e+00 0.0000e+00 0.0000e+00 0.0000e+00 0.0000e+00 0.0000e+00 0.0000e+00 0.0000e+00 0.0000e+00 0.0000e+00 1.4309e-18 6.4877e-17 6.0510e-16 2.9560e-15 1.0137e-14 2.7804e-14 0.0000e+00 1.3745e-13 2.6524e-13 4.7859e-13 8.1803e-13 1.3373e-12 2.1065e-12 3.2150e-12 4.7762e-12 6.9314e-12 9.8559e-12 1.3765e-11 1.8921e-11 2.5643e-11 3.4316e-11 4.5400e-11 5.9449e-11 7.7121e-11 9.9196e-11 1.2660e-10 1.6042e-10 2.0195e-10 2.5268e-10 3.1437e-10 3.8908e-10 4.7916e-10 5.8739e-10 7.1690e-10 8.7134e-10 1.0548e-09 1.2721e-09 1.5283e-09 1.8295e-09 2.1820e-09 2.5931e-09 3.0702e-09 3.6214e-09 4.2549e-09 4.9788e-09 5.8004e-09 6.7260e-09 7.7598e-09 8.9028e-09 1.0151e-08 1.1496e-08 1.2919e-08 1.4391e-08 1.5874e-08 1.7312e-08 1.8635e-08 1.9760e-08 2.0591e-08 2.1025e-08 2.0966e-08 2.0333e-08 1.9085e-08 1.7234e-08 1.4867e-08 1.2144e-08 9.2938e-09 6.5781e-09 4.2375e-09 2.4356e-09 1.2186e-09 5.1450e-10 1.7630e-10 4.6650e-11 8.9449e-12 1.1449e-12 8.7877e-14 3.5137e-15 6.0678e-17 3.5172e-19 4.8540e-22 9.9232e-26 1.5448e-30 7.0905e-37 2.4174e-45 7.9254e-57 1.1223e-72 5.4574e-95 3.8872e-127 1.0249e-174 2.1241e-247 0.0000e+00 0.0000e+00 0.0000e+00 0.0000e+00 0.0000e+00 0.0000e+00 0.0000e+00 0.0000e+00 0.0000e+00 0.0000e+00
-3.0084e-18 -1.3637e-16 -1.2719e-15 -6.2135e-15 -2.1308e-14 -5.8444e-14 -1.3745e-13 1.4666e-04 -5.5753e-13 -1.0060e-12 -1.7195e-12 -2.8111e-12 -4.4278e-12 -6.7580e-12 -1.0039e-11 -1.4570e-11 -2.0717e-11 -2.8934e-11 -3.9773e-11 -5.3902e-11 -7.2132e-11 -9.5432e-11 -1.2496e-10 -1.6211e-10 -2.0851e-10 -2.6611e-10 -3.3721e-10 -4.2450e-10 -5.3113e-10 -6.6081e-10 -8.1784e-10 -1.0072e-09 -1.2347e-09 -1.5069e-09 -1.8316e-09 -2.2173e-09 -2.6739e-09 -3.2125e-09 -3.8456e-09 -4.5867e-09 -5.4507e-09 -6.4536e-09 -7.6123e-09 -8.9440e-09 -1.0466e-08 -1.2193e-08 -1.4138e-08 -1.6311e-08 -1.8714e-08 -2.1339e-08 -2.4165e-08 -2.7156e-08 -3.0252e-08 -3.3368e-08 -3.6390e-08 -3.9173e-08 -4.1538e-08 -4.3284e-08 -4.4198e-08 -4.4074e-08 -4.2744e-08 -4.0121e-08 -3.6231e-08 -3.1254e-08 -2.5530e-08 -1.9539e-08 -1.3830e-08 -8.9095e-09 -5.1211e-09 -2.5623e-09 -1.0819e-09 -3.7074e-10 -9.8109e-11 -1.8814e-11 -2.4083e-12 -1.8488e-13 -7.3935e-15 -1.2771e-16 -7.4046e-19 -1.0222e-21 -2.0907e-25 -3.2566e-30 -1.4958e-36 -5.1047e-45 -1.6758e-56 -2.3773e-72 -1.1590e-94 -8.2853e-127 -2.1962e-174 -4.5891e-247 0.0000e+00 0.0000e+00 0.0000e+00 0.0000e+00 0.0000e+00 0.0000e+00 0.0000e+00 0.0000e+00 0.0000e+00 0.0000e+00 3.0080e-18 1.3637e-16 1.2719e-15 6.2135e-15 2.1308e-14 5.8444e-14 1.3745e-13 0.0000e+00 5.5753e-13 1.0060e-12 1.7195e-12 2.8111e-12 4.4278e-12 6.7580e-12 1.0039e-11 1.4570e-11 2.0717e-11 2.8934e-11 3.9773e-11 5.3902e-11 7.2132e-11 9.5432e-11 1.2496e-10 1.6211e-10 2.0851e-10 2.6611e-10 3.3721e-10 4.2450e-10 5.3113e-10 6.6081e-10 8.1784e-10 1.0072e-09 1.2347e-09 1.5069e-09 1.8316e-09 2.2173e-09 2.6739e-09 3.2125e-09 3.8456e-09 4.5866e-09 5.4506e-09 6.4536e-09 7.6123e-09 8.9439e-09 1.0465e-08 1.2192e-08 1.4138e-08 1.6311e-08 1.8714e-08 2.1338e-08 2.4165e-08 2.7155e-08 3.0251e-08 3.3367e-08 3.6389e-08 3.9171e-08 4.1536e-08 4.3282e-08 4.4196e-08 4.4071e-08 4.2741e-08 4.0118e-08 3.6228e-08 3.1250e-08 2.5526e-08 1.9536e-08 1.3828e-08 8.9077e-09 5.1199e-09 2.5616e-09 1.0816e-09 3.7060e-10 9.8067e-11 1.8804e-11 2.4068e-12 1.8474e-13 7.3870e-15 1.2757e-16 7.3952e-19 1.0206e-21 2.0867e-25 3.2489e-30 1.4913e-36 5.0853e-45 1.6676e-56 2.3622e-72 1.1492e-94 8.1906e-127 2.1615e-174 4.4862e-247 0.0000e+00 0.0000e+00 0.0000e+00 0.0000e+00 0.0000e+00 0.0000e+00 0.0000e+00 0.0000e+00 0.0000e+00 0.0000e+00
-5.8052e-18 -2.6317e-16 -2.4545e-15 -1.1991e-14 -4.1120e-14 -1.1278e-13 -2.6524e-13 -5.5753e-13 2.3623e-04 -1.9413e-12 -3.3182e-12 -5.4247e-12 -8.5446e-12 -1.3041e-11 -1.9374e-11 -2.8116e-11 -3.9979e-11 -5.5836e-11 -7.6752e-11 -1.0402e-10 -1.3920e-10 -1.8416e-10 -2.4115e-10 -3.1283e-10 -4.0238e-10 -5.1354e-10 -6.5074e-10 -8.1918e-10 -1.0250e-09 -1.2752e-09 -1.5782e-09 -1.9437e-09 -2.3827e-09 -2.9080e-09 -3.5345e-09 -4.2788e-09 -5.1600e-09 -6.1995e-09 -7.4211e-09 -8.8512e-09 -1.0519e-08 -1.2454e-08 -1.4690e-08 -1.7260e-08 -2.0196e-08 -2.3529e-08 -2.7284e-08 -3.1478e-08 -3.6114e-08 -4.1180e-08 -4.6634e-08 -5.2406e-08 -5.8380e-08 -6.4394e-08 -7.0227e-08 -7.5597e-08 -8.0162e-08 -8.3533e-08 -8.5297e-08 -8.5057e-08 -8.2493e-08 -7.7431e-08 -6.9924e-08 -6.0319e-08 -4.9272e-08 -3.7711e-08 -2.6693e-08 -1.7196e-08 -9.8847e-09 -4.9458e-09 -2.0884e-09 -7.1569e-10 -1.8940e-10 -3.6324e-11 -4.6500e-12 -3.5701e-13 -1.4279e-14 -2.4668e-16 -1.4306e-18 -1.9754e-21 -4.0416e-25 -6.2981e-30 -2.8944e-36 -9.8850e-45 -3.2483e-56 -4.6144e-72 -2.2539e-94 -1.6157e-126 -4.3002e-174 -9.0403e-247 0.0000e+00 0.0000e+00 0.0000e+00 0.0000e+00 0.0000e+00 0.0000e+00 0.0000e+00 0.0000e+00 0.0000e+00 0.0000e+00 5.8051e-18 2.6317e-16 2.4545e-15 1.1991e-14 4.1120e-14 1.1278e-13 2.6524e-13 5.5753e-13 0.0000e+00 1.9413e-12 3.3182e-12 5.4247e-12 8.5446e-12 1.3041e-11 1.9374e-11 2.8116e-11 3.9979e-11 5.5836e-11 7.6752e-11 1.0402e-10 1.3920e-10 1.8416e-10 2.4115e-10 3.1283e-10 4.0238e-10 5.1354e-10 6.5074e-10 8.1918e-10 1.0250e-09 1.2752e-09 1.5782e-09 1.9437e-09 2.3827e-09 2.9080e-09 3.5345e-09 4.2788e-09 5.1600e-09 6.1995e-09 7.4211e-09 8.8512e-09 1.0519e-08 1.2454e-08 1.4690e-08 1.7260e-08 2.0196e-08 2.3529e-08 2.7283e-08 3.1477e-08 3.6113e-08 4.1178e-08 4.6633e-08 5.2404e-08 5.8378e-08 6.4391e-08 7.0223e-08 7.5592e-08 8.0156e-08 8.3526e-08 8.5289e-08 8.5048e-08 8.2483e-08 7.7420e-08 6.9913e-08 6.0308e-08 4.9262e-08 3.7702e-08 2.6686e-08 1.7191e-08 9.8809e-09 4.9437e-09 2.0874e-09 7.1526e-10 1.8927e-10 3.6294e-11 4.6454e-12 3.5659e-13 1.4259e-14 2.4627e-16 1.4277e-18 1.9705e-21 4.0292e-25 6.2741e-30 2.8806e-36 9.8249e-45 3.2229e-56 4.5673e-72 2.2234e-94 1.5862e-126 4.1916e-174 8.7178e-247 0.0000e+00 0.0000e+00 0.0000e+00 0.0000e+00 0.0000e+00 0.0000e+00 0.0000e+00 0.0000e+00 0.0000e+00 0.0000e+00
-1.0475e-17 -4.7485e-16 -4.4288e-15 -2.1635e-14 -7.4195e-14 -2.0350e-13 -4.7859e-13 -1.0060e-12 -1.9413e-12 3.6228e-04 -5.9873e-12 -9.7882e-12 -1.5418e-11 -2.3531e-11 -3.4957e-11 -5.0732e-11 -7.2137e-11 -1.0075e-10 -1.3849e-10 -1.8769e-10 -2.5116e-10 -3.3229e-10 -4.3512e-10 -5.6446e-10 -7.2603e-10 -9.2661e-10 -1.1742e-09 -1.4781e-09 -1.8494e-09 -2.3010e-09 -2.8477e-09 -3.5071e-09 -4.2992e-09 -5.2471e-09 -6.3775e-09 -7.7206e-09 -9.3106e-09 -1.1186e-08 -1.3390e-08 -1.5971e-08 -1.8979e-08 -2.2472e-08 -2.6507e-08 -3.1144e-08 -3.6442e-08 -4.2456e-08 -4.9231e-08 -5.6798e-08 -6.5165e-08 -7.4305e-08 -8.4147e-08 -9.4562e-08 -1.0534e-07 -1.1620e-07 -1.2672e-07 -1.3641e-07 -1.4465e-07 -1.5073e-07 -1.5392e-07 -1.5349e-07 -1.4886e-07 -1.3973e-07 -1.2619e-07 -1.0885e-07 -8.8920e-08 -6.8058e-08 -4.8175e-08 -3.1037e-08 -1.7841e-08 -8.9272e-09 -3.7698e-09 -1.2920e-09 -3.4194e-10 -6.5584e-11 -8.3968e-12 -6.4477e-13 -2.5793e-14 -4.4570e-16 -2.5855e-18 -3.5715e-21 -7.3104e-25 -1.1399e-29 -5.2427e-36 -1.7923e-44 -5.8980e-56 -8.3945e-72 -4.1113e-94 -2.9585e-126 -7.9182e-174 -1.6788e-246 0.0000e+00 0.0000e+00 0.0000e+00 0.0000e+00 0.0000e+00 0.0000e+00 0.0000e+00 0.0000e+00 0.0000e+00 0.0000e+00 1.0475e-17 4.7485e-16 4.4288e-15 2.1635e-14 7.4195e-14 2.0350e-13 4.7859e-13 1.0060e-12 1.9413e-12 0.0000e+00 5.9873e-12 9.7882e-12 1.5418e-11 2.3531e-11 3.4957e-11 5.0732e-11 7.2137e-11 1.0075e-10 1.3849e-10 1.8769e-10 2.5116e-10 3.3229e-10 4.3512e-10 5.6446e-10 7.2603e-10 9.2661e-10 1.1742e-09 1.4781e-09 1.8494e-09 2.3010e-09 2.8477e-09 3.5071e-09 4.2992e-09 5.2471e-09 6.3775e-09 7.7205e-09 9.3105e-09 1.1186e-08 1.3390e-08 1.5971e-08 1.8979e-08 2.2471e-08 2.6506e-08 3.1143e-08 3.6441e-08 4.2454e-08 4.9229e-08 5.6796e-08 6.5162e-08 7.4301e-08 8.4143e-08 9.4556e-08 1.0534e-07 1.1619e-07 1.2671e-07 1.3640e-07 1.4463e-07 1.5071e-07 1.5390e-07 1.5346e-07 1.4883e-07 1.3970e-07 1.2615e-07 1.0882e-07 8.8891e-08 6.8032e-08 4.8154e-08 3.1021e-08 1.7831e-08 8.9212e-09 3.7668e-09 1.2908e-09 3.4158e-10 6.5501e-11 8.3842e-12 6.4362e-13 2.5738e-14 4.4455e-16 2.5774e-18 3.5579e-21 7.2761e-25 1.1332e-29 5.2043e-36 1.7757e-44 5.8275e-56 8.2637e-72 4.0265e-94 2.8762e-126 7.6153e-174 1.5885e-246 0.0000e+00 0.0000e+00 0.0000e+00 0.0000e+00 0.0000e+00 0.0000e+00 0.0000e+00 0.0000e+00 0.0000e+00 0.0000e+00
-1.7904e-17 -8.1164e-16 -7.5699e-15 -3.6980e-14 -1.2682e-13 -3.4784e-13 -8.1803e-13 -1.7195e-12 -3.3182e-12 -5.9873e-12 5.3406e-04 -1.6730e-11 -2.6353e-11 -4.0221e-11 -5.9751e-11 -8.6714e-11 -1.2330e-10 -1.7220e-10 -2.3671e-10 -3.2081e-10 -4.2930e-10 -5.6797e-10 -7.4373e-10 -9.6481e-10 -1.2410e-09 -1.5838e-09 -2.0070e-09 -2.5264e-09 -3.1611e-09 -3.9329e-09 -4.8675e-09 -5.9945e-09 -7.3484e-09 -8.9687e-09 -1.0901e-08 -1.3196e-08 -1.5914e-08 -1.9120e-08 -2.2888e-08 -2.7299e-08 -3.2441e-08 -3.8411e-08 -4.5307e-08 -5.3233e-08 -6.2289e-08 -7.2569e-08 -8.4150e-08 -9.7085e-08 -1.1139e-07 -1.2701e-07 -1.4383e-07 -1.6164e-07 -1.8007e-07 -1.9862e-07 -2.1661e-07 -2.3318e-07 -2.4726e-07 -2.5766e-07 -2.6311e-07 -2.6238e-07 -2.5448e-07 -2.3887e-07 -2.1572e-07 -1.8609e-07 -1.5202e-07 -1.1636e-07 -8.2369e-08 -5.3068e-08 -3.0507e-08 -1.5266e-08 -6.4471e-09 -2.2097e-09 -5.8491e-10 -1.1220e-10 -1.4367e-11 -1.1035e-12 -4.4154e-14 -7.6321e-16 -4.4290e-18 -6.1212e-21 -1.2537e-24 -1.9564e-29 -9.0079e-36 -3.0839e-44 -1.0167e-55 -1.4509e-71 -7.1316e-94 -5.1584e-126 -1.3910e-173 -2.9827e-246 0.0000e+00 0.0000e+00 0.0000e+00 0.0000e+00 0.0000e+00 0.0000e+00 0.0000e+00 0.0000e+00 0.0000e+00 0.0000e+00 1.7904e-17 8.1164e-16 7.5699e-15 3.6980e-14 1.2682e-13 3.4784e-13 8.1803e-13 1.7195e-12 3.3182e-12 5.9873e-12 0.0000e+00 1.6730e-11 2.6352e-11 4.0221e-11 5.9751e-11 8.6713e-11 1.2330e-10 1.7220e-10 2.3671e-10 3.2081e-10 4.2930e-10 5.6797e-10 7.4373e-10 9.6480e-10 1.2410e-09 1.5838e-09 2.0069e-09 2.5264e-09 3.1611e-09 3.9329e-09 4.8675e-09 5.9945e-09 7.3484e-09 8.9686e-09 1.0901e-08 1.3196e-08 1.5914e-08 1.9120e-08 2.2887e-08 2.7298e-08 3.2440e-08 3.8410e-08 4.5306e-08 5.3231e-08 6.2287e-08 7.2566e-08 8.4146e-08 9.7079e-08 1.1138e-07 1.2700e-07 1.4382e-07 1.6162e-07 1.8005e-07 1.9860e-07 2.1658e-07 2.3314e-07 2.4722e-07 2.5762e-07 2.6305e-07 2.6231e-07 2.5440e-07 2.3879e-07 2.1564e-07 1.8602e-07 1.5195e-07 1.1629e-07 8.2316e-08 5.3029e-08 3.0481e-08 1.5251e-08 6.4397e-09 2.2068e-09 5.8399e-10 1.1199e-10 1.4336e-11 1.1006e-12 4.4015e-14 7.6031e-16 4.4087e-18 6.0868e-21 1.2450e-24 1.9397e-29 8.9109e-36 3.0418e-44 9.9892e-56 1.4178e-71 6.9166e-94 4.9494e-126 1.3139e-173 2.7515e-246 0.0000e+00 0.0000e+00 0.0000e+00 0.0000e+00 0.0000e+00 0.0000e+00 0.0000e+00 0.0000e+00 0.0000e+00 0.0000e+00
-2.9271e-17 -1.3269e-15 -1.2376e-14 -6.0456e-14 -2.0733e-13 -5.6865e-13 -1.3373e-12 -2.8111e-12 -5.4247e-12 -9.7882e-12 -1.6730e-11 7.6210e-04 -4.3082e-11 -6.5754e-11 -9.7683e-11 -1.4176e-10 -2.0157e-10 -2.8152e-10 -3.8698e-10 -5.2446e-10 -7.0183e-10 -9.2854e-10 -1.2159e-09 -1.5773e-09 -2.0288e-09 -2.5893e-09 -3.2810e-09 -4.1303e-09 -5.1679e-09 -6.4297e-09 -7.9575e-09 -9.8001e-09 -1.2013e-08 -1.4662e-08 -1.7821e-08 -2.1574e-08 -2.6017e-08 -3.1258e-08 -3.7418e-08 -4.4629e-08 -5.3036e-08 -6.2796e-08 -7.4071e-08 -8.7029e-08 -1.0183e-07 -1.1864e-07 -1.3757e-07 -1.5872e-07 -1.8210e-07 -2.0765e-07 -2.3516e-07 -2.6426e-07 -2.9440e-07 -3.2473e-07 -3.5415e-07 -3.8124e-07 -4.0427e-07 -4.2129e-07 -4.3020e-07 -4.2901e-07 -4.1610e-07 -3.9059e-07 -3.5275e-07 -3.0431e-07 -2.4861e-07 -1.9029e-07 -1.3471e-07 -8.6798e-08 -4.9901e-08 -2.4973e-08 -1.0548e-08 -3.6157e-09 -9.5720e-10 -1.8365e-10 -2.3522e-11 -1.8070e-12 -7.2330e-14 -1.2507e-15 -7.2621e-18 -1.0043e-20 -2.0587e-24 -3.2161e-29 -1.4828e-35 -5.0860e-44 -1.6810e-55 -2.4070e-71 -1.1888e-93 -8.6569e-126 -2.3575e-173 -5.1290e-246 0.0000e+00 0.0000e+00 0.0000e+00 0.0000e+00 0.0000e+00 0.0000e+00 0.0000e+00 0.0000e+00 0.0000e+00 0.0000e+00 2.9271e-17 1.3269e-15 1.2376e-14 6.0456e-14 2.0733e-13 5.6865e-13 1.3373e-12 2.8111e-12 5.4247e-12 9.7882e-12 1.6730e-11 0.0000e+00 4.3082e-11 6.5754e-11 9.7683e-11 1.4176e-10 2.0157e-10 2.8152e-10 3.8698e-10 5.2446e-10 7.0183e-10 9.2854e-10 1.2159e-09 1.5773e-09 2.0288e-09 2.5893e-09 3.2810e-09 4.1303e-09 5.1679e-09 6.4296e-09 7.9575e-09 9.8000e-09 1.2013e-08 1.4662e-08 1.7821e-08 2.1574e-08 2.6017e-08 3.1258e-08 3.7417e-08 4.4628e-08 5.3035e-08 6.2793e-08 7.4068e-08 8.7025e-08 1.0183e-07 1.1863e-07 1.3757e-07 1.5871e-07 1.8209e-07 2.0763e-07 2.3513e-07 2.6423e-07 2.9435e-07 3.2468e-07 3.5409e-07 3.8116e-07 4.0418e-07 4.2117e-07 4.3007e-07 4.2886e-07 4.1593e-07 3.9041e-07 3.5256e-07 3.0413e-07 2.4844e-07 1.9014e-07 1.3459e-07 8.6707e-08 4.9840e-08 2.4938e-08 1.0530e-08 3.6087e-09 9.5504e-10 1.8316e-10 2.3448e-11 1.8003e-12 7.2006e-14 1.2440e-15 7.2146e-18 9.9629e-21 2.0385e-24 3.1769e-29 1.4602e-35 4.9875e-44 1.6393e-55 2.3293e-71 1.1382e-93 8.1641e-126 2.1747e-173 4.5781e-246 0.0000e+00 0.0000e+00 0.0000e+00 0.0000e+00 0.0000e+00 0.0000e+00 0.0000e+00 0.0000e+00 0.0000e+00 0.0000e+00
-4.6105e-17 -2.0900e-15 -1.9493e-14 -9.5226e-14 -3.2656e-13 -8.9570e-13 -2.1065e-12 -4.4278e-12 -8.5446e-12 -1.5418e-11 -2.6353e-11 -4.3082e-11 1.0583e-03 -1.0357e-10 -1.5386e-10 -2.2329e-10 -3.1751e-10 -4.4344e-10 -6.0954e-10 -8.2610e-10 -1.1055e-09 -1.4626e-09 -1.9152e-09 -2.4844e-09 -3.1956e-09 -4.0784e-09 -5.1680e-09 -6.5058e-09 -8.1401e-09 -1.0128e-08 -1.2534e-08 -1.5436e-08 -1.8923e-08 -2.3095e-08 -2.8071e-08 -3.3982e-08 -4.0981e-08 -4.9237e-08 -5.8939e-08 -7.0297e-08 -8.3540e-08 -9.8913e-08 -1.1667e-07 -1.3708e-07 -1.6041e-07 -1.8688e-07 -2.1671e-07 -2.5002e-07 -2.8685e-07 -3.2709e-07 -3.7042e-07 -4.1628e-07 -4.6375e-07 -5.1154e-07 -5.5789e-07 -6.0058e-07 -6.3687e-07 -6.6369e-07 -6.7774e-07 -6.7589e-07 -6.5556e-07 -6.1539e-07 -5.5579e-07 -4.7950e-07 -3.9174e-07 -2.9988e-07 -2.1230e-07 -1.3680e-07 -7.8656e-08 -3.9368e-08 -1.6630e-08 -5.7015e-09 -1.5097e-09 -2.8972e-10 -3.7118e-11 -2.8526e-12 -1.1423e-13 -1.9763e-15 -1.1483e-17 -1.5893e-20 -3.2614e-24 -5.1021e-29 -2.3567e-35 -8.1026e-44 -2.6867e-55 -3.8639e-71 -1.9200e-93 -1.4102e-125 -3.8883e-173 -8.6158e-246 0.0000e+00 0.0000e+00 0.0000e+00 0.0000e+00 0.0000e+00 0.0000e+00 0.0000e+00 0.0000e+00 0.0000e+00 0.0000e+00 4.6105e-17 2.0900e-15 1.9493e-14 9.5226e-14 3.2656e-13 8.9570e-13 2.1065e-12 4.4278e-12 8.5446e-12 1.5418e-11 2.6352e-11 4.3082e-11 0.0000e+00 1.0357e-10 1.5386e-10 2.2329e-10 3.1751e-10 4.4344e-10 6.0954e-10 8.2610e-10 1.1055e-09 1.4626e-09 1.9151e-09 2.4844e-09 3.1956e-09 4.0784e-09 5.1680e-09 6.5057e-09 8.1400e-09 1.0127e-08 1.2534e-08 1.5436e-08 1.8923e-08 2.3095e-08 2.8070e-08 3.3981e-08 4.0980e-08 4.9235e-08 5.8937e-08 7.0295e-08 8.3537e-08 9.8908e-08 1.1667e-07 1.3708e-07 1.6040e-07 1.8686e-07 2.1669e-07 2.4999e-07 2.8682e-07 3.2705e-07 3.7037e-07 4.1620e-07 4.6366e-07 5.1142e-07 5.5775e-07 6.0040e-07 6.3666e-07 6.6344e-07 6.7745e-07 6.7556e-07 6.5520e-07 6.1500e-07 5.5539e-07 4.7910e-07 3.9137e-07 2.9955e-07 2.1204e-07 1.3660e-07 7.8523e-08 3.9291e-08 1.6592e-08 5.6863e-09 1.5050e-09 2.8865e-10 3.6956e-11 2.8377e-12 1.1352e-13 1.9615e-15 1.1378e-17 1.5717e-20 3.2170e-24 5.0160e-29 2.3069e-35 7.8860e-44 2.5948e-55 3.6927e-71 1.8082e-93 1.3009e-125 3.4808e-173 7.3774e-246 0.0000e+00 0.0000e+00 0.0000e+00 0.0000e+00 0.0000e+00 0.0000e+00 0.0000e+00 0.0000e+00 0.0000e+00 0.0000e+00
-7.0368e-17 -3.1899e-15 -2.9751e-14 -1.4534e-13 -4.9842e-13 -1.3671e-12 -3.2150e-12 -6.7580e-12 -1.3041e-11 -2.3531e-11 -4.0221e-11 -6.5754e-11 -1.0357e-10 1.4362e-03 -2.3483e-10 -3.4080e-10 -4.8459e-10 -6.7680e-10 -9.3032e-10 -1.2608e-09 -1.6872e-09 -2.2323e-09 -2.9230e-09 -3.7919e-09 -4.8773e-09 -6.2247e-09 -7.8878e-09 -9.9295e-09 -1.2424e-08 -1.5457e-08 -1.9130e-08 -2.3560e-08 -2.8881e-08 -3.5250e-08 -4.2843e-08 -5.1866e-08 -6.2548e-08 -7.5149e-08 -8.9958e-08 -1.0729e-07 -1.2751e-07 -1.5097e-07 -1.7808e-07 -2.0923e-07 -2.4483e-07 -2.8524e-07 -3.3077e-07 -3.8161e-07 -4.3784e-07 -4.9926e-07 -5.6541e-07 -6.3541e-07 -7.0788e-07 -7.8084e-07 -8.5161e-07 -9.1677e-07 -9.7220e-07 -1.0132e-06 -1.0346e-06 -1.0318e-06 -1.0009e-06 -9.3956e-07 -8.4861e-07 -7.3217e-07 -5.9821e-07 -4.5795e-07 -3.2425e-07 -2.0896e-07 -1.2016e-07 -6.0149e-08 -2.5412e-08 -8.7144e-09 -2.3081e-09 -4.4306e-10 -5.6784e-11 -4.3659e-12 -1.7492e-13 -3.0285e-15 -1.7611e-17 -2.4402e-20 -5.0142e-24 -7.8580e-29 -3.6380e-35 -1.2546e-43 -4.1770e-55 -6.0405e-71 -3.0245e-93 -2.2455e-125 -6.2869e-173 -1.4246e-245 0.0000e+00 0.0000e+00 0.0000e+00 0.0000e+00 0.0000e+00 0.0000e+00 0.0000e+00 0.0000e+00 0.0000e+00 0.0000e+00 7.0368e-17 3.1899e-15 2.9751e-14 1.4534e-13 4.9842e-13 1.3671e-12 3.2150e-12 6.7580e-12 1.3041e-11 2.3531e-11 4.0221e-11 6.5754e-11 1.0357e-10 0.0000e+00 2.3483e-10 3.4080e-10 4.8459e-10 6.7680e-10 9.3032e-10 1.2608e-09 1.6872e-09 2.2322e-09 2.9230e-09 3.7919e-09 4.8773e-09 6.2247e-09 7.8877e-09 9.9294e-09 1.2424e-08 1.5457e-08 1.9130e-08 2.3560e-08 2.8881e-08 3.5249e-08 4.2842e-08 5.1865e-08 6.2546e-08 7.5146e-08 8.9953e-08 1.0729e-07 1.2750e-07 1.5096e-07 1.7806e-07 2.0922e-07 2.4481e-07 2.8521e-07 3.3072e-07 3.8156e-07 4.3776e-07 4.9917e-07 5.6529e-07 6.3525e-07 7.0768e-07 7.8059e-07 8.5131e-07 9.1641e-07 9.7176e-07 1.0126e-06 1.0340e-06 1.0312e-06 1.0001e-06 9.3875e-07 8.4778e-07 7.3134e-07 5.9743e-07 4.5727e-07 3.2369e-07 2.0854e-07 1.1988e-07 5.9989e-08 2.5334e-08 8.6829e-09 2.2983e-09 4.4084e-10 5.6448e-11 4.3351e-12 1.7345e-13 2.9978e-15 1.7395e-17 2.4037e-20 4.9221e-24 7.6790e-29 3.5344e-35 1.2095e-43 3.9852e-55 5.6823e-71 2.7901e-93 2.0150e-125 5.4220e-173 1.1590e-245 0.0000e+00 0.0000e+00 0.0000e+00 0.0000e+00 0.0000e+00 0.0000e+00 0.0000e+00 0.0000e+00 0.0000e+00 0.0000e+00
-1.0454e-16 -4.7389e-15 -4.4198e-14 -2.1591e-13 -7.4044e-13 -2.0309e-12 -4.7762e-12 -1.0039e-11 -1.9374e-11 -3.4957e-11 -5.9751e-11 -9.7683e-11 -1.5386e-10 -2.3483e-10 1.9109e-03 -5.0629e-10 -7.1990e-10 -1.0054e-09 -1.3821e-09 -1.8731e-09 -2.5065e-09 -3.3162e-09 -4.3424e-09 -5.6332e-09 -7.2457e-09 -9.2474e-09 -1.1718e-08 -1.4751e-08 -1.8457e-08 -2.2963e-08 -2.8420e-08 -3.5001e-08 -4.2906e-08 -5.2367e-08 -6.3648e-08 -7.7052e-08 -9.2922e-08 -1.1164e-07 -1.3364e-07 -1.5940e-07 -1.8943e-07 -2.2429e-07 -2.6456e-07 -3.1085e-07 -3.6374e-07 -4.2377e-07 -4.9141e-07 -5.6696e-07 -6.5049e-07 -7.4176e-07 -8.4005e-07 -9.4406e-07 -1.0517e-06 -1.1602e-06 -1.2654e-06 -1.3622e-06 -1.4446e-06 -1.5055e-06 -1.5375e-06 -1.5334e-06 -1.4874e-06 -1.3964e-06 -1.2613e-06 -1.0883e-06 -8.8925e-07 -6.8083e-07 -4.8210e-07 -3.1073e-07 -1.7871e-07 -8.9474e-08 -3.7810e-08 -1.2969e-08 -3.4360e-09 -6.5984e-10 -8.4606e-11 -6.5086e-12 -2.6095e-13 -4.5218e-15 -2.6322e-17 -3.6521e-20 -7.5176e-24 -1.1807e-28 -5.4819e-35 -1.8976e-43 -6.3498e-55 -9.2454e-71 -4.6728e-93 -3.5149e-125 -1.0025e-172 -2.3333e-245 0.0000e+00 0.0000e+00 0.0000e+00 0.0000e+00 0.0000e+00 0.0000e+00 0.0000e+00 0.0000e+00 0.0000e+00 0.0000e+00 1.0454e-16 4.7389e-15 4.4198e-14 2.1591e-13 7.4044e-13 2.0309e-12 4.7762e-12 1.0039e-11 1.9374e-11 3.4957e-11 5.9751e-11 9.7683e-11 1.5386e-10 2.3483e-10 0.0000e+00 5.0629e-10 7.1990e-10 1.0054e-09 1.3821e-09 1.8731e-09 2.5065e-09 3.3162e-09 4.3424e-09 5.6331e-09 7.2456e-09 9.2473e-09 1.1718e-08 1.4751e-08 1.8457e-08 2.2963e-08 2.8419e-08 3.5000e-08 4.2905e-08 5.2365e-08 6.3646e-08 7.7049e-08 9.2918e-08 1.1164e-07 1.3363e-07 1.5939e-07 1.8941e-07 2.2427e-07 2.6453e-07 3.1081e-07 3.6369e-07 4.2371e-07 4.9133e-07 5.6685e-07 6.5035e-07 7.4158e-07 8.3981e-07 9.4376e-07 1.0514e-06 1.1597e-06 1.2648e-06 1.3615e-06 1.4437e-06 1.5045e-06 1.5363e-06 1.5320e-06 1.4859e-06 1.3948e-06 1.2596e-06 1.0867e-06 8.8772e-07 6.7948e-07 4.8101e-07 3.0991e-07 1.7816e-07 8.9158e-08 3.7655e-08 1.2907e-08 3.4167e-09 6.5545e-10 8.3940e-11 6.4477e-12 2.5803e-13 4.4610e-15 2.5894e-17 3.5798e-20 7.3347e-24 1.1452e-28 5.2760e-35 1.8078e-43 5.9672e-55 8.5288e-71 4.2018e-93 3.0492e-125 8.2628e-173 1.7851e-245 0.0000e+00 0.0000e+00 0.0000e+00 0.0000e+00 0.0000e+00 0.0000e+00 0.0000e+00 0.0000e+00 0.0000e+00 0.0000e+00
-1.5171e-16 -6.8773e-15 -6.4142e-14 -3.1334e-13 -1.0746e-12 -2.9473e-12 -6.9314e-12 -1.4570e-11 -2.8116e-11 -5.0732e-11 -8.6714e-11 -1.4176e-10 -2.2329e-10 -3.4080e-10 -5.0629e-10 2.4992e-03 -1.0448e-09 -1.4591e-09 -2.0057e-09 -2.7183e-09 -3.6376e-09 -4.8126e-09 -6.3019e-09 -8.1752e-09 -1.0515e-08 -1.3420e-08 -1.7006e-08 -2.1408e-08 -2.6786e-08 -3.3326e-08 -4.1245e-08 -5.0795e-08 -6.2268e-08 -7.5998e-08 -9.2371e-08 -1.1182e-07 -1.3486e-07 -1.6202e-07 -1.9395e-07 -2.3133e-07 -2.7492e-07 -3.2551e-07 -3.8396e-07 -4.5114e-07 -5.2790e-07 -6.1504e-07 -7.1321e-07 -8.2287e-07 -9.4413e-07 -1.0766e-06 -1.2193e-06 -1.3703e-06 -1.5266e-06 -1.6840e-06 -1.8367e-06 -1.9774e-06 -2.0971e-06 -2.1856e-06 -2.2321e-06 -2.2262e-06 -2.1596e-06 -2.0276e-06 -1.8316e-06 -1.5805e-06 -1.2916e-06 -9.8895e-07 -7.0039e-07 -4.5149e-07 -2.5971e-07 -1.3006e-07 -5.4977e-08 -1.8863e-08 -4.9996e-09 -9.6053e-10 -1.2323e-10 -9.4866e-12 -3.8067e-13 -6.6032e-15 -3.8489e-17 -5.3491e-20 -1.1034e-23 -1.7377e-28 -8.0962e-35 -2.8156e-43 -9.4794e-55 -1.3917e-70 -7.1138e-93 -5.4355e-125 -1.5848e-172 -3.8057e-245 0.0000e+00 0.0000e+00 0.0000e+00 0.0000e+00 0.0000e+00 0.0000e+00 0.0000e+00 0.0000e+00 0.0000e+00 0.0000e+00 1.5171e-16 6.8773e-15 6.4142e-14 3.1334e-13 1.0746e-12 2.9473e-12 6.9314e-12 1.4570e-11 2.8116e-11 5.0732e-11 8.6713e-11 1.4176e-10 2.2329e-10 3.4080e-10 5.0629e-10 0.0000e+00 1.0448e-09 1.4591e-09 2.0057e-09 2.7183e-09 3.6376e-09 4.8126e-09 6.3018e-09 8.1751e-09 1.0515e-08 1.3420e-08 1.7006e-08 2.1407e-08 2.6785e-08 3.3325e-08 4.1244e-08 5.0794e-08 6.2266e-08 7.5995e-08 9.2367e-08 1.1182e-07 1.3485e-07 1.6201e-07 1.9394e-07 2.3131e-07 2.7489e-07 3.2547e-07 3.8391e-07 4.5107e-07 5.2781e-07 6.1492e-07 7.1305e-07 8.2266e-07 9.4385e-07 1.0763e-06 1.2188e-06 1.3697e-06 1.5259e-06 1.6831e-06 1.8356e-06 1.9760e-06 2.0954e-06 2.1836e-06 2.2298e-06 2.2237e-06 2.1568e-06 2.0245e-06 1.8284e-06 1.5774e-06 1.2886e-06 9.8640e-07 6.9831e-07 4.4994e-07 2.5868e-07 1.2946e-07 5.4681e-08 1.8745e-08 4.9627e-09 9.5220e-10 1.2197e-10 9.3708e-12 3.7512e-13 6.4875e-15 3.7674e-17 5.2113e-20 1.0685e-23 1.6698e-28 7.7025e-35 2.6435e-43 8.7446e-55 1.2536e-70 6.2015e-93 4.5271e-125 1.2374e-172 2.7082e-245 0.0000e+00 0.0000e+00 0.0000e+00 0.0000e+00 0.0000e+00 0.0000e+00 0.0000e+00 0.0000e+00 0.0000e+00 0.0000e+00
-2.1572e-16 -9.7790e-15 -9.1205e-14 -4.4555e-13 -1.5280e-12 -4.1909e-12 -9.8559e-12 -2.0717e-11 -3.9979e-11 -7.2137e-11 -1.2330e-10 -2.0157e-10 -3.1751e-10 -4.8459e-10 -7.1990e-10 -1.0448e-09 3.2202e-03 -2.0748e-09 -2.8520e-09 -3.8652e-09 -5.1724e-09 -6.8432e-09 -8.9608e-09 -1.1625e-08 -1.4952e-08 -1.9083e-08 -2.4181e-08 -3.0440e-08 -3.8087e-08 -4.7387e-08 -5.8648e-08 -7.2228e-08 -8.8542e-08 -1.0807e-07 -1.3135e-07 -1.5901e-07 -1.9176e-07 -2.3039e-07 -2.7580e-07 -3.2895e-07 -3.9093e-07 -4.6287e-07 -5.4600e-07 -6.4153e-07 -7.5069e-07 -8.7462e-07 -1.0142e-06 -1.1702e-06 -1.3426e-06 -1.5311e-06 -1.7340e-06 -1.9488e-06 -2.1712e-06 -2.3951e-06 -2.6124e-06 -2.8125e-06 -2.9829e-06 -3.1089e-06 -3.1753e-06 -3.1671e-06 -3.0725e-06 -2.8849e-06 -2.6063e-06 -2.2492e-06 -1.8383e-06 -1.4078e-06 -9.9718e-07 -6.4294e-07 -3.6993e-07 -1.8531e-07 -7.8355e-08 -2.6896e-08 -7.1318e-09 -1.3710e-09 -1.7601e-10 -1.3561e-11 -5.4473e-13 -9.4611e-15 -5.5236e-17 -7.6920e-20 -1.5907e-23 -2.5134e-28 -1.1760e-34 -4.1126e-43 -1.3949e-54 -2.0682e-70 -1.0715e-92 -8.3392e-125 -2.4945e-172 -6.2092e-245 0.0000e+00 0.0000e+00 0.0000e+00 0.0000e+00 0.0000e+00 0.0000e+00 0.0000e+00 0.0000e+00 0.0000e+00 0.0000e+00 2.1572e-16 9.7790e-15 9.1205e-14 4.4555e-13 1.5280e-12 4.1909e-12 9.8559e-12 2.0717e-11 3.9979e-11 7.2137e-11 1.2330e-10 2.0157e-10 3.1751e-10 4.8459e-10 7.1990e-10 1.0448e-09 0.0000e+00 2.0748e-09 2.8520e-09 3.8652e-09 5.1724e-09 6.8432e-09 8.9608e-09 1.1624e-08 1.4952e-08 1.9082e-08 2.4181e-08 3.0440e-08 3.8087e-08 4.7386e-08 5.8646e-08 7.2225e-08 8.8538e-08 1.0806e-07 1.3134e-07 1.5900e-07 1.9174e-07 2.3037e-07 2.7577e-07 3.2891e-07 3.9088e-07 4.6280e-07 5.4590e-07 6.4140e-07 7.5053e-07 8.7439e-07 1.0139e-06 1.1698e-06 1.3421e-06 1.5304e-06 1.7332e-06 1.9477e-06 2.1698e-06 2.3934e-06 2.6103e-06 2.8100e-06 2.9799e-06 3.1053e-06 3.1711e-06 3.1624e-06 3.0673e-06 2.8794e-06 2.6005e-06 2.2436e-06 1.8330e-06 1.4031e-06 9.9337e-07 6.4010e-07 3.6804e-07 1.8421e-07 7.7813e-08 2.6678e-08 7.0642e-09 1.3557e-09 1.7369e-10 1.3348e-11 5.3453e-13 9.2485e-15 5.3737e-17 7.4382e-20 1.5265e-23 2.3882e-28 1.1033e-34 3.7939e-43 1.2583e-54 1.8104e-70 9.0013e-93 6.6184e-125 1.8281e-172 4.0642e-245 0.0000e+00 0.0000e+00 0.0000e+00 0.0000e+00 0.0000e+00 0.0000e+00 0.0000e+00 0.0000e+00 0.0000e+00 0.0000e+00
