4.7193e-12 -4.0090e-12 -1.1065e-11 -2.2766e-11 -3.9887e-11 -6.3144e-11 -9.3223e-11 -1.3080e-10 -1.7656e-10 -2.3119e-10 -2.9541e-10 -3.6995e-10 -4.5561e-10 -5.5320e-10 -6.6359e-10 -7.8772e-10 -9.2656e-10 -1.0812e-09 -1.2526e-09 -1.4422e-09 -1.6510e-09 -1.8805e-09 -2.1320e-09 -2.4069e-09 -2.7066e-09 -3.0328e-09 -3.3867e-09 -3.7697e-09 -4.1832e-09 -4.6280e-09 -5.1048e-09 -5.6138e-09 -6.1544e-09 -6.7251e-09 -7.3232e-09 -7.9443e-09 -8.5820e-09 -9.2272e-09 -9.8678e-09 -1.0488e-08 -1.1067e-08 -1.1581e-08 -1.1999e-08 -1.2287e-08 -1.2408e-08 -1.2324e-08 -1.1999e-08 -1.1407e-08 -1.0537e-08 -9.4019e-09 -8.0447e-09 -6.5428e-09 -5.0031e-09 -3.5491e-09 -2.2974e-09 -1.3295e-09 -6.7052e-10 -2.8554e-10 -9.8677e-11 -2.6328e-11 -5.0925e-12 -6.5938e-13 -5.1632e-14 -2.1468e-15 -4.0087e-17 -2.7060e-19 -4.9774e-22 -1.7215e-25 -6.8571e-30 -1.6380e-35 -9.7714e-43 -4.4468e-52 -3.0528e-64 -3.3763e-80 -2.6536e-101 -1.8109e-129 -1.9788e-167 -3.7867e-219 -1.9019e-290 -0.0000e+00 -0.0000e+00 -0.0000e+00 -0.0000e+00 -0.0000e+00 -0.0000e+00 -0.0000e+00 -0.0000e+00 -0.0000e+00 -0.0000e+00 -0.0000e+00 -0.0000e+00 -0.0000e+00 -0.0000e+00 -0.0000e+00 -0.0000e+00 -0.0000e+00 -0.0000e+00 -0.0000e+00 -0.0000e+00 -0.0000e+00 0.0000e+00 -4.0090e-12 -1.1065e-11 -2.2766e-11 -3.9887e-11 -6.3144e-11 -9.3223e-11 -1.3080e-10 -1.7656e-10 -2.3119e-10 -2.9541e-10 -3.6995e-10 -4.5561e-10 -5.5320e-10 -6.6359e-10 -7.8772e-10 -9.2656e-10 -1.0812e-09 -1.2526e-09 -1.4422e-09 -1.6510e-09 -1.8805e-09 -2.1320e-09 -2.4069e-09 -2.7066e-09 -3.0328e-09 -3.3867e-09 -3.7697e-09 -4.1832e-09 -4.6280e-09 -5.1048e-09 -5.6138e-09 -6.1544e-09 -6.7251e-09 -7.3232e-09 -7.9443e-09 -8.5820e-09 -9.2272e-09 -9.8678e-09 -1.0488e-08 -1.1067e-08 -1.1581e-08 -1.1999e-08 -1.2287e-08 -1.2408e-08 -1.2324e-08 -1.1999e-08 -1.1407e-08 -1.0537e-08 -9.4019e-09 -8.0447e-09 -6.5428e-09 -5.0031e-09 -3.5491e-09 -2.2974e-09 -1.3295e-09 -6.7052e-10 -2.8554e-10 -9.8677e-11 -2.6328e-11 -5.0925e-12 -6.5938e-13 -5.1632e-14 -2.1468e-15 -4.0087e-17 -2.7060e-19 -4.9774e-22 -1.7215e-25 -6.8571e-30 -1.6380e-35 -9.7714e-43 -4.4468e-52 -3.0528e-64 -3.3763e-80 -2.6536e-101 -1.8109e-129 -1.9788e-167 -3.7867e-219 -1.9019e-290 -0.0000e+00 -0.0000e+00 -0.0000e+00 -0.0000e+00 -0.0000e+00 -0.0000e+00 -0.0000e+00 -0.0000e+00 -0.0000e+00 -0.0000e+00 -0.0000e+00 -0.0000e+00 -0.0000e+00 -0.0000e+00 -0.0000e+00 -0.0000e+00 -0.0000e+00 -0.0000e+00 -0.0000e+00 -0.0000e+00 -0.0000e+00
-4.0090e-12 1.0475e-09 -6.2656e-11 -1.2891e-10 -2.2585e-10 -3.5754e-10 -5.2786e-10 -7.4065e-10 -9.9975e-10 -1.3091e-09 -1.6727e-09 -2.0948e-09 -2.5798e-09 -3.1324e-09 -3.7575e-09 -4.4603e-09 -5.2465e-09 -6.1219e-09 -7.0929e-09 -8.1661e-09 -9.3487e-09 -1.0648e-08 -1.2072e-08 -1.3628e-08 -1.5326e-08 -1.7173e-08 -1.9176e-08 -2.1346e-08 -2.3687e-08 -2.6205e-08 -2.8905e-08 -3.1787e-08 -3.4848e-08 -3.8080e-08 -4.1467e-08 -4.4983e-08 -4.8594e-08 -5.2248e-08 -5.5875e-08 -5.9386e-08 -6.2666e-08 -6.5574e-08 -6.7941e-08 -6.9573e-08 -7.0259e-08 -6.9782e-08 -6.7943e-08 -6.4591e-08 -5.9665e-08 -5.3237e-08 -4.5552e-08 -3.7047e-08 -2.8329e-08 -2.0096e-08 -1.3008e-08 -7.5278e-09 -3.7967e-09 -1.6168e-09 -5.5874e-10 -1.4908e-10 -2.8835e-11 -3.7336e-12 -2.9236e-13 -1.2156e-14 -2.2698e-16 -1.5323e-18 -2.8184e-21 -9.7475e-25 -3.8827e-29 -9.2746e-35 -5.5329e-42 -2.5179e-51 -1.7286e-63 -1.9118e-79 -1.5026e-100 -1.0254e-128 -1.1205e-166 -2.1442e-218 -1.0769e-289 -0.0000e+00 -0.0000e+00 -0.0000e+00 -0.0000e+00 -0.0000e+00 -0.0000e+00 -0.0000e+00 -0.0000e+00 -0.0000e+00 -0.0000e+00 -0.0000e+00 -0.0000e+00 -0.0000e+00 -0.0000e+00 -0.0000e+00 -0.0000e+00 -0.0000e+00 -0.0000e+00 -0.0000e+00 -0.0000e+00 -0.0000e+00 -4.0090e-12 0.0000e+00 -6.2656e-11 -1.2891e-10 -2.2585e-10 -3.5754e-10 -5.2786e-10 -7.4065e-10 -9.9975e-10 -1.3091e-09 -1.6727e-09 -2.0948e-09 -2.5798e-09 -3.1324e-09 -3.7575e-09 -4.4603e-09 -5.2465e-09 -6.1219e-09 -7.0929e-09 -8.1661e-09 -9.3487e-09 -1.0648e-08 -1.2072e-08 -1.3628e-08 -1.5326e-08 -1.7173e-08 -1.9176e-08 -2.1346e-08 -2.3687e-08 -2.6205e-08 -2.8905e-08 -3.1787e-08 -3.4848e-08 -3.8080e-08 -4.1467e-08 -4.4983e-08 -4.8594e-08 -5.2248e-08 -5.5875e-08 -5.9386e-08 -6.2666e-08 -6.5574e-08 -6.7941e-08 -6.9573e-08 -7.0259e-08 -6.9782e-08 -6.7943e-08 -6.4591e-08 -5.9665e-08 -5.3237e-08 -4.5552e-08 -3.7047e-08 -2.8329e-08 -2.0096e-08 -1.3008e-08 -7.5278e-09 -3.7967e-09 -1.6168e-09 -5.5874e-10 -1.4908e-10 -2.8835e-11 -3.7336e-12 -2.9236e-13 -1.2156e-14 -2.2698e-16 -1.5323e-18 -2.8184e-21 -9.7475e-25 -3.8827e-29 -9.2746e-35 -5.5329e-42 -2.5179e-51 -1.7286e-63 -1.9118e-79 -1.5026e-100 -1.0254e-128 -1.1205e-166 -2.1442e-218 -1.0769e-289 -0.0000e+00 -0.0000e+00 -0.0000e+00 -0.0000e+00 -0.0000e+00 -0.0000e+00 -0.0000e+00 -0.0000e+00 -0.0000e+00 -0.0000e+00 -0.0000e+00 -0.0000e+00 -0.0000e+00 -0.0000e+00 -0.0000e+00 -0.0000e+00 -0.0000e+00 -0.0000e+00 -0.0000e+00 -0.0000e+00 -0.0000e+00
-1.1065e-11 -6.2656e-11 3.4537e-09 -3.5581e-10 -6.2338e-10 -9.8686e-10 -1.4570e-09 -2.0443e-09 -2.7594e-09 -3.6132e-09 -4.6168e-09 -5.7819e-09 -7.1206e-09 -8.6458e-09 -1.0371e-08 -1.2311e-08 -1.4481e-08 -1.6897e-08 -1.9577e-08 -2.2540e-08 -2.5804e-08 -2.9390e-08 -3.3320e-08 -3.7616e-08 -4.2301e-08 -4.7398e-08 -5.2929e-08 -5.8916e-08 -6.5378e-08 -7.2330e-08 -7.9782e-08 -8.7737e-08 -9.6186e-08 -1.0511e-07 -1.1445e-07 -1.2416e-07 -1.3413e-07 -1.4421e-07 -1.5422e-07 -1.6391e-07 -1.7297e-07 -1.8099e-07 -1.8753e-07 -1.9203e-07 -1.9392e-07 -1.9261e-07 -1.8753e-07 -1.7828e-07 -1.6468e-07 -1.4694e-07 -1.2573e-07 -1.0226e-07 -7.8192e-08 -5.5468e-08 -3.5905e-08 -2.0778e-08 -1.0479e-08 -4.4627e-09 -1.5422e-09 -4.1147e-10 -7.9589e-11 -1.0305e-11 -8.0695e-13 -3.3552e-14 -6.2651e-16 -4.2292e-18 -7.7790e-21 -2.6904e-24 -1.0717e-28 -2.5599e-34 -1.5272e-41 -6.9498e-51 -4.7712e-63 -5.2767e-79 -4.1473e-100 -2.8302e-128 -3.0927e-166 -5.9183e-218 -2.9724e-289 -0.0000e+00 -0.0000e+00 -0.0000e+00 -0.0000e+00 -0.0000e+00 -0.0000e+00 -0.0000e+00 -0.0000e+00 -0.0000e+00 -0.0000e+00 -0.0000e+00 -0.0000e+00 -0.0000e+00 -0.0000e+00 -0.0000e+00 -0.0000e+00 -0.0000e+00 -0.0000e+00 -0.0000e+00 -0.0000e+00 -0.0000e+00 -1.1065e-11 -6.2656e-11 0.0000e+00 -3.5581e-10 -6.2338e-10 -9.8686e-10 -1.4570e-09 -2.0443e-09 -2.7594e-09 -3.6132e-09 -4.6168e-09 -5.7819e-09 -7.1206e-09 -8.6458e-09 -1.0371e-08 -1.2311e-08 -1.4481e-08 -1.6897e-08 -1.9577e-08 -2.2540e-08 -2.5804e-08 -2.9390e-08 -3.3320e-08 -3.7616e-08 -4.2301e-08 -4.7398e-08 -5.2929e-08 -5.8916e-08 -6.5378e-08 -7.2330e-08 -7.9782e-08 -8.7737e-08 -9.6186e-08 -1.0511e-07 -1.1445e-07 -1.2416e-07 -1.3413e-07 -1.4421e-07 -1.5422e-07 -1.6391e-07 -1.7297e-07 -1.8099e-07 -1.8753e-07 -1.9203e-07 -1.9392e-07 -1.9261e-07 -1.8753e-07 -1.7828e-07 -1.6468e-07 -1.4694e-07 -1.2573e-07 -1.0226e-07 -7.8192e-08 -5.5468e-08 -3.5905e-08 -2.0778e-08 -1.0479e-08 -4.4627e-09 -1.5422e-09 -4.1147e-10 -7.9589e-11 -1.0305e-11 -8.0695e-13 -3.3552e-14 -6.2651e-16 -4.2292e-18 -7.7790e-21 -2.6904e-24 -1.0717e-28 -2.5599e-34 -1.5272e-41 -6.9497e-51 -4.7712e-63 -5.2767e-79 -4.1473e-100 -2.8302e-128 -3.0927e-166 -5.9182e-218 -2.9724e-289 -0.0000e+00 -0.0000e+00 -0.0000e+00 -0.0000e+00 -0.0000e+00 -0.0000e+00 -0.0000e+00 -0.0000e+00 -0.0000e+00 -0.0000e+00 -0.0000e+00 -0.0000e+00 -0.0000e+00 -0.0000e+00 -0.0000e+00 -0.0000e+00 -0.0000e+00 -0.0000e+00 -0.0000e+00 -0.0000e+00 -0.0000e+00
-2.2766e-11 -1.2891e-10 -3.5581e-10 1.9553e-08 -1.2826e-09 -2.0304e-09 -2.9976e-09 -4.2060e-09 -5.6774e-09 -7.4340e-09 -9.4989e-09 -1.1896e-08 -1.4650e-08 -1.7788e-08 -2.1338e-08 -2.5329e-08 -2.9794e-08 -3.4765e-08 -4.0279e-08 -4.6374e-08 -5.3090e-08 -6.0468e-08 -6.8554e-08 -7.7394e-08 -8.7033e-08 -9.7519e-08 -1.0890e-07 -1.2122e-07 -1.3451e-07 -1.4881e-07 -1.6415e-07 -1.8051e-07 -1.9790e-07 -2.1625e-07 -2.3548e-07 -2.5545e-07 -2.7596e-07 -2.9670e-07 -3.1730e-07 -3.3724e-07 -3.5587e-07 -3.7238e-07 -3.8582e-07 -3.9509e-07 -3.9899e-07 -3.9628e-07 -3.8583e-07 -3.6680e-07 -3.3882e-07 -3.0232e-07 -2.5868e-07 -2.1038e-07 -1.6088e-07 -1.1412e-07 -7.3873e-08 -4.2749e-08 -2.1561e-08 -9.1817e-09 -3.1730e-09 -8.4657e-10 -1.6375e-10 -2.1203e-11 -1.6603e-12 -6.9031e-14 -1.2890e-15 -8.7014e-18 -1.6005e-20 -5.5354e-24 -2.2049e-28 -5.2669e-34 -3.1421e-41 -1.4299e-50 -9.8167e-63 -1.0857e-78 -8.5331e-100 -5.8231e-128 -6.3633e-166 -1.2177e-217 -6.1160e-289 -0.0000e+00 -0.0000e+00 -0.0000e+00 -0.0000e+00 -0.0000e+00 -0.0000e+00 -0.0000e+00 -0.0000e+00 -0.0000e+00 -0.0000e+00 -0.0000e+00 -0.0000e+00 -0.0000e+00 -0.0000e+00 -0.0000e+00 -0.0000e+00 -0.0000e+00 -0.0000e+00 -0.0000e+00 -0.0000e+00 -0.0000e+00 -2.2766e-11 -1.2891e-10 -3.5581e-10 0.0000e+00 -1.2826e-09 -2.0304e-09 -2.9976e-09 -4.2060e-09 -5.6774e-09 -7.4340e-09 -9.4989e-09 -1.1896e-08 -1.4650e-08 -1.7788e-08 -2.1338e-08 -2.5329e-08 -2.9794e-08 -3.4765e-08 -4.0279e-08 -4.6374e-08 -5.3090e-08 -6.0468e-08 -6.8554e-08 -7.7394e-08 -8.7033e-08 -9.7519e-08 -1.0890e-07 -1.2122e-07 -1.3451e-07 -1.4881e-07 -1.6415e-07 -1.8051e-07 -1.9790e-07 -2.1625e-07 -2.3548e-07 -2.5545e-07 -2.7596e-07 -2.9670e-07 -3.1730e-07 -3.3724e-07 -3.5587e-07 -3.7238e-07 -3.8582e-07 -3.9509e-07 -3.9899e-07 -3.9628e-07 -3.8583e-07 -3.6680e-07 -3.3882e-07 -3.0232e-07 -2.5868e-07 -2.1038e-07 -1.6088e-07 -1.1412e-07 -7.3873e-08 -4.2749e-08 -2.1561e-08 -9.1817e-09 -3.1730e-09 -8.4657e-10 -1.6375e-10 -2.1203e-11 -1.6603e-12 -6.9031e-14 -1.2890e-15 -8.7014e-18 -1.6005e-20 -5.5354e-24 -2.2049e-28 -5.2669e-34 -3.1420e-41 -1.4299e-50 -9.8166e-63 -1.0857e-78 -8.5330e-100 -5.8229e-128 -6.3631e-166 -1.2177e-217 -6.1157e-289 -0.0000e+00 -0.0000e+00 -0.0000e+00 -0.0000e+00 -0.0000e+00 -0.0000e+00 -0.0000e+00 -0.0000e+00 -0.0000e+00 -0.0000e+00 -0.0000e+00 -0.0000e+00 -0.0000e+00 -0.0000e+00 -0.0000e+00 -0.0000e+00 -0.0000e+00 -0.0000e+00 -0.0000e+00 -0.0000e+00 -0.0000e+00
-3.9887e-11 -2.2585e-10 -6.2338e-10 -1.2826e-09 7.4899e-08 -3.5573e-09 -5.2519e-09 -7.3690e-09 -9.9468e-09 -1.3024e-08 -1.6642e-08 -2.0842e-08 -2.5667e-08 -3.1165e-08 -3.7385e-08 -4.4377e-08 -5.2199e-08 -6.0909e-08 -7.0570e-08 -8.1248e-08 -9.3014e-08 -1.0594e-07 -1.2011e-07 -1.3559e-07 -1.5248e-07 -1.7086e-07 -1.9079e-07 -2.1237e-07 -2.3567e-07 -2.6073e-07 -2.8759e-07 -3.1626e-07 -3.4672e-07 -3.7887e-07 -4.1257e-07 -4.4756e-07 -4.8348e-07 -5.1983e-07 -5.5592e-07 -5.9085e-07 -6.2349e-07 -6.5242e-07 -6.7597e-07 -6.9221e-07 -6.9903e-07 -6.9429e-07 -6.7599e-07 -6.4264e-07 -5.9363e-07 -5.2967e-07 -4.5321e-07 -3.6860e-07 -2.8186e-07 -1.9995e-07 -1.2943e-07 -7.4897e-08 -3.7775e-08 -1.6086e-08 -5.5592e-09 -1.4832e-09 -2.8689e-10 -3.7148e-11 -2.9088e-12 -1.2094e-13 -2.2584e-15 -1.5245e-17 -2.8041e-20 -9.6983e-24 -3.8631e-28 -9.2279e-34 -5.5051e-41 -2.5053e-50 -1.7200e-62 -1.9022e-78 -1.4951e-99 -1.0203e-127 -1.1150e-165 -2.1338e-217 -1.0718e-288 -0.0000e+00 -0.0000e+00 -0.0000e+00 -0.0000e+00 -0.0000e+00 -0.0000e+00 -0.0000e+00 -0.0000e+00 -0.0000e+00 -0.0000e+00 -0.0000e+00 -0.0000e+00 -0.0000e+00 -0.0000e+00 -0.0000e+00 -0.0000e+00 -0.0000e+00 -0.0000e+00 -0.0000e+00 -0.0000e+00 -0.0000e+00 -3.9887e-11 -2.2585e-10 -6.2338e-10 -1.2826e-09 0.0000e+00 -3.5573e-09 -5.2519e-09 -7.3690e-09 -9.9468e-09 -1.3024e-08 -1.6642e-08 -2.0842e-08 -2.5667e-08 -3.1165e-08 -3.7385e-08 -4.4377e-08 -5.2199e-08 -6.0909e-08 -7.0570e-08 -8.1248e-08 -9.3014e-08 -1.0594e-07 -1.2011e-07 -1.3559e-07 -1.5248e-07 -1.7086e-07 -1.9079e-07 -2.1237e-07 -2.3567e-07 -2.6073e-07 -2.8759e-07 -3.1626e-07 -3.4672e-07 -3.7887e-07 -4.1257e-07 -4.4756e-07 -4.8348e-07 -5.1983e-07 -5.5592e-07 -5.9085e-07 -6.2349e-07 -6.5242e-07 -6.7597e-07 -6.9221e-07 -6.9903e-07 -6.9429e-07 -6.7599e-07 -6.4264e-07 -5.9363e-07 -5.2967e-07 -4.5321e-07 -3.6860e-07 -2.8186e-07 -1.9995e-07 -1.2943e-07 -7.4897e-08 -3.7775e-08 -1.6086e-08 -5.5592e-09 -1.4832e-09 -2.8689e-10 -3.7147e-11 -2.9088e-12 -1.2094e-13 -2.2584e-15 -1.5245e-17 -2.8041e-20 -9.6982e-24 -3.8631e-28 -9.2278e-34 -5.5050e-41 -2.5052e-50 -1.7199e-62 -1.9021e-78 -1.4950e-99 -1.0202e-127 -1.1149e-165 -2.1335e-217 -1.0716e-288 -0.0000e+00 -0.0000e+00 -0.0000e+00 -0.0000e+00 -0.0000e+00 -0.0000e+00 -0.0000e+00 -0.0000e+00 -0.0000e+00 -0.0000e+00 -0.0000e+00 -0.0000e+00 -0.0000e+00 -0.0000e+00 -0.0000e+00 -0.0000e+00 -0.0000e+00 -0.0000e+00 -0.0000e+00 -0.0000e+00 -0.0000e+00
-6.3144e-11 -3.5754e-10 -9.8686e-10 -2.0304e-09 -3.5573e-09 2.2484e-07 -8.3141e-09 -1.1666e-08 -1.5746e-08 -2.0619e-08 -2.6346e-08 -3.2994e-08 -4.0633e-08 -4.9337e-08 -5.9182e-08 -7.0252e-08 -8.2635e-08 -9.6423e-08 -1.1172e-07 -1.2862e-07 -1.4725e-07 -1.6771e-07 -1.9014e-07 -2.1466e-07 -2.4139e-07 -2.7048e-07 -3.0204e-07 -3.3620e-07 -3.7307e-07 -4.1275e-07 -4.5527e-07 -5.0067e-07 -5.4888e-07 -5.9978e-07 -6.5312e-07 -7.0851e-07 -7.6538e-07 -8.2293e-07 -8.8006e-07 -9.3536e-07 -9.8702e-07 -1.0328e-06 -1.0701e-06 -1.0958e-06 -1.1066e-06 -1.0991e-06 -1.0701e-06 -1.0173e-06 -9.3975e-07 -8.3850e-07 -7.1747e-07 -5.8351e-07 -4.4620e-07 -3.1653e-07 -2.0489e-07 -1.1857e-07 -5.9800e-08 -2.5466e-08 -8.8006e-09 -2.3480e-09 -4.5417e-10 -5.8808e-11 -4.6049e-12 -1.9147e-13 -3.5752e-15 -2.4135e-17 -4.4393e-20 -1.5354e-23 -6.1159e-28 -1.4609e-33 -8.7155e-41 -3.9664e-50 -2.7231e-62 -3.0118e-78 -2.3673e-99 -1.6156e-127 -1.7657e-165 -3.3794e-217 -1.6977e-288 -0.0000e+00 -0.0000e+00 -0.0000e+00 -0.0000e+00 -0.0000e+00 -0.0000e+00 -0.0000e+00 -0.0000e+00 -0.0000e+00 -0.0000e+00 -0.0000e+00 -0.0000e+00 -0.0000e+00 -0.0000e+00 -0.0000e+00 -0.0000e+00 -0.0000e+00 -0.0000e+00 -0.0000e+00 -0.0000e+00 -0.0000e+00 -6.3144e-11 -3.5754e-10 -9.8686e-10 -2.0304e-09 -3.5573e-09 0.0000e+00 -8.3141e-09 -1.1666e-08 -1.5746e-08 -2.0619e-08 -2.6346e-08 -3.2994e-08 -4.0633e-08 -4.9337e-08 -5.9182e-08 -7.0252e-08 -8.2635e-08 -9.6423e-08 -1.1172e-07 -1.2862e-07 -1.4725e-07 -1.6771e-07 -1.9014e-07 -2.1466e-07 -2.4139e-07 -2.7048e-07 -3.0204e-07 -3.3620e-07 -3.7307e-07 -4.1275e-07 -4.5527e-07 -5.0067e-07 -5.4888e-07 -5.9978e-07 -6.5312e-07 -7.0851e-07 -7.6538e-07 -8.2293e-07 -8.8006e-07 -9.3536e-07 -9.8702e-07 -1.0328e-06 -1.0701e-06 -1.0958e-06 -1.1066e-06 -1.0991e-06 -1.0701e-06 -1.0173e-06 -9.3975e-07 -8.3850e-07 -7.1747e-07 -5.8351e-07 -4.4620e-07 -3.1653e-07 -2.0489e-07 -1.1857e-07 -5.9800e-08 -2.5466e-08 -8.8005e-09 -2.3480e-09 -4.5417e-10 -5.8807e-11 -4.6048e-12 -1.9146e-13 -3.5751e-15 -2.4134e-17 -4.4391e-20 -1.5353e-23 -6.1156e-28 -1.4608e-33 -8.7149e-41 -3.9660e-50 -2.7228e-62 -3.0113e-78 -2.3669e-99 -1.6152e-127 -1.7651e-165 -3.3779e-217 -1.6967e-288 -0.0000e+00 -0.0000e+00 -0.0000e+00 -0.0000e+00 -0.0000e+00 -0.0000e+00 -0.0000e+00 -0.0000e+00 -0.0000e+00 -0.0000e+00 -0.0000e+00 -0.0000e+00 -0.0000e+00 -0.0000e+00 -0.0000e+00 -0.0000e+00 -0.0000e+00 -0.0000e+00 -0.0000e+00 -0.0000e+00 -0.0000e+00
-9.3223e-11 -5.2786e-10 -1.4570e-09 -2.9976e-09 -5.2519e-09 -8.3141e-09 5.7057e-07 -1.7223e-08 -2.3248e-08 -3.0441e-08 -3.8896e-08 -4.8711e-08 -5.9989e-08 -7.2839e-08 -8.7375e-08 -1.0372e-07 -1.2200e-07 -1.4236e-07 -1.6494e-07 -1.8989e-07 -2.1739e-07 -2.4760e-07 -2.8072e-07 -3.1691e-07 -3.5638e-07 -3.9932e-07 -4.4592e-07 -4.9636e-07 -5.5080e-07 -6.0936e-07 -6.7215e-07 -7.3917e-07 -8.1035e-07 -8.8549e-07 -9.6424e-07 -1.0460e-06 -1.1300e-06 -1.2149e-06 -1.2993e-06 -1.3809e-06 -1.4572e-06 -1.5248e-06 -1.5799e-06 -1.6178e-06 -1.6338e-06 -1.6227e-06 -1.5799e-06 -1.5020e-06 -1.3874e-06 -1.2379e-06 -1.0592e-06 -8.6149e-07 -6.5876e-07 -4.6731e-07 -3.0250e-07 -1.7505e-07 -8.8288e-08 -3.7598e-08 -1.2993e-08 -3.4666e-09 -6.7054e-10 -8.6824e-11 -6.7987e-12 -2.8268e-13 -5.2786e-15 -3.5634e-17 -6.5544e-20 -2.2670e-23 -9.0303e-28 -2.1572e-33 -1.2870e-40 -5.8571e-50 -4.0215e-62 -4.4481e-78 -3.4966e-99 -2.3866e-127 -2.6088e-165 -4.9943e-217 -2.5098e-288 -0.0000e+00 -0.0000e+00 -0.0000e+00 -0.0000e+00 -0.0000e+00 -0.0000e+00 -0.0000e+00 -0.0000e+00 -0.0000e+00 -0.0000e+00 -0.0000e+00 -0.0000e+00 -0.0000e+00 -0.0000e+00 -0.0000e+00 -0.0000e+00 -0.0000e+00 -0.0000e+00 -0.0000e+00 -0.0000e+00 -0.0000e+00 -9.3223e-11 -5.2786e-10 -1.4570e-09 -2.9976e-09 -5.2519e-09 -8.3141e-09 0.0000e+00 -1.7223e-08 -2.3248e-08 -3.0441e-08 -3.8896e-08 -4.8711e-08 -5.9989e-08 -7.2839e-08 -8.7375e-08 -1.0372e-07 -1.2200e-07 -1.4236e-07 -1.6494e-07 -1.8989e-07 -2.1739e-07 -2.4760e-07 -2.8072e-07 -3.1691e-07 -3.5638e-07 -3.9932e-07 -4.4592e-07 -4.9636e-07 -5.5080e-07 -6.0936e-07 -6.7215e-07 -7.3917e-07 -8.1035e-07 -8.8549e-07 -9.6424e-07 -1.0460e-06 -1.1300e-06 -1.2149e-06 -1.2993e-06 -1.3809e-06 -1.4572e-06 -1.5248e-06 -1.5799e-06 -1.6178e-06 -1.6338e-06 -1.6227e-06 -1.5799e-06 -1.5020e-06 -1.3874e-06 -1.2379e-06 -1.0592e-06 -8.6148e-07 -6.5875e-07 -4.6731e-07 -3.0249e-07 -1.7505e-07 -8.8287e-08 -3.7597e-08 -1.2993e-08 -3.4666e-09 -6.7053e-10 -8.6821e-11 -6.7985e-12 -2.8267e-13 -5.2783e-15 -3.5631e-17 -6.5539e-20 -2.2667e-23 -9.0292e-28 -2.1568e-33 -1.2867e-40 -5.8557e-50 -4.0203e-62 -4.4464e-78 -3.4949e-99 -2.3851e-127 -2.6066e-165 -4.9887e-217 -2.5060e-288 -0.0000e+00 -0.0000e+00 -0.0000e+00 -0.0000e+00 -0.0000e+00 -0.0000e+00 -0.0000e+00 -0.0000e+00 -0.0000e+00 -0.0000e+00 -0.0000e+00 -0.0000e+00 -0.0000e+00 -0.0000e+00 -0.0000e+00 -0.0000e+00 -0.0000e+00 -0.0000e+00 -0.0000e+00 -0.0000e+00 -0.0000e+00
-1.3080e-10 -7.4065e-10 -2.0443e-09 -4.2060e-09 -7.3690e-09 -1.1666e-08 -1.7223e-08 1.2806e-06 -3.2619e-08 -4.2712e-08 -5.4575e-08 -6.8347e-08 -8.4172e-08 -1.0220e-07 -1.2260e-07 -1.4553e-07 -1.7118e-07 -1.9974e-07 -2.3142e-07 -2.6644e-07 -3.0502e-07 -3.4742e-07 -3.9387e-07 -4.4466e-07 -5.0004e-07 -5.6029e-07 -6.2568e-07 -6.9645e-07 -7.7283e-07 -8.5501e-07 -9.4310e-07 -1.0371e-06 -1.1370e-06 -1.2424e-06 -1.3529e-06 -1.4677e-06 -1.5855e-06 -1.7047e-06 -1.8230e-06 -1.9376e-06 -2.0446e-06 -2.1395e-06 -2.2167e-06 -2.2700e-06 -2.2924e-06 -2.2768e-06 -2.2168e-06 -2.1074e-06 -1.9467e-06 -1.7370e-06 -1.4863e-06 -1.2088e-06 -9.2432e-07 -6.5570e-07 -4.2444e-07 -2.4562e-07 -1.2388e-07 -5.2755e-08 -1.8231e-08 -4.8642e-09 -9.4088e-10 -1.2183e-10 -9.5400e-12 -3.9667e-13 -7.4071e-15 -5.0003e-17 -9.1979e-20 -3.1813e-23 -1.2673e-27 -3.0276e-33 -1.8064e-40 -8.2217e-50 -5.6457e-62 -6.2456e-78 -4.9107e-99 -3.3527e-127 -3.6662e-165 -7.0220e-217 -3.5312e-288 -0.0000e+00 -0.0000e+00 -0.0000e+00 -0.0000e+00 -0.0000e+00 -0.0000e+00 -0.0000e+00 -0.0000e+00 -0.0000e+00 -0.0000e+00 -0.0000e+00 -0.0000e+00 -0.0000e+00 -0.0000e+00 -0.0000e+00 -0.0000e+00 -0.0000e+00 -0.0000e+00 -0.0000e+00 -0.0000e+00 -0.0000e+00 -1.3080e-10 -7.4065e-10 -2.0443e-09 -4.2060e-09 -7.3690e-09 -1.1666e-08 -1.7223e-08 0.0000e+00 -3.2619e-08 -4.2712e-08 -5.4575e-08 -6.8347e-08 -8.4172e-08 -1.0220e-07 -1.2260e-07 -1.4553e-07 -1.7118e-07 -1.9974e-07 -2.3142e-07 -2.6644e-07 -3.0502e-07 -3.4742e-07 -3.9387e-07 -4.4466e-07 -5.0004e-07 -5.6029e-07 -6.2568e-07 -6.9645e-07 -7.7283e-07 -8.5501e-07 -9.4310e-07 -1.0371e-06 -1.1370e-06 -1.2424e-06 -1.3529e-06 -1.4677e-06 -1.5855e-06 -1.7047e-06 -1.8230e-06 -1.9376e-06 -2.0446e-06 -2.1395e-06 -2.2167e-06 -2.2700e-06 -2.2924e-06 -2.2768e-06 -2.2168e-06 -2.1074e-06 -1.9467e-06 -1.7370e-06 -1.4862e-06 -1.2088e-06 -9.2431e-07 -6.5569e-07 -4.2443e-07 -2.4562e-07 -1.2388e-07 -5.2753e-08 -1.8231e-08 -4.8640e-09 -9.4084e-10 -1.2182e-10 -9.5393e-12 -3.9663e-13 -7.4063e-15 -4.9997e-17 -9.1963e-20 -3.1807e-23 -1.2670e-27 -3.0266e-33 -1.8056e-40 -8.2174e-50 -5.6419e-62 -6.2402e-78 -4.9052e-99 -3.3479e-127 -3.6593e-165 -7.0046e-217 -3.5195e-288 -0.0000e+00 -0.0000e+00 -0.0000e+00 -0.0000e+00 -0.0000e+00 -0.0000e+00 -0.0000e+00 -0.0000e+00 -0.0000e+00 -0.0000e+00 -0.0000e+00 -0.0000e+00 -0.0000e+00 -0.0000e+00 -0.0000e+00 -0.0000e+00 -0.0000e+00 -0.0000e+00 -0.0000e+00 -0.0000e+00 -0.0000e+00
-1.7656e-10 -9.9975e-10 -2.7594e-09 -5.6774e-09 -9.9468e-09 -1.5746e-08 -2.3248e-08 -3.2619e-08 2.6179e-06 -5.7653e-08 -7.3667e-08 -9.2257e-08 -1.1362e-07 -1.3795e-07 -1.6548e-07 -1.9644e-07 -2.3106e-07 -2.6962e-07 -3.1238e-07 -3.5965e-07 -4.1173e-07 -4.6895e-07 -5.3166e-07 -6.0021e-07 -6.7497e-07 -7.5630e-07 -8.4455e-07 -9.4008e-07 -1.0432e-06 -1.1541e-06 -1.2730e-06 -1.3999e-06 -1.5348e-06 -1.6771e-06 -1.8262e-06 -1.9811e-06 -2.1401e-06 -2.3010e-06 -2.4608e-06 -2.6154e-06 -2.7599e-06 -2.8880e-06 -2.9922e-06 -3.0641e-06 -3.0943e-06 -3.0733e-06 -2.9923e-06 -2.8447e-06 -2.6277e-06 -2.3446e-06 -2.0062e-06 -1.6317e-06 -1.2477e-06 -8.8510e-07 -5.7293e-07 -3.3155e-07 -1.6722e-07 -7.1213e-08 -2.4610e-08 -6.5663e-09 -1.2701e-09 -1.6446e-10 -1.2879e-11 -5.3551e-13 -1.0000e-14 -6.7511e-17 -1.2419e-19 -4.2957e-23 -1.7114e-27 -4.0888e-33 -2.4399e-40 -1.1107e-49 -7.6287e-62 -8.4418e-78 -6.6400e-99 -4.5358e-127 -4.9633e-165 -9.5155e-217 -4.7913e-288 -0.0000e+00 -0.0000e+00 -0.0000e+00 -0.0000e+00 -0.0000e+00 -0.0000e+00 -0.0000e+00 -0.0000e+00 -0.0000e+00 -0.0000e+00 -0.0000e+00 -0.0000e+00 -0.0000e+00 -0.0000e+00 -0.0000e+00 -0.0000e+00 -0.0000e+00 -0.0000e+00 -0.0000e+00 -0.0000e+00 -0.0000e+00 -1.7656e-10 -9.9975e-10 -2.7594e-09 -5.6774e-09 -9.9468e-09 -1.5746e-08 -2.3248e-08 -3.2619e-08 0.0000e+00 -5.7653e-08 -7.3667e-08 -9.2257e-08 -1.1362e-07 -1.3795e-07 -1.6548e-07 -1.9644e-07 -2.3106e-07 -2.6962e-07 -3.1238e-07 -3.5965e-07 -4.1173e-07 -4.6895e-07 -5.3166e-07 -6.0021e-07 -6.7497e-07 -7.5630e-07 -8.4455e-07 -9.4008e-07 -1.0432e-06 -1.1541e-06 -1.2730e-06 -1.3999e-06 -1.5348e-06 -1.6771e-06 -1.8262e-06 -1.9811e-06 -2.1401e-06 -2.3010e-06 -2.4608e-06 -2.6154e-06 -2.7599e-06 -2.8879e-06 -2.9922e-06 -3.0641e-06 -3.0943e-06 -3.0733e-06 -2.9923e-06 -2.8447e-06 -2.6277e-06 -2.3446e-06 -2.0062e-06 -1.6316e-06 -1.2477e-06 -8.8507e-07 -5.7292e-07 -3.3154e-07 -1.6721e-07 -7.1209e-08 -2.4609e-08 -6.5657e-09 -1.2700e-09 -1.6444e-10 -1.2877e-11 -5.3541e-13 -9.9978e-15 -6.7492e-17 -1.2415e-19 -4.2938e-23 -1.7104e-27 -4.0860e-33 -2.4378e-40 -1.1095e-49 -7.6183e-62 -8.4270e-78 -6.6250e-99 -4.5225e-127 -4.9443e-165 -9.4673e-217 -4.7590e-288 -0.0000e+00 -0.0000e+00 -0.0000e+00 -0.0000e+00 -0.0000e+00 -0.0000e+00 -0.0000e+00 -0.0000e+00 -0.0000e+00 -0.0000e+00 -0.0000e+00 -0.0000e+00 -0.0000e+00 -0.0000e+00 -0.0000e+00 -0.0000e+00 -0.0000e+00 -0.0000e+00 -0.0000e+00 -0.0000e+00 -0.0000e+00
-2.3119e-10 -1.3091e-09 -3.6132e-09 -7.4340e-09 -1.3024e-08 -2.0619e-08 -3.0441e-08 -4.2712e-08 -5.7653e-08 4.9719e-06 -9.6460e-08 -1.2080e-07 -1.4877e-07 -1.8064e-07 -2.1669e-07 -2.5722e-07 -3.0255e-07 -3.5304e-07 -4.0903e-07 -4.7092e-07 -5.3912e-07 -6.1405e-07 -6.9616e-07 -7.8592e-07 -8.8381e-07 -9.9030e-07 -1.1059e-06 -1.2309e-06 -1.3660e-06 -1.5112e-06 -1.6669e-06 -1.8331e-06 -2.0096e-06 -2.1960e-06 -2.3913e-06 -2.5941e-06 -2.8023e-06 -3.0130e-06 -3.2222e-06 -3.4247e-06 -3.6138e-06 -3.7815e-06 -3.9180e-06 -4.0122e-06 -4.0517e-06 -4.0242e-06 -3.9182e-06 -3.7249e-06 -3.4408e-06 -3.0701e-06 -2.6270e-06 -2.1366e-06 -1.6338e-06 -1.1590e-06 -7.5024e-07 -4.3416e-07 -2.1898e-07 -9.3254e-08 -3.2228e-08 -8.5989e-09 -1.6633e-09 -2.1539e-10 -1.6867e-11 -7.0138e-13 -1.3098e-14 -8.8433e-17 -1.6269e-19 -5.6281e-23 -2.2425e-27 -5.3588e-33 -3.1984e-40 -1.4565e-49 -1.0008e-61 -1.1080e-77 -8.7210e-99 -5.9627e-127 -6.5327e-165 -1.2545e-216 -6.3312e-288 -0.0000e+00 -0.0000e+00 -0.0000e+00 -0.0000e+00 -0.0000e+00 -0.0000e+00 -0.0000e+00 -0.0000e+00 -0.0000e+00 -0.0000e+00 -0.0000e+00 -0.0000e+00 -0.0000e+00 -0.0000e+00 -0.0000e+00 -0.0000e+00 -0.0000e+00 -0.0000e+00 -0.0000e+00 -0.0000e+00 -0.0000e+00 -2.3119e-10 -1.3091e-09 -3.6132e-09 -7.4340e-09 -1.3024e-08 -2.0619e-08 -3.0441e-08 -4.2712e-08 -5.7653e-08 0.0000e+00 -9.6460e-08 -1.2080e-07 -1.4877e-07 -1.8064e-07 -2.1669e-07 -2.5722e-07 -3.0255e-07 -3.5304e-07 -4.0903e-07 -4.7092e-07 -5.3912e-07 -6.1405e-07 -6.9616e-07 -7.8592e-07 -8.8381e-07 -9.9030e-07 -1.1059e-06 -1.2309e-06 -1.3660e-06 -1.5112e-06 -1.6669e-06 -1.8331e-06 -2.0096e-06 -2.1960e-06 -2.3913e-06 -2.5941e-06 -2.8023e-06 -3.0130e-06 -3.2222e-06 -3.4247e-06 -3.6138e-06 -3.7815e-06 -3.9180e-06 -4.0121e-06 -4.0517e-06 -4.0242e-06 -3.9181e-06 -3.7248e-06 -3.4408e-06 -3.0701e-06 -2.6269e-06 -2.1365e-06 -1.6337e-06 -1.1589e-06 -7.5019e-07 -4.3413e-07 -2.1896e-07 -9.3244e-08 -3.2224e-08 -8.5975e-09 -1.6630e-09 -2.1534e-10 -1.6862e-11 -7.0113e-13 -1.3093e-14 -8.8385e-17 -1.6258e-19 -5.6235e-23 -2.2402e-27 -5.3519e-33 -3.1933e-40 -1.4535e-49 -9.9816e-62 -1.1043e-77 -8.6837e-99 -5.9296e-127 -6.4853e-165 -1.2425e-216 -6.2505e-288 -0.0000e+00 -0.0000e+00 -0.0000e+00 -0.0000e+00 -0.0000e+00 -0.0000e+00 -0.0000e+00 -0.0000e+00 -0.0000e+00 -0.0000e+00 -0.0000e+00 -0.0000e+00 -0.0000e+00 -0.0000e+00 -0.0000e+00 -0.0000e+00 -0.0000e+00 -0.0000e+00 -0.0000e+00 -0.0000e+00 -0.0000e+00
-2.9541e-10 -1.6727e-09 -4.6168e-09 -9.4989e-09 -1.6642e-08 -2.6346e-08 -3.8896e-08 -5.4575e-08 -7.3667e-08 -9.6460e-08 8.8991e-06 -1.5436e-07 -1.9009e-07 -2.3081e-07 -2.7687e-07 -3.2866e-07 -3.8659e-07 -4.5110e-07 -5.2265e-07 -6.0173e-07 -6.8887e-07 -7.8461e-07 -8.8953e-07 -1.0042e-06 -1.1293e-06 -1.2654e-06 -1.4130e-06 -1.5729e-06 -1.7454e-06 -1.9310e-06 -2.1299e-06 -2.3423e-06 -2.5678e-06 -2.8060e-06 -3.0555e-06 -3.3146e-06 -3.5807e-06 -3.8499e-06 -4.1172e-06 -4.3759e-06 -4.6176e-06 -4.8319e-06 -5.0063e-06 -5.1266e-06 -5.1772e-06 -5.1421e-06 -5.0066e-06 -4.7596e-06 -4.3967e-06 -3.9230e-06 -3.3568e-06 -2.7301e-06 -2.0877e-06 -1.4810e-06 -9.5869e-07 -5.5480e-07 -2.7983e-07 -1.1917e-07 -4.1186e-08 -1.0989e-08 -2.1258e-09 -2.7529e-10 -2.1559e-11 -8.9657e-13 -1.6745e-14 -1.1307e-16 -2.0804e-19 -7.1984e-23 -2.8689e-27 -6.8577e-33 -4.0947e-40 -1.8655e-49 -1.2827e-61 -1.4213e-77 -1.1200e-98 -7.6691e-127 -8.4193e-165 -1.6212e-216 -8.2127e-288 -0.0000e+00 -0.0000e+00 -0.0000e+00 -0.0000e+00 -0.0000e+00 -0.0000e+00 -0.0000e+00 -0.0000e+00 -0.0000e+00 -0.0000e+00 -0.0000e+00 -0.0000e+00 -0.0000e+00 -0.0000e+00 -0.0000e+00 -0.0000e+00 -0.0000e+00 -0.0000e+00 -0.0000e+00 -0.0000e+00 -0.0000e+00 -2.9541e-10 -1.6727e-09 -4.6168e-09 -9.4989e-09 -1.6642e-08 -2.6346e-08 -3.8896e-08 -5.4575e-08 -7.3667e-08 -9.6460e-08 0.0000e+00 -1.5436e-07 -1.9009e-07 -2.3081e-07 -2.7687e-07 -3.2866e-07 -3.8659e-07 -4.5110e-07 -5.2265e-07 -6.0173e-07 -6.8887e-07 -7.8461e-07 -8.8953e-07 -1.0042e-06 -1.1293e-06 -1.2654e-06 -1.4130e-06 -1.5729e-06 -1.7454e-06 -1.9310e-06 -2.1299e-06 -2.3423e-06 -2.5678e-06 -2.8059e-06 -3.0555e-06 -3.3146e-06 -3.5807e-06 -3.8499e-06 -4.1172e-06 -4.3759e-06 -4.6176e-06 -4.8319e-06 -5.0063e-06 -5.1266e-06 -5.1771e-06 -5.1420e-06 -5.0065e-06 -4.7595e-06 -4.3965e-06 -3.9229e-06 -3.3566e-06 -2.7299e-06 -2.0875e-06 -1.4809e-06 -9.5859e-07 -5.5473e-07 -2.7978e-07 -1.1915e-07 -4.1176e-08 -1.0986e-08 -2.1251e-09 -2.7517e-10 -2.1548e-11 -8.9600e-13 -1.6732e-14 -1.1296e-16 -2.0780e-19 -7.1878e-23 -2.8636e-27 -6.8419e-33 -4.0829e-40 -1.8587e-49 -1.2767e-61 -1.4129e-77 -1.1115e-98 -7.5933e-127 -8.3106e-165 -1.5937e-216 -8.0275e-288 -0.0000e+00 -0.0000e+00 -0.0000e+00 -0.0000e+00 -0.0000e+00 -0.0000e+00 -0.0000e+00 -0.0000e+00 -0.0000e+00 -0.0000e+00 -0.0000e+00 -0.0000e+00 -0.0000e+00 -0.0000e+00 -0.0000e+00 -0.0000e+00 -0.0000e+00 -0.0000e+00 -0.0000e+00 -0.0000e+00 -0.0000e+00
-3.6995e-10 -2.0948e-09 -5.7819e-09 -1.1896e-08 -2.0842e-08 -3.2994e-08 -4.8711e-08 -6.8347e-08 -9.2257e-08 -1.2080e-07 -1.5436e-07 1.5170e-05 -2.3806e-07 -2.8906e-07 -3.4674e-07 -4.1160e-07 -4.8415e-07 -5.6493e-07 -6.5453e-07 -7.5357e-07 -8.6270e-07 -9.8260e-07 -1.1140e-06 -1.2576e-06 -1.4143e-06 -1.5847e-06 -1.7696e-06 -1.9698e-06 -2.1858e-06 -2.4182e-06 -2.6674e-06 -2.9333e-06 -3.2158e-06 -3.5140e-06 -3.8266e-06 -4.1511e-06 -4.4843e-06 -4.8215e-06 -5.1562e-06 -5.4802e-06 -5.7829e-06 -6.0513e-06 -6.2698e-06 -6.4204e-06 -6.4838e-06 -6.4398e-06 -6.2702e-06 -5.9609e-06 -5.5064e-06 -4.9132e-06 -4.2041e-06 -3.4193e-06 -2.6147e-06 -1.8549e-06 -1.2008e-06 -6.9491e-07 -3.5050e-07 -1.4928e-07 -5.1592e-08 -1.3767e-08 -2.6633e-09 -3.4491e-10 -2.7015e-11 -1.1236e-12 -2.0988e-14 -1.4174e-16 -2.6087e-19 -9.0289e-23 -3.5998e-27 -8.6091e-33 -5.1436e-40 -2.3453e-49 -1.6142e-61 -1.7912e-77 -1.4140e-98 -9.7052e-127 -1.0689e-164 -2.0671e-216 -1.0533e-287 -0.0000e+00 -0.0000e+00 -0.0000e+00 -0.0000e+00 -0.0000e+00 -0.0000e+00 -0.0000e+00 -0.0000e+00 -0.0000e+00 -0.0000e+00 -0.0000e+00 -0.0000e+00 -0.0000e+00 -0.0000e+00 -0.0000e+00 -0.0000e+00 -0.0000e+00 -0.0000e+00 -0.0000e+00 -0.0000e+00 -0.0000e+00 -3.6995e-10 -2.0948e-09 -5.7819e-09 -1.1896e-08 -2.0842e-08 -3.2994e-08 -4.8711e-08 -6.8347e-08 -9.2257e-08 -1.2080e-07 -1.5436e-07 0.0000e+00 -2.3806e-07 -2.8906e-07 -3.4674e-07 -4.1160e-07 -4.8415e-07 -5.6493e-07 -6.5453e-07 -7.5357e-07 -8.6270e-07 -9.8260e-07 -1.1140e-06 -1.2576e-06 -1.4143e-06 -1.5847e-06 -1.7696e-06 -1.9698e-06 -2.1858e-06 -2.4182e-06 -2.6674e-06 -2.9333e-06 -3.2158e-06 -3.5140e-06 -3.8266e-06 -4.1511e-06 -4.4843e-06 -4.8214e-06 -5.1562e-06 -5.4802e-06 -5.7829e-06 -6.0512e-06 -6.2696e-06 -6.4203e-06 -6.4836e-06 -6.4396e-06 -6.2699e-06 -5.9606e-06 -5.5060e-06 -4.9129e-06 -4.2037e-06 -3.4189e-06 -2.6144e-06 -1.8546e-06 -1.2005e-06 -6.9475e-07 -3.5041e-07 -1.4923e-07 -5.1571e-08 -1.3760e-08 -2.6617e-09 -3.4467e-10 -2.6991e-11 -1.1224e-12 -2.0960e-14 -1.4151e-16 -2.6034e-19 -9.0063e-23 -3.5886e-27 -8.5755e-33 -5.1184e-40 -2.3308e-49 -1.6015e-61 -1.7732e-77 -1.3957e-98 -9.5430e-127 -1.0456e-164 -2.0080e-216 -1.0135e-287 -0.0000e+00 -0.0000e+00 -0.0000e+00 -0.0000e+00 -0.0000e+00 -0.0000e+00 -0.0000e+00 -0.0000e+00 -0.0000e+00 -0.0000e+00 -0.0000e+00 -0.0000e+00 -0.0000e+00 -0.0000e+00 -0.0000e+00 -0.0000e+00 -0.0000e+00 -0.0000e+00 -0.0000e+00 -0.0000e+00 -0.0000e+00
-4.5561e-10 -2.5798e-09 -7.1206e-09 -1.4650e-08 -2.5667e-08 -4.0633e-08 -5.9989e-08 -8.4172e-08 -1.1362e-07 -1.4877e-07 -1.9009e-07 -2.3806e-07 2.4826e-05 -3.5598e-07 -4.2702e-07 -5.0690e-07 -5.9624e-07 -6.9573e-07 -8.0608e-07 -9.2805e-07 -1.0624e-06 -1.2101e-06 -1.3719e-06 -1.5488e-06 -1.7417e-06 -1.9516e-06 -2.1793e-06 -2.4258e-06 -2.6919e-06 -2.9781e-06 -3.2850e-06 -3.6125e-06 -3.9604e-06 -4.3277e-06 -4.7126e-06 -5.1123e-06 -5.5226e-06 -5.9379e-06 -6.3501e-06 -6.7492e-06 -7.1220e-06 -7.4525e-06 -7.7216e-06 -7.9072e-06 -7.9852e-06 -7.9311e-06 -7.7222e-06 -7.3414e-06 -6.7817e-06 -6.0512e-06 -5.1779e-06 -4.2114e-06 -3.2205e-06 -2.2847e-06 -1.4790e-06 -8.5599e-07 -4.3177e-07 -1.8390e-07 -6.3562e-08 -1.6962e-08 -3.2818e-09 -4.2507e-10 -3.3298e-11 -1.3851e-12 -2.5880e-14 -1.7483e-16 -3.2189e-19 -1.1146e-22 -4.4465e-27 -1.0642e-32 -6.3643e-40 -2.9055e-49 -2.0030e-61 -2.2271e-77 -1.7630e-98 -1.2144e-126 -1.3439e-164 -2.6159e-216 -1.3446e-287 -0.0000e+00 -0.0000e+00 -0.0000e+00 -0.0000e+00 -0.0000e+00 -0.0000e+00 -0.0000e+00 -0.0000e+00 -0.0000e+00 -0.0000e+00 -0.0000e+00 -0.0000e+00 -0.0000e+00 -0.0000e+00 -0.0000e+00 -0.0000e+00 -0.0000e+00 -0.0000e+00 -0.0000e+00 -0.0000e+00 -0.0000e+00 -4.5561e-10 -2.5798e-09 -7.1206e-09 -1.4650e-08 -2.5667e-08 -4.0633e-08 -5.9989e-08 -8.4172e-08 -1.1362e-07 -1.4877e-07 -1.9009e-07 -2.3806e-07 0.0000e+00 -3.5598e-07 -4.2702e-07 -5.0690e-07 -5.9624e-07 -6.9573e-07 -8.0608e-07 -9.2805e-07 -1.0624e-06 -1.2101e-06 -1.3719e-06 -1.5488e-06 -1.7417e-06 -1.9516e-06 -2.1793e-06 -2.4258e-06 -2.6919e-06 -2.9781e-06 -3.2850e-06 -3.6125e-06 -3.9604e-06 -4.3277e-06 -4.7125e-06 -5.1122e-06 -5.5226e-06 -5.9378e-06 -6.3500e-06 -6.7490e-06 -7.1218e-06 -7.4523e-06 -7.7213e-06 -7.9069e-06 -7.9849e-06 -7.9307e-06 -7.7217e-06 -7.3408e-06 -6.7810e-06 -6.0505e-06 -5.1772e-06 -4.2107e-06 -3.2198e-06 -2.2842e-06 -1.4786e-06 -8.5567e-07 -4.3158e-07 -1.8380e-07 -6.3520e-08 -1.6949e-08 -3.2786e-09 -4.2456e-10 -3.3250e-11 -1.3827e-12 -2.5824e-14 -1.7437e-16 -3.2083e-19 -1.1100e-22 -4.4239e-27 -1.0574e-32 -6.3134e-40 -2.8761e-49 -1.9773e-61 -2.1908e-77 -1.7260e-98 -1.1816e-126 -1.2968e-164 -2.4962e-216 -1.2638e-287 -0.0000e+00 -0.0000e+00 -0.0000e+00 -0.0000e+00 -0.0000e+00 -0.0000e+00 -0.0000e+00 -0.0000e+00 -0.0000e+00 -0.0000e+00 -0.0000e+00 -0.0000e+00 -0.0000e+00 -0.0000e+00 -0.0000e+00 -0.0000e+00 -0.0000e+00 -0.0000e+00 -0.0000e+00 -0.0000e+00 -0.0000e+00
-5.5320e-10 -3.1324e-09 -8.6458e-09 -1.7788e-08 -3.1165e-08 -4.9337e-08 -7.2839e-08 -1.0220e-07 -1.3795e-07 -1.8064e-07 -2.3081e-07 -2.8906e-07 -3.5598e-07 3.9247e-05 -5.1849e-07 -6.1548e-07 -7.2396e-07 -8.4476e-07 -9.7874e-07 -1.1268e-06 -1.2900e-06 -1.4693e-06 -1.6658e-06 -1.8806e-06 -2.1148e-06 -2.3696e-06 -2.6461e-06 -2.9455e-06 -3.2685e-06 -3.6161e-06 -3.9886e-06 -4.3863e-06 -4.8087e-06 -5.2547e-06 -5.7220e-06 -6.2073e-06 -6.7056e-06 -7.2098e-06 -7.7104e-06 -8.1949e-06 -8.6476e-06 -9.0490e-06 -9.3758e-06 -9.6012e-06 -9.6960e-06 -9.6304e-06 -9.3769e-06 -8.9145e-06 -8.2350e-06 -7.3481e-06 -6.2878e-06 -5.1142e-06 -3.9110e-06 -2.7747e-06 -1.7963e-06 -1.0397e-06 -5.2446e-07 -2.2339e-07 -7.7221e-08 -2.0610e-08 -3.9881e-09 -5.1665e-10 -4.0481e-11 -1.6844e-12 -3.1483e-14 -2.1278e-16 -3.9196e-19 -1.3582e-22 -5.4230e-27 -1.2993e-32 -7.7816e-40 -3.5590e-49 -2.4593e-61 -2.7429e-77 -2.1800e-98 -1.5097e-126 -1.6824e-164 -3.3052e-216 -1.7202e-287 -0.0000e+00 -0.0000e+00 -0.0000e+00 -0.0000e+00 -0.0000e+00 -0.0000e+00 -0.0000e+00 -0.0000e+00 -0.0000e+00 -0.0000e+00 -0.0000e+00 -0.0000e+00 -0.0000e+00 -0.0000e+00 -0.0000e+00 -0.0000e+00 -0.0000e+00 -0.0000e+00 -0.0000e+00 -0.0000e+00 -0.0000e+00 -5.5320e-10 -3.1324e-09 -8.6458e-09 -1.7788e-08 -3.1165e-08 -4.9337e-08 -7.2839e-08 -1.0220e-07 -1.3795e-07 -1.8064e-07 -2.3081e-07 -2.8906e-07 -3.5598e-07 0.0000e+00 -5.1849e-07 -6.1548e-07 -7.2396e-07 -8.4476e-07 -9.7874e-07 -1.1268e-06 -1.2900e-06 -1.4693e-06 -1.6658e-06 -1.8806e-06 -2.1148e-06 -2.3696e-06 -2.6461e-06 -2.9454e-06 -3.2685e-06 -3.6160e-06 -3.9886e-06 -4.3863e-06 -4.8087e-06 -5.2546e-06 -5.7220e-06 -6.2073e-06 -6.7055e-06 -7.2097e-06 -7.7102e-06 -8.1947e-06 -8.6474e-06 -9.0486e-06 -9.3753e-06 -9.6006e-06 -9.6953e-06 -9.6296e-06 -9.3758e-06 -8.9134e-06 -8.2337e-06 -7.3468e-06 -6.2864e-06 -5.1128e-06 -3.9097e-06 -2.7736e-06 -1.7955e-06 -1.0391e-06 -5.2409e-07 -2.2320e-07 -7.7140e-08 -2.0584e-08 -3.9820e-09 -5.1568e-10 -4.0389e-11 -1.6797e-12 -3.1375e-14 -2.1188e-16 -3.8992e-19 -1.3494e-22 -5.3794e-27 -1.2863e-32 -7.6836e-40 -3.5026e-49 -2.4099e-61 -2.6729e-77 -2.1088e-98 -1.4463e-126 -1.5913e-164 -3.0733e-216 -1.5632e-287 -0.0000e+00 -0.0000e+00 -0.0000e+00 -0.0000e+00 -0.0000e+00 -0.0000e+00 -0.0000e+00 -0.0000e+00 -0.0000e+00 -0.0000e+00 -0.0000e+00 -0.0000e+00 -0.0000e+00 -0.0000e+00 -0.0000e+00 -0.0000e+00 -0.0000e+00 -0.0000e+00 -0.0000e+00 -0.0000e+00 -0.0000e+00
-6.6359e-10 -3.7575e-09 -1.0371e-08 -2.1338e-08 -3.7385e-08 -5.9182e-08 -8.7375e-08 -1.2260e-07 -1.6548e-07 -2.1669e-07 -2.7687e-07 -3.4674e-07 -4.2702e-07 -5.1849e-07 6.0231e-05 -7.3830e-07 -8.6843e-07 -1.0133e-06 -1.1741e-06 -1.3517e-06 -1.5475e-06 -1.7625e-06 -1.9982e-06 -2.2559e-06 -2.5368e-06 -2.8425e-06 -3.1742e-06 -3.5332e-06 -3.9208e-06 -4.3377e-06 -4.7846e-06 -5.2617e-06 -5.7684e-06 -6.3033e-06 -6.8639e-06 -7.4461e-06 -8.0439e-06 -8.6487e-06 -9.2492e-06 -9.8305e-06 -1.0374e-05 -1.0855e-05 -1.1247e-05 -1.1518e-05 -1.1632e-05 -1.1553e-05 -1.1249e-05 -1.0695e-05 -9.8796e-06 -8.8159e-06 -7.5440e-06 -6.1362e-06 -4.6928e-06 -3.3295e-06 -2.1556e-06 -1.2477e-06 -6.2948e-07 -2.6815e-07 -9.2708e-08 -2.4747e-08 -4.7898e-09 -6.2067e-10 -4.8648e-11 -2.0251e-12 -3.7870e-14 -2.5611e-16 -4.7215e-19 -1.6377e-22 -6.5472e-27 -1.5712e-32 -9.4291e-40 -4.3239e-49 -2.9979e-61 -3.3584e-77 -2.6843e-98 -1.8728e-126 -2.1076e-164 -4.1944e-216 -2.2203e-287 -0.0000e+00 -0.0000e+00 -0.0000e+00 -0.0000e+00 -0.0000e+00 -0.0000e+00 -0.0000e+00 -0.0000e+00 -0.0000e+00 -0.0000e+00 -0.0000e+00 -0.0000e+00 -0.0000e+00 -0.0000e+00 -0.0000e+00 -0.0000e+00 -0.0000e+00 -0.0000e+00 -0.0000e+00 -0.0000e+00 -0.0000e+00 -6.6359e-10 -3.7575e-09 -1.0371e-08 -2.1338e-08 -3.7385e-08 -5.9182e-08 -8.7375e-08 -1.2260e-07 -1.6548e-07 -2.1669e-07 -2.7687e-07 -3.4674e-07 -4.2702e-07 -5.1849e-07 0.0000e+00 -7.3830e-07 -8.6843e-07 -1.0133e-06 -1.1741e-06 -1.3517e-06 -1.5475e-06 -1.7625e-06 -1.9982e-06 -2.2559e-06 -2.5368e-06 -2.8425e-06 -3.1742e-06 -3.5332e-06 -3.9207e-06 -4.3377e-06 -4.7846e-06 -5.2616e-06 -5.7683e-06 -6.3033e-06 -6.8638e-06 -7.4460e-06 -8.0437e-06 -8.6485e-06 -9.2489e-06 -9.8301e-06 -1.0373e-05 -1.0854e-05 -1.1246e-05 -1.1517e-05 -1.1630e-05 -1.1552e-05 -1.1247e-05 -1.0692e-05 -9.8772e-06 -8.8133e-06 -7.5413e-06 -6.1336e-06 -4.6904e-06 -3.3275e-06 -2.1540e-06 -1.2466e-06 -6.2879e-07 -2.6780e-07 -9.2560e-08 -2.4700e-08 -4.7786e-09 -6.1890e-10 -4.8478e-11 -2.0164e-12 -3.7671e-14 -2.5445e-16 -4.6839e-19 -1.6215e-22 -6.4669e-27 -1.5472e-32 -9.2484e-40 -4.2197e-49 -2.9067e-61 -3.2288e-77 -2.5525e-98 -1.7553e-126 -1.9382e-164 -3.7615e-216 -1.9260e-287 -0.0000e+00 -0.0000e+00 -0.0000e+00 -0.0000e+00 -0.0000e+00 -0.0000e+00 -0.0000e+00 -0.0000e+00 -0.0000e+00 -0.0000e+00 -0.0000e+00 -0.0000e+00 -0.0000e+00 -0.0000e+00 -0.0000e+00 -0.0000e+00 -0.0000e+00 -0.0000e+00 -0.0000e+00 -0.0000e+00 -0.0000e+00
-7.8772e-10 -4.4603e-09 -1.2311e-08 -2.5329e-08 -4.4377e-08 -7.0252e-08 -1.0372e-07 -1.4553e-07 -1.9644e-07 -2.5722e-07 -3.2866e-07 -4.1160e-07 -5.0690e-07 -6.1548e-07 -7.3830e-07 9.0093e-05 -1.0309e-06 -1.2029e-06 -1.3937e-06 -1.6045e-06 -1.8369e-06 -2.0922e-06 -2.3720e-06 -2.6778e-06 -3.0114e-06 -3.3742e-06 -3.7680e-06 -4.1942e-06 -4.6542e-06 -5.1491e-06 -5.6796e-06 -6.2459e-06 -6.8474e-06 -7.4825e-06 -8.1480e-06 -8.8391e-06 -9.5487e-06 -1.0267e-05 -1.0980e-05 -1.1670e-05 -1.2315e-05 -1.2886e-05 -1.3352e-05 -1.3673e-05 -1.3809e-05 -1.3716e-05 -1.3355e-05 -1.2697e-05 -1.1730e-05 -1.0467e-05 -8.9575e-06 -7.2863e-06 -5.5727e-06 -3.9541e-06 -2.5603e-06 -1.4821e-06 -7.4782e-07 -3.1862e-07 -1.1018e-07 -2.9419e-08 -5.6957e-09 -7.3834e-10 -5.7898e-11 -2.4115e-12 -4.5129e-14 -3.0547e-16 -5.6380e-19 -1.9583e-22 -7.8431e-27 -1.8865e-32 -1.1353e-39 -5.2254e-49 -3.6401e-61 -4.1026e-77 -3.3050e-98 -2.3294e-126 -2.6562e-164 -5.3772e-216 -2.9100e-287 -0.0000e+00 -0.0000e+00 -0.0000e+00 -0.0000e+00 -0.0000e+00 -0.0000e+00 -0.0000e+00 -0.0000e+00 -0.0000e+00 -0.0000e+00 -0.0000e+00 -0.0000e+00 -0.0000e+00 -0.0000e+00 -0.0000e+00 -0.0000e+00 -0.0000e+00 -0.0000e+00 -0.0000e+00 -0.0000e+00 -0.0000e+00 -7.8772e-10 -4.4603e-09 -1.2311e-08 -2.5329e-08 -4.4377e-08 -7.0252e-08 -1.0372e-07 -1.4553e-07 -1.9644e-07 -2.5722e-07 -3.2866e-07 -4.1160e-07 -5.0690e-07 -6.1548e-07 -7.3830e-07 0.0000e+00 -1.0309e-06 -1.2029e-06 -1.3937e-06 -1.6045e-06 -1.8369e-06 -2.0922e-06 -2.3720e-06 -2.6778e-06 -3.0114e-06 -3.3742e-06 -3.7679e-06 -4.1941e-06 -4.6541e-06 -5.1490e-06 -5.6795e-06 -6.2459e-06 -6.8473e-06 -7.4823e-06 -8.1478e-06 -8.8388e-06 -9.5483e-06 -1.0266e-05 -1.0979e-05 -1.1669e-05 -1.2314e-05 -1.2885e-05 -1.3350e-05 -1.3671e-05 -1.3806e-05 -1.3713e-05 -1.3352e-05 -1.2693e-05 -1.1725e-05 -1.0463e-05 -8.9528e-06 -7.2817e-06 -5.5684e-06 -3.9505e-06 -2.5574e-06 -1.4801e-06 -7.4661e-07 -3.1800e-07 -1.0992e-07 -2.9334e-08 -5.6757e-09 -7.3519e-10 -5.7596e-11 -2.3962e-12 -4.4776e-14 -3.0253e-16 -5.5711e-19 -1.9296e-22 -7.7002e-27 -1.8437e-32 -1.1032e-39 -5.0397e-49 -3.4773e-61 -3.8710e-77 -3.0689e-98 -2.1184e-126 -2.3509e-164 -4.5937e-216 -2.3739e-287 -0.0000e+00 -0.0000e+00 -0.0000e+00 -0.0000e+00 -0.0000e+00 -0.0000e+00 -0.0000e+00 -0.0000e+00 -0.0000e+00 -0.0000e+00 -0.0000e+00 -0.0000e+00 -0.0000e+00 -0.0000e+00 -0.0000e+00 -0.0000e+00 -0.0000e+00 -0.0000e+00 -0.0000e+00 -0.0000e+00 -0.0000e+00
