2.5150e-04 -1.5220e-04 -1.6599e-04 -1.6288e-04 -1.4764e-04 -1.2503e-04 -9.9511e-05 -7.4661e-05 -5.2897e-05 -3.5418e-05 -2.2417e-05 -1.3410e-05 -7.5768e-06 -4.0406e-06 -2.0317e-06 -9.6195e-07 -4.2826e-07 -1.7898e-07 -7.0090e-08 -2.5665e-08 -8.7682e-09 -2.7879e-09 -8.2281e-10 -2.2475e-10 -5.6640e-11 -1.3124e-11 -2.7860e-12 -5.3962e-13 -9.4963e-14 -1.5113e-14 -2.1644e-15 -2.7743e-16 -3.1642e-17 -3.1911e-18 -2.8263e-19 -2.1824e-20 -1.4574e-21 -8.3457e-23 -4.0597e-24 -1.6606e-25 -5.6493e-27 -1.5793e-28 -3.5812e-30 -6.4936e-32 -9.2703e-34 -1.0244e-35 -8.6013e-38 -5.3765e-40 -2.4466e-42 -7.9082e-45 -1.7670e-47 -2.6489e-50 -2.5773e-53 -1.5690e-56 -5.7373e-60 -1.2043e-63 -1.3797e-67 -8.1518e-72 -2.3314e-76 -3.0058e-81 -1.6122e-86 -3.2854e-92 -2.2952e-98 -4.8901e-105 -2.7806e-112 -3.6216e-120 -9.0644e-129 -3.5599e-138 -1.7344e-148 -7.9758e-160 -2.5141e-172 -3.7302e-186 -1.6705e-201 -1.3314e-218 -1.0042e-237 -3.3489e-259 -1.9631e-283 -6.5500e-311 -0.0000e+00 -0.0000e+00 -0.0000e+00 -0.0000e+00 -0.0000e+00 -0.0000e+00 -0.0000e+00 -0.0000e+00 -0.0000e+00 -0.0000e+00 -0.0000e+00 -0.0000e+00 -0.0000e+00 -0.0000e+00 -0.0000e+00 -0.0000e+00 -0.0000e+00 -0.0000e+00 -0.0000e+00 -0.0000e+00 -0.0000e+00 -0.0000e+00 0.0000e+00 -1.5184e-04 -1.6512e-04 -1.6137e-04 -1.4550e-04 -1.2245e-04 -9.6729e-05 -7.1956e-05 -5.0491e-05 -3.3449e-05 -2.0924e-05 -1.2359e-05 -6.8882e-06 -3.6202e-06 -1.7923e-06 -8.3481e-07 -3.6532e-07 -1.4995e-07 -5.7628e-08 -2.0694e-08 -6.9283e-09 -2.1574e-09 -6.2314e-10 -1.6648e-10 -4.1012e-11 -9.2845e-12 -1.9245e-12 -3.6382e-13 -6.2460e-14 -9.6931e-15 -1.3531e-15 -1.6898e-16 -1.8770e-17 -1.8430e-18 -1.5887e-19 -1.1936e-20 -7.7530e-22 -4.3170e-23 -2.0414e-24 -8.1149e-26 -2.6822e-27 -7.2835e-29 -1.6038e-30 -2.8234e-32 -3.9123e-34 -4.1954e-36 -3.4175e-38 -2.0720e-40 -9.1431e-43 -2.8651e-45 -6.2049e-48 -9.0132e-51 -8.4953e-54 -5.0085e-57 -1.7732e-60 -3.6027e-64 -3.9935e-68 -2.2823e-72 -6.3114e-77 -7.8649e-82 -4.0757e-87 -8.0211e-93 -5.4091e-99 -1.1119e-105 -6.0969e-113 -7.6533e-121 -1.8450e-129 -6.9743e-139 -3.2684e-149 -1.4445e-160 -4.3725e-173 -6.2241e-187 -2.6715e-202 -2.0387e-219 -1.4703e-238 -4.6833e-260 -2.6183e-284 -8.3187e-312 -0.0000e+00 -0.0000e+00 -0.0000e+00 -0.0000e+00 -0.0000e+00 -0.0000e+00 -0.0000e+00 -0.0000e+00 -0.0000e+00 -0.0000e+00 -0.0000e+00 -0.0000e+00 -0.0000e+00 -0.0000e+00 -0.0000e+00 -0.0000e+00 -0.0000e+00 -0.0000e+00 -0.0000e+00 -0.0000e+00 -0.0000e+00 -0.0000e+00
-1.5220e-04 1.0060e-03 -2.2359e-04 -2.2336e-04 -2.0709e-04 -1.8018e-04 -1.4793e-04 -1.1492e-04 -8.4586e-05 -5.9019e-05 -3.9031e-05 -2.4452e-05 -1.4500e-05 -8.1295e-06 -4.3041e-06 -2.1486e-06 -1.0097e-06 -4.4586e-07 -1.8463e-07 -7.1546e-08 -2.5884e-08 -8.7202e-09 -2.7285e-09 -7.9053e-10 -2.1142e-10 -5.2018e-11 -1.1731e-11 -2.4152e-12 -4.5203e-13 -7.6560e-14 -1.1676e-14 -1.5949e-15 -1.9400e-16 -2.0883e-17 -1.9761e-18 -1.6318e-19 -1.1666e-20 -7.1602e-22 -3.7377e-23 -1.6429e-24 -6.0145e-26 -1.8122e-27 -4.4362e-29 -8.6993e-31 -1.3457e-32 -1.6145e-34 -1.4750e-36 -1.0056e-38 -5.0032e-41 -1.7729e-43 -4.3550e-46 -7.1991e-49 -7.7493e-52 -5.2371e-55 -2.1340e-58 -5.0115e-62 -6.4505e-66 -4.3018e-70 -1.3956e-74 -2.0518e-79 -1.2622e-84 -2.9682e-90 -2.4089e-96 -6.0058e-103 -4.0275e-110 -6.2397e-118 -1.8750e-126 -8.9306e-136 -5.3361e-146 -3.0461e-157 -1.2081e-169 -2.2887e-183 -1.3304e-198 -1.4017e-215 -1.4261e-234 -6.5639e-256 -5.4481e-280 -2.6495e-307 -0.0000e+00 -0.0000e+00 -0.0000e+00 -0.0000e+00 -0.0000e+00 -0.0000e+00 -0.0000e+00 -0.0000e+00 -0.0000e+00 -0.0000e+00 -0.0000e+00 -0.0000e+00 -0.0000e+00 -0.0000e+00 -0.0000e+00 -0.0000e+00 -0.0000e+00 -0.0000e+00 -0.0000e+00 -0.0000e+00 -0.0000e+00 -0.0000e+00 -1.5184e-04 0.0000e+00 -2.1898e-04 -2.1532e-04 -1.9569e-04 -1.6628e-04 -1.3285e-04 -1.0012e-04 -7.1302e-05 -4.8018e-05 -3.0589e-05 -1.8428e-05 -1.0494e-05 -5.6440e-06 -2.8641e-06 -1.3697e-06 -6.1635e-07 -2.6057e-07 -1.0330e-07 -3.8327e-08 -1.3279e-08 -4.2853e-09 -1.2848e-09 -3.5686e-10 -9.1537e-11 -2.1610e-11 -4.6786e-12 -9.2522e-13 -1.6642e-13 -2.7102e-14 -3.9763e-15 -5.2278e-16 -6.1237e-17 -6.3510e-18 -5.7926e-19 -4.6126e-20 -3.1814e-21 -1.8844e-22 -9.4966e-24 -4.0313e-25 -1.4257e-26 -4.1511e-28 -9.8222e-30 -1.8622e-31 -2.7855e-33 -3.2324e-35 -2.8566e-37 -1.8840e-39 -9.0695e-42 -3.1095e-44 -7.3913e-47 -1.1823e-49 -1.2314e-52 -8.0520e-56 -3.1742e-59 -7.2112e-63 -8.9777e-67 -5.7898e-71 -1.8160e-75 -2.5808e-80 -1.5341e-85 -3.4851e-91 -2.7313e-97 -6.5729e-104 -4.2527e-111 -6.3536e-119 -1.8401e-127 -8.4420e-137 -4.8553e-147 -2.6660e-158 -1.0162e-170 -1.8486e-184 -1.0308e-199 -1.0408e-216 -1.0136e-235 -4.4601e-257 -3.5342e-281 -1.6383e-308 -0.0000e+00 -0.0000e+00 -0.0000e+00 -0.0000e+00 -0.0000e+00 -0.0000e+00 -0.0000e+00 -0.0000e+00 -0.0000e+00 -0.0000e+00 -0.0000e+00 -0.0000e+00 -0.0000e+00 -0.0000e+00 -0.0000e+00 -0.0000e+00 -0.0000e+00 -0.0000e+00 -0.0000e+00 -0.0000e+00 -0.0000e+00 -0.0000e+00
-1.6599e-04 -2.2359e-04 2.2637e-03 -2.5927e-04 -2.4887e-04 -2.2537e-04 -1.9341e-04 -1.5757e-04 -1.2194e-04 -8.9604e-05 -6.2483e-05 -4.1307e-05 -2.5858e-05 -1.5308e-05 -8.5583e-06 -4.5115e-06 -2.2386e-06 -1.0438e-06 -4.5639e-07 -1.8675e-07 -7.1349e-08 -2.5390e-08 -8.3936e-09 -2.5703e-09 -7.2686e-10 -1.8918e-10 -4.5158e-11 -9.8475e-12 -1.9536e-12 -3.5098e-13 -5.6830e-14 -8.2494e-15 -1.0674e-15 -1.2237e-16 -1.2345e-17 -1.0882e-18 -8.3158e-20 -5.4629e-21 -3.0569e-22 -1.4426e-23 -5.6792e-25 -1.8434e-26 -4.8704e-28 -1.0328e-29 -1.7312e-31 -2.2558e-33 -2.2434e-35 -1.6690e-37 -9.0851e-40 -3.5319e-42 -9.5470e-45 -1.7421e-47 -2.0768e-50 -1.5600e-53 -7.0919e-57 -1.8658e-60 -2.7019e-64 -2.0367e-68 -7.5061e-73 -1.2604e-77 -8.9059e-83 -2.4208e-88 -2.2862e-94 -6.6806e-101 -5.2925e-108 -9.7696e-116 -3.5306e-124 -2.0430e-133 -1.4996e-143 -1.0646e-154 -5.3213e-167 -1.2896e-180 -9.7475e-196 -1.3600e-212 -1.8701e-231 -1.1901e-252 -1.4013e-276 -9.9514e-304 -0.0000e+00 -0.0000e+00 -0.0000e+00 -0.0000e+00 -0.0000e+00 -0.0000e+00 -0.0000e+00 -0.0000e+00 -0.0000e+00 -0.0000e+00 -0.0000e+00 -0.0000e+00 -0.0000e+00 -0.0000e+00 -0.0000e+00 -0.0000e+00 -0.0000e+00 -0.0000e+00 -0.0000e+00 -0.0000e+00 -0.0000e+00 -0.0000e+00 -1.6512e-04 -2.1898e-04 0.0000e+00 -2.3931e-04 -2.2033e-04 -1.9016e-04 -1.5475e-04 -1.1909e-04 -8.6814e-05 -5.9989e-05 -3.9300e-05 -2.4401e-05 -1.4350e-05 -7.9865e-06 -4.2016e-06 -2.0867e-06 -9.7683e-07 -4.3029e-07 -1.7801e-07 -6.9021e-08 -2.5025e-08 -8.4633e-09 -2.6626e-09 -7.7702e-10 -2.0967e-10 -5.2137e-11 -1.1903e-11 -2.4855e-12 -4.7261e-13 -8.1465e-14 -1.2667e-14 -1.7671e-15 -2.1993e-16 -2.4267e-17 -2.3581e-18 -2.0033e-19 -1.4763e-20 -9.3571e-22 -5.0542e-23 -2.3033e-24 -8.7604e-26 -2.7481e-27 -7.0191e-29 -1.4394e-30 -2.3337e-32 -2.9419e-34 -2.8310e-36 -2.0382e-38 -1.0739e-40 -4.0410e-43 -1.0574e-45 -1.8677e-48 -2.1553e-51 -1.5671e-54 -6.8956e-58 -1.7556e-61 -2.4602e-65 -1.7942e-69 -6.3957e-74 -1.0385e-78 -7.0942e-84 -1.8636e-89 -1.7002e-95 -4.7979e-102 -3.6689e-109 -6.5338e-117 -2.2767e-125 -1.2695e-134 -8.9738e-145 -6.1300e-156 -2.9461e-168 -6.8588e-182 -4.9755e-197 -6.6555e-214 -8.7635e-233 -5.3339e-254 -5.9981e-278 -4.0621e-305 -0.0000e+00 -0.0000e+00 -0.0000e+00 -0.0000e+00 -0.0000e+00 -0.0000e+00 -0.0000e+00 -0.0000e+00 -0.0000e+00 -0.0000e+00 -0.0000e+00 -0.0000e+00 -0.0000e+00 -0.0000e+00 -0.0000e+00 -0.0000e+00 -0.0000e+00 -0.0000e+00 -0.0000e+00 -0.0000e+00 -0.0000e+00 -0.0000e+00
-1.6288e-04 -2.2336e-04 -2.5927e-04 4.0249e-03 -2.7717e-04 -2.6334e-04 -2.3778e-04 -2.0417e-04 -1.6664e-04 -1.2917e-04 -9.5002e-05 -6.6218e-05 -4.3690e-05 -2.7252e-05 -1.6049e-05 -8.9107e-06 -4.6569e-06 -2.2870e-06 -1.0535e-06 -4.5426e-07 -1.8296e-07 -6.8666e-08 -2.3952e-08 -7.7442e-09 -2.3137e-09 -6.3668e-10 -1.6080e-10 -3.7131e-11 -7.8070e-12 -1.4880e-12 -2.5584e-13 -3.9477e-14 -5.4358e-15 -6.6389e-16 -7.1444e-17 -6.7262e-18 -5.4974e-19 -3.8680e-20 -2.3217e-21 -1.1771e-22 -4.9868e-24 -1.7450e-25 -4.9794e-27 -1.1427e-28 -2.0772e-30 -2.9415e-32 -3.1867e-34 -2.5889e-36 -1.5430e-38 -6.5859e-41 -1.9603e-43 -3.9512e-46 -5.2207e-49 -4.3618e-52 -2.2139e-55 -6.5292e-59 -1.0646e-62 -9.0772e-67 -3.8029e-71 -7.2979e-76 -5.9277e-81 -1.8637e-86 -2.0494e-92 -7.0245e-99 -6.5789e-106 -1.4480e-113 -6.2977e-122 -4.4308e-131 -3.9984e-141 -3.5324e-152 -2.2271e-164 -6.9096e-178 -6.7968e-193 -1.2569e-209 -2.3377e-228 -2.0588e-249 -3.4419e-273 -3.5729e-300 -0.0000e+00 -0.0000e+00 -0.0000e+00 -0.0000e+00 -0.0000e+00 -0.0000e+00 -0.0000e+00 -0.0000e+00 -0.0000e+00 -0.0000e+00 -0.0000e+00 -0.0000e+00 -0.0000e+00 -0.0000e+00 -0.0000e+00 -0.0000e+00 -0.0000e+00 -0.0000e+00 -0.0000e+00 -0.0000e+00 -0.0000e+00 -0.0000e+00 -1.6137e-04 -2.1532e-04 -2.3931e-04 0.0000e+00 -2.2592e-04 -1.9918e-04 -1.6612e-04 -1.3142e-04 -9.8769e-05 -7.0546e-05 -4.7882e-05 -3.0868e-05 -1.8885e-05 -1.0954e-05 -6.0151e-06 -3.1229e-06 -1.5302e-06 -7.0646e-07 -3.0667e-07 -1.2490e-07 -4.7617e-08 -1.6950e-08 -5.6185e-09 -1.7291e-09 -4.9251e-10 -1.2940e-10 -3.1246e-11 -6.9069e-12 -1.3918e-12 -2.5449e-13 -4.2021e-14 -6.2323e-15 -8.2556e-16 -9.7069e-17 -1.0064e-17 -9.1338e-19 -7.2008e-20 -4.8897e-21 -2.8338e-22 -1.3879e-23 -5.6824e-25 -1.9222e-26 -5.3044e-28 -1.1775e-29 -2.0710e-31 -2.8382e-33 -2.9761e-35 -2.3406e-37 -1.3506e-39 -5.5817e-42 -1.6087e-44 -3.1398e-47 -4.0169e-50 -3.2495e-53 -1.5968e-56 -4.5588e-60 -7.1945e-64 -5.9365e-68 -2.4063e-72 -4.4667e-77 -3.5083e-82 -1.0663e-87 -1.1330e-93 -3.7512e-100 -3.3919e-107 -7.2042e-115 -3.0219e-123 -2.0492e-132 -1.7812e-142 -1.5146e-153 -9.1838e-166 -2.7378e-179 -2.5852e-194 -4.5842e-211 -8.1667e-230 -6.8802e-251 -1.0988e-274 -1.0879e-301 -0.0000e+00 -0.0000e+00 -0.0000e+00 -0.0000e+00 -0.0000e+00 -0.0000e+00 -0.0000e+00 -0.0000e+00 -0.0000e+00 -0.0000e+00 -0.0000e+00 -0.0000e+00 -0.0000e+00 -0.0000e+00 -0.0000e+00 -0.0000e+00 -0.0000e+00 -0.0000e+00 -0.0000e+00 -0.0000e+00 -0.0000e+00 -0.0000e+00
-1.4764e-04 -2.0709e-04 -2.4887e-04 -2.7717e-04 6.2903e-03 -2.9197e-04 -2.7798e-04 -2.5170e-04 -2.1654e-04 -1.7682e-04 -1.3691e-04 -1.0042e-04 -6.9703e-05 -4.5731e-05 -2.8328e-05 -1.6545e-05 -9.0979e-06 -4.7027e-06 -2.2810e-06 -1.0361e-06 -4.3986e-07 -1.7411e-07 -6.4093e-08 -2.1884e-08 -6.9095e-09 -2.0109e-09 -5.3758e-10 -1.3151e-10 -2.9319e-11 -5.9309e-12 -1.0834e-12 -1.7779e-13 -2.6065e-14 -3.3932e-15 -3.8971e-16 -3.9207e-17 -3.4289e-18 -2.5853e-19 -1.6653e-20 -9.0749e-22 -4.1395e-23 -1.5623e-24 -4.8172e-26 -1.1969e-27 -2.3604e-29 -3.6344e-31 -4.2911e-33 -3.8086e-35 -2.4865e-37 -1.1657e-39 -3.8226e-42 -8.5149e-45 -1.2475e-47 -1.1598e-50 -6.5752e-54 -2.1748e-57 -3.9943e-61 -3.8542e-65 -1.8364e-69 -4.0296e-74 -3.7642e-79 -1.3695e-84 -1.7546e-90 -7.0573e-97 -7.8180e-104 -2.0528e-111 -1.0751e-119 -9.2014e-129 -1.0214e-138 -1.1237e-149 -8.9420e-162 -3.5539e-175 -4.5525e-190 -1.1166e-206 -2.8113e-225 -3.4290e-246 -8.1465e-270 -1.2372e-296 -0.0000e+00 -0.0000e+00 -0.0000e+00 -0.0000e+00 -0.0000e+00 -0.0000e+00 -0.0000e+00 -0.0000e+00 -0.0000e+00 -0.0000e+00 -0.0000e+00 -0.0000e+00 -0.0000e+00 -0.0000e+00 -0.0000e+00 -0.0000e+00 -0.0000e+00 -0.0000e+00 -0.0000e+00 -0.0000e+00 -0.0000e+00 -0.0000e+00 -1.4550e-04 -1.9569e-04 -2.2033e-04 -2.2592e-04 0.0000e+00 -1.9594e-04 -1.6838e-04 -1.3770e-04 -1.0728e-04 -7.9629e-05 -5.6287e-05 -3.7860e-05 -2.4206e-05 -1.4692e-05 -8.4533e-06 -4.6033e-06 -2.3684e-06 -1.1491e-06 -5.2464e-07 -2.2493e-07 -9.0344e-08 -3.3908e-08 -1.1860e-08 -3.8543e-09 -1.1603e-09 -3.2246e-10 -8.2432e-11 -1.9308e-11 -4.1264e-12 -8.0101e-13 -1.4055e-13 -2.2176e-14 -3.1284e-15 -3.9220e-16 -4.3406e-17 -4.2110e-18 -3.5533e-19 -2.5862e-20 -1.6089e-21 -8.4718e-23 -3.7354e-24 -1.3632e-25 -4.0658e-27 -9.7739e-29 -1.8654e-30 -2.7803e-32 -3.1780e-34 -2.7312e-36 -1.7267e-38 -7.8398e-41 -2.4897e-43 -5.3711e-46 -7.6209e-49 -6.8613e-52 -3.7668e-55 -1.2063e-58 -2.1448e-62 -2.0031e-66 -9.2359e-71 -1.9606e-75 -1.7713e-80 -6.2309e-86 -7.7151e-92 -2.9979e-98 -3.2069e-105 -8.1270e-113 -4.1056e-121 -3.3873e-130 -3.6224e-140 -3.8363e-151 -2.9363e-163 -1.1215e-176 -1.3793e-191 -3.2444e-208 -7.8251e-227 -9.1316e-248 -2.0727e-271 -3.0029e-298 -0.0000e+00 -0.0000e+00 -0.0000e+00 -0.0000e+00 -0.0000e+00 -0.0000e+00 -0.0000e+00 -0.0000e+00 -0.0000e+00 -0.0000e+00 -0.0000e+00 -0.0000e+00 -0.0000e+00 -0.0000e+00 -0.0000e+00 -0.0000e+00 -0.0000e+00 -0.0000e+00 -0.0000e+00 -0.0000e+00 -0.0000e+00 -0.0000e+00
-1.2503e-04 -1.8018e-04 -2.2537e-04 -2.6334e-04 -2.9197e-04 9.0612e-03 -3.0920e-04 -2.9492e-04 -2.6706e-04 -2.2938e-04 -1.8673e-04 -1.4396e-04 -1.0502e-04 -7.2429e-05 -4.7170e-05 -2.8975e-05 -1.6764e-05 -9.1213e-06 -4.6593e-06 -2.2303e-06 -9.9826e-07 -4.1688e-07 -1.6202e-07 -5.8442e-08 -1.9509e-08 -6.0075e-09 -1.7006e-09 -4.4092e-10 -1.0428e-10 -2.2397e-11 -4.3485e-12 -7.5924e-13 -1.1856e-13 -1.6458e-14 -2.0181e-15 -2.1705e-16 -2.0319e-17 -1.6422e-18 -1.1357e-19 -6.6546e-21 -3.2694e-22 -1.3313e-23 -4.4372e-25 -1.1941e-26 -2.5557e-28 -4.2803e-30 -5.5097e-32 -5.3446e-34 -3.8235e-36 -1.9697e-38 -7.1182e-41 -1.7529e-43 -2.8486e-46 -2.9481e-49 -1.8677e-52 -6.9311e-56 -1.4345e-59 -1.5670e-63 -8.4953e-68 -2.1324e-72 -2.2919e-77 -9.6540e-83 -1.4416e-88 -6.8081e-95 -8.9251e-102 -2.7973e-109 -1.7651e-117 -1.8387e-126 -2.5124e-136 -3.4440e-147 -3.4612e-159 -1.7634e-172 -2.9439e-187 -9.5841e-204 -3.2691e-222 -5.5273e-243 -1.8679e-266 -4.1544e-293 -1.4822e-323 -0.0000e+00 -0.0000e+00 -0.0000e+00 -0.0000e+00 -0.0000e+00 -0.0000e+00 -0.0000e+00 -0.0000e+00 -0.0000e+00 -0.0000e+00 -0.0000e+00 -0.0000e+00 -0.0000e+00 -0.0000e+00 -0.0000e+00 -0.0000e+00 -0.0000e+00 -0.0000e+00 -0.0000e+00 -0.0000e+00 -0.0000e+00 -1.2245e-04 -1.6628e-04 -1.9016e-04 -1.9918e-04 -1.9594e-04 0.0000e+00 -1.6264e-04 -1.3809e-04 -1.1199e-04 -8.6708e-05 -6.4048e-05 -4.5084e-05 -3.0203e-05 -1.9228e-05 -1.1615e-05 -6.6461e-06 -3.5956e-06 -1.8357e-06 -8.8258e-07 -3.9873e-07 -1.6887e-07 -6.6877e-08 -2.4699e-08 -8.4824e-09 -2.7003e-09 -7.9423e-10 -2.1505e-10 -5.3398e-11 -1.2109e-11 -2.4964e-12 -4.6568e-13 -7.8191e-14 -1.1752e-14 -1.5713e-15 -1.8571e-16 -1.9264e-17 -1.7404e-18 -1.3582e-19 -9.0728e-21 -5.1379e-22 -2.4404e-23 -9.6109e-25 -3.0990e-26 -8.0701e-28 -1.6719e-29 -2.7109e-31 -3.3788e-33 -3.1740e-35 -2.1992e-37 -1.0973e-39 -3.8411e-42 -9.1623e-45 -1.4422e-47 -1.4456e-50 -8.8694e-54 -3.1873e-57 -6.3866e-61 -6.7537e-65 -3.5435e-69 -8.6060e-74 -8.9466e-79 -3.6440e-84 -5.2597e-90 -2.3999e-96 -3.0383e-103 -9.1916e-111 -5.5951e-119 -5.6194e-128 -7.3975e-138 -9.7626e-149 -9.4382e-161 -4.6215e-174 -7.4081e-189 -2.3132e-205 -7.5593e-224 -1.2229e-244 -3.9487e-268 -8.3788e-295 -0.0000e+00 -0.0000e+00 -0.0000e+00 -0.0000e+00 -0.0000e+00 -0.0000e+00 -0.0000e+00 -0.0000e+00 -0.0000e+00 -0.0000e+00 -0.0000e+00 -0.0000e+00 -0.0000e+00 -0.0000e+00 -0.0000e+00 -0.0000e+00 -0.0000e+00 -0.0000e+00 -0.0000e+00 -0.0000e+00 -0.0000e+00 -0.0000e+00
-9.9511e-05 -1.4793e-04 -1.9341e-04 -2.3778e-04 -2.7798e-04 -3.0920e-04 1.2340e-02 -3.2802e-04 -3.1227e-04 -2.8185e-04 -2.4107e-04 -1.9526e-04 -1.4969e-04 -1.0851e-04 -7.4307e-05 -4.8015e-05 -2.9236e-05 -1.6750e-05 -9.0143e-06 -4.5484e-06 -2.1474e-06 -9.4646e-07 -3.8849e-07 -1.4810e-07 -5.2290e-08 -1.7043e-08 -5.1109e-09 -1.4049e-09 -3.5258e-10 -8.0438e-11 -1.6604e-11 -3.0856e-12 -5.1337e-13 -7.6021e-14 -9.9555e-15 -1.1450e-15 -1.1478e-16 -9.9475e-18 -7.3875e-19 -4.6562e-20 -2.4646e-21 -1.0832e-22 -3.9038e-24 -1.1382e-25 -2.6448e-27 -4.8197e-29 -6.7660e-31 -7.1756e-33 -5.6270e-35 -3.1865e-37 -1.2695e-39 -3.4575e-42 -6.2348e-45 -7.1856e-48 -5.0889e-51 -2.1197e-54 -4.9456e-58 -6.1191e-62 -3.7762e-66 -1.0848e-70 -1.3421e-75 -6.5481e-81 -1.1403e-86 -6.3260e-93 -9.8196e-100 -3.6756e-107 -2.7960e-115 -3.5475e-124 -5.9702e-134 -1.0205e-144 -1.2962e-156 -8.4721e-170 -1.8448e-184 -7.9787e-201 -3.6905e-219 -8.6583e-240 -4.1663e-263 -1.3587e-289 -7.6610e-320 -0.0000e+00 -0.0000e+00 -0.0000e+00 -0.0000e+00 -0.0000e+00 -0.0000e+00 -0.0000e+00 -0.0000e+00 -0.0000e+00 -0.0000e+00 -0.0000e+00 -0.0000e+00 -0.0000e+00 -0.0000e+00 -0.0000e+00 -0.0000e+00 -0.0000e+00 -0.0000e+00 -0.0000e+00 -0.0000e+00 -0.0000e+00 -9.6729e-05 -1.3285e-04 -1.5475e-04 -1.6612e-04 -1.6838e-04 -1.6264e-04 0.0000e+00 -1.3288e-04 -1.1250e-04 -9.1102e-05 -7.0477e-05 -5.2015e-05 -3.6569e-05 -2.4453e-05 -1.5526e-05 -9.3433e-06 -5.3197e-06 -2.8600e-06 -1.4489e-06 -6.9014e-07 -3.0836e-07 -1.2892e-07 -5.0299e-08 -1.8261e-08 -6.1498e-09 -1.9150e-09 -5.4939e-10 -1.4466e-10 -3.4818e-11 -7.6262e-12 -1.5128e-12 -2.7041e-13 -4.3309e-14 -6.1784e-15 -7.8001e-16 -8.6536e-17 -8.3729e-18 -7.0076e-19 -5.0280e-20 -3.0631e-21 -1.5678e-22 -6.6648e-24 -2.3241e-25 -6.5578e-27 -1.4752e-28 -2.6029e-30 -3.5385e-32 -3.6346e-34 -2.7608e-36 -1.5144e-38 -5.8449e-41 -1.5420e-43 -2.6937e-46 -3.0071e-49 -2.0627e-52 -8.3207e-56 -1.8798e-59 -2.2516e-63 -1.3449e-67 -3.7383e-72 -4.4739e-77 -2.1109e-82 -3.5534e-88 -1.9048e-94 -2.8557e-101 -1.0318e-108 -7.5725e-117 -9.2636e-126 -1.5021e-135 -2.4720e-146 -3.0207e-158 -1.8977e-171 -3.9679e-186 -1.6461e-202 -7.2952e-221 -1.6377e-241 -7.5304e-265 -2.3430e-291 -1.2599e-321 -0.0000e+00 -0.0000e+00 -0.0000e+00 -0.0000e+00 -0.0000e+00 -0.0000e+00 -0.0000e+00 -0.0000e+00 -0.0000e+00 -0.0000e+00 -0.0000e+00 -0.0000e+00 -0.0000e+00 -0.0000e+00 -0.0000e+00 -0.0000e+00 -0.0000e+00 -0.0000e+00 -0.0000e+00 -0.0000e+00 -0.0000e+00
-7.4661e-05 -1.1492e-04 -1.5757e-04 -2.0417e-04 -2.5170e-04 -2.9492e-04 -3.2802e-04 1.6129e-02 -3.4610e-04 -3.2813e-04 -2.9481e-04 -2.5089e-04 -2.0213e-04 -1.5405e-04 -1.1096e-04 -7.5448e-05 -4.8366e-05 -2.9188e-05 -1.6555e-05 -8.8089e-06 -4.3882e-06 -2.0421e-06 -8.8556e-07 -3.5693e-07 -1.3333e-07 -4.6014e-08 -1.4622e-08 -4.2628e-09 -1.1356e-09 -2.7528e-10 -6.0434e-11 -1.1957e-11 -2.1203e-12 -3.3503e-13 -4.6872e-14 -5.7665e-15 -6.1919e-16 -5.7562e-17 -4.5923e-18 -3.1143e-19 -1.7767e-20 -8.4304e-22 -3.2864e-23 -1.0384e-24 -2.6208e-26 -5.1982e-28 -7.9614e-30 -9.2345e-32 -7.9408e-34 -4.9447e-36 -2.1727e-38 -6.5468e-41 -1.3105e-43 -1.6827e-46 -1.3327e-49 -6.2338e-53 -1.6404e-56 -2.2998e-60 -1.6163e-64 -5.3166e-69 -7.5753e-74 -4.2836e-79 -8.7040e-85 -5.6757e-91 -1.0438e-97 -4.6692e-105 -4.2848e-113 -6.6261e-122 -1.3745e-131 -2.9317e-142 -4.7105e-154 -3.9533e-167 -1.1238e-181 -6.4637e-198 -4.0586e-216 -1.3227e-236 -9.0745e-260 -4.3446e-286 -3.7187e-316 -0.0000e+00 -0.0000e+00 -0.0000e+00 -0.0000e+00 -0.0000e+00 -0.0000e+00 -0.0000e+00 -0.0000e+00 -0.0000e+00 -0.0000e+00 -0.0000e+00 -0.0000e+00 -0.0000e+00 -0.0000e+00 -0.0000e+00 -0.0000e+00 -0.0000e+00 -0.0000e+00 -0.0000e+00 -0.0000e+00 -0.0000e+00 -7.1956e-05 -1.0012e-04 -1.1909e-04 -1.3142e-04 -1.3770e-04 -1.3809e-04 -1.3288e-04 0.0000e+00 -1.0871e-04 -9.2227e-05 -7.4830e-05 -5.7975e-05 -4.2818e-05 -3.0097e-05 -2.0099e-05 -1.2729e-05 -7.6317e-06 -4.3227e-06 -2.3085e-06 -1.1598e-06 -5.4693e-07 -2.4148e-07 -9.9560e-08 -3.8222e-08 -1.3622e-08 -4.4922e-09 -1.3660e-09 -3.8153e-10 -9.7495e-11 -2.2693e-11 -4.7885e-12 -9.1138e-13 -1.5560e-13 -2.3690e-14 -3.1955e-15 -3.7928e-16 -3.9314e-17 -3.5298e-18 -2.7211e-19 -1.7838e-20 -9.8411e-22 -4.5173e-23 -1.7040e-24 -5.2117e-26 -1.2734e-27 -2.4457e-29 -3.6278e-31 -4.0758e-33 -3.3951e-35 -2.0481e-37 -8.7186e-40 -2.5451e-42 -4.9357e-45 -6.1390e-48 -4.7097e-51 -2.1335e-54 -5.4365e-58 -7.3795e-62 -5.0200e-66 -1.5979e-70 -2.2026e-75 -1.2045e-80 -2.3660e-86 -1.4908e-92 -2.6482e-99 -1.1436e-106 -1.0125e-114 -1.5097e-123 -3.0176e-133 -6.1974e-144 -9.5799e-156 -7.7282e-169 -2.1097e-183 -1.1640e-199 -7.0029e-218 -2.1841e-238 -1.4318e-261 -6.5407e-288 -5.3326e-318 -0.0000e+00 -0.0000e+00 -0.0000e+00 -0.0000e+00 -0.0000e+00 -0.0000e+00 -0.0000e+00 -0.0000e+00 -0.0000e+00 -0.0000e+00 -0.0000e+00 -0.0000e+00 -0.0000e+00 -0.0000e+00 -0.0000e+00 -0.0000e+00 -0.0000e+00 -0.0000e+00 -0.0000e+00 -0.0000e+00 -0.0000e+00
-5.2897e-05 -8.4586e-05 -1.2194e-04 -1.6664e-04 -2.1654e-04 -2.6706e-04 -3.1227e-04 -3.4610e-04 2.0433e-02 -3.6208e-04 -3.4176e-04 -3.0565e-04 -2.5888e-04 -2.0751e-04 -1.5726e-04 -1.1256e-04 -7.5996e-05 -4.8327e-05 -2.8899e-05 -1.6221e-05 -8.5293e-06 -4.1921e-06 -1.9213e-06 -8.1902e-07 -3.2379e-07 -1.1836e-07 -3.9868e-08 -1.2331e-08 -3.4882e-09 -8.9867e-10 -2.0990e-10 -4.4227e-11 -8.3616e-12 -1.4103e-12 -2.1085e-13 -2.7757e-14 -3.1936e-15 -3.1857e-16 -2.7312e-17 -1.9935e-18 -1.2261e-19 -6.2837e-21 -2.6505e-22 -9.0802e-24 -2.4897e-25 -5.3770e-27 -8.9880e-29 -1.1406e-30 -1.0760e-32 -7.3707e-35 -3.5734e-37 -1.1918e-39 -2.6495e-42 -3.7918e-45 -3.3601e-48 -1.7657e-51 -5.2430e-55 -8.3338e-59 -6.6738e-63 -2.5150e-67 -4.1295e-72 -2.7079e-77 -6.4241e-83 -4.9270e-89 -1.0743e-95 -5.7471e-103 -6.3671e-111 -1.2010e-119 -3.0733e-129 -8.1875e-140 -1.6656e-151 -1.7967e-164 -6.6752e-179 -5.1114e-195 -4.3621e-213 -1.9775e-233 -1.9369e-256 -1.3635e-282 -1.7745e-312 -0.0000e+00 -0.0000e+00 -0.0000e+00 -0.0000e+00 -0.0000e+00 -0.0000e+00 -0.0000e+00 -0.0000e+00 -0.0000e+00 -0.0000e+00 -0.0000e+00 -0.0000e+00 -0.0000e+00 -0.0000e+00 -0.0000e+00 -0.0000e+00 -0.0000e+00 -0.0000e+00 -0.0000e+00 -0.0000e+00 -0.0000e+00 -5.0491e-05 -7.1302e-05 -8.6814e-05 -9.8769e-05 -1.0728e-04 -1.1199e-04 -1.1250e-04 -1.0871e-04 0.0000e+00 -8.9785e-05 -7.6482e-05 -6.2252e-05 -4.8333e-05 -3.5733e-05 -2.5112e-05 -1.6746e-05 -1.0576e-05 -6.3137e-06 -3.5556e-06 -1.8849e-06 -9.3840e-07 -4.3769e-07 -1.9075e-07 -7.7465e-08 -2.9225e-08 -1.0209e-08 -3.2912e-09 -9.7544e-10 -2.6471e-10 -6.5496e-11 -1.4705e-11 -2.9812e-12 -5.4272e-13 -8.8204e-14 -1.2717e-14 -1.6152e-15 -1.7941e-16 -1.7286e-17 -1.4322e-18 -1.0106e-19 -6.0115e-21 -2.9805e-22 -1.2167e-23 -4.0347e-25 -1.0711e-26 -2.2402e-28 -3.6268e-30 -4.4585e-32 -4.0744e-34 -2.7041e-36 -1.2702e-38 -4.1042e-41 -8.8399e-44 -1.2256e-46 -1.0520e-49 -5.3546e-53 -1.5397e-56 -2.3696e-60 -1.8369e-64 -6.6989e-69 -1.0641e-73 -6.7485e-79 -1.5478e-84 -1.1472e-90 -2.4160e-97 -1.2478e-104 -1.3338e-112 -2.4261e-121 -5.9823e-131 -1.5346e-141 -3.0036e-153 -3.1145e-166 -1.1112e-180 -8.1625e-197 -6.6748e-215 -2.8957e-235 -2.7104e-258 -1.8206e-284 -2.2570e-314 -0.0000e+00 -0.0000e+00 -0.0000e+00 -0.0000e+00 -0.0000e+00 -0.0000e+00 -0.0000e+00 -0.0000e+00 -0.0000e+00 -0.0000e+00 -0.0000e+00 -0.0000e+00 -0.0000e+00 -0.0000e+00 -0.0000e+00 -0.0000e+00 -0.0000e+00 -0.0000e+00 -0.0000e+00 -0.0000e+00 -0.0000e+00
-3.5418e-05 -5.9019e-05 -8.9604e-05 -1.2917e-04 -1.7682e-04 -2.2938e-04 -2.8185e-04 -3.2813e-04 -3.6208e-04 2.5259e-02 -3.7573e-04 -3.5325e-04 -3.1465e-04 -2.6534e-04 -2.1167e-04 -1.5954e-04 -1.1349e-04 -7.6072e-05 -4.7977e-05 -2.8418e-05 -1.5778e-05 -8.1931e-06 -3.9699e-06 -1.7903e-06 -7.4936e-07 -2.9022e-07 -1.0366e-07 -3.4025e-08 -1.0224e-08 -2.8004e-09 -6.9610e-10 -1.5626e-10 -3.1507e-11 -5.6739e-12 -9.0690e-13 -1.2779e-13 -1.5760e-14 -1.6874e-15 -1.5552e-16 -1.2222e-17 -8.1076e-19 -4.4892e-20 -2.0497e-21 -7.6160e-23 -2.2697e-24 -5.3395e-26 -9.7450e-28 -1.3537e-29 -1.4014e-31 -1.0565e-33 -5.6542e-36 -2.0882e-38 -5.1583e-41 -8.2321e-44 -8.1663e-47 -4.8238e-50 -1.6171e-53 -2.9159e-57 -2.6623e-61 -1.1501e-65 -2.1775e-70 -1.6570e-75 -4.5928e-81 -4.1461e-87 -1.0726e-93 -6.8680e-101 -9.1938e-109 -2.1172e-117 -6.6898e-127 -2.2282e-137 -5.7451e-149 -7.9744e-162 -3.8766e-176 -3.9570e-192 -4.5961e-210 -2.9024e-230 -4.0650e-253 -4.2150e-279 -8.3558e-309 -0.0000e+00 -0.0000e+00 -0.0000e+00 -0.0000e+00 -0.0000e+00 -0.0000e+00 -0.0000e+00 -0.0000e+00 -0.0000e+00 -0.0000e+00 -0.0000e+00 -0.0000e+00 -0.0000e+00 -0.0000e+00 -0.0000e+00 -0.0000e+00 -0.0000e+00 -0.0000e+00 -0.0000e+00 -0.0000e+00 -0.0000e+00 -3.3449e-05 -4.8018e-05 -5.9989e-05 -7.0546e-05 -7.9629e-05 -8.6708e-05 -9.1102e-05 -9.2227e-05 -8.9785e-05 0.0000e+00 -7.5077e-05 -6.4240e-05 -5.2459e-05 -4.0812e-05 -3.0196e-05 -2.1209e-05 -1.4115e-05 -8.8845e-06 -5.2781e-06 -2.9532e-06 -1.5527e-06 -7.6531e-07 -3.5269e-07 -1.5155e-07 -6.0539e-08 -2.2411e-08 -7.6618e-09 -2.4102e-09 -6.9484e-10 -1.8280e-10 -4.3685e-11 -9.4357e-12 -1.8322e-12 -3.1798e-13 -4.9013e-14 -6.6645e-15 -7.9352e-16 -8.2073e-17 -7.3103e-18 -5.5547e-19 -3.5638e-20 -1.9092e-21 -8.4365e-23 -3.0346e-24 -8.7564e-26 -1.9950e-27 -3.5268e-29 -4.7459e-31 -4.7600e-33 -3.4769e-35 -1.8029e-37 -6.4514e-40 -1.5440e-42 -2.3873e-45 -2.2941e-48 -1.3126e-51 -4.2615e-55 -7.4399e-59 -6.5758e-63 -2.7492e-67 -5.0360e-72 -3.7063e-77 -9.9321e-83 -8.6648e-89 -2.1653e-95 -1.3385e-102 -1.7289e-110 -3.8394e-119 -1.1690e-128 -3.7493e-139 -9.3014e-151 -1.2411e-163 -5.7942e-178 -5.6739e-194 -6.3149e-212 -3.8164e-232 -5.1082e-255 -5.0541e-281 -9.5441e-311 -0.0000e+00 -0.0000e+00 -0.0000e+00 -0.0000e+00 -0.0000e+00 -0.0000e+00 -0.0000e+00 -0.0000e+00 -0.0000e+00 -0.0000e+00 -0.0000e+00 -0.0000e+00 -0.0000e+00 -0.0000e+00 -0.0000e+00 -0.0000e+00 -0.0000e+00 -0.0000e+00 -0.0000e+00 -0.0000e+00 -0.0000e+00
-2.2417e-05 -3.9031e-05 -6.2483e-05 -9.5002e-05 -1.3691e-04 -1.8673e-04 -2.4107e-04 -2.9481e-04 -3.4176e-04 -3.7573e-04 3.0613e-02 -3.8734e-04 -3.6297e-04 -3.2217e-04 -2.7060e-04 -2.1487e-04 -1.6109e-04 -1.1386e-04 -7.5765e-05 -4.7374e-05 -2.7781e-05 -1.5247e-05 -7.8135e-06 -3.7292e-06 -1.6531e-06 -6.7854e-07 -2.5708e-07 -8.9581e-08 -2.8601e-08 -8.3321e-09 -2.2049e-09 -5.2747e-10 -1.1347e-10 -2.1826e-11 -3.7309e-12 -5.6295e-13 -7.4440e-14 -8.5585e-15 -8.4828e-16 -7.1808e-17 -5.1394e-18 -3.0758e-19 -1.5208e-20 -6.1314e-22 -1.9868e-23 -5.0936e-25 -1.0155e-26 -1.5447e-28 -1.7559e-30 -1.4576e-32 -8.6151e-35 -3.5252e-37 -9.6807e-40 -1.7238e-42 -1.9153e-45 -1.2725e-48 -4.8192e-52 -9.8635e-56 -1.0274e-59 -5.0917e-64 -1.1124e-68 -9.8300e-74 -3.1859e-79 -3.3880e-85 -1.0408e-91 -7.9837e-99 -1.2925e-106 -3.6376e-115 -1.4207e-124 -5.9225e-135 -1.9378e-146 -3.4652e-159 -2.2071e-173 -3.0075e-189 -4.7614e-207 -4.1954e-227 -8.4171e-250 -1.2879e-275 -3.8973e-305 -0.0000e+00 -0.0000e+00 -0.0000e+00 -0.0000e+00 -0.0000e+00 -0.0000e+00 -0.0000e+00 -0.0000e+00 -0.0000e+00 -0.0000e+00 -0.0000e+00 -0.0000e+00 -0.0000e+00 -0.0000e+00 -0.0000e+00 -0.0000e+00 -0.0000e+00 -0.0000e+00 -0.0000e+00 -0.0000e+00 -0.0000e+00 -2.0924e-05 -3.0589e-05 -3.9300e-05 -4.7882e-05 -5.6287e-05 -6.4048e-05 -7.0477e-05 -7.4830e-05 -7.6482e-05 -7.5077e-05 0.0000e+00 -6.3567e-05 -5.4622e-05 -4.4736e-05 -3.4860e-05 -2.5799e-05 -1.8100e-05 -1.2016e-05 -7.5329e-06 -4.4501e-06 -2.4718e-06 -1.2878e-06 -6.2774e-07 -2.8551e-07 -1.2080e-07 -4.7404e-08 -1.7192e-08 -5.7420e-09 -1.7591e-09 -4.9227e-10 -1.2525e-10 -2.8834e-11 -5.9738e-12 -1.1075e-12 -1.8257e-13 -2.6584e-14 -3.3943e-15 -3.7700e-16 -3.6114e-17 -2.9559e-18 -2.0463e-19 -1.1849e-20 -5.6706e-22 -2.2133e-23 -6.9447e-25 -1.7244e-26 -3.3300e-28 -4.9073e-30 -5.4046e-32 -4.3470e-34 -2.4895e-36 -9.8703e-39 -2.6263e-41 -4.5308e-44 -4.8770e-47 -3.1385e-50 -1.1512e-53 -2.2814e-57 -2.3006e-61 -1.1034e-65 -2.3324e-70 -1.9935e-75 -6.2465e-81 -6.4196e-87 -1.9051e-93 -1.4109e-100 -2.2040e-108 -5.9816e-117 -2.2513e-126 -9.0374e-137 -2.8451e-148 -4.8910e-161 -2.9918e-175 -3.9111e-191 -5.9335e-209 -5.0035e-229 -9.5937e-252 -1.4008e-277 -4.0378e-307 -0.0000e+00 -0.0000e+00 -0.0000e+00 -0.0000e+00 -0.0000e+00 -0.0000e+00 -0.0000e+00 -0.0000e+00 -0.0000e+00 -0.0000e+00 -0.0000e+00 -0.0000e+00 -0.0000e+00 -0.0000e+00 -0.0000e+00 -0.0000e+00 -0.0000e+00 -0.0000e+00 -0.0000e+00 -0.0000e+00 -0.0000e+00
-1.3410e-05 -2.4452e-05 -4.1307e-05 -6.6218e-05 -1.0042e-04 -1.4396e-04 -1.9526e-04 -2.5089e-04 -3.0565e-04 -3.5325e-04 -3.8734e-04 3.6504e-02 -3.9735e-04 -3.7134e-04 -3.2855e-04 -2.7493e-04 -2.1732e-04 -1.6204e-04 -1.1380e-04 -7.5139e-05 -4.6559e-05 -2.7017e-05 -1.4647e-05 -7.4009e-06 -3.4757e-06 -1.5126e-06 -6.0810e-07 -2.2504e-07 -7.6371e-08 -2.3671e-08 -6.6714e-09 -1.7015e-09 -3.9065e-10 -8.0292e-11 -1.4683e-11 -2.3733e-12 -3.3664e-13 -4.1577e-14 -4.4335e-15 -4.0442e-16 -3.1243e-17 -2.0219e-18 -1.0831e-19 -4.7402e-21 -1.6709e-22 -4.6706e-24 -1.0176e-25 -1.6960e-27 -2.1179e-29 -1.9369e-31 -1.2650e-33 -5.7382e-36 -1.7529e-38 -3.4846e-41 -4.3394e-44 -3.2446e-47 -1.3892e-50 -3.2295e-54 -3.8408e-58 -2.1851e-62 -5.5131e-67 -5.6620e-72 -2.1475e-77 -2.6926e-83 -9.8326e-90 -9.0438e-97 -1.7726e-104 -6.1032e-113 -2.9498e-122 -1.5409e-132 -6.4059e-144 -1.4779e-156 -1.2351e-170 -2.2502e-186 -4.8641e-204 -5.9909e-224 -1.7251e-246 -3.9035e-272 -1.8071e-301 -0.0000e+00 -0.0000e+00 -0.0000e+00 -0.0000e+00 -0.0000e+00 -0.0000e+00 -0.0000e+00 -0.0000e+00 -0.0000e+00 -0.0000e+00 -0.0000e+00 -0.0000e+00 -0.0000e+00 -0.0000e+00 -0.0000e+00 -0.0000e+00 -0.0000e+00 -0.0000e+00 -0.0000e+00 -0.0000e+00 -0.0000e+00 -1.2359e-05 -1.8428e-05 -2.4401e-05 -3.0868e-05 -3.7860e-05 -4.5084e-05 -5.2015e-05 -5.7975e-05 -6.2252e-05 -6.4240e-05 -6.3567e-05 0.0000e+00 -5.4451e-05 -4.6966e-05 -3.8559e-05 -3.0079e-05 -2.2255e-05 -1.5588e-05 -1.0315e-05 -6.4361e-06 -3.7779e-06 -2.0813e-06 -1.0735e-06 -5.1694e-07 -2.3176e-07 -9.6431e-08 -3.7114e-08 -1.3165e-08 -4.2876e-09 -1.2766e-09 -3.4597e-10 -8.4917e-11 -1.8778e-11 -3.7201e-12 -6.5614e-13 -1.0235e-13 -1.4019e-14 -1.6727e-15 -1.7240e-16 -1.5207e-17 -1.1364e-18 -7.1159e-20 -3.6895e-21 -1.5633e-22 -5.3363e-24 -1.4447e-25 -3.0492e-27 -4.9234e-29 -5.9569e-31 -5.2787e-33 -3.3407e-35 -1.4683e-37 -4.3461e-40 -8.3709e-43 -1.0099e-45 -7.3147e-49 -3.0331e-52 -6.8280e-56 -7.8614e-60 -4.3286e-64 -1.0567e-68 -1.0497e-73 -3.8493e-79 -4.6644e-85 -1.6454e-91 -1.4612e-98 -2.7636e-106 -9.1760e-115 -4.2739e-124 -2.1500e-134 -8.6001e-146 -1.9074e-158 -1.5310e-172 -2.6760e-188 -5.5430e-206 -6.5339e-226 -1.7981e-248 -3.8826e-274 -1.7123e-303 -0.0000e+00 -0.0000e+00 -0.0000e+00 -0.0000e+00 -0.0000e+00 -0.0000e+00 -0.0000e+00 -0.0000e+00 -0.0000e+00 -0.0000e+00 -0.0000e+00 -0.0000e+00 -0.0000e+00 -0.0000e+00 -0.0000e+00 -0.0000e+00 -0.0000e+00 -0.0000e+00 -0.0000e+00 -0.0000e+00 -0.0000e+00
-7.5768e-06 -1.4500e-05 -2.5858e-05 -4.3690e-05 -6.9703e-05 -1.0502e-04 -1.4969e-04 -2.0213e-04 -2.5888e-04 -3.1465e-04 -3.6297e-04 -3.9735e-04 4.2944e-02 -4.0617e-04 -3.7869e-04 -3.3408e-04 -2.7853e-04 -2.1916e-04 -1.6250e-04 -1.1335e-04 -7.4243e-05 -4.5565e-05 -2.6145e-05 -1.3991e-05 -6.9637e-06 -3.2145e-06 -1.3717e-06 -5.3931e-07 -1.9462e-07 -6.4206e-08 -1.9279e-08 -5.2441e-09 -1.2856e-09 -2.8245e-10 -5.5283e-11 -9.5761e-12 -1.4577e-12 -1.9348e-13 -2.2206e-14 -2.1838e-15 -1.8219e-16 -1.2755e-17 -7.4060e-19 -3.5203e-20 -1.3506e-21 -4.1183e-23 -9.8115e-25 -1.7926e-26 -2.4605e-28 -2.4805e-30 -1.7912e-32 -9.0129e-35 -3.0645e-37 -6.8058e-40 -9.5056e-43 -8.0047e-46 -3.8772e-49 -1.0246e-52 -1.3923e-56 -9.1010e-61 -2.6540e-65 -3.1707e-70 -1.4087e-75 -2.0845e-81 -9.0571e-88 -1.0000e-94 -2.3757e-102 -1.0019e-110 -5.9998e-120 -3.9329e-130 -2.0803e-141 -6.2013e-154 -6.8112e-168 -1.6619e-183 -4.9141e-201 -8.4769e-221 -3.5109e-243 -1.1775e-268 -8.3611e-298 -0.0000e+00 -0.0000e+00 -0.0000e+00 -0.0000e+00 -0.0000e+00 -0.0000e+00 -0.0000e+00 -0.0000e+00 -0.0000e+00 -0.0000e+00 -0.0000e+00 -0.0000e+00 -0.0000e+00 -0.0000e+00 -0.0000e+00 -0.0000e+00 -0.0000e+00 -0.0000e+00 -0.0000e+00 -0.0000e+00 -0.0000e+00 -6.8882e-06 -1.0494e-05 -1.4350e-05 -1.8885e-05 -2.4206e-05 -3.0203e-05 -3.6569e-05 -4.2818e-05 -4.8333e-05 -5.2459e-05 -5.4622e-05 -5.4451e-05 0.0000e+00 -4.7136e-05 -4.0788e-05 -3.3551e-05 -2.6187e-05 -1.9359e-05 -1.3528e-05 -8.9180e-06 -5.5339e-06 -3.2249e-06 -1.7606e-06 -8.9800e-07 -4.2673e-07 -1.8834e-07 -7.6954e-08 -2.9004e-08 -1.0045e-08 -3.1836e-09 -9.1926e-10 -2.4066e-10 -5.6826e-11 -1.2035e-11 -2.2720e-12 -3.7983e-13 -5.5832e-14 -7.1599e-15 -7.9431e-16 -7.5535e-17 -6.0959e-18 -4.1298e-19 -2.3210e-20 -1.0682e-21 -3.9687e-23 -1.1721e-24 -2.7051e-26 -4.7884e-28 -6.3684e-30 -6.2210e-32 -4.3532e-34 -2.1225e-36 -6.9928e-39 -1.5047e-41 -2.0361e-44 -1.6609e-47 -7.7917e-51 -1.9939e-54 -2.6231e-58 -1.6595e-62 -4.6826e-67 -5.4110e-72 -2.3244e-77 -3.3242e-83 -1.3953e-89 -1.4874e-96 -3.4099e-104 -1.3868e-112 -8.0035e-122 -5.0522e-132 -2.5714e-143 -7.3691e-156 -7.7735e-170 -1.8198e-185 -5.1563e-203 -8.5129e-223 -3.3699e-245 -1.0785e-270 -7.2953e-300 -0.0000e+00 -0.0000e+00 -0.0000e+00 -0.0000e+00 -0.0000e+00 -0.0000e+00 -0.0000e+00 -0.0000e+00 -0.0000e+00 -0.0000e+00 -0.0000e+00 -0.0000e+00 -0.0000e+00 -0.0000e+00 -0.0000e+00 -0.0000e+00 -0.0000e+00 -0.0000e+00 -0.0000e+00 -0.0000e+00 -0.0000e+00
-4.0406e-06 -8.1295e-06 -1.5308e-05 -2.7252e-05 -4.5731e-05 -7.2429e-05 -1.0851e-04 -1.5405e-04 -2.0751e-04 -2.6534e-04 -3.2217e-04 -3.7134e-04 -4.0617e-04 4.9945e-02 -4.1411e-04 -3.8529e-04 -3.3895e-04 -2.8156e-04 -2.2051e-04 -1.6256e-04 -1.1258e-04 -7.3110e-05 -4.4415e-05 -2.5182e-05 -1.3289e-05 -6.5091e-06 -2.9497e-06 -1.2326e-06 -4.7318e-07 -1.6622e-07 -5.3199e-08 -1.5440e-08 -4.0432e-09 -9.5000e-10 -1.9910e-10 -3.6977e-11 -6.0430e-12 -8.6243e-13 -1.0659e-13 -1.1306e-14 -1.0191e-15 -7.7232e-17 -4.8631e-18 -2.5119e-19 -1.0495e-20 -3.4929e-22 -9.1047e-24 -1.8246e-25 -2.7546e-27 -3.0630e-29 -2.4472e-31 -1.3668e-33 -5.1764e-36 -1.2852e-38 -2.0147e-41 -1.9122e-44 -1.0487e-47 -3.1528e-51 -4.8995e-55 -3.6829e-59 -1.2425e-63 -1.7284e-68 -9.0043e-74 -1.5742e-79 -8.1473e-86 -1.0811e-92 -3.1168e-100 -1.6121e-108 -1.1978e-117 -9.8671e-128 -6.6511e-139 -2.5660e-151 -3.7104e-165 -1.2148e-180 -4.9233e-198 -1.1921e-217 -7.1178e-240 -3.5474e-265 -3.8740e-294 -0.0000e+00 -0.0000e+00 -0.0000e+00 -0.0000e+00 -0.0000e+00 -0.0000e+00 -0.0000e+00 -0.0000e+00 -0.0000e+00 -0.0000e+00 -0.0000e+00 -0.0000e+00 -0.0000e+00 -0.0000e+00 -0.0000e+00 -0.0000e+00 -0.0000e+00 -0.0000e+00 -0.0000e+00 -0.0000e+00 -0.0000e+00 -3.6202e-06 -5.6440e-06 -7.9865e-06 -1.0954e-05 -1.4692e-05 -1.9228e-05 -2.4453e-05 -3.0097e-05 -3.5733e-05 -4.0812e-05 -4.4736e-05 -4.6966e-05 -4.7136e-05 0.0000e+00 -4.1190e-05 -3.5740e-05 -2.9439e-05 -2.2978e-05 -1.6963e-05 -1.1819e-05 -7.7563e-06 -4.7831e-06 -2.7650e-06 -1.4944e-06 -7.5298e-07 -3.5266e-07 -1.5303e-07 -6.1304e-08 -2.2588e-08 -7.6234e-09 -2.3464e-09 -6.5546e-10 -1.6534e-10 -3.7448e-11 -7.5703e-12 -1.3570e-12 -2.1417e-13 -2.9532e-14 -3.5281e-15 -3.6189e-16 -3.1557e-17 -2.3142e-18 -1.4105e-19 -7.0543e-21 -2.8543e-22 -9.2013e-24 -2.3235e-25 -4.5115e-27 -6.5995e-29 -7.1111e-31 -5.5056e-33 -2.9797e-35 -1.0935e-37 -2.6306e-40 -3.9953e-43 -3.6735e-46 -1.9512e-49 -5.6806e-53 -8.5466e-57 -6.2181e-61 -2.0298e-65 -2.7312e-70 -1.3757e-75 -2.3245e-81 -1.1622e-87 -1.4891e-94 -4.1428e-102 -2.0664e-110 -1.4797e-119 -1.1738e-129 -7.6137e-141 -2.8239e-153 -3.9218e-167 -1.2320e-182 -4.7850e-200 -1.1087e-219 -6.3273e-242 -3.0093e-267 -3.1307e-296 -0.0000e+00 -0.0000e+00 -0.0000e+00 -0.0000e+00 -0.0000e+00 -0.0000e+00 -0.0000e+00 -0.0000e+00 -0.0000e+00 -0.0000e+00 -0.0000e+00 -0.0000e+00 -0.0000e+00 -0.0000e+00 -0.0000e+00 -0.0000e+00 -0.0000e+00 -0.0000e+00 -0.0000e+00 -0.0000e+00 -0.0000e+00
-2.0317e-06 -4.3041e-06 -8.5583e-06 -1.6049e-05 -2.8328e-05 -4.7170e-05 -7.4307e-05 -1.1096e-04 -1.5726e-04 -2.1167e-04 -2.7060e-04 -3.2855e-04 -3.7869e-04 -4.1411e-04 5.7521e-02 -4.2142e-04 -3.9134e-04 -3.4333e-04 -2.8413e-04 -2.2145e-04 -1.6225e-04 -1.1153e-04 -7.1766e-05 -4.3128e-05 -2.4142e-05 -1.2552e-05 -6.0434e-06 -2.6852e-06 -1.0971e-06 -4.1054e-07 -1.4011e-07 -4.3410e-08 -1.2148e-08 -3.0541e-09 -6.8570e-10 -1.3661e-10 -2.3981e-11 -3.6818e-12 -4.9027e-13 -5.6122e-14 -5.4687e-15 -4.4883e-16 -3.0667e-17 -1.7223e-18 -7.8413e-20 -2.8501e-21 -8.1333e-23 -1.7890e-24 -2.9726e-26 -3.6485e-28 -3.2274e-30 -2.0022e-32 -8.4526e-35 -2.3480e-37 -4.1345e-40 -4.4267e-43 -2.7509e-46 -9.4177e-50 -1.6752e-53 -1.4495e-57 -5.6632e-62 -9.1829e-67 -5.6155e-72 -1.1612e-77 -7.1676e-84 -1.1445e-90 -4.0097e-98 -2.5472e-106 -2.3518e-115 -2.4383e-125 -2.0980e-136 -1.0494e-148 -2.0016e-162 -8.8115e-178 -4.9052e-195 -1.6709e-214 -1.4420e-236 -1.0709e-261 -1.8040e-290 -1.4822e-323 -0.0000e+00 -0.0000e+00 -0.0000e+00 -0.0000e+00 -0.0000e+00 -0.0000e+00 -0.0000e+00 -0.0000e+00 -0.0000e+00 -0.0000e+00 -0.0000e+00 -0.0000e+00 -0.0000e+00 -0.0000e+00 -0.0000e+00 -0.0000e+00 -0.0000e+00 -0.0000e+00 -0.0000e+00 -0.0000e+00 -1.7923e-06 -2.8641e-06 -4.2016e-06 -6.0151e-06 -8.4533e-06 -1.1615e-05 -1.5526e-05 -2.0099e-05 -2.5112e-05 -3.0196e-05 -3.4860e-05 -3.8559e-05 -4.0788e-05 -4.1190e-05 0.0000e+00 -3.6299e-05 -3.1567e-05 -2.6025e-05 -2.0303e-05 -1.4958e-05 -1.0386e-05 -6.7800e-06 -4.1518e-06 -2.3786e-06 -1.2714e-06 -6.3216e-07 -2.9144e-07 -1.2415e-07 -4.8688e-08 -1.7506e-08 -5.7459e-09 -1.7135e-09 -4.6194e-10 -1.1195e-10 -2.4246e-11 -4.6623e-12 -7.9044e-13 -1.1726e-13 -1.5094e-14 -1.6708e-15 -1.5751e-16 -1.2510e-17 -8.2740e-19 -4.4994e-20 -1.9838e-21 -6.9846e-23 -1.9310e-24 -4.1154e-26 -6.6258e-28 -7.8805e-30 -6.7553e-32 -4.0613e-34 -1.6614e-36 -4.4717e-39 -7.6289e-42 -7.9128e-45 -4.7627e-48 -1.5790e-51 -2.7193e-55 -2.2774e-59 -8.6096e-64 -1.3504e-68 -7.9846e-74 -1.5958e-79 -9.5157e-86 -1.4672e-92 -4.9601e-100 -3.0388e-108 -2.7040e-117 -2.6998e-127 -2.2353e-138 -1.0749e-150 -1.9694e-164 -8.3172e-180 -4.4370e-197 -1.4466e-216 -1.1932e-238 -8.4561e-264 -1.3571e-292 -0.0000e+00 -0.0000e+00 -0.0000e+00 -0.0000e+00 -0.0000e+00 -0.0000e+00 -0.0000e+00 -0.0000e+00 -0.0000e+00 -0.0000e+00 -0.0000e+00 -0.0000e+00 -0.0000e+00 -0.0000e+00 -0.0000e+00 -0.0000e+00 -0.0000e+00 -0.0000e+00 -0.0000e+00 -0.0000e+00 -0.0000e+00
-9.6195e-07 -2.1486e-06 -4.5115e-06 -8.9107e-06 -1.6545e-05 -2.8975e-05 -4.8015e-05 -7.5448e-05 -1.1256e-04 -1.5954e-04 -2.1487e-04 -2.7493e-04 -3.3408e-04 -3.8529e-04 -4.2142e-04 6.5688e-02 -4.2828e-04 -3.9699e-04 -3.4732e-04 -2.8632e-04 -2.2202e-04 -1.6162e-04 -1.1021e-04 -7.0233e-05 -4.1721e-05 -2.3038e-05 -1.1789e-05 -5.5723e-06 -2.4241e-06 -9.6684e-07 -3.5204e-07 -1.1649e-07 -3.4856e-08 -9.3807e-09 -2.2574e-09 -4.8268e-10 -9.1070e-11 -1.5049e-11 -2.1603e-12 -2.6703e-13 -2.8146e-14 -2.5032e-15 -1.8570e-16 -1.1347e-17 -5.6329e-19 -2.2375e-20 -6.9952e-22 -1.6901e-23 -3.0928e-25 -4.1930e-27 -4.1098e-29 -2.8344e-31 -1.3349e-33 -4.1521e-36 -8.2197e-39 -9.9366e-42 -7.0037e-45 -2.7329e-48 -5.5702e-52 -5.5538e-56 -2.5156e-60 -4.7600e-65 -3.4210e-70 -8.3779e-76 -6.1755e-82 -1.1883e-88 -5.0661e-96 -3.9587e-104 -4.5492e-113 -5.9464e-123 -6.5432e-134 -4.2514e-146 -1.0718e-159 -6.3582e-175 -4.8733e-192 -2.3415e-211 -2.9286e-233 -3.2503e-258 -8.4732e-287 -9.9011e-320 -0.0000e+00 -0.0000e+00 -0.0000e+00 -0.0000e+00 -0.0000e+00 -0.0000e+00 -0.0000e+00 -0.0000e+00 -0.0000e+00 -0.0000e+00 -0.0000e+00 -0.0000e+00 -0.0000e+00 -0.0000e+00 -0.0000e+00 -0.0000e+00 -0.0000e+00 -0.0000e+00 -0.0000e+00 -0.0000e+00 -8.3481e-07 -1.3697e-06 -2.0867e-06 -3.1229e-06 -4.6033e-06 -6.6461e-06 -9.3433e-06 -1.2729e-05 -1.6746e-05 -2.1209e-05 -2.5799e-05 -3.0079e-05 -3.3551e-05 -3.5740e-05 -3.6299e-05 0.0000e+00 -3.2230e-05 -2.8079e-05 -2.3160e-05 -1.8050e-05 -1.3265e-05 -9.1712e-06 -5.9517e-06 -3.6161e-06 -2.0513e-06 -1.0833e-06 -5.3086e-07 -2.4059e-07 -1.0046e-07 -3.8501e-08 -1.3483e-08 -4.2946e-09 -1.2379e-09 -3.2118e-10 -7.4560e-11 -1.5388e-11 -2.8041e-12 -4.4773e-13 -6.2132e-14 -7.4271e-15 -7.5735e-16 -6.5185e-17 -4.6812e-18 -2.7697e-19 -1.3316e-20 -5.1236e-22 -1.5518e-23 -3.6327e-25 -6.4418e-27 -8.4632e-29 -8.0386e-31 -5.3726e-33 -2.4519e-35 -7.3900e-38 -1.4174e-40 -1.6600e-43 -1.1333e-46 -4.2824e-50 -8.4506e-54 -8.1554e-58 -3.5744e-62 -6.5424e-67 -4.5465e-72 -1.0761e-77 -7.6632e-84 -1.4238e-90 -5.8578e-98 -4.4145e-106 -4.8891e-115 -6.1546e-125 -6.5167e-136 -4.0710e-148 -9.8571e-162 -5.6103e-177 -4.1209e-194 -1.8951e-213 -2.2654e-235 -2.3993e-260 -5.9589e-289 -6.6205e-322 -0.0000e+00 -0.0000e+00 -0.0000e+00 -0.0000e+00 -0.0000e+00 -0.0000e+00 -0.0000e+00 -0.0000e+00 -0.0000e+00 -0.0000e+00 -0.0000e+00 -0.0000e+00 -0.0000e+00 -0.0000e+00 -0.0000e+00 -0.0000e+00 -0.0000e+00 -0.0000e+00 -0.0000e+00 -0.0000e+00
