3.0426e-08 -8.2835e-08 -1.5233e-07 -2.3481e-07 -3.2851e-07 -4.3213e-07 -5.4447e-07 -6.6425e-07 -7.8998e-07 -9.1982e-07 -1.0515e-06 -1.1821e-06 -1.3084e-06 -1.4263e-06 -1.5314e-06 -1.6186e-06 -1.6830e-06 -1.7195e-06 -1.7240e-06 -1.6932e-06 -1.6258e-06 -1.5225e-06 -1.3868e-06 -1.2249e-06 -1.0454e-06 -8.5876e-07 -6.7592e-07 -5.0721e-07 -3.6083e-07 -2.4183e-07 -1.5160e-07 -8.8195e-08 -4.7190e-08 -2.2991e-08 -1.0084e-08 -3.9322e-09 -1.3436e-09 -3.9591e-10 -9.8778e-11 -2.0443e-11 -3.4285e-12 -4.5382e-13 -4.6010e-14 -3.4530e-15 -1.8450e-16 -6.7147e-18 -1.5820e-19 -2.2766e-21 -1.8718e-23 -8.1419e-26 -1.7146e-28 -1.5778e-31 -5.6326e-35 -6.7942e-39 -2.3570e-43 -1.9479e-48 -3.0751e-54 -7.1514e-61 -1.8030e-68 -3.4271e-77 -3.1891e-87 -8.6774e-99 -3.7229e-112 -1.1976e-127 -1.1758e-145 -1.1821e-166 -3.2075e-191 -4.5680e-220 -4.5204e-254 -2.5200e-294 -0.0000e+00 -0.0000e+00 -0.0000e+00 -0.0000e+00 -0.0000e+00 -0.0000e+00 -0.0000e+00 -0.0000e+00 -0.0000e+00 -0.0000e+00 -0.0000e+00 -0.0000e+00 -0.0000e+00 -0.0000e+00 -0.0000e+00 -0.0000e+00 -0.0000e+00 -0.0000e+00 -0.0000e+00 -0.0000e+00 -0.0000e+00 -0.0000e+00 -0.0000e+00 -0.0000e+00 -0.0000e+00 -0.0000e+00 -0.0000e+00 -0.0000e+00 -0.0000e+00 -0.0000e+00 0.0000e+00 -8.2835e-08 -1.5233e-07 -2.3481e-07 -3.2851e-07 -4.3213e-07 -5.4447e-07 -6.6425e-07 -7.8998e-07 -9.1982e-07 -1.0515e-06 -1.1821e-06 -1.3084e-06 -1.4263e-06 -1.5314e-06 -1.6186e-06 -1.6830e-06 -1.7195e-06 -1.7240e-06 -1.6932e-06 -1.6258e-06 -1.5225e-06 -1.3868e-06 -1.2249e-06 -1.0454e-06 -8.5876e-07 -6.7592e-07 -5.0721e-07 -3.6083e-07 -2.4183e-07 -1.5160e-07 -8.8194e-08 -4.7189e-08 -2.2990e-08 -1.0084e-08 -3.9321e-09 -1.3436e-09 -3.9590e-10 -9.8774e-11 -2.0442e-11 -3.4283e-12 -4.5380e-13 -4.6008e-14 -3.4527e-15 -1.8449e-16 -6.7142e-18 -1.5819e-19 -2.2764e-21 -1.8716e-23 -8.1408e-26 -1.7144e-28 -1.5775e-31 -5.6315e-35 -6.7927e-39 -2.3564e-43 -1.9473e-48 -3.0741e-54 -7.1487e-61 -1.8022e-68 -3.4254e-77 -3.1873e-87 -8.6720e-99 -3.7202e-112 -1.1966e-127 -1.1747e-145 -1.1808e-166 -3.2035e-191 -4.5614e-220 -4.5128e-254 -2.5150e-294 -0.0000e+00 -0.0000e+00 -0.0000e+00 -0.0000e+00 -0.0000e+00 -0.0000e+00 -0.0000e+00 -0.0000e+00 -0.0000e+00 -0.0000e+00 -0.0000e+00 -0.0000e+00 -0.0000e+00 -0.0000e+00 -0.0000e+00 -0.0000e+00 -0.0000e+00 -0.0000e+00 -0.0000e+00 -0.0000e+00 -0.0000e+00 -0.0000e+00 -0.0000e+00 -0.0000e+00 -0.0000e+00 -0.0000e+00 -0.0000e+00 -0.0000e+00 -0.0000e+00 -0.0000e+00
-8.2835e-08 4.8729e-07 -4.3116e-07 -6.6459e-07 -9.2981e-07 -1.2231e-06 -1.5410e-06 -1.8801e-06 -2.2359e-06 -2.6034e-06 -2.9760e-06 -3.3459e-06 -3.7033e-06 -4.0371e-06 -4.3344e-06 -4.5813e-06 -4.7635e-06 -4.8670e-06 -4.8797e-06 -4.7926e-06 -4.6018e-06 -4.3095e-06 -3.9255e-06 -3.4672e-06 -2.9592e-06 -2.4309e-06 -1.9133e-06 -1.4358e-06 -1.0215e-06 -6.8460e-07 -4.2919e-07 -2.4970e-07 -1.3361e-07 -6.5097e-08 -2.8555e-08 -1.1135e-08 -3.8052e-09 -1.1213e-09 -2.7979e-10 -5.7910e-11 -9.7135e-12 -1.2859e-12 -1.3039e-13 -9.7874e-15 -5.2308e-16 -1.9041e-17 -4.4872e-19 -6.4592e-21 -5.3124e-23 -2.3116e-25 -4.8700e-28 -4.4834e-31 -1.6014e-34 -1.9328e-38 -6.7097e-43 -5.5495e-48 -8.7684e-54 -2.0412e-60 -5.1522e-68 -9.8062e-77 -9.1389e-87 -2.4910e-98 -1.0709e-111 -3.4529e-127 -3.3991e-145 -3.4282e-166 -9.3362e-191 -1.3353e-219 -1.3281e-253 -7.4477e-294 -0.0000e+00 -0.0000e+00 -0.0000e+00 -0.0000e+00 -0.0000e+00 -0.0000e+00 -0.0000e+00 -0.0000e+00 -0.0000e+00 -0.0000e+00 -0.0000e+00 -0.0000e+00 -0.0000e+00 -0.0000e+00 -0.0000e+00 -0.0000e+00 -0.0000e+00 -0.0000e+00 -0.0000e+00 -0.0000e+00 -0.0000e+00 -0.0000e+00 -0.0000e+00 -0.0000e+00 -0.0000e+00 -0.0000e+00 -0.0000e+00 -0.0000e+00 -0.0000e+00 -0.0000e+00 -8.2835e-08 0.0000e+00 -4.3116e-07 -6.6459e-07 -9.2981e-07 -1.2231e-06 -1.5410e-06 -1.8801e-06 -2.2359e-06 -2.6034e-06 -2.9760e-06 -3.3459e-06 -3.7033e-06 -4.0370e-06 -4.3343e-06 -4.5813e-06 -4.7635e-06 -4.8670e-06 -4.8796e-06 -4.7925e-06 -4.6016e-06 -4.3093e-06 -3.9253e-06 -3.4670e-06 -2.9590e-06 -2.4307e-06 -1.9132e-06 -1.4357e-06 -1.0213e-06 -6.8450e-07 -4.2912e-07 -2.4964e-07 -1.3358e-07 -6.5079e-08 -2.8546e-08 -1.1131e-08 -3.8036e-09 -1.1208e-09 -2.7964e-10 -5.7874e-11 -9.7066e-12 -1.2849e-12 -1.3027e-13 -9.7772e-15 -5.2246e-16 -1.9015e-17 -4.4804e-19 -6.4481e-21 -5.3021e-23 -2.3065e-25 -4.8579e-28 -4.4708e-31 -1.5963e-34 -1.9258e-38 -6.6823e-43 -5.5237e-48 -8.7223e-54 -2.0290e-60 -5.1173e-68 -9.7306e-77 -9.0588e-87 -2.4661e-98 -1.0587e-111 -3.4079e-127 -3.3484e-145 -3.3696e-166 -9.1528e-191 -1.3051e-219 -1.2934e-253 -7.2232e-294 -0.0000e+00 -0.0000e+00 -0.0000e+00 -0.0000e+00 -0.0000e+00 -0.0000e+00 -0.0000e+00 -0.0000e+00 -0.0000e+00 -0.0000e+00 -0.0000e+00 -0.0000e+00 -0.0000e+00 -0.0000e+00 -0.0000e+00 -0.0000e+00 -0.0000e+00 -0.0000e+00 -0.0000e+00 -0.0000e+00 -0.0000e+00 -0.0000e+00 -0.0000e+00 -0.0000e+00 -0.0000e+00 -0.0000e+00 -0.0000e+00 -0.0000e+00 -0.0000e+00 -0.0000e+00
-1.5233e-07 -4.3116e-07 2.4709e-06 -1.2222e-06 -1.7099e-06 -2.2493e-06 -2.8340e-06 -3.4575e-06 -4.1119e-06 -4.7877e-06 -5.4730e-06 -6.1531e-06 -6.8105e-06 -7.4244e-06 -7.9712e-06 -8.4255e-06 -8.7608e-06 -8.9513e-06 -8.9749e-06 -8.8150e-06 -8.4642e-06 -7.9269e-06 -7.2209e-06 -6.3784e-06 -5.4442e-06 -4.4725e-06 -3.5206e-06 -2.6422e-06 -1.8800e-06 -1.2601e-06 -7.9013e-07 -4.5976e-07 -2.4606e-07 -1.1991e-07 -5.2613e-08 -2.0523e-08 -7.0154e-09 -2.0681e-09 -5.1624e-10 -1.0690e-10 -1.7940e-11 -2.3764e-12 -2.4113e-13 -1.8113e-14 -9.6886e-16 -3.5302e-17 -8.3283e-19 -1.2003e-20 -9.8854e-23 -4.3082e-25 -9.0924e-28 -8.3872e-31 -3.0025e-34 -3.6332e-38 -1.2649e-42 -1.0496e-47 -1.6646e-53 -3.8917e-60 -9.8706e-68 -1.8891e-76 -1.7717e-86 -4.8644e-98 -2.1087e-111 -6.8642e-127 -6.8321e-145 -6.9785e-166 -1.9285e-190 -2.8055e-219 -2.8455e-253 -1.6325e-293 -0.0000e+00 -0.0000e+00 -0.0000e+00 -0.0000e+00 -0.0000e+00 -0.0000e+00 -0.0000e+00 -0.0000e+00 -0.0000e+00 -0.0000e+00 -0.0000e+00 -0.0000e+00 -0.0000e+00 -0.0000e+00 -0.0000e+00 -0.0000e+00 -0.0000e+00 -0.0000e+00 -0.0000e+00 -0.0000e+00 -0.0000e+00 -0.0000e+00 -0.0000e+00 -0.0000e+00 -0.0000e+00 -0.0000e+00 -0.0000e+00 -0.0000e+00 -0.0000e+00 -0.0000e+00 -1.5233e-07 -4.3116e-07 0.0000e+00 -1.2222e-06 -1.7099e-06 -2.2493e-06 -2.8340e-06 -3.4574e-06 -4.1119e-06 -4.7877e-06 -5.4729e-06 -6.1531e-06 -6.8104e-06 -7.4242e-06 -7.9709e-06 -8.4251e-06 -8.7602e-06 -8.9506e-06 -8.9739e-06 -8.8138e-06 -8.4629e-06 -7.9254e-06 -7.2192e-06 -6.3766e-06 -5.4424e-06 -4.4707e-06 -3.5190e-06 -2.6407e-06 -1.8787e-06 -1.2592e-06 -7.8943e-07 -4.5929e-07 -2.4576e-07 -1.1975e-07 -5.2530e-08 -2.0485e-08 -7.0007e-09 -2.0631e-09 -5.1482e-10 -1.0656e-10 -1.7876e-11 -2.3668e-12 -2.4002e-13 -1.8018e-14 -9.6311e-16 -3.5064e-17 -8.2649e-19 -1.1900e-20 -9.7891e-23 -4.2607e-25 -8.9791e-28 -8.2691e-31 -2.9547e-34 -3.5678e-38 -1.2392e-42 -1.0255e-47 -1.6213e-53 -3.7772e-60 -9.5419e-68 -1.8179e-76 -1.6961e-86 -4.6290e-98 -1.9930e-111 -6.4370e-127 -6.3494e-145 -6.4187e-166 -1.7528e-190 -2.5150e-219 -2.5106e-253 -1.4142e-293 -0.0000e+00 -0.0000e+00 -0.0000e+00 -0.0000e+00 -0.0000e+00 -0.0000e+00 -0.0000e+00 -0.0000e+00 -0.0000e+00 -0.0000e+00 -0.0000e+00 -0.0000e+00 -0.0000e+00 -0.0000e+00 -0.0000e+00 -0.0000e+00 -0.0000e+00 -0.0000e+00 -0.0000e+00 -0.0000e+00 -0.0000e+00 -0.0000e+00 -0.0000e+00 -0.0000e+00 -0.0000e+00 -0.0000e+00 -0.0000e+00 -0.0000e+00 -0.0000e+00 -0.0000e+00
-2.3481e-07 -6.6459e-07 -1.2222e-06 7.8269e-06 -2.6357e-06 -3.4671e-06 -4.3684e-06 -5.3294e-06 -6.3382e-06 -7.3800e-06 -8.4365e-06 -9.4850e-06 -1.0499e-05 -1.1445e-05 -1.2289e-05 -1.2989e-05 -1.3507e-05 -1.3801e-05 -1.3839e-05 -1.3593e-05 -1.3054e-05 -1.2226e-05 -1.1139e-05 -9.8406e-06 -8.4009e-06 -6.9029e-06 -5.4351e-06 -4.0801e-06 -2.9040e-06 -1.9472e-06 -1.2214e-06 -7.1107e-07 -3.8076e-07 -1.8567e-07 -8.1520e-08 -3.1822e-08 -1.0888e-08 -3.2127e-09 -8.0285e-10 -1.6646e-10 -2.7975e-11 -3.7115e-12 -3.7727e-13 -2.8397e-14 -1.5224e-15 -5.5610e-17 -1.3157e-18 -1.9024e-20 -1.5724e-22 -6.8809e-25 -1.4589e-27 -1.3527e-30 -4.8710e-34 -5.9329e-38 -2.0809e-42 -1.7412e-47 -2.7877e-53 -6.5871e-60 -1.6909e-67 -3.2805e-76 -3.1243e-86 -8.7282e-98 -3.8585e-111 -1.2842e-126 -1.3106e-144 -1.3770e-165 -3.9288e-190 -5.9246e-219 -6.2577e-253 -3.7577e-293 -0.0000e+00 -0.0000e+00 -0.0000e+00 -0.0000e+00 -0.0000e+00 -0.0000e+00 -0.0000e+00 -0.0000e+00 -0.0000e+00 -0.0000e+00 -0.0000e+00 -0.0000e+00 -0.0000e+00 -0.0000e+00 -0.0000e+00 -0.0000e+00 -0.0000e+00 -0.0000e+00 -0.0000e+00 -0.0000e+00 -0.0000e+00 -0.0000e+00 -0.0000e+00 -0.0000e+00 -0.0000e+00 -0.0000e+00 -0.0000e+00 -0.0000e+00 -0.0000e+00 -0.0000e+00 -2.3481e-07 -6.6459e-07 -1.2222e-06 0.0000e+00 -2.6357e-06 -3.4670e-06 -4.3684e-06 -5.3294e-06 -6.3381e-06 -7.3798e-06 -8.4362e-06 -9.4846e-06 -1.0498e-05 -1.1444e-05 -1.2287e-05 -1.2987e-05 -1.3504e-05 -1.3798e-05 -1.3834e-05 -1.3588e-05 -1.3047e-05 -1.2219e-05 -1.1131e-05 -9.8319e-06 -8.3920e-06 -6.8942e-06 -5.4270e-06 -4.0729e-06 -2.8980e-06 -1.9425e-06 -1.2180e-06 -7.0875e-07 -3.7932e-07 -1.8486e-07 -8.1110e-08 -3.1639e-08 -1.0816e-08 -3.1884e-09 -7.9592e-10 -1.6482e-10 -2.7662e-11 -3.6643e-12 -3.7183e-13 -2.7932e-14 -1.4942e-15 -5.4446e-17 -1.2846e-18 -1.8515e-20 -1.5251e-22 -6.6471e-25 -1.4031e-27 -1.2944e-30 -4.6348e-34 -5.6094e-38 -1.9534e-42 -1.6214e-47 -2.5722e-53 -6.0156e-60 -1.5264e-67 -2.9228e-76 -2.7428e-86 -7.5358e-98 -3.2694e-111 -1.0653e-126 -1.0616e-144 -1.0859e-165 -3.0063e-190 -4.3828e-219 -4.4573e-253 -2.5658e-293 -0.0000e+00 -0.0000e+00 -0.0000e+00 -0.0000e+00 -0.0000e+00 -0.0000e+00 -0.0000e+00 -0.0000e+00 -0.0000e+00 -0.0000e+00 -0.0000e+00 -0.0000e+00 -0.0000e+00 -0.0000e+00 -0.0000e+00 -0.0000e+00 -0.0000e+00 -0.0000e+00 -0.0000e+00 -0.0000e+00 -0.0000e+00 -0.0000e+00 -0.0000e+00 -0.0000e+00 -0.0000e+00 -0.0000e+00 -0.0000e+00 -0.0000e+00 -0.0000e+00 -0.0000e+00
-3.2851e-07 -9.2981e-07 -1.7099e-06 -2.6357e-06 1.9164e-05 -4.8507e-06 -6.1117e-06 -7.4564e-06 -8.8679e-06 -1.0326e-05 -1.1804e-05 -1.3272e-05 -1.4690e-05 -1.6016e-05 -1.7197e-05 -1.8179e-05 -1.8905e-05 -1.9320e-05 -1.9375e-05 -1.9034e-05 -1.8282e-05 -1.7128e-05 -1.5609e-05 -1.3794e-05 -1.1781e-05 -9.6841e-06 -7.6288e-06 -5.7302e-06 -4.0811e-06 -2.7386e-06 -1.7194e-06 -1.0019e-06 -5.3709e-07 -2.6223e-07 -1.1530e-07 -4.5082e-08 -1.5452e-08 -4.5690e-09 -1.1444e-09 -2.3789e-10 -4.0097e-11 -5.3373e-12 -5.4453e-13 -4.1155e-14 -2.2166e-15 -8.1390e-17 -1.9368e-18 -2.8186e-20 -2.3468e-22 -1.0353e-24 -2.2150e-27 -2.0748e-30 -7.5558e-34 -9.3198e-38 -3.3151e-42 -2.8177e-47 -4.5904e-53 -1.1059e-59 -2.9005e-67 -5.7628e-76 -5.6352e-86 -1.6209e-97 -7.4001e-111 -2.5519e-126 -2.7081e-144 -2.9703e-165 -8.8831e-190 -1.4105e-218 -1.5763e-252 -1.0068e-292 -0.0000e+00 -0.0000e+00 -0.0000e+00 -0.0000e+00 -0.0000e+00 -0.0000e+00 -0.0000e+00 -0.0000e+00 -0.0000e+00 -0.0000e+00 -0.0000e+00 -0.0000e+00 -0.0000e+00 -0.0000e+00 -0.0000e+00 -0.0000e+00 -0.0000e+00 -0.0000e+00 -0.0000e+00 -0.0000e+00 -0.0000e+00 -0.0000e+00 -0.0000e+00 -0.0000e+00 -0.0000e+00 -0.0000e+00 -0.0000e+00 -0.0000e+00 -0.0000e+00 -0.0000e+00 -3.2851e-07 -9.2981e-07 -1.7099e-06 -2.6357e-06 0.0000e+00 -4.8506e-06 -6.1116e-06 -7.4562e-06 -8.8676e-06 -1.0325e-05 -1.1803e-05 -1.3270e-05 -1.4688e-05 -1.6012e-05 -1.7192e-05 -1.8172e-05 -1.8896e-05 -1.9308e-05 -1.9359e-05 -1.9016e-05 -1.8260e-05 -1.7102e-05 -1.5581e-05 -1.3764e-05 -1.1750e-05 -9.6543e-06 -7.6009e-06 -5.7056e-06 -4.0605e-06 -2.7225e-06 -1.7076e-06 -9.9394e-07 -5.3215e-07 -2.5945e-07 -1.1389e-07 -4.4451e-08 -1.5205e-08 -4.4854e-09 -1.1206e-09 -2.3226e-10 -3.9019e-11 -5.1746e-12 -5.2575e-13 -3.9552e-14 -2.1191e-15 -7.7360e-17 -1.8289e-18 -2.6423e-20 -2.1820e-22 -9.5386e-25 -2.0201e-27 -1.8707e-30 -6.7267e-34 -8.1803e-38 -2.8642e-42 -2.3921e-47 -3.8216e-53 -9.0088e-60 -2.3067e-67 -4.4626e-76 -4.2373e-86 -1.1799e-97 -5.1980e-111 -1.7237e-126 -1.7525e-144 -1.8344e-165 -5.2145e-190 -7.8368e-219 -8.2539e-253 -4.9466e-293 -0.0000e+00 -0.0000e+00 -0.0000e+00 -0.0000e+00 -0.0000e+00 -0.0000e+00 -0.0000e+00 -0.0000e+00 -0.0000e+00 -0.0000e+00 -0.0000e+00 -0.0000e+00 -0.0000e+00 -0.0000e+00 -0.0000e+00 -0.0000e+00 -0.0000e+00 -0.0000e+00 -0.0000e+00 -0.0000e+00 -0.0000e+00 -0.0000e+00 -0.0000e+00 -0.0000e+00 -0.0000e+00 -0.0000e+00 -0.0000e+00 -0.0000e+00 -0.0000e+00 -0.0000e+00
-4.3213e-07 -1.2231e-06 -2.2493e-06 -3.4671e-06 -4.8507e-06 3.9880e-05 -8.0397e-06 -9.8087e-06 -1.1666e-05 -1.3584e-05 -1.5529e-05 -1.7461e-05 -1.9329e-05 -2.1075e-05 -2.2632e-05 -2.3928e-05 -2.4888e-05 -2.5440e-05 -2.5519e-05 -2.5078e-05 -2.4096e-05 -2.2585e-05 -2.0592e-05 -1.8209e-05 -1.5562e-05 -1.2802e-05 -1.0094e-05 -7.5903e-06 -5.4124e-06 -3.6370e-06 -2.2869e-06 -1.3350e-06 -7.1709e-07 -3.5091e-07 -1.5469e-07 -6.0657e-08 -2.0859e-08 -6.1900e-09 -1.5568e-09 -3.2511e-10 -5.5078e-11 -7.3736e-12 -7.5710e-13 -5.7630e-14 -3.1286e-15 -1.1589e-16 -2.7850e-18 -4.0972e-20 -3.4525e-22 -1.5434e-24 -3.3509e-27 -3.1898e-30 -1.1825e-33 -1.4872e-37 -5.4044e-42 -4.7021e-47 -7.8583e-53 -1.9465e-59 -5.2619e-67 -1.0803e-75 -1.0946e-85 -3.2720e-97 -1.5572e-110 -5.6160e-126 -6.2550e-144 -7.2278e-165 -2.2868e-189 -3.8590e-218 -4.6068e-252 -3.1613e-292 -0.0000e+00 -0.0000e+00 -0.0000e+00 -0.0000e+00 -0.0000e+00 -0.0000e+00 -0.0000e+00 -0.0000e+00 -0.0000e+00 -0.0000e+00 -0.0000e+00 -0.0000e+00 -0.0000e+00 -0.0000e+00 -0.0000e+00 -0.0000e+00 -0.0000e+00 -0.0000e+00 -0.0000e+00 -0.0000e+00 -0.0000e+00 -0.0000e+00 -0.0000e+00 -0.0000e+00 -0.0000e+00 -0.0000e+00 -0.0000e+00 -0.0000e+00 -0.0000e+00 -0.0000e+00 -4.3213e-07 -1.2231e-06 -2.2493e-06 -3.4670e-06 -4.8506e-06 0.0000e+00 -8.0395e-06 -9.8082e-06 -1.1665e-05 -1.3582e-05 -1.5527e-05 -1.7457e-05 -1.9323e-05 -2.1065e-05 -2.2618e-05 -2.3909e-05 -2.4863e-05 -2.5406e-05 -2.5477e-05 -2.5027e-05 -2.4036e-05 -2.2515e-05 -2.0515e-05 -1.8127e-05 -1.5478e-05 -1.2721e-05 -1.0018e-05 -7.5228e-06 -5.3560e-06 -3.5927e-06 -2.2546e-06 -1.3131e-06 -7.0352e-07 -3.4326e-07 -1.5082e-07 -5.8922e-08 -2.0177e-08 -5.9598e-09 -1.4911e-09 -3.0954e-10 -5.2096e-11 -6.9232e-12 -7.0502e-13 -5.3176e-14 -2.8574e-15 -1.0465e-16 -2.4834e-18 -3.6026e-20 -2.9890e-22 -1.3135e-24 -2.7983e-27 -2.6088e-30 -9.4513e-34 -1.1592e-37 -4.0976e-42 -3.4592e-47 -5.5941e-53 -1.3370e-59 -3.4769e-67 -6.8457e-76 -6.6303e-86 -1.8881e-97 -8.5320e-111 -2.9117e-126 -3.0582e-144 -3.3211e-165 -9.8420e-190 -1.5505e-218 -1.7225e-252 -1.0965e-292 -0.0000e+00 -0.0000e+00 -0.0000e+00 -0.0000e+00 -0.0000e+00 -0.0000e+00 -0.0000e+00 -0.0000e+00 -0.0000e+00 -0.0000e+00 -0.0000e+00 -0.0000e+00 -0.0000e+00 -0.0000e+00 -0.0000e+00 -0.0000e+00 -0.0000e+00 -0.0000e+00 -0.0000e+00 -0.0000e+00 -0.0000e+00 -0.0000e+00 -0.0000e+00 -0.0000e+00 -0.0000e+00 -0.0000e+00 -0.0000e+00 -0.0000e+00 -0.0000e+00 -0.0000e+00
-5.4447e-07 -1.5410e-06 -2.8340e-06 -4.3684e-06 -6.1117e-06 -8.0397e-06 7.4193e-05 -1.2359e-05 -1.4700e-05 -1.7118e-05 -1.9571e-05 -2.2007e-05 -2.4365e-05 -2.6569e-05 -2.8538e-05 -3.0180e-05 -3.1400e-05 -3.2107e-05 -3.2221e-05 -3.1681e-05 -3.0459e-05 -2.8569e-05 -2.6070e-05 -2.3076e-05 -1.9743e-05 -1.6264e-05 -1.2843e-05 -9.6737e-06 -6.9116e-06 -4.6548e-06 -2.9344e-06 -1.7179e-06 -9.2578e-07 -4.5469e-07 -2.0127e-07 -7.9287e-08 -2.7406e-08 -8.1803e-09 -2.0707e-09 -4.3553e-10 -7.4375e-11 -1.0045e-11 -1.0415e-12 -8.0140e-14 -4.4026e-15 -1.6523e-16 -4.0278e-18 -6.0189e-20 -5.1592e-22 -2.3497e-24 -5.2057e-27 -5.0651e-30 -1.9226e-33 -2.4808e-37 -9.2664e-42 -8.3043e-47 -1.4325e-52 -3.6709e-59 -1.0291e-66 -2.1964e-75 -2.3197e-85 -7.2483e-97 -3.6172e-110 -1.3727e-125 -1.6147e-143 -1.9790e-164 -6.6729e-189 -1.2066e-217 -1.5530e-251 -1.1572e-291 -0.0000e+00 -0.0000e+00 -0.0000e+00 -0.0000e+00 -0.0000e+00 -0.0000e+00 -0.0000e+00 -0.0000e+00 -0.0000e+00 -0.0000e+00 -0.0000e+00 -0.0000e+00 -0.0000e+00 -0.0000e+00 -0.0000e+00 -0.0000e+00 -0.0000e+00 -0.0000e+00 -0.0000e+00 -0.0000e+00 -0.0000e+00 -0.0000e+00 -0.0000e+00 -0.0000e+00 -0.0000e+00 -0.0000e+00 -0.0000e+00 -0.0000e+00 -0.0000e+00 -0.0000e+00 -5.4447e-07 -1.5410e-06 -2.8340e-06 -4.3684e-06 -6.1116e-06 -8.0395e-06 0.0000e+00 -1.2358e-05 -1.4698e-05 -1.7114e-05 -1.9565e-05 -2.1997e-05 -2.4349e-05 -2.6547e-05 -2.8506e-05 -3.0135e-05 -3.1340e-05 -3.2029e-05 -3.2123e-05 -3.1561e-05 -3.0317e-05 -2.8406e-05 -2.5890e-05 -2.2884e-05 -1.9547e-05 -1.6072e-05 -1.2664e-05 -9.5151e-06 -6.7789e-06 -4.5507e-06 -2.8582e-06 -1.6664e-06 -8.9379e-07 -4.3666e-07 -1.9213e-07 -7.5184e-08 -2.5794e-08 -7.6347e-09 -1.9146e-09 -3.9851e-10 -6.7269e-11 -8.9694e-12 -9.1684e-13 -6.9443e-14 -3.7493e-15 -1.3805e-16 -3.2954e-18 -4.8127e-20 -4.0230e-22 -1.7828e-24 -3.8341e-27 -3.6123e-30 -1.3243e-33 -1.6459e-37 -5.9052e-42 -5.0690e-47 -8.3516e-53 -2.0381e-59 -5.4256e-67 -1.0965e-75 -1.0935e-85 -3.2176e-97 -1.5080e-110 -5.3605e-126 -5.8923e-144 -6.7321e-165 -2.1113e-189 -3.5430e-218 -4.2232e-252 -2.9083e-292 -0.0000e+00 -0.0000e+00 -0.0000e+00 -0.0000e+00 -0.0000e+00 -0.0000e+00 -0.0000e+00 -0.0000e+00 -0.0000e+00 -0.0000e+00 -0.0000e+00 -0.0000e+00 -0.0000e+00 -0.0000e+00 -0.0000e+00 -0.0000e+00 -0.0000e+00 -0.0000e+00 -0.0000e+00 -0.0000e+00 -0.0000e+00 -0.0000e+00 -0.0000e+00 -0.0000e+00 -0.0000e+00 -0.0000e+00 -0.0000e+00 -0.0000e+00 -0.0000e+00 -0.0000e+00
-6.6425e-07 -1.8801e-06 -3.4575e-06 -5.3294e-06 -7.4564e-06 -9.8087e-06 -1.2359e-05 1.2718e-04 -1.7936e-05 -2.0888e-05 -2.3884e-05 -2.6862e-05 -2.9745e-05 -3.2444e-05 -3.4859e-05 -3.6878e-05 -3.8387e-05 -3.9273e-05 -3.9438e-05 -3.8808e-05 -3.7347e-05 -3.5067e-05 -3.2042e-05 -2.8404e-05 -2.4344e-05 -2.0094e-05 -1.5904e-05 -1.2011e-05 -8.6069e-06 -5.8162e-06 -3.6806e-06 -2.1641e-06 -1.1719e-06 -5.7870e-07 -2.5772e-07 -1.0222e-07 -3.5599e-08 -1.0715e-08 -2.7374e-09 -5.8165e-10 -1.0045e-10 -1.3734e-11 -1.4432e-12 -1.1268e-13 -6.2895e-15 -2.4015e-16 -5.9641e-18 -9.0933e-20 -7.9645e-22 -3.7124e-24 -8.4306e-27 -8.4225e-30 -3.2884e-33 -4.3720e-37 -1.6859e-41 -1.5628e-46 -2.7943e-52 -7.4386e-59 -2.1715e-66 -4.8391e-75 -5.3515e-85 -1.7565e-96 -9.2411e-110 -3.7118e-125 -4.6426e-143 -6.0813e-164 -2.2043e-188 -4.3131e-217 -6.0529e-251 -4.9604e-291 -0.0000e+00 -0.0000e+00 -0.0000e+00 -0.0000e+00 -0.0000e+00 -0.0000e+00 -0.0000e+00 -0.0000e+00 -0.0000e+00 -0.0000e+00 -0.0000e+00 -0.0000e+00 -0.0000e+00 -0.0000e+00 -0.0000e+00 -0.0000e+00 -0.0000e+00 -0.0000e+00 -0.0000e+00 -0.0000e+00 -0.0000e+00 -0.0000e+00 -0.0000e+00 -0.0000e+00 -0.0000e+00 -0.0000e+00 -0.0000e+00 -0.0000e+00 -0.0000e+00 -0.0000e+00 -6.6425e-07 -1.8801e-06 -3.4574e-06 -5.3294e-06 -7.4562e-06 -9.8082e-06 -1.2358e-05 0.0000e+00 -1.7932e-05 -2.0881e-05 -2.3871e-05 -2.6841e-05 -2.9713e-05 -3.2397e-05 -3.4791e-05 -3.6784e-05 -3.8261e-05 -3.9110e-05 -3.9232e-05 -3.8557e-05 -3.7049e-05 -3.4726e-05 -3.1664e-05 -2.8002e-05 -2.3933e-05 -1.9692e-05 -1.5528e-05 -1.1678e-05 -8.3282e-06 -5.5973e-06 -3.5203e-06 -2.0555e-06 -1.1044e-06 -5.4062e-07 -2.3840e-07 -9.3523e-08 -3.2176e-08 -9.5540e-09 -2.4044e-09 -5.0249e-10 -8.5204e-11 -1.1418e-11 -1.1738e-12 -8.9469e-14 -4.8648e-15 -1.8055e-16 -4.3482e-18 -6.4133e-20 -5.4205e-22 -2.4319e-24 -5.3020e-27 -5.0721e-30 -1.8913e-33 -2.3954e-37 -8.7765e-42 -7.7112e-47 -1.3037e-52 -3.2740e-59 -8.9962e-67 -1.8831e-75 -1.9521e-85 -5.9951e-97 -2.9458e-110 -1.1032e-125 -1.2845e-143 -1.5638e-164 -5.2599e-189 -9.5364e-218 -1.2381e-251 -9.3720e-292 -0.0000e+00 -0.0000e+00 -0.0000e+00 -0.0000e+00 -0.0000e+00 -0.0000e+00 -0.0000e+00 -0.0000e+00 -0.0000e+00 -0.0000e+00 -0.0000e+00 -0.0000e+00 -0.0000e+00 -0.0000e+00 -0.0000e+00 -0.0000e+00 -0.0000e+00 -0.0000e+00 -0.0000e+00 -0.0000e+00 -0.0000e+00 -0.0000e+00 -0.0000e+00 -0.0000e+00 -0.0000e+00 -0.0000e+00 -0.0000e+00 -0.0000e+00 -0.0000e+00 -0.0000e+00
-7.8998e-07 -2.2359e-06 -4.1119e-06 -6.3382e-06 -8.8679e-06 -1.1666e-05 -1.4700e-05 -1.7936e-05 2.0484e-04 -2.4850e-05 -2.8419e-05 -3.1969e-05 -3.5410e-05 -3.8637e-05 -4.1531e-05 -4.3960e-05 -4.5789e-05 -4.6885e-05 -4.7128e-05 -4.6428e-05 -4.4741e-05 -4.2078e-05 -3.8519e-05 -3.4220e-05 -2.9403e-05 -2.4340e-05 -1.9328e-05 -1.4651e-05 -1.0544e-05 -7.1592e-06 -4.5550e-06 -2.6944e-06 -1.4690e-06 -7.3089e-07 -3.2822e-07 -1.3138e-07 -4.6225e-08 -1.4069e-08 -3.6384e-09 -7.8343e-10 -1.3726e-10 -1.9063e-11 -2.0373e-12 -1.6198e-13 -9.2186e-15 -3.5938e-16 -9.1253e-18 -1.4245e-19 -1.2793e-21 -6.1229e-24 -1.4300e-26 -1.4716e-29 -5.9283e-33 -8.1471e-37 -3.2534e-41 -3.1297e-46 -5.8205e-52 -1.6155e-58 -4.9308e-66 -1.1523e-74 -1.3410e-84 -4.6496e-96 -2.5950e-109 -1.1111e-124 -1.4896e-142 -2.1041e-163 -8.2812e-188 -1.7732e-216 -2.7474e-250 -2.5107e-290 -0.0000e+00 -0.0000e+00 -0.0000e+00 -0.0000e+00 -0.0000e+00 -0.0000e+00 -0.0000e+00 -0.0000e+00 -0.0000e+00 -0.0000e+00 -0.0000e+00 -0.0000e+00 -0.0000e+00 -0.0000e+00 -0.0000e+00 -0.0000e+00 -0.0000e+00 -0.0000e+00 -0.0000e+00 -0.0000e+00 -0.0000e+00 -0.0000e+00 -0.0000e+00 -0.0000e+00 -0.0000e+00 -0.0000e+00 -0.0000e+00 -0.0000e+00 -0.0000e+00 -0.0000e+00 -7.8998e-07 -2.2359e-06 -4.1119e-06 -6.3381e-06 -8.8676e-06 -1.1665e-05 -1.4698e-05 -1.7932e-05 0.0000e+00 -2.4836e-05 -2.8394e-05 -3.1929e-05 -3.5348e-05 -3.8546e-05 -4.1401e-05 -4.3781e-05 -4.5548e-05 -4.6571e-05 -4.6733e-05 -4.5946e-05 -4.4170e-05 -4.1423e-05 -3.7795e-05 -3.3448e-05 -2.8612e-05 -2.3565e-05 -1.8604e-05 -1.4009e-05 -1.0006e-05 -6.7366e-06 -4.2451e-06 -2.4842e-06 -1.3381e-06 -6.5687e-07 -2.9060e-07 -1.1441e-07 -3.9523e-08 -1.1789e-08 -2.9822e-09 -6.2682e-10 -1.0697e-10 -1.4438e-11 -1.4961e-12 -1.1506e-13 -6.3190e-15 -2.3712e-16 -5.7813e-18 -8.6442e-20 -7.4173e-22 -3.3839e-24 -7.5155e-27 -7.3382e-30 -2.7987e-33 -3.6339e-37 -1.3684e-41 -1.2390e-46 -2.1652e-52 -5.6380e-59 -1.6120e-66 -3.5242e-75 -3.8318e-85 -1.2397e-96 -6.4489e-110 -2.5707e-125 -3.2046e-143 -4.2045e-164 -1.5352e-188 -3.0459e-217 -4.3668e-251 -3.6872e-291 -0.0000e+00 -0.0000e+00 -0.0000e+00 -0.0000e+00 -0.0000e+00 -0.0000e+00 -0.0000e+00 -0.0000e+00 -0.0000e+00 -0.0000e+00 -0.0000e+00 -0.0000e+00 -0.0000e+00 -0.0000e+00 -0.0000e+00 -0.0000e+00 -0.0000e+00 -0.0000e+00 -0.0000e+00 -0.0000e+00 -0.0000e+00 -0.0000e+00 -0.0000e+00 -0.0000e+00 -0.0000e+00 -0.0000e+00 -0.0000e+00 -0.0000e+00 -0.0000e+00 -0.0000e+00
-9.1982e-07 -2.6034e-06 -4.7877e-06 -7.3800e-06 -1.0326e-05 -1.3584e-05 -1.7118e-05 -2.0888e-05 -2.4850e-05 3.1413e-04 -3.3113e-05 -3.7260e-05 -4.1287e-05 -4.5072e-05 -4.8478e-05 -5.1353e-05 -5.3540e-05 -5.4883e-05 -5.5242e-05 -5.4511e-05 -5.2630e-05 -4.9607e-05 -4.5530e-05 -4.0570e-05 -3.4979e-05 -2.9070e-05 -2.3188e-05 -1.7667e-05 -1.2787e-05 -8.7389e-06 -5.6002e-06 -3.3394e-06 -1.8369e-06 -9.2292e-07 -4.1894e-07 -1.6968e-07 -6.0470e-08 -1.8662e-08 -4.8994e-09 -1.0722e-09 -1.9114e-10 -2.7043e-11 -2.9478e-12 -2.3934e-13 -1.3928e-14 -5.5588e-16 -1.4470e-17 -2.3186e-19 -2.1403e-21 -1.0546e-23 -2.5393e-26 -2.6987e-29 -1.1247e-32 -1.6022e-36 -6.6463e-41 -6.6573e-46 -1.2925e-51 -3.7563e-58 -1.2043e-65 -2.9670e-74 -3.6546e-84 -1.3473e-95 -8.0349e-109 -3.6969e-124 -5.3591e-142 -8.2432e-163 -3.5608e-187 -8.4427e-216 -1.4630e-249 -1.5121e-289 -0.0000e+00 -0.0000e+00 -0.0000e+00 -0.0000e+00 -0.0000e+00 -0.0000e+00 -0.0000e+00 -0.0000e+00 -0.0000e+00 -0.0000e+00 -0.0000e+00 -0.0000e+00 -0.0000e+00 -0.0000e+00 -0.0000e+00 -0.0000e+00 -0.0000e+00 -0.0000e+00 -0.0000e+00 -0.0000e+00 -0.0000e+00 -0.0000e+00 -0.0000e+00 -0.0000e+00 -0.0000e+00 -0.0000e+00 -0.0000e+00 -0.0000e+00 -0.0000e+00 -0.0000e+00 -9.1982e-07 -2.6034e-06 -4.7877e-06 -7.3798e-06 -1.0325e-05 -1.3582e-05 -1.7114e-05 -2.0881e-05 -2.4836e-05 0.0000e+00 -3.3069e-05 -3.7189e-05 -4.1177e-05 -4.4909e-05 -4.8245e-05 -5.1032e-05 -5.3109e-05 -5.4323e-05 -5.4536e-05 -5.3647e-05 -5.1607e-05 -4.8435e-05 -4.4232e-05 -3.9186e-05 -3.3561e-05 -2.7679e-05 -2.1887e-05 -1.6512e-05 -1.1818e-05 -7.9758e-06 -5.0397e-06 -2.9583e-06 -1.5990e-06 -7.8806e-07 -3.5019e-07 -1.3856e-07 -4.8133e-08 -1.4447e-08 -3.6803e-09 -7.7961e-10 -1.3421e-10 -1.8290e-11 -1.9158e-12 -1.4911e-13 -8.2973e-15 -3.1593e-16 -7.8279e-18 -1.1914e-19 -1.0424e-21 -4.8588e-24 -1.1048e-26 -1.1069e-29 -4.3423e-33 -5.8143e-37 -2.2642e-41 -2.1265e-46 -3.8671e-52 -1.0516e-58 -3.1517e-66 -7.2526e-75 -8.3371e-85 -2.8657e-96 -1.5923e-109 -6.8192e-125 -9.1926e-143 -1.3136e-163 -5.2658e-188 -1.1573e-216 -1.8565e-250 -1.7740e-290 -0.0000e+00 -0.0000e+00 -0.0000e+00 -0.0000e+00 -0.0000e+00 -0.0000e+00 -0.0000e+00 -0.0000e+00 -0.0000e+00 -0.0000e+00 -0.0000e+00 -0.0000e+00 -0.0000e+00 -0.0000e+00 -0.0000e+00 -0.0000e+00 -0.0000e+00 -0.0000e+00 -0.0000e+00 -0.0000e+00 -0.0000e+00 -0.0000e+00 -0.0000e+00 -0.0000e+00 -0.0000e+00 -0.0000e+00 -0.0000e+00 -0.0000e+00 -0.0000e+00 -0.0000e+00
-1.0515e-06 -2.9760e-06 -5.4730e-06 -8.4365e-06 -1.1804e-05 -1.5529e-05 -1.9571e-05 -2.3884e-05 -2.8419e-05 -3.3113e-05 4.6304e-04 -4.2651e-05 -4.7285e-05 -5.1655e-05 -5.5605e-05 -5.8965e-05 -6.1554e-05 -6.3195e-05 -6.3726e-05 -6.3019e-05 -6.1000e-05 -5.7669e-05 -5.3113e-05 -4.7517e-05 -4.1156e-05 -3.4382e-05 -2.7588e-05 -2.1159e-05 -1.5429e-05 -1.0632e-05 -6.8758e-06 -4.1417e-06 -2.3035e-06 -1.1715e-06 -5.3880e-07 -2.2135e-07 -8.0099e-08 -2.5129e-08 -6.7137e-09 -1.4968e-09 -2.7217e-10 -3.9319e-11 -4.3815e-12 -3.6409e-13 -2.1710e-14 -8.8893e-16 -2.3769e-17 -3.9178e-19 -3.7255e-21 -1.8938e-23 -4.7128e-26 -5.1859e-29 -2.2424e-32 -3.3216e-36 -1.4364e-40 -1.5040e-45 -3.0618e-51 -9.3617e-58 -3.1695e-65 -8.2810e-74 -1.0867e-83 -4.2897e-95 -2.7551e-108 -1.3738e-123 -2.1734e-141 -3.6771e-162 -1.7626e-186 -4.6833e-215 -9.1957e-249 -1.0906e-288 -0.0000e+00 -0.0000e+00 -0.0000e+00 -0.0000e+00 -0.0000e+00 -0.0000e+00 -0.0000e+00 -0.0000e+00 -0.0000e+00 -0.0000e+00 -0.0000e+00 -0.0000e+00 -0.0000e+00 -0.0000e+00 -0.0000e+00 -0.0000e+00 -0.0000e+00 -0.0000e+00 -0.0000e+00 -0.0000e+00 -0.0000e+00 -0.0000e+00 -0.0000e+00 -0.0000e+00 -0.0000e+00 -0.0000e+00 -0.0000e+00 -0.0000e+00 -0.0000e+00 -0.0000e+00 -1.0515e-06 -2.9760e-06 -5.4729e-06 -8.4362e-06 -1.1803e-05 -1.5527e-05 -1.9565e-05 -2.3871e-05 -2.8394e-05 -3.3069e-05 0.0000e+00 -4.2531e-05 -4.7100e-05 -5.1381e-05 -5.5214e-05 -5.8423e-05 -6.0828e-05 -6.2250e-05 -6.2533e-05 -6.1560e-05 -5.9271e-05 -5.5685e-05 -5.0916e-05 -4.5171e-05 -3.8750e-05 -3.2020e-05 -2.5374e-05 -1.9190e-05 -1.3774e-05 -9.3258e-06 -5.9143e-06 -3.4861e-06 -1.8931e-06 -9.3791e-07 -4.1924e-07 -1.6698e-07 -5.8435e-08 -1.7685e-08 -4.5465e-09 -9.7295e-10 -1.6939e-10 -2.3376e-11 -2.4824e-12 -1.9616e-13 -1.1100e-14 -4.3047e-16 -1.0882e-17 -1.6930e-19 -1.5173e-21 -7.2596e-24 -1.6983e-26 -1.7550e-29 -7.1194e-33 -9.8857e-37 -4.0043e-41 -3.9245e-46 -7.4734e-52 -2.1361e-58 -6.7568e-66 -1.6483e-74 -2.0183e-84 -7.4290e-96 -4.4459e-109 -2.0640e-124 -3.0377e-142 -4.7765e-163 -2.1257e-187 -5.2378e-216 -9.5257e-250 -1.0450e-289 -0.0000e+00 -0.0000e+00 -0.0000e+00 -0.0000e+00 -0.0000e+00 -0.0000e+00 -0.0000e+00 -0.0000e+00 -0.0000e+00 -0.0000e+00 -0.0000e+00 -0.0000e+00 -0.0000e+00 -0.0000e+00 -0.0000e+00 -0.0000e+00 -0.0000e+00 -0.0000e+00 -0.0000e+00 -0.0000e+00 -0.0000e+00 -0.0000e+00 -0.0000e+00 -0.0000e+00 -0.0000e+00 -0.0000e+00 -0.0000e+00 -0.0000e+00 -0.0000e+00 -0.0000e+00
-1.1821e-06 -3.3459e-06 -6.1531e-06 -9.4850e-06 -1.3272e-05 -1.7461e-05 -2.2007e-05 -2.6862e-05 -3.1969e-05 -3.7260e-05 -4.2651e-05 6.6068e-04 -5.3295e-05 -5.8272e-05 -6.2798e-05 -6.6683e-05 -6.9728e-05 -7.1732e-05 -7.2509e-05 -7.1909e-05 -6.9839e-05 -6.6282e-05 -6.1320e-05 -5.5141e-05 -4.8040e-05 -4.0400e-05 -3.2658e-05 -2.5256e-05 -1.8587e-05 -1.2939e-05 -8.4619e-06 -5.1595e-06 -2.9078e-06 -1.5000e-06 -7.0055e-07 -2.9256e-07 -1.0773e-07 -3.4427e-08 -9.3791e-09 -2.1346e-09 -3.9661e-10 -5.8613e-11 -6.6888e-12 -5.6986e-13 -3.4879e-14 -1.4679e-15 -4.0395e-17 -6.8628e-19 -6.7375e-21 -3.5421e-23 -9.1343e-26 -1.0438e-28 -4.6981e-32 -7.2632e-36 -3.2875e-40 -3.6142e-45 -7.7526e-51 -2.5072e-57 -9.0164e-65 -2.5139e-73 -3.5386e-83 -1.5069e-94 -1.0506e-107 -5.7270e-123 -9.9818e-141 -1.8768e-161 -1.0094e-185 -3.0425e-214 -6.8599e-248 -9.4727e-288 -0.0000e+00 -0.0000e+00 -0.0000e+00 -0.0000e+00 -0.0000e+00 -0.0000e+00 -0.0000e+00 -0.0000e+00 -0.0000e+00 -0.0000e+00 -0.0000e+00 -0.0000e+00 -0.0000e+00 -0.0000e+00 -0.0000e+00 -0.0000e+00 -0.0000e+00 -0.0000e+00 -0.0000e+00 -0.0000e+00 -0.0000e+00 -0.0000e+00 -0.0000e+00 -0.0000e+00 -0.0000e+00 -0.0000e+00 -0.0000e+00 -0.0000e+00 -0.0000e+00 -0.0000e+00 -1.1821e-06 -3.3459e-06 -6.1531e-06 -9.4846e-06 -1.3270e-05 -1.7457e-05 -2.1997e-05 -2.6841e-05 -3.1929e-05 -3.7189e-05 -4.2531e-05 0.0000e+00 -5.2998e-05 -5.7832e-05 -6.2169e-05 -6.5813e-05 -6.8561e-05 -7.0213e-05 -7.0591e-05 -6.9561e-05 -6.7052e-05 -6.3083e-05 -5.7772e-05 -5.1349e-05 -4.4146e-05 -3.6569e-05 -2.9062e-05 -2.2051e-05 -1.5887e-05 -1.0801e-05 -6.8828e-06 -4.0788e-06 -2.2285e-06 -1.1115e-06 -5.0064e-07 -2.0110e-07 -7.1040e-08 -2.1726e-08 -5.6503e-09 -1.2247e-09 -2.1625e-10 -3.0309e-11 -3.2739e-12 -2.6356e-13 -1.5219e-14 -6.0345e-16 -1.5627e-17 -2.4955e-19 -2.3008e-21 -1.1351e-23 -2.7448e-26 -2.9395e-29 -1.2394e-32 -1.7939e-36 -7.5989e-41 -7.8152e-46 -1.5676e-51 -4.7385e-58 -1.5921e-65 -4.1451e-74 -5.4457e-84 -2.1630e-95 -1.4057e-108 -7.1370e-124 -1.1577e-141 -2.0238e-162 -1.0110e-186 -2.8272e-215 -5.9067e-249 -7.5474e-289 -0.0000e+00 -0.0000e+00 -0.0000e+00 -0.0000e+00 -0.0000e+00 -0.0000e+00 -0.0000e+00 -0.0000e+00 -0.0000e+00 -0.0000e+00 -0.0000e+00 -0.0000e+00 -0.0000e+00 -0.0000e+00 -0.0000e+00 -0.0000e+00 -0.0000e+00 -0.0000e+00 -0.0000e+00 -0.0000e+00 -0.0000e+00 -0.0000e+00 -0.0000e+00 -0.0000e+00 -0.0000e+00 -0.0000e+00 -0.0000e+00 -0.0000e+00 -0.0000e+00 -0.0000e+00
-1.3084e-06 -3.7033e-06 -6.8105e-06 -1.0499e-05 -1.4690e-05 -1.9329e-05 -2.4365e-05 -2.9745e-05 -3.5410e-05 -4.1287e-05 -4.7285e-05 -5.3295e-05 9.1736e-04 -6.4781e-05 -6.9913e-05 -7.4371e-05 -7.7934e-05 -8.0382e-05 -8.1503e-05 -8.1123e-05 -7.9122e-05 -7.5462e-05 -7.0207e-05 -6.3538e-05 -5.5759e-05 -4.7274e-05 -3.8563e-05 -3.0124e-05 -2.2415e-05 -1.5793e-05 -1.0464e-05 -6.4712e-06 -3.7027e-06 -1.9412e-06 -9.2232e-07 -3.9224e-07 -1.4723e-07 -4.8008e-08 -1.3359e-08 -3.1084e-09 -5.9109e-10 -8.9500e-11 -1.0476e-11 -9.1657e-13 -5.7687e-14 -2.4999e-15 -7.0952e-17 -1.2453e-18 -1.2653e-20 -6.8992e-23 -1.8493e-25 -2.2019e-28 -1.0355e-31 -1.6775e-35 -7.9824e-40 -9.2587e-45 -2.1034e-50 -7.2354e-57 -2.7806e-64 -8.3275e-73 -1.2662e-82 -5.8612e-94 -4.4728e-107 -2.6890e-122 -5.2131e-140 -1.1006e-160 -6.7182e-185 -2.3255e-213 -6.1029e-247 -9.9584e-287 -0.0000e+00 -0.0000e+00 -0.0000e+00 -0.0000e+00 -0.0000e+00 -0.0000e+00 -0.0000e+00 -0.0000e+00 -0.0000e+00 -0.0000e+00 -0.0000e+00 -0.0000e+00 -0.0000e+00 -0.0000e+00 -0.0000e+00 -0.0000e+00 -0.0000e+00 -0.0000e+00 -0.0000e+00 -0.0000e+00 -0.0000e+00 -0.0000e+00 -0.0000e+00 -0.0000e+00 -0.0000e+00 -0.0000e+00 -0.0000e+00 -0.0000e+00 -0.0000e+00 -0.0000e+00 -1.3084e-06 -3.7033e-06 -6.8104e-06 -1.0498e-05 -1.4688e-05 -1.9323e-05 -2.4349e-05 -2.9713e-05 -3.5348e-05 -4.1177e-05 -4.7100e-05 -5.2998e-05 0.0000e+00 -6.4105e-05 -6.8946e-05 -7.3031e-05 -7.6136e-05 -7.8040e-05 -7.8545e-05 -7.7498e-05 -7.4816e-05 -7.0512e-05 -6.4710e-05 -5.7654e-05 -4.9704e-05 -4.1305e-05 -3.2946e-05 -2.5103e-05 -1.8171e-05 -1.2421e-05 -7.9629e-06 -4.7511e-06 -2.6156e-06 -1.3158e-06 -5.9829e-07 -2.4286e-07 -8.6801e-08 -2.6889e-08 -7.0930e-09 -1.5615e-09 -2.8046e-10 -4.0045e-11 -4.4141e-12 -3.6326e-13 -2.1483e-14 -8.7410e-16 -2.3276e-17 -3.8307e-19 -3.6482e-21 -1.8637e-23 -4.6790e-26 -5.2168e-29 -2.2967e-32 -3.4823e-36 -1.5505e-40 -1.6823e-45 -3.5743e-51 -1.1494e-57 -4.1279e-65 -1.1548e-73 -1.6393e-83 -7.0803e-95 -5.0382e-108 -2.8222e-123 -5.0939e-141 -1.0003e-161 -5.6736e-186 -1.8227e-214 -4.4340e-248 -6.6974e-288 -0.0000e+00 -0.0000e+00 -0.0000e+00 -0.0000e+00 -0.0000e+00 -0.0000e+00 -0.0000e+00 -0.0000e+00 -0.0000e+00 -0.0000e+00 -0.0000e+00 -0.0000e+00 -0.0000e+00 -0.0000e+00 -0.0000e+00 -0.0000e+00 -0.0000e+00 -0.0000e+00 -0.0000e+00 -0.0000e+00 -0.0000e+00 -0.0000e+00 -0.0000e+00 -0.0000e+00 -0.0000e+00 -0.0000e+00 -0.0000e+00 -0.0000e+00 -0.0000e+00 -0.0000e+00
-1.4263e-06 -4.0371e-06 -7.4244e-06 -1.1445e-05 -1.6016e-05 -2.1075e-05 -2.6569e-05 -3.2444e-05 -3.8637e-05 -4.5072e-05 -5.1655e-05 -5.8272e-05 -6.4781e-05 1.2447e-03 -7.6782e-05 -8.1860e-05 -8.6016e-05 -8.9006e-05 -9.0597e-05 -9.0583e-05 -8.8814e-05 -8.5218e-05 -7.9832e-05 -7.2815e-05 -6.4460e-05 -5.5185e-05 -4.5501e-05 -3.5964e-05 -2.7105e-05 -1.9363e-05 -1.3022e-05 -8.1811e-06 -4.7604e-06 -2.5405e-06 -1.2299e-06 -5.3343e-07 -2.0439e-07 -6.8102e-08 -1.9382e-08 -4.6172e-09 -8.9990e-10 -1.3981e-10 -1.6813e-11 -1.5133e-12 -9.8128e-14 -4.3882e-15 -1.2875e-16 -2.3405e-18 -2.4684e-20 -1.4002e-22 -3.9144e-25 -4.8745e-28 -2.4047e-31 -4.0999e-35 -2.0605e-39 -2.5341e-44 -6.1305e-50 -2.2560e-56 -9.3226e-64 -3.0190e-72 -4.9945e-82 -2.5324e-93 -2.1329e-106 -1.4270e-121 -3.1075e-139 -7.4455e-160 -5.2175e-184 -2.1004e-212 -6.5048e-246 -1.2734e-285 -0.0000e+00 -0.0000e+00 -0.0000e+00 -0.0000e+00 -0.0000e+00 -0.0000e+00 -0.0000e+00 -0.0000e+00 -0.0000e+00 -0.0000e+00 -0.0000e+00 -0.0000e+00 -0.0000e+00 -0.0000e+00 -0.0000e+00 -0.0000e+00 -0.0000e+00 -0.0000e+00 -0.0000e+00 -0.0000e+00 -0.0000e+00 -0.0000e+00 -0.0000e+00 -0.0000e+00 -0.0000e+00 -0.0000e+00 -0.0000e+00 -0.0000e+00 -0.0000e+00 -0.0000e+00 -1.4263e-06 -4.0370e-06 -7.4242e-06 -1.1444e-05 -1.6012e-05 -2.1065e-05 -2.6547e-05 -3.2397e-05 -3.8546e-05 -4.4909e-05 -5.1381e-05 -5.7832e-05 -6.4105e-05 0.0000e+00 -7.5348e-05 -7.9874e-05 -8.3348e-05 -8.5530e-05 -8.6201e-05 -8.5190e-05 -8.2400e-05 -7.7834e-05 -7.1617e-05 -6.4002e-05 -5.5370e-05 -4.6199e-05 -3.7020e-05 -2.8354e-05 -2.0647e-05 -1.4208e-05 -9.1768e-06 -5.5216e-06 -3.0684e-06 -1.5598e-06 -7.1743e-07 -2.9496e-07 -1.0691e-07 -3.3633e-08 -9.0224e-09 -2.0231e-09 -3.7069e-10 -5.4088e-11 -6.1035e-12 -5.1518e-13 -3.1312e-14 -1.3120e-15 -3.6057e-17 -6.1386e-19 -6.0623e-21 -3.2198e-23 -8.4273e-26 -9.8245e-29 -4.5367e-32 -7.2397e-36 -3.4050e-40 -3.9182e-45 -8.8666e-51 -3.0512e-57 -1.1787e-64 -3.5666e-73 -5.5106e-83 -2.6080e-94 -2.0489e-107 -1.2777e-122 -2.5913e-140 -5.7770e-161 -3.7628e-185 -1.4063e-213 -4.0384e-247 -7.3201e-287 -0.0000e+00 -0.0000e+00 -0.0000e+00 -0.0000e+00 -0.0000e+00 -0.0000e+00 -0.0000e+00 -0.0000e+00 -0.0000e+00 -0.0000e+00 -0.0000e+00 -0.0000e+00 -0.0000e+00 -0.0000e+00 -0.0000e+00 -0.0000e+00 -0.0000e+00 -0.0000e+00 -0.0000e+00 -0.0000e+00 -0.0000e+00 -0.0000e+00 -0.0000e+00 -0.0000e+00 -0.0000e+00 -0.0000e+00 -0.0000e+00 -0.0000e+00 -0.0000e+00 -0.0000e+00
-1.5314e-06 -4.3344e-06 -7.9712e-06 -1.2289e-05 -1.7197e-05 -2.2632e-05 -2.8538e-05 -3.4859e-05 -4.1531e-05 -4.8478e-05 -5.5605e-05 -6.2798e-05 -6.9913e-05 -7.6782e-05 1.6556e-03 -8.8954e-05 -9.3785e-05 -9.7435e-05 -9.9646e-05 -1.0018e-04 -9.8852e-05 -9.5543e-05 -9.0243e-05 -8.3073e-05 -7.4299e-05 -6.4330e-05 -5.3700e-05 -4.3016e-05 -3.2890e-05 -2.3859e-05 -1.6310e-05 -1.0426e-05 -6.1784e-06 -3.3610e-06 -1.6600e-06 -7.3521e-07 -2.8794e-07 -9.8152e-08 -2.8608e-08 -6.9873e-09 -1.3979e-09 -2.2321e-10 -2.7626e-11 -2.5632e-12 -1.7161e-13 -7.9383e-15 -2.4140e-16 -4.5582e-18 -5.0053e-20 -2.9637e-22 -8.6731e-25 -1.1340e-27 -5.8929e-31 -1.0622e-34 -5.6655e-39 -7.4262e-44 -1.9236e-49 -7.6179e-56 -3.4065e-63 -1.2010e-71 -2.1776e-81 -1.2190e-92 -1.1428e-105 -8.5878e-121 -2.1216e-138 -5.8317e-159 -4.7472e-183 -2.2513e-211 -8.3444e-245 -1.9902e-284 -0.0000e+00 -0.0000e+00 -0.0000e+00 -0.0000e+00 -0.0000e+00 -0.0000e+00 -0.0000e+00 -0.0000e+00 -0.0000e+00 -0.0000e+00 -0.0000e+00 -0.0000e+00 -0.0000e+00 -0.0000e+00 -0.0000e+00 -0.0000e+00 -0.0000e+00 -0.0000e+00 -0.0000e+00 -0.0000e+00 -0.0000e+00 -0.0000e+00 -0.0000e+00 -0.0000e+00 -0.0000e+00 -0.0000e+00 -0.0000e+00 -0.0000e+00 -0.0000e+00 -0.0000e+00 -1.5314e-06 -4.3343e-06 -7.9709e-06 -1.2287e-05 -1.7192e-05 -2.2618e-05 -2.8506e-05 -3.4791e-05 -4.1401e-05 -4.8245e-05 -5.5214e-05 -6.2169e-05 -6.8946e-05 -7.5348e-05 0.0000e+00 -8.6109e-05 -8.9961e-05 -9.2447e-05 -9.3331e-05 -9.2423e-05 -8.9611e-05 -8.4883e-05 -7.8358e-05 -7.0291e-05 -6.1076e-05 -5.1213e-05 -4.1270e-05 -3.1813e-05 -2.3333e-05 -1.6187e-05 -1.0551e-05 -6.4132e-06 -3.6042e-06 -1.8551e-06 -8.6505e-07 -3.6105e-07 -1.3304e-07 -4.2610e-08 -1.1656e-08 -2.6696e-09 -5.0046e-10 -7.4848e-11 -8.6736e-12 -7.5330e-13 -4.7206e-14 -2.0438e-15 -5.8173e-17 -1.0282e-18 -1.0569e-20 -5.8585e-23 -1.6050e-25 -1.9648e-28 -9.5587e-32 -1.6129e-35 -8.0530e-40 -9.8792e-45 -2.3944e-50 -8.8701e-57 -3.7090e-64 -1.2223e-72 -2.0704e-82 -1.0822e-93 -9.4662e-107 -6.6324e-122 -1.5264e-139 -3.9050e-160 -2.9555e-184 -1.3016e-212 -4.4745e-246 -9.8840e-286 -0.0000e+00 -0.0000e+00 -0.0000e+00 -0.0000e+00 -0.0000e+00 -0.0000e+00 -0.0000e+00 -0.0000e+00 -0.0000e+00 -0.0000e+00 -0.0000e+00 -0.0000e+00 -0.0000e+00 -0.0000e+00 -0.0000e+00 -0.0000e+00 -0.0000e+00 -0.0000e+00 -0.0000e+00 -0.0000e+00 -0.0000e+00 -0.0000e+00 -0.0000e+00 -0.0000e+00 -0.0000e+00 -0.0000e+00 -0.0000e+00 -0.0000e+00 -0.0000e+00 -0.0000e+00
-1.6186e-06 -4.5813e-06 -8.4255e-06 -1.2989e-05 -1.8179e-05 -2.3928e-05 -3.0180e-05 -3.6878e-05 -4.3960e-05 -5.1353e-05 -5.8965e-05 -6.6683e-05 -7.4371e-05 -8.1860e-05 -8.8954e-05 2.1648e-03 -1.0102e-04 -1.0546e-04 -1.0847e-04 -1.0978e-04 -1.0914e-04 -1.0639e-04 -1.0146e-04 -9.4403e-05 -8.5429e-05 -7.4919e-05 -6.3410e-05 -5.1554e-05 -4.0047e-05 -2.9542e-05 -2.0555e-05 -1.3386e-05 -8.0879e-06 -4.4900e-06 -2.2651e-06 -1.0256e-06 -4.1105e-07 -1.4354e-07 -4.2907e-08 -1.0761e-08 -2.2134e-09 -3.6392e-10 -4.6452e-11 -4.4523e-12 -3.0853e-13 -1.4802e-14 -4.6788e-16 -9.2051e-18 -1.0559e-19 -6.5497e-22 -2.0140e-24 -2.7761e-27 -1.5263e-30 -2.9218e-34 -1.6622e-38 -2.3344e-43 -6.5112e-49 -2.7918e-55 -1.3597e-62 -5.2554e-71 -1.0522e-80 -6.5560e-92 -6.9009e-105 -5.8795e-120 -1.6647e-137 -5.3081e-158 -5.0804e-182 -2.8760e-210 -1.2943e-243 -3.8211e-283 -0.0000e+00 -0.0000e+00 -0.0000e+00 -0.0000e+00 -0.0000e+00 -0.0000e+00 -0.0000e+00 -0.0000e+00 -0.0000e+00 -0.0000e+00 -0.0000e+00 -0.0000e+00 -0.0000e+00 -0.0000e+00 -0.0000e+00 -0.0000e+00 -0.0000e+00 -0.0000e+00 -0.0000e+00 -0.0000e+00 -0.0000e+00 -0.0000e+00 -0.0000e+00 -0.0000e+00 -0.0000e+00 -0.0000e+00 -0.0000e+00 -0.0000e+00 -0.0000e+00 -0.0000e+00 -1.6186e-06 -4.5813e-06 -8.4251e-06 -1.2987e-05 -1.8172e-05 -2.3909e-05 -3.0135e-05 -3.6784e-05 -4.3781e-05 -5.1032e-05 -5.8423e-05 -6.5813e-05 -7.3031e-05 -7.9874e-05 -8.6109e-05 0.0000e+00 -9.5710e-05 -9.8528e-05 -9.9679e-05 -9.8957e-05 -9.6228e-05 -9.1465e-05 -8.4771e-05 -7.6396e-05 -6.6731e-05 -5.6294e-05 -4.5677e-05 -3.5482e-05 -2.6252e-05 -1.8390e-05 -1.2117e-05 -7.4540e-06 -4.2450e-06 -2.2169e-06 -1.0504e-06 -4.4612e-07 -1.6752e-07 -5.4768e-08 -1.5318e-08 -3.5931e-09 -6.9113e-10 -1.0625e-10 -1.2682e-11 -1.1368e-12 -7.3681e-14 -3.3071e-15 -9.7814e-17 -1.8011e-18 -1.9340e-20 -1.1231e-22 -3.2337e-25 -4.1739e-28 -2.1489e-31 -3.8522e-35 -2.0519e-39 -2.6978e-44 -7.0429e-50 -2.8256e-56 -1.2872e-63 -4.6517e-72 -8.7031e-82 -5.0646e-93 -4.9756e-106 -3.9535e-121 -1.0431e-138 -3.0962e-159 -2.7559e-183 -1.4491e-211 -6.0498e-245 -1.6546e-284 -0.0000e+00 -0.0000e+00 -0.0000e+00 -0.0000e+00 -0.0000e+00 -0.0000e+00 -0.0000e+00 -0.0000e+00 -0.0000e+00 -0.0000e+00 -0.0000e+00 -0.0000e+00 -0.0000e+00 -0.0000e+00 -0.0000e+00 -0.0000e+00 -0.0000e+00 -0.0000e+00 -0.0000e+00 -0.0000e+00 -0.0000e+00 -0.0000e+00 -0.0000e+00 -0.0000e+00 -0.0000e+00 -0.0000e+00 -0.0000e+00 -0.0000e+00 -0.0000e+00 -0.0000e+00
