1.1989e-04 -3.5338e-04 -4.3258e-04 -4.9915e-04 -5.5757e-04 -6.1011e-04 -6.5814e-04 -7.0253e-04 -7.4388e-04 -7.8263e-04 -8.1910e-04 -8.5356e-04 -8.8620e-04 -9.1717e-04 -9.4661e-04 -9.7463e-04 -1.0013e-03 -1.0267e-03 -1.0510e-03 -1.0741e-03 -1.0961e-03 -1.1171e-03 -1.1371e-03 -1.1561e-03 -1.1742e-03 -1.1913e-03 -1.2076e-03 -1.2230e-03 -1.2376e-03 -1.2513e-03 -1.2643e-03 -1.2765e-03 -1.2879e-03 -1.2985e-03 -1.3084e-03 -1.3176e-03 -1.3260e-03 -1.3338e-03 -1.3409e-03 -1.3473e-03 -1.3530e-03 -1.3581e-03 -1.3625e-03 -1.3663e-03 -1.3695e-03 -1.3721e-03 -1.3741e-03 -1.3755e-03 -1.3764e-03 -1.3767e-03 -1.3764e-03 -1.3756e-03 -1.3742e-03 -1.3724e-03 -1.3700e-03 -1.3672e-03 -1.3638e-03 -1.3600e-03 -1.3557e-03 -1.3510e-03 -1.3458e-03 -1.3402e-03 -1.3342e-03 -1.3278e-03 -1.3210e-03 -1.3138e-03 -1.3062e-03 -1.2983e-03 -1.2900e-03 -1.2814e-03 -1.2724e-03 -1.2632e-03 -1.2536e-03 -1.2437e-03 -1.2336e-03 -1.2232e-03 -1.2125e-03 -1.2016e-03 -1.1904e-03 -1.1791e-03 -1.1675e-03 -1.1557e-03 -1.1437e-03 -1.1315e-03 -1.1191e-03 -1.1066e-03 -1.0939e-03 -1.0811e-03 -1.0682e-03 -1.0551e-03 -1.0419e-03 -1.0286e-03 -1.0153e-03 -1.0018e-03 -9.8825e-04 -9.7464e-04 -9.6098e-04 -9.4727e-04 -9.3353e-04 -9.1974e-04 0.0000e+00 -3.5338e-04 -4.3258e-04 -4.9915e-04 -5.5757e-04 -6.1011e-04 -6.5814e-04 -7.0253e-04 -7.4388e-04 -7.8263e-04 -8.1910e-04 -8.5356e-04 -8.8619e-04 -9.1717e-04 -9.4661e-04 -9.7463e-04 -1.0013e-03 -1.0267e-03 -1.0510e-03 -1.0741e-03 -1.0961e-03 -1.1171e-03 -1.1371e-03 -1.1561e-03 -1.1742e-03 -1.1913e-03 -1.2076e-03 -1.2230e-03 -1.2376e-03 -1.2513e-03 -1.2643e-03 -1.2764e-03 -1.2878e-03 -1.2985e-03 -1.3084e-03 -1.3175e-03 -1.3260e-03 -1.3338e-03 -1.3408e-03 -1.3472e-03 -1.3530e-03 -1.3580e-03 -1.3625e-03 -1.3663e-03 -1.3695e-03 -1.3721e-03 -1.3741e-03 -1.3755e-03 -1.3763e-03 -1.3766e-03 -1.3763e-03 -1.3755e-03 -1.3742e-03 -1.3723e-03 -1.3700e-03 -1.3671e-03 -1.3638e-03 -1.3599e-03 -1.3557e-03 -1.3509e-03 -1.3458e-03 -1.3402e-03 -1.3341e-03 -1.3277e-03 -1.3209e-03 -1.3137e-03 -1.3061e-03 -1.2982e-03 -1.2899e-03 -1.2813e-03 -1.2724e-03 -1.2631e-03 -1.2535e-03 -1.2437e-03 -1.2335e-03 -1.2231e-03 -1.2124e-03 -1.2015e-03 -1.1904e-03 -1.1790e-03 -1.1674e-03 -1.1556e-03 -1.1436e-03 -1.1314e-03 -1.1190e-03 -1.1065e-03 -1.0938e-03 -1.0810e-03 -1.0681e-03 -1.0550e-03 -1.0418e-03 -1.0285e-03 -1.0152e-03 -1.0017e-03 -9.8816e-04 -9.7456e-04 -9.6089e-04 -9.4718e-04 -9.3343e-04 -9.1965e-04
-3.5338e-04 4.7957e-04 -6.1158e-04 -7.0569e-04 -7.8828e-04 -8.6257e-04 -9.3047e-04 -9.9323e-04 -1.0517e-03 -1.1065e-03 -1.1580e-03 -1.2068e-03 -1.2529e-03 -1.2967e-03 -1.3383e-03 -1.3779e-03 -1.4157e-03 -1.4516e-03 -1.4859e-03 -1.5186e-03 -1.5497e-03 -1.5794e-03 -1.6076e-03 -1.6345e-03 -1.6601e-03 -1.6843e-03 -1.7073e-03 -1.7291e-03 -1.7498e-03 -1.7692e-03 -1.7875e-03 -1.8047e-03 -1.8208e-03 -1.8359e-03 -1.8499e-03 -1.8629e-03 -1.8748e-03 -1.8858e-03 -1.8958e-03 -1.9049e-03 -1.9130e-03 -1.9202e-03 -1.9265e-03 -1.9319e-03 -1.9364e-03 -1.9401e-03 -1.9429e-03 -1.9449e-03 -1.9461e-03 -1.9465e-03 -1.9461e-03 -1.9450e-03 -1.9431e-03 -1.9405e-03 -1.9372e-03 -1.9331e-03 -1.9284e-03 -1.9230e-03 -1.9170e-03 -1.9103e-03 -1.9030e-03 -1.8951e-03 -1.8866e-03 -1.8775e-03 -1.8679e-03 -1.8578e-03 -1.8471e-03 -1.8359e-03 -1.8242e-03 -1.8120e-03 -1.7993e-03 -1.7863e-03 -1.7727e-03 -1.7588e-03 -1.7445e-03 -1.7298e-03 -1.7147e-03 -1.6993e-03 -1.6835e-03 -1.6674e-03 -1.6510e-03 -1.6343e-03 -1.6174e-03 -1.6002e-03 -1.5827e-03 -1.5650e-03 -1.5471e-03 -1.5290e-03 -1.5107e-03 -1.4922e-03 -1.4736e-03 -1.4548e-03 -1.4359e-03 -1.4169e-03 -1.3977e-03 -1.3785e-03 -1.3592e-03 -1.3398e-03 -1.3204e-03 -1.3009e-03 -3.5338e-04 0.0000e+00 -6.1158e-04 -7.0569e-04 -7.8828e-04 -8.6257e-04 -9.3047e-04 -9.9322e-04 -1.0517e-03 -1.1065e-03 -1.1580e-03 -1.2068e-03 -1.2529e-03 -1.2967e-03 -1.3383e-03 -1.3779e-03 -1.4157e-03 -1.4516e-03 -1.4859e-03 -1.5185e-03 -1.5497e-03 -1.5793e-03 -1.6076e-03 -1.6345e-03 -1.6600e-03 -1.6843e-03 -1.7073e-03 -1.7291e-03 -1.7497e-03 -1.7691e-03 -1.7875e-03 -1.8047e-03 -1.8208e-03 -1.8358e-03 -1.8498e-03 -1.8628e-03 -1.8747e-03 -1.8857e-03 -1.8957e-03 -1.9048e-03 -1.9129e-03 -1.9200e-03 -1.9263e-03 -1.9317e-03 -1.9362e-03 -1.9399e-03 -1.9427e-03 -1.9447e-03 -1.9459e-03 -1.9463e-03 -1.9459e-03 -1.9448e-03 -1.9429e-03 -1.9403e-03 -1.9369e-03 -1.9329e-03 -1.9282e-03 -1.9228e-03 -1.9167e-03 -1.9100e-03 -1.9027e-03 -1.8948e-03 -1.8863e-03 -1.8772e-03 -1.8676e-03 -1.8574e-03 -1.8467e-03 -1.8355e-03 -1.8238e-03 -1.8116e-03 -1.7990e-03 -1.7859e-03 -1.7724e-03 -1.7584e-03 -1.7441e-03 -1.7294e-03 -1.7143e-03 -1.6989e-03 -1.6831e-03 -1.6670e-03 -1.6506e-03 -1.6339e-03 -1.6169e-03 -1.5997e-03 -1.5823e-03 -1.5646e-03 -1.5466e-03 -1.5285e-03 -1.5102e-03 -1.4917e-03 -1.4731e-03 -1.4543e-03 -1.4354e-03 -1.4164e-03 -1.3972e-03 -1.3780e-03 -1.3587e-03 -1.3393e-03 -1.3199e-03 -1.3004e-03
-4.3258e-04 -6.1158e-04 1.0790e-03 -8.6386e-04 -9.6496e-04 -1.0559e-03 -1.1390e-03 -1.2158e-03 -1.2874e-03 -1.3545e-03 -1.4176e-03 -1.4773e-03 -1.5337e-03 -1.5874e-03 -1.6383e-03 -1.6868e-03 -1.7330e-03 -1.7770e-03 -1.8190e-03 -1.8590e-03 -1.8971e-03 -1.9334e-03 -1.9680e-03 -2.0009e-03 -2.0322e-03 -2.0619e-03 -2.0901e-03 -2.1168e-03 -2.1421e-03 -2.1659e-03 -2.1883e-03 -2.2094e-03 -2.2291e-03 -2.2476e-03 -2.2647e-03 -2.2806e-03 -2.2953e-03 -2.3087e-03 -2.3210e-03 -2.3321e-03 -2.3420e-03 -2.3509e-03 -2.3586e-03 -2.3652e-03 -2.3708e-03 -2.3753e-03 -2.3788e-03 -2.3812e-03 -2.3827e-03 -2.3832e-03 -2.3828e-03 -2.3814e-03 -2.3791e-03 -2.3760e-03 -2.3719e-03 -2.3670e-03 -2.3612e-03 -2.3546e-03 -2.3473e-03 -2.3391e-03 -2.3302e-03 -2.3205e-03 -2.3102e-03 -2.2991e-03 -2.2873e-03 -2.2749e-03 -2.2618e-03 -2.2481e-03 -2.2338e-03 -2.2189e-03 -2.2035e-03 -2.1875e-03 -2.1709e-03 -2.1539e-03 -2.1364e-03 -2.1184e-03 -2.1000e-03 -2.0811e-03 -2.0618e-03 -2.0421e-03 -2.0221e-03 -2.0017e-03 -1.9809e-03 -1.9599e-03 -1.9385e-03 -1.9169e-03 -1.8949e-03 -1.8728e-03 -1.8504e-03 -1.8278e-03 -1.8050e-03 -1.7820e-03 -1.7589e-03 -1.7356e-03 -1.7122e-03 -1.6887e-03 -1.6650e-03 -1.6413e-03 -1.6175e-03 -1.5937e-03 -4.3258e-04 -6.1158e-04 0.0000e+00 -8.6386e-04 -9.6496e-04 -1.0559e-03 -1.1390e-03 -1.2158e-03 -1.2874e-03 -1.3545e-03 -1.4176e-03 -1.4772e-03 -1.5337e-03 -1.5873e-03 -1.6383e-03 -1.6868e-03 -1.7330e-03 -1.7770e-03 -1.8189e-03 -1.8589e-03 -1.8970e-03 -1.9334e-03 -1.9679e-03 -2.0008e-03 -2.0321e-03 -2.0618e-03 -2.0900e-03 -2.1167e-03 -2.1419e-03 -2.1657e-03 -2.1881e-03 -2.2092e-03 -2.2289e-03 -2.2473e-03 -2.2645e-03 -2.2804e-03 -2.2950e-03 -2.3084e-03 -2.3207e-03 -2.3318e-03 -2.3417e-03 -2.3505e-03 -2.3582e-03 -2.3648e-03 -2.3703e-03 -2.3748e-03 -2.3783e-03 -2.3808e-03 -2.3822e-03 -2.3827e-03 -2.3822e-03 -2.3808e-03 -2.3785e-03 -2.3753e-03 -2.3712e-03 -2.3663e-03 -2.3605e-03 -2.3539e-03 -2.3465e-03 -2.3384e-03 -2.3294e-03 -2.3197e-03 -2.3093e-03 -2.2982e-03 -2.2864e-03 -2.2740e-03 -2.2609e-03 -2.2472e-03 -2.2329e-03 -2.2179e-03 -2.2025e-03 -2.1864e-03 -2.1699e-03 -2.1528e-03 -2.1353e-03 -2.1173e-03 -2.0988e-03 -2.0799e-03 -2.0606e-03 -2.0409e-03 -2.0209e-03 -2.0005e-03 -1.9797e-03 -1.9586e-03 -1.9372e-03 -1.9156e-03 -1.8937e-03 -1.8715e-03 -1.8491e-03 -1.8265e-03 -1.8037e-03 -1.7807e-03 -1.7575e-03 -1.7342e-03 -1.7108e-03 -1.6873e-03 -1.6636e-03 -1.6399e-03 -1.6161e-03 -1.5922e-03
-4.9915e-04 -7.0569e-04 -8.6386e-04 1.9182e-03 -1.1135e-03 -1.2184e-03 -1.3143e-03 -1.4030e-03 -1.4855e-03 -1.5629e-03 -1.6358e-03 -1.7046e-03 -1.7698e-03 -1.8317e-03 -1.8905e-03 -1.9465e-03 -1.9998e-03 -2.0506e-03 -2.0990e-03 -2.1452e-03 -2.1892e-03 -2.2311e-03 -2.2710e-03 -2.3090e-03 -2.3451e-03 -2.3794e-03 -2.4120e-03 -2.4428e-03 -2.4719e-03 -2.4994e-03 -2.5253e-03 -2.5497e-03 -2.5725e-03 -2.5938e-03 -2.6136e-03 -2.6319e-03 -2.6489e-03 -2.6644e-03 -2.6786e-03 -2.6914e-03 -2.7029e-03 -2.7132e-03 -2.7221e-03 -2.7298e-03 -2.7362e-03 -2.7414e-03 -2.7455e-03 -2.7484e-03 -2.7501e-03 -2.7507e-03 -2.7502e-03 -2.7487e-03 -2.7461e-03 -2.7424e-03 -2.7378e-03 -2.7321e-03 -2.7255e-03 -2.7180e-03 -2.7095e-03 -2.7001e-03 -2.6898e-03 -2.6787e-03 -2.6668e-03 -2.6540e-03 -2.6405e-03 -2.6262e-03 -2.6111e-03 -2.5953e-03 -2.5789e-03 -2.5617e-03 -2.5439e-03 -2.5255e-03 -2.5064e-03 -2.4868e-03 -2.4666e-03 -2.4459e-03 -2.4246e-03 -2.4029e-03 -2.3807e-03 -2.3580e-03 -2.3349e-03 -2.3113e-03 -2.2874e-03 -2.2631e-03 -2.2385e-03 -2.2136e-03 -2.1883e-03 -2.1627e-03 -2.1369e-03 -2.1109e-03 -2.0846e-03 -2.0581e-03 -2.0314e-03 -2.0045e-03 -1.9775e-03 -1.9504e-03 -1.9232e-03 -1.8958e-03 -1.8684e-03 -1.8409e-03 -4.9915e-04 -7.0569e-04 -8.6386e-04 0.0000e+00 -1.1135e-03 -1.2184e-03 -1.3143e-03 -1.4030e-03 -1.4855e-03 -1.5629e-03 -1.6358e-03 -1.7046e-03 -1.7698e-03 -1.8316e-03 -1.8904e-03 -1.9464e-03 -1.9997e-03 -2.0505e-03 -2.0989e-03 -2.1450e-03 -2.1890e-03 -2.2309e-03 -2.2708e-03 -2.3088e-03 -2.3449e-03 -2.3792e-03 -2.4117e-03 -2.4425e-03 -2.4716e-03 -2.4991e-03 -2.5250e-03 -2.5493e-03 -2.5720e-03 -2.5933e-03 -2.6131e-03 -2.6314e-03 -2.6483e-03 -2.6638e-03 -2.6780e-03 -2.6908e-03 -2.7022e-03 -2.7124e-03 -2.7213e-03 -2.7289e-03 -2.7353e-03 -2.7405e-03 -2.7445e-03 -2.7474e-03 -2.7490e-03 -2.7496e-03 -2.7491e-03 -2.7475e-03 -2.7448e-03 -2.7412e-03 -2.7364e-03 -2.7308e-03 -2.7241e-03 -2.7165e-03 -2.7080e-03 -2.6985e-03 -2.6882e-03 -2.6771e-03 -2.6651e-03 -2.6523e-03 -2.6387e-03 -2.6243e-03 -2.6092e-03 -2.5934e-03 -2.5769e-03 -2.5597e-03 -2.5419e-03 -2.5234e-03 -2.5043e-03 -2.4846e-03 -2.4644e-03 -2.4436e-03 -2.4223e-03 -2.4005e-03 -2.3783e-03 -2.3556e-03 -2.3324e-03 -2.3089e-03 -2.2849e-03 -2.2606e-03 -2.2359e-03 -2.2109e-03 -2.1856e-03 -2.1601e-03 -2.1342e-03 -2.1081e-03 -2.0818e-03 -2.0553e-03 -2.0286e-03 -2.0017e-03 -1.9747e-03 -1.9475e-03 -1.9203e-03 -1.8929e-03 -1.8654e-03 -1.8379e-03
-5.5757e-04 -7.8828e-04 -9.6496e-04 -1.1135e-03 2.9972e-03 -1.3610e-03 -1.4681e-03 -1.5672e-03 -1.6594e-03 -1.7459e-03 -1.8273e-03 -1.9041e-03 -1.9770e-03 -2.0461e-03 -2.1118e-03 -2.1743e-03 -2.2339e-03 -2.2906e-03 -2.3448e-03 -2.3963e-03 -2.4455e-03 -2.4924e-03 -2.5370e-03 -2.5794e-03 -2.6198e-03 -2.6581e-03 -2.6945e-03 -2.7290e-03 -2.7615e-03 -2.7923e-03 -2.8212e-03 -2.8485e-03 -2.8739e-03 -2.8978e-03 -2.9199e-03 -2.9405e-03 -2.9594e-03 -2.9768e-03 -2.9927e-03 -3.0071e-03 -3.0200e-03 -3.0314e-03 -3.0414e-03 -3.0500e-03 -3.0572e-03 -3.0631e-03 -3.0677e-03 -3.0710e-03 -3.0729e-03 -3.0737e-03 -3.0732e-03 -3.0715e-03 -3.0686e-03 -3.0646e-03 -3.0594e-03 -3.0532e-03 -3.0458e-03 -3.0374e-03 -3.0280e-03 -3.0176e-03 -3.0061e-03 -2.9938e-03 -2.9805e-03 -2.9663e-03 -2.9512e-03 -2.9352e-03 -2.9185e-03 -2.9009e-03 -2.8825e-03 -2.8634e-03 -2.8436e-03 -2.8230e-03 -2.8018e-03 -2.7799e-03 -2.7574e-03 -2.7342e-03 -2.7105e-03 -2.6863e-03 -2.6615e-03 -2.6362e-03 -2.6104e-03 -2.5842e-03 -2.5575e-03 -2.5304e-03 -2.5029e-03 -2.4751e-03 -2.4469e-03 -2.4184e-03 -2.3896e-03 -2.3605e-03 -2.3311e-03 -2.3016e-03 -2.2718e-03 -2.2418e-03 -2.2117e-03 -2.1814e-03 -2.1509e-03 -2.1204e-03 -2.0898e-03 -2.0591e-03 -5.5757e-04 -7.8828e-04 -9.6496e-04 -1.1135e-03 0.0000e+00 -1.3610e-03 -1.4681e-03 -1.5671e-03 -1.6594e-03 -1.7458e-03 -1.8272e-03 -1.9041e-03 -1.9769e-03 -2.0460e-03 -2.1117e-03 -2.1742e-03 -2.2337e-03 -2.2905e-03 -2.3445e-03 -2.3961e-03 -2.4452e-03 -2.4921e-03 -2.5366e-03 -2.5791e-03 -2.6194e-03 -2.6577e-03 -2.6940e-03 -2.7284e-03 -2.7610e-03 -2.7917e-03 -2.8206e-03 -2.8477e-03 -2.8732e-03 -2.8969e-03 -2.9190e-03 -2.9395e-03 -2.9584e-03 -2.9758e-03 -2.9916e-03 -3.0059e-03 -3.0187e-03 -3.0301e-03 -3.0400e-03 -3.0485e-03 -3.0557e-03 -3.0615e-03 -3.0660e-03 -3.0692e-03 -3.0711e-03 -3.0718e-03 -3.0712e-03 -3.0694e-03 -3.0665e-03 -3.0623e-03 -3.0571e-03 -3.0508e-03 -3.0433e-03 -3.0349e-03 -3.0254e-03 -3.0148e-03 -3.0033e-03 -2.9909e-03 -2.9775e-03 -2.9632e-03 -2.9481e-03 -2.9320e-03 -2.9152e-03 -2.8975e-03 -2.8791e-03 -2.8599e-03 -2.8400e-03 -2.8193e-03 -2.7980e-03 -2.7761e-03 -2.7535e-03 -2.7303e-03 -2.7065e-03 -2.6822e-03 -2.6573e-03 -2.6320e-03 -2.6061e-03 -2.5798e-03 -2.5531e-03 -2.5259e-03 -2.4984e-03 -2.4705e-03 -2.4423e-03 -2.4137e-03 -2.3848e-03 -2.3557e-03 -2.3263e-03 -2.2967e-03 -2.2669e-03 -2.2369e-03 -2.2067e-03 -2.1764e-03 -2.1459e-03 -2.1153e-03 -2.0847e-03 -2.0539e-03
-6.1011e-04 -8.6257e-04 -1.0559e-03 -1.2184e-03 -1.3610e-03 4.3158e-03 -1.6065e-03 -1.7149e-03 -1.8158e-03 -1.9104e-03 -1.9995e-03 -2.0836e-03 -2.1633e-03 -2.2390e-03 -2.3109e-03 -2.3793e-03 -2.4445e-03 -2.5066e-03 -2.5659e-03 -2.6223e-03 -2.6762e-03 -2.7275e-03 -2.7763e-03 -2.8228e-03 -2.8670e-03 -2.9090e-03 -2.9488e-03 -2.9865e-03 -3.0222e-03 -3.0559e-03 -3.0876e-03 -3.1174e-03 -3.1454e-03 -3.1715e-03 -3.1957e-03 -3.2183e-03 -3.2391e-03 -3.2581e-03 -3.2756e-03 -3.2913e-03 -3.3055e-03 -3.3180e-03 -3.3290e-03 -3.3385e-03 -3.3465e-03 -3.3530e-03 -3.3580e-03 -3.3616e-03 -3.3639e-03 -3.3647e-03 -3.3642e-03 -3.3624e-03 -3.3593e-03 -3.3550e-03 -3.3494e-03 -3.3426e-03 -3.3346e-03 -3.3255e-03 -3.3152e-03 -3.3039e-03 -3.2915e-03 -3.2780e-03 -3.2635e-03 -3.2480e-03 -3.2315e-03 -3.2142e-03 -3.1959e-03 -3.1767e-03 -3.1566e-03 -3.1358e-03 -3.1141e-03 -3.0917e-03 -3.0685e-03 -3.0446e-03 -3.0200e-03 -2.9948e-03 -2.9689e-03 -2.9424e-03 -2.9153e-03 -2.8877e-03 -2.8595e-03 -2.8308e-03 -2.8017e-03 -2.7721e-03 -2.7421e-03 -2.7116e-03 -2.6808e-03 -2.6497e-03 -2.6182e-03 -2.5864e-03 -2.5543e-03 -2.5220e-03 -2.4894e-03 -2.4566e-03 -2.4237e-03 -2.3906e-03 -2.3573e-03 -2.3239e-03 -2.2904e-03 -2.2568e-03 -6.1011e-04 -8.6257e-04 -1.0559e-03 -1.2184e-03 -1.3610e-03 0.0000e+00 -1.6065e-03 -1.7148e-03 -1.8158e-03 -1.9104e-03 -1.9994e-03 -2.0835e-03 -2.1632e-03 -2.2388e-03 -2.3107e-03 -2.3791e-03 -2.4443e-03 -2.5064e-03 -2.5655e-03 -2.6220e-03 -2.6757e-03 -2.7270e-03 -2.7758e-03 -2.8222e-03 -2.8663e-03 -2.9083e-03 -2.9480e-03 -2.9857e-03 -3.0213e-03 -3.0549e-03 -3.0865e-03 -3.1163e-03 -3.1441e-03 -3.1701e-03 -3.1943e-03 -3.2168e-03 -3.2375e-03 -3.2565e-03 -3.2738e-03 -3.2894e-03 -3.3035e-03 -3.3159e-03 -3.3268e-03 -3.3362e-03 -3.3440e-03 -3.3504e-03 -3.3554e-03 -3.3589e-03 -3.3610e-03 -3.3617e-03 -3.3611e-03 -3.3592e-03 -3.3560e-03 -3.3515e-03 -3.3458e-03 -3.3388e-03 -3.3307e-03 -3.3215e-03 -3.3111e-03 -3.2996e-03 -3.2871e-03 -3.2734e-03 -3.2588e-03 -3.2432e-03 -3.2266e-03 -3.2091e-03 -3.1907e-03 -3.1714e-03 -3.1512e-03 -3.1303e-03 -3.1085e-03 -3.0859e-03 -3.0626e-03 -3.0386e-03 -3.0139e-03 -2.9886e-03 -2.9626e-03 -2.9360e-03 -2.9088e-03 -2.8810e-03 -2.8528e-03 -2.8240e-03 -2.7948e-03 -2.7651e-03 -2.7349e-03 -2.7044e-03 -2.6735e-03 -2.6423e-03 -2.6107e-03 -2.5789e-03 -2.5467e-03 -2.5143e-03 -2.4817e-03 -2.4489e-03 -2.4158e-03 -2.3827e-03 -2.3493e-03 -2.3159e-03 -2.2824e-03 -2.2487e-03
-6.5814e-04 -9.3047e-04 -1.1390e-03 -1.3143e-03 -1.4681e-03 -1.6065e-03 5.8740e-03 -1.8499e-03 -1.9588e-03 -2.0609e-03 -2.1570e-03 -2.2477e-03 -2.3337e-03 -2.4153e-03 -2.4929e-03 -2.5668e-03 -2.6371e-03 -2.7041e-03 -2.7681e-03 -2.8290e-03 -2.8871e-03 -2.9424e-03 -2.9952e-03 -3.0453e-03 -3.0931e-03 -3.1384e-03 -3.1814e-03 -3.2221e-03 -3.2607e-03 -3.2970e-03 -3.3313e-03 -3.3635e-03 -3.3937e-03 -3.4219e-03 -3.4481e-03 -3.4725e-03 -3.4950e-03 -3.5156e-03 -3.5345e-03 -3.5515e-03 -3.5668e-03 -3.5805e-03 -3.5924e-03 -3.6027e-03 -3.6113e-03 -3.6184e-03 -3.6239e-03 -3.6279e-03 -3.6304e-03 -3.6314e-03 -3.6309e-03 -3.6290e-03 -3.6258e-03 -3.6212e-03 -3.6152e-03 -3.6080e-03 -3.5994e-03 -3.5896e-03 -3.5787e-03 -3.5665e-03 -3.5531e-03 -3.5387e-03 -3.5231e-03 -3.5065e-03 -3.4888e-03 -3.4701e-03 -3.4504e-03 -3.4298e-03 -3.4083e-03 -3.3859e-03 -3.3626e-03 -3.3384e-03 -3.3135e-03 -3.2878e-03 -3.2613e-03 -3.2342e-03 -3.2063e-03 -3.1778e-03 -3.1486e-03 -3.1189e-03 -3.0885e-03 -3.0577e-03 -3.0263e-03 -2.9944e-03 -2.9621e-03 -2.9293e-03 -2.8961e-03 -2.8625e-03 -2.8286e-03 -2.7944e-03 -2.7598e-03 -2.7250e-03 -2.6899e-03 -2.6546e-03 -2.6191e-03 -2.5834e-03 -2.5475e-03 -2.5115e-03 -2.4754e-03 -2.4392e-03 -6.5814e-04 -9.3047e-04 -1.1390e-03 -1.3143e-03 -1.4681e-03 -1.6065e-03 0.0000e+00 -1.8498e-03 -1.9587e-03 -2.0608e-03 -2.1568e-03 -2.2476e-03 -2.3335e-03 -2.4151e-03 -2.4926e-03 -2.5664e-03 -2.6367e-03 -2.7037e-03 -2.7676e-03 -2.8284e-03 -2.8865e-03 -2.9417e-03 -2.9944e-03 -3.0445e-03 -3.0921e-03 -3.1373e-03 -3.1802e-03 -3.2209e-03 -3.2593e-03 -3.2956e-03 -3.3297e-03 -3.3618e-03 -3.3919e-03 -3.4199e-03 -3.4461e-03 -3.4703e-03 -3.4926e-03 -3.5131e-03 -3.5318e-03 -3.5487e-03 -3.5639e-03 -3.5774e-03 -3.5891e-03 -3.5993e-03 -3.6078e-03 -3.6147e-03 -3.6200e-03 -3.6238e-03 -3.6261e-03 -3.6269e-03 -3.6263e-03 -3.6242e-03 -3.6208e-03 -3.6160e-03 -3.6099e-03 -3.6024e-03 -3.5937e-03 -3.5837e-03 -3.5726e-03 -3.5602e-03 -3.5467e-03 -3.5320e-03 -3.5163e-03 -3.4994e-03 -3.4816e-03 -3.4627e-03 -3.4429e-03 -3.4221e-03 -3.4004e-03 -3.3777e-03 -3.3543e-03 -3.3300e-03 -3.3049e-03 -3.2790e-03 -3.2524e-03 -3.2250e-03 -3.1970e-03 -3.1683e-03 -3.1390e-03 -3.1091e-03 -3.0787e-03 -3.0476e-03 -3.0161e-03 -2.9841e-03 -2.9516e-03 -2.9187e-03 -2.8854e-03 -2.8517e-03 -2.8177e-03 -2.7833e-03 -2.7487e-03 -2.7137e-03 -2.6786e-03 -2.6432e-03 -2.6075e-03 -2.5718e-03 -2.5358e-03 -2.4998e-03 -2.4636e-03 -2.4273e-03
-7.0253e-04 -9.9323e-04 -1.2158e-03 -1.4030e-03 -1.5672e-03 -1.7149e-03 -1.8499e-03 7.6719e-03 -2.0909e-03 -2.1999e-03 -2.3025e-03 -2.3994e-03 -2.4912e-03 -2.5783e-03 -2.6612e-03 -2.7400e-03 -2.8151e-03 -2.8867e-03 -2.9550e-03 -3.0201e-03 -3.0821e-03 -3.1412e-03 -3.1975e-03 -3.2511e-03 -3.3021e-03 -3.3505e-03 -3.3965e-03 -3.4400e-03 -3.4812e-03 -3.5201e-03 -3.5567e-03 -3.5912e-03 -3.6234e-03 -3.6536e-03 -3.6817e-03 -3.7078e-03 -3.7318e-03 -3.7539e-03 -3.7741e-03 -3.7924e-03 -3.8088e-03 -3.8235e-03 -3.8363e-03 -3.8473e-03 -3.8567e-03 -3.8643e-03 -3.8703e-03 -3.8746e-03 -3.8773e-03 -3.8785e-03 -3.8781e-03 -3.8761e-03 -3.8728e-03 -3.8679e-03 -3.8616e-03 -3.8540e-03 -3.8450e-03 -3.8346e-03 -3.8230e-03 -3.8101e-03 -3.7959e-03 -3.7806e-03 -3.7641e-03 -3.7464e-03 -3.7276e-03 -3.7078e-03 -3.6869e-03 -3.6649e-03 -3.6420e-03 -3.6182e-03 -3.5934e-03 -3.5677e-03 -3.5412e-03 -3.5138e-03 -3.4857e-03 -3.4567e-03 -3.4271e-03 -3.3967e-03 -3.3657e-03 -3.3340e-03 -3.3017e-03 -3.2688e-03 -3.2354e-03 -3.2014e-03 -3.1670e-03 -3.1320e-03 -3.0967e-03 -3.0609e-03 -3.0248e-03 -2.9883e-03 -2.9514e-03 -2.9143e-03 -2.8769e-03 -2.8392e-03 -2.8014e-03 -2.7633e-03 -2.7251e-03 -2.6867e-03 -2.6482e-03 -2.6096e-03 -7.0253e-04 -9.9322e-04 -1.2158e-03 -1.4030e-03 -1.5671e-03 -1.7148e-03 -1.8498e-03 0.0000e+00 -2.0908e-03 -2.1998e-03 -2.3023e-03 -2.3992e-03 -2.4909e-03 -2.5780e-03 -2.6608e-03 -2.7396e-03 -2.8146e-03 -2.8861e-03 -2.9543e-03 -3.0193e-03 -3.0812e-03 -3.1403e-03 -3.1965e-03 -3.2499e-03 -3.3008e-03 -3.3491e-03 -3.3949e-03 -3.4383e-03 -3.4793e-03 -3.5181e-03 -3.5545e-03 -3.5888e-03 -3.6209e-03 -3.6509e-03 -3.6788e-03 -3.7047e-03 -3.7286e-03 -3.7505e-03 -3.7704e-03 -3.7885e-03 -3.8048e-03 -3.8191e-03 -3.8317e-03 -3.8426e-03 -3.8517e-03 -3.8591e-03 -3.8648e-03 -3.8689e-03 -3.8714e-03 -3.8723e-03 -3.8716e-03 -3.8695e-03 -3.8658e-03 -3.8607e-03 -3.8542e-03 -3.8463e-03 -3.8370e-03 -3.8264e-03 -3.8145e-03 -3.8013e-03 -3.7869e-03 -3.7713e-03 -3.7545e-03 -3.7366e-03 -3.7176e-03 -3.6975e-03 -3.6763e-03 -3.6541e-03 -3.6310e-03 -3.6069e-03 -3.5818e-03 -3.5559e-03 -3.5292e-03 -3.5016e-03 -3.4732e-03 -3.4440e-03 -3.4141e-03 -3.3836e-03 -3.3523e-03 -3.3204e-03 -3.2879e-03 -3.2548e-03 -3.2212e-03 -3.1870e-03 -3.1524e-03 -3.1173e-03 -3.0818e-03 -3.0458e-03 -3.0095e-03 -2.9729e-03 -2.9359e-03 -2.8986e-03 -2.8611e-03 -2.8233e-03 -2.7853e-03 -2.7471e-03 -2.7088e-03 -2.6703e-03 -2.6317e-03 -2.5930e-03
-7.4388e-04 -1.0517e-03 -1.2874e-03 -1.4855e-03 -1.6594e-03 -1.8158e-03 -1.9588e-03 -2.0909e-03 9.7093e-03 -2.3294e-03 -2.4381e-03 -2.5407e-03 -2.6379e-03 -2.7302e-03 -2.8180e-03 -2.9015e-03 -2.9811e-03 -3.0569e-03 -3.1292e-03 -3.1981e-03 -3.2639e-03 -3.3265e-03 -3.3862e-03 -3.4430e-03 -3.4970e-03 -3.5484e-03 -3.5971e-03 -3.6432e-03 -3.6869e-03 -3.7281e-03 -3.7670e-03 -3.8035e-03 -3.8378e-03 -3.8698e-03 -3.8996e-03 -3.9273e-03 -3.9529e-03 -3.9764e-03 -3.9978e-03 -4.0173e-03 -4.0348e-03 -4.0503e-03 -4.0640e-03 -4.0758e-03 -4.0858e-03 -4.0939e-03 -4.1004e-03 -4.1050e-03 -4.1080e-03 -4.1093e-03 -4.1090e-03 -4.1071e-03 -4.1036e-03 -4.0986e-03 -4.0921e-03 -4.0841e-03 -4.0747e-03 -4.0638e-03 -4.0516e-03 -4.0380e-03 -4.0232e-03 -4.0070e-03 -3.9896e-03 -3.9710e-03 -3.9513e-03 -3.9304e-03 -3.9083e-03 -3.8852e-03 -3.8611e-03 -3.8359e-03 -3.8098e-03 -3.7827e-03 -3.7547e-03 -3.7258e-03 -3.6961e-03 -3.6656e-03 -3.6343e-03 -3.6022e-03 -3.5694e-03 -3.5360e-03 -3.5019e-03 -3.4671e-03 -3.4318e-03 -3.3959e-03 -3.3595e-03 -3.3226e-03 -3.2852e-03 -3.2474e-03 -3.2092e-03 -3.1706e-03 -3.1317e-03 -3.0924e-03 -3.0529e-03 -3.0131e-03 -2.9730e-03 -2.9328e-03 -2.8923e-03 -2.8517e-03 -2.8110e-03 -2.7702e-03 -7.4388e-04 -1.0517e-03 -1.2874e-03 -1.4855e-03 -1.6594e-03 -1.8158e-03 -1.9587e-03 -2.0908e-03 0.0000e+00 -2.3293e-03 -2.4378e-03 -2.5404e-03 -2.6376e-03 -2.7298e-03 -2.8175e-03 -2.9009e-03 -2.9804e-03 -3.0561e-03 -3.1283e-03 -3.1971e-03 -3.2627e-03 -3.3252e-03 -3.3847e-03 -3.4414e-03 -3.4953e-03 -3.5464e-03 -3.5950e-03 -3.6409e-03 -3.6844e-03 -3.7254e-03 -3.7641e-03 -3.8004e-03 -3.8344e-03 -3.8662e-03 -3.8958e-03 -3.9232e-03 -3.9485e-03 -3.9717e-03 -3.9929e-03 -4.0121e-03 -4.0293e-03 -4.0445e-03 -4.0579e-03 -4.0694e-03 -4.0791e-03 -4.0869e-03 -4.0930e-03 -4.0974e-03 -4.1001e-03 -4.1010e-03 -4.1004e-03 -4.0981e-03 -4.0943e-03 -4.0890e-03 -4.0821e-03 -4.0737e-03 -4.0640e-03 -4.0528e-03 -4.0402e-03 -4.0263e-03 -4.0111e-03 -3.9946e-03 -3.9769e-03 -3.9579e-03 -3.9378e-03 -3.9165e-03 -3.8942e-03 -3.8707e-03 -3.8463e-03 -3.8208e-03 -3.7943e-03 -3.7669e-03 -3.7386e-03 -3.7094e-03 -3.6794e-03 -3.6485e-03 -3.6169e-03 -3.5846e-03 -3.5515e-03 -3.5178e-03 -3.4834e-03 -3.4484e-03 -3.4128e-03 -3.3766e-03 -3.3400e-03 -3.3028e-03 -3.2652e-03 -3.2272e-03 -3.1888e-03 -3.1500e-03 -3.1109e-03 -3.0714e-03 -3.0317e-03 -2.9917e-03 -2.9515e-03 -2.9111e-03 -2.8705e-03 -2.8298e-03 -2.7889e-03 -2.7479e-03
-7.8263e-04 -1.1065e-03 -1.3545e-03 -1.5629e-03 -1.7459e-03 -1.9104e-03 -2.0609e-03 -2.1999e-03 -2.3294e-03 1.1986e-02 -2.5652e-03 -2.6732e-03 -2.7755e-03 -2.8726e-03 -2.9650e-03 -3.0529e-03 -3.1366e-03 -3.2164e-03 -3.2925e-03 -3.3651e-03 -3.4343e-03 -3.5003e-03 -3.5631e-03 -3.6230e-03 -3.6799e-03 -3.7339e-03 -3.7852e-03 -3.8339e-03 -3.8799e-03 -3.9234e-03 -3.9643e-03 -4.0028e-03 -4.0389e-03 -4.0727e-03 -4.1042e-03 -4.1334e-03 -4.1604e-03 -4.1852e-03 -4.2079e-03 -4.2285e-03 -4.2470e-03 -4.2634e-03 -4.2779e-03 -4.2905e-03 -4.3011e-03 -4.3098e-03 -4.3167e-03 -4.3217e-03 -4.3250e-03 -4.3265e-03 -4.3263e-03 -4.3244e-03 -4.3208e-03 -4.3157e-03 -4.3090e-03 -4.3007e-03 -4.2909e-03 -4.2796e-03 -4.2669e-03 -4.2527e-03 -4.2372e-03 -4.2204e-03 -4.2022e-03 -4.1828e-03 -4.1621e-03 -4.1402e-03 -4.1172e-03 -4.0930e-03 -4.0677e-03 -4.0414e-03 -4.0140e-03 -3.9856e-03 -3.9563e-03 -3.9260e-03 -3.8949e-03 -3.8629e-03 -3.8300e-03 -3.7964e-03 -3.7620e-03 -3.7269e-03 -3.6911e-03 -3.6547e-03 -3.6176e-03 -3.5800e-03 -3.5418e-03 -3.5030e-03 -3.4638e-03 -3.4241e-03 -3.3840e-03 -3.3435e-03 -3.3026e-03 -3.2613e-03 -3.2198e-03 -3.1780e-03 -3.1359e-03 -3.0936e-03 -3.0511e-03 -3.0084e-03 -2.9656e-03 -2.9227e-03 -7.8263e-04 -1.1065e-03 -1.3545e-03 -1.5629e-03 -1.7458e-03 -1.9104e-03 -2.0608e-03 -2.1998e-03 -2.3293e-03 0.0000e+00 -2.5649e-03 -2.6728e-03 -2.7750e-03 -2.8720e-03 -2.9643e-03 -3.0521e-03 -3.1357e-03 -3.2154e-03 -3.2914e-03 -3.3638e-03 -3.4328e-03 -3.4986e-03 -3.5612e-03 -3.6209e-03 -3.6776e-03 -3.7314e-03 -3.7825e-03 -3.8309e-03 -3.8766e-03 -3.9198e-03 -3.9605e-03 -3.9987e-03 -4.0346e-03 -4.0680e-03 -4.0992e-03 -4.1281e-03 -4.1547e-03 -4.1792e-03 -4.2015e-03 -4.2217e-03 -4.2398e-03 -4.2559e-03 -4.2700e-03 -4.2822e-03 -4.2924e-03 -4.3007e-03 -4.3071e-03 -4.3118e-03 -4.3146e-03 -4.3157e-03 -4.3151e-03 -4.3127e-03 -4.3088e-03 -4.3032e-03 -4.2960e-03 -4.2872e-03 -4.2770e-03 -4.2653e-03 -4.2521e-03 -4.2375e-03 -4.2215e-03 -4.2042e-03 -4.1856e-03 -4.1657e-03 -4.1446e-03 -4.1223e-03 -4.0988e-03 -4.0742e-03 -4.0484e-03 -4.0217e-03 -3.9939e-03 -3.9651e-03 -3.9353e-03 -3.9046e-03 -3.8731e-03 -3.8407e-03 -3.8075e-03 -3.7735e-03 -3.7387e-03 -3.7032e-03 -3.6671e-03 -3.6303e-03 -3.5929e-03 -3.5549e-03 -3.5164e-03 -3.4773e-03 -3.4378e-03 -3.3978e-03 -3.3574e-03 -3.3166e-03 -3.2755e-03 -3.2340e-03 -3.1922e-03 -3.1502e-03 -3.1079e-03 -3.0654e-03 -3.0227e-03 -2.9799e-03 -2.9369e-03 -2.8938e-03
-8.1910e-04 -1.1580e-03 -1.4176e-03 -1.6358e-03 -1.8273e-03 -1.9995e-03 -2.1570e-03 -2.3025e-03 -2.4381e-03 -2.5652e-03 1.4502e-02 -2.7979e-03 -2.9050e-03 -3.0067e-03 -3.1034e-03 -3.1954e-03 -3.2831e-03 -3.3667e-03 -3.4464e-03 -3.5224e-03 -3.5949e-03 -3.6640e-03 -3.7298e-03 -3.7925e-03 -3.8521e-03 -3.9088e-03 -3.9626e-03 -4.0136e-03 -4.0618e-03 -4.1074e-03 -4.1503e-03 -4.1907e-03 -4.2286e-03 -4.2641e-03 -4.2971e-03 -4.3278e-03 -4.3562e-03 -4.3823e-03 -4.4061e-03 -4.4278e-03 -4.4473e-03 -4.4646e-03 -4.4799e-03 -4.4932e-03 -4.5044e-03 -4.5137e-03 -4.5210e-03 -4.5264e-03 -4.5300e-03 -4.5317e-03 -4.5316e-03 -4.5298e-03 -4.5262e-03 -4.5210e-03 -4.5141e-03 -4.5056e-03 -4.4954e-03 -4.4838e-03 -4.4706e-03 -4.4560e-03 -4.4399e-03 -4.4224e-03 -4.4035e-03 -4.3833e-03 -4.3619e-03 -4.3391e-03 -4.3151e-03 -4.2900e-03 -4.2636e-03 -4.2362e-03 -4.2077e-03 -4.1781e-03 -4.1476e-03 -4.1160e-03 -4.0836e-03 -4.0502e-03 -4.0160e-03 -3.9809e-03 -3.9451e-03 -3.9084e-03 -3.8711e-03 -3.8331e-03 -3.7944e-03 -3.7551e-03 -3.7152e-03 -3.6748e-03 -3.6338e-03 -3.5924e-03 -3.5505e-03 -3.5082e-03 -3.4654e-03 -3.4224e-03 -3.3790e-03 -3.3353e-03 -3.2913e-03 -3.2471e-03 -3.2027e-03 -3.1581e-03 -3.1134e-03 -3.0685e-03 -8.1910e-04 -1.1580e-03 -1.4176e-03 -1.6358e-03 -1.8272e-03 -1.9994e-03 -2.1568e-03 -2.3023e-03 -2.4378e-03 -2.5649e-03 0.0000e+00 -2.7974e-03 -2.9044e-03 -3.0060e-03 -3.1025e-03 -3.1944e-03 -3.2819e-03 -3.3654e-03 -3.4449e-03 -3.5207e-03 -3.5930e-03 -3.6618e-03 -3.7274e-03 -3.7899e-03 -3.8492e-03 -3.9056e-03 -3.9591e-03 -4.0098e-03 -4.0577e-03 -4.1029e-03 -4.1455e-03 -4.1856e-03 -4.2231e-03 -4.2581e-03 -4.2908e-03 -4.3210e-03 -4.3490e-03 -4.3746e-03 -4.3980e-03 -4.4192e-03 -4.4382e-03 -4.4551e-03 -4.4699e-03 -4.4827e-03 -4.4934e-03 -4.5021e-03 -4.5089e-03 -4.5138e-03 -4.5169e-03 -4.5180e-03 -4.5174e-03 -4.5150e-03 -4.5109e-03 -4.5051e-03 -4.4976e-03 -4.4885e-03 -4.4779e-03 -4.4656e-03 -4.4519e-03 -4.4367e-03 -4.4200e-03 -4.4019e-03 -4.3825e-03 -4.3617e-03 -4.3397e-03 -4.3164e-03 -4.2918e-03 -4.2661e-03 -4.2392e-03 -4.2113e-03 -4.1822e-03 -4.1521e-03 -4.1210e-03 -4.0890e-03 -4.0560e-03 -4.0221e-03 -3.9874e-03 -3.9519e-03 -3.9155e-03 -3.8785e-03 -3.8407e-03 -3.8022e-03 -3.7631e-03 -3.7234e-03 -3.6831e-03 -3.6422e-03 -3.6009e-03 -3.5591e-03 -3.5168e-03 -3.4742e-03 -3.4311e-03 -3.3877e-03 -3.3440e-03 -3.3001e-03 -3.2558e-03 -3.2114e-03 -3.1667e-03 -3.1219e-03 -3.0769e-03 -3.0319e-03
-8.5356e-04 -1.2068e-03 -1.4773e-03 -1.7046e-03 -1.9041e-03 -2.0836e-03 -2.2477e-03 -2.3994e-03 -2.5407e-03 -2.6732e-03 -2.7979e-03 1.7258e-02 -3.0274e-03 -3.1334e-03 -3.2342e-03 -3.3301e-03 -3.4215e-03 -3.5087e-03 -3.5918e-03 -3.6711e-03 -3.7467e-03 -3.8188e-03 -3.8874e-03 -3.9528e-03 -4.0150e-03 -4.0742e-03 -4.1303e-03 -4.1835e-03 -4.2339e-03 -4.2815e-03 -4.3264e-03 -4.3686e-03 -4.4082e-03 -4.4452e-03 -4.4798e-03 -4.5119e-03 -4.5416e-03 -4.5689e-03 -4.5939e-03 -4.6166e-03 -4.6370e-03 -4.6553e-03 -4.6713e-03 -4.6853e-03 -4.6972e-03 -4.7070e-03 -4.7148e-03 -4.7206e-03 -4.7244e-03 -4.7264e-03 -4.7265e-03 -4.7247e-03 -4.7212e-03 -4.7159e-03 -4.7089e-03 -4.7001e-03 -4.6898e-03 -4.6778e-03 -4.6643e-03 -4.6492e-03 -4.6326e-03 -4.6145e-03 -4.5950e-03 -4.5742e-03 -4.5519e-03 -4.5284e-03 -4.5036e-03 -4.4775e-03 -4.4503e-03 -4.4218e-03 -4.3923e-03 -4.3616e-03 -4.3300e-03 -4.2973e-03 -4.2636e-03 -4.2289e-03 -4.1934e-03 -4.1570e-03 -4.1198e-03 -4.0818e-03 -4.0430e-03 -4.0035e-03 -3.9634e-03 -3.9225e-03 -3.8811e-03 -3.8391e-03 -3.7965e-03 -3.7534e-03 -3.7099e-03 -3.6659e-03 -3.6215e-03 -3.5767e-03 -3.5315e-03 -3.4861e-03 -3.4403e-03 -3.3944e-03 -3.3482e-03 -3.3018e-03 -3.2552e-03 -3.2085e-03 -8.5356e-04 -1.2068e-03 -1.4772e-03 -1.7046e-03 -1.9041e-03 -2.0835e-03 -2.2476e-03 -2.3992e-03 -2.5404e-03 -2.6728e-03 -2.7974e-03 0.0000e+00 -3.0266e-03 -3.1325e-03 -3.2331e-03 -3.3289e-03 -3.4201e-03 -3.5071e-03 -3.5900e-03 -3.6690e-03 -3.7443e-03 -3.8161e-03 -3.8845e-03 -3.9495e-03 -4.0114e-03 -4.0702e-03 -4.1260e-03 -4.1788e-03 -4.2288e-03 -4.2759e-03 -4.3204e-03 -4.3621e-03 -4.4013e-03 -4.4379e-03 -4.4719e-03 -4.5035e-03 -4.5326e-03 -4.5594e-03 -4.5838e-03 -4.6060e-03 -4.6258e-03 -4.6435e-03 -4.6589e-03 -4.6723e-03 -4.6835e-03 -4.6927e-03 -4.6998e-03 -4.7050e-03 -4.7082e-03 -4.7094e-03 -4.7089e-03 -4.7064e-03 -4.7022e-03 -4.6962e-03 -4.6885e-03 -4.6790e-03 -4.6680e-03 -4.6553e-03 -4.6410e-03 -4.6252e-03 -4.6079e-03 -4.5891e-03 -4.5689e-03 -4.5474e-03 -4.5244e-03 -4.5002e-03 -4.4747e-03 -4.4479e-03 -4.4200e-03 -4.3909e-03 -4.3607e-03 -4.3294e-03 -4.2970e-03 -4.2637e-03 -4.2294e-03 -4.1941e-03 -4.1580e-03 -4.1210e-03 -4.0832e-03 -4.0446e-03 -4.0052e-03 -3.9652e-03 -3.9245e-03 -3.8831e-03 -3.8412e-03 -3.7987e-03 -3.7556e-03 -3.7121e-03 -3.6681e-03 -3.6237e-03 -3.5789e-03 -3.5337e-03 -3.4882e-03 -3.4424e-03 -3.3963e-03 -3.3500e-03 -3.3035e-03 -3.2568e-03 -3.2100e-03 -3.1630e-03
-8.8620e-04 -1.2529e-03 -1.5337e-03 -1.7698e-03 -1.9770e-03 -2.1633e-03 -2.3337e-03 -2.4912e-03 -2.6379e-03 -2.7755e-03 -2.9050e-03 -3.0274e-03 2.0253e-02 -3.2534e-03 -3.3581e-03 -3.4578e-03 -3.5527e-03 -3.6433e-03 -3.7297e-03 -3.8120e-03 -3.8906e-03 -3.9655e-03 -4.0369e-03 -4.1048e-03 -4.1695e-03 -4.2310e-03 -4.2894e-03 -4.3448e-03 -4.3972e-03 -4.4467e-03 -4.4934e-03 -4.5373e-03 -4.5786e-03 -4.6172e-03 -4.6532e-03 -4.6867e-03 -4.7176e-03 -4.7461e-03 -4.7722e-03 -4.7959e-03 -4.8173e-03 -4.8364e-03 -4.8533e-03 -4.8680e-03 -4.8804e-03 -4.8908e-03 -4.8991e-03 -4.9053e-03 -4.9095e-03 -4.9117e-03 -4.9120e-03 -4.9103e-03 -4.9068e-03 -4.9015e-03 -4.8944e-03 -4.8856e-03 -4.8750e-03 -4.8628e-03 -4.8489e-03 -4.8334e-03 -4.8164e-03 -4.7978e-03 -4.7778e-03 -4.7563e-03 -4.7334e-03 -4.7092e-03 -4.6836e-03 -4.6567e-03 -4.6286e-03 -4.5993e-03 -4.5688e-03 -4.5372e-03 -4.5044e-03 -4.4707e-03 -4.4359e-03 -4.4001e-03 -4.3634e-03 -4.3257e-03 -4.2873e-03 -4.2479e-03 -4.2078e-03 -4.1670e-03 -4.1254e-03 -4.0832e-03 -4.0403e-03 -3.9968e-03 -3.9527e-03 -3.9081e-03 -3.8630e-03 -3.8175e-03 -3.7715e-03 -3.7251e-03 -3.6783e-03 -3.6312e-03 -3.5838e-03 -3.5362e-03 -3.4883e-03 -3.4402e-03 -3.3919e-03 -3.3435e-03 -8.8619e-04 -1.2529e-03 -1.5337e-03 -1.7698e-03 -1.9769e-03 -2.1632e-03 -2.3335e-03 -2.4909e-03 -2.6376e-03 -2.7750e-03 -2.9044e-03 -3.0266e-03 0.0000e+00 -3.2523e-03 -3.3568e-03 -3.4563e-03 -3.5510e-03 -3.6413e-03 -3.7274e-03 -3.8094e-03 -3.8877e-03 -3.9622e-03 -4.0333e-03 -4.1008e-03 -4.1651e-03 -4.2262e-03 -4.2841e-03 -4.3390e-03 -4.3909e-03 -4.4399e-03 -4.4861e-03 -4.5295e-03 -4.5702e-03 -4.6082e-03 -4.6436e-03 -4.6764e-03 -4.7067e-03 -4.7346e-03 -4.7600e-03 -4.7830e-03 -4.8037e-03 -4.8221e-03 -4.8382e-03 -4.8521e-03 -4.8638e-03 -4.8734e-03 -4.8809e-03 -4.8863e-03 -4.8896e-03 -4.8910e-03 -4.8905e-03 -4.8880e-03 -4.8837e-03 -4.8775e-03 -4.8696e-03 -4.8598e-03 -4.8484e-03 -4.8353e-03 -4.8206e-03 -4.8042e-03 -4.7863e-03 -4.7669e-03 -4.7460e-03 -4.7236e-03 -4.6999e-03 -4.6748e-03 -4.6484e-03 -4.6207e-03 -4.5917e-03 -4.5616e-03 -4.5302e-03 -4.4978e-03 -4.4643e-03 -4.4297e-03 -4.3941e-03 -4.3576e-03 -4.3201e-03 -4.2818e-03 -4.2426e-03 -4.2026e-03 -4.1618e-03 -4.1203e-03 -4.0780e-03 -4.0352e-03 -3.9917e-03 -3.9476e-03 -3.9029e-03 -3.8578e-03 -3.8121e-03 -3.7660e-03 -3.7195e-03 -3.6727e-03 -3.6255e-03 -3.5779e-03 -3.5301e-03 -3.4821e-03 -3.4338e-03 -3.3854e-03 -3.3368e-03 -3.2881e-03
-9.1717e-04 -1.2967e-03 -1.5874e-03 -1.8317e-03 -2.0461e-03 -2.2390e-03 -2.4153e-03 -2.5783e-03 -2.7302e-03 -2.8726e-03 -3.0067e-03 -3.1334e-03 -3.2534e-03 2.3487e-02 -3.4758e-03 -3.5790e-03 -3.6773e-03 -3.7711e-03 -3.8606e-03 -3.9459e-03 -4.0273e-03 -4.1049e-03 -4.1788e-03 -4.2493e-03 -4.3163e-03 -4.3801e-03 -4.4406e-03 -4.4980e-03 -4.5524e-03 -4.6038e-03 -4.6522e-03 -4.6979e-03 -4.7407e-03 -4.7808e-03 -4.8182e-03 -4.8530e-03 -4.8852e-03 -4.9149e-03 -4.9421e-03 -4.9668e-03 -4.9891e-03 -5.0091e-03 -5.0267e-03 -5.0420e-03 -5.0552e-03 -5.0661e-03 -5.0748e-03 -5.0814e-03 -5.0860e-03 -5.0885e-03 -5.0890e-03 -5.0875e-03 -5.0841e-03 -5.0788e-03 -5.0717e-03 -5.0627e-03 -5.0520e-03 -5.0395e-03 -5.0254e-03 -5.0096e-03 -4.9922e-03 -4.9732e-03 -4.9527e-03 -4.9307e-03 -4.9072e-03 -4.8823e-03 -4.8560e-03 -4.8284e-03 -4.7996e-03 -4.7694e-03 -4.7381e-03 -4.7055e-03 -4.6718e-03 -4.6371e-03 -4.6013e-03 -4.5644e-03 -4.5266e-03 -4.4879e-03 -4.4482e-03 -4.4077e-03 -4.3664e-03 -4.3243e-03 -4.2814e-03 -4.2378e-03 -4.1936e-03 -4.1487e-03 -4.1033e-03 -4.0573e-03 -4.0107e-03 -3.9637e-03 -3.9162e-03 -3.8683e-03 -3.8200e-03 -3.7714e-03 -3.7225e-03 -3.6732e-03 -3.6238e-03 -3.5741e-03 -3.5242e-03 -3.4742e-03 -9.1717e-04 -1.2967e-03 -1.5873e-03 -1.8316e-03 -2.0460e-03 -2.2388e-03 -2.4151e-03 -2.5780e-03 -2.7298e-03 -2.8720e-03 -3.0060e-03 -3.1325e-03 -3.2523e-03 0.0000e+00 -3.4743e-03 -3.5772e-03 -3.6753e-03 -3.7687e-03 -3.8578e-03 -3.9428e-03 -4.0238e-03 -4.1010e-03 -4.1745e-03 -4.2445e-03 -4.3111e-03 -4.3743e-03 -4.4343e-03 -4.4911e-03 -4.5449e-03 -4.5957e-03 -4.6435e-03 -4.6885e-03 -4.7306e-03 -4.7700e-03 -4.8067e-03 -4.8407e-03 -4.8721e-03 -4.9010e-03 -4.9274e-03 -4.9513e-03 -4.9727e-03 -4.9918e-03 -5.0085e-03 -5.0230e-03 -5.0352e-03 -5.0452e-03 -5.0529e-03 -5.0586e-03 -5.0622e-03 -5.0637e-03 -5.0632e-03 -5.0607e-03 -5.0563e-03 -5.0500e-03 -5.0418e-03 -5.0318e-03 -5.0201e-03 -5.0066e-03 -4.9914e-03 -4.9745e-03 -4.9561e-03 -4.9361e-03 -4.9145e-03 -4.8914e-03 -4.8669e-03 -4.8410e-03 -4.8138e-03 -4.7851e-03 -4.7553e-03 -4.7241e-03 -4.6918e-03 -4.6583e-03 -4.6236e-03 -4.5879e-03 -4.5512e-03 -4.5134e-03 -4.4747e-03 -4.4351e-03 -4.3946e-03 -4.3532e-03 -4.3111e-03 -4.2681e-03 -4.2245e-03 -4.1802e-03 -4.1352e-03 -4.0896e-03 -4.0434e-03 -3.9968e-03 -3.9496e-03 -3.9019e-03 -3.8538e-03 -3.8054e-03 -3.7565e-03 -3.7074e-03 -3.6580e-03 -3.6083e-03 -3.5583e-03 -3.5082e-03 -3.4580e-03 -3.4076e-03
-9.4661e-04 -1.3383e-03 -1.6383e-03 -1.8905e-03 -2.1118e-03 -2.3109e-03 -2.4929e-03 -2.6612e-03 -2.8180e-03 -2.9650e-03 -3.1034e-03 -3.2342e-03 -3.3581e-03 -3.4758e-03 2.6959e-02 -3.6943e-03 -3.7959e-03 -3.8927e-03 -3.9851e-03 -4.0733e-03 -4.1574e-03 -4.2375e-03 -4.3140e-03 -4.3868e-03 -4.4561e-03 -4.5220e-03 -4.5846e-03 -4.6440e-03 -4.7002e-03 -4.7534e-03 -4.8036e-03 -4.8508e-03 -4.8952e-03 -4.9368e-03 -4.9755e-03 -5.0116e-03 -5.0450e-03 -5.0758e-03 -5.1041e-03 -5.1298e-03 -5.1530e-03 -5.1738e-03 -5.1922e-03 -5.2083e-03 -5.2220e-03 -5.2335e-03 -5.2427e-03 -5.2498e-03 -5.2547e-03 -5.2575e-03 -5.2582e-03 -5.2570e-03 -5.2537e-03 -5.2485e-03 -5.2413e-03 -5.2323e-03 -5.2215e-03 -5.2089e-03 -5.1945e-03 -5.1785e-03 -5.1607e-03 -5.1414e-03 -5.1204e-03 -5.0979e-03 -5.0740e-03 -5.0485e-03 -5.0216e-03 -4.9934e-03 -4.9638e-03 -4.9329e-03 -4.9008e-03 -4.8674e-03 -4.8329e-03 -4.7972e-03 -4.7605e-03 -4.7227e-03 -4.6838e-03 -4.6441e-03 -4.6033e-03 -4.5617e-03 -4.5193e-03 -4.4760e-03 -4.4319e-03 -4.3871e-03 -4.3417e-03 -4.2955e-03 -4.2488e-03 -4.2014e-03 -4.1535e-03 -4.1051e-03 -4.0563e-03 -4.0070e-03 -3.9573e-03 -3.9072e-03 -3.8568e-03 -3.8061e-03 -3.7552e-03 -3.7040e-03 -3.6526e-03 -3.6010e-03 -9.4661e-04 -1.3383e-03 -1.6383e-03 -1.8904e-03 -2.1117e-03 -2.3107e-03 -2.4926e-03 -2.6608e-03 -2.8175e-03 -2.9643e-03 -3.1025e-03 -3.2331e-03 -3.3568e-03 -3.4743e-03 0.0000e+00 -3.6922e-03 -3.7934e-03 -3.8899e-03 -3.9819e-03 -4.0696e-03 -4.1532e-03 -4.2329e-03 -4.3089e-03 -4.3811e-03 -4.4499e-03 -4.5152e-03 -4.5771e-03 -4.6358e-03 -4.6914e-03 -4.7438e-03 -4.7932e-03 -4.8397e-03 -4.8832e-03 -4.9240e-03 -4.9619e-03 -4.9971e-03 -5.0295e-03 -5.0594e-03 -5.0867e-03 -5.1114e-03 -5.1336e-03 -5.1534e-03 -5.1707e-03 -5.1857e-03 -5.1983e-03 -5.2087e-03 -5.2168e-03 -5.2227e-03 -5.2265e-03 -5.2281e-03 -5.2277e-03 -5.2252e-03 -5.2207e-03 -5.2143e-03 -5.2059e-03 -5.1957e-03 -5.1836e-03 -5.1698e-03 -5.1542e-03 -5.1369e-03 -5.1179e-03 -5.0973e-03 -5.0752e-03 -5.0515e-03 -5.0262e-03 -4.9996e-03 -4.9715e-03 -4.9421e-03 -4.9113e-03 -4.8792e-03 -4.8459e-03 -4.8114e-03 -4.7757e-03 -4.7390e-03 -4.7011e-03 -4.6622e-03 -4.6223e-03 -4.5815e-03 -4.5397e-03 -4.4971e-03 -4.4537e-03 -4.4094e-03 -4.3644e-03 -4.3188e-03 -4.2724e-03 -4.2254e-03 -4.1778e-03 -4.1297e-03 -4.0810e-03 -4.0319e-03 -3.9823e-03 -3.9323e-03 -3.8820e-03 -3.8313e-03 -3.7803e-03 -3.7291e-03 -3.6776e-03 -3.6259e-03 -3.5740e-03 -3.5221e-03
-9.7463e-04 -1.3779e-03 -1.6868e-03 -1.9465e-03 -2.1743e-03 -2.3793e-03 -2.5668e-03 -2.7400e-03 -2.9015e-03 -3.0529e-03 -3.1954e-03 -3.3301e-03 -3.4578e-03 -3.5790e-03 -3.6943e-03 3.0671e-02 -3.9087e-03 -4.0085e-03 -4.1038e-03 -4.1946e-03 -4.2813e-03 -4.3640e-03 -4.4428e-03 -4.5179e-03 -4.5893e-03 -4.6573e-03 -4.7219e-03 -4.7832e-03 -4.8413e-03 -4.8962e-03 -4.9480e-03 -4.9968e-03 -5.0426e-03 -5.0856e-03 -5.1257e-03 -5.1631e-03 -5.1977e-03 -5.2296e-03 -5.2588e-03 -5.2855e-03 -5.3097e-03 -5.3313e-03 -5.3505e-03 -5.3672e-03 -5.3816e-03 -5.3937e-03 -5.4034e-03 -5.4109e-03 -5.4162e-03 -5.4194e-03 -5.4204e-03 -5.4193e-03 -5.4162e-03 -5.4111e-03 -5.4040e-03 -5.3950e-03 -5.3841e-03 -5.3714e-03 -5.3569e-03 -5.3406e-03 -5.3226e-03 -5.3029e-03 -5.2816e-03 -5.2587e-03 -5.2343e-03 -5.2084e-03 -5.1810e-03 -5.1521e-03 -5.1219e-03 -5.0904e-03 -5.0575e-03 -5.0234e-03 -4.9881e-03 -4.9517e-03 -4.9141e-03 -4.8754e-03 -4.8356e-03 -4.7949e-03 -4.7532e-03 -4.7105e-03 -4.6670e-03 -4.6227e-03 -4.5775e-03 -4.5316e-03 -4.4850e-03 -4.4376e-03 -4.3897e-03 -4.3411e-03 -4.2920e-03 -4.2423e-03 -4.1922e-03 -4.1415e-03 -4.0905e-03 -4.0391e-03 -3.9873e-03 -3.9353e-03 -3.8829e-03 -3.8303e-03 -3.7775e-03 -3.7245e-03 -9.7463e-04 -1.3779e-03 -1.6868e-03 -1.9464e-03 -2.1742e-03 -2.3791e-03 -2.5664e-03 -2.7396e-03 -2.9009e-03 -3.0521e-03 -3.1944e-03 -3.3289e-03 -3.4563e-03 -3.5772e-03 -3.6922e-03 0.0000e+00 -3.9059e-03 -4.0052e-03 -4.1000e-03 -4.1903e-03 -4.2765e-03 -4.3586e-03 -4.4368e-03 -4.5112e-03 -4.5820e-03 -4.6493e-03 -4.7131e-03 -4.7736e-03 -4.8309e-03 -4.8849e-03 -4.9358e-03 -4.9837e-03 -5.0286e-03 -5.0706e-03 -5.1097e-03 -5.1460e-03 -5.1795e-03 -5.2103e-03 -5.2385e-03 -5.2640e-03 -5.2869e-03 -5.3073e-03 -5.3253e-03 -5.3408e-03 -5.3539e-03 -5.3646e-03 -5.3731e-03 -5.3792e-03 -5.3832e-03 -5.3850e-03 -5.3846e-03 -5.3821e-03 -5.3776e-03 -5.3710e-03 -5.3625e-03 -5.3521e-03 -5.3398e-03 -5.3256e-03 -5.3096e-03 -5.2919e-03 -5.2725e-03 -5.2513e-03 -5.2286e-03 -5.2043e-03 -5.1784e-03 -5.1510e-03 -5.1222e-03 -5.0920e-03 -5.0604e-03 -5.0275e-03 -4.9932e-03 -4.9578e-03 -4.9212e-03 -4.8834e-03 -4.8445e-03 -4.8045e-03 -4.7635e-03 -4.7215e-03 -4.6786e-03 -4.6348e-03 -4.5901e-03 -4.5447e-03 -4.4984e-03 -4.4514e-03 -4.4038e-03 -4.3554e-03 -4.3065e-03 -4.2570e-03 -4.2070e-03 -4.1564e-03 -4.1054e-03 -4.0540e-03 -4.0022e-03 -3.9501e-03 -3.8976e-03 -3.8449e-03 -3.7919e-03 -3.7388e-03 -3.6854e-03 -3.6319e-03
