2.9495e-08 -1.6567e-08 -3.0466e-08 -4.6962e-08 -6.5702e-08 -8.6427e-08 -1.0889e-07 -1.3285e-07 -1.5800e-07 -1.8396e-07 -2.1029e-07 -2.3643e-07 -2.6168e-07 -2.8527e-07 -3.0627e-07 -3.2372e-07 -3.3660e-07 -3.4391e-07 -3.4480e-07 -3.3865e-07 -3.2516e-07 -3.0450e-07 -2.7736e-07 -2.4498e-07 -2.0909e-07 -1.7175e-07 -1.3518e-07 -1.0144e-07 -7.2167e-08 -4.8365e-08 -3.0320e-08 -1.7639e-08 -9.4379e-09 -4.5981e-09 -2.0169e-09 -7.8643e-10 -2.6873e-10 -7.9181e-11 -1.9756e-11 -4.0885e-12 -6.8570e-13 -9.0765e-14 -9.2021e-15 -6.9059e-16 -3.6901e-17 -1.3429e-18 -3.1640e-20 -4.5532e-22 -3.7436e-24 -1.6284e-26 -3.4292e-29 -3.1555e-32 -1.1265e-35 -1.3588e-39 -4.7140e-44 -3.8958e-49 -6.1502e-55 -1.4303e-61 -3.6060e-69 -6.8542e-78 -6.3782e-88 -1.7355e-99 -7.4458e-113 -2.3952e-128 -2.3515e-146 -2.3642e-167 -6.4151e-192 -9.1361e-221 -9.0407e-255 -5.0399e-295 -0.0000e+00 -0.0000e+00 -0.0000e+00 -0.0000e+00 -0.0000e+00 -0.0000e+00 -0.0000e+00 -0.0000e+00 -0.0000e+00 -0.0000e+00 -0.0000e+00 -0.0000e+00 -0.0000e+00 -0.0000e+00 -0.0000e+00 -0.0000e+00 -0.0000e+00 -0.0000e+00 -0.0000e+00 -0.0000e+00 -0.0000e+00 -0.0000e+00 -0.0000e+00 -0.0000e+00 -0.0000e+00 -0.0000e+00 -0.0000e+00 -0.0000e+00 -0.0000e+00 -0.0000e+00 0.0000e+00 -1.6567e-08 -3.0466e-08 -4.6962e-08 -6.5702e-08 -8.6427e-08 -1.0889e-07 -1.3285e-07 -1.5800e-07 -1.8396e-07 -2.1029e-07 -2.3643e-07 -2.6168e-07 -2.8527e-07 -3.0627e-07 -3.2372e-07 -3.3660e-07 -3.4391e-07 -3.4480e-07 -3.3865e-07 -3.2516e-07 -3.0450e-07 -2.7736e-07 -2.4498e-07 -2.0909e-07 -1.7175e-07 -1.3518e-07 -1.0144e-07 -7.2166e-08 -4.8365e-08 -3.0320e-08 -1.7639e-08 -9.4378e-09 -4.5980e-09 -2.0168e-09 -7.8641e-10 -2.6872e-10 -7.9179e-11 -1.9755e-11 -4.0884e-12 -6.8567e-13 -9.0760e-14 -9.2016e-15 -6.9055e-16 -3.6898e-17 -1.3428e-18 -3.1637e-20 -4.5528e-22 -3.7432e-24 -1.6282e-26 -3.4287e-29 -3.1550e-32 -1.1263e-35 -1.3585e-39 -4.7128e-44 -3.8947e-49 -6.1481e-55 -1.4297e-61 -3.6044e-69 -6.8509e-78 -6.3746e-88 -1.7344e-99 -7.4405e-113 -2.3932e-128 -2.3493e-146 -2.3617e-167 -6.4070e-192 -9.1229e-221 -9.0256e-255 -5.0301e-295 -0.0000e+00 -0.0000e+00 -0.0000e+00 -0.0000e+00 -0.0000e+00 -0.0000e+00 -0.0000e+00 -0.0000e+00 -0.0000e+00 -0.0000e+00 -0.0000e+00 -0.0000e+00 -0.0000e+00 -0.0000e+00 -0.0000e+00 -0.0000e+00 -0.0000e+00 -0.0000e+00 -0.0000e+00 -0.0000e+00 -0.0000e+00 -0.0000e+00 -0.0000e+00 -0.0000e+00 -0.0000e+00 -0.0000e+00 -0.0000e+00 -0.0000e+00 -0.0000e+00 -0.0000e+00
-1.6567e-08 4.7237e-07 -8.6231e-08 -1.3292e-07 -1.8596e-07 -2.4462e-07 -3.0821e-07 -3.7602e-07 -4.4719e-07 -5.2068e-07 -5.9521e-07 -6.6917e-07 -7.4066e-07 -8.0741e-07 -8.6688e-07 -9.1627e-07 -9.5271e-07 -9.7341e-07 -9.7594e-07 -9.5853e-07 -9.2036e-07 -8.6189e-07 -7.8509e-07 -6.9345e-07 -5.9185e-07 -4.8618e-07 -3.8267e-07 -2.8716e-07 -2.0429e-07 -1.3692e-07 -8.5839e-08 -4.9939e-08 -2.6722e-08 -1.3019e-08 -5.7110e-09 -2.2270e-09 -7.6104e-10 -2.2426e-10 -5.5958e-11 -1.1582e-11 -1.9427e-12 -2.5719e-13 -2.6079e-14 -1.9575e-15 -1.0462e-16 -3.8082e-18 -8.9744e-20 -1.2918e-21 -1.0625e-23 -4.6232e-26 -9.7400e-29 -8.9668e-32 -3.2028e-35 -3.8656e-39 -1.3419e-43 -1.1099e-48 -1.7537e-54 -4.0824e-61 -1.0304e-68 -1.9612e-77 -1.8278e-87 -4.9821e-99 -2.1418e-112 -6.9057e-128 -6.7982e-146 -6.8565e-167 -1.8672e-191 -2.6707e-220 -2.6562e-254 -1.4895e-294 -0.0000e+00 -0.0000e+00 -0.0000e+00 -0.0000e+00 -0.0000e+00 -0.0000e+00 -0.0000e+00 -0.0000e+00 -0.0000e+00 -0.0000e+00 -0.0000e+00 -0.0000e+00 -0.0000e+00 -0.0000e+00 -0.0000e+00 -0.0000e+00 -0.0000e+00 -0.0000e+00 -0.0000e+00 -0.0000e+00 -0.0000e+00 -0.0000e+00 -0.0000e+00 -0.0000e+00 -0.0000e+00 -0.0000e+00 -0.0000e+00 -0.0000e+00 -0.0000e+00 -0.0000e+00 -1.6567e-08 0.0000e+00 -8.6231e-08 -1.3292e-07 -1.8596e-07 -2.4462e-07 -3.0821e-07 -3.7602e-07 -4.4719e-07 -5.2068e-07 -5.9521e-07 -6.6917e-07 -7.4066e-07 -8.0741e-07 -8.6687e-07 -9.1626e-07 -9.5269e-07 -9.7339e-07 -9.7592e-07 -9.5850e-07 -9.2033e-07 -8.6186e-07 -7.8505e-07 -6.9341e-07 -5.9181e-07 -4.8614e-07 -3.8263e-07 -2.8713e-07 -2.0427e-07 -1.3690e-07 -8.5823e-08 -4.9929e-08 -2.6715e-08 -1.3016e-08 -5.7092e-09 -2.2262e-09 -7.6072e-10 -2.2415e-10 -5.5927e-11 -1.1575e-11 -1.9413e-12 -2.5698e-13 -2.6055e-14 -1.9554e-15 -1.0449e-16 -3.8031e-18 -8.9608e-20 -1.2896e-21 -1.0604e-23 -4.6130e-26 -9.7158e-29 -8.9416e-32 -3.1926e-35 -3.8517e-39 -1.3365e-43 -1.1047e-48 -1.7445e-54 -4.0581e-61 -1.0235e-68 -1.9461e-77 -1.8118e-87 -4.9323e-99 -2.1174e-112 -6.8157e-128 -6.6968e-146 -6.7392e-167 -1.8306e-191 -2.6103e-220 -2.5869e-254 -1.4446e-294 -0.0000e+00 -0.0000e+00 -0.0000e+00 -0.0000e+00 -0.0000e+00 -0.0000e+00 -0.0000e+00 -0.0000e+00 -0.0000e+00 -0.0000e+00 -0.0000e+00 -0.0000e+00 -0.0000e+00 -0.0000e+00 -0.0000e+00 -0.0000e+00 -0.0000e+00 -0.0000e+00 -0.0000e+00 -0.0000e+00 -0.0000e+00 -0.0000e+00 -0.0000e+00 -0.0000e+00 -0.0000e+00 -0.0000e+00 -0.0000e+00 -0.0000e+00 -0.0000e+00 -0.0000e+00
-3.0466e-08 -8.6231e-08 2.3953e-06 -2.4444e-07 -3.4198e-07 -4.4985e-07 -5.6680e-07 -6.9149e-07 -8.2238e-07 -9.5754e-07 -1.0946e-06 -1.2306e-06 -1.3621e-06 -1.4849e-06 -1.5942e-06 -1.6851e-06 -1.7522e-06 -1.7903e-06 -1.7950e-06 -1.7630e-06 -1.6928e-06 -1.5854e-06 -1.4442e-06 -1.2757e-06 -1.0888e-06 -8.9450e-07 -7.0413e-07 -5.2844e-07 -3.7599e-07 -2.5203e-07 -1.5803e-07 -9.1952e-08 -4.9212e-08 -2.3982e-08 -1.0523e-08 -4.1045e-09 -1.4031e-09 -4.1361e-10 -1.0325e-10 -2.1380e-11 -3.5880e-12 -4.7529e-13 -4.8226e-14 -3.6226e-15 -1.9377e-16 -7.0603e-18 -1.6657e-19 -2.4006e-21 -1.9771e-23 -8.6163e-26 -1.8185e-28 -1.6774e-31 -6.0051e-35 -7.2663e-39 -2.5298e-43 -2.0992e-48 -3.3293e-54 -7.7833e-61 -1.9741e-68 -3.7782e-77 -3.5435e-87 -9.7288e-99 -4.2173e-112 -1.3728e-127 -1.3664e-145 -1.3957e-166 -3.8570e-191 -5.6109e-220 -5.6910e-254 -3.2650e-294 -0.0000e+00 -0.0000e+00 -0.0000e+00 -0.0000e+00 -0.0000e+00 -0.0000e+00 -0.0000e+00 -0.0000e+00 -0.0000e+00 -0.0000e+00 -0.0000e+00 -0.0000e+00 -0.0000e+00 -0.0000e+00 -0.0000e+00 -0.0000e+00 -0.0000e+00 -0.0000e+00 -0.0000e+00 -0.0000e+00 -0.0000e+00 -0.0000e+00 -0.0000e+00 -0.0000e+00 -0.0000e+00 -0.0000e+00 -0.0000e+00 -0.0000e+00 -0.0000e+00 -0.0000e+00 -3.0466e-08 -8.6231e-08 0.0000e+00 -2.4444e-07 -3.4198e-07 -4.4985e-07 -5.6680e-07 -6.9149e-07 -8.2237e-07 -9.5753e-07 -1.0946e-06 -1.2306e-06 -1.3621e-06 -1.4848e-06 -1.5942e-06 -1.6850e-06 -1.7520e-06 -1.7901e-06 -1.7948e-06 -1.7628e-06 -1.6926e-06 -1.5851e-06 -1.4438e-06 -1.2753e-06 -1.0885e-06 -8.9414e-07 -7.0379e-07 -5.2815e-07 -3.7575e-07 -2.5184e-07 -1.5789e-07 -9.1857e-08 -4.9153e-08 -2.3949e-08 -1.0506e-08 -4.0970e-09 -1.4001e-09 -4.1262e-10 -1.0296e-10 -2.1313e-11 -3.5752e-12 -4.7336e-13 -4.8004e-14 -3.6036e-15 -1.9262e-16 -7.0128e-18 -1.6530e-19 -2.3799e-21 -1.9578e-23 -8.5214e-26 -1.7958e-28 -1.6538e-31 -5.9095e-35 -7.1356e-39 -2.4783e-43 -2.0509e-48 -3.2427e-54 -7.5543e-61 -1.9084e-68 -3.6358e-77 -3.3922e-87 -9.2581e-99 -3.9859e-112 -1.2874e-127 -1.2699e-145 -1.2837e-166 -3.5056e-191 -5.0299e-220 -5.0213e-254 -2.8283e-294 -0.0000e+00 -0.0000e+00 -0.0000e+00 -0.0000e+00 -0.0000e+00 -0.0000e+00 -0.0000e+00 -0.0000e+00 -0.0000e+00 -0.0000e+00 -0.0000e+00 -0.0000e+00 -0.0000e+00 -0.0000e+00 -0.0000e+00 -0.0000e+00 -0.0000e+00 -0.0000e+00 -0.0000e+00 -0.0000e+00 -0.0000e+00 -0.0000e+00 -0.0000e+00 -0.0000e+00 -0.0000e+00 -0.0000e+00 -0.0000e+00 -0.0000e+00 -0.0000e+00 -0.0000e+00
-4.6962e-08 -1.3292e-07 -2.4444e-07 7.5873e-06 -5.2714e-07 -6.9341e-07 -8.7368e-07 -1.0659e-06 -1.2676e-06 -1.4760e-06 -1.6873e-06 -1.8970e-06 -2.0997e-06 -2.2890e-06 -2.4577e-06 -2.5979e-06 -2.7014e-06 -2.7603e-06 -2.7677e-06 -2.7186e-06 -2.6107e-06 -2.4452e-06 -2.2278e-06 -1.9681e-06 -1.6802e-06 -1.3806e-06 -1.0870e-06 -8.1603e-07 -5.8079e-07 -3.8945e-07 -2.4429e-07 -1.4221e-07 -7.6152e-08 -3.7133e-08 -1.6304e-08 -6.3645e-09 -2.1775e-09 -6.4254e-10 -1.6057e-10 -3.3292e-11 -5.5949e-12 -7.4231e-13 -7.5455e-14 -5.6793e-15 -3.0447e-16 -1.1122e-17 -2.6314e-19 -3.8047e-21 -3.1449e-23 -1.3762e-25 -2.9178e-28 -2.7055e-31 -9.7419e-35 -1.1866e-38 -4.1618e-43 -3.4825e-48 -5.5755e-54 -1.3174e-60 -3.3819e-68 -6.5610e-77 -6.2486e-87 -1.7456e-98 -7.7170e-112 -2.5683e-127 -2.6211e-145 -2.7541e-166 -7.8575e-191 -1.1849e-219 -1.2515e-253 -7.5153e-294 -0.0000e+00 -0.0000e+00 -0.0000e+00 -0.0000e+00 -0.0000e+00 -0.0000e+00 -0.0000e+00 -0.0000e+00 -0.0000e+00 -0.0000e+00 -0.0000e+00 -0.0000e+00 -0.0000e+00 -0.0000e+00 -0.0000e+00 -0.0000e+00 -0.0000e+00 -0.0000e+00 -0.0000e+00 -0.0000e+00 -0.0000e+00 -0.0000e+00 -0.0000e+00 -0.0000e+00 -0.0000e+00 -0.0000e+00 -0.0000e+00 -0.0000e+00 -0.0000e+00 -0.0000e+00 -4.6962e-08 -1.3292e-07 -2.4444e-07 0.0000e+00 -5.2714e-07 -6.9341e-07 -8.7367e-07 -1.0659e-06 -1.2676e-06 -1.4760e-06 -1.6872e-06 -1.8969e-06 -2.0996e-06 -2.2888e-06 -2.4574e-06 -2.5975e-06 -2.7008e-06 -2.7596e-06 -2.7668e-06 -2.7175e-06 -2.6094e-06 -2.4438e-06 -2.2261e-06 -1.9664e-06 -1.6784e-06 -1.3788e-06 -1.0854e-06 -8.1459e-07 -5.7959e-07 -3.8851e-07 -2.4360e-07 -1.4175e-07 -7.5864e-08 -3.6971e-08 -1.6222e-08 -6.3277e-09 -2.1631e-09 -6.3768e-10 -1.5918e-10 -3.2964e-11 -5.5323e-12 -7.3287e-13 -7.4366e-14 -5.5864e-15 -2.9884e-16 -1.0889e-17 -2.5692e-19 -3.7031e-21 -3.0501e-23 -1.3294e-25 -2.8061e-28 -2.5889e-31 -9.2696e-35 -1.1219e-38 -3.9068e-43 -3.2427e-48 -5.1444e-54 -1.2031e-60 -3.0528e-68 -5.8456e-77 -5.4857e-87 -1.5072e-98 -6.5388e-112 -2.1307e-127 -2.1232e-145 -2.1719e-166 -6.0126e-191 -8.7656e-220 -8.9147e-254 -5.1316e-294 -0.0000e+00 -0.0000e+00 -0.0000e+00 -0.0000e+00 -0.0000e+00 -0.0000e+00 -0.0000e+00 -0.0000e+00 -0.0000e+00 -0.0000e+00 -0.0000e+00 -0.0000e+00 -0.0000e+00 -0.0000e+00 -0.0000e+00 -0.0000e+00 -0.0000e+00 -0.0000e+00 -0.0000e+00 -0.0000e+00 -0.0000e+00 -0.0000e+00 -0.0000e+00 -0.0000e+00 -0.0000e+00 -0.0000e+00 -0.0000e+00 -0.0000e+00 -0.0000e+00 -0.0000e+00
-6.5702e-08 -1.8596e-07 -3.4198e-07 -5.2714e-07 1.8578e-05 -9.7013e-07 -1.2223e-06 -1.4913e-06 -1.7736e-06 -2.0651e-06 -2.3608e-06 -2.6543e-06 -2.9381e-06 -3.2031e-06 -3.4394e-06 -3.6358e-06 -3.7810e-06 -3.8640e-06 -3.8749e-06 -3.8069e-06 -3.6565e-06 -3.4256e-06 -3.1218e-06 -2.7588e-06 -2.3561e-06 -1.9368e-06 -1.5258e-06 -1.1460e-06 -8.1622e-07 -5.4772e-07 -3.4387e-07 -2.0038e-07 -1.0742e-07 -5.2446e-08 -2.3060e-08 -9.0164e-09 -3.0905e-09 -9.1379e-10 -2.2889e-10 -4.7579e-11 -8.0194e-12 -1.0675e-12 -1.0891e-13 -8.2310e-15 -4.4332e-16 -1.6278e-17 -3.8737e-19 -5.6373e-21 -4.6936e-23 -2.0706e-25 -4.4301e-28 -4.1495e-31 -1.5112e-34 -1.8640e-38 -6.6302e-43 -5.6355e-48 -9.1809e-54 -2.2117e-60 -5.8010e-68 -1.1526e-76 -1.1270e-86 -3.2418e-98 -1.4800e-111 -5.1039e-127 -5.4163e-145 -5.9406e-166 -1.7766e-190 -2.8210e-219 -3.1526e-253 -2.0137e-293 -0.0000e+00 -0.0000e+00 -0.0000e+00 -0.0000e+00 -0.0000e+00 -0.0000e+00 -0.0000e+00 -0.0000e+00 -0.0000e+00 -0.0000e+00 -0.0000e+00 -0.0000e+00 -0.0000e+00 -0.0000e+00 -0.0000e+00 -0.0000e+00 -0.0000e+00 -0.0000e+00 -0.0000e+00 -0.0000e+00 -0.0000e+00 -0.0000e+00 -0.0000e+00 -0.0000e+00 -0.0000e+00 -0.0000e+00 -0.0000e+00 -0.0000e+00 -0.0000e+00 -0.0000e+00 -6.5702e-08 -1.8596e-07 -3.4198e-07 -5.2714e-07 0.0000e+00 -9.7013e-07 -1.2223e-06 -1.4912e-06 -1.7735e-06 -2.0650e-06 -2.3606e-06 -2.6540e-06 -2.9376e-06 -3.2024e-06 -3.4384e-06 -3.6344e-06 -3.7792e-06 -3.8615e-06 -3.8719e-06 -3.8031e-06 -3.6521e-06 -3.4205e-06 -3.1162e-06 -2.7529e-06 -2.3500e-06 -1.9309e-06 -1.5202e-06 -1.1411e-06 -8.1211e-07 -5.4450e-07 -3.4151e-07 -1.9879e-07 -1.0643e-07 -5.1889e-08 -2.2779e-08 -8.8902e-09 -3.0410e-09 -8.9709e-10 -2.2412e-10 -4.6452e-11 -7.8037e-12 -1.0349e-12 -1.0515e-13 -7.9103e-15 -4.2383e-16 -1.5472e-17 -3.6579e-19 -5.2845e-21 -4.3641e-23 -1.9077e-25 -4.0402e-28 -3.7414e-31 -1.3453e-34 -1.6361e-38 -5.7284e-43 -4.7841e-48 -7.6431e-54 -1.8018e-60 -4.6134e-68 -8.9253e-77 -8.4746e-87 -2.3598e-98 -1.0396e-111 -3.4474e-127 -3.5050e-145 -3.6689e-166 -1.0429e-190 -1.5674e-219 -1.6508e-253 -9.8933e-294 -0.0000e+00 -0.0000e+00 -0.0000e+00 -0.0000e+00 -0.0000e+00 -0.0000e+00 -0.0000e+00 -0.0000e+00 -0.0000e+00 -0.0000e+00 -0.0000e+00 -0.0000e+00 -0.0000e+00 -0.0000e+00 -0.0000e+00 -0.0000e+00 -0.0000e+00 -0.0000e+00 -0.0000e+00 -0.0000e+00 -0.0000e+00 -0.0000e+00 -0.0000e+00 -0.0000e+00 -0.0000e+00 -0.0000e+00 -0.0000e+00 -0.0000e+00 -0.0000e+00 -0.0000e+00
-8.6427e-08 -2.4462e-07 -4.4985e-07 -6.9341e-07 -9.7013e-07 3.8660e-05 -1.6079e-06 -1.9617e-06 -2.3331e-06 -2.7168e-06 -3.1059e-06 -3.4922e-06 -3.8658e-06 -4.2150e-06 -4.5264e-06 -4.7856e-06 -4.9777e-06 -5.0879e-06 -5.1037e-06 -5.0156e-06 -4.8193e-06 -4.5169e-06 -4.1184e-06 -3.6418e-06 -3.1123e-06 -2.5605e-06 -2.0189e-06 -1.5181e-06 -1.0825e-06 -7.2739e-07 -4.5738e-07 -2.6700e-07 -1.4342e-07 -7.0182e-08 -3.0938e-08 -1.2131e-08 -4.1717e-09 -1.2380e-09 -3.1137e-10 -6.5022e-11 -1.1016e-11 -1.4747e-12 -1.5142e-13 -1.1526e-14 -6.2572e-16 -2.3179e-17 -5.5701e-19 -8.1945e-21 -6.9050e-23 -3.0869e-25 -6.7019e-28 -6.3796e-31 -2.3649e-34 -2.9744e-38 -1.0809e-42 -9.4043e-48 -1.5717e-53 -3.8930e-60 -1.0524e-67 -2.1607e-76 -2.1893e-86 -6.5439e-98 -3.1143e-111 -1.1232e-126 -1.2510e-144 -1.4456e-165 -4.5736e-190 -7.7179e-219 -9.2136e-253 -6.3227e-293 -0.0000e+00 -0.0000e+00 -0.0000e+00 -0.0000e+00 -0.0000e+00 -0.0000e+00 -0.0000e+00 -0.0000e+00 -0.0000e+00 -0.0000e+00 -0.0000e+00 -0.0000e+00 -0.0000e+00 -0.0000e+00 -0.0000e+00 -0.0000e+00 -0.0000e+00 -0.0000e+00 -0.0000e+00 -0.0000e+00 -0.0000e+00 -0.0000e+00 -0.0000e+00 -0.0000e+00 -0.0000e+00 -0.0000e+00 -0.0000e+00 -0.0000e+00 -0.0000e+00 -0.0000e+00 -8.6427e-08 -2.4462e-07 -4.4985e-07 -6.9341e-07 -9.7013e-07 0.0000e+00 -1.6079e-06 -1.9616e-06 -2.3330e-06 -2.7164e-06 -3.1053e-06 -3.4914e-06 -3.8645e-06 -4.2130e-06 -4.5237e-06 -4.7818e-06 -4.9725e-06 -5.0813e-06 -5.0953e-06 -5.0054e-06 -4.8072e-06 -4.5030e-06 -4.1031e-06 -3.6254e-06 -3.0956e-06 -2.5441e-06 -2.0036e-06 -1.5046e-06 -1.0712e-06 -7.1854e-07 -4.5091e-07 -2.6262e-07 -1.4070e-07 -6.8653e-08 -3.0164e-08 -1.1784e-08 -4.0355e-09 -1.1920e-09 -2.9821e-10 -6.1909e-11 -1.0419e-11 -1.3846e-12 -1.4100e-13 -1.0635e-14 -5.7149e-16 -2.0931e-17 -4.9667e-19 -7.2053e-21 -5.9781e-23 -2.6271e-25 -5.5967e-28 -5.2175e-31 -1.8903e-34 -2.3183e-38 -8.1952e-43 -6.9185e-48 -1.1188e-53 -2.6740e-60 -6.9539e-68 -1.3691e-76 -1.3261e-86 -3.7763e-98 -1.7064e-111 -5.8235e-127 -6.1164e-145 -6.6423e-166 -1.9684e-190 -3.1010e-219 -3.4450e-253 -2.1931e-293 -0.0000e+00 -0.0000e+00 -0.0000e+00 -0.0000e+00 -0.0000e+00 -0.0000e+00 -0.0000e+00 -0.0000e+00 -0.0000e+00 -0.0000e+00 -0.0000e+00 -0.0000e+00 -0.0000e+00 -0.0000e+00 -0.0000e+00 -0.0000e+00 -0.0000e+00 -0.0000e+00 -0.0000e+00 -0.0000e+00 -0.0000e+00 -0.0000e+00 -0.0000e+00 -0.0000e+00 -0.0000e+00 -0.0000e+00 -0.0000e+00 -0.0000e+00 -0.0000e+00 -0.0000e+00
-1.0889e-07 -3.0821e-07 -5.6680e-07 -8.7368e-07 -1.2223e-06 -1.6079e-06 7.1924e-05 -2.4719e-06 -2.9400e-06 -3.4235e-06 -3.9142e-06 -4.4014e-06 -4.8729e-06 -5.3139e-06 -5.7076e-06 -6.0360e-06 -6.2800e-06 -6.4215e-06 -6.4442e-06 -6.3362e-06 -6.0919e-06 -5.7137e-06 -5.2140e-06 -4.6151e-06 -3.9486e-06 -3.2528e-06 -2.5686e-06 -1.9347e-06 -1.3823e-06 -9.3096e-07 -5.8688e-07 -3.4358e-07 -1.8516e-07 -9.0938e-08 -4.0253e-08 -1.5857e-08 -5.4812e-09 -1.6361e-09 -4.1414e-10 -8.7106e-11 -1.4875e-11 -2.0091e-12 -2.0831e-13 -1.6028e-14 -8.8051e-16 -3.3045e-17 -8.0555e-19 -1.2038e-20 -1.0318e-22 -4.6995e-25 -1.0411e-27 -1.0130e-30 -3.8453e-34 -4.9616e-38 -1.8533e-42 -1.6609e-47 -2.8651e-53 -7.3418e-60 -2.0581e-67 -4.3928e-76 -4.6395e-86 -1.4497e-97 -7.2344e-111 -2.7453e-126 -3.2294e-144 -3.9581e-165 -1.3346e-189 -2.4132e-218 -3.1060e-252 -2.3144e-292 -0.0000e+00 -0.0000e+00 -0.0000e+00 -0.0000e+00 -0.0000e+00 -0.0000e+00 -0.0000e+00 -0.0000e+00 -0.0000e+00 -0.0000e+00 -0.0000e+00 -0.0000e+00 -0.0000e+00 -0.0000e+00 -0.0000e+00 -0.0000e+00 -0.0000e+00 -0.0000e+00 -0.0000e+00 -0.0000e+00 -0.0000e+00 -0.0000e+00 -0.0000e+00 -0.0000e+00 -0.0000e+00 -0.0000e+00 -0.0000e+00 -0.0000e+00 -0.0000e+00 -0.0000e+00 -1.0889e-07 -3.0821e-07 -5.6680e-07 -8.7367e-07 -1.2223e-06 -1.6079e-06 0.0000e+00 -2.4716e-06 -2.9396e-06 -3.4228e-06 -3.9129e-06 -4.3995e-06 -4.8699e-06 -5.3093e-06 -5.7011e-06 -6.0270e-06 -6.2680e-06 -6.4059e-06 -6.4245e-06 -6.3122e-06 -6.0634e-06 -5.6812e-06 -5.1780e-06 -4.5768e-06 -3.9094e-06 -3.2144e-06 -2.5328e-06 -1.9030e-06 -1.3558e-06 -9.1014e-07 -5.7165e-07 -3.3328e-07 -1.7876e-07 -8.7331e-08 -3.8427e-08 -1.5037e-08 -5.1587e-09 -1.5269e-09 -3.8291e-10 -7.9702e-11 -1.3454e-11 -1.7939e-12 -1.8337e-13 -1.3889e-14 -7.4986e-16 -2.7610e-17 -6.5908e-19 -9.6254e-21 -8.0461e-23 -3.5657e-25 -7.6682e-28 -7.2246e-31 -2.6486e-34 -3.2917e-38 -1.1810e-42 -1.0138e-47 -1.6703e-53 -4.0763e-60 -1.0851e-67 -2.1931e-76 -2.1871e-86 -6.4351e-98 -3.0160e-111 -1.0721e-126 -1.1785e-144 -1.3464e-165 -4.2226e-190 -7.0859e-219 -8.4464e-253 -5.8166e-293 -0.0000e+00 -0.0000e+00 -0.0000e+00 -0.0000e+00 -0.0000e+00 -0.0000e+00 -0.0000e+00 -0.0000e+00 -0.0000e+00 -0.0000e+00 -0.0000e+00 -0.0000e+00 -0.0000e+00 -0.0000e+00 -0.0000e+00 -0.0000e+00 -0.0000e+00 -0.0000e+00 -0.0000e+00 -0.0000e+00 -0.0000e+00 -0.0000e+00 -0.0000e+00 -0.0000e+00 -0.0000e+00 -0.0000e+00 -0.0000e+00 -0.0000e+00 -0.0000e+00 -0.0000e+00
-1.3285e-07 -3.7602e-07 -6.9149e-07 -1.0659e-06 -1.4913e-06 -1.9617e-06 -2.4719e-06 1.2330e-04 -3.5873e-06 -4.1777e-06 -4.7769e-06 -5.3724e-06 -5.9490e-06 -6.4888e-06 -6.9718e-06 -7.3756e-06 -7.6773e-06 -7.8546e-06 -7.8876e-06 -7.7616e-06 -7.4693e-06 -7.0135e-06 -6.4083e-06 -5.6808e-06 -4.8688e-06 -4.0188e-06 -3.1808e-06 -2.4021e-06 -1.7214e-06 -1.1632e-06 -7.3612e-07 -4.3282e-07 -2.3438e-07 -1.1574e-07 -5.1544e-08 -2.0443e-08 -7.1198e-09 -2.1430e-09 -5.4748e-10 -1.1633e-10 -2.0089e-11 -2.7468e-12 -2.8864e-13 -2.2536e-14 -1.2579e-15 -4.8029e-17 -1.1928e-18 -1.8187e-20 -1.5929e-22 -7.4247e-25 -1.6861e-27 -1.6845e-30 -6.5768e-34 -8.7440e-38 -3.3717e-42 -3.1255e-47 -5.5886e-53 -1.4877e-59 -4.3430e-67 -9.6782e-76 -1.0703e-85 -3.5131e-97 -1.8482e-110 -7.4236e-126 -9.2853e-144 -1.2163e-164 -4.4085e-189 -8.6262e-218 -1.2106e-251 -9.9207e-292 -0.0000e+00 -0.0000e+00 -0.0000e+00 -0.0000e+00 -0.0000e+00 -0.0000e+00 -0.0000e+00 -0.0000e+00 -0.0000e+00 -0.0000e+00 -0.0000e+00 -0.0000e+00 -0.0000e+00 -0.0000e+00 -0.0000e+00 -0.0000e+00 -0.0000e+00 -0.0000e+00 -0.0000e+00 -0.0000e+00 -0.0000e+00 -0.0000e+00 -0.0000e+00 -0.0000e+00 -0.0000e+00 -0.0000e+00 -0.0000e+00 -0.0000e+00 -0.0000e+00 -0.0000e+00 -1.3285e-07 -3.7602e-07 -6.9149e-07 -1.0659e-06 -1.4912e-06 -1.9616e-06 -2.4716e-06 0.0000e+00 -3.5864e-06 -4.1761e-06 -4.7743e-06 -5.3682e-06 -5.9425e-06 -6.4793e-06 -6.9582e-06 -7.3568e-06 -7.6522e-06 -7.8219e-06 -7.8464e-06 -7.7113e-06 -7.4098e-06 -6.9452e-06 -6.3329e-06 -5.6004e-06 -4.7866e-06 -3.9383e-06 -3.1056e-06 -2.3355e-06 -1.6656e-06 -1.1195e-06 -7.0406e-07 -4.1110e-07 -2.2088e-07 -1.0812e-07 -4.7681e-08 -1.8705e-08 -6.4352e-09 -1.9108e-09 -4.8089e-10 -1.0050e-10 -1.7041e-11 -2.2836e-12 -2.3475e-13 -1.7894e-14 -9.7296e-16 -3.6109e-17 -8.6963e-19 -1.2827e-20 -1.0841e-22 -4.8637e-25 -1.0604e-27 -1.0144e-30 -3.7826e-34 -4.7907e-38 -1.7553e-42 -1.5422e-47 -2.6075e-53 -6.5481e-60 -1.7992e-67 -3.7661e-76 -3.9043e-86 -1.1990e-97 -5.8915e-111 -2.2064e-126 -2.5690e-144 -3.1275e-165 -1.0520e-189 -1.9073e-218 -2.4763e-252 -1.8744e-292 -0.0000e+00 -0.0000e+00 -0.0000e+00 -0.0000e+00 -0.0000e+00 -0.0000e+00 -0.0000e+00 -0.0000e+00 -0.0000e+00 -0.0000e+00 -0.0000e+00 -0.0000e+00 -0.0000e+00 -0.0000e+00 -0.0000e+00 -0.0000e+00 -0.0000e+00 -0.0000e+00 -0.0000e+00 -0.0000e+00 -0.0000e+00 -0.0000e+00 -0.0000e+00 -0.0000e+00 -0.0000e+00 -0.0000e+00 -0.0000e+00 -0.0000e+00 -0.0000e+00 -0.0000e+00
-1.5800e-07 -4.4719e-07 -8.2238e-07 -1.2676e-06 -1.7736e-06 -2.3331e-06 -2.9400e-06 -3.5873e-06 1.9859e-04 -4.9701e-06 -5.6839e-06 -6.3938e-06 -7.0819e-06 -7.7274e-06 -8.3061e-06 -8.7921e-06 -9.1579e-06 -9.3769e-06 -9.4255e-06 -9.2857e-06 -8.9482e-06 -8.4156e-06 -7.7039e-06 -6.8441e-06 -5.8805e-06 -4.8679e-06 -3.8655e-06 -2.9302e-06 -2.1087e-06 -1.4318e-06 -9.1099e-07 -5.3889e-07 -2.9380e-07 -1.4618e-07 -6.5644e-08 -2.6277e-08 -9.2449e-09 -2.8138e-09 -7.2768e-10 -1.5669e-10 -2.7452e-11 -3.8126e-12 -4.0746e-13 -3.2396e-14 -1.8437e-15 -7.1876e-17 -1.8251e-18 -2.8490e-20 -2.5585e-22 -1.2246e-24 -2.8600e-27 -2.9432e-30 -1.1857e-33 -1.6294e-37 -6.5069e-42 -6.2594e-47 -1.1641e-52 -3.2311e-59 -9.8616e-67 -2.3047e-75 -2.6821e-85 -9.2992e-97 -5.1901e-110 -2.2223e-125 -2.9791e-143 -4.2081e-164 -1.6562e-188 -3.5465e-217 -5.4949e-251 -5.0214e-291 -0.0000e+00 -0.0000e+00 -0.0000e+00 -0.0000e+00 -0.0000e+00 -0.0000e+00 -0.0000e+00 -0.0000e+00 -0.0000e+00 -0.0000e+00 -0.0000e+00 -0.0000e+00 -0.0000e+00 -0.0000e+00 -0.0000e+00 -0.0000e+00 -0.0000e+00 -0.0000e+00 -0.0000e+00 -0.0000e+00 -0.0000e+00 -0.0000e+00 -0.0000e+00 -0.0000e+00 -0.0000e+00 -0.0000e+00 -0.0000e+00 -0.0000e+00 -0.0000e+00 -0.0000e+00 -1.5800e-07 -4.4719e-07 -8.2237e-07 -1.2676e-06 -1.7735e-06 -2.3330e-06 -2.9396e-06 -3.5864e-06 0.0000e+00 -4.9671e-06 -5.6789e-06 -6.3858e-06 -7.0697e-06 -7.7092e-06 -8.2801e-06 -8.7561e-06 -9.1097e-06 -9.3143e-06 -9.3466e-06 -9.1892e-06 -8.8339e-06 -8.2846e-06 -7.5590e-06 -6.6896e-06 -5.7225e-06 -4.7130e-06 -3.7208e-06 -2.8019e-06 -2.0012e-06 -1.3473e-06 -8.4902e-07 -4.9684e-07 -2.6762e-07 -1.3137e-07 -5.8120e-08 -2.2882e-08 -7.9046e-09 -2.3578e-09 -5.9644e-10 -1.2536e-10 -2.1394e-11 -2.8876e-12 -2.9923e-13 -2.3013e-14 -1.2638e-15 -4.7425e-17 -1.1563e-18 -1.7288e-20 -1.4835e-22 -6.7678e-25 -1.5031e-27 -1.4676e-30 -5.5975e-34 -7.2678e-38 -2.7368e-42 -2.4780e-47 -4.3303e-53 -1.1276e-59 -3.2240e-67 -7.0485e-76 -7.6635e-86 -2.4794e-97 -1.2898e-110 -5.1413e-126 -6.4092e-144 -8.4090e-165 -3.0704e-189 -6.0917e-218 -8.7336e-252 -7.3744e-292 -0.0000e+00 -0.0000e+00 -0.0000e+00 -0.0000e+00 -0.0000e+00 -0.0000e+00 -0.0000e+00 -0.0000e+00 -0.0000e+00 -0.0000e+00 -0.0000e+00 -0.0000e+00 -0.0000e+00 -0.0000e+00 -0.0000e+00 -0.0000e+00 -0.0000e+00 -0.0000e+00 -0.0000e+00 -0.0000e+00 -0.0000e+00 -0.0000e+00 -0.0000e+00 -0.0000e+00 -0.0000e+00 -0.0000e+00 -0.0000e+00 -0.0000e+00 -0.0000e+00 -0.0000e+00
-1.8396e-07 -5.2068e-07 -9.5754e-07 -1.4760e-06 -2.0651e-06 -2.7168e-06 -3.4235e-06 -4.1777e-06 -4.9701e-06 3.0456e-04 -6.6227e-06 -7.4520e-06 -8.2573e-06 -9.0143e-06 -9.6955e-06 -1.0271e-05 -1.0708e-05 -1.0977e-05 -1.1048e-05 -1.0902e-05 -1.0526e-05 -9.9215e-06 -9.1060e-06 -8.1140e-06 -6.9958e-06 -5.8141e-06 -4.6377e-06 -3.5334e-06 -2.5575e-06 -1.7478e-06 -1.1200e-06 -6.6788e-07 -3.6737e-07 -1.8458e-07 -8.3788e-08 -3.3937e-08 -1.2094e-08 -3.7325e-09 -9.7988e-10 -2.1444e-10 -3.8228e-11 -5.4086e-12 -5.8956e-13 -4.7868e-14 -2.7856e-15 -1.1118e-16 -2.8939e-18 -4.6372e-20 -4.2807e-22 -2.1091e-24 -5.0786e-27 -5.3973e-30 -2.2494e-33 -3.2044e-37 -1.3293e-41 -1.3315e-46 -2.5851e-52 -7.5126e-59 -2.4085e-66 -5.9339e-75 -7.3093e-85 -2.6945e-96 -1.6070e-109 -7.3939e-125 -1.0718e-142 -1.6486e-163 -7.1216e-188 -1.6885e-216 -2.9259e-250 -3.0242e-290 -0.0000e+00 -0.0000e+00 -0.0000e+00 -0.0000e+00 -0.0000e+00 -0.0000e+00 -0.0000e+00 -0.0000e+00 -0.0000e+00 -0.0000e+00 -0.0000e+00 -0.0000e+00 -0.0000e+00 -0.0000e+00 -0.0000e+00 -0.0000e+00 -0.0000e+00 -0.0000e+00 -0.0000e+00 -0.0000e+00 -0.0000e+00 -0.0000e+00 -0.0000e+00 -0.0000e+00 -0.0000e+00 -0.0000e+00 -0.0000e+00 -0.0000e+00 -0.0000e+00 -0.0000e+00 -1.8396e-07 -5.2068e-07 -9.5753e-07 -1.4760e-06 -2.0650e-06 -2.7164e-06 -3.4228e-06 -4.1761e-06 -4.9671e-06 0.0000e+00 -6.6138e-06 -7.4378e-06 -8.2354e-06 -8.9818e-06 -9.6491e-06 -1.0206e-05 -1.0622e-05 -1.0865e-05 -1.0907e-05 -1.0729e-05 -1.0321e-05 -9.6869e-06 -8.8464e-06 -7.8372e-06 -6.7122e-06 -5.5359e-06 -4.3775e-06 -3.3024e-06 -2.3637e-06 -1.5952e-06 -1.0079e-06 -5.9166e-07 -3.1981e-07 -1.5761e-07 -7.0037e-08 -2.7712e-08 -9.6265e-09 -2.8895e-09 -7.3606e-10 -1.5592e-10 -2.6841e-11 -3.6581e-12 -3.8316e-13 -2.9821e-14 -1.6595e-15 -6.3187e-17 -1.5656e-18 -2.3827e-20 -2.0848e-22 -9.7176e-25 -2.2096e-27 -2.2138e-30 -8.6846e-34 -1.1629e-37 -4.5284e-42 -4.2530e-47 -7.7342e-53 -2.1032e-59 -6.3034e-67 -1.4505e-75 -1.6674e-85 -5.7315e-97 -3.1845e-110 -1.3638e-125 -1.8385e-143 -2.6272e-164 -1.0532e-188 -2.3146e-217 -3.7130e-251 -3.5479e-291 -0.0000e+00 -0.0000e+00 -0.0000e+00 -0.0000e+00 -0.0000e+00 -0.0000e+00 -0.0000e+00 -0.0000e+00 -0.0000e+00 -0.0000e+00 -0.0000e+00 -0.0000e+00 -0.0000e+00 -0.0000e+00 -0.0000e+00 -0.0000e+00 -0.0000e+00 -0.0000e+00 -0.0000e+00 -0.0000e+00 -0.0000e+00 -0.0000e+00 -0.0000e+00 -0.0000e+00 -0.0000e+00 -0.0000e+00 -0.0000e+00 -0.0000e+00 -0.0000e+00 -0.0000e+00
-2.1029e-07 -5.9521e-07 -1.0946e-06 -1.6873e-06 -2.3608e-06 -3.1059e-06 -3.9142e-06 -4.7769e-06 -5.6839e-06 -6.6227e-06 4.4897e-04 -8.5303e-06 -9.4571e-06 -1.0331e-05 -1.1121e-05 -1.1793e-05 -1.2311e-05 -1.2639e-05 -1.2745e-05 -1.2604e-05 -1.2200e-05 -1.1534e-05 -1.0623e-05 -9.5033e-06 -8.2312e-06 -6.8765e-06 -5.5175e-06 -4.2318e-06 -3.0858e-06 -2.1263e-06 -1.3752e-06 -8.2833e-07 -4.6070e-07 -2.3429e-07 -1.0776e-07 -4.4271e-08 -1.6020e-08 -5.0258e-09 -1.3427e-09 -2.9937e-10 -5.4433e-11 -7.8639e-12 -8.7629e-13 -7.2817e-14 -4.3419e-15 -1.7779e-16 -4.7538e-18 -7.8355e-20 -7.4510e-22 -3.7876e-24 -9.4256e-27 -1.0372e-29 -4.4847e-33 -6.6433e-37 -2.8728e-41 -3.0080e-46 -6.1237e-52 -1.8723e-58 -6.3391e-66 -1.6562e-74 -2.1734e-84 -8.5794e-96 -5.5102e-109 -2.7475e-124 -4.3467e-142 -7.3543e-163 -3.5252e-187 -9.3666e-216 -1.8391e-249 -2.1812e-289 -0.0000e+00 -0.0000e+00 -0.0000e+00 -0.0000e+00 -0.0000e+00 -0.0000e+00 -0.0000e+00 -0.0000e+00 -0.0000e+00 -0.0000e+00 -0.0000e+00 -0.0000e+00 -0.0000e+00 -0.0000e+00 -0.0000e+00 -0.0000e+00 -0.0000e+00 -0.0000e+00 -0.0000e+00 -0.0000e+00 -0.0000e+00 -0.0000e+00 -0.0000e+00 -0.0000e+00 -0.0000e+00 -0.0000e+00 -0.0000e+00 -0.0000e+00 -0.0000e+00 -0.0000e+00 -2.1029e-07 -5.9521e-07 -1.0946e-06 -1.6872e-06 -2.3606e-06 -3.1053e-06 -3.9129e-06 -4.7743e-06 -5.6789e-06 -6.6138e-06 0.0000e+00 -8.5062e-06 -9.4201e-06 -1.0276e-05 -1.1043e-05 -1.1685e-05 -1.2166e-05 -1.2450e-05 -1.2507e-05 -1.2312e-05 -1.1854e-05 -1.1137e-05 -1.0183e-05 -9.0342e-06 -7.7500e-06 -6.4039e-06 -5.0749e-06 -3.8380e-06 -2.7549e-06 -1.8652e-06 -1.1829e-06 -6.9722e-07 -3.7863e-07 -1.8758e-07 -8.3848e-08 -3.3396e-08 -1.1687e-08 -3.5370e-09 -9.0929e-10 -1.9459e-10 -3.3878e-11 -4.6751e-12 -4.9649e-13 -3.9233e-14 -2.2200e-15 -8.6093e-17 -2.1764e-18 -3.3860e-20 -3.0346e-22 -1.4519e-24 -3.3967e-27 -3.5099e-30 -1.4239e-33 -1.9771e-37 -8.0086e-42 -7.8490e-47 -1.4947e-52 -4.2722e-59 -1.3514e-66 -3.2965e-75 -4.0366e-85 -1.4858e-96 -8.8918e-110 -4.1280e-125 -6.0753e-143 -9.5530e-164 -4.2514e-188 -1.0476e-216 -1.9051e-250 -2.0899e-290 -0.0000e+00 -0.0000e+00 -0.0000e+00 -0.0000e+00 -0.0000e+00 -0.0000e+00 -0.0000e+00 -0.0000e+00 -0.0000e+00 -0.0000e+00 -0.0000e+00 -0.0000e+00 -0.0000e+00 -0.0000e+00 -0.0000e+00 -0.0000e+00 -0.0000e+00 -0.0000e+00 -0.0000e+00 -0.0000e+00 -0.0000e+00 -0.0000e+00 -0.0000e+00 -0.0000e+00 -0.0000e+00 -0.0000e+00 -0.0000e+00 -0.0000e+00 -0.0000e+00 -0.0000e+00
-2.3643e-07 -6.6917e-07 -1.2306e-06 -1.8970e-06 -2.6543e-06 -3.4922e-06 -4.4014e-06 -5.3724e-06 -6.3938e-06 -7.4520e-06 -8.5303e-06 6.4066e-04 -1.0659e-05 -1.1654e-05 -1.2560e-05 -1.3337e-05 -1.3946e-05 -1.4346e-05 -1.4502e-05 -1.4382e-05 -1.3968e-05 -1.3256e-05 -1.2264e-05 -1.1028e-05 -9.6079e-06 -8.0799e-06 -6.5315e-06 -5.0512e-06 -3.7174e-06 -2.5878e-06 -1.6924e-06 -1.0319e-06 -5.8155e-07 -3.0000e-07 -1.4011e-07 -5.8511e-08 -2.1545e-08 -6.8853e-09 -1.8758e-09 -4.2691e-10 -7.9322e-11 -1.1723e-11 -1.3378e-12 -1.1397e-13 -6.9758e-15 -2.9357e-16 -8.0791e-18 -1.3726e-19 -1.3475e-21 -7.0843e-24 -1.8269e-26 -2.0876e-29 -9.3963e-33 -1.4526e-36 -6.5750e-41 -7.2285e-46 -1.5505e-51 -5.0143e-58 -1.8033e-65 -5.0278e-74 -7.0773e-84 -3.0138e-95 -2.1013e-108 -1.1454e-123 -1.9964e-141 -3.7535e-162 -2.0189e-186 -6.0849e-215 -1.3720e-248 -1.8945e-288 -0.0000e+00 -0.0000e+00 -0.0000e+00 -0.0000e+00 -0.0000e+00 -0.0000e+00 -0.0000e+00 -0.0000e+00 -0.0000e+00 -0.0000e+00 -0.0000e+00 -0.0000e+00 -0.0000e+00 -0.0000e+00 -0.0000e+00 -0.0000e+00 -0.0000e+00 -0.0000e+00 -0.0000e+00 -0.0000e+00 -0.0000e+00 -0.0000e+00 -0.0000e+00 -0.0000e+00 -0.0000e+00 -0.0000e+00 -0.0000e+00 -0.0000e+00 -0.0000e+00 -0.0000e+00 -2.3643e-07 -6.6917e-07 -1.2306e-06 -1.8969e-06 -2.6540e-06 -3.4914e-06 -4.3995e-06 -5.3682e-06 -6.3858e-06 -7.4378e-06 -8.5062e-06 0.0000e+00 -1.0600e-05 -1.1566e-05 -1.2434e-05 -1.3163e-05 -1.3712e-05 -1.4043e-05 -1.4118e-05 -1.3912e-05 -1.3410e-05 -1.2617e-05 -1.1554e-05 -1.0270e-05 -8.8291e-06 -7.3138e-06 -5.8124e-06 -4.4102e-06 -3.1773e-06 -2.1603e-06 -1.3766e-06 -8.1576e-07 -4.4569e-07 -2.2231e-07 -1.0013e-07 -4.0219e-08 -1.4208e-08 -4.3451e-09 -1.1301e-09 -2.4495e-10 -4.3250e-11 -6.0617e-12 -6.5478e-13 -5.2712e-14 -3.0439e-15 -1.2069e-16 -3.1253e-18 -4.9910e-20 -4.6016e-22 -2.2701e-24 -5.4897e-27 -5.8791e-30 -2.4787e-33 -3.5878e-37 -1.5198e-41 -1.5630e-46 -3.1351e-52 -9.4770e-59 -3.1841e-66 -8.2903e-75 -1.0891e-84 -4.3261e-96 -2.8115e-109 -1.4274e-124 -2.3153e-142 -4.0476e-163 -2.0221e-187 -5.6544e-216 -1.1813e-249 -1.5095e-289 -0.0000e+00 -0.0000e+00 -0.0000e+00 -0.0000e+00 -0.0000e+00 -0.0000e+00 -0.0000e+00 -0.0000e+00 -0.0000e+00 -0.0000e+00 -0.0000e+00 -0.0000e+00 -0.0000e+00 -0.0000e+00 -0.0000e+00 -0.0000e+00 -0.0000e+00 -0.0000e+00 -0.0000e+00 -0.0000e+00 -0.0000e+00 -0.0000e+00 -0.0000e+00 -0.0000e+00 -0.0000e+00 -0.0000e+00 -0.0000e+00 -0.0000e+00 -0.0000e+00 -0.0000e+00
-2.6168e-07 -7.4066e-07 -1.3621e-06 -2.0997e-06 -2.9381e-06 -3.8658e-06 -4.8729e-06 -5.9490e-06 -7.0819e-06 -8.2573e-06 -9.4571e-06 -1.0659e-05 8.8967e-04 -1.2956e-05 -1.3983e-05 -1.4874e-05 -1.5587e-05 -1.6076e-05 -1.6301e-05 -1.6225e-05 -1.5824e-05 -1.5092e-05 -1.4041e-05 -1.2708e-05 -1.1152e-05 -9.4548e-06 -7.7126e-06 -6.0248e-06 -4.4831e-06 -3.1586e-06 -2.0929e-06 -1.2942e-06 -7.4053e-07 -3.8824e-07 -1.8446e-07 -7.8447e-08 -2.9445e-08 -9.6017e-09 -2.6718e-09 -6.2168e-10 -1.1822e-10 -1.7900e-11 -2.0952e-12 -1.8331e-13 -1.1537e-14 -4.9998e-16 -1.4190e-17 -2.4906e-19 -2.5307e-21 -1.3798e-23 -3.6986e-26 -4.4039e-29 -2.0710e-32 -3.3551e-36 -1.5965e-40 -1.8517e-45 -4.2069e-51 -1.4471e-57 -5.5612e-65 -1.6655e-73 -2.5325e-83 -1.1722e-94 -8.9455e-108 -5.3779e-123 -1.0426e-140 -2.2013e-161 -1.3436e-185 -4.6510e-214 -1.2206e-247 -1.9917e-287 -0.0000e+00 -0.0000e+00 -0.0000e+00 -0.0000e+00 -0.0000e+00 -0.0000e+00 -0.0000e+00 -0.0000e+00 -0.0000e+00 -0.0000e+00 -0.0000e+00 -0.0000e+00 -0.0000e+00 -0.0000e+00 -0.0000e+00 -0.0000e+00 -0.0000e+00 -0.0000e+00 -0.0000e+00 -0.0000e+00 -0.0000e+00 -0.0000e+00 -0.0000e+00 -0.0000e+00 -0.0000e+00 -0.0000e+00 -0.0000e+00 -0.0000e+00 -0.0000e+00 -0.0000e+00 -2.6168e-07 -7.4066e-07 -1.3621e-06 -2.0996e-06 -2.9376e-06 -3.8645e-06 -4.8699e-06 -5.9425e-06 -7.0697e-06 -8.2354e-06 -9.4201e-06 -1.0600e-05 0.0000e+00 -1.2821e-05 -1.3789e-05 -1.4606e-05 -1.5227e-05 -1.5608e-05 -1.5709e-05 -1.5500e-05 -1.4963e-05 -1.4102e-05 -1.2942e-05 -1.1531e-05 -9.9408e-06 -8.2610e-06 -6.5893e-06 -5.0205e-06 -3.6342e-06 -2.4842e-06 -1.5926e-06 -9.5022e-07 -5.2313e-07 -2.6316e-07 -1.1966e-07 -4.8573e-08 -1.7360e-08 -5.3779e-09 -1.4186e-09 -3.1231e-10 -5.6091e-11 -8.0089e-12 -8.8281e-13 -7.2651e-14 -4.2967e-15 -1.7482e-16 -4.6553e-18 -7.6615e-20 -7.2964e-22 -3.7274e-24 -9.3580e-27 -1.0434e-29 -4.5934e-33 -6.9646e-37 -3.1010e-41 -3.3646e-46 -7.1485e-52 -2.2988e-58 -8.2559e-66 -2.3095e-74 -3.2787e-84 -1.4161e-95 -1.0076e-108 -5.6445e-124 -1.0188e-141 -2.0007e-162 -1.1347e-186 -3.6454e-215 -8.8680e-249 -1.3395e-288 -0.0000e+00 -0.0000e+00 -0.0000e+00 -0.0000e+00 -0.0000e+00 -0.0000e+00 -0.0000e+00 -0.0000e+00 -0.0000e+00 -0.0000e+00 -0.0000e+00 -0.0000e+00 -0.0000e+00 -0.0000e+00 -0.0000e+00 -0.0000e+00 -0.0000e+00 -0.0000e+00 -0.0000e+00 -0.0000e+00 -0.0000e+00 -0.0000e+00 -0.0000e+00 -0.0000e+00 -0.0000e+00 -0.0000e+00 -0.0000e+00 -0.0000e+00 -0.0000e+00 -0.0000e+00
-2.8527e-07 -8.0741e-07 -1.4849e-06 -2.2890e-06 -3.2031e-06 -4.2150e-06 -5.3139e-06 -6.4888e-06 -7.7274e-06 -9.0143e-06 -1.0331e-05 -1.1654e-05 -1.2956e-05 1.2073e-03 -1.5356e-05 -1.6372e-05 -1.7203e-05 -1.7801e-05 -1.8119e-05 -1.8117e-05 -1.7763e-05 -1.7044e-05 -1.5966e-05 -1.4563e-05 -1.2892e-05 -1.1037e-05 -9.1002e-06 -7.1928e-06 -5.4210e-06 -3.8725e-06 -2.6043e-06 -1.6362e-06 -9.5208e-07 -5.0811e-07 -2.4598e-07 -1.0669e-07 -4.0879e-08 -1.3620e-08 -3.8763e-09 -9.2345e-10 -1.7998e-10 -2.7963e-11 -3.3626e-12 -3.0266e-13 -1.9626e-14 -8.7765e-16 -2.5750e-17 -4.6810e-19 -4.9368e-21 -2.8003e-23 -7.8287e-26 -9.7491e-29 -4.8093e-32 -8.1997e-36 -4.1210e-40 -5.0683e-45 -1.2261e-50 -4.5120e-57 -1.8645e-64 -6.0380e-73 -9.9890e-83 -5.0649e-94 -4.2658e-107 -2.8540e-122 -6.2149e-140 -1.4891e-160 -1.0435e-184 -4.2008e-213 -1.3010e-246 -2.5467e-286 -0.0000e+00 -0.0000e+00 -0.0000e+00 -0.0000e+00 -0.0000e+00 -0.0000e+00 -0.0000e+00 -0.0000e+00 -0.0000e+00 -0.0000e+00 -0.0000e+00 -0.0000e+00 -0.0000e+00 -0.0000e+00 -0.0000e+00 -0.0000e+00 -0.0000e+00 -0.0000e+00 -0.0000e+00 -0.0000e+00 -0.0000e+00 -0.0000e+00 -0.0000e+00 -0.0000e+00 -0.0000e+00 -0.0000e+00 -0.0000e+00 -0.0000e+00 -0.0000e+00 -0.0000e+00 -2.8527e-07 -8.0741e-07 -1.4848e-06 -2.2888e-06 -3.2024e-06 -4.2130e-06 -5.3093e-06 -6.4793e-06 -7.7092e-06 -8.9818e-06 -1.0276e-05 -1.1566e-05 -1.2821e-05 0.0000e+00 -1.5070e-05 -1.5975e-05 -1.6670e-05 -1.7106e-05 -1.7240e-05 -1.7038e-05 -1.6480e-05 -1.5567e-05 -1.4323e-05 -1.2800e-05 -1.1074e-05 -9.2399e-06 -7.4040e-06 -5.6708e-06 -4.1293e-06 -2.8415e-06 -1.8354e-06 -1.1043e-06 -6.1368e-07 -3.1195e-07 -1.4349e-07 -5.8992e-08 -2.1382e-08 -6.7265e-09 -1.8045e-09 -4.0462e-10 -7.4137e-11 -1.0818e-11 -1.2207e-12 -1.0304e-13 -6.2624e-15 -2.6240e-16 -7.2114e-18 -1.2277e-19 -1.2125e-21 -6.4395e-24 -1.6855e-26 -1.9649e-29 -9.0734e-33 -1.4479e-36 -6.8100e-41 -7.8364e-46 -1.7733e-51 -6.1025e-58 -2.3574e-65 -7.1332e-74 -1.1021e-83 -5.2161e-95 -4.0978e-108 -2.5555e-123 -5.1826e-141 -1.1554e-161 -7.5256e-186 -2.8127e-214 -8.0768e-248 -1.4640e-287 -0.0000e+00 -0.0000e+00 -0.0000e+00 -0.0000e+00 -0.0000e+00 -0.0000e+00 -0.0000e+00 -0.0000e+00 -0.0000e+00 -0.0000e+00 -0.0000e+00 -0.0000e+00 -0.0000e+00 -0.0000e+00 -0.0000e+00 -0.0000e+00 -0.0000e+00 -0.0000e+00 -0.0000e+00 -0.0000e+00 -0.0000e+00 -0.0000e+00 -0.0000e+00 -0.0000e+00 -0.0000e+00 -0.0000e+00 -0.0000e+00 -0.0000e+00 -0.0000e+00 -0.0000e+00
-3.0627e-07 -8.6688e-07 -1.5942e-06 -2.4577e-06 -3.4394e-06 -4.5264e-06 -5.7076e-06 -6.9718e-06 -8.3061e-06 -9.6955e-06 -1.1121e-05 -1.2560e-05 -1.3983e-05 -1.5356e-05 1.6062e-03 -1.7791e-05 -1.8757e-05 -1.9487e-05 -1.9929e-05 -2.0036e-05 -1.9770e-05 -1.9109e-05 -1.8049e-05 -1.6615e-05 -1.4860e-05 -1.2866e-05 -1.0740e-05 -8.6031e-06 -6.5780e-06 -4.7719e-06 -3.2621e-06 -2.0852e-06 -1.2357e-06 -6.7220e-07 -3.3200e-07 -1.4704e-07 -5.7587e-08 -1.9630e-08 -5.7216e-09 -1.3975e-09 -2.7957e-10 -4.4643e-11 -5.5253e-12 -5.1263e-13 -3.4322e-14 -1.5877e-15 -4.8280e-17 -9.1165e-19 -1.0011e-20 -5.9275e-23 -1.7346e-25 -2.2680e-28 -1.1786e-31 -2.1244e-35 -1.1331e-39 -1.4852e-44 -3.8472e-50 -1.5236e-56 -6.8129e-64 -2.4020e-72 -4.3552e-82 -2.4381e-93 -2.2856e-106 -1.7176e-121 -4.2432e-139 -1.1663e-159 -9.4945e-184 -4.5027e-212 -1.6689e-245 -3.9804e-285 -0.0000e+00 -0.0000e+00 -0.0000e+00 -0.0000e+00 -0.0000e+00 -0.0000e+00 -0.0000e+00 -0.0000e+00 -0.0000e+00 -0.0000e+00 -0.0000e+00 -0.0000e+00 -0.0000e+00 -0.0000e+00 -0.0000e+00 -0.0000e+00 -0.0000e+00 -0.0000e+00 -0.0000e+00 -0.0000e+00 -0.0000e+00 -0.0000e+00 -0.0000e+00 -0.0000e+00 -0.0000e+00 -0.0000e+00 -0.0000e+00 -0.0000e+00 -0.0000e+00 -0.0000e+00 -3.0627e-07 -8.6687e-07 -1.5942e-06 -2.4574e-06 -3.4384e-06 -4.5237e-06 -5.7011e-06 -6.9582e-06 -8.2801e-06 -9.6491e-06 -1.1043e-05 -1.2434e-05 -1.3789e-05 -1.5070e-05 0.0000e+00 -1.7222e-05 -1.7992e-05 -1.8489e-05 -1.8666e-05 -1.8485e-05 -1.7922e-05 -1.6977e-05 -1.5672e-05 -1.4058e-05 -1.2215e-05 -1.0243e-05 -8.2541e-06 -6.3626e-06 -4.6667e-06 -3.2375e-06 -2.1102e-06 -1.2826e-06 -7.2085e-07 -3.7102e-07 -1.7301e-07 -7.2210e-08 -2.6607e-08 -8.5220e-09 -2.3312e-09 -5.3392e-10 -1.0009e-10 -1.4970e-11 -1.7347e-12 -1.5066e-13 -9.4412e-15 -4.0877e-16 -1.1635e-17 -2.0564e-19 -2.1138e-21 -1.1717e-23 -3.2101e-26 -3.9295e-29 -1.9117e-32 -3.2258e-36 -1.6106e-40 -1.9758e-45 -4.7888e-51 -1.7740e-57 -7.4180e-65 -2.4445e-73 -4.1408e-83 -2.1644e-94 -1.8932e-107 -1.3265e-122 -3.0528e-140 -7.8100e-161 -5.9109e-185 -2.6032e-213 -8.9489e-247 -1.9768e-286 -0.0000e+00 -0.0000e+00 -0.0000e+00 -0.0000e+00 -0.0000e+00 -0.0000e+00 -0.0000e+00 -0.0000e+00 -0.0000e+00 -0.0000e+00 -0.0000e+00 -0.0000e+00 -0.0000e+00 -0.0000e+00 -0.0000e+00 -0.0000e+00 -0.0000e+00 -0.0000e+00 -0.0000e+00 -0.0000e+00 -0.0000e+00 -0.0000e+00 -0.0000e+00 -0.0000e+00 -0.0000e+00 -0.0000e+00 -0.0000e+00 -0.0000e+00 -0.0000e+00 -0.0000e+00
-3.2372e-07 -9.1627e-07 -1.6851e-06 -2.5979e-06 -3.6358e-06 -4.7856e-06 -6.0360e-06 -7.3756e-06 -8.7921e-06 -1.0271e-05 -1.1793e-05 -1.3337e-05 -1.4874e-05 -1.6372e-05 -1.7791e-05 2.1006e-03 -2.0204e-05 -2.1092e-05 -2.1694e-05 -2.1955e-05 -2.1828e-05 -2.1279e-05 -2.0293e-05 -1.8881e-05 -1.7086e-05 -1.4984e-05 -1.2682e-05 -1.0311e-05 -8.0093e-06 -5.9085e-06 -4.1111e-06 -2.6772e-06 -1.6176e-06 -8.9800e-07 -4.5302e-07 -2.0513e-07 -8.2211e-08 -2.8708e-08 -8.5814e-09 -2.1521e-09 -4.4268e-10 -7.2785e-11 -9.2903e-12 -8.9046e-13 -6.1706e-14 -2.9604e-15 -9.3575e-17 -1.8410e-18 -2.1118e-20 -1.3099e-22 -4.0280e-25 -5.5522e-28 -3.0525e-31 -5.8437e-35 -3.3244e-39 -4.6689e-44 -1.3022e-49 -5.5836e-56 -2.7194e-63 -1.0511e-71 -2.1044e-81 -1.3112e-92 -1.3802e-105 -1.1759e-120 -3.3294e-138 -1.0616e-158 -1.0161e-182 -5.7520e-211 -2.5886e-244 -7.6422e-284 -0.0000e+00 -0.0000e+00 -0.0000e+00 -0.0000e+00 -0.0000e+00 -0.0000e+00 -0.0000e+00 -0.0000e+00 -0.0000e+00 -0.0000e+00 -0.0000e+00 -0.0000e+00 -0.0000e+00 -0.0000e+00 -0.0000e+00 -0.0000e+00 -0.0000e+00 -0.0000e+00 -0.0000e+00 -0.0000e+00 -0.0000e+00 -0.0000e+00 -0.0000e+00 -0.0000e+00 -0.0000e+00 -0.0000e+00 -0.0000e+00 -0.0000e+00 -0.0000e+00 -0.0000e+00 -3.2372e-07 -9.1626e-07 -1.6850e-06 -2.5975e-06 -3.6344e-06 -4.7818e-06 -6.0270e-06 -7.3568e-06 -8.7561e-06 -1.0206e-05 -1.1685e-05 -1.3163e-05 -1.4606e-05 -1.5975e-05 -1.7222e-05 0.0000e+00 -1.9142e-05 -1.9706e-05 -1.9936e-05 -1.9791e-05 -1.9246e-05 -1.8293e-05 -1.6954e-05 -1.5279e-05 -1.3346e-05 -1.1259e-05 -9.1353e-06 -7.0965e-06 -5.2504e-06 -3.6780e-06 -2.4235e-06 -1.4908e-06 -8.4901e-07 -4.4339e-07 -2.1008e-07 -8.9223e-08 -3.3505e-08 -1.0954e-08 -3.0636e-09 -7.1862e-10 -1.3823e-10 -2.1251e-11 -2.5364e-12 -2.2735e-13 -1.4736e-14 -6.6141e-16 -1.9563e-17 -3.6022e-19 -3.8679e-21 -2.2463e-23 -6.4675e-26 -8.3479e-29 -4.2978e-32 -7.7044e-36 -4.1038e-40 -5.3956e-45 -1.4086e-50 -5.6512e-57 -2.5744e-64 -9.3034e-73 -1.7406e-82 -1.0129e-93 -9.9512e-107 -7.9070e-122 -2.0862e-139 -6.1925e-160 -5.5117e-184 -2.8982e-212 -1.2100e-245 -3.3091e-285 -0.0000e+00 -0.0000e+00 -0.0000e+00 -0.0000e+00 -0.0000e+00 -0.0000e+00 -0.0000e+00 -0.0000e+00 -0.0000e+00 -0.0000e+00 -0.0000e+00 -0.0000e+00 -0.0000e+00 -0.0000e+00 -0.0000e+00 -0.0000e+00 -0.0000e+00 -0.0000e+00 -0.0000e+00 -0.0000e+00 -0.0000e+00 -0.0000e+00 -0.0000e+00 -0.0000e+00 -0.0000e+00 -0.0000e+00 -0.0000e+00 -0.0000e+00 -0.0000e+00 -0.0000e+00
