4.7193e-12 -8.0180e-12 -2.2131e-11 -4.5533e-11 -7.9774e-11 -1.2628e-10 -1.8644e-10 -2.6157e-10 -3.5303e-10 -4.6216e-10 -5.9031e-10 -7.3883e-10 -9.0905e-10 -1.1023e-09 -1.3196e-09 -1.5619e-09 -1.8299e-09 -2.1236e-09 -2.4423e-09 -2.7843e-09 -3.1463e-09 -3.5232e-09 -3.9076e-09 -4.2890e-09 -4.6534e-09 -4.9832e-09 -5.2569e-09 -5.4498e-09 -5.5359e-09 -5.4898e-09 -5.2914e-09 -4.9307e-09 -4.4134e-09 -3.7653e-09 -3.0335e-09 -2.2823e-09 -1.5823e-09 -9.9478e-10 -5.5638e-10 -2.7055e-10 -1.1127e-10 -3.7443e-11 -9.9079e-12 -1.9654e-12 -2.7588e-13 -2.5563e-14 -1.4376e-15 -4.4317e-17 -6.6189e-19 -4.1213e-21 -8.9083e-24 -5.3439e-27 -6.7624e-31 -1.2885e-35 -2.4396e-41 -2.7446e-48 -9.6919e-57 -4.8505e-67 -1.2728e-79 -5.0220e-95 -6.1656e-114 -3.1986e-137 -5.5146e-166 -1.2186e-201 -5.2220e-246 -1.9074e-301 -0.0000e+00 -0.0000e+00 -0.0000e+00 -0.0000e+00 -0.0000e+00 -0.0000e+00 -0.0000e+00 -0.0000e+00 -0.0000e+00 -0.0000e+00 -0.0000e+00 -0.0000e+00 -0.0000e+00 -0.0000e+00 -0.0000e+00 -0.0000e+00 -0.0000e+00 -0.0000e+00 -0.0000e+00 -0.0000e+00 -0.0000e+00 -0.0000e+00 -0.0000e+00 -0.0000e+00 -0.0000e+00 -0.0000e+00 -0.0000e+00 -0.0000e+00 -0.0000e+00 -0.0000e+00 -0.0000e+00 -0.0000e+00 -0.0000e+00 -0.0000e+00 0.0000e+00 -8.0180e-12 -2.2131e-11 -4.5533e-11 -7.9774e-11 -1.2628e-10 -1.8644e-10 -2.6157e-10 -3.5303e-10 -4.6216e-10 -5.9031e-10 -7.3883e-10 -9.0905e-10 -1.1023e-09 -1.3196e-09 -1.5619e-09 -1.8299e-09 -2.1236e-09 -2.4423e-09 -2.7843e-09 -3.1463e-09 -3.5232e-09 -3.9076e-09 -4.2890e-09 -4.6534e-09 -4.9832e-09 -5.2569e-09 -5.4498e-09 -5.5359e-09 -5.4898e-09 -5.2914e-09 -4.9307e-09 -4.4134e-09 -3.7653e-09 -3.0335e-09 -2.2823e-09 -1.5823e-09 -9.9478e-10 -5.5638e-10 -2.7055e-10 -1.1127e-10 -3.7443e-11 -9.9079e-12 -1.9654e-12 -2.7588e-13 -2.5563e-14 -1.4376e-15 -4.4317e-17 -6.6189e-19 -4.1213e-21 -8.9083e-24 -5.3439e-27 -6.7624e-31 -1.2885e-35 -2.4396e-41 -2.7446e-48 -9.6919e-57 -4.8505e-67 -1.2728e-79 -5.0220e-95 -6.1656e-114 -3.1986e-137 -5.5146e-166 -1.2186e-201 -5.2220e-246 -1.9074e-301 -0.0000e+00 -0.0000e+00 -0.0000e+00 -0.0000e+00 -0.0000e+00 -0.0000e+00 -0.0000e+00 -0.0000e+00 -0.0000e+00 -0.0000e+00 -0.0000e+00 -0.0000e+00 -0.0000e+00 -0.0000e+00 -0.0000e+00 -0.0000e+00 -0.0000e+00 -0.0000e+00 -0.0000e+00 -0.0000e+00 -0.0000e+00 -0.0000e+00 -0.0000e+00 -0.0000e+00 -0.0000e+00 -0.0000e+00 -0.0000e+00 -0.0000e+00 -0.0000e+00 -0.0000e+00 -0.0000e+00 -0.0000e+00 -0.0000e+00 -0.0000e+00
-8.0180e-12 3.0539e-10 -1.2531e-10 -2.5782e-10 -4.5170e-10 -7.1507e-10 -1.0557e-09 -1.4811e-09 -1.9990e-09 -2.6169e-09 -3.3425e-09 -4.1835e-09 -5.1474e-09 -6.2413e-09 -7.4718e-09 -8.8441e-09 -1.0362e-08 -1.2025e-08 -1.3829e-08 -1.5765e-08 -1.7815e-08 -1.9950e-08 -2.2126e-08 -2.4285e-08 -2.6349e-08 -2.8216e-08 -2.9766e-08 -3.0859e-08 -3.1346e-08 -3.1085e-08 -2.9962e-08 -2.7919e-08 -2.4990e-08 -2.1320e-08 -1.7177e-08 -1.2923e-08 -8.9594e-09 -5.6328e-09 -3.1504e-09 -1.5319e-09 -6.3003e-10 -2.1201e-10 -5.6102e-11 -1.1129e-11 -1.5621e-12 -1.4475e-13 -8.1401e-15 -2.5094e-16 -3.7478e-18 -2.3336e-20 -5.0442e-23 -3.0259e-26 -3.8291e-30 -7.2961e-35 -1.3814e-40 -1.5541e-47 -5.4879e-56 -2.7465e-66 -7.2068e-79 -2.8436e-94 -3.4912e-113 -1.8112e-136 -3.1226e-165 -6.9000e-201 -2.9569e-245 -1.0801e-300 -0.0000e+00 -0.0000e+00 -0.0000e+00 -0.0000e+00 -0.0000e+00 -0.0000e+00 -0.0000e+00 -0.0000e+00 -0.0000e+00 -0.0000e+00 -0.0000e+00 -0.0000e+00 -0.0000e+00 -0.0000e+00 -0.0000e+00 -0.0000e+00 -0.0000e+00 -0.0000e+00 -0.0000e+00 -0.0000e+00 -0.0000e+00 -0.0000e+00 -0.0000e+00 -0.0000e+00 -0.0000e+00 -0.0000e+00 -0.0000e+00 -0.0000e+00 -0.0000e+00 -0.0000e+00 -0.0000e+00 -0.0000e+00 -0.0000e+00 -0.0000e+00 -8.0180e-12 0.0000e+00 -1.2531e-10 -2.5782e-10 -4.5170e-10 -7.1507e-10 -1.0557e-09 -1.4811e-09 -1.9990e-09 -2.6169e-09 -3.3425e-09 -4.1835e-09 -5.1474e-09 -6.2413e-09 -7.4718e-09 -8.8441e-09 -1.0362e-08 -1.2025e-08 -1.3829e-08 -1.5765e-08 -1.7815e-08 -1.9950e-08 -2.2126e-08 -2.4285e-08 -2.6349e-08 -2.8216e-08 -2.9766e-08 -3.0859e-08 -3.1346e-08 -3.1085e-08 -2.9962e-08 -2.7919e-08 -2.4990e-08 -2.1320e-08 -1.7177e-08 -1.2923e-08 -8.9594e-09 -5.6328e-09 -3.1504e-09 -1.5319e-09 -6.3003e-10 -2.1201e-10 -5.6102e-11 -1.1129e-11 -1.5621e-12 -1.4475e-13 -8.1401e-15 -2.5094e-16 -3.7478e-18 -2.3336e-20 -5.0442e-23 -3.0259e-26 -3.8291e-30 -7.2961e-35 -1.3814e-40 -1.5541e-47 -5.4879e-56 -2.7465e-66 -7.2068e-79 -2.8436e-94 -3.4912e-113 -1.8112e-136 -3.1226e-165 -6.8999e-201 -2.9569e-245 -1.0801e-300 -0.0000e+00 -0.0000e+00 -0.0000e+00 -0.0000e+00 -0.0000e+00 -0.0000e+00 -0.0000e+00 -0.0000e+00 -0.0000e+00 -0.0000e+00 -0.0000e+00 -0.0000e+00 -0.0000e+00 -0.0000e+00 -0.0000e+00 -0.0000e+00 -0.0000e+00 -0.0000e+00 -0.0000e+00 -0.0000e+00 -0.0000e+00 -0.0000e+00 -0.0000e+00 -0.0000e+00 -0.0000e+00 -0.0000e+00 -0.0000e+00 -0.0000e+00 -0.0000e+00 -0.0000e+00 -0.0000e+00 -0.0000e+00 -0.0000e+00 -0.0000e+00
-2.2131e-11 -1.2531e-10 3.4814e-09 -7.1162e-10 -1.2468e-09 -1.9737e-09 -2.9138e-09 -4.0881e-09 -5.5175e-09 -7.2230e-09 -9.2258e-09 -1.1547e-08 -1.4207e-08 -1.7227e-08 -2.0623e-08 -2.4411e-08 -2.8599e-08 -3.3189e-08 -3.8170e-08 -4.3514e-08 -4.9172e-08 -5.5063e-08 -6.1071e-08 -6.7031e-08 -7.2727e-08 -7.7881e-08 -8.2158e-08 -8.5174e-08 -8.6519e-08 -8.5799e-08 -8.2698e-08 -7.7061e-08 -6.8976e-08 -5.8846e-08 -4.7410e-08 -3.5670e-08 -2.4729e-08 -1.5547e-08 -8.6956e-09 -4.2283e-09 -1.7390e-09 -5.8518e-10 -1.5485e-10 -3.0716e-11 -4.3117e-12 -3.9953e-13 -2.2468e-14 -6.9263e-16 -1.0345e-17 -6.4412e-20 -1.3923e-22 -8.3521e-26 -1.0569e-29 -2.0139e-34 -3.8130e-40 -4.2897e-47 -1.5148e-55 -7.5813e-66 -1.9893e-78 -7.8495e-94 -9.6373e-113 -4.9998e-136 -8.6203e-165 -1.9049e-200 -8.1637e-245 -2.9821e-300 -0.0000e+00 -0.0000e+00 -0.0000e+00 -0.0000e+00 -0.0000e+00 -0.0000e+00 -0.0000e+00 -0.0000e+00 -0.0000e+00 -0.0000e+00 -0.0000e+00 -0.0000e+00 -0.0000e+00 -0.0000e+00 -0.0000e+00 -0.0000e+00 -0.0000e+00 -0.0000e+00 -0.0000e+00 -0.0000e+00 -0.0000e+00 -0.0000e+00 -0.0000e+00 -0.0000e+00 -0.0000e+00 -0.0000e+00 -0.0000e+00 -0.0000e+00 -0.0000e+00 -0.0000e+00 -0.0000e+00 -0.0000e+00 -0.0000e+00 -0.0000e+00 -2.2131e-11 -1.2531e-10 0.0000e+00 -7.1162e-10 -1.2468e-09 -1.9737e-09 -2.9138e-09 -4.0881e-09 -5.5175e-09 -7.2230e-09 -9.2258e-09 -1.1547e-08 -1.4207e-08 -1.7227e-08 -2.0623e-08 -2.4411e-08 -2.8599e-08 -3.3189e-08 -3.8170e-08 -4.3514e-08 -4.9172e-08 -5.5063e-08 -6.1071e-08 -6.7031e-08 -7.2727e-08 -7.7881e-08 -8.2158e-08 -8.5174e-08 -8.6519e-08 -8.5799e-08 -8.2698e-08 -7.7061e-08 -6.8976e-08 -5.8846e-08 -4.7410e-08 -3.5670e-08 -2.4729e-08 -1.5547e-08 -8.6956e-09 -4.2283e-09 -1.7390e-09 -5.8518e-10 -1.5485e-10 -3.0716e-11 -4.3117e-12 -3.9953e-13 -2.2468e-14 -6.9262e-16 -1.0344e-17 -6.4411e-20 -1.3923e-22 -8.3519e-26 -1.0569e-29 -2.0138e-34 -3.8129e-40 -4.2896e-47 -1.5147e-55 -7.5809e-66 -1.9892e-78 -7.8490e-94 -9.6365e-113 -4.9993e-136 -8.6192e-165 -1.9046e-200 -8.1621e-245 -2.9814e-300 -0.0000e+00 -0.0000e+00 -0.0000e+00 -0.0000e+00 -0.0000e+00 -0.0000e+00 -0.0000e+00 -0.0000e+00 -0.0000e+00 -0.0000e+00 -0.0000e+00 -0.0000e+00 -0.0000e+00 -0.0000e+00 -0.0000e+00 -0.0000e+00 -0.0000e+00 -0.0000e+00 -0.0000e+00 -0.0000e+00 -0.0000e+00 -0.0000e+00 -0.0000e+00 -0.0000e+00 -0.0000e+00 -0.0000e+00 -0.0000e+00 -0.0000e+00 -0.0000e+00 -0.0000e+00 -0.0000e+00 -0.0000e+00 -0.0000e+00 -0.0000e+00
-4.5533e-11 -2.5782e-10 -7.1162e-10 1.9626e-08 -2.5651e-09 -4.0607e-09 -5.9949e-09 -8.4110e-09 -1.1352e-08 -1.4861e-08 -1.8982e-08 -2.3757e-08 -2.9231e-08 -3.5443e-08 -4.2431e-08 -5.0224e-08 -5.8842e-08 -6.8285e-08 -7.8533e-08 -8.9529e-08 -1.0117e-07 -1.1329e-07 -1.2565e-07 -1.3791e-07 -1.4963e-07 -1.6024e-07 -1.6904e-07 -1.7524e-07 -1.7801e-07 -1.7653e-07 -1.7015e-07 -1.5855e-07 -1.4191e-07 -1.2107e-07 -9.7543e-08 -7.3389e-08 -5.0879e-08 -3.1988e-08 -1.7891e-08 -8.6996e-09 -3.5778e-09 -1.2040e-09 -3.1860e-10 -6.3199e-11 -8.8713e-12 -8.2203e-13 -4.6229e-14 -1.4251e-15 -2.1285e-17 -1.3253e-19 -2.8648e-22 -1.7186e-25 -2.1748e-29 -4.1441e-34 -7.8464e-40 -8.8278e-47 -3.1175e-55 -1.5603e-65 -4.0946e-78 -1.6158e-93 -1.9840e-112 -1.0294e-135 -1.7751e-164 -3.9234e-200 -1.6818e-244 -6.1455e-300 -0.0000e+00 -0.0000e+00 -0.0000e+00 -0.0000e+00 -0.0000e+00 -0.0000e+00 -0.0000e+00 -0.0000e+00 -0.0000e+00 -0.0000e+00 -0.0000e+00 -0.0000e+00 -0.0000e+00 -0.0000e+00 -0.0000e+00 -0.0000e+00 -0.0000e+00 -0.0000e+00 -0.0000e+00 -0.0000e+00 -0.0000e+00 -0.0000e+00 -0.0000e+00 -0.0000e+00 -0.0000e+00 -0.0000e+00 -0.0000e+00 -0.0000e+00 -0.0000e+00 -0.0000e+00 -0.0000e+00 -0.0000e+00 -0.0000e+00 -0.0000e+00 -4.5533e-11 -2.5782e-10 -7.1162e-10 0.0000e+00 -2.5651e-09 -4.0607e-09 -5.9949e-09 -8.4110e-09 -1.1352e-08 -1.4861e-08 -1.8982e-08 -2.3757e-08 -2.9231e-08 -3.5443e-08 -4.2431e-08 -5.0224e-08 -5.8842e-08 -6.8285e-08 -7.8533e-08 -8.9529e-08 -1.0117e-07 -1.1329e-07 -1.2565e-07 -1.3791e-07 -1.4963e-07 -1.6024e-07 -1.6904e-07 -1.7524e-07 -1.7801e-07 -1.7653e-07 -1.7015e-07 -1.5855e-07 -1.4191e-07 -1.2107e-07 -9.7543e-08 -7.3388e-08 -5.0879e-08 -3.1988e-08 -1.7891e-08 -8.6995e-09 -3.5778e-09 -1.2040e-09 -3.1859e-10 -6.3197e-11 -8.8711e-12 -8.2201e-13 -4.6227e-14 -1.4251e-15 -2.1284e-17 -1.3253e-19 -2.8646e-22 -1.7184e-25 -2.1746e-29 -4.1436e-34 -7.8453e-40 -8.8262e-47 -3.1168e-55 -1.5599e-65 -4.0932e-78 -1.6151e-93 -1.9830e-112 -1.0288e-135 -1.7739e-164 -3.9200e-200 -1.6800e-244 -6.1374e-300 -0.0000e+00 -0.0000e+00 -0.0000e+00 -0.0000e+00 -0.0000e+00 -0.0000e+00 -0.0000e+00 -0.0000e+00 -0.0000e+00 -0.0000e+00 -0.0000e+00 -0.0000e+00 -0.0000e+00 -0.0000e+00 -0.0000e+00 -0.0000e+00 -0.0000e+00 -0.0000e+00 -0.0000e+00 -0.0000e+00 -0.0000e+00 -0.0000e+00 -0.0000e+00 -0.0000e+00 -0.0000e+00 -0.0000e+00 -0.0000e+00 -0.0000e+00 -0.0000e+00 -0.0000e+00 -0.0000e+00 -0.0000e+00 -0.0000e+00 -0.0000e+00
-7.9774e-11 -4.5170e-10 -1.2468e-09 -2.5651e-09 7.5196e-08 -7.1144e-09 -1.0503e-08 -1.4736e-08 -1.9889e-08 -2.6036e-08 -3.3256e-08 -4.1623e-08 -5.1213e-08 -6.2097e-08 -7.4339e-08 -8.7993e-08 -1.0309e-07 -1.1964e-07 -1.3759e-07 -1.5685e-07 -1.7725e-07 -1.9848e-07 -2.2014e-07 -2.4162e-07 -2.6215e-07 -2.8073e-07 -2.9615e-07 -3.0702e-07 -3.1187e-07 -3.0928e-07 -2.9810e-07 -2.7778e-07 -2.4864e-07 -2.1212e-07 -1.7090e-07 -1.2858e-07 -8.9143e-08 -5.6044e-08 -3.1346e-08 -1.5242e-08 -6.2687e-09 -2.1095e-09 -5.5823e-10 -1.1073e-10 -1.5544e-11 -1.4404e-12 -8.1004e-14 -2.4972e-15 -3.7299e-17 -2.3226e-19 -5.0207e-22 -3.0120e-25 -3.8119e-29 -7.2643e-34 -1.3756e-39 -1.5478e-46 -5.4669e-55 -2.7368e-65 -7.1835e-78 -2.8356e-93 -3.4830e-112 -1.8080e-135 -3.1194e-164 -6.8993e-200 -2.9600e-244 -1.0827e-299 -0.0000e+00 -0.0000e+00 -0.0000e+00 -0.0000e+00 -0.0000e+00 -0.0000e+00 -0.0000e+00 -0.0000e+00 -0.0000e+00 -0.0000e+00 -0.0000e+00 -0.0000e+00 -0.0000e+00 -0.0000e+00 -0.0000e+00 -0.0000e+00 -0.0000e+00 -0.0000e+00 -0.0000e+00 -0.0000e+00 -0.0000e+00 -0.0000e+00 -0.0000e+00 -0.0000e+00 -0.0000e+00 -0.0000e+00 -0.0000e+00 -0.0000e+00 -0.0000e+00 -0.0000e+00 -0.0000e+00 -0.0000e+00 -0.0000e+00 -0.0000e+00 -7.9774e-11 -4.5170e-10 -1.2468e-09 -2.5651e-09 0.0000e+00 -7.1144e-09 -1.0503e-08 -1.4736e-08 -1.9889e-08 -2.6036e-08 -3.3256e-08 -4.1623e-08 -5.1213e-08 -6.2097e-08 -7.4339e-08 -8.7993e-08 -1.0309e-07 -1.1964e-07 -1.3759e-07 -1.5685e-07 -1.7725e-07 -1.9848e-07 -2.2014e-07 -2.4162e-07 -2.6215e-07 -2.8073e-07 -2.9615e-07 -3.0702e-07 -3.1187e-07 -3.0928e-07 -2.9810e-07 -2.7778e-07 -2.4863e-07 -2.1212e-07 -1.7090e-07 -1.2858e-07 -8.9141e-08 -5.6043e-08 -3.1345e-08 -1.5242e-08 -6.2684e-09 -2.1094e-09 -5.5819e-10 -1.1073e-10 -1.5543e-11 -1.4402e-12 -8.0994e-14 -2.4969e-15 -3.7292e-17 -2.3220e-19 -5.0193e-22 -3.0111e-25 -3.8104e-29 -7.2608e-34 -1.3748e-39 -1.5468e-46 -5.4623e-55 -2.7340e-65 -7.1746e-78 -2.8313e-93 -3.4767e-112 -1.8040e-135 -3.1110e-164 -6.8763e-200 -2.9479e-244 -1.0773e-299 -0.0000e+00 -0.0000e+00 -0.0000e+00 -0.0000e+00 -0.0000e+00 -0.0000e+00 -0.0000e+00 -0.0000e+00 -0.0000e+00 -0.0000e+00 -0.0000e+00 -0.0000e+00 -0.0000e+00 -0.0000e+00 -0.0000e+00 -0.0000e+00 -0.0000e+00 -0.0000e+00 -0.0000e+00 -0.0000e+00 -0.0000e+00 -0.0000e+00 -0.0000e+00 -0.0000e+00 -0.0000e+00 -0.0000e+00 -0.0000e+00 -0.0000e+00 -0.0000e+00 -0.0000e+00 -0.0000e+00 -0.0000e+00 -0.0000e+00 -0.0000e+00
-1.2628e-10 -7.1507e-10 -1.9737e-09 -4.0607e-09 -7.1144e-09 2.2573e-07 -1.6627e-08 -2.3328e-08 -3.1484e-08 -4.1217e-08 -5.2645e-08 -6.5891e-08 -8.1072e-08 -9.8301e-08 -1.1768e-07 -1.3930e-07 -1.6320e-07 -1.8939e-07 -2.1781e-07 -2.4831e-07 -2.8059e-07 -3.1421e-07 -3.4849e-07 -3.8250e-07 -4.1500e-07 -4.4441e-07 -4.6882e-07 -4.8604e-07 -4.9371e-07 -4.8960e-07 -4.7191e-07 -4.3974e-07 -3.9361e-07 -3.3581e-07 -2.7055e-07 -2.0356e-07 -1.4112e-07 -8.8726e-08 -4.9626e-08 -2.4132e-08 -9.9248e-09 -3.3400e-09 -8.8385e-10 -1.7533e-10 -2.4614e-11 -2.2809e-12 -1.2828e-13 -3.9551e-15 -5.9079e-17 -3.6792e-19 -7.9544e-22 -4.7729e-25 -6.0416e-29 -1.1516e-33 -2.1814e-39 -2.4554e-46 -8.6763e-55 -4.3457e-65 -1.1414e-77 -4.5091e-93 -5.5440e-112 -2.8813e-135 -4.9786e-164 -1.1031e-199 -4.7434e-244 -1.7400e-299 -0.0000e+00 -0.0000e+00 -0.0000e+00 -0.0000e+00 -0.0000e+00 -0.0000e+00 -0.0000e+00 -0.0000e+00 -0.0000e+00 -0.0000e+00 -0.0000e+00 -0.0000e+00 -0.0000e+00 -0.0000e+00 -0.0000e+00 -0.0000e+00 -0.0000e+00 -0.0000e+00 -0.0000e+00 -0.0000e+00 -0.0000e+00 -0.0000e+00 -0.0000e+00 -0.0000e+00 -0.0000e+00 -0.0000e+00 -0.0000e+00 -0.0000e+00 -0.0000e+00 -0.0000e+00 -0.0000e+00 -0.0000e+00 -0.0000e+00 -0.0000e+00 -1.2628e-10 -7.1507e-10 -1.9737e-09 -4.0607e-09 -7.1144e-09 0.0000e+00 -1.6627e-08 -2.3328e-08 -3.1484e-08 -4.1217e-08 -5.2645e-08 -6.5891e-08 -8.1072e-08 -9.8301e-08 -1.1768e-07 -1.3930e-07 -1.6320e-07 -1.8939e-07 -2.1781e-07 -2.4831e-07 -2.8059e-07 -3.1421e-07 -3.4849e-07 -3.8250e-07 -4.1500e-07 -4.4441e-07 -4.6882e-07 -4.8603e-07 -4.9371e-07 -4.8960e-07 -4.7190e-07 -4.3974e-07 -3.9360e-07 -3.3580e-07 -2.7054e-07 -2.0355e-07 -1.4112e-07 -8.8720e-08 -4.9622e-08 -2.4129e-08 -9.9236e-09 -3.3395e-09 -8.8369e-10 -1.7530e-10 -2.4607e-11 -2.2802e-12 -1.2823e-13 -3.9532e-15 -5.9045e-17 -3.6767e-19 -7.9479e-22 -4.7682e-25 -6.0345e-29 -1.1500e-33 -2.1776e-39 -2.4503e-46 -8.6544e-55 -4.3324e-65 -1.1372e-77 -4.4888e-93 -5.5138e-112 -2.8622e-135 -4.9382e-164 -1.0922e-199 -4.6858e-244 -1.7140e-299 -0.0000e+00 -0.0000e+00 -0.0000e+00 -0.0000e+00 -0.0000e+00 -0.0000e+00 -0.0000e+00 -0.0000e+00 -0.0000e+00 -0.0000e+00 -0.0000e+00 -0.0000e+00 -0.0000e+00 -0.0000e+00 -0.0000e+00 -0.0000e+00 -0.0000e+00 -0.0000e+00 -0.0000e+00 -0.0000e+00 -0.0000e+00 -0.0000e+00 -0.0000e+00 -0.0000e+00 -0.0000e+00 -0.0000e+00 -0.0000e+00 -0.0000e+00 -0.0000e+00 -0.0000e+00 -0.0000e+00 -0.0000e+00 -0.0000e+00 -0.0000e+00
-1.8644e-10 -1.0557e-09 -2.9138e-09 -5.9949e-09 -1.0503e-08 -1.6627e-08 5.7283e-07 -3.4439e-08 -4.6481e-08 -6.0849e-08 -7.7721e-08 -9.7276e-08 -1.1969e-07 -1.4512e-07 -1.7374e-07 -2.0565e-07 -2.4093e-07 -2.7960e-07 -3.2156e-07 -3.6658e-07 -4.1424e-07 -4.6387e-07 -5.1449e-07 -5.6470e-07 -6.1268e-07 -6.5611e-07 -6.9214e-07 -7.1756e-07 -7.2889e-07 -7.2283e-07 -6.9672e-07 -6.4923e-07 -5.8113e-07 -4.9580e-07 -3.9945e-07 -3.0054e-07 -2.0837e-07 -1.3101e-07 -7.3278e-08 -3.5635e-08 -1.4656e-08 -4.9326e-09 -1.3054e-09 -2.5898e-10 -3.6360e-11 -3.3698e-12 -1.8956e-13 -5.8453e-15 -8.7332e-17 -5.4402e-19 -1.1765e-21 -7.0624e-25 -8.9439e-29 -1.7058e-33 -3.2333e-39 -3.6425e-46 -1.2884e-54 -6.4610e-65 -1.6995e-77 -6.7260e-93 -8.2881e-112 -4.3192e-135 -7.4880e-164 -1.6660e-199 -7.2004e-244 -2.6579e-299 -0.0000e+00 -0.0000e+00 -0.0000e+00 -0.0000e+00 -0.0000e+00 -0.0000e+00 -0.0000e+00 -0.0000e+00 -0.0000e+00 -0.0000e+00 -0.0000e+00 -0.0000e+00 -0.0000e+00 -0.0000e+00 -0.0000e+00 -0.0000e+00 -0.0000e+00 -0.0000e+00 -0.0000e+00 -0.0000e+00 -0.0000e+00 -0.0000e+00 -0.0000e+00 -0.0000e+00 -0.0000e+00 -0.0000e+00 -0.0000e+00 -0.0000e+00 -0.0000e+00 -0.0000e+00 -0.0000e+00 -0.0000e+00 -0.0000e+00 -0.0000e+00 -1.8644e-10 -1.0557e-09 -2.9138e-09 -5.9949e-09 -1.0503e-08 -1.6627e-08 0.0000e+00 -3.4439e-08 -4.6481e-08 -6.0849e-08 -7.7721e-08 -9.7276e-08 -1.1969e-07 -1.4512e-07 -1.7374e-07 -2.0565e-07 -2.4093e-07 -2.7960e-07 -3.2156e-07 -3.6658e-07 -4.1424e-07 -4.6387e-07 -5.1448e-07 -5.6469e-07 -6.1268e-07 -6.5610e-07 -6.9213e-07 -7.1754e-07 -7.2888e-07 -7.2281e-07 -6.9669e-07 -6.4920e-07 -5.8109e-07 -4.9576e-07 -3.9941e-07 -3.0051e-07 -2.0834e-07 -1.3099e-07 -7.3262e-08 -3.5625e-08 -1.4652e-08 -4.9307e-09 -1.3048e-09 -2.5884e-10 -3.6335e-11 -3.3671e-12 -1.8937e-13 -5.8383e-15 -8.7208e-17 -5.4309e-19 -1.1741e-21 -7.0447e-25 -8.9170e-29 -1.6996e-33 -3.2191e-39 -3.6232e-46 -1.2802e-54 -6.4112e-65 -1.6836e-77 -6.6500e-93 -8.1745e-112 -4.2472e-135 -7.3363e-164 -1.6249e-199 -6.9833e-244 -2.5600e-299 -0.0000e+00 -0.0000e+00 -0.0000e+00 -0.0000e+00 -0.0000e+00 -0.0000e+00 -0.0000e+00 -0.0000e+00 -0.0000e+00 -0.0000e+00 -0.0000e+00 -0.0000e+00 -0.0000e+00 -0.0000e+00 -0.0000e+00 -0.0000e+00 -0.0000e+00 -0.0000e+00 -0.0000e+00 -0.0000e+00 -0.0000e+00 -0.0000e+00 -0.0000e+00 -0.0000e+00 -0.0000e+00 -0.0000e+00 -0.0000e+00 -0.0000e+00 -0.0000e+00 -0.0000e+00 -0.0000e+00 -0.0000e+00 -0.0000e+00 -0.0000e+00
-2.6157e-10 -1.4811e-09 -4.0881e-09 -8.4110e-09 -1.4736e-08 -2.3328e-08 -3.4439e-08 1.2857e-06 -6.5214e-08 -8.5372e-08 -1.0904e-07 -1.3648e-07 -1.6792e-07 -2.0361e-07 -2.4375e-07 -2.8853e-07 -3.3803e-07 -3.9228e-07 -4.5116e-07 -5.1432e-07 -5.8119e-07 -6.5083e-07 -7.2184e-07 -7.9229e-07 -8.5962e-07 -9.2055e-07 -9.7112e-07 -1.0068e-06 -1.0227e-06 -1.0142e-06 -9.7757e-07 -9.1096e-07 -8.1542e-07 -6.9571e-07 -5.6053e-07 -4.2176e-07 -2.9242e-07 -1.8387e-07 -1.0285e-07 -5.0020e-08 -2.0575e-08 -6.9254e-09 -1.8331e-09 -3.6373e-10 -5.1078e-11 -4.7351e-12 -2.6644e-13 -8.2192e-15 -1.2286e-16 -7.6573e-19 -1.6571e-21 -9.9549e-25 -1.2619e-28 -2.4095e-33 -4.5735e-39 -5.1610e-46 -1.8292e-54 -9.1959e-65 -2.4262e-77 -9.6370e-93 -1.1928e-111 -6.2501e-135 -1.0908e-163 -2.4467e-199 -1.0681e-243 -3.9913e-299 -0.0000e+00 -0.0000e+00 -0.0000e+00 -0.0000e+00 -0.0000e+00 -0.0000e+00 -0.0000e+00 -0.0000e+00 -0.0000e+00 -0.0000e+00 -0.0000e+00 -0.0000e+00 -0.0000e+00 -0.0000e+00 -0.0000e+00 -0.0000e+00 -0.0000e+00 -0.0000e+00 -0.0000e+00 -0.0000e+00 -0.0000e+00 -0.0000e+00 -0.0000e+00 -0.0000e+00 -0.0000e+00 -0.0000e+00 -0.0000e+00 -0.0000e+00 -0.0000e+00 -0.0000e+00 -0.0000e+00 -0.0000e+00 -0.0000e+00 -0.0000e+00 -2.6157e-10 -1.4811e-09 -4.0881e-09 -8.4110e-09 -1.4736e-08 -2.3328e-08 -3.4439e-08 0.0000e+00 -6.5214e-08 -8.5372e-08 -1.0904e-07 -1.3648e-07 -1.6792e-07 -2.0361e-07 -2.4375e-07 -2.8852e-07 -3.3803e-07 -3.9228e-07 -4.5115e-07 -5.1432e-07 -5.8119e-07 -6.5082e-07 -7.2183e-07 -7.9228e-07 -8.5960e-07 -9.2052e-07 -9.7108e-07 -1.0067e-06 -1.0226e-06 -1.0141e-06 -9.7749e-07 -9.1087e-07 -8.1531e-07 -6.9559e-07 -5.6042e-07 -4.2165e-07 -2.9233e-07 -1.8380e-07 -1.0280e-07 -4.9991e-08 -2.0561e-08 -6.9195e-09 -1.8312e-09 -3.6328e-10 -5.1000e-11 -4.7265e-12 -2.6585e-13 -8.1973e-15 -1.2246e-16 -7.6278e-19 -1.6494e-21 -9.8993e-25 -1.2534e-28 -2.3900e-33 -4.5288e-39 -5.1003e-46 -1.8033e-54 -9.0385e-65 -2.3760e-77 -9.3965e-93 -1.1568e-111 -6.0219e-135 -1.0426e-163 -2.3158e-199 -9.9884e-244 -3.6779e-299 -0.0000e+00 -0.0000e+00 -0.0000e+00 -0.0000e+00 -0.0000e+00 -0.0000e+00 -0.0000e+00 -0.0000e+00 -0.0000e+00 -0.0000e+00 -0.0000e+00 -0.0000e+00 -0.0000e+00 -0.0000e+00 -0.0000e+00 -0.0000e+00 -0.0000e+00 -0.0000e+00 -0.0000e+00 -0.0000e+00 -0.0000e+00 -0.0000e+00 -0.0000e+00 -0.0000e+00 -0.0000e+00 -0.0000e+00 -0.0000e+00 -0.0000e+00 -0.0000e+00 -0.0000e+00 -0.0000e+00 -0.0000e+00 -0.0000e+00 -0.0000e+00
-3.5303e-10 -1.9990e-09 -5.5175e-09 -1.1352e-08 -1.9889e-08 -3.1484e-08 -4.6481e-08 -6.5214e-08 2.6282e-06 -1.1522e-07 -1.4717e-07 -1.8420e-07 -2.2664e-07 -2.7481e-07 -3.2898e-07 -3.8941e-07 -4.5623e-07 -5.2945e-07 -6.0891e-07 -6.9416e-07 -7.8442e-07 -8.7840e-07 -9.7425e-07 -1.0693e-06 -1.1602e-06 -1.2425e-06 -1.3107e-06 -1.3589e-06 -1.3804e-06 -1.3690e-06 -1.3196e-06 -1.2297e-06 -1.1008e-06 -9.3922e-07 -7.5677e-07 -5.6946e-07 -3.9487e-07 -2.4831e-07 -1.3892e-07 -6.7570e-08 -2.7800e-08 -9.3594e-09 -2.4780e-09 -4.9188e-10 -6.9100e-11 -6.4091e-12 -3.6084e-13 -1.1139e-14 -1.6665e-16 -1.0397e-18 -2.2528e-21 -1.3554e-24 -1.7212e-28 -3.2934e-33 -6.2675e-39 -7.0947e-46 -2.5240e-54 -1.2747e-64 -3.3816e-77 -1.3522e-92 -1.6872e-111 -8.9272e-135 -1.5765e-163 -3.5871e-199 -1.5932e-243 -6.0787e-299 -0.0000e+00 -0.0000e+00 -0.0000e+00 -0.0000e+00 -0.0000e+00 -0.0000e+00 -0.0000e+00 -0.0000e+00 -0.0000e+00 -0.0000e+00 -0.0000e+00 -0.0000e+00 -0.0000e+00 -0.0000e+00 -0.0000e+00 -0.0000e+00 -0.0000e+00 -0.0000e+00 -0.0000e+00 -0.0000e+00 -0.0000e+00 -0.0000e+00 -0.0000e+00 -0.0000e+00 -0.0000e+00 -0.0000e+00 -0.0000e+00 -0.0000e+00 -0.0000e+00 -0.0000e+00 -0.0000e+00 -0.0000e+00 -0.0000e+00 -0.0000e+00 -3.5303e-10 -1.9990e-09 -5.5175e-09 -1.1352e-08 -1.9889e-08 -3.1484e-08 -4.6481e-08 -6.5214e-08 0.0000e+00 -1.1522e-07 -1.4717e-07 -1.8420e-07 -2.2664e-07 -2.7481e-07 -3.2898e-07 -3.8941e-07 -4.5622e-07 -5.2945e-07 -6.0890e-07 -6.9415e-07 -7.8441e-07 -8.7839e-07 -9.7422e-07 -1.0693e-06 -1.1602e-06 -1.2424e-06 -1.3106e-06 -1.3588e-06 -1.3802e-06 -1.3688e-06 -1.3193e-06 -1.2294e-06 -1.1005e-06 -9.3889e-07 -7.5645e-07 -5.6916e-07 -3.9461e-07 -2.4811e-07 -1.3878e-07 -6.7491e-08 -2.7760e-08 -9.3430e-09 -2.4728e-09 -4.9062e-10 -6.8887e-11 -6.3852e-12 -3.5922e-13 -1.1079e-14 -1.6556e-16 -1.0316e-18 -2.2316e-21 -1.3400e-24 -1.6977e-28 -3.2394e-33 -6.1439e-39 -6.9265e-46 -2.4521e-54 -1.2310e-64 -3.2423e-77 -1.2852e-92 -1.5868e-111 -8.2894e-135 -1.4414e-163 -3.2187e-199 -1.3975e-243 -5.1880e-299 -0.0000e+00 -0.0000e+00 -0.0000e+00 -0.0000e+00 -0.0000e+00 -0.0000e+00 -0.0000e+00 -0.0000e+00 -0.0000e+00 -0.0000e+00 -0.0000e+00 -0.0000e+00 -0.0000e+00 -0.0000e+00 -0.0000e+00 -0.0000e+00 -0.0000e+00 -0.0000e+00 -0.0000e+00 -0.0000e+00 -0.0000e+00 -0.0000e+00 -0.0000e+00 -0.0000e+00 -0.0000e+00 -0.0000e+00 -0.0000e+00 -0.0000e+00 -0.0000e+00 -0.0000e+00 -0.0000e+00 -0.0000e+00 -0.0000e+00 -0.0000e+00
-4.6216e-10 -2.6169e-09 -7.2230e-09 -1.4861e-08 -2.6036e-08 -4.1217e-08 -6.0849e-08 -8.5372e-08 -1.1522e-07 4.9916e-06 -1.9266e-07 -2.4114e-07 -2.9670e-07 -3.5975e-07 -4.3068e-07 -5.0978e-07 -5.9725e-07 -6.9311e-07 -7.9714e-07 -9.0875e-07 -1.0269e-06 -1.1500e-06 -1.2754e-06 -1.4000e-06 -1.5189e-06 -1.6266e-06 -1.7161e-06 -1.7792e-06 -1.8074e-06 -1.7925e-06 -1.7279e-06 -1.6103e-06 -1.4416e-06 -1.2301e-06 -9.9128e-07 -7.4602e-07 -5.1738e-07 -3.2541e-07 -1.8209e-07 -8.8598e-08 -3.6464e-08 -1.2281e-08 -3.2533e-09 -6.4614e-10 -9.0838e-11 -8.4325e-12 -4.7525e-13 -1.4689e-14 -2.2008e-16 -1.3756e-18 -2.9869e-21 -1.8016e-24 -2.2949e-28 -4.4076e-33 -8.4252e-39 -9.5881e-46 -3.4331e-54 -1.7471e-64 -4.6779e-77 -1.8913e-92 -2.3914e-111 -1.2854e-134 -2.3132e-163 -5.3825e-199 -2.4546e-243 -9.6620e-299 -0.0000e+00 -0.0000e+00 -0.0000e+00 -0.0000e+00 -0.0000e+00 -0.0000e+00 -0.0000e+00 -0.0000e+00 -0.0000e+00 -0.0000e+00 -0.0000e+00 -0.0000e+00 -0.0000e+00 -0.0000e+00 -0.0000e+00 -0.0000e+00 -0.0000e+00 -0.0000e+00 -0.0000e+00 -0.0000e+00 -0.0000e+00 -0.0000e+00 -0.0000e+00 -0.0000e+00 -0.0000e+00 -0.0000e+00 -0.0000e+00 -0.0000e+00 -0.0000e+00 -0.0000e+00 -0.0000e+00 -0.0000e+00 -0.0000e+00 -0.0000e+00 -4.6216e-10 -2.6169e-09 -7.2230e-09 -1.4861e-08 -2.6036e-08 -4.1217e-08 -6.0849e-08 -8.5372e-08 -1.1522e-07 0.0000e+00 -1.9266e-07 -2.4114e-07 -2.9670e-07 -3.5975e-07 -4.3068e-07 -5.0978e-07 -5.9725e-07 -6.9311e-07 -7.9712e-07 -9.0873e-07 -1.0269e-06 -1.1499e-06 -1.2754e-06 -1.3999e-06 -1.5188e-06 -1.6265e-06 -1.7158e-06 -1.7789e-06 -1.8070e-06 -1.7920e-06 -1.7273e-06 -1.6096e-06 -1.4408e-06 -1.2293e-06 -9.9047e-07 -7.4527e-07 -5.1674e-07 -3.2492e-07 -1.8176e-07 -8.8400e-08 -3.6365e-08 -1.2241e-08 -3.2402e-09 -6.4302e-10 -9.0307e-11 -8.3730e-12 -4.7122e-13 -1.4539e-14 -2.1738e-16 -1.3552e-18 -2.9339e-21 -1.7633e-24 -2.2363e-28 -4.2726e-33 -8.1160e-39 -9.1669e-46 -3.2526e-54 -1.6374e-64 -4.3270e-77 -1.7222e-92 -2.1370e-111 -1.1232e-134 -1.9676e-163 -4.4343e-199 -1.9471e-243 -7.3298e-299 -0.0000e+00 -0.0000e+00 -0.0000e+00 -0.0000e+00 -0.0000e+00 -0.0000e+00 -0.0000e+00 -0.0000e+00 -0.0000e+00 -0.0000e+00 -0.0000e+00 -0.0000e+00 -0.0000e+00 -0.0000e+00 -0.0000e+00 -0.0000e+00 -0.0000e+00 -0.0000e+00 -0.0000e+00 -0.0000e+00 -0.0000e+00 -0.0000e+00 -0.0000e+00 -0.0000e+00 -0.0000e+00 -0.0000e+00 -0.0000e+00 -0.0000e+00 -0.0000e+00 -0.0000e+00 -0.0000e+00 -0.0000e+00 -0.0000e+00 -0.0000e+00
-5.9031e-10 -3.3425e-09 -9.2258e-09 -1.8982e-08 -3.3256e-08 -5.2645e-08 -7.7721e-08 -1.0904e-07 -1.4717e-07 -1.9266e-07 8.9344e-06 -3.0800e-07 -3.7897e-07 -4.5951e-07 -5.5010e-07 -6.5114e-07 -7.6287e-07 -8.8531e-07 -1.0182e-06 -1.1608e-06 -1.3117e-06 -1.4689e-06 -1.6292e-06 -1.7883e-06 -1.9403e-06 -2.0779e-06 -2.1922e-06 -2.2729e-06 -2.3091e-06 -2.2902e-06 -2.2079e-06 -2.0578e-06 -1.8425e-06 -1.5724e-06 -1.2674e-06 -9.5400e-07 -6.6180e-07 -4.1638e-07 -2.3309e-07 -1.1347e-07 -4.6725e-08 -1.5748e-08 -4.1751e-09 -8.3005e-10 -1.1683e-10 -1.0861e-11 -6.1316e-13 -1.8991e-14 -2.8522e-16 -1.7880e-18 -3.8960e-21 -2.3598e-24 -3.0210e-28 -5.8370e-33 -1.1237e-38 -1.2897e-45 -4.6648e-54 -2.4027e-64 -6.5252e-77 -2.6829e-92 -3.4600e-111 -1.9036e-134 -3.5195e-163 -8.4506e-199 -3.9960e-243 -1.6396e-298 -0.0000e+00 -0.0000e+00 -0.0000e+00 -0.0000e+00 -0.0000e+00 -0.0000e+00 -0.0000e+00 -0.0000e+00 -0.0000e+00 -0.0000e+00 -0.0000e+00 -0.0000e+00 -0.0000e+00 -0.0000e+00 -0.0000e+00 -0.0000e+00 -0.0000e+00 -0.0000e+00 -0.0000e+00 -0.0000e+00 -0.0000e+00 -0.0000e+00 -0.0000e+00 -0.0000e+00 -0.0000e+00 -0.0000e+00 -0.0000e+00 -0.0000e+00 -0.0000e+00 -0.0000e+00 -0.0000e+00 -0.0000e+00 -0.0000e+00 -0.0000e+00 -5.9031e-10 -3.3425e-09 -9.2258e-09 -1.8982e-08 -3.3256e-08 -5.2645e-08 -7.7721e-08 -1.0904e-07 -1.4717e-07 -1.9266e-07 0.0000e+00 -3.0800e-07 -3.7896e-07 -4.5950e-07 -5.5010e-07 -6.5113e-07 -7.6286e-07 -8.8529e-07 -1.0182e-06 -1.1607e-06 -1.3116e-06 -1.4688e-06 -1.6291e-06 -1.7881e-06 -1.9400e-06 -2.0776e-06 -2.1917e-06 -2.2723e-06 -2.3082e-06 -2.2891e-06 -2.2065e-06 -2.0563e-06 -1.8407e-06 -1.5706e-06 -1.2655e-06 -9.5229e-07 -6.6035e-07 -4.1526e-07 -2.3233e-07 -1.1301e-07 -4.6498e-08 -1.5655e-08 -4.1453e-09 -8.2289e-10 -1.1562e-10 -1.0725e-11 -6.0391e-13 -1.8646e-14 -2.7902e-16 -1.7413e-18 -3.7742e-21 -2.2716e-24 -2.8860e-28 -5.5258e-33 -1.0523e-38 -1.1922e-45 -4.2462e-54 -2.1472e-64 -5.7057e-77 -2.2862e-92 -2.8599e-111 -1.5180e-134 -2.6917e-163 -6.1560e-199 -2.7522e-243 -1.0590e-298 -0.0000e+00 -0.0000e+00 -0.0000e+00 -0.0000e+00 -0.0000e+00 -0.0000e+00 -0.0000e+00 -0.0000e+00 -0.0000e+00 -0.0000e+00 -0.0000e+00 -0.0000e+00 -0.0000e+00 -0.0000e+00 -0.0000e+00 -0.0000e+00 -0.0000e+00 -0.0000e+00 -0.0000e+00 -0.0000e+00 -0.0000e+00 -0.0000e+00 -0.0000e+00 -0.0000e+00 -0.0000e+00 -0.0000e+00 -0.0000e+00 -0.0000e+00 -0.0000e+00 -0.0000e+00 -0.0000e+00 -0.0000e+00 -0.0000e+00 -0.0000e+00
-7.3883e-10 -4.1835e-09 -1.1547e-08 -2.3757e-08 -4.1623e-08 -6.5891e-08 -9.7276e-08 -1.3648e-07 -1.8420e-07 -2.4114e-07 -3.0800e-07 1.5230e-05 -4.7431e-07 -5.7512e-07 -6.8851e-07 -8.1497e-07 -9.5481e-07 -1.1081e-06 -1.2744e-06 -1.4528e-06 -1.6418e-06 -1.8386e-06 -2.0393e-06 -2.2384e-06 -2.4288e-06 -2.6012e-06 -2.7445e-06 -2.8457e-06 -2.8912e-06 -2.8679e-06 -2.7651e-06 -2.5777e-06 -2.3083e-06 -1.9705e-06 -1.5887e-06 -1.1963e-06 -8.3023e-07 -5.2262e-07 -2.9275e-07 -1.4261e-07 -5.8782e-08 -1.9833e-08 -5.2650e-09 -1.0484e-09 -1.4784e-10 -1.3775e-11 -7.7975e-13 -2.4228e-14 -3.6528e-16 -2.3002e-18 -5.0395e-21 -3.0722e-24 -3.9632e-28 -7.7270e-33 -1.5036e-38 -1.7477e-45 -6.4155e-54 -3.3622e-64 -9.3177e-77 -3.9220e-92 -5.1967e-111 -2.9490e-134 -5.6486e-163 -1.4116e-198 -6.9826e-243 -3.0133e-298 -0.0000e+00 -0.0000e+00 -0.0000e+00 -0.0000e+00 -0.0000e+00 -0.0000e+00 -0.0000e+00 -0.0000e+00 -0.0000e+00 -0.0000e+00 -0.0000e+00 -0.0000e+00 -0.0000e+00 -0.0000e+00 -0.0000e+00 -0.0000e+00 -0.0000e+00 -0.0000e+00 -0.0000e+00 -0.0000e+00 -0.0000e+00 -0.0000e+00 -0.0000e+00 -0.0000e+00 -0.0000e+00 -0.0000e+00 -0.0000e+00 -0.0000e+00 -0.0000e+00 -0.0000e+00 -0.0000e+00 -0.0000e+00 -0.0000e+00 -0.0000e+00 -7.3883e-10 -4.1835e-09 -1.1547e-08 -2.3757e-08 -4.1623e-08 -6.5891e-08 -9.7276e-08 -1.3648e-07 -1.8420e-07 -2.4114e-07 -3.0800e-07 0.0000e+00 -4.7431e-07 -5.7512e-07 -6.8850e-07 -8.1496e-07 -9.5480e-07 -1.1080e-06 -1.2743e-06 -1.4528e-06 -1.6417e-06 -1.8384e-06 -2.0390e-06 -2.2380e-06 -2.4283e-06 -2.6004e-06 -2.7434e-06 -2.8443e-06 -2.8894e-06 -2.8656e-06 -2.7623e-06 -2.5743e-06 -2.3046e-06 -1.9665e-06 -1.5847e-06 -1.1926e-06 -8.2713e-07 -5.2023e-07 -2.9112e-07 -1.4165e-07 -5.8297e-08 -1.9635e-08 -5.2014e-09 -1.0331e-09 -1.4524e-10 -1.3483e-11 -7.5994e-13 -2.3490e-14 -3.5196e-16 -2.2001e-18 -4.7777e-21 -2.8822e-24 -3.6720e-28 -7.0542e-33 -1.3488e-38 -1.5356e-45 -5.5013e-54 -2.8017e-64 -7.5089e-77 -3.0400e-92 -3.8508e-111 -2.0752e-134 -3.7477e-163 -8.7635e-199 -4.0241e-243 -1.5993e-298 -0.0000e+00 -0.0000e+00 -0.0000e+00 -0.0000e+00 -0.0000e+00 -0.0000e+00 -0.0000e+00 -0.0000e+00 -0.0000e+00 -0.0000e+00 -0.0000e+00 -0.0000e+00 -0.0000e+00 -0.0000e+00 -0.0000e+00 -0.0000e+00 -0.0000e+00 -0.0000e+00 -0.0000e+00 -0.0000e+00 -0.0000e+00 -0.0000e+00 -0.0000e+00 -0.0000e+00 -0.0000e+00 -0.0000e+00 -0.0000e+00 -0.0000e+00 -0.0000e+00 -0.0000e+00 -0.0000e+00 -0.0000e+00 -0.0000e+00 -0.0000e+00
-9.0905e-10 -5.1474e-09 -1.4207e-08 -2.9231e-08 -5.1213e-08 -8.1072e-08 -1.1969e-07 -1.6792e-07 -2.2664e-07 -2.9670e-07 -3.7897e-07 -4.7431e-07 2.4924e-05 -7.0763e-07 -8.4715e-07 -1.0028e-06 -1.1748e-06 -1.3634e-06 -1.5681e-06 -1.7877e-06 -2.0202e-06 -2.2624e-06 -2.5094e-06 -2.7546e-06 -2.9891e-06 -3.2015e-06 -3.3781e-06 -3.5031e-06 -3.5596e-06 -3.5314e-06 -3.4056e-06 -3.1755e-06 -2.8445e-06 -2.4291e-06 -1.9593e-06 -1.4762e-06 -1.0252e-06 -6.4585e-07 -3.6212e-07 -1.7661e-07 -7.2896e-08 -2.4637e-08 -6.5532e-09 -1.3080e-09 -1.8498e-10 -1.7293e-11 -9.8291e-13 -3.0687e-14 -4.6531e-16 -2.9500e-18 -6.5149e-21 -4.0091e-24 -5.2293e-28 -1.0328e-32 -2.0403e-38 -2.4134e-45 -9.0407e-54 -4.8496e-64 -1.3802e-76 -5.9875e-92 -8.2084e-111 -4.8396e-134 -9.6737e-163 -2.5349e-198 -1.3216e-242 -6.0455e-298 -0.0000e+00 -0.0000e+00 -0.0000e+00 -0.0000e+00 -0.0000e+00 -0.0000e+00 -0.0000e+00 -0.0000e+00 -0.0000e+00 -0.0000e+00 -0.0000e+00 -0.0000e+00 -0.0000e+00 -0.0000e+00 -0.0000e+00 -0.0000e+00 -0.0000e+00 -0.0000e+00 -0.0000e+00 -0.0000e+00 -0.0000e+00 -0.0000e+00 -0.0000e+00 -0.0000e+00 -0.0000e+00 -0.0000e+00 -0.0000e+00 -0.0000e+00 -0.0000e+00 -0.0000e+00 -0.0000e+00 -0.0000e+00 -0.0000e+00 -0.0000e+00 -9.0905e-10 -5.1474e-09 -1.4207e-08 -2.9231e-08 -5.1213e-08 -8.1072e-08 -1.1969e-07 -1.6792e-07 -2.2664e-07 -2.9670e-07 -3.7896e-07 -4.7431e-07 0.0000e+00 -7.0762e-07 -8.4713e-07 -1.0027e-06 -1.1748e-06 -1.3633e-06 -1.5680e-06 -1.7875e-06 -2.0199e-06 -2.2620e-06 -2.5089e-06 -2.7538e-06 -2.9879e-06 -3.1999e-06 -3.3759e-06 -3.5001e-06 -3.5558e-06 -3.5267e-06 -3.3998e-06 -3.1687e-06 -2.8370e-06 -2.4212e-06 -1.9514e-06 -1.4689e-06 -1.0189e-06 -6.4103e-07 -3.5883e-07 -1.7466e-07 -7.1918e-08 -2.4237e-08 -6.4247e-09 -1.2771e-09 -1.7972e-10 -1.6704e-11 -9.4281e-13 -2.9192e-14 -4.3829e-16 -2.7464e-18 -5.9816e-21 -3.6212e-24 -4.6330e-28 -8.9456e-33 -1.7209e-38 -1.9737e-45 -7.1332e-54 -3.6715e-64 -9.9659e-77 -4.0968e-92 -5.2856e-111 -2.9117e-134 -5.3985e-163 -1.3026e-198 -6.2096e-243 -2.5801e-298 -0.0000e+00 -0.0000e+00 -0.0000e+00 -0.0000e+00 -0.0000e+00 -0.0000e+00 -0.0000e+00 -0.0000e+00 -0.0000e+00 -0.0000e+00 -0.0000e+00 -0.0000e+00 -0.0000e+00 -0.0000e+00 -0.0000e+00 -0.0000e+00 -0.0000e+00 -0.0000e+00 -0.0000e+00 -0.0000e+00 -0.0000e+00 -0.0000e+00 -0.0000e+00 -0.0000e+00 -0.0000e+00 -0.0000e+00 -0.0000e+00 -0.0000e+00 -0.0000e+00 -0.0000e+00 -0.0000e+00 -0.0000e+00 -0.0000e+00 -0.0000e+00
-1.1023e-09 -6.2413e-09 -1.7227e-08 -3.5443e-08 -6.2097e-08 -9.8301e-08 -1.4512e-07 -2.0361e-07 -2.7481e-07 -3.5975e-07 -4.5951e-07 -5.7512e-07 -7.0763e-07 3.9402e-05 -1.0272e-06 -1.2159e-06 -1.4245e-06 -1.6532e-06 -1.9014e-06 -2.1678e-06 -2.4498e-06 -2.7436e-06 -3.0433e-06 -3.3409e-06 -3.6256e-06 -3.8836e-06 -4.0983e-06 -4.2506e-06 -4.3201e-06 -4.2870e-06 -4.1354e-06 -3.8574e-06 -3.4570e-06 -2.9537e-06 -2.3841e-06 -1.7977e-06 -1.2497e-06 -7.8821e-07 -4.4257e-07 -2.1622e-07 -8.9428e-08 -3.0298e-08 -8.0828e-09 -1.6190e-09 -2.2991e-10 -2.1600e-11 -1.2349e-12 -3.8820e-14 -5.9343e-16 -3.7983e-18 -8.4824e-21 -5.2882e-24 -7.0023e-28 -1.4073e-32 -2.8361e-38 -3.4320e-45 -1.3193e-53 -7.2859e-64 -2.1423e-76 -9.6371e-92 -1.3754e-110 -8.4781e-134 -1.7798e-162 -4.9228e-198 -2.7245e-242 -1.3317e-297 -0.0000e+00 -0.0000e+00 -0.0000e+00 -0.0000e+00 -0.0000e+00 -0.0000e+00 -0.0000e+00 -0.0000e+00 -0.0000e+00 -0.0000e+00 -0.0000e+00 -0.0000e+00 -0.0000e+00 -0.0000e+00 -0.0000e+00 -0.0000e+00 -0.0000e+00 -0.0000e+00 -0.0000e+00 -0.0000e+00 -0.0000e+00 -0.0000e+00 -0.0000e+00 -0.0000e+00 -0.0000e+00 -0.0000e+00 -0.0000e+00 -0.0000e+00 -0.0000e+00 -0.0000e+00 -0.0000e+00 -0.0000e+00 -0.0000e+00 -0.0000e+00 -1.1023e-09 -6.2413e-09 -1.7227e-08 -3.5443e-08 -6.2097e-08 -9.8301e-08 -1.4512e-07 -2.0361e-07 -2.7481e-07 -3.5975e-07 -4.5950e-07 -5.7512e-07 -7.0762e-07 0.0000e+00 -1.0272e-06 -1.2158e-06 -1.4245e-06 -1.6531e-06 -1.9012e-06 -2.1675e-06 -2.4493e-06 -2.7429e-06 -3.0423e-06 -3.3394e-06 -3.6234e-06 -3.8805e-06 -4.0941e-06 -4.2450e-06 -4.3128e-06 -4.2779e-06 -4.1244e-06 -3.8445e-06 -3.4426e-06 -2.9385e-06 -2.3689e-06 -1.7836e-06 -1.2377e-06 -7.7896e-07 -4.3625e-07 -2.1247e-07 -8.7548e-08 -2.9529e-08 -7.8355e-09 -1.5594e-09 -2.1977e-10 -2.0462e-11 -1.1574e-12 -3.5925e-14 -5.4101e-16 -3.4023e-18 -7.4423e-21 -4.5288e-24 -5.8303e-28 -1.1341e-32 -2.2012e-38 -2.5514e-45 -9.3390e-54 -4.8801e-64 -1.3488e-76 -5.6649e-92 -7.4974e-111 -4.2569e-134 -8.1794e-163 -2.0584e-198 -1.0309e-242 -4.5379e-298 -0.0000e+00 -0.0000e+00 -0.0000e+00 -0.0000e+00 -0.0000e+00 -0.0000e+00 -0.0000e+00 -0.0000e+00 -0.0000e+00 -0.0000e+00 -0.0000e+00 -0.0000e+00 -0.0000e+00 -0.0000e+00 -0.0000e+00 -0.0000e+00 -0.0000e+00 -0.0000e+00 -0.0000e+00 -0.0000e+00 -0.0000e+00 -0.0000e+00 -0.0000e+00 -0.0000e+00 -0.0000e+00 -0.0000e+00 -0.0000e+00 -0.0000e+00 -0.0000e+00 -0.0000e+00 -0.0000e+00 -0.0000e+00 -0.0000e+00 -0.0000e+00
-1.3196e-09 -7.4718e-09 -2.0623e-08 -4.2431e-08 -7.4339e-08 -1.1768e-07 -1.7374e-07 -2.4375e-07 -3.2898e-07 -4.3068e-07 -5.5010e-07 -6.8851e-07 -8.4715e-07 -1.0272e-06 6.0470e-05 -1.4556e-06 -1.7055e-06 -1.9793e-06 -2.2765e-06 -2.5955e-06 -2.9333e-06 -3.2852e-06 -3.6444e-06 -4.0011e-06 -4.3425e-06 -4.6523e-06 -4.9104e-06 -5.0941e-06 -5.1788e-06 -5.1409e-06 -4.9614e-06 -4.6303e-06 -4.1523e-06 -3.5507e-06 -2.8687e-06 -2.1656e-06 -1.5076e-06 -9.5252e-07 -5.3593e-07 -2.6248e-07 -1.0888e-07 -3.7018e-08 -9.9166e-09 -1.9961e-09 -2.8513e-10 -2.6973e-11 -1.5546e-12 -4.9338e-14 -7.6260e-16 -4.9442e-18 -1.1206e-20 -7.1063e-24 -9.5946e-28 -1.9713e-32 -4.0729e-38 -5.0680e-45 -2.0096e-53 -1.1487e-63 -3.5079e-76 -1.6452e-91 -2.4579e-110 -1.5930e-133 -3.5342e-162 -1.0391e-197 -6.1539e-242 -3.2447e-297 -0.0000e+00 -0.0000e+00 -0.0000e+00 -0.0000e+00 -0.0000e+00 -0.0000e+00 -0.0000e+00 -0.0000e+00 -0.0000e+00 -0.0000e+00 -0.0000e+00 -0.0000e+00 -0.0000e+00 -0.0000e+00 -0.0000e+00 -0.0000e+00 -0.0000e+00 -0.0000e+00 -0.0000e+00 -0.0000e+00 -0.0000e+00 -0.0000e+00 -0.0000e+00 -0.0000e+00 -0.0000e+00 -0.0000e+00 -0.0000e+00 -0.0000e+00 -0.0000e+00 -0.0000e+00 -0.0000e+00 -0.0000e+00 -0.0000e+00 -0.0000e+00 -1.3196e-09 -7.4718e-09 -2.0623e-08 -4.2431e-08 -7.4339e-08 -1.1768e-07 -1.7374e-07 -2.4375e-07 -3.2898e-07 -4.3068e-07 -5.5010e-07 -6.8850e-07 -8.4713e-07 -1.0272e-06 0.0000e+00 -1.4556e-06 -1.7053e-06 -1.9791e-06 -2.2761e-06 -2.5949e-06 -2.9324e-06 -3.2839e-06 -3.6424e-06 -3.9982e-06 -4.3384e-06 -4.6466e-06 -4.9026e-06 -5.0837e-06 -5.1654e-06 -5.1242e-06 -4.9411e-06 -4.6066e-06 -4.1259e-06 -3.5227e-06 -2.8408e-06 -2.1398e-06 -1.4855e-06 -9.3550e-07 -5.2428e-07 -2.5556e-07 -1.0541e-07 -3.5597e-08 -9.4596e-09 -1.8860e-09 -2.6636e-10 -2.4862e-11 -1.4105e-12 -4.3941e-14 -6.6459e-16 -4.2011e-18 -9.2466e-21 -5.6684e-24 -7.3618e-28 -1.4471e-32 -2.8438e-38 -3.3454e-45 -1.2461e-53 -6.6482e-64 -1.8830e-76 -8.1399e-92 -1.1144e-110 -6.5825e-134 -1.3245e-162 -3.5164e-198 -1.8737e-242 -8.8588e-298 -0.0000e+00 -0.0000e+00 -0.0000e+00 -0.0000e+00 -0.0000e+00 -0.0000e+00 -0.0000e+00 -0.0000e+00 -0.0000e+00 -0.0000e+00 -0.0000e+00 -0.0000e+00 -0.0000e+00 -0.0000e+00 -0.0000e+00 -0.0000e+00 -0.0000e+00 -0.0000e+00 -0.0000e+00 -0.0000e+00 -0.0000e+00 -0.0000e+00 -0.0000e+00 -0.0000e+00 -0.0000e+00 -0.0000e+00 -0.0000e+00 -0.0000e+00 -0.0000e+00 -0.0000e+00 -0.0000e+00 -0.0000e+00 -0.0000e+00 -0.0000e+00
-1.5619e-09 -8.8441e-09 -2.4411e-08 -5.0224e-08 -8.7993e-08 -1.3930e-07 -2.0565e-07 -2.8853e-07 -3.8941e-07 -5.0978e-07 -6.5114e-07 -8.1497e-07 -1.0028e-06 -1.2159e-06 -1.4556e-06 9.0449e-05 -2.0188e-06 -2.3430e-06 -2.6949e-06 -3.0727e-06 -3.4728e-06 -3.8898e-06 -4.3155e-06 -4.7385e-06 -5.1437e-06 -5.5118e-06 -5.8191e-06 -6.0388e-06 -6.1417e-06 -6.0999e-06 -5.8905e-06 -5.5016e-06 -4.9383e-06 -4.2276e-06 -3.4202e-06 -2.5863e-06 -1.8040e-06 -1.1426e-06 -6.4470e-07 -3.1683e-07 -1.3196e-07 -4.5085e-08 -1.2147e-08 -2.4617e-09 -3.5444e-10 -3.3843e-11 -1.9717e-12 -6.3364e-14 -9.9361e-16 -6.5490e-18 -1.5125e-20 -9.7970e-24 -1.3546e-27 -2.8582e-32 -6.0819e-38 -7.8179e-45 -3.2126e-53 -1.9094e-63 -6.0855e-76 -2.9906e-91 -4.7027e-110 -3.2245e-133 -7.6135e-162 -2.3989e-197 -1.5352e-241 -8.8307e-297 -0.0000e+00 -0.0000e+00 -0.0000e+00 -0.0000e+00 -0.0000e+00 -0.0000e+00 -0.0000e+00 -0.0000e+00 -0.0000e+00 -0.0000e+00 -0.0000e+00 -0.0000e+00 -0.0000e+00 -0.0000e+00 -0.0000e+00 -0.0000e+00 -0.0000e+00 -0.0000e+00 -0.0000e+00 -0.0000e+00 -0.0000e+00 -0.0000e+00 -0.0000e+00 -0.0000e+00 -0.0000e+00 -0.0000e+00 -0.0000e+00 -0.0000e+00 -0.0000e+00 -0.0000e+00 -0.0000e+00 -0.0000e+00 -0.0000e+00 -0.0000e+00 -1.5619e-09 -8.8441e-09 -2.4411e-08 -5.0224e-08 -8.7993e-08 -1.3930e-07 -2.0565e-07 -2.8852e-07 -3.8941e-07 -5.0978e-07 -6.5113e-07 -8.1496e-07 -1.0027e-06 -1.2158e-06 -1.4556e-06 0.0000e+00 -2.0186e-06 -2.3426e-06 -2.6943e-06 -3.0716e-06 -3.4712e-06 -3.8874e-06 -4.3120e-06 -4.7334e-06 -5.1365e-06 -5.5017e-06 -5.8054e-06 -6.0205e-06 -6.1181e-06 -6.0702e-06 -5.8545e-06 -5.4597e-06 -4.8915e-06 -4.1780e-06 -3.3707e-06 -2.5404e-06 -1.7648e-06 -1.1123e-06 -6.2400e-07 -3.0453e-07 -1.2579e-07 -4.2554e-08 -1.1332e-08 -2.2649e-09 -3.2082e-10 -3.0053e-11 -1.7122e-12 -5.3612e-14 -8.1577e-16 -5.1940e-18 -1.1530e-20 -7.1406e-24 -9.3861e-28 -1.8715e-32 -3.7404e-38 -4.4882e-45 -1.7113e-53 -9.3823e-64 -2.7434e-76 -1.2307e-91 -1.7588e-110 -1.0917e-133 -2.3255e-162 -6.5915e-198 -3.7852e-242 -1.9495e-297 -0.0000e+00 -0.0000e+00 -0.0000e+00 -0.0000e+00 -0.0000e+00 -0.0000e+00 -0.0000e+00 -0.0000e+00 -0.0000e+00 -0.0000e+00 -0.0000e+00 -0.0000e+00 -0.0000e+00 -0.0000e+00 -0.0000e+00 -0.0000e+00 -0.0000e+00 -0.0000e+00 -0.0000e+00 -0.0000e+00 -0.0000e+00 -0.0000e+00 -0.0000e+00 -0.0000e+00 -0.0000e+00 -0.0000e+00 -0.0000e+00 -0.0000e+00 -0.0000e+00 -0.0000e+00 -0.0000e+00 -0.0000e+00 -0.0000e+00 -0.0000e+00
