2.4673e-04 -4.2587e-05 -5.1948e-05 -5.9646e-05 -6.6201e-05 -7.1874e-05 -7.6813e-05 -8.1111e-05 -8.4831e-05 -8.8017e-05 -9.0703e-05 -9.2913e-05 -9.4668e-05 -9.5985e-05 -9.6879e-05 -9.7364e-05 -9.7455e-05 -9.7165e-05 -9.6509e-05 -9.5499e-05 -9.4153e-05 -9.2486e-05 -9.0516e-05 -8.8261e-05 -8.5740e-05 -8.2974e-05 -7.9985e-05 -7.6797e-05 -7.3433e-05 -6.9919e-05 -6.6279e-05 -6.2542e-05 -5.8734e-05 -5.4884e-05 -5.1018e-05 -4.7164e-05 -4.3350e-05 -3.9602e-05 -3.5945e-05 -3.2404e-05 -2.9001e-05 -2.5756e-05 -2.2687e-05 -1.9810e-05 -1.7137e-05 -1.4678e-05 -1.2437e-05 -1.0417e-05 -8.6187e-06 -7.0359e-06 -5.6617e-06 -4.4855e-06 -3.4941e-06 -2.6725e-06 -2.0037e-06 -1.4700e-06 -1.0532e-06 -7.3530e-07 -4.9895e-07 -3.2814e-07 -2.0851e-07 -1.2755e-07 -7.4804e-08 -4.1869e-08 -2.2246e-08 -1.1153e-08 -5.2394e-09 -2.2877e-09 -9.1986e-10 -3.3690e-10 -1.1098e-10 -3.2389e-11 -8.2288e-12 -1.7820e-12 -3.2075e-13 -4.6554e-14 -5.2519e-15 -4.4026e-16 -2.5947e-17 -1.0034e-18 -2.3349e-20 -2.9285e-22 -1.7185e-24 -3.9239e-27 -2.7318e-30 -4.1777e-34 -8.9567e-39 -1.4360e-44 -6.9920e-52 -2.7375e-61 -1.1366e-73 -2.0162e-90 -7.3273e-114 -4.4482e-148 -7.7515e-201 -2.1420e-288 0.0000e+00 0.0000e+00 0.0000e+00 0.0000e+00 0.0000e+00 4.2586e-05 5.1947e-05 5.9644e-05 6.6198e-05 7.1869e-05 7.6805e-05 8.1101e-05 8.4818e-05 8.8001e-05 9.0682e-05 9.2887e-05 9.4637e-05 9.5948e-05 9.6836e-05 9.7316e-05 9.7400e-05 9.7103e-05 9.6439e-05 9.5423e-05 9.4070e-05 9.2396e-05 9.0418e-05 8.8156e-05 8.5628e-05 8.2857e-05 7.9862e-05 7.6669e-05 7.3300e-05 6.9781e-05 6.6139e-05 6.2400e-05 5.8590e-05 5.4739e-05 5.0873e-05 4.7021e-05 4.3209e-05 3.9464e-05 3.5811e-05 3.2275e-05 2.8878e-05 2.5639e-05 2.2578e-05 1.9709e-05 1.7044e-05 1.4592e-05 1.2360e-05 1.0349e-05 8.5582e-06 6.9835e-06 5.6168e-06 4.4476e-06 3.4628e-06 2.6470e-06 1.9834e-06 1.4541e-06 1.0411e-06 7.2628e-07 4.9242e-07 3.2357e-07 2.0541e-07 1.2552e-07 7.3536e-08 4.1110e-08 2.1815e-08 1.0922e-08 5.1228e-09 2.2331e-09 8.9625e-10 3.2760e-10 1.0767e-10 3.1349e-11 7.9430e-12 1.7149e-12 3.0765e-13 4.4486e-14 4.9975e-15 4.1695e-16 2.4440e-17 9.3931e-19 2.1703e-20 2.6998e-22 1.5692e-24 3.5430e-27 2.4340e-30 3.6637e-34 7.7053e-39 1.2067e-44 5.7069e-52 2.1539e-61 8.5327e-74 1.4232e-90 4.7627e-114 2.5799e-148 3.8177e-201 8.2449e-289 0.0000e+00 0.0000e+00 0.0000e+00 0.0000e+00
-4.2587e-05 9.8739e-04 -7.3292e-05 -8.4156e-05 -9.3410e-05 -1.0142e-04 -1.0840e-04 -1.1447e-04 -1.1973e-04 -1.2425e-04 -1.2805e-04 -1.3119e-04 -1.3369e-04 -1.3557e-04 -1.3686e-04 -1.3757e-04 -1.3772e-04 -1.3734e-04 -1.3645e-04 -1.3505e-04 -1.3318e-04 -1.3086e-04 -1.2811e-04 -1.2496e-04 -1.2143e-04 -1.1756e-04 -1.1337e-04 -1.0889e-04 -1.0416e-04 -9.9222e-05 -9.4101e-05 -8.8839e-05 -8.3474e-05 -7.8043e-05 -7.2588e-05 -6.7146e-05 -6.1755e-05 -5.6454e-05 -5.1278e-05 -4.6261e-05 -4.1435e-05 -3.6830e-05 -3.2471e-05 -2.8380e-05 -2.4575e-05 -2.1070e-05 -1.7873e-05 -1.4989e-05 -1.2416e-05 -1.0150e-05 -8.1787e-06 -6.4892e-06 -5.0631e-06 -3.8791e-06 -2.9136e-06 -2.1417e-06 -1.5377e-06 -1.0759e-06 -7.3176e-07 -4.8248e-07 -3.0741e-07 -1.8860e-07 -1.1096e-07 -6.2318e-08 -3.3234e-08 -1.6728e-08 -7.8925e-09 -3.4624e-09 -1.3993e-09 -5.1539e-10 -1.7082e-10 -5.0191e-11 -1.2846e-11 -2.8047e-12 -5.0942e-13 -7.4686e-14 -8.5204e-15 -7.2327e-16 -4.3228e-17 -1.6984e-18 -4.0236e-20 -5.1505e-22 -3.0937e-24 -7.2554e-27 -5.2095e-30 -8.2580e-34 -1.8464e-38 -3.1101e-44 -1.6057e-51 -6.7433e-61 -3.0472e-73 -5.9936e-90 -2.4755e-113 -1.7657e-147 -3.7908e-200 -1.3875e-287 0.0000e+00 0.0000e+00 0.0000e+00 0.0000e+00 4.2586e-05 0.0000e+00 7.3287e-05 8.4146e-05 9.3392e-05 1.0139e-04 1.0836e-04 1.1442e-04 1.1966e-04 1.2415e-04 1.2793e-04 1.3105e-04 1.3351e-04 1.3536e-04 1.3662e-04 1.3729e-04 1.3741e-04 1.3699e-04 1.3606e-04 1.3462e-04 1.3271e-04 1.3035e-04 1.2756e-04 1.2437e-04 1.2080e-04 1.1689e-04 1.1267e-04 1.0816e-04 1.0341e-04 9.8447e-05 9.3308e-05 8.8033e-05 8.2659e-05 7.7225e-05 7.1772e-05 6.6337e-05 6.0959e-05 5.5675e-05 5.0522e-05 4.5534e-05 4.0741e-05 3.6172e-05 3.1853e-05 2.7805e-05 2.4045e-05 2.0586e-05 1.7437e-05 1.4600e-05 1.2074e-05 9.8521e-06 7.9241e-06 6.2746e-06 4.8852e-06 3.7342e-06 2.7981e-06 2.0515e-06 1.4688e-06 1.0246e-06 6.9469e-07 4.5648e-07 2.8978e-07 1.7708e-07 1.0374e-07 5.7995e-08 3.0775e-08 1.5407e-08 7.2266e-09 3.1502e-09 1.2643e-09 4.6212e-10 1.5188e-10 4.4219e-11 1.1204e-11 2.4188e-12 4.3391e-13 6.2740e-14 7.0476e-15 5.8794e-16 3.4459e-17 1.3242e-18 3.0590e-20 3.8045e-22 2.2107e-24 4.9895e-27 3.4259e-30 5.1529e-34 1.0826e-38 1.6929e-44 7.9881e-52 3.0043e-61 1.1834e-73 1.9545e-90 6.4230e-114 3.3522e-148 4.5381e-201 7.3505e-289 0.0000e+00 0.0000e+00 0.0000e+00 0.0000e+00
-5.1948e-05 -7.3292e-05 2.2234e-03 -1.0267e-04 -1.1397e-04 -1.2375e-04 -1.3228e-04 -1.3972e-04 -1.4616e-04 -1.5170e-04 -1.5638e-04 -1.6025e-04 -1.6334e-04 -1.6568e-04 -1.6730e-04 -1.6822e-04 -1.6847e-04 -1.6807e-04 -1.6704e-04 -1.6540e-04 -1.6318e-04 -1.6041e-04 -1.5712e-04 -1.5333e-04 -1.4909e-04 -1.4441e-04 -1.3935e-04 -1.3394e-04 -1.2821e-04 -1.2222e-04 -1.1600e-04 -1.0960e-04 -1.0307e-04 -9.6452e-05 -8.9794e-05 -8.3145e-05 -7.6551e-05 -7.0057e-05 -6.3708e-05 -5.7546e-05 -5.1610e-05 -4.5937e-05 -4.0559e-05 -3.5503e-05 -3.0792e-05 -2.6445e-05 -2.2473e-05 -1.8883e-05 -1.5673e-05 -1.2839e-05 -1.0369e-05 -8.2471e-06 -6.4510e-06 -4.9558e-06 -3.7330e-06 -2.7524e-06 -1.9825e-06 -1.3919e-06 -9.5024e-07 -6.2901e-07 -4.0247e-07 -2.4803e-07 -1.4664e-07 -8.2783e-08 -4.4395e-08 -2.2481e-08 -1.0676e-08 -4.7163e-09 -1.9206e-09 -7.1319e-10 -2.3848e-10 -7.0754e-11 -1.8301e-11 -4.0418e-12 -7.4341e-13 -1.1050e-13 -1.2799e-14 -1.1047e-15 -6.7248e-17 -2.6964e-18 -6.5334e-20 -8.5756e-22 -5.2971e-24 -1.2818e-26 -9.5329e-30 -1.5723e-33 -3.6769e-38 -6.5188e-44 -3.5692e-51 -1.6043e-60 -7.8505e-73 -1.6975e-89 -7.8666e-113 -6.4818e-147 -1.6798e-199 -7.9740e-287 0.0000e+00 0.0000e+00 0.0000e+00 0.0000e+00 5.1947e-05 7.3287e-05 0.0000e+00 1.0264e-04 1.1392e-04 1.2368e-04 1.3217e-04 1.3957e-04 1.4596e-04 1.5144e-04 1.5605e-04 1.5985e-04 1.6286e-04 1.6512e-04 1.6665e-04 1.6747e-04 1.6762e-04 1.6710e-04 1.6596e-04 1.6421e-04 1.6188e-04 1.5900e-04 1.5560e-04 1.5171e-04 1.4736e-04 1.4259e-04 1.3743e-04 1.3194e-04 1.2614e-04 1.2009e-04 1.1382e-04 1.0738e-04 1.0083e-04 9.4199e-05 8.7547e-05 8.0917e-05 7.4357e-05 6.7913e-05 6.1627e-05 5.5542e-05 4.9695e-05 4.4122e-05 3.8854e-05 3.3916e-05 2.9330e-05 2.5111e-05 2.1269e-05 1.7809e-05 1.4727e-05 1.2017e-05 9.6654e-06 7.6534e-06 5.9586e-06 4.5548e-06 3.4128e-06 2.5022e-06 1.7914e-06 1.2497e-06 8.4728e-07 5.5674e-07 3.5342e-07 2.1596e-07 1.2652e-07 7.0726e-08 3.7529e-08 1.8788e-08 8.8120e-09 3.8410e-09 1.5415e-09 5.6338e-10 1.8515e-10 5.3898e-11 1.3654e-11 2.9474e-12 5.2862e-13 7.6416e-14 8.5813e-15 7.1562e-16 4.1923e-17 1.6100e-18 3.7165e-20 4.6175e-22 2.6795e-24 6.0366e-27 4.1346e-30 6.1971e-34 1.2955e-38 2.0107e-44 9.3797e-52 3.4628e-61 1.3211e-73 2.0550e-90 5.9317e-114 2.1329e-148 -7.5476e-202 -2.7518e-288 0.0000e+00 0.0000e+00 0.0000e+00 0.0000e+00
-5.9646e-05 -8.4156e-05 -1.0267e-04 3.9571e-03 -1.3090e-04 -1.4216e-04 -1.5198e-04 -1.6056e-04 -1.6800e-04 -1.7441e-04 -1.7984e-04 -1.8435e-04 -1.8797e-04 -1.9074e-04 -1.9268e-04 -1.9383e-04 -1.9420e-04 -1.9384e-04 -1.9275e-04 -1.9097e-04 -1.8852e-04 -1.8545e-04 -1.8176e-04 -1.7751e-04 -1.7273e-04 -1.6745e-04 -1.6172e-04 -1.5558e-04 -1.4907e-04 -1.4224e-04 -1.3515e-04 -1.2784e-04 -1.2036e-04 -1.1277e-04 -1.0513e-04 -9.7474e-05 -8.9873e-05 -8.2373e-05 -7.5028e-05 -6.7884e-05 -6.0990e-05 -5.4386e-05 -4.8113e-05 -4.2202e-05 -3.6682e-05 -3.1575e-05 -2.6898e-05 -2.2657e-05 -1.8857e-05 -1.5491e-05 -1.2548e-05 -1.0012e-05 -7.8574e-06 -6.0574e-06 -4.5800e-06 -3.3903e-06 -2.4522e-06 -1.7294e-06 -1.1862e-06 -7.8913e-07 -5.0762e-07 -3.1461e-07 -1.8713e-07 -1.0632e-07 -5.7413e-08 -2.9288e-08 -1.4018e-08 -6.2450e-09 -2.5661e-09 -9.6216e-10 -3.2510e-10 -9.7534e-11 -2.5533e-11 -5.7128e-12 -1.0656e-12 -1.6081e-13 -1.8933e-14 -1.6635e-15 -1.0324e-16 -4.2278e-18 -1.0483e-19 -1.4110e-21 -8.9600e-24 -2.2352e-26 -1.7193e-29 -2.9440e-33 -7.1802e-38 -1.3349e-43 -7.7156e-51 -3.6925e-60 -1.9451e-72 -4.5958e-89 -2.3759e-112 -2.2507e-146 -7.0198e-199 -4.3195e-286 0.0000e+00 0.0000e+00 0.0000e+00 0.0000e+00 5.9644e-05 8.4146e-05 1.0264e-04 0.0000e+00 1.3080e-04 1.4201e-04 1.5176e-04 1.6025e-04 1.6759e-04 1.7388e-04 1.7918e-04 1.8353e-04 1.8699e-04 1.8958e-04 1.9134e-04 1.9228e-04 1.9245e-04 1.9186e-04 1.9055e-04 1.8854e-04 1.8587e-04 1.8256e-04 1.7866e-04 1.7419e-04 1.6919e-04 1.6371e-04 1.5780e-04 1.5149e-04 1.4483e-04 1.3788e-04 1.3068e-04 1.2329e-04 1.1577e-04 1.0816e-04 1.0052e-04 9.2905e-05 8.5373e-05 7.7974e-05 7.0756e-05 6.3769e-05 5.7056e-05 5.0658e-05 4.4609e-05 3.8939e-05 3.3674e-05 2.8830e-05 2.4419e-05 2.0446e-05 1.6908e-05 1.3796e-05 1.1096e-05 8.7863e-06 6.8405e-06 5.2288e-06 3.9178e-06 2.8723e-06 2.0564e-06 1.4345e-06 9.7251e-07 6.3899e-07 4.0561e-07 2.4784e-07 1.4518e-07 8.1154e-08 4.3059e-08 2.1554e-08 1.0108e-08 4.4052e-09 1.7675e-09 6.4588e-10 2.1220e-10 6.1755e-11 1.5639e-11 3.3743e-12 6.0485e-13 8.7375e-14 9.8036e-15 8.1668e-16 4.7778e-17 1.8317e-18 4.2186e-20 5.2257e-22 3.0203e-24 6.7672e-27 4.5996e-30 6.8183e-34 1.4021e-38 2.1212e-44 9.4874e-52 3.2484e-61 1.0620e-73 1.0846e-90 -9.8495e-115 -6.2257e-148 -3.2226e-200 -2.4983e-287 0.0000e+00 0.0000e+00 0.0000e+00 0.0000e+00
-6.6201e-05 -9.3410e-05 -1.1397e-04 -1.3090e-04 6.1917e-03 -1.5788e-04 -1.6883e-04 -1.7840e-04 -1.8672e-04 -1.9391e-04 -2.0002e-04 -2.0512e-04 -2.0924e-04 -2.1242e-04 -2.1470e-04 -2.1610e-04 -2.1665e-04 -2.1638e-04 -2.1531e-04 -2.1348e-04 -2.1091e-04 -2.0764e-04 -2.0369e-04 -1.9911e-04 -1.9394e-04 -1.8821e-04 -1.8196e-04 -1.7525e-04 -1.6813e-04 -1.6063e-04 -1.5283e-04 -1.4476e-04 -1.3650e-04 -1.2809e-04 -1.1960e-04 -1.1108e-04 -1.0260e-04 -9.4219e-05 -8.5987e-05 -7.7962e-05 -7.0197e-05 -6.2740e-05 -5.5636e-05 -4.8924e-05 -4.2638e-05 -3.6804e-05 -3.1443e-05 -2.6568e-05 -2.2183e-05 -1.8285e-05 -1.4865e-05 -1.1904e-05 -9.3798e-06 -7.2613e-06 -5.5143e-06 -4.1008e-06 -2.9806e-06 -2.1129e-06 -1.4571e-06 -9.7494e-07 -6.3095e-07 -3.9356e-07 -2.3568e-07 -1.3487e-07 -7.3385e-08 -3.7738e-08 -1.8217e-08 -8.1899e-09 -3.3979e-09 -1.2872e-09 -4.3968e-10 -1.3345e-10 -3.5373e-11 -8.0198e-12 -1.5172e-12 -2.3246e-13 -2.7818e-14 -2.4873e-15 -1.5731e-16 -6.5740e-18 -1.6663e-19 -2.2972e-21 -1.4974e-23 -3.8440e-26 -3.0520e-29 -5.4136e-33 -1.3736e-37 -2.6710e-43 -1.6257e-50 -8.2640e-60 -4.6770e-72 -1.2056e-88 -6.9471e-112 -7.5653e-146 -2.8425e-198 -2.2718e-285 0.0000e+00 0.0000e+00 0.0000e+00 0.0000e+00 6.6198e-05 9.3392e-05 1.1392e-04 1.3080e-04 0.0000e+00 1.5761e-04 1.6844e-04 1.7785e-04 1.8601e-04 1.9299e-04 1.9887e-04 2.0370e-04 2.0754e-04 2.1042e-04 2.1236e-04 2.1341e-04 2.1360e-04 2.1295e-04 2.1149e-04 2.0926e-04 2.0629e-04 2.0262e-04 1.9829e-04 1.9333e-04 1.8778e-04 1.8170e-04 1.7514e-04 1.6813e-04 1.6074e-04 1.5303e-04 1.4504e-04 1.3684e-04 1.2848e-04 1.2004e-04 1.1156e-04 1.0311e-04 9.4751e-05 8.6538e-05 7.8528e-05 7.0773e-05 6.3322e-05 5.6220e-05 4.9506e-05 4.3214e-05 3.7370e-05 3.1994e-05 2.7098e-05 2.2689e-05 1.8762e-05 1.5309e-05 1.2312e-05 9.7490e-06 7.5897e-06 5.8012e-06 4.3465e-06 3.1864e-06 2.2811e-06 1.5911e-06 1.0786e-06 7.0865e-07 4.4977e-07 2.7479e-07 1.6094e-07 8.9949e-08 4.7715e-08 2.3879e-08 1.1195e-08 4.8774e-09 1.9562e-09 7.1449e-10 2.3461e-10 6.8230e-11 1.7264e-11 3.7212e-12 6.6620e-13 9.6090e-14 1.0761e-14 8.9420e-16 5.2149e-17 1.9912e-18 4.5612e-20 5.6094e-22 3.2101e-24 7.0928e-27 4.7241e-30 6.7913e-34 1.3296e-38 1.8472e-44 6.9757e-52 1.5264e-61 -1.7279e-74 -2.7833e-90 -2.7219e-113 -3.8920e-147 -1.6876e-199 -1.4200e-286 0.0000e+00 0.0000e+00 0.0000e+00 0.0000e+00
-7.1874e-05 -1.0142e-04 -1.2375e-04 -1.4216e-04 -1.5788e-04 8.9317e-03 -1.8348e-04 -1.9394e-04 -2.0306e-04 -2.1096e-04 -2.1771e-04 -2.2337e-04 -2.2798e-04 -2.3158e-04 -2.3421e-04 -2.3590e-04 -2.3668e-04 -2.3657e-04 -2.3560e-04 -2.3380e-04 -2.3121e-04 -2.2785e-04 -2.2376e-04 -2.1897e-04 -2.1353e-04 -2.0748e-04 -2.0086e-04 -1.9372e-04 -1.8611e-04 -1.7808e-04 -1.6970e-04 -1.6102e-04 -1.5209e-04 -1.4298e-04 -1.3376e-04 -1.2449e-04 -1.1523e-04 -1.0605e-04 -9.7009e-05 -8.8169e-05 -7.9589e-05 -7.1324e-05 -6.3424e-05 -5.5935e-05 -4.8896e-05 -4.2341e-05 -3.6295e-05 -3.0774e-05 -2.5789e-05 -2.1339e-05 -1.7417e-05 -1.4007e-05 -1.1085e-05 -8.6212e-06 -6.5787e-06 -4.9173e-06 -3.5931e-06 -2.5612e-06 -1.7767e-06 -1.1961e-06 -7.7909e-07 -4.8928e-07 -2.9509e-07 -1.7015e-07 -9.3310e-08 -4.8385e-08 -2.3562e-08 -1.0691e-08 -4.4790e-09 -1.7143e-09 -5.9198e-10 -1.8176e-10 -4.8768e-11 -1.1201e-11 -2.1484e-12 -3.3403e-13 -4.0603e-14 -3.6917e-15 -2.3772e-16 -1.0129e-17 -2.6216e-19 -3.6975e-21 -2.4709e-23 -6.5195e-26 -5.3359e-29 -9.7917e-33 -2.5817e-37 -5.2454e-43 -3.3590e-50 -1.8125e-59 -1.1017e-71 -3.0985e-88 -1.9910e-111 -2.4948e-145 -1.1308e-197 -1.1762e-284 0.0000e+00 0.0000e+00 0.0000e+00 0.0000e+00 7.1869e-05 1.0139e-04 1.2368e-04 1.4201e-04 1.5761e-04 0.0000e+00 1.8286e-04 1.9309e-04 2.0194e-04 2.0952e-04 2.1590e-04 2.2115e-04 2.2532e-04 2.2844e-04 2.3055e-04 2.3170e-04 2.3190e-04 2.3119e-04 2.2961e-04 2.2719e-04 2.2397e-04 2.1998e-04 2.1527e-04 2.0988e-04 2.0387e-04 1.9727e-04 1.9014e-04 1.8253e-04 1.7451e-04 1.6613e-04 1.5746e-04 1.4855e-04 1.3948e-04 1.3031e-04 1.2111e-04 1.1194e-04 1.0286e-04 9.3943e-05 8.5246e-05 7.6826e-05 6.8737e-05 6.1027e-05 5.3738e-05 4.6907e-05 4.0562e-05 3.4726e-05 2.9411e-05 2.4624e-05 2.0362e-05 1.6614e-05 1.3361e-05 1.0579e-05 8.2350e-06 6.2939e-06 4.7152e-06 3.4563e-06 2.4741e-06 1.7255e-06 1.1695e-06 7.6822e-07 4.8748e-07 2.9775e-07 1.7434e-07 9.7406e-08 5.1651e-08 2.5837e-08 1.2106e-08 5.2710e-09 2.1125e-09 7.7087e-10 2.5285e-10 7.3437e-11 1.8552e-11 3.9908e-12 7.1270e-13 1.0248e-13 1.1431e-14 9.4519e-16 5.4764e-17 2.0730e-18 4.6936e-20 5.6798e-22 3.1763e-24 6.7818e-27 4.2808e-30 5.6173e-34 9.2126e-39 8.0908e-45 -1.0537e-52 -3.5733e-61 -3.7470e-73 -1.4167e-89 -1.0862e-112 -1.5026e-146 -7.0680e-199 -7.1991e-286 0.0000e+00 0.0000e+00 0.0000e+00 0.0000e+00
-7.6813e-05 -1.0840e-04 -1.3228e-04 -1.5198e-04 -1.6883e-04 -1.8348e-04 1.2182e-02 -2.0759e-04 -2.1745e-04 -2.2602e-04 -2.3337e-04 -2.3957e-04 -2.4467e-04 -2.4871e-04 -2.5173e-04 -2.5375e-04 -2.5480e-04 -2.5491e-04 -2.5412e-04 -2.5245e-04 -2.4992e-04 -2.4658e-04 -2.4245e-04 -2.3758e-04 -2.3199e-04 -2.2574e-04 -2.1887e-04 -2.1143e-04 -2.0346e-04 -1.9503e-04 -1.8619e-04 -1.7700e-04 -1.6753e-04 -1.5783e-04 -1.4797e-04 -1.3803e-04 -1.2807e-04 -1.1816e-04 -1.0837e-04 -9.8766e-05 -8.9408e-05 -8.0360e-05 -7.1681e-05 -6.3421e-05 -5.5627e-05 -4.8338e-05 -4.1587e-05 -3.5396e-05 -2.9780e-05 -2.4744e-05 -2.0283e-05 -1.6386e-05 -1.3029e-05 -1.0182e-05 -7.8097e-06 -5.8685e-06 -4.3121e-06 -3.0917e-06 -2.1577e-06 -1.4618e-06 -9.5847e-07 -6.0610e-07 -3.6820e-07 -2.1391e-07 -1.1824e-07 -6.1824e-08 -3.0369e-08 -1.3906e-08 -5.8820e-09 -2.2740e-09 -7.9364e-10 -2.4642e-10 -6.6901e-11 -1.5559e-11 -3.0240e-12 -4.7684e-13 -5.8841e-14 -5.4365e-15 -3.5617e-16 -1.5461e-17 -4.0834e-19 -5.8876e-21 -4.0307e-23 -1.0923e-25 -9.2099e-29 -1.7476e-32 -4.7861e-37 -1.0157e-42 -6.8425e-50 -3.9197e-59 -2.5596e-71 -7.8583e-88 -5.6350e-111 -8.1328e-145 -4.4527e-197 -6.0391e-284 0.0000e+00 0.0000e+00 0.0000e+00 0.0000e+00 7.6805e-05 1.0836e-04 1.3217e-04 1.5176e-04 1.6844e-04 1.8286e-04 0.0000e+00 2.0635e-04 2.1581e-04 2.2391e-04 2.3073e-04 2.3634e-04 2.4079e-04 2.4413e-04 2.4639e-04 2.4761e-04 2.4782e-04 2.4707e-04 2.4538e-04 2.4279e-04 2.3935e-04 2.3509e-04 2.3005e-04 2.2430e-04 2.1786e-04 2.1081e-04 2.0319e-04 1.9506e-04 1.8649e-04 1.7753e-04 1.6826e-04 1.5875e-04 1.4905e-04 1.3925e-04 1.2942e-04 1.1961e-04 1.0991e-04 1.0038e-04 9.1086e-05 8.2088e-05 7.3443e-05 6.5203e-05 5.7413e-05 5.0112e-05 4.3332e-05 3.7095e-05 3.1417e-05 2.6302e-05 2.1747e-05 1.7743e-05 1.4268e-05 1.1295e-05 8.7918e-06 6.7185e-06 5.0325e-06 3.6883e-06 2.6396e-06 1.8404e-06 1.2471e-06 8.1894e-07 5.1948e-07 3.1717e-07 1.8562e-07 1.0365e-07 5.4923e-08 2.7452e-08 1.2851e-08 5.5891e-09 2.2370e-09 8.1499e-10 2.6680e-10 7.7306e-11 1.9472e-11 4.1737e-12 7.4199e-13 1.0608e-13 1.1745e-14 9.6173e-16 5.5004e-17 2.0455e-18 4.5171e-20 5.2701e-22 2.7856e-24 5.4125e-27 2.8545e-30 2.3761e-34 -1.1818e-39 -1.7293e-44 -2.0451e-51 -1.6020e-60 -1.2744e-72 -4.4378e-89 -3.4237e-112 -5.0835e-146 -2.7434e-198 -3.5032e-285 0.0000e+00 0.0000e+00 0.0000e+00 0.0000e+00
-8.1111e-05 -1.1447e-04 -1.3972e-04 -1.6056e-04 -1.7840e-04 -1.9394e-04 -2.0759e-04 1.5949e-02 -2.3015e-04 -2.3935e-04 -2.4728e-04 -2.5403e-04 -2.5963e-04 -2.6412e-04 -2.6755e-04 -2.6995e-04 -2.7134e-04 -2.7175e-04 -2.7121e-04 -2.6974e-04 -2.6738e-04 -2.6416e-04 -2.6010e-04 -2.5525e-04 -2.4964e-04 -2.4331e-04 -2.3631e-04 -2.2868e-04 -2.2048e-04 -2.1176e-04 -2.0258e-04 -1.9299e-04 -1.8307e-04 -1.7287e-04 -1.6248e-04 -1.5194e-04 -1.4135e-04 -1.3077e-04 -1.2028e-04 -1.0994e-04 -9.9834e-05 -9.0019e-05 -8.0564e-05 -7.1528e-05 -6.2964e-05 -5.4918e-05 -4.7431e-05 -4.0533e-05 -3.4245e-05 -2.8577e-05 -2.3532e-05 -1.9099e-05 -1.5260e-05 -1.1987e-05 -9.2419e-06 -6.9826e-06 -5.1598e-06 -3.7212e-06 -2.6130e-06 -1.7816e-06 -1.1759e-06 -7.4871e-07 -4.5810e-07 -2.6814e-07 -1.4938e-07 -7.8740e-08 -3.9009e-08 -1.8022e-08 -7.6941e-09 -3.0038e-09 -1.0591e-09 -3.3243e-10 -9.1289e-11 -2.1488e-11 -4.2303e-12 -6.7621e-13 -8.4664e-14 -7.9454e-15 -5.2936e-16 -2.3400e-17 -6.3037e-19 -9.2875e-21 -6.5116e-23 -1.8119e-25 -1.5735e-28 -3.0869e-32 -8.7811e-37 -1.9468e-42 -1.3799e-49 -8.3945e-59 -5.8918e-71 -1.9758e-87 -1.5823e-110 -2.6330e-144 -1.7436e-196 -3.0889e-283 0.0000e+00 0.0000e+00 0.0000e+00 0.0000e+00 8.1101e-05 1.1442e-04 1.3957e-04 1.6025e-04 1.7785e-04 1.9309e-04 2.0635e-04 0.0000e+00 2.2788e-04 2.3643e-04 2.4363e-04 2.4956e-04 2.5426e-04 2.5778e-04 2.6017e-04 2.6145e-04 2.6168e-04 2.6088e-04 2.5910e-04 2.5637e-04 2.5273e-04 2.4823e-04 2.4291e-04 2.3683e-04 2.3004e-04 2.2259e-04 2.1454e-04 2.0596e-04 1.9691e-04 1.8745e-04 1.7766e-04 1.6761e-04 1.5737e-04 1.4702e-04 1.3663e-04 1.2628e-04 1.1603e-04 1.0597e-04 9.6155e-05 8.6653e-05 7.7524e-05 6.8823e-05 6.0597e-05 5.2889e-05 4.5730e-05 3.9145e-05 3.3149e-05 2.7749e-05 2.2942e-05 1.8715e-05 1.5047e-05 1.1910e-05 9.2689e-06 7.0816e-06 5.3032e-06 3.8856e-06 2.7798e-06 1.9375e-06 1.3123e-06 8.6133e-07 5.4606e-07 3.3317e-07 1.9483e-07 1.0869e-07 5.7532e-08 2.8719e-08 1.3424e-08 5.8274e-09 2.3272e-09 8.4559e-10 2.7592e-10 7.9623e-11 1.9955e-11 4.2501e-12 7.4949e-13 1.0603e-13 1.1578e-14 9.3043e-16 5.1842e-17 1.8564e-18 3.8701e-20 4.1067e-22 1.8170e-24 2.2767e-27 -2.6538e-31 -4.5485e-34 -2.3234e-38 -7.1524e-44 -6.2728e-51 -4.4067e-60 -3.4022e-72 -1.2074e-88 -9.8903e-112 -1.6290e-145 -1.0314e-197 -1.6786e-284 0.0000e+00 0.0000e+00 0.0000e+00 0.0000e+00
-8.4831e-05 -1.1973e-04 -1.4616e-04 -1.6800e-04 -1.8672e-04 -2.0306e-04 -2.1745e-04 -2.3015e-04 2.0241e-02 -2.5114e-04 -2.5965e-04 -2.6693e-04 -2.7304e-04 -2.7802e-04 -2.8191e-04 -2.8473e-04 -2.8651e-04 -2.8729e-04 -2.8708e-04 -2.8591e-04 -2.8381e-04 -2.8080e-04 -2.7692e-04 -2.7220e-04 -2.6668e-04 -2.6039e-04 -2.5338e-04 -2.4569e-04 -2.3737e-04 -2.2847e-04 -2.1906e-04 -2.0918e-04 -1.9891e-04 -1.8831e-04 -1.7745e-04 -1.6640e-04 -1.5524e-04 -1.4404e-04 -1.3289e-04 -1.2185e-04 -1.1101e-04 -1.0044e-04 -9.0205e-05 -8.0378e-05 -7.1021e-05 -6.2188e-05 -5.3927e-05 -4.6276e-05 -3.9265e-05 -3.2913e-05 -2.7227e-05 -2.2204e-05 -1.7829e-05 -1.4076e-05 -1.0910e-05 -8.2883e-06 -6.1594e-06 -4.4682e-06 -3.1566e-06 -2.1658e-06 -1.4388e-06 -9.2237e-07 -5.6833e-07 -3.3510e-07 -1.8811e-07 -9.9945e-08 -4.9925e-08 -2.3265e-08 -1.0023e-08 -3.9503e-09 -1.4069e-09 -4.4623e-10 -1.2390e-10 -2.9510e-11 -5.8825e-12 -9.5291e-13 -1.2102e-13 -1.1532e-14 -7.8115e-16 -3.5156e-17 -9.6575e-19 -1.4538e-20 -1.0437e-22 -2.9818e-25 -2.6673e-28 -5.4103e-32 -1.5988e-36 -3.7036e-42 -2.7632e-49 -1.7858e-58 -1.3478e-70 -4.9400e-87 -4.4219e-110 -8.4923e-144 -6.8111e-196 -1.5786e-282 0.0000e+00 0.0000e+00 0.0000e+00 0.0000e+00 8.4818e-05 1.1966e-04 1.4596e-04 1.6759e-04 1.8601e-04 2.0194e-04 2.1581e-04 2.2788e-04 0.0000e+00 2.4727e-04 2.5480e-04 2.6100e-04 2.6591e-04 2.6960e-04 2.7209e-04 2.7344e-04 2.7367e-04 2.7284e-04 2.7097e-04 2.6811e-04 2.6431e-04 2.5960e-04 2.5404e-04 2.4768e-04 2.4057e-04 2.3278e-04 2.2436e-04 2.1538e-04 2.0591e-04 1.9602e-04 1.8578e-04 1.7527e-04 1.6456e-04 1.5373e-04 1.4286e-04 1.3203e-04 1.2132e-04 1.1079e-04 1.0052e-04 9.0585e-05 8.1037e-05 7.1936e-05 6.3334e-05 5.5272e-05 4.7786e-05 4.0900e-05 3.4631e-05 2.8986e-05 2.3960e-05 1.9542e-05 1.5709e-05 1.2431e-05 9.6711e-06 7.3865e-06 5.5294e-06 4.0496e-06 2.8958e-06 2.0172e-06 1.3654e-06 8.9548e-07 5.6720e-07 3.4571e-07 2.0192e-07 1.1248e-07 5.9439e-08 2.9610e-08 1.3807e-08 5.9762e-09 2.3782e-09 8.6034e-10 2.7922e-10 8.0033e-11 1.9887e-11 4.1892e-12 7.2817e-13 1.0104e-13 1.0743e-14 8.3099e-16 4.3714e-17 1.4258e-18 2.5025e-20 1.7600e-22 -8.1732e-26 -3.7800e-27 -6.2665e-30 -1.7937e-33 -6.6467e-38 -1.8028e-43 -1.5028e-50 -1.0470e-59 -8.2699e-72 -3.0878e-88 -2.7433e-111 -5.0891e-145 -3.8250e-197 -8.0098e-284 0.0000e+00 0.0000e+00 0.0000e+00 0.0000e+00
-8.8017e-05 -1.2425e-04 -1.5170e-04 -1.7441e-04 -1.9391e-04 -2.1096e-04 -2.2602e-04 -2.3935e-04 -2.5114e-04 2.5064e-02 -2.7059e-04 -2.7842e-04 -2.8506e-04 -2.9055e-04 -2.9493e-04 -2.9823e-04 -3.0047e-04 -3.0168e-04 -3.0188e-04 -3.0109e-04 -2.9934e-04 -2.9666e-04 -2.9307e-04 -2.8859e-04 -2.8327e-04 -2.7714e-04 -2.7023e-04 -2.6259e-04 -2.5427e-04 -2.4531e-04 -2.3577e-04 -2.2571e-04 -2.1518e-04 -2.0426e-04 -1.9302e-04 -1.8153e-04 -1.6986e-04 -1.5810e-04 -1.4633e-04 -1.3462e-04 -1.2306e-04 -1.1173e-04 -1.0071e-04 -9.0081e-05 -7.9902e-05 -7.0244e-05 -6.1164e-05 -5.2710e-05 -4.4920e-05 -3.7824e-05 -3.1435e-05 -2.5759e-05 -2.0785e-05 -1.6494e-05 -1.2852e-05 -9.8163e-06 -7.3359e-06 -5.3525e-06 -3.8040e-06 -2.6262e-06 -1.7559e-06 -1.1331e-06 -7.0300e-07 -4.1748e-07 -2.3610e-07 -1.2642e-07 -6.3659e-08 -2.9916e-08 -1.3003e-08 -5.1723e-09 -1.8601e-09 -5.9608e-10 -1.6732e-10 -4.0313e-11 -8.1353e-12 -1.3352e-12 -1.7198e-13 -1.6639e-14 -1.1457e-15 -5.2490e-17 -1.4704e-18 -2.2614e-20 -1.6626e-22 -4.8771e-25 -4.4941e-28 -9.4272e-32 -2.8947e-36 -7.0086e-42 -5.5056e-49 -3.7818e-58 -3.0711e-70 -1.2310e-86 -1.2326e-109 -2.7349e-143 -2.6599e-195 -8.0798e-282 0.0000e+00 0.0000e+00 0.0000e+00 0.0000e+00 8.8001e-05 1.2415e-04 1.5144e-04 1.7388e-04 1.9299e-04 2.0952e-04 2.2391e-04 2.3643e-04 2.4727e-04 0.0000e+00 2.6436e-04 2.7079e-04 2.7589e-04 2.7971e-04 2.8230e-04 2.8369e-04 2.8394e-04 2.8307e-04 2.8113e-04 2.7816e-04 2.7422e-04 2.6933e-04 2.6356e-04 2.5696e-04 2.4958e-04 2.4150e-04 2.3276e-04 2.2344e-04 2.1361e-04 2.0335e-04 1.9272e-04 1.8181e-04 1.7069e-04 1.5946e-04 1.4818e-04 1.3694e-04 1.2582e-04 1.1489e-04 1.0424e-04 9.3926e-05 8.4018e-05 7.4576e-05 6.5650e-05 5.7286e-05 4.9520e-05 4.2377e-05 3.5875e-05 3.0021e-05 2.4810e-05 2.0229e-05 1.6256e-05 1.2859e-05 1.0000e-05 7.6345e-06 5.7120e-06 4.1807e-06 2.9874e-06 2.0793e-06 1.4060e-06 9.2110e-07 5.8266e-07 3.5458e-07 2.0672e-07 1.1491e-07 6.0564e-08 3.0077e-08 1.3972e-08 6.0200e-09 2.3822e-09 8.5575e-10 2.7529e-10 7.8022e-11 1.9105e-11 3.9467e-12 6.6795e-13 8.9246e-14 8.9691e-15 6.3389e-16 2.8327e-17 6.3459e-19 3.6401e-22 -2.4301e-22 -3.4639e-24 -1.4613e-26 -1.7110e-29 -4.2525e-33 -1.4769e-37 -3.9080e-43 -3.2636e-50 -2.3272e-59 -1.9196e-71 -7.6516e-88 -7.4538e-111 -1.5710e-144 -1.4117e-196 -3.8279e-283 0.0000e+00 0.0000e+00 0.0000e+00 0.0000e+00
-9.0703e-05 -1.2805e-04 -1.5638e-04 -1.7984e-04 -2.0002e-04 -2.1771e-04 -2.3337e-04 -2.4728e-04 -2.5965e-04 -2.7059e-04 3.0430e-02 -2.8860e-04 -2.9578e-04 -3.0181e-04 -3.0673e-04 -3.1055e-04 -3.1331e-04 -3.1502e-04 -3.1571e-04 -3.1540e-04 -3.1410e-04 -3.1184e-04 -3.0864e-04 -3.0452e-04 -2.9951e-04 -2.9365e-04 -2.8697e-04 -2.7950e-04 -2.7129e-04 -2.6238e-04 -2.5282e-04 -2.4267e-04 -2.3199e-04 -2.2085e-04 -2.0931e-04 -1.9744e-04 -1.8533e-04 -1.7305e-04 -1.6070e-04 -1.4835e-04 -1.3609e-04 -1.2401e-04 -1.1219e-04 -1.0073e-04 -8.9704e-05 -7.9180e-05 -6.9232e-05 -5.9918e-05 -5.1288e-05 -4.3380e-05 -3.6221e-05 -2.9822e-05 -2.4182e-05 -1.9287e-05 -1.5106e-05 -1.1600e-05 -8.7169e-06 -6.3965e-06 -4.5726e-06 -3.1760e-06 -2.1369e-06 -1.3879e-06 -8.6693e-07 -5.1843e-07 -2.9533e-07 -1.5933e-07 -8.0871e-08 -3.8320e-08 -1.6800e-08 -6.7440e-09 -2.4487e-09 -7.9267e-10 -2.2491e-10 -5.4809e-11 -1.1196e-11 -1.8617e-12 -2.4317e-13 -2.3885e-14 -1.6718e-15 -7.7973e-17 -2.2273e-18 -3.5002e-20 -2.6354e-22 -7.9394e-25 -7.5378e-28 -1.6356e-31 -5.2199e-36 -1.3214e-41 -1.0934e-48 -7.9859e-58 -6.9815e-70 -3.0627e-86 -3.4332e-109 -8.8090e-143 -1.0403e-194 -4.1487e-281 0.0000e+00 0.0000e+00 0.0000e+00 0.0000e+00 9.0682e-05 1.2793e-04 1.5605e-04 1.7918e-04 1.9887e-04 2.1590e-04 2.3073e-04 2.4363e-04 2.5480e-04 2.6436e-04 0.0000e+00 2.7904e-04 2.8429e-04 2.8823e-04 2.9090e-04 2.9233e-04 2.9258e-04 2.9169e-04 2.8969e-04 2.8663e-04 2.8256e-04 2.7752e-04 2.7157e-04 2.6477e-04 2.5717e-04 2.4883e-04 2.3982e-04 2.3022e-04 2.2008e-04 2.0950e-04 1.9854e-04 1.8730e-04 1.7584e-04 1.6426e-04 1.5263e-04 1.4104e-04 1.2958e-04 1.1832e-04 1.0734e-04 9.6706e-05 8.6495e-05 7.6763e-05 6.7565e-05 5.8947e-05 5.0945e-05 4.3587e-05 3.6890e-05 3.0861e-05 2.5495e-05 2.0780e-05 1.6691e-05 1.3197e-05 1.0257e-05 7.8252e-06 5.8502e-06 4.2781e-06 3.0538e-06 2.1230e-06 1.4336e-06 9.3763e-07 5.9198e-07 3.5944e-07 2.0899e-07 1.1579e-07 6.0794e-08 3.0050e-08 1.3879e-08 5.9375e-09 2.3286e-09 8.2708e-10 2.6219e-10 7.2887e-11 1.7385e-11 3.4616e-12 5.5489e-13 6.8046e-14 5.8757e-15 2.9707e-16 2.3624e-18 -6.9161e-19 -4.0919e-20 -9.4685e-22 -9.1900e-24 -3.3179e-26 -3.6011e-29 -8.6333e-33 -2.9644e-37 -7.8969e-43 -6.7433e-50 -4.9916e-59 -4.3453e-71 -1.8642e-87 -2.0044e-110 -4.8263e-144 -5.2111e-196 -1.8383e-282 0.0000e+00 0.0000e+00 0.0000e+00 0.0000e+00
-9.2913e-05 -1.3119e-04 -1.6025e-04 -1.8435e-04 -2.0512e-04 -2.2337e-04 -2.3957e-04 -2.5403e-04 -2.6693e-04 -2.7842e-04 -2.8860e-04 3.6348e-02 -3.0528e-04 -3.1188e-04 -3.1737e-04 -3.2177e-04 -3.2511e-04 -3.2740e-04 -3.2866e-04 -3.2890e-04 -3.2814e-04 -3.2641e-04 -3.2370e-04 -3.2005e-04 -3.1548e-04 -3.1000e-04 -3.0366e-04 -2.9647e-04 -2.8849e-04 -2.7974e-04 -2.7028e-04 -2.6015e-04 -2.4942e-04 -2.3814e-04 -2.2638e-04 -2.1422e-04 -2.0173e-04 -1.8899e-04 -1.7609e-04 -1.6312e-04 -1.5018e-04 -1.3735e-04 -1.2474e-04 -1.1243e-04 -1.0052e-04 -8.9085e-05 -7.8217e-05 -6.7984e-05 -5.8447e-05 -4.9658e-05 -4.1654e-05 -3.4458e-05 -2.8077e-05 -2.2505e-05 -1.7717e-05 -1.3677e-05 -1.0333e-05 -7.6251e-06 -5.4824e-06 -3.8306e-06 -2.5932e-06 -1.6951e-06 -1.0658e-06 -6.4175e-07 -3.6819e-07 -2.0013e-07 -1.0237e-07 -4.8904e-08 -2.1624e-08 -8.7590e-09 -3.2106e-09 -1.0498e-09 -3.0106e-10 -7.4204e-11 -1.5343e-11 -2.5846e-12 -3.4236e-13 -3.4141e-14 -2.4292e-15 -1.1535e-16 -3.3605e-18 -5.3965e-20 -4.1620e-22 -1.2879e-24 -1.2601e-27 -2.8289e-31 -9.3864e-36 -2.4852e-41 -2.1669e-48 -1.6837e-57 -1.5855e-69 -7.6174e-86 -9.5674e-109 -2.8419e-142 -4.0805e-194 -2.1403e-280 0.0000e+00 0.0000e+00 0.0000e+00 0.0000e+00 9.2887e-05 1.3105e-04 1.5985e-04 1.8353e-04 2.0370e-04 2.2115e-04 2.3634e-04 2.4956e-04 2.6100e-04 2.7079e-04 2.7904e-04 0.0000e+00 2.9121e-04 2.9524e-04 2.9797e-04 2.9944e-04 2.9969e-04 2.9877e-04 2.9672e-04 2.9359e-04 2.8942e-04 2.8425e-04 2.7816e-04 2.7118e-04 2.6339e-04 2.5485e-04 2.4561e-04 2.3577e-04 2.2538e-04 2.1454e-04 2.0331e-04 1.9178e-04 1.8004e-04 1.6817e-04 1.5625e-04 1.4438e-04 1.3263e-04 1.2109e-04 1.0984e-04 9.8946e-05 8.8483e-05 7.8513e-05 6.9091e-05 6.0264e-05 5.2069e-05 4.4535e-05 3.7679e-05 3.1508e-05 2.6018e-05 2.1195e-05 1.7014e-05 1.3443e-05 1.0440e-05 7.9573e-06 5.9426e-06 4.3403e-06 3.0938e-06 2.1471e-06 1.4471e-06 9.4424e-07 5.9451e-07 3.5979e-07 2.0838e-07 1.1491e-07 5.9980e-08 2.9436e-08 1.3475e-08 5.7004e-09 2.2036e-09 7.6804e-10 2.3737e-10 6.3692e-11 1.4429e-11 2.6516e-12 3.7001e-13 3.3866e-14 9.3206e-16 -2.3884e-16 -3.8925e-17 -2.8068e-18 -1.0718e-19 -2.0875e-21 -1.8592e-23 -6.4176e-26 -6.8224e-29 -1.6290e-32 -5.6446e-37 -1.5354e-42 -1.3544e-49 -1.0490e-58 -9.6976e-71 -4.5010e-87 -5.3654e-110 -1.4818e-143 -1.9297e-195 -8.8899e-282 0.0000e+00 0.0000e+00 0.0000e+00 0.0000e+00
-9.4668e-05 -1.3369e-04 -1.6334e-04 -1.8797e-04 -2.0924e-04 -2.2798e-04 -2.4467e-04 -2.5963e-04 -2.7304e-04 -2.8506e-04 -2.9578e-04 -3.0528e-04 4.2831e-02 -3.2081e-04 -3.2692e-04 -3.3195e-04 -3.3592e-04 -3.3885e-04 -3.4076e-04 -3.4165e-04 -3.4153e-04 -3.4041e-04 -3.3831e-04 -3.3523e-04 -3.3120e-04 -3.2623e-04 -3.2034e-04 -3.1356e-04 -3.0592e-04 -2.9746e-04 -2.8820e-04 -2.7821e-04 -2.6752e-04 -2.5620e-04 -2.4431e-04 -2.3193e-04 -2.1912e-04 -2.0598e-04 -1.9259e-04 -1.7904e-04 -1.6543e-04 -1.5186e-04 -1.3843e-04 -1.2526e-04 -1.1243e-04 -1.0005e-04 -8.8207e-05 -7.6993e-05 -6.6480e-05 -5.6735e-05 -4.7807e-05 -3.9732e-05 -3.2530e-05 -2.6202e-05 -2.0732e-05 -1.6088e-05 -1.2220e-05 -9.0668e-06 -6.5560e-06 -4.6077e-06 -3.1382e-06 -2.0642e-06 -1.3064e-06 -7.9194e-07 -4.5758e-07 -2.5055e-07 -1.2915e-07 -6.2198e-08 -2.7737e-08 -1.1336e-08 -4.1945e-09 -1.3853e-09 -4.0153e-10 -1.0010e-10 -2.0949e-11 -3.5754e-12 -4.8029e-13 -4.8630e-14 -3.5178e-15 -1.7008e-16 -5.0540e-18 -8.2950e-20 -6.5541e-22 -2.0836e-24 -2.1014e-27 -4.8825e-31 -1.6848e-35 -4.6673e-41 -4.2901e-48 -3.5481e-57 -3.6010e-69 -1.8960e-85 -2.6706e-108 -9.1930e-142 -1.6072e-193 -1.1108e-279 0.0000e+00 0.0000e+00 0.0000e+00 0.0000e+00 9.4637e-05 1.3351e-04 1.6286e-04 1.8699e-04 2.0754e-04 2.2532e-04 2.4079e-04 2.5426e-04 2.6591e-04 2.7589e-04 2.8429e-04 2.9121e-04 0.0000e+00 3.0080e-04 3.0358e-04 3.0507e-04 3.0533e-04 3.0439e-04 3.0230e-04 2.9910e-04 2.9485e-04 2.8958e-04 2.8337e-04 2.7626e-04 2.6831e-04 2.5960e-04 2.5019e-04 2.4015e-04 2.2956e-04 2.1850e-04 2.0705e-04 1.9530e-04 1.8333e-04 1.7122e-04 1.5908e-04 1.4697e-04 1.3500e-04 1.2323e-04 1.1176e-04 1.0066e-04 8.9996e-05 7.9836e-05 7.0235e-05 6.1242e-05 5.2895e-05 4.5223e-05 3.8242e-05 3.1962e-05 2.6376e-05 2.1472e-05 1.7222e-05 1.3595e-05 1.0546e-05 8.0283e-06 5.9869e-06 4.3652e-06 3.1053e-06 2.1501e-06 1.4451e-06 9.3985e-07 5.8943e-07 3.5504e-07 2.0444e-07 1.1195e-07 5.7927e-08 2.8119e-08 1.2694e-08 5.2728e-09 1.9894e-09 6.7052e-10 1.9747e-10 4.9213e-11 9.8417e-12 1.4071e-12 8.7692e-14 -1.8177e-14 -6.5951e-15 -1.0570e-15 -1.0230e-16 -6.0789e-18 -2.1076e-19 -3.8942e-21 -3.3724e-23 -1.1504e-25 -1.2232e-28 -2.9505e-32 -1.0423e-36 -2.9174e-42 -2.6748e-49 -2.1782e-58 -2.1474e-70 -1.0822e-86 -1.4349e-109 -4.5595e-143 -7.1833e-195 -4.3359e-281 0.0000e+00 0.0000e+00 0.0000e+00 0.0000e+00
-9.5985e-05 -1.3557e-04 -1.6568e-04 -1.9074e-04 -2.1242e-04 -2.3158e-04 -2.4871e-04 -2.6412e-04 -2.7802e-04 -2.9055e-04 -3.0181e-04 -3.1188e-04 -3.2081e-04 4.9891e-02 -3.3540e-04 -3.4111e-04 -3.4578e-04 -3.4942e-04 -3.5205e-04 -3.5366e-04 -3.5427e-04 -3.5387e-04 -3.5247e-04 -3.5008e-04 -3.4671e-04 -3.4236e-04 -3.3705e-04 -3.3079e-04 -3.2362e-04 -3.1554e-04 -3.0661e-04 -2.9686e-04 -2.8632e-04 -2.7506e-04 -2.6314e-04 -2.5062e-04 -2.3757e-04 -2.2408e-04 -2.1024e-04 -1.9615e-04 -1.8190e-04 -1.6760e-04 -1.5336e-04 -1.3930e-04 -1.2553e-04 -1.1216e-04 -9.9291e-05 -8.7032e-05 -7.5472e-05 -6.4692e-05 -5.4758e-05 -4.5719e-05 -3.7609e-05 -3.0440e-05 -2.4205e-05 -1.8879e-05 -1.4415e-05 -1.0754e-05 -7.8196e-06 -5.5275e-06 -3.7872e-06 -2.5067e-06 -1.5966e-06 -9.7439e-07 -5.6695e-07 -3.1271e-07 -1.6243e-07 -7.8856e-08 -3.5464e-08 -1.4624e-08 -5.4624e-09 -1.8223e-09 -5.3383e-10 -1.3460e-10 -2.8516e-11 -4.9310e-12 -6.7183e-13 -6.9072e-14 -5.0804e-15 -2.5014e-16 -7.5824e-18 -1.2722e-19 -1.0300e-21 -3.3647e-24 -3.4988e-27 -8.4159e-31 -3.0214e-35 -8.7604e-41 -8.4925e-48 -7.4798e-57 -8.1868e-69 -4.7275e-85 -7.4739e-108 -2.9850e-141 -6.3633e-193 -5.8069e-279 0.0000e+00 0.0000e+00 0.0000e+00 0.0000e+00 9.5948e-05 1.3536e-04 1.6512e-04 1.8958e-04 2.1042e-04 2.2844e-04 2.4413e-04 2.5778e-04 2.6960e-04 2.7971e-04 2.8823e-04 2.9524e-04 3.0080e-04 0.0000e+00 3.0777e-04 3.0929e-04 3.0955e-04 3.0859e-04 3.0647e-04 3.0322e-04 2.9890e-04 2.9356e-04 2.8725e-04 2.8004e-04 2.7198e-04 2.6313e-04 2.5358e-04 2.4340e-04 2.3265e-04 2.2143e-04 2.0981e-04 1.9789e-04 1.8574e-04 1.7345e-04 1.6113e-04 1.4884e-04 1.3669e-04 1.2476e-04 1.1312e-04 1.0186e-04 9.1041e-05 8.0737e-05 7.1002e-05 6.1885e-05 5.3425e-05 4.5651e-05 3.8581e-05 3.2221e-05 2.6569e-05 2.1608e-05 1.7313e-05 1.3649e-05 1.0573e-05 8.0349e-06 5.9800e-06 4.3500e-06 3.0861e-06 2.1299e-06 1.4259e-06 9.2310e-07 5.7569e-07 3.4439e-07 1.9664e-07 1.0654e-07 5.4398e-08 2.5952e-08 1.1449e-08 4.6092e-09 1.6632e-09 5.2416e-10 1.3821e-10 2.7858e-11 3.1043e-12 -4.1733e-13 -3.2638e-13 -9.4704e-14 -1.7715e-14 -2.2737e-15 -1.9734e-16 -1.1039e-17 -3.6983e-19 -6.7116e-21 -5.7754e-23 -1.9754e-25 -2.1226e-28 -5.2121e-32 -1.8885e-36 -5.4652e-42 -5.2287e-49 -4.4924e-58 -4.7369e-70 -2.5991e-86 -3.8429e-109 -1.4086e-142 -2.6919e-194 -2.1354e-280 0.0000e+00 0.0000e+00 0.0000e+00 0.0000e+00
-9.6879e-05 -1.3686e-04 -1.6730e-04 -1.9268e-04 -2.1470e-04 -2.3421e-04 -2.5173e-04 -2.6755e-04 -2.8191e-04 -2.9493e-04 -3.0673e-04 -3.1737e-04 -3.2692e-04 -3.3540e-04 5.7542e-02 -3.4927e-04 -3.5470e-04 -3.5912e-04 -3.6254e-04 -3.6496e-04 -3.6638e-04 -3.6680e-04 -3.6621e-04 -3.6461e-04 -3.6201e-04 -3.5839e-04 -3.5377e-04 -3.4816e-04 -3.4157e-04 -3.3402e-04 -3.2552e-04 -3.1612e-04 -3.0585e-04 -2.9476e-04 -2.8289e-04 -2.7032e-04 -2.5711e-04 -2.4335e-04 -2.2912e-04 -2.1452e-04 -1.9966e-04 -1.8465e-04 -1.6960e-04 -1.5465e-04 -1.3990e-04 -1.2550e-04 -1.1156e-04 -9.8192e-05 -8.5512e-05 -7.3617e-05 -6.2589e-05 -5.2496e-05 -4.3386e-05 -3.5284e-05 -2.8195e-05 -2.2102e-05 -1.6964e-05 -1.2723e-05 -9.3029e-06 -6.6138e-06 -4.5584e-06 -3.0357e-06 -1.9460e-06 -1.1956e-06 -7.0049e-07 -3.8919e-07 -2.0371e-07 -9.9691e-08 -4.5215e-08 -1.8812e-08 -7.0937e-09 -2.3904e-09 -7.0780e-10 -1.8052e-10 -3.8716e-11 -6.7837e-12 -9.3749e-13 -9.7883e-14 -7.3213e-15 -3.6713e-16 -1.1355e-17 -1.9478e-19 -1.6163e-21 -5.4271e-24 -5.8203e-27 -1.4498e-30 -5.4167e-35 -1.6445e-40 -1.6822e-47 -1.5786e-56 -1.8645e-68 -1.1818e-84 -2.0990e-107 -9.7379e-141 -2.5351e-192 -3.0610e-278 0.0000e+00 0.0000e+00 0.0000e+00 0.0000e+00 9.6836e-05 1.3662e-04 1.6665e-04 1.9134e-04 2.1236e-04 2.3055e-04 2.4639e-04 2.6017e-04 2.7209e-04 2.8230e-04 2.9090e-04 2.9797e-04 3.0358e-04 3.0777e-04 0.0000e+00 3.1214e-04 3.1240e-04 3.1143e-04 3.0928e-04 3.0600e-04 3.0164e-04 2.9624e-04 2.8986e-04 2.8257e-04 2.7443e-04 2.6549e-04 2.5584e-04 2.4555e-04 2.3469e-04 2.2335e-04 2.1161e-04 1.9956e-04 1.8729e-04 1.7488e-04 1.6242e-04 1.5001e-04 1.3774e-04 1.2568e-04 1.1392e-04 1.0255e-04 9.1626e-05 8.1222e-05 7.1395e-05 6.2194e-05 5.3658e-05 4.5818e-05 3.8690e-05 3.2283e-05 2.6591e-05 2.1599e-05 1.7281e-05 1.3601e-05 1.0515e-05 7.9729e-06 5.9179e-06 4.2913e-06 3.0330e-06 2.0838e-06 1.3876e-06 8.9236e-07 5.5202e-07 3.2692e-07 1.8431e-07 9.8247e-08 4.9097e-08 2.2754e-08 9.6376e-09 3.6527e-09 1.1965e-09 3.1579e-10 5.4081e-11 -2.4309e-12 -6.4594e-12 -3.0136e-12 -9.1807e-13 -2.0468e-13 -3.3811e-14 -4.0508e-15 -3.3766e-16 -1.8455e-17 -6.1112e-19 -1.1058e-20 -9.5555e-23 -3.3028e-25 -3.6079e-28 -9.0619e-32 -3.3807e-36 -1.0148e-41 -1.0160e-48 -9.2330e-58 -1.0437e-69 -6.2486e-86 -1.0325e-108 -4.3753e-142 -1.0168e-193 -1.0631e-279 0.0000e+00 0.0000e+00 0.0000e+00 0.0000e+00
-9.7364e-05 -1.3757e-04 -1.6822e-04 -1.9383e-04 -2.1610e-04 -2.3590e-04 -2.5375e-04 -2.6995e-04 -2.8473e-04 -2.9823e-04 -3.1055e-04 -3.2177e-04 -3.3195e-04 -3.4111e-04 -3.4927e-04 6.5801e-02 -3.6269e-04 -3.6795e-04 -3.7224e-04 -3.7555e-04 -3.7787e-04 -3.7919e-04 -3.7951e-04 -3.7881e-04 -3.7708e-04 -3.7432e-04 -3.7051e-04 -3.6566e-04 -3.5978e-04 -3.5286e-04 -3.4493e-04 -3.3600e-04 -3.2611e-04 -3.1529e-04 -3.0359e-04 -2.9106e-04 -2.7778e-04 -2.6381e-04 -2.4926e-04 -2.3421e-04 -2.1878e-04 -2.0307e-04 -1.8723e-04 -1.7137e-04 -1.5564e-04 -1.4017e-04 -1.2510e-04 -1.1057e-04 -9.6694e-05 -8.3602e-05 -7.1392e-05 -6.0149e-05 -4.9940e-05 -4.0806e-05 -3.2767e-05 -2.5814e-05 -1.9916e-05 -1.5017e-05 -1.1040e-05 -7.8937e-06 -5.4728e-06 -3.6671e-06 -2.3657e-06 -1.4631e-06 -8.6325e-07 -4.8312e-07 -2.5482e-07 -1.2571e-07 -5.7502e-08 -2.4139e-08 -9.1897e-09 -3.1281e-09 -9.3628e-10 -2.4156e-10 -5.2452e-11 -9.3134e-12 -1.3057e-12 -1.3846e-13 -1.0533e-14 -5.3806e-16 -1.6983e-17 -2.9792e-19 -2.5343e-21 -8.7484e-24 -9.6791e-27 -2.4975e-30 -9.7145e-35 -3.0896e-40 -3.3362e-47 -3.3379e-56 -4.2572e-68 -2.9639e-84 -5.9203e-107 -3.1944e-140 -1.0173e-191 -1.6288e-277 0.0000e+00 0.0000e+00 0.0000e+00 0.0000e+00 9.7316e-05 1.3729e-04 1.6747e-04 1.9228e-04 2.1341e-04 2.3170e-04 2.4761e-04 2.6145e-04 2.7344e-04 2.8369e-04 2.9233e-04 2.9944e-04 3.0507e-04 3.0929e-04 3.1214e-04 0.0000e+00 3.1393e-04 3.1295e-04 3.1079e-04 3.0748e-04 3.0309e-04 2.9765e-04 2.9124e-04 2.8390e-04 2.7570e-04 2.6671e-04 2.5700e-04 2.4664e-04 2.3571e-04 2.2430e-04 2.1248e-04 2.0036e-04 1.8800e-04 1.7551e-04 1.6298e-04 1.5049e-04 1.3814e-04 1.2601e-04 1.1418e-04 1.0274e-04 9.1753e-05 8.1292e-05 7.1413e-05 6.2167e-05 5.3592e-05 4.5720e-05 3.8567e-05 3.2141e-05 2.6437e-05 2.1439e-05 1.7121e-05 1.3445e-05 1.0368e-05 7.8372e-06 5.7962e-06 4.1849e-06 2.9425e-06 2.0090e-06 1.3275e-06 8.4567e-07 5.1694e-07 3.0152e-07 1.6665e-07 8.6507e-08 4.1667e-08 1.8303e-08 7.1294e-09 2.3329e-09 5.5359e-10 2.8810e-11 -6.1921e-11 -4.4300e-11 -1.9730e-11 -6.6345e-12 -1.7485e-12 -3.6022e-13 -5.6782e-14 -6.6135e-15 -5.4247e-16 -2.9430e-17 -9.7392e-19 -1.7713e-20 -1.5463e-22 -5.4270e-25 -6.0500e-28 -1.5593e-31 -6.0059e-36 -1.8747e-41 -1.9682e-48 -1.8955e-57 -2.3015e-69 -1.5062e-85 -2.7867e-108 -1.3680e-141 -3.8746e-193 -5.3547e-279 0.0000e+00 0.0000e+00 0.0000e+00 0.0000e+00
-9.7455e-05 -1.3772e-04 -1.6847e-04 -1.9420e-04 -2.1665e-04 -2.3668e-04 -2.5480e-04 -2.7134e-04 -2.8651e-04 -3.0047e-04 -3.1331e-04 -3.2511e-04 -3.3592e-04 -3.4578e-04 -3.5470e-04 -3.6269e-04 7.4684e-02 -3.7592e-04 -3.8114e-04 -3.8540e-04 -3.8871e-04 -3.9103e-04 -3.9235e-04 -3.9265e-04 -3.9190e-04 -3.9010e-04 -3.8723e-04 -3.8326e-04 -3.7821e-04 -3.7205e-04 -3.6480e-04 -3.5647e-04 -3.4708e-04 -3.3664e-04 -3.2522e-04 -3.1284e-04 -2.9958e-04 -2.8550e-04 -2.7069e-04 -2.5526e-04 -2.3930e-04 -2.2294e-04 -2.0631e-04 -1.8955e-04 -1.7282e-04 -1.5625e-04 -1.4001e-04 -1.2425e-04 -1.0912e-04 -9.4745e-05 -8.1260e-05 -6.8769e-05 -5.7358e-05 -4.7089e-05 -3.7994e-05 -3.0082e-05 -2.3328e-05 -1.7682e-05 -1.3071e-05 -9.3990e-06 -6.5549e-06 -4.4191e-06 -2.8691e-06 -1.7863e-06 -1.0613e-06 -5.9832e-07 -3.1801e-07 -1.5816e-07 -7.2964e-08 -3.0908e-08 -1.1880e-08 -4.0853e-09 -1.2361e-09 -3.2264e-10 -7.0937e-11 -1.2766e-11 -1.8158e-12 -1.9561e-13 -1.5137e-14 -7.8777e-16 -2.5379e-17 -4.5538e-19 -3.9721e-21 -1.4101e-23 -1.6099e-26 -4.3046e-30 -1.7439e-34 -5.8124e-40 -6.6291e-47 -7.0750e-56 -9.7509e-68 -7.4634e-84 -1.6783e-106 -1.0546e-139 -4.1151e-191 -8.7584e-277 0.0000e+00 0.0000e+00 0.0000e+00 0.0000e+00 9.7400e-05 1.3741e-04 1.6762e-04 1.9245e-04 2.1360e-04 2.3190e-04 2.4782e-04 2.6168e-04 2.7367e-04 2.8394e-04 2.9258e-04 2.9969e-04 3.0533e-04 3.0955e-04 3.1240e-04 3.1393e-04 0.0000e+00 3.1319e-04 3.1102e-04 3.0771e-04 3.0330e-04 2.9785e-04 2.9141e-04 2.8406e-04 2.7584e-04 2.6682e-04 2.5708e-04 2.4670e-04 2.3574e-04 2.2430e-04 2.1245e-04 2.0029e-04 1.8790e-04 1.7538e-04 1.6281e-04 1.5029e-04 1.3791e-04 1.2575e-04 1.1390e-04 1.0243e-04 9.1426e-05 8.0948e-05 7.1057e-05 6.1803e-05 5.3225e-05 4.5353e-05 3.8206e-05 3.1791e-05 2.6102e-05 2.1122e-05 1.6826e-05 1.3175e-05 1.0125e-05 7.6222e-06 5.6096e-06 4.0263e-06 2.8106e-06 1.9020e-06 1.2430e-06 7.8075e-07 4.6866e-07 2.6686e-07 1.4271e-07 7.0667e-08 3.1678e-08 1.2330e-08 3.7663e-09 5.6253e-10 -3.1005e-10 -3.5768e-10 -2.1871e-10 -1.0115e-10 -3.7851e-11 -1.1612e-11 -2.8990e-12 -5.7765e-13 -8.9225e-14 -1.0275e-14 -8.3899e-16 -4.5556e-17 -1.5160e-18 -2.7847e-20 -2.4656e-22 -8.8139e-25 -1.0054e-27 -2.6653e-31 -1.0621e-35 -3.4534e-41 -3.8089e-48 -3.8938e-57 -5.0861e-69 -3.6447e-85 -7.5633e-108 -4.3094e-141 -1.4910e-192 -2.7314e-278 0.0000e+00 0.0000e+00 0.0000e+00 0.0000e+00
