1.0199e-04 -3.3651e-05 -3.9234e-05 -4.2285e-05 -4.3265e-05 -4.2527e-05 -4.0414e-05 -3.7269e-05 -3.3435e-05 -2.9227e-05 -2.4925e-05 -2.0755e-05 -1.6886e-05 -1.3431e-05 -1.0447e-05 -7.9495e-06 -5.9195e-06 -4.3143e-06 -3.0782e-06 -2.1504e-06 -1.4710e-06 -9.8550e-07 -6.4666e-07 -4.1564e-07 -2.6169e-07 -1.6142e-07 -9.7547e-08 -5.7756e-08 -3.3506e-08 -1.9046e-08 -1.0609e-08 -5.7905e-09 -3.0971e-09 -1.6234e-09 -8.3388e-10 -4.1978e-10 -2.0709e-10 -1.0013e-10 -4.7448e-11 -2.2036e-11 -1.0030e-11 -4.4745e-12 -1.9564e-12 -8.3840e-13 -3.5215e-13 -1.4497e-13 -5.8496e-14 -2.3135e-14 -8.9679e-15 -3.4073e-15 -1.2689e-15 -4.6318e-16 -1.6572e-16 -5.8114e-17 -1.9976e-17 -6.7302e-18 -2.2226e-18 -7.1944e-19 -2.2827e-19 -7.0989e-20 -2.1640e-20 -6.4658e-21 -1.8937e-21 -5.4361e-22 -1.5296e-22 -4.2189e-23 -1.1406e-23 -3.0224e-24 -7.8505e-25 -1.9987e-25 -4.9880e-26 -1.2201e-26 -2.9255e-27 -6.8756e-28 -1.5839e-28 -3.5765e-29 -7.9159e-30 -1.7173e-30 -3.6520e-31 -7.6122e-32 -1.5553e-32 -3.1147e-33 -6.1141e-34 -1.1764e-34 -2.2187e-35 -4.1017e-36 -7.4324e-37 -1.3201e-37 -2.2983e-38 -3.9220e-39 -6.5603e-40 -1.0756e-40 -1.7286e-41 -2.7230e-42 -4.2044e-43 -6.3633e-44 -9.4399e-45 -1.3727e-45 -1.9565e-46 -2.7333e-47 0.0000e+00 -3.3638e-05 -3.9198e-05 -4.2217e-05 -4.3157e-05 -4.2375e-05 -4.0217e-05 -3.7032e-05 -3.3166e-05 -2.8938e-05 -2.4628e-05 -2.0461e-05 -1.6606e-05 -1.3173e-05 -1.0218e-05 -7.7519e-06 -5.7540e-06 -4.1796e-06 -2.9716e-06 -2.0682e-06 -1.4093e-06 -9.4035e-07 -6.1444e-07 -3.9320e-07 -2.4645e-07 -1.5130e-07 -9.0993e-08 -5.3607e-08 -3.0940e-08 -1.7495e-08 -9.6920e-09 -5.2607e-09 -2.7978e-09 -1.4580e-09 -7.4449e-10 -3.7251e-10 -1.8264e-10 -8.7753e-11 -4.1317e-11 -1.9064e-11 -8.6199e-12 -3.8197e-12 -1.6587e-12 -7.0594e-13 -2.9444e-13 -1.2036e-13 -4.8217e-14 -1.8931e-14 -7.2848e-15 -2.7474e-15 -1.0155e-15 -3.6790e-16 -1.3063e-16 -4.5459e-17 -1.5505e-17 -5.1835e-18 -1.6984e-18 -5.4545e-19 -1.7169e-19 -5.2970e-20 -1.6018e-20 -4.7476e-21 -1.3792e-21 -3.9272e-22 -1.0961e-22 -2.9984e-23 -8.0396e-24 -2.1129e-24 -5.4430e-25 -1.3743e-25 -3.4014e-26 -8.2513e-27 -1.9620e-27 -4.5727e-28 -1.0446e-28 -2.3392e-29 -5.1342e-30 -1.1046e-30 -2.3293e-31 -4.8146e-32 -9.7547e-33 -1.9372e-33 -3.7710e-34 -7.1954e-35 -1.3458e-35 -2.4671e-36 -4.4334e-37 -7.8090e-38 -1.3483e-38 -2.2817e-39 -3.7851e-40 -6.1546e-41 -9.8096e-42 -1.5326e-42 -2.3469e-43 -3.5229e-44 -5.1836e-45 -7.4760e-46 -1.0569e-46 -1.4646e-47
-3.3651e-05 4.0790e-04 -5.4063e-05 -5.8450e-05 -6.0045e-05 -5.9310e-05 -5.6687e-05 -5.2621e-05 -4.7557e-05 -4.1915e-05 -3.6068e-05 -3.0327e-05 -2.4934e-05 -2.0055e-05 -1.5786e-05 -1.2164e-05 -9.1775e-06 -6.7816e-06 -4.9085e-06 -3.4804e-06 -2.4178e-06 -1.6458e-06 -1.0978e-06 -7.1753e-07 -4.5962e-07 -2.8854e-07 -1.7753e-07 -1.0705e-07 -6.3273e-08 -3.6653e-08 -2.0811e-08 -1.1582e-08 -6.3179e-09 -3.3780e-09 -1.7703e-09 -9.0939e-10 -4.5788e-10 -2.2598e-10 -1.0932e-10 -5.1834e-11 -2.4091e-11 -1.0975e-11 -4.9006e-12 -2.1449e-12 -9.2017e-13 -3.8693e-13 -1.5948e-13 -6.4430e-14 -2.5513e-14 -9.9026e-15 -3.7673e-15 -1.4048e-15 -5.1346e-16 -1.8395e-16 -6.4592e-17 -2.2231e-17 -7.4997e-18 -2.4799e-18 -8.0373e-19 -2.5532e-19 -7.9499e-20 -2.4263e-20 -7.2578e-21 -2.1280e-21 -6.1156e-22 -1.7227e-22 -4.7562e-23 -1.2871e-23 -3.4140e-24 -8.8758e-25 -2.2618e-25 -5.6493e-26 -1.3830e-26 -3.3187e-27 -7.8054e-28 -1.7994e-28 -4.0658e-29 -9.0048e-30 -1.9548e-30 -4.1592e-31 -8.6741e-32 -1.7731e-32 -3.5527e-33 -6.9769e-34 -1.3430e-34 -2.5339e-35 -4.6859e-36 -8.4937e-37 -1.5090e-37 -2.6279e-38 -4.4855e-39 -7.5045e-40 -1.2306e-40 -1.9780e-41 -3.1163e-42 -4.8123e-43 -7.2838e-44 -1.0806e-44 -1.5714e-45 -2.2397e-46 -3.3638e-05 0.0000e+00 -5.3869e-05 -5.8078e-05 -5.9452e-05 -5.8470e-05 -5.5600e-05 -5.1313e-05 -4.6073e-05 -4.0313e-05 -3.4415e-05 -2.8690e-05 -2.3372e-05 -1.8614e-05 -1.4500e-05 -1.1051e-05 -8.2426e-06 -6.0180e-06 -4.3017e-06 -3.0110e-06 -2.0640e-06 -1.3858e-06 -9.1137e-07 -5.8716e-07 -3.7061e-07 -2.2919e-07 -1.3887e-07 -8.2452e-08 -4.7970e-08 -2.7350e-08 -1.5281e-08 -8.3672e-09 -4.4901e-09 -2.3615e-09 -1.2173e-09 -6.1499e-10 -3.0452e-10 -1.4780e-10 -7.0310e-11 -3.2784e-11 -1.4984e-11 -6.7126e-12 -2.9477e-12 -1.2688e-12 -5.3533e-13 -2.2141e-13 -8.9760e-14 -3.5671e-14 -1.3896e-14 -5.3061e-15 -1.9862e-15 -7.2880e-16 -2.6214e-16 -9.2429e-17 -3.1947e-17 -1.0824e-17 -3.5951e-18 -1.1705e-18 -3.7358e-19 -1.1688e-19 -3.5848e-20 -1.0778e-20 -3.1765e-21 -9.1773e-22 -2.5992e-22 -7.2162e-23 -1.9640e-23 -5.2398e-24 -1.3704e-24 -3.5134e-25 -8.8300e-26 -2.1755e-26 -5.2540e-27 -1.2439e-27 -2.8869e-28 -6.5678e-29 -1.4648e-29 -3.2023e-30 -6.8630e-31 -1.4418e-31 -2.9694e-32 -5.9946e-33 -1.1863e-33 -2.3015e-34 -4.3768e-35 -8.1593e-36 -1.4911e-36 -2.6711e-37 -4.6907e-38 -8.0746e-39 -1.3626e-39 -2.2539e-40 -3.6548e-41 -5.8095e-42 -9.0524e-43 -1.3827e-43 -2.0703e-44 -3.0387e-45 -4.3721e-46 -6.1664e-47
-3.9234e-05 -5.4063e-05 9.1764e-04 -6.8909e-05 -7.1257e-05 -7.0947e-05 -6.8440e-05 -6.4203e-05 -5.8708e-05 -5.2411e-05 -4.5729e-05 -3.9025e-05 -3.2594e-05 -2.6652e-05 -2.1344e-05 -1.6744e-05 -1.2870e-05 -9.6928e-06 -7.1539e-06 -5.1745e-06 -3.6683e-06 -2.5488e-06 -1.7358e-06 -1.1587e-06 -7.5807e-07 -4.8614e-07 -3.0557e-07 -1.8826e-07 -1.1369e-07 -6.7292e-08 -3.9040e-08 -2.2199e-08 -1.2373e-08 -6.7589e-09 -3.6188e-09 -1.8991e-09 -9.7680e-10 -4.9243e-10 -2.4331e-10 -1.1783e-10 -5.5929e-11 -2.6019e-11 -1.1863e-11 -5.3016e-12 -2.3221e-12 -9.9686e-13 -4.1943e-13 -1.7297e-13 -6.9909e-14 -2.7694e-14 -1.0752e-14 -4.0918e-15 -1.5261e-15 -5.5789e-16 -1.9988e-16 -7.0193e-17 -2.4159e-17 -8.1500e-18 -2.6947e-18 -8.7326e-19 -2.7737e-19 -8.6350e-20 -2.6348e-20 -7.8797e-21 -2.3098e-21 -6.6360e-22 -1.8687e-22 -5.1575e-23 -1.3952e-23 -3.6994e-24 -9.6142e-25 -2.4490e-25 -6.1142e-26 -1.4962e-26 -3.5887e-27 -8.4367e-28 -1.9440e-28 -4.3906e-29 -9.7195e-30 -2.1089e-30 -4.4850e-31 -9.3490e-32 -1.9102e-32 -3.8253e-33 -7.5086e-34 -1.4446e-34 -2.7242e-35 -5.0354e-36 -9.1227e-37 -1.6200e-37 -2.8197e-38 -4.8105e-39 -8.0441e-40 -1.3185e-40 -2.1182e-41 -3.3354e-42 -5.1481e-43 -7.7884e-44 -1.1549e-44 -1.6786e-45 -3.9198e-05 -5.3869e-05 0.0000e+00 -6.7933e-05 -6.9695e-05 -6.8732e-05 -6.5569e-05 -6.0738e-05 -5.4764e-05 -4.8141e-05 -4.1310e-05 -3.4631e-05 -2.8382e-05 -2.2752e-05 -1.7846e-05 -1.3702e-05 -1.0300e-05 -7.5821e-06 -5.4667e-06 -3.8611e-06 -2.6717e-06 -1.8114e-06 -1.2035e-06 -7.8356e-07 -4.9997e-07 -3.1267e-07 -1.9166e-07 -1.1515e-07 -6.7815e-08 -3.9149e-08 -2.2155e-08 -1.2290e-08 -6.6839e-09 -3.5634e-09 -1.8624e-09 -9.5425e-10 -4.7934e-10 -2.3605e-10 -1.1396e-10 -5.3942e-11 -2.5031e-11 -1.1387e-11 -5.0789e-12 -2.2209e-12 -9.5207e-13 -4.0015e-13 -1.6488e-13 -6.6607e-14 -2.6379e-14 -1.0243e-14 -3.8991e-15 -1.4551e-15 -5.3241e-16 -1.9098e-16 -6.7160e-17 -2.3155e-17 -7.8263e-18 -2.5934e-18 -8.4250e-19 -2.6832e-19 -8.3779e-20 -2.5645e-20 -7.6958e-21 -2.2641e-21 -6.5299e-22 -1.8463e-22 -5.1179e-23 -1.3908e-23 -3.7050e-24 -9.6763e-25 -2.4774e-25 -6.2183e-26 -1.5301e-26 -3.6909e-27 -8.7280e-28 -2.0234e-28 -4.5983e-29 -1.0245e-29 -2.2375e-30 -4.7906e-31 -1.0055e-31 -2.0689e-32 -4.1732e-33 -8.2519e-34 -1.5996e-34 -3.0395e-35 -5.6621e-36 -1.0340e-36 -1.8510e-37 -3.2482e-38 -5.5878e-39 -9.4232e-40 -1.5578e-40 -2.5245e-41 -4.0106e-42 -6.2457e-43 -9.5347e-44 -1.4269e-44 -2.0932e-45 -3.0102e-46
-4.2285e-05 -5.8450e-05 -6.8909e-05 1.6310e-03 -7.8700e-05 -7.9206e-05 -7.7360e-05 -7.3586e-05 -6.8321e-05 -6.2001e-05 -5.5049e-05 -4.7850e-05 -4.0735e-05 -3.3974e-05 -2.7764e-05 -2.2236e-05 -1.7453e-05 -1.3427e-05 -1.0124e-05 -7.4823e-06 -5.4200e-06 -3.8481e-06 -2.6778e-06 -1.8263e-06 -1.2208e-06 -7.9982e-07 -5.1357e-07 -3.2319e-07 -1.9933e-07 -1.2048e-07 -7.1373e-08 -4.1437e-08 -2.3577e-08 -1.3147e-08 -7.1848e-09 -3.8481e-09 -2.0199e-09 -1.0391e-09 -5.2386e-10 -2.5884e-10 -1.2534e-10 -5.9486e-11 -2.7668e-11 -1.2613e-11 -5.6348e-12 -2.4673e-12 -1.0588e-12 -4.4532e-13 -1.8356e-13 -7.4160e-14 -2.9364e-14 -1.1396e-14 -4.3343e-15 -1.6158e-15 -5.9035e-16 -2.1140e-16 -7.4198e-17 -2.5524e-17 -8.6057e-18 -2.8438e-18 -9.2108e-19 -2.9240e-19 -9.0978e-20 -2.7745e-20 -8.2930e-21 -2.4296e-21 -6.9764e-22 -1.9635e-22 -5.4164e-23 -1.4645e-23 -3.8811e-24 -1.0081e-24 -2.5666e-25 -6.4047e-26 -1.5665e-26 -3.7555e-27 -8.8246e-28 -2.0324e-28 -4.5882e-29 -1.0152e-29 -2.2018e-30 -4.6805e-31 -9.7522e-32 -1.9917e-32 -3.9868e-33 -7.8224e-34 -1.5044e-34 -2.8357e-35 -5.2394e-36 -9.4886e-37 -1.6843e-37 -2.9305e-38 -4.9977e-39 -8.3542e-40 -1.3688e-40 -2.1982e-41 -3.4603e-42 -5.3391e-43 -8.0745e-44 -1.1969e-44 -4.2217e-05 -5.8078e-05 -6.7933e-05 0.0000e+00 -7.5692e-05 -7.4931e-05 -7.1803e-05 -6.6854e-05 -6.0628e-05 -5.3639e-05 -4.6352e-05 -3.9156e-05 -3.2355e-05 -2.6166e-05 -2.0717e-05 -1.6064e-05 -1.2201e-05 -9.0801e-06 -6.6216e-06 -4.7324e-06 -3.3151e-06 -2.2763e-06 -1.5322e-06 -1.0111e-06 -6.5416e-07 -4.1494e-07 -2.5806e-07 -1.5736e-07 -9.4082e-08 -5.5155e-08 -3.1705e-08 -1.7870e-08 -9.8763e-09 -5.3522e-09 -2.8440e-09 -1.4819e-09 -7.5708e-10 -3.7926e-10 -1.8630e-10 -8.9729e-11 -4.2376e-11 -1.9623e-11 -8.9095e-12 -3.9664e-12 -1.7314e-12 -7.4103e-13 -3.1097e-13 -1.2795e-13 -5.1619e-14 -2.0417e-14 -7.9182e-15 -3.0108e-15 -1.1224e-15 -4.1027e-16 -1.4703e-16 -5.1658e-17 -1.7795e-17 -6.0098e-18 -1.9900e-18 -6.4600e-19 -2.0560e-19 -6.4154e-20 -1.9626e-20 -5.8860e-21 -1.7307e-21 -4.9889e-22 -1.4099e-22 -3.9063e-23 -1.0610e-23 -2.8254e-24 -7.3758e-25 -1.8877e-25 -4.7363e-26 -1.1650e-26 -2.8092e-27 -6.6409e-28 -1.5390e-28 -3.4966e-29 -7.7877e-30 -1.7004e-30 -3.6397e-31 -7.6373e-32 -1.5711e-32 -3.1682e-33 -6.2632e-34 -1.2138e-34 -2.3060e-35 -4.2948e-36 -7.8412e-37 -1.4034e-37 -2.4623e-38 -4.2352e-39 -7.1409e-40 -1.1803e-40 -1.9124e-41 -3.0377e-42 -4.7299e-43 -7.2196e-44 -1.0803e-44 -1.5845e-45
-4.3265e-05 -6.0045e-05 -7.1257e-05 -7.8700e-05 2.5477e-03 -8.4699e-05 -8.3980e-05 -8.1219e-05 -7.6768e-05 -7.0998e-05 -6.4296e-05 -5.7040e-05 -4.9584e-05 -4.2241e-05 -3.5269e-05 -2.8862e-05 -2.3149e-05 -1.8198e-05 -1.4020e-05 -1.0586e-05 -7.8334e-06 -5.6806e-06 -4.0371e-06 -2.8116e-06 -1.9189e-06 -1.2834e-06 -8.4111e-07 -5.4022e-07 -3.4000e-07 -2.0970e-07 -1.2675e-07 -7.5072e-08 -4.3575e-08 -2.4786e-08 -1.3816e-08 -7.5475e-09 -4.0405e-09 -2.1198e-09 -1.0899e-09 -5.4920e-10 -2.7121e-10 -1.3126e-10 -6.2256e-11 -2.8939e-11 -1.3184e-11 -5.8866e-12 -2.5760e-12 -1.1048e-12 -4.6437e-13 -1.9130e-13 -7.7241e-14 -3.0566e-14 -1.1855e-14 -4.5066e-15 -1.6790e-15 -6.1313e-16 -2.1944e-16 -7.6979e-17 -2.6467e-17 -8.9189e-18 -2.9458e-18 -9.5365e-19 -3.0259e-19 -9.4106e-20 -2.8685e-20 -8.5703e-21 -2.5097e-21 -7.2034e-22 -2.0265e-22 -5.5880e-23 -1.5103e-23 -4.0008e-24 -1.0388e-24 -2.6437e-25 -6.5948e-26 -1.6124e-26 -3.8642e-27 -9.0769e-28 -2.0898e-28 -4.7162e-29 -1.0432e-29 -2.2617e-30 -4.8064e-31 -1.0012e-31 -2.0440e-32 -4.0905e-33 -8.0235e-34 -1.5426e-34 -2.9070e-35 -5.3697e-36 -9.7220e-37 -1.7253e-37 -3.0011e-38 -5.1168e-39 -8.5511e-40 -1.4007e-40 -2.2490e-41 -3.5394e-42 -5.4599e-43 -8.2554e-44 -4.3157e-05 -5.9452e-05 -6.9695e-05 -7.5692e-05 0.0000e+00 -7.7800e-05 -7.4977e-05 -7.0265e-05 -6.4187e-05 -5.7248e-05 -4.9907e-05 -4.2562e-05 -3.5530e-05 -2.9046e-05 -2.3261e-05 -1.8255e-05 -1.4041e-05 -1.0587e-05 -7.8261e-06 -5.6723e-06 -4.0314e-06 -2.8096e-06 -1.9203e-06 -1.2871e-06 -8.4607e-07 -5.4544e-07 -3.4486e-07 -2.1384e-07 -1.3004e-07 -7.7560e-08 -4.5367e-08 -2.6025e-08 -1.4641e-08 -8.0777e-09 -4.3706e-09 -2.3191e-09 -1.2067e-09 -6.1578e-10 -3.0814e-10 -1.5120e-10 -7.2759e-11 -3.4332e-11 -1.5885e-11 -7.2073e-12 -3.2065e-12 -1.3988e-12 -5.9834e-13 -2.5096e-13 -1.0321e-13 -4.1618e-14 -1.6455e-14 -6.3789e-15 -2.4246e-15 -9.0361e-16 -3.3018e-16 -1.1829e-16 -4.1550e-17 -1.4309e-17 -4.8315e-18 -1.5994e-18 -5.1911e-19 -1.6518e-19 -5.1533e-20 -1.5762e-20 -4.7264e-21 -1.3895e-21 -4.0049e-22 -1.1316e-22 -3.1349e-23 -8.5140e-24 -2.2669e-24 -5.9173e-25 -1.5143e-25 -3.7989e-26 -9.3434e-27 -2.2528e-27 -5.3252e-28 -1.2340e-28 -2.8033e-29 -6.2433e-30 -1.3631e-30 -2.9175e-31 -6.1215e-32 -1.2592e-32 -2.5391e-33 -5.0192e-34 -9.7266e-35 -1.8478e-35 -3.4412e-36 -6.2825e-37 -1.1244e-37 -1.9727e-38 -3.3928e-39 -5.7204e-40 -9.4547e-41 -1.5319e-41 -2.4331e-42 -3.7884e-43 -5.7823e-44 -8.6518e-45
-4.2527e-05 -5.9310e-05 -7.0947e-05 -7.9206e-05 -8.4699e-05 3.6675e-03 -8.8489e-05 -8.7188e-05 -8.4048e-05 -7.9341e-05 -7.3378e-05 -6.6504e-05 -5.9071e-05 -5.1423e-05 -4.3873e-05 -3.6683e-05 -3.0057e-05 -2.4134e-05 -1.8989e-05 -1.4640e-05 -1.1060e-05 -8.1867e-06 -5.9379e-06 -4.2200e-06 -2.9386e-06 -2.0051e-06 -1.3406e-06 -8.7829e-07 -5.6383e-07 -3.5468e-07 -2.1863e-07 -1.3206e-07 -7.8171e-08 -4.5344e-08 -2.5775e-08 -1.4358e-08 -7.8381e-09 -4.1932e-09 -2.1985e-09 -1.1296e-09 -5.6882e-10 -2.8072e-10 -1.3577e-10 -6.4357e-11 -2.9898e-11 -1.3613e-11 -6.0744e-12 -2.6566e-12 -1.1387e-12 -4.7839e-13 -1.9697e-13 -7.9490e-14 -3.1441e-14 -1.2188e-14 -4.6311e-15 -1.7246e-15 -6.2950e-16 -2.2520e-16 -7.8967e-17 -2.7139e-17 -9.1419e-18 -3.0183e-18 -9.7675e-19 -3.0981e-19 -9.6316e-20 -2.9349e-20 -8.7656e-21 -2.5661e-21 -7.3628e-22 -2.0707e-22 -5.7081e-23 -1.5423e-23 -4.0844e-24 -1.0602e-24 -2.6975e-25 -6.7272e-26 -1.6444e-26 -3.9398e-27 -9.2521e-28 -2.1297e-28 -4.8049e-29 -1.0626e-29 -2.3033e-30 -4.8936e-31 -1.0191e-31 -2.0802e-32 -4.1621e-33 -8.1623e-34 -1.5690e-34 -2.9562e-35 -5.4595e-36 -9.8828e-37 -1.7535e-37 -3.0496e-38 -5.1987e-39 -8.6865e-40 -1.4227e-40 -2.2839e-41 -3.5937e-42 -5.5428e-43 -4.2375e-05 -5.8470e-05 -6.8732e-05 -7.4931e-05 -7.7800e-05 0.0000e+00 -7.5539e-05 -7.1346e-05 -6.5745e-05 -5.9202e-05 -5.2150e-05 -4.4974e-05 -3.7993e-05 -3.1453e-05 -2.5524e-05 -2.0309e-05 -1.5847e-05 -1.2127e-05 -9.1025e-06 -6.7019e-06 -4.8404e-06 -3.4294e-06 -2.3835e-06 -1.6250e-06 -1.0869e-06 -7.1308e-07 -4.5893e-07 -2.8973e-07 -1.7941e-07 -1.0898e-07 -6.4931e-08 -3.7945e-08 -2.1750e-08 -1.2227e-08 -6.7417e-09 -3.6457e-09 -1.9335e-09 -1.0057e-09 -5.1297e-10 -2.5660e-10 -1.2588e-10 -6.0556e-11 -2.8567e-11 -1.3215e-11 -5.9947e-12 -2.6666e-12 -1.1631e-12 -4.9746e-13 -2.0862e-13 -8.5788e-14 -3.4590e-14 -1.3675e-14 -5.3011e-15 -2.0148e-15 -7.5084e-16 -2.7434e-16 -9.8283e-17 -3.4521e-17 -1.1888e-17 -4.0140e-18 -1.3288e-18 -4.3126e-19 -1.3723e-19 -4.2811e-20 -1.3094e-20 -3.9265e-21 -1.1543e-21 -3.3270e-22 -9.4011e-23 -2.6043e-23 -7.0731e-24 -1.8833e-24 -4.9159e-25 -1.2580e-25 -3.1561e-26 -7.7624e-27 -1.8716e-27 -4.4242e-28 -1.0252e-28 -2.3291e-29 -5.1871e-30 -1.1325e-30 -2.4240e-31 -5.0862e-32 -1.0462e-32 -2.1097e-33 -4.1705e-34 -8.0820e-35 -1.5354e-35 -2.8594e-36 -5.2204e-37 -9.3432e-38 -1.6393e-38 -2.8194e-39 -4.7536e-40 -7.8570e-41 -1.2730e-41 -2.0220e-42 -3.1484e-43 -4.8055e-44
-4.0414e-05 -5.6687e-05 -6.8440e-05 -7.7360e-05 -8.3980e-05 -8.8489e-05 4.9900e-03 -9.1431e-05 -8.9993e-05 -8.6782e-05 -8.2010e-05 -7.5951e-05 -6.8933e-05 -6.1309e-05 -5.3431e-05 -4.5626e-05 -3.8173e-05 -3.1290e-05 -2.5129e-05 -1.9771e-05 -1.5240e-05 -1.1509e-05 -8.5158e-06 -6.1732e-06 -4.3846e-06 -3.0512e-06 -2.0805e-06 -1.3900e-06 -9.0995e-07 -5.8371e-07 -3.6690e-07 -2.2599e-07 -1.3641e-07 -8.0683e-08 -4.6767e-08 -2.6565e-08 -1.4788e-08 -8.0673e-09 -4.3131e-09 -2.2599e-09 -1.1605e-09 -5.8401e-10 -2.8804e-10 -1.3924e-10 -6.5965e-11 -3.0629e-11 -1.3939e-11 -6.2168e-12 -2.7176e-12 -1.1644e-12 -4.8895e-13 -2.0124e-13 -8.1178e-14 -3.2096e-14 -1.2438e-14 -4.7241e-15 -1.7586e-15 -6.4169e-16 -2.2949e-16 -8.0443e-17 -2.7638e-17 -9.3072e-18 -3.0720e-18 -9.9384e-19 -3.1514e-19 -9.7948e-20 -2.9839e-20 -8.9096e-21 -2.6076e-21 -7.4802e-22 -2.1032e-22 -5.7965e-23 -1.5658e-23 -4.1459e-24 -1.0760e-24 -2.7370e-25 -6.8243e-26 -1.6678e-26 -3.9951e-27 -9.3805e-28 -2.1588e-28 -4.8699e-29 -1.0768e-29 -2.3336e-30 -4.9574e-31 -1.0322e-31 -2.1067e-32 -4.2144e-33 -8.2636e-34 -1.5882e-34 -2.9921e-35 -5.5250e-36 -9.9999e-37 -1.7741e-37 -3.0850e-38 -5.2583e-39 -8.7851e-40 -1.4386e-40 -2.3092e-41 -3.6332e-42 -4.0217e-05 -5.5600e-05 -6.5569e-05 -7.1803e-05 -7.4977e-05 -7.5539e-05 0.0000e+00 -7.0418e-05 -6.5545e-05 -5.9672e-05 -5.3190e-05 -4.6455e-05 -3.9772e-05 -3.3391e-05 -2.7498e-05 -2.2215e-05 -1.7608e-05 -1.3695e-05 -1.0451e-05 -7.8261e-06 -5.7507e-06 -4.1464e-06 -2.9335e-06 -2.0364e-06 -1.3870e-06 -9.2687e-07 -6.0768e-07 -3.9087e-07 -2.4664e-07 -1.5268e-07 -9.2710e-08 -5.5223e-08 -3.2265e-08 -1.8491e-08 -1.0394e-08 -5.7305e-09 -3.0987e-09 -1.6433e-09 -8.5473e-10 -4.3599e-10 -2.1810e-10 -1.0699e-10 -5.1473e-11 -2.4283e-11 -1.1234e-11 -5.0964e-12 -2.2671e-12 -9.8894e-13 -4.2300e-13 -1.7741e-13 -7.2958e-14 -2.9419e-14 -1.1632e-14 -4.5093e-15 -1.7140e-15 -6.3879e-16 -2.3342e-16 -8.3629e-17 -2.9376e-17 -1.0117e-17 -3.4163e-18 -1.1310e-18 -3.6710e-19 -1.1682e-19 -3.6447e-20 -1.1149e-20 -3.3433e-21 -9.8294e-22 -2.8332e-22 -8.0064e-23 -2.2181e-23 -6.0245e-24 -1.6042e-24 -4.1877e-25 -1.0717e-25 -2.6889e-26 -6.6137e-27 -1.5948e-27 -3.7699e-28 -8.7367e-29 -1.9849e-29 -4.4208e-30 -9.6525e-31 -2.0661e-31 -4.3354e-32 -8.9184e-33 -1.7985e-33 -3.5555e-34 -6.8905e-35 -1.3091e-35 -2.4381e-36 -4.4514e-37 -7.9673e-38 -1.3979e-38 -2.4044e-39 -4.0541e-40 -6.7011e-41 -1.0858e-41 -1.7247e-42 -2.6855e-43
-3.7269e-05 -5.2621e-05 -6.4203e-05 -7.3586e-05 -8.1219e-05 -8.7188e-05 -9.1431e-05 6.5148e-03 -9.4373e-05 -9.2994e-05 -8.9799e-05 -8.4971e-05 -7.8778e-05 -7.1556e-05 -6.3672e-05 -5.5502e-05 -4.7391e-05 -3.9639e-05 -3.2478e-05 -2.6068e-05 -2.0496e-05 -1.5787e-05 -1.1913e-05 -8.8068e-06 -6.3787e-06 -4.5265e-06 -3.1473e-06 -2.1442e-06 -1.4313e-06 -9.3625e-07 -6.0010e-07 -3.7692e-07 -2.3199e-07 -1.3993e-07 -8.2708e-08 -4.7909e-08 -2.7196e-08 -1.5130e-08 -8.2493e-09 -4.4079e-09 -2.3083e-09 -1.1847e-09 -5.9593e-10 -2.9379e-10 -1.4195e-10 -6.7220e-11 -3.1199e-11 -1.4192e-11 -6.3275e-12 -2.7650e-12 -1.1842e-12 -4.9712e-13 -2.0454e-13 -8.2482e-14 -3.2601e-14 -1.2630e-14 -4.7957e-15 -1.7848e-15 -6.5107e-16 -2.3279e-16 -8.1579e-17 -2.8021e-17 -9.4341e-18 -3.1132e-18 -1.0069e-18 -3.1923e-19 -9.9199e-20 -3.0214e-20 -9.0199e-21 -2.6394e-21 -7.5700e-22 -2.1281e-22 -5.8640e-23 -1.5838e-23 -4.1928e-24 -1.0880e-24 -2.7671e-25 -6.8984e-26 -1.6857e-26 -4.0374e-27 -9.4783e-28 -2.1811e-28 -4.9194e-29 -1.0876e-29 -2.3568e-30 -5.0059e-31 -1.0422e-31 -2.1268e-32 -4.2541e-33 -8.3407e-34 -1.6029e-34 -3.0193e-35 -5.5747e-36 -1.0089e-36 -1.7897e-37 -3.1119e-38 -5.3036e-39 -8.8599e-40 -1.4508e-40 -2.3285e-41 -3.7032e-05 -5.1313e-05 -6.0738e-05 -6.6854e-05 -7.0265e-05 -7.1346e-05 -7.0418e-05 0.0000e+00 -6.3821e-05 -5.8817e-05 -5.3120e-05 -4.7043e-05 -4.0869e-05 -3.4840e-05 -2.9148e-05 -2.3936e-05 -1.9293e-05 -1.5265e-05 -1.1855e-05 -9.0366e-06 -6.7610e-06 -4.9647e-06 -3.5779e-06 -2.5304e-06 -1.7562e-06 -1.1960e-06 -7.9915e-07 -5.2394e-07 -3.3702e-07 -2.1268e-07 -1.3167e-07 -7.9962e-08 -4.7637e-08 -2.7838e-08 -1.5956e-08 -8.9710e-09 -4.9469e-09 -2.6755e-09 -1.4192e-09 -7.3828e-10 -3.7666e-10 -1.8846e-10 -9.2470e-11 -4.4494e-11 -2.0995e-11 -9.7145e-12 -4.4078e-12 -1.9612e-12 -8.5562e-13 -3.6603e-13 -1.5354e-13 -6.3154e-14 -2.5470e-14 -1.0072e-14 -3.9051e-15 -1.4846e-15 -5.5337e-16 -2.0223e-16 -7.2465e-17 -2.5458e-17 -8.7691e-18 -2.9614e-18 -9.8052e-19 -3.1830e-19 -1.0130e-19 -3.1609e-20 -9.6697e-21 -2.9001e-21 -8.5274e-22 -2.4582e-22 -6.9473e-23 -1.9249e-23 -5.2286e-24 -1.3924e-24 -3.6351e-25 -9.3039e-26 -2.3345e-26 -5.7426e-27 -1.3848e-27 -3.2739e-28 -7.5879e-29 -1.7240e-29 -3.8401e-30 -8.3852e-31 -1.7950e-31 -3.7668e-32 -7.7492e-33 -1.5628e-33 -3.0898e-34 -5.9884e-35 -1.1378e-35 -2.1192e-36 -3.8695e-37 -6.9261e-38 -1.2153e-38 -2.0904e-39 -3.5250e-40 -5.8268e-41 -9.4419e-42 -1.4998e-42
-3.3435e-05 -4.7557e-05 -5.8708e-05 -6.8321e-05 -7.6768e-05 -8.4048e-05 -8.9993e-05 -9.4373e-05 8.2414e-03 -9.7640e-05 -9.6326e-05 -9.3095e-05 -8.8132e-05 -8.1721e-05 -7.4215e-05 -6.6011e-05 -5.7505e-05 -4.9064e-05 -4.1003e-05 -3.3564e-05 -2.6913e-05 -2.1139e-05 -1.6267e-05 -1.2263e-05 -9.0567e-06 -6.5536e-06 -4.6465e-06 -3.2279e-06 -2.1973e-06 -1.4656e-06 -9.5795e-07 -6.1357e-07 -3.8512e-07 -2.3688e-07 -1.4279e-07 -8.4350e-08 -4.8833e-08 -2.7706e-08 -1.5406e-08 -8.3956e-09 -4.4840e-09 -2.3472e-09 -1.2042e-09 -6.0546e-10 -2.9837e-10 -1.4411e-10 -6.8221e-11 -3.1653e-11 -1.4394e-11 -6.4156e-12 -2.8027e-12 -1.2000e-12 -5.0361e-13 -2.0715e-13 -8.3516e-14 -3.3002e-14 -1.2782e-14 -4.8524e-15 -1.8056e-15 -6.5850e-16 -2.3539e-16 -8.2476e-17 -2.8324e-17 -9.5343e-18 -3.1457e-18 -1.0173e-18 -3.2246e-19 -1.0019e-19 -3.0509e-20 -9.1068e-21 -2.6644e-21 -7.6408e-22 -2.1477e-22 -5.9173e-23 -1.5980e-23 -4.2298e-24 -1.0974e-24 -2.7909e-25 -6.9567e-26 -1.6997e-26 -4.0706e-27 -9.5553e-28 -2.1985e-28 -4.9583e-29 -1.0961e-29 -2.3750e-30 -5.0440e-31 -1.0500e-31 -2.1426e-32 -4.2854e-33 -8.4013e-34 -1.6144e-34 -3.0407e-35 -5.6138e-36 -1.0159e-36 -1.8020e-37 -3.1330e-38 -5.3392e-39 -8.9187e-40 -1.4603e-40 -3.3166e-05 -4.6073e-05 -5.4764e-05 -6.0628e-05 -6.4187e-05 -6.5745e-05 -6.5545e-05 -6.3821e-05 0.0000e+00 -5.6805e-05 -5.2036e-05 -4.6778e-05 -4.1280e-05 -3.5766e-05 -3.0428e-05 -2.5420e-05 -2.0852e-05 -1.6796e-05 -1.3283e-05 -1.0313e-05 -7.8609e-06 -5.8816e-06 -4.3196e-06 -3.1136e-06 -2.2027e-06 -1.5291e-06 -1.0417e-06 -6.9632e-07 -4.5669e-07 -2.9387e-07 -1.8552e-07 -1.1489e-07 -6.9801e-08 -4.1599e-08 -2.4318e-08 -1.3944e-08 -7.8420e-09 -4.3257e-09 -2.3403e-09 -1.2417e-09 -6.4618e-10 -3.2977e-10 -1.6504e-10 -8.1002e-11 -3.8986e-11 -1.8401e-11 -8.5163e-12 -3.8651e-12 -1.7201e-12 -7.5061e-13 -3.2118e-13 -1.3476e-13 -5.5439e-14 -2.2363e-14 -8.8449e-15 -3.4301e-15 -1.3042e-15 -4.8622e-16 -1.7773e-16 -6.3694e-17 -2.2381e-17 -7.7102e-18 -2.6042e-18 -8.6238e-19 -2.7999e-19 -8.9122e-20 -2.7813e-20 -8.5094e-21 -2.5525e-21 -7.5062e-22 -2.1641e-22 -6.1168e-23 -1.6950e-23 -4.6047e-24 -1.2264e-24 -3.2021e-25 -8.1964e-26 -2.0568e-26 -5.0600e-27 -1.2204e-27 -2.8854e-28 -6.6880e-29 -1.5197e-29 -3.3853e-30 -7.3928e-31 -1.5827e-31 -3.3216e-32 -6.8339e-33 -1.3783e-33 -2.7253e-34 -5.2823e-35 -1.0037e-35 -1.8696e-36 -3.4140e-37 -6.1113e-38 -1.0724e-38 -1.8448e-39 -3.1109e-40 -5.1427e-41 -8.3340e-42
-2.9227e-05 -4.1915e-05 -5.2411e-05 -6.2001e-05 -7.0998e-05 -7.9341e-05 -8.6782e-05 -9.2994e-05 -9.7640e-05 1.0170e-02 -1.0120e-04 -9.9858e-05 -9.6494e-05 -9.1306e-05 -8.4601e-05 -7.6761e-05 -6.8205e-05 -5.9350e-05 -5.0582e-05 -4.2223e-05 -3.4524e-05 -2.7652e-05 -2.1697e-05 -1.6679e-05 -1.2561e-05 -9.2686e-06 -6.7011e-06 -4.7472e-06 -3.2953e-06 -2.2415e-06 -1.4941e-06 -9.7594e-07 -6.2471e-07 -3.9188e-07 -2.4091e-07 -1.4514e-07 -8.5698e-08 -4.9590e-08 -2.8124e-08 -1.5632e-08 -8.5152e-09 -4.5462e-09 -2.3789e-09 -1.2200e-09 -6.1323e-10 -3.0210e-10 -1.4587e-10 -6.9035e-11 -3.2022e-11 -1.4558e-11 -6.4871e-12 -2.8332e-12 -1.2128e-12 -5.0888e-13 -2.0927e-13 -8.4354e-14 -3.3327e-14 -1.2906e-14 -4.8984e-15 -1.8223e-15 -6.6450e-16 -2.3750e-16 -8.3202e-17 -2.8569e-17 -9.6153e-18 -3.1720e-18 -1.0257e-18 -3.2507e-19 -1.0098e-19 -3.0748e-20 -9.1770e-21 -2.6846e-21 -7.6979e-22 -2.1635e-22 -5.9602e-23 -1.6094e-23 -4.2596e-24 -1.1051e-24 -2.8100e-25 -7.0038e-26 -1.7111e-26 -4.0974e-27 -9.6174e-28 -2.2126e-28 -4.9897e-29 -1.1029e-29 -2.3896e-30 -5.0748e-31 -1.0564e-31 -2.1554e-32 -4.3106e-33 -8.4500e-34 -1.6236e-34 -3.0580e-35 -5.6453e-36 -1.0215e-36 -1.8119e-37 -3.1500e-38 -5.3678e-39 -8.9660e-40 -2.8938e-05 -4.0313e-05 -4.8141e-05 -5.3639e-05 -5.7248e-05 -5.9202e-05 -5.9672e-05 -5.8817e-05 -5.6805e-05 0.0000e+00 -5.0051e-05 -4.5713e-05 -4.1011e-05 -3.6142e-05 -3.1290e-05 -2.6610e-05 -2.2228e-05 -1.8236e-05 -1.4693e-05 -1.1625e-05 -9.0301e-06 -6.8867e-06 -5.1557e-06 -3.7887e-06 -2.7326e-06 -1.9343e-06 -1.3436e-06 -9.1586e-07 -6.1255e-07 -4.0197e-07 -2.5880e-07 -1.6346e-07 -1.0128e-07 -6.1563e-08 -3.6706e-08 -2.1467e-08 -1.2314e-08 -6.9286e-09 -3.8234e-09 -2.0693e-09 -1.0984e-09 -5.7177e-10 -2.9190e-10 -1.4614e-10 -7.1746e-11 -3.4542e-11 -1.6308e-11 -7.5499e-12 -3.4274e-12 -1.5257e-12 -6.6596e-13 -2.8503e-13 -1.1962e-13 -4.9222e-14 -1.9860e-14 -7.8565e-15 -3.0474e-15 -1.1590e-15 -4.3215e-16 -1.5799e-16 -5.6632e-17 -1.9903e-17 -6.8578e-18 -2.3167e-18 -7.6730e-19 -2.4916e-19 -7.9322e-20 -2.4758e-20 -7.5759e-21 -2.2728e-21 -6.6847e-22 -1.9275e-22 -5.4488e-23 -1.5101e-23 -4.1029e-24 -1.0929e-24 -2.8538e-25 -7.3058e-26 -1.8336e-26 -4.5113e-27 -1.0881e-27 -2.5730e-28 -5.9646e-29 -1.3555e-29 -3.0198e-30 -6.5952e-31 -1.4121e-31 -2.9638e-32 -6.0983e-33 -1.2301e-33 -2.4323e-34 -4.7150e-35 -8.9599e-36 -1.6691e-36 -3.0481e-37 -5.4567e-38 -9.5762e-39 -1.6475e-39 -2.7784e-40 -4.5933e-41
-2.4925e-05 -3.6068e-05 -4.5729e-05 -5.5049e-05 -6.4296e-05 -7.3378e-05 -8.2010e-05 -8.9799e-05 -9.6326e-05 -1.0120e-04 1.2299e-02 -1.0485e-04 -1.0338e-04 -9.9799e-05 -9.4323e-05 -8.7285e-05 -7.9093e-05 -7.0186e-05 -6.0996e-05 -5.1920e-05 -4.3289e-05 -3.5356e-05 -2.8288e-05 -2.2174e-05 -1.7030e-05 -1.2814e-05 -9.4479e-06 -6.8255e-06 -4.8319e-06 -3.3519e-06 -2.2786e-06 -1.5179e-06 -9.9095e-07 -6.3399e-07 -3.9751e-07 -2.4426e-07 -1.4710e-07 -8.6818e-08 -5.0219e-08 -2.8470e-08 -1.5819e-08 -8.6142e-09 -4.5977e-09 -2.4051e-09 -1.2331e-09 -6.1965e-10 -3.0519e-10 -1.4733e-10 -6.9707e-11 -3.2326e-11 -1.4693e-11 -6.5461e-12 -2.8584e-12 -1.2234e-12 -5.1322e-13 -2.1102e-13 -8.5045e-14 -3.3595e-14 -1.3007e-14 -4.9362e-15 -1.8362e-15 -6.6945e-16 -2.3924e-16 -8.3800e-17 -2.8771e-17 -9.6821e-18 -3.1937e-18 -1.0325e-18 -3.2721e-19 -1.0164e-19 -3.0945e-20 -9.2348e-21 -2.7013e-21 -7.7449e-22 -2.1766e-22 -5.9955e-23 -1.6188e-23 -4.2842e-24 -1.1113e-24 -2.8257e-25 -7.0425e-26 -1.7204e-26 -4.1194e-27 -9.6684e-28 -2.2242e-28 -5.0155e-29 -1.1086e-29 -2.4017e-30 -5.1000e-31 -1.0616e-31 -2.1658e-32 -4.3313e-33 -8.4901e-34 -1.6313e-34 -3.0722e-35 -5.6712e-36 -1.0262e-36 -1.8200e-37 -3.1639e-38 -5.3914e-39 -2.4628e-05 -3.4415e-05 -4.1310e-05 -4.6352e-05 -4.9907e-05 -5.2150e-05 -5.3190e-05 -5.3120e-05 -5.2036e-05 -5.0051e-05 0.0000e+00 -4.3921e-05 -4.0084e-05 -3.5954e-05 -3.1692e-05 -2.7450e-05 -2.3359e-05 -1.9528e-05 -1.6035e-05 -1.2930e-05 -1.0239e-05 -7.9611e-06 -6.0768e-06 -4.5533e-06 -3.3488e-06 -2.4173e-06 -1.7124e-06 -1.1904e-06 -8.1198e-07 -5.4344e-07 -3.5685e-07 -2.2989e-07 -1.4529e-07 -9.0076e-08 -5.4780e-08 -3.2679e-08 -1.9121e-08 -1.0974e-08 -6.1771e-09 -3.4102e-09 -1.8464e-09 -9.8048e-10 -5.1059e-10 -2.6076e-10 -1.3059e-10 -6.4137e-11 -3.0889e-11 -1.4588e-11 -6.7555e-12 -3.0677e-12 -1.3660e-12 -5.9640e-13 -2.5533e-13 -1.0718e-13 -4.4114e-14 -1.7803e-14 -7.0445e-15 -2.7330e-15 -1.0396e-15 -3.8774e-16 -1.4178e-16 -5.0833e-17 -1.7868e-17 -6.1578e-18 -2.0806e-18 -6.8923e-19 -2.2384e-19 -7.1274e-20 -2.2250e-20 -6.8095e-21 -2.0432e-21 -6.0102e-22 -1.7333e-22 -4.9004e-23 -1.3583e-23 -3.6910e-24 -9.8326e-25 -2.5679e-25 -6.5748e-26 -1.6503e-26 -4.0609e-27 -9.7961e-28 -2.3167e-28 -5.3709e-29 -1.2207e-29 -2.7198e-30 -5.9406e-31 -1.2720e-31 -2.6702e-32 -5.4946e-33 -1.1084e-33 -2.1920e-34 -4.2495e-35 -8.0759e-36 -1.5046e-36 -2.7479e-37 -4.9196e-38 -8.6344e-39 -1.4855e-39 -2.5055e-40
-2.0755e-05 -3.0327e-05 -3.9025e-05 -4.7850e-05 -5.7040e-05 -6.6504e-05 -7.5951e-05 -8.4971e-05 -9.3095e-05 -9.9858e-05 -1.0485e-04 1.4629e-02 -1.0839e-04 -1.0672e-04 -1.0287e-04 -9.7078e-05 -8.9704e-05 -8.1170e-05 -7.1932e-05 -6.2435e-05 -5.3082e-05 -4.4209e-05 -3.6071e-05 -2.8834e-05 -2.2582e-05 -1.7329e-05 -1.3030e-05 -9.5999e-06 -6.9309e-06 -4.9035e-06 -3.3997e-06 -2.3098e-06 -1.5380e-06 -1.0036e-06 -6.4181e-07 -4.0225e-07 -2.4708e-07 -1.4874e-07 -8.7759e-08 -5.0747e-08 -2.8761e-08 -1.5976e-08 -8.6974e-09 -4.6409e-09 -2.4271e-09 -1.2441e-09 -6.2504e-10 -3.0778e-10 -1.4855e-10 -7.0271e-11 -3.2582e-11 -1.4807e-11 -6.5956e-12 -2.8796e-12 -1.2323e-12 -5.1686e-13 -2.1249e-13 -8.5625e-14 -3.3819e-14 -1.3092e-14 -4.9680e-15 -1.8477e-15 -6.7360e-16 -2.4069e-16 -8.4300e-17 -2.8940e-17 -9.7380e-18 -3.2118e-18 -1.0383e-18 -3.2901e-19 -1.0219e-19 -3.1110e-20 -9.2832e-21 -2.7152e-21 -7.7843e-22 -2.1875e-22 -6.0251e-23 -1.6267e-23 -4.3047e-24 -1.1166e-24 -2.8389e-25 -7.0749e-26 -1.7282e-26 -4.1379e-27 -9.7111e-28 -2.2339e-28 -5.0371e-29 -1.1133e-29 -2.4117e-30 -5.1212e-31 -1.0659e-31 -2.1746e-32 -4.3486e-33 -8.5237e-34 -1.6376e-34 -3.0840e-35 -5.6928e-36 -1.0300e-36 -1.8268e-37 -3.1756e-38 -2.0461e-05 -2.8690e-05 -3.4631e-05 -3.9156e-05 -4.2562e-05 -4.4974e-05 -4.6455e-05 -4.7043e-05 -4.6778e-05 -4.5713e-05 -4.3921e-05 0.0000e+00 -3.8545e-05 -3.5205e-05 -3.1608e-05 -2.7893e-05 -2.4189e-05 -2.0610e-05 -1.7251e-05 -1.4183e-05 -1.1451e-05 -9.0780e-06 -7.0659e-06 -5.3992e-06 -4.0496e-06 -2.9812e-06 -2.1539e-06 -1.5271e-06 -1.0624e-06 -7.2525e-07 -4.8575e-07 -3.1919e-07 -2.0576e-07 -1.3012e-07 -8.0720e-08 -4.9118e-08 -2.9317e-08 -1.7163e-08 -9.8549e-09 -5.5499e-09 -3.0653e-09 -1.6604e-09 -8.8205e-10 -4.5952e-10 -2.3476e-10 -1.1762e-10 -5.7785e-11 -2.7839e-11 -1.3152e-11 -6.0924e-12 -2.7674e-12 -1.2326e-12 -5.3832e-13 -2.3052e-13 -9.6794e-14 -3.9850e-14 -1.6086e-14 -6.3666e-15 -2.4706e-15 -9.4000e-16 -3.5066e-16 -1.2825e-16 -4.5990e-17 -1.6169e-17 -5.5733e-18 -1.8835e-18 -6.2404e-19 -2.0271e-19 -6.4555e-20 -2.0155e-20 -6.1695e-21 -1.8514e-21 -5.4470e-22 -1.5711e-22 -4.4425e-23 -1.2316e-23 -3.3470e-24 -8.9176e-25 -2.3293e-25 -5.9645e-26 -1.4973e-26 -3.6848e-27 -8.8900e-28 -2.1026e-28 -4.8752e-29 -1.1082e-29 -2.4693e-30 -5.3941e-31 -1.1551e-31 -2.4250e-32 -4.9907e-33 -1.0069e-33 -1.9913e-34 -3.8608e-35 -7.3380e-36 -1.3672e-36 -2.4972e-37 -4.4713e-38 -7.8481e-39 -1.3504e-39
-1.6886e-05 -2.4934e-05 -3.2594e-05 -4.0735e-05 -4.9584e-05 -5.9071e-05 -6.8933e-05 -7.8778e-05 -8.8132e-05 -9.6494e-05 -1.0338e-04 -1.0839e-04 1.7159e-02 -1.1167e-04 -1.0977e-04 -1.0563e-04 -9.9531e-05 -9.1837e-05 -8.2989e-05 -7.3452e-05 -6.3682e-05 -5.4085e-05 -4.5002e-05 -3.6685e-05 -2.9301e-05 -2.2931e-05 -1.7584e-05 -1.3213e-05 -9.7295e-06 -7.0206e-06 -4.9645e-06 -3.4403e-06 -2.3365e-06 -1.5551e-06 -1.0144e-06 -6.4845e-07 -4.0628e-07 -2.4947e-07 -1.5014e-07 -8.8558e-08 -5.1196e-08 -2.9008e-08 -1.6109e-08 -8.7680e-09 -4.6775e-09 -2.4458e-09 -1.2534e-09 -6.2961e-10 -3.0998e-10 -1.4958e-10 -7.0749e-11 -3.2799e-11 -1.4903e-11 -6.6376e-12 -2.8975e-12 -1.2398e-12 -5.1995e-13 -2.1373e-13 -8.6116e-14 -3.4009e-14 -1.3165e-14 -4.9949e-15 -1.8576e-15 -6.7712e-16 -2.4193e-16 -8.4725e-17 -2.9083e-17 -9.7854e-18 -3.2272e-18 -1.0432e-18 -3.3054e-19 -1.0265e-19 -3.1249e-20 -9.3242e-21 -2.7270e-21 -7.8177e-22 -2.1967e-22 -6.0502e-23 -1.6334e-23 -4.3221e-24 -1.1210e-24 -2.8501e-25 -7.1023e-26 -1.7348e-26 -4.1535e-27 -9.7473e-28 -2.2422e-28 -5.0554e-29 -1.1173e-29 -2.4203e-30 -5.1391e-31 -1.0696e-31 -2.1820e-32 -4.3633e-33 -8.5521e-34 -1.6430e-34 -3.0941e-35 -5.7112e-36 -1.0333e-36 -1.8325e-37 -1.6606e-05 -2.3372e-05 -2.8382e-05 -3.2355e-05 -3.5530e-05 -3.7993e-05 -3.9772e-05 -4.0869e-05 -4.1280e-05 -4.1011e-05 -4.0084e-05 -3.8545e-05 0.0000e+00 -3.3922e-05 -3.1032e-05 -2.7909e-05 -2.4670e-05 -2.1428e-05 -1.8286e-05 -1.5329e-05 -1.2620e-05 -1.0203e-05 -8.0987e-06 -6.3112e-06 -4.8278e-06 -3.6249e-06 -2.6712e-06 -1.9317e-06 -1.3708e-06 -9.5446e-07 -6.5207e-07 -4.3706e-07 -2.8739e-07 -1.8539e-07 -1.1731e-07 -7.2818e-08 -4.4335e-08 -2.6477e-08 -1.5508e-08 -8.9092e-09 -5.0197e-09 -2.7737e-09 -1.5031e-09 -7.9883e-10 -4.1633e-10 -2.1278e-10 -1.0664e-10 -5.2412e-11 -2.5259e-11 -1.1937e-11 -5.5313e-12 -2.5133e-12 -1.1198e-12 -4.8918e-13 -2.0954e-13 -8.8004e-14 -3.6240e-14 -1.4633e-14 -5.7927e-15 -2.2484e-15 -8.5567e-16 -3.1927e-16 -1.1680e-16 -4.1890e-17 -1.4731e-17 -5.0785e-18 -1.7166e-18 -5.6884e-19 -1.8481e-19 -5.8865e-20 -1.8382e-20 -5.6276e-21 -1.6891e-21 -4.9701e-22 -1.4338e-22 -4.0548e-23 -1.1242e-23 -3.0557e-24 -8.1427e-25 -2.1271e-25 -5.4476e-26 -1.3677e-26 -3.3663e-27 -8.1226e-28 -1.9213e-28 -4.4554e-29 -1.0128e-29 -2.2572e-30 -4.9312e-31 -1.0561e-31 -2.2174e-32 -4.5638e-33 -9.2084e-34 -1.8214e-34 -3.5316e-35 -6.7129e-36 -1.2509e-36 -2.2849e-37 -4.0915e-38 -7.1821e-39
-1.3431e-05 -2.0055e-05 -2.6652e-05 -3.3974e-05 -4.2241e-05 -5.1423e-05 -6.1309e-05 -7.1556e-05 -8.1721e-05 -9.1306e-05 -9.9799e-05 -1.0672e-04 -1.1167e-04 1.9889e-02 -1.1462e-04 -1.1248e-04 -1.0807e-04 -1.0168e-04 -9.3697e-05 -8.4568e-05 -7.4769e-05 -6.4759e-05 -5.4951e-05 -4.5684e-05 -3.7213e-05 -2.9702e-05 -2.3230e-05 -1.7804e-05 -1.3371e-05 -9.8408e-06 -7.0977e-06 -5.0169e-06 -3.4752e-06 -2.3593e-06 -1.5697e-06 -1.0236e-06 -6.5415e-07 -4.0973e-07 -2.5153e-07 -1.5134e-07 -8.9244e-08 -5.1581e-08 -2.9220e-08 -1.6223e-08 -8.8286e-09 -4.7090e-09 -2.4618e-09 -1.2614e-09 -6.3354e-10 -3.1186e-10 -1.5047e-10 -7.1160e-11 -3.2985e-11 -1.4986e-11 -6.6736e-12 -2.9129e-12 -1.2462e-12 -5.2260e-13 -2.1480e-13 -8.6538e-14 -3.4173e-14 -1.3227e-14 -5.0180e-15 -1.8660e-15 -6.8014e-16 -2.4299e-16 -8.5090e-17 -2.9206e-17 -9.8262e-18 -3.2404e-18 -1.0474e-18 -3.3185e-19 -1.0305e-19 -3.1369e-20 -9.3595e-21 -2.7372e-21 -7.8463e-22 -2.2046e-22 -6.0718e-23 -1.6391e-23 -4.3371e-24 -1.1249e-24 -2.8597e-25 -7.1259e-26 -1.7405e-26 -4.1669e-27 -9.7784e-28 -2.2492e-28 -5.0711e-29 -1.1207e-29 -2.4276e-30 -5.1545e-31 -1.0728e-31 -2.1884e-32 -4.3759e-33 -8.5766e-34 -1.6477e-34 -3.1027e-35 -5.7269e-36 -1.0361e-36 -1.3173e-05 -1.8614e-05 -2.2752e-05 -2.6166e-05 -2.9046e-05 -3.1453e-05 -3.3391e-05 -3.4840e-05 -3.5766e-05 -3.6142e-05 -3.5954e-05 -3.5205e-05 -3.3922e-05 0.0000e+00 -2.9981e-05 -2.7484e-05 -2.4767e-05 -2.1934e-05 -1.9086e-05 -1.6315e-05 -1.3698e-05 -1.1294e-05 -9.1433e-06 -7.2671e-06 -5.6700e-06 -4.3422e-06 -3.2637e-06 -2.4074e-06 -1.7426e-06 -1.2377e-06 -8.6250e-07 -5.8971e-07 -3.9555e-07 -2.6028e-07 -1.6801e-07 -1.0639e-07 -6.6075e-08 -4.0253e-08 -2.4052e-08 -1.4095e-08 -8.1014e-09 -4.5667e-09 -2.5246e-09 -1.3687e-09 -7.2769e-10 -3.7940e-10 -1.9398e-10 -9.7257e-11 -4.7816e-11 -2.3052e-11 -1.0897e-11 -5.0512e-12 -2.2959e-12 -1.0232e-12 -4.4711e-13 -1.9157e-13 -8.0479e-14 -3.3150e-14 -1.3388e-14 -5.3013e-15 -2.0582e-15 -7.8344e-16 -2.9238e-16 -1.0698e-16 -3.8378e-17 -1.3498e-17 -4.6545e-18 -1.5736e-18 -5.2154e-19 -1.6947e-19 -5.3990e-20 -1.6862e-20 -5.1632e-21 -1.5499e-21 -4.5614e-22 -1.3161e-22 -3.7225e-23 -1.0322e-23 -2.8061e-24 -7.4784e-25 -1.9539e-25 -5.0045e-26 -1.2566e-26 -3.0933e-27 -7.4647e-28 -1.7659e-28 -4.0955e-29 -9.3113e-30 -2.0753e-30 -4.5344e-31 -9.7123e-32 -2.0394e-32 -4.1978e-33 -8.4708e-34 -1.6756e-34 -3.2494e-35 -6.1770e-36 -1.1511e-36 -2.1029e-37 -3.7659e-38
-1.0447e-05 -1.5786e-05 -2.1344e-05 -2.7764e-05 -3.5269e-05 -4.3873e-05 -5.3431e-05 -6.3672e-05 -7.4215e-05 -8.4601e-05 -9.4323e-05 -1.0287e-04 -1.0977e-04 -1.1462e-04 2.2818e-02 -1.1723e-04 -1.1485e-04 -1.1020e-04 -1.0355e-04 -9.5312e-05 -8.5937e-05 -7.5908e-05 -6.5691e-05 -5.5699e-05 -4.6274e-05 -3.7670e-05 -3.0049e-05 -2.3489e-05 -1.7993e-05 -1.3507e-05 -9.9369e-06 -7.1642e-06 -5.0621e-06 -3.5054e-06 -2.3790e-06 -1.5824e-06 -1.0316e-06 -6.5908e-07 -4.1272e-07 -2.5331e-07 -1.5237e-07 -8.9837e-08 -5.1914e-08 -2.9403e-08 -1.6322e-08 -8.8811e-09 -4.7363e-09 -2.4757e-09 -1.2684e-09 -6.3693e-10 -3.1350e-10 -1.5124e-10 -7.1516e-11 -3.3146e-11 -1.5058e-11 -6.7048e-12 -2.9263e-12 -1.2518e-12 -5.2489e-13 -2.1573e-13 -8.6903e-14 -3.4314e-14 -1.3281e-14 -5.0380e-15 -1.8733e-15 -6.8275e-16 -2.4391e-16 -8.5406e-17 -2.9313e-17 -9.8615e-18 -3.2518e-18 -1.0510e-18 -3.3298e-19 -1.0340e-19 -3.1473e-20 -9.3900e-21 -2.7460e-21 -7.8712e-22 -2.2115e-22 -6.0904e-23 -1.6441e-23 -4.3500e-24 -1.1282e-24 -2.8680e-25 -7.1464e-26 -1.7454e-26 -4.1786e-27 -9.8054e-28 -2.2553e-28 -5.0848e-29 -1.1237e-29 -2.4340e-30 -5.1679e-31 -1.0755e-31 -2.1939e-32 -4.3868e-33 -8.5977e-34 -1.6517e-34 -3.1102e-35 -5.7406e-36 -1.0218e-05 -1.4500e-05 -1.7846e-05 -2.0717e-05 -2.3261e-05 -2.5524e-05 -2.7498e-05 -2.9148e-05 -3.0428e-05 -3.1290e-05 -3.1692e-05 -3.1608e-05 -3.1032e-05 -2.9981e-05 0.0000e+00 -2.6630e-05 -2.4467e-05 -2.2095e-05 -1.9607e-05 -1.7092e-05 -1.4635e-05 -1.2307e-05 -1.0162e-05 -8.2381e-06 -6.5560e-06 -5.1212e-06 -3.9263e-06 -2.9542e-06 -2.1812e-06 -1.5803e-06 -1.1234e-06 -7.8350e-07 -5.3610e-07 -3.5986e-07 -2.3696e-07 -1.5306e-07 -9.6976e-08 -6.0266e-08 -3.6735e-08 -2.1961e-08 -1.2877e-08 -7.4047e-09 -4.1760e-09 -2.3096e-09 -1.2527e-09 -6.6628e-10 -3.4752e-10 -1.7775e-10 -8.9150e-11 -4.3845e-11 -2.1145e-11 -9.9989e-12 -4.6363e-12 -2.1079e-12 -9.3969e-13 -4.1074e-13 -1.7603e-13 -7.3972e-14 -3.0477e-14 -1.2312e-14 -4.8763e-15 -1.8936e-15 -7.2095e-16 -2.6912e-16 -9.8490e-17 -3.5339e-17 -1.2432e-17 -4.2876e-18 -1.4498e-18 -4.8061e-19 -1.5620e-19 -4.9769e-20 -1.5547e-20 -4.7612e-21 -1.4295e-21 -4.2075e-22 -1.2141e-22 -3.4347e-23 -9.5256e-24 -2.5899e-24 -6.9031e-25 -1.8038e-25 -4.6207e-26 -1.1604e-26 -2.8568e-27 -6.8948e-28 -1.6313e-28 -3.7837e-29 -8.6034e-30 -1.9177e-30 -4.1906e-31 -8.9769e-32 -1.8851e-32 -3.8808e-33 -7.8317e-34 -1.5494e-34 -3.0048e-35 -5.7126e-36 -1.0647e-36 -1.9451e-37
-7.9495e-06 -1.2164e-05 -1.6744e-05 -2.2236e-05 -2.8862e-05 -3.6683e-05 -4.5626e-05 -5.5502e-05 -6.6011e-05 -7.6761e-05 -8.7285e-05 -9.7078e-05 -1.0563e-04 -1.1248e-04 -1.1723e-04 2.5947e-02 -1.1951e-04 -1.1693e-04 -1.1205e-04 -1.0518e-04 -9.6713e-05 -8.7125e-05 -7.6897e-05 -6.6499e-05 -5.6347e-05 -4.6785e-05 -3.8066e-05 -3.0350e-05 -2.3714e-05 -1.8158e-05 -1.3626e-05 -1.0020e-05 -7.2221e-06 -5.1014e-06 -3.5316e-06 -2.3962e-06 -1.5934e-06 -1.0385e-06 -6.6338e-07 -4.1533e-07 -2.5486e-07 -1.5328e-07 -9.0355e-08 -5.2204e-08 -2.9563e-08 -1.6409e-08 -8.9269e-09 -4.7600e-09 -2.4878e-09 -1.2744e-09 -6.3990e-10 -3.1492e-10 -1.5191e-10 -7.1827e-11 -3.3287e-11 -1.5120e-11 -6.7321e-12 -2.9379e-12 -1.2567e-12 -5.2690e-13 -2.1653e-13 -8.7223e-14 -3.4438e-14 -1.3328e-14 -5.0555e-15 -1.8797e-15 -6.8504e-16 -2.4471e-16 -8.5683e-17 -2.9406e-17 -9.8923e-18 -3.2618e-18 -1.0542e-18 -3.3397e-19 -1.0370e-19 -3.1564e-20 -9.4167e-21 -2.7537e-21 -7.8929e-22 -2.2175e-22 -6.1068e-23 -1.6484e-23 -4.3614e-24 -1.1311e-24 -2.8753e-25 -7.1642e-26 -1.7497e-26 -4.1888e-27 -9.8290e-28 -2.2607e-28 -5.0967e-29 -1.1263e-29 -2.4396e-30 -5.1795e-31 -1.0779e-31 -2.1988e-32 -4.3964e-33 -8.6163e-34 -1.6552e-34 -3.1168e-35 -7.7519e-06 -1.1051e-05 -1.3702e-05 -1.6064e-05 -1.8255e-05 -2.0309e-05 -2.2215e-05 -2.3936e-05 -2.5420e-05 -2.6610e-05 -2.7450e-05 -2.7893e-05 -2.7909e-05 -2.7484e-05 -2.6630e-05 0.0000e+00 -2.3775e-05 -2.1895e-05 -1.9814e-05 -1.7616e-05 -1.5385e-05 -1.3195e-05 -1.1113e-05 -9.1892e-06 -7.4593e-06 -5.9436e-06 -4.6482e-06 -3.5675e-06 -2.6869e-06 -1.9858e-06 -1.4400e-06 -1.0245e-06 -7.1510e-07 -4.8967e-07 -3.2892e-07 -2.1674e-07 -1.4008e-07 -8.8809e-08 -5.5223e-08 -3.3679e-08 -2.0145e-08 -1.1818e-08 -6.7990e-09 -3.8361e-09 -2.1225e-09 -1.1517e-09 -6.1282e-10 -3.1976e-10 -1.6361e-10 -8.2089e-11 -4.0386e-11 -1.9483e-11 -9.2161e-12 -4.2746e-12 -1.9440e-12 -8.6688e-13 -3.7902e-13 -1.6248e-13 -6.8296e-14 -2.8145e-14 -1.1372e-14 -4.5053e-15 -1.7499e-15 -6.6640e-16 -2.4881e-16 -9.1077e-17 -3.2686e-17 -1.1501e-17 -3.9672e-18 -1.3417e-18 -4.4485e-19 -1.4460e-19 -4.6083e-20 -1.4398e-20 -4.4099e-21 -1.3242e-21 -3.8983e-22 -1.1251e-22 -3.1832e-23 -8.8294e-24 -2.4009e-24 -6.4004e-25 -1.6727e-25 -4.2853e-26 -1.0763e-26 -2.6501e-27 -6.3967e-28 -1.5136e-28 -3.5112e-29 -7.9846e-30 -1.7800e-30 -3.8900e-31 -8.3338e-32 -1.7503e-32 -3.6035e-33 -7.2729e-34 -1.4390e-34 -2.7909e-35 -5.3065e-36 -9.8907e-37
