1.0233e-08 -1.4142e-08 -2.5981e-08 -4.0000e-08 -5.5900e-08 -7.3481e-08 -9.2592e-08 -1.1312e-07 -1.3496e-07 -1.5805e-07 -1.8231e-07 -2.0767e-07 -2.3409e-07 -2.6151e-07 -2.8989e-07 -3.1916e-07 -3.4930e-07 -3.8024e-07 -4.1194e-07 -4.4436e-07 -4.7744e-07 -5.1113e-07 -5.4538e-07 -5.8013e-07 -6.1531e-07 -6.5087e-07 -6.8673e-07 -7.2282e-07 -7.5907e-07 -7.9539e-07 -8.3171e-07 -8.6792e-07 -9.0394e-07 -9.3967e-07 -9.7500e-07 -1.0098e-06 -1.0440e-06 -1.0775e-06 -1.1101e-06 -1.1418e-06 -1.1723e-06 -1.2017e-06 -1.2297e-06 -1.2561e-06 -1.2810e-06 -1.3041e-06 -1.3254e-06 -1.3447e-06 -1.3618e-06 -1.3767e-06 -1.3893e-06 -1.3995e-06 -1.4071e-06 -1.4120e-06 -1.4143e-06 -1.4139e-06 -1.4106e-06 -1.4045e-06 -1.3956e-06 -1.3838e-06 -1.3691e-06 -1.3517e-06 -1.3314e-06 -1.3085e-06 -1.2830e-06 -1.2550e-06 -1.2247e-06 -1.1921e-06 -1.1574e-06 -1.1208e-06 -1.0825e-06 -1.0426e-06 -1.0014e-06 -9.5917e-07 -9.1603e-07 -8.7223e-07 -8.2801e-07 -7.8360e-07 -7.3923e-07 -6.9512e-07 -6.5148e-07 -6.0852e-07 -5.6644e-07 -5.2541e-07 -4.8560e-07 -4.4716e-07 -4.1023e-07 -3.7490e-07 -3.4128e-07 -3.0944e-07 -2.7942e-07 -2.5128e-07 -2.2501e-07 -2.0061e-07 -1.7808e-07 -1.5737e-07 -1.3843e-07 -1.2120e-07 -1.0561e-07 -9.1578e-08 0.0000e+00 -1.4142e-08 -2.5981e-08 -4.0000e-08 -5.5900e-08 -7.3481e-08 -9.2592e-08 -1.1312e-07 -1.3496e-07 -1.5805e-07 -1.8231e-07 -2.0767e-07 -2.3409e-07 -2.6151e-07 -2.8989e-07 -3.1916e-07 -3.4930e-07 -3.8024e-07 -4.1194e-07 -4.4436e-07 -4.7744e-07 -5.1113e-07 -5.4538e-07 -5.8013e-07 -6.1531e-07 -6.5087e-07 -6.8673e-07 -7.2282e-07 -7.5907e-07 -7.9539e-07 -8.3171e-07 -8.6792e-07 -9.0394e-07 -9.3967e-07 -9.7500e-07 -1.0098e-06 -1.0440e-06 -1.0775e-06 -1.1101e-06 -1.1418e-06 -1.1723e-06 -1.2017e-06 -1.2297e-06 -1.2561e-06 -1.2810e-06 -1.3041e-06 -1.3254e-06 -1.3447e-06 -1.3618e-06 -1.3767e-06 -1.3893e-06 -1.3995e-06 -1.4071e-06 -1.4120e-06 -1.4143e-06 -1.4139e-06 -1.4106e-06 -1.4045e-06 -1.3956e-06 -1.3838e-06 -1.3691e-06 -1.3517e-06 -1.3314e-06 -1.3085e-06 -1.2830e-06 -1.2550e-06 -1.2247e-06 -1.1921e-06 -1.1574e-06 -1.1208e-06 -1.0825e-06 -1.0426e-06 -1.0014e-06 -9.5917e-07 -9.1603e-07 -8.7223e-07 -8.2801e-07 -7.8360e-07 -7.3923e-07 -6.9512e-07 -6.5148e-07 -6.0852e-07 -5.6644e-07 -5.2541e-07 -4.8560e-07 -4.4716e-07 -4.1023e-07 -3.7490e-07 -3.4128e-07 -3.0944e-07 -2.7942e-07 -2.5128e-07 -2.2501e-07 -2.0061e-07 -1.7808e-07 -1.5737e-07 -1.3843e-07 -1.2120e-07 -1.0561e-07 -9.1578e-08
-1.4142e-08 1.6319e-07 -7.3484e-08 -1.1314e-07 -1.5811e-07 -2.0784e-07 -2.6189e-07 -3.1995e-07 -3.8174e-07 -4.4703e-07 -5.1564e-07 -5.8739e-07 -6.6212e-07 -7.3967e-07 -8.1992e-07 -9.0273e-07 -9.8796e-07 -1.0755e-06 -1.1651e-06 -1.2568e-06 -1.3504e-06 -1.4457e-06 -1.5426e-06 -1.6408e-06 -1.7404e-06 -1.8409e-06 -1.9424e-06 -2.0444e-06 -2.1470e-06 -2.2497e-06 -2.3524e-06 -2.4548e-06 -2.5567e-06 -2.6578e-06 -2.7577e-06 -2.8562e-06 -2.9530e-06 -3.0477e-06 -3.1400e-06 -3.2295e-06 -3.3159e-06 -3.3989e-06 -3.4780e-06 -3.5529e-06 -3.6233e-06 -3.6887e-06 -3.7488e-06 -3.8033e-06 -3.8518e-06 -3.8940e-06 -3.9296e-06 -3.9583e-06 -3.9798e-06 -3.9939e-06 -4.0003e-06 -3.9990e-06 -3.9898e-06 -3.9725e-06 -3.9472e-06 -3.9138e-06 -3.8724e-06 -3.8231e-06 -3.7659e-06 -3.7011e-06 -3.6290e-06 -3.5498e-06 -3.4639e-06 -3.3717e-06 -3.2736e-06 -3.1700e-06 -3.0617e-06 -2.9489e-06 -2.8325e-06 -2.7130e-06 -2.5909e-06 -2.4670e-06 -2.3420e-06 -2.2164e-06 -2.0909e-06 -1.9661e-06 -1.8427e-06 -1.7212e-06 -1.6021e-06 -1.4861e-06 -1.3735e-06 -1.2648e-06 -1.1603e-06 -1.0604e-06 -9.6529e-07 -8.7522e-07 -7.9033e-07 -7.1072e-07 -6.3642e-07 -5.6742e-07 -5.0369e-07 -4.4510e-07 -3.9153e-07 -3.4280e-07 -2.9871e-07 -2.5902e-07 -1.4142e-08 0.0000e+00 -7.3484e-08 -1.1314e-07 -1.5811e-07 -2.0784e-07 -2.6189e-07 -3.1995e-07 -3.8174e-07 -4.4703e-07 -5.1564e-07 -5.8739e-07 -6.6212e-07 -7.3967e-07 -8.1992e-07 -9.0273e-07 -9.8796e-07 -1.0755e-06 -1.1651e-06 -1.2568e-06 -1.3504e-06 -1.4457e-06 -1.5426e-06 -1.6408e-06 -1.7404e-06 -1.8409e-06 -1.9424e-06 -2.0444e-06 -2.1470e-06 -2.2497e-06 -2.3524e-06 -2.4548e-06 -2.5567e-06 -2.6578e-06 -2.7577e-06 -2.8562e-06 -2.9530e-06 -3.0477e-06 -3.1400e-06 -3.2295e-06 -3.3159e-06 -3.3989e-06 -3.4780e-06 -3.5529e-06 -3.6233e-06 -3.6887e-06 -3.7488e-06 -3.8033e-06 -3.8518e-06 -3.8940e-06 -3.9296e-06 -3.9583e-06 -3.9798e-06 -3.9939e-06 -4.0003e-06 -3.9990e-06 -3.9898e-06 -3.9725e-06 -3.9472e-06 -3.9138e-06 -3.8724e-06 -3.8231e-06 -3.7659e-06 -3.7011e-06 -3.6290e-06 -3.5498e-06 -3.4639e-06 -3.3717e-06 -3.2736e-06 -3.1700e-06 -3.0617e-06 -2.9489e-06 -2.8325e-06 -2.7130e-06 -2.5909e-06 -2.4670e-06 -2.3420e-06 -2.2164e-06 -2.0909e-06 -1.9661e-06 -1.8427e-06 -1.7212e-06 -1.6021e-06 -1.4861e-06 -1.3735e-06 -1.2648e-06 -1.1603e-06 -1.0604e-06 -9.6529e-07 -8.7522e-07 -7.9033e-07 -7.1071e-07 -6.3641e-07 -5.6742e-07 -5.0368e-07 -4.4510e-07 -3.9153e-07 -3.4280e-07 -2.9870e-07 -2.5902e-07
-2.5981e-08 -7.3484e-08 8.2611e-07 -2.0784e-07 -2.9047e-07 -3.8182e-07 -4.8112e-07 -5.8778e-07 -7.0129e-07 -8.2125e-07 -9.4729e-07 -1.0791e-06 -1.2164e-06 -1.3589e-06 -1.5063e-06 -1.6584e-06 -1.8150e-06 -1.9758e-06 -2.1405e-06 -2.3090e-06 -2.4809e-06 -2.6559e-06 -2.8339e-06 -3.0144e-06 -3.1972e-06 -3.3820e-06 -3.5683e-06 -3.7559e-06 -3.9442e-06 -4.1330e-06 -4.3217e-06 -4.5098e-06 -4.6970e-06 -4.8826e-06 -5.0662e-06 -5.2472e-06 -5.4249e-06 -5.5989e-06 -5.7684e-06 -5.9329e-06 -6.0917e-06 -6.2441e-06 -6.3894e-06 -6.5271e-06 -6.6563e-06 -6.7765e-06 -6.8870e-06 -6.9871e-06 -7.0762e-06 -7.1537e-06 -7.2191e-06 -7.2718e-06 -7.3113e-06 -7.3372e-06 -7.3491e-06 -7.3467e-06 -7.3297e-06 -7.2980e-06 -7.2515e-06 -7.1902e-06 -7.1141e-06 -7.0234e-06 -6.9184e-06 -6.7994e-06 -6.6669e-06 -6.5214e-06 -6.3636e-06 -6.1942e-06 -6.0139e-06 -5.8238e-06 -5.6246e-06 -5.4176e-06 -5.2037e-06 -4.9840e-06 -4.7598e-06 -4.5322e-06 -4.3025e-06 -4.0717e-06 -3.8412e-06 -3.6119e-06 -3.3852e-06 -3.1620e-06 -2.9433e-06 -2.7301e-06 -2.5233e-06 -2.3236e-06 -2.1316e-06 -1.9481e-06 -1.7734e-06 -1.6079e-06 -1.4519e-06 -1.3057e-06 -1.1692e-06 -1.0424e-06 -9.2534e-07 -8.1771e-07 -7.1929e-07 -6.2977e-07 -5.4876e-07 -4.7586e-07 -2.5981e-08 -7.3484e-08 0.0000e+00 -2.0784e-07 -2.9047e-07 -3.8182e-07 -4.8112e-07 -5.8778e-07 -7.0129e-07 -8.2125e-07 -9.4729e-07 -1.0791e-06 -1.2164e-06 -1.3589e-06 -1.5063e-06 -1.6584e-06 -1.8150e-06 -1.9758e-06 -2.1405e-06 -2.3090e-06 -2.4809e-06 -2.6559e-06 -2.8339e-06 -3.0144e-06 -3.1972e-06 -3.3820e-06 -3.5683e-06 -3.7559e-06 -3.9442e-06 -4.1330e-06 -4.3217e-06 -4.5098e-06 -4.6970e-06 -4.8826e-06 -5.0662e-06 -5.2472e-06 -5.4249e-06 -5.5989e-06 -5.7684e-06 -5.9329e-06 -6.0917e-06 -6.2441e-06 -6.3894e-06 -6.5271e-06 -6.6563e-06 -6.7765e-06 -6.8870e-06 -6.9871e-06 -7.0762e-06 -7.1537e-06 -7.2191e-06 -7.2718e-06 -7.3113e-06 -7.3372e-06 -7.3491e-06 -7.3467e-06 -7.3297e-06 -7.2980e-06 -7.2515e-06 -7.1902e-06 -7.1141e-06 -7.0234e-06 -6.9184e-06 -6.7994e-06 -6.6669e-06 -6.5214e-06 -6.3636e-06 -6.1942e-06 -6.0139e-06 -5.8237e-06 -5.6246e-06 -5.4176e-06 -5.2036e-06 -4.9840e-06 -4.7598e-06 -4.5322e-06 -4.3025e-06 -4.0717e-06 -3.8411e-06 -3.6119e-06 -3.3852e-06 -3.1620e-06 -2.9433e-06 -2.7301e-06 -2.5233e-06 -2.3235e-06 -2.1316e-06 -1.9480e-06 -1.7733e-06 -1.6079e-06 -1.4519e-06 -1.3057e-06 -1.1692e-06 -1.0424e-06 -9.2533e-07 -8.1770e-07 -7.1928e-07 -6.2976e-07 -5.4876e-07 -4.7586e-07
-4.0000e-08 -1.1314e-07 -2.0784e-07 2.6109e-06 -4.4720e-07 -5.8784e-07 -7.4073e-07 -9.0494e-07 -1.0797e-06 -1.2644e-06 -1.4584e-06 -1.6614e-06 -1.8727e-06 -2.0921e-06 -2.3191e-06 -2.5533e-06 -2.7943e-06 -3.0419e-06 -3.2955e-06 -3.5548e-06 -3.8195e-06 -4.0890e-06 -4.3630e-06 -4.6410e-06 -4.9224e-06 -5.2069e-06 -5.4938e-06 -5.7825e-06 -6.0725e-06 -6.3631e-06 -6.6536e-06 -6.9433e-06 -7.2314e-06 -7.5173e-06 -7.7999e-06 -8.0785e-06 -8.3522e-06 -8.6200e-06 -8.8811e-06 -9.1343e-06 -9.3787e-06 -9.6133e-06 -9.8371e-06 -1.0049e-05 -1.0248e-05 -1.0433e-05 -1.0603e-05 -1.0757e-05 -1.0894e-05 -1.1014e-05 -1.1114e-05 -1.1196e-05 -1.1256e-05 -1.1296e-05 -1.1315e-05 -1.1311e-05 -1.1285e-05 -1.1236e-05 -1.1164e-05 -1.1070e-05 -1.0953e-05 -1.0813e-05 -1.0652e-05 -1.0468e-05 -1.0264e-05 -1.0040e-05 -9.7974e-06 -9.5366e-06 -9.2591e-06 -8.9663e-06 -8.6597e-06 -8.3409e-06 -8.0116e-06 -7.6735e-06 -7.3283e-06 -6.9779e-06 -6.6241e-06 -6.2689e-06 -5.9139e-06 -5.5610e-06 -5.2119e-06 -4.8682e-06 -4.5316e-06 -4.2034e-06 -3.8849e-06 -3.5774e-06 -3.2819e-06 -2.9993e-06 -2.7303e-06 -2.4756e-06 -2.2355e-06 -2.0103e-06 -1.8001e-06 -1.6050e-06 -1.4247e-06 -1.2590e-06 -1.1075e-06 -9.6962e-07 -8.4490e-07 -7.3266e-07 -4.0000e-08 -1.1314e-07 -2.0784e-07 0.0000e+00 -4.4720e-07 -5.8784e-07 -7.4073e-07 -9.0494e-07 -1.0797e-06 -1.2644e-06 -1.4584e-06 -1.6614e-06 -1.8727e-06 -2.0921e-06 -2.3191e-06 -2.5533e-06 -2.7943e-06 -3.0419e-06 -3.2955e-06 -3.5548e-06 -3.8195e-06 -4.0890e-06 -4.3630e-06 -4.6410e-06 -4.9224e-06 -5.2069e-06 -5.4938e-06 -5.7825e-06 -6.0725e-06 -6.3631e-06 -6.6536e-06 -6.9433e-06 -7.2314e-06 -7.5173e-06 -7.7999e-06 -8.0785e-06 -8.3522e-06 -8.6200e-06 -8.8810e-06 -9.1343e-06 -9.3787e-06 -9.6133e-06 -9.8371e-06 -1.0049e-05 -1.0248e-05 -1.0433e-05 -1.0603e-05 -1.0757e-05 -1.0894e-05 -1.1014e-05 -1.1114e-05 -1.1196e-05 -1.1256e-05 -1.1296e-05 -1.1315e-05 -1.1311e-05 -1.1285e-05 -1.1236e-05 -1.1164e-05 -1.1070e-05 -1.0953e-05 -1.0813e-05 -1.0652e-05 -1.0468e-05 -1.0264e-05 -1.0040e-05 -9.7974e-06 -9.5365e-06 -9.2590e-06 -8.9662e-06 -8.6596e-06 -8.3408e-06 -8.0115e-06 -7.6734e-06 -7.3282e-06 -6.9778e-06 -6.6241e-06 -6.2688e-06 -5.9138e-06 -5.5609e-06 -5.2118e-06 -4.8682e-06 -4.5315e-06 -4.2033e-06 -3.8848e-06 -3.5773e-06 -3.2818e-06 -2.9992e-06 -2.7302e-06 -2.4755e-06 -2.2354e-06 -2.0102e-06 -1.8001e-06 -1.6049e-06 -1.4246e-06 -1.2589e-06 -1.1074e-06 -9.6958e-07 -8.4487e-07 -7.3263e-07
-5.5900e-08 -1.5811e-07 -2.9047e-07 -4.4720e-07 6.3743e-06 -8.2152e-07 -1.0352e-06 -1.2647e-06 -1.5089e-06 -1.7670e-06 -2.0382e-06 -2.3218e-06 -2.6172e-06 -2.9237e-06 -3.2409e-06 -3.5683e-06 -3.9051e-06 -4.2511e-06 -4.6055e-06 -4.9680e-06 -5.3378e-06 -5.7145e-06 -6.0974e-06 -6.4859e-06 -6.8792e-06 -7.2767e-06 -7.6776e-06 -8.0812e-06 -8.4864e-06 -8.8925e-06 -9.2985e-06 -9.7034e-06 -1.0106e-05 -1.0506e-05 -1.0901e-05 -1.1290e-05 -1.1672e-05 -1.2047e-05 -1.2411e-05 -1.2765e-05 -1.3107e-05 -1.3435e-05 -1.3748e-05 -1.4044e-05 -1.4322e-05 -1.4581e-05 -1.4818e-05 -1.5034e-05 -1.5225e-05 -1.5392e-05 -1.5533e-05 -1.5646e-05 -1.5731e-05 -1.5787e-05 -1.5813e-05 -1.5807e-05 -1.5771e-05 -1.5703e-05 -1.5603e-05 -1.5471e-05 -1.5307e-05 -1.5112e-05 -1.4886e-05 -1.4630e-05 -1.4345e-05 -1.4032e-05 -1.3692e-05 -1.3328e-05 -1.2940e-05 -1.2531e-05 -1.2102e-05 -1.1657e-05 -1.1197e-05 -1.0724e-05 -1.0242e-05 -9.7520e-06 -9.2577e-06 -8.7612e-06 -8.2651e-06 -7.7719e-06 -7.2840e-06 -6.8038e-06 -6.3333e-06 -5.8745e-06 -5.4295e-06 -4.9997e-06 -4.5868e-06 -4.1918e-06 -3.8159e-06 -3.4599e-06 -3.1243e-06 -2.8096e-06 -2.5159e-06 -2.2431e-06 -1.9912e-06 -1.7596e-06 -1.5478e-06 -1.3552e-06 -1.1809e-06 -1.0240e-06 -5.5900e-08 -1.5811e-07 -2.9047e-07 -4.4720e-07 0.0000e+00 -8.2152e-07 -1.0352e-06 -1.2647e-06 -1.5089e-06 -1.7670e-06 -2.0382e-06 -2.3218e-06 -2.6172e-06 -2.9237e-06 -3.2409e-06 -3.5683e-06 -3.9051e-06 -4.2511e-06 -4.6055e-06 -4.9680e-06 -5.3378e-06 -5.7145e-06 -6.0974e-06 -6.4859e-06 -6.8792e-06 -7.2767e-06 -7.6776e-06 -8.0812e-06 -8.4864e-06 -8.8925e-06 -9.2985e-06 -9.7034e-06 -1.0106e-05 -1.0506e-05 -1.0901e-05 -1.1290e-05 -1.1672e-05 -1.2047e-05 -1.2411e-05 -1.2765e-05 -1.3107e-05 -1.3435e-05 -1.3748e-05 -1.4044e-05 -1.4322e-05 -1.4580e-05 -1.4818e-05 -1.5034e-05 -1.5225e-05 -1.5392e-05 -1.5533e-05 -1.5646e-05 -1.5731e-05 -1.5787e-05 -1.5812e-05 -1.5807e-05 -1.5771e-05 -1.5703e-05 -1.5603e-05 -1.5471e-05 -1.5307e-05 -1.5112e-05 -1.4886e-05 -1.4630e-05 -1.4345e-05 -1.4032e-05 -1.3692e-05 -1.3328e-05 -1.2940e-05 -1.2531e-05 -1.2102e-05 -1.1657e-05 -1.1196e-05 -1.0724e-05 -1.0241e-05 -9.7517e-06 -9.2574e-06 -8.7609e-06 -8.2648e-06 -7.7716e-06 -7.2837e-06 -6.8034e-06 -6.3330e-06 -5.8743e-06 -5.4292e-06 -4.9995e-06 -4.5865e-06 -4.1915e-06 -3.8156e-06 -3.4596e-06 -3.1241e-06 -2.8094e-06 -2.5157e-06 -2.2430e-06 -1.9910e-06 -1.7594e-06 -1.5477e-06 -1.3551e-06 -1.1808e-06 -1.0239e-06
-7.3481e-08 -2.0784e-07 -3.8182e-07 -5.8784e-07 -8.2152e-07 1.3218e-05 -1.3608e-06 -1.6624e-06 -1.9835e-06 -2.3227e-06 -2.6792e-06 -3.0520e-06 -3.4403e-06 -3.8433e-06 -4.2602e-06 -4.6905e-06 -5.1333e-06 -5.5880e-06 -6.0540e-06 -6.5304e-06 -7.0166e-06 -7.5117e-06 -8.0150e-06 -8.5257e-06 -9.0427e-06 -9.5653e-06 -1.0092e-05 -1.0623e-05 -1.1155e-05 -1.1689e-05 -1.2223e-05 -1.2755e-05 -1.3285e-05 -1.3810e-05 -1.4329e-05 -1.4841e-05 -1.5343e-05 -1.5835e-05 -1.6315e-05 -1.6780e-05 -1.7229e-05 -1.7660e-05 -1.8071e-05 -1.8461e-05 -1.8826e-05 -1.9166e-05 -1.9479e-05 -1.9762e-05 -2.0014e-05 -2.0233e-05 -2.0418e-05 -2.0567e-05 -2.0679e-05 -2.0752e-05 -2.0786e-05 -2.0779e-05 -2.0731e-05 -2.0642e-05 -2.0510e-05 -2.0337e-05 -2.0122e-05 -1.9865e-05 -1.9568e-05 -1.9232e-05 -1.8857e-05 -1.8446e-05 -1.7999e-05 -1.7520e-05 -1.7010e-05 -1.6472e-05 -1.5909e-05 -1.5324e-05 -1.4719e-05 -1.4098e-05 -1.3463e-05 -1.2820e-05 -1.2170e-05 -1.1517e-05 -1.0865e-05 -1.0217e-05 -9.5755e-06 -8.9442e-06 -8.3257e-06 -7.7227e-06 -7.1377e-06 -6.5727e-06 -6.0298e-06 -5.5106e-06 -5.0165e-06 -4.5485e-06 -4.1073e-06 -3.6936e-06 -3.3075e-06 -2.9490e-06 -2.6177e-06 -2.3133e-06 -2.0349e-06 -1.7816e-06 -1.5525e-06 -1.3463e-06 -7.3481e-08 -2.0784e-07 -3.8182e-07 -5.8784e-07 -8.2152e-07 0.0000e+00 -1.3608e-06 -1.6624e-06 -1.9835e-06 -2.3227e-06 -2.6792e-06 -3.0520e-06 -3.4403e-06 -3.8433e-06 -4.2602e-06 -4.6905e-06 -5.1333e-06 -5.5880e-06 -6.0540e-06 -6.5304e-06 -7.0166e-06 -7.5117e-06 -8.0150e-06 -8.5257e-06 -9.0427e-06 -9.5652e-06 -1.0092e-05 -1.0623e-05 -1.1155e-05 -1.1689e-05 -1.2223e-05 -1.2755e-05 -1.3284e-05 -1.3810e-05 -1.4329e-05 -1.4841e-05 -1.5343e-05 -1.5835e-05 -1.6315e-05 -1.6780e-05 -1.7229e-05 -1.7660e-05 -1.8071e-05 -1.8461e-05 -1.8826e-05 -1.9166e-05 -1.9478e-05 -1.9762e-05 -2.0014e-05 -2.0233e-05 -2.0418e-05 -2.0567e-05 -2.0679e-05 -2.0752e-05 -2.0785e-05 -2.0779e-05 -2.0731e-05 -2.0641e-05 -2.0510e-05 -2.0336e-05 -2.0121e-05 -1.9864e-05 -1.9567e-05 -1.9231e-05 -1.8856e-05 -1.8445e-05 -1.7998e-05 -1.7519e-05 -1.7009e-05 -1.6472e-05 -1.5908e-05 -1.5323e-05 -1.4718e-05 -1.4097e-05 -1.3463e-05 -1.2819e-05 -1.2169e-05 -1.1516e-05 -1.0864e-05 -1.0216e-05 -9.5747e-06 -8.9433e-06 -8.3249e-06 -7.7219e-06 -7.1369e-06 -6.5720e-06 -6.0291e-06 -5.5100e-06 -5.0158e-06 -4.5478e-06 -4.1067e-06 -3.6931e-06 -3.3070e-06 -2.9485e-06 -2.6173e-06 -2.3129e-06 -2.0345e-06 -1.7813e-06 -1.5522e-06 -1.3460e-06
-9.2592e-08 -2.6189e-07 -4.8112e-07 -7.4073e-07 -1.0352e-06 -1.3608e-06 2.4488e-05 -2.0948e-06 -2.4993e-06 -2.9269e-06 -3.3761e-06 -3.8458e-06 -4.3351e-06 -4.8428e-06 -5.3683e-06 -5.9104e-06 -6.4684e-06 -7.0414e-06 -7.6286e-06 -8.2289e-06 -8.8415e-06 -9.4654e-06 -1.0100e-05 -1.0743e-05 -1.1395e-05 -1.2053e-05 -1.2717e-05 -1.3386e-05 -1.4057e-05 -1.4730e-05 -1.5402e-05 -1.6073e-05 -1.6740e-05 -1.7401e-05 -1.8056e-05 -1.8701e-05 -1.9334e-05 -1.9954e-05 -2.0558e-05 -2.1145e-05 -2.1710e-05 -2.2254e-05 -2.2772e-05 -2.3262e-05 -2.3723e-05 -2.4151e-05 -2.4545e-05 -2.4902e-05 -2.5220e-05 -2.5496e-05 -2.5729e-05 -2.5917e-05 -2.6058e-05 -2.6150e-05 -2.6193e-05 -2.6184e-05 -2.6124e-05 -2.6011e-05 -2.5845e-05 -2.5627e-05 -2.5356e-05 -2.5033e-05 -2.4659e-05 -2.4235e-05 -2.3763e-05 -2.3244e-05 -2.2682e-05 -2.2078e-05 -2.1436e-05 -2.0758e-05 -2.0048e-05 -1.9311e-05 -1.8548e-05 -1.7766e-05 -1.6967e-05 -1.6155e-05 -1.5337e-05 -1.4514e-05 -1.3692e-05 -1.2876e-05 -1.2067e-05 -1.1272e-05 -1.0492e-05 -9.7326e-06 -8.9953e-06 -8.2834e-06 -7.5993e-06 -6.9450e-06 -6.3223e-06 -5.7325e-06 -5.1765e-06 -4.6552e-06 -4.1686e-06 -3.7167e-06 -3.2993e-06 -2.9156e-06 -2.5647e-06 -2.2456e-06 -1.9568e-06 -1.6969e-06 -9.2592e-08 -2.6189e-07 -4.8112e-07 -7.4073e-07 -1.0352e-06 -1.3608e-06 0.0000e+00 -2.0948e-06 -2.4993e-06 -2.9269e-06 -3.3761e-06 -3.8458e-06 -4.3351e-06 -4.8428e-06 -5.3683e-06 -5.9104e-06 -6.4684e-06 -7.0414e-06 -7.6285e-06 -8.2289e-06 -8.8415e-06 -9.4654e-06 -1.0100e-05 -1.0743e-05 -1.1395e-05 -1.2053e-05 -1.2717e-05 -1.3386e-05 -1.4057e-05 -1.4729e-05 -1.5402e-05 -1.6073e-05 -1.6740e-05 -1.7401e-05 -1.8056e-05 -1.8700e-05 -1.9334e-05 -1.9954e-05 -2.0558e-05 -2.1144e-05 -2.1710e-05 -2.2253e-05 -2.2771e-05 -2.3262e-05 -2.3723e-05 -2.4151e-05 -2.4545e-05 -2.4901e-05 -2.5219e-05 -2.5495e-05 -2.5728e-05 -2.5916e-05 -2.6057e-05 -2.6149e-05 -2.6192e-05 -2.6183e-05 -2.6123e-05 -2.6010e-05 -2.5844e-05 -2.5626e-05 -2.5354e-05 -2.5031e-05 -2.4657e-05 -2.4233e-05 -2.3761e-05 -2.3242e-05 -2.2680e-05 -2.2076e-05 -2.1434e-05 -2.0756e-05 -2.0046e-05 -1.9309e-05 -1.8546e-05 -1.7763e-05 -1.6964e-05 -1.6153e-05 -1.5335e-05 -1.4512e-05 -1.3690e-05 -1.2873e-05 -1.2065e-05 -1.1270e-05 -1.0491e-05 -9.7307e-06 -8.9935e-06 -8.2817e-06 -7.5976e-06 -6.9434e-06 -6.3207e-06 -5.7310e-06 -5.1752e-06 -4.6539e-06 -4.1674e-06 -3.7156e-06 -3.2983e-06 -2.9147e-06 -2.5639e-06 -2.2448e-06 -1.9561e-06 -1.6962e-06
-1.1312e-07 -3.1995e-07 -5.8778e-07 -9.0494e-07 -1.2647e-06 -1.6624e-06 -2.0948e-06 4.1775e-05 -3.0534e-06 -3.5757e-06 -4.1245e-06 -4.6984e-06 -5.2961e-06 -5.9164e-06 -6.5583e-06 -7.2206e-06 -7.9024e-06 -8.6024e-06 -9.3197e-06 -1.0053e-05 -1.0802e-05 -1.1564e-05 -1.2339e-05 -1.3125e-05 -1.3921e-05 -1.4725e-05 -1.5536e-05 -1.6353e-05 -1.7173e-05 -1.7995e-05 -1.8816e-05 -1.9636e-05 -2.0451e-05 -2.1259e-05 -2.2058e-05 -2.2846e-05 -2.3620e-05 -2.4378e-05 -2.5116e-05 -2.5832e-05 -2.6524e-05 -2.7187e-05 -2.7820e-05 -2.8420e-05 -2.8982e-05 -2.9506e-05 -2.9987e-05 -3.0423e-05 -3.0811e-05 -3.1149e-05 -3.1434e-05 -3.1663e-05 -3.1835e-05 -3.1948e-05 -3.2000e-05 -3.1990e-05 -3.1916e-05 -3.1779e-05 -3.1576e-05 -3.1310e-05 -3.0979e-05 -3.0584e-05 -3.0127e-05 -2.9609e-05 -2.9032e-05 -2.8399e-05 -2.7712e-05 -2.6975e-05 -2.6190e-05 -2.5362e-05 -2.4495e-05 -2.3594e-05 -2.2663e-05 -2.1706e-05 -2.0730e-05 -1.9740e-05 -1.8739e-05 -1.7734e-05 -1.6730e-05 -1.5732e-05 -1.4745e-05 -1.3773e-05 -1.2821e-05 -1.1893e-05 -1.0992e-05 -1.0122e-05 -9.2861e-06 -8.4866e-06 -7.7258e-06 -7.0051e-06 -6.3259e-06 -5.6888e-06 -5.0942e-06 -4.5421e-06 -4.0320e-06 -3.5632e-06 -3.1344e-06 -2.7444e-06 -2.3915e-06 -2.0739e-06 -1.1312e-07 -3.1995e-07 -5.8778e-07 -9.0494e-07 -1.2647e-06 -1.6624e-06 -2.0948e-06 0.0000e+00 -3.0534e-06 -3.5757e-06 -4.1245e-06 -4.6984e-06 -5.2961e-06 -5.9164e-06 -6.5583e-06 -7.2206e-06 -7.9024e-06 -8.6024e-06 -9.3197e-06 -1.0053e-05 -1.0802e-05 -1.1564e-05 -1.2339e-05 -1.3125e-05 -1.3921e-05 -1.4725e-05 -1.5536e-05 -1.6353e-05 -1.7173e-05 -1.7995e-05 -1.8816e-05 -1.9636e-05 -2.0451e-05 -2.1259e-05 -2.2058e-05 -2.2846e-05 -2.3620e-05 -2.4378e-05 -2.5116e-05 -2.5832e-05 -2.6523e-05 -2.7187e-05 -2.7820e-05 -2.8419e-05 -2.8982e-05 -2.9505e-05 -2.9986e-05 -3.0422e-05 -3.0810e-05 -3.1148e-05 -3.1432e-05 -3.1662e-05 -3.1834e-05 -3.1947e-05 -3.1998e-05 -3.1988e-05 -3.1914e-05 -3.1776e-05 -3.1574e-05 -3.1307e-05 -3.0976e-05 -3.0581e-05 -3.0124e-05 -2.9606e-05 -2.9029e-05 -2.8396e-05 -2.7709e-05 -2.6971e-05 -2.6186e-05 -2.5358e-05 -2.4491e-05 -2.3590e-05 -2.2658e-05 -2.1702e-05 -2.0726e-05 -1.9735e-05 -1.8735e-05 -1.7730e-05 -1.6726e-05 -1.5728e-05 -1.4741e-05 -1.3769e-05 -1.2817e-05 -1.1889e-05 -1.0988e-05 -1.0118e-05 -9.2826e-06 -8.4833e-06 -7.7226e-06 -7.0021e-06 -6.3230e-06 -5.6861e-06 -5.0917e-06 -4.5398e-06 -4.0299e-06 -3.5612e-06 -3.1326e-06 -2.7428e-06 -2.3900e-06 -2.0725e-06
-1.3496e-07 -3.8174e-07 -7.0129e-07 -1.0797e-06 -1.5089e-06 -1.9835e-06 -2.4993e-06 -3.0534e-06 6.6915e-05 -4.2662e-06 -4.9210e-06 -5.6057e-06 -6.3189e-06 -7.0590e-06 -7.8249e-06 -8.6151e-06 -9.4285e-06 -1.0264e-05 -1.1120e-05 -1.1995e-05 -1.2888e-05 -1.3797e-05 -1.4722e-05 -1.5659e-05 -1.6609e-05 -1.7569e-05 -1.8537e-05 -1.9511e-05 -2.0490e-05 -2.1470e-05 -2.2450e-05 -2.3428e-05 -2.4400e-05 -2.5365e-05 -2.6319e-05 -2.7259e-05 -2.8182e-05 -2.9086e-05 -2.9967e-05 -3.0822e-05 -3.1647e-05 -3.2438e-05 -3.3194e-05 -3.3909e-05 -3.4581e-05 -3.5205e-05 -3.5779e-05 -3.6300e-05 -3.6763e-05 -3.7166e-05 -3.7506e-05 -3.7780e-05 -3.7985e-05 -3.8120e-05 -3.8182e-05 -3.8170e-05 -3.8083e-05 -3.7919e-05 -3.7677e-05 -3.7359e-05 -3.6964e-05 -3.6494e-05 -3.5949e-05 -3.5331e-05 -3.4643e-05 -3.3888e-05 -3.3068e-05 -3.2188e-05 -3.1252e-05 -3.0265e-05 -2.9230e-05 -2.8155e-05 -2.7044e-05 -2.5903e-05 -2.4739e-05 -2.3556e-05 -2.2363e-05 -2.1164e-05 -1.9966e-05 -1.8775e-05 -1.7597e-05 -1.6437e-05 -1.5301e-05 -1.4193e-05 -1.3119e-05 -1.2081e-05 -1.1083e-05 -1.0129e-05 -9.2212e-06 -8.3612e-06 -7.5506e-06 -6.7903e-06 -6.0807e-06 -5.4218e-06 -4.8130e-06 -4.2534e-06 -3.7417e-06 -3.2762e-06 -2.8550e-06 -2.4759e-06 -1.3496e-07 -3.8174e-07 -7.0129e-07 -1.0797e-06 -1.5089e-06 -1.9835e-06 -2.4993e-06 -3.0534e-06 0.0000e+00 -4.2662e-06 -4.9210e-06 -5.6057e-06 -6.3189e-06 -7.0590e-06 -7.8249e-06 -8.6151e-06 -9.4285e-06 -1.0264e-05 -1.1120e-05 -1.1995e-05 -1.2888e-05 -1.3797e-05 -1.4721e-05 -1.5659e-05 -1.6609e-05 -1.7569e-05 -1.8537e-05 -1.9511e-05 -2.0490e-05 -2.1470e-05 -2.2450e-05 -2.3428e-05 -2.4400e-05 -2.5365e-05 -2.6318e-05 -2.7258e-05 -2.8182e-05 -2.9086e-05 -2.9966e-05 -3.0821e-05 -3.1646e-05 -3.2437e-05 -3.3192e-05 -3.3908e-05 -3.4579e-05 -3.5203e-05 -3.5777e-05 -3.6298e-05 -3.6761e-05 -3.7163e-05 -3.7503e-05 -3.7777e-05 -3.7982e-05 -3.8117e-05 -3.8179e-05 -3.8166e-05 -3.8078e-05 -3.7914e-05 -3.7673e-05 -3.7354e-05 -3.6959e-05 -3.6488e-05 -3.5943e-05 -3.5325e-05 -3.4636e-05 -3.3881e-05 -3.3061e-05 -3.2181e-05 -3.1245e-05 -3.0257e-05 -2.9223e-05 -2.8147e-05 -2.7036e-05 -2.5895e-05 -2.4730e-05 -2.3548e-05 -2.2355e-05 -2.1156e-05 -1.9958e-05 -1.8767e-05 -1.7589e-05 -1.6430e-05 -1.5294e-05 -1.4186e-05 -1.3111e-05 -1.2074e-05 -1.1077e-05 -1.0123e-05 -9.2152e-06 -8.3555e-06 -7.5452e-06 -6.7852e-06 -6.0760e-06 -5.4174e-06 -4.8089e-06 -4.2497e-06 -3.7382e-06 -3.2730e-06 -2.8521e-06 -2.4733e-06
-1.5805e-07 -4.4703e-07 -8.2125e-07 -1.2644e-06 -1.7670e-06 -2.3227e-06 -2.9269e-06 -3.5757e-06 -4.2662e-06 1.0199e-04 -5.7628e-06 -6.5646e-06 -7.3997e-06 -8.2665e-06 -9.1633e-06 -1.0089e-05 -1.1041e-05 -1.2019e-05 -1.3022e-05 -1.4046e-05 -1.5092e-05 -1.6157e-05 -1.7240e-05 -1.8338e-05 -1.9450e-05 -2.0574e-05 -2.1708e-05 -2.2849e-05 -2.3995e-05 -2.5143e-05 -2.6291e-05 -2.7436e-05 -2.8574e-05 -2.9704e-05 -3.0821e-05 -3.1922e-05 -3.3004e-05 -3.4062e-05 -3.5094e-05 -3.6095e-05 -3.7061e-05 -3.7988e-05 -3.8873e-05 -3.9710e-05 -4.0497e-05 -4.1229e-05 -4.1901e-05 -4.2511e-05 -4.3053e-05 -4.3525e-05 -4.3924e-05 -4.4245e-05 -4.4486e-05 -4.4644e-05 -4.4717e-05 -4.4703e-05 -4.4601e-05 -4.4409e-05 -4.4127e-05 -4.3754e-05 -4.3292e-05 -4.2741e-05 -4.2103e-05 -4.1380e-05 -4.0575e-05 -3.9690e-05 -3.8731e-05 -3.7701e-05 -3.6605e-05 -3.5448e-05 -3.4238e-05 -3.2978e-05 -3.1677e-05 -3.0341e-05 -2.8978e-05 -2.7593e-05 -2.6196e-05 -2.4792e-05 -2.3389e-05 -2.1994e-05 -2.0615e-05 -1.9256e-05 -1.7926e-05 -1.6628e-05 -1.5369e-05 -1.4153e-05 -1.2985e-05 -1.1868e-05 -1.0804e-05 -9.7967e-06 -8.8472e-06 -7.9565e-06 -7.1253e-06 -6.3533e-06 -5.6401e-06 -4.9845e-06 -4.3850e-06 -3.8395e-06 -3.3460e-06 -2.9017e-06 -1.5805e-07 -4.4703e-07 -8.2125e-07 -1.2644e-06 -1.7670e-06 -2.3227e-06 -2.9269e-06 -3.5757e-06 -4.2662e-06 0.0000e+00 -5.7628e-06 -6.5646e-06 -7.3997e-06 -8.2665e-06 -9.1633e-06 -1.0089e-05 -1.1041e-05 -1.2019e-05 -1.3022e-05 -1.4046e-05 -1.5092e-05 -1.6157e-05 -1.7240e-05 -1.8338e-05 -1.9450e-05 -2.0574e-05 -2.1708e-05 -2.2849e-05 -2.3994e-05 -2.5143e-05 -2.6290e-05 -2.7435e-05 -2.8574e-05 -2.9703e-05 -3.0820e-05 -3.1921e-05 -3.3003e-05 -3.4061e-05 -3.5092e-05 -3.6093e-05 -3.7059e-05 -3.7986e-05 -3.8871e-05 -3.9708e-05 -4.0494e-05 -4.1226e-05 -4.1898e-05 -4.2507e-05 -4.3049e-05 -4.3521e-05 -4.3919e-05 -4.4240e-05 -4.4480e-05 -4.4638e-05 -4.4710e-05 -4.4696e-05 -4.4593e-05 -4.4401e-05 -4.4118e-05 -4.3745e-05 -4.3282e-05 -4.2731e-05 -4.2093e-05 -4.1369e-05 -4.0563e-05 -3.9678e-05 -3.8718e-05 -3.7688e-05 -3.6592e-05 -3.5435e-05 -3.4224e-05 -3.2964e-05 -3.1663e-05 -3.0327e-05 -2.8963e-05 -2.7579e-05 -2.6181e-05 -2.4777e-05 -2.3374e-05 -2.1980e-05 -2.0600e-05 -1.9242e-05 -1.7912e-05 -1.6615e-05 -1.5356e-05 -1.4141e-05 -1.2973e-05 -1.1856e-05 -1.0793e-05 -9.7865e-06 -8.8375e-06 -7.9474e-06 -7.1167e-06 -6.3454e-06 -5.6328e-06 -4.9777e-06 -4.3788e-06 -3.8339e-06 -3.3408e-06 -2.8971e-06
-1.8231e-07 -5.1564e-07 -9.4729e-07 -1.4584e-06 -2.0382e-06 -2.6792e-06 -3.3761e-06 -4.1245e-06 -4.9210e-06 -5.7628e-06 1.4932e-04 -7.5721e-06 -8.5354e-06 -9.5352e-06 -1.0570e-05 -1.1637e-05 -1.2736e-05 -1.3864e-05 -1.5020e-05 -1.6202e-05 -1.7408e-05 -1.8637e-05 -1.9886e-05 -2.1153e-05 -2.2435e-05 -2.3732e-05 -2.5040e-05 -2.6356e-05 -2.7677e-05 -2.9002e-05 -3.0326e-05 -3.1647e-05 -3.2960e-05 -3.4263e-05 -3.5552e-05 -3.6822e-05 -3.8070e-05 -3.9291e-05 -4.0481e-05 -4.1635e-05 -4.2750e-05 -4.3820e-05 -4.4840e-05 -4.5807e-05 -4.6714e-05 -4.7559e-05 -4.8334e-05 -4.9038e-05 -4.9664e-05 -5.0209e-05 -5.0669e-05 -5.1039e-05 -5.1318e-05 -5.1501e-05 -5.1585e-05 -5.1570e-05 -5.1452e-05 -5.1231e-05 -5.0906e-05 -5.0477e-05 -4.9944e-05 -4.9309e-05 -4.8573e-05 -4.7740e-05 -4.6811e-05 -4.5792e-05 -4.4685e-05 -4.3497e-05 -4.2233e-05 -4.0900e-05 -3.9503e-05 -3.8051e-05 -3.6551e-05 -3.5010e-05 -3.3437e-05 -3.1840e-05 -3.0228e-05 -2.8608e-05 -2.6990e-05 -2.5381e-05 -2.3790e-05 -2.2223e-05 -2.0688e-05 -1.9191e-05 -1.7738e-05 -1.6336e-05 -1.4988e-05 -1.3698e-05 -1.2471e-05 -1.1309e-05 -1.0213e-05 -9.1849e-06 -8.2257e-06 -7.3348e-06 -6.5116e-06 -5.7549e-06 -5.0629e-06 -4.4334e-06 -3.8636e-06 -3.3508e-06 -1.8231e-07 -5.1564e-07 -9.4729e-07 -1.4584e-06 -2.0382e-06 -2.6792e-06 -3.3761e-06 -4.1245e-06 -4.9210e-06 -5.7628e-06 0.0000e+00 -7.5721e-06 -8.5354e-06 -9.5352e-06 -1.0570e-05 -1.1637e-05 -1.2736e-05 -1.3864e-05 -1.5020e-05 -1.6202e-05 -1.7408e-05 -1.8637e-05 -1.9886e-05 -2.1152e-05 -2.2435e-05 -2.3732e-05 -2.5039e-05 -2.6355e-05 -2.7677e-05 -2.9001e-05 -3.0326e-05 -3.1646e-05 -3.2959e-05 -3.4262e-05 -3.5551e-05 -3.6820e-05 -3.8068e-05 -3.9289e-05 -4.0479e-05 -4.1633e-05 -4.2747e-05 -4.3817e-05 -4.4837e-05 -4.5803e-05 -4.6710e-05 -4.7554e-05 -4.8329e-05 -4.9032e-05 -4.9657e-05 -5.0202e-05 -5.0661e-05 -5.1031e-05 -5.1308e-05 -5.1490e-05 -5.1574e-05 -5.1558e-05 -5.1439e-05 -5.1217e-05 -5.0891e-05 -5.0461e-05 -4.9928e-05 -4.9292e-05 -4.8556e-05 -4.7721e-05 -4.6792e-05 -4.5771e-05 -4.4664e-05 -4.3475e-05 -4.2211e-05 -4.0877e-05 -3.9480e-05 -3.8027e-05 -3.6526e-05 -3.4985e-05 -3.3412e-05 -3.1815e-05 -3.0203e-05 -2.8584e-05 -2.6966e-05 -2.5357e-05 -2.3766e-05 -2.2199e-05 -2.0665e-05 -1.9168e-05 -1.7717e-05 -1.6315e-05 -1.4968e-05 -1.3679e-05 -1.2453e-05 -1.1291e-05 -1.0196e-05 -9.1696e-06 -8.2113e-06 -7.3214e-06 -6.4992e-06 -5.7435e-06 -5.0524e-06 -4.4238e-06 -3.8550e-06 -3.3430e-06
-2.0767e-07 -5.8739e-07 -1.0791e-06 -1.6614e-06 -2.3218e-06 -3.0520e-06 -3.8458e-06 -4.6984e-06 -5.6057e-06 -6.5646e-06 -7.5721e-06 2.1148e-04 -9.7230e-06 -1.0862e-05 -1.2040e-05 -1.3256e-05 -1.4508e-05 -1.5793e-05 -1.7110e-05 -1.8457e-05 -1.9831e-05 -2.1230e-05 -2.2653e-05 -2.4096e-05 -2.5557e-05 -2.7034e-05 -2.8524e-05 -3.0023e-05 -3.1529e-05 -3.3038e-05 -3.4546e-05 -3.6051e-05 -3.7547e-05 -3.9031e-05 -4.0499e-05 -4.1946e-05 -4.3368e-05 -4.4759e-05 -4.6115e-05 -4.7430e-05 -4.8700e-05 -4.9919e-05 -5.1082e-05 -5.2183e-05 -5.3217e-05 -5.4179e-05 -5.5064e-05 -5.5865e-05 -5.6579e-05 -5.7200e-05 -5.7724e-05 -5.8147e-05 -5.8465e-05 -5.8674e-05 -5.8771e-05 -5.8753e-05 -5.8620e-05 -5.8369e-05 -5.7999e-05 -5.7511e-05 -5.6905e-05 -5.6182e-05 -5.5345e-05 -5.4396e-05 -5.3338e-05 -5.2177e-05 -5.0918e-05 -4.9565e-05 -4.8126e-05 -4.6607e-05 -4.5017e-05 -4.3362e-05 -4.1653e-05 -3.9899e-05 -3.8107e-05 -3.6288e-05 -3.4451e-05 -3.2607e-05 -3.0763e-05 -2.8930e-05 -2.7117e-05 -2.5332e-05 -2.3582e-05 -2.1877e-05 -2.0222e-05 -1.8623e-05 -1.7087e-05 -1.5618e-05 -1.4219e-05 -1.2894e-05 -1.1645e-05 -1.0474e-05 -9.3804e-06 -8.3649e-06 -7.4265e-06 -6.5638e-06 -5.7748e-06 -5.0570e-06 -4.4074e-06 -3.8226e-06 -2.0767e-07 -5.8739e-07 -1.0791e-06 -1.6614e-06 -2.3218e-06 -3.0520e-06 -3.8458e-06 -4.6984e-06 -5.6057e-06 -6.5646e-06 -7.5721e-06 0.0000e+00 -9.7230e-06 -1.0862e-05 -1.2040e-05 -1.3256e-05 -1.4508e-05 -1.5793e-05 -1.7110e-05 -1.8456e-05 -1.9830e-05 -2.1230e-05 -2.2652e-05 -2.4096e-05 -2.5557e-05 -2.7034e-05 -2.8523e-05 -3.0022e-05 -3.1528e-05 -3.3037e-05 -3.4545e-05 -3.6049e-05 -3.7546e-05 -3.9030e-05 -4.0497e-05 -4.1944e-05 -4.3365e-05 -4.4756e-05 -4.6111e-05 -4.7426e-05 -4.8696e-05 -4.9914e-05 -5.1076e-05 -5.2177e-05 -5.3210e-05 -5.4171e-05 -5.5055e-05 -5.5855e-05 -5.6568e-05 -5.7188e-05 -5.7711e-05 -5.8133e-05 -5.8449e-05 -5.8657e-05 -5.8753e-05 -5.8734e-05 -5.8599e-05 -5.8347e-05 -5.7976e-05 -5.7486e-05 -5.6879e-05 -5.6154e-05 -5.5316e-05 -5.4365e-05 -5.3307e-05 -5.2145e-05 -5.0884e-05 -4.9530e-05 -4.8090e-05 -4.6570e-05 -4.4979e-05 -4.3324e-05 -4.1614e-05 -3.9859e-05 -3.8067e-05 -3.6248e-05 -3.4411e-05 -3.2567e-05 -3.0723e-05 -2.8891e-05 -2.7078e-05 -2.5294e-05 -2.3545e-05 -2.1841e-05 -2.0187e-05 -1.8590e-05 -1.7055e-05 -1.5587e-05 -1.4190e-05 -1.2866e-05 -1.1619e-05 -1.0449e-05 -9.3572e-06 -8.3433e-06 -7.4065e-06 -6.5454e-06 -5.7579e-06 -5.0416e-06 -4.3934e-06 -3.8100e-06
-2.3409e-07 -6.6212e-07 -1.2164e-06 -1.8727e-06 -2.6172e-06 -3.4403e-06 -4.3351e-06 -5.2961e-06 -6.3189e-06 -7.3997e-06 -8.5354e-06 -9.7230e-06 2.9129e-04 -1.2244e-05 -1.3572e-05 -1.4943e-05 -1.6354e-05 -1.7802e-05 -1.9287e-05 -2.0805e-05 -2.2353e-05 -2.3931e-05 -2.5535e-05 -2.7161e-05 -2.8809e-05 -3.0474e-05 -3.2153e-05 -3.3843e-05 -3.5540e-05 -3.7241e-05 -3.8942e-05 -4.0638e-05 -4.2325e-05 -4.3998e-05 -4.5653e-05 -4.7284e-05 -4.8887e-05 -5.0455e-05 -5.1984e-05 -5.3467e-05 -5.4898e-05 -5.6273e-05 -5.7584e-05 -5.8826e-05 -5.9992e-05 -6.1077e-05 -6.2074e-05 -6.2978e-05 -6.3784e-05 -6.4485e-05 -6.5076e-05 -6.5553e-05 -6.5912e-05 -6.6148e-05 -6.6259e-05 -6.6240e-05 -6.6090e-05 -6.5808e-05 -6.5392e-05 -6.4843e-05 -6.4161e-05 -6.3347e-05 -6.2404e-05 -6.1335e-05 -6.0144e-05 -5.8836e-05 -5.7417e-05 -5.5893e-05 -5.4271e-05 -5.2560e-05 -5.0768e-05 -4.8904e-05 -4.6978e-05 -4.5000e-05 -4.2980e-05 -4.0930e-05 -3.8860e-05 -3.6780e-05 -3.4702e-05 -3.2636e-05 -3.0591e-05 -2.8578e-05 -2.6606e-05 -2.4683e-05 -2.2817e-05 -2.1014e-05 -1.9282e-05 -1.7625e-05 -1.6047e-05 -1.4553e-05 -1.3144e-05 -1.1822e-05 -1.0589e-05 -9.4428e-06 -8.3840e-06 -7.4106e-06 -6.5203e-06 -5.7102e-06 -4.9770e-06 -4.3170e-06 -2.3409e-07 -6.6212e-07 -1.2164e-06 -1.8727e-06 -2.6172e-06 -3.4403e-06 -4.3351e-06 -5.2961e-06 -6.3189e-06 -7.3997e-06 -8.5354e-06 -9.7230e-06 0.0000e+00 -1.2244e-05 -1.3572e-05 -1.4943e-05 -1.6354e-05 -1.7802e-05 -1.9287e-05 -2.0804e-05 -2.2353e-05 -2.3931e-05 -2.5534e-05 -2.7161e-05 -2.8808e-05 -3.0473e-05 -3.2152e-05 -3.3842e-05 -3.5539e-05 -3.7240e-05 -3.8940e-05 -4.0636e-05 -4.2322e-05 -4.3995e-05 -4.5650e-05 -4.7280e-05 -4.8882e-05 -5.0450e-05 -5.1978e-05 -5.3460e-05 -5.4891e-05 -5.6265e-05 -5.7575e-05 -5.8816e-05 -5.9981e-05 -6.1064e-05 -6.2061e-05 -6.2963e-05 -6.3767e-05 -6.4466e-05 -6.5056e-05 -6.5532e-05 -6.5888e-05 -6.6123e-05 -6.6231e-05 -6.6210e-05 -6.6059e-05 -6.5774e-05 -6.5356e-05 -6.4805e-05 -6.4120e-05 -6.3304e-05 -6.2359e-05 -6.1288e-05 -6.0095e-05 -5.8785e-05 -5.7364e-05 -5.5838e-05 -5.4215e-05 -5.2502e-05 -5.0709e-05 -4.8844e-05 -4.6917e-05 -4.4938e-05 -4.2918e-05 -4.0868e-05 -3.8797e-05 -3.6718e-05 -3.4640e-05 -3.2575e-05 -3.0531e-05 -2.8520e-05 -2.6549e-05 -2.4627e-05 -2.2762e-05 -2.0962e-05 -1.9231e-05 -1.7576e-05 -1.6001e-05 -1.4509e-05 -1.3103e-05 -1.1784e-05 -1.0553e-05 -9.4093e-06 -8.3530e-06 -7.3820e-06 -6.4940e-06 -5.6862e-06 -4.9553e-06 -4.2974e-06
-2.6151e-07 -7.3967e-07 -1.3589e-06 -2.0921e-06 -2.9237e-06 -3.8433e-06 -4.8428e-06 -5.9164e-06 -7.0590e-06 -8.2665e-06 -9.5352e-06 -1.0862e-05 -1.2244e-05 3.9180e-04 -1.5162e-05 -1.6693e-05 -1.8269e-05 -1.9888e-05 -2.1546e-05 -2.3242e-05 -2.4972e-05 -2.6734e-05 -2.8526e-05 -3.0343e-05 -3.2184e-05 -3.4044e-05 -3.5919e-05 -3.7808e-05 -3.9704e-05 -4.1604e-05 -4.3504e-05 -4.5399e-05 -4.7284e-05 -4.9153e-05 -5.1002e-05 -5.2825e-05 -5.4615e-05 -5.6368e-05 -5.8076e-05 -5.9733e-05 -6.1333e-05 -6.2869e-05 -6.4334e-05 -6.5722e-05 -6.7026e-05 -6.8238e-05 -6.9353e-05 -7.0364e-05 -7.1265e-05 -7.2049e-05 -7.2711e-05 -7.3245e-05 -7.3647e-05 -7.3912e-05 -7.4036e-05 -7.4016e-05 -7.3850e-05 -7.3536e-05 -7.3073e-05 -7.2461e-05 -7.1700e-05 -7.0792e-05 -6.9740e-05 -6.8547e-05 -6.7217e-05 -6.5757e-05 -6.4173e-05 -6.2471e-05 -6.0661e-05 -5.8750e-05 -5.6748e-05 -5.4667e-05 -5.2515e-05 -5.0306e-05 -4.8051e-05 -4.5760e-05 -4.3448e-05 -4.1124e-05 -3.8803e-05 -3.6494e-05 -3.4209e-05 -3.1960e-05 -2.9756e-05 -2.7607e-05 -2.5521e-05 -2.3506e-05 -2.1569e-05 -1.9717e-05 -1.7953e-05 -1.6282e-05 -1.4707e-05 -1.3229e-05 -1.1850e-05 -1.0568e-05 -9.3841e-06 -8.2952e-06 -7.2992e-06 -6.3929e-06 -5.5726e-06 -4.8340e-06 -2.6151e-07 -7.3967e-07 -1.3589e-06 -2.0921e-06 -2.9237e-06 -3.8433e-06 -4.8428e-06 -5.9164e-06 -7.0590e-06 -8.2665e-06 -9.5352e-06 -1.0862e-05 -1.2244e-05 0.0000e+00 -1.5162e-05 -1.6693e-05 -1.8269e-05 -1.9888e-05 -2.1546e-05 -2.3241e-05 -2.4972e-05 -2.6734e-05 -2.8525e-05 -3.0343e-05 -3.2183e-05 -3.4043e-05 -3.5918e-05 -3.7806e-05 -3.9702e-05 -4.1602e-05 -4.3502e-05 -4.5396e-05 -4.7280e-05 -4.9149e-05 -5.0997e-05 -5.2819e-05 -5.4609e-05 -5.6361e-05 -5.8068e-05 -5.9724e-05 -6.1322e-05 -6.2857e-05 -6.4321e-05 -6.5707e-05 -6.7009e-05 -6.8220e-05 -6.9333e-05 -7.0341e-05 -7.1240e-05 -7.2021e-05 -7.2680e-05 -7.3212e-05 -7.3611e-05 -7.3873e-05 -7.3994e-05 -7.3972e-05 -7.3803e-05 -7.3485e-05 -7.3019e-05 -7.2403e-05 -7.1639e-05 -7.0727e-05 -6.9672e-05 -6.8476e-05 -6.7144e-05 -6.5681e-05 -6.4094e-05 -6.2389e-05 -6.0576e-05 -5.8663e-05 -5.6660e-05 -5.4576e-05 -5.2424e-05 -5.0214e-05 -4.7957e-05 -4.5667e-05 -4.3354e-05 -4.1031e-05 -3.8710e-05 -3.6402e-05 -3.4119e-05 -3.1872e-05 -2.9669e-05 -2.7522e-05 -2.5439e-05 -2.3427e-05 -2.1494e-05 -1.9645e-05 -1.7884e-05 -1.6217e-05 -1.4645e-05 -1.3171e-05 -1.1796e-05 -1.0518e-05 -9.3374e-06 -8.2522e-06 -7.2598e-06 -6.3569e-06 -5.5399e-06 -4.8045e-06
-2.8989e-07 -8.1992e-07 -1.5063e-06 -2.3191e-06 -3.2409e-06 -4.2602e-06 -5.3683e-06 -6.5583e-06 -7.8249e-06 -9.1633e-06 -1.0570e-05 -1.2040e-05 -1.3572e-05 -1.5162e-05 5.1632e-04 -1.8504e-05 -2.0251e-05 -2.2045e-05 -2.3884e-05 -2.5763e-05 -2.7681e-05 -2.9635e-05 -3.1621e-05 -3.3636e-05 -3.5676e-05 -3.7737e-05 -3.9817e-05 -4.1910e-05 -4.4012e-05 -4.6119e-05 -4.8225e-05 -5.0326e-05 -5.2415e-05 -5.4488e-05 -5.6538e-05 -5.8559e-05 -6.0544e-05 -6.2487e-05 -6.4381e-05 -6.6219e-05 -6.7993e-05 -6.9696e-05 -7.1321e-05 -7.2861e-05 -7.4307e-05 -7.5652e-05 -7.6889e-05 -7.8010e-05 -7.9010e-05 -7.9880e-05 -8.0615e-05 -8.1209e-05 -8.1656e-05 -8.1951e-05 -8.2090e-05 -8.2070e-05 -8.1888e-05 -8.1541e-05 -8.1030e-05 -8.0353e-05 -7.9511e-05 -7.8506e-05 -7.7341e-05 -7.6021e-05 -7.4549e-05 -7.2932e-05 -7.1177e-05 -6.9292e-05 -6.7286e-05 -6.5169e-05 -6.2952e-05 -6.0645e-05 -5.8261e-05 -5.5813e-05 -5.3313e-05 -5.0774e-05 -4.8211e-05 -4.5635e-05 -4.3061e-05 -4.0502e-05 -3.7969e-05 -3.5474e-05 -3.3030e-05 -3.0646e-05 -2.8333e-05 -2.6098e-05 -2.3950e-05 -2.1894e-05 -1.9938e-05 -1.8083e-05 -1.6335e-05 -1.4695e-05 -1.3164e-05 -1.1742e-05 -1.0427e-05 -9.2180e-06 -8.1120e-06 -7.1056e-06 -6.1945e-06 -5.3741e-06 -2.8989e-07 -8.1992e-07 -1.5063e-06 -2.3191e-06 -3.2409e-06 -4.2602e-06 -5.3683e-06 -6.5583e-06 -7.8249e-06 -9.1633e-06 -1.0570e-05 -1.2040e-05 -1.3572e-05 -1.5162e-05 0.0000e+00 -1.8504e-05 -2.0251e-05 -2.2045e-05 -2.3883e-05 -2.5763e-05 -2.7681e-05 -2.9634e-05 -3.1620e-05 -3.3635e-05 -3.5675e-05 -3.7736e-05 -3.9815e-05 -4.1908e-05 -4.4010e-05 -4.6116e-05 -4.8222e-05 -5.0322e-05 -5.2410e-05 -5.4482e-05 -5.6531e-05 -5.8551e-05 -6.0535e-05 -6.2477e-05 -6.4369e-05 -6.6205e-05 -6.7977e-05 -6.9679e-05 -7.1302e-05 -7.2839e-05 -7.4282e-05 -7.5624e-05 -7.6858e-05 -7.7977e-05 -7.8973e-05 -7.9840e-05 -8.0571e-05 -8.1161e-05 -8.1603e-05 -8.1894e-05 -8.2029e-05 -8.2005e-05 -8.1818e-05 -8.1467e-05 -8.0950e-05 -8.0268e-05 -7.9422e-05 -7.8412e-05 -7.7243e-05 -7.5918e-05 -7.4441e-05 -7.2820e-05 -7.1061e-05 -6.9173e-05 -6.7163e-05 -6.5043e-05 -6.2823e-05 -6.0513e-05 -5.8128e-05 -5.5678e-05 -5.3177e-05 -5.0638e-05 -4.8074e-05 -4.5499e-05 -4.2926e-05 -4.0368e-05 -3.7837e-05 -3.5345e-05 -3.2904e-05 -3.0523e-05 -2.8213e-05 -2.5983e-05 -2.3839e-05 -2.1789e-05 -1.9837e-05 -1.7988e-05 -1.6245e-05 -1.4611e-05 -1.3085e-05 -1.1668e-05 -1.0359e-05 -9.1551e-06 -8.0543e-06 -7.0529e-06 -6.1467e-06 -5.3310e-06
-3.1916e-07 -9.0273e-07 -1.6584e-06 -2.5533e-06 -3.5683e-06 -4.6905e-06 -5.9104e-06 -7.2206e-06 -8.6151e-06 -1.0089e-05 -1.1637e-05 -1.3256e-05 -1.4943e-05 -1.6693e-05 -1.8504e-05 6.6839e-04 -2.2297e-05 -2.4272e-05 -2.6296e-05 -2.8365e-05 -3.0477e-05 -3.2628e-05 -3.4815e-05 -3.7033e-05 -3.9279e-05 -4.1549e-05 -4.3839e-05 -4.6144e-05 -4.8459e-05 -5.0778e-05 -5.3097e-05 -5.5411e-05 -5.7711e-05 -5.9994e-05 -6.2251e-05 -6.4477e-05 -6.6663e-05 -6.8803e-05 -7.0889e-05 -7.2913e-05 -7.4867e-05 -7.6744e-05 -7.8534e-05 -8.0230e-05 -8.1823e-05 -8.3305e-05 -8.4669e-05 -8.5905e-05 -8.7007e-05 -8.7967e-05 -8.8778e-05 -8.9433e-05 -8.9927e-05 -9.0255e-05 -9.0410e-05 -9.0390e-05 -9.0192e-05 -8.9813e-05 -8.9252e-05 -8.8508e-05 -8.7584e-05 -8.6480e-05 -8.5200e-05 -8.3748e-05 -8.2130e-05 -8.0352e-05 -7.8422e-05 -7.6349e-05 -7.4142e-05 -7.1813e-05 -6.9372e-05 -6.6834e-05 -6.4210e-05 -6.1515e-05 -5.8763e-05 -5.5969e-05 -5.3146e-05 -5.0311e-05 -4.7476e-05 -4.4657e-05 -4.1867e-05 -3.9120e-05 -3.6427e-05 -3.3801e-05 -3.1252e-05 -2.8790e-05 -2.6422e-05 -2.4157e-05 -2.2000e-05 -1.9956e-05 -1.8029e-05 -1.6221e-05 -1.4532e-05 -1.2963e-05 -1.1513e-05 -1.0180e-05 -8.9594e-06 -7.8488e-06 -6.8434e-06 -5.9379e-06 -3.1916e-07 -9.0273e-07 -1.6584e-06 -2.5533e-06 -3.5683e-06 -4.6905e-06 -5.9104e-06 -7.2206e-06 -8.6151e-06 -1.0089e-05 -1.1637e-05 -1.3256e-05 -1.4943e-05 -1.6693e-05 -1.8504e-05 0.0000e+00 -2.2296e-05 -2.4272e-05 -2.6295e-05 -2.8365e-05 -3.0477e-05 -3.2627e-05 -3.4814e-05 -3.7032e-05 -3.9278e-05 -4.1547e-05 -4.3837e-05 -4.6141e-05 -4.8455e-05 -5.0774e-05 -5.3092e-05 -5.5404e-05 -5.7704e-05 -5.9985e-05 -6.2241e-05 -6.4465e-05 -6.6650e-05 -6.8788e-05 -7.0872e-05 -7.2893e-05 -7.4845e-05 -7.6719e-05 -7.8506e-05 -8.0198e-05 -8.1788e-05 -8.3266e-05 -8.4625e-05 -8.5857e-05 -8.6954e-05 -8.7909e-05 -8.8715e-05 -8.9365e-05 -8.9853e-05 -9.0174e-05 -9.0324e-05 -9.0297e-05 -9.0092e-05 -8.9706e-05 -8.9138e-05 -8.8388e-05 -8.7457e-05 -8.6346e-05 -8.5060e-05 -8.3601e-05 -8.1977e-05 -8.0193e-05 -7.8257e-05 -7.6178e-05 -7.3966e-05 -7.1632e-05 -6.9188e-05 -6.6646e-05 -6.4020e-05 -6.1323e-05 -5.8569e-05 -5.5774e-05 -5.2951e-05 -5.0116e-05 -4.7283e-05 -4.4466e-05 -4.1679e-05 -3.8935e-05 -3.6247e-05 -3.3626e-05 -3.1082e-05 -2.8626e-05 -2.6264e-05 -2.4006e-05 -2.1856e-05 -1.9820e-05 -1.7900e-05 -1.6100e-05 -1.4419e-05 -1.2858e-05 -1.1416e-05 -1.0090e-05 -8.8771e-06 -7.7738e-06 -6.7752e-06 -5.8764e-06
