2.5153e-04 -1.6611e-04 -1.9758e-04 -2.1899e-04 -2.3223e-04 -2.3844e-04 -2.3849e-04 -2.3322e-04 -2.2349e-04 -2.1016e-04 -1.9413e-04 -1.7625e-04 -1.5734e-04 -1.3813e-04 -1.1926e-04 -1.0127e-04 -8.4554e-05 -6.9402e-05 -5.5983e-05 -4.4363e-05 -3.4520e-05 -2.6362e-05 -1.9747e-05 -1.4499e-05 -1.0428e-05 -7.3407e-06 -5.0532e-06 -3.3985e-06 -2.2307e-06 -1.4275e-06 -8.8946e-07 -5.3895e-07 -3.1712e-07 -1.8092e-07 -9.9904e-08 -5.3304e-08 -2.7425e-08 -1.3578e-08 -6.4537e-09 -2.9375e-09 -1.2769e-09 -5.2852e-10 -2.0762e-10 -7.7138e-11 -2.7000e-11 -8.8658e-12 -2.7185e-12 -7.7448e-13 -2.0385e-13 -4.9272e-14 -1.0862e-14 -2.1680e-15 -3.8850e-16 -6.1940e-17 -8.6973e-18 -1.0635e-18 -1.1182e-19 -9.9678e-21 -7.4156e-22 -4.5230e-23 -2.2169e-24 -8.5363e-26 -2.5168e-27 -5.5183e-29 -8.7032e-31 -9.5037e-33 -6.8772e-35 -3.1351e-37 -8.4905e-40 -1.2759e-42 -9.8214e-46 -3.5258e-49 -5.2827e-53 -2.8951e-57 -4.9560e-62 -2.1913e-67 -1.9874e-73 -2.7892e-80 -4.2804e-88 -4.6631e-97 -2.0959e-107 -1.9506e-119 -1.5496e-133 -3.3126e-150 -4.1408e-170 -3.8885e-194 -1.6504e-223 -6.2032e-260 -7.3513e-306 -0.0000e+00 -0.0000e+00 -0.0000e+00 -0.0000e+00 -0.0000e+00 -0.0000e+00 -0.0000e+00 -0.0000e+00 -0.0000e+00 -0.0000e+00 -0.0000e+00 0.0000e+00 -1.6608e-04 -1.9752e-04 -2.1886e-04 -2.3202e-04 -2.3813e-04 -2.3806e-04 -2.3267e-04 -2.2282e-04 -2.0938e-04 -1.9326e-04 -1.7531e-04 -1.5634e-04 -1.3711e-04 -1.1826e-04 -1.0029e-04 -8.3629e-05 -6.8548e-05 -5.5212e-05 -4.3682e-05 -3.3933e-05 -2.5868e-05 -1.9340e-05 -1.4172e-05 -1.0171e-05 -7.1438e-06 -4.9061e-06 -3.2913e-06 -2.1548e-06 -1.3751e-06 -8.5433e-07 -5.1609e-07 -3.0270e-07 -1.7211e-07 -9.4705e-08 -5.0343e-08 -2.5801e-08 -1.2722e-08 -6.0207e-09 -2.7281e-09 -1.1803e-09 -4.8610e-10 -1.8996e-10 -7.0190e-11 -2.4427e-11 -7.9724e-12 -2.4291e-12 -6.8739e-13 -1.7966e-13 -4.3104e-14 -9.4286e-15 -1.8664e-15 -3.3157e-16 -5.2384e-17 -7.2850e-18 -8.8177e-19 -9.1724e-20 -8.0847e-21 -5.9432e-22 -3.5795e-23 -1.7311e-24 -6.5721e-26 -1.9089e-27 -4.1194e-29 -6.3885e-31 -6.8526e-33 -4.8656e-35 -2.1738e-37 -5.7623e-40 -8.4639e-43 -6.3592e-46 -2.2247e-49 -3.2426e-53 -1.7256e-57 -2.8627e-62 -1.2240e-67 -1.0711e-73 -1.4467e-80 -2.1309e-88 -2.2216e-97 -9.5256e-108 -8.4283e-120 -6.3420e-134 -1.2789e-150 -1.5013e-170 -1.3175e-194 -5.1977e-224 -1.8049e-260 -1.9629e-306 -0.0000e+00 -0.0000e+00 -0.0000e+00 -0.0000e+00 -0.0000e+00 -0.0000e+00 -0.0000e+00 -0.0000e+00 -0.0000e+00 -0.0000e+00 -0.0000e+00
-1.6611e-04 1.0065e-03 -2.7494e-04 -3.0507e-04 -3.2401e-04 -3.3327e-04 -3.3406e-04 -3.2749e-04 -3.1471e-04 -2.9689e-04 -2.7521e-04 -2.5083e-04 -2.2486e-04 -1.9831e-04 -1.7207e-04 -1.4689e-04 -1.2334e-04 -1.0185e-04 -8.2686e-05 -6.5970e-05 -5.1704e-05 -3.9786e-05 -3.0041e-05 -2.2244e-05 -1.6141e-05 -1.1468e-05 -7.9712e-06 -5.4157e-06 -3.5928e-06 -2.3247e-06 -1.4654e-06 -8.9871e-07 -5.3550e-07 -3.0953e-07 -1.7327e-07 -9.3771e-08 -4.8963e-08 -2.4616e-08 -1.1888e-08 -5.5015e-09 -2.4330e-09 -1.0252e-09 -4.1027e-10 -1.5539e-10 -5.5490e-11 -1.8603e-11 -5.8287e-12 -1.6981e-12 -4.5747e-13 -1.1327e-13 -2.5605e-14 -5.2451e-15 -9.6567e-16 -1.5835e-16 -2.2893e-17 -2.8856e-18 -3.1314e-19 -2.8848e-20 -2.2209e-21 -1.4038e-22 -7.1416e-24 -2.8588e-25 -8.7778e-27 -2.0080e-28 -3.3107e-30 -3.7873e-32 -2.8777e-34 -1.3809e-36 -3.9470e-39 -6.2782e-42 -5.1320e-45 -1.9633e-48 -3.1468e-52 -1.8528e-56 -3.4238e-61 -1.6430e-66 -1.6269e-72 -2.5101e-79 -4.2675e-87 -5.1967e-96 -2.6378e-106 -2.8059e-118 -2.5837e-132 -6.5092e-149 -9.7810e-169 -1.1309e-192 -6.0844e-222 -3.0055e-258 -4.8979e-304 -0.0000e+00 -0.0000e+00 -0.0000e+00 -0.0000e+00 -0.0000e+00 -0.0000e+00 -0.0000e+00 -0.0000e+00 -0.0000e+00 -0.0000e+00 -0.0000e+00 -1.6608e-04 0.0000e+00 -2.7457e-04 -3.0436e-04 -3.2282e-04 -3.3152e-04 -3.3167e-04 -3.2443e-04 -3.1099e-04 -2.9255e-04 -2.7034e-04 -2.4555e-04 -2.1931e-04 -1.9263e-04 -1.6642e-04 -1.4140e-04 -1.1814e-04 -9.7037e-05 -7.8334e-05 -6.2125e-05 -4.8383e-05 -3.6983e-05 -2.7730e-05 -2.0382e-05 -1.4675e-05 -1.0342e-05 -7.1282e-06 -4.8003e-06 -3.1552e-06 -2.0220e-06 -1.2618e-06 -7.6583e-07 -4.5139e-07 -2.5798e-07 -1.4273e-07 -7.6309e-08 -3.9345e-08 -1.9523e-08 -9.3017e-09 -4.2445e-09 -1.8499e-09 -7.6785e-10 -3.0254e-10 -1.1276e-10 -3.9599e-11 -1.3049e-11 -4.0162e-12 -1.1487e-12 -3.0364e-13 -7.3722e-14 -1.6330e-14 -3.2759e-15 -5.9023e-16 -9.4649e-17 -1.3373e-17 -1.6460e-18 -1.7429e-19 -1.5656e-20 -1.1743e-21 -7.2252e-23 -3.5750e-24 -1.3906e-25 -4.1454e-27 -9.1980e-29 -1.4695e-30 -1.6273e-32 -1.1957e-34 -5.5422e-37 -1.5285e-39 -2.3431e-42 -1.8435e-45 -6.7796e-49 -1.0432e-52 -5.8878e-57 -1.0414e-61 -4.7757e-67 -4.5115e-73 -6.6282e-80 -1.0710e-87 -1.2369e-96 -5.9406e-107 -5.9640e-119 -5.1690e-133 -1.2219e-149 -1.7169e-169 -1.8490e-193 -9.2261e-223 -4.2052e-259 -6.2865e-305 -0.0000e+00 -0.0000e+00 -0.0000e+00 -0.0000e+00 -0.0000e+00 -0.0000e+00 -0.0000e+00 -0.0000e+00 -0.0000e+00 -0.0000e+00 -0.0000e+00
-1.9758e-04 -2.7494e-04 2.2660e-03 -3.6437e-04 -3.8795e-04 -4.0025e-04 -4.0262e-04 -3.9632e-04 -3.8263e-04 -3.6283e-04 -3.3825e-04 -3.1021e-04 -2.7997e-04 -2.4871e-04 -2.1749e-04 -1.8720e-04 -1.5858e-04 -1.3217e-04 -1.0835e-04 -8.7342e-05 -6.9193e-05 -5.3846e-05 -4.1136e-05 -3.0833e-05 -2.2657e-05 -1.6310e-05 -1.1492e-05 -7.9178e-06 -5.3292e-06 -3.5001e-06 -2.2405e-06 -1.3960e-06 -8.4543e-07 -4.9691e-07 -2.8298e-07 -1.5587e-07 -8.2870e-08 -4.2442e-08 -2.0890e-08 -9.8573e-09 -4.4470e-09 -1.9125e-09 -7.8158e-10 -3.0245e-10 -1.1040e-10 -3.7856e-11 -1.2138e-11 -3.6209e-12 -9.9947e-13 -2.5372e-13 -5.8843e-14 -1.2375e-14 -2.3410e-15 -3.9472e-16 -5.8731e-17 -7.6255e-18 -8.5322e-19 -8.1131e-20 -6.4542e-21 -4.2206e-22 -2.2242e-23 -9.2359e-25 -2.9462e-26 -7.0137e-28 -1.2056e-29 -1.4406e-31 -1.1459e-33 -5.7700e-36 -1.7352e-38 -2.9123e-41 -2.5199e-44 -1.0241e-47 -1.7505e-51 -1.1041e-55 -2.1964e-60 -1.1410e-65 -1.2308e-71 -2.0835e-78 -3.9183e-86 -5.3274e-95 -3.0518e-105 -3.7096e-117 -3.9608e-131 -1.1770e-147 -2.1293e-167 -3.0373e-191 -2.0770e-220 -1.3527e-256 -3.0429e-302 -0.0000e+00 -0.0000e+00 -0.0000e+00 -0.0000e+00 -0.0000e+00 -0.0000e+00 -0.0000e+00 -0.0000e+00 -0.0000e+00 -0.0000e+00 -0.0000e+00 -1.9752e-04 -2.7457e-04 0.0000e+00 -3.6246e-04 -3.8477e-04 -3.9553e-04 -3.9619e-04 -3.8808e-04 -3.7259e-04 -3.5113e-04 -3.2511e-04 -2.9594e-04 -2.6495e-04 -2.3332e-04 -2.0214e-04 -1.7226e-04 -1.4439e-04 -1.1901e-04 -9.6428e-05 -7.6776e-05 -6.0042e-05 -4.6098e-05 -3.4726e-05 -2.5650e-05 -1.8565e-05 -1.3156e-05 -9.1198e-06 -6.1789e-06 -4.0874e-06 -2.6370e-06 -1.6573e-06 -1.0133e-06 -6.0189e-07 -3.4681e-07 -1.9352e-07 -1.0439e-07 -5.4329e-08 -2.7223e-08 -1.3104e-08 -6.0441e-09 -2.6641e-09 -1.1189e-09 -4.4633e-10 -1.6851e-10 -5.9986e-11 -2.0050e-11 -6.2634e-12 -1.8196e-12 -4.8891e-13 -1.2076e-13 -2.7235e-14 -5.5675e-15 -1.0232e-15 -1.6754e-16 -2.4195e-17 -3.0476e-18 -3.3063e-19 -3.0468e-20 -2.3476e-21 -1.4861e-22 -7.5767e-24 -3.0421e-25 -9.3772e-27 -2.1557e-28 -3.5758e-30 -4.1207e-32 -3.1585e-34 -1.5314e-36 -4.4307e-39 -7.1481e-42 -5.9399e-45 -2.3158e-48 -3.7939e-52 -2.2906e-56 -4.3567e-61 -2.1609e-66 -2.2224e-72 -3.5809e-79 -6.3991e-87 -8.2513e-96 -4.4733e-106 -5.1337e-118 -5.1616e-132 -1.4402e-148 -2.4381e-168 -3.2422e-192 -2.0582e-221 -1.2382e-257 -2.5578e-303 -0.0000e+00 -0.0000e+00 -0.0000e+00 -0.0000e+00 -0.0000e+00 -0.0000e+00 -0.0000e+00 -0.0000e+00 -0.0000e+00 -0.0000e+00 -0.0000e+00
-2.1899e-04 -3.0507e-04 -3.6437e-04 4.0320e-03 -4.3395e-04 -4.4957e-04 -4.5446e-04 -4.4987e-04 -4.3707e-04 -4.1736e-04 -3.9207e-04 -3.6256e-04 -3.3014e-04 -2.9608e-04 -2.6153e-04 -2.2751e-04 -1.9488e-04 -1.6433e-04 -1.3636e-04 -1.1131e-04 -8.9334e-05 -7.0459e-05 -5.4578e-05 -4.1493e-05 -3.0938e-05 -2.2606e-05 -1.6173e-05 -1.1318e-05 -7.7402e-06 -5.1667e-06 -3.3624e-06 -2.1305e-06 -1.3125e-06 -7.8499e-07 -4.5502e-07 -2.5517e-07 -1.3817e-07 -7.2093e-08 -3.6163e-08 -1.7396e-08 -8.0033e-09 -3.5113e-09 -1.4644e-09 -5.7857e-10 -2.1571e-10 -7.5584e-11 -2.4776e-11 -7.5604e-12 -2.1358e-12 -5.5524e-13 -1.3195e-13 -2.8455e-14 -5.5236e-15 -9.5647e-16 -1.4628e-16 -1.9539e-17 -2.2514e-18 -2.2070e-19 -1.8121e-20 -1.2246e-21 -6.6779e-23 -2.8738e-24 -9.5157e-26 -2.3555e-27 -4.2182e-29 -5.2624e-31 -4.3799e-33 -2.3134e-35 -7.3178e-38 -1.2958e-40 -1.1868e-43 -5.1242e-47 -9.3444e-51 -6.3158e-55 -1.3533e-59 -7.6152e-65 -8.9556e-71 -1.6647e-77 -3.4664e-85 -5.2676e-94 -3.4094e-104 -4.7416e-116 -5.8779e-130 -2.0633e-146 -4.5002e-166 -7.9320e-190 -6.9056e-219 -5.9400e-255 -1.8476e-300 -0.0000e+00 -0.0000e+00 -0.0000e+00 -0.0000e+00 -0.0000e+00 -0.0000e+00 -0.0000e+00 -0.0000e+00 -0.0000e+00 -0.0000e+00 -0.0000e+00 -2.1886e-04 -3.0436e-04 -3.6246e-04 0.0000e+00 -4.2766e-04 -4.4025e-04 -4.4172e-04 -4.3353e-04 -4.1715e-04 -3.9409e-04 -3.6590e-04 -3.3408e-04 -3.0007e-04 -2.6521e-04 -2.3065e-04 -1.9738e-04 -1.6618e-04 -1.3762e-04 -1.1207e-04 -8.9708e-05 -7.0554e-05 -5.4494e-05 -4.1310e-05 -3.0717e-05 -2.2388e-05 -1.5982e-05 -1.1164e-05 -7.6254e-06 -5.0870e-06 -3.3111e-06 -2.1002e-06 -1.2965e-06 -7.7792e-07 -4.5296e-07 -2.5553e-07 -1.3942e-07 -7.3430e-08 -3.7254e-08 -1.8165e-08 -8.4918e-09 -3.7958e-09 -1.6176e-09 -6.5512e-10 -2.5128e-10 -9.0933e-11 -3.0918e-11 -9.8326e-12 -2.9101e-12 -7.9720e-13 -2.0092e-13 -4.6277e-14 -9.6702e-15 -1.8184e-15 -3.0494e-16 -4.5152e-17 -5.8375e-18 -6.5083e-19 -6.1710e-20 -4.8992e-21 -3.2000e-22 -1.6860e-23 -7.0072e-25 -2.2397e-26 -5.3492e-28 -9.2372e-30 -1.1106e-31 -8.9035e-34 -4.5265e-36 -1.3772e-38 -2.3437e-41 -2.0614e-44 -8.5392e-48 -1.4925e-51 -9.6583e-56 -1.9791e-60 -1.0636e-65 -1.1929e-71 -2.1116e-78 -4.1797e-86 -6.0265e-95 -3.6933e-105 -4.8522e-117 -5.6673e-131 -1.8689e-147 -3.8169e-167 -6.2760e-191 -5.0754e-220 -4.0352e-256 -1.1534e-301 -0.0000e+00 -0.0000e+00 -0.0000e+00 -0.0000e+00 -0.0000e+00 -0.0000e+00 -0.0000e+00 -0.0000e+00 -0.0000e+00 -0.0000e+00 -0.0000e+00
-2.3223e-04 -3.2401e-04 -3.8795e-04 -4.3395e-04 6.3070e-03 -4.8497e-04 -4.9327e-04 -4.9173e-04 -4.8150e-04 -4.6375e-04 -4.3973e-04 -4.1071e-04 -3.7798e-04 -3.4281e-04 -3.0638e-04 -2.6981e-04 -2.3407e-04 -1.9998e-04 -1.6820e-04 -1.3922e-04 -1.1333e-04 -9.0685e-05 -7.1289e-05 -5.5016e-05 -4.1650e-05 -3.0906e-05 -2.2460e-05 -1.5969e-05 -1.1097e-05 -7.5285e-06 -4.9805e-06 -3.2086e-06 -2.0102e-06 -1.2229e-06 -7.2119e-07 -4.1156e-07 -2.2684e-07 -1.2050e-07 -6.1559e-08 -3.0167e-08 -1.4144e-08 -6.3259e-09 -2.6905e-09 -1.0844e-09 -4.1267e-10 -1.4765e-10 -4.9449e-11 -1.5424e-11 -4.4567e-12 -1.1858e-12 -2.8859e-13 -6.3784e-14 -1.2699e-14 -2.2574e-15 -3.5473e-16 -4.8732e-17 -5.7811e-18 -5.8412e-19 -4.9494e-20 -3.4562e-21 -1.9503e-22 -8.6986e-24 -2.9901e-25 -7.6976e-27 -1.4364e-28 -1.8712e-30 -1.6301e-32 -9.0349e-35 -3.0072e-37 -5.6203e-40 -5.4517e-43 -2.5020e-46 -4.8699e-50 -3.5293e-54 -8.1501e-59 -4.9710e-64 -6.3773e-70 -1.3026e-76 -3.0054e-84 -5.1082e-93 -3.7385e-103 -5.9535e-115 -8.5759e-129 -3.5590e-145 -9.3674e-165 -2.0421e-188 -2.2658e-217 -2.5768e-253 -1.1097e-298 -0.0000e+00 -0.0000e+00 -0.0000e+00 -0.0000e+00 -0.0000e+00 -0.0000e+00 -0.0000e+00 -0.0000e+00 -0.0000e+00 -0.0000e+00 -0.0000e+00 -2.3202e-04 -3.2282e-04 -3.8477e-04 -4.2766e-04 0.0000e+00 -4.6945e-04 -4.7204e-04 -4.6444e-04 -4.4815e-04 -4.2473e-04 -3.9573e-04 -3.6271e-04 -3.2716e-04 -2.9046e-04 -2.5384e-04 -2.1837e-04 -1.8488e-04 -1.5402e-04 -1.2621e-04 -1.0170e-04 -8.0552e-05 -6.2678e-05 -4.7884e-05 -3.5896e-05 -2.6387e-05 -1.9005e-05 -1.3400e-05 -9.2418e-06 -6.2280e-06 -4.0966e-06 -2.6270e-06 -1.6403e-06 -9.9591e-07 -5.8705e-07 -3.3542e-07 -1.8544e-07 -9.9016e-08 -5.0952e-08 -2.5213e-08 -1.1967e-08 -5.4344e-09 -2.3541e-09 -9.6969e-10 -3.7852e-10 -1.3949e-10 -4.8331e-11 -1.5673e-11 -4.7336e-12 -1.3242e-12 -3.4109e-13 -8.0358e-14 -1.7190e-14 -3.3123e-15 -5.6972e-16 -8.6610e-17 -1.1509e-17 -1.3204e-18 -1.2898e-19 -1.0563e-20 -7.1277e-22 -3.8853e-23 -1.6733e-24 -5.5517e-26 -1.3789e-27 -2.4813e-29 -3.1156e-31 -2.6145e-33 -1.3950e-35 -4.4668e-38 -8.0250e-41 -7.4768e-44 -3.2930e-47 -6.1449e-51 -4.2651e-55 -9.4216e-60 -5.4901e-65 -6.7196e-71 -1.3075e-77 -2.8686e-85 -4.6281e-94 -3.2083e-104 -4.8284e-116 -6.5558e-130 -2.5570e-146 -6.3045e-166 -1.2827e-189 -1.3225e-218 -1.3908e-254 -5.5065e-300 -0.0000e+00 -0.0000e+00 -0.0000e+00 -0.0000e+00 -0.0000e+00 -0.0000e+00 -0.0000e+00 -0.0000e+00 -0.0000e+00 -0.0000e+00 -0.0000e+00
-2.3844e-04 -3.3327e-04 -4.0025e-04 -4.4957e-04 -4.8497e-04 9.0945e-03 -5.2084e-04 -5.2354e-04 -5.1736e-04 -5.0328e-04 -4.8234e-04 -4.5565e-04 -4.2437e-04 -3.8969e-04 -3.5280e-04 -3.1484e-04 -2.7688e-04 -2.3987e-04 -2.0463e-04 -1.7182e-04 -1.4193e-04 -1.1526e-04 -9.1968e-05 -7.2051e-05 -5.5381e-05 -4.1730e-05 -3.0797e-05 -2.2240e-05 -1.5699e-05 -1.0821e-05 -7.2740e-06 -4.7625e-06 -3.0329e-06 -1.8758e-06 -1.1249e-06 -6.5291e-07 -3.6611e-07 -1.9792e-07 -1.0292e-07 -5.1359e-08 -2.4528e-08 -1.1179e-08 -4.8469e-09 -1.9925e-09 -7.7364e-10 -2.8258e-10 -9.6664e-11 -3.0815e-11 -9.1055e-12 -2.4791e-12 -6.1790e-13 -1.3996e-13 -2.8582e-14 -5.2157e-15 -8.4214e-16 -1.1900e-16 -1.4536e-17 -1.5140e-18 -1.3241e-19 -9.5567e-21 -5.5818e-22 -2.5808e-23 -9.2117e-25 -2.4670e-26 -4.7983e-28 -6.5297e-30 -5.9559e-32 -3.4651e-34 -1.2141e-36 -2.3958e-39 -2.4621e-42 -1.2016e-45 -2.4974e-49 -1.9415e-53 -4.8342e-58 -3.1974e-63 -4.4771e-69 -1.0054e-75 -2.5715e-83 -4.8916e-92 -4.0503e-102 -7.3903e-114 -1.2378e-127 -6.0774e-144 -1.9318e-163 -5.2131e-187 -7.3775e-216 -1.1104e-251 -6.6273e-297 -0.0000e+00 -0.0000e+00 -0.0000e+00 -0.0000e+00 -0.0000e+00 -0.0000e+00 -0.0000e+00 -0.0000e+00 -0.0000e+00 -0.0000e+00 -0.0000e+00 -2.3813e-04 -3.3152e-04 -3.9553e-04 -4.4025e-04 -4.6945e-04 0.0000e+00 -4.8919e-04 -4.8278e-04 -4.6746e-04 -4.4473e-04 -4.1613e-04 -3.8318e-04 -3.4737e-04 -3.1008e-04 -2.7258e-04 -2.3595e-04 -2.0110e-04 -1.6871e-04 -1.3928e-04 -1.1312e-04 -9.0331e-05 -7.0894e-05 -5.4651e-05 -4.1356e-05 -3.0699e-05 -2.2337e-05 -1.5918e-05 -1.1100e-05 -7.5660e-06 -5.0359e-06 -3.2692e-06 -2.0674e-06 -1.2717e-06 -7.5985e-07 -4.4027e-07 -2.4695e-07 -1.3384e-07 -6.9939e-08 -3.5161e-08 -1.6965e-08 -7.8353e-09 -3.4538e-09 -1.4485e-09 -5.7602e-10 -2.1638e-10 -7.6470e-11 -2.5311e-11 -7.8075e-12 -2.2324e-12 -5.8814e-13 -1.4184e-13 -3.1087e-14 -6.1422e-15 -1.0843e-15 -1.6936e-16 -2.3146e-17 -2.7341e-18 -2.7533e-19 -2.3275e-20 -1.6232e-21 -9.1590e-23 -4.0895e-24 -1.4091e-25 -3.6415e-27 -6.8312e-29 -8.9616e-31 -7.8755e-33 -4.4118e-35 -1.4874e-37 -2.8222e-40 -2.7864e-43 -1.3054e-46 -2.6017e-50 -1.9376e-54 -4.6162e-59 -2.9178e-64 -3.8989e-70 -8.3429e-77 -2.0298e-84 -3.6659e-93 -2.8760e-103 -4.9606e-115 -7.8339e-129 -3.6160e-145 -1.0770e-164 -2.7133e-188 -3.5694e-217 -4.9695e-253 -2.7276e-298 -0.0000e+00 -0.0000e+00 -0.0000e+00 -0.0000e+00 -0.0000e+00 -0.0000e+00 -0.0000e+00 -0.0000e+00 -0.0000e+00 -0.0000e+00 -0.0000e+00
-2.3849e-04 -3.3406e-04 -4.0262e-04 -4.5446e-04 -4.9327e-04 -5.2084e-04 1.2399e-02 -5.4613e-04 -5.4528e-04 -5.3635e-04 -5.2012e-04 -4.9744e-04 -4.6927e-04 -4.3665e-04 -4.0071e-04 -3.6258e-04 -3.2337e-04 -2.8416e-04 -2.4593e-04 -2.0951e-04 -1.7560e-04 -1.4471e-04 -1.1719e-04 -9.3180e-05 -7.2698e-05 -5.5606e-05 -4.1662e-05 -3.0547e-05 -2.1896e-05 -1.5328e-05 -1.0465e-05 -6.9611e-06 -4.5044e-06 -2.8313e-06 -1.7260e-06 -1.0187e-06 -5.8098e-07 -3.1954e-07 -1.6911e-07 -8.5915e-08 -4.1789e-08 -1.9406e-08 -8.5767e-09 -3.5955e-09 -1.4244e-09 -5.3115e-10 -1.8559e-10 -6.0468e-11 -1.8273e-11 -5.0918e-12 -1.2997e-12 -3.0175e-13 -6.3214e-14 -1.1844e-14 -1.9654e-15 -2.8571e-16 -3.5943e-17 -3.8602e-18 -3.4854e-19 -2.6005e-20 -1.5725e-21 -7.5388e-23 -2.7949e-24 -7.7888e-26 -1.5795e-27 -2.2460e-29 -2.1456e-31 -1.3108e-33 -4.8359e-36 -1.0080e-38 -1.0978e-41 -5.6995e-45 -1.2653e-48 -1.0556e-52 -2.8352e-57 -2.0344e-62 -3.1104e-68 -7.6830e-75 -2.1794e-82 -4.6419e-91 -4.3510e-101 -9.1013e-113 -1.7736e-126 -1.0309e-142 -3.9601e-162 -1.3239e-185 -2.3919e-214 -4.7695e-250 -3.9495e-295 -0.0000e+00 -0.0000e+00 -0.0000e+00 -0.0000e+00 -0.0000e+00 -0.0000e+00 -0.0000e+00 -0.0000e+00 -0.0000e+00 -0.0000e+00 -0.0000e+00 -2.3806e-04 -3.3167e-04 -3.9619e-04 -4.4172e-04 -4.7204e-04 -4.8919e-04 0.0000e+00 -4.8998e-04 -4.7636e-04 -4.5524e-04 -4.2808e-04 -3.9632e-04 -3.6139e-04 -3.2464e-04 -2.8730e-04 -2.5048e-04 -2.1511e-04 -1.8191e-04 -1.5146e-04 -1.2409e-04 -1.0002e-04 -7.9256e-05 -6.1714e-05 -4.7191e-05 -3.5412e-05 -2.6058e-05 -1.8787e-05 -1.3258e-05 -9.1501e-06 -6.1688e-06 -4.0579e-06 -2.6012e-06 -1.6227e-06 -9.8365e-07 -5.7847e-07 -3.2946e-07 -1.8138e-07 -9.6327e-08 -4.9239e-08 -2.4167e-08 -1.1359e-08 -5.0986e-09 -2.1785e-09 -8.8308e-10 -3.3834e-10 -1.2203e-10 -4.1246e-11 -1.3001e-11 -3.8013e-12 -1.0248e-12 -2.5312e-13 -5.6859e-14 -1.1524e-14 -2.0890e-15 -3.3534e-16 -4.7151e-17 -5.7367e-18 -5.9573e-19 -5.1998e-20 -3.7495e-21 -2.1906e-22 -1.0144e-23 -3.6310e-25 -9.7656e-27 -1.9104e-28 -2.6192e-30 -2.4112e-32 -1.4186e-34 -5.0371e-37 -1.0097e-39 -1.0567e-42 -5.2673e-46 -1.1217e-49 -8.9661e-54 -2.3046e-58 -1.5806e-63 -2.3067e-69 -5.4304e-76 -1.4656e-83 -2.9645e-92 -2.6333e-102 -5.2082e-114 -9.5715e-128 -5.2314e-144 -1.8835e-163 -5.8798e-187 -9.8769e-216 -1.8221e-251 -1.3880e-296 -0.0000e+00 -0.0000e+00 -0.0000e+00 -0.0000e+00 -0.0000e+00 -0.0000e+00 -0.0000e+00 -0.0000e+00 -0.0000e+00 -0.0000e+00 -0.0000e+00
-2.3322e-04 -3.2749e-04 -3.9632e-04 -4.4987e-04 -4.9173e-04 -5.2354e-04 -5.4613e-04 1.6225e-02 -5.6545e-04 -5.6290e-04 -5.5277e-04 -5.3560e-04 -5.1208e-04 -4.8306e-04 -4.4950e-04 -4.1248e-04 -3.7312e-04 -3.3259e-04 -2.9199e-04 -2.5235e-04 -2.1457e-04 -1.7941e-04 -1.4740e-04 -1.1892e-04 -9.4149e-05 -7.3080e-05 -5.5571e-05 -4.1358e-05 -3.0095e-05 -2.1390e-05 -1.4831e-05 -1.0020e-05 -6.5867e-06 -4.2071e-06 -2.6068e-06 -1.5642e-06 -9.0728e-07 -5.0766e-07 -2.7343e-07 -1.4142e-07 -7.0060e-08 -3.3150e-08 -1.4935e-08 -6.3855e-09 -2.5814e-09 -9.8272e-10 -3.5077e-10 -1.1682e-10 -3.6111e-11 -1.0299e-11 -2.6930e-12 -6.4094e-13 -1.3776e-13 -2.6507e-14 -4.5213e-15 -6.7631e-16 -8.7644e-17 -9.7076e-18 -9.0509e-19 -6.9827e-20 -4.3724e-21 -2.1741e-22 -8.3741e-24 -2.4289e-25 -5.1371e-27 -7.6346e-29 -7.6408e-31 -4.9028e-33 -1.9052e-35 -4.1957e-38 -4.8445e-41 -2.6765e-44 -6.3494e-48 -5.6865e-52 -1.6479e-56 -1.2833e-61 -2.1433e-67 -5.8258e-74 -1.8338e-81 -4.3754e-90 -4.6450e-100 -1.1145e-111 -2.5285e-125 -1.7411e-141 -8.0893e-161 -3.3530e-184 -7.7410e-213 -2.0470e-248 -2.3548e-293 -0.0000e+00 -0.0000e+00 -0.0000e+00 -0.0000e+00 -0.0000e+00 -0.0000e+00 -0.0000e+00 -0.0000e+00 -0.0000e+00 -0.0000e+00 -0.0000e+00 -2.3267e-04 -3.2443e-04 -3.8808e-04 -4.3353e-04 -4.6444e-04 -4.8278e-04 -4.8998e-04 0.0000e+00 -4.7593e-04 -4.5718e-04 -4.3233e-04 -4.0272e-04 -3.6967e-04 -3.3444e-04 -2.9822e-04 -2.6209e-04 -2.2699e-04 -1.9367e-04 -1.6275e-04 -1.3465e-04 -1.0963e-04 -8.7790e-05 -6.9109e-05 -5.3446e-05 -4.0577e-05 -3.0220e-05 -2.2059e-05 -1.5768e-05 -1.1026e-05 -7.5349e-06 -5.0259e-06 -3.2680e-06 -2.0687e-06 -1.2730e-06 -7.6028e-07 -4.3992e-07 -2.4615e-07 -1.3292e-07 -6.9117e-08 -3.4524e-08 -1.6522e-08 -7.5545e-09 -3.2898e-09 -1.3599e-09 -5.3160e-10 -1.9574e-10 -6.7583e-11 -2.1775e-11 -6.5123e-12 -1.7972e-12 -4.5471e-13 -1.0472e-13 -2.1779e-14 -4.0546e-15 -6.6911e-16 -9.6820e-17 -1.2136e-17 -1.2999e-18 -1.1718e-19 -8.7384e-21 -5.2875e-22 -2.5398e-23 -9.4465e-25 -2.6448e-26 -5.3969e-28 -7.7347e-30 -7.4608e-32 -4.6112e-34 -1.7249e-36 -3.6536e-39 -4.0545e-42 -2.1510e-45 -4.8952e-49 -4.2014e-53 -1.1655e-57 -8.6766e-63 -1.3834e-68 -3.5844e-75 -1.0736e-82 -2.4331e-91 -2.4484e-101 -5.5555e-113 -1.1888e-126 -7.6989e-143 -3.3531e-162 -1.2980e-185 -2.7867e-214 -6.8191e-250 -7.2171e-295 -0.0000e+00 -0.0000e+00 -0.0000e+00 -0.0000e+00 -0.0000e+00 -0.0000e+00 -0.0000e+00 -0.0000e+00 -0.0000e+00 -0.0000e+00 -0.0000e+00
-2.2349e-04 -3.1471e-04 -3.8263e-04 -4.3707e-04 -4.8150e-04 -5.1736e-04 -5.4528e-04 -5.6545e-04 2.0579e-02 -5.8263e-04 -5.7971e-04 -5.6933e-04 -5.5186e-04 -5.2787e-04 -4.9813e-04 -4.6358e-04 -4.2531e-04 -3.8451e-04 -3.4238e-04 -3.0012e-04 -2.5884e-04 -2.1951e-04 -1.8294e-04 -1.4973e-04 -1.2025e-04 -9.4706e-05 -7.3075e-05 -5.5193e-05 -4.0766e-05 -2.9414e-05 -2.0709e-05 -1.4209e-05 -9.4888e-06 -6.1584e-06 -3.8784e-06 -2.3662e-06 -1.3958e-06 -7.9460e-07 -4.3557e-07 -2.2938e-07 -1.1574e-07 -5.5806e-08 -2.5633e-08 -1.1178e-08 -4.6118e-09 -1.7927e-09 -6.5379e-10 -2.2261e-10 -7.0394e-11 -2.0554e-11 -5.5061e-12 -1.3437e-12 -2.9637e-13 -5.8570e-14 -1.0271e-14 -1.5813e-15 -2.1113e-16 -2.4122e-17 -2.3229e-18 -1.8535e-19 -1.2021e-20 -6.2009e-22 -2.4819e-23 -7.4948e-25 -1.6536e-26 -2.5691e-28 -2.6944e-30 -1.8164e-32 -7.4368e-35 -1.7309e-37 -2.1194e-40 -1.2464e-43 -3.1606e-47 -3.0398e-51 -9.5092e-56 -8.0400e-61 -1.4674e-66 -4.3911e-73 -1.5344e-80 -4.1035e-89 -4.9367e-99 -1.3596e-110 -3.5933e-124 -2.9334e-140 -1.6497e-159 -8.4858e-183 -2.5060e-211 -8.7987e-247 -1.4080e-291 -0.0000e+00 -0.0000e+00 -0.0000e+00 -0.0000e+00 -0.0000e+00 -0.0000e+00 -0.0000e+00 -0.0000e+00 -0.0000e+00 -0.0000e+00 -0.0000e+00 -2.2282e-04 -3.1099e-04 -3.7259e-04 -4.1715e-04 -4.4815e-04 -4.6746e-04 -4.7636e-04 -4.7593e-04 0.0000e+00 -4.5144e-04 -4.2961e-04 -4.0293e-04 -3.7258e-04 -3.3972e-04 -3.0546e-04 -2.7082e-04 -2.3671e-04 -2.0393e-04 -1.7310e-04 -1.4472e-04 -1.1911e-04 -9.6462e-05 -7.6822e-05 -6.0126e-05 -4.6214e-05 -3.4857e-05 -2.5777e-05 -1.8674e-05 -1.3238e-05 -9.1745e-06 -6.2082e-06 -4.0968e-06 -2.6328e-06 -1.6454e-06 -9.9833e-07 -5.8710e-07 -3.3401e-07 -1.8346e-07 -9.7070e-08 -4.9360e-08 -2.4059e-08 -1.1209e-08 -4.9764e-09 -2.0982e-09 -8.3707e-10 -3.1473e-10 -1.1103e-10 -3.6577e-11 -1.1192e-11 -3.1622e-12 -8.1976e-13 -1.9359e-13 -4.1322e-14 -7.9024e-15 -1.3409e-15 -1.9972e-16 -2.5796e-17 -2.8505e-18 -2.6543e-19 -2.0475e-20 -1.2834e-21 -6.3959e-23 -2.4724e-24 -7.2077e-26 -1.5345e-27 -2.2994e-29 -2.3246e-31 -1.5097e-33 -5.9504e-36 -1.3323e-38 -1.5681e-41 -8.8564e-45 -2.1548e-48 -1.9863e-52 -5.9485e-57 -4.8088e-62 -8.3800e-68 -2.3906e-74 -7.9505e-82 -2.0198e-90 -2.3036e-100 -6.0001e-112 -1.4960e-125 -1.1487e-141 -6.0566e-161 -2.9100e-184 -7.9926e-213 -2.5971e-248 -3.8242e-293 -0.0000e+00 -0.0000e+00 -0.0000e+00 -0.0000e+00 -0.0000e+00 -0.0000e+00 -0.0000e+00 -0.0000e+00 -0.0000e+00 -0.0000e+00 -0.0000e+00
-2.1016e-04 -2.9689e-04 -3.6283e-04 -4.1736e-04 -4.6375e-04 -5.0328e-04 -5.3635e-04 -5.6290e-04 -5.8263e-04 2.5468e-02 -6.0027e-04 -5.9768e-04 -5.8745e-04 -5.6981e-04 -5.4528e-04 -5.1461e-04 -4.7878e-04 -4.3893e-04 -3.9633e-04 -3.5230e-04 -3.0812e-04 -2.6500e-04 -2.2398e-04 -1.8593e-04 -1.5147e-04 -1.2102e-04 -9.4744e-05 -7.2617e-05 -5.4438e-05 -3.9874e-05 -2.8505e-05 -1.9864e-05 -1.3476e-05 -8.8874e-06 -5.6893e-06 -3.5291e-06 -2.1175e-06 -1.2265e-06 -6.8434e-07 -3.6696e-07 -1.8863e-07 -9.2692e-08 -4.3411e-08 -1.9313e-08 -8.1326e-09 -3.2286e-09 -1.2032e-09 -4.1889e-10 -1.3553e-10 -4.0520e-11 -1.1123e-11 -2.7835e-12 -6.3016e-13 -1.2794e-13 -2.3072e-14 -3.6561e-15 -5.0307e-16 -5.9302e-17 -5.8993e-18 -4.8694e-19 -3.2718e-20 -1.7512e-21 -7.2856e-23 -2.2910e-24 -5.2740e-26 -8.5687e-28 -9.4197e-30 -6.6735e-32 -2.8796e-34 -7.0852e-37 -9.2032e-40 -5.7631e-43 -1.5627e-46 -1.6146e-50 -5.4542e-55 -5.0089e-60 -9.9949e-66 -3.2942e-72 -1.2786e-79 -3.8346e-88 -5.2311e-98 -1.6546e-109 -5.0982e-123 -4.9380e-139 -3.3644e-158 -2.1499e-181 -8.1304e-210 -3.7952e-245 -8.4607e-290 -0.0000e+00 -0.0000e+00 -0.0000e+00 -0.0000e+00 -0.0000e+00 -0.0000e+00 -0.0000e+00 -0.0000e+00 -0.0000e+00 -0.0000e+00 -0.0000e+00 -2.0938e-04 -2.9255e-04 -3.5113e-04 -3.9409e-04 -4.2473e-04 -4.4473e-04 -4.5524e-04 -4.5718e-04 -4.5144e-04 0.0000e+00 -4.2061e-04 -3.9745e-04 -3.7047e-04 -3.4068e-04 -3.0909e-04 -2.7664e-04 -2.4420e-04 -2.1256e-04 -1.8237e-04 -1.5417e-04 -1.2835e-04 -1.0518e-04 -8.4793e-05 -6.7199e-05 -5.2318e-05 -3.9983e-05 -2.9970e-05 -2.2012e-05 -1.5827e-05 -1.1128e-05 -7.6421e-06 -5.1197e-06 -3.3414e-06 -2.1214e-06 -1.3081e-06 -7.8203e-07 -4.5248e-07 -2.5285e-07 -1.3617e-07 -7.0509e-08 -3.5010e-08 -1.6624e-08 -7.5256e-09 -3.2371e-09 -1.3183e-09 -5.0623e-10 -1.8251e-10 -6.1483e-11 -1.9251e-11 -5.5699e-12 -1.4797e-12 -3.5840e-13 -7.8527e-14 -1.5430e-14 -2.6926e-15 -4.1287e-16 -5.4961e-17 -6.2668e-18 -6.0290e-19 -4.8115e-20 -3.1248e-21 -1.6161e-22 -6.4941e-24 -1.9717e-25 -4.3804e-27 -6.8648e-29 -7.2752e-31 -4.9659e-33 -2.0631e-35 -4.8839e-38 -6.0985e-41 -3.6681e-44 -9.5439e-48 -9.4522e-52 -3.0572e-56 -2.6847e-61 -5.1156e-67 -1.6076e-73 -5.9389e-81 -1.6922e-89 -2.1886e-99 -6.5481e-111 -1.9035e-124 -1.7344e-140 -1.1080e-159 -6.6141e-183 -2.3266e-211 -1.0052e-246 -2.0623e-291 -0.0000e+00 -0.0000e+00 -0.0000e+00 -0.0000e+00 -0.0000e+00 -0.0000e+00 -0.0000e+00 -0.0000e+00 -0.0000e+00 -0.0000e+00 -0.0000e+00
-1.9413e-04 -2.7521e-04 -3.3825e-04 -3.9207e-04 -4.3973e-04 -4.8234e-04 -5.2012e-04 -5.5277e-04 -5.7971e-04 -6.0027e-04 3.0901e-02 -6.1967e-04 -6.1760e-04 -6.0746e-04 -5.8944e-04 -5.6406e-04 -5.3209e-04 -4.9458e-04 -4.5278e-04 -4.0808e-04 -3.6188e-04 -3.1559e-04 -2.7049e-04 -2.2772e-04 -1.8817e-04 -1.5251e-04 -1.2114e-04 -9.4222e-05 -7.1692e-05 -5.3310e-05 -3.8698e-05 -2.7390e-05 -1.8878e-05 -1.2653e-05 -8.2337e-06 -5.1938e-06 -3.1700e-06 -1.8685e-06 -1.0613e-06 -5.7956e-07 -3.0353e-07 -1.5203e-07 -7.2609e-08 -3.2959e-08 -1.4168e-08 -5.7451e-09 -2.1881e-09 -7.7908e-10 -2.5797e-10 -7.8982e-11 -2.2219e-11 -5.7034e-12 -1.3255e-12 -2.7651e-13 -5.1286e-14 -8.3675e-15 -1.1867e-15 -1.4436e-16 -1.4839e-17 -1.2673e-18 -8.8234e-20 -4.9015e-21 -2.1200e-22 -6.9438e-24 -1.6684e-25 -2.8352e-27 -3.2679e-29 -2.4338e-31 -1.1071e-33 -2.8807e-36 -3.9706e-39 -2.6486e-42 -7.6821e-46 -8.5301e-50 -3.1130e-54 -3.1066e-59 -6.7806e-65 -2.4627e-71 -1.0623e-78 -3.5750e-87 -5.5336e-97 -2.0117e-108 -7.2321e-122 -8.3184e-138 -6.8730e-157 -5.4618e-180 -2.6485e-208 -1.6459e-243 -5.1203e-288 -0.0000e+00 -0.0000e+00 -0.0000e+00 -0.0000e+00 -0.0000e+00 -0.0000e+00 -0.0000e+00 -0.0000e+00 -0.0000e+00 -0.0000e+00 -0.0000e+00 -1.9326e-04 -2.7034e-04 -3.2511e-04 -3.6590e-04 -3.9573e-04 -4.1613e-04 -4.2808e-04 -4.3233e-04 -4.2961e-04 -4.2061e-04 0.0000e+00 -3.8685e-04 -3.6371e-04 -3.3754e-04 -3.0919e-04 -2.7953e-04 -2.4935e-04 -2.1942e-04 -1.9039e-04 -1.6283e-04 -1.3719e-04 -1.1382e-04 -9.2920e-05 -7.4599e-05 -5.8853e-05 -4.5591e-05 -3.4650e-05 -2.5812e-05 -1.8829e-05 -1.3435e-05 -9.3665e-06 -6.3721e-06 -4.2244e-06 -2.7253e-06 -1.7082e-06 -1.0384e-06 -6.1118e-07 -3.4756e-07 -1.9055e-07 -1.0048e-07 -5.0837e-08 -2.4607e-08 -1.1361e-08 -4.9863e-09 -2.0731e-09 -8.1321e-10 -2.9968e-10 -1.0325e-10 -3.3087e-11 -9.8050e-12 -2.6699e-12 -6.6335e-13 -1.4922e-13 -3.0129e-14 -5.4083e-15 -8.5389e-16 -1.1717e-16 -1.3789e-17 -1.3708e-18 -1.1321e-19 -7.6192e-21 -4.0901e-22 -1.7089e-23 -5.4048e-25 -1.2534e-26 -2.0547e-28 -2.2834e-30 -1.6386e-32 -7.1771e-35 -1.7969e-37 -2.3813e-40 -1.5258e-43 -4.2470e-47 -4.5208e-51 -1.5798e-55 -1.5077e-60 -3.1427e-66 -1.0884e-72 -4.4690e-80 -1.4290e-88 -2.0973e-98 -7.2128e-110 -2.4466e-123 -2.6475e-139 -2.0513e-158 -1.5229e-181 -6.8694e-210 -3.9517e-245 -1.1314e-289 -0.0000e+00 -0.0000e+00 -0.0000e+00 -0.0000e+00 -0.0000e+00 -0.0000e+00 -0.0000e+00 -0.0000e+00 -0.0000e+00 -0.0000e+00 -0.0000e+00
-1.7625e-04 -2.5083e-04 -3.1021e-04 -3.6256e-04 -4.1071e-04 -4.5565e-04 -4.9744e-04 -5.3560e-04 -5.6933e-04 -5.9768e-04 -6.1967e-04 3.6885e-02 -6.4111e-04 -6.3937e-04 -6.2902e-04 -6.1025e-04 -5.8360e-04 -5.4993e-04 -5.1040e-04 -4.6635e-04 -4.1928e-04 -3.7074e-04 -3.2223e-04 -2.7511e-04 -2.3058e-04 -1.8959e-04 -1.5279e-04 -1.2060e-04 -9.3145e-05 -7.0320e-05 -5.1838e-05 -3.7270e-05 -2.6100e-05 -1.7779e-05 -1.1763e-05 -7.5461e-06 -4.6858e-06 -2.8109e-06 -1.6255e-06 -9.0416e-07 -4.8251e-07 -2.4638e-07 -1.2002e-07 -5.5593e-08 -2.4400e-08 -1.0108e-08 -3.9351e-09 -1.4331e-09 -4.8569e-10 -1.5231e-10 -4.3922e-11 -1.1566e-11 -2.7599e-12 -5.9169e-13 -1.1289e-13 -1.8968e-14 -2.7733e-15 -3.4821e-16 -3.6991e-17 -3.2695e-18 -2.3594e-19 -1.3606e-20 -6.1199e-22 -2.0884e-23 -5.2383e-25 -9.3138e-27 -1.1259e-28 -8.8171e-31 -4.2296e-33 -1.1642e-35 -1.7035e-38 -1.2108e-41 -3.7582e-45 -4.4867e-49 -1.7697e-53 -1.9200e-58 -4.5862e-64 -1.8366e-70 -8.8095e-78 -3.3290e-86 -5.8509e-96 -2.4467e-107 -1.0271e-120 -1.4043e-136 -1.4085e-155 -1.3937e-178 -8.6770e-207 -7.1905e-242 -3.1273e-286 -0.0000e+00 -0.0000e+00 -0.0000e+00 -0.0000e+00 -0.0000e+00 -0.0000e+00 -0.0000e+00 -0.0000e+00 -0.0000e+00 -0.0000e+00 -0.0000e+00 -1.7531e-04 -2.4555e-04 -2.9594e-04 -3.3408e-04 -3.6271e-04 -3.8318e-04 -3.9632e-04 -4.0272e-04 -4.0293e-04 -3.9745e-04 -3.8685e-04 0.0000e+00 -3.5272e-04 -3.3052e-04 -3.0586e-04 -2.7946e-04 -2.5205e-04 -2.2433e-04 -1.9695e-04 -1.7048e-04 -1.4544e-04 -1.2220e-04 -1.0107e-04 -8.2225e-05 -6.5756e-05 -5.1649e-05 -3.9812e-05 -3.0089e-05 -2.2274e-05 -1.6133e-05 -1.1420e-05 -7.8914e-06 -5.3155e-06 -3.4852e-06 -2.2209e-06 -1.3732e-06 -8.2225e-07 -4.7590e-07 -2.6566e-07 -1.4270e-07 -7.3573e-08 -3.6307e-08 -1.7098e-08 -7.6588e-09 -3.2514e-09 -1.3031e-09 -4.9090e-10 -1.7302e-10 -5.6754e-11 -1.7228e-11 -4.8091e-12 -1.2259e-12 -2.8317e-13 -5.8764e-14 -1.0852e-14 -1.7646e-15 -2.4965e-16 -3.0327e-17 -3.1162e-18 -2.6635e-19 -1.8582e-20 -1.0356e-21 -4.5001e-23 -1.4829e-24 -3.5904e-26 -6.1589e-28 -7.1788e-30 -5.4174e-32 -2.5026e-34 -6.6287e-37 -9.3257e-40 -6.3679e-43 -1.8969e-46 -2.1711e-50 -8.2008e-55 -8.5094e-60 -1.9413e-65 -7.4135e-72 -3.3852e-79 -1.2155e-87 -2.0258e-97 -8.0145e-109 -3.1748e-122 -4.0840e-138 -3.8416e-157 -3.5513e-180 -2.0570e-208 -1.5780e-243 -6.3168e-288 -0.0000e+00 -0.0000e+00 -0.0000e+00 -0.0000e+00 -0.0000e+00 -0.0000e+00 -0.0000e+00 -0.0000e+00 -0.0000e+00 -0.0000e+00 -0.0000e+00
-1.5734e-04 -2.2486e-04 -2.7997e-04 -3.3014e-04 -3.7798e-04 -4.2437e-04 -4.6927e-04 -5.1208e-04 -5.5186e-04 -5.8745e-04 -6.1760e-04 -6.4111e-04 4.3432e-02 -6.6421e-04 -6.6245e-04 -6.5150e-04 -6.3157e-04 -6.0328e-04 -5.6758e-04 -5.2573e-04 -4.7921e-04 -4.2963e-04 -3.7865e-04 -3.2787e-04 -2.7874e-04 -2.3251e-04 -1.9014e-04 -1.5232e-04 -1.1942e-04 -9.1545e-05 -6.8539e-05 -5.0061e-05 -3.5626e-05 -2.4668e-05 -1.6595e-05 -1.0829e-05 -6.8418e-06 -4.1776e-06 -2.4601e-06 -1.3940e-06 -7.5814e-07 -3.9471e-07 -1.9614e-07 -9.2725e-08 -4.1558e-08 -1.7590e-08 -7.0014e-09 -2.6085e-09 -9.0500e-10 -2.9075e-10 -8.5958e-11 -2.3225e-11 -5.6914e-12 -1.2542e-12 -2.4622e-13 -4.2609e-14 -6.4239e-15 -8.3270e-16 -9.1443e-17 -8.3665e-18 -6.2591e-19 -3.7480e-20 -1.7536e-21 -6.2360e-23 -1.6334e-24 -3.0396e-26 -3.8548e-28 -3.1754e-30 -1.6068e-32 -4.6806e-35 -7.2728e-38 -5.5108e-41 -1.8312e-44 -2.3514e-48 -1.0029e-52 -1.1836e-57 -3.0957e-63 -1.3677e-69 -7.2999e-77 -3.0996e-85 -6.1905e-95 -2.9802e-106 -1.4623e-119 -2.3789e-135 -2.9001e-154 -3.5776e-177 -2.8642e-205 -3.1704e-240 -1.9315e-284 -0.0000e+00 -0.0000e+00 -0.0000e+00 -0.0000e+00 -0.0000e+00 -0.0000e+00 -0.0000e+00 -0.0000e+00 -0.0000e+00 -0.0000e+00 -0.0000e+00 -1.5634e-04 -2.1931e-04 -2.6495e-04 -3.0007e-04 -3.2716e-04 -3.4737e-04 -3.6139e-04 -3.6967e-04 -3.7258e-04 -3.7047e-04 -3.6371e-04 -3.5272e-04 0.0000e+00 -3.1994e-04 -2.9924e-04 -2.7645e-04 -2.5221e-04 -2.2714e-04 -2.0185e-04 -1.7692e-04 -1.5286e-04 -1.3012e-04 -1.0906e-04 -8.9944e-05 -7.2932e-05 -5.8100e-05 -4.5433e-05 -3.4843e-05 -2.6181e-05 -1.9253e-05 -1.3842e-05 -9.7164e-06 -6.6508e-06 -4.4328e-06 -2.8724e-06 -1.8065e-06 -1.1008e-06 -6.4853e-07 -3.6868e-07 -2.0176e-07 -1.0602e-07 -5.3349e-08 -2.5631e-08 -1.1719e-08 -5.0807e-09 -2.0807e-09 -8.0144e-10 -2.8899e-10 -9.7055e-11 -3.0185e-11 -8.6392e-12 -2.2598e-12 -5.3610e-13 -1.1437e-13 -2.1733e-14 -3.6401e-15 -5.3109e-16 -6.6610e-17 -7.0759e-18 -6.2611e-19 -4.5286e-20 -2.6210e-21 -1.1848e-22 -4.0690e-24 -1.0289e-25 -1.8472e-27 -2.2590e-29 -1.7933e-31 -8.7396e-34 -2.4499e-36 -3.6605e-39 -2.6647e-42 -8.4985e-46 -1.0463e-49 -4.2740e-54 -4.8242e-59 -1.2052e-64 -5.0781e-71 -2.5804e-78 -1.0412e-86 -1.9720e-96 -8.9817e-108 -4.1588e-121 -6.3662e-137 -7.2788e-156 -8.3896e-179 -6.2490e-207 -6.4038e-242 -3.5911e-286 -0.0000e+00 -0.0000e+00 -0.0000e+00 -0.0000e+00 -0.0000e+00 -0.0000e+00 -0.0000e+00 -0.0000e+00 -0.0000e+00 -0.0000e+00 -0.0000e+00
-1.3813e-04 -1.9831e-04 -2.4871e-04 -2.9608e-04 -3.4281e-04 -3.8969e-04 -4.3665e-04 -4.8306e-04 -5.2787e-04 -5.6981e-04 -6.0746e-04 -6.3937e-04 -6.6421e-04 5.0552e-02 -6.8830e-04 -6.8615e-04 -6.7422e-04 -6.5280e-04 -6.2257e-04 -5.8460e-04 -5.4024e-04 -4.9111e-04 -4.3893e-04 -3.8548e-04 -3.3245e-04 -2.8136e-04 -2.3349e-04 -1.8986e-04 -1.5112e-04 -1.1764e-04 -8.9467e-05 -6.6394e-05 -4.8021e-05 -3.3804e-05 -2.3127e-05 -1.5352e-05 -9.8709e-06 -6.1359e-06 -3.6799e-06 -2.1244e-06 -1.1777e-06 -6.2528e-07 -3.1701e-07 -1.5298e-07 -7.0028e-08 -3.0290e-08 -1.2328e-08 -4.6996e-09 -1.6695e-09 -5.4957e-10 -1.6661e-10 -4.6198e-11 -1.1628e-11 -2.6346e-12 -5.3227e-13 -9.4893e-14 -1.4755e-14 -1.9751e-15 -2.2426e-16 -2.1245e-17 -1.6481e-18 -1.0251e-19 -4.9900e-21 -1.8498e-22 -5.0613e-24 -9.8602e-26 -1.3123e-27 -1.1375e-29 -6.0743e-32 -1.8732e-34 -3.0921e-37 -2.4987e-40 -8.8927e-44 -1.2289e-47 -5.6707e-52 -7.2833e-57 -2.0872e-62 -1.0180e-68 -6.0503e-76 -2.8889e-84 -6.5617e-94 -3.6399e-105 -2.0897e-118 -4.0497e-134 -6.0080e-153 -9.2533e-176 -9.5414e-204 -1.4134e-238 -1.2088e-282 -0.0000e+00 -0.0000e+00 -0.0000e+00 -0.0000e+00 -0.0000e+00 -0.0000e+00 -0.0000e+00 -0.0000e+00 -0.0000e+00 -0.0000e+00 -0.0000e+00 -1.3711e-04 -1.9263e-04 -2.3332e-04 -2.6521e-04 -2.9046e-04 -3.1008e-04 -3.2464e-04 -3.3444e-04 -3.3972e-04 -3.4068e-04 -3.3754e-04 -3.3052e-04 -3.1994e-04 0.0000e+00 -2.8953e-04 -2.7058e-04 -2.4979e-04 -2.2772e-04 -2.0491e-04 -1.8191e-04 -1.5924e-04 -1.3737e-04 -1.1671e-04 -9.7592e-05 -8.0255e-05 -6.4857e-05 -5.1462e-05 -4.0057e-05 -3.0556e-05 -2.2819e-05 -1.6664e-05 -1.1886e-05 -8.2688e-06 -5.6032e-06 -3.6926e-06 -2.3627e-06 -1.4652e-06 -8.7888e-07 -5.0887e-07 -2.8375e-07 -1.5200e-07 -7.8004e-08 -3.8238e-08 -1.7848e-08 -7.9038e-09 -3.3080e-09 -1.3030e-09 -4.8081e-10 -1.6534e-10 -5.2694e-11 -1.5466e-11 -4.1522e-12 -1.0119e-12 -2.2195e-13 -4.3408e-14 -7.4908e-15 -1.1273e-15 -1.4600e-16 -1.6038e-17 -1.4695e-18 -1.1022e-19 -6.6263e-21 -3.1167e-22 -1.1159e-23 -2.9476e-25 -5.5407e-27 -7.1113e-29 -5.9406e-31 -3.0554e-33 -9.0679e-36 -1.4394e-38 -1.1176e-41 -3.8178e-45 -5.0588e-49 -2.2357e-53 -2.7466e-58 -7.5185e-64 -3.4975e-70 -1.9790e-77 -8.9802e-86 -1.9344e-95 -1.0153e-106 -5.5009e-120 -1.0031e-135 -1.3958e-154 -2.0088e-177 -1.9273e-205 -2.6432e-240 -2.0810e-284 -0.0000e+00 -0.0000e+00 -0.0000e+00 -0.0000e+00 -0.0000e+00 -0.0000e+00 -0.0000e+00 -0.0000e+00 -0.0000e+00 -0.0000e+00 -0.0000e+00
-1.1926e-04 -1.7207e-04 -2.1749e-04 -2.6153e-04 -3.0638e-04 -3.5280e-04 -4.0071e-04 -4.4950e-04 -4.9813e-04 -5.4528e-04 -5.8944e-04 -6.2902e-04 -6.6245e-04 -6.8830e-04 5.8259e-02 -7.1270e-04 -7.0984e-04 -6.9666e-04 -6.7350e-04 -6.4113e-04 -6.0072e-04 -5.5375e-04 -5.0193e-04 -4.4713e-04 -3.9121e-04 -3.3596e-04 -2.8297e-04 -2.3358e-04 -1.8878e-04 -1.4926e-04 -1.1531e-04 -8.6960e-05 -6.3932e-05 -4.5760e-05 -3.1841e-05 -2.1506e-05 -1.4074e-05 -8.9078e-06 -5.4416e-06 -3.2013e-06 -1.8092e-06 -9.7971e-07 -5.0685e-07 -2.4972e-07 -1.1677e-07 -5.1625e-08 -2.1489e-08 -8.3833e-09 -3.0498e-09 -1.0289e-09 -3.1991e-10 -9.1056e-11 -2.3546e-11 -5.4859e-12 -1.1409e-12 -2.0959e-13 -3.3620e-14 -4.6481e-15 -5.4584e-16 -5.3555e-17 -4.3093e-18 -2.7846e-19 -1.4108e-20 -5.4536e-22 -1.5592e-23 -3.1810e-25 -4.4445e-27 -4.0551e-29 -2.2861e-31 -7.4664e-34 -1.3099e-36 -1.1294e-39 -4.3073e-43 -6.4091e-47 -3.2014e-51 -4.4777e-56 -1.4068e-61 -7.5807e-68 -5.0204e-75 -2.6978e-83 -6.9754e-93 -4.4630e-104 -3.0011e-117 -6.9369e-133 -1.2541e-151 -2.4153e-174 -3.2134e-202 -6.3830e-237 -7.6820e-281 -0.0000e+00 -0.0000e+00 -0.0000e+00 -0.0000e+00 -0.0000e+00 -0.0000e+00 -0.0000e+00 -0.0000e+00 -0.0000e+00 -0.0000e+00 -0.0000e+00 -1.1826e-04 -1.6642e-04 -2.0214e-04 -2.3065e-04 -2.5384e-04 -2.7258e-04 -2.8730e-04 -2.9822e-04 -3.0546e-04 -3.0909e-04 -3.0919e-04 -3.0586e-04 -2.9924e-04 -2.8953e-04 0.0000e+00 -2.6195e-04 -2.4480e-04 -2.2598e-04 -2.0596e-04 -1.8525e-04 -1.6434e-04 -1.4371e-04 -1.2379e-04 -1.0498e-04 -8.7571e-05 -7.1804e-05 -5.7823e-05 -4.5689e-05 -3.5389e-05 -2.6842e-05 -1.9915e-05 -1.4435e-05 -1.0208e-05 -7.0340e-06 -4.7151e-06 -3.0699e-06 -1.9378e-06 -1.1836e-06 -6.9811e-07 -3.9671e-07 -2.1666e-07 -1.1341e-07 -5.6736e-08 -2.7039e-08 -1.2233e-08 -5.2334e-09 -2.1084e-09 -7.9625e-10 -2.8044e-10 -9.1600e-11 -2.7577e-11 -7.5999e-12 -1.9029e-12 -4.2924e-13 -8.6419e-14 -1.5368e-14 -2.3860e-15 -3.1921e-16 -3.6267e-17 -3.4417e-18 -2.6779e-19 -1.6727e-20 -8.1887e-22 -3.0574e-23 -8.4390e-25 -1.6614e-26 -2.2387e-28 -1.9687e-30 -1.0690e-32 -3.3602e-35 -5.6694e-38 -4.6968e-41 -1.7194e-44 -2.4533e-48 -1.1737e-52 -1.5704e-57 -4.7130e-63 -2.4222e-69 -1.5274e-76 -7.8006e-85 -1.9129e-94 -1.1581e-105 -7.3496e-119 -1.5986e-134 -2.7109e-153 -4.8787e-176 -6.0394e-204 -1.1107e-238 -1.2306e-282 -0.0000e+00 -0.0000e+00 -0.0000e+00 -0.0000e+00 -0.0000e+00 -0.0000e+00 -0.0000e+00 -0.0000e+00 -0.0000e+00 -0.0000e+00 -0.0000e+00
-1.0127e-04 -1.4689e-04 -1.8720e-04 -2.2751e-04 -2.6981e-04 -3.1484e-04 -3.6258e-04 -4.1248e-04 -4.6358e-04 -5.1461e-04 -5.6406e-04 -6.1025e-04 -6.5150e-04 -6.8615e-04 -7.1270e-04 6.6567e-02 -7.3688e-04 -7.3308e-04 -7.1845e-04 -6.9340e-04 -6.5877e-04 -6.1583e-04 -5.6618e-04 -5.1166e-04 -4.5422e-04 -3.9586e-04 -3.3845e-04 -2.8364e-04 -2.3280e-04 -1.8696e-04 -1.4676e-04 -1.1249e-04 -8.4072e-05 -6.1195e-05 -4.3317e-05 -2.9772e-05 -1.9834e-05 -1.2784e-05 -7.9559e-06 -4.7702e-06 -2.7489e-06 -1.5185e-06 -8.0176e-07 -4.0338e-07 -1.9271e-07 -8.7098e-08 -3.7086e-08 -1.4809e-08 -5.5184e-09 -1.9083e-09 -6.0868e-10 -1.7787e-10 -4.7266e-11 -1.1327e-11 -2.4252e-12 -4.5921e-13 -7.6010e-14 -1.0857e-14 -1.3189e-15 -1.3406e-16 -1.1192e-17 -7.5162e-19 -3.9645e-20 -1.5986e-21 -4.7771e-23 -1.0211e-24 -1.4983e-26 -1.4395e-28 -8.5708e-31 -2.9659e-33 -5.5330e-36 -5.0926e-39 -2.0823e-42 -3.3379e-46 -1.8059e-50 -2.7525e-55 -9.4880e-61 -5.6523e-67 -4.1747e-74 -2.5270e-82 -7.4448e-92 -5.5001e-103 -4.3372e-116 -1.1973e-131 -2.6417e-150 -6.3724e-173 -1.0959e-200 -2.9256e-235 -4.9673e-279 -0.0000e+00 -0.0000e+00 -0.0000e+00 -0.0000e+00 -0.0000e+00 -0.0000e+00 -0.0000e+00 -0.0000e+00 -0.0000e+00 -0.0000e+00 -0.0000e+00 -1.0029e-04 -1.4140e-04 -1.7226e-04 -1.9738e-04 -2.1837e-04 -2.3595e-04 -2.5048e-04 -2.6209e-04 -2.7082e-04 -2.7664e-04 -2.7953e-04 -2.7946e-04 -2.7645e-04 -2.7058e-04 -2.6195e-04 0.0000e+00 -2.3731e-04 -2.2189e-04 -2.0489e-04 -1.8676e-04 -1.6794e-04 -1.4890e-04 -1.3007e-04 -1.1189e-04 -9.4697e-05 -7.8798e-05 -6.4411e-05 -5.1674e-05 -4.0648e-05 -3.1319e-05 -2.3610e-05 -1.7394e-05 -1.2506e-05 -8.7641e-06 -5.9768e-06 -3.9601e-06 -2.5448e-06 -1.5831e-06 -9.5131e-07 -5.5100e-07 -3.0686e-07 -1.6387e-07 -8.3676e-08 -4.0723e-08 -1.8825e-08 -8.2337e-09 -3.3935e-09 -1.3119e-09 -4.7329e-10 -1.5847e-10 -4.8945e-11 -1.3850e-11 -3.5637e-12 -8.2687e-13 -1.7141e-13 -3.1420e-14 -5.0339e-15 -6.9583e-16 -8.1787e-17 -8.0413e-18 -6.4920e-19 -4.2144e-20 -2.1481e-21 -8.3665e-23 -2.4139e-24 -4.9789e-26 -7.0463e-28 -6.5253e-30 -3.7423e-32 -1.2465e-34 -2.2363e-37 -1.9778e-40 -7.7632e-44 -1.1934e-47 -6.1843e-52 -9.0169e-57 -2.9692e-62 -1.6871e-68 -1.1866e-75 -6.8263e-84 -1.9074e-93 -1.3335e-104 -9.9245e-118 -2.5782e-133 -5.3359e-152 -1.2028e-174 -1.9249e-202 -4.7580e-237 -7.4371e-281 -0.0000e+00 -0.0000e+00 -0.0000e+00 -0.0000e+00 -0.0000e+00 -0.0000e+00 -0.0000e+00 -0.0000e+00 -0.0000e+00 -0.0000e+00 -0.0000e+00
