2.8985e-04 -3.8094e-04 -4.1605e-04 -4.0909e-04 -3.7176e-04 -3.1582e-04 -2.5226e-04 -1.9005e-04 -1.3526e-04 -9.1020e-05 -5.7921e-05 -3.4847e-05 -1.9810e-05 -1.0632e-05 -5.3818e-06 -2.5658e-06 -1.1505e-06 -4.8434e-07 -1.9108e-07 -7.0502e-08 -2.4272e-08 -7.7774e-09 -2.3134e-09 -6.3686e-10 -1.6176e-10 -3.7778e-11 -8.0824e-12 -1.5778e-12 -2.7982e-13 -4.4880e-14 -6.4768e-15 -8.3651e-16 -9.6129e-17 -9.7673e-18 -8.7151e-19 -6.7789e-20 -4.5600e-21 -2.6300e-22 -1.2884e-23 -5.3074e-25 -1.8181e-26 -5.1179e-28 -1.1684e-29 -2.1330e-31 -3.0655e-33 -3.4101e-35 -2.8821e-37 -1.8133e-39 -8.3053e-42 -2.7019e-44 -6.0759e-47 -9.1666e-50 -8.9757e-53 -5.4987e-56 -2.0235e-59 -4.2745e-63 -4.9279e-67 -2.9300e-71 -8.4329e-76 -1.0941e-80 -5.9058e-86 -1.2112e-91 -8.5156e-98 -1.8260e-104 -1.0450e-111 -1.3699e-119 -3.4513e-128 -1.3644e-137 -6.6919e-148 -3.0979e-159 -9.8315e-172 -1.4687e-185 -6.6226e-201 -5.3154e-218 -4.0371e-237 -1.3560e-258 -8.0062e-283 -2.6908e-310 0.0000e+00 0.0000e+00 0.0000e+00 0.0000e+00 0.0000e+00 0.0000e+00 0.0000e+00 0.0000e+00 0.0000e+00 0.0000e+00 0.0000e+00 0.0000e+00 0.0000e+00 0.0000e+00 0.0000e+00 0.0000e+00 0.0000e+00 0.0000e+00 0.0000e+00 0.0000e+00 0.0000e+00 0.0000e+00 0.0000e+00 3.7916e-04 4.1170e-04 4.0152e-04 3.6110e-04 3.0289e-04 2.3835e-04 1.7652e-04 1.2323e-04 8.1171e-05 5.0456e-05 2.9592e-05 1.6367e-05 8.5300e-06 4.1847e-06 1.9301e-06 8.3576e-07 3.3918e-07 1.2878e-07 4.5647e-08 1.5072e-08 4.6245e-09 1.3150e-09 3.4551e-10 8.3623e-11 1.8579e-11 3.7752e-12 6.9877e-13 1.1731e-13 1.7778e-14 2.4199e-15 2.9425e-16 3.1772e-17 3.0270e-18 2.5271e-19 1.8349e-20 1.1494e-21 6.1563e-23 2.7928e-24 1.0619e-25 3.3462e-27 8.6307e-29 1.7977e-30 2.9792e-32 3.8654e-34 3.8568e-36 2.9017e-38 1.6106e-40 6.4377e-43 1.8032e-45 3.4323e-48 4.2854e-51 3.3668e-54 1.5812e-57 4.1431e-61 5.4104e-65 2.6071e-69 -4.7955e-74 -6.8603e-78 -1.5554e-82 -1.1745e-87 -3.0476e-93 -2.5588e-99 -6.3100e-106 -4.0435e-113 -5.8183e-121 -1.5840e-129 -6.6823e-139 -3.4612e-149 -1.6772e-160 -5.5287e-173 -8.5210e-187 -3.9401e-202 -3.2250e-219 -2.4852e-238 -8.4288e-260 -5.0023e-284 -1.6825e-311 0.0000e+00 0.0000e+00 0.0000e+00 0.0000e+00 0.0000e+00 0.0000e+00 0.0000e+00 0.0000e+00 0.0000e+00 0.0000e+00 0.0000e+00 0.0000e+00 0.0000e+00 0.0000e+00 0.0000e+00 0.0000e+00 0.0000e+00 0.0000e+00 0.0000e+00 0.0000e+00 0.0000e+00 0.0000e+00
-3.8094e-04 1.1577e-03 -5.6473e-04 -5.6848e-04 -5.3202e-04 -4.6795e-04 -3.8884e-04 -3.0601e-04 -2.2833e-04 -1.6156e-04 -1.0837e-04 -6.8867e-05 -4.1418e-05 -2.3546e-05 -1.2637e-05 -6.3921e-06 -3.0425e-06 -1.3602e-06 -5.7003e-07 -2.2345e-07 -8.1738e-08 -2.7833e-08 -8.7984e-09 -2.5745e-09 -6.9515e-10 -1.7262e-10 -3.9274e-11 -8.1558e-12 -1.5393e-12 -2.6282e-13 -4.0398e-14 -5.5604e-15 -6.8140e-16 -7.3884e-17 -7.0409e-18 -5.8544e-19 -4.2140e-20 -2.6035e-21 -1.3679e-22 -6.0511e-24 -2.2291e-25 -6.7579e-27 -1.6644e-28 -3.2833e-30 -5.1087e-32 -6.1650e-34 -5.6646e-36 -3.8836e-38 -1.9430e-40 -6.9230e-43 -1.7099e-45 -2.8419e-48 -3.0754e-51 -2.0894e-54 -8.5582e-58 -2.0203e-61 -2.6138e-65 -1.7520e-69 -5.7126e-74 -8.4409e-79 -5.2183e-84 -1.2333e-89 -1.0058e-95 -2.5200e-102 -1.6981e-109 -2.6436e-117 -7.9820e-126 -3.8201e-135 -2.2934e-145 -1.3154e-156 -5.2416e-169 -9.9773e-183 -5.8269e-198 -6.1680e-215 -6.3048e-234 -2.9155e-255 -2.4312e-279 -1.1878e-306 0.0000e+00 0.0000e+00 0.0000e+00 0.0000e+00 0.0000e+00 0.0000e+00 0.0000e+00 0.0000e+00 0.0000e+00 0.0000e+00 0.0000e+00 0.0000e+00 0.0000e+00 0.0000e+00 0.0000e+00 0.0000e+00 0.0000e+00 0.0000e+00 0.0000e+00 0.0000e+00 0.0000e+00 0.0000e+00 3.7916e-04 0.0000e+00 5.4170e-04 5.2829e-04 4.7506e-04 3.9843e-04 3.1346e-04 2.3205e-04 1.6191e-04 1.0656e-04 6.6164e-05 3.8747e-05 2.1388e-05 1.1118e-05 5.4368e-06 2.4973e-06 1.0758e-06 4.3379e-07 1.6339e-07 5.7354e-08 1.8713e-08 5.6580e-09 1.5803e-09 4.0623e-10 9.5716e-11 2.0576e-11 4.0138e-12 7.0614e-13 1.1120e-13 1.5527e-14 1.8992e-15 1.9989e-16 1.7592e-17 1.2223e-18 5.6756e-20 1.8168e-22 -2.8506e-22 -3.4407e-23 -2.6112e-24 -1.4782e-25 -6.5258e-27 -2.2750e-28 -6.2627e-30 -1.3527e-31 -2.2687e-33 -2.9147e-35 -2.8228e-37 -2.0232e-39 -1.0509e-41 -3.8648e-44 -9.8027e-47 -1.6657e-49 -1.8357e-52 -1.2657e-55 -5.2447e-59 -1.2490e-62 -1.6259e-66 -1.0940e-70 -3.5726e-75 -5.2762e-80 -3.2538e-85 -7.6568e-91 -6.2069e-97 -1.5430e-103 -1.0300e-110 -1.5859e-118 -4.7284e-127 -2.2311e-136 -1.3185e-146 -7.4329e-158 -2.9064e-170 -5.4201e-184 -3.0962e-199 -3.2003e-216 -3.1887e-235 -1.4347e-256 -1.1618e-280 -5.5010e-308 0.0000e+00 0.0000e+00 0.0000e+00 0.0000e+00 0.0000e+00 0.0000e+00 0.0000e+00 0.0000e+00 0.0000e+00 0.0000e+00 0.0000e+00 0.0000e+00 0.0000e+00 0.0000e+00 0.0000e+00 0.0000e+00 0.0000e+00 0.0000e+00 0.0000e+00 0.0000e+00 0.0000e+00 0.0000e+00
-4.1605e-04 -5.6473e-04 2.5984e-03 -6.7331e-04 -6.5823e-04 -6.0812e-04 -5.3285e-04 -4.4334e-04 -3.5024e-04 -2.6257e-04 -1.8663e-04 -1.2564e-04 -8.0009e-05 -4.8136e-05 -2.7323e-05 -1.4610e-05 -7.3476e-06 -3.4695e-06 -1.5353e-06 -6.3540e-07 -2.4539e-07 -8.8227e-08 -2.9453e-08 -9.1042e-09 -2.5978e-09 -6.8200e-10 -1.6415e-10 -3.6083e-11 -7.2139e-12 -1.3058e-12 -2.1296e-13 -3.1131e-14 -4.0557e-15 -4.6801e-16 -4.7520e-17 -4.2151e-18 -3.2408e-19 -2.1417e-20 -1.2054e-21 -5.7205e-23 -2.2646e-24 -7.3904e-26 -1.9629e-27 -4.1841e-29 -7.0492e-31 -9.2309e-33 -9.2249e-35 -6.8955e-37 -3.7712e-39 -1.4729e-41 -3.9993e-44 -7.3300e-47 -8.7767e-50 -6.6210e-53 -3.0227e-56 -7.9854e-60 -1.1612e-63 -8.7886e-68 -3.2518e-72 -5.4817e-77 -3.8885e-82 -1.0610e-87 -1.0058e-93 -2.9503e-100 -2.3459e-107 -4.3464e-115 -1.5764e-123 -9.1550e-133 -6.7440e-143 -4.8044e-154 -2.4099e-166 -5.8606e-180 -4.4451e-195 -6.2232e-212 -8.5863e-231 -5.4827e-252 -6.4773e-276 -4.6154e-303 0.0000e+00 0.0000e+00 0.0000e+00 0.0000e+00 0.0000e+00 0.0000e+00 0.0000e+00 0.0000e+00 0.0000e+00 0.0000e+00 0.0000e+00 0.0000e+00 0.0000e+00 0.0000e+00 0.0000e+00 0.0000e+00 0.0000e+00 0.0000e+00 0.0000e+00 0.0000e+00 0.0000e+00 0.0000e+00 4.1170e-04 5.4170e-04 0.0000e+00 5.7350e-04 5.1553e-04 4.3209e-04 3.3956e-04 2.5093e-04 1.7463e-04 1.1450e-04 7.0716e-05 4.1112e-05 2.2470e-05 1.1528e-05 5.5389e-06 2.4858e-06 1.0385e-06 4.0207e-07 1.4343e-07 4.6766e-08 1.3771e-08 3.5908e-09 7.9830e-10 1.3765e-10 1.1839e-11 -3.2373e-12 -2.1237e-12 -7.2676e-13 -1.9095e-13 -4.1814e-14 -7.8548e-15 -1.2804e-15 -1.8180e-16 -2.2481e-17 -2.4143e-18 -2.2419e-19 -1.7895e-20 -1.2193e-21 -7.0351e-23 -3.4062e-24 -1.3700e-25 -4.5260e-27 -1.2131e-28 -2.6022e-30 -4.4010e-32 -5.7727e-34 -5.7670e-36 -4.3016e-38 -2.3437e-40 -9.1047e-43 -2.4556e-45 -4.4647e-48 -5.2966e-51 -3.9542e-54 -1.7845e-57 -4.6553e-61 -6.6778e-65 -4.9808e-69 -1.8144e-73 -3.0085e-78 -2.0971e-83 -5.6179e-89 -5.2235e-95 -1.5013e-101 -1.1687e-108 -2.1177e-116 -7.5043e-125 -4.2537e-134 -3.0552e-144 -2.1198e-155 -1.0344e-167 -2.4441e-181 -1.7989e-196 -2.4407e-213 -3.2588e-232 -2.0106e-253 -2.2914e-277 -1.5722e-304 0.0000e+00 0.0000e+00 0.0000e+00 0.0000e+00 0.0000e+00 0.0000e+00 0.0000e+00 0.0000e+00 0.0000e+00 0.0000e+00 0.0000e+00 0.0000e+00 0.0000e+00 0.0000e+00 0.0000e+00 0.0000e+00 0.0000e+00 0.0000e+00 0.0000e+00 0.0000e+00 0.0000e+00 0.0000e+00
-4.0909e-04 -5.6848e-04 -6.7331e-04 4.6044e-03 -7.5820e-04 -7.4071e-04 -6.8730e-04 -6.0562e-04 -5.0638e-04 -4.0139e-04 -3.0134e-04 -2.1404e-04 -1.4370e-04 -9.1088e-05 -5.4448e-05 -3.0652e-05 -1.6228e-05 -8.0669e-06 -3.7586e-06 -1.6383e-06 -6.6662e-07 -2.5263e-07 -8.8943e-08 -2.9011e-08 -8.7409e-09 -2.4248e-09 -6.1716e-10 -1.4358e-10 -3.0404e-11 -5.8348e-12 -1.0099e-12 -1.5683e-13 -2.1729e-14 -2.6697e-15 -2.8896e-16 -2.7357e-17 -2.2481e-18 -1.5901e-19 -9.5929e-21 -4.8877e-22 -2.0808e-23 -7.3153e-25 -2.0970e-26 -4.8337e-28 -8.8246e-30 -1.2550e-31 -1.3652e-33 -1.1136e-35 -6.6631e-38 -2.8550e-40 -8.5300e-43 -1.7257e-45 -2.2884e-48 -1.9187e-51 -9.7725e-55 -2.8919e-58 -4.7311e-62 -4.0474e-66 -1.7011e-70 -3.2750e-75 -2.6684e-80 -8.4155e-86 -9.2826e-92 -3.1912e-98 -2.9976e-105 -6.6171e-113 -2.8862e-121 -2.0364e-130 -1.8429e-140 -1.6327e-151 -1.0322e-163 -3.2111e-177 -3.1672e-192 -5.8726e-209 -1.0952e-227 -9.6704e-249 -1.6209e-272 -1.6870e-299 0.0000e+00 0.0000e+00 0.0000e+00 0.0000e+00 0.0000e+00 0.0000e+00 0.0000e+00 0.0000e+00 0.0000e+00 0.0000e+00 0.0000e+00 0.0000e+00 0.0000e+00 0.0000e+00 0.0000e+00 0.0000e+00 0.0000e+00 0.0000e+00 0.0000e+00 0.0000e+00 0.0000e+00 0.0000e+00 4.0152e-04 5.2829e-04 5.7350e-04 0.0000e+00 5.0196e-04 4.1994e-04 3.2897e-04 2.4188e-04 1.6703e-04 1.0825e-04 6.5738e-05 3.7295e-05 1.9680e-05 9.5950e-06 4.2771e-06 1.7124e-06 5.9458e-07 1.6410e-07 2.4525e-08 -8.5057e-09 -1.0083e-08 -5.9473e-09 -2.7274e-09 -1.0643e-09 -3.6500e-10 -1.1159e-10 -3.0603e-11 -7.5451e-12 -1.6722e-12 -3.3257e-13 -5.9187e-14 -9.3909e-15 -1.3224e-15 -1.6441e-16 -1.7940e-17 -1.7069e-18 -1.4057e-19 -9.9413e-21 -5.9840e-22 -3.0364e-23 -1.2853e-24 -4.4861e-26 -1.2751e-27 -2.9107e-29 -5.2567e-31 -7.3878e-33 -7.9346e-35 -6.3844e-37 -3.7652e-39 -1.5889e-41 -4.6719e-44 -9.2948e-47 -1.2113e-49 -9.9738e-53 -4.9856e-56 -1.4470e-59 -2.3203e-63 -1.9442e-67 -7.9989e-72 -1.5064e-76 -1.1998e-81 -3.6965e-87 -3.9802e-93 -1.3348e-99 -1.2221e-106 -2.6275e-114 -1.1153e-122 -7.6513e-132 -6.7264e-142 -5.7833e-153 -3.5449e-165 -1.0680e-178 -1.0190e-193 -1.8255e-210 -3.2847e-229 -2.7946e-250 -4.5063e-274 -4.5042e-301 0.0000e+00 0.0000e+00 0.0000e+00 0.0000e+00 0.0000e+00 0.0000e+00 0.0000e+00 0.0000e+00 0.0000e+00 0.0000e+00 0.0000e+00 0.0000e+00 0.0000e+00 0.0000e+00 0.0000e+00 0.0000e+00 0.0000e+00 0.0000e+00 0.0000e+00 0.0000e+00 0.0000e+00 0.0000e+00
-3.7176e-04 -5.3202e-04 -6.5823e-04 -7.5820e-04 7.1658e-03 -8.5494e-04 -8.3952e-04 -7.8176e-04 -6.8975e-04 -5.7617e-04 -4.5537e-04 -3.4027e-04 -2.4021e-04 -1.6007e-04 -1.0059e-04 -5.9536e-05 -3.3147e-05 -1.7334e-05 -8.4998e-06 -3.9009e-06 -1.6722e-06 -6.6798e-07 -2.4805e-07 -8.5396e-08 -2.7176e-08 -7.9688e-09 -2.1456e-09 -5.2849e-10 -1.1860e-10 -2.4142e-11 -4.4367e-12 -7.3231e-13 -1.0796e-13 -1.4130e-14 -1.6312e-15 -1.6493e-16 -1.4494e-17 -1.0979e-18 -7.1035e-20 -3.8879e-21 -1.7810e-22 -6.7490e-24 -2.0893e-25 -5.2110e-27 -1.0315e-28 -1.5941e-30 -1.8888e-32 -1.6822e-34 -1.1019e-36 -5.1833e-39 -1.7051e-41 -3.8101e-44 -5.5991e-47 -5.2210e-50 -2.9687e-53 -9.8477e-57 -1.8137e-60 -1.7550e-64 -8.3846e-69 -1.8447e-73 -1.7277e-78 -6.3022e-84 -8.0946e-90 -3.2640e-96 -3.6247e-103 -9.5406e-111 -5.0086e-119 -4.2967e-128 -4.7809e-138 -5.2717e-149 -4.2045e-161 -1.6748e-174 -2.1501e-189 -5.2852e-206 -1.3336e-224 -1.6301e-245 -3.8810e-269 -5.9067e-296 0.0000e+00 0.0000e+00 0.0000e+00 0.0000e+00 0.0000e+00 0.0000e+00 0.0000e+00 0.0000e+00 0.0000e+00 0.0000e+00 0.0000e+00 0.0000e+00 0.0000e+00 0.0000e+00 0.0000e+00 0.0000e+00 0.0000e+00 0.0000e+00 0.0000e+00 0.0000e+00 0.0000e+00 0.0000e+00 3.6110e-04 4.7506e-04 5.1553e-04 5.0196e-04 0.0000e+00 3.7477e-04 2.9149e-04 2.1178e-04 1.4347e-04 9.0225e-05 5.2243e-05 2.7453e-05 1.2729e-05 4.8750e-06 1.2166e-06 -1.7117e-07 -5.0006e-07 -4.3413e-07 -2.8185e-07 -1.5509e-07 -7.5426e-08 -3.3012e-08 -1.3116e-08 -4.7497e-09 -1.5698e-09 -4.7343e-10 -1.3011e-10 -3.2510e-11 -7.3643e-12 -1.5070e-12 -2.7748e-13 -4.5755e-14 -6.7225e-15 -8.7506e-16 -1.0029e-16 -1.0051e-17 -8.7428e-19 -6.5473e-20 -4.1838e-21 -2.2593e-22 -1.0202e-23 -3.8083e-25 -1.1604e-26 -2.8469e-28 -5.5398e-30 -8.4109e-32 -9.7854e-34 -8.5529e-36 -5.4955e-38 -2.5343e-40 -8.1694e-43 -1.7879e-45 -2.5722e-48 -2.3469e-51 -1.3052e-54 -4.2324e-58 -7.6164e-62 -7.1971e-66 -3.3563e-70 -7.2037e-75 -6.5782e-80 -2.3382e-85 -2.9246e-91 -1.1477e-97 -1.2396e-104 -3.1711e-112 -1.6167e-120 -1.3459e-129 -1.4520e-139 -1.5510e-150 -1.1971e-162 -4.6101e-176 -5.7159e-191 -1.3552e-207 -3.2943e-226 -3.8739e-247 -8.8595e-271 -1.2931e-297 0.0000e+00 0.0000e+00 0.0000e+00 0.0000e+00 0.0000e+00 0.0000e+00 0.0000e+00 0.0000e+00 0.0000e+00 0.0000e+00 0.0000e+00 0.0000e+00 0.0000e+00 0.0000e+00 0.0000e+00 0.0000e+00 0.0000e+00 0.0000e+00 0.0000e+00 0.0000e+00 0.0000e+00 0.0000e+00
-3.1582e-04 -4.6795e-04 -6.0812e-04 -7.4071e-04 -8.5494e-04 1.0272e-02 -9.7026e-04 -9.5232e-04 -8.8437e-04 -7.7678e-04 -6.4513e-04 -5.0643e-04 -3.7557e-04 -2.6293e-04 -1.7362e-04 -1.0802e-04 -6.3248e-05 -3.4798e-05 -1.7961e-05 -8.6815e-06 -3.9216e-06 -1.6519e-06 -6.4725e-07 -2.3528e-07 -7.9117e-08 -2.4533e-08 -6.9908e-09 -1.8239e-09 -4.3395e-10 -9.3741e-11 -1.8300e-11 -3.2119e-12 -5.0406e-13 -7.0313e-14 -8.6616e-15 -9.3570e-16 -8.7974e-17 -7.1396e-18 -4.9569e-19 -2.9158e-20 -1.4378e-21 -5.8760e-23 -1.9653e-24 -5.3065e-26 -1.1395e-27 -1.9146e-29 -2.4721e-31 -2.4052e-33 -1.7257e-35 -8.9156e-38 -3.2309e-40 -7.9779e-43 -1.2999e-45 -1.3488e-48 -8.5665e-52 -3.1870e-55 -6.6117e-59 -7.2399e-63 -3.9341e-67 -9.8977e-72 -1.0662e-76 -4.5009e-82 -6.7357e-88 -3.1877e-94 -4.1877e-101 -1.3152e-108 -8.3158e-117 -8.6802e-126 -1.1884e-135 -1.6322e-146 -1.6436e-158 -8.3894e-172 -1.4032e-186 -4.5767e-203 -1.5640e-221 -2.6491e-242 -8.9685e-266 -1.9983e-292 -7.4110e-323 0.0000e+00 0.0000e+00 0.0000e+00 0.0000e+00 0.0000e+00 0.0000e+00 0.0000e+00 0.0000e+00 0.0000e+00 0.0000e+00 0.0000e+00 0.0000e+00 0.0000e+00 0.0000e+00 0.0000e+00 0.0000e+00 0.0000e+00 0.0000e+00 0.0000e+00 0.0000e+00 0.0000e+00 3.0289e-04 3.9843e-04 4.3209e-04 4.1994e-04 3.7477e-04 0.0000e+00 2.3742e-04 1.6816e-04 1.0901e-04 6.3428e-05 3.1725e-05 1.2047e-05 1.4679e-06 -3.0708e-06 -4.1510e-06 -3.6186e-06 -2.5932e-06 -1.6302e-06 -9.2278e-07 -4.7615e-07 -2.2536e-07 -9.8118e-08 -3.9336e-08 -1.4516e-08 -4.9253e-09 -1.5335e-09 -4.3707e-10 -1.1369e-10 -2.6895e-11 -5.7641e-12 -1.1143e-12 -1.9337e-13 -2.9966e-14 -4.1225e-15 -5.0036e-16 -5.3211e-17 -4.9210e-18 -3.9256e-19 -2.6774e-20 -1.5463e-21 -7.4826e-23 -2.9994e-24 -9.8353e-26 -2.6025e-27 -5.4749e-29 -9.0078e-31 -1.1385e-32 -1.0840e-34 -7.6081e-37 -3.8437e-39 -1.3616e-41 -3.2853e-44 -5.2290e-47 -5.2979e-50 -3.2844e-53 -1.1922e-56 -2.4122e-60 -2.5750e-64 -1.3635e-68 -3.3411e-73 -3.5036e-78 -1.4391e-83 -2.0943e-89 -9.6329e-96 -1.2291e-102 -3.7469e-110 -2.2979e-118 -2.3248e-127 -3.0824e-137 -4.0965e-148 -3.9877e-160 -1.9658e-173 -3.1721e-188 -9.9696e-205 -3.2788e-223 -5.3379e-244 -1.7343e-267 -3.7024e-294 -0.0000e+00 0.0000e+00 0.0000e+00 0.0000e+00 0.0000e+00 0.0000e+00 0.0000e+00 0.0000e+00 0.0000e+00 0.0000e+00 0.0000e+00 0.0000e+00 0.0000e+00 0.0000e+00 0.0000e+00 0.0000e+00 0.0000e+00 0.0000e+00 0.0000e+00 0.0000e+00 0.0000e+00 0.0000e+00
-2.5226e-04 -3.8884e-04 -5.3285e-04 -6.8730e-04 -8.3952e-04 -9.7026e-04 1.3913e-02 -1.0945e-03 -1.0681e-03 -9.8538e-04 -8.5936e-04 -7.0840e-04 -5.5176e-04 -4.0583e-04 -2.8164e-04 -1.8424e-04 -1.1347e-04 -6.5700e-05 -3.5708e-05 -1.8184e-05 -8.6595e-06 -3.8477e-06 -1.5914e-06 -6.1107e-07 -2.1721e-07 -7.1253e-08 -2.1497e-08 -5.9434e-09 -1.4998e-09 -3.4395e-10 -7.1352e-11 -1.3322e-11 -2.2267e-12 -3.3117e-13 -4.3549e-14 -5.0286e-15 -5.0604e-16 -4.4019e-17 -3.2807e-18 -2.0749e-19 -1.1019e-20 -4.8585e-22 -1.7564e-23 -5.1362e-25 -1.1970e-26 -2.1875e-28 -3.0792e-30 -3.2743e-32 -2.5743e-34 -1.4614e-36 -5.8368e-39 -1.5934e-41 -2.8801e-44 -3.3268e-47 -2.3613e-50 -9.8572e-54 -2.3047e-57 -2.8575e-61 -1.7670e-65 -5.0862e-70 -6.3048e-75 -3.0821e-80 -5.3774e-86 -2.9887e-92 -4.6478e-99 -1.7428e-106 -1.3281e-114 -1.6880e-123 -2.8457e-133 -4.8723e-144 -6.1991e-156 -4.0585e-169 -8.8517e-184 -3.8345e-200 -1.7765e-218 -4.1743e-239 -2.0118e-262 -6.5707e-289 -3.7107e-319 0.0000e+00 0.0000e+00 0.0000e+00 0.0000e+00 0.0000e+00 0.0000e+00 0.0000e+00 0.0000e+00 0.0000e+00 0.0000e+00 0.0000e+00 0.0000e+00 0.0000e+00 0.0000e+00 0.0000e+00 0.0000e+00 0.0000e+00 0.0000e+00 0.0000e+00 0.0000e+00 0.0000e+00 2.3835e-04 3.1346e-04 3.3956e-04 3.2897e-04 2.9149e-04 2.3742e-04 0.0000e+00 1.1882e-04 6.9277e-05 3.1627e-05 6.4225e-06 -7.8455e-06 -1.3831e-05 -1.4454e-05 -1.2266e-05 -9.1166e-06 -6.1129e-06 -3.7495e-06 -2.1188e-06 -1.1070e-06 -5.3559e-07 -2.3999e-07 -9.9530e-08 -3.8150e-08 -1.3489e-08 -4.3888e-09 -1.3103e-09 -3.5781e-10 -8.9042e-11 -2.0111e-11 -4.1045e-12 -7.5325e-13 -1.2364e-13 -1.8048e-14 -2.3280e-15 -2.6354e-16 -2.5988e-17 -2.2144e-18 -1.6161e-19 -1.0005e-20 -5.1994e-22 -2.2426e-23 -7.9293e-25 -2.2671e-26 -5.1648e-28 -9.2238e-30 -1.2686e-31 -1.3176e-33 -1.0116e-35 -5.6065e-38 -2.1854e-40 -5.8212e-43 -1.0263e-45 -1.1560e-48 -7.9986e-52 -3.2538e-55 -7.4109e-59 -8.9473e-63 -5.3854e-67 -1.5082e-71 -1.8182e-76 -8.6396e-82 -1.4644e-87 -7.9033e-94 -1.1927e-100 -4.3373e-108 -3.2032e-116 -3.9428e-125 -6.4320e-135 -1.0648e-145 -1.3087e-157 -8.2688e-171 -1.7386e-185 -7.2528e-202 -3.2317e-220 -7.2937e-241 -3.3713e-264 -1.0544e-290 -5.6916e-321 0.0000e+00 0.0000e+00 0.0000e+00 0.0000e+00 0.0000e+00 0.0000e+00 0.0000e+00 0.0000e+00 0.0000e+00 0.0000e+00 0.0000e+00 0.0000e+00 0.0000e+00 0.0000e+00 0.0000e+00 0.0000e+00 0.0000e+00 0.0000e+00 0.0000e+00 0.0000e+00 0.0000e+00
-1.9005e-04 -3.0601e-04 -4.4334e-04 -6.0562e-04 -7.8176e-04 -9.5232e-04 -1.0945e-03 1.8079e-02 -1.2168e-03 -1.1785e-03 -1.0791e-03 -9.3415e-04 -7.6430e-04 -5.9073e-04 -4.3098e-04 -2.9652e-04 -1.9216e-04 -1.1714e-04 -6.7063e-05 -3.5995e-05 -1.8077e-05 -8.4761e-06 -3.7020e-06 -1.5021e-06 -5.6463e-07 -1.9602e-07 -6.2639e-08 -1.8358e-08 -4.9154e-09 -1.1972e-09 -2.6403e-10 -5.2464e-11 -9.3419e-12 -1.4820e-12 -2.0812e-13 -2.5697e-14 -2.7689e-15 -2.5827e-16 -2.0671e-17 -1.4061e-18 -8.0458e-20 -3.8288e-21 -1.4967e-22 -4.7421e-24 -1.1999e-25 -2.3860e-27 -3.6632e-29 -4.2591e-31 -3.6709e-33 -2.2910e-35 -1.0089e-37 -3.0464e-40 -6.1109e-43 -7.8621e-46 -6.2392e-49 -2.9240e-52 -7.7088e-56 -1.0828e-59 -7.6235e-64 -2.5121e-68 -3.5855e-73 -2.0310e-78 -4.1337e-84 -2.6999e-90 -4.9734e-97 -2.2283e-104 -2.0480e-112 -3.1719e-121 -6.5896e-131 -1.4076e-141 -2.2650e-153 -1.9037e-166 -5.4196e-181 -3.1215e-197 -1.9628e-215 -6.4058e-236 -4.4006e-259 -2.1098e-285 -1.8083e-315 0.0000e+00 0.0000e+00 0.0000e+00 0.0000e+00 0.0000e+00 0.0000e+00 0.0000e+00 0.0000e+00 0.0000e+00 0.0000e+00 0.0000e+00 0.0000e+00 0.0000e+00 0.0000e+00 0.0000e+00 0.0000e+00 0.0000e+00 0.0000e+00 0.0000e+00 0.0000e+00 0.0000e+00 1.7652e-04 2.3205e-04 2.5093e-04 2.4188e-04 2.1178e-04 1.6816e-04 1.1882e-04 0.0000e+00 2.9867e-05 -1.0007e-06 -2.0766e-05 -3.0437e-05 -3.2283e-05 -2.9056e-05 -2.3329e-05 -1.7072e-05 -1.1509e-05 -7.1881e-06 -4.1705e-06 -2.2504e-06 -1.1294e-06 -5.2679e-07 -2.2805e-07 -9.1464e-08 -3.3909e-08 -1.1590e-08 -3.6411e-09 -1.0479e-09 -2.7526e-10 -6.5720e-11 -1.4199e-11 -2.7626e-12 -4.8144e-13 -7.4719e-14 -1.0262e-14 -1.2389e-15 -1.3049e-16 -1.1895e-17 -9.3018e-19 -6.1814e-20 -3.4546e-21 -1.6054e-22 -6.1275e-24 -1.8952e-25 -4.6807e-27 -9.0832e-29 -1.3607e-30 -1.5434e-32 -1.2974e-34 -7.8959e-37 -3.3899e-39 -9.9773e-42 -1.9503e-44 -2.4445e-47 -1.8893e-50 -8.6208e-54 -2.2121e-57 -3.0232e-61 -2.0702e-65 -6.6323e-70 -9.1994e-75 -5.0616e-80 -1.0002e-85 -6.3391e-92 -1.1324e-98 -4.9176e-106 -4.3777e-114 -6.5624e-123 -1.3185e-132 -2.7219e-143 -4.2286e-155 -3.4282e-168 -9.4040e-183 -5.2133e-199 -3.1512e-217 -9.8734e-238 -6.5023e-261 -2.9837e-287 -2.4434e-317 0.0000e+00 0.0000e+00 0.0000e+00 0.0000e+00 0.0000e+00 0.0000e+00 0.0000e+00 0.0000e+00 0.0000e+00 0.0000e+00 0.0000e+00 0.0000e+00 0.0000e+00 0.0000e+00 0.0000e+00 0.0000e+00 0.0000e+00 0.0000e+00 0.0000e+00 0.0000e+00 0.0000e+00
-1.3526e-04 -2.2833e-04 -3.5024e-04 -5.0638e-04 -6.8975e-04 -8.8437e-04 -1.0681e-03 -1.2168e-03 2.2763e-02 -1.3311e-03 -1.2798e-03 -1.1637e-03 -1.0004e-03 -8.1279e-04 -6.2361e-04 -4.5142e-04 -3.0795e-04 -1.9770e-04 -1.1927e-04 -6.7497e-05 -3.5762e-05 -1.7702e-05 -8.1671e-06 -3.5031e-06 -1.3930e-06 -5.1200e-07 -1.7336e-07 -5.3882e-08 -1.5313e-08 -3.9625e-09 -9.2938e-10 -1.9660e-10 -3.7311e-11 -6.3155e-12 -9.4753e-13 -1.2515e-13 -1.4445e-14 -1.4453e-15 -1.2427e-16 -9.0961e-18 -5.6098e-19 -2.8824e-20 -1.2189e-21 -4.1859e-23 -1.1504e-24 -2.4903e-26 -4.1719e-28 -5.3058e-30 -5.0154e-32 -3.4426e-34 -1.6723e-36 -5.5881e-39 -1.2447e-41 -1.7845e-44 -1.5841e-47 -8.3391e-51 -2.4803e-54 -3.9490e-58 -3.1676e-62 -1.1956e-66 -1.9661e-71 -1.2912e-76 -3.0679e-82 -2.3564e-88 -5.1455e-95 -2.7566e-102 -3.0582e-110 -5.7766e-119 -1.4802e-128 -3.9486e-139 -8.0434e-151 -8.6877e-164 -3.2318e-178 -2.4779e-194 -2.1173e-212 -9.6103e-233 -9.4244e-256 -6.6426e-282 -8.6551e-312 0.0000e+00 0.0000e+00 0.0000e+00 0.0000e+00 0.0000e+00 0.0000e+00 0.0000e+00 0.0000e+00 0.0000e+00 0.0000e+00 0.0000e+00 0.0000e+00 0.0000e+00 0.0000e+00 0.0000e+00 0.0000e+00 0.0000e+00 0.0000e+00 0.0000e+00 0.0000e+00 0.0000e+00 1.2323e-04 1.6191e-04 1.7463e-04 1.6703e-04 1.4347e-04 1.0901e-04 6.9277e-05 2.9867e-05 0.0000e+00 -3.0436e-05 -4.6616e-05 -5.3345e-05 -5.2342e-05 -4.6079e-05 -3.7131e-05 -2.7663e-05 -1.9156e-05 -1.2363e-05 -7.4451e-06 -4.1837e-06 -2.1925e-06 -1.0702e-06 -4.8580e-07 -2.0464e-07 -7.9808e-08 -2.8736e-08 -9.5235e-09 -2.8952e-09 -8.0436e-10 -2.0339e-10 -4.6598e-11 -9.6263e-12 -1.7836e-12 -2.9471e-13 -4.3154e-14 -5.5622e-15 -6.2641e-16 -6.1150e-17 -5.1295e-18 -3.6626e-19 -2.2032e-20 -1.1041e-21 -4.5533e-23 -1.5248e-24 -4.0860e-26 -8.6227e-28 -1.4081e-29 -1.7454e-31 -1.6078e-33 -1.0753e-35 -5.0885e-38 -1.6561e-40 -3.5918e-43 -5.0133e-46 -4.3316e-49 -2.2186e-52 -6.4189e-56 -9.9377e-60 -7.7483e-64 -2.8417e-68 -4.5390e-73 -2.8941e-78 -6.6726e-84 -4.9708e-90 -1.0521e-96 -5.4606e-104 -5.8651e-112 -1.0718e-120 -2.6551e-130 -6.8416e-141 -1.3450e-152 -1.4008e-165 -5.0191e-180 -3.7025e-196 -3.0402e-214 -1.3243e-234 -1.2446e-257 -8.3930e-284 -1.0445e-313 0.0000e+00 0.0000e+00 0.0000e+00 0.0000e+00 0.0000e+00 0.0000e+00 0.0000e+00 0.0000e+00 0.0000e+00 0.0000e+00 0.0000e+00 0.0000e+00 0.0000e+00 0.0000e+00 0.0000e+00 0.0000e+00 0.0000e+00 0.0000e+00 0.0000e+00 0.0000e+00 0.0000e+00
-9.1020e-05 -1.6156e-04 -2.6257e-04 -4.0139e-04 -5.7617e-04 -7.7678e-04 -9.8538e-04 -1.1785e-03 -1.3311e-03 2.7961e-02 -1.4352e-03 -1.3711e-03 -1.2390e-03 -1.0586e-03 -8.5443e-04 -6.5099e-04 -4.6764e-04 -3.1632e-04 -2.0116e-04 -1.2007e-04 -6.7143e-05 -3.5099e-05 -1.7113e-05 -7.7623e-06 -3.2666e-06 -1.2716e-06 -4.5637e-07 -1.5048e-07 -4.5409e-08 -1.2489e-08 -3.1163e-09 -7.0210e-10 -1.4206e-10 -2.5668e-11 -4.1158e-12 -5.8173e-13 -7.1948e-14 -7.7251e-15 -7.1389e-16 -5.6249e-17 -3.7405e-18 -2.0761e-19 -9.5010e-21 -3.5381e-22 -1.0567e-23 -2.4910e-25 -4.5555e-27 -6.3403e-29 -6.5764e-31 -4.9671e-33 -2.6630e-35 -9.8521e-38 -2.4378e-40 -3.8969e-43 -3.8720e-46 -2.2908e-49 -7.6915e-53 -1.3889e-56 -1.2700e-60 -5.4944e-65 -1.0417e-69 -7.9380e-75 -2.2033e-80 -1.9916e-86 -5.1592e-93 -3.3077e-100 -4.4334e-108 -1.0222e-116 -3.2339e-126 -1.0784e-136 -2.7839e-148 -3.8687e-161 -1.8829e-175 -1.9241e-191 -2.2374e-209 -1.4145e-229 -1.9833e-252 -2.0587e-278 -4.0856e-308 0.0000e+00 0.0000e+00 0.0000e+00 0.0000e+00 0.0000e+00 0.0000e+00 0.0000e+00 0.0000e+00 0.0000e+00 0.0000e+00 0.0000e+00 0.0000e+00 0.0000e+00 0.0000e+00 0.0000e+00 0.0000e+00 0.0000e+00 0.0000e+00 0.0000e+00 0.0000e+00 0.0000e+00 8.1171e-05 1.0656e-04 1.1450e-04 1.0825e-04 9.0225e-05 6.3428e-05 3.1627e-05 -1.0007e-06 -3.0436e-05 0.0000e+00 -6.8078e-05 -7.3911e-05 -7.1924e-05 -6.4112e-05 -5.2920e-05 -4.0682e-05 -2.9213e-05 -1.9623e-05 -1.2333e-05 -7.2493e-06 -3.9814e-06 -2.0401e-06 -9.7356e-07 -4.3174e-07 -1.7748e-07 -6.7441e-08 -2.3617e-08 -7.5950e-09 -2.2348e-09 -5.9920e-10 -1.4574e-10 -3.2003e-11 -6.3109e-12 -1.1112e-12 -1.7364e-13 -2.3916e-14 -2.8824e-15 -3.0159e-16 -2.7158e-17 -2.0851e-18 -1.3511e-19 -7.3067e-21 -3.2581e-22 -1.1821e-23 -3.4393e-25 -7.8985e-27 -1.4070e-28 -1.9073e-30 -1.9266e-32 -1.4169e-34 -7.3956e-37 -2.6633e-39 -6.4137e-42 -9.9757e-45 -9.6421e-48 -5.5478e-51 -1.8110e-54 -3.1786e-58 -2.8240e-62 -1.1866e-66 -2.1843e-71 -1.6153e-76 -4.3488e-82 -3.8113e-88 -9.5669e-95 -5.9398e-102 -7.7050e-110 -1.7182e-118 -5.2533e-128 -1.6916e-138 -4.2133e-150 -5.6437e-163 -2.6449e-177 -2.5998e-193 -2.9042e-211 -1.7616e-231 -2.3663e-254 -2.3495e-280 -4.4524e-310 0.0000e+00 0.0000e+00 0.0000e+00 0.0000e+00 0.0000e+00 0.0000e+00 0.0000e+00 0.0000e+00 0.0000e+00 0.0000e+00 0.0000e+00 0.0000e+00 0.0000e+00 0.0000e+00 0.0000e+00 0.0000e+00 0.0000e+00 0.0000e+00 0.0000e+00 0.0000e+00 0.0000e+00
-5.7921e-05 -1.0837e-04 -1.8663e-04 -3.0134e-04 -4.5537e-04 -6.4513e-04 -8.5936e-04 -1.0791e-03 -1.2798e-03 -1.4352e-03 3.3672e-02 -1.5292e-03 -1.4530e-03 -1.3059e-03 -1.1093e-03 -8.8993e-04 -6.7345e-04 -4.8012e-04 -3.2200e-04 -2.0280e-04 -1.1973e-04 -6.6124e-05 -3.4082e-05 -1.6355e-05 -7.2866e-06 -3.0053e-06 -1.1437e-06 -4.0022e-07 -1.2829e-07 -3.7514e-08 -9.9630e-09 -2.3915e-09 -5.1612e-10 -9.9582e-11 -1.7072e-11 -2.5832e-12 -3.4250e-13 -3.9479e-14 -3.9226e-15 -3.3285e-16 -2.3877e-17 -1.4321e-18 -7.0959e-20 -2.8667e-21 -9.3075e-23 -2.3907e-24 -4.7751e-26 -7.2767e-28 -8.2860e-30 -6.8900e-32 -4.0790e-34 -1.6717e-36 -4.5980e-39 -8.1996e-42 -9.1243e-45 -6.0706e-48 -2.3024e-51 -4.7187e-55 -4.9219e-59 -2.4424e-63 -5.3429e-68 -4.7273e-73 -1.5340e-78 -1.6333e-84 -5.0238e-91 -3.8580e-98 -6.2532e-106 -1.7618e-114 -6.8888e-124 -2.8749e-134 -9.4165e-146 -1.6857e-158 -1.0748e-172 -1.4661e-188 -2.3235e-206 -2.0494e-226 -4.1158e-249 -6.3041e-275 -1.9095e-304 0.0000e+00 0.0000e+00 0.0000e+00 0.0000e+00 0.0000e+00 0.0000e+00 0.0000e+00 0.0000e+00 0.0000e+00 0.0000e+00 0.0000e+00 0.0000e+00 0.0000e+00 0.0000e+00 0.0000e+00 0.0000e+00 0.0000e+00 0.0000e+00 0.0000e+00 0.0000e+00 0.0000e+00 5.0456e-05 6.6164e-05 7.0716e-05 6.5738e-05 5.2243e-05 3.1725e-05 6.4225e-06 -2.0766e-05 -4.6616e-05 -6.8078e-05 0.0000e+00 -8.9665e-05 -8.8713e-05 -8.1260e-05 -6.9381e-05 -5.5417e-05 -4.1482e-05 -2.9118e-05 -1.9163e-05 -1.1815e-05 -6.8162e-06 -3.6739e-06 -1.8464e-06 -8.6332e-07 -3.7461e-07 -1.5042e-07 -5.5723e-08 -1.8978e-08 -5.9203e-09 -1.6848e-09 -4.3544e-10 -1.0172e-10 -2.1366e-11 -4.0124e-12 -6.6954e-13 -9.8617e-14 -1.2729e-14 -1.4284e-15 -1.3817e-16 -1.1415e-17 -7.9726e-19 -4.6559e-20 -2.2462e-21 -8.8351e-23 -2.7929e-24 -6.9843e-26 -1.3580e-27 -2.0145e-29 -2.2328e-31 -1.8070e-33 -1.0410e-35 -4.1509e-38 -1.1106e-40 -1.9263e-43 -2.0843e-46 -1.3481e-49 -4.9692e-53 -9.8951e-57 -1.0025e-60 -4.8300e-65 -1.0255e-69 -8.8025e-75 -2.7699e-80 -2.8584e-86 -8.5170e-93 -6.3322e-100 -9.9304e-108 -2.7052e-116 -1.0220e-125 -4.1174e-136 -1.3008e-147 -2.2441e-160 -1.3775e-174 -1.8068e-190 -2.7504e-208 -2.3269e-228 -4.4762e-251 -6.5566e-277 -1.8960e-306 0.0000e+00 0.0000e+00 0.0000e+00 0.0000e+00 0.0000e+00 0.0000e+00 0.0000e+00 0.0000e+00 0.0000e+00 0.0000e+00 0.0000e+00 0.0000e+00 0.0000e+00 0.0000e+00 0.0000e+00 0.0000e+00 0.0000e+00 0.0000e+00 0.0000e+00 0.0000e+00 0.0000e+00
-3.4847e-05 -6.8867e-05 -1.2564e-04 -2.1404e-04 -3.4027e-04 -5.0643e-04 -7.0840e-04 -9.3415e-04 -1.1637e-03 -1.3711e-03 -1.5292e-03 3.9900e-02 -1.6139e-03 -1.5264e-03 -1.3652e-03 -1.1536e-03 -9.2002e-04 -6.9159e-04 -4.8932e-04 -3.2532e-04 -2.0286e-04 -1.1841e-04 -6.4545e-05 -3.2779e-05 -1.5467e-05 -6.7616e-06 -2.7296e-06 -1.0141e-06 -3.4544e-07 -1.0745e-07 -3.0383e-08 -7.7734e-09 -1.7901e-09 -3.6898e-10 -6.7660e-11 -1.0965e-11 -1.5591e-12 -1.9302e-13 -2.0630e-14 -1.8860e-15 -1.4601e-16 -9.4680e-18 -5.0817e-19 -2.2282e-20 -7.8690e-22 -2.2034e-23 -4.8090e-25 -8.0282e-27 -1.0041e-28 -9.1975e-31 -6.0161e-33 -2.7330e-35 -8.3605e-38 -1.6643e-40 -2.0755e-43 -1.5539e-46 -6.6616e-50 -1.5506e-53 -1.8464e-57 -1.0517e-61 -2.6567e-66 -2.7317e-71 -1.0373e-76 -1.3020e-82 -4.7597e-89 -4.3826e-96 -8.5993e-104 -2.9638e-112 -1.4339e-121 -7.4984e-132 -3.1203e-143 -7.2060e-156 -6.0281e-170 -1.0993e-185 -2.3785e-203 -2.9322e-223 -8.4512e-246 -1.9141e-271 -8.8692e-301 0.0000e+00 0.0000e+00 0.0000e+00 0.0000e+00 0.0000e+00 0.0000e+00 0.0000e+00 0.0000e+00 0.0000e+00 0.0000e+00 0.0000e+00 0.0000e+00 0.0000e+00 0.0000e+00 0.0000e+00 0.0000e+00 0.0000e+00 0.0000e+00 0.0000e+00 0.0000e+00 0.0000e+00 2.9592e-05 3.8747e-05 4.1112e-05 3.7295e-05 2.7453e-05 1.2047e-05 -7.8455e-06 -3.0437e-05 -5.3345e-05 -7.3911e-05 -8.9665e-05 0.0000e+00 -1.0060e-04 -9.5434e-05 -8.4754e-05 -7.0631e-05 -5.5293e-05 -4.0666e-05 -2.8086e-05 -1.8198e-05 -1.1046e-05 -6.2716e-06 -3.3238e-06 -1.6405e-06 -7.5220e-07 -3.1949e-07 -1.2532e-07 -4.5238e-08 -1.4974e-08 -4.5263e-09 -1.2440e-09 -3.0938e-10 -6.9267e-11 -1.3882e-11 -2.4755e-12 -3.9018e-13 -5.3967e-14 -6.4994e-15 -6.7580e-16 -6.0111e-17 -4.5281e-18 -2.8573e-19 -1.4923e-20 -6.3677e-22 -2.1883e-23 -5.9627e-25 -1.2663e-26 -2.0569e-28 -2.5031e-30 -2.2305e-32 -1.4192e-34 -6.2704e-37 -1.8653e-39 -3.6103e-42 -4.3764e-45 -3.1843e-48 -1.3263e-51 -2.9988e-55 -3.4672e-59 -1.9170e-63 -4.6986e-68 -4.6857e-73 -1.7249e-78 -2.0980e-84 -7.4280e-91 -6.6201e-98 -1.2565e-105 -4.1864e-114 -1.9565e-123 -9.8748e-134 -3.9628e-145 -8.8174e-158 -7.0995e-172 -1.2448e-187 -2.5863e-205 -3.0578e-225 -8.4400e-248 -1.8278e-273 -8.0839e-303 0.0000e+00 0.0000e+00 0.0000e+00 0.0000e+00 0.0000e+00 0.0000e+00 0.0000e+00 0.0000e+00 0.0000e+00 0.0000e+00 0.0000e+00 0.0000e+00 0.0000e+00 0.0000e+00 0.0000e+00 0.0000e+00 0.0000e+00 0.0000e+00 0.0000e+00 0.0000e+00 0.0000e+00
-1.9810e-05 -4.1418e-05 -8.0009e-05 -1.4370e-04 -2.4021e-04 -3.7557e-04 -5.5176e-04 -7.6430e-04 -1.0004e-03 -1.2390e-03 -1.4530e-03 -1.6139e-03 4.6651e-02 -1.6904e-03 -1.5924e-03 -1.4180e-03 -1.1922e-03 -9.4537e-04 -7.0594e-04 -4.9562e-04 -3.2656e-04 -2.0153e-04 -1.1623e-04 -6.2498e-05 -3.1246e-05 -1.4484e-05 -6.2051e-06 -2.4486e-06 -8.8671e-07 -2.9349e-07 -8.8400e-08 -2.4117e-08 -5.9287e-09 -1.3061e-09 -2.5628e-10 -4.4500e-11 -6.7894e-12 -9.0318e-13 -1.0388e-13 -1.0237e-14 -8.5570e-16 -6.0023e-17 -3.4914e-18 -1.6625e-19 -6.3893e-21 -1.9514e-22 -4.6564e-24 -8.5205e-26 -1.1713e-27 -1.1825e-29 -8.5512e-32 -4.3085e-34 -1.4669e-36 -3.2620e-39 -4.5617e-42 -3.8462e-45 -1.8652e-48 -4.9348e-52 -6.7136e-56 -4.3933e-60 -1.2826e-64 -1.5339e-69 -6.8221e-75 -1.0105e-80 -4.3953e-87 -4.8578e-94 -1.1552e-101 -4.8763e-110 -2.9230e-119 -1.9178e-129 -1.0154e-140 -3.0295e-153 -3.3304e-167 -8.1336e-183 -2.4071e-200 -4.1558e-220 -1.7227e-242 -5.7827e-268 -4.1095e-297 0.0000e+00 0.0000e+00 0.0000e+00 0.0000e+00 0.0000e+00 0.0000e+00 0.0000e+00 0.0000e+00 0.0000e+00 0.0000e+00 0.0000e+00 0.0000e+00 0.0000e+00 0.0000e+00 0.0000e+00 0.0000e+00 0.0000e+00 0.0000e+00 0.0000e+00 0.0000e+00 0.0000e+00 1.6367e-05 2.1388e-05 2.2470e-05 1.9680e-05 1.2729e-05 1.4679e-06 -1.3831e-05 -3.2283e-05 -5.2342e-05 -7.1924e-05 -8.8713e-05 -1.0060e-04 0.0000e+00 -1.0476e-04 -9.7113e-05 -8.4676e-05 -6.9481e-05 -5.3644e-05 -3.8943e-05 -2.6553e-05 -1.6981e-05 -1.0167e-05 -5.6876e-06 -2.9662e-06 -1.4384e-06 -6.4678e-07 -2.6883e-07 -1.0294e-07 -3.6179e-08 -1.1624e-08 -3.3996e-09 -9.0072e-10 -2.1509e-10 -4.6034e-11 -8.7777e-12 -1.4813e-12 -2.1969e-13 -2.8413e-14 -3.1775e-15 -3.0449e-16 -2.4753e-17 -1.6887e-18 -9.5545e-20 -4.4253e-21 -1.6543e-22 -4.9147e-24 -1.1407e-25 -2.0303e-27 -2.7145e-29 -2.6652e-31 -1.8742e-33 -9.1815e-36 -3.0390e-38 -6.5684e-41 -8.9266e-44 -7.3125e-47 -3.4445e-50 -8.8497e-54 -1.1688e-57 -7.4222e-62 -2.1020e-66 -2.4377e-71 -1.0509e-76 -1.5080e-82 -6.3510e-89 -6.7928e-96 -1.5623e-103 -6.3738e-112 -3.6899e-121 -2.3363e-131 -1.1927e-142 -3.4280e-155 -3.6266e-169 -8.5140e-185 -2.4192e-202 -4.0054e-222 -1.5897e-244 -5.1015e-270 -3.4600e-299 0.0000e+00 0.0000e+00 0.0000e+00 0.0000e+00 0.0000e+00 0.0000e+00 0.0000e+00 0.0000e+00 0.0000e+00 0.0000e+00 0.0000e+00 0.0000e+00 0.0000e+00 0.0000e+00 0.0000e+00 0.0000e+00 0.0000e+00 0.0000e+00 0.0000e+00 0.0000e+00 0.0000e+00
-1.0632e-05 -2.3546e-05 -4.8136e-05 -9.1088e-05 -1.6007e-04 -2.6293e-04 -4.0583e-04 -5.9073e-04 -8.1279e-04 -1.0586e-03 -1.3059e-03 -1.5264e-03 -1.6904e-03 5.3935e-02 -1.7598e-03 -1.6520e-03 -1.4651e-03 -1.2259e-03 -9.6659e-04 -7.1693e-04 -4.9936e-04 -3.2597e-04 -1.9899e-04 -1.1333e-04 -6.0061e-05 -2.9534e-05 -1.3433e-05 -5.6328e-06 -2.1695e-06 -7.6444e-07 -2.4537e-07 -7.1413e-08 -1.8750e-08 -4.4165e-09 -9.2779e-10 -1.7270e-10 -2.8286e-11 -4.0452e-12 -5.0095e-13 -5.3238e-14 -4.8077e-15 -3.6498e-16 -2.3021e-17 -1.1910e-18 -4.9843e-20 -1.6613e-21 -4.3369e-23 -8.7038e-25 -1.3158e-26 -1.4651e-28 -1.1721e-30 -6.5547e-33 -2.4855e-35 -6.1785e-38 -9.6968e-41 -9.2143e-44 -5.0587e-47 -1.5226e-50 -2.3686e-54 -1.7823e-58 -6.0192e-63 -8.3816e-68 -4.3707e-73 -7.6484e-79 -3.9622e-85 -5.2627e-92 -1.5186e-99 -7.8617e-108 -5.8466e-117 -4.8202e-127 -3.2520e-138 -1.2557e-150 -1.8172e-164 -5.9546e-180 -2.4152e-197 -5.8524e-217 -3.4973e-239 -1.7444e-264 -1.9064e-293 0.0000e+00 0.0000e+00 0.0000e+00 0.0000e+00 0.0000e+00 0.0000e+00 0.0000e+00 0.0000e+00 0.0000e+00 0.0000e+00 0.0000e+00 0.0000e+00 0.0000e+00 0.0000e+00 0.0000e+00 0.0000e+00 0.0000e+00 0.0000e+00 0.0000e+00 0.0000e+00 0.0000e+00 8.5300e-06 1.1118e-05 1.1528e-05 9.5950e-06 4.8750e-06 -3.0708e-06 -1.4454e-05 -2.9056e-05 -4.6079e-05 -6.4112e-05 -8.1260e-05 -9.5434e-05 -1.0476e-04 0.0000e+00 -1.0475e-04 -9.5751e-05 -8.2492e-05 -6.6955e-05 -5.1156e-05 -3.6748e-05 -2.4783e-05 -1.5662e-05 -9.2571e-06 -5.1052e-06 -2.6203e-06 -1.2482e-06 -5.5017e-07 -2.2361e-07 -8.3505e-08 -2.8538e-08 -8.8867e-09 -2.5098e-09 -6.3962e-10 -1.4628e-10 -2.9843e-11 -5.3959e-12 -8.5859e-13 -1.1931e-13 -1.4360e-14 -1.4834e-15 -1.3022e-16 -9.6108e-18 -5.8939e-19 -2.9651e-20 -1.2065e-21 -3.9106e-23 -9.9266e-25 -1.9371e-26 -2.8475e-28 -3.0826e-30 -2.3975e-32 -1.3032e-34 -4.8030e-37 -1.1602e-39 -1.7691e-42 -1.6330e-45 -8.7063e-49 -2.5441e-52 -3.8413e-56 -2.8045e-60 -9.1861e-65 -1.2402e-69 -6.2670e-75 -1.0623e-80 -5.3277e-87 -6.8469e-94 -1.9105e-101 -9.5576e-110 -6.8637e-119 -5.4601e-129 -3.5513e-140 -1.3207e-152 -1.8392e-166 -5.7931e-182 -2.2554e-199 -5.2400e-219 -2.9979e-241 -1.4293e-266 -1.4907e-295 0.0000e+00 0.0000e+00 0.0000e+00 0.0000e+00 0.0000e+00 0.0000e+00 0.0000e+00 0.0000e+00 0.0000e+00 0.0000e+00 0.0000e+00 0.0000e+00 0.0000e+00 0.0000e+00 0.0000e+00 0.0000e+00 0.0000e+00 0.0000e+00 0.0000e+00 0.0000e+00 0.0000e+00
-5.3818e-06 -1.2637e-05 -2.7323e-05 -5.4448e-05 -1.0059e-04 -1.7362e-04 -2.8164e-04 -4.3098e-04 -6.2361e-04 -8.5443e-04 -1.1093e-03 -1.3652e-03 -1.5924e-03 -1.7598e-03 6.1766e-02 -1.8233e-03 -1.7063e-03 -1.5074e-03 -1.2554e-03 -9.8418e-04 -7.2496e-04 -5.0080e-04 -3.2374e-04 -1.9539e-04 -1.0981e-04 -5.7305e-05 -2.7686e-05 -1.2342e-05 -5.0579e-06 -1.8982e-06 -6.4963e-07 -2.0179e-07 -5.6611e-08 -1.4266e-08 -3.2100e-09 -6.4087e-10 -1.1273e-10 -1.7341e-11 -2.3135e-12 -2.6531e-13 -2.5897e-14 -2.1290e-15 -1.4569e-16 -8.1952e-18 -3.7366e-19 -1.3601e-20 -3.8867e-22 -8.5608e-24 -1.4243e-25 -1.7503e-27 -1.5502e-29 -9.6288e-32 -4.0696e-34 -1.1317e-36 -1.9950e-39 -2.1383e-42 -1.3302e-45 -4.5586e-49 -8.1170e-53 -7.0302e-57 -2.7493e-61 -4.4622e-66 -2.7312e-71 -5.6529e-77 -3.4923e-83 -5.5815e-90 -1.9570e-97 -1.2443e-105 -1.1498e-114 -1.1930e-124 -1.0274e-135 -5.1428e-148 -9.8168e-162 -4.3249e-177 -2.4094e-194 -8.2137e-214 -7.0937e-236 -5.2718e-261 -8.8872e-290 -6.4229e-323 0.0000e+00 0.0000e+00 0.0000e+00 0.0000e+00 0.0000e+00 0.0000e+00 0.0000e+00 0.0000e+00 0.0000e+00 0.0000e+00 0.0000e+00 0.0000e+00 0.0000e+00 0.0000e+00 0.0000e+00 0.0000e+00 0.0000e+00 0.0000e+00 0.0000e+00 0.0000e+00 4.1847e-06 5.4368e-06 5.5389e-06 4.2771e-06 1.2166e-06 -4.1510e-06 -1.2266e-05 -2.3329e-05 -3.7131e-05 -5.2920e-05 -6.9381e-05 -8.4754e-05 -9.7113e-05 -1.0475e-04 0.0000e+00 -1.0226e-04 -9.2627e-05 -7.9129e-05 -6.3696e-05 -4.8252e-05 -3.4347e-05 -2.2931e-05 -1.4330e-05 -8.3634e-06 -4.5467e-06 -2.2962e-06 -1.0739e-06 -4.6360e-07 -1.8407e-07 -6.6948e-08 -2.2212e-08 -6.6912e-09 -1.8210e-09 -4.4527e-10 -9.7252e-11 -1.8850e-11 -3.2201e-12 -4.8111e-13 -6.2354e-14 -6.9476e-15 -6.5901e-16 -5.2652e-17 -3.5022e-18 -1.9149e-19 -8.4873e-21 -3.0032e-22 -8.3429e-24 -1.7864e-25 -2.8890e-27 -3.4511e-29 -2.9708e-31 -1.7933e-33 -7.3648e-36 -1.9899e-38 -3.4074e-41 -3.5469e-44 -2.1424e-47 -7.1268e-51 -1.2314e-54 -1.0347e-58 -3.9238e-63 -6.1733e-68 -3.6612e-73 -7.3388e-79 -4.3888e-85 -6.7858e-92 -2.3004e-99 -1.4132e-107 -1.2608e-116 -1.2622e-126 -1.0477e-137 -5.0516e-150 -9.2760e-164 -3.9275e-179 -2.1003e-196 -6.8638e-216 -5.6747e-238 -4.0308e-263 -6.4836e-292 -0.0000e+00 0.0000e+00 0.0000e+00 0.0000e+00 0.0000e+00 0.0000e+00 0.0000e+00 0.0000e+00 0.0000e+00 0.0000e+00 0.0000e+00 0.0000e+00 0.0000e+00 0.0000e+00 0.0000e+00 0.0000e+00 0.0000e+00 0.0000e+00 0.0000e+00 0.0000e+00 0.0000e+00
-2.5658e-06 -6.3921e-06 -1.4610e-05 -3.0652e-05 -5.9536e-05 -1.0802e-04 -1.8424e-04 -2.9652e-04 -4.5142e-04 -6.5099e-04 -8.8993e-04 -1.1536e-03 -1.4180e-03 -1.6520e-03 -1.8233e-03 7.0160e-02 -1.8819e-03 -1.7560e-03 -1.5456e-03 -1.2813e-03 -9.9859e-04 -7.3034e-04 -5.0019e-04 -3.2005e-04 -1.9084e-04 -1.0575e-04 -5.4293e-05 -2.5742e-05 -1.1231e-05 -4.4917e-06 -1.6397e-06 -5.4392e-07 -1.6313e-07 -4.4000e-08 -1.0611e-08 -2.2733e-09 -4.2975e-10 -7.1145e-11 -1.0231e-11 -1.2667e-12 -1.3373e-13 -1.1913e-14 -8.8507e-16 -5.4160e-17 -2.6923e-18 -1.0709e-19 -3.3523e-21 -8.1095e-23 -1.4858e-24 -2.0168e-26 -1.9790e-28 -1.3664e-30 -6.4421e-33 -2.0060e-35 -3.9752e-38 -4.8103e-41 -3.3938e-44 -1.3256e-47 -2.7043e-51 -2.6988e-55 -1.2235e-59 -2.3172e-64 -1.6668e-69 -4.0854e-75 -3.0139e-81 -5.8041e-88 -2.4764e-95 -1.9367e-103 -2.2272e-112 -2.9135e-122 -3.2083e-133 -2.0862e-145 -5.2632e-159 -3.1245e-174 -2.3965e-191 -1.1523e-210 -1.4422e-232 -1.6017e-257 -4.1783e-286 -4.8857e-319 0.0000e+00 0.0000e+00 0.0000e+00 0.0000e+00 0.0000e+00 0.0000e+00 0.0000e+00 0.0000e+00 0.0000e+00 0.0000e+00 0.0000e+00 0.0000e+00 0.0000e+00 0.0000e+00 0.0000e+00 0.0000e+00 0.0000e+00 0.0000e+00 0.0000e+00 0.0000e+00 1.9301e-06 2.4973e-06 2.4858e-06 1.7124e-06 -1.7117e-07 -3.6186e-06 -9.1166e-06 -1.7072e-05 -2.7663e-05 -4.0682e-05 -5.5417e-05 -7.0631e-05 -8.4676e-05 -9.5751e-05 -1.0226e-04 0.0000e+00 -9.8386e-05 -8.8552e-05 -7.5168e-05 -6.0100e-05 -4.5190e-05 -3.1897e-05 -2.1091e-05 -1.3035e-05 -7.5110e-06 -4.0239e-06 -1.9983e-06 -9.1683e-07 -3.8726e-07 -1.5000e-07 -5.3055e-08 -1.7058e-08 -4.9604e-09 -1.2977e-09 -3.0361e-10 -6.3126e-11 -1.1584e-11 -1.8620e-12 -2.6003e-13 -3.1271e-14 -3.2072e-15 -2.7757e-16 -2.0039e-17 -1.1916e-18 -5.7569e-20 -2.2255e-21 -6.7709e-23 -1.5919e-24 -2.8347e-26 -3.7393e-28 -3.5656e-30 -2.3921e-32 -1.0957e-34 -3.3142e-37 -6.3786e-40 -7.4951e-43 -5.1336e-46 -1.9461e-49 -3.8522e-53 -3.7288e-57 -1.6391e-61 -3.0087e-66 -2.0967e-71 -4.9765e-77 -3.5533e-83 -6.6193e-90 -2.7303e-97 -2.0628e-105 -2.2903e-114 -2.8901e-124 -3.0677e-135 -1.9207e-147 -4.6615e-161 -2.6592e-176 -1.9577e-193 -9.0226e-213 -1.0809e-234 -1.1473e-259 -2.8555e-288 -3.1768e-321 0.0000e+00 0.0000e+00 0.0000e+00 0.0000e+00 0.0000e+00 0.0000e+00 0.0000e+00 0.0000e+00 0.0000e+00 0.0000e+00 0.0000e+00 0.0000e+00 0.0000e+00 0.0000e+00 0.0000e+00 0.0000e+00 0.0000e+00 0.0000e+00 0.0000e+00 0.0000e+00
