-3.7206e-09 -4.0090e-11 -1.1065e-10 -2.2766e-10 -3.9887e-10 -6.3143e-10 -9.3221e-10 -1.3080e-09 -1.7654e-09 -2.3114e-09 -2.9529e-09 -3.6970e-09 -4.5510e-09 -5.5223e-09 -6.6180e-09 -7.8455e-09 -9.2111e-09 -1.0720e-08 -1.2378e-08 -1.4185e-08 -1.6140e-08 -1.8238e-08 -2.0465e-08 -2.2801e-08 -2.5214e-08 -2.7658e-08 -3.0073e-08 -3.2377e-08 -3.4470e-08 -3.6228e-08 -3.7513e-08 -3.8171e-08 -3.8053e-08 -3.7026e-08 -3.5009e-08 -3.1992e-08 -2.8072e-08 -2.3470e-08 -1.8523e-08 -1.3646e-08 -9.2580e-09 -5.6920e-09 -3.1103e-09 -1.4756e-09 -5.9090e-10 -1.9305e-10 -4.9383e-11 -9.4102e-12 -1.2573e-12 -1.0945e-13 -5.6743e-15 -1.5702e-16 -2.0276e-18 -1.0357e-20 -1.7075e-23 -7.0613e-27 -5.3586e-31 -5.0545e-36 -3.6406e-42 -1.0859e-49 -6.1980e-59 -2.5454e-70 -2.1638e-84 -7.7250e-102 -1.4858e-123 -1.0778e-150 -9.2156e-185 -9.8517e-228 -3.2414e-282 -0.0000e+00 -0.0000e+00 -0.0000e+00 -0.0000e+00 -0.0000e+00 -0.0000e+00 -0.0000e+00 -0.0000e+00 -0.0000e+00 -0.0000e+00 -0.0000e+00 -0.0000e+00 -0.0000e+00 -0.0000e+00 -0.0000e+00 -0.0000e+00 -0.0000e+00 -0.0000e+00 -0.0000e+00 -0.0000e+00 -0.0000e+00 -0.0000e+00 -0.0000e+00 -0.0000e+00 -0.0000e+00 -0.0000e+00 -0.0000e+00 -0.0000e+00 -0.0000e+00 -0.0000e+00 -0.0000e+00 0.0000e+00 -4.0090e-11 -1.1065e-10 -2.2766e-10 -3.9887e-10 -6.3143e-10 -9.3221e-10 -1.3080e-09 -1.7654e-09 -2.3114e-09 -2.9529e-09 -3.6970e-09 -4.5510e-09 -5.5223e-09 -6.6180e-09 -7.8455e-09 -9.2111e-09 -1.0720e-08 -1.2378e-08 -1.4185e-08 -1.6140e-08 -1.8238e-08 -2.0465e-08 -2.2801e-08 -2.5214e-08 -2.7658e-08 -3.0073e-08 -3.2377e-08 -3.4470e-08 -3.6228e-08 -3.7513e-08 -3.8171e-08 -3.8053e-08 -3.7026e-08 -3.5009e-08 -3.1992e-08 -2.8072e-08 -2.3470e-08 -1.8523e-08 -1.3646e-08 -9.2580e-09 -5.6920e-09 -3.1103e-09 -1.4756e-09 -5.9090e-10 -1.9305e-10 -4.9383e-11 -9.4102e-12 -1.2573e-12 -1.0945e-13 -5.6743e-15 -1.5702e-16 -2.0276e-18 -1.0357e-20 -1.7075e-23 -7.0613e-27 -5.3586e-31 -5.0545e-36 -3.6406e-42 -1.0859e-49 -6.1980e-59 -2.5454e-70 -2.1638e-84 -7.7250e-102 -1.4858e-123 -1.0778e-150 -9.2156e-185 -9.8517e-228 -3.2414e-282 -0.0000e+00 -0.0000e+00 -0.0000e+00 -0.0000e+00 -0.0000e+00 -0.0000e+00 -0.0000e+00 -0.0000e+00 -0.0000e+00 -0.0000e+00 -0.0000e+00 -0.0000e+00 -0.0000e+00 -0.0000e+00 -0.0000e+00 -0.0000e+00 -0.0000e+00 -0.0000e+00 -0.0000e+00 -0.0000e+00 -0.0000e+00 -0.0000e+00 -0.0000e+00 -0.0000e+00 -0.0000e+00 -0.0000e+00 -0.0000e+00 -0.0000e+00 -0.0000e+00 -0.0000e+00 -0.0000e+00
-4.0090e-11 3.0248e-10 -6.2656e-10 -1.2891e-09 -2.2585e-09 -3.5754e-09 -5.2785e-09 -7.4061e-09 -9.9963e-09 -1.3088e-08 -1.6720e-08 -2.0934e-08 -2.5769e-08 -3.1269e-08 -3.7474e-08 -4.4424e-08 -5.2156e-08 -6.0703e-08 -7.0088e-08 -8.0320e-08 -9.1393e-08 -1.0327e-07 -1.1588e-07 -1.2911e-07 -1.4277e-07 -1.5661e-07 -1.7028e-07 -1.8333e-07 -1.9518e-07 -2.0514e-07 -2.1241e-07 -2.1614e-07 -2.1547e-07 -2.0966e-07 -1.9823e-07 -1.8115e-07 -1.5895e-07 -1.3290e-07 -1.0488e-07 -7.7267e-08 -5.2422e-08 -3.2230e-08 -1.7611e-08 -8.3552e-09 -3.3459e-09 -1.0931e-09 -2.7963e-10 -5.3283e-11 -7.1195e-12 -6.1973e-13 -3.2130e-14 -8.8909e-16 -1.1481e-17 -5.8647e-20 -9.6683e-23 -3.9983e-26 -3.0342e-30 -2.8620e-35 -2.0614e-41 -6.1485e-49 -3.5095e-58 -1.4413e-69 -1.2252e-83 -4.3741e-101 -8.4134e-123 -6.1028e-150 -5.2182e-184 -5.5784e-227 -1.8354e-281 -0.0000e+00 -0.0000e+00 -0.0000e+00 -0.0000e+00 -0.0000e+00 -0.0000e+00 -0.0000e+00 -0.0000e+00 -0.0000e+00 -0.0000e+00 -0.0000e+00 -0.0000e+00 -0.0000e+00 -0.0000e+00 -0.0000e+00 -0.0000e+00 -0.0000e+00 -0.0000e+00 -0.0000e+00 -0.0000e+00 -0.0000e+00 -0.0000e+00 -0.0000e+00 -0.0000e+00 -0.0000e+00 -0.0000e+00 -0.0000e+00 -0.0000e+00 -0.0000e+00 -0.0000e+00 -0.0000e+00 -4.0090e-11 0.0000e+00 -6.2656e-10 -1.2891e-09 -2.2585e-09 -3.5754e-09 -5.2785e-09 -7.4061e-09 -9.9963e-09 -1.3088e-08 -1.6720e-08 -2.0934e-08 -2.5769e-08 -3.1269e-08 -3.7474e-08 -4.4424e-08 -5.2156e-08 -6.0703e-08 -7.0088e-08 -8.0320e-08 -9.1393e-08 -1.0327e-07 -1.1588e-07 -1.2911e-07 -1.4277e-07 -1.5661e-07 -1.7028e-07 -1.8333e-07 -1.9518e-07 -2.0514e-07 -2.1241e-07 -2.1614e-07 -2.1547e-07 -2.0966e-07 -1.9823e-07 -1.8115e-07 -1.5895e-07 -1.3290e-07 -1.0488e-07 -7.7267e-08 -5.2422e-08 -3.2230e-08 -1.7611e-08 -8.3552e-09 -3.3459e-09 -1.0931e-09 -2.7963e-10 -5.3283e-11 -7.1195e-12 -6.1973e-13 -3.2130e-14 -8.8909e-16 -1.1481e-17 -5.8647e-20 -9.6683e-23 -3.9983e-26 -3.0342e-30 -2.8620e-35 -2.0614e-41 -6.1484e-49 -3.5095e-58 -1.4413e-69 -1.2252e-83 -4.3741e-101 -8.4133e-123 -6.1028e-150 -5.2182e-184 -5.5784e-227 -1.8354e-281 -0.0000e+00 -0.0000e+00 -0.0000e+00 -0.0000e+00 -0.0000e+00 -0.0000e+00 -0.0000e+00 -0.0000e+00 -0.0000e+00 -0.0000e+00 -0.0000e+00 -0.0000e+00 -0.0000e+00 -0.0000e+00 -0.0000e+00 -0.0000e+00 -0.0000e+00 -0.0000e+00 -0.0000e+00 -0.0000e+00 -0.0000e+00 -0.0000e+00 -0.0000e+00 -0.0000e+00 -0.0000e+00 -0.0000e+00 -0.0000e+00 -0.0000e+00 -0.0000e+00 -0.0000e+00 -0.0000e+00
-1.1065e-10 -6.2656e-10 3.5920e-09 -3.5581e-09 -6.2338e-09 -9.8685e-09 -1.4569e-08 -2.0442e-08 -2.7591e-08 -3.6124e-08 -4.6150e-08 -5.7779e-08 -7.1127e-08 -8.6306e-08 -1.0343e-07 -1.2261e-07 -1.4396e-07 -1.6755e-07 -1.9345e-07 -2.2169e-07 -2.5226e-07 -2.8504e-07 -3.1984e-07 -3.5635e-07 -3.9406e-07 -4.3226e-07 -4.7000e-07 -5.0601e-07 -5.3872e-07 -5.6620e-07 -5.8628e-07 -5.9657e-07 -5.9471e-07 -5.7868e-07 -5.4714e-07 -4.9999e-07 -4.3873e-07 -3.6681e-07 -2.8950e-07 -2.1327e-07 -1.4469e-07 -8.8959e-08 -4.8610e-08 -2.3061e-08 -9.2350e-09 -3.0172e-09 -7.7180e-10 -1.4707e-10 -1.9651e-11 -1.7106e-12 -8.8682e-14 -2.4540e-15 -3.1688e-17 -1.6187e-19 -2.6686e-22 -1.1036e-25 -8.3749e-30 -7.8997e-35 -5.6899e-41 -1.6971e-48 -9.6869e-58 -3.9783e-69 -3.3819e-83 -1.2074e-100 -2.3223e-122 -1.6846e-149 -1.4404e-183 -1.5399e-226 -5.0668e-281 -0.0000e+00 -0.0000e+00 -0.0000e+00 -0.0000e+00 -0.0000e+00 -0.0000e+00 -0.0000e+00 -0.0000e+00 -0.0000e+00 -0.0000e+00 -0.0000e+00 -0.0000e+00 -0.0000e+00 -0.0000e+00 -0.0000e+00 -0.0000e+00 -0.0000e+00 -0.0000e+00 -0.0000e+00 -0.0000e+00 -0.0000e+00 -0.0000e+00 -0.0000e+00 -0.0000e+00 -0.0000e+00 -0.0000e+00 -0.0000e+00 -0.0000e+00 -0.0000e+00 -0.0000e+00 -0.0000e+00 -1.1065e-10 -6.2656e-10 0.0000e+00 -3.5581e-09 -6.2338e-09 -9.8685e-09 -1.4569e-08 -2.0442e-08 -2.7591e-08 -3.6124e-08 -4.6150e-08 -5.7779e-08 -7.1127e-08 -8.6306e-08 -1.0343e-07 -1.2261e-07 -1.4396e-07 -1.6755e-07 -1.9345e-07 -2.2169e-07 -2.5226e-07 -2.8504e-07 -3.1984e-07 -3.5635e-07 -3.9406e-07 -4.3226e-07 -4.7000e-07 -5.0601e-07 -5.3872e-07 -5.6620e-07 -5.8628e-07 -5.9657e-07 -5.9471e-07 -5.7868e-07 -5.4714e-07 -4.9999e-07 -4.3873e-07 -3.6681e-07 -2.8950e-07 -2.1327e-07 -1.4469e-07 -8.8959e-08 -4.8610e-08 -2.3061e-08 -9.2350e-09 -3.0172e-09 -7.7180e-10 -1.4707e-10 -1.9651e-11 -1.7105e-12 -8.8682e-14 -2.4540e-15 -3.1688e-17 -1.6187e-19 -2.6686e-22 -1.1036e-25 -8.3749e-30 -7.8996e-35 -5.6898e-41 -1.6971e-48 -9.6867e-58 -3.9782e-69 -3.3818e-83 -1.2073e-100 -2.3222e-122 -1.6845e-149 -1.4403e-183 -1.5398e-226 -5.0662e-281 -0.0000e+00 -0.0000e+00 -0.0000e+00 -0.0000e+00 -0.0000e+00 -0.0000e+00 -0.0000e+00 -0.0000e+00 -0.0000e+00 -0.0000e+00 -0.0000e+00 -0.0000e+00 -0.0000e+00 -0.0000e+00 -0.0000e+00 -0.0000e+00 -0.0000e+00 -0.0000e+00 -0.0000e+00 -0.0000e+00 -0.0000e+00 -0.0000e+00 -0.0000e+00 -0.0000e+00 -0.0000e+00 -0.0000e+00 -0.0000e+00 -0.0000e+00 -0.0000e+00 -0.0000e+00 -0.0000e+00
-2.2766e-10 -1.2891e-09 -3.5581e-09 2.0246e-08 -1.2826e-08 -2.0304e-08 -2.9975e-08 -4.2058e-08 -5.6767e-08 -7.4323e-08 -9.4951e-08 -1.1888e-07 -1.4634e-07 -1.7757e-07 -2.1280e-07 -2.5227e-07 -2.9618e-07 -3.4472e-07 -3.9801e-07 -4.5612e-07 -5.1900e-07 -5.8645e-07 -6.5806e-07 -7.3317e-07 -8.1076e-07 -8.8936e-07 -9.6700e-07 -1.0411e-06 -1.1084e-06 -1.1649e-06 -1.2062e-06 -1.2274e-06 -1.2236e-06 -1.1906e-06 -1.1257e-06 -1.0287e-06 -9.0267e-07 -7.5470e-07 -5.9562e-07 -4.3878e-07 -2.9770e-07 -1.8303e-07 -1.0001e-07 -4.7448e-08 -1.9001e-08 -6.2077e-09 -1.5880e-09 -3.0259e-10 -4.0431e-11 -3.5194e-12 -1.8246e-13 -5.0491e-15 -6.5199e-17 -3.3306e-19 -5.4907e-22 -2.2707e-25 -1.7232e-29 -1.6254e-34 -1.1708e-40 -3.4921e-48 -1.9933e-57 -8.1866e-69 -6.9596e-83 -2.4848e-100 -4.7796e-122 -3.4673e-149 -2.9651e-183 -3.1701e-226 -1.0432e-280 -0.0000e+00 -0.0000e+00 -0.0000e+00 -0.0000e+00 -0.0000e+00 -0.0000e+00 -0.0000e+00 -0.0000e+00 -0.0000e+00 -0.0000e+00 -0.0000e+00 -0.0000e+00 -0.0000e+00 -0.0000e+00 -0.0000e+00 -0.0000e+00 -0.0000e+00 -0.0000e+00 -0.0000e+00 -0.0000e+00 -0.0000e+00 -0.0000e+00 -0.0000e+00 -0.0000e+00 -0.0000e+00 -0.0000e+00 -0.0000e+00 -0.0000e+00 -0.0000e+00 -0.0000e+00 -0.0000e+00 -2.2766e-10 -1.2891e-09 -3.5581e-09 0.0000e+00 -1.2826e-08 -2.0304e-08 -2.9975e-08 -4.2058e-08 -5.6767e-08 -7.4323e-08 -9.4951e-08 -1.1888e-07 -1.4634e-07 -1.7757e-07 -2.1280e-07 -2.5227e-07 -2.9618e-07 -3.4472e-07 -3.9801e-07 -4.5612e-07 -5.1900e-07 -5.8645e-07 -6.5806e-07 -7.3317e-07 -8.1076e-07 -8.8936e-07 -9.6700e-07 -1.0411e-06 -1.1084e-06 -1.1649e-06 -1.2062e-06 -1.2274e-06 -1.2236e-06 -1.1906e-06 -1.1257e-06 -1.0287e-06 -9.0267e-07 -7.5470e-07 -5.9562e-07 -4.3878e-07 -2.9770e-07 -1.8303e-07 -1.0001e-07 -4.7448e-08 -1.9001e-08 -6.2077e-09 -1.5879e-09 -3.0259e-10 -4.0431e-11 -3.5194e-12 -1.8246e-13 -5.0490e-15 -6.5197e-17 -3.3305e-19 -5.4905e-22 -2.2706e-25 -1.7231e-29 -1.6253e-34 -1.1707e-40 -3.4917e-48 -1.9931e-57 -8.1854e-69 -6.9584e-83 -2.4842e-100 -4.7784e-122 -3.4662e-149 -2.9639e-183 -3.1686e-226 -1.0426e-280 -0.0000e+00 -0.0000e+00 -0.0000e+00 -0.0000e+00 -0.0000e+00 -0.0000e+00 -0.0000e+00 -0.0000e+00 -0.0000e+00 -0.0000e+00 -0.0000e+00 -0.0000e+00 -0.0000e+00 -0.0000e+00 -0.0000e+00 -0.0000e+00 -0.0000e+00 -0.0000e+00 -0.0000e+00 -0.0000e+00 -0.0000e+00 -0.0000e+00 -0.0000e+00 -0.0000e+00 -0.0000e+00 -0.0000e+00 -0.0000e+00 -0.0000e+00 -0.0000e+00 -0.0000e+00 -0.0000e+00
-3.9887e-10 -2.2585e-09 -6.2338e-09 -1.2826e-08 7.7570e-08 -3.5573e-08 -5.2517e-08 -7.3685e-08 -9.9456e-08 -1.3022e-07 -1.6635e-07 -2.0828e-07 -2.5639e-07 -3.1110e-07 -3.7284e-07 -4.4198e-07 -5.1892e-07 -6.0395e-07 -6.9733e-07 -7.9913e-07 -9.0930e-07 -1.0275e-06 -1.1529e-06 -1.2845e-06 -1.4205e-06 -1.5582e-06 -1.6942e-06 -1.8240e-06 -1.9419e-06 -2.0410e-06 -2.1133e-06 -2.1504e-06 -2.1438e-06 -2.0859e-06 -1.9723e-06 -1.8023e-06 -1.5815e-06 -1.3223e-06 -1.0435e-06 -7.6876e-07 -5.2157e-07 -3.2067e-07 -1.7523e-07 -8.3131e-08 -3.3290e-08 -1.0876e-08 -2.7822e-09 -5.3016e-10 -7.0839e-11 -6.1664e-12 -3.1970e-13 -8.8469e-15 -1.1424e-16 -5.8360e-19 -9.6213e-22 -3.9791e-25 -3.0198e-29 -2.8486e-34 -2.0519e-40 -6.1206e-48 -3.4940e-57 -1.4352e-68 -1.2202e-82 -4.3572e-100 -8.3831e-122 -6.0829e-149 -5.2035e-183 -5.5656e-226 -1.8325e-280 -0.0000e+00 -0.0000e+00 -0.0000e+00 -0.0000e+00 -0.0000e+00 -0.0000e+00 -0.0000e+00 -0.0000e+00 -0.0000e+00 -0.0000e+00 -0.0000e+00 -0.0000e+00 -0.0000e+00 -0.0000e+00 -0.0000e+00 -0.0000e+00 -0.0000e+00 -0.0000e+00 -0.0000e+00 -0.0000e+00 -0.0000e+00 -0.0000e+00 -0.0000e+00 -0.0000e+00 -0.0000e+00 -0.0000e+00 -0.0000e+00 -0.0000e+00 -0.0000e+00 -0.0000e+00 -0.0000e+00 -3.9887e-10 -2.2585e-09 -6.2338e-09 -1.2826e-08 0.0000e+00 -3.5573e-08 -5.2517e-08 -7.3685e-08 -9.9456e-08 -1.3022e-07 -1.6635e-07 -2.0828e-07 -2.5639e-07 -3.1110e-07 -3.7284e-07 -4.4198e-07 -5.1892e-07 -6.0395e-07 -6.9733e-07 -7.9913e-07 -9.0930e-07 -1.0275e-06 -1.1529e-06 -1.2845e-06 -1.4205e-06 -1.5582e-06 -1.6942e-06 -1.8240e-06 -1.9419e-06 -2.0410e-06 -2.1133e-06 -2.1504e-06 -2.1437e-06 -2.0859e-06 -1.9723e-06 -1.8023e-06 -1.5815e-06 -1.3222e-06 -1.0435e-06 -7.6875e-07 -5.2157e-07 -3.2067e-07 -1.7522e-07 -8.3130e-08 -3.3289e-08 -1.0876e-08 -2.7821e-09 -5.3014e-10 -7.0836e-11 -6.1661e-12 -3.1968e-13 -8.8462e-15 -1.1423e-16 -5.8353e-19 -9.6199e-22 -3.9784e-25 -3.0192e-29 -2.8479e-34 -2.0513e-40 -6.1184e-48 -3.4925e-57 -1.4344e-68 -1.2194e-82 -4.3537e-100 -8.3748e-122 -6.0755e-149 -5.1957e-183 -5.5552e-226 -1.8282e-280 -0.0000e+00 -0.0000e+00 -0.0000e+00 -0.0000e+00 -0.0000e+00 -0.0000e+00 -0.0000e+00 -0.0000e+00 -0.0000e+00 -0.0000e+00 -0.0000e+00 -0.0000e+00 -0.0000e+00 -0.0000e+00 -0.0000e+00 -0.0000e+00 -0.0000e+00 -0.0000e+00 -0.0000e+00 -0.0000e+00 -0.0000e+00 -0.0000e+00 -0.0000e+00 -0.0000e+00 -0.0000e+00 -0.0000e+00 -0.0000e+00 -0.0000e+00 -0.0000e+00 -0.0000e+00 -0.0000e+00
-6.3143e-10 -3.5754e-09 -9.8685e-09 -2.0304e-08 -3.5573e-08 2.3286e-07 -8.3138e-08 -1.1665e-07 -1.5744e-07 -2.0614e-07 -2.6335e-07 -3.2971e-07 -4.0588e-07 -4.9249e-07 -5.9022e-07 -6.9969e-07 -8.2147e-07 -9.5609e-07 -1.1039e-06 -1.2651e-06 -1.4395e-06 -1.6265e-06 -1.8252e-06 -2.0335e-06 -2.2487e-06 -2.4667e-06 -2.6820e-06 -2.8875e-06 -3.0741e-06 -3.2310e-06 -3.3456e-06 -3.4043e-06 -3.3937e-06 -3.3022e-06 -3.1222e-06 -2.8532e-06 -2.5036e-06 -2.0932e-06 -1.6520e-06 -1.2170e-06 -8.2570e-07 -5.0766e-07 -2.7740e-07 -1.3161e-07 -5.2703e-08 -1.7219e-08 -4.4048e-09 -8.3937e-10 -1.1216e-10 -9.7634e-12 -5.0620e-13 -1.4008e-14 -1.8090e-16 -9.2419e-19 -1.5237e-21 -6.3023e-25 -4.7833e-29 -4.5128e-34 -3.2511e-40 -9.6997e-48 -5.5385e-57 -2.2756e-68 -1.9354e-82 -6.9143e-100 -1.3310e-121 -9.6646e-149 -8.2744e-183 -8.8599e-226 -2.9211e-280 -0.0000e+00 -0.0000e+00 -0.0000e+00 -0.0000e+00 -0.0000e+00 -0.0000e+00 -0.0000e+00 -0.0000e+00 -0.0000e+00 -0.0000e+00 -0.0000e+00 -0.0000e+00 -0.0000e+00 -0.0000e+00 -0.0000e+00 -0.0000e+00 -0.0000e+00 -0.0000e+00 -0.0000e+00 -0.0000e+00 -0.0000e+00 -0.0000e+00 -0.0000e+00 -0.0000e+00 -0.0000e+00 -0.0000e+00 -0.0000e+00 -0.0000e+00 -0.0000e+00 -0.0000e+00 -0.0000e+00 -6.3143e-10 -3.5754e-09 -9.8685e-09 -2.0304e-08 -3.5573e-08 0.0000e+00 -8.3138e-08 -1.1665e-07 -1.5744e-07 -2.0614e-07 -2.6335e-07 -3.2971e-07 -4.0588e-07 -4.9249e-07 -5.9022e-07 -6.9969e-07 -8.2147e-07 -9.5609e-07 -1.1039e-06 -1.2651e-06 -1.4395e-06 -1.6265e-06 -1.8252e-06 -2.0335e-06 -2.2487e-06 -2.4667e-06 -2.6820e-06 -2.8875e-06 -3.0741e-06 -3.2310e-06 -3.3455e-06 -3.4043e-06 -3.3937e-06 -3.3022e-06 -3.1222e-06 -2.8531e-06 -2.5036e-06 -2.0932e-06 -1.6520e-06 -1.2170e-06 -8.2568e-07 -5.0764e-07 -2.7739e-07 -1.3160e-07 -5.2700e-08 -1.7218e-08 -4.4044e-09 -8.3928e-10 -1.1214e-10 -9.7618e-12 -5.0610e-13 -1.4005e-14 -1.8085e-16 -9.2387e-19 -1.5231e-21 -6.2991e-25 -4.7804e-29 -4.5095e-34 -3.2482e-40 -9.6892e-48 -5.5312e-57 -2.2719e-68 -1.9317e-82 -6.8977e-100 -1.3271e-121 -9.6295e-149 -8.2374e-183 -8.8107e-226 -2.9009e-280 -0.0000e+00 -0.0000e+00 -0.0000e+00 -0.0000e+00 -0.0000e+00 -0.0000e+00 -0.0000e+00 -0.0000e+00 -0.0000e+00 -0.0000e+00 -0.0000e+00 -0.0000e+00 -0.0000e+00 -0.0000e+00 -0.0000e+00 -0.0000e+00 -0.0000e+00 -0.0000e+00 -0.0000e+00 -0.0000e+00 -0.0000e+00 -0.0000e+00 -0.0000e+00 -0.0000e+00 -0.0000e+00 -0.0000e+00 -0.0000e+00 -0.0000e+00 -0.0000e+00 -0.0000e+00 -0.0000e+00
-9.3221e-10 -5.2785e-09 -1.4569e-08 -2.9975e-08 -5.2517e-08 -8.3138e-08 5.9092e-07 -1.7221e-07 -2.3244e-07 -3.0433e-07 -3.8879e-07 -4.8677e-07 -5.9921e-07 -7.2709e-07 -8.7137e-07 -1.0330e-06 -1.2128e-06 -1.4115e-06 -1.6297e-06 -1.8677e-06 -2.1251e-06 -2.4013e-06 -2.6946e-06 -3.0021e-06 -3.3198e-06 -3.6417e-06 -3.9596e-06 -4.2630e-06 -4.5385e-06 -4.7701e-06 -4.9392e-06 -5.0259e-06 -5.0103e-06 -4.8753e-06 -4.6096e-06 -4.2124e-06 -3.6963e-06 -3.0904e-06 -2.4391e-06 -1.7968e-06 -1.2191e-06 -7.4955e-07 -4.0959e-07 -1.9432e-07 -7.7820e-08 -2.5426e-08 -6.5044e-09 -1.2395e-09 -1.6563e-10 -1.4420e-11 -7.4767e-13 -2.0693e-14 -2.6725e-16 -1.3655e-18 -2.2517e-21 -9.3151e-25 -7.0718e-29 -6.6737e-34 -4.8097e-40 -1.4356e-47 -8.2016e-57 -3.3720e-68 -2.8703e-82 -1.0264e-99 -1.9784e-121 -1.4388e-148 -1.2343e-182 -1.3248e-225 -4.3817e-280 -0.0000e+00 -0.0000e+00 -0.0000e+00 -0.0000e+00 -0.0000e+00 -0.0000e+00 -0.0000e+00 -0.0000e+00 -0.0000e+00 -0.0000e+00 -0.0000e+00 -0.0000e+00 -0.0000e+00 -0.0000e+00 -0.0000e+00 -0.0000e+00 -0.0000e+00 -0.0000e+00 -0.0000e+00 -0.0000e+00 -0.0000e+00 -0.0000e+00 -0.0000e+00 -0.0000e+00 -0.0000e+00 -0.0000e+00 -0.0000e+00 -0.0000e+00 -0.0000e+00 -0.0000e+00 -0.0000e+00 -9.3221e-10 -5.2785e-09 -1.4569e-08 -2.9975e-08 -5.2517e-08 -8.3138e-08 0.0000e+00 -1.7221e-07 -2.3244e-07 -3.0433e-07 -3.8879e-07 -4.8677e-07 -5.9921e-07 -7.2709e-07 -8.7137e-07 -1.0330e-06 -1.2128e-06 -1.4115e-06 -1.6297e-06 -1.8677e-06 -2.1251e-06 -2.4013e-06 -2.6946e-06 -3.0021e-06 -3.3198e-06 -3.6417e-06 -3.9596e-06 -4.2630e-06 -4.5385e-06 -4.7701e-06 -4.9392e-06 -5.0259e-06 -5.0103e-06 -4.8752e-06 -4.6095e-06 -4.2123e-06 -3.6962e-06 -3.0903e-06 -2.4389e-06 -1.7967e-06 -1.2190e-06 -7.4948e-07 -4.0954e-07 -1.9430e-07 -7.7807e-08 -2.5421e-08 -6.5029e-09 -1.2392e-09 -1.6558e-10 -1.4414e-11 -7.4730e-13 -2.0680e-14 -2.6706e-16 -1.3643e-18 -2.2493e-21 -9.3032e-25 -7.0609e-29 -6.6613e-34 -4.7988e-40 -1.4317e-47 -8.1743e-57 -3.3583e-68 -2.8561e-82 -1.0202e-99 -1.9637e-121 -1.4256e-148 -1.2203e-182 -1.3064e-225 -4.3057e-280 -0.0000e+00 -0.0000e+00 -0.0000e+00 -0.0000e+00 -0.0000e+00 -0.0000e+00 -0.0000e+00 -0.0000e+00 -0.0000e+00 -0.0000e+00 -0.0000e+00 -0.0000e+00 -0.0000e+00 -0.0000e+00 -0.0000e+00 -0.0000e+00 -0.0000e+00 -0.0000e+00 -0.0000e+00 -0.0000e+00 -0.0000e+00 -0.0000e+00 -0.0000e+00 -0.0000e+00 -0.0000e+00 -0.0000e+00 -0.0000e+00 -0.0000e+00 -0.0000e+00 -0.0000e+00 -0.0000e+00
-1.3080e-09 -7.4061e-09 -2.0442e-08 -4.2058e-08 -7.3685e-08 -1.1665e-07 -1.7221e-07 1.3263e-06 -3.2613e-07 -4.2700e-07 -5.4550e-07 -6.8297e-07 -8.4073e-07 -1.0202e-06 -1.2226e-06 -1.4493e-06 -1.7016e-06 -1.9805e-06 -2.2866e-06 -2.6205e-06 -2.9817e-06 -3.3692e-06 -3.7807e-06 -4.2122e-06 -4.6579e-06 -5.1095e-06 -5.5556e-06 -5.9813e-06 -6.3679e-06 -6.6928e-06 -6.9302e-06 -7.0519e-06 -7.0300e-06 -6.8405e-06 -6.4679e-06 -5.9105e-06 -5.1865e-06 -4.3364e-06 -3.4225e-06 -2.5214e-06 -1.7107e-06 -1.0518e-06 -5.7479e-07 -2.7271e-07 -1.0922e-07 -3.5687e-08 -9.1301e-09 -1.7401e-09 -2.3255e-10 -2.0247e-11 -1.0500e-12 -2.9066e-14 -3.7548e-16 -1.9190e-18 -3.1655e-21 -1.3101e-24 -9.9507e-29 -9.3963e-34 -6.7768e-40 -2.0246e-47 -1.1579e-56 -4.7670e-68 -4.0646e-82 -1.4565e-99 -2.8145e-121 -2.0534e-148 -1.7684e-182 -1.9077e-225 -6.3486e-280 -0.0000e+00 -0.0000e+00 -0.0000e+00 -0.0000e+00 -0.0000e+00 -0.0000e+00 -0.0000e+00 -0.0000e+00 -0.0000e+00 -0.0000e+00 -0.0000e+00 -0.0000e+00 -0.0000e+00 -0.0000e+00 -0.0000e+00 -0.0000e+00 -0.0000e+00 -0.0000e+00 -0.0000e+00 -0.0000e+00 -0.0000e+00 -0.0000e+00 -0.0000e+00 -0.0000e+00 -0.0000e+00 -0.0000e+00 -0.0000e+00 -0.0000e+00 -0.0000e+00 -0.0000e+00 -0.0000e+00 -1.3080e-09 -7.4061e-09 -2.0442e-08 -4.2058e-08 -7.3685e-08 -1.1665e-07 -1.7221e-07 0.0000e+00 -3.2613e-07 -4.2700e-07 -5.4550e-07 -6.8297e-07 -8.4073e-07 -1.0202e-06 -1.2226e-06 -1.4493e-06 -1.7016e-06 -1.9805e-06 -2.2866e-06 -2.6205e-06 -2.9817e-06 -3.3692e-06 -3.7806e-06 -4.2122e-06 -4.6579e-06 -5.1095e-06 -5.5556e-06 -5.9812e-06 -6.3678e-06 -6.6927e-06 -6.9300e-06 -7.0517e-06 -7.0298e-06 -6.8403e-06 -6.4675e-06 -5.9102e-06 -5.1861e-06 -4.3360e-06 -3.4221e-06 -2.5210e-06 -1.7104e-06 -1.0516e-06 -5.7465e-07 -2.7263e-07 -1.0918e-07 -3.5671e-08 -9.1253e-09 -1.7389e-09 -2.3237e-10 -2.0228e-11 -1.0488e-12 -2.9026e-14 -3.7487e-16 -1.9153e-18 -3.1580e-21 -1.3063e-24 -9.9164e-29 -9.3571e-34 -6.7425e-40 -2.0121e-47 -1.1493e-56 -4.7239e-68 -4.0197e-82 -1.4369e-99 -2.7680e-121 -2.0118e-148 -1.7244e-182 -1.8491e-225 -6.1078e-280 -0.0000e+00 -0.0000e+00 -0.0000e+00 -0.0000e+00 -0.0000e+00 -0.0000e+00 -0.0000e+00 -0.0000e+00 -0.0000e+00 -0.0000e+00 -0.0000e+00 -0.0000e+00 -0.0000e+00 -0.0000e+00 -0.0000e+00 -0.0000e+00 -0.0000e+00 -0.0000e+00 -0.0000e+00 -0.0000e+00 -0.0000e+00 -0.0000e+00 -0.0000e+00 -0.0000e+00 -0.0000e+00 -0.0000e+00 -0.0000e+00 -0.0000e+00 -0.0000e+00 -0.0000e+00 -0.0000e+00
-1.7654e-09 -9.9963e-09 -2.7591e-08 -5.6767e-08 -9.9456e-08 -1.5744e-07 -2.3244e-07 -3.2613e-07 2.7112e-06 -5.7634e-07 -7.3629e-07 -9.2183e-07 -1.1348e-06 -1.3770e-06 -1.6502e-06 -1.9562e-06 -2.2967e-06 -2.6731e-06 -3.0864e-06 -3.5370e-06 -4.0246e-06 -4.5476e-06 -5.1029e-06 -5.6854e-06 -6.2870e-06 -6.8966e-06 -7.4987e-06 -8.0734e-06 -8.5952e-06 -9.0339e-06 -9.3543e-06 -9.5186e-06 -9.4892e-06 -9.2336e-06 -8.7306e-06 -7.9785e-06 -7.0013e-06 -5.8539e-06 -4.6203e-06 -3.4040e-06 -2.3097e-06 -1.4202e-06 -7.7613e-07 -3.6827e-07 -1.4750e-07 -4.8202e-08 -1.2334e-08 -2.3510e-09 -3.1426e-10 -2.7368e-11 -1.4197e-12 -3.9314e-14 -5.0809e-16 -2.5982e-18 -4.2885e-21 -1.7762e-24 -1.3504e-28 -1.2766e-33 -9.2195e-40 -2.7589e-47 -1.5812e-56 -6.5260e-68 -5.5816e-82 -2.0078e-99 -3.8980e-121 -2.8604e-148 -2.4813e-182 -2.7007e-225 -9.0887e-280 -0.0000e+00 -0.0000e+00 -0.0000e+00 -0.0000e+00 -0.0000e+00 -0.0000e+00 -0.0000e+00 -0.0000e+00 -0.0000e+00 -0.0000e+00 -0.0000e+00 -0.0000e+00 -0.0000e+00 -0.0000e+00 -0.0000e+00 -0.0000e+00 -0.0000e+00 -0.0000e+00 -0.0000e+00 -0.0000e+00 -0.0000e+00 -0.0000e+00 -0.0000e+00 -0.0000e+00 -0.0000e+00 -0.0000e+00 -0.0000e+00 -0.0000e+00 -0.0000e+00 -0.0000e+00 -0.0000e+00 -1.7654e-09 -9.9963e-09 -2.7591e-08 -5.6767e-08 -9.9456e-08 -1.5744e-07 -2.3244e-07 -3.2613e-07 0.0000e+00 -5.7634e-07 -7.3629e-07 -9.2183e-07 -1.1348e-06 -1.3770e-06 -1.6502e-06 -1.9562e-06 -2.2967e-06 -2.6731e-06 -3.0864e-06 -3.5370e-06 -4.0246e-06 -4.5476e-06 -5.1029e-06 -5.6854e-06 -6.2870e-06 -6.8965e-06 -7.4986e-06 -8.0732e-06 -8.5950e-06 -9.0336e-06 -9.3539e-06 -9.5181e-06 -9.4886e-06 -9.2328e-06 -8.7297e-06 -7.9775e-06 -7.0002e-06 -5.8528e-06 -4.6192e-06 -3.4030e-06 -2.3089e-06 -1.4196e-06 -7.7573e-07 -3.6804e-07 -1.4739e-07 -4.8158e-08 -1.2320e-08 -2.3479e-09 -3.1376e-10 -2.7317e-11 -1.4165e-12 -3.9206e-14 -5.0640e-16 -2.5878e-18 -4.2678e-21 -1.7659e-24 -1.3409e-28 -1.2657e-33 -9.1249e-40 -2.7246e-47 -1.5573e-56 -6.4065e-68 -5.4573e-82 -1.9533e-99 -3.7690e-121 -2.7448e-148 -2.3587e-182 -2.5373e-225 -8.4148e-280 -0.0000e+00 -0.0000e+00 -0.0000e+00 -0.0000e+00 -0.0000e+00 -0.0000e+00 -0.0000e+00 -0.0000e+00 -0.0000e+00 -0.0000e+00 -0.0000e+00 -0.0000e+00 -0.0000e+00 -0.0000e+00 -0.0000e+00 -0.0000e+00 -0.0000e+00 -0.0000e+00 -0.0000e+00 -0.0000e+00 -0.0000e+00 -0.0000e+00 -0.0000e+00 -0.0000e+00 -0.0000e+00 -0.0000e+00 -0.0000e+00 -0.0000e+00 -0.0000e+00 -0.0000e+00 -0.0000e+00
-2.3114e-09 -1.3088e-08 -3.6124e-08 -7.4323e-08 -1.3022e-07 -2.0614e-07 -3.0433e-07 -4.2700e-07 -5.7634e-07 5.1492e-06 -9.6400e-07 -1.2069e-06 -1.4857e-06 -1.8028e-06 -2.1605e-06 -2.5612e-06 -3.0071e-06 -3.4998e-06 -4.0409e-06 -4.6309e-06 -5.2693e-06 -5.9541e-06 -6.6812e-06 -7.4438e-06 -8.2315e-06 -9.0297e-06 -9.8181e-06 -1.0571e-05 -1.1254e-05 -1.1828e-05 -1.2248e-05 -1.2463e-05 -1.2425e-05 -1.2091e-05 -1.1432e-05 -1.0448e-05 -9.1686e-06 -7.6664e-06 -6.0511e-06 -4.4584e-06 -3.0254e-06 -1.8604e-06 -1.0169e-06 -4.8256e-07 -1.9331e-07 -6.3185e-08 -1.6172e-08 -3.0835e-09 -4.1232e-10 -3.5924e-11 -1.8645e-12 -5.1664e-14 -6.6821e-16 -3.4201e-18 -5.6514e-21 -2.3438e-24 -1.7848e-28 -1.6906e-33 -1.2239e-39 -3.6731e-47 -2.1126e-56 -8.7572e-68 -7.5297e-82 -2.7261e-99 -5.3350e-121 -3.9533e-148 -3.4707e-182 -3.8335e-225 -1.3135e-279 -0.0000e+00 -0.0000e+00 -0.0000e+00 -0.0000e+00 -0.0000e+00 -0.0000e+00 -0.0000e+00 -0.0000e+00 -0.0000e+00 -0.0000e+00 -0.0000e+00 -0.0000e+00 -0.0000e+00 -0.0000e+00 -0.0000e+00 -0.0000e+00 -0.0000e+00 -0.0000e+00 -0.0000e+00 -0.0000e+00 -0.0000e+00 -0.0000e+00 -0.0000e+00 -0.0000e+00 -0.0000e+00 -0.0000e+00 -0.0000e+00 -0.0000e+00 -0.0000e+00 -0.0000e+00 -0.0000e+00 -2.3114e-09 -1.3088e-08 -3.6124e-08 -7.4323e-08 -1.3022e-07 -2.0614e-07 -3.0433e-07 -4.2700e-07 -5.7634e-07 0.0000e+00 -9.6400e-07 -1.2069e-06 -1.4857e-06 -1.8028e-06 -2.1605e-06 -2.5612e-06 -3.0071e-06 -3.4998e-06 -4.0409e-06 -4.6309e-06 -5.2693e-06 -5.9540e-06 -6.6811e-06 -7.4437e-06 -8.2314e-06 -9.0295e-06 -9.8178e-06 -1.0570e-05 -1.1253e-05 -1.1828e-05 -1.2247e-05 -1.2462e-05 -1.2423e-05 -1.2089e-05 -1.1430e-05 -1.0445e-05 -9.1658e-06 -7.6636e-06 -6.0485e-06 -4.4560e-06 -3.0234e-06 -1.8590e-06 -1.0159e-06 -4.8200e-07 -1.9304e-07 -6.3078e-08 -1.6138e-08 -3.0759e-09 -4.1109e-10 -3.5795e-11 -1.8565e-12 -5.1395e-14 -6.6401e-16 -3.3942e-18 -5.5999e-21 -2.3181e-24 -1.7612e-28 -1.6636e-33 -1.2003e-39 -3.5875e-47 -2.0530e-56 -8.4583e-68 -7.2185e-82 -2.5896e-99 -5.0110e-121 -3.6622e-148 -3.1609e-182 -3.4192e-225 -1.1419e-279 -0.0000e+00 -0.0000e+00 -0.0000e+00 -0.0000e+00 -0.0000e+00 -0.0000e+00 -0.0000e+00 -0.0000e+00 -0.0000e+00 -0.0000e+00 -0.0000e+00 -0.0000e+00 -0.0000e+00 -0.0000e+00 -0.0000e+00 -0.0000e+00 -0.0000e+00 -0.0000e+00 -0.0000e+00 -0.0000e+00 -0.0000e+00 -0.0000e+00 -0.0000e+00 -0.0000e+00 -0.0000e+00 -0.0000e+00 -0.0000e+00 -0.0000e+00 -0.0000e+00 -0.0000e+00 -0.0000e+00
-2.9529e-09 -1.6720e-08 -4.6150e-08 -9.4951e-08 -1.6635e-07 -2.6335e-07 -3.8879e-07 -5.4550e-07 -7.3629e-07 -9.6400e-07 9.2165e-06 -1.5419e-06 -1.8981e-06 -2.3031e-06 -2.7602e-06 -3.2721e-06 -3.8416e-06 -4.4712e-06 -5.1624e-06 -5.9162e-06 -6.7317e-06 -7.6066e-06 -8.5356e-06 -9.5099e-06 -1.0516e-05 -1.1536e-05 -1.2543e-05 -1.3505e-05 -1.4378e-05 -1.5112e-05 -1.5649e-05 -1.5924e-05 -1.5876e-05 -1.5449e-05 -1.4609e-05 -1.3351e-05 -1.1717e-05 -9.7982e-06 -7.7346e-06 -5.6994e-06 -3.8680e-06 -2.3790e-06 -1.3006e-06 -6.1735e-07 -2.4738e-07 -8.0885e-08 -2.0710e-08 -3.9509e-09 -5.2862e-10 -4.6091e-11 -2.3943e-12 -6.6411e-14 -8.6002e-16 -4.4085e-18 -7.2981e-21 -3.0334e-24 -2.3161e-28 -2.2009e-33 -1.5996e-39 -4.8235e-47 -2.7902e-56 -1.1647e-67 -1.0100e-81 -3.6943e-99 -7.3202e-121 -5.5068e-148 -4.9235e-182 -5.5589e-225 -1.9556e-279 -0.0000e+00 -0.0000e+00 -0.0000e+00 -0.0000e+00 -0.0000e+00 -0.0000e+00 -0.0000e+00 -0.0000e+00 -0.0000e+00 -0.0000e+00 -0.0000e+00 -0.0000e+00 -0.0000e+00 -0.0000e+00 -0.0000e+00 -0.0000e+00 -0.0000e+00 -0.0000e+00 -0.0000e+00 -0.0000e+00 -0.0000e+00 -0.0000e+00 -0.0000e+00 -0.0000e+00 -0.0000e+00 -0.0000e+00 -0.0000e+00 -0.0000e+00 -0.0000e+00 -0.0000e+00 -0.0000e+00 -2.9529e-09 -1.6720e-08 -4.6150e-08 -9.4951e-08 -1.6635e-07 -2.6335e-07 -3.8879e-07 -5.4550e-07 -7.3629e-07 -9.6400e-07 0.0000e+00 -1.5419e-06 -1.8981e-06 -2.3031e-06 -2.7602e-06 -3.2721e-06 -3.8416e-06 -4.4712e-06 -5.1624e-06 -5.9161e-06 -6.7317e-06 -7.6065e-06 -8.5354e-06 -9.5096e-06 -1.0516e-05 -1.1536e-05 -1.2543e-05 -1.3504e-05 -1.4377e-05 -1.5111e-05 -1.5647e-05 -1.5921e-05 -1.5872e-05 -1.5445e-05 -1.4604e-05 -1.3345e-05 -1.1711e-05 -9.7919e-06 -7.7285e-06 -5.6939e-06 -3.8635e-06 -2.3756e-06 -1.2983e-06 -6.1606e-07 -2.4676e-07 -8.0638e-08 -2.0634e-08 -3.9334e-09 -5.2580e-10 -4.5795e-11 -2.3758e-12 -6.5795e-14 -8.5042e-16 -4.3493e-18 -7.1801e-21 -2.9744e-24 -2.2619e-28 -2.1389e-33 -1.5453e-39 -4.6265e-47 -2.6530e-56 -1.0957e-67 -9.3798e-82 -3.3777e-99 -6.5666e-121 -4.8270e-148 -4.1965e-182 -4.5806e-225 -1.5471e-279 -0.0000e+00 -0.0000e+00 -0.0000e+00 -0.0000e+00 -0.0000e+00 -0.0000e+00 -0.0000e+00 -0.0000e+00 -0.0000e+00 -0.0000e+00 -0.0000e+00 -0.0000e+00 -0.0000e+00 -0.0000e+00 -0.0000e+00 -0.0000e+00 -0.0000e+00 -0.0000e+00 -0.0000e+00 -0.0000e+00 -0.0000e+00 -0.0000e+00 -0.0000e+00 -0.0000e+00 -0.0000e+00 -0.0000e+00 -0.0000e+00 -0.0000e+00 -0.0000e+00 -0.0000e+00 -0.0000e+00
-3.6970e-09 -2.0934e-08 -5.7779e-08 -1.1888e-07 -2.0828e-07 -3.2971e-07 -4.8677e-07 -6.8297e-07 -9.2183e-07 -1.2069e-06 -1.5419e-06 1.5711e-05 -2.3764e-06 -2.8835e-06 -3.4557e-06 -4.0966e-06 -4.8097e-06 -5.5979e-06 -6.4634e-06 -7.4071e-06 -8.4282e-06 -9.5236e-06 -1.0687e-05 -1.1907e-05 -1.3167e-05 -1.4444e-05 -1.5705e-05 -1.6909e-05 -1.8003e-05 -1.8923e-05 -1.9595e-05 -1.9941e-05 -1.9881e-05 -1.9348e-05 -1.8297e-05 -1.6723e-05 -1.4678e-05 -1.2276e-05 -9.6918e-06 -7.1429e-06 -4.8487e-06 -2.9830e-06 -1.6313e-06 -7.7462e-07 -3.1054e-07 -1.0159e-07 -2.6030e-08 -4.9696e-09 -6.6557e-10 -5.8097e-11 -3.0221e-12 -8.3966e-14 -1.0895e-15 -5.5983e-18 -9.2944e-21 -3.8766e-24 -2.9722e-28 -2.8386e-33 -2.0755e-39 -6.3045e-47 -3.6789e-56 -1.5519e-67 -1.3628e-81 -5.0610e-99 -1.0211e-120 -7.8483e-148 -7.1979e-182 -8.3743e-225 -3.0513e-279 -0.0000e+00 -0.0000e+00 -0.0000e+00 -0.0000e+00 -0.0000e+00 -0.0000e+00 -0.0000e+00 -0.0000e+00 -0.0000e+00 -0.0000e+00 -0.0000e+00 -0.0000e+00 -0.0000e+00 -0.0000e+00 -0.0000e+00 -0.0000e+00 -0.0000e+00 -0.0000e+00 -0.0000e+00 -0.0000e+00 -0.0000e+00 -0.0000e+00 -0.0000e+00 -0.0000e+00 -0.0000e+00 -0.0000e+00 -0.0000e+00 -0.0000e+00 -0.0000e+00 -0.0000e+00 -0.0000e+00 -3.6970e-09 -2.0934e-08 -5.7779e-08 -1.1888e-07 -2.0828e-07 -3.2971e-07 -4.8677e-07 -6.8297e-07 -9.2183e-07 -1.2069e-06 -1.5419e-06 0.0000e+00 -2.3764e-06 -2.8835e-06 -3.4557e-06 -4.0966e-06 -4.8097e-06 -5.5979e-06 -6.4633e-06 -7.4070e-06 -8.4281e-06 -9.5234e-06 -1.0686e-05 -1.1906e-05 -1.3166e-05 -1.4443e-05 -1.5704e-05 -1.6907e-05 -1.8000e-05 -1.8919e-05 -1.9590e-05 -1.9935e-05 -1.9874e-05 -1.9339e-05 -1.8286e-05 -1.6711e-05 -1.4665e-05 -1.2262e-05 -9.6787e-06 -7.1312e-06 -4.8391e-06 -2.9758e-06 -1.6265e-06 -7.7187e-07 -3.0921e-07 -1.0107e-07 -2.5867e-08 -4.9323e-09 -6.5955e-10 -5.7466e-11 -2.9826e-12 -8.2647e-14 -1.0690e-15 -5.4714e-18 -9.0416e-21 -3.7501e-24 -2.8559e-28 -2.7054e-33 -1.9588e-39 -5.8797e-47 -3.3824e-56 -1.4025e-67 -1.2064e-81 -4.3701e-99 -8.5583e-121 -6.3483e-148 -5.5814e-182 -6.1776e-225 -2.1230e-279 -0.0000e+00 -0.0000e+00 -0.0000e+00 -0.0000e+00 -0.0000e+00 -0.0000e+00 -0.0000e+00 -0.0000e+00 -0.0000e+00 -0.0000e+00 -0.0000e+00 -0.0000e+00 -0.0000e+00 -0.0000e+00 -0.0000e+00 -0.0000e+00 -0.0000e+00 -0.0000e+00 -0.0000e+00 -0.0000e+00 -0.0000e+00 -0.0000e+00 -0.0000e+00 -0.0000e+00 -0.0000e+00 -0.0000e+00 -0.0000e+00 -0.0000e+00 -0.0000e+00 -0.0000e+00 -0.0000e+00
-4.5510e-09 -2.5769e-08 -7.1127e-08 -1.4634e-07 -2.5639e-07 -4.0588e-07 -5.9921e-07 -8.4073e-07 -1.1348e-06 -1.4857e-06 -1.8981e-06 -2.3764e-06 2.5711e-05 -3.5496e-06 -4.2540e-06 -5.0430e-06 -5.9208e-06 -6.8911e-06 -7.9565e-06 -9.1182e-06 -1.0375e-05 -1.1724e-05 -1.3156e-05 -1.4658e-05 -1.6209e-05 -1.7782e-05 -1.9335e-05 -2.0818e-05 -2.2165e-05 -2.3298e-05 -2.4127e-05 -2.4555e-05 -2.4483e-05 -2.3828e-05 -2.2536e-05 -2.0601e-05 -1.8084e-05 -1.5127e-05 -1.1946e-05 -8.8067e-06 -5.9802e-06 -3.6806e-06 -2.0137e-06 -9.5680e-07 -3.8385e-07 -1.2568e-07 -3.2234e-08 -6.1617e-09 -8.2641e-10 -7.2264e-11 -3.7669e-12 -1.0492e-13 -1.3655e-15 -7.0419e-18 -1.1742e-20 -4.9227e-24 -3.7978e-28 -3.6541e-33 -2.6955e-39 -8.2746e-47 -4.8896e-56 -2.0936e-67 -1.8712e-81 -7.0947e-99 -1.4667e-120 -1.1597e-147 -1.0991e-181 -1.3279e-224 -5.0514e-279 -0.0000e+00 -0.0000e+00 -0.0000e+00 -0.0000e+00 -0.0000e+00 -0.0000e+00 -0.0000e+00 -0.0000e+00 -0.0000e+00 -0.0000e+00 -0.0000e+00 -0.0000e+00 -0.0000e+00 -0.0000e+00 -0.0000e+00 -0.0000e+00 -0.0000e+00 -0.0000e+00 -0.0000e+00 -0.0000e+00 -0.0000e+00 -0.0000e+00 -0.0000e+00 -0.0000e+00 -0.0000e+00 -0.0000e+00 -0.0000e+00 -0.0000e+00 -0.0000e+00 -0.0000e+00 -0.0000e+00 -4.5510e-09 -2.5769e-08 -7.1127e-08 -1.4634e-07 -2.5639e-07 -4.0588e-07 -5.9921e-07 -8.4073e-07 -1.1348e-06 -1.4857e-06 -1.8981e-06 -2.3764e-06 0.0000e+00 -3.5496e-06 -4.2540e-06 -5.0430e-06 -5.9208e-06 -6.8910e-06 -7.9564e-06 -9.1180e-06 -1.0375e-05 -1.1723e-05 -1.3155e-05 -1.4657e-05 -1.6208e-05 -1.7779e-05 -1.9332e-05 -2.0814e-05 -2.2159e-05 -2.3291e-05 -2.4118e-05 -2.4542e-05 -2.4467e-05 -2.3809e-05 -2.2514e-05 -2.0576e-05 -1.8058e-05 -1.5100e-05 -1.1920e-05 -8.7831e-06 -5.9607e-06 -3.6660e-06 -2.0041e-06 -9.5125e-07 -3.8116e-07 -1.2462e-07 -3.1907e-08 -6.0863e-09 -8.1426e-10 -7.0988e-11 -3.6871e-12 -1.0226e-13 -1.3240e-15 -6.7852e-18 -1.1230e-20 -4.6661e-24 -3.5613e-28 -3.3828e-33 -2.4573e-39 -7.4057e-47 -4.2810e-56 -1.7857e-67 -1.5472e-81 -5.6549e-99 -1.1196e-120 -8.4177e-148 -7.5242e-182 -8.4993e-225 -2.9950e-279 -0.0000e+00 -0.0000e+00 -0.0000e+00 -0.0000e+00 -0.0000e+00 -0.0000e+00 -0.0000e+00 -0.0000e+00 -0.0000e+00 -0.0000e+00 -0.0000e+00 -0.0000e+00 -0.0000e+00 -0.0000e+00 -0.0000e+00 -0.0000e+00 -0.0000e+00 -0.0000e+00 -0.0000e+00 -0.0000e+00 -0.0000e+00 -0.0000e+00 -0.0000e+00 -0.0000e+00 -0.0000e+00 -0.0000e+00 -0.0000e+00 -0.0000e+00 -0.0000e+00 -0.0000e+00 -0.0000e+00
-5.5223e-09 -3.1269e-08 -8.6306e-08 -1.7757e-07 -3.1110e-07 -4.9249e-07 -7.2709e-07 -1.0202e-06 -1.3770e-06 -1.8028e-06 -2.3031e-06 -2.8835e-06 -3.5496e-06 4.0646e-05 -5.1619e-06 -6.1193e-06 -7.1844e-06 -8.3618e-06 -9.6547e-06 -1.1064e-05 -1.2590e-05 -1.4226e-05 -1.5964e-05 -1.7787e-05 -1.9670e-05 -2.1579e-05 -2.3464e-05 -2.5265e-05 -2.6901e-05 -2.8279e-05 -2.9287e-05 -2.9808e-05 -2.9724e-05 -2.8933e-05 -2.7369e-05 -2.5023e-05 -2.1972e-05 -1.8385e-05 -1.4523e-05 -1.0711e-05 -7.2771e-06 -4.4815e-06 -2.4537e-06 -1.1669e-06 -4.6861e-07 -1.5363e-07 -3.9461e-08 -7.5567e-09 -1.0157e-09 -8.9044e-11 -4.6559e-12 -1.3016e-13 -1.7015e-15 -8.8202e-18 -1.4799e-20 -6.2505e-24 -4.8647e-28 -4.7296e-33 -3.5322e-39 -1.1001e-46 -6.6124e-56 -2.8880e-67 -2.6415e-81 -1.0286e-98 -2.1923e-120 -1.7950e-147 -1.7697e-181 -2.2355e-224 -8.9407e-279 -0.0000e+00 -0.0000e+00 -0.0000e+00 -0.0000e+00 -0.0000e+00 -0.0000e+00 -0.0000e+00 -0.0000e+00 -0.0000e+00 -0.0000e+00 -0.0000e+00 -0.0000e+00 -0.0000e+00 -0.0000e+00 -0.0000e+00 -0.0000e+00 -0.0000e+00 -0.0000e+00 -0.0000e+00 -0.0000e+00 -0.0000e+00 -0.0000e+00 -0.0000e+00 -0.0000e+00 -0.0000e+00 -0.0000e+00 -0.0000e+00 -0.0000e+00 -0.0000e+00 -0.0000e+00 -0.0000e+00 -5.5223e-09 -3.1269e-08 -8.6306e-08 -1.7757e-07 -3.1110e-07 -4.9249e-07 -7.2709e-07 -1.0202e-06 -1.3770e-06 -1.8028e-06 -2.3031e-06 -2.8835e-06 -3.5496e-06 0.0000e+00 -5.1619e-06 -6.1192e-06 -7.1843e-06 -8.3617e-06 -9.6544e-06 -1.1064e-05 -1.2589e-05 -1.4225e-05 -1.5963e-05 -1.7785e-05 -1.9667e-05 -2.1575e-05 -2.3459e-05 -2.5257e-05 -2.6891e-05 -2.8264e-05 -2.9268e-05 -2.9784e-05 -2.9695e-05 -2.8897e-05 -2.7327e-05 -2.4976e-05 -2.1921e-05 -1.8332e-05 -1.4473e-05 -1.0666e-05 -7.2396e-06 -4.4535e-06 -2.4352e-06 -1.1562e-06 -4.6345e-07 -1.5159e-07 -3.8831e-08 -7.4118e-09 -9.9233e-10 -8.6588e-11 -4.5022e-12 -1.2502e-13 -1.6212e-15 -8.3240e-18 -1.3807e-20 -5.7528e-24 -4.4053e-28 -4.2011e-33 -3.0665e-39 -9.2959e-47 -5.4121e-56 -2.2771e-67 -1.9940e-81 -7.3821e-99 -1.4847e-120 -1.1378e-147 -1.0410e-181 -1.2096e-224 -4.4116e-279 -0.0000e+00 -0.0000e+00 -0.0000e+00 -0.0000e+00 -0.0000e+00 -0.0000e+00 -0.0000e+00 -0.0000e+00 -0.0000e+00 -0.0000e+00 -0.0000e+00 -0.0000e+00 -0.0000e+00 -0.0000e+00 -0.0000e+00 -0.0000e+00 -0.0000e+00 -0.0000e+00 -0.0000e+00 -0.0000e+00 -0.0000e+00 -0.0000e+00 -0.0000e+00 -0.0000e+00 -0.0000e+00 -0.0000e+00 -0.0000e+00 -0.0000e+00 -0.0000e+00 -0.0000e+00 -0.0000e+00
-6.6180e-09 -3.7474e-08 -1.0343e-07 -2.1280e-07 -3.7284e-07 -5.9022e-07 -8.7137e-07 -1.2226e-06 -1.6502e-06 -2.1605e-06 -2.7602e-06 -3.4557e-06 -4.2540e-06 -5.1619e-06 6.2378e-05 -7.3336e-06 -8.6101e-06 -1.0021e-05 -1.1571e-05 -1.3260e-05 -1.5089e-05 -1.7050e-05 -1.9133e-05 -2.1318e-05 -2.3576e-05 -2.5865e-05 -2.8126e-05 -3.0286e-05 -3.2250e-05 -3.3904e-05 -3.5116e-05 -3.5746e-05 -3.5651e-05 -3.4709e-05 -3.2840e-05 -3.0034e-05 -2.6381e-05 -2.2083e-05 -1.7454e-05 -1.2880e-05 -8.7571e-06 -5.3977e-06 -2.9584e-06 -1.4087e-06 -5.6658e-07 -1.8608e-07 -4.7900e-08 -9.1964e-09 -1.2399e-09 -1.0910e-10 -5.7295e-12 -1.6101e-13 -2.1176e-15 -1.1058e-17 -1.8714e-20 -7.9847e-24 -6.2890e-28 -6.2003e-33 -4.7065e-39 -1.4938e-46 -9.1762e-56 -4.1091e-67 -3.8667e-81 -1.5549e-98 -3.4366e-120 -2.9303e-147 -3.0230e-181 -4.0169e-224 -1.7000e-278 -0.0000e+00 -0.0000e+00 -0.0000e+00 -0.0000e+00 -0.0000e+00 -0.0000e+00 -0.0000e+00 -0.0000e+00 -0.0000e+00 -0.0000e+00 -0.0000e+00 -0.0000e+00 -0.0000e+00 -0.0000e+00 -0.0000e+00 -0.0000e+00 -0.0000e+00 -0.0000e+00 -0.0000e+00 -0.0000e+00 -0.0000e+00 -0.0000e+00 -0.0000e+00 -0.0000e+00 -0.0000e+00 -0.0000e+00 -0.0000e+00 -0.0000e+00 -0.0000e+00 -0.0000e+00 -0.0000e+00 -6.6180e-09 -3.7474e-08 -1.0343e-07 -2.1280e-07 -3.7284e-07 -5.9022e-07 -8.7137e-07 -1.2226e-06 -1.6502e-06 -2.1605e-06 -2.7602e-06 -3.4557e-06 -4.2540e-06 -5.1619e-06 0.0000e+00 -7.3335e-06 -8.6100e-06 -1.0021e-05 -1.1570e-05 -1.3260e-05 -1.5088e-05 -1.7049e-05 -1.9131e-05 -2.1315e-05 -2.3571e-05 -2.5857e-05 -2.8115e-05 -3.0271e-05 -3.2230e-05 -3.3877e-05 -3.5082e-05 -3.5702e-05 -3.5596e-05 -3.4643e-05 -3.2763e-05 -2.9947e-05 -2.6287e-05 -2.1987e-05 -1.7361e-05 -1.2797e-05 -8.6882e-06 -5.3462e-06 -2.9243e-06 -1.3891e-06 -5.5707e-07 -1.8232e-07 -4.6739e-08 -8.9290e-09 -1.1967e-09 -1.0456e-10 -5.4450e-12 -1.5148e-13 -1.9687e-15 -1.0136e-17 -1.6867e-20 -7.0550e-24 -5.4280e-28 -5.2060e-33 -3.8262e-39 -1.1696e-46 -6.8785e-56 -2.9296e-67 -2.6034e-81 -9.8115e-99 -2.0163e-120 -1.5858e-147 -1.4969e-181 -1.8060e-224 -6.8893e-279 -0.0000e+00 -0.0000e+00 -0.0000e+00 -0.0000e+00 -0.0000e+00 -0.0000e+00 -0.0000e+00 -0.0000e+00 -0.0000e+00 -0.0000e+00 -0.0000e+00 -0.0000e+00 -0.0000e+00 -0.0000e+00 -0.0000e+00 -0.0000e+00 -0.0000e+00 -0.0000e+00 -0.0000e+00 -0.0000e+00 -0.0000e+00 -0.0000e+00 -0.0000e+00 -0.0000e+00 -0.0000e+00 -0.0000e+00 -0.0000e+00 -0.0000e+00 -0.0000e+00 -0.0000e+00 -0.0000e+00
-7.8455e-09 -4.4424e-08 -1.2261e-07 -2.5227e-07 -4.4198e-07 -6.9969e-07 -1.0330e-06 -1.4493e-06 -1.9562e-06 -2.5612e-06 -3.2721e-06 -4.0966e-06 -5.0430e-06 -6.1193e-06 -7.3336e-06 9.3303e-05 -1.0207e-05 -1.1880e-05 -1.3717e-05 -1.5720e-05 -1.7888e-05 -2.0214e-05 -2.2684e-05 -2.5275e-05 -2.7953e-05 -3.0668e-05 -3.3352e-05 -3.5916e-05 -3.8249e-05 -4.0215e-05 -4.1660e-05 -4.2415e-05 -4.2312e-05 -4.1205e-05 -3.8999e-05 -3.5682e-05 -3.1357e-05 -2.6264e-05 -2.0773e-05 -1.5343e-05 -1.0442e-05 -6.4443e-06 -3.5373e-06 -1.6873e-06 -6.8009e-07 -2.2393e-07 -5.7817e-08 -1.1140e-08 -1.5084e-09 -1.3340e-10 -7.0477e-12 -1.9945e-13 -2.6453e-15 -1.3949e-17 -2.3878e-20 -1.0325e-23 -8.2587e-28 -8.2888e-33 -6.4218e-39 -2.0863e-46 -1.3159e-55 -6.0707e-67 -5.9062e-81 -2.4650e-98 -5.6774e-120 -5.0679e-147 -5.5010e-181 -7.7356e-224 -3.4882e-278 -0.0000e+00 -0.0000e+00 -0.0000e+00 -0.0000e+00 -0.0000e+00 -0.0000e+00 -0.0000e+00 -0.0000e+00 -0.0000e+00 -0.0000e+00 -0.0000e+00 -0.0000e+00 -0.0000e+00 -0.0000e+00 -0.0000e+00 -0.0000e+00 -0.0000e+00 -0.0000e+00 -0.0000e+00 -0.0000e+00 -0.0000e+00 -0.0000e+00 -0.0000e+00 -0.0000e+00 -0.0000e+00 -0.0000e+00 -0.0000e+00 -0.0000e+00 -0.0000e+00 -0.0000e+00 -0.0000e+00 -7.8455e-09 -4.4424e-08 -1.2261e-07 -2.5227e-07 -4.4198e-07 -6.9969e-07 -1.0330e-06 -1.4493e-06 -1.9562e-06 -2.5612e-06 -3.2721e-06 -4.0966e-06 -5.0430e-06 -6.1192e-06 -7.3335e-06 0.0000e+00 -1.0207e-05 -1.1880e-05 -1.3716e-05 -1.5719e-05 -1.7886e-05 -2.0211e-05 -2.2680e-05 -2.5269e-05 -2.7944e-05 -3.0655e-05 -3.3333e-05 -3.5890e-05 -3.8213e-05 -4.0168e-05 -4.1599e-05 -4.2336e-05 -4.2214e-05 -4.1088e-05 -3.8862e-05 -3.5527e-05 -3.1190e-05 -2.6093e-05 -2.0608e-05 -1.5195e-05 -1.0320e-05 -6.3529e-06 -3.4767e-06 -1.6525e-06 -6.6319e-07 -2.1724e-07 -5.5749e-08 -1.0664e-08 -1.4314e-09 -1.2529e-10 -6.5388e-12 -1.8239e-13 -2.3779e-15 -1.2288e-17 -2.0543e-20 -8.6397e-24 -6.6911e-28 -6.4684e-33 -4.7996e-39 -1.4840e-46 -8.8488e-56 -3.8316e-67 -3.4732e-81 -1.3405e-98 -2.8341e-120 -2.3057e-147 -2.2658e-181 -2.8670e-224 -1.1569e-278 -0.0000e+00 -0.0000e+00 -0.0000e+00 -0.0000e+00 -0.0000e+00 -0.0000e+00 -0.0000e+00 -0.0000e+00 -0.0000e+00 -0.0000e+00 -0.0000e+00 -0.0000e+00 -0.0000e+00 -0.0000e+00 -0.0000e+00 -0.0000e+00 -0.0000e+00 -0.0000e+00 -0.0000e+00 -0.0000e+00 -0.0000e+00 -0.0000e+00 -0.0000e+00 -0.0000e+00 -0.0000e+00 -0.0000e+00 -0.0000e+00 -0.0000e+00 -0.0000e+00 -0.0000e+00 -0.0000e+00
