2.6598e-04 -4.2587e-04 -5.1948e-04 -5.9645e-04 -6.6201e-04 -7.1873e-04 -7.6811e-04 -8.1108e-04 -8.4827e-04 -8.8013e-04 -9.0698e-04 -9.2907e-04 -9.4660e-04 -9.5975e-04 -9.6868e-04 -9.7352e-04 -9.7442e-04 -9.7150e-04 -9.6491e-04 -9.5480e-04 -9.4132e-04 -9.2464e-04 -9.0492e-04 -8.8234e-04 -8.5712e-04 -8.2945e-04 -7.9955e-04 -7.6765e-04 -7.3400e-04 -6.9884e-04 -6.6244e-04 -6.2507e-04 -5.8698e-04 -5.4847e-04 -5.0982e-04 -4.7128e-04 -4.3315e-04 -3.9567e-04 -3.5912e-04 -3.2372e-04 -2.8970e-04 -2.5727e-04 -2.2660e-04 -1.9785e-04 -1.7114e-04 -1.4656e-04 -1.2418e-04 -1.0400e-04 -8.6036e-05 -7.0228e-05 -5.6505e-05 -4.4760e-05 -3.4863e-05 -2.6661e-05 -1.9986e-05 -1.4661e-05 -1.0502e-05 -7.3305e-06 -4.9731e-06 -3.2700e-06 -2.0773e-06 -1.2704e-06 -7.4487e-07 -4.1679e-07 -2.2139e-07 -1.1095e-07 -5.2102e-08 -2.2741e-08 -9.1395e-09 -3.3458e-09 -1.1015e-09 -3.2129e-10 -8.1573e-11 -1.7652e-11 -3.1747e-12 -4.6036e-13 -5.1882e-14 -4.3442e-15 -2.5569e-16 -9.8733e-18 -2.2936e-19 -2.8711e-21 -1.6811e-23 -3.8283e-26 -2.6570e-29 -4.0484e-33 -8.6418e-38 -1.3782e-43 -6.6679e-51 -2.5901e-60 -1.0649e-72 -1.8656e-89 -6.6733e-113 -3.9690e-147 -6.7338e-200 -1.7965e-287 -0.0000e+00 -0.0000e+00 -0.0000e+00 -0.0000e+00 0.0000e+00 -4.2586e-04 -5.1947e-04 -5.9645e-04 -6.6199e-04 -7.1870e-04 -7.6807e-04 -8.1103e-04 -8.4821e-04 -8.8005e-04 -9.0687e-04 -9.2894e-04 -9.4645e-04 -9.5957e-04 -9.6847e-04 -9.7328e-04 -9.7414e-04 -9.7119e-04 -9.6457e-04 -9.5442e-04 -9.4091e-04 -9.2418e-04 -9.0443e-04 -8.8182e-04 -8.5656e-04 -8.2886e-04 -7.9893e-04 -7.6701e-04 -7.3333e-04 -6.9816e-04 -6.6174e-04 -6.2435e-04 -5.8626e-04 -5.4775e-04 -5.0909e-04 -4.7057e-04 -4.3244e-04 -3.9498e-04 -3.5845e-04 -3.2307e-04 -2.8909e-04 -2.5669e-04 -2.2605e-04 -1.9734e-04 -1.7067e-04 -1.4613e-04 -1.2379e-04 -1.0366e-04 -8.5733e-05 -6.9966e-05 -5.6280e-05 -4.4571e-05 -3.4706e-05 -2.6533e-05 -1.9884e-05 -1.4581e-05 -1.0441e-05 -7.2854e-06 -4.9405e-06 -3.2471e-06 -2.0618e-06 -1.2603e-06 -7.3853e-07 -4.1300e-07 -2.1923e-07 -1.0980e-07 -5.1519e-08 -2.2468e-08 -9.0215e-09 -3.2992e-09 -1.0850e-09 -3.1609e-10 -8.0144e-11 -1.7317e-11 -3.1092e-12 -4.5002e-13 -5.0610e-14 -4.2276e-15 -2.4816e-16 -9.5528e-18 -2.2113e-19 -2.7567e-21 -1.6064e-23 -3.6378e-26 -2.5081e-29 -3.7914e-33 -8.0161e-38 -1.2636e-43 -6.0253e-51 -2.2983e-60 -9.2320e-73 -1.5691e-89 -5.3911e-113 -3.0349e-147 -4.7670e-200 -1.1377e-287 -0.0000e+00 -0.0000e+00 -0.0000e+00 -0.0000e+00
-4.2587e-04 1.0644e-03 -7.3290e-04 -8.4153e-04 -9.3405e-04 -1.0141e-03 -1.0839e-03 -1.1446e-03 -1.1972e-03 -1.2422e-03 -1.2802e-03 -1.3115e-03 -1.3364e-03 -1.3552e-03 -1.3680e-03 -1.3750e-03 -1.3765e-03 -1.3726e-03 -1.3635e-03 -1.3495e-03 -1.3307e-03 -1.3074e-03 -1.2798e-03 -1.2481e-03 -1.2128e-03 -1.1739e-03 -1.1319e-03 -1.0871e-03 -1.0398e-03 -9.9028e-04 -9.3903e-04 -8.8637e-04 -8.3270e-04 -7.7839e-04 -7.2384e-04 -6.6943e-04 -6.1556e-04 -5.6259e-04 -5.1089e-04 -4.6079e-04 -4.1262e-04 -3.6665e-04 -3.2316e-04 -2.8236e-04 -2.4443e-04 -2.0949e-04 -1.7764e-04 -1.4891e-04 -1.2330e-04 -1.0075e-04 -8.1149e-05 -6.4355e-05 -5.0186e-05 -3.8428e-05 -2.8847e-05 -2.1191e-05 -1.5204e-05 -1.0630e-05 -7.2247e-06 -4.7597e-06 -3.0299e-06 -1.8571e-06 -1.0915e-06 -6.1234e-07 -3.2617e-07 -1.6397e-07 -7.7254e-08 -3.3841e-08 -1.3654e-08 -5.0201e-09 -1.6606e-09 -4.8690e-10 -1.2433e-10 -2.7076e-11 -4.9041e-12 -7.1677e-13 -8.1492e-14 -6.8913e-15 -4.1014e-16 -1.6038e-17 -3.7795e-19 -4.8094e-21 -2.8696e-23 -6.6792e-26 -4.7550e-29 -7.4646e-33 -1.6506e-37 -2.7454e-43 -1.3971e-50 -5.7708e-60 -2.5587e-72 -4.9243e-89 -1.9837e-112 -1.3751e-146 -2.8567e-199 -1.0065e-286 -0.0000e+00 -0.0000e+00 -0.0000e+00 -0.0000e+00 -4.2586e-04 0.0000e+00 -7.3288e-04 -8.4148e-04 -9.3397e-04 -1.0140e-03 -1.0837e-03 -1.1443e-03 -1.1968e-03 -1.2417e-03 -1.2796e-03 -1.3108e-03 -1.3356e-03 -1.3541e-03 -1.3668e-03 -1.3736e-03 -1.3749e-03 -1.3708e-03 -1.3615e-03 -1.3473e-03 -1.3283e-03 -1.3048e-03 -1.2770e-03 -1.2452e-03 -1.2096e-03 -1.1706e-03 -1.1284e-03 -1.0835e-03 -1.0360e-03 -9.8641e-04 -9.3507e-04 -8.8234e-04 -8.2862e-04 -7.7430e-04 -7.1976e-04 -6.6539e-04 -6.1158e-04 -5.5870e-04 -5.0711e-04 -4.5715e-04 -4.0914e-04 -3.6336e-04 -3.2007e-04 -2.7948e-04 -2.4177e-04 -2.0707e-04 -1.7546e-04 -1.4697e-04 -1.2159e-04 -9.9264e-05 -7.9876e-05 -6.3282e-05 -4.9296e-05 -3.7704e-05 -2.8269e-05 -2.0740e-05 -1.4860e-05 -1.0374e-05 -7.0393e-06 -4.6296e-06 -2.9417e-06 -1.7995e-06 -1.0554e-06 -5.9072e-07 -3.1388e-07 -1.5736e-07 -7.3925e-08 -3.2279e-08 -1.2979e-08 -4.7537e-09 -1.5659e-09 -4.5704e-10 -1.1612e-10 -2.5147e-11 -4.5265e-12 -6.5703e-13 -7.4127e-14 -6.2146e-15 -3.6630e-16 -1.4167e-17 -3.2972e-19 -4.1364e-21 -2.4281e-23 -5.5463e-26 -3.8632e-29 -5.9120e-33 -1.2687e-37 -2.0368e-43 -9.9364e-51 -3.9013e-60 -1.6268e-72 -2.9048e-89 -1.0671e-112 -6.5983e-147 -1.1882e-199 -3.4952e-287 -0.0000e+00 -0.0000e+00 -0.0000e+00 -0.0000e+00
-5.1948e-04 -7.3290e-04 2.3966e-03 -1.0266e-03 -1.1396e-03 -1.2374e-03 -1.3226e-03 -1.3968e-03 -1.4611e-03 -1.5163e-03 -1.5630e-03 -1.6015e-03 -1.6322e-03 -1.6554e-03 -1.6714e-03 -1.6804e-03 -1.6826e-03 -1.6783e-03 -1.6677e-03 -1.6510e-03 -1.6286e-03 -1.6006e-03 -1.5674e-03 -1.5293e-03 -1.4865e-03 -1.4396e-03 -1.3887e-03 -1.3344e-03 -1.2769e-03 -1.2168e-03 -1.1545e-03 -1.0905e-03 -1.0251e-03 -9.5888e-04 -8.9232e-04 -8.2588e-04 -7.6002e-04 -6.9520e-04 -6.3187e-04 -5.7044e-04 -5.1131e-04 -4.5483e-04 -4.0132e-04 -3.5105e-04 -3.0426e-04 -2.6111e-04 -2.2172e-04 -1.8613e-04 -1.5436e-04 -1.2633e-04 -1.0193e-04 -8.0982e-05 -6.3275e-05 -4.8552e-05 -3.6527e-05 -2.6896e-05 -1.9346e-05 -1.3562e-05 -9.2438e-06 -6.1085e-06 -3.9014e-06 -2.3997e-06 -1.4157e-06 -7.9748e-07 -4.2666e-07 -2.1551e-07 -1.0206e-07 -4.4955e-08 -1.8249e-08 -6.7535e-09 -2.2500e-09 -6.6489e-10 -1.7124e-10 -3.7643e-11 -6.8888e-12 -1.0184e-12 -1.1725e-13 -1.0054e-14 -6.0777e-16 -2.4182e-17 -5.8102e-19 -7.5565e-21 -4.6209e-23 -1.1059e-25 -8.1266e-29 -1.3228e-32 -3.0492e-37 -5.3215e-43 -2.8639e-50 -1.2633e-59 -6.0554e-72 -1.2801e-88 -5.7863e-112 -4.6378e-146 -1.1652e-198 -5.3390e-286 -0.0000e+00 -0.0000e+00 -0.0000e+00 -0.0000e+00 -5.1947e-04 -7.3288e-04 0.0000e+00 -1.0265e-03 -1.1393e-03 -1.2370e-03 -1.3220e-03 -1.3960e-03 -1.4601e-03 -1.5150e-03 -1.5614e-03 -1.5995e-03 -1.6298e-03 -1.6526e-03 -1.6681e-03 -1.6766e-03 -1.6783e-03 -1.6735e-03 -1.6623e-03 -1.6451e-03 -1.6221e-03 -1.5936e-03 -1.5598e-03 -1.5211e-03 -1.4779e-03 -1.4304e-03 -1.3791e-03 -1.3244e-03 -1.2666e-03 -1.2062e-03 -1.1436e-03 -1.0794e-03 -1.0139e-03 -9.4762e-04 -8.8108e-04 -8.1474e-04 -7.4905e-04 -6.8448e-04 -6.2146e-04 -5.6042e-04 -5.0173e-04 -4.4575e-04 -3.9279e-04 -3.4312e-04 -2.9695e-04 -2.5444e-04 -2.1569e-04 -1.8076e-04 -1.4963e-04 -1.2222e-04 -9.8409e-05 -7.8014e-05 -6.0813e-05 -4.6547e-05 -3.4926e-05 -2.5645e-05 -1.8390e-05 -1.2851e-05 -8.7289e-06 -5.7471e-06 -3.6561e-06 -2.2393e-06 -1.3151e-06 -7.3720e-07 -3.9233e-07 -1.9704e-07 -9.2740e-08 -4.0579e-08 -1.6353e-08 -6.0044e-09 -1.9833e-09 -5.8061e-10 -1.4801e-10 -3.2171e-11 -5.8149e-12 -8.4794e-13 -9.6162e-14 -8.1092e-15 -4.8114e-16 -1.8750e-17 -4.4017e-19 -5.5774e-21 -3.3121e-23 -7.6687e-26 -5.4275e-29 -8.4652e-33 -1.8585e-37 -3.0675e-43 -1.5483e-50 -6.3425e-60 -2.7907e-72 -5.3408e-89 -2.1496e-112 -1.5035e-146 -3.2154e-199 -1.2145e-286 -0.0000e+00 -0.0000e+00 -0.0000e+00 -0.0000e+00
-5.9645e-04 -8.4153e-04 -1.0266e-03 4.2650e-03 -1.3087e-03 -1.4212e-03 -1.5193e-03 -1.6048e-03 -1.6790e-03 -1.7428e-03 -1.7968e-03 -1.8414e-03 -1.8772e-03 -1.9045e-03 -1.9234e-03 -1.9344e-03 -1.9377e-03 -1.9334e-03 -1.9220e-03 -1.9036e-03 -1.8786e-03 -1.8472e-03 -1.8099e-03 -1.7668e-03 -1.7184e-03 -1.6652e-03 -1.6074e-03 -1.5455e-03 -1.4801e-03 -1.4115e-03 -1.3403e-03 -1.2670e-03 -1.1921e-03 -1.1162e-03 -1.0397e-03 -9.6330e-04 -8.8745e-04 -8.1271e-04 -7.3957e-04 -6.6853e-04 -6.0004e-04 -5.3451e-04 -4.7234e-04 -4.1383e-04 -3.5927e-04 -3.0886e-04 -2.6275e-04 -2.2102e-04 -1.8367e-04 -1.5065e-04 -1.2183e-04 -9.7036e-05 -7.6016e-05 -5.8489e-05 -4.4133e-05 -3.2598e-05 -2.3525e-05 -1.6550e-05 -1.1323e-05 -7.5125e-06 -4.8186e-06 -2.9774e-06 -1.7652e-06 -9.9956e-07 -5.3778e-07 -2.7327e-07 -1.3026e-07 -5.7777e-08 -2.3631e-08 -8.8164e-09 -2.9632e-09 -8.8399e-10 -2.3003e-10 -5.1136e-11 -9.4727e-12 -1.4191e-12 -1.6577e-13 -1.4444e-14 -8.8847e-16 -3.6036e-17 -8.8440e-19 -1.1775e-20 -7.3905e-23 -1.8208e-25 -1.3821e-28 -2.3332e-32 -5.6048e-37 -1.0252e-42 -5.8240e-50 -2.7357e-59 -1.4125e-71 -3.2656e-88 -1.6486e-111 -1.5214e-145 -4.6090e-198 -2.7447e-285 -0.0000e+00 -0.0000e+00 -0.0000e+00 -0.0000e+00 -5.9645e-04 -8.4148e-04 -1.0265e-03 0.0000e+00 -1.3082e-03 -1.4204e-03 -1.5181e-03 -1.6032e-03 -1.6769e-03 -1.7401e-03 -1.7934e-03 -1.8374e-03 -1.8724e-03 -1.8987e-03 -1.9167e-03 -1.9267e-03 -1.9289e-03 -1.9236e-03 -1.9110e-03 -1.8915e-03 -1.8653e-03 -1.8328e-03 -1.7943e-03 -1.7502e-03 -1.7007e-03 -1.6465e-03 -1.5878e-03 -1.5251e-03 -1.4589e-03 -1.3897e-03 -1.3180e-03 -1.2443e-03 -1.1691e-03 -1.0931e-03 -1.0167e-03 -9.4045e-04 -8.6496e-04 -7.9071e-04 -7.1822e-04 -6.4795e-04 -5.8037e-04 -5.1587e-04 -4.5482e-04 -3.9752e-04 -3.4423e-04 -2.9513e-04 -2.5036e-04 -2.0996e-04 -1.7393e-04 -1.4218e-04 -1.1457e-04 -9.0909e-05 -7.0932e-05 -5.4346e-05 -4.0822e-05 -3.0008e-05 -2.1546e-05 -1.5076e-05 -1.0255e-05 -6.7618e-06 -4.3086e-06 -2.6436e-06 -1.5555e-06 -8.7371e-07 -4.6601e-07 -2.3460e-07 -1.1071e-07 -4.8578e-08 -1.9638e-08 -7.2350e-09 -2.3987e-09 -7.0510e-10 -1.8056e-10 -3.9443e-11 -7.1691e-12 -1.0519e-12 -1.2013e-13 -1.0210e-14 -6.1114e-16 -2.4055e-17 -5.7120e-19 -7.3329e-21 -4.4207e-23 -1.0416e-25 -7.5241e-29 -1.2021e-32 -2.7158e-37 -4.6386e-43 -2.4405e-50 -1.0519e-59 -4.9304e-72 -1.0219e-88 -4.5575e-112 -3.6494e-146 -9.3800e-199 -4.6007e-286 -0.0000e+00 -0.0000e+00 -0.0000e+00 -0.0000e+00
-6.6201e-04 -9.3405e-04 -1.1396e-03 -1.3087e-03 6.6729e-03 -1.5781e-03 -1.6873e-03 -1.7826e-03 -1.8654e-03 -1.9368e-03 -1.9973e-03 -2.0476e-03 -2.0881e-03 -2.1192e-03 -2.1411e-03 -2.1543e-03 -2.1589e-03 -2.1552e-03 -2.1436e-03 -2.1242e-03 -2.0976e-03 -2.0638e-03 -2.0234e-03 -1.9767e-03 -1.9240e-03 -1.8658e-03 -1.8025e-03 -1.7347e-03 -1.6628e-03 -1.5873e-03 -1.5087e-03 -1.4278e-03 -1.3449e-03 -1.2607e-03 -1.1758e-03 -1.0908e-03 -1.0063e-03 -9.2292e-04 -8.4115e-04 -7.6157e-04 -6.8470e-04 -6.1102e-04 -5.4096e-04 -4.7489e-04 -4.1313e-04 -3.5594e-04 -3.0350e-04 -2.5591e-04 -2.1321e-04 -1.7535e-04 -1.4221e-04 -1.1361e-04 -8.9281e-05 -6.8927e-05 -5.2193e-05 -3.8696e-05 -2.8037e-05 -1.9808e-05 -1.3612e-05 -9.0741e-06 -5.8496e-06 -3.6339e-06 -2.1667e-06 -1.2343e-06 -6.6840e-07 -3.4199e-07 -1.6421e-07 -7.3415e-08 -3.0280e-08 -1.1400e-08 -3.8686e-09 -1.1662e-09 -3.0686e-10 -6.9041e-11 -1.2957e-11 -1.9684e-12 -2.3346e-13 -2.0679e-14 -1.2950e-15 -5.3556e-17 -1.3426e-18 -1.8298e-20 -1.1783e-22 -2.9866e-25 -2.3396e-28 -4.0914e-32 -1.0227e-36 -1.9573e-42 -1.1714e-49 -5.8486e-59 -3.2467e-71 -8.1967e-88 -4.6176e-111 -4.9055e-145 -1.7936e-197 -1.3911e-284 -0.0000e+00 -0.0000e+00 -0.0000e+00 -0.0000e+00 -6.6199e-04 -9.3397e-04 -1.1393e-03 -1.3082e-03 0.0000e+00 -1.5768e-03 -1.6853e-03 -1.7799e-03 -1.8619e-03 -1.9322e-03 -1.9916e-03 -2.0406e-03 -2.0796e-03 -2.1092e-03 -2.1295e-03 -2.1408e-03 -2.1436e-03 -2.1380e-03 -2.1245e-03 -2.1032e-03 -2.0745e-03 -2.0388e-03 -1.9964e-03 -1.9477e-03 -1.8932e-03 -1.8333e-03 -1.7684e-03 -1.6991e-03 -1.6259e-03 -1.5492e-03 -1.4698e-03 -1.3881e-03 -1.3048e-03 -1.2204e-03 -1.1356e-03 -1.0510e-03 -9.6707e-04 -8.8451e-04 -8.0385e-04 -7.2562e-04 -6.5033e-04 -5.7842e-04 -5.1031e-04 -4.4634e-04 -3.8679e-04 -3.3189e-04 -2.8177e-04 -2.3652e-04 -1.9611e-04 -1.6047e-04 -1.2945e-04 -1.0283e-04 -8.0331e-05 -6.1626e-05 -4.6353e-05 -3.4124e-05 -2.4539e-05 -1.7199e-05 -1.1720e-05 -7.7426e-06 -4.9437e-06 -3.0400e-06 -1.7930e-06 -1.0097e-06 -5.4005e-07 -2.7270e-07 -1.2910e-07 -5.6852e-08 -2.3072e-08 -8.5362e-09 -2.8432e-09 -8.4003e-10 -2.1632e-10 -4.7549e-11 -8.7017e-12 -1.2866e-12 -1.4817e-13 -1.2713e-14 -7.6915e-16 -3.0642e-17 -7.3757e-19 -9.6168e-21 -5.9015e-23 -1.4192e-25 -1.0498e-28 -1.7242e-32 -4.0237e-37 -7.1420e-43 -3.9345e-50 -1.7929e-59 -8.9960e-72 -2.0295e-88 -1.0079e-111 -9.2827e-146 -2.8800e-198 -1.8415e-285 -0.0000e+00 -0.0000e+00 -0.0000e+00 -0.0000e+00
-7.1873e-04 -1.0141e-03 -1.2374e-03 -1.4212e-03 -1.5781e-03 9.6246e-03 -1.8332e-03 -1.9373e-03 -2.0278e-03 -2.1060e-03 -2.1726e-03 -2.2281e-03 -2.2731e-03 -2.3080e-03 -2.3330e-03 -2.3485e-03 -2.3548e-03 -2.3522e-03 -2.3410e-03 -2.3215e-03 -2.2939e-03 -2.2588e-03 -2.2163e-03 -2.1669e-03 -2.1111e-03 -2.0492e-03 -1.9817e-03 -1.9091e-03 -1.8320e-03 -1.7509e-03 -1.6663e-03 -1.5789e-03 -1.4893e-03 -1.3980e-03 -1.3059e-03 -1.2134e-03 -1.1212e-03 -1.0301e-03 -9.4052e-04 -8.5317e-04 -7.6859e-04 -6.8732e-04 -6.0985e-04 -5.3660e-04 -4.6796e-04 -4.0421e-04 -3.4558e-04 -2.9222e-04 -2.4418e-04 -2.0145e-04 -1.6391e-04 -1.3139e-04 -1.0363e-04 -8.0311e-05 -6.1058e-05 -4.5462e-05 -3.3086e-05 -2.3485e-05 -1.6220e-05 -1.0869e-05 -7.0459e-06 -4.4028e-06 -2.6415e-06 -1.5148e-06 -8.2600e-07 -4.2577e-07 -2.0605e-07 -9.2890e-08 -3.8654e-08 -1.4690e-08 -5.0356e-09 -1.5343e-09 -4.0839e-10 -9.3017e-11 -1.7687e-11 -2.7251e-12 -3.2815e-13 -2.9544e-14 -1.8830e-15 -7.9381e-17 -2.0319e-18 -2.8328e-20 -1.8703e-22 -4.8729e-25 -3.9359e-28 -7.1232e-32 -1.8510e-36 -3.7031e-42 -2.3330e-49 -1.2372e-58 -7.3821e-71 -2.0352e-87 -1.2799e-110 -1.5668e-144 -6.9238e-197 -7.0065e-284 -0.0000e+00 -0.0000e+00 -0.0000e+00 -0.0000e+00 -7.1870e-04 -1.0140e-03 -1.2370e-03 -1.4204e-03 -1.5768e-03 0.0000e+00 -1.8302e-03 -1.9330e-03 -2.0222e-03 -2.0988e-03 -2.1635e-03 -2.2171e-03 -2.2598e-03 -2.2922e-03 -2.3147e-03 -2.3275e-03 -2.3309e-03 -2.3253e-03 -2.3110e-03 -2.2884e-03 -2.2577e-03 -2.2194e-03 -2.1739e-03 -2.1215e-03 -2.0628e-03 -1.9981e-03 -1.9281e-03 -1.8532e-03 -1.7740e-03 -1.6911e-03 -1.6051e-03 -1.5166e-03 -1.4262e-03 -1.3347e-03 -1.2426e-03 -1.1506e-03 -1.0594e-03 -9.6954e-04 -8.8170e-04 -7.9645e-04 -7.1433e-04 -6.3584e-04 -5.6142e-04 -4.9146e-04 -4.2629e-04 -3.6613e-04 -3.1116e-04 -2.6147e-04 -2.1705e-04 -1.7782e-04 -1.4363e-04 -1.1425e-04 -8.9381e-05 -6.8675e-05 -5.1740e-05 -3.8157e-05 -2.7490e-05 -1.9306e-05 -1.3184e-05 -8.7299e-06 -5.5879e-06 -3.4452e-06 -2.0378e-06 -1.1511e-06 -6.1770e-07 -3.1303e-07 -1.4877e-07 -6.5790e-08 -2.6821e-08 -9.9730e-09 -3.3400e-09 -9.9269e-10 -2.5730e-10 -5.6967e-11 -1.0508e-11 -1.5674e-12 -1.8229e-13 -1.5811e-14 -9.6827e-16 -3.9103e-17 -9.5581e-19 -1.2681e-20 -7.9369e-23 -1.9523e-25 -1.4820e-28 -2.5082e-32 -6.0614e-37 -1.1209e-42 -6.4827e-50 -3.1311e-59 -1.6862e-71 -4.1508e-88 -2.3008e-111 -2.4425e-145 -9.1658e-198 -7.6555e-285 -0.0000e+00 -0.0000e+00 -0.0000e+00 -0.0000e+00
-7.6811e-04 -1.0839e-03 -1.3226e-03 -1.5193e-03 -1.6873e-03 -1.8332e-03 1.3125e-02 -2.0728e-03 -2.1704e-03 -2.2549e-03 -2.3271e-03 -2.3876e-03 -2.4370e-03 -2.4757e-03 -2.5039e-03 -2.5221e-03 -2.5305e-03 -2.5295e-03 -2.5193e-03 -2.5003e-03 -2.4727e-03 -2.4370e-03 -2.3934e-03 -2.3425e-03 -2.2845e-03 -2.2200e-03 -2.1494e-03 -2.0732e-03 -1.9920e-03 -1.9064e-03 -1.8169e-03 -1.7242e-03 -1.6289e-03 -1.5316e-03 -1.4331e-03 -1.3340e-03 -1.2350e-03 -1.1369e-03 -1.0402e-03 -9.4562e-04 -8.5382e-04 -7.6536e-04 -6.8079e-04 -6.0059e-04 -5.2519e-04 -4.5494e-04 -3.9012e-04 -3.3092e-04 -2.7743e-04 -2.2967e-04 -1.8755e-04 -1.5091e-04 -1.1950e-04 -9.2997e-05 -7.1013e-05 -5.3116e-05 -3.8843e-05 -2.7712e-05 -1.9241e-05 -1.2966e-05 -8.4548e-06 -5.3160e-06 -3.2102e-06 -1.8536e-06 -1.0181e-06 -5.2881e-07 -2.5799e-07 -1.1730e-07 -4.9254e-08 -1.8898e-08 -6.5441e-09 -2.0155e-09 -5.4262e-10 -1.2510e-10 -2.4099e-11 -3.7650e-12 -4.6016e-13 -4.2097e-14 -2.7298e-15 -1.1725e-16 -3.0628e-18 -4.3659e-20 -2.9536e-22 -7.9059e-25 -6.5806e-28 -1.2319e-31 -3.3263e-36 -6.9546e-42 -4.6117e-49 -2.5979e-58 -1.6664e-70 -5.0196e-87 -3.5267e-110 -4.9798e-144 -2.6631e-196 -3.5221e-283 -0.0000e+00 -0.0000e+00 -0.0000e+00 -0.0000e+00 -7.6807e-04 -1.0837e-03 -1.3220e-03 -1.5181e-03 -1.6853e-03 -1.8302e-03 0.0000e+00 -2.0666e-03 -2.1622e-03 -2.2444e-03 -2.3139e-03 -2.3715e-03 -2.4176e-03 -2.4527e-03 -2.4772e-03 -2.4914e-03 -2.4956e-03 -2.4903e-03 -2.4756e-03 -2.4520e-03 -2.4199e-03 -2.3795e-03 -2.3315e-03 -2.2761e-03 -2.2139e-03 -2.1453e-03 -2.0710e-03 -1.9914e-03 -1.9072e-03 -1.8189e-03 -1.7273e-03 -1.6329e-03 -1.5365e-03 -1.4387e-03 -1.3403e-03 -1.2419e-03 -1.1442e-03 -1.0480e-03 -9.5375e-04 -8.6223e-04 -7.7400e-04 -6.8957e-04 -6.0945e-04 -5.3405e-04 -4.6372e-04 -3.9873e-04 -3.3927e-04 -2.8545e-04 -2.3727e-04 -1.9467e-04 -1.5747e-04 -1.2546e-04 -9.8319e-05 -7.5678e-05 -5.7126e-05 -4.2215e-05 -3.0481e-05 -2.1456e-05 -1.4688e-05 -9.7519e-06 -6.2599e-06 -3.8713e-06 -2.2974e-06 -1.3023e-06 -7.0150e-07 -3.5695e-07 -1.7040e-07 -7.5717e-08 -3.1030e-08 -1.1603e-08 -3.9099e-09 -1.1699e-09 -3.0548e-10 -6.8180e-11 -1.2689e-11 -1.9112e-12 -2.2468e-13 -1.9723e-14 -1.2240e-15 -5.0171e-17 -1.2469e-18 -1.6856e-20 -1.0776e-22 -2.7151e-25 -2.1184e-28 -3.7001e-32 -9.2740e-37 -1.7896e-42 -1.0882e-49 -5.5792e-59 -3.2292e-71 -8.6855e-88 -5.3804e-111 -6.5922e-145 -2.9962e-197 -3.2737e-284 -0.0000e+00 -0.0000e+00 -0.0000e+00 -0.0000e+00
-8.1108e-04 -1.1446e-03 -1.3968e-03 -1.6048e-03 -1.7826e-03 -1.9373e-03 -2.0728e-03 1.7181e-02 -2.2958e-03 -2.3862e-03 -2.4637e-03 -2.5291e-03 -2.5828e-03 -2.6254e-03 -2.6571e-03 -2.6782e-03 -2.6892e-03 -2.6903e-03 -2.6817e-03 -2.6639e-03 -2.6371e-03 -2.6016e-03 -2.5579e-03 -2.5063e-03 -2.4472e-03 -2.3811e-03 -2.3084e-03 -2.2298e-03 -2.1456e-03 -2.0565e-03 -1.9631e-03 -1.8661e-03 -1.7660e-03 -1.6637e-03 -1.5597e-03 -1.4548e-03 -1.3497e-03 -1.2452e-03 -1.1419e-03 -1.0406e-03 -9.4194e-04 -8.4657e-04 -7.5509e-04 -6.6805e-04 -5.8593e-04 -5.0914e-04 -4.3803e-04 -3.7282e-04 -3.1367e-04 -2.6063e-04 -2.1366e-04 -1.7262e-04 -1.3727e-04 -1.0730e-04 -8.2312e-05 -6.1866e-05 -4.5471e-05 -3.2612e-05 -2.2768e-05 -1.5433e-05 -1.0124e-05 -6.4061e-06 -3.8944e-06 -2.2644e-06 -1.2529e-06 -6.5582e-07 -3.2256e-07 -1.4792e-07 -6.2671e-08 -2.4276e-08 -8.4910e-09 -2.6430e-09 -7.1964e-10 -1.6792e-10 -3.2761e-11 -5.1884e-12 -6.4345e-13 -5.9795e-14 -3.9437e-15 -1.7252e-16 -4.5974e-18 -6.6982e-20 -4.6420e-22 -1.2761e-24 -1.0944e-27 -2.1189e-31 -5.9451e-36 -1.2990e-41 -9.0685e-49 -5.4282e-58 -3.7453e-70 -1.2333e-86 -9.6886e-110 -1.5795e-143 -1.0234e-195 -1.7715e-282 -0.0000e+00 -0.0000e+00 -0.0000e+00 -0.0000e+00 -8.1103e-04 -1.1443e-03 -1.3960e-03 -1.6032e-03 -1.7799e-03 -1.9330e-03 -2.0666e-03 0.0000e+00 -2.2845e-03 -2.3716e-03 -2.4455e-03 -2.5068e-03 -2.5560e-03 -2.5937e-03 -2.6201e-03 -2.6358e-03 -2.6409e-03 -2.6359e-03 -2.6212e-03 -2.5970e-03 -2.5638e-03 -2.5220e-03 -2.4720e-03 -2.4142e-03 -2.3492e-03 -2.2775e-03 -2.1996e-03 -2.1162e-03 -2.0277e-03 -1.9350e-03 -1.8385e-03 -1.7392e-03 -1.6375e-03 -1.5344e-03 -1.4304e-03 -1.3264e-03 -1.2231e-03 -1.1211e-03 -1.0213e-03 -9.2414e-04 -8.3039e-04 -7.4058e-04 -6.5525e-04 -5.7485e-04 -4.9976e-04 -4.3028e-04 -3.6662e-04 -3.0890e-04 -2.5716e-04 -2.1132e-04 -1.7124e-04 -1.3668e-04 -1.0732e-04 -8.2773e-05 -6.2618e-05 -4.6381e-05 -3.3571e-05 -2.3693e-05 -1.6265e-05 -1.0831e-05 -6.9751e-06 -4.3284e-06 -2.5781e-06 -1.4672e-06 -7.9369e-07 -4.0571e-07 -1.9464e-07 -8.6947e-08 -3.5837e-08 -1.3485e-08 -4.5748e-09 -1.3790e-09 -3.6297e-10 -8.1726e-11 -1.5357e-11 -2.3376e-12 -2.7802e-13 -2.4720e-14 -1.5561e-15 -6.4798e-17 -1.6391e-18 -2.2598e-20 -1.4770e-22 -3.8159e-25 -3.0633e-28 -5.5275e-32 -1.4384e-36 -2.8991e-42 -1.8552e-49 -1.0106e-58 -6.2924e-71 -1.8509e-87 -1.2826e-110 -1.8154e-144 -1.0005e-196 -1.4319e-283 -0.0000e+00 -0.0000e+00 -0.0000e+00 -0.0000e+00
-8.4827e-04 -1.1972e-03 -1.4611e-03 -1.6790e-03 -1.8654e-03 -2.0278e-03 -2.1704e-03 -2.2958e-03 2.1800e-02 -2.5017e-03 -2.5843e-03 -2.6545e-03 -2.7126e-03 -2.7591e-03 -2.7945e-03 -2.8190e-03 -2.8330e-03 -2.8367e-03 -2.8304e-03 -2.8145e-03 -2.7892e-03 -2.7548e-03 -2.7118e-03 -2.6605e-03 -2.6013e-03 -2.5346e-03 -2.4609e-03 -2.3807e-03 -2.2946e-03 -2.2031e-03 -2.1068e-03 -2.0064e-03 -1.9025e-03 -1.7959e-03 -1.6872e-03 -1.5772e-03 -1.4667e-03 -1.3563e-03 -1.2470e-03 -1.1393e-03 -1.0341e-03 -9.3205e-04 -8.3379e-04 -7.3994e-04 -6.5106e-04 -5.6763e-04 -4.9004e-04 -4.1859e-04 -3.5350e-04 -2.9488e-04 -2.4272e-04 -1.9693e-04 -1.5729e-04 -1.2351e-04 -9.5204e-05 -7.1913e-05 -5.3130e-05 -3.8311e-05 -2.6899e-05 -1.8340e-05 -1.2105e-05 -7.7091e-06 -4.7181e-06 -2.7626e-06 -1.5398e-06 -8.1222e-07 -4.0272e-07 -1.8625e-07 -7.9617e-08 -3.1130e-08 -1.0997e-08 -3.4591e-09 -9.5233e-10 -2.2484e-10 -4.4421e-11 -7.1301e-12 -8.9703e-13 -8.4659e-14 -5.6775e-15 -2.5291e-16 -6.8744e-18 -1.0235e-19 -7.2654e-22 -2.0513e-24 -1.8125e-27 -3.6298e-31 -1.0583e-35 -2.4174e-41 -1.7772e-48 -1.1308e-57 -8.3965e-70 -3.0248e-86 -2.6587e-109 -5.0090e-143 -3.9368e-195 -8.9320e-282 -0.0000e+00 -0.0000e+00 -0.0000e+00 -0.0000e+00 -8.4821e-04 -1.1968e-03 -1.4601e-03 -1.6769e-03 -1.8619e-03 -2.0222e-03 -2.1622e-03 -2.2845e-03 0.0000e+00 -2.4823e-03 -2.5601e-03 -2.6248e-03 -2.6769e-03 -2.7170e-03 -2.7454e-03 -2.7625e-03 -2.7688e-03 -2.7644e-03 -2.7499e-03 -2.7255e-03 -2.6917e-03 -2.6488e-03 -2.5974e-03 -2.5379e-03 -2.4707e-03 -2.3965e-03 -2.3158e-03 -2.2292e-03 -2.1373e-03 -2.0408e-03 -1.9404e-03 -1.8368e-03 -1.7307e-03 -1.6230e-03 -1.5143e-03 -1.4054e-03 -1.2971e-03 -1.1901e-03 -1.0851e-03 -9.8298e-04 -8.8424e-04 -7.8954e-04 -6.9943e-04 -6.1441e-04 -5.3489e-04 -4.6119e-04 -3.9356e-04 -3.3214e-04 -2.7698e-04 -2.2802e-04 -1.8513e-04 -1.4806e-04 -1.1650e-04 -9.0065e-05 -6.8300e-05 -5.0720e-05 -3.6812e-05 -2.6056e-05 -1.7943e-05 -1.1988e-05 -7.7474e-06 -4.8258e-06 -2.8860e-06 -1.6495e-06 -8.9648e-07 -4.6054e-07 -2.2213e-07 -9.9802e-08 -4.1393e-08 -1.5680e-08 -5.3587e-09 -1.6281e-09 -4.3225e-10 -9.8240e-11 -1.8649e-11 -2.8707e-12 -3.4565e-13 -3.1151e-14 -1.9903e-15 -8.4259e-17 -2.1707e-18 -3.0545e-20 -2.0427e-22 -5.4151e-25 -4.4757e-28 -8.3491e-32 -2.2571e-36 -4.7549e-42 -3.2043e-49 -1.8560e-58 -1.2439e-70 -4.0043e-87 -3.1062e-110 -5.0837e-144 -3.4003e-196 -6.3830e-283 -0.0000e+00 -0.0000e+00 -0.0000e+00 -0.0000e+00
-8.8013e-04 -1.2422e-03 -1.5163e-03 -1.7428e-03 -1.9368e-03 -2.1060e-03 -2.2549e-03 -2.3862e-03 -2.5017e-03 2.6989e-02 -2.6903e-03 -2.7651e-03 -2.8276e-03 -2.8784e-03 -2.9177e-03 -2.9459e-03 -2.9633e-03 -2.9701e-03 -2.9667e-03 -2.9534e-03 -2.9304e-03 -2.8980e-03 -2.8566e-03 -2.8065e-03 -2.7480e-03 -2.6818e-03 -2.6080e-03 -2.5274e-03 -2.4403e-03 -2.3473e-03 -2.2491e-03 -2.1463e-03 -2.0395e-03 -1.9294e-03 -1.8168e-03 -1.7024e-03 -1.5870e-03 -1.4714e-03 -1.3564e-03 -1.2428e-03 -1.1313e-03 -1.0227e-03 -9.1774e-04 -8.1709e-04 -7.2137e-04 -6.3112e-04 -5.4682e-04 -4.6885e-04 -3.9749e-04 -3.3292e-04 -2.7519e-04 -2.2424e-04 -1.7992e-04 -1.4194e-04 -1.0994e-04 -8.3467e-05 -6.1991e-05 -4.4946e-05 -3.1737e-05 -2.1766e-05 -1.4456e-05 -9.2651e-06 -5.7083e-06 -3.3659e-06 -1.8898e-06 -1.0044e-06 -5.0202e-07 -2.3412e-07 -1.0097e-07 -3.9845e-08 -1.4213e-08 -4.5172e-09 -1.2573e-09 -3.0032e-10 -6.0073e-11 -9.7709e-12 -1.2469e-12 -1.1949e-13 -8.1477e-15 -3.6955e-16 -1.0245e-17 -1.5589e-19 -1.1334e-21 -3.2867e-24 -2.9925e-27 -6.1995e-31 -1.8790e-35 -4.4879e-41 -3.4757e-48 -2.3521e-57 -1.8805e-69 -7.4153e-86 -7.2984e-109 -1.5904e-142 -1.5179e-194 -4.5207e-281 -0.0000e+00 -0.0000e+00 -0.0000e+00 -0.0000e+00 -8.8005e-04 -1.2417e-03 -1.5150e-03 -1.7401e-03 -1.9322e-03 -2.0988e-03 -2.2444e-03 -2.3716e-03 -2.4823e-03 0.0000e+00 -2.6592e-03 -2.7270e-03 -2.7818e-03 -2.8242e-03 -2.8545e-03 -2.8732e-03 -2.8806e-03 -2.8771e-03 -2.8630e-03 -2.8388e-03 -2.8047e-03 -2.7613e-03 -2.7090e-03 -2.6483e-03 -2.5796e-03 -2.5035e-03 -2.4207e-03 -2.3316e-03 -2.2370e-03 -2.1375e-03 -2.0339e-03 -1.9268e-03 -1.8170e-03 -1.7054e-03 -1.5926e-03 -1.4795e-03 -1.3668e-03 -1.2554e-03 -1.1460e-03 -1.0393e-03 -9.3608e-04 -8.3692e-04 -7.4242e-04 -6.5312e-04 -5.6945e-04 -4.9178e-04 -4.2038e-04 -3.5541e-04 -2.9694e-04 -2.4495e-04 -1.9929e-04 -1.5974e-04 -1.2599e-04 -9.7645e-05 -7.4244e-05 -5.5289e-05 -4.0248e-05 -2.8579e-05 -1.9747e-05 -1.3241e-05 -8.5898e-06 -5.3725e-06 -3.2269e-06 -1.8530e-06 -1.0121e-06 -5.2274e-07 -2.5358e-07 -1.1464e-07 -4.7863e-08 -1.8262e-08 -6.2894e-09 -1.9269e-09 -5.1625e-10 -1.1849e-10 -2.2736e-11 -3.5410e-12 -4.3184e-13 -3.9469e-14 -2.5610e-15 -1.1028e-16 -2.8951e-18 -4.1601e-20 -2.8480e-22 -7.7509e-25 -6.5993e-28 -1.2733e-31 -3.5780e-36 -7.8823e-42 -5.5968e-49 -3.4484e-58 -2.4893e-70 -8.7751e-87 -7.6255e-110 -1.4443e-143 -1.1736e-195 -2.8937e-282 -0.0000e+00 -0.0000e+00 -0.0000e+00 -0.0000e+00
-9.0698e-04 -1.2802e-03 -1.5630e-03 -1.7968e-03 -1.9973e-03 -2.1726e-03 -2.3271e-03 -2.4637e-03 -2.5843e-03 -2.6903e-03 3.2759e-02 -2.8620e-03 -2.9290e-03 -2.9841e-03 -3.0276e-03 -3.0598e-03 -3.0811e-03 -3.0917e-03 -3.0918e-03 -3.0818e-03 -3.0618e-03 -3.0322e-03 -2.9932e-03 -2.9452e-03 -2.8886e-03 -2.8237e-03 -2.7509e-03 -2.6707e-03 -2.5837e-03 -2.4903e-03 -2.3911e-03 -2.2867e-03 -2.1778e-03 -2.0651e-03 -1.9494e-03 -1.8313e-03 -1.7117e-03 -1.5913e-03 -1.4711e-03 -1.3518e-03 -1.2343e-03 -1.1193e-03 -1.0077e-03 -9.0021e-04 -7.9752e-04 -7.0027e-04 -6.0900e-04 -5.2419e-04 -4.4619e-04 -3.7525e-04 -3.1150e-04 -2.5496e-04 -2.0550e-04 -1.6290e-04 -1.2680e-04 -9.6753e-05 -7.2238e-05 -5.2663e-05 -3.7397e-05 -2.5800e-05 -1.7240e-05 -1.1120e-05 -6.8969e-06 -4.0949e-06 -2.3157e-06 -1.2401e-06 -6.2474e-07 -2.9377e-07 -1.2780e-07 -5.0897e-08 -1.8332e-08 -5.8860e-09 -1.6562e-09 -4.0017e-10 -8.1036e-11 -1.3355e-11 -1.7286e-12 -1.6821e-13 -1.1661e-14 -5.3853e-16 -1.5228e-17 -2.3679e-19 -1.7636e-21 -5.2536e-24 -4.9299e-27 -1.0568e-30 -3.3304e-35 -8.3206e-41 -6.7911e-48 -4.8898e-57 -4.2116e-69 -1.8191e-85 -2.0063e-108 -5.0615e-142 -5.8729e-194 -2.2995e-280 -0.0000e+00 -0.0000e+00 -0.0000e+00 -0.0000e+00 -9.0687e-04 -1.2796e-03 -1.5614e-03 -1.7934e-03 -1.9916e-03 -2.1635e-03 -2.3139e-03 -2.4455e-03 -2.5601e-03 -2.6592e-03 0.0000e+00 -2.8143e-03 -2.8716e-03 -2.9162e-03 -2.9485e-03 -2.9688e-03 -2.9775e-03 -2.9750e-03 -2.9617e-03 -2.9379e-03 -2.9041e-03 -2.8606e-03 -2.8079e-03 -2.7465e-03 -2.6768e-03 -2.5995e-03 -2.5152e-03 -2.4243e-03 -2.3277e-03 -2.2259e-03 -2.1197e-03 -2.0098e-03 -1.8970e-03 -1.7822e-03 -1.6660e-03 -1.5493e-03 -1.4329e-03 -1.3176e-03 -1.2043e-03 -1.0936e-03 -9.8631e-04 -8.8309e-04 -7.8456e-04 -6.9128e-04 -6.0373e-04 -5.2230e-04 -4.4729e-04 -3.7890e-04 -3.1722e-04 -2.6225e-04 -2.1386e-04 -1.7184e-04 -1.3588e-04 -1.0559e-04 -8.0517e-05 -6.0143e-05 -4.3923e-05 -3.1295e-05 -2.1702e-05 -1.4608e-05 -9.5157e-06 -5.9776e-06 -3.6072e-06 -2.0817e-06 -1.1431e-06 -5.9373e-07 -2.8977e-07 -1.3186e-07 -5.5439e-08 -2.1312e-08 -7.3997e-09 -2.2870e-09 -6.1854e-10 -1.4343e-10 -2.7830e-11 -4.3871e-12 -5.4214e-13 -5.0270e-14 -3.3139e-15 -1.4521e-16 -3.8862e-18 -5.7049e-20 -3.9997e-22 -1.1180e-24 -9.8093e-28 -1.9584e-31 -5.7226e-36 -1.3189e-41 -9.8715e-49 -6.4732e-58 -5.0357e-70 -1.9450e-86 -1.8948e-109 -4.1564e-143 -4.1081e-195 -1.3323e-281 -0.0000e+00 -0.0000e+00 -0.0000e+00 -0.0000e+00
-9.2907e-04 -1.3115e-03 -1.6015e-03 -1.8414e-03 -2.0476e-03 -2.2281e-03 -2.3876e-03 -2.5291e-03 -2.6545e-03 -2.7651e-03 -2.8620e-03 3.9119e-02 -3.0175e-03 -3.0771e-03 -3.1251e-03 -3.1617e-03 -3.1873e-03 -3.2021e-03 -3.2064e-03 -3.2003e-03 -3.1841e-03 -3.1580e-03 -3.1224e-03 -3.0775e-03 -3.0235e-03 -2.9609e-03 -2.8901e-03 -2.8114e-03 -2.7254e-03 -2.6325e-03 -2.5332e-03 -2.4283e-03 -2.3182e-03 -2.2037e-03 -2.0855e-03 -1.9644e-03 -1.8412e-03 -1.7166e-03 -1.5916e-03 -1.4670e-03 -1.3437e-03 -1.2225e-03 -1.1043e-03 -9.8995e-04 -8.8017e-04 -7.7570e-04 -6.7717e-04 -5.8516e-04 -5.0011e-04 -4.2237e-04 -3.5214e-04 -2.8951e-04 -2.3443e-04 -1.8671e-04 -1.4605e-04 -1.1201e-04 -8.4073e-05 -6.1626e-05 -4.4010e-05 -3.0541e-05 -2.0532e-05 -1.3328e-05 -8.3204e-06 -4.9741e-06 -2.8331e-06 -1.5286e-06 -7.7608e-07 -3.6794e-07 -1.6145e-07 -6.4885e-08 -2.3595e-08 -7.6530e-09 -2.1767e-09 -5.3201e-10 -1.0906e-10 -1.8212e-11 -2.3908e-12 -2.3624e-13 -1.6651e-14 -7.8306e-16 -2.2586e-17 -3.5898e-19 -2.7394e-21 -8.3839e-24 -8.1101e-27 -1.7994e-30 -5.8980e-35 -1.5419e-40 -1.3268e-47 -1.0170e-56 -9.4411e-69 -4.4693e-85 -5.5280e-108 -1.6161e-141 -2.2824e-193 -1.1768e-279 -0.0000e+00 -0.0000e+00 -0.0000e+00 -0.0000e+00 -9.2894e-04 -1.3108e-03 -1.5995e-03 -1.8374e-03 -2.0406e-03 -2.2171e-03 -2.3715e-03 -2.5068e-03 -2.6248e-03 -2.7270e-03 -2.8143e-03 0.0000e+00 -2.9472e-03 -2.9939e-03 -3.0281e-03 -3.0501e-03 -3.0603e-03 -3.0590e-03 -3.0467e-03 -3.0237e-03 -2.9905e-03 -2.9473e-03 -2.8947e-03 -2.8331e-03 -2.7631e-03 -2.6852e-03 -2.5999e-03 -2.5079e-03 -2.4099e-03 -2.3065e-03 -2.1984e-03 -2.0864e-03 -1.9713e-03 -1.8538e-03 -1.7349e-03 -1.6152e-03 -1.4957e-03 -1.3771e-03 -1.2604e-03 -1.1461e-03 -1.0352e-03 -9.2831e-04 -8.2609e-04 -7.2912e-04 -6.3793e-04 -5.5294e-04 -4.7448e-04 -4.0278e-04 -3.3797e-04 -2.8005e-04 -2.2894e-04 -1.8443e-04 -1.4624e-04 -1.1398e-04 -8.7177e-05 -6.5330e-05 -4.7875e-05 -3.4236e-05 -2.3833e-05 -1.6109e-05 -1.0539e-05 -6.6510e-06 -4.0333e-06 -2.3398e-06 -1.2920e-06 -6.7511e-07 -3.3160e-07 -1.5192e-07 -6.4343e-08 -2.4930e-08 -8.7289e-09 -2.7224e-09 -7.4354e-10 -1.7425e-10 -3.4199e-11 -5.4585e-12 -6.8372e-13 -6.4342e-14 -4.3107e-15 -1.9227e-16 -5.2475e-18 -7.8722e-20 -5.6540e-22 -1.6237e-24 -1.4687e-27 -3.0352e-31 -9.2257e-36 -2.2253e-41 -1.7564e-48 -1.2264e-57 -1.0286e-69 -4.3559e-86 -4.7604e-109 -1.2105e-142 -1.4569e-194 -6.2243e-281 -0.0000e+00 -0.0000e+00 -0.0000e+00 -0.0000e+00
-9.4660e-04 -1.3364e-03 -1.6322e-03 -1.8772e-03 -2.0881e-03 -2.2731e-03 -2.4370e-03 -2.5828e-03 -2.7126e-03 -2.8276e-03 -2.9290e-03 -3.0175e-03 4.6083e-02 -3.1579e-03 -3.2106e-03 -3.2520e-03 -3.2824e-03 -3.3020e-03 -3.3109e-03 -3.3095e-03 -3.2978e-03 -3.2761e-03 -3.2446e-03 -3.2036e-03 -3.1533e-03 -3.0940e-03 -3.0261e-03 -2.9499e-03 -2.8659e-03 -2.7744e-03 -2.6761e-03 -2.5715e-03 -2.4611e-03 -2.3456e-03 -2.2258e-03 -2.1024e-03 -1.9761e-03 -1.8479e-03 -1.7186e-03 -1.5890e-03 -1.4602e-03 -1.3329e-03 -1.2082e-03 -1.0869e-03 -9.6990e-04 -8.5798e-04 -7.5191e-04 -6.5233e-04 -5.5981e-04 -4.7478e-04 -3.9756e-04 -3.2832e-04 -2.6708e-04 -2.1374e-04 -1.6801e-04 -1.2951e-04 -9.7719e-05 -7.2018e-05 -5.1721e-05 -3.6101e-05 -2.4417e-05 -1.5949e-05 -1.0022e-05 -6.0322e-06 -3.4602e-06 -1.8808e-06 -9.6236e-07 -4.5999e-07 -2.0357e-07 -8.2557e-08 -3.0309e-08 -9.9308e-09 -2.8551e-09 -7.0587e-10 -1.4649e-10 -2.4787e-11 -3.3005e-12 -3.3117e-13 -2.3735e-14 -1.1367e-15 -3.3448e-17 -5.4347e-19 -4.2497e-21 -1.3366e-23 -1.3332e-26 -3.0624e-30 -1.0443e-34 -2.8579e-40 -2.5938e-47 -2.1173e-56 -2.1199e-68 -1.1006e-84 -1.5279e-107 -5.1811e-141 -8.9183e-193 -6.0659e-279 -0.0000e+00 -0.0000e+00 -0.0000e+00 -0.0000e+00 -9.4645e-04 -1.3356e-03 -1.6298e-03 -1.8724e-03 -2.0796e-03 -2.2598e-03 -2.4176e-03 -2.5560e-03 -2.6769e-03 -2.7818e-03 -2.8716e-03 -2.9472e-03 0.0000e+00 -3.0579e-03 -3.0939e-03 -3.1177e-03 -3.1295e-03 -3.1297e-03 -3.1187e-03 -3.0968e-03 -3.0644e-03 -3.0220e-03 -2.9700e-03 -2.9087e-03 -2.8389e-03 -2.7609e-03 -2.6753e-03 -2.5828e-03 -2.4841e-03 -2.3797e-03 -2.2704e-03 -2.1569e-03 -2.0401e-03 -1.9207e-03 -1.7996e-03 -1.6776e-03 -1.5555e-03 -1.4342e-03 -1.3145e-03 -1.1971e-03 -1.0830e-03 -9.7280e-04 -8.6720e-04 -7.6683e-04 -6.7223e-04 -5.8386e-04 -5.0209e-04 -4.2718e-04 -3.5929e-04 -2.9847e-04 -2.4464e-04 -1.9763e-04 -1.5716e-04 -1.2287e-04 -9.4286e-05 -7.0900e-05 -5.2147e-05 -3.7434e-05 -2.6166e-05 -1.7762e-05 -1.1674e-05 -7.4031e-06 -4.5126e-06 -2.6323e-06 -1.4620e-06 -7.6868e-07 -3.8006e-07 -1.7536e-07 -7.4835e-08 -2.9231e-08 -1.0324e-08 -3.2502e-09 -8.9666e-10 -2.1243e-10 -4.2183e-11 -6.8190e-12 -8.6601e-13 -8.2731e-14 -5.6345e-15 -2.5589e-16 -7.1240e-18 -1.0925e-19 -8.0405e-22 -2.3729e-24 -2.2134e-27 -4.7364e-31 -1.4981e-35 -3.7832e-41 -3.1503e-48 -2.3431e-57 -2.1202e-69 -9.8495e-86 -1.2085e-108 -3.5657e-142 -5.2322e-194 -2.9497e-280 -0.0000e+00 -0.0000e+00 -0.0000e+00 -0.0000e+00
-9.5975e-04 -1.3552e-03 -1.6554e-03 -1.9045e-03 -2.1192e-03 -2.3080e-03 -2.4757e-03 -2.6254e-03 -2.7591e-03 -2.8784e-03 -2.9841e-03 -3.0771e-03 -3.1579e-03 5.3662e-02 -3.2847e-03 -3.3312e-03 -3.3668e-03 -3.3916e-03 -3.4059e-03 -3.4097e-03 -3.4033e-03 -3.3867e-03 -3.3602e-03 -3.3240e-03 -3.2782e-03 -3.2232e-03 -3.1592e-03 -3.0864e-03 -3.0054e-03 -2.9164e-03 -2.8199e-03 -2.7165e-03 -2.6067e-03 -2.4912e-03 -2.3705e-03 -2.2455e-03 -2.1169e-03 -1.9856e-03 -1.8524e-03 -1.7182e-03 -1.5841e-03 -1.4510e-03 -1.3198e-03 -1.1916e-03 -1.0673e-03 -9.4771e-04 -8.3378e-04 -7.2626e-04 -6.2582e-04 -5.3302e-04 -4.4827e-04 -3.7186e-04 -3.0390e-04 -2.4436e-04 -1.9303e-04 -1.4955e-04 -1.1343e-04 -8.4045e-05 -6.0696e-05 -4.2611e-05 -2.8994e-05 -1.9057e-05 -1.2053e-05 -7.3036e-06 -4.2191e-06 -2.3103e-06 -1.1913e-06 -5.7405e-07 -2.5623e-07 -1.0485e-07 -3.8865e-08 -1.2863e-08 -3.7383e-09 -9.3492e-10 -1.9643e-10 -3.3679e-11 -4.5490e-12 -4.6356e-13 -3.3787e-14 -1.6481e-15 -4.9481e-17 -8.2204e-19 -6.5884e-21 -2.1299e-23 -2.1911e-26 -5.2124e-30 -1.8500e-34 -5.3012e-40 -5.0770e-47 -4.4158e-56 -4.7710e-68 -2.7185e-84 -4.2390e-107 -1.6691e-140 -3.5065e-192 -3.1520e-278 -0.0000e+00 -0.0000e+00 -0.0000e+00 -0.0000e+00 -9.5957e-04 -1.3541e-03 -1.6526e-03 -1.8987e-03 -2.1092e-03 -2.2922e-03 -2.4527e-03 -2.5937e-03 -2.7170e-03 -2.8242e-03 -2.9162e-03 -2.9939e-03 -3.0579e-03 0.0000e+00 -3.1466e-03 -3.1721e-03 -3.1856e-03 -3.1875e-03 -3.1780e-03 -3.1575e-03 -3.1264e-03 -3.0852e-03 -3.0341e-03 -2.9738e-03 -2.9046e-03 -2.8271e-03 -2.7418e-03 -2.6494e-03 -2.5505e-03 -2.4458e-03 -2.3359e-03 -2.2217e-03 -2.1038e-03 -1.9831e-03 -1.8604e-03 -1.7366e-03 -1.6125e-03 -1.4889e-03 -1.3667e-03 -1.2468e-03 -1.1299e-03 -1.0167e-03 -9.0804e-04 -8.0453e-04 -7.0674e-04 -6.1517e-04 -5.3023e-04 -4.5221e-04 -3.8130e-04 -3.1759e-04 -2.6104e-04 -2.1151e-04 -1.6872e-04 -1.3233e-04 -1.0190e-04 -7.6903e-05 -5.6779e-05 -4.0924e-05 -2.8728e-05 -1.9589e-05 -1.2936e-05 -8.2453e-06 -5.0530e-06 -2.9643e-06 -1.6564e-06 -8.7652e-07 -4.3636e-07 -2.0281e-07 -8.7227e-08 -3.4357e-08 -1.2243e-08 -3.8914e-09 -1.0847e-09 -2.5983e-10 -5.2217e-11 -8.5508e-12 -1.1013e-12 -1.0683e-13 -7.3981e-15 -3.4218e-16 -9.7199e-18 -1.5241e-19 -1.1497e-21 -3.4881e-24 -3.3561e-27 -7.4383e-31 -2.4490e-35 -6.4776e-41 -5.6927e-48 -4.5126e-57 -4.4073e-69 -2.2477e-85 -3.0985e-108 -1.0619e-141 -1.9023e-193 -1.4178e-279 -0.0000e+00 -0.0000e+00 -0.0000e+00 -0.0000e+00
-9.6868e-04 -1.3680e-03 -1.6714e-03 -1.9234e-03 -2.1411e-03 -2.3330e-03 -2.5039e-03 -2.6571e-03 -2.7945e-03 -2.9177e-03 -3.0276e-03 -3.1251e-03 -3.2106e-03 -3.2847e-03 6.1870e-02 -3.3995e-03 -3.4406e-03 -3.4712e-03 -3.4913e-03 -3.5011e-03 -3.5006e-03 -3.4899e-03 -3.4693e-03 -3.4387e-03 -3.3984e-03 -3.3485e-03 -3.2893e-03 -3.2210e-03 -3.1439e-03 -3.0584e-03 -2.9648e-03 -2.8636e-03 -2.7553e-03 -2.6405e-03 -2.5198e-03 -2.3939e-03 -2.2637e-03 -2.1299e-03 -1.9934e-03 -1.8551e-03 -1.7161e-03 -1.5773e-03 -1.4398e-03 -1.3046e-03 -1.1728e-03 -1.0454e-03 -9.2335e-04 -8.0751e-04 -6.9871e-04 -5.9762e-04 -5.0479e-04 -4.2062e-04 -3.4533e-04 -2.7899e-04 -2.2146e-04 -1.7244e-04 -1.3147e-04 -9.7939e-05 -7.1124e-05 -5.0220e-05 -3.4376e-05 -2.2734e-05 -1.4472e-05 -8.8287e-06 -5.1361e-06 -2.8332e-06 -1.4722e-06 -7.1521e-07 -3.2198e-07 -1.3296e-07 -4.9754e-08 -1.6636e-08 -4.8872e-09 -1.2365e-09 -2.6302e-10 -4.5702e-11 -6.2623e-12 -6.4816e-13 -4.8049e-14 -2.3875e-15 -7.3154e-17 -1.2429e-18 -1.0212e-20 -3.3942e-23 -3.6023e-26 -8.8771e-30 -3.2803e-34 -9.8466e-40 -9.9550e-47 -9.2306e-56 -1.0768e-67 -6.7387e-84 -1.1814e-106 -5.4074e-140 -1.3884e-191 -1.6528e-277 -0.0000e+00 -0.0000e+00 -0.0000e+00 -0.0000e+00 -9.6847e-04 -1.3668e-03 -1.6681e-03 -1.9167e-03 -2.1295e-03 -2.3147e-03 -2.4772e-03 -2.6201e-03 -2.7454e-03 -2.8545e-03 -2.9485e-03 -3.0281e-03 -3.0939e-03 -3.1466e-03 0.0000e+00 -3.2138e-03 -3.2292e-03 -3.2328e-03 -3.2251e-03 -3.2063e-03 -3.1769e-03 -3.1371e-03 -3.0875e-03 -3.0285e-03 -2.9605e-03 -2.8840e-03 -2.7997e-03 -2.7080e-03 -2.6095e-03 -2.5051e-03 -2.3952e-03 -2.2808e-03 -2.1625e-03 -2.0411e-03 -1.9174e-03 -1.7924e-03 -1.6668e-03 -1.5415e-03 -1.4174e-03 -1.2952e-03 -1.1759e-03 -1.0601e-03 -9.4873e-04 -8.4234e-04 -7.4159e-04 -6.4700e-04 -5.5901e-04 -4.7797e-04 -4.0410e-04 -3.3753e-04 -2.7824e-04 -2.2614e-04 -1.8098e-04 -1.4244e-04 -1.1007e-04 -8.3389e-05 -6.1814e-05 -4.4742e-05 -3.1548e-05 -2.1613e-05 -1.4344e-05 -9.1905e-06 -5.6636e-06 -3.3421e-06 -1.8792e-06 -1.0010e-06 -5.0187e-07 -2.3502e-07 -1.0189e-07 -4.0475e-08 -1.4556e-08 -4.6719e-09 -1.3159e-09 -3.1881e-10 -6.4853e-11 -1.0761e-11 -1.4058e-12 -1.3849e-13 -9.7544e-15 -4.5959e-16 -1.3323e-17 -2.1365e-19 -1.6525e-21 -5.1549e-24 -5.1175e-27 -1.1752e-30 -4.0290e-35 -1.1165e-40 -1.0361e-47 -8.7573e-57 -9.2371e-69 -5.1749e-85 -8.0224e-108 -3.1969e-141 -7.0012e-193 -6.9120e-279 -0.0000e+00 -0.0000e+00 -0.0000e+00 -0.0000e+00
-9.7352e-04 -1.3750e-03 -1.6804e-03 -1.9344e-03 -2.1543e-03 -2.3485e-03 -2.5221e-03 -2.6782e-03 -2.8190e-03 -2.9459e-03 -3.0598e-03 -3.1617e-03 -3.2520e-03 -3.3312e-03 -3.3995e-03 7.0725e-02 -3.5043e-03 -3.5410e-03 -3.5675e-03 -3.5838e-03 -3.5899e-03 -3.5859e-03 -3.5718e-03 -3.5477e-03 -3.5138e-03 -3.4700e-03 -3.4166e-03 -3.3537e-03 -3.2815e-03 -3.2004e-03 -3.1106e-03 -3.0126e-03 -2.9068e-03 -2.7936e-03 -2.6738e-03 -2.5479e-03 -2.4167e-03 -2.2810e-03 -2.1418e-03 -1.9998e-03 -1.8562e-03 -1.7121e-03 -1.5684e-03 -1.4264e-03 -1.2871e-03 -1.1516e-03 -1.0212e-03 -8.9666e-04 -7.7905e-04 -6.6915e-04 -5.6767e-04 -4.7513e-04 -3.9188e-04 -3.1809e-04 -2.5373e-04 -1.9856e-04 -1.5217e-04 -1.1396e-04 -8.3220e-05 -5.9099e-05 -4.0694e-05 -2.7080e-05 -1.7350e-05 -1.0656e-05 -6.2428e-06 -3.4691e-06 -1.8166e-06 -8.8973e-07 -4.0400e-07 -1.6834e-07 -6.3606e-08 -2.1486e-08 -6.3810e-09 -1.6333e-09 -3.5181e-10 -6.1955e-11 -8.6133e-12 -9.0561e-13 -6.8291e-14 -3.4573e-15 -1.0813e-16 -1.8790e-18 -1.5831e-20 -5.4113e-23 -5.9266e-26 -1.5134e-29 -5.8244e-34 -1.8322e-39 -1.9564e-46 -1.9349e-55 -2.4388e-67 -1.6775e-83 -3.3092e-106 -1.7629e-139 -5.5409e-191 -8.7537e-277 -0.0000e+00 -0.0000e+00 -0.0000e+00 -0.0000e+00 -9.7328e-04 -1.3736e-03 -1.6766e-03 -1.9267e-03 -2.1408e-03 -2.3275e-03 -2.4914e-03 -2.6358e-03 -2.7625e-03 -2.8732e-03 -2.9688e-03 -3.0501e-03 -3.1177e-03 -3.1721e-03 -3.2138e-03 0.0000e+00 -3.2604e-03 -3.2660e-03 -3.2603e-03 -3.2435e-03 -3.2160e-03 -3.1782e-03 -3.1305e-03 -3.0732e-03 -3.0069e-03 -2.9320e-03 -2.8490e-03 -2.7586e-03 -2.6612e-03 -2.5576e-03 -2.4484e-03 -2.3344e-03 -2.2162e-03 -2.0947e-03 -1.9707e-03 -1.8450e-03 -1.7185e-03 -1.5920e-03 -1.4664e-03 -1.3425e-03 -1.2211e-03 -1.1032e-03 -9.8933e-04 -8.8034e-04 -7.7684e-04 -6.7940e-04 -5.8851e-04 -5.0454e-04 -4.2776e-04 -3.5834e-04 -2.9632e-04 -2.4161e-04 -1.9402e-04 -1.5324e-04 -1.1887e-04 -9.0410e-05 -6.7297e-05 -4.8924e-05 -3.4656e-05 -2.3858e-05 -1.5915e-05 -1.0253e-05 -6.3544e-06 -3.7726e-06 -2.1349e-06 -1.1450e-06 -5.7821e-07 -2.7285e-07 -1.1926e-07 -4.7790e-08 -1.7347e-08 -5.6236e-09 -1.6010e-09 -3.9234e-10 -8.0803e-11 -1.3587e-11 -1.8008e-12 -1.8022e-13 -1.2912e-14 -6.1985e-16 -1.8342e-17 -3.0089e-19 -2.3866e-21 -7.6572e-24 -7.8456e-27 -1.8672e-30 -6.6683e-35 -1.9369e-40 -1.8986e-47 -1.7121e-56 -1.9516e-68 -1.2019e-84 -2.0972e-107 -9.7289e-141 -2.6088e-192 -3.4189e-278 -0.0000e+00 -0.0000e+00 -0.0000e+00 -0.0000e+00
