1.9313e-08 -3.5355e-08 -6.4952e-08 -1.0000e-07 -1.3975e-07 -1.8371e-07 -2.3150e-07 -2.8283e-07 -3.3748e-07 -3.9525e-07 -4.5597e-07 -5.1951e-07 -5.8573e-07 -6.5454e-07 -7.2582e-07 -7.9948e-07 -8.7543e-07 -9.5359e-07 -1.0339e-06 -1.1162e-06 -1.2006e-06 -1.2868e-06 -1.3749e-06 -1.4648e-06 -1.5564e-06 -1.6496e-06 -1.7444e-06 -1.8407e-06 -1.9384e-06 -2.0374e-06 -2.1377e-06 -2.2391e-06 -2.3417e-06 -2.4453e-06 -2.5497e-06 -2.6550e-06 -2.7610e-06 -2.8677e-06 -2.9748e-06 -3.0824e-06 -3.1902e-06 -3.2981e-06 -3.4062e-06 -3.5141e-06 -3.6218e-06 -3.7291e-06 -3.8359e-06 -3.9420e-06 -4.0473e-06 -4.1517e-06 -4.2549e-06 -4.3567e-06 -4.4571e-06 -4.5559e-06 -4.6528e-06 -4.7477e-06 -4.8404e-06 -4.9307e-06 -5.0184e-06 -5.1033e-06 -5.1853e-06 -5.2641e-06 -5.3396e-06 -5.4115e-06 -5.4797e-06 -5.5440e-06 -5.6041e-06 -5.6600e-06 -5.7114e-06 -5.7581e-06 -5.8001e-06 -5.8371e-06 -5.8690e-06 -5.8956e-06 -5.9168e-06 -5.9325e-06 -5.9426e-06 -5.9470e-06 -5.9456e-06 -5.9382e-06 -5.9250e-06 -5.9058e-06 -5.8806e-06 -5.8493e-06 -5.8121e-06 -5.7689e-06 -5.7198e-06 -5.6649e-06 -5.6041e-06 -5.5377e-06 -5.4658e-06 -5.3885e-06 -5.3059e-06 -5.2183e-06 -5.1258e-06 -5.0286e-06 -4.9271e-06 -4.8214e-06 -4.7117e-06 -4.5985e-06 0.0000e+00 3.5355e-08 6.4952e-08 1.0000e-07 1.3975e-07 1.8371e-07 2.3150e-07 2.8283e-07 3.3748e-07 3.9525e-07 4.5597e-07 5.1951e-07 5.8573e-07 6.5454e-07 7.2582e-07 7.9948e-07 8.7543e-07 9.5359e-07 1.0339e-06 1.1162e-06 1.2006e-06 1.2868e-06 1.3749e-06 1.4648e-06 1.5564e-06 1.6496e-06 1.7444e-06 1.8407e-06 1.9384e-06 2.0374e-06 2.1377e-06 2.2391e-06 2.3417e-06 2.4453e-06 2.5497e-06 2.6550e-06 2.7610e-06 2.8677e-06 2.9748e-06 3.0824e-06 3.1902e-06 3.2981e-06 3.4062e-06 3.5141e-06 3.6218e-06 3.7291e-06 3.8359e-06 3.9420e-06 4.0473e-06 4.1517e-06 4.2549e-06 4.3567e-06 4.4571e-06 4.5559e-06 4.6528e-06 4.7477e-06 4.8404e-06 4.9307e-06 5.0184e-06 5.1033e-06 5.1853e-06 5.2641e-06 5.3396e-06 5.4115e-06 5.4797e-06 5.5440e-06 5.6041e-06 5.6600e-06 5.7114e-06 5.7581e-06 5.8001e-06 5.8371e-06 5.8690e-06 5.8956e-06 5.9168e-06 5.9325e-06 5.9426e-06 5.9470e-06 5.9456e-06 5.9382e-06 5.9250e-06 5.9058e-06 5.8806e-06 5.8493e-06 5.8121e-06 5.7689e-06 5.7198e-06 5.6649e-06 5.6041e-06 5.5377e-06 5.4658e-06 5.3885e-06 5.3059e-06 5.2183e-06 5.1258e-06 5.0286e-06 4.9271e-06 4.8214e-06 4.7117e-06 4.5985e-06
-3.5355e-08 1.7572e-07 -1.8371e-07 -2.8284e-07 -3.9528e-07 -5.1961e-07 -6.5477e-07 -7.9997e-07 -9.5453e-07 -1.1179e-06 -1.2897e-06 -1.4694e-06 -1.6567e-06 -1.8513e-06 -2.0529e-06 -2.2613e-06 -2.4761e-06 -2.6972e-06 -2.9243e-06 -3.1572e-06 -3.3958e-06 -3.6398e-06 -3.8889e-06 -4.1432e-06 -4.4022e-06 -4.6658e-06 -4.9339e-06 -5.2062e-06 -5.4825e-06 -5.7626e-06 -6.0463e-06 -6.3332e-06 -6.6233e-06 -6.9162e-06 -7.2117e-06 -7.5096e-06 -7.8094e-06 -8.1110e-06 -8.4140e-06 -8.7182e-06 -9.0232e-06 -9.3286e-06 -9.6341e-06 -9.9393e-06 -1.0244e-05 -1.0547e-05 -1.0849e-05 -1.1150e-05 -1.1448e-05 -1.1743e-05 -1.2035e-05 -1.2323e-05 -1.2607e-05 -1.2886e-05 -1.3160e-05 -1.3428e-05 -1.3691e-05 -1.3946e-05 -1.4194e-05 -1.4434e-05 -1.4666e-05 -1.4889e-05 -1.5103e-05 -1.5306e-05 -1.5499e-05 -1.5681e-05 -1.5851e-05 -1.6009e-05 -1.6154e-05 -1.6287e-05 -1.6405e-05 -1.6510e-05 -1.6600e-05 -1.6675e-05 -1.6735e-05 -1.6780e-05 -1.6808e-05 -1.6821e-05 -1.6817e-05 -1.6796e-05 -1.6758e-05 -1.6704e-05 -1.6633e-05 -1.6544e-05 -1.6439e-05 -1.6317e-05 -1.6178e-05 -1.6023e-05 -1.5851e-05 -1.5663e-05 -1.5460e-05 -1.5241e-05 -1.5007e-05 -1.4760e-05 -1.4498e-05 -1.4223e-05 -1.3936e-05 -1.3637e-05 -1.3327e-05 -1.3007e-05 3.5355e-08 0.0000e+00 1.8371e-07 2.8284e-07 3.9528e-07 5.1961e-07 6.5477e-07 7.9997e-07 9.5453e-07 1.1179e-06 1.2897e-06 1.4694e-06 1.6567e-06 1.8513e-06 2.0529e-06 2.2613e-06 2.4761e-06 2.6972e-06 2.9243e-06 3.1572e-06 3.3958e-06 3.6398e-06 3.8889e-06 4.1432e-06 4.4022e-06 4.6658e-06 4.9339e-06 5.2062e-06 5.4825e-06 5.7626e-06 6.0463e-06 6.3332e-06 6.6233e-06 6.9162e-06 7.2117e-06 7.5096e-06 7.8094e-06 8.1110e-06 8.4140e-06 8.7182e-06 9.0232e-06 9.3286e-06 9.6341e-06 9.9393e-06 1.0244e-05 1.0547e-05 1.0849e-05 1.1150e-05 1.1448e-05 1.1743e-05 1.2035e-05 1.2323e-05 1.2607e-05 1.2886e-05 1.3160e-05 1.3428e-05 1.3691e-05 1.3946e-05 1.4194e-05 1.4434e-05 1.4666e-05 1.4889e-05 1.5103e-05 1.5306e-05 1.5499e-05 1.5681e-05 1.5851e-05 1.6009e-05 1.6154e-05 1.6287e-05 1.6405e-05 1.6510e-05 1.6600e-05 1.6675e-05 1.6735e-05 1.6780e-05 1.6808e-05 1.6821e-05 1.6817e-05 1.6796e-05 1.6758e-05 1.6704e-05 1.6633e-05 1.6544e-05 1.6439e-05 1.6317e-05 1.6178e-05 1.6023e-05 1.5851e-05 1.5663e-05 1.5460e-05 1.5241e-05 1.5007e-05 1.4760e-05 1.4498e-05 1.4223e-05 1.3936e-05 1.3637e-05 1.3327e-05 1.3007e-05
-6.4952e-08 -1.8371e-07 8.9062e-07 -5.1961e-07 -7.2618e-07 -9.5458e-07 -1.2029e-06 -1.4696e-06 -1.7536e-06 -2.0538e-06 -2.3693e-06 -2.6994e-06 -3.0436e-06 -3.4011e-06 -3.7715e-06 -4.1542e-06 -4.5489e-06 -4.9550e-06 -5.3722e-06 -5.8002e-06 -6.2384e-06 -6.6866e-06 -7.1444e-06 -7.6115e-06 -8.0873e-06 -8.5717e-06 -9.0642e-06 -9.5644e-06 -1.0072e-05 -1.0587e-05 -1.1108e-05 -1.1635e-05 -1.2168e-05 -1.2706e-05 -1.3249e-05 -1.3796e-05 -1.4347e-05 -1.4901e-05 -1.5458e-05 -1.6016e-05 -1.6577e-05 -1.7138e-05 -1.7699e-05 -1.8260e-05 -1.8819e-05 -1.9377e-05 -1.9932e-05 -2.0483e-05 -2.1030e-05 -2.1573e-05 -2.2109e-05 -2.2638e-05 -2.3160e-05 -2.3673e-05 -2.4177e-05 -2.4670e-05 -2.5151e-05 -2.5620e-05 -2.6076e-05 -2.6518e-05 -2.6944e-05 -2.7353e-05 -2.7745e-05 -2.8119e-05 -2.8473e-05 -2.8807e-05 -2.9120e-05 -2.9410e-05 -2.9677e-05 -2.9920e-05 -3.0138e-05 -3.0330e-05 -3.0496e-05 -3.0634e-05 -3.0745e-05 -3.0826e-05 -3.0879e-05 -3.0901e-05 -3.0894e-05 -3.0856e-05 -3.0787e-05 -3.0687e-05 -3.0556e-05 -3.0394e-05 -3.0201e-05 -2.9976e-05 -2.9721e-05 -2.9436e-05 -2.9120e-05 -2.8775e-05 -2.8401e-05 -2.7999e-05 -2.7570e-05 -2.7115e-05 -2.6634e-05 -2.6130e-05 -2.5602e-05 -2.5053e-05 -2.4483e-05 -2.3894e-05 6.4952e-08 1.8371e-07 0.0000e+00 5.1961e-07 7.2618e-07 9.5458e-07 1.2029e-06 1.4696e-06 1.7536e-06 2.0538e-06 2.3693e-06 2.6994e-06 3.0436e-06 3.4011e-06 3.7715e-06 4.1542e-06 4.5489e-06 4.9550e-06 5.3722e-06 5.8002e-06 6.2384e-06 6.6866e-06 7.1444e-06 7.6115e-06 8.0873e-06 8.5717e-06 9.0642e-06 9.5644e-06 1.0072e-05 1.0587e-05 1.1108e-05 1.1635e-05 1.2168e-05 1.2706e-05 1.3249e-05 1.3796e-05 1.4347e-05 1.4901e-05 1.5458e-05 1.6016e-05 1.6577e-05 1.7138e-05 1.7699e-05 1.8260e-05 1.8819e-05 1.9377e-05 1.9932e-05 2.0483e-05 2.1030e-05 2.1573e-05 2.2109e-05 2.2638e-05 2.3160e-05 2.3673e-05 2.4177e-05 2.4670e-05 2.5151e-05 2.5620e-05 2.6076e-05 2.6518e-05 2.6944e-05 2.7353e-05 2.7745e-05 2.8119e-05 2.8473e-05 2.8807e-05 2.9120e-05 2.9410e-05 2.9677e-05 2.9920e-05 3.0138e-05 3.0330e-05 3.0496e-05 3.0634e-05 3.0745e-05 3.0826e-05 3.0879e-05 3.0901e-05 3.0894e-05 3.0856e-05 3.0787e-05 3.0687e-05 3.0556e-05 3.0394e-05 3.0201e-05 2.9976e-05 2.9721e-05 2.9435e-05 2.9120e-05 2.8775e-05 2.8401e-05 2.7999e-05 2.7570e-05 2.7115e-05 2.6634e-05 2.6130e-05 2.5602e-05 2.5053e-05 2.4483e-05 2.3894e-05
-1.0000e-07 -2.8284e-07 -5.1961e-07 2.8147e-06 -1.1180e-06 -1.4697e-06 -1.8520e-06 -2.2626e-06 -2.6998e-06 -3.1620e-06 -3.6477e-06 -4.1560e-06 -4.6859e-06 -5.2363e-06 -5.8065e-06 -6.3958e-06 -7.0034e-06 -7.6287e-06 -8.2711e-06 -8.9299e-06 -9.6047e-06 -1.0295e-05 -1.1000e-05 -1.1719e-05 -1.2451e-05 -1.3197e-05 -1.3955e-05 -1.4725e-05 -1.5507e-05 -1.6299e-05 -1.7101e-05 -1.7913e-05 -1.8734e-05 -1.9562e-05 -2.0398e-05 -2.1240e-05 -2.2088e-05 -2.2941e-05 -2.3798e-05 -2.4659e-05 -2.5521e-05 -2.6385e-05 -2.7249e-05 -2.8113e-05 -2.8974e-05 -2.9833e-05 -3.0687e-05 -3.1536e-05 -3.2379e-05 -3.3213e-05 -3.4039e-05 -3.4854e-05 -3.5657e-05 -3.6447e-05 -3.7222e-05 -3.7981e-05 -3.8723e-05 -3.9445e-05 -4.0147e-05 -4.0826e-05 -4.1482e-05 -4.2113e-05 -4.2717e-05 -4.3292e-05 -4.3837e-05 -4.4352e-05 -4.4833e-05 -4.5280e-05 -4.5691e-05 -4.6065e-05 -4.6401e-05 -4.6697e-05 -4.6952e-05 -4.7165e-05 -4.7335e-05 -4.7460e-05 -4.7541e-05 -4.7576e-05 -4.7564e-05 -4.7506e-05 -4.7400e-05 -4.7246e-05 -4.7044e-05 -4.6795e-05 -4.6497e-05 -4.6151e-05 -4.5759e-05 -4.5319e-05 -4.4833e-05 -4.4302e-05 -4.3727e-05 -4.3108e-05 -4.2447e-05 -4.1746e-05 -4.1006e-05 -4.0229e-05 -3.9417e-05 -3.8571e-05 -3.7694e-05 -3.6788e-05 1.0000e-07 2.8284e-07 5.1961e-07 0.0000e+00 1.1180e-06 1.4697e-06 1.8520e-06 2.2626e-06 2.6998e-06 3.1620e-06 3.6477e-06 4.1560e-06 4.6859e-06 5.2363e-06 5.8065e-06 6.3958e-06 7.0034e-06 7.6287e-06 8.2711e-06 8.9299e-06 9.6047e-06 1.0295e-05 1.1000e-05 1.1719e-05 1.2451e-05 1.3197e-05 1.3955e-05 1.4725e-05 1.5507e-05 1.6299e-05 1.7101e-05 1.7913e-05 1.8734e-05 1.9562e-05 2.0398e-05 2.1240e-05 2.2088e-05 2.2941e-05 2.3798e-05 2.4659e-05 2.5521e-05 2.6385e-05 2.7249e-05 2.8113e-05 2.8974e-05 2.9833e-05 3.0687e-05 3.1536e-05 3.2379e-05 3.3213e-05 3.4039e-05 3.4854e-05 3.5657e-05 3.6447e-05 3.7222e-05 3.7981e-05 3.8723e-05 3.9445e-05 4.0147e-05 4.0826e-05 4.1482e-05 4.2113e-05 4.2716e-05 4.3292e-05 4.3837e-05 4.4352e-05 4.4833e-05 4.5280e-05 4.5691e-05 4.6065e-05 4.6401e-05 4.6697e-05 4.6952e-05 4.7165e-05 4.7334e-05 4.7460e-05 4.7541e-05 4.7576e-05 4.7564e-05 4.7506e-05 4.7400e-05 4.7246e-05 4.7044e-05 4.6795e-05 4.6497e-05 4.6151e-05 4.5758e-05 4.5319e-05 4.4833e-05 4.4302e-05 4.3726e-05 4.3108e-05 4.2447e-05 4.1746e-05 4.1006e-05 4.0229e-05 3.9417e-05 3.8571e-05 3.7694e-05 3.6788e-05
-1.3975e-07 -3.9528e-07 -7.2618e-07 -1.1180e-06 6.8717e-06 -2.0539e-06 -2.5882e-06 -3.1621e-06 -3.7731e-06 -4.4189e-06 -5.0979e-06 -5.8082e-06 -6.5487e-06 -7.3179e-06 -8.1148e-06 -8.9384e-06 -9.7875e-06 -1.0661e-05 -1.1559e-05 -1.2480e-05 -1.3423e-05 -1.4387e-05 -1.5372e-05 -1.6377e-05 -1.7401e-05 -1.8443e-05 -1.9503e-05 -2.0579e-05 -2.1671e-05 -2.2779e-05 -2.3900e-05 -2.5034e-05 -2.6181e-05 -2.7339e-05 -2.8507e-05 -2.9684e-05 -3.0869e-05 -3.2061e-05 -3.3259e-05 -3.4462e-05 -3.5667e-05 -3.6874e-05 -3.8082e-05 -3.9288e-05 -4.0492e-05 -4.1692e-05 -4.2886e-05 -4.4073e-05 -4.5250e-05 -4.6417e-05 -4.7570e-05 -4.8710e-05 -4.9832e-05 -5.0936e-05 -5.2020e-05 -5.3080e-05 -5.4117e-05 -5.5126e-05 -5.6107e-05 -5.7057e-05 -5.7973e-05 -5.8854e-05 -5.9698e-05 -6.0502e-05 -6.1265e-05 -6.1983e-05 -6.2656e-05 -6.3280e-05 -6.3855e-05 -6.4378e-05 -6.4847e-05 -6.5261e-05 -6.5617e-05 -6.5915e-05 -6.6152e-05 -6.6328e-05 -6.6440e-05 -6.6489e-05 -6.6473e-05 -6.6392e-05 -6.6243e-05 -6.6029e-05 -6.5747e-05 -6.5398e-05 -6.4981e-05 -6.4499e-05 -6.3950e-05 -6.3335e-05 -6.2656e-05 -6.1914e-05 -6.1110e-05 -6.0245e-05 -5.9322e-05 -5.8342e-05 -5.7308e-05 -5.6222e-05 -5.5087e-05 -5.3905e-05 -5.2679e-05 -5.1413e-05 1.3975e-07 3.9528e-07 7.2618e-07 1.1180e-06 0.0000e+00 2.0539e-06 2.5882e-06 3.1621e-06 3.7731e-06 4.4189e-06 5.0979e-06 5.8082e-06 6.5487e-06 7.3179e-06 8.1148e-06 8.9384e-06 9.7875e-06 1.0661e-05 1.1559e-05 1.2480e-05 1.3423e-05 1.4387e-05 1.5372e-05 1.6377e-05 1.7401e-05 1.8443e-05 1.9503e-05 2.0579e-05 2.1671e-05 2.2779e-05 2.3900e-05 2.5034e-05 2.6181e-05 2.7339e-05 2.8507e-05 2.9684e-05 3.0869e-05 3.2061e-05 3.3259e-05 3.4462e-05 3.5667e-05 3.6874e-05 3.8082e-05 3.9288e-05 4.0492e-05 4.1692e-05 4.2886e-05 4.4073e-05 4.5250e-05 4.6417e-05 4.7570e-05 4.8709e-05 4.9832e-05 5.0936e-05 5.2019e-05 5.3080e-05 5.4117e-05 5.5126e-05 5.6107e-05 5.7056e-05 5.7973e-05 5.8854e-05 5.9698e-05 6.0502e-05 6.1264e-05 6.1983e-05 6.2656e-05 6.3280e-05 6.3855e-05 6.4378e-05 6.4847e-05 6.5260e-05 6.5617e-05 6.5914e-05 6.6152e-05 6.6327e-05 6.6440e-05 6.6489e-05 6.6473e-05 6.6391e-05 6.6243e-05 6.6028e-05 6.5746e-05 6.5397e-05 6.4981e-05 6.4498e-05 6.3949e-05 6.3335e-05 6.2656e-05 6.1914e-05 6.1109e-05 6.0245e-05 5.9321e-05 5.8342e-05 5.7308e-05 5.6222e-05 5.5086e-05 5.3904e-05 5.2679e-05 5.1412e-05
-1.8371e-07 -5.1961e-07 -9.5458e-07 -1.4697e-06 -2.0539e-06 1.4249e-05 -3.4023e-06 -4.1567e-06 -4.9598e-06 -5.8088e-06 -6.7013e-06 -7.6351e-06 -8.6084e-06 -9.6196e-06 -1.0667e-05 -1.1750e-05 -1.2866e-05 -1.4015e-05 -1.5195e-05 -1.6405e-05 -1.7645e-05 -1.8912e-05 -2.0207e-05 -2.1528e-05 -2.2874e-05 -2.4244e-05 -2.5637e-05 -2.7052e-05 -2.8488e-05 -2.9943e-05 -3.1417e-05 -3.2908e-05 -3.4415e-05 -3.5937e-05 -3.7473e-05 -3.9020e-05 -4.0578e-05 -4.2146e-05 -4.3720e-05 -4.5301e-05 -4.6885e-05 -4.8472e-05 -5.0060e-05 -5.1646e-05 -5.3228e-05 -5.4805e-05 -5.6375e-05 -5.7935e-05 -5.9483e-05 -6.1016e-05 -6.2533e-05 -6.4030e-05 -6.5506e-05 -6.6957e-05 -6.8381e-05 -6.9776e-05 -7.1138e-05 -7.2465e-05 -7.3754e-05 -7.5002e-05 -7.6207e-05 -7.7366e-05 -7.8475e-05 -7.9532e-05 -8.0534e-05 -8.1479e-05 -8.2363e-05 -8.3184e-05 -8.3939e-05 -8.4627e-05 -8.5243e-05 -8.5787e-05 -8.6255e-05 -8.6647e-05 -8.6959e-05 -8.7190e-05 -8.7338e-05 -8.7402e-05 -8.7381e-05 -8.7274e-05 -8.7079e-05 -8.6797e-05 -8.6426e-05 -8.5967e-05 -8.5420e-05 -8.4786e-05 -8.4064e-05 -8.3256e-05 -8.2364e-05 -8.1388e-05 -8.0331e-05 -7.9195e-05 -7.7981e-05 -7.6693e-05 -7.5334e-05 -7.3906e-05 -7.2414e-05 -7.0860e-05 -6.9249e-05 -6.7585e-05 1.8371e-07 5.1961e-07 9.5458e-07 1.4697e-06 2.0539e-06 0.0000e+00 3.4023e-06 4.1567e-06 4.9598e-06 5.8088e-06 6.7013e-06 7.6351e-06 8.6084e-06 9.6196e-06 1.0667e-05 1.1750e-05 1.2866e-05 1.4015e-05 1.5195e-05 1.6405e-05 1.7645e-05 1.8912e-05 2.0207e-05 2.1528e-05 2.2874e-05 2.4244e-05 2.5637e-05 2.7052e-05 2.8488e-05 2.9943e-05 3.1417e-05 3.2908e-05 3.4415e-05 3.5937e-05 3.7473e-05 3.9020e-05 4.0578e-05 4.2145e-05 4.3720e-05 4.5301e-05 4.6885e-05 4.8472e-05 5.0059e-05 5.1646e-05 5.3228e-05 5.4805e-05 5.6375e-05 5.7935e-05 5.9482e-05 6.1016e-05 6.2532e-05 6.4030e-05 6.5505e-05 6.6957e-05 6.8381e-05 6.9775e-05 7.1138e-05 7.2465e-05 7.3754e-05 7.5002e-05 7.6207e-05 7.7365e-05 7.8474e-05 7.9531e-05 8.0534e-05 8.1478e-05 8.2362e-05 8.3183e-05 8.3939e-05 8.4626e-05 8.5243e-05 8.5786e-05 8.6255e-05 8.6646e-05 8.6958e-05 8.7189e-05 8.7337e-05 8.7401e-05 8.7380e-05 8.7273e-05 8.7078e-05 8.6796e-05 8.6425e-05 8.5966e-05 8.5419e-05 8.4784e-05 8.4063e-05 8.3255e-05 8.2363e-05 8.1387e-05 8.0330e-05 7.9193e-05 7.7980e-05 7.6692e-05 7.5332e-05 7.3905e-05 7.2412e-05 7.0858e-05 6.9247e-05 6.7583e-05
-2.3150e-07 -6.5477e-07 -1.2029e-06 -1.8520e-06 -2.5882e-06 -3.4023e-06 2.6398e-05 -5.2380e-06 -6.2500e-06 -7.3199e-06 -8.4445e-06 -9.6212e-06 -1.0848e-05 -1.2122e-05 -1.3442e-05 -1.4806e-05 -1.6213e-05 -1.7660e-05 -1.9147e-05 -2.0673e-05 -2.2235e-05 -2.3832e-05 -2.5464e-05 -2.7128e-05 -2.8824e-05 -3.0551e-05 -3.2306e-05 -3.4089e-05 -3.5898e-05 -3.7732e-05 -3.9589e-05 -4.1468e-05 -4.3368e-05 -4.5286e-05 -4.7221e-05 -4.9171e-05 -5.1134e-05 -5.3109e-05 -5.5093e-05 -5.7085e-05 -5.9081e-05 -6.1081e-05 -6.3082e-05 -6.5080e-05 -6.7075e-05 -6.9062e-05 -7.1040e-05 -7.3005e-05 -7.4956e-05 -7.6888e-05 -7.8799e-05 -8.0686e-05 -8.2546e-05 -8.4374e-05 -8.6169e-05 -8.7927e-05 -8.9643e-05 -9.1315e-05 -9.2940e-05 -9.4513e-05 -9.6031e-05 -9.7491e-05 -9.8889e-05 -1.0022e-04 -1.0148e-04 -1.0267e-04 -1.0379e-04 -1.0482e-04 -1.0577e-04 -1.0664e-04 -1.0742e-04 -1.0810e-04 -1.0869e-04 -1.0919e-04 -1.0958e-04 -1.0987e-04 -1.1006e-04 -1.1014e-04 -1.1011e-04 -1.0998e-04 -1.0973e-04 -1.0938e-04 -1.0891e-04 -1.0833e-04 -1.0764e-04 -1.0684e-04 -1.0593e-04 -1.0492e-04 -1.0379e-04 -1.0256e-04 -1.0123e-04 -9.9797e-05 -9.8268e-05 -9.6645e-05 -9.4932e-05 -9.3133e-05 -9.1253e-05 -8.9295e-05 -8.7265e-05 -8.5167e-05 2.3150e-07 6.5477e-07 1.2029e-06 1.8520e-06 2.5882e-06 3.4023e-06 0.0000e+00 5.2380e-06 6.2500e-06 7.3199e-06 8.4445e-06 9.6212e-06 1.0848e-05 1.2122e-05 1.3442e-05 1.4806e-05 1.6213e-05 1.7660e-05 1.9147e-05 2.0673e-05 2.2235e-05 2.3832e-05 2.5464e-05 2.7128e-05 2.8824e-05 3.0551e-05 3.2306e-05 3.4089e-05 3.5898e-05 3.7732e-05 3.9589e-05 4.1468e-05 4.3368e-05 4.5286e-05 4.7221e-05 4.9171e-05 5.1134e-05 5.3109e-05 5.5093e-05 5.7085e-05 5.9081e-05 6.1081e-05 6.3081e-05 6.5080e-05 6.7074e-05 6.9062e-05 7.1040e-05 7.3005e-05 7.4956e-05 7.6888e-05 7.8799e-05 8.0686e-05 8.2545e-05 8.4374e-05 8.6169e-05 8.7926e-05 8.9643e-05 9.1315e-05 9.2939e-05 9.4512e-05 9.6031e-05 9.7490e-05 9.8888e-05 1.0022e-04 1.0148e-04 1.0267e-04 1.0379e-04 1.0482e-04 1.0577e-04 1.0664e-04 1.0742e-04 1.0810e-04 1.0869e-04 1.0919e-04 1.0958e-04 1.0987e-04 1.1006e-04 1.1014e-04 1.1011e-04 1.0998e-04 1.0973e-04 1.0937e-04 1.0891e-04 1.0833e-04 1.0764e-04 1.0684e-04 1.0593e-04 1.0491e-04 1.0379e-04 1.0256e-04 1.0123e-04 9.9794e-05 9.8264e-05 9.6641e-05 9.4928e-05 9.3129e-05 9.1249e-05 8.9291e-05 8.7261e-05 8.5163e-05
-2.8283e-07 -7.9997e-07 -1.4696e-06 -2.2626e-06 -3.1621e-06 -4.1567e-06 -5.2380e-06 4.5034e-05 -7.6359e-06 -8.9430e-06 -1.0317e-05 -1.1755e-05 -1.3253e-05 -1.4810e-05 -1.6423e-05 -1.8089e-05 -1.9808e-05 -2.1576e-05 -2.3393e-05 -2.5257e-05 -2.7165e-05 -2.9117e-05 -3.1110e-05 -3.3144e-05 -3.5216e-05 -3.7325e-05 -3.9470e-05 -4.1648e-05 -4.3858e-05 -4.6099e-05 -4.8368e-05 -5.0664e-05 -5.2984e-05 -5.5328e-05 -5.7692e-05 -6.0074e-05 -6.2473e-05 -6.4886e-05 -6.7310e-05 -6.9743e-05 -7.2182e-05 -7.4626e-05 -7.7070e-05 -7.9511e-05 -8.1948e-05 -8.4376e-05 -8.6793e-05 -8.9194e-05 -9.1577e-05 -9.3938e-05 -9.6273e-05 -9.8578e-05 -1.0085e-04 -1.0308e-04 -1.0528e-04 -1.0742e-04 -1.0952e-04 -1.1156e-04 -1.1355e-04 -1.1547e-04 -1.1733e-04 -1.1911e-04 -1.2082e-04 -1.2244e-04 -1.2399e-04 -1.2544e-04 -1.2680e-04 -1.2807e-04 -1.2923e-04 -1.3029e-04 -1.3124e-04 -1.3208e-04 -1.3280e-04 -1.3340e-04 -1.3388e-04 -1.3424e-04 -1.3446e-04 -1.3456e-04 -1.3453e-04 -1.3437e-04 -1.3407e-04 -1.3363e-04 -1.3306e-04 -1.3236e-04 -1.3151e-04 -1.3054e-04 -1.2943e-04 -1.2818e-04 -1.2681e-04 -1.2531e-04 -1.2368e-04 -1.2193e-04 -1.2006e-04 -1.1808e-04 -1.1599e-04 -1.1379e-04 -1.1149e-04 -1.0910e-04 -1.0662e-04 -1.0406e-04 2.8283e-07 7.9997e-07 1.4696e-06 2.2626e-06 3.1621e-06 4.1567e-06 5.2380e-06 0.0000e+00 7.6359e-06 8.9430e-06 1.0317e-05 1.1755e-05 1.3253e-05 1.4810e-05 1.6423e-05 1.8089e-05 1.9808e-05 2.1576e-05 2.3393e-05 2.5257e-05 2.7165e-05 2.9117e-05 3.1110e-05 3.3144e-05 3.5216e-05 3.7325e-05 3.9470e-05 4.1648e-05 4.3858e-05 4.6099e-05 4.8368e-05 5.0664e-05 5.2984e-05 5.5328e-05 5.7692e-05 6.0074e-05 6.2473e-05 6.4885e-05 6.7310e-05 6.9743e-05 7.2182e-05 7.4625e-05 7.7069e-05 7.9511e-05 8.1948e-05 8.4376e-05 8.6792e-05 8.9194e-05 9.1577e-05 9.3937e-05 9.6272e-05 9.8578e-05 1.0085e-04 1.0308e-04 1.0528e-04 1.0742e-04 1.0952e-04 1.1156e-04 1.1355e-04 1.1547e-04 1.1732e-04 1.1911e-04 1.2082e-04 1.2244e-04 1.2399e-04 1.2544e-04 1.2680e-04 1.2807e-04 1.2923e-04 1.3029e-04 1.3124e-04 1.3207e-04 1.3279e-04 1.3340e-04 1.3388e-04 1.3423e-04 1.3446e-04 1.3456e-04 1.3453e-04 1.3436e-04 1.3406e-04 1.3363e-04 1.3306e-04 1.3235e-04 1.3151e-04 1.3053e-04 1.2942e-04 1.2818e-04 1.2680e-04 1.2530e-04 1.2367e-04 1.2192e-04 1.2005e-04 1.1807e-04 1.1598e-04 1.1378e-04 1.1148e-04 1.0909e-04 1.0661e-04 1.0405e-04
-3.3748e-07 -9.5453e-07 -1.7536e-06 -2.6998e-06 -3.7731e-06 -4.9598e-06 -6.2500e-06 -7.6359e-06 7.2136e-05 -1.0671e-05 -1.2310e-05 -1.4026e-05 -1.5814e-05 -1.7671e-05 -1.9596e-05 -2.1584e-05 -2.3635e-05 -2.5745e-05 -2.7913e-05 -3.0137e-05 -3.2414e-05 -3.4743e-05 -3.7121e-05 -3.9548e-05 -4.2020e-05 -4.4537e-05 -4.7096e-05 -4.9695e-05 -5.2332e-05 -5.5006e-05 -5.7714e-05 -6.0453e-05 -6.3222e-05 -6.6018e-05 -6.8838e-05 -7.1681e-05 -7.4543e-05 -7.7422e-05 -8.0315e-05 -8.3218e-05 -8.6129e-05 -8.9044e-05 -9.1961e-05 -9.4874e-05 -9.7782e-05 -1.0068e-04 -1.0356e-04 -1.0643e-04 -1.0927e-04 -1.1209e-04 -1.1487e-04 -1.1763e-04 -1.2034e-04 -1.2300e-04 -1.2562e-04 -1.2818e-04 -1.3068e-04 -1.3312e-04 -1.3549e-04 -1.3778e-04 -1.4000e-04 -1.4212e-04 -1.4416e-04 -1.4610e-04 -1.4795e-04 -1.4968e-04 -1.5131e-04 -1.5281e-04 -1.5420e-04 -1.5546e-04 -1.5660e-04 -1.5760e-04 -1.5846e-04 -1.5918e-04 -1.5975e-04 -1.6017e-04 -1.6045e-04 -1.6057e-04 -1.6053e-04 -1.6033e-04 -1.5997e-04 -1.5945e-04 -1.5877e-04 -1.5793e-04 -1.5693e-04 -1.5576e-04 -1.5444e-04 -1.5295e-04 -1.5131e-04 -1.4952e-04 -1.4758e-04 -1.4549e-04 -1.4326e-04 -1.4090e-04 -1.3840e-04 -1.3578e-04 -1.3304e-04 -1.3018e-04 -1.2722e-04 -1.2417e-04 3.3748e-07 9.5453e-07 1.7536e-06 2.6998e-06 3.7731e-06 4.9598e-06 6.2500e-06 7.6359e-06 0.0000e+00 1.0671e-05 1.2310e-05 1.4026e-05 1.5814e-05 1.7671e-05 1.9596e-05 2.1584e-05 2.3635e-05 2.5745e-05 2.7913e-05 3.0137e-05 3.2414e-05 3.4743e-05 3.7121e-05 3.9548e-05 4.2020e-05 4.4537e-05 4.7096e-05 4.9695e-05 5.2332e-05 5.5006e-05 5.7713e-05 6.0453e-05 6.3222e-05 6.6018e-05 6.8838e-05 7.1681e-05 7.4543e-05 7.7422e-05 8.0315e-05 8.3218e-05 8.6129e-05 8.9044e-05 9.1960e-05 9.4874e-05 9.7781e-05 1.0068e-04 1.0356e-04 1.0643e-04 1.0927e-04 1.1209e-04 1.1487e-04 1.1762e-04 1.2033e-04 1.2300e-04 1.2562e-04 1.2818e-04 1.3068e-04 1.3312e-04 1.3549e-04 1.3778e-04 1.3999e-04 1.4212e-04 1.4416e-04 1.4610e-04 1.4794e-04 1.4968e-04 1.5130e-04 1.5281e-04 1.5420e-04 1.5546e-04 1.5659e-04 1.5759e-04 1.5845e-04 1.5917e-04 1.5974e-04 1.6017e-04 1.6044e-04 1.6056e-04 1.6052e-04 1.6032e-04 1.5996e-04 1.5945e-04 1.5876e-04 1.5792e-04 1.5692e-04 1.5575e-04 1.5443e-04 1.5294e-04 1.5130e-04 1.4951e-04 1.4757e-04 1.4548e-04 1.4325e-04 1.4088e-04 1.3839e-04 1.3576e-04 1.3302e-04 1.3017e-04 1.2721e-04 1.2415e-04
-3.9525e-07 -1.1179e-06 -2.0538e-06 -3.1620e-06 -4.4189e-06 -5.8088e-06 -7.3199e-06 -8.9430e-06 -1.0671e-05 1.0995e-04 -1.4418e-05 -1.6427e-05 -1.8521e-05 -2.0696e-05 -2.2950e-05 -2.5279e-05 -2.7681e-05 -3.0152e-05 -3.2691e-05 -3.5295e-05 -3.7962e-05 -4.0690e-05 -4.3475e-05 -4.6317e-05 -4.9213e-05 -5.2161e-05 -5.5158e-05 -5.8202e-05 -6.1290e-05 -6.4422e-05 -6.7593e-05 -7.0801e-05 -7.4044e-05 -7.7318e-05 -8.0622e-05 -8.3951e-05 -8.7303e-05 -9.0675e-05 -9.4063e-05 -9.7463e-05 -1.0087e-04 -1.0429e-04 -1.0770e-04 -1.1111e-04 -1.1452e-04 -1.1791e-04 -1.2129e-04 -1.2465e-04 -1.2798e-04 -1.3128e-04 -1.3454e-04 -1.3776e-04 -1.4094e-04 -1.4406e-04 -1.4712e-04 -1.5012e-04 -1.5305e-04 -1.5591e-04 -1.5868e-04 -1.6137e-04 -1.6396e-04 -1.6645e-04 -1.6884e-04 -1.7112e-04 -1.7327e-04 -1.7530e-04 -1.7721e-04 -1.7897e-04 -1.8060e-04 -1.8208e-04 -1.8341e-04 -1.8458e-04 -1.8559e-04 -1.8643e-04 -1.8710e-04 -1.8760e-04 -1.8792e-04 -1.8806e-04 -1.8801e-04 -1.8778e-04 -1.8736e-04 -1.8676e-04 -1.8596e-04 -1.8497e-04 -1.8380e-04 -1.8243e-04 -1.8088e-04 -1.7914e-04 -1.7722e-04 -1.7512e-04 -1.7285e-04 -1.7041e-04 -1.6780e-04 -1.6503e-04 -1.6210e-04 -1.5903e-04 -1.5582e-04 -1.5248e-04 -1.4901e-04 -1.4543e-04 3.9525e-07 1.1179e-06 2.0538e-06 3.1620e-06 4.4189e-06 5.8088e-06 7.3199e-06 8.9430e-06 1.0671e-05 0.0000e+00 1.4418e-05 1.6427e-05 1.8521e-05 2.0696e-05 2.2950e-05 2.5279e-05 2.7681e-05 3.0152e-05 3.2691e-05 3.5295e-05 3.7962e-05 4.0690e-05 4.3475e-05 4.6317e-05 4.9213e-05 5.2161e-05 5.5157e-05 5.8202e-05 6.1290e-05 6.4421e-05 6.7592e-05 7.0801e-05 7.4044e-05 7.7318e-05 8.0622e-05 8.3951e-05 8.7303e-05 9.0675e-05 9.4062e-05 9.7463e-05 1.0087e-04 1.0429e-04 1.0770e-04 1.1111e-04 1.1452e-04 1.1791e-04 1.2129e-04 1.2464e-04 1.2797e-04 1.3127e-04 1.3454e-04 1.3776e-04 1.4093e-04 1.4406e-04 1.4712e-04 1.5012e-04 1.5305e-04 1.5591e-04 1.5868e-04 1.6136e-04 1.6396e-04 1.6645e-04 1.6884e-04 1.7111e-04 1.7327e-04 1.7530e-04 1.7720e-04 1.7897e-04 1.8059e-04 1.8207e-04 1.8340e-04 1.8457e-04 1.8557e-04 1.8642e-04 1.8709e-04 1.8758e-04 1.8790e-04 1.8804e-04 1.8800e-04 1.8776e-04 1.8735e-04 1.8674e-04 1.8594e-04 1.8495e-04 1.8378e-04 1.8241e-04 1.8086e-04 1.7912e-04 1.7720e-04 1.7510e-04 1.7283e-04 1.7038e-04 1.6777e-04 1.6500e-04 1.6208e-04 1.5900e-04 1.5579e-04 1.5245e-04 1.4898e-04 1.4540e-04
-4.5597e-07 -1.2897e-06 -2.3693e-06 -3.6477e-06 -5.0979e-06 -6.7013e-06 -8.4445e-06 -1.0317e-05 -1.2310e-05 -1.4418e-05 1.6097e-04 -1.8950e-05 -2.1366e-05 -2.3876e-05 -2.6476e-05 -2.9163e-05 -3.1933e-05 -3.4785e-05 -3.7714e-05 -4.0718e-05 -4.3795e-05 -4.6941e-05 -5.0155e-05 -5.3433e-05 -5.6774e-05 -6.0174e-05 -6.3632e-05 -6.7143e-05 -7.0707e-05 -7.4319e-05 -7.7977e-05 -8.1679e-05 -8.5420e-05 -8.9197e-05 -9.3008e-05 -9.6849e-05 -1.0072e-04 -1.0461e-04 -1.0851e-04 -1.1244e-04 -1.1637e-04 -1.2031e-04 -1.2425e-04 -1.2819e-04 -1.3211e-04 -1.3603e-04 -1.3993e-04 -1.4380e-04 -1.4764e-04 -1.5145e-04 -1.5521e-04 -1.5893e-04 -1.6259e-04 -1.6619e-04 -1.6973e-04 -1.7319e-04 -1.7657e-04 -1.7986e-04 -1.8306e-04 -1.8616e-04 -1.8915e-04 -1.9203e-04 -1.9478e-04 -1.9741e-04 -1.9990e-04 -2.0224e-04 -2.0444e-04 -2.0648e-04 -2.0835e-04 -2.1006e-04 -2.1159e-04 -2.1294e-04 -2.1410e-04 -2.1508e-04 -2.1585e-04 -2.1643e-04 -2.1679e-04 -2.1696e-04 -2.1690e-04 -2.1664e-04 -2.1616e-04 -2.1546e-04 -2.1454e-04 -2.1340e-04 -2.1204e-04 -2.1047e-04 -2.0868e-04 -2.0668e-04 -2.0446e-04 -2.0204e-04 -1.9942e-04 -1.9660e-04 -1.9359e-04 -1.9039e-04 -1.8702e-04 -1.8348e-04 -1.7977e-04 -1.7592e-04 -1.7192e-04 -1.6779e-04 4.5597e-07 1.2897e-06 2.3693e-06 3.6477e-06 5.0979e-06 6.7013e-06 8.4445e-06 1.0317e-05 1.2310e-05 1.4418e-05 0.0000e+00 1.8950e-05 2.1366e-05 2.3876e-05 2.6476e-05 2.9163e-05 3.1933e-05 3.4785e-05 3.7714e-05 4.0718e-05 4.3795e-05 4.6941e-05 5.0155e-05 5.3433e-05 5.6774e-05 6.0174e-05 6.3632e-05 6.7143e-05 7.0707e-05 7.4319e-05 7.7977e-05 8.1678e-05 8.5419e-05 8.9197e-05 9.3008e-05 9.6849e-05 1.0072e-04 1.0461e-04 1.0851e-04 1.1244e-04 1.1637e-04 1.2031e-04 1.2425e-04 1.2818e-04 1.3211e-04 1.3603e-04 1.3992e-04 1.4379e-04 1.4764e-04 1.5144e-04 1.5521e-04 1.5892e-04 1.6259e-04 1.6619e-04 1.6972e-04 1.7318e-04 1.7656e-04 1.7986e-04 1.8306e-04 1.8616e-04 1.8915e-04 1.9202e-04 1.9477e-04 1.9740e-04 1.9989e-04 2.0223e-04 2.0442e-04 2.0646e-04 2.0834e-04 2.1004e-04 2.1157e-04 2.1292e-04 2.1409e-04 2.1506e-04 2.1583e-04 2.1640e-04 2.1677e-04 2.1693e-04 2.1688e-04 2.1661e-04 2.1613e-04 2.1543e-04 2.1451e-04 2.1337e-04 2.1201e-04 2.1044e-04 2.0865e-04 2.0664e-04 2.0443e-04 2.0200e-04 1.9938e-04 1.9656e-04 1.9355e-04 1.9035e-04 1.8698e-04 1.8343e-04 1.7973e-04 1.7587e-04 1.7187e-04 1.6774e-04
-5.1951e-07 -1.4694e-06 -2.6994e-06 -4.1560e-06 -5.8082e-06 -7.6351e-06 -9.6212e-06 -1.1755e-05 -1.4026e-05 -1.6427e-05 -1.8950e-05 2.2799e-04 -2.4343e-05 -2.7203e-05 -3.0165e-05 -3.3227e-05 -3.6383e-05 -3.9632e-05 -4.2969e-05 -4.6392e-05 -4.9897e-05 -5.3482e-05 -5.7144e-05 -6.0879e-05 -6.4685e-05 -6.8560e-05 -7.2499e-05 -7.6500e-05 -8.0560e-05 -8.4675e-05 -8.8843e-05 -9.3060e-05 -9.7323e-05 -1.0163e-04 -1.0597e-04 -1.1035e-04 -1.1475e-04 -1.1918e-04 -1.2364e-04 -1.2811e-04 -1.3259e-04 -1.3707e-04 -1.4156e-04 -1.4605e-04 -1.5053e-04 -1.5499e-04 -1.5942e-04 -1.6384e-04 -1.6821e-04 -1.7255e-04 -1.7684e-04 -1.8107e-04 -1.8525e-04 -1.8935e-04 -1.9338e-04 -1.9732e-04 -2.0118e-04 -2.0493e-04 -2.0858e-04 -2.1211e-04 -2.1552e-04 -2.1879e-04 -2.2193e-04 -2.2492e-04 -2.2776e-04 -2.3043e-04 -2.3293e-04 -2.3525e-04 -2.3739e-04 -2.3934e-04 -2.4108e-04 -2.4262e-04 -2.4395e-04 -2.4505e-04 -2.4594e-04 -2.4659e-04 -2.4702e-04 -2.4720e-04 -2.4714e-04 -2.4684e-04 -2.4629e-04 -2.4549e-04 -2.4445e-04 -2.4315e-04 -2.4161e-04 -2.3981e-04 -2.3778e-04 -2.3549e-04 -2.3297e-04 -2.3021e-04 -2.2723e-04 -2.2401e-04 -2.2059e-04 -2.1694e-04 -2.1310e-04 -2.0907e-04 -2.0485e-04 -2.0046e-04 -1.9590e-04 -1.9120e-04 5.1951e-07 1.4694e-06 2.6994e-06 4.1560e-06 5.8082e-06 7.6351e-06 9.6212e-06 1.1755e-05 1.4026e-05 1.6427e-05 1.8950e-05 0.0000e+00 2.4343e-05 2.7203e-05 3.0165e-05 3.3227e-05 3.6383e-05 3.9632e-05 4.2969e-05 4.6392e-05 4.9897e-05 5.3482e-05 5.7144e-05 6.0879e-05 6.4685e-05 6.8559e-05 7.2499e-05 7.6500e-05 8.0560e-05 8.4675e-05 8.8843e-05 9.3060e-05 9.7322e-05 1.0163e-04 1.0597e-04 1.1034e-04 1.1475e-04 1.1918e-04 1.2364e-04 1.2810e-04 1.3259e-04 1.3707e-04 1.4156e-04 1.4605e-04 1.5052e-04 1.5498e-04 1.5942e-04 1.6383e-04 1.6821e-04 1.7255e-04 1.7683e-04 1.8107e-04 1.8524e-04 1.8935e-04 1.9337e-04 1.9732e-04 2.0117e-04 2.0492e-04 2.0857e-04 2.1210e-04 2.1550e-04 2.1878e-04 2.2192e-04 2.2491e-04 2.2774e-04 2.3041e-04 2.3291e-04 2.3523e-04 2.3737e-04 2.3931e-04 2.4106e-04 2.4259e-04 2.4392e-04 2.4502e-04 2.4591e-04 2.4656e-04 2.4698e-04 2.4716e-04 2.4710e-04 2.4680e-04 2.4625e-04 2.4545e-04 2.4440e-04 2.4310e-04 2.4155e-04 2.3976e-04 2.3772e-04 2.3544e-04 2.3291e-04 2.3015e-04 2.2716e-04 2.2395e-04 2.2052e-04 2.1687e-04 2.1303e-04 2.0899e-04 2.0477e-04 2.0038e-04 1.9582e-04 1.9112e-04
-5.8573e-07 -1.6567e-06 -3.0436e-06 -4.6859e-06 -6.5487e-06 -8.6084e-06 -1.0848e-05 -1.3253e-05 -1.5814e-05 -1.8521e-05 -2.1366e-05 -2.4343e-05 3.1402e-04 -3.0671e-05 -3.4011e-05 -3.7462e-05 -4.1022e-05 -4.4684e-05 -4.8447e-05 -5.2306e-05 -5.6258e-05 -6.0300e-05 -6.4429e-05 -6.8640e-05 -7.2932e-05 -7.7300e-05 -8.1741e-05 -8.6252e-05 -9.0830e-05 -9.5470e-05 -1.0017e-04 -1.0492e-04 -1.0973e-04 -1.1458e-04 -1.1948e-04 -1.2441e-04 -1.2938e-04 -1.3438e-04 -1.3940e-04 -1.4444e-04 -1.4949e-04 -1.5455e-04 -1.5961e-04 -1.6467e-04 -1.6972e-04 -1.7474e-04 -1.7975e-04 -1.8472e-04 -1.8966e-04 -1.9455e-04 -1.9938e-04 -2.0416e-04 -2.0887e-04 -2.1349e-04 -2.1804e-04 -2.2248e-04 -2.2683e-04 -2.3106e-04 -2.3517e-04 -2.3915e-04 -2.4300e-04 -2.4669e-04 -2.5023e-04 -2.5360e-04 -2.5680e-04 -2.5981e-04 -2.6263e-04 -2.6525e-04 -2.6766e-04 -2.6986e-04 -2.7183e-04 -2.7356e-04 -2.7506e-04 -2.7631e-04 -2.7731e-04 -2.7804e-04 -2.7852e-04 -2.7873e-04 -2.7866e-04 -2.7832e-04 -2.7771e-04 -2.7681e-04 -2.7563e-04 -2.7417e-04 -2.7243e-04 -2.7041e-04 -2.6811e-04 -2.6554e-04 -2.6270e-04 -2.5959e-04 -2.5622e-04 -2.5260e-04 -2.4873e-04 -2.4463e-04 -2.4030e-04 -2.3575e-04 -2.3099e-04 -2.2604e-04 -2.2091e-04 -2.1560e-04 5.8573e-07 1.6567e-06 3.0436e-06 4.6859e-06 6.5487e-06 8.6084e-06 1.0848e-05 1.3253e-05 1.5814e-05 1.8521e-05 2.1366e-05 2.4343e-05 0.0000e+00 3.0671e-05 3.4011e-05 3.7462e-05 4.1022e-05 4.4684e-05 4.8447e-05 5.2306e-05 5.6258e-05 6.0300e-05 6.4428e-05 6.8640e-05 7.2931e-05 7.7299e-05 8.1741e-05 8.6252e-05 9.0829e-05 9.5470e-05 1.0017e-04 1.0492e-04 1.0973e-04 1.1458e-04 1.1948e-04 1.2441e-04 1.2938e-04 1.3438e-04 1.3940e-04 1.4444e-04 1.4949e-04 1.5455e-04 1.5961e-04 1.6467e-04 1.6971e-04 1.7474e-04 1.7974e-04 1.8472e-04 1.8965e-04 1.9454e-04 1.9938e-04 2.0415e-04 2.0886e-04 2.1348e-04 2.1802e-04 2.2247e-04 2.2681e-04 2.3104e-04 2.3515e-04 2.3914e-04 2.4298e-04 2.4667e-04 2.5021e-04 2.5358e-04 2.5677e-04 2.5978e-04 2.6260e-04 2.6522e-04 2.6763e-04 2.6982e-04 2.7179e-04 2.7352e-04 2.7501e-04 2.7626e-04 2.7726e-04 2.7799e-04 2.7846e-04 2.7867e-04 2.7860e-04 2.7826e-04 2.7764e-04 2.7674e-04 2.7556e-04 2.7409e-04 2.7235e-04 2.7032e-04 2.6802e-04 2.6545e-04 2.6260e-04 2.5949e-04 2.5612e-04 2.5250e-04 2.4863e-04 2.4452e-04 2.4019e-04 2.3564e-04 2.3088e-04 2.2592e-04 2.2079e-04 2.1548e-04
-6.5454e-07 -1.8513e-06 -3.4011e-06 -5.2363e-06 -7.3179e-06 -9.6196e-06 -1.2122e-05 -1.4810e-05 -1.7671e-05 -2.0696e-05 -2.3876e-05 -2.7203e-05 -3.0671e-05 4.2237e-04 -3.8006e-05 -4.1863e-05 -4.5840e-05 -4.9933e-05 -5.4138e-05 -5.8450e-05 -6.2867e-05 -6.7383e-05 -7.1997e-05 -7.6703e-05 -8.1499e-05 -8.6380e-05 -9.1343e-05 -9.6384e-05 -1.0150e-04 -1.0668e-04 -1.1194e-04 -1.1725e-04 -1.2262e-04 -1.2804e-04 -1.3351e-04 -1.3903e-04 -1.4458e-04 -1.5016e-04 -1.5577e-04 -1.6140e-04 -1.6705e-04 -1.7271e-04 -1.7836e-04 -1.8401e-04 -1.8965e-04 -1.9527e-04 -2.0087e-04 -2.0642e-04 -2.1194e-04 -2.1740e-04 -2.2281e-04 -2.2814e-04 -2.3340e-04 -2.3858e-04 -2.4365e-04 -2.4862e-04 -2.5348e-04 -2.5821e-04 -2.6280e-04 -2.6725e-04 -2.7155e-04 -2.7568e-04 -2.7963e-04 -2.8340e-04 -2.8697e-04 -2.9034e-04 -2.9349e-04 -2.9642e-04 -2.9912e-04 -3.0157e-04 -3.0377e-04 -3.0571e-04 -3.0738e-04 -3.0878e-04 -3.0990e-04 -3.1073e-04 -3.1126e-04 -3.1149e-04 -3.1142e-04 -3.1104e-04 -3.1035e-04 -3.0935e-04 -3.0804e-04 -3.0641e-04 -3.0446e-04 -3.0221e-04 -2.9964e-04 -2.9677e-04 -2.9359e-04 -2.9012e-04 -2.8636e-04 -2.8231e-04 -2.7799e-04 -2.7341e-04 -2.6857e-04 -2.6349e-04 -2.5817e-04 -2.5264e-04 -2.4690e-04 -2.4098e-04 6.5454e-07 1.8513e-06 3.4011e-06 5.2363e-06 7.3179e-06 9.6196e-06 1.2122e-05 1.4810e-05 1.7671e-05 2.0696e-05 2.3876e-05 2.7203e-05 3.0671e-05 0.0000e+00 3.8006e-05 4.1863e-05 4.5840e-05 4.9933e-05 5.4138e-05 5.8450e-05 6.2867e-05 6.7383e-05 7.1997e-05 7.6703e-05 8.1498e-05 8.6379e-05 9.1342e-05 9.6384e-05 1.0150e-04 1.0668e-04 1.1194e-04 1.1725e-04 1.2262e-04 1.2804e-04 1.3351e-04 1.3903e-04 1.4458e-04 1.5016e-04 1.5577e-04 1.6140e-04 1.6705e-04 1.7270e-04 1.7836e-04 1.8401e-04 1.8965e-04 1.9527e-04 2.0086e-04 2.0642e-04 2.1193e-04 2.1739e-04 2.2280e-04 2.2813e-04 2.3339e-04 2.3856e-04 2.4363e-04 2.4860e-04 2.5346e-04 2.5818e-04 2.6278e-04 2.6723e-04 2.7152e-04 2.7564e-04 2.7960e-04 2.8336e-04 2.8693e-04 2.9030e-04 2.9345e-04 2.9637e-04 2.9907e-04 3.0151e-04 3.0371e-04 3.0565e-04 3.0732e-04 3.0871e-04 3.0982e-04 3.1065e-04 3.1117e-04 3.1140e-04 3.1133e-04 3.1094e-04 3.1025e-04 3.0924e-04 3.0792e-04 3.0629e-04 3.0434e-04 3.0208e-04 2.9951e-04 2.9663e-04 2.9345e-04 2.8997e-04 2.8621e-04 2.8216e-04 2.7783e-04 2.7324e-04 2.6840e-04 2.6331e-04 2.5800e-04 2.5246e-04 2.4672e-04 2.4079e-04
-7.2582e-07 -2.0529e-06 -3.7715e-06 -5.8065e-06 -8.1148e-06 -1.0667e-05 -1.3442e-05 -1.6423e-05 -1.9596e-05 -2.2950e-05 -2.6476e-05 -3.0165e-05 -3.4011e-05 -3.8006e-05 5.5660e-04 -4.6422e-05 -5.0832e-05 -5.5371e-05 -6.0033e-05 -6.4815e-05 -6.9713e-05 -7.4721e-05 -7.9837e-05 -8.5056e-05 -9.0374e-05 -9.5787e-05 -1.0129e-04 -1.0688e-04 -1.1255e-04 -1.1830e-04 -1.2413e-04 -1.3002e-04 -1.3597e-04 -1.4199e-04 -1.4805e-04 -1.5417e-04 -1.6032e-04 -1.6652e-04 -1.7274e-04 -1.7898e-04 -1.8524e-04 -1.9151e-04 -1.9779e-04 -2.0405e-04 -2.1031e-04 -2.1654e-04 -2.2274e-04 -2.2891e-04 -2.3502e-04 -2.4108e-04 -2.4708e-04 -2.5299e-04 -2.5883e-04 -2.6456e-04 -2.7019e-04 -2.7570e-04 -2.8109e-04 -2.8633e-04 -2.9143e-04 -2.9636e-04 -3.0113e-04 -3.0571e-04 -3.1009e-04 -3.1427e-04 -3.1824e-04 -3.2197e-04 -3.2547e-04 -3.2872e-04 -3.3171e-04 -3.3443e-04 -3.3687e-04 -3.3903e-04 -3.4088e-04 -3.4243e-04 -3.4367e-04 -3.4459e-04 -3.4518e-04 -3.4544e-04 -3.4537e-04 -3.4495e-04 -3.4419e-04 -3.4308e-04 -3.4162e-04 -3.3981e-04 -3.3766e-04 -3.3516e-04 -3.3232e-04 -3.2913e-04 -3.2561e-04 -3.2176e-04 -3.1759e-04 -3.1311e-04 -3.0832e-04 -3.0324e-04 -2.9788e-04 -2.9224e-04 -2.8635e-04 -2.8022e-04 -2.7385e-04 -2.6728e-04 7.2582e-07 2.0529e-06 3.7715e-06 5.8065e-06 8.1148e-06 1.0667e-05 1.3442e-05 1.6423e-05 1.9596e-05 2.2950e-05 2.6476e-05 3.0165e-05 3.4011e-05 3.8006e-05 0.0000e+00 4.6422e-05 5.0832e-05 5.5371e-05 6.0033e-05 6.4815e-05 6.9713e-05 7.4721e-05 7.9837e-05 8.5056e-05 9.0373e-05 9.5786e-05 1.0129e-04 1.0688e-04 1.1255e-04 1.1830e-04 1.2412e-04 1.3002e-04 1.3597e-04 1.4198e-04 1.4805e-04 1.5417e-04 1.6032e-04 1.6651e-04 1.7273e-04 1.7898e-04 1.8524e-04 1.9151e-04 1.9778e-04 2.0405e-04 2.1030e-04 2.1653e-04 2.2273e-04 2.2889e-04 2.3501e-04 2.4107e-04 2.4706e-04 2.5298e-04 2.5881e-04 2.6454e-04 2.7017e-04 2.7568e-04 2.8106e-04 2.8630e-04 2.9139e-04 2.9633e-04 3.0109e-04 3.0566e-04 3.1004e-04 3.1422e-04 3.1818e-04 3.2191e-04 3.2540e-04 3.2865e-04 3.3163e-04 3.3435e-04 3.3679e-04 3.3893e-04 3.4078e-04 3.4233e-04 3.4356e-04 3.4447e-04 3.4506e-04 3.4531e-04 3.4523e-04 3.4481e-04 3.4404e-04 3.4292e-04 3.4146e-04 3.3964e-04 3.3748e-04 3.3497e-04 3.3212e-04 3.2893e-04 3.2541e-04 3.2155e-04 3.1737e-04 3.1288e-04 3.0809e-04 3.0300e-04 2.9763e-04 2.9199e-04 2.8609e-04 2.7995e-04 2.7359e-04 2.6701e-04
-7.9948e-07 -2.2613e-06 -4.1542e-06 -6.3958e-06 -8.9384e-06 -1.1750e-05 -1.4806e-05 -1.8089e-05 -2.1584e-05 -2.5279e-05 -2.9163e-05 -3.3227e-05 -3.7462e-05 -4.1863e-05 -4.6422e-05 7.2054e-04 -5.5991e-05 -6.0990e-05 -6.6126e-05 -7.1393e-05 -7.6788e-05 -8.2304e-05 -8.7939e-05 -9.3688e-05 -9.9545e-05 -1.0551e-04 -1.1157e-04 -1.1773e-04 -1.2398e-04 -1.3031e-04 -1.3672e-04 -1.4321e-04 -1.4977e-04 -1.5640e-04 -1.6308e-04 -1.6981e-04 -1.7660e-04 -1.8342e-04 -1.9027e-04 -1.9715e-04 -2.0404e-04 -2.1095e-04 -2.1786e-04 -2.2476e-04 -2.3165e-04 -2.3852e-04 -2.4535e-04 -2.5214e-04 -2.5888e-04 -2.6555e-04 -2.7216e-04 -2.7868e-04 -2.8510e-04 -2.9142e-04 -2.9762e-04 -3.0369e-04 -3.0962e-04 -3.1540e-04 -3.2102e-04 -3.2645e-04 -3.3170e-04 -3.3675e-04 -3.4158e-04 -3.4619e-04 -3.5055e-04 -3.5467e-04 -3.5852e-04 -3.6210e-04 -3.6540e-04 -3.6840e-04 -3.7109e-04 -3.7346e-04 -3.7551e-04 -3.7722e-04 -3.7859e-04 -3.7960e-04 -3.8025e-04 -3.8054e-04 -3.8046e-04 -3.8000e-04 -3.7917e-04 -3.7795e-04 -3.7634e-04 -3.7436e-04 -3.7199e-04 -3.6923e-04 -3.6610e-04 -3.6260e-04 -3.5872e-04 -3.5449e-04 -3.4990e-04 -3.4496e-04 -3.3969e-04 -3.3409e-04 -3.2818e-04 -3.2198e-04 -3.1549e-04 -3.0874e-04 -3.0173e-04 -2.9450e-04 7.9948e-07 2.2613e-06 4.1542e-06 6.3958e-06 8.9384e-06 1.1750e-05 1.4806e-05 1.8089e-05 2.1584e-05 2.5279e-05 2.9163e-05 3.3227e-05 3.7462e-05 4.1863e-05 4.6422e-05 0.0000e+00 5.5991e-05 6.0990e-05 6.6126e-05 7.1393e-05 7.6787e-05 8.2304e-05 8.7939e-05 9.3687e-05 9.9545e-05 1.0551e-04 1.1157e-04 1.1773e-04 1.2397e-04 1.3031e-04 1.3672e-04 1.4321e-04 1.4977e-04 1.5639e-04 1.6308e-04 1.6981e-04 1.7659e-04 1.8341e-04 1.9026e-04 1.9714e-04 2.0404e-04 2.1094e-04 2.1785e-04 2.2475e-04 2.3164e-04 2.3850e-04 2.4534e-04 2.5212e-04 2.5886e-04 2.6553e-04 2.7213e-04 2.7865e-04 2.8507e-04 2.9139e-04 2.9758e-04 3.0365e-04 3.0958e-04 3.1536e-04 3.2097e-04 3.2640e-04 3.3164e-04 3.3668e-04 3.4151e-04 3.4611e-04 3.5047e-04 3.5458e-04 3.5843e-04 3.6200e-04 3.6529e-04 3.6828e-04 3.7096e-04 3.7333e-04 3.7537e-04 3.7707e-04 3.7843e-04 3.7943e-04 3.8008e-04 3.8036e-04 3.8027e-04 3.7980e-04 3.7895e-04 3.7772e-04 3.7611e-04 3.7411e-04 3.7173e-04 3.6897e-04 3.6583e-04 3.6231e-04 3.5843e-04 3.5418e-04 3.4958e-04 3.4464e-04 3.3936e-04 3.3375e-04 3.2783e-04 3.2162e-04 3.1513e-04 3.0836e-04 3.0135e-04 2.9411e-04
-8.7543e-07 -2.4761e-06 -4.5489e-06 -7.0034e-06 -9.7875e-06 -1.2866e-05 -1.6213e-05 -1.9808e-05 -2.3635e-05 -2.7681e-05 -3.1933e-05 -3.6383e-05 -4.1022e-05 -4.5840e-05 -5.0832e-05 -5.5991e-05 9.1828e-04 -6.6784e-05 -7.2408e-05 -7.8176e-05 -8.4083e-05 -9.0124e-05 -9.6294e-05 -1.0259e-04 -1.0900e-04 -1.1553e-04 -1.2217e-04 -1.2891e-04 -1.3575e-04 -1.4269e-04 -1.4971e-04 -1.5682e-04 -1.6400e-04 -1.7126e-04 -1.7857e-04 -1.8595e-04 -1.9337e-04 -2.0084e-04 -2.0835e-04 -2.1588e-04 -2.2343e-04 -2.3100e-04 -2.3856e-04 -2.4612e-04 -2.5366e-04 -2.6118e-04 -2.6866e-04 -2.7610e-04 -2.8348e-04 -2.9079e-04 -2.9802e-04 -3.0516e-04 -3.1219e-04 -3.1911e-04 -3.2590e-04 -3.3255e-04 -3.3905e-04 -3.4538e-04 -3.5153e-04 -3.5748e-04 -3.6323e-04 -3.6876e-04 -3.7405e-04 -3.7910e-04 -3.8388e-04 -3.8839e-04 -3.9261e-04 -3.9653e-04 -4.0014e-04 -4.0343e-04 -4.0638e-04 -4.0898e-04 -4.1122e-04 -4.1310e-04 -4.1460e-04 -4.1571e-04 -4.1643e-04 -4.1675e-04 -4.1666e-04 -4.1617e-04 -4.1525e-04 -4.1392e-04 -4.1217e-04 -4.0999e-04 -4.0740e-04 -4.0439e-04 -4.0097e-04 -3.9713e-04 -3.9289e-04 -3.8826e-04 -3.8323e-04 -3.7783e-04 -3.7206e-04 -3.6593e-04 -3.5947e-04 -3.5268e-04 -3.4558e-04 -3.3818e-04 -3.3051e-04 -3.2259e-04 8.7543e-07 2.4761e-06 4.5489e-06 7.0034e-06 9.7875e-06 1.2866e-05 1.6213e-05 1.9808e-05 2.3635e-05 2.7681e-05 3.1933e-05 3.6383e-05 4.1022e-05 4.5840e-05 5.0832e-05 5.5991e-05 0.0000e+00 6.6784e-05 7.2408e-05 7.8176e-05 8.4082e-05 9.0123e-05 9.6294e-05 1.0259e-04 1.0900e-04 1.1553e-04 1.2217e-04 1.2891e-04 1.3575e-04 1.4269e-04 1.4971e-04 1.5682e-04 1.6400e-04 1.7125e-04 1.7857e-04 1.8594e-04 1.9337e-04 2.0084e-04 2.0834e-04 2.1587e-04 2.2342e-04 2.3098e-04 2.3855e-04 2.4611e-04 2.5365e-04 2.6116e-04 2.6864e-04 2.7608e-04 2.8345e-04 2.9076e-04 2.9799e-04 3.0512e-04 3.1215e-04 3.1907e-04 3.2585e-04 3.3250e-04 3.3899e-04 3.4532e-04 3.5146e-04 3.5741e-04 3.6315e-04 3.6867e-04 3.7395e-04 3.7899e-04 3.8377e-04 3.8827e-04 3.9248e-04 3.9639e-04 3.9999e-04 4.0327e-04 4.0621e-04 4.0880e-04 4.1103e-04 4.1289e-04 4.1438e-04 4.1548e-04 4.1619e-04 4.1649e-04 4.1639e-04 4.1588e-04 4.1495e-04 4.1361e-04 4.1184e-04 4.0965e-04 4.0705e-04 4.0402e-04 4.0058e-04 3.9673e-04 3.9248e-04 3.8783e-04 3.8279e-04 3.7738e-04 3.7160e-04 3.6546e-04 3.5898e-04 3.5218e-04 3.4506e-04 3.3766e-04 3.2998e-04 3.2205e-04
